,indexID,time,N,Inf_L,Inf_H,Dead_L,Dead_H,cum_cases_L,cum_cases_H,cum_sum_per_N,Exposed_L,Exposed_H,Sus_L,Sus_H,Rec_nat_L,Rec_nat_H,Rec_vax_L,Rec_vax_H,vaccinatedH,vaccinatedL,boostedH,boostedL,count_Naive,count_Delta,count_Delta_vaccine,count_two,count_three,count_four,count_Omicron,count_Omicron_star,count_Omicron_star_vaccine,count_Omicron_vaccine,count_Vaccine,count_WT,count_WT_vaccine,count_WT_vaccine_boost,count_Omicron_vaccine_boost,count_Delta_vaccine_boost,count_Omicron_star_vaccine_boost,count_Vaccine_boost
0,2539,1.1930286575895281,99996,3,7,0,0,3,8,0.00011000440017600704,23,17,49972,49973,0,1,0,0,0,0,0,0,99995,0,0,0,0,0,0,0,0,0,0,1,0,0,0,0,0,0
1,2539,2.0950653380231428,99996,4,11,0,0,4,12,0.00016000640025601025,25,14,49969,49972,0,1,0,0,0,0,0,0,99995,0,0,0,0,0,0,0,0,0,0,1,0,0,0,0,0,0
2,2539,3.0370034077099644,99996,8,13,0,0,8,17,0.000250010000400016,21,9,49969,49972,0,4,0,0,0,0,0,0,99992,0,0,0,0,0,0,0,0,0,0,4,0,0,0,0,0,0
3,2539,4.052710510372948,99996,10,14,0,0,11,19,0.0003000120004800192,20,8,49967,49971,1,5,0,0,0,0,0,0,99990,0,0,0,0,0,0,0,0,0,0,6,0,0,0,0,0,0
4,2539,5.03526251733397,99996,12,15,0,0,14,23,0.00037001480059202366,18,6,49966,49969,2,8,0,0,0,0,0,0,99986,0,0,0,0,0,0,0,0,0,0,10,0,0,0,0,0,0
5,2539,6.004026876482933,99996,22,18,0,0,24,27,0.0005100204008160326,10,4,49964,49967,2,9,0,0,0,0,0,0,99985,0,0,0,0,0,0,0,0,0,0,11,0,0,0,0,0,0
6,2539,7.018495087691322,99996,24,17,0,0,28,30,0.0005800232009280372,11,4,49959,49964,4,13,0,0,0,0,0,0,99979,0,0,0,0,0,0,0,0,0,0,17,0,0,0,0,0,0
7,2539,8.005462234586707,99996,21,14,0,0,31,31,0.0006200248009920397,11,8,49956,49959,10,17,0,0,0,0,0,0,99969,0,0,0,0,0,0,0,0,0,0,27,0,0,0,0,0,0
8,2539,9.005472433105854,99996,24,12,0,0,36,32,0.0006800272010880435,10,7,49952,49959,12,20,0,0,0,0,0,0,99964,0,0,0,0,0,0,0,0,0,0,32,0,0,0,0,0,0
9,2539,10.111090475852517,99996,29,14,0,0,44,36,0.0008000320012800512,4,4,49950,49958,15,22,0,0,0,0,0,0,99959,0,0,0,0,0,0,0,0,0,0,37,0,0,0,0,0,0
10,2539,11.0008227681889,99996,26,15,0,0,46,39,0.0008500340013600544,5,5,49947,49954,20,24,0,0,0,0,0,0,99952,0,0,0,0,0,0,0,0,0,0,44,0,0,0,0,0,0
11,2539,12.033239957248702,99996,24,14,0,0,47,42,0.000890035601424057,10,6,49941,49950,23,28,0,0,0,0,0,0,99945,0,0,0,0,0,0,0,0,0,0,51,0,0,0,0,0,0
12,2539,13.006983639888608,99996,24,13,0,0,48,44,0.0009200368014720589,15,7,49935,49947,24,31,0,0,0,0,0,0,99941,0,0,0,0,0,0,0,0,0,0,55,0,0,0,0,0,0
13,2539,14.278971222531995,99996,22,11,0,0,50,45,0.0009500380015200608,19,7,49930,49946,27,34,0,0,0,0,0,0,99934,0,0,0,0,0,0,0,0,0,0,62,0,0,0,0,0,0
14,2539,15.22218884877948,99996,24,11,0,0,53,45,0.0009800392015680626,22,7,49924,49946,28,34,0,0,0,0,0,0,99933,0,0,0,0,0,0,0,0,0,0,63,0,0,0,0,0,0
15,2539,16.198062166550375,99996,25,11,0,0,58,46,0.0010400416016640667,21,8,49920,49944,32,35,0,0,0,0,0,0,99928,0,0,0,0,0,0,0,0,0,0,68,0,0,0,0,0,0
16,2539,17.32513489871873,99996,27,11,0,0,66,48,0.001140045601824073,21,7,49912,49943,38,37,0,0,0,0,0,0,99920,0,0,0,0,0,0,0,0,0,0,76,0,0,0,0,0,0
17,2539,18.127980778718122,99996,31,12,0,0,73,50,0.0012300492019680787,16,5,49911,49944,40,37,0,0,0,0,0,0,99916,0,0,0,0,0,0,0,0,0,0,80,0,0,0,0,0,0
18,2539,19.04233667344279,99996,33,12,0,0,79,52,0.0013100524020960838,15,6,49906,49941,44,39,0,0,0,0,0,0,99910,0,0,0,0,0,0,0,0,0,0,86,0,0,0,0,0,0
19,2539,20.010533988243505,99996,37,13,0,0,86,54,0.0014000560022400896,10,7,49904,49938,47,40,0,0,0,0,0,0,99906,0,0,0,0,0,0,0,0,0,0,90,0,0,0,0,0,0
20,2539,21.01649577846976,99996,34,14,0,0,88,55,0.0014300572022880914,15,9,49897,49935,52,40,0,0,0,0,0,0,99901,0,0,0,0,0,0,0,0,0,0,95,0,0,0,0,0,0
21,2539,22.001967021598738,99996,30,16,0,0,90,58,0.0014800592023680947,17,6,49893,49936,58,40,0,0,0,0,0,0,99894,0,0,0,0,0,0,0,0,0,0,102,0,0,0,0,0,0
22,2539,23.182516226707406,99996,31,15,0,0,94,58,0.0015200608024320973,17,10,49889,49933,61,40,0,0,0,0,0,0,99890,0,0,0,0,0,0,0,0,0,0,106,0,0,0,0,0,0
23,2539,24.006327490572044,99996,32,17,0,0,97,60,0.0015700628025121005,19,9,49884,49932,63,40,0,0,0,0,0,0,99888,0,0,0,0,0,0,0,0,0,0,108,0,0,0,0,0,0
24,2539,25.15126284623263,99996,33,13,0,0,102,62,0.001640065602624105,18,9,49880,49930,67,46,0,0,0,0,0,0,99878,0,0,0,0,0,0,0,0,0,0,118,0,0,0,0,0,0
25,2539,26.06320814425929,99995,30,14,0,1,105,65,0.0017000850042502124,19,10,49876,49926,73,47,0,0,0,0,0,0,99870,0,0,0,0,0,0,0,0,0,0,125,0,0,0,0,0,0
26,2539,27.219333997197197,99995,32,15,0,1,109,69,0.0017800890044502224,19,9,49872,49923,75,50,0,0,0,0,0,0,99865,0,0,0,0,0,0,0,0,0,0,130,0,0,0,0,0,0
27,2539,28.180589357661585,99995,31,14,0,1,113,74,0.0018700935046752339,21,7,49866,49920,80,56,0,0,0,0,0,0,99854,0,0,0,0,0,0,0,0,0,0,141,0,0,0,0,0,0
28,2539,29.02680045253036,99995,28,15,0,1,118,76,0.0019400970048502426,26,5,49856,49920,88,57,0,0,0,0,0,0,99845,0,0,0,0,0,0,0,0,0,0,150,0,0,0,0,0,0
29,2539,30.132491092351255,99995,30,12,0,1,124,78,0.0020201010050502526,27,7,49850,49916,91,62,0,0,0,0,0,0,99836,0,0,0,0,0,0,0,0,0,0,159,0,0,0,0,0,0
30,2539,31.12289956310755,99995,38,11,0,1,134,78,0.002120106005300265,21,11,49847,49912,92,63,0,0,0,0,0,0,99833,0,0,0,0,0,0,0,0,0,0,162,0,0,0,0,0,0
31,2539,32.16625020938584,99995,36,9,0,1,138,78,0.00216010800540027,20,13,49844,49910,98,65,0,0,0,0,0,0,99825,0,0,0,0,0,0,0,0,0,0,170,0,0,0,0,0,0
32,2539,33.0049051567915,99995,36,11,0,1,141,81,0.0022201110055502776,19,12,49842,49908,101,66,0,0,0,0,0,0,99821,0,0,0,0,0,0,0,0,0,0,174,0,0,0,0,0,0
33,2539,34.02155671158386,99995,38,10,0,1,149,83,0.00232011600580029,16,17,49838,49901,106,69,0,0,0,0,0,0,99812,0,0,0,0,0,0,0,0,0,0,183,0,0,0,0,0,0
34,2539,35.06145653607483,99995,38,15,0,1,153,88,0.002410120506025301,13,14,49837,49899,110,69,0,0,0,0,0,0,99808,0,0,0,0,0,0,0,0,0,0,187,0,0,0,0,0,0
35,2539,36.06503843435899,99995,37,15,0,1,157,91,0.00248012400620031,17,12,49830,49899,114,71,0,0,0,0,0,0,99800,0,0,0,0,0,0,0,0,0,0,195,0,0,0,0,0,0
36,2539,37.16243761556299,99995,38,11,0,1,161,91,0.002520126006300315,14,14,49830,49897,116,75,0,0,0,0,0,0,99793,0,0,0,0,0,0,0,0,0,0,202,0,0,0,0,0,0
37,2539,38.031067743155035,99995,38,17,0,1,168,97,0.0026501325066253315,13,9,49826,49896,121,75,0,0,0,0,0,0,99786,0,0,0,0,0,0,0,0,0,0,209,0,0,0,0,0,0
38,2539,39.05266031246977,99995,37,17,0,1,171,99,0.0027001350067503375,18,9,49818,49894,125,77,0,0,0,0,0,0,99780,0,0,0,0,0,0,0,0,0,0,215,0,0,0,0,0,0
39,2539,40.0314587203074,99995,41,18,0,1,178,102,0.00280014000700035,17,12,49812,49888,128,79,0,0,0,0,0,0,99775,0,0,0,0,0,0,0,0,0,0,220,0,0,0,0,0,0
40,2539,41.06820506550569,99995,33,21,0,1,182,107,0.0028901445072253614,21,11,49805,49884,139,81,0,0,0,0,0,0,99761,0,0,0,0,0,0,0,0,0,0,234,0,0,0,0,0,0
41,2539,42.07177205357229,99995,37,19,0,1,190,108,0.0029801490074503724,18,13,49800,49881,143,84,0,0,0,0,0,0,99754,0,0,0,0,0,0,0,0,0,0,241,0,0,0,0,0,0
42,2539,43.177878153567406,99995,37,22,0,1,196,113,0.0030901545077253864,16,12,49796,49877,149,86,0,0,0,0,0,0,99746,0,0,0,0,0,0,0,0,0,0,249,0,0,0,0,0,0
43,2539,44.02866067354198,99995,36,24,0,1,197,118,0.003150157507875394,19,12,49792,49872,151,89,0,0,0,0,0,0,99741,0,0,0,0,0,0,0,0,0,0,254,0,0,0,0,0,0
44,2539,45.06912873536904,99995,40,24,0,1,204,122,0.0032601630081504074,24,16,49781,49865,153,92,0,0,0,0,0,0,99734,0,0,0,0,0,0,0,0,0,0,261,0,0,0,0,0,0
45,2539,46.06073609330616,99995,42,24,0,1,209,123,0.003320166008300415,26,19,49774,49861,156,93,0,0,0,0,0,0,99730,0,0,0,0,0,0,0,0,0,0,265,0,0,0,0,0,0
46,2539,47.02705238499423,99995,44,23,0,1,218,131,0.0034901745087254363,29,14,49762,49858,163,102,0,0,0,0,0,0,99714,0,0,0,0,0,0,0,0,0,0,281,0,0,0,0,0,0
47,2539,48.13791896776239,99995,48,27,0,1,224,137,0.0036101805090254513,31,12,49754,49856,165,102,0,0,0,0,0,0,99710,0,0,0,0,0,0,0,0,0,0,285,0,0,0,0,0,0
48,2539,49.125257747328554,99994,46,27,1,1,232,140,0.0037202232133928034,26,14,49751,49851,174,105,0,0,0,0,0,0,99697,0,0,0,0,0,0,0,0,0,0,297,0,0,0,0,0,0
49,2539,50.22632507241758,99994,45,26,1,1,237,143,0.003800228013680821,27,18,49747,49844,178,109,0,0,0,0,0,0,99687,0,0,0,0,0,0,0,0,0,0,307,0,0,0,0,0,0
50,2539,51.23863149673822,99994,45,28,1,1,245,147,0.003920235214112847,26,18,49740,49841,186,110,0,0,0,0,0,0,99677,0,0,0,0,0,0,0,0,0,0,317,0,0,0,0,0,0
51,2539,52.21474716506534,99994,47,27,1,1,252,151,0.0040302418145088705,26,18,49734,49837,190,115,0,0,0,0,0,0,99667,0,0,0,0,0,0,0,0,0,0,327,0,0,0,0,0,0
52,2539,53.28031656564565,99994,52,29,1,1,263,153,0.004160249614976899,19,19,49730,49834,196,115,0,0,0,0,0,0,99661,0,0,0,0,0,0,0,0,0,0,333,0,0,0,0,0,0
53,2539,54.287620992866536,99994,52,32,1,1,272,158,0.0043002580154809286,20,19,49721,49830,204,116,0,0,0,0,0,0,99650,0,0,0,0,0,0,0,0,0,0,344,0,0,0,0,0,0
54,2539,55.16040959195569,99994,48,31,1,1,280,162,0.004420265215912955,16,24,49720,49821,213,121,0,0,0,0,0,0,99633,0,0,0,0,0,0,0,0,0,0,361,0,0,0,0,0,0
55,2539,56.237470390542114,99994,47,38,1,1,287,171,0.00458027481648899,20,20,49710,49816,220,123,0,0,0,0,0,0,99623,0,0,0,0,0,0,0,0,0,0,371,0,0,0,0,0,0
56,2539,57.03115711474093,99994,48,37,1,1,294,178,0.0047202832169930195,23,19,49700,49811,226,130,0,0,0,0,0,0,99609,0,0,0,0,0,0,0,0,0,0,385,0,0,0,0,0,0
57,2539,58.137466797953195,99992,47,35,2,2,299,181,0.004800384030722458,25,21,49695,49807,229,133,0,0,0,0,0,0,99598,0,0,0,0,0,0,0,0,0,0,394,0,0,0,0,0,0
58,2539,59.01812120247625,99992,44,40,2,2,303,189,0.004920393631490519,26,20,49691,49800,235,136,0,0,0,0,0,0,99588,0,0,0,0,0,0,0,0,0,0,404,0,0,0,0,0,0
59,2539,60.06572814876117,99992,44,41,2,2,308,199,0.005070405632450596,30,16,49683,49795,239,144,0,0,0,0,0,0,99574,0,0,0,0,0,0,0,0,0,0,418,0,0,0,0,0,0
60,2539,61.133400122001284,99992,40,39,2,2,314,204,0.005180414433154652,34,19,49675,49787,247,151,0,0,0,0,0,0,99557,0,0,0,0,0,0,0,0,0,0,435,0,0,0,0,0,0
61,2539,62.264027866125026,99992,42,34,2,2,321,207,0.005280422433794703,30,17,49673,49786,251,159,0,0,0,0,0,0,99544,0,0,0,0,0,0,0,0,0,0,448,0,0,0,0,0,0
62,2539,63.035917794168,99992,39,31,2,2,324,210,0.005340427234178735,35,18,49665,49783,257,164,0,0,0,0,0,0,99532,0,0,0,0,0,0,0,0,0,0,460,0,0,0,0,0,0
63,2539,64.20691702272381,99992,38,32,2,2,330,216,0.005460436834946796,37,15,49657,49781,264,168,0,0,0,0,0,0,99520,0,0,0,0,0,0,0,0,0,0,472,0,0,0,0,0,0
64,2539,65.004211059412,99992,38,34,2,2,335,222,0.005570445635650852,42,14,49647,49777,269,171,0,0,0,0,0,0,99511,0,0,0,0,0,0,0,0,0,0,481,0,0,0,0,0,0
65,2539,66.19039564960534,99992,45,35,2,2,344,228,0.005720457636610929,42,16,49638,49770,271,175,0,0,0,0,0,0,99504,0,0,0,0,0,0,0,0,0,0,488,0,0,0,0,0,0
66,2539,67.26879768815255,99992,47,31,2,2,356,232,0.005880470437635011,44,16,49624,49766,281,183,0,0,0,0,0,0,99486,0,0,0,0,0,0,0,0,0,0,506,0,0,0,0,0,0
67,2539,68.04188298937284,99992,52,34,2,2,366,237,0.0060304824385950875,44,13,49615,49764,285,185,0,0,0,0,0,0,99479,0,0,0,0,0,0,0,0,0,0,513,0,0,0,0,0,0
68,2539,69.21653520174945,99992,59,32,2,2,382,242,0.006240499239939195,45,15,49602,49757,290,192,0,0,0,0,0,0,99463,0,0,0,0,0,0,0,0,0,0,529,0,0,0,0,0,0
69,2539,70.2214229578752,99992,58,33,2,2,391,248,0.006390511240899272,48,14,49591,49752,299,197,0,0,0,0,0,0,99448,0,0,0,0,0,0,0,0,0,0,544,0,0,0,0,0,0
70,2539,71.00548199296318,99992,55,30,2,2,397,249,0.006460516841347308,48,17,49586,49750,307,199,0,0,0,0,0,0,99435,0,0,0,0,0,0,0,0,0,0,557,0,0,0,0,0,0
71,2539,72.0184428790301,99992,58,37,2,2,411,259,0.00670053604288343,54,12,49568,49746,316,201,0,0,0,0,0,0,99421,0,0,0,0,0,0,0,0,0,0,571,0,0,0,0,0,0
72,2539,73.0923864484086,99992,67,38,2,2,428,263,0.006910552844227538,53,13,49555,49742,321,203,0,0,0,0,0,0,99410,0,0,0,0,0,0,0,0,0,0,582,0,0,0,0,0,0
73,2539,74.00967439541847,99992,71,35,2,2,442,268,0.007100568045443636,49,17,49546,49733,330,211,0,0,0,0,0,0,99392,0,0,0,0,0,0,0,0,0,0,600,0,0,0,0,0,0
74,2539,75.15339239016865,99992,79,36,2,2,460,273,0.007330586446915754,48,18,49530,49727,339,215,0,0,0,0,0,0,99378,0,0,0,0,0,0,0,0,0,0,614,0,0,0,0,0,0
75,2539,76.26299223126348,99992,90,40,2,2,476,280,0.007560604848387871,43,14,49519,49724,344,218,0,0,0,0,0,0,99370,0,0,0,0,0,0,0,0,0,0,622,0,0,0,0,0,0
76,2539,77.16741071227409,99992,78,36,2,2,482,285,0.0076706136490919275,45,17,49512,49716,361,227,0,0,0,0,0,0,99343,0,0,0,0,0,0,0,0,0,0,649,0,0,0,0,0,0
77,2539,78.1127125455972,99992,82,37,2,2,499,290,0.00789063125050004,40,20,49500,49708,374,231,0,0,0,0,0,0,99326,0,0,0,0,0,0,0,0,0,0,666,0,0,0,0,0,0
78,2539,79.25465727432943,99992,81,35,2,2,509,294,0.008030642451396112,46,23,49484,49703,385,235,0,0,0,0,0,0,99309,0,0,0,0,0,0,0,0,0,0,683,0,0,0,0,0,0
79,2539,80.25144381700969,99991,83,34,3,2,525,297,0.008220739866587994,40,27,49475,49696,397,239,0,0,0,0,0,0,99291,0,0,0,0,0,0,0,0,0,0,700,0,0,0,0,0,0
80,2539,81.24839819216534,99991,78,43,3,2,526,308,0.008340750667560081,48,19,49467,49695,402,239,0,0,0,0,0,0,99283,0,0,0,0,0,0,0,0,0,0,708,0,0,0,0,0,0
81,2539,82.19406679141217,99991,76,44,3,2,532,313,0.008450760568451161,61,20,49449,49690,409,242,0,0,0,0,0,0,99271,0,0,0,0,0,0,0,0,0,0,720,0,0,0,0,0,0
82,2539,83.14107503000176,99991,82,45,3,2,555,321,0.008760788470962387,53,21,49434,49683,426,247,0,0,0,0,0,0,99247,0,0,0,0,0,0,0,0,0,0,744,0,0,0,0,0,0
83,2539,84.0713790840644,99991,74,47,3,2,562,328,0.008900801072096488,55,23,49428,49674,438,252,0,0,0,0,0,0,99227,0,0,0,0,0,0,0,0,0,0,764,0,0,0,0,0,0
84,2539,85.0692353287626,99991,82,49,3,2,584,337,0.009210828974607715,45,18,49418,49671,450,258,0,0,0,0,0,0,99206,0,0,0,0,0,0,0,0,0,0,785,0,0,0,0,0,0
85,2539,86.31224243868428,99991,80,43,3,2,597,342,0.009390845176065846,50,25,49401,49660,464,268,0,0,0,0,0,0,99180,0,0,0,0,0,0,0,0,0,0,811,0,0,0,0,0,0
86,2539,87.31061767523762,99991,79,41,3,2,611,346,0.009570861377523977,56,26,49385,49655,475,274,0,0,0,0,0,0,99159,0,0,0,0,0,0,0,0,0,0,832,0,0,0,0,0,0
87,2539,88.30925826046338,99991,80,44,3,2,622,354,0.009760878479063116,57,20,49378,49653,480,279,0,0,0,0,0,0,99144,0,0,0,0,0,0,0,0,0,0,847,0,0,0,0,0,0
88,2539,89.06778907589637,99991,86,40,3,2,634,360,0.009940894680521247,50,16,49373,49651,486,289,0,0,0,0,0,0,99128,0,0,0,0,0,0,0,0,0,0,863,0,0,0,0,0,0
89,2539,90.0751913766713,99991,92,36,3,2,652,362,0.010140912682141392,50,22,49357,49644,496,294,0,0,0,0,0,0,99110,0,0,0,0,0,0,0,0,0,0,881,0,0,0,0,0,0
90,2539,91.07435814946517,99990,87,42,4,2,664,371,0.010351035103510351,47,20,49348,49638,512,296,0,0,0,0,0,0,99091,0,0,1,0,0,0,0,0,0,0,898,0,0,0,0,0,0
91,2539,92.05965860892914,99990,91,41,4,2,674,377,0.010511051105110511,44,18,49342,49634,517,303,0,0,0,0,0,0,99078,0,0,1,0,0,0,0,0,0,0,911,0,0,0,0,0,0
92,2539,93.07254194787143,99990,82,39,4,2,686,382,0.01068106810681068,46,18,49329,49630,537,309,0,0,0,0,0,0,99050,0,0,1,0,0,0,0,0,0,0,939,0,0,0,0,0,0
93,2539,94.13586334659135,99990,76,37,4,2,696,386,0.010821082108210821,52,27,49313,49619,553,313,0,0,0,0,0,0,99028,0,0,1,0,0,0,0,0,0,0,961,0,0,0,0,0,0
94,2539,95.13603728638488,99990,80,43,4,2,707,395,0.01102110211021102,52,19,49304,49618,558,316,0,0,0,0,0,0,99018,0,0,1,0,0,0,0,0,0,0,971,0,0,0,0,0,0
95,2539,96.20777568033175,99990,83,39,4,2,725,399,0.011241124112411242,47,24,49293,49609,571,324,0,0,0,0,0,0,98995,0,0,1,0,0,0,0,0,0,0,994,0,0,0,0,0,0
96,2539,97.23642777325747,99990,77,39,4,2,736,405,0.011411141114111411,47,19,49284,49608,586,330,0,0,0,0,0,0,98973,0,0,2,0,0,0,0,0,0,0,1015,0,0,0,0,0,0
97,2539,98.25070819128109,99990,77,40,4,2,746,409,0.01155115511551155,42,22,49280,49601,595,333,0,0,0,0,0,0,98960,0,0,2,0,0,0,0,0,0,0,1028,0,0,0,0,0,0
98,2539,99.00256746152647,99990,77,35,4,2,755,414,0.011691169116911692,44,21,49271,49597,602,343,0,0,0,0,0,0,98941,0,0,2,0,0,0,0,0,0,0,1047,0,0,0,0,0,0
99,2539,100.00370131099154,99990,80,36,4,2,769,420,0.01189118911891189,43,18,49262,49596,609,346,0,0,0,0,0,0,98925,0,0,2,0,0,0,0,0,0,0,1063,0,0,0,0,0,0
100,2539,101.27524796287041,99990,82,33,4,2,784,422,0.012061206120612062,41,25,49250,49589,621,349,0,0,0,0,0,0,98907,0,0,2,0,0,0,0,0,0,0,1081,0,0,0,0,0,0
101,2539,102.27685038615387,99990,70,23,4,2,794,426,0.012201220122012201,45,25,49238,49585,641,363,0,0,0,0,0,0,98871,0,0,2,0,0,0,0,0,0,0,1117,0,0,0,0,0,0
102,2539,103.27876606128173,99990,68,27,4,2,801,432,0.012331233123312331,54,25,49227,49579,645,365,0,0,0,0,0,0,98860,0,0,2,0,0,0,0,0,0,0,1128,0,0,0,0,0,0
103,2539,104.28085933373475,99990,58,30,4,2,806,440,0.012461246124612461,57,23,49223,49575,656,368,0,0,0,0,0,0,98840,0,0,2,0,0,0,0,0,0,0,1148,0,0,0,0,0,0
104,2539,105.28308316115499,99990,62,35,4,2,822,448,0.012701270127012701,50,20,49217,49571,665,370,0,0,0,0,0,0,98825,0,0,2,0,0,0,0,0,0,0,1163,0,0,0,0,0,0
105,2539,106.07252593395734,99990,66,36,4,2,829,454,0.012831283128312831,49,16,49215,49570,664,374,0,0,0,0,0,0,98817,0,0,2,0,0,0,0,0,0,0,1171,0,0,0,0,0,0
106,2539,107.02476384929885,99990,70,33,4,2,846,457,0.01303130313031303,44,25,49206,49559,674,379,0,0,0,0,0,0,98798,0,0,2,0,0,0,0,0,0,0,1190,0,0,0,0,0,0
107,2539,108.02730887238376,99990,67,31,4,2,853,460,0.013131313131313131,50,28,49196,49555,681,382,0,0,0,0,0,0,98783,0,0,2,0,0,0,0,0,0,0,1205,0,0,0,0,0,0
108,2539,109.03003166404004,99990,78,32,4,2,872,464,0.013361336133613361,44,28,49184,49551,688,385,0,0,0,0,0,0,98772,0,0,2,0,0,0,0,0,0,0,1216,0,0,0,0,0,0
109,2539,110.0329455201505,99990,78,32,4,2,887,468,0.013551355135513551,43,32,49170,49546,703,386,0,0,0,0,0,0,98753,0,0,2,0,0,0,0,0,0,0,1235,0,0,0,0,0,0
110,2539,111.03611368410543,99990,76,39,4,2,898,480,0.013781378137813782,44,25,49160,49544,714,388,0,0,0,0,0,0,98735,0,0,2,0,0,0,0,0,0,0,1253,0,0,0,0,0,0
111,2539,112.03949497821131,99990,78,37,4,2,916,485,0.014011401140114012,39,24,49148,49541,729,394,0,0,0,0,0,0,98712,0,0,2,0,0,0,0,0,0,0,1276,0,0,0,0,0,0
112,2539,113.04317620432825,99990,79,39,4,2,929,493,0.014221422142214222,41,26,49137,49534,737,397,0,0,0,0,0,0,98694,0,0,2,0,0,0,0,0,0,0,1294,0,0,0,0,0,0
113,2539,114.04705285430815,99990,81,40,4,2,942,500,0.014421442144214421,40,21,49126,49533,747,402,0,0,0,0,0,0,98677,0,0,2,0,0,0,0,0,0,0,1311,0,0,0,0,0,0
114,2539,115.09058931208672,99990,78,37,4,2,951,504,0.014551455145514551,46,24,49115,49527,755,408,0,0,0,0,0,0,98658,0,0,2,0,0,0,0,0,0,0,1330,0,0,0,0,0,0
115,2539,116.09484345623909,99990,78,36,4,2,961,508,0.014691469146914691,47,29,49109,49518,760,413,0,0,0,0,0,0,98643,0,0,2,0,0,0,0,0,0,0,1345,0,0,0,0,0,0
116,2539,117.09922947263789,99990,84,33,4,2,972,512,0.014841484148414841,44,34,49104,49510,762,419,0,0,0,0,0,0,98631,0,0,2,0,0,0,0,0,0,0,1357,0,0,0,0,0,0
117,2539,118.10369219789015,99990,79,40,4,2,981,522,0.015031503150315031,45,33,49094,49505,776,418,0,0,0,0,0,0,98614,0,0,2,0,0,0,0,0,0,0,1374,0,0,0,0,0,0
118,2539,119.10835653006451,99990,80,41,4,2,990,530,0.015201520152015202,48,27,49085,49504,781,424,0,0,0,0,0,0,98599,0,0,2,0,0,0,0,0,0,0,1389,0,0,0,0,0,0
119,2539,120.11316380275046,99990,80,41,4,2,998,539,0.015371537153715371,47,26,49080,49497,787,432,0,0,0,0,0,0,98582,0,0,2,0,0,0,0,0,0,0,1406,0,0,0,0,0,0
120,2539,121.11811026268245,99990,80,44,4,2,1008,548,0.015561556155615561,46,24,49073,49493,795,435,0,0,0,0,0,0,98566,0,0,2,0,0,0,0,0,0,0,1422,0,0,0,0,0,0
121,2539,122.123198349971,99990,82,47,4,2,1025,553,0.015781578157815782,44,28,49058,49486,810,435,0,0,0,0,0,0,98549,0,0,2,0,0,0,0,0,0,0,1439,0,0,0,0,0,0
122,2539,123.12853995862045,99990,81,54,4,2,1037,563,0.016001600160016,48,30,49044,49476,821,436,0,0,0,0,0,0,98533,0,0,2,0,0,0,0,0,0,0,1455,0,0,0,0,0,0
123,2539,124.13406983596036,99990,88,56,4,2,1052,573,0.016251625162516253,45,32,49033,49464,828,444,0,0,0,0,0,0,98517,0,0,2,0,0,0,0,0,0,0,1471,0,0,0,0,0,0
124,2539,125.13978571936262,99990,94,56,4,2,1064,581,0.01645164516451645,45,29,49026,49460,829,451,0,0,0,0,0,0,98503,0,0,2,0,0,0,0,0,0,0,1485,0,0,0,0,0,0
125,2539,126.14560478402765,99990,94,62,4,2,1075,594,0.01669166916691669,47,28,49014,49453,839,453,0,0,0,0,0,0,98486,0,0,3,0,0,0,0,0,0,0,1501,0,0,0,0,0,0
126,2539,127.15160481524929,99989,97,68,5,2,1089,606,0.016951864705117562,42,25,49007,49445,847,458,0,0,0,0,0,0,98470,0,0,4,0,0,0,0,0,0,0,1515,0,0,0,0,0,0
127,2539,128.15777346664748,99989,94,62,5,2,1102,611,0.017131884507295803,47,33,48992,49436,860,465,0,0,0,0,0,0,98443,0,0,4,0,0,0,0,0,0,0,1542,0,0,0,0,0,0
128,2539,129.16420106530998,99989,84,63,5,2,1111,618,0.017291902109232017,50,33,48982,49430,877,470,0,0,0,0,0,0,98418,0,0,4,0,0,0,0,0,0,0,1567,0,0,0,0,0,0
129,2539,130.1709300071539,99989,80,66,5,2,1124,630,0.017541929612257347,61,28,48962,49425,890,477,0,0,0,0,0,0,98392,0,0,4,0,0,0,0,0,0,0,1593,0,0,0,0,0,0
130,2539,131.17801348561872,99989,90,64,5,2,1145,640,0.01785196371600876,56,23,48948,49424,899,485,0,0,0,0,0,0,98369,0,0,4,0,0,0,0,0,0,0,1616,0,0,0,0,0,0
131,2539,132.18533803535666,99989,96,65,5,2,1161,648,0.01809199011891308,61,24,48930,49421,906,486,0,0,0,0,0,0,98352,0,0,4,0,0,0,0,0,0,0,1633,0,0,0,0,0,0
132,2539,133.1929211389715,99989,103,57,5,2,1183,652,0.018352018722059427,58,31,48916,49411,916,497,0,0,0,0,0,0,98325,0,0,4,0,0,0,0,0,0,0,1660,0,0,0,0,0,0
133,2539,134.2007548213275,99989,102,54,5,2,1197,656,0.018532038524237668,73,33,48892,49407,926,502,0,0,0,0,0,0,98303,0,0,4,0,0,0,0,0,0,0,1682,0,0,0,0,0,0
134,2539,135.20891748424322,99989,105,55,5,2,1211,663,0.018742061626778946,74,31,48878,49408,936,502,0,0,0,0,0,0,98286,0,0,4,0,0,0,0,0,0,0,1699,0,0,0,0,0,0
135,2539,136.2173544542766,99989,109,55,5,2,1228,670,0.018982088029683264,71,31,48867,49404,946,506,0,0,0,0,0,0,98266,0,0,4,0,0,0,0,0,0,0,1719,0,0,0,0,0,0
136,2539,137.22598542798832,99989,115,60,5,2,1244,679,0.019232115532708597,70,30,48860,49398,948,508,0,0,0,0,0,0,98252,0,0,4,0,0,0,0,0,0,0,1733,0,0,0,0,0,0
137,2539,138.23473788095544,99989,115,53,5,2,1265,683,0.01948214303573393,67,33,48846,49391,965,519,0,0,0,0,0,0,98220,0,0,4,0,0,0,0,0,0,0,1765,0,0,0,0,0,0
138,2539,139.24378317498451,99989,125,52,5,2,1285,692,0.019772174939243315,62,31,48835,49388,971,525,0,0,0,0,0,0,98200,0,0,4,0,0,0,0,0,0,0,1785,0,0,0,0,0,0
139,2539,140.25303160909223,99989,130,52,5,2,1304,699,0.020032203542389663,65,31,48815,49383,983,530,0,0,0,0,0,0,98179,0,0,4,0,0,0,0,0,0,0,1806,0,0,0,0,0,0
140,2539,141.262617796371,99989,123,51,5,2,1320,706,0.02026222884517297,68,32,48798,49376,1004,537,0,0,0,0,0,0,98148,0,0,4,0,0,0,0,0,0,0,1837,0,0,0,0,0,0
141,2539,142.27259169335224,99989,127,57,5,2,1335,716,0.020512256348198303,72,34,48781,49364,1013,541,0,0,0,0,0,0,98133,0,0,4,0,0,0,0,0,0,0,1852,0,0,0,0,0,0
142,2539,143.2828274906872,99989,137,56,5,2,1361,721,0.020822290451949714,67,36,48763,49359,1026,545,0,0,0,0,0,0,98112,0,0,5,0,0,0,0,0,0,0,1872,0,0,0,0,0,0
143,2539,144.2933398446349,99989,135,59,5,2,1378,730,0.021082319055096062,69,37,48747,49351,1042,549,0,0,0,0,0,0,98087,0,0,5,0,0,0,0,0,0,0,1897,0,0,0,0,0,0
144,2539,145.30416575831208,99989,129,61,5,2,1399,740,0.021392353158847473,72,39,48727,49343,1065,553,0,0,0,0,0,0,98053,0,0,6,0,0,0,0,0,0,0,1930,0,0,0,0,0,0
145,2539,146.3154423062867,99989,124,63,5,2,1412,751,0.02163237956175179,81,39,48708,49334,1080,560,0,0,0,0,0,0,98027,0,0,7,0,0,0,0,0,0,0,1955,0,0,0,0,0,0
146,2539,147.3270373802643,99989,135,68,5,2,1441,762,0.022032423566592324,73,36,48696,49326,1089,566,0,0,0,0,0,0,98004,0,0,8,0,0,0,0,0,0,0,1977,0,0,0,0,0,0
147,2539,148.00153784429995,99989,133,80,5,2,1453,778,0.022312454369980698,76,25,48686,49322,1098,569,0,0,0,0,0,0,97986,0,0,8,0,0,0,0,0,0,0,1995,0,0,0,0,0,0
148,2539,149.0134703585151,99989,149,78,5,2,1481,789,0.022702497274700216,65,25,48673,49311,1106,582,0,0,0,0,0,0,97961,0,0,8,0,0,0,0,0,0,0,2020,0,0,0,0,0,0
149,2539,150.0257043147468,99989,142,77,5,2,1493,795,0.022882517076878457,77,33,48656,49299,1118,587,0,0,0,0,0,0,97937,0,0,10,0,0,0,0,0,0,0,2042,0,0,0,0,0,0
150,2539,151.03819855556043,99989,147,71,5,2,1511,803,0.023142545680024804,82,34,48637,49290,1127,601,0,0,0,0,0,0,97911,0,0,11,0,0,0,0,0,0,0,2067,0,0,0,0,0,0
151,2539,152.0509976720516,99989,149,66,5,2,1531,809,0.02340257428317115,93,31,48608,49289,1143,610,0,0,0,0,0,0,97882,0,0,11,0,0,0,0,0,0,0,2096,0,0,0,0,0,0
152,2539,153.06427071561617,99989,155,61,5,2,1561,813,0.0237426116872856,88,33,48589,49284,1161,618,0,0,0,0,0,0,97849,0,0,11,0,0,0,0,0,0,0,2129,0,0,0,0,0,0
153,2539,154.0779341625732,99988,156,67,5,3,1582,828,0.02410289234708165,91,32,48572,49274,1174,622,0,0,0,0,0,0,97820,0,0,11,0,0,0,0,0,0,0,2157,0,0,0,0,0,0
154,2539,155.09191929864988,99987,151,58,5,4,1601,833,0.024343164611399484,95,40,48553,49262,1194,634,0,0,0,0,0,0,97783,0,0,12,0,0,0,0,0,0,0,2192,0,0,0,0,0,0
155,2539,156.10634845078596,99987,142,65,5,4,1615,844,0.02459319711562503,103,37,48533,49260,1215,632,0,0,0,0,0,0,97756,0,0,12,0,0,0,0,0,0,0,2219,0,0,0,0,0,0
156,2539,157.12114978187154,99987,135,63,5,4,1631,849,0.024803224419174492,112,45,48512,49248,1234,638,0,0,0,0,0,0,97727,0,0,13,0,0,0,0,0,0,0,2247,0,0,0,0,0,0
157,2539,158.1363783621042,99987,138,66,5,4,1654,860,0.02514326862492124,112,43,48492,49241,1251,644,0,0,0,0,0,0,97699,0,0,13,0,0,0,0,0,0,0,2275,0,0,0,0,0,0
158,2539,159.151993423831,99987,140,70,5,4,1681,875,0.025563323232020162,114,40,48465,49232,1274,652,0,0,0,0,0,0,97663,0,0,13,0,0,0,0,0,0,0,2311,0,0,0,0,0,0
159,2539,160.16812774790338,99987,137,77,5,4,1703,889,0.025923370038104954,116,38,48444,49221,1296,658,0,0,0,0,0,0,97631,0,0,13,0,0,0,0,0,0,0,2343,0,0,0,0,0,0
160,2539,161.1846570663781,99987,141,77,5,4,1724,901,0.026253412943682677,117,39,48426,49211,1309,667,0,0,0,0,0,0,97603,0,0,14,0,0,0,0,0,0,0,2370,0,0,0,0,0,0
161,2539,162.2015459379497,99987,145,62,5,4,1751,906,0.026573454549091383,110,46,48412,49203,1326,683,0,0,0,0,0,0,97560,0,0,14,0,0,0,0,0,0,0,2413,0,0,0,0,0,0
162,2539,163.21879434127356,99987,147,65,5,4,1772,917,0.026893496154500086,114,47,48390,49192,1342,690,0,0,0,0,0,0,97534,0,0,15,0,0,0,0,0,0,0,2438,0,0,0,0,0,0
163,2539,164.2364128040598,99987,155,68,5,4,1800,931,0.02731355076159901,108,42,48371,49184,1359,700,0,0,0,0,0,0,97503,0,0,15,0,0,0,0,0,0,0,2469,0,0,0,0,0,0
164,2539,165.25441882252352,99987,169,60,5,4,1838,938,0.027763609269204997,96,54,48353,49169,1375,711,0,0,0,0,0,0,97464,0,0,15,0,0,0,0,0,0,0,2508,0,0,0,0,0,0
165,2539,166.27274920789804,99987,166,67,5,4,1859,955,0.02814365867562783,93,48,48339,49162,1395,717,0,0,0,0,0,0,97431,0,0,16,0,0,0,0,0,0,0,2540,0,0,0,0,0,0
166,2539,167.2914649835419,99987,165,64,5,4,1887,963,0.028503705481712622,89,53,48317,49153,1422,724,0,0,0,0,0,0,97392,0,0,17,0,0,0,0,0,0,0,2578,0,0,0,0,0,0
167,2539,168.31063928138832,99987,166,71,5,4,1909,978,0.028873753587966434,86,48,48302,49147,1439,728,0,0,0,0,0,0,97363,0,0,17,0,0,0,0,0,0,0,2607,0,0,0,0,0,0
168,2539,169.33015505378282,99987,158,70,5,4,1927,991,0.029183793893206116,92,47,48284,49137,1459,740,0,0,0,0,0,0,97323,0,0,17,0,0,0,0,0,0,0,2647,0,0,0,0,0,0
169,2539,170.01006378387558,99987,157,74,5,4,1938,1000,0.029383819896586557,93,49,48277,49127,1466,744,0,0,0,0,0,0,97306,0,0,17,0,0,0,0,0,0,0,2664,0,0,0,0,0,0
170,2539,171.03017646965154,99987,156,72,5,4,1964,1007,0.02971386280216428,94,50,48251,49123,1492,749,0,0,0,0,0,0,97271,0,0,18,0,0,0,0,0,0,0,2698,0,0,0,0,0,0
171,2539,172.05078134952132,99986,161,69,6,4,1986,1015,0.03001420198827836,100,54,48227,49116,1504,755,0,0,0,0,0,0,97243,0,0,18,0,0,0,0,0,0,0,2725,0,0,0,0,0,0
172,2539,173.07175356867418,99986,158,68,6,4,2008,1025,0.030334246794551236,98,57,48209,49104,1527,765,0,0,0,0,0,0,97207,0,0,18,0,0,0,0,0,0,0,2761,0,0,0,0,0,0
173,2539,174.09313829490878,99986,160,67,6,4,2033,1037,0.030704298601804254,92,54,48194,49098,1546,775,0,0,0,0,0,0,97171,0,0,18,0,0,0,0,0,0,0,2797,0,0,0,0,0,0
174,2539,175.11490261865669,99986,164,73,6,4,2056,1053,0.031094353209449324,95,55,48170,49084,1563,782,0,0,0,0,0,0,97142,0,0,18,0,0,0,0,0,0,0,2826,0,0,0,0,0,0
175,2539,176.13706931795943,99986,161,73,6,4,2078,1067,0.03145440361650631,94,57,48159,49071,1578,793,0,0,0,0,0,0,97103,0,0,18,0,0,0,0,0,0,0,2865,0,0,0,0,0,0
176,2539,177.1595543489111,99986,159,78,6,4,2100,1083,0.03183445682395535,105,55,48128,49060,1600,801,0,0,0,0,0,0,97068,0,0,18,0,0,0,0,0,0,0,2900,0,0,0,0,0,0
177,2539,178.18256261507716,99986,162,88,6,4,2127,1101,0.03228451983277659,101,50,48112,49047,1617,809,0,0,0,0,0,0,97037,0,0,19,0,0,0,0,0,0,0,2930,0,0,0,0,0,0
178,2539,179.2059209782853,99986,156,82,6,4,2146,1108,0.0325445562378733,107,55,48091,49037,1638,820,0,0,0,0,0,0,96999,0,0,19,0,0,0,0,0,0,0,2968,0,0,0,0,0,0
179,2539,180.22969275257964,99985,162,95,7,4,2177,1128,0.03305495824373656,105,51,48075,49026,1649,822,0,0,0,0,0,0,96968,0,0,20,0,0,0,0,0,0,0,2997,0,0,0,0,0,0
180,2539,181.25369614973272,99985,154,93,7,4,2202,1135,0.03337500625093764,96,58,48064,49013,1677,830,0,0,0,0,0,0,96926,0,0,20,0,0,0,0,0,0,0,3039,0,0,0,0,0,0
181,2539,182.27806299469145,99985,161,97,7,4,2226,1151,0.03377506625993899,97,56,48047,49004,1686,837,0,0,0,0,0,0,96897,0,0,20,0,0,0,0,0,0,0,3068,0,0,0,0,0,0
182,2539,183.3027490087187,99985,159,101,7,4,2249,1162,0.03411511726759014,92,63,48043,48986,1697,844,0,0,0,0,0,0,96865,0,0,20,0,0,0,0,0,0,0,3100,0,0,0,0,0,0
183,2539,184.3275283122683,99985,154,106,7,4,2274,1180,0.03454518177726659,82,57,48038,48977,1717,854,0,0,0,0,0,0,96823,0,0,21,0,0,0,0,0,0,0,3141,0,0,0,0,0,0
184,2539,185.01085770296058,99985,149,111,7,4,2286,1193,0.034795219282892434,92,49,48021,48974,1729,860,0,0,0,0,0,0,96798,0,0,21,0,0,0,0,0,0,0,3166,0,0,0,0,0,0
185,2539,186.03622917659845,99985,153,106,7,4,2308,1205,0.03513527029054358,92,49,48002,48966,1744,873,0,0,0,0,0,0,96763,0,0,21,0,0,0,0,0,0,0,3201,0,0,0,0,0,0
186,2539,187.0619869369834,99985,152,103,7,4,2331,1220,0.035515327299094866,101,43,47982,48960,1756,888,0,0,0,0,0,0,96722,0,0,22,0,0,0,0,0,0,0,3241,0,0,0,0,0,0
187,2539,188.0880943153022,99985,162,108,7,4,2359,1235,0.035945391808771314,101,50,47966,48940,1762,896,0,0,0,0,0,0,96695,0,0,23,0,0,0,0,0,0,0,3267,0,0,0,0,0,0
188,2539,189.11445334312046,99985,167,101,7,4,2383,1246,0.036295444316647496,104,58,47946,48926,1774,909,0,0,0,0,0,0,96658,0,0,23,0,0,0,0,0,0,0,3304,0,0,0,0,0,0
189,2539,190.1411479219786,99985,176,102,7,4,2415,1263,0.03678551782767415,110,56,47917,48913,1788,923,0,0,0,0,0,0,96621,0,0,25,0,0,0,0,0,0,0,3339,0,0,0,0,0,0
190,2539,191.1682929919328,99985,185,102,7,4,2442,1278,0.03720558083712557,114,53,47892,48904,1800,935,0,0,0,0,0,0,96588,0,0,25,0,0,0,0,0,0,0,3372,0,0,0,0,0,0
191,2539,192.19578986068933,99984,190,93,8,4,2474,1291,0.03765602496399424,112,53,47871,48896,1817,952,0,0,0,0,0,0,96540,0,0,26,0,0,0,0,0,0,0,3418,0,0,0,0,0,0
192,2539,193.22378255443599,99984,186,89,8,4,2499,1299,0.03798607777244359,116,59,47848,48885,1840,961,0,0,0,0,0,0,96500,0,0,27,0,0,0,0,0,0,0,3457,0,0,0,0,0,0
193,2539,194.25224478039172,99984,204,90,8,4,2536,1314,0.03850616098575772,99,63,47838,48869,1849,972,0,0,0,0,0,0,96467,0,0,27,0,0,0,0,0,0,0,3490,0,0,0,0,0,0
194,2539,195.2809349204147,99983,186,91,9,4,2552,1334,0.03886660732324495,115,55,47811,48859,1877,989,0,0,0,0,0,0,96418,0,0,31,0,0,0,0,0,0,0,3534,0,0,0,0,0,0
195,2539,196.31021736002378,99983,199,85,9,4,2590,1346,0.039366692337697407,106,64,47785,48842,1899,1003,0,0,0,0,0,0,96375,0,0,31,0,0,0,0,0,0,0,3577,0,0,0,0,0,0
196,2539,197.3399729331373,99983,205,92,9,4,2625,1362,0.039876779052438915,94,69,47774,48824,1916,1009,0,0,0,0,0,0,96338,0,0,32,0,0,0,0,0,0,0,3613,0,0,0,0,0,0
197,2539,198.0266371489284,99983,212,95,9,4,2647,1376,0.040236840262844686,93,61,47757,48821,1927,1017,0,0,0,0,0,0,96313,0,0,33,0,0,0,0,0,0,0,3637,0,0,0,0,0,0
198,2539,199.0570036144372,99983,212,95,9,4,2679,1387,0.0406669133752738,99,62,47722,48812,1956,1025,0,0,0,0,0,0,96271,0,0,34,0,0,0,0,0,0,0,3678,0,0,0,0,0,0
199,2539,200.08799080571885,99983,195,102,9,4,2700,1413,0.04113699328885911,105,57,47710,48795,1979,1040,0,0,0,0,0,0,96215,0,0,35,0,0,0,0,0,0,0,3733,0,0,0,0,0,0
200,2539,201.11938902897649,99983,194,101,9,4,2729,1425,0.04154706300071012,93,65,47698,48780,2004,1048,0,0,0,0,0,0,96176,0,0,39,0,0,0,0,0,0,0,3768,0,0,0,0,0,0
201,2539,202.1511846881676,99983,187,105,9,4,2748,1438,0.041867117409959693,110,62,47665,48773,2027,1054,0,0,0,0,0,0,96142,0,0,40,0,0,0,0,0,0,0,3801,0,0,0,0,0,0
202,2539,203.18353246265931,99983,188,105,9,4,2778,1452,0.042307192222677856,110,62,47644,48763,2047,1064,0,0,0,0,0,0,96100,0,0,41,0,0,0,0,0,0,0,3842,0,0,0,0,0,0
203,2539,204.2163924107793,99983,187,102,9,4,2803,1459,0.04262724663192743,115,74,47618,48746,2069,1072,0,0,0,0,0,0,96065,0,0,42,0,0,0,0,0,0,0,3876,0,0,0,0,0,0
204,2539,205.24971154075527,99983,198,109,9,4,2838,1483,0.04321734694898133,117,65,47591,48732,2083,1088,0,0,0,0,0,0,96027,0,0,45,0,0,0,0,0,0,0,3911,0,0,0,0,0,0
205,2539,206.28354869358236,99982,193,98,9,5,2863,1494,0.04357784401192215,125,70,47563,48716,2108,1109,0,0,0,0,0,0,95976,0,0,46,0,0,0,0,0,0,0,3960,0,0,0,0,0,0
206,2539,207.31788429697028,99982,193,101,9,5,2893,1512,0.044057930427476945,118,69,47549,48704,2129,1119,0,0,0,0,0,0,95932,0,0,47,0,0,0,0,0,0,0,4003,0,0,0,0,0,0
207,2539,208.00763292260038,99982,193,97,9,5,2914,1522,0.04436798623752276,115,72,47540,48695,2141,1129,0,0,0,0,0,0,95898,0,0,48,0,0,0,0,0,0,0,4036,0,0,0,0,0,0
208,2539,209.04263864202505,99982,189,96,9,5,2940,1537,0.04477806005080914,116,69,47519,48688,2165,1140,0,0,0,0,0,0,95854,0,0,50,0,0,0,0,0,0,0,4078,0,0,0,0,0,0
209,2539,210.07814084356073,99982,195,95,9,5,2974,1550,0.04524814466603989,108,71,47501,48677,2185,1150,0,0,0,0,0,0,95812,0,0,50,0,0,0,0,0,0,0,4120,0,0,0,0,0,0
210,2539,211.1140099822552,99982,206,106,9,5,3005,1573,0.045788241883539034,102,62,47483,48670,2198,1155,0,0,0,0,0,0,95780,0,0,50,0,0,0,0,0,0,0,4152,0,0,0,0,0,0
211,2539,212.15022311240742,99982,204,100,9,5,3033,1587,0.04620831749714949,105,59,47461,48665,2219,1169,0,0,0,0,0,0,95730,0,0,50,0,0,0,0,0,0,0,4202,0,0,0,0,0,0
212,2539,213.18694359992696,99982,191,97,9,5,3059,1600,0.04659838770978776,115,62,47436,48652,2247,1182,0,0,0,0,0,0,95676,0,0,51,0,0,0,0,0,0,0,4255,0,0,0,0,0,0
213,2539,214.224232867103,99982,191,101,9,5,3084,1615,0.046998459722750095,128,64,47412,48638,2258,1190,0,0,0,0,0,0,95642,0,0,53,0,0,0,0,0,0,0,4287,0,0,0,0,0,0
214,2539,215.26191951128735,99982,202,100,9,5,3120,1627,0.04747854613830489,118,72,47395,48623,2274,1198,0,0,0,0,0,0,95605,0,0,54,0,0,0,0,0,0,0,4323,0,0,0,0,0,0
215,2539,216.30000010692933,99981,196,107,9,6,3151,1649,0.048009121733129295,115,74,47378,48605,2300,1206,0,0,0,0,0,0,95556,0,0,57,0,0,0,0,0,0,0,4368,0,0,0,0,0,0
216,2539,217.33844280134133,99981,182,104,9,6,3174,1668,0.04842920154829418,131,72,47347,48591,2329,1225,0,0,0,0,0,0,95498,0,0,58,0,0,0,0,0,0,0,4425,0,0,0,0,0,0
217,2539,218.03113562096704,99981,178,110,9,6,3192,1687,0.04879927186165371,136,62,47329,48587,2346,1233,0,0,0,0,0,0,95463,0,0,58,0,0,0,0,0,0,0,4460,0,0,0,0,0,0
218,2539,219.07059814986565,99981,196,109,9,6,3235,1702,0.049379382082595694,127,65,47307,48572,2359,1246,0,0,0,0,0,0,95422,0,0,58,0,0,0,0,0,0,0,4501,0,0,0,0,0,0
219,2539,220.11047614674075,99981,195,109,9,6,3267,1715,0.04982946759884378,124,66,47286,48563,2384,1254,0,0,0,0,0,0,95377,0,0,59,0,0,0,0,0,0,0,4545,0,0,0,0,0,0
220,2539,221.15085541363237,99980,200,107,10,6,3305,1731,0.05037007401480296,113,68,47272,48548,2403,1269,0,0,0,0,0,0,95329,0,0,62,0,0,0,0,0,0,0,4589,0,0,0,0,0,0
221,2539,222.19160683251235,99980,211,110,10,6,3334,1748,0.05083016603320664,114,71,47245,48532,2418,1279,0,0,0,0,0,0,95297,0,0,62,0,0,0,0,0,0,0,4621,0,0,0,0,0,0
222,2539,223.2328146068531,99980,199,117,10,6,3363,1769,0.051330266053210644,115,70,47219,48515,2455,1290,0,0,0,0,0,0,95242,0,0,62,0,0,0,0,0,0,0,4676,0,0,0,0,0,0
223,2539,224.2746531761292,99980,202,121,10,6,3404,1790,0.0519503900780156,112,67,47193,48505,2481,1299,0,0,0,0,0,0,95189,0,0,64,0,0,0,0,0,0,0,4727,0,0,0,0,0,0
224,2539,225.31700667755598,99980,191,121,10,6,3429,1811,0.052410482096419284,111,59,47182,48493,2504,1319,0,0,0,0,0,0,95133,0,0,65,0,0,0,0,0,0,0,4782,0,0,0,0,0,0
225,2539,226.01215957783467,99980,206,124,10,6,3453,1823,0.05277055411082216,104,55,47169,48488,2509,1325,0,0,0,0,0,0,95115,0,0,65,0,0,0,0,0,0,0,4800,0,0,0,0,0,0
226,2539,227.05517715929378,99980,203,126,10,6,3482,1840,0.053230646129225845,102,52,47150,48480,2533,1334,0,0,0,0,0,0,95074,0,0,71,0,0,0,0,0,0,0,4835,0,0,0,0,0,0
227,2539,228.0987083579074,99980,206,120,10,6,3516,1854,0.053710742148429684,114,54,47111,48465,2557,1353,0,0,0,0,0,0,95024,0,0,72,0,0,0,0,0,0,0,4884,0,0,0,0,0,0
228,2539,229.14284333013762,99980,221,111,10,6,3559,1869,0.05429085817163433,101,54,47094,48456,2572,1371,0,0,0,0,0,0,94973,0,0,73,0,0,0,0,0,0,0,4934,0,0,0,0,0,0
229,2539,230.18743754351712,99980,233,109,10,6,3591,1881,0.05473094618923785,118,56,47058,48447,2579,1380,0,0,0,0,0,0,94940,0,0,74,0,0,0,0,0,0,0,4966,0,0,0,0,0,0
230,2539,231.23256874185248,99980,225,111,10,6,3617,1896,0.05514102820564113,134,65,47030,48426,2599,1390,0,0,0,0,0,0,94894,0,0,75,0,0,0,0,0,0,0,5011,0,0,0,0,0,0
231,2539,232.27811629630338,99979,225,112,11,6,3650,1917,0.05568169315556267,137,66,47004,48408,2621,1406,0,0,0,0,0,0,94843,0,0,77,0,0,0,0,0,0,0,5059,0,0,0,0,0,0
232,2539,233.32426728175983,99979,234,115,11,6,3692,1932,0.056251812880704945,129,73,46976,48390,2648,1414,0,0,0,0,0,0,94802,0,0,81,0,0,0,0,0,0,0,5096,0,0,0,0,0,0
233,2539,234.02199787636366,99979,233,118,11,6,3711,1946,0.056581882195261,136,72,46959,48377,2659,1425,0,0,0,0,0,0,94773,0,0,83,0,0,0,0,0,0,0,5123,0,0,0,0,0,0
234,2539,235.06894053255738,99979,235,125,11,6,3744,1964,0.057091989317756726,128,77,46948,48356,2676,1434,0,0,0,0,0,0,94734,0,0,86,0,0,0,0,0,0,0,5159,0,0,0,0,0,0
235,2539,236.11618605748953,99979,236,124,11,6,3778,1985,0.057642104842016824,140,73,46917,48343,2694,1452,0,0,0,0,0,0,94682,0,0,89,0,0,0,0,0,0,0,5208,0,0,0,0,0,0
236,2539,237.16398416100984,99979,235,145,11,6,3811,2015,0.05827223716980566,146,63,46881,48331,2725,1453,0,0,0,0,0,0,94640,0,0,90,0,0,0,0,0,0,0,5249,0,0,0,0,0,0
237,2539,238.21246750192216,99979,247,142,11,6,3853,2036,0.058902369497594496,149,66,46847,48309,2744,1475,0,0,0,0,0,0,94589,0,0,93,0,0,0,0,0,0,0,5297,0,0,0,0,0,0
238,2539,239.26152325616576,99979,240,141,11,6,3887,2057,0.05945248502185459,145,78,46826,48284,2776,1489,0,0,0,0,0,0,94526,0,0,93,0,0,0,0,0,0,0,5360,0,0,0,0,0,0
239,2539,240.31112943434655,99979,234,128,11,6,3922,2076,0.05999259844567359,155,82,46795,48267,2803,1515,0,0,0,0,0,0,94454,0,0,94,0,0,0,0,0,0,0,5431,0,0,0,0,0,0
240,2539,241.01125949084908,99979,239,125,11,6,3953,2086,0.06040268456375839,161,86,46767,48257,2820,1524,0,0,0,0,0,0,94417,0,0,96,0,0,0,0,0,0,0,5466,0,0,0,0,0,0
241,2539,242.06211062137206,99978,248,132,12,6,3998,2106,0.0610534317549861,154,79,46735,48251,2849,1530,0,0,0,0,0,0,94371,0,0,99,0,0,0,0,0,0,0,5508,0,0,0,0,0,0
242,2539,243.1135877908321,99978,255,139,12,6,4039,2128,0.061683570385484804,143,71,46719,48242,2869,1540,0,0,0,0,0,0,94322,0,0,99,0,0,0,0,0,0,0,5557,0,0,0,0,0,0
243,2539,244.16557606158347,99978,248,138,12,6,4081,2147,0.0622937046150153,152,69,46677,48228,2909,1557,0,0,0,0,0,0,94257,0,0,103,0,0,0,0,0,0,0,5618,0,0,0,0,0,0
244,2539,245.21838179247857,99978,240,136,12,6,4113,2165,0.06279381463922062,174,68,46639,48214,2933,1574,0,0,0,0,0,0,94198,0,0,104,0,0,0,0,0,0,0,5676,0,0,0,0,0,0
245,2539,246.27192838789813,99978,249,134,12,6,4154,2180,0.06335393786633059,180,78,46600,48193,2957,1587,0,0,0,0,0,0,94149,0,0,104,0,0,0,0,0,0,0,5725,0,0,0,0,0,0
246,2539,247.32620349634135,99977,262,128,13,6,4207,2194,0.064024725686908,159,84,46578,48178,2986,1602,0,0,0,0,0,0,94090,0,0,105,0,0,0,0,0,0,0,5782,0,0,0,0,0,0
247,2539,248.0293990797688,99977,256,125,13,6,4239,2203,0.06443482000860198,147,83,46568,48179,3014,1605,0,0,0,0,0,0,94041,0,0,106,0,0,0,0,0,0,0,5830,0,0,0,0,0,0
248,2539,249.08468750915083,99977,243,133,13,6,4270,2225,0.06496494193664543,156,77,46545,48171,3041,1611,0,0,0,0,0,0,93985,0,0,108,0,0,0,0,0,0,0,5884,0,0,0,0,0,0
249,2539,250.14053686614776,99977,250,137,13,6,4311,2247,0.0655950868699801,156,86,46522,48148,3057,1621,0,0,0,0,0,0,93935,0,0,110,0,0,0,0,0,0,0,5932,0,0,0,0,0,0
250,2539,251.19674221302373,99977,247,140,13,6,4340,2270,0.06611520649749443,174,85,46490,48128,3074,1639,0,0,0,0,0,0,93885,0,0,112,0,0,0,0,0,0,0,5980,0,0,0,0,0,0
251,2539,252.2534801346976,99976,265,144,14,6,4388,2296,0.06685604545090822,161,79,46467,48113,3091,1656,0,0,0,0,0,0,93834,0,0,113,0,0,0,0,0,0,0,6029,0,0,0,0,0,0
252,2539,253.3107253262232,99976,273,151,14,6,4436,2319,0.06756621589181404,151,88,46439,48088,3121,1665,0,0,0,0,0,0,93782,0,0,117,0,0,0,0,0,0,0,6077,0,0,0,0,0,0
253,2539,254.01584091887838,99976,271,159,14,6,4464,2337,0.0680263263183164,143,90,46427,48073,3143,1670,0,0,0,0,0,0,93744,0,0,119,0,0,0,0,0,0,0,6113,0,0,0,0,0,0
254,2539,255.07397130882683,99976,267,161,14,6,4505,2364,0.0687064895574938,143,84,46403,48057,3171,1690,0,0,0,0,0,0,93678,0,0,123,0,0,0,0,0,0,0,6175,0,0,0,0,0,0
255,2539,256.13273138771706,99976,279,160,14,6,4549,2388,0.0693866527966712,153,81,46361,48039,3191,1712,0,0,0,0,0,0,93623,0,0,125,0,0,0,0,0,0,0,6228,0,0,0,0,0,0
256,2539,257.1921854264525,99974,287,153,14,8,4595,2409,0.07005821513593534,161,78,46320,48028,3216,1731,0,0,0,0,0,0,93560,0,0,126,1,0,0,0,0,0,0,6287,0,0,0,0,0,0
257,2539,258.25242746959185,99974,282,150,14,8,4632,2428,0.0706183607738012,169,76,46287,48018,3246,1746,0,0,0,0,0,0,93498,0,0,128,1,0,0,0,0,0,0,6347,0,0,0,0,0,0
258,2539,259.31346606834916,99974,275,133,14,8,4670,2446,0.07117850641166704,168,72,46259,48008,3282,1777,0,0,0,0,0,0,93421,0,0,131,1,0,0,0,0,0,0,6421,0,0,0,0,0,0
259,2539,260.02129869551146,99974,275,134,14,8,4705,2459,0.07165863124412347,160,69,46243,48008,3306,1779,0,0,0,0,0,0,93375,0,0,132,1,0,0,0,0,0,0,6466,0,0,0,0,0,0
260,2539,261.08365332397466,99973,256,124,15,8,4741,2474,0.0721694857611555,153,77,46225,47993,3349,1796,0,0,0,0,0,0,93297,0,0,134,1,0,0,0,0,0,0,6541,0,0,0,0,0,0
261,2539,262.14669062922843,99973,267,119,15,8,4787,2487,0.07275964510417812,142,82,46202,47979,3372,1810,0,0,0,0,0,0,93246,0,0,136,1,0,0,0,0,0,0,6590,0,0,0,0,0,0
262,2539,263.210249750005,99973,269,127,15,8,4827,2511,0.07339981795084673,146,80,46171,47965,3397,1818,0,0,0,0,0,0,93194,0,0,138,1,0,0,0,0,0,0,6640,0,0,0,0,0,0
263,2539,264.27443861034646,99972,255,129,16,8,4853,2539,0.07394070339695115,164,76,46136,47950,3427,1835,0,0,0,0,0,0,93130,0,0,140,1,0,0,0,0,0,0,6701,0,0,0,0,0,0
264,2539,265.3394421749794,99972,258,125,16,8,4903,2558,0.0746308966510623,154,72,46106,47943,3464,1850,0,0,0,0,0,0,93062,0,0,142,1,0,0,0,0,0,0,6767,0,0,0,0,0,0
265,2539,266.0499121389081,99972,263,130,16,8,4924,2570,0.07496098907694154,167,73,46082,47932,3470,1855,0,0,0,0,0,0,93040,0,0,143,1,0,0,0,0,0,0,6788,0,0,0,0,0,0
266,2539,267.11603705942457,99972,274,125,16,8,4971,2584,0.07557115992477893,157,73,46059,47928,3492,1864,0,0,0,0,0,0,92989,0,0,147,1,0,0,0,0,0,0,6835,0,0,0,0,0,0
267,2539,268.1826625588326,99972,268,123,16,8,5002,2603,0.07607129996398991,157,79,46042,47909,3515,1879,0,0,0,0,0,0,92936,0,0,152,1,0,0,0,0,0,0,6883,0,0,0,0,0,0
268,2539,269.2498078564297,99972,264,126,16,8,5046,2627,0.07675149041731685,142,82,46025,47892,3551,1890,0,0,0,0,0,0,92869,0,0,154,1,0,0,0,0,0,0,6948,0,0,0,0,0,0
269,2539,270.31746679799267,99971,247,126,17,8,5078,2643,0.07723239739524462,139,93,46005,47869,3590,1902,0,0,0,0,0,0,92806,0,0,156,1,0,0,0,0,0,0,7008,0,0,0,0,0,0
270,2539,271.02962701442254,99971,236,133,17,8,5095,2659,0.07756249312300567,145,90,45996,47861,3604,1906,0,0,0,0,0,0,92770,0,0,157,1,0,0,0,0,0,0,7043,0,0,0,0,0,0
271,2539,272.09820794367596,99971,226,144,17,8,5128,2690,0.07820267877684528,158,78,45963,47848,3634,1920,0,0,0,0,0,0,92708,0,0,158,1,0,0,0,0,0,0,7104,0,0,0,0,0,0
272,2539,273.16754067400325,99971,218,137,17,8,5170,2712,0.0788428644306849,155,70,45942,47839,3666,1944,0,0,0,0,0,0,92633,0,0,162,1,0,0,0,0,0,0,7175,0,0,0,0,0,0
273,2539,274.23748645656184,99971,235,139,17,8,5213,2739,0.07954306748957198,140,59,45927,47836,3679,1956,0,0,0,0,0,0,92585,0,0,165,1,0,0,0,0,0,0,7220,0,0,0,0,0,0
274,2539,275.30782338622856,99971,234,134,17,8,5250,2757,0.08009322703584039,151,66,45898,47819,3698,1971,0,0,0,0,0,0,92526,0,0,167,1,0,0,0,0,0,0,7277,0,0,0,0,0,0
275,2539,276.0216876348339,99971,241,139,17,8,5274,2772,0.08048334016864891,152,69,45882,47804,3706,1978,0,0,0,0,0,0,92500,0,0,168,1,0,0,0,0,0,0,7302,0,0,0,0,0,0
276,2539,277.0928633601845,99971,238,140,17,8,5311,2792,0.08105350551659982,153,79,45858,47778,3732,1993,0,0,0,0,0,0,92443,0,0,170,1,0,0,0,0,0,0,7357,0,0,0,0,0,0
277,2539,278.1645278604149,99971,227,143,17,8,5343,2814,0.08159366216202699,158,87,45839,47754,3757,2006,0,0,0,0,0,0,92386,0,0,175,1,0,0,0,0,0,0,7409,0,0,0,0,0,0
278,2539,279.23665497808264,99971,220,146,17,8,5374,2841,0.08217383041081913,156,78,45827,47740,3778,2026,0,0,0,0,0,0,92325,0,0,176,1,0,0,0,0,0,0,7469,0,0,0,0,0,0
279,2539,280.3091717894901,99971,242,144,17,8,5420,2865,0.08287403346970622,141,74,45808,47726,3790,2046,0,0,0,0,0,0,92277,0,0,178,1,0,0,0,0,0,0,7515,0,0,0,0,0,0
280,2539,281.02438985099343,99971,247,140,17,8,5445,2877,0.08324414080083224,141,76,45795,47719,3798,2055,0,0,0,0,0,0,92244,0,0,181,1,0,0,0,0,0,0,7545,0,0,0,0,0,0
281,2539,282.09761174703505,99971,248,138,17,8,5479,2895,0.08376429164457692,147,85,45776,47699,3810,2068,0,0,0,0,0,0,92193,0,0,183,1,0,0,0,0,0,0,7594,0,0,0,0,0,0
282,2539,283.1711727719735,99971,271,139,17,8,5530,2917,0.08449450340598774,137,89,45753,47679,3820,2083,0,0,0,0,0,0,92146,0,0,185,1,0,0,0,0,0,0,7639,0,0,0,0,0,0
283,2539,284.2450694697346,99971,270,152,17,8,5566,2946,0.0851446919606686,137,81,45734,47672,3840,2085,0,0,0,0,0,0,92095,0,0,187,1,0,0,0,0,0,0,7688,0,0,0,0,0,0
284,2539,285.3194186742358,99971,261,144,17,8,5607,2964,0.08573486311030198,130,82,45715,47664,3875,2100,0,0,0,0,0,0,92022,0,0,190,1,0,0,0,0,0,0,7758,0,0,0,0,0,0
285,2539,286.03602551184133,99971,258,135,17,8,5634,2975,0.08611497334226925,131,89,45696,47648,3896,2118,0,0,0,0,0,0,91973,0,0,189,2,0,0,0,0,0,0,7807,0,0,0,0,0,0
286,2539,287.1114609429043,99970,251,140,18,8,5672,3004,0.08678603581074322,137,85,45680,47629,3912,2136,0,0,0,0,0,0,91907,0,0,192,2,0,0,0,0,0,0,7869,0,0,0,0,0,0
287,2539,288.1873163827978,99969,270,139,19,8,5727,3025,0.08754713961328012,126,83,45650,47617,3933,2151,0,0,0,0,0,0,91854,0,0,197,2,0,0,0,0,0,0,7916,0,0,0,0,0,0
288,2539,289.26379235142315,99969,259,140,19,8,5763,3051,0.08816733187288059,123,81,45633,47604,3964,2165,0,0,0,0,0,0,91786,0,0,201,2,0,0,0,0,0,0,7980,0,0,0,0,0,0
289,2539,290.3408821451375,99968,247,143,19,9,5802,3075,0.08879841549295775,126,81,45611,47589,3995,2176,0,0,0,0,0,0,91717,0,0,204,2,0,0,0,0,0,0,8045,0,0,0,0,0,0
290,2539,291.0592157430163,99967,245,144,20,9,5826,3089,0.08917942921163984,135,88,45591,47578,4007,2179,0,0,0,0,0,0,91682,0,0,208,2,0,0,0,0,0,0,8075,0,0,0,0,0,0
291,2539,292.1371834588453,99967,249,143,20,9,5865,3119,0.08986965698680564,132,80,45568,47564,4029,2202,0,0,0,0,0,0,91619,0,0,211,2,0,0,0,0,0,0,8135,0,0,0,0,0,0
292,2539,293.2156989164195,99967,244,140,20,9,5904,3139,0.09045985175107786,131,74,45554,47557,4049,2218,0,0,0,0,0,0,91554,0,0,213,2,0,0,0,0,0,0,8198,0,0,0,0,0,0
293,2539,294.29470552118005,99967,228,135,20,9,5934,3158,0.09095001350445647,129,70,45538,47550,4083,2234,0,0,0,0,0,0,91490,0,0,219,2,0,0,0,0,0,0,8256,0,0,0,0,0,0
294,2539,295.0143728476296,99967,227,137,20,9,5957,3169,0.0912901257414947,131,69,45518,47544,4102,2239,0,0,0,0,0,0,91460,0,0,222,2,0,0,0,0,0,0,8283,0,0,0,0,0,0
295,2539,296.0944168022957,99967,228,148,20,9,5997,3192,0.09192033371012434,122,68,45502,47531,4126,2242,0,0,0,0,0,0,91414,0,0,227,2,0,0,0,0,0,0,8324,0,0,0,0,0,0
296,2539,297.1748979975606,99967,240,144,20,9,6048,3213,0.09264057138855822,116,63,45473,47524,4149,2258,0,0,0,0,0,0,91355,0,0,232,2,0,0,0,0,0,0,8378,0,0,0,0,0,0
297,2539,298.2560191407635,99967,244,146,20,9,6083,3236,0.09322076285174108,108,60,45464,47509,4162,2274,0,0,0,0,0,0,91306,0,0,235,2,0,0,0,0,0,0,8424,0,0,0,0,0,0
298,2539,299.33746715379914,99966,231,147,21,9,6109,3254,0.09366184502730929,118,58,45439,47500,4189,2284,0,0,0,0,0,0,91256,0,0,241,2,0,0,0,0,0,0,8467,0,0,0,0,0,0
299,2539,300.05878539516266,99966,226,142,21,9,6132,3261,0.09396194706200107,116,62,45429,47495,4206,2290,0,0,0,0,0,0,91219,0,0,244,2,0,0,0,0,0,0,8501,0,0,0,0,0,0
300,2539,301.1411640165004,99966,216,133,21,9,6162,3276,0.09441210011403878,126,65,45406,47490,4229,2301,0,0,0,0,0,0,91158,0,0,247,2,0,0,0,0,0,0,8559,0,0,0,0,0,0
301,2539,302.2241135240314,99966,227,117,21,9,6195,3289,0.09487225656723286,126,64,45386,47482,4238,2326,0,0,0,0,0,0,91108,0,0,248,2,0,0,0,0,0,0,8608,0,0,0,0,0,0
302,2539,303.30752513970907,99966,231,116,21,9,6233,3304,0.0954024368285217,127,66,45365,47470,4254,2337,0,0,0,0,0,0,91060,0,0,250,2,0,0,0,0,0,0,8654,0,0,0,0,0,0
303,2539,304.0300114833326,99966,228,116,21,9,6250,3314,0.09567252865974431,127,78,45356,47458,4266,2337,0,0,0,0,0,0,91034,0,0,254,2,0,0,0,0,0,0,8676,0,0,0,0,0,0
304,2539,305.1140902421077,99966,218,118,21,9,6279,3338,0.09620270892103315,129,73,45340,47448,4290,2350,0,0,0,0,0,0,90975,0,0,256,2,0,0,0,0,0,0,8733,0,0,0,0,0,0
305,2539,306.19856459816907,99966,212,120,21,9,6317,3361,0.09681291639157313,124,72,45335,47439,4306,2358,0,0,0,0,0,0,90912,0,0,258,2,0,0,0,0,0,0,8794,0,0,0,0,0,0
306,2539,307.2832705548781,99966,210,116,21,9,6343,3374,0.09720304903667247,127,78,45326,47433,4314,2362,0,0,0,0,0,0,90870,0,0,261,2,0,0,0,0,0,0,8833,0,0,0,0,0,0
307,2539,308.0065490594782,99966,216,118,21,9,6363,3387,0.09753316127483344,139,74,45305,47429,4317,2368,0,0,0,0,0,0,90846,0,0,262,2,0,0,0,0,0,0,8856,0,0,0,0,0,0
308,2539,309.0918932738525,99966,216,123,21,9,6397,3408,0.09808334833843507,145,78,45289,47410,4327,2378,0,0,0,0,0,0,90803,0,0,269,2,0,0,0,0,0,0,8892,0,0,0,0,0,0
309,2539,310.17757812240245,99966,218,130,21,9,6433,3434,0.09870355921013145,153,66,45256,47402,4350,2391,0,0,0,0,0,0,90752,0,0,269,3,0,0,0,0,0,0,8942,0,0,0,0,0,0
310,2539,311.2638505839603,99965,215,133,22,9,6471,3457,0.09931476016605811,153,62,45238,47389,4370,2405,0,0,0,0,0,0,90693,0,0,271,3,0,0,0,0,0,0,8998,0,0,0,0,0,0
311,2539,312.3505874190228,99965,215,143,22,9,6511,3480,0.09994498074326014,149,61,45220,47375,4392,2410,0,0,0,0,0,0,90641,0,0,272,3,0,0,0,0,0,0,9049,0,0,0,0,0,0
312,2539,313.07528572543055,99964,215,131,23,9,6534,3490,0.10027609939578248,154,65,45207,47367,4399,2426,0,0,0,0,0,0,90604,0,0,280,3,0,0,0,0,0,0,9077,0,0,0,0,0,0
313,2539,314.16276241665946,99964,219,130,23,9,6571,3512,0.10086631187227402,152,57,45188,47363,4416,2439,0,0,0,0,0,0,90553,0,0,283,4,0,0,0,0,0,0,9124,0,0,0,0,0,0
314,2539,315.2506913706719,99964,220,124,23,9,6606,3524,0.10133648113320795,156,69,45174,47348,4425,2448,0,0,0,0,0,0,90503,0,0,285,4,0,0,0,0,0,0,9172,0,0,0,0,0,0
315,2539,316.33898252484465,99964,220,129,23,9,6645,3548,0.10196670801488536,163,60,45145,47344,4447,2456,0,0,0,0,0,0,90450,0,0,290,4,0,0,0,0,0,0,9220,0,0,0,0,0,0
316,2539,317.064804189649,99964,223,128,23,9,6665,3561,0.10229682685766876,162,57,45132,47339,4458,2465,0,0,0,0,0,0,90423,0,0,294,4,0,0,0,0,0,0,9243,0,0,0,0,0,0
317,2539,318.1539139154138,99964,227,131,23,9,6701,3581,0.1028570285302709,153,57,45128,47330,4467,2471,0,0,0,0,0,0,90376,0,0,296,4,0,0,0,0,0,0,9288,0,0,0,0,0,0
318,2539,319.2432199769088,99964,228,124,23,9,6740,3594,0.10337721579768716,158,59,45101,47325,4488,2481,0,0,0,0,0,0,90322,0,0,300,4,0,0,0,0,0,0,9338,0,0,0,0,0,0
319,2539,320.33310502801015,99963,231,116,24,9,6782,3600,0.10385842761821874,143,63,45095,47324,4504,2485,1,1,1,1,0,0,90270,0,0,303,4,0,0,0,0,0,2,9384,0,0,0,0,0,0
320,2539,321.05989905265244,99963,233,116,24,9,6805,3610,0.10418854976341246,143,63,45080,47317,4516,2491,2,2,2,2,0,0,90237,0,0,303,4,0,0,0,0,0,4,9415,0,0,0,0,0,0
321,2539,322.0519030474097,99962,228,117,25,9,6837,3622,0.10462975930853724,154,68,45048,47305,4540,2496,3,3,3,3,0,0,90189,0,0,303,5,0,0,0,0,0,6,9459,0,0,0,0,0,0
322,2539,323.1984091028924,99962,228,113,25,9,6867,3638,0.1050899341749865,153,63,45029,47303,4559,2506,4,4,4,4,0,0,90142,0,0,308,5,0,0,0,0,0,8,9499,0,0,0,0,0,0
323,2539,324.2319863831448,99961,233,111,25,10,6910,3654,0.1056812156741129,144,71,45016,47288,4575,2513,5,5,5,5,0,0,90087,0,0,310,5,0,0,0,0,0,9,9549,1,0,0,0,0,0
324,2539,325.07595211476854,99961,227,112,25,10,6937,3664,0.10605136003041186,145,75,44995,47278,4600,2517,6,6,6,6,0,0,90046,0,0,313,5,0,0,0,0,0,11,9585,1,0,0,0,0,0
325,2539,326.2611296092418,99961,226,108,25,10,6970,3687,0.10661157851562109,157,75,44972,47261,4611,2537,7,7,7,7,0,0,89985,0,0,315,5,0,0,0,0,0,13,9642,1,0,0,0,0,0
326,2539,327.14475577286385,99961,236,113,25,10,7002,3699,0.10705175018257121,146,75,44963,47258,4620,2534,8,8,8,8,0,0,89955,0,0,316,5,0,0,0,0,0,15,9669,1,0,0,0,0,0
327,2539,328.1001384630441,99961,229,115,25,10,7034,3715,0.10753193745560768,144,73,44952,47254,4639,2537,9,9,9,9,0,0,89902,0,0,318,5,0,0,0,0,0,17,9718,1,0,0,0,0,0
328,2539,329.0251370479508,99961,221,119,25,10,7056,3731,0.10791208571342824,154,75,44940,47243,4648,2541,10,10,10,10,0,0,89865,0,0,325,5,0,0,0,0,0,19,9746,1,0,0,0,0,0
329,2539,330.09619464454414,99961,233,122,25,10,7096,3751,0.10851231980472384,146,77,44921,47223,4662,2555,11,11,11,11,0,0,89822,0,0,329,5,0,0,0,0,0,21,9783,1,0,0,0,0,0
330,2539,331.01030532788593,99961,229,117,25,10,7121,3763,0.1088824641610228,149,82,44912,47216,4671,2561,12,12,12,12,0,0,89776,0,0,331,5,0,0,0,0,0,23,9825,1,0,0,0,0,0
331,2539,332.0035118774458,99961,230,120,25,10,7153,3784,0.10941267094166725,151,78,44894,47205,4685,2572,13,13,13,13,0,0,89728,0,0,334,5,0,0,0,0,0,25,9868,1,0,0,0,0,0
332,2539,333.19398453202587,99961,234,129,25,10,7200,3816,0.11020297916187313,143,77,44872,47186,4711,2583,13,13,14,14,0,0,89667,0,0,341,5,0,0,0,0,0,27,9920,1,0,0,0,0,0
333,2539,334.034302838459,99961,230,127,25,10,7222,3829,0.1105531157151289,144,76,44866,47182,4720,2590,13,13,15,15,0,0,89627,0,0,342,6,0,0,0,0,0,28,9957,1,0,0,0,0,0
334,2539,335.0583842667337,99960,230,120,25,11,7262,3845,0.11111444577831132,146,75,44847,47175,4736,2603,14,14,16,16,0,0,89565,0,0,344,6,0,0,0,0,0,29,10014,2,0,0,0,0,0
335,2539,336.03484466111763,99960,229,133,25,11,7291,3869,0.11164465786314526,158,66,44824,47169,4747,2604,15,15,17,17,0,0,89527,0,0,349,6,0,0,0,0,0,31,10045,2,0,0,0,0,0
336,2539,337.0038239405561,99959,216,135,25,12,7320,3892,0.1121659880551026,161,63,44811,47163,4769,2609,16,16,18,18,0,0,89466,0,0,353,6,0,0,0,0,0,33,10099,2,0,0,0,0,0
337,2539,338.005331593095,99958,229,128,25,13,7358,3903,0.11265731607275055,167,69,44787,47158,4773,2613,17,17,19,19,0,0,89424,0,0,356,6,0,0,0,0,0,35,10135,2,0,0,0,0,0
338,2539,339.09566535387086,99958,232,126,25,13,7398,3921,0.11323755977510555,169,70,44762,47149,4792,2622,18,18,20,20,0,0,89370,0,0,361,6,0,0,0,0,0,37,10182,2,0,0,0,0,0
339,2539,340.0271862463294,99958,236,131,25,13,7434,3939,0.11377778667040157,159,69,44751,47136,4809,2630,18,19,21,21,0,0,89325,0,0,363,6,0,0,0,0,0,39,10223,2,0,0,0,0,0
340,2539,341.0256350418157,99958,235,135,25,13,7473,3956,0.11433802196922707,152,75,44731,47121,4836,2634,19,20,22,22,0,0,89275,0,0,368,6,0,0,0,0,0,41,10266,2,0,0,0,0,0
341,2539,342.0131654449863,99958,235,135,25,13,7509,3975,0.11488825306628785,151,80,44709,47106,4858,2643,20,21,23,23,0,0,89225,0,0,375,6,0,0,0,0,0,43,10307,2,0,0,0,0,0
342,2539,343.0252445685574,99958,242,127,25,13,7552,3989,0.11545849256687808,145,93,44691,47089,4874,2654,21,22,24,24,0,0,89167,0,0,377,6,0,0,0,0,0,45,10361,2,0,0,0,0,0
343,2539,344.16120060456836,99958,244,135,25,13,7607,4025,0.11636887492746954,135,92,44689,47065,4883,2670,22,23,25,25,0,0,89090,0,0,381,6,0,0,0,0,0,45,10432,4,0,0,0,0,0
344,2539,345.2609878950289,99958,240,151,25,13,7644,4055,0.1170391564457072,137,85,44665,47058,4907,2667,24,24,26,27,0,0,89038,0,0,387,6,0,0,0,0,0,48,10475,4,0,0,0,0,0
345,2539,346.3612908702297,99958,248,141,25,13,7688,4077,0.11769943376218012,121,78,44663,47066,4915,2674,26,26,28,29,0,0,88970,0,0,390,6,0,0,0,0,0,51,10536,5,0,0,0,0,0
346,2539,347.0949522589237,99957,231,136,26,13,7701,4089,0.1179507188090879,132,82,44646,47058,4935,2681,28,28,30,31,0,0,88922,0,0,393,6,0,0,0,0,0,55,10576,5,0,0,0,0,0
347,2539,348.1958716416567,99957,216,135,26,13,7728,4113,0.11846093820342747,137,87,44635,47036,4954,2697,30,30,32,33,0,0,88856,0,0,395,6,0,0,0,0,0,56,10636,8,0,0,0,0,0
348,2539,349.2972731645816,99957,218,124,26,13,7771,4127,0.11903118340886581,132,84,44615,47036,4975,2709,32,32,34,35,0,0,88790,0,0,398,6,0,0,0,0,0,59,10695,9,0,0,0,0,0
349,2539,350.0318690692771,99957,220,134,26,13,7795,4143,0.11943135548285763,132,80,44600,47029,4985,2707,35,35,37,38,0,0,88758,0,0,400,6,0,0,0,0,0,65,10719,9,0,0,0,0,0
350,2539,351.13418727252395,99957,227,123,26,13,7835,4158,0.11998159208459637,123,93,44588,47004,4996,2727,38,38,40,41,0,0,88694,0,0,401,6,0,0,0,0,0,71,10776,9,0,0,0,0,0
351,2539,352.2368416855362,99957,209,125,26,13,7857,4178,0.12040177276228778,137,95,44566,46992,5019,2732,41,41,43,44,0,0,88631,0,0,401,6,0,0,0,0,0,76,10833,10,0,0,0,0,0
352,2539,353.34008901973885,99957,212,108,26,13,7891,4199,0.12095200936402653,127,90,44553,46985,5035,2758,45,44,47,48,0,0,88559,0,0,406,6,0,0,0,0,0,84,10892,10,0,0,0,0,0
353,2539,354.07585237485233,99957,215,120,26,13,7914,4218,0.12137219004171794,127,78,44543,46981,5038,2758,49,48,51,52,0,0,88525,0,0,407,6,0,0,0,0,0,92,10917,10,0,0,0,0,0
354,2539,355.17978924659553,99957,211,119,26,13,7945,4238,0.1218824094360575,131,80,44519,46972,5057,2761,54,53,56,57,0,0,88461,0,0,409,6,0,0,0,0,0,102,10969,10,0,0,0,0,0
355,2539,356.2842571912491,99956,204,125,27,13,7977,4265,0.12247388851094482,126,74,44511,46958,5071,2770,59,58,61,62,0,0,88395,0,0,411,6,0,0,0,0,0,110,11022,12,0,0,0,0,0
356,2539,357.0207671724782,99956,209,135,27,13,8002,4284,0.12291408219616631,123,69,44495,46944,5080,2774,64,63,67,67,0,0,88359,0,0,413,6,0,0,0,0,0,119,11045,14,0,0,0,0,0
357,2539,358.12591413276857,99956,189,132,27,13,8024,4307,0.12336428028332466,137,68,44478,46922,5097,2794,70,69,73,73,0,0,88287,0,0,419,6,0,0,0,0,0,129,11099,16,0,0,0,0,0
358,2539,359.2315921640456,99956,196,123,27,13,8069,4326,0.1240045620072832,132,65,44459,46913,5107,2808,77,76,80,80,0,0,88218,0,0,427,6,0,0,0,0,0,140,11146,19,0,0,0,0,0
359,2539,360.3378129512302,99956,200,113,27,13,8101,4338,0.1244447556925047,133,63,44434,46906,5120,2819,84,84,88,87,0,0,88156,0,0,430,6,0,0,0,0,0,155,11190,19,0,0,0,0,0
360,2539,361.07563298142486,99955,201,105,28,13,8120,4345,0.12470611775298884,140,66,44409,46888,5128,2833,92,93,97,95,0,0,88111,0,0,433,6,0,0,0,0,0,170,11214,21,0,0,0,0,0
361,2539,362.18296063415295,99955,206,103,28,13,8150,4363,0.12518633385023262,140,67,44388,46875,5135,2837,101,103,107,104,0,0,88053,0,0,436,6,0,0,0,0,0,186,11250,24,0,0,0,0,0
362,2539,363.29085519226265,99955,212,108,28,13,8187,4382,0.12574658596368365,139,63,44364,46862,5147,2838,108,114,118,113,0,0,87994,0,0,440,6,0,0,0,0,0,204,11285,26,0,0,0,0,0
363,2539,364.02972305612366,99955,215,112,28,13,8216,4396,0.12617677955079787,133,61,44350,46845,5154,2841,118,126,130,123,0,0,87943,0,0,440,7,0,0,0,0,0,221,11313,31,0,0,0,0,0
364,2539,365.1384521449012,99955,213,116,28,13,8249,4415,0.12669701365614527,125,62,44340,46826,5163,2844,129,137,143,134,0,0,87882,0,0,448,7,0,0,0,0,0,240,11342,36,0,0,0,0,0
365,2539,366.24753254319353,99955,221,101,28,13,8288,4431,0.1272472612675704,126,69,44313,46804,5169,2861,141,150,157,146,0,0,87800,0,0,452,7,0,0,0,0,0,264,11394,38,0,0,0,0,0
366,2539,367.3572066341136,99954,225,108,29,13,8318,4455,0.12778878284010645,126,56,44293,46792,5172,2865,153,164,172,159,0,0,87733,0,0,455,7,0,0,0,0,0,291,11429,39,0,0,0,0,0
367,2539,368.09724560098573,99954,215,104,29,13,8337,4468,0.1281089301078496,127,59,44276,46767,5185,2875,166,180,189,173,0,0,87659,0,0,455,7,0,0,0,0,0,319,11472,42,0,0,0,0,0
368,2539,369.207872189034,99954,224,103,29,13,8381,4480,0.12866918782640013,120,70,44248,46742,5197,2872,180,198,207,188,0,0,87584,0,0,457,7,0,0,0,0,0,348,11512,46,0,0,0,0,0
369,2539,370.31916504904837,99954,212,107,29,13,8410,4498,0.12913940412589792,123,66,44214,46716,5223,2878,197,218,227,205,0,0,87496,0,0,459,7,0,0,0,0,0,383,11561,48,0,0,0,0,0
370,2539,371.0605122258817,99954,215,104,29,13,8445,4510,0.12960962042539567,111,71,44184,46687,5244,2885,215,238,249,223,0,0,87423,0,0,468,7,0,0,0,0,0,418,11585,53,0,0,0,0,0
371,2539,372.17358020886576,99954,208,109,29,13,8477,4529,0.13011985513336136,105,71,44164,46655,5258,2888,234,262,273,242,0,0,87340,0,0,476,7,0,0,0,0,0,456,11617,58,0,0,0,0,0
372,2539,373.287297461537,99954,210,108,29,13,8505,4543,0.13054004842227424,106,76,44131,46623,5267,2890,255,288,299,263,0,0,87261,0,0,479,7,0,0,0,0,0,497,11646,64,0,0,0,0,0
373,2539,374.0301786061879,99954,203,105,29,13,8526,4555,0.1308702002921344,105,72,44111,46597,5273,2895,277,316,327,285,0,0,87178,0,0,482,7,0,0,0,0,0,540,11676,71,0,0,0,0,0
374,2539,375.14531884557096,99953,201,104,30,13,8554,4573,0.13133172591117825,114,74,44076,46561,5278,2901,299,345,357,309,0,0,87083,0,0,487,7,0,0,0,0,0,591,11711,74,0,0,0,0,0
375,2539,376.26118069370705,99953,201,111,30,13,8594,4597,0.13197202685262074,110,70,44041,46521,5293,2905,323,378,390,334,0,0,86980,0,0,491,7,0,0,0,0,0,641,11752,82,0,0,0,0,0
376,2539,377.0056023950534,99953,206,115,30,13,8614,4612,0.1323221914299721,109,67,44016,46484,5288,2906,349,413,425,361,0,0,86897,0,0,493,7,0,0,0,0,0,700,11771,85,0,0,0,0,0
377,2539,378.122978150218,99953,201,112,30,13,8644,4627,0.13277240302942384,114,67,43972,46442,5303,2913,378,451,463,390,0,0,86783,0,0,496,7,0,0,0,0,0,764,11815,88,0,0,0,0,0
378,2539,379.24142014194706,99953,192,109,30,13,8669,4645,0.13320260522445548,118,61,43930,46404,5319,2921,409,490,504,421,0,0,86669,0,0,501,7,0,0,0,0,0,828,11852,96,0,0,0,0,0
379,2539,380.36104561116787,99953,201,114,30,13,8702,4671,0.1337928826548478,112,56,43899,46360,5315,2922,441,533,548,454,0,0,86559,0,0,504,7,0,0,0,0,0,896,11882,105,0,0,0,0,0
380,2539,381.10787124247355,99953,201,110,30,13,8723,4676,0.1340530049123088,115,59,43861,46312,5319,2925,472,579,595,489,0,0,86459,0,0,506,7,0,0,0,0,0,968,11898,115,0,0,0,0,0
381,2539,382.22914056594755,99953,208,114,30,13,8765,4700,0.13471331525817135,105,52,43831,46258,5318,2934,506,627,646,526,0,0,86328,0,0,507,7,0,0,0,0,0,1045,11940,126,0,0,0,0,0
382,2539,383.35125519645135,99953,210,119,30,13,8798,4714,0.13518353626204316,106,56,43790,46202,5319,2930,543,678,700,566,0,0,86207,0,0,509,7,0,0,0,0,0,1128,11965,137,0,0,0,0,0
383,2539,384.0998450769656,99953,201,113,30,13,8819,4724,0.13549368203055437,113,55,43744,46150,5329,2935,581,732,758,608,0,0,86072,0,0,511,7,0,0,0,0,0,1219,11998,146,0,0,0,0,0
384,2539,385.2241154054525,99953,199,117,30,13,8848,4743,0.13597390773663623,114,49,43705,46089,5326,2939,624,791,820,653,0,0,85934,0,0,514,9,0,0,0,0,0,1316,12026,154,0,0,0,0,0
385,2539,386.3495205478656,99953,209,104,30,13,8890,4755,0.13651416165597832,107,57,43644,46022,5337,2948,671,854,886,700,0,0,85784,0,0,519,9,0,0,0,0,0,1414,12058,169,0,0,0,0,0
386,2539,387.1005841280135,99953,199,103,30,13,8908,4768,0.1368243074244895,111,57,43594,45956,5343,2946,721,923,957,750,0,0,85632,0,0,519,10,0,0,0,0,0,1525,12089,178,0,0,0,0,0
387,2539,388.22879932932995,99953,196,101,30,13,8939,4785,0.13730453313057137,110,56,43538,45888,5354,2948,770,992,1032,803,0,0,85472,0,0,523,11,0,0,0,0,0,1637,12117,193,0,0,0,0,0
388,2539,389.3585152534867,99953,198,95,30,13,8965,4796,0.1376747071123428,117,65,43483,45802,5346,2952,824,1071,1112,859,0,0,85309,0,0,524,10,1,0,0,0,0,1760,12144,205,0,0,0,0,0
389,2539,390.11238039280244,99953,207,103,30,13,8995,4810,0.1381149140095845,113,64,43431,45722,5336,2947,881,1149,1197,918,0,0,85166,0,0,526,10,1,0,0,0,0,1878,12141,231,0,0,0,0,0
390,2539,391.24468915588494,99953,212,100,30,13,9028,4830,0.13864516322671655,129,65,43360,45644,5326,2945,941,1231,1287,980,0,0,84998,0,0,531,10,1,0,0,0,0,2000,12152,261,0,0,0,0,0
391,2539,392.00040141841004,99953,214,96,30,13,9052,4843,0.139015337208488,121,66,43303,45552,5325,2947,1005,1324,1382,1045,0,0,84823,0,0,535,10,1,0,0,0,0,2140,12163,281,0,0,0,0,0
392,2539,393.135793090457,99952,213,107,31,13,9087,4867,0.13960701136545542,114,60,43236,45456,5335,2942,1069,1420,1483,1114,0,0,84625,0,0,538,10,1,0,0,0,0,2292,12187,299,0,0,0,0,0
393,2539,394.2728949528403,99951,207,115,32,13,9122,4889,0.14017868755690288,107,54,43177,45353,5339,2939,1136,1524,1590,1186,0,0,84427,0,0,541,13,1,0,0,0,0,2441,12202,326,0,0,0,0,0
394,2539,395.03194365537826,99951,200,115,32,13,9144,4903,0.14053886404338126,116,56,43095,45232,5347,2945,1208,1637,1703,1262,0,0,84217,0,0,543,14,1,0,0,0,0,2611,12221,344,0,0,0,0,0
395,2539,396.1728448065959,99951,204,120,32,13,9176,4927,0.14109913857790318,114,40,43037,45132,5331,2945,1280,1748,1822,1341,0,0,83998,0,0,545,15,1,0,0,0,0,2786,12240,366,0,0,0,0,0
396,2539,397.31543703687805,99951,199,112,32,13,9211,4937,0.14154935918600114,111,41,42956,45016,5344,2946,1356,1870,1948,1424,0,0,83757,0,0,550,15,1,0,0,0,0,2974,12267,387,0,0,0,0,0
397,2539,398.07831337892435,99951,196,113,32,13,9229,4949,0.14184950625806644,114,38,42872,44896,5345,2940,1439,1998,2080,1511,0,0,83540,0,0,555,16,1,0,0,0,0,3165,12260,414,0,0,0,0,0
398,2539,399.2252585061356,99950,193,109,33,13,9257,4963,0.1422711355677839,109,39,42797,44774,5344,2939,1522,2124,2219,1602,0,0,83295,0,0,560,18,1,0,0,0,0,3368,12269,439,0,0,0,0,0
399,2539,400.3743360251498,99950,204,103,33,13,9292,4978,0.14277138569284642,97,42,42723,44648,5328,2932,1613,2260,2365,1697,0,0,83059,0,0,568,18,1,0,0,0,0,3567,12256,481,0,0,0,0,0
400,2539,401.141540178759,99950,202,108,33,13,9311,4987,0.14305152576288144,96,44,42632,44498,5329,2925,1706,2410,2519,1796,0,0,82808,0,0,571,18,1,0,0,0,0,3796,12251,505,0,0,0,0,0
401,2539,402.2950228726893,99949,193,105,33,14,9333,5002,0.14342314580436022,97,45,42546,44357,5326,2921,1803,2556,2680,1900,0,0,82526,0,0,571,20,1,0,0,0,0,4031,12267,533,0,0,0,0,0
402,2539,403.06538337986694,99949,189,101,33,14,9345,5009,0.14361324275380444,94,48,42462,44197,5320,2919,1900,2719,2849,2008,0,0,82256,0,0,572,21,1,0,0,0,0,4276,12259,564,0,0,0,0,0
403,2539,404.22372642271523,99948,183,92,33,15,9375,5021,0.14403489814703646,91,54,42363,44034,5323,2917,2005,2886,3026,2120,0,0,81954,0,0,578,22,1,0,0,0,0,4528,12265,600,0,0,0,0,0
404,2539,405.3847337012821,99948,183,92,33,15,9406,5038,0.14451514787689598,93,53,42261,43866,5316,2909,2112,3063,3211,2237,0,0,81648,0,0,579,25,1,0,0,0,0,4790,12268,637,0,0,0,0,0
405,2539,406.16030286811156,99948,176,88,33,15,9422,5046,0.14475527274182576,86,58,42169,43686,5310,2902,2224,3249,3404,2359,0,0,81340,0,0,580,27,1,0,0,0,0,5066,12260,674,0,0,0,0,0
406,2539,407.3267876144976,99947,176,94,34,15,9449,5059,0.14515693317458253,81,64,42077,43500,5292,2883,2338,3442,3606,2485,0,0,81025,0,0,581,30,1,0,0,0,0,5351,12245,714,0,0,0,0,0
407,2539,408.105865544729,99947,170,94,34,15,9463,5069,0.14539706044203426,89,58,41969,43323,5276,2863,2460,3645,3817,2616,0,0,80709,0,0,583,30,1,0,0,0,0,5639,12217,768,0,0,0,0,0
408,2539,409.278041970768,99947,166,97,34,15,9488,5083,0.14578726725164337,95,60,41856,43122,5259,2849,2588,3855,4036,2752,0,0,80366,0,0,582,32,1,0,0,0,0,5943,12206,817,0,0,0,0,0
409,2539,410.0611345026651,99947,155,99,34,15,9502,5097,0.14606741573033707,95,56,41734,42915,5255,2843,2725,4070,4264,2893,0,0,80013,0,0,580,36,1,0,0,0,0,6261,12192,864,0,0,0,0,0
410,2539,411.239782797149,99946,161,89,34,16,9532,5114,0.14653913113081063,94,53,41614,42719,5238,2837,2857,4284,4501,3039,0,0,79649,0,0,582,38,1,0,0,0,0,6578,12170,928,0,0,0,0,0
411,2539,412.0274988411501,99946,170,88,34,16,9552,5124,0.1468392932183379,93,55,41485,42495,5214,2826,3002,4518,4747,3190,0,0,79282,0,0,579,42,1,0,0,0,0,6924,12143,975,0,0,0,0,0
412,2539,413.2131234948207,99946,174,94,34,16,9583,5144,0.14734956876713426,96,45,41346,42275,5205,2808,3143,4760,5003,3346,0,0,78899,0,0,582,45,1,0,0,0,0,7272,12111,1036,0,0,0,0,0
413,2539,414.00565237660635,99946,177,91,34,16,9599,5153,0.14759970384007365,103,48,41216,42047,5180,2785,3288,5011,5268,3507,0,0,78522,0,0,584,47,1,0,0,0,0,7628,12060,1104,0,0,0,0,0
414,2539,415.19881009565455,99946,173,92,34,16,9635,5171,0.14813999559762273,86,38,41072,41807,5193,2778,3440,5267,5542,3673,0,0,78068,0,0,585,51,1,0,0,0,0,8031,12072,1138,0,0,0,0,0
415,2539,416.39628156071205,99946,170,82,34,16,9662,5179,0.14849018469973785,91,43,40920,41567,5181,2764,3602,5526,5826,3845,0,0,77631,0,0,585,56,1,0,0,0,0,8425,12053,1195,0,0,0,0,0
416,2539,417.1971320664812,99946,169,83,34,16,9685,5188,0.14881035759310027,76,44,40781,41312,5167,2745,3771,5798,6119,4022,0,0,77198,0,0,583,62,1,0,0,0,0,8830,12018,1254,0,0,0,0,0
417,2539,418.0008262629574,99946,166,84,34,16,9699,5195,0.14902047105436936,78,42,40640,41048,5139,2724,3941,6084,6422,4204,0,0,76756,0,0,582,66,1,0,0,0,0,9252,11976,1313,0,0,0,0,0
418,2539,419.2112109243278,99946,166,80,34,16,9725,5208,0.1494106817681548,83,45,40494,40773,5118,2706,4103,6378,6734,4391,0,0,76293,0,0,586,68,1,0,0,0,0,9678,11936,1384,0,0,0,0,0
419,2539,420.02049004121056,99946,157,81,34,16,9742,5213,0.14963080063234147,110,80,40299,40456,5114,2691,4284,6674,7056,4584,0,0,75812,6,1,590,72,1,0,0,0,0,10138,11891,1435,0,0,0,0,0
420,2539,421.0183343303662,99946,173,84,34,16,9775,5231,0.1501410761811378,116,83,40125,40158,5084,2675,4466,6982,7387,4782,0,0,75324,34,2,592,73,1,0,0,0,0,10597,11820,1503,0,0,0,0,0
421,2539,422.0203546785431,99945,178,90,35,16,9807,5251,0.15066286457551653,122,88,39950,39857,5069,2658,4644,7289,7727,4985,0,0,74815,67,5,590,78,1,0,0,0,0,11069,11753,1567,0,0,0,0,0
422,2539,423.026541144184,99945,199,103,35,16,9840,5276,0.15124318375106308,143,81,39757,39540,5039,2638,4825,7620,8077,5193,0,0,74310,85,9,585,84,1,0,0,0,0,11552,11686,1633,0,0,0,0,0
423,2539,424.0370796598628,99944,205,112,36,16,9879,5298,0.15185503882174017,150,89,39554,39218,5030,2617,5023,7946,8436,5406,0,0,73777,120,12,584,90,1,0,0,0,0,12046,11610,1704,0,0,0,0,0
424,2539,425.05249941682206,99944,212,130,36,16,9923,5329,0.15260545905707196,159,87,39343,38885,5023,2604,5225,8276,8804,5625,0,0,73221,164,15,585,91,2,0,0,0,0,12555,11535,1776,0,0,0,0,0
425,2539,426.073024968402,99944,216,132,36,16,9956,5353,0.15317577843592411,185,90,39112,38550,5016,2587,5433,8623,9180,5849,0,0,72650,204,19,587,96,2,0,0,0,0,13082,11464,1840,0,0,0,0,0
426,2539,427.0991397675072,99944,218,117,36,16,10001,5368,0.15377611462418955,197,101,38897,38200,5012,2588,5638,8976,9565,6078,0,0,72045,268,21,591,99,2,0,0,0,0,13621,11387,1910,0,0,0,0,0
427,2539,428.1308158717931,99944,241,119,36,16,10053,5392,0.15453654046265908,206,97,38667,37869,5002,2565,5846,9332,9958,6312,0,0,71479,301,29,590,108,2,0,0,0,0,14145,11293,1997,0,0,0,0,0
428,2539,429.1681819411527,99944,257,123,36,16,10101,5417,0.15526694949171535,205,105,38452,37491,4984,2561,6064,9702,10360,6550,0,0,70861,343,36,590,112,2,0,0,0,0,14714,11229,2057,0,0,0,0,0
429,2539,430.21117388182455,99944,265,134,36,16,10154,5448,0.15610742015528697,224,94,38215,37137,4975,2548,6283,10069,10770,6793,0,0,70252,393,45,592,115,3,0,0,0,0,15264,11134,2146,0,0,0,0,0
430,2539,431.2601955257617,99944,260,137,36,16,10196,5476,0.15680781237492997,243,103,37991,36747,4959,2549,6509,10446,11187,7041,0,0,69605,455,51,589,121,3,0,0,0,0,15843,11056,2221,0,0,0,0,0
431,2539,432.31523299661035,99944,287,143,36,16,10263,5505,0.15776835027615466,241,100,37748,36366,4950,2548,6736,10825,11612,7293,0,0,68963,502,55,594,127,4,0,0,0,0,16434,10970,2295,0,0,0,0,0
432,2539,433.02219325001613,99944,307,141,36,16,10314,5521,0.15843872568638437,241,107,37508,35983,4933,2531,6973,11220,12044,7550,0,0,68327,535,66,597,129,4,0,0,0,0,17026,10881,2379,0,0,0,0,0
433,2539,434.0901775158832,99944,320,144,36,16,10381,5546,0.15935924117505804,249,120,37266,35588,4929,2506,7198,11624,12482,7811,0,0,67682,588,78,602,135,4,0,0,0,0,17606,10769,2480,0,0,0,0,0
434,2539,435.16482165976515,99943,318,150,36,17,10436,5582,0.16027135467216314,280,120,37002,35191,4936,2486,7426,12034,12927,8076,0,0,67000,654,91,599,143,4,0,0,0,0,18208,10676,2568,0,0,0,0,0
435,2539,436.2465548875223,99943,341,160,36,17,10513,5616,0.16138198773300783,292,127,36749,34804,4926,2469,7654,12421,13378,8345,0,0,66324,712,103,603,147,4,0,0,0,0,18814,10570,2666,0,0,0,0,0
436,2539,437.33533908787854,99943,377,161,36,17,10602,5643,0.16254264931010676,303,135,36470,34418,4915,2450,7897,12817,13835,8618,0,0,65654,765,124,600,154,4,0,0,0,0,19410,10459,2773,0,0,0,0,0
437,2539,438.06543998794064,99942,398,161,37,17,10665,5663,0.16337475735926837,294,148,36209,34002,4910,2432,8150,13238,14297,8895,0,0,64967,811,135,601,157,4,0,0,0,0,20039,10359,2869,0,0,0,0,0
438,2539,439.16953907198945,99942,412,170,37,17,10736,5698,0.1644353725160593,338,160,35936,33591,4896,2415,8379,13645,14764,9175,0,0,64272,867,155,603,161,5,0,0,0,0,20658,10250,2971,0,0,0,0,0
439,2539,440.2811475115365,99942,444,177,37,17,10836,5737,0.16582617918392667,324,163,35672,33180,4905,2401,8616,14060,15235,9459,0,0,63552,936,174,610,166,5,0,0,0,0,21290,10139,3070,0,0,0,0,0
440,2539,441.0265737524884,99942,466,188,37,17,10911,5765,0.16685677693061976,305,158,35412,32759,4903,2377,8875,14499,15710,9746,0,0,62848,980,194,608,174,5,0,0,0,0,21930,10039,3164,0,0,0,0,0
441,2539,442.15424555664634,99942,463,213,37,17,10991,5817,0.16817754297492546,340,158,35111,32344,4924,2350,9123,14916,16189,10036,0,0,62115,1051,214,619,181,5,0,0,0,0,22571,9921,3265,0,0,0,0,0
442,2539,443.2907933927488,99942,488,226,37,17,11074,5862,0.16945828580576736,396,166,34811,31911,4912,2342,9354,15336,16671,10329,0,0,61382,1107,241,620,186,5,0,0,0,0,23220,9822,3359,0,0,0,0,0
443,2539,444.0534066678042,99942,502,234,37,17,11144,5890,0.17043885453563068,417,165,34507,31493,4921,2323,9614,15766,17156,10624,0,0,60655,1153,264,621,192,5,0,0,0,0,23878,9722,3452,0,0,0,0,0
444,2539,445.20820571402464,99942,527,245,37,17,11259,5939,0.17207980628764682,421,166,34215,31063,4948,2315,9850,16192,17643,10922,0,0,59899,1225,302,631,198,5,0,0,0,0,24523,9610,3549,0,0,0,0,0
445,2539,446.3724514745298,99942,547,253,37,17,11385,5990,0.1738508334834204,410,176,33935,30668,4989,2290,10080,16594,18132,11222,0,0,59139,1318,336,632,218,5,0,0,0,0,25156,9486,3652,0,0,0,0,0
446,2539,447.1537766495995,99942,576,251,37,17,11483,6016,0.17509155310079846,397,195,33675,30219,4985,2278,10328,17038,18623,11524,0,0,58401,1367,371,631,228,6,0,0,0,0,25809,9382,3747,0,0,0,0,0
447,2539,448.3362024665601,99942,643,271,37,17,11625,6078,0.17713273698745272,384,195,33369,29806,4986,2278,10579,17431,19115,11828,0,0,57645,1435,400,639,239,6,0,0,0,0,26467,9266,3845,0,0,0,0,0
448,2539,449.1297943041408,99941,645,282,37,18,11703,6123,0.17836523548893848,422,213,33064,29353,4997,2273,10833,17859,19607,12134,0,0,56893,1498,431,641,252,6,0,0,0,0,27124,9154,3942,0,0,0,0,0
449,2539,450.33248843874986,99940,674,276,38,18,11829,6175,0.180148088853312,456,220,32761,28944,5009,2275,11060,18265,20100,12441,0,0,56121,1572,488,655,257,7,0,0,0,0,27762,9037,4041,0,0,0,0,0
450,2539,451.1401059607666,99940,703,294,38,18,11938,6226,0.1817490494296578,464,221,32450,28523,5035,2255,11308,18687,20592,12750,0,0,55378,1626,536,650,270,8,0,0,0,0,28402,8930,4140,0,0,0,0,0
451,2539,452.3639859009552,99940,713,299,38,18,12076,6293,0.18380028016810085,480,221,32138,28118,5089,2270,11540,19072,21084,13060,0,0,54572,1725,594,671,278,8,0,0,0,0,29049,8812,4231,0,0,0,0,0
452,2539,453.1862422061038,99940,735,300,38,18,12179,6331,0.18521112667600562,493,239,31831,27677,5106,2269,11795,19495,21575,13370,0,0,53807,1792,634,675,285,8,0,0,0,0,29707,8705,4327,0,0,0,0,0
453,2539,454.01590125795843,99940,741,329,38,18,12280,6398,0.18689213528116871,504,217,31530,27266,5122,2263,12063,19905,22064,13681,0,0,53063,1845,693,682,297,8,0,0,0,0,30337,8589,4426,0,0,0,0,0
454,2539,455.2739786722781,99940,757,348,38,18,12439,6468,0.18918351010606363,537,243,31217,26847,5169,2247,12280,20295,22551,13993,0,0,52270,1935,761,706,305,8,0,0,0,0,30969,8468,4518,0,0,0,0,0
455,2539,456.1191611609339,99939,767,358,38,19,12546,6516,0.19073634917299553,544,258,30915,26430,5198,2231,12536,20702,23036,14305,0,0,51506,2004,809,706,321,8,0,0,0,0,31615,8364,4606,0,0,0,0,0
456,2539,457.400904716429,99939,814,388,38,19,12738,6607,0.1935680765266813,547,258,30585,26032,5270,2245,12744,21056,23519,14617,0,0,50698,2106,883,720,333,9,0,0,0,0,32245,8261,4684,0,0,0,0,0
457,2539,458.26252925520987,99939,830,388,38,19,12844,6664,0.19519907143357448,572,264,30266,25614,5300,2254,12992,21459,23999,14929,0,0,49943,2168,948,728,341,10,0,0,0,0,32870,8155,4776,0,0,0,0,0
458,2539,459.132793790949,99939,856,393,38,19,12977,6727,0.19716026776333564,580,267,29973,25216,5323,2271,13228,21832,24475,15240,0,0,49195,2244,1004,742,356,10,0,0,0,0,33483,8025,4880,0,0,0,0,0
459,2539,460.0113924134236,99938,895,394,39,19,13109,6782,0.19903340070843922,638,276,29636,24808,5341,2276,13449,22225,24948,15551,0,0,48462,2298,1072,750,369,11,0,0,0,0,34092,7913,4971,0,0,0,0,0
460,2539,461.3448668149478,99937,931,415,40,19,13323,6876,0.20211733392036985,647,307,29305,24430,5424,2290,13651,22537,25417,15861,0,0,47679,2407,1163,773,388,12,0,0,0,0,34668,7784,5063,0,0,0,0,0
461,2539,462.24168145156096,99937,960,436,40,19,13461,6946,0.20419864514644226,673,325,29008,24036,5448,2283,13869,22899,25882,16170,0,0,46936,2474,1223,786,403,12,0,0,0,0,35281,7673,5149,0,0,0,0,0
462,2539,463.14695202257917,99936,974,441,41,19,13596,7011,0.2062019692603266,688,334,28710,23653,5493,2291,14092,23260,26342,16478,0,0,46169,2568,1295,788,413,12,0,0,0,0,35879,7575,5237,0,0,0,0,0
463,2539,464.0610332132834,99936,1031,456,41,19,13764,7087,0.20864353186039064,699,348,28376,23252,5533,2303,14318,23620,26797,16785,0,0,45435,2642,1373,784,431,13,0,0,0,0,36459,7475,5324,0,0,0,0,0
464,2539,465.44951962227043,99935,1072,494,42,19,14026,7215,0.21254815630159604,733,342,28016,22904,5655,2343,14480,23896,27248,17091,0,0,44613,2805,1483,793,456,13,0,0,0,0,37004,7367,5401,0,0,0,0,0
465,2539,466.38450574442606,99934,1078,509,43,19,14199,7293,0.21506194088098146,733,346,27710,22525,5739,2356,14695,24243,27693,17395,0,0,43858,2894,1589,806,472,13,0,0,0,0,37558,7270,5474,0,0,0,0,0
466,2539,467.32913017450653,99932,1111,528,43,21,14394,7386,0.2179482047792499,729,338,27407,22160,5825,2382,14883,24569,28133,17697,0,0,43109,2996,1685,811,494,14,0,0,0,0,38102,7167,5554,0,0,0,0,0
467,2539,468.2842670464743,99931,1140,518,43,22,14580,7450,0.2204521119572505,724,367,27109,21794,5893,2411,15089,24886,28567,17997,0,0,42356,3102,1779,816,513,15,0,0,0,0,38650,7074,5626,0,0,0,0,0
468,2539,469.2494743548695,99930,1112,513,44,22,14738,7520,0.22273591514059843,752,381,26798,21435,6004,2448,15288,25199,28996,18295,0,0,41607,3213,1884,832,533,17,0,0,0,0,39179,6967,5698,0,0,0,0,0
469,2539,470.22549709603965,99930,1126,545,44,22,14913,7613,0.2254177924547183,758,385,26535,21116,6078,2452,15457,25478,29419,18591,0,0,40898,3293,1988,836,558,18,0,0,0,0,39699,6871,5769,0,0,0,0,0
470,2539,471.2114847293823,99928,1125,565,45,23,15103,7703,0.22822432151148828,754,384,26244,20782,6185,2479,15645,25765,29836,18885,0,0,40172,3390,2093,856,586,18,0,0,0,0,40213,6767,5833,0,0,0,0,0
471,2539,472.20792349821807,99927,1173,569,45,24,15316,7795,0.2312788335484904,745,386,25944,20466,6269,2500,15822,26053,30246,19177,0,0,39477,3481,2209,873,608,19,0,0,0,0,40695,6653,5912,0,0,0,0,0
472,2539,473.2151715097316,99927,1179,594,45,24,15516,7902,0.23435107628568855,739,367,25652,20171,6376,2519,16007,26323,30650,19466,0,0,38784,3564,2353,892,630,20,0,0,0,0,41154,6552,5978,0,0,0,0,0
473,2539,474.23386373926337,99927,1182,587,45,24,15692,7985,0.23694296836690784,783,375,25375,19863,6453,2559,16160,26590,31048,19752,0,0,38095,3655,2486,905,646,21,0,0,0,0,41613,6451,6055,0,0,0,0,0
474,2539,475.2634741343785,99927,1214,612,45,24,15892,8077,0.2398651015241126,782,393,25119,19547,6516,2581,16322,26841,31439,20036,0,0,37433,3722,2606,923,668,22,0,0,0,0,42084,6351,6118,0,0,0,0,0
475,2539,476.30344529728706,99926,1223,610,46,24,16084,8175,0.24276964954066008,803,393,24860,19245,6586,2633,16480,27093,31824,20317,0,0,36778,3811,2739,939,701,22,0,0,0,0,42505,6234,6197,0,0,0,0,0
476,2539,477.3536245219303,99926,1263,643,46,24,16287,8291,0.2459620118887977,805,372,24596,18962,6648,2673,16640,27324,32202,20595,0,0,36140,3878,2869,941,734,22,0,0,0,0,42936,6143,6263,0,0,0,0,0
477,2539,478.414407874082,99926,1275,654,46,24,16485,8405,0.24908432239857495,809,372,24331,18721,6754,2705,16783,27522,32573,20870,0,0,35478,3974,3015,957,759,22,0,0,0,0,43350,6047,6324,0,0,0,0,0
478,2539,479.48622050320006,99924,1295,645,46,26,16703,8498,0.25220167327168647,810,368,24051,18458,6867,2760,16929,27741,32938,21142,0,0,34814,4075,3158,977,779,24,0,0,0,0,43759,5951,6387,0,0,0,0,0
479,2539,480.0256283457044,99923,1330,648,47,26,16831,8551,0.2540155920058445,795,358,23819,18168,6876,2773,17131,28025,33296,21411,0,0,34240,4095,3247,990,791,26,0,0,0,0,44218,5866,6450,0,0,0,0,0
480,2539,481.12043937841406,99921,1352,649,48,27,17049,8640,0.2570931035518059,826,371,23530,17914,6981,2807,17261,28230,33647,21676,0,0,33622,4173,3395,1004,817,27,0,0,0,0,44597,5773,6513,0,0,0,0,0
481,2539,482.22752044250564,99920,1351,655,48,28,17253,8749,0.26022818254603686,825,362,23280,17707,7088,2855,17406,28391,33991,21938,0,0,32995,4259,3564,1018,840,30,0,0,0,0,44961,5693,6560,0,0,0,0,0
482,2539,483.3467395288809,99918,1383,666,50,28,17472,8866,0.26359614884205046,833,360,23038,17497,7170,2910,17524,28537,34329,22197,0,0,32391,4347,3715,1028,876,30,0,0,0,0,45320,5600,6611,0,0,0,0,0
483,2539,484.47745324537465,99916,1385,653,52,28,17703,8958,0.2668341406781697,819,366,22817,17281,7283,2947,17642,28723,34660,22452,0,0,31803,4439,3894,1046,904,31,0,0,0,0,45623,5489,6687,0,0,0,0,0
484,2539,485.04600715790434,99916,1411,647,52,28,17836,9002,0.26860562872813165,791,371,22626,17009,7308,2967,17810,28976,34984,22704,0,0,31270,4453,3999,1058,919,32,0,0,0,0,46027,5421,6737,0,0,0,0,0
485,2539,486.1980368006389,99916,1398,656,52,28,18073,9111,0.27206853757156013,776,403,22401,16815,7444,3005,17927,29091,35301,22953,0,0,30693,4533,4200,1079,949,33,0,0,0,0,46309,5329,6791,0,0,0,0,0
486,2539,487.3613756253623,99916,1404,660,52,28,18329,9227,0.2757916649985988,744,418,22209,16598,7573,3064,18016,29230,35612,23198,0,0,30116,4621,4397,1105,979,35,0,0,0,0,46585,5235,6843,0,0,0,0,0
487,2539,488.5354123350435,99916,1388,686,52,28,18538,9346,0.27907442251491255,788,431,21967,16396,7700,3099,18103,29358,35916,23439,0,0,29559,4700,4557,1124,1021,35,0,0,0,0,46886,5148,6886,0,0,0,0,0
488,2539,489.12564464657135,99916,1342,687,52,28,18649,9407,0.28079586852956484,789,431,21784,16185,7779,3098,18252,29569,36214,23677,0,0,29063,4732,4701,1125,1050,37,0,0,0,0,47200,5074,6934,0,0,0,0,0
489,2539,490.32232920304034,99913,1341,702,54,29,18880,9536,0.28440743446798716,769,419,21580,16036,7907,3163,18347,29649,36505,23911,0,0,28516,4819,4888,1133,1090,39,0,0,0,0,47457,4995,6976,0,0,0,0,0
490,2539,491.53064291361653,99912,1321,709,55,29,19112,9665,0.28802346064536793,796,397,21359,15892,8053,3227,18414,29744,36790,24142,0,0,27965,4913,5091,1145,1129,42,0,0,0,0,47696,4918,7013,0,0,0,0,0
491,2539,492.1381831493529,99912,1318,701,55,29,19226,9724,0.2897549843862599,808,390,21179,15704,8083,3243,18555,29931,37069,24369,0,0,27516,4921,5222,1153,1152,45,0,0,0,0,47997,4846,7060,0,0,0,0,0
492,2539,493.36954953880905,99912,1312,664,55,29,19464,9830,0.2931980142525422,800,390,21008,15536,8208,3341,18615,30038,37341,24593,0,0,26989,5019,5418,1166,1205,47,0,0,0,0,48208,4765,7095,0,0,0,0,0
493,2539,494.6116915864869,99912,1334,681,55,29,19728,9950,0.2970413964288574,793,392,20819,15395,8326,3383,18671,30118,37607,24813,0,0,26492,5076,5592,1187,1259,48,0,0,0,0,48442,4693,7123,0,0,0,0,0
494,2539,495.2357072348508,99912,1339,699,55,29,19851,10029,0.29906317559452317,789,365,20644,15235,8361,3389,18810,30281,37867,25029,0,0,26084,5080,5733,1184,1286,48,0,0,0,0,48698,4621,7178,0,0,0,0,0
495,2539,496.4991483244459,99912,1323,676,55,29,20096,10161,0.3028364961165826,795,357,20447,15116,8521,3502,18857,30318,38121,25242,0,0,25570,5178,5960,1212,1323,51,0,0,0,0,48867,4542,7209,0,0,0,0,0
496,2539,497.1337950851143,99911,1300,677,56,29,20207,10219,0.3045310326190309,800,360,20310,14946,8568,3519,18964,30467,38369,25451,0,0,25166,5189,6093,1216,1352,52,0,0,0,0,49117,4473,7253,0,0,0,0,0
497,2539,498.4196534095796,99910,1344,673,57,29,20471,10328,0.308267440696627,748,373,20177,14841,8668,3579,19004,30503,38611,25657,0,0,24710,5249,6284,1235,1387,58,0,0,0,0,49306,4401,7280,0,0,0,0,0
498,2539,499.0648525003872,99910,1354,657,57,29,20603,10380,0.3101090981883695,714,369,20018,14709,8709,3604,19146,30630,38848,25859,0,0,24295,5279,6409,1230,1415,58,0,0,0,0,49557,4349,7318,0,0,0,0,0
499,2539,500.36905113086925,99910,1325,650,57,29,20838,10493,0.31359223300970873,686,361,19888,14614,8852,3666,19190,30678,39079,26058,0,0,23827,5356,6620,1242,1469,59,0,0,0,0,49714,4293,7330,0,0,0,0,0
500,2539,501.0234860153765,99909,1303,656,58,29,20953,10557,0.3153870021719765,679,346,19746,14472,8899,3683,19313,30812,39304,26253,0,0,23452,5365,6739,1242,1509,61,0,0,0,0,49944,4233,7364,0,0,0,0,0
501,2539,502.34758723504257,99909,1314,656,58,29,21183,10673,0.31885015363981223,657,343,19620,14404,9001,3730,19348,30836,39524,26445,0,0,23046,5410,6936,1266,1546,63,0,0,0,0,50082,4156,7404,0,0,0,0,0
502,2539,503.0118146753641,99909,1297,669,58,29,21300,10735,0.32064178402346133,652,344,19486,14283,9055,3735,19450,30938,39739,26633,0,0,22687,5415,7069,1264,1581,63,0,0,0,0,50292,4108,7430,0,0,0,0,0
503,2539,504.35432406930346,99908,1256,670,59,29,21498,10863,0.3239079953557273,671,323,19360,14210,9182,3811,19470,30955,39949,26818,0,0,22271,5479,7266,1292,1618,68,0,0,0,0,50418,4035,7461,0,0,0,0,0
504,2539,505.02804997442405,99907,1238,655,60,29,21603,10922,0.32555276407058564,670,315,19269,14104,9209,3841,19552,31054,40153,26999,0,0,21931,5488,7405,1294,1646,68,0,0,0,0,50594,3976,7505,0,0,0,0,0
505,2539,506.37428540511075,99907,1204,639,60,29,21807,11026,0.3286356311369574,672,307,19167,14085,9332,3908,19563,31030,40352,27177,0,0,21521,5554,7609,1312,1689,70,0,0,0,0,50714,3922,7516,0,0,0,0,0
506,2539,507.0490892165056,99906,1216,627,61,29,21932,11078,0.33041058595079376,671,298,19049,13997,9357,3921,19644,31126,40546,27352,0,0,21208,5537,7746,1323,1709,74,0,0,0,0,50888,3873,7548,0,0,0,0,0
507,2539,508.3898825492518,99906,1233,625,61,29,22169,11176,0.33376373791363884,609,304,18985,13973,9441,3967,19669,31100,40736,27523,0,0,20856,5570,7930,1325,1771,76,0,0,0,0,50993,3824,7561,0,0,0,0,0
508,2539,509.06177392241165,99903,1188,617,64,29,22254,11224,0.33510505190034334,623,315,18878,13889,9483,3978,19762,31170,40921,27691,0,0,20551,5564,8064,1330,1798,80,0,0,0,0,51150,3777,7589,0,0,0,0,0
509,2539,510.3957539717576,99902,1174,595,65,29,22479,11321,0.338331564933635,584,325,18802,13875,9610,4045,19763,31129,41101,27856,0,0,20194,5616,8262,1348,1855,82,0,0,0,0,51228,3719,7598,0,0,0,0,0
510,2539,511.0642178229548,99902,1176,585,65,29,22584,11375,0.33992312466216895,572,310,18720,13809,9623,4062,19842,31203,41277,28018,0,0,19920,5594,8390,1348,1892,84,0,0,0,0,51377,3677,7620,0,0,0,0,0
511,2539,512.3935812285257,99900,1128,596,67,29,22765,11489,0.3428828828828829,595,275,18634,13791,9739,4110,19835,31197,41448,28176,0,0,19579,5650,8575,1352,1941,88,0,0,0,0,51447,3628,7640,0,0,0,0,0
512,2539,513.0598018432817,99899,1143,580,68,29,22882,11535,0.3445179631427742,560,282,18565,13720,9756,4127,19906,31260,41615,28331,0,0,19324,5629,8713,1349,1973,88,0,0,0,0,51568,3584,7671,0,0,0,0,0
513,2539,514.3854706407121,99899,1115,573,68,29,23077,11651,0.3476311074184927,536,238,18500,13712,9876,4206,19903,31240,41778,28483,0,0,18992,5688,8904,1365,2015,92,0,0,0,0,51624,3522,7697,0,0,0,0,0
514,2539,515.0503839049892,99899,1088,548,68,29,23159,11694,0.34888237119490684,540,241,18424,13661,9904,4219,19974,31300,41937,28632,0,0,18741,5680,9034,1368,2051,94,0,0,0,0,51740,3472,7719,0,0,0,0,0
515,2539,516.3730789445635,99898,1077,503,69,29,23333,11765,0.3513383651324351,502,259,18378,13656,9992,4280,19980,31271,42092,28778,0,0,18428,5719,9213,1387,2086,94,0,0,0,0,51807,3424,7740,0,0,0,0,0
516,2539,517.0357467952185,99897,1051,510,70,29,23412,11809,0.3525731503448552,499,243,18299,13619,10022,4269,20057,31328,42243,28921,0,0,18179,5702,9333,1392,2107,95,0,0,0,0,51943,3390,7756,0,0,0,0,0
517,2539,518.3545860541814,99896,1024,507,70,30,23577,11897,0.35510931368623366,459,247,18278,13619,10098,4312,20069,31283,42390,29062,0,0,17930,5698,9503,1406,2160,99,0,0,0,0,51988,3337,7775,0,0,0,0,0
518,2539,519.0153369756412,99896,1028,507,70,30,23653,11951,0.35641066709377756,452,241,18220,13564,10092,4330,20136,31326,42533,29200,0,0,17698,5692,9610,1399,2180,102,0,0,0,0,52112,3302,7801,0,0,0,0,0
519,2539,520.3298938958244,99895,958,485,71,30,23795,12033,0.35865658941888984,479,239,18176,13575,10204,4374,20110,31295,42673,29335,0,0,17409,5739,9795,1407,2217,110,0,0,0,0,52145,3262,7811,0,0,0,0,0
520,2539,521.6467397245323,99894,902,478,71,31,23935,12116,0.3608925460988648,485,218,18142,13618,10291,4422,20107,31231,42809,29467,0,0,17167,5741,9975,1422,2267,113,0,0,0,0,52174,3218,7817,0,0,0,0,0
521,2539,522.3065336555088,99894,901,470,71,31,24015,12147,0.3620037239473842,481,221,18078,13576,10292,4416,20175,31284,42942,29596,0,0,16972,5714,10080,1417,2296,116,0,0,0,0,52279,3183,7837,0,0,0,0,0
522,2539,523.6204891927438,99894,875,463,71,31,24162,12227,0.3642761327006627,480,206,18066,13624,10350,4458,20156,31216,43071,29723,0,0,16723,5736,10240,1425,2327,122,0,0,0,0,52321,3144,7856,0,0,0,0,0
523,2539,524.2787345149254,99894,893,454,71,31,24264,12264,0.365667607664124,436,198,18024,13576,10373,4473,20201,31266,43197,29847,0,0,16507,5731,10339,1419,2352,124,0,0,0,0,52431,3120,7871,0,0,0,0,0
524,2539,525.5910936640154,99894,857,420,71,31,24406,12330,0.3677498148036919,407,187,18007,13603,10456,4525,20200,31232,43320,29969,0,0,16273,5750,10510,1442,2388,125,0,0,0,0,52449,3066,7891,0,0,0,0,0
525,2539,526.2487494991913,99894,845,419,71,31,24469,12362,0.3687008228722446,411,183,17973,13568,10455,4525,20243,31272,43440,30088,0,0,16078,5741,10593,1438,2415,125,0,0,0,0,52560,3034,7910,0,0,0,0,0
526,2539,527.5599100945554,99894,809,397,71,31,24610,12411,0.3706028390093499,404,193,17955,13598,10524,4553,20235,31226,43557,30205,0,0,15857,5753,10727,1450,2460,129,0,0,0,0,52600,2995,7923,0,0,0,0,0
527,2539,528.2166909621874,99893,823,407,71,32,24688,12449,0.3717677915369445,372,177,17927,13579,10531,4549,20274,31254,43671,30319,0,0,15675,5727,10818,1454,2472,129,0,0,0,0,52706,2970,7942,0,0,0,0,0
528,2539,529.5266664141395,99893,792,389,71,32,24821,12512,0.3737298909833522,362,179,17965,13627,10576,4589,20232,31182,43782,30431,0,0,15452,5755,10970,1455,2510,131,0,0,0,0,52730,2938,7952,0,0,0,0,0
529,2539,530.18365409922,99893,789,374,71,32,24885,12537,0.37462084430340464,357,182,17922,13609,10579,4594,20280,31207,43890,30541,0,0,15296,5719,11080,1455,2531,131,0,0,0,0,52801,2911,7969,0,0,0,0,0
530,2539,531.4944929516573,99893,754,373,71,32,24994,12601,0.37635269738620325,345,174,17946,13683,10619,4615,20263,31121,43995,30648,0,0,15090,5738,11189,1459,2575,134,0,0,0,0,52855,2879,7974,0,0,0,0,0
531,2539,532.1513005423662,99893,717,364,71,32,25040,12625,0.3770534471884917,353,176,17912,13656,10641,4626,20304,31144,44097,30753,0,0,14926,5710,11293,1464,2589,135,0,0,0,0,52926,2858,7992,0,0,0,0,0
532,2539,533.4614710026874,99892,708,369,72,32,25162,12686,0.37888920033636325,328,167,17919,13699,10688,4645,20283,31086,44197,30856,0,0,14735,5719,11407,1471,2620,137,0,0,0,0,52973,2829,8001,0,0,0,0,0
533,2539,534.1180699363127,99892,696,376,72,32,25210,12718,0.37969006527049215,318,162,17892,13700,10689,4639,20331,31089,44294,30957,0,0,14573,5705,11487,1472,2633,137,0,0,0,0,53064,2806,8015,0,0,0,0,0
534,2539,535.4276042915893,99892,664,356,72,32,25314,12772,0.38127177351539665,295,163,17934,13747,10732,4665,20301,31035,44389,31056,0,0,14412,5699,11636,1478,2664,140,0,0,0,0,53059,2772,8032,0,0,0,0,0
535,2539,536.0842883041126,99892,650,342,72,32,25365,12792,0.38198254114443597,288,165,17911,13753,10744,4665,20333,31041,44481,31152,0,0,14262,5680,11715,1480,2686,140,0,0,0,0,53134,2751,8044,0,0,0,0,0
536,2539,537.3944698377775,99892,619,333,72,32,25461,12848,0.3835041845192808,264,145,17952,13808,10786,4694,20305,30986,44571,31246,0,0,14108,5669,11861,1490,2708,143,0,0,0,0,53138,2718,8057,0,0,0,0,0
537,2539,538.0514698299238,99891,593,325,73,32,25497,12871,0.3840986675476269,271,151,17931,13806,10788,4699,20342,30985,44659,31338,0,0,13977,5641,11951,1486,2730,145,0,0,0,0,53197,2701,8063,0,0,0,0,0
538,2539,539.3625762807159,99890,555,317,74,32,25581,12923,0.3854640104114526,274,139,17967,13893,10823,4723,20305,30894,44745,31428,0,0,13805,5654,12068,1482,2765,145,0,0,0,0,53220,2685,8066,0,0,0,0,0
539,2539,540.0196406807164,99890,533,316,74,32,25622,12951,0.386154770247272,268,126,17964,13902,10825,4727,20334,30895,44828,31517,0,0,13675,5639,12141,1481,2785,147,0,0,0,0,53281,2659,8082,0,0,0,0,0
540,2539,541.3320580152512,99890,522,293,74,32,25705,12983,0.38730603664030433,262,124,17998,13991,10836,4748,20306,30810,44909,31604,0,0,13542,5632,12249,1483,2816,147,0,0,0,0,53301,2627,8093,0,0,0,0,0
541,2539,542.6469447281518,99887,491,283,77,32,25786,13026,0.38855907175107873,236,122,18044,14068,10860,4769,20290,30724,44988,31689,0,0,13401,5627,12353,1493,2847,149,0,0,0,0,53323,2597,8097,0,0,0,0,0
542,2539,543.3061577783683,99887,479,281,77,32,25820,13046,0.3890996826413848,243,116,18041,14085,10856,4769,20302,30715,45065,31772,0,0,13281,5601,12413,1495,2863,152,0,0,0,0,53398,2582,8102,0,0,0,0,0
543,2539,544.6217104105788,99887,475,267,77,32,25889,13081,0.39014085917086305,232,111,18090,14166,10853,4784,20271,30638,45140,31853,0,0,13153,5590,12511,1494,2882,155,0,0,0,0,53427,2567,8108,0,0,0,0,0
544,2539,545.281353110379,99886,476,264,78,32,25933,13099,0.39076547263880823,220,108,18109,14183,10831,4779,20284,30632,45213,31933,0,0,13045,5567,12585,1483,2898,156,0,0,0,0,53480,2556,8116,0,0,0,0,0
545,2539,546.5986097080653,99886,469,242,78,32,26012,13133,0.3918967623090323,213,97,18168,14250,10826,4797,20244,30580,45285,32011,0,0,12923,5559,12690,1481,2916,163,0,0,0,0,53491,2538,8125,0,0,0,0,0
546,2539,547.2590681472419,99885,474,234,79,32,26052,13147,0.39244130750362916,204,94,18173,14254,10808,4801,20260,30583,45355,32087,0,0,12811,5550,12735,1476,2933,163,0,0,0,0,53559,2518,8140,0,0,0,0,0
547,2539,548.5785667407375,99884,462,222,79,33,26121,13179,0.39345640943494453,200,83,18243,14355,10809,4812,20205,30493,45423,32162,0,0,12696,5547,12827,1474,2957,164,0,0,0,0,53573,2495,8151,0,0,0,0,0
548,2539,549.2403961167169,99884,438,209,79,33,26150,13191,0.3938668855872812,196,88,18249,14367,10814,4808,20222,30493,45489,32235,0,0,12582,5541,12885,1470,2971,168,0,0,0,0,53628,2479,8160,0,0,0,0,0
549,2539,550.5630930828188,99884,418,197,79,33,26201,13221,0.394677826278483,189,87,18316,14476,10815,4823,20181,30382,45554,32307,0,0,12475,5523,12977,1471,2993,169,0,0,0,0,53647,2467,8162,0,0,0,0,0
550,2539,551.2265818124714,99883,411,196,80,33,26237,13236,0.39519237507884225,170,84,18320,14494,10816,4816,20201,30375,45617,32377,0,0,12377,5508,13028,1474,3004,169,0,0,0,0,53701,2442,8180,0,0,0,0,0
551,2539,552.5516780091873,99883,409,181,80,33,26299,13266,0.39611345273970544,164,81,18395,14576,10791,4828,20159,30299,45678,32446,0,0,12269,5495,13106,1477,3024,171,0,0,0,0,53728,2429,8184,0,0,0,0,0
552,2539,553.2159473037035,99883,404,180,80,33,26329,13280,0.396553968142727,160,76,18405,14586,10782,4825,20167,30298,45738,32513,0,0,12178,5479,13157,1469,3039,172,0,0,0,0,53779,2416,8194,0,0,0,0,0
553,2539,554.5434011866556,99883,386,167,80,33,26376,13304,0.39726479981578444,167,75,18469,14692,10775,4821,20121,30210,45796,32579,0,0,12084,5454,13235,1478,3059,175,0,0,0,0,53805,2403,8190,0,0,0,0,0
554,2539,555.2087653853401,99883,379,164,80,33,26406,13316,0.39768529179139595,153,79,18496,14699,10752,4825,20138,30198,45853,32643,0,0,12000,5443,13287,1474,3068,177,0,0,0,0,53845,2382,8207,0,0,0,0,0
555,2539,556.5389407307928,99883,371,170,80,33,26464,13348,0.39858634602484905,137,75,18572,14805,10746,4823,20092,30092,45909,32706,0,0,11902,5432,13366,1481,3078,177,0,0,0,0,53868,2365,8214,0,0,0,0,0
556,2539,557.2058781209373,99883,362,161,80,33,26491,13356,0.3989367560045253,129,78,18611,14824,10724,4818,20092,30084,45963,32768,0,0,11828,5406,13427,1479,3093,177,0,0,0,0,53902,2351,8220,0,0,0,0,0
557,2539,558.5391461026649,99881,344,157,82,33,26536,13381,0.3996455782381033,126,75,18688,14925,10721,4811,20037,29997,46016,32828,0,0,11737,5400,13487,1473,3117,180,0,0,0,0,53925,2339,8223,0,0,0,0,0
558,2539,559.20785133705,99881,332,167,82,33,26550,13400,0.39997597140597313,132,70,18714,14953,10702,4801,20036,29974,46068,32887,0,0,11655,5387,13528,1470,3124,180,0,0,0,0,53976,2326,8235,0,0,0,0,0
559,2539,560.5453124347443,99881,317,140,82,33,26586,13413,0.4004665552006888,132,68,18781,15059,10687,4810,19999,29888,46118,32945,0,0,11573,5379,13597,1470,3142,180,0,0,0,0,53985,2308,8247,0,0,0,0,0
560,2539,561.2160380990861,99881,309,143,82,33,26604,13428,0.40079694836855856,135,58,18804,15086,10658,4801,20010,29877,46167,33002,0,0,11512,5351,13645,1467,3153,181,0,0,0,0,54020,2293,8259,0,0,0,0,0
561,2539,562.5561739137452,99880,300,134,82,34,26649,13444,0.4014116940328394,127,64,18895,15197,10634,4794,19960,29775,46215,33057,0,0,11436,5331,13713,1477,3161,183,0,0,0,0,54038,2277,8264,0,0,0,0,0
562,2539,563.2279969294794,99880,277,133,82,34,26663,13452,0.40163195835002,128,68,18937,15245,10626,4778,19948,29740,46262,33111,0,0,11368,5313,13761,1470,3179,183,0,0,0,0,54072,2268,8266,0,0,0,0,0
563,2539,564.5720059958887,99880,279,118,82,34,26715,13465,0.4022827392871446,116,72,19012,15353,10610,4776,19899,29645,46308,33164,0,0,11301,5304,13815,1462,3205,184,0,0,0,0,54083,2251,8275,0,0,0,0,0
564,2539,565.2462133823459,99880,268,123,82,34,26728,13479,0.4025530636764117,123,71,19040,15398,10590,4764,19895,29608,46353,33216,0,0,11241,5286,13856,1457,3215,184,0,0,0,0,54116,2236,8289,0,0,0,0,0
565,2539,566.5944710106626,99880,268,116,82,34,26765,13504,0.40317380857028434,121,56,19126,15522,10554,4764,19847,29506,46397,33267,0,0,11168,5279,13899,1458,3232,185,0,0,0,0,54142,2218,8299,0,0,0,0,0
566,2539,567.270092103798,99880,257,114,82,34,26786,13514,0.40348418101722067,129,48,19139,15563,10539,4761,19852,29478,46439,33317,0,0,11103,5263,13935,1458,3247,185,0,0,0,0,54179,2206,8304,0,0,0,0,0
567,2539,568.6218291051248,99879,254,111,83,34,26840,13531,0.4041990808878743,117,43,19216,15689,10525,4751,19803,29370,46480,33366,0,0,11026,5261,13994,1456,3261,185,0,0,0,0,54192,2195,8309,0,0,0,0,0
568,2539,569.2995499229937,99879,250,109,83,34,26863,13539,0.4045094564422952,111,43,19250,15729,10509,4742,19795,29341,46520,33414,0,0,10965,5247,14028,1455,3272,185,0,0,0,0,54226,2183,8318,0,0,0,0,0
569,2539,570.6551216871912,99878,238,111,83,35,26904,13558,0.4051142393720339,104,46,19349,15857,10495,4721,19729,29228,46560,33461,0,0,10897,5237,14066,1452,3294,187,0,0,0,0,54249,2175,8321,0,0,0,0,0
570,2539,571.3351344121171,99878,235,107,83,35,26918,13566,0.40533450809988186,111,47,19370,15924,10476,4710,19723,29175,46599,33507,0,0,10845,5222,14103,1445,3306,188,0,0,0,0,54278,2165,8326,0,0,0,0,0
571,2539,572.0154792060439,99878,227,102,83,35,26933,13575,0.4055748012575342,106,48,19394,15965,10457,4706,19731,29142,46637,33552,0,0,10796,5202,14146,1439,3320,188,0,0,0,0,54300,2155,8332,0,0,0,0,0
572,2539,573.3763891196518,99878,217,103,83,35,26968,13596,0.4061354852920563,94,42,19495,16096,10438,4688,19671,29034,46674,33596,0,0,10736,5185,14201,1443,3329,191,0,0,0,0,54315,2146,8332,0,0,0,0,0
573,2539,574.0587891298934,99878,205,100,83,35,26980,13603,0.40632571737519774,94,42,19544,16139,10417,4681,19655,29001,46710,33639,0,0,10684,5178,14228,1439,3340,194,0,0,0,0,54343,2133,8339,0,0,0,0,0
574,2539,575.4246918186524,99878,191,97,83,35,27017,13615,0.40681631590540457,89,41,19636,16260,10397,4672,19602,28893,46745,33681,0,0,10623,5170,14279,1437,3356,195,0,0,0,0,54356,2125,8337,0,0,0,0,0
575,2539,576.1094814047268,99878,188,100,83,35,27030,13624,0.40703658463325254,88,37,19677,16302,10375,4660,19587,28864,46779,33722,0,0,10564,5156,14297,1439,3363,195,0,0,0,0,54402,2121,8341,0,0,0,0,0
576,2539,577.4762801645722,99878,180,100,83,35,27052,13635,0.40736698772502455,94,34,19770,16450,10346,4649,19525,28730,46812,33763,0,0,10512,5147,14336,1432,3375,196,0,0,0,0,54420,2115,8345,0,0,0,0,0
577,2539,578.1567374289506,99878,175,95,83,35,27063,13636,0.4074871343038507,93,39,19802,16496,10331,4638,19514,28695,46845,33803,0,0,10457,5134,14360,1431,3380,198,0,0,0,0,54461,2111,8346,0,0,0,0,0
578,2539,579.5147155158554,99878,165,96,83,35,27087,13651,0.40787761068503575,98,38,19911,16610,10293,4622,19448,28597,46877,33842,0,0,10409,5122,14398,1425,3395,200,0,0,0,0,54475,2105,8349,0,0,0,0,0
579,2539,580.1907156671708,99878,163,93,83,35,27096,13658,0.4080378061234706,95,40,19950,16661,10266,4615,19441,28554,46908,33880,0,0,10371,5106,14426,1419,3406,201,0,0,0,0,54498,2097,8354,0,0,0,0,0
580,2539,581.5390080272399,99878,171,90,83,35,27129,13671,0.40849836800897094,80,38,20056,16773,10219,4598,19389,28464,46938,33917,0,0,10326,5092,14470,1417,3416,201,0,0,0,0,54510,2091,8355,0,0,0,0,0
581,2539,582.2102030715678,99877,164,82,84,35,27143,13672,0.4086526427505832,73,41,20101,16845,10194,4588,19382,28407,46968,33954,0,0,10281,5079,14502,1414,3426,201,0,0,0,0,54534,2083,8357,0,0,0,0,0
582,2539,583.5488220459272,99877,159,84,84,35,27169,13688,0.40907315998678373,66,43,20184,16968,10172,4569,19333,28299,46997,33990,0,0,10231,5073,14539,1416,3432,202,0,0,0,0,54548,2073,8363,0,0,0,0,0
583,2539,584.2155687515722,99877,158,77,84,35,27181,13693,0.4092433693442935,63,46,20213,17020,10155,4565,19325,28255,47025,34025,0,0,10192,5059,14564,1413,3443,203,0,0,0,0,54571,2067,8365,0,0,0,0,0
584,2539,585.5465245338663,99877,141,77,84,35,27196,13711,0.4095737757441653,73,39,20298,17134,10128,4562,19274,28151,47053,34059,0,0,10149,5048,14605,1411,3455,204,0,0,0,0,54577,2060,8368,0,0,0,0,0
585,2539,586.2099901149747,99877,141,82,84,35,27211,13723,0.4098441082531514,75,31,20328,17195,10108,4553,19262,28102,47080,34093,0,0,10107,5035,14633,1409,3460,206,0,0,0,0,54603,2057,8367,0,0,0,0,0
586,2539,587.5336340471545,99877,135,84,84,35,27228,13735,0.4101344653924327,71,34,20424,17321,10074,4531,19210,27993,47107,34126,0,0,10064,5022,14653,1411,3472,206,0,0,0,0,54629,2049,8371,0,0,0,0,0
587,2539,588.1933038123793,99876,127,80,84,36,27240,13739,0.4102987704753895,71,34,20459,17361,10060,4520,19197,27967,47133,34158,0,0,10023,5012,14674,1413,3478,208,0,0,0,0,54654,2040,8374,0,0,0,0,0
588,2539,589.5087866353931,99876,130,82,84,36,27266,13749,0.4106592174296127,64,27,20560,17496,10037,4506,19123,27851,47158,34190,0,0,9979,5010,14694,1411,3485,209,0,0,0,0,54674,2031,8383,0,0,0,0,0
589,2539,590.164129338042,99875,128,77,85,36,27276,13752,0.41079349186483105,64,26,20586,17565,10021,4494,19114,27800,47183,34221,0,0,9938,5002,14715,1405,3495,209,0,0,0,0,54700,2028,8383,0,0,0,0,0
590,2539,591.4713676793085,99875,133,70,85,36,27297,13760,0.41108385481852316,60,23,20691,17714,9984,4475,19045,27680,47207,34252,0,0,9904,4990,14748,1402,3502,210,0,0,0,0,54709,2022,8388,0,0,0,0,0
591,2539,592.1224333214093,99875,124,71,85,36,27306,13764,0.4112140175219024,55,24,20735,17768,9966,4464,19033,27635,47231,34282,0,0,9869,4981,14772,1396,3510,211,0,0,0,0,54727,2018,8391,0,0,0,0,0
592,2539,593.4209962022745,99874,116,67,85,37,27326,13772,0.4114984880949997,51,22,20844,17877,9938,4453,18964,27542,47254,34311,0,0,9831,4974,14801,1400,3515,213,0,0,0,0,54737,2008,8395,0,0,0,0,0
593,2539,594.0676101953978,99874,113,66,85,37,27329,13775,0.41155856379037586,56,25,20890,17940,9911,4434,18943,27496,47277,34340,0,0,9803,4959,14824,1397,3519,213,0,0,0,0,54756,2002,8401,0,0,0,0,0
594,2539,595.3568558537222,99874,111,60,85,37,27349,13782,0.41182890441956865,49,25,20984,18047,9885,4420,18884,27409,47299,34368,0,0,9768,4952,14852,1395,3530,213,0,0,0,0,54765,1996,8403,0,0,0,0,0
595,2539,596.6401442913525,99874,102,62,85,37,27361,13793,0.4120591945851773,51,20,21098,18162,9839,4404,18823,27313,47321,34396,0,0,9734,4942,14882,1393,3538,213,0,0,0,0,54775,1992,8405,0,0,0,0,0
596,2539,597.2795337408365,99874,95,61,85,37,27364,13794,0.41209924504876144,52,22,21107,18179,9831,4401,18828,27298,47342,34423,0,0,9697,4936,14896,1394,3540,213,0,0,0,0,54803,1986,8409,0,0,0,0,0
597,2539,598.2412045156552,99874,96,55,85,37,27376,13799,0.4122694595189939,46,21,21152,18271,9815,4393,18804,27221,47363,34450,0,0,9667,4930,14916,1390,3548,214,0,0,0,0,54817,1978,8414,0,0,0,0,0
598,2539,599.1500774376259,99873,92,53,86,37,27386,13804,0.41242377819831183,40,17,21197,18319,9801,4385,18782,27187,47383,34476,0,0,9642,4915,14945,1388,3553,214,0,0,0,0,54825,1972,8419,0,0,0,0,0
599,2539,600.172053639709,99873,90,50,86,37,27395,13808,0.41255394350825547,37,19,21245,18394,9783,4378,18757,27120,47403,34502,0,0,9613,4906,14964,1388,3556,215,0,0,0,0,54841,1964,8426,0,0,0,0,0
600,2539,601.0432207745343,99873,87,51,86,37,27405,13814,0.41271414696664765,33,17,21313,18501,9756,4359,18723,27033,47422,34527,0,0,9590,4891,14983,1389,3563,215,0,0,0,0,54854,1957,8431,0,0,0,0,0
601,2539,602.0924759649189,99873,83,51,86,37,27417,13820,0.41289437585733885,30,14,21361,18554,9738,4349,18700,26993,47441,34552,0,0,9562,4885,15003,1386,3571,215,0,0,0,0,54865,1950,8436,0,0,0,0,0
602,2539,603.2264267284803,99873,70,41,86,37,27424,13823,0.4129945030188339,34,16,21502,18673,9702,4334,18604,26897,47460,34576,0,0,9530,4876,15033,1386,3574,217,0,0,0,0,54872,1947,8438,0,0,0,0,0
603,2539,604.3846080889128,99872,65,38,87,37,27432,13827,0.4131187920538289,34,17,21599,18789,9670,4315,18543,26802,47478,34600,0,0,9500,4869,15052,1385,3576,219,0,0,0,0,54886,1944,8441,0,0,0,0,0
604,2539,605.5114896037121,99872,57,36,87,37,27435,13829,0.4131688561358539,32,20,21686,18850,9640,4304,18496,26751,47496,34623,0,0,9469,4866,15061,1384,3582,220,0,0,0,0,54908,1939,8443,0,0,0,0,0
605,2539,606.0235118717563,99872,59,37,87,37,27439,13831,0.4132289330342839,33,20,21715,18880,9613,4301,18491,26723,47513,34646,0,0,9442,4858,15072,1382,3584,220,0,0,0,0,54932,1936,8446,0,0,0,0,0
606,2539,607.0927262402843,99872,55,32,87,37,27446,13835,0.41333907401473885,30,21,21815,19020,9577,4287,18434,26601,47530,34668,0,0,9418,4851,15087,1378,3594,220,0,0,0,0,54942,1932,8450,0,0,0,0,0
607,2539,608.3282299137061,99872,59,29,87,37,27457,13839,0.41348926626081384,24,21,21917,19135,9549,4276,18362,26500,47547,34690,0,0,9390,4845,15102,1377,3597,221,0,0,0,0,54959,1929,8452,0,0,0,0,0
608,2539,609.5581594778337,99872,55,27,87,37,27464,13841,0.4135793816084588,23,21,22011,19252,9510,4263,18312,26398,47563,34712,0,0,9364,4840,15116,1375,3600,222,0,0,0,0,54974,1923,8458,0,0,0,0,0
609,2539,610.1711051190207,99872,56,26,87,37,27468,13842,0.4136294456904838,23,21,22055,19287,9482,4258,18295,26369,47579,34733,0,0,9341,4829,15132,1374,3601,222,0,0,0,0,54992,1921,8460,0,0,0,0,0
610,2539,611.3934980139525,99872,60,31,87,37,27474,13849,0.4137596123037488,21,14,22113,19345,9454,4248,18263,26323,47595,34754,0,0,9317,4820,15141,1375,3602,222,0,0,0,0,55014,1916,8465,0,0,0,0,0
611,2539,612.2416392581913,99872,53,30,87,37,27475,13852,0.4137996635693688,20,11,22161,19413,9432,4230,18245,26277,47610,34774,0,0,9300,4812,15155,1370,3610,222,0,0,0,0,55023,1910,8470,0,0,0,0,0
612,2539,613.0588222015465,99872,53,25,87,37,27482,13854,0.4138897789170138,17,10,22221,19476,9409,4221,18211,26229,47625,34794,0,0,9277,4809,15168,1366,3617,222,0,0,0,0,55035,1905,8473,0,0,0,0,0
613,2539,614.1631365126153,99872,51,23,87,37,27488,13857,0.41397989426465875,16,9,22320,19583,9377,4203,18147,26143,47640,34814,0,0,9257,4802,15182,1364,3623,222,0,0,0,0,55046,1899,8477,0,0,0,0,0
614,2539,615.0763305817029,99872,47,19,87,37,27491,13859,0.41402995834668377,18,7,22386,19674,9346,4191,18114,26070,47654,34833,0,0,9234,4794,15191,1365,3628,223,0,0,0,0,55063,1897,8477,0,0,0,0,0
615,2539,616.0626113803594,99872,47,17,87,37,27497,13860,0.41410004806151873,18,8,22474,19784,9309,4182,18063,25970,47668,34852,0,0,9212,4785,15205,1364,3631,223,0,0,0,0,55078,1896,8478,0,0,0,0,0
616,2539,617.0188615356496,99872,40,19,87,37,27499,13862,0.41414009932713874,19,7,22535,19854,9288,4164,18029,25917,47682,34871,0,0,9189,4780,15212,1364,3636,223,0,0,0,0,55097,1891,8480,0,0,0,0,0
617,2539,618.0285590923397,99872,43,20,87,37,27508,13865,0.4142602531239987,13,5,22612,19939,9260,4149,17983,25848,47696,34889,0,0,9170,4771,15226,1364,3638,223,0,0,0,0,55110,1887,8483,0,0,0,0,0
618,2539,619.0716141582267,99872,36,19,87,37,27510,13867,0.41430030438961873,12,6,22697,20046,9230,4137,17936,25753,47709,34907,0,0,9149,4763,15238,1364,3640,225,0,0,0,0,55124,1886,8483,0,0,0,0,0
619,2539,620.0129427354301,99872,31,20,87,37,27514,13869,0.4143603812880487,10,5,22754,20106,9212,4128,17904,25702,47722,34925,0,0,9128,4756,15247,1364,3644,225,0,0,0,0,55139,1883,8486,0,0,0,0,0
620,2539,621.0690710460627,99872,29,17,87,37,27516,13870,0.4143904197372637,11,10,22847,20192,9180,4120,17844,25622,47735,34942,0,0,9111,4749,15258,1361,3649,225,0,0,0,0,55150,1880,8489,0,0,0,0,0
621,2539,622.079950445351,99872,27,17,87,37,27519,13874,0.41446050945209867,9,6,22938,20291,9139,4108,17798,25539,47748,34959,0,0,9088,4744,15267,1361,3652,225,0,0,0,0,55167,1878,8490,0,0,0,0,0
622,2539,623.0615944219747,99872,23,15,87,37,27521,13874,0.4144805350849087,9,8,23048,20386,9095,4092,17736,25460,47760,34976,0,0,9071,4736,15275,1362,3657,225,0,0,0,0,55182,1873,8491,0,0,0,0,0
623,2539,624.0383621660653,99872,21,16,87,37,27525,13876,0.4145406119833387,8,8,23137,20461,9058,4080,17687,25396,47772,34992,0,0,9050,4732,15284,1360,3660,225,0,0,0,0,55197,1872,8492,0,0,0,0,0
624,2539,625.1165344720667,99872,23,18,87,37,27528,13879,0.41460068888176865,5,5,23174,20511,9034,4070,17675,25357,47784,35008,0,0,9033,4725,15292,1357,3662,226,0,0,0,0,55213,1871,8493,0,0,0,0,0
625,2539,626.2049785793594,99872,24,16,87,37,27531,13881,0.41465075296379367,5,3,23260,20612,8995,4056,17627,25274,47796,35024,0,0,9017,4719,15303,1355,3665,226,0,0,0,0,55224,1867,8496,0,0,0,0,0
626,2539,627.0613680546536,99872,18,16,87,37,27531,13882,0.41466076578019867,7,3,23324,20685,8969,4042,17593,25215,47807,35039,0,0,9003,4710,15314,1355,3666,227,0,0,0,0,55234,1864,8499,0,0,0,0,0
627,2539,628.0318964454291,99872,19,16,87,37,27535,13882,0.4147008170458186,6,4,23393,20761,8939,4030,17554,25150,47818,35054,0,0,8984,4706,15319,1354,3667,228,0,0,0,0,55251,1863,8500,0,0,0,0,0
628,2539,629.0161770329952,99872,14,14,87,37,27536,13883,0.41472084267862863,8,5,23458,20849,8917,4024,17514,25069,47829,35069,0,0,8964,4705,15327,1354,3669,228,0,0,0,0,55264,1858,8503,0,0,0,0,0
629,2539,630.167445324305,99872,15,12,87,37,27541,13885,0.41479093239346365,31,29,23554,20970,8882,4010,17429,24940,47840,35084,0,0,8943,4703,15337,1354,3669,228,0,0,0,0,55277,1855,8506,0,0,0,0,0
630,2539,631.1048125711299,99872,21,14,87,37,27548,13889,0.4149010733739186,29,26,23592,21025,8875,4003,17394,24893,47850,35098,0,0,8929,4698,15342,1352,3670,229,0,0,0,2,55289,1852,8509,0,0,0,0,0
631,2539,632.2533847440948,99872,26,17,87,37,27556,13894,0.4150312399871836,30,22,23665,21115,8848,3988,17342,24819,47860,35112,0,0,8918,4690,15350,1348,3674,229,1,0,0,4,55297,1848,8513,0,0,0,0,0
632,2539,633.1273160558761,99872,33,19,87,37,27569,13903,0.41525152194809356,25,16,23750,21220,8819,3973,17284,24733,47870,35126,0,0,8903,4684,15356,1348,3672,231,1,0,0,16,55300,1846,8515,0,0,0,0,0
633,2539,634.0722474620887,99872,36,23,87,37,27575,13907,0.41535165011214353,29,22,23817,21302,8791,3958,17238,24656,47880,35140,0,0,8891,4676,15363,1346,3675,231,1,0,0,18,55310,1844,8517,0,0,0,0,0
634,2539,635.0040733890384,99872,41,26,87,37,27584,13912,0.4154918295418135,28,22,23884,21394,8756,3942,17202,24577,47890,35153,0,0,8877,4670,15368,1346,3676,231,1,0,0,23,55319,1841,8520,0,0,0,0,0
635,2539,636.2423083780537,99872,46,26,87,37,27596,13915,0.4156420217878885,27,26,23969,21500,8735,3929,17134,24480,47900,35166,0,0,8860,4665,15373,1346,3677,232,2,0,0,30,55328,1840,8519,0,0,0,0,0
636,2539,637.1680871255271,99871,37,23,88,37,27598,13916,0.41567622232680157,35,26,24031,21590,8716,3920,17091,24402,47909,35179,0,0,8845,4661,15375,1345,3679,233,3,0,0,40,55331,1837,8522,0,0,0,0,0
637,2539,638.0915172317098,99870,37,32,89,37,27605,13926,0.4158506057875238,39,20,24109,21659,8686,3908,17038,24342,47918,35192,0,0,8829,4658,15378,1343,3680,235,3,0,0,44,55343,1836,8521,0,0,0,0,0
638,2539,639.0120016114316,99870,38,30,89,37,27607,13929,0.4159006708721338,44,19,24162,21713,8655,3897,17010,24302,47927,35204,0,0,8818,4652,15383,1343,3681,235,3,0,0,49,55349,1832,8525,0,0,0,0,0
639,2539,640.096747972838,99870,36,34,89,37,27616,13936,0.41606087914288575,45,16,24229,21805,8644,3883,16955,24223,47936,35216,0,0,8805,4645,15386,1342,3684,237,6,0,0,53,55355,1828,8529,0,0,0,0,0
640,2539,641.1480902532076,99870,43,34,89,37,27632,13941,0.4162711524982477,41,24,24342,21907,8613,3869,16870,24127,47945,35228,0,0,8792,4636,15390,1345,3686,237,9,0,0,59,55359,1823,8534,0,0,0,0,0
641,2539,642.0597057383187,99870,51,33,89,37,27641,13944,0.4163913087013117,39,29,24418,21988,8584,3860,16817,24051,47953,35240,0,0,8785,4628,15397,1343,3690,237,9,0,0,62,55363,1820,8536,0,0,0,0,0
642,2539,643.2708317914369,99870,62,28,89,37,27660,13948,0.4166216080905177,40,29,24510,22090,8544,3849,16753,23965,47961,35252,0,0,8777,4617,15404,1344,3696,237,10,0,0,70,55362,1816,8537,0,0,0,0,0
643,2539,644.1759922840539,99870,73,32,89,37,27679,13954,0.41687193351356766,39,32,24573,22167,8518,3836,16706,23894,47969,35263,0,0,8764,4614,15407,1341,3699,238,11,0,0,77,55367,1815,8537,0,0,0,0,0
644,2539,645.0785943431797,99870,71,34,89,37,27687,13962,0.41703214178431963,46,33,24633,22243,8495,3827,16664,23824,47977,35274,0,0,8751,4610,15405,1340,3708,238,13,0,0,83,55372,1812,8538,0,0,0,0,0
645,2539,646.2786696779128,99870,73,37,89,37,27703,13973,0.4173024932412136,50,32,24700,22346,8474,3814,16612,23732,47985,35285,0,0,8736,4607,15405,1339,3714,239,15,0,0,96,55372,1810,8537,0,0,0,0,0
646,2539,647.1765342260592,99870,74,44,89,37,27713,13985,0.41752277961349754,63,26,24767,22418,8451,3810,16554,23663,47993,35296,0,0,8724,4600,15408,1340,3720,239,15,0,0,103,55377,1809,8535,0,0,0,0,0
647,2539,648.0720555198632,99870,83,43,89,37,27734,13991,0.4177931310703915,58,27,24821,22486,8437,3803,16510,23602,48001,35307,0,0,8709,4596,15407,1341,3727,239,17,0,0,112,55381,1806,8535,0,0,0,0,0
648,2539,649.2627727440732,99870,84,41,89,37,27746,13997,0.41797336537498747,80,31,24892,22589,8402,3792,16451,23508,48008,35318,0,0,8698,4587,15414,1341,3730,239,22,0,0,123,55376,1803,8537,0,0,0,0,0
649,2539,650.1533718310313,99870,91,44,89,37,27763,14006,0.41823370381495945,77,29,24934,22658,8391,3785,16416,23445,48015,35328,0,0,8688,4580,15418,1341,3732,240,24,0,0,133,55374,1801,8539,0,0,0,0,0
650,2539,651.0422417340321,99870,103,48,89,37,27786,14014,0.4185441073395414,73,27,25006,22727,8365,3779,16362,23380,48022,35338,0,0,8678,4575,15420,1341,3734,241,24,0,0,144,55373,1799,8541,0,0,0,0,0
651,2539,652.2233942717413,99870,115,48,89,37,27811,14019,0.41884449784720135,75,38,25099,22816,8333,3766,16287,23293,48029,35348,0,0,8665,4572,15422,1342,3737,242,25,0,0,155,55374,1796,8540,0,0,0,0,0
652,2539,653.1062579888284,99870,129,50,89,37,27833,14028,0.4191549013717833,91,42,25148,22878,8303,3759,16238,23232,48036,35358,0,0,8656,4563,15426,1346,3739,244,27,0,0,159,55377,1792,8541,0,0,0,0,0
653,2539,654.2804268115704,99870,130,60,89,37,27859,14044,0.41957544808250724,108,49,25197,22966,8293,3738,16181,23148,48043,35368,0,0,8644,4559,15424,1345,3746,245,30,0,0,179,55366,1789,8543,0,0,0,0,0
654,2539,655.1591679601183,99870,138,68,89,37,27885,14053,0.4199259036747772,108,51,25248,23021,8283,3724,16132,23097,48050,35378,0,0,8627,4555,15426,1343,3753,246,36,0,0,185,55371,1789,8539,0,0,0,0,0
655,2539,656.0358923376701,99870,141,71,89,37,27910,14064,0.42028637228396915,117,56,25310,23092,8272,3712,16069,23030,48057,35387,0,0,8611,4546,15429,1347,3759,247,42,0,0,197,55369,1788,8535,0,0,0,0,0
656,2539,657.2015907267498,99870,163,72,89,37,27958,14079,0.4209171923500551,113,67,25362,23164,8255,3710,16016,22948,48063,35396,0,0,8594,4542,15429,1350,3766,248,50,0,0,217,55358,1783,8533,0,0,0,0,0
657,2539,658.0739672534071,99870,175,83,89,37,27989,14098,0.421417843196155,124,62,25406,23241,8240,3705,15964,22870,48069,35405,0,0,8582,4540,15424,1349,3773,249,52,0,0,233,55352,1780,8536,0,0,0,0,0
658,2539,659.2345756273158,99870,184,82,89,37,28029,14114,0.4219785721437869,146,68,25462,23320,8237,3703,15880,22788,48075,35414,0,0,8566,4536,15422,1351,3783,250,58,0,0,260,55335,1776,8533,0,0,0,0,0
659,2539,660.1028877159041,99870,186,82,89,37,28058,14127,0.42239911885451087,157,68,25512,23382,8223,3702,15831,22727,48081,35423,0,0,8556,4532,15419,1351,3797,250,60,0,0,284,55319,1773,8529,0,0,0,0,0
660,2539,661.258006178272,99869,201,87,90,37,28109,14147,0.4231142797064154,154,72,25582,23457,8209,3705,15762,22640,48087,35432,0,0,8538,4524,15413,1355,3810,251,68,0,0,307,55305,1772,8526,0,0,0,0,0
661,2539,662.1222451498687,99869,206,92,90,37,28141,14163,0.4235949093312239,168,82,25620,23526,8201,3699,15713,22562,48093,35441,0,0,8522,4518,15413,1355,3819,252,74,0,0,326,55296,1771,8523,0,0,0,0,0
662,2539,663.272158693761,99869,228,103,90,37,28199,14192,0.4244660505261893,177,87,25650,23600,8197,3698,15656,22473,48099,35449,0,0,8506,4513,15407,1356,3833,254,81,0,0,353,55278,1769,8519,0,0,0,0,0
663,2539,664.1332628097596,99869,237,106,90,37,28242,14207,0.4250468113228329,184,95,25684,23660,8200,3695,15603,22405,48105,35457,0,0,8491,4510,15404,1360,3838,256,87,0,0,380,55260,1763,8520,0,0,0,0,0
664,2539,665.2791516038238,99869,260,111,90,37,28304,14233,0.4259279656349818,202,94,25734,23743,8191,3693,15521,22320,48111,35465,0,0,8481,4502,15400,1365,3852,257,92,0,0,413,55232,1756,8519,0,0,0,0,0
665,2539,666.1367019879781,99869,283,108,90,37,28350,14250,0.426558792017543,212,107,25775,23788,8187,3701,15451,22257,48117,35473,0,0,8470,4494,15401,1371,3858,258,95,0,0,439,55214,1752,8517,0,0,0,0,0
666,2539,667.2775278437678,99869,311,123,90,37,28416,14280,0.42752005126716,231,116,25811,23862,8180,3700,15375,22160,48122,35481,0,0,8454,4488,15396,1373,3870,260,105,0,0,464,55195,1749,8515,0,0,0,0,0
667,2539,668.1315614130993,99869,319,135,90,37,28464,14306,0.42826102193873977,260,120,25825,23914,8182,3703,15322,22089,48127,35489,0,0,8438,4482,15394,1376,3882,260,113,0,0,493,55174,1746,8511,0,0,0,0,0
668,2539,669.2687306154544,99868,337,155,91,37,28535,14346,0.42937677734609686,278,135,25871,23980,8189,3707,15232,21984,48132,35497,0,0,8418,4472,15391,1383,3894,263,125,0,0,523,55149,1740,8510,0,0,0,0,0
669,2539,670.1199308286037,99868,364,176,91,37,28597,14388,0.43041815196058797,290,133,25895,24025,8179,3718,15179,21909,48137,35505,0,0,8404,4460,15386,1389,3912,264,134,0,0,544,55133,1738,8504,0,0,0,0,0
670,2539,671.2528576477439,99868,393,179,91,37,28683,14428,0.43167981735891375,314,144,25922,24094,8182,3730,15096,21814,48142,35512,0,0,8384,4450,15379,1393,3937,264,149,0,0,593,55089,1736,8494,0,0,0,0,0
671,2539,672.101210120879,99868,423,188,91,37,28768,14454,0.4327912844955341,305,153,25948,24140,8194,3738,15037,21742,48147,35519,0,0,8369,4442,15371,1396,3956,268,158,0,0,622,55066,1732,8488,0,0,0,0,0
672,2539,673.2308638155828,99867,446,210,92,37,28849,14499,0.4340572962039513,342,162,25948,24216,8208,3745,14962,21628,48152,35526,0,0,8356,4429,15363,1404,3972,271,165,0,0,663,55031,1728,8485,0,0,0,0,0
673,2539,674.0772989213423,99867,483,214,92,37,28927,14531,0.4351587611523326,339,173,25957,24259,8222,3761,14905,21554,48157,35533,0,0,8341,4422,15355,1412,3985,274,172,0,0,697,55004,1723,8482,0,0,0,0,0
674,2539,675.2047592378402,99867,519,228,92,37,29037,14587,0.4368209718926172,373,183,25940,24322,8246,3785,14828,21443,48162,35540,0,0,8319,4418,15338,1416,4008,277,184,0,0,768,54943,1721,8475,0,0,0,0,0
675,2539,676.0501593951709,99865,546,213,93,38,29130,14608,0.43797126120262353,398,220,25923,24349,8276,3808,14762,21370,48167,35547,0,0,8300,4412,15323,1417,4032,282,197,0,0,817,54898,1717,8470,0,0,0,0,0
676,2539,677.1772097940116,99865,569,235,93,38,29248,14669,0.43976368096930857,424,223,25907,24410,8310,3824,14695,21268,48172,35554,0,0,8272,4403,15309,1422,4066,284,220,0,0,884,54836,1713,8456,0,0,0,0,0
677,2539,678.0222807449446,99865,597,269,93,38,29332,14719,0.44110549241475994,448,224,25919,24463,8316,3825,14625,21179,48177,35561,0,0,8251,4397,15301,1427,4080,289,234,0,0,914,54813,1710,8449,0,0,0,0,0
678,2539,679.1474345724656,99865,641,279,93,38,29462,14780,0.4430180744004406,467,247,25927,24505,8340,3852,14530,21077,48181,35568,0,0,8235,4381,15291,1439,4108,292,244,0,0,993,54740,1707,8435,0,0,0,0,0
679,2539,680.2714262162459,99865,673,310,93,38,29603,14856,0.44519100786061183,488,261,25902,24551,8401,3879,14441,20959,48185,35574,0,0,8212,4369,15270,1451,4146,295,259,0,0,1073,54667,1703,8420,0,0,0,0,0
680,2539,681.1143154218947,99865,702,327,93,38,29708,14908,0.4467631302258048,510,282,25889,24554,8432,3899,14372,20898,48189,35580,0,0,8197,4360,15248,1457,4180,297,267,0,0,1130,54617,1701,8411,0,0,0,0,0
681,2539,682.2380554701814,99865,743,351,93,38,29871,14989,0.44920642867871624,552,299,25847,24593,8479,3935,14284,20782,48193,35586,0,0,8177,4344,15218,1468,4221,306,283,0,0,1220,54530,1698,8400,0,0,0,0,0
682,2539,683.0810563615637,99865,779,359,93,38,30002,15055,0.45117909177389476,574,296,25816,24606,8524,3981,14212,20718,48197,35592,0,0,8154,4333,15200,1482,4252,308,303,0,0,1303,54450,1688,8392,0,0,0,0,0
683,2539,684.2057080485514,99865,859,382,93,38,30202,15154,0.45417313373053625,579,311,25795,24613,8561,4038,14111,20616,48201,35598,0,0,8132,4318,15179,1493,4299,312,319,0,0,1408,54347,1683,8375,0,0,0,0,0
684,2539,685.0488313393407,99865,898,400,93,38,30330,15220,0.4561157562709658,615,335,25767,24644,8593,4067,14032,20514,48205,35604,0,0,8116,4309,15164,1502,4327,318,331,0,0,1483,54276,1676,8363,0,0,0,0,0
685,2539,686.1729540944124,99865,935,435,93,38,30509,15320,0.4589095278626145,663,349,25722,24674,8658,4115,13927,20387,48209,35610,0,0,8091,4291,15132,1518,4384,321,351,0,0,1584,54180,1667,8346,0,0,0,0,0
686,2539,687.0162982252416,99864,970,481,94,38,30648,15417,0.46127733717856284,709,343,25669,24696,8702,4153,13854,20287,48213,35616,0,0,8068,4279,15108,1528,4422,326,368,0,0,1658,54109,1663,8335,0,0,0,0,0
687,2539,688.1417683780362,99863,1017,494,95,38,30857,15524,0.4644462914192444,775,374,25615,24704,8784,4221,13712,20167,48217,35622,0,0,8038,4261,15074,1543,4486,332,391,0,0,1790,53980,1657,8311,0,0,0,0,0
688,2539,689.267913117734,99863,1090,539,95,38,31100,15643,0.46807125762294344,796,408,25544,24725,8877,4261,13596,20027,48221,35628,0,0,8006,4237,15042,1563,4542,336,419,0,0,1914,53857,1650,8297,0,0,0,0,0
689,2539,690.113350990113,99861,1135,552,97,38,31271,15734,0.47070427894773736,821,435,25478,24725,8949,4320,13518,19928,48225,35634,0,0,7984,4225,15015,1578,4594,339,434,0,0,2021,53752,1640,8279,0,0,0,0,0
690,2539,691.2424041285832,99859,1188,563,99,38,31505,15843,0.47414854945473117,881,452,25382,24770,9046,4390,13402,19785,48229,35639,0,0,7945,4211,14991,1594,4629,351,466,0,0,2182,53595,1630,8265,0,0,0,0,0
691,2539,692.091067713865,99859,1206,576,99,38,31664,15937,0.4766821217917263,960,473,25274,24769,9138,4445,13321,19697,48233,35644,0,0,7926,4197,14965,1609,4671,363,481,0,0,2305,53473,1624,8245,0,0,0,0,0
692,2539,693.225842246981,99859,1316,602,99,38,31957,16069,0.48093812275308184,978,505,25154,24763,9233,4517,13218,19573,48237,35649,0,0,7893,4176,14933,1634,4725,373,508,0,0,2464,53319,1615,8219,0,0,0,0,0
693,2539,694.0792879251378,99858,1358,628,100,38,32188,16172,0.4842876885176951,1010,532,25068,24769,9358,4564,13104,19467,48241,35654,0,0,7855,4156,14899,1656,4779,382,537,0,0,2596,53190,1608,8200,0,0,0,0,0
694,2539,695.2199970978909,99856,1372,670,100,40,32449,16320,0.48839328633231854,1123,574,24947,24752,9500,4640,12956,19322,48245,35659,0,0,7806,4129,14866,1684,4852,396,581,0,0,2761,53021,1597,8163,0,0,0,0,0
695,2539,696.0774608457808,99856,1437,738,100,40,32688,16459,0.4921787373818298,1172,577,24854,24742,9597,4687,12838,19214,48248,35664,0,0,7775,4113,14834,1693,4933,399,609,0,0,2870,52911,1591,8128,0,0,0,0,0
696,2539,697.2239124441148,99855,1532,767,101,40,33027,16606,0.49705072354914626,1230,642,24694,24725,9742,4769,12699,19055,48251,35669,0,0,7729,4089,14784,1733,4994,417,651,0,0,3047,52733,1570,8108,0,0,0,0,0
697,2539,698.0865881000764,99855,1595,822,101,40,33285,16757,0.5011466626608583,1247,649,24611,24707,9860,4836,12584,18944,48254,35674,0,0,7698,4066,14746,1756,5057,428,677,0,0,3192,52588,1562,8085,0,0,0,0,0
698,2539,699.2394990636076,99855,1670,898,101,40,33635,16969,0.5067748234940664,1320,678,24453,24682,10024,4923,12430,18777,48257,35679,0,0,7643,4043,14695,1780,5136,443,725,0,0,3403,52379,1548,8060,0,0,0,0,0
699,2539,700.1072601000502,99854,1757,951,101,41,33944,17133,0.5115168145492419,1348,663,24320,24654,10148,5014,12324,18675,48260,35684,0,0,7593,4023,14641,1802,5212,458,769,0,0,3554,52229,1539,8034,0,0,0,0,0
700,2539,701.2692837033901,99852,1886,996,103,41,34365,17325,0.517666145895926,1402,711,24124,24609,10316,5119,12167,18522,48263,35689,0,0,7535,3995,14588,1824,5295,477,819,0,0,3778,52002,1536,8003,0,0,0,0,0
701,2539,702.1448895078598,99851,1973,978,104,41,34665,17442,0.5218475528537521,1518,773,23953,24580,10434,5222,12016,18404,48266,35694,0,0,7496,3974,14552,1850,5356,488,849,0,0,3972,51808,1526,7980,0,0,0,0,0
702,2539,703.0241894719173,99849,2062,1039,106,41,35008,17638,0.5272561567967631,1512,773,23810,24530,10597,5326,11911,18289,48269,35699,0,0,7458,3944,14489,1877,5448,498,881,0,0,4169,51606,1517,7962,0,0,0,0,0
703,2539,704.2025375439964,99848,2157,1121,107,41,35465,17889,0.5343522153673583,1592,786,23610,24465,10819,5454,11713,18131,48272,35704,0,0,7401,3905,14408,1910,5565,521,933,0,0,4432,51343,1505,7925,0,0,0,0,0
704,2539,705.090780438539,99847,2222,1138,107,42,35816,18063,0.5396156118861859,1635,830,23448,24423,11000,5581,11586,17984,48275,35709,0,0,7352,3881,14352,1940,5654,544,974,0,0,4652,51120,1494,7884,0,0,0,0,0
705,2539,706.2819904496281,99847,2322,1201,107,42,36298,18322,0.547036966558835,1706,906,23227,24339,11232,5718,11404,17792,48278,35713,0,0,7285,3849,14274,1969,5789,561,1031,0,0,4942,50824,1484,7839,0,0,0,0,0
706,2539,707.1806094456441,99845,2389,1261,109,42,36690,18534,0.5530973008162652,1760,940,23046,24258,11422,5830,11272,17667,48281,35717,0,0,7235,3822,14212,1998,5905,575,1072,0,0,5173,50585,1470,7798,0,0,0,0,0
707,2539,708.0841757615482,99844,2511,1317,110,42,37118,18761,0.5596630743960579,1829,948,22839,24212,11601,5955,11108,17524,48284,35721,0,0,7177,3796,14151,2019,6015,589,1123,0,0,5416,50337,1465,7756,0,0,0,0,0
708,2539,709.2974688477057,99842,2662,1366,111,43,37700,19047,0.5683680214739288,1893,1010,22587,24108,11854,6135,10891,17336,48287,35725,0,0,7093,3760,14068,2057,6153,617,1197,0,0,5730,50004,1449,7714,0,0,0,0,0
709,2539,710.2138794689797,99838,2721,1418,114,44,38130,19278,0.5750115186602296,1972,1040,22363,24026,12102,6278,10726,17192,48290,35729,0,0,7016,3727,13994,2083,6273,639,1268,0,0,5986,49733,1441,7678,0,0,0,0,0
710,2539,711.1372329741223,99838,2833,1467,114,44,38593,19524,0.5821130230974179,2062,1083,22143,23948,12285,6422,10561,17034,48293,35733,0,0,6955,3699,13927,2117,6396,654,1322,0,0,6258,49443,1425,7642,0,0,0,0,0
711,2539,712.0670223272679,99837,2923,1540,115,44,39073,19772,0.5894107395053938,2148,1123,21870,23851,12536,6559,10406,16881,48296,35737,0,0,6899,3658,13852,2160,6521,677,1370,0,0,6520,49166,1408,7606,0,0,0,0,0
712,2539,713.0049863260509,99836,3020,1615,116,44,39578,20049,0.5972494891622261,2222,1185,21637,23743,12785,6699,10218,16712,48299,35741,0,0,6829,3618,13768,2197,6668,694,1435,0,0,6810,48862,1394,7561,0,0,0,0,0
713,2539,714.2674769593663,99832,3271,1666,119,45,40309,20432,0.6084321660389455,2314,1248,21267,23620,13040,6961,9987,16458,48302,35745,0,0,6742,3581,13660,2248,6839,721,1507,0,0,7219,48427,1376,7512,0,0,0,0,0
714,2539,715.2243676342306,99828,3412,1744,122,46,40860,20742,0.6170813799735545,2416,1278,20970,23523,13258,7125,9820,16282,48305,35749,0,0,6662,3551,13585,2287,6967,747,1576,0,0,7529,48097,1362,7465,0,0,0,0,0
715,2539,716.1908717379606,99827,3517,1820,122,47,41435,21051,0.6259428811844491,2538,1319,20676,23425,13513,7286,9632,16101,48308,35753,0,0,6594,3511,13492,2341,7126,769,1628,0,0,7872,47733,1345,7416,0,0,0,0,0
716,2539,717.1676963126936,99826,3619,1871,123,47,42076,21368,0.6355458497786148,2569,1393,20405,23271,13847,7487,9435,15929,48311,35757,0,0,6507,3467,13388,2393,7305,813,1707,0,0,8229,47352,1322,7343,0,0,0,0,0
717,2539,718.1547919353408,99824,3732,1997,124,48,42707,21734,0.645546161243789,2612,1427,20116,23128,14142,7655,9272,15743,48314,35761,0,0,6407,3424,13281,2443,7492,836,1794,0,0,8555,47000,1304,7288,0,0,0,0,0
718,2539,719.153441950451,99824,3873,2039,124,48,43385,22089,0.6558943740984132,2680,1458,19802,23006,14456,7890,9063,15557,48317,35765,0,0,6332,3386,13173,2489,7693,879,1856,0,0,8946,46581,1284,7205,0,0,0,0,0
719,2539,720.1645198834588,99821,4034,2054,126,49,44108,22446,0.6667334528806563,2723,1510,19427,22850,14803,8168,8885,15367,48319,35769,0,0,6247,3349,13080,2520,7890,918,1931,0,0,9387,46101,1265,7133,0,0,0,0,0
720,2539,721.1913832122244,99817,4179,2196,129,50,44844,22843,0.678110943025737,2783,1586,19076,22683,15145,8327,8686,15156,48321,35773,0,0,6158,3302,12964,2573,8085,955,2001,0,0,9769,45694,1252,7064,0,0,0,0,0
721,2539,722.2326012611309,99816,4309,2291,129,51,45572,23272,0.6897090646790094,2878,1627,18735,22515,15447,8567,8500,14947,48323,35777,0,0,6064,3254,12838,2629,8302,1003,2081,0,0,10170,45242,1236,6997,0,0,0,0,0
722,2539,723.2888209384581,99815,4437,2341,130,51,46371,23659,0.7015979562190051,2958,1710,18390,22369,15816,8808,8267,14719,48325,35781,0,0,5957,3188,12729,2694,8507,1054,2171,0,0,10622,44749,1216,6928,0,0,0,0,0
723,2539,724.001770463725,99813,4489,2388,132,51,46885,23954,0.7097171711099757,3014,1766,18154,22247,16070,8980,8139,14566,48327,35785,0,0,5874,3157,12638,2736,8688,1092,2237,0,0,10884,44442,1198,6867,0,0,0,0,0
724,2539,725.0854981863921,99813,4582,2507,132,51,47700,24420,0.7225511706891888,3119,1842,17785,22052,16472,9216,7908,14330,48329,35788,0,0,5758,3101,12513,2796,8936,1144,2337,0,0,11323,43941,1171,6793,0,0,0,0,0
725,2539,726.1870715504394,99810,4699,2642,134,52,48560,24968,0.736679691413686,3192,1864,17436,21833,16845,9529,7692,14078,48331,35791,0,0,5642,3056,12374,2838,9209,1205,2431,0,0,11810,43386,1148,6711,0,0,0,0,0
726,2539,727.3074512147945,99808,4856,2716,135,53,49453,25477,0.7507414235331837,3246,1885,17054,21647,17200,9828,7507,13869,48333,35794,0,0,5531,3003,12234,2891,9497,1273,2529,0,0,12282,42839,1126,6603,0,0,0,0,0
727,2539,728.0622490040784,99807,4924,2801,136,53,50063,25842,0.7605177993527508,3281,1956,16800,21489,17513,10009,7344,13690,48335,35797,0,0,5465,2961,12129,2927,9728,1312,2585,0,0,12597,42461,1107,6535,0,0,0,0,0
728,2539,729.1708273547064,99803,5129,2927,140,53,50977,26415,0.7754476318347144,3337,1915,16436,21291,17841,10338,7115,13474,48337,35800,0,0,5367,2906,11991,3010,10000,1383,2659,0,0,13030,41929,1078,6450,0,0,0,0,0
729,2539,730.2529492487337,99799,5200,3014,143,54,51861,26941,0.7896071102916863,3442,1956,16062,21090,18251,10646,6900,13238,48339,35803,0,0,5251,2841,11825,3076,10287,1468,2750,0,0,13517,41357,1061,6366,0,0,0,0,0
730,2539,731.3074001012952,99796,5342,3103,146,54,52767,27450,0.8038097719347469,3514,1994,15667,20853,18615,10943,6714,13051,48341,35806,0,0,5121,2776,11693,3155,10567,1540,2852,0,0,13941,40844,1035,6272,0,0,0,0,0
731,2539,732.3383820296599,99795,5464,3163,146,55,53644,27964,0.8177564006212736,3545,2026,15340,20653,18981,11260,6522,12841,48343,35809,0,0,5022,2718,11539,3230,10826,1636,2923,0,0,14384,40298,1008,6211,0,0,0,0,0
732,2539,733.0123558551759,99792,5532,3216,147,57,54220,28307,0.8269901394901394,3630,2040,15088,20522,19209,11462,6392,12701,48345,35812,0,0,4944,2688,11434,3244,11043,1686,2985,0,0,14665,39954,998,6151,0,0,0,0,0
733,2539,734.0051948647078,99789,5671,3227,150,57,55107,28770,0.8405435468839251,3627,2116,14787,20335,19556,11769,6207,12494,48347,35815,0,0,4847,2637,11298,3297,11324,1768,3053,0,0,15114,39401,980,6070,0,0,0,0,0
734,2539,735.2973076541261,99787,5793,3301,152,57,56318,29439,0.8594005231142333,3643,2227,14320,20032,20095,12179,5995,12202,48349,35818,0,0,4694,2564,11108,3380,11737,1880,3161,0,0,15703,38655,954,5951,0,0,0,0,0
735,2539,736.2416381545993,99785,5873,3372,154,57,57182,29957,0.8732675251791352,3658,2213,14053,19827,20464,12507,5796,12022,48351,35821,0,0,4592,2513,10956,3440,12037,1968,3228,0,0,16137,38112,933,5869,0,0,0,0,0
736,2539,737.1670912021701,99779,5889,3438,159,58,58032,30512,0.8874011565559887,3661,2221,13768,19625,20884,12827,5637,11829,48353,35824,0,0,4502,2449,10792,3504,12385,2055,3279,0,0,16588,37532,915,5778,0,0,0,0,0
737,2539,738.073600712262,99776,5925,3497,162,58,58828,31013,0.9004269563822963,3733,2254,13509,19410,21164,13130,5505,11649,48355,35827,0,0,4403,2398,10647,3561,12671,2141,3341,0,0,17023,36992,901,5698,0,0,0,0,0
738,2539,739.2595536504457,99770,6051,3568,166,60,59925,31695,0.9183121178711036,3752,2242,13154,19145,21562,13556,5313,11427,48357,35830,0,0,4274,2325,10479,3634,13060,2239,3425,0,0,17595,36272,874,5593,0,0,0,0,0
739,2539,740.1326001576364,99769,6125,3608,167,60,60753,32175,0.9314316070121982,3710,2276,12914,18940,21925,13858,5157,11256,48359,35833,0,0,4190,2274,10356,3693,13351,2341,3471,0,0,17965,35767,853,5508,0,0,0,0,0
740,2539,741.273644227649,99768,6211,3647,168,60,61823,32836,0.948791195573731,3710,2264,12590,18694,22349,14284,4970,11049,48361,35836,0,0,4070,2209,10160,3770,13742,2484,3547,0,0,18453,35101,830,5402,0,0,0,0,0
741,2539,742.1140884328063,99765,6227,3693,170,61,62603,33320,0.9614895003257655,3730,2279,12343,18524,22684,14550,4844,10891,48363,35839,0,0,3982,2168,10025,3807,14061,2587,3598,0,0,18791,34617,811,5318,0,0,0,0,0
742,2539,743.2146159815072,99760,6271,3746,172,64,63637,33966,0.978378107457899,3688,2288,12082,18289,23100,14931,4685,10680,48365,35842,0,0,3867,2099,9854,3884,14462,2712,3652,0,0,19272,33957,795,5206,0,0,0,0,0
743,2539,744.0263699339299,99758,6271,3746,173,65,64370,34425,0.9903466388660559,3711,2349,11898,18095,23395,15209,4550,10534,48367,35845,0,0,3776,2056,9710,3924,14756,2834,3706,0,0,19607,33492,780,5117,0,0,0,0,0
744,2539,745.091997395513,99755,6328,3741,175,66,65368,35041,1.0065560623527643,3699,2338,11626,17914,23773,15610,4397,10329,48369,35848,0,0,3666,1987,9555,3994,15128,2981,3772,0,0,20048,32854,759,5011,0,0,0,0,0
745,2539,746.1402120492866,99752,6353,3791,177,67,66345,35656,1.0225459138663886,3658,2356,11380,17694,24186,15947,4244,10143,48371,35851,0,0,3573,1940,9373,4053,15552,3117,3802,0,0,20423,32259,741,4919,0,0,0,0,0
746,2539,747.1701154033825,99750,6408,3909,178,68,67322,36269,1.0385062656641604,3599,2322,11104,17482,24603,16239,4106,9978,48373,35854,0,0,3469,1885,9204,4122,15916,3246,3852,0,0,20802,31704,719,4831,0,0,0,0,0
747,2539,748.1816780424895,99744,6393,3871,182,70,68232,36817,1.0531861565607956,3604,2370,10852,17292,24984,16602,3983,9793,48375,35857,0,0,3363,1841,9038,4169,16308,3398,3913,0,0,21178,31122,689,4725,0,0,0,0,0
748,2539,749.1780642998332,99741,6456,3914,184,71,69164,37423,1.0686377718290372,3589,2355,10600,17098,25298,16936,3871,9624,48377,35860,0,0,3284,1794,8891,4215,16696,3542,3946,0,0,21499,30576,664,4634,0,0,0,0,0
749,2539,750.161322505041,99739,6447,3933,185,72,70063,38001,1.0834678510913485,3525,2370,10410,16890,25669,17287,3762,9446,48379,35863,0,0,3194,1754,8753,4259,17091,3692,3978,0,0,21820,30027,648,4523,0,0,0,0,0
750,2539,751.130882403415,99733,6391,3918,188,75,70893,38541,1.0972697101260365,3546,2386,10183,16696,26036,17634,3654,9289,48381,35866,0,0,3111,1706,8594,4308,17508,3827,4007,0,0,22111,29496,625,4440,0,0,0,0,0
751,2539,752.0876449230515,99726,6398,3932,192,78,71760,39074,1.1113851954354932,3478,2365,9992,16566,26384,17942,3554,9115,48383,35869,0,0,3023,1666,8464,4349,17881,3978,4048,0,0,22361,29002,606,4348,0,0,0,0,0
752,2539,753.0320625156746,99718,6345,4047,197,81,72598,39689,1.126045448163822,3468,2291,9804,16396,26750,18206,3434,8977,48385,35872,0,0,2937,1622,8326,4362,18289,4122,4084,0,0,22597,28524,594,4261,0,0,0,0,0
753,2539,754.1960417899968,99714,6292,4002,199,83,73597,40356,1.1427984034338208,3472,2301,9594,16184,27114,18636,3327,8792,48387,35874,0,0,2835,1576,8152,4420,18700,4328,4118,0,0,23009,27836,571,4169,0,0,0,0,0
754,2539,755.1170961478455,99712,6244,3986,199,85,74371,40864,1.1556783536585367,3497,2226,9414,16068,27404,18987,3240,8646,48389,35876,0,0,2749,1532,8025,4451,19042,4483,4148,0,0,23276,27354,560,4092,0,0,0,0,0
755,2539,756.0293179453041,99708,6162,3988,201,87,75121,41401,1.168632406627352,3463,2186,9285,15966,27736,19288,3151,8483,48391,35878,0,0,2661,1495,7888,4493,19343,4667,4183,0,0,23543,26869,540,4026,0,0,0,0,0
756,2539,757.1572788433807,99704,6172,3953,204,88,76128,41991,1.1846967022386263,3404,2178,9108,15784,28072,19668,3038,8327,48393,35880,0,0,2566,1448,7755,4551,19752,4862,4212,0,0,23822,26303,515,3918,0,0,0,0,0
757,2539,758.0505540158128,99700,6167,3949,204,92,76892,42473,1.1972417251755265,3315,2150,9000,15690,28351,19923,2961,8194,48395,35882,0,0,2489,1417,7630,4576,20050,5036,4238,0,0,24051,25876,504,3833,0,0,0,0,0
758,2539,759.1565006195597,99698,6162,3888,205,93,77823,43070,1.2125920279243314,3246,2184,8827,15500,28686,20295,2872,8038,48397,35884,0,0,2412,1367,7491,4605,20457,5242,4247,0,0,24310,25342,491,3734,0,0,0,0,0
759,2539,760.0329499069863,99697,6152,3895,206,93,78567,43537,1.2247509955164146,3206,2151,8713,15388,28936,20546,2785,7925,48399,35886,0,0,2359,1335,7377,4616,20760,5408,4259,0,0,24510,24923,476,3674,0,0,0,0,0
760,2539,761.1184225304687,99696,6122,3935,206,94,79479,44140,1.2399594768095008,3099,2154,8585,15259,29294,20790,2692,7766,48401,35888,0,0,2285,1289,7235,4659,21146,5602,4264,0,0,24725,24437,460,3594,0,0,0,0,0
761,2539,762.192735103242,99693,6026,3915,208,95,80330,44732,1.2544712266658642,3107,2132,8446,15098,29592,21125,2619,7633,48403,35890,0,0,2210,1246,7113,4688,21554,5811,4272,0,0,24901,23937,446,3515,0,0,0,0,0
762,2539,763.0458452654409,99693,5946,3900,208,95,80976,45179,1.2654348850972486,3130,2132,8343,14979,29819,21361,2552,7531,48405,35892,0,0,2155,1212,7019,4705,21812,6005,4276,0,0,25061,23561,436,3451,0,0,0,0,0
763,2539,764.1038356262808,99688,5920,3850,211,97,81817,45702,1.279181044859963,3064,2137,8233,14848,30095,21684,2475,7382,48407,35894,0,0,2100,1180,6879,4725,22166,6215,4269,0,0,25244,23102,420,3388,0,0,0,0,0
764,2539,765.1536402770358,99686,5780,3840,212,98,82584,46253,1.2924282246253236,3038,2097,8136,14738,30424,21984,2408,7241,48408,35896,0,0,2035,1137,6750,4755,22543,6413,4273,0,0,25431,22625,401,3323,0,0,0,0,0
765,2539,766.1952611507338,99682,5680,3863,214,100,83343,46824,1.3058225155996068,3013,2059,8038,14617,30719,22245,2334,7114,48409,35898,0,0,1974,1101,6642,4792,22869,6626,4271,0,0,25593,22177,382,3255,0,0,0,0,0
766,2539,767.0227537042506,99678,5651,3805,218,100,84003,47238,1.3166496117498345,2876,2042,7980,14531,31006,22502,2267,7018,48410,35900,0,0,1919,1081,6559,4798,23136,6817,4273,0,0,25692,21831,374,3198,0,0,0,0,0
767,2539,768.0504406821628,99675,5579,3815,220,101,84744,47792,1.3296814647604716,2870,1968,7881,14442,31246,22778,2202,6894,48411,35902,0,0,1864,1061,6438,4788,23477,7030,4276,0,0,25836,21409,361,3135,0,0,0,0,0
768,2539,769.0712746792369,99671,5465,3750,224,101,85461,48290,1.3419249330296676,2886,1900,7813,14356,31475,23116,2135,6775,48412,35904,0,0,1799,1026,6314,4816,23825,7251,4269,0,0,25913,21021,355,3082,0,0,0,0,0
769,2539,770.0877442398603,99668,5396,3675,227,101,86176,48768,1.353935064413854,2884,1877,7770,14275,31642,23399,2079,6671,48413,35906,0,0,1750,999,6210,4822,24107,7500,4259,0,0,26015,20635,348,3023,0,0,0,0,0
770,2539,771.0995087034246,99664,5328,3617,228,104,86913,49253,1.3662506020227967,2801,1868,7714,14195,31899,23641,2028,6573,48414,35908,0,0,1691,978,6083,4820,24461,7720,4264,0,0,26075,20254,342,2976,0,0,0,0,0
771,2539,772.1061334891743,99658,5252,3586,231,107,87615,49721,1.3780730096931506,2766,1852,7658,14106,32119,23856,1972,6491,48415,35910,0,0,1653,954,5970,4843,24775,7922,4228,0,0,26198,19870,330,2915,0,0,0,0,0
772,2539,773.1081672516766,99652,5177,3474,235,109,88294,50176,1.3895355838317345,2730,1821,7611,14027,32317,24170,1928,6397,48416,35912,0,0,1600,919,5884,4864,25059,8154,4226,0,0,26285,19493,319,2849,0,0,0,0,0
773,2539,774.1059658605051,99647,5177,3421,240,109,89006,50577,1.400774734813893,2598,1846,7584,13948,32513,24366,1886,6308,48417,35914,0,0,1567,893,5810,4886,25292,8372,4199,0,0,26349,19165,313,2801,0,0,0,0,0
774,2539,775.0996255674211,99646,5059,3410,240,110,89639,51051,1.4118981193424724,2549,1799,7557,13885,32768,24596,1825,6198,48418,35916,0,0,1519,873,5707,4885,25538,8625,4187,0,0,26405,18860,301,2746,0,0,0,0,0
775,2539,776.0887224450966,99644,5007,3369,240,112,90284,51485,1.4227550078278672,2542,1739,7517,13851,32908,24835,1784,6092,48419,35918,0,0,1480,846,5640,4924,25740,8855,4155,0,0,26483,18527,293,2701,0,0,0,0,0
776,2539,777.0746986793106,99641,4923,3273,242,113,90909,51920,1.4334360353669675,2487,1697,7494,13793,33105,25110,1747,6012,48420,35920,0,0,1438,828,5543,4916,26028,9079,4147,0,0,26535,18185,286,2656,0,0,0,0,0
777,2539,778.0574727447357,99639,4862,3218,244,113,91561,52343,1.4442537560593744,2402,1636,7460,13745,33316,25352,1714,5934,48421,35922,0,0,1413,804,5456,4921,26288,9316,4117,0,0,26545,17883,279,2617,0,0,0,0,0
778,2539,779.0366362198725,99639,4779,3173,244,113,92166,52744,1.4543502042372967,2339,1596,7427,13701,33515,25568,1694,5847,48422,35924,0,0,1378,779,5372,4945,26570,9517,4090,0,0,26539,17608,270,2571,0,0,0,0,0
779,2539,780.0124690209088,99638,4686,3131,244,114,92745,53129,1.4640398241634718,2273,1562,7395,13666,33736,25758,1664,5767,48423,35926,0,0,1337,756,5303,4926,26788,9740,4089,0,0,26558,17342,265,2534,0,0,0,0,0
780,2539,781.1792423592688,99637,4599,3050,245,114,93427,53559,1.4752150305609362,2189,1549,7428,13617,33918,25982,1619,5686,48424,35928,0,0,1306,734,5214,4943,27053,9990,4054,0,0,26594,17006,253,2490,0,0,0,0,0
781,2539,782.1491425288185,99631,4516,2972,250,115,93939,53925,1.4841163894771707,2159,1585,7433,13551,34048,26173,1592,5602,48425,35930,0,0,1277,713,5139,4960,27214,10220,4030,0,0,26637,16736,249,2456,0,0,0,0,0
782,2539,783.117214490698,99628,4472,2975,253,115,94470,54331,1.4935660657646446,2100,1515,7421,13512,34187,26341,1565,5540,48426,35932,0,0,1258,699,5061,4965,27397,10439,3996,0,0,26653,16502,240,2418,0,0,0,0,0
783,2539,784.0832847890088,99627,4354,2948,254,115,94972,54729,1.5026147530287974,2092,1449,7434,13502,34326,26529,1538,5455,48427,35934,0,0,1222,680,4991,4962,27632,10647,3989,0,0,26637,16255,233,2379,0,0,0,0,0
784,2539,785.0476166497219,99625,4232,2889,256,115,95486,55061,1.5111367628607277,2051,1459,7447,13463,34501,26677,1511,5395,48428,35936,0,0,1194,661,4921,4979,27792,10888,3965,0,0,26641,16024,224,2336,0,0,0,0,0
785,2539,786.0096169439968,99624,4144,2835,256,116,95976,55405,1.519523408014133,2026,1425,7441,13443,34647,26851,1484,5328,48429,35938,0,0,1169,633,4846,4999,27971,11097,3928,0,0,26660,15798,220,2303,0,0,0,0,0
786,2539,787.1615681809766,99619,4101,2758,260,117,96574,55791,1.5294773085455586,1950,1427,7474,13442,34763,27012,1450,5242,48430,35940,0,0,1140,619,4764,4993,28175,11351,3910,0,0,26645,15547,216,2259,0,0,0,0,0
787,2539,788.1201719076436,99619,4015,2715,260,117,97064,56148,1.537979702667162,1897,1367,7490,13430,34910,27191,1426,5178,48431,35942,0,0,1112,608,4708,4975,28341,11583,3898,0,0,26620,15331,209,2234,0,0,0,0,0
788,2539,789.0773725992195,99617,3928,2633,260,119,97494,56471,1.5455695313048978,1927,1341,7508,13413,34966,27375,1409,5117,48432,35944,0,0,1087,593,4645,4963,28507,11798,3886,0,0,26590,15130,208,2210,0,0,0,0,0
789,2539,790.0340051355247,99614,3857,2592,262,120,97980,56822,1.5540185114542133,1854,1284,7509,13415,35126,27535,1390,5052,48433,35946,0,0,1058,577,4606,4960,28647,12020,3871,0,0,26592,14910,205,2168,0,0,0,0,0
790,2539,791.1798568413736,99612,3789,2492,264,120,98536,57138,1.562803678271694,1820,1346,7531,13401,35231,27651,1363,4988,48434,35948,0,0,1033,566,4541,4949,28837,12268,3843,0,0,26539,14698,203,2135,0,0,0,0,0
791,2539,792.1333836682699,99610,3647,2449,265,121,98936,57419,1.5696717197068568,1811,1362,7557,13408,35377,27731,1341,4927,48435,35950,0,0,1017,553,4489,4941,28974,12473,3809,0,0,26535,14506,197,2116,0,0,0,0,0
792,2539,793.0850670299998,99608,3568,2458,265,123,99347,57750,1.5771524375552164,1785,1304,7572,13414,35490,27820,1318,4879,48436,35952,0,0,1003,545,4435,4933,29120,12666,3782,0,0,26513,14330,194,2087,0,0,0,0,0
793,2539,794.0352183273303,99607,3487,2427,266,123,99776,58080,1.5847882176955435,1753,1230,7574,13435,35617,27955,1301,4828,48437,35954,0,0,984,536,4383,4912,29255,12883,3770,0,0,26479,14153,189,2063,0,0,0,0,0
794,2539,795.1740121300045,99606,3462,2365,266,124,100312,58445,1.5938497680862598,1669,1192,7617,13447,35696,28109,1288,4761,48438,35956,0,0,962,528,4326,4909,29396,13129,3740,0,0,26463,13930,184,2039,0,0,0,0,0
795,2539,796.1227550002392,99605,3367,2341,266,125,100683,58747,1.600622458711912,1634,1159,7669,13460,35791,28206,1271,4707,48439,35958,0,0,944,521,4282,4887,29548,13314,3719,0,0,26424,13770,178,2018,0,0,0,0,0
796,2539,797.0707018565143,99605,3297,2322,266,125,101070,59039,1.6074393855730134,1585,1101,7703,13484,35886,28304,1261,4662,48440,35960,0,0,930,510,4242,4896,29674,13494,3686,0,0,26383,13613,175,2002,0,0,0,0,0
797,2539,798.018405353824,99605,3221,2284,266,125,101440,59300,1.613774408915215,1576,1113,7752,13490,35933,28372,1250,4614,48441,35962,0,0,920,502,4202,4868,29809,13686,3663,0,0,26319,13477,173,1986,0,0,0,0,0
798,2539,799.1555540135504,99604,3160,2223,267,125,101902,59626,1.6217019396811374,1537,1050,7770,13510,36033,28524,1231,4566,48442,35964,0,0,898,493,4146,4858,29947,13920,3644,0,0,26277,13298,169,1954,0,0,0,0,0
799,2539,800.1025126507442,99602,3079,2176,268,126,102260,59891,1.627989397803257,1530,1015,7792,13511,36115,28633,1214,4537,48443,35966,0,0,882,486,4112,4857,30035,14123,3623,0,0,26235,13151,164,1934,0,0,0,0,0
800,2539,801.0490962196116,99602,3011,2129,268,126,102623,60124,1.6339732133892895,1498,1012,7843,13554,36181,28689,1197,4488,48444,35968,0,0,860,474,4075,4852,30127,14319,3608,0,0,26182,13031,160,1914,0,0,0,0,0
801,2539,802.1848757405771,99602,2948,2077,268,126,103017,60408,1.640780305616353,1488,989,7868,13553,36245,28805,1181,4448,48445,35970,0,0,842,463,4029,4830,30246,14525,3592,0,0,26156,12869,158,1892,0,0,0,0,0
802,2539,803.1310049041952,99602,2893,2006,268,126,103370,60637,1.646623561775868,1470,969,7906,13567,36290,28926,1171,4404,48446,35972,0,0,822,454,3998,4820,30328,14723,3575,0,0,26110,12743,157,1872,0,0,0,0,0
803,2539,804.0773440577476,99599,2822,1990,271,126,103688,60890,1.652406148656111,1461,916,7958,13600,36333,28994,1153,4372,48447,35974,0,0,803,450,3966,4811,30435,14897,3561,0,0,26035,12634,156,1851,0,0,0,0,0
804,2539,805.0237974443411,99596,2778,1935,274,126,104015,61092,1.6577673802160728,1464,914,7981,13630,36363,29057,1138,4336,48448,35976,0,0,791,444,3936,4796,30519,15068,3548,0,0,25994,12518,152,1830,0,0,0,0,0
805,2539,806.1596218545556,99595,2723,1826,274,127,104415,61334,1.6642301320347408,1394,907,8037,13668,36449,29164,1121,4306,48449,35978,0,0,778,435,3892,4786,30626,15288,3522,0,0,25937,12377,147,1807,0,0,0,0,0
806,2539,807.1063478876907,99594,2738,1791,274,128,104789,61539,1.6700604454083579,1308,915,8088,13695,36483,29208,1107,4261,48450,35979,0,0,766,430,3868,4774,30693,15459,3509,0,0,25889,12269,144,1793,0,0,0,0,0
807,2539,808.0531062442043,99594,2699,1765,274,128,105098,61762,1.675402132658594,1274,884,8133,13722,36521,29273,1097,4226,48451,35980,0,0,748,423,3835,4770,30789,15614,3499,0,0,25818,12183,139,1776,0,0,0,0,0
808,2539,809.0000739938465,99594,2650,1745,274,128,105410,61958,1.6805028415366388,1237,895,8191,13742,36562,29302,1084,4186,48452,35981,0,0,738,413,3800,4755,30862,15776,3482,0,0,25776,12089,138,1765,0,0,0,0,0
809,2539,810.1365959018825,99594,2594,1696,274,128,105783,62219,1.6868686868686869,1207,835,8259,13792,36598,29394,1066,4153,48453,35982,0,0,726,405,3760,4748,30954,15973,3464,0,0,25732,11953,136,1743,0,0,0,0,0
810,2539,811.0843604324181,99591,2542,1644,276,129,106063,62410,1.6916488437710235,1183,815,8297,13854,36644,29445,1056,4111,48454,35983,0,0,717,397,3728,4725,31040,16123,3455,0,0,25676,11860,133,1737,0,0,0,0,0
811,2539,812.0320137395323,99589,2461,1645,278,129,106313,62614,1.6962415527819337,1188,790,8341,13892,36689,29457,1041,4085,48455,35984,0,0,707,389,3703,4722,31097,16275,3430,0,0,25626,11783,133,1724,0,0,0,0,0
812,2539,813.1693580616208,99588,2418,1583,279,129,106671,62816,1.701881752821625,1160,795,8391,13938,36718,29496,1032,4057,48456,35985,0,0,697,379,3661,4724,31172,16461,3408,0,0,25580,11666,129,1711,0,0,0,0,0
813,2539,814.1177656475317,99583,2385,1544,281,132,106957,62998,1.7066668005583283,1101,792,8461,13963,36745,29540,1025,4027,48457,35986,0,0,690,376,3628,4719,31257,16600,3391,0,0,25534,11565,127,1696,0,0,0,0,0
814,2539,815.0667756915878,99582,2313,1479,282,132,107209,63166,1.7109015685565665,1117,789,8525,14007,36750,29600,1011,3991,48458,35987,0,0,688,370,3602,4695,31345,16745,3374,0,0,25485,11470,125,1683,0,0,0,0,0
815,2539,816.016684257002,99582,2278,1478,282,132,107484,63352,1.7155309192424333,1069,747,8581,14067,36786,29615,1002,3959,48459,35988,0,0,679,367,3572,4670,31445,16872,3359,0,0,25414,11407,122,1675,0,0,0,0,0
816,2539,817.1575258801134,99582,2224,1473,282,132,107780,63569,1.7206824526520856,1071,709,8642,14130,36788,29619,991,3935,48460,35989,0,0,670,363,3548,4656,31506,17030,3346,0,0,25371,11311,121,1660,0,0,0,0,0
817,2539,818.1086851841095,99580,2202,1457,284,132,108034,63749,1.7250753163285801,1046,688,8705,14176,36785,29637,976,3908,48461,35990,0,0,663,361,3526,4643,31538,17176,3336,0,0,25338,11235,120,1644,0,0,0,0,0
818,2539,819.0606646117345,99580,2139,1416,284,132,108275,63929,1.729303072906206,1033,674,8778,14216,36796,29680,968,3880,48462,35991,0,0,659,355,3505,4638,31604,17321,3314,0,0,25294,11147,117,1626,0,0,0,0,0
819,2539,820.0138175771622,99579,2100,1356,285,132,108511,64086,1.733267054298597,1023,682,8839,14254,36788,29728,963,3846,48463,35992,0,0,651,351,3476,4630,31652,17467,3302,0,0,25250,11069,117,1614,0,0,0,0,0
820,2539,821.1588634552085,99577,2067,1311,286,133,108818,64283,1.738363276660273,958,641,8905,14297,36826,29791,956,3825,48464,35993,0,0,646,346,3453,4621,31734,17621,3274,0,0,25184,10974,116,1608,0,0,0,0,0
821,2539,822.1138503502962,99577,2040,1271,286,133,109058,64428,1.7422296313405705,933,642,8957,14344,36837,29807,945,3801,48465,35994,0,0,641,345,3432,4614,31790,17760,3256,0,0,25106,10920,116,1597,0,0,0,0,0
822,2539,823.0690323667193,99576,1947,1262,287,133,109269,64588,1.7459729252028602,940,650,9019,14385,36871,29795,934,3773,48466,35995,0,0,634,343,3415,4593,31815,17912,3240,0,0,25064,10859,114,1587,0,0,0,0,0
823,2539,824.0247038450394,99576,1929,1239,287,133,109485,64735,1.749618381939423,936,648,9080,14411,36848,29814,918,3753,48467,35996,0,0,629,339,3392,4583,31879,18023,3230,0,0,25017,10797,111,1576,0,0,0,0,0
824,2539,825.1724335538186,99575,1871,1199,287,134,109779,64923,1.754476525232237,867,610,9163,14495,36909,29835,901,3725,48468,35997,0,0,623,336,3364,4561,31943,18190,3217,0,0,24962,10705,110,1564,0,0,0,0,0
825,2539,826.1293049984299,99574,1805,1202,287,135,109963,65068,1.7577982204189848,857,600,9239,14549,36917,29802,893,3710,48469,35998,0,0,617,332,3353,4560,31960,18314,3199,0,0,24930,10645,108,1556,0,0,0,0,0
826,2539,827.0869387617986,99574,1745,1172,287,135,110177,65194,1.7612127663847992,801,620,9325,14585,36952,29799,888,3687,48470,35999,0,0,613,329,3337,4556,32009,18443,3177,0,0,24864,10592,106,1548,0,0,0,0,0
827,2539,828.0451107017894,99574,1721,1121,287,135,110367,65328,1.7644666278345753,780,629,9391,14627,36942,29824,877,3662,48471,36000,0,0,609,325,3324,4549,32067,18554,3159,0,0,24813,10533,106,1535,0,0,0,0,0
828,2539,829.00482960449,99574,1669,1115,287,135,110528,65467,1.7674794625102939,778,620,9504,14668,36891,29820,869,3640,48472,36001,0,0,606,324,3314,4543,32072,18673,3145,0,0,24789,10475,105,1528,0,0,0,0,0
829,2539,830.1587435442482,99574,1631,1114,287,135,110741,65661,1.7715668748870188,766,587,9612,14754,36840,29805,862,3603,48473,36002,0,0,599,322,3297,4535,32118,18801,3134,0,0,24745,10404,103,1516,0,0,0,0,0
830,2539,831.1223449345798,99574,1563,1102,287,135,110903,65798,1.7745696667804849,765,571,9706,14811,36820,29798,857,3581,48474,36003,0,0,597,319,3286,4529,32153,18912,3114,0,0,24706,10346,102,1510,0,0,0,0,0
831,2539,832.0873891719607,99574,1539,1064,287,135,111105,65920,1.777823528230261,725,560,9785,14874,36808,29804,854,3561,48475,36004,0,0,594,318,3262,4526,32203,19019,3097,0,0,24668,10283,102,1502,0,0,0,0,0
832,2539,833.0537576520658,99574,1486,1079,287,135,111273,66062,1.7809367907285034,704,517,9878,14942,36793,29783,850,3542,48476,36005,0,0,591,316,3247,4525,32201,19139,3080,0,0,24638,10242,102,1493,0,0,0,0,0
833,2539,834.0217505389579,99574,1452,1048,287,135,111414,66194,1.7836784702834074,740,510,9938,15013,36739,29776,842,3516,48477,36006,0,0,588,311,3230,4523,32226,19245,3071,0,0,24604,10188,102,1486,0,0,0,0,0
834,2539,835.1851287812641,99574,1406,1017,287,135,111622,66342,1.78725370076526,724,504,10009,15097,36737,29759,835,3486,48478,36007,0,0,585,309,3219,4515,32257,19371,3050,0,0,24567,10116,102,1483,0,0,0,0,0
835,2539,836.1558040496583,99573,1388,1016,287,136,111780,66472,1.7901640002812007,714,479,10079,15142,36700,29756,830,3469,48479,36008,0,0,582,302,3209,4505,32286,19464,3041,0,0,24532,10073,101,1478,0,0,0,0,0
836,2539,837.1278551355181,99572,1380,993,287,137,111947,66592,1.7930643152693528,664,470,10164,15203,36679,29745,824,3450,48480,36009,0,0,580,298,3197,4499,32367,19534,3028,0,0,24467,10032,100,1470,0,0,0,0,0
837,2539,838.1013636840324,99572,1363,954,287,137,112122,66713,1.7960370385248865,641,460,10238,15280,36651,29748,818,3419,48481,36010,0,0,579,294,3179,4483,32423,19636,3020,0,0,24413,9987,99,1459,0,0,0,0,0
838,2539,839.0763362284347,99570,1323,924,289,137,112288,66807,1.798684342673496,610,475,10325,15350,36641,29713,810,3399,48482,36011,0,0,577,292,3168,4469,32463,19728,3005,0,0,24377,9936,98,1457,0,0,0,0,0
839,2539,840.0525106933518,99568,1308,922,289,139,112441,66933,1.801522577534951,594,438,10398,15419,36602,29693,807,3387,48483,36012,0,0,574,290,3153,4468,32506,19806,2992,0,0,24343,9890,97,1449,0,0,0,0,0
840,2539,841.0302875891945,99567,1271,901,290,139,112588,67027,1.8039611517872387,585,438,10491,15499,36558,29657,803,3364,48484,36013,0,0,566,287,3138,4466,32519,19908,2986,0,0,24301,9858,97,1441,0,0,0,0,0
841,2539,842.009953204347,99567,1249,878,290,139,112742,67128,1.80652224130485,558,423,10589,15574,36516,29633,796,3351,48485,36014,0,0,560,287,3122,4448,32541,20005,2980,0,0,24283,9808,97,1436,0,0,0,0,0
842,2539,843.187845091532,99567,1206,842,290,139,112904,67243,1.809304287565157,546,413,10670,15675,36495,29601,791,3328,48486,36015,0,0,558,286,3103,4440,32572,20114,2969,0,0,24235,9769,96,1425,0,0,0,0,0
843,2539,844.1710461708745,99567,1168,793,290,139,113038,67335,1.811574115921942,527,405,10748,15767,36477,29591,788,3303,48487,36016,0,0,553,286,3092,4429,32611,20208,2964,0,0,24185,9724,96,1419,0,0,0,0,0
844,2539,845.1559187982452,99567,1152,768,290,139,113175,67433,1.813934335673466,516,393,10837,15834,36417,29576,786,3288,48488,36017,0,0,548,285,3083,4431,32641,20282,2956,0,0,24149,9682,95,1415,0,0,0,0,0
845,2539,846.1424812969764,99567,1088,782,290,139,113292,67540,1.8161840770536424,516,368,10894,15923,36427,29518,783,3268,48489,36018,0,0,544,283,3066,4429,32646,20374,2947,0,0,24138,9637,94,1409,0,0,0,0,0
846,2539,847.129981296036,99567,1074,741,290,139,113422,67617,1.8182630791326444,515,366,10967,16001,36378,29499,774,3252,48490,36019,0,0,542,283,3053,4420,32658,20463,2941,0,0,24115,9596,94,1402,0,0,0,0,0
847,2539,848.1190372030964,99567,1038,745,290,139,113538,67714,1.8204023421414726,517,359,11034,16075,36349,29444,770,3236,48491,36020,0,0,538,281,3042,4410,32671,20544,2936,0,0,24091,9566,94,1394,0,0,0,0,0
848,2539,849.1094458747941,99567,1008,715,290,139,113667,67799,1.822551648638605,502,356,11131,16141,36299,29424,768,3223,48492,36021,0,0,533,277,3026,4400,32703,20621,2932,0,0,24062,9530,92,1391,0,0,0,0,0
849,2539,850.1017190031114,99566,988,700,290,140,113786,67878,1.8245585842556695,481,352,11206,16237,36269,29355,764,3214,48493,36022,0,0,531,276,3014,4391,32731,20689,2925,0,0,24037,9495,92,1385,0,0,0,0,0
850,2539,851.0959443529342,99566,974,686,290,140,113914,67973,1.826798304642147,473,331,11311,16321,36193,29329,757,3191,48494,36023,0,0,528,272,3002,4386,32757,20762,2914,0,0,24020,9454,92,1379,0,0,0,0,0
851,2539,852.0924535158946,99566,941,657,290,140,114019,68051,1.8286362814615431,464,321,11413,16390,36143,29316,747,3174,48495,36024,0,0,524,270,2996,4370,32784,20833,2911,0,0,23989,9422,91,1376,0,0,0,0,0
852,2539,853.0912491916174,99566,943,635,290,140,114142,68131,1.83067513006448,439,314,11505,16456,36076,29291,745,3162,48496,36025,0,0,523,269,2980,4367,32820,20893,2900,0,0,23958,9392,91,1373,0,0,0,0,0
853,2539,854.092136526464,99566,928,612,290,140,114247,68213,1.832553281240584,436,322,11571,16519,36035,29263,738,3142,48497,36026,0,0,521,268,2970,4358,32833,20964,2895,0,0,23941,9355,91,1370,0,0,0,0,0
854,2539,855.0949588506058,99566,923,594,290,140,114358,68274,1.834280778579033,430,328,11681,16599,35938,29207,736,3130,48498,36027,0,0,518,267,2966,4345,32845,21028,2894,0,0,23916,9335,90,1362,0,0,0,0,0
855,2539,856.100347671417,99565,911,600,291,140,114480,68368,1.8364686385778135,407,312,11757,16683,35900,29149,732,3114,48499,36028,0,0,516,263,2959,4338,32862,21092,2888,0,0,23898,9304,90,1355,0,0,0,0,0
856,2539,857.1072366263204,99564,880,592,292,140,114589,68445,1.8383552287975573,410,317,11830,16742,35860,29114,726,3093,48500,36029,0,0,512,262,2952,4330,32885,21156,2882,0,0,23864,9280,89,1352,0,0,0,0,0
857,2539,858.1157725371182,99564,859,591,292,140,114695,68539,1.8403639869832469,397,287,11916,16827,35810,29074,724,3079,48501,36030,0,0,510,261,2945,4324,32894,21230,2876,0,0,23834,9254,89,1347,0,0,0,0,0
858,2539,859.1263752892156,99564,844,583,292,140,114799,68616,1.842181913141296,397,258,11998,16907,35744,29040,723,3070,48502,36031,0,0,505,261,2938,4317,32889,21304,2874,0,0,23814,9230,88,1344,0,0,0,0,0
859,2539,860.1393388319152,99563,826,553,293,140,114906,68677,1.84388778964073,393,245,12085,17003,35683,28995,718,3062,48503,36032,0,0,501,260,2932,4316,32895,21370,2871,0,0,23797,9196,84,1341,0,0,0,0,0
860,2539,861.1542510949788,99563,820,542,293,140,115008,68742,1.845565119572532,394,249,12152,17082,35625,28934,714,3051,48504,36033,0,0,501,259,2923,4316,32903,21427,2860,0,0,23784,9169,84,1337,0,0,0,0,0
861,2539,862.1709935285847,99563,792,537,293,140,115108,68814,1.84729266896337,384,244,12234,17172,35582,28869,713,3036,48505,36034,0,0,498,258,2913,4307,32932,21485,2855,0,0,23745,9151,83,1336,0,0,0,0,0
862,2539,863.1896193116717,99562,786,521,294,140,115212,68877,1.848988569936321,363,234,12332,17258,35513,28830,710,3015,48506,36035,0,0,495,258,2903,4302,32928,21554,2852,0,0,23725,9127,83,1335,0,0,0,0,0
863,2539,864.0061964810333,99561,786,531,295,140,115293,68933,1.8503831821697252,345,226,12402,17330,35462,28766,708,3005,48507,36036,0,0,491,256,2896,4298,32931,21597,2852,0,0,23714,9112,82,1332,0,0,0,0,0
864,2539,865.0289244099557,99561,743,531,295,140,115379,68985,1.8517692670824921,357,243,12498,17420,35400,28675,705,2989,48508,36037,0,0,488,256,2886,4289,32945,21650,2848,0,0,23695,9093,82,1329,0,0,0,0,0
865,2539,866.0538197068213,99561,719,499,295,140,115477,69038,1.8532859252116793,354,244,12599,17489,35329,28646,702,2980,48509,36038,0,0,485,254,2879,4287,32966,21709,2840,0,0,23664,9071,82,1324,0,0,0,0,0
866,2539,867.0815465782737,99561,707,487,295,140,115573,69115,1.8550235533994235,348,221,12712,17584,35238,28609,698,2957,48510,36039,0,0,481,254,2873,4277,32976,21767,2838,0,0,23655,9036,82,1322,0,0,0,0,0
867,2539,868.1118211116727,99561,707,468,295,140,115668,69172,1.8565502556221813,322,229,12816,17657,35167,28561,691,2943,48511,36040,0,0,480,254,2868,4262,32977,21829,2832,0,0,23649,9013,81,1316,0,0,0,0,0
868,2539,869.1449269474666,99560,685,473,296,140,115753,69235,1.858055443953395,320,223,12912,17732,35095,28502,690,2928,48512,36041,0,0,479,253,2865,4249,32991,21880,2825,0,0,23631,8993,81,1313,0,0,0,0,0
869,2539,870.1804402744037,99560,685,463,296,140,115849,69288,1.85955202892728,306,223,12997,17824,35025,28436,689,2912,48513,36042,1,1,477,252,2861,4242,33005,21925,2820,0,0,23616,8969,81,1311,0,0,0,0,1
870,2539,871.0104668846983,99559,655,453,297,140,115901,69331,1.860524914874597,313,223,13073,17896,34973,28384,687,2902,48514,36043,2,2,476,252,2856,4238,33010,21970,2814,0,0,23598,8955,81,1307,0,0,1,0,1
871,2539,872.0501959753431,99559,635,437,297,140,115968,69384,1.8617302303156922,317,222,13162,17976,34902,28336,685,2887,48515,36044,3,3,476,252,2848,4230,33015,22020,2810,0,0,23590,8929,81,1305,0,1,1,0,1
872,2539,873.0922933988288,99559,613,427,297,140,116037,69434,1.862925501461445,324,222,13257,18076,34827,28258,680,2875,48516,36045,4,4,472,252,2844,4230,33015,22074,2805,0,0,23567,8914,81,1302,0,1,1,0,1
873,2539,874.1367551867759,99559,596,408,297,140,116129,69502,1.8645325887162385,303,201,13354,18175,34774,28215,674,2859,48517,36046,5,5,471,251,2833,4236,33030,22138,2791,0,0,23530,8895,81,1299,0,2,1,0,1
874,2539,875.1836527262402,99558,594,399,297,141,116206,69551,1.8658169107454952,309,200,13434,18268,34694,28142,670,2848,48518,36047,6,6,468,251,2831,4231,33041,22184,2787,0,0,23501,8884,80,1296,0,2,1,0,1
875,2539,876.0229768640463,99558,589,389,297,141,116274,69602,1.8670121938970248,287,186,13535,18335,34623,28108,667,2839,48519,36048,7,7,468,250,2829,4232,33046,22224,2779,0,0,23487,8863,80,1295,0,2,1,0,2
876,2539,877.075069752799,99558,590,390,297,141,116347,69651,1.8682376102372487,270,184,13662,18433,34515,28020,664,2830,48520,36049,8,8,468,250,2826,4226,33059,22257,2774,0,0,23481,8840,80,1292,0,2,1,0,2
877,2539,878.1302715927351,99557,589,383,297,142,116423,69698,1.8694918488905854,256,187,13738,18507,34458,27959,660,2820,48521,36050,9,9,466,249,2823,4220,33074,22291,2770,0,0,23472,8816,80,1291,0,2,1,0,2
878,2539,879.1876921238877,99557,576,384,297,142,116492,69751,1.8707172775395,264,187,13845,18604,34361,27875,655,2806,48522,36051,10,10,465,249,2815,4215,33089,22333,2763,0,0,23450,8803,80,1290,0,2,1,0,2
879,2539,880.035661679694,99557,544,387,297,142,116537,69786,1.8715208373092802,272,196,13906,18667,34323,27804,656,2802,48523,36052,11,11,464,249,2813,4209,33081,22375,2759,0,0,23440,8791,80,1290,0,2,1,0,3
880,2539,881.097490670829,99557,517,380,297,142,116600,69840,1.8726960434725834,272,180,14013,18752,34246,27753,653,2791,48524,36053,12,12,462,248,2808,4200,33093,22424,2758,0,0,23422,8767,80,1289,0,2,1,0,3
881,2539,882.1623335648835,99557,509,386,297,142,116677,69896,1.874031961589843,250,168,14129,18836,34162,27686,651,2780,48525,36054,14,14,461,248,2802,4196,33086,22474,2755,0,0,23411,8752,80,1285,0,2,1,0,4
882,2539,883.0163687763983,99557,472,372,297,142,116726,69932,1.8748857438452344,246,164,14209,18909,34122,27640,652,2771,48526,36055,16,16,460,244,2796,4201,33091,22520,2745,0,0,23391,8738,80,1283,0,3,1,0,4
883,2539,884.0860264980532,99556,454,358,298,142,116782,69970,1.8758487685322833,247,176,14298,18983,34051,27582,650,2757,48527,36056,19,18,458,244,2791,4199,33094,22560,2741,0,0,23378,8721,80,1280,0,3,1,0,6
884,2539,885.1583053482151,99556,449,346,298,142,116839,70014,1.8768632729318173,247,178,14401,19081,33953,27503,650,2748,48528,36057,23,21,457,244,2783,4189,33106,22598,2738,0,0,23362,8707,80,1277,0,6,2,0,7
885,2539,886.018203830128,99556,419,335,298,142,116880,70049,1.8776266623809714,248,171,14463,19159,33917,27448,653,2743,48529,36058,28,25,457,241,2777,4188,33111,22640,2733,0,0,23342,8693,80,1276,0,9,2,0,7
886,2539,887.0952523397985,99556,415,330,298,142,116941,70091,1.8786612559765359,242,176,14558,19243,33828,27369,657,2738,48530,36059,34,30,457,240,2774,4186,33128,22671,2725,0,0,23321,8676,80,1274,0,11,4,0,9
887,2539,888.1753482423044,99556,415,316,298,142,116998,70131,1.879635581984009,233,173,14644,19343,33746,27291,662,2733,48531,36060,42,36,453,240,2769,4183,33129,22715,2723,0,0,23301,8664,80,1270,0,15,4,0,10
888,2539,889.0413763161922,99556,406,317,298,142,117044,70172,1.8805094620113303,223,156,14731,19418,33676,27231,664,2734,48532,36061,51,43,452,239,2762,4182,33143,22745,2719,0,0,23281,8646,80,1268,0,21,5,0,13
889,2539,890.1270083950775,99556,422,313,298,142,117112,70209,1.881564144802925,217,154,14846,19512,33547,27141,668,2736,48533,36062,63,51,451,239,2761,4181,33124,22793,2713,0,0,23266,8634,80,1268,0,27,5,0,14
890,2539,891.2165017643623,99556,420,304,298,142,117169,70255,1.8825987383984892,212,137,14946,19603,33448,27074,674,2738,48534,36063,77,61,449,238,2757,4180,33115,22838,2710,0,0,23254,8612,79,1268,0,33,6,0,17
891,2539,892.0905745247175,99556,426,303,298,142,117218,70291,1.8834525292297801,212,125,15012,19668,33364,27007,686,2753,48535,36064,94,73,449,238,2748,4175,33105,22877,2710,0,0,23239,8599,79,1266,1,42,8,0,20
892,2539,893.186346905799,99556,416,293,298,142,117271,70328,1.884356543051147,200,133,15122,19759,33265,26907,697,2764,48536,36065,115,87,449,237,2744,4177,33116,22913,2703,0,0,23203,8584,79,1264,1,53,10,0,23
893,2539,894.0655221250053,99556,413,283,298,142,117324,70353,1.8851400216963317,183,138,15199,19824,33196,26832,709,2779,48537,36066,140,103,448,237,2742,4175,33100,22960,2700,0,0,23178,8571,79,1260,2,68,11,0,25
894,2539,895.1675919024904,99556,397,278,298,142,117371,70389,1.8859737233315923,188,144,15320,19908,33071,26723,724,2803,48538,36067,170,122,447,236,2736,4164,33088,23016,2697,0,0,23153,8561,79,1257,2,83,12,0,25
895,2539,896.0521646139373,99556,387,277,298,142,117408,70422,1.8866768451926554,183,135,15398,19956,32986,26663,746,2825,48539,36068,206,144,447,235,2732,4167,33072,23058,2688,0,0,23125,8545,78,1256,3,103,16,0,31
896,2539,897.1614024440065,99555,372,280,298,143,117465,70469,1.8877404449801618,174,129,15499,20031,32883,26567,772,2848,48540,36069,248,169,446,234,2728,4163,33054,23114,2686,0,0,23095,8520,78,1251,5,122,18,0,41
897,2539,898.0514804684082,99555,364,278,298,143,117505,70503,1.8884837526995129,171,118,15580,20084,32788,26493,797,2882,48541,36070,297,197,446,234,2721,4161,33031,23171,2682,0,0,23058,8507,78,1248,6,144,22,0,46
898,2539,899.1678774944261,99554,336,259,298,144,117548,70529,1.8891958133274405,173,118,15695,20159,32668,26389,828,2929,48542,36071,354,229,445,232,2718,4150,33024,23232,2679,0,0,23016,8484,78,1243,7,169,22,0,55
899,2539,900.0643337510581,99554,342,244,298,144,117579,70544,1.8896578741185688,203,151,15739,20207,32589,26338,827,2914,48542,36071,354,229,445,232,2717,4152,33024,23251,2675,0,0,23009,8476,78,1242,7,169,22,0,55
900,2539,900.0643337510581,99554,344,250,298,144,117593,70557,1.8899290837133615,201,144,15748,20198,32546,26287,861,2975,48542,36071,420,266,445,232,2711,4152,32988,23295,2674,0,1,22982,8461,78,1239,9,191,27,0,69
901,2539,901.1887799100898,99554,355,262,298,144,117654,70600,1.8909737428933042,202,147,15819,20251,32426,26168,898,3026,48542,36071,496,308,444,232,2704,4152,32956,23359,2670,1,12,22928,8430,78,1236,11,221,31,0,89
902,2539,902.0913216662885,99554,357,257,298,144,117705,70635,1.8918375956767182,207,150,15871,20276,32325,26082,940,3089,48542,36071,583,355,443,232,2688,4150,32910,23436,2668,2,25,22870,8401,78,1233,14,262,37,0,105
903,2539,903.2234181574955,99554,366,263,298,144,117760,70681,1.8928521204572393,223,146,15933,20307,32190,25976,988,3162,48542,36071,682,408,442,232,2681,4140,32879,23507,2667,3,34,22801,8375,78,1229,18,306,40,0,122
904,2539,904.1322410848659,99554,347,276,298,144,117801,70718,1.8936356148421962,240,140,16006,20321,32068,25864,1039,3253,48542,36071,794,467,440,232,2671,4134,32821,23596,2664,5,43,22736,8349,78,1224,21,356,45,0,139
905,2539,905.0444172067361,99554,358,269,298,144,117853,70746,1.8944391988267675,232,148,16077,20349,31935,25735,1098,3353,48542,36071,921,533,439,232,2660,4136,32764,23675,2661,6,58,22655,8314,78,1218,26,418,55,0,159
906,2539,906.1895678162741,99553,370,269,298,145,117928,70792,1.8956736612658585,219,154,16168,20376,31781,25585,1162,3469,48542,36071,1063,606,437,232,2651,4133,32697,23783,2656,8,71,22567,8284,78,1213,28,478,61,0,176
907,2539,907.109713067976,99553,375,260,298,145,117975,70821,1.8964370737195262,217,150,16206,20379,31663,25456,1239,3608,48542,36071,1222,687,437,232,2637,4133,32622,23890,2654,8,80,22476,8247,78,1207,30,546,72,0,204
908,2539,908.033478736148,99553,381,254,298,145,118029,70845,1.8972205759746066,216,161,16262,20397,31518,25280,1323,3761,48542,36071,1400,776,437,232,2628,4131,32538,24008,2649,8,86,22374,8221,78,1202,34,625,78,0,224
909,2539,909.1937900913962,99553,371,239,298,145,118094,70877,1.8981949313431037,223,173,16334,20416,31357,25098,1415,3927,48542,36071,1597,874,436,230,2617,4124,32453,24137,2645,9,103,22256,8174,78,1195,38,717,87,2,252
910,2539,910.1265133767624,99553,364,249,298,145,118143,70919,1.899109017307364,234,172,16378,20382,31205,24926,1519,4124,48542,36071,1815,981,436,229,2602,4126,32339,24275,2638,9,115,22145,8124,78,1193,38,815,100,2,289
911,2539,911.0635217855046,99552,358,244,299,145,118192,70954,1.8999718739954998,251,166,16411,20355,31055,24754,1624,4334,48542,36071,2054,1098,434,229,2588,4127,32227,24427,2633,11,121,22014,8077,78,1182,47,915,110,2,330
912,2539,912.00494340459,99552,378,259,299,145,118263,70996,1.9011069591771135,227,156,16469,20339,30888,24528,1737,4571,48542,36071,2316,1225,434,228,2571,4124,32095,24582,2631,11,131,21893,8030,78,1175,51,1025,125,2,366
913,2539,913.1883245072826,99552,375,262,299,145,118335,71044,1.9023123593699776,219,154,16521,20308,30721,24313,1863,4816,48542,36071,2602,1363,434,228,2550,4120,31968,24751,2626,11,147,21742,7970,78,1166,60,1151,138,4,408
914,2539,914.1400072432664,99552,380,263,299,145,118397,71086,1.9033570395371264,213,156,16567,20254,30535,24094,2004,5086,48542,36071,2913,1512,433,228,2529,4120,31801,24946,2623,12,160,21607,7910,78,1155,70,1268,153,4,455
915,2539,915.0972041233961,99552,383,260,299,145,118458,71120,1.9043113146898103,212,161,16584,20196,30367,23850,2153,5386,48542,36071,3250,1673,433,228,2518,4118,31650,25133,2618,12,172,21409,7842,78,1142,81,1439,164,4,511
916,2539,916.0598226009744,99550,385,272,301,145,118510,71157,1.9052435961828227,212,163,16614,20100,30176,23606,2310,5712,48542,36071,3613,1846,433,227,2505,4113,31473,25332,2615,12,181,21234,7765,78,1134,89,1601,175,6,577
917,2539,917.0281143177177,99550,383,260,301,145,118570,71192,1.9061978905072827,203,156,16622,20014,30011,23358,2478,6065,48542,36071,4003,2031,433,227,2469,4114,31289,25552,2611,12,196,21043,7690,78,1120,102,1765,206,8,635
918,2539,918.0021677927723,99550,384,266,301,145,118607,71225,1.9069010547463585,218,154,16635,19912,29791,23088,2669,6433,48542,36071,4420,2229,433,227,2441,4112,31086,25781,2609,12,201,20850,7618,78,1102,119,1939,232,8,702
919,2539,919.2290743348788,99550,376,258,301,145,118668,71266,1.9079256654947263,231,162,16676,19814,29547,22805,2867,6814,48542,36071,4864,2440,432,227,2414,4104,30874,26039,2605,13,208,20620,7535,78,1087,132,2142,254,11,775
920,2539,920.2178427020768,99550,405,246,301,145,118741,71296,1.9089603214465094,218,174,16662,19678,29340,22510,3072,7245,48542,36071,5335,2664,432,225,2391,4104,30655,26286,2601,13,217,20400,7432,78,1077,141,2345,274,15,864
921,2539,921.2135769803606,99549,385,241,301,146,118784,71336,1.9098132577926448,236,174,16666,19547,29120,22220,3290,7670,48542,36071,5833,2901,430,225,2358,4108,30406,26565,2593,15,226,20174,7331,78,1061,156,2549,304,20,950
922,2539,922.2166398200591,99549,381,244,301,146,118833,71372,1.9106671086600568,238,165,16655,19393,28900,21901,3523,8149,48542,36071,6357,3152,428,225,2331,4105,30155,26848,2588,17,232,19940,7238,78,1051,163,2763,330,25,1032
923,2539,923.2274374468706,99549,384,247,301,146,118898,71406,1.9116615937879837,235,160,16647,19239,28663,21570,3768,8636,48542,36071,6906,3416,428,225,2304,4100,29868,27167,2582,17,238,19692,7146,78,1033,179,2997,352,26,1117
924,2539,924.2463950391096,99549,381,243,301,146,118958,71436,1.9125656711770083,234,162,16625,19066,28443,21223,4014,9158,48542,36071,7479,3694,426,225,2266,4096,29607,27465,2578,19,249,19411,7043,78,1015,195,3253,388,27,1208
925,2539,925.0161470296276,99549,387,245,301,146,119002,71467,1.9133190690011954,230,156,16584,18876,28206,20879,4290,9696,48542,36071,8074,3985,426,225,2241,4098,29315,27785,2572,19,252,19126,6937,78,998,212,3514,413,31,1307
926,2539,926.0515109112931,99548,386,241,301,147,119057,71509,1.9143126933740506,223,146,16550,18682,27966,20535,4572,10247,48542,36071,8690,4289,426,225,2205,4096,29021,28116,2568,19,257,18829,6818,78,988,222,3780,448,37,1415
927,2539,927.0961011530877,99548,394,239,301,147,119114,71548,1.9152770522762887,211,146,16554,18514,27670,20138,4868,10814,48542,36071,9325,4606,424,225,2175,4094,28687,28479,2567,21,267,18539,6710,78,972,236,4049,475,40,1510
928,2539,928.1515206551516,99548,397,239,301,147,119178,71588,1.9163217744203802,206,145,16513,18315,27410,19764,5171,11388,48542,36071,9977,4935,424,225,2139,4092,28374,28830,2560,21,280,18248,6588,78,959,249,4311,511,42,1617
929,2539,929.2171481423841,99547,391,250,302,147,119232,71637,1.917375711975248,197,128,16464,18113,27150,19390,5494,11970,48542,36071,10643,5276,423,225,2100,4091,28040,29201,2556,22,285,17947,6479,78,943,264,4583,548,48,1714
930,2539,930.0234405586722,99547,361,242,302,147,119272,71662,1.9180286698745317,207,134,16399,17888,26902,19001,5827,12586,48542,36071,11322,5628,422,225,2061,4090,27712,29559,2552,23,291,17635,6344,78,931,274,4875,584,56,1835
931,2539,931.109323063809,99547,345,239,302,147,119321,71694,1.9188423558721006,198,138,16364,17666,26633,18639,6156,13169,48542,36071,12010,5990,422,225,2012,4084,27393,29915,2549,23,297,17295,6222,78,904,299,5190,632,59,1948
932,2539,932.2066762661152,99547,334,245,302,147,119375,71737,1.919816769967955,194,130,16316,17437,26347,18252,6505,13787,48542,36071,12706,6362,421,225,1977,4082,27045,30294,2544,24,304,16956,6099,78,881,322,5505,667,67,2056
933,2539,933.0378540532927,99547,333,253,302,147,119411,71771,1.9205199553979526,209,128,16225,17192,26066,17875,6863,14403,48542,36071,13407,6744,421,225,1934,4080,26697,30667,2540,24,300,16667,5966,78,869,332,5778,709,74,2186
934,2539,934.1590624101237,99547,337,252,302,147,119475,71808,1.9215345515183782,196,126,16185,16951,25762,17491,7216,15031,48542,36071,14110,7134,421,225,1901,4075,26339,31064,2538,24,300,16341,5849,77,850,348,6079,740,82,2294
935,2539,935.0087103778819,99547,332,250,302,147,119508,71830,1.9220870543562338,204,124,16093,16731,25489,17081,7578,15665,48542,36071,14813,7531,420,224,1867,4077,25963,31464,2531,25,301,16023,5729,77,833,365,6380,773,87,2408
936,2539,936.1553106528945,99547,315,244,302,147,119552,71863,1.9228605583292315,216,125,16051,16494,25166,16715,7948,16273,48542,36071,15513,7935,420,223,1833,4073,25625,31850,2529,25,302,15676,5612,77,816,381,6692,802,95,2516
937,2539,937.0251886719108,99547,323,227,302,147,119605,71883,1.9235938802776578,203,128,15982,16249,24868,16372,8320,16875,48542,36071,16209,8345,420,223,1795,4072,25272,32234,2525,24,306,15334,5504,77,803,393,7013,837,101,2614
938,2539,938.2002635188703,99547,340,236,302,147,119681,71923,1.9247591589902258,192,115,15898,16052,24579,16000,8687,17448,48542,36071,16898,8759,420,223,1750,4067,24900,32640,2519,24,311,15019,5412,77,778,417,7310,878,103,2699
939,2539,939.0908993781194,99547,335,236,302,147,119719,71946,1.925371934864938,187,118,15805,15835,24295,15637,9074,18025,48542,36071,17578,9177,419,222,1718,4067,24567,32999,2516,25,311,14678,5302,76,751,442,7634,908,109,2803
940,2539,940.2938600648012,99547,335,225,302,147,119772,71981,1.926255939405507,195,119,15777,15665,23946,15258,9443,18584,48542,36071,18247,9598,418,221,1689,4065,24202,33405,2511,26,319,14343,5199,76,730,459,7942,935,116,2891
941,2539,941.2077267137228,99547,315,233,302,147,119806,72011,1.9268988517986478,201,110,15708,15435,23651,14919,9821,19154,48542,36071,18903,10020,418,221,1658,4059,23821,33811,2510,26,320,14035,5077,76,714,475,8232,966,124,3004
942,2539,942.133147148173,99547,313,231,302,147,119855,72038,1.9276623102655028,197,114,15660,15211,23333,14601,10193,19694,48542,36071,19546,10443,416,221,1626,4053,23421,34237,2509,28,324,13749,4956,76,705,484,8502,995,130,3115
943,2539,943.0711628547904,99547,320,215,302,147,119906,72064,1.9284358142385003,192,109,15584,15022,23030,14280,10570,20225,48542,36071,20173,10866,414,220,1595,4054,23091,34600,2504,30,320,13438,4841,76,690,496,8789,1026,140,3223
944,2539,944.021778227121,99547,320,215,302,147,119951,72092,1.9291691361869268,192,105,15498,14830,22747,13947,10939,20754,48542,36071,20784,11288,414,219,1551,4056,22742,34974,2501,30,328,13146,4746,76,681,505,9063,1066,144,3305
945,2539,945.3070568127824,99547,318,221,302,147,120014,72127,1.9301535957889238,184,107,15444,14701,22453,13604,11297,21218,48542,36071,21378,11708,412,218,1516,4052,22412,35336,2498,32,327,12849,4638,76,661,525,9339,1099,152,3405
946,2539,946.2826302625682,99547,317,216,302,147,120060,72151,1.9308567812189217,181,118,15371,14551,22150,13283,11677,21683,48542,36071,21954,12125,412,217,1489,4048,22057,35715,2495,32,327,12577,4542,76,647,537,9599,1124,161,3492
947,2539,947.2711119043965,99547,319,221,302,147,120100,72185,1.9316001486734908,175,110,15288,14380,21869,13009,12045,22131,48542,36071,22511,12538,412,217,1460,4038,21748,36054,2493,32,328,12316,4435,76,635,546,9847,1151,170,3589
948,2539,948.2726600876294,99547,317,222,302,147,120139,72216,1.9323033341034888,187,100,15199,14224,21594,12737,12399,22568,48542,36071,23049,12947,412,217,1428,4035,21424,36408,2491,32,326,12045,4339,76,620,559,10097,1181,181,3676
949,2539,949.2868523253103,99547,338,204,302,147,120201,72237,1.9331371111133435,172,106,15127,14087,21320,12482,12739,22972,48542,36071,23568,13351,412,217,1397,4032,21114,36746,2488,32,322,11793,4242,76,600,578,10331,1210,196,3761
950,2539,950.3140211472053,99546,335,201,302,148,120252,72266,1.9339601792136298,160,96,15060,13936,21057,12253,13084,23364,48542,36071,24068,13749,411,216,1368,4032,20790,37101,2485,33,318,11548,4159,75,591,586,10551,1238,206,3838
951,2539,951.0060605140028,99546,319,204,302,148,120279,72285,1.9344222771382074,164,97,14955,13764,20817,12012,13441,23773,48542,36071,24548,14140,411,214,1353,4028,20490,37418,2482,33,320,11321,4062,75,581,596,10770,1253,213,3926
952,2539,952.0584097949965,99546,324,203,302,148,120335,72313,1.9352661081309144,156,101,14904,13644,20545,11787,13767,24115,48542,36071,25009,14525,408,214,1331,4028,20200,37737,2476,36,320,11100,3988,75,573,604,10971,1272,220,3993
953,2539,953.1244076095095,99546,319,204,302,148,120380,72338,1.9359693006248369,149,99,14840,13537,20311,11574,14077,24436,48542,36071,25451,14902,408,214,1308,4023,19943,38026,2474,36,319,10863,3896,75,560,615,11189,1292,225,4080
954,2539,954.2034824713213,99546,313,197,302,148,120425,72362,1.9366624475117031,143,106,14791,13430,20053,11371,14396,24746,48542,36071,25874,15271,407,213,1281,4020,19679,38325,2470,37,317,10649,3815,75,545,626,11386,1314,231,4156
955,2539,955.296250111213,99546,295,185,302,148,120456,72391,1.9372651839350652,158,110,14749,13351,19806,11170,14688,25034,48542,36071,26279,15632,406,212,1257,4022,19390,38642,2466,38,323,10435,3744,75,532,637,11582,1333,238,4214
956,2539,956.0323643318235,99546,292,188,302,148,120489,72412,1.937807646716091,157,101,14674,13230,19579,10985,14994,25346,48542,36071,26666,15985,406,212,1237,4020,19129,38920,2464,38,322,10240,3673,75,520,648,11765,1353,248,4276
957,2539,957.151724284647,99546,294,199,302,148,120535,72448,1.9386313864946858,163,85,14632,13179,19335,10789,15272,25598,48542,36071,27035,16329,406,209,1217,4023,18868,39203,2459,38,324,10043,3605,75,511,656,11948,1372,253,4336
958,2539,958.2851386209123,99546,282,185,302,148,120580,72475,1.9393546702027205,154,92,14625,13117,19101,10629,15534,25827,48542,36071,27387,16664,406,208,1190,4022,18641,39469,2455,38,322,9856,3541,73,504,659,12111,1396,262,4393
959,2539,959.0486066987723,99546,286,185,302,148,120608,72490,1.9397866313061298,156,85,14585,13054,18868,10461,15801,26065,48542,36071,27723,16990,406,207,1166,4022,18405,39718,2454,38,320,9690,3480,73,496,666,12269,1418,268,4450
960,2539,960.2105928143272,99545,296,179,303,148,120661,72514,1.9405796373499422,148,86,14575,13027,18635,10297,16041,26261,48542,36071,28043,17307,406,206,1144,4019,18199,39952,2451,38,317,9522,3429,73,482,678,12424,1434,272,4499
961,2539,961.387278634259,99545,297,173,303,148,120712,72535,1.9413029283238736,145,88,14583,13006,18398,10147,16272,26436,48542,36071,28348,17615,405,205,1126,4016,17993,40181,2449,39,321,9353,3365,73,470,689,12577,1452,280,4551
962,2539,962.1800671710633,99545,309,178,303,148,120751,72560,1.9419458536340348,139,77,14569,12948,18170,10010,16508,26637,48542,36071,28638,17914,404,205,1108,4014,17794,40398,2448,40,322,9208,3311,73,463,695,12712,1466,284,4600
963,2539,963.3865958098913,99544,294,184,303,149,120787,72590,1.9426283854375954,154,68,14565,12959,17975,9856,16707,26782,48542,36071,28914,18203,403,205,1090,4018,17583,40636,2442,41,324,9084,3251,72,460,696,12817,1480,292,4650
964,2539,964.198560436385,99544,280,180,303,149,120818,72604,1.9430804468375793,145,73,14534,12889,17796,9731,16940,26976,48542,36071,29176,18483,403,205,1075,4013,17391,40846,2441,41,321,8945,3207,72,451,705,12945,1494,299,4690
965,2539,965.018925783323,99544,278,174,303,149,120848,72619,1.9435325082375632,140,70,14508,12856,17615,9612,17154,27137,48542,36071,29425,18754,402,205,1066,4011,17213,41042,2440,42,315,8830,3163,72,442,712,13051,1500,310,4728
966,2539,966.2646999166487,99544,270,174,303,149,120890,72647,1.9442357148597604,141,64,14505,12877,17455,9494,17324,27240,48542,36071,29662,19016,401,205,1049,4005,17045,41234,2437,43,319,8687,3125,72,437,717,13181,1515,318,4754
967,2539,967.1018750032936,99544,257,169,303,149,120912,72662,1.944607409788636,153,65,14484,12870,17286,9370,17515,27375,48542,36071,29887,19269,399,205,1036,4007,16870,41425,2433,45,319,8565,3083,72,432,721,13292,1526,328,4786
968,2539,968.3607281639936,99544,254,157,303,149,120957,72680,1.9452402957486137,146,58,14528,12916,17078,9263,17689,27455,48542,36071,30101,19514,398,204,1015,4003,16706,41614,2430,46,326,8463,3029,72,429,723,13382,1544,334,4826
969,2539,969.1955905907976,99544,263,153,303,149,120992,72692,1.9457124487663746,136,58,14513,12897,16919,9161,17864,27580,48542,36071,30304,19750,398,203,1000,4000,16548,41785,2429,46,326,8357,2995,72,427,725,13482,1557,339,4855
970,2539,970.0220220320127,99544,265,154,303,149,121021,72705,1.946134372739693,132,64,14504,12866,16757,9075,18037,27690,48542,36071,30497,19978,398,202,984,3999,16401,41943,2426,46,326,8265,2963,72,421,731,13568,1573,342,4884
971,2539,971.247849237995,99544,289,153,303,149,121074,72726,1.9468777625974443,116,57,14548,12917,16580,8972,18162,27750,48542,36071,30680,20198,397,202,975,3997,16262,42098,2424,47,329,8167,2919,72,418,734,13655,1581,349,4918
972,2539,972.0600798993955,99544,291,141,303,149,121101,72735,1.9472394117174314,112,61,14548,12913,16435,8897,18309,27837,48542,36071,30854,20410,397,202,961,3997,16120,42254,2421,47,326,8074,2891,72,412,740,13738,1595,358,4939
973,2539,973.2671603585127,99544,280,126,303,149,121129,72747,1.9476412440729727,130,67,14586,12940,16276,8807,18423,27909,48542,36071,31019,20614,397,202,950,3994,15983,42409,2420,47,327,7982,2855,72,409,742,13817,1606,368,4964
974,2539,974.0676171922441,99544,278,129,303,149,121151,72766,1.9480531222374025,135,67,14586,12930,16139,8729,18557,27994,48542,36071,31175,20810,397,202,935,3991,15861,42545,2419,47,325,7895,2828,72,403,748,13895,1620,374,4987
975,2539,975.2583289010189,99544,272,136,303,149,121192,72789,1.9486960540062686,134,62,14647,13004,15996,8640,18646,28007,48542,36071,31324,20999,396,202,924,3990,15740,42686,2412,48,325,7806,2805,72,394,757,13973,1630,379,5005
976,2539,976.0488493472099,99544,271,132,303,149,121224,72799,1.9491179779795869,131,64,14642,13024,15878,8580,18773,28049,48542,36071,31465,21181,395,202,913,3988,15626,42812,2409,49,325,7748,2770,72,390,761,14024,1641,387,5032
977,2539,977.2255232843985,99544,269,139,303,149,121265,72824,1.94978100136623,135,58,14686,13099,15745,8500,18860,28053,48542,36071,31599,21356,394,201,906,3990,15512,42946,2407,50,323,7677,2741,72,385,764,14080,1646,393,5057
978,2539,978.0067320447531,99544,265,138,303,149,121291,72837,1.9501727879128827,138,56,14683,13134,15648,8433,18961,28088,48542,36071,31726,21524,394,201,898,3986,15395,43076,2405,50,325,7607,2719,72,382,767,14143,1654,396,5074
979,2539,979.1712608842106,99544,274,129,303,149,121344,72847,1.9508056738728603,116,69,14729,13209,15536,8361,19040,28081,48542,36071,31847,21686,394,201,888,3980,15299,43189,2404,50,332,7546,2686,72,380,767,14197,1663,400,5096
980,2539,980.3311144675271,99544,264,117,303,149,121376,72864,1.9512979185083983,115,75,14770,13269,15411,8291,19135,28097,48542,36071,31962,21841,393,201,882,3976,15196,43313,2401,51,336,7484,2667,72,376,771,14245,1669,405,5106
981,2539,981.1012411892676,99544,248,110,303,149,121391,72878,1.9515892469661658,123,83,14786,13297,15320,8236,19218,28123,48542,36071,32071,21990,393,201,873,3973,15124,43402,2399,51,330,7416,2650,72,373,774,14301,1678,415,5119
982,2539,982.2503547677272,99544,238,113,303,149,121424,72901,1.9521518122639234,121,76,14866,13379,15208,8178,19262,28103,48542,36071,32174,22133,393,200,863,3974,15025,43516,2396,51,333,7359,2627,72,371,776,14347,1687,422,5132
983,2539,983.0149646196511,99544,242,119,303,149,121452,72914,1.9525636904283532,114,74,14887,13422,15112,8113,19340,28121,48542,36071,32272,22271,392,200,859,3970,14943,43610,2394,52,333,7314,2602,72,367,780,14386,1691,423,5156
984,2539,984.1569188306319,99543,228,120,303,150,121488,72932,1.9531257848367036,116,73,14956,13533,15016,8042,19379,28080,48542,36071,32365,22403,391,198,847,3964,14869,43710,2393,53,331,7262,2586,72,364,782,14426,1699,428,5168
985,2539,985.2962868296679,99543,213,108,303,150,121514,72940,1.9534673457701697,122,79,15016,13623,14916,7993,19428,28045,48542,36071,32454,22530,390,197,838,3958,14785,43817,2392,54,333,7217,2570,72,358,786,14460,1706,430,5180
986,2539,986.0544179789002,99543,206,111,303,150,121530,72954,1.9537687230644043,123,79,15047,13683,14824,7928,19495,28047,48542,36071,32538,22652,389,197,832,3957,14714,43897,2392,55,328,7171,2554,72,357,786,14502,1711,435,5194
987,2539,987.1872328611997,99543,198,111,303,150,121564,72978,1.954351385833258,113,79,15118,13754,14733,7888,19533,28016,48542,36071,32618,22769,389,197,827,3947,14651,43981,2390,55,326,7136,2537,72,356,786,14530,1715,446,5202
988,2539,988.3177750844181,99543,206,114,303,150,121599,72999,1.954913956782496,107,68,15173,13843,14646,7849,19563,27974,48542,36071,32694,22882,389,197,823,3946,14583,44062,2389,55,325,7087,2520,72,351,791,14570,1718,449,5216
989,2539,989.0705268959441,99543,201,119,303,150,121618,73019,1.955305747265001,102,62,15204,13889,14574,7811,19614,27967,48542,36071,32767,22990,388,197,819,3944,14523,44136,2388,56,328,7034,2510,72,350,792,14613,1721,453,5219
990,2539,990.1963869555836,99543,195,123,303,150,121645,73040,1.9557879509357765,105,57,15267,13990,14489,7771,19639,27907,48542,36071,32836,23094,388,197,816,3944,14467,44208,2385,56,331,6987,2497,72,346,795,14650,1722,455,5227
991,2539,991.3208844554424,99543,186,126,303,150,121679,73056,1.9562902464261676,98,52,15343,14059,14429,7727,19639,27884,48542,36071,32902,23194,387,197,812,3940,14411,44287,2382,56,332,6949,2481,72,346,795,14674,1725,460,5237
992,2539,992.0707602667999,99543,184,120,303,150,121696,73060,1.9565012105321318,98,60,15361,14103,14358,7688,19694,27877,48542,36071,32965,23290,387,197,809,3940,14348,44357,2379,56,330,6921,2474,72,343,797,14699,1728,466,5240
993,2539,993.1924509479738,99543,176,117,303,150,121718,73074,1.9568628632852134,101,57,15438,14207,14270,7638,19710,27829,48542,36071,33025,23382,386,197,802,3937,14294,44430,2376,57,330,6881,2468,71,341,798,14731,1733,470,5241
994,2539,994.3130624229084,99543,183,118,303,150,121749,73091,1.9573450669559889,88,55,15522,14326,14187,7599,19715,27750,48542,36071,33082,23470,386,197,798,3934,14245,44493,2374,57,331,6842,2457,71,340,798,14763,1736,471,5250
995,2539,995.0599650115291,99542,184,121,304,150,121768,73104,1.9576862028088646,100,48,15559,14387,14112,7569,19739,27723,48542,36071,33136,23555,386,197,789,3934,14192,44553,2373,57,330,6813,2448,71,339,798,14787,1744,473,5258
996,2539,996.1785422920458,99542,173,117,304,150,121798,73117,1.9581181812702175,100,54,15633,14484,14047,7535,19741,27658,48542,36071,33188,23637,386,197,785,3933,14145,44617,2370,57,332,6779,2435,70,337,800,14810,1747,477,5265
997,2539,997.2974081432133,99542,174,120,304,150,121823,73138,1.958580297763758,92,47,15702,14589,13979,7503,19747,27589,48542,36071,33237,23715,385,197,777,3932,14107,44671,2370,58,332,6749,2428,69,333,801,14832,1753,480,5268
998,2539,998.0430930889602,99542,172,117,304,150,121842,73144,1.9588314480319864,95,60,15741,14641,13913,7479,19773,27551,48542,36071,33284,23790,385,197,774,3933,14059,44726,2368,58,333,6724,2416,69,332,802,14853,1754,484,5275
999,2539,999.159950037989,99542,163,118,304,150,121863,73161,1.9592131964396937,95,59,15824,14710,13853,7459,19759,27502,48542,36071,33329,23862,385,197,772,3931,14024,44777,2364,58,337,6691,2405,69,331,803,14878,1754,487,5279
1000,2539,1000.2777255999413,99542,155,112,304,150,121883,73179,1.959594944847401,107,56,15882,14794,13796,7442,19754,27444,48542,36071,33372,23932,385,197,769,3927,13988,44835,2362,58,336,6664,2395,69,329,805,14891,1756,491,5285
1001,2539,1001.0230168688425,99542,152,110,304,150,121898,73188,1.9598360491049005,110,53,15908,14862,13748,7416,19776,27407,48542,36071,33413,23999,385,196,767,3924,13950,44888,2362,58,335,6638,2385,69,327,806,14909,1756,496,5291
1002,2539,1002.1397634372797,99541,144,107,304,151,121928,73201,1.9602877206377272,101,59,16001,14945,13692,7380,19756,27356,48542,36071,33452,24063,384,196,764,3925,13915,44941,2359,59,335,6612,2374,69,326,807,14921,1757,500,5297
1003,2539,1003.2577503363273,99541,151,98,304,151,121955,73219,1.960739795662089,93,58,16094,15057,13609,7363,19747,27271,48542,36071,33489,24125,384,196,762,3921,13879,44995,2358,59,339,6590,2366,69,326,806,14931,1759,503,5298
1004,2539,1004.0033595388439,99541,144,95,304,151,121974,73230,1.9610411790116635,81,55,16145,15125,13569,7340,19755,27232,48542,36071,33525,24184,384,196,759,3922,13838,45044,2356,59,337,6570,2355,69,325,807,14946,1761,507,5306
1005,2539,1005.1215255222322,99541,151,106,304,151,122001,73246,1.9614731618127204,83,50,16248,15234,13493,7298,19719,27159,48542,36071,33559,24241,382,196,758,3922,13795,45093,2355,61,338,6554,2351,69,322,809,14958,1762,509,5307
1006,2539,1006.2414020739636,99541,144,102,304,151,122021,73262,1.96183482183221,87,50,16315,15338,13444,7273,19704,27084,48542,36071,33591,24296,381,195,757,3924,13756,45146,2352,62,335,6531,2346,69,320,810,14972,1761,518,5306
1007,2539,1007.3622321829038,99541,147,101,304,151,122047,73275,1.9622266201866567,75,47,16403,15445,13387,7246,19682,27008,48542,36071,33622,24349,381,194,755,3927,13729,45183,2349,62,337,6513,2335,69,318,812,14982,1762,520,5313
1008,2539,1008.1101476912465,99540,141,96,305,151,122056,73283,1.9624171187462327,82,45,16478,15511,13324,7238,19668,26957,48542,36071,33652,24400,381,194,754,3928,13704,45216,2347,62,335,6493,2328,69,318,812,14994,1763,523,5319
1009,2539,1009.2330390805638,99540,135,94,305,151,122078,73295,1.9627586899738798,78,45,16563,15610,13275,7216,19642,26882,48542,36071,33680,24449,381,193,752,3927,13676,45256,2346,62,337,6471,2322,69,318,812,15010,1763,523,5322
1010,2539,1010.3577798386165,99540,131,92,305,151,122098,73306,1.9630701225637934,73,49,16661,15737,13218,7190,19610,26779,48542,36071,33707,24496,380,193,750,3919,13655,45295,2345,63,335,6455,2317,69,317,813,15018,1764,529,5323
1011,2539,1011.1086170849873,99540,126,88,305,151,122106,73314,1.9632308619650392,77,47,16717,15809,13166,7172,19607,26731,48542,36071,33733,24541,380,193,745,3919,13636,45326,2344,63,336,6435,2313,69,315,815,15028,1768,532,5323
1012,2539,1012.2356008746772,99540,130,88,305,151,122128,73325,1.9635623869801084,73,51,16818,15919,13099,7139,19573,26650,48542,36071,33758,24585,380,193,743,3919,13612,45355,2342,63,337,6417,2309,69,315,814,15045,1769,533,5325
1013,2539,1013.3644369824583,99540,126,94,305,151,122146,73347,1.9639642354832227,78,42,16914,16006,13038,7116,19537,26589,48542,36071,33782,24627,380,192,739,3914,13591,45394,2340,63,338,6404,2304,69,315,812,15052,1772,536,5325
1014,2539,1014.1179978639146,99540,126,96,305,151,122160,73354,1.9641752059473578,73,40,16966,16066,12995,7103,19533,26542,48542,36071,33805,24667,380,192,738,3910,13577,45415,2340,63,338,6381,2298,69,315,812,15072,1773,537,5330
1015,2539,1015.2491494576213,99540,121,88,305,151,122183,73364,1.9645067309624271,67,44,17062,16171,12956,7084,19487,26460,48542,36071,33827,24706,380,191,734,3905,13565,45442,2339,63,342,6362,2292,69,314,811,15085,1777,542,5327
1016,2539,1016.0046563326448,99540,123,86,305,151,122197,73371,1.9647177014265622,68,46,17115,16236,12909,7063,19478,26416,48542,36071,33848,24744,379,191,732,3904,13548,45468,2338,64,341,6350,2288,69,314,811,15091,1779,545,5328
1017,2539,1017.1389256633895,99540,125,79,305,151,122218,73380,1.965019087803898,68,43,17202,16350,12853,7045,19445,26330,48542,36071,33868,24780,379,191,727,3901,13526,45505,2338,64,343,6338,2281,69,312,811,15094,1783,546,5332
1018,2539,1018.275267637747,99540,112,72,305,151,122230,73386,1.9651999196302994,72,48,17325,16471,12799,7017,19385,26239,48542,36071,33887,24815,378,191,727,3898,13505,45537,2337,65,343,6323,2276,69,311,812,15104,1783,546,5335
1019,2539,1019.0347748255197,99540,111,68,305,151,122240,73395,1.9653907976692786,73,48,17362,16567,12775,7000,19372,26164,48542,36071,33906,24849,378,190,724,3894,13487,45565,2337,65,343,6312,2272,69,311,812,15110,1786,550,5335
1020,2539,1020.1753659723133,99540,111,75,305,151,122260,73412,1.9657625075346594,70,40,17463,16688,12725,6968,19324,26076,48542,36071,33924,24881,378,190,724,3894,13471,45590,2336,65,343,6297,2268,69,311,812,15117,1786,551,5338
1021,2539,1021.3184881553952,99540,110,69,305,151,122274,73420,1.9659835242113723,70,37,17549,16800,12673,6955,19291,25986,48542,36071,33941,24912,378,190,724,3894,13457,45613,2335,65,344,6275,2263,69,310,813,15131,1786,554,5339
1022,2539,1022.0819128696902,99540,109,69,305,151,122282,73431,1.9661744022503516,73,33,17600,16861,12633,6944,19278,25940,48542,36071,33957,24942,378,190,723,3893,13439,45639,2335,65,345,6263,2258,69,309,812,15139,1786,556,5341
1023,2539,1023.2281161529052,99540,115,70,305,151,122303,73443,1.9665059272654208,72,31,17690,16974,12577,6914,19239,25858,48542,36071,33973,24971,378,190,722,3893,13418,45668,2334,65,345,6245,2254,69,309,811,15151,1787,557,5344
1024,2539,1024.3764704481068,99540,105,61,305,151,122317,73448,1.9666968053044003,67,33,17799,17092,12530,6891,19192,25770,48542,36071,33988,24999,378,189,719,3892,13406,45694,2332,65,346,6234,2251,69,309,811,15152,1790,561,5342
1025,2539,1025.1435519840522,99540,107,58,305,151,122328,73453,1.966857544705646,66,32,17852,17159,12490,6872,19178,25726,48542,36071,34003,25026,378,189,718,3888,13392,45715,2332,65,346,6221,2250,69,309,811,15162,1791,565,5339
1026,2539,1026.295964655516,99539,101,63,306,151,122343,73464,1.967138508524297,66,28,17946,17279,12443,6832,19136,25645,48542,36071,34017,25052,378,188,716,3887,13385,45731,2332,65,341,6213,2245,69,307,813,15165,1793,569,5342
1027,2539,1027.065619064091,99539,98,61,306,151,122353,73469,1.9672892032268758,64,32,18011,17371,12409,6815,19110,25568,48542,36071,34030,25077,378,188,715,3885,13372,45752,2332,65,341,6199,2244,69,307,812,15175,1793,569,5343
1028,2539,1028.2221740728892,99539,103,57,306,151,122369,73477,1.9675303147510022,60,34,18113,17483,12359,6797,19057,25476,48542,36071,34043,25101,377,188,715,3885,13358,45774,2331,66,342,6188,2239,69,306,812,15181,1792,570,5346
1029,2539,1029.3818694815334,99539,100,61,306,151,122382,73487,1.9677613799616231,58,30,18227,17610,12310,6775,18997,25371,48542,36071,34055,25124,377,188,714,3884,13346,45794,2329,66,343,6176,2236,69,306,811,15190,1792,570,5348
1030,2539,1030.1571116660573,99539,100,60,306,151,122393,73492,1.9679221209777071,60,27,18295,17680,12268,6761,18969,25319,48542,36071,34067,25147,377,188,713,3882,13335,45812,2329,66,342,6167,2234,69,305,811,15196,1793,572,5348
1031,2539,1031.3223242686545,99538,106,59,306,152,122416,73497,1.968223191143081,56,32,18398,17807,12225,6732,18907,25216,48542,36071,34079,25169,376,188,711,3881,13323,45830,2328,67,343,6160,2229,69,304,811,15200,1794,572,5352
1032,2539,1032.10121431043,99538,103,58,306,152,122427,73502,1.968383933774036,56,33,18452,17878,12198,6716,18883,25161,48542,36071,34090,25190,375,188,710,3879,13316,45843,2327,68,343,6150,2226,69,304,811,15208,1794,573,5354
1033,2539,1033.271712095846,99538,106,64,306,152,122446,73516,1.9687154654503807,49,26,18540,18008,12161,6694,18836,25054,48542,36071,34101,25210,375,188,709,3876,13303,45863,2327,68,343,6143,2224,69,303,812,15211,1795,574,5355
1034,2539,1034.05361005006,99538,106,71,306,152,122454,73531,1.9689465329823785,55,19,18602,18084,12119,6681,18810,24991,48542,36071,34111,25230,375,188,709,3876,13293,45879,2327,68,344,6133,2223,69,302,812,15216,1795,577,5352
1035,2539,1035.2287140384972,99538,113,74,306,152,122472,73537,1.9691876469288112,49,18,18679,18161,12080,6665,18771,24928,48542,36071,34121,25249,375,188,707,3874,13282,45896,2327,67,344,6129,2221,68,302,812,15218,1797,578,5353
1036,2539,1036.0027309763418,99538,105,66,306,152,122480,73542,1.9693182503164621,52,26,18750,18249,12043,6647,18742,24858,48542,36071,34131,25267,375,188,704,3877,13277,45909,2323,67,345,6117,2218,68,301,813,15224,1799,581,5352
1037,2539,1037.1802706032115,99538,94,64,306,152,122493,73553,1.9695593642628946,46,21,18854,18350,12018,6633,18680,24778,48542,36071,34140,25285,375,188,700,3877,13263,45931,2322,67,346,6112,2216,68,301,813,15223,1802,587,5347
1038,2539,1038.3520658485475,99538,88,60,306,152,122501,73557,1.969679921236111,53,26,18960,18471,11972,6614,18619,24675,48542,36071,34149,25302,375,188,698,3872,13259,45944,2322,67,346,6109,2213,68,301,813,15222,1804,589,5348
1039,2539,1039.1296167905516,99538,83,59,306,152,122511,73565,1.9698607566959352,53,23,19019,18559,11946,6601,18591,24604,48542,36071,34158,25319,375,188,692,3872,13251,45962,2320,67,347,6102,2211,68,301,812,15226,1806,590,5348
1040,2539,1040.2914371506554,99538,78,52,306,152,122523,73569,1.9700214993268903,53,24,19117,18678,11914,6583,18530,24509,48542,36071,34166,25335,375,188,689,3871,13245,45977,2318,66,349,6097,2207,68,301,812,15226,1809,592,5348
1041,2539,1041.0627414812088,99538,78,57,306,152,122526,73575,1.9701119170568024,54,20,19138,18708,11900,6575,18522,24486,48542,36071,34174,25351,375,188,688,3870,13239,45986,2318,66,349,6092,2205,68,301,812,15229,1810,592,5350
1042,2539,1042.1653966463484,99538,88,57,306,152,122541,73582,1.9703329381743655,52,19,19243,18821,11851,6555,18458,24394,48542,36071,34182,25366,375,188,688,3868,13231,45998,2318,66,347,6084,2204,68,301,812,15236,1810,593,5351
1043,2539,1043.0834011882807,99538,88,51,306,152,122557,73588,1.9705539592919288,48,21,19351,18949,11812,6534,18393,24291,48542,36071,34189,25381,375,188,688,3866,13223,46016,2316,66,347,6078,2204,68,301,812,15237,1809,596,5348
1044,2539,1044.1293367368614,99538,88,45,306,152,122568,73591,1.9706946090940143,47,20,19459,19056,11766,6515,18332,24210,48542,36071,34196,25395,374,188,687,3865,13221,46027,2316,67,348,6074,2200,68,301,812,15235,1808,597,5350
1045,2539,1045.0223017036722,99538,86,41,306,152,122572,73595,1.9707749804094918,51,20,19502,19095,11745,6513,18308,24177,48542,36071,34203,25409,374,188,687,3863,13216,46041,2316,67,348,6067,2199,68,300,813,15236,1807,597,5351
1046,2539,1046.10688797211,99538,86,41,306,152,122584,73602,1.970965862283751,47,18,19607,19212,11701,6490,18251,24085,48542,36071,34210,25422,374,188,686,3864,13210,46052,2315,67,347,6062,2198,67,300,813,15238,1807,599,5351
1047,2539,1047.3188909728135,99538,86,42,306,152,122597,73607,1.9711466977435754,43,15,19712,19320,11657,6476,18194,23993,48542,36071,34217,25435,374,188,686,3860,13204,46064,2315,67,348,6058,2196,67,300,813,15241,1806,599,5352
1048,2539,1048.0728191720962,99538,82,37,306,152,122607,73610,1.9712773011312263,40,15,19789,19392,11620,6472,18161,23930,48542,36071,34223,25448,374,188,684,3858,13196,46081,2313,67,347,6055,2196,67,300,813,15241,1807,599,5352
1049,2539,1049.0500980239317,99538,88,35,306,152,122620,73616,1.9714681830054854,34,14,19869,19471,11582,6456,18119,23870,48542,36071,34229,25460,374,188,684,3857,13195,46088,2313,67,348,6048,2194,67,300,813,15243,1807,601,5351
1050,2539,1050.1728451137844,99537,83,30,306,153,122632,73623,1.9716788731828365,36,16,20000,19591,11537,6441,18036,23767,48542,36071,34235,25472,373,188,683,3854,13187,46106,2313,68,349,6044,2191,67,300,813,15240,1808,603,5350
1051,2539,1051.0899487980373,99537,83,30,306,153,122639,73627,1.9717893848518642,32,18,20055,19644,11513,6435,18009,23718,48542,36071,34241,25483,373,188,683,3854,13179,46118,2313,68,349,6041,2188,67,300,813,15239,1808,605,5351
1052,2539,1052.3455203872536,99537,76,32,306,153,122646,73631,1.9718998965208918,37,18,20173,19768,11461,6410,17945,23617,48542,36071,34247,25494,373,188,683,3854,13173,46128,2312,68,348,6037,2187,67,300,813,15240,1808,606,5352
1053,2539,1053.134835739886,99537,75,31,306,153,122658,73636,1.972070687282116,35,17,20281,19877,11420,6397,17881,23523,48542,36071,34252,25505,373,187,682,3854,13170,46135,2312,68,349,6030,2185,67,300,813,15245,1808,609,5350
1054,2539,1054.1309855451382,99537,79,30,306,153,122667,73638,1.9721811989511437,39,17,20374,19972,11372,6379,17828,23447,48542,36071,34257,25515,373,187,680,3852,13167,46142,2312,68,351,6025,2182,67,300,813,15248,1810,609,5351
1055,2539,1055.0909132517966,99537,81,30,306,153,122675,73641,1.9722917106201714,39,17,20433,20038,11347,6362,17792,23398,48542,36071,34262,25525,371,187,680,3854,13162,46149,2310,70,351,6019,2182,67,300,813,15252,1810,611,5349
1056,2539,1056.0531160324497,99537,77,30,306,153,122685,73645,1.9724323618352975,42,17,20521,20145,11303,6338,17749,23315,48542,36071,34267,25535,371,187,679,3853,13158,46159,2309,70,352,6016,2180,67,300,812,15252,1811,612,5349
1057,2539,1057.000755687564,99537,78,28,306,153,122693,73648,1.9725428735043251,45,18,20614,20248,11258,6316,17697,23235,48542,36071,34272,25545,371,187,679,3853,13153,46169,2309,70,352,6013,2177,67,300,811,15251,1811,614,5350
1058,2539,1058.0244001027693,99537,70,28,306,153,122697,73652,1.972623245627254,45,15,20681,20331,11237,6299,17659,23172,48542,36071,34277,25554,371,187,679,3850,13150,46180,2309,70,352,6008,2173,67,300,811,15251,1811,615,5353
1059,2539,1059.1847055762476,99537,76,28,306,153,122715,73657,1.9728543154806755,39,14,20769,20455,11203,6279,17605,23069,48542,36071,34281,25563,371,187,677,3850,13139,46195,2309,70,353,6006,2171,67,300,811,15250,1812,616,5353
1060,2539,1060.133292117827,99537,71,26,306,153,122723,73659,1.972954780634337,40,15,20854,20568,11163,6251,17564,22985,48542,36071,34285,25572,371,187,677,3850,13136,46203,2307,70,354,6005,2169,67,300,811,15248,1812,618,5352
1061,2539,1061.033432122385,99537,72,28,306,153,122731,73665,1.9730954318494631,39,11,20919,20656,11128,6235,17534,22915,48542,36071,34289,25580,371,186,676,3849,13136,46205,2307,70,354,6001,2168,67,300,811,15252,1813,620,5351
1062,2539,1062.047242450686,99537,73,30,306,153,122743,73669,1.9732561760953213,34,12,20992,20749,11106,6207,17487,22847,48542,36071,34293,25588,371,186,675,3846,13131,46216,2306,70,354,5997,2168,67,300,811,15254,1814,620,5351
1063,2539,1063.0647617519319,99537,68,26,306,153,122749,73670,1.9733265017028843,40,17,21071,20821,11078,6190,17435,22791,48542,36071,34297,25596,371,186,674,3846,13123,46230,2306,70,354,5993,2168,67,300,811,15253,1814,621,5350
1064,2539,1064.1029859183104,99536,72,20,306,154,122757,73671,1.9734367465037774,38,17,21150,20884,11034,6176,17398,22747,48542,36071,34301,25604,371,186,672,3847,13117,46239,2305,70,355,5992,2167,67,299,812,15251,1815,622,5349
1065,2539,1065.0788316844012,99536,76,22,306,154,122766,73678,1.9735974923645716,37,12,21238,20978,10999,6162,17342,22670,48542,36071,34305,25612,371,186,671,3847,13113,46246,2305,70,355,5990,2167,67,299,811,15251,1816,623,5348
1066,2539,1066.2509473299187,99536,72,23,306,154,122778,73684,1.9737783314579649,42,9,21331,21101,10964,6145,17283,22566,48542,36071,34309,25619,371,186,671,3844,13110,46255,2304,70,356,5987,2164,67,299,811,15253,1815,625,5348
1067,2539,1067.0398477492588,99536,66,24,306,154,122787,73685,1.9738787976209613,38,12,21405,21191,10939,6125,17244,22492,48542,36071,34313,25626,371,186,671,3845,13101,46266,2303,70,356,5985,2163,66,299,811,15254,1815,625,5349
1068,2539,1068.255591634457,99536,65,25,306,154,122795,73687,1.9739792637839575,42,13,21496,21285,10896,6102,17193,22419,48542,36071,34316,25633,371,185,671,3847,13099,46272,2303,69,356,5980,2162,65,299,811,15256,1815,625,5350
1069,2539,1069.056874588263,99536,72,26,306,154,122807,73692,1.9741500562610512,39,14,21584,21358,10866,6090,17131,22356,48542,36071,34319,25640,371,185,671,3846,13097,46280,2302,69,356,5978,2162,65,298,812,15255,1814,625,5350
1070,2539,1070.110780111945,99536,72,26,306,154,122815,73697,1.9742806622729465,33,16,21660,21425,10840,6081,17087,22296,48542,36071,34322,25647,371,185,670,3847,13097,46283,2300,69,356,5972,2162,65,298,812,15260,1814,626,5349
1071,2539,1071.0390021730097,99535,73,25,306,155,122827,73700,1.9744511980710302,33,18,21793,21532,10791,6050,17002,22218,48542,36071,34325,25653,371,185,669,3848,13094,46291,2299,69,356,5968,2162,65,298,810,15261,1814,626,5349
1072,2539,1072.053708357679,99535,73,25,306,155,122835,73701,1.9745416185261466,29,19,21856,21616,10771,6032,16963,22151,48542,36071,34328,25659,371,185,669,3847,13094,46295,2298,69,356,5963,2162,65,298,810,15264,1814,626,5349
1073,2539,1073.0035892249955,99535,69,27,306,155,122840,73705,1.9746320389812628,28,17,21945,21703,10731,6017,16919,22079,48542,36071,34331,25665,371,185,669,3849,13087,46305,2296,69,356,5960,2162,65,298,810,15264,1814,626,5349
1074,2539,1074.052345877977,99535,65,27,306,155,122849,73711,1.9747827397397901,33,16,22034,21795,10694,6001,16866,22004,48542,36071,34334,25671,370,185,669,3849,13085,46311,2293,70,358,5956,2160,65,298,810,15267,1814,626,5349
1075,2539,1075.2619427603738,99535,65,31,306,155,122863,73718,1.974993720801728,33,13,22160,21927,10650,5979,16784,21893,48542,36071,34337,25677,370,184,669,3852,13079,46319,2290,70,359,5955,2158,65,298,810,15267,1814,626,5350
1076,2539,1076.1102737031702,99535,65,32,306,155,122869,73722,1.9750941879740795,32,12,22220,22009,10621,5966,16754,21824,48542,36071,34340,25683,370,183,666,3853,13077,46322,2290,70,359,5952,2158,65,298,810,15270,1816,626,5350
1077,2539,1077.085621648137,99535,68,28,306,155,122878,73726,1.9752247952981363,30,11,22294,22071,10592,5954,16708,21779,48542,36071,34343,25688,370,183,666,3853,13073,46327,2290,70,360,5950,2156,65,298,810,15271,1816,628,5349
1078,2539,1078.3151604139323,99535,65,23,306,155,122890,73728,1.9753654493394284,25,14,22390,22192,10563,5930,16649,21684,48542,36071,34346,25693,369,183,666,3852,13067,46339,2290,71,360,5947,2154,65,298,810,15270,1815,628,5351
1079,2539,1079.083242072503,99535,63,25,306,155,122893,73733,1.9754458230773095,28,13,22451,22238,10537,5920,16613,21647,48542,36071,34349,25698,369,183,666,3853,13063,46345,2288,71,359,5946,2154,65,298,810,15271,1815,628,5351
1080,2539,1080.2943948238565,99535,67,20,306,155,122908,73735,1.975616617270307,23,16,22571,22365,10482,5898,16549,21544,48542,36071,34351,25703,368,183,666,3852,13062,46351,2287,72,360,5943,2152,65,298,810,15271,1815,628,5352
1081,2539,1081.1221571311887,99534,62,21,306,156,122911,73739,1.9757067936584485,25,15,22635,22417,10457,5889,16513,21500,48542,36071,34353,25708,368,183,666,3851,13059,46358,2286,72,360,5942,2152,65,298,810,15270,1814,629,5351
1082,2539,1082.0170994382888,99534,60,22,306,156,122915,73742,1.9757771213856572,26,14,22714,22503,10427,5871,16465,21432,48542,36071,34355,25713,368,183,665,3850,13057,46363,2286,72,360,5941,2152,65,298,810,15269,1815,629,5351
1083,2539,1083.2230443120654,99534,56,22,306,156,122921,73747,1.9758876363855566,24,12,22812,22597,10396,5855,16404,21356,48542,36071,34357,25718,368,183,665,3849,13054,46371,2285,72,360,5940,2152,65,298,810,15268,1814,631,5349
1084,2539,1084.013926304354,99534,60,23,306,156,122930,73751,1.9760182450218016,20,11,22885,22653,10372,5841,16355,21314,48542,36071,34359,25723,368,183,665,3849,13051,46376,2285,72,360,5938,2151,65,298,809,15269,1814,632,5349
1085,2539,1085.0454160768,99534,56,19,306,156,122934,73752,1.976068479112665,20,17,22961,22730,10344,5834,16311,21242,48542,36071,34361,25727,368,183,664,3848,13052,46379,2285,72,361,5933,2150,65,298,809,15272,1814,633,5348
1086,2539,1086.043862264445,99534,51,21,306,156,122940,73757,1.9761789941125645,19,16,23057,22803,10307,5817,16258,21185,48542,36071,34363,25731,368,182,664,3850,13047,46386,2284,72,361,5931,2150,65,298,809,15272,1814,634,5347
1087,2539,1087.072176736544,99534,48,22,306,156,122947,73763,1.9763096027488094,16,14,23160,22927,10270,5794,16198,21085,48542,36071,34365,25735,368,182,664,3849,13048,46390,2283,72,361,5927,2149,65,298,809,15273,1814,634,5348
1088,2539,1088.164829025197,99534,45,24,306,156,122950,73766,1.9763698836578456,15,16,23228,22990,10240,5775,16164,21037,48542,36071,34367,25739,368,182,664,3851,13044,46395,2281,72,361,5926,2149,65,297,809,15274,1814,634,5348
1089,2539,1089.2131587786116,99534,41,23,306,156,122956,73772,1.9764904454759178,25,14,23323,23093,10213,5751,16090,20961,48542,36071,34369,25743,368,181,664,3849,13043,46402,2281,72,362,5923,2148,65,297,808,15275,1814,636,5346
1090,2539,1090.125535785541,99534,44,25,306,156,122960,73776,1.9765708200212992,26,12,23364,23140,10196,5742,16062,20923,48542,36071,34371,25747,368,181,664,3849,13039,46407,2281,72,362,5923,2148,65,297,808,15274,1814,637,5345
1091,2539,1091.2628183095908,99534,44,20,306,156,122967,73779,1.9766712882030262,30,10,23493,23284,10138,5715,15987,20813,48542,36071,34373,25751,368,181,664,3850,13037,46412,2280,72,363,5920,2147,65,296,808,15275,1814,638,5344
1092,2539,1092.1564228903546,99534,47,20,306,156,122970,73780,1.976711475475717,33,9,23540,23322,10116,5708,15956,20783,48542,36071,34375,25755,368,181,664,3850,13035,46414,2280,72,363,5918,2147,65,296,808,15277,1814,638,5344
1093,2539,1093.0151296562851,99534,52,20,306,156,122980,73783,1.9768420841119618,28,9,23602,23394,10090,5695,15920,20724,48542,36071,34377,25759,368,181,663,3848,13032,46420,2280,72,364,5917,2146,65,296,808,15277,1815,638,5344
1094,2539,1094.0898490981053,99534,50,20,306,156,122986,73786,1.9769325054755158,33,9,23692,23505,10052,5669,15865,20639,48542,36071,34379,25763,368,181,662,3846,13031,46426,2280,72,365,5915,2144,65,296,808,15277,1815,638,5345
