,indexID,time,N,Inf_L,Inf_H,Dead_L,Dead_H,cum_cases_L,cum_cases_H,cum_sum_per_N,Exposed_L,Exposed_H,Sus_L,Sus_H,Rec_nat_L,Rec_nat_H,Rec_vax_L,Rec_vax_H,vaccinatedH,vaccinatedL,boostedH,boostedL,count_Naive,count_Delta,count_Delta_vaccine,count_two,count_three,count_four,count_Omicron,count_Omicron_star,count_Omicron_star_vaccine,count_Omicron_vaccine,count_Vaccine,count_WT,count_WT_vaccine,count_WT_vaccine_boost,count_Omicron_vaccine_boost,count_Delta_vaccine_boost,count_Omicron_star_vaccine_boost,count_Vaccine_boost
0,4166,1.3177346226734596,99996,7,4,0,0,7,4,0.00011000440017600704,18,22,49973,49972,0,0,0,0,0,0,0,0,99996,0,0,0,0,0,0,0,0,0,0,0,0,0,0,0,0,0
1,4166,2.067841144338905,99996,11,4,0,0,12,5,0.00017000680027201088,13,21,49973,49972,1,1,0,0,0,0,0,0,99994,0,0,0,0,0,0,0,0,0,0,2,0,0,0,0,0,0
2,4166,3.1284607086431797,99996,11,7,0,0,14,10,0.00024000960038401536,12,16,49972,49972,3,3,0,0,0,0,0,0,99990,0,0,0,0,0,0,0,0,0,0,6,0,0,0,0,0,0
3,4166,4.027007773847193,99996,10,7,0,0,14,11,0.000250010000400016,13,16,49971,49971,4,4,0,0,0,0,0,0,99988,0,0,0,0,0,0,0,0,0,0,8,0,0,0,0,0,0
4,4166,5.015968697326085,99996,11,14,0,0,18,20,0.0003800152006080243,10,9,49970,49969,7,6,0,0,0,0,0,0,99983,0,0,0,0,0,0,0,0,0,0,13,0,0,0,0,0,0
5,4166,6.022246244344344,99996,14,12,0,0,24,24,0.0004800192007680307,7,9,49967,49965,10,12,0,0,0,0,0,0,99974,0,0,0,0,0,0,0,0,0,0,22,0,0,0,0,0,0
6,4166,7.025174593798579,99996,14,12,0,0,27,25,0.0005200208008320333,6,10,49965,49963,13,13,0,0,0,0,0,0,99970,0,0,0,0,0,0,0,0,0,0,26,0,0,0,0,0,0
7,4166,8.035486208612623,99996,16,13,0,0,31,28,0.0005900236009440378,4,9,49963,49961,15,15,0,0,0,0,0,0,99966,0,0,0,0,0,0,0,0,0,0,30,0,0,0,0,0,0
8,4166,9.002421606012494,99996,15,12,0,0,32,29,0.0006100244009760391,4,10,49962,49959,17,17,0,0,0,0,0,0,99962,0,0,0,0,0,0,0,0,0,0,34,0,0,0,0,0,0
9,4166,10.005945666599969,99996,16,14,0,0,35,32,0.0006700268010720429,5,13,49958,49953,19,18,0,0,0,0,0,0,99959,0,0,0,0,0,0,0,0,0,0,37,0,0,0,0,0,0
10,4166,11.03540775728269,99996,13,16,0,0,36,37,0.0007300292011680467,6,10,49956,49952,23,20,0,0,0,0,0,0,99952,0,0,0,0,0,0,0,0,0,0,44,0,0,0,0,0,0
11,4166,12.243501038592402,99996,12,17,0,0,38,40,0.00078003120124805,6,8,49954,49951,26,22,0,0,0,0,0,0,99947,0,0,0,0,0,0,0,0,0,0,49,0,0,0,0,0,0
12,4166,13.196715772249673,99996,12,18,0,0,39,43,0.0008200328013120525,9,8,49950,49948,27,24,0,0,0,0,0,0,99944,0,0,0,0,0,0,0,0,0,0,52,0,0,0,0,0,0
13,4166,14.139401927684034,99996,15,20,0,0,43,46,0.000890035601424057,9,9,49946,49944,28,25,0,0,0,0,0,0,99942,0,0,0,0,0,0,0,0,0,0,54,0,0,0,0,0,0
14,4166,15.157885002867026,99996,16,22,0,0,46,49,0.0009500380015200608,9,9,49943,49941,30,26,0,0,0,0,0,0,99939,0,0,0,0,0,0,0,0,0,0,57,0,0,0,0,0,0
15,4166,16.03485588640548,99996,17,19,0,0,49,51,0.001000040001600064,8,10,49941,49938,32,31,0,0,0,0,0,0,99932,0,0,0,0,0,0,0,0,0,0,64,0,0,0,0,0,0
16,4166,17.028422790945893,99996,17,21,0,0,52,55,0.0010700428017120685,6,8,49940,49936,35,33,0,0,0,0,0,0,99927,0,0,0,0,0,0,0,0,0,0,69,0,0,0,0,0,0
17,4166,18.175157845053423,99996,14,19,0,0,53,56,0.0010900436017440697,8,11,49938,49932,38,36,0,0,0,0,0,0,99920,0,0,0,0,0,0,0,0,0,0,76,0,0,0,0,0,0
18,4166,19.12765032847499,99996,13,22,0,0,55,59,0.001140045601824073,7,13,49939,49927,39,36,0,0,0,0,0,0,99917,0,0,0,0,0,0,0,0,0,0,79,0,0,0,0,0,0
19,4166,20.028533904791747,99996,12,22,0,0,57,62,0.0011900476019040761,8,11,49937,49926,41,39,0,0,0,0,0,0,99911,0,0,0,0,0,0,0,0,0,0,85,0,0,0,0,0,0
20,4166,21.12582339926325,99996,15,24,0,0,60,67,0.0012700508020320814,9,9,49933,49923,41,42,0,0,0,0,0,0,99908,0,0,0,0,0,0,0,0,0,0,88,0,0,0,0,0,0
21,4166,22.048307344057648,99996,16,28,0,0,63,73,0.001360054402176087,8,4,49931,49922,43,44,0,0,0,0,0,0,99904,0,0,0,0,0,0,0,0,0,0,92,0,0,0,0,0,0
22,4166,23.118700502702374,99996,18,25,0,0,67,74,0.0014100564022560902,7,3,49928,49922,45,48,0,0,0,0,0,0,99898,0,0,0,0,0,0,0,0,0,0,98,0,0,0,0,0,0
23,4166,24.12754914829389,99996,18,21,0,0,68,74,0.0014200568022720908,13,3,49921,49923,46,51,0,0,0,0,0,0,99893,0,0,0,0,0,0,0,0,0,0,103,0,0,0,0,0,0
24,4166,25.120173395327022,99996,20,20,0,0,70,75,0.0014500580023200928,16,5,49916,49920,46,53,0,0,0,0,0,0,99891,0,0,0,0,0,0,0,0,0,0,105,0,0,0,0,0,0
25,4166,26.0082800158982,99996,22,19,0,0,76,78,0.0015400616024640985,14,7,49912,49915,50,57,0,0,0,0,0,0,99883,0,0,0,0,0,0,0,0,0,0,113,0,0,0,0,0,0
26,4166,27.107088166350053,99996,20,20,0,0,80,82,0.0016200648025921037,16,7,49906,49911,56,60,0,0,0,0,0,0,99874,0,0,0,0,0,0,0,0,0,0,122,0,0,0,0,0,0
27,4166,28.150370145507456,99996,18,17,0,0,82,82,0.001640065602624105,18,8,49902,49910,60,63,0,0,0,0,0,0,99867,0,0,0,0,0,0,0,0,0,0,129,0,0,0,0,0,0
28,4166,29.113340448380107,99996,22,17,0,0,87,84,0.0017100684027361094,15,8,49900,49908,61,65,0,0,0,0,0,0,99864,0,0,0,0,0,0,0,0,0,0,132,0,0,0,0,0,0
29,4166,30.025345811720733,99996,26,16,0,0,91,86,0.0017700708028321132,17,8,49894,49906,61,68,0,0,0,0,0,0,99861,0,0,0,0,0,0,0,0,0,0,135,0,0,0,0,0,0
30,4166,31.29828738951368,99996,28,13,0,0,97,86,0.0018300732029281172,20,11,49885,49904,65,70,0,0,0,0,0,0,99854,0,0,0,0,0,0,0,0,0,0,142,0,0,0,0,0,0
31,4166,32.091227117169694,99996,26,16,0,0,97,89,0.001860074402976119,21,9,49885,49903,66,70,0,0,0,0,0,0,99852,0,0,0,0,0,0,0,0,0,0,144,0,0,0,0,0,0
32,4166,33.205412924189034,99996,21,16,0,0,99,90,0.001890075603024121,25,8,49879,49903,73,71,0,0,0,0,0,0,99844,0,0,0,0,0,0,0,0,0,0,152,0,0,0,0,0,0
33,4166,34.18081132303581,99996,23,14,0,0,104,90,0.0019400776031041243,24,11,49875,49902,76,71,0,0,0,0,0,0,99839,0,0,0,0,0,0,0,0,0,0,157,0,0,0,0,0,0
34,4166,35.2529847488388,99996,25,15,0,0,109,94,0.00203008120324813,21,8,49873,49901,79,74,0,0,0,0,0,0,99833,0,0,0,0,0,0,0,0,0,0,163,0,0,0,0,0,0
35,4166,36.00607895933414,99996,33,14,0,0,118,96,0.002140085603424137,15,10,49870,49897,80,77,0,0,0,0,0,0,99829,0,0,0,0,0,0,0,0,0,0,167,0,0,0,0,0,0
36,4166,37.20396898185563,99996,30,16,0,0,122,99,0.0022100884035361414,19,10,49862,49896,87,76,0,0,0,0,0,0,99821,0,0,0,0,0,0,0,0,0,0,175,0,0,0,0,0,0
37,4166,38.15584563000894,99996,30,18,0,0,127,102,0.0022900916036641466,18,9,49860,49894,90,77,0,0,0,0,0,0,99815,0,0,0,0,0,0,0,0,0,0,181,0,0,0,0,0,0
38,4166,39.00737899502516,99996,32,17,0,0,133,105,0.0023800952038081523,13,6,49859,49894,94,81,0,0,0,0,0,0,99807,0,0,0,0,0,0,0,0,0,0,189,0,0,0,0,0,0
39,4166,40.049880138887225,99996,29,12,0,0,136,106,0.002420096803872155,16,8,49854,49891,99,87,0,0,0,0,0,0,99795,0,0,0,0,0,0,0,0,0,0,201,0,0,0,0,0,0
40,4166,41.19013508203028,99996,28,13,0,0,141,109,0.00250010000400016,13,5,49852,49891,105,89,0,0,0,0,0,0,99787,0,0,0,0,0,0,0,0,0,0,209,0,0,0,0,0,0
41,4166,42.19583150295654,99996,27,13,0,0,144,110,0.0025401016040641627,11,5,49851,49890,109,90,0,0,0,0,0,0,99782,0,0,0,0,0,0,0,0,0,0,214,0,0,0,0,0,0
42,4166,43.0988672478926,99996,24,11,0,0,146,111,0.0025701028041121643,11,5,49849,49890,114,92,0,0,0,0,0,0,99774,0,0,0,0,0,0,0,0,0,0,222,0,0,0,0,0,0
43,4166,44.14611860417741,99996,27,9,0,0,152,111,0.0026301052042081684,13,5,49841,49892,117,92,0,0,0,0,0,0,99769,0,0,0,0,0,0,0,0,0,0,227,0,0,0,0,0,0
44,4166,45.21704871907999,99996,27,9,0,0,154,111,0.0026501060042401696,16,6,49836,49892,119,91,0,0,0,0,0,0,99767,0,0,0,0,0,0,0,0,0,0,229,0,0,0,0,0,0
45,4166,46.2686519668268,99996,26,8,0,0,156,112,0.0026801072042881716,19,6,49831,49891,122,93,0,0,0,0,0,0,99762,0,0,0,0,0,0,0,0,0,0,234,0,0,0,0,0,0
46,4166,47.018992047835354,99996,28,7,0,0,160,113,0.002730109204368175,16,5,49832,49891,122,95,0,0,0,0,0,0,99758,0,0,0,0,0,0,0,0,0,0,238,0,0,0,0,0,0
47,4166,48.00661449295729,99996,26,7,0,0,161,114,0.002750110004400176,20,6,49828,49889,124,96,0,0,0,0,0,0,99754,0,0,0,0,0,0,0,0,0,0,242,0,0,0,0,0,0
48,4166,49.031755592059966,99996,30,6,0,0,167,114,0.0028101124044961796,18,8,49824,49887,126,97,0,0,0,0,0,0,99751,0,0,0,0,0,0,0,0,0,0,245,0,0,0,0,0,0
49,4166,50.175770404643664,99996,29,6,0,0,172,115,0.0028701148045921837,18,9,49820,49885,131,98,0,0,0,0,0,0,99744,0,0,0,0,0,0,0,0,0,0,252,0,0,0,0,0,0
50,4166,51.08685980818642,99996,30,5,0,0,178,115,0.0029301172046881877,16,9,49817,49885,135,99,0,0,0,0,0,0,99738,0,0,0,0,0,0,0,0,0,0,258,0,0,0,0,0,0
51,4166,52.040766646943645,99996,31,6,0,0,181,119,0.003000120004800192,19,6,49812,49884,136,102,0,0,0,0,0,0,99733,0,0,0,0,0,0,0,0,0,0,263,0,0,0,0,0,0
52,4166,53.13108536007066,99996,30,8,0,0,188,121,0.0030901236049441978,14,7,49810,49881,144,102,0,0,0,0,0,0,99725,0,0,0,0,0,0,0,0,0,0,271,0,0,0,0,0,0
53,4166,54.009338053953286,99996,33,7,0,0,192,121,0.0031301252050082,13,8,49807,49880,145,103,0,0,0,0,0,0,99723,0,0,0,0,0,0,0,0,0,0,273,0,0,0,0,0,0
54,4166,55.171630003369586,99996,28,8,0,0,195,122,0.003170126805072203,15,8,49802,49879,153,103,0,0,0,0,0,0,99715,0,0,0,0,0,0,0,0,0,0,281,0,0,0,0,0,0
55,4166,56.10094842616191,99996,33,11,0,0,202,125,0.0032701308052322095,9,6,49801,49878,155,103,0,0,0,0,0,0,99713,0,0,0,0,0,0,0,0,0,0,283,0,0,0,0,0,0
56,4166,57.11131401376962,99996,22,12,0,0,204,126,0.003300132005280211,12,7,49796,49876,168,103,0,0,0,0,0,0,99700,0,0,0,0,0,0,0,0,0,0,296,0,0,0,0,0,0
57,4166,58.10945479574329,99996,25,13,0,0,210,127,0.0033701348053922155,11,8,49791,49875,171,102,0,0,0,0,0,0,99697,0,0,0,0,0,0,0,0,0,0,299,0,0,0,0,0,0
58,4166,59.10114888441844,99996,27,12,0,0,213,127,0.0034001360054402175,11,8,49789,49875,171,103,0,0,0,0,0,0,99695,0,0,0,0,0,0,0,0,0,0,301,0,0,0,0,0,0
59,4166,60.00726552065161,99996,26,12,0,0,216,130,0.0034601384055362215,11,6,49788,49874,173,106,0,0,0,0,0,0,99688,0,0,0,0,0,0,0,0,0,0,308,0,0,0,0,0,0
60,4166,61.027433498786685,99996,28,12,0,0,220,132,0.003520140805632225,10,5,49785,49873,175,108,0,0,0,0,0,0,99684,0,0,0,0,0,0,0,0,0,0,312,0,0,0,0,0,0
61,4166,62.04496579791248,99996,22,12,0,0,221,134,0.003550142005680227,11,3,49785,49874,180,109,0,0,0,0,0,0,99675,0,0,0,0,0,0,0,0,0,0,321,0,0,0,0,0,0
62,4166,63.276981888828644,99996,23,10,0,0,223,134,0.0035701428057122284,12,3,49783,49874,180,111,0,0,0,0,0,0,99672,0,0,0,0,0,0,0,0,0,0,324,0,0,0,0,0,0
63,4166,64.03473744111227,99996,25,10,0,0,227,134,0.0036101444057762312,10,4,49781,49873,182,111,0,0,0,0,0,0,99670,0,0,0,0,0,0,0,0,0,0,326,0,0,0,0,0,0
64,4166,65.2532555954845,99996,22,8,0,0,236,135,0.0037101484059362372,11,4,49771,49872,194,114,0,0,0,0,0,0,99655,0,0,0,0,0,0,0,0,0,0,341,0,0,0,0,0,0
65,4166,66.04677483354138,99996,19,7,0,0,238,135,0.003730149205968239,12,6,49768,49872,199,113,0,0,0,0,0,0,99649,0,0,0,0,0,0,0,0,0,0,347,0,0,0,0,0,0
66,4166,67.04734716533912,99996,22,6,0,0,242,136,0.003780151206048242,9,6,49767,49871,200,115,0,0,0,0,0,0,99646,0,0,0,0,0,0,0,0,0,0,350,0,0,0,0,0,0
67,4166,68.0484999360178,99996,23,6,0,0,246,137,0.0038301532061282453,7,7,49768,49869,200,116,0,0,0,0,0,0,99642,0,0,0,0,0,0,0,0,0,0,354,0,0,0,0,0,0
68,4166,69.06288231389335,99996,22,8,0,0,247,141,0.0038801552062082485,10,6,49764,49866,202,118,0,0,0,0,0,0,99638,0,0,0,0,0,0,0,0,0,0,358,0,0,0,0,0,0
69,4166,70.09533576565664,99996,23,10,0,0,251,143,0.003940157606304252,13,4,49759,49866,203,118,0,0,0,0,0,0,99635,0,0,0,0,0,0,0,0,0,0,361,0,0,0,0,0,0
70,4166,71.26961585639337,99996,21,8,0,0,256,144,0.004000160006400256,10,4,49759,49865,208,121,0,0,0,0,0,0,99625,0,0,0,0,0,0,0,0,0,0,371,0,0,0,0,0,0
71,4166,72.02449858886763,99995,20,9,1,0,257,145,0.004020201010050502,12,3,49757,49865,208,121,0,0,0,0,0,0,99623,0,0,0,0,0,0,0,0,0,0,372,0,0,0,0,0,0
72,4166,73.01835351525149,99995,20,8,1,0,259,145,0.004040202010100505,14,4,49755,49865,208,121,0,0,0,0,0,0,99620,0,0,0,0,0,0,0,0,0,0,375,0,0,0,0,0,0
73,4166,74.25369252348739,99995,21,10,1,0,262,148,0.004100205010250512,12,2,49755,49864,209,122,0,0,0,0,0,0,99617,0,0,0,0,0,0,0,0,0,0,378,0,0,0,0,0,0
74,4166,75.11857337563283,99995,22,10,1,0,266,148,0.004140207010350517,9,5,49755,49861,211,122,0,0,0,0,0,0,99614,0,0,0,0,0,0,0,0,0,0,381,0,0,0,0,0,0
75,4166,76.05278310548016,99995,22,9,1,0,268,148,0.00416020801040052,10,7,49752,49859,213,123,0,0,0,0,0,0,99611,0,0,0,0,0,0,0,0,0,0,384,0,0,0,0,0,0
76,4166,77.08094675092833,99995,22,8,1,0,269,149,0.004180209010450522,11,10,49750,49856,214,124,0,0,0,0,0,0,99608,0,0,0,0,0,0,0,0,0,0,387,0,0,0,0,0,0
77,4166,78.14380964001148,99995,24,7,1,0,271,150,0.004210210510525526,11,11,49748,49854,214,126,0,0,0,0,0,0,99606,0,0,0,0,0,0,0,0,0,0,389,0,0,0,0,0,0
78,4166,79.08003851942289,99995,24,12,1,0,275,156,0.004310215510775539,12,6,49743,49858,218,122,0,0,0,0,0,0,99601,0,0,0,0,0,0,0,0,0,0,394,0,0,0,0,0,0
79,4166,80.15843579738905,99995,25,12,1,0,277,157,0.004340217010850542,11,6,49743,49858,218,122,0,0,0,0,0,0,99599,0,0,0,0,0,0,0,0,0,0,396,0,0,0,0,0,0
80,4166,81.11432889575295,99995,27,12,1,0,281,158,0.004390219510975549,12,6,49739,49858,219,122,0,0,0,0,0,0,99596,0,0,0,0,0,0,0,0,0,0,399,0,0,0,0,0,0
81,4166,82.08368136021897,99995,28,11,1,0,285,159,0.004440222011100555,9,7,49738,49857,222,123,0,0,0,0,0,0,99591,0,0,0,0,0,0,0,0,0,0,404,0,0,0,0,0,0
82,4166,83.21483246059627,99995,26,11,1,0,287,160,0.004470223511175559,12,9,49733,49855,226,123,0,0,0,0,0,0,99586,0,0,0,0,0,0,0,0,0,0,409,0,0,0,0,0,0
83,4166,84.0641379216744,99995,28,10,1,0,289,161,0.004500225011250562,14,10,49730,49853,225,125,0,0,0,0,0,0,99584,0,0,0,0,0,0,0,0,0,0,411,0,0,0,0,0,0
84,4166,85.16279264054886,99995,28,10,1,0,293,163,0.00456022801140057,14,12,49726,49849,229,127,0,0,0,0,0,0,99578,0,0,0,0,0,0,0,0,0,0,417,0,0,0,0,0,0
85,4166,86.0221265428966,99995,31,13,1,0,299,168,0.004670233511675584,12,9,49722,49847,232,129,0,0,0,0,0,0,99573,0,0,0,0,0,0,0,0,0,0,422,0,0,0,0,0,0
86,4166,87.07516243957474,99995,32,15,1,0,303,172,0.004750237511875594,11,5,49719,49847,235,131,0,0,0,0,0,0,99568,0,0,0,0,0,0,0,0,0,0,427,0,0,0,0,0,0
87,4166,88.15798726183266,99995,32,14,1,0,308,173,0.004810240512025601,16,7,49710,49844,239,133,0,0,0,0,0,0,99561,0,0,0,0,0,0,0,0,0,0,434,0,0,0,0,0,0
88,4166,89.25165042639391,99995,27,13,1,0,310,173,0.004830241512075604,19,9,49705,49842,246,134,0,0,0,0,0,0,99553,0,0,0,0,0,0,0,0,0,0,442,0,0,0,0,0,0
89,4166,90.07467472901396,99995,26,12,1,0,310,174,0.004840242012100605,22,8,49703,49842,246,136,0,0,0,0,0,0,99550,0,0,0,0,0,0,0,0,0,0,445,0,0,0,0,0,0
90,4166,91.18082695498076,99995,27,14,1,0,314,178,0.004920246012300615,21,7,49702,49841,247,136,0,0,0,0,0,0,99545,0,0,0,0,0,0,0,0,0,0,450,0,0,0,0,0,0
91,4166,92.07038066905238,99995,29,15,1,0,322,180,0.005020251012550628,19,6,49696,49841,253,136,0,0,0,0,0,0,99538,0,0,0,0,0,0,0,0,0,0,457,0,0,0,0,0,0
92,4166,93.02039205154203,99995,31,17,1,0,326,182,0.005080254012700635,20,7,49692,49839,254,135,0,0,0,0,0,0,99536,0,0,0,0,0,0,0,0,0,0,459,0,0,0,0,0,0
93,4166,94.19667889412403,99995,32,19,1,0,332,185,0.005170258512925646,20,7,49687,49836,258,136,0,0,0,0,0,0,99530,0,0,0,0,0,0,0,0,0,0,465,0,0,0,0,0,0
94,4166,95.08072630853692,99995,33,17,1,0,335,187,0.005220261013050653,26,5,49678,49836,260,140,0,0,0,0,0,0,99524,0,0,0,0,0,0,0,0,0,0,471,0,0,0,0,0,0
95,4166,96.05874661073453,99995,33,15,1,0,343,187,0.005300265013250663,28,6,49669,49835,267,142,0,0,0,0,0,0,99514,0,0,0,0,0,0,0,0,0,0,481,0,0,0,0,0,0
96,4166,97.04621778053648,99995,35,11,1,0,349,187,0.00536026801340067,26,7,49668,49835,268,145,0,0,0,0,0,0,99506,0,0,0,0,0,0,0,0,0,0,489,0,0,0,0,0,0
97,4166,98.25381722220088,99995,34,16,1,0,354,192,0.005460273013650683,24,5,49665,49832,274,145,0,0,0,0,0,0,99500,0,0,0,0,0,0,0,0,0,0,495,0,0,0,0,0,0
98,4166,99.24504583583042,99995,26,12,1,0,356,194,0.005500275013750688,26,9,49661,49826,284,151,0,0,0,0,0,0,99484,0,0,0,0,0,0,0,0,0,0,511,0,0,0,0,0,0
99,4166,100.16145423875251,99994,26,15,2,0,362,197,0.005590335420125207,22,9,49659,49824,289,150,0,0,0,0,0,0,99478,0,0,0,0,0,0,0,0,0,0,516,0,0,0,0,0,0
100,4166,101.30511786566534,99994,25,13,2,0,367,197,0.0056403384203052185,23,11,49654,49824,294,150,0,0,0,0,0,0,99470,0,0,0,0,0,0,0,0,0,0,524,0,0,0,0,0,0
101,4166,102.08129284973873,99994,25,15,2,0,368,199,0.005670340220413224,23,11,49653,49823,295,149,0,0,0,0,0,0,99469,0,0,0,0,0,0,0,0,0,0,525,0,0,0,0,0,0
102,4166,103.02187684084983,99994,25,19,2,0,372,203,0.005750345020701242,24,9,49649,49821,298,149,0,0,0,0,0,0,99465,0,0,0,0,0,0,0,0,0,0,529,0,0,0,0,0,0
103,4166,104.01335328457834,99993,25,16,2,1,379,205,0.005840408828618003,25,11,49641,49817,305,153,0,0,0,0,0,0,99453,0,0,0,0,0,0,0,0,0,0,540,0,0,0,0,0,0
104,4166,105.1049470117662,99993,26,14,2,1,388,207,0.005950416529157041,21,13,49637,49813,312,157,0,0,0,0,0,0,99442,0,0,1,0,0,0,0,0,0,0,550,0,0,0,0,0,0
105,4166,106.01862292872244,99993,25,14,2,1,390,209,0.005990419329353055,24,12,49633,49813,314,158,0,0,0,0,0,0,99437,0,0,1,0,0,0,0,0,0,0,555,0,0,0,0,0,0
106,4166,107.18256043583663,99993,24,14,2,1,392,210,0.006020421429500065,24,13,49631,49811,317,159,0,0,0,0,0,0,99433,0,0,1,0,0,0,0,0,0,0,559,0,0,0,0,0,0
107,4166,108.01659755799449,99993,30,16,2,1,398,212,0.0061004270298920926,21,11,49629,49812,316,158,0,0,0,0,0,0,99433,0,0,1,0,0,0,0,0,0,0,559,0,0,0,0,0,0
108,4166,109.01231522762265,99993,28,16,2,1,400,214,0.006140429830088106,22,9,49626,49812,320,160,0,0,0,0,0,0,99427,0,0,1,0,0,0,0,0,0,0,565,0,0,0,0,0,0
109,4166,110.1917041447823,99993,27,15,2,1,407,216,0.006230436130529137,24,12,49620,49808,325,162,0,0,0,0,0,0,99416,0,0,1,0,0,0,0,0,0,0,576,0,0,0,0,0,0
110,4166,111.05711173476716,99993,28,17,2,1,410,219,0.0062904403308231575,24,12,49617,49805,327,163,0,0,0,0,0,0,99413,0,0,1,0,0,0,0,0,0,0,579,0,0,0,0,0,0
111,4166,112.2556864842991,99993,31,14,2,1,421,222,0.006430450131509205,18,11,49613,49803,334,169,0,0,0,0,0,0,99399,0,0,1,0,0,0,0,0,0,0,593,0,0,0,0,0,0
112,4166,113.04612086807646,99993,32,17,2,1,425,225,0.00650045503185223,19,12,49611,49799,334,169,0,0,0,0,0,0,99396,0,0,1,0,0,0,0,0,0,0,596,0,0,0,0,0,0
113,4166,114.04513657959835,99993,33,19,2,1,428,229,0.006570459932195254,19,9,49608,49798,336,171,0,0,0,0,0,0,99392,0,0,1,0,0,0,0,0,0,0,600,0,0,0,0,0,0
114,4166,115.21953846908895,99993,28,14,2,1,429,230,0.00659046133229326,21,13,49608,49794,339,176,0,0,0,0,0,0,99380,0,0,1,0,0,0,0,0,0,0,612,0,0,0,0,0,0
115,4166,116.05816925835248,99993,28,15,2,1,432,232,0.0066404648325382775,20,13,49609,49793,339,176,0,0,0,0,0,0,99376,0,0,1,0,0,0,0,0,0,0,616,0,0,0,0,0,0
116,4166,117.11525093075079,99993,28,14,2,1,436,235,0.006710469732881302,21,14,49604,49789,343,180,0,0,0,0,0,0,99368,0,0,1,0,0,0,0,0,0,0,624,0,0,0,0,0,0
117,4166,118.16789547291647,99993,28,12,2,1,439,238,0.0067704739331753225,21,12,49603,49791,344,182,0,0,0,0,0,0,99360,0,0,1,0,0,0,0,0,0,0,632,0,0,0,0,0,0
118,4166,119.06037663207078,99993,28,15,2,1,446,241,0.006870480933665357,25,10,49596,49790,347,182,0,0,0,0,0,0,99353,0,0,1,0,0,0,0,0,0,0,639,0,0,0,0,0,0
119,4166,120.13997803413874,99993,33,10,2,1,453,242,0.006950486534057384,21,11,49594,49789,348,187,0,0,0,0,0,0,99345,0,0,1,0,0,0,0,0,0,0,647,0,0,0,0,0,0
120,4166,121.2582927154488,99993,33,12,2,1,458,247,0.007050493534547418,22,10,49590,49787,351,188,0,0,0,0,0,0,99337,0,0,1,0,0,0,0,0,0,0,655,0,0,0,0,0,0
121,4166,122.04873489378978,99993,34,13,2,1,460,249,0.007090496334743432,24,10,49586,49785,352,189,0,0,0,0,0,0,99335,0,0,1,0,0,0,0,0,0,0,657,0,0,0,0,0,0
122,4166,123.06416963869678,99993,35,15,2,1,466,253,0.007190503335233466,23,10,49581,49781,357,191,0,0,0,0,0,0,99328,0,0,1,0,0,0,0,0,0,0,664,0,0,0,0,0,0
123,4166,124.2011865336746,99993,36,17,2,1,472,256,0.0072805096356744975,24,7,49577,49782,359,191,0,0,0,0,0,0,99322,0,0,1,0,0,0,0,0,0,0,670,0,0,0,0,0,0
124,4166,125.01655426972773,99993,34,17,2,1,477,256,0.007330513135919515,28,11,49570,49778,364,191,0,0,0,0,0,0,99315,0,0,1,0,0,0,0,0,0,0,677,0,0,0,0,0,0
125,4166,126.25720283119699,99993,46,17,2,1,491,259,0.007500525036752572,25,9,49560,49777,365,194,0,0,0,0,0,0,99310,0,0,1,0,0,0,0,0,0,0,682,0,0,0,0,0,0
126,4166,127.08140712919582,99993,41,16,2,1,493,260,0.007530527136899583,26,9,49559,49776,370,196,0,0,0,0,0,0,99301,0,0,1,0,0,0,0,0,0,0,691,0,0,0,0,0,0
127,4166,128.27105481973183,99993,40,15,2,1,500,263,0.0076305341373896175,30,11,49548,49771,378,200,0,0,0,0,0,0,99289,0,0,1,0,0,0,0,0,0,0,703,0,0,0,0,0,0
128,4166,129.09727660665138,99993,42,16,2,1,508,265,0.007730541137879652,28,13,49544,49767,382,201,0,0,0,0,0,0,99282,0,0,1,0,0,0,0,0,0,0,710,0,0,0,0,0,0
129,4166,130.00858141834178,99993,45,16,2,1,515,268,0.007830548138369685,26,10,49539,49767,386,204,0,0,0,0,0,0,99275,0,0,1,0,0,0,0,0,0,0,717,0,0,0,0,0,0
130,4166,131.00095707130203,99993,45,14,2,1,523,269,0.007920554438810717,28,12,49531,49767,392,204,0,0,0,0,0,0,99264,0,0,1,0,0,0,0,0,0,0,728,0,0,0,0,0,0
131,4166,132.2029472820557,99993,39,14,2,1,529,272,0.008010560739251748,30,11,49525,49765,402,207,0,0,0,0,0,0,99249,0,0,1,0,0,0,0,0,0,0,743,0,0,0,0,0,0
132,4166,133.03154506458185,99993,31,16,2,1,531,275,0.008060564239496765,32,11,49523,49762,410,208,0,0,0,0,0,0,99238,0,0,1,0,0,0,0,0,0,0,754,0,0,0,0,0,0
133,4166,134.05002606175935,99993,36,19,2,1,537,279,0.0081605712399868,34,11,49515,49758,411,209,0,0,0,0,0,0,99236,0,0,1,0,0,0,0,0,0,0,756,0,0,0,0,0,0
134,4166,135.09620592217468,99993,39,18,2,1,548,283,0.008310581740721851,28,12,49512,49753,417,214,0,0,0,0,0,0,99223,0,0,1,0,0,0,0,0,0,0,769,0,0,0,0,0,0
135,4166,136.05327348024608,99993,40,23,2,1,555,290,0.008450591541407898,30,8,49504,49753,422,213,0,0,0,0,0,0,99215,0,0,1,0,0,0,0,0,0,0,777,0,0,0,0,0,0
136,4166,137.31595705819305,99993,41,20,2,1,562,292,0.00854059784184893,31,9,49496,49750,428,218,0,0,0,0,0,0,99204,0,0,1,0,0,0,0,0,0,0,788,0,0,0,0,0,0
137,4166,138.2785506568421,99993,39,21,2,1,569,294,0.008630604142289961,33,12,49487,49746,437,218,0,0,0,0,0,0,99194,0,0,1,0,0,0,0,0,0,0,798,0,0,0,0,0,0
138,4166,139.0663635703335,99993,40,21,2,1,573,295,0.008680607642534978,32,13,49485,49744,439,219,0,0,0,0,0,0,99191,0,0,2,0,0,0,0,0,0,0,800,0,0,0,0,0,0
139,4166,140.1238192406635,99993,44,20,2,1,583,299,0.008820617443221025,29,15,49481,49739,442,223,0,0,0,0,0,0,99180,0,0,2,0,0,0,0,0,0,0,811,0,0,0,0,0,0
140,4166,141.0777345729402,99993,50,17,2,1,591,300,0.008910623743662057,27,16,49476,49738,443,226,0,0,0,0,0,0,99174,0,0,2,0,0,0,0,0,0,0,817,0,0,0,0,0,0
141,4166,142.07801422067175,99993,47,19,2,1,599,304,0.009030632144250098,27,17,49469,49735,453,226,0,0,0,0,0,0,99161,0,0,2,0,0,0,0,0,0,0,830,0,0,0,0,0,0
142,4166,143.04847973474085,99993,43,23,2,1,601,310,0.009110637744642125,32,13,49464,49734,457,227,0,0,0,0,0,0,99153,0,0,2,0,0,0,0,0,0,0,838,0,0,0,0,0,0
143,4166,144.32165127939297,99992,44,17,3,1,612,313,0.009250740059204737,28,14,49461,49730,462,236,0,0,0,0,0,0,99134,0,0,2,0,0,0,0,0,0,0,856,0,0,0,0,0,0
144,4166,145.300701832834,99992,47,19,3,1,620,316,0.009360748859908792,29,14,49452,49728,467,236,0,0,0,0,0,0,99128,0,0,2,0,0,0,0,0,0,0,862,0,0,0,0,0,0
145,4166,146.1420082605641,99992,51,15,3,1,628,318,0.009460756860548845,28,16,49445,49724,471,242,0,0,0,0,0,0,99118,0,0,2,0,0,0,0,0,0,0,872,0,0,0,0,0,0
146,4166,147.06560841834704,99992,47,19,3,1,633,324,0.0095707656612529,31,14,49441,49723,476,241,0,0,0,0,0,0,99107,0,0,2,0,0,0,0,0,0,0,883,0,0,0,0,0,0
147,4166,148.08314054358547,99992,44,18,3,1,645,326,0.009710776862148971,24,14,49441,49722,486,243,0,0,0,0,0,0,99089,0,0,2,0,0,0,0,0,0,0,901,0,0,0,0,0,0
148,4166,149.09411894652047,99992,45,19,3,1,652,328,0.009800784062725018,22,15,49438,49720,490,243,0,0,0,0,0,0,99082,0,0,2,0,0,0,0,0,0,0,908,0,0,0,0,0,0
149,4166,150.05631942668285,99992,45,20,3,1,660,331,0.009910792863429075,19,15,49435,49717,496,245,0,0,0,0,0,0,99072,0,0,2,0,0,0,0,0,0,0,918,0,0,0,0,0,0
150,4166,151.02067100739401,99992,38,18,3,1,664,335,0.009990799263941115,22,14,49428,49715,507,250,0,0,0,0,0,0,99055,0,0,2,0,0,0,0,0,0,0,935,0,0,0,0,0,0
151,4166,152.1215091440712,99992,36,20,3,1,668,338,0.010060804864389152,25,12,49421,49716,513,249,0,0,0,0,0,0,99048,0,0,2,0,0,0,0,0,0,0,942,0,0,0,0,0,0
152,4166,153.21945587436554,99992,33,23,3,1,670,343,0.010130810464837187,29,11,49416,49712,517,251,0,0,0,0,0,0,99041,0,0,2,0,0,0,0,0,0,0,949,0,0,0,0,0,0
153,4166,154.12323905021555,99992,36,24,3,1,676,347,0.010230818465477238,29,11,49411,49709,519,253,0,0,0,0,0,0,99035,0,0,2,0,0,0,0,0,0,0,955,0,0,0,0,0,0
154,4166,155.0205654677925,99992,41,20,3,1,686,348,0.010340827266181294,25,13,49406,49707,523,257,0,0,0,0,0,0,99025,0,0,2,0,0,0,0,0,0,0,965,0,0,0,0,0,0
155,4166,156.2794339491315,99992,37,17,3,1,689,350,0.01039083126650132,27,15,49404,49704,527,261,0,0,0,0,0,0,99013,0,0,2,0,0,0,0,0,0,0,977,0,0,0,0,0,0
156,4166,157.03288038129543,99992,34,17,3,1,692,352,0.010440835266821345,28,18,49403,49702,530,260,0,0,0,0,0,0,99005,0,0,2,0,0,0,0,0,0,0,985,0,0,0,0,0,0
157,4166,158.1551229642629,99992,35,16,3,1,698,355,0.010530842467397392,30,19,49397,49702,533,260,0,0,0,0,0,0,98996,0,0,2,0,0,0,0,0,0,0,994,0,0,0,0,0,0
158,4166,159.22532267686964,99992,36,19,3,1,702,361,0.010630850468037443,27,18,49401,49697,531,263,0,0,0,0,0,0,98990,0,0,2,0,0,0,0,0,0,0,1000,0,0,0,0,0,0
159,4166,160.03438435558525,99992,34,20,3,1,704,364,0.01068085446835747,26,16,49404,49697,531,264,0,0,0,0,0,0,98984,0,0,2,0,0,0,0,0,0,0,1006,0,0,0,0,0,0
160,4166,161.0507302164426,99992,41,19,3,1,716,367,0.010830866469317545,21,16,49401,49695,532,267,0,0,0,0,0,0,98976,0,0,3,0,0,0,0,0,0,0,1013,0,0,0,0,0,0
161,4166,162.0038037627051,99992,41,20,3,1,721,373,0.010940875270021602,26,14,49393,49692,535,271,0,0,0,0,0,0,98966,0,0,3,0,0,0,0,0,0,0,1023,0,0,0,0,0,0
162,4166,163.09267523763668,99992,34,22,3,1,725,377,0.011020881670533642,29,16,49386,49687,546,272,0,0,0,0,0,0,98953,0,0,3,0,0,0,0,0,0,0,1036,0,0,0,0,0,0
163,4166,164.0754490681118,99992,33,23,3,1,731,379,0.011100888071045683,30,19,49381,49683,551,272,0,0,0,0,0,0,98946,0,0,4,0,0,0,0,0,0,0,1042,0,0,0,0,0,0
164,4166,165.0623812185936,99992,37,22,3,1,737,380,0.01117089367149372,29,20,49377,49681,552,274,0,0,0,0,0,0,98942,0,0,4,0,0,0,0,0,0,0,1046,0,0,0,0,0,0
165,4166,166.19398049796075,99992,39,24,3,1,743,386,0.01129090327226178,35,17,49366,49679,555,277,0,0,0,0,0,0,98935,0,0,5,0,0,0,0,0,0,0,1052,0,0,0,0,0,0
166,4166,167.0525256013953,99992,40,30,3,1,750,393,0.011430914473157852,32,15,49366,49675,557,277,0,0,0,0,0,0,98928,0,0,5,0,0,0,0,0,0,0,1059,0,0,0,0,0,0
167,4166,168.31363939025132,99991,44,26,4,1,762,397,0.01159104319388745,34,16,49355,49671,561,284,0,0,0,0,0,0,98912,0,0,5,0,0,0,0,0,0,0,1074,0,0,0,0,0,0
168,4166,169.1361345481844,99991,41,29,4,1,768,401,0.011691052194697522,29,15,49357,49669,567,284,0,0,0,0,0,0,98902,0,0,5,0,0,0,0,0,0,0,1084,0,0,0,0,0,0
169,4166,170.0923142595645,99991,41,29,4,1,774,404,0.011781060295426589,25,14,49357,49668,571,286,0,0,0,0,0,0,98893,0,0,5,0,0,0,0,0,0,0,1093,0,0,0,0,0,0
170,4166,171.2616553498603,99991,43,26,4,1,785,408,0.011931073796641697,24,15,49350,49664,577,292,0,0,0,0,0,0,98878,0,0,6,0,0,0,0,0,0,0,1107,0,0,0,0,0,0
171,4166,172.10377257446365,99991,41,30,4,1,788,413,0.012011080997289756,25,13,49347,49661,581,293,0,0,0,0,0,0,98872,0,0,6,0,0,0,0,0,0,0,1113,0,0,0,0,0,0
172,4166,173.08675269814398,99991,40,23,4,1,795,415,0.012101089098018821,30,15,49337,49659,587,300,0,0,0,0,0,0,98855,0,0,6,0,0,0,0,0,0,0,1130,0,0,0,0,0,0
173,4166,174.03369057871183,99991,38,25,4,1,797,418,0.012151093598423857,29,14,49339,49657,588,301,0,0,0,0,0,0,98850,0,0,6,0,0,0,0,0,0,0,1135,0,0,0,0,0,0
174,4166,175.07065628873664,99991,40,28,4,1,804,422,0.012261103499314939,24,13,49339,49654,591,302,0,0,0,0,0,0,98844,0,0,6,0,0,0,0,0,0,0,1141,0,0,0,0,0,0
175,4166,176.27161987888462,99991,41,28,4,1,814,426,0.01240111610044904,21,13,49333,49651,599,305,0,0,0,0,0,0,98831,0,0,6,0,0,0,0,0,0,0,1154,0,0,0,0,0,0
176,4166,177.06699492489656,99991,41,27,4,1,818,428,0.012461121500935084,23,13,49329,49649,601,308,0,0,0,0,0,0,98824,0,0,6,0,0,0,0,0,0,0,1161,0,0,0,0,0,0
177,4166,178.10012436758183,99991,48,32,4,1,831,435,0.01266113950255523,27,11,49315,49645,604,309,0,0,0,0,0,0,98816,0,0,6,0,0,0,0,0,0,0,1169,0,0,0,0,0,0
178,4166,179.30834179898176,99991,50,27,4,1,838,438,0.012761148503365303,28,8,49308,49647,608,315,0,0,0,0,0,0,98803,0,0,6,0,0,0,0,0,0,0,1182,0,0,0,0,0,0
179,4166,180.110264618913,99991,52,29,4,1,844,443,0.012871158404256382,27,7,49305,49644,610,317,0,0,0,0,0,0,98796,0,0,6,0,0,0,0,0,0,0,1189,0,0,0,0,0,0
180,4166,181.1275372178044,99991,47,27,4,1,851,444,0.012951165604904441,32,13,49297,49638,618,319,0,0,0,0,0,0,98781,0,0,6,0,0,0,0,0,0,0,1204,0,0,0,0,0,0
181,4166,182.06985146610822,99991,49,28,4,1,858,449,0.013071176405876529,32,11,49292,49635,621,323,0,0,0,0,0,0,98772,0,0,6,0,0,0,0,0,0,0,1213,0,0,0,0,0,0
182,4166,183.08658404844246,99991,47,23,4,1,869,449,0.013181186306767609,32,18,49283,49629,632,327,0,0,0,0,0,0,98754,0,0,6,0,0,0,0,0,0,0,1231,0,0,0,0,0,0
183,4166,184.30724321077702,99991,51,26,4,1,882,454,0.01336120250822574,24,15,49281,49630,638,326,0,0,0,0,0,0,98743,0,0,6,0,0,0,0,0,0,0,1242,0,0,0,0,0,0
184,4166,185.16016656219568,99991,52,27,4,1,884,457,0.013411207008630776,25,15,49278,49627,639,328,0,0,0,0,0,0,98740,0,0,6,0,0,0,0,0,0,0,1245,0,0,0,0,0,0
185,4166,186.09907696418406,99990,51,29,5,1,892,461,0.01353135313531353,25,17,49272,49621,645,330,0,0,0,0,0,0,98730,0,0,7,0,0,0,0,0,0,0,1253,0,0,0,0,0,0
186,4166,187.0659760112366,99990,48,28,5,1,897,467,0.013641364136413642,33,21,49262,49611,650,337,0,0,0,0,0,0,98715,0,0,7,0,0,0,0,0,0,0,1268,0,0,0,0,0,0
187,4166,188.06776162471712,99990,49,32,5,1,903,474,0.01377137713771377,39,21,49252,49604,653,340,0,0,0,0,0,0,98707,0,0,7,0,0,0,0,0,0,0,1276,0,0,0,0,0,0
188,4166,189.06969797821225,99990,48,31,5,1,914,478,0.013921392139213921,46,24,49236,49598,663,344,0,0,0,0,0,0,98690,0,0,7,0,0,0,0,0,0,0,1293,0,0,0,0,0,0
189,4166,190.07187566802594,99990,46,35,5,1,922,484,0.01406140614061406,46,19,49229,49601,672,342,0,0,0,0,0,0,98678,0,0,7,0,0,0,0,0,0,0,1305,0,0,0,0,0,0
190,4166,191.0053118793439,99989,51,33,5,2,931,487,0.014181559971596876,44,18,49222,49600,676,345,0,0,0,0,0,0,98669,0,0,7,0,0,0,0,0,0,0,1313,0,0,0,0,0,0
191,4166,192.12525170532356,99989,58,32,5,2,950,495,0.014451589674864235,41,17,49209,49594,685,353,0,0,0,0,0,0,98648,0,0,7,0,0,0,0,0,0,0,1334,0,0,0,0,0,0
192,4166,193.17542907802965,99989,59,30,5,2,958,498,0.014561601776195381,42,17,49203,49593,689,356,0,0,0,0,0,0,98636,0,0,7,0,0,0,0,0,0,0,1346,0,0,0,0,0,0
193,4166,194.12641586507104,99989,56,29,5,2,969,501,0.014701617177889568,42,21,49195,49588,700,358,0,0,0,0,0,0,98618,0,0,7,0,0,0,0,0,0,0,1364,0,0,0,0,0,0
194,4166,195.0972929483583,99989,60,31,5,2,977,505,0.014821630379341727,40,23,49193,49584,700,358,0,0,0,0,0,0,98612,0,0,7,0,0,0,0,0,0,0,1370,0,0,0,0,0,0
195,4166,196.10028066918497,99989,59,26,5,2,984,511,0.014951644680914901,39,24,49189,49578,706,368,0,0,0,0,0,0,98593,0,0,7,0,0,0,0,0,0,0,1389,0,0,0,0,0,0
196,4166,197.10338344721995,99989,53,28,5,2,992,516,0.015081658982488073,39,22,49182,49576,719,370,0,0,0,0,0,0,98576,0,0,7,0,0,0,0,0,0,0,1406,0,0,0,0,0,0
197,4166,198.048578535897,99989,53,27,5,2,1003,519,0.01522167438418226,36,21,49178,49574,726,374,0,0,0,0,0,0,98561,0,0,7,0,0,0,0,0,0,0,1421,0,0,0,0,0,0
198,4166,199.05198000856063,99988,53,26,6,2,1010,522,0.015321838620634477,35,22,49175,49571,729,377,0,0,0,0,0,0,98550,0,0,7,0,0,0,0,0,0,0,1431,0,0,0,0,0,0
199,4166,200.07709204726052,99988,57,28,6,2,1021,530,0.015511861423370804,36,19,49165,49568,734,381,0,0,0,0,0,0,98537,0,0,7,0,0,0,0,0,0,0,1444,0,0,0,0,0,0
200,4166,201.08073390825945,99988,56,26,6,2,1027,531,0.015581869824378926,40,19,49155,49568,741,383,0,0,0,0,0,0,98527,0,0,7,0,0,0,0,0,0,0,1454,0,0,0,0,0,0
201,4166,202.32342983241074,99988,61,34,6,2,1043,541,0.015841901028123374,42,23,49140,49557,749,382,0,0,0,0,0,0,98514,0,0,7,0,0,0,0,0,0,0,1467,0,0,0,0,0,0
202,4166,203.32741834949655,99988,61,34,6,2,1056,547,0.016031923830859704,39,21,49131,49555,761,386,0,0,0,0,0,0,98495,0,0,7,0,0,0,0,0,0,0,1486,0,0,0,0,0,0
203,4166,204.33161753328682,99988,59,35,6,2,1065,554,0.01619194303316398,38,20,49126,49549,769,392,0,0,0,0,0,0,98478,0,0,7,0,0,0,0,0,0,0,1503,0,0,0,0,0,0
204,4166,205.03466559488717,99988,63,32,6,2,1073,557,0.016301956234748168,37,21,49124,49546,768,397,0,0,0,0,0,0,98468,0,0,7,0,0,0,0,0,0,0,1513,0,0,0,0,0,0
205,4166,206.03906053659813,99988,65,28,6,2,1081,561,0.016421970636476376,37,22,49119,49543,771,403,0,0,0,0,0,0,98454,0,0,7,0,0,0,0,0,0,0,1527,0,0,0,0,0,0
206,4166,207.19440636233472,99988,69,31,6,2,1092,568,0.016601992239068688,34,18,49112,49542,777,405,0,0,0,0,0,0,98443,0,0,7,0,0,0,0,0,0,0,1538,0,0,0,0,0,0
207,4166,208.14724230738508,99988,66,35,6,2,1100,573,0.016732007840940914,35,17,49107,49543,784,401,0,0,0,0,0,0,98432,0,0,8,0,0,0,0,0,0,0,1548,0,0,0,0,0,0
208,4166,209.0566291715105,99987,70,36,7,2,1110,578,0.01688219468530909,33,17,49101,49539,787,404,0,0,0,0,0,0,98422,0,0,8,0,0,0,0,0,0,0,1557,0,0,0,0,0,0
209,4166,210.31748505452825,99987,71,36,7,2,1125,582,0.017072219388520507,36,20,49089,49534,795,406,0,0,0,0,0,0,98404,0,0,8,0,0,0,0,0,0,0,1575,0,0,0,0,0,0
210,4166,211.0151832584627,99987,58,35,7,2,1133,584,0.017172232390210727,35,20,49084,49532,814,409,0,0,0,0,0,0,98380,0,0,8,0,0,0,0,0,0,0,1599,0,0,0,0,0,0
211,4166,212.02038759424838,99987,59,34,7,2,1141,588,0.017292247992238993,38,20,49077,49528,817,414,0,0,0,0,0,0,98368,0,0,8,0,0,0,0,0,0,0,1611,0,0,0,0,0,0
212,4166,213.21276515859674,99987,58,34,7,2,1150,591,0.017412263594267254,38,19,49072,49529,823,414,0,0,0,0,0,0,98355,0,0,8,0,0,0,0,0,0,0,1624,0,0,0,0,0,0
213,4166,214.18121796422116,99986,56,30,8,2,1158,597,0.017552457344028164,39,21,49063,49522,832,423,0,0,0,0,0,0,98335,0,0,8,0,0,0,0,0,0,0,1643,0,0,0,0,0,0
214,4166,215.19081082998719,99986,57,29,8,2,1166,601,0.01767247414638049,36,24,49060,49518,837,425,0,0,0,0,0,0,98323,0,0,8,0,0,0,0,0,0,0,1655,0,0,0,0,0,0
215,4166,216.19657444865658,99986,57,28,8,2,1177,603,0.01780249234892885,43,26,49046,49515,844,427,0,0,0,0,0,0,98309,0,0,8,0,0,0,0,0,0,0,1669,0,0,0,0,0,0
216,4166,217.20251603818133,99986,51,29,8,2,1181,609,0.017902506350889125,54,23,49037,49514,848,430,0,0,0,0,0,0,98294,0,0,8,0,0,0,0,0,0,0,1684,0,0,0,0,0,0
217,4166,218.2085989813649,99986,50,32,8,2,1191,616,0.01807253015422159,49,22,49035,49509,856,433,0,0,0,0,0,0,98281,0,0,10,0,0,0,0,0,0,0,1695,0,0,0,0,0,0
218,4166,219.03494575066765,99986,54,37,8,2,1197,623,0.01820254835676995,47,17,49033,49507,856,435,0,0,0,0,0,0,98277,0,0,10,0,0,0,0,0,0,0,1699,0,0,0,0,0,0
219,4166,220.18826938989977,99986,53,31,8,2,1209,627,0.018362570759906386,44,19,49029,49503,864,443,0,0,0,0,0,0,98254,0,0,10,0,0,0,0,0,0,0,1722,0,0,0,0,0,0
220,4166,221.26973368260695,99986,55,32,8,2,1220,630,0.01850259036265077,40,17,49024,49502,871,445,0,0,0,0,0,0,98243,0,0,10,0,0,0,0,0,0,0,1733,0,0,0,0,0,0
221,4166,222.07168950435513,99986,64,31,8,2,1232,634,0.01866261276578721,33,17,49019,49500,874,448,0,0,0,0,0,0,98235,0,0,10,0,0,0,0,0,0,0,1741,0,0,0,0,0,0
222,4166,223.1898725436151,99986,57,30,8,2,1238,639,0.018772628167943513,34,19,49014,49497,885,450,0,0,0,0,0,0,98217,0,0,11,0,0,0,0,0,0,0,1758,0,0,0,0,0,0
223,4166,224.22264780663315,99986,62,28,8,2,1247,642,0.01889264497029584,29,19,49012,49496,887,453,0,0,0,0,0,0,98208,0,0,11,0,0,0,0,0,0,0,1767,0,0,0,0,0,0
224,4166,225.08279693445772,99986,64,32,8,2,1257,648,0.01905266737343228,29,21,49005,49489,892,454,0,0,0,0,0,0,98198,0,0,11,0,0,0,0,0,0,0,1777,0,0,0,0,0,0
225,4166,226.07570037769005,99985,54,34,9,2,1260,653,0.019132869930489575,40,20,48992,49487,903,455,0,0,0,0,0,0,98183,0,0,12,0,0,0,0,0,0,0,1790,0,0,0,0,0,0
226,4166,227.02595960909267,99985,50,33,9,2,1265,657,0.019222883432514878,46,23,48983,49481,910,459,0,0,0,0,0,0,98169,0,0,12,0,0,0,0,0,0,0,1804,0,0,0,0,0,0
227,4166,228.03322419266485,99985,50,33,9,2,1273,665,0.019382907436115416,48,22,48975,49474,916,467,0,0,0,0,0,0,98153,0,0,12,0,0,0,0,0,0,0,1820,0,0,0,0,0,0
228,4166,229.04062371463212,99985,55,35,9,2,1282,671,0.019532929939490924,46,21,48973,49472,915,468,0,0,0,0,0,0,98145,0,0,12,0,0,0,0,0,0,0,1828,0,0,0,0,0,0
229,4166,230.21078587053677,99985,59,40,9,2,1299,680,0.019792968945341802,41,18,48965,49468,924,470,0,0,0,0,0,0,98128,0,0,12,0,0,0,0,0,0,0,1845,0,0,0,0,0,0
230,4166,231.06105060715072,99985,53,38,9,2,1306,683,0.01989298394759214,40,21,48965,49462,931,475,0,0,0,0,0,0,98110,0,0,12,0,0,0,0,0,0,0,1863,0,0,0,0,0,0
231,4166,232.1279508717011,99985,53,40,9,2,1317,692,0.020093013952092814,38,19,48958,49455,940,482,0,0,0,0,0,0,98092,0,0,12,0,0,0,0,0,0,0,1881,0,0,0,0,0,0
232,4166,233.11631356602788,99985,53,37,9,2,1323,694,0.020173025953893083,40,21,48952,49453,944,485,0,0,0,0,0,0,98081,0,0,12,0,0,0,0,0,0,0,1892,0,0,0,0,0,0
233,4166,234.28625548604052,99985,55,38,9,2,1333,705,0.020383057458618792,39,15,48947,49451,948,492,0,0,0,0,0,0,98063,0,0,12,0,0,0,0,0,0,0,1910,0,0,0,0,0,0
234,4166,235.05517282140428,99985,54,35,9,2,1341,708,0.020493073961094163,37,16,48945,49453,953,492,0,0,0,0,0,0,98048,0,0,12,0,0,0,0,0,0,0,1925,0,0,0,0,0,0
235,4166,236.26606575060163,99985,55,39,9,2,1348,715,0.020633094964244637,43,13,48936,49452,955,492,0,0,0,0,0,0,98039,0,0,12,0,0,0,0,0,0,0,1934,0,0,0,0,0,0
236,4166,237.06664367352104,99985,60,36,9,2,1356,717,0.020733109966494974,45,14,48928,49450,956,496,0,0,0,0,0,0,98031,0,0,12,0,0,0,0,0,0,0,1942,0,0,0,0,0,0
237,4166,238.0449964731002,99985,70,32,9,2,1369,720,0.020893133970095516,37,17,48925,49445,957,502,0,0,0,0,0,0,98021,0,0,12,0,0,0,0,0,0,0,1952,0,0,0,0,0,0
238,4166,239.31965377515172,99985,66,27,9,2,1382,723,0.021053157973696054,37,23,48915,49439,971,507,0,0,0,0,0,0,97996,0,0,12,0,0,0,0,0,0,0,1977,0,0,0,0,0,0
239,4166,240.32831040299774,99985,63,28,9,2,1388,728,0.021163174476171425,47,23,48903,49434,976,511,0,0,0,0,0,0,97983,0,0,12,0,0,0,0,0,0,0,1990,0,0,0,0,0,0
240,4166,241.00082312743484,99985,69,30,9,2,1397,732,0.021293193979096865,45,20,48897,49435,978,511,0,0,0,0,0,0,97978,0,0,12,0,0,0,0,0,0,0,1995,0,0,0,0,0,0
241,4166,242.30126606396925,99985,75,25,9,2,1415,736,0.021513226984047607,44,23,48883,49428,987,520,0,0,0,0,0,0,97958,0,0,13,0,0,0,0,0,0,0,2014,0,0,0,0,0,0
242,4166,243.3103723799202,99985,78,23,9,2,1429,738,0.02167325098764815,43,26,48873,49423,995,524,0,0,0,0,0,0,97943,0,0,13,0,0,0,0,0,0,0,2029,0,0,0,0,0,0
243,4166,244.319646352391,99985,77,20,9,2,1434,742,0.021763264489673452,42,24,48871,49422,999,530,0,0,0,0,0,0,97931,0,0,14,0,0,0,0,0,0,0,2040,0,0,0,0,0,0
244,4166,245.10151301434348,99985,75,25,9,2,1443,750,0.021933289993499024,43,19,48863,49419,1008,533,0,0,0,0,0,0,97917,0,0,14,0,0,0,0,0,0,0,2054,0,0,0,0,0,0
245,4166,246.0866337299468,99985,72,27,9,2,1450,755,0.02205330799619943,49,18,48854,49416,1014,535,0,0,0,0,0,0,97904,0,0,14,0,0,0,0,0,0,0,2067,0,0,0,0,0,0
246,4166,247.2583732387345,99985,72,25,9,2,1463,761,0.02224333650047507,52,15,48844,49417,1021,539,0,0,0,0,0,0,97883,0,0,14,0,0,0,0,0,0,0,2088,0,0,0,0,0,0
247,4166,248.20151387518982,99985,67,25,9,2,1470,763,0.022333350002500377,55,21,48838,49410,1029,540,0,0,0,0,0,0,97869,0,0,14,0,0,0,0,0,0,0,2102,0,0,0,0,0,0
248,4166,249.0269209002908,99985,69,29,9,2,1484,769,0.02253338000700105,52,23,48832,49404,1036,540,0,0,0,0,0,0,97855,0,0,14,0,0,0,0,0,0,0,2116,0,0,0,0,0,0
249,4166,250.0370804648327,99985,72,32,9,2,1494,777,0.022713407011051658,50,22,48826,49399,1041,543,0,0,0,0,0,0,97843,0,0,14,0,0,0,0,0,0,0,2128,0,0,0,0,0,0
250,4166,251.0334774741711,99985,73,26,9,2,1503,783,0.022863429514427165,47,17,48822,49402,1047,551,0,0,0,0,0,0,97823,0,0,14,0,0,0,0,0,0,0,2148,0,0,0,0,0,0
251,4166,252.0543465821225,99985,80,26,9,2,1518,788,0.02306345951892784,46,14,48811,49401,1052,555,0,0,0,0,0,0,97811,0,0,15,0,0,0,0,0,0,0,2159,0,0,0,0,0,0
252,4166,253.11018241363178,99985,77,29,9,2,1533,794,0.023273491023653548,44,15,48803,49395,1065,557,0,0,0,0,0,0,97790,0,0,15,0,0,0,0,0,0,0,2180,0,0,0,0,0,0
253,4166,254.04276697781327,99985,79,32,9,2,1544,800,0.02344351652747912,44,15,48794,49391,1072,558,0,0,0,0,0,0,97778,0,0,15,0,0,0,0,0,0,0,2192,0,0,0,0,0,0
254,4166,255.16340916461257,99985,76,34,9,2,1558,808,0.023663549532429863,44,9,48780,49392,1089,561,0,0,0,0,0,0,97755,0,0,15,0,0,0,0,0,0,0,2215,0,0,0,0,0,0
255,4166,256.20316864780284,99985,75,29,9,2,1570,809,0.023793569035355303,43,15,48774,49386,1097,566,0,0,0,0,0,0,97736,0,0,15,0,0,0,0,0,0,0,2234,0,0,0,0,0,0
256,4166,257.24146515933484,99985,70,31,9,2,1577,814,0.023913587038055708,52,16,48760,49384,1107,565,0,0,0,0,0,0,97721,0,0,15,0,0,0,0,0,0,0,2249,0,0,0,0,0,0
257,4166,258.06847810300974,99985,73,32,9,2,1587,819,0.024063609541431216,50,17,48757,49379,1109,568,0,0,0,0,0,0,97710,0,0,15,0,0,0,0,0,0,0,2260,0,0,0,0,0,0
258,4166,259.33687003526927,99984,78,31,10,2,1603,824,0.024273883821411425,53,24,48740,49368,1117,573,0,0,0,0,0,0,97693,0,0,15,0,0,0,0,0,0,0,2276,0,0,0,0,0,0
259,4166,260.01145835185457,99983,74,35,11,2,1610,830,0.024404148705279897,51,23,48736,49364,1126,574,0,0,0,0,0,0,97680,0,0,15,0,0,0,0,0,0,0,2288,0,0,0,0,0,0
260,4166,261.02348393152135,99983,70,37,11,2,1618,837,0.024554174209615635,50,23,48733,49358,1134,578,0,0,0,0,0,0,97664,0,0,16,0,0,0,0,0,0,0,2303,0,0,0,0,0,0
261,4166,262.09844603083735,99983,76,36,11,2,1631,842,0.024734204814818517,50,23,48722,49354,1139,583,0,0,0,0,0,0,97651,0,0,16,0,0,0,0,0,0,0,2316,0,0,0,0,0,0
262,4166,263.1107650822429,99983,73,34,11,2,1645,846,0.024914235420021403,49,28,48716,49347,1149,587,0,0,0,0,0,0,97628,0,0,16,0,0,0,0,0,0,0,2339,0,0,0,0,0,0
263,4166,264.12319693614927,99983,75,31,11,2,1658,851,0.02509426602522429,42,34,48713,49337,1157,594,0,0,0,0,0,0,97609,0,0,16,0,0,0,0,0,0,0,2358,0,0,0,0,0,0
264,4166,265.1357487383283,99983,77,37,11,2,1669,864,0.02533430683216147,44,29,48704,49331,1162,599,0,0,0,0,0,0,97593,0,0,16,0,0,0,0,0,0,0,2374,0,0,0,0,0,0
265,4166,266.14843336911883,99983,84,44,11,2,1687,873,0.025604352739965794,39,26,48692,49327,1172,599,0,0,0,0,0,0,97580,0,0,16,0,0,0,0,0,0,0,2387,0,0,0,0,0,0
266,4166,267.1613042652268,99983,82,46,11,2,1697,878,0.025754378244301532,36,27,48693,49324,1176,599,0,0,0,0,0,0,97566,0,0,17,0,0,0,0,0,0,0,2400,0,0,0,0,0,0
267,4166,268.1742074649754,99983,84,49,11,2,1709,885,0.025944410549793465,43,26,48676,49323,1184,598,0,0,0,0,0,0,97552,0,0,17,0,0,0,0,0,0,0,2414,0,0,0,0,0,0
268,4166,269.18732117006186,99983,76,49,11,2,1715,892,0.026074432653551104,50,25,48668,49317,1193,605,0,0,0,0,0,0,97531,0,0,17,0,0,0,0,0,0,0,2435,0,0,0,0,0,0
269,4166,270.2006653105611,99983,76,53,11,2,1729,902,0.026314473460488284,48,21,48661,49313,1202,609,0,0,0,0,0,0,97511,0,0,17,0,0,0,0,0,0,0,2455,0,0,0,0,0,0
270,4166,271.21417395437857,99983,78,49,11,2,1741,906,0.02647450066511307,47,27,48652,49305,1210,615,0,0,0,0,0,0,97493,0,0,17,0,0,0,0,0,0,0,2473,0,0,0,0,0,0
271,4166,272.2278719211788,99983,71,46,11,2,1750,912,0.026624526169448805,52,27,48646,49300,1218,623,0,0,0,0,0,0,97468,0,0,17,0,0,0,0,0,0,0,2498,0,0,0,0,0,0
272,4166,273.2417394940095,99983,73,53,11,2,1762,923,0.026854565276096937,53,21,48642,49297,1219,625,0,0,0,0,0,0,97454,0,0,17,0,0,0,0,0,0,0,2512,0,0,0,0,0,0
273,4166,274.25564387660955,99983,66,52,11,2,1772,928,0.027004590780432675,57,24,48631,49292,1233,628,0,0,0,0,0,0,97433,0,0,19,0,0,0,0,0,0,0,2531,0,0,0,0,0,0
274,4166,275.26977623373125,99983,76,44,11,2,1790,933,0.027234629887080804,54,22,48617,49291,1240,639,0,0,0,0,0,0,97412,0,0,19,0,0,0,0,0,0,0,2552,0,0,0,0,0,0
275,4166,276.2842008177903,99983,85,40,11,2,1809,937,0.027464668993728934,52,29,48609,49281,1241,646,0,0,0,0,0,0,97395,0,0,20,0,0,0,0,0,0,0,2568,0,0,0,0,0,0
276,4166,277.2987074017056,99983,80,41,11,2,1823,944,0.027674704699798967,43,28,48606,49280,1258,647,0,0,0,0,0,0,97371,0,0,21,0,0,0,0,0,0,0,2591,0,0,0,0,0,0
277,4166,278.313382169787,99983,85,40,11,2,1839,949,0.027884740405868996,37,30,48601,49276,1264,650,0,0,0,0,0,0,97354,0,0,21,0,0,0,0,0,0,0,2608,0,0,0,0,0,0
278,4166,279.3281798126933,99983,80,35,11,2,1846,955,0.028014762509626638,41,32,48596,49270,1270,659,0,0,0,0,0,0,97331,0,0,21,0,0,0,0,0,0,0,2631,0,0,0,0,0,0
279,4166,280.0048106954673,99983,77,37,11,2,1853,960,0.028134782913095225,41,37,48590,49262,1279,660,0,0,0,0,0,0,97318,0,0,21,0,0,0,0,0,0,0,2644,0,0,0,0,0,0
280,4166,281.0198927717411,99983,69,38,11,2,1860,965,0.028254803316563815,45,41,48583,49255,1290,662,0,0,0,0,0,0,97299,0,0,21,0,0,0,0,0,0,0,2663,0,0,0,0,0,0
281,4166,282.03512946223736,99983,71,44,11,2,1873,976,0.028494844123500996,46,36,48576,49250,1294,666,0,0,0,0,0,0,97284,0,0,22,0,0,0,0,0,0,0,2677,0,0,0,0,0,0
282,4166,283.0504887477051,99983,68,47,11,2,1885,984,0.028694878129281978,44,35,48570,49245,1305,669,0,0,0,0,0,0,97264,0,0,22,0,0,0,0,0,0,0,2697,0,0,0,0,0,0
283,4166,284.0660271126484,99983,76,48,11,2,1899,994,0.028934918936219158,47,30,48556,49246,1308,672,0,0,0,0,0,0,97249,0,0,22,0,0,0,0,0,0,0,2712,0,0,0,0,0,0
284,4166,285.08175370781447,99982,80,45,12,2,1913,998,0.0291152407433338,50,30,48545,49246,1311,675,0,0,0,0,0,0,97232,0,0,22,0,0,0,0,0,0,0,2728,0,0,0,0,0,0
285,4166,286.0976301560113,99982,85,42,12,2,1928,1006,0.02934528215078714,54,27,48529,49241,1318,686,0,0,0,0,0,0,97212,0,0,23,0,0,0,0,0,0,0,2747,0,0,0,0,0,0
286,4166,287.1137142530135,99982,91,52,12,2,1944,1019,0.029635334360184833,54,19,48522,49238,1319,687,0,0,0,0,0,0,97199,0,0,23,0,0,0,0,0,0,0,2760,0,0,0,0,0,0
287,4166,288.05612364296644,99982,91,47,12,2,1957,1023,0.029805364965693824,51,28,48516,49225,1328,696,0,0,0,0,0,0,97177,0,0,23,0,0,0,0,0,0,0,2782,0,0,0,0,0,0
288,4166,289.0724664976107,99982,84,46,12,2,1965,1030,0.0299553919705547,63,31,48504,49219,1335,700,0,0,0,0,0,0,97154,0,0,23,0,0,0,0,0,0,0,2805,0,0,0,0,0,0
289,4166,290.0890125766739,99982,80,46,12,2,1980,1036,0.030165429777359924,65,33,48490,49214,1351,703,0,0,0,0,0,0,97129,0,0,23,0,0,0,0,0,0,0,2830,0,0,0,0,0,0
290,4166,291.10586529335535,99982,85,46,12,2,1998,1041,0.030395471184813266,65,36,48474,49207,1362,707,0,0,0,0,0,0,97111,0,0,23,0,0,0,0,0,0,0,2848,0,0,0,0,0,0
291,4166,292.12302898851,99982,87,50,12,2,2015,1051,0.030665519793562843,57,32,48469,49203,1373,711,0,0,0,0,0,0,97091,0,0,24,0,0,0,0,0,0,0,2867,0,0,0,0,0,0
292,4166,293.1403425347219,99982,93,48,12,2,2032,1057,0.03089556120101618,59,31,48455,49203,1379,714,0,0,0,0,0,0,97072,0,0,24,0,0,0,0,0,0,0,2886,0,0,0,0,0,0
293,4166,294.1578654861112,99982,92,48,12,2,2048,1065,0.031135604408793583,50,27,48450,49202,1394,719,0,0,0,0,0,0,97047,0,0,24,0,0,0,0,0,0,0,2911,0,0,0,0,0,0
294,4166,295.1756294353165,99982,88,48,12,2,2060,1071,0.03131563681462663,53,28,48443,49196,1402,724,0,0,0,0,0,0,97025,0,0,24,0,0,0,0,0,0,0,2933,0,0,0,0,0,0
295,4166,296.19354317243904,99982,93,48,12,2,2073,1078,0.0315156728211078,56,28,48428,49193,1409,727,0,0,0,0,0,0,97010,0,0,24,0,0,0,0,0,0,0,2948,0,0,0,0,0,0
296,4166,297.21164440295206,99982,105,46,12,2,2094,1085,0.031795723230181434,48,27,48421,49191,1412,732,0,0,0,0,0,0,96993,0,0,25,0,0,0,0,0,0,0,2964,0,0,0,0,0,0
297,4166,298.22987025457155,99981,106,51,13,2,2110,1098,0.03208609635830808,46,20,48410,49186,1423,739,0,0,0,0,0,0,96972,0,0,27,0,0,0,0,0,0,0,2982,0,0,0,0,0,0
298,4166,299.2094941078546,99981,96,46,13,2,2115,1104,0.03219611726227983,53,25,48404,49176,1432,749,0,0,0,0,0,0,96946,0,0,27,0,0,0,0,0,0,0,3008,0,0,0,0,0,0
299,4166,300.22812442829473,99981,100,53,13,2,2128,1114,0.032426160970584414,61,28,48389,49167,1435,748,0,0,0,0,0,0,96934,0,0,27,0,0,0,0,0,0,0,3020,0,0,0,0,0,0
300,4166,301.2469077908671,99981,107,55,13,2,2145,1122,0.03267620847961113,68,27,48371,49162,1439,752,0,0,0,0,0,0,96919,0,0,28,0,0,0,0,0,0,0,3034,0,0,0,0,0,0
301,4166,302.26586510097553,99981,115,56,13,2,2163,1128,0.032916254088276774,63,33,48366,49151,1441,756,0,0,0,0,0,0,96904,0,0,28,0,0,0,0,0,0,0,3049,0,0,0,0,0,0
302,4166,303.28489464476695,99981,113,61,13,2,2177,1141,0.033186305398025626,63,25,48358,49150,1451,760,0,0,0,0,0,0,96880,0,0,28,0,0,0,0,0,0,0,3073,0,0,0,0,0,0
303,4166,304.30412396311385,99980,110,62,13,3,2191,1149,0.03340668133626725,57,24,48353,49148,1465,761,0,0,0,0,0,0,96856,0,0,28,0,0,0,0,0,0,0,3096,0,0,0,0,0,0
304,4166,305.3235166224349,99980,116,61,13,3,2206,1155,0.03361672334466893,75,34,48325,49137,1469,763,0,0,0,0,0,0,96841,0,0,29,0,0,0,0,0,0,0,3110,0,0,0,0,0,0
305,4166,306.0032648788746,99980,115,61,13,3,2218,1161,0.033796759351870376,71,36,48321,49130,1478,768,0,0,0,0,0,0,96822,0,0,29,0,0,0,0,0,0,0,3129,0,0,0,0,0,0
306,4166,307.02312504061007,99980,104,57,13,3,2232,1170,0.034026805361072214,75,36,48306,49121,1500,781,0,0,0,0,0,0,96787,0,0,32,0,0,0,0,0,0,0,3161,0,0,0,0,0,0
307,4166,308.04336811108124,99980,105,61,13,3,2247,1181,0.03428685737147429,80,31,48290,49115,1510,788,0,0,0,0,0,0,96766,0,0,32,0,0,0,0,0,0,0,3182,0,0,0,0,0,0
308,4166,309.06388938027095,99980,112,58,13,3,2268,1190,0.0345869173834767,72,25,48285,49116,1516,796,0,0,0,0,0,0,96740,0,0,32,0,0,0,0,0,0,0,3208,0,0,0,0,0,0
309,4166,310.08457789518553,99980,120,55,13,3,2291,1197,0.034886977395479093,67,27,48276,49112,1522,801,0,0,0,0,0,0,96716,0,0,33,0,0,0,0,0,0,0,3231,0,0,0,0,0,0
310,4166,311.1054490453219,99980,115,53,13,3,2302,1205,0.035077015403080614,67,33,48268,49098,1535,811,0,0,0,0,0,0,96690,0,0,33,0,0,0,0,0,0,0,3257,0,0,0,0,0,0
311,4166,312.1265063958878,99980,119,55,13,3,2320,1213,0.0353370674134827,65,36,48260,49090,1541,814,0,0,0,0,0,0,96670,0,0,33,0,0,0,0,0,0,0,3277,0,0,0,0,0,0
312,4166,313.14768969669154,99980,120,55,13,3,2335,1219,0.035547109421884375,62,37,48253,49085,1550,818,0,0,0,0,0,0,96651,0,0,34,0,0,0,0,0,0,0,3295,0,0,0,0,0,0
313,4166,314.16901934065606,99980,118,62,13,3,2348,1231,0.035797159431886376,64,37,48244,49076,1559,820,0,0,0,0,0,0,96634,0,0,37,0,0,0,0,0,0,0,3309,0,0,0,0,0,0
314,4166,315.1905220332129,99980,123,64,13,3,2366,1240,0.03606721344268854,67,37,48228,49070,1567,824,0,0,0,0,0,0,96614,0,0,37,0,0,0,0,0,0,0,3329,0,0,0,0,0,0
315,4166,316.2122793072385,99980,130,62,13,3,2390,1246,0.036367273454690936,65,51,48214,49052,1576,830,0,0,0,0,0,0,96590,0,0,38,0,0,0,0,0,0,0,3352,0,0,0,0,0,0
316,4166,317.2342048035342,99980,133,68,13,3,2412,1260,0.03672734546909382,68,52,48197,49040,1587,835,0,0,0,0,0,0,96563,0,0,38,0,0,0,0,0,0,0,3379,0,0,0,0,0,0
317,4166,318.25636371679946,99979,129,73,13,4,2429,1274,0.037037777933366,66,48,48186,49031,1604,842,0,0,0,0,0,0,96533,0,0,38,0,0,0,0,0,0,0,3408,0,0,0,0,0,0
318,4166,319.2788220466033,99979,132,74,13,4,2453,1286,0.03739785354924534,61,42,48175,49029,1617,849,0,0,0,0,0,0,96502,0,0,39,0,0,0,0,0,0,0,3438,0,0,0,0,0,0
319,4166,320.3015958002244,99979,117,72,13,4,2465,1295,0.037607897658508284,67,40,48156,49023,1644,858,1,1,1,1,0,0,96462,0,0,39,0,0,0,0,0,0,2,3476,0,0,0,0,0,0
320,4166,321.32481331317666,99979,115,69,13,4,2475,1304,0.037797937566889046,75,37,48144,49019,1649,867,2,2,2,2,0,0,96439,0,0,42,0,0,0,0,0,0,4,3494,0,0,0,0,0,0
321,4166,322.22135207951936,99979,123,70,13,4,2503,1313,0.038168015283209476,60,35,48136,49014,1663,872,3,3,3,3,0,0,96410,0,0,43,0,0,0,0,0,0,6,3520,0,0,0,0,0,0
322,4166,323.1229395087244,99979,127,71,13,4,2514,1320,0.038348053091149144,59,35,48130,49006,1665,878,4,4,4,4,0,0,96396,0,0,44,0,0,0,0,0,0,8,3531,0,0,0,0,0,0
323,4166,324.15416807739257,99978,134,64,13,5,2538,1328,0.038668507071555745,66,35,48107,48998,1673,891,5,5,5,5,0,0,96362,0,0,44,0,0,0,0,0,0,10,3562,0,0,0,0,0,0
324,4166,325.0103146581242,99978,132,65,13,5,2550,1333,0.038838544479785554,70,38,48093,48994,1684,890,6,6,6,6,0,0,96344,0,0,46,0,0,0,0,0,0,12,3576,0,0,0,0,0,0
325,4166,326.11783735920955,99978,127,66,13,5,2570,1344,0.039148612694792854,78,38,48072,48987,1701,895,7,7,7,7,0,0,96307,0,0,46,0,0,0,0,0,0,14,3611,0,0,0,0,0,0
326,4166,327.0918105680567,99978,132,74,13,5,2586,1358,0.03944867870931605,85,32,48057,48982,1703,897,8,8,8,8,0,0,96290,0,0,48,0,0,0,0,0,0,16,3624,0,0,0,0,0,0
327,4166,328.102375097027,99977,146,78,14,5,2617,1372,0.03989917681066645,85,30,48031,48970,1713,906,9,9,9,9,0,0,96262,0,0,49,0,0,0,0,0,0,18,3648,0,0,0,0,0,0
328,4166,329.06796307798044,99977,149,69,14,5,2643,1381,0.04024925732918571,84,30,48014,48961,1727,923,10,10,10,10,0,0,96220,0,0,50,0,0,0,0,0,0,20,3687,0,0,0,0,0,0
329,4166,330.0567720281164,99977,148,69,14,5,2660,1392,0.04052932174400112,82,32,48005,48951,1738,930,11,11,11,11,0,0,96189,0,0,50,0,0,0,0,0,0,22,3716,0,0,0,0,0,0
330,4166,331.02398706817127,99977,149,69,14,5,2675,1404,0.04079938385828741,82,38,47998,48933,1743,941,12,12,12,12,0,0,96161,0,0,50,0,0,0,0,0,0,24,3742,0,0,0,0,0,0
331,4166,332.05590786732745,99977,154,69,14,5,2704,1413,0.04117947127839403,73,40,47987,48922,1757,949,13,13,13,13,0,0,96126,0,0,50,0,0,0,0,0,0,26,3775,0,0,0,0,0,0
332,4166,333.10785620802005,99977,140,65,14,5,2719,1419,0.04138951958950558,76,47,47975,48910,1779,957,14,14,14,14,0,0,96086,0,0,51,0,0,0,0,0,0,28,3812,0,0,0,0,0,0
333,4166,334.02544111742344,99977,135,73,14,5,2737,1430,0.041679586304850115,77,47,47959,48900,1798,958,15,15,15,15,0,0,96059,0,0,52,0,0,0,0,0,0,30,3836,0,0,0,0,0,0
334,4166,335.0139943433869,99977,139,76,14,5,2759,1444,0.0420396691238985,83,44,47939,48891,1807,966,16,16,16,16,0,0,96030,0,0,53,0,0,0,0,0,0,31,3862,1,0,0,0,0,0
335,4166,336.031500116909,99977,142,79,14,5,2786,1458,0.04244976344559249,77,45,47922,48878,1826,974,17,17,17,17,0,0,95993,0,0,53,0,0,0,0,0,0,33,3897,1,0,0,0,0,0
336,4166,337.00107968473594,99977,131,80,14,5,2802,1469,0.04271982555987877,84,45,47902,48866,1849,984,18,18,18,18,0,0,95955,0,0,54,0,0,0,0,0,0,35,3932,1,0,0,0,0,0
337,4166,338.00171032860953,99977,130,75,14,5,2818,1477,0.042959880772577695,88,49,47885,48856,1862,994,19,19,19,19,0,0,95923,0,0,54,0,0,0,0,0,0,37,3962,1,0,0,0,0,0
338,4166,339.0017014465864,99977,138,79,14,5,2845,1496,0.043419986596917294,83,43,47869,48848,1875,1004,19,19,20,20,0,0,95887,0,0,54,0,0,0,0,0,0,39,3996,1,0,0,0,0,0
339,4166,340.01783204036553,99977,142,79,14,5,2867,1504,0.043720055612790944,75,47,47856,48839,1891,1008,20,20,21,21,0,0,95860,0,0,55,0,0,0,0,0,0,41,4020,1,0,0,0,0,0
340,4166,341.0248126598756,99977,140,85,14,5,2885,1518,0.044040129229722835,72,49,47850,48825,1901,1013,21,21,22,22,0,0,95831,0,0,56,0,0,0,0,0,0,43,4046,1,0,0,0,0,0
341,4166,342.024374358987,99977,147,84,14,5,2908,1528,0.04437020514718385,74,54,47832,48815,1910,1018,21,22,23,23,0,0,95804,0,0,58,0,0,0,0,0,0,45,4069,1,0,0,0,0,0
342,4166,343.0901759685971,99977,153,84,14,5,2936,1546,0.04483031097152345,79,54,47807,48801,1923,1032,22,22,24,24,0,0,95762,0,0,58,0,0,0,0,0,0,47,4109,1,0,0,0,0,0
343,4166,344.12024814319165,99977,143,89,14,5,2949,1560,0.045100373085809733,84,49,47795,48793,1939,1039,23,23,25,25,0,0,95729,0,0,59,0,0,0,0,0,0,49,4139,1,0,0,0,0,0
344,4166,345.15068034212396,99977,139,92,14,5,2966,1576,0.04543044900327075,97,47,47772,48780,1951,1050,25,24,26,27,0,0,95693,0,0,59,0,0,0,0,0,0,51,4172,2,0,0,0,0,0
345,4166,346.181489232028,99977,138,94,14,5,2986,1593,0.045800534122848256,107,43,47747,48768,1965,1062,27,26,28,29,0,0,95654,0,0,60,0,0,0,0,0,0,55,4206,2,0,0,0,0,0
346,4166,347.21269613722205,99976,139,96,15,5,3010,1607,0.04618108346003041,106,47,47733,48754,1977,1069,28,27,30,31,0,0,95615,0,0,60,0,0,0,0,0,0,59,4240,2,0,0,0,0,0
347,4166,348.2442000144715,99976,140,101,15,5,3027,1624,0.046521165079619106,113,38,47714,48750,1987,1075,29,29,32,33,0,0,95584,0,0,59,1,0,0,0,0,0,63,4267,2,0,0,0,0,0
348,4166,349.276052530738,99975,149,96,16,5,3058,1634,0.04693173293323331,109,39,47692,48741,2001,1086,31,31,34,35,0,0,95544,0,0,60,1,0,0,0,0,0,67,4301,2,0,0,0,0,0
349,4166,350.308304385829,99975,160,91,16,5,3085,1641,0.04727181795448862,104,46,47676,48727,2008,1096,34,33,37,38,0,0,95511,0,0,61,1,0,0,0,0,0,73,4327,2,0,0,0,0,0
350,4166,351.34084680448774,99975,162,81,16,5,3115,1654,0.047701925481370346,105,54,47649,48705,2029,1117,37,36,40,41,0,0,95454,0,0,61,1,0,0,0,0,0,79,4378,2,0,0,0,0,0
351,4166,352.02948861734995,99975,167,82,16,5,3132,1665,0.04798199549887472,109,47,47631,48699,2035,1126,40,39,43,44,0,0,95426,0,0,61,1,0,0,0,0,0,85,4400,2,0,0,0,0,0
352,4166,353.0629451642222,99975,161,86,16,5,3161,1678,0.04840210052513128,108,46,47609,48688,2060,1131,44,42,47,48,0,0,95377,0,0,62,2,0,0,0,0,0,93,4439,2,0,0,0,0,0
353,4166,354.09691775420913,99975,169,84,16,5,3188,1685,0.048742185546386596,110,49,47585,48680,2070,1134,48,46,51,52,0,0,95341,0,0,62,2,0,0,0,0,0,101,4467,2,0,0,0,0,0
354,4166,355.13136727244864,99975,164,84,16,5,3215,1694,0.049102275568892226,106,52,47563,48666,2096,1140,53,51,56,57,0,0,95291,0,0,62,2,0,0,0,0,0,110,4507,3,0,0,0,0,0
355,4166,356.16634306282805,99975,169,94,16,5,3245,1710,0.049562390597649414,116,45,47526,48657,2113,1141,58,56,61,62,0,0,95250,0,0,62,2,0,0,0,0,0,120,4538,3,0,0,0,0,0
356,4166,357.2019001195132,99974,163,100,17,5,3269,1729,0.049992998179526675,120,38,47500,48645,2135,1148,63,62,67,67,0,0,95198,0,0,63,2,0,0,0,0,0,130,4577,4,0,0,0,0,0
357,4166,358.2380294449898,99974,177,87,17,5,3304,1737,0.05042311000860224,111,41,47477,48632,2147,1165,69,68,73,73,0,0,95147,0,0,63,2,0,0,0,0,0,139,4616,7,0,0,0,0,0
358,4166,359.27462872173635,99974,174,80,17,5,3325,1747,0.05073319062956368,115,45,47458,48621,2158,1172,76,75,80,80,0,0,95095,0,0,65,2,0,0,0,0,0,152,4652,8,0,0,0,0,0
359,4166,360.31168129768554,99974,177,72,17,5,3347,1753,0.05101326344849661,115,51,47439,48604,2168,1183,82,83,88,87,0,0,95048,0,0,65,2,0,0,0,0,0,166,4684,9,0,0,0,0,0
360,4166,361.0032794134081,99974,178,74,17,5,3371,1757,0.05129333626742953,112,54,47416,48593,2186,1180,89,92,97,95,0,0,95008,0,0,65,2,0,0,0,0,0,181,4707,11,0,0,0,0,0
361,4166,362.04120377912324,99974,185,90,17,5,3404,1777,0.05182347410326685,107,49,47387,48572,2204,1180,98,102,107,104,0,0,94960,0,0,65,2,0,0,0,0,0,199,4736,12,0,0,0,0,0
362,4166,363.0796486250313,99974,191,85,17,5,3434,1791,0.05226358853301859,94,46,47371,48555,2218,1194,107,113,118,113,0,0,94898,0,0,65,2,0,0,0,0,0,218,4778,13,0,0,0,0,0
363,4166,364.11861980206794,99973,172,90,18,5,3451,1807,0.052594200434117215,102,45,47343,48530,2246,1205,117,123,130,123,0,0,94830,0,0,66,2,0,0,0,0,0,240,4822,13,0,0,0,0,0
364,4166,365.15826748154933,99972,156,82,19,5,3466,1816,0.05283479374224783,114,47,47308,48508,2273,1220,128,136,143,134,0,0,94759,0,0,67,2,0,0,0,0,0,264,4867,13,0,0,0,0,0
365,4166,366.19870572485485,99972,166,86,19,5,3497,1825,0.053234905773616614,108,48,47279,48486,2286,1223,140,150,157,146,0,0,94708,0,0,68,2,0,0,0,0,0,290,4891,13,0,0,0,0,0
366,4166,367.23973267522325,99972,164,85,19,5,3520,1841,0.05362501500420118,113,48,47253,48460,2296,1236,153,164,172,159,0,0,94644,0,0,69,2,0,0,0,0,0,313,4926,18,0,0,0,0,0
367,4166,368.2813886225335,99972,155,92,19,5,3544,1859,0.0540451326371384,111,43,47226,48436,2320,1241,167,181,189,173,0,0,94573,0,0,70,2,0,0,0,0,0,341,4965,21,0,0,0,0,0
368,4166,369.32366607947176,99972,157,91,19,5,3571,1873,0.0544552474692914,102,43,47203,48411,2336,1250,181,198,207,188,0,0,94501,0,0,71,2,0,0,0,0,0,374,5003,21,0,0,0,0,0
369,4166,370.01883818626595,99972,159,91,19,5,3586,1881,0.054685311887328454,101,49,47180,48383,2341,1252,198,218,227,205,0,0,94446,0,0,72,2,0,0,0,0,0,409,5020,23,0,0,0,0,0
370,4166,371.06219621460906,99972,160,88,19,5,3613,1896,0.055105429520265675,105,50,47141,48349,2357,1267,216,239,249,223,0,0,94365,0,0,73,2,0,0,0,0,0,447,5060,25,0,0,0,0,0
371,4166,372.10625787053436,99971,169,93,20,5,3646,1908,0.055556111272268956,113,46,47094,48328,2367,1266,235,260,273,242,0,0,94292,0,0,73,2,0,0,0,0,0,489,5089,26,0,0,0,0,0
372,4166,373.15120155579797,99971,178,96,20,5,3683,1925,0.05609626791769613,102,46,47051,48289,2392,1277,255,285,299,263,0,0,94206,0,0,76,2,0,0,0,0,0,536,5125,26,0,0,0,0,0
373,4166,374.1970506973669,99970,176,104,21,5,3709,1946,0.056566970091027305,101,40,47012,48250,2412,1286,276,313,327,285,0,0,94118,0,0,77,2,0,0,0,0,0,584,5161,28,0,0,0,0,0
374,4166,375.24381130705257,99970,173,94,21,5,3736,1954,0.05691707512253676,102,45,46973,48211,2431,1300,298,343,357,309,0,0,94021,0,0,81,2,0,0,0,0,0,637,5200,29,0,0,0,0,0
375,4166,376.29150427403187,99970,180,93,21,5,3767,1968,0.057367210163048916,98,54,46931,48162,2449,1311,319,373,390,334,0,0,93928,0,0,82,2,0,0,0,0,0,692,5234,32,0,0,0,0,0
376,4166,377.3400377521505,99970,171,98,21,5,3782,1986,0.057697309192757826,109,51,46890,48117,2463,1321,344,406,425,361,0,0,93831,0,0,83,2,0,0,0,0,0,753,5268,33,0,0,0,0,0
377,4166,378.03953045588463,99969,173,90,22,5,3802,1993,0.05796797007072192,112,53,46855,48076,2466,1330,370,444,463,390,0,0,93733,0,0,83,2,0,0,0,0,0,818,5298,35,0,0,0,0,0
378,4166,379.0897096114124,99969,182,89,22,5,3827,2003,0.05831807860436736,104,61,46818,48026,2472,1335,400,482,504,421,0,0,93636,0,0,83,2,0,0,0,0,0,888,5323,37,0,0,0,0,0
379,4166,380.14067885528607,99969,178,91,22,5,3852,2018,0.058718202642819274,100,61,46775,47974,2491,1342,432,525,548,454,0,0,93521,0,0,83,2,0,0,0,0,0,961,5361,41,0,0,0,0,0
380,4166,381.1926261547309,99969,185,90,22,5,3884,2031,0.05916834218607769,97,62,46722,47924,2507,1346,465,571,595,489,0,0,93404,0,0,83,2,0,0,0,0,0,1039,5396,45,0,0,0,0,0
381,4166,382.2457445876748,99969,185,90,22,5,3908,2049,0.0595884724264522,101,66,46671,47857,2520,1361,499,619,646,526,0,0,93279,0,0,85,2,0,0,0,0,0,1124,5431,48,0,0,0,0,0
382,4166,383.29991655438965,99969,194,93,22,5,3942,2064,0.0600786243735558,89,68,46625,47791,2530,1369,538,672,700,566,0,0,93152,0,0,87,2,0,0,0,0,0,1216,5462,50,0,0,0,0,0
383,4166,384.0032725758688,99969,190,91,22,5,3954,2071,0.06026868329182047,95,75,46575,47723,2538,1375,578,729,758,608,0,0,93031,0,0,87,2,0,0,0,0,0,1312,5483,54,0,0,0,0,0
384,4166,385.05957974848104,99969,185,92,22,5,3973,2086,0.0606087887245046,99,79,46521,47647,2551,1385,620,790,820,653,0,0,92894,0,0,89,2,0,0,0,0,0,1413,5511,60,0,0,0,0,0
385,4166,386.1170967485945,99969,182,94,22,5,4004,2106,0.0611189468735308,101,73,46460,47578,2572,1395,661,853,886,700,0,0,92735,0,0,90,2,0,0,0,0,0,1521,5556,65,0,0,0,0,0
386,4166,387.1760130915442,99969,183,87,22,5,4034,2122,0.061579089517750506,104,67,46390,47512,2589,1409,710,918,957,750,0,0,92569,0,0,93,2,0,0,0,0,0,1638,5598,69,0,0,0,0,0
387,4166,388.23655867948423,99969,192,92,22,5,4066,2142,0.062099250767738,114,58,46310,47443,2599,1413,761,987,1032,803,0,0,92415,0,0,95,2,0,0,0,0,0,1756,5622,79,0,0,0,0,0
388,4166,389.29869420477263,99969,200,82,22,5,4103,2152,0.062569396512919,109,62,46240,47360,2615,1423,812,1066,1112,859,0,0,92238,0,0,96,2,0,0,0,0,0,1885,5662,86,0,0,0,0,0
389,4166,390.0076779411334,99968,208,78,23,5,4128,2161,0.06291013124199744,102,66,46172,47266,2625,1433,868,1150,1197,918,0,0,92070,0,0,97,2,0,0,0,0,0,2024,5684,91,0,0,0,0,0
390,4166,391.07287711623763,99968,191,81,23,5,4147,2174,0.06323023367477593,99,67,46113,47172,2645,1438,927,1235,1287,980,0,0,91881,0,0,99,3,0,0,0,0,0,2170,5719,96,0,0,0,0,0
391,4166,392.1397015007854,99967,187,91,24,5,4180,2201,0.0638310642512029,103,54,46022,47075,2676,1447,986,1326,1382,1045,0,0,91673,0,0,99,3,0,0,0,0,0,2324,5766,102,0,0,0,0,0
392,4166,393.2085508937774,99967,183,90,24,5,4207,2213,0.06422119299368792,105,60,45943,46964,2693,1454,1050,1425,1483,1114,0,0,91467,0,0,99,3,0,0,0,0,0,2486,5802,110,0,0,0,0,0
393,4166,394.2792744026145,99967,183,93,24,5,4238,2231,0.06471135474706653,95,55,45864,46853,2713,1463,1119,1529,1590,1186,0,0,91251,0,0,100,3,0,0,0,0,0,2657,5838,118,0,0,0,0,0
394,4166,395.3518762931905,99967,191,105,24,5,4270,2252,0.06524152970480258,89,47,45793,46743,2713,1462,1188,1636,1703,1262,0,0,91053,0,0,101,3,0,0,0,0,0,2823,5846,141,0,0,0,0,0
395,4166,396.0678882576123,99967,189,100,24,5,4287,2258,0.06547160562985785,86,51,45712,46620,2723,1467,1264,1755,1822,1341,0,0,90838,0,0,102,3,0,0,0,0,0,3009,5862,153,0,0,0,0,0
396,4166,397.1440558031195,99967,186,93,24,5,4310,2271,0.0658317244690748,94,49,45625,46497,2731,1480,1338,1874,1948,1424,0,0,90596,0,0,102,3,0,0,0,0,0,3205,5895,166,0,0,0,0,0
397,4166,398.2223349157405,99967,181,101,24,5,4331,2289,0.06622185321155981,107,41,45522,46377,2741,1475,1423,1999,2080,1511,0,0,90362,0,0,103,3,0,0,0,0,0,3404,5909,186,0,0,0,0,0
398,4166,399.3029223138532,99966,176,96,25,5,4368,2304,0.06674269251545525,111,49,45409,46239,2767,1484,1510,2125,2219,1602,0,0,90084,0,0,105,3,0,0,0,0,0,3622,5954,198,0,0,0,0,0
399,4166,400.0247939145361,99966,185,96,25,5,4393,2309,0.06704279455014706,103,49,45307,46105,2775,1480,1603,2263,2365,1697,0,0,89839,0,0,106,3,0,0,0,0,0,3847,5957,214,0,0,0,0,0
400,4166,401.1103164150379,99966,182,99,25,5,4417,2321,0.06740291699177721,96,50,45222,45956,2783,1482,1690,2406,2519,1796,0,0,89564,0,0,106,3,0,0,0,0,0,4086,5979,228,0,0,0,0,0
401,4166,402.19805324437584,99966,180,95,25,5,4443,2331,0.06776303943340736,106,54,45113,45807,2784,1486,1790,2551,2680,1900,0,0,89270,0,0,107,4,0,0,0,0,0,4340,6007,238,0,0,0,0,0
402,4166,403.2883215347309,99966,178,93,25,5,4473,2343,0.06818318228197587,107,57,44997,45641,2798,1492,1893,2710,2849,2008,0,0,88967,0,0,109,5,0,0,0,0,0,4601,6030,254,0,0,0,0,0
403,4166,404.0167516092795,99966,182,103,25,5,4495,2358,0.06855330812476242,105,53,44879,45465,2803,1489,2004,2883,3026,2120,0,0,88673,0,0,110,5,0,0,0,0,0,4873,6034,271,0,0,0,0,0
404,4166,405.1125569730674,99966,188,110,25,5,4524,2377,0.06903347138026929,102,51,44762,45286,2804,1490,2117,3056,3211,2237,0,0,88353,0,0,110,5,0,0,0,0,0,5158,6052,288,0,0,0,0,0
405,4166,406.2111224888502,99966,200,104,25,5,4557,2387,0.0694636176299942,107,58,44630,45099,2804,1495,2232,3237,3404,2359,0,0,88022,0,0,110,6,0,0,0,0,0,5453,6068,307,0,0,0,0,0
406,4166,407.3127136628931,99966,200,105,25,5,4587,2400,0.0698937638797191,113,64,44495,44900,2816,1498,2349,3426,3606,2485,0,0,87672,0,0,112,6,0,0,0,0,0,5763,6088,325,0,0,0,0,0
407,4166,408.04890681916555,99966,203,102,25,5,4607,2414,0.07023387951903647,114,57,44368,44707,2812,1499,2476,3628,3817,2616,0,0,87321,0,0,113,6,0,0,0,0,0,6081,6096,349,0,0,0,0,0
408,4166,409.1569031728551,99966,197,112,25,5,4636,2432,0.07070403937338696,127,51,44213,44493,2829,1497,2607,3840,4036,2752,0,0,86940,0,0,114,6,0,0,0,0,0,6420,6121,365,0,0,0,0,0
409,4166,410.26858606544266,99966,206,105,25,5,4677,2444,0.07123421963467579,119,53,44083,44289,2836,1496,2729,4050,4264,2893,0,0,86547,0,0,115,7,0,0,0,0,0,6764,6144,389,0,0,0,0,0
410,4166,411.0115972783892,99965,203,107,26,5,4698,2455,0.07155504426549292,120,58,43935,44055,2847,1497,2867,4276,4501,3039,0,0,86154,0,0,116,7,0,0,0,0,0,7125,6152,411,0,0,0,0,0
411,4166,412.13021368665636,99964,212,107,27,5,4736,2470,0.07208595094233924,122,57,43772,43828,2860,1499,3005,4502,4747,3190,0,0,85741,0,0,119,7,0,0,0,0,0,7497,6164,436,0,0,0,0,0
412,4166,413.2528365362667,99964,213,105,27,5,4769,2490,0.07261614181105198,119,52,43624,43594,2866,1503,3149,4739,5003,3346,0,0,85303,0,0,120,7,0,0,0,0,0,7882,6189,463,0,0,0,0,0
413,4166,414.0034285638743,99964,217,104,27,5,4794,2497,0.07293625705253891,123,54,43456,43340,2874,1498,3301,4997,5268,3507,0,0,84873,0,0,121,8,0,0,0,0,0,8286,6191,485,0,0,0,0,0
414,4166,415.13419166836104,99964,218,98,27,5,4834,2511,0.07347645152254811,118,58,43284,43085,2894,1498,3457,5254,5542,3674,0,0,84402,0,0,123,9,0,0,0,0,0,8701,6219,510,0,0,0,0,0
415,4166,416.26938882897326,99964,227,103,27,5,4870,2536,0.07408667120163259,123,50,43109,42818,2901,1502,3611,5520,5826,3846,0,0,83926,0,0,124,9,0,0,0,0,0,9131,6238,536,0,0,0,0,0
416,4166,417.0286645036183,99964,236,103,27,5,4901,2547,0.07450682245608418,117,53,42940,42542,2902,1499,3776,5796,6119,4023,0,0,83465,0,0,127,8,1,0,0,0,0,9562,6227,574,0,0,0,0,0
417,4166,418.17288600012773,99963,237,102,28,5,4935,2564,0.07501775656993087,118,54,42759,42273,2909,1494,3947,6070,6422,4205,0,0,82963,0,0,126,9,1,0,0,0,0,10013,6244,607,0,0,0,0,0
418,4166,419.3217501952745,99963,228,99,28,5,4965,2578,0.07545791943018917,132,51,42583,41983,2914,1495,4113,6365,6734,4392,0,0,82445,0,0,125,10,1,0,0,0,0,10475,6264,643,0,0,0,0,0
419,4166,420.09028755256327,99963,233,109,28,5,4993,2593,0.07588807858907796,176,76,42362,41664,2914,1475,4285,6669,7056,4585,0,0,81950,11,1,127,11,1,0,0,0,0,10945,6231,686,0,0,0,0,0
420,4166,421.03804626763326,99963,235,116,28,5,5019,2613,0.07634824885207527,215,90,42139,41346,2916,1466,4465,6975,7387,4783,0,0,81417,45,2,129,11,1,0,0,0,0,11443,6199,716,0,0,0,0,0
421,4166,422.3083047188713,99962,262,129,29,5,5094,2644,0.07740941557791961,224,99,41903,41013,2928,1467,4652,7285,7727,4986,0,0,80855,102,5,133,12,1,0,0,0,0,11944,6156,754,0,0,0,0,0
422,4166,423.26540706993933,99962,281,137,29,5,5150,2674,0.07826974250215082,243,105,41677,40668,2936,1476,4832,7607,8077,5194,0,0,80295,154,9,136,12,1,0,0,0,0,12448,6103,804,0,0,0,0,0
423,4166,424.22724038083317,99962,315,144,29,5,5230,2699,0.07932014165382846,231,120,41447,40310,2947,1480,5029,7939,8436,5407,0,0,79708,211,13,138,13,1,0,0,0,0,12974,6059,845,0,0,0,0,0
424,4166,425.1940121028768,99962,321,147,29,5,5285,2719,0.08007042676216962,255,146,41196,39947,2973,1478,5224,8275,8804,5626,0,0,79103,269,17,141,14,1,0,0,0,0,13517,6016,884,0,0,0,0,0
425,4166,426.16612609817213,99962,343,155,29,5,5356,2750,0.08109081450951361,272,146,40929,39591,2994,1480,5431,8621,9180,5850,0,0,78493,325,26,147,15,1,0,0,0,0,14062,5964,929,0,0,0,0,0
426,4166,427.1440667859434,99962,371,169,29,5,5420,2786,0.08209119465396851,303,159,40645,39216,3009,1479,5641,8970,9565,6079,0,0,77867,376,33,143,19,1,0,0,0,0,14630,5929,964,0,0,0,0,0
427,4166,428.12798431448886,99962,388,185,29,5,5492,2829,0.08324163182009163,319,168,40370,38832,3034,1480,5858,9328,9959,6313,0,0,77219,437,48,149,19,1,0,0,0,0,15202,5882,1005,0,0,0,0,0
428,4166,429.11811078935017,99962,408,211,29,5,5573,2875,0.08451211460354935,341,167,40092,38439,3069,1486,6059,9690,10361,6551,0,0,76551,498,62,151,23,1,0,0,0,0,15795,5847,1034,0,0,0,0,0
429,4166,430.1146514340741,99961,435,219,30,5,5661,2917,0.08581346725222837,374,175,39786,38045,3099,1498,6274,10056,10771,6794,0,0,75864,572,78,155,23,1,0,0,0,0,16391,5802,1075,0,0,0,0,0
430,4166,431.1179843565306,99961,453,221,30,5,5746,2954,0.08703394323786276,393,198,39491,37644,3136,1512,6495,10418,11188,7042,0,0,75157,654,93,156,26,1,0,0,0,0,17000,5761,1113,0,0,0,0,0
431,4166,432.1282497873193,99961,480,234,30,5,5843,3004,0.088504516761537,409,195,39189,37246,3172,1521,6718,10797,11613,7294,0,0,74446,736,113,160,27,1,0,0,0,0,17609,5709,1160,0,0,0,0,0
432,4166,433.14572759878615,99959,503,245,32,5,5945,3058,0.09006692744025051,439,206,38880,36828,3214,1539,6930,11175,12045,7551,0,0,73710,823,139,165,29,1,0,0,0,0,18230,5662,1200,0,0,0,0,0
433,4166,434.1705219933738,99959,554,267,32,5,6068,3111,0.09182764933622785,439,207,38577,36399,3247,1544,7149,11576,12484,7812,0,0,72986,901,161,167,30,1,0,0,0,0,18854,5606,1253,0,0,0,0,0
434,4166,435.20256210903574,99958,580,287,33,5,6194,3173,0.09370935793033074,470,230,38238,35944,3309,1561,7368,11971,12929,8077,0,0,72216,1011,184,174,31,1,0,0,0,0,19490,5548,1303,0,0,0,0,0
435,4166,436.2427843570163,99957,600,300,34,5,6311,3228,0.09543103534519844,499,260,37917,35501,3358,1579,7590,12353,13380,8346,0,0,71435,1113,205,185,35,1,0,0,0,0,20147,5495,1341,0,0,0,0,0
436,4166,437.2911510822193,99956,640,331,35,5,6451,3305,0.09760294529593021,505,266,37583,35041,3412,1607,7823,12748,13837,8619,0,0,70650,1214,240,193,36,1,0,0,0,0,20795,5440,1387,0,0,0,0,0
437,4166,438.34791410755287,99955,686,357,35,6,6590,3389,0.09983492571657246,507,284,37250,34579,3475,1630,8045,13142,14299,8896,0,0,69841,1333,267,194,39,1,0,0,0,0,21457,5389,1434,0,0,0,0,0
438,4166,439.05723136230245,99955,690,373,35,6,6665,3439,0.10108548846981141,549,283,36939,34119,3500,1642,8285,13575,14766,9176,0,0,69072,1408,288,197,44,1,0,0,0,0,22129,5333,1483,0,0,0,0,0
439,4166,440.1309573166717,99955,760,407,35,6,6826,3526,0.1035666049722375,572,301,36565,33638,3557,1667,8509,13979,15237,9460,0,0,68247,1526,308,198,49,1,0,0,0,0,22816,5284,1526,0,0,0,0,0
440,4166,441.21404693324774,99954,817,417,35,7,6998,3602,0.10604878243992237,602,326,36185,33173,3629,1695,8730,14380,15712,9747,0,0,67403,1650,356,205,49,1,0,0,0,0,23486,5234,1570,0,0,0,0,0
441,4166,442.3072588768885,99954,860,457,35,7,7168,3697,0.10870000200092042,628,337,35801,32690,3715,1723,8959,14784,16191,10037,0,0,66537,1785,390,214,51,1,0,0,0,0,24181,5187,1608,0,0,0,0,0
442,4166,443.04201830312417,99953,872,477,36,7,7290,3762,0.11057196882534791,675,346,35448,32221,3759,1737,9208,15210,16673,10330,0,0,65718,1885,429,227,53,1,0,0,0,0,24860,5117,1663,0,0,0,0,0
443,4166,444.1559203165105,99953,955,484,36,7,7493,3853,0.1135133512750993,700,376,35049,31725,3831,1788,9427,15618,17158,10625,0,0,64847,2018,477,241,57,1,0,0,0,0,25545,5061,1706,0,0,0,0,0
444,4166,445.280884887278,99952,1011,544,37,7,7697,3968,0.11670601888906675,727,369,34651,31248,3929,1816,9643,16014,17645,10923,0,0,63973,2145,535,250,63,1,0,0,0,0,26232,5013,1740,0,0,0,0,0
445,4166,446.03718281619393,99951,1030,559,38,7,7833,4039,0.11877820131864614,758,372,34301,30777,3987,1847,9884,16436,18134,11223,0,0,63127,2253,586,257,67,1,0,0,0,0,26916,4955,1789,0,0,0,0,0
446,4166,447.18456184198226,99950,1086,557,39,7,8060,4139,0.12205102551275637,813,391,33872,30299,4080,1909,10108,16835,18625,11525,0,0,62220,2428,653,274,73,1,0,0,0,0,27575,4875,1851,0,0,0,0,0
447,4166,448.3448120327731,99949,1156,585,39,8,8294,4265,0.12565408358262714,850,404,33460,29819,4172,1960,10321,17222,19117,11829,0,0,61309,2603,727,280,78,1,0,0,0,0,28235,4809,1907,0,0,0,0,0
448,4166,449.1253228276989,99949,1180,610,39,8,8461,4351,0.12818537454101592,907,420,33049,29347,4263,1978,10560,17635,19610,12135,0,0,60449,2712,803,286,87,1,0,0,0,0,28907,4754,1950,0,0,0,0,0
449,4166,450.3110690520122,99947,1259,599,41,8,8748,4463,0.13218005542937758,965,482,32574,28848,4396,2072,10763,17989,20103,12442,0,0,59476,2930,888,298,96,2,0,0,0,0,29573,4694,1990,0,0,0,0,0
450,4166,451.1101640204569,99947,1303,641,41,8,8944,4572,0.13523167278657688,1006,472,32171,28378,4481,2094,10996,18405,20595,12751,0,0,58608,3051,967,311,98,3,0,0,0,0,30239,4627,2043,0,0,0,0,0
451,4166,452.3249216073155,99945,1387,664,43,8,9255,4718,0.13980689379158537,1031,486,31726,27885,4637,2168,11174,18787,21087,13061,0,0,57642,3261,1073,329,104,5,0,0,0,0,30881,4565,2085,0,0,0,0,0
452,4166,453.1431507565519,99943,1398,671,45,8,9439,4796,0.14243118577589226,1090,523,31327,27404,4741,2197,11397,19195,21578,13371,0,0,56774,3387,1171,336,109,6,0,0,0,0,31520,4496,2144,0,0,0,0,0
453,4166,454.3874754685217,99940,1466,725,48,8,9764,4979,0.147518511106664,1132,526,30851,26935,4925,2275,11576,19529,22067,13682,0,0,55799,3603,1291,360,119,6,0,0,0,0,32143,4429,2190,0,0,0,0,0
454,4166,455.2265955379647,99939,1553,735,49,8,10025,5088,0.15122224556979758,1124,527,30448,26472,5038,2336,11786,19920,22554,13994,0,0,54899,3765,1379,369,129,6,0,0,0,0,32790,4357,2245,0,0,0,0,0
455,4166,456.07592750229844,99939,1614,745,49,8,10267,5200,0.15476440628783558,1157,558,30025,25984,5143,2382,12010,20321,23039,14306,0,0,54016,3901,1498,389,132,6,0,0,0,0,33413,4287,2297,0,0,0,0,0
456,4166,457.36913210416134,99937,1712,778,51,8,10654,5377,0.1604110589671493,1234,578,29503,25533,5325,2463,12173,20638,23522,14618,0,0,53024,4153,1645,397,149,6,0,0,0,0,33997,4224,2342,0,0,0,0,0
457,4166,458.2422090956929,99935,1761,823,53,8,10918,5502,0.16430679941962276,1275,579,29073,25074,5448,2494,12388,21020,24002,14930,0,0,52131,4298,1767,406,161,6,0,0,0,0,34616,4170,2380,0,0,0,0,0
458,4166,459.1270119155125,99935,1825,868,53,8,11196,5648,0.16854955721218792,1294,581,28658,24622,5578,2543,12590,21376,24478,15241,0,0,51224,4451,1886,431,167,6,0,0,0,0,35239,4112,2419,0,0,0,0,0
459,4166,460.0234405730768,99934,1931,877,54,8,11533,5768,0.17312426201292852,1271,621,28228,24181,5727,2600,12787,21711,24951,15552,0,0,50325,4610,2033,448,179,7,0,0,0,0,35826,4051,2455,0,0,0,0,0
460,4166,461.3905229303023,99933,1956,922,55,8,11952,5986,0.17950026517766904,1353,648,27690,23723,6028,2713,12916,21984,25420,15862,0,0,49259,4932,2229,473,190,7,0,0,0,0,36361,3990,2492,0,0,0,0,0
461,4166,462.3151546789528,99933,1996,938,55,8,12272,6139,0.1842334364023896,1358,655,27286,23283,6206,2795,13097,22319,25885,16171,0,0,48341,5120,2409,492,207,7,0,0,0,0,36899,3926,2532,0,0,0,0,0
462,4166,463.25314824790405,99933,2063,970,55,8,12604,6306,0.1892267819439024,1382,662,26841,22851,6378,2878,13279,22629,26345,16479,0,0,47432,5302,2576,515,221,7,0,0,0,0,37445,3862,2573,0,0,0,0,0
463,4166,464.20533628283016,99933,2088,995,55,8,12906,6451,0.19369977885183073,1406,692,26449,22436,6547,2941,13453,22926,26801,16786,0,0,46542,5470,2749,533,242,8,0,0,0,0,37979,3803,2607,0,0,0,0,0
464,4166,465.1712945997187,99932,2139,1000,56,8,13246,6613,0.19872513309050155,1374,695,26075,22010,6716,3042,13638,23243,27252,17091,0,0,45628,5676,2946,552,258,8,0,0,0,0,38482,3735,2647,0,0,0,0,0
465,4166,466.1508391790191,99929,2129,1051,58,9,13591,6791,0.20396481501866326,1394,696,25653,21591,6962,3101,13802,23550,27697,17395,0,0,44697,5901,3141,585,267,8,0,0,0,0,38975,3656,2699,0,0,0,0,0
466,4166,467.1453625842111,99929,2200,1048,58,9,13957,6959,0.20930860911246985,1372,696,25244,21198,7162,3213,13962,23834,28137,17697,0,0,43778,6117,3319,608,292,9,0,0,0,0,39480,3592,2734,0,0,0,0,0
467,4166,468.1556655254936,99929,2280,1065,58,9,14343,7129,0.21487255951725726,1339,708,24860,20821,7346,3296,14115,24099,28571,17997,0,0,42936,6257,3559,641,315,9,0,0,0,0,39919,3527,2766,0,0,0,0,0
468,4166,469.1807618502161,99928,2288,1067,59,9,14694,7298,0.22007845648867183,1368,738,24470,20440,7563,3386,14250,24358,29000,18295,0,0,42046,6443,3808,669,334,9,0,0,0,0,40349,3472,2798,0,0,0,0,0
469,4166,470.22162431095154,99925,2309,1051,62,9,15083,7466,0.225659244433325,1351,776,24096,20053,7787,3504,14393,24605,29423,18591,0,0,41152,6647,4074,689,364,9,0,0,0,0,40747,3417,2826,0,0,0,0,0
470,4166,471.2785431441936,99921,2296,1109,66,9,15425,7683,0.23126269753104953,1378,759,23729,19671,8011,3610,14518,24840,29840,18885,0,0,40251,6867,4291,718,385,9,0,0,0,0,41185,3354,2861,0,0,0,0,0
471,4166,472.35132269234504,99921,2319,1154,66,9,15807,7885,0.23710731477867517,1401,788,23348,19329,8222,3691,14642,25027,30250,19176,0,0,39432,7019,4551,757,417,9,0,0,0,0,41563,3277,2896,0,0,0,0,0
472,4166,473.44070395483755,99920,2363,1187,67,9,16197,8090,0.243064451561249,1408,789,22948,18984,8443,3785,14769,25244,30654,19465,0,0,38584,7204,4802,791,435,9,0,0,0,0,41947,3211,2937,0,0,0,0,0
473,4166,474.54748126742925,99916,2365,1209,70,10,16600,8317,0.2493794787621602,1376,792,22601,18646,8690,3922,14896,25419,31052,19751,0,0,37711,7429,5085,818,468,10,0,0,0,0,42277,3144,2974,0,0,0,0,0
474,4166,475.1065374952629,99916,2364,1212,70,10,16792,8429,0.25242203450898754,1412,787,22289,18319,8777,3957,15086,25713,31443,20035,0,0,37031,7471,5294,829,487,13,0,0,0,0,42692,3095,3004,0,0,0,0,0
475,4166,476.2457417168129,99911,2412,1231,74,11,17221,8655,0.25899050154637626,1425,764,21911,18015,8981,4085,15195,25892,31828,20316,0,0,36183,7683,5565,857,523,15,0,0,0,0,43024,3030,3031,0,0,0,0,0
476,4166,477.4042266813136,99911,2383,1282,74,11,17627,8905,0.265556345147181,1440,736,21584,17720,9239,4207,15278,26042,32206,20594,0,0,35352,7899,5887,885,559,15,0,0,0,0,43290,2956,3068,0,0,0,0,0
477,4166,478.58103890692007,99909,2482,1315,76,11,18078,9143,0.2724579367224174,1417,733,21239,17421,9420,4327,15364,26191,32577,20869,0,0,34548,8088,6168,911,586,17,0,0,0,0,43597,2894,3100,0,0,0,0,0
478,4166,479.1748577376817,99907,2465,1313,77,12,18297,9257,0.27579649073638485,1407,730,20984,17123,9533,4374,15532,26446,32942,21141,0,0,33904,8132,6411,926,610,17,0,0,0,0,43930,2840,3137,0,0,0,0,0
479,4166,480.3837563796063,99905,2494,1304,79,12,18760,9474,0.28260847805415146,1388,717,20658,16826,9802,4523,15577,26616,33300,21410,0,0,33098,8331,6728,967,658,18,0,0,0,0,44169,2775,3161,0,0,0,0,0
480,4166,481.61159911080915,99903,2493,1308,80,13,19207,9693,0.2892806021841186,1389,696,20330,16596,10074,4650,15632,26735,33651,21675,0,0,32286,8528,7039,1018,700,21,0,0,0,0,44419,2720,3172,0,0,0,0,0
481,4166,482.23153384261013,99902,2445,1293,80,14,19414,9801,0.292436587856099,1395,689,20066,16348,10212,4697,15800,26957,33995,21937,0,0,31660,8584,7276,1035,734,22,0,0,0,0,44721,2665,3205,0,0,0,0,0
482,4166,483.49581457941264,99898,2413,1283,84,14,19859,10028,0.2991751586618351,1371,677,19742,16099,10522,4860,15866,27065,34333,22196,0,0,30875,8763,7627,1094,783,23,0,0,0,0,44906,2608,3219,0,0,0,0,0
483,4166,484.1349598129482,99897,2397,1273,85,14,20086,10132,0.3024915663133027,1344,708,19521,15832,10648,4906,16003,27265,34664,22451,0,0,30263,8825,7865,1105,807,23,0,0,0,0,45198,2558,3253,0,0,0,0,0
484,4166,485.43734039859856,99895,2376,1253,85,16,20514,10367,0.30913459132088694,1329,681,19230,15625,10931,5075,16047,27348,34988,22703,0,0,29493,9027,8196,1151,859,25,0,0,0,0,45371,2498,3275,0,0,0,0,0
485,4166,486.0946030903339,99895,2361,1252,85,16,20720,10485,0.31237799689674156,1336,649,19015,15399,11028,5122,16173,27560,35306,22951,0,0,28938,9039,8438,1167,889,27,0,0,0,0,45638,2457,3302,0,0,0,0,0
486,4166,487.4330119714548,99893,2281,1234,86,17,21142,10701,0.3187710850610153,1337,682,18741,15166,11322,5264,16231,27635,35617,23196,0,0,28179,9255,8809,1203,946,27,0,0,0,0,45765,2395,3314,0,0,0,0,0
487,4166,488.1083238965348,99891,2274,1199,87,18,21367,10808,0.32210109018830524,1290,678,18555,14953,11419,5328,16373,27822,35921,23437,0,0,27633,9270,9072,1227,979,27,0,0,0,0,45995,2356,3332,0,0,0,0,0
488,4166,489.48276003700227,99886,2245,1211,92,18,21806,11049,0.3289249744708968,1296,634,18300,14815,11689,5461,16376,27859,36219,23675,0,0,26959,9408,9455,1270,1033,31,0,0,0,0,46082,2305,3343,0,0,0,0,0
489,4166,490.17571786123705,99884,2213,1186,92,20,22009,11138,0.3318549517440231,1308,661,18117,14627,11785,5490,16483,28014,36510,23909,0,0,26451,9407,9698,1295,1067,34,0,0,0,0,46308,2261,3363,0,0,0,0,0
490,4166,491.5846262653331,99884,2262,1169,92,20,22494,11391,0.33924352248608386,1218,619,17909,14507,12018,5655,16499,28028,36795,24140,0,0,25816,9520,10094,1343,1133,37,0,0,0,0,46358,2218,3365,0,0,0,0,0
491,4166,492.2943698489077,99883,2269,1131,92,21,22723,11491,0.34254077270406375,1169,626,17727,14330,12115,5713,16626,28177,37074,24367,0,0,25329,9513,10360,1360,1175,38,0,0,0,0,46549,2186,3373,0,0,0,0,0
492,4166,493.0111978213262,99882,2214,1143,93,21,22914,11613,0.34567789992190784,1168,596,17577,14159,12213,5745,16733,28334,37346,24590,0,0,24853,9507,10606,1377,1221,41,0,0,0,0,46740,2153,3384,0,0,0,0,0
493,4166,494.4672421628852,99880,2224,1150,95,21,23357,11824,0.3522326792150581,1102,573,17389,14053,12451,5849,16737,28352,37612,24810,0,0,24274,9591,10996,1415,1270,44,0,0,0,0,46780,2118,3392,0,0,0,0,0
494,4166,495.2002413001447,99878,2221,1110,97,21,23589,11916,0.3554836901019243,1072,581,17222,13903,12541,5906,16845,28477,37872,25026,0,0,23817,9589,11260,1435,1308,45,0,0,0,0,46933,2078,3413,0,0,0,0,0
495,4166,496.6873734997638,99874,2101,1098,101,21,23983,12145,0.3617357870917356,1053,553,17061,13801,12850,6054,16832,28471,38126,25239,0,0,23206,9717,11660,1491,1374,52,0,0,0,0,46924,2036,3414,0,0,0,0,0
496,4166,497.4366765408583,99872,2062,1056,101,23,24161,12244,0.3645165812239667,1038,561,16931,13660,12922,6118,16944,28580,38374,25448,0,0,22773,9708,11929,1507,1412,54,0,0,0,0,47059,2002,3428,0,0,0,0,0
497,4166,498.1924482195227,99872,2086,1051,101,23,24369,12369,0.36785084908683113,996,542,16804,13529,12971,6171,17040,28682,38616,25653,0,0,22361,9697,12174,1513,1451,56,0,0,0,0,47207,1971,3442,0,0,0,0,0
498,4166,499.7116414202892,99869,1993,1024,103,24,24729,12569,0.37346924471057086,989,546,16666,13468,13233,6277,17014,28659,38853,25855,0,0,21826,9781,12548,1563,1525,57,0,0,0,0,47192,1926,3451,0,0,0,0,0
499,4166,500.47490557468996,99868,1923,1002,104,24,24893,12656,0.37598630191853244,991,540,16558,13338,13327,6311,17095,28783,39084,26053,0,0,21430,9762,12790,1578,1573,61,0,0,0,0,47320,1892,3462,0,0,0,0,0
500,4166,501.2346128426199,99865,1916,1001,107,24,25084,12751,0.37886146297501627,949,523,16460,13231,13389,6328,17177,28891,39310,26248,0,0,21040,9753,13013,1576,1614,64,0,0,0,0,47462,1869,3474,0,0,0,0,0
501,4166,502.74512496732365,99861,1849,987,110,25,25442,12942,0.3843742802495469,952,509,16316,13180,13625,6436,17146,28861,39530,26439,0,0,20551,9827,13363,1619,1686,69,0,0,0,0,47446,1827,3473,0,0,0,0,0
502,4166,503.5037671066888,99858,1852,989,112,26,25622,13052,0.3872899517314587,923,491,16208,13069,13678,6471,17225,28952,39745,26627,0,0,20204,9778,13578,1630,1733,73,0,0,0,0,47579,1801,3482,0,0,0,0,0
503,4166,504.25946370050684,99858,1826,992,112,26,25791,13144,0.38990366320174646,896,487,16096,12956,13750,6493,17318,29044,39955,26811,0,0,19829,9768,13777,1635,1779,74,0,0,0,0,47728,1782,3486,0,0,0,0,0
504,4166,505.01194050551015,99858,1795,992,112,26,25961,13245,0.392617516873961,882,467,16000,12865,13810,6523,17399,29125,40159,26992,0,0,19502,9732,13995,1648,1826,77,0,0,0,0,47823,1744,3511,0,0,0,0,0
505,4166,506.50669671145835,99856,1736,961,114,26,26287,13417,0.39761256208940876,842,452,15964,12826,13979,6635,17363,29098,40358,27170,0,0,19069,9786,14333,1676,1891,86,0,0,0,0,47782,1715,3518,0,0,0,0,0
506,4166,507.258185147111,99855,1702,935,115,26,26453,13495,0.4000600871263332,811,444,15899,12726,14030,6679,17441,29188,40552,27344,0,0,18725,9786,14534,1682,1942,87,0,0,0,0,47882,1683,3534,0,0,0,0,0
507,4166,508.0066190757832,99852,1666,913,116,28,26608,13577,0.402445619516885,788,438,15830,12638,14083,6724,17515,29257,40742,27515,0,0,18399,9764,14746,1685,1988,91,0,0,0,0,47974,1662,3543,0,0,0,0,0
508,4166,509.49561976077393,99851,1651,887,116,29,26908,13747,0.4071566634285085,728,407,15800,12615,14203,6838,17500,29222,40927,27683,0,0,18017,9801,15046,1707,2053,98,0,0,0,0,47948,1630,3551,0,0,0,0,0
509,4166,510.2434767228781,99850,1629,851,116,30,27053,13808,0.40922383575363047,699,416,15744,12559,14239,6861,17571,29281,41107,27848,0,0,17737,9742,15262,1727,2091,100,0,0,0,0,48027,1603,3561,0,0,0,0,0
510,4166,511.7304147652126,99849,1546,822,117,30,27306,13959,0.4132740438061473,695,397,15712,12598,14384,6937,17544,29214,41283,28009,0,0,17365,9778,15560,1747,2157,109,0,0,0,0,47994,1576,3563,0,0,0,0,0
511,4166,512.4771016852769,99849,1512,813,117,30,27432,14030,0.41524702300473715,699,382,15640,12556,14436,6948,17594,29269,41454,28167,0,0,17097,9730,15761,1753,2194,112,0,0,0,0,48075,1553,3574,0,0,0,0,0
512,4166,513.2214300718142,99848,1463,791,118,30,27563,14105,0.41731431776299976,680,366,15582,12509,14486,6979,17669,29323,41621,28322,0,0,16811,9697,15951,1761,2245,115,0,0,0,0,48151,1540,3577,0,0,0,0,0
513,4166,514.7041558788662,99847,1394,756,118,31,27810,14233,0.42107424359269685,613,355,15577,12523,14638,7052,17658,29281,41784,28474,0,0,16498,9682,16249,1807,2301,121,0,0,0,0,48100,1506,3583,0,0,0,0,0
514,4166,515.4484215249537,99846,1370,720,118,32,27925,14284,0.4227410211726058,608,365,15533,12481,14654,7079,17715,29321,41943,28623,0,0,16237,9648,16427,1810,2334,126,0,0,0,0,48180,1491,3593,0,0,0,0,0
515,4166,516.1903492720867,99846,1342,693,118,32,28022,14331,0.4241832421929772,600,383,15493,12437,14663,7092,17782,29361,42098,28769,0,0,16000,9610,16590,1805,2377,130,0,0,0,0,48265,1469,3600,0,0,0,0,0
516,4166,517.66773822613,99845,1278,707,119,32,28240,14486,0.4279232810856828,620,340,15507,12477,14742,7145,17732,29297,42249,28912,0,0,15715,9598,16860,1830,2437,136,0,0,0,0,48224,1447,3598,0,0,0,0,0
517,4166,518.409704812248,99845,1261,706,119,32,28356,14559,0.42981621513345686,594,320,15485,12441,14759,7170,17780,29329,42396,29052,0,0,15474,9556,17004,1841,2481,136,0,0,0,0,48318,1427,3608,0,0,0,0,0
518,4166,519.1497453108589,99843,1232,690,121,32,28472,14621,0.4316076239696323,563,292,15479,12433,14767,7196,17836,29355,42539,29190,0,0,15251,9512,17194,1840,2520,140,0,0,0,0,48364,1412,3610,0,0,0,0,0
519,4166,520.6250147299792,99841,1184,646,122,33,28653,14719,0.43441071303372364,554,292,15496,12487,14814,7262,17828,29278,42679,29325,0,0,15002,9488,17429,1853,2586,147,0,0,0,0,48338,1393,3605,0,0,0,0,0
520,4166,521.3652796529976,99841,1163,653,122,33,28747,14778,0.4359431496078765,546,289,15464,12459,14822,7253,17881,29311,42815,29457,0,0,14800,9424,17569,1862,2625,149,0,0,0,0,48429,1378,3605,0,0,0,0,0
521,4166,522.1030697549124,99840,1151,633,122,34,28840,14829,0.4373898237179487,543,280,15435,12447,14816,7261,17931,29343,42948,29586,0,0,14617,9367,17732,1857,2667,149,0,0,0,0,48475,1359,3617,0,0,0,0,0
522,4166,523.5729134435973,99840,1082,624,122,34,29026,14941,0.4403745993589744,525,251,15452,12504,14910,7309,17907,29276,43077,29713,0,0,14389,9344,17972,1873,2726,158,0,0,0,0,48424,1334,3620,0,0,0,0,0
523,4166,524.3107288627907,99839,1051,614,123,34,29125,14987,0.4418313484710384,493,255,15435,12479,14938,7312,17958,29304,43203,29837,0,0,14193,9302,18118,1879,2752,167,0,0,0,0,48483,1318,3627,0,0,0,0,0
524,4166,525.0466031325473,99838,1018,581,123,35,29208,15030,0.4430978184659148,482,247,15413,12456,14960,7335,18002,29344,43326,29959,0,0,14004,9252,18273,1885,2792,168,0,0,0,0,48530,1304,3630,0,0,0,0,0
525,4166,526.5139785803245,99837,988,554,124,35,29376,15119,0.44567645261776695,434,218,15455,12501,15010,7381,17987,29309,43446,30078,0,0,13794,9220,18487,1895,2843,172,0,0,0,0,48501,1290,3635,0,0,0,0,0
526,4166,527.2503009169985,99837,959,529,124,35,29449,15148,0.4466981179322295,431,220,15441,12483,15014,7394,18029,29337,43563,30195,0,0,13617,9171,18604,1895,2890,173,0,0,0,0,48571,1282,3634,0,0,0,0,0
527,4166,528.717979706976,99837,897,517,124,35,29600,15250,0.4492322485651612,418,184,15507,12546,15062,7440,17990,29276,43677,30309,0,0,13397,9164,18819,1905,2937,177,0,0,0,0,48533,1267,3638,0,0,0,0,0
528,4166,529.4547102241803,99837,863,498,124,35,29661,15282,0.4501637669401124,416,196,15487,12535,15054,7437,18054,29297,43788,30421,0,0,13246,9106,18949,1907,2973,180,0,0,0,0,48582,1251,3643,0,0,0,0,0
529,4166,530.1902784350411,99837,847,473,124,35,29740,15316,0.4512956118473111,409,201,15498,12543,15044,7441,18076,29305,43896,30530,0,0,13082,9064,19092,1907,2999,183,0,0,0,0,48622,1242,3646,0,0,0,0,0
530,4166,531.6562771815456,99837,828,430,124,35,29899,15397,0.4536995302342819,374,185,15550,12625,15067,7498,18055,29225,44001,30637,0,0,12908,9026,19292,1916,3061,188,0,0,0,0,48577,1231,3638,0,0,0,0,0
531,4166,532.3918466192575,99837,818,419,124,35,29972,15438,0.454841391468093,358,178,15538,12640,15058,7501,18102,29225,44103,30742,0,0,12760,8973,19407,1919,3089,194,0,0,0,0,48630,1225,3640,0,0,0,0,0
532,4166,533.1260665573969,99837,794,420,124,35,30024,15478,0.4557628935164318,369,165,15549,12639,15038,7492,18124,29247,44203,30845,0,0,12619,8923,19533,1916,3111,196,0,0,0,0,48680,1215,3644,0,0,0,0,0
533,4166,534.5905267196644,99837,747,395,124,35,30176,15536,0.4578663221050312,309,157,15635,12713,15074,7509,18109,29189,44300,30946,0,0,12444,8905,19727,1929,3153,199,0,0,0,0,48635,1197,3648,0,0,0,0,0
534,4166,535.325145218737,99837,729,382,124,35,30236,15567,0.4587778078267576,288,147,15634,12727,15072,7506,18151,29201,44395,31044,0,0,12300,8864,19842,1930,3176,201,0,0,0,0,48684,1189,3651,0,0,0,0,0
535,4166,536.0586091939681,99836,695,361,125,35,30289,15590,0.45954365158860533,273,157,15658,12755,15053,7505,18194,29185,44487,31140,0,0,12180,8806,19970,1928,3203,207,0,0,0,0,48710,1180,3652,0,0,0,0,0
536,4166,537.5216680952284,99834,661,339,126,36,30393,15647,0.4611655347877477,257,143,15720,12846,15063,7523,18171,29111,44577,31234,0,0,12018,8779,20101,1944,3242,210,0,0,0,0,48718,1166,3656,0,0,0,0,0
537,4166,538.2554918939835,99834,637,340,126,36,30439,15677,0.4619267984854859,255,135,15744,12869,15034,7510,18202,29108,44665,31326,0,0,11907,8722,20202,1944,3265,214,0,0,0,0,48762,1153,3665,0,0,0,0,0
538,4166,539.7191825179258,99833,594,331,127,36,30525,15730,0.4633237506636082,255,127,15812,12990,15040,7504,18170,29010,44750,31416,0,0,11774,8685,20345,1944,3300,220,0,0,0,0,48754,1144,3667,0,0,0,0,0
539,4166,540.4532382789388,99832,576,333,128,36,30568,15751,0.4639694687074285,246,126,15828,13027,15020,7467,18200,29009,44833,31504,0,0,11671,8625,20441,1941,3322,221,0,0,0,0,48801,1137,3673,0,0,0,0,0
540,4166,541.1862843521322,99832,554,327,128,36,30613,15778,0.4646906803429762,239,126,15857,13034,14992,7461,18228,29014,44914,31591,0,0,11554,8577,20540,1944,3343,223,0,0,0,0,48847,1130,3674,0,0,0,0,0
541,4166,542.6495069696988,99832,535,289,128,36,30700,15823,0.4660129016748137,223,122,15937,13130,14975,7484,18200,28937,44993,31676,0,0,11433,8529,20682,1951,3383,225,0,0,0,0,48833,1125,3671,0,0,0,0,0
542,4166,543.3831247767619,99832,520,274,128,36,30741,15842,0.4666139113711035,223,121,15948,13147,14971,7476,18208,28944,45070,31759,0,0,11330,8490,20758,1945,3415,228,0,0,0,0,48879,1112,3675,0,0,0,0,0
543,4166,544.1158883804546,99832,524,270,128,36,30787,15862,0.4672750220370222,215,124,15975,13168,14929,7461,18227,28939,45145,31840,0,0,11228,8449,20823,1939,3441,230,0,0,0,0,48940,1105,3677,0,0,0,0,0
544,4166,545.5804298734259,99831,480,243,129,36,30850,15905,0.46834149713014994,205,115,16090,13290,14902,7467,18192,28847,45218,31920,0,0,11100,8421,20936,1946,3472,235,0,0,0,0,48944,1096,3681,0,0,0,0,0
545,4166,546.3153213942551,99831,465,227,129,36,30879,15921,0.4687922589175707,205,110,16120,13330,14860,7461,18219,28834,45290,31998,0,0,11005,8382,21007,1942,3497,237,0,0,0,0,48989,1083,3689,0,0,0,0,0
546,4166,547.0492164928212,99831,457,222,129,36,30919,15942,0.469403291562741,191,107,16144,13362,14829,7453,18248,28818,45360,32074,0,0,10910,8338,21080,1941,3520,238,0,0,0,0,49034,1077,3693,0,0,0,0,0
547,4166,548.5142955042602,99830,438,217,130,36,30987,15977,0.4704397475708705,185,104,16255,13463,14793,7448,18197,28730,45428,32149,0,0,10807,8306,21167,1941,3554,241,0,0,0,0,49051,1068,3695,0,0,0,0,0
548,4166,549.248735304439,99830,440,218,130,36,31026,16002,0.47108083742362017,171,91,16281,13501,14764,7423,18212,28729,45494,32222,0,0,10716,8266,21235,1942,3571,241,0,0,0,0,49099,1059,3701,0,0,0,0,0
549,4166,550.716930673458,99829,407,206,130,37,31095,16043,0.4721874405232948,148,78,16388,13633,14754,7416,18171,28628,45559,32293,0,0,10613,8236,21336,1946,3606,245,0,0,0,0,49094,1051,3702,0,0,0,0,0
550,4166,551.4534177984236,99829,396,185,130,37,31119,16055,0.472548057177774,156,76,16408,13664,14723,7414,18185,28622,45622,32363,0,0,10527,8195,21424,1944,3616,247,0,0,0,0,49124,1047,3705,0,0,0,0,0
551,4166,552.1894759730683,99829,384,178,130,37,31151,16066,0.4729787937372908,140,75,16464,13714,14696,7397,18184,28597,45683,32431,0,0,10457,8151,21486,1941,3635,252,0,0,0,0,49158,1035,3714,0,0,0,0,0
552,4166,553.6610128055189,99829,340,165,130,37,31202,16085,0.4736799927876669,153,83,16546,13862,14690,7378,18139,28473,45743,32498,0,0,10351,8128,21558,1945,3673,252,0,0,0,0,49181,1032,3709,0,0,0,0,0
553,4166,554.3993861454951,99829,327,159,130,37,31218,16096,0.4739504552785263,163,79,16592,13898,14651,7353,18135,28472,45801,32564,0,0,10286,8081,21621,1942,3690,253,0,0,0,0,49217,1022,3717,0,0,0,0,0
554,4166,555.1374221641042,99829,322,153,130,37,31244,16104,0.47429103767442327,157,81,16619,13949,14622,7335,18148,28443,45858,32628,0,0,10209,8047,21677,1938,3703,255,0,0,0,0,49263,1015,3722,0,0,0,0,0
555,4166,556.6135399301239,99829,305,157,130,37,31299,16139,0.47519257931062114,137,62,16719,14099,14588,7311,18119,28332,45914,32691,0,0,10127,8016,21758,1935,3734,255,0,0,0,0,49271,1011,3722,0,0,0,0,0
556,4166,557.3534188865342,99829,285,153,130,37,31320,16153,0.4755431788358092,133,56,16761,14152,14565,7292,18124,28308,45968,32753,0,0,10051,7980,21815,1937,3747,259,0,0,0,0,49310,1006,3724,0,0,0,0,0
557,4166,558.0927886568712,99829,293,155,130,37,31350,16166,0.475973915395326,122,53,16805,14215,14522,7270,18126,28268,46021,32813,0,0,9996,7929,21880,1932,3759,261,0,0,0,0,49344,1003,3725,0,0,0,0,0
558,4166,559.57152760653,99829,279,151,130,37,31391,16188,0.4766049945406645,116,47,16928,14340,14467,7251,18078,28172,46073,32872,0,0,9917,7896,21951,1933,3779,262,0,0,0,0,49367,1001,3723,0,0,0,0,0
559,4166,560.3129255051082,99828,272,146,131,37,31417,16196,0.4769503546099291,113,54,16963,14378,14433,7235,18086,28148,46123,32930,0,0,9855,7863,22003,1927,3799,262,0,0,0,0,49397,994,3728,0,0,0,0,0
560,4166,561.0544231562957,99828,265,138,131,37,31437,16205,0.47724085426934326,104,55,17004,14435,14393,7214,18101,28119,46172,32987,0,0,9798,7826,22058,1920,3817,264,0,0,0,0,49425,989,3731,0,0,0,0,0
561,4166,562.5364409380684,99828,253,139,131,37,31473,16233,0.4778819569659815,95,46,17125,14568,14353,7194,18041,28014,46220,33042,0,0,9727,7796,22121,1921,3837,264,0,0,0,0,49445,983,3734,0,0,0,0,0
562,4166,563.279618853569,99828,249,137,131,37,31489,16243,0.47814240493649074,98,45,17157,14612,14308,7176,18055,27991,46267,33096,0,0,9666,7764,22169,1919,3845,266,0,0,0,0,49483,978,3738,0,0,0,0,0
563,4166,564.0230560003008,99828,244,127,131,37,31511,16248,0.478412870136635,90,46,17197,14653,14277,7169,18059,27966,46313,33149,0,0,9597,7740,22219,1917,3854,267,0,0,0,0,49519,974,3741,0,0,0,0,0
564,4166,565.5087979459222,99828,220,113,131,37,31538,16266,0.47886364547020877,90,39,17314,14793,14232,7154,18011,27862,46358,33201,0,0,9533,7717,22288,1909,3879,269,0,0,0,0,49522,972,3739,0,0,0,0,0
565,4166,566.2539448033322,99828,222,109,131,37,31562,16274,0.47918419681852786,79,37,17385,14837,14180,7137,18001,27841,46402,33252,0,0,9482,7682,22344,1904,3889,271,0,0,0,0,49547,969,3740,0,0,0,0,0
566,4166,567.7446976098539,99827,209,100,131,38,31594,16286,0.4796297594839072,70,43,17505,14954,14130,7107,17953,27756,46444,33302,0,0,9424,7660,22398,1895,3915,271,0,0,0,0,49557,964,3743,0,0,0,0,0
567,4166,568.4927241876845,99827,190,98,131,38,31602,16293,0.47978001943362014,74,40,17555,15008,14104,7084,17944,27730,46485,33351,0,0,9368,7639,22432,1886,3931,274,0,0,0,0,49590,960,3747,0,0,0,0,0
568,4166,569.2405332293305,99827,191,95,131,38,31623,16302,0.4800805393330462,65,39,17595,15056,14074,7066,17942,27704,46525,33399,0,0,9319,7608,22481,1881,3944,274,0,0,0,0,49616,956,3748,0,0,0,0,0
569,4166,570.7373574091539,99827,180,83,131,38,31654,16310,0.48047121520229996,52,42,17732,15224,14017,7033,17886,27578,46565,33446,0,0,9269,7583,22536,1873,3968,275,0,0,0,0,49623,951,3749,0,0,0,0,0
570,4166,571.4879816712318,99827,164,95,131,38,31662,16326,0.4807116311218408,55,30,17786,15278,13971,7009,17891,27548,46604,33492,0,0,9225,7551,22576,1865,3981,277,0,0,0,0,49652,948,3752,0,0,0,0,0
571,4166,572.2390468133459,99827,163,87,131,38,31678,16332,0.48093201238141986,51,29,17829,15326,13938,6999,17886,27519,46642,33537,0,0,9168,7530,22613,1864,3988,279,0,0,0,0,49686,946,3753,0,0,0,0,0
572,4166,573.7412466164185,99827,152,77,131,38,31702,16341,0.48126258427078844,51,24,17968,15465,13870,6962,17826,27432,46679,33581,0,0,9122,7499,22670,1867,3999,280,0,0,0,0,49695,938,3757,0,0,0,0,0
573,4166,574.4918061525871,99827,148,73,131,38,31714,16346,0.4814328788804632,48,25,18031,15540,13824,6942,17816,27380,46715,33624,0,0,9083,7468,22711,1863,4011,280,0,0,0,0,49717,933,3761,0,0,0,0,0
574,4166,575.2397701986444,99827,150,69,131,38,31728,16349,0.4816031734901379,40,27,18067,15598,13795,6913,17815,27353,46750,33666,0,0,9038,7446,22740,1854,4026,280,0,0,0,0,49749,932,3762,0,0,0,0,0
575,4166,576.7291742438662,99827,129,64,131,38,31738,16361,0.481823554749717,47,27,18180,15730,13741,6900,17770,27239,46784,33707,0,0,8990,7426,22780,1851,4038,283,0,0,0,0,49766,927,3766,0,0,0,0,0
576,4166,577.469940128849,99827,125,62,131,38,31743,16365,0.4819137107195448,48,29,18232,15792,13710,6873,17752,27204,46817,33748,0,0,8949,7401,22808,1848,4046,284,0,0,0,0,49798,923,3770,0,0,0,0,0
577,4166,578.2094407094658,99827,121,61,131,38,31750,16369,0.48202390134933437,55,29,18284,15858,13665,6849,17742,27163,46850,33788,0,0,8907,7375,22846,1846,4051,284,0,0,0,0,49827,920,3771,0,0,0,0,0
578,4166,579.6821576797151,99827,113,53,131,38,31769,16376,0.4822843519288369,51,34,18407,15989,13605,6819,17691,27065,46882,33827,0,0,8868,7353,22887,1845,4060,287,0,0,0,0,49836,913,3778,0,0,0,0,0
579,4166,580.4147401009055,99827,114,52,131,38,31780,16380,0.4824346118785499,50,37,18469,16040,13554,6795,17680,27036,46913,33865,0,0,8832,7329,22914,1839,4068,290,0,0,0,0,49864,911,3780,0,0,0,0,0
580,4166,581.14523483927,99827,109,56,131,38,31787,16390,0.4826049064882246,45,29,18532,16098,13516,6773,17665,27004,46943,33902,0,0,8797,7311,22940,1831,4080,291,0,0,0,0,49888,904,3785,0,0,0,0,0
581,4166,582.5989122063421,99827,97,53,131,38,31800,16398,0.48281527041782285,47,24,18684,16263,13439,6742,17600,26878,46973,33939,0,0,8756,7293,22976,1827,4090,294,0,0,0,0,49905,900,3786,0,0,0,0,0
582,4166,583.3210421217958,99827,90,55,131,38,31805,16402,0.48290542638765066,46,22,18739,16340,13399,6719,17593,26824,47002,33975,0,0,8721,7268,23004,1824,4099,294,0,0,0,0,49932,898,3787,0,0,0,0,0
583,4166,584.040889638589,99827,89,53,131,38,31813,16405,0.48301561701744017,43,19,18781,16401,13370,6699,17584,26788,47030,34010,0,0,8676,7255,23022,1822,4106,294,0,0,0,0,49968,895,3789,0,0,0,0,0
584,4166,585.3988623119689,99827,81,54,131,38,31820,16409,0.48312580764722973,43,18,18834,16469,13341,6669,17568,26750,47058,34044,0,0,8641,7237,23054,1817,4110,296,0,0,0,0,49988,891,3793,0,0,0,0,0
585,4166,586.3655143765908,99827,85,48,131,38,31834,16413,0.4833061195868853,38,18,18910,16540,13299,6653,17535,26701,47085,34078,0,0,8610,7215,23090,1809,4120,297,0,0,0,0,50004,890,3792,0,0,0,0,0
586,4166,587.2923765428253,99827,74,50,131,38,31842,16420,0.4834563795365983,39,13,18979,16619,13261,6623,17514,26655,47112,34111,0,0,8577,7193,23121,1807,4130,297,0,0,0,0,50021,887,3794,0,0,0,0,0
587,4166,588.2645520659772,99827,74,51,131,38,31851,16424,0.4835866048263496,37,11,19082,16725,13201,6592,17473,26581,47138,34143,0,0,8549,7169,23154,1804,4135,297,0,0,0,0,50039,884,3796,0,0,0,0,0
588,4166,589.2947489683312,99827,65,48,131,38,31857,16427,0.4836767607961774,38,17,19158,16799,13147,6567,17459,26529,47163,34175,0,0,8517,7149,23183,1802,4140,299,0,0,0,0,50057,881,3799,0,0,0,0,0
589,4166,590.172653658131,99827,65,45,131,38,31862,16432,0.48377693409598604,38,13,19217,16879,13106,6539,17441,26484,47188,34206,0,0,8488,7129,23204,1797,4147,302,0,0,0,0,50080,880,3800,0,0,0,0,0
590,4166,591.1357952621145,99827,71,42,131,38,31874,16434,0.4839171767157182,30,13,19273,16946,13071,6517,17422,26442,47212,34237,0,0,8459,7105,23235,1794,4152,302,0,0,0,0,50101,880,3799,0,0,0,0,0
591,4166,592.2707723788229,99827,70,42,131,38,31884,16440,0.4840774539954121,30,13,19393,17072,13001,6496,17373,26337,47236,34267,0,0,8430,7086,23266,1790,4158,303,0,0,0,0,50117,878,3799,0,0,0,0,0
592,4166,593.1801920264138,99827,63,37,131,38,31891,16444,0.4841876446252016,28,14,19522,17214,12930,6466,17324,26229,47259,34296,0,0,8401,7068,23299,1787,4166,303,0,0,0,0,50129,875,3799,0,0,0,0,0
593,4166,594.1589428903594,99827,69,32,131,38,31901,16446,0.484307852584972,21,16,19597,17291,12877,6454,17303,26167,47282,34325,0,0,8373,7046,23327,1788,4167,304,0,0,0,0,50149,873,3800,0,0,0,0,0
594,4166,595.2873494019831,99827,63,33,131,38,31904,16449,0.4843679565648572,25,16,19645,17333,12849,6441,17285,26137,47304,34353,0,0,8345,7024,23346,1790,4172,304,0,0,0,0,50173,871,3802,0,0,0,0,0
595,4166,596.2858033839246,99827,61,33,131,38,31914,16454,0.4845182165145702,23,17,19748,17451,12795,6410,17240,26049,47326,34381,0,0,8317,7006,23369,1789,4180,304,0,0,0,0,50191,868,3803,0,0,0,0,0
596,4166,597.1670198522921,99827,61,35,131,38,31919,16457,0.4845983551544171,20,15,19795,17498,12767,6400,17224,26012,47347,34408,0,0,8281,7000,23379,1786,4184,304,0,0,0,0,50222,865,3806,0,0,0,0,0
597,4166,598.0541633959438,99827,64,36,131,38,31929,16460,0.4847285804441684,16,17,19848,17578,12737,6384,17202,25945,47368,34435,0,0,8252,6989,23395,1781,4191,304,0,0,0,0,50244,862,3809,0,0,0,0,0
598,4166,599.0310214630903,99827,61,37,131,38,31932,16464,0.4847987017540345,22,16,19937,17687,12686,6354,17161,25866,47388,34461,0,0,8228,6972,23417,1777,4197,304,0,0,0,0,50262,860,3810,0,0,0,0,0
599,4166,600.3150183038575,99827,60,40,131,38,31941,16471,0.48495897903372837,23,13,20013,17790,12645,6331,17126,25786,47408,34487,0,0,8196,6966,23435,1771,4204,304,0,0,0,0,50281,858,3812,0,0,0,0,0
600,4166,601.390427471626,99827,50,33,131,38,31952,16475,0.4851092389834413,22,13,20186,17964,12582,6297,17027,25653,47427,34512,0,0,8167,6956,23461,1769,4213,305,0,0,0,0,50287,855,3814,0,0,0,0,0
601,4166,602.0589457601911,99827,50,33,131,38,31952,16476,0.48511925631342223,22,12,20175,17961,12570,6289,17050,25665,47446,34537,0,0,8148,6936,23482,1765,4216,306,0,0,0,0,50305,855,3814,0,0,0,0,0
602,4166,603.4339113508482,99826,50,28,132,38,31957,16480,0.48521427283473245,19,10,20294,18094,12517,6271,16986,25557,47465,34561,0,0,8123,6925,23498,1762,4221,308,0,0,0,0,50320,852,3817,0,0,0,0,0
603,4166,604.1790988711647,99826,48,26,132,38,31961,16480,0.48525434255604755,19,10,20326,18166,12495,6254,16978,25504,47483,34585,0,0,8094,6915,23509,1761,4226,308,0,0,0,0,50345,850,3818,0,0,0,0,0
604,4166,605.03332012685,99826,49,28,132,38,31967,16484,0.4853545168593352,20,9,20391,18234,12454,6239,16952,25450,47501,34608,0,0,8066,6902,23525,1762,4227,308,0,0,0,0,50368,849,3819,0,0,0,0,0
605,4166,606.0131222325238,99826,51,28,132,38,31974,16487,0.48545469116262296,17,7,20475,18321,12406,6217,16917,25387,47518,34631,0,0,8041,6889,23540,1760,4232,308,0,0,0,0,50388,849,3819,0,0,0,0,0
606,4166,607.2951918826732,99826,47,24,132,38,31977,16490,0.4855147957445956,27,9,20599,18449,12335,6181,16858,25297,47535,34653,0,0,8020,6881,23560,1751,4242,308,0,0,0,0,50396,848,3820,0,0,0,0,0
607,4166,608.4017052517846,99826,40,21,132,38,31983,16493,0.48560495261755454,25,9,20714,18608,12279,6143,16808,25179,47552,34675,0,0,7996,6872,23580,1745,4252,308,0,0,0,0,50406,847,3820,0,0,0,0,0
608,4166,609.0380200330542,99826,39,22,132,38,31983,16494,0.48561497004788334,25,8,20733,18624,12257,6130,16812,25176,47568,34697,0,0,7973,6861,23591,1743,4255,308,0,0,0,0,50429,845,3821,0,0,0,0,0
609,4166,610.3619337844999,99826,37,15,132,38,31991,16494,0.4856951094905135,19,9,20830,18732,12207,6111,16773,25093,47584,34718,0,0,7952,6850,23614,1741,4260,308,0,0,0,0,50436,842,3823,0,0,0,0,0
610,4166,611.298929499401,99826,36,14,132,38,31993,16497,0.4857451966421574,17,7,20893,18817,12172,6088,16748,25034,47600,34739,0,0,7933,6834,23633,1741,4262,308,0,0,0,0,50450,840,3825,0,0,0,0,0
611,4166,612.1472692982063,99826,31,12,132,38,31995,16497,0.4857652315028149,18,7,20963,18894,12136,6061,16718,24986,47615,34759,0,0,7915,6822,23651,1738,4264,310,0,0,0,0,50461,839,3826,0,0,0,0,0
612,4166,613.0073002859554,99826,31,14,132,38,31998,16500,0.4858253360847875,18,5,21058,18977,12081,6042,16678,24922,47630,34779,0,0,7897,6806,23668,1738,4265,310,0,0,0,0,50477,837,3828,0,0,0,0,0
613,4166,614.0452404099241,99825,34,14,133,38,32005,16501,0.48591034310042575,12,7,21139,19100,12032,6011,16648,24828,47645,34799,0,0,7879,6793,23683,1735,4268,311,0,0,0,0,50491,837,3828,0,0,0,0,0
614,4166,615.0755970465698,99825,34,14,133,38,32012,16502,0.48599048334585526,9,8,21205,19163,11995,5999,16622,24776,47659,34818,0,0,7866,6779,23699,1733,4272,312,0,0,0,0,50500,833,3831,0,0,0,0,0
615,4166,616.4059571601448,99825,25,14,133,38,32016,16504,0.4860505885299274,10,6,21293,19295,11959,5974,16578,24671,47673,34837,0,0,7844,6769,23716,1733,4274,313,0,0,0,0,50512,831,3833,0,0,0,0,0
616,4166,617.3576358420073,99825,25,16,133,38,32019,16506,0.4861006761833208,9,5,21390,19390,11918,5953,16523,24596,47687,34856,0,0,7823,6761,23725,1731,4277,313,0,0,0,0,50531,829,3835,0,0,0,0,0
617,4166,618.3859902686504,99825,26,14,133,38,32023,16507,0.48615076383671424,5,6,21499,19518,11863,5922,16472,24500,47701,34874,0,0,7807,6750,23740,1728,4279,315,0,0,0,0,50542,829,3835,0,0,0,0,0
618,4166,619.0679382206388,99825,26,17,133,38,32025,16510,0.48620085149010767,5,4,21536,19561,11840,5910,16458,24468,47714,34892,0,0,7790,6738,23752,1726,4282,315,0,0,0,0,50558,829,3835,0,0,0,0,0
619,4166,620.5336651562817,99825,23,18,133,38,32027,16511,0.48623090408214376,3,5,21642,19713,11788,5875,16409,24349,47727,34910,0,0,7772,6727,23767,1724,4284,315,0,0,0,0,50572,828,3836,0,0,0,0,0
620,4166,621.0463276649165,99825,23,18,133,38,32027,16512,0.48624092161282245,3,4,21661,19726,11766,5871,16412,24341,47740,34927,0,0,7755,6718,23776,1722,4286,315,0,0,0,0,50589,825,3839,0,0,0,0,0
621,4166,622.0485396854879,99825,20,17,133,38,32030,16514,0.4862910092662159,3,3,21778,19830,11708,5849,16356,24261,47753,34944,0,0,7739,6703,23793,1723,4289,315,0,0,0,0,50600,825,3838,0,0,0,0,0
622,4166,623.069002689231,99825,19,18,133,38,32031,16516,0.48632106185825197,4,4,21833,19887,11676,5832,16333,24219,47765,34961,0,0,7726,6689,23806,1722,4292,315,0,0,0,0,50612,824,3839,0,0,0,0,0
623,4166,624.1657365495197,99825,17,16,133,38,32034,16518,0.4863711495116454,2,2,21918,19992,11633,5811,16295,24139,47777,34977,0,0,7715,6677,23825,1717,4298,315,0,0,0,0,50615,824,3839,0,0,0,0,0
624,4166,625.5978221076255,99825,16,13,133,38,32034,16519,0.4863811670423241,6,3,22031,20119,11579,5792,16233,24033,47789,34993,0,0,7696,6670,23835,1715,4301,315,0,0,0,0,50630,824,3839,0,0,0,0,0
625,4166,626.0856963249499,99825,16,15,133,38,32034,16521,0.48640120210368143,7,1,22101,20184,11541,5772,16200,23988,47801,35009,0,0,7682,6661,23844,1711,4305,315,0,0,0,0,50644,823,3840,0,0,0,0,0
626,4166,627.0268464659674,99825,14,14,133,38,32035,16521,0.4864112196343601,7,2,22191,20266,11493,5752,16160,23926,47812,35024,0,0,7668,6653,23856,1709,4306,316,0,0,0,0,50654,822,3841,0,0,0,0,0
627,4166,628.1614347317895,99825,15,12,133,38,32039,16521,0.48645128975707486,4,2,22272,20340,11448,5736,16126,23870,47823,35039,0,0,7651,6647,23864,1707,4310,316,0,0,0,0,50668,821,3841,0,0,0,0,0
628,4166,629.1289129325824,99825,13,11,133,38,32039,16521,0.48645128975707486,5,4,22340,20433,11423,5716,16084,23796,47834,35054,0,0,7638,6635,23877,1708,4310,316,0,0,0,0,50679,819,3843,0,0,0,0,0
629,4166,630.4503167317671,99825,14,12,133,38,32042,16523,0.48650137741046834,29,31,22461,20558,11349,5686,16012,23673,47845,35069,0,0,7631,6617,23897,1708,4310,316,0,0,0,1,50683,818,3844,0,0,0,0,0
630,4166,631.0726320929095,99825,13,13,133,38,32044,16525,0.48654144753318307,27,31,22489,20593,11337,5675,15999,23648,47855,35083,0,0,7618,6609,23904,1706,4313,316,1,0,0,3,50693,816,3846,0,0,0,0,0
631,4166,632.2638821785778,99825,15,24,133,38,32049,16538,0.48672176308539944,26,21,22619,20726,11267,5652,15938,23537,47865,35097,0,0,7611,6594,23918,1705,4313,318,2,0,0,5,50697,815,3847,0,0,0,0,0
632,4166,633.2447239772488,99825,22,31,133,38,32057,16546,0.48688204357625847,27,23,22704,20832,11224,5619,15888,23455,47875,35111,0,0,7599,6584,23928,1704,4314,318,2,0,0,7,50707,814,3848,0,0,0,0,0
633,4166,634.2220129381752,99825,28,36,133,38,32064,16553,0.48702228900576006,25,19,22751,20904,11192,5609,15869,23392,47885,35125,0,0,7584,6576,23936,1703,4315,318,2,0,0,10,50719,814,3848,0,0,0,0,0
634,4166,635.1706303285865,99825,31,35,133,38,32072,16557,0.48714249937390436,28,19,22841,21013,11148,5589,15817,23304,47895,35138,0,0,7567,6566,23944,1705,4315,318,5,0,0,15,50728,813,3849,0,0,0,0,0
635,4166,636.0122543986363,99825,34,39,133,38,32080,16564,0.48729276233408464,29,18,22903,21085,11112,5573,15787,23245,47905,35151,0,0,7554,6559,23947,1703,4320,319,6,0,0,18,50737,812,3850,0,0,0,0,0
636,4166,637.0344330053225,99825,35,44,133,38,32086,16573,0.487443025294265,31,15,22957,21165,11073,5554,15769,23182,47914,35164,0,0,7543,6551,23952,1704,4322,320,7,0,0,22,50743,809,3852,0,0,0,0,0
637,4166,638.2360864704739,99825,43,43,133,38,32100,16577,0.48762334084648135,39,20,23051,21300,11017,5536,15715,23061,47923,35177,0,0,7528,6544,23957,1704,4323,322,8,0,0,27,50752,808,3852,0,0,0,0,0
638,4166,639.1727622373016,99825,47,50,133,38,32108,16585,0.4877836213373403,47,22,23119,21371,10978,5520,15674,22997,47932,35189,0,0,7518,6538,23960,1701,4328,323,8,0,0,28,50761,806,3854,0,0,0,0,0
639,4166,640.1464890645871,99825,48,53,133,38,32114,16589,0.48788379664412723,54,19,23177,21432,10949,5510,15637,22946,47941,35201,0,0,7505,6534,23962,1696,4335,323,9,0,0,30,50771,805,3855,0,0,0,0,0
640,4166,641.3132088453292,99825,59,41,133,38,32137,16592,0.4881442524417731,67,24,23265,21547,10905,5498,15569,22850,47950,35213,0,0,7490,6528,23957,1695,4349,323,11,0,0,42,50772,804,3854,0,0,0,0,0
641,4166,642.2659240536271,99825,64,43,133,38,32148,16597,0.4883045329326321,69,28,23325,21637,10867,5474,15540,22778,47958,35225,0,0,7480,6519,23963,1692,4355,323,12,0,0,46,50777,804,3854,0,0,0,0,0
642,4166,643.2162375910877,99825,66,46,133,38,32159,16602,0.48846481342349113,69,32,23388,21726,10836,5452,15506,22704,47966,35237,0,0,7471,6508,23967,1690,4364,323,14,0,0,48,50782,804,3854,0,0,0,0,0
643,4166,644.1638119957472,99825,67,41,133,38,32173,16606,0.4886451289757075,69,36,23469,21807,10807,5444,15453,22632,47974,35248,0,0,7460,6500,23971,1689,4370,324,17,0,0,60,50778,803,3853,0,0,0,0,0
644,4166,645.1082068891924,99825,76,47,133,38,32188,16616,0.4888955672426747,72,37,23531,21884,10778,5430,15408,22562,47982,35259,0,0,7449,6493,23976,1689,4373,324,17,0,0,67,50782,802,3853,0,0,0,0,0
645,4166,646.0497857333577,99825,86,51,133,38,32205,16627,0.4891760581016779,73,40,23593,21942,10754,5422,15359,22505,47990,35270,0,0,7438,6485,23983,1690,4374,324,18,0,0,78,50781,800,3854,0,0,0,0,0
646,4166,647.3011295908252,99825,85,54,133,38,32221,16639,0.4894565489606812,87,42,23683,22063,10720,5399,15290,22402,47998,35281,0,0,7429,6471,23992,1693,4376,325,20,0,0,95,50771,799,3854,0,0,0,0,0
647,4166,648.236334664361,99825,95,54,133,38,32238,16648,0.4897170047583271,85,41,23765,22146,10684,5395,15236,22324,48006,35292,0,0,7419,6466,23993,1691,4383,326,20,0,0,105,50771,798,3853,0,0,0,0,0
648,4166,649.1683222723566,99825,108,56,133,38,32261,16660,0.4900676183320811,80,47,23831,22195,10643,5393,15203,22269,48013,35303,0,0,7414,6455,23997,1690,4389,328,21,0,0,115,50765,796,3855,0,0,0,0,0
649,4166,650.0976490467018,99825,117,60,133,38,32285,16668,0.49038817931379913,83,51,23888,22265,10622,5373,15155,22211,48020,35313,0,0,7403,6446,23999,1690,4396,328,23,0,0,124,50765,796,3855,0,0,0,0,0
650,4166,651.024610949142,99825,124,64,133,38,32302,16680,0.4906786877034811,97,49,23947,22349,10592,5362,15105,22136,48027,35323,0,0,7394,6438,24001,1690,4403,328,23,0,0,134,50764,795,3855,0,0,0,0,0
651,4166,652.2563820547415,99825,131,67,133,38,32332,16697,0.4911495116453794,117,44,24022,22473,10562,5346,15033,22030,48034,35333,0,0,7378,6430,23994,1692,4417,328,28,0,0,150,50759,795,3854,0,0,0,0,0
652,4166,653.1775481030026,99825,136,69,133,38,32359,16708,0.49153017781116953,108,48,24094,22556,10538,5330,14989,21957,48041,35343,0,0,7363,6423,23993,1694,4424,330,32,0,0,164,50756,794,3852,0,0,0,0,0
653,4166,654.0960831784597,99825,146,73,133,38,32385,16720,0.49191084397695967,110,56,24142,22620,10523,5321,14944,21890,48048,35353,0,0,7353,6412,23999,1696,4428,330,35,0,0,179,50748,793,3852,0,0,0,0,0
654,4166,655.0124084914545,99825,161,79,133,38,32416,16734,0.4923616328575006,116,66,24193,22715,10493,5304,14902,21796,48055,35363,0,0,7340,6407,23998,1691,4440,331,39,0,0,187,50749,792,3851,0,0,0,0,0
655,4166,656.230981639973,99824,169,88,134,38,32454,16758,0.4929876582785703,126,64,24251,22803,10476,5301,14842,21704,48062,35372,0,0,7320,6401,23993,1693,4449,332,47,0,0,208,50740,790,3851,0,0,0,0,0
656,4166,657.1426693360952,99824,172,91,134,38,32482,16776,0.4934484693059785,136,70,24302,22862,10465,5298,14789,21639,48068,35381,0,0,7307,6394,23992,1692,4460,332,53,0,0,230,50725,788,3851,0,0,0,0,0
657,4166,658.0524531366497,99824,176,93,134,38,32512,16789,0.49387922744029494,141,72,24337,22930,10455,5290,14755,21575,48074,35390,0,0,7297,6385,23990,1695,4469,333,54,0,0,251,50713,787,3850,0,0,0,0,0
658,4166,659.2627338170905,99824,188,107,134,38,32557,16819,0.49463054976759097,153,60,24411,23030,10423,5278,14689,21485,48080,35399,0,0,7282,6376,23983,1700,4481,334,61,0,0,274,50698,784,3851,0,0,0,0,0
659,4166,660.1678828563598,99824,182,103,134,38,32584,16832,0.4950312550088155,165,57,24457,23106,10412,5276,14648,21418,48086,35408,0,0,7267,6367,23976,1706,4497,334,66,0,0,297,50685,782,3847,0,0,0,0,0
660,4166,661.0712378546452,99824,188,103,134,38,32619,16843,0.49549206603622375,162,77,24501,23163,10407,5267,14606,21350,48092,35417,0,0,7258,6357,23973,1712,4509,335,66,0,0,316,50675,779,3844,0,0,0,0,0
661,4166,662.2726739571691,99824,224,104,134,38,32677,16862,0.496263423625581,155,86,24584,23254,10363,5263,14538,21253,48098,35426,0,0,7245,6349,23971,1712,4518,337,73,0,0,335,50662,777,3845,0,0,0,0,0
662,4166,663.1710328088667,99824,229,113,134,38,32713,16885,0.49685446385638726,154,81,24631,23322,10353,5247,14497,21197,48104,35434,0,0,7232,6340,23965,1715,4532,339,78,0,0,353,50652,776,3842,0,0,0,0,0
663,4166,664.0675815347357,99823,230,124,134,39,32747,16906,0.49741041643709366,169,79,24670,23393,10348,5239,14447,21124,48110,35442,0,0,7222,6326,23962,1721,4541,341,82,0,0,372,50639,776,3841,0,0,0,0,0
664,4166,665.2604214860442,99823,224,128,134,39,32793,16931,0.49812167536539675,191,87,24730,23491,10345,5233,14374,21020,48116,35450,0,0,7209,6311,23952,1729,4558,346,88,0,0,403,50615,775,3837,0,0,0,0,0
665,4166,666.1528922206385,99823,234,140,134,39,32835,16954,0.49877282790539257,207,87,24772,23538,10337,5227,14314,20967,48122,35458,0,0,7196,6305,23944,1731,4569,348,91,0,0,426,50602,775,3836,0,0,0,0,0
666,4166,667.0434057535966,99823,248,140,134,39,32881,16973,0.4994239804453883,211,92,24808,23605,10326,5224,14271,20898,48127,35466,0,0,7187,6295,23930,1734,4592,349,94,0,0,445,50588,775,3834,0,0,0,0,0
667,4166,668.2283700859034,99823,272,141,134,39,32956,17005,0.5004958777035352,211,105,24863,23694,10319,5227,14199,20792,48132,35474,0,0,7177,6283,23916,1737,4615,352,98,0,0,489,50550,775,3831,0,0,0,0,0
668,4166,669.1152385410103,99823,273,156,134,39,32991,17038,0.5011770834376847,241,95,24896,23765,10303,5228,14151,20715,48137,35482,0,0,7168,6275,23906,1738,4633,354,99,0,0,514,50532,775,3829,0,0,0,0,0
669,4166,670.0003777248843,99823,313,166,134,39,33057,17065,0.5021087324564479,234,100,24930,23820,10279,5230,14108,20643,48142,35490,0,0,7155,6269,23899,1739,4646,354,103,0,0,537,50518,774,3829,0,0,0,0,0
670,4166,671.1779250951113,99823,317,152,134,39,33116,17088,0.5029301864299811,269,120,24982,23880,10260,5249,14036,20558,48147,35497,0,0,7145,6256,23882,1746,4671,354,108,0,0,592,50468,773,3828,0,0,0,0,0
671,4166,672.0592237362846,99823,324,170,134,39,33164,17123,0.5037616581348988,298,114,25014,23943,10260,5242,13968,20490,48152,35504,0,0,7131,6249,23875,1748,4685,356,116,0,0,621,50445,771,3826,0,0,0,0,0
672,4166,673.2319021085378,99823,348,184,134,39,33244,17164,0.5049738036324294,305,130,25045,24010,10262,5238,13904,20397,48157,35511,0,0,7120,6238,23857,1751,4711,361,122,0,0,657,50414,770,3822,0,0,0,0,0
673,4166,674.1100200802013,99822,398,186,135,39,33333,17194,0.5061709843521468,292,130,25068,24046,10242,5252,13863,20345,48162,35518,0,0,7108,6228,23844,1752,4735,362,130,0,0,685,50389,769,3820,0,0,0,0,0
674,4166,675.2789255476347,99820,406,196,137,39,33423,17237,0.5075135243438189,312,139,25105,24121,10249,5262,13789,20241,48167,35525,0,0,7088,6215,23817,1759,4766,371,143,0,0,726,50353,767,3815,0,0,0,0,0
675,4166,676.1541797258808,99820,424,209,137,39,33489,17278,0.5085854538168704,333,146,25126,24169,10249,5261,13729,20174,48172,35532,0,0,7080,6202,23812,1761,4786,372,149,0,0,770,50311,766,3811,0,0,0,0,0
676,4166,677.028252021009,99820,457,230,137,39,33564,17316,0.5097174914846724,361,146,25135,24239,10235,5253,13673,20091,48177,35539,0,0,7069,6192,23799,1767,4801,375,153,0,0,798,50290,765,3811,0,0,0,0,0
677,4166,678.191799197346,99820,494,244,137,39,33675,17368,0.5113504307753957,381,157,25152,24304,10240,5263,13594,19991,48182,35546,0,0,7048,6179,23785,1776,4820,380,166,0,0,858,50238,764,3806,0,0,0,0,0
678,4166,679.0633452137096,99820,508,248,137,39,33753,17401,0.5124624323782809,406,181,25151,24359,10253,5274,13543,19897,48186,35553,0,0,7034,6170,23764,1778,4851,383,173,0,0,901,50201,764,3801,0,0,0,0,0
679,4166,680.2244869197284,99820,541,255,137,39,33870,17458,0.5142055700260468,433,195,25172,24400,10270,5303,13445,19806,48190,35559,0,0,7014,6159,23746,1788,4874,390,187,0,0,972,50135,760,3795,0,0,0,0,0
680,4166,681.0939046925934,99820,561,268,137,39,33965,17497,0.5155479863754758,456,189,25192,24440,10287,5312,13365,19750,48194,35565,0,0,6995,6143,23723,1799,4906,392,200,0,0,1010,50102,759,3791,0,0,0,0,0
681,4166,682.2517461883557,99819,606,273,138,39,34100,17544,0.5173764513769924,495,215,25205,24504,10307,5330,13247,19637,48198,35571,0,0,6971,6128,23705,1811,4926,395,216,0,0,1085,50035,758,3789,0,0,0,0,0
682,4166,683.1187314407919,99819,647,287,138,39,34209,17591,0.5189392800969755,507,231,25200,24533,10330,5340,13176,19568,48202,35577,0,0,6954,6116,23695,1818,4951,395,228,0,0,1138,49987,754,3783,0,0,0,0,0
683,4166,684.2740554830477,99819,677,306,138,39,34349,17663,0.5210631242549014,543,242,25173,24586,10377,5365,13090,19460,48206,35583,0,0,6922,6100,23662,1827,5002,398,257,0,0,1201,49926,750,3774,0,0,0,0,0
684,4166,685.1406673371789,99819,699,307,138,39,34458,17709,0.5226159348420641,586,258,25147,24625,10409,5386,13019,19383,48210,35589,0,0,6899,6087,23645,1836,5021,406,275,0,0,1269,49863,747,3771,0,0,0,0,0
685,4166,686.0074085230191,99818,759,336,138,40,34596,17778,0.5246949447995352,597,244,25124,24656,10423,5407,12957,19315,48214,35595,0,0,6880,6079,23624,1837,5051,408,287,0,0,1335,49803,747,3767,0,0,0,0,0
686,4166,687.1628419719252,99818,785,352,138,40,34756,17851,0.5270291931314993,633,270,25112,24685,10479,5430,12851,19221,48218,35601,0,0,6854,6057,23583,1854,5103,416,307,0,0,1418,49725,746,3755,0,0,0,0,0
687,4166,688.029145030437,99818,815,368,138,40,34878,17920,0.5289426756697189,679,287,25071,24718,10513,5461,12782,19124,48222,35607,0,0,6837,6044,23548,1861,5155,416,319,0,0,1488,49658,745,3747,0,0,0,0,0
688,4166,689.1843672276107,99817,850,387,139,40,35063,18003,0.5316328881853792,714,298,25044,24744,10584,5500,12667,19029,48226,35613,0,0,6809,6020,23511,1881,5202,422,340,0,0,1594,49556,741,3741,0,0,0,0,0
689,4166,690.0509968625018,99816,885,410,140,40,35219,18068,0.533852288210307,731,318,25006,24772,10642,5517,12594,18941,48230,35619,0,0,6784,6003,23473,1894,5247,426,358,0,0,1668,49488,739,3736,0,0,0,0,0
690,4166,691.2071004468183,99816,926,442,140,40,35433,18157,0.5368878736875852,745,370,24974,24789,10728,5540,12485,18817,48234,35624,0,0,6749,5978,23431,1909,5301,436,388,0,0,1770,49390,737,3727,0,0,0,0,0
691,4166,692.074382770374,99815,961,469,141,40,35591,18247,0.5393778490206883,750,375,24941,24815,10802,5570,12403,18729,48238,35629,0,0,6726,5959,23393,1921,5350,444,406,0,0,1854,49309,736,3717,0,0,0,0,0
692,4166,693.2314120227451,99815,1050,491,141,40,35843,18346,0.5428943545559285,729,426,24889,24832,10894,5616,12295,18593,48242,35634,0,0,6691,5941,23341,1941,5408,453,433,0,0,1965,49201,732,3709,0,0,0,0,0
693,4166,694.0997586569982,99815,1089,505,141,40,36012,18429,0.5454190251966138,760,429,24855,24862,10941,5657,12212,18505,48246,35639,0,0,6663,5916,23301,1959,5459,457,455,0,0,2058,49113,731,3703,0,0,0,0,0
694,4166,695.2583512925762,99815,1127,547,141,40,36238,18548,0.5488754195261233,803,457,24802,24856,11040,5705,12085,18393,48250,35644,0,0,6632,5888,23243,1985,5533,464,481,0,0,2178,48995,727,3689,0,0,0,0,0
695,4166,696.1277356279379,99815,1153,562,141,40,36413,18637,0.5515203125782698,838,475,24750,24868,11105,5744,12011,18309,48253,35649,0,0,6607,5871,23197,1991,5597,469,500,0,0,2288,48887,726,3682,0,0,0,0,0
696,4166,697.2887923264688,99815,1189,584,141,40,36662,18762,0.5552672444021439,890,492,24662,24884,11211,5812,11905,18186,48256,35654,0,0,6571,5836,23140,2018,5669,479,529,0,0,2443,48734,725,3671,0,0,0,0,0
697,4166,698.161192142896,99815,1242,612,141,40,36858,18866,0.558272804688674,908,508,24593,24878,11284,5854,11830,18106,48259,35659,0,0,6541,5815,23098,2031,5723,488,556,0,0,2541,48636,723,3663,0,0,0,0,0
698,4166,699.0349721695549,99814,1322,650,142,40,37086,18983,0.5617348267778067,920,508,24528,24874,11354,5908,11732,18018,48262,35664,0,0,6518,5793,23049,2046,5789,495,575,0,0,2645,48532,721,3651,0,0,0,0,0
699,4166,700.2020765361208,99814,1351,688,142,40,37347,19127,0.5657923738152965,995,559,24412,24853,11482,5969,11616,17889,48265,35669,0,0,6473,5757,22983,2081,5881,503,617,0,0,2790,48385,714,3630,0,0,0,0,0
700,4166,701.079410391158,99813,1426,731,143,40,37589,19260,0.5695550679771172,1021,558,24332,24850,11551,6032,11525,17787,48268,35674,0,0,6443,5726,22943,2105,5929,515,643,0,0,2915,48260,712,3622,0,0,0,0,0
701,4166,702.2517674438335,99812,1475,775,143,41,37909,19428,0.5744499659359596,1051,601,24232,24814,11701,6111,11396,17656,48271,35679,0,0,6398,5689,22868,2135,6017,535,685,0,0,3095,48076,706,3608,0,0,0,0,0
702,4166,703.1327346100674,99812,1503,820,143,41,38126,19578,0.5781268785316395,1106,599,24162,24810,11787,6182,11297,17546,48274,35684,0,0,6372,5659,22813,2155,6084,551,706,0,0,3235,47935,705,3597,0,0,0,0,0
703,4166,704.0154984034372,99810,1542,840,143,43,38359,19697,0.5816651638112413,1145,634,24068,24788,11897,6247,11203,17446,48277,35689,0,0,6337,5634,22741,2172,6164,564,736,0,0,3361,47810,701,3590,0,0,0,0,0
704,4166,705.1957422465487,99809,1612,898,144,43,38694,19889,0.5869510765562224,1211,629,23972,24799,11999,6328,11060,17301,48280,35694,0,0,6297,5594,22671,2197,6252,582,770,0,0,3552,47615,700,3579,0,0,0,0,0
705,4166,706.082723350063,99809,1655,941,144,43,38942,20038,0.5909286737668947,1321,635,23842,24809,12099,6390,10937,17180,48283,35698,0,0,6266,5563,22605,2226,6328,594,795,0,0,3697,47471,695,3569,0,0,0,0,0
706,4166,707.2694645868801,99807,1737,986,145,44,39326,20243,0.5968419048764114,1381,676,23669,24811,12258,6482,10808,16999,48286,35702,0,0,6217,5519,22510,2262,6459,608,835,0,0,3898,47270,689,3540,0,0,0,0,0
707,4166,708.1633215417947,99806,1835,1029,146,44,39644,20403,0.601637176121676,1389,698,23553,24771,12359,6561,10716,16895,48289,35706,0,0,6184,5494,22430,2284,6547,624,864,0,0,4049,47118,682,3530,0,0,0,0,0
708,4166,709.0599913563165,99805,1904,1053,147,44,39950,20555,0.6062321526977607,1444,742,23414,24714,12482,6645,10607,16800,48292,35710,0,0,6144,5458,22353,2308,6650,636,898,0,0,4204,46958,680,3516,0,0,0,0,0
709,4166,710.2609391332085,99803,2018,1148,148,45,40394,20810,0.6132480987545464,1515,781,23204,24636,12656,6744,10457,16644,48295,35714,0,0,6097,5408,22245,2350,6768,661,940,0,0,4418,46736,677,3503,0,0,0,0,0
710,4166,711.1661208829371,99803,2114,1158,148,45,40769,20992,0.6188290933138283,1522,802,23080,24592,12793,6875,10341,16526,48298,35718,0,0,6045,5379,22158,2372,6870,684,986,0,0,4626,46520,670,3493,0,0,0,0,0
711,4166,712.0753118807822,99803,2178,1183,148,45,41113,21172,0.6240794364898851,1555,836,22943,24539,12958,6992,10216,16403,48301,35722,0,0,5997,5340,22076,2409,6974,701,1025,0,0,4819,46322,660,3480,0,0,0,0,0
712,4166,713.2937946874532,99801,2260,1227,149,46,41599,21411,0.6313563992344766,1597,841,22717,24469,13193,7139,10082,16276,48304,35726,0,0,5918,5297,21964,2435,7125,728,1096,0,0,5060,46062,653,3463,0,0,0,0,0
713,4166,714.213812839468,99799,2332,1263,151,46,41982,21614,0.6372408541167747,1627,868,22548,24423,13371,7249,9969,16149,48307,35730,0,0,5875,5256,21868,2465,7251,746,1132,0,0,5275,45837,648,3446,0,0,0,0,0
714,4166,715.139445083411,99798,2428,1325,152,46,42383,21837,0.6434998697368685,1684,884,22351,24372,13538,7356,9845,16015,48310,35734,0,0,5833,5220,21779,2486,7373,768,1170,0,0,5478,45619,643,3429,0,0,0,0,0
715,4166,716.0706678014204,99795,2475,1353,154,47,42757,22029,0.6491908412245102,1745,933,22181,24304,13711,7473,9732,15888,48313,35738,0,0,5783,5175,21668,2526,7500,788,1214,0,0,5692,45394,640,3415,0,0,0,0,0
716,4166,717.0075371885887,99795,2587,1381,154,47,43195,22220,0.6554937622125357,1776,1002,22004,24232,13878,7587,9599,15749,48316,35742,0,0,5742,5129,21577,2569,7615,816,1246,0,0,5906,45173,632,3390,0,0,0,0,0
717,4166,718.2653226206152,99793,2668,1430,155,48,43776,22527,0.6644053190103514,1871,1057,21712,24129,14183,7765,9409,15569,48319,35746,0,0,5661,5076,21420,2611,7808,855,1315,0,0,6227,44831,629,3360,0,0,0,0,0
718,4166,719.2171298237856,99789,2763,1493,159,48,44230,22777,0.671486837226548,1913,1059,21513,24068,14372,7898,9278,15432,48322,35750,0,0,5606,5038,21291,2639,7972,871,1363,0,0,6465,44581,623,3340,0,0,0,0,0
719,4166,720.1757504712758,99788,2854,1545,160,48,44714,23031,0.6788892451998236,1923,1073,21326,24011,14597,8035,9138,15286,48324,35754,0,0,5537,4992,21174,2674,8138,886,1421,0,0,6716,44310,616,3324,0,0,0,0,0
720,4166,721.140829932595,99788,2921,1627,160,48,45184,23290,0.6861947328336072,1989,1169,21110,23891,14820,8144,8998,15119,48326,35758,0,0,5483,4947,21057,2713,8276,919,1465,0,0,6964,44045,610,3309,0,0,0,0,0
721,4166,722.1131578098122,99785,3007,1685,162,49,45688,23571,0.694082276895325,2049,1186,20894,23798,15024,8296,8862,14984,48328,35762,0,0,5431,4895,20928,2767,8413,960,1505,0,0,7253,43741,605,3287,0,0,0,0,0
722,4166,723.0931793626278,99784,3118,1722,163,49,46234,23857,0.7024272428445442,2117,1210,20633,23712,15254,8478,8713,14827,48330,35766,0,0,5363,4858,20775,2792,8611,986,1561,0,0,7547,43426,599,3266,0,0,0,0,0
723,4166,724.0826509357927,99782,3204,1782,164,50,46765,24171,0.7109097833276543,2179,1231,20400,23603,15488,8660,8563,14672,48332,35770,0,0,5295,4799,20651,2837,8780,1015,1617,0,0,7859,43097,592,3240,0,0,0,0,0
724,4166,725.0813568693834,99781,3258,1863,165,50,47280,24498,0.7193553883003778,2244,1235,20180,23501,15729,8827,8422,14522,48334,35773,0,0,5234,4739,20497,2906,8956,1048,1664,0,0,8162,42773,584,3218,0,0,0,0,0
725,4166,726.0887675765931,99781,3410,1918,165,50,47877,24820,0.7285655585732754,2325,1273,19914,23394,15921,9014,8263,14349,48336,35776,0,0,5175,4689,20360,2952,9141,1076,1717,0,0,8478,42424,574,3195,0,0,0,0,0
726,4166,727.1058620890118,99778,3524,1992,167,51,48498,25169,0.7383090460823027,2350,1298,19665,23274,16170,9213,8122,14170,48338,35779,0,0,5098,4630,20178,2989,9372,1114,1787,0,0,8775,42096,568,3171,0,0,0,0,0
727,4166,728.1329441565588,99775,3643,2066,170,51,49095,25538,0.7480130293159609,2422,1356,19404,23109,16401,9425,7958,13991,48340,35782,0,0,5037,4569,20019,3039,9574,1159,1837,0,0,9082,41754,560,3145,0,0,0,0,0
728,4166,729.1708874221208,99775,3808,2096,170,51,49781,25863,0.7581458281132548,2513,1409,19074,22960,16639,9627,7794,13855,48342,35785,0,0,4959,4492,19857,3112,9790,1194,1898,0,0,9398,41398,554,3123,0,0,0,0,0
729,4166,730.2222160353059,99773,3861,2143,170,53,50392,26239,0.7680534814027843,2629,1438,18772,22822,16937,9858,7629,13684,48344,35788,0,0,4896,4439,19665,3147,10055,1244,1945,0,0,9735,41012,550,3085,0,0,0,0,0
730,4166,731.2872858494554,99772,4008,2210,171,53,51090,26605,0.7787254941266086,2689,1523,18466,22676,17194,10044,7470,13492,48346,35791,0,0,4823,4378,19501,3203,10278,1282,2002,0,0,10083,40618,540,3064,0,0,0,0,0
731,4166,732.0049130902146,99768,4072,2270,174,54,51584,26888,0.7865447838986449,2708,1545,18266,22574,17417,10191,7361,13364,48348,35794,0,0,4776,4329,19381,3247,10446,1316,2037,0,0,10346,40316,531,3043,0,0,0,0,0
732,4166,733.0942892454142,99764,4156,2307,178,54,52327,27274,0.7978930275450062,2726,1618,17970,22396,17748,10424,7220,13199,48350,35797,0,0,4688,4264,19195,3290,10706,1379,2113,0,0,10737,39867,520,3005,0,0,0,0,0
733,4166,734.1993658308521,99762,4273,2350,179,55,53095,27707,0.8099476754676129,2788,1645,17644,22228,18065,10713,7049,13007,48352,35800,0,0,4615,4179,18993,3366,10960,1454,2160,0,0,11119,39426,512,2978,0,0,0,0,0
734,4166,735.2946244103296,99760,4378,2457,181,55,53879,28147,0.8222333600641539,2810,1655,17341,22077,18395,10919,6893,12835,48354,35803,0,0,4525,4105,18806,3424,11219,1514,2229,0,0,11507,38983,505,2943,0,0,0,0,0
735,4166,736.0125699757439,99758,4422,2483,182,56,54381,28439,0.8302091060366086,2823,1656,17161,21962,18611,11114,6799,12727,48356,35806,0,0,4468,4057,18661,3463,11401,1574,2274,0,0,11765,38685,496,2914,0,0,0,0,0
736,4166,737.0720518779682,99755,4551,2575,184,57,55155,28889,0.8425041351310711,2782,1625,16879,21816,18939,11362,6663,12563,48358,35809,0,0,4395,3991,18463,3535,11658,1650,2327,0,0,12107,38265,482,2882,0,0,0,0,0
737,4166,738.1116857784234,99752,4569,2624,185,59,55858,29317,0.8538675916272356,2864,1683,16616,21640,19244,11620,6520,12372,48360,35812,0,0,4313,3915,18248,3593,11917,1742,2385,0,0,12475,37834,475,2855,0,0,0,0,0
738,4166,739.1331379287617,99747,4602,2691,188,61,56528,29772,0.8651889279878091,2956,1692,16321,21493,19548,11879,6383,12182,48362,35815,0,0,4239,3845,18053,3663,12190,1814,2434,0,0,12816,37405,466,2822,0,0,0,0,0
739,4166,740.1362712291831,99747,4670,2762,188,61,57249,30207,0.8767782489698939,2997,1710,16046,21322,19855,12117,6242,12026,48364,35818,0,0,4155,3774,17850,3734,12460,1876,2493,0,0,13188,36976,456,2785,0,0,0,0,0
740,4166,741.1218400462575,99743,4727,2838,191,62,57989,30614,0.888312964318298,3037,1714,15762,21183,20174,12322,6107,11879,48366,35821,0,0,4080,3700,17656,3784,12728,1967,2548,0,0,13484,36585,449,2762,0,0,0,0,0
741,4166,742.089916992086,99739,4756,2867,194,63,58688,31043,0.8996581076609952,3077,1792,15497,20970,20490,12595,5984,11711,48368,35824,0,0,4005,3628,17447,3866,12990,2058,2595,0,0,13838,36147,437,2728,0,0,0,0,0
742,4166,743.0414973122753,99738,4885,2894,195,63,59442,31465,0.9114580200124326,3155,1812,15216,20801,20700,12850,5847,11578,48370,35827,0,0,3926,3554,17257,3918,13270,2136,2653,0,0,14151,35744,435,2694,0,0,0,0,0
743,4166,744.2893492041335,99733,4905,2959,198,65,60394,32039,0.9268045681970862,3212,1823,14901,20616,21122,13163,5660,11372,48372,35830,0,0,3812,3451,16973,4019,13675,2250,2729,0,0,14549,35211,419,2645,0,0,0,0,0
744,4166,745.2080696692341,99729,5006,2971,200,67,61136,32456,0.9384632353678468,3186,1831,14679,20471,21391,13424,5536,11234,48374,35833,0,0,3746,3374,16801,4075,13949,2336,2776,0,0,14867,34783,412,2610,0,0,0,0,0
745,4166,746.1139850140147,99726,5120,3037,203,67,61856,32897,0.9501333654212543,3189,1842,14478,20312,21619,13656,5389,11084,48376,35836,0,0,3687,3313,16617,4108,14208,2430,2817,0,0,15160,34394,408,2584,0,0,0,0,0
746,4166,747.0077567957917,99725,5179,3051,204,67,62550,33319,0.9613336675858611,3206,1901,14253,20139,21884,13912,5272,10928,48378,35839,0,0,3608,3264,16421,4142,14492,2512,2873,0,0,15501,33971,396,2545,0,0,0,0,0
747,4166,748.1807039735852,99723,5213,3075,206,67,63423,33860,0.9755322242612036,3205,1898,13976,19970,22272,14236,5126,10752,48380,35842,0,0,3491,3179,16201,4207,14847,2634,2958,0,0,15869,33461,386,2490,0,0,0,0,0
748,4166,749.0468745073784,99720,5223,3146,208,68,64093,34287,0.9865623746490172,3238,1866,13759,19829,22551,14479,5019,10610,48382,35845,0,0,3426,3107,16033,4261,15107,2722,2994,0,0,16176,33064,378,2452,0,0,0,0,0
749,4166,750.1837581905543,99713,5292,3165,214,69,65006,34831,1.0012435690431538,3218,1848,13463,19669,22904,14803,4907,10444,48384,35848,0,0,3350,3027,15798,4297,15491,2843,3043,0,0,16565,32527,369,2403,0,0,0,0,0
750,4166,751.0242651950595,99711,5318,3185,215,70,65669,35210,1.0117138530352718,3187,1848,13288,19554,23180,15031,4810,10310,48386,35851,0,0,3295,2975,15604,4334,15764,2944,3064,0,0,16834,32158,363,2376,0,0,0,0,0
751,4166,752.1288520800514,99707,5238,3245,218,71,66495,35712,1.0250734652531919,3217,1898,13024,19385,23626,15285,4675,10114,48388,35854,0,0,3219,2895,15361,4376,16133,3098,3110,0,0,17142,31690,352,2331,0,0,0,0,0
752,4166,753.2136625504752,99701,5289,3288,222,73,67347,36268,1.039257379564899,3191,1867,12773,19234,23966,15594,4557,9942,48390,35857,0,0,3143,2836,15117,4412,16482,3227,3143,0,0,17512,31180,346,2303,0,0,0,0,0
753,4166,754.0165215489208,99699,5312,3296,223,74,67969,36640,1.0492482371939538,3226,1863,12610,19127,24164,15819,4463,9819,48392,35859,0,0,3079,2792,14948,4434,16773,3309,3181,0,0,17764,30818,339,2262,0,0,0,0,0
754,4166,755.0751836881797,99697,5319,3257,224,75,68793,37126,1.0624090995717022,3171,1896,12380,18966,24546,16144,4358,9660,48394,35861,0,0,2998,2723,14695,4469,17165,3445,3225,0,0,18075,30351,328,2223,0,0,0,0,0
755,4166,756.1191466452797,99695,5351,3289,225,76,69614,37667,1.0760920808465821,3095,1842,12207,18806,24862,16459,4258,9526,48396,35863,0,0,2914,2652,14474,4515,17534,3570,3277,0,0,18383,29878,317,2181,0,0,0,0,0
756,4166,757.1501317886169,99694,5377,3257,225,77,70417,38129,1.0887917026099865,3062,1889,12003,18666,25177,16766,4154,9343,48398,35865,0,0,2830,2602,14245,4548,17902,3703,3320,0,0,18661,29436,308,2139,0,0,0,0,0
757,4166,758.1684065853269,99693,5374,3261,226,77,71170,38611,1.1011906553118072,3107,1931,11819,18502,25425,17026,4047,9201,48400,35867,0,0,2772,2538,14041,4595,18229,3846,3337,0,0,18934,29001,296,2104,0,0,0,0,0
758,4166,759.1755631717377,99691,5389,3295,228,77,71950,39091,1.1138518020683914,3052,1926,11646,18368,25734,17271,3949,9061,48402,35869,0,0,2719,2476,13844,4623,18550,3991,3351,0,0,19204,28575,291,2067,0,0,0,0,0
759,4166,760.1714504501646,99690,5397,3261,228,78,72737,39584,1.1267027786137025,3031,1911,11447,18217,26034,17617,3861,8914,48404,35871,0,0,2654,2411,13619,4674,18897,4144,3373,0,0,19483,28117,282,2036,0,0,0,0,0
760,4166,761.1561277996785,99685,5388,3275,231,80,73448,40049,1.1385564528264032,3039,1895,11276,18112,26309,17845,3755,8791,48406,35873,0,0,2596,2355,13433,4683,19180,4304,3391,0,0,19746,27715,281,2001,0,0,0,0,0
761,4166,762.1305831171052,99685,5358,3277,231,80,74175,40496,1.1503335506846566,3045,1899,11116,17981,26600,18092,3648,8669,48408,35875,0,0,2526,2293,13235,4718,19497,4454,3421,0,0,19979,27318,274,1970,0,0,0,0,0
762,4166,763.0951389423742,99681,5383,3285,233,82,74960,40962,1.1629297458893872,2985,1887,10987,17851,26847,18360,3563,8533,48410,35877,0,0,2461,2244,13062,4753,19766,4628,3437,0,0,20213,26911,268,1938,0,0,0,0,0
763,4166,764.0510020579469,99679,5379,3216,234,83,75688,41391,1.174560338687186,2959,1881,10838,17729,27107,18675,3481,8414,48412,35879,0,0,2400,2188,12866,4794,20073,4785,3458,0,0,20460,26478,261,1916,0,0,0,0,0
764,4166,765.2332646859635,99679,5352,3232,234,83,76538,41947,1.1886656166293803,2907,1887,10668,17567,27454,18957,3383,8272,48413,35881,0,0,2324,2126,12663,4809,20405,4986,3493,0,0,20732,26006,249,1886,0,0,0,0,0
765,4166,766.1696699784204,99676,5269,3260,237,83,77168,42404,1.1996067257915646,2982,1855,10528,17448,27691,19188,3291,8164,48414,35883,0,0,2265,2085,12487,4825,20651,5168,3508,0,0,20946,25640,243,1858,0,0,0,0,0
766,4166,767.0981893877595,99669,5273,3245,241,86,77873,42828,1.2110184711394716,2907,1835,10424,17344,27929,19451,3224,8037,48415,35885,0,0,2213,2042,12321,4847,20943,5327,3511,0,0,21129,25276,237,1823,0,0,0,0,0
767,4166,768.019719206967,99665,5215,3239,245,86,78544,43238,1.221913409923243,2864,1838,10333,17245,28203,19674,3138,7916,48416,35887,0,0,2166,1997,12161,4873,21187,5516,3509,0,0,21315,24910,234,1797,0,0,0,0,0
768,4166,769.1613834943512,99662,5176,3276,248,86,79337,43752,1.2350645180710802,2830,1863,10203,17086,28481,19901,3060,7786,48417,35889,0,0,2110,1936,11990,4902,21461,5738,3521,0,0,21510,24500,226,1768,0,0,0,0,0
769,4166,770.0671788004543,99659,5131,3243,251,86,79964,44166,1.2455473163487492,2791,1862,10092,16954,28725,20150,3008,7703,48418,35891,0,0,2057,1889,11826,4923,21733,5899,3542,0,0,21704,24124,224,1738,0,0,0,0,0
770,4166,771.1901793615277,99653,5097,3260,257,86,80716,44698,1.2585070193571695,2769,1816,9956,16843,28985,20420,2934,7573,48419,35893,0,0,2008,1837,11634,4966,22008,6115,3532,0,0,21909,23720,216,1708,0,0,0,0,0
771,4166,772.0822057620429,99652,5111,3232,258,86,81358,45072,1.2687151286476939,2698,1801,9893,16757,29163,20641,2875,7481,48420,35895,0,0,1971,1794,11498,4974,22280,6261,3537,0,0,22055,23392,211,1679,0,0,0,0,0
772,4166,773.190402815417,99650,5010,3205,260,86,82075,45556,1.2807927747114902,2722,1733,9758,16705,29450,20906,2798,7363,48421,35897,0,0,1913,1750,11293,4992,22596,6484,3540,0,0,22217,23015,206,1644,0,0,0,0,0
773,4166,774.0705277377928,99646,5001,3208,263,87,82666,45957,1.2907994299821368,2686,1691,9673,16616,29648,21126,2727,7270,48422,35899,0,0,1867,1713,11145,5023,22830,6649,3543,0,0,22329,22726,203,1618,0,0,0,0,0
774,4166,775.1637317548938,99642,4950,3113,265,89,83374,46397,1.302372493526826,2650,1712,9588,16493,29887,21434,2658,7157,48423,35901,0,0,1819,1666,10970,5061,23176,6839,3534,0,0,22458,22344,197,1578,0,0,0,0,0
775,4166,776.0334124327143,99640,4904,3090,267,89,83939,46771,1.3118225612203933,2609,1703,9539,16424,30082,21633,2597,7059,48424,35903,0,0,1783,1633,10846,5078,23389,7012,3531,0,0,22578,22035,190,1565,0,0,0,0,0
776,4166,777.1144923186847,99636,4897,3076,270,90,84648,47240,1.323698261672488,2573,1672,9469,16329,30264,21865,2525,6966,48425,35905,0,0,1744,1602,10672,5091,23675,7215,3522,0,0,22706,21687,184,1538,0,0,0,0,0
777,4166,778.1895666565563,99635,4856,3074,271,90,85361,47704,1.3355246650273498,2467,1612,9387,16253,30551,22103,2466,6866,48426,35907,0,0,1697,1556,10522,5102,23922,7430,3521,0,0,22864,21323,179,1519,0,0,0,0,0
778,4166,779.0440880956266,99632,4855,3052,274,90,85902,48058,1.344547936405974,2403,1606,9328,16165,30711,22288,2427,6797,48427,35909,0,0,1664,1526,10386,5121,24137,7579,3520,0,0,22979,21042,177,1501,0,0,0,0,0
779,4166,780.1074156479357,99630,4756,3031,275,91,86535,48495,1.3553146642577536,2377,1569,9258,16099,30949,22514,2383,6694,48428,35911,0,0,1631,1490,10227,5127,24397,7794,3517,0,0,23121,20689,169,1468,0,0,0,0,0
780,4166,781.1647834839249,99629,4682,2988,275,92,87168,48909,1.3658372562205783,2384,1564,9193,16014,31139,22738,2325,6602,48429,35913,0,0,1591,1445,10056,5144,24673,8000,3514,0,0,23214,20382,164,1446,0,0,0,0,0
781,4166,782.0067062964923,99629,4609,2974,275,92,87693,49225,1.3742785735077137,2339,1554,9143,15952,31350,22903,2282,6523,48430,35915,0,0,1555,1419,9952,5138,24860,8181,3514,0,0,23285,20138,160,1427,0,0,0,0,0
782,4166,783.0540653899766,99628,4566,2965,276,92,88319,49662,1.3849620588589553,2305,1510,9099,15885,31521,23112,2231,6434,48431,35917,0,0,1513,1392,9798,5128,25095,8377,3523,0,0,23433,19798,156,1415,0,0,0,0,0
783,4166,784.0972255655065,99624,4532,2901,279,93,88918,50026,1.3946840118846864,2293,1560,9041,15797,31667,23317,2186,6330,48432,35919,0,0,1482,1363,9663,5125,25359,8570,3519,0,0,23488,19521,152,1382,0,0,0,0,0
784,4166,785.1361137331784,99623,4440,2853,280,93,89487,50419,1.4043544161488812,2309,1565,8994,15706,31830,23537,2145,6244,48433,35921,0,0,1453,1323,9520,5131,25620,8784,3510,0,0,23523,19246,150,1363,0,0,0,0,0
785,4166,786.171142561266,99622,4360,2821,281,93,90078,50810,1.414225773423541,2266,1569,8967,15640,32028,23710,2096,6165,48434,35923,0,0,1416,1278,9412,5141,25852,8991,3501,0,0,23578,18966,147,1340,0,0,0,0,0
786,4166,787.2009725900457,99620,4288,2822,283,93,90655,51202,1.4239811282874926,2178,1554,8946,15572,32249,23870,2054,6087,48435,35925,0,0,1381,1252,9290,5127,26063,9203,3497,0,0,23647,18695,143,1322,0,0,0,0,0
787,4166,788.0214369694168,99620,4286,2817,283,93,91142,51536,1.43222244529211,2112,1517,8902,15540,32390,24010,2025,6021,48436,35927,0,0,1356,1230,9181,5113,26238,9370,3495,0,0,23711,18477,141,1308,0,0,0,0,0
788,4166,789.043857720844,99618,4215,2789,284,94,91658,51927,1.4413559798430002,2129,1482,8889,15508,32497,24191,1984,5934,48437,35929,0,0,1312,1202,9064,5114,26424,9578,3502,0,0,23768,18218,139,1297,0,0,0,0,0
789,4166,790.0634015290233,99618,4108,2787,284,94,92202,52306,1.4506213736473328,2087,1469,8840,15450,32729,24341,1950,5857,48438,35931,0,0,1280,1173,8946,5120,26622,9796,3488,0,0,23818,17965,135,1275,0,0,0,0,0
790,4166,791.0784804670441,99617,4034,2742,285,94,92727,52659,1.4594496923215916,2046,1448,8792,15387,32913,24530,1928,5797,48439,35933,0,0,1245,1152,8845,5114,26816,10005,3478,0,0,23853,17717,133,1259,0,0,0,0,0
791,4166,792.0902026748463,99617,3977,2733,285,94,93225,53029,1.4681630645371775,2014,1411,8771,15327,33066,24709,1885,5724,48440,35935,0,0,1222,1124,8729,5113,27053,10171,3465,0,0,23901,17471,130,1238,0,0,0,0,0
792,4166,793.0983037064847,99615,3959,2723,287,94,93764,53384,1.4771670933092407,1993,1375,8722,15301,33185,24840,1852,5665,48441,35937,0,0,1200,1091,8627,5120,27251,10345,3446,0,0,23963,17230,125,1217,0,0,0,0,0
793,4166,794.1039217467097,99614,3865,2701,287,95,94238,53735,1.4854638906177846,1991,1353,8734,15280,33307,24970,1814,5599,48442,35939,0,0,1174,1078,8522,5090,27442,10544,3439,0,0,24011,16995,121,1198,0,0,0,0,0
794,4166,795.1071577152048,99612,3856,2677,289,95,94760,54055,1.4939465124683773,1954,1382,8705,15249,33403,25062,1791,5533,48443,35941,0,0,1155,1053,8436,5079,27578,10743,3427,0,0,24078,16769,117,1177,0,0,0,0,0
795,4166,796.1079436126627,99612,3794,2615,289,95,95246,54370,1.5019877123238163,1929,1385,8677,15211,33544,25225,1765,5467,48444,35943,0,0,1127,1031,8339,5082,27740,10945,3412,0,0,24119,16543,113,1161,0,0,0,0,0
796,4166,797.1064769980794,99611,3744,2597,289,96,95716,54729,1.5103251648914278,1858,1301,8669,15194,33692,25400,1746,5410,48445,35945,0,0,1105,1011,8242,5066,27914,11147,3401,0,0,24115,16347,112,1151,0,0,0,0,0
797,4166,798.1031862871779,99609,3692,2550,289,98,96187,55044,1.5182463432019195,1841,1301,8665,15170,33791,25529,1720,5350,48446,35947,0,0,1091,989,8142,5057,28119,11329,3376,0,0,24100,16157,110,1139,0,0,0,0,0
798,4166,799.0975621594324,99607,3598,2477,291,98,96640,55346,1.5258566165028562,1801,1294,8665,15165,33959,25676,1684,5288,48447,35949,0,0,1074,965,8055,5037,28266,11552,3361,0,0,24118,15943,110,1126,0,0,0,0,0
799,4166,800.0898486584771,99606,3490,2457,292,98,97075,55701,1.5338031845471156,1772,1217,8687,15141,34092,25856,1665,5229,48448,35951,0,0,1057,938,7958,5034,28431,11766,3341,0,0,24113,15746,106,1116,0,0,0,0,0
800,4166,801.0804437284731,99604,3433,2424,294,98,97523,56001,1.5413437211356973,1740,1189,8693,15144,34189,25966,1649,5177,48449,35953,0,0,1037,921,7863,5020,28594,11952,3321,0,0,24125,15564,105,1102,0,0,0,0,0
801,4166,802.0700642302544,99604,3390,2371,294,98,97949,56296,1.5485823862495482,1738,1152,8695,15113,34254,26139,1627,5125,48450,35955,0,0,1017,902,7783,4979,28767,12130,3319,0,0,24141,15379,104,1083,0,0,0,0,0
802,4166,803.058729167383,99604,3347,2337,294,98,98378,56602,1.5559616079675516,1719,1100,8714,15124,34329,26283,1595,5056,48451,35957,0,0,993,886,7705,4964,28912,12324,3315,0,0,24130,15199,104,1072,0,0,0,0,0
803,4166,804.0465184987748,99603,3335,2307,294,99,98797,56914,1.5633163659729126,1692,1060,8703,15113,34399,26421,1575,4998,48452,35959,0,0,976,871,7634,4965,29073,12494,3296,0,0,24103,15031,103,1057,0,0,0,0,0
804,4166,805.0331570777777,99602,3277,2253,294,100,99220,57178,1.570229513463585,1602,1075,8726,15110,34548,26527,1551,4933,48453,35961,0,0,954,857,7554,4960,29200,12681,3286,0,0,24110,14853,101,1046,0,0,0,0,0
805,4166,806.0179884009319,99598,3180,2197,297,101,99576,57442,1.5765176007550352,1619,1054,8753,15116,34625,26649,1524,4881,48454,35963,0,0,934,838,7476,4963,29290,12885,3274,0,0,24118,14682,100,1038,0,0,0,0,0
806,4166,807.0018093405629,99596,3108,2119,298,102,99978,57681,1.582985260452227,1560,1058,8773,15117,34753,26774,1506,4828,48455,35964,0,0,915,821,7408,4966,29380,13099,3259,0,0,24103,14521,99,1025,0,0,0,0,0
807,4166,808.181020404827,99594,3019,2058,299,103,100422,57976,1.5904371749302166,1555,1027,8828,15132,34815,26898,1482,4780,48456,35965,0,0,900,802,7303,4946,29508,13336,3236,0,0,24105,14351,97,1010,0,0,0,0,0
808,4166,809.163366215001,99591,2954,2020,301,104,100813,58204,1.5967005050657188,1469,1027,8872,15148,34942,26956,1460,4743,48457,35966,0,0,888,788,7241,4944,29606,13518,3219,0,0,24091,14197,94,1005,0,0,0,0,0
809,4166,810.1443326501434,99591,2909,1984,301,104,101165,58443,1.6026347762348003,1472,1026,8893,15138,34989,27040,1434,4706,48458,35967,0,0,871,775,7181,4923,29699,13692,3207,0,0,24096,14061,93,993,0,0,0,0,0
810,4166,811.1249177736113,99591,2865,1957,301,104,101519,58693,1.6086995812874658,1411,986,8933,15161,35075,27122,1413,4668,48459,35968,0,0,858,765,7118,4932,29761,13890,3187,0,0,24077,13931,91,981,0,0,0,0,0
811,4166,812.1051196985013,99591,2811,1929,301,104,101848,58931,1.6143928668253156,1380,957,8996,15181,35120,27196,1390,4631,48460,35969,0,0,842,758,7049,4917,29872,14048,3176,0,0,24061,13802,91,975,0,0,0,0,0
812,4166,813.0855214184971,99589,2752,1911,301,106,102180,59147,1.6199279036841419,1349,961,9051,15183,35168,27251,1377,4586,48461,35970,0,0,826,753,7000,4901,29945,14223,3160,0,0,24040,13692,91,958,0,0,0,0,0
813,4166,814.0657170465118,99589,2652,1826,301,106,102491,59373,1.6253200654690778,1322,942,9104,15198,35261,27380,1358,4546,48462,35971,0,0,811,742,6943,4889,30034,14413,3143,0,0,24032,13543,90,949,0,0,0,0,0
814,4166,815.0455128637072,99589,2593,1784,301,106,102819,59584,1.6307323097932502,1283,948,9158,15200,35327,27453,1336,4507,48463,35972,0,0,802,729,6888,4898,30081,14592,3120,0,0,24040,13411,90,938,0,0,0,0,0
815,4166,816.0250127323776,99588,2597,1773,301,107,103160,59827,1.6366128449210748,1238,906,9213,15201,35327,27543,1322,4468,48464,35973,0,0,790,723,6842,4886,30167,14738,3107,0,0,24026,13289,90,930,0,0,0,0,0
816,4166,817.0056083240197,99586,2596,1713,303,107,103473,60028,1.641807081316651,1215,918,9253,15211,35327,27628,1304,4421,48465,35974,0,0,782,713,6799,4882,30236,14883,3088,0,0,24027,13162,89,925,0,0,0,0,0
817,4166,818.1827533905364,99586,2511,1720,303,107,103816,60322,1.6482035627497842,1207,895,9320,15199,35368,27698,1289,4379,48466,35975,0,0,768,701,6733,4874,30314,15071,3074,0,0,24038,13010,89,914,0,0,0,0,0
818,4166,819.163932684773,99585,2442,1670,303,108,104095,60533,1.6531405332128333,1216,883,9369,15218,35398,27783,1270,4336,48467,35976,0,0,758,692,6682,4869,30411,15227,3064,0,0,23981,12901,88,912,0,0,0,0,0
819,4166,820.1452143485881,99584,2410,1686,304,108,104391,60762,1.6584290649100257,1195,847,9400,15247,35435,27805,1254,4305,48468,35977,0,0,752,685,6634,4844,30496,15372,3052,0,0,23947,12812,88,902,0,0,0,0,0
820,4166,821.126473980653,99581,2403,1655,306,109,104720,60956,1.663731033028389,1130,817,9447,15295,35475,27846,1237,4276,48469,35978,0,0,748,680,6581,4826,30540,15546,3037,0,0,23932,12712,86,893,0,0,0,0,0
821,4166,822.1075614948379,99581,2330,1637,306,109,104980,61147,1.6682600094395517,1135,832,9509,15290,35497,27886,1221,4244,48470,35979,0,0,740,673,6544,4831,30593,15703,3021,0,0,23884,12621,84,887,0,0,0,0,0
822,4166,823.0887363982545,99580,2274,1613,307,109,105233,61362,1.672976501305483,1132,819,9532,15303,35545,27947,1208,4207,48471,35980,0,0,733,667,6496,4817,30695,15841,3004,0,0,23839,12530,80,878,0,0,0,0,0
823,4166,824.0700057557882,99579,2193,1585,307,110,105502,61562,1.6777031301780496,1110,783,9592,15326,35609,28009,1187,4185,48472,35981,0,0,718,659,6433,4784,30811,15988,3004,0,0,23789,12443,80,870,0,0,0,0,0
824,4166,825.0513386250711,99579,2190,1542,307,110,105793,61740,1.6824129585555188,1067,785,9657,15376,35603,28040,1174,4145,48473,35982,0,0,712,653,6399,4768,30855,16136,2987,0,0,23785,12337,80,867,0,0,0,0,0
825,4166,826.0334546974927,99579,2136,1506,307,110,106039,61931,1.686801434037297,1091,761,9697,15418,35609,28090,1158,4113,48474,35983,0,0,703,646,6356,4759,30944,16271,2972,0,0,23740,12254,79,855,0,0,0,0,0
826,4166,827.016197803277,99578,2107,1488,308,110,106309,62119,1.6914177830444477,1083,739,9734,15471,35618,28111,1148,4079,48475,35984,0,0,693,637,6313,4741,31004,16411,2968,0,0,23718,12168,79,846,0,0,0,0,0
827,4166,828.1960086446894,99577,2043,1462,308,111,106628,62327,1.6967271558693273,1062,696,9817,15527,35635,28160,1133,4042,48476,35985,0,0,685,622,6262,4727,31088,16584,2960,0,0,23655,12074,78,842,0,0,0,0,0
828,4166,829.1802821748573,99576,2028,1453,309,111,106881,62492,1.7009419940547923,1021,692,9874,15547,35641,28185,1125,4010,48477,35986,0,0,674,612,6236,4712,31101,16722,2959,0,0,23653,11989,78,840,0,0,0,0,0
829,4166,830.1653196301174,99574,2005,1439,311,111,107142,62663,1.7053146403679675,990,685,9954,15584,35620,28200,1118,3979,48478,35987,0,0,664,607,6202,4696,31171,16853,2954,0,0,23598,11918,78,833,0,0,0,0,0
830,4166,831.1511080204311,99572,1967,1420,312,112,107383,62835,1.7094966456433536,963,692,9997,15635,35656,28195,1103,3944,48479,35988,0,0,661,605,6157,4691,31222,16992,2930,0,0,23567,11842,77,828,0,0,0,0,0
831,4166,832.1369420146353,99572,1927,1399,312,112,107639,63001,1.7137347848792834,935,662,10044,15686,35691,28221,1089,3918,48480,35989,0,0,657,600,6113,4668,31300,17110,2915,0,0,23564,11747,77,821,0,0,0,0,0
832,4166,833.1230416235315,99572,1866,1388,312,112,107833,63172,1.7174004740288435,938,633,10103,15738,35700,28240,1079,3887,48481,35990,0,0,648,597,6078,4651,31344,17236,2909,0,0,23550,11666,77,816,0,0,0,0,0
833,4166,834.1097896774564,99572,1836,1370,312,112,108058,63335,1.7212971518097457,926,605,10154,15806,35703,28249,1067,3856,48482,35991,0,0,638,593,6031,4621,31414,17347,2911,0,0,23539,11587,76,815,0,0,0,0,0
834,4166,835.097573691997,99571,1768,1327,313,112,108263,63473,1.7247592170411064,942,609,10218,15854,35695,28272,1062,3824,48483,35992,0,0,632,589,5997,4606,31477,17474,2899,0,0,23506,11507,74,810,0,0,0,0,0
835,4166,836.086241759563,99571,1717,1282,313,112,108481,63638,1.7286057185325046,913,583,10271,15901,35727,28330,1057,3790,48484,35993,0,0,628,583,5958,4609,31543,17599,2881,0,0,23478,11412,73,807,0,0,0,0,0
836,4166,837.0755070864232,99571,1697,1272,313,112,108718,63790,1.7325124785329062,885,573,10317,15950,35733,28321,1053,3770,48485,35994,0,0,620,579,5925,4593,31600,17713,2871,0,0,23456,11339,72,803,0,0,0,0,0
837,4166,838.0653851011157,99570,1665,1250,313,113,108933,63937,1.7361655117003114,856,571,10378,16004,35750,28323,1036,3737,48486,35995,0,0,614,574,5886,4587,31676,17815,2859,0,0,23414,11276,71,798,0,0,0,0,0
838,4166,839.0557229507143,99570,1621,1206,313,113,109142,64071,1.7396103243948982,829,570,10459,16071,35751,28344,1025,3694,48487,35996,0,0,607,569,5856,4579,31716,17937,2848,0,0,23384,11208,71,795,0,0,0,0,0
839,4166,840.0472926473475,99568,1585,1176,314,114,109331,64222,1.743060019283304,820,540,10549,16109,35712,28381,1018,3678,48488,35997,0,0,603,563,5823,4573,31786,18043,2832,0,0,23338,11147,71,789,0,0,0,0,0
840,4166,841.0407575672563,99568,1547,1133,314,114,109539,64360,1.7465350313353687,809,521,10608,16167,35709,28402,1011,3661,48489,35998,0,0,595,558,5793,4553,31840,18163,2828,0,0,23315,11071,69,783,0,0,0,0,0
841,4166,842.035372322494,99566,1527,1122,315,115,109724,64494,1.749774019243517,781,506,10675,16216,35696,28400,1004,3639,48490,35999,0,0,593,553,5770,4549,31868,18264,2814,0,0,23296,11010,69,780,0,0,0,0,0
842,4166,843.0309583901294,99566,1499,1054,315,115,109902,64600,1.752626398569793,782,524,10719,16276,35693,28413,990,3616,48491,36000,0,0,589,547,5744,4535,31901,18377,2811,0,0,23277,10944,69,772,0,0,0,0,0
843,4166,844.0276044371237,99565,1481,1035,316,115,110087,64740,1.7559082006729272,766,499,10799,16319,35655,28429,981,3601,48492,36001,0,0,583,544,5721,4530,31936,18481,2798,0,0,23256,10881,68,767,0,0,0,0,0
844,4166,845.0257908412638,99565,1456,1021,316,115,110267,64869,1.7590117008989103,735,479,10889,16376,35626,28421,976,3586,48493,36002,0,0,579,537,5696,4528,31941,18600,2786,0,0,23237,10832,68,761,0,0,0,0,0
845,4166,846.0255434265183,99563,1407,1004,317,116,110442,64998,1.7621003786547211,711,484,10963,16405,35630,28422,970,3567,48494,36003,0,0,576,533,5674,4514,31964,18719,2775,0,0,23203,10779,68,758,0,0,0,0,0
846,4166,847.026342898128,99562,1380,985,318,116,110605,65111,1.7648902191599205,717,483,11023,16486,35597,28387,963,3541,48495,36004,0,0,569,528,5647,4505,32001,18817,2769,0,0,23165,10741,68,752,0,0,0,0,0
847,4166,848.0285719976802,99562,1349,963,318,116,110782,65224,1.7678029770394328,694,457,11098,16570,35582,28380,957,3512,48496,36005,0,0,564,525,5615,4494,32067,18909,2763,0,0,23123,10691,66,745,0,0,0,0,0
848,4166,849.0320151291507,99562,1338,981,318,116,110968,65359,1.7710270986922723,657,409,11170,16660,35565,28338,950,3494,48497,36006,0,0,559,519,5599,4481,32088,19011,2754,0,0,23090,10651,66,744,0,0,0,0,0
849,4166,850.0367588770519,99559,1312,942,320,117,111161,65467,1.774103797748069,610,402,11251,16698,35559,28367,946,3472,48498,36007,0,0,553,513,5571,4484,32126,19109,2738,0,0,23071,10587,66,741,0,0,0,0,0
850,4166,851.0428783563455,99558,1277,922,320,118,111310,65571,1.7766628497960988,602,404,11327,16756,35527,28347,945,3451,48499,36008,0,0,549,506,5554,4474,32109,19225,2735,0,0,23062,10540,66,738,0,0,0,0,0
851,4166,852.050877771787,99558,1240,895,320,118,111455,65675,1.779163904457703,618,384,11411,16825,35475,28350,934,3426,48500,36009,0,0,548,506,5524,4465,32128,19328,2725,0,0,23040,10491,66,737,0,0,0,0,0
852,4166,853.0606351732954,99558,1204,866,320,118,111600,65776,1.7816348259306134,623,381,11491,16880,35435,28345,925,3408,48501,36010,0,0,544,499,5499,4460,32166,19411,2717,0,0,23024,10437,66,735,0,0,0,0,0
853,4166,854.0719987699441,99558,1200,850,320,118,111765,65872,1.7842564133469938,595,377,11569,16936,35400,28330,914,3387,48502,36011,0,0,541,497,5480,4447,32190,19500,2710,0,0,22992,10404,65,732,0,0,0,0,0
854,4166,855.085108421753,99558,1170,834,320,118,111900,65976,1.7866570240462847,610,355,11641,17001,35350,28321,907,3369,48503,36012,0,0,540,494,5458,4439,32225,19585,2702,0,0,22965,10359,64,727,0,0,0,0,0
855,4166,856.0999553059245,99557,1160,800,320,119,112046,66068,1.789065560432717,599,344,11735,17055,35283,28329,901,3351,48504,36013,0,0,535,489,5437,4433,32258,19661,2697,0,0,22942,10315,64,726,0,0,0,0,0
856,4166,857.1171724704616,99557,1136,770,320,119,112190,66159,1.791426017256446,585,344,11815,17145,35246,28292,896,3328,48505,36014,0,0,532,485,5412,4421,32298,19747,2688,0,0,22912,10276,63,723,0,0,0,0,0
857,4166,858.1361039131621,99557,1114,748,320,119,112340,66242,1.7937663850859307,549,350,11899,17203,35227,28268,889,3310,48506,36015,0,0,529,484,5391,4417,32334,19826,2681,0,0,22874,10241,61,719,0,0,0,0,0
858,4166,859.1564820870237,99557,1093,716,320,119,112487,66329,1.7961167974125376,529,341,11975,17267,35197,28259,884,3296,48507,36016,0,0,524,482,5370,4416,32348,19919,2671,0,0,22850,10199,61,717,0,0,0,0,0
859,4166,860.1788121033161,99556,1065,702,320,120,112619,66413,1.7983044718550363,543,329,12051,17341,35138,28227,881,3279,48508,36017,0,0,517,480,5352,4416,32353,20007,2669,0,0,22820,10164,61,717,0,0,0,0,0
860,4166,861.2030036922632,99556,1027,693,320,120,112745,66503,1.8004741050263169,521,325,12131,17425,35121,28177,878,3258,48509,36018,0,0,514,477,5330,4402,32383,20090,2664,0,0,22784,10135,60,717,0,0,0,0,0
861,4166,862.0234123914472,99556,1032,669,320,120,112856,66563,1.8021917312869138,510,313,12194,17488,35066,28161,876,3247,48510,36019,0,0,512,475,5313,4392,32413,20139,2660,0,0,22773,10103,60,716,0,0,0,0,0
862,4166,863.0509175493507,99556,1013,661,320,120,112980,66652,1.8043312306641488,503,303,12286,17562,35005,28124,871,3228,48511,36020,0,0,509,473,5297,4384,32410,20224,2657,0,0,22760,10066,60,716,0,0,0,0,0
863,4166,864.080489298032,99556,987,646,320,120,113105,66745,1.8065209530314597,498,286,12365,17653,34959,28081,869,3212,48512,36021,0,0,505,466,5283,4376,32438,20300,2655,0,0,22726,10034,60,713,0,0,0,0,0
864,4166,865.1122950131688,99556,974,646,320,120,113229,66829,1.8086102294186186,483,277,12482,17750,34873,28015,866,3190,48513,36022,0,0,505,463,5263,4365,32468,20366,2649,0,0,22700,10009,58,710,0,0,0,0,0
865,4166,866.146710012635,99555,973,626,320,121,113369,66895,1.81069760433931,461,272,12545,17849,34837,27958,862,3172,48514,36023,0,0,501,460,5245,4360,32502,20430,2643,0,0,22668,9979,57,710,0,0,0,0,0
866,4166,867.183015342281,99555,948,615,320,121,113479,66966,1.812515694842047,458,263,12642,17918,34770,27921,860,3160,48515,36024,0,0,498,457,5227,4349,32536,20490,2640,0,0,22645,9950,57,706,0,0,0,0,0
867,4166,868.013850677881,99555,915,574,320,121,113561,67008,1.8137612375069057,457,279,12731,17981,34721,27895,854,3148,48516,36025,0,0,494,456,5213,4340,32567,20542,2635,0,0,22627,9922,56,703,0,0,0,0,0
868,4166,869.0542372352597,99555,890,568,320,121,113692,67093,1.815930892471498,428,251,12812,18069,34697,27853,851,3136,48517,36026,0,0,492,451,5193,4342,32570,20628,2628,0,0,22601,9892,56,702,0,0,0,0,0
869,4166,870.096468277774,99555,862,537,320,121,113798,67152,1.817588267791673,429,257,12904,18154,34638,27809,845,3120,48518,36027,0,0,490,446,5173,4336,32585,20701,2623,0,0,22582,9862,56,701,0,0,0,0,0
870,4166,871.1410377781466,99554,842,531,320,122,113902,67221,1.81934427546859,450,249,12980,18240,34564,27753,842,3103,48519,36028,0,0,485,443,5160,4326,32605,20757,2626,0,0,22566,9832,56,698,0,0,0,0,0
871,4166,872.1877309611023,99554,826,519,320,122,114019,67285,1.8211623842336822,421,245,13054,18340,34536,27691,841,3081,48520,36029,0,0,482,442,5143,4319,32634,20817,2620,0,0,22538,9808,56,695,0,0,0,0,0
872,4166,873.0262769567832,99554,815,513,320,122,114106,67351,1.8226992386041747,422,222,13130,18402,34471,27669,840,3070,48521,36030,0,0,482,440,5137,4311,32646,20871,2611,0,0,22528,9782,56,690,0,0,0,0,0
873,4166,874.0769355025943,99554,797,488,320,122,114216,67408,1.824376720171967,404,228,13224,18477,34421,27625,832,3058,48522,36031,0,0,478,440,5121,4306,32651,20945,2605,0,0,22508,9759,54,687,0,0,0,0,0
874,4166,875.1297127492277,99554,759,466,320,122,114326,67471,1.826114470538602,376,230,13326,18565,34387,27572,830,3043,48523,36032,0,0,475,438,5112,4296,32646,21036,2600,0,0,22473,9738,54,686,0,0,0,0,0
875,4166,876.1845765404532,99554,740,462,320,122,114415,67538,1.827681459308516,355,226,13415,18677,34340,27485,828,3026,48524,36033,0,0,474,438,5096,4284,32675,21089,2594,0,0,22447,9721,53,683,0,0,0,0,0
876,4166,877.0299005644433,99553,720,457,321,122,114487,67588,1.8289252960734483,348,213,13488,18751,34296,27448,825,3007,48525,36034,0,0,473,437,5086,4284,32678,21137,2583,0,0,22439,9700,53,683,0,0,0,0,0
877,4166,878.088503273291,99553,678,450,321,122,114548,67642,1.8300804596546563,360,213,13593,18852,34228,27371,818,2990,48526,36035,0,0,473,436,5068,4271,32699,21186,2579,0,0,22428,9677,53,683,0,0,0,0,0
878,4166,879.1495834917588,99553,666,443,321,122,114643,67699,1.8316072845619922,347,219,13676,18926,34171,27307,817,2981,48527,36036,0,0,470,435,5052,4260,32713,21238,2579,0,0,22419,9651,53,683,0,0,0,0,0
879,4166,880.0000180759382,99552,652,430,322,122,114705,67746,1.8327205882352942,350,220,13766,19003,34093,27256,815,2967,48528,36037,0,0,470,434,5045,4258,32704,21292,2573,0,0,22412,9629,53,682,0,0,0,0,0
880,4166,881.0659679111495,99551,648,406,322,123,114793,67792,1.834085041837852,335,231,13854,19086,34028,27203,811,2949,48529,36038,0,0,468,431,5040,4253,32714,21340,2570,0,0,22403,9602,52,678,0,0,0,0,0
881,4166,882.1343854115879,99551,631,400,322,123,114879,67857,1.8356018523169029,334,208,13956,19192,33946,27142,809,2933,48530,36039,0,0,466,428,5026,4255,32723,21399,2563,0,0,22382,9583,52,674,0,0,0,0,0
882,4166,883.205805657099,99550,621,398,323,123,114967,67915,1.837086891009543,314,192,14072,19267,33862,27094,806,2924,48531,36040,0,0,461,427,5021,4241,32730,21451,2565,0,0,22362,9566,52,674,0,0,0,0,0
883,4166,884.0650990884802,99549,621,392,324,123,115042,67958,1.8382906910164842,296,181,14146,19340,33808,27050,803,2912,48532,36041,0,0,460,427,5011,4234,32732,21494,2562,0,0,22361,9542,52,674,0,0,0,0,0
884,4166,885.1419121227498,99549,608,385,324,123,115126,68005,1.839606625882731,302,177,14254,19419,33707,26988,803,2906,48533,36042,0,0,458,425,5005,4227,32747,21538,2560,0,0,22338,9526,52,673,0,0,0,0,0
885,4166,886.0053709664592,99549,579,362,324,123,115183,68039,1.8405207485760782,298,176,14313,19495,33685,26944,799,2898,48534,36043,0,0,457,422,4997,4225,32752,21583,2555,0,0,22328,9508,52,670,0,0,0,0,0
886,4166,887.0864811823644,99549,577,364,324,123,115262,68099,1.8419170458769047,276,158,14402,19574,33623,26896,796,2883,48535,36044,0,0,455,421,4987,4219,32772,21625,2553,0,0,22304,9492,52,669,0,0,0,0,0
887,4166,888.170199584915,99549,592,347,324,123,115361,68139,1.8433133431777315,243,161,14499,19653,33547,26842,793,2872,48536,36045,0,0,454,418,4980,4214,32783,21670,2551,0,0,22283,9478,51,667,0,0,0,0,0
888,4166,889.0391248032221,99549,585,341,324,123,115423,68174,1.8442877376970135,227,167,14579,19705,33491,26804,792,2858,48537,36046,0,0,454,418,4973,4207,32790,21708,2546,0,0,22270,9466,51,666,0,0,0,0,0
889,4166,890.127743516455,99549,569,352,324,123,115496,68232,1.8456036725632603,221,155,14681,19791,33412,26727,791,2850,48538,36047,0,0,453,417,4965,4191,32795,21752,2545,0,0,22272,9443,51,665,0,0,0,0,0
890,4166,891.0007265227468,99549,553,339,324,123,115552,68261,1.8464575234306724,226,162,14756,19877,33352,26658,787,2839,48539,36048,0,0,452,417,4956,4183,32796,21793,2544,0,0,22265,9429,51,663,0,0,0,0,0
891,4166,892.0943568078237,99549,533,342,324,123,115612,68297,1.8474218726456317,217,166,14871,19958,33268,26578,785,2831,48540,36049,0,0,450,412,4948,4184,32804,21826,2541,0,0,22256,9416,51,661,0,0,0,0,0
892,4166,893.1910664271229,99549,525,345,324,123,115674,68346,1.8485369014254287,220,157,14966,20037,33181,26510,782,2826,48541,36050,0,0,450,411,4944,4181,32810,21863,2536,0,0,22245,9398,51,660,0,0,0,0,0
893,4166,894.0706344082371,99549,526,339,324,123,115727,68384,1.8494510241187756,224,156,15053,20102,33093,26461,778,2817,48542,36051,0,0,447,408,4941,4183,32811,21895,2534,0,0,22233,9386,51,660,0,0,0,0,0
894,4166,895.1729004941996,99549,520,323,324,123,115792,68420,1.8504655998553476,224,157,15142,20192,33013,26395,775,2808,48543,36052,0,0,446,407,4930,4174,32830,21932,2530,0,0,22219,9371,51,659,0,0,0,0,0
895,4166,896.0569217824628,99549,493,328,324,123,115835,68461,1.8513094054184371,231,148,15214,20278,32963,26320,773,2801,48544,36053,0,0,444,404,4924,4171,32836,21961,2526,0,0,22216,9357,51,659,0,0,0,0,0
896,4166,897.1643670602863,99548,477,307,324,124,115902,68495,1.85234258850002,224,160,15311,20363,32889,26255,773,2789,48545,36054,0,0,443,404,4916,4173,32848,22001,2516,0,0,22199,9339,51,658,0,0,0,0,0
897,4166,898.0524334887976,99548,450,306,324,124,115946,68525,1.853085948487162,230,162,15412,20423,32812,26199,770,2784,48546,36055,0,0,441,403,4911,4170,32847,22040,2514,0,0,22182,9331,51,658,0,0,0,0,0
898,4166,899.1654884738515,99548,438,286,324,124,116008,68563,1.8540904890103267,227,167,15506,20523,32734,26129,769,2769,48547,36056,0,0,439,400,4897,4171,32864,22075,2513,0,0,22168,9312,51,658,0,0,0,0,0
899,4166,900.0581280442666,99548,420,287,324,124,116041,68587,1.8546630771085306,245,192,15560,20575,32683,26063,766,2757,48547,36056,0,0,439,398,4892,4174,32856,22102,2509,0,0,22168,9301,51,658,0,0,0,0,0
900,4166,900.0581280442666,99548,419,281,324,124,116050,68594,1.8548238035922369,244,190,15597,20587,32647,26059,767,2757,48547,36056,1,1,439,398,4890,4177,32857,22109,2506,0,2,22162,9299,51,658,0,0,0,0,0
901,4166,901.1767263972508,99548,414,292,324,124,116112,68651,1.856019206814803,250,190,15675,20651,32573,25996,762,2745,48547,36056,2,2,437,396,4882,4184,32878,22135,2495,2,10,22128,9291,51,658,0,1,0,0,0
902,4166,902.0735928131231,99548,421,300,324,124,116174,68693,1.8570639289588942,245,185,15734,20716,32513,25938,761,2735,48547,36056,3,3,436,395,4876,4183,32879,22167,2492,3,16,22106,9285,51,657,0,2,0,0,0
903,4166,903.1972767356443,99547,447,305,325,124,116258,68751,1.8585090459782816,240,175,15805,20808,32426,25866,755,2720,48547,36056,4,4,435,395,4867,4183,32882,22202,2489,4,31,22080,9270,51,655,0,3,0,0,0
904,4166,904.0980136974085,99547,448,292,325,124,116320,68784,1.8594633690618503,235,179,15884,20867,32353,25827,753,2709,48547,36056,5,5,435,395,4861,4179,32890,22238,2484,4,41,22051,9260,51,654,0,4,0,0,0
905,4166,905.0008043832269,99546,461,292,326,124,116380,68825,1.8604966548128503,233,174,15947,20940,32279,25771,752,2697,48547,36056,6,6,435,395,4854,4179,32884,22272,2481,4,49,22033,9252,51,653,0,4,0,0,0
906,4166,906.1322461900517,99545,457,285,327,124,116443,68865,1.8615500527399669,246,193,16038,21004,32182,25713,748,2679,48547,36056,7,7,434,395,4847,4178,32887,22308,2475,5,66,22008,9235,50,652,0,5,0,0,0
907,4166,907.0397391592126,99545,466,309,327,124,116504,68916,1.862675172032749,252,191,16139,21071,32070,25634,744,2669,48547,36056,8,8,433,395,4846,4170,32893,22334,2473,6,73,21986,9228,50,652,0,6,0,0,0
908,4166,908.1776769638399,99545,460,308,327,124,116579,68960,1.8638706112813301,252,193,16223,21142,31992,25580,744,2651,48547,36056,9,9,430,395,4840,4163,32903,22371,2470,9,92,21956,9209,50,651,0,6,0,0,0
909,4166,909.0902844903317,99545,463,310,327,124,116643,69009,1.8650057762820835,249,188,16304,21201,31915,25528,740,2647,48547,36056,10,10,429,394,4836,4161,32907,22404,2463,10,110,21933,9190,50,651,0,6,0,0,1
910,4166,910.0050298638108,99545,463,313,327,124,116705,69054,1.8660806670350092,263,187,16381,21271,31827,25464,737,2639,48547,36056,11,11,429,392,4830,4164,32913,22434,2459,10,126,21906,9174,49,650,0,7,1,0,1
911,4166,911.151742787842,99545,472,322,327,124,116787,69107,1.8674368376111306,257,203,16473,21344,31740,25381,729,2624,48547,36056,12,12,429,391,4827,4160,32927,22468,2455,10,137,21871,9161,49,649,0,7,1,0,3
912,4166,912.0712460293024,99545,486,329,327,124,116857,69157,1.868642322567683,259,203,16554,21384,31644,25341,728,2617,48547,36056,14,14,428,388,4824,4155,32930,22499,2451,11,152,21851,9145,49,649,0,8,1,0,4
913,4166,913.2240781721805,99544,504,331,327,125,116948,69220,1.8702081491601703,239,208,16660,21450,31543,25284,725,2600,48547,36056,16,16,427,386,4815,4156,32932,22539,2448,12,175,21821,9121,48,648,0,10,1,0,5
914,4166,914.1488861649586,99544,493,327,327,125,116999,69263,1.8711524551956924,257,214,16709,21528,31486,25215,726,2589,48547,36056,19,18,426,384,4810,4156,32930,22578,2443,13,190,21794,9105,48,648,0,12,1,0,6
915,4166,915.0754235749513,99543,484,325,328,125,117052,69304,1.8721155681464292,266,230,16780,21576,31414,25160,726,2582,48547,36056,23,21,424,383,4803,4154,32934,22613,2437,15,198,21771,9097,48,646,0,13,1,0,6
916,4166,916.0040267955728,99543,463,350,328,125,117107,69369,1.8733210773233677,279,216,16865,21627,31335,25105,728,2575,48547,36056,28,25,423,381,4794,4148,32939,22652,2431,16,207,21749,9087,48,645,0,15,1,0,7
917,4166,917.1683093905281,99543,475,381,328,125,117198,69448,1.8750288819906975,296,205,16963,21704,31209,25017,727,2566,48547,36056,34,30,422,379,4787,4148,32935,22700,2428,17,220,21713,9074,48,644,0,19,2,0,7
918,4166,918.1026358362901,99543,500,379,328,125,117280,69496,1.8763348502657142,289,213,17051,21760,31104,24961,726,2560,48547,36056,42,36,420,379,4779,4141,32942,22736,2425,19,235,21686,9056,48,642,0,21,4,0,10
919,4166,919.0394680888604,99543,496,386,328,125,117350,69553,1.8776106808113078,288,208,17109,21808,31048,24915,729,2556,48547,36056,51,43,418,377,4772,4136,32944,22774,2420,21,261,21661,9028,48,641,0,23,7,0,12
920,4166,920.2132613653456,99543,485,377,328,125,117429,69614,1.8790171081844027,303,219,17187,21894,30962,24830,733,2553,48547,36056,63,51,417,377,4762,4126,32947,22835,2417,22,275,21620,9012,48,636,1,28,7,1,12
921,4166,921.154524445884,99542,487,385,328,126,117504,69673,1.8803821502481364,282,210,17247,21961,30915,24773,739,2543,48547,36056,77,61,417,375,4749,4123,32959,22881,2412,22,287,21577,8997,48,635,1,34,9,1,15
922,4166,922.0975074663669,99542,479,389,328,126,117567,69729,1.8815776255249042,294,198,17303,22037,30847,24703,747,2545,48547,36056,94,73,414,374,4744,4118,32944,22940,2409,25,300,21544,8982,48,632,2,37,11,1,17
923,4166,923.0425866236839,99542,479,390,328,126,117634,69778,1.8827429627694843,294,197,17385,22098,30757,24635,755,2552,48547,36056,115,87,414,374,4736,4115,32937,22989,2405,25,309,21512,8965,48,629,2,43,13,1,25
924,4166,924.2276085296788,99542,471,374,328,126,117710,69833,1.8840589901750016,319,211,17468,22164,30647,24564,765,2559,48547,36056,140,103,414,374,4718,4111,32950,23042,2399,25,333,21458,8938,48,628,2,56,17,1,28
925,4166,925.1785754845508,99541,469,390,329,126,117779,69886,1.8853035432635799,333,202,17529,22201,30561,24499,777,2580,48547,36056,170,122,411,373,4714,4099,32940,23090,2396,28,350,21427,8915,48,628,2,67,18,1,34
926,4166,926.132012159433,99539,508,388,330,127,117872,69938,1.8867981394227389,309,210,17584,22234,30469,24438,798,2601,48547,36056,206,144,411,373,4705,4099,32936,23138,2392,28,359,21380,8899,48,625,4,81,19,2,40
927,4166,927.0881522364305,99539,515,379,330,127,117942,69986,1.8879836044163594,306,224,17643,22266,30384,24372,820,2630,48547,36056,248,169,410,373,4690,4099,32926,23192,2387,29,379,21330,8867,48,625,4,102,25,2,51
928,4166,928.0469415071441,99537,504,393,332,127,118001,70037,1.889126656419221,321,235,17686,22287,30310,24291,845,2665,48547,36056,297,197,409,373,4682,4089,32899,23258,2382,30,386,21296,8852,48,624,4,117,27,2,59
929,4166,929.0077929263738,99537,518,389,332,127,118075,70084,1.8903422847785245,329,235,17737,22338,30213,24205,869,2704,48547,36056,354,229,409,372,4665,4090,32868,23330,2378,30,400,21253,8826,48,622,5,132,36,3,70
930,4166,930.2123155809085,99537,533,400,332,127,118177,70155,1.8920803319368678,320,227,17787,22389,30125,24103,901,2752,48547,36056,420,266,408,371,4649,4079,32860,23400,2373,31,411,21189,8802,48,622,5,162,43,3,81
931,4166,931.1784535983138,99536,536,419,332,128,118252,70225,1.893556100305417,340,224,17809,22389,30044,24023,937,2815,48547,36056,496,308,406,371,4633,4069,32850,23465,2371,33,429,21123,8768,48,619,6,196,49,5,95
932,4166,932.1468758067574,99536,548,419,332,128,118335,70281,1.8949525799710658,346,220,17847,22407,29949,23946,976,2878,48547,36056,583,355,405,369,4616,4071,32816,23550,2365,34,433,21045,8750,48,619,6,235,61,7,106
933,4166,933.1183570415451,99536,567,395,332,128,118422,70330,1.8963189197878154,334,226,17891,22428,29847,23860,1027,2961,48547,36056,682,408,402,369,4602,4071,32786,23636,2361,37,456,20958,8710,48,618,6,278,68,8,122
934,4166,934.0931326697104,99536,557,400,332,128,118487,70392,1.8975948400578686,352,215,17926,22422,29752,23779,1079,3054,48547,36056,794,467,402,367,4587,4075,32721,23750,2356,37,471,20883,8675,48,617,6,312,79,8,142
935,4166,935.0708113578655,99536,570,417,332,128,118570,70462,1.899131972351712,351,201,17987,22420,29623,23669,1135,3163,48547,36056,921,533,401,365,4571,4077,32647,23862,2352,38,490,20811,8640,48,615,6,357,90,9,157
936,4166,936.0524820116107,99536,566,415,332,128,118651,70512,1.9004480790869636,370,213,18017,22430,29515,23535,1198,3277,48547,36056,1063,606,397,364,4548,4072,32583,23975,2347,42,501,20723,8601,48,612,8,420,103,12,180
937,4166,937.037727643667,99536,557,407,332,128,118727,70557,1.9016637196592188,386,240,18059,22416,29394,23392,1270,3415,48547,36056,1222,687,395,364,4524,4063,32504,24100,2345,44,519,20636,8551,48,606,13,484,118,12,210
938,4166,938.0265860995637,99536,572,406,332,128,118826,70605,1.9031405722552643,377,240,18079,22389,29282,23262,1356,3573,48547,36056,1400,776,391,363,4499,4062,32416,24232,2342,47,536,20532,8510,48,602,16,559,135,13,233
939,4166,939.019151481241,99536,600,381,332,128,118931,70651,1.9046576113165086,369,248,18093,22356,29158,23142,1446,3743,48547,36056,1597,874,390,362,4468,4055,32333,24380,2339,48,543,20423,8461,48,598,19,624,157,15,273
940,4166,940.0157663685005,99536,609,394,332,128,119022,70726,1.9063253496222472,366,230,18096,22309,29049,23012,1546,3925,48547,36056,1815,981,389,360,4432,4046,32260,24516,2336,49,554,20304,8404,48,595,20,712,177,17,317
941,4166,941.016118708369,99536,604,390,332,128,119107,70782,1.907741922520495,377,232,18096,22245,28938,22866,1651,4137,48547,36056,2054,1098,388,360,4415,4052,32135,24687,2326,50,574,20179,8345,48,589,22,804,190,20,352
942,4166,942.0202097527182,99536,604,383,332,128,119196,70836,1.9091785886513422,372,229,18095,22178,28830,22710,1765,4370,48547,36056,2316,1225,386,359,4388,4047,32010,24868,2321,52,593,20043,8284,48,583,25,907,208,22,392
943,4166,943.0281466226005,99536,591,394,332,128,119288,70898,1.9107257675614853,369,230,18107,22069,28710,22547,1889,4630,48547,36056,2602,1363,385,356,4362,4040,31883,25063,2317,52,602,19886,8209,48,579,28,1023,224,26,453
944,4166,944.0399962364849,99536,594,398,332,128,119378,70942,1.9120720141456358,378,255,18089,21980,28579,22330,2026,4907,48547,36056,2913,1512,382,354,4331,4046,31708,25284,2304,55,608,19751,8147,48,574,31,1127,251,29,506
945,4166,945.0563389837971,99535,612,427,333,128,119467,71029,1.9138594464258802,380,212,18086,21896,28415,22132,2172,5203,48547,36056,3250,1673,381,353,4300,4043,31556,25481,2300,56,613,19577,8075,48,565,36,1271,279,35,566
946,4166,946.0783216660633,99535,616,426,333,128,119568,71089,1.9154769679007384,396,224,18072,21765,28245,21924,2336,5531,48547,36056,3613,1846,381,353,4256,4046,31387,25705,2292,56,619,19384,8019,48,559,41,1428,311,42,608
947,4166,947.1059049316841,99535,610,417,333,128,119656,71153,1.9170040689204801,392,226,18045,21627,28110,21714,2508,5886,48547,36056,4003,2031,380,350,4214,4044,31199,25954,2288,57,643,19186,7933,48,555,44,1582,346,47,665
948,4166,948.1387649080256,99534,597,425,334,128,119750,71221,1.9186509132557719,387,226,18046,21491,27939,21474,2695,6254,48547,36056,4420,2229,379,348,4171,4041,31004,26216,2283,58,654,18979,7852,48,547,47,1749,377,52,729
949,4166,949.1779252292565,99534,618,397,334,128,119865,71276,1.9203588723451284,379,215,18010,21334,27761,21268,2896,6656,48547,36056,4864,2440,377,346,4123,4037,30800,26488,2277,59,670,18760,7758,48,539,55,1923,416,56,802
950,4166,950.2237237123502,99534,617,383,334,128,119963,71326,1.9218458014346855,374,211,17971,21160,27593,21043,3109,7073,48547,36056,5335,2664,375,345,4062,4037,30566,26779,2272,61,681,18538,7680,47,533,61,2107,467,60,863
951,4166,951.0125473677228,99533,644,387,334,129,120055,71376,1.923291772577939,350,204,17928,20956,27409,20789,3333,7533,48547,36056,5833,2901,375,344,4013,4033,30347,27045,2269,61,681,18300,7590,47,526,67,2317,508,68,942
952,4166,952.0720328908778,99533,623,391,334,129,120135,71432,1.9246581535772056,362,218,17887,20764,27225,20492,3567,8004,48547,36056,6357,3152,374,344,3956,4025,30093,27359,2264,62,682,18060,7498,47,519,72,2520,557,76,1025
953,4166,953.1385831295174,99533,605,397,334,129,120225,71494,1.9261852852822683,353,216,17865,20565,27030,20192,3811,8499,48547,36056,6906,3416,374,342,3910,4023,29818,27685,2258,62,692,17814,7390,47,510,81,2734,595,85,1113
954,4166,954.2127236890127,99533,620,393,334,129,120329,71555,1.9278430269357902,337,219,17810,20360,26825,19875,4072,9022,48547,36056,7479,3694,373,342,3847,4022,29550,28011,2253,63,706,17537,7287,46,500,90,2972,648,90,1196
955,4166,955.0239214854444,99533,613,407,334,129,120407,71611,1.9291893140968321,340,223,17757,20116,26616,19572,4338,9551,48547,36056,8074,3985,373,341,3786,4015,29259,28344,2248,63,698,17290,7183,46,490,99,3198,702,109,1289
956,4166,956.114833277728,99533,626,404,334,129,120502,71674,1.9307767273165684,334,230,17716,19910,26375,19236,4613,10089,48547,36056,8690,4289,372,340,3728,4004,28977,28683,2243,64,712,17025,7062,46,484,105,3435,748,117,1388
957,4166,957.2154217500787,99533,628,386,334,129,120605,71727,1.9323440466980801,342,232,17667,19688,26128,18929,4899,10634,48547,36056,9325,4605,371,339,3671,4003,28662,29057,2237,64,720,16746,6930,45,477,108,3678,797,126,1502
958,4166,958.0478590614082,99533,614,404,334,129,120680,71778,1.933609958506224,338,226,17599,19427,25904,18591,5209,11221,48547,36056,9977,4934,367,337,3617,4005,28317,29437,2227,68,713,16471,6818,45,472,113,3932,847,140,1607
959,4166,959.1681264657461,99532,615,427,334,130,120776,71858,1.9353976610537316,328,221,17515,19182,25683,18239,5523,11799,48547,36056,10643,5274,366,336,3536,4007,27974,29827,2221,69,712,16180,6717,45,465,118,4190,922,153,1694
960,4166,960.0148861641545,99532,608,437,334,130,120843,71916,1.936653538560463,343,218,17422,18865,25446,17932,5845,12416,48547,36056,11322,5626,364,336,3468,4003,27627,30217,2217,71,711,15883,6586,45,457,125,4459,987,162,1814
961,4166,961.1553044678232,99532,630,410,334,130,120940,71972,1.9381907326287022,342,240,17355,18582,25172,17623,6165,13013,48547,36056,12010,5988,362,335,3388,3994,27266,30640,2214,73,715,15581,6454,45,449,133,4722,1058,174,1929
962,4166,962.0187797764294,99531,625,408,335,130,121016,72023,1.939486190232189,354,243,17254,18348,24929,17257,6501,13612,48547,36056,12706,6360,361,334,3326,3995,26922,31033,2207,74,713,15270,6328,45,442,139,4998,1115,186,2043
963,4166,963.182277456937,99531,621,398,335,130,121115,72095,1.9412042479227578,357,249,17176,18096,24673,16917,6836,14208,48547,36056,13407,6741,359,334,3253,3990,26552,31462,2199,76,724,14979,6179,45,436,143,5260,1176,201,2163
964,4166,964.0631019938567,99531,621,401,335,130,121202,72152,1.9426510333463947,345,242,17063,17817,24444,16579,7190,14829,48547,36056,14110,7131,358,332,3187,3981,26205,31857,2195,77,720,14693,6031,45,429,149,5525,1232,222,2293
965,4166,965.2497698707172,99531,625,406,335,130,121318,72225,1.944549939214918,341,229,16988,17587,24171,16209,7538,15437,48547,36056,14813,7528,358,328,3122,3985,25881,32236,2186,77,722,14357,5908,45,419,159,5829,1283,242,2394
966,4166,966.1487647257666,99531,630,397,335,130,121399,72273,1.9458460178235926,351,229,16887,17337,23895,15856,7900,16049,48547,36056,15513,7932,356,327,3051,3984,25523,32636,2182,79,724,14071,5787,45,415,163,6083,1350,265,2490
967,4166,967.0580362650883,99531,633,414,335,130,121485,72337,1.9473530859732144,341,209,16779,17103,23641,15501,8269,16641,48547,36056,16209,8341,356,325,2996,3981,25175,33031,2182,78,725,13781,5650,45,407,170,6340,1400,280,2609
968,4166,968.2847587902445,99531,658,419,335,130,121604,72409,1.9492720860837327,331,215,16640,16844,23417,15186,8617,17204,48547,36056,16898,8755,353,323,2920,3978,24804,33456,2175,81,720,13499,5509,45,394,181,6591,1470,298,2734
969,4166,969.2129340711899,99530,654,427,336,130,121681,72469,1.9506681402592183,340,197,16523,16591,23164,14864,8981,17789,48547,36056,17578,9173,353,323,2857,3970,24452,33858,2170,81,722,13206,5382,45,383,192,6852,1528,320,2836
970,4166,970.1508806301675,99530,649,409,336,130,121769,72515,1.952014467999598,327,205,16406,16323,22911,14573,9369,18358,48547,36056,18247,9594,353,320,2784,3970,24077,34283,2163,81,720,12909,5276,45,373,200,7121,1591,341,2923
971,4166,971.0993067140744,99529,639,395,336,131,121847,72561,1.9532799485577068,331,217,16303,16090,22641,14261,9748,18904,48547,36056,18904,10016,352,320,2723,3964,23702,34715,2159,81,714,12641,5149,45,364,207,7355,1645,357,3036
972,4166,972.0588419476294,99529,618,407,336,131,121933,72617,1.9547066684082026,317,208,16216,15837,22393,13962,10118,19453,48547,36056,19547,10439,352,317,2647,3957,23356,35118,2154,81,714,12358,5033,45,356,212,7608,1712,374,3135
973,4166,973.0293628304609,99529,607,393,336,131,122016,72668,1.956053009675572,316,216,16135,15621,22123,13669,10481,19968,48547,36056,20174,10862,351,315,2588,3958,23021,35507,2149,82,702,12073,4921,45,347,218,7856,1764,403,3229
974,4166,974.011704012023,99528,598,399,337,131,122091,72726,1.9574089703400048,321,199,16004,15434,21878,13377,10860,20458,48547,36056,20785,11284,350,315,2532,3956,22673,35903,2142,83,688,11834,4802,44,337,228,8066,1811,428,3336
975,4166,975.0055835966964,99527,592,391,338,131,122164,72778,1.9586845780541964,315,210,15932,15229,21596,13104,11225,20933,48547,36056,21379,11704,350,315,2462,3954,22353,36274,2135,83,684,11554,4693,44,334,231,8313,1873,447,3428
976,4166,976.0122311364663,99527,609,387,338,131,122263,72829,1.9601917067730366,288,217,15829,15058,21349,12808,11585,21397,48547,36056,21955,12121,348,314,2422,3950,21997,36677,2131,85,680,11305,4585,44,330,234,8531,1907,464,3523
977,4166,977.0307173199831,99526,596,395,339,131,122337,72884,1.9615075457669353,300,210,15730,14874,21089,12546,11944,21842,48547,36056,22512,12534,346,314,2365,3949,21679,37042,2127,87,676,11053,4483,44,322,241,8754,1951,484,3609
978,4166,978.0618223777383,99526,598,393,339,131,122428,72942,1.9630046420030947,305,203,15646,14720,20818,12298,12292,22253,48547,36056,23050,12943,343,314,2309,3952,21332,37434,2120,90,676,10817,4391,44,315,247,8957,2002,498,3685
979,4166,979.1062536013777,99525,572,385,340,131,122497,72996,1.9642602361215775,321,200,15564,14567,20587,12066,12614,22649,48547,36056,23569,13346,343,313,2261,3941,21032,37803,2116,90,673,10590,4292,44,309,251,9143,2041,515,3768
980,4166,980.1628360662612,99524,574,377,341,131,122592,73047,1.9657469555082192,305,209,15477,14403,20363,11843,12938,23035,48547,36056,24069,13744,339,310,2209,3938,20757,38132,2108,94,670,10357,4176,44,302,256,9347,2086,536,3863
981,4166,981.2311030255229,99524,562,363,341,131,122664,73103,1.9670330774486555,315,203,15415,14259,20110,11641,13255,23401,48547,36056,24549,14135,338,309,2158,3937,20451,38492,2106,95,669,10127,4096,44,297,259,9537,2130,554,3925
982,4166,982.312671786917,99524,570,367,341,131,122755,73158,1.968500060286966,315,202,15339,14122,19877,11426,13556,23750,48547,36056,25010,14519,335,308,2111,3934,20157,38841,2103,98,656,9931,4009,44,291,263,9698,2167,577,4001
983,4166,983.0409006264474,99524,556,370,341,131,122807,73189,1.9693340299827178,321,204,15242,13981,19655,11208,13883,24104,48547,36056,25452,14896,334,307,2071,3935,19858,39169,2098,99,652,9729,3950,44,287,266,9881,2203,587,4054
984,4166,984.1474820253753,99524,556,366,341,131,122910,73239,1.9708713476146458,295,208,15138,13854,19475,11026,14193,24413,48547,36056,25875,15265,333,303,2030,3925,19574,39508,2093,100,650,9543,3873,44,281,271,10038,2241,603,4114
985,4166,985.2652414704382,99524,537,373,341,131,122981,73294,1.972137373899763,309,200,15073,13785,19261,10819,14477,24690,48547,36056,26280,15626,333,301,1997,3920,19319,39816,2088,99,640,9338,3797,44,277,274,10211,2268,623,4179
986,4166,986.0172047778376,99524,523,374,341,131,123033,73338,1.9731019653550903,311,199,14975,13661,19064,10660,14784,24973,48547,36056,26667,15979,332,301,1955,3916,19075,40103,2081,99,635,9161,3725,44,267,283,10366,2302,637,4242
987,4166,987.1594446829921,99524,526,382,341,131,123113,73408,1.9746091395040393,305,185,14900,13608,18867,10488,15059,25204,48547,36056,27037,16323,329,299,1924,3919,18830,40394,2072,102,638,8999,3647,44,263,287,10501,2324,656,4296
988,4166,988.3133400756941,99524,522,362,341,131,123208,73454,1.9760258832040514,287,188,14868,13540,18664,10355,15316,25422,48547,36056,27390,16658,327,297,1887,3921,18572,40709,2067,103,637,8838,3578,44,260,286,10623,2353,674,4348
989,4166,989.0896868198231,99524,524,348,341,131,123262,73490,1.9769301876934207,297,178,14803,13456,18443,10214,15590,25671,48547,36056,27726,16984,327,295,1855,3919,18351,40971,2064,103,627,8683,3514,43,257,289,10750,2381,700,4395
990,4166,990.2704735535629,99524,529,345,341,131,123345,73554,1.9784072183593906,298,166,14777,13440,18228,10086,15825,25830,48547,36056,28046,17301,327,294,1821,3923,18129,41247,2059,102,620,8537,3445,43,249,294,10858,2405,723,4448
991,4166,991.0656437525258,99524,525,337,341,131,123400,73586,1.979281379365781,278,187,14723,13357,18054,9942,16077,26044,48547,36056,28351,17609,326,293,1788,3922,17912,41501,2054,103,612,8392,3384,43,247,296,10980,2431,741,4499
992,4166,992.2723124912906,99524,518,333,341,131,123489,73640,1.9807182187211125,269,192,14695,13346,17881,9818,16294,26178,48547,36056,28641,17908,324,293,1762,3918,17723,41744,2043,105,612,8251,3317,42,239,304,11089,2453,754,4551
993,4166,993.0835534691479,99523,516,337,342,131,123545,73682,1.9817228178411022,283,191,14639,13297,17711,9706,16507,26336,48547,36056,28917,18197,324,293,1727,3916,17533,41970,2040,105,610,8127,3266,41,237,305,11187,2485,764,4593
994,4166,994.3143755941893,99522,534,344,343,131,123646,73744,1.9833805590723659,260,179,14635,13291,17535,9591,16691,26462,48547,36056,29179,18477,322,292,1697,3912,17350,42204,2033,106,603,7995,3220,41,234,307,11290,2508,783,4625
995,4166,995.1419413815535,99521,523,332,344,131,123689,73774,1.9841340018689524,277,181,14580,13261,17377,9482,16897,26611,48547,36056,29428,18748,320,292,1678,3910,17165,42429,2028,108,600,7866,3183,41,230,309,11394,2523,794,4651
996,4166,996.3965991831664,99521,521,336,344,131,123779,73838,1.9856814139729304,272,167,14559,13289,17235,9371,17067,26704,48547,36056,29665,19010,319,290,1647,3900,17013,42644,2026,109,592,7734,3131,39,229,310,11493,2543,815,4687
997,4166,997.2390059312744,99520,519,328,344,132,123837,73868,1.986585610932476,285,177,14501,13266,17096,9272,17253,26823,48547,36056,29890,19263,319,289,1621,3898,16871,42823,2020,108,590,7639,3082,39,220,318,11568,2564,829,4722
998,4166,998.0845348114784,99520,532,321,344,132,123899,73907,1.9876004823151125,286,168,14451,13251,16951,9192,17434,26934,48547,36056,30104,19508,319,288,1590,3896,16703,43022,2016,108,589,7551,3039,39,217,321,11638,2589,844,4751
999,4166,999.3440618378287,99520,517,315,344,132,123979,73965,1.9889871382636657,284,165,14457,13288,16813,9120,17583,26978,48547,36056,30307,19744,316,288,1574,3893,16538,43244,2011,111,588,7441,2996,39,215,320,11712,2597,861,4776
1000,4166,1000.1779279735043,99520,520,314,344,132,124046,74008,1.9900924437299035,264,153,14438,13274,16689,9055,17743,27070,48547,36056,30500,19972,313,288,1552,3892,16394,43426,2008,114,576,7348,2962,39,213,322,11778,2614,879,4802
1001,4166,1001.0042930547646,99520,517,319,344,132,124101,74046,1.99102692926045,250,155,14413,13278,16582,8967,17892,27147,48547,36056,30683,20191,312,287,1530,3886,16255,43604,2006,115,576,7259,2931,39,209,325,11844,2631,885,4826
1002,4166,1002.2320299327575,99520,516,308,344,132,124175,74102,1.992333199356913,259,157,14423,13261,16459,8947,17997,27193,48547,36056,30857,20402,311,284,1511,3887,16140,43775,2001,116,581,7157,2878,39,205,326,11914,2638,892,4865
1003,4166,1003.046316005307,99520,520,309,344,132,124222,74137,1.993157154340836,255,157,14408,13262,16339,8864,18132,27274,48547,36056,31022,20606,310,284,1489,3887,16006,43942,1999,117,576,7084,2851,39,201,329,11963,2655,904,4884
1004,4166,1004.2570365852288,99520,489,301,344,132,124304,74182,1.9944332797427653,250,166,14418,13300,16256,8809,18241,27290,48547,36056,31178,20802,310,281,1470,3884,15893,44113,1992,117,583,7002,2809,39,201,329,12010,2666,917,4904
1005,4166,1005.0604555933738,99520,457,315,344,132,124350,74221,1.9952873794212218,258,171,14398,13327,16172,8727,18369,27326,48547,36056,31327,20991,309,278,1455,3888,15768,44270,1985,118,577,6918,2786,39,199,329,12074,2678,927,4922
1006,4166,1006.2558889977253,99519,441,308,345,132,124422,74267,1.9964931319647505,259,167,14440,13377,16062,8675,18451,27339,48547,36056,31468,21173,309,277,1446,3890,15634,44443,1979,116,578,6837,2757,39,197,330,12129,2683,942,4933
1007,4166,1007.0499910143742,99519,439,315,345,132,124462,74302,1.9972467569006924,272,163,14424,13392,15947,8622,18571,27374,48547,36056,31602,21348,309,277,1434,3888,15518,44586,1976,116,574,6777,2725,39,196,331,12173,2691,951,4958
1008,4166,1008.2326151234125,99519,457,313,345,132,124544,74356,1.998613330117867,268,156,14462,13441,15833,8585,18633,27371,48547,36056,31729,21516,309,277,1413,3881,15434,44719,1972,116,577,6694,2699,39,194,333,12223,2707,961,4971
1009,4166,1009.0185337215207,99519,460,322,345,132,124602,74397,1.9996081150333103,254,148,14464,13498,15733,8526,18742,27372,48547,36056,31850,21677,309,277,1393,3877,15353,44833,1968,116,573,6634,2677,39,193,334,12263,2723,973,4984
1010,4166,1010.1898254014794,99519,470,304,345,132,124685,74440,2.0008742049256925,245,140,14493,13562,15637,8495,18808,27365,48547,36056,31965,21832,309,275,1381,3875,15244,44983,1966,116,578,6574,2648,39,193,334,12298,2725,990,4991
1011,4166,1011.3570157261398,99519,472,299,345,132,124774,74491,2.0022809714727843,223,149,14567,13638,15542,8449,18849,27331,48547,36056,32074,21981,309,273,1368,3874,15152,45119,1961,116,583,6519,2622,39,193,333,12331,2731,1000,4996
1012,4166,1012.133854357329,99519,465,291,345,132,124825,74519,2.0030747897386427,215,143,14574,13665,15472,8412,18927,27355,48547,36056,32177,22124,307,272,1352,3869,15060,45244,1959,118,584,6464,2605,39,193,333,12372,2740,1009,4999
1013,4166,1013.293784630158,99519,467,294,345,132,124891,74566,2.004210251308795,223,146,14608,13721,15386,8381,18969,27324,48547,36056,32275,22262,306,272,1336,3863,14989,45358,1955,118,586,6406,2582,39,193,333,12404,2751,1015,5013
1014,4166,1014.0655051713206,99519,467,285,345,132,124943,74593,2.005004069574654,224,148,14628,13765,15301,8361,19033,27307,48547,36056,32368,22394,306,271,1327,3861,14897,45479,1954,118,580,6356,2563,39,192,332,12439,2753,1025,5027
1015,4166,1015.2187565747838,99518,464,284,346,132,125016,74646,2.006290319339215,215,147,14667,13855,15224,8336,19082,27244,48547,36056,32457,22521,304,271,1315,3862,14834,45588,1950,120,582,6291,2544,39,190,333,12466,2762,1034,5033
1016,4166,1016.3690867533716,99518,443,276,346,132,125073,74686,2.00726501738379,224,162,14718,13926,15157,8309,19110,27193,48547,36056,32541,22643,304,271,1299,3859,14770,45692,1942,120,581,6247,2524,39,188,335,12487,2772,1043,5045
1017,4166,1017.1351593723388,99518,452,276,346,132,125122,74717,2.008068892059728,234,163,14732,13972,15074,8278,19160,27177,48547,36056,32621,22760,303,271,1291,3859,14691,45792,1940,121,583,6202,2512,39,187,336,12521,2772,1049,5049
1018,4166,1018.2805387131759,99518,453,279,346,132,125193,74766,2.009274704073635,234,155,14779,14056,15012,8266,19174,27110,48547,36056,32697,22873,303,271,1280,3852,14631,45895,1938,121,579,6156,2495,39,185,337,12539,2779,1060,5058
1019,4166,1019.0435684524099,99518,452,280,346,132,125241,74787,2.0099680459816316,235,165,14813,14100,14942,8238,19210,27083,48547,36056,32770,22981,303,271,1272,3851,14565,45985,1934,121,579,6114,2478,38,181,340,12564,2787,1066,5069
1020,4166,1020.1854602068263,99518,469,269,346,132,125316,74827,2.0111236158282924,219,153,14876,14181,14854,8239,19234,27024,48547,36056,32839,23085,303,269,1264,3842,14517,46074,1932,121,582,6068,2462,38,180,340,12588,2791,1080,5067
1021,4166,1021.3263355099676,99518,451,280,346,132,125369,74883,2.012218895074258,237,145,14929,14266,14800,8221,19235,26954,48547,36056,32905,23185,302,269,1257,3838,14472,46169,1925,122,586,6024,2445,38,176,343,12599,2795,1084,5074
1022,4166,1022.0869021892739,99518,443,272,346,132,125416,74909,2.0129524307160516,224,154,14969,14306,14763,8203,19253,26931,48547,36056,32968,23281,300,268,1248,3840,14424,46247,1920,123,580,5986,2433,38,175,344,12620,2798,1095,5079
1023,4166,1023.2263837067545,99518,448,277,346,132,125492,74961,2.014238630197552,210,142,15018,14389,14714,8174,19262,26884,48547,36056,33028,23373,298,267,1240,3841,14371,46343,1917,125,580,5946,2419,37,174,345,12627,2800,1108,5080
1024,4166,1024.365962745843,99518,428,288,346,132,125554,75007,2.0153238610100686,207,148,15079,14459,14679,8154,19259,26817,48547,36056,33085,23461,294,266,1236,3835,14315,46437,1915,128,582,5912,2401,36,173,346,12639,2802,1115,5086
1025,4166,1025.125593416906,99518,420,279,346,132,125590,75035,2.015966960750819,204,142,15100,14512,14636,8139,19292,26794,48547,36056,33139,23546,292,264,1231,3839,14269,46512,1908,130,578,5881,2390,36,173,346,12649,2804,1127,5089
1026,4166,1026.2637306843674,99518,408,271,346,132,125647,75085,2.017042143129886,206,136,15174,14610,14583,8133,19281,26716,48547,36056,33191,23628,290,264,1225,3830,14223,46611,1905,132,583,5840,2377,36,173,346,12658,2802,1139,5084
1027,4166,1027.0227400820188,99518,406,282,346,132,125688,75123,2.0178359693723746,210,120,15210,14669,14541,8122,19285,26673,48547,36056,33240,23706,290,264,1217,3830,14192,46666,1899,132,581,5815,2361,36,170,348,12669,2808,1150,5090
1028,4166,1028.1609188500624,99518,410,271,346,132,125748,75157,2.018780522116602,209,126,15282,14761,14480,8108,19271,26600,48547,36056,33287,23781,290,263,1208,3826,14152,46740,1896,132,581,5787,2348,36,167,351,12679,2809,1162,5091
1029,4166,1029.3002701349308,99518,385,271,346,132,125799,75192,2.019644687393235,203,131,15371,14847,14443,8081,19250,26536,48547,36056,33332,23853,288,259,1201,3823,14120,46812,1892,134,585,5756,2337,36,167,351,12687,2810,1168,5092
1030,4166,1030.060561341594,99518,380,263,346,132,125835,75213,2.0202174480998414,207,133,15417,14890,14395,8070,19253,26510,48547,36056,33375,23923,288,259,1197,3823,14080,46875,1889,134,588,5735,2321,36,165,353,12690,2813,1175,5097
1031,4166,1031.2009992838184,99518,389,261,346,132,125896,75245,2.0211519524106194,205,132,15485,14972,14344,8059,19229,26442,48547,36056,33416,23990,286,258,1193,3824,14041,46949,1885,134,591,5707,2310,36,164,353,12697,2812,1179,5099
1032,4166,1032.342977711075,99517,385,249,346,133,125958,75277,2.0221168242611816,204,145,15561,15069,14312,8043,19190,26359,48547,36056,33455,24054,285,257,1187,3818,14012,47015,1880,135,596,5682,2294,36,164,353,12704,2813,1187,5099
1033,4166,1033.1054786431862,99517,375,254,346,133,125992,75312,2.0228101731362482,205,139,15601,15108,14286,8032,19185,26332,48547,36056,33492,24116,284,257,1181,3821,13966,47083,1876,135,598,5665,2285,36,163,353,12708,2813,1193,5100
1034,4166,1034.2499854366963,99517,373,243,346,133,126049,75348,2.023744686837425,219,134,15674,15185,14228,8034,19158,26269,48547,36056,33528,24175,284,256,1173,3820,13933,47154,1874,135,594,5642,2276,36,162,354,12706,2816,1208,5094
1035,4166,1035.0138541232172,99517,365,233,346,133,126091,75375,2.024438035712491,211,136,15709,15233,14199,8042,19168,26221,48547,36056,33562,24232,284,255,1167,3819,13899,47221,1873,135,597,5622,2265,36,162,352,12708,2813,1211,5098
1036,4166,1036.1595044299363,99517,358,223,346,133,126147,75413,2.0253825979480893,201,129,15786,15330,14169,8040,19138,26143,48547,36056,33594,24287,284,255,1160,3819,13878,47284,1869,133,598,5600,2256,36,161,352,12705,2812,1226,5089
1037,4166,1037.307194674308,99517,345,239,346,133,126190,75459,2.026276917511581,197,125,15877,15434,14122,8019,19111,26048,48547,36056,33625,24340,283,255,1156,3814,13856,47339,1866,134,598,5572,2250,36,161,352,12712,2814,1229,5090
1038,4166,1038.0733134150332,99517,343,236,346,133,126228,75483,2.0268999266456986,180,132,15936,15475,14088,8015,19105,26007,48547,36056,33655,24391,282,252,1150,3814,13823,47399,1865,135,596,5553,2245,36,160,353,12713,2816,1235,5090
1039,4166,1039.2234134807513,99517,343,233,346,133,126288,75515,2.0278243918124543,182,134,16013,15584,14063,7997,19051,25917,48547,36056,33683,24440,281,252,1149,3808,13804,47462,1862,134,597,5528,2236,36,160,351,12712,2815,1242,5088
1040,4166,1040.3764671692982,99516,354,225,346,134,126348,75555,2.0288496322199445,164,144,16079,15692,14035,8002,19020,25801,48547,36056,33710,24487,281,251,1143,3809,13778,47524,1859,133,599,5512,2228,35,160,351,12702,2817,1250,5084
1041,4166,1041.1463345664004,99516,339,204,346,134,126374,75573,2.0292917721773382,167,150,16122,15747,14015,8014,19009,25749,48547,36056,33736,24532,281,251,1138,3807,13758,47574,1857,133,598,5495,2220,35,159,350,12704,2817,1259,5080
1042,4166,1042.3024135955834,99516,343,202,346,134,126423,75612,2.0301760520921257,167,138,16224,15875,13958,7995,18960,25654,48547,36056,33761,24576,280,251,1135,3805,13725,47642,1855,134,599,5475,2214,35,158,350,12697,2818,1264,5079
1043,4166,1043.0747932581476,99516,329,201,346,134,126452,75636,2.0307086297680774,176,135,16288,15928,13931,7993,18928,25607,48547,36056,33785,24618,278,250,1130,3804,13707,47684,1852,136,599,5459,2210,35,157,351,12701,2818,1270,5075
1044,4166,1044.235729989222,99516,338,205,346,134,126508,75675,2.031663250130632,166,128,16386,16028,13889,7982,18873,25521,48547,36056,33808,24658,278,250,1125,3800,13690,47739,1850,136,601,5438,2202,35,156,351,12699,2818,1273,5075
1045,4166,1045.0115017375972,99516,324,202,346,134,126536,75701,2.0322058764419793,175,125,16445,16082,13869,7977,18839,25478,48547,36056,33830,24697,278,250,1122,3802,13670,47784,1844,136,605,5424,2191,35,155,352,12697,2818,1276,5077
1046,4166,1046.1781896354696,99515,310,210,347,134,126581,75736,2.033030196452796,168,126,16538,16187,13842,7962,18793,25379,48547,36056,33851,24735,278,248,1122,3800,13658,47827,1840,135,608,5409,2186,35,154,353,12692,2816,1283,5071
1047,4166,1047.3480095634457,99515,311,213,347,134,126633,75772,2.0339144852534794,159,118,16642,16299,13808,7955,18731,25279,48547,36056,33871,24771,277,248,1117,3800,13640,47883,1836,135,609,5386,2183,35,154,352,12692,2816,1287,5065
1048,4166,1048.1299491696861,99515,326,203,347,134,126674,75788,2.0344872632266493,144,112,16702,16381,13776,7948,18703,25220,48547,36056,33890,24806,277,248,1115,3795,13626,47922,1835,135,614,5376,2176,35,154,352,12687,2815,1289,5064
1049,4166,1049.3055539990726,99515,329,198,347,134,126717,75823,2.0352710646636187,147,104,16786,16505,13740,7949,18649,25108,48547,36056,33909,24840,276,248,1114,3793,13599,47981,1834,136,613,5363,2169,35,154,350,12680,2813,1295,5062
1050,4166,1050.091108001534,99515,308,197,347,134,126735,75847,2.0356931115912174,159,102,16837,16570,13719,7942,18628,25053,48547,36056,33927,24872,276,248,1112,3787,13586,48019,1832,136,614,5350,2161,35,154,348,12684,2809,1300,5064
1051,4166,1051.271682667317,99515,303,196,347,134,126780,75879,2.0364668642918153,155,107,16941,16673,13689,7925,18563,24963,48547,36056,33944,24903,276,248,1111,3777,13577,48065,1828,136,617,5339,2152,35,154,348,12679,2805,1307,5061
1052,4166,1052.0609991475847,99515,302,211,347,134,126811,75908,2.0370697884740996,152,100,17003,16744,13657,7913,18537,24896,48547,36056,33960,24933,276,248,1110,3775,13558,48099,1826,136,617,5333,2150,35,153,348,12675,2806,1309,5061
1053,4166,1053.2473184446037,99515,291,202,347,134,126862,75931,2.0378133949655832,144,107,17122,16842,13622,7903,18472,24810,48547,36056,33976,24962,276,248,1108,3772,13549,48143,1820,136,620,5318,2140,35,153,347,12673,2803,1318,5056
1054,4166,1054.0404946003503,99515,288,205,347,134,126891,75950,2.0382957343114105,158,108,17184,16909,13582,7891,18439,24751,48547,36056,33991,24990,276,248,1106,3765,13538,48173,1819,135,621,5302,2137,34,153,347,12683,2803,1321,5054
1055,4166,1055.23293342367,99515,285,202,347,134,126940,75988,2.039169974375722,150,96,17278,17007,13555,7898,18383,24661,48547,36056,34006,25017,275,248,1103,3759,13534,48217,1819,136,622,5284,2130,34,153,347,12676,2801,1324,5053
1056,4166,1056.0300932878608,99515,282,200,347,134,126968,76005,2.0396221675124355,151,93,17344,17061,13522,7895,18352,24615,48547,36056,34020,25043,275,248,1100,3753,13526,48241,1819,136,623,5275,2124,34,153,347,12676,2803,1330,5052
1057,4166,1057.228622440178,99515,260,183,347,134,127011,76025,2.0402552379038337,145,104,17437,17172,13504,7901,18305,24504,48547,36056,34033,25068,275,246,1098,3750,13523,48297,1814,136,624,5258,2120,34,153,346,12655,2802,1335,5049
1058,4166,1058.0295854201472,99515,261,187,347,134,127038,76053,2.0408079184042607,148,96,17488,17244,13489,7902,18265,24435,48547,36056,34046,25092,275,246,1096,3750,13512,48330,1812,136,624,5246,2116,34,151,348,12649,2802,1341,5047
1059,4166,1059.2339857694933,99515,276,177,347,134,127089,76081,2.0416017685776016,137,93,17577,17341,13449,7903,18212,24350,48547,36056,34058,25115,275,246,1094,3749,13496,48374,1808,136,628,5234,2111,34,151,348,12642,2801,1344,5044
1060,4166,1060.0391554874968,99515,273,179,347,134,127113,76101,2.042043912977943,134,85,17639,17409,13422,7894,18183,24297,48547,36056,34070,25138,275,246,1092,3750,13484,48398,1804,136,628,5224,2109,34,151,348,12645,2801,1349,5041
1061,4166,1061.2492251115696,99515,263,164,347,134,127158,76120,2.0426870321057127,136,94,17742,17516,13402,7888,18108,24202,48547,36056,34082,25160,273,246,1090,3742,13478,48442,1800,138,630,5211,2107,34,150,348,12639,2798,1353,5036
1062,4166,1062.0588940512168,99515,276,165,347,134,127192,76140,2.0432296638697682,140,90,17808,17583,13351,7878,18076,24148,48547,36056,34093,25181,273,246,1088,3740,13459,48473,1800,138,632,5205,2105,34,149,349,12639,2798,1354,5033
1063,4166,1063.2763345073386,99515,258,153,347,134,127231,76166,2.0438828317339093,146,83,17918,17691,13331,7881,17998,24056,48547,36056,34104,25201,273,246,1087,3736,13443,48519,1797,138,633,5197,2102,34,149,349,12627,2796,1359,5030
1064,4166,1064.0909798585953,99515,264,148,347,134,127262,76181,2.044345073606994,142,79,17975,17790,13312,7867,17958,23980,48547,36056,34114,25221,273,245,1086,3732,13438,48543,1796,138,633,5188,2098,34,149,349,12629,2792,1362,5030
1065,4166,1065.3142721528945,99515,257,154,347,134,127305,76213,2.0450987288348492,131,79,18061,17921,13298,7850,17904,23860,48547,36056,34124,25240,273,243,1084,3732,13430,48585,1792,138,634,5174,2096,34,149,349,12622,2787,1365,5028
1066,4166,1066.1270261417963,99515,247,139,347,134,127327,76224,2.0454303371351052,142,82,18106,17998,13281,7843,17875,23802,48547,36056,34134,25258,273,243,1081,3733,13417,48619,1790,138,634,5165,2095,34,149,348,12617,2786,1369,5024
1067,4166,1067.3418749347866,99515,249,135,347,134,127375,76241,2.0460835049992463,127,95,18207,18080,13254,7832,17814,23722,48547,36056,34143,25276,273,241,1081,3729,13414,48645,1789,138,637,5154,2089,34,148,348,12616,2783,1372,5024
1068,4166,1068.148351758389,99515,246,125,347,134,127398,76257,2.046475405717731,131,99,18270,18141,13230,7836,17774,23663,48547,36056,34152,25293,273,241,1081,3728,13402,48676,1786,138,638,5144,2087,34,148,347,12614,2781,1374,5023
1069,4166,1069.3527664434969,99515,246,129,347,134,127439,76285,2.047168768527358,130,86,18360,18238,13198,7831,17717,23580,48547,36056,34161,25310,273,241,1077,3722,13398,48709,1785,138,641,5136,2082,33,147,347,12609,2782,1374,5021
1070,4166,1070.1524456565496,99515,226,138,347,134,127456,76311,2.047600864191328,133,70,18432,18310,13180,7822,17680,23524,48547,36056,34169,25326,272,241,1075,3722,13385,48740,1782,139,640,5129,2081,33,146,348,12606,2781,1375,5020
1071,4166,1071.346737935837,99515,228,123,347,134,127493,76326,2.048123398482641,131,77,18522,18425,13145,7811,17625,23428,48547,36056,34177,25342,272,241,1071,3718,13383,48770,1781,139,640,5120,2077,33,146,348,12598,2780,1377,5021
1072,4166,1072.1393778028855,99514,218,125,348,134,127521,76344,2.0486062262596216,117,71,18593,18500,13122,7801,17600,23367,48547,36056,34185,25357,272,241,1071,3714,13373,48795,1781,139,639,5112,2073,32,146,348,12597,2779,1382,5020
1073,4166,1073.323767003694,99514,219,128,348,134,127560,76369,2.049249351849991,112,65,18692,18606,13088,7789,17539,23276,48547,36056,34192,25372,272,241,1069,3710,13367,48825,1780,138,641,5102,2069,32,146,347,12593,2778,1385,5019
1074,4166,1074.1100717094107,99514,223,125,348,134,127586,76383,2.0496513053439718,110,65,18766,18658,13050,7785,17501,23231,48547,36056,34199,25386,272,241,1068,3707,13357,48848,1779,138,639,5096,2068,32,146,347,12593,2777,1387,5019
1075,4166,1075.2835251216002,99514,219,128,348,134,127616,76402,2.050143698374098,116,68,18854,18764,13021,7771,17440,23133,48547,36056,34206,25400,271,241,1066,3706,13342,48874,1778,139,638,5094,2067,32,146,346,12590,2776,1392,5016
1076,4166,1076.062679071496,99514,229,122,348,134,127649,76410,2.0505557007054285,106,76,18903,18829,13006,7758,17406,23079,48547,36056,34213,25413,271,241,1066,3703,13332,48895,1777,139,640,5088,2063,32,146,345,12590,2776,1396,5014
1077,4166,1077.2276225736546,99514,221,120,348,134,127679,76435,2.051108386759652,113,78,18997,18932,12964,7741,17355,22993,48547,36056,34220,25426,269,240,1065,3699,13326,48925,1777,141,640,5078,2061,32,146,345,12584,2775,1404,5007
1078,4166,1078.001109099477,99514,213,120,348,134,127696,76447,2.051399803042788,114,80,19062,18988,12937,7739,17324,22937,48547,36056,34226,25439,269,240,1063,3695,13320,48943,1776,141,640,5075,2057,31,146,345,12582,2777,1409,5005
1079,4166,1079.1563736652972,99514,209,129,348,134,127721,76475,2.0519323914223127,118,65,19146,19075,12911,7728,17266,22867,48547,36056,34232,25451,269,240,1063,3692,13307,48977,1775,141,639,5067,2056,31,146,345,12576,2776,1411,5003
1080,4166,1080.3065520272262,99514,214,131,348,134,127757,76495,2.0524951263138855,114,62,19248,19188,12865,7716,17209,22767,48547,36056,34238,25463,269,238,1062,3691,13295,49000,1774,141,641,5060,2054,31,146,345,12577,2777,1414,4999
1081,4166,1081.069952340802,99514,216,134,348,134,127783,76510,2.0529071286452156,109,53,19314,19241,12852,7712,17159,22724,48547,36056,34244,25474,269,238,1062,3693,13287,49018,1771,141,641,5054,2054,31,146,345,12575,2776,1415,4998
1082,4166,1082.2101475545091,99514,194,121,348,134,127805,76520,2.0532286914404003,113,57,19413,19369,12844,7697,17086,22620,48547,36056,34250,25485,269,238,1060,3691,13269,49054,1770,141,640,5050,2053,30,146,345,12568,2776,1421,4993
1083,4166,1083.3446980214796,99514,197,124,348,134,127840,76539,2.0537713286572745,106,57,19494,19450,12807,7689,17046,22544,48547,36056,34255,25496,269,238,1059,3688,13263,49079,1768,141,639,5046,2053,30,146,344,12562,2776,1422,4991
1084,4166,1084.0986123366758,99514,193,126,348,134,127861,76553,2.0541230379645077,113,54,19559,19535,12784,7675,17001,22474,48547,36056,34260,25506,269,238,1059,3689,13258,49095,1764,141,637,5042,2053,30,146,344,12561,2775,1427,4986
1085,4166,1085.2247437060234,99514,186,138,348,134,127891,76573,2.0546254798319836,103,57,19677,19636,12759,7655,16925,22378,48547,36056,34265,25516,269,237,1059,3688,13255,49115,1761,140,637,5036,2051,30,146,344,12559,2773,1427,4987
1086,4166,1086.3442678610934,99514,198,137,348,134,127924,76590,2.0551279216994596,99,62,19772,19738,12711,7642,16870,22285,48547,36056,34270,25526,269,237,1059,3686,13251,49135,1761,140,638,5027,2049,30,146,343,12557,2771,1432,4983
1087,4166,1087.0875690857767,99514,187,134,348,134,127939,76599,2.0553690937958478,101,63,19813,19805,12701,7631,16848,22231,48547,36056,34275,25536,268,237,1059,3688,13239,49156,1759,140,638,5025,2047,30,146,343,12552,2771,1433,4983
1088,4166,1088.1993359454013,99514,179,133,348,134,127965,76617,2.0558112426392268,107,68,19892,19881,12678,7624,16794,22158,48547,36056,34280,25545,268,237,1058,3688,13233,49181,1756,140,639,5017,2045,30,146,342,12548,2771,1435,4980
1089,4166,1089.3067953251111,99514,192,126,348,134,128003,76634,2.0563639286934503,94,70,19991,19975,12635,7614,16738,22079,48547,36056,34284,25554,268,237,1058,3685,13226,49206,1756,140,638,5013,2044,30,146,342,12539,2769,1442,4975
1090,4166,1090.0420344746979,99514,192,129,348,134,128020,76648,2.056675442651285,98,68,20057,20029,12598,7605,16705,22033,48547,36056,34288,25563,268,237,1057,3686,13217,49223,1755,139,639,5012,2042,30,146,342,12535,2769,1442,4975
1091,4166,1091.1407628269747,99514,179,134,348,134,128047,76668,2.0571477380067127,98,70,20144,20126,12581,7587,16648,21947,48547,36056,34292,25571,268,237,1057,3683,13210,49249,1755,139,638,5006,2042,30,146,342,12527,2769,1445,4971
1092,4166,1092.2346775734118,99513,173,135,349,134,128065,76685,2.057520122999005,105,69,20232,20234,12556,7569,16583,21857,48547,36056,34296,25579,268,236,1055,3683,13204,49270,1754,139,638,5002,2042,30,146,342,12518,2771,1447,4968
1093,4166,1093.3236375644994,99513,183,129,349,134,128097,76699,2.0579823741621697,106,69,20317,20339,12513,7552,16530,21775,48547,36056,34300,25587,268,236,1055,3684,13198,49295,1751,139,638,4995,2041,30,146,342,12511,2771,1449,4964
1094,4166,1094.046965204478,99513,185,120,349,134,128120,76707,2.0582938912503894,94,73,20370,20401,12502,7549,16498,21721,48547,36056,34304,25595,268,236,1055,3686,13193,49309,1749,139,639,4992,2040,29,146,342,12506,2771,1451,4962
