,indexID,time,N,Inf_L,Inf_H,Dead_L,Dead_H,cum_cases_L,cum_cases_H,cum_sum_per_N,Exposed_L,Exposed_H,Sus_L,Sus_H,Rec_nat_L,Rec_nat_H,Rec_vax_L,Rec_vax_H,vaccinatedH,vaccinatedL,boostedH,boostedL,count_Naive,count_Delta,count_Delta_vaccine,count_two,count_three,count_four,count_Omicron,count_Omicron_star,count_Omicron_star_vaccine,count_Omicron_vaccine,count_Vaccine,count_WT,count_WT_vaccine,count_WT_vaccine_boost,count_Omicron_vaccine_boost,count_Delta_vaccine_boost,count_Omicron_star_vaccine_boost,count_Vaccine_boost
0,5624,1.035242176055592,99996,3,10,0,0,4,10,0.00014000560022400896,22,16,49972,49972,1,0,0,0,0,0,0,0,99995,0,0,0,0,0,0,0,0,0,0,1,0,0,0,0,0,0
1,5624,2.0985570625706873,99996,11,12,0,0,12,14,0.00026001040041601667,16,13,49970,49971,1,2,0,0,0,0,0,0,99993,0,0,0,0,0,0,0,0,0,0,3,0,0,0,0,0,0
2,5624,3.0383060872915006,99996,15,12,0,0,18,17,0.0003500140005600224,12,11,49968,49970,3,5,0,0,0,0,0,0,99988,0,0,0,0,0,0,0,0,0,0,8,0,0,0,0,0,0
3,5624,4.03472128787872,99996,16,12,0,0,19,19,0.0003800152006080243,15,12,49964,49967,3,7,0,0,0,0,0,0,99986,0,0,0,0,0,0,0,0,0,0,10,0,0,0,0,0,0
4,5624,5.001358308140428,99996,16,15,0,0,21,23,0.00044001760070402814,15,9,49962,49966,5,8,0,0,0,0,0,0,99983,0,0,0,0,0,0,0,0,0,0,13,0,0,0,0,0,0
5,5624,6.014319847893169,99996,18,14,0,0,25,24,0.0004900196007840313,14,12,49959,49962,7,10,0,0,0,0,0,0,99979,0,0,0,0,0,0,0,0,0,0,17,0,0,0,0,0,0
6,5624,7.034999428709019,99996,23,16,0,0,32,27,0.0005900236009440378,14,9,49952,49962,9,11,0,0,0,0,0,0,99976,0,0,0,0,0,0,0,0,0,0,20,0,0,0,0,0,0
7,5624,8.003494861481125,99996,23,13,0,0,35,28,0.0006300252010080403,14,9,49950,49961,11,15,0,0,0,0,0,0,99969,0,0,0,0,0,0,0,0,0,0,27,0,0,0,0,0,0
8,5624,9.005410302999003,99996,21,10,0,0,37,29,0.0006600264010560422,15,10,49947,49959,15,19,0,0,0,0,0,0,99961,0,0,0,0,0,0,0,0,0,0,35,0,0,0,0,0,0
9,5624,10.10707167841077,99996,24,10,0,0,44,30,0.0007400296011840473,14,11,49941,49957,19,20,0,0,0,0,0,0,99956,0,0,0,0,0,0,0,0,0,0,40,0,0,0,0,0,0
10,5624,11.031643109389885,99996,21,10,0,0,47,31,0.00078003120124805,14,11,49938,49957,25,20,0,0,0,0,0,0,99949,0,0,0,0,0,0,0,0,0,0,47,0,0,0,0,0,0
11,5624,12.05706359946106,99996,21,12,0,0,50,34,0.0008400336013440538,15,10,49934,49955,28,21,0,0,0,0,0,0,99945,0,0,0,0,0,0,0,0,0,0,51,0,0,0,0,0,0
12,5624,13.066655104379151,99996,26,15,0,0,57,38,0.0009500380015200608,12,9,49931,49952,29,22,0,0,0,0,0,0,99942,0,0,0,0,0,0,0,0,0,0,54,0,0,0,0,0,0
13,5624,14.12305404708804,99996,25,17,0,0,60,43,0.0010300412016480659,12,7,49928,49949,33,25,0,0,0,0,0,0,99935,0,0,0,0,0,0,0,0,0,0,61,0,0,0,0,0,0
14,5624,15.092142094746368,99996,23,17,0,0,61,45,0.0010600424016960679,14,8,49925,49946,36,27,0,0,0,0,0,0,99930,0,0,0,0,0,0,0,0,0,0,66,0,0,0,0,0,0
15,5624,16.01983257047542,99996,25,17,0,0,65,46,0.001110044401776071,11,8,49924,49945,38,28,0,0,0,0,0,0,99927,0,0,0,0,0,0,0,0,0,0,69,0,0,0,0,0,0
16,5624,17.01343585457913,99996,20,18,0,0,67,47,0.001140045601824073,14,8,49919,49944,45,28,0,0,0,0,0,0,99920,0,0,0,0,0,0,0,0,0,0,76,0,0,0,0,0,0
17,5624,18.26121283644848,99996,23,19,0,0,72,50,0.0012200488019520781,17,8,49911,49941,47,30,0,0,0,0,0,0,99916,0,0,0,0,0,0,0,0,0,0,80,0,0,0,0,0,0
18,5624,19.135673631606597,99996,18,20,0,0,74,52,0.0012600504020160806,19,8,49907,49939,54,31,0,0,0,0,0,0,99908,0,0,0,0,0,0,0,0,0,0,88,0,0,0,0,0,0
19,5624,20.058862615642393,99996,18,17,0,0,80,54,0.0013400536021440858,20,6,49900,49939,60,36,0,0,0,0,0,0,99897,0,0,0,0,0,0,0,0,0,0,99,0,0,0,0,0,0
20,5624,21.18606055550395,99996,23,17,0,0,87,56,0.0014300572022880914,15,5,49898,49938,62,38,0,0,0,0,0,0,99893,0,0,0,0,0,0,0,0,0,0,103,0,0,0,0,0,0
21,5624,22.125568116662112,99996,24,15,0,0,90,56,0.0014600584023360934,16,6,49894,49937,64,40,0,0,0,0,0,0,99889,0,0,0,0,0,0,0,0,0,0,107,0,0,0,0,0,0
22,5624,23.03304369379021,99996,20,12,0,0,92,57,0.0014900596023840955,22,8,49887,49934,69,44,0,0,0,0,0,0,99879,0,0,0,0,0,0,0,0,0,0,117,0,0,0,0,0,0
23,5624,24.01653754127408,99996,21,14,0,0,95,59,0.0015400616024640985,21,8,49885,49932,71,44,0,0,0,0,0,0,99877,0,0,0,0,0,0,0,0,0,0,119,0,0,0,0,0,0
24,5624,25.013923064395392,99996,18,13,0,0,98,62,0.0016000640025601023,21,5,49882,49932,77,48,0,0,0,0,0,0,99867,0,0,0,0,0,0,0,0,0,0,129,0,0,0,0,0,0
25,5624,26.026305351352914,99996,20,13,0,0,102,65,0.001670066802672107,23,6,49876,49928,79,51,0,0,0,0,0,0,99862,0,0,0,0,0,0,0,0,0,0,134,0,0,0,0,0,0
26,5624,27.14978318614918,99996,27,12,0,0,109,67,0.0017600704028161126,19,4,49873,49928,79,54,0,0,0,0,0,0,99859,0,0,0,0,0,0,0,0,0,0,137,0,0,0,0,0,0
27,5624,28.090133640421932,99996,30,12,0,0,116,67,0.0018300732029281172,16,5,49871,49927,81,54,0,0,0,0,0,0,99855,0,0,0,0,0,0,0,0,0,0,141,0,0,0,0,0,0
28,5624,29.011839777030264,99996,30,14,0,0,120,70,0.0019000760030401216,15,2,49868,49927,85,55,0,0,0,0,0,0,99850,0,0,0,0,0,0,0,0,0,0,146,0,0,0,0,0,0
29,5624,30.00201419005769,99996,31,12,0,0,123,71,0.0019400776031041243,18,3,49863,49925,86,58,0,0,0,0,0,0,99845,0,0,0,0,0,0,0,0,0,0,151,0,0,0,0,0,0
30,5624,31.237383658567477,99996,30,6,0,0,129,71,0.002000080003200128,16,5,49860,49923,92,64,0,0,0,0,0,0,99832,0,0,0,0,0,0,0,0,0,0,164,0,0,0,0,0,0
31,5624,32.21002133823117,99996,33,5,0,0,133,71,0.0020400816032641305,17,6,49856,49922,92,65,0,0,0,0,0,0,99830,0,0,0,0,0,0,0,0,0,0,166,0,0,0,0,0,0
32,5624,33.106204101211226,99996,35,6,0,0,137,73,0.0021000840033601345,16,5,49853,49921,94,66,0,0,0,0,0,0,99827,0,0,0,0,0,0,0,0,0,0,169,0,0,0,0,0,0
33,5624,34.1184468664542,99996,39,6,0,0,144,74,0.0021800872034881394,12,6,49850,49919,97,67,0,0,0,0,0,0,99823,0,0,0,0,0,0,0,0,0,0,173,0,0,0,0,0,0
34,5624,35.115652136073685,99996,34,4,0,0,149,74,0.0022300892035681426,11,8,49847,49917,106,69,0,0,0,0,0,0,99811,0,0,0,0,0,0,0,0,0,0,185,0,0,0,0,0,0
35,5624,36.215863243901104,99996,33,4,0,0,151,74,0.0022500900036001442,12,9,49845,49916,108,69,0,0,0,0,0,0,99808,0,0,0,0,0,0,0,0,0,0,188,0,0,0,0,0,0
36,5624,37.32444255224395,99996,32,3,0,0,154,75,0.0022900916036641466,14,11,49840,49913,112,71,0,0,0,0,0,0,99802,0,0,0,0,0,0,0,0,0,0,194,0,0,0,0,0,0
37,5624,38.022414051687704,99996,33,7,0,0,158,79,0.002370094803792152,13,8,49837,49912,115,71,0,0,0,0,0,0,99799,0,0,0,0,0,0,0,0,0,0,197,0,0,0,0,0,0
38,5624,39.17524898218349,99996,31,8,0,0,160,81,0.0024100964038561543,14,7,49834,49911,119,72,0,0,0,0,0,0,99794,0,0,0,0,0,0,0,0,0,0,202,0,0,0,0,0,0
39,5624,40.27892859029658,99996,25,8,0,0,164,81,0.0024500980039201567,14,9,49830,49909,129,72,0,0,0,0,0,0,99784,0,0,0,0,0,0,0,0,0,0,212,0,0,0,0,0,0
40,5624,41.06805929032775,99996,25,7,0,0,167,82,0.0024900996039841595,15,8,49826,49909,132,74,0,0,0,0,0,0,99779,0,0,0,0,0,0,0,0,0,0,217,0,0,0,0,0,0
41,5624,42.06203144607568,99996,26,6,0,0,171,82,0.002530101204048162,17,9,49821,49908,134,75,0,0,0,0,0,0,99775,0,0,0,0,0,0,0,0,0,0,221,0,0,0,0,0,0
42,5624,43.021653091706064,99996,26,5,0,0,176,82,0.002580103204128165,17,10,49816,49908,139,75,0,0,0,0,0,0,99769,0,0,0,0,0,0,0,0,0,0,227,0,0,0,0,0,0
43,5624,44.04611240132314,99996,32,7,0,0,183,84,0.0026701068042721708,13,9,49813,49908,140,74,0,0,0,0,0,0,99768,0,0,0,0,0,0,0,0,0,0,228,0,0,0,0,0,0
44,5624,45.149425306014074,99996,31,9,0,0,186,87,0.002730109204368175,16,6,49807,49909,144,74,0,0,0,0,0,0,99763,0,0,0,0,0,0,0,0,0,0,233,0,0,0,0,0,0
45,5624,46.31609544735658,99996,32,8,0,0,189,88,0.0027701108044321772,17,7,49803,49907,146,76,0,0,0,0,0,0,99759,0,0,0,0,0,0,0,0,0,0,237,0,0,0,0,0,0
46,5624,47.01141999831741,99996,30,8,0,0,191,89,0.0028001120044801792,18,9,49800,49905,150,76,0,0,0,0,0,0,99754,0,0,0,0,0,0,0,0,0,0,242,0,0,0,0,0,0
47,5624,48.01013414057065,99996,28,11,0,0,194,94,0.0028801152046081845,17,7,49799,49902,154,78,0,0,0,0,0,0,99747,0,0,0,0,0,0,0,0,0,0,249,0,0,0,0,0,0
48,5624,49.02205345613236,99996,30,14,0,0,197,98,0.002950118004720189,19,5,49794,49900,155,79,0,0,0,0,0,0,99745,0,0,0,0,0,0,0,0,0,0,251,0,0,0,0,0,0
49,5624,50.147675551797946,99996,30,17,0,0,202,101,0.0030301212048481937,18,5,49790,49897,160,79,0,0,0,0,0,0,99740,0,0,0,0,0,0,0,0,0,0,256,0,0,0,0,0,0
50,5624,51.00030226110823,99996,28,15,0,0,204,102,0.0030601224048961958,23,5,49783,49896,164,82,0,0,0,0,0,0,99733,0,0,0,0,0,0,0,0,0,0,263,0,0,0,0,0,0
51,5624,52.032086323452326,99996,26,15,0,0,207,103,0.0031001240049601986,25,6,49778,49894,169,83,0,0,0,0,0,0,99727,0,0,0,0,0,0,0,0,0,0,269,0,0,0,0,0,0
52,5624,53.2167991501916,99996,28,13,0,0,214,105,0.0031901276051042042,23,7,49773,49891,174,87,0,0,0,0,0,0,99718,0,0,0,0,0,0,0,0,0,0,278,0,0,0,0,0,0
53,5624,54.197760525069285,99996,28,15,0,0,220,107,0.0032701308052322095,22,6,49768,49890,180,87,0,0,0,0,0,0,99712,0,0,0,0,0,0,0,0,0,0,284,0,0,0,0,0,0
54,5624,55.08460862292575,99996,28,12,0,0,225,107,0.0033201328053122127,19,7,49766,49889,185,90,0,0,0,0,0,0,99704,0,0,0,0,0,0,0,0,0,0,292,0,0,0,0,0,0
55,5624,56.22056128564585,99996,26,10,0,0,230,109,0.003390135605424217,22,10,49760,49885,190,93,0,0,0,0,0,0,99693,0,0,0,0,0,0,0,0,0,0,303,0,0,0,0,0,0
56,5624,57.190398834511065,99996,30,10,0,0,239,109,0.0034801392055682227,18,11,49755,49885,195,92,0,0,0,0,0,0,99688,0,0,0,0,0,0,0,0,0,0,308,0,0,0,0,0,0
57,5624,58.00839130576195,99996,29,12,0,0,241,111,0.003520140805632225,17,9,49754,49885,198,92,0,0,0,0,0,0,99685,0,0,0,0,0,0,0,0,0,0,311,0,0,0,0,0,0
58,5624,59.002198984671224,99996,26,14,0,0,245,114,0.0035901436057442296,16,6,49752,49885,204,93,0,0,0,0,0,0,99677,0,0,0,0,0,0,0,0,0,0,319,0,0,0,0,0,0
59,5624,60.12353502446392,99996,30,12,0,0,253,117,0.003700148005920237,14,6,49747,49883,207,97,0,0,0,0,0,0,99668,0,0,0,0,0,0,0,0,0,0,328,0,0,0,0,0,0
60,5624,61.15200875225975,99996,29,13,0,0,258,118,0.0037601504060162405,11,8,49745,49880,213,97,0,0,0,0,0,0,99662,0,0,0,0,0,0,0,0,0,0,334,0,0,0,0,0,0
61,5624,62.14947000955589,99996,27,12,0,0,261,119,0.0038001520060802433,15,14,49741,49873,215,99,0,0,0,0,0,0,99655,0,0,0,0,0,0,0,0,0,0,341,0,0,0,0,0,0
62,5624,63.146889296907304,99996,29,16,0,0,266,123,0.003890155606224249,14,12,49740,49871,215,99,0,0,0,0,0,0,99652,0,0,0,0,0,0,0,0,0,0,344,0,0,0,0,0,0
63,5624,64.1671838346557,99996,29,18,0,0,270,126,0.003960158406336254,17,9,49733,49871,219,100,0,0,0,0,0,0,99647,0,0,0,0,0,0,0,0,0,0,349,0,0,0,0,0,0
64,5624,65.16682341081987,99996,29,20,0,0,274,130,0.004040161606464259,17,7,49730,49869,222,102,0,0,0,0,0,0,99641,0,0,0,0,0,0,0,0,0,0,355,0,0,0,0,0,0
65,5624,66.09524543878962,99996,28,20,0,0,280,131,0.0041101644065762635,25,7,49717,49870,228,101,0,0,0,0,0,0,99633,0,0,0,0,0,0,0,0,0,0,363,0,0,0,0,0,0
66,5624,67.2991433265913,99996,34,18,0,0,290,132,0.00422016880675227,18,9,49715,49867,231,104,0,0,0,0,0,0,99626,0,0,0,0,0,0,0,0,0,0,370,0,0,0,0,0,0
67,5624,68.07850114814275,99996,32,17,0,0,292,134,0.004260170406816272,18,10,49716,49864,232,107,0,0,0,0,0,0,99619,0,0,0,0,0,0,0,0,0,0,377,0,0,0,0,0,0
68,5624,69.10226229798131,99996,31,18,0,0,296,136,0.004320172806912276,20,12,49710,49861,237,107,0,0,0,0,0,0,99613,0,0,0,0,0,0,0,0,0,0,383,0,0,0,0,0,0
69,5624,70.0946079269187,99996,31,17,0,0,300,138,0.00438017520700828,21,14,49706,49857,240,110,0,0,0,0,0,0,99607,0,0,1,0,0,0,0,0,0,0,388,0,0,0,0,0,0
70,5624,71.1127676863962,99996,31,22,0,0,303,143,0.004460178407136285,22,13,49702,49854,243,109,0,0,0,0,0,0,99604,0,0,1,0,0,0,0,0,0,0,391,0,0,0,0,0,0
71,5624,72.2287989072755,99996,28,20,0,0,310,146,0.004560182407296292,23,12,49695,49852,252,114,0,0,0,0,0,0,99589,0,0,1,0,0,0,0,0,0,0,406,0,0,0,0,0,0
72,5624,73.01934513860361,99996,29,21,0,0,315,149,0.004640185607424297,20,12,49693,49849,256,116,0,0,0,0,0,0,99583,0,0,1,0,0,0,0,0,0,0,412,0,0,0,0,0,0
73,5624,74.12066458722003,99996,28,21,0,0,317,152,0.0046901876075043005,28,14,49684,49844,258,119,0,0,0,0,0,0,99577,0,0,1,0,0,0,0,0,0,0,418,0,0,0,0,0,0
74,5624,75.09807468773121,99996,31,20,0,0,324,157,0.004810192407696308,28,13,49679,49840,260,125,0,0,0,0,0,0,99567,0,0,1,0,0,0,0,0,0,0,428,0,0,0,0,0,0
75,5624,76.03040956614028,99996,31,19,0,0,326,158,0.00484019360774431,27,15,49679,49837,261,127,0,0,0,0,0,0,99563,0,0,1,0,0,0,0,0,0,0,432,0,0,0,0,0,0
76,5624,77.17543374516181,99996,34,24,0,0,337,166,0.005030201208048322,22,13,49674,49832,268,129,0,0,0,0,0,0,99552,0,0,1,0,0,0,0,0,0,0,443,0,0,0,0,0,0
77,5624,78.29154010608036,99996,36,23,0,0,345,168,0.005130205208208329,21,19,49667,49825,274,131,0,0,0,0,0,0,99543,0,0,1,0,0,0,0,0,0,0,452,0,0,0,0,0,0
78,5624,79.12720990563946,99996,36,24,0,0,348,171,0.005190207608304332,23,17,49662,49824,277,133,0,0,0,0,0,0,99538,0,0,1,0,0,0,0,0,0,0,457,0,0,0,0,0,0
79,5624,80.13518855016413,99996,39,25,0,0,355,175,0.005300212008480339,21,19,49659,49818,279,136,0,0,0,0,0,0,99531,0,0,1,0,0,0,0,0,0,0,464,0,0,0,0,0,0
80,5624,81.08331894235337,99996,42,24,0,0,360,180,0.005400216008640346,28,17,49648,49818,280,139,0,0,0,0,0,0,99523,0,0,1,0,0,0,0,0,0,0,472,0,0,0,0,0,0
81,5624,82.13020351199182,99996,41,22,0,0,366,184,0.005500220008800352,29,15,49642,49817,286,144,0,0,0,0,0,0,99510,0,0,1,0,0,0,0,0,0,0,485,0,0,0,0,0,0
82,5624,83.15326680560638,99996,40,22,0,0,376,189,0.005650226009040362,29,19,49634,49809,295,148,0,0,0,0,0,0,99494,0,0,1,0,0,0,0,0,0,0,501,0,0,0,0,0,0
83,5624,84.07638615579782,99996,45,24,0,0,384,192,0.005760230409216369,25,19,49631,49806,297,149,0,0,0,0,0,0,99490,0,0,1,0,0,0,0,0,0,0,505,0,0,0,0,0,0
84,5624,85.07084137222249,99996,45,28,0,0,391,197,0.005880235209408376,20,19,49631,49802,302,149,0,0,0,0,0,0,99483,0,0,2,0,0,0,0,0,0,0,511,0,0,0,0,0,0
85,5624,86.05052902092511,99996,47,26,0,0,398,200,0.005980239209568383,19,21,49626,49797,306,154,0,0,0,0,0,0,99473,0,0,2,0,0,0,0,0,0,0,521,0,0,0,0,0,0
86,5624,87.04727170756901,99996,45,24,0,0,405,205,0.006100244009760391,27,20,49614,49794,312,160,0,0,0,0,0,0,99457,0,0,2,0,0,0,0,0,0,0,537,0,0,0,0,0,0
87,5624,88.22104089158415,99996,44,22,0,0,412,209,0.006210248409936397,30,19,49605,49791,319,166,0,0,0,0,0,0,99443,0,0,2,0,0,0,0,0,0,0,551,0,0,0,0,0,0
88,5624,89.06152890516444,99996,44,20,0,0,414,210,0.0062402496099844,31,19,49602,49790,321,169,0,0,0,0,0,0,99438,0,0,2,0,0,0,0,0,0,0,556,0,0,0,0,0,0
89,5624,90.00989800848778,99996,43,18,0,0,419,213,0.006320252810112404,35,18,49594,49788,326,174,0,0,0,0,0,0,99427,0,0,2,0,0,0,0,0,0,0,567,0,0,0,0,0,0
90,5624,91.27215533317423,99996,49,19,0,0,431,219,0.006500260010400416,33,19,49588,49782,328,178,0,0,0,0,0,0,99416,0,0,2,0,0,0,0,0,0,0,578,0,0,0,0,0,0
91,5624,92.32624606658457,99995,49,25,1,0,439,226,0.006650332516625832,39,18,49574,49776,335,179,0,0,0,0,0,0,99407,0,0,2,0,0,0,0,0,0,0,586,0,0,0,0,0,0
92,5624,93.10658162011221,99995,54,29,1,0,448,231,0.006790339516975849,37,22,49567,49767,339,180,0,0,0,0,0,0,99402,0,0,2,0,0,0,0,0,0,0,591,0,0,0,0,0,0
93,5624,94.10214317747699,99995,56,28,1,0,462,235,0.006970348517425872,31,23,49559,49762,351,185,0,0,0,0,0,0,99385,0,0,2,0,0,0,0,0,0,0,608,0,0,0,0,0,0
94,5624,95.0978929962392,99995,51,27,1,0,469,240,0.007090354517725887,32,23,49551,49757,363,191,0,0,0,0,0,0,99367,0,0,2,0,0,0,0,0,0,0,626,0,0,0,0,0,0
95,5624,96.09383604773586,99995,57,24,1,0,480,242,0.007220361018050903,27,22,49546,49757,367,195,0,0,0,0,0,0,99357,0,0,2,0,0,0,0,0,0,0,636,0,0,0,0,0,0
96,5624,97.10389786776558,99995,57,24,1,0,484,248,0.007320366018300915,31,21,49538,49754,371,199,0,0,0,0,0,0,99347,0,0,2,0,0,0,0,0,0,0,646,0,0,0,0,0,0
97,5624,98.31726618265489,99995,49,24,1,0,490,253,0.007430371518575929,30,19,49534,49751,384,204,0,0,0,0,0,0,99328,0,0,2,0,0,0,0,0,0,0,665,0,0,0,0,0,0
98,5624,99.15636254905546,99995,50,28,1,0,497,259,0.0075603780189009455,31,17,49526,49747,390,206,0,0,0,0,0,0,99320,0,0,2,0,0,0,0,0,0,0,673,0,0,0,0,0,0
99,5624,100.12880692056535,99995,45,26,1,0,501,261,0.0076203810190509525,31,18,49524,49745,397,209,0,0,0,0,0,0,99307,0,0,2,0,0,0,0,0,0,0,686,0,0,0,0,0,0
100,5624,101.119449732453,99995,47,29,1,0,510,267,0.0077703885194259715,32,16,49515,49741,403,212,0,0,0,0,0,0,99297,0,0,2,0,0,0,0,0,0,0,696,0,0,0,0,0,0
101,5624,102.10858024655316,99995,43,27,1,0,516,271,0.007870393519675984,37,18,49506,49736,411,217,0,0,0,0,0,0,99281,0,0,2,0,0,0,0,0,0,0,712,0,0,0,0,0,0
102,5624,103.2309534291354,99995,49,26,1,0,523,277,0.008000400020001,39,13,49497,49735,412,224,0,0,0,0,0,0,99273,0,0,2,0,0,0,0,0,0,0,720,0,0,0,0,0,0
103,5624,104.02248537202011,99995,49,25,1,0,529,280,0.00809040452022601,41,16,49492,49730,415,227,0,0,0,0,0,0,99263,0,0,2,0,0,0,0,0,0,0,730,0,0,0,0,0,0
104,5624,105.01288052940623,99995,58,24,1,0,542,283,0.00825041252062603,31,17,49491,49726,417,231,0,0,0,0,0,0,99255,0,0,2,0,0,0,0,0,0,0,738,0,0,0,0,0,0
105,5624,106.06265057610604,99995,57,19,1,0,551,285,0.008360418020901044,33,20,49482,49722,425,237,0,0,0,0,0,0,99238,0,0,2,0,0,0,0,0,0,0,755,0,0,0,0,0,0
106,5624,107.10614827670626,99995,58,20,1,0,559,290,0.00849042452122606,34,17,49474,49721,431,240,0,0,0,0,0,0,99227,0,0,2,0,0,0,0,0,0,0,766,0,0,0,0,0,0
107,5624,108.0081150295183,99995,54,23,1,0,563,294,0.00857042852142607,36,13,49468,49721,439,241,0,0,0,0,0,0,99218,0,0,2,0,0,0,0,0,0,0,775,0,0,0,0,0,0
108,5624,109.17883121723827,99995,58,24,1,0,575,298,0.008730436521826092,36,16,49458,49714,445,244,0,0,0,0,0,0,99207,0,0,2,0,0,0,0,0,0,0,786,0,0,0,0,0,0
109,5624,110.19723890842202,99995,63,25,1,0,588,301,0.008890444522226112,34,18,49448,49709,452,246,0,0,0,0,0,0,99197,0,0,2,0,0,0,0,0,0,0,796,0,0,0,0,0,0
110,5624,111.21655167768654,99995,60,26,1,0,595,305,0.009000450022501124,35,22,49441,49705,461,245,0,0,0,0,0,0,99184,0,0,2,0,0,0,0,0,0,0,809,0,0,0,0,0,0
111,5624,112.2146228528067,99995,62,27,1,0,604,311,0.009150457522876144,36,20,49432,49701,467,250,0,0,0,0,0,0,99172,0,0,2,0,0,0,0,0,0,0,821,0,0,0,0,0,0
112,5624,113.22068429690671,99995,66,29,1,0,613,314,0.009270463523176158,32,18,49429,49700,470,251,0,0,0,0,0,0,99166,0,0,2,0,0,0,0,0,0,0,827,0,0,0,0,0,0
113,5624,114.03130279191267,99995,69,33,1,0,625,325,0.009500475023751188,28,19,49422,49689,478,257,0,0,0,0,0,0,99150,0,0,2,0,0,0,0,0,0,0,843,0,0,0,0,0,0
114,5624,115.09468049652963,99995,70,37,1,0,635,330,0.009650482524126206,29,17,49414,49686,484,258,0,0,0,0,0,0,99140,0,0,2,0,0,0,0,0,0,0,853,0,0,0,0,0,0
115,5624,116.26719505828582,99995,67,34,1,0,643,334,0.009770488524426222,33,19,49403,49681,494,264,0,0,0,0,0,0,99122,0,0,2,0,0,0,0,0,0,0,871,0,0,0,0,0,0
116,5624,117.30237085983941,99995,64,32,1,0,653,340,0.009930496524826242,36,18,49396,49677,501,271,0,0,0,0,0,0,99101,0,0,2,0,0,0,0,0,0,0,892,0,0,0,0,0,0
117,5624,118.03404920519519,99995,65,35,1,0,659,346,0.010050502525126256,36,16,49392,49674,504,273,0,0,0,0,0,0,99093,0,0,2,0,0,0,0,0,0,0,900,0,0,0,0,0,0
118,5624,119.21561564563487,99995,64,36,1,0,674,353,0.010270513525676284,36,14,49378,49669,519,279,0,0,0,0,0,0,99071,0,0,2,0,0,0,0,0,0,0,922,0,0,0,0,0,0
119,5624,120.11487228714806,99995,64,36,1,0,680,356,0.010360518025901296,37,16,49371,49666,525,280,0,0,0,0,0,0,99062,0,0,2,0,0,0,0,0,0,0,931,0,0,0,0,0,0
120,5624,121.1211352123407,99995,61,32,1,0,694,360,0.010540527026351318,31,22,49364,49657,541,287,0,0,0,0,0,0,99037,0,0,2,0,0,0,0,0,0,0,956,0,0,0,0,0,0
121,5624,122.12072474714016,99993,60,36,2,1,702,368,0.010700749052433671,32,20,49357,49654,547,287,0,0,0,0,0,0,99024,0,0,2,0,0,0,0,0,0,0,967,0,0,0,0,0,0
122,5624,123.0169938527179,99993,68,35,2,1,716,373,0.010890762353364735,33,24,49343,49646,552,292,0,0,0,0,0,0,99012,0,0,2,0,0,0,0,0,0,0,979,0,0,0,0,0,0
123,5624,124.01933329192157,99993,67,41,2,1,723,382,0.011050773554148791,36,16,49333,49646,560,294,0,0,0,0,0,0,99001,0,0,2,0,0,0,0,0,0,0,990,0,0,0,0,0,0
124,5624,125.33286930326949,99993,71,33,2,1,738,387,0.01125078755512886,40,19,49316,49640,569,305,0,0,0,0,0,0,98977,0,0,2,0,0,0,0,0,0,0,1014,0,0,0,0,0,0
125,5624,126.17006518878247,99993,74,37,2,1,751,394,0.011450801556108928,35,18,49309,49634,578,308,0,0,0,0,0,0,98964,0,0,2,0,0,0,0,0,0,0,1027,0,0,0,0,0,0
126,5624,127.0798976525463,99993,76,37,2,1,759,398,0.01157080995669697,37,20,49301,49630,582,310,0,0,0,0,0,0,98955,0,0,3,0,0,0,0,0,0,0,1035,0,0,0,0,0,0
127,5624,128.24217177752195,99993,71,43,2,1,769,408,0.011770823957677038,42,18,49287,49624,596,312,0,0,0,0,0,0,98936,0,0,3,0,0,0,0,0,0,0,1054,0,0,0,0,0,0
128,5624,129.09404756681198,99993,70,41,2,1,774,409,0.011830828157971058,47,19,49278,49622,601,315,0,0,0,0,0,0,98927,0,0,3,0,0,0,0,0,0,0,1063,0,0,0,0,0,0
129,5624,130.09508988904466,99993,69,37,2,1,781,414,0.0119508365585591,51,21,49271,49616,605,323,0,0,0,0,0,0,98910,0,0,3,0,0,0,0,0,0,0,1080,0,0,0,0,0,0
130,5624,131.04045676129195,99993,71,38,2,1,788,417,0.012050843559049134,53,21,49263,49613,609,325,0,0,0,0,0,0,98903,0,0,3,0,0,0,0,0,0,0,1087,0,0,0,0,0,0
131,5624,132.30918376968515,99993,81,39,2,1,807,426,0.01233086316042123,51,14,49248,49612,616,332,0,0,0,0,0,0,98886,0,0,3,0,0,0,0,0,0,0,1104,0,0,0,0,0,0
132,5624,133.23675601102713,99993,83,37,2,1,826,430,0.012560879261548308,41,20,49240,49603,632,337,0,0,0,0,0,0,98863,0,0,3,0,0,0,0,0,0,0,1127,0,0,0,0,0,0
133,5624,134.22814792052588,99993,78,29,2,1,835,433,0.01268088766213635,40,23,49236,49598,642,347,0,0,0,0,0,0,98838,0,0,3,0,0,0,0,0,0,0,1152,0,0,0,0,0,0
134,5624,135.23009688784487,99993,73,30,2,1,843,438,0.012810896762773393,40,22,49232,49595,651,350,0,0,0,0,0,0,98821,0,0,3,0,0,0,0,0,0,0,1169,0,0,0,0,0,0
135,5624,136.23220094746742,99993,67,30,2,1,850,442,0.012920904463312432,50,24,49220,49591,659,352,0,0,0,0,0,0,98804,0,0,3,0,0,0,0,0,0,0,1186,0,0,0,0,0,0
136,5624,137.23449539660768,99993,70,33,2,1,863,448,0.013110917764243496,50,23,49209,49587,667,354,0,0,0,0,0,0,98791,0,0,3,0,0,0,0,0,0,0,1199,0,0,0,0,0,0
137,5624,138.2821796470311,99993,69,35,2,1,874,455,0.01329093036512556,53,19,49196,49584,678,359,0,0,0,0,0,0,98774,0,0,3,0,0,0,0,0,0,0,1216,0,0,0,0,0,0
138,5624,139.13903178301666,99993,74,31,2,1,889,457,0.013460942265958616,47,22,49193,49581,682,363,0,0,0,0,0,0,98758,0,0,3,0,0,0,0,0,0,0,1232,0,0,0,0,0,0
139,5624,140.14182998630022,99993,76,25,2,1,902,459,0.013610952766693668,44,28,49186,49573,690,371,0,0,0,0,0,0,98739,0,0,3,0,0,0,0,0,0,0,1251,0,0,0,0,0,0
140,5624,141.1447991636736,99993,73,32,2,1,915,467,0.01382096746772274,47,23,49170,49571,706,371,0,0,0,0,0,0,98722,0,0,3,0,0,0,0,0,0,0,1268,0,0,0,0,0,0
141,5624,142.14804579994447,99993,71,36,2,1,926,476,0.01402098146870281,45,19,49166,49566,714,376,0,0,0,0,0,0,98705,0,0,4,0,0,0,0,0,0,0,1284,0,0,0,0,0,0
142,5624,143.32538526151782,99993,68,35,2,1,932,479,0.01411098776914384,46,20,49161,49563,721,379,0,0,0,0,0,0,98692,0,0,4,0,0,0,0,0,0,0,1297,0,0,0,0,0,0
143,5624,144.11930190488215,99993,69,40,2,1,937,487,0.014240996869780885,48,14,49154,49561,725,382,0,0,0,0,0,0,98685,0,0,4,0,0,0,0,0,0,0,1304,0,0,0,0,0,0
144,5624,145.0598553895751,99993,73,40,2,1,956,491,0.014471012970907964,44,16,49143,49558,736,383,0,0,0,0,0,0,98666,0,0,4,0,0,0,0,0,0,0,1323,0,0,0,0,0,0
145,5624,146.06534305089278,99993,78,40,2,1,972,493,0.014651025571790025,42,22,49133,49552,743,383,0,0,0,0,0,0,98653,0,0,4,0,0,0,0,0,0,0,1336,0,0,0,0,0,0
146,5624,147.146768559312,99993,84,40,2,1,986,500,0.014861040272819098,41,23,49126,49544,745,390,0,0,0,0,0,0,98638,0,0,4,0,0,0,0,0,0,0,1351,0,0,0,0,0,0
147,5624,148.15084488231835,99993,86,39,2,1,997,504,0.01501105077355415,39,26,49119,49538,752,394,0,0,0,0,0,0,98624,0,0,4,0,0,0,0,0,0,0,1365,0,0,0,0,0,0
148,5624,149.15507421917272,99993,81,35,2,1,1006,507,0.01513105917414219,41,28,49112,49533,762,401,0,0,0,0,0,0,98603,0,0,4,0,0,0,0,0,0,0,1386,0,0,0,0,0,0
149,5624,150.1594720531268,99993,77,35,2,1,1018,512,0.015301071074975248,37,28,49112,49529,770,405,0,0,0,0,0,0,98582,0,0,4,0,0,0,0,0,0,0,1407,0,0,0,0,0,0
150,5624,151.16395554587743,99993,75,38,2,1,1024,520,0.015441080875661296,45,24,49102,49526,774,409,0,0,0,0,0,0,98570,0,0,5,0,0,0,0,0,0,0,1418,0,0,0,0,0,0
151,5624,152.16857518219308,99993,73,36,2,1,1032,524,0.015561089276249338,46,30,49096,49518,781,413,0,0,0,0,0,0,98554,0,0,5,0,0,0,0,0,0,0,1434,0,0,0,0,0,0
152,5624,153.17331736694828,99993,73,36,2,1,1044,531,0.015751102577180404,48,30,49083,49512,792,419,0,0,0,0,0,0,98535,0,0,5,0,0,0,0,0,0,0,1453,0,0,0,0,0,0
153,5624,154.1782822848262,99993,69,37,2,1,1056,538,0.015941115878111468,52,27,49073,49509,802,424,0,0,0,0,0,0,98513,0,0,5,0,0,0,0,0,0,0,1475,0,0,0,0,0,0
154,5624,155.18346665641025,99993,75,39,2,1,1073,544,0.016171131979238546,40,24,49072,49507,809,427,0,0,0,0,0,0,98498,0,0,5,0,0,0,0,0,0,0,1490,0,0,0,0,0,0
155,5624,156.18874231699976,99993,74,40,2,1,1088,546,0.016341143880071605,37,29,49064,49500,821,428,0,0,0,0,0,0,98482,0,0,6,0,0,0,0,0,0,0,1505,0,0,0,0,0,0
156,5624,157.19418527775014,99993,72,44,2,1,1093,555,0.016481153680757653,41,28,49058,49493,825,432,0,0,0,0,0,0,98470,0,0,6,0,0,0,0,0,0,0,1517,0,0,0,0,0,0
157,5624,158.19973948271203,99993,71,42,2,1,1099,560,0.016591161381296692,52,29,49045,49487,828,439,0,0,0,0,0,0,98456,0,0,6,0,0,0,0,0,0,0,1531,0,0,0,0,0,0
158,5624,159.20545792060872,99993,70,46,2,1,1110,569,0.01679117538227676,53,30,49038,49477,835,444,0,0,0,0,0,0,98439,0,0,6,0,0,0,0,0,0,0,1548,0,0,0,0,0,0
159,5624,160.21129361911215,99993,71,43,2,1,1120,574,0.01694118588301181,55,33,49033,49471,837,450,0,0,0,0,0,0,98422,0,0,6,0,0,0,0,0,0,0,1565,0,0,0,0,0,0
160,5624,161.21720117798972,99993,79,41,2,1,1138,581,0.017191203384236898,47,38,49026,49459,844,459,0,0,0,0,0,0,98403,0,0,6,0,0,0,0,0,0,0,1584,0,0,0,0,0,0
161,5624,162.2232612274316,99993,77,46,2,1,1150,588,0.017381216685167962,46,40,49016,49450,857,461,0,0,0,0,0,0,98387,0,0,6,0,0,0,0,0,0,0,1600,0,0,0,0,0,0
162,5624,163.22947911139218,99993,78,60,2,1,1161,607,0.017681237686638065,53,32,49001,49444,864,461,0,0,0,0,0,0,98372,0,0,6,0,0,0,0,0,0,0,1615,0,0,0,0,0,0
163,5624,164.2358946463205,99993,79,70,2,1,1174,620,0.017941255887912153,51,24,48990,49440,876,463,0,0,0,0,0,0,98357,0,0,6,0,0,0,0,0,0,0,1630,0,0,0,0,0,0
164,5624,165.24251606365888,99993,82,61,2,1,1188,622,0.018101267088696207,50,30,48979,49433,885,473,0,0,0,0,0,0,98335,0,0,6,0,0,0,0,0,0,0,1652,0,0,0,0,0,0
165,5624,166.24940999532186,99993,82,59,2,1,1200,630,0.018301281089676276,56,32,48966,49425,892,481,0,0,0,0,0,0,98313,0,0,6,0,0,0,0,0,0,0,1674,0,0,0,0,0,0
166,5624,167.25652907700592,99993,80,56,2,1,1215,638,0.018531297190803358,57,29,48952,49423,907,489,0,0,0,0,0,0,98285,0,0,6,0,0,0,0,0,0,0,1702,0,0,0,0,0,0
167,5624,168.2639316227899,99993,85,51,2,1,1226,645,0.018711309791685417,63,27,48937,49420,911,499,0,0,0,0,0,0,98267,0,0,6,0,0,0,0,0,0,0,1720,0,0,0,0,0,0
168,5624,169.27156898955423,99993,88,53,2,1,1244,651,0.0189513265928615,60,28,48926,49413,922,503,0,0,0,0,0,0,98248,0,0,6,0,0,0,0,0,0,0,1739,0,0,0,0,0,0
169,5624,170.27945832217654,99993,87,53,2,1,1262,659,0.01921134479413559,73,26,48897,49409,939,509,0,0,0,0,0,0,98221,0,0,6,0,0,0,0,0,0,0,1766,0,0,0,0,0,0
170,5624,171.28774366584477,99993,90,58,2,1,1276,669,0.019451361595311672,68,24,48891,49403,947,512,0,0,0,0,0,0,98205,0,0,6,0,0,0,0,0,0,0,1782,0,0,0,0,0,0
171,5624,172.29621962190748,99993,92,53,2,1,1293,677,0.01970137909653676,58,24,48888,49401,958,519,0,0,0,0,0,0,98177,0,0,6,0,0,0,0,0,0,0,1810,0,0,0,0,0,0
172,5624,173.30482433248028,99993,95,56,2,1,1315,685,0.020001400098006862,54,26,48873,49392,974,523,0,0,0,0,0,0,98153,0,0,6,0,0,0,0,0,0,0,1834,0,0,0,0,0,0
173,5624,174.3136887119677,99993,100,54,2,1,1333,691,0.02024141689918294,51,27,48862,49385,983,531,0,0,0,0,0,0,98132,0,0,6,0,0,0,0,0,0,0,1855,0,0,0,0,0,0
174,5624,175.32281547565327,99993,101,54,2,1,1345,695,0.020401428099967,54,29,48850,49381,991,533,0,0,0,0,0,0,98117,0,0,6,0,0,0,0,0,0,0,1870,0,0,0,0,0,0
175,5624,176.33213133510085,99993,96,51,2,1,1355,699,0.020541437900653044,55,35,48841,49371,1004,540,0,0,0,0,0,0,98096,0,0,7,0,0,0,0,0,0,0,1890,0,0,0,0,0,0
176,5624,177.0051418375038,99993,98,54,2,1,1362,704,0.020661446301241088,60,34,48831,49369,1007,540,0,0,0,0,0,0,98090,0,0,8,0,0,0,0,0,0,0,1895,0,0,0,0,0,0
177,5624,178.01480945590424,99992,98,47,3,1,1373,706,0.020791663333066646,68,39,48814,49366,1015,545,0,0,0,0,0,0,98071,0,0,9,0,0,0,0,0,0,0,1912,0,0,0,0,0,0
178,5624,179.02478577519923,99992,96,48,3,1,1389,714,0.021031682534602768,60,39,48808,49360,1031,550,0,0,0,0,0,0,98046,0,0,9,0,0,0,0,0,0,0,1937,0,0,0,0,0,0
179,5624,180.03495733091006,99992,103,50,3,1,1410,722,0.021321705736458918,51,36,48800,49357,1041,554,0,0,0,0,0,0,98026,0,0,9,0,0,0,0,0,0,0,1957,0,0,0,0,0,0
180,5624,181.04530386015,99992,105,58,3,1,1424,734,0.02158172653812305,51,34,48791,49349,1048,556,0,0,0,0,0,0,98010,0,0,9,0,0,0,0,0,0,0,1973,0,0,0,0,0,0
181,5624,182.05581402494516,99992,99,57,3,1,1435,743,0.021781742539403154,60,34,48776,49342,1060,564,0,0,0,0,0,0,97984,0,0,10,0,0,0,0,0,0,0,1998,0,0,0,0,0,0
182,5624,183.06659056283635,99992,102,55,3,1,1453,751,0.022041763341067284,60,37,48760,49332,1073,573,0,0,0,0,0,0,97959,0,0,10,0,0,0,0,0,0,0,2023,0,0,0,0,0,0
183,5624,184.07764484855068,99992,107,55,3,1,1471,767,0.02238179054324346,58,27,48751,49326,1079,589,0,0,0,0,0,0,97930,0,0,10,0,0,0,0,0,0,0,2052,0,0,0,0,0,0
184,5624,185.0889177191766,99992,116,49,3,1,1492,772,0.022641811344907593,54,28,48737,49324,1088,596,0,0,0,0,0,0,97907,0,0,10,0,0,0,0,0,0,0,2075,0,0,0,0,0,0
185,5624,186.10040790619118,99992,105,44,3,1,1501,780,0.02281182494599568,63,31,48723,49316,1104,606,0,0,0,0,0,0,97874,0,0,10,0,0,0,0,0,0,0,2108,0,0,0,0,0,0
186,5624,187.11226643023383,99992,114,47,3,1,1522,786,0.023081846547723817,61,36,48710,49306,1110,608,0,0,0,0,0,0,97859,0,0,10,0,0,0,0,0,0,0,2123,0,0,0,0,0,0
187,5624,188.12433268522136,99992,113,52,3,1,1538,797,0.023351868149451956,66,31,48691,49303,1125,611,0,0,0,0,0,0,97837,0,0,11,0,0,0,0,0,0,0,2144,0,0,0,0,0,0
188,5624,189.13670884131926,99992,118,45,3,1,1557,802,0.023591887350988078,65,38,48677,49292,1135,622,0,0,0,0,0,0,97811,0,0,11,0,0,0,0,0,0,0,2170,0,0,0,0,0,0
189,5624,190.1493184629574,99991,106,52,4,1,1571,814,0.02385214669320239,67,39,48666,49283,1155,623,0,0,0,0,0,0,97780,0,0,11,0,0,0,0,0,0,0,2200,0,0,0,0,0,0
190,5624,191.1621907062444,99991,109,53,4,1,1590,829,0.024192177295956636,70,36,48647,49274,1168,634,0,0,0,0,0,0,97750,0,0,11,0,0,0,0,0,0,0,2230,0,0,0,0,0,0
191,5624,192.17540935620173,99991,102,52,4,1,1603,838,0.024412197097738796,66,34,48640,49267,1186,644,0,0,0,0,0,0,97721,0,0,12,0,0,0,0,0,0,0,2258,0,0,0,0,0,0
192,5624,193.1889200487978,99991,109,56,4,1,1620,848,0.024682221399925992,66,36,48625,49259,1194,646,0,0,0,0,0,0,97705,0,0,12,0,0,0,0,0,0,0,2274,0,0,0,0,0,0
193,5624,194.20267160693857,99991,118,57,4,1,1639,860,0.02499224930243722,68,31,48604,49254,1204,655,0,0,0,0,0,0,97685,0,0,13,0,0,0,0,0,0,0,2293,0,0,0,0,0,0
194,5624,195.21672753851854,99991,118,59,4,1,1652,866,0.025182266403976358,74,33,48591,49248,1211,657,0,0,0,0,0,0,97668,0,0,13,0,0,0,0,0,0,0,2310,0,0,0,0,0,0
195,5624,196.23098986166013,99991,125,56,4,1,1673,874,0.02547229250632557,73,37,48582,49238,1214,666,0,0,0,0,0,0,97644,0,0,14,0,0,0,0,0,0,0,2333,0,0,0,0,0,0
196,5624,197.24542338676955,99991,123,52,4,1,1695,883,0.025782320408836795,70,36,48567,49230,1234,679,0,0,0,0,0,0,97607,0,0,14,0,0,0,0,0,0,0,2370,0,0,0,0,0,0
197,5624,198.26016529678682,99991,120,50,4,1,1707,888,0.02595233571021392,76,43,48557,49219,1241,685,0,0,0,0,0,0,97585,0,0,14,0,0,0,0,0,0,0,2392,0,0,0,0,0,0
198,5624,199.27509676447934,99991,119,48,4,1,1725,899,0.02624236181256313,74,37,48549,49218,1252,694,0,0,0,0,0,0,97554,0,0,15,0,0,0,0,0,0,0,2422,0,0,0,0,0,0
199,5624,200.29025514745732,99991,111,51,4,1,1740,908,0.026482383414507305,80,37,48531,49213,1272,696,0,0,0,0,0,0,97526,0,0,16,0,0,0,0,0,0,0,2449,0,0,0,0,0,0
200,5624,201.3057891670966,99991,115,58,4,1,1757,923,0.026802412217099537,79,35,48523,49200,1277,704,0,0,0,0,0,0,97505,0,0,16,0,0,0,0,0,0,0,2470,0,0,0,0,0,0
201,5624,202.32145175349362,99991,117,59,4,1,1776,934,0.027102439219529758,74,33,48513,49194,1290,711,0,0,0,0,0,0,97480,0,0,18,0,0,0,0,0,0,0,2493,0,0,0,0,0,0
202,5624,203.3373687629059,99991,118,56,4,1,1797,939,0.027362462621635948,77,39,48497,49183,1302,719,0,0,0,0,0,0,97452,0,0,18,0,0,0,0,0,0,0,2521,0,0,0,0,0,0
203,5624,204.01479987882158,99991,129,60,4,1,1814,949,0.027632486923823144,70,33,48493,49179,1302,725,0,0,0,0,0,0,97440,0,0,18,0,0,0,0,0,0,0,2533,0,0,0,0,0,0
204,5624,205.03104233743971,99991,131,55,4,1,1835,954,0.027892510325929334,64,39,48486,49169,1313,734,0,0,0,0,0,0,97411,0,0,18,0,0,0,0,0,0,0,2562,0,0,0,0,0,0
205,5624,206.0474781265306,99990,137,57,4,2,1859,963,0.02822282228222822,61,41,48469,49161,1327,737,0,0,0,0,0,0,97387,0,0,19,0,0,0,0,0,0,0,2584,0,0,0,0,0,0
206,5624,207.06418262811002,99990,137,60,4,2,1879,974,0.028532853285328532,67,40,48446,49153,1344,743,0,0,0,0,0,0,97360,0,0,20,0,0,0,0,0,0,0,2610,0,0,0,0,0,0
207,5624,208.08131625330574,99990,124,66,4,2,1893,990,0.028832883288328833,74,33,48432,49147,1364,750,0,0,0,0,0,0,97323,0,0,20,0,0,0,0,0,0,0,2647,0,0,0,0,0,0
208,5624,209.09879607384775,99990,121,64,4,2,1911,998,0.029092909290929093,75,42,48419,49135,1379,755,0,0,0,0,0,0,97292,0,0,20,0,0,0,0,0,0,0,2678,0,0,0,0,0,0
209,5624,210.11654389565942,99990,119,63,4,2,1924,1005,0.029292929292929294,79,43,48408,49131,1388,759,0,0,0,0,0,0,97269,0,0,20,0,0,0,0,0,0,0,2701,0,0,0,0,0,0
210,5624,211.1345252333644,99990,125,72,4,2,1948,1020,0.029682968296829683,74,35,48400,49129,1395,760,0,0,0,0,0,0,97245,0,0,20,0,0,0,0,0,0,0,2725,0,0,0,0,0,0
211,5624,212.15262992930263,99990,125,71,4,2,1966,1033,0.029992999299929993,83,35,48380,49118,1406,772,0,0,0,0,0,0,97214,0,0,21,0,0,0,0,0,0,0,2755,0,0,0,0,0,0
212,5624,213.1710559322274,99990,137,71,4,2,1993,1043,0.030363036303630363,75,33,48367,49111,1415,781,0,0,0,0,0,0,97190,0,0,22,0,0,0,0,0,0,0,2778,0,0,0,0,0,0
213,5624,214.18978692566643,99990,123,68,4,2,2006,1050,0.030563056305630564,78,33,48354,49106,1439,789,0,0,0,0,0,0,97153,0,0,22,0,0,0,0,0,0,0,2815,0,0,0,0,0,0
214,5624,215.20886069774588,99990,133,67,4,2,2028,1061,0.030893089308930893,76,34,48339,49099,1446,796,0,0,0,0,0,0,97129,0,0,22,0,0,0,0,0,0,0,2839,0,0,0,0,0,0
215,5624,216.22818251488758,99990,132,64,4,2,2046,1065,0.031113111311131113,87,38,48313,49094,1462,800,0,0,0,0,0,0,97103,0,0,22,0,0,0,0,0,0,0,2865,0,0,0,0,0,0
216,5624,217.24797277346073,99990,127,64,4,2,2059,1074,0.03133313331333133,94,38,48296,49088,1477,806,0,0,0,0,0,0,97077,0,0,23,0,0,0,0,0,0,0,2890,0,0,0,0,0,0
217,5624,218.2681090503353,99990,136,70,4,2,2091,1089,0.0318031803180318,83,38,48276,49080,1499,808,0,0,0,0,0,0,97045,0,0,23,0,0,0,0,0,0,0,2922,0,0,0,0,0,0
218,5624,219.2886400066062,99990,139,68,4,2,2116,1098,0.03214321432143214,81,40,48260,49073,1514,815,0,0,0,0,0,0,97013,0,0,24,0,0,0,0,0,0,0,2953,0,0,0,0,0,0
219,5624,220.30944259326455,99990,137,67,4,2,2136,1105,0.03241324132413241,85,47,48241,49063,1531,819,0,0,0,0,0,0,96984,0,0,25,0,0,0,0,0,0,0,2981,0,0,0,0,0,0
220,5624,221.33062461108196,99990,142,69,4,2,2156,1112,0.03268326832683268,87,50,48224,49054,1541,823,0,0,0,0,0,0,96964,0,0,25,0,0,0,0,0,0,0,3001,0,0,0,0,0,0
221,5624,222.011590935307,99990,148,76,4,2,2171,1122,0.03293329332933293,85,51,48212,49046,1549,823,0,0,0,0,0,0,96952,0,0,25,0,0,0,0,0,0,0,3013,0,0,0,0,0,0
222,5624,223.0332113271137,99990,148,77,4,2,2192,1132,0.033243324332433245,88,54,48192,49034,1566,831,0,0,0,0,0,0,96923,0,0,26,0,0,0,0,0,0,0,3041,0,0,0,0,0,0
223,5624,224.05524564717504,99990,144,81,4,2,2213,1147,0.0336033603360336,88,52,48180,49022,1582,841,0,0,0,0,0,0,96887,0,0,26,0,0,0,0,0,0,0,3077,0,0,0,0,0,0
224,5624,225.07755624318048,99990,137,75,4,2,2227,1156,0.033833383338333835,96,53,48164,49013,1597,855,0,0,0,0,0,0,96852,0,0,27,0,0,0,0,0,0,0,3111,0,0,0,0,0,0
225,5624,226.100206194664,99990,139,73,4,2,2247,1167,0.03414341434143414,98,53,48148,49005,1609,865,0,0,0,0,0,0,96821,0,0,27,0,0,0,0,0,0,0,3142,0,0,0,0,0,0
226,5624,227.12315073162813,99990,139,69,4,2,2268,1180,0.03448344834483448,105,54,48127,48994,1623,879,0,0,0,0,0,0,96783,0,0,27,0,0,0,0,0,0,0,3180,0,0,0,0,0,0
227,5624,228.1465129231159,99990,134,72,4,2,2291,1193,0.034843484348434844,106,59,48112,48983,1642,882,0,0,0,0,0,0,96745,0,0,27,0,0,0,0,0,0,0,3218,0,0,0,0,0,0
228,5624,229.17020490389353,99990,139,74,4,2,2317,1205,0.03522352235223522,101,69,48097,48965,1657,888,0,0,0,0,0,0,96714,0,0,27,0,0,0,0,0,0,0,3249,0,0,0,0,0,0
229,5624,230.19411968140065,99990,142,88,4,2,2347,1226,0.035733573357335735,95,61,48082,48957,1675,890,0,0,0,0,0,0,96681,0,0,28,0,0,0,0,0,0,0,3281,0,0,0,0,0,0
230,5624,231.21841513985063,99990,144,92,4,2,2374,1247,0.03621362136213621,88,54,48066,48950,1696,900,0,0,0,0,0,0,96641,0,0,30,0,0,0,0,0,0,0,3319,0,0,0,0,0,0
231,5624,232.24303505776697,99990,150,90,4,2,2401,1262,0.03663366336633663,88,53,48051,48939,1705,914,0,0,0,0,0,0,96603,0,0,30,0,0,0,0,0,0,0,3357,0,0,0,0,0,0
232,5624,233.26791662631797,99990,150,97,4,2,2420,1275,0.03695369536953695,86,54,48040,48928,1718,917,0,0,0,0,0,0,96578,0,0,30,0,0,0,0,0,0,0,3382,0,0,0,0,0,0
233,5624,234.29307179794185,99990,156,99,4,2,2448,1293,0.037413741374137416,87,58,48018,48906,1733,933,0,0,0,0,0,0,96541,0,0,31,0,0,0,0,0,0,0,3418,0,0,0,0,0,0
234,5624,235.31855358362486,99990,153,97,4,2,2474,1305,0.03779377937793779,85,62,47999,48894,1757,943,0,0,0,0,0,0,96498,0,0,31,0,0,0,0,0,0,0,3461,0,0,0,0,0,0
235,5624,236.0024553379548,99990,149,93,4,2,2487,1310,0.037973797379737974,90,64,47985,48891,1770,948,0,0,0,0,0,0,96473,0,0,32,0,0,0,0,0,0,0,3485,0,0,0,0,0,0
236,5624,237.0287114090534,99990,150,90,4,2,2517,1322,0.038393839383938394,91,65,47960,48879,1793,962,0,0,0,0,0,0,96431,0,0,34,0,0,0,0,0,0,0,3525,0,0,0,0,0,0
237,5624,238.0554389398006,99990,142,97,4,2,2539,1340,0.038793879387938796,96,64,47936,48868,1820,967,0,0,0,0,0,0,96391,0,0,35,0,0,0,0,0,0,0,3564,0,0,0,0,0,0
238,5624,239.0827417718635,99990,141,92,4,2,2570,1355,0.03925392539253925,95,64,47914,48859,1844,981,0,0,0,0,0,0,96343,0,0,39,0,0,0,0,0,0,0,3608,0,0,0,0,0,0
239,5624,240.1105839248044,99990,132,92,4,2,2586,1369,0.039553955395539554,106,63,47889,48851,1867,990,0,0,0,0,0,0,96304,0,0,39,0,0,0,0,0,0,0,3647,0,0,0,0,0,0
240,5624,241.1389494426191,99990,126,92,4,2,2603,1380,0.03983398339833984,104,67,47883,48837,1881,1000,0,0,0,0,0,0,96270,0,0,39,0,0,0,0,0,0,0,3681,0,0,0,0,0,0
241,5624,242.1675205574825,99990,124,88,4,2,2620,1393,0.04013401340134013,106,68,47868,48824,1896,1016,0,0,0,0,0,0,96235,0,0,40,0,0,0,0,0,0,0,3715,0,0,0,0,0,0
242,5624,243.19642527039173,99989,123,95,5,2,2650,1412,0.04062446869155607,101,60,47851,48817,1918,1024,0,0,0,0,0,0,96194,0,0,42,0,0,0,0,0,0,0,3753,0,0,0,0,0,0
243,5624,244.22572709622148,99988,129,101,6,2,2676,1425,0.041014921790614875,98,57,47839,48812,1926,1026,0,0,0,0,0,0,96167,0,0,42,0,0,0,0,0,0,0,3779,0,0,0,0,0,0
244,5624,245.25523191691252,99988,133,113,6,2,2697,1449,0.041464975797095655,99,47,47822,48801,1938,1035,0,0,0,0,0,0,96138,0,0,42,0,0,0,0,0,0,0,3808,0,0,0,0,0,0
245,5624,246.28501625809363,99987,137,112,7,2,2720,1462,0.04182543730684989,100,45,47811,48797,1943,1042,0,0,0,0,0,0,96105,0,0,42,0,0,0,0,0,0,0,3840,0,0,0,0,0,0
246,5624,247.31497613948514,99987,147,101,7,2,2745,1470,0.04215548021242761,97,47,47800,48789,1947,1059,0,0,0,0,0,0,96072,0,0,43,0,0,0,0,0,0,0,3872,0,0,0,0,0,0
247,5624,248.00170532529347,99987,152,97,7,2,2759,1473,0.04232550231530099,100,51,47786,48784,1953,1064,0,0,0,0,0,0,96057,0,0,44,0,0,0,0,0,0,0,3886,0,0,0,0,0,0
248,5624,249.03216330626105,99986,151,90,8,2,2786,1485,0.04271598023723321,107,51,47758,48775,1974,1080,0,0,0,0,0,0,96010,0,0,44,0,0,0,0,0,0,0,3932,0,0,0,0,0,0
249,5624,250.0631509489339,99986,166,89,8,2,2815,1496,0.04311603624507431,102,58,47739,48760,1983,1089,0,0,0,0,0,0,95984,0,0,44,0,0,0,0,0,0,0,3958,0,0,0,0,0,0
250,5624,251.09438179172898,99986,163,97,8,2,2839,1510,0.043496089452523354,108,66,47715,48740,2004,1093,0,0,0,0,0,0,95952,0,0,45,0,0,0,0,0,0,0,3989,0,0,0,0,0,0
251,5624,252.1260314920209,99986,160,97,8,2,2856,1523,0.04379613145840418,118,67,47695,48730,2017,1102,0,0,0,0,0,0,95919,0,0,45,0,0,0,0,0,0,0,4022,0,0,0,0,0,0
252,5624,253.15800436548236,99986,165,101,8,2,2887,1539,0.04426619726761746,108,65,47685,48718,2032,1112,0,0,0,0,0,0,95881,0,0,45,0,0,0,0,0,0,0,4060,0,0,0,0,0,0
253,5624,254.19024910268715,99986,179,101,8,2,2914,1556,0.044706258876242674,103,65,47669,48705,2039,1125,0,0,0,0,0,0,95851,0,0,45,0,0,0,0,0,0,0,4090,0,0,0,0,0,0
254,5624,255.22276083302154,99986,168,103,8,2,2934,1577,0.0451163162842798,112,64,47647,48693,2063,1136,0,0,0,0,0,0,95804,0,0,48,0,0,0,0,0,0,0,4134,0,0,0,0,0,0
255,5624,256.25576033380764,99986,165,110,8,2,2963,1603,0.04566639329506131,126,54,47609,48679,2090,1153,0,0,0,0,0,0,95754,0,0,49,0,0,0,0,0,0,0,4183,0,0,0,0,0,0
256,5624,257.28942771031757,99986,159,101,8,2,2992,1615,0.04607645070309843,125,54,47590,48673,2116,1168,0,0,0,0,0,0,95698,0,0,49,0,0,0,0,0,0,0,4239,0,0,0,0,0,0
257,5624,258.32371728708864,99986,165,101,8,2,3022,1634,0.04656651931270378,119,47,47575,48667,2131,1181,0,0,0,0,0,0,95655,0,0,49,0,0,0,0,0,0,0,4282,0,0,0,0,0,0
258,5624,259.0134249160979,99986,162,99,8,2,3045,1640,0.04685655991838857,108,46,47568,48666,2152,1185,0,0,0,0,0,0,95623,0,0,51,0,0,0,0,0,0,0,4312,0,0,0,0,0,0
259,5624,260.0483569823639,99986,165,93,8,2,3073,1652,0.04725661592622967,107,48,47548,48655,2170,1200,0,0,0,0,0,0,95581,0,0,52,0,0,0,0,0,0,0,4353,0,0,0,0,0,0
260,5624,261.0837284362474,99986,157,95,8,2,3093,1667,0.04760666493309063,115,50,47529,48642,2189,1209,0,0,0,0,0,0,95540,0,0,52,0,0,0,0,0,0,0,4394,0,0,0,0,0,0
261,5624,262.11950488222493,99986,158,96,8,2,3118,1677,0.047956713939951594,111,51,47515,48632,2206,1217,0,0,0,0,0,0,95509,0,0,54,0,0,0,0,0,0,0,4423,0,0,0,0,0,0
262,5624,263.15564163330043,99986,159,92,8,2,3146,1688,0.04834676854759666,115,52,47490,48621,2226,1231,0,0,0,0,0,0,95467,0,0,54,0,0,0,0,0,0,0,4465,0,0,0,0,0,0
263,5624,264.19223522245187,99986,161,98,8,2,3169,1701,0.048706818954653654,113,54,47476,48609,2240,1235,0,0,0,0,0,0,95440,0,0,55,0,0,0,0,0,0,0,4491,0,0,0,0,0,0
264,5624,265.22912433605194,99986,154,95,8,2,3190,1709,0.048996859560338446,121,55,47455,48606,2260,1240,0,0,0,0,0,0,95403,0,0,57,0,0,0,0,0,0,0,4526,0,0,0,0,0,0
265,5624,266.2664358514293,99986,165,100,8,2,3219,1726,0.04945692396935571,107,49,47449,48603,2269,1244,0,0,0,0,0,0,95373,0,0,57,0,0,0,0,0,0,0,4556,0,0,0,0,0,0
266,5624,267.30398681101406,99986,162,95,8,2,3248,1736,0.04984697857700078,96,50,47435,48598,2297,1253,0,0,0,0,0,0,95329,0,0,60,0,0,0,0,0,0,0,4597,0,0,0,0,0,0
267,5624,268.34199939080503,99986,158,95,8,2,3269,1751,0.05020702898405777,96,48,47418,48591,2318,1262,0,0,0,0,0,0,95292,0,0,63,0,0,0,0,0,0,0,4631,0,0,0,0,0,0
268,5624,269.0342271092801,99986,152,88,8,2,3282,1761,0.0504370611885664,97,49,47410,48582,2331,1277,0,0,0,0,0,0,95258,0,0,65,0,0,0,0,0,0,0,4663,0,0,0,0,0,0
269,5624,270.0728747828318,99986,157,89,8,2,3308,1773,0.05081711439601544,94,48,47395,48578,2344,1281,0,0,0,0,0,0,95226,0,0,65,0,0,0,0,0,0,0,4695,0,0,0,0,0,0
270,5624,271.11179924680033,99986,153,87,8,2,3330,1784,0.05114716060248435,91,55,47382,48568,2364,1286,0,0,0,0,0,0,95187,0,0,65,0,0,0,0,0,0,0,4734,0,0,0,0,0,0
271,5624,272.15110688714594,99986,150,85,8,2,3355,1793,0.05148720820914928,90,57,47366,48560,2384,1294,0,0,0,0,0,0,95149,0,0,66,0,0,0,0,0,0,0,4771,0,0,0,0,0,0
272,5624,273.1908165486016,99986,147,82,8,2,3383,1806,0.051897265617186404,90,52,47349,48562,2404,1300,0,0,0,0,0,0,95105,0,0,69,0,0,0,0,0,0,0,4812,0,0,0,0,0,0
273,5624,274.23097179614757,99986,155,84,8,2,3414,1819,0.052337327225811615,88,52,47328,48553,2419,1307,0,0,0,0,0,0,95072,0,0,70,0,0,0,0,0,0,0,4844,0,0,0,0,0,0
274,5624,275.27153304319773,99986,154,86,8,2,3436,1833,0.0526973776328686,95,52,47308,48542,2433,1316,0,0,0,0,0,0,95037,0,0,70,0,0,0,0,0,0,0,4879,0,0,0,0,0,0
275,5624,276.3124407707584,99986,159,94,8,2,3459,1854,0.053137439241493806,85,48,47298,48531,2448,1323,0,0,0,0,0,0,95007,0,0,71,0,0,0,0,0,0,0,4908,0,0,0,0,0,0
276,5624,277.0065068555542,99986,152,90,8,2,3472,1859,0.053317464445022306,95,48,47282,48528,2461,1330,0,0,0,0,0,0,94978,0,0,71,0,0,0,0,0,0,0,4937,0,0,0,0,0,0
277,5624,278.0480409212473,99986,158,86,8,2,3500,1872,0.05372752185305943,89,53,47264,48513,2479,1344,0,0,0,0,0,0,94939,0,0,71,0,0,0,0,0,0,0,4976,0,0,0,0,0,0
278,5624,279.0899257510688,99986,161,87,8,2,3525,1883,0.054087572260116415,88,55,47249,48501,2492,1353,0,0,0,0,0,0,94908,0,0,72,0,0,0,0,0,0,0,5006,0,0,0,0,0,0
279,5624,280.13212997151624,99986,153,94,8,2,3550,1901,0.054517632468545595,95,53,47224,48492,2518,1357,0,0,0,0,0,0,94865,0,0,73,0,0,0,0,0,0,0,5048,0,0,0,0,0,0
280,5624,281.17485673595286,99986,155,99,8,2,3574,1920,0.054947692676974774,90,45,47211,48485,2534,1367,0,0,0,0,0,0,94829,0,0,73,0,0,0,0,0,0,0,5084,0,0,0,0,0,0
281,5624,282.2179123766474,99986,161,90,8,2,3601,1930,0.05531774448422779,87,45,47195,48482,2547,1379,0,0,0,0,0,0,94790,0,0,74,0,0,0,0,0,0,0,5122,0,0,0,0,0,0
282,5624,283.26134051618743,99986,165,94,8,2,3626,1946,0.055727801892264915,88,39,47173,48477,2564,1386,0,0,0,0,0,0,94758,0,0,75,0,0,0,0,0,0,0,5153,0,0,0,0,0,0
283,5624,284.30520201328153,99986,168,86,8,2,3657,1957,0.05614786070049807,90,40,47154,48470,2578,1400,0,0,0,0,0,0,94713,0,0,77,0,0,0,0,0,0,0,5196,0,0,0,0,0,0
284,5624,285.00130362574384,99986,172,82,8,2,3674,1961,0.056357890104614644,83,46,47152,48462,2583,1406,0,0,0,0,0,0,94692,0,0,77,0,0,0,0,0,0,0,5217,0,0,0,0,0,0
285,5624,286.04566844393554,99986,163,79,8,2,3693,1970,0.05663792931010341,92,47,47135,48457,2600,1413,0,0,0,0,0,0,94653,0,0,78,0,0,0,0,0,0,0,5255,0,0,0,0,0,0
286,5624,287.0903921431963,99986,158,79,8,2,3712,1983,0.05695797411637629,99,52,47114,48447,2619,1418,0,0,0,0,0,0,94616,0,0,78,0,0,0,0,0,0,0,5292,0,0,0,0,0,0
287,5624,288.1355359980053,99986,166,74,8,2,3738,1997,0.05735803012421739,98,54,47099,48433,2627,1435,0,0,0,0,0,0,94580,0,0,79,0,0,0,0,0,0,0,5327,0,0,0,0,0,0
288,5624,289.18098722335543,99986,170,79,8,2,3766,2010,0.057768087532254514,108,51,47068,48431,2644,1435,0,0,0,0,0,0,94549,0,0,80,0,0,0,0,0,0,0,5357,0,0,0,0,0,0
289,5624,290.2269310127828,99986,182,84,8,2,3797,2021,0.05818814634048767,106,58,47052,48416,2650,1438,0,0,0,0,0,0,94524,0,0,80,0,0,0,0,0,0,0,5382,0,0,0,0,0,0
290,5624,291.27311312984045,99986,190,86,8,2,3831,2041,0.05872822195107315,100,52,47032,48408,2668,1450,0,0,0,0,0,0,94480,0,0,80,0,0,0,0,0,0,0,5426,0,0,0,0,0,0
291,5624,292.3197390654077,99986,183,88,8,2,3852,2052,0.05904826675734603,107,55,47013,48398,2687,1455,0,0,0,0,0,0,94443,0,0,80,0,0,0,0,0,0,0,5463,0,0,0,0,0,0
292,5624,293.0176653571921,99986,175,90,8,2,3872,2063,0.05935831016342288,110,55,46996,48389,2709,1462,0,0,0,0,0,0,94407,0,0,81,0,0,0,0,0,0,0,5498,0,0,0,0,0,0
293,5624,294.06501667020746,99986,165,95,8,2,3895,2080,0.059758366171263975,114,56,46983,48374,2728,1471,0,0,0,0,0,0,94365,0,0,84,0,0,0,0,0,0,0,5537,0,0,0,0,0,0
294,5624,295.1127695229169,99986,183,98,8,2,3926,2096,0.06022843198047727,121,51,46961,48369,2725,1478,0,0,0,0,0,0,94339,0,0,84,0,0,0,0,0,0,0,5563,0,0,0,0,0,0
295,5624,296.1607133227045,99986,188,106,8,2,3963,2117,0.06080851319184686,105,45,46952,48359,2745,1486,0,0,0,0,0,0,94295,0,0,85,0,0,0,0,0,0,0,5606,0,0,0,0,0,0
296,5624,297.20894879663297,99986,184,105,8,2,3989,2128,0.06117856499909988,106,53,46940,48344,2760,1494,0,0,0,0,0,0,94255,0,0,87,0,0,0,0,0,0,0,5644,0,0,0,0,0,0
297,5624,298.2574454168073,99985,184,92,9,2,4017,2136,0.061539230884632694,102,60,46935,48336,2768,1508,0,0,0,0,0,0,94206,0,0,87,0,0,0,0,0,0,0,5692,0,0,0,0,0,0
298,5624,299.30615686605597,99985,185,105,9,2,4045,2154,0.06199929989498425,107,56,46916,48325,2781,1510,0,0,0,0,0,0,94175,0,0,88,0,0,0,0,0,0,0,5722,0,0,0,0,0,0
299,5624,300.0054731760326,99985,192,104,9,2,4069,2164,0.0623393509026354,102,59,46904,48315,2791,1518,0,0,0,0,0,0,94148,0,0,89,0,0,0,0,0,0,0,5748,0,0,0,0,0,0
300,5624,301.0546926096689,99985,189,114,9,2,4096,2185,0.06281942291343702,107,49,46892,48307,2801,1526,0,0,0,0,0,0,94109,0,0,91,0,0,0,0,0,0,0,5785,0,0,0,0,0,0
301,5624,302.10422030675426,99985,178,116,9,2,4121,2203,0.06324948742311347,108,46,46879,48297,2824,1537,0,0,0,0,0,0,94060,0,0,94,0,0,0,0,0,0,0,5831,0,0,0,0,0,0
302,5624,303.15411293710093,99985,183,111,9,2,4149,2209,0.06358953843076462,115,54,46851,48292,2840,1539,0,0,0,0,0,0,94027,0,0,95,0,0,0,0,0,0,0,5863,0,0,0,0,0,0
303,5624,304.2044931568157,99985,181,107,9,2,4177,2217,0.06394959243886583,117,68,46827,48275,2864,1546,0,0,0,0,0,0,93989,0,0,99,0,0,0,0,0,0,0,5897,0,0,0,0,0,0
304,5624,305.2553775808986,99985,183,109,9,2,4203,2236,0.06439965994899235,133,60,46793,48267,2880,1560,0,0,0,0,0,0,93951,0,0,102,0,0,0,0,0,0,0,5932,0,0,0,0,0,0
305,5624,306.3068352375965,99985,191,100,9,2,4236,2249,0.0648597289593439,136,62,46770,48258,2892,1576,0,0,0,0,0,0,93907,0,0,105,0,0,0,0,0,0,0,5973,0,0,0,0,0,0
306,5624,307.0080468248814,99985,196,103,9,2,4254,2264,0.06518977846677002,127,54,46766,48256,2900,1583,0,0,0,0,0,0,93882,0,0,105,0,0,0,0,0,0,0,5998,0,0,0,0,0,0
307,5624,308.0601663720414,99985,194,94,9,2,4291,2273,0.06564984747712156,124,59,46745,48246,2926,1597,0,0,0,0,0,0,93826,0,0,106,0,0,0,0,0,0,0,6053,0,0,0,0,0,0
308,5624,309.1127758024473,99984,210,104,10,2,4329,2291,0.0662105936949912,130,60,46714,48235,2934,1597,0,0,0,0,0,0,93798,0,0,108,0,0,0,0,0,0,0,6078,0,0,0,0,0,0
309,5624,310.16578635457415,99984,223,106,10,2,4364,2305,0.0667006721075372,140,62,46676,48229,2949,1599,0,0,0,0,0,0,93767,0,0,111,0,0,0,0,0,0,0,6106,0,0,0,0,0,0
310,5624,311.21941065660945,99984,217,100,10,2,4397,2316,0.067140742518803,144,66,46651,48222,2976,1608,0,0,0,0,0,0,93713,0,0,113,0,0,0,0,0,0,0,6158,0,0,0,0,0,0
311,5624,312.2735744816569,99984,222,102,10,2,4430,2332,0.06763082093134902,149,57,46621,48220,2996,1617,0,0,0,0,0,0,93671,0,0,113,0,0,0,0,0,0,0,6200,0,0,0,0,0,0
312,5624,313.3283167628077,99984,228,96,10,2,4474,2338,0.06813090094415107,146,68,46594,48209,3020,1623,0,0,0,0,0,0,93623,0,0,115,0,0,0,0,0,0,0,6246,0,0,0,0,0,0
313,5624,314.031801849267,99984,222,97,10,2,4499,2350,0.06850096015362458,149,71,46574,48195,3043,1633,0,0,0,0,0,0,93584,0,0,118,0,0,0,0,0,0,0,6282,0,0,0,0,0,0
314,5624,315.08757452371077,99984,236,104,10,2,4539,2373,0.06913106096975516,152,58,46546,48193,3054,1641,0,0,0,0,0,0,93546,0,0,122,0,0,0,0,0,0,0,6316,0,0,0,0,0,0
315,5624,316.14385710929764,99984,247,108,10,2,4589,2387,0.06977116338614178,135,55,46528,48187,3078,1646,0,0,0,0,0,0,93499,0,0,124,0,0,0,0,0,0,0,6361,0,0,0,0,0,0
316,5624,317.2006154814419,99984,254,106,10,2,4625,2405,0.070311249799968,135,51,46504,48180,3095,1659,0,0,0,0,0,0,93452,0,0,126,0,0,0,0,0,0,0,6406,0,0,0,0,0,0
317,5624,318.2578809509728,99984,246,103,10,2,4656,2418,0.0707513202112338,141,50,46482,48175,3119,1668,0,0,0,0,0,0,93401,0,0,130,0,0,0,0,0,0,0,6453,0,0,0,0,0,0
318,5624,319.31562871607167,99984,248,100,10,2,4691,2429,0.07121139382301168,131,59,46469,48162,3140,1675,0,0,0,0,0,0,93355,0,0,131,0,0,0,0,0,0,0,6498,0,0,0,0,0,0
319,5624,320.02102416714126,99984,234,103,10,2,4708,2443,0.07152144343094895,144,61,46445,48147,3164,1684,1,1,1,1,0,0,93314,0,0,133,0,0,0,0,0,0,1,6535,1,0,0,0,0,0
320,5624,321.0796834864049,99984,234,100,10,2,4738,2452,0.07191150584093454,145,77,46422,48129,3185,1688,2,2,2,2,0,0,93272,0,0,135,0,0,0,0,0,0,3,6573,1,0,0,0,0,0
321,5624,322.1532391493642,99983,240,108,11,2,4776,2475,0.0725223287958953,152,70,46388,48122,3204,1693,3,3,3,3,0,0,93225,0,0,137,0,0,0,0,0,0,5,6615,1,0,0,0,0,0
322,5624,323.3020070867838,99983,249,115,11,2,4815,2491,0.073072422311793,129,72,46384,48105,3221,1700,4,4,4,4,0,0,93186,0,0,139,0,0,0,0,0,0,7,6650,1,0,0,0,0,0
323,5624,324.0796851851161,99983,249,117,11,2,4839,2508,0.07348249202364401,134,74,46363,48090,3236,1710,5,5,5,5,0,0,93149,0,0,143,0,0,0,0,0,0,9,6681,1,0,0,0,0,0
324,5624,325.09760587042297,99983,261,117,11,2,4874,2524,0.07399257873838552,138,76,46334,48079,3248,1718,6,6,6,6,0,0,93109,0,0,144,0,0,0,0,0,0,11,6718,1,0,0,0,0,0
325,5624,326.0032900579876,99983,263,121,11,2,4903,2544,0.07448266205254893,147,68,46311,48068,3259,1732,7,7,7,7,0,0,93064,0,0,144,0,0,0,0,0,0,13,6761,1,0,0,0,0,0
326,5624,327.0107186449043,99982,269,125,12,2,4948,2560,0.07509351683302995,153,67,46268,48054,3288,1742,8,8,8,8,0,0,93013,0,0,146,0,0,0,0,0,0,15,6807,1,0,0,0,0,0
327,5624,328.0337266833738,99982,266,119,12,2,4996,2579,0.07576363745474185,159,78,46229,48026,3323,1764,9,9,9,9,0,0,92940,0,0,151,0,0,0,0,0,0,17,6873,1,0,0,0,0,0
328,5624,329.095244504104,99982,268,120,12,2,5029,2595,0.0762537256706207,164,78,46199,48015,3345,1773,10,10,10,10,0,0,92892,0,0,151,0,0,0,0,0,0,19,6919,1,0,0,0,0,0
329,5624,330.03933972873733,99982,279,134,12,2,5077,2622,0.07700386069492508,150,74,46172,47996,3374,1781,11,11,11,11,0,0,92842,0,0,153,0,0,0,0,0,0,21,6965,1,0,0,0,0,0
330,5624,331.00494541965895,99982,276,137,12,2,5105,2638,0.07744393990918365,167,76,46135,47988,3396,1783,12,12,12,12,0,0,92799,0,0,156,0,0,0,0,0,0,23,7003,1,0,0,0,0,0
331,5624,332.06112280825124,99982,285,139,12,2,5159,2662,0.0782240803344602,154,74,46104,47971,3430,1799,13,13,13,13,0,0,92732,0,0,158,0,0,0,0,0,0,25,7066,1,0,0,0,0,0
332,5624,333.01202553912435,99980,293,145,12,4,5210,2689,0.07900580116023205,157,76,46065,47953,3458,1807,13,13,14,14,0,0,92670,0,0,162,0,0,0,0,0,0,27,7120,1,0,0,0,0,0
333,5624,334.1222064241473,99980,293,136,12,4,5262,2707,0.07970594118823765,145,73,46042,47944,3492,1827,14,14,15,15,0,0,92594,0,0,167,0,0,0,0,0,0,29,7189,1,0,0,0,0,0
334,5624,335.01317344887445,99980,275,143,12,4,5294,2728,0.08023604720944189,161,76,46006,47923,3529,1837,15,15,16,16,0,0,92532,0,0,171,0,0,0,0,0,0,31,7245,1,0,0,0,0,0
335,5624,336.1636473551108,99980,278,128,12,4,5344,2742,0.080876175235047,153,86,45982,47903,3557,1861,16,16,17,17,0,0,92457,0,0,174,0,0,0,0,0,0,33,7315,1,0,0,0,0,0
336,5624,337.0290050598008,99980,267,128,12,4,5375,2761,0.081376275255051,153,86,45962,47889,3587,1874,17,17,18,18,0,0,92398,0,0,178,0,0,0,0,0,0,35,7368,1,0,0,0,0,0
337,5624,338.1195623063043,99979,256,141,13,4,5417,2793,0.08211724462137049,155,75,45931,47875,3625,1885,18,18,19,19,0,0,92327,0,0,181,0,0,0,0,0,0,37,7433,1,0,0,0,0,0
338,5624,339.05195884116335,99979,262,136,13,4,5450,2808,0.08259734544254294,159,82,45905,47859,3640,1898,19,19,20,20,0,0,92283,0,0,186,0,0,0,0,0,0,39,7470,1,0,0,0,0,0
339,5624,340.02743253735423,99979,268,144,13,4,5494,2834,0.08329749247341942,166,79,45868,47842,3663,1909,20,20,21,21,0,0,92227,0,0,188,0,0,0,0,0,0,41,7522,1,0,0,0,0,0
340,5624,341.00458267224525,99979,275,143,13,4,5527,2852,0.08380759959591515,158,72,45851,47834,3680,1924,21,21,22,22,0,0,92182,0,0,190,0,0,0,0,0,0,43,7563,1,0,0,0,0,0
341,5624,342.1076640390527,99979,273,145,13,4,5578,2880,0.08459776553076145,167,73,45807,47814,3716,1940,22,22,23,23,0,0,92108,0,0,197,0,0,0,0,0,0,45,7628,1,0,0,0,0,0
342,5624,343.17994696971937,99978,277,146,14,4,5619,2906,0.08526875912700795,161,74,45787,47796,3736,1955,23,23,24,24,0,0,92048,0,0,201,0,0,0,0,0,0,47,7681,1,0,0,0,0,0
343,5624,344.25276494692986,99978,275,149,14,4,5654,2925,0.08580887795314969,177,76,45753,47781,3755,1964,24,24,25,25,0,0,91995,0,0,203,0,0,0,0,0,0,49,7730,1,0,0,0,0,0
344,5624,345.3261866314269,99978,285,151,14,4,5702,2946,0.08649902978655304,169,76,45730,47769,3774,1973,26,25,26,27,0,0,91938,0,0,206,0,0,0,0,0,0,52,7781,1,0,0,0,0,0
345,5624,346.0421055528149,99978,294,159,14,4,5739,2962,0.08702914641221068,169,72,45704,47762,3789,1974,28,27,28,29,0,0,91900,0,0,208,0,0,0,0,0,0,56,7813,1,0,0,0,0,0
346,5624,347.1165478322366,99978,288,158,14,4,5775,2984,0.08760927404028887,188,75,45667,47744,3811,1988,30,29,30,31,0,0,91833,0,0,209,0,0,0,0,0,0,59,7875,2,0,0,0,0,0
347,5624,348.1917432373174,99977,298,157,15,4,5829,3006,0.0883703251747902,194,71,45627,47734,3832,2002,32,30,32,33,0,0,91765,0,0,211,0,0,0,0,0,0,62,7936,3,0,0,0,0,0
348,5624,349.26771020957676,99976,311,158,16,4,5879,3029,0.08910138433223974,187,72,45597,47716,3854,2016,33,32,34,35,0,0,91705,0,0,213,0,0,0,0,0,0,65,7989,4,0,0,0,0,0
349,5624,350.34433759553457,99975,298,153,17,4,5915,3044,0.08961240310077519,205,84,45552,47688,3890,2034,36,35,37,38,0,0,91632,0,0,215,0,0,0,0,0,0,71,8053,4,0,0,0,0,0
350,5624,351.0625877236345,99975,315,155,17,4,5959,3060,0.09021255313828457,193,92,45525,47664,3909,2046,39,37,40,41,0,0,91587,0,0,216,0,0,0,0,0,0,76,8091,5,0,0,0,0,0
351,5624,352.14064330670254,99975,317,153,17,4,6002,3086,0.09090272568142035,198,98,45487,47641,3937,2062,42,40,43,44,0,0,91516,0,0,219,0,0,0,0,0,0,81,8153,6,0,0,0,0,0
352,5624,353.2195497583322,99973,311,155,19,4,6054,3113,0.09169475758454783,196,98,45448,47614,3978,2083,46,44,47,48,0,0,91431,0,0,225,0,0,0,0,0,0,89,8222,6,0,0,0,0,0
353,5624,354.2993660804692,99973,327,157,19,4,6120,3141,0.09263501145309233,183,99,45405,47590,4014,2100,50,48,51,52,0,0,91351,0,0,228,0,0,0,0,0,0,96,8291,7,0,0,0,0,0
354,5624,355.0197524661271,99973,325,157,19,4,6152,3161,0.09315515189101058,192,93,45372,47580,4035,2111,55,53,56,57,0,0,91291,0,0,231,0,0,0,0,0,0,105,8338,8,0,0,0,0,0
355,5624,356.10126073592517,99973,325,153,19,4,6206,3182,0.09390535444570033,189,94,45335,47557,4070,2132,60,58,61,62,0,0,91213,0,0,240,1,0,0,0,0,0,114,8397,8,0,0,0,0,0
356,5624,357.1837233163904,99973,331,152,19,4,6263,3203,0.0946855651025777,172,102,45314,47530,4097,2146,65,64,67,67,0,0,91139,0,0,248,1,0,0,0,0,0,123,8452,10,0,0,0,0,0
357,5624,358.2668235339353,99973,318,155,19,4,6302,3232,0.09536574875216308,155,93,45301,47513,4134,2163,71,70,73,73,0,0,91054,0,0,252,1,0,0,0,0,0,134,8521,11,0,0,0,0,0
358,5624,359.3505282281948,99973,327,164,19,4,6345,3262,0.09609594590539446,179,98,45246,47478,4150,2177,77,77,80,80,0,0,90988,0,0,255,1,0,0,0,0,0,148,8570,11,0,0,0,0,0
359,5624,360.07344619943393,99973,324,167,19,4,6372,3283,0.0965760755403959,181,93,45224,47462,4166,2187,84,85,88,87,0,0,90934,0,0,261,1,0,0,0,0,0,160,8603,14,0,0,0,0,0
360,5624,361.1585988450804,99972,334,168,20,4,6426,3307,0.09735726003280919,182,92,45174,47436,4196,2204,92,94,97,95,0,0,90855,0,0,265,1,0,0,0,0,0,176,8660,15,0,0,0,0,0
361,5624,362.24479694470455,99972,321,168,20,4,6464,3332,0.09798743648221502,196,92,45135,47407,4225,2223,101,104,107,104,0,0,90767,0,0,270,1,0,0,0,0,0,193,8724,17,0,0,0,0,0
362,5624,363.3319345000451,99972,335,166,20,4,6522,3357,0.09881766894730525,189,87,45094,47385,4250,2241,110,115,118,113,0,0,90679,0,0,273,1,0,0,0,0,0,213,8789,17,0,0,0,0,0
363,5624,364.05723532281434,99972,329,167,20,4,6556,3369,0.09927779778337935,190,95,45065,47360,4275,2245,119,127,130,123,0,0,90614,0,0,278,1,0,0,0,0,0,232,8827,20,0,0,0,0,0
364,5624,365.14600557892203,99972,325,177,20,4,6610,3401,0.10013803865082223,184,89,45019,47328,4321,2261,129,139,143,134,0,0,90518,0,0,284,1,0,0,0,0,0,254,8893,22,0,0,0,0,0
365,5624,366.23597208717234,99971,319,170,21,4,6659,3423,0.10084924628142161,189,90,44968,47299,4360,2282,141,153,157,146,0,0,90414,0,0,287,1,0,0,0,0,0,277,8967,25,0,0,0,0,0
366,5624,367.3272015290686,99971,323,161,21,4,6711,3439,0.1015294435386262,183,100,44930,47264,4388,2301,153,168,172,159,0,0,90319,0,0,291,1,0,0,0,0,0,303,9030,27,0,0,0,0,0
367,5624,368.05523254108095,99971,328,151,21,4,6746,3457,0.10205959728321214,185,111,44887,47222,4410,2325,167,185,189,173,0,0,90234,0,0,292,2,0,0,0,0,0,333,9082,28,0,0,0,0,0
368,5624,369.1483531928412,99969,332,142,23,4,6799,3473,0.10275185307445309,178,109,44839,47200,4445,2343,181,200,207,188,0,0,90134,0,0,296,3,0,0,0,0,0,365,9142,29,0,0,0,0,0
369,5624,370.2427692476448,99968,327,154,24,4,6845,3506,0.1035431338028169,183,103,44793,47168,4473,2349,198,220,227,205,0,0,90032,0,0,298,3,0,0,0,0,0,397,9204,34,0,0,0,0,0
370,5624,371.3381765184015,99967,315,153,25,4,6887,3529,0.10419438414676843,178,107,44765,47129,4500,2364,215,241,249,223,0,0,89922,0,0,301,3,0,0,0,0,0,432,9270,39,0,0,0,0,0
371,5624,372.0688994404789,99967,315,153,25,4,6920,3545,0.10468454590014704,173,100,44729,47101,4522,2375,234,265,273,242,0,0,89838,0,0,304,4,0,0,0,0,0,471,9308,42,0,0,0,0,0
372,5624,373.1662142036292,99967,297,155,25,4,6962,3571,0.1053647703742235,176,102,44681,47061,4565,2385,254,291,299,263,0,0,89715,0,0,309,4,0,0,0,0,0,515,9379,45,0,0,0,0,0
373,5624,374.2648093287305,99967,295,159,25,4,7006,3600,0.10609501135374674,177,98,44638,47025,4588,2395,275,317,327,285,0,0,89608,0,0,312,5,0,0,0,0,0,555,9433,54,0,0,0,0,0
374,5624,375.3645053200073,99967,300,166,25,4,7052,3630,0.10685526223653806,179,93,44586,46982,4612,2407,296,346,357,309,0,0,89499,0,0,314,5,0,0,0,0,0,602,9486,61,0,0,0,0,0
375,5624,376.0982619225189,99967,308,169,25,4,7086,3645,0.10734542398991667,174,98,44549,46933,4622,2415,320,379,390,334,0,0,89412,0,0,317,5,0,0,0,0,0,654,9512,67,0,0,0,0,0
376,5624,377.19991525220473,99967,309,171,25,4,7134,3676,0.10813568477597607,171,90,44504,46890,4642,2431,347,412,425,361,0,0,89285,0,0,322,6,0,0,0,0,0,711,9572,71,0,0,0,0,0
377,5624,378.3027092201374,99967,296,164,25,4,7175,3698,0.10876589274460571,171,91,44462,46839,4668,2451,376,449,463,390,0,0,89151,0,0,326,7,0,0,0,0,0,767,9635,81,0,0,0,0,0
378,5624,379.0386530454998,99967,305,170,25,4,7208,3721,0.10932607760560985,164,91,44422,46783,4675,2460,407,490,504,421,0,0,89049,0,0,330,8,0,0,0,0,0,833,9661,86,0,0,0,0,0
379,5624,380.14355434626304,99965,291,167,27,4,7254,3741,0.10998849597359076,170,94,44363,46735,4709,2466,438,532,548,454,0,0,88899,0,0,335,8,0,0,0,0,0,905,9727,91,0,0,0,0,0
380,5624,381.2500117676267,99965,276,168,27,4,7290,3765,0.11058870604711649,185,90,44301,46679,4738,2479,471,578,595,489,0,0,88752,0,0,337,8,0,0,0,0,0,980,9790,98,0,0,0,0,0
381,5624,382.3580354587229,99965,269,174,27,4,7338,3789,0.11130895813534737,179,103,44245,46602,4771,2488,507,627,646,526,0,0,88600,0,0,340,8,0,0,0,0,0,1062,9851,104,0,0,0,0,0
382,5624,383.09749780135223,99965,273,171,27,4,7374,3805,0.11182914019906967,183,107,44188,46541,4781,2496,546,679,700,566,0,0,88468,0,0,343,8,0,0,0,0,0,1146,9886,114,0,0,0,0,0
383,5624,384.20826346650824,99965,256,181,27,4,7412,3833,0.11248937127994799,179,96,44138,46479,4812,2501,586,737,758,608,0,0,88311,0,0,346,9,0,0,0,0,0,1234,9940,125,0,0,0,0,0
384,5624,385.3205770421471,99965,272,170,27,4,7469,3850,0.11322963037062972,166,98,44083,46414,4823,2517,627,795,820,653,0,0,88147,0,0,346,9,0,0,0,0,0,1329,9997,137,0,0,0,0,0
385,5624,386.06288265860417,99965,275,178,27,4,7501,3872,0.11376981943680288,159,97,44034,46345,4835,2517,668,857,886,700,0,0,88005,0,0,347,9,0,0,0,0,0,1429,10025,150,0,0,0,0,0
386,5624,387.1777634539904,99965,297,175,27,4,7553,3892,0.11449007152503377,151,98,43964,46271,4843,2527,716,923,957,750,0,0,87852,0,0,352,9,0,0,0,0,0,1534,10052,166,0,0,0,0,0
387,5624,388.2943127025543,99964,287,169,27,5,7595,3924,0.11523148333400024,148,95,43900,46181,4870,2551,766,997,1032,803,0,0,87652,0,0,359,9,0,0,0,0,0,1651,10116,177,0,0,0,0,0
388,5624,389.0396385617684,99964,288,168,27,5,7624,3941,0.11569164899363771,147,98,43835,46092,4879,2561,822,1074,1112,859,0,0,87489,0,0,364,9,0,0,0,0,0,1773,10138,191,0,0,0,0,0
389,5624,390.15960950500636,99964,281,169,27,5,7655,3970,0.1162918650714257,161,91,43767,45999,4887,2577,875,1157,1197,918,0,0,87304,0,0,369,9,0,0,0,0,0,1897,10174,211,0,0,0,0,0
390,5624,391.2812537444116,99964,280,157,27,5,7700,3989,0.11693209555439958,173,97,43684,45902,4903,2593,931,1244,1287,980,0,0,87099,0,0,373,11,0,0,0,0,0,2031,10223,227,0,0,0,0,0
391,5624,392.030067557281,99963,284,158,27,6,7735,4005,0.11744345407800887,161,94,43617,45807,4915,2596,994,1337,1382,1045,0,0,86909,0,0,375,12,0,0,0,0,0,2178,10250,239,0,0,0,0,0
392,5624,393.15554989401966,99963,277,161,27,6,7777,4032,0.11813370947250483,163,98,43538,45698,4936,2602,1057,1433,1483,1114,0,0,86690,0,0,375,15,0,0,0,0,0,2329,10297,257,0,0,0,0,0
393,5624,394.28305088935946,99963,288,167,27,6,7824,4065,0.11893400558206536,166,85,43445,45595,4948,2607,1124,1538,1590,1186,0,0,86470,0,0,379,16,0,0,0,0,0,2491,10334,273,0,0,0,0,0
394,5624,395.0359347308785,99963,307,169,27,6,7866,4083,0.11953422766423577,146,84,43377,45474,4945,2615,1196,1650,1703,1262,0,0,86271,0,0,383,17,0,0,0,0,0,2656,10340,296,0,0,0,0,0
395,5624,396.1675505156227,99963,299,158,27,6,7905,4108,0.1201744645518842,144,87,43302,45348,4957,2634,1269,1765,1822,1341,0,0,86018,0,0,388,18,0,0,0,0,0,2832,10390,317,0,0,0,0,0
396,5624,397.3011868112488,99963,293,171,27,6,7944,4140,0.12088472734911918,151,79,43206,45226,4976,2633,1345,1883,1948,1424,0,0,85775,0,0,389,19,0,0,0,0,0,3013,10423,344,0,0,0,0,0
397,5624,398.0582975472283,99963,294,168,27,6,7971,4156,0.12131488650800797,161,76,43112,45102,4980,2636,1424,2010,2080,1511,0,0,85538,0,0,391,19,0,0,0,0,0,3207,10439,369,0,0,0,0,0
398,5624,399.19677326890866,99963,275,166,27,6,8006,4178,0.12188509748606985,175,77,43013,44973,4997,2642,1511,2134,2219,1602,0,0,85256,0,0,395,19,0,0,0,0,0,3415,10487,391,0,0,0,0,0
399,5624,400.3377795400898,99963,280,162,27,6,8055,4201,0.12260536398467432,163,76,42923,44828,5003,2655,1602,2271,2365,1697,0,0,84973,0,0,399,19,0,0,0,0,0,3631,10525,416,0,0,0,0,0
400,5624,401.0998575182316,99963,283,165,27,6,8082,4219,0.12305553054630214,163,78,42815,44676,5012,2654,1698,2419,2519,1796,0,0,84710,0,0,402,19,0,0,0,0,0,3858,10532,442,0,0,0,0,0
401,5624,402.24621301747436,99962,286,155,28,6,8132,4239,0.1237570276705148,161,79,42709,44528,5021,2663,1793,2567,2680,1900,0,0,84403,0,0,402,22,0,0,0,0,0,4091,10573,471,0,0,0,0,0
402,5624,403.012064562684,99962,271,154,28,6,8163,4256,0.12423721013985314,161,82,42600,44362,5042,2664,1896,2730,2849,2008,0,0,84088,0,0,406,22,0,0,0,0,0,4346,10607,493,0,0,0,0,0
403,5624,404.16429648349094,99960,281,153,30,6,8222,4281,0.12508003201280513,158,80,42472,44196,5057,2670,2000,2893,3026,2120,0,0,83755,0,0,410,24,0,0,0,0,0,4611,10644,516,0,0,0,0,0
404,5624,405.3198996861642,99960,267,156,30,6,8262,4310,0.1257703081232493,166,62,42342,44031,5080,2676,2113,3067,3211,2237,0,0,83403,0,0,412,25,0,0,0,0,0,4886,10692,542,0,0,0,0,0
405,5624,406.09233995279425,99959,270,145,31,6,8295,4321,0.12621174681619465,166,66,42227,43857,5075,2673,2229,3251,3404,2359,0,0,83086,0,0,413,26,0,0,0,0,0,5153,10692,589,0,0,0,0,0
406,5624,407.25479976071256,99959,257,140,31,6,8333,4336,0.1267419642053242,170,84,42112,43662,5081,2667,2347,3439,3606,2485,0,0,82729,0,0,419,26,0,0,0,0,0,5445,10715,625,0,0,0,0,0
407,5624,408.0315385482741,99959,264,144,31,6,8368,4353,0.12726217749277205,159,81,41989,43477,5079,2657,2476,3633,3817,2616,0,0,82389,0,0,421,29,0,0,0,0,0,5749,10711,660,0,0,0,0,0
408,5624,409.2005521840077,99959,263,134,31,6,8415,4369,0.1278924358987185,155,84,41861,43265,5087,2664,2601,3845,4036,2752,0,0,82007,0,0,427,30,0,0,0,0,0,6064,10732,699,0,0,0,0,0
409,5624,410.3733069981136,99957,253,135,33,6,8448,4391,0.1284452314495233,149,78,41734,43071,5095,2658,2734,4050,4264,2893,0,0,81624,0,0,431,30,0,0,0,0,0,6387,10740,745,0,0,0,0,0
410,5624,411.15723878993185,99957,255,133,33,6,8475,4406,0.1288654121272147,148,79,41608,42854,5082,2650,2872,4276,4501,3039,0,0,81252,0,0,430,33,0,0,0,0,0,6719,10730,793,0,0,0,0,0
411,5624,412.33738226599127,99957,258,152,33,6,8517,4437,0.12959572616224976,157,67,41462,42637,5075,2629,3013,4507,4747,3190,0,0,80866,0,0,434,34,0,0,0,0,0,7059,10715,849,0,0,0,0,0
412,5624,413.1262503165633,99957,257,150,33,6,8543,4453,0.1300159068399412,165,71,41306,42408,5074,2619,3163,4744,5003,3346,0,0,80454,0,0,437,35,0,0,0,0,0,7430,10712,889,0,0,0,0,0
413,5624,414.3145131737392,99957,268,138,33,6,8596,4477,0.1307862380823754,158,70,41138,42162,5088,2632,3313,4990,5268,3507,0,0,80004,0,0,437,39,0,0,0,0,0,7807,10735,935,0,0,0,0,0
414,5624,415.10936317188384,99957,277,138,33,6,8630,4490,0.1312564402693158,157,69,40985,41905,5077,2627,3469,5253,5542,3673,0,0,79581,0,0,436,41,0,0,0,0,0,8193,10719,987,0,0,0,0,0
415,5624,416.3068672454645,99957,270,144,33,6,8677,4515,0.1319767500025011,153,66,40833,41632,5085,2621,3624,5529,5826,3845,0,0,79110,0,0,437,45,0,0,0,0,0,8596,10733,1036,0,0,0,0,0
416,5624,417.1077446440482,99957,277,143,33,6,8709,4528,0.13242694358574186,159,67,40659,41367,5080,2612,3790,5803,6119,4022,0,0,78653,0,0,430,51,1,0,0,0,0,9015,10727,1080,0,0,0,0,0
417,5624,418.3145898869071,99957,270,134,33,6,8744,4546,0.13295717158378104,166,74,40508,41091,5072,2616,3949,6077,6422,4204,0,0,78166,0,0,433,52,1,0,0,0,0,9437,10726,1142,0,0,0,0,0
418,5624,419.1217814257242,99957,262,131,33,6,8772,4561,0.13338735656332223,165,71,40336,40813,5070,2607,4132,6370,6734,4391,0,0,77682,0,0,435,55,1,0,0,0,0,9872,10709,1203,0,0,0,0,0
419,5624,420.3385922186856,99957,270,123,33,6,8828,4582,0.1341576878057565,183,99,40141,40507,5071,2600,4300,6663,7056,4584,0,0,77170,19,1,439,59,1,0,0,0,0,10316,10682,1270,0,0,0,0,0
420,5624,421.00452303798517,99957,283,135,33,6,8864,4602,0.13471792870934501,194,99,39956,40202,5049,2586,4483,6970,7387,4782,0,0,76673,46,2,436,65,1,0,0,0,0,10785,10626,1323,0,0,0,0,0
421,5624,422.0083912087731,99957,296,143,33,6,8920,4625,0.13550826855547884,209,120,39743,39875,5053,2572,4664,7282,7727,4985,0,0,76140,96,4,441,66,1,0,0,0,0,11266,10561,1382,0,0,0,0,0
422,5624,423.0170820416194,99957,320,151,33,6,8989,4652,0.13646868153305922,211,131,39534,39556,5045,2561,4855,7593,8077,5193,0,0,75588,154,5,444,68,1,0,0,0,0,11759,10494,1444,0,0,0,0,0
423,5624,424.0306974359699,99955,323,169,35,6,9033,4692,0.13731179030563753,246,132,39302,39211,5042,2549,5050,7931,8436,5406,0,0,75026,209,9,443,71,1,0,0,0,0,12260,10428,1508,0,0,0,0,0
424,5624,425.0497585420943,99954,351,172,35,7,9109,4724,0.13839366108409867,260,145,39066,38866,5051,2540,5235,8268,8804,5625,0,0,74436,277,12,445,74,1,0,0,0,0,12778,10360,1571,0,0,0,0,0
425,5624,426.07440690897107,99954,363,184,35,7,9181,4766,0.1395341857254337,285,145,38814,38525,5065,2532,5436,8605,9180,5849,0,0,73834,349,20,449,79,2,0,0,0,0,13300,10287,1634,0,0,0,0,0
426,5624,427.10520076880755,99954,377,197,35,7,9249,4801,0.140564659743482,318,153,38559,38167,5068,2522,5641,8952,9565,6078,0,0,73230,409,29,455,80,2,0,0,0,0,13835,10211,1703,0,0,0,0,0
427,5624,428.1420600098161,99954,413,216,35,7,9336,4842,0.14184524881445465,326,163,38309,37789,5065,2510,5850,9313,9958,6312,0,0,72618,463,37,460,86,2,0,0,0,0,14385,10137,1766,0,0,0,0,0
428,5624,429.18503298297827,99953,430,218,36,7,9416,4878,0.14300721339029343,367,168,38044,37421,5068,2513,6053,9671,10360,6550,0,0,71979,539,48,464,91,2,0,0,0,0,14936,10055,1839,0,0,0,0,0
429,5624,430.23463789695114,99952,455,219,36,8,9502,4923,0.14431927325116056,382,163,37788,37041,5074,2518,6263,10049,10770,6793,0,0,71321,623,61,468,94,2,0,0,0,0,15496,9971,1916,0,0,0,0,0
430,5624,431.2907007046911,99952,483,235,36,8,9603,4966,0.14575996478309589,364,197,37539,36628,5099,2514,6477,10416,11187,7041,0,0,70644,700,79,471,96,2,0,0,0,0,16078,9903,1979,0,0,0,0,0
431,5624,432.3534213866701,99951,491,240,36,9,9702,5010,0.147192124140829,388,203,37257,36246,5127,2507,6699,10793,11612,7293,0,0,69945,796,102,476,100,2,0,0,0,0,16657,9822,2051,0,0,0,0,0
432,5624,433.0660885138071,99950,519,262,36,10,9779,5048,0.14834417208604303,387,205,37007,35840,5121,2493,6928,11188,12044,7550,0,0,69277,842,115,477,104,2,0,0,0,0,17265,9753,2115,0,0,0,0,0
433,5624,434.14313460321074,99949,539,263,36,11,9878,5101,0.14986643188025894,410,230,36721,35414,5137,2508,7155,11572,12482,7811,0,0,68555,936,133,486,113,2,0,0,0,0,17874,9672,2178,0,0,0,0,0
434,5624,435.2276891347495,99949,553,290,36,11,9988,5170,0.1516573452460755,436,237,36421,34988,5180,2511,7372,11961,12927,8076,0,0,67821,1031,157,496,120,2,0,0,0,0,18488,9590,2244,0,0,0,0,0
435,5624,436.32051735937995,99948,615,317,37,11,10137,5234,0.1537899707848081,442,243,36100,34571,5206,2509,7598,12347,13378,8345,0,0,67082,1116,186,497,126,2,0,0,0,0,19113,9520,2306,0,0,0,0,0
436,5624,437.0538213801422,99947,618,331,38,11,10211,5284,0.15503216704853573,468,244,35808,34162,5223,2495,7843,12755,13835,8618,0,0,66357,1192,205,500,134,2,0,0,0,0,19742,9435,2380,0,0,0,0,0
437,5624,438.1638196076845,99946,661,336,39,11,10363,5350,0.15721489604386368,486,258,35485,33717,5264,2520,8063,13156,14297,8895,0,0,65577,1302,247,509,140,2,0,0,0,0,20368,9355,2446,0,0,0,0,0
438,5624,439.2831817582443,99945,694,368,39,12,10513,5423,0.15944769623292812,497,265,35159,33276,5310,2518,8299,13559,14764,9175,0,0,64810,1410,278,518,147,2,0,0,0,0,20994,9256,2530,0,0,0,0,0
439,5624,440.0347125791974,99945,709,384,39,12,10604,5475,0.16087848316574116,500,275,34884,32832,5319,2510,8547,13985,15235,9459,0,0,64083,1478,306,524,155,2,0,0,0,0,21624,9153,2620,0,0,0,0,0
440,5624,441.1720495008523,99945,762,390,39,12,10770,5561,0.16339986992846064,513,290,34561,32388,5349,2538,8774,14380,15710,9746,0,0,63296,1602,348,543,160,3,0,0,0,0,22243,9036,2714,0,0,0,0,0
441,5624,442.31889688877374,99945,772,399,39,12,10922,5638,0.16569113012156686,541,316,34220,31940,5427,2546,8999,14785,16189,10036,0,0,62481,1742,393,558,168,4,0,0,0,0,22873,8927,2799,0,0,0,0,0
442,5624,443.0892724687124,99943,785,418,41,12,11026,5699,0.1673453868705162,580,322,33908,31491,5446,2544,9238,15211,16671,10329,0,0,61712,1821,428,568,175,4,0,0,0,0,23526,8830,2879,0,0,0,0,0
443,5624,444.25668859749334,99943,839,434,41,12,11188,5797,0.16994686971573797,596,321,33584,31043,5484,2578,9454,15610,17156,10624,0,0,60914,1943,478,578,182,4,0,0,0,0,24151,8716,2977,0,0,0,0,0
444,5624,445.0405712204586,99943,850,456,41,12,11297,5864,0.1717078734878881,620,315,33263,30597,5515,2577,9709,16041,17643,10922,0,0,60132,2020,518,588,194,4,0,0,0,0,24812,8626,3049,0,0,0,0,0
445,5624,446.22900172622246,99942,901,470,42,12,11483,5965,0.1745812571291349,649,332,32908,30129,5567,2613,9931,16442,18132,11222,0,0,59304,2162,577,602,198,5,0,0,0,0,25437,8509,3148,0,0,0,0,0
446,5624,447.02757419391855,99941,941,489,43,12,11617,6043,0.17670425551075133,668,343,32576,29672,5590,2620,10180,16862,18623,11524,0,0,58517,2254,616,605,212,5,0,0,0,0,26088,8407,3237,0,0,0,0,0
447,5624,448.2388607940098,99941,970,500,43,12,11826,6146,0.1798260973974645,695,356,32209,29229,5682,2656,10399,17245,19115,11828,0,0,57630,2427,682,626,223,5,0,0,0,0,26736,8303,3309,0,0,0,0,0
448,5624,449.0533759898314,99940,1007,522,44,12,11978,6230,0.18218931358815288,717,345,31860,28791,5733,2656,10637,17672,19608,12134,0,0,56836,2511,752,638,231,6,0,0,0,0,27375,8201,3390,0,0,0,0,0
449,5624,450.28931060116435,99938,1041,537,46,12,12188,6339,0.18538493866197042,754,358,31495,28340,5813,2703,10849,18048,20101,12441,0,0,55959,2681,817,660,239,6,0,0,0,0,28014,8084,3478,0,0,0,0,0
450,5624,451.12083712915324,99937,1084,547,46,13,12359,6410,0.1878083192411219,756,374,31157,27903,5863,2707,11092,18454,20593,12750,0,0,55155,2787,875,667,254,6,0,0,0,0,28652,7973,3568,0,0,0,0,0
451,5624,452.38314512827503,99936,1109,573,47,13,12604,6534,0.19150256163944926,784,386,30763,27444,5981,2742,11314,18840,21085,13060,0,0,54266,2956,983,679,276,6,0,0,0,0,29259,7877,3634,0,0,0,0,0
452,5624,453.2331842187618,99936,1116,580,47,13,12744,6611,0.19367395132885046,827,402,30426,26990,6027,2756,11555,19257,21576,13370,0,0,53463,3053,1063,691,285,8,0,0,0,0,29883,7771,3719,0,0,0,0,0
453,5624,454.0918439268771,99936,1169,598,47,13,12929,6696,0.1963756804354787,858,424,30075,26539,6056,2773,11793,19651,22065,13681,0,0,52664,3142,1140,707,297,8,0,0,0,0,30512,7664,3802,0,0,0,0,0
454,5624,455.39599913212123,99934,1217,634,49,13,13216,6836,0.20065243060419877,851,446,29684,26085,6209,2811,11988,20009,22552,13993,0,0,51760,3335,1245,730,312,8,0,0,0,0,31113,7549,3882,0,0,0,0,0
455,5624,456.2739687963983,99933,1223,658,50,13,13391,6939,0.2034363023225561,880,431,29342,25670,6290,2826,12213,20400,23037,14305,0,0,50953,3430,1345,756,329,9,0,0,0,0,31717,7437,3957,0,0,0,0,0
456,5624,457.1618711790913,99933,1246,693,50,13,13575,7049,0.20637827344320694,924,445,29005,25234,6338,2845,12435,20768,23520,14617,0,0,50167,3533,1442,774,344,9,0,0,0,0,32300,7307,4057,0,0,0,0,0
457,5624,458.0596565894297,99932,1293,696,51,13,13802,7149,0.20965256374334548,911,453,28684,24819,6398,2870,12661,21147,24000,14929,0,0,49361,3639,1573,791,357,11,0,0,0,0,32865,7197,4138,0,0,0,0,0
458,5624,459.4235152609046,99931,1361,714,52,13,14115,7317,0.21446798290820665,956,457,28263,24399,6542,2949,12824,21466,24476,15240,0,0,48461,3831,1719,820,368,14,0,0,0,0,33415,7089,4214,0,0,0,0,0
459,5624,460.34270711546947,99931,1401,741,52,13,14351,7423,0.21789034433759294,951,477,27918,23981,6638,2966,13038,21820,24949,15551,0,0,47655,3938,1843,833,392,15,0,0,0,0,33985,6991,4279,0,0,0,0,0
460,5624,461.27271914651726,99930,1412,730,53,13,14554,7523,0.22092464725307714,991,505,27557,23558,6736,3031,13249,22161,25418,15861,0,0,46817,4071,1961,853,413,16,0,0,0,0,34563,6896,4340,0,0,0,0,0
461,5624,462.2141551693714,99930,1475,719,53,13,14807,7614,0.2243670569398579,969,533,27208,23158,6841,3065,13452,22510,25883,16170,0,0,46011,4192,2088,868,432,18,0,0,0,0,35115,6792,4414,0,0,0,0,0
462,5624,463.16716739817304,99928,1482,737,54,14,15033,7742,0.2279140981506685,984,537,26849,22748,6969,3112,13660,22850,26343,16478,0,0,45191,4322,2237,881,458,19,0,0,0,0,35646,6700,4474,0,0,0,0,0
463,5624,464.1322701124995,99927,1498,763,55,14,15275,7871,0.23162908923514167,995,532,26517,22337,7086,3161,13847,23191,26799,16785,0,0,44374,4451,2376,903,484,19,0,0,0,0,36184,6600,4536,0,0,0,0,0
464,5624,465.109490042942,99925,1519,767,57,14,15513,7994,0.2352464348261196,1033,539,26198,21964,7173,3213,14018,23501,27250,17090,0,0,43580,4579,2533,916,509,19,0,0,0,0,36682,6493,4614,0,0,0,0,0
465,5624,466.0982355203007,99924,1548,792,57,15,15758,8127,0.23903166406468918,1030,548,25881,21561,7276,3272,14206,23810,27695,17394,0,0,42787,4690,2681,947,533,19,0,0,0,0,37206,6394,4667,0,0,0,0,0
466,5624,467.09820337901857,99924,1587,842,57,15,16025,8283,0.24326488130979546,1021,535,25552,21184,7397,3315,14384,24107,28135,17696,0,0,41992,4829,2824,962,563,19,0,0,0,0,37714,6291,4730,0,0,0,0,0
467,5624,468.1103696436366,99923,1618,847,58,15,16265,8409,0.24693013620487775,1030,539,25243,20829,7487,3369,14562,24399,28569,17996,0,0,41203,4961,2977,973,585,19,0,0,0,0,38211,6197,4797,0,0,0,0,0
468,5624,469.13431374500226,99923,1656,874,58,15,16525,8565,0.2510933418732424,1008,524,24939,20470,7587,3441,14750,24674,28998,18294,0,0,40434,5083,3151,985,616,20,0,0,0,0,38675,6104,4855,0,0,0,0,0
469,5624,470.1707470517197,99922,1682,892,58,16,16800,8721,0.255409219190969,1007,529,24607,20111,7710,3518,14934,24932,29421,18590,0,0,39660,5221,3328,1016,641,21,0,0,0,0,39121,5989,4925,0,0,0,0,0
470,5624,471.2202664106228,99919,1694,895,61,16,17057,8861,0.25939010598584855,1039,513,24282,19793,7830,3580,15092,25201,29838,18884,0,0,38873,5372,3511,1021,671,21,0,0,0,0,39562,5905,4983,0,0,0,0,0
471,5624,472.2834017741577,99919,1723,921,61,16,17338,9017,0.2637636485553298,1052,509,23976,19530,7952,3605,15234,25417,30248,19175,0,0,38152,5494,3692,1030,713,24,0,0,0,0,39961,5791,5062,0,0,0,0,0
472,5624,473.35976004140764,99917,1728,895,63,16,17631,9154,0.2680725001751454,1050,523,23656,19237,8118,3694,15383,25633,30652,19464,0,0,37363,5643,3897,1062,746,25,0,0,0,0,40372,5698,5111,0,0,0,0,0
473,5624,474.45040208176385,99916,1746,921,64,16,17923,9310,0.2725589495175948,1034,506,23368,18927,8261,3767,15525,25861,31050,19750,0,0,36638,5771,4089,1086,780,28,0,0,0,0,40759,5584,5181,0,0,0,0,0
474,5624,475.5548326723616,99914,1742,906,65,17,18207,9448,0.2767880377124327,1018,539,23071,18634,8418,3834,15684,26068,31441,20034,0,0,35891,5918,4310,1112,805,31,0,0,0,0,41125,5479,5243,0,0,0,0,0
475,5624,476.1108998166924,99913,1751,931,66,17,18355,9534,0.2791328455756508,1005,531,22830,18334,8449,3822,15897,26363,31826,20315,0,0,35301,5917,4466,1117,831,32,0,0,0,0,41550,5396,5303,0,0,0,0,0
476,5624,477.2413216967246,99912,1746,895,67,17,18625,9676,0.28325926815597724,1042,548,22535,18047,8584,3932,16024,26559,32204,20593,0,0,34596,6038,4708,1131,875,36,0,0,0,0,41870,5308,5350,0,0,0,0,0
477,5624,478.3862385581933,99910,1783,900,69,17,18923,9834,0.2878290461415274,1052,525,22245,17775,8694,4009,16155,26772,32575,20868,0,0,33908,6127,4930,1158,913,38,0,0,0,0,42215,5230,5391,0,0,0,0,0
478,5624,479.54571402338047,99909,1791,920,69,18,19240,10009,0.29275640833158173,1067,494,21968,17540,8853,4079,16250,26947,32940,21140,0,0,33213,6255,5179,1178,951,40,0,0,0,0,42516,5132,5445,0,0,0,0,0
479,5624,480.128798769624,99908,1787,904,70,18,19389,10072,0.2948812907875245,1067,517,21729,17279,8892,4082,16453,27198,33298,21409,0,0,32649,6270,5358,1174,981,40,0,0,0,0,42875,5056,5505,0,0,0,0,0
480,5624,481.3151791859015,99905,1846,913,72,19,19754,10228,0.3001050998448526,1022,534,21439,17019,9061,4150,16558,27363,33649,21674,0,0,31964,6393,5594,1205,1015,40,0,0,0,0,43178,4962,5554,0,0,0,0,0
481,5624,482.51728720232586,99904,1839,914,72,20,20042,10390,0.30461242793081356,1058,541,21186,16784,9216,4228,16627,27511,33993,21936,0,0,31277,6531,5816,1228,1061,44,0,0,0,0,43487,4881,5579,0,0,0,0,0
482,5624,483.12217977913684,99904,1842,917,72,20,20220,10482,0.30731502242152464,1038,536,20953,16531,9293,4258,16800,27736,34331,22195,0,0,30693,6574,5982,1237,1089,46,0,0,0,0,43849,4815,5619,0,0,0,0,0
483,5624,484.35170125553736,99902,1848,924,74,20,20545,10642,0.3121759324137655,1035,550,20695,16310,9477,4342,16869,27852,34662,22450,0,0,30036,6704,6200,1286,1124,50,0,0,0,0,44128,4705,5669,0,0,0,0,0
484,5624,485.5969717430432,99901,1872,934,75,20,20872,10829,0.3173241509094003,1027,551,20436,16090,9628,4446,16960,27957,34986,22702,0,0,29398,6810,6459,1318,1163,55,0,0,0,0,44369,4626,5703,0,0,0,0,0
485,5624,486.2239706157499,99901,1843,935,75,20,21037,10906,0.31974654908359273,1016,546,20223,15882,9712,4445,17129,28170,35303,22950,0,0,28873,6828,6635,1329,1197,59,0,0,0,0,44677,4557,5746,0,0,0,0,0
486,5624,487.4981476097519,99898,1824,931,78,20,21382,11065,0.32480129732326973,999,557,19998,15685,9920,4538,17179,28267,35614,23195,0,0,28227,6963,6896,1358,1246,63,0,0,0,0,44887,4477,5781,0,0,0,0,0
487,5624,488.13951272142833,99898,1822,944,78,20,21543,11170,0.32746401329355945,1017,518,19825,15482,9944,4562,17312,28472,35918,23436,0,0,27749,6974,7089,1359,1280,64,0,0,0,0,45149,4397,5837,0,0,0,0,0
488,5624,489.4411768248071,99895,1797,937,80,21,21866,11330,0.3323089243705891,989,533,19638,15356,10137,4629,17357,28522,36216,23674,0,0,27149,7077,7360,1403,1325,67,0,0,0,0,45331,4311,5872,0,0,0,0,0
489,5624,490.0953219015474,99894,1777,942,80,22,22033,11424,0.33492502052175305,953,529,19469,15167,10214,4636,17505,28702,36507,23908,0,0,26686,7073,7541,1425,1363,68,0,0,0,0,45581,4229,5928,0,0,0,0,0
490,5624,491.42191604120256,99893,1763,958,81,22,22347,11625,0.3400838897620454,967,504,19268,15019,10383,4737,17536,28758,36792,24139,0,0,26116,7161,7849,1455,1410,71,0,0,0,0,45723,4162,5946,0,0,0,0,0
491,5624,492.0889963373535,99892,1736,949,82,22,22501,11705,0.34242982421014695,999,512,19065,14822,10450,4766,17666,28927,37071,24366,0,0,25625,7181,8021,1480,1432,75,0,0,0,0,46001,4100,5977,0,0,0,0,0
492,5624,493.442854321533,99889,1722,921,84,23,22847,11852,0.34737558690146064,915,521,18925,14693,10629,4865,17723,28975,37343,24589,0,0,25064,7297,8299,1503,1491,81,0,0,0,0,46127,4019,6008,0,0,0,0,0
493,5624,494.12421675863243,99888,1673,910,85,23,22979,11932,0.3495014416146084,933,516,18771,14518,10698,4890,17838,29141,37609,24809,0,0,24626,7307,8480,1509,1535,82,0,0,0,0,46348,3952,6049,0,0,0,0,0
494,5624,495.5028645316365,99883,1697,917,90,23,23312,12109,0.3546249111460409,897,489,18620,14398,10828,4970,17866,29201,37869,25025,0,0,24125,7380,8763,1540,1583,85,0,0,0,0,46457,3869,6081,0,0,0,0,0
495,5624,496.1956424340395,99881,1658,930,92,23,23458,12203,0.3570348714970815,889,466,18466,14248,10909,4970,17984,29361,38123,25238,0,0,23702,7382,8964,1541,1624,86,0,0,0,0,46662,3818,6102,0,0,0,0,0
496,5624,497.59788979176903,99880,1680,902,92,24,23787,12374,0.3620444533440128,849,470,18312,14163,11049,5083,18016,29356,38371,25447,0,0,23205,7461,9249,1556,1692,91,0,0,0,0,46751,3759,6116,0,0,0,0,0
497,5624,498.30283307968597,99879,1690,896,93,24,23955,12461,0.3646011674125692,821,453,18183,14010,11091,5114,18120,29501,38613,25652,0,0,22801,7464,9404,1570,1733,94,0,0,0,0,46967,3697,6149,0,0,0,0,0
498,5624,499.0132156738672,99879,1664,884,93,24,24119,12548,0.3671142081919122,794,423,18056,13881,11173,5146,18218,29640,38850,25854,0,0,22375,7485,9602,1574,1769,99,0,0,0,0,47156,3657,6162,0,0,0,0,0
499,5624,500.4437048328593,99877,1599,832,94,25,24379,12693,0.3711765471529982,851,413,17916,13822,11347,5255,18191,29651,39081,26052,0,0,21911,7546,9887,1607,1843,105,0,0,0,0,47223,3591,6164,0,0,0,0,0
500,5624,501.16334008649676,99876,1581,821,95,25,24530,12766,0.37342304457527337,828,423,17793,13709,11419,5267,18282,29753,39307,26247,0,0,21543,7540,10081,1604,1885,105,0,0,0,0,47381,3543,6194,0,0,0,0,0
501,5624,502.59266517921566,99874,1495,810,95,27,24802,12928,0.377775997757174,817,399,17680,13646,11620,5356,18291,29760,39527,26438,0,0,21080,7632,10366,1628,1953,111,0,0,0,0,47422,3473,6209,0,0,0,0,0
502,5624,503.30961563314634,99874,1496,807,95,27,24945,13014,0.38006888679736467,788,379,17589,13534,11639,5384,18391,29867,39742,26626,0,0,20753,7604,10541,1634,1995,115,0,0,0,0,47574,3420,6238,0,0,0,0,0
503,5624,504.0232416276696,99870,1462,798,97,29,25062,13084,0.3819565435065585,807,378,17469,13430,11675,5400,18488,29963,39952,26811,0,0,20412,7598,10706,1640,2035,115,0,0,0,0,47732,3363,6269,0,0,0,0,0
504,5624,505.4397638242952,99869,1403,767,97,30,25342,13213,0.38605573301024343,790,362,17394,13394,11840,5475,18474,29970,40156,26992,0,0,19987,7665,10976,1665,2101,122,0,0,0,0,47767,3307,6279,0,0,0,0,0
505,5624,506.1508277832272,99868,1406,752,98,30,25471,13272,0.38794208355028637,757,342,17325,13292,11849,5497,18563,30085,40355,27170,0,0,19686,7623,11141,1669,2144,122,0,0,0,0,47916,3268,6299,0,0,0,0,0
506,5624,507.56341822726057,99866,1357,718,100,30,25730,13390,0.3917249113812509,724,318,17251,13287,11996,5576,18570,30069,40549,27344,0,0,19273,7700,11388,1696,2204,122,0,0,0,0,47964,3201,6318,0,0,0,0,0
507,5624,508.2718445758629,99866,1374,691,100,30,25868,13438,0.39358740712554824,689,329,17181,13227,11995,5586,18659,30135,40739,27515,0,0,18983,7664,11568,1698,2233,126,0,0,0,0,48095,3166,6333,0,0,0,0,0
508,5624,509.67942579803224,99866,1328,657,100,30,26100,13538,0.3969118618949392,656,345,17118,13211,12132,5651,18664,30104,40924,27683,0,0,18636,7685,11801,1730,2293,132,0,0,0,0,48141,3101,6347,0,0,0,0,0
509,5624,510.38502955006965,99866,1325,662,100,30,26224,13606,0.3988344381471171,616,329,17053,13121,12159,5653,18745,30203,41104,27848,0,0,18350,7654,11968,1732,2324,134,0,0,0,0,48274,3071,6359,0,0,0,0,0
510,5624,511.0877635252434,99865,1285,660,100,31,26325,13669,0.40048064887598256,616,312,16977,13032,12193,5659,18827,30304,41280,28009,0,0,18084,7622,12148,1735,2355,136,0,0,0,0,48373,3028,6384,0,0,0,0,0
511,5624,512.4852184125047,99864,1258,635,101,31,26542,13774,0.40370904430024834,565,334,16943,13012,12291,5712,18840,30274,41451,28167,0,0,17784,7629,12381,1752,2418,139,0,0,0,0,48386,2973,6402,0,0,0,0,0
512,5624,513.1855531373697,99863,1248,638,102,31,26661,13827,0.40543544656178965,538,346,16877,12941,12307,5705,18926,30337,41618,28322,0,0,17523,7605,12516,1751,2458,140,0,0,0,0,48512,2933,6425,0,0,0,0,0
513,5624,514.5776702592757,99862,1180,627,103,31,26832,13954,0.4084236246019507,559,317,16840,12939,12402,5768,18914,30316,41781,28474,0,0,17215,7634,12732,1764,2514,150,0,0,0,0,48533,2883,6437,0,0,0,0,0
514,5624,515.2749826952637,99862,1157,601,103,31,26942,13995,0.4099357112815686,520,319,16758,12888,12457,5775,19003,30384,41940,28623,0,0,16950,7609,12882,1774,2545,154,0,0,0,0,48645,2857,6446,0,0,0,0,0
515,5624,516.6634167574025,99861,1106,576,104,31,27118,14094,0.4126936441653899,522,305,16745,12921,12542,5830,18979,30335,42095,28769,0,0,16678,7605,13123,1797,2586,159,0,0,0,0,48643,2805,6465,0,0,0,0,0
516,5624,517.3596386149775,99861,1085,561,104,31,27195,14136,0.4138853005677892,513,302,16694,12888,12551,5836,19051,30380,42246,28912,0,0,16433,7589,13253,1793,2610,162,0,0,0,0,48762,2774,6485,0,0,0,0,0
517,5624,518.0539306595996,99860,1052,551,105,31,27277,14194,0.4152914079711596,505,291,16658,12845,12553,5858,19125,30422,42393,29052,0,0,16210,7553,13389,1801,2648,165,0,0,0,0,48855,2736,6503,0,0,0,0,0
518,5624,519.43560180368,99860,994,542,105,31,27438,14287,0.41783496895653915,498,258,16613,12897,12651,5891,19137,30379,42536,29190,0,0,15937,7563,13573,1818,2703,170,0,0,0,0,48890,2700,6506,0,0,0,0,0
519,5624,520.1279285964813,99859,987,550,105,32,27531,14346,0.4193612994321994,475,232,16573,12865,12652,5896,19206,30423,42676,29325,0,0,15741,7522,13698,1818,2737,174,0,0,0,0,48979,2659,6531,0,0,0,0,0
520,5624,521.5055758181888,99855,924,508,108,33,27675,14415,0.42151119122727954,495,233,16551,12917,12721,5922,19199,30385,42812,29457,0,0,15483,7540,13884,1824,2796,177,0,0,0,0,48997,2618,6536,0,0,0,0,0
521,5624,522.1958335643366,99854,934,489,109,33,27783,14455,0.422997576461634,456,236,16528,12873,12709,5931,19262,30436,42945,29586,0,0,15307,7486,14024,1826,2828,181,0,0,0,0,49060,2582,6560,0,0,0,0,0
522,5624,523.5707791959965,99854,928,477,109,33,27940,14535,0.42537104172091256,418,232,16549,12937,12742,5958,19252,30361,43074,29713,0,0,15089,7476,14186,1830,2875,187,0,0,0,0,49092,2545,6574,0,0,0,0,0
523,5624,524.2595776395085,99853,889,465,110,33,28010,14565,0.4263767738575706,410,239,16489,12916,12777,5957,19323,30388,43200,29837,0,0,14873,7460,14293,1834,2906,190,0,0,0,0,49197,2523,6577,0,0,0,0,0
524,5624,525.6318730825642,99853,885,452,110,33,28162,14639,0.42864010094839416,383,243,16537,12991,12789,5975,19294,30304,43323,29959,0,0,14672,7437,14471,1833,2949,197,0,0,0,0,49214,2500,6580,0,0,0,0,0
525,5624,526.319858285984,99853,859,439,110,33,28229,14673,0.42965158783411617,359,244,16528,12985,12787,5974,19355,30323,43443,30078,0,0,14512,7400,14590,1824,2993,200,0,0,0,0,49275,2468,6591,0,0,0,0,0
526,5624,527.0062289433343,99852,821,435,111,33,28278,14713,0.4305472098706085,358,237,16513,12966,12783,5981,19412,30346,43560,30195,0,0,14349,7355,14718,1824,3014,203,0,0,0,0,49336,2441,6612,0,0,0,0,0
527,5624,528.3738284086252,99852,822,448,111,33,28421,14796,0.4328105596282498,320,209,16540,13037,12799,5985,19406,30286,43674,30309,0,0,14159,7341,14849,1834,3060,206,0,0,0,0,49378,2405,6620,0,0,0,0,0
528,5624,529.058961156944,99852,799,435,111,33,28481,14834,0.4337920121780235,305,206,16525,13028,12803,5997,19455,30299,43785,30421,0,0,13970,7328,14943,1835,3088,207,0,0,0,0,49471,2378,6632,0,0,0,0,0
529,5624,530.4245471179216,99851,755,405,111,34,28596,14900,0.43560905749566853,310,194,16560,13093,12832,6036,19430,30236,43893,30530,0,0,13771,7325,15106,1834,3137,210,0,0,0,0,49473,2360,6635,0,0,0,0,0
530,5624,531.1096924822596,99851,752,401,111,34,28654,14930,0.43649037065227186,302,191,16536,13096,12818,6031,19479,30245,43998,30637,0,0,13624,7294,15193,1823,3163,213,0,0,0,0,49550,2333,6658,0,0,0,0,0
531,5624,532.4749855515304,99851,699,358,111,34,28753,14982,0.43800262390962535,288,186,16573,13166,12856,6076,19471,30178,44100,30742,0,0,13442,7274,15341,1842,3204,220,0,0,0,0,49558,2310,6660,0,0,0,0,0
532,5624,533.1590772272125,99851,681,363,111,34,28806,15026,0.4389740713663358,277,161,16562,13182,12855,6078,19512,30180,44200,30845,0,0,13303,7228,15442,1846,3227,224,0,0,0,0,49622,2288,6671,0,0,0,0,0
533,5624,534.5235794757352,99851,657,375,111,34,28904,15096,0.4406565783016695,270,134,16620,13253,12854,6081,19486,30121,44297,30946,0,0,13130,7229,15541,1840,3281,225,0,0,0,0,49671,2262,6672,0,0,0,0,0
534,5624,535.2078485502026,99851,632,357,111,34,28946,15126,0.44137765270252677,277,132,16610,13264,12840,6084,19528,30127,44392,31044,0,0,13003,7186,15659,1839,3302,227,0,0,0,0,49707,2240,6688,0,0,0,0,0
535,5624,536.5723292752347,99850,598,343,112,34,29034,15175,0.4427541311967952,265,123,16653,13353,12855,6078,19515,30067,44484,31140,0,0,12863,7151,15793,1849,3337,230,0,0,0,0,49715,2214,6698,0,0,0,0,0
536,5624,537.2560840701974,99850,585,318,112,34,29077,15189,0.44332498748122184,270,135,16643,13366,12841,6078,19547,30067,44574,31234,0,0,12740,7117,15877,1846,3367,233,0,0,0,0,49775,2191,6704,0,0,0,0,0
537,5624,538.6200956623974,99850,584,290,112,34,29176,15232,0.4447471206810215,262,145,16702,13457,12830,6095,19508,29977,44662,31326,0,0,12594,7100,15990,1847,3395,242,0,0,0,0,49798,2172,6712,0,0,0,0,0
538,5624,539.3040774040828,99849,580,283,113,34,29232,15251,0.445502709090727,237,144,16707,13458,12822,6089,19539,29990,44747,31416,0,0,12466,7072,16074,1841,3416,244,0,0,0,0,49858,2159,6719,0,0,0,0,0
539,5624,540.6692567393858,99848,536,277,113,35,29316,15300,0.44683919557727747,218,137,16794,13550,12844,6095,19493,29904,44830,31504,0,0,12340,7045,16195,1846,3456,249,0,0,0,0,49860,2133,6724,0,0,0,0,0
540,5624,541.3544034955102,99848,526,273,113,35,29351,15324,0.4474300937424886,235,137,16774,13563,12830,6080,19520,29910,44911,31591,0,0,12224,7006,16273,1849,3472,251,0,0,0,0,49925,2118,6730,0,0,0,0,0
541,5624,542.0386966817326,99848,528,276,113,35,29401,15354,0.4482313115936223,226,122,16784,13581,12799,6071,19548,29913,44990,31676,0,0,12122,6970,16341,1844,3499,252,0,0,0,0,49977,2097,6746,0,0,0,0,0
542,5624,543.4044446966677,99848,504,271,113,35,29467,15395,0.44930294046951363,227,121,16828,13667,12798,6068,19528,29836,45067,31759,0,0,11997,6950,16426,1840,3541,254,0,0,0,0,50010,2084,6746,0,0,0,0,0
543,5624,544.0888565353366,99847,499,270,114,35,29512,15420,0.4500085130249281,229,114,16843,13684,12779,6062,19534,29833,45142,31840,0,0,11888,6922,16496,1836,3561,257,0,0,0,0,50064,2069,6754,0,0,0,0,0
544,5624,545.4553457175715,99847,475,255,114,35,29585,15460,0.45114024457419855,217,119,16929,13757,12782,6072,19481,29760,45215,31920,0,0,11770,6902,16599,1830,3597,262,0,0,0,0,50075,2055,6757,0,0,0,0,0
545,5624,546.1407391307371,99847,484,246,114,35,29631,15476,0.4517611946277805,208,113,16940,13773,12752,6064,19500,29767,45287,31998,0,0,11672,6877,16657,1819,3626,262,0,0,0,0,50131,2037,6766,0,0,0,0,0
546,5624,547.5107903100355,99847,461,238,114,35,29701,15506,0.45276272697226755,212,121,17001,13869,12752,6048,19458,29687,45357,32074,0,0,11568,6853,16753,1819,3654,266,0,0,0,0,50142,2017,6775,0,0,0,0,0
547,5624,548.1978404321293,99847,436,234,114,35,29739,15527,0.45335363105551496,202,116,17007,13906,12756,6031,19483,29676,45425,32149,0,0,11477,6817,16834,1817,3677,269,0,0,0,0,50171,2004,6781,0,0,0,0,0
548,5624,549.5699577143429,99847,428,229,114,35,29807,15566,0.4544252706641161,187,111,17097,13987,12723,6039,19449,29597,45491,32222,0,0,11380,6791,16924,1817,3707,272,0,0,0,0,50185,1987,6784,0,0,0,0,0
549,5624,550.2578700507349,99847,425,226,114,35,29845,15593,0.4550762666880327,180,101,17111,14004,12698,6038,19470,29594,45556,32293,0,0,11293,6758,16990,1817,3724,276,0,0,0,0,50225,1972,6792,0,0,0,0,0
550,5624,551.6315883163657,99846,406,215,115,35,29903,15623,0.45596218175991027,164,96,17196,14125,12674,6039,19443,29488,45619,32363,0,0,11197,6734,17084,1814,3749,278,0,0,0,0,50233,1957,6800,0,0,0,0,0
551,5624,552.3196517738648,99846,388,202,115,35,29924,15636,0.45630270616749796,176,95,17211,14142,12662,6040,19446,29484,45680,32431,0,0,11105,6718,17140,1811,3766,279,0,0,0,0,50276,1939,6812,0,0,0,0,0
552,5624,553.0074651161074,99846,379,204,115,35,29958,15655,0.45683352362638463,169,86,17218,14183,12655,6025,19462,29465,45740,32498,0,0,11018,6696,17197,1809,3778,282,0,0,0,0,50321,1921,6824,0,0,0,0,0
553,5624,554.3826793260178,99845,358,196,115,36,30015,15681,0.4576693875507036,157,79,17317,14309,12643,6015,19408,29363,45798,32564,0,0,10922,6676,17274,1811,3805,284,0,0,0,0,50341,1908,6824,0,0,0,0,0
554,5624,555.0723369242311,99845,336,189,115,36,30033,15694,0.45797986879663477,158,85,17345,14355,12625,6004,19419,29329,45855,32628,0,0,10842,6646,17344,1810,3816,286,0,0,0,0,50374,1899,6828,0,0,0,0,0
555,5624,556.4513300931965,99845,339,183,115,36,30102,15726,0.4589914367269267,133,81,17438,14458,12601,6004,19372,29236,45911,32691,0,0,10749,6632,17409,1820,3836,288,0,0,0,0,50397,1877,6837,0,0,0,0,0
556,5624,557.1424398790145,99845,336,184,115,36,30129,15742,0.4594221042616055,130,77,17477,14485,12584,5996,19356,29220,45965,32753,0,0,10670,6602,17456,1821,3851,289,0,0,0,0,50448,1870,6838,0,0,0,0,0
557,5624,558.5255634368941,99845,317,176,115,36,30173,15766,0.4601031598978417,131,75,17576,14605,12558,5976,19301,29130,46018,32813,0,0,10587,6585,17526,1815,3876,292,0,0,0,0,50463,1861,6840,0,0,0,0,0
558,5624,559.219357726085,99845,314,173,115,36,30185,15778,0.46034353247533677,137,68,17611,14650,12521,5965,19300,29106,46070,32872,0,0,10517,6558,17571,1807,3889,293,0,0,0,0,50510,1855,6845,0,0,0,0,0
559,5624,560.607456116765,99845,309,168,115,36,30233,15801,0.46105463468375985,129,70,17706,14778,12477,5946,19262,29000,46120,32930,0,0,10448,6534,17628,1805,3914,297,0,0,0,0,50527,1844,6848,0,0,0,0,0
560,5624,561.3038392585115,99845,292,159,115,36,30252,15809,0.46132505383344186,132,69,17733,14805,12460,5941,19266,28988,46169,32987,0,0,10379,6513,17691,1803,3923,298,0,0,0,0,50551,1831,6856,0,0,0,0,0
561,5624,562.6949476016678,99845,279,156,115,36,30295,15840,0.4620662026140518,120,51,17841,14922,12419,5935,19224,28898,46217,33042,0,0,10310,6489,17767,1801,3941,304,0,0,0,0,50560,1821,6852,0,0,0,0,0
562,5624,563.3925641701754,99845,274,158,115,36,30313,15854,0.46238669938404525,119,43,17856,14967,12393,5919,19241,28875,46264,33096,0,0,10252,6464,17812,1791,3955,307,0,0,0,0,50592,1814,6858,0,0,0,0,0
563,5624,564.0899007305968,99845,273,144,115,36,30340,15861,0.46272722720216336,112,44,17880,15006,12366,5923,19252,28845,46310,33149,0,0,10189,6442,17861,1788,3966,310,0,0,0,0,50621,1803,6865,0,0,0,0,0
564,5624,565.4831839532595,99845,261,126,115,36,30375,15874,0.4632079723571536,108,55,17966,15133,12345,5912,19203,28736,46355,33201,0,0,10115,6425,17921,1788,3983,312,0,0,0,0,50640,1795,6866,0,0,0,0,0
565,5624,566.1817084183829,99845,253,124,115,36,30400,15885,0.46356853122339625,96,48,18012,15179,12324,5901,19198,28710,46399,33252,0,0,10049,6403,17961,1787,3998,313,0,0,0,0,50677,1788,6869,0,0,0,0,0
566,5624,567.5789354529678,99845,241,123,115,36,30428,15908,0.4640793229505734,90,41,18118,15306,12282,5888,19152,28604,46441,33302,0,0,9991,6379,18009,1788,4021,313,0,0,0,0,50695,1777,6872,0,0,0,0,0
567,5624,568.2797473657355,99845,238,124,115,36,30449,15917,0.4643797886724423,81,37,18129,15362,12271,5869,19164,28570,46482,33351,0,0,9933,6356,18050,1789,4025,315,0,0,0,0,50730,1767,6880,0,0,0,0,0
568,5624,569.6806761534958,99845,215,107,115,36,30476,15931,0.46479042515899643,80,35,18228,15494,12256,5863,19104,28463,46522,33399,0,0,9877,6336,18109,1787,4045,321,0,0,0,0,50734,1758,6878,0,0,0,0,0
569,5624,570.3829772684448,99845,216,104,115,36,30493,15936,0.465010766688367,73,34,18266,15538,12223,5847,19105,28439,46562,33446,0,0,9823,6315,18145,1781,4057,322,0,0,0,0,50772,1752,6878,0,0,0,0,0
570,5624,571.0857340636006,99845,208,104,115,36,30508,15946,0.46526115478992436,69,32,18307,15578,12195,5826,19104,28422,46601,33492,0,0,9780,6288,18190,1781,4060,327,0,0,0,0,50791,1741,6887,0,0,0,0,0
571,5624,572.4914227618106,99845,184,97,115,36,30533,15957,0.46562171365616706,67,34,18417,15738,12163,5804,19052,28289,46639,33537,0,0,9729,6270,18235,1775,4080,332,0,0,0,0,50801,1731,6892,0,0,0,0,0
572,5624,573.1962540208441,99845,183,91,115,36,30543,15960,0.46575191546897693,63,34,18452,15783,12128,5793,19057,28261,46676,33581,0,0,9684,6246,18275,1772,4084,333,0,0,0,0,50828,1723,6900,0,0,0,0,0
573,5624,574.6062369498661,99845,184,82,115,36,30575,15968,0.46615253643146876,51,39,18568,15930,12087,5762,18993,28149,46712,33624,0,0,9631,6224,18321,1772,4096,334,0,0,0,0,50848,1718,6901,0,0,0,0,0
574,5624,575.313426163554,99845,159,80,115,36,30584,15974,0.4663027692924032,56,40,18604,15960,12072,5753,18992,28129,46747,33666,0,0,9574,6211,18361,1772,4101,337,0,0,0,0,50872,1713,6904,0,0,0,0,0
575,5624,576.0208247349627,99845,156,79,115,36,30594,15986,0.4665231108217737,55,33,18649,16012,12037,5740,18986,28098,46781,33707,0,0,9530,6189,18403,1769,4107,338,0,0,0,0,50894,1708,6907,0,0,0,0,0
576,5624,577.4363140927943,99845,144,80,115,36,30614,15999,0.46685362311582956,50,36,18777,16141,11992,5719,18920,27986,46814,33748,0,0,9478,6176,18436,1769,4117,341,0,0,0,0,50918,1699,6911,0,0,0,0,0
577,5624,578.1463393474081,99845,130,82,115,36,30617,16009,0.4669838249286394,54,32,18830,16184,11955,5713,18914,27951,46847,33788,0,0,9436,6161,18461,1765,4128,343,0,0,0,0,50945,1688,6918,0,0,0,0,0
578,5624,579.5675874333548,99845,117,69,115,36,30635,16014,0.4672141819820722,52,32,18931,16326,11924,5692,18859,27843,46879,33827,0,0,9389,6147,18503,1762,4144,343,0,0,0,0,50956,1681,6920,0,0,0,0,0
579,5624,580.2788339086404,99845,114,63,115,36,30642,16019,0.46733436827081976,52,29,18979,16383,11886,5682,18852,27805,46910,33865,0,0,9353,6127,18532,1761,4151,344,0,0,0,0,50979,1669,6929,0,0,0,0,0
580,5624,581.697716081807,99845,113,63,115,36,30661,16027,0.46760478742050177,45,28,19080,16497,11832,5655,18813,27719,46940,33902,0,0,9314,6109,18566,1754,4163,344,0,0,0,0,50997,1665,6933,0,0,0,0,0
581,5624,582.404154245865,99845,109,67,115,36,30668,16034,0.4677450047573739,45,29,19138,16556,11795,5634,18796,27676,46970,33939,0,0,9276,6089,18594,1749,4168,347,0,0,0,0,51025,1663,6934,0,0,0,0,0
582,5624,583.1090323082741,99845,107,70,115,36,30676,16040,0.4678852220942461,45,28,19166,16623,11771,5613,18794,27628,46999,33975,0,0,9246,6068,18618,1743,4178,349,0,0,0,0,51048,1657,6938,0,0,0,0,0
583,5624,584.5135125782407,99845,105,63,115,36,30693,16051,0.4681656567679904,40,26,19281,16767,11710,5598,18747,27508,47027,34010,0,0,9202,6060,18652,1736,4188,351,0,0,0,0,51062,1653,6941,0,0,0,0,0
584,5624,585.2129727524695,99845,104,58,115,36,30699,16055,0.46826581200861334,37,25,19348,16814,11668,5586,18726,27479,47055,34044,0,0,9167,6038,18682,1734,4194,351,0,0,0,0,51085,1650,6944,0,0,0,0,0
585,5624,586.6058584730417,99845,95,53,115,36,30714,16063,0.46849616906204616,39,26,19468,16948,11621,5576,18660,27359,47082,34078,0,0,9124,6027,18706,1731,4209,352,0,0,0,0,51105,1646,6945,0,0,0,0,0
586,5624,587.2982993487295,99845,98,53,115,36,30723,16067,0.46862637087485604,39,26,19521,17001,11586,5568,18639,27314,47109,34111,0,0,9084,6013,18722,1730,4214,352,0,0,0,0,51139,1641,6950,0,0,0,0,0
587,5624,588.6784824031745,99845,93,52,115,36,30736,16075,0.46883669688016427,40,28,19634,17147,11525,5543,18591,27192,47135,34143,0,0,9052,5994,18754,1728,4223,353,0,0,0,0,51152,1637,6952,0,0,0,0,0
588,5624,589.3654544616488,99845,87,55,115,36,30742,16082,0.4689668986929741,39,23,19687,17210,11487,5528,18583,27146,47160,34175,0,0,9020,5977,18781,1724,4230,353,0,0,0,0,51172,1632,6956,0,0,0,0,0
589,5624,590.0506521807647,99845,84,50,115,36,30746,16086,0.4690470228854725,37,21,19724,17261,11458,5521,18580,27109,47185,34206,0,0,8985,5964,18802,1723,4235,354,0,0,0,0,51196,1626,6960,0,0,0,0,0
590,5624,591.4162496538906,99845,83,51,115,36,30754,16092,0.46918724022234465,32,15,19786,17339,11418,5495,18564,27062,47209,34237,0,0,8956,5945,18830,1722,4238,355,0,0,0,0,51214,1621,6964,0,0,0,0,0
591,5624,592.3550495695997,99845,73,37,115,36,30767,16095,0.4693474886073414,27,20,19905,17485,11387,5480,18491,26940,47233,34267,0,0,8915,5936,18855,1725,4248,355,0,0,0,0,51228,1614,6969,0,0,0,0,0
592,5624,593.2365405871827,99845,76,37,115,36,30773,16098,0.46943762832390207,24,18,19939,17518,11350,5465,18494,26924,47256,34296,0,0,8892,5917,18875,1721,4255,355,0,0,0,0,51249,1608,6973,0,0,0,0,0
593,5624,594.2258122237321,99844,71,35,116,36,30779,16099,0.46951243940547255,22,19,20014,17580,11311,5452,18464,26876,47279,34325,0,0,8860,5902,18895,1718,4262,356,0,0,0,0,51273,1605,6973,0,0,0,0,0
594,5624,595.0241847375652,99844,68,35,116,36,30784,16102,0.4695925644004647,19,19,20069,17657,11277,5434,18449,26817,47301,34353,0,0,8831,5885,18920,1717,4265,356,0,0,0,0,51293,1602,6975,0,0,0,0,0
595,5624,596.1561467728468,99844,67,33,116,36,30790,16108,0.46971275189295303,19,14,20168,17769,11226,5418,18402,26728,47323,34381,0,0,8804,5869,18939,1715,4273,357,0,0,0,0,51313,1597,6977,0,0,0,0,0
596,5624,597.0870027377609,99844,63,33,116,36,30792,16112,0.46977284563919713,19,13,20207,17825,11201,5406,18392,26685,47344,34408,0,0,8776,5857,18952,1711,4282,357,0,0,0,0,51336,1593,6980,0,0,0,0,0
597,5624,598.0317312172688,99844,63,30,116,36,30800,16117,0.4699030487560594,14,10,20288,17918,11161,5392,18356,26612,47365,34435,0,0,8746,5844,18980,1709,4285,357,0,0,0,0,51351,1590,6982,0,0,0,0,0
598,5624,599.1732772461432,99844,61,29,116,36,30807,16121,0.4700132206241737,16,10,20354,18006,11121,5366,18330,26551,47385,34461,0,0,8715,5834,18998,1708,4290,357,0,0,0,0,51372,1586,6984,0,0,0,0,0
599,5624,600.1110494113664,99844,58,30,116,36,30812,16124,0.4700933456191659,15,7,20428,18093,11085,5351,18296,26481,47405,34487,0,0,8690,5821,19019,1705,4293,358,0,0,0,0,51388,1582,6988,0,0,0,0,0
600,5624,601.1020462479325,99844,51,25,116,36,30816,16126,0.47015343936541004,20,8,20518,18210,11052,5321,18241,26398,47424,34512,0,0,8668,5807,19048,1703,4294,360,0,0,0,0,51394,1577,6993,0,0,0,0,0
601,5624,602.2580341647207,99844,50,19,116,36,30820,16128,0.4702135331116542,18,6,20604,18309,11005,5301,18205,26327,47443,34537,0,0,8643,5793,19073,1702,4296,360,0,0,0,0,51407,1573,6997,0,0,0,0,0
602,5624,603.0676481221069,99844,49,20,116,36,30824,16130,0.4702736268578983,16,6,20655,18409,10978,5281,18184,26246,47462,34561,0,0,8619,5783,19084,1698,4304,360,0,0,0,0,51429,1568,6999,0,0,0,0,0
603,5624,604.3555342954805,99844,47,16,116,36,30829,16131,0.47033372060414247,18,7,20739,18522,10924,5263,18154,26154,47480,34585,0,0,8593,5773,19101,1695,4310,360,0,0,0,0,51446,1565,7001,0,0,0,0,0
604,5624,605.0704348799002,99844,46,14,116,36,30832,16132,0.4703737831016386,18,7,20838,18653,10872,5237,18108,26051,47498,34608,0,0,8569,5765,19114,1692,4314,360,0,0,0,0,51464,1559,7007,0,0,0,0,0
605,5624,606.3216290875293,99844,43,12,116,36,30835,16132,0.4704038299747606,18,9,20902,18713,10846,5219,18073,26009,47515,34631,0,0,8549,5750,19127,1688,4321,361,0,0,0,0,51482,1558,7008,0,0,0,0,0
606,5624,607.0247024834487,99844,44,12,116,36,30842,16133,0.4704839549697528,13,11,20963,18774,10813,5208,18049,25957,47532,34653,0,0,8527,5737,19143,1689,4323,361,0,0,0,0,51500,1553,7011,0,0,0,0,0
607,5624,608.0165744496979,99844,41,13,116,36,30847,16136,0.470564079964745,12,9,21032,18863,10773,5195,18024,25882,47549,34675,0,0,8500,5728,19158,1688,4325,362,0,0,0,0,51520,1551,7012,0,0,0,0,0
608,5624,609.0437141535857,99844,43,12,116,36,30853,16137,0.47063418933536316,10,10,21108,18939,10740,5176,17981,25825,47565,34697,0,0,8477,5718,19171,1686,4329,362,0,0,0,0,51539,1548,7014,0,0,0,0,0
609,5624,610.1087230679539,99844,42,13,116,36,30859,16139,0.4707143143303554,11,9,21233,19074,10687,5149,17909,25717,47581,34718,0,0,8459,5709,19181,1680,4338,363,0,0,0,0,51553,1545,7016,0,0,0,0,0
610,5624,611.0448458152022,99844,39,17,116,36,30861,16144,0.4707844237009735,12,4,21301,19178,10655,5128,17875,25635,47597,34739,0,0,8437,5699,19195,1677,4339,365,0,0,0,0,51571,1543,7018,0,0,0,0,0
611,5624,612.0287415951191,99844,35,17,116,36,30862,16145,0.47080445494972156,16,3,21378,19243,10616,5109,17837,25590,47612,34759,0,0,8412,5695,19205,1674,4342,365,0,0,0,0,51590,1540,7021,0,0,0,0,0
612,5624,613.2352889188969,99844,35,14,116,36,30869,16145,0.47087456432033975,10,4,21509,19355,10559,5087,17769,25502,47627,34779,0,0,8395,5676,19222,1676,4346,365,0,0,0,0,51603,1539,7022,0,0,0,0,0
613,5624,614.3131344268272,99844,32,10,116,36,30873,16146,0.47092464244220983,8,3,21625,19499,10508,5054,17709,25396,47642,34799,0,0,8374,5666,19239,1675,4349,365,0,0,0,0,51615,1535,7026,0,0,0,0,0
614,5624,615.1568270352315,99844,29,11,116,36,30874,16147,0.4709446736909579,7,3,21680,19551,10477,5035,17689,25362,47656,34818,0,0,8361,5656,19251,1671,4353,366,0,0,0,0,51625,1530,7031,0,0,0,0,0
615,5624,616.1208435586834,99844,29,8,116,36,30877,16147,0.47097472056407996,10,3,21737,19619,10439,5025,17667,25307,47670,34837,0,0,8346,5647,19263,1669,4357,366,0,0,0,0,51637,1522,7037,0,0,0,0,0
616,5624,617.0286709521423,99844,29,8,116,36,30879,16148,0.47100476743720204,11,3,21793,19683,10409,5011,17640,25257,47684,34856,0,0,8327,5638,19274,1667,4359,367,0,0,0,0,51654,1520,7038,0,0,0,0,0
617,5624,618.1575623281547,99844,31,7,116,36,30885,16149,0.4710748768078202,7,3,21889,19781,10372,4986,17583,25185,47698,34874,0,0,8309,5627,19289,1666,4360,368,0,0,0,0,51668,1518,7039,0,0,0,0,0
618,5624,619.0352388626688,99844,29,5,116,36,30887,16149,0.47109490805656823,10,5,22011,19906,10308,4967,17524,25079,47711,34892,0,0,8293,5618,19300,1664,4363,369,0,0,0,0,51680,1515,7042,0,0,0,0,0
619,5624,620.092830326364,99844,33,6,116,36,30891,16150,0.47114498617843836,7,7,22048,19953,10278,4955,17516,25041,47724,34910,0,0,8275,5606,19312,1664,4363,369,0,0,0,0,51698,1514,7043,0,0,0,0,0
620,5624,621.031481588244,99844,29,12,116,36,30895,16156,0.4712451424221786,3,4,22154,20066,10246,4929,17450,24951,47737,34927,0,0,8256,5599,19324,1662,4367,369,0,0,0,0,51712,1511,7044,0,0,0,0,0
621,5624,622.1060770616584,99844,26,14,116,36,30896,16158,0.47127518929530066,2,2,22202,20130,10229,4914,17423,24902,47750,34944,0,0,8241,5589,19336,1657,4373,369,0,0,0,0,51725,1510,7044,0,0,0,0,0
622,5624,623.5188201941342,99844,24,12,116,36,30897,16159,0.4712952205440487,6,5,22337,20270,10168,4893,17347,24782,47762,34961,0,0,8226,5580,19350,1654,4376,370,0,0,0,0,51735,1509,7044,0,0,0,0,0
623,5624,624.1522736289403,99844,23,12,116,36,30898,16160,0.47131525179279676,5,5,22397,20339,10147,4884,17310,24722,47774,34977,0,0,8210,5573,19357,1654,4377,371,0,0,0,0,51750,1505,7047,0,0,0,0,0
624,5624,625.1281440726034,99844,21,12,116,36,30899,16162,0.47134529866591884,6,5,22462,20423,10118,4871,17275,24651,47786,34993,0,0,8194,5565,19368,1653,4379,371,0,0,0,0,51762,1502,7050,0,0,0,0,0
625,5624,626.0930144201476,99844,21,15,116,36,30902,16165,0.47140539241216295,4,4,22533,20507,10089,4856,17235,24580,47798,35009,0,0,8175,5560,19376,1650,4382,371,0,0,0,0,51778,1501,7051,0,0,0,0,0
626,5624,627.1510529423981,99844,15,12,116,36,30903,16166,0.471425423660911,5,4,22610,20588,10060,4837,17192,24521,47809,35024,0,0,8159,5559,19386,1650,4383,372,0,0,0,0,51785,1493,7057,0,0,0,0,0
627,5624,628.1352585536124,99844,12,14,116,36,30905,16169,0.47147550178278114,3,1,22683,20682,10028,4821,17156,24444,47820,35039,0,0,8148,5548,19395,1647,4390,372,0,0,0,0,51794,1492,7058,0,0,0,0,0
628,5624,629.0670738799757,99844,8,8,116,36,30906,16169,0.47148551740715516,5,1,22781,20839,9989,4787,17099,24327,47831,35054,0,0,8137,5540,19409,1639,4400,372,0,0,0,0,51798,1491,7058,0,0,0,0,0
629,5624,630.1919644100072,99844,9,8,116,36,30910,16172,0.47155562677777335,26,23,22862,20916,9947,4770,17038,24245,47842,35069,0,0,8123,5532,19420,1637,4404,372,0,0,0,0,51808,1489,7059,0,0,0,0,0
630,5624,631.149469959406,99844,10,8,116,36,30915,16174,0.4716257361483915,26,21,22921,20999,9919,4751,17006,24183,47852,35083,0,0,8106,5525,19427,1636,4405,372,4,0,0,2,51819,1486,7062,0,0,0,0,0
631,5624,632.0606149804556,99844,15,13,116,36,30922,16180,0.4717559392652538,25,16,22989,21083,9892,4730,16961,24120,47862,35097,0,0,8092,5519,19433,1633,4408,372,5,0,0,4,51830,1484,7064,0,0,0,0,0
632,5624,633.0840764178395,99844,19,16,116,36,30928,16186,0.4718761267577421,23,11,23065,21158,9859,4718,16916,24059,47872,35111,0,0,8082,5511,19439,1630,4412,373,5,0,0,6,51838,1481,7067,0,0,0,0,0
633,5624,634.0340765640831,99844,25,18,116,36,30938,16192,0.47203637674772647,19,9,23147,21253,9823,4701,16868,23981,47882,35125,0,0,8067,5502,19448,1629,4414,373,7,0,0,11,51846,1480,7067,0,0,0,0,0
634,5624,635.2755618511299,99844,21,17,116,36,30942,16195,0.4721064861183446,22,10,23224,21353,9792,4679,16823,23903,47892,35138,0,0,8055,5496,19453,1627,4416,374,7,0,0,21,51848,1477,7070,0,0,0,0,0
635,5624,636.1452515073838,99844,25,18,116,36,30947,16197,0.4721765954889628,17,12,23270,21408,9774,4666,16796,23858,47902,35151,0,0,8047,5486,19462,1624,4418,376,7,0,0,22,51855,1477,7070,0,0,0,0,0
636,5624,637.2657246837496,99844,22,22,116,36,30949,16203,0.47225672048395495,20,10,23371,21508,9732,4649,16737,23773,47911,35164,0,0,8035,5477,19470,1624,4418,377,8,0,0,26,51862,1475,7072,0,0,0,0,0
637,5624,638.0737473639782,99844,20,19,116,36,30952,16205,0.4723067986058251,20,11,23441,21581,9706,4639,16695,23712,47920,35177,0,0,8027,5464,19480,1624,4421,378,8,0,0,31,51865,1474,7072,0,0,0,0,0
638,5624,639.0258060957476,99844,20,20,116,36,30958,16209,0.4724069548495653,21,9,23546,21662,9663,4623,16632,23648,47929,35189,0,0,8016,5455,19486,1624,4423,379,8,0,0,36,51871,1473,7073,0,0,0,0,0
639,5624,640.1898268646777,99844,21,23,116,36,30964,16213,0.47250711109330557,20,8,23626,21740,9639,4609,16576,23582,47938,35201,0,0,8006,5450,19491,1619,4427,380,9,0,0,40,51876,1471,7075,0,0,0,0,0
640,5624,641.2738249946665,99844,22,20,116,36,30969,16214,0.47256720483954967,20,13,23736,21873,9595,4587,16509,23469,47947,35213,0,0,7996,5443,19494,1617,4433,380,9,0,0,44,51882,1469,7077,0,0,0,0,0
641,5624,642.0318457595822,99844,23,23,116,36,30971,16217,0.4726172829614198,20,14,23764,21910,9572,4578,16503,23437,47955,35225,0,0,7984,5435,19502,1617,4433,380,10,0,0,44,51893,1468,7078,0,0,0,0,0
642,5624,643.0890026000637,99844,29,20,116,36,30977,16219,0.472697407956412,18,13,23846,22018,9538,4558,16451,23353,47963,35237,0,0,7973,5431,19504,1616,4436,380,10,0,0,47,51901,1464,7082,0,0,0,0,0
643,5624,644.1070439142017,99844,29,21,116,36,30982,16223,0.4727875485757782,30,13,23914,22116,9508,4540,16401,23272,47971,35248,0,0,7958,5427,19506,1614,4441,380,12,0,0,49,51912,1463,7082,0,0,0,0,0
644,5624,645.0035349878356,99844,30,21,116,36,30984,16225,0.4728276110732743,36,13,23965,22177,9477,4531,16374,23220,47979,35259,0,0,7948,5419,19514,1613,4443,380,14,0,0,49,51920,1461,7083,0,0,0,0,0
645,5624,646.1508850617189,99844,33,23,116,36,30993,16229,0.4729578141901366,35,15,24067,22275,9437,4512,16310,23137,47987,35270,0,0,7942,5407,19525,1611,4446,382,14,0,0,51,51924,1461,7081,0,0,0,0,0
646,5624,647.1931426390812,99844,39,22,116,36,31003,16232,0.4730880173069989,33,18,24156,22361,9395,4492,16259,23069,47995,35281,0,0,7933,5400,19530,1610,4450,382,14,0,0,56,51928,1459,7082,0,0,0,0,0
647,5624,648.0118878051957,99844,42,23,116,36,31010,16234,0.47317815792636514,32,17,24204,22419,9381,4479,16223,23024,48003,35292,0,0,7919,5395,19532,1609,4454,382,16,0,0,56,51940,1458,7083,0,0,0,0,0
648,5624,649.1122800686218,99844,51,25,116,36,31025,16240,0.47338848603821965,24,18,24311,22538,9338,4466,16158,22915,48010,35303,0,0,7908,5389,19535,1609,4455,384,18,0,0,59,51946,1455,7086,0,0,0,0,0
649,5624,650.0768858011583,99844,51,26,116,36,31032,16244,0.4734986579063339,29,18,24369,22620,9310,4455,16123,22843,48017,35313,0,0,7897,5385,19534,1607,4462,384,18,0,0,64,51952,1455,7086,0,0,0,0,0
650,5624,651.2946711083057,99844,44,23,116,36,31036,16251,0.4736088297744481,37,19,24473,22705,9277,4444,16051,22771,48024,35323,0,0,7886,5379,19535,1604,4470,385,21,0,0,75,51949,1455,7085,0,0,0,0,0
651,5624,652.0365984730929,99844,40,25,116,36,31042,16256,0.4737190016425624,43,17,24514,22768,9257,4429,16028,22723,48031,35333,0,0,7874,5374,19537,1604,4473,387,21,0,0,80,51956,1454,7084,0,0,0,0,0
652,5624,653.0747864181881,99844,41,26,116,36,31049,16260,0.47382917351067666,42,18,24568,22846,9241,4414,15990,22658,48038,35343,0,0,7865,5367,19543,1603,4475,388,23,0,0,84,51959,1452,7085,0,0,0,0,0
653,5624,654.2713309175405,99844,48,24,116,36,31064,16264,0.4740194703737831,37,23,24674,22979,9200,4392,15923,22544,48045,35353,0,0,7852,5361,19546,1604,4477,388,24,0,0,94,51961,1452,7085,0,0,0,0,0
654,5624,655.1704883756955,99844,49,25,116,36,31071,16266,0.4741096109931493,42,23,24726,23070,9179,4378,15886,22466,48052,35363,0,0,7846,5353,19552,1604,4479,388,24,0,0,99,51962,1449,7088,0,0,0,0,0
655,5624,656.0675383063814,99844,51,26,116,36,31080,16273,0.4742698609831337,46,22,24787,23140,9158,4373,15840,22401,48059,35372,0,0,7834,5349,19555,1602,4482,389,25,0,0,107,51965,1449,7087,0,0,0,0,0
656,5624,657.2599915211422,99844,57,30,116,36,31097,16279,0.47450022034373623,42,23,24871,23245,9126,4361,15786,22303,48065,35381,0,0,7825,5343,19558,1601,4488,389,26,0,0,113,51967,1448,7086,0,0,0,0,0
657,5624,658.1517424936869,99844,58,27,116,36,31103,16283,0.47460037658747645,49,23,24941,23320,9093,4350,15741,22242,48071,35390,0,0,7815,5340,19557,1599,4494,389,27,0,0,120,51969,1447,7087,0,0,0,0,0
658,5624,659.0409276403692,99844,56,21,116,36,31113,16285,0.47472056407996477,49,26,25012,23390,9075,4336,15690,22189,48077,35399,0,0,7808,5332,19560,1601,4494,392,28,0,0,131,51964,1444,7090,0,0,0,0,0
659,5624,660.2226084790803,99844,55,24,116,36,31131,16291,0.4749609390649413,48,27,25090,23480,9052,4316,15637,22115,48083,35408,0,0,7796,5327,19559,1601,4505,393,30,0,0,137,51968,1443,7085,0,0,0,0,0
660,5624,661.1064232865092,99844,60,26,116,36,31144,16297,0.47515123592804775,44,26,25155,23546,9028,4306,15595,22058,48089,35417,0,0,7788,5319,19562,1603,4507,394,30,0,0,143,51970,1442,7086,0,0,0,0,0
661,5624,662.2813284744044,99844,69,32,116,36,31164,16304,0.47542165778614637,51,29,25242,23623,8992,4292,15528,21986,48095,35426,0,0,7777,5316,19563,1603,4510,394,31,0,0,150,51973,1439,7088,0,0,0,0,0
662,5624,663.1597015429996,99844,75,31,116,36,31176,16307,0.4755718921517567,57,33,25311,23686,8966,4286,15473,21926,48101,35434,0,0,7767,5312,19564,1601,4516,394,33,0,0,154,51977,1439,7087,0,0,0,0,0
663,5624,664.0356928267719,99844,86,34,116,36,31193,16312,0.47579223588798525,54,34,25368,23736,8946,4273,15428,21885,48107,35442,0,0,7757,5309,19564,1601,4519,394,34,0,0,158,51982,1437,7089,0,0,0,0,0
664,5624,665.200077495836,99844,85,41,116,36,31209,16322,0.4760526421217099,62,34,25453,23835,8916,4262,15366,21790,48113,35450,0,0,7744,5304,19563,1602,4525,394,36,0,0,168,51983,1437,7088,0,0,0,0,0
665,5624,666.0708790291424,99844,88,45,116,36,31223,16333,0.47630303273106045,65,30,25507,23902,8901,4255,15321,21730,48119,35458,0,0,7733,5301,19562,1602,4532,394,38,0,0,177,51983,1435,7087,0,0,0,0,0
666,5624,667.2289217542262,99844,96,50,116,36,31242,16343,0.4765934858379071,68,30,25578,23977,8869,4244,15271,21661,48124,35466,0,0,7723,5295,19564,1603,4536,395,40,0,0,184,51984,1435,7085,0,0,0,0,0
667,5624,668.0952559112158,99844,102,56,116,36,31262,16357,0.4769340170666239,62,26,25625,24034,8860,4245,15233,21601,48129,35474,0,0,7713,5290,19564,1604,4541,395,42,0,0,198,51978,1434,7085,0,0,0,0,0
668,5624,669.2475729573129,99844,104,53,116,36,31279,16363,0.4771643764272265,64,44,25706,24130,8831,4235,15177,21500,48134,35482,0,0,7705,5286,19564,1604,4548,395,44,0,0,213,51969,1431,7085,0,0,0,0,0
669,5624,670.1095968183888,99844,111,65,116,36,31298,16376,0.4774848764071952,63,51,25770,24195,8804,4223,15134,21428,48139,35490,0,0,7696,5277,19568,1607,4551,395,47,0,0,217,51971,1430,7085,0,0,0,0,0
670,5624,671.255302983404,99844,110,62,116,36,31313,16390,0.4777753295140419,75,46,25847,24278,8779,4222,15071,21354,48144,35497,0,0,7688,5270,19569,1610,4554,396,48,0,0,241,51954,1429,7085,0,0,0,0,0
671,5624,672.1123464395678,99844,111,67,116,36,31325,16402,0.4780157044990185,90,44,25893,24343,8760,4217,15028,21291,48149,35504,0,0,7678,5266,19567,1614,4560,396,51,0,0,246,51956,1424,7086,0,0,0,0,0
672,5624,673.252306222957,99844,119,73,116,36,31351,16419,0.47844637634710147,98,52,25953,24431,8742,4208,14970,21198,48154,35511,0,0,7667,5265,19564,1612,4570,396,52,0,0,265,51947,1424,7082,0,0,0,0,0
673,5624,674.105349604279,99844,136,80,116,36,31382,16431,0.4788770481951845,89,53,25996,24501,8734,4200,14927,21128,48159,35518,0,0,7657,5261,19564,1615,4576,397,52,0,0,273,51949,1423,7077,0,0,0,0,0
674,5624,675.2403459770461,99844,138,91,116,36,31410,16452,0.47936781378951165,96,61,26066,24570,8721,4190,14861,21050,48164,35525,0,0,7646,5256,19560,1615,4585,400,57,0,0,288,51940,1422,7075,0,0,0,0,0
675,5624,676.0893544796878,99844,156,88,116,36,31439,16461,0.4797484075157245,99,66,26116,24658,8701,4183,14810,20967,48169,35532,0,0,7638,5250,19559,1615,4592,400,59,0,0,302,51932,1422,7075,0,0,0,0,0
676,5624,677.2186148638742,99844,160,96,116,36,31465,16485,0.4802491887344257,123,66,26157,24740,8685,4182,14757,20878,48174,35539,0,0,7629,5241,19555,1618,4603,400,64,0,0,321,51917,1420,7076,0,0,0,0,0
677,5624,678.064005871984,99844,166,103,116,36,31485,16503,0.4806297824606386,136,70,26219,24806,8667,4176,14694,20807,48179,35546,0,0,7618,5237,19552,1619,4610,401,67,0,0,333,51913,1419,7075,0,0,0,0,0
678,5624,679.1881013748018,99844,175,108,116,36,31531,16521,0.4812707824205761,135,71,26288,24881,8653,4175,14631,20727,48183,35553,0,0,7610,5225,19546,1625,4625,401,69,0,0,359,51893,1419,7072,0,0,0,0,0
679,5624,680.0290401216333,99844,181,103,116,36,31562,16530,0.48167140739553704,142,78,26332,24920,8649,4173,14578,20688,48187,35559,0,0,7601,5221,19541,1625,4638,401,73,0,0,379,51877,1417,7071,0,0,0,0,0
680,5624,681.1479364687034,99844,197,107,116,36,31613,16550,0.4823825167260927,144,81,26382,25005,8647,4170,14512,20599,48191,35565,0,0,7595,5210,19537,1630,4653,401,75,0,0,407,51853,1416,7067,0,0,0,0,0
681,5624,682.264363486974,99844,212,115,116,36,31660,16576,0.4831136573053964,161,75,26428,25080,8635,4169,14446,20523,48195,35571,0,0,7583,5202,19533,1635,4663,403,81,0,0,431,51834,1415,7064,0,0,0,0,0
682,5624,683.1001411916504,99844,224,114,116,36,31695,16588,0.4835843916509755,170,83,26459,25141,8627,4166,14402,20458,48199,35577,0,0,7575,5194,19529,1636,4677,403,85,0,0,447,51822,1415,7061,0,0,0,0,0
683,5624,684.2127231367276,99844,221,116,116,36,31729,16604,0.48408517286967667,187,101,26504,25209,8634,4161,14336,20375,48203,35583,0,0,7564,5191,19523,1634,4691,405,90,0,0,475,51800,1414,7057,0,0,0,0,0
684,5624,685.0455242477835,99844,234,133,116,36,31767,16636,0.4847862665758583,197,95,26547,25264,8620,4161,14284,20309,48207,35589,0,0,7556,5183,19518,1639,4705,406,94,0,0,490,51789,1412,7052,0,0,0,0,0
685,5624,686.1535383795215,99844,251,140,116,36,31817,16663,0.48555746965265817,234,104,26583,25320,8605,4167,14209,20231,48211,35595,0,0,7540,5178,19513,1645,4714,408,102,0,0,516,51771,1409,7048,0,0,0,0,0
686,5624,687.2595305676509,99844,267,160,116,36,31877,16702,0.4865490164656865,249,100,26609,25374,8603,4176,14154,20152,48215,35601,0,0,7534,5169,19501,1649,4736,410,105,0,0,546,51744,1407,7043,0,0,0,0,0
687,5624,688.0878124312177,99844,299,175,116,36,31941,16731,0.48748046953247065,246,100,26636,25425,8596,4177,14105,20085,48219,35607,0,0,7523,5163,19496,1649,4746,415,112,0,0,564,51730,1406,7040,0,0,0,0,0
688,5624,689.1904050566424,99844,313,182,116,36,32001,16766,0.48843195384800286,272,116,26656,25476,8612,4184,14029,20004,48223,35613,0,0,7508,5158,19484,1653,4754,421,120,0,0,606,51695,1404,7041,0,0,0,0,0
689,5624,690.0162359633272,99844,339,191,116,36,32060,16797,0.489333360041665,273,128,26680,25518,8607,4190,13983,19935,48227,35619,0,0,7495,5156,19476,1652,4765,427,126,0,0,631,51677,1402,7037,0,0,0,0,0
690,5624,691.1158226043452,99844,371,193,116,36,32140,16838,0.49054525059092186,283,139,26713,25571,8608,4208,13907,19851,48231,35624,0,0,7482,5147,19468,1657,4780,433,135,0,0,677,51635,1401,7029,0,0,0,0,0
691,5624,692.2130914502693,99844,396,202,116,36,32217,16875,0.4916870317695605,312,152,26746,25633,8604,4211,13824,19764,48235,35629,0,0,7466,5139,19456,1664,4799,437,146,0,0,712,51605,1398,7022,0,0,0,0,0
692,5624,693.0349131849612,99844,412,210,116,36,32284,16900,0.49260846921197066,323,173,26755,25672,8621,4214,13771,19693,48239,35634,0,0,7453,5135,19441,1669,4820,439,154,0,0,742,51580,1393,7018,0,0,0,0,0
693,5624,694.1296261067004,99844,428,219,116,36,32375,16944,0.49396057850246383,339,180,26779,25732,8648,4229,13688,19602,48243,35639,0,0,7440,5123,19427,1676,4845,441,164,0,0,802,51522,1389,7015,0,0,0,0,0
694,5624,695.2228359263878,99843,467,243,116,37,32496,17006,0.49579840349348475,342,173,26776,25785,8683,4247,13614,19513,48247,35644,0,0,7416,5114,19406,1679,4879,446,181,0,0,849,51480,1387,7006,0,0,0,0,0
695,5624,696.0423525633935,99843,497,253,116,37,32578,17047,0.4970303376300792,360,169,26762,25842,8701,4265,13562,19432,48250,35649,0,0,7399,5113,19393,1679,4899,449,192,0,0,894,51441,1386,6998,0,0,0,0,0
696,5624,697.134819670731,99842,498,278,117,37,32670,17105,0.4985376895494882,410,174,26758,25902,8739,4277,13476,19330,48253,35654,0,0,7381,5100,19376,1689,4932,450,207,0,0,952,51384,1381,6990,0,0,0,0,0
697,5624,698.2262935725047,99842,516,297,117,37,32769,17162,0.5001001582500351,459,188,26776,25946,8763,4301,13367,19229,48256,35659,0,0,7360,5089,19357,1696,4965,454,223,0,0,1003,51337,1379,6979,0,0,0,0,0
698,5624,699.043919054886,99841,533,309,118,37,32851,17204,0.5013471419557096,472,193,26766,25980,8789,4320,13320,19159,48259,35664,0,0,7348,5081,19342,1699,4984,460,230,0,0,1052,51292,1378,6975,0,0,0,0,0
699,5624,700.1337551035101,99840,578,323,119,37,32976,17263,0.5031951121794872,497,207,26758,26006,8805,4350,13241,19075,48262,35669,0,0,7333,5066,19326,1710,5012,463,241,0,0,1116,51230,1376,6967,0,0,0,0,0
700,5624,701.2228655991128,99840,638,338,119,37,33120,17333,0.5053385416666667,527,226,26724,26024,8839,4391,13151,18982,48265,35674,0,0,7311,5058,19295,1717,5052,464,258,0,0,1189,51162,1374,6960,0,0,0,0,0
701,5624,702.0395634694548,99840,693,372,119,37,33242,17394,0.5071714743589744,537,240,26705,26041,8866,4397,13078,18911,48268,35679,0,0,7299,5046,19285,1724,5072,467,265,0,0,1239,51117,1372,6954,0,0,0,0,0
702,5624,703.1280505635858,99840,729,384,119,37,33379,17460,0.5092047275641025,587,272,26674,26089,8910,4429,12979,18787,48271,35684,0,0,7280,5036,19252,1736,5114,473,279,0,0,1308,51051,1363,6948,0,0,0,0,0
703,5624,704.216580741539,99839,748,398,120,37,33527,17537,0.5114634561644247,642,288,26638,26116,8968,4472,12882,18687,48274,35689,0,0,7256,5016,19234,1753,5155,480,298,0,0,1402,50960,1359,6926,0,0,0,0,0
704,5624,705.0332526936672,99838,774,410,121,37,33651,17597,0.5133115647348705,652,290,26614,26130,9021,4511,12816,18620,48277,35694,0,0,7232,5006,19208,1761,5190,483,317,0,0,1475,50891,1354,6921,0,0,0,0,0
705,5624,706.1224878262228,99837,788,431,122,37,33802,17681,0.5156705429850656,683,324,26593,26159,9090,4552,12722,18495,48280,35698,0,0,7204,4986,19173,1780,5233,493,339,0,0,1566,50805,1351,6907,0,0,0,0,0
706,5624,707.2118416904549,99837,879,445,122,37,34018,17755,0.5185752777026553,664,353,26538,26198,9165,4583,12630,18382,48283,35702,0,0,7180,4971,19140,1792,5276,502,357,0,0,1653,50721,1350,6895,0,0,0,0,0
707,5624,708.0294550672569,99837,925,455,122,37,34154,17824,0.5206286246581928,710,382,26478,26185,9196,4619,12567,18320,48286,35706,0,0,7162,4960,19125,1801,5308,504,371,0,0,1740,50636,1348,6882,0,0,0,0,0
708,5624,709.1205232723788,99837,987,482,122,37,34374,17932,0.5239139797870529,752,385,26404,26199,9281,4687,12452,18208,48289,35710,0,0,7135,4944,19084,1816,5372,511,394,0,0,1856,50522,1342,6861,0,0,0,0,0
709,5624,710.2133133300825,99837,1062,525,122,37,34614,18058,0.5275799553271833,780,391,26326,26221,9362,4737,12346,18087,48292,35714,0,0,7111,4925,19038,1834,5433,517,414,0,0,1984,50396,1335,6850,0,0,0,0,0
710,5624,711.0339240113369,99837,1115,535,122,37,34783,18144,0.5301341186133397,812,418,26266,26211,9417,4794,12266,18003,48295,35718,0,0,7089,4913,19008,1838,5488,521,433,0,0,2080,50301,1331,6835,0,0,0,0,0
711,5624,712.1293397858188,99837,1166,576,122,37,35008,18267,0.5336198002744473,879,434,26176,26208,9502,4851,12153,17892,48298,35722,0,0,7059,4891,18974,1858,5548,525,457,0,0,2216,50170,1325,6814,0,0,0,0,0
712,5624,713.2269326826228,99837,1215,594,122,37,35247,18385,0.5371956288750663,953,458,26064,26208,9612,4916,12032,17785,48301,35726,0,0,7022,4868,18928,1878,5616,534,491,0,0,2360,50026,1322,6792,0,0,0,0,0
713,5624,714.0519314984325,99837,1283,618,122,37,35460,18486,0.5403407554313531,987,472,25966,26196,9688,4972,11952,17703,48304,35730,0,0,6999,4841,18890,1899,5676,539,509,0,0,2462,49925,1320,6777,0,0,0,0,0
714,5624,715.1546098014273,99837,1356,670,122,37,35733,18628,0.54449753097549,1042,492,25847,26185,9800,5021,11831,17593,48307,35734,0,0,6956,4813,18850,1926,5744,545,547,0,0,2597,49790,1314,6755,0,0,0,0,0
715,5624,716.2601459288196,99835,1425,704,124,37,36020,18752,0.5486252316321931,1122,546,25693,26158,9929,5085,11705,17468,48310,35738,0,0,6922,4786,18801,1957,5813,555,575,0,0,2743,49646,1301,6736,0,0,0,0,0
716,5624,717.0917928545542,99835,1483,721,124,37,36249,18847,0.5518705864676716,1148,584,25596,26140,10029,5137,11618,17379,48313,35742,0,0,6899,4761,18768,1979,5858,565,595,0,0,2879,49511,1297,6723,0,0,0,0,0
717,5624,718.2041776993519,99832,1612,753,127,37,36593,18992,0.5567853994711115,1189,645,25436,26106,10151,5214,11483,17243,48316,35746,0,0,6867,4735,18700,2003,5958,573,621,0,0,3024,49364,1290,6697,0,0,0,0,0
718,5624,719.0411062076606,99832,1654,786,127,37,36832,19131,0.560571760557737,1248,655,25321,26078,10255,5296,11393,17146,48319,35750,0,0,6836,4721,18649,2016,6029,583,646,0,0,3186,49204,1283,6679,0,0,0,0,0
719,5624,720.160589275919,99831,1732,863,127,38,37187,19340,0.5662269235007162,1275,651,25193,26033,10416,5394,11255,17019,48321,35754,0,0,6777,4687,18591,2049,6124,595,702,0,0,3373,49014,1273,6646,0,0,0,0,0
720,5624,721.0026306878433,99830,1802,861,128,38,37451,19467,0.5701492537313433,1348,702,25062,25981,10525,5498,11133,16918,48323,35758,0,0,6748,4666,18542,2070,6195,614,730,0,0,3528,48853,1266,6618,0,0,0,0,0
721,5624,722.1297114752957,99830,1924,913,128,38,37891,19678,0.5766703395772814,1321,739,24881,25908,10728,5622,11016,16778,48325,35762,0,0,6690,4631,18466,2109,6296,635,781,0,0,3756,48622,1259,6585,0,0,0,0,0
722,5624,723.2631613615168,99829,1990,971,129,38,38270,19876,0.582455999759589,1422,804,24660,25836,10919,5722,10878,16627,48327,35766,0,0,6633,4597,18397,2141,6403,647,832,0,0,3974,48399,1252,6554,0,0,0,0,0
723,5624,724.1177758703501,99829,2069,1004,129,38,38581,20038,0.5871941019142735,1461,830,24504,25783,11066,5829,10769,16514,48329,35770,0,0,6599,4574,18323,2167,6482,673,862,0,0,4137,48232,1245,6535,0,0,0,0,0
724,5624,725.2635060979624,99826,2120,1060,129,41,38986,20277,0.5936629735740188,1554,864,24290,25698,11285,5961,10620,16374,48331,35773,0,0,6548,4537,18227,2202,6617,697,908,0,0,4379,47977,1234,6500,0,0,0,0,0
725,5624,726.1274580855248,99826,2222,1133,129,41,39362,20476,0.5994229960130627,1548,868,24143,25631,11434,6058,10522,16267,48333,35776,0,0,6508,4514,18174,2221,6693,716,944,0,0,4595,47761,1226,6474,0,0,0,0,0
726,5624,727.2848657969703,99823,2339,1190,131,42,39820,20728,0.606553599871773,1633,897,23905,25542,11607,6207,10383,16120,48335,35779,0,0,6444,4486,18082,2254,6825,730,1002,0,0,4852,47491,1213,6444,0,0,0,0,0
727,5624,728.1583082952735,99821,2383,1225,133,42,40154,20932,0.6119554001662977,1738,928,23700,25482,11777,6337,10267,15984,48337,35782,0,0,6397,4457,17989,2288,6945,744,1039,0,0,5069,47271,1202,6420,0,0,0,0,0
728,5624,729.0372753692365,99818,2499,1295,134,44,40577,21151,0.6184054980063716,1758,922,23496,25423,11956,6446,10155,15868,48339,35785,0,0,6357,4425,17908,2324,7050,761,1067,0,0,5288,47043,1196,6399,0,0,0,0,0
729,5624,730.2182901379198,99815,2645,1353,137,44,41145,21438,0.6269899313730402,1782,964,23216,25313,12225,6617,9993,15707,48341,35788,0,0,6279,4379,17797,2372,7221,783,1135,0,0,5570,46749,1183,6347,0,0,0,0,0
730,5624,731.1112376231474,99812,2687,1395,140,44,41543,21674,0.6333607181501222,1846,971,23002,25226,12447,6775,9876,15587,48343,35791,0,0,6233,4337,17684,2407,7358,818,1174,0,0,5798,46508,1175,6320,0,0,0,0,0
731,5624,732.0107928373579,99812,2724,1402,140,44,41949,21862,0.6393119063840019,1933,1040,22779,25150,12667,6909,9755,15453,48345,35794,0,0,6175,4296,17589,2447,7497,845,1230,0,0,6026,46263,1160,6284,0,0,0,0,0
732,5624,733.2208636037743,99811,2834,1469,141,44,42519,22175,0.6481650319103105,2046,1090,22486,25035,12925,7081,9566,15279,48347,35797,0,0,6109,4239,17468,2504,7671,882,1290,0,0,6325,45945,1146,6232,0,0,0,0,0
733,5624,734.1361231399591,99810,2955,1531,142,44,42995,22433,0.6555254984470494,2135,1115,22236,24939,13127,7229,9403,15140,48349,35800,0,0,6051,4193,17379,2545,7803,909,1339,0,0,6555,45694,1141,6201,0,0,0,0,0
734,5624,735.0586788075462,99808,3108,1568,144,44,43512,22690,0.6632935235652453,2167,1154,21968,24829,13323,7408,9288,14995,48351,35803,0,0,5990,4160,17293,2578,7941,935,1391,0,0,6825,45412,1129,6154,0,0,0,0,0
735,5624,736.3014191988448,99806,3158,1655,146,44,44134,23062,0.6732661363044306,2265,1172,21659,24708,13674,7610,9096,14809,48353,35806,0,0,5908,4090,17143,2641,8159,976,1464,0,0,7191,45024,1118,6092,0,0,0,0,0
736,5624,737.2430501896764,99804,3296,1709,148,44,44696,23342,0.6817161636808144,2313,1204,21383,24618,13912,7785,8946,14638,48355,35809,0,0,5847,4035,17025,2692,8326,1006,1519,0,0,7466,44730,1107,6051,0,0,0,0,0
737,5624,738.1939161801698,99803,3400,1745,148,45,45247,23611,0.6899391801849644,2400,1249,21105,24500,14162,7956,8783,14503,48357,35812,0,0,5786,3993,16916,2730,8492,1046,1573,0,0,7755,44416,1094,6002,0,0,0,0,0
738,5624,739.1541390809825,99801,3534,1803,149,46,45822,23922,0.6988306730393483,2454,1321,20857,24360,14385,8139,8619,14329,48359,35815,0,0,5725,3948,16789,2772,8663,1079,1623,0,0,8075,44083,1084,5960,0,0,0,0,0
739,5624,740.1234347244864,99798,3635,1863,151,47,46449,24241,0.7083308282731117,2464,1322,20569,24232,14707,8339,8472,14195,48361,35818,0,0,5650,3901,16662,2810,8856,1116,1688,0,0,8429,43706,1071,5909,0,0,0,0,0
740,5624,741.1037717546506,99796,3744,1913,153,47,47065,24560,0.7177141368391519,2520,1367,20283,24090,14975,8528,8323,14053,48363,35821,0,0,5572,3851,16531,2857,9058,1156,1755,0,0,8737,43364,1058,5857,0,0,0,0,0
741,5624,742.0954099229061,99795,3858,1980,154,47,47742,24909,0.7280024049301067,2566,1406,19990,23943,15282,8733,8148,13889,48365,35824,0,0,5494,3794,16399,2907,9271,1207,1817,0,0,9060,42997,1043,5806,0,0,0,0,0
742,5624,743.098734587746,99794,3944,2077,155,47,48416,25277,0.7384512094915526,2598,1447,19679,23807,15617,8929,8005,13691,48367,35827,0,0,5409,3726,16258,2974,9485,1248,1892,0,0,9407,42613,1026,5756,0,0,0,0,0
743,5624,744.1153090172472,99791,3995,2116,158,47,49105,25658,0.7491958192622581,2672,1470,19346,23643,16009,9198,7818,13524,48369,35830,0,0,5309,3673,16110,3019,9689,1328,1977,0,0,9789,42184,1013,5700,0,0,0,0,0
744,5624,745.1470445203535,99790,4104,2160,158,48,49798,26020,0.7597755286100811,2710,1533,19037,23481,16338,9418,7651,13358,48371,35833,0,0,5221,3624,15970,3069,9918,1373,2051,0,0,10148,41770,997,5649,0,0,0,0,0
745,5624,746.1930688042127,99790,4225,2240,158,48,50546,26418,0.7712596452550355,2764,1609,18683,23286,16674,9636,7494,13179,48373,35836,0,0,5125,3568,15817,3126,10164,1428,2132,0,0,10504,41367,978,5581,0,0,0,0,0
746,5624,747.2543224603106,99784,4349,2330,163,49,51295,26857,0.7832117373526818,2818,1599,18349,23124,16996,9885,7323,13011,48375,35839,0,0,5042,3517,15683,3189,10390,1489,2187,0,0,10882,40924,961,5520,0,0,0,0,0
747,5624,748.3318100169547,99782,4450,2391,164,50,52082,27289,0.7954440680683891,2923,1643,17986,22945,17326,10128,7149,12841,48377,35842,0,0,4967,3456,15505,3244,10701,1547,2237,0,0,11264,40467,949,5445,0,0,0,0,0
748,5624,749.0600196455848,99780,4537,2468,166,50,52640,27605,0.8042192824213269,2975,1638,17724,22825,17569,10292,7027,12725,48379,35845,0,0,4911,3411,15394,3282,10888,1588,2282,0,0,11533,40152,934,5405,0,0,0,0,0
749,5624,750.1674752609862,99778,4664,2547,167,51,53504,28073,0.8175850387861051,2948,1705,17393,22635,17972,10538,6854,12522,48381,35848,0,0,4798,3344,15228,3333,11160,1667,2379,0,0,11951,39665,923,5330,0,0,0,0,0
750,5624,751.2589964543901,99775,4726,2629,170,51,54269,28553,0.8300876973189677,3047,1751,17037,22441,18349,10811,6669,12315,48383,35851,0,0,4713,3273,15059,3405,11440,1745,2440,0,0,12329,39199,908,5264,0,0,0,0,0
751,5624,752.3252676725552,99773,4843,2737,171,52,55061,29058,0.8431038457298067,3099,1774,16734,22208,18650,11079,6501,12148,48385,35854,0,0,4625,3217,14903,3457,11717,1810,2507,0,0,12737,38722,888,5190,0,0,0,0,0
752,5624,753.0241679866199,99771,4899,2740,173,52,55625,29351,0.851710416854597,3090,1816,16521,22075,18931,11287,6384,12028,48387,35857,0,0,4551,3172,14780,3498,11942,1853,2559,0,0,13010,38389,875,5142,0,0,0,0,0
753,5624,754.0534938612113,99766,4988,2765,177,53,56420,29794,0.8641621394062106,3146,1861,16220,21894,19253,11577,6214,11848,48389,35859,0,0,4462,3107,14609,3553,12203,1946,2627,0,0,13416,37909,857,5077,0,0,0,0,0
754,5624,755.0625184177181,99765,5083,2822,178,53,57207,30245,0.8765799629128452,3163,1890,15899,21718,19593,11852,6082,11663,48391,35861,0,0,4358,3050,14460,3600,12479,2028,2709,0,0,13763,37465,840,5013,0,0,0,0,0
755,5624,756.0519393133667,99762,5086,2860,179,55,57936,30700,0.8884745694753513,3200,1893,15626,21548,19966,12133,5941,11509,48393,35863,0,0,4265,2994,14291,3655,12774,2111,2774,0,0,14160,36980,823,4935,0,0,0,0,0
756,5624,757.022500800238,99758,5128,2913,183,55,58715,31160,0.9009302512079231,3201,1887,15343,21397,20334,12417,5809,11329,48395,35865,0,0,4153,2937,14134,3698,13045,2218,2862,0,0,14505,36539,804,4863,0,0,0,0,0
757,5624,758.2879150028374,99755,5225,3000,185,56,59746,31746,0.9171670592952734,3177,1901,15010,21185,20766,12738,5635,11118,48397,35867,0,0,4052,2867,13897,3755,13420,2342,2920,0,0,14970,35954,795,4783,0,0,0,0,0
758,5624,759.2177567500507,99755,5317,3042,185,56,60518,32199,0.9294471455064909,3127,1960,14781,20987,21083,12991,5505,10962,48399,35869,0,0,3961,2813,13729,3817,13713,2423,2978,0,0,15311,35517,778,4715,0,0,0,0,0
759,5624,760.1321827805092,99749,5268,3111,191,56,61219,32674,0.9412926445377898,3191,1950,14531,20811,21442,13260,5375,10810,48401,35871,0,0,3882,2753,13536,3871,14012,2526,3029,0,0,15671,35051,761,4657,0,0,0,0,0
760,5624,761.0307636171895,99748,5299,3166,191,57,61942,33126,0.9530817660504471,3198,1941,14270,20662,21791,13512,5249,10660,48403,35873,0,0,3801,2692,13386,3925,14273,2623,3089,0,0,16020,34598,747,4594,0,0,0,0,0
761,5624,762.2060790962499,99745,5324,3218,193,58,62856,33702,0.9680485237355256,3174,1950,13974,20447,22207,13854,5126,10471,48405,35875,0,0,3702,2618,13188,3977,14653,2747,3157,0,0,16426,34039,734,4504,0,0,0,0,0
762,5624,763.0731165713609,99740,5425,3211,197,59,63602,34107,0.9796370563465009,3121,1945,13752,20323,22475,14145,5028,10315,48407,35877,0,0,3635,2564,13017,4030,14919,2844,3201,0,0,16762,33605,718,4445,0,0,0,0,0
763,5624,764.2114027814517,99736,5445,3190,200,60,64497,34642,0.9940141974813508,3151,2005,13468,20085,22864,14523,4870,10135,48409,35879,0,0,3547,2513,12810,4076,15295,2971,3248,0,0,17194,33010,703,4369,0,0,0,0,0
764,5624,765.0520449542884,99733,5477,3253,203,60,65177,35077,1.0052239479410026,3112,1973,13296,19940,23135,14774,4775,9998,48410,35881,0,0,3484,2452,12680,4111,15540,3067,3286,0,0,17507,32599,688,4319,0,0,0,0,0
765,5624,766.1568292694218,99729,5419,3280,204,63,65973,35639,1.0188811679651857,3171,1966,13065,19749,23503,15112,4636,9828,48411,35883,0,0,3391,2387,12501,4158,15907,3194,3338,0,0,17889,32050,675,4239,0,0,0,0,0
766,5624,767.2447519119539,99724,5429,3319,209,63,66849,36199,1.033331996309815,3192,1941,12790,19562,23883,15453,4495,9660,48412,35885,0,0,3285,2322,12293,4230,16236,3319,3401,0,0,18308,31490,656,4184,0,0,0,0,0
767,5624,768.0486980279011,99722,5424,3314,211,63,67473,36593,1.0435610998576041,3158,1943,12644,19434,24171,15690,4390,9554,48413,35887,0,0,3233,2291,12142,4245,16516,3423,3425,0,0,18589,31085,638,4135,0,0,0,0,0
768,5624,769.105798328242,99721,5502,3328,211,64,68378,37094,1.0576709018160668,3122,1989,12384,19217,24512,16000,4267,9400,48414,35889,0,0,3163,2234,11971,4315,16814,3568,3446,0,0,18952,30578,616,4064,0,0,0,0,0
769,5624,770.1478798837234,99720,5479,3323,212,64,69200,37588,1.070878459687124,3063,1982,12189,19053,24910,16326,4145,9250,48415,35891,0,0,3081,2178,11778,4354,17171,3725,3475,0,0,19242,30110,609,3997,0,0,0,0,0
770,5624,771.1748011916694,99715,5534,3319,216,65,69993,38092,1.0839392267963697,3082,1988,11986,18900,25166,16624,4014,9102,48416,35893,0,0,3015,2132,11612,4371,17523,3844,3507,0,0,19557,29625,596,3933,0,0,0,0,0
771,5624,772.1902293061446,99710,5518,3330,218,68,70766,38631,1.0971517400461337,3077,1932,11777,18785,25480,16944,3928,8939,48417,35895,0,0,2942,2078,11426,4398,17886,3979,3547,0,0,19879,29127,584,3864,0,0,0,0,0
772,5624,773.1931489666664,99708,5512,3371,218,70,71553,39123,1.1100012035142617,3062,1924,11569,18614,25813,17206,3824,8813,48418,35897,0,0,2865,2020,11250,4437,18193,4133,3581,0,0,20156,28695,573,3805,0,0,0,0,0
773,5624,774.1841443997669,99706,5488,3367,219,71,72286,39574,1.121898381240848,3081,1980,11381,18466,26088,17462,3741,8652,48419,35899,0,0,2794,1971,11100,4463,18493,4279,3621,0,0,20428,28250,561,3746,0,0,0,0,0
774,5624,775.163622780492,99703,5457,3389,220,73,73023,40056,1.134158450598277,3074,2001,11224,18302,26388,17720,3635,8513,48420,35901,0,0,2719,1927,10942,4495,18796,4436,3656,0,0,20658,27839,549,3686,0,0,0,0,0
775,5624,776.1321153573705,99699,5413,3413,223,74,73736,40572,1.146531058486043,3112,1963,11054,18133,26680,18016,3516,8399,48421,35903,0,0,2663,1875,10792,4529,19092,4602,3671,0,0,20910,27391,541,3633,0,0,0,0,0
776,5624,777.0910488462424,99698,5417,3411,223,75,74458,41046,1.1585387871371542,3099,1958,10905,17960,26939,18323,3415,8271,48422,35905,0,0,2603,1831,10613,4569,19419,4747,3678,0,0,21130,26996,527,3585,0,0,0,0,0
777,5624,778.0408318337089,99696,5366,3365,225,75,75104,41503,1.169625662012518,3126,1915,10764,17833,27197,18642,3320,8168,48423,35907,0,0,2537,1786,10464,4626,19705,4893,3690,0,0,21364,26565,514,3552,0,0,0,0,0
778,5624,779.216391094088,99692,5392,3355,226,78,75982,42066,1.1841271115034306,3078,1899,10596,17671,27488,18970,3218,8025,48424,35909,0,0,2465,1732,10300,4669,20034,5089,3710,0,0,21638,26078,500,3477,0,0,0,0,0
779,5624,780.1484474577217,99691,5358,3363,227,78,76651,42491,1.1951128988574695,3098,1903,10487,17571,27687,19168,3141,7915,48425,35911,0,0,2409,1700,10172,4688,20318,5236,3727,0,0,21834,25695,489,3423,0,0,0,0,0
780,5624,781.0734514946301,99689,5383,3352,229,78,77370,42916,1.2066125650773907,3039,1900,10365,17447,27919,19423,3063,7798,48426,35913,0,0,2364,1660,10028,4710,20561,5404,3737,0,0,22076,25295,478,3376,0,0,0,0,0
781,5624,782.2201712098934,99683,5390,3292,233,80,78232,43450,1.2206895859875806,2942,1868,10212,17312,28235,19801,2986,7645,48427,35915,0,0,2297,1624,9850,4728,20896,5611,3754,0,0,22350,24803,461,3309,0,0,0,0,0
782,5624,783.1300050908251,99682,5390,3315,234,80,78904,43888,1.2318372424309303,2943,1833,10075,17203,28428,20020,2928,7547,48428,35917,0,0,2242,1584,9728,4765,21115,5781,3768,0,0,22534,24438,450,3277,0,0,0,0,0
783,5624,784.0333464003695,99676,5363,3288,239,81,79554,44301,1.2425759460652515,2895,1830,9980,17082,28664,20280,2857,7437,48429,35919,0,0,2191,1549,9597,4783,21408,5929,3777,0,0,22702,24075,440,3225,0,0,0,0,0
784,5624,785.1531977341773,99674,5333,3264,241,81,80351,44800,1.2556032666492767,2865,1824,9814,16934,28971,20578,2774,7317,48430,35921,0,0,2132,1493,9438,4826,21664,6161,3789,0,0,22921,23649,426,3175,0,0,0,0,0
785,5624,786.0416007633225,99672,5299,3251,243,81,80972,45205,1.2659222248976643,2785,1822,9738,16828,29215,20795,2718,7221,48431,35923,0,0,2085,1453,9325,4859,21899,6330,3792,0,0,23075,23311,417,3126,0,0,0,0,0
786,5624,787.1434024934795,99669,5268,3273,244,83,81768,45673,1.278642306032969,2694,1876,9622,16703,29526,20964,2644,7099,48432,35925,0,0,2041,1413,9168,4883,22216,6520,3789,0,0,23250,22912,409,3068,0,0,0,0,0
787,5624,788.017585895172,99666,5119,3253,247,83,82319,46058,1.2880721610177994,2732,1892,9536,16613,29779,21153,2585,7004,48433,35927,0,0,1990,1377,9045,4906,22460,6703,3800,0,0,23380,22579,403,3023,0,0,0,0,0
788,5624,789.1022351092653,99662,5092,3247,250,84,83068,46575,1.3008267945656318,2652,1868,9482,16466,30006,21440,2516,6893,48434,35929,0,0,1935,1340,8890,4911,22787,6903,3813,0,0,23536,22186,391,2970,0,0,0,0,0
789,5624,790.1803452302937,99661,5019,3293,251,84,83780,47099,1.313241890007124,2635,1828,9387,16350,30259,21670,2447,6773,48435,35931,0,0,1888,1291,8746,4944,23097,7097,3803,0,0,23680,21819,382,2914,0,0,0,0,0
790,5624,791.0371009570823,99658,5001,3295,254,84,84360,47510,1.3232254309739309,2645,1809,9289,16248,30414,21876,2395,6686,48436,35933,0,0,1853,1262,8632,4964,23336,7266,3801,0,0,23784,21519,368,2873,0,0,0,0,0
791,5624,792.101914818266,99655,4976,3270,257,84,85076,47960,1.3349656314284282,2607,1794,9208,16136,30626,22127,2324,6587,48437,35935,0,0,1810,1231,8505,4956,23625,7470,3807,0,0,23905,21158,358,2830,0,0,0,0,0
792,5624,793.1606665831516,99652,4909,3224,258,86,85761,48382,1.346114478384779,2550,1814,9137,16042,30865,22338,2279,6494,48438,35937,0,0,1763,1191,8382,4972,23879,7696,3807,0,0,24013,20821,350,2778,0,0,0,0,0
793,5624,794.0033352976892,99647,4865,3205,260,89,86285,48783,1.3554647907112105,2513,1757,9081,15982,31029,22538,2250,6427,48439,35939,0,0,1733,1158,8281,4974,24104,7875,3800,0,0,24093,20546,346,2737,0,0,0,0,0
794,5624,795.0519352219226,99646,4771,3182,260,90,86934,49234,1.3665174718503503,2504,1736,9008,15904,31264,22761,2191,6325,48440,35941,0,0,1687,1131,8158,4971,24403,8085,3798,0,0,24173,20214,338,2688,0,0,0,0,0
795,5624,796.0946019954223,99644,4690,3126,262,90,87586,49684,1.3776042712054914,2477,1658,8936,15812,31496,23064,2137,6248,48441,35943,0,0,1647,1099,8030,4977,24701,8295,3789,0,0,24292,19849,334,2631,0,0,0,0,0
796,5624,797.1320893506004,99642,4668,3071,262,92,88243,50113,1.3885309407679494,2430,1676,8868,15703,31683,23313,2087,6143,48442,35945,0,0,1613,1071,7910,4978,24989,8497,3781,0,0,24358,19532,324,2589,0,0,0,0,0
797,5624,798.1646844175771,99642,4655,3046,262,92,88889,50543,1.399329599967885,2346,1652,8816,15642,31874,23504,2045,6062,48443,35947,0,0,1568,1052,7807,4976,25223,8700,3783,0,0,24458,19210,317,2548,0,0,0,0,0
798,5624,799.1926070656402,99641,4606,3056,262,93,89528,50975,1.4100922311096837,2295,1616,8757,15569,32073,23682,2005,5982,48444,35949,0,0,1529,1032,7681,4979,25483,8913,3772,0,0,24497,18945,308,2502,0,0,0,0,0
799,5624,800.0117837451919,99639,4550,3009,263,94,90016,51319,1.4184706791517379,2300,1561,8714,15522,32196,23891,1975,5921,48445,35951,0,0,1503,1011,7607,4988,25649,9106,3761,0,0,24571,18680,301,2462,0,0,0,0,0
800,5624,801.0329287620199,99634,4510,2923,265,97,90597,51682,1.4280165405383705,2253,1565,8675,15486,32348,24090,1947,5837,48446,35953,0,0,1468,989,7507,4985,25858,9314,3752,0,0,24659,18379,294,2429,0,0,0,0,0
801,5624,802.0504530892068,99627,4370,2901,269,100,91135,52066,1.4373713953044858,2234,1546,8647,15431,32563,24261,1915,5759,48447,35955,0,0,1435,967,7402,4993,26020,9565,3740,0,0,24741,18105,285,2374,0,0,0,0,0
802,5624,803.0641055477656,99627,4273,2868,269,100,91679,52443,1.446615877222038,2203,1499,8620,15392,32752,24462,1881,5677,48448,35957,0,0,1400,942,7307,5004,26223,9777,3732,0,0,24791,17840,270,2341,0,0,0,0,0
803,5624,804.0743815816448,99625,4214,2807,270,101,92238,52813,1.455969887076537,2157,1465,8601,15374,32915,24656,1841,5595,48449,35959,0,0,1368,913,7205,5010,26426,9997,3723,0,0,24836,17578,265,2304,0,0,0,0,0
804,5624,805.0813483966202,99624,4181,2821,270,102,92775,53179,1.4650485826708424,2086,1411,8577,15322,33079,24813,1805,5529,48450,35961,0,0,1350,894,7116,5006,26635,10187,3699,0,0,24856,17361,255,2265,0,0,0,0,0
805,5624,806.0853095217883,99623,4103,2780,271,102,93292,53529,1.473766098190177,2039,1378,8566,15295,33242,24970,1777,5473,48451,35963,0,0,1315,868,7033,4994,26866,10376,3688,0,0,24862,17139,250,2232,0,0,0,0,0
806,5624,807.0867764779763,99622,4054,2700,272,102,93805,53839,1.4820421192106161,2069,1404,8539,15269,33319,25118,1745,5405,48452,35964,0,0,1294,851,6950,4989,27064,10570,3669,0,0,24889,16900,243,2203,0,0,0,0,0
807,5624,808.0863365060676,99621,3995,2707,273,102,94324,54196,1.4908503227231207,2059,1373,8515,15216,33448,25261,1708,5339,48453,35965,0,0,1265,829,6862,5006,27230,10768,3646,0,0,24915,16676,241,2183,0,0,0,0,0
808,5624,809.0832511111038,99617,3937,2681,275,104,94818,54547,1.4993926739411947,1991,1296,8541,15210,33581,25422,1673,5285,48454,35966,0,0,1233,815,6788,4988,27368,10988,3650,0,0,24943,16452,237,2155,0,0,0,0,0
809,5624,810.0780997104825,99616,3845,2643,276,104,95292,54857,1.5072779473177,1953,1283,8532,15176,33741,25581,1651,5211,48455,35967,0,0,1212,799,6706,4972,27567,11172,3631,0,0,24968,16234,230,2125,0,0,0,0,0
810,5624,811.0705525994337,99615,3746,2562,276,105,95743,55159,1.5148521808964512,1926,1299,8524,15139,33895,25750,1631,5143,48456,35968,0,0,1194,781,6623,4978,27757,11375,3606,0,0,24965,16020,225,2091,0,0,0,0,0
811,5624,812.0608457211151,99613,3696,2515,277,106,96203,55476,1.5226827823677633,1890,1267,8511,15121,34022,25895,1602,5094,48457,35969,0,0,1174,770,6543,4945,27914,11576,3602,0,0,24984,15816,224,2065,0,0,0,0,0
812,5624,813.0486941906127,99613,3562,2486,277,106,96622,55784,1.5299810265728369,1890,1253,8523,15117,34173,26005,1573,5031,48458,35970,0,0,1154,749,6473,4937,28098,11774,3578,0,0,24963,15635,222,2030,0,0,0,0,0
813,5624,814.0344226707307,99612,3495,2480,277,107,97067,56128,1.5379171184194675,1869,1205,8527,15092,34285,26144,1545,4970,48459,35971,0,0,1132,733,6397,4931,28256,11966,3560,0,0,24968,15447,216,2006,0,0,0,0,0
814,5624,815.0186415530649,99609,3484,2412,280,107,97521,56422,1.5454727986426928,1834,1162,8537,15095,34341,26308,1522,4914,48460,35972,0,0,1120,719,6307,4934,28412,12164,3542,0,0,24952,15271,212,1976,0,0,0,0,0
815,5624,816.0020443689144,99606,3473,2374,282,108,97983,56718,1.5531293295584603,1730,1145,8560,15075,34455,26429,1498,4867,48461,35973,0,0,1102,708,6241,4932,28552,12358,3519,0,0,24926,15108,209,1951,0,0,0,0,0
816,5624,817.1803755436689,99602,3431,2265,285,109,98487,57010,1.5611835103712777,1686,1164,8563,15096,34549,26554,1484,4810,48462,35974,0,0,1079,696,6149,4915,28744,12577,3498,0,0,24884,14927,207,1926,0,0,0,0,0
817,5624,818.161606018929,99600,3395,2243,287,109,98923,57279,1.568293172690763,1652,1149,8573,15113,34627,26624,1464,4760,48463,35975,0,0,1063,686,6088,4901,28902,12745,3481,0,0,24859,14759,206,1910,0,0,0,0,0
818,5624,819.1414310600065,99597,3366,2191,288,111,99360,57542,1.5753687360061046,1583,1140,8597,15112,34717,26735,1447,4709,48464,35976,0,0,1055,676,6032,4879,29027,12941,3462,0,0,24858,14579,202,1886,0,0,0,0,0
819,5624,820.1202875456147,99596,3278,2154,289,111,99748,57810,1.5819711635005422,1570,1139,8603,15105,34834,26814,1424,4675,48465,35977,0,0,1040,668,5975,4861,29172,13120,3436,0,0,24851,14407,199,1867,0,0,0,0,0
820,5624,821.0976737237598,99595,3197,2148,289,112,100121,58089,1.588533560921733,1523,1090,8620,15117,34960,26888,1409,4643,48466,35978,0,0,1020,659,5926,4848,29290,13311,3425,0,0,24801,14277,197,1841,0,0,0,0,0
821,5624,822.0736425507647,99594,3126,2141,289,113,100504,58360,1.595116171656927,1507,1062,8658,15120,35032,26970,1386,4592,48467,35979,0,0,1004,651,5862,4835,29409,13499,3407,0,0,24766,14148,195,1818,0,0,0,0,0
822,5624,823.0485246279569,99593,3057,2094,289,114,100876,58613,1.6014077294588978,1469,1036,8669,15137,35148,27064,1366,4553,48468,35980,0,0,986,642,5801,4824,29524,13686,3402,0,0,24737,14006,189,1796,0,0,0,0,0
823,5624,824.022140175888,99591,2970,2028,289,116,101227,58838,1.6072235442961713,1457,1059,8685,15125,35254,27155,1343,4515,48469,35981,0,0,969,628,5741,4825,29623,13862,3383,0,0,24731,13861,186,1782,0,0,0,0,0
824,5624,825.1887747077832,99591,2934,2008,289,116,101665,59144,1.6146940988643552,1431,1031,8723,15136,35300,27250,1321,4457,48470,35982,0,0,954,621,5659,4810,29764,14072,3371,0,0,24662,13729,184,1765,0,0,0,0,0
825,5624,826.1608501415241,99591,2886,2022,289,116,102008,59396,1.6206685343053087,1426,1022,8756,15146,35334,27284,1307,4408,48471,35983,0,0,940,613,5611,4785,29851,14245,3364,0,0,24634,13618,182,1748,0,0,0,0,0
826,5624,827.1327488857723,99588,2835,1985,291,117,102362,59636,1.626681929549745,1364,1018,8832,15146,35381,27361,1295,4371,48472,35984,0,0,927,603,5570,4773,29926,14423,3353,0,0,24629,13474,178,1732,0,0,0,0,0
827,5624,828.1049980534465,99587,2809,1947,292,117,102691,59887,1.6325223171699117,1395,983,8840,15169,35386,27449,1276,4333,48473,35985,0,0,917,589,5522,4773,30015,14583,3342,0,0,24624,13333,174,1715,0,0,0,0,0
828,5624,829.0773716537019,99587,2755,1933,292,117,103022,60136,1.6383463705102073,1370,935,8870,15174,35450,27534,1261,4305,48474,35986,0,0,903,574,5472,4762,30087,14758,3325,0,0,24624,13204,173,1705,0,0,0,0,0
829,5624,830.0493714887502,99587,2695,1919,292,117,103371,60382,1.6443210459196482,1346,913,8899,15201,35518,27580,1248,4268,48475,35987,0,0,889,563,5420,4763,30194,14928,3309,0,0,24577,13084,171,1689,0,0,0,0,0
830,5624,831.0209689403382,99587,2653,1882,292,117,103708,60593,1.6498237721790996,1300,890,8932,15213,35588,27660,1233,4236,48476,35988,0,0,876,558,5370,4751,30308,15086,3289,0,0,24523,12978,169,1679,0,0,0,0,0
831,5624,832.1863419451889,99587,2561,1824,292,117,104070,60859,1.656129816140661,1292,872,8981,15226,35659,27765,1213,4194,48477,35989,0,0,860,544,5313,4722,30430,15283,3277,0,0,24504,12822,167,1665,0,0,0,0,0
832,5624,833.157405785777,99586,2554,1771,293,117,104398,61066,1.661518687365694,1246,892,9027,15231,35682,27829,1196,4158,48478,35990,0,0,848,534,5263,4702,30521,15439,3265,0,0,24488,12708,166,1652,0,0,0,0,0
833,5624,834.1288464976733,99584,2506,1734,295,117,104712,61309,1.6671453245501284,1191,845,9081,15267,35738,27911,1187,4124,48479,35991,0,0,833,528,5225,4689,30611,15608,3251,0,0,24449,12595,164,1631,0,0,0,0,0
834,5624,835.1002773011755,99584,2474,1703,295,117,104985,61499,1.6717946658097687,1190,861,9122,15282,35743,27946,1174,4089,48480,35992,0,0,827,521,5184,4688,30672,15753,3225,0,0,24432,12499,162,1621,0,0,0,0,0
835,5624,836.0720529702508,99581,2469,1683,297,118,105279,61713,1.6769464054387886,1181,828,9158,15320,35735,28002,1158,4047,48481,35993,0,0,806,512,5147,4688,30750,15894,3226,0,0,24375,12417,157,1609,0,0,0,0,0
836,5624,837.0442079390734,99579,2385,1639,298,119,105550,61912,1.6816999568182047,1146,812,9215,15328,35807,28075,1147,4025,48482,35994,0,0,795,505,5106,4683,30820,16067,3213,0,0,24330,12317,155,1588,0,0,0,0,0
837,5624,838.0169019769108,99579,2345,1608,298,119,105822,62117,1.6864901234195966,1135,803,9275,15339,35809,28131,1136,3998,48483,35995,0,0,785,500,5055,4674,30893,16214,3199,0,0,24309,12220,155,1575,0,0,0,0,0
838,5624,839.1849366896216,99579,2281,1555,298,119,106152,62333,1.6919732072023217,1128,792,9349,15387,35821,28189,1121,3956,48484,35996,0,0,770,497,5009,4656,30946,16413,3192,0,0,24283,12098,153,1562,0,0,0,0,0
839,5624,840.159021563357,99578,2250,1557,299,119,106440,62534,1.6969009218903774,1077,759,9417,15411,35853,28215,1102,3937,48485,35997,0,0,758,488,4977,4645,31037,16541,3177,0,0,24245,12008,150,1552,0,0,0,0,0
840,5624,841.1335451377629,99578,2178,1530,299,119,106697,62717,1.7013195685794051,1069,730,9458,15459,35899,28251,1095,3909,48486,35998,0,0,751,484,4943,4628,31107,16692,3168,0,0,24195,11922,144,1544,0,0,0,0,0
841,5624,842.1081730663874,99577,2158,1495,299,120,106946,62898,1.7056549203129237,1067,724,9480,15479,35910,28306,1084,3874,48487,35999,0,0,739,479,4917,4625,31162,16820,3156,0,0,24188,11822,142,1527,0,0,0,0,0
842,5624,843.0829562008068,99575,2087,1454,300,121,107190,63069,1.709856891790108,1047,698,9550,15518,35940,28359,1074,3848,48488,36000,0,0,733,473,4888,4606,31217,16971,3139,0,0,24150,11740,140,1518,0,0,0,0,0
843,5624,844.0583721132201,99575,2066,1407,300,121,107438,63229,1.7139543057996485,1027,698,9599,15538,35945,28413,1061,3821,48489,36001,0,0,727,469,4862,4597,31273,17104,3123,0,0,24118,11653,140,1509,0,0,0,0,0
844,5624,845.0342068717638,99573,2029,1374,301,122,107685,63397,1.7181565283761662,1013,701,9622,15566,35984,28445,1049,3790,48490,36002,0,0,713,465,4826,4580,31354,17230,3125,0,0,24069,11575,140,1496,0,0,0,0,0
845,5624,846.0101852118391,99573,2028,1346,301,122,107957,63556,1.722485010996957,962,676,9668,15585,35999,28502,1040,3767,48491,36003,0,0,704,462,4797,4563,31439,17336,3119,0,0,24047,11483,138,1485,0,0,0,0,0
846,5624,847.1820425070358,99572,1957,1308,301,123,108218,63764,1.7272124693688988,938,649,9744,15648,36031,28536,1027,3734,48492,36004,0,0,696,457,4765,4547,31517,17490,3107,0,0,24008,11375,133,1477,0,0,0,0,0
847,5624,848.1591536627718,99570,1931,1300,302,124,108463,63928,1.731354825750728,916,642,9802,15689,36031,28541,1016,3702,48493,36005,0,0,683,454,4733,4539,31574,17616,3102,0,0,23955,11315,130,1469,0,0,0,0,0
848,5624,849.137014028974,99570,1888,1259,302,124,108700,64066,1.735121020387667,881,660,9872,15745,36046,28537,1009,3673,48494,36006,0,0,676,449,4707,4536,31603,17756,3088,0,0,23918,11245,130,1462,0,0,0,0,0
849,5624,850.1157646339519,99569,1826,1242,302,125,108894,64217,1.7386033805702579,895,640,9936,15801,36037,28539,1002,3651,48495,36007,0,0,670,443,4683,4537,31620,17892,3071,0,0,23899,11174,129,1451,0,0,0,0,0
850,5624,851.0955039138341,99567,1784,1252,302,127,109113,64380,1.7424749163879598,879,613,10002,15875,36040,28503,991,3628,48496,36008,0,0,664,436,4654,4527,31669,18011,3057,0,0,23859,11116,128,1446,0,0,0,0,0
851,5624,852.0760123383202,99567,1762,1236,302,127,109325,64532,1.746130746130746,846,604,10080,15935,36030,28502,978,3594,48497,36009,0,0,655,433,4631,4523,31735,18110,3046,0,0,23822,11048,127,1437,0,0,0,0,0
852,5624,853.0576508158395,99567,1733,1201,302,127,109515,64658,1.7493044884349231,843,599,10145,15992,36002,28515,973,3564,48498,36010,0,0,650,430,4609,4523,31798,18212,3026,0,0,23775,10994,127,1423,0,0,0,0,0
853,5624,854.0405642069902,99567,1673,1218,302,127,109693,64822,1.7527393614350135,837,569,10219,16044,36005,28501,962,3539,48499,36011,0,0,641,426,4595,4514,31823,18326,3017,0,0,23751,10930,125,1419,0,0,0,0,0
854,5624,855.0242413319289,99567,1634,1168,302,127,109902,64948,1.7561039300169734,820,561,10315,16112,35974,28507,953,3523,48500,36012,0,0,637,418,4577,4522,31881,18436,2994,0,0,23702,10869,122,1409,0,0,0,0,0
855,5624,856.0097149733401,99566,1596,1121,302,128,110094,65079,1.759365646907579,797,549,10381,16158,35970,28542,952,3500,48501,36013,0,0,631,416,4553,4507,31931,18558,2983,0,0,23660,10810,122,1395,0,0,0,0,0
856,5624,857.1944009526364,99565,1558,1054,302,129,110325,65227,1.7631898759604279,788,532,10486,16215,35916,28594,948,3474,48502,36014,0,0,626,412,4520,4494,31949,18716,2975,0,0,23643,10727,120,1383,0,0,0,0,0
857,5624,858.183937114603,99565,1532,1049,302,129,110517,65362,1.766474162607342,754,518,10570,16268,35900,28582,940,3452,48503,36015,0,0,620,410,4497,4479,31988,18820,2967,0,0,23617,10671,119,1377,0,0,0,0,0
858,5624,859.1750322389258,99564,1539,1001,302,130,110722,65478,1.7697159615925435,726,494,10647,16318,35852,28620,932,3435,48504,36016,0,0,610,407,4480,4471,32017,18933,2964,0,0,23583,10613,117,1369,0,0,0,0,0
859,5624,860.1678849151169,99563,1487,966,303,130,110887,65599,1.7726062894850496,717,484,10715,16359,35853,28640,923,3419,48505,36017,0,0,607,400,4457,4460,32067,19028,2954,0,0,23563,10546,117,1364,0,0,0,0,0
860,5624,861.1619299724173,99563,1493,946,303,130,111075,65716,1.775669676486245,697,476,10791,16418,35798,28636,916,3392,48506,36018,0,0,605,398,4440,4453,32095,19125,2945,0,0,23522,10503,116,1361,0,0,0,0,0
861,5624,862.1578489545515,99562,1453,916,303,131,111242,65824,1.7784496092886843,697,461,10889,16480,35747,28634,909,3376,48507,36019,0,0,603,391,4411,4447,32135,19225,2932,0,0,23493,10456,113,1356,0,0,0,0,0
862,5624,863.1556082403332,99561,1418,896,304,131,111421,65937,1.7814003475256375,665,459,10948,16520,35758,28638,905,3354,48508,36020,0,0,596,389,4395,4435,32169,19325,2929,0,0,23465,10402,110,1346,0,0,0,0,0
863,5624,864.1542561756053,99561,1379,869,304,131,111580,66049,1.7841222968833177,657,437,11023,16572,35735,28654,900,3335,48509,36021,0,0,593,384,4369,4431,32195,19428,2921,0,0,23443,10346,109,1342,0,0,0,0,0
864,5624,865.154140012863,99559,1346,853,305,132,111744,66162,1.786940407195733,642,425,11102,16621,35706,28645,897,3322,48510,36022,0,0,589,383,4350,4428,32225,19516,2907,0,0,23429,10289,107,1336,0,0,0,0,0
865,5624,866.1559389735938,99558,1331,820,306,132,111919,66262,1.789720564896844,602,424,11189,16679,35680,28637,890,3306,48511,36023,0,0,588,380,4331,4428,32244,19619,2892,0,0,23393,10246,106,1331,0,0,0,0,0
866,5624,867.1591214091239,99558,1305,788,306,132,112068,66363,1.7922316639546796,612,418,11247,16739,35646,28635,882,3286,48512,36024,0,0,585,378,4312,4423,32284,19706,2876,0,0,23356,10205,105,1328,0,0,0,0,0
867,5624,868.1638678593139,99557,1271,775,306,133,112214,66464,1.7947306568096668,615,402,11331,16806,35600,28614,875,3268,48513,36025,0,0,581,377,4290,4408,32322,19792,2872,0,0,23328,10159,105,1323,0,0,0,0,0
868,5624,869.1703896098628,99557,1220,765,306,133,112346,66570,1.7971212471247626,619,378,11416,16865,35571,28599,866,3258,48514,36026,0,0,576,375,4272,4386,32365,19878,2869,0,0,23294,10121,104,1317,0,0,0,0,0
869,5624,870.1786075626976,99557,1187,760,306,133,112496,66664,1.799572104422592,602,377,11498,16948,35543,28532,862,3248,48515,36027,0,0,573,371,4263,4382,32369,19969,2858,0,0,23276,10084,104,1308,0,0,0,0,0
870,5624,871.1882118920149,99556,1159,747,306,134,112652,66756,1.8020812407087468,588,376,11590,17012,35495,28494,860,3235,48516,36028,0,0,571,370,4240,4366,32384,20060,2854,0,0,23271,10035,104,1301,0,0,0,0,0
871,5624,872.2000033392926,99556,1142,727,306,134,112800,66856,1.8045723010165133,572,362,11693,17085,35433,28472,852,3218,48517,36029,0,0,569,368,4225,4358,32405,20150,2848,0,0,23241,9995,104,1293,0,0,0,0,0
872,5624,873.0109747700044,99555,1131,732,307,134,112912,66943,1.8065893224850584,549,351,11765,17147,35398,28429,848,3205,48518,36030,0,0,566,367,4213,4363,32402,20219,2838,0,0,23226,9967,103,1291,0,0,0,0,0
873,5624,874.026368955969,99555,1108,711,307,134,113059,67033,1.808969916126764,540,343,11838,17213,35361,28410,844,3187,48519,36031,0,0,563,366,4193,4357,32428,20303,2827,0,0,23212,9919,103,1284,0,0,0,0,0
874,5624,875.0436081204876,99555,1098,687,307,134,113207,67122,1.8113505097684697,523,331,11932,17288,35298,28392,840,3166,48520,36032,0,0,561,365,4177,4347,32455,20385,2819,0,0,23186,9881,102,1277,0,0,0,0,0
875,5624,876.0630541203614,99554,1088,676,307,135,113338,67212,1.8135886051790988,509,323,12003,17361,35254,28356,837,3147,48521,36033,0,0,558,359,4167,4343,32477,20455,2811,0,0,23168,9840,102,1274,0,0,0,0,0
876,5624,877.0844986520456,99554,1064,662,307,135,113467,67300,1.8157683267372482,494,326,12107,17426,35192,28321,834,3128,48522,36034,0,0,555,357,4159,4343,32498,20530,2799,0,0,23130,9811,101,1271,0,0,0,0,0
877,5624,878.1079454977038,99554,1061,667,307,135,113615,67392,1.8181790786909617,450,318,12180,17499,35167,28271,833,3108,48523,36035,0,0,549,354,4151,4335,32508,20608,2800,0,0,23095,9784,101,1269,0,0,0,0,0
878,5624,879.132838095827,99553,1031,636,307,136,113740,67465,1.820186232459092,449,314,12261,17562,35120,28257,830,3093,48524,36036,0,0,544,349,4135,4323,32550,20680,2801,0,0,23054,9755,101,1261,0,0,0,0,0
879,5624,880.1596846132979,99551,974,627,309,136,113854,67549,1.8222117306707115,454,309,12334,17619,35099,28231,828,3076,48525,36037,0,0,542,347,4121,4312,32588,20752,2787,0,0,23016,9725,101,1260,0,0,0,0,0
880,5624,881.1878329891117,99550,934,619,310,136,113959,67626,1.8240582621798092,465,298,12413,17689,35052,28196,824,3060,48526,36038,0,0,540,347,4105,4300,32611,20818,2780,0,0,22999,9693,100,1257,0,0,0,0,0
881,5624,882.0115512851053,99550,904,627,310,136,114043,67690,1.8255449522852838,459,283,12469,17741,35033,28157,823,3054,48527,36039,0,0,538,347,4097,4299,32617,20869,2775,0,0,22984,9671,98,1255,0,0,0,0,0
882,5624,883.0427956452389,99549,886,602,310,137,114155,67764,1.8274317170438679,445,271,12560,17825,34977,28119,820,3044,48528,36040,0,0,535,347,4085,4289,32646,20930,2770,0,0,22967,9633,97,1250,0,0,0,0,0
883,5624,884.0759214771405,99549,886,596,310,137,114281,67835,1.8294106419953993,422,272,12625,17913,34938,28051,817,3029,48529,36041,0,0,529,345,4074,4279,32655,20995,2768,0,0,22951,9612,96,1245,0,0,0,0,0
884,5624,885.110676614152,99548,870,559,311,137,114393,67903,1.8312371921083297,404,272,12711,17989,34887,28029,815,3012,48530,36042,0,0,527,343,4053,4281,32684,21056,2758,0,0,22929,9581,95,1241,0,0,0,0,0
885,5624,886.1477688237538,99547,869,555,311,138,114509,67983,1.833224507016786,382,257,12805,18047,34819,28003,812,2998,48531,36043,0,0,526,340,4040,4279,32704,21117,2753,0,0,22901,9556,94,1237,0,0,0,0,0
886,5624,887.1870950942763,99547,837,532,311,138,114618,68047,1.8349623795794952,368,284,12899,18114,34773,27954,810,2976,48532,36044,0,0,522,340,4032,4273,32712,21188,2750,0,0,22882,9520,94,1234,0,0,0,0,0
887,5624,888.0201008520287,99546,792,542,311,139,114679,68114,1.8362666505936953,383,268,12984,18168,34722,27915,806,2966,48533,36045,0,0,521,336,4020,4266,32731,21235,2743,0,0,22869,9500,93,1232,0,0,0,0,0
888,5624,889.0637190605746,99546,764,532,311,139,114770,68183,1.8378739477226609,401,249,13071,18247,34647,27877,804,2954,48534,36046,0,0,520,335,4009,4262,32739,21302,2737,0,0,22845,9475,93,1229,0,0,0,0,0
889,5624,890.1097594098968,99546,757,526,311,139,114876,68244,1.8395515641010187,387,261,13164,18324,34579,27809,800,2939,48535,36047,0,0,517,335,3999,4255,32745,21363,2730,0,0,22826,9458,92,1226,0,0,0,0,0
890,5624,891.1580133993126,99546,749,522,311,139,114986,68322,1.8414401382275531,370,252,13249,18403,34526,27758,793,2924,48536,36048,0,0,513,335,3992,4249,32747,21429,2728,0,0,22809,9427,92,1225,0,0,0,0,0
891,5624,892.2082014710262,99546,741,500,311,139,115074,68382,1.8429268880718461,367,259,13326,18485,34462,27713,791,2902,48537,36049,0,0,508,334,3984,4254,32756,21481,2720,0,0,22792,9404,91,1222,0,0,0,0,0
892,5624,893.0498716191787,99546,710,509,311,139,115150,68453,1.8444035923090831,359,245,13389,18542,34442,27672,787,2891,48538,36050,0,0,505,331,3974,4250,32766,21529,2716,0,0,22781,9384,91,1219,0,0,0,0,0
893,5624,894.1036027007686,99546,698,513,311,139,115239,68532,1.846091254294497,351,226,13486,18637,34369,27611,783,2872,48539,36051,0,0,504,330,3962,4246,32791,21578,2711,0,0,22757,9360,91,1216,0,0,0,0,0
894,5624,895.1597898066583,99546,678,515,311,139,115319,68593,1.8475076848893979,347,224,13588,18705,34294,27554,780,2861,48540,36052,0,0,502,327,3954,4251,32788,21634,2703,0,0,22739,9341,91,1216,0,0,0,0,0
895,5624,896.0067092783883,99546,663,506,311,139,115388,68641,1.8486830209149538,347,223,13666,18764,34236,27521,775,2845,48541,36053,0,0,501,327,3942,4248,32811,21667,2697,0,0,22722,9325,91,1215,0,0,0,0,0
896,5624,897.0674947432351,99546,645,504,311,139,115479,68704,1.8502300444015831,337,225,13751,18849,34181,27451,773,2830,48542,36054,0,0,500,326,3933,4243,32811,21726,2688,0,0,22705,9308,91,1215,0,0,0,0,0
897,5624,898.1304724963379,99546,627,504,311,139,115568,68769,1.8517770678882124,340,214,13842,18925,34108,27396,770,2820,48543,36055,0,0,498,326,3928,4240,32815,21780,2680,0,0,22689,9289,89,1212,0,0,0,0,0
898,5624,899.1960313500532,99544,601,494,313,139,115661,68824,1.8533010528007716,319,207,13944,19014,34054,27337,767,2807,48544,36056,0,0,496,324,3920,4227,32832,21837,2679,0,0,22673,9259,89,1208,0,0,0,0,0
899,5624,900.0502738236489,99544,584,473,313,139,115697,68857,1.8539942136140801,362,218,13990,19064,33984,27309,765,2795,48544,36056,0,0,495,323,3912,4226,32840,21867,2677,0,0,22668,9241,89,1206,0,0,0,0,0
900,5624,900.0502738236489,99544,590,476,313,139,115720,68875,1.85440609177851,362,218,14006,19077,33961,27294,766,2794,48544,36056,1,1,494,322,3910,4226,32841,21878,2676,1,4,22661,9237,89,1205,0,0,0,0,0
901,5624,901.121217392611,99544,615,464,313,139,115820,68944,1.8561038334806719,361,209,14134,19152,33815,27256,760,2778,48544,36056,2,2,492,322,3902,4220,32859,21929,2675,3,20,22611,9221,88,1201,0,1,0,0,0
902,5624,902.1962459202152,99543,629,467,314,139,115919,69016,1.8578403303095146,370,209,14211,19209,33719,27211,755,2763,48544,36056,3,3,491,322,3897,4217,32869,21976,2671,4,42,22565,9199,87,1201,0,2,0,0,0
903,5624,903.0581580334474,99543,635,467,314,139,115998,69075,1.859226665862994,364,205,14276,19268,33657,27168,752,2751,48544,36056,4,4,490,321,3892,4214,32856,22026,2669,5,63,22543,9178,87,1197,0,2,0,0,0
904,5624,904.1379559558395,99543,639,461,314,139,116108,69133,1.8609143787107079,376,219,14365,19329,33552,27113,752,2737,48544,36056,5,5,490,320,3889,4215,32838,22092,2660,5,88,22509,9153,86,1196,0,2,0,0,0
905,5624,905.0040329871389,99543,647,443,314,139,116199,69177,1.8622705765347638,369,235,14420,19375,33498,27085,750,2721,48544,36056,6,6,487,320,3879,4213,32844,22144,2658,8,98,22469,9142,85,1193,0,2,0,0,1
906,5624,906.088636952297,99542,633,442,315,139,116295,69251,1.86399710674891,377,234,14503,19433,33425,27038,745,2712,48544,36056,7,7,484,319,3865,4208,32854,22203,2651,11,119,22429,9121,84,1190,0,3,0,0,1
907,5624,907.1758172157336,99541,670,452,316,139,116408,69322,1.8658643172160216,372,228,14598,19500,33302,26983,740,2696,48544,36056,8,8,483,318,3857,4206,32856,22249,2642,12,138,22404,9102,82,1187,0,3,1,0,1
908,5624,908.0480778678069,99540,678,413,317,139,116512,69359,1.8672995780590718,349,242,14676,19545,33239,26975,739,2684,48544,36056,9,9,482,318,3847,4200,32875,22297,2637,13,162,22357,9078,81,1186,0,5,1,0,1
909,5624,909.1412407443261,99540,677,393,317,139,116602,69414,1.868756278882861,383,253,14739,19626,33146,26917,736,2670,48544,36056,10,10,481,318,3841,4193,32878,22355,2631,14,183,22317,9057,81,1183,0,5,2,0,1
910,5624,910.0176184134306,99540,691,412,317,139,116697,69470,1.8702732569821177,366,244,14799,19706,33090,26842,735,2655,48544,36056,11,11,480,317,3834,4193,32887,22388,2624,15,199,22289,9041,81,1182,0,7,2,0,1
911,5624,911.1149653838726,99540,682,421,317,139,116797,69549,1.8720715290335543,375,247,14863,19795,33033,26751,728,2645,48544,36056,12,12,480,317,3827,4193,32895,22450,2614,15,216,22240,9024,81,1178,0,7,2,0,1
912,5624,912.2139451127241,99540,673,435,317,139,116890,69626,1.8737793851717903,385,250,14922,19886,32973,26654,728,2634,48544,36056,14,14,477,315,3821,4193,32916,22493,2608,18,238,22190,9001,80,1177,0,9,2,0,2
913,5624,913.0947306977287,99538,695,422,318,140,116990,69678,1.875344089694388,381,271,14998,19934,32880,26608,726,2623,48544,36056,16,16,476,313,3816,4187,32935,22532,2603,19,255,22152,8984,78,1172,0,11,3,0,2
914,5624,914.1987226465737,99538,672,444,318,140,117078,69765,1.8771022122204586,388,273,15085,19977,32811,26552,724,2612,48544,36056,19,18,475,313,3807,4179,32933,22598,2600,20,272,22108,8967,78,1169,0,14,3,0,2
915,5624,915.083539071693,99537,663,426,319,140,117153,69812,1.8783467454313472,402,294,15140,20030,32752,26505,722,2603,48544,36056,23,21,473,312,3799,4177,32946,22642,2592,22,287,22072,8948,77,1165,0,16,3,0,6
916,5624,916.1916185800358,99537,654,442,319,140,117256,69900,1.880265629866281,402,280,15215,20116,32685,26434,723,2586,48544,36056,28,25,470,311,3787,4171,32942,22716,2588,25,307,22026,8928,77,1163,0,17,3,0,6
917,5624,917.0799176380367,99537,634,430,319,140,117326,69957,1.8815415373177813,421,277,15274,20187,32626,26378,724,2586,48544,36056,34,30,469,311,3780,4165,32945,22770,2583,26,329,21988,8905,75,1161,0,20,3,0,7
918,5624,918.1925996050675,99537,671,443,319,140,117462,70043,1.8837718637290655,406,265,15358,20267,32521,26304,723,2579,48544,36056,42,36,466,309,3774,4160,32941,22832,2576,29,356,21951,8877,75,1158,0,21,4,0,8
919,5624,919.0850548708663,99536,684,430,320,140,117556,70099,1.885297781707121,397,264,15425,20316,32452,26272,720,2576,48544,36056,51,43,464,307,3765,4153,32968,22872,2570,31,372,21901,8861,75,1154,1,29,5,0,8
920,5624,920.203355640029,99535,700,450,321,140,117666,70185,1.887285879338926,397,272,15497,20377,32357,26191,726,2568,48544,36056,63,51,462,305,3760,4153,32969,22931,2568,33,390,21847,8842,74,1152,1,34,5,0,9
921,5624,921.0999707696205,99535,713,455,321,140,117766,70239,1.888833073793138,382,281,15564,20416,32286,26137,732,2569,48544,36056,77,61,461,305,3755,4145,32962,22984,2562,34,405,21815,8827,73,1150,1,40,7,0,9
922,5624,922.2235814357578,99535,717,467,321,140,117881,70324,1.8908424172401668,378,277,15631,20498,32210,26044,741,2572,48544,36056,94,73,459,304,3744,4134,32962,23053,2559,36,428,21766,8801,73,1146,1,48,9,0,12
923,5624,923.1243152544587,99535,720,484,321,140,117980,70387,1.89246998543226,378,286,15695,20551,32133,25953,751,2584,48544,36056,115,87,458,303,3738,4132,32958,23106,2552,37,445,21728,8782,73,1142,2,56,9,1,13
924,5624,924.0269319191922,99535,687,469,321,140,118058,70447,1.89385643241071,381,289,15748,20593,32100,25909,761,2598,48544,36056,140,103,457,300,3727,4125,32960,23180,2543,38,469,21675,8751,73,1140,2,63,11,1,20
925,5624,925.1573873829227,99534,686,473,321,141,118174,70531,1.8958848232764682,379,299,15829,20647,32003,25827,780,2611,48544,36056,170,122,454,296,3715,4126,32926,23273,2536,41,492,21631,8722,73,1134,4,72,14,1,24
926,5624,926.0640022093573,99534,670,494,321,141,118262,70604,1.8975023610022705,377,293,15868,20689,31963,25743,799,2638,48544,36056,206,144,454,295,3707,4124,32908,23346,2530,41,506,21576,8706,73,1131,5,89,16,1,26
927,5624,927.19930472696,99534,659,480,321,141,118354,70685,1.899240460546145,393,288,15942,20743,31862,25689,821,2657,48544,36056,248,169,453,294,3697,4118,32905,23426,2525,42,533,21508,8667,73,1129,5,103,18,1,37
928,5624,928.1102006239365,99534,690,490,321,141,118462,70755,1.901028794180883,382,289,16003,20757,31759,25636,843,2685,48544,36056,297,197,450,294,3690,4111,32876,23504,2520,45,551,21463,8638,73,1126,6,119,19,1,48
929,5624,929.0236255998253,99534,664,498,321,141,118551,70824,1.902616191452167,379,288,16058,20775,31705,25571,871,2725,48544,36056,354,229,448,293,3684,4109,32843,23600,2513,47,566,21396,8612,73,1123,6,140,22,4,55
930,5624,930.1681677021612,99534,654,495,321,141,118653,70911,1.9045150400868045,394,279,16125,20799,31606,25515,898,2769,48544,36056,420,266,445,293,3671,4102,32824,23695,2504,50,592,21321,8569,73,1119,9,167,25,5,70
931,5624,931.0862973972371,99534,657,484,321,141,118751,70970,1.906092390539916,392,294,16167,20813,31525,25439,936,2827,48544,36056,496,308,442,293,3659,4095,32801,23788,2498,53,607,21239,8540,73,1113,10,202,32,5,84
932,5624,932.0065675588091,99534,657,501,321,141,118850,71041,1.9078003496292724,385,304,16203,20806,31456,25346,976,2900,48544,36056,583,355,441,293,3647,4089,32777,23878,2490,54,619,21162,8510,73,1108,12,237,37,6,101
933,5624,933.1600594513893,99534,646,500,321,141,118957,71121,1.9096791046275645,392,309,16277,20818,31341,25260,1021,2970,48544,36056,682,408,439,291,3632,4089,32737,23991,2483,56,641,21068,8467,73,1098,12,287,43,7,120
934,5624,934.0857164895021,99532,645,490,323,141,119043,71189,1.911264718884379,388,307,16328,20809,31240,25186,1074,3065,48544,36056,794,467,437,290,3620,4080,32698,24098,2479,58,662,20968,8429,73,1095,15,339,48,7,136
935,5624,935.0144809269613,99531,647,474,323,142,119136,71248,1.9128110839838843,378,307,16377,20833,31140,25076,1133,3166,48544,36056,921,533,436,290,3598,4085,32624,24225,2465,58,684,20895,8385,73,1086,20,384,58,9,156
936,5624,936.179624277189,99531,645,462,323,142,119248,71321,1.9146698013684178,371,310,16422,20832,31038,24964,1199,3288,48544,36056,1063,606,436,286,3577,4084,32582,24351,2454,57,710,20792,8338,73,1082,21,433,70,10,175
937,5624,937.1144838175859,99531,628,436,323,142,119345,71371,1.9161467281550473,366,304,16448,20831,30962,24851,1271,3434,48544,36056,1222,687,434,283,3551,4081,32518,24488,2448,59,724,20677,8300,73,1074,29,500,84,13,195
938,5624,938.052309976316,99531,638,454,323,142,119425,71441,1.917653796304669,347,298,16487,20827,30852,24688,1351,3589,48544,36056,1400,776,433,283,3534,4075,32436,24619,2443,60,735,20577,8262,73,1068,33,572,93,16,219
939,5624,939.2291433066398,99531,644,470,323,142,119520,71529,1.9194924194472074,362,295,16523,20826,30704,24522,1442,3743,48544,36056,1597,874,431,282,3509,4066,32356,24756,2440,62,754,20462,8209,73,1060,37,657,109,18,250
940,5624,940.1745080128097,99530,635,479,324,142,119606,71601,1.9210991660805787,365,282,16561,20817,30576,24343,1537,3935,48544,36056,1815,981,429,282,3485,4060,32254,24913,2436,63,765,20342,8162,73,1057,39,746,121,23,280
941,5624,941.1238587573639,99530,669,478,324,142,119712,71665,1.9228071938109113,351,282,16586,20776,30422,24178,1646,4142,48544,36056,2054,1098,427,281,3463,4055,32122,25088,2432,64,777,20226,8107,73,1051,42,838,138,28,318
942,5624,942.0777612435431,99530,675,476,324,142,119800,71729,1.9243343715462675,366,276,16604,20712,30267,24017,1762,4375,48544,36056,2316,1225,427,280,3434,4048,32013,25259,2428,64,787,20076,8045,73,1044,46,950,158,32,366
943,5624,943.0362503343322,99529,691,484,325,142,119897,71795,1.9259914195862513,364,272,16608,20636,30122,23835,1888,4629,48544,36056,2602,1363,426,280,3406,4046,31858,25466,2425,65,793,19942,7986,73,1036,51,1046,179,40,411
944,5624,944.23990271136,99528,693,468,326,142,120021,71864,1.9279499236395787,367,293,16628,20538,29966,23652,2018,4905,48544,36056,2913,1512,420,280,3371,4030,31740,25670,2419,71,818,19775,7916,73,1026,59,1157,207,45,451
945,5624,945.20751965351,99527,686,464,326,143,120103,71930,1.9294563284334905,383,287,16636,20422,29804,23471,2163,5211,48544,36056,3250,1673,418,280,3345,4026,31589,25882,2411,73,834,19589,7832,73,1022,62,1301,227,49,514
946,5624,946.1803641059971,99526,697,468,326,144,120192,71990,1.9309728111247313,378,289,16643,20319,29627,23248,2327,5530,48544,36056,3613,1846,418,280,3314,4021,31400,26122,2409,73,843,19413,7769,73,1009,73,1444,248,54,563
947,5624,947.1584882082448,99525,679,461,327,144,120292,72056,1.9326601356443105,386,294,16625,20200,29481,23027,2500,5872,48544,36056,4003,2031,418,280,3281,4023,31220,26370,2400,72,864,19207,7676,72,998,82,1601,272,59,630
948,5624,948.1415644131515,99524,676,475,328,144,120385,72128,1.934337446244122,395,310,16603,20069,29314,22770,2682,6230,48544,36056,4420,2229,418,278,3251,4016,31024,26617,2396,72,878,19016,7582,71,988,89,1764,296,65,703
949,5624,949.1303397860321,99524,695,500,328,144,120486,72217,1.9362465334994574,388,306,16611,19929,29099,22503,2877,6616,48544,36056,4864,2440,418,277,3221,4018,30793,26895,2386,72,884,18844,7482,71,977,97,1906,323,77,783
950,5624,950.1256955064692,99524,707,505,328,144,120583,72294,1.9379948555122382,384,294,16586,19796,28908,22217,3085,7042,48544,36056,5335,2664,417,277,3180,4017,30564,27180,2378,73,883,18631,7396,71,966,107,2084,356,87,857
951,5624,951.1277963122568,99522,708,491,329,145,120687,72357,1.9397118225116055,383,293,16575,19634,28696,21957,3307,7478,48544,36056,5833,2901,417,275,3145,4015,30348,27470,2366,73,900,18392,7282,71,952,119,2269,388,99,941
952,5624,952.1370166625189,99522,696,496,329,145,120795,72438,1.94161090010249,383,280,16532,19472,28521,21660,3537,7945,48544,36056,6357,3152,416,273,3103,4007,30102,27793,2357,74,910,18154,7179,71,936,132,2466,417,107,1025
953,5624,953.1527347576216,99522,697,484,329,145,120897,72519,1.943449689515886,383,275,16506,19292,28308,21363,3775,8439,48544,36056,6906,3416,414,271,3070,4007,29845,28128,2348,76,919,17888,7076,69,921,143,2675,446,121,1105
954,5624,954.1760116671916,99522,685,482,329,145,120989,72585,1.945037278189747,360,282,16490,19072,28101,21069,4033,8948,48544,36056,7479,3694,411,268,3018,3998,29599,28451,2347,79,919,17601,6964,69,909,148,2913,490,136,1202
955,5624,955.2069868759802,99522,662,507,329,145,121085,72673,1.9468861156327244,384,281,16459,18870,27878,20728,4286,9467,48544,36056,8074,3985,410,267,2963,3995,29297,28822,2338,80,915,17328,6863,68,894,162,3145,533,153,1289
956,5624,956.2461172904586,99522,674,500,329,145,121187,72734,1.9485239444544924,379,308,16429,18666,27625,20379,4562,10000,48544,36056,8690,4289,410,265,2921,3991,28995,29192,2335,80,919,17048,6754,67,884,171,3380,567,169,1374
957,5624,957.0318621305692,99522,674,506,329,145,121256,72792,1.9498000442113301,396,304,16355,18417,27384,20052,4860,10574,48544,36056,9325,4605,410,264,2879,3985,28694,29542,2332,80,924,16782,6637,67,866,187,3613,605,181,1474
958,5624,958.0895423544248,99521,689,480,329,146,121367,72855,1.951568010771596,400,309,16312,18188,27114,19735,5154,11140,48544,36056,9977,4934,409,264,2823,3985,28369,29931,2327,81,930,16539,6483,66,843,207,3812,651,198,1603
959,5624,959.1570708581876,99521,701,487,329,146,121479,72947,1.9536178294028397,389,280,16266,17956,26860,19404,5453,11725,48544,36056,10643,5274,409,262,2770,3973,28039,30335,2327,81,937,16224,6356,66,830,216,4079,696,211,1710
960,5624,960.2346297068624,99521,694,499,329,146,121589,73035,1.9556073592508114,380,259,16218,17719,26604,19052,5773,12323,48544,36056,11322,5626,407,260,2728,3969,27699,30740,2322,83,928,15926,6233,64,817,225,4339,730,240,1811
961,5624,961.050166922287,99520,712,477,330,146,121675,73085,1.9569935691318328,373,245,16118,17474,26358,18716,6107,12940,48544,36056,12010,5988,407,259,2683,3966,27348,31148,2318,83,934,15631,6099,64,798,236,4600,767,258,1921
962,5624,962.1486921697856,99518,680,469,331,147,121765,73155,1.9586406479229888,394,245,16032,17265,26121,18331,6440,13541,48544,36056,12706,6360,406,259,2646,3964,27025,31562,2311,83,933,15326,5972,64,772,258,4833,799,272,2033
963,5624,963.257663758987,99518,686,450,331,147,121884,73213,1.9604192206435016,362,258,15973,17006,25860,17990,6786,14147,48544,36056,13407,6741,405,259,2576,3950,26665,31993,2307,84,923,15012,5851,63,756,273,5104,861,299,2137
964,5624,964.0968732606368,99518,664,453,331,147,121948,73279,1.961725516991901,378,242,15875,16738,25606,17640,7144,14778,48544,36056,14110,7131,401,256,2508,3945,26312,32405,2302,88,919,14721,5729,63,739,287,5361,923,317,2242
965,5624,965.2279807128024,99518,653,449,331,147,122038,73353,1.9633734600775739,395,237,15821,16505,25310,17288,7488,15372,48544,36056,14813,7528,401,256,2448,3941,25934,32859,2291,88,912,14415,5612,63,726,297,5626,967,336,2346
966,5624,966.085298931334,99517,672,447,331,148,122132,73410,1.9649105178009787,372,231,15769,16273,25000,16926,7854,15973,48544,36056,15513,7932,400,255,2388,3944,25593,33248,2282,89,910,14108,5494,63,712,309,5900,1020,353,2449
967,5624,967.2438617161828,99517,680,451,331,148,122236,73474,1.9665986715837496,371,240,15693,16073,24717,16544,8206,16542,48544,36056,16209,8341,399,254,2334,3940,25231,33672,2276,89,896,13805,5360,63,696,321,6165,1067,379,2570
968,5624,968.1217489051152,99517,680,447,331,148,122318,73523,1.967915029592934,367,243,15593,15823,24458,16203,8569,17134,48544,36056,16898,8755,397,252,2279,3939,24845,34108,2269,91,884,13517,5251,61,674,338,6431,1113,398,2670
969,5624,969.0088179333011,99517,686,451,331,148,122408,73578,1.9693720670840158,367,256,15488,15577,24186,15851,8940,17715,48544,36056,17578,9173,397,252,2235,3934,24486,34513,2266,91,881,13225,5126,61,665,346,6695,1149,419,2776
970,5624,970.2059400370247,99516,687,417,332,148,122516,73644,1.9711403191446601,364,262,15396,15379,23919,15535,9300,18257,48544,36056,18247,9594,395,251,2179,3929,24128,34951,2258,93,877,12918,5001,61,643,360,6947,1203,450,2872
971,5624,971.112848928195,99516,671,407,332,148,122598,73697,1.9724968849230275,361,262,15313,15151,23643,15213,9678,18817,48544,36056,18904,10016,393,248,2132,3924,23751,35386,2253,95,870,12643,4887,61,630,371,7187,1242,476,2967
972,5624,972.0303780621543,99515,661,416,333,148,122684,73768,1.9740943576345276,335,240,15217,14916,23396,14908,10056,19370,48544,36056,19547,10439,392,247,2084,3918,23384,35810,2251,96,870,12347,4768,61,617,383,7442,1285,496,3064
973,5624,973.269513696536,99515,670,414,333,148,122793,73836,1.9758729839722655,353,256,15159,14729,23073,14595,10410,19856,48544,36056,20174,10862,391,247,2040,3914,23039,36216,2242,97,863,12055,4660,61,600,398,7696,1322,519,3155
974,5624,974.21017945189,99515,646,416,333,148,122859,73893,1.977108978545948,382,248,15061,14570,22786,14264,10790,20352,48544,36056,20785,11284,389,247,1990,3901,22720,36592,2240,99,865,11781,4548,60,591,407,7937,1366,534,3248
975,5624,975.1622376853579,99515,658,412,333,148,122950,73942,1.978515801637944,361,238,14948,14387,22535,13969,11163,20844,48544,36056,21379,11704,389,247,1947,3895,22370,36989,2237,99,853,11511,4455,60,581,416,8177,1403,555,3331
976,5624,976.125698826367,99515,666,417,333,148,123049,74002,1.9801135507209968,348,234,14856,14215,22274,13686,11521,21298,48544,36056,21955,12121,389,247,1889,3889,22038,37380,2229,99,849,11259,4342,60,567,427,8396,1452,577,3426
977,5624,977.100297268606,99515,652,422,333,148,123126,74057,1.9814399839220218,334,235,14751,14044,22037,13402,11891,21747,48544,36056,22512,12534,387,247,1842,3891,21699,37766,2222,101,840,11019,4244,59,552,438,8605,1494,601,3508
978,5624,978.0859454913565,99514,629,421,333,149,123198,74113,1.9827461462708764,327,237,14711,13866,21764,13149,12234,22176,48544,36056,23050,12943,387,246,1798,3883,21410,38122,2215,101,830,10779,4148,59,544,445,8803,1529,622,3593
979,5624,979.0836237166359,99514,614,419,333,149,123272,74169,1.9840524951263139,334,229,14648,13749,21497,12887,12572,22565,48544,36056,23569,13346,387,246,1766,3880,21069,38518,2212,101,823,10571,4047,59,526,459,8974,1554,643,3679
980,5624,980.094269307059,99514,612,418,333,149,123344,74230,1.9853889904937998,348,215,14573,13618,21225,12646,12907,22952,48544,36056,24069,13744,387,245,1727,3873,20759,38882,2211,101,816,10357,3952,59,517,466,9155,1583,669,3755
981,5624,981.1176794096302,99514,596,396,333,149,123418,74279,1.9866249974877908,356,218,14511,13522,20970,12408,13232,23305,48544,36056,24549,14135,386,243,1693,3865,20461,39241,2207,102,812,10131,3870,59,509,472,9345,1609,692,3817
982,5624,982.153609379721,99512,600,382,334,150,123508,74323,1.9880114961009727,340,224,14407,13407,20759,12187,13558,23648,48544,36056,25010,14519,385,241,1660,3862,20182,39573,2196,103,806,9908,3776,59,497,484,9535,1637,709,3899
983,5624,983.200778005013,99512,603,385,334,150,123586,74378,1.9893480183294476,344,204,14367,13313,20498,11977,13852,23969,48544,36056,25452,14896,384,240,1626,3852,19901,39901,2192,104,795,9739,3701,59,487,492,9680,1666,735,3958
984,5624,984.2610324190657,99512,585,390,334,150,123667,74443,1.9908151780689767,356,206,14302,13219,20280,11773,14141,24260,48544,36056,25875,15265,383,239,1595,3847,19638,40235,2185,105,785,9540,3634,59,475,502,9831,1691,758,4010
985,5624,985.3327824830292,99512,586,388,334,150,123757,74503,1.9923225339657529,359,199,14218,13127,20069,11590,14432,24544,48544,36056,26280,15626,382,238,1557,3843,19376,40550,2181,106,775,9346,3560,59,468,508,9992,1721,784,4066
986,5624,986.0537027242747,99512,595,393,334,150,123823,74539,1.9933475359755608,343,195,14144,13023,19840,11390,14742,24847,48544,36056,26667,15979,381,238,1525,3845,19110,40847,2178,107,767,9185,3484,59,463,512,10128,1750,803,4130
987,5624,987.149477602785,99512,585,385,334,150,123905,74600,1.994784548597154,339,211,14103,12933,19612,11232,15025,25087,48544,36056,27036,16323,380,237,1500,3847,18867,41148,2165,108,768,9004,3409,59,453,522,10274,1767,823,4181
988,5624,988.2579730911413,99512,585,388,334,150,124004,74661,1.9963923948870488,318,204,14056,12867,19427,11072,15278,25317,48544,36056,27388,16658,380,237,1460,3846,18625,41446,2158,108,766,8824,3353,58,448,527,10418,1797,837,4224
989,5624,989.003021392846,99512,597,389,334,150,124068,74706,1.9974877401720394,309,202,13976,12772,19226,10929,15556,25556,48544,36056,27724,16984,379,236,1431,3850,18400,41704,2152,109,752,8669,3294,58,445,530,10550,1821,857,4275
990,5624,990.1341929244118,99512,572,388,334,150,124137,74769,1.9988142133612026,331,202,13960,12721,19025,10798,15776,25739,48544,36056,28044,17301,377,236,1405,3844,18195,41974,2145,111,743,8522,3231,57,434,539,10655,1842,879,4323
991,5624,991.2775618508431,99512,577,384,334,150,124235,74823,2.0003416673366026,310,207,13950,12704,18831,10662,15996,25891,48544,36056,28349,17609,377,236,1375,3839,17984,42238,2141,111,744,8377,3180,56,421,547,10770,1865,895,4356
992,5624,992.0464270263444,99512,575,380,334,150,124290,74865,2.0013164241498513,306,206,13901,12638,18642,10539,16240,26085,48544,36056,28639,17908,377,235,1353,3836,17770,42490,2138,111,735,8254,3119,55,414,551,10870,1884,913,4407
993,5624,993.2137169863222,99512,577,375,334,150,124384,74924,2.002853927164563,310,197,13871,12625,18479,10428,16427,26223,48544,36056,28915,18197,376,235,1328,3834,17561,42749,2133,112,740,8124,3056,55,407,557,10962,1905,931,4447
994,5624,994.3917172334637,99512,575,368,334,150,124478,74973,2.0042909397861566,301,199,13847,12634,18322,10306,16619,26341,48544,36056,29177,18477,375,234,1310,3832,17382,42981,2126,113,733,7979,3003,55,403,560,11077,1914,952,4483
995,5624,995.182851439634,99512,563,368,334,150,124538,75008,2.0052455985207813,292,205,13809,12595,18164,10186,16836,26494,48544,36056,29426,18748,374,234,1290,3830,17198,43196,2120,114,728,7870,2951,55,399,563,11166,1934,970,4520
996,5624,996.3815359224742,99512,558,380,334,150,124621,75074,2.0067429053782457,293,194,13780,12589,18010,10072,17023,26613,48544,36056,29663,19010,373,234,1272,3822,17016,43425,2117,115,731,7745,2902,54,397,563,11265,1946,983,4552
997,5624,997.1866404361774,99512,558,375,334,150,124677,75111,2.007677466034247,306,189,13753,12574,17836,9979,17211,26731,48544,36056,29888,19263,373,234,1253,3817,16853,43625,2114,115,725,7641,2854,54,393,565,11347,1962,995,4592
998,5624,998.4079086679614,99512,532,369,334,150,124763,75170,2.009134576734464,296,176,13781,12597,17678,9895,17377,26811,48544,36056,30102,19508,371,233,1227,3805,16699,43853,2110,116,727,7532,2816,54,384,573,11415,1976,1007,4614
999,5624,999.2284555791064,99512,533,357,334,150,124819,75205,2.0100490393118418,305,192,13768,12612,17509,9803,17549,26884,48544,36056,30305,19744,371,233,1211,3800,16551,44045,2109,115,725,7431,2775,53,380,576,11486,1989,1019,4643
1000,5624,1000.0559172081496,99512,533,358,334,150,124882,75247,2.0111041884395853,288,186,13742,12602,17382,9723,17719,26979,48544,36056,30498,19972,368,233,1190,3798,16402,44235,2105,118,724,7347,2734,53,376,577,11544,2004,1032,4672
1001,5624,1001.2943849724185,99511,503,359,335,150,124971,75303,2.0125815236506517,278,188,13753,12622,17285,9656,17844,27023,48544,36056,30681,20191,366,230,1177,3802,16258,44431,2091,120,719,7239,2703,53,374,577,11621,2012,1046,4692
1002,5624,1002.1152508088767,99511,514,356,335,150,125031,75345,2.0136065359608484,265,173,13747,12628,17141,9583,17996,27108,48544,36056,30855,20402,366,229,1166,3798,16133,44598,2087,120,717,7156,2675,53,368,583,11675,2020,1059,4708
1003,5624,1003.334890513603,99511,516,352,335,150,125108,75394,2.0148727276381506,268,176,13760,12703,17021,9509,18098,27108,48544,36056,31020,20606,366,228,1148,3794,16011,44778,2084,120,714,7067,2646,53,363,585,11730,2029,1068,4727
1004,5624,1004.144158170152,99511,527,349,335,150,125168,75432,2.0158575433871633,271,177,13770,12706,16881,9458,18214,27158,48544,36056,31176,20802,365,228,1132,3789,15908,44915,2081,121,714,6993,2606,52,358,590,11782,2042,1084,4751
1005,5624,1005.3483497185237,99511,528,339,335,150,125251,75473,2.0171036367838733,273,203,13785,12762,16763,9395,18314,27149,48544,36056,31325,20991,364,228,1118,3792,15800,45073,2071,122,713,6911,2579,52,353,595,11832,2047,1089,4772
1006,5624,1006.1476253149734,99511,515,341,335,150,125299,75516,2.0180181085508133,281,191,13763,12778,16665,9352,18439,27186,48544,36056,31466,21173,364,228,1106,3786,15700,45215,2066,122,714,6834,2552,52,350,597,11884,2055,1100,4786
1007,5624,1007.3370662717656,99511,528,338,335,150,125390,75566,2.0194350373325562,262,185,13791,12842,16552,9299,18530,27184,48544,36056,31600,21348,363,227,1092,3784,15592,45379,2058,123,716,6774,2518,52,344,603,11907,2065,1110,4804
1008,5624,1008.126757672052,99511,513,339,335,150,125441,75605,2.0203394599592004,260,188,13802,12856,16455,9250,18633,27215,48544,36056,31727,21516,361,226,1081,3774,15494,45515,2055,125,715,6712,2488,52,340,607,11953,2072,1123,4818
1009,5624,1009.3036675533019,99510,491,344,336,150,125519,75672,2.021816902823837,254,171,13835,12949,16370,9209,18712,27175,48544,36056,31848,21677,359,226,1061,3767,15398,45678,2050,127,719,6634,2466,52,338,607,11989,2083,1134,4822
1010,5624,1010.0858078761897,99510,486,355,336,150,125572,75710,2.0227313837805245,254,169,13841,12969,16279,9156,18802,27199,48544,36056,31963,21832,359,225,1053,3760,15310,45797,2048,127,719,6571,2448,52,335,608,12036,2089,1142,4831
1011,5624,1011.2524515441019,99510,480,342,336,150,125635,75755,2.023816701839011,266,175,13893,13020,16170,9129,18853,27182,48544,36056,32072,21981,357,223,1040,3760,15230,45919,2044,129,722,6507,2417,52,331,611,12072,2098,1157,4841
1012,5624,1012.0284332566814,99510,466,333,336,150,125673,75784,2.0244900010049243,277,179,13918,13059,16079,9094,18922,27183,48544,36056,32175,22124,357,223,1037,3755,15150,46029,2039,129,719,6455,2395,51,327,613,12109,2099,1172,4851
1013,5624,1013.1872938282136,99510,452,336,336,150,125747,75834,2.0257361069239272,266,178,13960,13123,16003,9056,18981,27155,48544,36056,32273,22262,355,222,1028,3758,15072,46155,2028,131,721,6397,2376,51,325,614,12133,2104,1184,4856
1014,5624,1014.3430117672418,99510,446,346,336,150,125815,75897,2.0270525575319063,266,175,14001,13198,15926,9019,19023,27110,48544,36056,32366,22394,353,220,1021,3756,14987,46285,2023,133,719,6339,2361,51,321,617,12160,2108,1198,4858
1015,5624,1015.1121042926143,99510,457,344,336,150,125884,75927,2.028047432418852,251,179,14030,13221,15853,8987,19071,27117,48544,36056,32455,22521,353,220,1013,3752,14910,46398,2022,132,717,6286,2341,50,319,618,12190,2112,1205,4872
1016,5624,1016.261929086461,99509,447,353,336,151,125952,75982,2.029303882060919,250,170,14076,13279,15787,8960,19102,27085,48544,36056,32539,22643,351,220,1005,3751,14843,46511,2013,134,715,6228,2328,50,318,618,12216,2118,1214,4876
1017,5624,1017.0274913497167,99509,441,354,336,151,125997,76013,2.030067632073481,238,173,14112,13324,15712,8927,19159,27069,48544,36056,32619,22760,351,219,1000,3749,14787,46601,2006,134,716,6177,2308,50,316,619,12246,2122,1225,4883
1018,5624,1018.1723567053456,99509,434,356,336,151,126054,76065,2.0311630103809706,236,166,14183,13410,15632,8897,19177,27018,48544,36056,32695,22873,349,219,993,3747,14715,46714,2003,135,711,6132,2294,50,314,618,12266,2124,1242,4883
1019,5624,1019.3162935568483,99509,437,346,336,151,126124,76108,2.0322985860575424,231,163,14229,13495,15558,8880,19207,26963,48544,36056,32768,22981,346,219,987,3740,14650,46833,2000,138,711,6094,2276,50,312,618,12276,2119,1249,4891
1020,5624,1020.0780814843655,99509,423,345,336,151,126159,76146,2.0330321880432924,233,156,14268,13547,15491,8853,19247,26946,48544,36056,32837,23085,346,218,981,3739,14572,46946,1997,138,708,6066,2265,50,310,620,12281,2119,1258,4895
1021,5624,1021.2177941366581,99509,439,335,336,151,126242,76202,2.034429046618899,215,150,14319,13628,15425,8849,19264,26885,48544,36056,32903,23185,344,218,972,3732,14520,47055,1995,140,716,6014,2247,50,308,619,12295,2121,1269,4894
1022,5624,1022.3565791824369,99508,428,317,337,151,126298,76243,2.035424287494473,227,161,14391,13699,15348,8846,19267,26824,48544,36056,32966,23281,344,218,967,3725,14465,47158,1993,140,715,5977,2232,50,308,618,12300,2122,1281,4895
1023,5624,1023.1156541578637,99508,431,317,337,151,126346,76275,2.03622824295534,216,145,14431,13747,15296,8816,19287,26822,48544,36056,33026,23373,344,218,961,3722,14402,47247,1991,140,713,5949,2221,50,308,616,12315,2125,1287,4899
1024,5624,1024.2529531948167,99508,436,301,337,151,126418,76317,2.0373738794870766,201,142,14486,13847,15238,8813,19300,26744,48544,36056,33083,23461,344,217,955,3718,14365,47341,1988,140,712,5913,2206,50,302,619,12315,2123,1300,4900
1025,5624,1025.0109442411874,99508,422,301,337,151,126456,76342,2.0380069944125094,203,151,14542,13895,15190,8788,19304,26712,48544,36056,33137,23546,344,217,949,3713,14319,47415,1986,140,712,5877,2196,49,301,619,12335,2127,1304,4905
1026,5624,1026.1475874959406,99508,400,297,337,151,126512,76377,2.038921493749246,199,166,14614,13967,15151,8764,19297,26653,48544,36056,33189,23628,344,216,944,3705,14289,47498,1983,140,706,5846,2186,49,296,623,12333,2127,1319,4904
1027,5624,1027.2850947432505,99508,397,310,337,151,126572,76427,2.040026932507939,201,149,14672,14058,15097,8734,19294,26596,48544,36056,33238,23706,342,215,941,3705,14231,47581,1981,142,703,5818,2177,49,293,624,12342,2130,1331,4903
1028,5624,1028.0433867444176,99508,398,303,337,151,126614,76454,2.040720344092937,192,143,14723,14111,15027,8720,19321,26570,48544,36056,33285,23781,342,215,936,3702,14189,47654,1978,142,704,5794,2162,49,292,623,12347,2132,1341,4906
1029,5624,1029.179885021419,99508,380,294,337,151,126666,76483,2.0415343489970654,199,157,14815,14198,14987,8706,19280,26492,48544,36056,33330,23853,342,215,932,3699,14148,47735,1974,142,705,5766,2146,49,291,623,12349,2131,1352,4909
1030,5624,1030.3185355393073,99508,366,294,337,151,126708,76539,2.042519194436628,198,139,14907,14296,14943,8694,19247,26424,48544,36056,33373,23923,341,214,929,3699,14117,47808,1969,143,709,5735,2129,49,289,622,12353,2130,1363,4909
1031,5624,1031.079016369351,99508,378,292,337,151,126757,76569,2.0433131004542346,195,140,14947,14350,14892,8681,19249,26384,48544,36056,33414,23990,341,212,922,3694,14089,47867,1968,143,707,5703,2120,49,289,622,12367,2134,1371,4910
1032,5624,1032.2198517848412,99508,385,293,337,151,126814,76613,2.04432809422358,182,126,15046,14458,14829,8673,19219,26297,48544,36056,33453,24054,341,212,919,3696,14055,47933,1962,143,709,5684,2107,49,289,621,12366,2133,1376,4913
1033,5624,1033.3623198235068,99507,365,279,338,151,126862,76640,2.0451023546082183,169,129,15125,14572,14795,8661,19206,26206,48544,36056,33490,24116,341,211,917,3690,14015,48006,1960,143,714,5663,2091,49,288,620,12369,2132,1384,4914
1034,5624,1034.124587277812,99507,364,275,338,151,126894,76662,2.0456450299978894,167,131,15181,14629,14751,8645,19197,26167,48544,36056,33526,24175,341,211,913,3690,13979,48061,1959,143,714,5639,2084,49,287,620,12381,2132,1391,4913
1035,5624,1035.2684733913393,99507,367,265,338,151,126942,76691,2.0464188449053835,175,143,15244,14728,14701,8630,19173,26081,48544,36056,33560,24232,341,210,908,3679,13955,48121,1958,143,715,5624,2075,49,285,622,12379,2134,1398,4911
1036,5624,1036.0319760439604,99507,356,254,338,151,126980,76712,2.0470117680163207,180,142,15283,14784,14681,8625,19160,26042,48544,36056,33592,24287,340,210,906,3677,13922,48188,1957,144,713,5602,2069,48,285,622,12378,2132,1402,4912
1037,5624,1037.1784346117984,99507,342,251,338,151,127033,76749,2.0479162269991056,175,139,15389,14893,14643,8616,19111,25948,48544,36056,33623,24340,337,210,903,3671,13900,48244,1955,147,714,5576,2060,48,284,622,12384,2131,1411,4910
1038,5624,1038.3282113708208,99506,351,242,339,151,127095,76784,2.048911623419693,157,140,15482,14980,14611,8613,19058,25872,48544,36056,33653,24391,337,210,899,3669,13871,48301,1951,147,718,5558,2049,48,284,621,12385,2134,1419,4905
1039,5624,1039.0964710261155,99506,346,242,339,151,127132,76813,2.04957490000603,159,133,15536,15050,14571,8600,19047,25822,48544,36056,33681,24440,336,210,896,3668,13851,48344,1948,148,714,5537,2044,48,283,622,12394,2132,1428,4903
1040,5624,1040.2502173090818,99506,332,242,339,151,127184,76850,2.050469318433059,152,135,15639,15171,14541,8577,18995,25722,48544,36056,33708,24487,335,209,890,3662,13831,48402,1945,149,713,5516,2038,47,283,622,12393,2134,1434,4903
1041,5624,1041.0212558400412,99506,316,240,339,151,127207,76872,2.0509215524691977,159,138,15702,15222,14496,8563,18986,25684,48544,36056,33734,24532,335,209,887,3666,13800,48451,1939,149,709,5502,2035,46,283,620,12398,2135,1442,4900
1042,5624,1042.1790583844272,99506,301,231,339,151,127250,76910,2.051735573734247,171,138,15781,15317,14458,8567,18948,25594,48544,36056,33759,24576,334,208,882,3665,13769,48513,1933,150,711,5488,2026,46,282,620,12399,2134,1451,4895
1043,5624,1043.339114099473,99506,297,230,339,151,127302,76949,2.052650091451772,164,126,15870,15425,14418,8564,18910,25502,48544,36056,33783,24618,333,207,879,3661,13737,48574,1930,151,716,5469,2017,46,280,621,12402,2134,1454,4895
1044,5624,1044.1137792321083,99506,299,225,339,151,127331,76971,2.0531626233593956,178,126,15938,15504,14360,8556,18884,25436,48544,36056,33806,24658,332,206,875,3665,13714,48617,1925,152,714,5453,2009,46,280,621,12404,2135,1460,4898
1045,5624,1045.2775193303078,99506,306,211,339,151,127395,77005,2.0541474885936526,159,119,15999,15630,14339,8549,18856,25338,48544,36056,33828,24697,331,205,871,3662,13696,48675,1921,152,717,5433,2002,46,279,620,12400,2135,1468,4893
1046,5624,1046.0545157911597,99506,306,208,339,151,127422,77028,2.054649970856029,164,122,16057,15700,14292,8542,18840,25275,48544,36056,33849,24735,330,205,869,3662,13671,48719,1920,153,715,5418,1999,46,278,619,12401,2137,1472,4892
1047,5624,1047.2214077749798,99505,311,214,340,151,127480,77066,2.055635395206271,152,114,16150,15802,14253,8532,18792,25185,48544,36056,33869,24771,330,205,866,3654,13658,48771,1917,153,714,5401,1996,46,277,620,12394,2138,1479,4886
1048,5624,1048.0010662871139,99505,312,226,340,151,127517,77100,2.0563489271895885,141,111,16198,15856,14233,8525,18774,25129,48544,36056,33888,24806,330,204,862,3651,13637,48809,1916,153,713,5388,1992,46,277,620,12398,2140,1486,4883
1049,5624,1049.1720929968171,99505,317,230,340,151,127567,77139,2.0572433546052964,145,104,16284,15962,14185,8513,18727,25038,48544,36056,33907,24840,329,204,861,3650,13624,48850,1912,154,712,5371,1985,46,275,619,12399,2139,1491,4884
1050,5624,1050.3459380343807,99505,306,218,340,151,127607,77166,2.057916687603638,150,106,16345,16066,14167,8505,18690,24952,48544,36056,33925,24872,328,203,861,3649,13599,48901,1909,155,713,5354,1979,46,275,619,12397,2138,1496,4883
1051,5624,1051.1299570874933,99504,299,215,341,151,127632,77189,2.0584197620196174,152,103,16400,16138,14144,8495,18662,24896,48544,36056,33942,24903,328,203,858,3649,13588,48933,1907,155,710,5345,1974,45,274,620,12393,2137,1504,4881
1052,5624,1052.3080902863076,99504,302,229,341,151,127679,77228,2.059284048882457,147,97,16496,16239,14106,8475,18606,24807,48544,36056,33958,24933,327,202,856,3651,13571,48971,1905,156,712,5333,1966,45,273,618,12391,2138,1510,4879
1053,5624,1053.095336623536,99504,291,221,341,151,127696,77244,2.0596156938414536,164,98,16535,16317,14075,8457,18592,24754,48544,36056,33974,24962,327,201,854,3649,13558,49006,1903,156,711,5323,1963,45,272,618,12389,2138,1511,4880
1054,5624,1054.2778540561535,99504,285,216,341,151,127740,77279,2.060409631773597,171,96,16616,16445,14050,8448,18535,24642,48544,36056,33989,24990,326,201,852,3643,13546,49057,1900,157,714,5311,1956,45,271,615,12383,2137,1514,4876
1055,5624,1055.068257658334,99504,288,215,341,151,127778,77298,2.0609824730664092,162,107,16680,16521,14020,8424,18507,24580,48544,36056,34004,25017,325,201,849,3639,13526,49099,1899,158,715,5303,1953,45,270,615,12378,2138,1518,4873
1056,5624,1056.256268752717,99504,284,207,341,151,127826,77327,2.0617563113040682,157,111,16768,16627,14002,8411,18446,24491,48544,36056,34018,25043,323,201,848,3637,13515,49144,1895,160,714,5293,1948,45,269,615,12367,2134,1526,4870
1057,5624,1057.0503924667714,99504,282,200,341,151,127857,77351,2.0623090529023957,151,105,16822,16702,13986,8418,18416,24422,48544,36056,34031,25068,322,201,847,3638,13505,49182,1891,161,716,5279,1944,45,267,616,12362,2133,1528,4867
1058,5624,1058.2443690708628,99504,284,206,341,151,127902,77381,2.06306279144557,140,106,16912,16824,13948,8398,18373,24313,48544,36056,34044,25092,322,201,844,3629,13497,49215,1888,161,715,5272,1938,45,266,616,12360,2134,1537,4864
1059,5624,1059.0421497461123,99504,288,201,341,151,127932,77401,2.0635652838076863,137,110,16964,16894,13933,8396,18335,24246,48544,36056,34056,25115,322,201,842,3629,13472,49256,1886,160,715,5263,1936,45,266,616,12361,2133,1542,4859
1060,5624,1060.241782974712,99504,291,215,341,151,127978,77437,2.0643893712815564,143,110,17062,16986,13893,8377,18268,24159,48544,36056,34068,25138,322,201,841,3628,13459,49291,1884,160,717,5254,1929,45,266,616,12354,2134,1545,4858
1061,5624,1061.0439172691415,99504,277,205,341,151,128000,77460,2.064841614407461,151,121,17124,17052,13870,8380,18235,24089,48544,36056,34080,25160,322,201,839,3625,13442,49333,1882,160,717,5239,1929,45,266,616,12352,2135,1550,4851
1062,5624,1062.250061426533,99504,279,199,341,151,128045,77496,2.065655652034089,158,115,17228,17159,13824,8374,18168,24000,48544,36056,34091,25181,322,201,835,3623,13442,49379,1879,160,716,5222,1926,45,265,616,12336,2135,1552,4850
1063,5624,1063.0565119224643,99504,279,203,341,151,128081,77518,2.0662385431741437,148,117,17292,17235,13806,8348,18132,23944,48544,36056,34102,25201,322,201,834,3619,13437,49402,1876,160,716,5216,1924,45,262,617,12334,2135,1557,4847
1064,5624,1064.2694700852587,99504,267,195,341,151,128130,77550,2.067052580800772,145,110,17394,17343,13788,8342,18063,23857,48544,36056,34112,25221,322,201,830,3612,13428,49447,1874,158,717,5206,1922,45,261,618,12325,2133,1560,4845
1065,5624,1065.0806818038968,99504,261,188,341,151,128160,77570,2.067555073162888,150,114,17467,17425,13765,8326,18014,23794,48544,36056,34122,25240,322,200,827,3609,13424,49478,1872,157,718,5195,1920,45,260,618,12321,2134,1559,4845
1066,5624,1066.3015597165563,99504,266,175,341,151,128208,77598,2.0683188615533044,146,113,17554,17559,13745,8312,17946,23688,48544,36056,34132,25258,319,200,827,3609,13412,49517,1868,160,719,5187,1918,45,259,617,12312,2130,1568,4837
1067,5624,1067.1181529086814,99504,269,176,341,151,128238,77619,2.0688314037626627,154,108,17627,17631,13713,8308,17894,23624,48544,36056,34141,25276,318,200,825,3607,13404,49540,1867,161,718,5180,1914,45,259,616,12312,2131,1571,4836
1068,5624,1068.3469662867267,99504,286,169,341,151,128290,77655,2.069715790319987,145,92,17710,17740,13679,8317,17837,23529,48544,36056,34150,25293,316,198,822,3609,13397,49573,1865,163,719,5170,1910,45,259,616,12302,2132,1577,4831
1069,5624,1069.1684126775997,99504,279,170,341,151,128317,77684,2.070278581765557,135,82,17785,17812,13654,8313,17804,23470,48544,36056,34159,25310,314,198,821,3607,13388,49601,1864,164,719,5163,1908,45,259,616,12296,2131,1583,4827
1070,5624,1070.403053069494,99504,269,171,341,151,128359,77716,2.071022270461489,140,81,17887,17932,13623,8306,17738,23357,48544,36056,34167,25326,314,197,821,3604,13380,49641,1861,163,717,5157,1905,45,258,616,12282,2130,1591,4822
1071,5624,1071.2235543720253,99504,266,169,341,151,128385,77731,2.071434314198424,140,86,17948,18001,13597,8289,17706,23302,48544,36056,34175,25342,314,197,821,3600,13367,49674,1861,163,717,5152,1903,44,258,614,12278,2128,1592,4821
1072,5624,1072.0412325188747,99504,281,163,341,151,128426,77751,2.0720473548802056,125,81,18008,18078,13564,8289,17679,23236,48544,36056,34183,25357,313,197,820,3598,13367,49697,1859,164,716,5143,1899,43,257,613,12277,2126,1594,4821
1073,5624,1073.262884015773,99504,265,150,341,151,128462,77769,2.072590046631291,122,91,18103,18173,13552,8288,17615,23145,48544,36056,34190,25372,312,197,816,3590,13363,49737,1857,165,718,5138,1895,42,257,612,12265,2124,1599,4817
1074,5624,1074.0735193507408,99504,265,149,341,151,128487,77783,2.0729819906737417,123,97,18168,18241,13532,8269,17569,23091,48544,36056,34197,25386,311,197,815,3590,13350,49764,1855,166,720,5134,1892,42,256,613,12262,2121,1602,4814
1075,5624,1075.284259546263,99504,259,144,341,151,128525,77810,2.0736352307444927,136,92,18261,18354,13503,8263,17498,22994,48544,36056,34204,25400,311,197,815,3587,13345,49801,1851,166,721,5117,1890,42,256,613,12257,2120,1604,4811
1076,5624,1076.0881574139378,99504,258,156,341,151,128555,77834,2.074177922495578,131,82,18318,18424,13493,8247,17457,22938,48544,36056,34211,25413,310,197,814,3583,13336,49827,1849,167,721,5113,1890,42,256,613,12253,2119,1606,4808
1077,5624,1077.288968608016,99504,243,156,341,151,128594,77860,2.074831162566329,138,91,18411,18543,13477,8234,17388,22823,48544,36056,34218,25426,309,197,812,3581,13329,49859,1847,168,725,5107,1885,42,256,612,12245,2115,1611,4804
1078,5624,1078.086108667113,99504,240,170,341,151,128618,77886,2.075333654928445,137,86,18470,18612,13461,8221,17349,22758,48544,36056,34224,25439,308,197,811,3580,13320,49878,1846,169,726,5100,1882,42,256,612,12245,2116,1615,4801
1079,5624,1079.2773400287208,99504,247,163,341,151,128663,77909,2.076017044540923,139,92,18574,18738,13409,8211,17288,22643,48544,36056,34230,25451,308,197,810,3578,13315,49910,1841,169,729,5093,1877,42,256,611,12237,2115,1622,4794
1080,5624,1080.0675708292003,99504,247,163,341,151,128691,77931,2.076519536903039,131,84,18650,18803,13380,8209,17249,22588,48544,36056,34236,25463,307,197,808,3575,13311,49932,1840,170,729,5086,1875,42,256,611,12233,2114,1627,4791
1081,5624,1081.2475017019467,99504,243,149,341,151,128725,77951,2.0770622286541243,135,98,18749,18889,13355,8211,17175,22500,48544,36056,34242,25474,307,196,807,3574,13311,49960,1839,170,729,5077,1872,41,254,610,12225,2114,1632,4786
1082,5624,1082.0303508670436,99504,236,154,341,151,128748,77980,2.077584820710725,139,86,18799,18958,13338,8201,17145,22448,48544,36056,34248,25485,307,196,806,3571,13297,49992,1838,170,731,5074,1869,41,252,610,12216,2115,1636,4783
1083,5624,1083.2004580783882,99504,218,150,341,151,128793,78002,2.078258160475961,128,94,18910,19047,13316,8196,17085,22360,48544,36056,34253,25496,306,196,804,3563,13299,50026,1835,171,733,5065,1866,41,252,609,12207,2114,1638,4779
1084,5624,1084.3644490122183,99504,219,152,341,151,128835,78033,2.0789917993246503,125,87,19016,19152,13291,8188,17006,22268,48544,36056,34258,25506,306,196,803,3562,13296,50054,1832,171,734,5061,1862,41,252,608,12195,2112,1645,4774
1085,5624,1085.1368647356862,99504,214,147,341,151,128857,78049,2.0793736935198583,130,88,19085,19213,13271,8195,16957,22204,48544,36056,34263,25516,306,196,802,3555,13296,50074,1832,171,737,5053,1859,41,252,608,12190,2113,1650,4769
1086,5624,1086.290349142481,99504,215,143,341,151,128890,78076,2.079976684354398,120,82,19171,19328,13258,8190,16893,22104,48544,36056,34268,25526,305,195,800,3547,13297,50101,1832,172,739,5045,1853,41,251,608,12186,2112,1651,4769
1087,5624,1087.056572349707,99504,216,144,341,151,128918,78089,2.080388728091333,108,78,19244,19388,13238,8181,16851,22056,48544,36056,34273,25536,305,195,800,3548,13287,50126,1831,171,738,5040,1852,40,251,608,12183,2109,1651,4769
1088,5624,1088.2009364947323,99504,215,143,341,151,128948,78110,2.0809012703006915,103,83,19341,19475,13201,8165,16797,21981,48544,36056,34278,25545,303,195,798,3547,13292,50146,1826,173,738,5035,1850,40,250,608,12174,2110,1651,4768
1089,5624,1089.3394249171886,99503,204,143,341,152,128974,78132,2.081404580766409,112,84,19442,19580,13169,8151,16730,21888,48544,36056,34282,25554,303,195,798,3544,13281,50172,1825,172,738,5032,1850,40,250,606,12168,2110,1653,4766
1090,5624,1090.095153192902,99503,207,133,341,152,128999,78145,2.0817864787996343,118,84,19502,19651,13141,8152,16689,21826,48544,36056,34286,25563,303,195,796,3543,13277,50188,1825,172,740,5027,1847,40,250,606,12166,2110,1657,4761
1091,5624,1091.2242790940597,99503,195,133,341,152,129034,78167,2.0823593258494717,107,77,19603,19737,13122,8142,16630,21757,48544,36056,34290,25571,302,195,796,3538,13273,50212,1822,173,743,5022,1842,40,250,606,12161,2109,1660,4759
1092,5624,1092.3477916568258,99503,194,141,341,152,129061,78193,2.0828919731063387,99,66,19710,19835,13078,8125,16576,21679,48544,36056,34294,25579,302,195,796,3535,13273,50226,1821,173,747,5017,1838,40,249,607,12157,2109,1661,4757
1093,5624,1093.093583963315,99503,198,132,341,152,129086,78201,2.08322362139835,99,72,19762,19912,13059,8114,16539,21616,48544,36056,34298,25587,301,193,795,3535,13270,50244,1820,174,749,5015,1835,40,248,607,12152,2108,1661,4756
1094,5624,1094.2081026654498,99503,200,133,341,152,129125,78227,2.0838768680341295,92,57,19880,19998,13032,8120,16453,21538,48544,36056,34302,25595,299,193,795,3535,13264,50271,1818,176,749,5011,1835,39,247,606,12142,2108,1667,4748
