,indexID,time,N,Inf_L,Inf_H,Dead_L,Dead_H,cum_cases_L,cum_cases_H,cum_sum_per_N,Exposed_L,Exposed_H,Sus_L,Sus_H,Rec_nat_L,Rec_nat_H,Rec_vax_L,Rec_vax_H,vaccinatedH,vaccinatedL,boostedH,boostedL,count_Naive,count_Delta,count_Delta_vaccine,count_two,count_three,count_four,count_Omicron,count_Omicron_star,count_Omicron_star_vaccine,count_Omicron_vaccine,count_Vaccine,count_WT,count_WT_vaccine,count_WT_vaccine_boost,count_Omicron_vaccine_boost,count_Delta_vaccine_boost,count_Omicron_star_vaccine_boost,count_Vaccine_boost
0,498,1.1345819364632548,99998,4,8,0,0,6,8,0.00014000280005600112,19,17,49974,49974,2,0,0,0,0,0,0,0,99996,0,0,0,0,0,0,0,0,0,0,2,0,0,0,0,0,0
1,498,2.0109197474536358,99998,7,14,0,0,9,14,0.00023000460009200185,17,12,49973,49973,2,0,0,0,0,0,0,0,99996,0,0,0,0,0,0,0,0,0,0,2,0,0,0,0,0,0
2,498,3.0415920807942745,99998,7,16,0,0,11,18,0.00029000580011600234,17,8,49971,49973,4,2,0,0,0,0,0,0,99992,0,0,0,0,0,0,0,0,0,0,6,0,0,0,0,0,0
3,498,4.220100878502521,99998,9,17,0,0,14,20,0.0003400068001360027,15,8,49970,49971,5,3,0,0,0,0,0,0,99990,0,0,0,0,0,0,0,0,0,0,8,0,0,0,0,0,0
4,498,5.041998008705343,99998,12,14,0,0,17,20,0.00037000740014800295,15,8,49967,49971,5,6,0,0,0,0,0,0,99987,0,0,0,0,0,0,0,0,0,0,11,0,0,0,0,0,0
5,498,6.0472438156135775,99998,15,14,0,0,24,23,0.00047000940018800374,11,5,49964,49971,9,9,0,0,0,0,0,0,99980,0,0,0,0,0,0,0,0,0,0,18,0,0,0,0,0,0
6,498,7.01345729383947,99998,16,12,0,0,28,25,0.0005300106002120043,9,4,49962,49970,12,13,0,0,0,0,0,0,99973,0,0,0,0,0,0,0,0,0,0,25,0,0,0,0,0,0
7,498,8.015457529670849,99998,17,13,0,0,31,26,0.0005700114002280045,11,6,49957,49967,14,13,0,0,0,0,0,0,99971,0,0,0,0,0,0,0,0,0,0,27,0,0,0,0,0,0
8,498,9.001275095330548,99998,16,15,0,0,32,29,0.0006100122002440049,11,5,49956,49965,16,14,0,0,0,0,0,0,99968,0,0,0,0,0,0,0,0,0,0,30,0,0,0,0,0,0
9,498,10.00110014152173,99998,18,12,0,0,36,29,0.0006500130002600052,9,7,49954,49963,18,17,0,0,0,0,0,0,99963,0,0,0,0,0,0,0,0,0,0,35,0,0,0,0,0,0
10,498,11.036393808041062,99998,18,12,0,0,40,32,0.0007200144002880058,5,5,49954,49962,22,20,0,0,0,0,0,0,99956,0,0,0,0,0,0,0,0,0,0,42,0,0,0,0,0,0
11,498,12.002825208670325,99998,16,12,0,0,41,34,0.000750015000300006,7,8,49951,49958,25,21,0,0,0,0,0,0,99951,0,0,0,0,0,0,0,0,0,0,47,0,0,0,0,0,0
12,498,13.109745412599459,99998,14,12,0,0,42,35,0.0007700154003080061,6,8,49951,49957,28,22,0,0,0,0,0,0,99947,0,0,0,0,0,0,0,0,0,0,51,0,0,0,0,0,0
13,498,14.152530651104033,99998,12,12,0,0,43,37,0.0008000160003200064,7,7,49949,49956,31,24,0,0,0,0,0,0,99942,0,0,0,0,0,0,0,0,0,0,56,0,0,0,0,0,0
14,498,15.034513203428508,99997,12,14,0,1,47,43,0.0009000270008100243,10,3,49942,49954,35,27,0,0,0,0,0,0,99934,0,0,0,0,0,0,0,0,0,0,63,0,0,0,0,0,0
15,498,16.190446893223665,99997,14,13,0,1,51,43,0.0009400282008460253,9,5,49939,49952,37,28,0,0,0,0,0,0,99931,0,0,0,0,0,0,0,0,0,0,66,0,0,0,0,0,0
16,498,17.05914342285703,99997,14,14,0,1,53,45,0.0009800294008820265,7,4,49939,49951,39,29,0,0,0,0,0,0,99928,0,0,0,0,0,0,0,0,0,0,69,0,0,0,0,0,0
17,498,18.081093336930472,99997,13,10,0,1,55,45,0.001000030000900027,8,6,49936,49949,42,33,0,0,0,0,0,0,99921,0,0,0,0,0,0,0,0,0,0,76,0,0,0,0,0,0
18,498,19.070029753446153,99997,16,13,0,1,58,48,0.0010600318009540287,7,5,49935,49948,41,32,0,0,0,0,0,0,99921,0,0,0,0,0,0,0,0,0,0,76,0,0,0,0,0,0
19,498,20.020405569065737,99997,14,13,0,1,58,49,0.0010700321009630288,9,7,49933,49945,43,33,0,0,0,0,0,0,99918,0,0,0,0,0,0,0,0,0,0,79,0,0,0,0,0,0
20,498,21.009715021766592,99997,10,9,0,1,59,49,0.001080032400972029,11,7,49930,49945,48,37,0,0,0,0,0,0,99909,0,0,0,0,0,0,0,0,0,0,88,0,0,0,0,0,0
21,498,22.04702558610828,99997,10,6,0,1,61,50,0.00111003330099903,10,7,49929,49945,50,40,0,0,0,0,0,0,99903,0,0,0,0,0,0,0,0,0,0,94,0,0,0,0,0,0
22,498,23.01614073515858,99997,12,6,0,1,63,53,0.0011600348010440313,8,6,49929,49943,50,43,0,0,0,0,0,0,99900,0,0,0,0,0,0,0,0,0,0,97,0,0,0,0,0,0
23,498,24.106363563655776,99997,12,5,0,1,63,56,0.001190035701071032,9,3,49928,49943,50,47,0,0,0,0,0,0,99896,0,0,0,0,0,0,0,0,0,0,101,0,0,0,0,0,0
24,498,25.03205077479754,99997,13,6,0,1,64,57,0.0012100363010890327,8,2,49929,49943,49,47,0,0,0,0,0,0,99896,0,0,0,0,0,0,0,0,0,0,101,0,0,0,0,0,0
25,498,26.16772863043009,99997,13,8,0,1,65,59,0.0012400372011160336,9,0,49927,49944,50,46,0,0,0,0,0,0,99895,0,0,0,0,0,0,0,0,0,0,102,0,0,0,0,0,0
26,498,27.266600646786788,99997,13,7,0,1,66,59,0.0012500375011250337,10,1,49927,49943,49,47,0,0,0,0,0,0,99893,0,0,0,0,0,0,0,0,0,0,104,0,0,0,0,0,0
27,498,28.086703729071704,99997,14,7,0,1,69,59,0.0012800384011520346,7,1,49927,49944,51,46,0,0,0,0,0,0,99891,0,0,0,0,0,0,0,0,0,0,106,0,0,0,0,0,0
28,498,29.044612457673683,99997,15,5,0,1,72,59,0.0013100393011790353,5,4,49926,49941,53,48,0,0,0,0,0,0,99887,0,0,0,0,0,0,0,0,0,0,110,0,0,0,0,0,0
29,498,30.005316051145176,99997,16,6,0,1,74,60,0.0013400402012060362,4,3,49925,49941,54,48,0,0,0,0,0,0,99886,0,0,0,0,0,0,0,0,0,0,111,0,0,0,0,0,0
30,498,31.021548494167916,99997,17,4,0,1,77,61,0.0013800414012420372,4,3,49922,49940,56,51,0,0,0,0,0,0,99881,0,0,0,0,0,0,0,0,0,0,116,0,0,0,0,0,0
31,498,32.05266975635064,99997,18,7,0,1,80,64,0.0014400432012960389,1,1,49922,49939,58,51,0,0,0,0,0,0,99879,0,0,0,0,0,0,0,0,0,0,118,0,0,0,0,0,0
32,498,33.08176902896119,99997,15,10,0,1,81,67,0.0014800444013320399,2,2,49920,49935,62,51,0,0,0,0,0,0,99875,0,0,0,0,0,0,0,0,0,0,122,0,0,0,0,0,0
33,498,34.20254483128419,99997,13,10,0,1,81,67,0.0014800444013320399,2,4,49920,49933,64,51,0,0,0,0,0,0,99873,0,0,0,0,0,0,0,0,0,0,124,0,0,0,0,0,0
34,498,35.005238362801684,99997,13,11,0,1,82,68,0.0015000450013500405,5,4,49916,49933,65,50,0,0,0,0,0,0,99872,0,0,0,0,0,0,0,0,0,0,125,0,0,0,0,0,0
35,498,36.20794163801498,99997,10,9,0,1,82,68,0.0015000450013500405,5,6,49916,49931,68,52,0,0,0,0,0,0,99867,0,0,0,0,0,0,0,0,0,0,130,0,0,0,0,0,0
36,498,37.08722156728115,99997,10,9,0,1,83,71,0.0015400462013860415,7,4,49914,49931,68,54,0,0,0,0,0,0,99863,0,0,0,0,0,0,0,0,0,0,134,0,0,0,0,0,0
37,498,38.05065343924723,99997,13,9,0,1,87,72,0.0015900477014310428,6,3,49911,49931,69,55,0,0,0,0,0,0,99861,0,0,0,0,0,0,0,0,0,0,136,0,0,0,0,0,0
38,498,39.02835544359948,99997,17,10,0,1,92,73,0.0016500495014850445,3,3,49909,49930,70,55,0,0,0,0,0,0,99860,0,0,0,0,0,0,0,0,0,0,137,0,0,0,0,0,0
39,498,40.14477634164626,99997,15,11,0,1,93,75,0.0016800504015120454,8,2,49903,49930,73,55,0,0,0,0,0,0,99856,0,0,0,0,0,0,0,0,0,0,141,0,0,0,0,0,0
40,498,41.1475514597079,99997,16,8,0,1,95,75,0.001700051001530046,7,2,49902,49930,74,58,0,0,0,0,0,0,99852,0,0,0,0,0,0,0,0,0,0,145,0,0,0,0,0,0
41,498,42.022992028445714,99997,16,8,0,1,97,76,0.0017300519015570467,7,2,49900,49929,76,59,0,0,0,0,0,0,99849,0,0,0,0,0,0,0,0,0,0,148,0,0,0,0,0,0
42,498,43.100041722283855,99997,16,6,0,1,97,77,0.001740052201566047,10,2,49897,49928,76,62,0,0,0,0,0,0,99846,0,0,0,0,0,0,0,0,0,0,151,0,0,0,0,0,0
43,498,44.112229420588605,99997,14,4,0,1,98,78,0.0017600528015840474,10,1,49896,49928,79,65,0,0,0,0,0,0,99840,0,0,0,0,0,0,0,0,0,0,157,0,0,0,0,0,0
44,498,45.07236503163247,99997,15,3,0,1,100,79,0.0017900537016110483,10,0,49894,49928,80,67,0,0,0,0,0,0,99837,0,0,0,0,0,0,0,0,0,0,160,0,0,0,0,0,0
45,498,46.261335742765695,99997,11,3,0,1,100,79,0.0017900537016110483,10,0,49894,49928,84,67,0,0,0,0,0,0,99833,0,0,0,0,0,0,0,0,0,0,164,0,0,0,0,0,0
46,498,47.04264856642753,99997,13,3,0,1,103,79,0.001820054601638049,8,1,49894,49927,84,67,0,0,0,0,0,0,99832,0,0,0,0,0,0,0,0,0,0,165,0,0,0,0,0,0
47,498,48.09049040880394,99997,14,1,0,1,106,79,0.00185005550166505,7,2,49893,49927,85,68,0,0,0,0,0,0,99828,0,0,0,0,0,0,0,0,0,0,169,0,0,0,0,0,0
48,498,49.09280171794179,99997,14,2,0,1,108,80,0.0018800564016920507,8,1,49890,49927,87,68,0,0,0,0,0,0,99826,0,0,0,0,0,0,0,0,0,0,171,0,0,0,0,0,0
49,498,50.095386024621845,99997,12,3,0,1,110,81,0.0019100573017190516,8,0,49888,49927,91,68,0,0,0,0,0,0,99822,0,0,0,0,0,0,0,0,0,0,175,0,0,0,0,0,0
50,498,51.28632719868714,99997,8,3,0,1,112,81,0.0019300579017370522,7,0,49888,49927,96,68,0,0,0,0,0,0,99816,0,0,0,0,0,0,0,0,0,0,181,0,0,0,0,0,0
51,498,52.09612136934532,99997,10,2,0,1,114,81,0.0019500585017550526,6,0,49887,49927,96,69,0,0,0,0,0,0,99815,0,0,0,0,0,0,0,0,0,0,182,0,0,0,0,0,0
52,498,53.24140297229775,99997,11,2,0,1,116,81,0.0019700591017730532,5,1,49887,49926,96,69,0,0,0,0,0,0,99814,0,0,0,0,0,0,0,0,0,0,183,0,0,0,0,0,0
53,498,54.03771438668066,99997,10,2,0,1,116,81,0.0019700591017730532,6,1,49886,49926,97,69,0,0,0,0,0,0,99813,0,0,0,0,0,0,0,0,0,0,184,0,0,0,0,0,0
54,498,55.07258788800072,99997,9,1,0,1,117,81,0.0019800594017820535,5,1,49886,49926,99,70,0,0,0,0,0,0,99810,0,0,0,0,0,0,0,0,0,0,187,0,0,0,0,0,0
55,498,56.078956851024095,99997,10,1,0,1,119,81,0.002000060001800054,7,2,49882,49925,100,70,0,0,0,0,0,0,99809,0,0,0,0,0,0,0,0,0,0,188,0,0,0,0,0,0
56,498,57.23774128255234,99997,11,1,0,1,121,81,0.0020200606018180543,6,2,49881,49925,101,70,0,0,0,0,0,0,99808,0,0,0,0,0,0,0,0,0,0,189,0,0,0,0,0,0
57,498,58.06359970706601,99997,12,1,0,1,124,81,0.0020500615018450553,4,3,49880,49924,103,70,0,0,0,0,0,0,99806,0,0,0,0,0,0,0,0,0,0,191,0,0,0,0,0,0
58,498,59.065470548107584,99997,12,1,0,1,125,81,0.0020600618018540556,4,6,49881,49923,102,68,0,0,0,0,0,0,99805,0,0,0,0,0,0,0,0,0,0,192,0,0,0,0,0,0
59,498,60.22491628551882,99997,13,3,0,1,126,83,0.0020900627018810565,4,4,49883,49923,99,68,0,0,0,0,0,0,99805,0,0,0,0,0,0,0,0,0,0,192,0,0,0,0,0,0
60,498,61.03438229865094,99997,11,4,0,1,127,85,0.0021200636019080574,6,2,49880,49923,102,69,0,0,0,0,0,0,99801,0,0,0,0,0,0,0,0,0,0,196,0,0,0,0,0,0
61,498,62.019676782532095,99997,14,4,0,1,130,85,0.002150064501935058,5,2,49878,49923,102,69,0,0,0,0,0,0,99801,0,0,0,0,0,0,0,0,0,0,196,0,0,0,0,0,0
62,498,63.304854393600515,99997,16,4,0,1,134,85,0.002190065701971059,3,3,49877,49922,103,69,0,0,0,0,0,0,99799,0,0,0,0,0,0,0,0,0,0,198,0,0,0,0,0,0
63,498,64.00534061373538,99997,15,8,0,1,136,89,0.0022500675020250605,1,1,49877,49920,106,69,0,0,0,0,0,0,99796,0,0,0,0,0,0,0,0,0,0,201,0,0,0,0,0,0
64,498,65.0106158298854,99997,13,7,0,1,136,89,0.0022500675020250605,4,1,49874,49920,108,70,0,0,0,0,0,0,99793,0,0,0,0,0,0,0,0,0,0,204,0,0,0,0,0,0
65,498,66.1189890238085,99997,10,7,0,1,136,89,0.0022500675020250605,6,1,49872,49920,111,70,0,0,0,0,0,0,99790,0,0,0,0,0,0,0,0,0,0,207,0,0,0,0,0,0
66,498,67.30072932497399,99997,10,6,0,1,138,89,0.002270068102043061,5,4,49872,49917,112,71,0,0,0,0,0,0,99787,0,0,0,0,0,0,0,0,0,0,210,0,0,0,0,0,0
67,498,68.0047196096968,99997,8,5,0,1,138,89,0.002270068102043061,6,4,49871,49917,114,72,0,0,0,0,0,0,99784,0,0,0,0,0,0,0,0,0,0,213,0,0,0,0,0,0
68,498,69.2353617399994,99997,7,6,0,1,138,91,0.0022900687020610618,10,3,49867,49916,115,73,0,0,0,0,0,0,99782,0,0,0,0,0,0,0,0,0,0,215,0,0,0,0,0,0
69,498,70.15685726431128,99997,8,7,0,1,140,92,0.0023200696020880627,8,3,49867,49915,116,73,0,0,0,0,0,0,99781,0,0,0,0,0,0,0,0,0,0,216,0,0,0,0,0,0
70,498,71.0701808770408,99997,7,7,0,1,141,94,0.0023500705021150636,8,1,49866,49915,118,75,0,0,0,0,0,0,99777,0,0,0,0,0,0,0,0,0,0,220,0,0,0,0,0,0
71,498,72.26313745392116,99997,7,6,0,1,143,94,0.002370071102133064,14,1,49859,49915,119,76,0,0,0,0,0,0,99774,0,0,0,0,0,0,0,0,0,0,223,0,0,0,0,0,0
72,498,73.07036174415944,99997,9,6,0,1,146,94,0.0024000720021600647,12,1,49858,49915,120,76,0,0,0,0,0,0,99773,0,0,0,0,0,0,0,0,0,0,224,0,0,0,0,0,0
73,498,74.30321947557161,99997,12,7,0,1,151,95,0.0024600738022140666,9,1,49858,49914,120,76,0,0,0,0,0,0,99771,0,0,0,0,0,0,0,0,0,0,226,0,0,0,0,0,0
74,498,75.16152439946536,99997,15,7,0,1,154,95,0.002490074702241067,6,1,49858,49914,120,76,0,0,0,0,0,0,99771,0,0,0,0,0,0,0,0,0,0,226,0,0,0,0,0,0
75,498,76.2995999080343,99997,11,6,0,1,154,95,0.002490074702241067,9,4,49855,49911,124,77,0,0,0,0,0,0,99766,0,0,0,0,0,0,0,0,0,0,231,0,0,0,0,0,0
76,498,77.33874921520594,99997,11,5,0,1,155,95,0.0025000750022500674,10,4,49853,49911,125,78,0,0,0,0,0,0,99764,0,0,0,0,0,0,0,0,0,0,233,0,0,0,0,0,0
77,498,78.15438570088416,99997,14,4,0,1,160,95,0.002550076502295069,7,4,49852,49912,126,78,0,0,0,0,0,0,99761,0,0,0,0,0,0,0,0,0,0,236,0,0,0,0,0,0
78,498,79.18050066350867,99997,11,3,0,1,160,96,0.002560076802304069,11,4,49848,49911,129,80,0,0,0,0,0,0,99756,0,0,0,0,0,0,0,0,0,0,241,0,0,0,0,0,0
79,498,80.12412352809407,99997,14,1,0,1,163,96,0.00259007770233107,9,4,49847,49911,129,82,0,0,0,0,0,0,99754,0,0,0,0,0,0,0,0,0,0,243,0,0,0,0,0,0
80,498,81.13914868502971,99997,15,1,0,1,165,97,0.0026200786023580706,11,5,49843,49911,130,81,0,0,0,0,0,0,99752,0,0,0,0,0,0,0,0,0,0,245,0,0,0,0,0,0
81,498,82.07377566196872,99997,14,1,0,1,167,97,0.0026400792023760712,11,6,49842,49910,132,81,0,0,0,0,0,0,99749,0,0,0,0,0,0,0,0,0,0,248,0,0,0,0,0,0
82,498,83.10347499245515,99997,15,4,0,1,168,100,0.0026800804024120725,12,3,49841,49910,131,81,0,0,0,0,0,0,99749,0,0,0,0,0,0,0,0,0,0,248,0,0,0,0,0,0
83,498,84.06832348605106,99997,17,6,0,1,171,102,0.0027300819024570736,10,3,49841,49908,131,81,0,0,0,0,0,0,99748,0,0,0,0,0,0,0,0,0,0,249,0,0,0,0,0,0
84,498,85.14557721795339,99997,18,8,0,1,176,104,0.0028000840025200757,7,2,49839,49908,135,80,0,0,0,0,0,0,99744,0,0,0,0,0,0,0,0,0,0,253,0,0,0,0,0,0
85,498,86.10109440515139,99997,15,7,0,1,177,104,0.002810084302529076,9,2,49836,49908,139,81,0,0,0,0,0,0,99739,0,0,0,0,0,0,0,0,0,0,258,0,0,0,0,0,0
86,498,87.05934906293497,99997,14,7,0,1,179,105,0.0028400852025560765,11,4,49832,49905,142,82,0,0,0,0,0,0,99735,0,0,0,0,0,0,0,0,0,0,262,0,0,0,0,0,0
87,498,88.13540697285278,99997,16,8,0,1,181,106,0.0028700861025830774,10,5,49831,49903,142,82,0,0,0,0,0,0,99735,0,0,0,0,0,0,0,0,0,0,262,0,0,0,0,0,0
88,498,89.24440388029666,99997,17,7,0,1,182,107,0.002890086702601078,12,8,49828,49899,142,84,0,0,0,0,0,0,99733,0,0,0,0,0,0,0,0,0,0,264,0,0,0,0,0,0
89,498,90.17617354303333,99997,18,8,0,1,185,109,0.0029400882026460796,10,7,49827,49898,144,85,0,0,0,0,0,0,99730,0,0,0,0,0,0,0,0,0,0,267,0,0,0,0,0,0
90,498,91.00941031831984,99997,17,8,0,1,187,110,0.00297008910267308,10,8,49825,49896,147,86,0,0,0,0,0,0,99726,0,0,0,0,0,0,0,0,0,0,271,0,0,0,0,0,0
91,498,92.00664448063131,99997,16,11,0,1,190,113,0.003030090902727082,7,7,49825,49894,151,86,0,0,0,0,0,0,99722,0,0,0,0,0,0,0,0,0,0,275,0,0,0,0,0,0
92,498,93.06094750859812,99997,14,13,0,1,192,116,0.003080092402772083,9,5,49821,49893,155,87,0,0,0,0,0,0,99717,0,0,0,0,0,0,0,0,0,0,280,0,0,0,0,0,0
93,498,94.10387612061619,99997,12,12,0,1,195,118,0.0031300939028170846,8,4,49819,49892,160,90,0,0,0,0,0,0,99709,0,0,0,0,0,0,0,0,0,0,288,0,0,0,0,0,0
94,498,95.11160279948466,99997,11,11,0,1,197,120,0.003170095102853086,7,3,49819,49891,162,93,0,0,0,0,0,0,99703,0,0,0,0,0,0,0,0,0,0,294,0,0,0,0,0,0
95,498,96.13858087437308,99997,9,9,0,1,198,120,0.0031800954028620857,9,3,49818,49891,163,95,0,0,0,0,0,0,99698,0,0,0,0,0,0,0,0,0,0,299,0,0,0,0,0,0
96,498,97.0106086584114,99997,9,9,0,1,201,121,0.003220096602898087,8,3,49816,49890,166,96,0,0,0,0,0,0,99694,0,0,0,0,0,0,0,0,0,0,303,0,0,0,0,0,0
97,498,98.20464358495504,99997,9,9,0,1,203,122,0.003250097502925088,6,4,49817,49888,167,97,0,0,0,0,0,0,99691,0,0,0,0,0,0,0,0,0,0,306,0,0,0,0,0,0
98,498,99.14657364226566,99996,11,9,1,1,206,123,0.0032901316052642107,5,5,49816,49886,166,98,0,0,0,0,0,0,99689,0,0,0,0,0,0,0,0,0,0,307,0,0,0,0,0,0
99,498,100.28162276561925,99996,10,8,1,1,207,126,0.003330133205328213,5,3,49816,49885,167,102,0,0,0,0,0,0,99683,0,0,0,0,0,0,0,0,0,0,313,0,0,0,0,0,0
100,498,101.08556657883233,99996,10,7,1,1,208,126,0.003340133605344214,6,4,49814,49884,168,103,0,0,0,0,0,0,99681,0,0,0,0,0,0,0,0,0,0,315,0,0,0,0,0,0
101,498,102.01246146096459,99996,12,7,1,1,211,128,0.003390135605424217,3,3,49815,49883,168,105,0,0,0,0,0,0,99678,0,0,0,0,0,0,0,0,0,0,318,0,0,0,0,0,0
102,498,103.21125354232208,99996,11,10,1,1,214,131,0.0034501380055202207,4,0,49812,49883,171,105,0,0,0,0,0,0,99674,0,0,0,0,0,0,0,0,0,0,322,0,0,0,0,0,0
103,498,104.18504997509054,99996,12,9,1,1,215,131,0.0034601384055362215,5,3,49811,49880,170,106,0,0,0,0,0,0,99673,0,0,0,0,0,0,0,0,0,0,323,0,0,0,0,0,0
104,498,105.31628498417074,99996,13,10,1,1,217,132,0.0034901396055842236,5,3,49810,49879,170,106,0,0,0,0,0,0,99672,0,0,0,0,0,0,0,0,0,0,324,0,0,0,0,0,0
105,498,106.08870439418875,99996,11,10,1,1,217,132,0.0034901396055842236,7,3,49808,49879,172,106,0,0,0,0,0,0,99670,0,0,0,0,0,0,0,0,0,0,326,0,0,0,0,0,0
106,498,107.11719252542557,99996,8,8,1,1,217,133,0.003500140005600224,10,2,49805,49880,175,108,0,0,0,0,0,0,99664,0,0,0,0,0,0,0,0,0,0,332,0,0,0,0,0,0
107,498,108.21490897461472,99996,8,7,1,1,220,133,0.003530141205648226,10,4,49802,49878,178,109,0,0,0,0,0,0,99660,0,0,0,0,0,0,0,0,0,0,336,0,0,0,0,0,0
108,498,109.15288613589756,99996,12,7,1,1,224,134,0.003580143205728229,7,4,49801,49878,178,109,0,0,0,0,0,0,99659,0,0,0,0,0,0,0,0,0,0,337,0,0,0,0,0,0
109,498,110.06332788509289,99996,11,7,1,1,224,136,0.0036001440057602304,8,2,49800,49878,179,111,0,0,0,0,0,0,99656,0,0,0,0,0,0,0,0,0,0,340,0,0,0,0,0,0
110,498,111.01598193302131,99996,15,7,1,1,228,136,0.003640145605824233,6,3,49798,49877,179,111,0,0,0,0,0,0,99656,0,0,0,0,0,0,0,0,0,0,340,0,0,0,0,0,0
111,498,112.17340917253865,99996,13,7,1,1,229,138,0.003670146805872235,6,2,49798,49877,181,112,0,0,0,0,0,0,99651,0,0,0,0,0,0,0,0,0,0,345,0,0,0,0,0,0
112,498,113.10240749983238,99996,16,7,1,1,232,138,0.003700148005920237,5,2,49796,49877,181,112,0,0,0,0,0,0,99651,0,0,0,0,0,0,0,0,0,0,345,0,0,0,0,0,0
113,498,114.31842230583881,99996,16,7,1,1,234,138,0.003720148805952238,11,3,49789,49877,182,111,0,0,0,0,0,0,99649,0,0,0,0,0,0,0,0,0,0,347,0,0,0,0,0,0
114,498,115.18536947038831,99996,15,7,1,1,234,138,0.003720148805952238,13,3,49788,49877,182,111,0,0,0,0,0,0,99648,0,0,0,0,0,0,0,0,0,0,348,0,0,0,0,0,0
115,498,116.10181448856493,99996,15,6,1,1,237,138,0.00375015000600024,11,3,49787,49877,185,112,0,0,0,0,0,0,99644,0,0,0,0,0,0,0,0,0,0,352,0,0,0,0,0,0
116,498,117.21741028874372,99996,15,5,1,1,238,138,0.0037601504060162405,11,3,49786,49878,186,112,0,0,0,0,0,0,99642,0,0,0,0,0,0,0,0,0,0,354,0,0,0,0,0,0
117,498,118.0475811059478,99996,18,4,1,1,242,138,0.0038001520060802433,8,3,49786,49879,186,112,0,0,0,0,0,0,99640,0,0,0,0,0,0,0,0,0,0,356,0,0,0,0,0,0
118,498,119.04023851745573,99996,20,7,1,1,246,141,0.0038701548061922477,6,2,49784,49877,188,112,0,0,0,0,0,0,99638,0,0,0,0,0,0,0,0,0,0,358,0,0,0,0,0,0
119,498,120.2617973629353,99996,20,5,1,1,248,141,0.003890155606224249,9,2,49779,49877,190,114,0,0,0,0,0,0,99634,0,0,0,0,0,0,0,0,0,0,362,0,0,0,0,0,0
120,498,121.02597415485141,99996,20,5,1,1,251,142,0.003930157206288251,9,2,49777,49877,192,114,0,0,0,0,0,0,99630,0,0,0,0,0,0,0,0,0,0,366,0,0,0,0,0,0
121,498,122.06126373793194,99996,18,3,1,1,253,142,0.003950158006320253,10,3,49775,49876,195,116,0,0,0,0,0,0,99624,0,0,0,0,0,0,0,0,0,0,372,0,0,0,0,0,0
122,498,123.12745288330088,99996,17,4,1,1,255,143,0.0039801592063682546,10,3,49773,49875,198,116,0,0,0,0,0,0,99621,0,0,0,0,0,0,0,0,0,0,375,0,0,0,0,0,0
123,498,124.18319664295994,99996,15,5,1,1,259,144,0.004030161206448258,10,3,49771,49874,202,116,0,0,0,0,0,0,99615,0,0,0,0,0,0,0,0,0,0,381,0,0,0,0,0,0
124,498,125.06297871517866,99996,17,6,1,1,263,145,0.004080163206528261,9,2,49770,49874,202,116,0,0,0,0,0,0,99613,0,0,0,0,0,0,0,0,0,0,383,0,0,0,0,0,0
125,498,126.02422754124015,99996,15,6,1,1,263,145,0.004080163206528261,13,3,49766,49873,204,116,0,0,0,0,0,0,99611,0,0,0,0,0,0,0,0,0,0,385,0,0,0,0,0,0
126,498,127.14708147514096,99996,16,5,1,1,266,145,0.0041101644065762635,11,3,49765,49873,206,117,0,0,0,0,0,0,99608,0,0,0,0,0,0,0,0,0,0,388,0,0,0,0,0,0
127,498,128.16076438037106,99996,14,5,1,1,267,146,0.004130165206608264,10,2,49765,49874,209,117,0,0,0,0,0,0,99604,0,0,0,0,0,0,0,0,0,0,392,0,0,0,0,0,0
128,498,129.10757338181983,99996,16,4,1,1,269,146,0.004150166006640266,8,4,49766,49872,208,118,0,0,0,0,0,0,99603,0,0,0,0,0,0,0,0,0,0,393,0,0,0,0,0,0
129,498,130.08784559069863,99996,14,3,1,1,270,147,0.004170166806672267,9,4,49765,49871,210,120,0,0,0,0,0,0,99598,0,0,0,0,0,0,0,0,0,0,398,0,0,0,0,0,0
130,498,131.0030396540763,99996,15,2,1,1,273,147,0.004200168006720269,9,4,49762,49871,212,121,0,0,0,0,0,0,99595,0,0,0,0,0,0,0,0,0,0,401,0,0,0,0,0,0
131,498,132.1241147220354,99996,15,3,1,1,274,148,0.00422016880675227,8,4,49763,49870,212,121,0,0,0,0,0,0,99594,0,0,0,0,0,0,0,0,0,0,402,0,0,0,0,0,0
132,498,133.09151551597407,99996,13,2,1,1,276,149,0.004250170006800272,7,3,49764,49870,214,123,0,0,0,0,0,0,99588,0,0,0,0,0,0,0,0,0,0,408,0,0,0,0,0,0
133,498,134.0565104530214,99996,11,2,1,1,277,150,0.004270170806832273,6,2,49765,49870,216,124,0,0,0,0,0,0,99584,0,0,0,0,0,0,0,0,0,0,412,0,0,0,0,0,0
134,498,135.1427938937977,99996,13,2,1,1,279,150,0.004290171606864275,7,2,49762,49870,216,124,0,0,0,0,0,0,99584,0,0,0,0,0,0,0,0,0,0,412,0,0,0,0,0,0
135,498,136.07949498848566,99996,11,2,1,1,279,150,0.004290171606864275,7,2,49762,49870,218,124,0,0,0,0,0,0,99582,0,0,0,0,0,0,0,0,0,0,414,0,0,0,0,0,0
136,498,137.0740110861283,99996,11,2,1,1,281,150,0.0043101724068962755,7,2,49762,49871,218,123,0,0,0,0,0,0,99580,0,0,0,0,0,0,0,0,0,0,416,0,0,0,0,0,0
137,498,138.09645610604144,99996,10,1,1,1,282,150,0.004320172806912276,8,2,49760,49871,220,124,0,0,0,0,0,0,99577,0,0,0,0,0,0,0,0,0,0,419,0,0,0,0,0,0
138,498,139.24363245900238,99996,12,1,1,1,286,150,0.004360174406976279,8,3,49757,49871,221,123,0,0,0,0,0,0,99575,0,0,0,0,0,0,0,0,0,0,421,0,0,0,0,0,0
139,498,140.09732077446554,99996,10,2,1,1,287,151,0.00438017520700828,7,2,49757,49873,224,121,0,0,0,0,0,0,99572,0,0,0,0,0,0,0,0,0,0,424,0,0,0,0,0,0
140,498,141.11583228613014,99996,12,3,1,1,290,152,0.004420176807072283,6,3,49756,49871,224,121,0,0,0,0,0,0,99571,0,0,0,0,0,0,0,0,0,0,425,0,0,0,0,0,0
141,498,142.1212521838239,99996,14,3,1,1,293,152,0.004450178007120285,5,4,49755,49870,224,121,0,0,0,0,0,0,99570,0,0,0,0,0,0,0,0,0,0,426,0,0,0,0,0,0
142,498,143.09455137787694,99996,11,3,1,1,293,152,0.004450178007120285,9,6,49751,49869,227,120,0,0,0,0,0,0,99567,0,0,0,0,0,0,0,0,0,0,429,0,0,0,0,0,0
143,498,144.04524719824997,99996,10,3,1,1,293,153,0.004460178407136285,10,5,49752,49869,226,121,0,0,0,0,0,0,99565,0,0,0,0,0,0,0,0,0,0,431,0,0,0,0,0,0
144,498,145.03210190448033,99996,10,5,1,1,295,156,0.004510180407216288,9,4,49752,49868,227,121,0,0,0,0,0,0,99562,0,0,0,0,0,0,0,0,0,0,434,0,0,0,0,0,0
145,498,146.13365672509946,99996,7,6,1,1,295,157,0.004520180807232289,10,3,49751,49868,230,121,0,0,0,0,0,0,99559,0,0,0,0,0,0,0,0,0,0,437,0,0,0,0,0,0
146,498,147.17826842744304,99996,8,5,1,1,296,157,0.00453018120724829,10,4,49750,49867,230,122,0,0,0,0,0,0,99558,0,0,0,0,0,0,0,0,0,0,438,0,0,0,0,0,0
147,498,148.21175772071396,99996,11,7,1,1,299,159,0.004580183207328293,7,2,49751,49869,229,120,0,0,0,0,0,0,99558,0,0,0,0,0,0,0,0,0,0,438,0,0,0,0,0,0
148,498,149.18027040553503,99996,13,6,1,1,301,159,0.004600184007360294,8,3,49750,49868,227,121,0,0,0,0,0,0,99557,0,0,0,0,0,0,0,0,0,0,439,0,0,0,0,0,0
149,498,150.08653124264455,99996,11,7,1,1,303,160,0.0046301852074082965,8,3,49748,49867,231,121,0,0,0,0,0,0,99553,0,0,0,0,0,0,0,0,0,0,443,0,0,0,0,0,0
150,498,151.19923746183773,99996,12,7,1,1,305,161,0.004660186407456298,6,3,49749,49866,231,122,0,0,0,0,0,0,99551,0,0,0,0,0,0,0,0,0,0,445,0,0,0,0,0,0
151,498,152.01265475673512,99996,13,8,1,1,306,162,0.0046801872074883,6,3,49748,49866,231,121,0,0,0,0,0,0,99551,0,0,0,0,0,0,0,0,0,0,445,0,0,0,0,0,0
152,498,153.16739556188807,99996,11,8,1,1,307,163,0.0047001880075203005,7,4,49746,49864,234,122,0,0,0,0,0,0,99547,0,0,0,0,0,0,0,0,0,0,449,0,0,0,0,0,0
153,498,154.06685396859825,99996,11,7,1,1,308,165,0.004730189207568303,7,2,49745,49864,235,125,0,0,0,0,0,0,99543,0,0,0,0,0,0,0,0,0,0,453,0,0,0,0,0,0
154,498,155.24329547106154,99996,9,6,1,1,309,165,0.004740189607584304,6,2,49746,49866,237,124,0,0,0,0,0,0,99539,0,0,0,0,0,0,0,0,0,0,457,0,0,0,0,0,0
155,498,156.21385832445154,99996,10,5,1,1,310,166,0.0047601904076163045,7,1,49744,49867,237,125,0,0,0,0,0,0,99537,0,0,0,0,0,0,0,0,0,0,459,0,0,0,0,0,0
156,498,157.1045516609806,99996,13,5,1,1,313,166,0.004790191607664307,7,4,49742,49864,236,125,0,0,0,0,0,0,99537,0,0,0,0,0,0,0,0,0,0,459,0,0,0,0,0,0
157,498,158.03062495415526,99996,12,4,1,1,314,166,0.004800192007680307,6,4,49742,49864,238,126,0,0,0,0,0,0,99534,0,0,0,0,0,0,0,0,0,0,462,0,0,0,0,0,0
158,498,159.20736746163712,99996,14,5,1,1,317,167,0.00484019360774431,4,4,49741,49863,239,126,0,0,0,0,0,0,99533,0,0,0,0,0,0,0,0,0,0,463,0,0,0,0,0,0
159,498,160.1294155785103,99996,16,6,1,1,320,170,0.004900196007840313,2,2,49740,49862,240,128,0,0,0,0,0,0,99530,0,0,0,0,0,0,0,0,0,0,466,0,0,0,0,0,0
160,498,161.2233318323135,99996,14,5,1,1,320,170,0.004900196007840313,3,2,49740,49863,241,128,0,0,0,0,0,0,99527,0,0,0,0,0,0,0,0,0,0,469,0,0,0,0,0,0
161,498,162.1623618023585,99996,13,3,1,1,322,171,0.004930197207888316,2,2,49740,49862,243,131,0,0,0,0,0,0,99521,0,0,0,0,0,0,0,0,0,0,475,0,0,0,0,0,0
162,498,163.0715457945572,99996,12,3,1,1,322,171,0.004930197207888316,2,2,49740,49862,244,131,0,0,0,0,0,0,99520,0,0,0,0,0,0,0,0,0,0,476,0,0,0,0,0,0
163,498,164.22288873216266,99996,9,3,1,1,322,171,0.004930197207888316,4,3,49738,49862,247,130,0,0,0,0,0,0,99517,0,0,0,0,0,0,0,0,0,0,479,0,0,0,0,0,0
164,498,165.3372841653672,99996,7,4,1,1,323,172,0.004950198007920317,3,3,49740,49863,248,128,0,0,0,0,0,0,99514,0,0,0,0,0,0,0,0,0,0,482,0,0,0,0,0,0
165,498,166.11987180363977,99996,10,6,1,1,326,174,0.00500020000800032,4,4,49736,49860,248,128,0,0,0,0,0,0,99514,0,0,0,0,0,0,0,0,0,0,482,0,0,0,0,0,0
166,498,167.19937124546888,99996,10,5,1,1,326,174,0.00500020000800032,5,5,49735,49859,248,129,0,0,0,0,0,0,99513,0,0,0,0,0,0,0,0,0,0,483,0,0,0,0,0,0
167,498,168.2186659314633,99996,12,8,1,1,329,177,0.005060202408096324,3,3,49734,49858,249,129,0,0,0,0,0,0,99512,0,0,0,0,0,0,0,0,0,0,484,0,0,0,0,0,0
168,498,169.0156801247982,99996,9,9,1,1,329,179,0.0050802032081283255,5,2,49733,49857,251,130,0,0,0,0,0,0,99508,0,0,0,0,0,0,0,0,0,0,488,0,0,0,0,0,0
169,498,170.00857045879127,99996,11,8,1,1,332,180,0.005120204808192328,7,2,49729,49856,251,132,0,0,0,0,0,0,99505,0,0,0,0,0,0,0,0,0,0,491,0,0,0,0,0,0
170,498,171.098284970204,99996,9,7,1,1,336,180,0.00516020640825633,6,2,49730,49858,253,131,0,0,0,0,0,0,99498,0,0,0,0,0,0,0,0,0,0,498,0,0,0,0,0,0
171,498,172.20469440207222,99996,10,8,1,1,338,181,0.005190207608304332,4,2,49730,49857,254,131,0,0,0,0,0,0,99497,0,0,0,0,0,0,0,0,0,0,499,0,0,0,0,0,0
172,498,173.02091783390688,99996,9,7,1,1,338,181,0.005190207608304332,5,4,49729,49855,255,132,0,0,0,0,0,0,99495,0,0,0,0,0,0,0,0,0,0,501,0,0,0,0,0,0
173,498,174.25482103067284,99996,10,5,1,1,341,183,0.005240209608384335,7,3,49726,49854,255,136,0,0,0,0,0,0,99489,0,0,0,0,0,0,0,0,0,0,507,0,0,0,0,0,0
174,498,175.01522004506634,99996,10,5,1,1,343,184,0.0052702108084323376,6,3,49727,49855,255,135,0,0,0,0,0,0,99486,0,0,0,0,0,0,0,0,0,0,510,0,0,0,0,0,0
175,498,176.25351138744108,99996,9,4,1,1,345,184,0.005290211608464338,5,3,49726,49855,258,136,0,0,0,0,0,0,99482,0,0,0,0,0,0,0,0,0,0,514,0,0,0,0,0,0
176,498,177.01327104417007,99996,9,5,1,1,345,185,0.005300212008480339,7,2,49725,49855,257,136,0,0,0,0,0,0,99482,0,0,0,0,0,0,0,0,0,0,514,0,0,0,0,0,0
177,498,178.0712690498236,99996,12,5,1,1,348,185,0.005330213208528341,7,2,49722,49855,257,136,0,0,0,0,0,0,99482,0,0,0,0,0,0,0,0,0,0,514,0,0,0,0,0,0
178,498,179.2570819945887,99996,9,5,1,1,348,186,0.0053402136085443416,10,1,49720,49856,259,136,0,0,0,0,0,0,99478,0,0,0,0,0,0,0,0,0,0,518,0,0,0,0,0,0
179,498,180.12512023097113,99996,12,5,1,1,352,186,0.005380215208608344,7,3,49720,49854,259,136,0,0,0,0,0,0,99477,0,0,0,0,0,0,0,0,0,0,519,0,0,0,0,0,0
180,498,181.0405706412475,99996,12,4,1,1,354,186,0.005400216008640346,8,4,49718,49853,260,137,0,0,0,0,0,0,99474,0,0,0,0,0,0,0,0,0,0,522,0,0,0,0,0,0
181,498,182.14847242408425,99996,13,3,1,1,355,186,0.005410216408656346,9,4,49716,49854,260,137,0,0,0,0,0,0,99473,0,0,0,0,0,0,0,0,0,0,523,0,0,0,0,0,0
182,498,183.08489699037034,99996,14,4,1,1,359,187,0.00546021840873635,7,4,49715,49855,262,135,0,0,0,0,0,0,99470,0,0,0,0,0,0,0,0,0,0,526,0,0,0,0,0,0
183,498,184.04730358242438,99996,16,5,1,1,362,188,0.005500220008800352,5,5,49715,49853,262,135,0,0,0,0,0,0,99469,0,0,0,0,0,0,0,0,0,0,527,0,0,0,0,0,0
184,498,185.20010561639208,99996,13,7,1,1,364,191,0.005550222008880355,4,3,49715,49855,266,133,0,0,0,0,0,0,99463,0,0,0,0,0,0,0,0,0,0,533,0,0,0,0,0,0
185,498,186.07998647051633,99996,16,6,1,1,367,191,0.005580223208928357,1,5,49716,49853,265,134,0,0,0,0,0,0,99462,0,0,0,0,0,0,0,0,0,0,534,0,0,0,0,0,0
186,498,187.07687563302179,99996,14,5,1,1,367,192,0.005590223608944358,2,5,49715,49852,267,136,0,0,0,0,0,0,99458,0,0,0,0,0,0,0,0,0,0,538,0,0,0,0,0,0
187,498,188.1160784232989,99996,13,6,1,1,368,194,0.005620224808992359,3,7,49714,49849,268,136,0,0,0,0,0,0,99455,0,0,0,0,0,0,0,0,0,0,541,0,0,0,0,0,0
188,498,189.1269824842504,99996,13,9,1,1,369,197,0.0056602264090563625,4,4,49712,49850,269,135,0,0,0,0,0,0,99454,0,0,0,0,0,0,0,0,0,0,542,0,0,0,0,0,0
189,498,190.19489251051712,99996,12,11,1,1,370,199,0.005690227609104364,6,2,49712,49852,268,133,0,0,0,0,0,0,99452,0,0,0,0,0,0,0,0,0,0,544,0,0,0,0,0,0
190,498,191.05752106258976,99996,12,10,1,1,371,200,0.005710228409136366,7,2,49710,49851,269,135,0,0,0,0,0,0,99449,0,0,0,0,0,0,0,0,0,0,547,0,0,0,0,0,0
191,498,192.20737226159358,99996,10,8,1,1,371,201,0.005720228809152366,9,2,49708,49850,271,138,0,0,0,0,0,0,99444,0,0,0,0,0,0,0,0,0,0,552,0,0,0,0,0,0
192,498,193.10534400326884,99996,14,7,1,1,375,201,0.005760230409216369,6,2,49707,49850,271,139,0,0,0,0,0,0,99443,0,0,0,0,0,0,0,0,0,0,553,0,0,0,0,0,0
193,498,194.13208760674587,99996,15,7,1,1,377,202,0.005790231609264371,5,1,49708,49851,270,139,0,0,0,0,0,0,99441,0,0,0,0,0,0,0,0,0,0,555,0,0,0,0,0,0
194,498,195.0734560166118,99996,15,6,1,1,379,202,0.005810232409296372,8,4,49704,49850,271,138,0,0,0,0,0,0,99438,0,0,0,0,0,0,0,0,0,0,558,0,0,0,0,0,0
195,498,196.04665378390104,99996,15,6,1,1,381,203,0.005840233609344374,6,4,49705,49850,272,138,0,0,0,0,0,0,99435,0,0,0,0,0,0,0,0,0,0,561,0,0,0,0,0,0
196,498,197.2035702396438,99996,15,7,1,1,381,205,0.0058602344093763754,9,3,49704,49850,270,138,0,0,0,0,0,0,99434,0,0,0,0,0,0,0,0,0,0,562,0,0,0,0,0,0
197,498,198.20369268068276,99996,13,7,1,1,382,206,0.005880235209408376,11,3,49702,49850,272,138,0,0,0,0,0,0,99430,0,0,0,0,0,0,0,0,0,0,566,0,0,0,0,0,0
198,498,199.04179163804645,99996,13,6,1,1,383,206,0.005890235609424377,10,3,49703,49850,272,139,0,0,0,0,0,0,99428,0,0,0,0,0,0,0,0,0,0,568,0,0,0,0,0,0
199,498,200.17756346445574,99996,14,5,1,1,387,206,0.005930237209488379,7,4,49703,49849,274,140,0,0,0,0,0,0,99424,0,0,0,0,0,0,0,0,0,0,572,0,0,0,0,0,0
200,498,201.03362570802446,99996,18,7,1,1,392,209,0.006010240409616384,4,3,49701,49847,275,141,0,0,0,0,0,0,99422,0,0,0,0,0,0,0,0,0,0,574,0,0,0,0,0,0
201,498,202.08298493483306,99996,17,8,1,1,394,210,0.006040241609664387,4,6,49700,49845,277,139,0,0,0,0,0,0,99419,0,0,0,0,0,0,0,0,0,0,577,0,0,0,0,0,0
202,498,203.0597389019356,99996,16,9,1,1,395,212,0.006070242809712388,4,4,49699,49845,279,140,0,0,0,0,0,0,99416,0,0,0,0,0,0,0,0,0,0,580,0,0,0,0,0,0
203,498,204.10950552463166,99996,18,10,1,1,399,217,0.006160246409856394,4,4,49695,49841,281,143,0,0,0,0,0,0,99410,0,0,0,0,0,0,0,0,0,0,586,0,0,0,0,0,0
204,498,205.17135091469913,99996,19,11,1,1,401,219,0.006200248009920397,5,3,49692,49840,282,144,0,0,0,0,0,0,99408,0,0,0,0,0,0,0,0,0,0,588,0,0,0,0,0,0
205,498,206.05386686373433,99996,17,11,1,1,401,219,0.006200248009920397,8,3,49689,49841,284,143,0,0,0,0,0,0,99406,0,0,0,0,0,0,0,0,0,0,590,0,0,0,0,0,0
206,498,207.0137257981605,99996,15,11,1,1,402,220,0.006220248809952398,10,3,49686,49840,287,144,0,0,0,0,0,0,99402,0,0,0,0,0,0,0,0,0,0,594,0,0,0,0,0,0
207,498,208.11731647259714,99996,17,12,1,1,405,222,0.006270250810032401,9,1,49685,49840,287,145,0,0,0,0,0,0,99400,0,0,0,0,0,0,0,0,0,0,596,0,0,0,0,0,0
208,498,209.09278002435005,99996,17,11,1,1,408,222,0.006300252010080404,8,2,49683,49839,290,146,0,0,0,0,0,0,99396,0,0,0,0,0,0,0,0,0,0,600,0,0,0,0,0,0
209,498,210.09749097056988,99996,15,11,1,1,410,223,0.006330253210128405,6,5,49684,49835,293,147,0,0,0,0,0,0,99391,0,0,0,0,0,0,0,0,0,0,605,0,0,0,0,0,0
210,498,211.17127153155863,99996,15,10,1,1,412,224,0.006360254410176407,5,5,49684,49834,294,149,0,0,0,0,0,0,99387,0,0,0,0,0,0,0,0,0,0,609,0,0,0,0,0,0
211,498,212.23835351903998,99996,14,9,1,1,412,225,0.006370254810192408,10,6,49680,49832,294,151,0,0,0,0,0,0,99384,0,0,0,0,0,0,0,0,0,0,612,0,0,0,0,0,0
212,498,213.05955682494024,99996,16,9,1,1,415,225,0.006400256010240409,7,7,49681,49832,294,150,0,0,0,0,0,0,99383,0,0,0,0,0,0,0,0,0,0,613,0,0,0,0,0,0
213,498,214.05083617378602,99996,13,7,1,1,416,227,0.006430257210288412,11,5,49676,49834,298,152,0,0,0,0,0,0,99375,0,0,0,0,0,0,0,0,0,0,621,0,0,0,0,0,0
214,498,215.09593623921444,99996,14,7,1,1,418,231,0.006490259610384416,11,3,49677,49833,296,155,0,0,0,0,0,0,99370,0,0,0,0,0,0,0,0,0,0,626,0,0,0,0,0,0
215,498,216.04032717576624,99996,16,6,1,1,421,232,0.006530261210448418,9,4,49677,49831,296,157,0,0,0,0,0,0,99367,0,0,0,0,0,0,0,0,0,0,629,0,0,0,0,0,0
216,498,217.18624386291768,99996,16,7,1,1,425,234,0.006590263610544422,10,3,49674,49830,298,158,0,0,0,0,0,0,99362,0,0,0,0,0,0,0,0,0,0,634,0,0,0,0,0,0
217,498,218.0545441346329,99996,18,7,1,1,429,234,0.006630265210608425,10,3,49671,49830,299,158,0,0,0,0,0,0,99360,0,0,0,0,0,0,0,0,0,0,636,0,0,0,0,0,0
218,498,219.31008765900356,99996,17,7,1,1,432,235,0.006670266810672427,7,4,49672,49829,302,158,0,0,0,0,0,0,99355,0,0,0,0,0,0,0,0,0,0,641,0,0,0,0,0,0
219,498,220.04660285538958,99996,16,8,1,1,432,238,0.0067002680107204286,8,1,49673,49829,301,160,0,0,0,0,0,0,99352,0,0,0,0,0,0,0,0,0,0,644,0,0,0,0,0,0
220,498,221.18878900496784,99996,19,5,1,1,437,238,0.006750270010800432,5,1,49672,49829,302,163,0,0,0,0,0,0,99347,0,0,0,0,0,0,0,0,0,0,649,0,0,0,0,0,0
221,498,222.18800072336225,99996,20,5,1,1,440,238,0.006780271210848434,5,1,49672,49831,301,161,0,0,0,0,0,0,99345,0,0,0,0,0,0,0,0,0,0,651,0,0,0,0,0,0
222,498,223.0434890252003,99996,15,5,1,1,441,239,0.006800272010880435,7,0,49670,49831,306,162,0,0,0,0,0,0,99338,0,0,0,0,0,0,0,0,0,0,658,0,0,0,0,0,0
223,498,224.0532843480684,99996,11,5,1,1,442,239,0.006810272410896436,9,2,49667,49829,311,162,0,0,0,0,0,0,99333,0,0,0,0,0,0,0,0,0,0,663,0,0,0,0,0,0
224,498,225.20399824138744,99996,8,5,1,1,443,239,0.006820272810912437,8,4,49667,49829,315,160,0,0,0,0,0,0,99329,0,0,0,0,0,0,0,0,0,0,667,0,0,0,0,0,0
225,498,226.04244270791077,99996,11,6,1,1,447,240,0.00687027481099244,5,3,49666,49831,316,158,0,0,0,0,0,0,99328,0,0,0,0,0,0,0,0,0,0,668,0,0,0,0,0,0
226,498,227.04037259337397,99996,12,7,1,1,449,242,0.006910276411056442,9,2,49661,49830,316,159,0,0,0,0,0,0,99326,0,0,0,0,0,0,0,0,0,0,670,0,0,0,0,0,0
227,498,228.17250458158568,99996,14,7,1,1,452,243,0.006950278011120445,7,1,49660,49830,317,160,0,0,0,0,0,0,99324,0,0,0,0,0,0,0,0,0,0,672,0,0,0,0,0,0
228,498,229.0333418094007,99996,13,5,1,1,452,243,0.006950278011120445,9,2,49658,49829,318,162,0,0,0,0,0,0,99321,0,0,0,0,0,0,0,0,0,0,675,0,0,0,0,0,0
229,498,230.04341994704546,99996,12,4,1,1,454,243,0.006970278811152446,9,4,49656,49827,321,163,0,0,0,0,0,0,99317,0,0,0,0,0,0,0,0,0,0,679,0,0,0,0,0,0
230,498,231.05066694473135,99996,12,3,1,1,457,244,0.007010280411216449,6,3,49656,49828,324,164,0,0,0,0,0,0,99312,0,0,0,0,0,0,0,0,0,0,684,0,0,0,0,0,0
231,498,232.11161171357026,99996,10,4,1,1,458,246,0.00704028161126445,8,2,49653,49827,327,165,0,0,0,0,0,0,99308,0,0,0,0,0,0,0,0,0,0,688,0,0,0,0,0,0
232,498,233.07627322406697,99996,11,5,1,1,461,247,0.007080283211328453,9,1,49649,49828,329,164,0,0,0,0,0,0,99306,0,0,0,0,0,0,0,0,0,0,690,0,0,0,0,0,0
233,498,234.1199305175711,99996,12,4,1,1,464,247,0.007110284411376455,8,3,49649,49826,329,165,0,0,0,0,0,0,99303,0,0,0,0,0,0,0,0,0,0,693,0,0,0,0,0,0
234,498,235.14885345106853,99996,12,4,1,1,466,248,0.007140285611424457,6,4,49649,49825,331,165,0,0,0,0,0,0,99300,0,0,0,0,0,0,0,0,0,0,696,0,0,0,0,0,0
235,498,236.13600960224758,99996,12,2,1,1,466,248,0.007140285611424457,8,4,49649,49826,329,166,0,0,0,0,0,0,99298,0,0,0,0,0,0,0,0,0,0,698,0,0,0,0,0,0
236,498,237.01169446549216,99996,11,2,1,1,466,248,0.007140285611424457,9,5,49648,49826,330,165,0,0,0,0,0,0,99297,0,0,0,0,0,0,0,0,0,0,699,0,0,0,0,0,0
237,498,238.32565196089436,99996,12,4,1,1,467,251,0.007180287211488459,10,3,49647,49825,329,166,0,0,0,0,0,0,99296,0,0,0,0,0,0,0,0,0,0,700,0,0,0,0,0,0
238,498,239.07705245923722,99996,14,3,1,1,471,251,0.0072202888115524624,6,3,49647,49825,331,167,0,0,0,0,0,0,99293,0,0,0,0,0,0,0,0,0,0,703,0,0,0,0,0,0
239,498,240.13124558276505,99996,16,3,1,1,475,252,0.007270290811632466,4,3,49646,49825,332,167,0,0,0,0,0,0,99290,0,0,0,0,0,0,0,0,0,0,706,0,0,0,0,0,0
240,498,241.00983280409514,99996,14,2,1,1,476,252,0.007280291211648466,6,3,49643,49825,335,168,0,0,0,0,0,0,99286,0,0,0,0,0,0,0,0,0,0,710,0,0,0,0,0,0
241,498,242.1173458353041,99996,14,1,1,1,477,253,0.007300292011680467,6,2,49642,49825,336,170,0,0,0,0,0,0,99283,0,0,0,0,0,0,0,0,0,0,713,0,0,0,0,0,0
242,498,243.0418137835468,99996,12,3,1,1,478,255,0.007330293211728469,7,0,49641,49826,338,169,0,0,0,0,0,0,99280,0,0,0,0,0,0,0,0,0,0,716,0,0,0,0,0,0
243,498,244.18219654084731,99996,9,2,1,1,478,255,0.007330293211728469,7,0,49643,49827,339,169,0,0,0,0,0,0,99276,0,0,0,0,0,0,0,0,0,0,720,0,0,0,0,0,0
244,498,245.2328717347486,99995,9,3,2,1,480,256,0.00736036801840092,6,1,49642,49825,340,169,0,0,0,0,0,0,99274,0,0,0,0,0,0,0,0,0,0,721,0,0,0,0,0,0
245,498,246.10916392786658,99995,7,3,2,1,480,256,0.00736036801840092,6,1,49642,49827,342,167,0,0,0,0,0,0,99272,0,0,0,0,0,0,0,0,0,0,723,0,0,0,0,0,0
246,498,247.132787029069,99995,8,3,2,1,481,256,0.0073703685184259215,5,2,49644,49826,340,167,0,0,0,0,0,0,99272,0,0,0,0,0,0,0,0,0,0,723,0,0,0,0,0,0
247,498,248.05213924393877,99995,9,4,2,1,483,257,0.007400370018500925,3,2,49644,49826,341,166,0,0,0,0,0,0,99271,0,0,0,0,0,0,0,0,0,0,724,0,0,0,0,0,0
248,498,249.18765862579124,99995,10,4,2,1,485,257,0.0074203710185509275,2,5,49645,49824,340,165,0,0,0,0,0,0,99270,0,0,0,0,0,0,0,0,0,0,725,0,0,0,0,0,0
249,498,250.17198907554862,99995,9,6,2,1,485,259,0.0074403720186009305,4,4,49644,49823,340,165,0,0,0,0,0,0,99269,0,0,0,0,0,0,0,0,0,0,726,0,0,0,0,0,0
250,498,251.1219491627349,99995,9,7,2,1,486,261,0.007470373518675934,4,3,49643,49822,341,166,0,0,0,0,0,0,99267,0,0,0,0,0,0,0,0,0,0,728,0,0,0,0,0,0
251,498,252.18188113992127,99995,9,6,2,1,487,261,0.0074803740187009355,3,4,49644,49821,341,167,0,0,0,0,0,0,99265,0,0,0,0,0,0,0,0,0,0,730,0,0,0,0,0,0
252,498,253.09613336973175,99995,9,5,2,1,487,262,0.0074903745187259365,4,3,49646,49821,338,169,0,0,0,0,0,0,99263,0,0,0,0,0,0,0,0,0,0,732,0,0,0,0,0,0
253,498,254.31136844835422,99995,8,5,2,1,489,262,0.0075103755187759386,5,3,49644,49821,340,169,0,0,0,0,0,0,99260,0,0,0,0,0,0,0,0,0,0,735,0,0,0,0,0,0
254,498,255.26021630336487,99995,10,5,2,1,491,262,0.0075303765188259415,4,3,49645,49821,338,169,0,0,0,0,0,0,99260,0,0,0,0,0,0,0,0,0,0,735,0,0,0,0,0,0
255,498,256.10568056096116,99995,10,6,2,1,493,263,0.0075603780189009455,2,2,49646,49822,339,168,0,0,0,0,0,0,99258,0,0,0,0,0,0,0,0,0,0,737,0,0,0,0,0,0
256,498,257.2919353542388,99995,9,7,2,1,494,264,0.0075803790189509475,4,1,49645,49822,339,168,0,0,0,0,0,0,99256,0,0,0,0,0,0,0,0,0,0,739,0,0,0,0,0,0
257,498,258.30037415649997,99995,7,6,2,1,495,264,0.0075903795189759486,3,2,49645,49823,342,167,0,0,0,0,0,0,99252,0,0,0,0,0,0,0,0,0,0,743,0,0,0,0,0,0
258,498,259.1232664524765,99995,7,5,2,1,495,265,0.0076003800190009504,4,1,49646,49825,340,167,0,0,0,0,0,0,99250,0,0,0,0,0,0,0,0,0,0,745,0,0,0,0,0,0
259,498,260.0310905897146,99995,6,5,2,1,497,265,0.0076203810190509525,3,3,49645,49823,343,167,0,0,0,0,0,0,99247,0,0,0,0,0,0,0,0,0,0,748,0,0,0,0,0,0
260,498,261.2351601068424,99995,5,5,2,1,497,266,0.0076303815190759535,4,4,49644,49822,344,167,0,0,0,0,0,0,99245,0,0,0,0,0,0,0,0,0,0,750,0,0,0,0,0,0
261,498,262.12121659595715,99995,4,4,2,1,497,266,0.0076303815190759535,5,4,49645,49823,343,167,0,0,0,0,0,0,99243,0,0,0,0,0,0,0,0,0,0,752,0,0,0,0,0,0
262,498,263.06454927881987,99995,3,3,2,1,498,267,0.0076503825191259565,4,4,49646,49824,344,167,0,0,0,0,0,0,99239,0,0,0,0,0,0,0,0,0,0,756,0,0,0,0,0,0
263,498,264.14135200748615,99995,5,4,2,1,500,268,0.0076803840192009604,4,4,49646,49825,342,165,0,0,0,0,0,0,99239,0,0,0,0,0,0,0,0,0,0,756,0,0,0,0,0,0
264,498,265.09105507182807,99995,7,6,2,1,502,270,0.007720386019300965,2,3,49647,49824,341,165,0,0,0,0,0,0,99239,0,0,0,0,0,0,0,0,0,0,756,0,0,0,0,0,0
265,498,266.1324330429297,99995,5,7,2,1,502,271,0.0077303865193259665,2,3,49647,49824,343,164,0,0,0,0,0,0,99237,0,0,0,0,0,0,0,0,0,0,758,0,0,0,0,0,0
266,498,267.21448353440417,99995,5,8,2,1,502,273,0.0077503875193759685,2,3,49648,49823,342,164,0,0,0,0,0,0,99236,0,0,0,0,0,0,0,0,0,0,759,0,0,0,0,0,0
267,498,268.17213308559485,99995,6,6,2,1,503,274,0.0077703885194259715,1,3,49650,49824,340,165,0,0,0,0,0,0,99233,0,0,0,0,0,0,0,0,0,0,762,0,0,0,0,0,0
268,498,269.3046855141928,99995,5,5,2,1,504,275,0.0077903895194759735,2,2,49648,49824,342,167,0,0,0,0,0,0,99229,0,0,0,0,0,0,0,0,0,0,766,0,0,0,0,0,0
269,498,270.1125503384568,99995,4,4,2,1,504,275,0.0077903895194759735,4,2,49646,49824,343,168,0,0,0,0,0,0,99227,0,0,0,0,0,0,0,0,0,0,768,0,0,0,0,0,0
270,498,271.1361359618894,99995,4,4,2,1,504,275,0.0077903895194759735,7,2,49643,49824,343,168,0,0,0,0,0,0,99227,0,0,0,0,0,0,0,0,0,0,768,0,0,0,0,0,0
271,498,272.205490770638,99995,5,4,2,1,505,275,0.007800390019500975,7,3,49643,49825,342,166,0,0,0,0,0,0,99227,0,0,0,0,0,0,0,0,0,0,768,0,0,0,0,0,0
272,498,273.06810687164676,99995,5,3,2,1,505,275,0.007800390019500975,7,3,49643,49825,342,167,0,0,0,0,0,0,99226,0,0,0,0,0,0,0,0,0,0,769,0,0,0,0,0,0
273,498,274.075188905865,99995,9,3,2,1,509,275,0.00784039201960098,3,3,49643,49826,342,166,0,0,0,0,0,0,99226,0,0,0,0,0,0,0,0,0,0,769,0,0,0,0,0,0
274,498,275.05624025452533,99995,11,5,2,1,512,277,0.007890394519725986,5,1,49640,49827,341,165,0,0,0,0,0,0,99225,0,0,0,0,0,0,0,0,0,0,770,0,0,0,0,0,0
275,498,276.1337045286946,99995,8,4,2,1,513,277,0.007900395019750988,4,1,49640,49829,345,164,0,0,0,0,0,0,99220,0,0,0,0,0,0,0,0,0,0,775,0,0,0,0,0,0
276,498,277.08496492260673,99995,7,4,2,1,514,278,0.00792039601980099,5,0,49638,49829,347,165,0,0,0,0,0,0,99217,0,0,0,0,0,0,0,0,0,0,778,0,0,0,0,0,0
277,498,278.10866868020565,99995,7,4,2,1,514,278,0.00792039601980099,5,1,49639,49828,346,165,0,0,0,0,0,0,99217,0,0,0,0,0,0,0,0,0,0,778,0,0,0,0,0,0
278,498,279.2488745492293,99995,7,4,2,1,517,279,0.007960398019900995,3,0,49639,49830,348,164,0,0,0,0,0,0,99213,0,0,0,0,0,0,0,0,0,0,782,0,0,0,0,0,0
279,498,280.13149692147687,99995,7,4,2,1,517,279,0.007960398019900995,3,0,49639,49830,348,164,0,0,0,0,0,0,99213,0,0,0,0,0,0,0,0,0,0,782,0,0,0,0,0,0
280,498,281.0234004573629,99995,7,4,2,1,518,279,0.007970398519925996,5,2,49638,49828,347,164,0,0,0,0,0,0,99212,0,0,0,0,0,0,0,0,0,0,783,0,0,0,0,0,0
281,498,282.23585289708745,99995,8,5,2,1,519,280,0.007990399519975998,8,1,49635,49830,346,162,0,0,0,0,0,0,99212,0,0,0,0,0,0,0,0,0,0,783,0,0,0,0,0,0
282,498,283.2357892173517,99995,10,6,2,1,522,281,0.008030401520076004,5,0,49636,49830,346,162,0,0,0,0,0,0,99211,0,0,0,0,0,0,0,0,0,0,784,0,0,0,0,0,0
283,498,284.19578606842936,99995,12,5,2,1,525,281,0.008060403020151008,5,1,49633,49829,347,163,0,0,0,0,0,0,99209,0,0,0,0,0,0,0,0,0,0,786,0,0,0,0,0,0
284,498,285.17083884775354,99995,10,6,2,1,526,282,0.00808040402020101,5,3,49634,49827,348,162,0,0,0,0,0,0,99206,0,0,0,0,0,0,0,0,0,0,789,0,0,0,0,0,0
285,498,286.02282277688437,99995,9,4,2,1,527,282,0.00809040452022601,6,4,49633,49826,349,164,0,0,0,0,0,0,99202,0,0,0,0,0,0,0,0,0,0,793,0,0,0,0,0,0
286,498,287.24723012899403,99995,11,3,2,1,530,283,0.008130406520326016,5,3,49632,49826,349,166,0,0,0,0,0,0,99199,0,0,0,0,0,0,0,0,0,0,796,0,0,0,0,0,0
287,498,288.28849151456996,99995,9,5,2,1,530,285,0.008150407520376018,9,1,49629,49826,350,166,0,0,0,0,0,0,99197,0,0,0,0,0,0,0,0,0,0,798,0,0,0,0,0,0
288,498,289.24946387131683,99995,11,4,2,1,533,285,0.008180409020451022,8,1,49629,49826,349,167,0,0,0,0,0,0,99195,0,0,0,0,0,0,0,0,0,0,800,0,0,0,0,0,0
289,498,290.1380752993054,99995,14,3,2,1,536,285,0.008210410520526026,6,2,49628,49826,349,167,0,0,0,0,0,0,99194,0,0,0,0,0,0,0,0,0,0,801,0,0,0,0,0,0
290,498,291.15754223075015,99995,14,4,2,1,539,286,0.00825041252062603,3,3,49631,49825,349,166,0,0,0,0,0,0,99191,0,0,0,0,0,0,0,0,0,0,804,0,0,0,0,0,0
291,498,292.02578204606266,99995,15,6,2,1,541,288,0.008290414520726036,2,1,49632,49825,348,166,0,0,0,0,0,0,99190,0,0,0,0,0,0,0,0,0,0,805,0,0,0,0,0,0
292,498,293.24059443439046,99995,14,5,2,1,542,288,0.008300415020751038,3,1,49631,49826,349,166,0,0,0,0,0,0,99188,0,0,1,0,0,0,0,0,0,0,806,0,0,0,0,0,0
293,498,294.17492224271973,99995,16,4,2,1,544,288,0.00832041602080104,2,1,49633,49826,346,167,0,0,0,0,0,0,99187,0,0,1,0,0,0,0,0,0,0,807,0,0,0,0,0,0
294,498,295.12826437805575,99995,13,3,2,1,545,288,0.00833041652082604,4,1,49630,49826,350,168,0,0,0,0,0,0,99182,0,0,1,0,0,0,0,0,0,0,812,0,0,0,0,0,0
295,498,296.3209313601098,99995,12,3,2,1,546,288,0.008340417020851042,6,1,49627,49827,352,167,0,0,0,0,0,0,99180,0,0,1,0,0,0,0,0,0,0,814,0,0,0,0,0,0
296,498,297.1211891568064,99995,14,3,2,1,548,289,0.008370418520926046,5,0,49628,49829,350,166,0,0,0,0,0,0,99179,0,0,1,0,0,0,0,0,0,0,815,0,0,0,0,0,0
297,498,298.05649940592673,99995,11,3,2,1,548,289,0.008370418520926046,7,0,49626,49831,353,164,0,0,0,0,0,0,99176,0,0,1,0,0,0,0,0,0,0,818,0,0,0,0,0,0
298,498,299.20977499433866,99995,10,2,2,1,551,289,0.00840042002100105,6,3,49625,49829,356,164,0,0,0,0,0,0,99171,0,0,1,0,0,0,0,0,0,0,823,0,0,0,0,0,0
299,498,300.04265785621124,99995,13,1,2,1,554,289,0.008430421521076054,5,4,49623,49828,356,165,0,0,0,0,0,0,99170,0,0,1,0,0,0,0,0,0,0,824,0,0,0,0,0,0
300,498,301.08883735379356,99995,12,2,2,1,555,290,0.008450422521126056,6,3,49623,49828,356,165,0,0,0,0,0,0,99168,0,0,1,0,0,0,0,0,0,0,826,0,0,0,0,0,0
301,498,302.3199109330439,99995,10,2,2,1,556,290,0.008460423021151058,7,3,49621,49828,359,165,0,0,0,0,0,0,99165,0,0,1,0,0,0,0,0,0,0,829,0,0,0,0,0,0
302,498,303.3306398092534,99995,10,2,2,1,557,291,0.00848042402120106,8,3,49619,49827,360,166,0,0,0,0,0,0,99163,0,0,1,0,0,0,0,0,0,0,831,0,0,0,0,0,0
303,498,304.0133317951371,99995,9,2,2,1,557,291,0.00848042402120106,10,3,49617,49827,361,166,0,0,0,0,0,0,99162,0,0,1,0,0,0,0,0,0,0,832,0,0,0,0,0,0
304,498,305.27146029821944,99995,10,2,2,1,560,291,0.008510425521276064,7,4,49619,49828,361,164,0,0,0,0,0,0,99160,0,0,1,0,0,0,0,0,0,0,834,0,0,0,0,0,0
305,498,306.0711992876943,99995,10,3,2,1,561,292,0.008530426521326066,6,4,49619,49831,362,160,0,0,0,0,0,0,99159,0,0,1,0,0,0,0,0,0,0,835,0,0,0,0,0,0
306,498,307.0335202586677,99995,10,4,2,1,563,293,0.00856042802140107,8,3,49615,49831,364,160,0,0,0,0,0,0,99157,0,0,1,0,0,0,0,0,0,0,837,0,0,0,0,0,0
307,498,308.16902076657016,99995,10,5,2,1,564,294,0.008580429021451072,7,2,49615,49832,365,159,0,0,0,0,0,0,99156,0,0,1,0,0,0,0,0,0,0,838,0,0,0,0,0,0
308,498,309.0029325028319,99995,11,3,2,1,566,294,0.008600430021501074,6,3,49614,49831,366,161,0,0,0,0,0,0,99153,0,0,1,0,0,0,0,0,0,0,841,0,0,0,0,0,0
309,498,310.1105438110597,99995,10,2,2,1,568,294,0.008620431021551078,5,3,49614,49831,368,162,0,0,0,0,0,0,99149,0,0,1,0,0,0,0,0,0,0,845,0,0,0,0,0,0
310,498,311.25535801429805,99995,9,3,2,1,570,295,0.00865043252162608,7,2,49614,49831,367,162,0,0,0,0,0,0,99146,0,0,1,0,0,0,0,0,0,0,848,0,0,0,0,0,0
311,498,312.08980126186987,99995,10,3,2,1,572,296,0.008680434021701084,6,2,49618,49830,363,163,0,0,0,0,0,0,99144,0,0,1,0,0,0,0,0,0,0,850,0,0,0,0,0,0
312,498,313.25532699808326,99995,10,2,2,1,573,296,0.008690434521726086,7,2,49618,49830,362,164,0,0,0,0,0,0,99142,0,0,1,0,0,0,0,0,0,0,852,0,0,0,0,0,0
313,498,314.1960313194125,99995,13,2,2,1,576,296,0.00872043602180109,10,2,49614,49830,360,164,0,0,0,0,0,0,99142,0,0,1,0,0,0,0,0,0,0,852,0,0,0,0,0,0
314,498,315.2066205895813,99995,13,2,2,1,579,296,0.008750437521876094,7,3,49614,49830,363,163,0,0,0,0,0,0,99139,0,0,1,0,0,0,0,0,0,0,855,0,0,0,0,0,0
315,498,316.1579677279204,99995,13,2,2,1,580,296,0.008760438021901094,6,4,49614,49830,364,162,0,0,0,0,0,0,99138,0,0,1,0,0,0,0,0,0,0,856,0,0,0,0,0,0
316,498,317.0849164702016,99995,12,3,2,1,580,297,0.008770438521926096,7,3,49615,49830,363,162,0,0,0,0,0,0,99137,0,0,1,0,0,0,0,0,0,0,857,0,0,0,0,0,0
317,498,318.28491621306347,99995,10,3,2,1,580,297,0.008770438521926096,10,5,49615,49829,362,161,0,0,0,0,0,0,99135,0,0,1,0,0,0,0,0,0,0,859,0,0,0,0,0,0
318,498,319.20003191014916,99995,11,3,2,1,581,297,0.008780439021951098,10,7,49616,49827,360,161,0,0,0,0,0,0,99135,0,0,1,0,0,0,0,0,0,0,859,0,0,0,0,0,0
319,498,320.25856296567565,99995,10,4,2,1,582,299,0.008810440522026102,10,7,49614,49824,362,162,1,1,1,1,0,0,99130,0,0,1,0,0,0,0,0,0,2,862,0,0,0,0,0,0
320,498,321.22498505877195,99995,16,5,2,1,588,301,0.008890444522226112,6,5,49613,49824,360,162,2,2,2,2,0,0,99128,0,0,1,0,0,0,0,0,0,3,862,1,0,0,0,0,0
321,498,322.17852686059933,99995,15,5,2,1,589,302,0.008910445522276114,8,4,49611,49823,360,163,3,3,3,3,0,0,99123,0,0,1,0,0,0,0,0,0,5,865,1,0,0,0,0,0
322,498,323.0131525306144,99995,14,7,2,1,590,304,0.008940447022351118,12,2,49606,49823,361,162,4,4,4,4,0,0,99119,0,0,1,0,0,0,0,0,0,7,867,1,0,0,0,0,0
323,498,324.0621906630179,99995,16,6,2,1,592,304,0.00896044802240112,12,3,49604,49821,360,163,5,5,5,5,0,0,99116,0,0,1,0,0,0,0,0,0,9,868,1,0,0,0,0,0
324,498,325.0462642265192,99995,19,5,2,1,595,305,0.009000450022501124,10,2,49602,49820,360,165,6,6,6,6,0,0,99112,0,0,1,0,0,0,0,0,0,11,870,1,0,0,0,0,0
325,498,326.0447563543993,99995,16,5,2,1,597,305,0.009020451022551128,11,3,49600,49818,363,164,7,8,8,7,0,0,99104,0,0,1,0,0,0,0,0,0,14,875,1,0,0,0,0,0
326,498,327.0000915417091,99995,16,4,2,1,598,306,0.00904045202260113,13,3,49596,49815,364,166,8,10,10,8,0,0,99098,0,0,1,0,0,0,0,0,0,17,878,1,0,0,0,0,0
327,498,328.01659766682195,99995,18,4,2,1,600,306,0.009060453022651132,14,3,49592,49813,364,166,9,12,12,9,0,0,99095,0,0,1,0,0,0,0,0,0,20,878,1,0,0,0,0,0
328,498,329.00212774364854,99995,15,7,2,1,601,309,0.009100455022751138,16,2,49590,49809,366,165,10,15,15,10,0,0,99087,0,0,1,0,0,0,0,0,0,24,882,1,0,0,0,0,0
329,498,330.01019572996876,99995,18,6,2,1,607,309,0.009160458022901144,12,2,49588,49806,368,166,11,18,18,11,0,0,99079,0,0,1,0,0,0,0,0,0,28,886,1,0,0,0,0,0
330,498,331.0024720659399,99995,19,5,2,1,610,309,0.009190459522976148,13,3,49584,49801,369,167,12,22,22,12,0,0,99071,0,0,1,0,0,0,0,0,0,33,889,1,0,0,0,0,0
331,498,332.02813087672473,99995,18,4,2,1,612,310,0.009220461023051152,12,2,49582,49796,372,169,13,27,27,13,0,0,99060,0,0,1,0,0,0,0,0,0,39,894,1,0,0,0,0,0
332,498,333.0124768049484,99995,17,5,2,1,613,311,0.009240462023101154,13,1,49580,49791,373,169,14,32,32,14,0,0,99052,0,0,1,0,0,0,0,0,0,45,896,1,0,0,0,0,0
333,498,334.04114986190683,99995,18,6,2,1,617,312,0.009290464523226162,11,1,49579,49784,374,169,15,38,38,15,0,0,99042,0,0,1,0,0,0,0,0,0,52,899,1,0,0,0,0,0
334,498,335.0366011945365,99995,20,6,2,1,621,312,0.009330466523326166,10,3,49576,49775,375,169,16,45,45,16,0,0,99032,0,0,1,0,0,0,0,0,0,60,901,1,0,0,0,0,0
335,498,336.01797990469214,99995,22,6,2,1,625,312,0.009370468523426172,7,5,49576,49765,375,169,17,53,53,17,0,0,99021,0,0,1,0,0,0,0,0,0,69,903,1,0,0,0,0,0
336,498,337.0167783184245,99995,24,6,2,1,627,312,0.009390469523476174,12,6,49569,49756,374,168,18,62,62,18,0,0,99011,0,0,1,0,0,0,0,0,0,79,903,1,0,0,0,0,0
337,498,338.05612490428996,99995,22,5,2,1,630,313,0.009430471523576178,11,6,49567,49746,378,169,19,72,72,19,0,0,98993,0,0,1,0,0,0,0,0,0,90,910,1,0,0,0,0,0
338,498,339.0533172007117,99995,21,6,2,1,633,315,0.009480474023701184,11,6,49563,49733,382,170,20,83,83,20,0,0,98976,0,0,1,0,0,0,0,0,0,102,915,1,0,0,0,0,0
339,498,340.11310080892207,99995,24,6,2,1,641,319,0.0096004800240012,11,3,49555,49720,386,174,21,95,95,21,0,0,98954,0,0,1,0,0,0,0,0,0,115,924,1,0,0,0,0,0
340,498,341.00372652806766,99995,22,6,2,1,643,319,0.009620481024051202,13,5,49552,49705,389,174,21,108,108,22,0,0,98936,0,0,1,0,0,0,0,0,0,129,928,1,0,0,0,0,0
341,498,342.000686434318,99995,19,5,2,1,644,319,0.009630481524076204,15,6,49547,49691,393,174,23,122,122,24,0,0,98915,0,0,1,0,0,0,0,0,0,145,933,1,0,0,0,0,0
342,498,343.20290593508963,99995,19,7,2,1,646,322,0.00968048402420121,16,6,49542,49675,395,174,25,136,137,26,0,0,98896,0,0,1,0,0,0,0,0,0,161,935,2,0,0,0,0,0
343,498,344.1175553867686,99995,17,8,2,1,650,324,0.009740487024351218,13,5,49541,49658,399,175,27,152,154,28,0,0,98870,0,0,1,0,0,0,0,0,0,180,942,2,0,0,0,0,0
344,498,345.2065154196092,99995,24,8,2,1,658,324,0.009820491024551228,14,8,49533,49638,397,174,29,170,172,30,0,0,98849,0,0,1,0,0,0,0,0,0,200,943,2,0,0,0,0,0
345,498,346.07878630967315,99995,25,6,2,1,661,325,0.009860493024651232,16,9,49527,49617,398,177,31,189,192,32,0,0,98822,0,0,1,0,0,0,0,0,0,222,948,2,0,0,0,0,0
346,498,347.0541126082031,99995,22,6,2,1,665,327,0.00992049602480124,17,8,49521,49598,404,177,33,209,213,34,0,0,98791,0,0,1,0,0,0,0,0,0,244,956,3,0,0,0,0,0
347,498,348.0049273433194,99995,23,6,2,1,670,330,0.01000050002500125,15,7,49517,49574,406,179,36,232,236,37,0,0,98758,0,0,1,0,0,0,0,0,0,270,963,3,0,0,0,0,0
348,498,349.2651477074339,99995,26,7,2,1,676,332,0.01008050402520126,12,6,49513,49550,408,179,38,256,260,40,0,0,98727,0,0,1,0,0,0,0,0,0,297,967,3,0,0,0,0,0
349,498,350.00902664384625,99995,27,9,2,1,680,334,0.010140507025351268,11,6,49509,49522,409,179,41,282,286,43,0,0,98695,0,0,1,0,0,0,0,0,0,326,970,3,0,0,0,0,0
350,498,351.00933812833966,99995,26,7,2,1,681,336,0.010170508525426272,13,6,49504,49493,410,183,44,309,314,46,0,0,98658,0,0,1,0,0,0,0,0,0,357,976,3,0,0,0,0,0
351,498,352.0932934428381,99995,25,8,2,1,685,339,0.01024051202560128,12,5,49498,49464,414,184,48,337,343,50,0,0,98618,0,0,1,0,0,0,0,0,0,390,983,3,0,0,0,0,0
352,498,353.0073380890241,99995,27,9,2,1,688,341,0.010290514525726286,13,3,49490,49435,415,185,52,366,374,54,0,0,98581,0,0,1,0,0,0,0,0,0,425,985,3,0,0,0,0,0
353,498,354.1093180677506,99995,27,9,2,1,691,342,0.010330516525826292,13,4,49484,49402,418,185,55,398,407,58,0,0,98540,0,0,1,0,0,0,0,0,0,462,989,3,0,0,0,0,0
354,498,355.04612158184375,99995,25,9,2,1,693,343,0.010360518025901296,17,5,49473,49366,422,186,60,432,442,63,0,0,98495,0,0,1,0,0,0,0,0,0,502,994,3,0,0,0,0,0
355,498,356.1749462159058,99995,21,8,2,1,695,343,0.010380519025951298,19,6,49467,49332,426,186,64,466,479,68,0,0,98446,0,0,1,0,0,0,0,0,0,544,1001,3,0,0,0,0,0
356,498,357.1721906126749,99995,20,6,2,1,697,343,0.0104005200260013,17,7,49463,49294,428,187,69,504,518,73,0,0,98398,0,0,2,0,0,0,0,0,0,588,1004,3,0,0,0,0,0
357,498,358.009472652503,99995,21,6,2,1,699,343,0.010420521026051302,20,9,49454,49257,427,186,75,540,559,79,0,0,98350,0,0,2,0,0,0,0,0,0,635,1005,3,0,0,0,0,0
358,498,359.12509949644533,99995,19,7,2,1,701,345,0.010460523026151308,18,8,49450,49216,429,187,81,580,602,85,0,0,98296,0,0,2,0,0,0,0,0,0,684,1010,3,0,0,0,0,0
359,498,360.05465193279036,99995,21,4,2,1,705,345,0.010500525026251312,18,8,49441,49173,431,190,86,623,647,91,0,0,98240,0,0,2,0,0,0,0,0,0,735,1015,3,0,0,0,0,0
360,498,361.0982457825718,99995,18,6,2,1,707,349,0.01056052802640132,16,5,49437,49130,434,192,92,665,695,98,0,0,98178,0,0,2,0,0,0,0,0,0,790,1022,3,0,0,0,0,0
361,498,362.0045746451558,99995,18,7,2,1,709,351,0.010600530026501326,16,4,49428,49081,436,192,99,714,745,105,0,0,98118,0,0,2,0,0,0,0,0,0,847,1025,3,0,0,0,0,0
362,498,363.0873210875714,99995,20,6,2,1,712,352,0.01064053202660133,14,4,49421,49029,436,194,106,765,797,113,0,0,98055,0,0,2,0,0,0,0,0,0,907,1028,3,0,0,0,0,0
363,498,364.0448543751925,99995,25,7,2,1,719,354,0.010730536526826342,13,3,49409,48979,436,193,114,816,852,121,0,0,97990,0,0,2,0,0,0,0,0,0,969,1030,4,0,0,0,0,0
364,498,365.11462987503705,99995,25,5,2,1,721,354,0.010750537526876344,16,6,49396,48922,437,194,123,871,909,130,0,0,97922,0,0,3,0,0,0,0,0,0,1034,1031,5,0,0,0,0,0
365,498,366.05028820021954,99995,23,6,2,1,723,355,0.010780539026951348,15,6,49387,48864,440,194,132,928,968,139,0,0,97850,0,0,3,0,0,0,0,0,0,1102,1035,5,0,0,0,0,0
366,498,367.0645490981131,99995,30,7,2,1,731,357,0.01088054402720136,11,8,49374,48804,440,192,142,987,1030,149,0,0,97777,0,0,3,0,0,0,0,0,0,1173,1036,6,0,0,0,0,0
367,498,368.0561991149317,99995,30,9,2,1,733,361,0.010940547027351368,13,6,49359,48741,442,194,153,1048,1094,160,0,0,97699,0,0,3,0,0,0,0,0,0,1247,1039,7,0,0,0,0,0
368,498,369.03311678783245,99995,33,11,2,1,738,363,0.011010550527526376,10,6,49348,48675,443,194,163,1112,1161,171,0,0,97619,0,0,3,0,0,0,0,0,0,1325,1041,7,0,0,0,0,0
369,498,370.2673263215733,99995,27,12,2,1,743,366,0.011090554527726386,9,4,49337,48613,451,193,173,1176,1231,183,0,0,97525,0,0,3,0,0,0,0,0,0,1406,1053,8,0,0,0,0,0
370,498,371.09237834851984,99995,24,10,2,1,743,367,0.011100555027751388,11,5,49325,48541,452,196,185,1246,1303,195,0,0,97436,0,0,3,0,0,0,0,0,0,1489,1058,9,0,0,0,0,0
371,498,372.2474045954271,99995,26,9,2,1,747,367,0.011140557027851392,9,6,49311,48467,454,197,197,1319,1378,208,0,0,97346,0,0,3,0,0,0,0,0,0,1576,1060,10,0,0,0,0,0
372,498,373.1748730348198,99995,21,10,2,1,748,368,0.011160558027901396,11,6,49296,48397,460,197,209,1388,1456,222,0,0,97248,0,0,3,0,0,0,0,0,0,1668,1066,10,0,0,0,0,0
373,498,374.0636672681845,99995,23,13,2,1,750,371,0.011210560528026402,12,4,49281,48320,459,196,222,1465,1536,236,0,0,97155,0,0,3,0,0,0,0,0,0,1761,1065,11,0,0,0,0,0
374,498,375.1813654001809,99995,24,15,2,1,754,373,0.01127056352817641,18,6,49257,48240,461,196,237,1541,1619,251,0,0,97055,0,0,3,0,0,0,0,0,0,1858,1067,12,0,0,0,0,0
375,498,376.0445523792236,99995,26,12,2,1,757,374,0.011310565528276414,18,5,49239,48157,462,200,252,1624,1705,267,0,0,96948,0,0,3,0,0,0,0,0,0,1960,1072,12,0,0,0,0,0
376,498,377.05921122589115,99995,30,9,2,1,764,375,0.011390569528476424,14,6,49223,48077,462,203,268,1703,1794,284,0,0,96835,0,0,3,0,0,0,0,0,0,2066,1079,12,0,0,0,0,0
377,498,378.00662758655795,99995,31,12,2,1,768,379,0.011470573528676434,18,3,49200,47988,463,203,285,1792,1885,302,0,0,96724,0,0,3,0,0,0,0,0,0,2173,1081,14,0,0,0,0,0
378,498,379.1220200087744,99995,32,12,2,1,771,381,0.01152057602880144,25,5,49176,47898,464,205,300,1878,1979,320,0,0,96608,0,0,3,0,0,0,0,0,0,2285,1085,14,0,0,0,0,0
379,498,380.14564858338935,99995,37,12,2,1,778,382,0.01160058002900145,23,6,49156,47814,464,205,317,1961,2076,339,0,0,96489,0,0,3,0,0,0,0,0,0,2401,1088,14,0,0,0,0,0
380,498,381.00832479968517,99995,36,13,2,1,780,385,0.011650582529126456,21,6,49137,47719,466,207,337,2053,2176,359,0,0,96364,0,0,3,0,0,0,0,0,0,2521,1093,14,0,0,0,0,0
381,498,382.0864903643052,99995,36,14,2,1,786,388,0.011740587029351468,19,5,49117,47623,470,207,355,2149,2279,380,0,0,96235,0,0,3,0,0,0,0,0,0,2642,1098,17,0,0,0,0,0
382,498,383.02588271278023,99995,42,12,2,1,794,389,0.01183059152957648,16,8,49095,47528,468,208,376,2242,2385,402,0,0,96103,0,0,3,0,0,0,0,0,0,2769,1102,18,0,0,0,0,0
383,498,384.02660725439904,99995,39,13,2,1,800,391,0.01191059552977649,14,10,49069,47425,476,209,399,2341,2494,425,0,0,95961,0,0,3,0,0,0,0,0,0,2901,1112,18,0,0,0,0,0
384,498,385.0117375525815,99995,36,11,2,1,804,392,0.011960598029901496,17,10,49041,47322,482,209,421,2446,2606,449,0,0,95816,0,0,3,0,0,0,0,0,0,3036,1121,19,0,0,0,0,0
385,498,386.25565258448523,99995,36,12,2,1,806,394,0.0120006000300015,18,12,49018,47214,482,208,443,2552,2721,474,0,0,95676,0,0,3,0,0,0,0,0,0,3173,1121,22,0,0,0,0,0
386,498,387.12258250815194,99995,34,13,2,1,809,396,0.012050602530126506,22,10,48986,47105,486,209,469,2661,2839,500,0,0,95526,0,0,3,0,0,0,0,0,0,3317,1127,22,0,0,0,0,0
387,498,388.263320755599,99995,32,16,2,1,813,399,0.012120606030301516,25,9,48955,46996,490,206,495,2771,2960,527,0,0,95376,0,0,4,0,0,0,0,0,0,3462,1128,25,0,0,0,0,0
388,498,389.3345853808871,99995,31,16,2,1,820,401,0.012210610530526526,26,9,48922,46880,497,207,521,2886,3084,555,0,0,95215,0,0,5,0,0,0,0,0,0,3614,1136,25,0,0,0,0,0
389,498,390.185323765529,99995,29,14,2,1,825,401,0.012260613030651532,25,12,48892,46758,503,208,548,3006,3211,584,0,0,95051,0,0,5,0,0,0,0,0,0,3769,1144,26,0,0,0,0,0
390,498,391.0244698429315,99995,30,18,2,1,829,406,0.012350617530876544,24,9,48863,46632,504,208,576,3131,3341,614,0,0,94887,0,0,5,0,0,0,0,0,0,3929,1148,26,0,0,0,0,0
391,498,392.3090827395926,99995,28,15,2,1,838,407,0.012450622531126556,26,13,48822,46513,514,211,607,3246,3474,645,0,0,94711,0,0,5,0,0,0,0,0,0,4090,1160,29,0,0,0,0,0
392,498,393.1826502183285,99995,32,18,2,1,846,411,0.012570628531426572,26,10,48784,46390,515,211,640,3369,3610,678,0,0,94537,0,0,5,0,0,0,0,0,0,4259,1165,29,0,0,0,0,0
393,498,394.20506280948007,99995,32,22,2,1,851,416,0.012670633531676584,26,9,48751,46260,517,211,671,3496,3749,712,0,0,94361,0,0,5,0,0,0,0,0,0,4429,1168,32,0,0,0,0,0
394,498,395.2204795841682,99994,35,22,3,1,857,418,0.012750765045902755,26,8,48716,46129,516,211,703,3628,3891,747,0,0,94181,0,0,5,0,0,0,0,0,0,4604,1170,34,0,0,0,0,0
395,498,396.2803876129416,99994,42,16,3,1,868,418,0.012860771646298778,18,13,48680,45997,519,214,737,3758,4036,783,0,0,93991,0,0,5,0,0,0,0,0,0,4784,1179,35,0,0,0,0,0
396,498,397.0808517157496,99994,41,16,3,1,874,420,0.012940776446586795,14,13,48644,45858,523,214,774,3897,4184,821,0,0,93799,0,0,5,0,0,0,0,0,0,4967,1185,38,0,0,0,0,0
397,498,398.09864927230285,99994,37,20,3,1,878,426,0.013040782446946817,15,7,48602,45717,530,215,812,4039,4335,860,0,0,93600,0,0,5,0,0,0,0,0,0,5156,1194,39,0,0,0,0,0
398,498,399.002123608562,99994,36,20,3,1,883,428,0.013110786647198832,14,9,48567,45577,531,216,848,4176,4489,900,0,0,93402,0,0,5,0,0,0,0,0,0,5346,1198,43,0,0,0,0,0
399,498,400.1171033372971,99994,35,16,3,1,885,429,0.013140788447306838,19,11,48522,45441,532,221,888,4309,4645,942,0,0,93198,0,0,5,0,0,0,0,0,0,5542,1204,45,0,0,0,0,0
400,498,401.0580553877738,99994,31,18,3,1,888,435,0.013230793847630857,20,10,48480,45289,537,224,928,4457,4804,985,0,0,92986,0,0,5,0,0,0,0,0,0,5743,1214,46,0,0,0,0,0
401,498,402.050582865223,99994,30,18,3,1,894,438,0.013320799247954877,16,9,48441,45142,538,224,971,4605,4966,1030,0,0,92776,0,0,5,0,0,0,0,0,0,5943,1217,53,0,0,0,0,0
402,498,403.0605223643886,99994,30,18,3,1,896,442,0.01338080284817089,21,8,48390,44990,540,225,1015,4757,5131,1076,0,0,92563,0,0,5,0,0,0,0,0,0,6150,1219,57,0,0,0,0,0
403,498,404.03693842525877,99993,39,17,4,1,907,443,0.01350094506615463,19,9,48338,44842,538,225,1061,4905,5299,1123,0,0,92346,0,0,5,0,0,0,0,0,0,6363,1220,59,0,0,0,0,0
404,498,405.0824970567471,99993,36,15,4,1,912,444,0.01356094926644865,18,10,48291,44684,542,228,1108,5061,5470,1172,0,0,92121,0,0,7,0,0,0,0,0,0,6579,1223,63,0,0,0,0,0
405,498,406.058378119694,99993,33,17,4,1,916,448,0.01364095486684068,20,8,48240,44525,548,227,1154,5221,5644,1222,0,0,91890,0,0,7,0,0,0,0,0,0,6801,1230,65,0,0,0,0,0
406,498,407.0204719058338,99992,37,14,4,2,924,448,0.013721097687815025,15,9,48189,44359,550,229,1204,5386,5820,1274,0,0,91655,0,0,7,0,0,0,0,0,0,7029,1236,65,0,0,0,0,0
407,498,408.17508483477445,99992,32,17,4,2,927,453,0.013801104088327066,18,8,48138,44199,554,231,1253,5542,5999,1328,0,0,91415,0,0,7,0,0,0,0,0,0,7259,1243,68,0,0,0,0,0
408,498,409.01334547851684,99992,29,16,4,2,930,454,0.013841107288583086,17,9,48086,44033,559,230,1304,5709,6181,1383,0,0,91172,0,0,7,0,0,0,0,0,0,7494,1249,70,0,0,0,0,0
409,498,410.0109534484522,99992,28,19,4,2,934,458,0.013921113689095127,16,8,48032,43866,562,230,1357,5874,6365,1440,0,0,90928,0,0,7,0,0,0,0,0,0,7732,1252,73,0,0,0,0,0
410,498,411.05682528387683,99992,26,19,4,2,937,459,0.013961116889351147,15,9,47975,43702,566,230,1413,6037,6552,1498,0,0,90679,0,0,7,0,0,0,0,0,0,7975,1256,75,0,0,0,0,0
411,498,412.2422932650902,99992,23,20,4,2,940,463,0.014031122489799184,14,9,47923,43543,570,230,1465,6195,6741,1558,0,0,90424,0,0,8,0,0,0,0,0,0,8222,1261,77,0,0,0,0,0
412,498,413.01552342335145,99992,25,22,4,2,943,466,0.014091127290183214,17,9,47861,43363,570,230,1522,6373,6933,1620,0,0,90172,0,0,8,0,0,0,0,0,0,8472,1259,81,0,0,0,0,0
413,498,414.0521560333955,99992,24,22,4,2,945,468,0.014131130490439235,17,7,47803,43187,571,229,1580,6552,7127,1683,0,0,89914,0,0,8,0,0,0,0,0,0,8725,1260,85,0,0,0,0,0
414,498,415.1250662530867,99992,26,20,4,2,951,469,0.014201136090887271,16,7,47741,43012,570,225,1642,6733,7324,1748,0,0,89651,0,0,8,0,0,0,0,0,0,8981,1261,91,0,0,0,0,0
415,498,416.0823719230421,99992,28,19,4,2,956,470,0.014261140891271302,14,6,47681,42827,571,227,1701,6918,7523,1815,0,0,89383,0,0,8,0,0,0,0,0,0,9244,1263,94,0,0,0,0,0
416,498,417.03622142062835,99992,31,18,4,2,962,472,0.014341147291783343,14,5,47617,42639,572,226,1761,7109,7725,1884,0,0,89113,0,0,8,0,0,0,0,0,0,9508,1262,101,0,0,0,0,0
417,498,418.0065362402479,99992,29,20,4,2,964,476,0.014401152092167373,13,4,47556,42464,571,225,1826,7284,7929,1954,0,0,88842,0,0,8,0,0,0,0,0,0,9773,1259,110,0,0,0,0,0
418,498,419.0769810425112,99992,29,16,4,2,968,476,0.014441155292423393,14,7,47491,42289,570,228,1891,7457,8135,2026,0,0,88557,0,0,8,0,0,0,0,0,0,10050,1266,111,0,0,0,0,0
419,498,420.1114307989207,99992,29,18,4,2,969,480,0.01449115929274342,44,30,47398,42093,565,229,1959,7627,8343,2100,0,0,88274,0,0,8,0,0,0,0,0,0,10330,1267,113,0,0,0,0,0
420,498,421.3165000109419,99992,35,22,4,2,980,485,0.014651172093767501,38,28,47328,41912,568,228,2026,7807,8554,2176,0,0,87985,6,0,8,0,0,0,0,0,0,10613,1263,117,0,0,0,0,0
421,498,422.1208314929053,99992,35,25,4,2,986,489,0.014751180094407552,37,25,47251,41719,570,229,2102,7999,8767,2254,0,0,87689,13,0,8,0,0,0,0,0,0,10902,1261,119,0,0,0,0,0
422,498,423.3296160470235,99992,35,29,4,2,996,498,0.01494119529562365,36,19,47175,41540,578,233,2171,8176,8982,2333,0,0,87384,28,0,8,0,0,0,0,0,0,11192,1257,123,0,0,0,0,0
423,498,424.1555168248993,99992,35,28,4,2,1001,501,0.01502120169613569,39,25,47095,41328,580,237,2246,8379,9199,2414,0,0,87078,37,0,8,0,0,0,0,0,0,11489,1256,124,0,0,0,0,0
424,498,425.3682367540576,99992,47,31,4,2,1016,508,0.015241219297543804,34,24,47022,41147,576,240,2316,8555,9418,2497,0,0,86774,42,2,8,0,0,0,0,0,0,11786,1253,127,0,0,0,0,0
425,498,426.1777096115012,99992,50,38,4,2,1026,518,0.015441235298823906,32,19,46941,40945,581,242,2391,8753,9639,2582,0,0,86459,51,3,8,0,0,0,0,0,0,12091,1253,127,0,0,0,0,0
426,498,427.2796422530038,99992,53,36,4,2,1033,524,0.015571245699655973,33,22,46862,40750,580,249,2467,8940,9861,2669,0,0,86142,63,3,8,0,0,0,0,0,0,12396,1249,131,0,0,0,0,0
427,498,428.09178812224866,99992,58,40,4,2,1047,530,0.015771261700936075,41,23,46765,40544,587,249,2544,9141,10085,2758,0,0,85822,74,3,8,0,0,0,0,0,0,12705,1245,135,0,0,0,0,0
428,498,429.31265351883553,99991,62,40,5,2,1060,538,0.015981438329449652,43,23,46670,40349,589,256,2630,9329,10311,2849,0,0,85494,89,4,8,0,0,0,0,0,0,13016,1240,140,0,0,0,0,0
429,498,430.1279178088818,99991,67,39,5,2,1069,540,0.01609144823034073,45,28,46573,40136,590,259,2719,9535,10539,2942,0,0,85166,96,4,8,0,0,0,0,0,0,13337,1240,140,0,0,0,0,0
430,498,431.35363060753883,99991,69,44,5,2,1080,549,0.016291466231960875,59,27,46474,39961,596,256,2796,9709,10768,3037,0,0,84836,107,6,8,0,0,0,0,0,0,13654,1235,145,0,0,0,0,0
431,498,432.1720824334652,99991,71,45,5,2,1093,554,0.016471482433419008,56,30,46380,39757,603,259,2884,9906,10999,3133,0,0,84499,121,7,8,0,0,0,0,0,0,13976,1231,149,0,0,0,0,0
432,498,433.4027111570326,99991,74,49,5,2,1109,565,0.016741506735606204,60,31,46273,39559,615,264,2972,10094,11231,3231,0,0,84152,141,7,8,0,0,0,0,0,0,14303,1228,152,0,0,0,0,0
433,498,434.2246061919431,99991,74,52,5,2,1120,572,0.016921522937064337,66,33,46167,39354,623,263,3064,10295,11464,3331,0,0,83812,155,8,8,0,0,0,0,0,0,14628,1221,159,0,0,0,0,0
434,498,435.0483586362873,99991,78,48,5,2,1132,579,0.017111540038603473,71,36,46058,39131,627,273,3160,10509,11699,3433,0,0,83463,172,10,8,0,0,0,0,0,0,14958,1216,164,0,0,0,0,0
435,498,436.28722263672836,99991,91,48,5,2,1161,586,0.017471572441519735,72,43,45947,38931,638,277,3246,10698,11935,3537,0,0,83109,190,13,9,0,0,0,0,0,0,15290,1211,169,0,0,0,0,0
436,498,437.1147045610839,99991,86,61,5,2,1167,602,0.0176915922433019,80,34,45845,38719,644,276,3339,10907,12172,3643,0,0,82760,204,13,9,0,0,0,0,0,0,15625,1203,177,0,0,0,0,0
437,498,438.3590966532675,99990,99,63,6,2,1195,615,0.018101810181018103,81,32,45724,38520,654,284,3435,11098,12410,3751,0,0,82395,225,17,9,0,0,0,0,0,0,15964,1200,180,0,0,0,0,0
438,498,439.1903903059955,99990,106,63,6,2,1215,620,0.01835183518351835,83,33,45601,38314,666,286,3537,11301,12650,3861,0,0,82032,242,17,10,0,0,0,0,0,0,16310,1195,184,0,0,0,0,0
439,498,440.0237870564783,99990,111,58,6,2,1231,630,0.01861186118611861,74,30,45502,38100,668,296,3638,11513,12891,3973,0,0,81668,264,21,10,0,0,0,0,0,0,16648,1184,195,0,0,0,0,0
440,498,441.277309826246,99989,124,57,6,3,1259,639,0.018982088029683264,87,35,45369,37899,677,301,3736,11704,13133,4087,0,0,81298,283,26,10,0,0,0,0,0,0,16993,1178,201,0,0,0,0,0
441,498,442.1147761918376,99989,121,58,6,3,1274,645,0.019192111132224545,90,38,45249,37685,689,306,3844,11909,13375,4203,0,0,80921,304,28,10,0,0,0,0,0,0,17347,1176,203,0,0,0,0,0
442,498,443.3748808274513,99989,135,65,6,3,1308,658,0.01966216283791217,87,38,45125,37488,705,307,3941,12098,13618,4321,0,0,80545,327,31,10,0,0,0,0,0,0,17697,1168,211,0,0,0,0,0
443,498,444.21677187866703,99989,131,64,6,3,1324,666,0.01990218924081649,89,42,45001,37274,723,312,4049,12304,13862,4441,0,0,80165,350,37,9,1,0,0,0,0,0,18048,1162,217,0,0,0,0,0
444,498,445.06095663683084,99989,139,64,6,3,1344,673,0.020172218944083848,86,42,44879,37061,733,317,4156,12512,14107,4563,0,0,79783,368,38,9,1,0,0,0,0,0,18411,1159,220,0,0,0,0,0
445,498,446.33117759093557,99989,137,63,6,3,1372,690,0.020622268449529448,91,44,44750,36843,759,331,4256,12715,14352,4687,0,0,79381,405,49,9,1,0,0,0,0,0,18765,1155,224,0,0,0,0,0
446,498,447.1799892026337,99989,142,61,6,3,1396,699,0.020952304753522888,92,45,44625,36619,774,341,4360,12930,14598,4813,0,0,78991,424,60,9,1,0,0,0,0,0,19125,1154,225,0,0,0,0,0
447,498,448.03121379264707,99988,128,64,7,3,1408,714,0.021222546705604674,107,42,44485,36401,797,348,4475,13141,14845,4941,0,0,78585,459,62,9,1,0,0,0,0,0,19493,1149,230,0,0,0,0,0
448,498,449.3125269016895,99987,146,70,8,3,1449,729,0.021782831768129857,100,45,44350,36226,815,348,4580,13307,15092,5070,0,0,78189,485,66,10,1,0,0,0,0,0,19858,1141,237,0,0,0,0,0
449,498,450.1687978366066,99987,148,75,8,3,1473,740,0.022132877274045625,104,42,44204,35996,833,354,4702,13529,15340,5201,0,0,77795,502,77,10,1,0,0,0,0,0,20224,1139,239,0,0,0,0,0
450,498,451.02771252032767,99986,152,72,9,3,1498,747,0.022453143440081612,105,41,44071,35773,844,363,4818,13747,15588,5334,0,0,77390,529,80,10,1,0,0,0,0,0,20598,1135,243,0,0,0,0,0
451,498,452.32076410711306,99986,155,74,9,3,1528,762,0.022903206448902848,101,39,43942,35584,867,372,4925,13927,15836,5469,0,0,76977,561,88,10,1,0,0,0,0,0,20971,1133,245,0,0,0,0,0
452,498,453.18488847637366,99986,157,76,9,3,1550,772,0.023223251255175725,97,40,43824,35370,878,377,5034,14133,16084,5606,0,0,76571,585,92,10,1,0,0,0,0,0,21349,1130,248,0,0,0,0,0
453,498,454.0514276377703,99986,171,78,9,3,1584,781,0.023653311463604904,88,39,43684,35163,895,379,5152,14337,16333,5745,0,0,76165,604,100,10,1,0,0,0,0,0,21728,1129,249,0,0,0,0,0
454,498,455.35572974199357,99986,164,83,9,3,1609,801,0.02410337447242614,101,32,43543,34966,921,387,5261,14528,16582,5885,0,0,75746,640,110,11,1,0,0,0,0,0,22101,1122,255,0,0,0,0,0
455,498,456.22767276935986,99986,162,82,9,3,1624,809,0.02433340667693477,108,30,43400,34770,931,394,5389,14720,16831,6027,0,0,75337,661,115,11,1,0,0,0,0,0,22484,1119,258,0,0,0,0,0
456,498,457.1024165159125,99986,165,85,9,3,1645,819,0.024643450083011623,111,35,43259,34562,944,394,5511,14920,17080,6171,0,0,74930,679,122,11,1,0,0,0,0,0,22866,1115,262,0,0,0,0,0
457,498,458.41939642790584,99986,168,86,9,3,1679,833,0.02512351729242094,110,41,43114,34377,966,404,5632,15088,17329,6317,0,0,74506,713,132,11,1,0,0,0,0,0,23246,1110,267,0,0,0,0,0
458,498,459.29976779836437,99986,170,85,9,3,1696,842,0.02538355369751765,124,40,42967,34165,977,413,5752,15293,17578,6464,0,0,74100,728,141,12,1,0,0,0,0,0,23628,1104,272,0,0,0,0,0
459,498,460.183081153218,99986,178,79,9,3,1722,848,0.02570359850379053,127,44,42816,33964,991,422,5878,15487,17826,6613,0,0,73687,750,148,12,2,0,0,0,0,0,24012,1098,277,0,0,0,0,0
460,498,461.06934803478265,99986,181,83,9,3,1751,861,0.026123657312023683,134,46,42659,33744,1008,427,6008,15696,18074,6764,0,0,73268,777,156,12,2,0,0,0,0,0,24396,1091,284,0,0,0,0,0
461,498,462.4042570821681,99986,203,85,9,3,1803,874,0.026773748324765468,128,48,42494,33561,1033,428,6132,15874,18322,6917,0,0,72845,805,169,12,2,0,0,0,0,0,24778,1085,290,0,0,0,0,0
462,498,463.29690211957404,99986,204,90,9,3,1821,886,0.027073790330646292,137,51,42349,33366,1037,430,6263,16059,18570,7071,0,0,72438,814,184,12,2,0,0,0,0,0,25161,1081,294,0,0,0,0,0
463,498,464.1926339250642,99986,212,87,9,3,1852,890,0.02742383933750725,142,56,42187,33173,1051,432,6398,16248,18817,7227,0,0,72017,838,189,13,2,0,0,0,0,0,25553,1074,300,0,0,0,0,0
464,498,465.09148917855356,99986,218,87,9,3,1888,899,0.027873902346328486,133,60,42039,32981,1073,438,6527,16430,19064,7384,0,0,71590,871,195,13,2,0,0,0,0,0,25941,1064,310,0,0,0,0,0
465,498,466.4454943228236,99986,217,85,9,3,1934,914,0.02848398775828616,137,66,41874,32804,1106,450,6656,16591,19311,7543,0,0,71140,922,208,13,2,0,0,0,0,0,26327,1057,317,0,0,0,0,0
466,498,467.3511156541495,99986,223,82,9,3,1961,928,0.028894045166323285,138,67,41711,32608,1121,458,6797,16781,19557,7703,0,0,70714,944,222,15,2,0,0,0,0,0,26717,1053,319,0,0,0,0,0
467,498,468.26013003931683,99986,226,84,9,3,1991,941,0.029324105374752465,142,70,41551,32411,1145,464,6926,16967,19802,7865,0,0,70283,977,227,15,2,0,0,0,0,0,27110,1044,328,0,0,0,0,0
468,498,469.1726064847247,99986,228,86,9,3,2025,952,0.0297741683835737,146,71,41377,32216,1169,466,7070,17157,20047,8028,0,0,69857,998,247,15,2,0,0,0,0,0,27495,1041,331,0,0,0,0,0
469,498,470.08882795494753,99986,231,88,9,3,2055,967,0.030224231392394937,148,75,41205,32011,1188,476,7218,17346,20291,8193,0,0,69424,1025,260,15,2,0,0,0,0,0,27888,1038,334,0,0,0,0,0
470,498,471.00885199626055,99986,241,94,9,3,2094,984,0.030784309803372472,150,78,41039,31809,1205,485,7355,17530,20535,8359,0,0,68992,1051,272,16,2,0,0,0,0,0,28281,1033,339,0,0,0,0,0
471,498,472.3951814347127,99986,242,102,9,3,2155,1014,0.03169443722121097,138,77,40882,31639,1248,500,7480,17678,20778,8526,0,0,68525,1112,293,16,2,0,0,0,0,0,28666,1029,343,0,0,0,0,0
472,498,473.32243110849885,99986,235,115,9,3,2185,1038,0.03223451283179645,142,66,40718,31444,1279,505,7616,17866,21020,8695,0,0,68086,1143,308,17,3,0,0,0,0,0,29059,1025,345,0,0,0,0,0
473,498,474.2532702965358,99986,239,107,9,3,2222,1048,0.03270457864100974,147,76,40552,31253,1306,516,7746,18044,21261,8865,0,0,67645,1178,322,19,3,0,0,0,0,0,29451,1018,350,0,0,0,0,0
474,498,475.1878601770159,99985,248,107,10,3,2255,1061,0.03316497474621193,158,86,40380,31049,1318,522,7885,18232,21502,9036,0,0,67221,1197,339,19,3,0,0,0,0,0,29838,1010,358,0,0,0,0,0
475,498,476.12625708174517,99985,260,109,10,3,2296,1074,0.03370505575836375,150,91,40209,30853,1339,528,8031,18415,21742,9209,0,0,66788,1224,351,18,5,0,0,0,0,0,30232,1004,363,0,0,0,0,0
476,498,477.06853738362764,99985,264,120,10,3,2335,1093,0.034285142771415714,151,106,40038,30639,1362,534,8174,18597,21981,9383,0,0,66353,1253,365,18,5,0,0,0,0,0,30624,997,370,0,0,0,0,0
477,498,478.0147707916563,99985,269,138,10,3,2368,1127,0.03495524328649297,163,93,39860,30456,1377,546,8320,18763,22219,9558,0,0,65922,1278,380,20,5,0,0,0,0,0,31013,988,379,0,0,0,0,0
478,498,479.44109802347083,99985,275,135,10,3,2424,1157,0.035815372305845875,171,97,39672,30277,1415,570,8456,18917,22456,9734,0,0,65458,1334,402,23,5,0,0,0,0,0,31397,980,386,0,0,0,0,0
479,498,480.395599990812,99985,274,138,10,3,2462,1181,0.03643546531979797,182,94,39487,30099,1441,586,8605,19079,22692,9911,0,0,65014,1370,424,23,6,0,0,0,0,0,31782,975,391,0,0,0,0,0
480,498,481.35444707386495,99985,264,147,10,3,2496,1208,0.03704555683352503,187,87,39307,29918,1477,599,8754,19245,22927,10089,0,0,64560,1413,441,24,6,0,0,0,0,0,32175,972,394,0,0,0,0,0
481,498,482.31764136662656,99983,261,147,12,3,2535,1229,0.03764639988798096,179,83,39143,29735,1499,614,8905,19417,23161,10268,0,0,64112,1451,463,25,6,0,0,0,0,0,32561,967,398,0,0,0,0,0
482,498,483.28506542388556,99983,266,148,12,3,2581,1248,0.03829651040676915,196,93,38942,29549,1525,625,9058,19581,23394,10448,0,0,63675,1485,483,28,6,0,0,0,0,0,32942,954,410,0,0,0,0,0
483,498,484.25723078157614,99983,281,152,12,3,2632,1276,0.039086644729604034,197,84,38758,29368,1554,646,9197,19746,23626,10629,0,0,63240,1511,514,29,7,0,0,0,0,0,33319,949,414,0,0,0,0,0
484,498,485.23385159458326,99983,298,150,12,3,2683,1294,0.03977676204954842,196,90,38573,29182,1574,662,9346,19912,23856,10811,0,0,62801,1545,531,31,7,0,0,0,0,0,33706,940,422,0,0,0,0,0
485,498,486.2150276837598,99983,314,145,12,3,2728,1306,0.040346858966024225,191,97,38394,29031,1594,671,9494,20052,24085,10994,0,0,62361,1574,548,30,8,0,0,0,0,0,34100,940,422,0,0,0,0,0
486,498,487.20063596639596,99983,325,149,12,3,2785,1329,0.04114699498914816,191,102,38216,28843,1631,684,9624,20218,24313,11177,0,0,61913,1615,571,29,10,0,0,0,0,0,34484,937,424,0,0,0,0,0
487,498,488.19063239616986,99983,335,156,12,3,2838,1356,0.041947131012272085,197,103,38022,28667,1661,698,9772,20372,24540,11361,0,0,61475,1644,601,32,10,0,0,0,0,0,34862,932,427,0,0,0,0,0
488,498,489.18548502495196,99983,346,159,12,3,2888,1382,0.04270726023423982,207,96,37836,28502,1686,713,9912,20526,24766,11546,0,0,61029,1687,618,32,11,0,0,0,0,0,35247,924,435,0,0,0,0,0
489,498,490.18503681006007,99983,365,169,12,3,2948,1409,0.0435774081593871,198,95,37654,28338,1718,723,10052,20671,24990,11732,0,0,60591,1720,643,32,11,0,0,0,0,0,35627,919,440,0,0,0,0,0
490,498,491.1892630873367,99982,361,177,13,3,3005,1440,0.04445800244043928,192,90,37464,28187,1765,738,10204,20804,25213,11918,0,0,60136,1770,671,35,11,0,0,0,0,0,36001,911,447,0,0,0,0,0
491,498,492.19850465915874,99982,363,172,13,3,3061,1471,0.04532815906863236,205,78,37271,28027,1801,770,10346,20949,25435,12105,0,0,59667,1832,698,36,11,0,0,0,0,0,36381,908,449,0,0,0,0,0
492,498,493.2129964037074,99982,366,166,13,3,3120,1492,0.04612830309455702,212,92,37072,27859,1844,788,10492,21091,25655,12292,0,0,59216,1881,730,36,12,0,0,0,0,0,36750,903,454,0,0,0,0,0
493,498,494.23286634005547,99982,357,179,13,3,3168,1522,0.04690844351983357,206,86,36888,27707,1890,797,10645,21227,25874,12480,0,0,58772,1921,761,38,12,0,0,0,0,0,37122,898,458,0,0,0,0,0
494,498,495.25784455682196,99982,357,173,13,3,3220,1544,0.047648576743813884,208,86,36718,27552,1922,814,10781,21371,26092,12668,0,0,58328,1968,794,37,13,0,0,0,0,0,37486,890,466,0,0,0,0,0
495,498,496.28779152026055,99982,364,183,13,3,3268,1570,0.0483887099677942,214,96,36529,27393,1951,817,10928,21507,26308,12857,0,0,57900,1998,821,37,13,0,0,0,0,0,37857,883,473,0,0,0,0,0
496,498,497.32266569286145,99982,373,181,13,3,3331,1594,0.04925886659598728,211,103,36351,27239,1982,835,11069,21638,26523,13046,0,0,57464,2033,861,40,14,0,0,0,0,0,38217,877,476,0,0,0,0,0
497,498,498.3627142288028,99981,386,184,14,3,3405,1617,0.05022954361328653,212,110,36167,27089,2025,850,11195,21763,26736,13235,0,0,57022,2076,896,40,15,0,0,0,0,0,38579,874,479,0,0,0,0,0
498,498,499.4076885917884,99981,397,176,14,3,3470,1644,0.05114971844650484,232,117,35952,26955,2063,879,11341,21869,26948,13425,0,0,56577,2124,935,42,15,0,0,0,0,0,38937,867,484,0,0,0,0,0
499,498,500.4583602821468,99979,411,171,16,3,3538,1670,0.052090939097210416,229,121,35771,26794,2098,906,11474,22004,27159,13615,0,0,56133,2167,975,42,15,0,0,0,0,0,39296,865,486,0,0,0,0,0
500,498,501.51440560900693,99979,387,175,16,3,3587,1705,0.0529311155342622,245,119,35577,26652,2155,929,11619,22121,27368,13805,0,0,55679,2225,1016,44,17,0,0,0,0,0,39650,860,488,0,0,0,0,0
501,498,502.0438581975638,99978,393,179,16,4,3625,1724,0.053501770389485684,233,114,35405,26477,2173,932,11779,22293,27576,13995,0,0,55266,2244,1041,44,18,0,0,0,0,0,40017,855,493,0,0,0,0,0
502,498,503.11110600931426,99978,381,183,16,4,3682,1747,0.054301946428214204,243,129,35209,26344,2227,938,11923,22401,27782,14186,0,0,54829,2287,1085,45,18,0,0,0,0,0,40367,851,496,0,0,0,0,0
503,498,504.1840683167644,99978,386,188,16,4,3745,1780,0.05526215767468843,244,135,35040,26193,2257,961,12056,22518,27987,14377,0,0,54403,2323,1135,45,18,0,0,0,0,0,40707,845,502,0,0,0,0,0
504,498,505.2622999778082,99978,398,184,16,4,3814,1809,0.05624237332213087,242,129,34863,26073,2287,984,12193,22625,28190,14568,0,0,53973,2366,1179,47,18,0,0,0,0,0,41049,836,510,0,0,0,0,0
505,498,506.3458095114292,99977,397,174,17,4,3877,1841,0.05719315442551787,250,120,34685,25939,2321,1017,12329,22745,28392,14759,0,0,53531,2417,1229,49,18,0,0,0,0,0,41387,831,515,0,0,0,0,0
506,498,507.43500000544543,99977,422,169,17,4,3956,1864,0.05821338907948828,241,132,34493,25824,2363,1038,12463,22832,28592,14950,0,0,53100,2465,1259,51,19,0,0,0,0,0,41739,821,523,0,0,0,0,0
507,498,508.52982515302176,99977,417,180,17,4,4008,1894,0.05903357772287626,254,134,34318,25699,2400,1049,12593,22933,28791,15141,0,0,52670,2508,1289,53,19,0,0,0,0,0,42095,816,527,0,0,0,0,0
508,498,509.07861186865716,99977,422,181,17,4,4047,1904,0.05952369044880323,245,141,34138,25539,2420,1049,12757,23085,28988,15332,0,0,52278,2521,1319,52,20,0,0,0,0,0,42444,808,535,0,0,0,0,0
509,498,510.184763472073,99977,407,186,17,4,4113,1938,0.06052392050171539,261,129,33957,25408,2472,1071,12885,23201,29184,15522,0,0,51842,2577,1371,52,21,0,0,0,0,0,42771,802,541,0,0,0,0,0
510,498,511.2969208578118,99977,404,191,17,4,4180,1976,0.061574162057273174,261,128,33779,25293,2524,1096,13014,23287,29378,15712,0,0,51410,2627,1421,51,24,0,0,0,0,0,43102,801,541,0,0,0,0,0
511,498,512.4148319972417,99975,403,185,18,5,4243,2008,0.06252563140785196,258,130,33607,25175,2565,1127,13148,23377,29571,15902,0,0,50976,2684,1464,51,24,0,0,0,0,0,43434,793,549,0,0,0,0,0
512,498,513.5384840313867,99975,400,179,18,5,4317,2030,0.06348587146786697,236,133,33457,25083,2614,1141,13274,23458,29762,16092,0,0,50550,2732,1520,50,26,0,0,0,0,0,43756,791,550,0,0,0,0,0
513,498,514.1018239624484,99975,400,177,18,5,4354,2045,0.0640060015003751,219,133,33290,24935,2635,1154,13437,23595,29952,16282,0,0,50149,2756,1547,51,27,0,0,0,0,0,44105,787,553,0,0,0,0,0
514,498,515.2368606411428,99975,392,182,18,5,4416,2080,0.06497624406101525,210,133,33116,24834,2684,1173,13579,23672,30140,16471,0,0,49729,2802,1594,54,28,0,0,0,0,0,44429,781,558,0,0,0,0,0
515,498,516.3778706507486,99975,395,178,18,5,4478,2115,0.06594648662165542,213,131,32963,24735,2715,1203,13695,23747,30327,16660,0,0,49309,2851,1637,57,29,0,0,0,0,0,44755,773,564,0,0,0,0,0
516,498,517.524463445628,99975,389,190,18,5,4543,2154,0.06698674668667166,220,119,32801,24631,2758,1215,13813,23839,30512,16849,0,0,48902,2891,1692,56,33,0,0,0,0,0,45067,767,567,0,0,0,0,0
517,498,518.0992389315564,99974,391,183,19,5,4571,2167,0.06739752335607258,223,123,32638,24502,2766,1225,13962,23961,30695,17037,0,0,48523,2899,1727,57,33,0,0,0,0,0,45401,765,569,0,0,0,0,0
518,498,519.2572058036911,99973,391,201,20,5,4638,2203,0.06842847568843588,220,118,32483,24397,2805,1233,14080,24045,30877,17225,0,0,48120,2930,1773,62,33,0,0,0,0,0,45724,761,570,0,0,0,0,0
519,498,520.4205809707947,99973,388,197,20,5,4693,2235,0.06929871065187601,212,113,32352,24309,2837,1261,14190,24114,31057,17412,0,0,47725,2964,1826,64,35,0,0,0,0,0,46029,753,577,0,0,0,0,0
520,498,521.0032697770503,99973,387,191,20,5,4729,2247,0.06977884028687746,211,113,32191,24183,2850,1272,14340,24235,31236,17599,0,0,47354,2976,1866,63,38,0,0,0,0,0,46347,747,582,0,0,0,0,0
521,498,522.1774621576517,99973,404,192,20,5,4802,2288,0.0709191481700059,194,110,32047,24108,2882,1299,14452,24285,31413,17785,0,0,46963,3006,1927,64,41,0,0,0,0,0,46646,744,582,0,0,0,0,0
522,498,523.3569364217991,99972,409,166,21,5,4877,2310,0.07189012923618614,186,113,31910,24021,2924,1333,14549,24361,31589,17971,0,0,46555,3051,1992,68,41,0,0,0,0,0,46940,740,585,0,0,0,0,0
523,498,524.5415965019984,99972,384,164,21,5,4923,2339,0.0726403392950026,211,101,31752,23941,2964,1350,14667,24438,31763,18156,0,0,46161,3088,2044,70,46,0,0,0,0,0,47239,736,588,0,0,0,0,0
524,498,525.135354025676,99972,396,170,21,5,4958,2360,0.0732004961389189,199,99,31610,23825,2959,1354,14814,24546,31936,18340,0,0,45812,3084,2084,70,47,0,0,0,0,0,47551,732,592,0,0,0,0,0
525,498,526.3317420149534,99972,371,177,21,5,5008,2390,0.07400072020165646,216,97,31486,23753,2995,1364,14910,24603,32107,18524,0,0,45432,3110,2146,74,48,0,0,0,0,0,47838,727,597,0,0,0,0,0
526,498,527.5327462939081,99970,381,184,23,5,5078,2423,0.07503250975292587,207,99,31344,23676,3024,1373,15020,24662,32277,18707,0,0,45048,3147,2187,75,51,0,0,0,0,0,48140,720,602,0,0,0,0,0
527,498,528.1343389851439,99970,379,182,23,5,5105,2441,0.07548264479343803,214,95,31185,23540,3036,1390,15162,24787,32445,18889,0,0,44688,3163,2217,75,53,0,0,0,0,0,48453,714,607,0,0,0,0,0
528,498,529.3466538998333,99970,380,180,23,5,5166,2469,0.07637291187356207,205,89,31035,23497,3069,1403,15287,24825,32612,19071,0,0,44320,3181,2274,79,57,0,0,0,0,0,48739,711,609,0,0,0,0,0
529,498,530.5650127549559,99969,377,176,24,5,5230,2491,0.07723394252218188,197,101,30916,23442,3106,1414,15379,24861,32777,19252,0,0,43954,3210,2332,79,60,0,0,0,0,0,49015,702,617,0,0,0,0,0
530,498,531.1751525523467,99969,378,182,24,5,5262,2505,0.07769408516640158,193,98,30778,23328,3118,1411,15508,24975,32941,19432,0,0,43610,3212,2369,79,60,0,0,0,0,0,49320,700,619,0,0,0,0,0
531,498,532.4041206490028,99969,364,185,24,5,5321,2535,0.0785843611519571,183,107,30672,23260,3157,1425,15599,25017,33103,19611,0,0,43243,3241,2435,81,61,0,0,0,0,0,49590,695,623,0,0,0,0,0
532,498,533.019486683948,99969,357,187,24,5,5344,2552,0.07898448519040903,181,101,30541,23158,3166,1431,15730,25117,33264,19790,0,0,42906,3242,2476,81,63,0,0,0,0,0,49884,691,626,0,0,0,0,0
533,498,534.258446352055,99968,356,201,25,5,5403,2594,0.0799955985915493,191,84,30405,23076,3199,1446,15823,25187,33423,19968,0,0,42540,3274,2528,82,64,0,0,0,0,0,50164,686,630,0,0,0,0,0
534,498,535.5026754592016,99967,343,190,25,6,5466,2617,0.08085668270529274,187,93,30267,23020,3254,1467,15923,25223,33581,20145,0,0,42161,3322,2581,83,68,0,0,0,0,0,50438,680,634,0,0,0,0,0
535,498,536.1261217508411,99967,317,192,25,6,5481,2630,0.08113677513579481,205,89,30114,22922,3272,1466,16066,25324,33737,20321,0,0,41825,3332,2622,84,68,0,0,0,0,0,50723,673,640,0,0,0,0,0
536,498,537.382449008997,99967,319,194,25,6,5539,2663,0.08204707553492653,202,80,30021,22880,3295,1482,16137,25357,33892,20496,0,0,41477,3356,2685,84,68,0,0,0,0,0,50984,667,646,0,0,0,0,0
537,498,538.011498549171,99967,314,192,25,6,5573,2677,0.08252723398721579,189,78,29890,22795,3305,1489,16276,25439,34045,20670,0,0,41149,3361,2733,84,69,0,0,0,0,0,51258,663,650,0,0,0,0,0
538,498,539.2779377780386,99966,309,174,25,7,5632,2697,0.08331832823159874,179,86,29777,22747,3335,1507,16374,25478,34197,20843,0,0,40806,3385,2807,85,70,0,0,0,0,0,51501,656,656,0,0,0,0,0
539,498,540.5494228800444,99966,317,170,25,7,5681,2721,0.08404857651601544,183,82,29668,22715,3350,1518,16456,25507,34347,21015,0,0,40466,3405,2852,84,73,0,0,0,0,0,51774,655,657,0,0,0,0,0
540,498,541.1861196828578,99966,326,169,25,7,5715,2738,0.08455874997499149,171,79,29544,22626,3351,1525,16582,25593,34496,21186,0,0,40150,3403,2891,86,74,0,0,0,0,0,52050,651,661,0,0,0,0,0
541,498,542.4678359582654,99966,307,155,25,7,5763,2760,0.08525898805593903,177,77,29432,22586,3389,1546,16669,25628,34643,21356,0,0,39811,3423,2957,92,78,0,0,0,0,0,52296,647,662,0,0,0,0,0
542,498,543.1097106484656,99966,314,147,25,7,5794,2771,0.08567913090450753,186,82,29295,22501,3391,1553,16788,25709,34789,21525,0,0,39503,3420,3001,93,78,0,0,0,0,0,52562,642,667,0,0,0,0,0
543,498,544.4022682115607,99966,326,148,25,7,5853,2803,0.08658944040973932,176,79,29201,22467,3409,1573,16862,25725,34934,21693,0,0,39179,3437,3058,92,82,0,0,0,0,0,52811,637,670,0,0,0,0,0
544,498,545.0495946676391,99966,308,147,25,7,5870,2814,0.08686953564211831,189,74,29086,22405,3412,1567,16979,25799,35077,21860,0,0,38878,3434,3102,91,86,0,0,0,0,0,53068,632,675,0,0,0,0,0
545,498,546.3518633269601,99966,315,139,25,7,5941,2833,0.0877698417461937,169,86,29009,22378,3442,1586,17039,25803,35219,22026,0,0,38545,3468,3153,91,90,0,0,0,0,0,53314,623,682,0,0,0,0,0
546,498,547.0036179380116,99966,306,131,25,7,5960,2842,0.08804993697857272,179,89,28891,22308,3443,1593,17155,25871,35359,22191,0,0,38243,3468,3195,92,91,0,0,0,0,0,53573,619,685,0,0,0,0,0
547,498,548.3148371336238,99966,310,139,25,7,6013,2873,0.08889022267570974,182,93,28795,22279,3462,1597,17225,25884,35498,22355,0,0,37929,3484,3249,92,92,0,0,0,0,0,53816,614,690,0,0,0,0,0
548,498,549.6303690348395,99966,311,152,25,7,6070,2909,0.0898205389832543,178,85,28702,22261,3484,1605,17299,25889,35636,22518,0,0,37615,3498,3310,93,93,0,0,0,0,0,54053,612,692,0,0,0,0,0
549,498,550.2887931305635,99966,312,153,25,7,6098,2926,0.090270692035292,181,78,28574,22176,3492,1614,17415,25971,35772,22680,0,0,37317,3499,3345,93,96,0,0,0,0,0,54312,610,694,0,0,0,0,0
550,498,551.6141495178539,99965,315,155,26,7,6158,2956,0.091171910168559,181,76,28494,22171,3515,1630,17468,25960,35907,22841,0,0,36994,3528,3398,94,96,0,0,0,0,0,54551,607,697,0,0,0,0,0
551,498,552.2774734093097,99964,306,152,27,7,6183,2964,0.09150294105878116,182,78,28378,22092,3521,1634,17585,26036,36041,23001,0,0,36701,3526,3440,96,96,0,0,0,0,0,54801,605,699,0,0,0,0,0
552,498,553.6122415491604,99964,299,148,27,7,6233,2991,0.0922732183586091,190,77,28302,22086,3539,1647,17642,26034,36173,23160,0,0,36401,3541,3509,95,98,1,0,0,0,0,55015,601,703,0,0,0,0,0
553,498,554.28023371819,99964,304,139,27,7,6265,3000,0.09268336601176423,184,81,28187,22010,3542,1656,17755,26106,36304,23318,0,0,36113,3538,3551,98,98,1,0,0,0,0,55261,600,704,0,0,0,0,0
554,498,555.6241837947034,99964,327,143,27,7,6327,3023,0.09353367212196391,168,75,28103,22000,3555,1664,17819,26110,36434,23475,0,0,35825,3541,3602,99,99,1,0,0,0,0,55493,597,707,0,0,0,0,0
555,498,556.2970167689489,99964,316,139,27,7,6352,3034,0.09389380176863671,176,74,27990,21949,3569,1664,17921,26166,36562,23630,0,0,35546,3540,3653,100,99,1,0,0,0,0,55722,593,710,0,0,0,0,0
556,498,557.6504097365952,99964,318,137,27,7,6406,3067,0.09476411508142932,179,73,27903,21918,3584,1686,17988,26178,36689,23784,0,0,35248,3559,3717,100,101,1,0,0,0,0,55935,591,712,0,0,0,0,0
557,498,558.3277544526816,99964,326,144,27,7,6447,3085,0.09535432755792085,157,66,27783,21853,3604,1689,18102,26240,36815,23937,0,0,34968,3564,3752,99,104,1,0,0,0,0,56173,588,715,0,0,0,0,0
558,498,559.0079344142317,99964,326,150,27,7,6473,3101,0.09577447881237246,154,64,27683,21802,3601,1683,18208,26293,36940,24089,0,0,34708,3550,3794,101,107,1,0,0,0,0,56402,583,718,0,0,0,0,0
559,498,560.3768049663062,99964,320,153,27,7,6532,3127,0.09662478492257212,144,65,27622,21800,3632,1693,18254,26281,37063,24240,0,0,34416,3570,3850,102,112,1,0,0,0,0,56612,580,721,0,0,0,0,0
560,498,561.061712183243,99963,309,156,28,7,6550,3140,0.09693586627052009,151,68,27525,21737,3638,1693,18348,26338,37185,24390,0,0,34151,3561,3893,104,112,1,0,0,0,0,56840,579,722,0,0,0,0,0
561,498,562.4387170716609,99963,289,138,28,7,6608,3156,0.09767614017186359,139,79,27450,21732,3685,1714,18408,26329,37306,24538,0,0,33852,3591,3957,109,117,1,0,0,0,0,57037,574,725,0,0,0,0,0
562,498,563.1277510110895,99963,282,139,28,7,6632,3167,0.09802626971979632,143,83,27359,21688,3690,1714,18497,26368,37426,24685,0,0,33599,3578,4000,113,119,1,0,0,0,0,57255,569,729,0,0,0,0,0
563,498,564.5138134519639,99963,261,151,28,7,6672,3198,0.09873653251703131,141,81,27286,21683,3730,1720,18553,26357,37544,24831,0,0,33316,3600,4052,116,120,1,0,0,0,0,57462,563,733,0,0,0,0,0
564,498,565.2071012588164,99963,273,147,28,7,6704,3210,0.0991766953772896,127,87,27196,21629,3721,1726,18654,26403,37661,24976,0,0,33068,3584,4096,120,121,1,0,0,0,0,57679,561,733,0,0,0,0,0
565,498,566.601772726957,99963,258,139,28,7,6744,3230,0.09977691745946,131,85,27149,21651,3739,1749,18694,26368,37777,25120,0,0,32788,3609,4149,123,122,1,0,0,0,0,57880,553,738,0,0,0,0,0
566,498,567.2995181992649,99963,245,132,28,7,6766,3236,0.10005702109780619,135,92,27056,21602,3755,1751,18780,26415,37892,25263,0,0,32530,3611,4190,124,124,1,0,0,0,0,58093,550,740,0,0,0,0,0
567,498,568.701653362533,99963,242,131,28,7,6811,3265,0.10079729499914969,121,83,27011,21617,3773,1764,18824,26397,38006,25404,0,0,32267,3622,4243,124,131,1,0,0,0,0,58285,547,743,0,0,0,0,0
568,498,569.4029285562285,99963,229,129,28,7,6829,3274,0.10106739493612636,125,79,26937,21570,3777,1762,18903,26452,38119,25544,0,0,32038,3600,4304,124,133,1,0,0,0,0,58474,545,744,0,0,0,0,0
569,498,570.1065551001775,99963,216,124,28,7,6844,3287,0.10134749857447256,128,76,26861,21538,3785,1766,18981,26488,38230,25683,0,0,31797,3593,4352,126,134,1,0,0,0,0,58672,541,747,0,0,0,0,0
570,498,571.5199716976874,99963,218,125,28,7,6893,3307,0.10203775396896851,112,75,26843,21556,3793,1767,19005,26469,38340,25821,0,0,31552,3595,4409,127,137,1,0,0,0,0,58855,535,752,0,0,0,0,0
571,498,572.2265106978277,99963,217,116,28,7,6918,3312,0.10233786501005372,104,77,26760,21522,3795,1771,19095,26506,38449,25958,0,0,31315,3587,4455,128,137,1,0,0,0,0,59053,533,754,0,0,0,0,0
572,498,573.6454522249553,99963,229,104,28,7,6959,3331,0.10293808709222413,96,76,26726,21541,3787,1791,19133,26480,38557,26094,0,0,31072,3589,4510,126,140,1,0,0,0,0,59238,531,756,0,0,0,0,0
573,498,574.3547734522067,99963,214,110,28,7,6974,3343,0.1032081870292008,105,69,26655,21497,3786,1788,19211,26528,38664,26228,0,0,30836,3585,4546,128,140,1,0,0,0,0,59440,528,759,0,0,0,0,0
574,498,575.0663029712396,99963,213,118,28,7,6997,3360,0.10360833508398107,99,59,26596,21459,3795,1788,19268,26568,38770,26361,0,0,30605,3581,4581,129,140,1,0,0,0,0,59639,523,764,0,0,0,0,0
575,498,576.4948953252637,99962,200,120,28,8,7030,3381,0.1041495768391989,97,51,26550,21488,3813,1791,19311,26541,38875,26493,0,0,30358,3588,4626,134,142,1,0,0,0,0,59828,521,764,0,0,0,0,0
576,498,577.2090564654861,99962,201,115,28,8,7047,3392,0.10442968327964626,96,50,26467,21456,3806,1797,19401,26573,38979,26624,0,0,30138,3577,4665,132,146,1,0,0,0,0,60018,519,766,0,0,0,0,0
577,498,578.6442766230376,99962,201,112,28,8,7081,3416,0.1050099037634301,103,47,26442,21473,3813,1814,19412,26545,39082,26754,0,0,29897,3585,4711,136,146,1,0,0,0,0,60202,515,769,0,0,0,0,0
578,498,579.3620385824202,99962,199,104,28,8,7107,3423,0.10534002921110022,94,51,26386,21434,3807,1815,19485,26587,39183,26882,0,0,29682,3578,4753,135,151,1,0,0,0,0,60378,509,775,0,0,0,0,0
579,498,580.0814371975877,99962,191,101,28,8,7126,3434,0.10564014325443669,88,46,26327,21399,3810,1823,19555,26622,39283,27009,0,0,29466,3568,4802,136,151,1,0,0,0,0,60554,507,777,0,0,0,0,0
580,498,581.5252333040406,99961,202,99,28,9,7163,3452,0.10619141465171417,83,41,26310,21444,3802,1825,19574,26581,39382,27135,0,0,29258,3552,4855,137,154,1,0,0,0,0,60720,504,780,0,0,0,0,0
581,498,582.2465473690459,99961,202,90,28,9,7175,3456,0.10635147707605966,89,46,26256,21419,3779,1829,19645,26606,39480,27260,0,0,29053,3536,4892,136,157,1,0,0,0,0,60902,503,781,0,0,0,0,0
582,498,583.694421583849,99961,179,90,28,9,7203,3476,0.10683166434909615,86,43,26264,21445,3787,1835,19655,26577,39577,27384,0,0,28832,3535,4953,138,161,1,0,0,0,0,61058,502,781,0,0,0,0,0
583,498,584.4174485737709,99961,183,86,28,9,7221,3480,0.10705175018257121,84,43,26195,21413,3778,1834,19731,26614,39673,27507,0,0,28625,3528,4978,136,165,1,0,0,0,0,61245,499,784,0,0,0,0,0
584,498,585.1421077108438,99961,175,86,28,9,7237,3488,0.10729184381908945,78,42,26143,21382,3771,1833,19804,26647,39768,27628,0,0,28429,3516,5019,138,165,1,0,0,0,0,61411,489,793,0,0,0,0,0
585,498,586.5968001457903,99961,175,77,28,9,7273,3503,0.10780204279669071,78,35,26133,21423,3774,1846,19811,26609,39862,27748,0,0,28209,3527,5063,139,167,1,0,0,0,0,61574,483,798,0,0,0,0,0
586,498,587.323469196268,99961,173,77,28,9,7287,3508,0.10799211692560098,76,36,26084,21397,3766,1839,19872,26641,39955,27867,0,0,28020,3509,5102,138,168,1,0,0,0,0,61742,479,802,0,0,0,0,0
587,498,588.0519248370988,99961,173,75,28,9,7307,3516,0.1082722261682056,70,36,26035,21370,3759,1839,19934,26670,40047,27985,0,0,27823,3500,5137,139,169,1,0,0,0,0,61911,474,807,0,0,0,0,0
588,498,589.5130560454857,99961,149,68,28,9,7331,3527,0.10862236272146138,64,34,26045,21408,3770,1848,19943,26632,40138,28102,0,0,27611,3503,5185,144,173,1,0,0,0,0,62066,470,808,0,0,0,0,0
589,498,590.2428344989368,99961,153,73,28,9,7344,3541,0.10889246806254439,65,29,26000,21371,3756,1849,19997,26668,40228,28218,0,0,27429,3482,5224,144,173,1,0,0,0,0,62230,467,811,0,0,0,0,0
590,498,591.7065768410474,99961,142,68,28,9,7369,3554,0.10927261632036495,64,25,25990,21405,3765,1856,20010,26636,40318,28333,0,0,27230,3483,5273,143,176,1,0,0,0,0,62377,461,817,0,0,0,0,0
591,498,592.4377508166864,99961,136,68,28,9,7380,3560,0.10944268264623203,70,29,25950,21389,3750,1852,20065,26652,40407,28447,0,0,27049,3466,5313,141,178,1,0,0,0,0,62535,458,820,0,0,0,0,0
592,498,593.170639953373,99960,137,58,28,10,7395,3562,0.10961384553821528,61,30,25914,21376,3746,1852,20113,26673,40495,28559,0,0,26861,3455,5347,142,178,1,0,0,0,0,62698,456,822,0,0,0,0,0
593,498,594.6397779665243,99960,139,59,28,10,7419,3577,0.11000400160064025,58,27,25915,21401,3731,1855,20128,26647,40582,28670,0,0,26680,3439,5389,143,183,1,0,0,0,0,62849,454,822,0,0,0,0,0
594,498,595.373678062719,99960,133,57,28,10,7432,3582,0.11018407362945178,53,27,25864,21388,3727,1853,20194,26664,40668,28780,0,0,26493,3435,5412,142,188,1,0,0,0,0,63014,450,825,0,0,0,0,0
595,498,596.1087800398606,99960,129,59,28,10,7443,3588,0.11035414165666267,52,27,25821,21368,3716,1847,20253,26688,40753,28889,0,0,26324,3417,5446,141,191,1,0,0,0,0,63166,444,830,0,0,0,0,0
596,498,597.5833267880402,99960,127,56,28,10,7466,3593,0.1106342537014806,51,36,25811,21418,3711,1841,20271,26638,40837,28997,0,0,26138,3412,5478,142,193,1,0,0,0,0,63322,442,832,0,0,0,0,0
597,498,598.3199695616775,99960,123,58,28,10,7472,3600,0.11076430572228892,56,32,25746,21410,3714,1838,20332,26651,40920,29104,0,0,25961,3402,5503,141,194,1,0,0,0,0,63484,440,834,0,0,0,0,0
598,498,599.0581663834723,99960,125,56,28,10,7485,3602,0.11091436574629852,53,37,25709,21406,3698,1827,20386,26663,41002,29210,0,0,25798,3379,5539,142,194,1,0,0,0,0,63633,437,837,0,0,0,0,0
599,498,600.5393592938098,99960,119,67,28,10,7501,3622,0.11127450980392156,47,26,25732,21479,3684,1823,20389,26594,41084,29315,0,0,25624,3370,5573,141,198,1,0,0,0,0,63779,434,840,0,0,0,0,0
600,498,601.2789818255114,99960,116,68,28,10,7510,3627,0.11141456582633054,43,30,25703,21471,3675,1815,20434,26605,41165,29419,0,0,25457,3354,5603,139,201,1,0,0,0,0,63931,434,840,0,0,0,0,0
601,498,602.0195221153352,99960,112,64,28,10,7517,3631,0.11152460984393757,48,33,25667,21480,3662,1815,20482,26597,41245,29522,0,0,25284,3346,5626,141,201,1,0,0,0,0,64087,430,844,0,0,0,0,0
602,498,603.5033943572059,99960,111,62,28,10,7538,3645,0.11187474989995998,48,29,25685,21560,3654,1815,20473,26523,41324,29624,0,0,25120,3333,5675,140,203,1,0,0,0,0,64214,427,847,0,0,0,0,0
603,498,604.2442305663373,99960,110,56,28,10,7549,3647,0.11200480192076831,45,30,25653,21553,3654,1810,20509,26540,41402,29725,0,0,24958,3316,5708,140,205,1,0,0,0,0,64358,427,847,0,0,0,0,0
604,498,605.7291322774659,99960,102,51,28,10,7564,3658,0.11226490596238495,52,26,25668,21589,3645,1818,20504,26505,41479,29825,0,0,24786,3316,5745,138,208,1,0,0,0,0,64492,424,850,0,0,0,0,0
605,498,606.4703856051686,99960,92,46,28,10,7575,3661,0.11240496198479391,49,26,25635,21594,3652,1816,20543,26507,41556,29924,0,0,24619,3310,5772,140,210,1,0,0,0,0,64634,419,855,0,0,0,0,0
606,498,607.2129357922695,99960,97,46,28,10,7587,3666,0.1125750300120048,46,26,25611,21604,3631,1814,20586,26499,41632,30022,0,0,24468,3290,5802,140,211,1,0,0,0,0,64774,416,858,0,0,0,0,0
607,498,608.7008693960443,99960,93,40,28,10,7603,3671,0.11278511404561825,42,22,25637,21672,3618,1815,20581,26440,41707,30119,0,0,24316,3275,5844,140,213,1,0,0,0,0,64897,411,863,0,0,0,0,0
608,498,609.443904898568,99959,98,42,29,10,7614,3676,0.11294630798627438,34,21,25606,21679,3609,1807,20623,26440,41781,30215,0,0,24165,3257,5869,141,213,1,0,0,0,0,65040,409,864,0,0,0,0,0
609,498,610.1875475662943,99958,89,44,30,10,7619,3679,0.11302747153804597,35,20,25577,21690,3598,1796,20670,26439,41854,30310,0,0,24016,3242,5896,140,215,1,0,0,0,0,65175,406,867,0,0,0,0,0
610,498,611.0950606083327,99958,87,45,30,10,7620,3682,0.11306748834510494,37,18,25522,21666,3588,1790,20735,26470,41927,30404,0,0,23867,3227,5916,140,215,1,0,0,0,0,65319,403,870,0,0,0,0,0
611,498,612.0891150270188,99958,87,48,30,10,7626,3691,0.11321755137157606,41,15,25502,21661,3569,1789,20770,26476,41999,30497,0,0,23721,3212,5943,139,216,1,0,0,0,0,65453,400,873,0,0,0,0,0
612,498,613.2446877246931,99958,83,42,30,10,7639,3695,0.11338762280157666,39,15,25518,21695,3561,1787,20768,26450,42070,30589,0,0,23564,3208,5970,140,217,1,0,0,0,0,65585,397,876,0,0,0,0,0
613,498,614.5304825883246,99958,76,42,30,10,7649,3701,0.11354769002981252,43,16,25546,21760,3551,1780,20753,26391,42140,30680,0,0,23420,3192,6006,140,219,1,0,0,0,0,65708,396,876,0,0,0,0,0
614,498,615.0550618636995,99958,74,42,30,10,7654,3703,0.11361771944216571,46,17,25521,21754,3537,1774,20791,26402,42210,30770,0,0,23283,3170,6035,140,220,1,0,0,0,0,65837,395,877,0,0,0,0,0
615,498,616.3174104867365,99958,78,39,30,10,7664,3705,0.11373776986334261,39,17,25499,21761,3532,1768,20821,26404,42279,30859,0,0,23141,3156,6060,140,220,1,0,0,0,0,65968,393,879,0,0,0,0,0
616,498,617.0410421520526,99958,77,38,30,10,7673,3710,0.11387782868804898,37,15,25472,21760,3529,1762,20854,26414,42347,30947,0,0,23005,3139,6093,139,221,1,0,0,0,0,66088,391,881,0,0,0,0,0
617,498,618.6231371600379,99958,79,36,30,10,7688,3716,0.11408791692510854,32,17,25509,21839,3517,1755,20832,26342,42415,31034,0,0,22862,3127,6122,139,223,1,0,0,0,0,66212,391,881,0,0,0,0,0
618,498,619.0225200942275,99958,81,38,30,10,7693,3718,0.11415794633746174,34,17,25481,21826,3505,1749,20868,26359,42482,31120,0,0,22726,3113,6139,137,225,1,0,0,0,0,66345,390,882,0,0,0,0,0
619,498,620.240008019803,99958,73,35,30,10,7698,3723,0.11425798835510914,35,12,25507,21870,3493,1752,20861,26320,42548,31205,0,0,22582,3109,6160,136,227,2,0,0,0,0,66471,388,883,0,0,0,0,0
620,498,621.026912553698,99958,71,34,30,10,7704,3728,0.1143680345745213,36,9,25484,21875,3484,1753,20894,26318,42614,31289,0,0,22446,3096,6187,136,227,2,0,0,0,0,66593,387,884,0,0,0,0,0
621,498,622.252676497955,99958,71,29,30,10,7719,3731,0.11454811020628664,27,10,25506,21918,3478,1749,20887,26283,42679,31372,0,0,22312,3085,6219,136,228,2,0,0,0,0,66705,384,887,0,0,0,0,0
622,498,623.3030546058665,99958,68,26,30,10,7730,3733,0.11467816482922828,25,10,25543,21960,3465,1742,20868,26251,42743,31454,0,0,22172,3078,6243,137,228,2,0,0,0,0,66827,384,887,0,0,0,0,0
623,498,624.0919871774942,99958,66,26,30,10,7734,3736,0.11474819424158146,25,9,25543,21963,3456,1732,20879,26259,42807,31535,0,0,22041,3066,6264,136,229,2,0,0,0,0,66949,383,888,0,0,0,0,0
624,498,625.0157622567284,99958,68,28,30,10,7742,3741,0.1148782488645231,23,9,25548,21998,3437,1726,20893,26228,42870,31616,0,0,21913,3053,6286,135,230,2,0,0,0,0,67068,381,890,0,0,0,0,0
625,498,626.1180128444889,99958,64,29,30,10,7744,3744,0.11492826987334681,26,7,25540,22015,3425,1718,20914,26220,42932,31696,0,0,21783,3043,6304,133,232,2,0,0,0,0,67190,381,890,0,0,0,0,0
626,498,627.0259856619887,99958,56,21,30,10,7751,3747,0.11502831189099422,24,6,25577,22064,3412,1719,20900,26179,42994,31775,0,0,21655,3033,6335,133,235,2,0,0,0,0,67295,378,892,0,0,0,0,0
627,498,628.0816672110501,99958,54,18,30,10,7756,3748,0.11508833710158266,25,8,25577,22094,3402,1716,20911,26153,43055,31853,0,0,21523,3025,6350,134,236,2,0,0,0,0,67418,378,892,0,0,0,0,0
628,498,629.0263412699318,99958,55,19,30,10,7762,3752,0.11518837911923008,27,8,25579,22100,3385,1707,20923,26155,43115,31930,0,0,21404,3009,6368,135,238,2,0,0,0,0,67532,375,895,0,0,0,0,0
629,498,630.5618381227027,99958,56,19,30,10,7773,3755,0.11532843794393645,46,38,25637,22193,3363,1701,20867,26038,43175,32006,0,0,21277,3001,6385,134,240,2,1,0,0,1,67647,374,896,0,0,0,0,0
630,498,631.1128421053223,99958,55,26,30,10,7780,3762,0.11546849676864283,55,38,25624,22214,3354,1694,20881,26017,43234,32082,0,0,21153,2992,6393,132,243,2,3,0,0,6,67764,372,898,0,0,0,0,0
631,498,632.2266499795401,99958,63,32,30,10,7800,3773,0.1157786270233498,53,36,25619,22266,3339,1686,20895,25969,43293,32157,0,0,21037,2971,6411,132,246,2,7,0,0,16,67866,371,899,0,0,0,0,0
632,498,633.3404160010498,99958,71,37,30,10,7818,3782,0.11604874047099782,67,36,25628,22318,3322,1680,20881,25918,43351,32231,0,0,20915,2953,6429,132,246,2,15,0,0,22,67974,371,899,0,0,0,0,0
633,498,634.0826899378758,99958,76,40,30,10,7829,3790,0.1162388203045279,78,43,25617,22317,3310,1678,20888,25911,43408,32304,0,0,20798,2937,6445,132,246,2,18,0,0,30,68080,371,899,0,0,0,0,0
634,498,635.1961538630271,99958,86,45,30,10,7850,3802,0.11656895896276435,81,45,25630,22359,3301,1679,20871,25861,43465,32376,0,0,20681,2921,6458,132,249,2,25,0,0,38,68182,368,902,0,0,0,0,0
635,498,636.3087298321351,99958,89,53,30,10,7865,3815,0.11684907661217711,102,42,25642,22403,3286,1674,20850,25817,43521,32448,0,0,20566,2907,6470,132,251,2,29,0,0,49,68282,365,905,0,0,0,0,0
636,498,637.0499426493549,99957,96,50,31,10,7880,3820,0.11705033164260632,107,49,25634,22413,3278,1675,20853,25802,43577,32519,0,0,20450,2894,6482,130,253,2,34,0,0,59,68383,364,906,0,0,0,0,0
637,498,638.1620408137992,99957,112,59,31,10,7912,3835,0.1175205338295467,110,56,25645,22440,3273,1672,20828,25762,43632,32589,0,0,20337,2879,6493,129,258,2,41,0,0,70,68478,361,909,0,0,0,0,0
638,498,639.27313509905,99956,116,62,32,10,7934,3847,0.11786185921805595,126,55,25645,22464,3271,1672,20809,25736,43687,32658,0,0,20217,2867,6502,130,260,2,48,0,0,86,68574,360,910,0,0,0,0,0
639,498,640.0137175432396,99956,132,72,32,10,7959,3860,0.11824202649165633,138,52,25633,22480,3260,1666,20804,25719,43741,32727,0,0,20106,2852,6516,129,263,2,53,0,0,91,68675,359,910,0,0,0,0,0
640,498,641.12471184856,99956,151,75,32,10,8001,3876,0.11882228180399376,139,60,25637,22522,3258,1669,20782,25663,43794,32795,0,0,19991,2842,6523,129,268,2,60,0,0,115,68759,356,911,0,0,0,0,0
641,498,642.2351514585541,99956,170,85,32,10,8040,3895,0.11940253711633118,143,62,25646,22562,3261,1661,20747,25619,43847,32862,0,0,19884,2825,6538,127,273,2,66,0,0,133,68841,355,912,0,0,0,0,0
642,498,643.3447852463074,99955,187,96,33,10,8084,3916,0.12005402431093992,153,78,25659,22612,3270,1662,20697,25541,43899,32928,0,0,19772,2811,6544,127,282,2,75,0,0,151,68925,353,913,0,0,0,0,0
643,498,644.0839276643354,99955,194,98,33,10,8110,3930,0.12045420439197639,163,81,25640,22635,3268,1664,20701,25511,43951,32994,0,0,19666,2794,6559,127,284,2,83,0,0,172,69002,350,916,0,0,0,0,0
644,498,645.1931787757854,99955,201,109,33,10,8149,3959,0.12113451052973838,178,77,25636,22671,3281,1678,20670,25454,44002,33059,0,0,19552,2781,6565,129,290,2,93,0,0,204,69074,349,916,0,0,0,0,0
645,498,646.302231996418,99955,221,119,33,10,8202,3983,0.12190485718573359,197,85,25650,22698,3288,1683,20610,25404,44053,33123,0,0,19445,2763,6579,129,295,2,105,0,0,234,69139,347,917,0,0,0,0,0
646,498,647.04107714069,99955,228,122,33,10,8232,4000,0.12237506878095143,211,87,25610,22710,3304,1689,20613,25381,44103,33186,0,0,19334,2752,6589,130,295,2,114,0,0,261,69214,346,918,0,0,0,0,0
647,498,648.150312470824,99955,240,127,33,10,8290,4027,0.12322545145315392,223,83,25606,22761,3334,1706,20563,25312,44153,33249,0,0,19218,2738,6593,133,304,2,129,0,0,301,69275,344,918,0,0,0,0,0
648,498,649.2595359907024,99955,251,130,33,10,8340,4050,0.12395578010104547,247,105,25598,22796,3353,1714,20517,25244,44202,33311,0,0,19101,2726,6602,133,309,2,148,0,0,336,69338,343,917,0,0,0,0,0
649,498,650.3684652474873,99955,272,146,33,10,8399,4083,0.12487619428742934,260,107,25584,22819,3368,1727,20482,25190,44251,33372,0,0,18996,2711,6609,137,313,2,155,0,0,376,69396,342,918,0,0,0,0,0
650,498,651.1079207777184,99955,287,153,33,10,8444,4102,0.12551648241708768,266,107,25589,22831,3371,1732,20453,25166,44299,33433,0,0,18900,2687,6629,137,316,3,167,0,0,401,69455,341,919,0,0,0,0,0
651,498,652.216341463922,99953,305,165,35,10,8512,4126,0.12643942653046933,285,127,25575,22871,3397,1732,20402,25094,44347,33493,0,0,18787,2673,6633,143,320,3,179,0,0,439,69516,341,919,0,0,0,0,0
652,498,653.3244843535573,99953,336,167,35,10,8584,4152,0.12741988734705312,320,144,25560,22920,3405,1741,20343,25017,44394,33552,0,0,18692,2651,6648,146,325,3,190,0,0,485,69554,338,921,0,0,0,0,0
653,498,654.0630937588079,99953,363,180,35,10,8649,4181,0.12836032935479674,323,152,25524,22918,3421,1754,20333,24985,44441,33611,0,0,18587,2637,6656,151,327,3,199,0,0,523,69612,337,921,0,0,0,0,0
654,498,655.1720550138799,99952,402,197,36,10,8740,4227,0.12973227149031535,333,154,25528,22947,3433,1775,20267,24916,44487,33669,0,0,18484,2621,6667,153,331,3,212,0,0,584,69640,336,921,0,0,0,0,0
655,498,656.2802309878551,99952,430,210,36,10,8821,4274,0.13101288618536897,356,164,25500,22973,3463,1796,20214,24846,44533,33726,0,0,18377,2611,6668,152,341,3,230,0,0,644,69669,333,924,0,0,0,0,0
656,498,657.0190492103083,99952,466,224,36,10,8902,4304,0.1321234192412358,359,172,25464,22966,3482,1805,20192,24822,44579,33783,0,0,18280,2596,6673,154,350,3,238,0,0,684,69717,331,926,0,0,0,0,0
657,498,658.1286118409869,99952,481,244,36,10,9006,4356,0.1336841684008324,389,182,25417,22996,3552,1826,20124,24741,44624,33839,0,0,18165,2582,6676,158,359,3,266,0,0,764,69724,327,928,0,0,0,0,0
658,498,659.2388911741187,99952,510,251,36,10,9122,4407,0.13535497038578517,389,196,25400,23022,3607,1853,20057,24667,44669,33895,0,0,18051,2565,6683,162,366,3,294,0,0,856,69718,325,929,0,0,0,0,0
659,498,660.3497974985094,99951,522,261,37,10,9234,4456,0.13696711388580404,409,217,25371,23044,3681,1882,19979,24585,44713,33950,0,0,17929,2554,6683,164,378,3,329,0,0,943,69716,322,930,0,0,0,0,0
660,498,661.0908863998793,99950,536,273,38,10,9298,4500,0.13804902451225612,454,208,25330,23039,3710,1908,19931,24561,44757,34004,0,0,17824,2545,6682,166,387,4,343,0,0,996,69753,320,930,0,0,0,0,0
661,498,662.2036580975613,99950,578,283,38,10,9443,4551,0.14001000500250124,452,229,25271,23056,3788,1933,19872,24488,44800,34058,0,0,17703,2530,6680,174,403,4,379,0,0,1078,69754,315,930,0,0,0,0,0
662,498,663.3180514476015,99950,616,299,38,10,9588,4621,0.14216108054027013,466,238,25243,23079,3855,1975,19781,24398,44843,34111,0,0,17584,2521,6674,177,417,4,410,0,0,1191,69729,313,930,0,0,0,0,0
663,498,664.0613534274028,99950,629,334,38,10,9669,4676,0.14352176088044022,491,229,25194,23077,3906,1983,19741,24366,44886,34164,0,0,17480,2504,6682,180,425,5,433,0,0,1242,69758,312,929,0,0,0,0,0
664,498,665.1777831577587,99949,673,345,39,10,9814,4737,0.1455842479664629,520,276,25142,23088,3973,2028,19652,24252,44928,34216,0,0,17358,2493,6680,185,434,5,466,0,0,1344,69743,312,929,0,0,0,0,0
665,498,666.2953514417081,99949,725,375,39,10,9973,4817,0.14797546748841908,536,268,25078,23105,4048,2067,19573,24174,44970,34268,0,0,17253,2476,6687,189,444,6,496,0,0,1452,69707,306,933,0,0,0,0,0
666,498,667.0413205058346,99947,726,387,41,10,10065,4862,0.14934915505217766,574,295,25039,23075,4106,2089,19513,24143,45011,34319,0,0,17144,2461,6691,198,451,6,524,0,0,1530,69708,300,934,0,0,0,0,0
667,498,668.1615509346111,99947,758,421,41,10,10221,4947,0.15176043302950565,631,305,24975,23087,4186,2125,19408,24051,45052,34369,0,0,17032,2436,6694,210,466,6,557,0,0,1642,69673,300,931,0,0,0,0,0
668,498,669.2831431186785,99947,817,450,41,10,10398,5037,0.15443184887990635,668,307,24894,23096,4277,2170,19302,23966,45093,34419,0,0,16918,2422,6687,216,483,7,590,0,0,1762,69633,298,931,0,0,0,0,0
669,498,670.0320109641549,99946,862,461,41,11,10543,5101,0.15652452324255098,702,311,24814,23104,4356,2211,19224,23901,45133,34468,0,0,16807,2411,6683,222,496,8,618,0,0,1863,69612,297,929,0,0,0,0,0
670,498,671.1582692953743,99946,902,500,41,11,10725,5208,0.1594160846857303,777,347,24725,23081,4456,2270,19098,23790,45173,34517,0,0,16681,2401,6676,227,509,8,661,0,0,2010,69547,295,931,0,0,0,0,0
671,498,672.2865051270353,99945,968,526,41,12,10939,5317,0.1626494572014608,847,378,24615,23081,4559,2336,18969,23666,45212,34565,0,0,16550,2382,6666,240,531,8,713,0,0,2150,69482,293,930,0,0,0,0,0
672,498,673.0401777609777,99944,988,543,42,12,11094,5390,0.16493236212278875,869,391,24545,23071,4653,2375,18902,23607,45251,34613,0,0,16426,2368,6668,248,548,9,757,0,0,2258,69442,291,929,0,0,0,0,0
673,498,674.1737576794127,99942,1061,558,44,12,11349,5489,0.16847771707590403,889,436,24433,23055,4789,2441,18783,23497,45290,34660,0,0,16301,2342,6675,258,565,10,813,0,0,2435,69331,289,923,0,0,0,0,0
674,498,675.3108660372666,99941,1116,593,45,12,11604,5622,0.17236169339910548,925,436,24331,23035,4944,2519,18638,23404,45328,34707,0,0,16166,2318,6667,269,589,10,876,0,0,2633,69203,289,921,0,0,0,0,0
675,498,676.07069171144,99941,1164,627,45,12,11774,5711,0.17495322240121672,976,439,24231,23016,5024,2561,18559,23344,45366,34753,0,0,16061,2303,6666,272,609,11,909,0,0,2748,69157,288,917,0,0,0,0,0
676,498,677.2137817857816,99940,1260,632,46,12,12060,5834,0.17904742845707425,1004,485,24141,22981,5173,2663,18375,23226,45404,34799,0,0,15926,2283,6658,283,632,11,971,0,0,2955,69018,286,917,0,0,0,0,0
677,498,678.3596596097658,99938,1338,663,48,12,12338,5962,0.1831135303888411,1099,529,23998,22956,5313,2748,18203,23091,45441,34844,0,0,15792,2266,6642,293,662,12,1030,0,0,3142,68897,285,917,0,0,0,0,0
678,498,679.1258397207914,99938,1367,689,48,12,12542,6041,0.18594528607736796,1113,566,23906,22929,5442,2785,18123,23018,45478,34889,0,0,15678,2252,6636,299,685,12,1071,0,0,3294,68814,282,915,0,0,0,0,0
679,498,680.2787903774605,99937,1472,751,49,12,12872,6208,0.19092027977625906,1147,595,23768,22904,5617,2869,17946,22868,45514,34933,0,0,15544,2240,6616,306,720,14,1131,0,0,3506,68666,279,915,0,0,0,0,0
680,498,681.0496803784506,99936,1566,785,50,12,13132,6330,0.19474463656740315,1128,600,23658,22879,5741,2937,17856,22786,45550,34977,0,0,15424,2223,6610,316,744,14,1180,0,0,3667,68566,277,915,0,0,0,0,0
681,498,682.2107443585488,99936,1649,803,50,12,13488,6492,0.19992795389048992,1182,654,23515,22835,5941,3048,17662,22647,45586,35020,0,0,15271,2203,6598,329,771,15,1262,0,0,3955,68344,276,912,0,0,0,0,0
682,498,683.3766966759379,99935,1755,867,51,12,13857,6696,0.2056636813929054,1259,676,23318,22801,6134,3161,17482,22482,45621,35063,0,0,15122,2184,6572,343,813,16,1337,0,0,4218,68148,276,906,0,0,0,0,0
683,498,684.1576095627731,99935,1819,871,51,12,14122,6820,0.20955621153749937,1325,718,23168,22748,6284,3262,17352,22388,45656,35105,0,0,14993,2171,6563,351,838,17,1393,0,0,4438,67993,275,903,0,0,0,0,0
684,498,685.3356185793284,99932,1880,948,54,12,14497,7049,0.21560661249649762,1403,733,22967,22697,6522,3378,17173,22231,45691,35147,0,0,14827,2149,6540,364,884,19,1491,0,0,4727,67760,271,900,0,0,0,0,0
685,498,686.1249693463059,99932,1955,985,54,12,14775,7182,0.2197194091982548,1413,744,22829,22664,6678,3455,17070,22139,45725,35188,0,0,14690,2137,6523,373,915,19,1560,0,0,4909,67638,267,901,0,0,0,0,0
686,498,687.3162266004683,99932,2040,1057,54,12,15187,7426,0.2262838730336629,1502,762,22618,22592,6918,3598,16867,21978,45759,35229,0,0,14545,2115,6505,385,957,22,1641,0,0,5253,67345,265,899,0,0,0,0,0
687,498,688.1146935827403,99930,2121,1093,56,12,15507,7579,0.23102171520064044,1536,783,22455,22544,7093,3696,16738,21871,45793,35270,0,0,14406,2099,6492,400,990,24,1711,0,0,5470,67180,259,899,0,0,0,0,0
688,498,689.3200610856524,99928,2180,1143,57,13,15938,7817,0.23772115923464895,1617,814,22240,22478,7378,3852,16527,21699,45826,35310,0,0,14231,2076,6457,418,1050,27,1816,0,0,5820,66883,256,894,0,0,0,0,0
689,498,690.1286232358833,99926,2194,1159,58,14,16227,7975,0.24219922742829694,1704,832,22075,22436,7576,3966,16392,21592,45859,35350,0,0,14099,2061,6436,432,1087,27,1877,0,0,6111,66650,255,891,0,0,0,0,0
690,498,691.3504535608294,99921,2292,1210,63,14,16732,8235,0.24986739524224136,1756,869,21836,22369,7892,4134,16160,21403,45892,35389,0,0,13914,2032,6411,457,1146,30,1995,0,0,6485,66314,250,887,0,0,0,0,0
691,498,692.1706823524729,99921,2388,1266,63,14,17085,8422,0.2552716646150459,1835,865,21622,22336,8074,4236,16017,21282,45925,35428,0,0,13793,2012,6401,469,1187,33,2050,0,0,6740,66108,250,878,0,0,0,0,0
692,498,693.4121052107629,99920,2522,1318,64,14,17669,8712,0.2640212169735789,1875,891,21348,22236,8415,4430,15775,21110,45957,35466,0,0,13600,1995,6369,489,1254,37,2170,0,0,7177,65708,249,872,0,0,0,0,0
693,498,694.2464245773295,99919,2608,1322,65,14,18062,8890,0.26973848817542206,1960,924,21134,22174,8622,4568,15610,20997,45989,35504,0,0,13447,1978,6346,500,1302,39,2258,0,0,7489,65444,248,868,0,0,0,0,0
694,498,695.0870338706881,99916,2694,1379,67,15,18468,9088,0.2757916649985988,2001,962,20918,22133,8855,4671,15464,20839,46021,35542,0,0,13303,1963,6326,515,1340,43,2336,0,0,7789,65188,243,870,0,0,0,0,0
695,498,696.3608734171871,99914,2818,1413,67,17,19118,9405,0.2854755089376864,2050,1022,20624,22018,9242,4903,15198,20626,46052,35579,0,0,13115,1926,6286,543,1430,48,2462,0,0,8297,64703,239,865,0,0,0,0,0
696,498,697.2183103593754,99912,2919,1480,69,17,19565,9643,0.29233725678597167,2092,1064,20435,21923,9466,5041,15018,20474,46083,35616,0,0,12957,1904,6254,566,1493,49,2551,0,0,8602,64434,238,864,0,0,0,0,0
697,498,698.0819239906403,99911,2971,1509,69,18,19987,9864,0.29877591056039876,2187,1120,20207,21830,9729,5188,14836,20334,46114,35652,0,0,12821,1878,6237,582,1550,53,2631,0,0,8971,64091,235,862,0,0,0,0,0
698,498,699.3907537670065,99906,3147,1572,73,19,20712,10228,0.30969110964306445,2230,1183,19916,21730,10097,5429,14536,20066,46145,35688,0,0,12605,1849,6205,608,1630,58,2783,0,0,9509,63575,232,852,0,0,0,0,0
699,498,700.2714134434922,99904,3283,1649,75,19,21218,10483,0.31731462203715566,2245,1191,19689,21639,10334,5563,14373,19938,46175,35724,0,0,12457,1827,6179,624,1701,62,2869,0,0,9834,63273,231,847,0,0,0,0,0
700,498,701.1595605025586,99903,3342,1703,76,19,21700,10748,0.3247950511996637,2366,1210,19423,21567,10614,5729,14178,19771,46205,35759,0,0,12301,1796,6160,651,1761,68,2960,0,0,10237,62898,231,840,0,0,0,0,0
701,498,702.0572133938987,99903,3496,1726,76,19,22249,11020,0.333013022631953,2368,1220,19206,21496,10870,5936,13983,19602,46235,35794,0,0,12133,1776,6122,676,1842,70,3059,0,0,10627,62534,228,836,0,0,0,0,0
702,498,703.4196366905918,99900,3586,1835,78,20,23058,11455,0.34547547547547547,2471,1271,18852,21364,11341,6184,13671,19325,46264,35829,0,0,11896,1738,6079,718,1947,80,3226,0,0,11265,61900,222,829,0,0,0,0,0
703,498,704.3392368190773,99898,3706,1913,80,20,23648,11753,0.3543714588880658,2477,1299,18635,21250,11632,6345,13469,19172,46293,35863,0,0,11739,1712,6043,750,2034,90,3314,0,0,11661,61509,219,827,0,0,0,0,0
704,498,705.2675654501968,99896,3787,1971,81,21,24230,12073,0.3634079442620325,2546,1340,18380,21146,11964,6550,13241,18971,46322,35897,0,0,11545,1686,6011,786,2126,99,3440,0,0,12077,61090,212,824,0,0,0,0,0
705,498,706.2056933652594,99893,3882,2060,84,21,24840,12398,0.37277887339453214,2556,1322,18122,21055,12311,6736,13044,18805,46351,35930,0,0,11366,1659,5971,818,2218,105,3548,0,0,12522,60659,211,816,0,0,0,0,0
706,498,707.1554961225979,99891,3978,2118,86,21,25489,12734,0.38264708532300207,2624,1339,17793,20934,12697,6949,12821,18638,46379,35963,0,0,11190,1635,5924,857,2327,111,3647,0,0,13023,60167,208,802,0,0,0,0,0
707,498,708.1197433078903,99889,4097,2137,88,21,26141,13039,0.3922353812732133,2670,1391,17502,20806,13057,7174,12585,18470,46407,35996,0,0,10998,1612,5882,891,2434,119,3764,0,0,13482,59702,207,798,0,0,0,0,0
708,498,709.0977647609351,99885,4185,2165,90,23,26808,13367,0.40221254442609,2714,1445,17220,20673,13429,7409,12361,18284,46435,36028,0,0,10807,1589,5833,925,2564,130,3879,0,0,13951,59208,203,796,0,0,0,0,0
709,498,710.0893154959957,99884,4275,2185,90,24,27470,13715,0.4123283008289616,2809,1492,16955,20534,13770,7661,12100,18103,46463,36060,0,0,10621,1567,5790,954,2677,147,4000,0,0,14470,58672,199,787,0,0,0,0,0
710,498,711.0942295222916,99880,4363,2271,93,25,28175,14115,0.4234080897076492,2848,1507,16688,20381,14156,7899,11851,17916,46490,36092,0,0,10434,1538,5745,995,2792,164,4111,0,0,15003,58124,197,777,0,0,0,0,0
711,498,712.1118838123089,99875,4364,2345,97,26,28856,14514,0.4342428035043805,2942,1508,16404,20257,14566,8143,11626,17720,46517,36123,0,0,10208,1505,5692,1036,2937,174,4264,0,0,15529,57568,191,771,0,0,0,0,0
712,498,713.1456153388041,99872,4468,2404,99,27,29612,14913,0.44582065043255364,2952,1543,16117,20124,14968,8374,11395,17527,46544,36154,0,0,10003,1473,5653,1085,3095,182,4387,0,0,16031,57013,187,763,0,0,0,0,0
713,498,714.1948278035775,99868,4566,2483,103,27,30381,15348,0.4578944206352385,2959,1572,15812,19948,15387,8634,11172,17335,46571,36185,0,0,9808,1434,5602,1141,3260,194,4503,0,0,16559,56435,182,750,0,0,0,0,0
714,498,715.2616315423929,99864,4639,2478,106,28,31175,15763,0.4700192261475607,2987,1609,15508,19803,15815,8948,10944,17133,46597,36215,0,0,9608,1403,5539,1188,3439,212,4617,0,0,17170,55769,182,737,0,0,0,0,0
715,498,716.3368510032919,99859,4789,2525,111,28,31974,16199,0.4824101983797154,3003,1652,15230,19630,16164,9242,10702,16922,46623,36245,0,0,9406,1380,5478,1216,3602,233,4742,0,0,17704,55186,180,732,0,0,0,0,0
716,498,717.3867584682342,99855,4875,2526,115,28,32771,16605,0.4944769916378749,2975,1689,14969,19504,16576,9526,10489,16726,46649,36275,0,0,9229,1353,5424,1258,3780,258,4843,0,0,18283,54526,176,725,0,0,0,0,0
717,498,718.4101002416172,99855,4920,2578,115,28,33502,17033,0.5060838215412348,3000,1687,14687,19346,16973,9807,10304,16553,46675,36304,0,0,9051,1330,5375,1311,3944,278,4929,0,0,18837,53910,173,717,0,0,0,0,0
718,498,719.4073526561067,99852,4967,2623,117,29,34246,17476,0.5179866201978929,3030,1660,14427,19216,17350,10106,10108,16365,46700,36333,0,0,8869,1296,5328,1372,4102,308,5027,0,0,19388,53285,167,710,0,0,0,0,0
719,498,720.382470625784,99847,5065,2633,121,30,35010,17871,0.529620319088205,3028,1689,14188,19088,17686,10381,9911,16178,46725,36362,0,0,8677,1278,5281,1417,4274,327,5137,0,0,19904,52690,163,699,0,0,0,0,0
720,498,721.3360422201389,99840,5049,2645,127,31,35695,18231,0.5401241987179487,3134,1747,13959,18939,18044,10619,9686,16018,46750,36391,0,0,8520,1244,5230,1469,4468,343,5208,0,0,20408,52094,160,696,0,0,0,0,0
721,498,722.2696093094194,99836,5089,2672,129,33,36387,18637,0.5511438759565688,3183,1770,13712,18795,18393,10896,9493,15833,46775,36419,0,0,8354,1219,5186,1506,4649,363,5293,0,0,20917,51505,159,685,0,0,0,0,0
722,498,723.1837550572118,99833,5136,2736,132,33,37120,19056,0.562699708513217,3141,1752,13504,18662,18764,11159,9322,15657,46800,36447,0,0,8175,1193,5129,1563,4830,387,5378,0,0,21400,50946,154,678,0,0,0,0,0
723,498,724.0798034460021,99829,5144,2806,135,34,37819,19464,0.5738112171813802,3123,1759,13286,18536,19156,11377,9155,15487,46824,36475,0,0,7998,1161,5087,1620,4982,424,5473,0,0,21874,50384,152,674,0,0,0,0,0
724,498,725.3895633748774,99825,5190,2889,137,36,38828,20067,0.5899824693213123,3151,1711,12982,18357,19656,11737,8883,15269,46848,36502,0,0,7757,1131,5015,1692,5249,465,5603,0,0,22517,49584,150,662,0,0,0,0,0
725,498,726.242229266443,99820,5213,2947,139,39,39455,20436,0.5999899819675416,3175,1748,12801,18209,19952,11947,8719,15109,46872,36529,0,0,7598,1115,4967,1719,5428,489,5687,0,0,22912,49098,147,660,0,0,0,0,0
726,498,727.0808319805319,99817,5208,2960,141,40,40118,20810,0.6103970265586023,3131,1762,12638,18069,20305,12206,8576,14962,46896,36556,0,0,7431,1091,4921,1743,5637,519,5784,0,0,23342,48552,142,655,0,0,0,0,0
727,498,728.3129545717846,99811,5240,2978,147,40,41055,21333,0.6250613659817055,3092,1797,12372,17912,20787,12552,8361,14720,46920,36583,0,0,7248,1065,4848,1793,5939,553,5871,0,0,23942,47769,138,645,0,0,0,0,0
728,498,729.1180409173909,99808,5296,2986,149,41,41699,21683,0.6350392754087849,3090,1780,12176,17825,21062,12773,8226,14594,46943,36609,0,0,7103,1042,4808,1842,6143,583,5930,0,0,24279,47310,136,632,0,0,0,0,0
729,498,730.3044618660768,99804,5292,3022,153,41,42620,22196,0.6494328884613844,3070,1764,11961,17676,21523,13096,8000,14400,46966,36635,0,0,6889,1012,4747,1914,6442,626,6039,0,0,24790,46598,130,617,0,0,0,0,0
730,498,731.081305868924,99798,5264,3014,156,44,43189,22539,0.6586103929938476,3067,1775,11830,17570,21812,13343,7870,14253,46989,36661,0,0,6743,996,4702,1952,6619,657,6104,0,0,25200,46091,124,610,0,0,0,0,0
731,498,732.2275435328373,99794,5292,3092,159,45,44080,23076,0.6729462693147885,3041,1799,11601,17389,22235,13627,7671,14047,47012,36686,0,0,6566,967,4647,2028,6867,699,6171,0,0,25749,45374,122,604,0,0,0,0,0
732,498,733.3514979860954,99790,5257,3108,161,47,44904,23612,0.6866018639142198,2982,1735,11424,17254,22654,13993,7521,13862,47034,36711,0,0,6393,929,4577,2106,7159,742,6229,0,0,26287,44658,118,592,0,0,0,0,0
733,498,734.0895411458094,99788,5208,3082,163,47,45444,23911,0.6950234497133924,2942,1736,11321,17179,22949,14210,7416,13745,47056,36736,0,0,6263,909,4531,2141,7357,785,6283,0,0,26608,44212,115,584,0,0,0,0,0
734,498,735.181814376528,99785,5246,3071,166,47,46257,24392,0.708012226286516,2911,1747,11146,17023,23282,14544,7248,13567,47078,36761,0,0,6119,888,4469,2198,7626,835,6321,0,0,27098,43546,111,574,0,0,0,0,0
735,498,736.2576500632609,99783,5281,3048,168,47,47076,24829,0.7206137317980017,2856,1763,11010,16914,23611,14816,7073,13411,47100,36785,0,0,5988,868,4399,2272,7916,887,6339,0,0,27524,42919,109,562,0,0,0,0,0
736,498,737.3186691813987,99781,5209,3039,168,49,47810,25270,0.732403964682655,2932,1733,10845,16806,23928,15127,6917,13245,47122,36809,0,0,5853,848,4338,2323,8187,947,6374,0,0,27978,42272,105,556,0,0,0,0,0
737,498,738.0184181413528,99781,5167,3062,168,49,48321,25565,0.7404816548240647,2899,1741,10766,16711,24186,15285,6813,13151,47144,36833,0,0,5736,831,4306,2352,8384,975,6413,0,0,28260,41868,104,552,0,0,0,0,0
738,498,739.0554577265591,99779,5149,3083,169,50,49049,26006,0.7522123893805309,2866,1733,10612,16613,24535,15527,6668,12993,47165,36857,0,0,5600,814,4250,2398,8662,1029,6454,0,0,28631,41294,103,544,0,0,0,0,0
739,498,740.0781714068827,99774,5179,3064,172,52,49828,26471,0.7647182632750015,2758,1666,10508,16548,24843,15844,6539,12825,47186,36880,0,0,5458,793,4189,2470,8924,1082,6477,0,0,29066,40678,101,536,0,0,0,0,0
740,498,741.0896438181036,99770,5135,3083,174,54,50515,26884,0.7757742808459457,2799,1653,10354,16442,25125,16083,6412,12684,47207,36903,0,0,5335,772,4135,2539,9174,1145,6484,0,0,29414,40156,92,524,0,0,0,0,0
741,498,742.090351833644,99769,5105,3031,175,54,51221,27290,0.7869278032254508,2734,1668,10267,16356,25423,16362,6295,12528,47228,36926,0,0,5213,766,4071,2576,9475,1204,6506,0,0,29781,39570,88,519,0,0,0,0,0
742,498,743.0802573635065,99764,5067,3033,179,55,51919,27703,0.7981035243173891,2681,1631,10145,16273,25741,16612,6186,12395,47249,36949,0,0,5082,748,4018,2611,9780,1264,6552,0,0,30066,39047,83,513,0,0,0,0,0
743,498,744.0590750422391,99758,5030,3005,183,57,52581,28106,0.808827362216564,2666,1584,10005,16216,26042,16876,6073,12261,47269,36972,0,0,4949,729,3961,2666,10072,1318,6579,0,0,30356,38538,82,508,0,0,0,0,0
744,498,745.0272636170398,99755,5006,2944,185,58,53207,28481,0.8188862713648438,2640,1608,9906,16137,26282,17141,5980,12111,47289,36994,0,0,4836,710,3906,2706,10330,1379,6605,0,0,30688,38015,79,501,0,0,0,0,0
745,498,746.3059083814003,99748,4931,2901,192,58,54035,28954,0.8319866062477443,2639,1624,9767,16039,26636,17444,5834,11933,47309,37016,0,0,4680,691,3841,2776,10677,1480,6635,0,0,30981,37417,77,493,0,0,0,0,0
746,498,747.254893098636,99748,4878,2886,192,58,54668,29348,0.8422825520311185,2574,1592,9702,15959,26913,17705,5740,11799,47329,37038,0,0,4562,676,3800,2816,10972,1541,6646,0,0,31235,36945,76,479,0,0,0,0,0
747,498,748.1958278705124,99740,4771,2880,196,62,55243,29732,0.8519651092841387,2562,1569,9624,15895,27199,17927,5647,11666,47349,37060,0,0,4455,658,3745,2857,11225,1622,6657,0,0,31494,36478,72,477,0,0,0,0,0
748,498,749.1286328102824,99738,4735,2857,198,62,55836,30084,0.8614570173855501,2537,1532,9564,15865,27412,18140,5553,11543,47369,37081,0,0,4353,637,3703,2900,11502,1684,6668,0,0,31697,36053,72,469,0,0,0,0,0
749,498,750.055161644298,99736,4726,2842,199,63,56423,30434,0.8708690944092404,2480,1492,9505,15818,27609,18346,5480,11438,47388,37102,0,0,4257,623,3660,2922,11757,1750,6679,0,0,31908,35643,72,465,0,0,0,0,0
750,498,751.2811319486411,99733,4647,2831,201,64,57172,30888,0.8829574965156969,2456,1498,9399,15731,27938,18599,5358,11276,47407,37123,0,0,4140,601,3605,2996,12065,1853,6676,0,0,32177,35091,70,459,0,0,0,0,0
751,498,752.1923982450307,99732,4597,2799,202,64,57728,31219,0.8918601852965948,2423,1463,9343,15692,28158,18816,5276,11165,47426,37144,0,0,4036,584,3561,3036,12309,1921,6692,0,0,32388,34682,70,453,0,0,0,0,0
752,498,753.0980594673402,99732,4580,2758,202,64,58272,31555,0.9006838326715598,2392,1438,9310,15649,28331,19026,5184,11064,47445,37165,0,0,3943,573,3522,3064,12565,1986,6700,0,0,32579,34283,69,448,0,0,0,0,0
753,498,754.2978883773293,99728,4504,2760,204,66,58986,31986,0.9122011872292636,2261,1433,9275,15575,28663,19248,5092,10917,47464,37185,0,0,3809,556,3474,3119,12826,2088,6720,0,0,32864,33764,69,439,0,0,0,0,0
754,498,755.1908833790177,99725,4415,2754,207,66,59490,32328,0.9207119578841815,2220,1390,9214,15526,28912,19443,5031,10820,47483,37205,0,0,3728,548,3426,3130,13067,2182,6723,0,0,33027,33390,69,435,0,0,0,0,0
755,498,756.0780461738722,99721,4385,2701,211,66,59979,32624,0.9286208521775754,2218,1365,9157,15495,29063,19631,4965,10741,47502,37225,0,0,3664,537,3401,3163,13264,2259,6700,0,0,33235,33001,66,431,0,0,0,0,0
756,498,757.2543135213704,99721,4323,2634,211,66,60616,33026,0.9390399213806521,2197,1331,9115,15461,29292,19887,4861,10620,47520,37245,0,0,3565,527,3366,3210,13550,2372,6696,0,0,33420,32528,64,423,0,0,0,0,0
757,498,758.1317895120116,99719,4248,2590,212,67,61097,33325,0.9468807348649706,2133,1293,9109,15430,29487,20077,4810,10542,47538,37265,0,0,3487,522,3334,3246,13755,2464,6690,0,0,33586,32155,61,419,0,0,0,0,0
758,498,759.0055259464058,99718,4205,2550,213,67,61556,33605,0.9543011291842998,2070,1278,9083,15377,29670,20238,4758,10489,47556,37284,0,0,3404,514,3297,3276,13981,2529,6685,0,0,33719,31837,61,415,0,0,0,0,0
759,498,760.1647769439437,99714,4082,2458,215,69,62118,33940,0.9633351384960989,2081,1317,9054,15322,29896,20462,4671,10371,47574,37303,0,0,3330,501,3245,3300,14269,2636,6678,0,0,33923,31370,58,404,0,0,0,0,0
760,498,761.029705162099,99713,4021,2461,216,69,62562,34244,0.970846328964127,2022,1276,9038,15305,30074,20601,4628,10287,47592,37322,0,0,3257,494,3207,3323,14492,2707,6669,0,0,34045,31058,58,403,0,0,0,0,0
761,498,762.1773912894021,99712,3978,2371,216,70,63188,34568,0.9803835044929397,1933,1267,9030,15256,30279,20835,4563,10200,47610,37341,0,0,3173,476,3170,3361,14790,2803,6653,0,0,34187,30643,57,399,0,0,0,0,0
762,498,763.034491773709,99708,3879,2365,218,72,63594,34837,0.9871926023990051,1912,1218,9002,15244,30477,20971,4511,10129,47627,37360,0,0,3117,469,3147,3388,15014,2871,6626,0,0,34282,30341,57,396,0,0,0,0,0
763,498,764.1717851776114,99706,3812,2344,220,72,64154,35217,0.9966401219585581,1868,1161,8979,15218,30685,21174,4435,10030,47644,37378,0,0,3051,463,3108,3411,15300,2968,6598,0,0,34419,29942,54,392,0,0,0,0,0
764,498,765.021026645916,99704,3760,2327,222,72,64552,35468,1.0031693813688518,1807,1142,8963,15208,30853,21286,4394,9964,47661,37396,0,0,2995,457,3076,3436,15486,3042,6578,0,0,34520,29668,54,392,0,0,0,0,0
765,498,766.1485384730763,99703,3692,2254,223,72,65097,35800,1.0119755674352828,1749,1101,8955,15195,31038,21502,4342,9875,47678,37414,0,0,2929,448,3042,3455,15769,3150,6565,0,0,34627,29283,52,383,0,0,0,0,0
766,498,767.2715511349858,99699,3571,2209,225,74,65589,36115,1.0201105327034374,1712,1067,8946,15185,31256,21671,4289,9793,47695,37432,0,0,2853,432,3014,3495,16061,3242,6555,0,0,34682,28940,50,375,0,0,0,0,0
767,498,768.1108971763285,99699,3481,2171,225,74,65951,36360,1.0261988585642785,1680,1049,8946,15160,31410,21829,4257,9716,47712,37450,0,0,2792,425,2992,3514,16267,3317,6539,0,0,34748,28682,49,374,0,0,0,0,0
768,498,769.226104667492,99698,3410,2135,225,75,66418,36655,1.0338522337459126,1645,1027,8961,15183,31559,21969,4199,9610,47729,37468,0,0,2743,418,2962,3525,16522,3419,6509,0,0,34795,28385,49,371,0,0,0,0,0
769,498,770.0601802914156,99693,3341,2091,229,76,66760,36850,1.0392906222101852,1591,1057,8973,15201,31696,22042,4169,9532,47745,37485,0,0,2703,415,2938,3516,16713,3484,6490,0,0,34878,28141,48,367,0,0,0,0,0
770,498,771.169015240148,99690,3221,2045,232,76,67179,37158,1.0466145049653928,1596,1010,8991,15180,31851,22224,4108,9464,47761,37502,0,0,2638,407,2906,3535,16941,3599,6479,0,0,34950,27828,48,359,0,0,0,0,0
771,498,772.2745228474056,99686,3143,2006,235,77,67620,37424,1.053748771141384,1549,1006,9017,15183,31998,22339,4057,9388,47777,37519,0,0,2589,398,2883,3549,17183,3690,6456,0,0,34994,27545,48,351,0,0,0,0,0
772,498,773.101650396342,99685,3114,1997,236,77,67909,37644,1.0588654260921904,1560,978,9029,15198,32026,22409,4034,9340,47793,37536,0,0,2560,391,2868,3564,17319,3755,6427,0,0,35068,27336,46,351,0,0,0,0,0
773,498,774.2035186474707,99684,3022,1950,237,77,68308,37905,1.0654969704265478,1577,968,9025,15228,32155,22512,3983,9264,47809,37553,0,0,2513,385,2841,3582,17507,3858,6395,0,0,35160,27051,46,346,0,0,0,0,0
774,498,775.02810992709,99683,2965,1904,237,78,68627,38091,1.0705737186882418,1524,951,9058,15226,32252,22614,3963,9226,47825,37570,0,0,2476,379,2825,3602,17683,3930,6365,0,0,35184,26852,43,344,0,0,0,0,0
775,498,776.125733164495,99681,2886,1848,239,78,69018,38344,1.077055808027608,1530,925,9075,15240,32355,22752,3914,9156,47841,37586,0,0,2431,366,2803,3629,17880,4030,6334,0,0,35240,26583,41,344,0,0,0,0,0
776,498,777.2216643320967,99680,2834,1813,239,79,69413,38582,1.083416934189406,1484,911,9112,15277,32462,22842,3868,9077,47857,37602,0,0,2390,363,2782,3665,18047,4128,6293,0,0,35297,26331,41,343,0,0,0,0,0
777,498,778.0425095431139,99679,2812,1769,239,80,69733,38752,1.0883435829011125,1426,919,9148,15288,32533,22924,3841,9019,47872,37618,0,0,2346,357,2770,3690,18198,4192,6267,0,0,35328,26152,41,338,0,0,0,0,0
778,498,779.1355672979015,99678,2803,1772,239,81,70151,39008,1.0951162744035796,1351,863,9172,15314,32624,23020,3810,8949,47887,37634,0,0,2304,353,2750,3705,18395,4263,6234,0,0,35383,25918,40,333,0,0,0,0,0
779,498,780.2270327609186,99677,2753,1728,240,81,70526,39244,1.1012570603047844,1318,833,9202,15336,32712,23131,3774,8890,47902,37650,0,0,2269,346,2738,3739,18564,4356,6186,0,0,35437,25671,39,332,0,0,0,0,0
780,498,781.0444874271956,99676,2696,1692,240,82,70775,39407,1.1054015008627955,1318,832,9214,15330,32777,23214,3754,8849,47917,37666,0,0,2231,343,2720,3751,18690,4427,6166,0,0,35469,25510,39,330,0,0,0,0,0
781,498,782.1334815304234,99674,2653,1642,242,82,71158,39613,1.1113329454020107,1240,832,9275,15353,32863,23295,3726,8795,47932,37682,0,0,2201,340,2701,3769,18875,4525,6125,0,0,35477,25295,39,327,0,0,0,0,0
782,498,783.2212116351177,99672,2593,1613,244,82,71497,39847,1.1171041014527652,1207,761,9302,15369,32963,23423,3690,8751,47947,37697,0,0,2170,334,2680,3785,19048,4624,6091,0,0,35493,25083,39,325,0,0,0,0,0
783,498,784.0362136192925,99670,2546,1586,246,82,71740,40004,1.1211397612119995,1176,752,9350,15410,33006,23464,3675,8705,47962,37712,0,0,2145,327,2667,3789,19169,4693,6058,0,0,35528,24932,39,323,0,0,0,0,0
784,498,785.1224166093688,99669,2478,1557,247,82,72075,40224,1.1267194413508714,1120,724,9440,15446,33074,23550,3640,8640,47977,37727,0,0,2113,323,2646,3792,19321,4796,6027,0,0,35576,24718,38,319,0,0,0,0,0
785,498,786.2085957281786,99664,2391,1480,250,84,72356,40424,1.131602183336009,1101,704,9493,15489,33147,23653,3617,8589,47992,37742,0,0,2079,320,2619,3811,19480,4885,5985,0,0,35623,24508,38,316,0,0,0,0,0
786,498,787.0229910496269,99662,2292,1447,251,85,72560,40574,1.1351768979149526,1109,677,9518,15510,33224,23728,3605,8552,48006,37757,0,0,2057,316,2599,3817,19635,4949,5959,0,0,35615,24363,37,315,0,0,0,0,0
787,498,788.1081400501657,99661,2262,1413,251,86,72867,40755,1.1400848877695386,1084,660,9572,15554,33252,23785,3578,8501,48020,37772,0,0,2031,315,2585,3833,19768,5031,5917,0,0,35646,24186,36,313,0,0,0,0,0
788,498,789.1932250422998,99658,2202,1349,252,88,73151,40906,1.1444841357442452,1065,670,9612,15604,33311,23834,3557,8454,48034,37787,0,0,2005,310,2568,3826,19922,5118,5884,0,0,35648,24029,36,312,0,0,0,0,0
789,498,790.0067778981004,99658,2163,1344,252,88,73385,41046,1.148236970438901,1035,657,9642,15642,33361,23845,3546,8423,48048,37801,0,0,1983,307,2559,3828,20015,5192,5863,0,0,35661,23902,36,312,0,0,0,0,0
790,498,791.0908840284126,99658,2100,1323,252,88,73643,41229,1.152662104397038,1027,639,9688,15689,33403,23889,3529,8371,48062,37815,0,0,1965,305,2543,3831,20176,5266,5827,0,0,35662,23737,36,310,0,0,0,0,0
791,498,792.1745435035581,99656,2050,1302,254,88,73923,41416,1.1573713574696958,1004,597,9747,15722,33444,23959,3500,8331,48076,37829,0,0,1940,302,2527,3836,20318,5348,5799,0,0,35672,23573,34,307,0,0,0,0,0
792,498,793.2585316988901,99655,2003,1222,255,88,74183,41559,1.1614269228839496,981,608,9773,15785,33506,24024,3481,8272,48090,37843,0,0,1915,299,2513,3845,20471,5431,5777,0,0,35643,23425,34,302,0,0,0,0,0
793,498,794.0711325739791,99653,1966,1200,256,89,74398,41686,1.164882141029372,935,599,9836,15808,33540,24067,3466,8236,48104,37857,0,0,1890,298,2502,3848,20562,5498,5746,0,0,35656,23317,34,302,0,0,0,0,0
794,498,795.1544580338642,99651,1854,1166,258,89,74636,41845,1.1688894240900745,945,585,9865,15866,33630,24100,3447,8193,48118,37871,0,0,1859,293,2482,3844,20729,5574,5727,0,0,35643,23164,34,302,0,0,0,0,0
795,498,796.2368688261531,99650,1803,1137,258,90,74898,41999,1.1730757651781234,909,572,9936,15900,33672,24153,3421,8147,48131,37885,0,0,1835,288,2464,3845,20852,5651,5699,0,0,35670,23012,33,301,0,0,0,0,0
796,498,797.048679093139,99650,1796,1114,258,90,75074,42120,1.1760561966884093,892,546,9988,15937,33657,24201,3408,8111,48144,37899,0,0,1814,280,2454,3848,20935,5703,5684,0,0,35682,22917,33,300,0,0,0,0,0
797,498,798.1323008622621,99647,1772,1093,260,91,75311,42266,1.1799351711541743,877,530,10072,15984,33639,24229,3379,8072,48157,37912,0,0,1788,276,2440,3835,21069,5772,5676,0,0,35650,22809,33,299,0,0,0,0,0
798,498,799.2169383537744,99647,1709,1062,260,91,75537,42402,1.1835679950224292,835,535,10129,16048,33699,24235,3367,8028,48170,37925,0,0,1769,274,2429,3840,21194,5850,5651,0,0,35630,22684,31,295,0,0,0,0,0
799,498,800.0303554396297,99647,1670,1047,260,91,75716,42499,1.1863377723363473,816,542,10182,16105,33708,24216,3363,7998,48183,37938,0,0,1754,272,2421,3843,21271,5906,5624,0,0,35651,22582,31,292,0,0,0,0,0
800,498,801.1153894753821,99646,1656,1000,260,92,75961,42631,1.1901330710715934,758,515,10257,16173,33721,24266,3347,7953,48196,37951,0,0,1732,271,2409,3852,21359,5985,5603,0,0,35675,22441,28,291,0,0,0,0,0
801,498,802.2013845331126,99646,1594,966,260,92,76162,42765,1.1934949722015937,737,492,10326,16219,33746,24311,3336,7919,48209,37964,0,0,1708,270,2397,3848,21474,6059,5581,0,0,35661,22331,28,289,0,0,0,0,0
802,498,803.0162338229908,99645,1553,957,261,92,76302,42871,1.1959757137839329,725,478,10369,16256,33759,24319,3332,7897,48222,37977,0,0,1695,267,2392,3841,21559,6108,5562,0,0,35658,22247,28,288,0,0,0,0,0
803,498,804.103355544378,99642,1497,915,264,92,76498,43001,1.1992834346962125,720,455,10420,16303,33767,24369,3331,7865,48235,37990,0,0,1676,265,2380,3835,21668,6184,5541,0,0,35649,22129,28,287,0,0,0,0,0
804,498,805.1915899595924,99638,1446,909,267,93,76670,43125,1.2023023344507116,714,450,10498,16380,33755,24345,3319,7822,48248,38003,0,0,1653,264,2371,3842,21758,6241,5518,0,0,35641,22036,28,286,0,0,0,0,0
805,498,806.0084554413583,99637,1405,882,268,93,76802,43218,1.2045725985326736,719,449,10559,16428,33735,24361,3313,7786,48260,38015,0,0,1639,263,2364,3846,21830,6296,5495,0,0,35628,21963,28,285,0,0,0,0,0
806,498,807.0991599193873,99637,1376,877,268,93,76977,43349,1.2076437468008872,724,422,10648,16490,33682,24366,3301,7751,48272,38027,0,0,1622,261,2354,3836,21905,6360,5480,0,0,35641,21866,28,284,0,0,0,0,0
807,498,808.1920792042598,99637,1367,841,268,93,77180,43474,1.2109356965785802,718,391,10695,16564,33655,24396,3296,7714,48284,38039,0,0,1598,258,2341,3837,22014,6419,5467,0,0,35623,21770,28,282,0,0,0,0,0
808,498,809.0128589123353,99636,1400,811,268,94,77350,43538,1.2132963988919667,673,406,10766,16614,33597,24389,3295,7685,48296,38051,0,0,1591,256,2331,3840,22069,6466,5449,0,0,35618,21709,27,280,0,0,0,0,0
809,498,810.1090779812235,99635,1366,797,269,94,77547,43643,1.2163396396848496,616,391,10853,16680,33608,24379,3287,7658,48308,38063,0,0,1568,256,2322,3847,22173,6522,5425,0,0,35585,21631,26,280,0,0,0,0,0
810,498,811.2063500330232,99633,1302,769,271,94,77710,43731,1.2188833017173024,615,411,10931,16769,33605,24335,3275,7621,48320,38075,0,0,1548,256,2306,3847,22268,6583,5404,0,0,35563,21555,26,277,0,0,0,0,0
811,498,812.0301909079205,99633,1296,779,271,94,77841,43816,1.2210512581172905,598,397,10999,16820,33573,24307,3262,7602,48332,38087,0,0,1539,252,2302,3844,22323,6622,5385,0,0,35566,21497,26,277,0,0,0,0,0
812,498,813.1303014873017,99633,1270,747,271,94,78001,43926,1.2237612036172754,622,376,11081,16880,33516,24333,3239,7569,48344,38099,0,0,1526,249,2295,3845,22419,6675,5361,0,0,35553,21410,26,274,0,0,0,0,0
813,498,814.2324018896261,99631,1229,730,272,95,78160,44028,1.226405436059058,611,341,11155,16971,33508,24328,3224,7534,48356,38111,0,0,1508,247,2289,3857,22475,6744,5338,0,0,35545,21330,25,273,0,0,0,0,0
814,498,815.0597957842045,99631,1252,705,272,95,78299,44099,1.2285132137587698,569,331,11203,17024,33484,24328,3219,7516,48368,38123,0,0,1494,247,2281,3855,22537,6778,5326,0,0,35543,21272,25,273,0,0,0,0,0
815,498,816.164200620059,99630,1203,689,273,95,78449,44196,1.231004717454582,568,304,11281,17108,33463,24329,3211,7474,48380,38134,0,0,1482,244,2276,3852,22605,6842,5306,0,0,35537,21193,25,268,0,0,0,0,0
816,498,817.270563890218,99630,1176,683,273,95,78598,44294,1.2334838903944596,546,288,11392,17169,33409,24326,3203,7438,48391,38145,0,0,1472,243,2266,3852,22662,6899,5281,0,0,35552,21110,25,268,0,0,0,0,0
817,498,818.1020193423984,99628,1144,659,275,95,78697,44353,1.2350945517324448,561,293,11465,17225,33359,24315,3195,7412,48402,38156,0,0,1462,240,2258,3863,22702,6943,5260,0,0,35549,21058,25,268,0,0,0,0,0
818,498,819.2126018763703,99628,1140,632,275,95,78861,44441,1.2376239611354238,528,281,11544,17305,33329,24304,3183,7382,48413,38167,0,0,1453,240,2251,3866,22767,7003,5235,0,0,35531,20991,24,267,0,0,0,0,0
819,498,820.0467457610436,99628,1092,629,275,95,78953,44503,1.2391697113261333,531,286,11613,17347,33316,24281,3172,7361,48424,38178,0,0,1444,240,2249,3856,22798,7053,5220,0,0,35538,20939,24,267,0,0,0,0,0
820,498,821.1603244558396,99628,1031,586,275,95,79090,44574,1.241257477817481,515,295,11721,17424,33304,24261,3153,7338,48435,38189,0,0,1432,239,2243,3849,22887,7110,5203,0,0,35510,20864,24,267,0,0,0,0,0
821,498,822.2756330740391,99628,956,569,275,95,79197,44651,1.2431043481752118,527,297,11815,17518,33279,24216,3147,7304,48446,38200,0,0,1418,238,2234,3842,22950,7164,5181,0,0,35516,20796,23,266,0,0,0,0,0
822,498,823.1132240780607,99627,933,580,276,95,79301,44730,1.2449536772160157,500,286,11914,17580,33239,24176,3137,7282,48457,38211,0,0,1408,237,2233,3834,23009,7198,5164,0,0,35504,20751,23,266,0,0,0,0,0
823,498,824.2321631284102,99627,924,588,276,95,79440,44813,1.2471819888182922,465,277,12021,17656,33184,24132,3129,7251,48468,38222,0,0,1400,237,2229,3825,23075,7240,5146,0,0,35490,20698,23,264,0,0,0,0,0
824,498,825.0731303695171,99626,898,573,277,95,79534,44872,1.2487302511392608,455,275,12103,17715,33140,24105,3126,7236,48479,38233,0,0,1388,237,2225,3826,23095,7290,5130,0,0,35498,20650,23,264,0,0,0,0,0
825,498,826.1967128569119,99626,872,544,277,95,79647,44937,1.2505169333306567,470,287,12181,17794,33087,24076,3112,7203,48490,38243,0,0,1374,233,2220,3827,23161,7325,5117,0,0,35497,20586,23,263,0,0,0,0,0
826,498,827.04075220443,99626,856,541,277,95,79735,45003,1.2520627145524261,459,266,12231,17872,33069,24046,3107,7179,48501,38253,0,0,1361,232,2215,3827,23200,7354,5105,0,0,35514,20533,23,262,0,0,0,0,0
827,498,828.1673867191886,99626,854,542,277,95,79855,45085,1.2540902977134483,428,257,12344,17928,32997,24023,3099,7154,48512,38263,0,0,1353,231,2212,3823,23260,7391,5088,0,0,35497,20486,23,262,0,0,0,0,0
828,498,829.0142349912256,99625,840,521,278,95,79943,45133,1.2554680050188205,416,259,12405,18007,32966,23982,3094,7135,48523,38273,0,0,1343,230,2208,3820,23310,7418,5077,0,0,35498,20437,23,261,0,0,0,0,0
829,498,830.145701117484,99625,842,505,278,95,80080,45195,1.257465495608532,402,261,12519,18081,32880,23945,3078,7112,48533,38283,0,0,1330,227,2206,3824,23330,7475,5071,0,0,35495,20384,22,261,0,0,0,0,0
830,498,831.2801739078401,99624,810,488,279,95,80182,45262,1.2591744961053561,399,245,12619,18160,32822,23930,3070,7081,48543,38293,0,0,1322,226,2201,3819,23378,7523,5055,0,0,35485,20333,22,260,0,0,0,0,0
831,498,832.132998747133,99624,789,499,279,95,80268,45321,1.2606299686822453,380,232,12711,18228,32770,23882,3070,7063,48553,38303,0,0,1314,224,2198,3817,23411,7560,5039,0,0,35477,20303,22,259,0,0,0,0,0
832,498,833.272383868729,99624,790,482,279,95,80385,45390,1.262496988677427,351,220,12804,18328,32716,23834,3059,7040,48563,38313,0,0,1306,223,2196,3805,23467,7599,5028,0,0,35473,20246,22,259,0,0,0,0,0
833,498,834.1286587564443,99622,782,469,279,97,80471,45434,1.2638272670695228,332,223,12877,18394,32673,23790,3056,7026,48573,38323,0,0,1298,222,2194,3801,23506,7628,5013,0,0,35463,20216,22,259,0,0,0,0,0
834,498,835.2726059212583,99621,773,453,279,98,80576,45497,1.26552634484697,327,213,12979,18476,32599,23758,3042,7001,48583,38333,0,0,1291,222,2193,3795,23545,7673,4995,0,0,35452,20176,21,258,0,0,0,0,0
835,498,836.1324336032476,99621,754,447,279,98,80655,45543,1.266781100370404,315,207,13059,18540,32558,23713,3034,6994,48593,38343,0,0,1280,221,2190,3796,23572,7708,4985,0,0,35451,20140,21,257,0,0,0,0,0
836,498,837.2810766620681,99621,732,419,279,98,80741,45595,1.2681663504682748,317,214,13147,18624,32501,23676,3023,6968,48603,38353,0,0,1274,221,2188,3791,23598,7756,4972,0,0,35458,20085,21,257,0,0,0,0,0
837,498,838.1441539168198,99621,695,424,279,98,80806,45638,1.2692504592405216,304,200,13201,18706,32494,23621,3026,6950,48613,38362,0,0,1268,220,2186,3797,23633,7782,4949,0,0,35448,20060,21,257,0,0,0,0,0
838,498,839.0081421703169,99621,661,424,279,98,80869,45689,1.2703947962778932,312,181,13280,18789,32444,23570,3023,6937,48623,38371,0,0,1263,220,2183,3795,23665,7815,4932,0,0,35448,20023,21,256,0,0,0,0,0
839,498,840.1625878855403,99620,651,415,280,98,80969,45742,1.2719433848624775,301,178,13373,18880,32384,23518,3010,6910,48633,38380,0,0,1249,219,2180,3793,23695,7850,4920,0,0,35459,19978,21,256,0,0,0,0,0
840,498,841.0300128199161,99620,633,409,280,98,81041,45781,1.2730576189520177,281,182,13453,18929,32351,23483,3001,6898,48643,38389,0,0,1243,218,2175,3784,23729,7880,4906,0,0,35455,19953,21,256,0,0,0,0,0
841,498,842.1889030356775,99620,611,395,280,98,81117,45827,1.2742822726360168,293,183,13560,19023,32262,23438,2993,6862,48653,38398,0,0,1240,218,2174,3773,23753,7917,4887,0,0,35478,19903,21,256,0,0,0,0,0
842,498,843.0601701484748,99620,577,374,280,98,81176,45865,1.2752559726962458,297,188,13641,19092,32218,23400,2986,6847,48663,38407,0,0,1232,217,2173,3768,23803,7942,4873,0,0,35469,19866,21,256,0,0,0,0,0
843,498,844.2246599594594,99619,594,372,281,98,81264,45920,1.2767042431664641,278,177,13775,19193,32100,23334,2971,6825,48672,38416,0,0,1226,217,2169,3762,23843,7962,4861,0,0,35473,19830,21,255,0,0,0,0,0
844,498,845.1008010949993,99619,572,382,281,98,81330,45967,1.2778385649323925,264,168,13851,19260,32063,23287,2968,6804,48681,38425,0,0,1219,216,2168,3759,23869,7994,4846,0,0,35457,19815,21,255,0,0,0,0,0
845,498,846.2711954729468,99619,558,369,281,98,81412,46008,1.2790732691554825,260,164,13953,19341,31984,23245,2963,6782,48690,38434,0,0,1213,215,2163,3750,23911,8026,4837,0,0,35449,19780,21,254,0,0,0,0,0
846,498,847.1511184027305,99619,540,358,281,98,81473,46045,1.280057017235668,246,158,14025,19411,31948,23209,2959,6765,48699,38443,0,0,1205,214,2157,3747,23936,8058,4824,0,0,35444,19760,21,253,0,0,0,0,0
847,498,848.0326414938952,99617,517,357,283,98,81524,46083,1.2809761386108798,261,156,14089,19496,31897,23143,2952,6749,48708,38452,0,0,1202,213,2156,3740,23980,8076,4814,0,0,35430,19733,20,253,0,0,0,0,0
848,498,849.2102891338582,99617,499,343,283,98,81595,46127,1.2821305600449722,245,144,14192,19593,31829,23098,2951,6723,48717,38461,0,0,1194,213,2152,3732,24031,8099,4804,0,0,35423,19696,20,253,0,0,0,0,0
849,498,850.0955265069866,99617,489,321,283,98,81653,46156,1.2830039049559814,231,138,14280,19674,31762,23052,2954,6716,48726,38470,0,0,1191,212,2148,3732,24075,8117,4784,0,0,35418,19668,20,252,0,0,0,0,0
850,498,851.2794353343148,99617,475,310,283,98,81713,46195,1.2839977112340264,232,137,14393,19757,31669,23000,2947,6697,48735,38478,0,0,1185,212,2144,3739,24102,8143,4765,0,0,35416,19640,19,252,0,0,0,0,0
851,498,852.1698936386329,99617,483,305,283,98,81770,46228,1.2849011714867944,218,126,14470,19829,31600,22951,2945,6690,48744,38486,0,0,1179,212,2143,3737,24127,8162,4755,0,0,35405,19626,19,252,0,0,0,0,0
852,498,853.0624134993695,99617,472,301,283,98,81823,46259,1.2857444010560446,215,122,14561,19914,31528,22889,2940,6675,48753,38494,0,0,1174,212,2142,3735,24154,8182,4739,0,0,35402,19607,19,251,0,0,0,0,0
853,498,854.2556055471755,99616,454,280,284,98,81886,46287,1.2866708159331834,211,125,14674,19994,31443,22845,2933,6657,48762,38502,0,0,1169,212,2141,3730,24191,8209,4731,0,0,35386,19578,19,250,0,0,0,0,0
854,498,855.1529720418284,99616,443,280,284,98,81935,46318,1.2874738997751365,202,124,14759,20061,31391,22793,2920,6643,48771,38510,0,0,1164,211,2141,3722,24202,8237,4722,0,0,35389,19559,19,250,0,0,0,0,0
855,498,856.052048742113,99615,436,275,284,99,81980,46348,1.2882397229332931,202,121,14838,20130,31324,22744,2915,6630,48780,38518,0,0,1158,211,2138,3721,24226,8260,4714,0,0,35370,19549,19,249,0,0,0,0,0
856,498,857.2539840243421,99615,423,271,284,99,82045,46383,1.2892435878130803,196,122,14945,20215,31239,22683,2912,6609,48789,38526,0,0,1150,211,2132,3717,24244,8292,4705,0,0,35370,19526,19,249,0,0,0,0,0
857,498,858.1576745487419,99614,414,260,285,99,82095,46408,1.2900094364245989,190,120,15042,20287,31162,22641,2906,6592,48798,38534,0,0,1144,211,2129,3714,24258,8319,4694,0,0,35368,19509,19,249,0,0,0,0,0
858,498,859.0638666942705,99614,401,241,285,99,82134,46429,1.2906117613990002,190,118,15120,20367,31103,22591,2900,6583,48807,38542,0,0,1136,211,2127,3713,24270,8342,4683,0,0,35376,19488,19,249,0,0,0,0,0
859,498,860.2752251284905,99614,386,247,285,99,82189,46476,1.2916357138554821,186,95,15230,20490,31021,22522,2891,6546,48815,38550,0,0,1132,211,2124,3717,24286,8372,4666,0,0,35371,19469,19,247,0,0,0,0,0
860,498,861.1861745015935,99614,386,230,285,99,82233,46494,1.29225811632903,169,96,15324,20559,30948,22489,2887,6526,48823,38558,0,0,1131,211,2123,3718,24296,8390,4652,0,0,35387,19440,19,247,0,0,0,0,0
861,498,862.0994510224024,99614,371,224,285,99,82265,46520,1.2928403638042845,164,96,15414,20645,30883,22426,2882,6509,48831,38566,0,0,1125,210,2123,3717,24321,8404,4641,0,0,35384,19424,19,246,0,0,0,0,0
862,498,863.0149770183399,99614,357,217,285,99,82300,46544,1.2934326500291125,165,97,15510,20716,30802,22374,2880,6496,48839,38574,0,0,1121,209,2121,3714,24347,8418,4630,0,0,35384,19407,19,244,0,0,0,0,0
863,498,864.2394553001947,99614,339,209,285,99,82344,46575,1.2941855562471138,155,88,15637,20849,30712,22287,2871,6467,48847,38582,0,0,1118,208,2118,3714,24369,8441,4617,0,0,35381,19385,19,244,0,0,0,0,0
864,498,865.160567499249,99614,325,194,285,99,82373,46597,1.294697532475355,151,85,15742,20931,30631,22238,2865,6452,48855,38590,0,0,1114,207,2116,3718,24375,8460,4603,0,0,35398,19361,19,243,0,0,0,0,0
865,498,866.0844223044458,99614,321,198,285,99,82402,46621,1.2952295862027425,152,84,15825,21006,30551,22177,2865,6435,48863,38597,0,0,1108,206,2114,3713,24396,8469,4597,0,0,35394,19355,19,243,0,0,0,0,0
866,498,867.0107277010898,99614,329,186,285,99,82445,46637,1.2958218724275705,141,85,15905,21077,30478,22126,2861,6426,48871,38604,0,0,1103,206,2113,3709,24410,8487,4589,0,0,35388,19347,19,243,0,0,0,0,0
867,498,868.2494263363784,99614,310,193,285,99,82488,46669,1.296574778645572,140,80,16025,21163,30382,22058,2857,6406,48879,38611,0,0,1095,206,2111,3704,24420,8512,4585,0,0,35390,19329,19,243,0,0,0,0,0
868,498,869.1811564140106,99614,295,189,285,99,82513,46686,1.2969964061276527,146,90,16115,21239,30306,22001,2852,6381,48887,38618,0,0,1091,206,2110,3695,24443,8526,4582,0,0,35381,19319,19,242,0,0,0,0,0
869,498,870.115247041301,99614,291,197,285,99,82550,46708,1.2975886923524806,145,86,16191,21317,30236,21928,2851,6372,48895,38625,0,0,1086,204,2111,3694,24461,8535,4574,0,0,35379,19309,19,242,0,0,0,0,0
870,498,871.0515080795215,99614,294,193,285,99,82583,46727,1.2981107073302949,136,87,16289,21387,30149,21875,2846,6358,48903,38632,0,0,1081,204,2110,3686,24471,8551,4571,0,0,35380,19299,19,242,0,0,0,0,0
871,498,872.3041592963461,99614,279,190,285,99,82628,46752,1.2988134198004297,119,77,16413,21482,30063,21814,2840,6337,48911,38639,0,0,1076,203,2109,3687,24480,8575,4557,0,0,35384,19283,19,241,0,0,0,0,0
872,498,873.2464091019814,99613,253,181,286,99,82649,46765,1.299167779305914,128,78,16513,21541,29985,21778,2834,6322,48919,38646,0,0,1071,203,2108,3687,24493,8590,4549,0,0,35384,19269,19,240,0,0,0,0,0
873,498,874.1912568773887,99613,255,175,286,99,82683,46781,1.2996697218234567,128,81,16597,21612,29901,21720,2832,6312,48927,38653,0,0,1066,202,2106,3687,24502,8606,4540,0,0,35384,19261,19,240,0,0,0,0,0
874,498,875.1387251707457,99613,243,183,286,99,82713,46810,1.3002620139941574,135,67,16662,21686,29848,21665,2825,6299,48935,38660,0,0,1064,201,2105,3682,24520,8623,4531,0,0,35378,19250,19,240,0,0,0,0,0
875,498,876.08815950026,99613,236,167,286,99,82742,46826,1.300713762259946,128,66,16766,21741,29760,21633,2823,6293,48943,38667,0,0,1064,200,2103,3673,24535,8644,4522,0,0,35378,19235,19,240,0,0,0,0,0
876,498,877.0404129914211,99613,223,157,286,99,82772,46836,1.3011153162739804,128,66,16865,21818,29679,21579,2818,6280,48951,38674,0,0,1059,200,2103,3666,24549,8657,4516,0,0,35383,19221,19,240,0,0,0,0,0
877,498,878.3144692233722,99613,230,152,286,99,82820,46858,1.3018180357985403,108,63,16992,21937,29571,21495,2812,6253,48959,38681,0,0,1055,199,2103,3664,24567,8670,4506,0,0,35386,19204,19,240,0,0,0,0,0
878,498,879.2732518281755,99613,228,140,286,99,82846,46875,1.3022497063636271,109,59,17085,22022,29481,21444,2810,6235,48966,38688,0,0,1051,198,2104,3660,24582,8687,4501,0,0,35373,19198,19,240,0,0,0,0,0
879,498,880.2350342602342,99613,221,143,286,99,82870,46894,1.3026813769287142,105,55,17171,22111,29408,21380,2808,6211,48973,38695,0,0,1049,198,2104,3664,24583,8701,4488,0,0,35380,19187,19,240,0,0,0,0,0
880,498,881.1994984666044,99612,212,134,287,99,82890,46905,1.3030056619684376,104,56,17261,22189,29331,21319,2804,6202,48980,38702,0,0,1043,198,2104,3659,24596,8710,4483,0,0,35385,19176,19,239,0,0,0,0,0
881,498,882.1665099706149,99612,213,129,287,99,82919,46918,1.3034272979159138,98,60,17345,22275,29255,21261,2801,6175,48987,38709,0,0,1041,198,2103,3658,24609,8720,4470,0,0,35387,19168,19,239,0,0,0,0,0
882,498,883.1361082868841,99612,199,129,287,99,82938,46934,1.3037786612054774,94,55,17420,22348,29198,21215,2801,6153,48994,38716,0,0,1036,197,2101,3654,24625,8729,4461,0,0,35389,19162,19,239,0,0,0,0,0
883,498,884.1078649876097,99612,189,127,287,99,82955,46951,1.3041199855439103,100,53,17507,22443,29118,21143,2798,6134,49001,38723,0,0,1033,197,2100,3649,24642,8740,4454,0,0,35383,19156,19,239,0,0,0,0,0
884,498,885.0823663156101,99612,181,117,287,99,82978,46961,1.304451270931213,102,58,17597,22522,29040,21085,2792,6118,49008,38729,0,0,1030,196,2100,3643,24648,8756,4451,0,0,35384,19146,19,239,0,0,0,0,0
885,498,886.0595559058756,99612,181,111,287,99,83005,46983,1.304943179536602,95,49,17696,22609,28950,21026,2790,6105,49015,38735,0,0,1028,196,2099,3638,24652,8775,4445,0,0,35389,19133,19,238,0,0,0,0,0
886,498,887.0399980214197,99612,175,109,287,99,83028,46994,1.3052845038750351,102,48,17784,22683,28864,20961,2787,6099,49022,38741,0,0,1025,195,2100,3637,24665,8783,4436,0,0,35389,19125,19,238,0,0,0,0,0
887,498,888.0232325444215,99612,172,103,287,99,83048,47001,1.3055555555555556,96,54,17867,22766,28790,20893,2787,6084,49029,38747,0,0,1021,195,2100,3636,24674,8789,4428,0,0,35393,19119,19,238,0,0,0,0,0
888,498,889.0092123401115,99612,174,103,287,99,83076,47010,1.3059269967473799,92,55,17959,22846,28711,20824,2776,6072,49036,38753,0,0,1020,194,2100,3635,24690,8796,4417,0,0,35387,19116,19,238,0,0,0,0,0
889,498,890.3283354684809,99612,176,110,287,99,83105,47029,1.3064088664016384,81,53,18099,22954,28590,20744,2766,6039,49043,38759,0,0,1019,194,2099,3627,24712,8803,4411,0,0,35379,19111,19,238,0,0,0,0,0
890,498,891.3210968711253,99612,163,109,287,99,83118,47041,1.3066598401798981,81,54,18181,23043,28524,20667,2763,6027,49050,38765,0,0,1018,194,2099,3625,24725,8812,4400,0,0,35376,19106,19,238,0,0,0,0,0
891,498,892.3163823923117,99612,160,107,287,99,83139,47051,1.3069710476649399,72,59,18279,23129,28438,20597,2763,6008,49057,38771,0,0,1016,193,2099,3624,24729,8822,4392,0,0,35385,19096,19,237,0,0,0,0,0
892,498,893.3147713150105,99612,152,100,287,99,83155,47061,1.30723206039433,68,61,18389,23210,28354,20534,2749,5995,49064,38777,0,0,1013,193,2099,3623,24736,8835,4384,0,0,35382,19091,19,237,0,0,0,0,0
893,498,894.3163783963718,99612,151,98,287,99,83172,47077,1.3075633457816327,70,59,18484,23283,28262,20483,2745,5977,49071,38783,0,0,1009,192,2100,3618,24743,8846,4379,0,0,35383,19086,19,237,0,0,0,0,0
894,498,895.3212459592044,99612,138,96,287,99,83184,47096,1.3078745532666747,80,49,18580,23361,28176,20428,2738,5966,49078,38789,0,0,1006,190,2100,3611,24756,8858,4375,0,0,35385,19077,19,235,0,0,0,0,0
895,498,896.329202429643,99612,133,98,287,99,83202,47107,1.308165682849456,79,47,18661,23434,28101,20370,2738,5951,49085,38795,0,0,1000,190,2100,3609,24759,8870,4373,0,0,35379,19079,19,234,0,0,0,0,0
896,498,897.0028090965202,99612,140,92,287,99,83219,47112,1.3083865397743244,69,44,18741,23476,28022,20336,2740,5952,49092,38801,0,0,995,190,2099,3608,24760,8878,4367,0,0,35383,19079,19,234,0,0,0,0,0
897,498,898.0163760632347,99612,134,85,287,99,83240,47123,1.3087077862104968,62,43,18836,23573,27944,20263,2736,5936,49099,38807,0,0,993,190,2095,3604,24768,8892,4360,0,0,35387,19070,19,234,0,0,0,0,0
898,498,899.0331149038514,99612,137,97,287,99,83262,47138,1.309079227402321,61,36,18931,23665,27856,20186,2727,5916,49106,38813,0,0,992,190,2094,3601,24770,8902,4351,0,0,35390,19069,19,234,0,0,0,0,0
899,498,900.0528679182556,99612,129,95,287,99,83270,47144,1.3092197727181465,86,58,18978,23717,27800,20130,2719,5900,49106,38813,0,0,992,190,2093,3602,24779,8906,4350,0,0,35384,19064,19,233,0,0,0,0,0
900,498,900.0528679182556,99612,130,92,287,99,83281,47146,1.3093502790828415,85,62,19008,23743,27777,20112,2712,5891,49106,38813,0,0,990,190,2092,3603,24781,8909,4349,2,3,35380,19061,19,233,0,0,0,0,0
901,498,901.0754477162432,99612,145,95,287,99,83308,47163,1.3097919929325783,84,58,19094,23827,27686,20055,2703,5865,49106,38813,0,0,990,190,2090,3603,24793,8912,4347,2,8,35369,19056,19,233,0,0,0,0,0
902,498,902.1012257304471,99612,157,98,287,99,83332,47175,1.3101533951732722,93,57,19173,23895,27589,20000,2700,5850,49106,38813,0,0,990,190,2088,3605,24802,8915,4345,2,11,35359,19053,19,233,0,0,0,0,0
903,498,903.1303721320238,99612,147,102,287,99,83352,47197,1.3105750311207485,95,47,19293,23985,27487,19942,2690,5824,49106,38813,0,0,989,190,2087,3606,24807,8929,4342,3,20,35343,19044,19,233,0,0,0,0,0
904,498,904.1632644659486,99612,151,110,287,99,83377,47211,1.3109665502148335,86,49,19368,24051,27429,19883,2678,5807,49106,38813,0,0,988,190,2085,3608,24810,8937,4339,4,22,35335,19042,19,233,0,0,0,0,0
905,498,905.1986641703572,99612,151,104,287,99,83396,47227,1.311317913504397,88,49,19456,24129,27349,19836,2668,5782,49106,38813,0,0,988,190,2083,3610,24828,8942,4336,4,32,35315,19032,19,233,0,0,0,0,0
906,498,906.2369486307178,99612,145,94,287,99,83418,47237,1.3116391599405695,92,54,19547,24210,27279,19782,2649,5760,49106,38813,0,0,987,190,2080,3610,24839,8954,4334,5,41,35298,19023,19,232,0,0,0,0,0
907,498,907.2779879331173,99612,144,86,287,99,83440,47247,1.3119604063767418,87,57,19633,24276,27203,19742,2645,5739,49106,38813,0,0,987,190,2079,3609,24846,8962,4332,5,54,35289,19010,19,230,0,0,0,0,0
908,498,908.3219233951244,99612,142,91,287,99,83458,47264,1.3123117696663054,91,55,19703,24350,27145,19687,2631,5717,49106,38813,0,0,986,190,2078,3611,24855,8968,4330,6,61,35275,19003,19,230,0,0,0,0,0
909,498,909.0191812897064,99612,146,92,287,99,83476,47273,1.3125828213468256,87,54,19759,24401,27092,19647,2628,5706,49106,38813,0,0,986,190,2078,3610,24860,8973,4329,6,66,35267,18998,19,230,0,0,0,0,0
910,498,910.0672971276089,99612,143,89,287,99,83491,47283,1.3128337951250852,106,57,19839,24489,27011,19590,2613,5675,49106,38813,0,0,986,189,2078,3611,24866,8980,4328,6,74,35255,18990,19,230,0,0,0,0,0
911,498,911.1184207232247,99612,134,90,287,99,83504,47299,1.3131249247078665,118,55,19938,24571,26920,19530,2602,5654,49106,38813,0,0,985,189,2077,3612,24879,8986,4326,7,80,35238,18984,19,230,0,0,0,0,0
912,498,912.1730189915726,99612,140,81,287,99,83534,47308,1.3135164438019515,109,60,20040,24664,26836,19467,2587,5628,49106,38813,0,0,982,189,2077,3614,24881,8996,4323,10,92,35227,18972,19,230,0,0,0,0,0
913,498,913.2309715150558,99612,150,77,287,99,83566,47320,1.3139581576516886,101,59,20128,24737,26755,19418,2578,5609,49106,38813,0,0,982,188,2076,3617,24895,9001,4319,10,101,35211,18963,19,230,0,0,0,0,0
914,498,914.2921382340369,99612,152,87,287,99,83599,47337,1.3144601052082079,89,55,20220,24816,26685,19355,2566,5587,49106,38813,0,0,981,187,2074,3616,24905,9009,4318,11,106,35198,18958,19,230,0,0,0,0,0
915,498,915.0010295556808,99612,153,93,287,99,83614,47352,1.3147612737421195,80,51,20276,24871,26640,19319,2563,5566,49106,38813,0,0,981,187,2074,3617,24911,9013,4317,11,112,35188,18952,19,230,0,0,0,0,0
916,498,916.0668820577695,99612,149,92,287,99,83638,47365,1.3151327149339438,85,51,20364,24956,26570,19259,2544,5542,49106,38813,0,0,981,186,2073,3622,24919,9023,4312,11,119,35172,18945,19,230,0,0,0,0,0
917,498,917.1357293879497,99612,145,98,287,99,83654,47380,1.3154439224189856,95,49,20444,25027,26493,19206,2535,5520,49106,38813,0,0,981,186,2073,3622,24922,9031,4311,11,126,35162,18938,19,230,0,0,0,0,0
918,498,918.2076389312848,99612,141,95,287,99,83675,47394,1.315795285708549,103,49,20514,25106,26426,19158,2528,5492,49106,38813,0,0,979,185,2072,3623,24939,9035,4310,13,136,35143,18928,19,230,0,0,0,0,0
919,498,919.2822093914323,99612,147,103,287,99,83699,47419,1.316287194313938,103,45,20600,25207,26340,19083,2522,5462,49106,38813,0,0,978,185,2070,3625,24947,9043,4308,14,141,35130,18923,19,229,0,0,0,0,0
920,498,920.0003337870669,99612,149,106,287,99,83717,47431,1.3165883628478496,97,46,20656,25256,26294,19048,2516,5444,49106,38813,0,0,978,185,2070,3627,24950,9048,4306,14,148,35122,18916,19,229,0,0,0,0,0
921,498,921.0801944895436,99612,146,101,287,99,83741,47443,1.3169497650885436,99,48,20747,25325,26217,18999,2503,5427,49106,38813,0,0,978,185,2069,3628,24963,9057,4304,14,158,35102,18906,19,229,0,0,0,0,0
922,498,922.1631476658096,99612,141,99,287,99,83765,47459,1.317351323133759,97,49,20842,25404,26139,18939,2493,5409,49106,38813,0,0,977,185,2067,3628,24982,9065,4301,15,165,35080,18899,19,229,0,0,0,0,0
923,498,923.2495524982364,99612,143,92,287,99,83785,47470,1.317662530618801,103,54,20942,25488,26044,18878,2480,5388,49106,38813,0,0,977,185,2066,3630,24993,9072,4297,15,171,35065,18893,19,229,0,0,0,0,0
924,498,924.3397408391794,99612,139,89,287,99,83806,47477,1.3179436212504518,104,62,21045,25556,25954,18825,2470,5368,49106,38813,0,0,975,185,2066,3629,24997,9081,4296,17,179,35054,18885,19,229,0,0,0,0,0
925,498,925.0686810781801,99612,157,89,287,99,83829,47487,1.3182749066377546,98,64,21106,25613,25893,18779,2458,5355,49106,38813,0,0,975,185,2066,3628,25001,9085,4296,17,182,35047,18882,19,229,0,0,0,0,0
926,498,926.1651038082662,99612,153,95,287,99,83855,47507,1.3187366983897522,97,58,21195,25699,25819,18718,2448,5330,49106,38813,0,0,974,185,2065,3629,25011,9093,4292,18,192,35034,18872,19,228,0,0,0,0,0
927,498,927.2645521789781,99612,156,90,287,99,83876,47518,1.3190579448259245,98,66,21282,25778,25739,18667,2437,5299,49106,38813,0,0,973,185,2063,3631,25013,9098,4290,19,208,35029,18856,19,228,0,0,0,0,0
928,498,928.3673166979141,99612,154,95,287,99,83902,47531,1.3194494639200096,110,62,21359,25853,25659,18614,2430,5276,49106,38813,0,0,972,185,2062,3634,25021,9106,4286,20,215,35015,18849,19,228,0,0,0,0,0
929,498,929.1043383061048,99612,151,89,287,99,83927,47536,1.3197506324539212,98,69,21426,25902,25615,18577,2422,5263,49106,38813,0,0,972,185,2061,3636,25034,9113,4282,20,221,34999,18843,19,227,0,0,0,0,0
930,498,930.2126517560384,99612,150,92,287,99,83954,47555,1.320212424205919,100,68,21510,25992,25545,18502,2407,5246,49106,38813,1,1,972,185,2058,3635,25045,9121,4281,20,233,34985,18830,19,226,0,1,0,0,1
931,498,931.3239247805404,99612,163,90,287,99,83991,47568,1.3207143717624383,87,80,21598,26063,25464,18444,2400,5223,49106,38813,2,2,971,185,2058,3637,25051,9130,4278,21,242,34970,18820,19,226,0,2,0,0,2
932,498,932.066599734405,99612,166,84,287,99,84009,47580,1.32101554029635,89,81,21646,26118,25416,18403,2395,5214,49106,38813,3,3,971,185,2058,3638,25058,9136,4277,21,252,34957,18809,19,225,0,3,0,0,3
933,498,933.1834869870786,99612,170,103,287,99,84034,47612,1.3215877605107818,87,64,21752,26209,25319,18331,2384,5193,49106,38813,4,4,971,185,2056,3636,25061,9147,4276,21,260,34948,18800,19,225,0,3,0,0,4
934,498,934.3045705565017,99612,169,101,287,99,84070,47632,1.3221499417740834,87,62,21850,26285,25235,18285,2371,5167,49106,38813,6,5,970,185,2055,3634,25067,9165,4273,22,272,34929,18787,19,225,0,4,0,0,5
935,498,935.0540625119255,99611,168,101,288,99,84087,47642,1.3224342693076065,90,67,21918,26325,25169,18246,2366,5161,49106,38813,9,6,969,185,2055,3632,25070,9172,4271,23,277,34920,18782,19,225,0,6,0,0,5
936,498,936.1815666209457,99611,173,106,288,99,84115,47663,1.3229261828512915,93,65,22004,26400,25083,18181,2358,5148,49106,38813,13,7,969,185,2053,3628,25079,9184,4270,23,283,34905,18775,19,225,0,7,0,0,6
937,498,937.313003918493,99611,178,101,288,99,84146,47678,1.3233879792392407,95,65,22088,26481,25001,18120,2349,5133,49106,38813,18,8,967,185,2051,3631,25084,9198,4267,25,291,34886,18766,19,225,0,9,0,0,7
938,498,938.0693598376333,99611,183,107,288,99,84166,47689,1.3236991898485106,91,67,22147,26530,24943,18074,2347,5122,49106,38813,25,9,967,184,2050,3633,25087,9205,4265,25,293,34873,18763,19,225,0,14,0,0,8
939,498,939.207038019223,99611,181,108,288,99,84192,47708,1.3241509471845478,96,70,22247,26609,24852,18010,2335,5103,49106,38813,33,10,965,183,2049,3633,25093,9217,4265,27,307,34854,18746,19,225,0,17,0,0,11
940,498,940.3486196714932,99611,187,109,288,99,84229,47726,1.3247030950397045,90,75,22329,26669,24780,17959,2325,5088,49106,38813,43,11,965,183,2049,3632,25082,9241,4263,27,316,34839,18733,19,225,0,22,0,0,15
941,498,941.1114691672894,99611,190,102,288,99,84248,47739,1.3250243447008865,84,82,22390,26712,24731,17924,2316,5080,49106,38813,55,12,964,183,2046,3635,25095,9246,4261,28,324,34818,18721,18,225,0,28,0,1,18
942,498,942.2589067804006,99611,185,112,288,99,84271,47764,1.3255062191926594,84,76,22499,26786,24641,17856,2302,5070,49106,38813,69,13,964,183,2045,3639,25097,9261,4255,28,330,34798,18712,18,225,0,33,1,1,21
943,498,943.0259884047897,99610,175,118,289,99,84282,47780,1.3257905832747716,93,73,22554,26825,24591,17815,2297,5069,49106,38813,85,14,962,182,2043,3640,25103,9268,4254,30,337,34776,18702,18,225,0,44,1,1,24
944,498,944.1799815797654,99610,168,114,289,99,84307,47801,1.3262523842987652,97,75,22652,26876,24504,17766,2289,5069,49106,38813,104,15,961,182,2039,3641,25115,9282,4250,31,350,34746,18683,18,225,0,54,2,1,30
945,498,945.337933306998,99610,168,111,289,99,84333,47823,1.3267342636281498,108,70,22739,26942,24416,17711,2279,5066,49106,38813,125,17,961,182,2036,3643,25132,9289,4247,31,363,34710,18663,18,225,0,69,3,2,36
946,498,946.1122627104238,99610,184,112,289,99,84364,47841,1.3272261821102298,104,70,22793,26984,24355,17663,2274,5071,49106,38813,149,19,961,182,2035,3642,25132,9302,4247,31,372,34689,18645,18,224,0,80,3,2,45
947,498,947.2769971253996,99610,180,122,289,99,84391,47861,1.327698022286919,125,77,22884,27047,24254,17581,2267,5073,49106,38813,176,21,961,181,2035,3646,25136,9315,4243,31,382,34660,18625,18,223,0,94,3,2,55
948,498,948.0560712557439,99610,180,126,289,99,84418,47876,1.3281196667001305,126,77,22935,27084,24207,17530,2262,5083,49106,38813,206,23,960,181,2032,3644,25147,9325,4241,32,389,34634,18607,18,223,0,105,4,3,65
949,498,949.2274509136364,99610,187,119,289,99,84452,47894,1.3286417026402972,130,81,23002,27137,24135,17475,2256,5088,49106,38813,240,26,959,181,2031,3643,25157,9343,4240,33,398,34592,18589,18,222,0,123,4,4,73
950,498,950.0102043116334,99610,190,124,289,99,84476,47914,1.3290834253588997,131,75,23053,27165,24084,17431,2252,5105,49106,38813,277,29,958,181,2030,3645,25164,9353,4237,34,407,34555,18568,18,222,0,145,4,4,85
951,498,951.1876513798181,99610,184,127,289,99,84510,47933,1.3296155004517618,128,87,23127,27225,24027,17351,2244,5110,49106,38813,318,32,958,181,2029,3649,25164,9373,4232,34,419,34521,18541,18,221,1,160,5,4,100
952,498,952.3679021604622,99610,202,131,289,99,84564,47958,1.3304085935147074,111,87,23197,27266,23958,17281,2242,5135,49106,38813,363,36,956,179,2029,3651,25170,9391,4228,36,434,34472,18517,18,221,1,189,5,4,109
953,498,953.1565109961366,99609,208,130,290,99,84587,47973,1.3308034414560934,111,95,23261,27291,23892,17217,2237,5167,49106,38813,412,40,956,179,2026,3648,25173,9400,4228,36,449,34435,18489,18,221,1,217,7,4,122
954,498,954.3431667197952,99609,206,137,290,99,84624,48005,1.33149614994629,111,88,23339,27340,23823,17151,2230,5184,49106,38813,465,45,953,179,2021,3647,25182,9420,4226,39,465,34395,18445,18,220,2,234,9,5,149
955,498,955.1361822177114,99609,214,151,290,99,84653,48033,1.3320683873947132,106,82,23386,27360,23779,17088,2224,5219,49106,38813,522,50,951,179,2020,3647,25172,9445,4224,41,473,34357,18421,18,219,2,260,10,5,165
956,498,956.3282534267618,99609,204,153,290,99,84686,48054,1.3326105070826932,115,84,23470,27402,23704,17008,2216,5253,49106,38813,584,56,950,178,2017,3645,25170,9478,4223,42,485,34305,18392,18,219,2,286,12,6,181
957,498,957.1252243006677,99609,194,152,290,99,84702,48072,1.332951841701051,113,92,23534,27412,23655,16955,2213,5289,49106,38813,650,62,950,178,2014,3645,25169,9498,4222,42,498,34260,18355,18,219,2,313,15,6,205
958,498,958.3238437424094,99609,201,152,290,99,84736,48099,1.3335642361633988,130,93,23594,27464,23575,16865,2209,5326,49106,38813,721,69,947,177,2009,3647,25168,9522,4219,45,507,34203,18326,18,219,2,350,20,7,223
959,498,959.1247068275279,99608,206,158,290,100,84763,48123,1.3340896313549113,132,86,23639,27461,23523,16813,2209,5381,49106,38813,797,77,944,177,2004,3645,25155,9552,4218,48,515,34158,18295,18,219,2,381,24,8,245
960,498,960.3233502290834,99608,205,149,290,100,84794,48141,1.334581559714079,140,95,23719,27487,23433,16742,2212,5426,49106,38813,878,86,942,176,1997,3647,25144,9588,4215,50,526,34105,18255,18,219,2,413,29,8,274
961,498,961.1202509048024,99608,198,145,290,100,84809,48162,1.3349429764677536,154,90,23754,27477,23390,16695,2213,5492,49106,38813,964,95,942,176,1994,3648,25136,9615,4214,50,536,34050,18207,18,219,2,450,31,9,311
962,498,962.3132093161377,99608,216,153,290,100,84859,48194,1.3357662035177897,145,85,23824,27506,23313,16605,2211,5550,49106,38813,1055,105,940,176,1992,3650,25125,9644,4211,52,554,33990,18158,18,218,3,493,33,9,342
963,498,963.1065093925162,99608,225,156,290,100,84890,48214,1.3362782105854951,145,81,23869,27492,23257,16544,2213,5626,49106,38813,1151,116,940,176,1988,3651,25102,9681,4210,52,558,33935,18122,18,217,4,534,37,13,370
964,498,964.2932649642945,99608,219,153,290,100,84928,48241,1.3369307686129628,159,80,23928,27482,23189,16491,2214,5693,49106,38813,1252,128,939,175,1985,3655,25090,9721,4206,53,579,33870,18060,18,217,4,573,39,14,410
965,498,965.0827328565464,99607,217,159,291,100,84959,48258,1.3374260845121326,156,80,23971,27467,23141,16421,2223,5772,49106,38813,1359,141,939,175,1981,3660,25084,9747,4201,53,586,33794,18019,18,216,5,628,43,16,442
966,498,966.2645780082778,99607,213,157,291,100,85001,48280,1.338068609635869,151,82,24040,27446,23073,16356,2231,5858,49106,38813,1471,155,938,175,1979,3658,25066,9794,4199,54,598,33720,17967,18,216,5,678,45,19,478
967,498,967.0506195521272,99607,222,156,291,100,85031,48304,1.3386107402090215,145,79,24091,27426,23013,16301,2237,5937,49106,38813,1589,170,936,175,1973,3659,25050,9829,4198,56,610,33660,17904,18,215,6,722,48,19,529
968,498,968.2268904751603,99607,214,158,291,100,85066,48330,1.3392231469675826,146,70,24149,27422,22959,16220,2240,6029,49106,38813,1712,186,934,175,1970,3659,25034,9873,4196,58,626,33580,17846,18,215,6,776,51,20,570
969,498,969.0094512581729,99607,216,147,291,100,85087,48338,1.3395142911642757,153,88,24184,27400,22905,16140,2250,6124,49106,38813,1841,203,933,175,1963,3660,25022,9904,4194,59,637,33494,17799,18,215,6,845,57,21,605
970,498,970.1807578606006,99607,237,135,291,100,85136,48355,1.3401768951981285,137,96,24272,27398,22809,16059,2253,6211,49106,38813,1975,221,933,175,1960,3657,24993,9954,4193,59,645,33424,17737,18,213,8,899,59,24,656
971,498,971.3482584188209,99607,242,132,291,100,85185,48375,1.3408696175971568,122,104,24301,27389,22776,15970,2267,6304,49106,38813,2115,241,932,175,1956,3658,24956,10017,4189,60,658,33340,17679,18,212,9,960,63,24,701
972,498,972.125758267463,99607,251,144,291,100,85218,48405,1.3415021032658347,107,87,24336,27334,22730,15910,2284,6424,49106,38813,2261,262,932,175,1952,3656,24932,10057,4189,60,670,33256,17612,18,212,9,1031,66,25,755
973,498,973.2899189008144,99607,253,140,291,100,85255,48424,1.3420643127491039,107,96,24403,27320,22650,15814,2295,6529,49106,38813,2412,284,930,175,1946,3655,24915,10099,4188,62,682,33157,17547,18,211,10,1108,71,27,806
974,498,974.0642216992374,99607,241,146,291,100,85273,48444,1.3424458120413223,115,94,24442,27281,22601,15733,2309,6645,49106,38813,2569,308,930,174,1940,3659,24886,10148,4183,62,686,33062,17494,18,211,10,1186,76,29,853
975,498,975.2230798361373,99607,240,139,291,100,85310,48463,1.3430080215245916,109,92,24515,27272,22520,15633,2324,6763,49106,38813,2732,333,930,174,1936,3657,24857,10205,4181,62,698,32952,17442,18,209,11,1275,78,31,891
976,498,976.3787292981795,99607,231,144,291,100,85343,48492,1.3436304677382112,119,97,24581,27231,22434,15534,2343,6893,49106,38813,2900,360,928,174,1928,3654,24812,10275,4179,64,709,32862,17372,18,208,12,1346,85,34,947
977,498,977.1473273336521,99607,226,144,291,100,85363,48505,1.3439617697551376,122,101,24624,27177,22373,15441,2363,7036,49106,38813,3074,389,928,174,1923,3654,24769,10333,4178,64,712,32766,17315,18,208,12,1431,88,38,996
978,498,978.2977643924501,99607,222,146,291,100,85399,48534,1.3446143343339323,133,104,24691,27143,22284,15343,2378,7163,49106,38813,3253,419,927,173,1918,3659,24745,10386,4172,64,722,32634,17258,18,208,12,1539,91,39,1042
979,498,979.0628806798122,99607,219,157,291,100,85419,48556,1.3450359914463843,134,93,24730,27101,22225,15240,2400,7308,49106,38813,3438,451,926,173,1911,3662,24692,10454,4168,65,725,32544,17200,18,207,13,1616,97,42,1094
980,498,980.2083392495093,99607,218,169,291,100,85453,48587,1.345688556025179,138,87,24788,27058,22142,15125,2422,7460,49106,38813,3628,485,926,173,1905,3663,24655,10509,4165,65,737,32433,17121,18,207,13,1714,100,44,1159
981,498,981.3510038755694,99607,214,159,291,100,85486,48608,1.3462306865983313,133,91,24828,27015,22086,15023,2447,7611,49106,38813,3823,521,926,173,1895,3661,24623,10578,4163,65,746,32316,17045,18,206,13,1807,103,46,1223
982,498,982.1116940651941,99607,217,158,291,100,85511,48620,1.3466021464354916,137,95,24850,26944,22032,14930,2472,7772,49106,38813,4023,558,924,173,1889,3659,24573,10641,4162,67,742,32215,16978,18,205,14,1901,108,58,1280
983,498,983.2516474990944,99607,229,166,291,100,85555,48647,1.3473149477446364,141,93,24889,26890,21949,14816,2500,7934,49106,38813,4228,597,923,173,1880,3664,24530,10705,4156,68,748,32101,16903,18,205,14,1997,115,61,1346
984,498,984.0105083079574,99606,239,158,292,100,85592,48660,1.3478304519808044,132,97,24902,26808,21901,14733,2533,8103,49106,38813,4438,638,922,173,1879,3660,24482,10771,4153,69,755,31978,16831,18,204,15,2110,115,66,1405
985,498,985.1477596094177,99605,226,156,293,100,85631,48690,1.3485367200441745,131,91,24933,26759,21849,14631,2567,8262,49106,38813,4653,681,922,173,1872,3657,24454,10842,4150,69,772,31825,16748,18,204,15,2227,121,69,1467
986,498,986.2836955579057,99605,235,158,293,100,85678,48715,1.349259575322524,114,89,24987,26718,21768,14519,2602,8415,49106,38813,4873,726,920,173,1864,3660,24422,10904,4147,71,777,31682,16664,18,204,15,2343,126,74,1541
987,498,987.0397278214891,99605,235,156,293,100,85702,48728,1.3496310426183424,116,85,25004,26637,21710,14421,2641,8600,49106,38813,5097,774,920,173,1849,3660,24377,10966,4144,71,784,31551,16591,18,202,17,2460,141,78,1603
988,498,988.1724993674884,99605,223,148,293,100,85732,48751,1.350163144420461,118,79,25040,26568,21648,14329,2677,8775,49106,38813,5325,824,919,171,1843,3668,24313,11052,4137,72,803,31422,16492,18,201,18,2568,147,81,1680
989,498,989.3037329098154,99605,207,134,293,100,85759,48765,1.3505747703428543,132,85,25085,26504,21567,14219,2715,8957,49106,38813,5558,876,917,170,1832,3674,24263,11136,4131,74,814,31270,16423,18,200,18,2691,155,85,1734
990,498,990.0569365898664,99605,204,132,293,100,85782,48779,1.3509462376386727,139,79,25097,26416,21505,14116,2761,9156,49106,38813,5795,930,917,170,1821,3676,24202,11211,4127,74,823,31144,16336,18,199,18,2807,165,91,1806
991,498,991.1856650167116,99605,211,138,293,100,85827,48802,1.3516289342904473,130,75,25134,26321,21434,14019,2797,9346,49106,38813,6035,987,916,170,1810,3680,24146,11291,4123,75,828,31003,16243,18,199,18,2925,175,94,1891
992,498,992.3129620210153,99605,233,148,293,100,85865,48827,1.352261432659003,128,74,25180,26257,21328,13884,2837,9536,49106,38813,6279,1046,916,170,1799,3681,24083,11364,4121,75,831,30861,16160,18,197,20,3059,185,99,1966
993,498,993.0632241198069,99605,242,142,293,100,85889,48841,1.3526429396114652,130,74,25185,26153,21262,13791,2887,9739,49106,38813,6527,1107,916,170,1794,3683,24020,11438,4119,75,833,30712,16074,18,194,23,3197,190,111,2038
994,498,994.1876513571225,99605,239,142,293,100,85925,48867,1.3532653983233773,132,75,25211,26089,21190,13670,2934,9923,49106,38813,6778,1171,915,170,1785,3684,23962,11522,4113,76,835,30563,15981,18,194,23,3327,198,118,2121
995,498,995.3110577719929,99605,244,134,293,100,85973,48885,1.3539280156618643,128,76,25230,25989,21117,13580,2987,10120,49106,38813,7032,1237,913,170,1771,3689,23904,11606,4106,78,839,30393,15900,18,194,23,3473,212,124,2192
996,498,996.0594918797627,99605,239,120,293,100,85992,48892,1.3541890467346016,132,85,25235,25868,21057,13497,3043,10329,49106,38813,7289,1306,912,169,1766,3689,23834,11694,4106,79,846,30254,15798,18,194,23,3595,217,127,2284
997,498,997.1819362926519,99605,234,125,293,100,86033,48913,1.3548115054465137,139,85,25238,25793,20992,13381,3103,10515,49106,38813,7549,1378,907,169,1759,3692,23767,11777,4100,84,853,30107,15692,18,192,23,3732,223,133,2377
998,498,998.3038366457848,99604,245,123,293,101,86075,48934,1.3554576121440907,122,83,25273,25703,20907,13258,3159,10731,49106,38813,7811,1452,907,169,1748,3691,23696,11876,4097,84,854,29956,15605,18,192,23,3861,232,137,2458
999,498,999.0510061510689,99604,252,115,293,101,86101,48949,1.3558692421991085,118,78,25271,25603,20844,13161,3221,10941,49106,38813,8076,1529,907,169,1741,3691,23634,11961,4094,84,861,29809,15503,18,190,24,3989,239,140,2550
1000,498,1000.1716582958665,99604,252,109,293,101,86142,48966,1.3564515481305972,107,80,25314,25515,20750,13056,3283,11138,49106,38813,8343,1609,906,169,1726,3695,23574,12051,4089,85,867,29654,15398,18,188,26,4121,249,143,2645
1001,498,1001.2906100990823,99603,245,116,294,101,86175,48990,1.3570374386313666,108,85,25358,25443,20655,12912,3339,11342,49106,38813,8612,1691,905,169,1708,3691,23496,12149,4087,86,877,29501,15299,18,186,28,4259,267,145,2732
1002,498,1002.0354315332555,99603,251,107,294,101,86197,48998,1.3573386343784826,109,87,25355,25343,20576,12804,3414,11557,49106,38813,8882,1776,904,169,1702,3691,23432,12230,4086,87,878,29348,15196,18,185,29,4397,273,151,2827
1003,498,1003.1527180848226,99603,240,97,294,101,86225,49011,1.357750268566208,117,93,25368,25240,20487,12701,3493,11767,49106,38813,9154,1864,904,169,1689,3694,23356,12329,4082,87,885,29176,15101,18,184,30,4548,285,158,2908
1004,498,1004.2694578582315,99603,239,111,294,101,86264,49042,1.358453058642812,123,80,25384,25146,20392,12590,3567,11971,49106,38813,9427,1955,904,169,1677,3699,23280,12426,4073,87,893,29021,14994,18,184,30,4686,297,161,3004
1005,498,1005.01353601659,99603,231,117,294,101,86289,49054,1.3588245333975884,112,83,25380,25020,20331,12484,3651,12194,49106,38813,9701,2048,903,169,1672,3697,23204,12518,4070,88,897,28841,14903,18,184,30,4855,302,164,3088
1006,498,1006.1296167875227,99603,221,125,294,101,86320,49078,1.3593767256006346,112,76,25406,24951,20247,12361,3719,12385,49106,38813,9976,2144,902,168,1664,3696,23135,12614,4067,89,901,28676,14795,18,182,32,5000,309,171,3184
1007,498,1007.244992600517,99603,218,125,294,101,86355,49102,1.3599690772366295,109,67,25424,24888,20159,12234,3795,12584,49106,38813,10252,2243,901,168,1655,3698,23060,12715,4059,90,904,28511,14689,18,181,33,5146,317,176,3282
1008,498,1008.3591933395436,99603,210,120,294,101,86379,49120,1.360390751282592,114,66,25469,24793,20039,12116,3873,12803,49106,38813,10529,2345,901,168,1641,3697,22978,12822,4057,90,906,28338,14595,18,181,33,5298,330,183,3367
1009,498,1009.100985580815,99603,203,119,294,101,86395,49130,1.3606517875967592,116,71,25466,24667,19956,12006,3964,13035,49106,38813,10806,2450,901,168,1636,3696,22858,12955,4056,90,903,28191,14506,18,180,34,5435,335,191,3450
1010,498,1010.2135973460022,99603,211,122,294,101,86434,49149,1.361234099374517,113,67,25480,24565,19850,11907,4051,13237,49106,38813,11083,2557,900,168,1626,3699,22772,13062,4053,91,912,28026,14391,18,178,36,5579,345,194,3553
1011,498,1011.3254893934195,99603,214,116,294,101,86469,49164,1.3617360922863768,98,64,25491,24467,19761,11801,4141,13450,49106,38813,11360,2667,900,166,1612,3703,22684,13175,4049,91,908,27865,14296,18,178,36,5719,358,204,3641
1012,498,1012.0665495114147,99603,219,112,294,101,86492,49174,1.3620674076082047,99,71,25458,24356,19689,11686,4240,13673,49106,38813,11637,2780,900,165,1607,3705,22588,13285,4047,91,906,27702,14197,18,177,37,5869,363,213,3733
1013,498,1013.1794231356006,99603,206,113,294,101,86519,49192,1.3625192012288787,95,69,25482,24258,19603,11577,4319,13881,49106,38813,11914,2896,900,165,1593,3701,22519,13379,4044,91,917,27523,14097,18,175,39,6033,374,218,3817
1014,498,1014.2915430263436,99602,194,110,295,101,86541,49205,1.3628842794321399,105,75,25490,24185,19502,11452,4413,14076,49106,38813,12191,3015,900,165,1580,3704,22431,13483,4036,91,923,27348,14002,18,174,40,6197,386,226,3898
1015,498,1015.0327324025767,99602,190,111,295,101,86557,49213,1.363125238449027,104,72,25486,24052,19408,11351,4516,14312,49106,38813,12467,3137,898,165,1565,3704,22339,13585,4035,93,923,27169,13911,18,173,41,6367,401,231,3984
1016,498,1016.1447362714862,99602,195,114,295,101,86592,49239,1.3637376759502822,99,58,25494,23977,19304,11239,4612,14510,49106,38813,12742,3261,896,164,1559,3708,22258,13685,4031,95,926,26991,13811,18,170,42,6532,405,241,4070
1017,498,1017.2563782055504,99602,195,104,295,101,86624,49253,1.3641995140659826,103,65,25508,23892,19190,11127,4708,14710,49106,38813,13016,3388,894,164,1553,3707,22162,13802,4031,97,928,26800,13721,18,168,44,6704,411,247,4151
1018,498,1018.3675488264768,99602,190,100,295,101,86655,49266,1.3646412722636092,95,66,25513,23796,19092,11028,4814,14908,49106,38813,13289,3518,893,164,1539,3705,22072,13913,4029,98,938,26621,13614,18,168,44,6868,424,253,4241
1019,498,1019.1082416040409,99602,198,100,295,101,86679,49279,1.365012750747977,91,61,25484,23694,19004,10920,4927,15123,49106,38813,13561,3650,893,164,1527,3703,21973,14022,4029,98,942,26449,13524,18,165,47,7032,436,259,4321
1020,498,1020.2205579676138,99602,188,100,295,101,86702,49296,1.3654143491094557,93,61,25476,23618,18912,10813,5035,15306,49106,38813,13832,3785,890,164,1519,3709,21887,14127,4021,101,942,26255,13438,18,164,48,7209,444,266,4400
1021,498,1021.3328553904872,99602,193,100,295,101,86732,49310,1.3658561073070823,100,59,25455,23550,18802,10707,5154,15482,49106,38813,14101,3923,890,164,1509,3707,21794,14241,4019,101,943,26076,13347,18,162,50,7373,453,271,4484
1022,498,1022.0748156639856,99601,190,99,296,101,86748,49323,1.3661609823194547,105,51,25429,23459,18703,10602,5276,15687,49106,38813,14368,4063,890,164,1499,3707,21698,14352,4016,101,940,25905,13250,18,161,51,7531,463,282,4573
1023,498,1023.1893713014051,99601,194,99,296,101,86781,49332,1.3665826648326824,93,58,25431,23384,18588,10504,5397,15853,49106,38813,14634,4206,890,163,1489,3707,21613,14452,4013,101,940,25737,13133,18,159,53,7688,473,286,4686
1024,498,1024.3036773241256,99601,195,103,296,101,86811,49350,1.3670645877049428,91,49,25437,23305,18469,10396,5511,16045,49106,38813,14898,4351,888,163,1480,3707,21510,14569,4011,103,937,25572,13039,18,159,53,7842,482,298,4770
1025,498,1025.0464128889346,99601,189,109,296,101,86826,49361,1.3673256292607503,88,47,25402,23206,18384,10291,5640,16245,49106,38813,15160,4499,888,163,1472,3703,21413,14680,4010,103,934,25400,12958,18,159,53,8005,490,306,4846
1026,498,1026.1624257012984,99601,187,98,296,101,86853,49373,1.367717191594462,90,48,25383,23134,18274,10203,5769,16415,49106,38813,15420,4649,888,161,1462,3709,21321,14797,4004,103,935,25219,12857,18,159,53,8165,499,312,4939
1027,498,1027.2791540546564,99601,177,96,296,101,86876,49384,1.3680585536289795,99,49,25376,23067,18162,10105,5889,16581,49106,38813,15678,4801,887,160,1450,3708,21218,14920,4004,104,938,25071,12735,18,159,53,8297,509,318,5052
1028,498,1028.0237915017692,99601,172,96,296,101,86893,49393,1.3683195951847873,95,54,25329,22956,18087,10017,6020,16775,49106,38813,15934,4956,887,160,1442,3709,21108,15042,4001,104,937,24908,12644,17,157,55,8452,516,325,5137
1029,498,1029.1427805582891,99601,175,93,296,101,86923,49408,1.3687713978775313,87,51,25327,22888,17967,9921,6147,16945,49106,38813,16187,5113,887,159,1437,3708,21009,15159,3998,104,943,24740,12544,17,156,56,8608,521,332,5223
1030,498,1030.2623472036148,99601,173,94,296,101,86946,49423,1.369152920151404,89,47,25298,22802,17872,9836,6271,17119,49106,38813,16438,5272,886,158,1428,3712,20924,15261,3993,105,947,24569,12440,17,154,57,8765,530,338,5317
1031,498,1031.009113696018,99601,172,93,296,101,86962,49432,1.369403921647373,91,43,25253,22709,17786,9744,6401,17309,49106,38813,16687,5433,886,158,1419,3714,20816,15378,3990,105,949,24429,12335,17,154,57,8898,538,343,5415
1032,498,1032.1316662570475,99601,166,95,296,101,86981,49449,1.3697653638015683,98,48,25243,22658,17668,9644,6528,17453,49106,38813,16933,5596,886,158,1405,3712,20717,15496,3988,105,951,24271,12223,17,154,57,9042,551,347,5521
1033,498,1033.2548773477317,99601,160,108,296,101,87009,49474,1.3702974869730224,98,46,25221,22590,17569,9553,6655,17601,49106,38813,17177,5761,885,158,1401,3711,20608,15626,3986,106,955,24109,12129,17,153,58,9186,555,352,5606
1034,498,1034.0042031510116,99601,153,106,296,101,87026,49483,1.37055852852883,95,54,25170,22511,17487,9443,6798,17784,49106,38813,17418,5928,884,158,1386,3708,20488,15760,3984,107,955,23937,12059,17,152,59,9350,569,359,5669
1035,498,1035.1304675546612,99601,157,104,296,101,87056,49498,1.371010331221574,91,52,25147,22469,17378,9340,6930,17933,49106,38813,17656,6096,883,157,1370,3709,20386,15875,3983,108,961,23756,11973,17,151,60,9519,585,367,5741
1036,498,1036.2576924856608,99601,173,95,296,101,87087,49510,1.3714420537946406,91,60,25138,22378,17240,9250,7061,18115,49106,38813,17892,6266,882,157,1356,3710,20297,15984,3982,109,963,23593,11881,17,150,61,9664,597,372,5826
1037,498,1037.009275412471,99601,179,97,296,101,87116,49522,1.3718536962480297,79,57,25076,22283,17163,9184,7206,18277,49106,38813,18125,6438,882,157,1348,3707,20198,16100,3980,109,961,23440,11783,17,150,61,9806,604,381,5917
1038,498,1038.1395721363847,99601,169,101,296,101,87137,49543,1.3722753787612574,81,48,25048,22231,17058,9104,7347,18414,49106,38813,18355,6611,879,157,1336,3708,20093,16225,3979,112,961,23284,11694,17,150,61,9948,611,389,5997
1039,498,1039.2714231123782,99601,164,95,296,101,87161,49555,1.3726368209154527,81,53,25015,22189,16958,9005,7485,18556,49106,38813,18582,6786,878,157,1327,3711,19991,16349,3975,113,960,23128,11604,17,147,64,10087,617,399,6077
1040,498,1040.0269468860713,99601,160,93,296,101,87175,49566,1.3728878224114216,82,51,24965,22105,16855,8935,7641,18714,49106,38813,18807,6962,877,157,1321,3712,19886,16469,3973,114,960,22964,11510,17,146,65,10238,622,405,6165
1041,498,1041.162585286304,99601,163,95,296,101,87206,49578,1.3733195449844882,71,53,24923,22060,16754,8849,7792,18841,49106,38813,19029,7139,877,157,1313,3712,19785,16584,3971,114,962,22810,11424,17,145,66,10380,630,414,6240
1042,498,1042.2998948074871,99600,160,97,297,101,87229,49593,1.373714859437751,67,56,24906,22013,16646,8767,7923,18965,49106,38813,19248,7317,877,157,1303,3712,19677,16709,3968,114,958,22647,11341,17,144,66,10529,640,426,6315
1043,498,1043.0587378046762,99600,155,102,297,101,87242,49605,1.3739658634538152,72,51,24842,21939,16556,8705,8077,19101,49106,38813,19464,7497,877,157,1295,3713,19567,16827,3966,114,958,22497,11270,17,141,69,10673,647,431,6381
1044,498,1044.1999896639518,99600,151,108,297,101,87263,49624,1.374367469879518,86,49,24780,21888,16458,8627,8227,19226,49106,38813,19677,7678,877,156,1282,3714,19454,16953,3964,114,961,22350,11188,17,140,70,10810,659,437,6454
1045,498,1045.3437279401442,99600,145,102,297,101,87284,49633,1.3746686746987953,89,49,24729,21831,16373,8555,8366,19361,49106,38813,19887,7859,877,156,1273,3717,19350,17070,3960,114,959,22187,11108,17,139,71,10962,667,448,6525
1046,498,1046.1076908929892,99600,137,97,297,101,87293,49638,1.3748092369477911,91,47,24675,21757,16280,8495,8519,19502,49106,38813,20094,8041,877,155,1266,3717,19241,17188,3959,114,960,22038,11027,17,137,73,11104,674,453,6600
1047,498,1047.256947539067,99600,139,103,297,101,87319,49653,1.3752208835341366,94,47,24656,21735,16149,8414,8664,19599,49106,38813,20298,8224,877,155,1255,3718,19138,17304,3957,114,951,21882,10954,17,137,73,11250,683,469,6666
1048,498,1048.0235038732455,99600,147,97,297,101,87343,49660,1.3755321285140563,84,46,24597,21661,16063,8357,8811,19737,49106,38813,20500,8408,877,155,1247,3717,19036,17419,3954,114,944,21730,10874,17,137,72,11396,690,480,6741
1049,498,1049.1760934988754,99600,155,88,297,101,87375,49672,1.3759738955823293,81,51,24571,21632,15944,8275,8951,19852,49106,38813,20699,8592,876,155,1237,3716,18939,17538,3953,115,944,21562,10803,17,135,74,11545,699,489,6803
1050,498,1050.3299375120203,99600,156,84,297,101,87396,49685,1.3763152610441767,88,41,24548,21631,15823,8201,9087,19941,49106,38813,20895,8777,874,155,1235,3715,18845,17646,3952,117,947,21398,10720,17,135,74,11697,701,496,6876
1051,498,1051.0998105335595,99600,159,76,297,101,87413,49687,1.3765060240963856,84,46,24506,21575,15705,8121,9248,20080,49106,38813,21088,8962,874,155,1228,3716,18745,17752,3949,117,948,21245,10649,17,134,75,11846,708,502,6940
1052,498,1052.2569558701962,99600,145,72,297,101,87439,49696,1.3768574297188756,75,48,24476,21515,15622,8061,9384,20202,49106,38813,21278,9147,871,155,1216,3717,18665,17857,3942,120,953,21092,10569,17,133,76,11984,716,509,7008
1053,498,1053.0291679135055,99600,153,74,297,101,87462,49706,1.3771887550200803,71,45,24400,21455,15534,8008,9544,20316,49106,38813,21465,9333,871,155,1211,3716,18550,17981,3941,120,953,20939,10499,17,132,77,12130,721,516,7071
1054,498,1054.1911184706346,99600,145,76,297,101,87478,49716,1.3774497991967871,92,55,24363,21436,15419,7926,9683,20405,49106,38813,21649,9519,870,155,1208,3716,18447,18099,3939,121,954,20782,10432,17,130,79,12275,723,520,7133
1055,498,1055.3547497013633,99600,141,81,297,101,87504,49736,1.3779116465863455,83,52,24349,21426,15302,7852,9827,20487,49106,38813,21830,9705,868,154,1197,3716,18351,18219,3937,123,956,20633,10355,17,128,81,12404,733,526,7202
1056,498,1056.1310800429449,99600,138,76,297,101,87514,49742,1.3780722891566266,79,51,24298,21379,15203,7793,9984,20599,49106,38813,22009,9891,868,154,1189,3716,18249,18330,3935,123,955,20494,10281,17,128,81,12536,741,534,7269
1057,498,1057.2983611971256,99600,139,75,297,101,87538,49757,1.3784638554216868,76,46,24274,21375,15090,7724,10123,20678,49106,38813,22185,10077,868,154,1178,3716,18169,18426,3932,123,956,20334,10210,17,128,81,12684,751,542,7331
1058,498,1058.0770337060103,99600,144,73,297,101,87555,49764,1.3787048192771085,69,43,24221,21329,14996,7658,10272,20795,49106,38813,22358,10262,868,154,1171,3717,18056,18546,3930,123,949,20193,10155,17,128,81,12819,758,552,7383
1059,498,1059.2480465335545,99600,141,71,297,101,87577,49774,1.3790261044176706,69,49,24195,21301,14893,7596,10404,20881,49106,38813,22528,10447,868,154,1165,3720,17969,18647,3926,123,946,20050,10081,17,127,82,12949,764,565,7447
1060,498,1060.0294041700247,99600,137,67,297,101,87589,49780,1.379206827309237,80,47,24146,21241,14794,7552,10545,20991,49106,38813,22696,10632,868,154,1157,3719,17863,18763,3925,123,945,19919,10018,17,125,84,13073,771,571,7505
1061,498,1061.2038660171256,99600,138,71,297,101,87619,49795,1.3796586345381525,67,44,24115,21232,14708,7495,10674,21056,49106,38813,22861,10816,868,154,1148,3720,17764,18873,3921,123,944,19794,9944,17,125,84,13191,779,583,7568
1062,498,1062.3799943812342,99600,130,69,297,101,87638,49809,1.3799899598393575,60,40,24094,21226,14610,7424,10808,21139,49106,38813,23023,11000,868,154,1137,3718,17675,18986,3918,123,944,19650,9884,17,124,85,13317,789,591,7620
1063,498,1063.1647123394525,99600,128,69,297,101,87653,49817,1.3802208835341365,51,36,24043,21191,14520,7371,10960,21231,49106,38813,23183,11183,868,154,1129,3716,17574,19099,3917,123,937,19534,9817,17,124,85,13424,797,601,7684
1064,498,1064.344838933673,99600,118,69,297,101,87670,49829,1.380512048192771,56,35,24037,21195,14394,7305,11097,21294,49106,38813,23340,11366,868,154,1122,3717,17480,19209,3914,123,938,19398,9758,17,124,85,13546,804,611,7732
1065,498,1065.1320764262593,99600,108,70,297,101,87682,49836,1.38070281124498,54,35,23976,21137,14323,7259,11241,21397,49106,38813,23494,11548,868,154,1115,3716,17366,19335,3911,123,933,19287,9699,17,122,87,13649,811,619,7788
1066,498,1066.3156144451061,99600,112,68,297,101,87700,49844,1.3809638554216868,53,39,23980,21138,14195,7196,11362,21457,49106,38813,23646,11729,868,154,1110,3716,17269,19439,3910,123,931,19162,9634,17,121,88,13769,815,629,7845
1067,498,1067.1046162060184,99600,111,65,297,101,87708,49851,1.3811144578313252,54,37,23921,21138,14108,7140,11508,21518,49106,38813,23795,11909,868,154,1105,3716,17177,19540,3909,123,926,19034,9559,17,120,89,13889,820,638,7916
1068,498,1068.2908866042562,99600,113,58,297,101,87725,49859,1.3813654618473896,52,34,23912,21143,13993,7086,11632,21577,49106,38813,23942,12088,867,154,1093,3716,17095,19636,3908,123,920,18902,9500,17,120,88,14012,831,649,7969
1069,498,1069.0821168003806,99600,110,58,297,101,87735,49863,1.3815060240963855,55,32,23856,21124,13916,7033,11765,21651,49106,38813,24086,12267,866,154,1089,3717,17000,19740,3905,124,918,18784,9442,17,120,88,14123,835,654,8024
1070,498,1070.2716837208625,99600,117,59,297,101,87756,49874,1.3818273092369477,55,34,23841,21138,13804,6974,11885,21693,49106,38813,24228,12445,866,154,1085,3718,16909,19839,3904,124,912,18657,9385,17,120,88,14242,839,664,8077
1071,498,1071.0651634286153,99600,112,55,297,101,87772,49880,1.3820481927710844,51,33,23790,21108,13721,6930,12028,21772,49106,38813,24367,12621,866,154,1083,3719,16816,19945,3901,124,908,18522,9333,17,120,88,14368,839,671,8126
1072,498,1072.2584049860254,99600,106,58,297,101,87788,49899,1.3823995983935744,60,27,23763,21128,13618,6882,12155,21803,49106,38813,24504,12796,866,154,1077,3715,16732,20046,3901,124,909,18389,9280,17,119,89,14489,844,677,8172
1073,498,1073.0546396097304,99600,109,59,297,101,87803,49903,1.382590361445783,52,27,23702,21109,13543,6825,12296,21878,49106,38813,24639,12970,866,154,1068,3714,16650,20134,3900,124,902,18273,9216,17,119,89,14602,852,687,8233
1074,498,1074.2517113204494,99600,116,58,297,101,87826,49914,1.3829317269076304,42,29,23713,21118,13436,6780,12395,21913,49106,38813,24771,13143,866,154,1065,3713,16582,20217,3899,123,898,18151,9153,17,118,90,14714,854,697,8289
1075,498,1075.049739100245,99600,123,56,297,101,87838,49919,1.3831024096385542,40,32,23679,21087,13330,6737,12530,21986,49106,38813,24901,13315,866,154,1062,3713,16496,20307,3898,123,893,18037,9101,17,117,91,14825,857,705,8338
1076,498,1076.2487595490888,99600,118,59,297,101,87848,49932,1.3833333333333333,54,24,23650,21116,13232,6692,12648,22007,49106,38813,25029,13485,864,154,1055,3713,16421,20395,3896,125,891,17934,9039,17,117,91,14917,864,715,8392
1077,498,1077.0485421726012,99600,111,62,297,101,87859,49939,1.3835140562248995,55,22,23621,21099,13153,6650,12762,22065,49106,38813,25155,13654,863,153,1050,3715,16330,20493,3894,126,890,17820,8985,17,117,91,15026,868,718,8444
1078,498,1078.2503079773182,99600,105,56,297,101,87874,49947,1.3837449799196788,58,22,23604,21137,13067,6600,12868,22083,49106,38813,25279,13822,863,152,1047,3714,16243,20592,3894,126,891,17711,8931,17,116,92,15127,869,727,8488
1079,498,1079.0519871165288,99600,104,52,297,101,87885,49953,1.3839156626506024,58,27,23552,21131,13005,6555,12983,22133,49106,38813,25400,13988,863,152,1038,3716,16152,20693,3892,126,890,17603,8881,17,116,91,15226,878,733,8533
1080,498,1080.2570304543444,99600,107,52,297,101,87904,49963,1.384206827309237,50,28,23543,21151,12913,6516,13089,22151,49106,38813,25519,14153,863,152,1030,3718,16085,20772,3889,126,886,17503,8817,17,116,91,15316,885,745,8589
1081,498,1081.0606903082726,99600,105,51,297,101,87909,49967,1.3842971887550202,53,35,23505,21145,12826,6470,13213,22197,49106,38813,25636,14316,863,152,1027,3718,15985,20878,3889,126,884,17410,8765,17,116,91,15403,888,747,8641
1082,498,1082.268268315,99600,108,56,297,101,87930,49977,1.3846084337349398,52,32,23503,21160,12733,6429,13306,22221,49106,38813,25751,14478,863,152,1023,3718,15907,20966,3888,126,883,17297,8713,17,114,93,15507,892,752,8689
1083,498,1083.073383170242,99600,108,60,297,101,87941,49985,1.3847991967871487,56,30,23485,21156,12634,6390,13419,22262,49106,38813,25864,14638,863,152,1016,3718,15825,21055,3887,126,876,17209,8672,17,114,93,15590,898,761,8728
1084,498,1084.282336998225,99600,97,59,297,101,87956,49998,1.3850803212851406,55,30,23491,21190,12552,6342,13507,22277,49106,38813,25975,14797,863,151,1011,3718,15755,21138,3885,126,875,17107,8618,17,114,93,15686,901,771,8771
1085,498,1085.0880244874415,99600,89,65,297,101,87962,50006,1.3852208835341366,61,26,23458,21190,12474,6293,13620,22324,49106,38813,26084,14954,861,151,1008,3718,15678,21222,3884,128,874,17015,8576,17,111,96,15773,904,773,8811
1086,498,1086.2982961109255,99600,82,69,297,101,87970,50021,1.3854518072289157,66,20,23456,21216,12382,6249,13716,22344,49106,38813,26191,15110,860,151,1002,3718,15624,21290,3883,129,871,16912,8516,17,111,96,15864,910,780,8866
1087,498,1087.1284484150162,99600,85,74,297,101,87981,50028,1.385632530120482,65,17,23400,21198,12305,6208,13847,22401,49106,38813,26297,15264,860,151,996,3719,15543,21373,3881,129,863,16828,8468,17,111,96,15947,916,791,8911
1088,498,1088.0131498162411,99600,91,70,297,101,87995,50034,1.3858333333333333,64,18,23383,21227,12226,6168,13938,22415,49106,38813,26401,15416,860,151,989,3718,15473,21452,3880,129,860,16733,8417,17,111,96,16036,922,799,8957
1089,498,1089.0915007882656,99599,99,59,298,101,88022,50039,1.386168535828673,50,25,23423,21276,12116,6131,14013,22407,49106,38813,26503,15567,858,151,984,3719,15415,21525,3878,131,864,16616,8362,17,110,97,16140,926,802,9004
1090,498,1090.3039763140798,99599,96,58,298,101,88036,50046,1.3863793813190894,49,28,23424,21318,12034,6086,14098,22408,49106,38813,26603,15716,857,151,977,3717,15340,21611,3877,132,863,16521,8322,17,108,99,16227,933,807,9040
1091,498,1091.1120446583202,99599,96,53,298,101,88047,50049,1.3865199449793673,47,32,23398,21323,11951,6056,14209,22434,49106,38813,26701,15864,856,151,970,3717,15277,21679,3876,133,863,16424,8276,17,108,99,16321,940,812,9080
1092,498,1092.3256352232604,99599,93,50,298,101,88062,50058,1.386760911254129,45,32,23407,21369,11862,6020,14294,22427,49106,38813,26798,16010,855,151,968,3716,15192,21774,3875,134,860,16332,8239,17,108,99,16405,942,821,9111
1093,498,1093.1344855448647,99599,88,47,298,101,88073,50062,1.386911515175855,44,32,23381,21382,11791,5987,14397,22450,49106,38813,26893,16154,855,151,964,3718,15128,21844,3872,134,859,16222,8207,17,107,100,16510,946,830,9135
1094,498,1094.3491933883336,99598,82,46,299,101,88087,50072,1.3871664089640354,39,25,23390,21430,11707,5950,14482,22447,49106,38813,26986,16296,855,151,960,3722,15053,21929,3865,134,854,16129,8177,17,107,100,16595,950,839,9161
