,indexID,time,N,Inf_L,Inf_H,Dead_L,Dead_H,cum_cases_L,cum_cases_H,cum_sum_per_N,Exposed_L,Exposed_H,Sus_L,Sus_H,Rec_nat_L,Rec_nat_H,Rec_vax_L,Rec_vax_H,vaccinatedH,vaccinatedL,boostedH,boostedL,count_Naive,count_Delta,count_Delta_vaccine,count_two,count_three,count_four,count_Omicron,count_Omicron_star,count_Omicron_star_vaccine,count_Omicron_vaccine,count_Vaccine,count_WT,count_WT_vaccine,count_WT_vaccine_boost,count_Omicron_vaccine_boost,count_Delta_vaccine_boost,count_Omicron_star_vaccine_boost,count_Vaccine_boost
0,12318,1.0429543299472361,99996,2,10,0,0,2,10,0.00012000480019200768,24,16,49972,49972,0,0,0,0,0,0,0,0,99996,0,0,0,0,0,0,0,0,0,0,0,0,0,0,0,0,0
1,12318,2.0629953933117338,99996,7,13,0,0,9,16,0.000250010000400016,21,10,49968,49972,2,3,0,0,0,0,0,0,99991,0,0,0,0,0,0,0,0,0,0,5,0,0,0,0,0,0
2,12318,3.000494687047828,99996,13,12,0,0,16,18,0.00034001360054402175,17,9,49965,49971,3,6,0,0,0,0,0,0,99987,0,0,0,0,0,0,0,0,0,0,9,0,0,0,0,0,0
3,12318,4.047677041875017,99996,14,15,0,0,19,23,0.0004200168006720269,16,5,49963,49970,5,8,0,0,0,0,0,0,99983,0,0,0,0,0,0,0,0,0,0,13,0,0,0,0,0,0
4,12318,5.047084653103866,99996,17,14,0,0,25,24,0.0004900196007840313,21,5,49952,49969,8,10,0,0,0,0,0,0,99978,0,0,0,0,0,0,0,0,0,0,18,0,0,0,0,0,0
5,12318,6.042893215131421,99996,15,14,0,0,27,26,0.0005300212008480339,23,4,49948,49968,12,12,0,0,0,0,0,0,99972,0,0,0,0,0,0,0,0,0,0,24,0,0,0,0,0,0
6,12318,7.0569463567668045,99996,20,13,0,0,33,28,0.0006100244009760391,18,6,49947,49964,13,15,0,0,0,0,0,0,99968,0,0,0,0,0,0,0,0,0,0,28,0,0,0,0,0,0
7,12318,8.015886297010319,99996,18,12,0,0,35,30,0.0006500260010400416,19,5,49944,49963,17,18,0,0,0,0,0,0,99961,0,0,0,0,0,0,0,0,0,0,35,0,0,0,0,0,0
8,12318,9.060762038102244,99996,17,13,0,0,37,33,0.0007000280011200448,20,3,49941,49962,20,20,0,0,0,0,0,0,99956,0,0,0,0,0,0,0,0,0,0,40,0,0,0,0,0,0
9,12318,10.025187479030267,99996,18,13,0,0,41,34,0.000750030001200048,20,6,49937,49959,23,20,0,0,0,0,0,0,99952,0,0,0,0,0,0,0,0,0,0,44,0,0,0,0,0,0
10,12318,11.147389569751237,99996,19,12,0,0,46,35,0.0008100324012960519,18,6,49934,49959,27,21,0,0,0,0,0,0,99946,0,0,0,0,0,0,0,0,0,0,50,0,0,0,0,0,0
11,12318,12.061457135592917,99996,22,11,0,0,49,36,0.0008500340013600544,16,7,49934,49957,26,23,0,0,0,0,0,0,99944,0,0,0,0,0,0,0,0,0,0,52,0,0,0,0,0,0
12,12318,13.056666872788092,99996,23,10,0,0,52,37,0.000890035601424057,13,7,49934,49956,28,25,0,0,0,0,0,0,99940,0,0,0,0,0,0,0,0,0,0,56,0,0,0,0,0,0
13,12318,14.02663791122377,99996,21,12,0,0,55,41,0.0009600384015360614,16,5,49928,49954,33,27,0,0,0,0,0,0,99933,0,0,0,0,0,0,0,0,0,0,63,0,0,0,0,0,0
14,12318,15.307508264809059,99996,23,12,0,0,59,41,0.001000040001600064,12,7,49929,49952,34,27,0,0,0,0,0,0,99931,0,0,0,0,0,0,0,0,0,0,65,0,0,0,0,0,0
15,12318,16.029916248568714,99996,25,13,0,0,62,43,0.0010500420016800673,13,6,49925,49951,35,28,0,0,0,0,0,0,99929,0,0,0,0,0,0,0,0,0,0,67,0,0,0,0,0,0
16,12318,17.053867329445694,99996,21,13,0,0,63,46,0.0010900436017440697,19,3,49918,49951,40,31,0,0,0,0,0,0,99921,0,0,0,0,0,0,0,0,0,0,75,0,0,0,0,0,0
17,12318,18.111942346049748,99996,25,11,0,0,67,47,0.001140045601824073,21,3,49912,49950,40,34,0,0,0,0,0,0,99918,0,0,0,0,0,0,0,0,0,0,78,0,0,0,0,0,0
18,12318,19.17509185992954,99996,20,10,0,0,70,47,0.001170046801872075,21,4,49909,49949,48,35,0,0,0,0,0,0,99909,0,0,0,0,0,0,0,0,0,0,87,0,0,0,0,0,0
19,12318,20.007847013378925,99996,21,7,0,0,73,48,0.0012100484019360775,19,3,49908,49949,50,39,0,0,0,0,0,0,99903,0,0,0,0,0,0,0,0,0,0,93,0,0,0,0,0,0
20,12318,21.306884398185492,99996,21,6,0,0,76,49,0.00125005000200008,20,6,49904,49946,53,40,0,0,0,0,0,0,99898,0,0,0,0,0,0,0,0,0,0,98,0,0,0,0,0,0
21,12318,22.10199052524052,99996,18,6,0,0,78,50,0.001280051202048082,20,5,49902,49947,58,40,0,0,0,0,0,0,99892,0,0,0,0,0,0,0,0,0,0,104,0,0,0,0,0,0
22,12318,23.02080762853363,99996,20,4,0,0,85,50,0.0013500540021600864,15,6,49900,49946,63,42,0,0,0,0,0,0,99885,0,0,0,0,0,0,0,0,0,0,111,0,0,0,0,0,0
23,12318,24.212292024092275,99996,20,6,0,0,88,52,0.0014000560022400896,14,5,49898,49945,66,42,0,0,0,0,0,0,99882,0,0,0,0,0,0,0,0,0,0,114,0,0,0,0,0,0
24,12318,25.313296049247512,99996,18,6,0,0,89,53,0.0014200568022720908,20,7,49891,49942,69,43,0,0,0,0,0,0,99878,0,0,0,0,0,0,0,0,0,0,118,0,0,0,0,0,0
25,12318,26.126326112198164,99996,17,7,0,0,92,55,0.001470058802352094,20,5,49888,49942,73,44,0,0,0,0,0,0,99873,0,0,0,0,0,0,0,0,0,0,123,0,0,0,0,0,0
26,12318,27.054098879267364,99996,18,9,0,0,96,58,0.0015400616024640985,17,4,49887,49940,76,45,0,0,0,0,0,0,99869,0,0,0,0,0,0,0,0,0,0,127,0,0,0,0,0,0
27,12318,28.223889686544826,99996,20,6,0,0,101,60,0.0016100644025761031,13,3,49886,49939,79,50,0,0,0,0,0,0,99861,0,0,0,0,0,0,0,0,0,0,135,0,0,0,0,0,0
28,12318,29.059453052746615,99996,19,6,0,0,103,62,0.0016500660026401055,14,2,49883,49938,82,52,0,0,0,0,0,0,99856,0,0,0,0,0,0,0,0,0,0,140,0,0,0,0,0,0
29,12318,30.034442350978765,99996,19,7,0,0,108,64,0.0017200688027521102,9,2,49883,49937,87,52,0,0,0,0,0,0,99850,0,0,0,0,0,0,0,0,0,0,146,0,0,0,0,0,0
30,12318,31.004597602808257,99996,17,6,0,0,108,65,0.0017300692027681108,13,3,49880,49935,88,54,0,0,0,0,0,0,99846,0,0,0,0,0,0,0,0,0,0,150,0,0,0,0,0,0
31,12318,32.1454355328803,99996,15,7,0,0,111,66,0.0017700708028321132,14,3,49876,49934,93,54,0,0,0,0,0,0,99841,0,0,0,0,0,0,0,0,0,0,155,0,0,0,0,0,0
32,12318,33.017618298357455,99996,18,7,0,0,115,67,0.0018200728029121164,12,4,49875,49933,93,54,0,0,0,0,0,0,99839,0,0,0,0,0,0,0,0,0,0,157,0,0,0,0,0,0
33,12318,34.31497758061658,99996,20,8,0,0,121,69,0.0019000760030401216,12,3,49870,49932,96,55,0,0,0,0,0,0,99834,0,0,0,0,0,0,0,0,0,0,162,0,0,0,0,0,0
34,12318,35.04162187921148,99996,21,8,0,0,124,70,0.0019400776031041243,11,4,49869,49932,97,54,0,0,0,0,0,0,99831,0,0,0,0,0,0,0,0,0,0,165,0,0,0,0,0,0
35,12318,36.20564878410812,99996,22,5,0,0,126,71,0.001970078803152126,11,3,49867,49932,98,58,0,0,0,0,0,0,99826,0,0,0,0,0,0,0,0,0,0,170,0,0,0,0,0,0
36,12318,37.06083248915074,99996,17,6,0,0,127,72,0.0019900796031841273,10,2,49867,49932,104,58,0,0,0,0,0,0,99820,0,0,0,0,0,0,0,0,0,0,176,0,0,0,0,0,0
37,12318,38.10845389724057,99996,22,5,0,0,133,73,0.0020600824032961317,6,3,49865,49930,105,60,0,0,0,0,0,0,99817,0,0,0,0,0,0,0,0,0,0,179,0,0,0,0,0,0
38,12318,39.3150736890009,99996,20,6,0,0,135,74,0.0020900836033441337,8,3,49862,49929,108,60,0,0,0,0,0,0,99813,0,0,0,0,0,0,0,0,0,0,183,0,0,0,0,0,0
39,12318,40.02657138678726,99996,22,7,0,0,137,75,0.0021200848033921357,7,3,49861,49928,108,60,0,0,0,0,0,0,99813,0,0,0,0,0,0,0,0,0,0,183,0,0,0,0,0,0
40,12318,41.30609540069706,99995,21,6,1,0,139,76,0.0021501075053752686,10,3,49858,49928,108,61,0,0,0,0,0,0,99808,0,0,0,0,0,0,0,0,0,0,187,0,0,0,0,0,0
41,12318,42.036687188644215,99995,25,6,1,0,144,77,0.002210110505525276,6,9,49857,49921,109,62,0,0,0,0,0,0,99806,0,0,0,0,0,0,0,0,0,0,189,0,0,0,0,0,0
42,12318,43.316653214825166,99995,24,4,1,0,147,78,0.002250112505625281,7,9,49853,49920,113,65,0,0,0,0,0,0,99799,0,0,0,0,0,0,0,0,0,0,196,0,0,0,0,0,0
43,12318,44.307294282067616,99995,21,4,1,0,147,78,0.002250112505625281,12,10,49848,49919,116,65,0,0,0,0,0,0,99796,0,0,0,0,0,0,0,0,0,0,199,0,0,0,0,0,0
44,12318,45.19724463674018,99995,23,5,1,0,151,79,0.0023001150057502875,11,10,49845,49918,118,65,0,0,0,0,0,0,99794,0,0,0,0,0,0,0,0,0,0,201,0,0,0,0,0,0
45,12318,46.14414556941961,99995,21,7,1,0,155,81,0.002360118005900295,10,9,49842,49918,124,64,0,0,0,0,0,0,99788,0,0,0,0,0,0,0,0,0,0,207,0,0,0,0,0,0
46,12318,47.03407096029191,99995,23,10,1,0,158,84,0.0024201210060503025,9,8,49840,49916,125,64,0,0,0,0,0,0,99787,0,0,0,0,0,0,0,0,0,0,208,0,0,0,0,0,0
47,12318,48.09959624514863,99995,20,8,1,0,160,85,0.002450122506125306,12,9,49835,49914,130,67,0,0,0,0,0,0,99779,0,0,0,0,0,0,0,0,0,0,216,0,0,0,0,0,0
48,12318,49.013853654704825,99995,19,10,1,0,163,87,0.0025001250062503125,10,9,49834,49912,134,67,0,0,0,0,0,0,99775,0,0,0,0,0,0,0,0,0,0,220,0,0,0,0,0,0
49,12318,50.22935816168872,99995,18,11,1,0,166,91,0.0025701285064253215,12,8,49829,49909,138,70,0,0,0,0,0,0,99768,0,0,0,0,0,0,0,0,0,0,227,0,0,0,0,0,0
50,12318,51.05281034375863,99995,19,10,1,0,168,91,0.002590129506475324,13,8,49828,49910,137,70,0,0,0,0,0,0,99766,0,0,0,0,0,0,0,0,0,0,229,0,0,0,0,0,0
51,12318,52.01515571771776,99995,20,10,1,0,172,91,0.002630131506575329,13,10,49825,49908,139,70,0,0,0,0,0,0,99763,0,0,0,0,0,0,0,0,0,0,232,0,0,0,0,0,0
52,12318,53.10304917959652,99995,24,14,1,0,179,96,0.002750137506875344,13,11,49818,49902,142,71,0,0,0,0,0,0,99759,0,0,0,0,0,0,0,0,0,0,236,0,0,0,0,0,0
53,12318,54.0060436025664,99995,28,11,1,0,184,98,0.0028201410070503525,13,10,49813,49901,143,76,0,0,0,0,0,0,99753,0,0,0,0,0,0,0,0,0,0,242,0,0,0,0,0,0
54,12318,55.075615288768525,99995,26,15,1,0,186,103,0.0028901445072253614,16,5,49809,49901,146,77,0,0,0,0,0,0,99748,0,0,0,0,0,0,0,0,0,0,247,0,0,0,0,0,0
55,12318,56.25176866382736,99995,22,16,1,0,190,105,0.002950147507375369,17,5,49805,49899,153,78,0,0,0,0,0,0,99739,0,0,0,0,0,0,0,0,0,0,256,0,0,0,0,0,0
56,12318,57.012403598959345,99995,23,13,1,0,193,107,0.003000150007500375,14,6,49805,49896,155,83,0,0,0,0,0,0,99732,0,0,0,0,0,0,0,0,0,0,263,0,0,0,0,0,0
57,12318,58.01487725497968,99995,21,10,1,0,195,107,0.0030201510075503774,13,8,49804,49894,159,86,0,0,0,0,0,0,99725,0,0,0,0,0,0,0,0,0,0,270,0,0,0,0,0,0
58,12318,59.10590623950306,99995,19,13,1,0,196,110,0.0030601530076503824,12,6,49804,49894,162,85,0,0,0,0,0,0,99722,0,0,0,0,0,0,0,0,0,0,273,0,0,0,0,0,0
59,12318,60.10055549006922,99995,18,12,1,0,197,111,0.003080154007700385,12,5,49803,49894,164,87,0,0,0,0,0,0,99718,0,0,0,0,0,0,0,0,0,0,277,0,0,0,0,0,0
60,12318,61.298164058228764,99995,21,14,1,0,202,113,0.003150157507875394,13,5,49800,49893,163,86,0,0,0,0,0,0,99716,0,0,0,0,0,0,0,0,0,0,279,0,0,0,0,0,0
61,12318,62.049059982105774,99995,21,15,1,0,206,115,0.0032101605080254014,11,5,49799,49892,166,86,0,0,0,0,0,0,99711,0,0,0,0,0,0,0,0,0,0,284,0,0,0,0,0,0
62,12318,63.01211145991885,99995,20,13,1,0,210,115,0.0032501625081254064,11,9,49795,49888,171,88,0,0,0,0,0,0,99704,0,0,0,0,0,0,0,0,0,0,291,0,0,0,0,0,0
63,12318,64.07899057270654,99995,22,12,1,0,212,115,0.003270163508175409,12,9,49792,49888,171,89,0,0,0,0,0,0,99703,0,0,0,0,0,0,0,0,0,0,292,0,0,0,0,0,0
64,12318,65.03560292105797,99995,24,14,1,0,217,121,0.0033801690084504224,9,8,49790,49884,174,92,0,0,0,0,0,0,99696,0,0,0,0,0,0,0,0,0,0,299,0,0,0,0,0,0
65,12318,66.04042959776713,99995,21,12,1,0,221,123,0.00344017200860043,9,8,49787,49883,180,95,0,0,0,0,0,0,99685,0,0,0,0,0,0,0,0,0,0,310,0,0,0,0,0,0
66,12318,67.05051283581345,99995,22,10,1,0,223,124,0.003470173508675434,8,10,49787,49881,180,97,0,0,0,0,0,0,99681,0,0,0,0,0,0,0,0,0,0,314,0,0,0,0,0,0
67,12318,68.15225477139282,99995,20,14,1,0,226,129,0.003550177508875444,12,10,49780,49876,185,98,0,0,0,0,0,0,99675,0,0,0,0,0,0,0,0,0,0,320,0,0,0,0,0,0
68,12318,69.15698930567316,99995,20,13,1,0,227,131,0.0035801790089504473,12,12,49780,49872,185,101,0,0,0,0,0,0,99671,0,0,0,0,0,0,0,0,0,0,324,0,0,0,0,0,0
69,12318,70.14943347701956,99995,18,16,1,0,229,135,0.003640182009100455,12,10,49779,49871,188,101,0,0,0,0,0,0,99666,0,0,0,0,0,0,0,0,0,0,329,0,0,0,0,0,0
70,12318,71.01872318108616,99995,19,13,1,0,236,140,0.0037601880094004702,7,6,49777,49871,194,108,0,0,0,0,0,0,99652,0,0,0,0,0,0,0,0,0,0,343,0,0,0,0,0,0
71,12318,72.10249738252529,99995,21,11,1,0,238,140,0.0037801890094504727,8,6,49775,49871,193,110,0,0,0,0,0,0,99650,0,0,0,0,0,0,0,0,0,0,345,0,0,0,0,0,0
72,12318,73.05218140870917,99995,19,10,1,0,240,141,0.0038101905095254763,11,6,49770,49870,197,112,0,0,0,0,0,0,99644,0,0,0,0,0,0,0,0,0,0,351,0,0,0,0,0,0
73,12318,74.1807335900898,99995,20,11,1,0,243,142,0.0038501925096254812,8,8,49773,49868,196,111,0,0,0,0,0,0,99642,0,0,0,0,0,0,0,0,0,0,353,0,0,0,0,0,0
74,12318,75.03134031848582,99995,24,12,1,0,248,146,0.003940197009850492,8,4,49769,49869,196,113,0,0,0,0,0,0,99638,0,0,0,0,0,0,0,0,0,0,357,0,0,0,0,0,0
75,12318,76.10231698170897,99995,22,12,1,0,253,148,0.004010200510025501,8,3,49764,49868,203,115,0,0,0,0,0,0,99629,0,0,0,0,0,0,0,0,0,0,366,0,0,0,0,0,0
76,12318,77.32132218752088,99995,21,13,1,0,255,149,0.004040202010100505,12,5,49758,49865,206,115,0,0,0,0,0,0,99626,0,0,0,0,0,0,0,0,0,0,369,0,0,0,0,0,0
77,12318,78.06856864133037,99995,26,13,1,0,261,150,0.004110205510275514,7,8,49757,49861,207,116,0,0,0,0,0,0,99624,0,0,0,0,0,0,0,0,0,0,371,0,0,0,0,0,0
78,12318,79.26930147251788,99995,24,14,1,0,263,154,0.004170208510425521,10,6,49753,49860,210,118,0,0,0,0,0,0,99617,0,0,0,0,0,0,0,0,0,0,378,0,0,0,0,0,0
79,12318,80.0341577648323,99995,23,13,1,0,263,155,0.004180209010450522,12,7,49752,49859,210,119,0,0,0,0,0,0,99614,0,0,0,0,0,0,0,0,0,0,381,0,0,0,0,0,0
80,12318,81.28755430142662,99995,23,14,1,0,266,157,0.004230211510575529,10,6,49752,49858,212,120,0,0,0,0,0,0,99610,0,0,0,0,0,0,0,0,0,0,385,0,0,0,0,0,0
81,12318,82.09072609501567,99995,22,12,1,0,269,157,0.004260213010650532,11,7,49749,49857,215,122,0,0,0,0,0,0,99604,0,0,0,0,0,0,0,0,0,0,391,0,0,0,0,0,0
82,12318,83.29625178724697,99995,19,14,1,0,270,159,0.004290214510725536,16,7,49744,49855,218,122,0,0,0,0,0,0,99600,0,0,0,0,0,0,0,0,0,0,395,0,0,0,0,0,0
83,12318,84.06366321334784,99995,12,14,1,0,270,161,0.004310215510775539,17,7,49744,49854,224,123,0,0,0,0,0,0,99591,0,0,0,0,0,0,0,0,0,0,404,0,0,0,0,0,0
84,12318,85.02841369574645,99995,13,16,1,0,272,165,0.004370218510925546,18,9,49743,49848,223,125,0,0,0,0,0,0,99588,0,0,0,0,0,0,0,0,0,0,407,0,0,0,0,0,0
85,12318,86.30746816255807,99995,17,18,1,0,278,167,0.004450222511125556,13,9,49743,49847,224,124,0,0,0,0,0,0,99586,0,0,0,0,0,0,0,0,0,0,409,0,0,0,0,0,0
86,12318,87.03385775930752,99995,21,18,1,0,283,169,0.004520226011300565,9,8,49742,49846,225,126,0,0,0,0,0,0,99583,0,0,0,0,0,0,0,0,0,0,412,0,0,0,0,0,0
87,12318,88.02948485682934,99995,22,20,1,0,287,172,0.004590229511475574,6,8,49741,49843,228,127,0,0,0,0,0,0,99579,0,0,0,0,0,0,0,0,0,0,416,0,0,0,0,0,0
88,12318,89.02104487556038,99995,22,19,1,0,288,176,0.00464023201160058,12,6,49736,49841,227,132,0,0,0,0,0,0,99573,0,0,0,0,0,0,0,0,0,0,422,0,0,0,0,0,0
89,12318,90.0588093409002,99995,24,17,1,0,291,178,0.004690234511725586,17,6,49729,49839,227,136,0,0,0,0,0,0,99568,0,0,0,0,0,0,0,0,0,0,427,0,0,0,0,0,0
90,12318,91.15833095055864,99995,23,17,1,0,293,179,0.00472023601180059,18,6,49726,49838,230,137,0,0,0,0,0,0,99564,0,0,0,0,0,0,0,0,0,0,431,0,0,0,0,0,0
91,12318,92.01026449560405,99995,22,17,1,0,296,181,0.004770238511925596,21,9,49720,49834,234,138,0,0,0,0,0,0,99558,0,0,0,0,0,0,0,0,0,0,437,0,0,0,0,0,0
92,12318,93.0266283962683,99995,25,16,1,0,303,184,0.004870243512175609,19,6,49717,49834,236,142,0,0,0,0,0,0,99550,0,0,0,0,0,0,0,0,0,0,445,0,0,0,0,0,0
93,12318,94.21806034673632,99995,25,16,1,0,305,185,0.004900245012250612,24,10,49710,49830,238,142,0,0,0,0,0,0,99547,0,0,0,0,0,0,0,0,0,0,448,0,0,0,0,0,0
94,12318,95.10064153305579,99995,30,17,1,0,312,186,0.004980249012450623,18,12,49710,49828,239,141,0,0,0,0,0,0,99545,0,0,0,0,0,0,0,0,0,0,450,0,0,0,0,0,0
95,12318,96.03942666150071,99995,30,19,1,0,316,189,0.005050252512625631,18,12,49706,49825,243,142,0,0,0,0,0,0,99540,0,0,0,0,0,0,0,0,0,0,455,0,0,0,0,0,0
96,12318,97.0778182884883,99995,29,18,1,0,321,190,0.005110255512775639,21,13,49698,49825,249,142,0,0,0,0,0,0,99532,0,0,0,0,0,0,0,0,0,0,463,0,0,0,0,0,0
97,12318,98.0903304538396,99995,32,17,1,0,327,190,0.005170258512925646,21,17,49694,49821,250,143,0,0,0,0,0,0,99528,0,0,0,0,0,0,0,0,0,0,467,0,0,0,0,0,0
98,12318,99.20764994093845,99995,33,18,1,0,330,192,0.005220261013050653,27,18,49685,49819,252,143,0,0,0,0,0,0,99525,0,0,0,0,0,0,0,0,0,0,470,0,0,0,0,0,0
99,12318,100.02545488411495,99995,33,20,1,0,334,195,0.005290264513225661,29,18,49679,49817,256,143,0,0,0,0,0,0,99520,0,0,0,0,0,0,0,0,0,0,475,0,0,0,0,0,0
100,12318,101.06928591340268,99995,38,17,1,0,344,197,0.005410270513525676,23,20,49675,49814,261,147,0,0,0,0,0,0,99510,0,0,0,0,0,0,0,0,0,0,485,0,0,0,0,0,0
101,12318,102.11360372546652,99995,39,20,1,0,352,202,0.005540277013850693,23,17,49669,49814,266,147,0,0,0,0,0,0,99501,0,0,0,0,0,0,0,0,0,0,494,0,0,0,0,0,0
102,12318,103.13955155712662,99995,40,23,1,0,359,211,0.005700285014250713,25,18,49660,49804,272,153,0,0,0,0,0,0,99489,0,0,0,0,0,0,0,0,0,0,506,0,0,0,0,0,0
103,12318,104.07535578261881,99995,36,26,1,0,364,217,0.005810290514525726,26,15,49655,49801,280,156,0,0,0,0,0,0,99477,0,0,0,0,0,0,0,0,0,0,518,0,0,0,0,0,0
104,12318,105.27732340894447,99995,35,27,1,0,370,222,0.00592029601480074,24,13,49652,49798,286,160,0,0,0,0,0,0,99466,0,0,0,0,0,0,0,0,0,0,529,0,0,0,0,0,0
105,12318,106.23346711794433,99995,33,27,1,0,375,224,0.005990299514975749,24,13,49647,49797,293,161,0,0,0,0,0,0,99457,0,0,0,0,0,0,0,0,0,0,538,0,0,0,0,0,0
106,12318,107.00017502995479,99995,39,27,1,0,383,226,0.006090304515225761,19,13,49644,49795,295,163,0,0,0,0,0,0,99453,0,0,0,0,0,0,0,0,0,0,542,0,0,0,0,0,0
107,12318,108.05268236286642,99995,41,26,1,0,390,231,0.006210310515525777,26,13,49632,49790,298,169,0,0,0,0,0,0,99442,0,0,0,0,0,0,0,0,0,0,553,0,0,0,0,0,0
108,12318,109.1223211433604,99995,44,26,1,0,398,234,0.00632031601580079,26,13,49624,49787,303,172,0,0,0,0,0,0,99434,0,0,0,0,0,0,0,0,0,0,561,0,0,0,0,0,0
109,12318,110.11699768487937,99995,41,25,1,0,400,235,0.006350317515875794,28,13,49621,49786,307,174,0,0,0,0,0,0,99428,0,0,1,0,0,0,0,0,0,0,566,0,0,0,0,0,0
110,12318,111.13824776382455,99995,43,28,1,0,413,240,0.006530326516325817,26,12,49612,49783,316,175,0,0,0,0,0,0,99415,0,0,1,0,0,0,0,0,0,0,579,0,0,0,0,0,0
111,12318,112.07998773803274,99995,44,26,1,0,418,242,0.006600330016500825,26,15,49608,49778,319,179,0,0,0,0,0,0,99407,0,0,1,0,0,0,0,0,0,0,587,0,0,0,0,0,0
112,12318,113.33170387437202,99995,50,26,1,0,431,247,0.006780339016950848,30,15,49591,49774,326,183,0,0,0,0,0,0,99395,0,0,1,0,0,0,0,0,0,0,599,0,0,0,0,0,0
113,12318,114.11093481218204,99995,49,30,1,0,435,251,0.006860343017150858,33,13,49584,49773,331,182,0,0,0,0,0,0,99390,0,0,1,0,0,0,0,0,0,0,604,0,0,0,0,0,0
114,12318,115.23658660708456,99995,52,30,1,0,446,254,0.007000350017500875,27,11,49579,49774,339,183,0,0,0,0,0,0,99379,0,0,1,0,0,0,0,0,0,0,615,0,0,0,0,0,0
115,12318,116.12250789628258,99995,54,28,1,0,455,255,0.007100355017750888,24,12,49574,49772,345,186,0,0,0,0,0,0,99369,0,0,1,0,0,0,0,0,0,0,625,0,0,0,0,0,0
116,12318,117.2267535564674,99995,56,26,1,0,463,259,0.007220361018050903,23,12,49570,49768,348,192,0,0,0,0,0,0,99357,0,0,1,0,0,0,0,0,0,0,637,0,0,0,0,0,0
117,12318,118.07652451884498,99995,55,24,1,0,469,263,0.007320366018300915,28,13,49561,49763,353,198,0,0,0,0,0,0,99344,0,0,1,0,0,0,0,0,0,0,650,0,0,0,0,0,0
118,12318,119.09644127761473,99995,51,21,1,0,471,266,0.0073703685184259215,31,12,49557,49761,358,204,0,0,0,0,0,0,99332,0,0,1,0,0,0,0,0,0,0,662,0,0,0,0,0,0
119,12318,120.03363244914881,99995,64,20,1,0,487,267,0.0075403770188509425,34,17,49543,49756,356,205,0,0,0,0,0,0,99327,0,0,1,0,0,0,0,0,0,0,667,0,0,0,0,0,0
120,12318,121.09285106849904,99995,58,19,1,0,493,272,0.0076503825191259565,44,18,49528,49752,367,209,0,0,0,0,0,0,99309,0,0,1,0,0,0,0,0,0,0,685,0,0,0,0,0,0
121,12318,122.14894277710584,99995,60,19,1,0,503,275,0.0077803890194509725,45,19,49518,49748,374,212,0,0,0,0,0,0,99298,0,0,1,0,0,0,0,0,0,0,696,0,0,0,0,0,0
122,12318,123.20728955073263,99995,67,16,1,0,514,279,0.00793039651982599,44,22,49510,49742,376,218,0,0,0,0,0,0,99287,0,0,1,0,0,0,0,0,0,0,707,0,0,0,0,0,0
123,12318,124.2237269960503,99995,73,20,1,0,525,285,0.008100405020251012,40,22,49504,49736,380,220,0,0,0,0,0,0,99280,0,0,1,0,0,0,0,0,0,0,714,0,0,0,0,0,0
124,12318,125.02243316266896,99995,74,18,1,0,534,287,0.008210410520526026,37,21,49499,49735,387,224,0,0,0,0,0,0,99269,0,0,2,0,0,0,0,0,0,0,724,0,0,0,0,0,0
125,12318,126.05282158757046,99995,85,17,1,0,551,294,0.008450422521126056,33,21,49488,49730,391,230,0,0,0,0,0,0,99255,0,0,2,0,0,0,0,0,0,0,738,0,0,0,0,0,0
126,12318,127.03201311348423,99995,85,18,1,0,559,299,0.008580429021451072,37,19,49476,49727,399,234,0,0,0,0,0,0,99243,0,0,2,0,0,0,0,0,0,0,750,0,0,0,0,0,0
127,12318,128.228184387284,99995,78,19,1,0,572,303,0.008750437521876094,37,19,49465,49723,417,237,0,0,0,0,0,0,99221,0,0,3,0,0,0,0,0,0,0,771,0,0,0,0,0,0
128,12318,129.22661003611898,99995,74,23,1,0,582,308,0.008900445022251112,36,21,49457,49717,430,237,0,0,0,0,0,0,99206,0,0,3,0,0,0,0,0,0,0,786,0,0,0,0,0,0
129,12318,130.217298709843,99995,71,25,1,0,589,315,0.00904045202260113,42,20,49448,49711,436,242,0,0,0,0,0,0,99192,0,0,4,0,0,0,0,0,0,0,799,0,0,0,0,0,0
130,12318,131.03146946360755,99995,69,26,1,0,596,319,0.009150457522876144,44,17,49441,49711,443,244,0,0,0,0,0,0,99180,0,0,4,0,0,0,0,0,0,0,811,0,0,0,0,0,0
131,12318,132.0958302114842,99995,72,25,1,0,609,324,0.009330466523326166,47,17,49426,49708,452,248,0,0,0,0,0,0,99164,0,0,4,0,0,0,0,0,0,0,827,0,0,0,0,0,0
132,12318,133.09396018240463,99995,81,26,1,0,623,327,0.009500475023751188,39,21,49422,49701,455,250,0,0,0,0,0,0,99157,0,0,4,0,0,0,0,0,0,0,834,0,0,0,0,0,0
133,12318,134.09213565912245,99995,80,28,1,0,630,333,0.009630481524076204,39,19,49419,49697,459,254,0,0,0,0,0,0,99145,0,0,4,0,0,0,0,0,0,0,846,0,0,0,0,0,0
134,12318,135.0299523842587,99995,74,30,1,0,638,337,0.009750487524376218,42,16,49408,49697,473,255,0,0,0,0,0,0,99129,0,0,4,0,0,0,0,0,0,0,862,0,0,0,0,0,0
135,12318,136.1667818341801,99995,72,30,1,0,655,341,0.009960498024901246,45,22,49388,49688,492,258,0,0,0,0,0,0,99106,0,0,4,0,0,0,0,0,0,0,885,0,0,0,0,0,0
136,12318,137.165625446947,99995,64,29,1,0,664,346,0.010100505025251262,44,22,49384,49683,505,264,0,0,0,0,0,0,99083,0,0,4,0,0,0,0,0,0,0,908,0,0,0,0,0,0
137,12318,138.1646894155903,99995,60,29,1,0,670,351,0.010210510525526276,48,21,49375,49681,514,267,0,0,0,0,0,0,99068,0,0,4,0,0,0,0,0,0,0,923,0,0,0,0,0,0
138,12318,139.16397011641527,99995,64,27,1,0,685,353,0.010380519025951298,44,25,49366,49676,523,270,0,0,0,0,0,0,99053,0,0,4,0,0,0,0,0,0,0,938,0,0,0,0,0,0
139,12318,140.1634269679601,99995,68,25,1,0,700,357,0.010570528526426322,32,23,49363,49675,534,275,0,0,0,0,0,0,99036,0,0,4,0,0,0,0,0,0,0,955,0,0,0,0,0,0
140,12318,141.16301314664102,99995,69,30,1,0,708,364,0.01072053602680134,37,21,49350,49672,541,275,0,0,0,0,0,0,99027,0,0,4,0,0,0,0,0,0,0,964,0,0,0,0,0,0
141,12318,142.16275113464414,99995,67,30,1,0,715,367,0.010820541027051352,38,21,49346,49670,546,277,0,0,0,0,0,0,99015,0,0,4,0,0,0,0,0,0,0,976,0,0,0,0,0,0
142,12318,143.16262971693462,99995,69,30,1,0,721,371,0.010920546027301366,39,20,49340,49667,549,281,0,0,0,0,0,0,99007,0,0,4,0,0,0,0,0,0,0,984,0,0,0,0,0,0
143,12318,144.17160944445672,99995,69,29,1,0,731,375,0.011060553027651382,41,20,49332,49664,555,285,0,0,0,0,0,0,98992,0,0,4,0,0,0,0,0,0,0,999,0,0,0,0,0,0
144,12318,145.2812340230151,99995,68,34,1,0,744,383,0.01127056352817641,41,20,49320,49659,568,285,0,0,0,0,0,0,98975,0,0,4,0,0,0,0,0,0,0,1016,0,0,0,0,0,0
145,12318,146.25856742746097,99995,68,31,1,0,751,387,0.011380569028451422,42,20,49313,49655,574,292,0,0,0,0,0,0,98961,0,0,4,0,0,0,0,0,0,0,1030,0,0,0,0,0,0
146,12318,147.0672908576894,99995,63,31,1,0,762,391,0.011530576528826442,38,23,49308,49648,588,296,0,0,0,0,0,0,98941,0,0,4,0,0,0,0,0,0,0,1050,0,0,0,0,0,0
147,12318,148.0679465989789,99995,62,28,1,0,771,395,0.011660583029151458,37,23,49304,49644,594,303,0,0,0,0,0,0,98924,0,0,4,0,0,0,0,0,0,0,1067,0,0,0,0,0,0
148,12318,149.06876246949648,99995,55,34,1,0,777,404,0.011810590529526476,39,17,49298,49641,605,306,0,0,0,0,0,0,98908,0,0,4,0,0,0,0,0,0,0,1083,0,0,0,0,0,0
149,12318,150.03764010072717,99995,58,29,1,0,783,407,0.011900595029751488,38,18,49295,49639,606,312,0,0,0,0,0,0,98898,0,0,5,0,0,0,0,0,0,0,1092,0,0,0,0,0,0
150,12318,151.2091227566961,99995,57,35,1,0,795,418,0.012130606530326516,38,21,49289,49625,613,317,0,0,0,0,0,0,98880,0,0,5,0,0,0,0,0,0,0,1110,0,0,0,0,0,0
151,12318,152.21023207419773,99995,64,36,1,0,809,420,0.012290614530726536,31,22,49284,49624,618,316,0,0,0,0,0,0,98872,0,0,5,0,0,0,0,0,0,0,1118,0,0,0,0,0,0
152,12318,153.21144495929096,99994,66,36,2,0,816,424,0.012400744044642678,41,21,49271,49622,618,319,0,0,0,0,0,0,98863,0,0,5,0,0,0,0,0,0,0,1126,0,0,0,0,0,0
153,12318,154.2127801341603,99994,70,38,2,0,823,427,0.012500750045002701,40,23,49266,49618,620,319,0,0,0,0,0,0,98859,0,0,5,0,0,0,0,0,0,0,1130,0,0,0,0,0,0
154,12318,155.21416636045095,99994,67,43,2,0,830,434,0.01264075844550673,46,25,49255,49611,628,319,0,0,0,0,0,0,98847,0,0,5,0,0,0,0,0,0,0,1142,0,0,0,0,0,0
155,12318,156.21570816497479,99994,76,38,2,0,846,436,0.01282076924615477,39,30,49250,49605,631,325,0,0,0,0,0,0,98833,0,0,5,0,0,0,0,0,0,0,1156,0,0,0,0,0,0
156,12318,157.21734393494748,99994,74,37,2,0,859,443,0.013020781246874813,38,26,49241,49604,643,331,0,0,0,0,0,0,98810,0,0,5,0,0,0,0,0,0,0,1179,0,0,0,0,0,0
157,12318,158.21921100702716,99994,67,41,2,0,864,449,0.013130787847270836,45,23,49230,49602,654,332,0,0,0,0,0,0,98796,0,0,5,0,0,0,0,0,0,0,1193,0,0,0,0,0,0
158,12318,159.22128372141012,99993,78,43,2,1,881,456,0.013370935965517586,40,24,49221,49596,657,334,0,0,0,0,0,0,98785,0,0,5,0,0,0,0,0,0,0,1203,0,0,0,0,0,0
159,12318,160.22345418900795,99993,76,47,2,1,888,461,0.013490944366105628,42,25,49213,49591,665,334,0,0,0,0,0,0,98775,0,0,5,0,0,0,0,0,0,0,1213,0,0,0,0,0,0
160,12318,161.2257823108334,99993,74,43,2,1,900,469,0.013690958367085697,42,27,49203,49581,677,346,0,0,0,0,0,0,98749,0,0,5,0,0,0,0,0,0,0,1239,0,0,0,0,0,0
161,12318,162.22831333513773,99993,82,39,2,1,914,471,0.01385096956786975,40,33,49193,49577,681,348,0,0,0,0,0,0,98737,0,0,5,0,0,0,0,0,0,0,1251,0,0,0,0,0,0
162,12318,163.23100799833847,99993,74,41,2,1,926,479,0.01405098356884982,38,31,49184,49572,700,353,0,0,0,0,0,0,98711,0,0,5,0,0,0,0,0,0,0,1277,0,0,0,0,0,0
163,12318,164.23397437139153,99993,70,39,2,1,934,487,0.014210994769633875,42,30,49174,49568,710,360,0,0,0,0,0,0,98689,0,0,5,0,0,0,0,0,0,0,1299,0,0,0,0,0,0
164,12318,165.23718208003658,99993,70,38,2,1,945,493,0.014381006670466932,42,26,49166,49568,718,365,0,0,0,0,0,0,98671,0,0,5,0,0,0,0,0,0,0,1317,0,0,0,0,0,0
165,12318,166.24055550023144,99993,65,42,2,1,952,503,0.01455101857129999,45,18,49158,49566,728,371,0,0,0,0,0,0,98653,0,0,5,0,0,0,0,0,0,0,1335,0,0,0,0,0,0
166,12318,167.11066735708692,99993,68,38,2,1,965,507,0.01472103047213305,38,25,49153,49555,737,379,0,0,0,0,0,0,98636,0,0,6,0,0,0,0,0,0,0,1351,0,0,0,0,0,0
167,12318,168.11440205210423,99993,70,38,2,1,976,515,0.014911043773064115,39,18,49143,49555,744,386,0,0,0,0,0,0,98619,0,0,6,0,0,0,0,0,0,0,1368,0,0,0,0,0,0
168,12318,169.02246192279287,99993,75,35,2,1,986,518,0.01504105287370116,36,18,49138,49556,747,388,0,0,0,0,0,0,98608,0,0,6,0,0,0,0,0,0,0,1379,0,0,0,0,0,0
169,12318,170.15894982282083,99993,74,38,2,1,996,525,0.015211064774534218,33,16,49132,49553,757,390,0,0,0,0,0,0,98593,0,0,6,0,0,0,0,0,0,0,1394,0,0,0,0,0,0
170,12318,171.18663534584326,99993,70,37,2,1,1005,531,0.01536107527526927,40,15,49119,49549,767,396,0,0,0,0,0,0,98573,0,0,6,0,0,0,0,0,0,0,1414,0,0,0,0,0,0
171,12318,172.2931555071061,99993,71,34,2,1,1011,537,0.01548108367585731,41,14,49113,49545,771,404,0,0,0,0,0,0,98559,0,0,6,0,0,0,0,0,0,0,1428,0,0,0,0,0,0
172,12318,173.23398935684747,99992,70,29,3,1,1022,539,0.015611248899911993,43,22,49101,49537,781,409,0,0,0,0,0,0,98540,0,0,6,0,0,0,0,0,0,0,1446,0,0,0,0,0,0
173,12318,174.23872127865147,99992,74,34,3,1,1034,547,0.015811264901192095,40,19,49095,49535,786,409,0,0,0,0,0,0,98529,0,0,6,0,0,0,0,0,0,0,1457,0,0,0,0,0,0
174,12318,175.24358127027116,99992,74,32,3,1,1041,550,0.015911272901832148,38,19,49095,49533,788,413,0,0,0,0,0,0,98517,0,0,6,0,0,0,0,0,0,0,1469,0,0,0,0,0,0
175,12318,176.21549247387645,99992,74,34,3,1,1047,555,0.016021281702536205,40,22,49089,49526,792,415,0,0,0,0,0,0,98508,0,0,6,0,0,0,0,0,0,0,1478,0,0,0,0,0,0
176,12318,177.1677253876974,99992,72,36,3,1,1055,560,0.01615129210336827,43,23,49080,49520,800,418,0,0,0,0,0,0,98495,0,0,6,0,0,0,0,0,0,0,1491,0,0,0,0,0,0
177,12318,178.17282678514343,99992,78,32,3,1,1066,562,0.016281302504200335,45,27,49076,49517,796,421,0,0,0,0,0,0,98484,0,0,6,0,0,0,0,0,0,0,1502,0,0,0,0,0,0
178,12318,179.1779931036216,99992,78,38,3,1,1078,571,0.016491319305544445,43,22,49069,49514,805,423,0,0,0,0,0,0,98469,0,0,6,0,0,0,0,0,0,0,1517,0,0,0,0,0,0
179,12318,180.18324159299692,99992,85,37,3,1,1087,576,0.016631330506440514,40,20,49066,49511,804,429,0,0,0,0,0,0,98461,0,0,6,0,0,0,0,0,0,0,1525,0,0,0,0,0,0
180,12318,181.25129936652021,99992,86,35,3,1,1101,579,0.016801344107528603,46,29,49048,49500,815,433,0,0,0,0,0,0,98443,0,0,6,0,0,0,0,0,0,0,1543,0,0,0,0,0,0
181,12318,182.2568686556918,99992,90,37,3,1,1115,585,0.017001360108808705,45,31,49037,49494,823,435,0,0,0,0,0,0,98429,0,0,6,0,0,0,0,0,0,0,1557,0,0,0,0,0,0
182,12318,183.2626279784223,99992,85,40,3,1,1123,593,0.017161372909832787,48,28,49031,49490,831,439,0,0,0,0,0,0,98411,0,0,6,0,0,0,0,0,0,0,1575,0,0,0,0,0,0
183,12318,184.2685038555749,99992,93,46,3,1,1139,603,0.01742139371149692,45,26,49022,49484,835,441,0,0,0,0,0,0,98399,0,0,6,0,0,0,0,0,0,0,1587,0,0,0,0,0,0
184,12318,185.274502189455,99992,94,45,3,1,1151,609,0.01760140811264901,43,25,49014,49484,844,443,0,0,0,0,0,0,98381,0,0,6,0,0,0,0,0,0,0,1605,0,0,0,0,0,0
185,12318,186.280649891485,99992,93,45,3,1,1165,614,0.017791423313865108,43,27,49003,49477,856,448,0,0,0,0,0,0,98362,0,0,7,0,0,0,0,0,0,0,1623,0,0,0,0,0,0
186,12318,187.28705388657755,99992,92,51,3,1,1180,623,0.018031442515401234,45,28,48990,49468,868,450,0,0,0,0,0,0,98343,0,0,7,0,0,0,0,0,0,0,1642,0,0,0,0,0,0
187,12318,188.2936511517554,99992,88,52,3,1,1191,628,0.018191455316425315,44,35,48983,49456,880,454,0,0,0,0,0,0,98324,0,0,7,0,0,0,0,0,0,0,1661,0,0,0,0,0,0
188,12318,189.30043233272914,99992,91,53,3,1,1200,637,0.018371469717577405,51,35,48972,49449,881,460,0,0,0,0,0,0,98310,0,0,7,0,0,0,0,0,0,0,1675,0,0,0,0,0,0
189,12318,190.30734162680446,99992,84,55,3,1,1213,647,0.018601488119049523,53,31,48961,49447,897,464,0,0,0,0,0,0,98283,0,0,8,0,0,0,0,0,0,0,1701,0,0,0,0,0,0
190,12318,191.31450326865047,99992,86,60,3,1,1229,658,0.01887150972077766,44,29,48958,49439,907,469,0,0,0,0,0,0,98263,0,0,8,0,0,0,0,0,0,0,1721,0,0,0,0,0,0
191,12318,192.32183182637812,99992,87,58,3,1,1238,665,0.019031522521801743,50,27,48945,49436,913,476,0,0,0,0,0,0,98246,0,0,8,0,0,0,0,0,0,0,1738,0,0,0,0,0,0
192,12318,193.32934931562323,99992,90,51,3,1,1253,673,0.01926154092327386,50,27,48934,49430,921,489,0,0,0,0,0,0,98219,0,0,8,0,0,0,0,0,0,0,1765,0,0,0,0,0,0
193,12318,194.0011533724734,99992,98,54,3,1,1264,678,0.019421553724297942,51,24,48925,49429,921,490,0,0,0,0,0,0,98214,0,0,8,0,0,0,0,0,0,0,1770,0,0,0,0,0,0
194,12318,195.0089962658445,99992,98,51,3,1,1279,682,0.01961156892551404,47,31,48918,49420,932,495,0,0,0,0,0,0,98193,0,0,9,0,0,0,0,0,0,0,1790,0,0,0,0,0,0
195,12318,196.01704269319842,99992,79,50,3,1,1285,686,0.019711576926154092,53,43,48907,49404,956,500,0,0,0,0,0,0,98164,0,0,10,0,0,0,0,0,0,0,1818,0,0,0,0,0,0
196,12318,197.0253853429889,99992,88,55,3,1,1302,697,0.019991599327946235,49,41,48901,49396,957,505,0,0,0,0,0,0,98150,0,0,10,0,0,0,0,0,0,0,1832,0,0,0,0,0,0
197,12318,198.03380350257976,99992,89,56,3,1,1312,710,0.020221617729418353,55,42,48888,49386,963,513,0,0,0,0,0,0,98129,0,0,10,0,0,0,0,0,0,0,1853,0,0,0,0,0,0
198,12318,199.04237504024596,99992,95,57,3,1,1328,721,0.02049163933114649,49,44,48881,49376,970,520,0,0,0,0,0,0,98109,0,0,10,0,0,0,0,0,0,0,1873,0,0,0,0,0,0
199,12318,200.05110804350542,99992,102,52,3,1,1350,727,0.020771661732938634,42,45,48867,49369,984,531,0,0,0,0,0,0,98083,0,0,10,0,0,0,0,0,0,0,1899,0,0,0,0,0,0
200,12318,201.06010574269197,99991,100,59,4,1,1364,740,0.02104189377043934,43,40,48855,49362,996,536,0,0,0,0,0,0,98061,0,0,10,0,0,0,0,0,0,0,1920,0,0,0,0,0,0
201,12318,202.06938208107096,99991,105,59,4,1,1379,753,0.021321918972707545,50,31,48835,49360,1004,547,0,0,0,0,0,0,98038,0,0,10,0,0,0,0,0,0,0,1943,0,0,0,0,0,0
202,12318,203.07895369814634,99991,102,59,4,1,1392,764,0.02156194057465172,54,28,48822,49355,1016,555,0,0,0,0,0,0,98012,0,0,11,0,0,0,0,0,0,0,1968,0,0,0,0,0,0
203,12318,204.08878959348002,99991,111,57,4,1,1411,771,0.021821963976757907,49,29,48812,49351,1022,560,0,0,0,0,0,0,97993,0,0,11,0,0,0,0,0,0,0,1987,0,0,0,0,0,0
204,12318,205.09876650852894,99991,114,60,4,1,1422,780,0.022021981978378055,53,32,48803,49341,1024,564,0,0,0,0,0,0,97979,0,0,11,0,0,0,0,0,0,0,2001,0,0,0,0,0,0
205,12318,206.10887410163053,99991,112,62,4,1,1438,789,0.022272004480403236,57,30,48787,49335,1038,570,0,0,0,0,0,0,97954,0,0,11,0,0,0,0,0,0,0,2026,0,0,0,0,0,0
206,12318,207.11929071888713,99991,107,65,4,1,1448,800,0.02248202338210439,64,24,48772,49331,1051,577,0,0,0,0,0,0,97933,0,0,13,0,0,0,0,0,0,0,2045,0,0,0,0,0,0
207,12318,208.13001820847128,99991,116,59,4,1,1472,803,0.022752047684291586,58,27,48758,49325,1062,586,0,0,0,0,0,0,97910,0,0,14,0,0,0,0,0,0,0,2067,0,0,0,0,0,0
208,12318,209.14098781608234,99991,121,59,4,1,1488,813,0.023012071086397776,67,31,48737,49315,1069,592,0,0,0,0,0,0,97889,0,0,14,0,0,0,0,0,0,0,2088,0,0,0,0,0,0
209,12318,210.15224558611393,99991,115,62,4,1,1500,827,0.023272094488503967,70,23,48725,49309,1084,603,0,0,0,0,0,0,97860,0,0,14,0,0,0,0,0,0,0,2117,0,0,0,0,0,0
210,12318,211.16381245416096,99991,114,49,4,1,1515,829,0.02344210978988109,72,29,48712,49301,1096,618,0,0,0,0,0,0,97829,0,0,14,0,0,0,0,0,0,0,2148,0,0,0,0,0,0
211,12318,212.17568312145875,99991,117,42,4,1,1535,833,0.023682131391825265,71,35,48698,49291,1108,629,0,0,0,0,0,0,97801,0,0,14,0,0,0,0,0,0,0,2176,0,0,0,0,0,0
212,12318,213.1878458166123,99990,106,41,5,1,1546,839,0.023852385238523854,79,41,48681,49280,1127,635,0,0,0,0,0,0,97772,0,0,14,0,0,0,0,0,0,0,2204,0,0,0,0,0,0
213,12318,214.20034120293363,99990,97,47,5,1,1562,849,0.024112411241124114,77,37,48671,49277,1148,636,0,0,0,0,0,0,97743,0,0,14,0,0,0,0,0,0,0,2233,0,0,0,0,0,0
214,12318,215.21317467493566,99990,96,46,5,1,1581,858,0.024392439243924393,73,38,48662,49268,1162,645,0,0,0,0,0,0,97713,0,0,14,0,0,0,0,0,0,0,2263,0,0,0,0,0,0
215,12318,216.226299344783,99990,93,51,5,1,1596,870,0.024662466246624663,76,40,48647,49260,1177,646,0,0,0,0,0,0,97688,0,0,14,0,0,0,0,0,0,0,2288,0,0,0,0,0,0
216,12318,217.23966505943824,99989,97,53,6,1,1615,878,0.024932742601686184,64,37,48641,49257,1190,650,0,0,0,0,0,0,97667,0,0,14,0,0,0,0,0,0,0,2308,0,0,0,0,0,0
217,12318,218.2532239308209,99989,104,50,6,1,1634,885,0.025192771204832532,64,36,48623,49254,1201,657,0,0,0,0,0,0,97645,0,0,14,0,0,0,0,0,0,0,2330,0,0,0,0,0,0
218,12318,219.2670875198984,99989,113,54,6,1,1658,897,0.02555281080918901,62,32,48604,49248,1213,663,0,0,0,0,0,0,97623,0,0,15,0,0,0,0,0,0,0,2351,0,0,0,0,0,0
219,12318,220.28128584993402,99989,111,55,6,1,1674,906,0.025802838312214343,61,34,48593,49239,1227,669,0,0,0,0,0,0,97597,0,0,15,0,0,0,0,0,0,0,2377,0,0,0,0,0,0
220,12318,221.29570277537988,99989,111,61,6,1,1686,917,0.02603286361499765,71,28,48577,49238,1233,670,0,0,0,0,0,0,97580,0,0,15,0,0,0,0,0,0,0,2394,0,0,0,0,0,0
221,12318,222.31034487636924,99989,113,52,6,1,1700,920,0.026202882317054876,72,31,48566,49236,1241,678,0,0,0,0,0,0,97556,0,0,15,0,0,0,0,0,0,0,2418,0,0,0,0,0,0
222,12318,223.32521355169018,99989,119,50,6,1,1719,927,0.026462910920201223,74,35,48549,49228,1250,684,0,0,0,0,0,0,97534,0,0,15,0,0,0,0,0,0,0,2440,0,0,0,0,0,0
223,12318,224.00196011176516,99989,116,53,6,1,1729,934,0.02663292962225845,74,32,48540,49226,1262,686,0,0,0,0,0,0,97517,0,0,15,0,0,0,0,0,0,0,2457,0,0,0,0,0,0
224,12318,225.01732679610757,99989,117,58,6,1,1745,948,0.02693296262588885,77,29,48525,49216,1273,694,0,0,0,0,0,0,97493,0,0,15,0,0,0,0,0,0,0,2481,0,0,0,0,0,0
225,12318,226.03293745319064,99989,125,55,6,1,1763,954,0.027172989028793167,76,35,48514,49208,1277,699,0,0,0,0,0,0,97474,0,0,15,0,0,0,0,0,0,0,2500,0,0,0,0,0,0
226,12318,227.04874729770927,99989,128,57,6,1,1782,966,0.02748302313254458,80,33,48495,49202,1289,705,0,0,0,0,0,0,97448,0,0,15,0,0,0,0,0,0,0,2526,0,0,0,0,0,0
227,12318,228.06482291591965,99989,132,61,6,1,1802,977,0.027793057236295993,74,31,48482,49195,1304,710,0,0,0,0,0,0,97425,0,0,15,0,0,0,0,0,0,0,2549,0,0,0,0,0,0
228,12318,229.08115875368694,99989,136,60,6,1,1822,984,0.02806308693956335,67,32,48475,49191,1314,714,0,0,0,0,0,0,97401,0,0,15,0,0,0,0,0,0,0,2573,0,0,0,0,0,0
229,12318,230.09771759228232,99989,143,61,6,1,1850,996,0.028463130944403885,64,33,48454,49179,1331,724,0,0,0,0,0,0,97370,0,0,16,0,0,0,0,0,0,0,2603,0,0,0,0,0,0
230,12318,231.11461626340915,99989,143,62,6,1,1868,1004,0.02872315954755023,65,38,48439,49167,1345,730,0,0,0,0,0,0,97345,0,0,16,0,0,0,0,0,0,0,2628,0,0,0,0,0,0
231,12318,232.1318216891965,99989,148,62,6,1,1888,1012,0.029003190350938603,67,40,48420,49159,1357,736,0,0,0,0,0,0,97322,0,0,16,0,0,0,0,0,0,0,2651,0,0,0,0,0,0
232,12318,233.14932743032983,99989,146,67,6,1,1902,1025,0.029273220054205962,71,40,48407,49149,1368,741,0,0,0,0,0,0,97299,0,0,17,0,0,0,0,0,0,0,2673,0,0,0,0,0,0
233,12318,234.16709816269193,99989,142,71,6,1,1926,1035,0.029613257458320417,68,42,48388,49140,1394,744,0,0,0,0,0,0,97265,0,0,17,0,0,0,0,0,0,0,2707,0,0,0,0,0,0
234,12318,235.1852526640743,99989,143,72,6,1,1941,1046,0.02987328606146676,66,45,48380,49127,1403,753,0,0,0,0,0,0,97242,0,0,18,0,0,0,0,0,0,0,2729,0,0,0,0,0,0
235,12318,236.20359950222468,99989,147,73,6,1,1958,1056,0.03014331576473412,74,50,48363,49115,1408,759,0,0,0,0,0,0,97221,0,0,19,0,0,0,0,0,0,0,2749,0,0,0,0,0,0
236,12318,237.22215809680768,99989,146,76,6,1,1978,1071,0.030493354268969586,80,42,48341,49109,1425,770,0,0,0,0,0,0,97189,0,0,20,0,0,0,0,0,0,0,2780,0,0,0,0,0,0
237,12318,238.2411196866648,99989,148,73,6,1,2000,1083,0.030833391673084038,89,40,48313,49103,1442,781,0,0,0,0,0,0,97154,0,0,20,0,0,0,0,0,0,0,2815,0,0,0,0,0,0
238,12318,239.2606262449286,99988,156,72,7,1,2031,1099,0.031303756450774094,89,33,48287,49097,1459,795,0,0,0,0,0,0,97114,0,0,20,0,0,0,0,0,0,0,2854,0,0,0,0,0,0
239,12318,240.2805759230806,99986,155,72,9,1,2051,1107,0.031584421819054666,104,33,48262,49090,1468,802,0,0,0,0,0,0,97085,0,0,20,0,0,0,0,0,0,0,2881,0,0,0,0,0,0
240,12318,241.30089874479862,99986,151,68,9,1,2069,1117,0.03186446102454343,115,38,48240,49078,1483,813,0,0,0,0,0,0,97049,0,0,20,0,0,0,0,0,0,0,2917,0,0,0,0,0,0
241,12318,242.3215906807065,99986,157,69,9,1,2099,1128,0.032274518432580564,113,41,48220,49067,1499,820,0,0,0,0,0,0,97015,0,0,20,0,0,0,0,0,0,0,2951,0,0,0,0,0,0
242,12318,243.00228443706155,99986,162,67,9,1,2123,1131,0.0325445562378733,104,48,48207,49059,1516,823,0,0,0,0,0,0,96991,0,0,20,0,0,0,0,0,0,0,2975,0,0,0,0,0,0
243,12318,244.02366166962793,99986,165,71,9,1,2149,1145,0.0329446122457144,104,47,48183,49048,1537,831,0,0,0,0,0,0,96958,0,0,20,0,0,0,0,0,0,0,3008,0,0,0,0,0,0
244,12318,245.04550966346122,99986,159,82,9,1,2173,1160,0.03333466685335947,109,43,48164,49039,1557,833,0,0,0,0,0,0,96925,0,0,21,0,0,0,0,0,0,0,3040,0,0,0,0,0,0
245,12318,246.0676926738792,99986,170,81,9,1,2200,1170,0.03370471866061248,104,50,48147,49027,1568,839,0,0,0,0,0,0,96899,0,0,22,0,0,0,0,0,0,0,3065,0,0,0,0,0,0
246,12318,247.0901450858691,99986,180,80,9,1,2224,1186,0.03410477466845358,110,52,48122,49010,1577,855,0,0,0,0,0,0,96869,0,0,23,0,0,0,0,0,0,0,3094,0,0,0,0,0,0
247,12318,248.11299599756015,99986,180,80,9,1,2251,1196,0.0344748264757066,110,54,48101,49002,1598,861,0,0,0,0,0,0,96833,0,0,24,0,0,0,0,0,0,0,3129,0,0,0,0,0,0
248,12318,249.13624684169818,99985,178,82,10,1,2277,1210,0.034875231284692707,106,56,48083,48990,1621,869,0,0,0,0,0,0,96794,0,0,25,0,0,0,0,0,0,0,3166,0,0,0,0,0,0
249,12318,250.15996838265067,99985,182,76,10,1,2309,1220,0.035295294294144124,110,59,48051,48979,1645,883,0,0,0,0,0,0,96750,0,0,25,0,0,0,0,0,0,0,3210,0,0,0,0,0,0
250,12318,251.18422811364633,99985,186,80,10,1,2330,1235,0.035655348302245336,112,60,48036,48967,1654,890,0,0,0,0,0,0,96722,0,0,25,0,0,0,0,0,0,0,3238,0,0,0,0,0,0
251,12318,252.20876153983016,99985,195,79,10,1,2361,1250,0.03611541731259689,113,61,48009,48954,1671,903,0,0,0,0,0,0,96685,0,0,26,0,0,0,0,0,0,0,3274,0,0,0,0,0,0
252,12318,253.23376815214957,99984,192,78,11,1,2388,1267,0.036555848935829735,117,53,47985,48949,1693,917,0,0,0,0,0,0,96640,0,0,29,0,0,0,0,0,0,0,3315,0,0,0,0,0,0
253,12318,254.2593107299235,99984,183,80,11,1,2409,1283,0.03692590814530325,121,52,47970,48942,1713,923,0,0,0,0,0,0,96597,0,0,30,0,0,0,0,0,0,0,3357,0,0,0,0,0,0
254,12318,255.2852580224939,99984,196,87,11,1,2444,1301,0.03745599295887342,113,50,47950,48928,1728,932,0,0,0,0,0,0,96564,0,0,30,0,0,0,0,0,0,0,3390,0,0,0,0,0,0
255,12318,256.3115490523522,99984,191,92,11,1,2470,1318,0.037886061769883184,126,44,47914,48919,1756,942,0,0,0,0,0,0,96521,0,0,30,0,0,0,0,0,0,0,3433,0,0,0,0,0,0
256,12318,257.33845585174004,99984,191,82,11,1,2500,1326,0.03826612257961274,126,43,47890,48916,1780,956,0,0,0,0,0,0,96474,0,0,31,0,0,0,0,0,0,0,3479,0,0,0,0,0,0
257,12318,258.0234211755625,99983,193,77,12,1,2521,1331,0.03852654951341728,121,48,47879,48907,1793,965,0,0,0,0,0,0,96445,0,0,31,0,0,0,0,0,0,0,3507,0,0,0,0,0,0
258,12318,259.05121720540996,99983,193,83,12,1,2548,1346,0.03894662092555735,125,44,47854,48899,1814,971,0,0,0,0,0,0,96409,0,0,31,0,0,0,0,0,0,0,3543,0,0,0,0,0,0
259,12318,260.0795019339695,99983,190,74,12,1,2580,1353,0.03933668723683026,109,46,47846,48893,1841,984,0,0,0,0,0,0,96358,0,0,31,0,0,0,0,0,0,0,3594,0,0,0,0,0,0
260,12318,261.10819839455866,99983,188,76,12,1,2599,1363,0.03962673654521268,107,46,47834,48886,1857,989,0,0,0,0,0,0,96331,0,0,33,0,0,0,0,0,0,0,3619,0,0,0,0,0,0
261,12318,262.13717647602783,99983,191,75,12,1,2632,1372,0.04004680795735275,100,49,47816,48878,1879,995,0,0,0,0,0,0,96292,0,0,34,0,0,0,0,0,0,0,3657,0,0,0,0,0,0
262,12318,263.16654971498957,99983,187,78,12,1,2661,1384,0.040456877669203764,99,45,47801,48872,1899,1002,0,0,0,0,0,0,96250,0,0,34,0,0,0,0,0,0,0,3699,0,0,0,0,0,0
263,12318,264.19632014236254,99983,194,81,12,1,2695,1399,0.04094696098336717,92,37,47777,48866,1923,1013,0,0,0,0,0,0,96212,0,0,35,0,0,0,0,0,0,0,3736,0,0,0,0,0,0
264,12318,265.2265808711149,99983,200,73,12,1,2728,1408,0.041367032395507236,97,47,47746,48849,1943,1028,0,0,0,0,0,0,96168,0,0,35,0,0,0,0,0,0,0,3780,0,0,0,0,0,0
265,12318,266.2573998351184,99983,193,73,12,1,2752,1418,0.041707090205334904,102,48,47726,48841,1965,1035,0,0,0,0,0,0,96129,0,0,37,0,0,0,0,0,0,0,3817,0,0,0,0,0,0
266,12318,267.28870923794705,99983,192,81,12,1,2774,1436,0.042107158216896874,104,46,47706,48830,1984,1040,0,0,0,0,0,0,96099,0,0,40,0,0,0,0,0,0,0,3844,0,0,0,0,0,0
267,12318,268.320437728599,99983,185,84,12,1,2793,1448,0.042417210925857395,121,52,47675,48817,2005,1044,0,0,0,0,0,0,96065,0,0,41,0,0,0,0,0,0,0,3877,0,0,0,0,0,0
268,12318,269.0085555666801,99983,184,82,12,1,2814,1456,0.04270726023423982,117,54,47664,48808,2021,1053,0,0,0,0,0,0,96033,0,0,41,0,0,0,0,0,0,0,3909,0,0,0,0,0,0
269,12318,270.0410498634022,99983,199,86,12,1,2852,1470,0.04322734864927038,131,51,47621,48800,2035,1060,0,0,0,0,0,0,96000,0,0,41,0,0,0,0,0,0,0,3942,0,0,0,0,0,0
270,12318,271.07415596246676,99983,189,94,12,1,2879,1487,0.043667423461988535,136,48,47598,48790,2063,1065,0,0,0,0,0,0,95955,0,0,42,0,0,0,0,0,0,0,3986,0,0,0,0,0,0
271,12318,272.1077837102287,99982,198,91,13,1,2912,1498,0.044107939429097236,130,48,47577,48785,2080,1073,0,0,0,0,0,0,95919,0,0,44,0,0,0,0,0,0,0,4019,0,0,0,0,0,0
272,12318,273.1418807022217,99982,207,94,13,1,2956,1514,0.04470804744854074,114,49,47556,48772,2108,1082,0,0,0,0,0,0,95872,0,0,45,0,0,0,0,0,0,0,4065,0,0,0,0,0,0
273,12318,274.1764658422237,99982,222,93,13,1,2993,1527,0.045208137464743656,113,61,47525,48751,2125,1092,0,0,0,0,0,0,95836,0,0,45,0,0,0,0,0,0,0,4101,0,0,0,0,0,0
274,12318,275.2115337957152,99981,207,106,14,1,3015,1551,0.04566867704863924,125,57,47499,48735,2153,1099,0,0,0,0,0,0,95790,0,0,47,0,0,0,0,0,0,0,4144,0,0,0,0,0,0
275,12318,276.2471124830821,99981,218,104,14,1,3053,1566,0.046198777767775874,125,60,47468,48719,2173,1114,0,0,0,0,0,0,95747,0,0,48,0,0,0,0,0,0,0,4186,0,0,0,0,0,0
276,12318,277.2832427522577,99981,210,118,14,1,3082,1591,0.046738880387273585,139,57,47431,48702,2204,1120,0,0,0,0,0,0,95700,0,0,49,0,0,0,0,0,0,0,4232,0,0,0,0,0,0
277,12318,278.3200441395294,99981,224,112,14,1,3117,1602,0.04719896780388274,142,68,47401,48685,2217,1132,0,0,0,0,0,0,95663,0,0,50,0,0,0,0,0,0,0,4268,0,0,0,0,0,0
278,12318,279.01152951694775,99981,231,109,14,1,3142,1613,0.047559036216881206,134,73,47391,48670,2228,1145,0,0,0,0,0,0,95631,0,0,50,0,0,0,0,0,0,0,4300,0,0,0,0,0,0
279,12318,280.0490074448012,99981,237,117,14,1,3177,1630,0.04807913503565678,140,73,47363,48660,2244,1147,0,0,0,0,0,0,95593,0,0,50,0,0,0,0,0,0,0,4338,0,0,0,0,0,0
280,12318,281.08693914874465,99981,237,120,14,1,3212,1651,0.048639241455876614,145,70,47338,48648,2264,1159,0,0,0,0,0,0,95542,0,0,52,0,0,0,0,0,0,0,4387,0,0,0,0,0,0
281,12318,282.1253710956862,99981,238,113,14,1,3251,1666,0.04917934407537432,142,77,47313,48631,2291,1176,0,0,0,0,0,0,95484,0,0,54,0,0,0,0,0,0,0,4443,0,0,0,0,0,0
282,12318,283.1643563463769,99981,228,116,14,1,3286,1680,0.049669437193066684,137,85,47294,48611,2325,1185,0,0,0,0,0,0,95429,0,0,55,0,0,0,0,0,0,0,4497,0,0,0,0,0,0
283,12318,284.20391788832023,99981,237,122,14,1,3330,1699,0.050299556915814,131,82,47263,48596,2353,1197,0,0,0,0,0,0,95383,0,0,57,0,0,0,0,0,0,0,4541,0,0,0,0,0,0
284,12318,285.2440487237469,99981,245,125,14,1,3364,1725,0.050899670937478124,125,74,47248,48584,2366,1214,0,0,0,0,0,0,95338,0,0,61,0,0,0,0,0,0,0,4582,0,0,0,0,0,0
285,12318,286.28452540432846,99981,253,128,14,1,3404,1739,0.05143977355697583,117,73,47223,48573,2391,1223,0,0,0,0,0,0,95297,0,0,63,0,0,0,0,0,0,0,4621,0,0,0,0,0,0
286,12318,287.32552866392206,99981,236,132,14,1,3431,1762,0.051939868575029254,134,61,47186,48567,2428,1237,0,0,0,0,0,0,95238,0,0,67,0,0,0,0,0,0,0,4676,0,0,0,0,0,0
287,12318,288.0200025092045,99981,245,128,14,1,3456,1776,0.05232994268911093,137,61,47165,48557,2437,1251,0,0,0,0,0,0,95204,0,0,67,0,0,0,0,0,0,0,4710,0,0,0,0,0,0
288,12318,289.062223269516,99981,243,124,14,1,3492,1789,0.05282003580680329,139,67,47134,48543,2468,1263,0,0,0,0,0,0,95151,0,0,69,0,0,0,0,0,0,0,4761,0,0,0,0,0,0
289,12318,290.10510806349976,99980,255,126,15,1,3528,1811,0.0534006801360272,143,67,47104,48525,2481,1279,0,0,0,0,0,0,95107,0,0,69,0,0,0,0,0,0,0,4804,0,0,0,0,0,0
290,12318,291.1484890210883,99980,260,122,15,1,3567,1832,0.054000800160032,136,63,47086,48511,2501,1301,0,0,0,0,0,0,95051,0,0,72,0,0,0,0,0,0,0,4857,0,0,0,0,0,0
291,12318,292.1923304399635,99979,261,126,16,1,3600,1854,0.0545514558057192,144,63,47054,48496,2523,1312,0,0,0,0,0,0,95004,0,0,75,0,0,0,0,0,0,0,4900,0,0,0,0,0,0
292,12318,293.23676916324064,99978,254,111,17,1,3640,1866,0.055072115865490406,154,74,47008,48477,2565,1335,0,0,0,0,0,0,94931,0,0,76,0,0,0,0,0,0,0,4971,0,0,0,0,0,0
293,12318,294.28213123503696,99978,249,113,17,1,3674,1889,0.055642241293084475,152,68,46987,48466,2593,1350,0,0,0,0,0,0,94874,0,0,79,0,0,0,0,0,0,0,5025,0,0,0,0,0,0
294,12318,295.3281619769695,99978,261,122,17,1,3728,1912,0.05641241073036068,147,69,46947,48451,2626,1355,0,0,0,0,0,0,94819,0,0,80,0,0,0,0,0,0,0,5079,0,0,0,0,0,0
295,12318,296.02593615633634,99978,267,126,17,1,3752,1927,0.056802496549240834,165,67,46910,48441,2639,1363,0,0,0,0,0,0,94790,0,0,80,0,0,0,0,0,0,0,5108,0,0,0,0,0,0
296,12318,297.0732210727536,99976,268,119,18,2,3800,1942,0.05743378410818596,155,73,46879,48425,2678,1379,0,0,0,0,0,0,94722,0,0,81,0,0,0,0,0,0,0,5173,0,0,0,0,0,0
297,12318,298.12132965600796,99976,255,123,18,2,3841,1961,0.05803392814275426,158,72,46848,48413,2719,1388,0,0,0,0,0,0,94656,0,0,84,0,0,0,0,0,0,0,5236,0,0,0,0,0,0
298,12318,299.17024523778167,99976,259,134,18,2,3877,1985,0.058634072177322555,166,72,46810,48394,2745,1396,0,0,0,0,0,0,94611,0,0,84,0,0,0,0,0,0,0,5281,0,0,0,0,0,0
299,12318,300.21978372713716,99975,268,117,18,3,3918,2002,0.05921480370092523,173,87,46775,48369,2764,1422,0,0,0,0,0,0,94548,0,0,87,0,0,0,0,0,0,0,5340,0,0,0,0,0,0
300,12318,301.26995846060055,99975,260,118,18,3,3956,2027,0.05984496124031008,171,80,46753,48358,2796,1439,0,0,0,0,0,0,94484,0,0,93,0,0,0,0,0,0,0,5398,0,0,0,0,0,0
301,12318,302.32072506458553,99974,255,127,19,3,3995,2048,0.060445715886130395,169,73,46730,48349,2825,1446,0,0,0,0,0,0,94428,0,0,93,0,0,0,0,0,0,0,5453,0,0,0,0,0,0
302,12318,303.0215689540724,99974,237,137,19,3,4015,2065,0.0608158121111489,176,72,46711,48338,2855,1448,0,0,0,0,0,0,94383,0,0,93,0,0,0,0,0,0,0,5498,0,0,0,0,0,0
303,12318,304.07340124545425,99973,241,134,20,3,4063,2081,0.06145659328018565,168,76,46681,48322,2888,1463,0,0,0,0,0,0,94324,0,0,97,0,0,0,0,0,0,0,5552,0,0,0,0,0,0
304,12318,305.12592321050454,99973,253,125,20,3,4112,2101,0.062146779630500235,154,73,46655,48308,2916,1489,0,0,0,0,0,0,94260,0,0,99,0,0,0,0,0,0,0,5614,0,0,0,0,0,0
305,12318,306.17915289845496,99972,261,122,21,3,4152,2118,0.06271756091705677,146,75,46632,48293,2938,1505,0,0,0,0,0,0,94209,0,0,100,0,0,0,0,0,0,0,5663,0,0,0,0,0,0
306,12318,307.23290419149384,99972,243,121,21,3,4173,2133,0.06307766174528869,157,86,46612,48272,2965,1516,0,0,0,0,0,0,94154,0,0,100,0,0,0,0,0,0,0,5718,0,0,0,0,0,0
307,12318,308.2871822816134,99972,237,126,21,3,4206,2157,0.0636478213899892,175,78,46572,48260,2993,1531,0,0,0,0,0,0,94097,0,0,101,0,0,0,0,0,0,0,5774,0,0,0,0,0,0
308,12318,309.34215042241397,99972,263,123,21,3,4260,2172,0.06433801464410034,158,76,46549,48254,3007,1542,0,0,0,0,0,0,94051,0,0,101,0,0,0,0,0,0,0,5820,0,0,0,0,0,0
309,12318,310.04574207341665,99972,267,119,21,3,4287,2182,0.06470811827311647,160,80,46525,48246,3025,1550,0,0,0,0,0,0,94014,0,0,101,0,0,0,0,0,0,0,5857,0,0,0,0,0,0
310,12318,311.1016935417267,99972,263,125,21,3,4327,2208,0.06536830312487496,164,74,46500,48229,3050,1567,0,0,0,0,0,0,93952,0,0,103,0,0,0,0,0,0,0,5917,0,0,0,0,0,0
311,12318,312.1582243103115,99972,270,125,21,3,4375,2224,0.06600848237506501,155,85,46471,48209,3081,1576,0,0,0,0,0,0,93898,0,0,106,0,0,0,0,0,0,0,5968,0,0,0,0,0,0
312,12318,313.2154087893151,99972,278,125,21,3,4414,2250,0.0666586644260393,172,75,46425,48200,3102,1595,0,0,0,0,0,0,93841,0,0,106,0,0,0,0,0,0,0,6025,0,0,0,0,0,0
313,12318,314.2733577218398,99972,293,128,21,3,4466,2275,0.0674288800864242,159,70,46400,48184,3125,1613,0,0,0,0,0,0,93783,0,0,107,0,0,0,0,0,0,0,6082,0,0,0,0,0,0
314,12318,315.3318606131993,99972,301,130,21,3,4508,2294,0.06803905093426159,161,75,46373,48164,3142,1626,0,0,0,0,0,0,93733,0,0,108,0,0,0,0,0,0,0,6131,0,0,0,0,0,0
315,12318,316.0378176075009,99972,311,130,21,3,4538,2301,0.06840915456327772,164,86,46347,48148,3155,1631,0,0,0,0,0,0,93707,0,0,109,0,0,0,0,0,0,0,6156,0,0,0,0,0,0
316,12318,317.09716465433377,99972,311,149,21,3,4585,2337,0.06923938702836795,169,71,46310,48135,3187,1640,0,0,0,0,0,0,93645,0,0,111,0,0,0,0,0,0,0,6216,0,0,0,0,0,0
317,12318,318.1573670581992,99972,313,147,21,3,4637,2357,0.06995958868483175,166,77,46272,48115,3226,1656,0,0,0,0,0,0,93574,0,0,112,0,0,0,0,0,0,0,6286,0,0,0,0,0,0
318,12318,319.21834552082106,99972,319,151,21,3,4689,2382,0.07072980434521665,162,86,46235,48087,3261,1671,0,0,0,0,0,0,93508,0,0,113,0,0,0,0,0,0,0,6351,0,0,0,0,0,0
319,12318,320.280095713867,99972,305,151,21,3,4729,2406,0.07136998359540671,171,90,46194,48063,3306,1690,1,1,1,1,0,0,93430,0,0,115,0,0,0,0,0,0,2,6425,0,0,0,0,0,0
320,12318,321.1150095309673,99971,305,156,21,4,4766,2425,0.07193085994938532,175,93,46160,48048,3335,1695,2,2,2,2,0,0,93377,0,0,115,0,0,0,0,0,0,4,6475,0,0,0,0,0,0
321,12318,322.03901890931587,99971,304,153,21,4,4807,2443,0.07252103109901871,180,94,46122,48032,3368,1712,3,3,3,3,0,0,93314,0,0,117,0,0,0,0,0,0,6,6534,0,0,0,0,0,0
322,12318,323.245227378633,99971,312,161,21,4,4863,2477,0.07342129217473067,175,89,46085,48009,3401,1731,4,4,4,4,0,0,93241,0,0,118,1,0,0,0,0,0,8,6603,0,0,0,0,0,0
323,12318,324.07075325252737,99971,312,168,21,4,4898,2501,0.07401146332436406,174,87,46065,47989,3421,1745,5,5,5,5,0,0,93191,0,0,122,1,0,0,0,0,0,10,6647,0,0,0,0,0,0
324,12318,325.033792195594,99970,303,162,21,5,4913,2510,0.07425227568270482,188,100,46043,47970,3437,1755,6,6,6,6,0,0,93152,0,0,124,1,0,0,0,0,0,12,6681,0,0,0,0,0,0
325,12318,326.32890476855437,99970,304,158,21,5,4977,2538,0.07517255176552966,196,109,45997,47937,3473,1782,7,7,7,7,0,0,93059,0,0,128,1,0,0,0,0,0,14,6768,0,0,0,0,0,0
326,12318,327.05638805028775,99970,301,166,21,5,5018,2562,0.07582274682404722,180,103,45974,47923,3514,1793,8,8,8,8,0,0,92998,0,0,129,1,0,0,0,0,0,16,6826,0,0,0,0,0,0
327,12318,328.0654285482954,99970,314,175,21,5,5073,2585,0.07660298089426829,159,99,45946,47910,3549,1800,9,9,9,9,0,0,92943,0,0,132,1,0,0,0,0,0,18,6876,0,0,0,0,0,0
328,12318,329.23728073445966,99970,312,175,21,5,5127,2612,0.07741322396719015,182,108,45876,47882,3597,1818,10,10,10,10,0,0,92863,0,0,137,1,0,0,0,0,0,20,6949,0,0,0,0,0,0
329,12318,330.0159021268821,99970,316,178,21,5,5158,2632,0.07792337701310394,182,105,45852,47868,3616,1831,11,11,11,11,0,0,92820,0,0,140,1,0,0,0,0,0,22,6987,0,0,0,0,0,0
330,12318,331.10392198412825,99970,338,180,21,5,5212,2661,0.07875362608782635,183,102,45809,47846,3635,1853,12,12,12,12,0,0,92759,0,0,140,1,0,0,0,0,0,24,7046,0,0,0,0,0,0
331,12318,332.00002962582295,99969,345,175,22,5,5267,2682,0.07951464954135783,179,108,45775,47827,3664,1870,13,13,13,13,0,0,92686,0,0,143,1,0,0,0,0,0,26,7113,0,0,0,0,0,0
332,12318,333.0173517024368,99969,347,172,22,5,5319,2703,0.08024487591153258,179,107,45735,47813,3701,1887,14,14,14,14,0,0,92614,0,0,147,1,0,0,0,0,0,28,7179,0,0,0,0,0,0
333,12318,334.03461635245765,99969,357,180,22,5,5370,2733,0.08105512708939772,184,100,45689,47796,3731,1902,15,15,15,15,0,0,92551,0,0,149,1,0,0,0,0,0,30,7238,0,0,0,0,0,0
334,12318,335.01107337503834,99969,355,176,22,5,5417,2756,0.08175534415668857,185,107,45652,47776,3768,1918,16,16,16,16,0,0,92474,0,0,150,1,0,0,0,0,0,32,7312,0,0,0,0,0,0
335,12318,336.02884802738265,99969,337,173,22,5,5457,2779,0.08238553951725035,203,116,45611,47749,3808,1938,17,17,17,17,0,0,92396,0,0,158,1,0,0,0,0,0,34,7380,0,0,0,0,0,0
336,12318,337.0259893934397,99969,327,180,22,5,5497,2813,0.0831257689883864,197,106,45589,47727,3845,1962,18,18,18,18,0,0,92323,0,0,164,1,0,0,0,0,0,36,7445,0,0,0,0,0,0
337,12318,338.00414796124494,99968,344,179,23,5,5554,2838,0.08394686299615878,198,113,45545,47699,3869,1983,19,19,19,19,0,0,92257,0,0,166,1,0,0,0,0,0,38,7506,0,0,0,0,0,0
338,12318,339.05558877281464,99968,335,187,23,5,5599,2872,0.08473711587708066,207,105,45508,47679,3906,2003,19,19,20,20,0,0,92180,0,0,171,1,0,0,0,0,0,40,7576,0,0,0,0,0,0
339,12318,340.04274357571285,99968,347,187,23,5,5657,2897,0.08556738156209988,202,115,45463,47651,3943,2020,20,20,21,21,0,0,92109,0,0,173,1,0,0,0,0,0,42,7643,0,0,0,0,0,0
340,12318,341.00807226655274,99968,340,181,23,5,5703,2927,0.08632762483994878,208,115,45424,47632,3982,2044,21,21,22,22,0,0,92024,0,0,179,1,0,0,0,0,0,44,7720,0,0,0,0,0,0
341,12318,342.11859924907117,99968,350,184,23,5,5764,2960,0.0872679257362356,197,105,45393,47618,4013,2065,22,21,23,23,0,0,91943,0,0,181,1,0,0,0,0,0,46,7797,0,0,0,0,0,0
342,12318,343.2667507515972,99968,341,188,23,5,5822,3002,0.08826824583866838,203,101,45347,47596,4062,2086,22,22,24,24,0,0,91843,0,0,188,1,0,0,0,0,0,48,7888,0,0,0,0,0,0
343,12318,344.34831893804164,99968,338,186,23,5,5872,3030,0.08904849551856595,210,103,45302,47571,4102,2110,23,23,25,25,0,0,91765,0,0,194,1,0,0,0,0,0,49,7958,1,0,0,0,0,0
344,12318,345.0699302010611,99968,351,181,23,5,5914,3041,0.08957866517285532,213,112,45262,47556,4124,2120,25,24,26,27,0,0,91719,0,0,196,1,0,0,0,0,0,52,7999,1,0,0,0,0,0
345,12318,346.1533000890881,99966,349,179,25,5,5960,3067,0.09030070223876117,216,113,45224,47541,4157,2134,27,26,28,29,0,0,91642,0,0,199,1,0,0,0,0,0,56,8067,1,0,0,0,0,0
346,12318,347.2375314025594,99966,334,185,25,5,6008,3105,0.09116099473821099,215,104,45195,47518,4200,2158,29,28,30,31,0,0,91548,0,0,204,1,0,0,0,0,0,60,8152,1,0,0,0,0,0
347,12318,348.32262947105306,99965,339,177,26,5,6066,3127,0.09196218676536788,208,108,45160,47497,4234,2181,31,30,32,33,0,0,91464,0,0,207,1,0,0,0,0,0,64,8228,1,0,0,0,0,0
348,12318,349.04653605789713,99965,334,167,26,5,6097,3137,0.09237233031561046,214,120,45131,47480,4260,2194,33,32,34,35,0,0,91411,0,0,212,1,0,0,0,0,0,66,8272,3,0,0,0,0,0
349,12318,350.13323968344196,99965,334,176,26,5,6143,3169,0.09315260341119391,224,115,45089,47456,4289,2211,36,35,37,38,0,0,91340,0,0,215,1,0,0,0,0,0,71,8334,4,0,0,0,0,0
350,12318,351.2208804452185,99965,338,177,26,5,6196,3198,0.09397289051167909,240,113,45033,47431,4322,2234,39,38,40,41,0,0,91265,0,0,221,2,0,0,0,0,0,77,8396,4,0,0,0,0,0
351,12318,352.3096094848429,99965,346,180,26,5,6265,3235,0.09503326164157455,232,110,44984,47400,4368,2262,42,41,43,44,0,0,91172,0,0,228,2,0,0,0,0,0,82,8476,5,0,0,0,0,0
352,12318,353.03604657130825,99965,346,173,26,5,6305,3249,0.09557345070774771,223,116,44957,47382,4400,2277,46,45,47,48,0,0,91105,0,0,228,3,0,0,0,0,0,90,8534,5,0,0,0,0,0
353,12318,354.1267453163771,99965,345,167,26,5,6366,3277,0.09646376231681088,211,121,44917,47355,4449,2301,50,49,51,52,0,0,91008,0,0,235,3,0,0,0,0,0,98,8616,5,0,0,0,0,0
354,12318,355.2184889872114,99964,336,178,27,5,6421,3313,0.09737505501980713,210,112,44872,47330,4498,2319,55,54,56,57,0,0,90916,0,0,241,3,0,0,0,0,0,107,8691,6,0,0,0,0,0
355,12318,356.3114087667331,99964,348,174,27,5,6491,3336,0.09830538994037853,206,109,44823,47313,4534,2338,60,59,61,62,0,0,90828,0,0,247,3,0,0,0,0,0,116,8763,7,0,0,0,0,0
356,12318,357.0406703798736,99964,351,167,27,5,6530,3353,0.09886559161298067,200,110,44803,47295,4552,2356,65,65,67,67,0,0,90761,0,0,250,3,0,0,0,0,0,126,8816,8,0,0,0,0,0
357,12318,358.13536819974036,99964,324,162,27,5,6564,3378,0.09945580408947222,217,114,44766,47268,4593,2378,71,71,73,73,0,0,90668,0,0,259,3,0,0,0,0,0,137,8888,9,0,0,0,0,0
358,12318,359.2310933855599,99964,331,163,27,5,6618,3409,0.10030611019967188,216,110,44735,47243,4611,2399,78,78,80,80,0,0,90582,0,0,262,4,0,0,0,0,0,151,8956,9,0,0,0,0,0
359,12318,360.32756192169205,99964,331,159,27,5,6676,3436,0.10115641630987156,228,103,44683,47226,4644,2419,85,86,88,87,0,0,90481,0,0,263,5,0,0,0,0,0,165,9041,9,0,0,0,0,0
360,12318,361.05914140261353,99963,335,166,28,5,6716,3458,0.10177765773336134,232,99,44641,47206,4669,2427,93,95,97,95,0,0,90416,0,0,265,5,0,0,0,0,0,181,9086,10,0,0,0,0,0
361,12318,362.1575799622294,99963,337,172,28,5,6776,3494,0.10273801306483399,218,85,44616,47186,4698,2446,101,104,107,104,0,0,90315,0,0,267,6,0,0,0,0,0,198,9165,12,0,0,0,0,0
362,12318,363.25676061988224,99963,346,165,28,5,6837,3517,0.10357832397987256,214,93,44587,47154,4714,2467,109,114,118,113,0,0,90220,0,0,271,6,0,0,0,0,0,215,9236,15,0,0,0,0,0
363,12318,364.3567146100517,99963,353,165,28,5,6891,3546,0.10440863119354162,214,94,44543,47123,4743,2485,117,126,130,123,0,0,90124,0,0,273,6,0,0,0,0,0,237,9308,15,0,0,0,0,0
364,12318,365.0905401875621,99963,354,162,28,5,6934,3564,0.10501885697708152,217,98,44505,47098,4766,2497,128,138,143,134,0,0,90043,0,0,276,6,0,0,0,0,0,258,9362,18,0,0,0,0,0
365,12318,366.1923260294354,99963,353,158,28,5,6991,3586,0.10580914938527256,205,110,44477,47064,4795,2509,140,152,157,146,0,0,89942,0,0,281,6,0,0,0,0,0,280,9432,22,0,0,0,0,0
366,12318,367.29494147846685,99963,344,161,28,5,7039,3609,0.10651941218250753,210,119,44445,47031,4818,2515,153,167,172,159,0,0,89845,0,0,285,6,0,0,0,0,0,304,9497,26,0,0,0,0,0
367,12318,368.0304596350269,99963,343,179,28,5,7078,3640,0.107219671278373,203,109,44409,47000,4849,2521,166,184,189,173,0,0,89763,0,0,287,6,0,0,0,0,0,335,9546,26,0,0,0,0,0
368,12318,369.134750853534,99963,346,177,28,5,7129,3673,0.10805998219341156,216,104,44350,46964,4877,2547,181,201,207,188,0,0,89655,0,0,292,6,0,0,0,0,0,365,9616,29,0,0,0,0,0
369,12318,370.2403515816534,99963,357,170,28,5,7190,3698,0.10892030051118914,213,109,44298,46924,4906,2570,196,220,227,205,0,0,89540,0,0,294,6,0,0,0,0,0,400,9692,31,0,0,0,0,0
370,12318,371.3471689820256,99962,373,190,29,5,7257,3738,0.10999179688281548,188,101,44255,46883,4939,2578,214,241,249,223,0,0,89435,0,0,298,7,0,0,0,0,0,439,9752,31,0,0,0,0,0
371,12318,372.0856303875726,99962,360,183,29,5,7288,3758,0.11050199075648746,183,98,44216,46850,4977,2598,233,264,273,242,0,0,89324,0,0,299,7,0,0,0,0,0,480,9819,33,0,0,0,0,0
372,12318,373.194750218543,99962,359,184,29,5,7344,3787,0.11135231387927412,188,103,44152,46802,5016,2615,254,289,299,263,0,0,89202,0,0,306,7,0,0,0,0,0,524,9887,36,0,0,0,0,0
373,12318,374.30534200782404,99962,337,191,29,5,7387,3816,0.11207258758328165,207,100,44094,46758,5058,2628,273,316,327,285,0,0,89077,0,0,314,6,1,0,0,0,0,571,9954,39,0,0,0,0,0
374,12318,375.04662053484634,99962,347,181,29,5,7424,3832,0.11260278905984274,207,96,44052,46730,5069,2642,294,344,357,309,0,0,88977,0,0,315,6,1,0,0,0,0,619,9999,45,0,0,0,0,0
375,12318,376.1596842093568,99962,341,184,29,5,7479,3857,0.11340309317540666,197,97,44010,46689,5104,2646,317,377,390,334,0,0,88855,0,0,322,6,1,0,0,0,0,665,10056,57,0,0,0,0,0
376,12318,377.2740687874523,99961,344,163,29,6,7534,3875,0.11413451245985934,191,108,43960,46645,5131,2668,343,408,425,361,0,0,88716,0,0,326,7,1,0,0,0,0,718,10128,65,0,0,0,0,0
377,12318,378.01771859619157,99961,345,154,29,6,7573,3890,0.11467472314202538,192,110,43917,46600,5144,2683,371,445,463,390,0,0,88600,0,0,331,7,1,0,0,0,0,777,10172,73,0,0,0,0,0
378,12318,379.13451605441225,99960,346,168,29,7,7628,3922,0.11554621848739496,190,101,43857,46547,5176,2690,400,485,504,421,0,0,88464,0,0,331,8,1,0,0,0,0,842,10235,79,0,0,0,0,0
379,12318,380.25271994884946,99960,346,176,29,7,7684,3957,0.11645658263305322,196,93,43800,46493,5196,2701,431,528,548,454,0,0,88317,0,0,334,9,1,0,0,0,0,910,10302,87,0,0,0,0,0
380,12318,381.3723622317748,99959,340,167,30,7,7738,3982,0.11724807170940085,188,93,43745,46442,5231,2719,464,570,595,489,0,0,88156,0,0,341,9,1,0,0,0,0,984,10373,95,0,0,0,0,0
381,12318,382.1196324190521,99959,339,165,30,7,7780,3997,0.11781830550525715,178,95,43697,46380,5256,2730,498,621,646,526,0,0,88022,0,0,344,10,1,0,0,0,0,1062,10416,104,0,0,0,0,0
382,12318,383.242201898816,99959,348,164,30,7,7842,4025,0.11871867465660921,164,100,43637,46316,5283,2738,536,673,700,566,0,0,87861,0,0,347,10,1,0,0,0,0,1144,10480,116,0,0,0,0,0
383,12318,384.3663739122964,99959,352,175,30,7,7891,4056,0.11951900279114437,178,103,43576,46240,5287,2744,575,729,758,608,0,0,87715,0,0,351,10,1,0,0,0,0,1229,10522,131,0,0,0,0,0
384,12318,385.11657643903203,99959,349,159,30,7,7931,4070,0.1200592242819556,174,105,43517,46174,5308,2763,620,790,820,653,0,0,87546,0,0,353,10,1,0,0,0,0,1327,10582,140,0,0,0,0,0
385,12318,386.24369670296085,99958,347,159,31,7,7979,4101,0.12085075731807358,172,100,43448,46107,5334,2773,666,852,886,700,0,0,87365,0,0,359,10,1,0,0,0,0,1433,10643,147,0,0,0,0,0
386,12318,387.372672015945,99956,356,155,32,8,8030,4129,0.12164352315018608,174,98,43369,46029,5354,2789,713,919,957,750,0,0,87184,0,0,364,12,1,0,0,0,0,1549,10695,151,0,0,0,0,0
387,12318,388.1263693588226,99956,349,151,32,8,8061,4150,0.1221637520509024,177,103,43305,45948,5373,2798,762,990,1032,803,0,0,87015,0,0,369,12,1,0,0,0,0,1660,10731,168,0,0,0,0,0
388,12318,389.2589801393958,99955,351,147,32,9,8120,4176,0.12301535691060977,173,93,43220,45868,5407,2814,815,1067,1112,859,0,0,86814,0,0,380,12,1,0,0,0,0,1785,10784,179,0,0,0,0,0
389,12318,390.015282067758,99955,340,154,32,9,8151,4199,0.12355560002000901,182,86,43147,45782,5424,2817,873,1150,1197,918,0,0,86628,0,0,384,14,1,0,0,0,0,1919,10822,187,0,0,0,0,0
390,12318,391.1520283492735,99954,337,155,33,9,8200,4217,0.12422714448646377,179,99,43080,45686,5436,2814,933,1235,1287,980,0,0,86434,0,0,387,16,1,0,0,0,0,2049,10860,207,0,0,0,0,0
391,12318,392.29059698341695,99954,332,166,33,9,8244,4248,0.1249774896452368,183,104,43012,45576,5442,2816,996,1327,1382,1045,0,0,86227,0,0,390,17,1,0,0,0,0,2191,10904,224,0,0,0,0,0
392,12318,393.05056594748345,99954,332,166,33,9,8278,4269,0.12552774276167036,184,100,42934,45477,5452,2824,1063,1422,1483,1114,0,0,86025,0,0,395,17,1,0,0,0,0,2343,10931,242,0,0,0,0,0
393,12318,394.19287488126207,99954,335,172,33,9,8339,4305,0.12649818916701683,175,84,42846,45374,5475,2836,1134,1523,1590,1186,0,0,85796,0,0,401,21,1,0,0,0,0,2494,10975,266,0,0,0,0,0
394,12318,395.33752666147797,99953,313,176,34,9,8385,4326,0.12716976979180214,181,91,42747,45254,5517,2838,1206,1630,1703,1262,0,0,85541,0,0,409,21,1,0,0,0,0,2672,11032,277,0,0,0,0,0
395,12318,396.10219405656477,99952,300,173,35,9,8414,4342,0.12762125820393788,180,95,42665,45133,5536,2846,1282,1742,1822,1341,0,0,85303,0,0,414,21,1,0,0,0,0,2854,11066,293,0,0,0,0,0
396,12318,397.25208471870343,99952,298,172,35,9,8461,4364,0.12831158956299024,182,95,42563,45005,5559,2857,1361,1860,1948,1424,0,0,85047,0,0,420,22,1,0,0,0,0,3045,11107,310,0,0,0,0,0
397,12318,398.02017355470275,99952,305,166,35,9,8500,4379,0.12885184888746598,175,92,42482,44881,5556,2863,1445,1987,2080,1511,0,0,84804,0,0,422,23,1,0,0,0,0,3238,11129,335,0,0,0,0,0
398,12318,399.1750818952068,99952,307,159,35,9,8556,4403,0.1296522330718745,175,88,42376,44734,5576,2882,1529,2126,2219,1602,0,0,84515,0,0,426,25,1,0,0,0,0,3448,11184,353,0,0,0,0,0
399,12318,400.3327414438922,99951,310,163,36,9,8612,4429,0.13047393222679113,174,93,42271,44587,5591,2883,1616,2263,2365,1697,0,0,84225,0,0,431,25,1,0,0,0,0,3668,11227,374,0,0,0,0,0
400,12318,401.1060472608766,99951,316,168,36,9,8647,4443,0.13096417244449782,176,98,42175,44435,5582,2877,1713,2411,2519,1796,0,0,83972,0,0,434,27,1,0,0,0,0,3888,11224,405,0,0,0,0,0
401,12318,402.26904317688053,99951,312,162,36,9,8691,4469,0.1316645156126502,194,92,42059,44286,5585,2883,1812,2566,2680,1900,0,0,83668,0,0,439,29,1,0,0,0,0,4119,11258,437,0,0,0,0,0
402,12318,403.0460770059864,99951,318,157,36,9,8731,4484,0.13221478524476993,189,92,41952,44125,5588,2883,1915,2732,2849,2008,0,0,83382,0,0,443,29,1,0,0,0,0,4355,11263,478,0,0,0,0,0
403,12318,404.2151058978392,99951,314,158,36,9,8778,4512,0.13296515292493322,197,103,41828,43948,5604,2883,2019,2897,3026,2120,0,0,83058,0,0,445,32,1,0,0,0,0,4607,11295,513,0,0,0,0,0
404,12318,405.38735314619186,99951,324,152,36,9,8839,4535,0.1338055647267161,187,105,41720,43775,5606,2885,2125,3072,3211,2237,0,0,82731,0,0,452,35,1,0,0,0,0,4864,11313,555,0,0,0,0,0
405,12318,406.17055525366925,99951,336,149,36,9,8880,4554,0.13440585887084672,184,99,41599,43597,5601,2886,2242,3258,3404,2359,0,0,82402,0,0,454,36,1,0,0,0,0,5145,11325,588,0,0,0,0,0
406,12318,407.3493246692473,99951,333,144,36,9,8932,4576,0.13514622164860782,196,96,41459,43413,5617,2891,2357,3445,3606,2485,0,0,82035,0,0,455,40,1,0,0,0,0,5436,11362,622,0,0,0,0,0
407,12318,408.1372801894761,99951,344,147,36,9,8978,4596,0.1358065452071515,185,96,41328,43210,5624,2890,2481,3646,3817,2616,0,0,81686,0,0,462,40,1,0,0,0,0,5740,11362,660,0,0,0,0,0
408,12318,409.3234810421425,99951,338,161,36,9,9033,4629,0.1366869766185431,185,96,41184,43003,5647,2876,2608,3853,4036,2752,0,0,81303,0,0,467,41,1,0,0,0,0,6049,11385,705,0,0,0,0,0
409,12318,410.11664397180346,99949,330,156,37,10,9064,4648,0.1371899668831104,181,92,41049,42791,5662,2881,2739,4068,4264,2893,0,0,80914,0,0,472,41,1,0,0,0,0,6380,11398,743,0,0,0,0,0
410,12318,411.31102139228557,99949,324,149,37,10,9112,4669,0.13788031896267097,178,94,40915,42577,5668,2879,2876,4289,4501,3039,0,0,80500,0,0,480,43,1,0,0,0,0,6722,11421,782,0,0,0,0,0
411,12318,412.10954278249613,99948,317,150,37,11,9136,4688,0.13831192219954377,183,85,40785,42361,5651,2869,3025,4522,4747,3190,0,0,80110,0,0,482,46,1,0,0,0,0,7068,11411,830,0,0,0,0,0
412,12318,413.31198772757665,99948,320,147,37,11,9192,4708,0.13907231760515468,173,87,40650,42130,5654,2866,3164,4757,5003,3346,0,0,79683,0,0,485,46,2,0,0,0,0,7423,11424,885,0,0,0,0,0
413,12318,414.11591297472717,99948,307,155,37,11,9218,4731,0.13956257253771961,176,80,40514,41881,5649,2860,3315,5011,5268,3507,0,0,79271,0,0,488,48,2,0,0,0,0,7786,11407,946,0,0,0,0,0
414,12318,415.3264888275526,99948,302,149,37,11,9267,4750,0.14024292632168728,166,93,40374,41629,5655,2848,3464,5268,5542,3673,0,0,78825,0,0,495,49,2,0,0,0,0,8161,11406,1010,0,0,0,0,0
415,12318,416.13594481015656,99948,297,153,37,11,9298,4769,0.14074318645695763,153,89,40225,41370,5663,2839,3623,5536,5826,3845,0,0,78374,0,0,496,53,2,0,0,0,0,8566,11400,1057,0,0,0,0,0
416,12318,417.3553991655235,99948,277,161,37,11,9337,4798,0.1414235402409253,171,81,40057,41119,5681,2824,3775,5802,6119,4022,0,0,77898,0,0,504,55,2,0,0,0,0,8972,11398,1119,0,0,0,0,0
417,12318,418.1712453611334,99948,267,161,37,11,9360,4812,0.14179373274102533,182,84,39891,40851,5673,2803,3948,6088,6422,4204,0,0,77449,0,0,505,58,2,0,0,0,0,9379,11360,1195,0,0,0,0,0
418,12318,419.4009324396617,99948,275,158,37,11,9418,4839,0.14264417497098492,162,80,39728,40579,5686,2800,4110,6370,6734,4391,0,0,76934,0,0,509,62,2,0,0,0,0,9822,11372,1247,0,0,0,0,0
419,12318,420.223613526164,99947,266,161,38,11,9441,4856,0.14304581428156923,208,108,39525,40267,5668,2786,4293,6665,7056,4584,0,0,76452,15,2,513,64,2,0,0,0,0,10264,11319,1316,0,0,0,0,0
420,12318,421.238158238209,99947,280,157,38,11,9488,4882,0.14377620138673497,229,122,39323,39952,5661,2787,4467,6969,7387,4782,0,0,75919,72,5,516,64,2,0,0,0,0,10737,11263,1369,0,0,0,0,0
421,12318,422.25743134369867,99947,287,164,38,11,9543,4912,0.1446266521256266,240,140,39126,39628,5659,2773,4648,7282,7727,4985,0,0,75392,128,13,516,71,2,0,0,0,0,11200,11191,1434,0,0,0,0,0
422,12318,423.2816540512811,99947,308,179,38,11,9608,4949,0.1456471930122965,265,137,38898,39306,5642,2762,4847,7603,8077,5193,0,0,74860,176,19,523,75,2,0,0,0,0,11678,11109,1505,0,0,0,0,0
423,12318,424.3111458279873,99947,341,179,38,11,9682,4982,0.1467177604130189,272,153,38680,38960,5630,2758,5037,7937,8436,5406,0,0,74310,231,31,528,77,2,0,0,0,0,12161,11027,1580,0,0,0,0,0
424,12318,425.00039186615544,99947,361,188,38,11,9735,5014,0.14756821115191052,296,155,38449,38600,5618,2752,5236,8292,8804,5625,0,0,73742,276,34,529,84,2,0,0,0,0,12681,10962,1637,0,0,0,0,0
425,12318,426.0407398087504,99947,358,192,38,11,9797,5049,0.148538725524528,339,163,38194,38253,5631,2747,5438,8632,9180,5849,0,0,73131,351,46,535,87,2,0,0,0,0,13205,10892,1698,0,0,0,0,0
426,12318,427.0874987434999,99947,404,204,38,11,9894,5087,0.14988944140394408,354,179,37946,37890,5618,2732,5638,8982,9565,6078,0,0,72533,411,56,538,90,3,0,0,0,0,13733,10814,1769,0,0,0,0,0
427,12318,428.1402062472352,99946,434,223,38,12,9990,5133,0.15131170832249416,374,182,37708,37530,5611,2722,5833,9329,9958,6312,0,0,71898,487,63,537,100,3,0,0,0,0,14284,10746,1828,0,0,0,0,0
428,12318,429.1989762513295,99946,459,237,38,12,10073,5178,0.1525923998959438,412,211,37438,37137,5604,2716,6047,9685,10360,6550,0,0,71269,554,73,543,106,3,0,0,0,0,14836,10662,1900,0,0,0,0,0
429,12318,430.26421631509913,99945,485,268,39,12,10184,5235,0.1542748511681425,445,210,37141,36764,5629,2697,6259,10047,10770,6793,0,0,70607,640,83,554,109,3,0,0,0,0,15401,10573,1975,0,0,0,0,0
430,12318,431.3368540778136,99944,530,294,40,12,10308,5293,0.1560974145521492,468,225,36855,36366,5641,2686,6464,10415,11187,7041,0,0,69946,716,98,561,117,3,0,0,0,0,15969,10482,2052,0,0,0,0,0
431,12318,432.05600060373314,99944,564,311,40,12,10394,5338,0.15740814856319538,483,224,36576,35975,5644,2670,6691,10806,11612,7293,0,0,69309,770,112,567,123,3,0,0,0,0,16538,10382,2140,0,0,0,0,0
432,12318,433.1435927789966,99944,623,322,40,12,10535,5404,0.15947930841271113,481,230,36268,35566,5668,2680,6918,11188,12044,7550,0,0,68587,887,122,574,126,3,0,0,0,0,17133,10291,2221,0,0,0,0,0
433,12318,434.2395099091287,99944,671,345,40,12,10680,5480,0.16169054670615546,497,235,35965,35135,5687,2699,7138,11572,12482,7811,0,0,67854,1012,139,573,135,3,0,0,0,0,17724,10201,2303,0,0,0,0,0
434,12318,435.3437270892315,99943,695,361,41,12,10815,5551,0.16375333940345999,537,276,35643,34692,5729,2703,7353,11954,12927,8076,0,0,67100,1137,162,582,141,3,0,0,0,0,18328,10109,2381,0,0,0,0,0
435,12318,436.08468906810805,99943,749,384,41,12,10934,5602,0.16545430895610497,538,290,35368,34257,5713,2701,7589,12354,13378,8345,0,0,66419,1196,183,587,148,3,0,0,0,0,18928,10006,2473,0,0,0,0,0
436,12318,437.20554663480794,99942,758,394,42,12,11064,5680,0.1675371715595045,631,304,35019,33823,5750,2729,7798,12736,13835,8618,0,0,65632,1330,213,600,157,3,0,0,0,0,19549,9914,2544,0,0,0,0,0
437,12318,438.3359600765205,99942,813,431,42,12,11241,5764,0.17014868623801804,654,322,34681,33387,5783,2731,8025,13115,14297,8895,0,0,64877,1453,239,614,162,3,0,0,0,0,20154,9793,2647,0,0,0,0,0
438,12318,439.0949511862048,99941,835,457,43,12,11360,5829,0.17199147497023243,668,328,34385,32946,5796,2730,8271,13525,14764,9175,0,0,64137,1546,263,625,168,3,0,0,0,0,20776,9681,2742,0,0,0,0,0
439,12318,440.2442369947932,99940,855,474,43,13,11518,5924,0.17452471482889734,728,345,34014,32483,5858,2763,8500,13920,15235,9459,0,0,63323,1683,316,643,173,3,0,0,0,0,21398,9583,2818,0,0,0,0,0
440,12318,441.01652252572336,99940,908,492,43,13,11659,5989,0.17658595157094256,739,362,33695,32033,5864,2765,8749,14333,15710,9746,0,0,62582,1759,360,643,183,3,0,0,0,0,22016,9484,2910,0,0,0,0,0
441,12318,442.18709082700303,99937,982,509,46,13,11886,6086,0.17983329497583478,759,379,33324,31573,5932,2791,8955,14733,16189,10036,0,0,61740,1921,401,664,187,3,0,0,0,0,22650,9371,3000,0,0,0,0,0
442,12318,443.3688861811531,99937,1022,537,46,13,12089,6199,0.18299528703082943,817,416,32933,31102,6001,2823,9179,15107,16671,10329,0,0,60888,2088,458,680,193,4,0,0,0,0,23277,9266,3083,0,0,0,0,0
443,12318,444.1634428006764,99937,1065,556,46,13,12253,6285,0.18549686302370494,829,418,32577,30638,6049,2852,9432,15521,17156,10624,0,0,60069,2208,504,690,203,4,0,0,0,0,23929,9174,3156,0,0,0,0,0
444,12318,445.369502461628,99936,1110,584,47,13,12479,6424,0.18915105667627283,888,419,32164,30177,6141,2898,9648,15907,17643,10922,0,0,59218,2375,590,709,218,5,0,0,0,0,24524,9053,3244,0,0,0,0,0
445,12318,446.1812592626597,99936,1162,598,47,13,12656,6510,0.1917827409542107,884,425,31830,29716,6181,2919,9894,16327,18132,11222,0,0,58410,2494,643,722,230,5,0,0,0,0,25160,8940,3332,0,0,0,0,0
446,12318,447.0011276919716,99936,1202,626,47,13,12847,6605,0.1946445725264169,873,444,31477,29254,6257,2922,10142,16739,18623,11524,0,0,57596,2621,705,730,245,5,0,0,0,0,25781,8824,3429,0,0,0,0,0
447,12318,448.24616392487746,99935,1247,658,48,13,13123,6748,0.19883924550958124,877,456,31080,28782,6389,2971,10357,17118,19115,11828,0,0,56716,2819,801,752,265,5,0,0,0,0,26361,8688,3528,0,0,0,0,0
448,12318,449.08449227263606,99932,1288,682,51,13,13309,6852,0.20174718808789976,910,455,30710,28324,6444,3000,10595,17524,19607,12134,0,0,55910,2937,872,758,288,6,0,0,0,0,26976,8568,3617,0,0,0,0,0
449,12318,450.35822424500543,99931,1346,710,52,13,13614,7013,0.20641242457295533,954,445,30257,27873,6597,3069,10792,17888,20100,12441,0,0,54958,3170,965,786,303,6,0,0,0,0,27592,8457,3694,0,0,0,0,0
450,12318,451.2169806021398,99931,1394,738,52,13,13822,7118,0.20954458576417728,938,468,29924,27415,6672,3076,11018,18288,20592,12749,0,0,54136,3289,1043,810,313,6,0,0,0,0,28212,8335,3787,0,0,0,0,0
451,12318,452.0853485987467,99929,1419,750,53,14,14024,7218,0.21257092535700348,975,472,29560,26948,6747,3107,11244,18707,21084,13059,0,0,53304,3420,1141,829,324,7,0,0,0,0,28810,8214,3880,0,0,0,0,0
452,12318,453.40532870848625,99928,1439,748,54,14,14322,7371,0.21708630213753902,1072,505,29112,26476,6909,3195,11412,19060,21575,13369,0,0,52329,3680,1264,855,342,7,0,0,0,0,29398,8100,3953,0,0,0,0,0
453,12318,454.2950935434431,99928,1489,771,54,14,14569,7497,0.22081898967256425,1082,523,28763,25997,6971,3235,11639,19458,22064,13680,0,0,51479,3841,1367,867,365,7,0,0,0,0,29983,7977,4042,0,0,0,0,0
454,12318,455.1953549702427,99928,1518,795,54,14,14807,7612,0.22435153310383477,1094,554,28393,25546,7072,3259,11867,19830,22551,13991,0,0,50619,3976,1480,887,385,7,0,0,0,0,30585,7882,4107,0,0,0,0,0
455,12318,456.1063412316834,99927,1587,819,55,14,15060,7731,0.22807649584196463,1091,545,28040,25123,7139,3300,12086,20197,23036,14303,0,0,49792,4101,1593,906,398,8,0,0,0,0,31166,7769,4194,0,0,0,0,0
456,12318,457.028017552081,99926,1599,836,56,14,15295,7854,0.23166142945779877,1151,563,27654,24678,7252,3342,12286,20565,23519,14615,0,0,48940,4240,1713,945,410,10,0,0,0,0,31746,7645,4277,0,0,0,0,0
457,12318,458.4313855141321,99923,1670,897,57,16,15713,8064,0.2379532239824665,1161,578,27189,24238,7456,3410,12465,20859,23999,14927,0,0,47990,4488,1867,981,442,13,0,0,0,0,32278,7513,4351,0,0,0,0,0
458,12318,459.3791124178655,99922,1757,912,58,16,16005,8207,0.24230900102079622,1141,573,26840,23823,7540,3471,12662,21203,24475,15238,0,0,47151,4626,2016,992,466,14,0,0,0,0,32821,7415,4421,0,0,0,0,0
459,12318,460.33876699501144,99922,1792,925,58,16,16279,8338,0.24636216248673964,1189,595,26483,23412,7633,3510,12843,21540,24948,15549,0,0,46309,4786,2158,1010,494,15,0,0,0,0,33355,7294,4501,0,0,0,0,0
460,12318,461.3104325001689,99921,1893,940,58,17,16630,8489,0.25138859699162336,1132,627,26140,22975,7755,3574,13020,21865,25417,15859,0,0,45452,4952,2300,1038,525,16,0,0,0,0,33890,7174,4574,0,0,0,0,0
461,12318,462.2941998218115,99920,1876,985,58,18,16895,8663,0.2557846277021617,1183,607,25764,22554,7900,3630,13217,22204,25882,16168,0,0,44570,5150,2449,1068,549,17,0,0,0,0,34418,7052,4647,0,0,0,0,0
462,12318,463.29091495112823,99919,1899,1018,59,18,17176,8822,0.26019075451115403,1258,614,25378,22149,8016,3677,13388,22522,26342,16476,0,0,43746,5301,2610,1098,571,18,0,0,0,0,34913,6925,4737,0,0,0,0,0
463,12318,464.3016198084563,99914,1936,1046,62,20,17502,8994,0.26518806173309045,1244,620,25027,21733,8154,3753,13575,22826,26797,16783,0,0,42905,5487,2775,1116,609,21,0,0,0,0,35382,6796,4823,0,0,0,0,0
464,12318,465.32620374161246,99913,1936,1057,62,21,17806,9168,0.26997487814398524,1268,619,24638,21336,8338,3843,13756,23122,27248,17088,0,0,42051,5672,2955,1146,653,22,0,0,0,0,35850,6674,4890,0,0,0,0,0
465,12318,466.36586751378667,99912,2004,1067,63,21,18155,9326,0.2750520458003043,1273,630,24279,20981,8474,3898,13905,23401,27693,17392,0,0,41222,5823,3153,1179,680,23,0,0,0,0,36313,6568,4951,0,0,0,0,0
466,12318,467.4203287840935,99911,2029,1089,64,21,18492,9502,0.2801893685379988,1292,637,23889,20635,8630,3954,14094,23662,28133,17694,0,0,40404,5979,3374,1200,717,24,0,0,0,0,36729,6463,5021,0,0,0,0,0
467,12318,468.49059396425673,99910,2072,1075,65,21,18867,9674,0.2856671003903513,1226,662,23584,20275,8810,4048,14241,23917,28567,17994,0,0,39576,6146,3611,1247,753,24,0,0,0,0,37124,6340,5089,0,0,0,0,0
468,12318,469.0305786742383,99909,2063,1091,66,21,19025,9765,0.2881622276271407,1250,651,23288,19918,8872,4046,14459,24271,28996,18292,0,0,38891,6206,3747,1260,776,26,0,0,0,0,37607,6224,5172,0,0,0,0,0
469,12318,470.1288128695902,99908,2140,1099,66,22,19398,9963,0.2938803699403451,1248,623,22943,19566,9013,4156,14588,24532,29419,18588,0,0,38079,6363,3981,1301,802,27,0,0,0,0,38005,6115,5235,0,0,0,0,0
470,12318,471.2429379603848,99908,2157,1083,66,22,19781,10113,0.29921527805581133,1259,642,22599,19236,9200,4244,14717,24771,29836,18882,0,0,37243,6572,4200,1342,836,30,0,0,0,0,38391,5990,5304,0,0,0,0,0
471,12318,472.37360533218924,99907,2154,1114,67,22,20133,10306,0.3046733462119771,1271,650,22270,18921,9382,4297,14854,24994,30246,19173,0,0,36474,6705,4459,1386,879,30,0,0,0,0,38735,5876,5363,0,0,0,0,0
472,12318,473.5210515718734,99907,2188,1155,67,22,20522,10510,0.3106088662456084,1267,636,21927,18627,9569,4370,14980,25188,30650,19462,0,0,35676,6881,4698,1411,924,35,0,0,0,0,39099,5776,5407,0,0,0,0,0
473,12318,474.09959988690633,99907,2162,1169,67,22,20700,10601,0.3133013702743552,1266,647,21676,18286,9655,4372,15172,25502,31048,19748,0,0,35013,6929,4858,1421,957,40,0,0,0,0,39535,5696,5458,0,0,0,0,0
474,12318,475.2779053091151,99906,2162,1171,67,23,21088,10803,0.31921005745400677,1277,649,21345,17974,9883,4484,15264,25697,31439,20032,0,0,34213,7119,5137,1458,1002,45,0,0,0,0,39844,5589,5499,0,0,0,0,0
475,12318,476.4736761909564,99904,2178,1184,69,23,21494,10998,0.32523222293401666,1241,665,21048,17680,10097,4576,15365,25870,31824,20313,0,0,33422,7299,5405,1498,1049,46,0,0,0,0,40157,5487,5541,0,0,0,0,0
476,12318,477.07627658968084,99904,2150,1188,69,23,21643,11096,0.32770459641255606,1293,669,20797,17406,10148,4582,15541,26130,32202,20591,0,0,32823,7316,5584,1511,1086,47,0,0,0,0,40538,5399,5600,0,0,0,0,0
477,12318,478.3039328699596,99902,2187,1204,71,23,22055,11303,0.3339072290845028,1221,665,20543,17134,10330,4689,15646,26283,32573,20866,0,0,32096,7450,5847,1562,1150,49,0,0,0,0,40822,5290,5636,0,0,0,0,0
478,12318,479.5477601331219,99900,2204,1230,72,24,22439,11528,0.34001001001001,1221,649,20243,16874,10519,4797,15739,26424,32938,21138,0,0,31355,7608,6121,1606,1198,50,0,0,0,0,41096,5185,5681,0,0,0,0,0
479,12318,480.17447994530374,99900,2196,1237,72,24,22635,11645,0.34314314314314315,1236,643,19991,16601,10581,4822,15922,26671,33296,21407,0,0,30787,7634,6326,1610,1244,55,0,0,0,0,41410,5096,5738,0,0,0,0,0
480,12318,481.4510515969172,99898,2195,1201,72,26,23038,11842,0.3491561392620473,1254,647,19708,16375,10784,4951,15985,26798,33647,21672,0,0,30067,7793,6629,1656,1309,61,0,0,0,0,41620,4991,5772,0,0,0,0,0
481,12318,482.0947357721594,99897,2214,1193,72,27,23247,11939,0.3522227894731573,1238,634,19483,16126,10844,4983,16147,27035,33991,21934,0,0,29501,7811,6829,1673,1341,62,0,0,0,0,41945,4913,5822,0,0,0,0,0
482,12318,483.4053084263052,99896,2226,1183,72,28,23661,12139,0.35837270761592055,1197,665,19253,15881,11042,5100,16208,27141,34329,22193,0,0,28814,7937,7137,1729,1392,65,0,0,0,0,42140,4814,5868,0,0,0,0,0
483,12318,484.0650536471284,99896,2234,1179,72,28,23833,12247,0.36117562264755343,1228,656,19025,15643,11082,5126,16357,27366,34660,22448,0,0,28272,7950,7337,1735,1421,69,0,0,0,0,42450,4750,5912,0,0,0,0,0
484,12318,485.4069904012923,99894,2213,1179,73,29,24225,12486,0.36749954952249386,1262,590,18783,15484,11277,5270,16390,27446,34984,22700,0,0,27598,8090,7681,1772,1489,71,0,0,0,0,42589,4661,5943,0,0,0,0,0
485,12318,486.0829847151705,99893,2259,1174,73,30,24447,12594,0.37080676323666323,1242,569,18576,15282,11316,5300,16532,27643,35301,22948,0,0,27083,8090,7894,1782,1520,77,0,0,0,0,42871,4598,5978,0,0,0,0,0
486,12318,487.45785104247676,99891,2233,1148,74,31,24870,12792,0.37703096375048806,1179,596,18365,15106,11578,5432,16569,27685,35612,23193,0,0,26405,8240,8210,1828,1602,81,0,0,0,0,43018,4518,5989,0,0,0,0,0
487,12318,488.1498781307102,99890,2243,1146,74,32,25087,12903,0.3803183501852037,1159,605,18196,14867,11639,5473,16687,27875,35916,23434,0,0,25900,8272,8411,1844,1639,84,0,0,0,0,43263,4429,6048,0,0,0,0,0
488,12318,489.55607287453057,99889,2193,1131,75,32,25490,13103,0.38635885833274936,1154,584,17982,14719,11903,5583,16691,27949,36214,23672,0,0,25280,8402,8740,1882,1725,93,0,0,0,0,43365,4336,6066,0,0,0,0,0
489,12318,490.26404681714274,99888,2209,1132,75,33,25709,13209,0.389616370334775,1124,585,17818,14557,11954,5582,16818,28109,36505,23906,0,0,24846,8389,8978,1893,1768,96,0,0,0,0,43551,4246,6121,0,0,0,0,0
490,12318,491.70149104726875,99888,2141,1092,75,33,26102,13424,0.3957031875700785,1109,574,17628,14421,12216,5736,16829,28142,36790,24137,0,0,24235,8529,9333,1921,1868,104,0,0,0,0,43602,4161,6135,0,0,0,0,0
491,12318,492.4252655962808,99885,2116,1070,78,33,26307,13531,0.39883866446413374,1096,563,17469,14249,12288,5791,16951,28292,37069,24364,0,0,23784,8512,9588,1941,1916,108,0,0,0,0,43774,4098,6164,0,0,0,0,0
492,12318,493.15604582716406,99885,2093,1053,78,33,26523,13636,0.4020523602142464,1060,569,17293,14072,12392,5841,17082,28430,37341,24587,0,0,23297,8546,9792,1973,1957,114,0,0,0,0,43985,4024,6197,0,0,0,0,0
493,12318,494.6398609782393,99884,2055,1071,79,33,26899,13873,0.4081935044651796,1046,527,17136,14000,12597,5938,17085,28429,37607,24807,0,0,22768,8627,10139,2015,2048,117,0,0,0,0,44031,3932,6207,0,0,0,0,0
494,12318,495.38682302681485,99883,2028,1038,79,34,27090,13969,0.4110709530150276,1033,535,17000,13849,12661,5988,17197,28554,37867,25023,0,0,22299,8663,10354,2019,2105,121,0,0,0,0,44222,3885,6215,0,0,0,0,0
495,12318,496.14012362801816,99882,2005,1039,79,35,27290,14083,0.4142187781582267,993,536,16860,13682,12753,6013,17308,28693,38121,25236,0,0,21871,8676,10577,2018,2161,125,0,0,0,0,44382,3829,6243,0,0,0,0,0
496,12318,497.63801996068923,99877,1979,1018,82,37,27678,14305,0.4203470268430169,902,513,16729,13596,12971,6148,17335,28686,38369,25445,0,0,21331,8785,10922,2062,2234,129,0,0,0,0,44396,3750,6268,0,0,0,0,0
497,12318,498.38967476684314,99877,1890,994,82,37,27844,14398,0.4229402164662535,898,524,16623,13457,13068,6180,17437,28806,38611,25651,0,0,20951,8770,11173,2077,2299,137,0,0,0,0,44497,3685,6288,0,0,0,0,0
498,12318,499.13641618909656,99875,1847,1006,84,37,27993,14509,0.42555193992490614,900,483,16504,13338,13114,6200,17549,28934,38848,25853,0,0,20592,8752,11387,2078,2362,137,0,0,0,0,44631,3619,6317,0,0,0,0,0
499,12318,500.6186377230521,99874,1757,983,84,38,28318,14699,0.43071269799947937,900,451,16377,13259,13334,6325,17546,28942,39079,26051,0,0,20121,8810,11728,2104,2459,146,0,0,0,0,44626,3565,6315,0,0,0,0,0
500,12318,501.36226272164805,99874,1726,957,84,38,28477,14768,0.43299557442377395,865,458,16293,13147,13388,6355,17642,29043,39304,26246,0,0,19744,8807,11918,2108,2504,154,0,0,0,0,44784,3520,6335,0,0,0,0,0
501,12318,502.1023579308969,99874,1701,953,84,38,28635,14869,0.43558884194084546,838,440,16163,13053,13459,6382,17753,29132,39524,26437,0,0,19398,8778,12120,2117,2562,158,0,0,0,0,44920,3472,6349,0,0,0,0,0
502,12318,503.5716850946741,99872,1634,897,85,39,28937,15021,0.4401433835309196,820,447,16074,13032,13631,6476,17754,29107,39739,26625,0,0,18988,8807,12456,2149,2649,162,0,0,0,0,44892,3406,6363,0,0,0,0,0
503,12318,504.30864771485204,99869,1635,901,86,41,29109,15110,0.4427700287376463,773,422,16007,12930,13661,6483,17836,29221,39948,26810,0,0,18670,8773,12648,2152,2694,167,0,0,0,0,45015,3356,6394,0,0,0,0,0
504,12318,505.0421560116392,99869,1601,876,86,41,29233,15201,0.44492284893210104,782,393,15914,12834,13690,6541,17925,29313,40152,26991,0,0,18353,8745,12848,2163,2742,172,0,0,0,0,45128,3304,6414,0,0,0,0,0
505,12318,506.50007181382335,99869,1564,835,86,41,29520,15323,0.4490182138601568,755,400,15873,12835,13808,6614,17912,29273,40351,27169,0,0,17963,8771,13116,2190,2823,176,0,0,0,0,45159,3253,6418,0,0,0,0,0
506,12318,507.2317386044595,99869,1537,800,86,41,29666,15396,0.4512110865233456,722,401,15803,12769,13849,6650,18001,29337,40545,27343,0,0,17650,8752,13294,2207,2871,183,0,0,0,0,45268,3202,6442,0,0,0,0,0
507,12318,508.68592681892886,99868,1484,789,87,41,29925,15555,0.45540112949092804,686,354,15763,12755,13978,6728,18000,29331,40735,27514,0,0,17272,8790,13522,2235,2964,188,0,0,0,0,45304,3143,6450,0,0,0,0,0
508,12318,509.4153053077652,99867,1457,769,88,41,30054,15608,0.45722811339080977,670,369,15675,12697,14020,6728,18088,29394,40920,27682,0,0,17011,8747,13700,2233,3023,191,0,0,0,0,45400,3095,6467,0,0,0,0,0
509,12318,510.1418971513201,99865,1416,762,90,41,30172,15670,0.4590397035998598,657,360,15624,12623,14049,6732,18162,29480,41100,27847,0,0,16739,8726,13872,2221,3075,194,0,0,0,0,45495,3050,6493,0,0,0,0,0
510,12318,511.5863134527844,99864,1372,737,91,41,30425,15799,0.46286950252343184,620,341,15609,12620,14156,6791,18150,29468,41276,28009,0,0,16404,8753,14119,2240,3146,205,0,0,0,0,45496,2997,6504,0,0,0,0,0
511,12318,512.3110504278008,99864,1346,721,91,41,30536,15856,0.46455179043499156,615,346,15540,12584,14180,6784,18226,29522,41447,28167,0,0,16155,8700,14303,2233,3191,209,0,0,0,0,45585,2973,6515,0,0,0,0,0
512,12318,513.033330428836,99862,1323,698,93,41,30650,15912,0.4662634435521019,586,335,15488,12532,14207,6805,18301,29587,41614,28322,0,0,15903,8662,14447,2236,3244,214,0,0,0,0,45692,2933,6531,0,0,0,0,0
513,12318,514.4700748360824,99860,1217,675,94,42,30834,16018,0.46917684758662126,593,321,15488,12561,14294,6856,18312,29543,41777,28474,0,0,15596,8668,14689,2257,3314,220,0,0,0,0,45695,2891,6530,0,0,0,0,0
514,12318,515.1906981396244,99860,1201,651,94,42,30921,16069,0.4705587822952133,608,326,15426,12514,14289,6861,18380,29604,41936,28623,0,0,15372,8621,14837,2251,3363,222,0,0,0,0,45788,2861,6545,0,0,0,0,0
515,12318,516.6235549427673,99856,1157,620,97,43,31147,16180,0.47395249158788655,552,286,15430,12564,14395,6931,18367,29554,42091,28769,0,0,15066,8645,15055,2263,3434,229,0,0,0,0,45791,2820,6553,0,0,0,0,0
516,12318,517.3425678042219,99856,1154,595,97,43,31262,16219,0.4754947123858356,529,310,15394,12521,14394,6934,18430,29595,42242,28912,0,0,14852,8601,15212,2262,3475,230,0,0,0,0,45866,2784,6574,0,0,0,0,0
517,12318,518.059260825056,99855,1130,604,98,43,31365,16286,0.4772019428170848,498,288,15373,12480,14413,6945,18486,29638,42389,29052,0,0,14646,8547,15371,2258,3519,233,0,0,0,0,45936,2757,6588,0,0,0,0,0
518,12318,519.4864912083964,99854,1060,571,99,43,31527,16384,0.4798105233641116,481,253,15368,12546,14504,6995,18486,29590,42532,29190,0,0,14387,8541,15593,2281,3570,242,0,0,0,0,45929,2714,6597,0,0,0,0,0
519,12318,520.2025417431599,99854,1031,561,99,43,31598,16437,0.4810523364111603,474,216,15351,12523,14491,6997,18552,29658,42672,29325,0,0,14205,8481,15754,2274,3606,245,0,0,0,0,45984,2687,6618,0,0,0,0,0
520,12318,521.6279214182013,99854,982,511,99,43,31774,16509,0.48353596250525765,446,205,15382,12579,14546,7044,18543,29616,42808,29457,0,0,13978,8463,15975,2287,3663,257,0,0,0,0,45958,2651,6622,0,0,0,0,0
521,12318,522.3426476655612,99854,952,510,99,43,31850,16555,0.48475774630961205,443,188,15366,12572,14537,7037,18601,29648,42941,29586,0,0,13799,8397,16107,2284,3708,263,0,0,0,0,46039,2636,6621,0,0,0,0,0
522,12318,523.0555114359163,99854,925,483,99,43,31929,16591,0.4859094277645362,425,177,15343,12560,14535,7046,18671,29689,43070,29713,0,0,13603,8372,16231,2279,3752,266,0,0,0,0,46112,2605,6634,0,0,0,0,0
523,12318,524.475304874499,99854,890,446,99,43,32072,16646,0.48789232279127526,408,191,15379,12627,14552,7060,18670,29631,43196,29837,0,0,13398,8351,16390,2277,3820,274,0,0,0,0,46132,2580,6632,0,0,0,0,0
524,12318,525.1867603586109,99854,870,429,99,43,32141,16681,0.48893384341138063,409,191,15351,12626,14548,7054,18721,29655,43319,29959,0,0,13223,8314,16511,2273,3854,278,0,0,0,0,46203,2552,6646,0,0,0,0,0
525,12318,526.6038091637366,99853,854,423,100,43,32312,16770,0.4915425675743343,357,162,15386,12698,14596,7061,18705,29611,43439,30078,0,0,13032,8282,16689,2274,3912,287,0,0,0,0,46195,2529,6653,0,0,0,0,0
526,12318,527.3142621181944,99852,828,410,101,43,32375,16800,0.49247886872571406,349,159,15389,12681,14587,7052,18744,29653,43556,30195,0,0,12870,8240,16817,2267,3937,292,0,0,0,0,46256,2502,6671,0,0,0,0,0
527,12318,528.0231721224367,99852,818,414,101,43,32442,16839,0.49354043985097945,334,149,15373,12677,14579,7042,18793,29673,43670,30309,0,0,12698,8208,16894,2264,3974,294,0,0,0,0,46356,2480,6684,0,0,0,0,0
528,12318,529.4370639283784,99852,778,395,101,43,32561,16893,0.49527300404598806,325,150,15432,12758,14590,7052,18772,29600,43781,30421,0,0,12512,8200,17043,2257,4029,299,0,0,0,0,46369,2457,6686,0,0,0,0,0
529,12318,530.1459631937329,99852,754,376,101,43,32621,16911,0.4960541601570324,312,158,15416,12763,14590,7042,18825,29616,43889,30530,0,0,12355,8170,17140,2251,4063,301,0,0,0,0,46440,2430,6702,0,0,0,0,0
530,12318,531.5590849962124,99852,738,359,101,43,32738,16969,0.49780675399591395,295,151,15461,12850,14590,7038,18813,29557,43994,30637,0,0,12190,8135,17271,2254,4106,312,0,0,0,0,46466,2415,6703,0,0,0,0,0
531,12318,532.2670394185637,99852,724,338,101,43,32793,16984,0.49850779153146657,289,160,15431,12840,14576,7035,18877,29582,44096,30742,0,0,12062,8085,17372,2246,4138,317,0,0,0,0,46523,2395,6714,0,0,0,0,0
532,12318,533.6779315952372,99851,663,315,101,44,32878,17045,0.49997496269441466,284,162,15477,12916,14609,7055,18864,29506,44196,30845,0,0,11892,8058,17526,2247,4183,322,0,0,0,0,46527,2379,6717,0,0,0,0,0
533,12318,534.3850003440068,99851,664,311,101,44,32945,17071,0.5009063504621887,261,160,15486,12922,14578,7043,18908,29518,44293,30946,0,0,11765,8012,17635,2238,4208,325,0,0,0,0,46582,2362,6724,0,0,0,0,0
534,12318,535.0904556973319,99851,634,316,101,44,32987,17105,0.5016674845519824,253,142,15510,12940,14562,7021,18938,29535,44388,31044,0,0,11654,7961,17731,2238,4238,327,0,0,0,0,46626,2331,6745,0,0,0,0,0
535,12318,536.4976775250657,99851,599,301,101,44,33078,17149,0.5030194990535899,245,134,15576,13047,14557,7014,18920,29458,44480,31140,0,0,11512,7931,17857,2239,4276,335,0,0,0,0,46639,2313,6749,0,0,0,0,0
536,12318,537.2034577916813,99851,593,296,101,44,33122,17171,0.5036804839210424,239,132,15585,13055,14520,7006,18960,29465,44570,31234,0,0,11396,7881,17953,2229,4297,340,0,0,0,0,46701,2304,6750,0,0,0,0,0
537,12318,538.6107345236514,99851,565,293,101,44,33211,17214,0.5050024536559473,224,137,15663,13155,14493,6996,18952,29373,44658,31326,0,0,11270,7844,18053,2241,4347,340,0,0,0,0,46727,2274,6755,0,0,0,0,0
538,12318,539.315800067259,99851,552,286,101,44,33260,17242,0.5057736026679753,222,129,15669,13184,14462,6977,18992,29378,44743,31416,0,0,11158,7804,18137,2242,4369,347,0,0,0,0,46774,2255,6765,0,0,0,0,0
539,12318,540.0193793232727,99851,540,273,101,44,33307,17263,0.506454617379896,217,118,15667,13204,14448,6972,19025,29387,44826,31505,0,0,11040,7771,18211,2242,4400,348,0,0,0,0,46831,2235,6773,0,0,0,0,0
540,12318,541.4229315482919,99851,529,252,101,44,33388,17299,0.5076263632812891,202,123,15739,13284,14416,6982,19011,29313,44907,31592,0,0,10918,7745,18294,2243,4446,354,0,0,0,0,46864,2213,6774,0,0,0,0,0
541,12318,542.1263578547344,99850,511,257,102,44,33424,17316,0.5081622433650476,196,122,15746,13307,14404,6958,19039,29310,44986,31677,0,0,10809,7706,18366,2237,4468,355,0,0,0,0,46925,2202,6782,0,0,0,0,0
542,12318,543.5296087863937,99850,475,275,102,44,33490,17373,0.5093940911367051,188,94,15834,13403,14393,6945,19006,29237,45063,31760,0,0,10697,7675,18457,2234,4507,361,0,0,0,0,46946,2186,6787,0,0,0,0,0
543,12318,544.2328486906206,99850,457,256,102,44,33519,17386,0.5098147220831247,181,96,15855,13421,14366,6935,19037,29246,45138,31841,0,0,10595,7639,18532,2230,4526,368,0,0,0,0,46994,2176,6790,0,0,0,0,0
544,12318,545.6375162750533,99850,441,245,102,44,33590,17412,0.5107861792689034,167,98,15944,13520,14336,6923,19008,29168,45211,31921,0,0,10493,7603,18619,2231,4565,371,0,0,0,0,47020,2158,6790,0,0,0,0,0
545,12318,546.3413379802212,99850,416,241,102,44,33614,17424,0.5111467200801202,178,104,15960,13548,14301,6906,19041,29155,45282,31999,0,0,10400,7572,18690,2220,4586,373,0,0,0,0,47062,2144,6803,0,0,0,0,0
546,12318,547.0445699857484,99849,388,240,102,45,33628,17438,0.5114322627167022,188,100,15973,13585,14284,6881,19063,29147,45352,32075,0,0,10314,7535,18750,2211,4607,378,0,0,0,0,47114,2129,6811,0,0,0,0,0
547,12318,548.4481812578457,99849,363,231,102,45,33695,17475,0.5124738354915923,166,88,16059,13692,14272,6866,19036,29076,45420,32150,0,0,10219,7506,18857,2214,4634,383,0,0,0,0,47109,2110,6817,0,0,0,0,0
548,12318,549.15160884835,99849,352,216,102,45,33720,17493,0.512904485773518,162,84,16072,13732,14246,6857,19064,29064,45486,32223,0,0,10135,7461,18937,2214,4651,384,0,0,0,0,47143,2100,6824,0,0,0,0,0
549,12318,550.5565948868676,99849,337,203,102,45,33771,17521,0.513695680477521,146,73,16198,13848,14194,6840,19021,28989,45551,32294,0,0,10060,7420,19026,2211,4681,390,0,0,0,0,47149,2084,6828,0,0,0,0,0
550,12318,551.2613090017002,99849,334,194,102,45,33799,17529,0.5140562248995983,135,82,16208,13888,14160,6815,19059,28974,45614,32364,0,0,9983,7377,19100,2204,4695,392,0,0,0,0,47190,2077,6831,0,0,0,0,0
551,12318,552.6679836316614,99849,289,190,102,45,33846,17560,0.514837404480766,130,71,16322,14019,14148,6786,19007,28887,45675,32433,0,0,9908,7333,19183,2208,4732,400,0,0,0,0,47192,2065,6828,0,0,0,0,0
552,12318,553.3733980252598,99849,281,180,102,45,33865,17571,0.5151378581658304,129,68,16360,14052,14103,6771,19023,28882,45735,32500,0,0,9845,7298,19241,2201,4749,403,0,0,0,0,47223,2044,6845,0,0,0,0,0
553,12318,554.0784585726926,99849,280,170,102,45,33887,17582,0.5154683572194013,127,71,16389,14093,14073,6762,19027,28857,45793,32566,0,0,9759,7278,19288,2192,4764,405,0,0,0,0,47275,2035,6853,0,0,0,0,0
554,12318,555.4875422681741,99849,263,160,102,45,33926,17609,0.516129355326543,125,72,16478,14203,14037,6746,18993,28772,45850,32630,0,0,9687,7237,19356,2193,4792,409,0,0,0,0,47294,2023,6858,0,0,0,0,0
555,12318,556.1940535392498,99849,251,165,102,45,33940,17626,0.516439824134443,131,61,16515,14239,13993,6733,19006,28755,45906,32693,0,0,9622,7208,19404,2181,4813,410,0,0,0,0,47332,2010,6869,0,0,0,0,0
556,12318,557.6055198453477,99849,247,155,102,45,33983,17644,0.5170507466274074,129,59,16637,14375,13942,6706,18941,28658,45960,32755,0,0,9547,7181,19468,2173,4836,413,0,0,0,0,47356,2002,6873,0,0,0,0,0
557,12318,558.3135113548569,99849,243,146,102,45,33999,17650,0.517271079329788,131,63,16677,14426,13891,6694,18954,28624,46013,32815,0,0,9483,7152,19514,2163,4854,415,0,0,0,0,47395,1994,6879,0,0,0,0,0
558,12318,559.0215480939034,99849,235,155,102,45,34016,17672,0.5176616691203718,121,46,16747,14459,13833,6678,18960,28615,46065,32874,0,0,9426,7114,19561,2158,4874,416,0,0,0,0,47434,1981,6885,0,0,0,0,0
559,12318,560.4366616564654,99849,228,147,102,45,34062,17688,0.5182826067361717,104,47,16858,14580,13792,6655,18914,28524,46115,32932,0,0,9350,7096,19619,2157,4893,419,0,0,0,0,47459,1967,6889,0,0,0,0,0
560,12318,561.1463359000154,99849,221,149,102,45,34076,17700,0.5185429999298942,100,42,16892,14633,13752,6635,18931,28494,46164,32989,0,0,9289,7065,19664,2151,4908,420,0,0,0,0,47500,1959,6893,0,0,0,0,0
561,12318,562.5646913612278,99849,218,138,102,45,34119,17715,0.519123877054352,86,46,17002,14762,13710,6617,18880,28390,46212,33044,0,0,9217,7044,19716,2146,4933,422,0,0,0,0,47527,1951,6893,0,0,0,0,0
562,12318,563.2762021834365,99849,216,133,102,45,34137,17723,0.5193842702480745,84,49,17039,14810,13675,6593,18882,28368,46259,33098,0,0,9161,7013,19763,2141,4946,424,0,0,0,0,47561,1943,6897,0,0,0,0,0
563,12318,564.6981158798517,99849,201,123,102,45,34163,17738,0.5197948902843293,76,47,17160,14944,13624,6568,18835,28271,46305,33151,0,0,9097,6989,19823,2140,4960,426,0,0,0,0,47577,1933,6904,0,0,0,0,0
564,12318,565.4109375887754,99849,191,119,102,45,34170,17750,0.5199851776182035,85,40,17202,14993,13584,6560,18834,28241,46350,33203,0,0,9036,6970,19865,2130,4976,426,0,0,0,0,47612,1925,6909,0,0,0,0,0
565,12318,566.1238746739186,99849,185,123,102,45,34186,17764,0.5202856313032679,82,32,17241,15037,13546,6541,18842,28220,46393,33254,0,0,8985,6945,19901,2123,4993,427,0,0,0,0,47644,1913,6918,0,0,0,0,0
566,12318,567.5497094716816,99848,174,119,102,46,34216,17782,0.5207715727906418,68,25,17371,15160,13490,6504,18793,28144,46435,33304,0,0,8939,6911,19954,2122,5014,429,0,0,0,0,47653,1900,6926,0,0,0,0,0
567,12318,568.2644955165063,99848,167,104,102,46,34233,17787,0.5209919076997036,61,24,17424,15196,13452,6506,18792,28122,46476,33353,0,0,8892,6884,19994,2118,5034,432,0,0,0,0,47678,1888,6928,0,0,0,0,0
568,12318,569.694482258257,99848,159,85,102,46,34254,17794,0.5212723339476003,54,26,17532,15327,13406,6491,18745,28023,46516,33401,0,0,8842,6862,20041,2114,5050,435,0,0,0,0,47691,1876,6937,0,0,0,0,0
569,12318,570.4116173953464,99848,150,88,102,46,34265,17804,0.521482653633523,54,20,17587,15362,13365,6485,18740,27997,46555,33448,0,0,8793,6834,20085,2110,5058,437,0,0,0,0,47720,1872,6939,0,0,0,0,0
570,12318,571.1286947599075,99848,153,76,102,46,34275,17805,0.5215928210880538,46,25,17612,15393,13329,6472,18756,27986,46594,33494,0,0,8754,6800,20130,2107,5063,439,0,0,0,0,47744,1864,6947,0,0,0,0,0
571,12318,572.3456534200573,99847,147,73,103,46,34297,17817,0.5219385660059892,46,18,17719,15535,13269,6443,18714,27883,46632,33539,0,0,8706,6773,20171,2107,5078,441,0,0,0,0,47767,1857,6947,0,0,0,0,0
572,12318,573.0644367122471,99847,144,74,103,46,34298,17818,0.5219585966528789,50,18,17728,15551,13238,6421,18735,27888,46669,33583,0,0,8666,6744,20201,2098,5089,441,0,0,0,0,47805,1854,6949,0,0,0,0,0
573,12318,574.4047485986761,99847,132,73,103,46,34319,17827,0.522259056356225,42,22,17879,15701,13167,6380,18675,27776,46705,33626,0,0,8629,6718,20251,2092,5104,442,0,0,0,0,47811,1843,6957,0,0,0,0,0
574,12318,575.1249471080602,99847,126,71,103,46,34324,17830,0.522339178943784,43,24,17941,15744,13121,6358,18664,27755,46740,33668,0,0,8596,6691,20287,2087,5112,443,0,0,0,0,47832,1832,6967,0,0,0,0,0
575,12318,576.5656413987824,99847,114,60,103,46,34337,17836,0.5225294700892366,42,20,18075,15862,13061,6343,18603,27667,46774,33709,0,0,8548,6674,20324,2086,5122,444,0,0,0,0,47851,1821,6977,0,0,0,0,0
576,12318,577.2235873803397,99847,113,61,103,46,34337,17837,0.5225394854126814,42,19,18056,15845,13044,6333,18640,27694,46807,33750,0,0,8509,6651,20346,2083,5125,445,0,0,0,0,47890,1813,6985,0,0,0,0,0
577,12318,578.698531948086,99847,107,47,103,46,34360,17842,0.5228199144691378,37,25,18244,16073,12957,6299,18550,27508,46840,33790,0,0,8464,6635,20386,2081,5133,449,0,0,0,0,47901,1804,6994,0,0,0,0,0
578,12318,579.4235555555131,99847,102,48,103,46,34365,17847,0.5229200677035865,34,22,18306,16132,12907,6280,18546,27470,46872,33829,0,0,8419,6625,20407,2073,5143,449,0,0,0,0,47934,1796,7001,0,0,0,0,0
579,12318,580.1488496673136,99847,105,46,103,46,34376,17851,0.5230702975552596,26,24,18374,16187,12849,6271,18541,27424,46903,33867,0,0,8380,6605,20431,2071,5148,452,0,0,0,0,47965,1791,7004,0,0,0,0,0
580,12318,581.6001144041476,99847,96,48,103,46,34380,17859,0.523190481436598,27,18,18436,16244,12817,6259,18519,27383,46933,33904,0,0,8348,6582,20466,2067,5156,452,0,0,0,0,47983,1782,7011,0,0,0,0,0
581,12318,582.014390238928,99847,93,52,103,46,34382,17865,0.5232706040241569,34,14,18448,16270,12791,6245,18529,27371,46963,33941,0,0,8316,6561,20492,2058,5164,453,0,0,0,0,48010,1776,7017,0,0,0,0,0
582,12318,583.0955570519355,99847,89,49,103,46,34397,17870,0.5234709104930544,31,11,18529,16365,12751,6220,18495,27307,46992,33977,0,0,8280,6544,20524,2056,5168,457,0,0,0,0,48027,1769,7022,0,0,0,0,0
583,12318,584.0207044065722,99847,77,45,103,46,34405,17875,0.5236011096978377,25,12,18601,16465,12715,6208,18477,27222,47020,34012,0,0,8240,6530,20554,2050,5178,460,0,0,0,0,48047,1767,7021,0,0,0,0,0
584,12318,585.0052173494375,99847,67,37,103,46,34413,17877,0.5237012629322864,26,13,18700,16619,12676,6178,18426,27105,47048,34046,0,0,8207,6511,20593,2047,5183,462,0,0,0,0,48058,1760,7026,0,0,0,0,0
585,12318,586.2874155402559,99847,71,38,103,46,34421,17881,0.5238214468136249,25,10,18760,16683,12623,6158,18416,27063,47075,34080,0,0,8177,6495,20613,2040,5191,463,0,0,0,0,48083,1753,7032,0,0,0,0,0
586,12318,587.0511823933638,99847,67,40,103,46,34426,17885,0.5239115847246287,25,8,18852,16769,12562,6131,18389,27004,47102,34113,0,0,8147,6475,20635,2041,5196,463,0,0,0,0,48108,1742,7040,0,0,0,0,0
587,12318,588.6520328086953,99847,67,32,103,46,34439,17885,0.524041783929412,19,8,18989,16922,12494,6099,18326,26891,47128,34145,0,0,8118,6460,20663,2035,5206,464,0,0,0,0,48121,1735,7045,0,0,0,0,0
588,12318,589.262435142272,99847,65,31,103,46,34441,17887,0.5240818452231915,22,7,19035,16973,12449,6081,18324,26860,47153,34177,0,0,8088,6442,20686,2031,5210,465,0,0,0,0,48146,1731,7048,0,0,0,0,0
589,12318,590.069816020141,99847,64,29,103,46,34446,17888,0.5241419371638607,21,10,19098,17027,12408,6062,18304,26824,47178,34208,0,0,8059,6420,20708,2032,5213,466,0,0,0,0,48171,1726,7052,0,0,0,0,0
590,12318,591.1383581267047,99847,65,28,103,46,34456,17891,0.524272136368644,21,9,19203,17160,12351,6027,18255,26728,47202,34239,0,0,8032,6403,20728,2026,5224,467,0,0,0,0,48192,1721,7054,0,0,0,0,0
591,12318,592.4928687283737,99845,50,24,104,47,34460,17893,0.5243427312334118,22,10,19332,17297,12296,5998,18194,26622,47226,34269,0,0,8002,6387,20745,2025,5235,467,0,0,0,0,48209,1714,7061,0,0,0,0,0
592,12318,593.0074350480411,99845,52,24,104,47,34466,17895,0.5244228554259102,17,11,19369,17332,12269,5988,18187,26596,47249,34298,0,0,7972,6373,20764,2021,5239,467,0,0,0,0,48234,1709,7066,0,0,0,0,0
593,12318,594.0349636977677,99845,45,20,104,47,34469,17895,0.524452901998097,15,12,19437,17390,12229,5974,18168,26555,47272,34327,0,0,7944,6359,20782,2018,5247,468,0,0,0,0,48254,1703,7070,0,0,0,0,0
594,12318,595.0546860064136,99845,46,19,104,47,34477,17900,0.5245831038109069,12,10,19499,17504,12183,5949,18154,26469,47294,34355,0,0,7919,6340,20800,2015,5258,468,0,0,0,0,48274,1700,7071,0,0,0,0,0
595,12318,596.0592632669454,99845,39,18,104,47,34479,17902,0.5246231659071561,14,10,19583,17613,12129,5926,18129,26384,47316,34383,0,0,7891,6323,20821,2015,5262,469,0,0,0,0,48295,1696,7073,0,0,0,0,0
596,12318,597.0355610129992,99845,32,20,104,47,34480,17906,0.5246732435274676,15,8,19668,17685,12088,5906,18091,26332,47337,34410,0,0,7861,6312,20831,2014,5267,471,0,0,0,0,48322,1691,7076,0,0,0,0,0
597,12318,598.0428048985569,99844,28,19,105,47,34483,17908,0.5247285765794639,15,9,19730,17765,12053,5885,18067,26273,47358,34437,0,0,7831,6298,20851,2012,5271,471,0,0,0,0,48344,1688,7078,0,0,0,0,0
598,12318,599.0213295317727,99844,24,19,105,47,34486,17911,0.5247886703257081,13,7,19810,17841,12010,5863,18036,26221,47378,34463,0,0,7808,6282,20870,2010,5278,471,0,0,0,0,48362,1683,7080,0,0,0,0,0
599,12318,600.0107417145756,99844,22,19,105,47,34489,17914,0.5248487640719522,14,4,19898,17929,11964,5843,17995,26156,47398,34489,0,0,7784,6267,20889,2006,5283,472,0,0,0,0,48381,1680,7082,0,0,0,0,0
600,12318,601.0826352624173,99844,20,15,105,47,34494,17914,0.5248988421938223,9,4,20009,18083,11907,5802,17948,26047,47417,34514,0,0,7765,6246,20907,2008,5284,476,0,0,0,0,48397,1677,7084,0,0,0,0,0
601,12318,602.0158712478192,99844,18,11,105,47,34494,17914,0.5248988421938223,10,4,20048,18139,11881,5787,17936,26010,47436,34539,0,0,7739,6231,20924,2007,5287,476,0,0,0,0,48419,1675,7086,0,0,0,0,0
602,12318,603.0588712302958,99844,20,9,105,47,34498,17914,0.5249389046913184,7,4,20133,18254,11834,5767,17899,25917,47455,34563,0,0,7716,6215,20941,2004,5292,476,0,0,0,0,48440,1674,7086,0,0,0,0,0
603,12318,604.1752189981139,99844,16,9,105,47,34498,17914,0.5249389046913184,9,4,20223,18360,11780,5741,17865,25837,47473,34587,0,0,7695,6198,20959,2002,5296,476,0,0,0,0,48459,1672,7087,0,0,0,0,0
604,12318,605.1365902530538,99844,16,9,105,47,34500,17914,0.5249589359400665,7,5,20298,18445,11737,5716,17835,25776,47491,34610,0,0,7675,6186,20972,1997,5302,476,0,0,0,0,48478,1668,7090,0,0,0,0,0
605,12318,606.1056601838283,99844,16,8,105,47,34501,17914,0.5249689515644406,6,5,20397,18540,11689,5696,17785,25702,47508,34633,0,0,7655,6178,20981,1991,5309,476,0,0,0,0,48497,1662,7095,0,0,0,0,0
606,12318,607.2827962513553,99844,12,8,105,47,34502,17915,0.5249889828131886,5,5,20468,18623,11644,5669,17764,25646,47525,34655,0,0,7640,6159,21000,1989,5313,477,0,0,0,0,48510,1659,7097,0,0,0,0,0
607,12318,608.0362333116693,99844,13,9,105,47,34504,17918,0.5250390609350587,7,3,20531,18690,11610,5652,17732,25597,47542,34677,0,0,7616,6150,21009,1987,5314,479,0,0,0,0,48533,1656,7100,0,0,0,0,0
608,12318,609.4325448504134,99844,9,9,105,47,34505,17919,0.5250590921838068,8,3,20653,18822,11537,5632,17686,25485,47558,34699,0,0,7601,6137,21022,1982,5322,479,0,0,0,0,48545,1651,7105,0,0,0,0,0
609,12318,610.118725156572,99844,6,6,105,47,34505,17919,0.5250590921838068,9,3,20703,18877,11507,5624,17668,25441,47574,34720,0,0,7584,6123,21040,1977,5326,480,0,0,0,0,48558,1649,7107,0,0,0,0,0
610,12318,611.2027954184756,99844,9,5,105,47,34508,17919,0.5250891390569288,10,3,20863,19039,11429,5586,17582,25318,47590,34741,0,0,7566,6112,21052,1973,5330,480,0,0,0,0,48575,1645,7111,0,0,0,0,0
611,12318,612.0947794796082,99844,10,6,105,47,34510,17920,0.5251191859300509,8,2,20889,19059,11409,5577,17577,25307,47605,34761,0,0,7547,6102,21061,1968,5336,480,0,0,0,0,48594,1645,7111,0,0,0,0,0
612,12318,613.1299530256766,99844,12,7,105,47,34512,17921,0.5251492328031729,6,1,20970,19151,11372,5552,17533,25240,47620,34781,0,0,7533,6091,21072,1961,5343,480,0,0,0,0,48608,1642,7114,0,0,0,0,0
613,12318,614.6020190568942,99844,13,6,105,47,34515,17921,0.5251792796762951,7,1,21098,19318,11325,5518,17450,25108,47635,34801,0,0,7509,6086,21078,1958,5346,481,0,0,0,0,48630,1640,7116,0,0,0,0,0
614,12318,615.2842099188978,99844,13,6,105,47,34517,17921,0.525199310925043,5,1,21149,19363,11294,5505,17432,25076,47649,34820,0,0,7496,6072,21090,1960,5346,481,0,0,0,0,48643,1632,7124,0,0,0,0,0
615,12318,616.1899538300495,99844,14,5,105,47,34519,17921,0.5252193421737911,3,2,21264,19477,11244,5484,17368,24983,47663,34839,0,0,7482,6061,21101,1956,5351,481,0,0,0,0,48656,1628,7128,0,0,0,0,0
616,12318,617.1211099443968,99844,14,5,105,47,34520,17921,0.5252293577981652,2,2,21323,19537,11210,5467,17344,24940,47677,34858,0,0,7458,6053,21110,1955,5352,481,0,0,0,0,48679,1628,7128,0,0,0,0,0
617,12318,618.0728845759173,99844,13,4,105,47,34521,17922,0.5252493890469132,1,1,21401,19611,11168,5452,17310,24883,47691,34876,0,0,7443,6044,21121,1952,5356,481,0,0,0,0,48691,1623,7133,0,0,0,0,0
618,12318,619.2967197346456,99844,11,4,105,47,34521,17922,0.5252493890469132,2,1,21507,19711,11122,5429,17251,24806,47704,34894,0,0,7427,6034,21133,1952,5356,481,0,0,0,0,48705,1618,7138,0,0,0,0,0
619,12318,620.6107790700659,99844,11,4,105,47,34522,17922,0.5252594046712872,6,2,21641,19879,11068,5395,17167,24671,47717,34912,0,0,7417,6023,21145,1947,5361,481,0,0,0,0,48714,1613,7143,0,0,0,0,0
620,12318,621.2344492260363,99844,12,4,105,47,34523,17922,0.5252694202956613,5,2,21631,19880,11062,5393,17183,24672,47730,34929,0,0,7401,6014,21154,1944,5364,481,0,0,0,0,48730,1611,7145,0,0,0,0,0
621,12318,622.0021049113219,99844,8,4,105,47,34523,17922,0.5252694202956613,6,2,21704,19969,11019,5375,17156,24601,47743,34946,0,0,7387,6003,21166,1941,5369,481,0,0,0,0,48743,1608,7146,0,0,0,0,0
622,12318,623.4179624354239,99844,10,4,105,47,34526,17923,0.5253094827931574,3,1,21823,20100,10956,5345,17101,24501,47755,34963,0,0,7375,5994,21173,1937,5374,482,0,0,0,0,48755,1605,7149,0,0,0,0,0
623,12318,624.389887660949,99844,11,5,105,47,34527,17924,0.5253295140419054,2,2,21960,20243,10902,5309,17018,24392,47767,34979,0,0,7362,5987,21180,1934,5377,482,0,0,0,0,48768,1600,7154,0,0,0,0,0
624,12318,625.0047789285753,99844,12,6,105,47,34528,17925,0.5253495452906535,2,1,21964,20257,10889,5302,17026,24385,47779,34995,0,0,7349,5977,21190,1931,5380,482,0,0,0,0,48781,1598,7156,0,0,0,0,0
625,12318,626.518544336641,99843,8,4,106,47,34529,17925,0.5253648227717517,4,1,22111,20385,10829,5278,16940,24283,47791,35011,0,0,7338,5968,21203,1927,5384,483,0,0,0,0,48786,1595,7159,0,0,0,0,0
626,12318,627.4457705431329,99843,8,4,106,47,34530,17926,0.5253848542211271,4,0,22224,20510,10775,5251,16881,24186,47802,35026,0,0,7322,5961,21210,1925,5387,483,0,0,0,0,48801,1594,7160,0,0,0,0,0
627,12318,628.0535944805838,99843,7,4,106,47,34530,17926,0.5253848542211271,4,0,22231,20522,10763,5244,16887,24181,47813,35041,0,0,7307,5953,21217,1923,5390,483,0,0,0,0,48816,1593,7161,0,0,0,0,0
628,12318,629.1099069293548,99843,7,4,106,47,34531,17926,0.525394869945815,3,0,22358,20657,10709,5210,16815,24080,47824,35056,0,0,7293,5946,21225,1919,5394,483,0,0,0,0,48829,1592,7162,0,0,0,0,0
629,12318,630.0908560141555,99843,8,7,106,47,34533,17930,0.5254549642939415,26,21,22394,20726,10677,5188,16787,24009,47835,35071,0,0,7284,5935,21238,1915,5398,483,0,0,0,0,48836,1590,7164,0,0,0,0,0
630,12318,631.014119215797,99843,9,12,106,47,34535,17935,0.5255250743667558,27,19,22442,20773,10654,5170,16760,23977,47845,35085,0,0,7269,5930,21243,1914,5399,483,0,0,0,1,48850,1587,7167,0,0,0,0,0
631,12318,632.0507594105405,99843,17,11,106,47,34543,17937,0.5256252316136334,22,19,22534,20885,10610,5155,16709,23881,47855,35099,0,0,7256,5922,21251,1912,5402,483,0,0,0,3,48861,1586,7167,0,0,0,0,0
632,12318,633.0038242123288,99843,19,14,106,47,34548,17941,0.5257153731358233,19,17,22591,20936,10588,5143,16675,23841,47865,35113,0,0,7242,5916,21257,1911,5402,484,2,0,0,5,48871,1582,7171,0,0,0,0,0
633,12318,634.0953305723618,99843,22,15,106,47,34556,17945,0.5258355618320764,16,16,22691,21059,10542,5129,16621,23732,47875,35127,0,0,7228,5908,21264,1910,5405,485,3,0,0,8,48881,1580,7171,0,0,0,0,0
634,12318,635.1027687715756,99843,25,18,106,47,34564,17953,0.5259958134270806,18,11,22754,21186,10516,5104,16579,23632,47885,35140,0,0,7221,5899,21271,1906,5411,485,3,0,0,16,48880,1577,7174,0,0,0,0,0
635,12318,636.0204975156086,99843,27,16,106,47,34567,17954,0.5260358763258316,18,15,22800,21249,10490,5091,16557,23580,47895,35153,0,0,7207,5891,21278,1905,5413,485,3,0,0,19,48891,1577,7174,0,0,0,0,0
636,12318,637.0661294858319,99843,28,19,106,47,34571,17958,0.5261160021233336,18,15,22909,21363,10446,5067,16491,23487,47904,35166,0,0,7197,5881,21288,1903,5415,485,4,0,0,22,48897,1576,7175,0,0,0,0,0
637,12318,638.233728164112,99843,35,20,106,47,34580,17966,0.5262862694430256,25,12,23017,21490,10396,5052,16419,23377,47913,35179,0,0,7189,5874,21293,1900,5422,485,4,0,0,27,48900,1572,7177,0,0,0,0,0
638,12318,639.010894201126,99843,30,19,106,47,34583,17966,0.5263163166170888,30,14,23077,21572,10362,5030,16393,23316,47922,35191,0,0,7178,5868,21294,1897,5429,487,5,0,0,28,48909,1571,7177,0,0,0,0,0
639,12318,640.2789289230483,99843,30,17,106,47,34589,17968,0.5263964424145909,35,20,23160,21658,10330,5014,16337,23242,47931,35203,0,0,7163,5860,21297,1897,5434,487,6,0,0,31,48920,1571,7177,0,0,0,0,0
640,12318,641.2977552340947,99843,32,24,106,47,34597,17975,0.5265466782849073,38,14,23245,21748,10294,4992,16283,23173,47940,35215,0,0,7152,5853,21303,1897,5435,488,6,0,0,35,48927,1569,7178,0,0,0,0,0
641,12318,642.0152329466995,99843,36,24,106,47,34606,17978,0.5266668669811604,37,17,23326,21820,10260,4977,16233,23113,47948,35227,0,0,7144,5842,21309,1895,5442,488,7,0,0,36,48933,1568,7179,0,0,0,0,0
642,12318,643.1953234240984,99843,42,23,106,47,34615,17983,0.526807087126789,36,22,23449,21929,10205,4953,16160,23024,47956,35239,0,0,7133,5835,21315,1893,5445,488,7,0,0,44,48936,1568,7179,0,0,0,0,0
643,12318,644.0041471288752,99843,43,29,106,47,34618,17991,0.5269172600983544,42,19,23477,21960,10185,4945,16145,22998,47964,35250,0,0,7123,5832,21318,1893,5444,489,7,0,0,48,48942,1563,7184,0,0,0,0,0
644,12318,645.1865114846713,99843,47,32,106,47,34631,17999,0.5271275903167973,54,18,23574,22077,10133,4922,16084,22902,47972,35261,0,0,7113,5824,21319,1894,5453,489,9,0,0,50,48948,1559,7185,0,0,0,0,0
645,12318,646.1433158294735,99843,62,35,106,47,34650,18005,0.5273779834339913,47,18,23637,22157,10100,4917,16046,22824,47980,35272,0,0,7097,5822,21320,1892,5457,489,11,0,0,53,48959,1558,7185,0,0,0,0,0
646,12318,647.1359661549851,99843,65,31,106,47,34657,18012,0.52751820357962,57,17,23698,22221,10066,4910,16006,22772,47988,35283,0,0,7087,5814,21325,1892,5460,490,11,0,0,63,48959,1557,7185,0,0,0,0,0
647,12318,648.2019076612257,99843,76,36,106,47,34679,18021,0.5278286910449406,56,21,23781,22327,10035,4893,15944,22674,47996,35294,0,0,7073,5809,21324,1892,5465,492,13,0,0,67,48967,1555,7186,0,0,0,0,0
648,12318,649.1341397469373,99843,82,34,106,47,34701,18026,0.52809911561151,53,28,23835,22405,10019,4879,15903,22605,48003,35305,0,0,7065,5798,21328,1891,5473,493,16,0,0,77,48962,1553,7187,0,0,0,0,0
649,12318,650.0643347474148,99843,79,31,106,47,34711,18028,0.5282193043077632,64,32,23894,22479,9991,4871,15864,22538,48010,35315,0,0,7056,5791,21331,1889,5479,494,17,0,0,86,48961,1551,7188,0,0,0,0,0
650,12318,651.3005422525464,99843,72,32,106,47,34726,18036,0.5284496659755816,70,34,24002,22591,9966,4858,15782,22436,48017,35325,0,0,7047,5777,21334,1895,5490,494,19,0,0,96,48958,1549,7184,0,0,0,0,0
651,12318,652.224350244301,99843,79,31,106,47,34745,18041,0.5286900433680879,69,37,24055,22677,9947,4847,15742,22359,48024,35335,0,0,7036,5771,21336,1896,5494,496,21,0,0,103,48960,1546,7184,0,0,0,0,0
652,12318,653.1457885348397,99843,87,35,106,47,34765,18047,0.5289504522099696,74,36,24108,22754,9929,4834,15694,22292,48031,35345,0,0,7029,5764,21337,1895,5501,497,22,0,0,108,48961,1543,7186,0,0,0,0,0
653,12318,654.0650816519119,99843,89,39,106,47,34786,18058,0.5292709553999779,72,33,24178,22827,9904,4825,15649,22227,48038,35355,0,0,7017,5758,21336,1895,5508,498,25,0,0,122,48956,1541,7187,0,0,0,0,0
654,12318,655.2868122976251,99843,94,41,106,47,34806,18064,0.5295313642418598,76,42,24266,22916,9877,4812,15579,22140,48045,35365,0,0,7002,5753,21337,1895,5511,500,28,0,0,131,48959,1541,7186,0,0,0,0,0
655,12318,656.2000208222779,99843,97,49,106,47,34823,18077,0.5298318359824925,78,40,24331,22977,9848,4800,15538,22085,48052,35374,0,0,6986,5750,21335,1895,5516,500,33,0,0,140,48961,1539,7188,0,0,0,0,0
656,12318,657.1107306835282,99843,90,54,106,47,34835,18085,0.5300321504762477,77,44,24386,23032,9833,4787,15506,22034,48058,35383,0,0,6975,5741,21339,1894,5520,503,37,0,0,146,48962,1538,7188,0,0,0,0,0
657,12318,658.019385461976,99843,90,51,106,47,34853,18089,0.5302524964193784,77,52,24462,23097,9804,4776,15459,21975,48064,35392,0,0,6964,5734,21338,1896,5527,503,39,0,0,159,48958,1536,7189,0,0,0,0,0
658,12318,659.2264428932881,99843,96,61,106,47,34874,18106,0.5306330939575133,80,49,24554,23186,9778,4768,15384,21887,48070,35401,0,0,6954,5727,21338,1898,5532,504,42,0,0,169,48955,1533,7191,0,0,0,0,0
659,12318,660.1287674290614,99843,97,61,106,47,34886,18114,0.5308334084512685,98,51,24606,23252,9752,4763,15339,21824,48076,35410,0,0,6943,5720,21341,1899,5535,505,44,0,0,180,48953,1533,7190,0,0,0,0,0
660,12318,661.0289774383328,99843,105,67,106,47,34905,18125,0.5311338801919013,106,57,24660,23324,9728,4749,15293,21754,48082,35419,0,0,6928,5717,21341,1900,5540,505,49,0,0,185,48958,1530,7190,0,0,0,0,0
661,12318,662.225524979415,99843,121,67,106,47,34945,18142,0.5317047764991036,106,56,24750,23426,9691,4748,15224,21654,48088,35428,0,0,6912,5711,21334,1900,5555,506,55,0,0,201,48952,1529,7188,0,0,0,0,0
662,12318,663.1198948625226,99843,118,71,106,47,34966,18156,0.5320553268631751,112,63,24800,23511,9678,4742,15184,21564,48094,35436,0,0,6902,5697,21336,1907,5559,508,60,0,0,215,48943,1527,7189,0,0,0,0,0
663,12318,664.012458525912,99843,128,79,106,47,34990,18174,0.5324759873000611,108,59,24850,23583,9666,4738,15140,21492,48100,35444,0,0,6894,5690,21337,1906,5566,510,62,0,0,227,48937,1527,7187,0,0,0,0,0
664,12318,665.1996131114406,99843,127,78,106,47,35018,18186,0.5328766162875714,117,71,24925,23662,9637,4735,15086,21405,48106,35452,0,0,6886,5684,21329,1907,5584,511,63,0,0,245,48926,1524,7184,0,0,0,0,0
665,12318,666.0874743673178,99843,133,84,106,47,35040,18205,0.5332872609997696,131,70,24981,23728,9619,4734,15028,21335,48112,35460,0,0,6875,5681,21326,1907,5593,512,65,0,0,260,48920,1521,7183,0,0,0,0,0
666,12318,667.268128376858,99843,138,91,106,47,35068,18221,0.533727952886031,151,73,25027,23831,9602,4720,14974,21236,48117,35468,0,0,6862,5678,21323,1908,5601,513,69,0,0,277,48912,1519,7181,0,0,0,0,0
667,12318,668.1518506621364,99843,143,89,106,47,35102,18232,0.5341786604969803,148,75,25068,23893,9601,4719,14932,21175,48122,35476,0,0,6852,5671,21319,1910,5612,515,74,0,0,296,48897,1516,7181,0,0,0,0,0
668,12318,669.0341370443128,99843,160,95,106,47,35136,18248,0.5346794467313682,150,80,25127,23955,9578,4710,14877,21111,48127,35484,0,0,6844,5662,21320,1913,5616,517,77,0,0,309,48889,1514,7182,0,0,0,0,0
669,12318,670.2068906864419,99843,175,102,106,47,35173,18275,0.5353204531113849,149,73,25197,24036,9555,4706,14816,21034,48132,35492,0,0,6835,5654,21323,1914,5625,519,83,0,0,330,48871,1510,7179,0,0,0,0,0
670,12318,671.0842051354949,99843,207,100,106,47,35220,18289,0.5359314123173382,147,78,25236,24092,9528,4704,14774,20977,48137,35499,0,0,6829,5643,21323,1918,5631,521,84,0,0,345,48861,1509,7179,0,0,0,0,0
671,12318,672.2512189700585,99843,216,105,106,47,35262,18310,0.5365624029726671,164,84,25286,24166,9516,4704,14710,20892,48142,35506,0,0,6818,5638,21313,1921,5644,523,88,0,0,370,48843,1506,7179,0,0,0,0,0
672,12318,673.1246167643374,99843,227,109,106,47,35295,18328,0.5370732049317428,171,91,25349,24211,9494,4704,14651,20836,48147,35513,0,0,6810,5633,21309,1920,5656,524,92,0,0,387,48830,1502,7180,0,0,0,0,0
673,12318,674.2857596027727,99843,237,110,106,47,35350,18350,0.5378444157327004,164,103,25404,24317,9501,4693,14586,20728,48152,35520,0,0,6794,5626,21297,1923,5672,525,100,0,0,422,48803,1500,7181,0,0,0,0,0
674,12318,675.1547423687541,99842,250,124,107,47,35386,18374,0.5384507521884577,191,100,25442,24373,9481,4681,14527,20673,48157,35527,0,0,6785,5621,21289,1924,5687,525,100,0,0,437,48797,1500,7177,0,0,0,0,0
675,12318,676.0221493141925,99841,252,128,107,48,35427,18394,0.5390671167155777,200,103,25471,24431,9487,4673,14481,20615,48162,35534,0,0,6775,5611,21286,1926,5703,528,106,0,0,459,48778,1499,7170,0,0,0,0,0
676,12318,677.1768486814873,99841,288,136,107,48,35495,18426,0.5400687092477039,197,104,25511,24516,9475,4673,14420,20521,48167,35541,0,0,6761,5606,21277,1929,5719,529,112,0,0,487,48758,1496,7167,0,0,0,0,0
677,12318,678.0413759159794,99841,291,142,107,48,35540,18449,0.5407497921695495,217,107,25545,24574,9478,4676,14360,20451,48172,35548,0,0,6746,5600,21269,1931,5730,533,120,0,0,517,48735,1495,7165,0,0,0,0,0
678,12318,679.1917856348617,99841,318,145,107,48,35606,18482,0.5417413687763544,222,104,25590,24644,9468,4688,14293,20369,48176,35555,0,0,6738,5592,21262,1935,5748,536,123,0,0,552,48703,1492,7160,0,0,0,0,0
679,12318,680.0530245783408,99840,320,153,108,48,35656,18508,0.5425080128205129,229,117,25618,24704,9475,4684,14248,20292,48180,35561,0,0,6732,5581,21254,1941,5768,539,126,0,0,580,48677,1488,7154,0,0,0,0,0
680,12318,681.1995159694278,99840,330,151,108,48,35722,18534,0.5434294871794871,242,142,25661,24780,9486,4684,14171,20193,48184,35567,0,0,6719,5573,21241,1943,5786,546,136,0,0,617,48642,1485,7152,0,0,0,0,0
681,12318,682.0578557751116,99840,338,161,108,48,35777,18560,0.5442407852564103,263,151,25674,24825,9492,4680,14123,20133,48188,35573,0,0,6712,5564,21232,1943,5809,547,142,0,0,645,48615,1482,7149,0,0,0,0,0
682,12318,683.2007929594876,99840,362,171,108,48,35852,18598,0.5453725961538461,278,167,25709,24888,9495,4681,14046,20043,48192,35579,0,0,6703,5557,21221,1940,5830,552,147,0,0,687,48577,1482,7144,0,0,0,0,0
683,12318,684.0565099523121,99839,383,181,108,49,35920,18631,0.5463896873967087,280,187,25733,24919,9496,4693,13998,19969,48196,35585,0,0,6691,5547,21206,1944,5852,555,153,0,0,714,48555,1481,7141,0,0,0,0,0
684,12318,685.1956101447895,99839,405,194,108,49,36005,18679,0.5477218321497611,266,189,25780,24988,9515,4702,13924,19876,48200,35591,0,0,6681,5535,21189,1954,5874,560,158,0,0,763,48510,1477,7138,0,0,0,0,0
685,12318,686.0484029792897,99839,407,206,108,49,36051,18713,0.5485231222267851,293,185,25812,25041,9517,4712,13861,19805,48204,35597,0,0,6669,5528,21181,1960,5891,562,165,0,0,795,48483,1473,7132,0,0,0,0,0
686,12318,687.1834186077161,99839,421,222,108,49,36142,18768,0.549985476617354,300,183,25836,25108,9543,4732,13790,19704,48208,35603,0,0,6659,5515,21165,1971,5918,568,171,0,0,851,48430,1466,7125,0,0,0,0,0
687,12318,688.0336088125912,99839,448,233,108,49,36219,18805,0.5511273149771132,310,201,25854,25135,9552,4743,13726,19637,48212,35609,0,0,6649,5510,21149,1973,5944,573,175,0,0,880,48407,1461,7118,0,0,0,0,0
688,12318,689.1654665824258,99839,467,260,108,49,36302,18875,0.5526597822494216,336,182,25880,25192,9563,4763,13644,19552,48216,35615,0,0,6635,5495,21135,1987,5960,582,183,0,0,929,48363,1457,7113,0,0,0,0,0
689,12318,690.01312956711,99839,488,271,108,49,36369,18915,0.5537315077274412,355,191,25907,25236,9574,4773,13566,19478,48220,35621,0,0,6628,5483,21122,1999,5978,585,187,0,0,964,48331,1450,7112,0,0,0,0,0
690,12318,691.1416206960879,99839,501,285,108,49,36461,18966,0.5551638137401216,409,206,25905,25303,9596,4787,13479,19368,48224,35626,0,0,6610,5474,21098,2008,6010,587,199,0,0,1018,48282,1445,7108,0,0,0,0,0
691,12318,692.2688585403664,99839,538,298,108,49,36578,19025,0.5569266519095745,425,215,25918,25344,9621,4810,13388,19282,48228,35631,0,0,6591,5466,21079,2013,6037,594,213,0,0,1082,48223,1442,7099,0,0,0,0,0
692,12318,693.1134461188499,99839,554,292,108,49,36668,19066,0.5582387644107012,445,236,25912,25375,9656,4833,13323,19213,48232,35636,0,0,6576,5458,21052,2016,6071,600,224,0,0,1140,48169,1440,7093,0,0,0,0,0
693,12318,694.2391239073798,99838,586,329,109,49,36784,19149,0.5602375848875177,500,237,25892,25428,9673,4843,13238,19112,48236,35641,0,0,6559,5445,21030,2024,6103,604,237,0,0,1204,48109,1437,7086,0,0,0,0,0
694,12318,695.0830784031151,99837,609,339,109,50,36881,19210,0.5618257760149042,523,225,25893,25471,9701,4872,13163,19041,48240,35646,0,0,6548,5436,21009,2027,6134,614,245,0,0,1260,48054,1433,7077,0,0,0,0,0
695,12318,696.2076307241911,99837,672,340,109,50,37035,19259,0.563859090317217,534,250,25876,25510,9732,4896,13075,18952,48243,35651,0,0,6530,5423,20984,2041,6174,617,257,0,0,1323,47996,1428,7064,0,0,0,0,0
696,12318,697.0506561762323,99836,671,344,110,50,37126,19312,0.5653071036499859,567,261,25851,25531,9778,4930,13021,18882,48246,35656,0,0,6517,5407,20962,2052,6210,622,268,0,0,1389,47930,1423,7056,0,0,0,0,0
697,12318,698.1749774574656,99835,720,362,111,50,37280,19384,0.5675765012270246,587,256,25854,25561,9812,4959,12914,18810,48249,35661,0,0,6498,5387,20929,2064,6257,626,284,0,0,1455,47866,1419,7050,0,0,0,0,0
698,12318,699.0176110159899,99834,738,364,112,50,37388,19437,0.5691948634733658,614,272,25831,25592,9852,4990,12851,18730,48252,35666,0,0,6481,5365,20913,2080,6297,629,298,0,0,1511,47811,1413,7036,0,0,0,0,0
699,12318,700.1410357604361,99834,788,373,112,50,37556,19513,0.5716389206082096,623,299,25812,25626,9903,5029,12760,18621,48255,35671,0,0,6451,5349,20889,2092,6336,634,325,0,0,1604,47721,1408,7025,0,0,0,0,0
700,12318,701.2645656845224,99833,827,405,113,50,37720,19611,0.5742690292788958,651,282,25787,25658,9956,5073,12664,18530,48258,35676,0,0,6432,5328,20851,2112,6393,640,339,0,0,1682,47644,1401,7011,0,0,0,0,0
701,12318,702.107327276508,99833,853,428,113,50,37860,19672,0.5762823915939619,676,297,25754,25689,9998,5088,12604,18446,48261,35681,0,0,6420,5314,20825,2125,6430,647,346,0,0,1757,47571,1396,7002,0,0,0,0,0
702,12318,703.2317253670533,99832,881,449,114,50,38033,19754,0.5788424553249459,754,323,25672,25711,10058,5130,12519,18335,48264,35686,0,0,6393,5293,20783,2142,6492,652,368,0,0,1844,47485,1393,6987,0,0,0,0,0
703,12318,704.0761299559243,99832,932,465,114,50,38199,19834,0.5813065950797339,746,311,25650,25738,10109,5170,12447,18264,48267,35691,0,0,6374,5275,20758,2160,6522,661,383,0,0,1935,47396,1385,6983,0,0,0,0,0
704,12318,705.2023881129852,99831,1000,477,115,50,38414,19920,0.5843275134978113,779,347,25593,25760,10162,5216,12349,18148,48270,35696,0,0,6350,5260,20720,2174,6573,673,401,0,0,2040,47293,1380,6967,0,0,0,0,0
705,12318,706.0475881112221,99831,1041,498,115,50,38569,19989,0.5865713055063057,815,372,25537,25775,10224,5233,12266,18070,48273,35700,0,0,6333,5241,20688,2195,6622,677,411,0,0,2108,47229,1375,6952,0,0,0,0,0
706,12318,707.1755171392335,99831,1119,541,115,50,38814,20104,0.5901773998056716,810,403,25465,25802,10322,5271,12167,17931,48276,35704,0,0,6307,5221,20636,2213,6690,688,431,0,0,2210,47130,1371,6934,0,0,0,0,0
707,12318,708.0227338418057,99830,1144,553,116,50,38983,20192,0.5927576880697185,827,420,25420,25806,10400,5320,12091,17849,48279,35708,0,0,6279,5199,20601,2233,6749,692,453,0,0,2312,47029,1368,6915,0,0,0,0,0
708,12318,709.1540186569581,99829,1204,584,117,50,39227,20309,0.5963798094742009,879,463,25306,25778,10505,5376,11987,17747,48282,35712,0,0,6260,5176,20547,2251,6814,710,467,0,0,2435,46904,1363,6902,0,0,0,0,0
709,12318,710.0044526531675,99829,1241,614,117,50,39407,20416,0.5992547255807431,919,470,25233,25776,10576,5432,11912,17656,48285,35716,0,0,6238,5160,20508,2264,6872,717,484,0,0,2545,46797,1358,6886,0,0,0,0,0
710,12318,711.1406267967327,99829,1283,654,117,50,39663,20556,0.6032215087800138,987,493,25132,25762,10688,5493,11791,17546,48288,35720,0,0,6203,5132,20455,2290,6948,734,514,0,0,2679,46664,1349,6861,0,0,0,0,0
711,12318,712.2796759150924,99828,1339,697,118,50,39945,20711,0.6076050807388709,1034,529,25024,25744,10811,5573,11672,17405,48291,35724,0,0,6167,5107,20391,2310,7038,749,546,0,0,2831,46510,1343,6836,0,0,0,0,0
712,12318,713.1356771538983,99827,1399,748,118,51,40180,20826,0.6111172328127661,1043,537,24945,25753,10914,5604,11579,17305,48294,35728,0,0,6139,5088,20350,2325,7084,764,572,0,0,2944,46396,1337,6828,0,0,0,0,0
713,12318,714.2794678117044,99825,1454,802,119,52,40489,20997,0.6159378913097922,1048,561,24848,25730,11062,5687,11467,17166,48297,35732,0,0,6088,5055,20295,2353,7168,781,618,0,0,3101,46233,1328,6805,0,0,0,0,0
714,12318,715.1393861539086,99825,1498,827,119,52,40721,21120,0.6194941147007262,1084,572,24746,25716,11162,5759,11389,17072,48300,35736,0,0,6054,5037,20240,2366,7239,794,649,0,0,3236,46097,1323,6790,0,0,0,0,0
715,12318,716.0017370793706,99824,1560,842,120,52,40965,21246,0.6232068440455201,1125,599,24659,25710,11251,5836,11283,16959,48303,35740,0,0,6026,5023,20175,2378,7312,815,673,0,0,3363,45970,1312,6777,0,0,0,0,0
716,12318,717.154577868706,99823,1653,886,121,52,41314,21435,0.628602626649169,1180,584,24498,25724,11393,5944,11153,16808,48306,35744,0,0,6002,4989,20098,2414,7423,829,691,0,0,3550,45779,1299,6749,0,0,0,0,0
717,12318,718.0222784452989,99821,1707,921,123,52,41580,21575,0.6326825016780037,1213,600,24408,25694,11493,6022,11054,16709,48309,35748,0,0,5965,4963,20041,2438,7505,841,722,0,0,3693,45636,1296,6721,0,0,0,0,0
718,12318,719.1825264468313,99818,1801,962,126,52,41953,21757,0.6382616361778437,1272,652,24247,25665,11641,6125,10911,16542,48312,35752,0,0,5919,4935,19960,2463,7613,860,761,0,0,3878,45447,1287,6695,0,0,0,0,0
719,12318,720.0558346157711,99818,1882,978,126,52,42231,21904,0.6425193852812118,1343,686,24129,25624,11731,6224,10787,16434,48314,35756,0,0,5896,4901,19906,2490,7696,870,781,0,0,4044,45280,1283,6671,0,0,0,0,0
720,12318,721.2248337012691,99818,1986,1015,126,52,42649,22115,0.6488208539541966,1433,730,23891,25572,11909,6353,10653,16276,48316,35760,0,0,5851,4870,19818,2521,7816,901,821,0,0,4252,45063,1271,6634,0,0,0,0,0
721,12318,722.1066231048968,99818,2033,1056,126,52,42953,22270,0.6534192229858342,1515,779,23746,25519,12029,6437,10549,16155,48318,35764,0,0,5814,4843,19746,2550,7911,924,852,0,0,4400,44907,1261,6610,0,0,0,0,0
722,12318,723.2882163413684,99818,2121,1107,126,52,43380,22501,0.6600112204211666,1598,810,23564,25451,12190,6571,10399,16007,48320,35768,0,0,5767,4805,19658,2585,8051,950,895,0,0,4619,44678,1249,6561,0,0,0,0,0
723,12318,724.178203651028,99817,2220,1153,127,52,43742,22677,0.6654076960838334,1621,869,23410,25385,12334,6661,10286,15878,48322,35772,0,0,5735,4782,19583,2613,8170,963,924,0,0,4791,44498,1233,6525,0,0,0,0,0
724,12318,725.0719864183702,99816,2313,1194,128,52,44107,22867,0.6709745932515829,1687,888,23243,25333,12464,6772,10163,15759,48324,35775,0,0,5704,4748,19496,2639,8272,993,952,0,0,4973,44309,1229,6501,0,0,0,0,0
725,12318,726.2710571918785,99815,2403,1274,129,52,44601,23140,0.6786655312327806,1779,894,22976,25246,12702,6918,10009,15614,48326,35778,0,0,5635,4709,19393,2676,8411,1037,1014,0,0,5206,44066,1211,6457,0,0,0,0,0
726,12318,727.1768549990074,99812,2467,1332,131,53,45001,23354,0.6848374944896405,1813,917,22812,25193,12894,7022,9881,15481,48328,35781,0,0,5578,4678,19293,2697,8549,1068,1064,0,0,5384,43872,1203,6426,0,0,0,0,0
727,12318,728.0878486037067,99809,2599,1356,134,53,45451,23560,0.6914306325080904,1852,968,22578,25117,13066,7150,9769,15354,48330,35784,0,0,5529,4642,19212,2723,8655,1102,1108,0,0,5601,43644,1194,6399,0,0,0,0,0
728,12318,729.0057611168612,99806,2675,1417,136,54,45903,23798,0.6983648277658657,1869,1007,22384,25028,13299,7277,9635,15215,48332,35787,0,0,5467,4609,19111,2747,8799,1129,1165,0,0,5837,43395,1188,6359,0,0,0,0,0
729,12318,730.2386206923564,99805,2879,1440,137,54,46539,24114,0.7079104253293923,1900,1053,22113,24906,13514,7498,9455,15047,48334,35790,0,0,5402,4556,18989,2801,8990,1160,1223,0,0,6147,43064,1170,6303,0,0,0,0,0
730,12318,731.170704046848,99803,2952,1499,138,55,46993,24372,0.7150586655711753,1991,1085,21867,24828,13741,7635,9309,14896,48336,35793,0,0,5350,4517,18883,2832,9144,1192,1270,0,0,6390,42806,1158,6261,0,0,0,0,0
731,12318,732.1106031513312,99800,3023,1516,141,55,47453,24619,0.7221643286573146,2071,1125,21625,24716,13955,7815,9183,14771,48338,35796,0,0,5297,4480,18773,2861,9299,1232,1316,0,0,6649,42524,1151,6218,0,0,0,0,0
732,12318,733.0589408287659,99798,3064,1597,143,55,47921,24890,0.729583759193571,2161,1133,21404,24633,14203,7942,9023,14638,48340,35799,0,0,5230,4438,18658,2891,9468,1269,1371,0,0,6878,42274,1144,6177,0,0,0,0,0
733,12318,734.0149882545824,99796,3169,1668,145,55,48452,25167,0.7376948975910859,2197,1165,21182,24517,14400,8093,8905,14500,48342,35802,0,0,5179,4387,18546,2940,9636,1306,1413,0,0,7117,42006,1132,6134,0,0,0,0,0
734,12318,735.3017355641751,99794,3273,1729,145,57,49138,25560,0.7485219552277692,2264,1214,20881,24349,14695,8349,8740,14300,48344,35805,0,0,5105,4319,18368,3010,9879,1359,1473,0,0,7480,41610,1120,6071,0,0,0,0,0
735,12318,736.2764056360716,99790,3313,1832,149,57,49676,25903,0.7573804990480008,2278,1206,20645,24238,15015,8509,8598,14156,48346,35808,0,0,5033,4261,18231,3067,10066,1409,1538,0,0,7750,41310,1102,6023,0,0,0,0,0
736,12318,737.2609488664373,99788,3410,1878,150,58,50269,26202,0.7663346294143585,2315,1219,20378,24121,15293,8695,8452,14027,48348,35811,0,0,4974,4216,18097,3110,10258,1451,1586,0,0,8059,40965,1091,5981,0,0,0,0,0
737,12318,738.255409361,99786,3472,1912,152,58,50828,26513,0.7750686469043754,2370,1250,20146,23990,15574,8901,8284,13887,48350,35814,0,0,4918,4157,17965,3169,10439,1498,1633,0,0,8382,40615,1067,5943,0,0,0,0,0
738,12318,739.259813043719,99783,3597,1965,154,59,51457,26836,0.784632652856699,2335,1313,19918,23831,15865,9100,8129,13730,48352,35817,0,0,4861,4108,17819,3211,10628,1544,1681,0,0,8718,40251,1055,5907,0,0,0,0,0
739,12318,740.2738195126527,99780,3694,2014,156,60,52086,27199,0.7945981158548807,2367,1357,19656,23671,16149,9329,7976,13567,48354,35820,0,0,4796,4058,17666,3260,10849,1602,1730,0,0,9048,39887,1043,5841,0,0,0,0,0
740,12318,741.2992487949384,99779,3792,2043,157,60,52716,27552,0.8044578518525942,2420,1383,19379,23512,16430,9579,7820,13421,48356,35823,0,0,4748,4002,17514,3308,11083,1657,1769,0,0,9383,39504,1029,5782,0,0,0,0,0
741,12318,742.3364453131488,99775,3854,2121,159,62,53360,27912,0.8145527436732648,2437,1413,19133,23364,16763,9771,7652,13267,48358,35826,0,0,4682,3958,17349,3357,11323,1708,1820,0,0,9704,39128,1011,5735,0,0,0,0,0
742,12318,743.0341427777336,99774,3917,2182,160,62,53812,28190,0.821877443021228,2452,1416,18933,23246,16982,9926,7554,13166,48360,35829,0,0,4633,3914,17254,3392,11461,1752,1860,0,0,9945,38859,1001,5703,0,0,0,0,0
743,12318,744.092313649244,99770,3988,2177,162,64,54444,28512,0.8314723864889245,2581,1528,18649,23084,17249,10147,7369,12998,48362,35832,0,0,4562,3854,17093,3444,11723,1793,1914,0,0,10273,38477,982,5655,0,0,0,0,0
744,12318,745.1631015591926,99766,4077,2239,165,65,55132,28923,0.8425215003107271,2621,1561,18351,22929,17550,10391,7234,12813,48364,35835,0,0,4477,3789,16961,3505,11923,1870,1983,0,0,10641,38067,966,5584,0,0,0,0,0
745,12318,746.2485714943537,99760,4122,2281,169,67,55844,29347,0.8539595028067362,2631,1541,18095,22773,17916,10669,7065,12667,48366,35838,0,0,4397,3729,16785,3557,12191,1946,2047,0,0,11018,37620,947,5523,0,0,0,0,0
746,12318,747.3473309463656,99755,4122,2342,173,68,56519,29790,0.865209763921608,2697,1557,17802,22609,18283,10929,6921,12493,48368,35841,0,0,4312,3659,16602,3609,12451,2025,2109,0,0,11406,37173,935,5474,0,0,0,0,0
747,12318,748.0742967145308,99752,4202,2382,176,68,56994,30072,0.8728246050204507,2746,1552,17599,22508,18449,11090,6826,12398,48370,35844,0,0,4272,3616,16495,3652,12615,2069,2137,0,0,11632,36896,924,5444,0,0,0,0,0
748,12318,749.148849089947,99752,4314,2446,176,68,57777,30480,0.8847642152538295,2696,1597,17335,22335,18813,11323,6664,12229,48372,35847,0,0,4193,3544,16324,3732,12860,2163,2194,0,0,11950,36509,902,5381,0,0,0,0,0
749,12318,750.2018943556872,99749,4356,2491,176,71,58482,30912,0.8961894354830625,2843,1596,17013,22193,19113,11598,6497,12049,48374,35850,0,0,4109,3476,16150,3789,13133,2241,2261,0,0,12304,36077,887,5322,0,0,0,0,0
750,12318,751.2341628588846,99747,4368,2500,177,72,59200,31306,0.907355609692522,2856,1647,16738,22030,19489,11855,6370,11894,48376,35853,0,0,4033,3404,15974,3845,13422,2344,2325,0,0,12632,35666,866,5236,0,0,0,0,0
751,12318,752.2462537888315,99743,4436,2534,181,72,59933,31702,0.9187110874948617,2827,1716,16507,21880,19821,12070,6226,11726,48378,35856,0,0,3968,3337,15812,3887,13696,2440,2370,0,0,12950,35266,856,5161,0,0,0,0,0
752,12318,753.2404404535434,99741,4520,2568,182,73,60648,32094,0.9298282551809186,2843,1753,16261,21719,20121,12306,6071,11579,48380,35859,0,0,3904,3271,15666,3953,13939,2525,2412,0,0,13265,34868,837,5101,0,0,0,0,0
753,12318,754.2178105464742,99741,4614,2632,182,73,61351,32509,0.9410372865722221,2838,1783,16021,21555,20401,12522,5942,11433,48382,35861,0,0,3825,3211,15542,3999,14164,2599,2469,0,0,13609,34464,823,5036,0,0,0,0,0
754,12318,755.1802556433162,99739,4694,2711,183,74,62027,32949,0.9522453603906195,2876,1781,15791,21391,20648,12755,5806,11286,48384,35863,0,0,3772,3154,15361,4039,14434,2682,2508,0,0,13910,34086,809,4984,0,0,0,0,0
755,12318,756.1287496370635,99738,4724,2740,184,74,62704,33351,0.9630732519200305,2852,1799,15570,21228,20989,13007,5679,11150,48386,35865,0,0,3695,3090,15177,4094,14711,2777,2563,0,0,14197,33718,794,4922,0,0,0,0,0
756,12318,757.0622779459786,99738,4814,2789,184,74,63390,33745,0.9739016222502958,2897,1845,15336,21045,21206,13238,5561,11007,48388,35867,0,0,3639,3027,15054,4142,14923,2878,2603,0,0,14491,33346,779,4856,0,0,0,0,0
757,12318,758.2861206193439,99737,4821,2877,185,74,64253,34330,0.9884295697684912,2875,1815,15071,20835,21649,13565,5397,10832,48390,35869,0,0,3542,2951,14841,4203,15248,3019,2672,0,0,14897,32826,761,4777,0,0,0,0,0
758,12318,759.1879089588336,99735,4875,2953,187,74,64910,34748,0.9992279540783076,2915,1850,14829,20669,21919,13766,5273,10686,48392,35871,0,0,3483,2906,14709,4242,15455,3120,2705,0,0,15202,32444,745,4724,0,0,0,0,0
759,12318,760.0769691082453,99735,4972,2992,187,74,65570,35150,1.0098761718554168,2917,1873,14613,20516,22147,13989,5162,10554,48394,35873,0,0,3412,2861,14573,4274,15690,3215,2754,0,0,15468,32096,737,4655,0,0,0,0,0
760,12318,761.2449506858534,99730,4955,3044,189,77,66399,35676,1.023513486413316,2951,1854,14332,20347,22559,14278,5012,10398,48396,35875,0,0,3322,2781,14367,4332,16007,3354,2816,0,0,15849,31595,724,4583,0,0,0,0,0
761,12318,762.106883627732,99729,4988,3025,190,77,67039,36059,1.0337815479950667,2932,1849,14143,20214,22842,14544,4903,10289,48398,35877,0,0,3260,2726,14217,4375,16256,3458,2853,0,0,16137,31213,707,4527,0,0,0,0,0
762,12318,763.239409085697,99726,5022,2990,192,78,67886,36539,1.047119106351403,2957,1910,13866,20030,23183,14869,4778,10121,48400,35879,0,0,3175,2665,14014,4417,16610,3584,2904,0,0,16539,30690,696,4432,0,0,0,0,0
763,12318,764.0768447234751,99723,5017,3007,194,79,68497,36923,1.057128245239313,2924,1898,13690,19913,23479,15099,4694,10002,48402,35881,0,0,3113,2620,13877,4438,16865,3688,2943,0,0,16782,30329,679,4389,0,0,0,0,0
764,12318,765.1775049479509,99720,5075,3018,196,80,69351,37390,1.0704071399919775,2870,1938,13470,19716,23823,15392,4564,9854,48403,35883,0,0,3043,2557,13687,4492,17195,3817,2980,0,0,17098,29868,658,4325,0,0,0,0,0
765,12318,766.2620854471098,99715,4990,3085,199,82,70042,37908,1.082585368299654,2969,1920,13266,19540,24143,15675,4431,9696,48404,35885,0,0,2980,2489,13496,4525,17530,3959,3007,0,0,17376,29447,644,4262,0,0,0,0,0
766,12318,767.0661465822295,99711,5008,3099,200,85,70617,38285,1.092176389766425,2957,1878,13094,19432,24379,15912,4360,9592,48405,35887,0,0,2929,2447,13361,4551,17763,4057,3038,0,0,17629,29091,634,4211,0,0,0,0,0
767,12318,768.126155720101,99705,5039,3168,202,89,71416,38802,1.1054410511007473,2959,1887,12859,19261,24691,16152,4248,9441,48406,35889,0,0,2866,2386,13185,4571,18093,4195,3076,0,0,17908,28664,618,4143,0,0,0,0,0
768,12318,769.1714901765754,99703,5066,3223,204,89,72177,39314,1.1182311465051202,2927,1867,12667,19099,25000,16432,4134,9288,48407,35891,0,0,2807,2336,13000,4606,18415,4337,3098,0,0,18184,28245,609,4066,0,0,0,0,0
769,12318,770.2029182976194,99700,5076,3241,207,89,72965,39793,1.1309729187562687,2898,1890,12450,18939,25329,16701,4038,9138,48408,35893,0,0,2722,2270,12820,4634,18740,4477,3153,0,0,18479,27819,599,3987,0,0,0,0,0
770,12318,771.2220251565155,99700,5088,3218,207,89,73669,40271,1.142828485456369,2947,1885,12261,18815,25548,16981,3947,9010,48409,35895,0,0,2658,2214,12640,4676,19041,4629,3189,0,0,18736,27406,587,3924,0,0,0,0,0
771,12318,772.2314191578077,99698,5081,3226,208,90,74385,40753,1.1548677004553751,2949,1873,12075,18681,25830,17245,3855,8883,48410,35897,0,0,2595,2163,12480,4717,19313,4791,3215,0,0,18998,26988,567,3871,0,0,0,0,0
772,12318,773.2300841735913,99697,5105,3175,209,90,75110,41213,1.1667652988555324,2953,1879,11889,18532,26066,17571,3776,8751,48411,35899,0,0,2538,2115,12319,4742,19596,4951,3232,0,0,19277,26553,557,3817,0,0,0,0,0
773,12318,774.2195481134008,99689,5158,3182,213,94,75847,41658,1.1787158061571488,2958,1875,11674,18390,26304,17804,3691,8653,48412,35901,0,0,2470,2067,12165,4762,19888,5089,3276,0,0,19499,26174,542,3757,0,0,0,0,0
774,12318,775.1991160808461,99682,5177,3208,217,97,76607,42135,1.1912080415721995,2850,1831,11516,18253,26621,18071,3617,8538,48413,35903,0,0,2406,2017,12003,4771,20166,5263,3311,0,0,19725,25785,538,3697,0,0,0,0,0
775,12318,776.1686902982979,99681,5128,3218,218,97,77293,42577,1.2025360901275068,2864,1836,11356,18121,26889,18308,3543,8418,48414,35905,0,0,2342,1972,11831,4789,20421,5443,3347,0,0,19958,25405,527,3646,0,0,0,0,0
776,12318,777.1286714291896,99678,5072,3226,219,99,77953,43075,1.21418969080439,2913,1787,11198,17982,27131,18597,3465,8307,48415,35907,0,0,2281,1929,11653,4800,20767,5591,3379,0,0,20176,25010,514,3578,0,0,0,0,0
777,12318,778.0802637201708,99677,5059,3221,220,99,78643,43518,1.2255685865345065,2860,1783,11043,17847,27418,18857,3398,8191,48416,35909,0,0,2226,1885,11494,4825,21061,5741,3394,0,0,20411,24618,506,3516,0,0,0,0,0
778,12318,779.0227183194415,99674,5056,3251,222,100,79304,43945,1.236521058651203,2854,1762,10886,17748,27656,19057,3324,8080,48417,35911,0,0,2169,1846,11367,4828,21289,5912,3423,0,0,20589,24280,498,3473,0,0,0,0,0
779,12318,780.1905246621114,99669,5145,3231,227,100,80180,44462,1.2505593514533104,2787,1774,10711,17574,27888,19382,3240,7937,48418,35913,0,0,2122,1793,11195,4874,21642,6108,3414,0,0,20735,23902,484,3400,0,0,0,0,0
780,12318,781.1171490335855,99667,5140,3160,228,101,80846,44864,1.2613001294310053,2758,1791,10564,17447,28135,19664,3173,7835,48419,35915,0,0,2074,1752,11032,4891,21939,6278,3426,0,0,20898,23554,477,3346,0,0,0,0,0
781,12318,782.0367255956057,99661,5069,3161,230,105,81441,45270,1.2714201141870942,2728,1803,10484,17335,28364,19875,3123,7719,48420,35917,0,0,2024,1707,10897,4907,22205,6444,3440,0,0,21029,23246,466,3296,0,0,0,0,0
782,12318,783.1769429669192,99658,5023,3157,232,106,82223,45775,1.2843725541351423,2699,1811,10357,17192,28647,20124,3040,7608,48421,35919,0,0,1959,1663,10720,4931,22492,6656,3466,0,0,21252,22815,454,3250,0,0,0,0,0
783,12318,784.0817170091226,99654,4916,3182,235,107,82829,46199,1.2947598691472495,2651,1778,10257,17094,28961,20327,2978,7510,48422,35921,0,0,1921,1621,10588,4947,22752,6847,3465,0,0,21364,22502,442,3205,0,0,0,0,0
784,12318,785.202820983779,99650,4877,3242,238,108,83556,46704,1.307175112895133,2616,1744,10154,16973,29198,20529,2915,7402,48423,35923,0,0,1872,1578,10430,4952,23059,7036,3471,0,0,21499,22150,437,3166,0,0,0,0,0
785,12318,786.0930211256913,99647,4830,3212,240,109,84133,47076,1.3167380854416089,2624,1764,10038,16900,29402,20716,2864,7297,48424,35925,0,0,1824,1546,10289,4942,23323,7187,3485,0,0,21644,21840,430,3137,0,0,0,0,0
786,12318,787.1981295367582,99646,4790,3156,241,109,84853,47546,1.3286935752564077,2576,1753,9941,16779,29645,21014,2805,7187,48425,35927,0,0,1779,1504,10150,4963,23616,7397,3473,0,0,21804,21450,419,3091,0,0,0,0,0
787,12318,788.0770348948262,99642,4741,3183,244,110,85432,47956,1.3386724473615543,2518,1671,9877,16726,29852,21206,2766,7102,48426,35929,0,0,1744,1468,10038,5004,23823,7573,3458,0,0,21920,21164,409,3041,0,0,0,0,0
788,12318,789.1696728796451,99636,4655,3184,248,112,86110,48418,1.350194708739813,2510,1624,9790,16629,30085,21439,2710,7010,48427,35931,0,0,1694,1422,9901,5049,24051,7800,3452,0,0,22048,20829,396,2994,0,0,0,0,0
789,12318,790.038869734745,99635,4686,3150,249,112,86680,48785,1.359612585938676,2456,1617,9718,16546,30226,21651,2663,6922,48428,35933,0,0,1661,1403,9788,5046,24291,7952,3451,0,0,22153,20553,388,2949,0,0,0,0,0
790,12318,791.1202663487051,99631,4601,3098,252,113,87330,49195,1.3703064307293915,2432,1644,9655,16442,30464,21877,2594,6824,48429,35935,0,0,1615,1372,9654,5045,24547,8175,3444,0,0,22265,20242,380,2892,0,0,0,0,0
791,12318,792.195334644008,99629,4567,3034,253,114,87994,49632,1.3813849381204268,2408,1614,9582,16345,30654,22165,2534,6726,48430,35937,0,0,1579,1337,9509,5052,24816,8389,3441,0,0,22394,19902,369,2841,0,0,0,0,0
792,12318,793.0514679708219,99625,4558,2956,254,117,88504,49953,1.3897816813048933,2348,1643,9558,16264,30786,22362,2494,6656,48431,35939,0,0,1547,1312,9384,5048,25038,8551,3443,0,0,22487,19656,360,2799,0,0,0,0,0
793,12318,794.1177198210413,99623,4518,2961,256,117,89132,50430,1.4009013982714835,2321,1569,9492,16184,30961,22606,2450,6561,48432,35941,0,0,1516,1290,9240,5050,25293,8772,3422,0,0,22579,19354,349,2758,0,0,0,0,0
794,12318,795.1796129557855,99622,4428,2931,256,118,89699,50865,1.410973479753468,2312,1538,9454,16093,31143,22841,2405,6477,48433,35943,0,0,1479,1266,9114,5052,25577,8975,3419,0,0,22628,19060,339,2713,0,0,0,0,0
795,12318,796.0257992440004,99622,4356,2905,256,118,90156,51173,1.4186525064744735,2301,1550,9418,16024,31297,23005,2370,6396,48434,35945,0,0,1452,1247,9011,5046,25750,9156,3416,0,0,22687,18841,332,2684,0,0,0,0,0
796,12318,797.079548569429,99622,4317,2874,256,118,90753,51593,1.428861094938869,2249,1518,9372,15971,31487,23201,2317,6316,48435,35947,0,0,1420,1215,8884,5043,26011,9367,3397,0,0,22721,18586,327,2651,0,0,0,0,0
797,12318,798.1286673229284,99621,4245,2864,257,118,91338,52017,1.4390038244948353,2166,1452,9359,15925,31691,23403,2280,6236,48436,35949,0,0,1392,1192,8760,5054,26206,9606,3377,0,0,22781,18321,318,2614,0,0,0,0,0
798,12318,799.1738058853658,99620,4148,2825,258,118,91893,52394,1.4483738205179684,2139,1392,9339,15904,31873,23603,2241,6156,48437,35951,0,0,1360,1168,8653,5070,26395,9831,3361,0,0,22848,18051,308,2575,0,0,0,0,0
799,12318,800.0070173876769,99619,4092,2782,259,118,92350,52693,1.4559772734116985,2067,1404,9321,15858,32043,23752,2216,6084,48438,35953,0,0,1333,1150,8549,5069,26555,10005,3356,0,0,22913,17837,300,2552,0,0,0,0,0
800,12318,801.0450400182988,99615,4021,2757,262,119,92886,53035,1.4648496712342518,2036,1413,9310,15823,32182,23897,2187,5989,48439,35955,0,0,1303,1133,8446,5052,26768,10202,3342,0,0,22972,17602,294,2501,0,0,0,0,0
801,12318,802.0803987928932,99612,4010,2682,264,120,93464,53401,1.4743705577641248,1996,1380,9293,15777,32295,24116,2140,5923,48440,35957,0,0,1275,1104,8341,5035,26969,10418,3337,0,0,23032,17350,290,2461,0,0,0,0,0
802,12318,803.1127463535742,99612,4006,2683,264,120,94030,53789,1.483947717142513,1942,1357,9239,15728,32455,24255,2092,5855,48441,35959,0,0,1254,1088,8244,5021,27164,10625,3327,0,0,23066,17117,281,2425,0,0,0,0,0
803,12318,804.142111007415,99612,3918,2618,264,120,94527,54119,1.4922499297273422,1973,1333,9251,15712,32529,24429,2063,5786,48442,35961,0,0,1221,1067,8139,5020,27353,10841,3325,0,0,23086,16887,276,2397,0,0,0,0,0
804,12318,805.169478094121,99611,3864,2609,265,120,95029,54478,1.5009085341980304,1953,1337,9216,15641,32681,24561,2019,5730,48443,35963,0,0,1203,1050,8053,4992,27515,11056,3312,0,0,23130,16671,274,2355,0,0,0,0,0
805,12318,806.1936861826107,99609,3820,2534,266,121,95548,54802,1.5094017608850605,1865,1311,9209,15631,32852,24726,1986,5675,48444,35965,0,0,1173,1037,7942,4982,27708,11266,3303,0,0,23153,16450,270,2325,0,0,0,0,0
806,12318,807.0107602652106,99607,3710,2534,267,122,95904,55075,1.515746885259068,1857,1290,9197,15600,33005,24839,1962,5613,48445,35966,0,0,1154,1017,7863,4974,27835,11446,3296,0,0,23151,16302,262,2307,0,0,0,0,0
807,12318,808.0291748803688,99606,3627,2475,267,123,96354,55392,1.523462442021565,1851,1271,9202,15547,33117,25020,1934,5562,48446,35967,0,0,1128,998,7790,4967,27978,11654,3279,0,0,23193,16088,253,2278,0,0,0,0,0
808,12318,809.0460204614102,99605,3534,2420,268,123,96794,55727,1.5312584709602932,1865,1237,9209,15546,33220,25172,1902,5500,48447,35968,0,0,1105,976,7688,4952,28167,11847,3269,0,0,23229,15877,247,2248,0,0,0,0,0
809,12318,810.061069754846,99602,3553,2395,270,124,97276,56055,1.5394369590972068,1825,1187,9188,15524,33280,25338,1882,5430,48448,35969,0,0,1087,963,7611,4924,28304,12038,3257,0,0,23269,15691,242,2216,0,0,0,0,0
810,12318,811.0744994600095,99600,3533,2392,271,125,97753,56377,1.5474899598393574,1721,1161,9172,15503,33445,25445,1856,5372,48449,35970,0,0,1071,946,7529,4927,28412,12258,3242,0,0,23257,15521,236,2201,0,0,0,0,0
811,12318,812.0850818088132,99600,3449,2380,271,125,98171,56680,1.5547289156626507,1709,1162,9186,15473,33559,25534,1824,5324,48450,35971,0,0,1049,934,7435,4910,28582,12448,3233,0,0,23232,15367,231,2179,0,0,0,0,0
812,12318,813.0939039074983,99596,3385,2347,274,126,98600,56981,1.562120968713603,1709,1142,9188,15469,33635,25647,1807,5267,48451,35972,0,0,1034,912,7355,4896,28736,12637,3216,0,0,23229,15188,229,2164,0,0,0,0,0
813,12318,814.1014209818053,99590,3370,2312,278,128,99012,57276,1.5693141881715031,1713,1085,9166,15462,33685,25797,1786,5214,48452,35973,0,0,1019,898,7257,4894,28907,12800,3200,0,0,23228,15034,222,2131,0,0,0,0,0
814,12318,815.107965730708,99590,3304,2255,278,128,99419,57558,1.5762325534692239,1707,1034,9140,15465,33812,25954,1757,5162,48453,35974,0,0,1003,877,7180,4895,29067,12987,3184,0,0,23209,14869,217,2102,0,0,0,0,0
815,12318,816.112933240154,99588,3253,2194,280,128,99840,57819,1.583112423183516,1706,1026,9154,15460,33879,26081,1726,5109,48454,35975,0,0,983,854,7111,4909,29165,13186,3173,0,0,23204,14706,212,2085,0,0,0,0,0
816,12318,817.1163188728642,99587,3173,2133,281,128,100257,58073,1.5898661471878859,1639,1041,9134,15424,34062,26216,1709,5056,48455,35976,0,0,968,837,7036,4910,29330,13370,3156,0,0,23173,14551,204,2052,0,0,0,0,0
817,12318,818.1169073885102,99587,3072,2077,281,128,100656,58313,1.5962826473334872,1623,1004,9139,15437,34198,26338,1685,5014,48456,35977,0,0,951,819,6954,4893,29479,13561,3144,0,0,23157,14406,198,2025,0,0,0,0,0
818,12318,819.1157469758059,99584,2995,2019,281,131,101030,58576,1.6027273457583548,1618,977,9142,15446,34304,26453,1658,4972,48457,35978,0,0,934,803,6873,4895,29605,13753,3135,0,0,23135,14248,194,2009,0,0,0,0,0
819,12318,820.1129260400875,99582,2939,1956,282,132,101423,58817,1.609126147295696,1559,996,9163,15450,34421,26529,1634,4935,48458,35979,0,0,918,785,6808,4889,29747,13926,3123,0,0,23116,14091,191,1988,0,0,0,0,0
820,12318,821.1083677709845,99580,2933,1943,284,132,101817,59074,1.6156959228760794,1499,961,9164,15462,34507,26612,1611,4888,48459,35980,0,0,905,771,6754,4879,29842,14099,3110,0,0,23101,13959,190,1970,0,0,0,0,0
821,12318,822.1022617250446,99580,2872,1847,284,132,102190,59273,1.6214400482024502,1466,981,9171,15497,34622,26709,1583,4832,48460,35981,0,0,885,756,6696,4865,29986,14258,3095,0,0,23097,13809,185,1948,0,0,0,0,0
822,12318,823.0950769164243,99580,2872,1864,284,132,102559,59559,1.6280176742317733,1427,929,9184,15502,34663,26792,1568,4779,48461,35982,0,0,874,737,6643,4863,30073,14420,3084,0,0,23101,13674,182,1929,0,0,0,0,0
823,12318,824.087246873668,99578,2800,1820,286,132,102910,59796,1.6339552913294102,1388,920,9220,15530,34768,26870,1536,4726,48462,35983,0,0,862,730,6580,4852,30210,14582,3063,0,0,23068,13536,178,1917,0,0,0,0,0
824,12318,825.078458195963,99575,2713,1814,288,133,103208,60033,1.6393773537534522,1418,911,9257,15534,34811,26929,1511,4677,48463,35984,0,0,847,720,6522,4839,30294,14742,3059,0,0,23064,13409,174,1905,0,0,0,0,0
825,12318,826.0694463847992,99575,2708,1746,288,133,103554,60256,1.645091639467738,1381,895,9316,15557,34812,27030,1493,4637,48464,35985,0,0,835,709,6466,4836,30387,14916,3045,0,0,23025,13296,173,1887,0,0,0,0,0
826,12318,827.0609476448142,99575,2666,1720,288,133,103901,60450,1.6505247301029375,1323,881,9352,15589,34895,27086,1474,4589,48465,35986,0,0,824,697,6429,4811,30452,15084,3039,0,0,23022,13176,169,1872,0,0,0,0,0
827,12318,828.0518597041254,99574,2611,1702,289,133,104231,60681,1.6561753068069978,1280,862,9396,15605,34961,27140,1461,4556,48466,35987,0,0,813,687,6372,4803,30538,15254,3030,0,0,22995,13064,166,1852,0,0,0,0,0
828,12318,829.0424475369964,99573,2560,1674,290,133,104539,60909,1.6615749249294487,1271,826,9421,15617,35012,27231,1444,4517,48467,35988,0,0,800,678,6315,4802,30657,15396,3018,0,0,22974,12943,166,1824,0,0,0,0,0
829,12318,830.0326726300672,99571,2506,1663,291,134,104850,61128,1.6669311345672937,1273,814,9455,15610,35047,27302,1426,4475,48468,35989,0,0,789,666,6267,4785,30760,15546,3009,0,0,22941,12844,163,1801,0,0,0,0,0
830,12318,831.0225972906986,99568,2463,1644,294,134,105177,61313,1.6721235738389844,1214,832,9493,15639,35121,27313,1413,4436,48469,35990,0,0,783,660,6220,4774,30809,15715,2990,0,0,22928,12737,162,1790,0,0,0,0,0
831,12318,832.0117202615619,99566,2422,1649,296,134,105475,61538,1.677409959223028,1166,795,9527,15669,35193,27346,1394,4405,48470,35991,0,0,773,652,6179,4742,30867,15877,2986,0,0,22919,12633,161,1777,0,0,0,0,0
832,12318,833.0001566847161,99566,2364,1599,296,134,105776,61724,1.6823011871522406,1140,808,9573,15676,35247,27403,1378,4378,48471,35992,0,0,759,637,6124,4727,30969,16026,2980,0,0,22898,12527,161,1758,0,0,0,0,0
833,12318,834.1862015603303,99566,2327,1574,296,134,106122,61949,1.688036076572324,1121,804,9618,15708,35277,27444,1359,4334,48472,35993,0,0,752,625,6076,4722,31030,16211,2962,0,0,22868,12415,160,1745,0,0,0,0,0
834,12318,835.1746634202055,99564,2307,1568,297,135,106416,62151,1.6930517054356997,1083,788,9658,15738,35308,27464,1345,4305,48473,35994,0,0,735,614,6040,4725,31075,16355,2958,0,0,22853,12318,158,1733,0,0,0,0,0
835,12318,836.1627733002978,99564,2255,1546,297,135,106683,62333,1.697561367562573,1084,771,9704,15787,35331,27484,1327,4275,48474,35995,0,0,725,609,5991,4721,31109,16517,2948,0,0,22847,12218,156,1723,0,0,0,0,0
836,12318,837.1511758571799,99564,2195,1523,297,135,106960,62517,1.7021915551805873,1054,769,9752,15805,35383,27525,1317,4241,48475,35996,0,0,715,604,5951,4695,31160,16679,2934,0,0,22831,12130,154,1711,0,0,0,0,0
837,12318,838.1401268449135,99564,2157,1514,297,135,107216,62723,1.7068317865895304,1064,714,9811,15847,35363,27573,1306,4215,48476,35997,0,0,707,595,5920,4679,31217,16824,2925,0,0,22805,12042,150,1700,0,0,0,0,0
838,12318,839.1297665959562,99564,2141,1486,297,135,107499,62905,1.7115021493712588,1036,716,9836,15876,35392,27602,1296,4183,48477,35998,0,0,701,589,5873,4680,31290,16957,2908,0,0,22786,11949,149,1682,0,0,0,0,0
839,12318,840.119564333786,99564,2087,1456,297,135,107758,63070,1.7157607167249207,1017,709,9897,15934,35415,27622,1285,4142,48478,35999,0,0,694,585,5828,4659,31375,17093,2897,0,0,22753,11868,149,1663,0,0,0,0,0
840,12318,841.1098925644495,99564,2033,1462,297,135,108011,63264,1.720250291269937,1025,665,9944,15993,35426,27630,1273,4113,48479,36000,0,0,687,572,5792,4638,31446,17223,2889,0,0,22729,11790,146,1652,0,0,0,0,0
841,12318,842.1005898508384,99563,1991,1417,298,135,108260,63418,1.7243152576760443,1007,671,9981,16007,35459,27679,1262,4089,48480,36001,0,0,678,566,5754,4616,31491,17368,2881,0,0,22715,11711,144,1639,0,0,0,0,0
842,12318,843.0912004468601,99561,1954,1371,299,136,108512,63572,1.7284277980333664,983,665,10011,16056,35502,27708,1249,4062,48481,36002,0,0,664,562,5730,4593,31543,17504,2884,0,0,22691,11628,142,1620,0,0,0,0,0
843,12318,844.0818480118477,99561,1897,1335,299,136,108743,63749,1.732525788210243,969,649,10081,16103,35522,27742,1230,4033,48482,36003,0,0,655,557,5691,4580,31622,17633,2869,0,0,22659,11544,142,1609,0,0,0,0,0
844,12318,845.0732021277379,99560,1875,1280,300,136,108998,63901,1.7366311771795901,926,648,10176,16136,35508,27792,1213,4006,48483,36004,0,0,647,549,5652,4563,31700,17764,2859,0,0,22615,11474,141,1596,0,0,0,0,0
845,12318,846.0658374676084,99560,1807,1262,300,136,109210,64056,1.7403173965447971,931,634,10222,16174,35535,27817,1203,3975,48484,36005,0,0,638,541,5629,4551,31731,17900,2847,0,0,22598,11406,138,1581,0,0,0,0,0
846,12318,847.0588820308807,99560,1765,1229,300,136,109423,64192,1.7438228204098032,913,619,10278,16223,35547,27840,1195,3951,48485,36006,0,0,632,535,5594,4535,31801,18009,2842,0,0,22576,11329,137,1570,0,0,0,0,0
847,12318,848.0529193788465,99559,1743,1211,301,136,109637,64354,1.7476169909300012,906,581,10341,16269,35525,27878,1182,3923,48486,36007,0,0,624,529,5570,4525,31821,18137,2836,0,0,22565,11254,136,1562,0,0,0,0,0
848,12318,849.0480511590201,99558,1737,1207,302,136,109881,64498,1.7515317704252797,871,583,10421,16321,35503,27851,1164,3900,48487,36008,0,0,616,527,5544,4502,31873,18253,2827,0,0,22528,11200,136,1552,0,0,0,0,0
849,12318,850.0445618620137,99556,1716,1152,304,136,110088,64631,1.754982120615533,873,598,10506,16376,35443,27864,1156,3872,48488,36009,0,0,609,521,5518,4500,31902,18376,2816,0,0,22505,11131,135,1543,0,0,0,0,0
850,12318,851.0429239086147,99555,1693,1119,304,137,110305,64776,1.7586359298880017,847,582,10551,16419,35451,27892,1152,3849,48489,36010,0,0,602,517,5483,4496,31941,18499,2812,0,0,22482,11061,131,1531,0,0,0,0,0
851,12318,852.0422672610946,99555,1672,1088,304,137,110517,64916,1.7621716639043745,827,569,10627,16472,35429,27909,1139,3823,48490,36011,0,0,600,512,5444,4495,31990,18613,2793,0,0,22459,10994,131,1524,0,0,0,0,0
852,12318,853.0430306257857,99554,1629,1059,304,138,110716,65051,1.765544327701549,815,564,10702,16523,35417,27908,1131,3806,48491,36012,0,0,592,508,5422,4485,32025,18735,2784,0,0,22424,10929,131,1519,0,0,0,0,0
853,12318,854.0451229368555,99553,1634,1023,305,138,110938,65186,1.769148091971111,788,548,10777,16598,35369,27910,1125,3781,48492,36013,0,0,586,504,5380,4467,32107,18830,2779,0,0,22384,10878,131,1507,0,0,0,0,0
854,12318,855.0488313458858,99553,1600,985,305,138,111148,65316,1.7725633582112041,759,530,10838,16667,35383,27914,1113,3764,48493,36014,0,0,580,503,5352,4454,32122,18956,2773,0,0,22386,10800,128,1499,0,0,0,0,0
855,12318,856.0531710232226,99552,1556,1011,306,138,111349,65468,1.7761270491803278,727,491,10901,16708,35404,27908,1104,3742,48494,36015,0,0,576,500,5331,4433,32159,19063,2763,0,0,22368,10743,126,1490,0,0,0,0,0
856,12318,857.0581923037792,99551,1496,990,307,138,111516,65586,1.7790077447740353,749,481,10960,16781,35393,27886,1093,3722,48495,36016,0,0,574,496,5307,4424,32189,19172,2749,0,0,22352,10682,125,1481,0,0,0,0,0
857,12318,858.0640179202973,99550,1435,999,308,138,111696,65731,1.7822903063787041,710,438,11028,16847,35428,27872,1089,3704,48496,36017,0,0,570,488,5277,4417,32212,19287,2742,0,0,22336,10627,122,1472,0,0,0,0,0
858,12318,859.0705101356796,99550,1419,969,308,138,111872,65854,1.7852938221998995,701,423,11087,16872,35404,27912,1079,3684,48497,36018,0,0,569,485,5244,4408,32257,19384,2727,0,0,22323,10569,122,1462,0,0,0,0,0
859,12318,860.0780622959915,99549,1382,936,309,138,112039,65961,1.788064169404012,679,430,11160,16943,35396,27887,1072,3664,48498,36019,0,0,563,480,5221,4407,32293,19486,2717,0,0,22282,10523,122,1455,0,0,0,0,0
860,12318,861.0866228926909,99549,1362,925,309,138,112226,66074,1.7910777607007604,643,427,11257,16996,35368,27875,1059,3637,48499,36020,0,0,556,479,5200,4403,32323,19579,2703,0,0,22251,10484,122,1449,0,0,0,0,0
861,12318,862.0968687906828,99548,1322,921,309,139,112381,66190,1.7938180576204443,641,404,11331,17060,35344,27862,1051,3612,48500,36021,0,0,553,477,5171,4391,32348,19673,2694,0,0,22238,10438,122,1443,0,0,0,0,0
862,12318,863.1088229439284,99548,1301,895,309,139,112554,66306,1.7967211797323903,633,396,11409,17135,35302,27858,1044,3575,48501,36022,0,0,550,477,5141,4380,32367,19784,2685,0,0,22212,10396,121,1435,0,0,0,0,0
863,12318,864.1224095586907,99548,1307,887,309,139,112729,66421,1.799634347249568,616,371,11476,17196,35253,27848,1037,3557,48502,36023,0,0,547,474,5123,4380,32398,19865,2668,0,0,22185,10355,120,1433,0,0,0,0,0
864,12318,865.1377396768215,99547,1281,834,310,139,112906,66503,1.8022542115784503,576,403,11557,17255,35247,27834,1027,3533,48503,36024,0,0,546,467,5105,4373,32412,19971,2659,0,0,22161,10308,117,1428,0,0,0,0,0
865,12318,866.1541196304604,99547,1229,822,310,139,113044,66606,1.8046751785588717,580,399,11622,17307,35235,27816,1022,3515,48504,36025,0,0,542,464,5086,4364,32433,20070,2649,0,0,22132,10271,116,1420,0,0,0,0,0
866,12318,867.1717144258257,99547,1208,781,310,139,113195,66698,1.8071162365515787,562,396,11719,17385,35185,27807,1014,3490,48505,36026,0,0,540,464,5071,4364,32465,20147,2634,0,0,22123,10213,111,1415,0,0,0,0,0
867,12318,868.1912196051835,99547,1177,764,310,139,113336,66788,1.8094367484705718,544,415,11801,17436,35160,27780,1006,3464,48506,36027,0,0,535,460,5052,4359,32508,20216,2630,0,0,22104,10165,111,1407,0,0,0,0,0
868,12318,869.0080557061532,99546,1132,768,310,140,113446,66880,1.8114841379864586,546,377,11881,17505,35127,27760,1002,3448,48507,36028,0,0,530,457,5033,4358,32517,20296,2620,0,0,22090,10129,111,1405,0,0,0,0,0
869,12318,870.0311749331858,99546,1100,754,310,140,113586,66985,1.813945311715187,551,365,11989,17567,35052,27744,996,3428,48508,36029,0,0,528,456,5013,4344,32522,20401,2616,0,0,22059,10095,110,1402,0,0,0,0,0
870,12318,871.0566438855079,99545,1092,727,310,141,113739,67063,1.8162840926214274,529,353,12075,17652,35002,27712,990,3413,48509,36030,0,0,522,454,4995,4340,32537,20483,2614,0,0,22034,10062,109,1395,0,0,0,0,0
871,12318,872.0840914246406,99545,1034,718,310,141,113860,67150,1.8183735998794515,546,338,12164,17708,34959,27690,985,3403,48510,36031,0,0,520,451,4978,4324,32573,20563,2608,0,0,22001,10028,109,1390,0,0,0,0,0
872,12318,873.1134311960069,99544,1002,703,311,141,113988,67244,1.8206220364863779,544,319,12251,17778,34914,27669,976,3388,48511,36032,0,0,513,447,4954,4325,32585,20647,2607,0,0,21978,9991,108,1389,0,0,0,0,0
873,12318,874.14488271352,99543,1017,676,312,141,114145,67333,1.8231116201038746,510,306,12325,17863,34868,27634,966,3378,48512,36033,0,0,508,443,4941,4319,32596,20728,2603,0,0,21963,9949,108,1385,0,0,0,0,0
874,12318,875.1783262752883,99543,1024,650,312,141,114297,67401,1.8253217202615954,481,315,12404,17943,34814,27587,963,3362,48513,36034,0,0,507,439,4932,4321,32606,20803,2590,0,0,21942,9916,107,1380,0,0,0,0,0
875,12318,876.0064246252758,99542,996,624,312,142,114399,67463,1.8269876032227603,472,316,12456,17999,34802,27568,960,3349,48514,36035,0,0,504,436,4915,4315,32617,20873,2583,0,0,21934,9882,106,1377,0,0,0,0,0
876,12318,877.0428023634994,99542,971,597,312,142,114532,67533,1.8290269434007755,441,316,12552,18101,34768,27506,954,3336,48515,36036,0,0,501,435,4903,4302,32652,20940,2576,0,0,21920,9839,105,1369,0,0,0,0,0
877,12318,878.0809998256906,99542,948,603,312,142,114650,67622,1.8311064676217075,426,303,12644,18179,34717,27452,951,3319,48516,36037,0,0,497,435,4884,4292,32674,21007,2568,0,0,21903,9812,105,1365,0,0,0,0,0
878,12318,879.1210645823211,99542,902,590,312,142,114762,67688,1.8328946575314942,425,325,12730,18268,34681,27379,948,3294,48517,36038,0,0,495,433,4871,4282,32662,21095,2565,0,0,21894,9783,105,1357,0,0,0,0,0
879,12318,880.1628988681615,99542,883,596,312,142,114880,67776,1.834964135741697,408,308,12813,18360,34643,27319,939,3273,48518,36039,0,0,494,428,4865,4276,32669,21168,2559,0,0,21871,9752,105,1355,0,0,0,0,0
880,12318,881.2062254700957,99542,852,590,312,142,114981,67849,1.8367121416085672,418,319,12887,18428,34592,27262,937,3257,48519,36040,0,0,493,424,4856,4275,32683,21235,2549,0,0,21842,9729,105,1351,0,0,0,0,0
881,12318,882.0423837533301,99541,848,588,313,142,115081,67904,1.8382877407299505,391,316,12966,18484,34547,27222,933,3246,48520,36041,0,0,489,423,4842,4270,32719,21270,2547,0,0,21820,9710,104,1347,0,0,0,0,0
882,12318,883.0895494827387,99539,838,557,314,143,115179,67970,1.8399722721747256,374,315,13057,18570,34486,27190,929,3223,48521,36042,0,0,487,419,4826,4272,32735,21328,2540,0,0,21806,9680,104,1342,0,0,0,0,0
883,12318,884.1389326397966,99539,805,548,314,143,115271,68052,1.8417203307246406,388,293,13130,18641,34439,27168,922,3205,48522,36043,0,0,484,418,4815,4263,32753,21393,2534,0,0,21789,9653,103,1334,0,0,0,0,0
884,12318,885.1903808568159,99539,755,536,314,143,115350,68125,1.84324737037744,381,292,13215,18718,34413,27127,920,3182,48523,36044,0,0,483,414,4805,4256,32768,21459,2524,0,0,21768,9628,103,1331,0,0,0,0,0
885,12318,886.0327659582714,99539,726,529,314,143,115426,68186,1.8446237153276606,360,285,13311,18783,34367,27091,920,3167,48524,36045,0,0,482,412,4796,4257,32773,21515,2512,0,0,21753,9609,103,1327,0,0,0,0,0
886,12318,887.0879728758199,99539,719,522,314,143,115523,68259,1.8463315886235545,360,279,13392,18859,34299,27039,914,3156,48525,36046,0,0,481,409,4780,4256,32801,21567,2508,0,0,21723,9586,102,1326,0,0,0,0,0
887,12318,888.1455164075234,99538,702,528,314,144,115614,68342,1.8480982137475135,369,242,13482,18969,34221,26977,910,3138,48526,36047,0,0,475,407,4770,4248,32832,21615,2509,0,0,21701,9558,102,1321,0,0,0,0,0
888,12318,889.2059115536921,99538,689,488,314,144,115712,68400,1.849665454399325,370,262,13576,19018,34142,26960,907,3126,48527,36048,0,0,473,405,4758,4243,32858,21675,2504,0,0,21681,9525,102,1314,0,0,0,0,0
889,12318,890.0560558795356,99538,677,485,314,144,115792,68464,1.85111213807792,366,239,13645,19087,34091,26929,905,3114,48528,36049,0,0,471,403,4747,4238,32882,21718,2498,0,0,21659,9511,102,1309,0,0,0,0,0
890,12318,891.1206044238786,99538,642,473,314,144,115877,68528,1.8526090538286886,369,235,13726,19182,34047,26865,900,3099,48529,36050,0,0,468,400,4731,4237,32887,21785,2494,0,0,21634,9493,102,1307,0,0,0,0,0
891,12318,892.1873271433503,99538,646,443,314,144,115974,68580,1.854105969579457,344,228,13816,19265,33983,26829,895,3089,48530,36051,0,0,465,400,4722,4228,32907,21833,2492,0,0,21621,9463,102,1305,0,0,0,0,0
892,12318,893.0424617755949,99538,629,418,314,144,116036,68617,1.8551005646084913,321,237,13903,19335,33939,26789,892,3075,48531,36052,0,0,462,397,4714,4226,32908,21882,2490,0,0,21612,9444,102,1301,0,0,0,0,0
893,12318,894.1137668258973,99538,608,423,314,144,116106,68680,1.8564367377283049,332,225,13988,19415,33865,26732,891,3059,48532,36053,0,0,461,395,4705,4223,32921,21923,2481,0,0,21607,9421,102,1299,0,0,0,0,0
894,12318,895.1877178012315,99537,597,422,315,144,116191,68749,1.858002551814903,326,214,14064,19486,33807,26685,889,3047,48533,36054,0,0,458,391,4699,4219,32914,21983,2480,0,0,21592,9403,101,1297,0,0,0,0,0
895,12318,896.0483485387946,99537,579,410,315,144,116246,68790,1.858967017290053,323,218,14155,19548,33740,26647,886,3031,48534,36055,0,0,456,388,4692,4217,32919,22021,2478,0,0,21584,9385,101,1296,0,0,0,0,0
896,12318,897.1268728329221,99537,533,375,315,144,116315,68840,1.8601625526186243,330,220,14253,19630,33682,26610,885,3019,48535,36056,0,0,453,385,4680,4208,32945,22077,2472,0,0,21569,9355,100,1293,0,0,0,0,0
897,12318,898.2078411155383,99537,545,383,315,144,116404,68905,1.8617097159850107,319,208,14338,19709,33605,26547,876,3007,48536,36057,0,0,450,383,4670,4206,32954,22118,2469,0,0,21554,9341,100,1292,0,0,0,0,0
898,12318,899.0744837757151,99537,528,371,315,144,116467,68937,1.8626641349447943,297,205,14427,19761,33556,26524,875,2993,48537,36058,0,0,448,383,4664,4210,32947,22162,2458,0,0,21547,9329,100,1289,0,0,0,0,0
899,12318,900.1601431608678,99537,521,372,315,144,116530,68980,1.8637290655736058,314,222,14482,19809,33495,26470,871,2981,48537,36058,0,0,448,383,4660,4206,32951,22199,2456,0,0,21529,9318,99,1288,0,0,0,0,0
900,12318,900.1601431608678,99537,528,380,315,144,116551,68998,1.8641208796728854,312,221,14508,19814,33466,26461,869,2978,48537,36058,0,0,448,383,4659,4205,32956,22205,2456,0,5,21520,9313,99,1288,0,0,0,0,0
901,12318,901.0305910966542,99537,533,371,315,144,116640,69044,1.8654771592473152,301,233,14592,19884,33393,26402,864,2964,48537,36058,0,0,447,383,4648,4198,32963,22253,2451,1,20,21492,9298,97,1286,0,0,0,0,0
902,12318,902.1214624135987,99537,531,368,315,144,116724,69094,1.8668233923063786,290,245,14696,19953,33306,26342,860,2946,48537,36058,0,0,446,382,4633,4193,32979,22298,2445,2,31,21459,9287,97,1285,0,0,0,0,0
903,12318,903.2151290279033,99537,534,383,315,144,116806,69170,1.8684107417342295,292,236,14781,20019,33224,26290,852,2926,48537,36058,0,0,444,381,4626,4189,32983,22343,2438,4,53,21430,9265,97,1284,0,0,0,0,0
904,12318,904.0919038817746,99536,518,391,315,145,116859,69224,1.8695045008841022,317,235,14846,20088,33153,26223,849,2916,48537,36058,0,0,443,381,4614,4184,32984,22383,2435,5,70,21411,9248,94,1284,0,0,0,0,0
905,12318,905.1904958009764,99536,530,413,315,145,116946,69292,1.871061726410545,327,223,14947,20175,33037,26139,842,2903,48537,36058,0,0,442,380,4606,4184,32980,22427,2430,6,88,21386,9230,94,1283,0,0,0,0,0
906,12318,906.0718199108246,99536,539,399,315,145,117018,69329,1.8721568075872046,324,237,15023,20243,32960,26083,837,2891,48537,36058,0,0,441,378,4597,4180,32992,22460,2427,7,106,21359,9212,94,1283,0,0,0,0,0
907,12318,907.1758993777644,99536,538,416,315,145,117111,69399,1.8737944060440443,331,223,15088,20329,32894,26008,832,2877,48537,36058,0,0,440,377,4585,4179,33002,22504,2422,8,117,21331,9201,92,1278,0,0,0,0,0
908,12318,908.0608948128298,99535,555,415,315,146,117186,69446,1.875038931029286,341,242,15150,20396,32809,25939,828,2860,48537,36058,0,0,439,376,4582,4173,33006,22538,2421,9,128,21306,9190,91,1276,0,0,0,0,0
909,12318,909.1699025117365,99535,565,430,315,146,117270,69521,1.876636359069674,362,245,15226,20453,32704,25881,826,2843,48537,36058,0,0,437,376,4574,4168,33006,22582,2417,11,152,21281,9166,91,1274,0,0,0,0,0
910,12318,910.0591936152355,99535,565,448,315,146,117344,69585,1.8780228060481239,379,232,15290,20515,32631,25824,818,2833,48537,36058,0,0,437,373,4567,4166,33009,22624,2412,11,161,21257,9157,91,1270,0,0,0,0,0
911,12318,911.1732896323078,99535,582,430,315,146,117451,69641,1.8796604209574521,376,256,15357,20583,32553,25768,815,2815,48537,36058,0,0,434,372,4553,4162,33024,22676,2406,14,175,21221,9143,90,1265,0,0,0,0,0
912,12318,912.0663627491706,99535,593,419,315,146,117546,69694,1.8811473351082533,366,267,15419,20620,32499,25739,806,2807,48537,36058,0,0,432,370,4546,4162,33030,22728,2403,16,190,21182,9128,89,1259,0,0,0,0,0
913,12318,913.1848551529521,99534,616,428,316,146,117656,69762,1.8829545682882232,356,277,15513,20707,32402,25655,795,2785,48537,36058,0,0,430,369,4534,4150,33050,22768,2401,18,208,21151,9110,89,1256,0,0,0,0,0
914,12318,914.0817864259923,99534,628,423,316,146,117730,69813,1.8842104205598087,369,300,15570,20760,32325,25593,790,2776,48537,36058,0,0,430,369,4529,4147,33052,22810,2398,18,221,21122,9097,89,1252,0,0,0,0,0
915,12318,915.205447124709,99533,621,442,317,146,117827,69905,1.8861282187817106,381,286,15643,20833,32250,25528,786,2763,48537,36058,0,0,428,368,4516,4151,33042,22879,2390,20,236,21082,9082,89,1250,0,0,0,0,0
916,12318,916.106124725242,99532,627,438,317,147,117912,69959,1.8875437045372343,372,284,15714,20893,32186,25495,782,2741,48537,36058,0,0,426,366,4508,4148,33048,22925,2385,22,250,21048,9068,89,1249,0,0,0,0,0
917,12318,917.0087402914764,99532,642,435,317,147,117999,70016,1.8889904754249889,363,286,15804,20936,32092,25466,780,2728,48537,36058,0,0,426,364,4503,4148,33061,22962,2380,22,268,21014,9050,89,1245,0,0,0,0,0
918,12318,918.1404974999195,99532,666,460,317,147,118105,70114,1.8910400675159749,368,277,15882,21001,31991,25400,774,2713,48537,36058,0,0,425,362,4492,4148,33078,23003,2375,23,289,20976,9028,89,1244,0,0,0,0,0
919,12318,919.047976443272,99532,674,471,317,147,118207,70180,1.8927279668850219,333,278,15959,21070,31945,25334,770,2698,48537,36058,0,0,424,361,4484,4147,33092,23044,2369,24,310,20942,9007,86,1242,0,0,0,0,0
920,12318,920.1846247470298,99532,661,463,317,147,118303,70258,1.8944761483743922,341,289,16052,21133,31863,25293,764,2673,48537,36058,0,0,423,360,4474,4142,33102,23108,2361,25,331,20899,8986,85,1236,0,0,0,0,0
921,12318,921.0960175211592,99532,636,474,317,147,118373,70317,1.895772213961339,355,294,16118,21182,31812,25241,760,2660,48537,36058,0,0,422,360,4464,4132,33116,23154,2358,25,342,20866,8974,85,1234,0,0,0,0,0
922,12318,922.0091165732772,99532,634,483,317,147,118447,70385,1.897198890808986,376,298,16174,21229,31741,25194,756,2647,48537,36058,0,0,422,360,4455,4125,33131,23190,2355,25,363,20837,8953,85,1231,0,0,0,0,0
923,12318,923.1530403168991,99532,653,485,317,147,118558,70473,1.8991982477997027,375,288,16253,21295,31650,25147,750,2636,48537,36058,0,0,418,359,4446,4121,33142,23245,2352,29,394,20792,8922,84,1228,0,0,0,0,0
924,12318,924.0703022822798,99532,666,502,317,147,118642,70540,1.9007153478278342,397,298,16309,21332,31562,25094,747,2625,48537,36058,0,0,416,359,4439,4111,33152,23280,2350,31,413,20769,8903,83,1226,0,0,0,0,0
925,12318,925.2195418495535,99532,671,491,317,147,118755,70622,1.9026745167383354,396,310,16391,21389,31480,25048,743,2613,48537,36058,0,0,416,356,4428,4112,33167,23340,2342,31,437,20718,8879,83,1223,0,0,0,0,0
926,12318,926.1412974616247,99532,685,507,317,147,118867,70693,1.9045131214081903,393,301,16468,21430,31393,25008,742,2605,48537,36058,0,0,416,356,4420,4102,33181,23388,2338,31,452,20680,8864,83,1221,0,0,0,0,0
927,12318,927.0651495597814,99532,694,520,317,147,118960,70770,1.9062211148173451,389,295,16527,21466,31334,24970,737,2600,48537,36058,0,0,412,355,4409,4100,33190,23433,2333,35,467,20649,8849,82,1218,0,0,0,0,0
928,12318,928.2226574575357,99532,711,545,317,147,119072,70875,1.9084013181690311,412,286,16620,21543,31210,24900,728,2577,48537,36058,0,0,408,353,4400,4101,33193,23498,2328,39,482,20602,8832,82,1214,0,0,0,0,0
929,12318,929.1513475761202,99532,716,533,317,147,119169,70947,1.910099264558132,412,285,16684,21591,31145,24883,724,2559,48537,36058,0,0,406,352,4392,4096,33196,23554,2322,41,504,20565,8810,82,1212,0,0,0,0,0
930,12318,930.0820817937955,99532,736,533,317,147,119267,71014,1.9117570228670175,411,280,16756,21649,31059,24841,719,2548,48537,36058,1,1,406,352,4382,4086,33209,23602,2318,41,524,20530,8789,82,1211,0,0,0,0,0
931,12318,931.0150234279264,99532,719,536,317,147,119344,71084,1.9132339348149339,447,281,16812,21700,30990,24795,713,2539,48537,36058,2,2,404,350,4373,4081,33223,23652,2313,43,541,20491,8770,82,1207,0,0,0,0,2
932,12318,932.1838971677137,99532,704,529,317,147,119455,71165,1.9151629626652735,468,289,16880,21740,30925,24766,704,2527,48537,36058,3,3,402,347,4358,4081,33242,23718,2305,45,557,20436,8753,81,1204,0,1,0,0,2
933,12318,933.1206354641156,99532,712,515,317,147,119565,71225,1.9168709560744284,456,310,16937,21788,30874,24721,702,2517,48537,36058,4,4,400,346,4348,4071,33263,23766,2300,47,582,20396,8727,80,1202,0,2,0,0,2
934,12318,934.0589506878292,99532,737,504,317,147,119676,71285,1.9185889965036371,438,322,16982,21842,30824,24686,700,2497,48537,36058,5,5,398,345,4340,4074,33273,23814,2290,49,603,20355,8706,80,1200,0,3,0,0,2
935,12318,935.2340211624524,99531,725,522,317,148,119798,71386,1.920848780781867,458,313,17040,21895,30761,24633,697,2487,48537,36058,6,6,397,343,4329,4062,33316,23870,2282,50,629,20292,8679,80,1197,0,3,0,0,2
936,12318,936.1756059399737,99530,734,501,318,148,119906,71448,1.9225761077062193,464,315,17084,21941,30707,24616,691,2477,48537,36058,7,7,396,343,4318,4056,33331,23926,2274,51,655,20248,8651,80,1195,1,3,0,0,2
937,12318,937.1187509740562,99528,735,517,320,148,120011,71525,1.9244433727192347,444,319,17128,21989,30682,24561,689,2464,48537,36058,8,8,395,342,4308,4047,33330,23986,2271,52,676,20212,8630,80,1193,1,3,0,0,2
938,12318,938.0628293718967,99528,731,506,320,148,120118,71598,1.9262519090105297,431,321,17200,22021,30630,24555,686,2447,48537,36058,9,9,394,340,4295,4042,33349,24041,2263,53,704,20167,8602,80,1191,1,4,0,0,2
939,12318,939.0087422570476,99527,735,530,321,148,120217,71680,1.928089865061742,440,319,17252,22064,30568,24501,682,2436,48537,36058,10,10,394,338,4283,4039,33361,24087,2254,52,722,20142,8581,80,1187,1,4,0,0,2
940,12318,940.1931499234205,99526,749,527,321,149,120347,71773,1.930349858328477,428,316,17321,22113,30500,24469,679,2424,48537,36058,11,11,393,338,4271,4034,33361,24161,2246,53,745,20098,8556,80,1182,1,4,0,0,3
941,12318,941.1424522596939,99526,743,548,321,149,120449,71854,1.9321885738400015,442,326,17367,22158,30451,24411,674,2406,48537,36058,12,12,391,336,4252,4029,33381,24212,2241,55,760,20060,8541,80,1180,1,4,0,0,3
942,12318,942.0931760017742,99526,755,542,321,149,120557,71931,1.9340473846030184,432,333,17421,22205,30396,24378,673,2391,48537,36058,14,14,390,335,4243,4022,33390,24269,2238,56,778,20018,8522,80,1175,2,5,0,0,3
943,12318,943.0455474407217,99526,763,544,321,149,120659,72011,1.9358760524887968,423,329,17470,22248,30351,24347,670,2381,48537,36058,16,16,390,329,4229,4026,33409,24322,2233,56,794,19969,8505,80,1172,2,7,0,0,3
944,12318,944.2381911739765,99525,771,540,322,149,120803,72101,1.93824667169053,409,329,17533,22317,30295,24300,668,2363,48537,36058,19,18,389,328,4218,4021,33408,24395,2227,57,830,19922,8468,79,1169,2,8,0,0,4
945,12318,945.1939546404075,99525,777,546,322,149,120905,72187,1.9401356443104747,410,323,17584,22362,30241,24266,664,2352,48537,36058,23,21,389,327,4209,4011,33394,24469,2222,57,849,19885,8448,79,1168,2,11,0,0,5
946,12318,946.1511867244097,99525,757,540,322,149,120983,72251,1.9415624215021352,431,344,17633,22410,30192,24206,663,2349,48537,36058,28,25,387,326,4203,3994,33406,24526,2220,59,863,19843,8431,79,1166,2,14,0,0,6
947,12318,947.1099455217476,99525,765,554,322,149,121093,72326,1.9434212509419744,435,344,17672,22443,30139,24161,665,2347,48537,36058,34,30,387,325,4188,3988,33417,24582,2216,59,877,19802,8415,79,1165,2,16,0,0,7
948,12318,948.070476689156,99525,755,552,322,149,121183,72400,1.945069078121075,449,341,17738,22491,30070,24125,664,2340,48537,36058,42,36,387,325,4174,3973,33424,24646,2210,59,901,19768,8390,79,1162,2,18,0,0,7
949,12318,949.033078799973,99523,784,572,322,151,121296,72486,1.9471077037468725,445,342,17789,22543,29990,24058,668,2332,48537,36058,51,43,387,325,4164,3969,33422,24702,2205,59,916,19727,8371,79,1160,2,25,1,0,9
950,12318,950.2388097904693,99523,782,582,322,151,121428,72595,1.9495292545441758,447,323,17858,22593,29916,24021,673,2328,48537,36058,63,51,387,322,4144,3968,33435,24774,2197,59,946,19669,8338,79,1159,2,29,4,1,10
951,12318,951.2057641439452,99523,781,585,322,151,121544,72669,1.9514383609818835,444,322,17918,22630,29855,23982,678,2328,48537,36058,77,61,384,321,4132,3966,33419,24850,2187,62,962,19632,8319,79,1155,2,33,7,2,11
952,12318,952.1747491266351,99523,784,590,322,151,121656,72744,1.953317323633733,442,322,17968,22670,29797,23929,685,2336,48537,36058,94,73,382,320,4119,3959,33440,24906,2179,64,979,19582,8299,78,1152,2,41,7,2,12
953,12318,953.145439784566,99523,791,574,322,151,121770,72823,1.9552565738572993,436,323,17998,22700,29759,23907,692,2343,48537,36058,115,87,380,320,4108,3958,33411,24995,2172,66,1005,19537,8264,78,1150,2,49,7,2,19
954,12318,954.1174702496187,99522,783,576,322,152,121881,72907,1.9572355861015656,442,323,18042,22728,29708,23861,701,2358,48537,36058,140,103,377,319,4091,3955,33395,25075,2165,69,1035,19491,8232,77,1146,3,62,7,3,20
955,12318,955.091172363489,99521,784,560,323,152,121997,72976,1.9591141568111252,448,341,18076,22756,29651,23816,716,2373,48537,36058,170,122,377,317,4077,3949,33368,25168,2158,69,1054,19445,8209,77,1140,4,74,8,3,24
956,12318,956.0668096383786,99521,798,560,323,152,122117,73062,1.9611840717034597,438,344,18120,22804,29584,23761,735,2377,48537,36058,206,144,375,315,4067,3940,33380,25235,2152,71,1079,19376,8180,77,1136,5,92,10,3,28
957,12318,957.0443121307383,99521,799,559,323,152,122224,73139,1.963032927723797,462,335,18132,22841,29524,23711,758,2400,48537,36058,248,169,373,314,4052,3938,33361,25317,2148,73,1101,19325,8149,76,1127,7,107,13,3,37
958,12318,958.0237689025946,99521,808,563,323,152,122355,73218,1.9651430351383126,447,343,18172,22848,29466,23661,782,2431,48537,36058,297,197,371,314,4035,3932,33352,25399,2141,75,1116,19264,8120,75,1122,8,124,21,7,45
959,12318,959.0052404922059,99521,798,567,323,152,122450,73301,1.966931602375378,446,342,18210,22852,29415,23610,806,2475,48537,36058,354,229,370,314,4018,3928,33312,25503,2133,76,1130,19209,8092,75,1120,8,143,25,9,56
960,12318,960.2345353413721,99521,810,581,323,152,122588,73425,1.9695642125782498,456,331,18257,22862,29317,23548,835,2524,48537,36058,420,266,369,312,4003,3920,33290,25615,2127,77,1150,19129,8054,75,1111,10,171,29,11,68
961,12318,961.2206142831608,99520,823,568,324,152,122711,73497,1.9715434083601286,446,347,18292,22870,29244,23480,869,2581,48537,36058,496,308,367,310,3985,3915,33250,25723,2120,79,1167,19069,8017,75,1107,11,192,36,15,82
962,12318,962.209164064236,99520,812,573,324,152,122825,73580,1.9735229099678457,456,350,18327,22867,29173,23399,906,2657,48537,36058,583,355,367,310,3964,3904,33210,25838,2114,79,1185,18999,7980,74,1105,12,222,44,19,94
963,12318,963.200024211554,99520,825,579,324,152,122946,73666,1.9756028938906753,441,356,18359,22844,29094,23332,955,2735,48537,36058,682,408,367,308,3948,3902,33144,25969,2107,79,1199,18918,7949,73,1103,13,261,50,21,109
964,12318,964.193331973764,99520,816,583,324,152,123054,73748,1.9775120578778136,449,373,18382,22818,29026,23248,1001,2824,48537,36058,794,467,367,308,3929,3895,33084,26091,2101,79,1218,18845,7899,73,1100,15,296,60,26,134
965,12318,965.1888937870109,99519,819,594,324,153,123169,73843,1.97964207839709,453,374,18400,22776,28942,23167,1060,2934,48537,36058,921,533,365,307,3908,3895,33036,26214,2095,81,1238,18749,7857,71,1091,17,342,73,29,151
966,12318,966.1873281303411,99518,827,605,325,153,123301,73938,1.9819429650917422,456,356,18420,22747,28846,23082,1124,3055,48537,36058,1063,606,365,305,3887,3888,32964,26356,2094,81,1261,18652,7812,71,1086,21,395,81,31,168
967,12318,967.1884652618824,99518,799,602,325,153,123407,74017,1.9838019252798489,458,359,18449,22721,28770,22979,1197,3184,48537,36058,1222,687,364,303,3862,3883,32908,26496,2081,82,1273,18544,7771,71,1083,22,459,90,34,192
968,12318,968.1925465256559,99518,801,588,325,153,123517,74102,1.9857613698024479,458,368,18446,22647,28692,22913,1276,3329,48537,36058,1400,776,362,303,3833,3884,32834,26640,2073,84,1295,18431,7712,69,1078,25,532,105,39,219
969,12318,969.1996234983965,99518,808,595,325,153,123638,74189,1.9878514439598867,442,361,18459,22599,28596,22793,1368,3497,48537,36058,1597,874,362,302,3804,3877,32732,26808,2068,84,1316,18319,7659,69,1076,26,601,126,41,248
970,12318,970.2099215528178,99518,803,611,325,153,123749,74286,1.9899415181173254,446,357,18465,22519,28489,22671,1470,3687,48537,36058,1815,981,361,299,3777,3872,32642,26971,2061,85,1328,18199,7597,69,1070,30,678,142,48,289
971,12318,971.223733154819,99517,805,616,326,153,123873,74379,1.992142046082579,447,338,18424,22479,28419,22523,1577,3889,48537,36058,2054,1098,361,298,3751,3870,32523,27164,2054,85,1338,18059,7533,69,1060,36,772,155,59,330
972,12318,972.2405830203053,99517,806,621,326,153,123974,74468,1.9940512676226172,463,331,18429,22392,28286,22379,1688,4122,48537,36058,2316,1225,360,295,3724,3863,32382,27370,2050,86,1348,17937,7476,69,1053,42,857,173,65,367
973,12318,973.0061221554403,99517,826,612,326,153,124069,74524,1.9955685963202268,447,337,18409,22290,28173,22228,1817,4378,48537,36058,2602,1363,359,294,3696,3864,32249,27548,2044,87,1351,17808,7406,69,1044,50,958,194,80,416
974,12318,974.0311678139493,99515,800,602,328,153,124170,74618,1.9975682057981208,457,332,18412,22186,28044,22073,1957,4652,48537,36058,2913,1512,359,294,3668,3857,32137,27747,2034,87,1369,17626,7327,69,1030,58,1090,209,90,464
975,12318,975.0607723693566,99515,775,597,328,153,124273,74710,1.9995277093905441,439,321,18401,22071,27948,21903,2107,4953,48537,36058,3250,1673,359,294,3621,3855,31998,27975,2024,87,1382,17437,7250,69,1023,63,1217,244,105,512
976,12318,976.0949987854785,99515,765,593,328,153,124377,74793,2.001406823091996,456,327,18388,21931,27792,21722,2269,5272,48537,36058,3613,1846,359,292,3590,3849,31824,28217,2020,86,1384,17269,7174,69,1018,68,1344,264,120,568
977,12318,977.1346863598253,99515,769,587,328,153,124498,74889,2.0035873988845903,423,308,18389,21813,27648,21534,2441,5603,48537,36058,4003,2031,358,290,3540,3842,31648,28480,2014,87,1381,17105,7094,68,1007,76,1466,295,141,623
978,12318,978.1804534165408,99515,784,582,328,153,124626,74980,2.0057880721499273,394,322,18370,21658,27496,21313,2626,5970,48537,36058,4420,2229,357,290,3508,3837,31424,28774,2007,88,1398,16918,7005,68,997,81,1610,317,151,685
979,12318,979.2320553345215,99515,765,597,328,153,124724,75078,2.007757624478722,426,306,18317,21510,27341,21075,2821,6357,48537,36058,4864,2440,356,290,3463,3833,31216,29057,1999,89,1403,16725,6917,67,988,89,1759,349,166,749
980,12318,980.0247690330742,99515,774,584,328,153,124823,75144,2.009415665980003,422,313,18246,21296,27187,20869,3041,6783,48537,36058,5335,2664,356,290,3423,3829,30985,29345,1991,89,1406,16530,6826,67,973,100,1922,382,181,820
981,12318,981.0881845259312,99515,792,593,328,153,124957,75232,2.0116464854544542,410,304,18222,21088,26998,20632,3248,7228,48537,36058,5833,2901,355,288,3391,3831,30734,29661,1981,90,1410,16299,6709,67,966,106,2109,406,196,916
982,12318,982.1586378593253,99515,778,586,328,153,125070,75320,2.0136662814651056,411,304,18158,20885,26839,20367,3484,7703,48537,36058,6357,3152,354,284,3342,3833,30487,29984,1970,91,1419,16069,6606,67,953,114,2295,441,211,995
983,12318,983.2357376177819,99515,747,588,328,153,125174,75406,2.015575541375672,446,291,18119,20680,26640,20091,3718,8195,48537,36058,6906,3416,354,283,3276,3817,30263,30300,1961,91,1416,15811,6513,67,942,121,2507,493,230,1070
984,12318,984.0488981839555,99515,731,584,328,153,125249,75470,2.0169723157312966,452,277,18062,20445,26453,19817,3972,8722,48537,36058,7479,3694,353,283,3229,3802,29969,30655,1958,92,1410,15602,6425,67,928,132,2682,535,249,1144
985,12318,985.1416672963168,99515,768,587,328,153,125390,75556,2.019253378887605,434,289,17981,20216,26249,19506,4238,9247,48537,36058,8074,3985,353,278,3173,3798,29682,31010,1955,92,1410,15362,6294,67,911,146,2880,582,274,1248
986,12318,986.2422325818027,99513,770,554,329,154,125531,75633,2.0214846301488247,392,309,17930,19965,26059,19210,4518,9806,48537,36058,8690,4289,351,277,3121,3796,29414,31373,1945,93,1408,15080,6176,67,896,158,3102,619,301,1336
987,12318,987.0736103654167,99513,766,557,329,154,125600,75701,2.022861334699989,394,301,17851,19689,25850,18906,4808,10391,48537,36058,9325,4605,350,276,3072,3795,29105,31734,1941,93,1401,14810,6077,67,889,165,3338,658,322,1420
988,12318,988.1922071329886,99513,754,544,329,154,125699,75780,2.0246500457226695,401,313,17795,19430,25615,18590,5104,10967,48537,36058,9976,4934,348,276,3012,3785,28799,32120,1929,94,1388,14541,5966,67,873,178,3565,708,347,1517
989,12318,989.0380058774225,99513,738,536,329,154,125777,75842,2.0260568970888224,403,303,17696,19150,25416,18287,5416,11568,48537,36058,10642,5274,346,275,2961,3786,28463,32506,1921,96,1380,14269,5845,67,860,187,3810,751,370,1620
990,12318,990.1756433101247,99512,733,507,329,155,125899,75910,2.0279865744834793,397,313,17602,18888,25215,17979,5722,12156,48537,36058,11320,5626,345,273,2892,3775,28138,32911,1915,96,1377,14007,5705,67,840,203,4031,809,401,1727
991,12318,991.0351519107287,99510,728,509,330,156,125987,75977,2.0295849663350416,386,294,17504,18584,24992,17678,6058,12777,48537,36058,12008,5988,343,272,2838,3771,27777,33326,1908,98,1372,13745,5588,67,828,214,4257,857,420,1829
992,12318,992.1926989943502,99510,704,517,330,156,126090,76064,2.0314943221786756,395,275,17419,18333,24760,17330,6390,13387,48537,36058,12704,6360,343,272,2778,3768,27404,33769,1899,98,1363,13478,5468,66,816,223,4492,902,442,1929
993,12318,993.0684274148344,99510,679,506,330,156,126164,76122,2.032820822027937,399,270,17336,18067,24520,16987,6734,14012,48537,36058,13405,6741,342,270,2711,3759,27045,34196,1894,98,1347,13189,5372,66,794,244,4745,955,471,2012
994,12318,994.248529990581,99510,650,510,330,156,126269,76206,2.0347201286302883,402,263,17238,17795,24289,16661,7089,14613,48537,36058,14108,7131,341,270,2646,3750,26675,34644,1886,99,1336,12927,5231,66,782,249,4964,1011,506,2127
995,12318,995.1415755919551,99509,664,503,331,156,126356,76270,2.0362580269121384,372,249,17148,17516,24024,16340,7459,15234,48537,36058,14811,7528,339,269,2586,3751,26284,35080,1879,101,1331,12663,5119,66,768,260,5199,1064,531,2219
996,12318,996.0444417245504,99509,664,505,331,156,126438,76329,2.037674984172286,349,240,17027,17221,23788,16020,7839,15856,48537,36058,15511,7932,339,268,2521,3751,25910,35496,1875,101,1325,12413,4989,66,742,285,5423,1120,557,2328
997,12318,997.2619143879652,99509,644,496,331,156,126541,76408,2.0395039644655255,359,245,16933,16938,23533,15701,8198,16462,48537,36058,16207,8341,335,267,2468,3757,25486,35995,1859,103,1302,12157,4893,66,728,297,5633,1165,590,2408
998,12318,998.1840332951253,99509,634,501,331,156,126619,76467,2.0408807243565907,371,233,16811,16684,23289,15358,8562,17066,48537,36058,16896,8755,335,267,2415,3757,25102,36435,1854,102,1279,11881,4784,66,714,307,5873,1210,625,2503
999,12318,999.1158871526778,99508,637,494,332,156,126702,76520,2.042267958355107,376,237,16702,16386,23028,15051,8923,17674,48537,36058,17576,9173,332,264,2351,3755,24718,36868,1851,105,1268,11626,4684,64,698,319,6102,1267,646,2590
1000,12318,1000.0580991161092,99508,655,476,332,156,126792,76570,2.043674880411625,369,226,16587,16125,22759,14760,9296,18255,48537,36058,18245,9594,330,264,2297,3746,24359,37282,1848,107,1245,11361,4561,64,678,336,6336,1314,679,2701
1001,12318,1001.0114495457988,99508,651,477,332,156,126874,76636,2.04516219801423,388,220,16443,15874,22507,14452,9677,18819,48537,36058,18901,10016,330,262,2239,3750,24021,37681,1840,106,1232,11101,4450,64,664,346,6560,1360,707,2795
1002,12318,1002.2982867390682,99508,647,473,332,156,126982,76707,2.046961048357921,389,207,16365,15669,22222,14162,10043,19331,48537,36058,19543,10439,329,261,2195,3744,23684,38093,1830,107,1211,10847,4333,64,646,364,6772,1393,736,2899
1003,12318,1003.2742624811161,99508,657,468,332,156,127088,76761,2.048568959279656,368,207,16244,15452,21977,13861,10420,19854,48537,36058,20170,10862,327,260,2143,3743,23326,38503,1824,109,1193,10613,4232,63,630,378,6974,1439,771,2980
1004,12318,1004.2616715705062,99508,659,443,332,156,127172,76816,2.049965831892913,368,198,16134,15267,21712,13586,10793,20348,48537,36058,20781,11284,326,259,2093,3741,22986,38915,1815,110,1167,10355,4142,62,615,389,7193,1478,807,3055
1005,12318,1005.2612059375917,99508,661,438,332,156,127262,76869,2.0514029022792135,356,199,16016,15113,21470,13240,11163,20852,48537,36058,21375,11704,325,257,2039,3738,22663,39289,1810,111,1149,10118,4056,62,608,396,7399,1526,833,3129
1006,12318,1006.2723458139012,99508,651,431,332,156,127354,76918,2.0528198737789927,353,201,15899,14905,21236,12979,11527,21326,48537,36058,21951,12121,323,257,1994,3734,22313,39689,1808,113,1130,9882,3956,61,595,407,7602,1564,864,3216
1007,12318,1007.2946846243501,99508,644,421,332,156,127461,76970,2.054417735257467,323,188,15824,14701,21000,12753,11875,21779,48537,36058,22508,12534,322,256,1949,3726,21966,40089,1806,114,1113,9651,3873,61,582,420,7801,1599,890,3290
1008,12318,1008.328973382458,99508,633,395,332,156,127544,77008,2.0556337178920288,323,215,15725,14497,20765,12546,12220,22189,48537,36058,23046,12943,321,254,1907,3721,21662,40453,1798,115,1108,9412,3784,61,572,430,8004,1634,909,3363
1009,12318,1009.0251372539474,99508,630,396,332,156,127596,77048,2.0565582666720266,310,208,15597,14299,20548,12307,12581,22632,48537,36058,23565,13346,321,254,1867,3716,21338,40811,1795,115,1097,9228,3697,61,554,446,8174,1667,929,3438
1010,12318,1010.0829092932266,99506,606,383,333,157,127670,77098,2.057845758044741,303,212,15519,14162,20322,12063,12915,23021,48537,36058,24065,13744,321,253,1823,3712,21026,41182,1791,114,1092,9007,3622,61,544,454,8361,1698,952,3493
1011,12318,1011.1527743485298,99506,589,384,333,157,127761,77160,2.059383353767612,303,202,15451,14038,20085,11850,13237,23367,48537,36058,24545,14135,320,251,1788,3707,20731,41536,1783,115,1070,8801,3544,60,532,464,8533,1727,982,3562
1012,12318,1012.2355112846295,99506,572,390,333,157,127843,77216,2.06077020481177,294,195,15373,13912,19880,11627,13546,23717,48537,36058,25006,14519,317,250,1756,3710,20419,41897,1775,117,1046,8624,3467,60,520,473,8679,1753,1016,3627
1013,12318,1013.3299970162207,99506,575,382,333,157,127927,77269,2.062147006210681,280,181,15302,13786,19666,11429,13842,24063,48537,36058,25448,14896,317,250,1722,3699,20144,42229,1774,116,1037,8458,3377,60,511,479,8812,1780,1038,3703
1014,12318,1014.066284788203,99506,568,373,333,157,127979,77305,2.063031374992463,286,178,15195,13658,19457,11251,14159,24381,48537,36058,25871,15265,315,248,1682,3697,19874,42535,1771,118,1029,8286,3312,60,501,485,8965,1814,1057,3757
1015,12318,1015.1850768789321,99505,561,370,334,157,128068,77357,2.0644691221546654,277,185,15117,13573,19260,11057,14449,24656,48537,36058,26276,15626,314,247,1648,3685,19601,42854,1766,118,1019,8133,3235,60,493,491,9099,1843,1082,3817
1016,12318,1016.3156827910503,99505,548,356,334,157,128149,77408,2.0657956886588615,281,179,15069,13494,19049,10886,14717,24926,48537,36058,26663,15979,313,247,1612,3680,19345,43155,1765,119,1009,7966,3171,60,484,499,9238,1872,1107,3863
1017,12318,1017.0764354392549,99503,523,342,334,159,128193,77443,2.0666311568495424,272,178,15003,13378,18849,10725,15017,25216,48537,36058,27032,16323,311,246,1579,3675,19078,43464,1763,121,1007,7811,3112,60,477,503,9376,1893,1120,3907
1018,12318,1018.2318026460947,99503,520,325,334,159,128278,77490,2.0679577500175874,254,180,14988,13310,18635,10574,15267,25450,48537,36058,27384,16658,310,242,1556,3667,18849,43752,1760,122,996,7654,3055,60,468,510,9502,1909,1147,3944
1019,12318,1019.009888289035,99502,502,330,335,159,128321,77525,2.068762436935941,264,172,14905,13230,18452,10415,15540,25692,48537,36058,27720,16984,309,242,1532,3663,18610,44024,1755,122,978,7532,3009,60,459,518,9608,1929,1168,3984
1020,12318,1020.1913872381417,99502,517,340,335,159,128401,77577,2.070089043436313,266,168,14875,13174,18237,10270,15768,25887,48537,36058,28040,17301,308,241,1504,3660,18392,44285,1752,123,965,7404,2957,60,453,522,9709,1952,1185,4030
1021,12318,1021.3865062013732,99501,515,330,336,159,128484,77616,2.0713359664726987,264,176,14840,13173,18064,10109,15979,26051,48537,36058,28345,17609,307,241,1488,3653,18170,44541,1750,123,954,7287,2910,59,448,526,9809,1964,1204,4067
1022,12318,1022.1899951875052,99501,499,315,336,159,128535,77642,2.0721098280419294,260,179,14756,13124,17928,9970,16219,26251,48537,36058,28635,17908,305,239,1455,3647,17977,44777,1746,125,941,7165,2859,59,439,533,9910,1991,1225,4108
1023,12318,1023.4065266956138,99501,501,312,336,159,128618,77689,2.0734163475743963,260,180,14726,13116,17739,9849,16436,26382,48537,36058,28911,18197,305,237,1432,3651,17771,45027,1738,125,930,7053,2815,59,434,535,9995,2007,1245,4142
1024,12318,1024.2245035243743,99501,501,313,336,159,128679,77728,2.074421362599371,251,166,14671,13084,17593,9726,16646,26550,48537,36058,29173,18477,305,237,1404,3649,17584,45249,1735,125,916,6930,2771,59,429,539,10095,2032,1266,4176
1025,12318,1025.0501831138708,99501,496,324,336,159,128739,77775,2.075496728676094,245,159,14635,13039,17435,9598,16851,26719,48537,36058,29422,18748,304,237,1384,3652,17375,45492,1726,126,904,6840,2730,59,426,538,10167,2049,1283,4209
1026,12318,1026.3013955753388,99501,470,319,336,159,128808,77832,2.0767630476075616,240,144,14645,13036,17284,9506,17023,26834,48537,36058,29659,19010,303,236,1356,3647,17191,45722,1723,127,901,6742,2685,59,418,543,10243,2068,1303,4234
1027,12318,1027.1420925757982,99501,434,310,336,159,128850,77865,2.0775168088762928,239,144,14624,13033,17152,9397,17213,26955,48537,36058,29884,19263,303,233,1343,3644,17031,45925,1718,126,893,6644,2651,59,412,546,10318,2077,1321,4257
1028,12318,1028.4132569142039,99501,438,294,336,159,128933,77904,2.0787429272067617,251,163,14634,13059,16983,9310,17356,27013,48537,36058,30098,19508,302,232,1328,3637,16843,46155,1715,127,889,6549,2614,59,407,548,10393,2084,1337,4282
1029,12318,1029.2595561687092,99501,442,295,336,159,128991,77941,2.0796976914804874,246,150,14628,13034,16827,9227,17519,27133,48537,36058,30301,19744,300,232,1307,3633,16690,46345,1713,129,884,6476,2576,59,398,554,10447,2097,1350,4311
1030,12318,1030.0975199887198,99500,430,287,336,160,129028,77970,2.0803819095477385,240,146,14611,13038,16694,9142,17687,27225,48537,36058,30494,19972,300,232,1282,3629,16549,46521,1711,129,883,6384,2544,59,397,555,10516,2116,1359,4334
1031,12318,1031.3414141400792,99499,423,294,337,160,129090,78026,2.081588759686027,253,127,14628,13080,16552,9062,17805,27275,48537,36058,30677,20191,299,230,1252,3632,16405,46706,1704,130,877,6297,2518,59,396,555,10577,2139,1373,4350
1032,12318,1032.165714229637,99499,426,294,337,160,129141,78056,2.0824028382194797,251,114,14610,13071,16412,8997,17962,27362,48537,36058,30851,20402,299,230,1238,3632,16254,46878,1700,130,873,6240,2484,59,391,559,10623,2151,1386,4372
1033,12318,1033.3902186849257,99498,429,280,338,160,129221,78091,2.0835795694385815,228,122,14659,13124,16269,8924,18075,27388,48537,36058,31016,20606,298,229,1223,3630,16125,47041,1696,131,872,6159,2450,59,386,564,10684,2160,1403,4388
1034,12318,1034.20226399278,99497,434,271,339,160,129267,78115,2.0843040493683227,228,124,14621,13129,16158,8862,18218,27452,48537,36058,31172,20802,297,227,1211,3625,16001,47193,1696,131,863,6096,2410,59,379,568,10735,2168,1418,4420
1035,12318,1035.0076130302095,99497,432,266,339,160,129313,78141,2.0850276892770636,217,131,14613,13137,16063,8782,18334,27522,48537,36058,31321,20991,297,225,1198,3626,15885,47340,1694,131,855,6028,2390,59,375,570,10783,2178,1431,4432
1036,12318,1036.2068018900818,99497,427,253,339,160,129382,78178,2.086093048031599,210,133,14648,13206,15952,8734,18422,27512,48537,36058,31462,21173,297,224,1183,3619,15750,47512,1691,131,861,5970,2359,59,371,572,10822,2189,1440,4447
1037,12318,1037.0030735788282,99497,404,255,339,160,129419,78204,2.0867262329517473,213,133,14637,13214,15863,8677,18542,27559,48537,36058,31596,21348,297,222,1173,3611,15647,47644,1690,131,859,5922,2336,59,365,577,10859,2195,1450,4460
1038,12318,1038.189192761604,99497,388,247,339,160,129472,78239,2.0876106817290974,217,137,14662,13266,15763,8638,18629,27550,48537,36058,31723,21516,296,220,1164,3609,15552,47775,1685,132,860,5853,2310,59,358,580,10912,2200,1457,4475
1039,12318,1039.3700418795243,99496,384,234,340,160,129530,78285,2.0886769317359493,220,126,14700,13336,15662,8605,18692,27537,48537,36058,31844,21677,294,219,1153,3605,15457,47911,1682,134,860,5805,2284,59,353,583,10938,2204,1475,4480
1040,12318,1040.1549264864113,99496,381,220,340,160,129564,78305,2.0892196671222965,210,125,14718,13354,15564,8569,18785,27570,48537,36058,31959,21832,293,219,1143,3604,15370,48018,1680,135,855,5751,2262,59,349,587,10980,2210,1488,4493
1041,12318,1041.3256537788097,99496,362,221,340,160,129613,78338,2.0900438208571197,204,133,14755,13402,15478,8525,18859,27557,48537,36058,32068,21981,292,219,1135,3600,15279,48131,1676,136,845,5708,2240,58,341,593,11016,2215,1501,4511
1042,12318,1042.1038128092296,99496,369,228,340,160,129657,78364,2.0907473667283107,189,136,14776,13424,15371,8467,18953,27583,48537,36058,32171,22124,292,219,1127,3603,15189,48236,1671,136,843,5654,2224,58,339,593,11060,2222,1511,4519
1043,12318,1043.2645543078017,99496,354,226,340,160,129714,78404,2.091722280292675,191,130,14820,13498,15277,8424,19016,27560,48537,36058,32269,22262,292,219,1118,3600,15120,48347,1667,135,837,5597,2205,58,338,593,11095,2223,1521,4531
1044,12318,1044.0364113114981,99496,348,233,340,160,129748,78432,2.0923454209214443,193,116,14828,13542,15191,8369,19098,27578,48537,36058,32362,22394,291,219,1108,3597,15042,48446,1667,136,828,5558,2190,58,332,599,11121,2229,1534,4541
1045,12318,1045.188500251657,99496,347,235,340,160,129792,78471,2.09317962531157,188,99,14883,13635,15107,8331,19133,27538,48537,36058,32451,22521,291,219,1100,3593,14968,48548,1664,136,823,5528,2175,58,329,601,11138,2232,1540,4553
1046,12318,1046.338318540221,99496,354,233,340,160,129851,78499,2.0940540323229073,180,100,14931,13704,15020,8284,19173,27517,48537,36058,32535,22643,290,218,1089,3595,14887,48654,1660,135,821,5491,2162,58,327,602,11162,2239,1544,4562
1047,12318,1047.1034647945514,99496,356,230,340,160,129882,78519,2.0945666157433465,182,99,14948,13731,14951,8257,19221,27521,48537,36058,32615,22760,290,218,1082,3592,14817,48745,1658,135,819,5448,2148,58,327,602,11192,2244,1551,4570
1048,12318,1048.24769398497,99496,357,225,340,160,129927,78548,2.0953103642357482,199,89,14988,13821,14866,8217,19248,27486,48537,36058,32691,22873,287,218,1077,3587,14745,48844,1656,138,816,5415,2133,58,325,603,11210,2248,1556,4580
1049,12318,1049.0096930358225,99496,352,215,340,160,129963,78560,2.095792795690279,190,102,15005,13868,14813,8176,19298,27477,48537,36058,32764,22981,285,218,1071,3583,14694,48923,1650,140,810,5381,2120,58,324,604,11234,2248,1564,4589
1050,12318,1050.1494531897295,99496,339,201,340,160,130012,78588,2.0965666961485887,191,97,15089,13932,14736,8156,19303,27452,48537,36058,32833,23085,285,216,1064,3589,14626,49019,1644,140,809,5340,2109,57,323,603,11258,2250,1572,4592
1051,12318,1051.2889229170182,99496,348,192,340,160,130074,78618,2.0974913564364397,186,100,15142,14027,14659,8128,19323,27391,48537,36058,32899,23185,284,215,1058,3586,14558,49117,1641,141,809,5305,2100,57,322,604,11276,2252,1579,4592
1052,12318,1052.0479143289183,99496,354,182,340,160,130109,78634,2.098003939856879,186,103,15166,14076,14589,8101,19363,27376,48537,36058,32962,23281,284,215,1055,3582,14509,49186,1640,141,807,5269,2092,57,322,603,11302,2253,1585,4594
1053,12318,1053.1837399659994,99496,364,185,340,160,130166,78668,2.0989185494894267,170,103,15241,14170,14522,8070,19361,27310,48537,36058,33022,23373,284,214,1048,3577,14458,49268,1639,141,805,5245,2086,57,319,605,11307,2258,1589,4596
1054,12318,1054.3195385142594,99496,356,195,340,160,130209,78705,2.0997226019136446,172,86,15321,14244,14450,8048,19359,27265,48537,36058,33079,23461,284,213,1040,3577,14400,49347,1637,141,805,5218,2072,57,316,607,11319,2264,1595,4604
1055,12318,1055.076742710766,99496,349,186,340,160,130242,78717,2.1001748814022676,166,93,15354,14303,14401,8026,19388,27230,48537,36058,33133,23546,284,213,1037,3573,14346,49424,1633,141,805,5186,2066,57,316,607,11341,2262,1601,4604
1056,12318,1056.2110700967953,99496,335,189,340,160,130282,78743,2.1008382246522475,166,91,15409,14418,14354,7986,19394,27154,48537,36058,33185,23628,284,213,1027,3572,14311,49488,1628,141,800,5152,2058,57,316,605,11359,2268,1607,4610
1057,12318,1057.3454533072593,99496,342,187,340,160,130337,78770,2.1016623783870707,153,89,15479,14509,14290,7957,19394,27096,48537,36058,33234,23706,284,213,1021,3572,14268,49556,1622,141,797,5123,2044,57,315,604,11377,2269,1616,4617
1058,12318,1058.1015510326408,99496,356,185,340,160,130378,78789,2.1022654177052345,140,84,15530,14570,14226,7941,19406,27058,48537,36058,33281,23781,283,213,1012,3569,14225,49615,1621,142,796,5097,2036,57,314,603,11394,2277,1622,4620
1059,12318,1059.235050155339,99496,337,184,340,160,130414,78810,2.1028383050574897,144,88,15593,14668,14196,7907,19388,26991,48537,36058,33326,23853,283,213,1004,3565,14181,49687,1617,142,795,5071,2029,57,314,603,11408,2279,1622,4626
1060,12318,1060.369959685633,99496,319,181,340,160,130451,78830,2.103411192409745,156,101,15686,14749,14136,7880,19361,26927,48537,36058,33369,23923,282,213,1001,3562,14145,49741,1616,143,793,5052,2017,57,313,604,11417,2280,1628,4632
1061,12318,1061.1274227317847,99496,312,185,340,160,130485,78849,2.1039438771407895,156,98,15715,14806,14109,7858,19366,26891,48537,36058,33410,23990,282,213,989,3559,14111,49792,1616,143,792,5033,2004,57,313,604,11428,2288,1634,4638
1062,12318,1062.263270584236,99495,304,177,341,160,130521,78872,2.1045580179908536,157,97,15792,14906,14051,7835,19353,26823,48537,36058,33449,24054,281,213,988,3556,14071,49851,1611,144,791,5016,1992,57,313,602,11438,2287,1644,4640
1063,12318,1063.0212454256307,99495,305,170,341,160,130552,78883,2.104980149756269,152,105,15834,14961,14007,7825,19359,26777,48537,36058,33486,24116,280,212,986,3556,14037,49900,1609,145,790,4996,1987,57,311,602,11449,2288,1648,4642
1064,12318,1064.1581288928965,99494,291,164,342,160,130591,78905,2.10561440890908,160,111,15911,15045,13974,7806,19320,26712,48537,36058,33522,24175,280,212,982,3547,14012,49957,1605,145,787,4977,1977,57,310,602,11457,2286,1652,4649
1065,12318,1065.2971508112373,99494,285,168,342,160,130632,78931,2.1062878163507346,155,106,15999,15142,13928,7789,19289,26633,48537,36058,33556,24232,280,212,975,3544,13981,50015,1603,144,786,4963,1968,56,309,603,11459,2287,1657,4652
1066,12318,1066.0574310659176,99494,280,170,342,160,130655,78953,2.1067401049309504,147,93,16043,15210,13899,7768,19287,26597,48537,36058,33588,24287,280,211,972,3542,13962,50045,1602,144,783,4942,1960,56,308,604,11474,2289,1668,4652
1067,12318,1067.1983938413837,99494,280,169,342,160,130701,78975,2.1074235632299434,148,92,16113,15304,13858,7745,19257,26528,48537,36058,33619,24340,278,210,969,3540,13926,50100,1600,146,784,4929,1949,56,308,604,11476,2290,1671,4658
1068,12318,1068.3411004281327,99494,290,175,342,160,130742,79003,2.1081170723862748,147,98,16169,15401,13818,7728,19232,26436,48537,36058,33649,24391,278,210,965,3543,13897,50148,1597,146,784,4915,1940,55,307,603,11479,2289,1675,4663
1069,12318,1069.103618207325,99493,285,179,343,160,130765,79021,2.1085503502758987,148,105,16218,15446,13782,7707,19222,26401,48537,36058,33677,24440,278,208,963,3541,13878,50179,1596,146,784,4899,1935,54,306,602,11491,2291,1679,4663
1070,12318,1070.2481733798083,99493,286,183,343,160,130813,79051,2.1093343250278913,143,95,16309,15568,13733,7688,19184,26304,48537,36058,33704,24487,278,208,961,3540,13850,50226,1595,146,786,4882,1927,54,304,601,11498,2291,1690,4656
1071,12318,1071.0124461656071,99493,280,183,343,160,130839,79073,2.109816771029118,149,94,16349,15640,13706,7677,19171,26244,48537,36058,33730,24532,278,207,956,3539,13828,50268,1594,146,782,4866,1923,54,304,599,11503,2292,1698,4656
1072,12318,1072.1600075735228,99493,282,173,343,160,130884,79092,2.110460032364086,151,96,16424,15753,13664,7668,19134,26148,48537,36058,33755,24576,278,205,954,3538,13800,50319,1591,146,782,4853,1915,54,304,597,11502,2293,1708,4654
1073,12318,1073.3099900841232,99493,273,168,343,160,130930,79120,2.111203803282643,157,91,16510,15867,13622,7649,19093,26063,48537,36058,33779,24618,277,205,949,3532,13792,50366,1588,147,787,4830,1903,54,302,597,11504,2291,1713,4656
1074,12318,1074.0781528207692,99493,284,169,343,160,130974,79134,2.111786758867458,144,93,16565,15932,13586,7627,19076,26017,48537,36058,33802,24658,277,205,948,3531,13776,50396,1586,147,785,4814,1898,53,301,598,11512,2290,1719,4657
1075,12318,1075.2315075752301,99493,294,169,343,160,131019,79161,2.112510427869297,139,90,16657,16054,13545,7615,19020,25910,48537,36058,33824,24697,277,205,942,3528,13752,50443,1586,147,784,4803,1895,53,300,598,11508,2292,1725,4655
1076,12318,1076.0022382412594,99493,281,163,343,160,131039,79178,2.112882313328576,159,85,16709,16112,13505,7611,19001,25867,48537,36058,33845,24735,277,205,941,3526,13729,50486,1584,147,784,4788,1891,53,300,598,11508,2292,1733,4651
1077,12318,1077.160051439388,99493,278,176,343,160,131089,79216,2.1137667976641574,159,75,16791,16219,13466,7596,18961,25772,48537,36058,33865,24771,276,203,940,3523,13703,50530,1582,148,784,4776,1888,53,300,597,11513,2291,1739,4647
1078,12318,1078.320255671311,99493,273,175,343,160,131134,79241,2.1144703647492786,152,77,16873,16352,13449,7578,18908,25656,48537,36058,33884,24806,276,203,940,3522,13681,50579,1577,148,786,4762,1882,53,300,595,11512,2289,1744,4644
1079,12318,1079.0956342232357,99493,276,176,343,160,131169,79258,2.1149930145839404,152,73,16905,16415,13431,7572,18891,25602,48537,36058,33903,24840,276,203,938,3519,13670,50604,1574,148,790,4751,1874,53,300,595,11517,2290,1744,4647
1080,12318,1080.2602034049771,99493,271,161,343,160,131217,79276,2.1156563778356268,140,88,16985,16522,13408,7561,18851,25506,48537,36058,33921,24872,276,202,935,3512,13654,50646,1572,148,793,4733,1867,53,299,594,11522,2293,1747,4647
1081,12318,1081.0381186566078,99493,258,159,343,160,131241,79292,2.116058416169982,132,83,17031,16598,13406,7559,18828,25439,48537,36058,33938,24903,276,201,930,3512,13631,50687,1570,148,793,4727,1863,53,298,595,11516,2296,1747,4650
1082,12318,1082.2071633760293,99493,249,165,343,160,131275,79318,2.1166614736715146,127,72,17121,16710,13372,7543,18786,25348,48537,36058,33954,24933,274,201,928,3514,13612,50719,1566,150,790,4716,1859,53,298,595,11518,2298,1754,4648
1083,12318,1083.3791356948743,99493,254,162,343,160,131326,79341,2.1174052445900715,114,73,17221,16831,13330,7527,18736,25245,48537,36058,33970,24962,274,201,926,3512,13594,50758,1564,149,792,4706,1855,53,297,595,11516,2298,1760,4643
1084,12318,1084.1622881100316,99493,251,163,343,160,131357,79355,2.117857537716221,102,70,17274,16905,13320,7514,18708,25186,48537,36058,33985,24990,274,201,924,3507,13589,50779,1562,149,792,4696,1850,53,296,596,11522,2297,1765,4641
1085,12318,1085.339363088789,99492,251,150,344,160,131388,79375,2.1183914284565595,103,80,17390,17028,13265,7494,18645,25086,48537,36058,34000,25017,274,201,923,3504,13585,50805,1561,149,797,4680,1844,53,296,595,11525,2296,1765,4639
1086,12318,1086.1262581969625,99492,242,153,344,160,131410,79394,2.1188035218912074,111,82,17432,17116,13248,7471,18621,25016,48537,36058,34014,25043,274,200,923,3502,13570,50835,1560,149,798,4673,1838,53,295,595,11523,2296,1771,4637
1087,12318,1087.308699354089,99492,237,139,344,160,131444,79419,2.1193965343947254,110,79,17528,17228,13216,7466,18563,24926,48537,36058,34027,25068,274,200,921,3501,13551,50873,1558,149,797,4666,1836,53,293,597,11518,2295,1783,4627
1088,12318,1088.0992916175608,99492,241,141,344,160,131468,79437,2.119818678888755,106,77,17580,17279,13186,7459,18541,24882,48537,36058,34040,25092,274,200,917,3498,13545,50894,1556,149,796,4660,1833,53,293,597,11519,2294,1787,4627
1089,12318,1089.2872439066618,99492,223,140,344,160,131503,79456,2.1203614360953646,110,89,17666,17369,13170,7440,18485,24800,48537,36058,34052,25115,274,199,915,3495,13536,50927,1554,149,796,4648,1831,53,291,596,11520,2293,1791,4624
1090,12318,1090.0812750424836,99492,219,135,344,160,131522,79469,2.1206830699955774,112,85,17733,17435,13141,7425,18449,24758,48537,36058,34064,25138,274,198,914,3497,13516,50956,1553,149,794,4642,1827,53,291,596,11521,2292,1796,4623
1091,12318,1091.275141631465,99492,198,135,344,160,131547,79497,2.1212157761428054,118,83,17832,17557,13111,7413,18395,24650,48537,36058,34076,25160,273,198,911,3497,13504,50983,1550,150,798,4630,1821,53,289,597,11525,2293,1800,4620
1092,12318,1092.0732878572364,99491,189,136,345,160,131559,79516,2.121548682795429,129,76,17898,17626,13078,7411,18359,24589,48537,36058,34087,25181,273,197,910,3496,13495,51007,1549,150,797,4624,1818,53,289,595,11522,2293,1801,4622
1093,12318,1093.2730615669366,99491,185,130,345,160,131596,79538,2.1221417012594106,123,71,17993,17762,13040,7389,18312,24486,48537,36058,34098,25201,273,197,908,3495,13485,51037,1547,149,799,4614,1814,53,289,595,11522,2289,1808,4617
1094,12318,1094.0749310170002,99491,191,127,345,160,131622,79553,2.1225537988360754,116,68,18065,17827,13000,7388,18281,24428,48537,36058,34108,25221,273,197,907,3491,13480,51055,1547,149,799,4602,1812,53,287,596,11527,2289,1813,4614
