,indexID,time,N,Inf_L,Inf_H,Dead_L,Dead_H,cum_cases_L,cum_cases_H,cum_sum_per_N,Exposed_L,Exposed_H,Sus_L,Sus_H,Rec_nat_L,Rec_nat_H,Rec_vax_L,Rec_vax_H,vaccinatedH,vaccinatedL,boostedH,boostedL,count_Naive,count_Delta,count_Delta_vaccine,count_two,count_three,count_four,count_Omicron,count_Omicron_star,count_Omicron_star_vaccine,count_Omicron_vaccine,count_Vaccine,count_WT,count_WT_vaccine,count_WT_vaccine_boost,count_Omicron_vaccine_boost,count_Delta_vaccine_boost,count_Omicron_star_vaccine_boost,count_Vaccine_boost
0,10564,1.1845099266738894,99996,9,6,0,0,9,8,0.00017000680027201088,17,19,49972,49971,0,2,0,0,0,0,0,0,99994,0,0,0,0,0,0,0,0,0,0,2,0,0,0,0,0,0
1,10564,2.051713525283519,99996,12,8,0,0,13,11,0.00024000960038401536,13,17,49972,49970,1,3,0,0,0,0,0,0,99992,0,0,0,0,0,0,0,0,0,0,4,0,0,0,0,0,0
2,10564,3.032606944742401,99996,13,9,0,0,15,14,0.0002900116004640186,12,15,49971,49969,2,5,0,0,0,0,0,0,99989,0,0,0,0,0,0,0,0,0,0,7,0,0,0,0,0,0
3,10564,4.053908032656824,99996,15,9,0,0,21,16,0.00037001480059202366,8,15,49969,49967,6,7,0,0,0,0,0,0,99983,0,0,0,0,0,0,0,0,0,0,13,0,0,0,0,0,0
4,10564,5.00256131142369,99996,12,12,0,0,24,23,0.00047001880075203006,6,9,49968,49966,12,11,0,0,0,0,0,0,99973,0,0,0,0,0,0,0,0,0,0,23,0,0,0,0,0,0
5,10564,6.031921496905577,99996,12,12,0,0,27,24,0.0005100204008160326,5,10,49966,49964,15,12,0,0,0,0,0,0,99969,0,0,0,0,0,0,0,0,0,0,27,0,0,0,0,0,0
6,10564,7.079296560088424,99996,14,14,0,0,30,28,0.0005800232009280372,7,7,49961,49963,16,14,0,0,0,0,0,0,99966,0,0,0,0,0,0,0,0,0,0,30,0,0,0,0,0,0
7,10564,8.022443952659312,99996,14,13,0,0,34,30,0.000640025601024041,7,10,49957,49958,20,17,0,0,0,0,0,0,99959,0,0,0,0,0,0,0,0,0,0,37,0,0,0,0,0,0
8,10564,9.153717006366886,99996,14,14,0,0,38,34,0.0007200288011520461,9,8,49951,49956,24,20,0,0,0,0,0,0,99952,0,0,0,0,0,0,0,0,0,0,44,0,0,0,0,0,0
9,10564,10.11946387974693,99996,11,13,0,0,38,37,0.000750030001200048,9,11,49951,49950,27,24,0,0,0,0,0,0,99945,0,0,0,0,0,0,0,0,0,0,51,0,0,0,0,0,0
10,10564,11.036176019603117,99996,16,15,0,0,43,40,0.0008300332013280532,7,10,49948,49948,27,25,0,0,0,0,0,0,99944,0,0,0,0,0,0,0,0,0,0,52,0,0,0,0,0,0
11,10564,12.161207158887324,99996,15,11,0,0,44,41,0.0008500340013600544,8,11,49946,49946,29,30,0,0,0,0,0,0,99937,0,0,0,0,0,0,0,0,0,0,59,0,0,0,0,0,0
12,10564,13.054860719750735,99996,18,13,0,0,47,43,0.0009000360014400576,9,11,49942,49944,29,30,0,0,0,0,0,0,99937,0,0,0,0,0,0,0,0,0,0,59,0,0,0,0,0,0
13,10564,14.074436678176305,99996,21,14,0,0,50,48,0.0009800392015680626,9,7,49939,49944,29,33,0,0,0,0,0,0,99933,0,0,0,0,0,0,0,0,0,0,63,0,0,0,0,0,0
14,10564,15.117485134512716,99996,21,15,0,0,53,53,0.0010600424016960679,12,4,49933,49942,32,37,0,0,0,0,0,0,99926,0,0,0,0,0,0,0,0,0,0,70,0,0,0,0,0,0
15,10564,16.322734551233108,99996,23,11,0,0,57,54,0.001110044401776071,13,8,49928,49937,34,42,0,0,0,0,0,0,99919,0,0,0,0,0,0,0,0,0,0,77,0,0,0,0,0,0
16,10564,17.011461974468464,99996,19,13,0,0,57,56,0.0011300452018080723,15,7,49926,49936,38,42,0,0,0,0,0,0,99915,0,0,0,0,0,0,0,0,0,0,81,0,0,0,0,0,0
17,10564,18.015921407873623,99996,23,12,0,0,64,58,0.0012200488019520781,14,6,49920,49935,41,45,0,0,0,0,0,0,99909,0,0,0,0,0,0,0,0,0,0,87,0,0,0,0,0,0
18,10564,19.156761571641777,99996,22,11,0,0,71,61,0.0013200528021120844,15,7,49912,49933,49,47,0,0,0,0,0,0,99897,0,0,0,0,0,0,0,0,0,0,99,0,0,0,0,0,0
19,10564,20.004863829574234,99996,20,10,0,0,73,62,0.0013500540021600864,19,7,49906,49932,53,49,0,0,0,0,0,0,99891,0,0,0,0,0,0,0,0,0,0,105,0,0,0,0,0,0
20,10564,21.101805995169542,99996,24,12,0,0,80,66,0.0014600584023360934,17,4,49902,49931,55,51,0,0,0,0,0,0,99886,0,0,0,0,0,0,0,0,0,0,110,0,0,0,0,0,0
21,10564,22.00644341221104,99996,25,12,0,0,85,67,0.0015200608024320973,17,5,49897,49929,59,52,0,0,0,0,0,0,99881,0,0,0,0,0,0,0,0,0,0,115,0,0,0,0,0,0
22,10564,23.181162922337148,99996,23,11,0,0,89,67,0.0015600624024961,17,7,49894,49927,64,53,0,0,0,0,0,0,99874,0,0,0,0,0,0,0,0,0,0,122,0,0,0,0,0,0
23,10564,24.05506971582835,99996,22,12,0,0,93,68,0.0016100644025761031,19,8,49888,49925,69,53,0,0,0,0,0,0,99869,0,0,0,0,0,0,0,0,0,0,127,0,0,0,0,0,0
24,10564,25.05313970384889,99996,25,12,0,0,100,71,0.0017100684027361094,18,6,49882,49924,73,56,0,0,0,0,0,0,99862,0,0,0,0,0,0,0,0,0,0,134,0,0,0,0,0,0
25,10564,26.19936844616668,99996,26,14,0,0,105,75,0.0018000720028801152,16,11,49879,49915,77,58,0,0,0,0,0,0,99856,0,0,0,0,0,0,0,0,0,0,140,0,0,0,0,0,0
26,10564,27.052549688203996,99996,25,15,0,0,107,77,0.0018400736029441178,17,11,49877,49913,79,59,0,0,0,0,0,0,99852,0,0,0,0,0,0,0,0,0,0,144,0,0,0,0,0,0
27,10564,28.066772652994164,99996,23,15,0,0,111,80,0.0019100764030561222,18,11,49873,49910,84,62,0,0,0,0,0,0,99843,0,0,0,0,0,0,0,0,0,0,153,0,0,0,0,0,0
28,10564,29.11279241820027,99996,28,16,0,0,118,83,0.0020100804032161285,14,9,49870,49909,86,64,0,0,0,0,0,0,99839,0,0,0,0,0,0,0,0,0,0,157,0,0,0,0,0,0
29,10564,30.040987857990864,99996,23,17,0,0,122,85,0.0020700828033121325,15,7,49865,49910,95,64,0,0,0,0,0,0,99829,0,0,0,0,0,0,0,0,0,0,167,0,0,0,0,0,0
30,10564,31.121089096244383,99996,27,13,0,0,127,86,0.002130085203408136,12,7,49863,49910,96,68,0,0,0,0,0,0,99823,0,0,0,0,0,0,0,0,0,0,173,0,0,0,0,0,0
31,10564,32.098735754675204,99996,24,14,0,0,129,88,0.002170086803472139,12,5,49862,49910,100,69,0,0,0,0,0,0,99817,0,0,0,0,0,0,0,0,0,0,179,0,0,0,0,0,0
32,10564,33.20491162469411,99996,24,10,0,0,133,88,0.0022100884035361414,16,6,49855,49909,103,73,0,0,0,0,0,0,99809,0,0,0,0,0,0,0,0,0,0,187,0,0,0,0,0,0
33,10564,34.18615132301722,99996,26,14,0,0,136,92,0.002280091203648146,17,4,49851,49907,104,73,0,0,0,0,0,0,99808,0,0,0,0,0,0,0,0,0,0,188,0,0,0,0,0,0
34,10564,35.15094536468688,99996,25,14,0,0,139,93,0.0023200928037121486,17,7,49849,49904,107,73,0,0,0,0,0,0,99803,0,0,0,0,0,0,0,0,0,0,193,0,0,0,0,0,0
35,10564,36.218553430767386,99996,22,10,0,0,142,94,0.002360094403776151,23,8,49840,49902,113,78,0,0,0,0,0,0,99792,0,0,0,0,0,0,0,0,0,0,204,0,0,0,0,0,0
36,10564,37.246081792958456,99996,22,9,0,0,145,96,0.0024100964038561543,24,9,49836,49900,116,80,0,0,0,0,0,0,99786,0,0,0,0,0,0,0,0,0,0,210,0,0,0,0,0,0
37,10564,38.108206303064854,99996,26,16,0,0,152,103,0.002550102004080163,21,3,49833,49899,118,80,0,0,0,0,0,0,99783,0,0,0,0,0,0,0,0,0,0,213,0,0,0,0,0,0
38,10564,39.080335825780246,99996,27,15,0,0,159,105,0.0026401056042241688,15,2,49832,49898,124,83,0,0,0,0,0,0,99774,0,0,0,0,0,0,0,0,0,0,222,0,0,0,0,0,0
39,10564,40.00185567180306,99996,30,13,0,0,164,106,0.002700108004320173,17,5,49825,49894,126,86,0,0,0,0,0,0,99769,0,0,0,0,0,0,0,0,0,0,227,0,0,0,0,0,0
40,10564,41.22008084892203,99996,26,15,0,0,169,108,0.0027701108044321772,21,4,49816,49894,135,85,0,0,0,0,0,0,99760,0,0,0,0,0,0,0,0,0,0,236,0,0,0,0,0,0
41,10564,42.0511654164541,99996,28,16,0,0,172,110,0.0028201128045121805,19,4,49815,49892,136,86,0,0,0,0,0,0,99758,0,0,0,0,0,0,0,0,0,0,238,0,0,0,0,0,0
42,10564,43.052698738326754,99996,31,16,0,0,181,112,0.0029301172046881877,15,5,49811,49889,141,88,0,0,0,0,0,0,99750,0,0,0,0,0,0,0,0,0,0,246,0,0,0,0,0,0
43,10564,44.18674424814051,99996,32,12,0,0,186,114,0.003000120004800192,18,7,49805,49885,143,94,0,0,0,0,0,0,99740,0,0,0,0,0,0,0,0,0,0,256,0,0,0,0,0,0
44,10564,45.076015483580484,99996,33,11,0,0,192,114,0.0030601224048961958,18,10,49799,49882,148,95,0,0,0,0,0,0,99734,0,0,0,0,0,0,0,0,0,0,262,0,0,0,0,0,0
45,10564,46.097159479735325,99996,35,10,0,0,199,114,0.0031301252050082,19,11,49792,49883,152,94,0,0,0,0,0,0,99728,0,0,0,0,0,0,0,0,0,0,268,0,0,0,0,0,0
46,10564,47.103868260709,99996,31,11,0,0,201,116,0.003170126805072203,23,11,49786,49881,158,95,0,0,0,0,0,0,99721,0,0,0,0,0,0,0,0,0,0,275,0,0,0,0,0,0
47,10564,48.22375545836906,99996,33,12,0,0,205,118,0.0032301292051682066,24,11,49781,49879,160,96,0,0,0,0,0,0,99718,0,0,0,0,0,0,0,0,0,0,278,0,0,0,0,0,0
48,10564,49.09979437076708,99996,38,12,0,0,212,120,0.0033201328053122127,24,12,49774,49877,162,97,0,0,0,0,0,0,99714,0,0,0,0,0,0,0,0,0,0,282,0,0,0,0,0,0
49,10564,50.01355147261039,99996,41,14,0,0,219,124,0.0034301372054882195,28,11,49764,49875,165,98,0,0,0,0,0,0,99708,0,0,0,0,0,0,0,0,0,0,288,0,0,0,0,0,0
50,10564,51.14191248740478,99996,41,14,0,0,227,127,0.0035401416056642264,27,13,49757,49871,173,100,0,0,0,0,0,0,99697,0,0,0,0,0,0,0,0,0,0,299,0,0,0,0,0,0
51,10564,52.01499924653695,99996,43,20,0,0,234,134,0.0036801472058882356,24,10,49753,49867,178,101,0,0,0,0,0,0,99691,0,0,0,0,0,0,0,0,0,0,305,0,0,0,0,0,0
52,10564,53.047798564958086,99996,41,17,0,0,240,134,0.0037401496059842393,25,14,49746,49863,186,104,0,0,0,0,0,0,99680,0,0,0,0,0,0,0,0,0,0,316,0,0,0,0,0,0
53,10564,54.01408283950775,99996,44,16,0,0,247,136,0.0038301532061282453,19,14,49745,49861,190,107,0,0,0,0,0,0,99673,0,0,0,0,0,0,0,0,0,0,323,0,0,0,0,0,0
54,10564,55.029811624649085,99996,47,18,0,0,257,140,0.003970158806352254,17,11,49738,49861,196,108,0,0,0,0,0,0,99664,0,0,0,0,0,0,0,0,0,0,332,0,0,0,0,0,0
55,10564,56.15560000456202,99995,44,17,1,0,264,142,0.004060203010150507,15,11,49733,49860,205,110,0,0,0,0,0,0,99651,0,0,0,0,0,0,0,0,0,0,344,0,0,0,0,0,0
56,10564,57.00935852368839,99995,40,17,1,0,267,145,0.004120206010300515,19,11,49726,49857,212,113,0,0,0,0,0,0,99641,0,0,0,0,0,0,0,0,0,0,354,0,0,0,0,0,0
57,10564,58.11401966359023,99994,36,17,1,1,269,148,0.004170250215012901,19,10,49725,49855,217,115,0,0,0,0,0,0,99632,0,0,0,0,0,0,0,0,0,0,362,0,0,0,0,0,0
58,10564,59.233864313754985,99994,36,18,1,1,271,152,0.004230253815228914,19,9,49723,49852,219,118,0,0,0,0,0,0,99627,0,0,0,0,0,0,0,0,0,0,367,0,0,0,0,0,0
59,10564,60.04827898959016,99994,34,20,1,1,275,156,0.004310258615516931,20,8,49720,49849,223,120,0,0,0,0,0,0,99620,0,0,1,0,0,0,0,0,0,0,373,0,0,0,0,0,0
60,10564,61.08730253893349,99994,35,16,1,1,281,157,0.0043802628157689465,17,7,49717,49849,228,125,0,0,0,0,0,0,99610,0,0,1,0,0,0,0,0,0,0,383,0,0,0,0,0,0
61,10564,62.049753392938165,99994,34,16,1,1,286,158,0.004440266415984959,14,10,49716,49845,233,126,0,0,0,0,0,0,99603,0,0,1,0,0,0,0,0,0,0,390,0,0,0,0,0,0
62,10564,63.20290218248104,99994,34,16,1,1,290,163,0.0045302718163089785,16,6,49713,49845,234,130,0,0,0,0,0,0,99594,0,0,1,0,0,0,0,0,0,0,399,0,0,0,0,0,0
63,10564,64.16103592764291,99994,32,17,1,1,291,166,0.0045702742164529875,19,5,49713,49844,233,131,0,0,0,0,0,0,99589,0,0,1,0,0,0,0,0,0,0,404,0,0,0,0,0,0
64,10564,65.24082745906149,99994,30,18,1,1,294,168,0.004620277216632998,24,7,49705,49840,238,132,0,0,0,0,0,0,99583,0,0,1,0,0,0,0,0,0,0,410,0,0,0,0,0,0
65,10564,66.00319788876995,99994,27,16,1,1,295,169,0.004640278416705002,27,7,49702,49839,241,135,0,0,0,0,0,0,99576,0,0,1,0,0,0,0,0,0,0,417,0,0,0,0,0,0
66,10564,67.25673035462829,99994,34,15,1,1,306,170,0.0047602856171370285,20,9,49701,49836,242,137,0,0,0,0,0,0,99570,0,0,1,0,0,0,0,0,0,0,423,0,0,0,0,0,0
67,10564,68.1079075206851,99994,29,13,1,1,306,170,0.0047602856171370285,22,9,49700,49836,246,139,0,0,0,0,0,0,99563,0,0,1,0,0,0,0,0,0,0,430,0,0,0,0,0,0
68,10564,69.05401055818186,99994,29,14,1,1,310,174,0.004840290417425046,24,7,49694,49836,250,140,0,0,0,0,0,0,99556,0,0,1,0,0,0,0,0,0,0,437,0,0,0,0,0,0
69,10564,70.07830837543698,99994,34,13,1,1,318,174,0.004920295217713063,18,11,49696,49832,249,141,0,0,0,0,0,0,99552,0,0,1,0,0,0,0,0,0,0,441,0,0,0,0,0,0
70,10564,71.13949126229859,99994,33,12,1,1,322,175,0.004970298217893074,22,12,49689,49832,253,141,0,0,0,0,0,0,99545,0,0,1,0,0,0,0,0,0,0,448,0,0,0,0,0,0
71,10564,72.19533030580988,99994,35,13,1,1,326,177,0.005030301818109087,22,11,49687,49831,253,142,0,0,0,0,0,0,99542,0,0,1,0,0,0,0,0,0,0,451,0,0,0,0,0,0
72,10564,73.07722403203461,99994,39,14,1,1,332,182,0.0051403084185051105,20,7,49684,49831,254,145,0,0,0,0,0,0,99536,0,0,1,0,0,0,0,0,0,0,457,0,0,0,0,0,0
73,10564,74.01739854513777,99994,39,19,1,1,337,188,0.005250315018901134,19,3,49681,49830,258,145,0,0,0,0,0,0,99530,0,0,1,0,0,0,0,0,0,0,463,0,0,0,0,0,0
74,10564,75.24516527419877,99994,43,17,1,1,346,189,0.005350321019261156,26,9,49666,49823,262,148,0,0,0,0,0,0,99522,0,0,1,0,0,0,0,0,0,0,471,0,0,0,0,0,0
75,10564,76.28854605845729,99994,41,16,1,1,349,191,0.005400324019441166,27,9,49663,49821,266,151,0,0,0,0,0,0,99514,0,0,1,0,0,0,0,0,0,0,479,0,0,0,0,0,0
76,10564,77.0406326871961,99994,39,17,1,1,355,193,0.005480328819729183,27,9,49657,49820,274,151,0,0,0,0,0,0,99506,0,0,2,0,0,0,0,0,0,0,486,0,0,0,0,0,0
77,10564,78.31787901577106,99994,34,16,1,1,357,194,0.00551033061983719,36,11,49646,49817,281,153,0,0,0,0,0,0,99497,0,0,2,0,0,0,0,0,0,0,495,0,0,0,0,0,0
78,10564,79.32196437855568,99994,31,15,1,1,365,194,0.005590335420125207,32,15,49644,49813,290,154,0,0,0,0,0,0,99485,0,0,2,0,0,0,0,0,0,0,507,0,0,0,0,0,0
79,10564,80.14267104610411,99994,33,18,1,1,369,198,0.005670340220413224,31,11,49642,49813,291,155,0,0,0,0,0,0,99482,0,0,2,0,0,0,0,0,0,0,510,0,0,0,0,0,0
80,10564,81.02568538664165,99994,33,20,1,1,373,200,0.005730343820629238,33,10,49641,49812,290,155,0,0,0,0,0,0,99478,0,0,2,0,0,0,0,0,0,0,514,0,0,0,0,0,0
81,10564,82.02670439887021,99994,38,17,1,1,380,203,0.0058303498209892595,28,9,49640,49811,291,160,0,0,0,0,0,0,99470,0,0,2,0,0,0,0,0,0,0,522,0,0,0,0,0,0
82,10564,83.20115194948302,99994,46,17,1,1,392,206,0.0059803588215292915,25,11,49632,49806,294,163,0,0,0,0,0,0,99463,0,0,2,0,0,0,0,0,0,0,529,0,0,0,0,0,0
83,10564,84.02339480321753,99994,50,19,1,1,402,208,0.006100366021961318,21,13,49626,49802,300,163,0,0,0,0,0,0,99457,0,0,2,0,0,0,0,0,0,0,535,0,0,0,0,0,0
84,10564,85.01944636433618,99994,50,19,1,1,406,209,0.006150369022141329,20,15,49624,49799,303,164,0,0,0,0,0,0,99452,0,0,2,0,0,0,0,0,0,0,540,0,0,0,0,0,0
85,10564,86.07055625706609,99994,48,21,1,1,409,215,0.006240374422465348,22,14,49620,49795,307,167,0,0,0,0,0,0,99443,0,0,2,0,0,0,0,0,0,0,549,0,0,0,0,0,0
86,10564,87.04222189087162,99994,52,25,1,1,415,221,0.0063603816228973735,24,14,49614,49791,307,167,0,0,0,0,0,0,99439,0,0,2,0,0,0,0,0,0,0,553,0,0,0,0,0,0
87,10564,88.09511740896998,99994,49,25,1,1,419,224,0.006430385823149389,25,15,49612,49788,311,169,0,0,0,0,0,0,99429,0,0,2,0,0,0,0,0,0,0,563,0,0,0,0,0,0
88,10564,89.01600586916625,99994,52,27,1,1,424,227,0.006510390623437406,27,13,49607,49787,311,170,0,0,0,0,0,0,99426,0,0,2,0,0,0,0,0,0,0,566,0,0,0,0,0,0
89,10564,90.1709126963557,99994,52,26,1,1,436,231,0.0066704002240134406,22,15,49601,49782,322,174,0,0,0,0,0,0,99409,0,0,2,0,0,0,0,0,0,0,583,0,0,0,0,0,0
90,10564,91.01520794944368,99994,50,27,1,1,440,234,0.006740404424265456,26,19,49594,49776,327,175,0,0,0,0,0,0,99401,0,0,2,0,0,0,0,0,0,0,591,0,0,0,0,0,0
91,10564,92.18655451500926,99994,51,30,1,1,447,241,0.006880412824769486,29,19,49585,49770,332,178,0,0,0,0,0,0,99391,0,0,2,0,0,0,0,0,0,0,601,0,0,0,0,0,0
92,10564,93.13349040644334,99994,54,34,1,1,453,249,0.007020421225273517,26,15,49583,49766,334,182,0,0,0,0,0,0,99384,0,0,2,0,0,0,0,0,0,0,608,0,0,0,0,0,0
93,10564,94.24604673919094,99994,53,32,1,1,461,252,0.0071304278256695405,33,15,49570,49764,341,186,0,0,0,0,0,0,99370,0,0,2,0,0,0,0,0,0,0,622,0,0,0,0,0,0
94,10564,95.17925601086007,99994,58,25,1,1,472,253,0.007250435026101566,33,17,49562,49761,344,194,0,0,0,0,0,0,99356,0,0,2,0,0,0,0,0,0,0,636,0,0,0,0,0,0
95,10564,96.19349976927401,99994,59,27,1,1,479,256,0.007350441026461587,36,17,49553,49758,349,195,0,0,0,0,0,0,99349,0,0,2,0,0,0,0,0,0,0,643,0,0,0,0,0,0
96,10564,97.13346520030942,99994,62,29,1,1,488,261,0.007490449426965618,31,14,49550,49757,354,197,0,0,0,0,0,0,99340,0,0,2,0,0,0,0,0,0,0,652,0,0,0,0,0,0
97,10564,98.07619373711833,99994,51,27,1,1,494,263,0.007570454227253635,31,15,49545,49754,370,201,0,0,0,0,0,0,99319,0,0,2,0,0,0,0,0,0,0,673,0,0,0,0,0,0
98,10564,99.17343898033744,99994,53,26,1,1,505,267,0.007720463227793668,27,16,49538,49749,379,206,0,0,0,0,0,0,99305,0,0,2,0,0,0,0,0,0,0,687,0,0,0,0,0,0
99,10564,100.22317923093192,99994,57,26,1,1,510,272,0.007820469228153689,32,14,49528,49746,380,211,0,0,0,0,0,0,99299,0,0,2,0,0,0,0,0,0,0,693,0,0,0,0,0,0
100,10564,101.1881352602401,99994,55,30,1,1,518,281,0.007990479428765726,32,11,49522,49740,388,216,0,0,0,0,0,0,99284,0,0,2,0,0,0,0,0,0,0,708,0,0,0,0,0,0
101,10564,102.1659405475865,99994,56,31,1,1,524,283,0.008070484229053744,31,13,49518,49736,392,217,0,0,0,0,0,0,99278,0,0,2,0,0,0,0,0,0,0,714,0,0,0,0,0,0
102,10564,103.24608623427028,99994,55,33,1,1,531,288,0.00819049142948577,32,14,49512,49730,398,220,0,0,0,0,0,0,99267,0,0,2,0,0,0,0,0,0,0,725,0,0,0,0,0,0
103,10564,104.05205526259324,99994,55,29,1,1,542,292,0.008340500430025802,31,12,49503,49729,408,227,0,0,0,0,0,0,99248,0,0,2,0,0,0,0,0,0,0,744,0,0,0,0,0,0
104,10564,105.15480104695018,99994,58,24,1,1,555,295,0.008500510030601836,34,11,49490,49727,415,235,0,0,0,0,0,0,99230,0,0,2,0,0,0,0,0,0,0,762,0,0,0,0,0,0
105,10564,106.04603999215483,99994,61,26,1,1,564,299,0.008630517831069865,35,10,49480,49724,421,237,0,0,0,0,0,0,99222,0,0,2,0,0,0,0,0,0,0,770,0,0,0,0,0,0
106,10564,107.17670133299909,99994,69,27,1,1,579,303,0.008820529231753905,31,11,49469,49722,428,237,0,0,0,0,0,0,99212,0,0,2,0,0,0,0,0,0,0,780,0,0,0,0,0,0
107,10564,108.10890716928311,99994,68,26,1,1,589,304,0.008930535832149929,27,13,49465,49719,437,239,0,0,0,0,0,0,99199,0,0,2,0,0,0,0,0,0,0,793,0,0,0,0,0,0
108,10564,109.15319229549164,99994,60,24,1,1,592,306,0.008980538832329939,30,17,49460,49716,447,240,0,0,0,0,0,0,99184,0,0,2,0,0,0,0,0,0,0,808,0,0,0,0,0,0
109,10564,110.01227188765878,99994,58,28,1,1,595,312,0.009070544232653958,40,15,49447,49713,452,241,0,0,0,0,0,0,99178,0,0,3,0,0,0,0,0,0,0,813,0,0,0,0,0,0
110,10564,111.03059681441071,99994,57,25,1,1,604,313,0.009170550233013981,43,18,49439,49710,458,244,0,0,0,0,0,0,99164,0,0,3,0,0,0,0,0,0,0,827,0,0,0,0,0,0
111,10564,112.06113003995071,99994,59,29,1,1,613,319,0.009320559233554014,45,16,49434,49706,459,246,0,0,0,0,0,0,99155,0,0,3,0,0,0,0,0,0,0,836,0,0,0,0,0,0
112,10564,113.11598624888995,99994,50,28,1,1,622,324,0.009460567634058044,44,14,49427,49704,476,251,0,0,0,0,0,0,99131,0,0,3,0,0,0,0,0,0,0,860,0,0,0,0,0,0
113,10564,114.02498175033088,99994,56,29,1,1,630,328,0.009580574834490069,43,12,49421,49705,477,251,0,0,0,0,0,0,99126,0,0,3,0,0,0,0,0,0,0,865,0,0,0,0,0,0
114,10564,115.19508929418832,99994,62,24,1,1,647,333,0.009800588035282116,34,13,49415,49699,486,261,0,0,0,0,0,0,99106,0,0,4,0,0,0,0,0,0,0,884,0,0,0,0,0,0
115,10564,116.0985891958228,99993,61,27,2,1,656,338,0.00994069584870941,32,8,49409,49700,494,262,0,0,0,0,0,0,99094,0,0,4,0,0,0,0,0,0,0,895,0,0,0,0,0,0
116,10564,117.11273591627561,99993,59,29,2,1,664,343,0.010070704949346454,36,10,49399,49694,502,264,0,0,0,0,0,0,99081,0,0,4,0,0,0,0,0,0,0,908,0,0,0,0,0,0
117,10564,118.22683414775204,99993,53,30,2,1,670,345,0.010150710549738482,40,15,49392,49687,511,265,0,0,0,0,0,0,99068,0,0,4,0,0,0,0,0,0,0,921,0,0,0,0,0,0
118,10564,119.24436149541997,99993,51,29,2,1,678,348,0.01026071825027752,43,13,49384,49687,518,268,0,0,0,0,0,0,99054,0,0,4,0,0,0,0,0,0,0,935,0,0,0,0,0,0
119,10564,120.07276428500536,99993,58,31,2,1,688,352,0.010400728050963568,37,14,49382,49683,519,269,0,0,0,0,0,0,99049,0,0,4,0,0,0,0,0,0,0,940,0,0,0,0,0,0
120,10564,121.27490656735988,99993,61,29,2,1,700,358,0.01058074065184563,39,15,49370,49676,526,277,0,0,0,0,0,0,99032,0,0,4,0,0,0,0,0,0,0,957,0,0,0,0,0,0
121,10564,122.02733033689536,99993,67,27,2,1,712,362,0.010740751852629684,36,13,49363,49674,530,283,0,0,0,0,0,0,99020,0,0,4,0,0,0,0,0,0,0,969,0,0,0,0,0,0
122,10564,123.00574223695128,99993,64,27,2,1,718,365,0.010830758153070715,41,14,49354,49671,537,285,0,0,0,0,0,0,99008,0,0,4,0,0,0,0,0,0,0,981,0,0,0,0,0,0
123,10564,124.05890418316865,99993,64,28,2,1,732,370,0.01102077145400178,35,18,49347,49662,550,289,0,0,0,0,0,0,98990,0,0,4,0,0,0,0,0,0,0,999,0,0,0,0,0,0
124,10564,125.22022685504766,99993,62,24,2,1,742,373,0.011150780554638825,37,28,49335,49650,562,295,0,0,0,0,0,0,98971,0,0,4,0,0,0,0,0,0,0,1018,0,0,0,0,0,0
125,10564,126.22038260576659,99993,56,31,2,1,751,383,0.01134079385556989,38,28,49327,49641,575,297,0,0,0,0,0,0,98953,0,0,4,0,0,0,0,0,0,0,1036,0,0,0,0,0,0
126,10564,127.22069937219418,99993,57,34,2,1,759,389,0.011480803656255938,43,28,49315,49638,581,297,0,0,0,0,0,0,98943,0,0,4,0,0,0,0,0,0,0,1046,0,0,0,0,0,0
127,10564,128.2211966916451,99993,55,36,2,1,769,396,0.011650815557088997,37,24,49311,49636,593,301,0,0,0,0,0,0,98926,0,0,4,0,0,0,0,0,0,0,1063,0,0,0,0,0,0
128,10564,129.22187299159344,99993,54,38,2,1,776,402,0.01178082465772604,39,20,49303,49634,600,305,0,0,0,0,0,0,98914,0,0,4,0,0,0,0,0,0,0,1075,0,0,0,0,0,0
129,10564,130.26029760157365,99993,52,35,2,1,783,405,0.011880831658216075,44,25,49291,49628,609,309,0,0,0,0,0,0,98899,0,0,4,0,0,0,0,0,0,0,1090,0,0,0,0,0,0
130,10564,131.26132077975728,99993,60,37,2,1,793,415,0.012080845659196144,42,21,49288,49624,606,315,0,0,0,0,0,0,98889,0,0,4,0,0,0,0,0,0,0,1100,0,0,0,0,0,0
131,10564,132.26237074944947,99993,56,42,2,1,803,421,0.012240856859980198,39,20,49281,49619,620,316,0,0,0,0,0,0,98874,0,0,4,0,0,0,0,0,0,0,1115,0,0,0,0,0,0
132,10564,133.1465047620119,99992,54,40,3,1,808,426,0.01234098727898232,37,16,49278,49618,626,323,0,0,0,0,0,0,98860,0,0,4,0,0,0,0,0,0,0,1128,0,0,0,0,0,0
133,10564,134.21064966065455,99991,53,39,4,1,814,429,0.012431118800692063,46,19,49265,49613,630,326,0,0,0,0,0,0,98849,0,0,4,0,0,0,0,0,0,0,1138,0,0,0,0,0,0
134,10564,135.23575032243374,99991,61,32,4,1,831,434,0.012651138602474223,40,20,49256,49610,637,335,0,0,0,0,0,0,98828,0,0,4,0,0,0,0,0,0,0,1159,0,0,0,0,0,0
135,10564,136.07168397181144,99991,58,34,4,1,835,438,0.012731145803122281,41,17,49252,49609,643,337,0,0,0,0,0,0,98819,0,0,4,0,0,0,0,0,0,0,1168,0,0,0,0,0,0
136,10564,137.23464929398656,99991,59,33,4,1,850,442,0.01292116290466142,35,18,49246,49607,654,339,0,0,0,0,0,0,98801,0,0,5,0,0,0,0,0,0,0,1185,0,0,0,0,0,0
137,10564,138.02631128570317,99991,58,36,4,1,859,447,0.013061175505795521,32,16,49241,49604,663,341,0,0,0,0,0,0,98789,0,0,5,0,0,0,0,0,0,0,1197,0,0,0,0,0,0
138,10564,139.0237734942915,99991,60,41,4,1,868,455,0.013231190807172645,32,12,49236,49601,666,343,0,0,0,0,0,0,98779,0,0,5,0,0,0,0,0,0,0,1207,0,0,0,0,0,0
139,10564,140.24175465986485,99990,54,41,5,1,877,461,0.013381338133813382,37,14,49224,49593,678,349,0,0,0,0,0,0,98759,0,0,6,0,0,0,0,0,0,0,1225,0,0,0,0,0,0
140,10564,141.16918185036542,99990,59,36,5,1,887,463,0.013501350135013501,43,16,49211,49590,680,355,0,0,0,0,0,0,98747,0,0,6,0,0,0,0,0,0,0,1237,0,0,0,0,0,0
141,10564,142.22172450680918,99990,56,38,5,1,896,466,0.013621362136213622,41,18,49209,49588,687,353,0,0,0,0,0,0,98734,0,0,6,0,0,0,0,0,0,0,1250,0,0,0,0,0,0
142,10564,143.1624301228438,99990,61,40,5,1,908,472,0.013801380138013802,36,15,49204,49587,692,355,0,0,0,0,0,0,98723,0,0,6,0,0,0,0,0,0,0,1261,0,0,0,0,0,0
143,10564,144.02417994170216,99990,65,40,5,1,918,476,0.013941394139413942,33,17,49199,49581,696,359,0,0,0,0,0,0,98714,0,0,7,0,0,0,0,0,0,0,1269,0,0,0,0,0,0
144,10564,145.0264895477289,99990,63,39,5,1,932,482,0.014141414141414142,26,17,49196,49577,708,364,0,0,0,0,0,0,98692,0,0,8,0,0,0,0,0,0,0,1290,0,0,0,0,0,0
145,10564,146.29173886708264,99990,62,35,5,1,942,486,0.014281428142814282,29,22,49186,49571,716,369,0,0,0,0,0,0,98673,0,0,8,0,0,0,0,0,0,0,1309,0,0,0,0,0,0
146,10564,147.29491662406997,99990,62,31,5,1,951,490,0.014411441144114412,27,26,49180,49566,724,374,0,0,0,0,0,0,98657,0,0,9,0,0,0,0,0,0,0,1324,0,0,0,0,0,0
147,10564,148.2982298018608,99990,64,38,5,1,961,499,0.014601460146014602,25,20,49175,49563,729,376,0,0,0,0,0,0,98647,0,0,9,0,0,0,0,0,0,0,1334,0,0,0,0,0,0
148,10564,149.21939343478007,99990,68,36,5,1,969,502,0.014711471147114711,28,20,49166,49561,731,380,0,0,0,0,0,0,98638,0,0,9,0,0,0,0,0,0,0,1343,0,0,0,0,0,0
149,10564,150.2229628575134,99990,70,37,5,1,982,507,0.014891489148914892,31,19,49155,49557,737,384,0,0,0,0,0,0,98623,0,0,9,0,0,0,0,0,0,0,1358,0,0,0,0,0,0
150,10564,151.2752875807511,99990,71,35,5,1,991,512,0.015031503150315031,37,20,49145,49552,740,390,0,0,0,0,0,0,98608,0,0,9,0,0,0,0,0,0,0,1373,0,0,0,0,0,0
151,10564,152.12534023289825,99990,75,35,5,1,1002,516,0.015181518151815182,32,22,49140,49546,746,394,0,0,0,0,0,0,98597,0,0,9,0,0,0,0,0,0,0,1384,0,0,0,0,0,0
152,10564,153.12928797037978,99990,80,38,5,1,1014,522,0.015361536153615362,36,21,49125,49543,752,395,0,0,0,0,0,0,98587,0,0,9,0,0,0,0,0,0,0,1394,0,0,0,0,0,0
153,10564,154.133426358881,99990,78,37,5,1,1023,528,0.015511551155115511,32,22,49122,49536,761,402,0,0,0,0,0,0,98569,0,0,9,0,0,0,0,0,0,0,1412,0,0,0,0,0,0
154,10564,155.16590124554392,99990,73,40,5,1,1032,535,0.015671567156715673,31,20,49116,49532,773,405,0,0,0,0,0,0,98551,0,0,9,0,0,0,0,0,0,0,1430,0,0,0,0,0,0
155,10564,156.21553611939348,99990,70,38,5,1,1039,539,0.015781578157815782,33,23,49110,49526,780,410,0,0,0,0,0,0,98535,0,0,9,0,0,0,0,0,0,0,1446,0,0,0,0,0,0
156,10564,157.2201443899893,99990,65,33,5,1,1046,541,0.015871587158715873,39,28,49099,49521,790,415,0,0,0,0,0,0,98516,0,0,9,0,0,0,0,0,0,0,1465,0,0,0,0,0,0
157,10564,158.22495191962238,99990,62,33,5,1,1055,546,0.01601160116011601,35,28,49095,49519,801,417,0,0,0,0,0,0,98499,0,0,9,0,0,0,0,0,0,0,1482,0,0,0,0,0,0
158,10564,159.22992736142368,99990,61,31,5,1,1063,552,0.016151615161516152,31,26,49093,49515,808,425,0,0,0,0,0,0,98484,0,0,11,0,0,0,0,0,0,0,1495,0,0,0,0,0,0
159,10564,160.2350199485902,99990,62,25,5,1,1073,555,0.01628162816281628,31,24,49085,49514,815,434,0,0,0,0,0,0,98466,0,0,11,0,0,0,0,0,0,0,1513,0,0,0,0,0,0
160,10564,161.2403075916912,99990,58,24,5,1,1078,558,0.016361636163616362,36,31,49077,49507,822,435,0,0,0,0,0,0,98453,0,0,11,0,0,0,0,0,0,0,1526,0,0,0,0,0,0
161,10564,162.24573651037653,99990,59,30,5,1,1088,565,0.01653165316531653,36,29,49070,49502,828,436,0,0,0,0,0,0,98443,0,0,11,0,0,0,0,0,0,0,1536,0,0,0,0,0,0
162,10564,163.25128144321354,99990,58,29,5,1,1096,569,0.01665166516651665,34,31,49065,49496,836,441,0,0,0,0,0,0,98429,0,0,11,0,0,0,0,0,0,0,1550,0,0,0,0,0,0
163,10564,164.2569363221354,99990,54,31,5,1,1102,577,0.016791679167916792,37,29,49061,49492,841,445,0,0,0,0,0,0,98413,0,0,11,0,0,0,0,0,0,0,1566,0,0,0,0,0,0
164,10564,165.26268963545436,99990,55,36,5,1,1110,586,0.01696169616961696,37,25,49054,49490,847,446,0,0,0,0,0,0,98402,0,0,11,0,0,0,0,0,0,0,1577,0,0,0,0,0,0
165,10564,166.26856428413515,99990,59,40,5,1,1121,595,0.017161716171617162,40,17,49041,49490,853,450,0,0,0,0,0,0,98390,0,0,11,0,0,0,0,0,0,0,1589,0,0,0,0,0,0
166,10564,167.22579063950445,99990,61,38,5,1,1127,599,0.017261726172617262,39,19,49041,49484,852,456,0,0,0,0,0,0,98381,0,0,12,0,0,0,0,0,0,0,1597,0,0,0,0,0,0
167,10564,168.0316928366523,99990,61,29,5,1,1137,604,0.017411741174117413,39,22,49033,49479,860,467,0,0,0,0,0,0,98357,0,0,12,0,0,0,0,0,0,0,1621,0,0,0,0,0,0
168,10564,169.03796396530205,99990,66,24,5,1,1150,608,0.017581758175817582,36,21,49023,49476,868,476,0,0,0,0,0,0,98340,0,0,12,0,0,0,0,0,0,0,1638,0,0,0,0,0,0
169,10564,170.04443327203924,99990,63,30,5,1,1158,615,0.017731773177317733,40,17,49012,49474,878,476,0,0,0,0,0,0,98328,0,0,12,0,0,0,0,0,0,0,1650,0,0,0,0,0,0
170,10564,171.20585771544523,99990,63,27,5,1,1171,618,0.017891789178917893,40,23,49000,49468,890,479,0,0,0,0,0,0,98310,0,0,13,0,0,0,0,0,0,0,1667,0,0,0,0,0,0
171,10564,172.2127916368202,99990,60,29,5,1,1178,625,0.01803180318031803,41,26,48992,49460,900,482,0,0,0,0,0,0,98295,0,0,13,0,0,0,0,0,0,0,1682,0,0,0,0,0,0
172,10564,173.2198873926845,99990,63,32,5,1,1190,634,0.01824182418241824,41,20,48984,49461,905,484,0,0,0,0,0,0,98280,0,0,13,0,0,0,0,0,0,0,1697,0,0,0,0,0,0
173,10564,174.27619563944552,99990,67,31,5,1,1201,636,0.018371837183718372,37,19,48978,49460,911,487,0,0,0,0,0,0,98270,0,0,13,0,0,0,0,0,0,0,1707,0,0,0,0,0,0
174,10564,175.2194162335923,99990,69,37,5,1,1212,645,0.018571857185718573,36,17,48973,49457,915,486,0,0,0,0,0,0,98258,0,0,13,0,0,0,0,0,0,0,1719,0,0,0,0,0,0
175,10564,176.1614592894515,99990,68,33,5,1,1217,647,0.018641864186418642,37,18,48970,49454,918,492,0,0,0,0,0,0,98246,0,0,13,0,0,0,0,0,0,0,1731,0,0,0,0,0,0
176,10564,177.21177105453322,99990,73,32,5,1,1230,652,0.01882188218821882,41,20,48957,49449,922,496,0,0,0,0,0,0,98232,0,0,13,0,0,0,0,0,0,0,1745,0,0,0,0,0,0
177,10564,178.14957360110517,99990,68,36,5,1,1234,657,0.01891189118911891,40,20,48954,49446,931,495,0,0,0,0,0,0,98222,0,0,13,0,0,0,0,0,0,0,1755,0,0,0,0,0,0
178,10564,179.06853307386336,99990,72,32,5,1,1251,661,0.01912191219121912,41,19,48937,49445,943,501,0,0,0,0,0,0,98201,0,0,13,0,0,0,0,0,0,0,1776,0,0,0,0,0,0
179,10564,180.28618102827494,99990,76,30,5,1,1265,667,0.019321932193219322,41,18,48924,49442,952,507,0,0,0,0,0,0,98183,0,0,13,0,0,0,0,0,0,0,1794,0,0,0,0,0,0
180,10564,181.12981906033895,99990,81,31,5,1,1273,671,0.01944194419441944,46,18,48911,49438,955,510,0,0,0,0,0,0,98177,0,0,13,0,0,0,0,0,0,0,1800,0,0,0,0,0,0
181,10564,182.23826015380672,99990,90,34,5,1,1292,677,0.019691969196919692,42,23,48902,49428,959,512,0,0,0,0,0,0,98164,0,0,13,0,0,0,0,0,0,0,1813,0,0,0,0,0,0
182,10564,183.2626135544737,99990,89,38,5,1,1302,684,0.019861986198619862,50,26,48886,49419,968,514,0,0,0,0,0,0,98150,0,0,13,0,0,0,0,0,0,0,1827,0,0,0,0,0,0
183,10564,184.2714357480263,99990,87,37,5,1,1315,692,0.020072007200720072,58,29,48868,49408,980,523,0,0,0,0,0,0,98126,0,0,13,0,0,0,0,0,0,0,1851,0,0,0,0,0,0
184,10564,185.2805409313052,99990,80,42,5,1,1324,700,0.02024202420242024,61,27,48862,49404,990,524,0,0,0,0,0,0,98107,0,0,13,0,0,0,0,0,0,0,1870,0,0,0,0,0,0
185,10564,186.28980294578906,99990,91,49,5,1,1345,711,0.02056205620562056,59,24,48847,49397,996,527,0,0,0,0,0,0,98093,0,0,13,0,0,0,0,0,0,0,1884,0,0,0,0,0,0
186,10564,187.29926763144343,99990,91,56,5,1,1357,722,0.020792079207920793,70,21,48827,49391,1005,529,0,0,0,0,0,0,98077,0,0,13,0,0,0,0,0,0,0,1900,0,0,0,0,0,0
187,10564,188.3089770704409,99990,108,54,5,1,1385,726,0.021112111211121113,60,27,48811,49383,1014,533,0,0,0,0,0,0,98060,0,0,13,0,0,0,0,0,0,0,1917,0,0,0,0,0,0
188,10564,189.31893622555836,99989,109,55,6,1,1400,735,0.02135234875836342,58,24,48803,49379,1022,539,0,0,0,0,0,0,98038,0,0,13,0,0,0,0,0,0,0,1938,0,0,0,0,0,0
189,10564,190.32907916029055,99989,104,57,6,1,1414,743,0.021572372961025713,61,24,48790,49372,1037,544,0,0,0,0,0,0,98014,0,0,14,0,0,0,0,0,0,0,1961,0,0,0,0,0,0
190,10564,191.00264910770483,99989,102,55,6,1,1423,745,0.021682385062356858,61,26,48781,49368,1048,548,0,0,0,0,0,0,97999,0,0,14,0,0,0,0,0,0,0,1976,0,0,0,0,0,0
191,10564,192.01327094474465,99989,95,52,6,1,1436,749,0.021852403764414087,60,31,48772,49363,1065,551,0,0,0,0,0,0,97972,0,0,14,0,0,0,0,0,0,0,2003,0,0,0,0,0,0
192,10564,193.02415083800338,99987,106,55,8,1,1461,757,0.022182883774890735,49,39,48762,49349,1073,554,0,0,0,0,0,0,97953,0,0,14,0,0,0,0,0,0,0,2020,0,0,0,0,0,0
193,10564,194.03515880506384,99987,105,53,8,1,1473,768,0.02241291367877824,49,36,48752,49341,1084,567,0,0,0,0,0,0,97928,0,0,15,0,0,0,0,0,0,0,2044,0,0,0,0,0,0
194,10564,195.04641514273584,99987,111,48,8,1,1489,775,0.022642943582665748,56,39,48732,49335,1091,575,0,0,0,0,0,0,97906,0,0,15,0,0,0,0,0,0,0,2066,0,0,0,0,0,0
195,10564,196.05798439914196,99987,97,53,8,1,1498,784,0.022822966985708144,62,38,48719,49328,1112,578,0,0,0,0,0,0,97879,0,0,15,0,0,0,0,0,0,0,2093,0,0,0,0,0,0
196,10564,197.06987625468363,99987,104,54,8,1,1517,794,0.02311300469060978,63,34,48704,49324,1119,585,0,0,0,0,0,0,97858,0,0,15,0,0,0,0,0,0,0,2114,0,0,0,0,0,0
197,10564,198.08203305105107,99987,106,52,8,1,1535,802,0.023373038495004352,64,32,48691,49322,1129,591,0,0,0,0,0,0,97833,0,0,16,0,0,0,0,0,0,0,2138,0,0,0,0,0,0
198,10564,199.09441045487668,99986,106,43,8,2,1553,807,0.023603304462624767,64,35,48676,49315,1144,603,0,0,0,0,0,0,97801,0,0,16,0,0,0,0,0,0,0,2169,0,0,0,0,0,0
199,10564,200.10715956752014,99986,100,40,8,2,1563,812,0.02375332546556518,73,41,48664,49305,1153,610,0,0,0,0,0,0,97777,0,0,16,0,0,0,0,0,0,0,2193,0,0,0,0,0,0
200,10564,201.1201482835141,99986,102,43,8,2,1578,819,0.023973356269877785,76,38,48649,49306,1163,609,0,0,0,0,0,0,97760,0,0,16,0,0,0,0,0,0,0,2210,0,0,0,0,0,0
201,10564,202.13337483340746,99986,100,46,8,2,1597,828,0.024253395475366552,75,38,48632,49299,1183,613,0,0,0,0,0,0,97735,0,0,18,0,0,0,0,0,0,0,2233,0,0,0,0,0,0
202,10564,203.1469662140401,99986,105,48,8,2,1616,836,0.02452343328065929,78,37,48615,49293,1192,618,0,0,0,0,0,0,97715,0,0,18,0,0,0,0,0,0,0,2253,0,0,0,0,0,0
203,10564,204.16083371718977,99985,103,47,9,2,1631,848,0.02479371905785868,77,36,48608,49286,1201,627,0,0,0,0,0,0,97685,0,0,18,0,0,0,0,0,0,0,2282,0,0,0,0,0,0
204,10564,205.17488221946104,99985,106,44,9,2,1648,854,0.025023753563034455,83,35,48591,49283,1209,634,0,0,0,0,0,0,97662,0,0,18,0,0,0,0,0,0,0,2305,0,0,0,0,0,0
205,10564,206.18917139827144,99985,116,46,9,2,1673,863,0.025363804570685603,80,35,48574,49275,1219,640,0,0,0,0,0,0,97640,0,0,18,0,0,0,0,0,0,0,2327,0,0,0,0,0,0
206,10564,207.2037420950927,99985,113,50,9,2,1687,869,0.025563834575186278,83,35,48558,49270,1235,641,0,0,0,0,0,0,97622,0,0,19,0,0,0,0,0,0,0,2344,0,0,0,0,0,0
207,10564,208.21864331620336,99985,115,45,9,2,1705,877,0.025823873581037157,78,36,48548,49262,1248,653,0,0,0,0,0,0,97593,0,0,19,0,0,0,0,0,0,0,2373,0,0,0,0,0,0
208,10564,209.23378677755062,99985,114,43,9,2,1723,880,0.026033905085762865,75,40,48541,49260,1259,653,0,0,0,0,0,0,97569,0,0,19,0,0,0,0,0,0,0,2397,0,0,0,0,0,0
209,10564,210.24911732517987,99985,124,46,9,2,1742,890,0.026323948592288843,69,43,48532,49248,1264,659,0,0,0,0,0,0,97553,0,0,19,0,0,0,0,0,0,0,2413,0,0,0,0,0,0
210,10564,211.26458775597303,99985,124,49,9,2,1760,898,0.02658398759813972,70,41,48515,49244,1280,662,0,0,0,0,0,0,97530,0,0,19,0,0,0,0,0,0,0,2436,0,0,0,0,0,0
211,10564,212.28036385514136,99985,123,55,9,2,1778,910,0.026884032604890733,69,36,48503,49240,1294,665,0,0,0,0,0,0,97505,0,0,19,0,0,0,0,0,0,0,2461,0,0,0,0,0,0
212,10564,213.29643055847893,99985,124,59,9,2,1794,920,0.027144071610741612,68,30,48491,49240,1306,667,0,0,0,0,0,0,97484,0,0,19,0,0,0,0,0,0,0,2482,0,0,0,0,0,0
213,10564,214.31272257207567,99985,113,62,9,2,1807,932,0.027394109116367454,72,27,48482,49232,1322,675,0,0,0,0,0,0,97451,0,0,19,0,0,0,0,0,0,0,2515,0,0,0,0,0,0
214,10564,215.32928547866825,99985,114,62,9,2,1822,940,0.02762414362154323,72,34,48474,49219,1329,681,0,0,0,0,0,0,97429,0,0,19,0,0,0,0,0,0,0,2537,0,0,0,0,0,0
215,10564,216.00703443685094,99985,118,57,9,2,1834,942,0.027764164624693704,72,40,48464,49214,1335,685,0,0,0,0,0,0,97416,0,0,21,0,0,0,0,0,0,0,2548,0,0,0,0,0,0
216,10564,217.02389412686105,99985,127,56,9,2,1859,949,0.028084212631894784,63,39,48450,49212,1349,689,0,0,0,0,0,0,97392,0,0,21,0,0,0,0,0,0,0,2572,0,0,0,0,0,0
217,10564,218.04105487574535,99985,131,60,9,2,1878,957,0.028354253137970697,62,47,48437,49198,1359,691,0,0,0,0,0,0,97373,0,0,21,0,0,0,0,0,0,0,2591,0,0,0,0,0,0
218,10564,219.05842007853047,99984,131,59,10,2,1901,963,0.02864458313330133,60,50,48423,49192,1374,695,0,0,0,0,0,0,97343,0,0,21,0,0,0,0,0,0,0,2620,0,0,0,0,0,0
219,10564,220.0761092101041,99984,121,58,10,2,1915,971,0.02886461833893423,71,47,48400,49189,1396,702,0,0,0,0,0,0,97310,0,0,21,0,0,0,0,0,0,0,2653,0,0,0,0,0,0
220,10564,221.09423520802042,99984,110,58,10,2,1929,980,0.02909465514482317,71,44,48392,49186,1415,708,0,0,0,0,0,0,97276,0,0,21,0,0,0,0,0,0,0,2687,0,0,0,0,0,0
221,10564,222.11268115972365,99984,107,57,10,2,1942,990,0.029324691950712113,70,41,48387,49181,1424,717,0,0,0,0,0,0,97249,0,0,21,0,0,0,0,0,0,0,2714,0,0,0,0,0,0
222,10564,223.13132038156832,99984,105,58,10,2,1961,997,0.02958473355736918,72,44,48374,49173,1437,721,0,0,0,0,0,0,97224,0,0,23,0,0,0,0,0,0,0,2737,0,0,0,0,0,0
223,10564,224.15015683058402,99984,112,61,10,2,1982,1004,0.029864778364538325,70,47,48362,49167,1444,721,0,0,0,0,0,0,97206,0,0,23,0,0,0,0,0,0,0,2755,0,0,0,0,0,0
224,10564,225.16918935483932,99984,110,64,10,2,1996,1014,0.03010481677068331,68,39,48354,49166,1456,727,0,0,0,0,0,0,97185,0,0,25,0,0,0,0,0,0,0,2774,0,0,0,0,0,0
225,10564,226.18844682663163,99984,116,70,10,2,2016,1027,0.030434869579132662,66,36,48344,49157,1462,733,0,0,0,0,0,0,97164,0,0,25,0,0,0,0,0,0,0,2795,0,0,0,0,0,0
226,10564,227.20787597510179,99984,122,65,10,2,2037,1034,0.03071491438630181,61,37,48330,49152,1475,742,0,0,0,0,0,0,97137,0,0,25,0,0,0,0,0,0,0,2822,0,0,0,0,0,0
227,10564,228.2275589133952,99984,116,60,10,2,2050,1040,0.030904944791166587,62,43,48319,49143,1491,750,0,0,0,0,0,0,97107,0,0,25,0,0,0,0,0,0,0,2852,0,0,0,0,0,0
228,10564,229.2475666643061,99984,108,65,10,2,2062,1052,0.03114498319731157,69,38,48303,49141,1508,752,0,0,0,0,0,0,97080,0,0,25,0,0,0,0,0,0,0,2879,0,0,0,0,0,0
229,10564,230.26794009712867,99984,118,71,10,2,2081,1066,0.031475036005760924,74,37,48281,49131,1515,757,0,0,0,0,0,0,97063,0,0,25,0,0,0,0,0,0,0,2896,0,0,0,0,0,0
230,10564,231.28854244173866,99984,116,68,10,2,2092,1074,0.0316650664106257,80,43,48274,49118,1518,767,0,0,0,0,0,0,97039,0,0,25,0,0,0,0,0,0,0,2920,0,0,0,0,0,0
231,10564,232.3092344174243,99984,121,66,10,2,2115,1080,0.031955112818050885,73,44,48267,49114,1527,772,0,0,0,0,0,0,97013,0,0,25,0,0,0,0,0,0,0,2946,0,0,0,0,0,0
232,10564,233.33010791298315,99984,111,62,10,2,2129,1087,0.03216514642342775,78,48,48252,49104,1547,782,0,0,0,0,0,0,96979,0,0,26,0,0,0,0,0,0,0,2979,0,0,0,0,0,0
233,10564,234.01090722225052,99984,121,67,10,2,2147,1096,0.03243518963034085,72,48,48243,49096,1552,785,0,0,0,0,0,0,96968,0,0,27,0,0,0,0,0,0,0,2989,0,0,0,0,0,0
234,10564,235.03227975912083,99984,123,69,10,2,2163,1109,0.032725236037766045,76,41,48227,49091,1562,795,0,0,0,0,0,0,96943,0,0,27,0,0,0,0,0,0,0,3014,0,0,0,0,0,0
235,10564,236.05394198150776,99984,134,68,10,2,2190,1115,0.03305528884621539,73,46,48207,49085,1574,797,0,0,0,0,0,0,96920,0,0,27,0,0,0,0,0,0,0,3037,0,0,0,0,0,0
236,10564,237.07592617648925,99984,137,71,10,2,2209,1125,0.033345335253640584,76,46,48188,49076,1587,803,0,0,0,0,0,0,96897,0,0,27,0,0,0,0,0,0,0,3060,0,0,0,0,0,0
237,10564,238.09825725257423,99984,136,76,10,2,2225,1138,0.03363538166106577,86,45,48167,49065,1599,810,0,0,0,0,0,0,96872,0,0,27,0,0,0,0,0,0,0,3085,0,0,0,0,0,0
238,10564,239.12089777319778,99984,133,73,10,2,2247,1148,0.03395543286925908,87,52,48153,49052,1615,819,0,0,0,0,0,0,96834,0,0,27,0,0,0,0,0,0,0,3123,0,0,0,0,0,0
239,10564,240.14382938488308,99984,137,74,10,2,2268,1160,0.034285485677708435,86,54,48143,49042,1622,826,0,0,0,0,0,0,96807,0,0,28,0,0,0,0,0,0,0,3149,0,0,0,0,0,0
240,10564,241.1669881106174,99984,146,83,10,2,2293,1177,0.03470555288846215,92,51,48117,49031,1633,831,0,0,0,0,0,0,96784,0,0,29,0,0,0,0,0,0,0,3171,0,0,0,0,0,0
241,10564,242.19047909583983,99984,147,91,10,2,2320,1195,0.035155624899984,94,47,48093,49019,1654,839,0,0,0,0,0,0,96749,0,0,30,0,0,0,0,0,0,0,3205,0,0,0,0,0,0
242,10564,243.21438066284452,99984,160,85,10,2,2342,1207,0.03549567930868939,101,45,48073,49012,1654,854,0,0,0,0,0,0,96722,0,0,30,0,0,0,0,0,0,0,3232,0,0,0,0,0,0
243,10564,244.23858682188202,99984,165,76,10,2,2370,1211,0.0358157305168827,102,59,48051,48994,1670,867,0,0,0,0,0,0,96687,0,0,31,0,0,0,0,0,0,0,3266,0,0,0,0,0,0
244,10564,245.26321040050465,99984,167,72,10,2,2396,1223,0.036195791326612256,116,59,48014,48989,1691,876,0,0,0,0,0,0,96647,0,0,31,0,0,0,0,0,0,0,3306,0,0,0,0,0,0
245,10564,246.28843455530335,99984,168,79,10,2,2425,1241,0.03666586653864618,113,53,47994,48982,1713,882,0,0,0,0,0,0,96610,0,0,33,0,0,0,0,0,0,0,3341,0,0,0,0,0,0
246,10564,247.3140706727682,99984,169,77,10,2,2450,1253,0.0370359257481197,108,57,47979,48970,1732,892,0,0,0,0,0,0,96574,0,0,35,0,0,0,0,0,0,0,3375,0,0,0,0,0,0
247,10564,248.3400654118932,99984,184,85,10,2,2483,1272,0.03755600896143383,98,51,47963,48960,1743,900,0,0,0,0,0,0,96546,0,0,36,0,0,0,0,0,0,0,3402,0,0,0,0,0,0
248,10564,249.02421361936183,99984,196,88,10,2,2507,1282,0.037896063370139225,101,47,47940,48958,1751,903,0,0,0,0,0,0,96527,0,0,36,0,0,0,0,0,0,0,3421,0,0,0,0,0,0
249,10564,250.05081640372399,99984,191,87,10,2,2527,1297,0.038246119379100656,114,42,47915,48950,1768,917,0,0,0,0,0,0,96486,0,0,36,0,0,0,0,0,0,0,3462,0,0,0,0,0,0
250,10564,251.0778790434743,99984,200,82,10,2,2560,1307,0.03867618819011042,107,50,47895,48937,1786,927,0,0,0,0,0,0,96447,0,0,36,0,0,0,0,0,0,0,3501,0,0,0,0,0,0
251,10564,252.10537370416563,99984,199,84,10,2,2592,1322,0.039146263402144346,110,49,47865,48927,1814,936,0,0,0,0,0,0,96401,0,0,36,0,0,0,0,0,0,0,3547,0,0,0,0,0,0
252,10564,253.13347757490854,99984,199,92,10,2,2618,1344,0.03962634021443431,123,44,47830,48913,1836,947,0,0,0,0,0,0,96362,0,0,37,0,0,0,0,0,0,0,3585,0,0,0,0,0,0
253,10564,254.16218420722407,99983,201,87,11,2,2646,1355,0.0400168028564856,128,49,47807,48899,1851,961,0,0,0,0,0,0,96320,0,0,37,0,0,0,0,0,0,0,3626,0,0,0,0,0,0
254,10564,255.19131773922788,99983,204,89,11,2,2677,1370,0.04047688106978186,125,45,47781,48892,1877,970,0,0,0,0,0,0,96279,0,0,37,0,0,0,0,0,0,0,3667,0,0,0,0,0,0
255,10564,256.2209940813297,99983,209,82,11,2,2719,1378,0.04097696608423432,119,53,47752,48878,1907,983,0,0,0,0,0,0,96230,0,0,40,0,0,0,0,0,0,0,3713,0,0,0,0,0,0
256,10564,257.25130011025607,99983,211,93,11,2,2753,1397,0.04150705619955392,119,58,47723,48857,1934,988,0,0,0,0,0,0,96191,0,0,41,0,0,0,0,0,0,0,3751,0,0,0,0,0,0
257,10564,258.2821190322192,99983,214,92,11,2,2786,1413,0.041997139513717335,113,60,47702,48841,1958,1003,0,0,0,0,0,0,96145,0,0,42,0,0,0,0,0,0,0,3796,0,0,0,0,0,0
258,10564,259.3134400423126,99983,193,101,11,2,2807,1433,0.04240720922556835,119,53,47677,48831,1998,1011,0,0,0,0,0,0,96092,0,0,42,0,0,0,0,0,0,0,3849,0,0,0,0,0,0
259,10564,260.0013583715609,99983,197,103,11,2,2833,1444,0.042777272136263166,110,50,47661,48827,2019,1016,0,0,0,0,0,0,96062,0,0,43,0,0,0,0,0,0,0,3878,0,0,0,0,0,0
260,10564,261.03379487832143,99983,200,97,11,2,2862,1453,0.04315733674724703,118,54,47628,48818,2041,1027,0,0,0,0,0,0,96021,0,0,43,0,0,0,0,0,0,0,3919,0,0,0,0,0,0
261,10564,262.06684465070015,99983,205,92,11,2,2892,1464,0.04356740645909805,131,67,47592,48798,2059,1039,0,0,0,0,0,0,95981,0,0,44,0,0,0,0,0,0,0,3958,0,0,0,0,0,0
262,10564,263.100462927379,99983,203,101,11,2,2926,1487,0.044137503375573844,129,57,47569,48791,2086,1047,0,0,0,0,0,0,95932,0,0,45,0,0,0,0,0,0,0,4006,0,0,0,0,0,0
263,10564,264.1345850858746,99983,193,106,11,2,2947,1506,0.044537571387135814,136,59,47552,48771,2106,1060,0,0,0,0,0,0,95888,0,0,46,0,0,0,0,0,0,0,4049,0,0,0,0,0,0
264,10564,265.169099880155,99983,202,110,11,2,2982,1529,0.04511767000390066,130,53,47531,48759,2124,1074,0,0,0,0,0,0,95843,0,0,46,0,0,0,0,0,0,0,4094,0,0,0,0,0,0
265,10564,266.20403226073273,99983,207,107,11,2,3013,1545,0.04558774991748597,134,56,47499,48743,2147,1090,0,0,0,0,0,0,95799,0,0,47,0,0,0,0,0,0,0,4137,0,0,0,0,0,0
266,10564,267.2395166575762,99983,207,111,11,2,3043,1560,0.04603782643049319,137,58,47474,48729,2169,1098,0,0,0,0,0,0,95760,0,0,49,0,0,0,0,0,0,0,4174,0,0,0,0,0,0
267,10564,268.27549447224084,99983,208,110,11,2,3075,1575,0.046507906344078496,138,64,47451,48710,2190,1112,0,0,0,0,0,0,95715,0,0,51,0,0,0,0,0,0,0,4217,0,0,0,0,0,0
268,10564,269.31196953551904,99983,206,115,11,2,3103,1597,0.04700799135853095,145,51,47427,48704,2209,1126,0,0,0,0,0,0,95671,0,0,54,0,0,0,0,0,0,0,4258,0,0,0,0,0,0
269,10564,270.00322795024783,99982,200,117,12,2,3124,1605,0.04729851373247185,145,54,47412,48694,2229,1131,0,0,0,0,0,0,95638,0,0,54,0,0,0,0,0,0,0,4290,0,0,0,0,0,0
270,10564,271.0405366276014,99982,211,117,12,2,3162,1625,0.047878618151267226,135,50,47392,48684,2248,1145,0,0,0,0,0,0,95591,0,0,54,0,0,0,0,0,0,0,4337,0,0,0,0,0,0
271,10564,272.07833732945033,99982,212,115,12,2,3198,1641,0.04839871176811826,131,51,47367,48669,2276,1161,0,0,0,0,0,0,95539,0,0,55,0,0,0,0,0,0,0,4388,0,0,0,0,0,0
272,10564,273.11668119595555,99982,207,112,12,2,3226,1654,0.048808785581404654,149,56,47328,48653,2302,1175,0,0,0,0,0,0,95491,0,0,56,0,0,0,0,0,0,0,4435,0,0,0,0,0,0
273,10564,274.1556873214062,99982,214,107,12,2,3267,1667,0.0493488827989038,144,60,47304,48641,2324,1188,0,0,0,0,0,0,95442,0,0,59,0,0,0,0,0,0,0,4481,0,0,0,0,0,0
274,10564,275.19523433765755,99982,224,112,12,2,3303,1688,0.04991898541737513,135,57,47288,48632,2339,1195,0,0,0,0,0,0,95403,0,0,62,0,0,0,0,0,0,0,4517,0,0,0,0,0,0
275,10564,276.23522263288464,99982,227,117,12,2,3340,1704,0.05044908083455022,141,54,47257,48623,2361,1202,0,0,0,0,0,0,95359,0,0,63,0,0,0,0,0,0,0,4560,0,0,0,0,0,0
276,10564,277.2757407455862,99981,234,107,13,2,3386,1713,0.050999689941088805,130,64,47231,48607,2390,1218,0,0,0,0,0,0,95304,0,0,66,0,0,0,0,0,0,0,4611,0,0,0,0,0,0
277,10564,278.3168190205661,99981,228,103,13,2,3421,1726,0.0514797811584201,137,69,47193,48592,2427,1232,0,0,0,0,0,0,95250,0,0,70,0,0,0,0,0,0,0,4661,0,0,0,0,0,0
278,10564,279.01135378276086,99981,243,102,13,2,3450,1736,0.05186985527250178,130,69,47180,48584,2432,1241,0,0,0,0,0,0,95225,0,0,70,0,0,0,0,0,0,0,4686,0,0,0,0,0,0
279,10564,280.05345125423963,99981,245,112,13,2,3479,1754,0.052339944589472,135,71,47155,48569,2450,1244,0,0,0,0,0,0,95190,0,0,70,0,0,0,0,0,0,0,4721,0,0,0,0,0,0
280,10564,281.0960192075063,99981,244,117,13,2,3512,1773,0.05286004340824757,145,67,47122,48556,2474,1256,0,0,0,0,0,0,95143,0,0,71,0,0,0,0,0,0,0,4767,0,0,0,0,0,0
281,10564,282.139179920963,99981,253,123,13,2,3550,1799,0.053500165031355955,140,60,47098,48538,2494,1275,0,0,0,0,0,0,95094,0,0,71,0,0,0,0,0,0,0,4816,0,0,0,0,0,0
282,10564,283.18282452907386,99981,258,118,13,2,3596,1815,0.05412028285374221,139,63,47061,48522,2527,1293,0,0,0,0,0,0,95034,0,0,73,0,0,0,0,0,0,0,4874,0,0,0,0,0,0
283,10564,284.22722165502927,99981,257,114,13,2,3628,1831,0.0546003740710735,142,65,47033,48511,2553,1306,0,0,0,0,0,0,94981,0,0,73,0,0,0,0,0,0,0,4927,0,0,0,0,0,0
284,10564,285.2723358398629,99981,256,112,13,2,3674,1844,0.05519048619237655,144,65,46991,48503,2594,1316,0,0,0,0,0,0,94921,0,0,75,0,0,0,0,0,0,0,4985,0,0,0,0,0,0
285,10564,286.31829788557417,99980,259,102,14,2,3717,1852,0.055701140228045606,133,75,46969,48488,2623,1331,0,0,0,0,0,0,94866,0,0,78,0,0,0,0,0,0,0,5036,0,0,0,0,0,0
286,10564,287.0159156207222,99980,265,108,14,2,3744,1866,0.05611122224444889,140,73,46942,48478,2637,1337,0,0,0,0,0,0,94839,0,0,80,0,0,0,0,0,0,0,5061,0,0,0,0,0,0
287,10564,288.062893668478,99979,270,107,14,3,3790,1881,0.0567219116014363,135,82,46916,48462,2663,1344,0,0,0,0,0,0,94782,0,0,80,0,0,0,0,0,0,0,5117,0,0,0,0,0,0
288,10564,289.11045475088366,99979,264,117,14,3,3826,1902,0.057292031326578584,142,80,46884,48448,2694,1350,0,0,0,0,0,0,94730,0,0,81,0,0,0,0,0,0,0,5168,0,0,0,0,0,0
289,10564,290.1585766734232,99979,249,118,14,3,3862,1923,0.057862151051720864,142,80,46859,48434,2734,1363,0,0,0,0,0,0,94660,0,0,82,0,0,0,0,0,0,0,5237,0,0,0,0,0,0
290,10564,291.20747921304996,99978,251,119,15,3,3898,1950,0.058492868431054834,147,69,46826,48427,2759,1380,0,0,0,0,0,0,94603,0,0,85,0,0,0,0,0,0,0,5290,0,0,0,0,0,0
291,10564,292.2571252029327,99978,240,116,15,3,3927,1963,0.05891296085138731,158,82,46794,48409,2791,1388,0,0,0,0,0,0,94550,0,0,88,0,0,0,0,0,0,0,5340,0,0,0,0,0,0
292,10564,293.3074562469028,99978,255,119,15,3,3973,1983,0.05957310608333834,156,79,46759,48396,2813,1401,0,0,0,0,0,0,94502,0,0,88,0,0,0,0,0,0,0,5388,0,0,0,0,0,0
293,10564,294.00801570057723,99978,268,115,15,3,4009,1989,0.05999319850367081,149,86,46741,48384,2825,1410,0,0,0,0,0,0,94469,0,0,88,0,0,0,0,0,0,0,5421,0,0,0,0,0,0
294,10564,295.0592571493636,99978,260,117,15,3,4038,2004,0.06043329532497149,148,91,46722,48368,2853,1419,0,0,0,0,0,0,94421,0,0,90,0,0,0,0,0,0,0,5467,0,0,0,0,0,0
295,10564,296.11098540687766,99978,268,120,15,3,4072,2023,0.06096341195062914,159,96,46688,48351,2868,1428,0,0,0,0,0,0,94381,0,0,92,0,0,0,0,0,0,0,5505,0,0,0,0,0,0
296,10564,297.1632273096062,99977,269,143,16,3,4119,2058,0.06178421036838473,159,82,46654,48332,2900,1438,0,0,0,0,0,0,94324,0,0,93,0,0,0,0,0,0,0,5560,0,0,0,0,0,0
297,10564,298.21616610244774,99977,260,137,16,3,4158,2078,0.062374346099602906,171,82,46614,48316,2937,1460,0,0,0,0,0,0,94254,0,0,97,0,0,0,0,0,0,0,5626,0,0,0,0,0,0
298,10564,299.26997508653045,99977,256,136,16,3,4198,2102,0.0630144933334667,171,79,46590,48306,2965,1474,0,0,0,0,0,0,94187,0,0,99,0,0,0,0,0,0,0,5691,0,0,0,0,0,0
299,10564,300.32445924378135,99977,245,131,16,3,4237,2119,0.06357462216309752,177,91,46564,48285,2996,1488,0,0,0,0,0,0,94116,0,0,100,0,0,0,0,0,0,0,5761,0,0,0,0,0,0
300,10564,301.02778271967907,99977,244,140,16,3,4263,2139,0.0640347279874371,182,87,46538,48272,3018,1496,0,0,0,0,0,0,94078,0,0,100,0,0,0,0,0,0,0,5799,0,0,0,0,0,0
301,10564,302.0833947561847,99977,260,145,16,3,4317,2162,0.06480490512817948,171,84,46508,48257,3043,1509,0,0,0,0,0,0,94023,0,0,101,0,0,0,0,0,0,0,5853,0,0,0,0,0,0
302,10564,303.1395942535824,99977,257,138,16,3,4360,2177,0.06538503855886854,168,95,46486,48237,3071,1525,0,0,0,0,0,0,93958,0,0,104,0,0,0,0,0,0,0,5915,0,0,0,0,0,0
303,10564,304.19640993654224,99976,270,133,17,3,4410,2197,0.06608586060654557,164,101,46445,48223,3102,1538,0,0,0,0,0,0,93898,0,0,106,0,0,0,0,0,0,0,5972,0,0,0,0,0,0
304,10564,305.2539957740185,99976,271,138,17,3,4456,2220,0.06677602624629911,161,98,46413,48215,3136,1544,0,0,0,0,0,0,93836,0,0,107,0,0,0,0,0,0,0,6033,0,0,0,0,0,0
305,10564,306.31231700736197,99975,279,143,17,4,4507,2246,0.06754688672168042,156,101,46378,48196,3168,1554,0,0,0,0,0,0,93776,0,0,111,0,0,0,0,0,0,0,6088,0,0,0,0,0,0
306,10564,307.01826627276324,99975,277,153,17,4,4534,2269,0.06804701175293823,161,99,46354,48177,3189,1565,0,0,0,0,0,0,93735,0,0,112,0,0,0,0,0,0,0,6128,0,0,0,0,0,0
307,10564,308.07774111872465,99975,289,157,17,4,4582,2298,0.06881720430107527,161,95,46320,48161,3211,1581,0,0,0,0,0,0,93674,0,0,112,0,0,0,0,0,0,0,6189,0,0,0,0,0,0
308,10564,309.1378857087416,99975,295,161,17,4,4621,2327,0.0694973743435859,168,90,46288,48144,3230,1599,0,0,0,0,0,0,93619,0,0,115,0,0,0,0,0,0,0,6241,0,0,0,0,0,0
309,10564,310.19866247146297,99975,279,156,17,4,4658,2350,0.07009752438109527,171,94,46262,48120,3269,1624,0,0,0,0,0,0,93541,0,0,118,0,0,0,0,0,0,0,6316,0,0,0,0,0,0
310,10564,311.2601943419007,99975,285,151,17,4,4707,2372,0.07080770192548137,162,91,46239,48106,3295,1646,0,0,0,0,0,0,93471,0,0,118,0,0,0,0,0,0,0,6386,0,0,0,0,0,0
311,10564,312.3223249572615,99975,287,152,17,4,4748,2400,0.07149787446861715,165,96,46209,48080,3320,1666,0,0,0,0,0,0,93407,0,0,120,0,0,0,0,0,0,0,6448,0,0,0,0,0,0
312,10564,313.0307389103153,99975,290,151,17,4,4781,2417,0.07199799949987497,167,97,46183,48064,3341,1682,0,0,0,0,0,0,93359,0,0,120,0,0,0,0,0,0,0,6496,0,0,0,0,0,0
313,10564,314.0939850482014,99975,288,160,17,4,4828,2444,0.07273818454613654,170,101,46148,48044,3375,1689,0,0,0,0,0,0,93298,0,0,124,1,0,0,0,0,0,0,6552,0,0,0,0,0,0
314,10564,315.1579402629116,99975,289,165,17,4,4871,2475,0.0734783695923981,167,102,46124,48020,3401,1707,0,0,0,0,0,0,93234,0,0,128,1,0,0,0,0,0,0,6612,0,0,0,0,0,0
315,10564,316.22247300136894,99975,291,162,17,4,4912,2504,0.07417854463615904,181,106,46084,47992,3425,1734,0,0,0,0,0,0,93164,0,0,129,1,0,0,0,0,0,0,6681,0,0,0,0,0,0
316,10564,317.28774501028846,99973,301,162,19,4,4962,2533,0.07497024196533064,178,104,46050,47969,3450,1759,0,0,0,0,0,0,93096,0,0,130,1,0,0,0,0,0,0,6746,0,0,0,0,0,0
317,10564,318.35368987199945,99973,309,155,19,4,5016,2555,0.0757304472207496,174,110,46011,47950,3485,1779,0,0,0,0,0,0,93023,0,0,132,1,0,0,0,0,0,0,6817,0,0,0,0,0,0
318,10564,319.06479457754455,99973,309,165,19,4,5038,2580,0.07620057415502185,195,98,45978,47940,3497,1791,0,0,0,0,0,0,92987,0,0,133,1,0,0,0,0,0,0,6852,0,0,0,0,0,0
319,10564,320.1321731161153,99973,312,167,19,4,5089,2608,0.0769907875126284,208,90,45928,47924,3530,1812,1,1,1,1,0,0,92917,0,0,138,1,0,0,0,0,0,1,6915,1,0,0,0,0,0
320,10564,321.1115151391819,99973,337,178,19,4,5130,2633,0.0776509657607554,189,76,45915,47916,3536,1822,2,2,2,2,0,0,92887,0,0,140,1,0,0,0,0,0,3,6941,1,0,0,0,0,0
321,10564,322.039518279425,99973,322,176,19,4,5188,2666,0.07856121152711232,187,80,45875,47886,3592,1849,3,3,3,3,0,0,92783,0,0,146,1,0,0,0,0,0,5,7037,1,0,0,0,0,0
322,10564,323.15814492394856,99973,330,176,19,4,5252,2692,0.07946145459274004,195,76,45822,47871,3628,1867,4,4,4,4,0,0,92702,0,0,149,1,0,0,0,0,0,7,7113,1,0,0,0,0,0
323,10564,324.000157502402,99973,333,171,19,4,5287,2705,0.07994158422774149,189,73,45797,47861,3655,1884,5,5,5,5,0,0,92654,0,0,153,1,0,0,0,0,0,9,7155,1,0,0,0,0,0
324,10564,325.119141526402,99973,337,158,19,4,5349,2731,0.08082182189191081,184,74,45753,47838,3699,1918,6,6,6,6,0,0,92559,0,0,157,1,0,0,0,0,0,11,7244,1,0,0,0,0,0
325,10564,326.25985363921245,99972,324,163,19,5,5397,2756,0.08155283479374224,191,79,45702,47812,3755,1932,7,7,7,7,0,0,92481,0,0,162,1,0,0,0,0,0,13,7314,1,0,0,0,0,0
326,10564,327.0860354023677,99972,324,159,19,5,5435,2771,0.08208298323530588,200,76,45661,47801,3786,1949,8,8,8,8,0,0,92425,0,0,165,1,0,0,0,0,0,15,7365,1,0,0,0,0,0
327,10564,328.0045207691076,99971,326,152,20,5,5505,2793,0.08300407118064239,185,84,45631,47783,3827,1965,9,9,9,9,0,0,92332,0,0,171,1,0,0,0,0,0,17,7449,1,0,0,0,0,0
328,10564,329.10667944700236,99970,327,148,21,5,5542,2804,0.0834850455136541,185,93,45607,47766,3848,1976,10,10,10,10,0,0,92280,0,0,172,1,0,0,0,0,0,19,7497,1,0,0,0,0,0
329,10564,330.12780758181594,99970,331,147,21,5,5604,2827,0.08433530059017705,163,104,45579,47740,3893,1991,11,11,11,11,0,0,92202,0,0,178,1,0,0,0,0,0,21,7567,1,0,0,0,0,0
330,10564,331.074966685973,99970,317,148,21,5,5640,2851,0.08493548064419326,177,106,45547,47717,3924,2010,12,12,12,12,0,0,92132,0,0,180,2,0,0,0,0,0,22,7632,2,0,0,0,0,0
331,10564,332.0118617885892,99970,315,149,21,5,5682,2872,0.08556566970091027,181,105,45516,47702,3953,2025,12,12,13,13,0,0,92067,0,0,181,2,0,0,0,0,0,24,7694,2,0,0,0,0,0
332,10564,333.07557945679616,99970,313,141,21,5,5732,2902,0.08636590977293188,172,96,45487,47690,3992,2053,13,13,14,14,0,0,91978,0,0,184,2,0,0,0,0,0,26,7778,2,0,0,0,0,0
333,10564,334.0526040249969,99970,317,152,21,5,5769,2931,0.08702610783234971,166,80,45465,47679,4015,2068,14,14,15,15,0,0,91929,0,0,188,2,0,0,0,0,0,28,7821,2,0,0,0,0,0
334,10564,335.0370226961355,99970,314,140,21,5,5814,2944,0.08760628188456537,171,83,45427,47668,4050,2087,15,15,16,16,0,0,91858,0,0,192,2,0,0,0,0,0,30,7886,2,0,0,0,0,0
335,10564,336.0215387119582,99970,313,148,21,5,5860,2968,0.08830649194758428,172,80,45396,47651,4080,2098,16,16,17,17,0,0,91795,0,0,194,2,0,0,0,0,0,32,7945,2,0,0,0,0,0
336,10564,337.0266018835645,99970,310,152,21,5,5893,2995,0.08890667200160048,189,77,45364,47630,4097,2117,17,17,18,18,0,0,91737,0,0,197,2,0,0,0,0,0,34,7998,2,0,0,0,0,0
337,10564,338.0034371409949,99969,326,150,21,6,5944,3016,0.08962778461323011,191,84,45323,47613,4119,2127,18,18,19,19,0,0,91678,0,0,197,2,0,0,0,0,0,35,8054,3,0,0,0,0,0
338,10564,339.06112059376215,99969,328,149,21,6,5990,3038,0.09030799547859837,196,86,45296,47597,4138,2141,19,19,20,20,0,0,91619,0,0,204,3,0,0,0,0,0,36,8103,4,0,0,0,0,0
339,10564,340.103569120453,99969,345,148,21,6,6052,3060,0.0911482559593474,179,84,45269,47591,4164,2149,20,20,21,21,0,0,91554,0,0,207,3,0,0,0,0,0,36,8163,6,0,0,0,0,0
340,10564,341.0528020608633,99969,333,151,21,6,6100,3078,0.09180846062279306,168,91,45240,47571,4215,2158,21,21,22,22,0,0,91483,0,0,211,4,0,0,0,0,0,38,8227,6,0,0,0,0,0
341,10564,342.16195999104775,99969,324,153,21,6,6165,3106,0.09273874901219378,170,101,45201,47543,4260,2173,22,22,23,23,0,0,91389,0,0,219,4,0,0,0,0,0,40,8311,6,0,0,0,0,0
342,10564,343.24781002240024,99969,317,161,21,6,6207,3138,0.09347897848332984,172,99,45179,47518,4286,2191,23,23,24,24,0,0,91320,0,0,225,4,0,0,0,0,0,42,8372,6,0,0,0,0,0
343,10564,344.33425366490525,99969,316,163,21,6,6263,3160,0.09425922035831108,176,106,45133,47495,4328,2204,24,24,25,25,0,0,91245,0,0,229,4,0,0,0,0,0,44,8441,6,0,0,0,0,0
344,10564,345.0590915661063,99969,328,177,21,6,6299,3185,0.09486940951695025,182,97,45103,47486,4338,2207,26,25,26,27,0,0,91207,0,0,229,4,0,0,0,0,0,47,8476,6,0,0,0,0,0
345,10564,346.14705030297176,99969,318,174,21,6,6342,3208,0.09552961418039592,193,108,45059,47463,4379,2220,28,27,28,29,0,0,91128,0,0,233,4,0,0,0,0,0,51,8547,6,0,0,0,0,0
346,10564,347.2359608048651,99969,312,197,21,6,6394,3251,0.09647990877171923,199,99,45020,47435,4416,2232,30,29,30,31,0,0,91051,0,0,237,4,0,0,0,0,0,54,8616,7,0,0,0,0,0
347,10564,348.32576488099573,99968,323,193,22,6,6461,3274,0.09738116197183098,191,108,44978,47415,4452,2245,32,31,32,33,0,0,90968,0,0,241,4,0,0,0,0,0,58,8690,7,0,0,0,0,0
348,10564,349.05285451623234,99968,323,192,22,6,6501,3291,0.09795134443021766,187,110,44951,47400,4481,2257,34,33,34,35,0,0,90908,0,0,243,4,0,0,0,0,0,62,8744,7,0,0,0,0,0
349,10564,350.1442301612644,99968,312,189,22,6,6548,3319,0.09870158450704225,194,104,44904,47379,4529,2284,37,36,37,38,0,0,90821,0,0,251,4,0,0,0,0,0,68,8817,7,0,0,0,0,0
350,10564,351.2368238437736,99968,300,167,22,6,6584,3335,0.0992217509603073,228,118,44852,47356,4556,2312,40,39,40,41,0,0,90730,0,0,252,4,0,0,0,0,0,74,8901,7,0,0,0,0,0
351,10564,352.3305396388485,99968,313,173,22,6,6644,3365,0.1001220390524968,219,118,44816,47332,4585,2327,43,42,43,44,0,0,90658,0,0,257,4,0,0,0,0,0,80,8962,7,0,0,0,0,0
352,10564,353.0601273728397,99968,317,175,22,6,6687,3389,0.10079225352112677,210,116,44785,47313,4617,2342,47,46,47,48,0,0,90590,0,0,258,4,0,0,0,0,0,88,9021,7,0,0,0,0,0
353,10564,354.15543787850794,99968,332,171,22,6,6739,3418,0.10160251280409731,213,124,44746,47277,4634,2370,51,50,51,52,0,0,90516,0,0,261,4,0,0,0,0,0,95,9084,8,0,0,0,0,0
354,10564,355.2515643494358,99968,332,177,22,6,6790,3450,0.10243277848911651,221,124,44700,47248,4667,2388,56,55,56,57,0,0,90435,0,0,267,4,0,0,0,0,0,105,9149,8,0,0,0,0,0
355,10564,356.34859648588446,99968,338,177,22,6,6853,3479,0.10335307298335468,214,115,44665,47234,4698,2406,61,60,61,62,0,0,90345,0,0,271,4,0,0,0,0,0,113,9225,10,0,0,0,0,0
356,10564,357.08048357874435,99968,333,167,22,6,6887,3494,0.10384322983354674,222,124,44634,47212,4721,2423,66,66,67,67,0,0,90273,0,0,272,4,0,0,0,0,0,122,9285,12,0,0,0,0,0
357,10564,358.1793124074646,99968,340,172,22,6,6945,3530,0.10478353072983354,230,110,44581,47192,4754,2446,71,72,73,73,0,0,90184,0,0,274,4,0,0,0,0,0,131,9360,15,0,0,0,0,0
358,10564,359.27927745300025,99968,330,181,22,6,6999,3566,0.10568381882202305,224,106,44543,47164,4801,2463,78,78,80,80,0,0,90082,0,0,276,4,0,0,0,0,0,144,9446,16,0,0,0,0,0
359,10564,360.0131769344595,99968,329,180,22,6,7038,3582,0.10623399487836108,226,104,44512,47154,4824,2468,85,86,88,87,0,0,90021,0,0,286,4,0,0,0,0,0,158,9482,17,0,0,0,0,0
360,10564,361.1149737262736,99968,339,177,22,6,7112,3613,0.1072843309859155,197,111,44478,47122,4871,2487,91,95,97,95,0,0,89916,0,0,293,4,0,0,0,0,0,172,9563,20,0,0,0,0,0
361,10564,362.21774395889514,99968,350,184,22,6,7171,3644,0.10818461907810499,191,108,44434,47093,4901,2503,100,104,107,104,0,0,89830,0,0,296,5,0,0,0,0,0,190,9627,20,0,0,0,0,0
362,10564,363.32151928904904,99968,343,183,22,6,7226,3678,0.10907490396927016,174,97,44403,47069,4948,2529,108,114,118,113,0,0,89721,0,0,302,5,0,0,0,0,0,208,9710,22,0,0,0,0,0
363,10564,364.05801241952787,99968,338,175,22,6,7257,3695,0.1095550576184379,187,100,44358,47047,4976,2544,117,126,130,123,0,0,89641,0,0,303,5,0,0,0,0,0,228,9767,24,0,0,0,0,0
364,10564,365.16397669912385,99967,347,171,23,6,7317,3726,0.11046645392979683,186,96,44310,47022,5004,2564,128,139,143,134,0,0,89534,0,0,305,5,0,0,0,0,0,251,9847,25,0,0,0,0,0
365,10564,366.27105073434916,99967,347,162,23,6,7378,3748,0.11129672792021367,180,100,44271,46999,5038,2580,139,151,157,146,0,0,89420,0,0,307,5,0,0,0,0,0,275,9933,27,0,0,0,0,0
366,10564,367.0096895837382,99967,342,171,23,6,7411,3774,0.11188692268448588,177,88,44252,46973,5052,2594,152,166,172,159,0,0,89341,0,0,309,5,0,0,0,0,0,301,9982,29,0,0,0,0,0
367,10564,368.11852889662305,99967,330,175,23,6,7459,3799,0.11261716366400912,179,88,44207,46936,5093,2611,166,182,189,173,0,0,89237,0,0,314,5,0,0,0,0,0,329,10050,32,0,0,0,0,0
368,10564,369.2284596092385,99967,329,166,23,6,7502,3818,0.11323736833154942,191,94,44168,46902,5106,2630,181,200,207,188,0,0,89142,0,0,323,5,0,0,0,0,0,361,10103,33,0,0,0,0,0
369,10564,370.3393328020607,99967,309,172,23,6,7556,3847,0.11406764232196624,204,87,44115,46869,5151,2645,196,219,227,205,0,0,89021,0,0,332,6,0,0,0,0,0,396,10177,35,0,0,0,0,0
370,10564,371.0806779839381,99967,305,174,23,6,7595,3864,0.11462782718297038,202,92,44082,46834,5172,2651,214,241,249,223,0,0,88932,0,0,334,7,0,0,0,0,0,431,10223,40,0,0,0,0,0
371,10564,372.1939171785108,99967,324,168,23,6,7661,3896,0.11560815068972762,194,100,44026,46780,5198,2679,233,265,273,242,0,0,88810,0,0,338,7,0,0,0,0,0,472,10298,42,0,0,0,0,0
372,10564,373.30830062732156,99967,330,177,23,6,7719,3924,0.11646843458341252,202,99,43964,46740,5227,2688,252,288,299,263,0,0,88697,0,0,341,7,0,0,0,0,0,517,10361,44,0,0,0,0,0
373,10564,374.0519626501845,99967,338,179,23,6,7768,3943,0.11714865905748897,189,103,43925,46693,5249,2701,274,316,327,285,0,0,88597,0,0,344,7,0,0,0,0,0,562,10408,49,0,0,0,0,0
374,10564,375.1686595291698,99967,336,191,23,6,7821,3972,0.11796892974681646,179,108,43889,46641,5274,2707,297,345,357,309,0,0,88483,0,0,350,7,0,0,0,0,0,610,10462,55,0,0,0,0,0
375,10564,376.286373582345,99967,330,177,23,6,7874,4000,0.11877919713505457,174,111,43845,46586,5305,2741,321,377,390,334,0,0,88335,0,0,355,7,0,0,0,0,0,662,10547,61,0,0,0,0,0
376,10564,377.03222174914805,99967,320,183,23,6,7907,4026,0.11936939189932677,173,106,43804,46535,5331,2757,347,411,425,361,0,0,88216,0,0,357,7,0,0,0,0,0,720,10602,65,0,0,0,0,0
377,10564,378.1523258714276,99967,330,184,23,6,7966,4054,0.12023967909410105,160,106,43758,46485,5354,2769,373,448,463,390,0,0,88088,0,0,364,7,0,0,0,0,0,779,10656,73,0,0,0,0,0
378,10564,379.27366549476994,99967,328,168,23,6,8023,4074,0.12100993327798173,151,111,43705,46431,5387,2794,404,488,504,421,0,0,87935,0,0,370,7,0,0,0,0,0,843,10731,81,0,0,0,0,0
379,10564,380.0220888988264,99967,323,176,23,6,8044,4099,0.12147008512809226,164,102,43660,46381,5393,2801,435,532,548,454,0,0,87823,0,0,371,7,0,0,0,0,0,913,10765,88,0,0,0,0,0
380,10564,381.1459892892413,99967,314,175,23,6,8085,4124,0.12213030299999,180,102,43611,46331,5401,2805,469,579,595,489,0,0,87689,0,0,379,7,0,0,0,0,0,979,10809,104,0,0,0,0,0
381,10564,382.27110305477316,99967,325,168,23,6,8138,4153,0.12295057368931747,170,106,43555,46260,5421,2831,504,627,646,526,0,0,87535,0,0,382,7,0,0,0,0,0,1058,10872,113,0,0,0,0,0
382,10564,383.02197938648726,99967,322,151,23,6,8165,4170,0.12339071893724929,180,101,43498,46201,5431,2859,544,680,700,566,0,0,87384,0,0,385,7,0,0,0,0,0,1148,10926,117,0,0,0,0,0
383,10564,384.1500739212997,99967,329,156,23,6,8225,4201,0.124301019336381,164,98,43438,46140,5462,2865,582,733,758,608,0,0,87221,0,0,391,9,0,0,0,0,0,1241,10982,123,0,0,0,0,0
384,10564,385.279733842733,99967,318,161,23,6,8270,4231,0.12505126691808297,157,90,43387,46065,5486,2884,627,792,820,653,0,0,87046,0,0,397,9,0,0,0,0,0,1341,11044,130,0,0,0,0,0
385,10564,386.0337384093056,99967,323,164,23,6,8314,4247,0.12565146498344454,152,88,43323,46001,5503,2882,674,857,886,700,0,0,86900,0,0,400,11,0,0,0,0,0,1440,11074,142,0,0,0,0,0
386,10564,387.16660176911665,99967,324,171,23,6,8360,4268,0.12632168615643163,161,98,43255,45924,5515,2875,720,924,957,750,0,0,86737,0,0,403,11,0,0,0,0,0,1547,11113,156,0,0,0,0,0
387,10564,388.30112179361157,99967,323,188,23,6,8409,4309,0.12722198325447398,172,84,43172,45839,5539,2882,769,999,1032,803,0,0,86552,0,0,405,10,1,0,0,0,0,1660,11169,170,0,0,0,0,0
388,10564,389.0585674637564,99966,304,185,24,6,8433,4329,0.1276634055578897,186,87,43102,45752,5557,2892,825,1076,1112,859,0,0,86370,0,0,405,12,1,0,0,0,0,1778,11214,186,0,0,0,0,0
389,10564,390.19692131040415,99965,319,191,25,6,8491,4360,0.1285549942479868,168,85,43037,45653,5569,2906,880,1157,1197,918,0,0,86178,0,0,407,13,1,0,0,0,0,1905,11259,202,0,0,0,0,0
390,10564,391.33704074455807,99965,310,193,25,6,8530,4389,0.12923523233131595,192,82,42947,45555,5587,2919,937,1243,1287,980,0,0,85973,0,0,413,14,1,0,0,0,0,2043,11305,216,0,0,0,0,0
391,10564,392.09826590551813,99965,325,181,25,6,8572,4402,0.12978542489871456,184,89,42881,45459,5584,2930,999,1333,1382,1045,0,0,85778,0,0,416,14,1,0,0,0,0,2189,11337,230,0,0,0,0,0
392,10564,393.2422039641647,99963,308,181,27,6,8620,4429,0.13053829917069315,184,88,42811,45351,5600,2942,1068,1430,1483,1114,0,0,85544,0,0,423,14,1,0,0,0,0,2338,11392,251,0,0,0,0,0
393,10564,394.0059532317883,99963,311,179,27,6,8653,4446,0.1310384842391685,191,88,42733,45245,5598,2948,1138,1532,1590,1186,0,0,85338,0,0,424,15,1,0,0,0,0,2497,11418,270,0,0,0,0,0
394,10564,395.15392885069485,99962,314,167,28,6,8700,4470,0.1317500650247094,201,91,42644,45138,5604,2956,1207,1640,1703,1262,0,0,85100,0,0,430,15,1,0,0,0,0,2661,11460,295,0,0,0,0,0
395,10564,396.3041801753165,99961,318,164,29,6,8758,4495,0.1325817068656776,181,91,42563,45023,5628,2961,1279,1753,1822,1341,0,0,84846,0,0,438,15,1,0,0,0,0,2841,11507,313,0,0,0,0,0
396,10564,397.07226523099195,99961,305,172,29,6,8785,4515,0.1330518902371925,185,88,42469,44899,5651,2961,1359,1872,1948,1424,0,0,84612,0,0,444,15,1,0,0,0,0,3029,11526,334,0,0,0,0,0
397,10564,398.22750968895093,99960,304,156,30,6,8837,4538,0.13380352140856341,176,90,42392,44770,5659,2975,1437,2001,2080,1511,0,0,84342,0,0,448,18,1,0,0,0,0,3214,11572,365,0,0,0,0,0
398,10564,399.38510884480957,99960,301,144,30,6,8892,4552,0.1344937975190076,165,104,42302,44634,5677,2977,1523,2133,2219,1602,0,0,84063,0,0,452,19,1,0,0,0,0,3414,11617,394,0,0,0,0,0
399,10564,400.1582031831236,99960,299,151,30,6,8921,4576,0.13502400960384153,178,95,42202,44508,5675,2967,1614,2271,2365,1697,0,0,83812,0,0,456,21,1,0,0,0,0,3623,11623,424,0,0,0,0,0
400,10564,401.3208510890103,99959,304,158,31,6,8962,4602,0.1356956352104363,179,86,42102,44359,5675,2970,1707,2419,2519,1796,0,0,83539,0,0,459,23,1,0,0,0,0,3846,11639,452,0,0,0,0,0
401,10564,402.0974457369626,99959,306,152,31,6,8993,4626,0.1362458608029292,175,81,42007,44208,5671,2981,1808,2570,2680,1900,0,0,83254,0,0,462,24,1,0,0,0,0,4076,11656,486,0,0,0,0,0
402,10564,403.2654737835019,99959,311,147,31,6,9044,4649,0.13698616432737423,169,83,41900,44050,5675,2984,1912,2728,2849,2008,0,0,82936,0,0,464,26,1,0,0,0,0,4324,11695,513,0,0,0,0,0
403,10564,404.0458027604133,99959,314,157,31,6,9079,4673,0.1375764063265939,161,69,41793,43887,5679,2978,2020,2901,3026,2120,0,0,82642,0,0,465,28,1,0,0,0,0,4576,11698,549,0,0,0,0,0
404,10564,405.2198344347692,99959,312,155,31,6,9129,4693,0.13827669344431218,162,72,41685,43710,5681,2981,2127,3074,3211,2237,0,0,82319,0,0,474,28,1,0,0,0,0,4834,11710,593,0,0,0,0,0
405,10564,406.0042305952931,99959,316,143,31,6,9170,4706,0.1388169149351234,159,78,41552,43524,5692,2986,2248,3261,3404,2359,0,0,81986,0,0,481,28,2,0,0,0,0,5113,11722,627,0,0,0,0,0
406,10564,407.1849630579986,99959,310,136,31,6,9219,4734,0.1395872307646135,154,74,41433,43334,5702,3004,2368,3444,3606,2485,0,0,81624,0,0,488,30,2,0,0,0,0,5394,11749,672,0,0,0,0,0
407,10564,408.3693227089166,99959,309,137,31,6,9274,4757,0.14036755069578527,146,70,41312,43154,5714,2995,2486,3636,3817,2616,0,0,81256,0,0,494,34,2,0,0,0,0,5694,11769,710,0,0,0,0,0
408,10564,409.16087477279643,99959,305,135,31,6,9303,4771,0.14079772706809793,156,74,41172,42953,5716,2989,2618,3841,4036,2752,0,0,80899,0,0,498,36,2,0,0,0,0,6008,11767,749,0,0,0,0,0
409,10564,410.3526635860684,99959,318,141,31,6,9353,4796,0.14154803469422464,157,71,41038,42754,5707,2976,2747,4050,4264,2893,0,0,80521,0,0,502,36,2,0,0,0,0,6334,11772,792,0,0,0,0,0
410,10564,411.1493849054794,99959,318,138,31,6,9389,4810,0.1420482397783091,151,80,40902,42533,5711,2970,2885,4271,4501,3039,0,0,80141,0,0,506,37,2,0,0,0,0,6666,11765,842,0,0,0,0,0
411,10564,412.34898929127297,99959,296,134,31,6,9429,4831,0.14265848998089217,174,75,40753,42319,5726,2969,3018,4495,4747,3190,0,0,79723,0,0,511,39,2,0,0,0,0,7004,11781,899,0,0,0,0,0
412,10564,413.1511814333514,99959,295,140,31,6,9462,4851,0.1431887073700217,168,66,40611,42092,5728,2957,3165,4737,5003,3346,0,0,79319,0,0,511,43,2,0,0,0,0,7365,11772,947,0,0,0,0,0
413,10564,414.35935230679036,99959,284,142,31,6,9509,4874,0.14388899448773998,159,64,40470,41852,5743,2946,3311,4988,5268,3507,0,0,78873,0,0,512,48,2,0,0,0,0,7738,11791,995,0,0,0,0,0
414,10564,415.1673088224172,99957,291,133,32,7,9537,4885,0.14428204127774943,160,74,40324,41605,5726,2936,3465,5243,5542,3673,0,0,78450,0,0,514,49,2,0,0,0,0,8123,11770,1049,0,0,0,0,0
415,10564,416.38428946607394,99956,295,125,33,7,9591,4910,0.14507383248629396,148,75,40162,41361,5737,2936,3623,5494,5826,3845,0,0,77972,0,0,517,51,2,0,0,0,0,8523,11788,1103,0,0,0,0,0
416,10564,417.1983140423266,99956,298,138,33,7,9629,4931,0.14566409220056825,147,76,40000,41076,5734,2927,3786,5774,6119,4022,0,0,77520,0,0,519,54,2,0,0,0,0,8937,11768,1156,0,0,0,0,0
417,10564,418.01556559934096,99955,292,136,34,7,9659,4946,0.1461157520884398,143,77,39831,40793,5739,2920,3959,6065,6422,4204,0,0,77041,0,0,518,58,2,0,0,0,0,9366,11762,1208,0,0,0,0,0
418,10564,419.24756130651787,99954,287,136,35,7,9707,4966,0.1467975268623567,143,82,39649,40510,5749,2911,4135,6352,6734,4391,0,0,76538,0,0,524,61,2,0,0,0,0,9805,11760,1264,0,0,0,0,0
419,10564,420.07197258792706,99954,290,144,35,7,9735,4990,0.14731776617243933,171,112,39464,40183,5730,2898,4308,6654,7056,4584,0,0,76047,18,2,525,63,2,0,0,0,0,10258,11717,1322,0,0,0,0,0
420,10564,421.08845313056634,99954,294,154,35,7,9779,5022,0.14807811593332934,206,119,39255,39877,5723,2883,4485,6958,7387,4782,0,0,75539,69,4,528,69,2,0,0,0,0,10713,11642,1388,0,0,0,0,0
421,10564,422.10975416557073,99954,304,165,35,7,9837,5061,0.14904856233867578,229,124,39047,39557,5713,2876,4670,7269,7727,4985,0,0,75003,144,4,525,72,2,0,0,0,0,11174,11562,1468,0,0,0,0,0
422,10564,423.1359755747832,99954,310,164,35,7,9890,5083,0.1497989074974488,248,154,38852,39217,5695,2867,4858,7589,8077,5193,0,0,74457,202,10,524,78,2,0,0,0,0,11656,11492,1533,0,0,0,0,0
423,10564,424.1669295397246,99954,331,188,35,7,9949,5124,0.1507993677091462,273,160,38637,38884,5677,2849,5045,7910,8436,5406,0,0,73917,244,15,529,81,2,0,0,0,0,12149,11413,1604,0,0,0,0,0
424,10564,425.2029579896876,99953,341,207,35,8,10010,5164,0.15181135133512752,304,163,38405,38530,5674,2838,5239,8252,8804,5625,0,0,73332,305,17,534,84,2,0,0,0,0,12670,11344,1665,0,0,0,0,0
425,10564,426.2444847357012,99952,374,223,36,8,10104,5204,0.15315351368656954,304,167,38176,38189,5680,2827,5428,8584,9180,5849,0,0,72733,372,28,529,93,2,0,0,0,0,13190,11278,1727,0,0,0,0,0
426,10564,427.29171999640863,99952,399,246,36,8,10183,5253,0.15443412838162318,315,186,37933,37826,5682,2805,5633,8927,9565,6078,0,0,72126,442,33,527,99,2,0,0,0,0,13722,11202,1799,0,0,0,0,0
427,10564,428.34504315332043,99952,431,263,36,8,10269,5306,0.15582479590203296,317,177,37699,37463,5670,2807,5845,9280,9958,6312,0,0,71501,512,44,529,104,3,0,0,0,0,14266,11128,1865,0,0,0,0,0
428,10564,429.0506642988725,99952,430,275,36,8,10317,5344,0.15668520890027213,349,173,37457,37103,5665,2787,6061,9652,10360,6550,0,0,70891,566,55,530,112,3,0,0,0,0,14811,11042,1942,0,0,0,0,0
429,10564,430.11636146370154,99950,440,299,38,8,10396,5402,0.15805902951475737,400,169,37198,36731,5663,2782,6259,10009,10770,6793,0,0,70236,644,69,533,118,3,0,0,0,0,15372,10961,2014,0,0,0,0,0
430,10564,431.1888179682051,99949,481,280,38,9,10510,5446,0.15964141712273258,426,177,36915,36340,5670,2809,6468,10383,11187,7041,0,0,69548,748,87,534,127,4,0,0,0,0,15937,10877,2087,0,0,0,0,0
431,10564,432.2686186457167,99948,512,293,38,10,10616,5503,0.1612738624084524,454,192,36628,35940,5682,2811,6684,10752,11612,7293,0,0,68868,840,106,537,131,4,0,0,0,0,16505,10784,2173,0,0,0,0,0
432,10564,433.35585614085056,99948,574,314,38,10,10759,5564,0.1633149237603554,459,198,36335,35537,5697,2801,6895,11138,12044,7550,0,0,68196,922,127,537,146,4,0,0,0,0,17074,10682,2260,0,0,0,0,0
433,10564,434.08492712606085,99948,582,320,38,10,10829,5607,0.16444551166606636,463,216,36060,35120,5724,2807,7131,11525,12482,7811,0,0,67500,988,143,548,152,4,0,0,0,0,17688,10602,2323,0,0,0,0,0
434,10564,435.1879262324225,99947,621,333,39,10,10968,5668,0.1664482175553043,481,233,35757,34687,5744,2810,7356,11925,12927,8076,0,0,66782,1080,178,563,157,4,0,0,0,0,18278,10502,2403,0,0,0,0,0
435,10564,436.2996688981755,99945,658,346,41,10,11107,5729,0.1684526489569263,501,245,35433,34275,5780,2812,7585,12310,13378,8345,0,0,66048,1175,209,576,163,4,0,0,0,0,18883,10404,2483,0,0,0,0,0
436,10564,437.04568989010113,99945,679,346,41,10,11201,5764,0.16974335884736605,509,272,35146,33850,5793,2803,7830,12717,13835,8618,0,0,65324,1247,235,581,167,4,0,0,0,0,19509,10320,2558,0,0,0,0,0
437,10564,438.1749667179549,99943,723,357,43,10,11364,5839,0.17212811302442393,528,277,34837,33423,5818,2806,8049,13125,14297,8895,0,0,64568,1369,267,597,176,4,0,0,0,0,20109,10196,2657,0,0,0,0,0
438,10564,439.31348198629047,99943,743,373,43,10,11509,5913,0.17431936203636073,574,282,34506,32998,5857,2812,8275,13523,14764,9175,0,0,63791,1504,291,607,188,4,0,0,0,0,20725,10081,2752,0,0,0,0,0
439,10564,440.0779469205536,99942,774,374,44,10,11618,5961,0.17589201737007465,591,297,34204,32572,5871,2808,8514,13937,15235,9459,0,0,63054,1583,324,611,195,4,0,0,0,0,21349,9978,2844,0,0,0,0,0
440,10564,441.23563802225783,99941,809,384,45,10,11796,6037,0.17843527681331986,597,323,33869,32124,5932,2827,8746,14330,15710,9746,0,0,62243,1716,362,628,209,4,0,0,0,0,21985,9873,2921,0,0,0,0,0
441,10564,442.01334639983276,99941,847,434,45,10,11917,6119,0.18046647522038003,596,303,33559,31670,5954,2822,8997,14759,16189,10036,0,0,61496,1790,387,637,216,4,0,0,0,0,22633,9768,3010,0,0,0,0,0
442,10564,443.19162851992985,99940,880,445,46,10,12110,6204,0.18324994996998198,607,314,33210,31207,6035,2855,9220,15167,16671,10329,0,0,60657,1938,439,660,224,4,0,0,0,0,23269,9660,3089,0,0,0,0,0
443,10564,444.3816965043589,99939,915,459,47,10,12305,6308,0.18624360860124675,609,308,32860,30760,6117,2887,9450,15574,17156,10624,0,0,59815,2099,489,680,237,5,0,0,0,0,23896,9540,3178,0,0,0,0,0
444,10564,445.1817585979827,99938,925,459,48,10,12425,6373,0.18809661990434068,645,314,32542,30334,6147,2885,9691,15996,17643,10922,0,0,59042,2198,546,689,244,6,0,0,0,0,24512,9419,3282,0,0,0,0,0
445,10564,446.3951030802882,99938,929,464,48,10,12600,6472,0.1908383197582501,687,324,32178,29889,6233,2919,9923,16392,18132,11222,0,0,58196,2366,613,703,259,6,0,0,0,0,25122,9294,3379,0,0,0,0,0
446,10564,447.21127939169105,99938,972,477,48,10,12746,6537,0.1929496287698373,676,353,31854,29419,6269,2922,10179,16817,18623,11524,0,0,57400,2457,660,707,270,6,0,0,0,0,25779,9201,3458,0,0,0,0,0
447,10564,448.0349410516448,99937,1032,491,48,11,12915,6605,0.19532305352371995,702,361,31476,28980,6310,2924,10430,17231,19115,11828,0,0,56632,2537,712,716,288,6,0,0,0,0,26411,9084,3551,0,0,0,0,0
448,10564,449.28580653712726,99936,1062,516,49,11,13142,6726,0.19880723663144412,735,387,31113,28521,6403,2966,10636,17597,19608,12134,0,0,55753,2706,801,734,297,6,0,0,0,0,27025,8975,3639,0,0,0,0,0
449,10564,450.12737016389957,99933,1106,525,51,12,13310,6806,0.20129486756126605,763,383,30753,28063,6445,2986,10880,18029,20101,12441,0,0,54922,2818,856,748,305,6,0,0,0,0,27684,8878,3716,0,0,0,0,0
450,10564,451.4054393921287,99933,1125,529,51,12,13544,6918,0.20475718731550138,827,413,30376,27620,6549,3043,11070,18381,20593,12749,0,0,54016,3016,935,772,318,7,0,0,0,0,28308,8760,3801,0,0,0,0,0
451,10564,452.26580516616644,99932,1175,573,51,13,13723,7024,0.2076111755994076,841,389,30037,27191,6578,3039,11316,18793,21085,13059,0,0,53223,3112,1013,774,330,7,0,0,0,0,28925,8651,3897,0,0,0,0,0
452,10564,453.1350182078019,99932,1227,597,51,13,13907,7110,0.21031301284873713,865,400,29710,26749,6602,3039,11543,19200,21576,13369,0,0,52424,3216,1074,778,351,7,0,0,0,0,29557,8539,3986,0,0,0,0,0
453,10564,454.0128881082563,99932,1266,643,51,13,14103,7221,0.2133851018692711,888,401,29355,26325,6669,3029,11769,19587,22065,13680,0,0,51621,3311,1170,789,363,8,0,0,0,0,30164,8435,4071,0,0,0,0,0
454,10564,455.34665722823837,99928,1316,653,52,16,14392,7362,0.21769674165399086,915,431,28962,25871,6796,3084,11957,19943,22552,13991,0,0,50725,3510,1277,825,379,9,0,0,0,0,30745,8295,4163,0,0,0,0,0
455,10564,456.2449452913544,99928,1371,697,52,16,14612,7479,0.22106916980225763,937,412,28593,25468,6854,3079,12191,20326,23037,14303,0,0,49929,3610,1376,841,398,9,0,0,0,0,31340,8176,4249,0,0,0,0,0
456,10564,457.1536948933612,99927,1401,707,53,16,14804,7570,0.22390344951814825,970,449,28250,25018,6906,3106,12418,20702,23520,14615,0,0,49138,3699,1491,859,412,9,0,0,0,0,31920,8064,4335,0,0,0,0,0
457,10564,458.0730033233729,99927,1452,720,53,16,15028,7670,0.2271458164460056,987,477,27905,24597,6972,3120,12629,21068,24000,14927,0,0,48355,3805,1600,880,433,9,0,0,0,0,32486,7927,4432,0,0,0,0,0
458,10564,459.00283083535356,99925,1510,748,54,17,15265,7783,0.23065298974230672,973,486,27558,24184,7051,3135,12852,21428,24476,15238,0,0,47530,3933,1703,888,447,11,0,0,0,0,33074,7827,4512,0,0,0,0,0
459,10564,460.41655618585105,99923,1528,766,56,17,15621,7958,0.23597169820761987,986,522,27158,23770,7258,3207,13012,21716,24949,15549,0,0,46558,4195,1854,925,476,11,0,0,0,0,33619,7712,4573,0,0,0,0,0
460,10564,461.3701398096786,99923,1566,788,56,17,15856,8083,0.23957447234370466,1024,528,26821,23373,7339,3238,13192,22054,25418,15859,0,0,45755,4309,1984,945,497,13,0,0,0,0,34167,7602,4651,0,0,0,0,0
461,10564,462.3350893471727,99923,1544,790,56,17,16067,8205,0.24290703841958308,1067,521,26474,22984,7465,3287,13392,22399,25883,16168,0,0,44926,4457,2131,954,531,14,0,0,0,0,34689,7499,4722,0,0,0,0,0
462,10564,463.3119078661236,99922,1599,790,57,17,16331,8324,0.24674245911811213,1075,517,26112,22611,7571,3333,13584,22730,26343,16476,0,0,44124,4590,2258,984,556,15,0,0,0,0,35220,7370,4805,0,0,0,0,0
463,10564,464.30154301384914,99920,1647,813,59,17,16605,8453,0.2507806244995997,1102,506,25728,22230,7670,3366,13792,23066,26799,16783,0,0,43318,4732,2396,999,579,15,0,0,0,0,35735,7252,4894,0,0,0,0,0
464,10564,465.3049737893932,99920,1689,861,59,17,16895,8611,0.2552642113690953,1133,470,25344,21870,7809,3406,13964,23374,27250,17088,0,0,42504,4892,2541,1008,609,16,0,0,0,0,36234,7139,4977,0,0,0,0,0
465,10564,466.32235021472894,99919,1709,862,60,17,17181,8742,0.25944014651868014,1099,478,25040,21486,7943,3479,14147,23676,27695,17392,0,0,41696,5041,2722,1026,646,16,0,0,0,0,36704,7027,5041,0,0,0,0,0
466,10564,467.3528959282167,99919,1738,837,60,17,17473,8854,0.2634834215714729,1106,503,24722,21139,8059,3549,14313,23953,28135,17694,0,0,40870,5204,2894,1031,684,18,0,0,0,0,37181,6939,5098,0,0,0,0,0
467,10564,468.3962144005721,99917,1737,841,61,18,17741,8991,0.26754205990972507,1113,526,24405,20767,8200,3599,14482,24247,28569,17994,0,0,40082,5338,3084,1057,710,20,0,0,0,0,37626,6829,5171,0,0,0,0,0
468,10564,469.4530477404581,99917,1759,869,61,18,18057,9137,0.2721658976950869,1125,536,24042,20445,8365,3638,14646,24492,28998,18292,0,0,39294,5477,3268,1090,740,20,0,0,0,0,38070,6713,5245,0,0,0,0,0
469,10564,470.52465143470886,99914,1782,861,64,18,18360,9262,0.2764577536681546,1122,558,23751,20111,8497,3699,14782,24751,29421,18588,0,0,38500,5635,3463,1103,773,20,0,0,0,0,38499,6613,5308,0,0,0,0,0
470,10564,471.06422862001824,99913,1779,876,64,19,18491,9345,0.2786023840741445,1137,552,23497,19751,8527,3700,14994,25100,29838,18882,0,0,37824,5681,3584,1106,793,22,0,0,0,0,39000,6528,5375,0,0,0,0,0
471,10564,472.16075280328414,99909,1837,862,67,20,18823,9497,0.2834579467315257,1119,556,23173,19438,8648,3795,15154,25327,30248,19173,0,0,37054,5835,3771,1133,838,23,0,0,0,0,39405,6414,5436,0,0,0,0,0
472,10564,473.2716926242455,99907,1812,878,68,21,19099,9651,0.2877676238902179,1174,554,22855,19127,8805,3842,15284,25576,30652,19462,0,0,36321,5960,3974,1172,876,25,0,0,0,0,39782,6287,5510,0,0,0,0,0
473,10564,474.39731292549294,99906,1876,897,69,21,19434,9806,0.29267511460773127,1175,545,22542,18816,8929,3900,15407,25819,31050,19748,0,0,35602,6073,4186,1202,905,25,0,0,0,0,40158,6173,5582,0,0,0,0,0
474,10564,475.5381762658619,99904,1894,908,71,21,19768,9970,0.29766575912876364,1178,538,22234,18532,9080,3969,15541,26030,31441,20032,0,0,34865,6217,4398,1226,955,28,0,0,0,0,40514,6057,5644,0,0,0,0,0
475,10564,476.11300808532417,99904,1926,895,71,21,19949,10037,0.30014814221652786,1155,556,21987,18237,9107,3976,15752,26313,31826,20313,0,0,34253,6248,4561,1222,981,29,0,0,0,0,40921,5976,5713,0,0,0,0,0
476,10564,477.28213746004855,99904,1904,919,71,21,20267,10194,0.3049027065983344,1148,573,21729,17941,9281,4020,15865,26524,32204,20591,0,0,33549,6376,4773,1262,1036,32,0,0,0,0,41255,5855,5766,0,0,0,0,0
477,10564,478.4655691043269,99902,1941,933,73,21,20617,10360,0.31007387239494705,1129,581,21466,17675,9429,4093,15960,26695,32575,20866,0,0,32864,6486,5017,1304,1075,35,0,0,0,0,41563,5740,5818,0,0,0,0,0
478,10564,479.06134323931565,99902,1965,938,73,21,20803,10425,0.31258633460791574,1113,595,21242,17393,9468,4085,16137,26966,32940,21138,0,0,32295,6495,5177,1303,1111,36,0,0,0,0,41948,5663,5874,0,0,0,0,0
479,10564,480.27139160575473,99902,1954,962,73,21,21127,10606,0.31764128846269346,1123,562,20990,17158,9629,4156,16229,27139,33298,21407,0,0,31615,6616,5427,1339,1154,40,0,0,0,0,42228,5554,5929,0,0,0,0,0
480,10564,481.4956132419924,99901,1933,966,74,21,21452,10801,0.32284962112491367,1126,523,20735,16930,9813,4255,16317,27303,33649,21672,0,0,30945,6753,5681,1372,1212,44,0,0,0,0,42466,5432,5996,0,0,0,0,0
481,10564,482.11229191500513,99901,1971,962,74,21,21630,10880,0.3254221679462668,1094,532,20527,16675,9822,4272,16510,27536,33993,21934,0,0,30399,6772,5842,1370,1242,46,0,0,0,0,42823,5353,6054,0,0,0,0,0
482,10564,483.36511530788994,99899,2020,955,75,22,21999,11040,0.3307240312715843,1068,566,20290,16437,9973,4360,16572,27658,34331,22193,0,0,29748,6897,6075,1386,1305,53,0,0,0,0,43087,5257,6091,0,0,0,0,0
483,10564,484.63218915164776,99899,2003,949,75,22,22338,11221,0.33592928858146726,1053,562,20083,16227,10146,4459,16638,27779,34662,22448,0,0,29088,7034,6344,1421,1365,55,0,0,0,0,43306,5156,6130,0,0,0,0,0
484,10564,485.2695699502156,99898,2022,974,76,22,22527,11319,0.3388055816933272,1038,556,19869,15994,10192,4450,16801,28002,34986,22700,0,0,28570,7051,6500,1435,1393,58,0,0,0,0,43630,5065,6196,0,0,0,0,0
485,10564,486.5632838951796,99897,1983,964,76,23,22853,11495,0.34383414917364885,1051,570,19635,15830,10370,4549,16883,28062,35303,22948,0,0,27942,7162,6791,1469,1459,61,0,0,0,0,43818,4978,6217,0,0,0,0,0
486,10564,487.2145811896896,99896,1959,953,77,23,23016,11584,0.34636021462320815,1063,574,19433,15603,10429,4584,17037,28261,35614,23193,0,0,27432,7176,6986,1481,1492,65,0,0,0,0,44094,4905,6265,0,0,0,0,0
487,10564,488.53800132317434,99893,1956,971,80,23,23353,11777,0.35167629363418856,1076,529,19217,15468,10588,4660,17081,28347,35918,23434,0,0,26839,7269,7253,1531,1543,69,0,0,0,0,44284,4804,6301,0,0,0,0,0
488,10564,489.20390280743794,99893,1971,954,80,23,23556,11860,0.35453935711210993,1049,533,19015,15255,10667,4705,17216,28528,36216,23672,0,0,26338,7301,7433,1542,1584,71,0,0,0,0,44558,4721,6345,0,0,0,0,0
489,10564,490.5565231027287,99891,1957,926,82,23,23913,12018,0.3597020752620356,1020,547,18836,15108,10843,4798,17260,28596,36507,23906,0,0,25758,7415,7714,1579,1649,75,0,0,0,0,44694,4620,6387,0,0,0,0,0
490,10564,491.2369812631824,99890,1940,931,82,24,24080,12106,0.36225848433276603,1025,532,18664,14922,10903,4805,17384,28784,36792,24137,0,0,25308,7413,7907,1580,1690,79,0,0,0,0,44932,4549,6432,0,0,0,0,0
491,10564,492.617053168591,99889,1932,928,83,24,24466,12282,0.3678883560752435,955,529,18497,14812,11117,4895,17414,28810,37071,24364,0,0,24756,7503,8225,1625,1750,83,0,0,0,0,45030,4453,6464,0,0,0,0,0
492,10564,493.31110879323245,99889,1892,921,83,24,24631,12378,0.370501256394598,950,525,18364,14644,11190,4935,17519,28949,37343,24587,0,0,24316,7501,8437,1643,1795,86,0,0,0,0,45233,4380,6498,0,0,0,0,0
493,10564,494.011249333347,99889,1853,905,83,24,24780,12471,0.37292394557959335,944,512,18229,14488,11253,4968,17636,29101,37609,24807,0,0,23872,7515,8630,1653,1844,87,0,0,0,0,45443,4312,6533,0,0,0,0,0
494,10564,495.42824002593835,99885,1806,901,86,25,25116,12654,0.3781348550833458,926,519,18055,14371,11478,5061,17647,29121,37869,25023,0,0,23328,7631,8948,1689,1895,91,0,0,0,0,45515,4222,6566,0,0,0,0,0
495,10564,496.14010099113233,99883,1824,890,88,25,25306,12736,0.3808656127669373,879,520,17929,14218,11523,5083,17755,29262,38123,25236,0,0,22929,7616,9137,1691,1938,98,0,0,0,0,45707,4167,6600,0,0,0,0,0
496,10564,497.5828234650601,99882,1756,909,89,25,25620,12928,0.38593540377645624,854,483,17811,14136,11713,5157,17775,29288,38371,25445,0,0,22440,7685,9431,1745,2002,105,0,0,0,0,45777,4071,6626,0,0,0,0,0
497,10564,498.3075527718152,99881,1735,905,89,26,25781,13013,0.38840219861635344,862,489,17668,14002,11777,5178,17867,29398,38613,25651,0,0,22055,7671,9631,1755,2043,108,0,0,0,0,45950,4011,6657,0,0,0,0,0
498,10564,499.0371830773151,99880,1701,915,90,26,25936,13106,0.3908890668802563,848,481,17528,13852,11847,5205,17984,29519,38850,25853,0,0,21661,7667,9825,1766,2076,114,0,0,0,0,46129,3957,6685,0,0,0,0,0
499,10564,500.48774686574006,99879,1642,885,91,26,26234,13276,0.3955786501667017,866,474,17359,13783,12039,5303,18001,29527,39081,26051,0,0,21208,7716,10147,1802,2158,119,0,0,0,0,46155,3894,6680,0,0,0,0,0
500,10564,501.2147866208564,99878,1616,880,91,27,26383,13365,0.3979655179318769,877,449,17232,13672,12091,5329,18091,29641,39307,26246,0,0,20841,7706,10339,1810,2201,122,0,0,0,0,46312,3840,6707,0,0,0,0,0
501,10564,502.65731734192644,99877,1581,845,92,27,26686,13514,0.4024950689347898,837,437,17121,13611,12260,5422,18107,29656,39527,26437,0,0,20432,7738,10645,1852,2274,124,0,0,0,0,46324,3760,6728,0,0,0,0,0
502,10564,503.38097855238465,99877,1593,838,92,27,26850,13591,0.404908036885369,814,429,17000,13485,12290,5442,18209,29777,39742,26625,0,0,20092,7721,10809,1853,2325,125,0,0,0,0,46485,3710,6757,0,0,0,0,0
503,10564,504.10072815822906,99876,1574,815,93,27,26991,13657,0.4069846609796147,800,433,16893,13385,12327,5471,18311,29867,39952,26810,0,0,19747,7718,10990,1855,2359,130,0,0,0,0,46625,3663,6789,0,0,0,0,0
504,10564,505.5288019882619,99875,1534,807,93,28,27273,13805,0.4112941176470588,778,419,16819,13351,12467,5540,18307,29853,40156,26991,0,0,19352,7772,11244,1874,2442,136,0,0,0,0,46660,3596,6799,0,0,0,0,0
505,10564,506.2445399847943,99875,1531,792,93,28,27413,13869,0.4133366708385482,770,417,16725,13268,12484,5550,18395,29943,40355,27169,0,0,19049,7749,11411,1876,2485,139,0,0,0,0,46796,3539,6831,0,0,0,0,0
506,10564,507.66720080359494,99872,1484,782,96,28,27704,14021,0.41778476449855817,694,391,16657,13261,12645,5631,18422,29905,40549,27343,0,0,18667,7791,11675,1898,2567,149,0,0,0,0,46811,3481,6833,0,0,0,0,0
507,10564,508.38042323479044,99872,1442,764,96,28,27801,14089,0.4194368792053829,686,383,16557,13181,12677,5649,18540,29993,40739,27514,0,0,18385,7763,11838,1901,2619,150,0,0,0,0,46928,3424,6864,0,0,0,0,0
508,10564,509.09016135725085,99871,1406,769,97,28,27919,14164,0.42137357190776104,680,353,16497,13109,12705,5655,18613,30084,40924,27682,0,0,18106,7735,11997,1897,2673,155,0,0,0,0,47047,3377,6884,0,0,0,0,0
509,10564,510.4992864651807,99870,1336,756,98,28,28152,14294,0.4250125162711525,651,346,16460,13086,12844,5725,18609,30057,41104,27847,0,0,17759,7765,12252,1919,2743,163,0,0,0,0,47056,3326,6887,0,0,0,0,0
510,10564,511.206270105735,99870,1343,747,98,28,28293,14344,0.4269250025032542,617,349,16399,13032,12861,5714,18680,30128,41280,28009,0,0,17485,7735,12417,1929,2762,168,0,0,0,0,47174,3284,6916,0,0,0,0,0
511,10564,512.6126256129094,99869,1236,737,99,28,28472,14473,0.4300133174458541,644,309,16374,13041,12986,5772,18659,30111,41451,28167,0,0,17164,7743,12682,1953,2826,174,0,0,0,0,47175,3239,6913,0,0,0,0,0
512,10564,513.3187181568096,99869,1255,705,99,28,28596,14533,0.43185573100762,607,303,16309,12990,12987,5807,18741,30165,41618,28322,0,0,16896,7720,12835,1950,2867,175,0,0,0,0,47288,3209,6929,0,0,0,0,0
513,10564,514.0223107503489,99868,1218,694,99,29,28699,14599,0.4335522890215084,606,277,16251,12948,13009,5829,18815,30221,41781,28474,0,0,16649,7688,12993,1953,2917,177,0,0,0,0,47377,3168,6946,0,0,0,0,0
514,10564,515.4215817711929,99865,1210,674,101,30,28917,14702,0.4367796525309167,604,263,16226,12968,13070,5885,18787,30178,41940,28623,0,0,16355,7699,13201,1966,2969,182,0,0,0,0,47401,3125,6967,0,0,0,0,0
515,10564,516.1235819530067,99863,1192,684,102,31,29022,14777,0.43859086949120296,593,237,16161,12928,13096,5888,18854,30230,42095,28769,0,0,16126,7669,13359,1961,3005,184,0,0,0,0,47481,3083,6995,0,0,0,0,0
516,10564,517.5207774267733,99863,1172,632,102,31,29235,14842,0.4413746833161431,576,246,16138,12957,13178,5942,18832,30190,42246,28912,0,0,15841,7698,13559,1971,3062,189,0,0,0,0,47498,3031,7014,0,0,0,0,0
517,10564,518.2214216661457,99862,1162,618,102,32,29337,14885,0.44283110692756006,548,258,16078,12918,13201,5943,18907,30229,42393,29052,0,0,15621,7660,13695,1979,3087,197,0,0,0,0,47596,2996,7031,0,0,0,0,0
518,10564,519.6165048406539,99860,1119,614,104,32,29525,14999,0.4458642098938514,528,232,16077,12941,13287,5998,18883,30181,42536,29190,0,0,15352,7668,13890,1989,3149,204,0,0,0,0,47612,2956,7040,0,0,0,0,0
519,10564,520.3161978390117,99858,1094,588,106,32,29620,15035,0.44718500270383943,518,231,16035,12898,13314,6018,18931,30231,42676,29325,0,0,15141,7632,14006,1996,3201,205,0,0,0,0,47705,2917,7055,0,0,0,0,0
520,10564,521.0139726675869,99857,1077,559,107,32,29701,15064,0.44829105621038084,517,240,16012,12868,13304,6032,18981,30267,42812,29457,0,0,14936,7598,14157,1991,3226,208,0,0,0,0,47781,2892,7068,0,0,0,0,0
521,10564,522.4051204190334,99856,1031,521,107,33,29876,15138,0.45078913635635315,500,239,16021,12910,13387,6078,18952,30217,42945,29586,0,0,14682,7610,14357,1998,3273,220,0,0,0,0,47781,2864,7071,0,0,0,0,0
522,10564,523.1034426566341,99856,1018,508,107,33,29955,15177,0.4519708380067297,480,243,15993,12871,13385,6083,19015,30260,43074,29713,0,0,14492,7577,14493,1998,3297,224,0,0,0,0,47857,2833,7085,0,0,0,0,0
523,10564,524.4943996425031,99856,1001,489,107,33,30133,15254,0.4545245153020349,434,236,15989,12926,13452,6109,19015,30205,43200,29837,0,0,14282,7547,14689,2017,3340,231,0,0,0,0,47857,2799,7094,0,0,0,0,0
524,10564,525.1913040385241,99856,973,492,107,33,30206,15296,0.45567617369011376,442,234,15952,12914,13463,6094,19061,30231,43323,29959,0,0,14107,7506,14799,2020,3374,236,0,0,0,0,47940,2767,7107,0,0,0,0,0
525,10564,526.5798810573341,99856,904,453,107,33,30357,15371,0.4579394327832078,415,227,15989,12953,13546,6147,19037,30185,43443,30078,0,0,13895,7497,15010,2038,3420,249,0,0,0,0,47905,2734,7108,0,0,0,0,0
526,10564,527.2766988630817,99856,886,449,107,33,30428,15411,0.459051033488223,396,216,15989,12928,13533,6151,19087,30221,43560,30195,0,0,13733,7460,15135,2032,3448,253,0,0,0,0,47967,2702,7126,0,0,0,0,0
527,10564,528.6658987370912,99854,863,436,109,33,30567,15481,0.46115328379433973,369,201,16042,13009,13557,6171,19058,30148,43674,30309,0,0,13543,7437,15305,2033,3496,254,0,0,0,0,47968,2679,7139,0,0,0,0,0
528,10564,529.3629814742987,99854,837,425,109,33,30620,15513,0.46200452660884894,361,194,16034,12998,13547,6175,19110,30173,43785,30421,0,0,13387,7409,15406,2025,3529,258,0,0,0,0,48034,2649,7157,0,0,0,0,0
529,10564,530.0583611463005,99852,834,427,110,34,30677,15550,0.4629551736570124,357,185,16015,12991,13530,6173,19152,30188,43893,30530,0,0,13239,7359,15513,2023,3553,259,0,0,0,0,48112,2631,7163,0,0,0,0,0
530,10564,531.4445494085273,99850,797,403,111,35,30796,15617,0.46482724086129196,328,182,16034,13075,13569,6199,19159,30104,43998,30637,0,0,13063,7334,15669,2034,3599,266,0,0,0,0,48118,2603,7164,0,0,0,0,0
531,10564,532.1390368418107,99850,765,376,111,35,30848,15643,0.4656084126189284,328,183,16033,13079,13563,6201,19198,30124,44100,30742,0,0,12919,7299,15781,2032,3635,269,0,0,0,0,48165,2577,7173,0,0,0,0,0
532,10564,533.52341390993,99849,716,369,112,35,30950,15713,0.46733567687207683,312,154,16094,13178,13587,6214,19177,30048,44200,30845,0,0,12753,7287,15936,2035,3678,274,0,0,0,0,48160,2548,7178,0,0,0,0,0
533,10564,534.2179869173024,99849,700,362,112,35,31007,15740,0.46817694719025726,301,146,16081,13174,13580,6212,19224,30069,44297,30946,0,0,12615,7255,16022,2035,3702,279,0,0,0,0,48224,2522,7195,0,0,0,0,0
534,10564,535.6026481907691,99847,668,345,114,35,31129,15793,0.46993900668022076,270,132,16138,13265,13617,6231,19191,29990,44392,31044,0,0,12446,7242,16163,2046,3744,284,0,0,0,0,48235,2497,7190,0,0,0,0,0
535,10564,536.2966002658269,99847,654,328,114,35,31181,15808,0.4706100333510271,264,143,16159,13250,13604,6231,19203,30011,44484,31140,0,0,12312,7213,16246,2046,3770,286,0,0,0,0,48301,2472,7201,0,0,0,0,0
536,10564,537.6831160827245,99847,637,302,114,35,31286,15852,0.4721023165443128,242,144,16218,13321,13609,6264,19178,29932,44574,31234,0,0,12155,7207,16368,2040,3813,291,0,0,0,0,48319,2451,7203,0,0,0,0,0
537,10564,538.3788219420152,99847,606,303,114,35,31323,15875,0.47270323595100505,253,147,16210,13316,13600,6256,19215,29941,44662,31326,0,0,12031,7175,16454,2038,3831,296,0,0,0,0,48378,2430,7214,0,0,0,0,0
538,10564,539.0732570139899,99847,573,313,114,35,31359,15903,0.47334421665147675,255,138,16218,13330,13586,6237,19252,29945,44747,31416,0,0,11909,7149,16526,2029,3859,300,0,0,0,0,48438,2414,7223,0,0,0,0,0
539,10564,540.4586637752351,99847,561,281,114,35,31454,15947,0.4747363466103138,222,133,16295,13425,13571,6254,19235,29870,44830,31504,0,0,11773,7126,16656,2029,3898,303,0,0,0,0,48439,2399,7224,0,0,0,0,0
540,10564,541.153004870816,99847,536,271,114,35,31491,15965,0.47528718939978165,216,126,16303,13443,13561,6243,19268,29880,44911,31591,0,0,11662,7090,16735,2016,3932,305,0,0,0,0,48490,2387,7230,0,0,0,0,0
541,10564,542.5386163698427,99847,478,250,114,35,31559,16001,0.4763287830380482,200,122,16357,13553,13596,6245,19253,29793,44990,31676,0,0,11536,7065,16845,2028,3970,310,0,0,0,0,48494,2362,7237,0,0,0,0,0
542,10564,543.2331869945178,99847,453,234,114,35,31582,16015,0.47669935000550845,209,123,16378,13574,13575,6239,19269,29793,45067,31759,0,0,11431,7029,16921,2022,3990,315,0,0,0,0,48545,2349,7245,0,0,0,0,0
543,10564,544.6199616571804,99847,418,228,114,35,31641,16054,0.47768085170310576,211,105,16462,13671,13563,6236,19230,29723,45142,31840,0,0,11321,7001,17023,2026,4018,320,0,0,0,0,48559,2326,7253,0,0,0,0,0
544,10564,545.3156925120377,99847,409,230,114,35,31676,16073,0.4782216791691288,200,102,16491,13697,13523,6214,19261,29720,45215,31920,0,0,11232,6953,17096,2022,4043,320,0,0,0,0,48609,2313,7259,0,0,0,0,0
545,10564,546.0106413610241,99846,411,221,115,35,31712,16090,0.47875728622078,189,99,16512,13718,13487,6208,19284,29717,45287,31998,0,0,11142,6916,17155,2016,4067,323,0,0,0,0,48662,2296,7269,0,0,0,0,0
546,10564,547.3978780217132,99846,394,212,115,35,31767,16130,0.479708751477275,184,84,16586,13822,13454,6215,19265,29630,45357,32074,0,0,11039,6890,17243,2023,4098,324,0,0,0,0,48684,2272,7273,0,0,0,0,0
547,10564,548.0931867486777,99846,389,214,115,35,31807,16149,0.48029966147867714,170,76,16607,13849,13426,6201,19291,29623,45425,32149,0,0,10949,6850,17304,2028,4116,326,0,0,0,0,48738,2255,7280,0,0,0,0,0
548,10564,549.4807965286777,99845,374,185,116,35,31859,16166,0.48099554309179227,162,86,16692,13968,13405,6196,19249,29528,45491,32222,0,0,10851,6820,17385,2032,4145,328,0,0,0,0,48759,2240,7285,0,0,0,0,0
549,10564,550.176547786193,99845,360,181,116,35,31889,16180,0.48143622615053333,151,80,16714,14009,13392,6188,19265,29505,45556,32293,0,0,10764,6795,17434,2030,4160,335,0,0,0,0,48809,2220,7298,0,0,0,0,0
550,10564,551.5665531110775,99845,343,178,116,35,31946,16216,0.4823676698883269,136,69,16806,14135,13367,6185,19230,29396,45619,32363,0,0,10672,6763,17526,2025,4189,337,0,0,0,0,48822,2211,7300,0,0,0,0,0
551,10564,552.2635030084919,99845,336,172,116,35,31966,16226,0.4826681356101958,142,71,16842,14161,13320,6173,19242,29386,45680,32431,0,0,10592,6734,17573,2022,4204,339,0,0,0,0,48874,2195,7312,0,0,0,0,0
552,10564,553.6558575997789,99845,319,154,116,35,32018,16248,0.48340928439080577,135,70,16938,14275,13289,6176,19201,29288,45740,32498,0,0,10498,6715,17653,2021,4230,341,0,0,0,0,48889,2181,7317,0,0,0,0,0
553,10564,554.3539036863754,99845,314,156,116,35,32042,16267,0.4838399519254845,132,62,16957,14317,13263,6154,19216,29274,45798,32564,0,0,10424,6687,17709,2012,4246,343,0,0,0,0,48927,2169,7328,0,0,0,0,0
554,10564,555.0516236840381,99845,316,147,116,35,32073,16277,0.48425058841203866,122,58,16982,14360,13236,6136,19226,29262,45855,32628,0,0,10349,6660,17757,2006,4270,343,0,0,0,0,48973,2155,7332,0,0,0,0,0
555,10564,556.4458753567575,99845,299,138,116,35,32131,16301,0.48507186138514696,98,46,17066,14488,13233,6122,19186,29169,45911,32691,0,0,10269,6637,17833,2004,4300,346,0,0,0,0,48983,2137,7336,0,0,0,0,0
556,10564,557.1453860756767,99845,279,136,116,35,32142,16310,0.48527217186639293,105,45,17121,14525,13190,6100,19187,29157,45965,32753,0,0,10202,6614,17886,1997,4313,348,0,0,0,0,49017,2119,7349,0,0,0,0,0
557,10564,558.5431341378593,99845,266,122,116,35,32179,16320,0.48574290149732086,87,47,17231,14643,13156,6083,19142,29068,46018,32813,0,0,10119,6592,17955,1999,4325,348,0,0,0,0,49042,2107,7358,0,0,0,0,0
558,10564,559.2438913639073,99845,257,112,116,35,32194,16327,0.48596324302669136,89,54,17286,14668,13109,6073,19141,29056,46070,32872,0,0,10057,6569,18002,1984,4347,350,0,0,0,0,49075,2096,7365,0,0,0,0,0
559,10564,560.6456785690234,99845,255,103,116,35,32236,16346,0.4865741899944915,77,52,17389,14806,13070,6053,19091,28949,46120,32930,0,0,9974,6563,18045,1977,4372,351,0,0,0,0,49107,2083,7373,0,0,0,0,0
560,10564,561.3489419482967,99845,238,99,116,35,32247,16354,0.48676448495167507,75,54,17416,14847,13048,6042,19105,28921,46169,32987,0,0,9908,6537,18089,1973,4388,351,0,0,0,0,49146,2072,7381,0,0,0,0,0
561,10564,562.0518683745079,99845,228,101,116,35,32258,16364,0.4869748109569833,78,51,17449,14880,13023,6024,19104,28907,46217,33042,0,0,9849,6515,18129,1963,4402,353,0,0,0,0,49184,2060,7390,0,0,0,0,0
562,10564,563.4571044104922,99845,199,98,116,35,32280,16381,0.48736541639541286,94,48,17518,15014,12996,5993,19075,28810,46264,33096,0,0,9787,6490,18186,1958,4429,355,0,0,0,0,49201,2051,7388,0,0,0,0,0
563,10564,564.1611085306795,99844,201,100,116,36,32299,16391,0.4876607507712031,81,41,17558,15069,12964,5977,19078,28775,46310,33149,0,0,9730,6460,18227,1955,4438,356,0,0,0,0,49241,2043,7394,0,0,0,0,0
564,10564,565.5688213366003,99844,197,98,116,36,32332,16405,0.48813148511678217,80,38,17645,15198,12926,5949,19034,28679,46355,33201,0,0,9657,6450,18267,1945,4458,358,0,0,0,0,49275,2039,7395,0,0,0,0,0
565,10564,566.2746717533847,99844,199,91,116,36,32353,16407,0.48836184447738473,72,47,17662,15236,12901,5936,19048,28652,46399,33252,0,0,9601,6421,18314,1942,4466,358,0,0,0,0,49309,2031,7402,0,0,0,0,0
566,10564,567.6852418061126,99844,187,90,116,36,32379,16425,0.48880253194984175,74,40,17777,15336,12862,5919,18982,28577,46441,33302,0,0,9539,6405,18360,1941,4473,365,0,0,0,0,49333,2020,7408,0,0,0,0,0
567,10564,568.3924579202077,99844,173,93,116,36,32384,16435,0.4889527663154521,80,32,17811,15391,12829,5906,18989,28540,46482,33351,0,0,9489,6377,18398,1941,4479,367,0,0,0,0,49367,2009,7417,0,0,0,0,0
568,10564,569.1000601675916,99844,177,86,116,36,32398,16441,0.4891530788029326,72,31,17849,15439,12792,5906,18992,28500,46522,33399,0,0,9437,6350,18440,1938,4483,369,0,0,0,0,49401,2003,7423,0,0,0,0,0
569,10564,570.5148519433386,99844,181,81,116,36,32428,16455,0.4895937662753896,68,30,17971,15581,12737,5892,18925,28378,46562,33446,0,0,9379,6332,18478,1940,4493,371,0,0,0,0,49428,1992,7431,0,0,0,0,0
570,10564,571.2246909282594,99844,175,74,116,36,32439,16458,0.48973398501662596,72,35,18002,15631,12704,5880,18929,28342,46601,33492,0,0,9325,6309,18514,1937,4504,371,0,0,0,0,49463,1987,7434,0,0,0,0,0
571,10564,572.6443465983123,99844,162,71,116,36,32469,16469,0.4901446256159609,55,37,18100,15760,12679,5854,18886,28240,46639,33537,0,0,9268,6291,18565,1933,4519,374,0,0,0,0,49480,1983,7431,0,0,0,0,0
572,10564,573.3559808313883,99844,155,67,116,36,32483,16472,0.4903148912303193,49,35,18143,15811,12656,5837,18879,28212,46676,33581,0,0,9216,6269,18599,1929,4529,376,0,0,0,0,49515,1979,7432,0,0,0,0,0
573,10564,574.0675951205682,99844,138,67,116,36,32490,16476,0.49042506309843353,57,35,18190,15873,12628,5823,18869,28164,46712,33624,0,0,9162,6255,18628,1923,4543,376,0,0,0,0,49550,1973,7434,0,0,0,0,0
574,10564,575.4920500981216,99844,127,60,116,36,32508,16484,0.4906854693321582,60,35,18310,16004,12574,5801,18811,28062,46747,33666,0,0,9118,6240,18671,1911,4562,378,0,0,0,0,49562,1966,7436,0,0,0,0,0
575,10564,576.206057102192,99844,125,63,116,36,32515,16491,0.4908256880733945,65,33,18363,16057,12528,5787,18801,28022,46781,33707,0,0,9079,6217,18698,1908,4569,379,0,0,0,0,49593,1957,7444,0,0,0,0,0
576,10564,577.635892692802,99844,129,65,116,36,32541,16506,0.4912363286727295,59,24,18486,16205,12471,5759,18737,27909,46814,33748,0,0,9043,6195,18736,1905,4582,380,0,0,0,0,49606,1944,7453,0,0,0,0,0
577,10564,578.3530055434072,99844,130,57,116,36,32556,16510,0.4914266255358359,52,24,18531,16268,12440,5747,18729,27866,46847,33788,0,0,8995,6181,18764,1900,4590,382,0,0,0,0,49635,1938,7459,0,0,0,0,0
578,10564,579.0705698428862,99844,124,52,116,36,32562,16511,0.49149673490645407,55,25,18589,16325,12401,5728,18713,27832,46879,33827,0,0,8956,6161,18796,1896,4597,383,0,0,0,0,49661,1930,7464,0,0,0,0,0
579,10564,580.507117468957,99844,113,52,116,36,32579,16520,0.49175714114017866,51,27,18699,16455,12359,5704,18660,27724,46910,33865,0,0,8912,6143,18829,1895,4606,385,0,0,0,0,49681,1923,7470,0,0,0,0,0
580,10564,581.2275397636874,99844,99,56,116,36,32582,16529,0.491877328632667,54,19,18737,16526,12338,5686,18654,27675,46940,33902,0,0,8874,6129,18853,1890,4616,387,0,0,0,0,49705,1914,7476,0,0,0,0,0
581,10564,582.0052543303742,99844,97,53,116,36,32594,16530,0.49200753174952927,48,27,18800,16577,12300,5672,18637,27633,46970,33939,0,0,8834,6112,18883,1884,4624,388,0,0,0,0,49730,1911,7478,0,0,0,0,0
582,10564,583.4385228733972,99844,99,61,116,36,32611,16545,0.492328031729498,47,23,18925,16690,12225,5651,18586,27537,46999,33975,0,0,8796,6092,18907,1883,4635,388,0,0,0,0,49756,1905,7482,0,0,0,0,0
583,10564,584.1512651480443,99844,98,60,116,36,32621,16551,0.4924882817194824,42,17,18960,16752,12205,5642,18577,27491,47027,34010,0,0,8758,6076,18932,1880,4643,389,0,0,0,0,49783,1899,7484,0,0,0,0,0
584,10564,585.1196568326081,99844,98,59,116,36,32626,16554,0.4925684067144746,47,17,19029,16822,12163,5618,18545,27446,47055,34044,0,0,8723,6055,18960,1878,4646,389,0,0,0,0,49810,1895,7488,0,0,0,0,0
585,10564,586.0634115758655,99844,96,55,116,36,32636,16558,0.4927086254557109,41,20,19082,16884,12131,5604,18532,27399,47082,34078,0,0,8689,6037,18984,1874,4658,389,0,0,0,0,49832,1890,7491,0,0,0,0,0
586,10564,587.1373340549684,99844,95,49,116,36,32651,16565,0.4929289691919394,38,21,19204,16984,12083,5584,18462,27324,47109,34111,0,0,8658,6022,19014,1869,4669,390,0,0,0,0,49842,1881,7499,0,0,0,0,0
587,10564,588.5406416741665,99844,91,45,116,36,32659,16569,0.4930491566844277,34,18,19265,17043,12047,5571,18445,27285,47135,34143,0,0,8624,6006,19041,1866,4674,392,0,0,0,0,49862,1876,7503,0,0,0,0,0
588,10564,589.0091380476481,99844,90,47,116,36,32662,16572,0.49310925043067183,36,18,19273,17077,12024,5554,18459,27266,47160,34175,0,0,8595,5988,19061,1861,4679,393,0,0,0,0,49888,1871,7508,0,0,0,0,0
589,10564,590.2121863092714,99844,74,47,116,36,32668,16578,0.49322943792316015,39,15,19396,17228,11965,5521,18408,27151,47185,34206,0,0,8565,5973,19087,1857,4691,394,0,0,0,0,49901,1863,7513,0,0,0,0,0
590,10564,591.1965877902219,99844,68,39,116,36,32675,16582,0.4933396097912744,39,14,19472,17313,11921,5515,18382,27081,47209,34237,0,0,8524,5971,19108,1850,4701,394,0,0,0,0,49921,1857,7518,0,0,0,0,0
591,10564,592.1793148089236,99844,72,38,116,36,32687,16586,0.49349985978125877,34,15,19536,17406,11873,5505,18367,26998,47233,34267,0,0,8495,5958,19127,1845,4708,395,0,0,0,0,49941,1850,7525,0,0,0,0,0
592,10564,593.6354801845592,99844,73,38,116,36,32697,16590,0.4936400785224951,31,19,19617,17495,11822,5482,18339,26928,47256,34296,0,0,8460,5949,19146,1843,4710,396,0,0,0,0,49966,1843,7531,0,0,0,0,0
593,10564,594.3397840142117,99843,76,34,116,37,32704,16594,0.4937551956571818,33,19,19683,17544,11772,5470,18318,26894,47279,34325,0,0,8441,5931,19169,1838,4718,397,0,0,0,0,49977,1834,7538,0,0,0,0,0
594,10564,595.1533384623356,99843,68,30,116,37,32718,16599,0.4939454944262492,29,21,19794,17686,11738,5454,18253,26770,47301,34353,0,0,8416,5915,19197,1839,4722,400,0,0,0,0,49983,1823,7548,0,0,0,0,0
595,10564,596.5147953104907,99843,61,26,116,37,32726,16603,0.4940656831225023,25,22,19924,17801,11681,5431,18191,26681,47323,34381,0,0,8390,5898,19223,1839,4729,401,0,0,0,0,49994,1817,7552,0,0,0,0,0
596,10564,597.1924832053766,99843,61,30,116,37,32729,16608,0.4941458089200044,22,17,19970,17850,11650,5420,18179,26644,47344,34408,0,0,8364,5885,19236,1836,4732,403,0,0,0,0,50018,1813,7556,0,0,0,0,0
597,10564,598.0202296538328,99843,58,27,116,37,32731,16610,0.49418587181875545,22,17,20035,17905,11610,5412,18157,26600,47365,34435,0,0,8342,5869,19254,1832,4739,404,0,0,0,0,50035,1807,7561,0,0,0,0,0
598,10564,599.420414214651,99843,56,28,116,37,32739,16613,0.4942960447903208,19,18,20137,18008,11559,5390,18111,26517,47385,34461,0,0,8318,5857,19274,1829,4742,406,0,0,0,0,50050,1801,7566,0,0,0,0,0
599,10564,600.1138737570104,99843,57,28,116,37,32742,16615,0.4943461234137596,19,17,20210,18092,11525,5376,18071,26448,47405,34487,0,0,8288,5850,19285,1826,4744,407,0,0,0,0,50076,1796,7571,0,0,0,0,0
600,10564,601.0770935680583,99843,51,29,116,37,32745,16618,0.49440621776188615,20,16,20291,18169,11486,5356,18034,26391,47424,34512,0,0,8268,5830,19310,1825,4747,408,0,0,0,0,50089,1793,7573,0,0,0,0,0
601,10564,602.1773601149224,99843,51,27,116,37,32754,16622,0.49453642218282706,25,15,20405,18303,11432,5337,17969,26279,47443,34537,0,0,8240,5820,19330,1825,4749,409,0,0,0,0,50105,1788,7577,0,0,0,0,0
602,10564,603.0514157517466,99843,53,26,116,37,32759,16628,0.4946465951543924,24,11,20469,18375,11397,5324,17939,26225,47462,34561,0,0,8220,5804,19351,1822,4755,409,0,0,0,0,50118,1784,7580,0,0,0,0,0
603,10564,604.3602166720102,99842,50,20,117,37,32768,16629,0.4947517076981631,27,13,20592,18506,11341,5308,17871,26114,47480,34585,0,0,8194,5796,19368,1821,4760,411,0,0,0,0,50131,1778,7583,0,0,0,0,0
604,10564,605.0155910744171,99842,48,19,117,37,32771,16629,0.49478175517317363,25,14,20619,18530,11327,5300,17862,26098,47498,34608,0,0,8167,5785,19382,1821,4762,411,0,0,0,0,50154,1775,7585,0,0,0,0,0
605,10564,606.3620932361608,99842,45,19,117,37,32776,16632,0.4948618817732017,24,15,20694,18630,11285,5285,17833,26012,47515,34631,0,0,8145,5773,19398,1819,4767,412,0,0,0,0,50169,1772,7587,0,0,0,0,0
606,10564,607.117552406186,99842,46,21,117,37,32781,16635,0.4949420083732297,20,13,20730,18696,11263,5273,17822,25958,47532,34653,0,0,8124,5761,19409,1819,4770,412,0,0,0,0,50188,1766,7593,0,0,0,0,0
607,10564,608.1447278770595,99842,47,23,117,37,32788,16639,0.49505218244826826,17,11,20801,18782,11233,5261,17783,25884,47549,34675,0,0,8099,5754,19422,1817,4772,413,0,0,0,0,50206,1762,7597,0,0,0,0,0
608,10564,609.1024888994004,99842,45,23,117,37,32794,16642,0.4951423248732998,16,9,20891,18884,11193,5241,17736,25804,47565,34697,0,0,8082,5739,19447,1813,4777,413,0,0,0,0,50213,1760,7598,0,0,0,0,0
609,10564,610.1212513930496,99842,44,24,117,37,32801,16644,0.49523246729833137,16,8,20974,18978,11151,5227,17696,25724,47581,34718,0,0,8060,5725,19463,1812,4782,413,0,0,0,0,50230,1760,7597,0,0,0,0,0
610,10564,611.1269967803369,99842,44,19,117,37,32807,16645,0.4953025780733559,14,7,21054,19050,11113,5221,17656,25664,47597,34739,0,0,8032,5721,19475,1810,4785,414,0,0,0,0,50249,1757,7599,0,0,0,0,0
611,10564,612.1010117795438,99842,39,16,117,37,32809,16648,0.4953526571983734,15,5,21130,19142,11071,5209,17626,25589,47612,34759,0,0,8016,5711,19488,1806,4796,414,0,0,0,0,50259,1752,7600,0,0,0,0,0
612,10564,613.3143057589297,99842,26,15,117,37,32812,16649,0.49539272049838745,15,5,21231,19278,11038,5178,17571,25485,47627,34779,0,0,7995,5703,19501,1804,4804,415,0,0,0,0,50271,1747,7602,0,0,0,0,0
613,10564,614.0296601301815,99842,25,18,117,37,32814,16653,0.49545281544840847,13,3,21293,19351,11005,5160,17545,25429,47642,34799,0,0,7978,5695,19510,1798,4813,415,0,0,0,0,50287,1743,7603,0,0,0,0,0
614,10564,615.4800307828145,99842,22,17,117,37,32816,16653,0.4954728470984155,13,4,21382,19488,10963,5132,17501,25320,47656,34818,0,0,7960,5686,19522,1794,4818,415,0,0,0,0,50301,1740,7606,0,0,0,0,0
615,10564,616.0817551418071,99842,21,13,117,37,32819,16653,0.495502894573426,11,6,21446,19567,10932,5122,17471,25253,47670,34837,0,0,7946,5672,19539,1791,4822,416,0,0,0,0,50311,1738,7607,0,0,0,0,0
616,10564,617.1284017710686,99842,18,13,117,37,32819,16655,0.495522926223433,12,5,21511,19618,10897,5110,17443,25215,47684,34856,0,0,7928,5665,19549,1789,4824,418,0,0,0,0,50326,1734,7609,0,0,0,0,0
617,10564,618.005447527753,99842,17,11,117,37,32823,16656,0.49557300534845056,9,4,21577,19688,10874,5101,17404,25157,47698,34874,0,0,7911,5652,19565,1790,4826,418,0,0,0,0,50339,1730,7611,0,0,0,0,0
618,10564,619.1268705196502,99842,16,8,117,37,32826,16656,0.49560305282346107,7,4,21709,19828,10829,5077,17320,25044,47711,34892,0,0,7895,5645,19577,1788,4828,419,0,0,0,0,50350,1724,7616,0,0,0,0,0
619,10564,620.0835176843199,99842,16,9,117,37,32828,16657,0.4956331002984716,6,3,21749,19881,10801,5062,17309,25006,47724,34910,0,0,7877,5635,19588,1788,4829,419,0,0,0,0,50367,1721,7618,0,0,0,0,0
620,10564,621.605468241271,99842,13,5,117,37,32830,16657,0.4956531319484786,5,4,21884,20016,10739,5040,17240,24896,47737,34927,0,0,7857,5631,19598,1785,4833,419,0,0,0,0,50380,1717,7622,0,0,0,0,0
621,10564,622.0760342967864,99842,13,6,117,37,32831,16658,0.4956731635984856,5,3,21936,20068,10716,5034,17211,24850,47750,34944,0,0,7843,5619,19610,1782,4836,419,0,0,0,0,50394,1715,7624,0,0,0,0,0
622,10564,623.6053462620893,99841,10,4,118,37,32832,16658,0.4956881441491972,4,4,22069,20191,10658,5012,17139,24750,47762,34961,0,0,7827,5613,19616,1778,4841,420,0,0,0,0,50408,1711,7627,0,0,0,0,0
623,10564,624.0759688493484,99841,12,6,118,37,32834,16660,0.49572820785048227,2,2,22116,20244,10618,4998,17132,24711,47774,34977,0,0,7812,5605,19624,1776,4843,420,0,0,0,0,50423,1708,7630,0,0,0,0,0
624,10564,625.1710668974752,99841,12,5,118,37,32834,16661,0.4957382237758035,5,1,22219,20353,10572,4984,17072,24618,47786,34993,0,0,7794,5597,19634,1775,4844,420,0,0,0,0,50439,1707,7631,0,0,0,0,0
625,10564,626.3603759288052,99841,11,3,118,37,32836,16661,0.49575825562644604,5,1,22309,20443,10526,4958,17029,24556,47798,35009,0,0,7776,5591,19643,1773,4847,420,0,0,0,0,50453,1705,7633,0,0,0,0,0
626,10564,627.2621477129145,99841,12,3,118,37,32837,16661,0.49576827155176734,4,1,22374,20539,10492,4933,16998,24485,47809,35024,0,0,7764,5582,19652,1770,4850,420,0,0,0,0,50465,1703,7635,0,0,0,0,0
627,10564,628.2426644955369,99841,13,3,118,37,32839,16661,0.4957883034024098,5,1,22432,20592,10460,4922,16970,24443,47820,35039,0,0,7753,5573,19661,1768,4853,420,0,0,0,0,50476,1699,7638,0,0,0,0,0
628,10564,629.1160764987013,99841,10,1,118,37,32839,16661,0.4957883034024098,6,1,22505,20681,10427,4902,16932,24376,47831,35054,0,0,7737,5567,19668,1767,4854,422,0,0,0,0,50489,1698,7639,0,0,0,0,0
629,10564,630.5413453977718,99841,17,6,118,37,32846,16666,0.49590849450626495,24,21,22615,20827,10367,4860,16857,24247,47842,35069,0,0,7725,5556,19679,1765,4856,422,0,0,0,0,50501,1697,7640,0,0,0,0,0
630,10564,631.1958863034404,99841,21,10,118,37,32850,16670,0.495988621908835,22,18,22679,20876,10331,4848,16827,24209,47852,35083,0,0,7711,5548,19687,1764,4857,422,0,0,0,0,50515,1696,7641,0,0,0,0,0
631,10564,632.1675818013745,99841,23,11,118,37,32856,16672,0.49606874931140515,30,16,22760,20959,10297,4830,16770,24145,47862,35097,0,0,7702,5537,19695,1762,4864,422,0,0,0,0,50524,1694,7641,0,0,0,0,0
632,10564,633.0330884379185,99841,29,12,118,37,32865,16676,0.49619895634058153,25,14,22825,21029,10264,4818,16737,24088,47872,35111,0,0,7688,5528,19702,1762,4865,423,1,0,0,2,50535,1692,7643,0,0,0,0,0
633,10564,634.298797245345,99841,36,10,118,37,32879,16677,0.49634919522040044,22,18,22924,21138,10224,4799,16674,23996,47882,35125,0,0,7670,5519,19707,1764,4867,423,4,0,0,5,50547,1690,7645,0,0,0,0,0
634,10564,635.1800646900795,99841,35,10,118,37,32883,16679,0.496409290772328,26,20,22971,21195,10194,4782,16654,23954,47892,35138,0,0,7659,5509,19716,1764,4867,424,7,0,0,8,50552,1686,7649,0,0,0,0,0
635,10564,636.1728334878636,99841,34,13,118,37,32887,16684,0.49649943410021935,28,17,23045,21275,10167,4773,16606,23883,47902,35151,0,0,7649,5502,19722,1763,4868,425,7,0,0,13,50557,1681,7654,0,0,0,0,0
636,10564,637.248723875506,99841,38,14,118,37,32896,16685,0.49659959335343196,27,19,23109,21360,10144,4760,16562,23808,47911,35164,0,0,7639,5494,19729,1761,4872,425,8,0,0,15,50564,1678,7656,0,0,0,0,0
637,10564,638.0119501492823,99841,31,17,118,37,32899,16689,0.4966697048306808,26,19,23180,21448,10117,4741,16526,23736,47920,35177,0,0,7624,5489,19732,1761,4874,425,8,0,0,24,50570,1676,7658,0,0,0,0,0
638,10564,639.0769046262147,99841,28,19,118,37,32902,16692,0.49672980038260833,26,19,23255,21529,10085,4727,16486,23667,47929,35189,0,0,7613,5483,19736,1760,4878,425,8,0,0,28,50577,1673,7660,0,0,0,0,0
639,10564,640.1984478108201,99841,31,25,118,37,32909,16698,0.49686000741178477,27,18,23336,21618,10058,4708,16428,23592,47938,35201,0,0,7605,5475,19743,1757,4882,426,8,0,0,30,50583,1672,7660,0,0,0,0,0
640,10564,641.0731788605539,99841,36,27,118,37,32919,16704,0.4970202622169249,24,15,23424,21719,10015,4687,16381,23513,47947,35213,0,0,7595,5464,19750,1758,4884,427,8,0,0,34,50589,1671,7661,0,0,0,0,0
641,10564,642.241315606537,99841,46,25,118,37,32930,16706,0.4971504692461013,32,17,23498,21811,9966,4669,16338,23439,47955,35225,0,0,7583,5460,19752,1756,4889,427,8,0,0,36,50599,1669,7662,0,0,0,0,0
642,10564,643.010627175876,99841,49,28,118,37,32940,16711,0.4973007081259202,34,16,23546,21879,9939,4658,16312,23380,47963,35237,0,0,7572,5454,19755,1754,4893,428,9,0,0,40,50605,1668,7663,0,0,0,0,0
643,10564,644.2660056760196,99841,50,25,118,37,32950,16717,0.4974609629310604,34,18,23627,21954,9911,4652,16258,23312,47971,35248,0,0,7559,5447,19758,1755,4897,429,13,0,0,48,50606,1665,7664,0,0,0,0,0
644,10564,645.0396552633597,99841,53,29,118,37,32957,16723,0.4975911699602368,40,17,23673,22013,9884,4645,16230,23257,47979,35259,0,0,7548,5445,19758,1754,4902,429,13,0,0,50,50615,1660,7667,0,0,0,0,0
645,10564,646.1455976261217,99841,52,30,118,37,32965,16732,0.4977614406906982,45,20,23783,22128,9842,4621,16158,23162,47987,35270,0,0,7539,5435,19763,1754,4906,430,15,0,0,58,50614,1658,7669,0,0,0,0,0
646,10564,647.2088720799443,99841,60,30,118,37,32981,16737,0.49797177512244467,40,25,23875,22228,9805,4604,16100,23074,47995,35281,0,0,7528,5428,19768,1752,4911,430,16,0,0,66,50616,1657,7669,0,0,0,0,0
647,10564,648.137719826916,99841,65,33,118,37,32992,16744,0.4981520617782274,45,33,23952,22290,9769,4587,16049,23018,48003,35292,0,0,7513,5427,19765,1750,4916,431,16,0,0,70,50627,1655,7671,0,0,0,0,0
648,10564,649.0633139504029,99841,61,42,118,37,32999,16754,0.4983223325086888,47,29,24030,22387,9746,4564,15996,22939,48010,35303,0,0,7502,5420,19768,1752,4918,431,17,0,0,77,50630,1652,7674,0,0,0,0,0
649,10564,650.293103893567,99841,62,46,118,37,33017,16765,0.49861279434300537,50,29,24133,22492,9715,4555,15920,22839,48017,35313,0,0,7490,5413,19770,1753,4921,433,20,0,0,90,50626,1650,7675,0,0,0,0,0
650,10564,651.2120178107826,99841,62,46,118,37,33024,16770,0.4987329854468605,60,34,24198,22559,9684,4542,15876,22780,48024,35323,0,0,7479,5406,19775,1753,4925,433,22,0,0,96,50629,1649,7674,0,0,0,0,0
651,10564,652.1282067988527,99841,67,51,118,37,33036,16779,0.49894331987860696,70,33,24269,22632,9650,4526,15824,22719,48031,35333,0,0,7467,5404,19777,1749,4932,434,23,0,0,99,50637,1647,7672,0,0,0,0,0
652,10564,653.0415864776077,99841,73,51,118,37,33055,16789,0.49923378171292354,64,33,24338,22687,9635,4518,15770,22672,48038,35343,0,0,7457,5394,19781,1751,4939,434,28,0,0,108,50633,1643,7673,0,0,0,0,0
653,10564,654.2555937007647,99841,87,57,118,37,33078,16805,0.4996244028004527,62,27,24405,22767,9602,4512,15724,22598,48045,35353,0,0,7444,5387,19785,1751,4943,434,31,0,0,120,50631,1643,7672,0,0,0,0,0
654,10564,655.1636011356948,99841,93,55,118,37,33093,16813,0.4998547690828417,73,31,24475,22827,9571,4510,15668,22538,48052,35363,0,0,7432,5382,19787,1753,4945,435,33,0,0,132,50629,1640,7673,0,0,0,0,0
655,10564,656.0688844210041,99841,103,65,118,37,33113,16826,0.5001852946184433,74,31,24528,22876,9548,4500,15627,22489,48059,35372,0,0,7421,5377,19789,1752,4951,436,34,0,0,134,50637,1637,7673,0,0,0,0,0
656,10564,657.2724586272462,99841,104,58,118,37,33135,16837,0.5005158201540449,81,43,24602,22976,9519,4491,15574,22393,48065,35381,0,0,7414,5369,19790,1751,4964,436,37,0,0,155,50620,1633,7672,0,0,0,0,0
657,10564,658.1727197069613,99841,114,67,118,37,33151,16853,0.5008363297643252,90,40,24654,23039,9494,4483,15528,22332,48071,35390,0,0,7405,5365,19793,1753,4967,436,38,0,0,162,50621,1628,7673,0,0,0,0,0
658,10564,659.0708990915156,99841,118,74,118,37,33169,16866,0.5011468234492844,94,40,24729,23122,9477,4468,15462,22257,48077,35399,0,0,7395,5357,19798,1755,4970,436,41,0,0,174,50616,1626,7673,0,0,0,0,0
659,10564,660.2641191498439,99841,127,75,118,37,33194,16879,0.5015274286114922,98,46,24804,23204,9446,4458,15405,22178,48083,35408,0,0,7388,5348,19801,1757,4978,436,43,0,0,190,50605,1623,7672,0,0,0,0,0
660,10564,661.1564203657391,99841,131,76,118,37,33216,16885,0.5018078745204876,104,55,24845,23283,9430,4452,15370,22095,48089,35417,0,0,7375,5346,19799,1757,4984,438,46,0,0,201,50604,1621,7670,0,0,0,0,0
661,10564,662.0471305267635,99841,133,81,118,37,33239,16898,0.5021684478320529,109,58,24890,23361,9421,4444,15327,22017,48095,35426,0,0,7367,5338,19801,1759,4995,439,48,0,0,212,50599,1617,7666,0,0,0,0,0
662,10564,663.2321811465384,99841,150,86,118,37,33281,16917,0.5027794192766498,99,51,24965,23447,9408,4439,15258,21938,48101,35434,0,0,7352,5333,19800,1760,5004,440,53,0,0,232,50589,1615,7663,0,0,0,0,0
663,10564,664.1185719256812,99841,153,91,118,37,33304,16931,0.5031500085135365,110,52,25013,23500,9395,4431,15209,21887,48107,35442,0,0,7341,5325,19801,1761,5012,440,56,0,0,247,50582,1614,7662,0,0,0,0,0
664,10564,665.0031512043029,99841,161,86,118,37,33333,16939,0.5035205977504231,119,61,25061,23558,9377,4425,15162,21831,48113,35450,0,0,7329,5320,19801,1760,5015,445,60,0,0,265,50572,1614,7660,0,0,0,0,0
665,10564,666.1795568910271,99841,159,91,118,37,33362,16956,0.5039813303152012,132,71,25130,23645,9366,4415,15093,21739,48119,35458,0,0,7319,5310,19796,1762,5031,446,65,0,0,282,50560,1612,7658,0,0,0,0,0
666,10564,667.0594700474915,99841,149,94,118,37,33381,16972,0.5043318877014453,136,75,25182,23701,9358,4415,15055,21676,48124,35466,0,0,7311,5299,19798,1768,5042,446,70,0,0,301,50544,1606,7656,0,0,0,0,0
667,10564,668.2300958278342,99841,175,104,118,37,33433,17001,0.5051431776524674,134,57,25232,23806,9340,4407,14999,21587,48129,35474,0,0,7297,5294,19793,1771,5051,447,78,0,0,324,50527,1601,7658,0,0,0,0,0
668,10564,669.1062409930527,99841,195,102,118,37,33466,17016,0.505623942067888,138,63,25284,23855,9315,4417,14948,21524,48134,35482,0,0,7286,5292,19791,1769,5058,448,80,0,0,345,50515,1601,7656,0,0,0,0,0
669,10564,670.2716285417441,99841,187,95,118,37,33497,17032,0.5060946905579872,146,70,25339,23929,9323,4415,14885,21452,48139,35490,0,0,7271,5283,19786,1776,5069,452,86,0,0,374,50495,1599,7650,0,0,0,0,0
670,10564,671.143842476261,99841,199,107,118,37,33526,17057,0.5066355505253353,148,67,25377,23995,9311,4409,14845,21383,48144,35497,0,0,7261,5279,19782,1776,5079,452,90,0,0,390,50485,1597,7650,0,0,0,0,0
671,10564,672.0145307080328,99841,213,107,118,37,33564,17067,0.5071163149407558,149,78,25424,24075,9299,4406,14795,21295,48149,35504,0,0,7253,5275,19779,1775,5088,455,92,0,0,406,50475,1594,7649,0,0,0,0,0
672,10564,673.1728254237345,99839,213,107,119,38,33604,17085,0.5077074089283747,166,94,25479,24155,9290,4397,14731,21207,48154,35511,0,0,7242,5264,19773,1779,5105,457,98,0,0,429,50455,1592,7645,0,0,0,0,0
673,10564,674.0395929219316,99839,213,121,119,38,33641,17110,0.5083284087380683,176,90,25522,24206,9287,4392,14681,21151,48159,35518,0,0,7233,5261,19765,1776,5123,458,101,0,0,455,50435,1590,7642,0,0,0,0,0
674,10564,675.1928907362279,99839,222,124,119,38,33686,17133,0.5090095053035387,193,99,25569,24308,9287,4383,14608,21046,48164,35525,0,0,7224,5251,19760,1780,5140,458,107,0,0,483,50410,1586,7640,0,0,0,0,0
675,10564,676.0561328241936,99839,239,127,119,38,33731,17151,0.5096405212391951,201,107,25606,24375,9273,4385,14560,20966,48169,35532,0,0,7209,5242,19759,1784,5149,459,116,0,0,502,50397,1585,7637,0,0,0,0,0
676,10564,677.2046747670827,99839,258,139,119,38,33794,17185,0.5106120854575867,219,113,25654,24450,9261,4391,14487,20867,48174,35539,0,0,7193,5233,19753,1789,5164,459,124,0,0,539,50368,1584,7633,0,0,0,0,0
677,10564,678.0642820706938,99838,265,144,120,38,33835,17210,0.5112782707986939,229,117,25686,24494,9257,4403,14441,20802,48179,35546,0,0,7185,5225,19744,1793,5179,459,126,0,0,571,50342,1582,7632,0,0,0,0,0
678,10564,679.2085257179727,99838,282,163,120,38,33880,17257,0.5121997636170597,254,106,25719,24569,9238,4406,14385,20716,48183,35553,0,0,7177,5218,19733,1791,5201,460,130,0,0,599,50318,1582,7629,0,0,0,0,0
679,10564,680.0652964766135,99838,299,171,120,38,33934,17285,0.5130210941725596,259,107,25746,24629,9237,4413,14337,20640,48187,35559,0,0,7168,5211,19722,1795,5215,462,135,0,0,630,50291,1580,7629,0,0,0,0,0
680,10564,681.2058514263701,99837,303,174,120,39,33998,17318,0.5139978164407984,290,116,25777,24701,9243,4420,14265,20548,48191,35565,0,0,7157,5206,19712,1795,5236,466,140,0,0,681,50245,1577,7622,0,0,0,0,0
681,10564,682.0599275268377,99837,336,182,120,39,34067,17347,0.5149794164488115,289,119,25786,24753,9244,4424,14223,20481,48195,35571,0,0,7143,5200,19706,1796,5250,466,150,0,0,713,50217,1576,7620,0,0,0,0,0
682,10564,683.1973435024108,99837,362,192,120,39,34142,17390,0.5161613429890722,300,132,25834,24818,9233,4439,14149,20378,48199,35577,0,0,7129,5197,19691,1794,5278,468,156,0,0,752,50185,1573,7614,0,0,0,0,0
683,10564,684.0486843699813,99837,360,195,120,39,34188,17416,0.5168825185051634,317,142,25862,24868,9252,4448,14087,20306,48203,35583,0,0,7119,5185,19680,1801,5296,473,162,0,0,782,50159,1572,7608,0,0,0,0,0
684,10564,685.1821806396619,99837,386,207,120,39,34275,17458,0.5181746246381602,313,138,25902,24943,9256,4454,14021,20217,48207,35589,0,0,7101,5178,19670,1804,5319,476,173,0,0,828,50120,1571,7597,0,0,0,0,0
685,10564,686.0307512455748,99837,409,210,120,39,34338,17487,0.519096126686499,326,147,25912,24987,9257,4469,13974,20146,48211,35595,0,0,7090,5169,19662,1808,5331,480,178,0,0,863,50091,1570,7595,0,0,0,0,0
686,10564,687.1610481946362,99837,443,227,120,39,34429,17528,0.5204182817993329,344,157,25935,25071,9262,4471,13894,20033,48215,35601,0,0,7077,5155,19650,1818,5350,482,186,0,0,902,50057,1568,7592,0,0,0,0,0
687,10564,688.0075752631828,99837,464,237,120,39,34498,17566,0.5214900287468573,366,162,25942,25105,9265,4483,13841,19972,48219,35607,0,0,7069,5148,19642,1825,5364,484,190,0,0,947,50016,1561,7591,0,0,0,0,0
688,10564,689.1352003464029,99837,475,255,120,39,34601,17613,0.5229924777387142,376,175,25955,25163,9300,4489,13772,19877,48223,35613,0,0,7051,5134,19623,1834,5405,486,205,0,0,995,49971,1556,7577,0,0,0,0,0
689,10564,690.261533366406,99837,497,273,120,39,34710,17665,0.524605106323307,396,200,25977,25199,9335,4505,13673,19782,48227,35619,0,0,7033,5124,19605,1847,5431,490,219,0,0,1055,49915,1547,7571,0,0,0,0,0
690,10564,691.1049996737615,99837,502,285,120,39,34788,17711,0.5258471308232419,423,194,25983,25235,9370,4524,13600,19721,48231,35624,0,0,7018,5112,19592,1852,5459,494,231,0,0,1104,49868,1545,7562,0,0,0,0,0
691,10564,692.2289671555536,99836,546,302,121,39,34910,17770,0.5276653712087824,438,211,25976,25276,9385,4542,13532,19628,48235,35629,0,0,7002,5101,19572,1859,5492,498,241,0,0,1159,49817,1542,7553,0,0,0,0,0
692,10564,693.0713424754748,99836,566,318,121,39,34983,17815,0.5288473095877239,483,232,25974,25302,9391,4552,13463,19555,48239,35634,0,0,6988,5087,19558,1870,5514,502,250,0,0,1188,49792,1539,7548,0,0,0,0,0
693,10564,694.1934125881337,99836,616,325,121,39,35129,17873,0.530890660683521,483,255,25977,25326,9428,4586,13373,19467,48243,35639,0,0,6965,5072,19538,1883,5544,507,268,0,0,1258,49726,1532,7543,0,0,0,0,0
694,10564,695.034291980668,99835,646,333,122,39,35240,17925,0.5325286723093103,482,273,25968,25365,9463,4603,13317,19385,48247,35644,0,0,6952,5059,19521,1892,5581,511,278,0,0,1314,49673,1526,7528,0,0,0,0,0
695,10564,696.1552344881418,99834,692,346,123,39,35389,18003,0.5348077809163211,496,276,25953,25413,9510,4650,13224,19274,48250,35649,0,0,6928,5046,19487,1904,5629,515,297,0,0,1390,49601,1522,7515,0,0,0,0,0
696,10564,697.2758456826158,99834,725,364,123,39,35544,18080,0.537131638519943,506,285,25942,25463,9568,4692,13134,19155,48253,35654,0,0,6907,5032,19452,1914,5672,528,314,0,0,1468,49525,1518,7504,0,0,0,0,0
697,10564,698.1161522823345,99833,769,371,124,39,35653,18136,0.5387897789308145,526,295,25937,25493,9584,4724,13058,19076,48256,35659,0,0,6893,5021,19432,1920,5704,533,324,0,0,1520,49477,1518,7491,0,0,0,0,0
698,10564,699.2358614848007,99832,775,391,125,39,35794,18209,0.5409387771456046,579,308,25916,25528,9641,4751,12962,18981,48259,35664,0,0,6867,5010,19394,1930,5758,539,346,0,0,1602,49397,1510,7479,0,0,0,0,0
699,10564,700.0754690522309,99832,813,411,125,39,35908,18263,0.542621604295216,616,335,25878,25553,9668,4763,12898,18897,48262,35669,0,0,6855,4998,19372,1937,5791,546,357,0,0,1644,49355,1507,7470,0,0,0,0,0
700,10564,701.1952547661149,99831,854,424,126,39,36075,18348,0.5451513057066443,636,358,25843,25558,9728,4807,12811,18812,48265,35674,0,0,6836,4983,19346,1956,5828,558,371,0,0,1741,49260,1497,7455,0,0,0,0,0
701,10564,702.0353903086923,99831,872,437,126,39,36203,18422,0.5471747252857329,644,377,25832,25566,9787,4850,12737,18729,48268,35679,0,0,6819,4973,19319,1968,5866,566,383,0,0,1828,49173,1492,7444,0,0,0,0,0
702,10564,703.1556624424632,99831,891,464,126,39,36373,18522,0.5498792960102573,703,392,25785,25583,9858,4902,12635,18618,48271,35684,0,0,6802,4947,19288,1988,5919,573,397,0,0,1941,49060,1487,7429,0,0,0,0,0
703,10564,704.27619565575,99831,924,488,126,39,36562,18625,0.5528042391641875,751,423,25734,25572,9944,4958,12519,18518,48274,35689,0,0,6775,4929,19248,2005,5972,580,418,0,0,2065,48940,1482,7417,0,0,0,0,0
704,10564,705.1173323721155,99830,963,504,126,40,36724,18711,0.5552939997996594,775,421,25682,25591,9997,4998,12455,18444,48277,35694,0,0,6753,4915,19209,2014,6034,586,437,0,0,2151,48854,1480,7397,0,0,0,0,0
705,10564,706.2402550568922,99829,1012,530,127,40,36952,18827,0.5587454547275842,795,439,25625,25614,10095,5056,12344,18319,48280,35698,0,0,6727,4896,19165,2037,6086,598,459,0,0,2292,48714,1471,7384,0,0,0,0,0
706,10564,707.0831990904393,99829,1043,560,127,40,37105,18920,0.5612096685331918,828,449,25594,25609,10143,5095,12263,18245,48283,35702,0,0,6703,4877,19134,2056,6134,604,477,0,0,2374,48635,1467,7368,0,0,0,0,0
707,10564,708.2077818829631,99828,1124,582,127,41,37369,19048,0.565142044316224,863,457,25494,25598,10237,5170,12153,18150,48286,35706,0,0,6678,4862,19080,2069,6202,619,497,0,0,2520,48486,1463,7352,0,0,0,0,0
708,10564,709.0527605816706,99827,1160,609,127,42,37535,19138,0.5677121420056698,924,474,25414,25592,10299,5217,12074,18064,48289,35710,0,0,6646,4845,19052,2088,6241,624,524,0,0,2614,48394,1458,7341,0,0,0,0,0
709,10564,710.1817443373347,99824,1230,617,129,43,37805,19257,0.5716260618688892,949,513,25315,25593,10403,5298,11972,17934,48292,35714,0,0,6606,4822,19007,2101,6315,633,562,0,0,2764,48242,1451,7321,0,0,0,0,0
710,10564,711.0303718665876,99822,1293,631,130,44,38023,19364,0.5748933100919636,980,516,25242,25596,10481,5356,11872,17855,48295,35718,0,0,6579,4802,18963,2121,6372,645,584,0,0,2880,48126,1447,7303,0,0,0,0,0
711,10564,712.164207796027,99822,1327,680,130,44,38278,19507,0.5788804071246819,1048,543,25119,25603,10612,5412,11762,17716,48298,35722,0,0,6541,4779,18904,2145,6452,660,617,0,0,3018,47989,1439,7278,0,0,0,0,0
712,10564,713.0168260550951,99822,1405,713,130,44,38508,19634,0.5824567730560397,1089,534,25030,25615,10682,5471,11662,17621,48301,35726,0,0,6520,4771,18856,2152,6518,669,633,0,0,3146,47861,1434,7262,0,0,0,0,0
713,10564,714.1564845882102,99822,1497,749,130,44,38818,19786,0.5870850113201499,1144,575,24905,25593,10782,5549,11540,17488,48304,35730,0,0,6486,4746,18810,2174,6596,678,662,0,0,3316,47688,1427,7239,0,0,0,0,0
714,10564,715.0133835209963,99820,1574,780,131,45,39078,19916,0.5910038068523342,1191,583,24788,25574,10874,5621,11440,17395,48307,35734,0,0,6449,4714,18770,2195,6655,697,696,0,0,3430,47571,1424,7219,0,0,0,0,0
715,10564,716.1591961232347,99818,1648,828,132,46,39417,20102,0.5962752209020418,1217,613,24684,25537,11014,5723,11303,17251,48310,35738,0,0,6401,4677,18705,2228,6759,707,739,0,0,3615,47383,1416,7188,0,0,0,0,0
716,10564,717.0204624992405,99817,1675,861,133,46,39639,20237,0.5998577396635844,1314,629,24570,25505,11102,5789,11204,17168,48313,35742,0,0,6371,4656,18654,2251,6833,720,764,0,0,3748,47247,1406,7167,0,0,0,0,0
717,10564,718.1721117760376,99815,1776,894,135,46,40036,20419,0.6056704904072534,1323,682,24420,25460,11271,5890,11073,17026,48316,35746,0,0,6315,4619,18582,2285,6956,734,812,0,0,3928,47058,1398,7128,0,0,0,0,0
718,10564,719.0393848075752,99811,1807,948,137,48,40299,20581,0.6099528108124355,1414,693,24289,25427,11384,5960,10967,16922,48319,35750,0,0,6276,4600,18523,2301,7048,748,848,0,0,4074,46902,1390,7101,0,0,0,0,0
719,10564,720.2004087236872,99810,1908,1001,138,48,40714,20781,0.6161206291954714,1443,751,24127,25358,11558,6064,10824,16776,48321,35754,0,0,6225,4569,18441,2329,7167,768,895,0,0,4276,46690,1380,7070,0,0,0,0,0
720,10564,721.0744645812996,99809,1986,1038,138,49,41018,20931,0.6206754901862558,1470,778,23996,25321,11691,6133,10717,16679,48323,35758,0,0,6198,4545,18400,2349,7245,786,919,0,0,4437,46521,1374,7035,0,0,0,0,0
721,10564,722.2451361998544,99807,2094,1124,140,49,41465,21182,0.6276814251505406,1527,795,23789,25242,11873,6256,10575,16532,48325,35762,0,0,6144,4503,18314,2397,7370,806,967,0,0,4654,46292,1361,6999,0,0,0,0,0
722,10564,723.1278704721885,99807,2173,1140,140,49,41812,21331,0.6326510164617712,1551,844,23636,25191,12033,6348,10465,16426,48327,35766,0,0,6096,4479,18240,2420,7468,827,1012,0,0,4823,46114,1349,6979,0,0,0,0,0
723,10564,724.0148219082262,99807,2260,1198,140,49,42180,21510,0.6381315939763744,1614,855,23450,25150,12193,6428,10341,16318,48329,35770,0,0,6046,4452,18174,2447,7575,845,1059,0,0,4986,45941,1337,6945,0,0,0,0,0
724,10564,725.2048147605688,99804,2334,1235,143,49,42667,21774,0.645675524027093,1673,876,23232,25062,12420,6604,10196,16172,48331,35773,0,0,5987,4416,18073,2478,7723,877,1107,0,0,5291,45627,1327,6898,0,0,0,0,0
725,10564,726.1028951930194,99803,2414,1275,144,49,43057,21984,0.6516938368586115,1743,897,23039,24993,12587,6730,10071,16054,48333,35776,0,0,5944,4383,17994,2517,7842,898,1141,0,0,5501,45403,1312,6868,0,0,0,0,0
726,10564,727.006180171433,99803,2444,1294,144,49,43408,22178,0.657154594551266,1820,929,22866,24923,12785,6865,9939,15938,48335,35779,0,0,5897,4350,17903,2555,7957,926,1179,0,0,5719,45172,1303,6842,0,0,0,0,0
727,10564,728.2195432291744,99801,2523,1349,145,50,43933,22443,0.6650835161972325,1855,991,22620,24824,13069,7007,9786,15777,48337,35782,0,0,5828,4295,17798,2605,8109,966,1240,0,0,5990,44885,1294,6791,0,0,0,0,0
728,10564,729.1364314524453,99801,2607,1396,145,50,44368,22657,0.6715864570495286,1968,1040,22363,24745,13251,7127,9664,15640,48339,35785,0,0,5768,4264,17722,2631,8235,991,1289,0,0,6213,44649,1286,6753,0,0,0,0,0
729,10564,730.0606446297014,99799,2731,1452,146,51,44809,22889,0.6783434703754546,2015,1076,22140,24641,13420,7260,9546,15518,48341,35788,0,0,5726,4226,17630,2667,8368,1014,1325,0,0,6423,44429,1275,6716,0,0,0,0,0
730,10564,731.3032612687142,99799,2828,1538,146,51,45391,23231,0.6876020801811641,2135,1131,21840,24538,13688,7437,9361,15303,48343,35791,0,0,5648,4181,17496,2713,8560,1054,1393,0,0,6713,44112,1252,6677,0,0,0,0,0
731,10564,732.2435924169462,99798,2952,1626,147,51,45923,23511,0.6957454057195535,2140,1149,21594,24424,13933,7577,9232,15171,48345,35794,0,0,5596,4140,17396,2747,8732,1083,1436,0,0,6952,43849,1245,6622,0,0,0,0,0
732,10564,733.191932237365,99795,3054,1708,149,52,46428,23790,0.7036224259732452,2193,1201,21369,24293,14143,7719,9090,15025,48347,35797,0,0,5529,4102,17309,2800,8862,1115,1491,0,0,7206,43573,1229,6579,0,0,0,0,0
733,10564,734.1481854800005,99793,3162,1747,151,52,46971,24063,0.7118134538494684,2260,1217,21095,24213,14398,7876,8932,14893,48349,35800,0,0,5470,4062,17193,2841,9025,1152,1536,0,0,7498,43263,1215,6538,0,0,0,0,0
734,10564,735.1140484264229,99792,3293,1809,152,52,47518,24361,0.7202881994548661,2325,1254,20832,24108,14598,8035,8798,14740,48351,35803,0,0,5410,4027,17084,2862,9199,1189,1585,0,0,7769,42968,1209,6490,0,0,0,0,0
735,10564,736.0896495068197,99792,3416,1854,152,52,48106,24678,0.729357062690396,2367,1258,20580,24012,14851,8248,8632,14574,48353,35806,0,0,5349,3976,16960,2915,9373,1234,1633,0,0,8085,42631,1196,6440,0,0,0,0,0
736,10564,737.0740492315444,99790,3501,1928,154,52,48692,25021,0.7386812305842269,2450,1270,20314,23892,15113,8445,8466,14411,48355,35809,0,0,5272,3935,16833,2969,9555,1282,1693,0,0,8390,42288,1180,6393,0,0,0,0,0
737,10564,738.0687349828178,99786,3647,2000,156,54,49313,25350,0.7482312147996713,2501,1325,20009,23746,15373,8630,8312,14243,48357,35812,0,0,5203,3881,16706,3031,9738,1321,1741,0,0,8670,41980,1164,6351,0,0,0,0,0
738,10564,739.0746610808433,99783,3742,2061,159,54,49941,25693,0.7579848270747522,2526,1386,19736,23573,15656,8829,8179,14095,48359,35815,0,0,5128,3827,16561,3075,9959,1372,1810,0,0,8974,41639,1147,6291,0,0,0,0,0
739,10564,740.0925330639824,99781,3860,2082,160,55,50598,26021,0.7678716388891673,2578,1470,19447,23410,15918,9054,8035,13927,48361,35818,0,0,5046,3772,16430,3137,10169,1423,1876,0,0,9285,41281,1127,6235,0,0,0,0,0
740,10564,741.122478936825,99777,3942,2177,162,57,51270,26416,0.7785962696813895,2558,1476,19176,23247,16278,9273,7882,13768,48363,35821,0,0,4967,3720,16299,3186,10391,1486,1936,0,0,9607,40909,1105,6171,0,0,0,0,0
741,10564,742.164641590902,99773,3997,2255,165,58,51929,26809,0.7891714191214055,2615,1503,18877,23098,16633,9501,7711,13583,48365,35824,0,0,4904,3653,16143,3241,10608,1558,1979,0,0,9962,40514,1092,6119,0,0,0,0,0
742,10564,743.2215003659699,99770,4058,2333,166,60,52637,27225,0.8004610604390098,2671,1501,18563,22966,16987,9720,7553,13418,48367,35827,0,0,4833,3603,15987,3292,10869,1623,2034,0,0,10330,40085,1066,6048,0,0,0,0,0
743,10564,744.2936947860816,99766,4135,2389,169,61,53391,27670,0.812511276386745,2699,1526,18261,22797,17352,9995,7382,13230,48369,35830,0,0,4761,3543,15828,3355,11128,1693,2091,0,0,10756,39595,1041,5975,0,0,0,0,0
744,10564,745.0171276427221,99764,4179,2452,170,62,53868,27958,0.8201956617617577,2747,1568,18044,22683,17592,10137,7266,13096,48371,35833,0,0,4700,3499,15720,3391,11309,1734,2143,0,0,10984,39325,1029,5930,0,0,0,0,0
745,10564,746.1158409801934,99760,4252,2494,173,63,54589,28413,0.8320168404170007,2778,1592,17751,22500,17920,10439,7124,12910,48373,35836,0,0,4616,3440,15540,3453,11614,1796,2209,0,0,11366,38870,1009,5847,0,0,0,0,0
746,10564,747.2198501641423,99756,4296,2563,176,64,55346,28872,0.8442399454669394,2802,1625,17460,22344,18293,10707,6971,12695,48375,35839,0,0,4521,3370,15375,3523,11886,1879,2280,0,0,11749,38417,984,5772,0,0,0,0,0
747,10564,748.300634862054,99754,4387,2611,177,65,56069,29291,0.8557050343845861,2896,1686,17139,22165,18607,10955,6792,12516,48377,35842,0,0,4448,3317,15237,3571,12138,1950,2336,0,0,12112,37980,964,5701,0,0,0,0,0
748,10564,749.0085653496727,99753,4474,2649,178,65,56609,29598,0.8642045853257546,2903,1698,16943,22064,18819,11143,6681,12379,48379,35845,0,0,4384,3281,15110,3603,12329,2000,2388,0,0,12372,37674,953,5659,0,0,0,0,0
749,10564,750.0531549442549,99751,4574,2692,180,65,57384,30038,0.876402241581538,2965,1760,16639,21859,19112,11416,6528,12206,48381,35848,0,0,4308,3220,14942,3657,12606,2080,2449,0,0,12751,37216,931,5591,0,0,0,0,0
750,10564,751.0786496299673,99748,4646,2762,182,66,58119,30496,0.8883887396238521,2982,1797,16373,21673,19434,11676,6381,12024,48383,35851,0,0,4227,3167,14775,3718,12876,2154,2505,0,0,13115,36765,918,5528,0,0,0,0,0
751,10564,752.0852051109238,99747,4739,2839,182,67,58897,30959,0.9008391229811423,2909,1778,16162,21525,19789,11936,6217,11853,48385,35854,0,0,4143,3109,14622,3767,13106,2250,2567,0,0,13527,36286,909,5461,0,0,0,0,0
752,10564,753.0738846505803,99744,4817,2843,184,68,59612,31382,0.9122754250882259,2950,1764,15918,21374,20054,12238,6075,11711,48387,35857,0,0,4067,3043,14466,3834,13338,2347,2627,0,0,13890,35840,890,5402,0,0,0,0,0
753,10564,754.0470718572067,99742,4916,2842,184,70,60371,31806,0.9241543181408033,2972,1804,15631,21198,20348,12527,5947,11557,48389,35859,0,0,3996,2988,14298,3884,13622,2436,2680,0,0,14253,35389,868,5328,0,0,0,0,0
754,10564,755.004756936412,99741,4893,2839,185,70,61050,32224,0.9351620697606802,3044,1854,15392,21037,20684,12808,5800,11390,48391,35861,0,0,3931,2915,14121,3948,13933,2525,2722,0,0,14603,34941,849,5253,0,0,0,0,0
755,10564,756.2564444812378,99740,4963,2888,185,71,61998,32793,0.9503809905754963,3027,1857,15075,20831,21100,13168,5648,11183,48393,35863,0,0,3828,2854,13901,4004,14303,2640,2795,0,0,15048,34376,823,5168,0,0,0,0,0
756,10564,757.1779840630714,99738,5003,2924,187,71,62688,33173,0.9611281557681125,3075,1941,14812,20653,21396,13374,5525,11035,48395,35865,0,0,3755,2800,13752,4039,14587,2722,2850,0,0,15332,33995,804,5102,0,0,0,0,0
757,10564,758.0848354657915,99736,5073,2958,189,71,63393,33602,0.972517446057592,3068,1935,14570,20520,21692,13627,5406,10887,48397,35867,0,0,3684,2738,13626,4080,14829,2816,2899,0,0,15653,33573,787,5051,0,0,0,0,0
758,10564,759.2740793116401,99736,5118,3036,189,71,64300,34165,0.9872563567819043,3141,1895,14259,20350,22047,13940,5244,10706,48399,35869,0,0,3601,2663,13405,4139,15179,2936,2951,0,0,16077,33032,765,4988,0,0,0,0,0
759,10564,760.1513107472965,99736,5108,3068,189,71,64994,34558,0.9981551295419908,3096,1952,14060,20197,22419,14155,5126,10555,48401,35871,0,0,3517,2602,13230,4177,15436,3054,3012,0,0,16384,32648,751,4925,0,0,0,0,0
760,10564,761.0147094382727,99734,5164,3095,190,72,65669,34981,1.009184430585357,3079,1937,13834,20060,22708,14414,5023,10420,48403,35873,0,0,3459,2560,13090,4205,15702,3144,3048,0,0,16698,32226,729,4873,0,0,0,0,0
761,10564,762.1478187081688,99733,5205,3146,191,72,66539,35529,1.0234125114054526,3109,1936,13579,19872,23048,14726,4866,10246,48405,35875,0,0,3375,2497,12911,4264,16028,3286,3096,0,0,17050,31726,709,4791,0,0,0,0,0
762,10564,763.2618784886791,99728,5261,3219,195,73,67452,36111,1.0384545965024867,3067,1903,13303,19697,23449,15025,4723,10081,48407,35877,0,0,3295,2441,12720,4283,16371,3434,3149,0,0,17440,31190,695,4710,0,0,0,0,0
763,10564,764.0849943069007,99726,5249,3202,196,74,68072,36484,1.0484327056133806,3078,1924,13176,19532,23687,15297,4612,9969,48409,35879,0,0,3235,2394,12545,4326,16682,3529,3179,0,0,17684,30824,680,4648,0,0,0,0,0
764,10564,765.1689525728051,99724,5256,3239,198,74,68874,37026,1.0619309293650476,3163,1907,12938,19344,23988,15629,4455,9805,48410,35881,0,0,3155,2336,12353,4363,17039,3651,3222,0,0,18038,30323,665,4579,0,0,0,0,0
765,10564,766.2376951326382,99721,5268,3299,201,74,69719,37568,1.0758716819927598,3092,1914,12723,19145,24383,15908,4331,9658,48411,35883,0,0,3093,2285,12156,4393,17429,3785,3253,0,0,18347,29846,640,4494,0,0,0,0,0
766,10564,767.0287074573791,99718,5318,3316,203,75,70336,37943,1.0858521029302632,3093,1891,12583,19047,24552,16146,4249,9523,48412,35885,0,0,3045,2254,12029,4401,17674,3897,3268,0,0,18554,29524,634,4438,0,0,0,0,0
767,10564,768.0726424882041,99718,5308,3325,203,75,71138,38456,1.0990392908000561,3101,1854,12390,18886,24859,16467,4137,9391,48413,35887,0,0,2979,2204,11835,4424,17986,4077,3303,0,0,18855,29065,619,4371,0,0,0,0,0
768,10564,769.1045432293037,99715,5294,3313,203,78,71899,38917,1.1113272827558542,3140,1859,12187,18760,25145,16750,4029,9238,48414,35889,0,0,2894,2146,11656,4480,18323,4210,3342,0,0,19130,28640,602,4292,0,0,0,0,0
769,10564,770.1239701327297,99714,5321,3336,204,78,72668,39430,1.1241951982670437,3134,1847,11966,18609,25433,17046,3940,9082,48415,35891,0,0,2838,2099,11480,4517,18636,4365,3357,0,0,19403,28204,587,4228,0,0,0,0,0
770,10564,771.1313250581227,99709,5307,3323,207,80,73423,39881,1.1363467690980753,3095,1902,11804,18450,25740,17317,3845,8926,48416,35893,0,0,2776,2052,11300,4545,18957,4516,3391,0,0,19675,27762,570,4165,0,0,0,0,0
771,10564,772.1274904416059,99706,5299,3287,210,80,74151,40340,1.1482859607245302,3117,1866,11608,18330,26019,17623,3745,8812,48417,35895,0,0,2728,2001,11137,4591,19241,4678,3393,0,0,19958,27310,557,4112,0,0,0,0,0
772,10564,773.1132202492511,99703,5252,3333,211,82,74889,40839,1.1607273602599721,3103,1869,11443,18173,26336,17861,3653,8680,48418,35897,0,0,2654,1955,10976,4633,19554,4833,3415,0,0,20175,26912,536,4060,0,0,0,0,0
773,10564,774.0882471547789,99700,5276,3386,213,83,75623,41327,1.1730190571715144,3087,1852,11261,18038,26593,18094,3568,8545,48419,35899,0,0,2590,1905,10808,4662,19840,4992,3449,0,0,20386,26552,518,3998,0,0,0,0,0
774,10564,775.0532505344574,99698,5358,3393,214,84,76395,41808,1.185610543842404,3019,1848,11113,17904,26808,18362,3486,8407,48420,35901,0,0,2535,1867,10664,4679,20162,5143,3461,0,0,20581,26172,513,3921,0,0,0,0,0
775,10564,776.009953729853,99698,5327,3351,214,84,77096,42239,1.1969648337980703,3006,1863,10965,17767,27102,18653,3384,8280,48421,35903,0,0,2464,1834,10520,4693,20456,5312,3498,0,0,20789,25766,501,3865,0,0,0,0,0
776,10564,777.1927854227287,99694,5323,3313,217,85,77997,42769,1.2113667823540033,2986,1893,10771,17613,27433,18977,3268,8117,48422,35905,0,0,2385,1766,10340,4724,20837,5509,3536,0,0,21019,25301,483,3794,0,0,0,0,0
777,10564,778.1291187189028,99693,5320,3314,218,85,78684,43219,1.2227839467164194,2976,1894,10643,17478,27646,19226,3195,8001,48423,35907,0,0,2327,1731,10210,4738,21115,5681,3560,0,0,21188,24941,473,3729,0,0,0,0,0
778,10564,779.058410855233,99689,5298,3276,222,85,79349,43644,1.2337670154179499,2971,1910,10510,17352,27880,19483,3117,7892,48424,35909,0,0,2271,1695,10071,4768,21388,5853,3570,0,0,21368,24575,461,3669,0,0,0,0,0
779,10564,780.2099306996737,99686,5256,3244,224,86,80190,44175,1.2475673615151577,2961,1905,10345,17209,28176,19784,3036,7770,48425,35911,0,0,2200,1650,9880,4788,21723,6087,3601,0,0,21594,24122,452,3589,0,0,0,0,0
780,10564,781.1228551046812,99682,5260,3233,227,87,80872,44593,1.2586525149976926,2960,1905,10201,17090,28390,20009,2960,7674,48426,35913,0,0,2153,1615,9754,4802,21973,6255,3605,0,0,21781,23766,442,3536,0,0,0,0,0
781,10564,782.0293930442605,99679,5227,3233,230,87,81520,45017,1.2694449181873815,2930,1896,10116,16997,28608,20216,2887,7569,48427,35915,0,0,2105,1575,9618,4829,22234,6421,3609,0,0,21945,23417,434,3492,0,0,0,0,0
782,10564,783.1537936782307,99675,5198,3252,233,88,82310,45573,1.2829997491848508,2868,1837,10020,16894,28867,20492,2812,7435,48428,35917,0,0,2036,1530,9469,4860,22542,6630,3615,0,0,22128,23009,425,3431,0,0,0,0,0
783,10564,784.0470364284289,99670,5209,3223,237,89,82953,45976,1.2935587438547205,2834,1827,9888,16779,29075,20730,2755,7350,48429,35919,0,0,1985,1496,9339,4888,22787,6806,3616,0,0,22231,22717,421,3384,0,0,0,0,0
784,10564,785.155941428406,99667,5254,3229,238,91,83779,46477,1.3069120170166655,2731,1796,9784,16650,29311,20992,2680,7240,48430,35921,0,0,1931,1463,9187,4911,23095,7009,3619,0,0,22384,22333,404,3331,0,0,0,0,0
785,10564,786.0369840112281,99665,5202,3227,240,91,84357,46871,1.3166909145637886,2725,1789,9712,16554,29498,21194,2621,7143,48431,35923,0,0,1885,1428,9078,4917,23327,7177,3627,0,0,22518,22026,396,3286,0,0,0,0,0
786,10564,787.1308344261455,99660,5185,3222,242,94,85165,47375,1.3299217338952438,2645,1770,9599,16421,29777,21455,2550,7036,48432,35925,0,0,1838,1395,8937,4903,23655,7398,3625,0,0,22659,21639,387,3224,0,0,0,0,0
787,10564,788.0001026049423,99658,5126,3202,243,95,85743,47760,1.339611471231612,2634,1746,9512,16332,29985,21669,2498,6954,48433,35927,0,0,1788,1370,8829,4902,23871,7585,3630,0,0,22778,21341,382,3182,0,0,0,0,0
788,10564,789.0794823814452,99656,5000,3186,244,96,86421,48239,1.3512482941318134,2659,1681,9401,16248,30259,21947,2435,6840,48434,35929,0,0,1734,1329,8680,4933,24177,7801,3638,0,0,22910,20971,369,3114,0,0,0,0,0
789,10564,790.1514614165425,99651,4938,3130,249,96,87127,48672,1.3627459834823534,2642,1655,9268,16174,30518,22208,2383,6735,48435,35931,0,0,1688,1289,8531,4937,24473,8017,3645,0,0,23036,20617,360,3058,0,0,0,0,0
790,10564,791.0038450012518,99646,4878,3096,253,97,87682,49016,1.3718363005037835,2599,1665,9218,16109,30700,22386,2350,6645,48436,35933,0,0,1647,1265,8417,4943,24688,8195,3652,0,0,23148,20332,353,3006,0,0,0,0,0
791,10564,792.0635296517146,99644,4778,3068,254,98,88363,49450,1.3830536710690056,2512,1675,9140,15981,31023,22614,2291,6562,48437,35935,0,0,1613,1235,8283,4943,24939,8436,3630,0,0,23276,19994,340,2955,0,0,0,0,0
792,10564,793.115072589926,99642,4688,3066,256,98,89033,49891,1.3942313482266515,2417,1657,9051,15913,31335,22798,2251,6466,48438,35937,0,0,1570,1190,8163,4948,25178,8682,3631,0,0,23345,19700,328,2907,0,0,0,0,0
793,10564,794.1598415356568,99639,4670,3066,258,99,89683,50356,1.4054637240437982,2363,1614,8983,15847,31512,23002,2212,6370,48439,35939,0,0,1534,1161,8051,4957,25393,8905,3619,0,0,23448,19388,323,2860,0,0,0,0,0
794,10564,795.1992795471959,99635,4575,3044,261,100,90292,50782,1.4159080644351885,2325,1573,8935,15775,31738,23215,2164,6291,48440,35941,0,0,1500,1129,7946,4975,25606,9145,3591,0,0,23521,19102,315,2805,0,0,0,0,0
795,10564,796.0275457391871,99634,4554,2996,261,101,90817,51101,1.4243932794026135,2272,1552,8902,15736,31871,23385,2138,6228,48441,35943,0,0,1472,1110,7844,4985,25846,9309,3576,0,0,23542,18874,309,2767,0,0,0,0,0
796,10564,797.0591936211999,99633,4458,2992,262,101,91385,51496,1.4340730480864774,2266,1551,8864,15655,32061,23558,2087,6141,48442,35945,0,0,1440,1081,7734,5003,26066,9526,3561,0,0,23578,18605,304,2735,0,0,0,0,0
797,10564,798.0866059180435,99627,4391,2945,266,103,91952,51865,1.4435544581288204,2276,1553,8812,15585,32202,23746,2051,6066,48443,35947,0,0,1405,1065,7630,4992,26268,9753,3551,0,0,23631,18350,296,2686,0,0,0,0,0
798,10564,799.1107724979183,99626,4402,2867,266,104,92547,52242,1.4533254371348845,2252,1536,8758,15522,32316,23972,2004,5997,48444,35949,0,0,1373,1040,7525,4981,26501,9952,3555,0,0,23695,18068,285,2651,0,0,0,0,0
799,10564,800.1314927172922,99624,4285,2806,267,105,93100,52605,1.462549184935357,2242,1536,8723,15468,32510,24170,1971,5913,48445,35951,0,0,1325,1017,7419,4966,26717,10184,3563,0,0,23735,17819,275,2604,0,0,0,0,0
800,10564,801.1488437187711,99621,4272,2793,268,107,93663,52981,1.472018951827426,2184,1491,8702,15430,32630,24329,1942,5848,48446,35953,0,0,1295,992,7323,4969,26932,10373,3554,0,0,23756,17595,271,2561,0,0,0,0,0
801,10564,802.1634329880028,99619,4160,2760,270,107,94207,53357,1.481283690862185,2175,1443,8672,15396,32813,24513,1908,5779,48447,35955,0,0,1266,974,7224,4988,27101,10624,3538,0,0,23770,17354,261,2519,0,0,0,0,0
802,10564,803.1747676512892,99618,4097,2734,271,107,94734,53703,1.4900620369812685,2166,1439,8635,15360,32953,24649,1876,5709,48448,35957,0,0,1244,958,7146,4979,27311,10815,3519,0,0,23788,17117,254,2487,0,0,0,0,0
803,10564,804.1827768265475,99617,4061,2707,271,108,95287,54069,1.4993023279159179,2106,1398,8619,15314,33106,24821,1835,5650,48449,35959,0,0,1221,935,7060,4979,27503,11013,3496,0,0,23857,16858,247,2448,0,0,0,0,0
804,10564,805.1879776700254,99615,3991,2663,273,108,95823,54417,1.50820659539226,2031,1349,8610,15311,33285,24982,1808,5585,48450,35961,0,0,1188,914,6964,4964,27701,11224,3491,0,0,23893,16620,241,2415,0,0,0,0,0
805,10564,806.1905950629642,99612,3906,2611,274,110,96320,54762,1.516704814680962,2020,1310,8609,15278,33412,25162,1777,5527,48451,35963,0,0,1158,894,6885,4977,27836,11460,3469,0,0,23924,16399,236,2374,0,0,0,0,0
806,10564,807.190945101692,99610,3849,2560,276,110,96808,55094,1.5249673727537396,1969,1295,8612,15272,33539,25302,1753,5459,48452,35964,0,0,1132,872,6809,4971,28011,11664,3458,0,0,23943,16178,231,2341,0,0,0,0,0
807,10564,808.1896597697709,99608,3824,2527,277,111,97295,55405,1.5330093968355956,1936,1296,8625,15241,33605,25421,1731,5402,48453,35965,0,0,1114,852,6734,4959,28167,11869,3450,0,0,23921,16004,228,2310,0,0,0,0,0
808,10564,809.1870307474924,99605,3726,2500,279,112,97755,55717,1.5408061844284926,1876,1324,8640,15210,33772,25502,1705,5350,48454,35966,0,0,1090,829,6658,4947,28292,12096,3437,0,0,23928,15813,226,2289,0,0,0,0,0
809,10564,810.1818166668692,99603,3653,2433,281,112,98211,56016,1.5484172163489052,1874,1324,8622,15186,33889,25648,1679,5295,48455,35967,0,0,1070,811,6574,4925,28491,12289,3427,0,0,23917,15617,221,2261,0,0,0,0,0
810,10564,811.1743147511283,99602,3586,2382,282,112,98674,56318,1.5561133310576092,1807,1319,8635,15148,34034,25808,1654,5229,48456,35968,0,0,1043,789,6514,4914,28606,12502,3426,0,0,23952,15407,218,2231,0,0,0,0,0
811,10564,812.1644871260468,99599,3548,2372,284,113,99134,56621,1.5638209218968062,1784,1298,8611,15130,34140,25904,1631,5181,48457,35969,0,0,1023,765,6458,4904,28748,12692,3412,0,0,23921,15253,215,2208,0,0,0,0,0
812,10564,813.1527958722079,99598,3506,2397,284,114,99589,56965,1.571858872668126,1763,1226,8607,15124,34235,26026,1603,5111,48458,35970,0,0,1003,746,6393,4890,28913,12879,3403,0,0,23897,15089,212,2173,0,0,0,0,0
813,10564,814.1395395481975,99595,3422,2338,286,115,100010,57249,1.5789848887996385,1730,1230,8632,15103,34351,26162,1577,5050,48459,35971,0,0,982,732,6319,4880,29044,13074,3388,0,0,23917,14898,207,2154,0,0,0,0,0
814,10564,815.1250776068462,99593,3377,2305,287,116,100456,57560,1.5866175333607784,1710,1173,8633,15067,34434,26322,1557,5015,48460,35972,0,0,955,716,6235,4863,29213,13262,3384,0,0,23906,14732,204,2123,0,0,0,0,0
815,10564,816.1098162691289,99592,3358,2272,287,117,100886,57841,1.5937725921760784,1674,1159,8651,15065,34495,26415,1533,4970,48461,35973,0,0,932,707,6174,4841,29325,13447,3386,0,0,23921,14554,202,2103,0,0,0,0,0
816,10564,817.0936717912409,99592,3241,2215,287,117,101267,58120,1.600399630492409,1669,1126,8694,15065,34596,26556,1511,4919,48462,35974,0,0,915,692,6096,4847,29496,13635,3360,0,0,23883,14389,198,2081,0,0,0,0,0
817,10564,818.0769667980176,99591,3207,2132,287,118,101676,58385,1.6071833800242994,1631,1117,8743,15069,34635,26706,1495,4856,48463,35975,0,0,898,679,6028,4855,29658,13811,3339,0,0,23845,14226,196,2056,0,0,0,0,0
818,10564,819.0601280041056,99589,3131,2128,289,118,102054,58661,1.613782646677846,1613,1070,8751,15100,34740,26770,1474,4812,48464,35976,0,0,877,666,5977,4857,29763,13978,3324,0,0,23868,14054,191,2034,0,0,0,0,0
819,10564,820.0420233682578,99588,3126,2093,289,119,102453,58930,1.6205064867253083,1580,1038,8746,15103,34805,26878,1452,4767,48465,35977,0,0,863,655,5917,4840,29891,14146,3310,0,0,23843,13914,188,2021,0,0,0,0,0
820,10564,821.0226177573315,99587,3131,2023,290,119,102864,59175,1.6271099641519475,1515,1038,8739,15117,34893,26969,1430,4732,48466,35978,0,0,844,645,5856,4836,30032,14314,3299,0,0,23804,13770,185,2002,0,0,0,0,0
821,10564,822.0021503630139,99587,3061,1974,290,119,103238,59404,1.6331649713315994,1488,1024,8762,15127,34986,27070,1411,4684,48467,35979,0,0,829,635,5799,4825,30137,14499,3283,0,0,23776,13638,182,1984,0,0,0,0,0
822,10564,823.1758520351668,99586,2944,1960,290,120,103644,59709,1.6403209286445886,1491,1008,8770,15120,35114,27155,1389,4635,48468,35980,0,0,819,625,5726,4813,30265,14721,3252,0,0,23740,13480,180,1965,0,0,0,0,0
823,10564,824.152618252653,99585,2899,1925,290,121,104011,59952,1.6464628207059295,1442,984,8778,15130,35214,27243,1375,4595,48469,35981,0,0,805,614,5672,4798,30344,14926,3240,0,0,23698,13365,178,1945,0,0,0,0,0
824,10564,825.1283400231392,99583,2860,1876,291,122,104371,60168,1.6522800076318247,1400,980,8835,15174,35259,27306,1353,4540,48470,35982,0,0,792,602,5628,4788,30441,15096,3229,0,0,23667,13236,174,1930,0,0,0,0,0
825,10564,826.1038860849121,99581,2820,1870,293,122,104744,60434,1.6587300790311406,1329,929,8864,15173,35355,27397,1337,4507,48471,35983,0,0,782,588,5572,4789,30526,15274,3209,0,0,23640,13111,169,1921,0,0,0,0,0
826,10564,827.07849881642,99581,2733,1840,293,122,105080,60658,1.6643536417589702,1310,899,8891,15207,35451,27467,1320,4463,48472,35984,0,0,769,569,5520,4785,30636,15443,3192,0,0,23600,12999,165,1903,0,0,0,0,0
827,10564,828.0523763678135,99581,2641,1792,293,122,105384,60864,1.669475100671815,1314,920,8937,15220,35510,27531,1303,4413,48473,35985,0,0,763,556,5478,4777,30698,15625,3169,0,0,23589,12879,162,1885,0,0,0,0,0
828,10564,829.0259946846727,99577,2560,1769,296,123,105689,61101,1.6749851873424586,1320,894,8987,15230,35546,27602,1289,4380,48474,35986,0,0,748,544,5427,4777,30773,15800,3156,0,0,23568,12760,160,1864,0,0,0,0,0
829,10564,830.1945434429571,99577,2515,1772,296,123,106024,61376,1.6811110999528003,1333,859,9048,15257,35535,27643,1271,4344,48475,35987,0,0,741,534,5377,4773,30860,15978,3134,0,0,23530,12648,158,1844,0,0,0,0,0
830,10564,831.1690562326926,99577,2491,1748,296,123,106345,61596,1.6865440814645953,1304,821,9058,15274,35591,27729,1258,4303,48476,35988,0,0,729,525,5334,4758,30941,16133,3119,0,0,23510,12540,158,1830,0,0,0,0,0
831,10564,832.1430458277644,99576,2460,1727,297,123,106676,61798,1.6919137141479874,1263,792,9108,15298,35628,27782,1242,4276,48477,35989,0,0,721,516,5293,4751,31006,16305,3096,0,0,23462,12453,158,1815,0,0,0,0,0
832,10564,833.1179083366342,99575,2444,1703,297,124,106980,61983,1.6968415767009792,1262,800,9171,15344,35597,27784,1227,4243,48478,35990,0,0,709,512,5257,4722,31081,16456,3089,0,0,23416,12375,157,1801,0,0,0,0,0
833,10564,834.0936155223307,99575,2464,1644,297,124,107312,62162,1.7019733868943008,1217,824,9220,15340,35590,27872,1210,4194,48479,35991,0,0,704,505,5217,4710,31135,16613,3078,0,0,23405,12265,156,1787,0,0,0,0,0
834,10564,835.0698637833927,99575,2411,1614,297,124,107591,62370,1.70686417273412,1179,798,9271,15362,35643,27938,1197,4162,48480,35992,0,0,692,501,5179,4703,31194,16761,3060,0,0,23396,12159,154,1776,0,0,0,0,0
835,10564,836.0462758918883,99573,2368,1567,299,124,107863,62542,1.7113574965100982,1145,797,9327,15403,35676,27976,1183,4131,48481,35993,0,0,682,494,5152,4685,31296,16886,3050,0,0,23355,12066,152,1755,0,0,0,0,0
836,10564,837.0227750021829,99570,2292,1556,301,125,108111,62738,1.7158682334036357,1153,776,9387,15434,35698,28010,1167,4097,48482,35994,0,0,671,483,5117,4696,31334,17037,3030,0,0,23322,11981,150,1749,0,0,0,0,0
837,10564,838.1952047078718,99569,2221,1517,302,125,108407,62959,1.721077845514166,1145,754,9472,15466,35705,28082,1153,4054,48483,35995,0,0,661,478,5078,4672,31392,17222,3025,0,0,23285,11875,146,1735,0,0,0,0,0
838,10564,839.1733136019444,99566,2147,1467,305,125,108669,63127,1.7254484462567543,1125,732,9524,15507,35755,28143,1142,4024,48484,35996,0,0,656,472,5037,4653,31444,17383,3014,0,0,23272,11770,144,1721,0,0,0,0,0
839,10564,840.1519675473979,99566,2133,1446,305,125,108942,63309,1.7300182793323022,1095,704,9578,15539,35755,28193,1132,3991,48485,35997,0,0,649,464,5007,4649,31489,17525,2996,0,0,23244,11689,144,1710,0,0,0,0,0
840,10564,841.131353479525,99566,2126,1428,305,125,109227,63486,1.7346584175320892,1031,673,9614,15589,35798,28227,1124,3956,48486,35998,0,0,637,459,4974,4644,31539,17668,2988,0,0,23223,11608,139,1687,0,0,0,0,0
841,10564,842.1107655086137,99566,2085,1349,305,125,109475,63649,1.738786332683848,1015,667,9674,15639,35808,28289,1111,3929,48487,35999,0,0,630,458,4930,4622,31647,17809,2977,0,0,23149,11537,138,1669,0,0,0,0,0
842,10564,843.0911557877337,99565,2023,1339,306,125,109725,63814,1.7429719278863054,1006,653,9720,15674,35841,28311,1102,3896,48488,36000,0,0,625,452,4899,4614,31687,17958,2953,0,0,23105,11478,135,1659,0,0,0,0,0
843,10564,844.0714730046504,99563,1948,1335,308,125,109939,63994,1.7469642337012745,989,613,9794,15749,35869,28314,1090,3862,48489,36001,0,0,622,447,4869,4590,31707,18110,2942,0,0,23094,11394,134,1654,0,0,0,0,0
844,10564,845.0522385744539,99562,1938,1331,308,126,110183,64162,1.751119905184709,940,585,9835,15793,35901,28324,1076,3839,48490,36002,0,0,619,442,4837,4582,31750,18233,2923,0,0,23073,11322,133,1648,0,0,0,0,0
845,10564,846.033335830195,99560,1881,1308,309,127,110402,64319,1.7549316994777018,928,587,9890,15824,35923,28347,1067,3805,48491,36003,0,0,617,436,4804,4567,31790,18367,2908,0,0,23055,11251,132,1633,0,0,0,0,0
846,10564,847.0150443569952,99560,1860,1277,309,127,110619,64464,1.7585676978706308,933,578,9953,15860,35887,28373,1056,3783,48492,36004,0,0,608,432,4777,4568,31845,18471,2894,0,0,23038,11176,131,1620,0,0,0,0,0
847,10564,848.1942790031106,99560,1773,1249,309,127,110861,64644,1.762806347930896,918,568,10022,15906,35930,28407,1046,3741,48493,36005,0,0,599,426,4733,4547,31891,18631,2885,0,0,23010,11095,130,1613,0,0,0,0,0
848,10564,849.1776125231454,99560,1732,1210,309,127,111078,64776,1.766311771795902,911,576,10088,15957,35916,28415,1042,3713,48494,36006,0,0,592,420,4710,4544,31969,18735,2870,0,0,22963,11029,127,1601,0,0,0,0,0
849,10564,850.1617658995759,99560,1697,1207,309,127,111285,64931,1.7699477701888309,897,545,10161,16028,35899,28404,1035,3687,48495,36007,0,0,586,417,4678,4539,32004,18852,2861,0,0,22938,10966,126,1593,0,0,0,0,0
850,10564,851.1475683715046,99559,1703,1165,309,128,111537,65062,1.7738125131831377,822,529,10226,16092,35915,28414,1023,3670,48496,36008,0,0,577,411,4655,4528,32019,18979,2858,0,0,22943,10883,125,1581,0,0,0,0,0
851,10564,852.1339616867205,99559,1660,1141,309,128,111730,65193,1.7770668648740948,823,531,10281,16136,35912,28419,1013,3643,48497,36009,0,0,574,408,4628,4518,32054,19091,2845,0,0,22930,10815,124,1572,0,0,0,0,0
852,10564,853.1217121866001,99558,1635,1098,309,129,111920,65332,1.7803893207979269,846,521,10349,16201,35857,28437,1002,3612,48498,36010,0,0,568,406,4608,4500,32107,19199,2840,0,0,22895,10749,122,1564,0,0,0,0,0
853,10564,854.1107319203156,99558,1607,1107,309,129,112144,65472,1.7840454810261355,784,510,10438,16243,35867,28418,993,3591,48499,36011,0,0,565,401,4583,4499,32148,19310,2824,0,0,22855,10696,120,1557,0,0,0,0,0
854,10564,855.1007152338082,99557,1567,1078,310,129,112346,65618,1.7875588858643792,753,482,10511,16281,35873,28457,984,3571,48500,36012,0,0,562,399,4560,4492,32173,19438,2803,0,0,22839,10625,119,1547,0,0,0,0,0
855,10564,856.091860065038,99556,1525,1049,311,129,112533,65742,1.7907007111575395,711,470,10574,16333,35900,28468,977,3549,48501,36013,0,0,558,397,4541,4477,32216,19545,2793,0,0,22804,10565,119,1541,0,0,0,0,0
856,10564,857.0831939749088,99556,1418,1022,311,129,112684,65852,1.7933223512395033,722,459,10637,16399,35939,28456,971,3533,48502,36014,0,0,552,393,4510,4471,32225,19674,2782,0,0,22786,10509,116,1538,0,0,0,0,0
857,10564,858.0753722025211,99555,1377,1009,311,130,112839,65980,1.7961830144141429,731,450,10720,16459,35894,28442,965,3508,48503,36015,0,0,549,390,4489,4466,32254,19767,2773,0,0,22781,10449,113,1524,0,0,0,0,0
858,10564,859.0696137525887,99555,1360,979,311,130,113013,66081,1.7989453066144343,748,452,10784,16507,35835,28448,960,3482,48504,36016,0,0,548,386,4475,4457,32281,19874,2762,0,0,22736,10411,112,1513,0,0,0,0,0
859,10564,860.0651200814305,99554,1345,968,312,130,113211,66200,1.8021475781987666,713,460,10859,16525,35813,28452,956,3463,48505,36017,0,0,545,382,4457,4444,32316,19978,2752,0,0,22693,10369,112,1506,0,0,0,0,0
860,10564,861.0618129899467,99554,1310,907,312,130,113378,66297,1.8047994053478513,700,493,10918,16562,35810,28463,948,3443,48506,36018,0,0,534,381,4441,4431,32345,20077,2755,0,0,22675,10305,111,1499,0,0,0,0,0
861,10564,862.0596747247814,99553,1279,910,313,130,113545,66429,1.8078209596898134,670,449,11018,16649,35777,28445,941,3415,48507,36019,0,0,529,374,4421,4429,32330,20202,2751,0,0,22645,10266,111,1495,0,0,0,0,0
862,10564,863.0593911032238,99553,1264,864,313,130,113719,66519,1.810472813476239,652,461,11108,16718,35724,28436,937,3389,48508,36020,0,0,528,373,4402,4430,32349,20302,2733,0,0,22626,10213,111,1486,0,0,0,0,0
863,10564,864.0611776797641,99552,1234,875,314,130,113868,66618,1.8129821600771456,638,443,11188,16788,35691,28387,933,3375,48509,36021,0,0,527,371,4387,4422,32362,20385,2720,0,0,22614,10176,111,1477,0,0,0,0,0
864,10564,865.0644551569609,99552,1254,867,314,130,114045,66740,1.8159856155576986,603,412,11259,16852,35639,28381,929,3356,48510,36022,0,0,525,371,4369,4419,32410,20461,2708,0,0,22568,10138,110,1473,0,0,0,0,0
865,10564,866.069525936853,99551,1232,851,315,130,114207,66839,1.8186256290745446,597,418,11334,16915,35596,28350,924,3334,48511,36023,0,0,520,371,4343,4413,32442,20542,2697,0,0,22560,10088,108,1467,0,0,0,0,0
866,10564,867.0761338329729,99550,1208,844,315,131,114349,66951,1.8211953792064288,595,391,11403,16970,35556,28351,921,3311,48512,36024,0,0,515,370,4327,4394,32482,20617,2694,0,0,22533,10054,106,1458,0,0,0,0,0
867,10564,868.0845272811735,99549,1154,836,316,131,114501,67043,1.8236647279229323,580,379,11486,17044,35548,28311,914,3297,48513,36025,0,0,509,367,4312,4390,32481,20717,2688,0,0,22515,10009,105,1456,0,0,0,0,0
868,10564,869.0941880345166,99548,1117,803,316,132,114627,67132,1.8258428094989352,580,390,11582,17110,35494,28297,909,3266,48514,36026,0,0,504,366,4298,4369,32495,20805,2686,0,0,22509,9963,105,1448,0,0,0,0,0
869,10564,870.1058450194371,99548,1073,792,316,132,114760,67228,1.8281432072969823,561,378,11667,17181,35475,28271,906,3244,48515,36027,1,1,500,365,4278,4356,32505,20896,2679,0,0,22496,9924,104,1444,0,0,0,0,1
870,10564,871.119216516628,99547,1058,760,317,132,114897,67313,1.8303916742845088,568,368,11759,17261,35393,28254,903,3223,48516,36028,2,2,499,362,4257,4357,32530,20976,2667,0,0,22471,9886,102,1438,0,1,0,0,1
871,10564,872.1351741122178,99546,1049,739,317,133,115031,67406,1.832690414481747,561,359,11831,17324,35341,28233,899,3210,48517,36029,3,3,497,357,4245,4351,32553,21055,2658,0,0,22444,9849,101,1433,0,2,0,0,1
872,10564,873.1528685313298,99545,1056,707,317,134,115182,67489,1.8350595208197298,517,361,11906,17405,35307,28195,895,3196,48518,36030,4,4,494,357,4225,4341,32585,21128,2648,0,0,22425,9812,101,1425,1,2,0,0,1
873,10564,874.1722244186914,99544,1067,693,317,135,115331,67581,1.8374989954191112,487,351,11997,17476,35238,28164,892,3179,48519,36031,5,5,492,357,4204,4334,32606,21206,2642,0,0,22399,9777,101,1422,1,2,0,0,1
874,10564,875.193943070833,99543,1037,659,318,135,115454,67650,1.839446269451393,478,354,12089,17546,35190,28141,886,3163,48520,36032,6,6,485,355,4194,4321,32625,21282,2645,0,0,22372,9742,101,1416,1,3,0,0,1
875,10564,876.0129374094785,99543,1031,631,318,135,115542,67720,1.8410335232010286,483,348,12149,17595,35132,28138,885,3151,48521,36033,7,7,482,351,4185,4312,32653,21332,2642,0,0,22359,9708,101,1412,1,3,0,0,2
876,10564,877.038541186391,99543,1014,647,318,135,115684,67822,1.8434847251941373,457,323,12240,17666,35089,28087,880,3140,48522,36034,8,8,479,349,4169,4302,32672,21406,2634,0,0,22350,9671,98,1406,1,3,0,0,3
877,10564,878.0660031340044,99543,966,623,318,135,115793,67910,1.845463769426278,462,316,12317,17728,35062,28070,873,3126,48523,36035,9,9,475,347,4154,4293,32700,21487,2626,0,0,22319,9638,98,1399,1,3,0,0,3
878,10564,879.0952086906649,99543,973,628,318,135,115932,68010,1.8478647418703475,447,281,12390,17810,34999,28037,871,3107,48524,36036,10,10,474,345,4131,4281,32737,21553,2619,0,0,22305,9603,98,1390,1,3,0,0,3
879,10564,880.1264638700401,99543,917,594,318,135,116032,68076,1.849532362898446,449,281,12485,17888,34962,28006,867,3094,48525,36037,11,11,470,342,4120,4271,32759,21636,2616,0,0,22255,9584,98,1385,1,3,0,0,3
880,10564,881.1596832536478,99542,906,568,318,136,116151,68145,1.8514395933374856,442,281,12543,17964,34923,27967,866,3082,48526,36038,12,12,470,341,4113,4260,32767,21704,2606,0,0,22258,9539,98,1377,1,5,0,0,3
881,10564,882.1946179922767,99541,889,565,318,137,116257,68225,1.8533267698737204,435,272,12663,18054,34833,27904,860,3066,48527,36039,14,14,468,338,4103,4260,32781,21766,2599,0,0,22243,9509,95,1370,1,5,0,0,3
882,10564,883.0247426106218,99540,880,582,319,137,116360,68297,1.855103475989552,421,260,12732,18107,34789,27856,857,3056,48528,36040,16,16,465,337,4096,4257,32796,21814,2594,0,0,22226,9482,94,1367,1,8,0,0,3
883,10564,884.0641217614867,99539,871,560,319,138,116478,68353,1.8568701714905715,407,289,12811,18178,34735,27789,855,3044,48529,36041,19,18,460,336,4081,4251,32808,21878,2589,0,0,22207,9455,94,1365,1,11,0,0,3
884,10564,885.1056079379073,99537,846,534,320,139,116580,68413,1.8585350171293087,398,287,12903,18264,34679,27740,852,3034,48530,36042,23,21,457,333,4070,4243,32817,21943,2583,0,0,22195,9421,94,1365,1,11,0,0,4
885,10564,886.1492327005307,99537,827,521,320,139,116682,68484,1.860273064287652,383,278,12995,18340,34619,27696,854,3024,48531,36043,28,25,455,332,4063,4247,32824,22010,2572,0,0,22156,9401,93,1363,1,16,0,0,4
886,10564,887.1955023160863,99537,816,516,320,139,116795,68572,1.862292413876247,383,253,13109,18412,34518,27659,852,3019,48532,36044,34,30,454,331,4050,4239,32845,22081,2566,0,0,22125,9372,93,1357,2,16,2,0,4
887,10564,888.034894071169,99537,783,502,320,139,116886,68619,1.863678832996775,367,257,13198,18486,34475,27602,855,3012,48533,36045,42,36,450,331,4040,4227,32868,22134,2561,0,0,22102,9352,93,1352,2,19,2,0,4
888,10564,889.0864256183872,99537,773,479,320,139,116980,68679,1.8652259963631614,362,243,13286,18576,34399,27553,858,3008,48534,36046,51,43,448,330,4027,4214,32877,22202,2560,0,0,22082,9324,92,1347,2,24,2,0,6
889,10564,890.1407584932072,99537,766,466,320,139,117086,68734,1.8668434853371108,338,254,13390,18633,34322,27499,862,3007,48535,36047,63,51,447,329,4014,4209,32881,22271,2552,0,0,22048,9306,92,1345,2,29,3,0,9
890,10564,891.1976157719446,99537,751,460,320,139,117170,68806,1.8684107417342295,340,244,13461,18697,34259,27455,867,3003,48536,36048,77,61,443,327,4001,4205,32899,22325,2546,0,0,22024,9279,91,1341,2,35,4,0,15
891,10564,892.0446808995,99537,706,451,320,139,117232,68851,1.869485718878407,348,241,13538,18759,34213,27400,873,3008,48537,36049,94,73,443,327,3995,4197,32911,22375,2539,0,0,21996,9258,91,1333,3,47,4,0,18
892,10564,893.1059822126781,99537,688,460,320,139,117326,68919,1.8711132543677225,326,220,13650,18823,34130,27337,884,3019,48538,36050,115,87,439,327,3982,4191,32895,22449,2534,0,0,21982,9231,90,1331,3,53,6,0,24
893,10564,894.1703434347554,99537,666,455,320,139,117409,68981,1.8725699990958136,322,211,13765,18891,34030,27271,895,3031,48539,36051,140,103,439,323,3968,4193,32887,22522,2527,0,0,21944,9213,90,1326,3,62,9,0,31
894,10564,895.0241402914803,99537,626,433,320,139,117467,69020,1.8735445110863298,324,210,13816,18956,34000,27217,912,3043,48540,36052,170,122,435,323,3958,4186,32872,22596,2528,0,0,21915,9190,90,1325,3,71,9,0,36
895,10564,896.0935753134855,99537,627,427,320,139,117561,69083,1.8751218139988146,312,187,13899,19031,33910,27162,930,3052,48541,36053,206,143,433,323,3947,4180,32846,22673,2525,0,0,21891,9161,89,1321,5,86,13,0,44
896,10564,897.1662115493741,99536,610,410,321,139,117641,69132,1.8764366661308471,301,198,13994,19119,33824,27062,948,3070,48542,36054,248,168,431,321,3938,4180,32830,22744,2518,0,0,21850,9135,89,1320,5,111,15,0,49
897,10564,898.026697849533,99536,606,389,321,139,117713,69180,1.8776422600868028,302,179,14066,19179,33730,27006,973,3106,48543,36055,297,196,431,320,3924,4170,32815,22811,2514,0,0,21825,9105,89,1315,7,130,21,0,59
898,10564,899.1056777673532,99536,569,377,321,139,117793,69224,1.8788880405079569,292,175,14168,19241,33650,26921,998,3145,48544,36056,354,228,428,319,3906,4159,32817,22884,2512,0,0,21780,9083,88,1308,9,149,28,0,66
899,10564,900.1880579124014,99535,565,382,322,139,117861,69267,1.8800221027779174,304,192,14248,19308,33565,26849,994,3128,48544,36056,354,228,427,319,3901,4156,32832,22914,2509,0,0,21763,9069,88,1305,9,149,28,0,66
900,10564,900.1880579124014,99535,565,378,322,139,117872,69277,1.8802330838398553,308,192,14266,19305,33509,26797,1028,3187,48544,36056,420,265,427,319,3895,4154,32803,22955,2509,0,6,21725,9052,87,1304,10,181,31,0,77
901,10564,901.0568752766421,99535,562,383,322,139,117938,69327,1.881398503039132,308,193,14321,19332,33423,26701,1062,3250,48544,36056,496,307,427,317,3879,4150,32769,23030,2505,0,18,21672,9025,87,1302,11,210,41,0,92
902,10564,902.1465700242319,99534,549,373,322,140,118017,69382,1.882763678742942,312,197,14445,19385,33273,26589,1097,3314,48544,36056,583,354,427,316,3868,4152,32741,23111,2497,0,39,21597,8986,87,1296,14,247,46,0,110
903,10564,903.0217250337206,99533,545,359,323,140,118084,69417,1.8838073804667799,307,221,14491,19405,33189,26478,1143,3395,48544,36056,682,407,423,316,3852,4152,32691,23202,2490,4,49,21541,8952,86,1292,16,281,52,0,134
904,10564,904.1189798801764,99533,543,358,323,140,118174,69473,1.885274230657169,314,214,14568,19432,33054,26374,1196,3480,48544,36056,794,466,422,316,3841,4147,32634,23310,2484,5,63,21464,8915,85,1286,16,327,61,0,157
905,10564,905.2205990130677,99533,548,361,323,140,118260,69528,1.886690846251997,331,217,14634,19447,32907,26260,1255,3573,48544,36056,921,532,420,313,3820,4150,32588,23408,2477,7,73,21378,8875,85,1283,17,380,72,0,187
906,10564,906.105193707434,99533,551,362,323,140,118327,69575,1.8878361950307938,334,213,14682,19464,32784,26124,1324,3695,48544,36056,1063,605,418,312,3804,4147,32508,23524,2472,9,84,21301,8835,85,1281,18,435,84,0,216
907,10564,907.2151842619922,99533,547,379,323,140,118411,69637,1.889303045221183,322,215,14749,19483,32663,25947,1394,3834,48544,36056,1222,686,417,311,3792,4141,32432,23652,2466,10,97,21209,8801,85,1273,24,495,91,0,237
908,10564,908.106146640593,99533,549,398,323,140,118491,69695,1.890689520058674,314,211,14785,19485,32563,25784,1464,3980,48544,36056,1400,775,416,311,3774,4143,32326,23791,2462,11,113,21119,8753,83,1265,30,564,103,0,269
909,10564,909.0000698437635,99533,558,403,323,140,118555,69750,1.8918851034330322,310,220,14839,19454,32414,25632,1554,4149,48544,36056,1597,873,415,311,3757,4138,32223,23937,2461,12,121,21020,8709,83,1262,31,632,116,0,305
910,10564,910.122486597569,99533,567,407,323,140,118651,69822,1.893572985843891,305,217,14900,19448,32256,25459,1647,4327,48544,36056,1815,980,414,309,3733,4134,32123,24093,2458,13,149,20903,8633,82,1254,36,715,131,0,353
911,10564,911.0244459941587,99533,557,404,323,140,118716,69868,1.8946881938653513,305,225,14941,19412,32114,25278,1758,4539,48544,36056,2054,1097,414,309,3718,4136,32007,24253,2451,13,162,20776,8581,82,1245,39,814,141,1,391
912,10564,912.1573517288507,99533,559,398,323,140,118798,69931,1.896144997136628,319,225,14997,19405,31932,25084,1868,4746,48544,36056,2316,1224,408,309,3683,4132,31878,24438,2448,19,178,20628,8531,82,1241,42,923,167,2,424
913,10564,913.068421724043,99533,568,398,323,140,118876,69972,1.8973405805109862,317,240,15028,19357,31762,24865,2000,4998,48544,36056,2602,1362,407,309,3664,4127,31718,24628,2445,20,193,20482,8469,82,1233,50,1052,181,3,470
914,10564,914.2135759570222,99533,571,415,323,140,118963,70054,1.8990385098409572,329,237,15075,19290,31562,24651,2138,5265,48544,36056,2913,1511,405,309,3637,4117,31559,24849,2444,22,204,20329,8406,81,1216,63,1168,199,7,518
915,10564,915.1349262977943,99533,576,418,323,140,119051,70116,1.9005455477077955,325,226,15100,19216,31384,24435,2290,5563,48544,36056,3250,1672,404,306,3596,4116,31395,25059,2441,23,229,20182,8321,80,1202,74,1286,234,8,577
916,10564,916.0613817207094,99533,575,416,323,140,119123,70172,1.9018315533541639,326,223,15109,19134,31216,24196,2449,5889,48544,36056,3613,1845,404,305,3561,4111,31237,25272,2439,23,240,19990,8252,80,1192,82,1440,263,9,633
917,10564,917.2264721650338,99531,568,416,324,141,119205,70238,1.9033567431252574,330,221,15151,19065,31006,23926,2619,6229,48544,36056,4003,2030,402,305,3529,4106,31078,25489,2433,25,260,19789,8156,80,1179,93,1603,286,11,707
918,10564,918.1641657620244,99531,551,401,324,141,119282,70293,1.9046829630969246,332,218,15190,18965,30800,23684,2801,6589,48544,36056,4420,2228,401,304,3493,4104,30901,25739,2428,26,273,19571,8074,80,1163,107,1766,314,15,772
919,10564,919.108003624562,99531,552,407,324,141,119360,70351,1.9060493715525817,338,210,15169,18847,30615,23407,3000,6986,48544,36056,4864,2439,400,304,3452,4098,30682,26008,2425,27,280,19364,7989,80,1154,116,1941,346,17,848
920,10564,920.0578167277596,99531,573,409,324,141,119441,70397,1.9073253559192613,343,221,15164,18717,30390,23119,3204,7391,48544,36056,5335,2663,400,304,3404,4095,30462,26268,2422,27,289,19156,7895,79,1139,130,2124,387,20,930
921,10564,921.0139801285488,99530,571,417,325,141,119525,70451,1.9087310358685823,337,234,15161,18553,30183,22822,3421,7831,48544,36056,5833,2900,399,302,3357,4091,30232,26546,2416,28,301,18946,7786,79,1131,138,2304,428,26,1020
922,10564,922.2182405380198,99530,568,432,325,141,119625,70529,1.91051944137446,347,222,15179,18420,29932,22504,3647,8279,48544,36056,6357,3151,399,302,3309,4086,29967,26871,2413,28,307,18717,7668,78,1121,146,2492,468,32,1126
923,10564,923.188868717798,99530,575,428,325,141,119708,70581,1.9118758163367828,342,224,15165,18246,29697,22197,3894,8762,48544,36056,6906,3415,397,301,3269,4080,29709,27182,2409,30,314,18474,7551,78,1108,158,2699,503,38,1230
924,10564,924.1671325026866,99530,572,422,325,141,119795,70640,1.9133427107404803,349,228,15127,18101,29478,21854,4147,9252,48544,36056,7479,3693,395,301,3222,4072,29449,27501,2404,32,329,18192,7437,78,1086,174,2950,541,42,1325
925,10564,925.1525911575606,99530,594,426,325,141,119884,70692,1.914759369034462,349,235,15092,17899,29221,21523,4417,9774,48544,36056,8074,3984,395,300,3168,4067,29157,27842,2400,32,331,17929,7318,77,1073,186,3181,590,54,1430
926,10564,926.1463945909305,99529,603,439,325,142,119967,70756,1.9162555637050507,341,237,15084,17705,28955,21166,4690,10309,48544,36056,8690,4288,394,298,3123,4069,28883,28168,2392,33,340,17642,7199,77,1057,201,3429,630,60,1534
927,10564,927.1490152691317,99529,606,422,325,142,120062,70814,1.9177928041073455,335,249,15043,17509,28711,20824,4978,10852,48544,36056,9325,4604,393,298,3053,4066,28596,28520,2386,34,356,17353,7064,77,1040,216,3674,690,67,1646
928,10564,928.1599996196616,99529,582,428,325,142,120143,70883,1.919299902540968,352,248,14986,17319,28482,20444,5271,11417,48544,36056,9977,4933,392,298,3000,4064,28296,28886,2374,35,368,17042,6945,76,1024,230,3943,736,72,1748
929,10564,929.179338994861,99529,592,419,325,142,120236,70933,1.9207366697143546,337,245,14944,17120,28226,20075,5574,11997,48544,36056,10643,5273,392,296,2947,4064,27982,29249,2369,35,377,16741,6802,75,1005,248,4211,783,87,1866
930,10564,930.2079336856553,99529,604,426,325,142,120321,71002,1.9222839574395403,329,231,14912,16895,27928,19712,5900,12592,48544,36056,11322,5625,392,295,2887,4057,27654,29637,2362,35,388,16454,6664,74,974,274,4467,835,93,1987
931,10564,931.2471886907211,99528,616,413,326,142,120427,71059,1.9239410015272085,312,233,14846,16681,27679,19341,6219,13188,48544,36056,12010,5987,391,294,2831,4049,27290,30062,2358,36,400,16153,6527,74,948,296,4730,885,101,2103
932,10564,932.0331687061781,99528,599,427,326,142,120479,71111,1.9249859336066233,322,224,14814,16463,27386,18947,6551,13795,48544,36056,12706,6359,391,294,2781,4035,26936,30459,2357,36,398,15865,6405,73,933,310,4997,930,114,2214
933,10564,933.0928679999536,99528,586,423,326,142,120563,71166,1.9263825255204565,327,220,14752,16274,27115,18563,6892,14376,48544,36056,13407,6740,388,292,2718,4031,26609,30848,2353,39,408,15548,6275,73,915,325,5273,985,122,2326
934,10564,934.16363841846,99528,571,423,326,142,120639,71233,1.9278193071296519,351,228,14689,16083,26812,18139,7249,14983,48544,36056,14110,7130,387,291,2658,4019,26245,31279,2350,40,414,15245,6137,73,904,332,5541,1034,134,2445
935,10564,935.246363728499,99527,582,406,326,143,120732,71286,1.9293056155616064,351,231,14634,15851,26515,17756,7590,15611,48544,36056,14813,7527,387,291,2586,4008,25913,31677,2344,40,423,14945,6001,72,885,348,5806,1095,145,2561
936,10564,936.0665450605098,99527,566,408,326,143,120797,71335,1.9304510333879248,351,233,14551,15620,26249,17390,7955,16204,48544,36056,15513,7931,387,289,2525,4006,25555,32081,2338,40,429,14623,5864,72,875,357,6098,1151,153,2684
937,10564,937.1723834726728,99526,579,400,327,143,120887,71397,1.931997668950827,352,230,14492,15413,25932,17029,8316,16783,48544,36056,16209,8340,386,289,2462,4000,25167,32522,2335,41,433,14320,5743,71,852,374,6372,1206,168,2785
938,10564,938.010747166497,99526,601,422,327,143,120974,71459,1.9334947651869863,340,219,14406,15177,25627,16659,8697,17378,48544,36056,16898,8754,386,289,2408,3996,24795,32930,2333,41,437,14026,5604,71,838,388,6640,1256,180,2908
939,10564,939.1431492512115,99525,598,416,327,144,121061,71526,1.9350615423260487,366,232,14347,14982,25298,16276,9062,17948,48544,36056,17578,9172,384,287,2351,3993,24424,33361,2328,43,439,13717,5476,71,817,405,6909,1306,198,3016
940,10564,940.0020219063647,99525,602,422,327,144,121137,71565,1.9362170308967597,365,227,14253,14767,25007,15916,9444,18522,48544,36056,18247,9593,383,286,2301,3990,24031,33789,2324,44,437,13455,5350,71,795,425,7152,1351,211,3130
941,10564,941.1615235094039,99525,602,419,327,144,121241,71621,1.937824667169053,358,235,14189,14599,24708,15536,9814,19065,48544,36056,18904,10015,382,285,2259,3983,23677,34199,2316,45,440,13139,5219,71,781,437,7434,1389,224,3245
942,10564,942.0405448886614,99524,600,425,328,144,121322,71669,1.9391403078654394,340,242,14093,14372,24436,15211,10201,19604,48544,36056,19547,10438,382,284,2217,3977,23341,34582,2309,45,445,12855,5072,71,762,454,7693,1426,229,3380
943,10564,943.2277641708132,99524,612,414,328,144,121421,71742,1.940868534222901,339,233,14047,14224,24112,14884,10560,20099,48544,36056,20174,10861,381,283,2166,3973,22991,35005,2304,46,449,12551,4957,71,752,461,7947,1467,246,3474
944,10564,944.1289229228164,99524,606,412,328,144,121496,71789,1.9420943691973795,323,229,13977,14044,23830,14548,10934,20621,48544,36056,20785,11283,380,283,2110,3961,22637,35407,2303,47,450,12271,4855,71,730,482,8199,1518,256,3564
945,10564,945.0410530786887,99523,600,419,328,145,121575,71851,1.9435306411583253,329,209,13891,13885,23559,14240,11291,21100,48544,36056,21379,11703,379,282,2049,3953,22290,35805,2297,48,451,12005,4752,70,714,498,8439,1570,266,3655
946,10564,946.2728861230256,99523,577,411,328,145,121659,71915,1.9450177345940134,327,199,13885,13765,23248,13935,11633,21543,48544,36056,21955,12120,377,280,2009,3946,21960,36204,2291,50,449,11716,4650,68,699,510,8689,1602,286,3737
947,10564,947.2080200198395,99523,561,414,328,145,121718,71969,1.9461531505280187,349,183,13827,13591,22943,13672,11990,21993,48544,36056,22512,12533,375,279,1965,3949,21647,36563,2286,52,446,11442,4540,67,686,520,8931,1640,302,3833
948,10564,948.1555326524825,99523,550,399,328,145,121784,72014,1.947268470604785,378,175,13746,13452,22659,13425,12337,22402,48544,36056,23050,12942,373,277,1919,3940,21346,36926,2282,54,448,11191,4450,67,673,531,9143,1680,313,3910
949,10564,949.1150385880893,99523,573,394,328,145,121889,72059,1.9487756598977122,354,178,13692,13295,22380,13185,12671,22801,48544,36056,23569,13345,373,277,1889,3942,21041,37278,2274,54,446,10944,4333,67,660,540,9359,1704,329,4013
950,10564,950.0865030003002,99523,582,376,328,145,121979,72096,1.9500517468323906,345,180,13605,13153,22117,12941,13021,23203,48544,36056,24069,13743,370,277,1844,3937,20729,37643,2272,57,453,10706,4238,67,641,557,9561,1742,338,4091
951,10564,951.0696040260322,99523,573,368,328,145,122063,72133,1.951267546195352,338,207,13547,13040,21866,12661,13346,23577,48544,36056,24549,14134,369,275,1804,3932,20441,37982,2268,58,457,10473,4146,67,630,566,9760,1778,348,4169
952,10564,952.0643201343829,99523,601,369,328,145,122171,72194,1.95296564613205,304,186,13502,12933,21600,12449,13663,23916,48544,36056,25010,14518,368,275,1767,3923,20161,38325,2262,59,460,10254,4063,65,620,573,9943,1808,358,4239
953,10564,953.0715412843269,99523,600,360,328,145,122248,72243,1.9542316851381087,288,191,13459,12824,21355,12250,13968,24228,48544,36056,25452,14895,367,275,1723,3912,19888,38655,2260,60,462,10039,3975,65,608,584,10122,1846,375,4307
954,10564,954.0906574305146,99522,581,359,329,145,122326,72293,1.955537469102309,273,200,13407,12738,21131,12044,14277,24512,48544,36056,25875,15264,367,274,1683,3905,19619,38985,2257,60,470,9837,3893,65,594,596,10279,1883,382,4373
955,10564,955.121129581395,99522,576,356,329,145,122405,72345,1.9568537609774723,270,193,13366,12644,20888,11864,14569,24796,48544,36056,26280,15625,365,273,1648,3901,19356,39300,2254,62,468,9642,3813,65,579,607,10441,1913,398,4437
956,10564,956.163294934481,99521,572,348,329,146,122482,72392,1.9581193918871393,280,199,13329,12587,20633,11683,14855,25035,48544,36056,26667,15978,363,273,1619,3898,19106,39597,2250,64,475,9463,3713,65,572,612,10590,1935,408,4518
957,10564,957.2182166697389,99521,542,339,329,146,122555,72435,1.9592849750303956,285,207,13291,12529,20419,11498,15132,25279,48544,36056,27036,16322,363,273,1585,3892,18861,39897,2245,64,474,9293,3633,64,560,620,10730,1961,426,4580
958,10564,958.2853487021388,99521,545,350,329,146,122627,72488,1.9605409913485596,292,197,13276,12485,20170,11321,15386,25499,48544,36056,27388,16657,362,272,1560,3894,18619,40177,2237,65,473,9131,3555,64,552,624,10871,1981,440,4644
959,10564,959.0037210900902,99521,539,355,329,146,122678,72523,1.9614051305754565,291,196,13214,12395,19968,11159,15657,25747,48544,36056,27724,16983,360,272,1535,3889,18404,40423,2235,67,472,8966,3491,64,542,633,11019,2003,452,4694
960,10564,960.0945341874046,99521,554,348,329,146,122768,72570,1.9627817244601642,291,190,13174,12342,19742,11014,15908,25958,48544,36056,28044,17300,360,271,1512,3887,18190,40681,2230,67,477,8796,3430,64,535,638,11158,2024,466,4735
961,10564,961.197786951729,99521,578,349,329,146,122858,72619,1.9641784146059627,278,188,13158,12325,19527,10865,16128,26125,48544,36056,28349,17608,360,270,1489,3889,17978,40930,2223,67,470,8640,3370,64,526,646,11290,2041,484,4784
962,10564,962.3131528606773,99521,545,340,329,146,122930,72666,1.9653741421408546,265,190,13141,12308,19358,10739,16360,26275,48544,36056,28639,17907,359,269,1456,3883,17789,41182,2219,68,465,8485,3314,62,513,655,11412,2061,507,4822
963,10564,963.0624919240457,99521,510,339,329,146,122971,72699,1.9661177038012079,273,195,13081,12255,19208,10601,16597,26462,48544,36056,28915,18196,359,269,1431,3880,17586,41424,2214,67,457,8341,3262,61,510,657,11532,2082,524,4865
964,10564,964.1979476413467,99521,510,319,329,146,123045,72744,1.9673134313360998,282,204,13080,12250,19020,10494,16777,26585,48544,36056,29177,18476,359,267,1414,3880,17403,41657,2206,67,463,8207,3197,61,500,663,11637,2093,539,4908
965,10564,965.3442336167865,99521,526,327,329,146,123143,72801,1.9688708915706232,249,202,13118,12255,18821,10365,16955,26703,48544,36056,29426,18747,357,266,1388,3878,17240,41872,2199,68,456,8085,3147,61,496,664,11728,2114,557,4945
966,10564,966.115111221539,99521,515,325,329,146,123183,72834,1.969604405100431,275,213,13095,12213,18634,10257,17150,26844,48544,36056,29663,19009,356,265,1367,3875,17071,42064,2196,69,453,7980,3098,61,487,672,11821,2132,571,4983
967,10564,967.2848259605238,99521,523,346,329,146,123275,72906,1.9712522985098622,255,209,13106,12255,18463,10139,17322,26903,48544,36056,29888,19262,356,265,1347,3868,16896,42281,2191,69,458,7867,3065,60,477,681,11912,2147,582,4999
968,10564,968.0707911322256,99520,516,338,330,146,123326,72946,1.9721864951768489,258,196,13067,12247,18318,10043,17509,27028,48544,36056,30102,19507,354,265,1334,3861,16731,42487,2190,71,461,7749,3025,60,467,690,12005,2154,591,5025
969,10564,969.2617796458035,99520,512,334,330,146,123404,73003,1.973543006430868,258,196,13081,12277,18152,9954,17665,27091,48544,36056,30305,19743,353,263,1318,3858,16579,42688,2184,71,468,7642,2985,60,462,691,12086,2164,602,5046
970,10564,970.0619054046775,99520,519,323,330,146,123461,73034,1.9744272508038585,259,193,13043,12268,18014,9875,17833,27193,48544,36056,30498,19971,353,262,1298,3863,16441,42850,2176,71,470,7555,2942,60,459,693,12157,2181,614,5075
971,10564,971.2730282728824,99520,518,318,330,146,123553,73087,1.9758842443729903,257,200,13068,12287,17875,9807,17950,27240,48544,36056,30681,20190,352,262,1283,3855,16298,43054,2170,72,473,7456,2908,60,449,701,12217,2190,625,5095
972,10564,972.0841290904093,99519,500,330,331,146,123598,73133,1.9768184969704277,261,189,13051,12284,17761,9720,18094,27329,48544,36056,30855,20401,352,260,1272,3856,16123,43253,2164,72,473,7372,2875,60,447,702,12285,2200,637,5116
973,10564,973.2976995823858,99518,476,335,331,147,123666,73192,1.9781145119475874,276,175,13091,12333,17626,9648,18198,27360,48544,36056,31020,20605,351,260,1256,3850,15998,43432,2159,73,476,7285,2836,60,440,706,12341,2208,647,5140
974,10564,974.102811834723,99518,480,325,331,147,123722,73224,1.9789987740911192,272,180,13091,12371,17498,9581,18326,27394,48544,36056,31176,20801,351,260,1242,3848,15887,43574,2156,72,475,7186,2811,60,435,709,12421,2218,662,5151
975,10564,975.3007572138887,99518,487,316,331,147,123807,73273,1.9803452641733155,250,189,13104,12429,17400,9518,18426,27399,48544,36056,31325,20990,350,257,1232,3849,15767,43749,2151,73,476,7100,2776,60,430,713,12472,2218,673,5172
976,10564,976.0958903823418,99518,472,310,331,147,123854,73305,1.9811390904158042,253,185,13111,12444,17284,9449,18547,27463,48544,36056,31466,21172,350,257,1214,3847,15650,43901,2147,73,474,7027,2750,60,424,718,12525,2231,682,5188
977,10564,977.2798361605926,99518,454,310,331,147,123925,73362,1.982425289897305,256,169,13183,12528,17162,9382,18612,27462,48544,36056,31600,21347,348,257,1202,3839,15546,44068,2138,75,466,6951,2739,60,420,719,12566,2236,703,5185
978,10564,978.0667974197064,99518,447,319,331,147,123973,73399,1.983279406740489,265,167,13180,12551,17061,9334,18714,27480,48544,36056,31727,21515,348,257,1186,3835,15429,44213,2135,75,464,6894,2723,60,415,723,12606,2249,713,5193
979,10564,979.2399997365237,99516,466,311,333,147,124058,73451,1.9846959282929377,251,157,13224,12603,16931,9289,18793,27491,48544,36056,31848,21676,345,256,1179,3831,15350,44341,2132,78,466,6816,2697,60,413,723,12649,2251,727,5202
980,10564,980.0194572318545,99516,451,317,333,147,124100,73488,1.9854897704891676,254,160,13254,12643,16821,9231,18885,27500,48544,36056,31963,21831,345,253,1170,3827,15259,44465,2129,78,465,6762,2678,59,409,726,12687,2256,736,5212
981,10564,981.1818341929347,99516,449,294,333,147,124174,73525,1.9866051690180473,238,171,13305,12716,16723,9193,18950,27477,48544,36056,32072,21980,344,252,1161,3823,15179,44598,2123,79,470,6701,2650,59,404,727,12718,2260,748,5220
982,10564,982.3402964748398,99516,448,307,333,147,124249,73578,1.9878913943486474,224,169,13342,12807,16644,9125,19007,27443,48544,36056,32175,22123,343,251,1153,3809,15108,44713,2122,80,476,6635,2622,59,395,735,12761,2264,757,5233
983,10564,983.110692967641,99516,435,302,333,147,124295,73605,1.9886249447325053,216,166,13354,12833,16575,9089,19085,27461,48544,36056,32273,22261,343,251,1143,3807,15028,44828,2116,80,476,6582,2600,59,391,739,12793,2269,768,5243
984,10564,984.2614904012885,99515,446,301,334,147,124364,73651,1.9898005325830277,210,178,13447,12897,16457,9050,19104,27425,48544,36056,32366,22393,342,251,1136,3806,14947,44949,2109,81,476,6532,2577,59,387,741,12817,2272,779,5254
985,10564,985.0277783877649,99515,432,307,334,147,124396,73690,1.9905139928653972,225,166,13452,12951,16380,8990,19175,27437,48544,36056,32455,22520,342,249,1130,3803,14867,45063,2108,81,475,6481,2561,59,387,739,12846,2276,782,5266
986,10564,986.1728769303469,99515,432,307,334,147,124464,73736,1.991659548811737,223,167,13515,13038,16284,8965,19210,27374,48544,36056,32539,22642,339,249,1119,3799,14799,45176,2103,84,475,6435,2550,59,378,744,12863,2284,795,5264
987,10564,987.3156926779345,99515,423,308,334,147,124520,73783,1.9926945686579913,236,153,13584,13140,16185,8931,19236,27319,48544,36056,32619,22759,336,249,1110,3793,14721,45294,2101,86,484,6391,2531,59,375,744,12885,2288,804,5264
988,10564,988.0766817142014,99514,429,305,334,148,124567,73816,1.9935184999095605,225,150,13625,13179,16100,8910,19285,27306,48544,36056,32695,22872,335,249,1096,3789,14672,45376,2098,87,484,6349,2523,59,371,748,12905,2298,810,5265
989,10564,989.2149674986416,99514,437,302,334,148,124639,73863,1.9947143115541532,211,143,13690,13269,16028,8895,19298,27241,48544,36056,32768,22980,335,248,1092,3784,14614,45484,2095,87,486,6313,2492,59,368,749,12910,2297,817,5284
990,10564,990.352343092707,99514,422,292,334,148,124703,73902,1.9957493418011536,213,150,13743,13362,15962,8866,19324,27180,48544,36056,32837,23084,333,248,1085,3779,14566,45580,2086,89,488,6261,2476,59,364,752,12935,2301,832,5280
991,10564,991.1099112148113,99514,423,288,334,148,124751,73935,1.9965632976264647,203,145,13768,13414,15900,8851,19370,27152,48544,36056,32903,23184,333,248,1079,3776,14514,45664,2085,89,490,6198,2460,59,362,753,12979,2299,837,5289
992,10564,992.2433873733754,99514,420,284,334,148,124807,73985,1.9976284743855135,207,143,13841,13494,15826,8829,19370,27100,48544,36056,32966,23280,331,246,1066,3774,14468,45750,2082,91,485,6164,2452,58,360,754,12989,2306,851,5287
993,10564,993.376851751513,99514,408,275,334,148,124864,74020,1.9985529674216693,212,153,13921,13593,15752,8804,19371,27025,48544,36056,33026,23372,330,246,1061,3774,14407,45854,2078,92,485,6124,2438,57,357,753,13001,2307,864,5286
994,10564,994.1326253035769,99514,403,267,334,148,124902,74044,1.9991759953373394,215,154,13947,13651,15688,8781,19411,26997,48544,36056,33083,23460,330,244,1059,3777,14367,45924,2074,91,484,6090,2425,56,355,753,13018,2304,874,5289
995,10564,995.2636241241206,99514,402,266,334,148,124970,74085,2.000271318608437,207,148,14003,13742,15627,8752,19425,26942,48544,36056,33137,23545,328,243,1050,3768,14327,46008,2071,93,488,6063,2410,56,353,755,13022,2307,882,5290
996,10564,996.0171555899511,99514,386,271,334,148,125005,74114,2.000914444198806,207,142,14032,13793,15588,8731,19451,26913,48544,36056,33189,23627,328,243,1041,3758,14290,46073,2069,93,489,6029,2401,56,350,757,13044,2315,885,5293
997,10564,997.1460292145349,99514,358,264,334,148,125046,74154,2.0017284000241173,227,141,14080,13883,15550,8722,19449,26840,48544,36056,33238,23705,328,240,1033,3751,14252,46157,2066,93,493,5995,2384,56,349,758,13053,2317,897,5292
998,10564,998.2750851036868,99514,355,268,334,148,125108,74196,2.002773479108467,212,125,14141,13986,15520,8700,19436,26771,48544,36056,33285,23780,325,240,1027,3750,14213,46228,2059,96,495,5966,2376,56,345,762,13062,2320,902,5292
999,10564,999.0284688217406,99514,357,271,334,148,125150,74215,2.003386458186788,212,131,14188,14053,15464,8675,19443,26720,48544,36056,33330,23852,325,240,1027,3745,14169,46291,2059,95,496,5943,2365,56,343,764,13074,2319,906,5297
1000,10564,1000.1581662660129,99514,351,261,334,148,125214,74251,2.00439134192174,194,133,14275,14139,15421,8667,19423,26650,48544,36056,33373,23922,323,239,1021,3740,14144,46360,2056,97,500,5902,2353,56,342,762,13091,2320,913,5295
1001,10564,1001.289461349634,99513,350,255,334,149,125271,74288,2.0053560841297116,201,129,14372,14237,15360,8648,19381,26580,48544,36056,33414,23989,323,239,1014,3735,14103,46431,2055,97,503,5883,2334,56,338,763,13097,2320,924,5298
1002,10564,1002.0449619560567,99513,350,272,334,149,125308,74328,2.006129852381096,202,116,14426,14293,15299,8634,19387,26534,48544,36056,33453,24053,323,239,1012,3733,14066,46487,2052,97,502,5859,2324,56,338,761,13113,2318,935,5298
1003,10564,1003.1781181158156,99513,360,265,334,149,125373,74355,2.0070543547074253,190,124,14507,14394,15248,8618,19359,26448,48544,36056,33490,24115,322,239,1008,3729,14040,46549,2047,98,503,5824,2319,56,337,762,13127,2320,937,5296
1004,10564,1004.312801920568,99512,357,266,335,149,125432,74392,2.0080392314494735,184,126,14597,14497,15194,8607,19331,26353,48544,36056,33526,24174,322,239,1001,3722,14009,46614,2043,98,502,5801,2311,56,335,762,13135,2320,946,5296
1005,10564,1005.0702658457263,99512,353,260,335,149,125462,74415,2.008571830533001,186,126,14643,14557,15145,8595,19336,26311,48544,36056,33560,24231,322,236,998,3725,13971,46666,2041,98,504,5778,2305,56,334,763,13146,2323,956,5290
1006,10564,1006.2064973599973,99512,360,250,335,149,125520,74447,2.0094762440710667,179,120,14728,14668,15092,8588,19304,26223,48544,36056,33592,24286,322,234,992,3722,13945,46725,2040,98,510,5752,2297,56,332,764,13150,2326,960,5287
1007,10564,1007.3444802909428,99511,337,248,335,150,125560,74490,2.0103305162243372,205,114,14799,14772,15050,8579,19272,26135,48544,36056,33623,24339,320,233,986,3724,13923,46786,2034,100,510,5722,2289,56,331,763,13158,2323,972,5281
1008,10564,1008.104179461754,99511,329,243,335,150,125596,74513,2.0109234155018036,200,121,14870,14823,15003,8568,19261,26093,48544,36056,33653,24390,320,233,979,3720,13906,46835,2031,100,509,5698,2283,56,331,763,13162,2325,982,5278
1009,10564,1009.2450631893499,99511,344,232,335,150,125663,74546,2.0119283295314085,185,122,14965,14908,14959,8567,19210,26019,48544,36056,33681,24439,319,233,974,3722,13879,46898,2024,101,511,5674,2276,56,330,763,13163,2325,988,5275
1010,10564,1010.0070861508467,99511,342,236,335,150,125708,74572,2.012641818492428,175,119,15047,14966,14917,8545,19182,25982,48544,36056,33708,24486,319,233,973,3720,13843,46953,2022,100,515,5660,2267,56,329,764,13168,2323,989,5277
1011,10564,1011.152668381525,99511,342,219,335,150,125763,74601,2.013485946277296,183,124,15156,15065,14867,8545,19115,25895,48544,36056,33734,24531,318,233,969,3717,13829,47006,2021,101,516,5631,2260,56,327,766,13167,2324,1000,5270
1012,10564,1012.3021226203984,99511,349,223,335,150,125828,74636,2.0144908603069007,170,123,15247,15164,14829,8534,19068,25804,48544,36056,33759,24575,318,232,969,3711,13806,47062,2017,101,516,5610,2253,56,326,767,13170,2322,1004,5271
1013,10564,1013.0701143152351,99511,338,225,335,150,125848,74664,2.014973219041111,190,115,15309,15235,14785,8515,19041,25758,48544,36056,33783,24617,317,232,963,3706,13786,47103,2016,102,518,5598,2248,56,325,765,13176,2323,1009,5268
1014,10564,1014.2238372949627,99510,325,218,336,150,125888,74694,2.0156969148829265,196,113,15394,15385,14750,8491,18997,25641,48544,36056,33806,24657,317,230,960,3707,13775,47149,2010,102,523,5579,2237,56,325,765,13177,2322,1006,5270
1015,10564,1015.3805046589918,99510,332,207,336,150,125952,74716,2.0165611496332025,173,127,15505,15478,14711,8486,18941,25550,48544,36056,33828,24696,316,229,957,3701,13759,47198,2010,103,524,5562,2231,56,325,765,13171,2322,1011,5270
1016,10564,1016.1536058685276,99510,337,211,336,150,125994,74740,2.017224399557833,156,121,15568,15549,14676,8467,18925,25500,48544,36056,33849,24734,316,229,956,3697,13736,47242,2008,103,525,5550,2225,56,324,766,13172,2321,1015,5269
1017,10564,1017.3150479895127,99510,323,227,336,150,126035,74788,2.0181187820319564,163,116,15676,15619,14625,8461,18875,25425,48544,36056,33869,24770,316,229,950,3694,13715,47300,2005,102,523,5536,2221,56,323,766,13164,2321,1022,5267
1018,10564,1018.0909193612065,99510,316,219,336,150,126069,74807,2.0186513918199176,178,117,15720,15705,14589,8456,18859,25351,48544,36056,33888,24805,315,229,949,3689,13700,47342,2004,103,523,5524,2216,56,323,765,13159,2320,1030,5263
1019,10564,1019.2562501174618,99509,315,213,337,150,126122,74836,2.019495724004864,162,111,15822,15845,14550,8437,18812,25242,48544,36056,33907,24839,315,229,947,3683,13677,47396,2003,102,524,5510,2213,56,322,765,13156,2318,1034,5259
1020,10564,1020.0346403744225,99509,309,215,337,150,126154,74853,2.0199881417761207,161,110,15870,15905,14537,8416,18784,25202,48544,36056,33925,24871,314,227,943,3683,13669,47426,1999,103,523,5494,2211,56,320,766,13161,2320,1036,5258
1021,10564,1021.2047714313326,99508,293,222,338,150,126195,74887,2.0207621497769024,158,104,15959,15991,14509,8399,18741,25132,48544,36056,33942,24902,314,227,940,3682,13656,47466,1995,103,525,5480,2206,56,318,767,13159,2317,1045,5252
1022,10564,1022.3778537404706,99508,300,227,338,150,126250,74923,2.021676649113639,142,100,16040,16106,14472,8387,18706,25028,48544,36056,33958,24932,314,227,940,3680,13641,47509,1991,103,527,5464,2201,56,317,767,13157,2316,1048,5250
1023,10564,1023.1612931635343,99507,292,225,339,150,126277,74943,2.022169294622489,144,101,16089,16167,14447,8381,18687,24974,48544,36056,33974,24961,312,227,938,3678,13620,47547,1991,105,528,5453,2196,55,314,768,13157,2317,1050,5251
1024,10564,1024.337960051731,99507,297,201,339,150,126326,74969,2.0229230104414766,142,96,16166,16285,14408,8381,18646,24885,48544,36056,33989,24989,312,227,937,3675,13600,47607,1987,105,529,5444,2189,55,310,770,13142,2313,1058,5247
1025,10564,1025.1238522586498,99507,293,204,339,150,126366,74988,2.0235159335524133,129,98,16229,16369,14398,8364,18610,24813,48544,36056,34004,25016,311,226,934,3673,13589,47638,1984,106,528,5436,2186,55,309,770,13142,2312,1063,5245
1026,10564,1026.3058129516148,99507,275,190,339,150,126402,75013,2.0241289557518565,141,102,16327,16463,14359,8357,18557,24736,48544,36056,34018,25042,311,225,932,3669,13576,47687,1978,106,532,5427,2180,55,306,771,13130,2312,1067,5243
1027,10564,1027.0956395593523,99507,265,173,339,150,126426,75027,2.024510838433477,143,115,16402,16546,14339,8352,18510,24662,48544,36056,34031,25067,311,225,928,3665,13566,47722,1976,106,532,5414,2177,55,304,771,13130,2313,1074,5238
1028,10564,1028.283990195246,99507,263,180,339,150,126465,75068,2.0253148019737304,135,105,16515,16658,14303,8333,18443,24572,48544,36056,34044,25091,311,225,923,3663,13558,47757,1974,106,530,5404,2176,55,303,769,13126,2312,1085,5230
1029,10564,1029.0788658071717,99507,261,185,339,150,126489,75093,2.025807229642136,146,101,16570,16727,14276,8323,18406,24512,48544,36056,34056,25114,311,225,921,3660,13549,47781,1973,106,531,5397,2171,55,303,768,13125,2312,1092,5227
1030,10564,1030.2742307903566,99507,282,168,339,150,126550,75114,2.0266312922708956,125,100,16682,16845,14238,8329,18332,24406,48544,36056,34068,25137,310,225,918,3657,13545,47819,1971,107,534,5379,2163,55,303,767,13118,2313,1099,5224
1031,10564,1031.0738887874963,99507,278,165,339,150,126579,75135,2.027133769483554,130,99,16761,16921,14198,8316,18292,24347,48544,36056,34080,25159,310,223,918,3658,13527,47851,1970,107,540,5371,2157,55,303,767,13116,2311,1110,5213
1032,10564,1032.276713227334,99507,257,155,339,150,126622,75167,2.0278874853025415,122,98,16854,17019,14180,8329,18246,24247,48544,36056,34091,25180,309,223,917,3660,13498,47908,1964,108,541,5362,2153,55,302,766,13107,2310,1116,5208
1033,10564,1033.080624875847,99507,248,151,339,150,126644,75185,2.028289467072668,136,101,16908,17078,14157,8320,18210,24198,48544,36056,34102,25200,308,223,915,3656,13498,47934,1962,109,542,5348,2149,55,300,767,13105,2309,1120,5207
1034,10564,1034.2892338491413,99507,247,163,339,150,126685,75217,2.0290230838031493,141,94,16983,17196,14129,8300,18159,24095,48544,36056,34112,25220,307,223,911,3656,13489,47970,1959,110,540,5338,2147,55,299,768,13099,2308,1120,5208
1035,10564,1035.096977699142,99507,251,171,339,150,126714,75238,2.029525561015808,130,101,17049,17254,14104,8285,18125,24037,48544,36056,34122,25239,307,223,908,3655,13487,47988,1957,109,538,5332,2144,55,299,768,13096,2309,1122,5210
1036,10564,1036.311509944636,99507,248,164,339,150,126744,75267,2.030118484126745,132,108,17173,17386,14050,8275,18056,23915,48544,36056,34132,25257,306,223,907,3650,13486,48018,1955,110,536,5321,2142,55,299,767,13086,2310,1129,5207
1037,10564,1037.1236556934855,99506,264,171,339,151,126783,75292,2.030782063393162,119,104,17252,17473,14018,8268,18006,23831,48544,36056,34141,25275,306,223,905,3649,13478,48043,1954,110,538,5318,2139,54,298,767,13078,2310,1130,5206
1038,10564,1038.3455286669991,99506,267,178,339,151,126826,75319,2.0314855385604886,121,106,17361,17592,13982,8242,17928,23729,48544,36056,34150,25292,305,223,903,3647,13462,48080,1953,111,541,5310,2135,54,297,768,13075,2306,1133,5203
1039,10564,1039.1629777757287,99506,261,169,339,151,126850,75339,2.0319277229513797,127,105,17434,17677,13955,8242,17882,23654,48544,36056,34159,25309,305,223,901,3643,13452,48112,1952,111,545,5301,2130,54,295,769,13072,2305,1137,5199
1040,10564,1040.3934027779962,99506,244,177,339,151,126879,75378,2.0326110988282116,141,86,17533,17787,13927,8228,17814,23569,48544,36056,34167,25325,305,223,901,3638,13450,48147,1948,110,544,5291,2126,54,294,770,13062,2303,1146,5194
1041,10564,1041.2165201267514,99506,244,178,339,151,126913,75399,2.033163829316825,134,88,17599,17881,13914,8216,17768,23484,48544,36056,34175,25341,305,223,900,3637,13444,48175,1945,110,546,5285,2122,54,292,770,13053,2303,1148,5194
1042,10564,1042.0416434806675,99506,242,170,339,151,126936,75411,2.0335155669004883,140,94,17655,17946,13883,8206,17739,23431,48544,36056,34183,25356,305,223,899,3633,13436,48200,1945,110,548,5275,2118,54,292,770,13051,2303,1150,5194
1043,10564,1043.2824162346326,99506,234,172,339,151,126979,75438,2.034219042067815,130,92,17756,18046,13863,8187,17676,23350,48544,36056,34190,25371,304,223,898,3627,13419,48245,1944,111,553,5269,2113,54,291,770,13041,2301,1153,5190
1044,10564,1044.1093237891655,99506,223,177,339,151,127000,75456,2.0346109782324686,142,101,17827,18120,13838,8167,17629,23282,48544,36056,34197,25385,301,223,897,3624,13418,48262,1940,114,554,5260,2110,54,291,770,13042,2302,1158,5186
1045,10564,1045.3437047310802,99506,227,172,339,151,127052,75490,2.035475247723755,126,92,17928,18243,13820,8161,17558,23179,48544,36056,34204,25399,301,223,896,3619,13410,48299,1938,114,560,5251,2103,54,291,769,13034,2300,1164,5180
1046,10564,1046.1626360426383,99506,229,164,339,151,127079,75504,2.0358872831789037,128,89,17976,18321,13799,8151,17527,23122,48544,36056,34211,25412,301,223,892,3617,13409,48321,1936,114,563,5239,2098,54,291,768,13035,2300,1165,5180
1047,10564,1047.3867270441742,99506,214,168,339,151,127114,75531,2.0365103611842503,124,81,18064,18432,13784,8140,17473,23026,48544,36056,34218,25425,301,223,890,3619,13400,48349,1931,113,564,5231,2095,54,291,767,13033,2298,1172,5175
1048,10564,1048.199703921588,99506,199,160,339,151,127132,75546,2.0368419994774185,127,84,18123,18504,13786,8134,17424,22965,48544,36056,34224,25438,300,222,890,3621,13394,48372,1928,114,566,5223,2091,53,290,767,13028,2298,1179,5170
1049,10564,1049.0101264374157,99506,208,156,339,151,127162,75560,2.0372841838683096,117,85,18193,18598,13760,8120,17381,22888,48544,36056,34230,25450,299,222,890,3619,13389,48389,1928,115,566,5217,2090,53,289,767,13027,2297,1185,5164
1050,10564,1050.2203006163884,99506,221,161,339,151,127202,75586,2.037947460454646,109,78,18291,18710,13730,8110,17308,22788,48544,36056,34236,25462,299,222,889,3615,13384,48417,1926,115,569,5211,2085,53,289,766,13019,2296,1188,5163
1051,10564,1051.0234318056612,99506,209,148,339,151,127214,75602,2.0382288505215764,126,78,18362,18780,13706,8118,17256,22723,48544,36056,34242,25473,299,222,889,3614,13365,48451,1925,115,571,5206,2082,53,289,766,13013,2295,1192,5159
1052,10564,1052.2226051518408,99504,200,146,340,152,127248,75628,2.0388728091333013,125,70,18462,18870,13674,8109,17197,22651,48544,36056,34248,25484,299,222,889,3611,13368,48471,1923,115,574,5194,2078,53,287,765,13010,2295,1196,5154
1053,10564,1053.0181948710565,99504,194,146,340,152,127265,75643,2.0391944042450554,130,67,18530,18935,13652,8104,17152,22594,48544,36056,34253,25495,297,222,889,3609,13360,48492,1922,117,573,5189,2077,53,287,765,13006,2294,1199,5153
1054,10564,1054.2065808295154,99504,186,142,340,152,127296,75671,2.0397873452323525,121,57,18647,19040,13624,8108,17080,22499,48544,36056,34258,25505,297,222,888,3601,13364,48516,1918,117,575,5182,2073,53,286,764,13001,2294,1205,5148
1055,10564,1055.3878878440232,99504,184,139,340,152,127325,75687,2.040239588358257,118,62,18743,19127,13602,8099,17011,22419,48544,36056,34263,25515,297,222,886,3600,13355,48541,1917,117,576,5176,2072,53,286,763,12998,2292,1209,5144
1056,10564,1056.172147842037,99504,188,133,340,152,127352,75697,2.040611432706223,106,68,18810,19200,13583,8082,16971,22363,48544,36056,34268,25525,296,221,885,3599,13352,48560,1917,118,576,5171,2072,53,285,763,12993,2290,1209,5144
1057,10564,1057.3434955752007,99504,182,130,340,152,127395,75719,2.0412646727769737,99,61,18883,19320,13570,8080,16924,22255,48544,36056,34273,25535,295,221,883,3595,13342,48592,1915,119,578,5163,2070,53,285,762,12989,2290,1212,5140
1058,10564,1058.1218334803636,99504,187,129,340,152,127417,75732,2.041616417430455,95,61,18951,19385,13551,8074,16874,22197,48544,36056,34278,25544,295,221,882,3594,13343,48600,1915,119,581,5157,2063,53,284,761,12991,2289,1216,5140
1059,10564,1059.2843141808087,99504,184,124,340,152,127445,75747,2.042048560861875,89,65,19061,19504,13515,8055,16809,22098,48544,36056,34282,25553,294,221,882,3594,13334,48626,1913,119,581,5152,2063,53,284,760,12988,2284,1218,5138
1060,10564,1060.055678990071,99504,183,121,340,152,127463,75756,2.0423199067374176,82,65,19142,19576,13490,8041,16761,22043,48544,36056,34286,25562,294,221,882,3595,13326,48644,1913,118,582,5147,2060,53,284,760,12984,2283,1220,5138
1061,10564,1061.2071953403538,99504,182,111,340,152,127488,75771,2.0427219006271105,84,71,19234,19683,13452,8026,16706,21955,48544,36056,34290,25570,294,221,880,3596,13322,48668,1910,118,583,5143,2057,53,284,760,12976,2281,1222,5136
1062,10564,1062.3532925821676,99504,176,112,340,152,127509,75792,2.043143994211288,89,66,19353,19794,13417,8016,16623,21858,48544,36056,34294,25578,294,220,878,3597,13324,48682,1909,118,584,5137,2056,53,284,760,12970,2281,1227,5130
1063,10564,1063.1134596776756,99503,173,109,340,153,127525,75804,2.04344592625348,91,64,19401,19866,13402,8007,16591,21799,48544,36056,34298,25586,294,220,876,3597,13319,48697,1907,118,585,5136,2054,53,284,759,12965,2281,1231,5127
1064,10564,1064.2491107624428,99503,164,113,340,153,127548,75824,2.0438780740279188,88,62,19524,19966,13362,7993,16520,21711,48544,36056,34302,25594,294,220,876,3595,13311,48721,1906,118,583,5133,2054,53,284,759,12961,2276,1233,5126
1065,10564,1065.0023809210547,99503,166,113,340,153,127564,75834,2.044139372682231,94,65,19579,20028,13329,7983,16490,21656,48544,36056,34306,25602,294,220,876,3594,13303,48738,1906,118,584,5129,2052,53,284,759,12958,2276,1235,5124
1066,10564,1066.1279962044084,99503,157,117,340,153,127586,75853,2.0445514205601842,94,63,19687,20131,13299,7961,16421,21573,48544,36056,34310,25609,294,220,876,3593,13301,48758,1903,118,584,5125,2050,53,283,759,12952,2273,1240,5121
1067,10564,1067.2479402601152,99503,160,109,340,153,127617,75869,2.045023768127594,85,65,19785,20239,13264,7944,16364,21488,48544,36056,34314,25616,294,220,876,3590,13300,48778,1902,118,589,5119,2045,53,282,759,12946,2273,1242,5117
1068,10564,1068.362192242109,99503,167,111,340,153,127644,75884,2.0454458659537904,79,68,19887,20357,13227,7910,16298,21399,48544,36056,34317,25623,294,220,876,3591,13299,48793,1900,118,589,5113,2044,53,282,759,12943,2272,1242,5115
1069,10564,1069.101755240125,99503,158,114,340,153,127662,75896,2.0457473644010733,73,68,19935,20420,13216,7901,16276,21342,48544,36056,34320,25630,294,220,876,3590,13296,48808,1898,118,590,5108,2042,52,282,759,12941,2272,1242,5115
1070,10564,1070.2078468846946,99503,154,114,340,153,127678,75920,2.046149362330784,74,58,20025,20520,13183,7893,16222,21260,48544,36056,34323,25637,294,220,876,3589,13293,48830,1897,117,590,5105,2042,52,281,758,12934,2271,1243,5111
1071,10564,1071.30891499923,99503,154,107,340,153,127696,75932,2.046450860778067,78,60,20115,20618,13148,7874,16163,21186,48544,36056,34326,25643,294,220,872,3586,13292,48848,1895,117,592,5104,2040,52,281,758,12929,2270,1246,5107
1072,10564,1072.0402765312053,99503,154,112,340,153,127719,75947,2.0468327588112922,74,62,20171,20675,13128,7866,16131,21130,48544,36056,34329,25649,294,220,872,3585,13296,48858,1893,117,592,5097,2040,52,280,758,12926,2270,1248,5105
1073,10564,1073.1332451903443,99503,155,106,340,153,127740,75958,2.0471543571550606,71,68,20257,20777,13096,7843,16079,21051,48544,36056,34332,25655,294,220,870,3583,13296,48875,1892,117,592,5095,2040,52,280,758,12919,2267,1255,5098
1074,10564,1074.2215232094604,99503,148,115,340,153,127754,75982,2.0475362551882856,86,71,20345,20883,13061,7815,16018,20961,48544,36056,34335,25661,294,219,869,3580,13295,48886,1892,117,592,5089,2039,52,280,758,12921,2267,1258,5095
1075,10564,1075.304968019534,99503,145,120,340,153,127772,76002,2.0479181532215107,92,63,20443,20991,13017,7798,15961,20873,48544,36056,34338,25667,294,219,868,3581,13296,48898,1889,117,592,5083,2039,52,279,757,12919,2267,1262,5091
1076,10564,1076.0243819986722,99503,151,123,340,153,127794,76018,2.0483000512547362,85,52,20500,21067,12997,7784,15925,20819,48544,36056,34341,25673,294,219,868,3583,13287,48914,1887,117,595,5081,2035,52,279,756,12916,2267,1261,5092
1077,10564,1077.0997863819255,99503,151,113,340,153,127826,76033,2.048772398822146,73,56,20581,21173,12981,7765,15872,20738,48544,36056,34344,25678,294,219,867,3578,13291,48937,1886,117,595,5073,2034,52,279,755,12907,2265,1264,5090
1078,10564,1078.1712794525793,99503,148,112,340,153,127846,76046,2.0491040471141573,69,64,20677,21268,12949,7747,15815,20654,48544,36056,34347,25683,292,219,867,3577,13289,48953,1885,119,595,5070,2033,52,279,755,12900,2264,1268,5086
1079,10564,1079.237954120901,99503,141,114,340,153,127865,76065,2.0494859451473824,69,59,20769,21381,12929,7727,15750,20564,48544,36056,34350,25688,292,218,867,3577,13286,48972,1885,119,595,5060,2033,52,279,754,12896,2264,1272,5082
1080,10564,1080.2997018271146,99503,143,120,340,153,127887,76083,2.0498879430770933,71,57,20852,21470,12887,7710,15705,20488,48544,36056,34352,25693,291,216,867,3580,13282,48985,1883,120,595,5056,2033,52,279,754,12892,2264,1276,5078
1081,10564,1081.0051230558306,99503,140,121,340,153,127898,76091,2.0500788920937056,74,57,20914,21538,12863,7691,15667,20438,48544,36056,34354,25698,291,216,867,3582,13277,48995,1880,120,597,5055,2031,52,279,754,12890,2263,1278,5076
1082,10564,1082.0597333334108,99503,133,123,340,153,127924,76106,2.050490939971659,75,53,21002,21635,12840,7671,15608,20363,48544,36056,34356,25703,291,216,866,3580,13271,49023,1880,120,598,5048,2030,52,279,754,12881,2261,1278,5075
1083,10564,1083.1099207309544,99503,126,114,340,153,127941,76117,2.0507723385224566,73,57,21079,21717,12825,7667,15555,20290,48544,36056,34358,25708,290,216,866,3579,13266,49044,1879,121,600,5045,2026,51,279,754,12877,2258,1281,5071
1084,10564,1084.1563452087853,99503,123,112,340,153,127958,76139,2.0511642865039246,77,46,21150,21804,12790,7665,15518,20218,48544,36056,34360,25713,290,215,866,3579,13264,49063,1877,121,603,5045,2022,51,279,754,12868,2256,1280,5070
1085,10564,1085.1992439121366,99503,122,113,340,153,127974,76156,2.051495934795936,76,39,21236,21907,12759,7652,15465,20134,48544,36056,34362,25717,290,215,866,3581,13260,49075,1875,121,604,5045,2021,50,279,754,12862,2255,1286,5064
1086,10564,1086.2381935907117,99503,124,109,340,153,127993,76169,2.051817533139704,81,32,21304,21985,12732,7644,15417,20075,48544,36056,34364,25721,289,215,866,3580,13258,49091,1874,122,603,5041,2021,50,278,754,12856,2254,1292,5059
1087,10564,1087.2737485720957,99503,127,104,340,153,128021,76180,2.052209481121172,67,39,21390,22071,12709,7629,15365,20002,48544,36056,34366,25725,289,215,865,3581,13249,49114,1871,122,604,5041,2018,50,278,754,12849,2253,1291,5059
1088,10564,1088.3052174156057,99503,126,107,340,153,128039,76191,2.0525009296202126,71,45,21461,22145,12683,7615,15317,19933,48544,36056,34368,25729,289,215,864,3578,13249,49123,1871,122,605,5040,2016,50,278,754,12847,2252,1292,5058
1089,10564,1089.3331317492286,99503,113,98,340,153,128051,76201,2.0527220284815533,76,50,21529,22215,12676,7609,15264,19873,48544,36056,34370,25733,288,214,864,3579,13254,49141,1868,123,607,5031,2014,50,277,754,12838,2252,1292,5057
1090,10564,1090.016615451721,99503,118,97,340,153,128067,76206,2.0529330773946515,65,60,21599,22254,12648,7600,15228,19834,48544,36056,34372,25737,288,214,864,3578,13251,49150,1867,123,607,5027,2014,50,277,754,12838,2252,1293,5056
1091,10564,1091.0380235068292,99503,121,97,340,153,128091,76216,2.0532747756349057,54,64,21705,22347,12614,7580,15164,19757,48544,36056,34374,25741,288,214,862,3579,13252,49158,1866,122,607,5023,2013,50,277,754,12835,2253,1295,5055
1092,10564,1092.054767380833,99503,122,99,340,153,128106,76230,2.0535662241339456,57,64,21801,22450,12576,7557,15102,19675,48544,36056,34376,25745,288,214,861,3579,13250,49169,1865,122,609,5019,2011,50,277,753,12834,2253,1295,5054
1093,10564,1093.0669364543842,99503,122,100,340,153,128121,76243,2.053847622684743,57,67,21900,22528,12536,7538,15043,19612,48544,36056,34378,25749,288,214,861,3576,13252,49178,1864,122,608,5018,2010,50,277,753,12829,2253,1298,5052
1094,10564,1094.074503412498,99503,122,102,340,153,128140,76256,2.054169221028512,54,67,21988,22613,12504,7519,14990,19544,48544,36056,34380,25753,288,213,859,3577,13249,49191,1863,121,609,5018,2009,50,276,754,12823,2253,1299,5051
