,indexID,time,N,Inf_L,Inf_H,Dead_L,Dead_H,cum_cases_L,cum_cases_H,cum_sum_per_N,Exposed_L,Exposed_H,Sus_L,Sus_H,Rec_nat_L,Rec_nat_H,Rec_vax_L,Rec_vax_H,vaccinatedH,vaccinatedL,boostedH,boostedL,count_Naive,count_Delta,count_Delta_vaccine,count_two,count_three,count_four,count_Omicron,count_Omicron_star,count_Omicron_star_vaccine,count_Omicron_vaccine,count_Vaccine,count_WT,count_WT_vaccine,count_WT_vaccine_boost,count_Omicron_vaccine_boost,count_Delta_vaccine_boost,count_Omicron_star_vaccine_boost,count_Vaccine_boost
0,10311,1.0051903342232507,99996,10,3,0,0,10,4,0.00014000560022400896,16,21,49972,49973,0,1,0,0,0,0,0,0,99995,0,0,0,0,0,0,0,0,0,0,1,0,0,0,0,0,0
1,10311,2.0297756168514813,99996,12,9,0,0,13,10,0.00023000920036801473,15,16,49970,49972,1,1,0,0,0,0,0,0,99994,0,0,0,0,0,0,0,0,0,0,2,0,0,0,0,0,0
2,10311,3.180837470832867,99996,13,12,0,0,16,14,0.0003000120004800192,12,12,49970,49972,3,2,0,0,0,0,0,0,99991,0,0,0,0,0,0,0,0,0,0,5,0,0,0,0,0,0
3,10311,4.109778334330047,99996,12,12,0,0,18,16,0.00034001360054402175,15,10,49965,49972,6,4,0,0,0,0,0,0,99986,0,0,0,0,0,0,0,0,0,0,10,0,0,0,0,0,0
4,10311,5.014324983422959,99996,10,8,0,0,20,17,0.00037001480059202366,14,10,49964,49971,10,9,0,0,0,0,0,0,99977,0,0,0,0,0,0,0,0,0,0,19,0,0,0,0,0,0
5,10311,6.064071152973718,99996,11,7,0,0,23,19,0.0004200168006720269,14,8,49961,49971,12,12,0,0,0,0,0,0,99972,0,0,0,0,0,0,0,0,0,0,24,0,0,0,0,0,0
6,10311,7.004821056928046,99996,12,7,0,0,26,21,0.00047001880075203006,13,8,49959,49969,14,14,0,0,0,0,0,0,99968,0,0,0,0,0,0,0,0,0,0,28,0,0,0,0,0,0
7,10311,8.005032845672151,99996,14,8,0,0,29,23,0.0005200208008320333,10,8,49959,49967,15,15,0,0,0,0,0,0,99966,0,0,0,0,0,0,0,0,0,0,30,0,0,0,0,0,0
8,10311,9.037907343628246,99996,16,8,0,0,33,24,0.0005700228009120365,9,7,49956,49967,17,16,0,0,0,0,0,0,99963,0,0,0,0,0,0,0,0,0,0,33,0,0,0,0,0,0
9,10311,10.011294745329447,99996,20,10,0,0,39,26,0.0006500260010400416,8,6,49951,49966,19,16,0,0,0,0,0,0,99961,0,0,0,0,0,0,0,0,0,0,35,0,0,0,0,0,0
10,10311,11.019402382953858,99996,20,8,0,0,41,28,0.0006900276011040442,11,5,49946,49965,21,20,0,0,0,0,0,0,99955,0,0,0,0,0,0,0,0,0,0,41,0,0,0,0,0,0
11,10311,12.084758455765085,99996,21,8,0,0,45,29,0.0007400296011840473,12,5,49941,49964,24,21,0,0,0,0,0,0,99951,0,0,0,0,0,0,0,0,0,0,45,0,0,0,0,0,0
12,10311,13.07985835880998,99996,22,8,0,0,50,31,0.0008100324012960519,9,4,49939,49963,28,23,0,0,0,0,0,0,99945,0,0,0,0,0,0,0,0,0,0,51,0,0,0,0,0,0
13,10311,14.035147721802186,99996,21,7,0,0,52,32,0.0008400336013440538,13,4,49934,49962,30,25,0,0,0,0,0,0,99940,0,0,0,0,0,0,0,0,0,0,56,0,0,0,0,0,0
14,10311,15.042366754870372,99996,21,9,0,0,54,35,0.000890035601424057,15,3,49930,49960,32,26,0,0,0,0,0,0,99937,0,0,0,0,0,0,0,0,0,0,59,0,0,0,0,0,0
15,10311,16.288987527727215,99995,26,11,1,0,61,39,0.001000050002500125,11,2,49928,49957,32,28,0,0,0,0,0,0,99933,0,0,0,0,0,0,0,0,0,0,62,0,0,0,0,0,0
16,10311,17.08831855840709,99995,22,11,1,0,62,40,0.0010200510025501275,12,2,49926,49956,37,29,0,0,0,0,0,0,99927,0,0,0,0,0,0,0,0,0,0,68,0,0,0,0,0,0
17,10311,18.053802996909457,99995,22,11,1,0,67,40,0.0010700535026751338,11,5,49923,49953,41,29,0,0,0,0,0,0,99922,0,0,0,0,0,0,0,0,0,0,73,0,0,0,0,0,0
18,10311,19.282003899695646,99995,20,12,1,0,70,43,0.0011300565028251413,12,3,49919,49952,46,31,0,0,0,0,0,0,99915,0,0,0,0,0,0,0,0,0,0,80,0,0,0,0,0,0
19,10311,20.302475547245848,99995,21,11,1,0,72,43,0.0011500575028751438,13,4,49916,49952,47,31,0,0,0,0,0,0,99913,0,0,0,0,0,0,0,0,0,0,82,0,0,0,0,0,0
20,10311,21.05849764149854,99995,20,11,1,0,75,44,0.0011900595029751488,13,3,49913,49952,51,32,0,0,0,0,0,0,99908,0,0,0,0,0,0,0,0,0,0,87,0,0,0,0,0,0
21,10311,22.09964828829437,99995,20,11,1,0,77,46,0.0012300615030751538,14,3,49910,49950,53,34,0,0,0,0,0,0,99904,0,0,0,0,0,0,0,0,0,0,91,0,0,0,0,0,0
22,10311,23.281203907713888,99995,23,10,1,0,84,46,0.0013000650032501625,14,4,49903,49949,57,35,0,0,0,0,0,0,99899,0,0,0,0,0,0,0,0,0,0,96,0,0,0,0,0,0
23,10311,24.00856406830749,99995,24,8,1,0,89,46,0.0013500675033751687,10,7,49902,49946,61,37,0,0,0,0,0,0,99893,0,0,0,0,0,0,0,0,0,0,102,0,0,0,0,0,0
24,10311,25.22269254970283,99995,22,8,1,0,90,47,0.0013700685034251712,13,8,49898,49944,64,38,0,0,0,0,0,0,99889,0,0,0,0,0,0,0,0,0,0,106,0,0,0,0,0,0
25,10311,26.063212104547343,99995,18,6,1,0,91,47,0.0013800690034501725,16,8,49894,49944,69,40,0,0,0,0,0,0,99882,0,0,0,0,0,0,0,0,0,0,113,0,0,0,0,0,0
26,10311,27.02111729303113,99995,21,7,1,0,96,48,0.00144007200360018,14,8,49891,49943,71,40,0,0,0,0,0,0,99880,0,0,0,0,0,0,0,0,0,0,115,0,0,0,0,0,0
27,10311,28.16355921412393,99995,21,7,1,0,102,49,0.0015100755037751887,16,10,49883,49941,77,40,0,0,0,0,0,0,99873,0,0,0,0,0,0,0,0,0,0,122,0,0,0,0,0,0
28,10311,29.28207360945084,99995,25,9,1,0,106,51,0.0015700785039251962,18,9,49877,49940,77,40,0,0,0,0,0,0,99873,0,0,0,0,0,0,0,0,0,0,122,0,0,0,0,0,0
29,10311,30.075241847071958,99995,29,10,1,0,112,53,0.0016500825041252062,14,10,49875,49937,79,41,0,0,0,0,0,0,99870,0,0,0,0,0,0,0,0,0,0,125,0,0,0,0,0,0
30,10311,31.0192688912498,99995,26,14,1,0,117,58,0.0017500875043752187,15,5,49870,49937,86,42,0,0,0,0,0,0,99861,0,0,0,0,0,0,0,0,0,0,134,0,0,0,0,0,0
31,10311,32.01518618992199,99995,30,10,1,0,124,58,0.0018200910045502274,14,7,49864,49935,89,46,0,0,0,0,0,0,99854,0,0,0,0,0,0,0,0,0,0,141,0,0,0,0,0,0
32,10311,33.15255600831776,99995,26,9,1,0,127,59,0.0018600930046502326,23,8,49852,49934,96,47,0,0,0,0,0,0,99845,0,0,0,0,0,0,0,0,0,0,150,0,0,0,0,0,0
33,10311,34.035987371814116,99995,29,9,1,0,134,60,0.0019400970048502426,19,7,49849,49934,100,48,0,0,0,0,0,0,99840,0,0,0,0,0,0,0,0,0,0,155,0,0,0,0,0,0
34,10311,35.14661519501335,99995,31,8,1,0,143,61,0.002040102005100255,17,7,49842,49934,107,49,0,0,0,0,0,0,99831,0,0,0,0,0,0,0,0,0,0,164,0,0,0,0,0,0
35,10311,36.10538711406133,99995,32,7,1,0,146,62,0.00208010400520026,15,11,49841,49929,109,51,0,0,0,0,0,0,99827,0,0,0,0,0,0,0,0,0,0,168,0,0,0,0,0,0
36,10311,37.076451959576566,99995,32,9,1,0,150,65,0.0021501075053752686,16,9,49836,49928,113,52,0,0,0,0,0,0,99822,0,0,0,0,0,0,0,0,0,0,173,0,0,0,0,0,0
37,10311,38.145963473517284,99995,27,8,1,0,155,66,0.002210110505525276,15,9,49832,49927,123,54,0,0,0,0,0,0,99810,0,0,0,0,0,0,0,0,0,0,185,0,0,0,0,0,0
38,10311,39.05062327517148,99995,26,9,1,0,155,67,0.0022201110055502776,18,9,49829,49926,124,54,0,0,0,0,0,0,99809,0,0,0,0,0,0,0,0,0,0,186,0,0,0,0,0,0
39,10311,40.00891599560625,99995,28,10,1,0,157,70,0.0022701135056752836,18,9,49828,49923,123,56,0,0,0,0,0,0,99807,0,0,0,0,0,0,0,0,0,0,188,0,0,0,0,0,0
40,10311,41.054570151307445,99995,29,10,1,0,161,71,0.00232011600580029,16,9,49827,49922,125,57,0,0,0,0,0,0,99803,0,0,0,0,0,0,0,0,0,0,192,0,0,0,0,0,0
41,10311,42.272164614466,99995,24,9,1,0,166,71,0.002370118505925296,16,10,49822,49921,135,58,0,0,0,0,0,0,99792,0,0,0,0,0,0,0,0,0,0,203,0,0,0,0,0,0
42,10311,43.080782985450085,99995,23,13,1,0,167,75,0.0024201210060503025,17,7,49820,49920,137,58,0,0,0,0,0,0,99790,0,0,0,0,0,0,0,0,0,0,205,0,0,0,0,0,0
43,10311,44.04241803048348,99995,24,13,1,0,172,75,0.0024701235061753085,16,10,49816,49918,141,57,0,0,0,0,0,0,99786,0,0,0,0,0,0,0,0,0,0,209,0,0,0,0,0,0
44,10311,45.03553567764788,99995,26,15,1,0,175,78,0.0025301265063253165,15,7,49815,49918,141,58,0,0,0,0,0,0,99784,0,0,0,0,0,0,0,0,0,0,211,0,0,0,0,0,0
45,10311,46.207192447799905,99995,25,14,1,0,180,79,0.002590129506475324,16,6,49809,49918,147,60,0,0,0,0,0,0,99776,0,0,0,0,0,0,0,0,0,0,219,0,0,0,0,0,0
46,10311,47.16883790452572,99995,23,16,1,0,182,82,0.00264013200660033,17,5,49806,49916,151,61,0,0,0,0,0,0,99771,0,0,0,0,0,0,0,0,0,0,224,0,0,0,0,0,0
47,10311,48.06588249662417,99995,27,16,1,0,187,84,0.002710135506775339,17,5,49802,49914,151,63,0,0,0,0,0,0,99768,0,0,0,0,0,0,0,0,0,0,227,0,0,0,0,0,0
48,10311,49.03121948282949,99995,25,16,1,0,193,85,0.0027801390069503475,16,8,49797,49910,159,64,0,0,0,0,0,0,99759,0,0,0,0,0,0,0,0,0,0,236,0,0,0,0,0,0
49,10311,50.10752323466871,99995,23,15,1,0,194,88,0.0028201410070503525,20,5,49793,49911,161,67,0,0,0,0,0,0,99752,0,0,0,0,0,0,0,0,0,0,243,0,0,0,0,0,0
50,10311,51.13976065109471,99995,23,13,1,0,197,88,0.0028501425071253564,22,5,49788,49912,164,68,0,0,0,0,0,0,99747,0,0,0,0,0,0,0,0,0,0,248,0,0,0,0,0,0
51,10311,52.128202586338034,99994,27,13,2,0,206,89,0.002950177010620637,21,5,49785,49911,163,69,0,0,0,0,0,0,99741,0,0,0,0,0,0,0,0,0,0,253,0,0,0,0,0,0
52,10311,53.02472718588984,99994,25,15,2,0,209,91,0.003000180010800648,18,3,49786,49911,167,69,0,0,0,0,0,0,99736,0,0,0,0,0,0,0,0,0,0,258,0,0,0,0,0,0
53,10311,54.10583721885608,99994,29,11,2,0,218,91,0.0030901854111246674,17,7,49778,49907,172,73,0,0,0,0,0,0,99727,0,0,0,0,0,0,0,0,0,0,267,0,0,0,0,0,0
54,10311,55.0241288164344,99994,30,12,2,0,222,94,0.0031601896113766827,15,6,49776,49905,175,75,0,0,0,0,0,0,99722,0,0,0,0,0,0,0,0,0,0,272,0,0,0,0,0,0
55,10311,56.067838327247664,99994,29,12,2,0,225,96,0.0032101926115566935,20,8,49769,49901,178,77,0,0,0,0,0,0,99716,0,0,0,0,0,0,0,0,0,0,278,0,0,0,0,0,0
56,10311,57.13319406955035,99993,26,14,3,0,228,100,0.003280229616073125,21,8,49765,49899,183,77,0,0,0,0,0,0,99708,0,0,0,0,0,0,0,0,0,0,285,0,0,0,0,0,0
57,10311,58.09698876551383,99993,26,14,3,0,231,102,0.0033302331163181423,21,8,49763,49898,185,78,0,0,0,0,0,0,99703,0,0,0,0,0,0,0,0,0,0,290,0,0,0,0,0,0
58,10311,59.26038392224186,99992,22,10,3,1,232,104,0.0033602688215057202,22,7,49761,49897,190,83,0,0,0,0,0,0,99692,0,0,0,0,0,0,0,0,0,0,300,0,0,0,0,0,0
59,10311,60.295440495920545,99992,22,11,3,1,237,106,0.0034302744219537563,22,8,49758,49895,193,83,0,0,0,0,0,0,99686,0,0,0,0,0,0,0,0,0,0,306,0,0,0,0,0,0
60,10311,61.04575203718308,99992,25,13,3,1,243,108,0.0035102808224657975,20,8,49754,49894,196,82,0,0,0,0,0,0,99683,0,0,0,0,0,0,0,0,0,0,309,0,0,0,0,0,0
61,10311,62.22609620892825,99992,27,7,3,1,251,108,0.003590287222977838,19,10,49747,49892,202,88,0,0,0,0,0,0,99671,0,0,0,0,0,0,0,0,0,0,321,0,0,0,0,0,0
62,10311,63.10462787567565,99992,27,9,3,1,255,111,0.0036602928234258742,23,7,49740,49892,205,89,0,0,0,0,0,0,99666,0,0,0,0,0,0,0,0,0,0,326,0,0,0,0,0,0
63,10311,64.19022109415727,99992,28,9,3,1,258,113,0.0037102968237458997,25,5,49736,49893,206,90,0,0,0,0,0,0,99662,0,0,0,0,0,0,0,0,0,0,330,0,0,0,0,0,0
64,10311,65.14825962967176,99992,33,10,3,1,264,115,0.003790303224257941,22,6,49733,49891,207,90,0,0,0,0,0,0,99660,0,0,0,0,0,0,0,0,0,0,332,0,0,0,0,0,0
65,10311,66.25905375142409,99992,32,12,3,1,270,118,0.0038803104248339867,22,5,49728,49889,213,91,0,0,0,0,0,0,99652,0,0,0,0,0,0,0,0,0,0,340,0,0,0,0,0,0
66,10311,67.08506582836885,99992,33,9,3,1,273,119,0.0039203136250900075,23,5,49724,49890,215,93,0,0,0,0,0,0,99646,0,0,0,0,0,0,0,0,0,0,346,0,0,0,0,0,0
67,10311,68.10880043604469,99992,31,10,3,1,278,121,0.003990319225538043,21,5,49721,49888,222,94,0,0,0,0,0,0,99638,0,0,0,0,0,0,0,0,0,0,354,0,0,0,0,0,0
68,10311,69.0331605026567,99992,33,10,3,1,283,121,0.0040403232258580685,17,6,49721,49887,224,94,0,0,0,0,0,0,99635,0,0,0,0,0,0,0,0,0,0,357,0,0,0,0,0,0
69,10311,70.185097290269,99992,35,12,3,1,289,124,0.004130330426434114,19,6,49714,49885,227,94,0,0,0,0,0,0,99630,0,0,0,0,0,0,0,0,0,0,362,0,0,0,0,0,0
70,10311,71.00042101052662,99992,35,11,3,1,292,124,0.0041603328266261305,18,10,49712,49881,230,95,0,0,0,0,0,0,99626,0,0,0,0,0,0,0,0,0,0,366,0,0,0,0,0,0
71,10311,72.15920329892701,99992,34,10,3,1,293,124,0.004170333626690136,23,11,49707,49880,231,96,0,0,0,0,0,0,99623,0,0,0,0,0,0,0,0,0,0,369,0,0,0,0,0,0
72,10311,73.14439443929672,99992,28,11,3,1,297,126,0.004230338427074166,22,10,49705,49880,240,96,0,0,0,0,0,0,99612,0,0,0,0,0,0,0,0,0,0,380,0,0,0,0,0,0
73,10311,74.11767861226127,99992,24,13,3,1,300,128,0.004280342427394192,21,10,49703,49878,247,96,0,0,0,0,0,0,99605,0,0,0,0,0,0,0,0,0,0,387,0,0,0,0,0,0
74,10311,75.08090311321321,99992,25,13,3,1,305,131,0.004360348827906232,23,7,49696,49879,251,98,0,0,0,0,0,0,99598,0,0,0,0,0,0,0,0,0,0,394,0,0,0,0,0,0
75,10311,76.20720223647125,99992,27,11,3,1,310,133,0.004430354428354268,24,5,49690,49880,254,101,0,0,0,0,0,0,99591,0,0,0,0,0,0,0,0,0,0,401,0,0,0,0,0,0
76,10311,77.07482776748574,99992,29,9,3,1,315,134,0.004490359228738299,19,7,49690,49878,257,103,0,0,0,0,0,0,99585,0,0,0,0,0,0,0,0,0,0,407,0,0,0,0,0,0
77,10311,78.01690072327197,99992,29,11,3,1,320,137,0.00457036562925034,19,6,49686,49877,261,103,0,0,0,0,0,0,99579,0,0,0,0,0,0,0,0,0,0,413,0,0,0,0,0,0
78,10311,79.12321670628621,99992,28,9,3,1,324,139,0.004630370429634371,20,9,49683,49872,264,107,0,0,0,0,0,0,99570,0,0,0,0,0,0,0,0,0,0,422,0,0,0,0,0,0
79,10311,80.0092404739903,99992,30,11,3,1,327,142,0.004690375230018401,20,6,49680,49872,265,108,0,0,0,0,0,0,99568,0,0,0,0,0,0,0,0,0,0,424,0,0,0,0,0,0
80,10311,81.05264883874207,99992,31,12,3,1,333,144,0.004770381630530443,22,10,49673,49868,269,107,0,0,0,0,0,0,99562,0,0,0,0,0,0,0,0,0,0,430,0,0,0,0,0,0
81,10311,82.0660073390511,99992,30,13,3,1,337,147,0.004840387230978478,21,13,49670,49862,274,109,0,0,0,0,0,0,99555,0,0,0,0,0,0,0,0,0,0,437,0,0,0,0,0,0
82,10311,83.10399304303337,99992,31,14,3,1,340,150,0.004900392031362509,23,13,49667,49859,274,111,0,0,0,0,0,0,99551,0,0,0,0,0,0,0,0,0,0,441,0,0,0,0,0,0
83,10311,84.15591356658746,99992,30,15,3,1,342,152,0.004940395231618529,24,17,49664,49855,277,110,0,0,0,0,0,0,99547,0,0,0,0,0,0,0,0,0,0,445,0,0,0,0,0,0
84,10311,85.07241789655762,99992,30,20,3,1,346,158,0.005040403232258581,22,12,49662,49854,281,111,0,0,0,0,0,0,99542,0,0,0,0,0,0,0,0,0,0,450,0,0,0,0,0,0
85,10311,86.07299535172305,99992,32,22,3,1,350,164,0.005140411232898632,32,11,49650,49849,281,115,0,0,0,0,0,0,99536,0,0,0,0,0,0,0,0,0,0,456,0,0,0,0,0,0
86,10311,87.11279634534287,99992,32,22,3,1,360,166,0.005260420833666693,32,13,49642,49846,289,116,0,0,0,0,0,0,99524,0,0,0,0,0,0,0,0,0,0,468,0,0,0,0,0,0
87,10311,88.14431958680508,99992,35,19,3,1,365,168,0.0053304264341147295,33,13,49637,49844,290,121,0,0,0,0,0,0,99517,0,0,0,0,0,0,0,0,0,0,475,0,0,0,0,0,0
88,10311,89.00773341922951,99992,35,21,3,1,369,171,0.005400432034562765,36,12,49631,49842,293,122,0,0,0,0,0,0,99512,0,0,0,0,0,0,0,0,0,0,480,0,0,0,0,0,0
89,10311,90.02993992604873,99992,32,20,3,1,374,173,0.005470437635010801,35,11,49627,49842,301,124,0,0,0,0,0,0,99501,0,0,0,0,0,0,0,0,0,0,491,0,0,0,0,0,0
90,10311,91.02344831822872,99992,31,20,3,1,379,175,0.005540443235458836,35,11,49622,49840,307,126,0,0,0,0,0,0,99493,0,0,0,0,0,0,0,0,0,0,499,0,0,0,0,0,0
91,10311,92.1658902089296,99992,32,22,3,1,385,179,0.005640451236098888,33,11,49621,49837,309,127,0,0,0,0,0,0,99486,0,0,0,0,0,0,0,0,0,0,506,0,0,0,0,0,0
92,10311,93.19920472973249,99992,36,22,3,1,393,181,0.005740459236738939,30,13,49618,49833,311,129,0,0,0,0,0,0,99480,0,0,0,0,0,0,0,0,0,0,512,0,0,0,0,0,0
93,10311,94.28659444893593,99992,40,22,3,1,400,185,0.005850468037442995,31,13,49611,49829,313,133,0,0,0,0,0,0,99473,0,0,0,0,0,0,0,0,0,0,519,0,0,0,0,0,0
94,10311,95.20365529352355,99992,46,19,3,1,410,188,0.005980478438275062,28,12,49604,49829,317,137,0,0,0,0,0,0,99463,0,0,0,0,0,0,0,0,0,0,529,0,0,0,0,0,0
95,10311,96.21093480043925,99992,43,20,3,1,415,190,0.006050484038723098,25,14,49602,49825,325,138,0,0,0,0,0,0,99454,0,0,0,0,0,0,0,0,0,0,538,0,0,0,0,0,0
96,10311,97.04780007079565,99992,45,17,3,1,419,191,0.006100488039043123,25,17,49599,49822,326,141,0,0,0,0,0,0,99448,0,0,0,0,0,0,0,0,0,0,544,0,0,0,0,0,0
97,10311,98.16229428201925,99992,46,19,3,1,426,196,0.006220497639811185,25,13,49592,49821,332,144,0,0,0,0,0,0,99439,0,0,0,0,0,0,0,0,0,0,553,0,0,0,0,0,0
98,10311,99.04574447203433,99992,43,19,3,1,433,198,0.006310504840387231,27,11,49584,49822,341,145,0,0,0,0,0,0,99427,0,0,0,0,0,0,0,0,0,0,565,0,0,0,0,0,0
99,10311,100.07807023423024,99992,52,22,3,1,448,201,0.006490519241539323,22,11,49576,49819,345,145,0,0,0,0,0,0,99421,0,0,0,0,0,0,0,0,0,0,571,0,0,0,0,0,0
100,10311,101.0102259551424,99992,48,18,3,1,450,203,0.006530522441795344,24,12,49573,49816,350,151,0,0,0,0,0,0,99409,0,0,0,0,0,0,0,0,0,0,583,0,0,0,0,0,0
101,10311,102.30200978656787,99992,49,22,3,1,459,209,0.00668053444275542,21,12,49568,49811,357,152,0,0,0,0,0,0,99399,0,0,0,0,0,0,0,0,0,0,593,0,0,0,0,0,0
102,10311,103.04551254969783,99992,45,25,3,1,459,213,0.0067205376430114405,24,13,49565,49807,361,152,0,0,0,0,0,0,99394,0,0,0,0,0,0,0,0,0,0,598,0,0,0,0,0,0
103,10311,104.27359593375267,99992,42,23,3,1,463,218,0.006810544843587487,25,14,49560,49801,368,159,0,0,0,0,0,0,99380,0,0,0,0,0,0,0,0,0,0,612,0,0,0,0,0,0
104,10311,105.14704956116105,99992,43,22,3,1,474,219,0.006930554444355548,23,19,49552,49796,377,160,0,0,0,0,0,0,99368,0,0,0,0,0,0,0,0,0,0,624,0,0,0,0,0,0
105,10311,106.10309432119551,99992,43,27,3,1,476,224,0.007000560044803584,28,15,49545,49796,379,159,0,0,0,0,0,0,99366,0,0,0,0,0,0,0,0,0,0,626,0,0,0,0,0,0
106,10311,107.10731994349825,99992,39,35,3,1,485,232,0.007170573645891671,28,17,49539,49786,389,159,0,0,0,0,0,0,99353,0,0,0,0,0,0,0,0,0,0,639,0,0,0,0,0,0
107,10311,108.03616482198906,99992,35,36,3,1,485,235,0.0072005760460836865,34,23,49533,49777,393,161,0,0,0,0,0,0,99347,0,0,0,0,0,0,0,0,0,0,645,0,0,0,0,0,0
108,10311,109.22349606836718,99992,43,41,3,1,496,244,0.007400592047363789,41,19,49516,49773,395,164,0,0,0,0,0,0,99340,0,0,0,0,0,0,0,0,0,0,652,0,0,0,0,0,0
109,10311,110.09438377958644,99992,48,44,3,1,507,249,0.007560604848387871,40,22,49506,49766,401,165,0,0,0,0,0,0,99332,0,0,0,0,0,0,0,0,0,0,660,0,0,0,0,0,0
110,10311,111.08363922710224,99991,46,47,4,1,516,254,0.007700693062375614,42,24,49496,49760,410,166,0,0,0,0,0,0,99319,0,0,0,0,0,0,0,0,0,0,672,0,0,0,0,0,0
111,10311,112.07304139560121,99991,50,45,4,1,524,260,0.007840705663509716,47,23,49485,49755,412,174,0,0,0,0,0,0,99307,0,0,0,0,0,0,0,0,0,0,684,0,0,0,0,0,0
112,10311,113.06259386332437,99991,54,46,4,1,534,267,0.00801072096488684,49,22,49473,49750,418,179,0,0,0,0,0,0,99295,0,0,0,0,0,0,0,0,0,0,696,0,0,0,0,0,0
113,10311,114.05234858199466,99991,53,41,4,1,543,272,0.008150733566020942,54,24,49459,49743,428,189,0,0,0,0,0,0,99275,0,0,0,0,0,0,0,0,0,0,716,0,0,0,0,0,0
114,10311,115.04234849477423,99991,52,37,4,1,552,277,0.008290746167155043,56,26,49449,49736,437,198,0,0,0,0,0,0,99256,0,0,0,0,0,0,0,0,0,0,735,0,0,0,0,0,0
115,10311,116.03256119491144,99991,58,37,4,1,564,282,0.008460761468532169,57,24,49437,49733,442,203,0,0,0,0,0,0,99245,0,0,0,0,0,0,0,0,0,0,746,0,0,0,0,0,0
116,10311,117.02293272614361,99991,64,39,4,1,573,288,0.008610774969747277,56,18,49430,49733,444,207,0,0,0,0,0,0,99238,0,0,0,0,0,0,0,0,0,0,753,0,0,0,0,0,0
117,10311,118.01117993582321,99991,61,40,4,1,590,293,0.008830794771529437,53,19,49418,49730,462,208,0,0,0,0,0,0,99214,0,0,0,0,0,0,0,0,0,0,777,0,0,0,0,0,0
118,10311,119.22579891654766,99991,70,39,4,1,606,299,0.009050814573311599,47,29,49412,49714,465,215,0,0,0,0,0,0,99200,0,0,0,0,0,0,0,0,0,0,791,0,0,0,0,0,0
119,10311,120.21663857003469,99991,65,36,4,1,618,302,0.009200828074526707,46,31,49401,49710,482,220,0,0,0,0,0,0,99177,0,0,0,0,0,0,0,0,0,0,814,0,0,0,0,0,0
120,10311,121.2077421412384,99991,75,39,4,1,633,310,0.009430848776389875,46,28,49390,49705,483,225,0,0,0,0,0,0,99167,0,0,0,0,0,0,0,0,0,0,824,0,0,0,0,0,0
121,10311,122.19898769612468,99991,80,36,4,1,646,313,0.009590863177685992,51,29,49374,49702,489,230,0,0,0,0,0,0,99154,0,0,1,0,0,0,0,0,0,0,836,0,0,0,0,0,0
122,10311,123.19045234870319,99991,90,43,4,1,662,322,0.009840885679711173,55,23,49355,49700,494,231,0,0,0,0,0,0,99146,0,0,1,0,0,0,0,0,0,0,844,0,0,0,0,0,0
123,10311,124.18215341571626,99991,87,37,4,1,673,322,0.009950895580602255,53,28,49347,49696,507,236,0,0,0,0,0,0,99126,0,0,1,0,0,0,0,0,0,0,864,0,0,0,0,0,0
124,10311,125.174044802102,99991,85,37,4,1,682,328,0.010100909081817364,59,32,49333,49686,517,242,0,0,0,0,0,0,99109,0,0,1,0,0,0,0,0,0,0,881,0,0,0,0,0,0
125,10311,126.16616008944439,99991,84,38,4,1,695,338,0.010330929783680531,62,29,49319,49681,529,249,0,0,0,0,0,0,99086,0,0,1,0,0,0,0,0,0,0,904,0,0,0,0,0,0
126,10311,127.15857683105442,99991,85,43,4,1,707,347,0.010540948685381685,69,25,49302,49677,538,252,0,0,0,0,0,0,99071,0,0,1,0,0,0,0,0,0,0,919,0,0,0,0,0,0
127,10311,128.15124706062332,99991,91,41,4,1,725,350,0.010750967587082837,63,31,49291,49671,549,254,0,0,0,0,0,0,99054,0,0,1,0,0,0,0,0,0,0,936,0,0,0,0,0,0
128,10311,129.14411466862515,99991,92,41,4,1,738,358,0.010960986488783991,67,30,49274,49666,561,260,0,0,0,0,0,0,99035,0,0,2,0,0,0,0,0,0,0,954,0,0,0,0,0,0
129,10311,130.13723073310626,99991,91,44,4,1,756,368,0.011241011691052195,61,31,49266,49656,576,266,0,0,0,0,0,0,99009,0,0,2,0,0,0,0,0,0,0,980,0,0,0,0,0,0
130,10311,131.13056434461134,99991,92,51,4,1,769,377,0.011461031492834355,60,35,49256,49645,586,266,0,0,0,0,0,0,98995,0,0,2,0,0,0,0,0,0,0,994,0,0,0,0,0,0
131,10311,132.1240737385863,99991,91,54,4,1,783,387,0.01170105309477853,59,37,49245,49634,599,272,0,0,0,0,0,0,98973,0,0,2,0,0,0,0,0,0,0,1016,0,0,0,0,0,0
132,10311,133.11778045188797,99991,98,55,4,1,801,395,0.01196107649688472,60,38,49227,49627,609,277,0,0,0,0,0,0,98955,0,0,2,0,0,0,0,0,0,0,1034,0,0,0,0,0,0
133,10311,134.11177019960542,99991,101,59,4,1,819,409,0.012281105299476952,58,34,49211,49618,624,286,0,0,0,0,0,0,98930,0,0,2,0,0,0,0,0,0,0,1059,0,0,0,0,0,0
134,10311,135.10606200118403,99991,104,65,4,1,833,425,0.012581132301907171,57,25,49199,49614,634,293,0,0,0,0,0,0,98910,0,0,3,0,0,0,0,0,0,0,1078,0,0,0,0,0,0
135,10311,136.10060024746053,99991,111,58,4,1,850,430,0.012801152103689333,61,26,49179,49609,643,304,0,0,0,0,0,0,98888,0,0,3,0,0,0,0,0,0,0,1100,0,0,0,0,0,0
136,10311,137.0954701261264,99991,109,58,4,1,868,437,0.013051174605714514,65,26,49159,49603,661,310,0,0,0,0,0,0,98861,0,0,3,0,0,0,0,0,0,0,1127,0,0,0,0,0,0
137,10311,138.09068510485216,99990,110,59,5,1,884,444,0.013281328132813281,65,28,49146,49595,672,315,0,0,0,0,0,0,98840,0,0,3,0,0,0,0,0,0,0,1147,0,0,0,0,0,0
138,10311,139.08613970338746,99990,112,59,5,1,902,453,0.013551355135513551,74,29,49120,49587,687,322,0,0,0,0,0,0,98816,0,0,4,0,0,0,0,0,0,0,1170,0,0,0,0,0,0
139,10311,140.0819587254104,99990,115,65,5,1,918,466,0.013841384138413841,67,24,49114,49579,697,329,0,0,0,0,0,0,98796,0,0,4,0,0,0,0,0,0,0,1190,0,0,0,0,0,0
140,10311,141.07793936746256,99990,117,64,5,1,939,475,0.014141414141414142,64,23,49102,49573,710,337,0,0,0,0,0,0,98767,0,0,4,0,0,0,0,0,0,0,1219,0,0,0,0,0,0
141,10311,142.07419532333486,99990,119,56,5,1,955,479,0.014341434143414341,70,33,49083,49560,721,348,0,0,0,0,0,0,98741,0,0,4,0,0,0,0,0,0,0,1245,0,0,0,0,0,0
142,10311,143.07077519805785,99990,126,64,5,1,977,491,0.014681468146814682,59,30,49075,49553,733,350,0,0,0,0,0,0,98722,0,0,4,0,0,0,0,0,0,0,1264,0,0,0,0,0,0
143,10311,144.0675390226143,99990,121,60,5,1,988,501,0.014891489148914892,69,27,49058,49548,745,362,0,0,0,0,0,0,98693,0,0,5,0,0,0,0,0,0,0,1292,0,0,0,0,0,0
144,10311,145.0646285132433,99990,132,61,5,1,1015,507,0.01522152215221522,58,29,49044,49540,759,367,0,0,0,0,0,0,98672,0,0,5,0,0,0,0,0,0,0,1313,0,0,0,0,0,0
145,10311,146.06200089515409,99990,124,60,5,1,1023,515,0.01538153815381538,77,32,49020,49530,772,375,0,0,0,0,0,0,98647,0,0,5,0,0,0,0,0,0,0,1338,0,0,0,0,0,0
146,10311,147.059756514291,99990,111,57,5,1,1036,524,0.015601560156015602,91,37,48998,49517,793,386,0,0,0,0,0,0,98609,0,0,5,0,0,0,0,0,0,0,1376,0,0,0,0,0,0
147,10311,148.05788265983082,99989,128,58,6,1,1067,530,0.01597175689325826,77,40,48984,49510,803,389,0,0,0,0,0,0,98590,0,0,5,0,0,0,0,0,0,0,1394,0,0,0,0,0,0
148,10311,149.05628222425085,99989,135,64,6,1,1088,539,0.01627178989688866,74,42,48966,49500,817,391,0,0,0,0,0,0,98573,0,0,5,0,0,0,0,0,0,0,1411,0,0,0,0,0,0
149,10311,150.0549545568864,99989,132,59,6,1,1108,545,0.016531818500035003,73,45,48949,49495,838,398,0,0,0,0,0,0,98539,0,0,5,0,0,0,0,0,0,0,1445,0,0,0,0,0,0
150,10311,151.05402583962666,99989,115,59,6,1,1115,559,0.016741841602576284,93,39,48924,49488,860,411,0,0,0,0,0,0,98501,0,0,5,0,0,0,0,0,0,0,1483,0,0,0,0,0,0
151,10311,152.05354502166247,99989,115,55,6,1,1127,566,0.016931862504875536,102,42,48906,49479,869,421,0,0,0,0,0,0,98478,0,0,5,0,0,0,0,0,0,0,1506,0,0,0,0,0,0
152,10311,153.05343746257765,99989,115,60,6,1,1147,578,0.017251897708747962,102,38,48887,49473,888,426,0,0,0,0,0,0,98451,0,0,5,0,0,0,0,0,0,0,1533,0,0,0,0,0,0
153,10311,154.0537125939026,99989,114,58,6,1,1166,583,0.01749192411165228,108,46,48864,49463,906,430,0,0,0,0,0,0,98424,0,0,5,0,0,0,0,0,0,0,1560,0,0,0,0,0,0
154,10311,155.05433142302874,99989,125,65,6,1,1191,599,0.017901969216613828,99,40,48852,49455,916,437,0,0,0,0,0,0,98401,0,0,5,0,0,0,0,0,0,0,1583,0,0,0,0,0,0
155,10311,156.05517848753865,99989,125,58,6,1,1215,605,0.018202002220244227,91,46,48838,49443,938,450,0,0,0,0,0,0,98364,0,0,5,0,0,0,0,0,0,0,1620,0,0,0,0,0,0
156,10311,157.0563603850504,99989,134,64,6,1,1239,616,0.018552040724479694,87,47,48822,49433,949,453,0,0,0,0,0,0,98344,0,0,5,0,0,0,0,0,0,0,1640,0,0,0,0,0,0
157,10311,158.05782636224518,99989,144,63,6,1,1263,622,0.018852073728110093,83,55,48805,49420,960,459,0,0,0,0,0,0,98323,0,0,5,0,0,0,0,0,0,0,1661,0,0,0,0,0,0
158,10311,159.05957425082596,99989,137,60,6,1,1280,630,0.019102101231135427,83,56,48790,49413,982,468,0,0,0,0,0,0,98290,0,0,7,0,0,0,0,0,0,0,1692,0,0,0,0,0,0
159,10311,160.06170349667258,99989,135,60,6,1,1296,643,0.01939213313464481,100,52,48757,49405,1000,480,0,0,0,0,0,0,98259,0,0,7,0,0,0,0,0,0,0,1723,0,0,0,0,0,0
160,10311,161.06435421046814,99989,146,69,6,1,1322,659,0.01981217933972737,98,43,48738,49399,1010,486,0,0,0,0,0,0,98237,0,0,7,0,0,0,0,0,0,0,1745,0,0,0,0,0,0
161,10311,162.06730341360569,99989,141,66,6,1,1339,668,0.020072207942873715,106,47,48719,49387,1026,497,0,0,0,0,0,0,98204,0,0,8,0,0,0,0,0,0,0,1777,0,0,0,0,0,0
162,10311,163.07060845599216,99989,142,70,6,1,1363,678,0.02041224534698817,108,47,48700,49377,1042,503,0,0,0,0,0,0,98175,0,0,8,0,0,0,0,0,0,0,1806,0,0,0,0,0,0
163,10311,164.07429853531767,99989,147,69,6,1,1393,687,0.020802288251707688,97,50,48683,49366,1065,512,0,0,0,0,0,0,98140,0,0,8,0,0,0,0,0,0,0,1841,0,0,0,0,0,0
164,10311,165.07836523993768,99989,141,67,6,1,1416,695,0.0211123223554591,93,54,48671,49357,1087,519,0,0,0,0,0,0,98101,0,0,8,0,0,0,0,0,0,0,1880,0,0,0,0,0,0
165,10311,166.08274500915323,99989,146,63,6,1,1434,705,0.021392353158847473,95,56,48658,49346,1093,532,0,0,0,0,0,0,98074,0,0,8,0,0,0,0,0,0,0,1907,0,0,0,0,0,0
166,10311,167.08735040561564,99989,146,70,6,1,1456,722,0.02178239606356699,97,54,48635,49334,1114,539,0,0,0,0,0,0,98042,0,0,8,0,0,0,0,0,0,0,1939,0,0,0,0,0,0
167,10311,168.09235395027505,99989,150,77,6,1,1475,736,0.02211243236756043,92,57,48625,49320,1125,543,0,0,0,0,0,0,98021,0,0,9,0,0,0,0,0,0,0,1959,0,0,0,0,0,0
168,10311,169.09758590551624,99989,147,79,6,1,1492,748,0.022402464271069816,103,55,48603,49310,1139,553,0,0,0,0,0,0,97991,0,0,9,0,0,0,0,0,0,0,1989,0,0,0,0,0,0
169,10311,170.10317053103896,99989,158,77,6,1,1521,758,0.022792507175789338,92,57,48589,49300,1153,563,0,0,0,0,0,0,97961,0,0,9,0,0,0,0,0,0,0,2019,0,0,0,0,0,0
170,10311,171.10906875215136,99989,155,79,6,1,1539,769,0.023082539079298723,96,56,48569,49294,1172,568,0,0,0,0,0,0,97932,0,0,10,0,0,0,0,0,0,0,2047,0,0,0,0,0,0
171,10311,172.11532533566694,99989,153,83,6,1,1564,783,0.02347258198401824,98,60,48547,49277,1194,577,0,0,0,0,0,0,97895,0,0,10,0,0,0,0,0,0,0,2084,0,0,0,0,0,0
172,10311,173.12199729916802,99989,152,83,6,1,1582,792,0.0237426116872856,99,68,48533,49264,1208,582,0,0,0,0,0,0,97867,0,0,10,0,0,0,0,0,0,0,2112,0,0,0,0,0,0
173,10311,174.12895124314622,99989,145,91,6,1,1605,813,0.02418266009261019,101,62,48513,49250,1233,594,0,0,0,0,0,0,97825,0,0,11,0,0,0,0,0,0,0,2153,0,0,0,0,0,0
174,10311,175.1363430980013,99989,148,92,6,1,1628,826,0.024542699696966666,106,63,48487,49239,1251,603,0,0,0,0,0,0,97793,0,0,11,0,0,0,0,0,0,0,2185,0,0,0,0,0,0
175,10311,176.14420405409433,99988,153,93,7,1,1654,841,0.02495299435932312,94,63,48477,49224,1267,617,0,0,0,0,0,0,97758,0,0,11,0,0,0,0,0,0,0,2219,0,0,0,0,0,0
176,10311,177.15234790082704,99987,156,95,8,1,1679,852,0.025313290727794615,92,61,48457,49219,1285,622,0,0,0,0,0,0,97729,0,0,13,0,0,0,0,0,0,0,2245,0,0,0,0,0,0
177,10311,178.16087886853015,99987,152,96,8,1,1698,869,0.025673337533879403,100,56,48437,49208,1301,637,0,0,0,0,0,0,97690,0,0,13,0,0,0,0,0,0,0,2284,0,0,0,0,0,0
178,10311,179.1697711882196,99987,148,91,8,1,1715,879,0.025943372638443,113,58,48408,49202,1321,646,0,0,0,0,0,0,97654,0,0,13,0,0,0,0,0,0,0,2320,0,0,0,0,0,0
179,10311,180.17919162985018,99987,147,99,8,1,1738,898,0.026363427245541922,112,50,48391,49193,1340,655,0,0,0,0,0,0,97620,0,0,14,0,0,0,0,0,0,0,2353,0,0,0,0,0,0
180,10311,181.1889850934064,99987,150,98,8,1,1765,910,0.026753477952133776,114,48,48367,49187,1359,664,0,0,0,0,0,0,97583,0,0,14,0,0,0,0,0,0,0,2390,0,0,0,0,0,0
181,10311,182.19921136728334,99987,151,104,8,1,1790,922,0.027123526058387592,113,47,48349,49178,1377,668,0,0,0,0,0,0,97553,0,0,14,0,0,0,0,0,0,0,2420,0,0,0,0,0,0
182,10311,183.20979906278225,99987,156,103,8,1,1819,938,0.02757358456599358,108,52,48331,49158,1395,684,0,0,0,0,0,0,97512,0,0,14,0,0,0,0,0,0,0,2461,0,0,0,0,0,0
183,10311,184.22074702674774,99987,155,109,8,1,1845,958,0.02803364437376859,117,51,48301,49139,1417,698,0,0,0,0,0,0,97472,0,0,15,0,0,0,0,0,0,0,2500,0,0,0,0,0,0
184,10311,185.23220371188742,99987,165,107,8,1,1878,969,0.028473701581205556,108,51,48279,49130,1438,709,0,0,0,0,0,0,97436,0,0,15,0,0,0,0,0,0,0,2536,0,0,0,0,0,0
185,10311,186.2441771357163,99987,160,100,8,1,1901,981,0.028823747087121324,110,55,48257,49119,1463,723,0,0,0,0,0,0,97391,0,0,17,0,0,0,0,0,0,0,2579,0,0,0,0,0,0
186,10311,187.25664792950508,99986,165,99,9,1,1926,993,0.02919408717220411,120,56,48227,49107,1477,735,0,0,0,0,0,0,97358,0,0,17,0,0,0,0,0,0,0,2611,0,0,0,0,0,0
187,10311,188.26954205965185,99986,180,111,9,1,1961,1014,0.029754165583181644,111,50,48207,49093,1491,743,0,0,0,0,0,0,97329,0,0,17,0,0,0,0,0,0,0,2640,0,0,0,0,0,0
188,10311,189.28277875382207,99986,174,115,9,1,1980,1029,0.030094213189846578,128,53,48179,49076,1508,753,0,0,0,0,0,0,97293,0,0,17,0,0,0,0,0,0,0,2676,0,0,0,0,0,0
189,10311,190.2964628871831,99986,164,107,9,1,2002,1037,0.0303942551957274,141,59,48151,49064,1533,767,0,0,0,0,0,0,97245,0,0,17,0,0,0,0,0,0,0,2724,0,0,0,0,0,0
190,10311,191.31072569357997,99986,162,102,9,1,2033,1049,0.03082431540415658,143,64,48125,49048,1559,783,0,0,0,0,0,0,97196,0,0,18,0,0,0,0,0,0,0,2772,0,0,0,0,0,0
191,10311,192.32546517863614,99986,177,109,9,1,2068,1072,0.03140439661552617,132,58,48106,49034,1574,796,0,0,0,0,0,0,97163,0,0,21,0,0,0,0,0,0,0,2802,0,0,0,0,0,0
192,10311,193.00218582837238,99986,185,103,9,1,2086,1077,0.0316344288200348,140,60,48082,49028,1582,806,0,0,0,0,0,0,97143,0,0,22,0,0,0,0,0,0,0,2821,0,0,0,0,0,0
193,10311,194.0176866215873,99986,185,102,9,1,2117,1087,0.03204448622807193,142,64,48053,49019,1609,812,0,0,0,0,0,0,97101,0,0,22,0,0,0,0,0,0,0,2863,0,0,0,0,0,0
194,10311,195.03380703955185,99986,192,100,9,1,2156,1104,0.03260456463904947,126,60,48035,49006,1636,831,0,0,0,0,0,0,97050,0,0,22,0,0,0,0,0,0,0,2914,0,0,0,0,0,0
195,10311,196.0503541085525,99986,195,100,9,1,2194,1122,0.033164643050027004,106,53,48025,48999,1663,845,0,0,0,0,0,0,96997,0,0,22,0,0,0,0,0,0,0,2967,0,0,0,0,0,0
196,10311,197.06734311124484,99986,200,96,9,1,2221,1131,0.03352469345708399,112,57,47998,48988,1679,856,0,0,0,0,0,0,96962,0,0,22,0,0,0,0,0,0,0,3002,0,0,0,0,0,0
197,10311,198.0848014179055,99985,205,97,10,1,2250,1142,0.033925088763314494,110,61,47975,48977,1698,862,0,0,0,0,0,0,96929,0,0,23,0,0,0,0,0,0,0,3033,0,0,0,0,0,0
198,10311,199.10269648230783,99985,197,97,10,1,2275,1155,0.03430514577186578,122,68,47945,48961,1724,871,0,0,0,0,0,0,96883,0,0,23,0,0,0,0,0,0,0,3079,0,0,0,0,0,0
199,10311,200.12114156844092,99985,191,95,10,1,2307,1164,0.03471520728109216,118,73,47925,48949,1754,880,0,0,0,0,0,0,96835,0,0,24,0,0,0,0,0,0,0,3126,0,0,0,0,0,0
200,10311,201.14010193009392,99985,186,93,10,1,2333,1176,0.03509526428964345,118,71,47907,48944,1777,889,0,0,0,0,0,0,96790,0,0,24,0,0,0,0,0,0,0,3171,0,0,0,0,0,0
201,10311,202.1595749397289,99985,186,91,10,1,2359,1195,0.035545331799769965,121,72,47881,48928,1800,906,0,0,0,0,0,0,96745,0,0,26,0,0,0,0,0,0,0,3214,0,0,0,0,0,0
202,10311,203.17955292223263,99985,193,97,10,1,2389,1212,0.03601540231034655,116,66,47858,48920,1821,914,0,0,0,0,0,0,96712,0,0,27,0,0,0,0,0,0,0,3246,0,0,0,0,0,0
203,10311,204.19998018655292,99985,195,99,10,1,2418,1228,0.03646546982047307,127,72,47823,48903,1843,923,0,0,0,0,0,0,96671,0,0,27,0,0,0,0,0,0,0,3287,0,0,0,0,0,0
204,10311,205.22094597933295,99985,205,103,10,1,2456,1247,0.037035555333299996,123,65,47797,48897,1863,932,0,0,0,0,0,0,96629,0,0,28,0,0,0,0,0,0,0,3328,0,0,0,0,0,0
205,10311,206.24243435956137,99985,205,105,10,1,2489,1266,0.03755563334500175,122,69,47771,48876,1890,947,0,0,0,0,0,0,96579,0,0,28,0,0,0,0,0,0,0,3378,0,0,0,0,0,0
206,10311,207.26445418573698,99985,201,105,10,1,2522,1279,0.0380157023553533,119,79,47750,48854,1918,959,0,0,0,0,0,0,96529,0,0,28,0,0,0,0,0,0,0,3428,0,0,0,0,0,0
207,10311,208.28692299852352,99985,209,104,10,1,2558,1296,0.03854578186728009,105,79,47741,48841,1933,973,0,0,0,0,0,0,96485,0,0,30,0,0,0,0,0,0,0,3470,0,0,0,0,0,0
208,10311,209.30977260736898,99985,195,103,10,1,2586,1308,0.038945841876281445,107,78,47716,48835,1970,981,0,0,0,0,0,0,96432,0,0,32,0,0,0,0,0,0,0,3521,0,0,0,0,0,0
209,10311,210.33318103334997,99985,198,114,10,1,2614,1330,0.03944591688753313,103,67,47698,48826,1989,990,0,0,0,0,0,0,96398,0,0,34,0,0,0,0,0,0,0,3553,0,0,0,0,0,0
210,10311,211.01567771950982,99985,198,115,10,1,2635,1344,0.03979596939540931,102,61,47681,48821,2007,1000,0,0,0,0,0,0,96364,0,0,34,0,0,0,0,0,0,0,3587,0,0,0,0,0,0
211,10311,212.03987352071647,99985,198,115,10,1,2662,1362,0.04024603690553583,102,60,47659,48807,2029,1015,0,0,0,0,0,0,96321,0,0,36,0,0,0,0,0,0,0,3628,0,0,0,0,0,0
212,10311,213.06457257547737,99985,198,108,10,1,2686,1376,0.040626093914087114,112,69,47634,48789,2044,1031,0,0,0,0,0,0,96276,0,0,36,0,0,0,0,0,0,0,3673,0,0,0,0,0,0
213,10311,214.08972914792426,99985,205,111,10,1,2721,1390,0.041116167425113766,110,67,47610,48785,2063,1034,0,0,0,0,0,0,96237,0,0,36,0,0,0,0,0,0,0,3712,0,0,0,0,0,0
214,10311,215.11535974174464,99985,194,104,10,1,2746,1402,0.041486222933440016,122,73,47582,48771,2090,1049,0,0,0,0,0,0,96184,0,0,38,0,0,0,0,0,0,0,3763,0,0,0,0,0,0
215,10311,216.14159089874104,99985,188,109,10,1,2771,1424,0.0419562934440166,129,61,47554,48766,2117,1061,0,0,0,0,0,0,96136,0,0,38,0,0,0,0,0,0,0,3811,0,0,0,0,0,0
216,10311,217.16838563409902,99985,193,104,10,1,2804,1436,0.04240636095414312,135,75,47532,48745,2128,1073,0,0,0,0,0,0,96094,0,0,41,0,0,0,0,0,0,0,3850,0,0,0,0,0,0
217,10311,218.19555446915533,99985,193,118,10,1,2844,1464,0.04308646296944542,130,68,47502,48727,2163,1084,0,0,0,0,0,0,96041,0,0,42,0,0,0,0,0,0,0,3902,0,0,0,0,0,0
218,10311,219.22329744441242,99985,196,120,10,1,2880,1481,0.04361654248137221,129,68,47479,48715,2184,1094,0,0,0,0,0,0,95995,0,0,44,0,0,0,0,0,0,0,3946,0,0,0,0,0,0
219,10311,220.25161707607603,99985,207,121,10,1,2914,1505,0.04419662949442416,126,63,47457,48698,2198,1115,0,0,0,0,0,0,95950,0,0,45,0,0,0,0,0,0,0,3990,0,0,0,0,0,0
220,10311,221.2803283207421,99985,207,126,10,1,2940,1525,0.044656698504775716,131,58,47431,48687,2219,1126,0,0,0,0,0,0,95910,0,0,46,0,0,0,0,0,0,0,4029,0,0,0,0,0,0
221,10311,222.30954657792157,99984,201,120,11,1,2969,1535,0.04504720755320851,140,59,47400,48681,2246,1137,0,0,0,0,0,0,95860,0,0,47,0,0,0,0,0,0,0,4077,0,0,0,0,0,0
222,10311,223.33942183310947,99984,209,116,11,1,3009,1546,0.045557289166266605,136,59,47369,48673,2273,1149,0,0,0,0,0,0,95814,0,0,48,0,0,0,0,0,0,0,4122,0,0,0,0,0,0
223,10311,224.02638839187853,99984,215,110,11,1,3034,1555,0.045897343574971994,139,53,47344,48674,2289,1160,0,0,0,0,0,0,95780,0,0,48,0,0,0,0,0,0,0,4156,0,0,0,0,0,0
224,10311,225.05737866897266,99982,211,115,13,1,3075,1573,0.04648836790622312,137,50,47320,48669,2317,1163,0,0,0,0,0,0,95725,0,0,51,0,0,0,0,0,0,0,4206,0,0,0,0,0,0
225,10311,226.08891598708692,99982,229,112,13,1,3120,1585,0.047058470524694446,120,67,47301,48645,2335,1173,0,0,0,0,0,0,95684,0,0,52,0,0,0,0,0,0,0,4246,0,0,0,0,0,0
226,10311,227.12080491346146,99981,226,120,14,1,3153,1606,0.047599043818325484,116,68,47287,48626,2355,1183,0,0,0,0,0,0,95635,0,0,52,0,0,0,0,0,0,0,4294,0,0,0,0,0,0
227,10311,228.15305426729452,99981,223,116,14,1,3183,1620,0.0480391274342125,124,77,47256,48610,2381,1194,0,0,0,0,0,0,95587,0,0,55,0,0,0,0,0,0,0,4339,0,0,0,0,0,0
228,10311,229.1859153303322,99981,223,112,14,1,3214,1636,0.04850921675118273,130,78,47227,48598,2404,1209,0,0,0,0,0,0,95537,0,0,56,0,0,0,0,0,0,0,4388,0,0,0,0,0,0
229,10311,230.21933970653183,99981,227,116,14,1,3251,1654,0.0490593212710415,133,75,47200,48586,2424,1220,0,0,0,0,0,0,95490,0,0,56,0,0,0,0,0,0,0,4435,0,0,0,0,0,0
230,10311,231.25325331846093,99981,237,126,14,1,3288,1679,0.04967943909342775,141,65,47164,48577,2442,1229,0,0,0,0,0,0,95449,0,0,57,0,0,0,0,0,0,0,4475,0,0,0,0,0,0
231,10311,232.28771700493203,99981,236,126,14,1,3321,1691,0.05012952460967584,150,74,47130,48559,2468,1238,0,0,0,0,0,0,95404,0,0,58,0,0,0,0,0,0,0,4519,0,0,0,0,0,0
232,10311,233.32289953979017,99981,231,122,14,1,3362,1709,0.05071963673097889,144,68,47102,48554,2507,1253,0,0,0,0,0,0,95337,0,0,59,0,0,0,0,0,0,0,4585,0,0,0,0,0,0
233,10311,234.0134319638026,99981,236,123,14,1,3386,1719,0.05105970134325522,144,71,47086,48546,2518,1257,0,0,0,0,0,0,95309,0,0,59,0,0,0,0,0,0,0,4613,0,0,0,0,0,0
234,10311,235.04964826347333,99981,256,124,14,1,3428,1736,0.05164981346455826,156,72,47040,48532,2532,1269,0,0,0,0,0,0,95271,0,0,59,0,0,0,0,0,0,0,4651,0,0,0,0,0,0
235,10311,236.0864538902275,99981,240,129,14,1,3458,1760,0.05218991608405597,160,66,47021,48518,2563,1284,0,0,0,0,0,0,95208,0,0,61,0,0,0,0,0,0,0,4712,0,0,0,0,0,0
236,10311,237.12382442550896,99981,259,122,14,1,3509,1773,0.05283003770716436,135,64,47004,48509,2586,1302,0,0,0,0,0,0,95160,0,0,65,0,0,0,0,0,0,0,4756,0,0,0,0,0,0
237,10311,238.16167823077996,99981,263,121,14,1,3555,1788,0.053440153629189545,130,69,46973,48491,2618,1316,0,0,0,0,0,0,95103,0,0,66,0,0,0,0,0,0,0,4812,0,0,0,0,0,0
238,10311,239.20017846399034,99981,281,121,14,1,3598,1808,0.05407027335193687,132,73,46936,48475,2635,1328,0,0,0,0,0,0,95063,0,0,71,0,0,0,0,0,0,0,4847,0,0,0,0,0,0
239,10311,240.23931189089694,99981,264,126,14,1,3638,1833,0.05472039687540633,130,65,46916,48463,2674,1343,0,0,0,0,0,0,94988,0,0,73,0,0,0,0,0,0,0,4920,0,0,0,0,0,0
240,10311,241.2791517757885,99981,262,123,14,1,3671,1847,0.05519048619237655,139,70,46886,48450,2697,1354,0,0,0,0,0,0,94936,0,0,73,0,0,0,0,0,0,0,4972,0,0,0,0,0,0
241,10311,242.3195117473671,99981,260,130,14,1,3709,1867,0.05577059641331853,138,65,46859,48443,2727,1359,0,0,0,0,0,0,94884,0,0,74,0,0,0,0,0,0,0,5023,0,0,0,0,0,0
242,10311,243.0134245744396,99981,260,127,14,1,3728,1879,0.056080655324511654,150,75,46837,48423,2737,1372,0,0,0,0,0,0,94850,0,0,74,0,0,0,0,0,0,0,5057,0,0,0,0,0,0
243,10311,244.05475975374767,99981,250,128,14,1,3761,1899,0.05661075604364829,167,74,46794,48406,2773,1389,0,0,0,0,0,0,94788,0,0,74,0,0,0,0,0,0,0,5119,0,0,0,0,0,0
244,10311,245.09695505537098,99981,263,125,14,1,3803,1916,0.05720086816495134,163,89,46768,48379,2790,1404,0,0,0,0,0,0,94740,0,0,75,0,0,0,0,0,0,0,5166,0,0,0,0,0,0
245,10311,246.13957538301017,99981,270,143,14,1,3850,1949,0.05800102019383683,165,90,46734,48351,2815,1413,0,0,0,0,0,0,94686,0,0,76,0,0,0,0,0,0,0,5219,0,0,0,0,0,0
246,10311,247.18279262774365,99981,282,136,14,1,3908,1962,0.0587111551194727,149,97,46706,48337,2847,1427,0,0,0,0,0,0,94621,0,0,77,0,0,0,0,0,0,0,5283,0,0,0,0,0,0
247,10311,248.2266123981527,99981,279,150,14,1,3950,1995,0.05946129764655284,150,89,46677,48316,2878,1442,0,0,0,0,0,0,94560,0,0,80,0,0,0,0,0,0,0,5341,0,0,0,0,0,0
248,10311,249.27110592756952,99981,285,158,14,1,3993,2024,0.06018143447254978,165,78,46632,48301,2902,1460,0,0,0,0,0,0,94505,0,0,83,0,0,0,0,0,0,0,5393,0,0,0,0,0,0
249,10311,250.31637595435683,99980,280,160,15,1,4039,2046,0.0608621724344869,165,91,46601,48272,2937,1474,0,0,0,0,0,0,94439,0,0,88,0,0,0,0,0,0,0,5453,0,0,0,0,0,0
250,10311,251.01360712473283,99979,273,157,16,1,4069,2063,0.06133287990478,170,92,46571,48258,2968,1490,0,0,0,0,0,0,94385,0,0,91,0,0,0,0,0,0,0,5503,0,0,0,0,0,0
251,10311,252.06018993240104,99979,289,153,16,1,4123,2087,0.06211304373918523,163,100,46537,48232,2993,1512,0,0,0,0,0,0,94324,0,0,96,0,0,0,0,0,0,0,5559,0,0,0,0,0,0
252,10311,253.10747873700876,99979,295,161,16,1,4172,2112,0.06285319917182608,161,95,46496,48216,3030,1525,0,0,0,0,0,0,94264,0,0,96,0,0,0,0,0,0,0,5619,0,0,0,0,0,0
253,10311,254.15558565376477,99979,280,155,16,1,4203,2133,0.0633733083947629,164,98,46476,48196,3062,1548,0,0,0,0,0,0,94194,0,0,99,0,0,0,0,0,0,0,5686,0,0,0,0,0,0
254,10311,255.2043253143858,99979,281,155,16,1,4246,2155,0.06402344492343393,168,99,46436,48180,3097,1563,0,0,0,0,0,0,94132,0,0,101,0,0,0,0,0,0,0,5746,0,0,0,0,0,0
255,10311,256.2539317072221,99979,286,157,16,1,4285,2180,0.06466357935166385,171,92,46413,48165,3112,1583,0,0,0,0,0,0,94079,0,0,105,0,0,0,0,0,0,0,5795,0,0,0,0,0,0
256,10311,257.3040450443369,99979,282,154,16,1,4331,2201,0.06533372008121706,172,100,46373,48147,3155,1596,0,0,0,0,0,0,94008,0,0,108,0,0,0,0,0,0,0,5863,0,0,0,0,0,0
257,10311,258.00459509740955,99979,284,159,16,1,4362,2217,0.06580381880194841,172,103,46348,48133,3178,1602,0,0,0,0,0,0,93971,0,0,111,0,0,0,0,0,0,0,5897,0,0,0,0,0,0
258,10311,259.0560910981834,99979,295,162,16,1,4415,2241,0.06657398053591254,158,102,46318,48114,3211,1619,0,0,0,0,0,0,93910,0,0,113,0,0,0,0,0,0,0,5956,0,0,0,0,0,0
259,10311,260.1083589122297,99979,284,167,16,1,4451,2265,0.0671741065623781,174,106,46283,48095,3241,1629,0,0,0,0,0,0,93845,0,0,114,0,0,0,0,0,0,0,6020,0,0,0,0,0,0
260,10311,261.16128495769686,99979,295,174,16,1,4499,2301,0.06801428299942988,171,93,46253,48077,3263,1653,0,0,0,0,0,0,93780,0,0,115,0,0,0,0,0,0,0,6084,0,0,0,0,0,0
261,10311,262.21476053236154,99979,281,173,16,1,4535,2326,0.06862441112633653,170,92,46229,48055,3302,1677,0,0,0,0,0,0,93708,0,0,119,0,0,0,0,0,0,0,6152,0,0,0,0,0,0
262,10311,263.2690020713412,99979,288,169,16,1,4587,2351,0.06939457286030067,170,97,46190,48030,3334,1701,0,0,0,0,0,0,93635,0,0,120,0,0,0,0,0,0,0,6224,0,0,0,0,0,0
263,10311,264.3240459997614,99977,289,162,17,2,4628,2375,0.07004611060543925,182,97,46148,48011,3362,1726,0,0,0,0,0,0,93566,0,0,122,0,0,0,0,0,0,0,6289,0,0,0,0,0,0
264,10311,265.0278730212745,99977,302,167,17,2,4669,2392,0.07062624403612831,178,96,46118,48000,3383,1733,0,0,0,0,0,0,93527,0,0,123,0,0,0,0,0,0,0,6327,0,0,0,0,0,0
265,10311,266.08426325231716,99976,315,166,18,2,4721,2425,0.0714771545170841,186,86,46077,47983,3402,1761,0,0,0,0,0,0,93456,0,0,125,0,0,0,0,0,0,0,6395,0,0,0,0,0,0
266,10311,267.1414309012239,99976,320,165,18,2,4763,2449,0.07213731295510922,198,89,46032,47958,3430,1784,0,0,0,0,0,0,93396,0,0,127,0,0,0,0,0,0,0,6453,0,0,0,0,0,0
267,10311,268.1994761714084,99975,313,165,19,2,4813,2473,0.07287821955488873,203,92,45996,47938,3467,1801,0,0,0,0,0,0,93318,0,0,130,0,0,0,0,0,0,0,6527,0,0,0,0,0,0
268,10311,269.25835374783395,99974,300,169,20,2,4856,2500,0.07357913057394923,211,93,45958,47920,3509,1814,0,0,0,0,0,0,93242,0,0,133,0,0,0,0,0,0,0,6599,0,0,0,0,0,0
269,10311,270.3181753010844,99974,310,156,20,2,4915,2521,0.07437933862804329,200,88,45926,47913,3542,1839,0,0,0,0,0,0,93161,0,0,135,0,0,0,0,0,0,0,6678,0,0,0,0,0,0
270,10311,271.02518192719145,99974,308,159,20,2,4943,2535,0.07479944785644267,204,94,45906,47899,3560,1844,0,0,0,0,0,0,93121,0,0,134,1,0,0,0,0,0,0,6718,0,0,0,0,0,0
271,10311,272.0861649225365,99974,331,163,20,2,5012,2565,0.07578970532338408,194,90,45865,47887,3588,1856,0,0,0,0,0,0,93052,0,0,137,1,0,0,0,0,0,0,6784,0,0,0,0,0,0
272,10311,273.14792115901145,99974,334,157,20,2,5064,2586,0.07651989517274492,202,87,45825,47873,3617,1879,0,0,0,0,0,0,92978,0,0,139,1,0,0,0,0,0,0,6856,0,0,0,0,0,0
273,10311,274.21054433341357,99974,344,150,20,2,5117,2601,0.07720007201872486,198,101,45785,47853,3651,1892,0,0,0,0,0,0,92915,0,0,141,1,0,0,0,0,0,0,6917,0,0,0,0,0,0
274,10311,275.27406625673405,99974,350,158,20,2,5169,2631,0.07802028527417128,198,94,45745,47835,3685,1909,0,0,0,0,0,0,92849,0,0,143,1,0,0,0,0,0,0,6981,0,0,0,0,0,0
275,10311,276.338394853608,99974,339,167,20,2,5217,2657,0.0787604777242083,194,98,45712,47809,3733,1922,0,0,0,0,0,0,92778,0,0,148,1,0,0,0,0,0,0,7047,0,0,0,0,0,0
276,10311,277.0484385324811,99974,342,169,20,2,5255,2679,0.07936063376477884,187,100,45689,47790,3760,1937,0,0,0,0,0,0,92724,0,0,149,1,0,0,0,0,0,0,7100,0,0,0,0,0,0
277,10311,278.11416104111214,99974,356,169,20,2,5312,2695,0.08009082361413968,179,114,45660,47765,3783,1948,0,0,0,0,0,0,92667,0,0,151,1,0,0,0,0,0,0,7155,0,0,0,0,0,0
278,10311,279.1805208954547,99973,351,179,21,2,5364,2723,0.0808918407970152,195,111,45606,47747,3825,1959,0,0,0,0,0,0,92595,0,0,154,1,0,0,0,0,0,0,7223,0,0,0,0,0,0
279,10311,280.24787924818435,99973,363,182,21,2,5428,2752,0.0818220919648305,177,110,45575,47725,3862,1979,0,0,0,0,0,0,92522,0,0,159,1,0,0,0,0,0,0,7291,0,0,0,0,0,0
280,10311,281.3160743802805,99973,361,187,21,2,5476,2785,0.08263231072389546,190,109,45531,47698,3895,2002,0,0,0,0,0,0,92449,0,0,164,1,0,0,0,0,0,0,7359,0,0,0,0,0,0
281,10311,282.02871174718223,99973,361,172,21,2,5510,2799,0.08311244035889691,206,125,45494,47671,3916,2028,0,0,0,0,0,0,92391,0,0,169,1,0,0,0,0,0,0,7412,0,0,0,0,0,0
282,10311,283.09840698759604,99972,345,176,22,2,5554,2831,0.0838734845756812,226,120,45450,47648,3955,2052,0,0,0,0,0,0,92305,0,0,171,1,0,0,0,0,0,0,7495,0,0,0,0,0,0
283,10311,284.1691910270365,99972,341,178,22,2,5608,2857,0.08467370863841876,222,122,45422,47627,3991,2069,0,0,0,0,0,0,92225,0,0,173,1,0,0,0,0,0,0,7573,0,0,0,0,0,0
284,10311,285.2406174058464,99972,356,174,22,2,5666,2880,0.08548393550194054,227,132,45369,47601,4024,2089,0,0,0,0,0,0,92157,0,0,175,1,0,0,0,0,0,0,7639,0,0,0,0,0,0
285,10311,286.3131080055448,99972,350,178,22,2,5730,2911,0.0864342015764414,217,139,45325,47570,4084,2109,0,0,0,0,0,0,92065,0,0,180,1,0,0,0,0,0,0,7726,0,0,0,0,0,0
286,10311,287.0287419166098,99972,345,196,22,2,5761,2941,0.0870443724242788,214,133,45306,47548,4111,2119,0,0,0,0,0,0,92019,0,0,182,1,0,0,0,0,0,0,7770,0,0,0,0,0,0
287,10311,288.10283736973895,99972,358,207,22,2,5822,2985,0.08809466650662186,205,128,45273,47514,4140,2147,0,0,0,0,0,0,91941,0,0,185,1,0,0,0,0,0,0,7845,0,0,0,0,0,0
288,10311,289.1776209564878,99971,365,216,22,3,5872,3022,0.08896580008202379,225,117,45221,47493,4165,2169,0,0,0,0,0,0,91876,0,0,191,1,0,0,0,0,0,0,7903,0,0,0,0,0,0
289,10311,290.2533807467361,99971,376,222,22,3,5938,3063,0.09003611047203688,226,105,45177,47470,4197,2198,0,0,0,0,0,0,91788,0,0,193,1,0,0,0,0,0,0,7989,0,0,0,0,0,0
290,10311,291.33007127718633,99971,364,221,22,3,5999,3088,0.09089635994438387,220,108,45137,47451,4255,2215,0,0,0,0,0,0,91690,0,0,194,1,0,0,0,0,0,0,8086,0,0,0,0,0,0
291,10311,292.0484711348708,99970,367,204,22,4,6035,3103,0.091407422226668,222,110,45107,47439,4280,2241,0,0,0,0,0,0,91627,0,0,196,1,0,0,0,0,0,0,8146,0,0,0,0,0,0
292,10311,293.1270308820805,99970,357,215,22,4,6089,3141,0.09232769830949285,218,95,45075,47420,4326,2264,0,0,0,0,0,0,91544,0,0,204,1,0,0,0,0,0,0,8221,0,0,0,0,0,0
293,10311,294.2065449649419,99969,358,194,23,4,6146,3163,0.0931188668487231,232,116,45028,47388,4357,2296,0,0,0,0,0,0,91449,0,0,208,1,0,0,0,0,0,0,8311,0,0,0,0,0,0
294,10311,295.2870827176292,99969,358,193,23,4,6210,3189,0.09401914593523993,227,112,44986,47374,4404,2315,0,0,0,0,0,0,91364,0,0,214,1,0,0,0,0,0,0,8390,0,0,0,0,0,0
295,10311,296.00805303676054,99969,361,202,23,4,6248,3218,0.09468935369964689,225,107,44959,47356,4430,2329,0,0,0,0,0,0,91312,0,0,217,1,0,0,0,0,0,0,8439,0,0,0,0,0,0
296,10311,297.0901722146411,99968,368,194,23,5,6305,3238,0.09546054737516005,231,112,44921,47339,4455,2348,0,0,0,0,0,0,91241,0,0,222,2,0,0,0,0,0,0,8503,0,0,0,0,0,0
297,10311,298.17315118660747,99968,356,197,23,5,6360,3272,0.09635083226632522,243,116,44868,47313,4508,2367,0,0,0,0,0,0,91148,0,0,227,2,0,0,0,0,0,0,8591,0,0,0,0,0,0
298,10311,299.25732120095387,99966,374,189,24,6,6431,3297,0.0973130864493928,220,116,44834,47292,4546,2395,0,0,0,0,0,0,91067,0,0,232,2,0,0,0,0,0,0,8665,0,0,0,0,0,0
299,10311,300.34242598939886,99965,379,192,25,6,6486,3335,0.09824438553493722,220,106,44799,47272,4575,2422,0,0,0,0,0,0,90985,0,0,235,2,0,0,0,0,0,0,8743,0,0,0,0,0,0
300,10311,301.06626067935605,99965,362,190,25,6,6515,3350,0.0986845395888561,217,104,44787,47263,4607,2435,0,0,0,0,0,0,90925,0,0,238,2,0,0,0,0,0,0,8800,0,0,0,0,0,0
301,10311,302.1527263082391,99965,375,178,25,6,6579,3371,0.09953483719301756,214,113,44746,47243,4638,2458,0,0,0,0,0,0,90844,0,0,241,2,0,0,0,0,0,0,8878,0,0,0,0,0,0
302,10311,303.24016933208594,99964,377,190,26,6,6645,3412,0.10060621823856589,209,102,44703,47223,4683,2477,0,0,0,0,0,0,90757,0,0,247,2,0,0,0,0,0,0,8958,0,0,0,0,0,0
303,10311,304.3285364969705,99963,369,181,26,7,6694,3436,0.10133749487310305,218,123,44671,47188,4714,2499,0,0,0,0,0,0,90674,0,0,254,2,0,0,0,0,0,0,9033,0,0,0,0,0,0
304,10311,305.05457264626085,99963,371,182,26,7,6735,3456,0.10194772065664295,217,127,44646,47169,4738,2513,0,0,0,0,0,0,90621,0,0,259,2,0,0,0,0,0,0,9081,0,0,0,0,0,0
305,10311,306.1442430968943,99961,370,194,28,7,6791,3497,0.10292013885415312,219,115,44610,47151,4771,2531,0,0,0,0,0,0,90539,0,0,263,2,0,0,0,0,0,0,9157,0,0,0,0,0,0
306,10311,307.23483893342535,99961,363,190,28,7,6842,3525,0.103710447074359,230,116,44565,47135,4812,2550,0,0,0,0,0,0,90451,0,0,265,2,0,0,0,0,0,0,9243,0,0,0,0,0,0
307,10311,308.3264953292186,99961,376,196,28,7,6909,3556,0.10469082942347516,231,112,44517,47118,4846,2565,0,0,0,0,0,0,90377,0,0,270,2,0,0,0,0,0,0,9312,0,0,0,0,0,0
308,10311,309.0548065502281,99961,389,202,28,7,6948,3577,0.10529106351477076,224,117,44505,47094,4852,2578,0,0,0,0,0,0,90340,0,0,274,2,0,0,0,0,0,0,9345,0,0,0,0,0,0
309,10311,310.1476582757041,99961,391,208,28,7,7002,3614,0.10620141855323577,232,110,44459,47071,4888,2602,0,0,0,0,0,0,90262,0,0,279,2,0,0,0,0,0,0,9418,0,0,0,0,0,0
310,10311,311.2413958258585,99961,406,202,28,7,7064,3640,0.10708176188713599,241,129,44404,47040,4919,2620,0,0,0,0,0,0,90188,0,0,284,2,0,0,0,0,0,0,9487,0,0,0,0,0,0
311,10311,312.33616795291255,99961,441,208,28,7,7149,3676,0.10829223397124879,218,123,44371,47021,4940,2639,0,0,0,0,0,0,90115,0,0,291,2,0,0,0,0,0,0,9553,0,0,0,0,0,0
312,10311,313.06639109338727,99961,440,215,28,7,7202,3700,0.10906253438841149,220,128,44326,47000,4984,2648,0,0,0,0,0,0,90048,0,0,295,2,0,0,0,0,0,0,9616,0,0,0,0,0,0
313,10311,314.16289028901826,99960,453,199,29,7,7269,3726,0.10999399759903962,251,136,44245,46974,5020,2682,0,0,0,0,0,0,89959,0,0,302,2,0,0,0,0,0,0,9697,0,0,0,0,0,0
314,10311,315.2608110669112,99960,459,216,29,7,7334,3769,0.11107442977190876,242,125,44208,46958,5060,2692,0,0,0,0,0,0,89880,0,0,308,2,0,0,0,0,0,0,9770,0,0,0,0,0,0
315,10311,316.35978453269576,99960,453,215,29,7,7401,3797,0.11202480992396958,240,138,44166,46929,5110,2709,0,0,0,0,0,0,89786,0,0,316,2,0,0,0,0,0,0,9856,0,0,0,0,0,0
316,10311,317.0930225054805,99960,441,215,29,7,7439,3818,0.11261504601840737,251,140,44133,46915,5144,2721,0,0,0,0,0,0,89720,0,0,321,2,0,0,0,0,0,0,9917,0,0,0,0,0,0
317,10311,318.1939511309444,99959,426,218,30,7,7506,3860,0.11370661971408277,237,124,44099,46900,5206,2749,0,0,0,0,0,0,89602,0,0,324,2,0,0,0,0,0,0,10031,0,0,0,0,0,0
318,10311,319.2960334279681,99958,422,223,31,7,7571,3897,0.11472818583805199,224,120,44075,46881,5246,2767,0,0,0,0,0,0,89512,0,0,335,2,0,0,0,0,0,0,10109,0,0,0,0,0,0
319,10311,320.03117834250935,99958,420,219,31,7,7617,3916,0.11537845895276017,216,130,44055,46858,5275,2783,1,1,1,1,0,0,89442,0,0,338,2,0,0,0,0,0,2,10174,0,0,0,0,0,0
320,10311,321.1346932266888,99958,427,222,31,7,7674,3951,0.11629884551511635,234,134,44000,46834,5304,2799,2,2,2,2,0,0,89362,0,0,341,2,0,0,0,0,0,3,10249,1,0,0,0,0,0
321,10311,322.01261854467964,99958,437,219,31,7,7737,3981,0.11722923627923727,241,137,43954,46812,5332,2820,3,3,3,3,0,0,89279,0,0,346,2,0,0,0,0,0,5,10325,1,0,0,0,0,0
322,10311,323.01071231267616,99958,435,220,31,7,7793,4010,0.11807959342924028,247,131,43907,46800,5374,2836,4,4,4,4,0,0,89198,0,0,353,2,0,0,0,0,0,7,10397,1,0,0,0,0,0
323,10311,324.03525946794383,99958,434,207,31,7,7843,4041,0.11888993377218432,259,129,43861,46782,5407,2867,6,6,6,6,0,0,89106,0,0,359,2,0,0,0,0,0,10,10479,2,0,0,0,0,0
324,10311,325.04346564229905,99958,462,214,31,7,7923,4078,0.12006042537865903,238,124,43820,46751,5439,2894,8,8,8,8,0,0,89022,0,0,361,2,0,0,0,0,0,14,10557,2,0,0,0,0,0
325,10311,326.0141176127152,99957,469,206,32,7,7986,4107,0.12098202226957591,239,127,43775,46724,5473,2923,10,11,11,10,0,0,88932,0,0,367,3,0,0,0,0,0,19,10634,2,0,0,0,0,0
326,10311,327.08020277440176,99957,466,203,32,7,8051,4137,0.12193243094530648,251,129,43718,46697,5518,2948,13,14,14,13,0,0,88833,0,0,372,4,0,0,0,0,0,24,10721,3,0,0,0,0,0
327,10311,328.10585279017937,99957,463,192,32,7,8105,4163,0.12273277509329011,270,128,43667,46681,5550,2972,16,18,18,16,0,0,88738,0,0,376,5,0,0,0,0,0,31,10804,3,0,0,0,0,0
328,10311,329.02820874332946,99957,464,197,32,7,8163,4190,0.12358314075052272,256,127,43637,46661,5589,2983,20,23,23,20,0,0,88659,0,0,384,5,0,0,0,0,0,39,10866,4,0,0,0,0,0
329,10311,330.0001316544201,99957,457,205,32,7,8211,4218,0.12434346769110717,267,128,43594,46634,5624,2995,24,29,29,24,0,0,88579,0,0,388,5,0,0,0,0,0,48,10932,5,0,0,0,0,0
330,10311,331.1384591199594,99957,463,209,32,7,8314,4270,0.12589413447782546,269,127,43521,46599,5684,3021,29,35,36,29,0,0,88430,0,0,394,5,0,0,0,0,0,58,11063,7,0,0,0,0,0
331,10311,332.25446216471477,99957,450,220,32,7,8372,4313,0.1269045689646548,296,122,43457,46564,5729,3042,34,43,44,35,0,0,88324,0,0,401,6,0,0,0,0,0,70,11147,9,0,0,0,0,0
332,10311,333.3718807997442,99957,459,226,32,7,8462,4350,0.1281751152995788,272,122,43406,46525,5789,3066,40,52,53,41,0,0,88207,0,0,409,7,0,0,0,0,0,85,11240,9,0,0,0,0,0
333,10311,334.11763336967385,99956,465,226,33,7,8511,4373,0.12889671455440393,286,123,43355,46499,5812,3081,47,62,63,48,0,0,88130,0,0,412,7,0,0,0,0,0,99,11296,12,0,0,0,0,0
334,10311,335.23751715863136,99956,449,226,33,7,8588,4406,0.1299971987674577,290,130,43302,46460,5869,3102,55,73,74,56,0,0,88004,0,0,430,7,0,0,0,0,0,117,11385,13,0,0,0,0,0
335,10311,336.3588578913404,99954,455,235,35,7,8666,4449,0.1312103567641115,273,116,43260,46429,5913,3126,62,85,86,64,0,0,87885,0,0,436,7,0,0,0,0,0,136,11476,14,0,0,0,0,0
336,10311,337.1070994800349,99954,447,224,35,7,8711,4471,0.13188066510594873,283,121,43218,46398,5944,3149,71,99,100,73,0,0,87783,0,0,440,7,0,0,0,0,0,156,11551,17,0,0,0,0,0
337,10311,338.23084833202427,99953,453,213,35,8,8793,4501,0.13300251118025472,266,131,43173,46358,5990,3174,81,114,115,83,0,0,87654,0,0,447,7,0,0,0,0,0,175,11647,23,0,0,0,0,0
338,10311,339.3558426911244,99952,460,205,36,8,8857,4532,0.13395429806307027,277,142,43123,46314,6010,3199,92,130,132,94,0,0,87540,0,0,455,7,0,0,0,0,0,201,11724,25,0,0,0,0,0
339,10311,340.10642389503477,99952,468,212,36,8,8913,4562,0.13481471106130943,263,141,43091,46281,6036,3210,104,146,150,106,0,0,87447,0,0,461,7,0,0,0,0,0,229,11781,27,0,0,0,0,0
340,10311,341.2333634049809,99952,479,212,36,8,8997,4599,0.13602529214022732,248,144,43041,46237,6078,3232,116,165,170,118,0,0,87315,0,0,468,7,0,0,0,0,0,258,11874,30,0,0,0,0,0
341,10311,342.3616524693254,99951,452,215,37,8,9060,4641,0.13707716781222798,260,152,42984,46177,6137,3260,128,186,191,131,0,0,87167,0,0,477,7,0,0,0,0,0,286,11978,36,0,0,0,0,0
342,10311,343.1147445394441,99950,459,206,38,8,9113,4668,0.13787893946973487,257,155,42938,46134,6166,3286,140,209,214,145,0,0,87061,0,0,485,7,0,0,0,0,0,318,12038,41,0,0,0,0,0
343,10311,344.2458943315095,99950,451,220,38,8,9196,4709,0.13911955977988993,244,145,42887,46093,6224,3299,154,233,239,160,0,0,86924,0,0,496,7,0,0,0,0,0,348,12124,51,0,0,0,0,0
344,10311,345.0008437178556,99950,441,216,38,8,9237,4735,0.13978989494747374,227,147,42867,46048,6255,3319,170,260,266,176,0,0,86807,0,0,499,7,0,0,0,0,0,387,12195,55,0,0,0,0,0
345,10311,346.134262970216,99950,440,231,38,8,9312,4782,0.14101050525262632,231,134,42810,45999,6293,3338,186,288,295,193,0,0,86665,0,0,504,8,0,0,0,0,0,427,12286,60,0,0,0,0,0
346,10311,347.26907907714804,99950,444,244,38,8,9380,4835,0.14222111055527764,222,109,42760,45955,6331,3364,203,318,326,211,0,0,86522,0,0,510,8,0,0,0,0,0,472,12374,64,0,0,0,0,0
347,10311,348.02640378153,99949,438,229,39,8,9423,4853,0.14283284475082292,229,113,42709,45908,6361,3389,222,351,359,230,0,0,86401,0,0,516,8,0,0,0,0,0,517,12436,71,0,0,0,0,0
348,10311,349.1640108933188,99949,422,229,39,8,9483,4889,0.14379333460064633,232,116,42675,45854,6390,3406,240,385,394,250,0,0,86252,0,0,519,10,0,0,0,0,0,560,12526,82,0,0,0,0,0
349,10311,350.3029254911801,99949,428,219,39,8,9564,4916,0.14487388568169768,220,117,42623,45804,6428,3429,260,421,431,271,0,0,86099,0,0,527,12,0,0,0,0,0,612,12612,87,0,0,0,0,0
350,10311,351.06291441437475,99949,434,216,39,8,9613,4941,0.14561426327426988,223,108,42572,45760,6448,3449,282,457,470,293,0,0,85987,0,0,538,12,0,0,0,0,0,664,12652,96,0,0,0,0,0
351,10311,352.2044475075694,99949,430,218,39,8,9672,4977,0.14656474802149097,222,106,42525,45704,6478,3467,304,495,511,316,0,0,85842,0,0,546,14,0,0,0,0,0,723,12724,100,0,0,0,0,0
352,10311,353.3473931250638,99949,403,218,39,8,9730,5013,0.1475052276661097,217,94,42481,45652,6531,3489,327,537,554,340,0,0,85670,0,0,555,14,0,0,0,0,0,783,12820,107,0,0,0,0,0
353,10311,354.1102061615343,99949,405,210,39,8,9773,5029,0.148095528719647,212,101,42439,45603,6551,3497,352,579,599,365,0,0,85545,0,0,557,15,0,0,0,0,0,846,12873,113,0,0,0,0,0
354,10311,355.255965361334,99946,393,192,41,9,9832,5049,0.14889040081644087,217,114,42392,45546,6582,3512,373,625,647,391,0,0,85384,0,0,566,17,0,0,0,0,0,911,12946,122,0,0,0,0,0
355,10311,356.0205430984322,99946,394,185,41,9,9869,5068,0.1494507033798251,234,112,42340,45498,6590,3521,399,673,697,418,0,0,85263,0,0,578,17,0,0,0,0,0,982,12978,128,0,0,0,0,0
356,10311,357.1689084682445,99945,408,195,42,9,9937,5112,0.15057281504827655,227,99,42285,45429,6609,3543,427,723,750,446,0,0,85116,0,0,589,18,0,0,0,0,0,1053,13032,137,0,0,0,0,0
357,10311,358.3187390420257,99945,400,205,42,9,10006,5150,0.15164340387212968,213,114,42243,45345,6646,3551,454,774,805,475,0,0,84951,0,0,593,20,0,0,0,0,0,1120,13108,153,0,0,0,0,0
358,10311,359.0859079249811,99945,409,216,42,9,10055,5178,0.15241382760518285,204,110,42195,45283,6664,3550,484,830,863,505,0,0,84824,0,0,599,21,0,0,0,0,0,1197,13141,163,0,0,0,0,0
359,10311,360.23822484349336,99945,388,207,42,9,10115,5213,0.15336435039271598,219,105,42130,45219,6707,3572,512,886,923,536,0,0,84624,0,0,608,21,0,0,0,0,0,1281,13241,170,0,0,0,0,0
360,10311,361.0074622632986,99944,388,205,43,9,10154,5234,0.15396622108380692,224,110,42078,45147,6721,3581,544,946,986,568,0,0,84475,0,0,611,21,0,0,0,0,0,1371,13291,175,0,0,0,0,0
361,10311,362.1630470452772,99944,373,203,43,9,10204,5269,0.15481669735051629,253,113,41992,45066,6762,3602,575,1005,1051,602,0,0,84293,0,0,615,23,0,0,0,0,0,1458,13369,186,0,0,0,0,0
362,10311,363.320813826675,99943,379,187,43,10,10270,5294,0.15572876539627586,252,118,41925,45005,6792,3608,607,1070,1119,637,0,0,84109,0,0,622,24,0,0,0,0,0,1550,13442,196,0,0,0,0,0
363,10311,364.0937232413593,99943,376,192,43,10,10305,5313,0.15626907337182194,263,116,41868,44942,6806,3600,642,1138,1189,673,0,0,83971,0,0,628,24,0,0,0,0,0,1642,13468,210,0,0,0,0,0
364,10311,365.254803862004,99943,399,181,43,10,10379,5343,0.15730966650991066,266,120,41788,44856,6826,3629,676,1202,1262,710,0,0,83788,0,0,635,24,0,0,0,0,0,1740,13534,222,0,0,0,0,0
365,10311,366.029961919196,99943,387,192,43,10,10419,5370,0.1579800486277178,262,123,41746,44771,6849,3627,711,1275,1338,748,0,0,83625,0,0,640,24,0,0,0,0,0,1840,13578,236,0,0,0,0,0
366,10311,367.1942162167871,99943,397,200,43,10,10488,5403,0.1590006303593048,250,123,41701,44691,6860,3630,747,1344,1417,787,0,0,83448,0,0,645,25,0,0,0,0,0,1940,13631,254,0,0,0,0,0
367,10311,368.35978358247894,99943,400,191,43,10,10559,5436,0.16004122349739353,238,119,41647,44617,6887,3651,783,1410,1498,828,0,0,83246,0,0,655,25,0,0,0,0,0,2042,13701,274,0,0,0,0,0
368,10311,369.1377348190177,99942,401,200,43,11,10606,5460,0.16075323687738888,232,121,41604,44534,6893,3640,825,1492,1582,870,0,0,83092,0,0,660,25,0,0,0,0,0,2140,13723,302,0,0,0,0,0
369,10311,370.3061906263119,99942,390,188,43,11,10673,5492,0.16174381141061817,233,127,41542,44438,6925,3663,865,1571,1669,913,0,0,82870,0,0,671,25,0,0,0,0,0,2251,13804,321,0,0,0,0,0
370,10311,371.0861154095239,99941,384,194,44,11,10712,5514,0.16235578991605046,230,126,41486,44357,6947,3658,907,1652,1759,957,0,0,82701,0,0,677,25,0,0,0,0,0,2365,13832,341,0,0,0,0,0
371,10311,372.2579610738404,99939,376,180,44,13,10761,5543,0.16313951510421357,228,128,41432,44263,6973,3676,945,1738,1851,1002,0,0,82500,0,0,688,26,0,0,0,0,0,2479,13883,363,0,0,0,0,0
372,10311,373.04018824812096,99939,360,190,44,13,10795,5568,0.16372987522388657,240,121,41381,44170,6985,3674,988,1830,1946,1049,0,0,82314,0,0,693,28,0,0,0,0,0,2608,13921,375,0,0,0,0,0
373,10311,374.2153165723913,99939,356,196,44,13,10858,5607,0.16475049780366025,232,107,41318,44071,7016,3687,1032,1924,2044,1097,0,0,82097,0,0,697,28,0,0,0,0,0,2729,13988,400,0,0,0,0,0
374,10311,375.3923601150334,99939,361,196,44,13,10920,5636,0.1656610532424779,231,117,41256,43954,7029,3697,1077,2021,2145,1146,0,0,81888,0,0,699,30,0,0,0,0,0,2856,14045,421,0,0,0,0,0
375,10311,376.17802790217934,99936,370,180,46,14,10963,5662,0.16635646813960936,222,114,41209,43858,7028,3717,1123,2115,2249,1196,0,0,81690,0,0,707,30,0,0,0,0,0,2986,14078,445,0,0,0,0,0
376,10311,377.3582674738417,99936,361,164,46,14,11023,5688,0.16721701889209095,203,126,41161,43743,7059,3737,1168,2214,2356,1248,0,0,81452,0,0,718,32,0,0,0,0,0,3126,14146,462,0,0,0,0,0
377,10311,378.14596943124985,99936,363,167,46,14,11054,5707,0.1677173390970221,203,127,41104,43640,7064,3733,1218,2317,2466,1301,0,0,81280,0,0,723,32,0,0,0,0,0,3258,14150,493,0,0,0,0,0
378,10311,379.32949232511714,99936,374,164,46,14,11117,5749,0.16876801152737753,188,116,41045,43534,7082,3751,1263,2419,2579,1355,0,0,81047,0,0,730,33,0,0,0,0,0,3403,14208,515,0,0,0,0,0
379,10311,380.11954683908215,99935,366,155,47,14,11156,5765,0.1693200580377245,195,116,40973,43419,7099,3764,1318,2530,2694,1410,0,0,80822,0,0,731,33,0,0,0,0,0,3557,14261,531,0,0,0,0,0
380,10311,381.3068951259212,99935,355,167,47,14,11211,5801,0.1702306499224496,195,112,40909,43305,7121,3761,1371,2639,2812,1467,0,0,80600,0,0,738,34,0,0,0,0,0,3697,14301,565,0,0,0,0,0
381,10311,382.0995769197128,99935,360,163,47,14,11250,5822,0.17083104017611447,192,116,40860,43187,7114,3769,1425,2749,2933,1525,0,0,80395,0,0,742,37,0,0,0,0,0,3850,14323,588,0,0,0,0,0
382,10311,383.2904784837361,99935,372,174,47,14,11316,5860,0.17187171661580028,196,114,40778,43067,7126,3770,1479,2859,3057,1584,0,0,80166,0,0,745,40,0,0,0,0,0,4005,14365,614,0,0,0,0,0
383,10311,384.0855201996611,99935,363,167,47,14,11356,5877,0.1724420873567819,182,127,40732,42937,7139,3774,1535,2979,3184,1644,0,0,79942,0,0,749,42,0,0,0,0,0,4162,14398,642,0,0,0,0,0
384,10311,385.2799994303494,99934,366,182,47,15,11416,5919,0.17346448656113034,175,124,40675,42807,7145,3772,1590,3098,3314,1705,0,0,79697,0,0,749,44,0,0,0,0,0,4325,14451,668,0,0,0,0,0
385,10311,386.0772556044974,99934,367,183,47,15,11451,5945,0.17407488942702184,183,123,40607,42681,7144,3772,1650,3224,3447,1768,0,0,79489,0,0,753,46,0,0,0,0,0,4481,14458,707,0,0,0,0,0
386,10311,387.2753341690168,99934,337,196,47,15,11497,5983,0.17491544419316749,204,109,40535,42563,7170,3767,1705,3348,3582,1832,0,0,79225,0,0,760,49,1,0,0,0,0,4657,14515,727,0,0,0,0,0
387,10311,388.0752999242916,99934,350,189,47,15,11534,6000,0.17545580082854684,191,116,40492,42432,7154,3771,1764,3475,3720,1897,0,0,79009,0,0,759,50,1,0,0,0,0,4825,14529,761,0,0,0,0,0
388,10311,389.2769970613154,99934,350,199,47,15,11587,6037,0.17635639522084576,183,111,40442,42296,7157,3775,1819,3602,3861,1963,0,0,78771,0,0,769,50,1,0,0,0,0,4993,14550,800,0,0,0,0,0
389,10311,390.07896949344394,99934,357,196,47,15,11634,6053,0.176986811295455,177,116,40364,42168,7171,3769,1882,3734,4005,2031,0,0,78536,0,0,774,51,1,0,0,0,0,5175,14568,829,0,0,0,0,0
390,10311,391.2843889169007,99934,350,193,47,15,11692,6086,0.17789741229211278,191,110,40274,42037,7195,3783,1941,3860,4152,2100,0,0,78258,0,0,782,53,1,0,0,0,0,5363,14621,856,0,0,0,0,0
391,10311,392.0895052701975,99934,355,192,47,15,11740,6106,0.17857786138851642,181,108,40218,41896,7196,3788,2001,3999,4301,2170,0,0,78014,0,0,784,55,1,0,0,0,0,5548,14643,889,0,0,0,0,0
392,10311,393.2994614468894,99934,350,192,47,15,11785,6148,0.1794484359677387,196,93,40128,41767,7210,3798,2067,4133,4453,2241,0,0,77744,0,0,791,57,1,0,0,0,0,5736,14682,923,0,0,0,0,0
393,10311,394.10752163634174,99934,358,189,47,15,11823,6163,0.1799787859987592,190,105,40068,41637,7202,3783,2133,4269,4608,2313,0,0,77515,0,0,792,61,1,0,0,0,0,5922,14683,960,0,0,0,0,0
394,10311,395.3218373645376,99933,352,194,48,15,11881,6199,0.18092121721553442,185,108,40002,41492,7220,3779,2191,4410,4765,2387,0,0,77246,0,0,807,62,1,0,0,0,0,6113,14704,1000,0,0,0,0,0
395,10311,396.13255501504517,99933,341,193,48,15,11908,6226,0.18146157925810294,194,93,39925,41366,7235,3774,2255,4557,4925,2462,0,0,76981,0,0,808,63,1,0,0,0,0,6314,14733,1033,0,0,0,0,0
396,10311,397.35120627896896,99933,344,183,48,15,11965,6252,0.18229213573093972,195,96,39851,41225,7243,3777,2317,4702,5087,2538,0,0,76699,0,0,820,64,1,0,0,0,0,6519,14765,1065,0,0,0,0,0
397,10311,398.16498733727514,99933,350,184,48,15,12005,6272,0.18289253800046032,208,98,39769,41069,7240,3779,2383,4853,5252,2615,0,0,76443,0,0,822,64,1,0,0,0,0,6724,14777,1102,0,0,0,0,0
398,10311,399.3882958769716,99933,335,184,48,15,12066,6310,0.18388320174516926,204,91,39701,40921,7271,3788,2439,4999,5419,2693,0,0,76135,0,0,828,64,1,0,0,0,0,6924,14834,1147,0,0,0,0,0
399,10311,400.2051633846423,99933,341,183,48,15,12106,6332,0.18450361742367385,201,89,39626,40779,7271,3782,2511,5150,5589,2773,0,0,75879,0,0,833,65,1,0,0,0,0,7129,14835,1191,0,0,0,0,0
400,10311,401.02357799857515,99933,336,186,48,15,12145,6349,0.1850639928752264,197,88,39549,40628,7281,3771,2587,5310,5761,2854,0,0,75606,0,0,836,68,1,0,0,0,0,7351,14851,1220,0,0,0,0,0
401,10311,402.2540842790861,99933,328,184,48,15,12209,6372,0.18593457616603123,182,90,39469,40494,7310,3764,2661,5451,5936,2936,0,0,75316,0,0,846,70,1,0,0,0,0,7556,14874,1270,0,0,0,0,0
402,10311,403.07593451566214,99933,326,170,48,15,12240,6389,0.1864148979816477,192,91,39384,40342,7309,3765,2739,5615,6113,3019,0,0,75045,0,0,852,74,1,0,0,0,0,7774,14878,1309,0,0,0,0,0
403,10311,404.3117224088996,99932,331,162,48,16,12295,6414,0.1872173077692831,190,81,39316,40206,7306,3767,2807,5766,6292,3103,0,0,74750,0,0,860,76,1,0,0,0,0,7996,14901,1348,0,0,0,0,0
404,10311,405.1368860050407,99932,323,167,48,16,12328,6436,0.18776768202377617,192,80,39231,40042,7316,3755,2888,5938,6474,3188,0,0,74476,0,0,867,77,2,0,0,0,0,8221,14902,1387,0,0,0,0,0
405,10311,406.37764242778326,99932,319,170,48,16,12386,6463,0.18861826041708363,189,69,39151,39890,7330,3759,2961,6094,6658,3275,0,0,74167,0,0,875,79,2,0,0,0,0,8454,14932,1423,0,0,0,0,0
406,10311,407.20632838747923,99932,312,161,48,16,12422,6475,0.18909858703918664,184,77,39090,39737,7326,3746,3038,6261,6844,3363,0,0,73883,0,0,881,80,2,0,0,0,0,8681,14936,1469,0,0,0,0,0
407,10311,408.0365181569464,99932,321,160,48,16,12472,6495,0.1897990633630869,168,72,39018,39574,7328,3744,3115,6432,7032,3452,0,0,73586,0,0,887,80,2,0,0,0,0,8922,14950,1505,0,0,0,0,0
408,10311,409.2844530146079,99932,319,149,48,16,12519,6520,0.19051955329624146,154,73,38972,39426,7317,3744,3188,6590,7222,3542,0,0,73283,0,0,890,87,2,0,0,0,0,9150,14970,1550,0,0,0,0,0
409,10311,410.11749479879023,99932,303,156,48,16,12543,6536,0.1909198254813273,158,81,38909,39245,7311,3730,3269,6770,7414,3633,0,0,73008,0,0,898,87,3,0,0,0,0,9387,14953,1596,0,0,0,0,0
410,10311,411.3694252330765,99932,285,159,48,16,12578,6565,0.19156026097746467,173,71,38832,39083,7316,3728,3344,6941,7608,3725,0,0,72706,0,0,902,92,3,0,0,0,0,9619,14965,1645,0,0,0,0,0
411,10311,412.2054557271511,99931,299,153,49,16,12616,6584,0.19213257147431728,165,62,38763,38932,7294,3719,3428,7116,7804,3818,0,0,72428,0,0,905,93,3,0,0,0,0,9852,14950,1700,0,0,0,0,0
412,10311,413.0430179236419,99931,293,148,49,16,12644,6592,0.19249282004583163,172,65,38679,38769,7287,3707,3518,7293,8002,3912,0,0,72144,0,0,907,96,3,0,0,0,0,10094,14940,1747,0,0,0,0,0
413,10311,414.30253084443035,99931,295,153,49,16,12695,6617,0.19325334480791748,165,66,38596,38600,7291,3700,3602,7463,8202,4007,0,0,71834,0,0,910,101,3,0,0,0,0,10343,14952,1788,0,0,0,0,0
414,10311,415.14374657722817,99931,292,149,49,16,12736,6628,0.1937737038556604,154,71,38516,38432,7304,3687,3683,7643,8404,4103,0,0,71522,0,0,913,103,3,0,0,0,0,10602,14962,1826,0,0,0,0,0
415,10311,416.4086380055476,99931,281,138,49,16,12787,6644,0.19444416647486765,151,75,38454,38287,7305,3668,3758,7814,8607,4200,0,0,71226,0,0,922,110,3,0,0,0,0,10826,14948,1896,0,0,0,0,0
416,10311,417.2533268305443,99931,279,137,49,16,12821,6660,0.19494451171308202,149,70,38367,38115,7308,3664,3846,7996,8812,4298,0,0,70929,0,0,924,113,3,0,0,0,0,11075,14940,1947,0,0,0,0,0
417,10311,418.09981750364597,99931,289,145,49,16,12852,6682,0.19547487766558927,161,63,38277,37955,7291,3645,3931,8174,9019,4397,0,0,70633,0,0,925,114,3,0,0,0,0,11338,14929,1989,0,0,0,0,0
418,10311,419.3725997852513,99930,299,140,50,16,12908,6701,0.196227359151406,141,61,38215,37791,7280,3640,4013,8350,9227,4497,0,0,70312,0,0,932,117,4,0,0,0,0,11600,14935,2030,0,0,0,0,0
419,10311,420.2224105257442,99928,303,140,51,17,12939,6716,0.19669161796493476,171,84,38113,37595,7263,3622,4097,8540,9437,4598,0,0,70031,16,2,936,118,4,0,0,0,0,11844,14883,2094,0,0,0,0,0
420,10311,421.3840113539864,99928,306,151,51,17,12988,6742,0.19744215835401488,200,107,38007,37420,7258,3596,4176,8707,9648,4700,0,0,69715,66,3,945,119,4,0,0,0,0,12109,14827,2140,0,0,0,0,0
421,10311,422.1597774289333,99928,306,155,51,17,13030,6762,0.19806260507565446,205,128,37899,37225,7268,3581,4269,8892,9861,4803,0,0,69403,107,8,953,121,5,0,0,0,0,12375,14774,2182,0,0,0,0,0
422,10311,423.32707956729433,99928,323,169,51,17,13096,6804,0.19914338323592987,232,129,37784,37029,7263,3583,4345,9071,10075,4907,0,0,69086,164,11,968,123,5,0,0,0,0,12632,14701,2238,0,0,0,0,0
423,10311,424.1069366319415,99927,331,177,52,17,13138,6836,0.19988591671920503,258,130,37673,36844,7262,3575,4422,9255,10290,5012,0,0,68776,207,20,965,130,5,0,0,0,0,12890,14649,2285,0,0,0,0,0
424,10311,425.28008512482194,99926,348,179,52,18,13211,6867,0.20092868722854912,260,145,37569,36651,7264,3574,4505,9431,10506,5118,0,0,68428,279,24,971,132,5,0,0,0,0,13161,14596,2330,0,0,0,0,0
425,10311,426.06388280671956,99926,361,186,52,18,13266,6900,0.201809338910794,272,143,37453,36456,7262,3578,4598,9617,10723,5225,0,0,68093,334,31,970,138,5,0,0,0,0,13434,14552,2369,0,0,0,0,0
426,10311,427.2433227610079,99926,386,193,52,18,13353,6941,0.20309028681224106,303,155,37305,36280,7276,3582,4676,9770,10941,5332,0,0,67735,409,42,977,141,5,0,0,0,0,13706,14503,2408,0,0,0,0,0
427,10311,428.03175879604186,99925,411,209,53,18,13418,6972,0.20405303977983488,295,160,37202,36090,7271,3565,4766,9956,11160,5440,0,0,67413,449,47,983,144,5,0,0,0,0,13982,14451,2451,0,0,0,0,0
428,10311,429.21784889705265,99925,433,214,53,18,13502,7014,0.20531398548911683,302,173,37091,35896,7281,3569,4838,10128,11380,5549,0,0,67044,534,55,985,148,5,0,0,0,0,14258,14404,2492,0,0,0,0,0
429,10311,430.01028295862204,99925,449,227,53,18,13572,7046,0.20633475106329746,306,171,36968,35719,7290,3545,4932,10318,11601,5659,0,0,66714,584,69,991,151,5,0,0,0,0,14524,14347,2540,0,0,0,0,0
430,10311,431.2030553596899,99924,473,231,54,18,13680,7085,0.2078079340298627,311,202,36829,35516,7322,3541,5009,10490,11823,5770,0,0,66352,668,82,1003,159,5,0,0,0,0,14788,14278,2589,0,0,0,0,0
431,10311,432.0003828201431,99924,467,237,54,18,13734,7117,0.2086685881269765,333,218,36700,35324,7336,3529,5108,10672,12046,5882,0,0,66014,735,87,1012,163,5,0,0,0,0,15054,14204,2650,0,0,0,0,0
432,10311,433.2009234617361,99924,486,263,54,18,13830,7190,0.21035987350386293,342,205,36570,35134,7364,3534,5182,10844,12270,5994,0,0,65635,831,105,1017,168,5,0,0,0,0,15319,14146,2698,0,0,0,0,0
433,10311,434.0034763640765,99924,514,260,54,18,13913,7230,0.21159080901485128,351,206,36432,34933,7370,3553,5277,11028,12494,6107,0,0,65290,896,120,1029,174,5,0,0,0,0,15584,14077,2749,0,0,0,0,0
434,10311,435.2119326938787,99923,544,281,55,18,14016,7300,0.21332425967995355,383,205,36284,34720,7386,3566,5346,11208,12719,6221,0,0,64911,984,135,1043,177,5,0,0,0,0,15859,14013,2796,0,0,0,0,0
435,10311,436.01976270743023,99922,555,285,56,18,14092,7344,0.21452733131842838,400,211,36156,34506,7396,3573,5435,11405,12945,6336,0,0,64548,1058,154,1050,181,5,0,0,0,0,16128,13953,2845,0,0,0,0,0
436,10311,437.23612107749705,99921,586,283,56,19,14215,7404,0.21636092513085337,421,215,36003,34299,7415,3597,5517,11585,13171,6451,0,0,64150,1167,177,1063,187,5,0,0,0,0,16392,13886,2894,0,0,0,0,0
437,10311,438.04952323358134,99920,608,287,57,19,14286,7443,0.21746397117694155,435,221,35880,34111,7411,3591,5607,11769,13397,6567,0,0,63813,1221,188,1074,194,5,0,0,0,0,16663,13815,2947,0,0,0,0,0
438,10311,439.2738932160249,99919,655,294,58,19,14430,7505,0.21952781753220107,426,221,35736,33925,7430,3607,5693,11932,13624,6684,0,0,63424,1318,211,1096,200,5,0,0,0,0,16929,13739,2997,0,0,0,0,0
439,10311,440.09247488275815,99918,652,305,59,19,14510,7551,0.22079104865990112,453,224,35584,33722,7461,3614,5789,12114,13851,6801,0,0,63053,1394,229,1112,205,5,0,0,0,0,17204,13672,3044,0,0,0,0,0
440,10311,441.3259140712777,99918,677,337,59,19,14644,7633,0.22295282131347705,470,219,35425,33529,7498,3627,5869,12267,14078,6919,0,0,62649,1508,250,1130,209,5,0,0,0,0,17472,13598,3097,0,0,0,0,0
441,10311,442.1509833503359,99917,699,344,59,20,14754,7679,0.22451634856931252,464,233,35268,33335,7543,3613,5965,12453,14306,7038,0,0,62281,1586,276,1139,218,6,0,0,0,0,17734,13530,3147,0,0,0,0,0
442,10311,443.39444781546064,99916,724,359,59,21,14899,7758,0.22676047880219385,479,232,35097,33134,7589,3643,6050,12609,14534,7157,0,0,61884,1698,310,1163,228,7,0,0,0,0,17984,13442,3200,0,0,0,0,0
443,10311,444.22653137253474,99916,750,369,59,21,14996,7803,0.2281816726049882,488,235,34948,32934,7605,3643,6148,12796,14762,7277,0,0,61520,1771,329,1173,232,7,0,0,0,0,18256,13375,3253,0,0,0,0,0
444,10311,445.0617816830846,99915,757,371,60,21,15087,7848,0.2295451133463444,528,251,34785,32735,7624,3649,6244,12971,14990,7397,0,0,61156,1842,354,1187,245,8,0,0,0,0,18524,13304,3295,0,0,0,0,0
445,10311,446.32069160799574,99914,780,379,61,21,15253,7923,0.23195948515723522,545,273,34598,32543,7694,3660,6320,13122,15218,7518,0,0,60716,1985,389,1206,253,8,0,0,0,0,18784,13229,3344,0,0,0,0,0
446,10311,447.1633218700299,99914,809,367,61,21,15368,7970,0.2335808795564185,555,292,34435,32345,7724,3680,6414,13293,15446,7639,0,0,60328,2073,421,1219,261,9,0,0,0,0,19050,13167,3386,0,0,0,0,0
447,10311,448.00954804071955,99912,796,391,63,21,15470,8041,0.235317079029546,589,285,34280,32138,7769,3687,6501,13476,15674,7761,0,0,59931,2181,440,1228,276,10,0,0,0,0,19317,13090,3439,0,0,0,0,0
448,10311,449.28507745575104,99911,828,409,64,21,15640,8132,0.2379317592657465,609,291,34083,31926,7832,3722,6582,13629,15902,7884,0,0,59496,2323,474,1243,290,10,0,0,0,0,19572,13014,3489,0,0,0,0,0
449,10311,450.13902053820686,99911,873,424,64,21,15785,8200,0.24006365665442245,604,306,33924,31728,7866,3727,6667,13792,16130,8007,0,0,59103,2427,498,1255,300,11,0,0,0,0,19837,12939,3541,0,0,0,0,0
450,10311,451.4264391697023,99910,933,445,64,22,16010,8304,0.24335902312080873,582,303,33730,31538,7951,3753,6738,13937,16357,8130,0,0,58672,2566,552,1289,313,11,0,0,0,0,20068,12845,3594,0,0,0,0,0
451,10311,452.2885824948827,99910,921,453,64,22,16115,8362,0.24499049144229806,630,319,33559,31328,8005,3759,6819,14117,16584,8254,0,0,58293,2663,584,1310,324,12,0,0,0,0,20316,12753,3655,0,0,0,0,0
452,10311,453.1544331031593,99910,971,471,64,22,16270,8433,0.24725252727454708,619,323,33385,31109,8045,3773,6914,14300,16811,8378,0,0,57898,2764,619,1320,332,14,0,0,0,0,20574,12687,3702,0,0,0,0,0
453,10311,454.02438388748425,99910,984,490,64,22,16395,8511,0.2492843559203283,649,321,33230,30915,8083,3791,6988,14459,17037,8503,0,0,57493,2876,644,1330,350,14,0,0,0,0,20836,12619,3748,0,0,0,0,0
454,10311,455.3358541618322,99909,1014,514,65,22,16610,8628,0.2526098749862375,671,330,32993,30696,8197,3839,7058,14597,17263,8628,0,0,57021,3044,700,1368,361,14,0,0,0,0,21080,12532,3789,0,0,0,0,0
455,10311,456.2146991471424,99909,1042,522,65,22,16760,8698,0.25481187880971684,679,362,32819,30474,8250,3872,7143,14746,17489,8754,0,0,56616,3152,739,1391,369,14,0,0,0,0,21337,12449,3842,0,0,0,0,0
456,10311,457.09779077026485,99909,1080,533,65,22,16913,8772,0.257083946391216,712,384,32631,30258,8295,3898,7215,14903,17714,8880,0,0,56224,3250,779,1413,382,14,0,0,0,0,21588,12368,3891,0,0,0,0,0
457,10311,458.4304562078548,99909,1130,543,65,22,17185,8891,0.26099750773203617,705,406,32392,30045,8437,3943,7269,15039,17939,9006,0,0,55738,3446,847,1447,404,14,0,0,0,0,21802,12270,3941,0,0,0,0,0
458,10311,459.32372586746806,99908,1159,573,66,22,17337,8979,0.2634023301437322,714,420,32203,29825,8509,3960,7347,15198,18163,9133,0,0,55340,3549,898,1460,413,14,0,0,0,0,22042,12199,3993,0,0,0,0,0
459,10311,460.22151303419906,99902,1157,571,71,23,17484,9043,0.26553021961522294,755,441,32010,29627,8586,3980,7419,15356,18386,9260,0,0,54929,3661,949,1487,429,14,0,0,0,0,22282,12115,4036,0,0,0,0,0
460,10311,461.12415560943873,99902,1164,596,71,23,17646,9137,0.26809273087625873,791,441,31798,29409,8666,4009,7508,15520,18609,9387,0,0,54502,3788,998,1516,439,15,0,0,0,0,22528,12034,4082,0,0,0,0,0
461,10311,462.03226371723576,99901,1195,620,71,24,17816,9239,0.27081810992882954,832,446,31617,29197,8706,4034,7577,15677,18831,9515,0,0,54082,3914,1051,1533,454,15,0,0,0,0,22765,11959,4128,0,0,0,0,0
462,10311,463.4024951597257,99901,1215,640,71,24,18083,9389,0.2749922423198967,844,434,31392,28988,8843,4102,7633,15810,19052,9643,0,0,53579,4137,1129,1586,468,15,0,0,0,0,22963,11832,4192,0,0,0,0,0
463,10311,464.3211409402796,99898,1264,676,74,24,18298,9497,0.2782337984744439,818,423,31212,28802,8929,4123,7701,15950,19273,9771,0,0,53156,4266,1190,1614,478,15,0,0,0,0,23188,11747,4244,0,0,0,0,0
464,10311,465.24470961050076,99897,1285,685,75,24,18477,9596,0.28101945003353457,835,443,31040,28594,8989,4169,7774,16083,19493,9899,0,0,52720,4411,1253,1634,489,16,0,0,0,0,23412,11666,4296,0,0,0,0,0
465,10311,466.17287154843143,99897,1311,684,75,24,18669,9682,0.28380231638587744,836,457,30856,28414,9071,4207,7849,16212,19712,10028,0,0,52294,4546,1310,1663,510,16,0,0,0,0,23640,11575,4343,0,0,0,0,0
466,10311,467.1060857754839,99896,1304,675,76,24,18850,9780,0.28659806198446386,870,486,30642,28205,9185,4263,7921,16345,19930,10157,0,0,51839,4704,1391,1690,528,16,0,0,0,0,23848,11494,4386,0,0,0,0,0
467,10311,468.04527942802474,99896,1327,702,76,24,19043,9884,0.28957115400016015,870,481,30456,28030,9263,4294,8006,16467,20147,10286,0,0,51407,4828,1458,1719,545,17,0,0,0,0,24082,11426,4414,0,0,0,0,0
468,10311,469.46452347613587,99896,1330,723,76,24,19333,10052,0.2941559221590454,891,464,30210,27841,9443,4374,8048,16572,20363,10415,0,0,50874,5078,1548,1767,573,18,0,0,0,0,24264,11311,4463,0,0,0,0,0
469,10311,470.4167745206689,99895,1373,753,77,24,19557,10177,0.29765253516192003,887,455,29988,27651,9550,4422,8123,16693,20579,10544,0,0,50441,5207,1626,1798,594,19,0,0,0,0,24477,11236,4497,0,0,0,0,0
470,10311,471.37518745636095,99893,1385,758,79,24,19781,10276,0.3008919543911986,862,464,29801,27463,9680,4464,8191,16825,20794,10674,0,0,49992,5351,1710,1841,606,22,0,0,0,0,24685,11148,4538,0,0,0,0,0
471,10311,472.3398408721229,99890,1387,765,80,26,20005,10392,0.3043047352087296,859,471,29581,27279,9816,4517,8275,16940,21008,10804,0,0,49521,5530,1794,1866,632,22,0,0,0,0,24884,11061,4580,0,0,0,0,0
472,10311,473.31149590490145,99890,1391,792,80,26,20198,10506,0.3073781159275203,872,491,29389,27071,9905,4550,8361,17068,21221,10934,0,0,49092,5662,1869,1904,652,24,0,0,0,0,25099,10977,4611,0,0,0,0,0
473,10311,474.2895172052876,99888,1402,814,82,26,20386,10639,0.3105978696139676,885,474,29181,26885,10012,4609,8436,17190,21433,11064,0,0,48643,5807,1936,1953,665,24,0,0,0,0,25324,10886,4650,0,0,0,0,0
474,10311,475.27373222213754,99886,1414,801,84,26,20615,10743,0.3139378891936808,894,493,28980,26692,10134,4678,8492,17308,21644,11194,0,0,48157,5997,2023,1975,684,25,0,0,0,0,25524,10815,4686,0,0,0,0,0
475,10311,476.2645343352984,99886,1435,796,84,26,20872,10856,0.31764211200768877,875,517,28794,26501,10261,4751,8549,17407,21853,11324,0,0,47688,6175,2111,2022,708,25,0,0,0,0,25716,10714,4727,0,0,0,0,0
476,10311,477.26189046178354,99885,1428,830,85,26,21083,11000,0.3211993792861791,918,518,28583,26328,10379,4800,8605,17496,22061,11454,0,0,47244,6337,2192,2048,744,26,0,0,0,0,25901,10627,4766,0,0,0,0,0
477,10311,478.2657625203962,99884,1437,841,86,26,21283,11132,0.324526450682792,953,506,28407,26155,10460,4862,8655,17608,22268,11584,0,0,46811,6490,2278,2078,771,26,0,0,0,0,26087,10531,4812,0,0,0,0,0
478,10311,479.2754814719567,99884,1419,851,86,26,21476,11265,0.3277902366745425,981,487,28215,25987,10565,4928,8732,17719,22474,11714,0,0,46364,6646,2378,2105,804,26,0,0,0,0,26262,10457,4842,0,0,0,0,0
479,10311,480.29205810662444,99883,1476,838,87,26,21737,11395,0.331708098475216,962,485,28020,25799,10663,5024,8790,17826,22679,11844,0,0,45924,6796,2494,2133,835,26,0,0,0,0,26419,10378,4878,0,0,0,0,0
480,10311,481.3151666061849,99882,1487,840,88,26,21970,11518,0.3352756252377806,975,489,27808,25621,10791,5087,8849,17935,22883,11974,0,0,45461,6971,2580,2165,862,26,0,0,0,0,26607,10292,4918,0,0,0,0,0
481,10311,482.3455904497119,99881,1514,855,89,26,22235,11647,0.3392236761746478,964,471,27598,25466,10927,5153,8906,18027,23086,12104,0,0,45000,7131,2686,2204,886,28,0,0,0,0,26785,10218,4943,0,0,0,0,0
482,10311,483.3836634155568,99879,1530,853,90,27,22471,11775,0.3428748786031098,1006,462,27391,25300,11021,5219,8960,18137,23287,12234,0,0,44566,7275,2806,2238,910,29,0,0,0,0,26932,10138,4985,0,0,0,0,0
483,10311,484.4292260620676,99878,1566,856,91,27,22742,11913,0.34697330743507077,993,463,27194,25139,11130,5284,9024,18229,23487,12364,0,0,44123,7413,2925,2283,943,30,0,0,0,0,27091,10061,5009,0,0,0,0,0
484,10311,485.48179756153934,99878,1623,875,91,27,23010,12049,0.3510182422555518,968,455,27001,24970,11233,5344,9082,18327,23686,12494,0,0,43695,7552,3026,2337,954,33,0,0,0,0,27261,9968,5052,0,0,0,0,0
485,10311,486.01022820630675,99878,1636,857,91,27,23147,12098,0.3528805142273574,948,474,26852,24817,11292,5360,9179,18463,23884,12624,0,0,43340,7624,3099,2358,967,34,0,0,0,0,27462,9901,5093,0,0,0,0,0
486,10311,487.075705104894,99878,1633,869,91,27,23401,12241,0.3568553635435231,922,474,26685,24649,11432,5438,9235,18541,24080,12754,0,0,42879,7795,3212,2401,1001,36,0,0,0,0,27621,9817,5116,0,0,0,0,0
487,10311,488.1484182109092,99877,1624,855,92,27,23663,12368,0.3607537270843137,939,477,26467,24511,11587,5503,9289,18625,24275,12884,0,0,42431,7967,3341,2449,1033,38,0,0,0,0,27747,9714,5157,0,0,0,0,0
488,10311,489.22913347679247,99875,1634,850,93,28,23929,12488,0.36462578222778474,895,498,26290,24338,11731,5568,9355,18716,24469,13014,0,0,41972,8122,3459,2495,1060,41,0,0,0,0,27907,9643,5176,0,0,0,0,0
489,10311,490.3182035525721,99874,1619,871,94,28,24148,12626,0.3682039369605703,944,492,26093,24184,11851,5628,9397,18795,24662,13144,0,0,41553,8245,3573,2549,1082,45,0,0,0,0,28064,9557,5206,0,0,0,0,0
490,10311,491.4150128018773,99873,1624,863,94,29,24404,12750,0.37201245581889,909,527,25947,24034,11975,5693,9449,18852,24853,13274,0,0,41154,8369,3713,2595,1114,50,0,0,0,0,28174,9458,5246,0,0,0,0,0
491,10311,492.5187362006492,99872,1623,885,94,30,24663,12914,0.3762516020506248,909,503,25760,23891,12112,5769,9500,18920,25043,13404,0,0,40725,8531,3845,2633,1151,52,0,0,0,0,28288,9360,5287,0,0,0,0,0
492,10311,493.0727040599469,99872,1585,879,94,30,24766,12978,0.37792374239025955,934,509,25647,23734,12161,5793,9577,19053,25232,13533,0,0,40377,8596,3927,2652,1178,53,0,0,0,0,28475,9304,5310,0,0,0,0,0
493,10311,494.1893287354898,99869,1579,869,97,30,25016,13113,0.381790145090068,939,508,25480,23621,12277,5860,9626,19110,25419,13662,0,0,39930,8780,4054,2691,1201,58,0,0,0,0,28599,9203,5353,0,0,0,0,0
494,10311,495.3130840173901,99868,1605,851,98,30,25320,13254,0.3862498498017383,927,517,25281,23469,12420,5959,9667,19172,25605,13791,0,0,39498,8928,4205,2754,1233,61,0,0,0,0,28696,9107,5386,0,0,0,0,0
495,10311,496.44472470280016,99867,1598,882,99,30,25588,13416,0.3905594440606006,921,494,25104,23327,12571,6018,9705,19247,25790,13920,0,0,39066,9075,4339,2798,1271,63,0,0,0,0,28815,9028,5412,0,0,0,0,0
496,10311,497.01334237064145,99867,1607,887,99,30,25700,13484,0.392361841248861,933,486,24999,23189,12578,6036,9782,19370,25973,14049,0,0,38773,9112,4423,2798,1295,65,0,0,0,0,28978,8964,5459,0,0,0,0,0
497,10311,498.15902830570224,99866,1585,885,100,30,25948,13646,0.3964712715038151,953,481,24826,23053,12717,6134,9817,19415,26155,14177,0,0,38353,9255,4568,2862,1336,66,0,0,0,0,29081,8858,5487,0,0,0,0,0
498,10311,499.3119056005737,99865,1592,863,100,31,26236,13767,0.4005707705402293,934,501,24664,22940,12840,6203,9868,19460,26335,14305,0,0,37938,9410,4701,2906,1389,67,0,0,0,0,29177,8759,5518,0,0,0,0,0
499,10311,500.47279015225024,99864,1600,859,101,31,26517,13902,0.40474044700793077,899,492,24496,22823,12991,6273,9911,19520,26514,14433,0,0,37529,9546,4838,2953,1430,71,0,0,0,0,29273,8674,5550,0,0,0,0,0
500,10311,501.05549656201373,99864,1609,846,101,31,26659,13964,0.4067832251862533,902,513,24362,22699,13029,6284,9995,19625,26692,14561,0,0,37228,9587,4928,2965,1463,75,0,0,0,0,29425,8610,5583,0,0,0,0,0
501,10311,502.23084103589156,99864,1560,866,101,31,26906,14109,0.41070856364655933,917,482,24212,22588,13177,6346,10031,19685,26868,14689,0,0,36804,9732,5059,3012,1511,80,0,0,0,0,29539,8532,5595,0,0,0,0,0
502,10311,503.4141804908114,99863,1571,866,101,32,27175,14254,0.4148583559476483,922,483,24082,22502,13267,6409,10055,19706,27043,14816,0,0,36399,9872,5214,3049,1546,87,0,0,0,0,29631,8454,5611,0,0,0,0,0
503,10311,504.0078801249266,99862,1597,857,102,32,27329,14334,0.41720574392661874,910,483,23936,22369,13320,6453,10133,19804,27217,14943,0,0,36072,9920,5304,3076,1575,87,0,0,0,0,29800,8402,5626,0,0,0,0,0
504,10311,505.203942426216,99860,1599,855,104,32,27597,14483,0.421389945924294,890,488,23828,22265,13418,6516,10159,19842,27389,15070,0,0,35670,10049,5463,3122,1607,90,0,0,0,0,29877,8320,5662,0,0,0,0,0
505,10311,506.40692360214416,99859,1562,858,105,32,27844,14622,0.4252596160586427,900,475,23697,22178,13556,6586,10178,19869,27560,15197,0,0,35262,10180,5614,3176,1639,94,0,0,0,0,29963,8241,5690,0,0,0,0,0
506,10311,507.01035438858014,99858,1574,842,106,32,27984,14682,0.4272667187406117,908,494,23576,22066,13579,6598,10255,19966,27729,15323,0,0,34988,10207,5724,3189,1669,95,0,0,0,0,30081,8176,5729,0,0,0,0,0
507,10311,508.22568163401496,99857,1561,848,107,32,28245,14836,0.4314269405249507,889,472,23427,21977,13717,6675,10297,19994,27897,15449,0,0,34599,10316,5862,3256,1714,97,0,0,0,0,30168,8090,5755,0,0,0,0,0
508,10311,509.449224682526,99856,1566,841,107,33,28537,14981,0.4358075628905624,867,459,23275,21871,13865,6763,10318,20031,28064,15575,0,0,34170,10480,6005,3302,1748,103,0,0,0,0,30257,8008,5783,0,0,0,0,0
509,10311,510.06346826036315,99855,1542,847,108,33,28675,15057,0.43795503480046066,832,438,23182,21764,13932,6777,10402,20139,28229,15700,0,0,33865,10544,6095,3334,1764,108,0,0,0,0,30389,7925,5831,0,0,0,0,0
510,10311,511.30128949949676,99855,1538,816,108,33,28946,15189,0.4419908867858395,796,450,23076,21656,14042,6867,10438,20176,28393,15825,0,0,33482,10661,6242,3391,1813,112,0,0,0,0,30454,7840,5860,0,0,0,0,0
511,10311,512.5453385430601,99855,1504,818,108,33,29187,15318,0.44569625957638576,823,466,22913,21576,14166,6912,10484,20193,28556,15950,0,0,33114,10761,6394,3442,1856,116,0,0,0,0,30530,7761,5881,0,0,0,0,0
512,10311,513.1701513125548,99855,1488,788,108,33,29321,15386,0.44771919282960293,812,471,22798,21476,14226,6957,10566,20273,28717,16074,0,0,32813,10806,6499,3466,1893,118,0,0,0,0,30654,7702,5904,0,0,0,0,0
513,10311,514.4296512358576,99854,1479,797,108,34,29576,15535,0.4517695835920444,793,456,22669,21384,14349,7029,10600,20298,28877,16198,0,0,32443,10919,6651,3509,1933,124,0,0,0,0,30720,7626,5929,0,0,0,0,0
514,10311,515.0621281792502,99854,1449,797,108,34,29688,15609,0.45363230316261743,793,442,22586,21289,14386,7046,10676,20390,29035,16322,0,0,32163,10939,6764,3528,1964,125,0,0,0,0,30842,7579,5950,0,0,0,0,0
515,10311,516.3352835436943,99853,1429,813,109,34,29922,15754,0.4574324256657286,803,425,22467,21218,14493,7095,10697,20413,29192,16445,0,0,31826,11015,6923,3566,2007,134,0,0,0,0,30906,7511,5965,0,0,0,0,0
516,10311,517.614784001914,99853,1436,781,109,34,30187,15883,0.46137822599220857,805,424,22357,21142,14574,7188,10717,20429,29348,16568,0,0,31471,11118,7106,3614,2051,135,0,0,0,0,30944,7429,5985,0,0,0,0,0
517,10311,518.2567198173774,99853,1444,790,109,34,30301,15956,0.4632509789390404,834,414,22248,21046,14579,7199,10784,20515,29502,16691,0,0,31231,11117,7212,3624,2083,137,0,0,0,0,31064,7379,6006,0,0,0,0,0
518,10311,519.5487164532688,99853,1430,769,109,34,30546,16077,0.46691636705957756,820,417,22134,21001,14683,7262,10822,20515,29655,16813,0,0,30873,11227,7369,3663,2126,142,0,0,0,0,31124,7302,6027,0,0,0,0,0
519,10311,520.1968342719556,99853,1451,782,109,34,30707,16157,0.46932991497501325,766,390,22067,20920,14716,7278,10889,20594,29807,16935,0,0,30616,11235,7492,3666,2166,146,0,0,0,0,31230,7269,6033,0,0,0,0,0
520,10311,521.501176515762,99851,1438,762,110,35,30967,16289,0.47326516509599303,720,377,21968,20834,14859,7366,10903,20624,29957,17056,0,0,30253,11335,7632,3710,2221,153,0,0,0,0,31292,7206,6049,0,0,0,0,0
521,10311,522.1550114486643,99851,1387,742,110,35,31065,16351,0.47486755265345365,726,378,21886,20752,14914,7388,10975,20703,30106,17177,0,0,30006,11353,7756,3738,2255,155,0,0,0,0,31375,7136,6077,0,0,0,0,0
522,10311,523.4713913206248,99851,1378,735,110,35,31312,16477,0.47860311864678373,704,349,21785,20716,15023,7440,10998,20723,30254,17298,0,0,29668,11432,7909,3776,2313,159,0,0,0,0,31439,7078,6077,0,0,0,0,0
523,10311,524.1313837890017,99851,1354,735,110,35,31420,16536,0.4802756106598832,715,359,21687,20634,15064,7437,11068,20798,30400,17418,0,0,29428,11439,8016,3783,2343,165,0,0,0,0,31545,7030,6102,0,0,0,0,0
524,10311,525.4605282841311,99851,1335,702,110,35,31654,16655,0.4838108782085307,688,366,21596,20614,15166,7506,11103,20775,30545,17538,0,0,29103,11502,8188,3832,2385,173,0,0,0,0,31581,6969,6118,0,0,0,0,0
525,10311,526.127089281036,99851,1322,691,110,35,31764,16709,0.48545332545492786,678,372,21513,20549,15198,7510,11177,20841,30689,17657,0,0,28874,11496,8303,3844,2417,181,0,0,0,0,31685,6928,6123,0,0,0,0,0
526,10311,527.4685959606976,99846,1285,673,115,35,31966,16820,0.4886124631933177,684,360,21449,20517,15248,7560,11217,20853,30831,17776,0,0,28559,11563,8439,3887,2475,183,0,0,0,0,31750,6859,6131,0,0,0,0,0
527,10311,528.1409067856075,99844,1264,646,117,35,32084,16866,0.49026481310844916,669,374,21380,20449,15285,7578,11283,20916,30972,17895,0,0,28308,11597,8549,3886,2515,187,0,0,0,0,31841,6811,6150,0,0,0,0,0
528,10311,529.4923279458726,99843,1289,622,118,35,32334,16978,0.49389541580281043,588,376,21364,20393,15350,7652,11289,20920,31112,18013,0,0,27993,11664,8703,3936,2555,188,0,0,0,0,31892,6747,6165,0,0,0,0,0
529,10311,530.168711111113,99843,1256,625,118,35,32452,17039,0.4956882305219194,574,358,21305,20335,15383,7660,11362,20985,31250,18131,0,0,27749,11689,8819,3943,2586,191,0,0,0,0,31977,6697,6192,0,0,0,0,0
530,10311,531.5268313330421,99843,1220,610,118,35,32644,17150,0.4987229951023106,576,344,21229,20296,15456,7715,11399,20998,31387,18248,0,0,27432,11784,8976,3955,2639,195,0,0,0,0,32021,6646,6195,0,0,0,0,0
531,10311,532.207159222186,99843,1234,601,118,35,32769,17196,0.5004356840239176,541,344,21171,20236,15467,7717,11467,21065,31523,18365,0,0,27234,11770,9078,3962,2673,199,0,0,0,0,32106,6594,6227,0,0,0,0,0
532,10311,533.5752335552661,99843,1177,580,118,35,32946,17319,0.5034404014302455,521,333,21141,20224,15555,7772,11486,21054,31658,18481,0,0,26929,11837,9221,3999,2730,203,0,0,0,0,32147,6532,6245,0,0,0,0,0
533,10311,534.2601160661552,99843,1156,583,118,35,33037,17382,0.5049828230321605,505,317,21094,20175,15576,7785,11549,21103,31791,18597,0,0,26701,11847,9317,3998,2763,207,0,0,0,0,32248,6497,6265,0,0,0,0,0
534,10311,535.6354584358994,99843,1077,574,118,35,33186,17494,0.5075969271756658,513,300,21036,20150,15672,7828,11582,21111,31923,18712,0,0,26435,11900,9473,4012,2815,220,0,0,0,0,32271,6436,6281,0,0,0,0,0
535,10311,536.3236538338333,99840,1059,559,121,35,33271,17546,0.508984375,519,304,20990,20090,15663,7840,11646,21170,32054,18827,0,0,26242,11879,9573,4022,2856,221,0,0,0,0,32353,6388,6306,0,0,0,0,0
536,10311,537.0148124790963,99838,1039,546,123,35,33364,17597,0.5104369077906208,518,290,20923,20045,15684,7844,11711,21238,32184,18941,0,0,26023,11888,9670,4023,2890,224,0,0,0,0,32440,6348,6332,0,0,0,0,0
537,10311,538.4028757230552,99836,1004,545,125,35,33528,17696,0.5130814535838776,522,275,20914,20040,15726,7872,11707,21231,32312,19055,0,0,25753,11937,9782,4042,2942,232,0,0,0,0,32507,6299,6342,0,0,0,0,0
538,10311,539.0975740621303,99836,996,533,125,35,33621,17740,0.5144537040746825,501,282,20875,19990,15723,7871,11778,21287,32439,19168,0,0,25551,11942,9882,4038,2975,236,0,0,0,0,32591,6258,6363,0,0,0,0,0
539,10311,540.4908185388138,99835,987,539,126,35,33801,17843,0.5172935343316473,463,245,20882,19988,15751,7903,11789,21288,32565,19281,0,0,25306,11968,10009,4065,3021,241,0,0,0,0,32640,6203,6382,0,0,0,0,0
540,10311,541.1870405308424,99835,985,527,126,35,33879,17885,0.5184955176040467,467,246,20843,19924,15736,7914,11841,21352,32690,19394,0,0,25118,11958,10104,4062,3050,243,0,0,0,0,32728,6162,6410,0,0,0,0,0
541,10311,542.5835636826725,99834,946,505,127,35,34040,17965,0.5209147184325981,461,251,20836,19947,15792,7929,11836,21331,32814,19506,0,0,24866,11993,10222,4094,3102,249,0,0,0,0,32781,6104,6423,0,0,0,0,0
542,10311,543.2814817465562,99834,940,504,127,35,34112,18002,0.5220065308411964,468,256,20797,19905,15769,7909,11897,21389,32936,19618,0,0,24698,11964,10317,4088,3135,252,0,0,0,0,32866,6073,6441,0,0,0,0,0
543,10311,544.6819542110229,99833,892,502,127,36,34246,18106,0.5243957408872818,464,227,20799,19918,15805,7944,11911,21371,33057,19729,0,0,24470,11979,10460,4103,3190,257,0,0,0,0,32895,6030,6449,0,0,0,0,0
544,10311,545.3821190044015,99833,887,495,127,36,34322,18139,0.5254875642322678,464,220,20755,19885,15786,7936,11979,21426,33177,19840,0,0,24316,11951,10538,4089,3239,261,0,0,0,0,32977,5990,6472,0,0,0,0,0
545,10311,546.0834489113618,99833,868,471,127,36,34402,18177,0.5266695381286749,454,216,20722,19848,15777,7949,12050,21478,33296,19950,0,0,24125,11935,10649,4100,3264,264,0,0,0,0,33052,5954,6490,0,0,0,0,0
546,10311,547.4907289708498,99832,843,457,128,36,34573,18258,0.5291990544114111,414,205,20718,19855,15820,7963,12075,21482,33414,20060,0,0,23908,11935,10780,4142,3317,269,0,0,0,0,33090,5893,6498,0,0,0,0,0
547,10311,548.1940905304608,99831,818,448,128,37,34637,18295,0.5302160651501037,406,208,20699,19811,15811,7966,12136,21528,33531,20169,0,0,23735,11917,10854,4145,3354,275,0,0,0,0,33181,5853,6517,0,0,0,0,0
548,10311,549.6051801016623,99829,775,432,129,38,34748,18363,0.532019753778962,411,202,20696,19848,15836,7966,12151,21512,33646,20278,0,0,23543,11922,10974,4145,3413,282,0,0,0,0,33215,5808,6527,0,0,0,0,0
549,10311,550.3104646237192,99829,752,428,129,38,34809,18400,0.5330014324494886,410,190,20661,19830,15825,7945,12221,21567,33760,20386,0,0,23376,11897,11066,4148,3440,286,0,0,0,0,33294,5776,6546,0,0,0,0,0
550,10311,551.0169576416008,99828,735,414,130,38,34879,18437,0.5340786152181752,389,179,20627,19826,15834,7941,12283,21600,33873,20494,0,0,23202,11888,11148,4150,3470,293,0,0,0,0,33376,5736,6565,0,0,0,0,0
551,10311,552.4343809320897,99828,742,390,130,38,35027,18503,0.5362223023600593,369,161,20639,19838,15820,7965,12298,21606,33985,20601,0,0,23005,11894,11265,4162,3512,300,0,0,0,0,33415,5691,6584,0,0,0,0,0
552,10311,553.1431606079313,99827,722,387,130,39,35080,18540,0.5371292335740832,386,148,20600,19806,15796,7963,12364,21655,34096,20708,0,0,22839,11871,11338,4166,3544,302,0,0,0,0,33511,5655,6601,0,0,0,0,0
553,10311,554.5632288907927,99825,707,368,132,39,35211,18597,0.5390232907588279,345,156,20597,19885,15826,7950,12391,21600,34206,20814,0,0,22656,11869,11457,4167,3602,305,0,0,0,0,33546,5614,6609,0,0,0,0,0
554,10311,555.27296480437,99824,696,363,133,39,35269,18625,0.5398902067639044,328,159,20574,19864,15804,7933,12463,21640,34315,20919,0,0,22508,11843,11545,4158,3631,308,0,0,0,0,33619,5581,6631,0,0,0,0,0
555,10311,556.6965859358361,99823,693,336,134,39,35388,18679,0.5416286827685003,309,155,20605,19904,15777,7938,12480,21626,34423,21024,0,0,22321,11850,11643,4169,3675,313,0,0,0,0,33670,5535,6647,0,0,0,0,0
556,10311,557.4074028245851,99823,694,329,134,39,35452,18707,0.542550314055879,297,144,20580,19891,15750,7927,12543,21668,34530,21128,0,0,22177,11835,11717,4154,3712,316,0,0,0,0,33748,5495,6669,0,0,0,0,0
557,10311,558.1189234409223,99823,681,313,134,39,35503,18729,0.5432816084469511,300,157,20568,19882,15708,7906,12607,21701,34636,21232,0,0,22038,11810,11808,4151,3737,317,0,0,0,0,33811,5450,6701,0,0,0,0,0
558,10311,559.5445079120638,99823,636,295,134,39,35601,18774,0.5447141440349419,295,161,20558,19915,15732,7903,12643,21685,34741,21335,0,0,21868,11798,11936,4148,3785,322,0,0,0,0,33835,5422,6709,0,0,0,0,0
559,10311,560.2571996524423,99823,615,311,134,39,35644,18813,0.545535598008475,293,141,20562,19904,15694,7877,12700,21726,34845,21438,0,0,21741,11742,12015,4148,3815,326,0,0,0,0,33915,5396,6725,0,0,0,0,0
560,10311,561.684971440103,99823,604,319,134,39,35754,18872,0.5472285946124641,262,124,20589,19946,15686,7845,12723,21725,34948,21540,0,0,21574,11736,12107,4153,3851,335,0,0,0,0,33969,5359,6739,0,0,0,0,0
561,10311,562.3978285673529,99823,597,309,134,39,35804,18896,0.5479699067349209,246,120,20576,19924,15662,7834,12783,21772,35049,21642,0,0,21444,11699,12190,4150,3879,338,0,0,0,0,34041,5324,6758,0,0,0,0,0
562,10311,563.1111366472336,99822,573,303,135,39,35844,18917,0.5485864839414157,248,123,20554,19912,15637,7823,12851,21798,35149,21743,0,0,21305,11664,12268,4143,3908,342,0,0,0,0,34120,5302,6770,0,0,0,0,0
563,10311,564.5400625338978,99821,566,282,136,39,35947,18954,0.5499944901373458,232,125,20585,19972,15618,7813,12861,21767,35248,21844,0,0,21137,11665,12358,4141,3947,349,0,0,0,0,34176,5265,6783,0,0,0,0,0
564,10311,565.2535819514349,99820,561,273,137,39,35997,18979,0.5507513524343819,217,114,20567,19970,15593,7806,12923,21796,35347,21944,0,0,20996,11633,12440,4139,3967,352,0,0,0,0,34254,5238,6801,0,0,0,0,0
565,10311,566.6826291531905,99820,539,246,137,39,36084,19011,0.5519434982969345,204,128,20613,20006,15564,7792,12941,21787,35445,22044,0,0,20840,11621,12537,4140,4009,358,0,0,0,0,34301,5204,6810,0,0,0,0,0
566,10311,567.3955719360105,99820,510,247,137,39,36112,19033,0.5524443999198557,204,126,20610,20007,15541,7759,12996,21820,35542,22143,0,0,20704,11589,12605,4140,4031,360,0,0,0,0,34385,5176,6830,0,0,0,0,0
567,10311,568.1092556698959,99820,497,235,137,39,36151,19051,0.553015427769986,202,130,20598,20001,15507,7748,13057,21845,35638,22242,0,0,20573,11562,12676,4123,4064,364,0,0,0,0,34460,5154,6844,0,0,0,0,0
568,10311,569.5378777608128,99820,467,242,137,39,36220,19105,0.5542476457623723,206,111,20645,20040,15461,7734,13082,21832,35733,22340,0,0,20433,11527,12770,4122,4112,364,0,0,0,0,34509,5129,6854,0,0,0,0,0
569,10311,570.2507044928325,99819,464,239,137,40,36264,19129,0.5549344313206904,187,100,20639,20026,15426,7713,13145,21880,35827,22438,0,0,20314,11487,12847,4113,4132,371,0,0,0,0,34581,5103,6871,0,0,0,0,0
570,10311,571.6775487271323,99818,449,204,137,41,36337,19156,0.555941814101665,177,105,20693,20079,15395,7707,13147,21862,35920,22535,0,0,20163,11475,12936,4110,4161,382,0,0,0,0,34634,5075,6882,0,0,0,0,0
571,10311,572.3890931041531,99818,426,201,137,41,36367,19170,0.5563826163617784,168,107,20702,20064,15363,7667,13202,21918,36012,22632,0,0,20045,11430,13008,4108,4181,388,0,0,0,0,34708,5056,6894,0,0,0,0,0
572,10311,573.1011728801315,99818,411,194,137,41,36398,19185,0.5568434550882606,157,108,20707,20052,15332,7650,13254,21953,36103,22728,0,0,19918,11400,13070,4105,4201,391,0,0,0,0,34791,5028,6914,0,0,0,0,0
573,10311,574.525279482241,99818,387,194,137,41,36449,19223,0.5577350778416719,167,112,20732,20092,15297,7632,13278,21927,36193,22824,0,0,19784,11371,13147,4111,4230,394,0,0,0,0,34853,4999,6929,0,0,0,0,0
574,10311,575.2359187147739,99817,381,190,138,41,36475,19240,0.5581714537603815,169,107,20740,20106,15239,7599,13331,21955,36282,22919,0,0,19677,11328,13221,4100,4247,398,0,0,0,0,34922,4976,6948,0,0,0,0,0
575,10311,576.6583566802337,99817,369,192,138,41,36535,19276,0.5591332137812196,161,100,20783,20178,15194,7576,13353,21911,36370,23014,0,0,19563,11292,13307,4092,4277,406,0,0,0,0,34967,4952,6961,0,0,0,0,0
576,10311,577.3681655730446,99817,352,181,138,41,36566,19292,0.5596040754580883,149,92,20786,20175,15169,7561,13404,21948,36457,23108,0,0,19449,11259,13378,4078,4307,409,0,0,0,0,35032,4928,6977,0,0,0,0,0
577,10311,578.0779701978178,99817,349,180,138,41,36596,19309,0.5600749371349569,153,79,20750,20176,15134,7539,13474,21983,36543,23201,0,0,19337,11217,13446,4069,4331,409,0,0,0,0,35109,4912,6987,0,0,0,0,0
578,10311,579.4992379177113,99817,338,175,138,41,36647,19332,0.5608162938176864,154,88,20803,20260,15070,7488,13495,21946,36629,23294,0,0,19231,11175,13516,4068,4360,416,0,0,0,0,35166,4883,7002,0,0,0,0,0
579,10311,580.2090006713644,99817,321,162,138,41,36674,19340,0.5611669354919503,160,90,20790,20262,15032,7463,13557,21980,36714,23386,0,0,19117,11147,13583,4053,4384,422,0,0,0,0,35234,4865,7012,0,0,0,0,0
580,10311,581.6286400253572,99815,310,162,139,42,36729,19373,0.5620598106497019,147,79,20842,20318,14991,7442,13569,21955,36798,23478,0,0,18989,11113,13650,4055,4416,424,0,0,0,0,35303,4846,7019,0,0,0,0,0
581,10311,582.3366700923399,99815,299,162,139,42,36754,19388,0.5624605520212393,146,74,20849,20329,14944,7417,13621,21974,36881,23569,0,0,18888,11085,13702,4038,4446,426,0,0,0,0,35369,4819,7042,0,0,0,0,0
582,10311,583.0452102656194,99815,297,155,139,42,36780,19402,0.5628612933927767,141,75,20845,20329,14890,7394,13686,22003,36963,23660,0,0,18793,11045,13763,4025,4466,433,0,0,0,0,35435,4795,7060,0,0,0,0,0
583,10311,584.4622502511029,99815,303,147,139,42,36833,19428,0.5636527576015629,127,71,20888,20410,14823,7362,13718,21966,37044,23750,0,0,18704,11013,13829,4011,4503,436,0,0,0,0,35473,4759,7087,0,0,0,0,0
584,10311,585.1694758788144,99815,287,143,139,42,36852,19437,0.563933276561639,136,75,20887,20414,14783,7338,13766,21986,37125,23840,0,0,18601,10980,13877,4007,4522,439,0,0,0,0,35548,4729,7112,0,0,0,0,0
585,10311,586.584101978128,99815,262,149,139,42,36887,19466,0.5645744627560988,147,62,20938,20485,14726,7307,13786,21953,37205,23929,0,0,18483,10963,13940,3989,4553,443,0,0,0,0,35610,4707,7127,0,0,0,0,0
586,10311,587.2898497065539,99815,265,137,139,42,36911,19477,0.564925111456194,135,59,20950,20483,14672,7297,13837,21980,37284,24018,0,0,18380,10926,14010,3978,4567,446,0,0,0,0,35678,4690,7140,0,0,0,0,0
587,10311,588.7011168642073,99815,256,129,139,42,36954,19498,0.5655662976506537,124,51,21019,20552,14611,7274,13849,21950,37362,24106,0,0,18276,10898,14075,3971,4593,451,0,0,0,0,35732,4661,7158,0,0,0,0,0
588,10311,589.4048832982274,99815,246,126,139,42,36974,19505,0.5658367980764414,119,53,21011,20555,14579,7240,13904,21982,37439,24194,0,0,18174,10870,14123,3960,4614,453,0,0,0,0,35807,4638,7176,0,0,0,0,0
589,10311,590.1082635969256,99815,240,116,139,42,36993,19511,0.5660872614336523,119,60,21027,20569,14523,7218,13950,21993,37516,24281,0,0,18082,10830,14183,3953,4628,457,0,0,0,0,35873,4613,7196,0,0,0,0,0
590,10311,591.5153305145866,99815,235,116,139,42,37036,19528,0.5666883734909582,106,61,21081,20654,14472,7180,13965,21945,37592,24368,0,0,17978,10807,14238,3946,4651,459,0,0,0,0,35934,4583,7219,0,0,0,0,0
591,10311,592.2168256245787,99815,234,117,139,42,37056,19539,0.5669989480538997,103,62,21099,20645,14424,7154,13999,21978,37667,24454,0,0,17888,10773,14292,3937,4662,464,0,0,0,0,36001,4559,7239,0,0,0,0,0
592,10311,593.619491555632,99815,240,123,139,42,37096,19564,0.5676501527826479,94,55,21162,20709,14340,7129,14023,21940,37741,24540,0,0,17791,10736,14344,3928,4689,467,0,0,0,0,36068,4544,7248,0,0,0,0,0
593,10311,594.3189420736034,99815,230,112,139,42,37113,19568,0.567860542002705,98,56,21169,20711,14292,7106,14070,21971,37815,24625,0,0,17697,10699,14407,3913,4710,469,0,0,0,0,36131,4530,7259,0,0,0,0,0
594,10311,595.0179109451541,99815,212,106,139,42,37128,19578,0.5681110053599159,94,54,21173,20715,14270,7085,14110,21996,37888,24710,0,0,17611,10663,14464,3899,4738,471,0,0,0,0,36186,4508,7275,0,0,0,0,0
595,10311,596.41563790675,99815,214,114,139,42,37167,19599,0.5687121174172218,89,54,21223,20769,14205,7046,14128,21973,37960,24794,0,0,17512,10624,14518,3893,4759,475,0,0,0,0,36257,4497,7280,0,0,0,0,0
596,10311,597.113021298219,99815,213,118,139,42,37189,19613,0.5690727846516055,83,53,21232,20777,14159,7024,14172,21984,38031,24878,0,0,17420,10592,14566,3881,4779,475,0,0,0,0,36327,4476,7299,0,0,0,0,0
597,10311,598.5072339402598,99815,201,107,139,42,37213,19627,0.5694534889545659,80,55,21280,20858,14108,6987,14190,21949,38102,24961,0,0,17327,10555,14631,3880,4801,476,0,0,0,0,36382,4453,7310,0,0,0,0,0
598,10311,599.2024525077687,99813,191,101,140,43,37223,19639,0.5696853115325659,81,46,21284,20859,14063,6966,14239,21983,38172,25044,0,0,17254,10513,14698,3865,4820,478,0,0,0,0,36425,4430,7330,0,0,0,0,0
599,10311,600.5935408177162,99813,180,88,140,43,37247,19652,0.570056004728843,72,51,21360,20924,14004,6942,14242,21950,38241,25126,0,0,17168,10479,14771,3855,4835,484,0,0,0,0,36467,4409,7345,0,0,0,0,0
600,10311,601.2868993346486,99812,177,78,141,43,37261,19658,0.5702620927343406,65,55,21367,20925,13958,6930,14290,21967,38310,25208,0,0,17087,10450,14818,3845,4844,493,0,0,0,0,36526,4384,7365,0,0,0,0,0
601,10311,602.6732437708448,99812,168,92,141,43,37283,19685,0.5707530156694586,59,35,21439,21016,13885,6884,14306,21928,38378,25289,0,0,17010,10417,14865,3834,4867,497,0,0,0,0,36581,4354,7387,0,0,0,0,0
602,10311,603.3643311797151,99812,168,84,141,43,37294,19691,0.5709233358714383,60,34,21453,21037,13829,6866,14347,21934,38445,25370,0,0,16921,10379,14910,3827,4884,497,0,0,0,0,36655,4340,7399,0,0,0,0,0
603,10311,604.0552229986858,99812,158,78,141,43,37306,19697,0.5711036749088286,64,34,21469,21048,13784,6846,14382,21949,38512,25450,0,0,16842,10343,14961,3815,4904,498,0,0,0,0,36714,4317,7418,0,0,0,0,0
604,10311,605.4357179129225,99812,152,78,141,43,37335,19706,0.5714843906544304,50,34,21529,21116,13722,6810,14404,21917,38578,25530,0,0,16759,10309,15011,3809,4925,500,0,0,0,0,36772,4294,7433,0,0,0,0,0
605,10311,606.1240725120107,99812,143,79,141,43,37344,19713,0.5716446920209994,45,31,21533,21133,13682,6779,14454,21933,38643,25609,0,0,16689,10268,15058,3792,4945,504,0,0,0,0,36830,4277,7449,0,0,0,0,0
606,10311,607.5005421649005,99811,134,75,142,43,37367,19722,0.5719710252376993,44,29,21608,21195,13609,6750,14461,21906,38708,25688,0,0,16608,10234,15107,3792,4954,511,0,0,0,0,36885,4251,7469,0,0,0,0,0
607,10311,608.186738439323,99811,128,71,142,43,37375,19729,0.5721213092745289,40,29,21640,21205,13552,6728,14496,21922,38772,25766,0,0,16536,10188,15169,3785,4965,512,0,0,0,0,36938,4234,7484,0,0,0,0,0
608,10311,609.5576590334413,99811,116,68,142,43,37391,19738,0.5723717826692448,42,30,21708,21295,13491,6695,14499,21867,38835,25844,0,0,16457,10154,15221,3774,4986,514,0,0,0,0,36993,4216,7496,0,0,0,0,0
609,10311,610.2405400810047,99811,104,75,142,43,37398,19749,0.5725521235134404,37,22,21730,21296,13448,6675,14537,21887,38898,25921,0,0,16378,10115,15262,3769,4994,521,0,0,0,0,37062,4203,7507,0,0,0,0,0
610,10311,611.6058418142131,99811,98,75,142,43,37411,19760,0.5727925779723678,42,23,21807,21356,13381,6645,14528,21856,38960,25998,0,0,16301,10077,15320,3760,5008,522,0,0,0,0,37116,4188,7519,0,0,0,0,0
611,10311,612.2863849968097,99811,94,72,142,43,37419,19763,0.5729027862660429,41,21,21806,21377,13343,6621,14572,21864,39022,26074,0,0,16225,10039,15361,3752,5023,522,0,0,0,0,37183,4171,7535,0,0,0,0,0
612,10311,613.646396261896,99811,94,69,142,43,37437,19769,0.5731432407249702,35,22,21868,21485,13278,6579,14581,21800,39083,26150,0,0,16157,9997,15414,3748,5033,526,0,0,0,0,37235,4151,7550,0,0,0,0,0
613,10311,614.324597021597,99811,91,66,142,43,37443,19770,0.5732133732754907,34,26,21893,21486,13222,6564,14616,21813,39143,26225,0,0,16079,9963,15456,3739,5043,527,0,0,0,0,37303,4137,7564,0,0,0,0,0
614,10311,615.0027631138212,99811,83,68,142,43,37445,19777,0.5733035436975884,41,23,21903,21505,13169,6541,14660,21818,39203,26300,0,0,16008,9920,15507,3732,5051,530,0,0,0,0,37365,4125,7573,0,0,0,0,0
615,10311,616.357307689562,99811,89,64,142,43,37460,19783,0.5735139413491499,32,20,21952,21564,13112,6512,14671,21795,39262,26375,0,0,15936,9887,15547,3721,5067,531,0,0,0,0,37425,4107,7590,0,0,0,0,0
616,10311,617.0109566733662,99810,89,67,143,43,37463,19789,0.57360985873159,31,16,21947,21554,13062,6492,14726,21826,39321,26449,0,0,15864,9856,15581,3711,5076,533,0,0,0,0,37492,4088,7609,0,0,0,0,0
617,10311,618.0403356141136,99810,80,63,143,43,37471,19796,0.5737601442741208,34,21,22039,21642,12989,6454,14713,21775,39379,26523,0,0,15798,9817,15629,3696,5094,538,0,0,0,0,37543,4076,7619,0,0,0,0,0
618,10311,619.0629121381418,99810,87,58,143,43,37491,19802,0.5740206392145075,28,21,22113,21729,12906,6423,14721,21724,39436,26596,0,0,15728,9784,15678,3687,5108,538,0,0,0,0,37595,4057,7635,0,0,0,0,0
619,10311,620.4051714773676,99810,80,48,143,43,37499,19805,0.5741308486123635,35,22,22176,21814,12842,6392,14722,21679,39493,26669,0,0,15666,9758,15724,3671,5122,544,0,0,0,0,37635,4035,7655,0,0,0,0,0
620,10311,621.0742247900861,99810,75,46,143,43,37506,19806,0.5742110009017133,32,23,22179,21828,12805,6367,14764,21691,39549,26741,0,0,15588,9729,15765,3664,5129,546,0,0,0,0,37700,4023,7666,0,0,0,0,0
621,10311,622.4120152263821,99810,69,44,143,43,37513,19811,0.5743312293357379,32,23,22247,21922,12741,6330,14766,21636,39605,26813,0,0,15524,9695,15805,3655,5145,547,0,0,0,0,37753,4002,7684,0,0,0,0,0
622,10311,623.0791496367237,99810,64,51,143,43,37515,19820,0.5744414387335939,31,16,22266,21947,12695,6309,14799,21632,39660,26884,0,0,15454,9664,15840,3642,5160,548,0,0,0,0,37817,3991,7694,0,0,0,0,0
623,10311,624.2647833804934,99810,59,54,143,43,37517,19825,0.5745115719867748,32,12,22272,21980,12651,6284,14841,21625,39715,26955,0,0,15385,9632,15875,3632,5171,549,0,0,0,0,37881,3975,7710,0,0,0,0,0
624,10311,625.1538660269803,99810,50,49,143,43,37523,19827,0.5745917242761246,30,15,22349,22051,12581,6249,14845,21591,39769,27025,0,0,15319,9608,15911,3622,5181,553,0,0,0,0,37931,3954,7731,0,0,0,0,0
625,10311,626.1322273362349,99810,47,51,143,43,37525,19832,0.5746618575293057,28,14,22342,22061,12545,6228,14893,21601,39823,27095,0,0,15253,9567,15949,3616,5192,554,0,0,0,0,37995,3944,7740,0,0,0,0,0
626,10311,627.1858134882041,99810,51,41,143,43,37536,19836,0.5748121430718365,23,16,22446,22138,12452,6206,14883,21554,39876,27165,0,0,15182,9536,15993,3601,5212,554,0,0,0,0,38050,3938,7744,0,0,0,0,0
627,10311,628.1015820274444,99810,54,36,143,43,37541,19839,0.5748922953611862,22,15,22458,22167,12401,6178,14920,21559,39929,27234,0,0,15129,9504,16030,3589,5226,556,0,0,0,0,38097,3915,7764,0,0,0,0,0
628,10311,629.0664805451593,99810,55,29,143,43,37548,19839,0.5749624286143673,16,18,22469,22184,12353,6162,14962,21562,39981,27303,0,0,15061,9476,16064,3577,5238,560,0,0,0,0,38156,3906,7772,0,0,0,0,0
629,10311,630.1600401297592,99810,55,33,143,43,37557,19850,0.5751628093377417,45,37,22567,22298,12252,6101,14936,21486,40033,27371,0,0,15000,9439,16105,3566,5252,562,0,0,0,2,38209,3894,7781,0,0,0,0,0
630,10311,631.272587577983,99810,54,37,143,43,37562,19860,0.5753130948802725,45,34,22611,22342,12185,6077,14960,21465,40084,27439,0,0,14937,9400,16143,3557,5263,562,5,0,0,7,38262,3882,7792,0,0,0,0,0
631,10311,632.3827114604616,99810,54,46,143,43,37573,19873,0.5755535517483218,44,33,22668,22399,12127,6042,14962,21435,40135,27506,0,0,14881,9366,16173,3545,5277,565,7,0,0,13,38310,3868,7805,0,0,0,0,0
632,10311,633.489932654793,99810,55,46,143,43,37587,19881,0.5757739705440337,44,29,22708,22484,12073,6006,14975,21390,40185,27573,0,0,14813,9333,16201,3535,5292,566,15,0,0,20,38363,3855,7817,0,0,0,0,0
633,10311,634.0423835178026,99810,53,46,143,43,37590,19883,0.5758240657248773,49,27,22711,22486,12030,5986,15012,21410,40235,27639,0,0,14754,9300,16233,3522,5305,567,17,0,0,24,38416,3843,7829,0,0,0,0,0
634,10311,635.1475240386794,99810,53,46,143,43,37596,19890,0.5759543131950706,51,27,22754,22539,11975,5971,15022,21372,40284,27705,0,0,14692,9268,16262,3514,5316,568,18,0,0,32,38469,3830,7841,0,0,0,0,0
635,10311,636.2503264287284,99810,58,47,143,43,37615,19895,0.5761947700631199,42,26,22815,22590,11924,5944,15016,21348,40333,27771,0,0,14626,9231,16292,3512,5326,570,21,0,0,36,38528,3818,7850,0,0,0,0,0
636,10311,637.3505751499556,99810,59,43,143,43,37627,19899,0.5763550746418195,43,26,22868,22641,11858,5924,15027,21321,40381,27836,0,0,14574,9198,16320,3499,5343,572,23,0,0,45,38569,3801,7866,0,0,0,0,0
637,10311,638.4483046237547,99810,62,49,143,43,37641,19909,0.5765955315098688,36,22,22925,22704,11799,5887,15033,21293,40429,27901,0,0,14523,9157,16358,3488,5355,576,30,0,0,47,38611,3787,7878,0,0,0,0,0
638,10311,639.5433580998084,99809,61,46,144,43,37648,19917,0.5767515955474957,34,22,22992,22754,11729,5867,15038,21266,40476,27965,0,0,14468,9122,16393,3481,5363,579,32,0,0,58,38653,3773,7887,0,0,0,0,0
639,10311,640.0895880156272,99809,60,46,144,43,37651,19922,0.5768317486399022,40,19,22989,22766,11689,5848,15076,21276,40523,28029,0,0,14410,9089,16425,3471,5375,579,33,0,0,64,38704,3762,7897,0,0,0,0,0
640,10311,641.2450133022684,99809,60,43,144,43,37660,19926,0.5769619974150628,40,18,23013,22801,11645,5819,15096,21274,40569,28093,0,0,14360,9049,16462,3462,5384,584,35,0,0,70,38746,3751,7906,0,0,0,0,0
641,10311,642.4446031750788,99809,59,32,144,43,37672,19931,0.5771323227364266,52,20,23095,22899,11569,5796,15079,21208,40615,28156,0,0,14294,9023,16483,3453,5398,589,44,0,0,78,38795,3737,7915,0,0,0,0,0
642,10311,643.0904468912015,99809,59,33,144,43,37673,19933,0.577162380146079,52,18,23061,22865,11547,5792,15135,21247,40661,28219,0,0,14227,8997,16508,3446,5405,590,44,0,0,79,38861,3729,7923,0,0,0,0,0
643,10311,644.0653493408095,99809,71,30,144,43,37699,19938,0.5774729733791542,40,20,23161,23004,11471,5753,15111,21148,40706,28281,0,0,14178,8956,16543,3436,5422,591,48,0,0,89,38896,3719,7931,0,0,0,0,0
644,10311,645.1491424011335,99809,68,29,144,43,37708,19940,0.5775831838812131,43,24,23210,23045,11422,5734,15111,21123,40751,28343,0,0,14116,8934,16562,3426,5432,595,51,0,0,96,38948,3706,7943,0,0,0,0,0
645,10311,646.2303186253376,99809,72,32,144,43,37717,19948,0.577753509202577,40,19,23230,23074,11372,5717,15140,21113,40795,28405,0,0,14073,8901,16591,3416,5444,598,52,0,0,100,38986,3688,7960,0,0,0,0,0
646,10311,647.0705583197222,99809,71,35,144,43,37725,19952,0.5778737388411866,44,20,23244,23110,11337,5704,15158,21086,40839,28466,0,0,14016,8873,16615,3410,5455,599,54,0,0,101,39040,3672,7974,0,0,0,0,0
647,10311,648.5123260673554,99809,75,31,144,43,37748,19957,0.5781542746646094,34,23,23379,23220,11249,5668,15117,21013,40882,28527,0,0,13966,8841,16639,3394,5481,602,59,0,0,108,39078,3661,7980,0,0,0,0,0
648,10311,649.0495190482584,99809,71,31,144,43,37749,19959,0.5781843320742618,37,28,23389,23233,11203,5651,15154,21012,40925,28587,0,0,13918,8813,16666,3382,5490,606,59,0,0,114,39120,3650,7991,0,0,0,0,0
649,10311,650.1227221851342,99809,67,32,144,43,37760,19968,0.5783847148052781,38,26,23443,23295,11160,5630,15146,20972,40968,28647,0,0,13866,8787,16689,3370,5506,607,62,0,0,125,39158,3632,8007,0,0,0,0,0
650,10311,651.1933544792529,99809,70,36,144,43,37772,19975,0.5785750783997435,36,23,23498,23349,11107,5601,15143,20946,41010,28707,0,0,13812,8759,16714,3357,5522,608,64,0,0,130,39205,3623,8015,0,0,0,0,0
651,10311,652.261385290481,99809,66,40,144,43,37781,19983,0.5787454037211073,43,25,23551,23409,11053,5578,15141,20903,41052,28766,0,0,13765,8729,16736,3348,5540,609,66,0,0,135,39245,3607,8029,0,0,0,0,0
652,10311,653.3270674768329,99809,68,40,144,43,37793,19991,0.5789457864521236,42,23,23605,23481,11001,5548,15138,20863,41093,28825,0,0,13714,8697,16766,3349,5545,611,67,0,0,144,39286,3590,8040,0,0,0,0,0
653,10311,654.3903622346085,99809,64,42,144,43,37799,19998,0.5790760352272841,44,17,23625,23520,10971,5531,15150,20845,41134,28883,0,0,13668,8658,16798,3342,5558,612,68,0,0,150,39325,3582,8048,0,0,0,0,0
654,10311,655.1998673871716,99809,70,42,144,43,37807,20001,0.5791862457293431,39,18,23639,23538,10934,5509,15172,20848,41175,28941,0,0,13618,8634,16822,3328,5570,616,69,0,0,152,39372,3574,8054,0,0,0,0,0
655,10311,656.0349763936683,99809,71,44,144,43,37815,20006,0.5793164945045036,40,19,23687,23572,10878,5489,15178,20831,41215,28999,0,0,13569,8605,16851,3316,5581,617,70,0,0,159,39413,3564,8064,0,0,0,0,0
656,10311,657.2118980756328,99808,65,44,144,44,37824,20013,0.579482606604681,52,20,23777,23678,10810,5456,15150,20756,41255,29056,0,0,13526,8569,16884,3306,5596,618,76,0,0,165,39443,3548,8077,0,0,0,0,0
657,10311,658.4700877399735,99808,68,46,144,44,37839,20021,0.5797130490541841,54,22,23830,23763,10756,5428,15146,20695,41295,29113,0,0,13477,8544,16904,3299,5606,623,79,0,0,171,39483,3533,8089,0,0,0,0,0
658,10311,659.5231058259794,99808,69,43,144,44,37853,20024,0.5798833760820776,50,25,23881,23813,10712,5407,15142,20666,41334,29170,0,0,13434,8506,16936,3289,5624,624,83,0,0,176,39517,3524,8095,0,0,0,0,0
659,10311,660.0484712588358,99808,71,42,144,44,37859,20029,0.5799935876883616,50,21,23879,23846,10689,5395,15165,20650,41373,29226,0,0,13384,8475,16965,3285,5631,624,84,0,0,181,39561,3512,8106,0,0,0,0,0
660,10311,661.0991572626069,99808,74,44,144,44,37871,20034,0.5801639147162552,52,19,23925,23901,10630,5376,15173,20614,41411,29282,0,0,13347,8444,16995,3274,5644,627,84,0,0,185,39594,3498,8116,0,0,0,0,0
661,10311,662.3579151063876,99808,77,42,144,44,37881,20041,0.5803342417441487,60,23,23991,23969,10563,5354,15163,20566,41449,29337,0,0,13308,8413,17024,3263,5661,627,87,0,0,192,39623,3483,8127,0,0,0,0,0
662,10311,663.4037249899326,99808,77,46,144,44,37893,20049,0.580534626482847,68,23,24045,24014,10505,5332,15159,20539,41487,29392,0,0,13253,8387,17048,3257,5667,629,96,0,0,197,39664,3470,8140,0,0,0,0,0
663,10311,664.4470305133474,99808,81,46,144,44,37908,20054,0.5807350112215454,62,21,24072,24041,10466,5319,15173,20527,41524,29447,0,0,13210,8356,17076,3249,5675,634,101,0,0,201,39698,3458,8150,0,0,0,0,0
664,10311,665.2144812239718,99808,90,43,144,44,37926,20063,0.5810055306187881,59,19,24105,24100,10420,5302,15180,20490,41561,29501,0,0,13167,8324,17106,3237,5691,635,105,0,0,213,39725,3452,8153,0,0,0,0,0
665,10311,666.1619747935612,99808,94,49,144,44,37936,20073,0.5812059153574863,60,17,24153,24140,10376,5284,15171,20464,41598,29555,0,0,13113,8298,17129,3232,5698,636,108,0,0,216,39773,3443,8162,0,0,0,0,0
666,10311,667.0156001458175,99808,97,54,144,44,37943,20079,0.5813361654376402,57,15,24151,24148,10344,5272,15205,20465,41634,29609,0,0,13069,8271,17154,3223,5708,637,109,0,0,218,39814,3433,8172,0,0,0,0,0
667,10311,668.2816305973179,99808,96,50,144,44,37969,20086,0.5816668002564924,50,17,24259,24269,10288,5245,15161,20373,41670,29662,0,0,13022,8239,17176,3213,5730,640,113,0,0,231,39844,3426,8174,0,0,0,0,0
668,10311,669.0673956094219,99808,101,45,144,44,37980,20087,0.5817870310997114,47,21,24293,24312,10238,5223,15175,20353,41706,29715,0,0,12985,8203,17209,3203,5742,641,115,0,0,238,39872,3419,8181,0,0,0,0,0
669,10311,670.10014343673,99808,99,48,144,44,37988,20092,0.5819172811798653,47,18,24291,24327,10218,5212,15199,20349,41741,29768,0,0,12939,8178,17230,3198,5753,641,117,0,0,241,39913,3404,8194,0,0,0,0,0
670,10311,671.3424067554266,99808,97,44,144,44,38005,20098,0.5821477236293684,52,32,24381,24418,10163,5192,15161,20268,41776,29820,0,0,12891,8148,17250,3199,5765,641,120,0,0,254,39945,3391,8204,0,0,0,0,0
671,10311,672.371128847037,99808,95,45,144,44,38021,20108,0.5824082237896762,50,30,24440,24455,10124,5178,15145,20246,41811,29872,0,0,12847,8122,17271,3192,5779,644,122,0,0,266,39975,3379,8211,0,0,0,0,0
672,10311,673.3975992502188,99808,96,47,144,44,38029,20120,0.5826086085283745,58,23,24494,24511,10070,5163,15136,20210,41845,29924,0,0,12810,8089,17301,3181,5792,646,125,0,0,275,40000,3372,8217,0,0,0,0,0
673,10311,674.4217084011149,99808,100,48,144,44,38043,20129,0.5828390509778775,60,22,24523,24563,10026,5140,15145,20181,41879,29975,0,0,12769,8061,17325,3174,5802,649,126,0,0,284,40031,3363,8224,0,0,0,0,0
674,10311,675.4444032299098,99808,102,40,144,44,38060,20131,0.5830294164796409,52,21,24569,24619,9996,5121,15135,20153,41913,30026,0,0,12723,8033,17345,3168,5819,649,132,0,0,292,40063,3352,8232,0,0,0,0,0
675,10311,676.4652748317677,99808,104,38,144,44,38075,20135,0.5832197819814043,51,25,24605,24668,9952,5094,15142,20129,41947,30077,0,0,12679,8002,17370,3166,5827,652,137,0,0,296,40098,3341,8240,0,0,0,0,0
676,10311,677.4846174423466,99808,107,40,144,44,38090,20142,0.5834402051939724,52,21,24646,24725,9903,5079,15146,20089,41980,30127,0,0,12644,7973,17391,3163,5837,655,137,0,0,301,40128,3326,8253,0,0,0,0,0
677,10311,678.5024607359335,99808,103,38,144,44,38101,20147,0.5836005129849311,52,28,24686,24777,9868,5056,15145,20055,42013,30177,0,0,12601,7951,17410,3152,5849,658,140,0,0,311,40158,3314,8264,0,0,0,0,0
678,10311,679.010510179784,99808,106,44,144,44,38113,20154,0.5837908784866944,49,25,24687,24803,9849,5036,15163,20046,42046,30227,0,0,12556,7928,17431,3150,5855,658,141,0,0,315,40198,3299,8277,0,0,0,0,0
679,10311,680.0263992154487,99808,103,45,144,44,38124,20160,0.583961205514588,52,29,24707,24855,9823,5022,15169,20003,42078,30276,0,0,12512,7904,17450,3144,5866,659,145,0,0,323,40230,3288,8287,0,0,0,0,0
680,10311,681.0412103501507,99808,111,42,144,44,38144,20166,0.5842217056748958,45,28,24736,24909,9790,5011,15172,19964,42110,30325,0,0,12470,7879,17471,3142,5874,660,148,0,0,334,40258,3274,8298,0,0,0,0,0
681,10311,682.0549454546161,99808,115,41,144,44,38160,20174,0.5844621673613337,48,29,24790,24968,9759,4993,15142,19923,42142,30374,0,0,12429,7861,17484,3140,5885,663,149,0,0,341,40290,3256,8310,0,0,0,0,0
682,10311,683.0667758629094,99808,112,38,144,44,38176,20181,0.5846926098108368,44,30,24831,25031,9726,4980,15141,19875,42174,30422,0,0,12386,7826,17510,3140,5891,667,152,0,0,354,40316,3253,8313,0,0,0,0,0
683,10311,684.0768727925138,99808,106,35,144,44,38189,20185,0.5848629368387304,50,38,24868,25078,9698,4967,15132,19836,42205,30470,0,0,12341,7805,17521,3136,5907,670,154,0,0,360,40353,3243,8318,0,0,0,0,0
684,10311,685.0853038190202,99808,110,44,144,44,38207,20197,0.5851635139467778,49,31,24905,25128,9666,4949,15124,19802,42236,30518,0,0,12298,7776,17546,3137,5911,672,158,0,0,365,40387,3232,8326,0,0,0,0,0
685,10311,686.0924182868188,99808,106,46,144,44,38216,20204,0.5853238217377364,61,28,24943,25191,9633,4931,15111,19758,42267,30565,0,0,12254,7755,17563,3132,5922,674,160,0,0,372,40422,3223,8331,0,0,0,0,0
686,10311,687.0977053047332,99808,107,45,144,44,38231,20212,0.5855542641872395,56,28,25000,25249,9597,4915,15094,19717,42297,30612,0,0,12205,7732,17582,3126,5935,674,168,0,0,380,40455,3216,8335,0,0,0,0,0
687,10311,688.1009409471314,99808,103,48,144,44,38242,20218,0.5857245912151331,57,25,25055,25308,9563,4899,15076,19674,42327,30659,0,0,12166,7706,17604,3118,5949,676,169,0,0,385,40488,3210,8337,0,0,0,0,0
688,10311,689.1020719658777,99808,103,46,144,44,38258,20224,0.5859450144277012,55,27,25086,25360,9528,4883,15082,19638,42357,30706,0,0,12125,7685,17621,3110,5963,677,171,0,0,399,40512,3202,8343,0,0,0,0,0
689,10311,690.1018626615589,99808,105,43,144,44,38269,20227,0.58608528374479,54,30,25123,25421,9486,4860,15086,19600,42387,30752,0,0,12091,7662,17641,3101,5976,679,173,0,0,405,40537,3193,8350,0,0,0,0,0
690,10311,691.0998929609052,99808,102,47,144,44,38281,20235,0.5862856684834883,51,27,25183,25482,9456,4842,15062,19556,42416,30798,0,0,12049,7646,17648,3097,5987,681,175,0,0,412,40570,3179,8364,0,0,0,0,0
691,10311,692.0958385490254,99808,98,49,144,44,38291,20241,0.586445976274447,51,32,25226,25518,9415,4826,15064,19529,42445,30844,0,0,12014,7625,17663,3089,6000,684,175,0,0,419,40598,3169,8372,0,0,0,0,0
692,10311,693.0900484911962,99807,97,57,145,44,38306,20253,0.5867223741821715,49,25,25249,25576,9389,4804,15069,19492,42474,30889,0,0,11989,7591,17692,3085,6009,687,179,0,0,424,40613,3155,8383,0,0,0,0,0
693,10311,694.0832106875253,99807,109,54,145,44,38329,20257,0.5869928962898394,41,29,25274,25631,9362,4789,15067,19451,42503,30934,0,0,11945,7569,17709,3088,6012,689,179,0,0,433,40648,3145,8390,0,0,0,0,0
694,10311,695.0752359391291,99807,110,57,145,44,38342,20265,0.587203302373581,40,25,25320,25689,9328,4772,15055,19411,42531,30979,0,0,11916,7539,17731,3079,6031,690,179,0,0,435,40675,3138,8394,0,0,0,0,0
695,10311,696.065909394479,99807,98,49,145,44,38350,20273,0.5873636117707175,50,24,25380,25733,9290,4771,15035,19377,42559,31023,0,0,11883,7518,17743,3078,6042,695,181,0,0,452,40689,3123,8403,0,0,0,0,0
696,10311,697.0544029821916,99807,95,50,145,44,38364,20278,0.587553979179817,49,22,25412,25791,9265,4750,15032,19341,42587,31067,0,0,11846,7488,17767,3073,6055,695,186,0,0,460,40713,3119,8405,0,0,0,0,0
697,10311,698.041399924587,99807,90,45,145,44,38374,20283,0.5877042692396325,50,23,25455,25825,9240,4742,15018,19319,42615,31111,0,0,11802,7468,17783,3065,6070,695,192,0,0,471,40740,3112,8409,0,0,0,0,0
698,10311,699.0267492425546,99807,83,45,145,44,38379,20289,0.5878144819501638,54,24,25504,25869,9207,4733,15005,19283,42642,31155,0,0,11757,7452,17793,3061,6082,696,195,0,0,477,40776,3104,8414,0,0,0,0,0
699,10311,700.0102256280202,99807,86,45,145,44,38392,20296,0.5880148686965844,56,23,25545,25919,9172,4720,14994,19247,42669,31198,0,0,11715,7434,17808,3054,6094,697,196,0,0,484,40809,3099,8417,0,0,0,0,0
700,10311,701.0762741997838,99807,93,49,145,44,38403,20304,0.588205236105684,53,16,25561,25952,9138,4706,15008,19231,42696,31241,0,0,11683,7406,17834,3048,6102,697,197,0,0,488,40836,3093,8423,0,0,0,0,0
701,10311,702.0044412385329,99807,94,47,145,44,38418,20308,0.5883956035147835,50,19,25588,25986,9114,4696,15007,19206,42723,31284,0,0,11645,7387,17848,3043,6114,698,198,0,0,498,40863,3084,8429,0,0,0,0,0
702,10311,703.0327363946052,99807,90,49,145,44,38432,20316,0.5886160289358462,56,15,25669,26059,9071,4688,14967,19143,42749,31327,0,0,11607,7365,17864,3038,6126,699,201,0,0,510,40886,3077,8434,0,0,0,0,0
703,10311,704.2678200627693,99807,95,49,145,44,38455,20321,0.588896570380835,49,17,25737,26124,9030,4672,14942,19092,42775,31369,0,0,11570,7338,17884,3036,6136,701,203,0,0,518,40912,3073,8436,0,0,0,0,0
704,10311,705.0677989021068,99807,95,48,145,44,38459,20323,0.5889566864047612,55,19,25733,26145,9020,4664,14950,19078,42801,31411,0,0,11534,7319,17899,3030,6147,701,203,0,0,520,40946,3067,8441,0,0,0,0,0
705,10311,706.0976753491083,99807,100,48,145,44,38478,20331,0.5892272085124289,51,22,25783,26212,8978,4646,14941,19026,42827,31453,0,0,11502,7298,17914,3022,6168,701,204,0,0,528,40969,3059,8442,0,0,0,0,0
706,10311,707.0703965639578,99807,94,46,145,44,38489,20336,0.5893875179095655,54,31,25827,26262,8952,4633,14926,18982,42853,31494,0,0,11460,7277,17928,3020,6179,701,208,0,0,539,40996,3053,8446,0,0,0,0,0
707,10311,708.0416261501542,99807,97,53,145,44,38508,20346,0.5896780786918753,51,30,25860,26305,8931,4619,14914,18947,42878,31535,0,0,11427,7255,17947,3016,6188,702,211,0,0,547,41018,3042,8454,0,0,0,0,0
708,10311,709.011291969205,99807,91,59,145,44,38518,20355,0.5898684461009749,55,30,25908,26352,8905,4605,14894,18908,42903,31576,0,0,11391,7235,17963,3011,6197,706,213,0,0,552,41046,3036,8457,0,0,0,0,0
709,10311,710.4626185451119,99807,97,58,145,44,38546,20365,0.590249180919174,51,31,25980,26433,8881,4594,14844,18838,42928,31617,0,0,11357,7210,17981,3009,6205,710,216,0,0,569,41060,3030,8460,0,0,0,0,0
710,10311,711.4280406226766,99807,92,60,145,44,38555,20373,0.5904195096536315,56,27,26018,26497,8848,4569,14839,18801,42953,31657,0,0,11324,7187,18002,3003,6214,712,222,0,0,576,41080,3021,8466,0,0,0,0,0
711,10311,712.391825504903,99807,80,61,145,44,38565,20379,0.590579819050768,59,32,26054,26553,8828,4548,14832,18760,42977,31697,0,0,11294,7165,18015,2996,6230,715,226,0,0,584,41098,3012,8472,0,0,0,0,0
712,10311,713.3544723987281,99807,87,59,145,44,38582,20384,0.5908002444718307,61,34,26086,26614,8800,4532,14819,18715,43001,31737,0,0,11261,7146,18031,2992,6236,720,229,0,0,588,41124,3003,8477,0,0,0,0,0
713,10311,714.3156249455836,99807,90,57,145,44,38592,20391,0.5909705732062881,62,33,26147,26677,8754,4520,14800,18667,43025,31777,0,0,11232,7122,18047,2987,6250,721,230,0,0,591,41149,2995,8483,0,0,0,0,0
714,10311,715.2749356309811,99807,96,53,145,44,38609,20396,0.5911909986273508,52,38,26186,26721,8726,4499,14793,18643,43049,31816,0,0,11207,7100,18064,2981,6258,724,233,0,0,600,41162,2982,8496,0,0,0,0,0
715,10311,716.232568982908,99807,99,58,145,44,38618,20407,0.5913913853737713,58,35,26241,26771,8682,4488,14773,18602,43073,31855,0,0,11178,7081,18079,2974,6270,726,233,0,0,604,41187,2975,8500,0,0,0,0,0
716,10311,717.1882302164514,99806,108,55,145,45,38636,20411,0.5916177384125203,47,38,26262,26812,8659,4476,14777,18572,43096,31894,0,0,11146,7065,18092,2970,6277,730,235,0,0,609,41212,2966,8504,0,0,0,0,0
717,10311,718.1428454969467,99806,94,59,145,45,38642,20422,0.5917880688535759,49,37,26280,26854,8652,4459,14778,18544,43119,31933,0,0,11107,7052,18098,2961,6295,731,240,0,0,618,41237,2958,8509,0,0,0,0,0
718,10311,719.0969157788048,99806,93,56,145,45,38653,20430,0.5919784381700499,47,33,26344,26893,8616,4451,14753,18520,43142,31971,0,0,11076,7033,18113,2960,6304,732,241,0,0,630,41255,2947,8515,0,0,0,0,0
719,10311,720.0491385972641,99806,96,61,145,45,38663,20439,0.5921688074865239,47,33,26374,26935,8588,4434,14748,18490,43165,32009,0,0,11043,7014,18131,2955,6312,732,242,0,0,637,41280,2942,8518,0,0,0,0,0
720,10311,721.474866746837,99804,91,63,146,46,38673,20453,0.5924211454450723,47,25,26432,27013,8548,4421,14734,18430,43188,32047,0,0,11008,7001,18138,2947,6327,734,245,0,0,647,41301,2931,8525,0,0,0,0,0
721,10311,722.4235683234933,99804,93,54,146,46,38682,20458,0.5925614203839525,45,28,26490,27062,8514,4416,14710,18392,43211,32085,0,0,10977,6977,18159,2944,6332,737,248,0,0,658,41318,2926,8528,0,0,0,0,0
722,10311,723.3704793622568,99804,89,56,146,46,38690,20464,0.5927016953228328,48,27,26517,27106,8488,4400,14710,18363,43233,32122,0,0,10949,6958,18176,2939,6338,739,248,0,0,669,41335,2919,8534,0,0,0,0,0
723,10311,724.3162694796798,99804,92,55,146,46,38703,20471,0.5929020880926616,50,26,26550,27147,8459,4397,14701,18327,43255,32159,0,0,10927,6933,18195,2936,6350,739,248,0,0,678,41348,2910,8540,0,0,0,0,0
724,10311,725.2608369277833,99804,92,54,146,46,38719,20478,0.5931325397779648,51,21,26599,27203,8428,4378,14682,18296,43277,32196,0,0,10895,6912,18210,2935,6356,744,251,0,0,685,41369,2904,8543,0,0,0,0,0
725,10311,726.2037227006961,99804,94,57,146,46,38730,20482,0.5932828343553365,51,18,26613,27233,8411,4366,14683,18278,43299,32233,0,0,10866,6896,18221,2926,6370,745,253,0,0,687,41394,2898,8548,0,0,0,0,0
726,10311,727.0644229026572,99804,86,52,146,46,38742,20489,0.5934732074866739,55,18,26680,27300,8388,4357,14643,18225,43321,32269,0,0,10840,6873,18233,2924,6384,746,258,0,0,701,41401,2887,8557,0,0,0,0,0
727,10311,728.0278214132732,99803,86,50,147,46,38750,20491,0.5935793513221046,57,17,26677,27316,8376,4355,14655,18214,43342,32305,0,0,10808,6862,18243,2921,6388,749,260,0,0,705,41427,2875,8565,0,0,0,0,0
728,10311,729.4387457681836,99803,83,47,147,46,38769,20495,0.5938098053164734,51,20,26755,27403,8342,4339,14620,18143,43363,32341,0,0,10775,6847,18248,2914,6405,751,263,0,0,716,41446,2869,8569,0,0,0,0,0
729,10311,730.1468085136878,99803,82,49,147,46,38780,20502,0.5939901606164143,55,22,26802,27452,8304,4321,14608,18108,43384,32377,0,0,10745,6834,18259,2908,6413,753,266,0,0,725,41464,2859,8577,0,0,0,0,0
730,10311,731.0827361639477,99802,82,45,148,46,38793,20506,0.5941664495701489,50,23,26830,27508,8281,4313,14607,18063,43405,32413,0,0,10713,6820,18270,2903,6422,754,267,0,0,738,41481,2853,8581,0,0,0,0,0
731,10311,732.017506824892,99802,88,39,148,46,38807,20510,0.594346806677221,46,24,26854,27552,8261,4310,14601,18027,43426,32448,0,0,10685,6803,18281,2901,6431,755,269,0,0,745,41500,2842,8590,0,0,0,0,0
732,10311,733.4178379058279,99802,89,45,148,46,38821,20519,0.5945772629807018,49,23,26906,27619,8230,4290,14576,17975,43447,32483,0,0,10653,6791,18288,2895,6440,758,272,0,0,750,41524,2834,8597,0,0,0,0,0
733,10311,734.3498617030533,99802,85,39,148,46,38828,20520,0.5946574216949561,52,29,26936,27669,8217,4283,14560,17932,43467,32518,0,0,10633,6767,18309,2891,6450,759,272,0,0,760,41534,2827,8600,0,0,0,0,0
734,10311,735.2809237073714,99802,94,43,148,46,38844,20529,0.5949079176770005,47,23,26978,27725,8191,4273,14540,17888,43487,32553,0,0,10611,6749,18325,2885,6457,761,272,0,0,769,41547,2820,8606,0,0,0,0,0
735,10311,736.2105630072442,99802,94,40,148,46,38856,20533,0.5950682351055089,45,26,27009,27776,8171,4268,14531,17842,43507,32587,0,0,10579,6733,18335,2880,6469,761,275,0,0,777,41568,2815,8610,0,0,0,0,0
736,10311,737.13905874609,99801,84,34,149,46,38864,20535,0.5951743970501298,47,28,27038,27823,8160,4260,14520,17807,43527,32621,0,0,10555,6713,18349,2877,6482,762,277,0,0,786,41581,2805,8614,0,0,0,0,0
737,10311,738.0667762266079,99801,88,37,149,46,38874,20543,0.595354755964369,44,25,27074,27871,8133,4248,14510,17771,43547,32655,0,0,10528,6699,18359,2876,6487,762,277,0,0,793,41601,2793,8626,0,0,0,0,0
738,10311,739.4559136665858,99801,83,40,149,46,38885,20553,0.5955651746976484,49,23,27155,27946,8095,4223,14467,17720,43567,32689,0,0,10502,6675,18377,2873,6499,762,281,0,0,803,41613,2788,8628,0,0,0,0,0
739,10311,740.3797857194917,99799,85,39,151,46,38897,20557,0.5957374322387999,43,23,27195,27986,8065,4210,14459,17694,43586,32723,0,0,10482,6654,18393,2867,6509,764,279,0,0,808,41629,2783,8631,0,0,0,0,0
740,10311,741.3020414931566,99799,86,46,151,46,38912,20566,0.5959779156103768,40,19,27231,28037,8044,4191,14446,17659,43605,32756,0,0,10457,6636,18406,2865,6516,766,280,0,0,814,41647,2775,8637,0,0,0,0,0
741,10311,742.2399698755726,99799,86,44,151,46,38915,20569,0.596038036453271,44,19,27232,28056,8028,4188,14457,17645,43624,32789,0,0,10431,6620,18421,2861,6520,768,283,0,0,817,41667,2768,8643,0,0,0,0,0
742,10311,743.1998428940587,99799,91,37,151,46,38936,20575,0.5963085802462951,42,20,27301,28140,7989,4173,14424,17582,43643,32822,0,0,10404,6605,18426,2862,6535,768,281,0,0,831,41682,2758,8647,0,0,0,0,0
743,10311,744.2441784485743,99799,92,35,151,46,38948,20580,0.5964789226344953,38,22,27369,28196,7954,4163,14394,17536,43662,32855,0,0,10379,6588,18437,2856,6548,770,283,0,0,835,41701,2751,8651,0,0,0,0,0
744,10311,745.1606892626157,99799,89,37,151,46,38959,20585,0.5966392448822132,36,20,27420,28240,7930,4150,14372,17505,43681,32888,0,0,10349,6576,18445,2858,6554,771,284,0,0,840,41724,2738,8660,0,0,0,0,0
745,10311,746.1944251465366,99799,87,33,151,46,38971,20588,0.5967895469894487,39,23,27478,28281,7902,4141,14341,17474,43700,32920,0,0,10323,6559,18458,2857,6562,773,287,0,0,847,41740,2729,8664,0,0,0,0,0
746,10311,747.1073664067707,99799,86,31,151,46,38980,20591,0.5969097886752373,43,23,27507,28341,7874,4121,14337,17436,43718,32952,0,0,10297,6543,18471,2852,6568,775,289,0,0,856,41755,2725,8668,0,0,0,0,0
747,10311,748.0193236758736,99798,90,35,152,46,38992,20598,0.5971061544319526,41,20,27551,28398,7853,4109,14311,17390,43736,32984,0,0,10270,6530,18483,2848,6574,775,288,0,0,864,41774,2720,8672,0,0,0,0,0
748,10311,749.1391881312575,99798,93,37,152,46,39003,20605,0.5972865187679112,49,25,27599,28448,7823,4090,14282,17352,43754,33016,0,0,10245,6516,18496,2841,6582,777,289,0,0,871,41791,2715,8675,0,0,0,0,0
749,10311,750.0477468545948,99798,94,39,152,46,39015,20611,0.5974668831038699,44,23,27636,28503,7800,4081,14272,17306,43772,33048,0,0,10217,6499,18509,2838,6592,779,292,0,0,872,41815,2710,8675,0,0,0,0,0
750,10311,751.4082595927313,99797,83,37,152,47,39026,20618,0.5976532360692205,51,23,27707,28567,7777,4067,14228,17257,43790,33079,0,0,10187,6487,18519,2836,6600,782,294,0,0,887,41826,2703,8676,0,0,0,0,0
751,10311,752.3134055534795,99797,79,38,152,47,39041,20623,0.597853642895077,48,30,27742,28624,7770,4053,14207,17206,43808,33110,0,0,10156,6472,18525,2838,6609,784,295,0,0,894,41849,2698,8677,0,0,0,0,0
752,10311,753.2175698246016,99797,71,39,152,47,39049,20630,0.5980039480144693,50,26,27786,28675,7749,4044,14190,17167,43826,33141,0,0,10132,6459,18537,2832,6617,787,295,0,0,907,41860,2692,8679,0,0,0,0,0
753,10311,754.1202971085013,99796,66,37,153,47,39056,20635,0.5981301855785803,51,28,27837,28718,7719,4039,14172,17129,43843,33172,0,0,10105,6440,18550,2832,6626,787,300,0,0,911,41878,2684,8683,0,0,0,0,0
754,10311,755.0214286483296,99796,65,38,153,47,39066,20643,0.5983105535291996,52,25,27879,28775,7690,4022,14159,17091,43860,33203,0,0,10085,6425,18562,2828,6636,788,301,0,0,921,41887,2675,8688,0,0,0,0,0
755,10311,756.1607219472944,99796,62,40,153,47,39074,20653,0.5984909214798189,54,19,27941,28817,7663,4012,14125,17063,43877,33233,0,0,10065,6410,18574,2820,6643,792,302,0,0,931,41896,2669,8694,0,0,0,0,0
756,10311,757.0220841433663,99796,72,40,153,47,39093,20657,0.5987213916389434,47,19,27987,28860,7636,4004,14103,17028,43894,33263,0,0,10040,6393,18589,2820,6647,793,302,0,0,939,41913,2665,8695,0,0,0,0,0
757,10311,758.3659553788061,99796,72,41,153,47,39107,20662,0.5989117800312638,47,18,28026,28921,7618,3983,14082,16988,43911,33293,0,0,10014,6383,18596,2814,6655,796,305,0,0,946,41929,2657,8701,0,0,0,0,0
758,10311,759.121756084741,99796,76,38,153,47,39118,20664,0.5990420457733777,39,17,28060,28944,7595,3984,14075,16968,43928,33323,0,0,9983,6371,18605,2814,6661,796,305,0,0,952,41954,2653,8702,0,0,0,0,0
759,10311,760.0105305048662,99796,78,39,153,47,39128,20669,0.5991923523988938,39,19,28103,28986,7571,3969,14054,16938,43945,33353,0,0,9957,6359,18614,2811,6666,798,303,0,0,960,41974,2649,8705,0,0,0,0,0
760,10311,761.0066840088056,99796,80,38,153,47,39140,20672,0.5993426590244098,38,18,28149,29038,7548,3955,14030,16902,43961,33382,0,0,9936,6341,18628,2805,6679,798,305,0,0,964,41989,2646,8705,0,0,0,0,0
761,10311,762.0516443403886,99796,80,38,153,47,39158,20679,0.5995931700669366,33,25,28198,29109,7525,3941,14009,16838,43977,33411,0,0,9904,6327,18635,2807,6686,800,310,0,0,972,42008,2641,8706,0,0,0,0,0
762,10311,763.3855384369741,99796,75,44,153,47,39168,20689,0.599793578900958,37,23,28260,29182,7494,3921,13979,16781,43993,33440,0,0,9881,6315,18641,2804,6695,802,312,0,0,980,42021,2633,8712,0,0,0,0,0
763,10311,764.273184230292,99795,71,43,154,47,39175,20694,0.5999198356631094,37,26,28299,29226,7472,3913,13965,16743,44009,33469,0,0,9861,6300,18649,2800,6708,802,313,0,0,986,42034,2625,8717,0,0,0,0,0
764,10311,765.159623396518,99795,65,41,154,47,39177,20700,0.6,41,26,28342,29268,7452,3904,13944,16712,44025,33498,0,0,9838,6289,18656,2791,6724,802,315,0,0,993,42048,2621,8718,0,0,0,0,0
765,10311,766.044814604648,99795,68,42,154,47,39185,20706,0.6001402875895586,39,25,28375,29316,7427,3902,13935,16666,44041,33527,0,0,9819,6277,18667,2783,6727,808,316,0,0,998,42061,2618,8721,0,0,0,0,0
766,10311,767.3703745990512,99795,66,39,154,47,39200,20713,0.6003607395160078,42,30,28438,29368,7401,3889,13897,16625,44057,33555,0,0,9794,6262,18677,2782,6734,811,319,0,0,1009,42071,2612,8724,0,0,0,0,0
767,10311,768.252581907173,99795,71,39,154,47,39210,20717,0.6005010271055664,41,29,28490,29396,7374,3884,13868,16603,44073,33583,0,0,9776,6251,18687,2773,6744,812,320,0,0,1014,42083,2606,8729,0,0,0,0,0
768,10311,769.1332626004101,99795,74,43,154,47,39219,20727,0.6006914174056817,39,21,28514,29435,7358,3885,13859,16567,44088,33611,0,0,9748,6242,18694,2765,6754,813,321,0,0,1019,42105,2605,8729,0,0,0,0,0
769,10311,770.012895618588,99795,75,45,154,47,39227,20734,0.6008417255373516,40,20,28550,29496,7333,3873,13846,16517,44103,33639,0,0,9732,6225,18706,2770,6756,815,318,0,0,1023,42119,2594,8737,0,0,0,0,0
770,10311,771.3016815246086,99795,79,40,154,47,39240,20739,0.6010220952953554,40,18,28607,29576,7312,3867,13806,16450,44118,33667,0,0,9711,6215,18711,2765,6767,816,321,0,0,1032,42128,2585,8744,0,0,0,0,0
771,10311,772.3072823582834,99795,79,37,154,47,39248,20743,0.6011423418006914,42,22,28651,29624,7286,3858,13786,16410,44133,33695,0,0,9685,6203,18717,2763,6775,817,322,0,0,1037,42148,2580,8748,0,0,0,0,0
772,10311,773.1827370838647,99795,82,35,154,47,39258,20747,0.60128262939025,38,21,28691,29670,7259,3850,13774,16375,44148,33722,0,0,9667,6187,18732,2759,6780,820,323,0,0,1043,42159,2576,8749,0,0,0,0,0
773,10311,774.057065576178,99795,83,38,154,47,39265,20752,0.6014028758955859,37,17,28723,29702,7245,3836,13756,16358,44163,33749,0,0,9646,6177,18738,2754,6790,820,321,0,0,1047,42178,2571,8753,0,0,0,0,0
774,10311,775.0554770710132,99795,74,36,154,47,39273,20755,0.6015131018588106,39,19,28766,29767,7228,3821,13737,16308,44178,33776,0,0,9625,6167,18744,2748,6800,823,320,0,0,1059,42188,2566,8755,0,0,0,0,0
775,10311,776.0391010490735,99795,79,41,154,47,39280,20764,0.6016734305325918,40,17,28802,29805,7205,3813,13718,16275,44193,33803,0,0,9601,6156,18754,2743,6805,825,320,0,0,1060,42210,2564,8757,0,0,0,0,0
776,10311,777.0011768903914,99795,85,41,154,47,39293,20772,0.6018838619169297,37,16,28853,29846,7178,3810,13691,16238,44208,33830,0,0,9579,6143,18766,2740,6807,828,321,0,0,1069,42222,2560,8760,0,0,0,0,0
777,10311,778.0296508455549,99795,76,39,154,47,39307,20779,0.6020942933012676,40,16,28916,29927,7152,3800,13660,16169,44222,33857,0,0,9560,6131,18771,2738,6817,833,322,0,0,1084,42225,2553,8761,0,0,0,0,0
778,10311,779.1006235241072,99795,75,40,154,47,39318,20782,0.6022345808908262,36,22,28962,29967,7122,3787,13649,16135,44236,33883,0,0,9538,6120,18775,2736,6827,833,324,0,0,1087,42242,2545,8768,0,0,0,0,0
779,10311,780.2570985554247,99795,68,41,154,47,39326,20787,0.6023648479382735,36,19,28988,30019,7115,3777,13637,16095,44250,33909,0,0,9516,6111,18780,2733,6837,835,324,0,0,1096,42255,2540,8768,0,0,0,0,0
780,10311,781.160106354451,99795,64,43,154,47,39332,20793,0.6024850944436094,41,18,29030,30064,7091,3765,13618,16061,44264,33935,0,0,9496,6098,18786,2735,6841,838,324,0,0,1100,42271,2533,8773,0,0,0,0,0
781,10311,782.0327162555085,99795,66,46,154,47,39340,20798,0.6026153614910567,38,14,29063,30106,7073,3754,13604,16031,44278,33961,0,0,9471,6092,18789,2730,6849,838,324,0,0,1105,42291,2529,8777,0,0,0,0,0
782,10311,783.2341877362695,99795,60,41,154,47,39353,20800,0.6027656696227266,38,17,29135,30187,7052,3740,13559,15966,44292,33987,0,0,9446,6081,18795,2728,6858,841,329,0,0,1114,42302,2523,8778,0,0,0,0,0
783,10311,784.1515732678919,99795,62,39,154,47,39362,20802,0.6028758955859512,45,19,29161,30222,7032,3727,13544,15944,44306,34013,0,0,9424,6072,18800,2724,6870,841,331,0,0,1115,42321,2516,8781,0,0,0,0,0
784,10311,785.0207836648838,99795,63,37,154,47,39372,20805,0.6030061626333985,43,24,29199,30267,7019,3721,13520,15902,44320,34038,0,0,9401,6060,18810,2723,6876,842,334,0,0,1120,42336,2511,8782,0,0,0,0,0
785,10311,786.3093355194021,99795,63,48,154,47,39389,20817,0.603296758354627,34,20,29238,30307,7006,3705,13503,15871,44334,34063,0,0,9379,6042,18823,2726,6883,843,335,0,0,1125,42352,2508,8779,0,0,0,0,0
786,10311,787.0402496803762,99795,61,50,154,47,39393,20823,0.6033969637757403,34,17,29255,30333,6997,3695,13497,15856,44348,34088,0,0,9363,6026,18837,2721,6892,843,337,0,0,1128,42363,2503,8782,0,0,0,0,0
787,10311,788.070208026797,99794,57,51,155,47,39398,20832,0.6035432991963444,34,13,29309,30385,6965,3693,13478,15809,44361,34113,0,0,9341,6018,18839,2718,6899,846,338,0,0,1134,42377,2497,8787,0,0,0,0,0
788,10311,789.038609602844,99794,56,47,155,47,39403,20836,0.6036334849790569,37,14,29337,30445,6948,3684,13465,15761,44374,34138,0,0,9326,6006,18848,2714,6909,846,337,0,0,1143,42384,2491,8790,0,0,0,0,0
789,10311,790.0790275568199,99794,55,39,155,47,39407,20838,0.6036936088341984,37,19,29390,30489,6925,3684,13436,15720,44387,34163,0,0,9309,5996,18852,2709,6921,846,337,0,0,1151,42393,2485,8795,0,0,0,0,0
790,10311,791.0609579181445,99794,55,42,155,47,39414,20846,0.6038439184720524,39,16,29416,30521,6911,3675,13422,15697,44400,34188,0,0,9290,5983,18864,2706,6926,847,339,0,0,1157,42404,2480,8798,0,0,0,0,0
791,10311,792.0105710306636,99794,57,36,155,47,39426,20850,0.60400424875243,37,15,29454,30571,6898,3671,13397,15658,44413,34212,0,0,9265,5978,18866,2706,6928,851,340,0,0,1166,42418,2473,8803,0,0,0,0,0
792,10311,793.0938268613913,99794,64,39,155,47,39436,20855,0.604154558390284,38,12,29503,30630,6869,3660,13369,15610,44426,34236,0,0,9244,5969,18873,2703,6932,852,341,0,0,1168,42436,2469,8807,0,0,0,0,0
793,10311,794.3528542116246,99794,57,33,155,47,39449,20859,0.6043249093131852,34,18,29575,30709,6850,3645,13327,15546,44439,34260,0,0,9216,5957,18876,2705,6943,853,342,0,0,1178,42453,2465,8806,0,0,0,0,0
794,10311,795.4213786223906,99794,55,32,155,47,39455,20864,0.6044351363809447,34,18,29596,30737,6838,3642,13320,15522,44452,34284,0,0,9193,5948,18881,2699,6953,853,345,0,0,1185,42466,2463,8808,0,0,0,0,0
795,10311,796.1255181297563,99794,56,32,155,47,39459,20867,0.6045052808786099,35,18,29593,30754,6828,3639,13331,15508,44465,34308,0,0,9175,5935,18891,2696,6957,855,346,0,0,1187,42481,2461,8810,0,0,0,0,0
796,10311,797.3823396704486,99794,55,31,155,47,39474,20873,0.6047157143716055,33,20,29642,30818,6805,3627,13308,15455,44478,34332,0,0,9158,5924,18895,2692,6967,858,349,0,0,1196,42486,2454,8815,0,0,0,0,0
797,10311,798.0795302460607,99794,55,33,155,47,39477,20876,0.6047758382267471,40,17,29657,30833,6788,3621,13303,15447,44491,34356,0,0,9139,5908,18911,2690,6968,859,350,0,0,1198,42502,2453,8816,0,0,0,0,0
798,10311,799.0122569192373,99794,56,35,155,47,39490,20883,0.6049762510772191,36,15,29716,30885,6772,3610,13263,15406,44503,34379,0,0,9122,5898,18917,2690,6973,860,349,0,0,1209,42509,2446,8821,0,0,0,0,0
799,10311,800.229777705687,99794,55,37,155,47,39503,20889,0.6051666432851674,32,15,29760,30958,6762,3600,13234,15341,44515,34402,0,0,9110,5885,18922,2689,6985,861,350,0,0,1213,42515,2437,8827,0,0,0,0,0
800,10311,801.2074266209842,99793,60,38,156,47,39517,20894,0.6053631016203541,26,18,29815,31029,6741,3589,13200,15277,44527,34425,0,0,9093,5875,18930,2687,6993,861,350,0,0,1219,42525,2431,8829,0,0,0,0,0
801,10311,802.1889744454548,99793,65,37,156,47,39526,20896,0.6054733297926709,31,20,29848,31069,6717,3580,13181,15245,44539,34448,0,0,9072,5868,18935,2685,6996,862,352,0,0,1221,42542,2424,8836,0,0,0,0,0
802,10311,803.1797713683603,99793,65,39,156,47,39532,20901,0.6055835579649875,37,19,29896,31110,6688,3571,13156,15212,44551,34471,0,0,9055,5858,18943,2683,7003,863,351,0,0,1224,42557,2419,8837,0,0,0,0,0
803,10311,804.0426164765472,99793,65,39,156,47,39541,20905,0.6057138276231799,42,21,29922,31144,6677,3564,13136,15183,44563,34494,0,0,9038,5847,18954,2680,7006,865,350,0,0,1234,42565,2416,8838,0,0,0,0,0
804,10311,805.1712997357687,99793,75,41,156,47,39558,20911,0.6059443047107512,45,25,29978,31208,6648,3555,13096,15122,44575,34517,0,0,9017,5837,18964,2678,7008,867,352,0,0,1238,42580,2411,8841,0,0,0,0,0
805,10311,806.0078430558708,99793,73,37,156,47,39566,20914,0.606054532883068,46,28,30004,31251,6639,3548,13080,15087,44587,34539,0,0,8996,5828,18969,2677,7016,867,353,0,0,1246,42592,2406,8843,0,0,0,0,0
806,10311,807.2611572007577,99793,71,40,156,47,39580,20921,0.6062649684847634,46,25,30065,31315,6615,3533,13045,15038,44599,34561,0,0,8976,5815,18977,2675,7023,867,358,0,0,1255,42598,2402,8847,0,0,0,0,0
807,10311,808.0953483332733,99793,71,34,156,47,39592,20927,0.6064453418576453,51,24,30097,31347,6601,3531,13022,15015,44611,34583,0,0,8956,5803,18986,2673,7032,867,363,0,0,1266,42601,2397,8849,0,0,0,0,0
808,10311,809.3448792956997,99793,78,33,156,47,39611,20933,0.6066958604310924,43,24,30149,31424,6578,3511,12994,14959,44623,34605,0,0,8938,5790,18997,2670,7042,868,367,0,0,1270,42610,2392,8849,0,0,0,0,0
809,10311,810.1767053764808,99793,73,34,156,47,39619,20938,0.6068261300892848,45,22,30174,31455,6562,3506,12988,14934,44634,34627,0,0,8922,5782,19001,2669,7048,870,368,0,0,1277,42618,2383,8855,0,0,0,0,0
810,10311,811.0078582792801,99793,71,32,156,47,39629,20941,0.6069563997474773,45,21,30199,31494,6549,3501,12978,14903,44645,34649,0,0,8909,5770,19009,2664,7057,872,368,0,0,1285,42623,2379,8857,0,0,0,0,0
811,10311,812.2055030381255,99792,76,32,156,48,39638,20947,0.6071127946127947,43,20,30242,31528,6524,3494,12957,14876,44656,34671,0,0,8892,5759,19014,2660,7067,872,369,0,0,1287,42637,2377,8858,0,0,0,0,0
812,10311,813.2282783263802,99792,73,34,156,48,39643,20953,0.6072230238896905,48,17,30268,31579,6509,3485,12944,14835,44667,34693,0,0,8874,5751,19020,2655,7076,873,369,0,0,1293,42649,2375,8857,0,0,0,0,0
813,10311,814.1587085398895,99792,71,34,156,48,39652,20959,0.6073733365400033,53,15,30307,31620,6498,3481,12913,14800,44678,34714,0,0,8859,5739,19025,2654,7088,873,370,0,0,1297,42659,2370,8858,0,0,0,0,0
814,10311,815.0485861990147,99792,77,33,156,48,39660,20962,0.6074835658168991,53,16,30345,31657,6476,3476,12891,14768,44689,34735,0,0,8844,5731,19031,2650,7093,874,369,0,0,1302,42670,2367,8861,0,0,0,0,0
815,10311,816.2544851407334,99792,85,35,156,48,39684,20968,0.6077841911175245,46,15,30422,31727,6445,3468,12844,14705,44700,34756,0,0,8828,5716,19040,2648,7103,874,372,0,0,1310,42675,2364,8862,0,0,0,0,0
816,10311,817.010126435503,99792,83,33,156,48,39690,20969,0.6078543370210037,49,20,30455,31747,6427,3462,12828,14688,44711,34777,0,0,8813,5707,19044,2644,7112,875,372,0,0,1315,42685,2361,8864,0,0,0,0,0
817,10311,818.0132605864325,99792,91,38,156,48,39703,20975,0.608044733044733,46,15,30468,31776,6414,3455,12823,14666,44722,34798,0,0,8797,5698,19051,2639,7119,876,373,0,0,1317,42698,2359,8865,0,0,0,0,0
818,10311,819.313730735813,99792,99,35,156,48,39724,20979,0.6082952541285874,48,17,30533,31871,6390,3443,12772,14584,44733,34819,0,0,8776,5688,19058,2637,7125,877,376,0,0,1328,42705,2357,8865,0,0,0,0,0
819,10311,820.0756432968883,99792,100,38,156,48,39729,20983,0.6083854417187751,51,14,30534,31892,6378,3437,12779,14569,44744,34840,0,0,8760,5679,19066,2635,7127,878,375,0,0,1332,42718,2353,8869,0,0,0,0,0
820,10311,821.0956924216846,99792,97,39,156,48,39744,20989,0.6085958794292128,57,17,30577,31942,6362,3427,12749,14525,44755,34861,0,0,8744,5668,19071,2631,7140,879,380,0,0,1336,42724,2345,8874,0,0,0,0,0
821,10311,822.0475369196545,99792,98,37,156,48,39760,20992,0.6087862754529422,60,21,30628,31993,6340,3418,12716,14481,44766,34881,0,0,8723,5660,19071,2628,7151,881,382,0,0,1341,42738,2344,8873,0,0,0,0,0
822,10311,823.2748549721013,99792,92,40,156,48,39772,21000,0.6089866923200257,61,27,30682,32049,6328,3406,12679,14428,44777,34901,0,0,8703,5648,19076,2628,7160,881,386,0,0,1351,42744,2341,8874,0,0,0,0,0
823,10311,824.0916868140317,99792,87,34,156,48,39781,21001,0.6090869007535674,62,27,30710,32078,6320,3403,12663,14408,44787,34921,0,0,8690,5640,19079,2625,7168,882,388,0,0,1362,42744,2332,8882,0,0,0,0,0
824,10311,825.3158365875291,99792,86,32,156,48,39795,21005,0.6092672759339426,60,32,30758,32133,6306,3398,12632,14355,44797,34941,0,0,8674,5632,19082,2625,7175,883,389,0,0,1373,42748,2325,8886,0,0,0,0,0
825,10311,826.130892730581,99792,79,36,156,48,39802,21011,0.6093975468975469,61,27,30778,32168,6300,3388,12624,14331,44807,34961,0,0,8657,5621,19088,2621,7188,883,391,0,0,1376,42760,2323,8884,0,0,0,0,0
826,10311,827.3524289384533,99792,88,38,156,48,39824,21017,0.6096781305114638,50,27,30825,32239,6281,3377,12598,14269,44817,34981,0,0,8644,5610,19096,2617,7199,883,392,0,0,1384,42764,2319,8884,0,0,0,0,0
827,10311,828.1657731735038,99792,88,34,156,48,39830,21018,0.6097482764149431,55,29,30858,32276,6267,3371,12574,14240,44827,35001,0,0,8633,5600,19103,2614,7205,885,392,0,0,1389,42770,2314,8887,0,0,0,0,0
828,10311,829.3841591251307,99792,90,39,156,48,39847,21030,0.6100388808722143,49,26,30895,32320,6263,3367,12545,14198,44837,35021,0,0,8615,5589,19105,2616,7210,888,395,0,0,1396,42778,2309,8891,0,0,0,0,0
829,10311,830.1955735136405,99792,82,40,156,48,39855,21035,0.6101691518358185,47,23,30914,32371,6263,3361,12536,14155,44847,35041,0,0,8597,5576,19111,2617,7217,889,398,0,0,1402,42787,2305,8893,0,0,0,0,0
830,10311,831.0065878464179,99792,78,40,156,48,39861,21038,0.6102593394260061,49,24,30938,32405,6257,3350,12520,14131,44857,35060,0,0,8583,5571,19114,2615,7223,891,398,0,0,1408,42795,2299,8895,0,0,0,0,0
831,10311,832.2218762920843,99792,86,37,156,48,39877,21043,0.6104697771364438,48,27,30990,32456,6237,3342,12481,14088,44867,35079,0,0,8568,5563,19120,2614,7227,892,398,0,0,1419,42799,2294,8898,0,0,0,0,0
832,10311,833.0310388896165,99792,89,38,156,48,39887,21048,0.6106200897867564,52,29,31020,32487,6216,3337,12465,14059,44877,35098,0,0,8555,5557,19124,2609,7234,894,401,0,0,1421,42806,2287,8904,0,0,0,0,0
833,10311,834.2430780228709,99792,92,38,156,48,39901,21054,0.61082050665384,55,28,31056,32543,6202,3321,12437,14020,44887,35117,0,0,8541,5545,19130,2610,7243,895,402,0,0,1425,42815,2282,8904,0,0,0,0,0
834,10311,835.0502186236663,99792,89,40,156,48,39914,21060,0.6110109026775693,53,25,31088,32593,6187,3307,12425,13985,44897,35136,0,0,8528,5535,19133,2607,7255,896,401,0,0,1434,42820,2279,8904,0,0,0,0,0
835,10311,836.2594533508536,99792,97,47,156,48,39933,21069,0.6112914862914863,43,24,31147,32638,6166,3301,12389,13940,44907,35155,0,0,8510,5524,19141,2606,7261,896,403,0,0,1438,42832,2276,8905,0,0,0,0,0
836,10311,837.0642821750095,99792,88,45,156,48,39939,21070,0.6113616321949655,44,29,31196,32666,6144,3290,12370,13920,44917,35174,0,0,8496,5515,19148,2600,7271,896,405,0,0,1448,42833,2274,8906,0,0,0,0,0
837,10311,838.2696294258933,99792,84,42,156,48,39949,21076,0.6115219656886324,52,34,31239,32717,6127,3284,12340,13873,44926,35193,0,0,8484,5504,19151,2598,7282,897,406,0,0,1458,42833,2271,8908,0,0,0,0,0
838,10311,839.0721338470976,99792,83,44,156,48,39959,21087,0.6117324033990701,55,32,31248,32757,6120,3286,12336,13831,44935,35212,0,0,8468,5497,19152,2598,7290,897,407,0,0,1468,42838,2264,8913,0,0,0,0,0
839,10311,840.2751110216782,99792,85,43,156,48,39976,21094,0.6119729036395704,57,35,31312,32794,6097,3284,12291,13794,44944,35230,0,0,8448,5488,19155,2600,7294,899,411,0,0,1478,42844,2261,8914,0,0,0,0,0
840,10311,841.0757835016,99792,90,43,156,48,39989,21101,0.6121733205066539,55,35,31333,32816,6088,3285,12276,13771,44953,35248,0,0,8433,5478,19160,2601,7299,900,412,0,0,1483,42852,2257,8917,0,0,0,0,0
841,10311,842.2754742262222,99792,84,43,156,48,40004,21108,0.6123937790604457,47,40,31395,32861,6078,3276,12238,13730,44962,35266,0,0,8423,5464,19165,2596,7313,902,414,0,0,1495,42848,2257,8915,0,0,0,0,0
842,10311,843.074026120852,99792,87,46,156,48,40018,21112,0.612574154240821,40,42,31427,32906,6068,3266,12220,13690,44971,35284,0,0,8407,5459,19169,2595,7319,902,416,0,0,1500,42857,2250,8918,0,0,0,0,0
843,10311,844.2703623953262,99792,78,52,156,48,40028,21129,0.6128447170113837,40,34,31479,32955,6062,3265,12183,13644,44980,35302,0,0,8393,5451,19171,2592,7324,909,421,0,0,1514,42852,2248,8917,0,0,0,0,0
844,10311,845.0668765909776,99792,80,51,156,48,40040,21132,0.6129950296616963,37,40,31504,32993,6055,3249,12166,13617,44989,35320,0,0,8383,5434,19181,2593,7331,910,421,0,0,1516,42859,2246,8918,0,0,0,0,0
845,10311,846.2603857476608,99792,69,45,156,48,40045,21137,0.6130952380952381,50,40,31551,33030,6046,3249,12126,13586,44998,35338,0,0,8367,5423,19185,2589,7347,910,425,0,0,1526,42861,2245,8914,0,0,0,0,0
846,10311,847.0550021829049,99792,75,47,156,48,40057,21144,0.6132856341189674,44,39,31582,33058,6032,3244,12109,13562,45007,35356,0,0,8353,5419,19187,2585,7353,912,426,0,0,1532,42868,2241,8916,0,0,0,0,0
847,10311,848.2456054189689,99792,75,52,156,48,40070,21158,0.6135561968895302,40,29,31646,33113,6016,3235,12065,13521,45016,35374,0,0,8338,5411,19186,2583,7366,912,429,0,0,1540,42872,2236,8919,0,0,0,0,0
848,10311,849.0380655061981,99792,78,48,156,48,40079,21163,0.6136964886964887,46,28,31664,33150,6002,3237,12052,13487,45025,35392,0,0,8327,5400,19190,2580,7378,913,429,0,0,1544,42879,2234,8918,0,0,0,0,0
849,10311,850.2255107980209,99792,93,46,156,48,40103,21168,0.6139870931537598,35,27,31719,33208,5977,3233,12018,13436,45034,35409,0,0,8319,5391,19193,2578,7385,915,428,0,0,1554,42878,2230,8921,0,0,0,0,0
850,10311,851.0160939352078,99792,86,50,156,48,40108,21175,0.61410734327401,44,23,31742,33264,5973,3224,11997,13389,45043,35426,0,0,8309,5383,19198,2577,7392,916,428,0,0,1560,42881,2223,8925,0,0,0,0,0
851,10311,852.2005018465768,99792,88,44,156,48,40122,21180,0.6142977392977393,50,30,31790,33321,5956,3222,11958,13333,45052,35443,0,0,8296,5373,19203,2575,7403,917,431,0,0,1568,42882,2219,8925,0,0,0,0,0
852,10311,853.3830495897621,99792,95,48,156,48,40142,21186,0.6145582812249479,48,32,31837,33362,5941,3218,11921,13290,45061,35460,0,0,8285,5360,19209,2572,7412,918,433,0,0,1572,42887,2217,8927,0,0,0,0,0
853,10311,854.1703497001048,99792,105,49,156,48,40158,21187,0.6147286355619689,39,37,31864,33385,5928,3208,11906,13271,45070,35477,0,0,8271,5355,19211,2570,7417,918,429,0,0,1579,42898,2216,8928,0,0,0,0,0
854,10311,855.3501337306751,99792,99,57,156,48,40168,21202,0.6149791566458234,39,28,31902,33443,5921,3198,11881,13224,45079,35494,0,0,8257,5343,19218,2569,7425,919,433,0,0,1589,42898,2214,8927,0,0,0,0,0
855,10311,856.1358762368832,99792,103,51,156,48,40181,21205,0.6151394901394901,38,33,31930,33470,5914,3197,11857,13199,45087,35511,0,0,8243,5337,19222,2565,7432,921,434,0,0,1597,42902,2211,8928,0,0,0,0,0
856,10311,857.313212923903,99792,93,54,156,48,40191,21217,0.615359948693282,45,29,31980,33525,5900,3186,11824,13156,45095,35528,0,0,8228,5327,19221,2566,7445,922,435,0,0,1609,42904,2209,8926,0,0,0,0,0
857,10311,858.0970734602997,99791,86,45,157,48,40195,21220,0.6154362617871351,55,32,32016,33563,5875,3192,11809,13118,45103,35545,0,0,8216,5319,19222,2563,7455,923,435,0,0,1621,42904,2206,8927,0,0,0,0,0
858,10311,859.2712891933805,99791,87,43,157,48,40211,21226,0.6156567225501298,56,30,32059,33627,5863,3185,11776,13065,45111,35562,0,0,8203,5309,19225,2563,7467,924,435,0,0,1629,42908,2204,8924,0,0,0,0,0
859,10311,860.0531279584523,99791,87,44,157,48,40224,21233,0.6158571414255795,53,30,32084,33656,5854,3185,11763,13035,45119,35579,0,0,8191,5302,19229,2561,7474,926,438,0,0,1638,42908,2199,8925,0,0,0,0,0
860,10311,861.2248638406795,99791,91,49,157,48,40239,21244,0.616117685963664,44,31,32138,33701,5834,3177,11734,12992,45127,35595,0,0,8179,5298,19231,2555,7481,929,438,0,0,1649,42909,2198,8924,0,0,0,0,0
861,10311,862.0048770761024,99791,84,45,157,48,40244,21247,0.6161978535138439,49,31,32176,33734,5817,3172,11715,12968,45135,35611,0,0,8166,5293,19231,2555,7487,931,434,0,0,1662,42913,2196,8923,0,0,0,0,0
862,10311,863.1733757321578,99791,84,48,157,48,40255,21256,0.6163982723892937,54,29,32212,33802,5805,3160,11686,12911,45143,35627,0,0,8151,5287,19234,2549,7496,932,438,0,0,1670,42916,2195,8923,0,0,0,0,0
863,10311,864.340353502785,99791,96,45,157,48,40275,21259,0.6166287540960608,49,35,32261,33852,5785,3154,11650,12864,45151,35643,0,0,8140,5279,19238,2548,7500,934,437,0,0,1678,42920,2192,8925,0,0,0,0,0
864,10311,865.1172585579691,99791,94,43,157,48,40288,21266,0.6168291729715104,43,35,32282,33890,5782,3149,11640,12833,45159,35659,0,0,8126,5270,19243,2547,7506,935,439,0,0,1693,42917,2190,8925,0,0,0,0,0
865,10311,866.2815608371274,99791,94,55,157,48,40299,21281,0.6170897175095951,43,28,32346,33941,5763,3137,11595,12789,45167,35675,0,0,8117,5260,19249,2545,7514,935,439,0,0,1701,42918,2187,8926,0,0,0,0,0
866,10311,867.0565712290982,99791,90,49,157,48,40308,21284,0.6172099688348649,44,35,32364,33966,5757,3138,11586,12762,45175,35691,0,0,8103,5253,19251,2546,7520,935,440,0,0,1714,42918,2181,8930,0,0,0,0,0
867,10311,868.2180170613118,99791,95,53,157,48,40326,21300,0.6175506809231294,44,25,32412,34031,5741,3131,11549,12710,45183,35707,0,0,8087,5246,19254,2544,7526,939,442,0,0,1723,42923,2178,8929,0,0,0,0,0
868,10311,869.3777613123119,99791,93,49,157,48,40339,21305,0.6177310579110341,55,26,32436,34086,5730,3127,11527,12662,45191,35723,0,0,8074,5236,19256,2546,7535,939,444,0,0,1734,42923,2173,8931,0,0,0,0,0
869,10311,870.1504323870103,99791,102,48,157,48,40355,21312,0.6179615396178012,47,21,32462,34116,5717,3131,11513,12634,45199,35739,0,0,8062,5226,19261,2546,7540,940,447,0,0,1740,42926,2169,8934,0,0,0,0,0
870,10311,871.3084767431978,99791,99,49,157,48,40367,21318,0.6181419166057059,46,18,32489,34148,5713,3123,11494,12612,45207,35755,0,0,8056,5220,19263,2541,7551,942,446,0,0,1750,42922,2163,8937,0,0,0,0,0
871,10311,872.0833495353206,99791,99,46,157,48,40376,21322,0.6182721888747482,58,19,32515,34166,5701,3123,11468,12596,45215,35770,0,0,8041,5215,19265,2538,7557,945,448,0,0,1755,42929,2162,8936,0,0,0,0,0
872,10311,873.2551480594324,99791,100,48,157,48,40392,21331,0.6185227124690603,53,18,32553,34207,5699,3118,11436,12559,45223,35785,0,0,8025,5208,19266,2542,7559,947,450,0,0,1766,42932,2157,8939,0,0,0,0,0
873,10311,874.0351259476108,99791,107,48,157,48,40409,21337,0.6187531941758275,51,19,32584,34257,5685,3110,11414,12516,45231,35800,0,0,8008,5201,19271,2542,7560,949,452,0,0,1775,42938,2156,8939,0,0,0,0,0
874,10311,875.1481632500005,99791,106,45,157,48,40425,21342,0.6189636339950496,51,25,32645,34305,5668,3101,11371,12474,45239,35815,0,0,7998,5195,19272,2537,7570,952,452,0,0,1787,42936,2152,8940,0,0,0,0,0
875,10311,876.2994836976072,99791,105,46,157,48,40438,21350,0.6191740738142718,54,29,32687,34351,5660,3091,11335,12433,45246,35830,0,0,7985,5183,19276,2541,7576,953,456,0,0,1792,42940,2147,8942,0,0,0,0,0
876,10311,877.0661185560255,99791,113,46,157,48,40454,21354,0.6193744926897216,50,31,32712,34375,5648,3081,11318,12417,45253,35845,0,0,7975,5173,19283,2539,7582,953,457,0,0,1799,42942,2146,8942,0,0,0,0,0
877,10311,878.21487484982,99791,111,46,157,48,40470,21360,0.6195949534527162,47,30,32750,34399,5645,3080,11288,12395,45260,35860,0,0,7963,5167,19284,2536,7589,956,461,0,0,1809,42940,2141,8945,0,0,0,0,0
878,10311,879.3623779594983,99791,117,42,157,48,40486,21365,0.6198053932719384,56,33,32788,34441,5630,3078,11250,12356,45267,35875,0,0,7952,5158,19288,2532,7595,959,463,0,0,1817,42941,2140,8946,0,0,0,0,0
879,10311,880.1265849098039,99791,105,42,157,48,40497,21369,0.6199557074285256,51,30,32829,34468,5628,3073,11228,12337,45274,35890,0,0,7940,5149,19288,2535,7602,961,464,0,0,1829,42940,2135,8948,0,0,0,0,0
880,10311,881.2715145355808,99791,106,45,157,48,40512,21379,0.6202062310228378,49,26,32877,34522,5613,3064,11196,12293,45281,35905,0,0,7930,5139,19295,2534,7607,962,466,0,0,1842,42935,2132,8949,0,0,0,0,0
881,10311,882.0338293364631,99791,108,46,157,48,40524,21385,0.6203866080107424,48,28,32895,34547,5604,3058,11186,12271,45288,35920,0,0,7921,5131,19298,2534,7613,963,468,0,0,1848,42936,2126,8953,0,0,0,0,0
882,10311,883.1763001478419,99790,107,46,157,49,40541,21396,0.6206734141697565,47,22,32931,34580,5593,3057,11163,12244,45295,35935,0,0,7907,5125,19297,2528,7627,964,472,0,0,1860,42934,2124,8952,0,0,0,0,0
883,10311,884.3176589118125,99789,98,47,158,49,40552,21399,0.6208199300524105,52,24,32968,34623,5590,3040,11132,12215,45302,35950,0,0,7896,5117,19299,2524,7638,965,474,0,0,1869,42933,2121,8953,0,0,0,0,0
884,10311,885.0778945576855,99789,92,46,158,49,40559,21403,0.6209301626431771,53,26,32990,34650,5585,3035,11120,12192,45309,35964,0,0,7887,5111,19298,2523,7646,966,473,0,0,1880,42932,2118,8955,0,0,0,0,0
885,10311,886.2172052029325,99789,95,45,158,49,40575,21409,0.6211506278247101,54,28,33034,34692,5576,3030,11081,12154,45316,35978,0,0,7878,5098,19306,2524,7652,966,473,0,0,1891,42929,2117,8955,0,0,0,0,0
886,10311,887.3549308693536,99789,94,47,158,49,40587,21419,0.6213710930062432,51,22,33071,34752,5563,3029,11061,12099,45323,35992,0,0,7866,5090,19309,2523,7658,970,475,0,0,1896,42933,2115,8954,0,0,0,0,0
887,10311,888.112804346744,99789,96,43,158,49,40600,21420,0.6215113890308551,41,22,33087,34785,5562,3029,11054,12070,45330,36006,0,0,7856,5084,19310,2523,7662,975,477,0,0,1900,42937,2112,8953,0,0,0,0,0
888,10311,889.3135445295749,99789,95,44,158,49,40610,21425,0.6216617062000822,40,21,33118,34830,5554,3018,11033,12036,45337,36020,0,0,7844,5079,19313,2520,7670,975,480,0,0,1907,42939,2108,8954,0,0,0,0,0
889,10311,890.2619338385606,99789,97,43,158,49,40627,21428,0.6218621290923849,34,24,33147,34894,5546,3015,11016,11973,45344,36034,0,0,7834,5068,19317,2521,7675,977,482,0,0,1914,42940,2105,8956,0,0,0,0,0
890,10311,891.0180752402298,99789,93,44,158,49,40633,21433,0.6219723616831514,39,21,33174,34923,5539,3011,10995,11950,45351,36048,0,0,7823,5062,19321,2517,7684,977,485,0,0,1919,42943,2101,8957,0,0,0,0,0
891,10311,892.1513595918304,99789,95,40,158,49,40652,21434,0.6221727845754542,27,27,33221,34957,5540,3010,10957,11915,45358,36062,0,0,7806,5056,19322,2517,7691,977,488,0,0,1930,42946,2100,8956,0,0,0,0,0
892,10311,893.2832368575192,99789,86,38,158,49,40659,21441,0.6223130806000662,34,27,33253,35002,5534,3010,10933,11872,45365,36076,0,0,7793,5048,19326,2515,7695,980,490,0,0,1944,42943,2099,8956,0,0,0,0,0
893,10311,894.0371846767812,99789,88,41,158,49,40670,21447,0.6224834400585235,31,26,33284,35036,5530,3003,10907,11843,45372,36090,0,0,7786,5038,19333,2514,7699,982,489,0,0,1950,42945,2097,8956,0,0,0,0,0
894,10311,895.1668933266642,99789,79,41,158,49,40680,21454,0.6226537995169809,36,26,33318,35070,5520,3003,10887,11809,45379,36104,0,0,7773,5034,19333,2511,7703,987,490,0,0,1962,42945,2093,8958,0,0,0,0,0
895,10311,896.2953931631108,99789,73,35,158,49,40686,21460,0.6227740532523625,38,24,33359,35113,5503,3008,10867,11769,45386,36118,0,0,7761,5028,19334,2509,7710,989,491,0,0,1976,42942,2091,8958,0,0,0,0,0
896,10311,897.0470118642812,99789,75,32,158,49,40695,21461,0.6228742646985138,35,23,33391,35145,5489,3006,10850,11743,45393,36132,0,0,7753,5020,19339,2506,7717,989,491,0,0,1981,42945,2087,8961,0,0,0,0,0
897,10311,898.0773149408843,99789,74,39,158,49,40708,21470,0.6230947298800469,34,21,33432,35173,5486,3001,10814,11715,45400,36146,0,0,7742,5010,19342,2507,7725,989,492,0,0,1986,42949,2085,8962,0,0,0,0,0
898,10311,899.2021852260957,99789,76,41,158,49,40713,21476,0.6232049624708134,34,17,33452,35201,5475,2999,10803,11691,45406,36159,0,0,7731,5003,19348,2505,7728,990,493,0,0,1989,42956,2085,8961,0,0,0,0,0
899,10311,900.1533060760612,99789,78,40,158,49,40721,21477,0.6232951527723497,53,48,33487,35212,5462,2993,10760,11656,45406,36159,0,0,7730,5002,19346,2506,7732,990,494,0,0,1991,42954,2085,8959,0,0,0,0,0
900,10311,900.1533060760612,99789,83,39,158,49,40727,21479,0.6233753219292708,51,47,33508,35225,5459,2996,10739,11642,45406,36159,0,0,7730,5002,19345,2506,7734,990,494,0,2,1991,42952,2085,8958,0,0,0,0,0
901,10311,901.2752076987869,99789,76,44,158,49,40732,21490,0.623535660243113,59,45,33570,35277,5445,2993,10690,11590,45406,36159,0,0,7729,5001,19342,2508,7738,990,494,1,13,1991,42941,2084,8957,0,0,0,0,0
902,10311,902.0219665641876,99789,79,44,158,49,40744,21499,0.6237461042800309,55,39,33595,35320,5443,2989,10668,11557,45406,36159,0,0,7728,4998,19341,2511,7741,991,494,2,22,1990,42932,2084,8955,0,0,0,0,0
903,10311,903.1408836381092,99789,76,48,158,49,40754,21510,0.6239565483169488,57,33,33644,35360,5438,2987,10625,11521,45406,36159,0,0,7726,4996,19336,2514,7745,992,494,4,31,1990,42923,2083,8955,0,0,0,0,0
904,10311,904.2581753940119,99789,82,54,158,49,40770,21522,0.6242371403661726,58,28,33706,35403,5418,2979,10576,11485,45406,36159,0,0,7725,4994,19334,2515,7747,994,494,5,38,1989,42916,2083,8955,0,0,0,0,0
905,10311,905.0018356550078,99789,80,54,158,49,40777,21526,0.6243473729569391,57,30,33727,35435,5421,2973,10555,11457,45406,36159,0,0,7725,4994,19331,2515,7748,996,494,5,46,1989,42908,2083,8955,0,0,0,0,0
906,10311,906.1162885461428,99789,78,52,158,49,40788,21535,0.6245477958492419,62,32,33772,35481,5420,2969,10508,11415,45406,36159,0,0,7724,4991,19325,2517,7757,998,494,6,53,1988,42901,2083,8952,0,0,0,0,0
907,10311,907.2292141478401,99789,84,54,158,49,40804,21545,0.6248083456092355,68,36,33810,35525,5411,2965,10467,11369,45406,36159,0,0,7724,4991,19321,2518,7764,999,494,6,61,1988,42893,2082,8948,0,0,0,0,0
908,10311,908.3407299339449,99789,91,46,158,49,40828,21549,0.6250889376584593,58,43,33854,35564,5408,2964,10429,11332,45406,36159,0,0,7723,4989,19317,2519,7770,1001,494,7,77,1988,42877,2082,8945,0,0,0,0,0
909,10311,909.0809806457991,99789,91,47,158,49,40838,21557,0.6252693182615319,65,40,33874,35601,5406,2961,10404,11300,45406,36159,0,0,7720,4988,19312,2520,7776,1002,494,10,82,1988,42872,2082,8943,0,0,0,0,0
910,10311,910.1904033943375,99789,95,45,158,49,40854,21564,0.62549980458768,60,48,33917,35644,5405,2960,10363,11252,45406,36159,0,0,7720,4986,19309,2523,7781,1003,494,10,93,1988,42861,2081,8940,0,0,0,0,0
911,10311,911.2984554435586,99789,95,51,158,49,40869,21576,0.6257703754922888,63,46,33969,35693,5382,2951,10331,11208,45406,36159,0,0,7717,4985,19307,2523,7785,1006,494,13,99,1987,42855,2080,8938,0,0,0,0,0
912,10311,912.0361378247405,99789,109,55,158,49,40886,21586,0.6260409463968974,56,49,34003,35715,5373,2947,10299,11183,45406,36159,0,0,7714,4985,19306,2523,7787,1006,494,16,102,1987,42852,2080,8937,0,0,0,0,0
913,10311,913.1412234319079,99789,108,62,158,49,40898,21600,0.626301496156891,64,47,34044,35759,5364,2943,10260,11138,45406,36159,0,0,7713,4983,19298,2524,7798,1007,494,17,106,1986,42848,2080,8935,0,0,0,0,0
914,10311,914.2448077164664,99789,112,56,158,49,40913,21606,0.626511940193809,67,54,34084,35793,5351,2941,10226,11105,45406,36159,0,0,7710,4982,19295,2525,7804,1007,494,20,119,1986,42835,2080,8932,0,0,0,0,0
915,10311,915.347071557641,99789,102,66,158,49,40928,21624,0.6268426379661085,80,47,34138,35832,5349,2936,10171,11068,45406,36159,0,0,7706,4978,19291,2530,7810,1009,494,24,132,1986,42822,2078,8929,0,0,0,0,0
916,10311,916.0809886700745,99789,105,68,158,49,40945,21631,0.6270831454368718,81,48,34158,35857,5351,2934,10145,11042,45406,36159,0,0,7704,4977,19287,2529,7816,1010,494,26,140,1986,42814,2078,8928,0,0,0,0,0
917,10311,917.180758730293,99788,119,73,158,50,40969,21644,0.6274602156571932,87,49,34182,35899,5340,2933,10112,10994,45406,36159,0,0,7703,4976,19283,2530,7822,1011,494,27,147,1985,42806,2078,8926,0,0,0,0,0
918,10311,918.2794437625912,99788,122,73,158,50,40993,21657,0.6278310017236541,92,45,34226,35941,5338,2935,10062,10954,45406,36159,0,0,7699,4973,19277,2534,7830,1012,493,31,161,1985,42792,2076,8925,0,0,0,0,0
919,10311,919.0110689467689,99788,124,78,158,50,41006,21667,0.6280614903595623,92,49,34248,35959,5336,2935,10040,10927,45406,36159,0,0,7697,4972,19272,2534,7838,1013,493,33,164,1984,42789,2076,8923,0,0,0,0,0
920,10311,920.1073849592497,99788,126,82,158,50,41035,21687,0.628552531366497,89,47,34281,35990,5338,2936,10006,10893,45406,36159,0,0,7694,4967,19263,2539,7852,1016,493,36,178,1982,42775,2075,8918,0,0,0,0,0
921,10311,921.2025925222316,99788,120,84,158,50,41057,21703,0.6289333386779974,93,43,34307,36025,5355,2937,9965,10859,45406,36159,0,0,7692,4967,19255,2538,7870,1018,493,38,194,1982,42759,2073,8909,0,0,0,0,0
922,10311,922.2970091815264,99788,125,90,158,50,41086,21719,0.6293842947047741,88,38,34355,36063,5355,2933,9917,10824,45406,36159,0,0,7689,4963,19247,2541,7880,1019,493,41,208,1982,42745,2073,8907,0,0,0,0,0
923,10311,923.0258426716512,99788,128,88,158,50,41103,21727,0.6296348258307612,92,42,34378,36083,5356,2935,9886,10800,45406,36159,0,0,7688,4963,19241,2541,7885,1022,493,42,220,1981,42733,2073,8906,0,0,0,0,0
924,10311,924.1179393992143,99788,130,87,158,50,41125,21739,0.6299755481621037,95,45,34418,36117,5356,2940,9841,10759,45406,36159,0,0,7684,4960,19235,2544,7889,1026,493,46,234,1981,42719,2073,8904,0,0,0,0,0
925,10311,925.2086923873516,99788,131,92,158,50,41151,21762,0.6304665891690384,99,40,34453,36150,5366,2947,9791,10719,45406,36159,0,0,7677,4956,19228,2548,7896,1030,493,53,251,1980,42702,2073,8901,0,0,0,0,0
926,10311,926.2983300630852,99788,139,84,158,50,41183,21771,0.6308774602156572,92,49,34480,36196,5368,2955,9761,10664,45406,36159,0,0,7672,4955,19223,2550,7900,1033,493,58,275,1980,42678,2072,8899,0,0,0,0,0
927,10311,927.0242309714105,99788,144,84,158,50,41198,21782,0.6311380125866838,99,48,34504,36216,5359,2957,9734,10643,45406,36159,0,0,7671,4953,19219,2551,7906,1033,493,59,287,1980,42666,2072,8898,0,0,0,0,0
928,10311,928.1119877106241,99788,148,89,158,50,41221,21799,0.6315388623882631,102,53,34537,36254,5360,2956,9693,10596,45406,36159,0,0,7668,4951,19214,2555,7916,1033,493,62,300,1979,42653,2069,8895,0,0,0,0,0
929,10311,929.1985746092261,99788,155,86,158,50,41255,21812,0.6320098609051189,108,58,34564,36295,5357,2960,9656,10549,45406,36159,0,0,7664,4951,19203,2555,7934,1035,493,66,316,1977,42637,2068,8889,0,0,0,0,0
930,10311,930.2841978902535,99788,164,83,158,50,41284,21827,0.6324507956868561,106,60,34587,36326,5366,2964,9617,10515,45406,36159,1,1,7660,4951,19193,2556,7943,1038,493,70,335,1977,42617,2067,8887,0,0,0,0,1
931,10311,931.0074960146505,99788,169,87,158,50,41302,21841,0.6327714755281196,113,59,34613,36346,5360,2963,9585,10493,45406,36159,2,2,7658,4949,19187,2559,7949,1039,493,72,345,1976,42606,2066,8886,1,0,0,0,2
932,10311,932.091349413168,99788,158,85,158,50,41328,21854,0.6331623040846595,112,63,34649,36385,5374,2969,9547,10446,45406,36159,3,3,7653,4944,19175,2565,7960,1045,493,77,361,1974,42589,2064,8883,1,0,1,0,3
933,10311,933.1742716692926,99788,167,89,158,50,41355,21870,0.6335932176213572,113,64,34677,36411,5372,2976,9511,10408,45406,36159,4,4,7649,4944,19169,2564,7965,1048,493,81,376,1974,42573,2064,8881,1,0,2,0,4
934,10311,934.256217273899,99788,166,92,158,50,41387,21888,0.6340942798733314,116,67,34696,36436,5382,2985,9480,10368,45406,36159,6,5,7644,4941,19156,2569,7976,1052,493,86,395,1974,42552,2062,8878,2,0,2,0,6
935,10311,935.3373846397438,99788,161,95,158,50,41413,21905,0.6345251934100292,122,67,34721,36468,5392,2987,9444,10331,45406,36159,9,6,7641,4937,19153,2572,7986,1055,493,89,416,1973,42528,2061,8870,2,0,3,0,9
936,10311,936.0577378216799,99788,162,100,158,50,41430,21916,0.6348057882711348,133,66,34737,36491,5387,2987,9421,10304,45406,36159,12,8,7640,4935,19147,2574,7995,1055,493,90,425,1973,42514,2061,8867,2,0,3,0,14
937,10311,937.1375938731627,99788,177,97,158,50,41468,21933,0.6353569567483064,118,68,34760,36533,5388,2994,9397,10256,45406,36159,16,10,7636,4933,19142,2577,8002,1057,492,94,450,1972,42484,2061,8863,2,1,3,0,19
938,10311,938.2165493223677,99788,174,111,158,50,41494,21963,0.6359181464705175,126,56,34789,36572,5398,2996,9353,10213,45406,36159,21,12,7631,4928,19131,2582,8012,1061,492,99,467,1972,42464,2061,8857,3,1,5,0,22
939,10311,939.2945705559949,99788,177,100,158,50,41530,21971,0.6363590812522548,122,71,34806,36593,5419,3003,9316,10181,45406,36159,27,15,7625,4926,19119,2585,8027,1064,491,105,490,1970,42437,2061,8851,4,1,6,0,26
940,10311,940.0129004790416,99788,169,101,158,50,41545,21983,0.6366296548683208,146,70,34806,36611,5432,3010,9287,10156,45406,36159,34,18,7621,4925,19111,2586,8039,1065,491,109,504,1969,42416,2060,8846,5,1,7,0,33
941,10311,941.0901350844481,99788,180,105,158,50,41578,22006,0.6371908445905319,159,65,34827,36628,5423,3019,9251,10131,45406,36159,42,21,7620,4923,19101,2589,8047,1069,491,110,527,1967,42387,2059,8843,5,2,9,0,39
942,10311,942.16644276728,99788,197,108,158,50,41619,22019,0.637731991822664,159,76,34843,36645,5427,3021,9214,10098,45406,36159,51,25,7618,4922,19093,2590,8055,1072,491,112,543,1967,42364,2058,8835,8,2,12,0,46
943,10311,943.2419446491513,99788,205,117,158,50,41660,22045,0.6384034152403094,168,74,34859,36665,5434,3030,9174,10062,45406,36159,62,29,7609,4922,19081,2590,8070,1073,491,121,567,1966,42333,2057,8826,11,3,15,0,53
944,10311,944.3169268798978,99788,223,120,158,50,41714,22064,0.6391349661281918,158,78,34865,36676,5452,3035,9142,10039,45406,36159,74,34,7605,4918,19066,2599,8079,1080,491,124,585,1965,42307,2053,8820,11,3,21,1,60
945,10311,945.0332947032934,99788,213,123,158,50,41736,22083,0.6395458371748106,169,80,34880,36667,5460,3048,9118,10030,45406,36159,88,39,7596,4916,19055,2600,8091,1081,491,133,606,1963,42275,2052,8815,11,4,27,2,70
946,10311,946.107319602292,99788,228,120,158,50,41778,22101,0.6401471118771797,183,81,34887,36683,5461,3064,9081,10000,45406,36159,103,45,7590,4914,19036,2605,8102,1084,489,139,626,1962,42247,2050,8811,12,5,36,2,78
947,10311,947.1806383755923,99788,244,119,158,50,41824,22119,0.6407884715597065,178,80,34918,36710,5469,3063,9031,9976,45406,36159,120,51,7584,4910,19024,2611,8105,1090,489,145,650,1959,42216,2048,8804,17,7,42,3,84
948,10311,948.2529099049403,99788,248,123,158,50,41871,22140,0.6414699162223915,187,89,34940,36711,5482,3069,8983,9956,45406,36159,139,57,7576,4907,19003,2615,8126,1094,489,153,670,1959,42183,2047,8790,22,7,48,3,96
949,10311,949.3244126092316,99788,256,137,158,50,41917,22171,0.6422415520904318,194,85,34947,36713,5494,3074,8949,9939,45406,36159,159,64,7571,4906,18987,2614,8139,1104,489,158,686,1958,42151,2046,8778,25,7,54,4,111
950,10311,950.0384249156263,99788,264,133,158,50,41950,22182,0.642682486872169,197,96,34954,36718,5500,3074,8925,9927,45406,36159,181,71,7570,4906,18972,2615,8148,1111,489,159,704,1954,42118,2045,8771,27,9,60,4,126
951,10311,951.1091338925784,99788,290,142,158,50,42010,22214,0.6436044414158015,192,87,34943,36733,5513,3086,8902,9900,45406,36159,205,79,7566,4900,18950,2620,8160,1119,489,163,728,1954,42083,2045,8758,29,9,74,4,137
952,10311,952.179845832575,99788,292,142,158,50,42066,22236,0.6443860985288812,192,90,34923,36742,5548,3093,8885,9881,45406,36159,231,88,7555,4897,18932,2627,8174,1128,488,174,751,1954,42035,2040,8746,32,9,81,5,160
953,10311,953.2507875691058,99788,292,139,158,50,42111,22257,0.6450475007014872,212,102,34919,36736,5566,3102,8851,9869,45406,36159,259,97,7547,4892,18912,2636,8193,1134,487,181,773,1951,41995,2038,8729,38,11,88,5,178
954,10311,954.3218156465749,99788,303,148,158,50,42168,22289,0.6459393915100012,200,102,34932,36756,5594,3095,8811,9847,45406,36159,289,107,7539,4888,18891,2642,8205,1142,487,189,803,1951,41944,2035,8718,40,11,99,6,198
955,10311,955.035592802831,99788,300,160,158,50,42203,22312,0.6465206237222912,216,99,34921,36754,5607,3096,8796,9839,45406,36159,321,117,7535,4885,18874,2645,8218,1146,486,193,822,1948,41899,2034,8708,45,13,107,6,224
956,10311,956.1061879902226,99788,303,154,158,50,42267,22340,0.6474425782659238,203,100,34926,36754,5634,3116,8774,9824,45406,36159,355,128,7523,4877,18846,2653,8239,1150,486,205,868,1945,41832,2031,8696,54,14,118,6,245
957,10311,957.1767685597252,99788,307,148,158,50,42314,22358,0.6480939591934902,208,115,34936,36745,5660,3123,8729,9817,45406,36159,392,139,7518,4872,18832,2658,8244,1157,486,210,905,1944,41763,2028,8688,58,14,128,6,277
958,10311,958.2471771966666,99788,305,141,158,50,42349,22386,0.6487252976309776,228,107,34926,36750,5675,3146,8706,9804,45406,36159,431,151,7510,4868,18805,2660,8264,1160,486,218,939,1943,41696,2027,8680,60,14,142,6,310
959,10311,959.3175544717953,99788,323,150,158,50,42401,22412,0.6495069547440574,231,108,34943,36731,5672,3151,8671,9808,45406,36159,472,163,7505,4864,18779,2663,8279,1165,485,223,956,1941,41653,2027,8664,71,15,156,6,336
960,10311,960.030764804268,99788,327,150,158,50,42440,22430,0.6500781657113079,235,113,34932,36706,5689,3161,8657,9818,45406,36159,515,176,7499,4860,18763,2668,8289,1169,485,229,981,1939,41590,2025,8654,75,17,166,6,373
961,10311,961.100587220711,99788,340,150,158,50,42510,22458,0.6510602477251773,235,113,34914,36702,5718,3177,8633,9806,45406,36159,560,190,7491,4853,18732,2676,8326,1171,485,237,1004,1937,41527,2018,8637,82,18,175,6,413
962,10311,962.170835764889,99788,356,148,158,50,42585,22488,0.6521124784543232,218,113,34909,36683,5747,3193,8610,9811,45406,36159,608,204,7486,4845,18701,2686,8344,1179,484,242,1046,1933,41447,2017,8625,87,20,189,9,448
963,10311,963.2411794764811,99788,359,154,158,50,42647,22516,0.6530143905078767,222,123,34897,36654,5777,3202,8585,9815,45406,36159,658,219,7478,4842,18671,2690,8364,1188,484,250,1078,1932,41377,2014,8607,99,20,199,10,485
964,10311,964.3117802128958,99788,358,165,158,50,42713,22554,0.654056599991983,222,126,34884,36655,5816,3208,8560,9794,45406,36159,710,235,7467,4834,18638,2700,8382,1197,484,260,1115,1926,41297,2011,8601,101,23,214,13,525
965,10311,965.0256715430477,99788,363,181,158,50,42755,22584,0.6547781296348258,225,124,34878,36621,5835,3208,8539,9814,45406,36159,765,251,7461,4829,18613,2704,8384,1210,484,266,1133,1923,41238,2011,8592,109,24,229,13,565
966,10311,966.0965917283487,99787,360,187,159,50,42820,22621,0.6558068686301823,235,123,34870,36593,5872,3227,8502,9818,45406,36159,822,268,7448,4823,18584,2710,8404,1220,484,277,1170,1922,41155,2009,8572,117,25,245,14,608
967,10311,967.1674587855679,99787,358,189,159,50,42877,22641,0.6565785122310521,245,141,34868,36561,5898,3232,8470,9825,45406,36159,881,285,7440,4818,18553,2714,8420,1234,483,285,1191,1920,41085,2007,8557,123,26,261,14,656
968,10311,968.2384552389423,99787,354,200,159,50,42932,22681,0.6575305400503072,258,134,34851,36535,5925,3249,8451,9830,45406,36159,942,303,7432,4815,18520,2718,8440,1244,483,292,1230,1916,41001,2005,8539,131,28,278,16,699
969,10311,969.309712454949,99786,353,199,160,50,43003,22718,0.6586194456136132,247,139,34849,36514,5963,3265,8426,9831,45406,36159,1006,322,7425,4802,18479,2728,8473,1253,483,299,1265,1908,40914,2003,8524,137,32,296,20,745
970,10311,970.0239308859822,99786,347,213,160,50,43032,22750,0.6592307538131602,259,142,34848,36459,5970,3272,8414,9862,45406,36159,1072,341,7421,4799,18449,2729,8490,1259,483,303,1284,1906,40845,2001,8507,149,34,312,20,795
971,10311,971.0953335843831,99786,378,215,160,50,43100,22788,0.6602930270779468,264,142,34834,36427,5974,3288,8388,9876,45406,36159,1140,361,7417,4792,18408,2737,8503,1271,482,307,1312,1901,40775,2000,8492,159,36,340,21,833
972,10311,972.1665869546538,99786,393,214,160,50,43178,22824,0.6614354719098872,250,147,34821,36386,6014,3309,8360,9892,45406,36159,1210,382,7406,4790,18371,2738,8522,1283,482,318,1359,1898,40674,1999,8475,168,37,359,23,884
973,10311,973.2380847025462,99785,407,233,160,51,43242,22871,0.66255449215814,267,135,34807,36350,6028,3318,8329,9911,45406,36159,1282,403,7399,4785,18339,2746,8536,1296,482,325,1380,1895,40598,1991,8458,178,39,377,26,935
974,10311,974.3097064103606,99785,402,239,160,51,43303,22910,0.6635566467905998,283,136,34789,36333,6070,3330,8294,9909,45406,36159,1356,425,7388,4780,18302,2751,8552,1309,482,335,1421,1894,40503,1989,8437,192,40,396,30,984
975,10311,975.0243903424245,99785,407,249,160,51,43351,22943,0.6643683920428922,290,134,34767,36292,6090,3340,8284,9932,45406,36159,1432,448,7380,4775,18275,2756,8562,1322,482,343,1443,1892,40420,1988,8415,207,41,409,32,1043
976,10311,976.0969960561697,99785,431,243,160,51,43432,22971,0.6654607405922733,291,140,34733,36260,6120,3354,8263,9950,45406,36159,1510,471,7370,4770,18226,2760,8589,1329,482,353,1479,1891,40331,1987,8393,221,42,434,34,1094
977,10311,977.1700887977507,99785,439,246,160,51,43506,23000,0.6664929598637069,297,151,34727,36229,6145,3360,8230,9961,45406,36159,1590,495,7366,4763,18192,2771,8606,1340,482,357,1516,1890,40225,1981,8374,229,43,454,37,1159
978,10311,978.2434091432642,99785,440,245,160,51,43573,23034,0.6675051360424914,315,161,34703,36183,6184,3373,8196,9985,45406,36159,1672,519,7359,4758,18149,2780,8623,1359,481,364,1551,1886,40130,1977,8352,240,45,476,40,1215
979,10311,979.3169655067218,99785,469,256,160,51,43656,23088,0.6688780878889613,315,139,34683,36139,6197,3397,8174,10016,45406,36159,1756,544,7351,4750,18100,2787,8640,1371,481,372,1596,1881,40023,1977,8340,248,49,502,43,1274
980,10311,980.032769400124,99785,483,257,160,51,43718,23116,0.6697800270581751,327,131,34643,36100,6221,3413,8164,10046,45406,36159,1841,570,7344,4743,18056,2798,8654,1382,481,378,1623,1879,39943,1973,8315,265,50,531,45,1325
981,10311,981.1076493249784,99784,511,251,161,51,43817,23154,0.6711597049627195,318,139,34620,36056,6257,3425,8131,10076,45406,36159,1928,596,7337,4738,18008,2802,8677,1399,481,385,1665,1874,39835,1971,8293,275,53,557,52,1382
982,10311,982.182966929464,99784,539,246,161,51,43911,23195,0.6725126272749138,320,146,34583,36003,6285,3446,8110,10106,45406,36159,2017,623,7327,4729,17965,2809,8689,1416,481,394,1712,1869,39727,1969,8272,288,58,586,57,1436
983,10311,983.2590664913965,99784,547,235,161,51,44004,23225,0.6737452898260242,327,163,34550,35962,6327,3457,8086,10130,45406,36159,2107,651,7315,4723,17923,2818,8709,1432,480,404,1766,1864,39608,1966,8246,300,62,613,59,1496
984,10311,984.335975161818,99784,528,253,161,51,44092,23274,0.6751182554317325,337,162,34504,35920,6395,3461,8073,10151,45406,36159,2199,679,7302,4715,17872,2826,8743,1451,477,417,1807,1854,39488,1962,8232,303,66,638,64,1567
985,10311,985.0546899203637,99784,538,251,161,51,44155,23303,0.676040246933376,333,167,34469,35852,6420,3483,8077,10194,45406,36159,2292,708,7298,4710,17828,2829,8758,1467,477,421,1839,1849,39392,1959,8211,316,70,665,67,1628
986,10311,986.1340554086055,99783,532,247,162,51,44244,23341,0.6773197839311306,343,173,34429,35802,6483,3506,8049,10219,45406,36159,2386,737,7281,4704,17775,2830,8787,1488,477,438,1879,1841,39290,1954,8182,330,76,698,70,1683
987,10311,987.2147108051693,99783,543,254,162,51,44338,23384,0.6786927632963531,353,181,34368,35744,6534,3517,8038,10251,45406,36159,2481,767,7273,4694,17736,2837,8799,1511,477,445,1921,1835,39175,1951,8162,337,82,724,75,1749
988,10311,988.2968041590901,99783,564,263,162,51,44447,23434,0.6802862210997865,343,179,34314,35689,6590,3535,8025,10281,45406,36159,2578,798,7267,4684,17689,2846,8830,1529,476,451,1967,1831,39050,1946,8137,350,84,745,81,1820
989,10311,989.0190750868387,99783,562,269,162,51,44504,23466,0.6811781565998216,355,181,34282,35610,6624,3548,8013,10339,45406,36159,2676,829,7257,4674,17656,2857,8832,1548,476,461,1998,1825,38943,1944,8118,363,85,769,84,1893
990,10311,990.1035547543262,99781,571,273,164,51,44606,23510,0.682655014481715,357,184,34230,35540,6676,3570,8000,10380,45406,36159,2775,861,7244,4671,17594,2858,8863,1566,475,474,2047,1820,38826,1940,8092,376,89,803,88,1955
991,10311,991.1894485378082,99780,598,276,165,51,44720,23554,0.6842453397474444,345,185,34186,35480,6724,3593,7980,10413,45406,36159,2874,893,7233,4661,17546,2874,8883,1585,474,484,2094,1816,38701,1933,8070,389,92,825,93,2027
992,10311,992.27649670192,99780,591,296,165,51,44815,23608,0.6857386249749449,355,201,34155,35395,6779,3607,7953,10448,45406,36159,2974,926,7219,4651,17484,2885,8911,1610,474,496,2133,1811,38589,1929,8046,399,95,855,98,2095
993,10311,993.0016906404772,99780,581,293,165,51,44870,23643,0.6866406093405492,376,200,34114,35323,6816,3622,7946,10509,45406,36159,3075,959,7213,4641,17439,2895,8923,1632,472,501,2168,1806,38479,1928,8022,412,98,884,103,2164
994,10311,994.090754644059,99779,588,310,166,51,44968,23704,0.6882410126379298,388,194,34058,35245,6866,3646,7932,10552,45406,36159,3177,993,7205,4625,17380,2907,8946,1655,472,509,2212,1799,38356,1927,8003,418,103,917,112,2233
995,10311,995.1812481625717,99778,596,302,167,51,45066,23753,0.6897211810218685,391,212,34020,35166,6903,3684,7921,10583,45406,36159,3279,1028,7191,4620,17334,2912,8979,1678,472,523,2257,1792,38222,1923,7972,431,106,934,120,2312
996,10311,996.2729379714954,99777,607,316,167,52,45176,23812,0.6914218707718212,410,210,33957,35097,6953,3700,7904,10623,45406,36159,3382,1063,7172,4613,17284,2924,9003,1700,470,540,2299,1785,38092,1921,7946,444,108,962,128,2386
997,10311,997.001536600834,99777,619,327,167,52,45248,23847,0.6924942622047165,423,209,33910,35028,6975,3703,7904,10679,45406,36159,3485,1099,7164,4604,17240,2934,9007,1721,470,548,2329,1780,37990,1918,7926,459,111,990,134,2452
998,10311,998.0956089481472,99775,611,331,169,52,45341,23904,0.69401152593335,433,206,33887,34962,7030,3726,7868,10721,45406,36159,3588,1135,7154,4591,17173,2945,9037,1745,469,557,2383,1777,37856,1915,7903,468,112,1027,138,2525
999,10311,999.1905724500652,99774,619,318,170,52,45455,23952,0.6956421512618518,420,208,33840,34898,7095,3762,7854,10760,45406,36159,3692,1172,7136,4581,17114,2962,9060,1768,467,574,2443,1771,37719,1907,7872,488,118,1055,144,2595
1000,10311,1000.2871240763923,99774,624,308,170,52,45568,24001,0.6972658207549061,412,231,33801,34840,7159,3787,7832,10780,45406,36159,3796,1209,7121,4568,17062,2979,9091,1785,465,589,2509,1763,37571,1900,7843,506,124,1081,151,2666
1001,10311,1001.0188280260983,99774,629,321,170,52,45629,24045,0.6983181991300339,437,236,33736,34762,7188,3797,7838,10830,45406,36159,3900,1247,7117,4566,17019,2980,9104,1806,465,593,2537,1760,37453,1895,7828,513,126,1108,158,2746
1002,10311,1002.1180336888457,99773,639,314,171,52,45745,24100,0.7000390887314203,428,246,33683,34669,7244,3833,7833,10884,45406,36159,4004,1285,7105,4548,16961,2996,9135,1824,465,603,2606,1754,37298,1894,7804,522,128,1141,168,2821
1003,10311,1003.2190590155396,99773,639,323,171,52,45841,24152,0.7015224559750634,451,274,33625,34587,7297,3843,7815,10919,45406,36159,4108,1323,7093,4541,16902,3004,9165,1843,465,613,2650,1750,37163,1893,7781,535,131,1168,178,2898
1004,10311,1004.3217234674221,99773,657,343,171,52,45965,24224,0.7034869152977259,440,260,33582,34516,7355,3865,7793,10962,45406,36159,4212,1362,7078,4536,16850,3010,9191,1869,465,628,2701,1744,37021,1889,7751,549,134,1190,193,2974
1005,10311,1005.0574928657342,99772,691,344,172,52,46061,24259,0.7048069598685002,421,277,33537,34448,7378,3880,7799,10997,45406,36159,4316,1401,7068,4527,16810,3015,9192,1899,465,638,2733,1736,36911,1888,7730,561,138,1216,196,3049
1006,10311,1006.1624512050646,99772,703,367,172,52,46181,24343,0.7068516216974702,425,263,33478,34372,7437,3920,7783,11024,45406,36159,4419,1441,7051,4514,16755,3026,9226,1924,465,654,2786,1729,36764,1885,7708,568,141,1238,208,3130
1007,10311,1007.2691540936532,99772,701,361,172,52,46297,24401,0.7085955979633565,430,272,33427,34296,7505,3956,7763,11061,45406,36159,4522,1481,7030,4505,16692,3033,9246,1957,464,674,2853,1726,36612,1880,7689,578,144,1268,212,3209
1008,10311,1008.0078610198714,99772,702,381,172,52,46372,24457,0.7099085915888225,451,254,33358,34224,7552,3975,7763,11112,45406,36159,4625,1522,7020,4493,16640,3046,9260,1979,463,684,2890,1726,36490,1878,7666,590,144,1299,215,3289
1009,10311,1009.1182546292334,99772,719,397,172,52,46500,24524,0.7118630477488674,464,271,33285,34147,7608,4000,7750,11131,45406,36159,4727,1563,7009,4483,16578,3052,9294,2004,463,693,2952,1724,36345,1876,7638,602,146,1326,219,3368
1010,10311,1010.2302789924488,99772,723,409,172,52,46629,24597,0.7138876638736319,475,274,33222,34074,7674,4031,7732,11158,45406,36159,4829,1604,6997,4471,16520,3069,9320,2037,461,705,3014,1714,36197,1869,7613,617,151,1348,228,3441
1011,10311,1011.3443602344088,99772,722,417,172,52,46762,24674,0.7159924628152187,499,285,33123,33989,7759,4073,7723,11182,45406,36159,4930,1646,6983,4455,16456,3089,9364,2061,458,719,3080,1701,36046,1862,7584,627,159,1376,242,3510
1012,10311,1012.0886011827752,99771,720,448,173,52,46842,24740,0.7174629902476671,530,267,33039,33913,7814,4090,7722,11228,45406,36159,5031,1688,6973,4448,16408,3090,9388,2084,456,728,3112,1696,35921,1861,7571,630,163,1403,245,3594
1013,10311,1013.2077544795559,99770,761,454,173,53,46985,24811,0.7196151147639571,552,292,32947,33817,7865,4129,7700,11253,45406,36159,5131,1730,6955,4441,16363,3101,9419,2109,455,744,3167,1692,35778,1853,7532,648,164,1425,253,3671
1014,10311,1014.3291633713648,99770,780,479,173,53,47138,24905,0.7220908088603789,536,290,32869,33744,7940,4166,7700,11266,45406,36159,5230,1773,6937,4427,16306,3117,9448,2141,454,762,3241,1687,35626,1844,7496,667,168,1451,259,3739
1015,10311,1015.0780781274138,99770,780,486,173,53,47229,24961,0.7235641976546056,553,296,32801,33668,7988,4194,7703,11301,45406,36159,5329,1816,6919,4415,16254,3130,9460,2169,454,780,3293,1683,35494,1840,7476,676,169,1482,265,3811
1016,10311,1016.2039848455801,99770,796,495,173,53,47379,25042,0.7258795229026761,540,293,32728,33587,8056,4240,7705,11330,45406,36159,5427,1859,6897,4398,16191,3143,9497,2202,453,802,3342,1679,35349,1835,7455,687,170,1508,277,3885
1017,10311,1017.3322717095347,99770,806,505,173,53,47524,25136,0.7282750325749223,566,279,32651,33512,8122,4304,7680,11345,45406,36159,5524,1903,6881,4384,16115,3157,9531,2240,453,815,3415,1674,35200,1831,7426,700,173,1542,291,3942
1018,10311,1018.0857444004013,99769,829,504,173,54,47625,25187,0.7298058515170043,575,276,32578,33448,8163,4337,7680,11379,45406,36159,5620,1947,6872,4375,16059,3170,9546,2265,452,821,3456,1671,35070,1829,7407,714,176,1567,298,4021
1019,10311,1019.2184343394509,99769,858,507,173,54,47794,25258,0.7322114083532961,573,301,32500,33342,8245,4380,7649,11414,45406,36159,5716,1991,6856,4360,16002,3188,9567,2306,448,836,3517,1668,34917,1823,7382,726,176,1595,306,4096
1020,10311,1020.3532216069066,99769,883,528,173,54,47942,25358,0.7346971504174643,608,291,32404,33263,8307,4426,7623,11436,45406,36159,5811,2035,6836,4348,15947,3201,9588,2342,447,856,3599,1666,34753,1821,7349,738,176,1620,316,4166
1021,10311,1021.1111918355994,99769,907,528,173,54,48067,25414,0.7365113411981677,592,308,32335,33180,8369,4447,7622,11481,45406,36159,5905,2080,6821,4342,15890,3206,9608,2373,447,871,3655,1663,34625,1816,7322,749,178,1652,329,4222
1022,10311,1022.2508146583878,99768,908,525,174,54,48234,25508,0.7391347927191083,608,310,32234,33098,8471,4508,7603,11503,45406,36159,5998,2125,6799,4327,15810,3228,9674,2400,447,891,3744,1654,34458,1806,7277,763,184,1684,339,4283
1023,10311,1023.0123736083553,99768,917,521,174,54,48354,25562,0.7408788389062625,595,327,32173,33022,8547,4546,7592,11528,45406,36159,6090,2170,6783,4313,15759,3248,9694,2432,442,907,3789,1647,34334,1801,7251,775,187,1710,350,4346
1024,10311,1024.1575443631452,99766,964,512,176,54,48548,25646,0.7436802116953671,573,331,32084,32958,8620,4603,7581,11540,45406,36159,6181,2215,6765,4301,15693,3266,9753,2466,440,925,3853,1643,34183,1792,7203,786,188,1733,368,4408
1025,10311,1025.3056431024613,99766,960,530,176,54,48714,25752,0.746406591423932,591,312,31979,32907,8730,4643,7562,11552,45406,36159,6271,2260,6743,4291,15613,3272,9796,2515,438,946,3936,1637,34030,1785,7173,794,189,1766,380,4462
1026,10311,1026.0728393334161,99765,988,520,177,54,48841,25804,0.7482082894802786,596,324,31896,32836,8780,4685,7561,11579,45406,36159,6360,2306,6721,4280,15566,3289,9810,2545,437,966,3990,1631,33904,1781,7142,812,194,1788,389,4520
1027,10311,1027.226859898115,99764,1007,530,178,54,49028,25910,0.7511527204201917,581,313,31806,32762,8886,4748,7540,11591,45406,36159,6448,2352,6690,4261,15497,3306,9863,2579,437,997,4077,1626,33737,1774,7108,822,194,1810,401,4585
1028,10311,1028.3839883513078,99764,1022,533,178,54,49194,26003,0.7537488472795798,627,344,31685,32665,8971,4804,7515,11598,45406,36159,6535,2398,6663,4248,15439,3318,9919,2602,433,1022,4153,1615,33574,1770,7078,839,199,1828,416,4648
1029,10311,1029.1573634648228,99764,1046,541,178,54,49321,26072,0.7557134838218195,607,348,31608,32582,9030,4844,7529,11629,45406,36159,6621,2444,6650,4232,15389,3335,9933,2638,432,1034,4212,1608,33448,1767,7051,852,200,1855,422,4706
1030,10311,1030.3207305803023,99764,1028,546,178,54,49474,26170,0.7582294214345856,611,363,31522,32521,9148,4893,7511,11621,45406,36159,6706,2490,6628,4218,15325,3335,9995,2681,432,1056,4287,1598,33294,1762,7014,864,206,1871,432,4766
1031,10311,1031.098178075212,99763,1033,552,179,54,49600,26227,0.7600713691448734,622,371,31434,32471,9226,4915,7504,11635,45406,36159,6790,2536,6614,4208,15271,3342,10013,2714,431,1070,4345,1594,33166,1758,6992,874,209,1899,447,4816
1032,10311,1032.2677948602463,99762,1020,570,180,54,49760,26344,0.7628555963192398,626,358,31357,32404,9334,4986,7481,11626,45406,36159,6873,2582,6596,4189,15193,3353,10061,2769,431,1086,4420,1589,33014,1755,6958,879,212,1921,461,4875
1033,10311,1033.0490614625385,99761,1016,566,180,55,49871,26409,0.7646274596285122,666,361,31261,32335,9403,5023,7472,11658,45406,36159,6955,2629,6584,4176,15146,3365,10099,2797,429,1097,4474,1580,32882,1749,6928,893,218,1938,473,4933
1034,10311,1034.2245836345219,99760,1038,582,181,55,50063,26514,0.767612269446672,662,370,31156,32251,9491,5083,7470,11657,45406,36159,7035,2676,6554,4159,15068,3379,10155,2834,428,1126,4547,1576,32741,1742,6892,900,218,1971,489,4981
1035,10311,1035.0102217507122,99760,1092,600,181,55,50226,26591,0.7700180433039294,648,365,31071,32192,9538,5114,7468,11672,45406,36159,7114,2723,6536,4152,15020,3381,10172,2874,427,1143,4594,1574,32620,1741,6870,911,220,1990,500,5035
1036,10311,1036.1920454045476,99760,1061,589,181,55,50395,26696,0.7727646351242983,693,365,30947,32125,9673,5188,7443,11676,45406,36159,7192,2770,6508,4130,14933,3404,10241,2916,425,1169,4680,1566,32466,1734,6832,921,226,2016,519,5074
1037,10311,1037.3782242899663,99759,1073,603,182,55,50585,26811,0.7758297496967692,714,349,30834,32051,9782,5264,7413,11676,45406,36159,7269,2817,6489,4110,14848,3416,10290,2960,424,1187,4769,1560,32316,1730,6797,938,231,2050,531,5113
1038,10311,1038.1712263696586,99758,1096,598,183,55,50729,26886,0.7780328394715211,702,367,30748,31977,9852,5316,7417,11685,45406,36159,7345,2864,6468,4100,14789,3421,10325,2994,424,1207,4836,1552,32181,1727,6771,951,234,2070,541,5167
1039,10311,1039.3645481236676,99757,1143,594,184,55,50967,27001,0.7815792375472398,680,362,30628,31917,9966,5398,7397,11672,45406,36159,7420,2911,6436,4074,14716,3458,10373,3036,423,1235,4928,1545,32019,1715,6736,960,236,2094,562,5211
1040,10311,1040.1624993812266,99755,1154,610,186,55,51103,27083,0.7837802616410205,676,354,30560,31864,10025,5435,7397,11680,45406,36159,7494,2958,6418,4063,14671,3467,10393,3073,422,1252,4992,1539,31891,1708,6705,976,238,2114,568,5265
1041,10311,1041.3630150263994,99752,1170,633,188,56,51321,27193,0.7870919881305638,712,363,30416,31784,10138,5479,7374,11683,45406,36159,7567,3005,6390,4040,14598,3482,10466,3106,421,1278,5064,1533,31744,1700,6670,986,242,2134,586,5312
1042,10311,1042.1657104723922,99752,1158,639,188,56,51443,27265,0.7890368112920042,731,378,30330,31706,10222,5524,7369,11695,45406,36159,7639,3052,6372,4030,14534,3492,10510,3141,420,1293,5114,1528,31628,1697,6635,1000,243,2159,596,5360
1043,10311,1043.373769027388,99752,1213,641,188,56,51689,27372,0.792575587456893,722,404,30208,31634,10331,5580,7336,11683,45406,36159,7710,3099,6342,4014,14456,3507,10571,3181,419,1320,5202,1523,31473,1689,6602,1013,246,2178,617,5399
1044,10311,1044.1814639173847,99751,1252,654,189,56,51863,27462,0.7952301230062857,709,391,30096,31570,10403,5639,7349,11688,45406,36159,7780,3146,6319,4001,14400,3512,10620,3214,419,1338,5257,1515,31348,1689,6573,1022,248,2196,632,5448
1045,10311,1045.3975249413897,99749,1278,641,190,57,52089,27567,0.7985643966355552,740,404,29941,31496,10519,5719,7330,11681,45406,36159,7849,3193,6291,3991,14312,3526,10691,3259,417,1363,5359,1508,31176,1677,6541,1031,249,2220,641,5497
1046,10311,1046.2111956653534,99749,1282,654,190,57,52242,27656,0.8009904861201617,723,399,29869,31435,10616,5763,7318,11690,45406,36159,7916,3240,6267,3980,14249,3535,10736,3293,417,1386,5421,1499,31045,1672,6520,1038,251,2244,660,5536
1047,10311,1047.027292567084,99749,1270,651,190,57,52385,27725,0.8031158207099821,734,426,29793,31370,10696,5803,7315,11691,45406,36159,7982,3287,6251,3966,14190,3540,10781,3340,417,1400,5472,1494,30929,1669,6487,1046,252,2263,677,5575
1048,10311,1048.255236599318,99749,1282,652,190,57,52619,27843,0.8066446781421368,770,448,29641,31293,10806,5887,7309,11661,45406,36159,8047,3334,6215,3947,14102,3564,10867,3381,415,1434,5561,1487,30770,1657,6450,1056,257,2275,697,5614
1049,10311,1049.0767642219657,99749,1270,695,190,57,52767,27946,0.8091609940951789,764,430,29559,31239,10898,5920,7317,11657,45406,36159,8111,3381,6195,3936,14047,3579,10910,3414,414,1450,5620,1482,30649,1650,6419,1061,259,2300,715,5649
1050,10311,1050.3136223482682,99748,1291,712,191,57,52997,28082,0.8128383526486747,793,435,29422,31177,11025,5990,7276,11627,45406,36159,8174,3427,6158,3916,13977,3606,10958,3461,413,1482,5724,1475,30478,1639,6393,1065,262,2321,734,5686
1051,10311,1051.1408212805823,99747,1300,718,191,58,53146,28163,0.8151523354085837,807,452,29327,31120,11092,6032,7281,11618,45406,36159,8236,3473,6140,3898,13925,3625,11003,3493,413,1495,5779,1470,30349,1634,6366,1072,263,2334,748,5740
1052,10311,1052.385960292736,99745,1365,709,192,59,53414,28307,0.8192992129931325,797,437,29193,31064,11189,6145,7262,11584,45406,36159,8297,3519,6109,3872,13830,3646,11074,3549,412,1524,5874,1463,30185,1628,6343,1070,265,2360,768,5773
1053,10311,1053.218905525903,99744,1336,706,193,59,53572,28390,0.8217236124478665,838,449,29071,31005,11307,6199,7253,11580,45406,36159,8357,3565,6084,3853,13773,3667,11131,3594,409,1546,5926,1454,30062,1621,6312,1071,268,2377,790,5806
1054,10311,1054.055029665826,99742,1322,692,195,59,53725,28467,0.8240460387800526,858,477,28966,30940,11406,6250,7251,11580,45406,36159,8416,3611,6062,3837,13706,3684,11191,3628,408,1562,5991,1448,29924,1616,6296,1073,270,2387,817,5842
1055,10311,1055.3147210980037,99741,1340,721,196,59,53987,28617,0.8281849991477928,840,493,28841,30881,11557,6311,7224,11533,45406,36159,8474,3657,6026,3813,13623,3706,11266,3675,403,1593,6101,1436,29753,1612,6269,1075,273,2404,840,5873
1056,10311,1056.1574297749014,99741,1360,725,196,59,54169,28717,0.8310123219137566,831,483,28734,30822,11652,6377,7225,11532,45406,36159,8531,3703,5999,3794,13570,3726,11288,3735,403,1616,6160,1434,29630,1609,6244,1081,271,2418,860,5903
1057,10311,1057.0029086969346,99741,1355,734,196,59,54320,28809,0.833448631956768,837,498,28649,30738,11739,6435,7222,11534,45406,36159,8587,3749,5980,3786,13512,3737,11335,3773,402,1633,6216,1425,29506,1600,6225,1091,274,2433,875,5938
1058,10311,1058.2761241239111,99741,1359,750,196,59,54586,28954,0.8375693044986515,808,483,28533,30685,11904,6516,7198,11505,45406,36159,8642,3795,5952,3765,13436,3765,11420,3828,399,1654,6304,1417,29340,1588,6184,1095,276,2449,907,5962
1059,10311,1059.127844311913,99739,1376,751,198,59,54763,29053,0.840353322170866,835,478,28410,30605,11974,6594,7205,11511,45406,36159,8697,3840,5932,3753,13368,3777,11467,3873,398,1670,6374,1413,29211,1584,6152,1103,277,2471,921,5995
1060,10311,1060.4112620092333,99739,1403,720,198,59,55057,29188,0.844654548371249,810,478,28275,30566,12136,6704,7176,11471,45406,36159,8751,3885,5900,3730,13295,3799,11555,3932,396,1696,6503,1403,29010,1573,6113,1104,281,2478,950,6021
1061,10311,1061.2705192074673,99739,1413,750,198,59,55238,29294,0.8475320586731369,829,468,28174,30500,12225,6749,7159,11472,45406,36159,8804,3930,5879,3720,13243,3805,11590,3980,391,1714,6570,1397,28887,1570,6084,1110,284,2498,966,6051
1062,10311,1062.1324631994773,99738,1397,766,199,59,55412,29400,0.8503479115282039,826,462,28087,30444,12337,6809,7152,11458,45406,36159,8856,3975,5856,3706,13185,3816,11657,4019,390,1730,6634,1393,28757,1563,6051,1119,287,2508,986,6081
1063,10311,1063.4305618382664,99737,1389,772,200,59,55689,29535,0.8544873016032165,827,478,27942,30395,12527,6883,7113,11411,45406,36159,8907,4020,5825,3677,13108,3846,11737,4086,388,1757,6735,1387,28599,1550,5997,1126,288,2527,1013,6091
1064,10311,1064.2997063527898,99737,1408,766,200,59,55880,29646,0.8575152651473374,836,472,27841,30340,12618,6964,7095,11397,45406,36159,8957,4065,5805,3661,13052,3864,11798,4127,385,1775,6818,1383,28453,1543,5959,1135,289,2539,1034,6117
1065,10311,1065.171758617759,99737,1374,805,200,59,56040,29769,0.860352727673782,864,451,27745,30278,12720,7020,7095,11385,45406,36159,9006,4109,5790,3645,12997,3873,11863,4169,384,1787,6879,1380,28325,1537,5927,1145,289,2546,1057,6144
1066,10311,1066.0467511075433,99736,1385,829,201,59,56216,29877,0.8632088714205502,897,449,27628,30227,12805,7064,7082,11370,45406,36159,9054,4153,5771,3633,12936,3879,11907,4217,382,1801,6938,1375,28220,1533,5900,1152,290,2561,1085,6156
1067,10311,1067.3650377870074,99736,1461,823,201,59,56508,30042,0.8677909681559317,888,452,27490,30164,12889,7174,7069,11326,45406,36159,9102,4197,5741,3619,12865,3888,11963,4289,381,1829,7047,1370,28051,1524,5869,1160,289,2568,1116,6167
1068,10311,1068.2471241655564,99735,1486,861,202,59,56710,30164,0.8710482779365318,887,428,27398,30126,12968,7223,7057,11301,45406,36159,9149,4241,5719,3601,12813,3903,12008,4333,381,1845,7106,1365,27938,1518,5840,1167,291,2581,1137,6189
1069,10311,1069.1318157882386,99734,1510,864,203,59,56900,30265,0.8739747728959031,887,439,27304,30074,13040,7285,7054,11277,45406,36159,9195,4285,5694,3586,12757,3912,12048,4388,381,1866,7150,1361,27833,1514,5819,1174,292,2593,1161,6205
1070,10311,1070.0190157149784,99733,1496,854,204,59,57086,30365,0.8768511926844675,910,467,27215,29996,13128,7355,7045,11267,45406,36159,9240,4328,5669,3571,12699,3927,12109,4439,381,1887,7218,1358,27702,1500,5788,1177,294,2602,1183,6229
1071,10311,1071.3551664988572,99732,1512,830,205,59,57404,30526,0.8816628564553002,896,468,27069,29948,13304,7479,7012,11214,45406,36159,9284,4371,5619,3553,12618,3929,12204,4508,378,1930,7351,1354,27500,1490,5753,1177,293,2616,1212,6247
1072,10311,1072.2498258001813,99731,1515,850,205,60,57609,30651,0.8849805978081038,889,465,26972,29891,13419,7543,6998,11189,45406,36159,9328,4414,5588,3541,12570,3943,12259,4559,376,1952,7415,1346,27367,1485,5725,1177,295,2622,1239,6272
1073,10311,1073.1477514099843,99731,1495,844,205,60,57812,30766,0.8881691750809678,882,465,26875,29838,13548,7627,6993,11164,45406,36159,9371,4457,5555,3520,12514,3963,12306,4614,375,1983,7517,1338,27210,1479,5691,1183,297,2632,1262,6292
1074,10311,1074.049270656827,99731,1518,813,205,60,57996,30863,0.8909867543692533,909,487,26770,29763,13614,7728,6982,11147,45406,36159,9413,4499,5535,3506,12455,3972,12348,4662,375,2002,7601,1333,27071,1472,5672,1190,298,2642,1293,6304
1075,10311,1075.4075440101578,99731,1528,803,205,60,58314,31030,0.8958498360589987,914,503,26620,29705,13776,7843,6955,11084,45406,36159,9454,4541,5499,3479,12374,4003,12443,4735,373,2026,7720,1326,26887,1464,5621,1199,298,2648,1323,6313
1076,10311,1076.3172853525004,99731,1531,804,205,60,58520,31139,0.8990083324141942,900,504,26541,29660,13881,7903,6940,11067,45406,36159,9495,4583,5467,3456,12319,4029,12484,4800,371,2052,7779,1318,26778,1457,5590,1199,299,2659,1348,6326
1077,10311,1077.2299055640706,99730,1522,843,205,61,58723,31255,0.9022159831545172,879,490,26450,29634,14012,7934,6930,11036,45406,36159,9535,4625,5453,3443,12265,4040,12536,4860,369,2063,7845,1314,26652,1444,5566,1203,300,2668,1358,6351
1078,10311,1078.1454120775936,99729,1498,825,206,61,58928,31362,0.9053535080066981,871,499,26354,29606,14148,8008,6921,10999,45406,36159,9574,4667,5430,3421,12194,4056,12604,4925,369,2085,7931,1305,26522,1434,5527,1208,299,2677,1387,6355
1079,10311,1079.0648402904008,99729,1491,800,206,61,59116,31478,0.9084017687934302,892,507,26276,29545,14227,8107,6906,10978,45406,36159,9613,4708,5400,3403,12139,4078,12650,4986,368,2110,8015,1299,26387,1424,5501,1209,301,2683,1415,6361
1080,10311,1080.4488403397336,99726,1480,816,209,61,59427,31660,0.9133726410364399,827,494,26213,29492,14404,8209,6865,10926,45406,36159,9651,4749,5363,3370,12051,4109,12752,5065,363,2137,8112,1292,26224,1413,5456,1211,301,2689,1442,6376
1081,10311,1081.374011834007,99725,1484,814,210,61,59633,31753,0.9163800451240912,834,503,26109,29461,14502,8265,6859,10894,45406,36159,9688,4790,5341,3353,12000,4112,12820,5111,363,2156,8178,1285,26095,1410,5432,1214,302,2690,1462,6401
1082,10311,1082.3025762837608,99725,1466,845,210,61,59834,31885,0.9197192278766608,838,489,26005,29413,14629,8334,6850,10856,45406,36159,9725,4831,5321,3334,11921,4124,12902,5166,362,2170,8236,1282,25977,1408,5403,1220,303,2695,1482,6419
1083,10311,1083.2346767815877,99725,1475,840,210,61,60028,31995,0.9227676109300577,856,507,25919,29359,14698,8400,6840,10831,45406,36159,9761,4871,5303,3316,11855,4139,12968,5212,362,2186,8306,1274,25854,1401,5382,1219,306,2701,1515,6426
1084,10311,1084.169904327957,99725,1475,831,210,61,60229,32108,0.92591626974179,862,515,25830,29301,14796,8473,6825,10817,45406,36159,9796,4911,5280,3298,11796,4158,13016,5275,359,2201,8364,1270,25742,1393,5362,1219,308,2707,1550,6427
1085,10311,1085.1081848472534,99723,1472,844,212,61,60421,32216,0.9289431725880689,887,531,25732,29242,14890,8525,6805,10795,45406,36159,9831,4951,5252,3285,11756,4174,13053,5339,357,2227,8410,1266,25633,1383,5328,1220,311,2710,1571,6448
1086,10311,1086.049449005157,99723,1473,850,212,61,60609,32359,0.9322623667559139,891,485,25645,29206,14982,8616,6795,10780,45406,36159,9865,4991,5230,3273,11709,4184,13124,5387,356,2239,8487,1255,25497,1377,5300,1221,313,2713,1597,6461
1087,10311,1087.467560616996,99721,1469,840,214,61,60900,32522,0.9368337662077195,915,517,25531,29148,15121,8722,6748,10710,45406,36159,9899,5030,5193,3250,11637,4196,13195,5462,353,2271,8613,1249,25316,1373,5274,1218,311,2723,1635,6452
1088,10311,1088.4165181866176,99718,1521,872,217,61,61134,32655,0.9405423293688201,892,510,25446,29095,15193,8776,6729,10684,45406,36159,9932,5069,5168,3242,11575,4205,13244,5513,353,2289,8667,1247,25211,1368,5248,1221,311,2733,1663,6460
1089,10311,1089.3681440537257,99717,1516,862,217,62,61338,32771,0.943760843186217,924,505,25347,29062,15275,8856,6719,10651,45406,36159,9964,5108,5149,3228,11519,4224,13311,5569,350,2299,8729,1240,25089,1361,5217,1224,314,2738,1692,6464
1090,10311,1090.3228325426976,99717,1528,866,217,62,61562,32882,0.9471203505921758,934,507,25236,29037,15381,8917,6702,10609,45406,36159,9996,5146,5112,3215,11472,4234,13366,5626,348,2331,8787,1236,24981,1355,5182,1227,313,2746,1718,6468
1091,10311,1091.2815836751865,99717,1529,855,217,62,61770,32986,0.95024920525086,907,529,25155,28998,15489,8983,6701,10571,45406,36159,10027,5184,5085,3204,11428,4239,13423,5676,346,2353,8854,1232,24859,1348,5151,1228,316,2756,1755,6464
1092,10311,1092.2437966659986,99714,1558,860,220,62,61987,33110,0.953697575064685,904,533,25072,28979,15559,9044,6685,10520,45406,36159,10058,5222,5059,3187,11381,4255,13473,5727,346,2374,8906,1231,24747,1339,5126,1226,316,2766,1780,6475
1093,10311,1093.2086815613825,99712,1582,879,221,63,62222,33252,0.957497593068036,882,500,24989,28940,15660,9124,6664,10492,45406,36159,10088,5260,5030,3166,11308,4276,13547,5783,345,2399,8970,1223,24636,1330,5100,1225,318,2773,1804,6479
1094,10311,1094.1767278382144,99712,1576,869,221,63,62439,33373,0.9608873555840821,882,510,24911,28880,15764,9213,6644,10463,45406,36159,10118,5297,5004,3145,11246,4293,13616,5849,344,2419,9037,1218,24508,1323,5074,1225,318,2778,1824,6491
