,indexID,time,N,Inf_L,Inf_H,Dead_L,Dead_H,cum_cases_L,cum_cases_H,cum_sum_per_N,Exposed_L,Exposed_H,Sus_L,Sus_H,Rec_nat_L,Rec_nat_H,Rec_vax_L,Rec_vax_H,vaccinatedH,vaccinatedL,boostedH,boostedL,count_Naive,count_Delta,count_Delta_vaccine,count_two,count_three,count_four,count_Omicron,count_Omicron_star,count_Omicron_star_vaccine,count_Omicron_vaccine,count_Vaccine,count_WT,count_WT_vaccine,count_WT_vaccine_boost,count_Omicron_vaccine_boost,count_Delta_vaccine_boost,count_Omicron_star_vaccine_boost,count_Vaccine_boost
0,4925,1.0166384826027888,99998,6,6,0,0,6,6,0.00012000240004800096,20,20,49973,49973,0,0,0,0,0,0,0,0,99998,0,0,0,0,0,0,0,0,0,0,0,0,0,0,0,0,0
1,4925,2.0842669089370354,99998,8,7,0,0,9,10,0.00019000380007600152,19,16,49971,49973,1,3,0,0,0,0,0,0,99994,0,0,0,0,0,0,0,0,0,0,4,0,0,0,0,0,0
2,4925,3.0922486413328483,99998,12,6,0,0,16,12,0.00028000560011200225,15,15,49968,49972,4,6,0,0,0,0,0,0,99988,0,0,0,0,0,0,0,0,0,0,10,0,0,0,0,0,0
3,4925,4.016682958922597,99998,19,9,0,0,23,16,0.00039000780015600314,14,11,49962,49972,4,7,0,0,0,0,0,0,99987,0,0,0,0,0,0,0,0,0,0,11,0,0,0,0,0,0
4,4925,5.027956797720176,99998,18,11,0,0,25,20,0.0004500090001800036,13,7,49961,49972,7,9,0,0,0,0,0,0,99982,0,0,0,0,0,0,0,0,0,0,16,0,0,0,0,0,0
5,4925,6.038882666104006,99998,18,13,0,0,28,23,0.0005100102002040041,12,6,49959,49970,10,10,0,0,0,0,0,0,99978,0,0,0,0,0,0,0,0,0,0,20,0,0,0,0,0,0
6,4925,7.007002515605558,99998,20,11,0,0,32,23,0.0005500110002200045,10,8,49957,49968,12,12,0,0,0,0,0,0,99974,0,0,0,0,0,0,0,0,0,0,24,0,0,0,0,0,0
7,4925,8.004351509287785,99998,21,14,0,0,33,26,0.0005900118002360047,10,5,49956,49968,12,12,0,0,0,0,0,0,99974,0,0,0,0,0,0,0,0,0,0,24,0,0,0,0,0,0
8,4925,9.00893877021928,99997,18,13,1,0,34,27,0.0006100183005490165,12,7,49953,49965,15,14,0,0,0,0,0,0,99968,0,0,0,0,0,0,0,0,0,0,29,0,0,0,0,0,0
9,4925,10.018467650960867,99997,18,13,1,0,37,31,0.0006800204006120183,10,3,49953,49966,17,17,0,0,0,0,0,0,99961,0,0,0,0,0,0,0,0,0,0,36,0,0,0,0,0,0
10,4925,11.01557946523011,99997,17,11,1,0,37,31,0.0006800204006120183,14,3,49949,49966,18,19,0,0,0,0,0,0,99958,0,0,0,0,0,0,0,0,0,0,39,0,0,0,0,0,0
11,4925,12.117461806133807,99997,22,11,1,0,42,33,0.0007500225006750203,12,2,49946,49965,18,21,0,0,0,0,0,0,99956,0,0,0,0,0,0,0,0,0,0,41,0,0,0,0,0,0
12,4925,13.067282849016909,99997,21,12,1,0,44,35,0.0007900237007110214,14,1,49942,49964,21,22,0,0,0,0,0,0,99952,0,0,0,0,0,0,0,0,0,0,45,0,0,0,0,0,0
13,4925,14.197974785720724,99997,24,9,1,0,48,36,0.0008400252007560227,15,3,49937,49961,22,26,0,0,0,0,0,0,99947,0,0,0,0,0,0,0,0,0,0,50,0,0,0,0,0,0
14,4925,15.097317347571932,99997,21,9,1,0,48,37,0.000850025500765023,18,3,49934,49960,25,27,0,0,0,0,0,0,99943,0,0,0,0,0,0,0,0,0,0,54,0,0,0,0,0,0
15,4925,16.03410632293486,99997,22,10,1,0,54,39,0.0009300279008370251,18,4,49928,49958,30,27,0,0,0,0,0,0,99937,0,0,0,0,0,0,0,0,0,0,60,0,0,0,0,0,0
16,4925,17.011831516710195,99997,27,7,1,0,60,40,0.001000030000900027,19,3,49921,49958,31,31,0,0,0,0,0,0,99932,0,0,0,0,0,0,0,0,0,0,65,0,0,0,0,0,0
17,4925,18.003446786378564,99997,28,5,1,0,66,40,0.0010600318009540287,19,3,49915,49958,36,33,0,0,0,0,0,0,99925,0,0,0,0,0,0,0,0,0,0,72,0,0,0,0,0,0
18,4925,19.020774957206516,99997,24,6,1,0,69,42,0.00111003330099903,21,1,49910,49959,43,33,0,0,0,0,0,0,99917,0,0,0,0,0,0,0,0,0,0,80,0,0,0,0,0,0
19,4925,20.273097467983344,99997,24,5,1,0,72,42,0.0011400342010260307,20,3,49910,49957,44,34,0,0,0,0,0,0,99913,0,0,0,0,0,0,0,0,0,0,84,0,0,0,0,0,0
20,4925,21.28647557281772,99997,25,6,1,0,76,43,0.001190035701071032,20,3,49907,49956,46,34,0,0,0,0,0,0,99910,0,0,0,0,0,0,0,0,0,0,87,0,0,0,0,0,0
21,4925,22.107620799393437,99997,26,6,1,0,82,44,0.001260037801134034,14,4,49907,49954,51,35,0,0,0,0,0,0,99904,0,0,0,0,0,0,0,0,0,0,93,0,0,0,0,0,0
22,4925,23.07009097266796,99997,21,7,1,0,83,45,0.0012800384011520346,15,4,49905,49953,57,35,0,0,0,0,0,0,99898,0,0,0,0,0,0,0,0,0,0,99,0,0,0,0,0,0
23,4925,24.33410011384438,99997,19,7,1,0,87,47,0.0013400402012060362,15,4,49901,49951,63,37,0,0,0,0,0,0,99890,0,0,0,0,0,0,0,0,0,0,107,0,0,0,0,0,0
24,4925,25.017281629920898,99997,17,7,1,0,88,48,0.0013600408012240366,17,3,49899,49952,65,37,0,0,0,0,0,0,99886,0,0,0,0,0,0,0,0,0,0,111,0,0,0,0,0,0
25,4925,26.087309582877793,99997,16,6,1,0,91,48,0.0013900417012510376,16,4,49897,49951,69,38,0,0,0,0,0,0,99881,0,0,0,0,0,0,0,0,0,0,116,0,0,0,0,0,0
26,4925,27.07364495592838,99997,20,4,1,0,98,49,0.0014700441013230398,12,4,49894,49950,72,41,0,0,0,0,0,0,99875,0,0,0,0,0,0,0,0,0,0,122,0,0,0,0,0,0
27,4925,28.07180945958261,99997,20,4,1,0,102,50,0.0015200456013680411,14,4,49888,49949,76,42,0,0,0,0,0,0,99870,0,0,0,0,0,0,0,0,0,0,127,0,0,0,0,0,0
28,4925,29.090993529873646,99997,25,4,1,0,107,50,0.0015700471014130424,13,6,49884,49947,76,42,0,0,0,0,0,0,99870,0,0,0,0,0,0,0,0,0,0,127,0,0,0,0,0,0
29,4925,30.009452560546062,99997,22,5,1,0,111,51,0.0016200486014580438,11,6,49882,49946,83,42,0,0,0,0,0,0,99863,0,0,0,0,0,0,0,0,0,0,134,0,0,0,0,0,0
30,4925,31.239387618538995,99997,26,6,1,0,115,52,0.001670050101503045,12,6,49878,49946,82,41,0,0,0,0,0,0,99863,0,0,0,0,0,0,0,0,0,0,134,0,0,0,0,0,0
31,4925,32.121458246802156,99997,23,7,1,0,117,53,0.001700051001530046,12,9,49876,49942,87,41,0,0,0,0,0,0,99858,0,0,0,0,0,0,0,0,0,0,139,0,0,0,0,0,0
32,4925,33.01266620921147,99997,22,6,1,0,118,54,0.0017200516015480464,14,8,49873,49943,89,42,0,0,0,0,0,0,99854,0,0,0,0,0,0,0,0,0,0,143,0,0,0,0,0,0
33,4925,34.15799670772633,99997,21,4,1,0,122,54,0.0017600528015840474,13,10,49870,49941,94,44,0,0,0,0,0,0,99847,0,0,0,0,0,0,0,0,0,0,150,0,0,0,0,0,0
34,4925,35.301778419910875,99997,21,4,1,0,125,55,0.0018000540016200486,11,10,49869,49941,97,44,0,0,0,0,0,0,99843,0,0,0,0,0,0,0,0,0,0,154,0,0,0,0,0,0
35,4925,36.167412617200306,99997,19,4,1,0,126,55,0.001810054301629049,11,11,49868,49940,100,44,0,0,0,0,0,0,99840,0,0,0,0,0,0,0,0,0,0,157,0,0,0,0,0,0
36,4925,37.05759089057583,99997,25,9,1,0,135,61,0.001960058801764053,4,6,49866,49940,103,44,0,0,0,0,0,0,99836,0,0,0,0,0,0,0,0,0,0,161,0,0,0,0,0,0
37,4925,38.12456986112396,99997,24,9,1,0,137,62,0.001990059701791054,4,7,49865,49939,105,44,0,0,0,0,0,0,99832,0,0,0,0,0,0,0,0,0,0,165,0,0,0,0,0,0
38,4925,39.06515630206998,99997,21,12,1,0,139,65,0.002040061201836055,4,6,49864,49938,109,43,0,0,0,0,0,0,99827,0,0,0,0,0,0,0,0,0,0,170,0,0,0,0,0,0
39,4925,40.08797488640352,99997,16,10,1,0,140,66,0.0020600618018540556,5,5,49862,49938,115,46,0,0,0,0,0,0,99818,0,0,0,0,0,0,0,0,0,0,179,0,0,0,0,0,0
40,4925,41.07735554712192,99997,17,10,1,0,142,67,0.0020900627018810565,5,5,49860,49937,116,47,0,0,0,0,0,0,99816,0,0,0,0,0,0,0,0,0,0,181,0,0,0,0,0,0
41,4925,42.00202579093729,99997,15,8,1,0,143,68,0.002110063301899057,7,5,49857,49937,119,49,0,0,0,0,0,0,99810,0,0,0,0,0,0,0,0,0,0,187,0,0,0,0,0,0
42,4925,43.0982605119192,99997,14,8,1,0,144,69,0.0021300639019170577,9,5,49856,49936,119,50,0,0,0,0,0,0,99807,0,0,0,0,0,0,0,0,0,0,190,0,0,0,0,0,0
43,4925,44.04851145983271,99997,10,8,1,0,144,70,0.0021400642019260576,10,5,49856,49935,122,51,0,0,0,0,0,0,99802,0,0,0,0,0,0,0,0,0,0,195,0,0,0,0,0,0
44,4925,45.12958460085369,99997,10,6,1,0,147,70,0.0021700651019530585,9,5,49854,49935,125,53,0,0,0,0,0,0,99797,0,0,0,0,0,0,0,0,0,0,200,0,0,0,0,0,0
45,4925,46.13838638279313,99997,9,6,1,0,149,71,0.0022000660019800594,10,5,49853,49934,126,54,0,0,0,0,0,0,99793,0,0,0,0,0,0,0,0,0,0,204,0,0,0,0,0,0
46,4925,47.04297997503859,99997,11,7,1,0,151,73,0.0022400672020160607,9,3,49852,49934,126,55,0,0,0,0,0,0,99792,0,0,0,0,0,0,0,0,0,0,205,0,0,0,0,0,0
47,4925,48.16234738143563,99997,14,9,1,0,154,75,0.0022900687020610618,8,3,49851,49933,125,54,0,0,0,0,0,0,99792,0,0,0,0,0,0,0,0,0,0,205,0,0,0,0,0,0
48,4925,49.260605074350934,99997,12,8,1,0,154,75,0.0022900687020610618,10,4,49849,49932,127,55,0,0,0,0,0,0,99789,0,0,0,0,0,0,0,0,0,0,208,0,0,0,0,0,0
49,4925,50.17375104929001,99997,12,7,1,0,156,76,0.0023200696020880627,8,3,49851,49932,127,57,0,0,0,0,0,0,99785,0,0,0,0,0,0,0,0,0,0,212,0,0,0,0,0,0
50,4925,51.06282167203993,99997,14,7,1,0,160,77,0.002370071102133064,6,2,49849,49932,129,58,0,0,0,0,0,0,99782,0,0,0,0,0,0,0,0,0,0,215,0,0,0,0,0,0
51,4925,52.180517031192856,99997,15,6,1,0,162,77,0.0023900717021510644,5,3,49848,49931,130,59,0,0,0,0,0,0,99780,0,0,0,0,0,0,0,0,0,0,217,0,0,0,0,0,0
52,4925,53.108616676512355,99997,16,7,1,0,164,78,0.0024200726021780653,4,2,49847,49932,131,58,0,0,0,0,0,0,99779,0,0,0,0,0,0,0,0,0,0,218,0,0,0,0,0,0
53,4925,54.00141776552643,99997,14,6,1,0,165,78,0.0024300729021870656,5,4,49845,49930,134,59,0,0,0,0,0,0,99775,0,0,0,0,0,0,0,0,0,0,222,0,0,0,0,0,0
54,4925,55.08414467024661,99997,11,6,1,0,167,79,0.0024600738022140666,8,3,49841,49930,138,60,0,0,0,0,0,0,99769,0,0,0,0,0,0,0,0,0,0,228,0,0,0,0,0,0
55,4925,56.151905790206385,99997,10,8,1,0,168,82,0.0025000750022500674,8,0,49840,49930,140,61,0,0,0,0,0,0,99766,0,0,0,0,0,0,0,0,0,0,231,0,0,0,0,0,0
56,4925,57.057648237015144,99997,12,6,1,0,170,82,0.002520075602268068,8,2,49838,49928,140,63,0,0,0,0,0,0,99764,0,0,0,0,0,0,0,0,0,0,233,0,0,0,0,0,0
57,4925,58.03676402024229,99997,12,6,1,0,172,82,0.0025400762022860686,7,3,49838,49927,141,63,0,0,0,0,0,0,99762,0,0,0,0,0,0,0,0,0,0,235,0,0,0,0,0,0
58,4925,59.06635418440901,99997,12,7,1,0,173,83,0.002560076802304069,7,5,49837,49924,142,63,0,0,0,0,0,0,99761,0,0,0,0,0,0,0,0,0,0,236,0,0,0,0,0,0
59,4925,60.297789409309786,99997,12,6,1,0,175,83,0.00258007740232207,7,6,49837,49923,142,64,0,0,0,0,0,0,99758,0,0,0,0,0,0,0,0,0,0,239,0,0,0,0,0,0
60,4925,61.00170287030628,99997,11,6,1,0,176,84,0.00260007800234007,6,5,49837,49923,144,65,0,0,0,0,0,0,99755,0,0,0,0,0,0,0,0,0,0,242,0,0,0,0,0,0
61,4925,62.102517655147544,99997,9,6,1,0,177,85,0.0026200786023580706,9,4,49834,49923,146,66,0,0,0,0,0,0,99751,0,0,0,0,0,0,0,0,0,0,246,0,0,0,0,0,0
62,4925,63.185014232920224,99997,9,5,1,0,178,85,0.002630078902367071,9,4,49833,49924,147,66,0,0,0,0,0,0,99749,0,0,0,0,0,0,0,0,0,0,248,0,0,0,0,0,0
63,4925,64.16139774841072,99997,9,6,1,0,179,86,0.0026500795023850715,10,3,49831,49924,148,66,0,0,0,0,0,0,99748,0,0,0,0,0,0,0,0,0,0,249,0,0,0,0,0,0
64,4925,65.31701890080004,99997,10,7,1,0,182,88,0.002700081002430073,9,1,49829,49924,150,67,0,0,0,0,0,0,99745,0,0,0,0,0,0,0,0,0,0,252,0,0,0,0,0,0
65,4925,66.24157393654542,99997,12,8,1,0,185,89,0.002740082202466074,9,2,49826,49923,151,66,0,0,0,0,0,0,99744,0,0,0,0,0,0,0,0,0,0,253,0,0,0,0,0,0
66,4925,67.01568320319716,99997,13,5,1,0,186,89,0.002750082502475074,9,3,49825,49922,151,69,0,0,0,0,0,0,99741,0,0,0,0,0,0,0,0,0,0,256,0,0,0,0,0,0
67,4925,68.04258340910744,99997,13,6,1,0,189,90,0.0027900837025110754,7,5,49824,49919,154,69,0,0,0,0,0,0,99738,0,0,0,0,0,0,0,0,0,0,259,0,0,0,0,0,0
68,4925,69.30184006991274,99997,12,7,1,0,189,92,0.002810084302529076,12,4,49819,49918,155,70,0,0,0,0,0,0,99736,0,0,0,0,0,0,0,0,0,0,261,0,0,0,0,0,0
69,4925,70.0647659755646,99997,12,7,1,0,190,92,0.0028200846025380763,13,7,49817,49915,156,70,0,0,0,0,0,0,99735,0,0,0,0,0,0,0,0,0,0,262,0,0,0,0,0,0
70,4925,71.19630681905006,99997,15,11,1,0,193,96,0.002890086702601078,13,5,49814,49913,156,70,0,0,0,0,0,0,99735,0,0,0,0,0,0,0,0,0,0,262,0,0,0,0,0,0
71,4925,72.01710644861309,99997,16,11,1,0,195,96,0.0029100873026190787,11,5,49814,49913,157,70,0,0,0,0,0,0,99734,0,0,0,0,0,0,0,0,0,0,263,0,0,0,0,0,0
72,4925,73.01628557093677,99997,17,10,1,0,198,98,0.0029600888026640798,9,3,49813,49913,159,73,0,0,0,0,0,0,99729,0,0,0,0,0,0,0,0,0,0,268,0,0,0,0,0,0
73,4925,74.0439976076498,99997,16,9,1,0,201,99,0.003000090002700081,8,3,49811,49912,163,75,0,0,0,0,0,0,99723,0,0,0,0,0,0,0,0,0,0,274,0,0,0,0,0,0
74,4925,75.10784727839547,99997,18,9,1,0,203,100,0.003030090902727082,8,4,49809,49911,163,75,0,0,0,0,0,0,99722,0,0,0,0,0,0,0,0,0,0,275,0,0,0,0,0,0
75,4925,76.17633813389097,99997,22,9,1,0,207,100,0.0030700921027630827,8,6,49806,49910,162,74,0,0,0,0,0,0,99722,0,0,0,0,0,0,0,0,0,0,275,0,0,0,0,0,0
76,4925,77.00501083913841,99997,18,10,1,0,207,101,0.003080092402772083,9,6,49805,49909,166,74,0,0,0,0,0,0,99718,0,0,0,0,0,0,0,0,0,0,279,0,0,0,0,0,0
77,4925,78.15659697514066,99997,17,10,1,0,209,102,0.003110093302799084,10,7,49802,49907,169,75,0,0,0,0,0,0,99714,0,0,0,0,0,0,0,0,0,0,283,0,0,0,0,0,0
78,4925,79.05345495780972,99997,15,9,1,0,210,102,0.0031200936028080843,9,9,49803,49905,171,76,0,0,0,0,0,0,99710,0,0,0,0,0,0,0,0,0,0,287,0,0,0,0,0,0
79,4925,80.03771362114892,99997,13,9,1,0,213,104,0.003170095102853086,9,10,49801,49902,175,78,0,0,0,0,0,0,99703,0,0,0,0,0,0,0,0,0,0,294,0,0,0,0,0,0
80,4925,81.00258512875418,99997,13,12,1,0,216,108,0.0032400972029160875,7,7,49802,49902,176,78,0,0,0,0,0,0,99699,0,0,0,0,0,0,0,0,0,0,298,0,0,0,0,0,0
81,4925,82.29956113212953,99997,10,10,1,0,218,110,0.0032800984029520888,9,7,49798,49901,181,81,0,0,0,0,0,0,99690,0,0,0,0,0,0,0,0,0,0,307,0,0,0,0,0,0
82,4925,83.30796747645363,99997,13,10,1,0,221,110,0.0033100993029790892,9,7,49796,49901,180,81,0,0,0,0,0,0,99690,0,0,0,0,0,0,0,0,0,0,307,0,0,0,0,0,0
83,4925,84.27559425981619,99997,13,10,1,0,222,112,0.00334010020300609,11,6,49794,49900,180,83,0,0,0,0,0,0,99687,0,0,0,0,0,0,0,0,0,0,310,0,0,0,0,0,0
84,4925,85.05175458442095,99997,14,10,1,0,224,112,0.0033601008030240908,12,6,49791,49900,181,83,0,0,0,0,0,0,99686,0,0,0,0,0,0,0,0,0,0,311,0,0,0,0,0,0
85,4925,86.20430619872157,99997,10,9,1,0,225,113,0.0033801014030420914,13,5,49789,49900,186,85,0,0,0,0,0,0,99679,0,0,0,0,0,0,0,0,0,0,318,0,0,0,0,0,0
86,4925,87.04264316651121,99997,11,11,1,0,226,116,0.003420102603078092,14,3,49787,49899,186,86,0,0,0,0,0,0,99678,0,0,0,0,0,0,0,0,0,0,319,0,0,0,0,0,0
87,4925,88.22310125809804,99997,15,9,1,0,232,116,0.003480104403132094,12,4,49784,49899,187,87,0,0,0,0,0,0,99674,0,0,0,0,0,0,0,0,0,0,323,0,0,0,0,0,0
88,4925,89.0406734498504,99997,17,9,1,0,235,117,0.003520105603168095,11,3,49784,49899,186,88,0,0,0,0,0,0,99672,0,0,0,0,0,0,0,0,0,0,325,0,0,0,0,0,0
89,4925,90.1854960347489,99997,18,10,1,0,239,120,0.003590107703231097,16,2,49776,49897,188,90,0,0,0,0,0,0,99667,0,0,0,0,0,0,0,0,0,0,330,0,0,0,0,0,0
90,4925,91.11562271385928,99997,20,8,1,0,243,120,0.003630108903267098,15,2,49774,49897,189,92,0,0,0,0,0,0,99663,0,0,0,0,0,0,0,0,0,0,334,0,0,0,0,0,0
91,4925,92.03858041685245,99997,24,8,1,0,248,120,0.0036801104033120993,13,3,49772,49896,189,92,0,0,0,0,0,0,99662,0,0,0,0,0,0,0,0,0,0,335,0,0,0,0,0,0
92,4925,93.0380229329492,99997,21,10,1,0,250,123,0.003730111903357101,13,3,49771,49894,193,92,0,0,0,0,0,0,99656,0,0,0,0,0,0,0,0,0,0,341,0,0,0,0,0,0
93,4925,94.00865694272873,99997,23,11,1,0,256,125,0.003810114303429103,9,2,49770,49893,196,93,0,0,0,0,0,0,99651,0,0,0,0,0,0,0,0,0,0,346,0,0,0,0,0,0
94,4925,95.27492792728422,99997,23,11,1,0,260,125,0.003850115503465104,14,4,49761,49892,200,92,0,0,0,0,0,0,99647,0,0,0,0,0,0,0,0,0,0,350,0,0,0,0,0,0
95,4925,96.00914502509436,99997,25,13,1,0,262,127,0.003890116703501105,14,3,49759,49891,200,92,0,0,0,0,0,0,99647,0,0,0,0,0,0,0,0,0,0,350,0,0,0,0,0,0
96,4925,97.23176050307367,99997,25,14,1,0,265,129,0.0039401182035461065,15,5,49755,49887,203,93,0,0,0,0,0,0,99643,0,0,0,0,0,0,0,0,0,0,354,0,0,0,0,0,0
97,4925,98.1125112748844,99997,25,15,1,0,268,131,0.0039901197035911076,12,5,49755,49885,206,94,0,0,0,0,0,0,99639,0,0,0,0,0,0,0,0,0,0,358,0,0,0,0,0,0
98,4925,99.3357059840131,99997,27,13,1,0,273,132,0.004050121503645109,19,8,49743,49881,209,97,0,0,0,0,0,0,99633,0,0,0,0,0,0,0,0,0,0,364,0,0,0,0,0,0
99,4925,100.00432154648922,99997,26,14,1,0,276,134,0.0041001230036901105,19,6,49741,49881,212,98,0,0,0,0,0,0,99628,0,0,0,0,0,0,0,0,0,0,369,0,0,0,0,0,0
100,4925,101.00686531632894,99997,26,15,1,0,280,135,0.0041501245037351125,21,9,49735,49877,216,98,0,0,0,0,0,0,99624,0,0,0,0,0,0,0,0,0,0,373,0,0,0,0,0,0
101,4925,102.00216183010855,99997,28,15,1,0,286,136,0.004220126603798114,19,9,49731,49878,220,97,0,0,0,0,0,0,99619,0,0,0,0,0,0,0,0,0,0,378,0,0,0,0,0,0
102,4925,103.21187120956921,99997,34,14,1,0,293,138,0.0043101293038791165,20,9,49725,49876,219,100,0,0,0,0,0,0,99615,0,0,0,0,0,0,0,0,0,0,382,0,0,0,0,0,0
103,4925,104.10567533901461,99997,30,16,1,0,298,140,0.004380131403942118,24,10,49718,49873,226,100,0,0,0,0,0,0,99606,0,0,0,0,0,0,0,0,0,0,391,0,0,0,0,0,0
104,4925,105.18858140296497,99997,29,18,1,0,303,143,0.004460133804014121,22,9,49716,49871,231,101,0,0,0,0,0,0,99600,0,0,1,0,0,0,0,0,0,0,396,0,0,0,0,0,0
105,4925,106.0531227343128,99997,30,19,1,0,309,145,0.004540136204086122,18,11,49714,49867,236,102,0,0,0,0,0,0,99594,0,0,1,0,0,0,0,0,0,0,402,0,0,0,0,0,0
106,4925,107.0187775718348,99997,33,18,1,0,315,146,0.004610138304149125,16,12,49711,49865,238,104,0,0,0,0,0,0,99589,0,0,1,0,0,0,0,0,0,0,407,0,0,0,0,0,0
107,4925,108.24061795762667,99997,32,15,1,0,317,148,0.004650139504185125,20,11,49705,49864,241,109,0,0,0,0,0,0,99581,0,0,1,0,0,0,0,0,0,0,415,0,0,0,0,0,0
108,4925,109.01563137768264,99997,34,17,1,0,322,151,0.004730141904257128,19,12,49704,49861,241,109,0,0,0,0,0,0,99577,0,0,1,0,0,0,0,0,0,0,419,0,0,0,0,0,0
109,4925,110.16918949666935,99997,33,19,1,0,324,154,0.004780143404302129,22,13,49699,49857,244,110,0,0,0,0,0,0,99573,0,0,1,0,0,0,0,0,0,0,423,0,0,0,0,0,0
110,4925,111.06601738160995,99997,30,19,1,0,327,157,0.004840145204356131,23,11,49696,49858,249,111,0,0,0,0,0,0,99564,0,0,1,0,0,0,0,0,0,0,432,0,0,0,0,0,0
111,4925,112.01964248459275,99997,31,21,1,0,331,159,0.0049001470044101325,21,10,49694,49857,252,111,0,0,0,0,0,0,99561,0,0,1,0,0,0,0,0,0,0,435,0,0,0,0,0,0
112,4925,113.17515863554102,99997,31,21,1,0,337,163,0.005000150004500135,22,7,49687,49856,258,115,0,0,0,0,0,0,99551,0,0,1,0,0,0,0,0,0,0,445,0,0,0,0,0,0
113,4925,114.26083842335525,99997,30,23,1,0,342,167,0.005090152704581137,26,6,49679,49855,263,115,0,0,0,0,0,0,99543,0,0,1,0,0,0,0,0,0,0,453,0,0,0,0,0,0
114,4925,115.10262648485953,99997,34,25,1,0,347,171,0.00518015540466214,22,4,49679,49853,263,117,0,0,0,0,0,0,99540,0,0,1,0,0,0,0,0,0,0,456,0,0,0,0,0,0
115,4925,116.28223416490032,99997,30,21,1,0,350,172,0.005220156604698141,33,9,49667,49847,268,122,0,0,0,0,0,0,99528,0,0,1,0,0,0,0,0,0,0,468,0,0,0,0,0,0
116,4925,117.30470284269943,99997,35,18,1,0,355,172,0.005270158104743143,29,12,49666,49844,268,125,0,0,0,0,0,0,99525,0,0,1,0,0,0,0,0,0,0,471,0,0,0,0,0,0
117,4925,118.08825487359847,99997,37,16,1,0,361,172,0.005330159904797144,26,17,49663,49841,272,125,0,0,0,0,0,0,99519,0,0,1,0,0,0,0,0,0,0,477,0,0,0,0,0,0
118,4925,119.07530074192364,99997,38,16,1,0,365,175,0.005400162004860146,25,14,49660,49842,275,127,0,0,0,0,0,0,99513,0,0,1,0,0,0,0,0,0,0,483,0,0,0,0,0,0
119,4925,120.08156807987223,99997,35,17,1,0,370,180,0.005500165004950148,29,11,49652,49840,282,131,0,0,0,0,0,0,99501,0,0,1,0,0,0,0,0,0,0,495,0,0,0,0,0,0
120,4925,121.09598941308732,99997,34,17,1,0,374,183,0.00557016710501315,28,11,49650,49837,286,134,0,0,0,0,0,0,99493,0,0,1,0,0,0,0,0,0,0,503,0,0,0,0,0,0
121,4925,122.00194670590237,99997,36,16,1,0,380,185,0.0056501695050851525,24,11,49648,49837,290,135,0,0,0,0,0,0,99486,0,0,1,0,0,0,0,0,0,0,510,0,0,0,0,0,0
122,4925,123.32362852720043,99997,37,16,1,0,391,189,0.005800174005220157,26,15,49638,49830,297,138,0,0,0,0,0,0,99472,0,0,1,0,0,0,0,0,0,0,524,0,0,0,0,0,0
123,4925,124.15375486485755,99997,39,16,1,0,400,192,0.0059201776053281596,20,15,49636,49827,303,141,0,0,0,0,0,0,99462,0,0,1,0,0,0,0,0,0,0,534,0,0,0,0,0,0
124,4925,125.06990415925152,99997,36,19,1,0,401,195,0.005960178805364161,21,18,49634,49821,307,141,0,0,0,0,0,0,99458,0,0,1,0,0,0,0,0,0,0,538,0,0,0,0,0,0
125,4925,126.0494781105184,99996,40,25,2,0,409,203,0.0061202448097923915,22,14,49626,49817,309,143,0,0,0,0,0,0,99452,0,0,1,0,0,0,0,0,0,0,543,0,0,0,0,0,0
126,4925,127.21966762667483,99996,37,23,2,0,416,208,0.0062402496099844,24,13,49619,49813,317,150,0,0,0,0,0,0,99435,0,0,1,0,0,0,0,0,0,0,560,0,0,0,0,0,0
127,4925,128.0915787456531,99996,41,25,2,0,422,211,0.006330253210128405,22,15,49615,49808,319,151,0,0,0,0,0,0,99432,0,0,1,0,0,0,0,0,0,0,563,0,0,0,0,0,0
128,4925,129.05556634981923,99996,38,28,2,0,426,215,0.00641025641025641,23,14,49611,49805,325,152,0,0,0,0,0,0,99424,0,0,1,0,0,0,0,0,0,0,571,0,0,0,0,0,0
129,4925,130.17771293066244,99996,35,31,2,0,430,221,0.0065102604104164165,25,13,49608,49800,329,155,0,0,0,0,0,0,99414,0,0,1,0,0,0,0,0,0,0,581,0,0,0,0,0,0
130,4925,131.14899846868116,99996,35,34,2,0,434,224,0.006580263210528421,29,11,49601,49799,332,155,0,0,0,0,0,0,99410,0,0,1,0,0,0,0,0,0,0,585,0,0,0,0,0,0
131,4925,132.00150148296035,99996,38,36,2,0,445,228,0.006730269210768431,24,10,49596,49796,339,157,0,0,0,0,0,0,99400,0,0,1,0,0,0,0,0,0,0,595,0,0,0,0,0,0
132,4925,133.11628387721362,99996,38,36,2,0,451,232,0.0068302732109284375,26,10,49589,49793,344,160,0,0,0,0,0,0,99390,0,0,1,0,0,0,0,0,0,0,605,0,0,0,0,0,0
133,4925,134.2956341721555,99996,39,28,2,0,455,234,0.006890275611024441,27,15,49586,49787,345,169,0,0,0,0,0,0,99377,0,0,1,0,0,0,0,0,0,0,618,0,0,0,0,0,0
134,4925,135.32089615192254,99996,41,26,2,0,466,236,0.0070202808112324495,29,14,49574,49786,353,173,0,0,0,0,0,0,99364,0,0,1,0,0,0,0,0,0,0,631,0,0,0,0,0,0
135,4925,136.00370328999594,99996,43,24,2,0,473,236,0.0070902836113444535,30,15,49567,49785,357,175,0,0,0,0,0,0,99357,0,0,1,0,0,0,0,0,0,0,638,0,0,0,0,0,0
136,4925,137.25210677932432,99996,44,23,2,0,479,239,0.007180287211488459,32,14,49562,49783,359,179,0,0,0,0,0,0,99348,0,0,1,0,0,0,0,0,0,0,647,0,0,0,0,0,0
137,4925,138.01483355576548,99996,49,26,2,0,485,245,0.007300292011680467,30,16,49562,49776,356,181,0,0,0,0,0,0,99344,0,0,1,0,0,0,0,0,0,0,651,0,0,0,0,0,0
138,4925,139.25980829452033,99996,51,20,2,0,493,250,0.007430297211888475,36,16,49549,49771,361,192,0,0,0,0,0,0,99327,0,0,1,0,0,0,0,0,0,0,668,0,0,0,0,0,0
139,4925,140.08536298294285,99996,52,18,2,0,500,251,0.007510300412016481,34,16,49545,49771,366,194,0,0,0,0,0,0,99318,0,0,1,0,0,0,0,0,0,0,677,0,0,0,0,0,0
140,4925,141.15474137922217,99996,57,15,2,0,509,251,0.007600304012160487,31,18,49540,49770,369,196,0,0,0,0,0,0,99311,0,0,1,0,0,0,0,0,0,0,684,0,0,0,0,0,0
141,4925,142.17705643933084,99996,57,21,2,0,518,258,0.007760310412416497,30,14,49535,49768,375,196,0,0,0,0,0,0,99302,0,0,2,0,0,0,0,0,0,0,692,0,0,0,0,0,0
142,4925,143.15169996393664,99996,58,22,2,0,526,261,0.007870314812592503,32,15,49527,49764,380,198,0,0,0,0,0,0,99293,0,0,2,0,0,0,0,0,0,0,701,0,0,0,0,0,0
143,4925,144.2223603090503,99996,63,22,2,0,539,265,0.008040321612864514,29,18,49518,49759,387,200,0,0,0,0,0,0,99281,0,0,2,0,0,0,0,0,0,0,713,0,0,0,0,0,0
144,4925,145.1388485412303,99996,65,23,2,0,548,268,0.008160326413056522,33,21,49509,49753,390,202,0,0,0,0,0,0,99272,0,0,2,0,0,0,0,0,0,0,722,0,0,0,0,0,0
145,4925,146.09264964409192,99996,57,26,2,0,550,272,0.008220328813152527,37,18,49504,49753,399,202,0,0,0,0,0,0,99261,0,0,2,0,0,0,0,0,0,0,733,0,0,0,0,0,0
146,4925,147.33553271643783,99996,60,25,2,0,563,278,0.008410336413456539,35,14,49494,49751,408,209,0,0,0,0,0,0,99245,0,0,3,0,0,0,0,0,0,0,748,0,0,0,0,0,0
147,4925,148.16552680208048,99996,52,22,2,0,571,279,0.008500340013600545,35,16,49488,49748,422,213,0,0,0,0,0,0,99225,0,0,3,0,0,0,0,0,0,0,768,0,0,0,0,0,0
148,4925,149.01882324621212,99996,49,27,2,0,573,284,0.008570342813712549,37,12,49484,49747,427,213,0,0,0,0,0,0,99220,0,0,3,0,0,0,0,0,0,0,773,0,0,0,0,0,0
149,4925,150.01641585518996,99996,48,28,2,0,581,288,0.008690347613904557,35,13,49482,49743,432,215,0,0,0,0,0,0,99208,0,0,3,0,0,0,0,0,0,0,785,0,0,0,0,0,0
150,4925,151.10173570250777,99996,50,26,2,0,592,291,0.008830353214128565,28,12,49481,49741,438,220,0,0,0,0,0,0,99194,0,0,3,0,0,0,0,0,0,0,799,0,0,0,0,0,0
151,4925,152.0256132172443,99996,47,26,2,0,596,294,0.00890035601424057,29,10,49478,49740,443,223,0,0,0,0,0,0,99184,0,0,3,0,0,0,0,0,0,0,809,0,0,0,0,0,0
152,4925,153.04828693584102,99996,55,23,2,0,610,296,0.00906036241449658,25,14,49472,49735,445,227,0,0,0,0,0,0,99173,0,0,3,0,0,0,0,0,0,0,820,0,0,0,0,0,0
153,4925,154.0377928414092,99996,53,20,2,0,616,297,0.009130365214608584,27,14,49466,49735,451,230,0,0,0,0,0,0,99161,0,0,3,0,0,0,0,0,0,0,832,0,0,0,0,0,0
154,4925,155.0302484425176,99996,48,18,2,0,621,299,0.009200368014720588,28,17,49462,49731,459,233,0,0,0,0,0,0,99147,0,0,3,0,0,0,0,0,0,0,846,0,0,0,0,0,0
155,4925,156.01362992557674,99996,57,19,2,0,633,301,0.009340373614944598,23,20,49456,49727,461,233,0,0,0,0,0,0,99143,0,0,3,0,0,0,0,0,0,0,850,0,0,0,0,0,0
156,4925,157.33254804719311,99996,55,19,2,0,640,306,0.009460378415136606,23,20,49451,49722,468,238,0,0,0,0,0,0,99129,0,0,3,0,0,0,0,0,0,0,864,0,0,0,0,0,0
157,4925,158.19681448800617,99996,52,17,2,0,646,307,0.00953038121524861,28,24,49442,49717,475,241,0,0,0,0,0,0,99117,0,0,3,0,0,0,0,0,0,0,876,0,0,0,0,0,0
158,4925,159.0543320462808,99996,51,22,2,0,654,315,0.00969038761550462,32,18,49432,49717,482,242,0,0,0,0,0,0,99105,0,0,3,0,0,0,0,0,0,0,888,0,0,0,0,0,0
159,4925,160.11481171766698,99996,55,23,2,0,662,317,0.009790391615664626,28,19,49428,49715,486,242,0,0,0,0,0,0,99100,0,0,3,0,0,0,0,0,0,0,893,0,0,0,0,0,0
160,4925,161.14192210708498,99996,58,27,2,0,668,322,0.009900396015840633,33,18,49419,49713,487,241,0,0,0,0,0,0,99096,0,0,3,0,0,0,0,0,0,0,897,0,0,0,0,0,0
161,4925,162.21158505846634,99996,54,29,2,0,676,328,0.010040401616064643,35,21,49409,49704,499,245,0,0,0,0,0,0,99080,0,0,3,0,0,0,0,0,0,0,913,0,0,0,0,0,0
162,4925,163.10364805406334,99996,58,35,2,0,683,336,0.010190407616304652,34,14,49403,49704,502,246,0,0,0,0,0,0,99075,0,0,3,0,0,0,0,0,0,0,918,0,0,0,0,0,0
163,4925,164.04315118830831,99996,59,32,2,0,692,339,0.01031041241649666,35,23,49395,49693,508,251,0,0,0,0,0,0,99062,0,0,4,0,0,0,0,0,0,0,930,0,0,0,0,0,0
164,4925,165.07078441035802,99996,61,37,2,0,701,346,0.01047041881675267,37,21,49385,49689,514,252,0,0,0,0,0,0,99053,0,0,4,0,0,0,0,0,0,0,939,0,0,0,0,0,0
165,4925,166.09855606436122,99995,68,37,3,0,714,352,0.010660533026651332,31,19,49379,49686,518,257,0,0,0,0,0,0,99041,0,0,4,0,0,0,0,0,0,0,950,0,0,0,0,0,0
166,4925,167.08828207281022,99995,69,38,3,0,724,360,0.010840542027101356,30,18,49370,49679,527,264,0,0,0,0,0,0,99025,0,0,4,0,0,0,0,0,0,0,966,0,0,0,0,0,0
167,4925,168.09125719492815,99995,62,37,3,0,729,364,0.010930546527326366,41,19,49355,49674,538,269,0,0,0,0,0,0,99009,0,0,5,0,0,0,0,0,0,0,981,0,0,0,0,0,0
168,4925,169.0394162879354,99995,67,38,3,0,741,367,0.011080554027701386,35,18,49351,49672,543,271,0,0,0,0,0,0,99000,0,0,5,0,0,0,0,0,0,0,990,0,0,0,0,0,0
169,4925,170.2367145540856,99995,75,36,3,0,763,370,0.011330566528326416,30,27,49335,49663,556,273,0,0,0,0,0,0,98981,0,0,5,0,0,0,0,0,0,0,1009,0,0,0,0,0,0
170,4925,171.26540551983922,99995,77,36,3,0,773,378,0.01151057552877644,32,27,49325,49655,562,281,0,0,0,0,0,0,98965,0,0,5,0,0,0,0,0,0,0,1025,0,0,0,0,0,0
171,4925,172.2942515776522,99995,76,34,3,0,781,383,0.011640582029101456,32,28,49317,49652,571,285,0,0,0,0,0,0,98949,0,0,5,0,0,0,0,0,0,0,1041,0,0,0,0,0,0
172,4925,173.32329182548307,99995,74,39,3,0,786,395,0.011810590529526476,35,24,49311,49644,576,292,0,0,0,0,0,0,98936,0,0,6,0,0,0,0,0,0,0,1053,0,0,0,0,0,0
173,4925,174.00937924528984,99995,79,41,3,0,792,401,0.011930596529826492,33,22,49308,49640,576,296,0,0,0,0,0,0,98931,0,0,6,0,0,0,0,0,0,0,1058,0,0,0,0,0,0
174,4925,175.14867690438612,99995,73,45,3,0,800,411,0.012110605530276514,40,25,49294,49629,589,300,0,0,0,0,0,0,98911,0,0,6,0,0,0,0,0,0,0,1078,0,0,0,0,0,0
175,4925,176.17810509808905,99995,79,41,3,0,814,417,0.01231061553077654,40,25,49282,49623,595,310,0,0,0,0,0,0,98893,0,0,6,0,0,0,0,0,0,0,1096,0,0,0,0,0,0
176,4925,177.20772882867647,99995,76,42,3,0,819,426,0.012450622531126556,46,22,49274,49617,600,318,0,0,0,0,0,0,98877,0,0,6,0,0,0,0,0,0,0,1112,0,0,0,0,0,0
177,4925,178.01382207626315,99995,75,45,3,0,822,431,0.012530626531326566,47,19,49272,49615,602,320,0,0,0,0,0,0,98871,0,0,6,0,0,0,0,0,0,0,1118,0,0,0,0,0,0
178,4925,179.25430435145506,99995,72,41,3,0,831,438,0.012690634531726586,59,18,49254,49610,611,330,0,0,0,0,0,0,98848,0,0,6,0,0,0,0,0,0,0,1141,0,0,0,0,0,0
179,4925,180.0154041550607,99995,74,37,3,0,843,441,0.012840642032101605,56,21,49247,49606,619,335,0,0,0,0,0,0,98831,0,0,6,0,0,0,0,0,0,0,1158,0,0,0,0,0,0
180,4925,181.04568851011845,99995,90,37,3,0,866,445,0.01311065553277664,39,25,49244,49598,623,339,0,0,0,0,0,0,98820,0,0,6,0,0,0,0,0,0,0,1169,0,0,0,0,0,0
181,4925,182.07605516368713,99995,83,38,3,0,875,451,0.013260663033151657,47,26,49230,49594,636,341,0,0,0,0,0,0,98799,0,0,6,0,0,0,0,0,0,0,1190,0,0,0,0,0,0
182,4925,183.10669723432844,99995,92,42,3,0,892,461,0.013530676533826691,48,27,49213,49583,643,347,0,0,0,0,0,0,98785,0,0,6,0,0,0,0,0,0,0,1204,0,0,0,0,0,0
183,4925,184.13756890912776,99995,88,47,3,0,902,470,0.013720686034301715,52,29,49202,49576,654,347,0,0,0,0,0,0,98767,0,0,6,0,0,0,0,0,0,0,1222,0,0,0,0,0,0
184,4925,185.16864359863243,99995,79,45,3,0,910,480,0.013900695034751737,53,29,49195,49567,669,358,0,0,0,0,0,0,98738,0,0,6,0,0,0,0,0,0,0,1251,0,0,0,0,0,0
185,4925,186.19995132430026,99995,85,38,3,0,925,486,0.014110705535276763,55,29,49180,49563,676,369,0,0,0,0,0,0,98716,0,0,6,0,0,0,0,0,0,0,1273,0,0,0,0,0,0
186,4925,187.23150838747875,99995,81,44,3,0,937,501,0.014380719035951797,53,20,49173,49558,689,377,0,0,0,0,0,0,98691,0,0,6,0,0,0,0,0,0,0,1298,0,0,0,0,0,0
187,4925,188.26330263875573,99995,84,46,3,0,954,504,0.014580729036451823,49,23,49163,49553,700,377,0,0,0,0,0,0,98676,0,0,6,0,0,0,0,0,0,0,1313,0,0,0,0,0,0
188,4925,189.29530562836243,99995,78,42,3,0,967,510,0.014770738536926847,54,23,49148,49548,716,386,0,0,0,0,0,0,98647,0,0,6,0,0,0,0,0,0,0,1342,0,0,0,0,0,0
189,4925,190.00024199414776,99995,82,44,3,0,979,517,0.014960748037401871,53,23,49139,49541,722,391,0,0,0,0,0,0,98634,0,0,6,0,0,0,0,0,0,0,1355,0,0,0,0,0,0
190,4925,191.03272339121477,99995,91,43,3,0,1003,524,0.015270763538176909,47,27,49123,49532,735,397,0,0,0,0,0,0,98612,0,0,7,0,0,0,0,0,0,0,1376,0,0,0,0,0,0
191,4925,192.06549350333486,99995,89,47,3,0,1010,531,0.015410770538526927,51,29,49112,49525,744,398,0,0,0,0,0,0,98600,0,0,7,0,0,0,0,0,0,0,1388,0,0,0,0,0,0
192,4925,193.09845827456488,99995,89,46,3,0,1024,538,0.015620781039051953,55,28,49096,49520,756,405,0,0,0,0,0,0,98578,0,0,7,0,0,0,0,0,0,0,1410,0,0,0,0,0,0
193,4925,194.1317432483499,99995,88,43,3,0,1039,543,0.015820791039551977,58,27,49080,49518,770,411,0,0,0,0,0,0,98554,0,0,7,0,0,0,0,0,0,0,1434,0,0,0,0,0,0
194,4925,195.16530942994206,99995,87,43,3,0,1051,550,0.016010800540027,63,25,49067,49514,779,417,0,0,0,0,0,0,98534,0,0,7,0,0,0,0,0,0,0,1454,0,0,0,0,0,0
195,4925,196.19912488470527,99995,96,44,3,0,1073,558,0.01631081554077704,55,23,49056,49509,789,423,0,0,0,0,0,0,98514,0,0,7,0,0,0,0,0,0,0,1474,0,0,0,0,0,0
196,4925,197.23317998388896,99995,103,45,3,0,1090,564,0.01654082704135207,53,24,49046,49503,794,427,0,0,0,0,0,0,98499,0,0,7,0,0,0,0,0,0,0,1489,0,0,0,0,0,0
197,4925,198.26738781592633,99995,101,44,3,0,1102,570,0.01672083604180209,55,26,49037,49499,803,430,0,0,0,0,0,0,98478,0,0,7,0,0,0,0,0,0,0,1510,0,0,0,0,0,0
198,4925,199.30179020850485,99995,98,54,3,0,1115,582,0.01697084854242712,52,24,49031,49490,815,431,0,0,0,0,0,0,98461,0,0,8,0,0,0,0,0,0,0,1526,0,0,0,0,0,0
199,4925,200.33634576802493,99994,102,51,3,1,1134,586,0.017201032061923714,51,31,49014,49482,829,434,0,0,0,0,0,0,98439,0,0,8,0,0,0,0,0,0,0,1547,0,0,0,0,0,0
200,4925,201.02620395493264,99994,96,50,3,1,1140,590,0.01730103806228374,57,31,49003,49478,840,439,0,0,0,0,0,0,98422,0,0,8,0,0,0,0,0,0,0,1564,0,0,0,0,0,0
201,4925,202.06126124387703,99994,96,48,3,1,1156,598,0.01754105246314779,68,29,48979,49474,853,447,0,0,0,0,0,0,98396,0,0,8,0,0,0,0,0,0,0,1590,0,0,0,0,0,0
202,4925,203.09672957281697,99994,94,46,3,1,1173,602,0.017751065063903834,59,31,48972,49471,871,450,0,0,0,0,0,0,98371,0,0,8,0,0,0,0,0,0,0,1615,0,0,0,0,0,0
203,4925,204.13248060683773,99994,93,49,3,1,1190,611,0.01801108066483989,63,28,48953,49465,887,456,0,0,0,0,0,0,98347,0,0,8,0,0,0,0,0,0,0,1639,0,0,0,0,0,0
204,4925,205.16860096366193,99993,92,48,4,1,1204,619,0.018231276189333255,66,27,48937,49460,900,463,0,0,0,0,0,0,98325,0,0,10,0,0,0,0,0,0,0,1658,0,0,0,0,0,0
205,4925,206.20504120873215,99993,104,52,4,1,1225,627,0.018521296490754353,54,24,48931,49456,906,466,0,0,0,0,0,0,98312,0,0,10,0,0,0,0,0,0,0,1671,0,0,0,0,0,0
206,4925,207.24161656987584,99993,97,53,4,1,1235,634,0.018691308391587412,60,25,48916,49449,922,471,0,0,0,0,0,0,98289,0,0,10,0,0,0,0,0,0,0,1694,0,0,0,0,0,0
207,4925,208.27850003007055,99993,98,53,4,1,1246,640,0.01886132029242047,58,20,48908,49450,931,475,0,0,0,0,0,0,98273,0,0,10,0,0,0,0,0,0,0,1710,0,0,0,0,0,0
208,4925,209.03708146288363,99993,102,54,4,1,1264,647,0.019111337793645555,57,17,48893,49446,943,481,0,0,0,0,0,0,98253,0,0,10,0,0,0,0,0,0,0,1730,0,0,0,0,0,0
209,4925,210.01968517936197,99993,102,48,4,1,1274,650,0.0192413468942826,60,18,48887,49443,946,489,0,0,0,0,0,0,98234,0,0,10,0,0,0,0,0,0,0,1749,0,0,0,0,0,0
210,4925,211.00824992269327,99993,106,42,4,1,1290,655,0.019451361595311672,71,23,48863,49436,955,497,0,0,0,0,0,0,98212,0,0,11,0,0,0,0,0,0,0,1770,0,0,0,0,0,0
211,4925,212.04613308393994,99993,100,44,4,1,1303,659,0.01962137349614473,83,30,48842,49427,970,497,0,0,0,0,0,0,98191,0,0,11,0,0,0,0,0,0,0,1791,0,0,0,0,0,0
212,4925,213.08433272266288,99993,107,39,4,1,1324,665,0.019891392397467823,77,37,48828,49416,983,506,0,0,0,0,0,0,98166,0,0,11,0,0,0,0,0,0,0,1816,0,0,0,0,0,0
213,4925,214.12280388396678,99993,117,43,4,1,1349,672,0.02021141479903593,70,39,48814,49408,994,508,0,0,0,0,0,0,98148,0,0,11,0,0,0,0,0,0,0,1834,0,0,0,0,0,0
214,4925,215.1615143176198,99992,118,51,5,1,1370,687,0.020571645731658532,70,33,48797,49401,1009,513,0,0,0,0,0,0,98121,0,0,11,0,0,0,0,0,0,0,1860,0,0,0,0,0,0
215,4925,216.20053296361175,99991,124,50,6,1,1393,696,0.02089188026922423,71,33,48778,49395,1020,520,0,0,0,0,0,0,98095,0,0,12,0,0,0,0,0,0,0,1884,0,0,0,0,0,0
216,4925,217.23986900940932,99991,122,51,6,1,1407,707,0.021141902771249412,77,26,48762,49391,1032,530,0,0,0,0,0,0,98069,0,0,12,0,0,0,0,0,0,0,1910,0,0,0,0,0,0
217,4925,218.2795520361035,99991,131,47,6,1,1430,711,0.021411927073436608,71,28,48752,49385,1039,538,0,0,0,0,0,0,98047,0,0,12,0,0,0,0,0,0,0,1932,0,0,0,0,0,0
218,4925,219.31942073498286,99991,137,47,6,1,1453,719,0.021721954975947835,61,29,48742,49377,1053,545,0,0,0,0,0,0,98022,0,0,12,0,0,0,0,0,0,0,1957,0,0,0,0,0,0
219,4925,220.0128188787244,99991,140,55,6,1,1466,728,0.021941974777729994,64,23,48731,49375,1058,545,0,0,0,0,0,0,98011,0,0,12,0,0,0,0,0,0,0,1968,0,0,0,0,0,0
220,4925,221.05304678156358,99991,155,57,6,1,1490,737,0.022272004480403236,66,31,48709,49359,1063,551,0,0,0,0,0,0,97995,0,0,12,0,0,0,0,0,0,0,1984,0,0,0,0,0,0
221,4925,222.0935354491229,99991,146,55,6,1,1502,742,0.02244201978178036,71,41,48694,49347,1082,555,0,0,0,0,0,0,97967,0,0,12,0,0,0,0,0,0,0,2012,0,0,0,0,0,0
222,4925,223.13432645476038,99991,142,60,6,1,1513,754,0.02267204048364353,84,39,48673,49339,1094,560,0,0,0,0,0,0,97945,0,0,12,0,0,0,0,0,0,0,2034,0,0,0,0,0,0
223,4925,224.1754727178464,99991,151,65,6,1,1539,765,0.023042073786640797,78,47,48653,49321,1111,565,0,0,0,0,0,0,97922,0,0,12,0,0,0,0,0,0,0,2057,0,0,0,0,0,0
224,4925,225.21697999405106,99991,149,69,6,1,1566,778,0.02344210978988109,79,45,48630,49313,1135,571,0,0,0,0,0,0,97885,0,0,13,0,0,0,0,0,0,0,2093,0,0,0,0,0,0
225,4925,226.25895622106626,99991,137,67,6,1,1580,789,0.02369213229190627,83,40,48617,49311,1156,580,0,0,0,0,0,0,97846,0,0,13,0,0,0,0,0,0,0,2132,0,0,0,0,0,0
226,4925,227.30132718879824,99991,139,77,6,1,1601,805,0.024062165594903543,92,40,48592,49295,1170,586,0,0,0,0,0,0,97821,0,0,13,0,0,0,0,0,0,0,2157,0,0,0,0,0,0
227,4925,228.34408637161067,99991,145,71,6,1,1629,814,0.02443219889790081,84,44,48577,49284,1187,599,0,0,0,0,0,0,97784,0,0,13,0,0,0,0,0,0,0,2194,0,0,0,0,0,0
228,4925,229.0394558173032,99991,144,74,6,1,1636,822,0.02458221239911592,94,42,48564,49278,1191,604,0,0,0,0,0,0,97772,0,0,14,0,0,0,0,0,0,0,2205,0,0,0,0,0,0
229,4925,230.08276517250448,99991,149,78,6,1,1666,832,0.024982248402356213,83,44,48549,49266,1212,610,0,0,0,0,0,0,97741,0,0,14,0,0,0,0,0,0,0,2236,0,0,0,0,0,0
230,4925,231.1264492321115,99991,147,71,6,1,1689,842,0.02531227810502945,82,46,48530,49258,1234,623,0,0,0,0,0,0,97700,0,0,15,0,0,0,0,0,0,0,2276,0,0,0,0,0,0
231,4925,232.17056690027658,99991,142,76,6,1,1710,855,0.025652308707783702,83,43,48517,49248,1251,631,0,0,0,0,0,0,97667,0,0,16,0,0,0,0,0,0,0,2308,0,0,0,0,0,0
232,4925,233.2149601560798,99991,158,72,6,1,1737,864,0.026012341110699964,76,48,48504,49237,1255,641,0,0,0,0,0,0,97643,0,0,16,0,0,0,0,0,0,0,2332,0,0,0,0,0,0
233,4925,234.25961270217937,99991,149,77,6,1,1755,875,0.026302367213049176,84,48,48482,49229,1278,644,0,0,0,0,0,0,97612,0,0,18,0,0,0,0,0,0,0,2361,0,0,0,0,0,0
234,4925,235.3046852113791,99991,155,83,6,1,1782,893,0.0267524077166945,76,43,48470,49217,1292,655,0,0,0,0,0,0,97579,0,0,18,0,0,0,0,0,0,0,2394,0,0,0,0,0,0
235,4925,236.00154935175547,99991,153,82,6,1,1795,902,0.026972427518476665,71,45,48464,49207,1305,664,0,0,0,0,0,0,97555,0,0,19,0,0,0,0,0,0,0,2417,0,0,0,0,0,0
236,4925,237.0471019323765,99991,149,77,6,1,1813,912,0.027252452720744866,75,45,48446,49201,1323,675,0,0,0,0,0,0,97518,0,0,19,0,0,0,0,0,0,0,2454,0,0,0,0,0,0
237,4925,238.09309258707768,99990,154,80,6,2,1837,928,0.027652765276527654,79,39,48420,49193,1340,685,0,0,0,0,0,0,97486,0,0,19,0,0,0,0,0,0,0,2485,0,0,0,0,0,0
238,4925,239.13952566841235,99989,161,85,7,2,1866,941,0.028073088039684366,72,41,48401,49179,1358,692,0,0,0,0,0,0,97456,0,0,19,0,0,0,0,0,0,0,2514,0,0,0,0,0,0
239,4925,240.1863125560437,99989,152,82,7,2,1886,952,0.028383122143435777,76,40,48381,49174,1383,701,0,0,0,0,0,0,97414,0,0,20,0,0,0,0,0,0,0,2555,0,0,0,0,0,0
240,4925,241.23358726324227,99988,148,91,7,3,1901,969,0.0287034444133296,87,37,48359,49164,1398,704,0,0,0,0,0,0,97387,0,0,20,0,0,0,0,0,0,0,2581,0,0,0,0,0,0
241,4925,242.2812621696662,99988,145,87,7,3,1925,976,0.029013481617794136,92,44,48333,49150,1422,715,0,0,0,0,0,0,97350,0,0,21,0,0,0,0,0,0,0,2617,0,0,0,0,0,0
242,4925,243.32943761506675,99988,153,86,7,3,1954,984,0.029383526023122775,85,50,48315,49138,1439,722,0,0,0,0,0,0,97320,0,0,21,0,0,0,0,0,0,0,2647,0,0,0,0,0,0
243,4925,244.02842814810194,99988,155,84,7,3,1972,991,0.029633556026723205,90,55,48297,49128,1450,729,0,0,0,0,0,0,97296,0,0,22,0,0,0,0,0,0,0,2670,0,0,0,0,0,0
244,4925,245.0772907906503,99988,160,88,7,3,1996,1002,0.02998359803176381,90,59,48278,49115,1464,734,0,0,0,0,0,0,97270,0,0,22,0,0,0,0,0,0,0,2696,0,0,0,0,0,0
245,4925,246.12649575097353,99988,159,84,7,3,2020,1013,0.030333640036804416,83,63,48264,49104,1486,745,0,0,0,0,0,0,97232,0,0,24,0,0,0,0,0,0,0,2732,0,0,0,0,0,0
246,4925,247.17606033552036,99988,150,79,7,3,2039,1024,0.030633676041124935,87,61,48244,49103,1511,753,0,0,0,0,0,0,97189,0,0,25,0,0,0,0,0,0,0,2774,0,0,0,0,0,0
247,4925,248.22612350159758,99988,152,89,7,3,2065,1044,0.03109373124774973,88,49,48221,49098,1531,760,0,0,0,0,0,0,97156,0,0,26,0,0,0,0,0,0,0,2806,0,0,0,0,0,0
248,4925,249.27671000454214,99988,142,87,7,3,2085,1057,0.0314237708525023,95,49,48200,49090,1555,770,0,0,0,0,0,0,97111,0,0,26,0,0,0,0,0,0,0,2851,0,0,0,0,0,0
249,4925,250.32779262718515,99988,144,90,7,3,2111,1075,0.03186382365883906,90,43,48184,49079,1574,784,0,0,0,0,0,0,97072,0,0,26,0,0,0,0,0,0,0,2890,0,0,0,0,0,0
250,4925,251.02871319988103,99988,144,81,7,3,2126,1079,0.032053846461575386,93,46,48174,49072,1581,797,0,0,0,0,0,0,97044,0,0,26,0,0,0,0,0,0,0,2918,0,0,0,0,0,0
251,4925,252.08038978447038,99988,152,80,7,3,2153,1092,0.032453894467336084,90,50,48159,49057,1591,809,0,0,0,0,0,0,97011,0,0,26,0,0,0,0,0,0,0,2951,0,0,0,0,0,0
252,4925,253.13235524338722,99988,158,80,7,3,2181,1104,0.032853942473096774,84,47,48143,49048,1607,821,0,0,0,0,0,0,96977,0,0,26,0,0,0,0,0,0,0,2985,0,0,0,0,0,0
253,4925,254.184665969058,99988,158,79,7,3,2199,1113,0.033123974876985235,98,49,48115,49038,1621,830,0,0,0,0,0,0,96949,0,0,26,0,0,0,0,0,0,0,3013,0,0,0,0,0,0
254,4925,255.23743269860094,99988,142,83,7,3,2213,1124,0.03337400488058567,109,49,48098,49028,1643,836,0,0,0,0,0,0,96912,0,0,26,0,0,0,0,0,0,0,3050,0,0,0,0,0,0
255,4925,256.2906161802641,99988,150,83,7,3,2242,1136,0.03378405408649038,101,46,48086,49022,1655,845,0,0,0,0,0,0,96881,0,0,28,0,0,0,0,0,0,0,3079,0,0,0,0,0,0
256,4925,257.3440376154394,99988,152,77,7,3,2265,1148,0.03413409609153099,98,49,48080,49010,1662,860,0,0,0,0,0,0,96842,0,0,28,0,0,0,0,0,0,0,3118,0,0,0,0,0,0
257,4925,258.0464063216028,99988,151,76,7,3,2284,1157,0.03441412969556347,101,46,48063,49008,1677,866,0,0,0,0,0,0,96814,0,0,30,0,0,0,0,0,0,0,3144,0,0,0,0,0,0
258,4925,259.10038674412965,99988,146,81,7,3,2310,1175,0.03485418250190023,95,36,48050,49003,1701,876,0,0,0,0,0,0,96773,0,0,33,0,0,0,0,0,0,0,3182,0,0,0,0,0,0
259,4925,260.15480186364755,99988,156,76,7,3,2337,1186,0.03523422810737289,86,37,48043,48993,1707,890,0,0,0,0,0,0,96741,0,0,34,0,0,0,0,0,0,0,3213,0,0,0,0,0,0
260,4925,261.2094337873243,99988,156,73,7,3,2362,1194,0.03556426771212545,91,44,48019,48981,1726,898,0,0,0,0,0,0,96706,0,0,35,0,0,0,0,0,0,0,3247,0,0,0,0,0,0
261,4925,262.2644383548807,99988,165,77,7,3,2389,1210,0.035994319318318195,90,46,48002,48965,1735,908,0,0,0,0,0,0,96678,0,0,37,0,0,0,0,0,0,0,3273,0,0,0,0,0,0
262,4925,263.3197618118529,99988,151,77,7,3,2413,1223,0.03636436372364684,93,44,47984,48956,1764,919,0,0,0,0,0,0,96627,0,0,37,0,0,0,0,0,0,0,3324,0,0,0,0,0,0
263,4925,264.02359909387667,99988,147,86,7,3,2428,1235,0.0366343961275353,92,49,47977,48943,1776,918,0,0,0,0,0,0,96605,0,0,37,0,0,0,0,0,0,0,3346,0,0,0,0,0,0
264,4925,265.0795675641101,99988,147,94,7,3,2450,1248,0.03698443813257591,87,47,47964,48938,1794,917,0,0,0,0,0,0,96578,0,0,37,0,0,0,0,0,0,0,3373,0,0,0,0,0,0
265,4925,266.1358616861917,99988,149,88,7,3,2473,1260,0.03733448013761651,89,49,47946,48927,1808,932,0,0,0,0,0,0,96539,0,0,37,0,0,0,0,0,0,0,3412,0,0,0,0,0,0
266,4925,267.19251160633456,99988,141,89,7,3,2495,1274,0.037694523342801135,88,45,47928,48924,1835,938,0,0,0,0,0,0,96496,0,0,37,0,0,0,0,0,0,0,3455,0,0,0,0,0,0
267,4925,268.2496415331358,99988,136,91,7,3,2513,1283,0.0379645557466896,100,48,47906,48915,1850,942,0,0,0,0,0,0,96467,0,0,38,0,0,0,0,0,0,0,3483,0,0,0,0,0,0
268,4925,269.30720068291697,99988,139,87,7,3,2538,1295,0.03833460015201824,99,47,47888,48908,1866,954,0,0,0,0,0,0,96432,0,0,41,0,0,0,0,0,0,0,3515,0,0,0,0,0,0
269,4925,270.0124851495282,99988,136,85,7,3,2552,1306,0.03858463015561867,98,45,47879,48903,1879,963,0,0,0,0,0,0,96404,0,0,43,0,0,0,0,0,0,0,3541,0,0,0,0,0,0
270,4925,271.07070289539666,99987,138,82,8,3,2578,1322,0.039005070659185695,94,45,47867,48890,1892,979,0,0,0,0,0,0,96361,0,0,43,0,0,0,0,0,0,0,3583,0,0,0,0,0,0
271,4925,272.12918131911874,99987,161,78,8,3,2615,1330,0.03945512916679168,76,50,47855,48880,1899,988,0,0,0,0,0,0,96337,0,0,45,0,0,0,0,0,0,0,3605,0,0,0,0,0,0
272,4925,273.1878640421757,99987,161,77,8,3,2640,1345,0.039855181173552565,72,43,47845,48875,1913,1001,0,0,0,0,0,0,96297,0,0,46,0,0,0,0,0,0,0,3644,0,0,0,0,0,0
273,4925,274.24685614000526,99987,147,78,8,3,2660,1353,0.04013521757828518,72,46,47836,48869,1936,1003,0,0,0,0,0,0,96259,0,0,49,0,0,0,0,0,0,0,3679,0,0,0,0,0,0
274,4925,275.3061690846158,99987,154,71,8,3,2683,1362,0.04045525918369388,66,44,47828,48865,1943,1016,0,0,0,0,0,0,96227,0,0,49,0,0,0,0,0,0,0,3711,0,0,0,0,0,0
275,4925,276.01250635064105,99987,148,78,8,3,2692,1371,0.04063528258673627,71,40,47817,48862,1955,1016,0,0,0,0,0,0,96211,0,0,50,0,0,0,0,0,0,0,3726,0,0,0,0,0,0
276,4925,277.0722857380395,99987,140,74,8,3,2705,1383,0.04088531509096183,83,36,47803,48854,1965,1032,0,0,0,0,0,0,96175,0,0,51,0,0,0,0,0,0,0,3761,0,0,0,0,0,0
277,4925,278.1324220639475,99987,139,67,8,3,2726,1388,0.0411453488953564,87,41,47787,48846,1978,1042,0,0,0,0,0,0,96142,0,0,52,0,0,0,0,0,0,0,3793,0,0,0,0,0,0
278,4925,279.1929020607019,99987,136,73,8,3,2745,1402,0.04147539180093412,88,39,47773,48837,1994,1047,0,0,0,0,0,0,96112,0,0,52,0,0,0,0,0,0,0,3823,0,0,0,0,0,0
279,4925,280.25361211577314,99987,141,69,8,3,2772,1415,0.041875443807695,80,41,47763,48824,2007,1062,0,0,0,0,0,0,96074,0,0,53,0,0,0,0,0,0,0,3860,0,0,0,0,0,0
280,4925,281.3146273164091,99987,141,68,8,3,2793,1426,0.0421954854131037,77,41,47749,48817,2024,1070,0,0,0,0,0,0,96044,0,0,56,0,0,0,0,0,0,0,3887,0,0,0,0,0,0
281,4925,282.02218580651186,99987,142,64,8,3,2805,1433,0.04238551011631512,80,42,47739,48814,2030,1076,0,0,0,0,0,0,96023,0,0,57,0,0,0,0,0,0,0,3907,0,0,0,0,0,0
282,4925,283.0837403756503,99987,146,68,8,3,2826,1448,0.04274555692239991,79,41,47727,48803,2039,1084,0,0,0,0,0,0,95995,0,0,57,0,0,0,0,0,0,0,3935,0,0,0,0,0,0
283,4925,284.14560539413856,99987,146,72,8,3,2849,1460,0.04309560242831568,88,41,47704,48800,2053,1083,0,0,0,0,0,0,95965,0,0,58,0,0,0,0,0,0,0,3964,0,0,0,0,0,0
284,4925,285.20780026196746,99986,157,73,9,3,2879,1473,0.043526093653111435,80,40,47687,48790,2066,1093,0,0,0,0,0,0,95934,0,0,58,0,0,0,0,0,0,0,3994,0,0,0,0,0,0
285,4925,286.2703139405537,99986,146,76,9,3,2895,1484,0.04379613145840418,86,42,47672,48781,2086,1097,0,0,0,0,0,0,95899,0,0,58,0,0,0,0,0,0,0,4029,0,0,0,0,0,0
286,4925,287.33317284409776,99986,147,84,9,3,2916,1502,0.044186186066049245,90,38,47652,48775,2101,1099,0,0,0,0,0,0,95872,0,0,61,0,0,0,0,0,0,0,4053,0,0,0,0,0,0
287,4925,288.04197755090416,99986,156,87,9,3,2935,1516,0.04451623227251815,97,33,47630,48770,2107,1106,0,0,0,0,0,0,95851,0,0,61,0,0,0,0,0,0,0,4074,0,0,0,0,0,0
288,4925,289.105520532288,99986,166,88,9,3,2969,1527,0.044966295281339386,82,38,47617,48760,2125,1110,0,0,0,0,0,0,95818,0,0,62,0,0,0,0,0,0,0,4106,0,0,0,0,0,0
289,4925,290.16937807168074,99985,161,87,10,3,2993,1539,0.04532679901985298,79,39,47603,48749,2146,1121,0,0,0,0,0,0,95777,0,0,62,0,0,0,0,0,0,0,4146,0,0,0,0,0,0
290,4925,291.233591464279,99985,160,87,10,3,3016,1549,0.045656848527279095,81,46,47585,48736,2163,1127,0,0,0,0,0,0,95745,0,0,64,0,0,0,0,0,0,0,4176,0,0,0,0,0,0
291,4925,292.29821019756395,99985,163,73,10,3,3038,1557,0.045956893534030104,80,44,47575,48735,2171,1144,0,0,0,0,0,0,95705,0,0,65,0,0,0,0,0,0,0,4215,0,0,0,0,0,0
292,4925,293.0081346706933,99985,153,75,10,3,3050,1565,0.04615692353853078,87,45,47564,48728,2185,1148,0,0,0,0,0,0,95678,0,0,66,0,0,0,0,0,0,0,4241,0,0,0,0,0,0
293,4925,294.07327766934606,99985,145,77,10,3,3068,1578,0.046466970045506824,87,41,47562,48722,2195,1156,0,0,0,0,0,0,95642,0,0,67,0,0,0,0,0,0,0,4276,0,0,0,0,0,0
294,4925,295.13864942094335,99985,148,83,10,3,3089,1586,0.0467570135520328,90,40,47544,48721,2207,1152,0,0,0,0,0,0,95622,0,0,67,0,0,0,0,0,0,0,4296,0,0,0,0,0,0
295,4925,296.20429849761405,99985,158,74,10,3,3120,1594,0.04714707206080912,89,42,47520,48715,2222,1165,0,0,0,0,0,0,95585,0,0,68,0,0,0,0,0,0,0,4332,0,0,0,0,0,0
296,4925,297.2704314370453,99985,160,67,10,3,3147,1604,0.04751712756913537,93,44,47495,48707,2241,1178,0,0,0,0,0,0,95545,0,0,70,0,0,0,0,0,0,0,4370,0,0,0,0,0,0
297,4925,298.337027396637,99985,169,70,10,3,3176,1620,0.047967195079261886,90,36,47477,48702,2253,1188,0,0,0,0,0,0,95514,0,0,72,0,0,0,0,0,0,0,4399,0,0,0,0,0,0
298,4925,299.0483030232102,99985,172,69,10,3,3195,1624,0.048197229584437666,83,38,47467,48697,2267,1192,0,0,0,0,0,0,95493,0,0,72,0,0,0,0,0,0,0,4420,0,0,0,0,0,0
299,4925,300.11555875345545,99985,167,74,10,3,3219,1637,0.048567285092763916,78,45,47452,48682,2292,1195,0,0,0,0,0,0,95458,0,0,74,0,0,0,0,0,0,0,4453,0,0,0,0,0,0
300,4925,301.18322534526635,99985,154,79,10,3,3235,1649,0.048847327099064856,88,48,47431,48671,2316,1198,0,0,0,0,0,0,95422,0,0,74,0,0,0,0,0,0,0,4489,0,0,0,0,0,0
301,4925,302.25132401651956,99985,144,82,10,3,3251,1662,0.04913737060559084,103,43,47418,48670,2324,1201,0,0,0,0,0,0,95386,0,0,74,0,0,0,0,0,0,0,4525,0,0,0,0,0,0
302,4925,303.3197062518865,99985,143,83,10,3,3272,1673,0.04945741861279192,105,48,47405,48660,2336,1205,0,0,0,0,0,0,95356,0,0,76,0,0,0,0,0,0,0,4553,0,0,0,0,0,0
303,4925,304.0320821851751,99985,147,80,10,3,3285,1677,0.04962744411661749,109,53,47394,48656,2339,1207,0,0,0,0,0,0,95340,0,0,76,0,0,0,0,0,0,0,4569,0,0,0,0,0,0
304,4925,305.10089643882816,99985,141,86,10,3,3305,1697,0.05002750412561884,110,47,47378,48649,2360,1214,0,0,0,0,0,0,95300,0,0,76,0,0,0,0,0,0,0,4609,0,0,0,0,0,0
305,4925,306.17008912859603,99985,139,91,10,3,3332,1715,0.050477571635745365,107,45,47361,48638,2382,1222,0,0,0,0,0,0,95258,0,0,76,0,0,0,0,0,0,0,4651,0,0,0,0,0,0
306,4925,307.23971730225367,99985,148,96,10,3,3358,1732,0.05090763614542181,108,45,47341,48626,2392,1229,0,0,0,0,0,0,95230,0,0,77,0,0,0,0,0,0,0,4678,0,0,0,0,0,0
307,4925,308.3096507542721,99985,152,101,10,3,3387,1746,0.05133770065509827,94,54,47337,48607,2406,1234,0,0,0,0,0,0,95196,0,0,77,0,0,0,0,0,0,0,4712,0,0,0,0,0,0
308,4925,309.0230075012926,99985,157,92,10,3,3404,1750,0.05154773215982397,104,53,47313,48605,2415,1246,0,0,0,0,0,0,95172,0,0,78,0,0,0,0,0,0,0,4735,0,0,0,0,0,0
309,4925,310.09344963672237,99985,155,92,10,3,3432,1767,0.051997799669950495,111,58,47290,48586,2433,1260,0,0,0,0,0,0,95127,0,0,80,0,0,0,0,0,0,0,4778,0,0,0,0,0,0
310,4925,311.1643931641327,99985,159,96,10,3,3464,1783,0.05247787168075211,97,55,47277,48579,2456,1266,0,0,0,0,0,0,95088,0,0,81,0,0,0,0,0,0,0,4816,0,0,0,0,0,0
311,4925,312.23573497260145,99985,155,100,10,3,3490,1796,0.05286793018952843,100,57,47257,48570,2477,1269,0,0,0,0,0,0,95051,0,0,83,0,0,0,0,0,0,0,4851,0,0,0,0,0,0
312,4925,313.3074390077222,99985,158,98,10,3,3512,1810,0.05322798419762965,106,55,47241,48560,2484,1283,0,0,0,0,0,0,95018,0,0,85,0,0,0,0,0,0,0,4882,0,0,0,0,0,0
313,4925,314.0220895178187,99985,169,97,10,3,3537,1817,0.053548032204830724,95,59,47231,48553,2494,1287,0,0,0,0,0,0,94997,0,0,86,0,0,0,0,0,0,0,4902,0,0,0,0,0,0
314,4925,315.0943500535893,99985,176,105,10,3,3567,1835,0.054028104215632346,88,53,47216,48547,2509,1291,0,0,0,0,0,0,94965,0,0,87,0,0,0,0,0,0,0,4933,0,0,0,0,0,0
315,4925,316.1669603307162,99985,180,100,10,3,3590,1846,0.05436815522328349,94,58,47195,48538,2520,1300,0,0,0,0,0,0,94930,0,0,87,0,0,0,0,0,0,0,4968,0,0,0,0,0,0
316,4925,317.23987480862814,99984,183,104,11,3,3619,1863,0.05482877260361658,89,60,47180,48526,2536,1306,0,0,0,0,0,0,94892,0,0,88,0,0,0,0,0,0,0,5004,0,0,0,0,0,0
317,4925,318.31314138608116,99984,179,89,11,3,3649,1870,0.05519883181309009,88,62,47160,48522,2561,1323,0,0,0,0,0,0,94839,0,0,91,0,0,0,0,0,0,0,5054,0,0,0,0,0,0
318,4925,319.028968749313,99984,178,99,11,3,3668,1887,0.05555888942230757,86,56,47152,48512,2572,1329,0,0,0,0,0,0,94812,0,0,91,0,0,0,0,0,0,0,5081,0,0,0,0,0,0
319,4925,320.1030330708047,99984,175,103,11,3,3690,1905,0.05595895343254921,89,53,47139,48498,2584,1341,1,1,1,1,0,0,94772,0,0,92,0,0,0,0,0,0,2,5118,0,0,0,0,0,0
320,4925,321.20190800563296,99984,172,96,11,3,3713,1917,0.05630900944151064,97,58,47114,48482,2603,1358,2,2,2,2,0,0,94725,0,0,92,0,0,0,0,0,0,4,5163,0,0,0,0,0,0
321,4925,322.3318031576942,99984,178,97,11,3,3736,1932,0.056689070251240196,95,57,47111,48472,2601,1367,3,3,3,3,0,0,94693,0,0,93,0,0,0,0,0,0,6,5192,0,0,0,0,0,0
322,4925,323.1080536183529,99984,180,91,11,3,3756,1940,0.05696911505840935,93,66,47100,48459,2611,1376,4,4,4,4,0,0,94659,0,0,93,0,0,0,0,0,0,8,5224,0,0,0,0,0,0
323,4925,324.12171989924366,99984,181,97,11,3,3786,1960,0.05746919507121139,94,55,47082,48453,2626,1386,5,5,5,5,0,0,94616,0,0,95,0,0,0,0,0,0,10,5263,0,0,0,0,0,0
324,4925,325.00121637007203,99983,186,98,11,4,3803,1966,0.05769980896752448,96,56,47068,48450,2632,1385,6,6,6,6,0,0,94598,0,0,96,0,0,0,0,0,0,12,5277,0,0,0,0,0,0
325,4925,326.0488197584884,99983,186,103,11,4,3831,1981,0.05812988207995359,95,50,47054,48444,2646,1390,7,8,8,7,0,0,94560,0,0,99,0,0,0,0,0,0,15,5309,0,0,0,0,0,0
326,4925,327.1253234000795,99983,181,94,11,4,3854,1992,0.05846993988978126,96,53,47043,48433,2660,1405,8,10,10,8,0,0,94510,0,0,100,0,0,0,0,0,0,18,5355,0,0,0,0,0,0
327,4925,328.0107017818747,99983,169,93,11,4,3873,2004,0.05877999259874179,98,55,47031,48421,2681,1414,9,12,12,9,0,0,94464,0,0,101,0,0,0,0,0,0,21,5397,0,0,0,0,0,0
328,4925,329.03594040243496,99983,169,99,11,4,3897,2021,0.0591900623105928,101,53,47011,48408,2697,1420,10,15,15,10,0,0,94428,0,0,104,0,0,0,0,0,0,25,5426,0,0,0,0,0,0
329,4925,330.0013779397455,99983,173,95,11,4,3919,2035,0.05955012352099857,94,46,47004,48407,2706,1429,11,18,18,11,0,0,94390,0,0,105,0,0,0,0,0,0,28,5459,1,0,0,0,0,0
330,4925,331.06532521997667,99983,181,85,11,4,3946,2043,0.05990018303111529,89,49,46990,48397,2716,1442,12,22,22,12,0,0,94349,0,0,106,0,0,0,0,0,0,33,5494,1,0,0,0,0,0
331,4925,332.0146756936988,99983,174,85,11,4,3963,2054,0.060180230639208666,98,51,46978,48386,2725,1446,13,27,27,13,0,0,94309,0,0,107,0,0,0,0,0,0,39,5527,1,0,0,0,0,0
332,4925,333.0048180490643,99983,175,91,11,4,3986,2069,0.06056029525019253,87,46,46974,48374,2738,1452,14,32,32,14,0,0,94275,0,0,110,0,0,0,0,0,0,45,5552,1,0,0,0,0,0
333,4925,334.2311729210487,99983,172,83,11,4,4017,2083,0.06101037176319975,90,46,46950,48357,2761,1471,15,38,38,15,0,0,94216,0,0,114,0,0,0,0,0,0,52,5600,1,0,0,0,0,0
334,4925,335.0540596514366,99983,167,83,11,4,4037,2092,0.06130042107158217,89,49,46933,48342,2783,1476,16,45,45,16,0,0,94176,0,0,116,0,0,0,0,0,0,60,5630,1,0,0,0,0,0
335,4925,336.09116353319655,99982,156,86,12,4,4055,2107,0.06163109359684743,97,44,46917,48326,2800,1486,17,53,53,17,0,0,94128,0,0,118,0,0,0,0,0,0,69,5666,1,0,0,0,0,0
336,4925,337.050318012491,99982,155,88,12,4,4077,2120,0.061981156608189474,90,42,46908,48312,2816,1491,18,62,62,18,0,0,94087,0,0,120,0,0,0,0,0,0,78,5695,2,0,0,0,0,0
337,4925,338.0056192778714,99982,153,81,12,4,4105,2132,0.06238122862115181,90,47,46900,48291,2825,1504,19,72,72,19,0,0,94028,0,0,121,0,0,0,0,0,0,89,5742,2,0,0,0,0,0
338,4925,339.0030445857128,99982,151,82,12,4,4122,2139,0.06262127182892921,89,46,46888,48285,2839,1501,20,81,83,20,0,0,93993,0,0,123,0,0,0,0,0,0,101,5763,2,0,0,0,0,0
339,4925,340.01409566847997,99982,147,84,12,4,4142,2152,0.06295133123962313,92,45,46877,48268,2850,1505,21,93,95,21,0,0,93948,0,0,125,0,0,0,0,0,0,113,5793,3,0,0,0,0,0
340,4925,341.1535010441789,99982,150,86,12,4,4178,2170,0.06349142845712229,87,40,46864,48245,2864,1518,22,106,108,22,0,0,93887,0,0,127,0,0,0,0,0,0,127,5838,3,0,0,0,0,0
341,4925,342.23458169210465,99980,158,81,14,4,4206,2178,0.06385277055411082,82,41,46850,48228,2871,1525,24,120,122,24,0,0,93838,0,0,127,0,0,0,0,0,0,143,5869,3,0,0,0,0,0
342,4925,343.31592674324725,99980,165,73,14,4,4233,2188,0.06422284456891378,76,46,46843,48203,2876,1538,25,135,137,26,0,0,93789,0,0,131,0,0,0,0,0,0,158,5897,5,0,0,0,0,0
343,4925,344.0369448353058,99980,161,77,14,4,4247,2197,0.06445289057811562,82,48,46837,48176,2879,1542,26,152,154,28,0,0,93749,0,0,131,0,0,0,0,0,0,175,5918,7,0,0,0,0,0
344,4925,345.11862290971413,99979,147,76,15,4,4261,2210,0.0647235919543104,85,47,46822,48154,2902,1549,28,169,172,30,0,0,93689,0,0,132,0,0,0,0,0,0,194,5956,8,0,0,0,0,0
345,4925,346.2007618407238,99979,146,69,15,4,4285,2216,0.06502365496754318,82,53,46809,48129,2918,1556,29,188,192,32,0,0,93632,0,0,132,0,0,0,0,0,0,213,5991,11,0,0,0,0,0
346,4925,347.2832082093246,99977,133,73,17,4,4306,2231,0.06538503855886854,88,55,46795,48100,2935,1560,31,207,213,34,0,0,93566,0,0,132,0,0,0,0,0,0,234,6032,13,0,0,0,0,0
347,4925,348.00502980798075,99977,138,78,17,4,4325,2244,0.06570511217580044,83,52,46788,48078,2939,1559,34,228,236,37,0,0,93518,0,0,132,0,0,0,0,0,0,260,6054,13,0,0,0,0,0
348,4925,349.08798018043905,99977,136,78,17,4,4345,2256,0.06602518579273232,82,51,46779,48051,2948,1563,37,252,260,40,0,0,93460,0,0,135,0,0,0,0,0,0,287,6082,13,0,0,0,0,0
349,4925,350.17118658800365,99977,140,82,17,4,4371,2270,0.06642527781389719,75,49,46768,48022,2959,1567,40,275,286,43,0,0,93399,0,0,135,0,0,0,0,0,0,316,6114,13,0,0,0,0,0
350,4925,351.25464342830526,99977,136,84,17,4,4388,2281,0.0667053422287126,84,50,46750,47988,2969,1571,43,302,314,46,0,0,93341,0,0,136,0,0,0,0,0,0,345,6140,15,0,0,0,0,0
351,4925,352.3384530890894,99977,137,90,17,4,4408,2296,0.06705542274723186,80,52,46743,47950,2976,1574,46,329,343,50,0,0,93283,0,0,136,1,0,0,0,0,0,376,6165,16,0,0,0,0,0
352,4925,353.06109425829527,99977,140,92,17,4,4424,2303,0.06728547565940166,83,60,46727,47909,2982,1576,50,358,374,54,0,0,93235,0,0,138,1,0,0,0,0,0,408,6176,19,0,0,0,0,0
353,4925,354.14535021178943,99977,126,96,17,4,4445,2320,0.06766556307950829,85,55,46710,47871,3007,1583,54,390,407,58,0,0,93155,0,0,141,1,0,0,0,0,0,443,6216,21,0,0,0,0,0
354,4925,355.23007020310604,99977,131,93,17,4,4468,2335,0.06804565049961492,80,56,46703,47827,3009,1594,59,425,442,63,0,0,93081,0,0,143,1,0,0,0,0,0,483,6248,21,0,0,0,0,0
355,4925,356.31502131671675,99977,135,95,17,4,4493,2349,0.06843574022025066,75,52,46692,47791,3016,1596,64,461,479,68,0,0,93010,0,0,147,1,0,0,0,0,0,525,6273,21,0,0,0,0,0
356,4925,357.0384619831123,99977,130,86,17,4,4503,2355,0.06859577702871661,81,55,46680,47747,3022,1608,69,499,518,73,0,0,92940,0,0,148,1,0,0,0,0,0,566,6298,24,0,0,0,0,0
357,4925,358.12396160369144,99977,138,80,17,4,4532,2364,0.06897586444882323,67,62,46674,47701,3028,1614,75,538,559,79,0,0,92859,0,0,149,1,0,0,0,0,0,612,6331,25,0,0,0,0,0
358,4925,359.2097207559536,99977,132,74,17,4,4547,2375,0.06923592426258039,76,60,46655,47659,3039,1622,80,580,602,85,0,0,92774,0,0,150,1,0,0,0,0,0,660,6366,26,0,0,0,0,0
359,4925,360.2959362406021,99977,125,81,17,4,4563,2395,0.06959600708162877,81,50,46642,47617,3049,1625,85,622,647,91,0,0,92691,0,0,149,2,0,0,0,0,0,707,6399,29,0,0,0,0,0
360,4925,361.02025665294025,99977,130,86,17,4,4580,2402,0.06983606229432769,78,47,46625,47571,3057,1622,92,669,695,98,0,0,92628,0,0,148,3,0,0,0,0,0,756,6408,34,0,0,0,0,0
361,4925,362.1071497259141,99977,122,88,17,4,4597,2419,0.07017614051231784,81,47,46609,47518,3071,1627,99,715,745,105,0,0,92534,0,0,148,3,0,0,0,0,0,810,6445,37,0,0,0,0,0
362,4925,363.1944462460524,99977,122,93,17,4,4615,2435,0.07051621873030797,79,39,46595,47470,3080,1632,106,761,797,113,0,0,92451,0,0,150,3,0,0,0,0,0,866,6466,41,0,0,0,0,0
363,4925,364.28210356245256,99977,123,93,17,4,4633,2444,0.07078628084459426,82,43,46571,47411,3092,1635,114,813,852,121,0,0,92366,0,0,152,3,0,0,0,0,0,927,6486,43,0,0,0,0,0
364,4925,365.00748255696976,99977,125,89,17,4,4647,2453,0.07101633375676406,81,41,46558,47354,3095,1641,123,870,909,130,0,0,92278,0,0,152,3,0,0,0,0,0,990,6508,46,0,0,0,0,0
365,4925,366.09597196070877,99977,125,85,17,4,4668,2465,0.07134640967422508,79,44,46543,47287,3103,1652,132,927,968,139,0,0,92178,0,0,155,3,0,0,0,0,0,1056,6537,48,0,0,0,0,0
366,4925,367.1847925441745,99977,120,77,17,4,4687,2474,0.07162647408904048,79,46,46525,47227,3116,1660,142,985,1030,149,0,0,92067,0,0,155,3,0,0,0,0,0,1126,6576,50,0,0,0,0,0
367,4925,368.27412957903516,99977,114,82,17,4,4704,2492,0.07197655460755974,84,40,46506,47171,3127,1658,151,1044,1094,160,0,0,91960,0,0,155,3,0,0,0,0,0,1197,6608,54,0,0,0,0,0
368,4925,369.00063089108886,99976,111,76,18,4,4716,2499,0.07216732015683765,82,40,46494,47103,3132,1666,162,1110,1161,171,0,0,91860,0,0,156,3,0,0,0,0,0,1270,6628,59,0,0,0,0,0
369,4925,370.0908276890308,99976,125,82,18,4,4746,2514,0.07261742818276386,79,43,46460,47026,3143,1667,174,1177,1231,183,0,0,91753,0,0,156,3,0,0,0,0,0,1352,6653,59,0,0,0,0,0
370,4925,371.1816121139421,99976,124,81,18,4,4770,2527,0.07298751700408097,85,42,46434,46954,3152,1674,186,1244,1303,195,0,0,91633,0,0,156,3,0,0,0,0,0,1433,6689,62,0,0,0,0,0
371,4925,372.2729479023877,99976,132,80,18,4,4797,2540,0.07338761302712651,83,41,46416,46885,3152,1676,198,1313,1378,208,0,0,91520,0,0,160,3,0,0,0,0,0,1517,6710,66,0,0,0,0,0
372,4925,373.0006989422326,99976,135,85,18,4,4809,2551,0.07361766824037769,83,39,46400,46808,3152,1674,211,1389,1456,222,0,0,91417,0,0,160,3,0,0,0,0,0,1605,6721,70,0,0,0,0,0
373,4925,374.09276724925553,99976,133,86,18,4,4831,2566,0.0739877570616948,81,33,46380,46738,3162,1677,225,1461,1536,236,0,0,91292,0,0,163,3,0,0,0,0,0,1695,6749,74,0,0,0,0,0
374,4925,375.18533359659114,99976,135,87,18,4,4858,2579,0.07438785308474034,71,28,46368,46660,3169,1682,238,1538,1619,251,0,0,91167,0,0,165,3,0,0,0,0,0,1785,6774,82,0,0,0,0,0
375,4925,376.2783214797227,99976,136,89,18,4,4880,2590,0.0747179323037529,65,26,46357,46585,3172,1678,251,1617,1705,267,0,0,91045,0,0,169,3,0,0,0,0,0,1881,6790,88,0,0,0,0,0
376,4925,377.00712376443096,99975,133,86,19,4,4889,2599,0.07489872468117029,73,22,46333,46496,3174,1688,267,1703,1794,284,0,0,90924,0,0,170,3,0,0,0,0,0,1979,6803,96,0,0,0,0,0
377,4925,378.1009002615263,99974,138,77,20,4,4914,2606,0.07521955708484206,71,26,46303,46414,3182,1694,285,1784,1885,302,0,0,90787,0,0,171,3,0,0,0,0,0,2081,6829,103,0,0,0,0,0
378,4925,379.19538668194843,99974,137,75,20,4,4936,2612,0.07549962990377498,74,26,46270,46335,3195,1690,303,1869,1979,320,0,0,90655,0,0,173,3,0,0,0,0,0,2184,6847,112,0,0,0,0,0
379,4925,380.2906971283505,99974,143,69,20,4,4960,2622,0.07583971832676496,77,26,46237,46242,3201,1698,321,1960,2076,339,0,0,90513,0,0,175,3,0,0,0,0,0,2294,6871,118,0,0,0,0,0
380,4925,381.0212935605557,99974,146,70,20,4,4975,2628,0.07604977294096466,80,29,46207,46149,3207,1693,339,2054,2176,359,0,0,90382,0,0,176,3,0,0,0,0,0,2409,6881,123,0,0,0,0,0
381,4925,382.11787368168024,99974,140,67,20,4,4999,2636,0.07636985616260228,74,37,46182,46048,3224,1695,359,2148,2279,380,0,0,90229,0,0,177,4,0,0,0,0,0,2523,6909,132,0,0,0,0,0
382,4925,383.2151424058828,99974,136,65,20,4,5018,2647,0.07666993418288755,72,36,46161,45956,3229,1695,381,2243,2385,402,0,0,90074,0,0,180,4,0,0,0,0,0,2645,6933,138,0,0,0,0,0
383,4925,384.313025202302,99974,137,66,20,4,5040,2657,0.07699001740452517,68,35,46140,45851,3230,1697,404,2346,2494,425,0,0,89924,0,0,183,4,0,0,0,0,0,2768,6948,147,0,0,0,0,0
384,4925,385.04523040532644,99974,130,67,20,4,5047,2664,0.07713005381399164,74,34,46115,45750,3234,1691,426,2453,2606,449,0,0,89782,0,0,185,4,0,0,0,0,0,2892,6952,159,0,0,0,0,0
385,4925,386.14423495664033,99974,139,65,20,4,5070,2669,0.07741012663292456,66,36,46095,45650,3230,1685,449,2559,2721,474,0,0,89630,0,0,186,4,0,0,0,0,0,3024,6963,167,0,0,0,0,0
386,4925,387.24376226235364,99974,137,64,20,4,5088,2675,0.07765018904915277,73,38,46061,45549,3236,1679,472,2665,2839,500,0,0,89470,0,0,186,5,0,0,0,0,0,3158,6979,176,0,0,0,0,0
387,4925,388.3440652296249,99974,131,57,20,4,5108,2681,0.07791025666673335,76,36,46026,45445,3247,1681,499,2776,2960,527,0,0,89292,0,0,186,5,0,0,0,0,0,3297,7009,185,0,0,0,0,0
388,4925,389.0781190260995,99974,139,63,20,4,5127,2691,0.07820033208634244,77,37,45986,45324,3251,1679,526,2892,3084,555,0,0,89133,0,0,186,5,0,0,0,0,0,3441,7016,193,0,0,0,0,0
389,4925,390.1800860094146,99973,134,58,21,4,5148,2701,0.07851119802346633,76,33,45952,45208,3263,1685,553,3011,3211,584,0,0,88948,0,0,188,6,0,0,0,0,0,3588,7042,201,0,0,0,0,0
390,4925,391.28300434430196,99973,139,56,21,4,5172,2709,0.07883128444680064,70,34,45920,45089,3272,1681,577,3135,3341,614,0,0,88765,0,0,190,6,0,0,0,0,0,3744,7063,205,0,0,0,0,0
391,4925,392.0186919014156,99973,140,55,21,4,5187,2715,0.07904134116211377,68,36,45889,44961,3273,1680,608,3263,3474,645,0,0,88591,0,0,190,6,0,0,0,0,0,3897,7073,216,0,0,0,0,0
392,4925,393.12312385713665,99973,140,53,21,4,5207,2721,0.07930141138107288,60,43,45853,44835,3285,1672,640,3392,3610,678,0,0,88410,0,0,192,7,0,0,0,0,0,4053,7083,228,0,0,0,0,0
393,4925,394.2284804711198,99973,131,60,21,4,5224,2736,0.07962149780440719,66,37,45815,44710,3296,1672,670,3516,3749,712,0,0,88216,0,0,193,7,0,0,0,0,0,4214,7103,240,0,0,0,0,0
394,4925,395.33479454810384,99973,126,62,21,4,5239,2747,0.07988156802336631,72,37,45777,44579,3300,1672,703,3645,3891,747,0,0,88020,0,0,194,7,0,0,0,0,0,4382,7121,249,0,0,0,0,0
395,4925,396.07281261568164,99972,130,53,21,5,5255,2748,0.08005241467610931,66,41,45745,44444,3300,1677,737,3779,4036,783,0,0,87830,0,0,195,8,0,0,0,0,0,4552,7128,259,0,0,0,0,0
396,4925,397.1808857120286,99972,132,52,21,5,5275,2757,0.08034249589885167,66,37,45699,44326,3309,1677,772,3902,4184,821,0,0,87624,0,0,195,8,0,0,0,0,0,4730,7148,267,0,0,0,0,0
397,4925,398.290018664649,99972,133,45,21,5,5301,2762,0.08065258272316249,55,42,45661,44193,3320,1676,809,4038,4335,860,0,0,87413,0,0,197,8,0,0,0,0,0,4906,7167,281,0,0,0,0,0
398,4925,399.03005009233834,99972,125,55,21,5,5307,2776,0.08085263873884688,65,32,45617,44058,3324,1666,847,4183,4489,900,0,0,87213,0,0,198,8,0,0,0,0,0,5089,7172,292,0,0,0,0,0
399,4925,400.14123846559477,99972,121,67,21,5,5325,2794,0.08121273956707878,65,26,45572,43916,3336,1664,884,4321,4645,942,0,0,87003,0,0,201,8,0,0,0,0,0,5274,7181,305,0,0,0,0,0
400,4925,401.25352593263744,99972,122,64,21,5,5345,2799,0.08146280958668427,59,32,45541,43771,3332,1663,924,4464,4804,985,0,0,86785,0,0,203,8,0,0,0,0,0,5467,7195,314,0,0,0,0,0
401,4925,402.36664237538065,99972,109,64,21,5,5356,2808,0.08166286560236867,59,33,45501,43632,3342,1654,967,4611,4966,1030,0,0,86558,0,0,204,8,0,0,0,0,0,5662,7214,326,0,0,0,0,0
402,4925,403.1093436749306,99972,105,61,21,5,5367,2811,0.08180290481334773,60,38,45456,43476,3345,1652,1012,4767,5131,1076,0,0,86337,0,0,205,8,0,0,0,0,0,5863,7223,336,0,0,0,0,0
403,4925,404.22469266043123,99972,110,55,21,5,5385,2820,0.08207298043452167,65,35,45411,43331,3339,1654,1053,4919,5299,1123,0,0,86109,0,0,208,8,0,0,0,0,0,6066,7233,348,0,0,0,0,0
404,4925,405.3411539313962,99972,102,57,21,5,5399,2831,0.08232305045412716,63,36,45374,43192,3342,1646,1097,5063,5470,1172,0,0,85875,0,0,208,8,0,0,0,0,0,6269,7247,365,0,0,0,0,0
405,4925,406.0860186683735,99972,102,64,21,5,5407,2839,0.08248309526667467,63,31,45326,43042,3343,1634,1144,5223,5644,1222,0,0,85653,0,0,208,8,0,0,0,0,0,6482,7245,376,0,0,0,0,0
406,4925,407.2046261263127,99972,102,62,21,5,5423,2849,0.08274316808706438,67,35,45277,42893,3342,1633,1190,5371,5820,1274,0,0,85411,0,0,210,8,0,0,0,0,0,6698,7257,388,0,0,0,0,0
407,4925,408.3244141683061,99972,102,56,21,5,5440,2856,0.08298323530588565,73,42,45220,42726,3343,1637,1240,5533,5999,1328,0,0,85159,0,0,210,9,0,0,0,0,0,6921,7276,397,0,0,0,0,0
408,4925,409.07165265837017,99972,107,54,21,5,5461,2861,0.08324330812627535,59,40,45176,42556,3346,1635,1290,5709,6181,1383,0,0,84917,0,0,210,9,0,0,0,0,0,7140,7281,415,0,0,0,0,0
409,4925,410.19393144481364,99972,101,54,21,5,5476,2870,0.08348337534509663,62,42,45117,42394,3356,1634,1342,5870,6365,1440,0,0,84663,0,0,212,9,0,0,0,0,0,7366,7292,430,0,0,0,0,0
410,4925,411.317672049706,99972,103,51,21,5,5494,2875,0.08371343976313368,52,45,45076,42240,3353,1626,1394,6032,6552,1498,0,0,84422,0,0,212,10,0,0,0,0,0,7584,7288,456,0,0,0,0,0
411,4925,412.06751726165515,99972,103,55,21,5,5508,2884,0.08394350418117073,52,40,45018,42071,3353,1624,1452,6204,6741,1558,0,0,84170,0,0,213,10,0,0,0,0,0,7818,7290,471,0,0,0,0,0
412,4925,413.193901149481,99972,96,58,21,5,5521,2895,0.084183571399992,53,42,44961,41901,3360,1613,1508,6380,6933,1620,0,0,83915,0,0,215,10,0,0,0,0,0,8047,7289,496,0,0,0,0,0
413,4925,414.321724223458,99972,97,65,21,5,5542,2908,0.08452366662665546,52,38,44901,41733,3362,1608,1566,6550,7127,1683,0,0,83652,0,0,218,10,0,0,0,0,0,8287,7292,513,0,0,0,0,0
414,4925,415.0744271229703,99972,100,60,21,5,5556,2912,0.08470371704077141,49,42,44845,41570,3355,1603,1629,6719,7324,1748,0,0,83395,0,0,218,10,0,0,0,0,0,8524,7287,538,0,0,0,0,0
415,4925,416.2052059016983,99972,95,62,21,5,5569,2922,0.08493378145880846,52,38,44790,41408,3350,1596,1691,6890,7523,1815,0,0,83130,0,0,218,11,0,0,0,0,0,8764,7286,563,0,0,0,0,0
416,4925,417.33739466820856,99972,92,69,21,5,5579,2937,0.08518385147841395,59,31,44727,41235,3346,1590,1754,7069,7725,1884,0,0,82853,0,0,219,11,0,0,0,0,0,9021,7291,577,0,0,0,0,0
417,4925,418.0930465195988,99972,100,61,21,5,5593,2943,0.08538390749409835,52,30,44674,41048,3334,1593,1818,7262,7929,1954,0,0,82578,0,0,219,11,0,0,0,0,0,9276,7292,596,0,0,0,0,0
418,4925,419.22818485394276,99972,94,61,21,5,5610,2950,0.08562397471291962,50,30,44615,40893,3338,1578,1881,7432,8135,2026,0,0,82302,0,0,221,11,0,0,0,0,0,9524,7288,626,0,0,0,0,0
419,4925,420.3648607283798,99972,101,69,21,5,5628,2965,0.08595406713879887,88,47,44510,40702,3333,1575,1946,7601,8343,2100,0,0,82019,9,0,221,12,0,0,0,0,0,9790,7280,641,0,0,0,0,0
420,4925,421.21871049412186,99972,121,67,21,5,5653,2969,0.08624414836154123,87,52,44441,40528,3315,1571,2014,7776,8554,2176,0,0,81739,18,2,221,12,0,0,0,0,0,10059,7264,657,0,0,0,0,0
421,4925,422.0738544030655,99972,130,70,21,5,5676,2983,0.08661425199055736,81,43,44365,40348,3314,1565,2088,7968,8767,2253,0,0,81443,42,3,221,12,0,0,0,0,0,10330,7246,675,0,0,0,0,0
422,4925,423.3590116391388,99971,121,73,22,5,5696,2996,0.08694521411209251,91,44,44290,40175,3316,1558,2159,8144,8982,2332,0,0,81134,77,3,224,12,0,0,0,0,0,10603,7222,696,0,0,0,0,0
423,4925,424.2169621264433,99971,119,71,22,5,5710,3004,0.08716527793059987,92,48,44208,39981,3321,1556,2237,8338,9199,2413,0,0,80833,98,5,227,12,0,0,0,0,0,10881,7201,714,0,0,0,0,0
424,4925,425.0764204621114,99971,132,72,22,5,5742,3014,0.08758539976593212,82,54,44122,39785,3331,1550,2310,8533,9418,2496,0,0,80528,119,10,229,12,0,0,0,0,0,11160,7181,732,0,0,0,0,0
425,4925,426.3683345865501,99971,142,73,22,5,5773,3027,0.08802552740294685,79,56,44045,39605,3330,1545,2381,8715,9639,2581,0,0,80216,148,12,230,13,0,0,0,0,0,11441,7157,754,0,0,0,0,0
426,4925,427.23091056550334,99971,147,75,22,5,5793,3035,0.08830560862650169,85,60,43952,39407,3331,1539,2462,8913,9861,2668,0,0,79904,167,14,230,13,0,0,0,0,0,11732,7141,770,0,0,0,0,0
427,4925,428.09509860310817,99970,141,84,22,6,5803,3052,0.08857657297189157,106,54,43859,39221,3327,1530,2544,9104,10085,2757,0,0,79595,189,14,228,15,0,0,0,0,0,12018,7115,796,0,0,0,0,0
428,4925,429.3943158788966,99970,158,90,22,6,5837,3069,0.08908672601780535,102,62,43773,39027,3318,1531,2626,9283,10311,2848,0,0,79271,215,15,229,15,0,0,0,0,0,12315,7095,815,0,0,0,0,0
429,4925,430.2617127505861,99970,162,93,22,6,5853,3079,0.08934680404121237,119,73,43676,38824,3310,1525,2710,9478,10538,2941,0,0,78954,230,15,232,16,0,0,0,0,0,12617,7074,832,0,0,0,0,0
430,4925,431.1308566035464,99970,167,98,22,6,5881,3097,0.08980694208262478,114,70,43579,38619,3318,1530,2799,9676,10767,3035,0,0,78629,260,18,235,16,0,0,0,0,0,12909,7043,860,0,0,0,0,0
431,4925,432.00183287403325,99970,179,97,22,6,5911,3110,0.0902370711213364,110,78,43479,38413,3321,1528,2888,9877,10998,3131,0,0,78291,290,20,233,18,0,0,0,0,0,13215,7026,877,0,0,0,0,0
432,4925,433.311669526084,99970,187,102,22,6,5949,3132,0.0908372511753526,116,71,43392,38234,3323,1525,2959,10061,11230,3229,0,0,77950,329,24,235,20,0,0,0,0,0,13513,6996,903,0,0,0,0,0
433,4925,434.1862308344881,99970,192,111,22,6,5976,3152,0.0913073922176653,122,67,43282,38028,3338,1524,3043,10263,11463,3329,0,0,77607,358,28,234,21,0,0,0,0,0,13823,6978,921,0,0,0,0,0
434,4925,435.06277629947294,99970,184,117,22,6,5999,3169,0.0917075122536761,135,61,43169,37825,3349,1519,3140,10471,11698,3431,0,0,77262,392,35,233,23,0,0,0,0,0,14127,6953,945,0,0,0,0,0
435,4925,436.3816095234035,99970,182,118,22,6,6040,3190,0.09232769830949285,140,56,43061,37633,3365,1519,3229,10667,11934,3535,0,0,76891,444,42,237,23,0,0,0,0,0,14439,6928,966,0,0,0,0,0
436,4925,437.2626341424679,99970,196,113,22,6,6074,3199,0.09275782734820447,134,65,42960,37426,3361,1522,3326,10867,12171,3641,0,0,76541,473,45,238,24,0,0,0,0,0,14757,6905,987,0,0,0,0,0
437,4925,438.1456892970626,99970,195,118,22,6,6108,3218,0.09328798639591877,140,57,42840,37238,3378,1519,3424,11061,12409,3749,0,0,76179,509,53,242,25,0,0,0,0,0,15075,6881,1006,0,0,0,0,0
438,4925,439.0310916991406,99970,205,118,22,6,6135,3231,0.09368810643192958,149,60,42717,37028,3379,1522,3527,11265,12649,3859,0,0,75828,529,60,244,25,0,0,0,0,0,15398,6860,1026,0,0,0,0,0
439,4925,440.3633690955379,99970,228,109,22,6,6183,3246,0.09431829548864659,157,68,42592,36847,3384,1530,3616,11439,12890,3971,0,0,75465,563,70,247,26,0,0,0,0,0,15716,6833,1050,0,0,0,0,0
440,4925,441.2534949743741,99970,252,112,22,6,6225,3264,0.0949184755426628,153,72,42477,36628,3381,1530,3714,11651,13132,4085,0,0,75114,591,75,247,26,0,0,0,0,0,16034,6800,1083,0,0,0,0,0
441,4925,442.1458369472654,99970,245,115,22,6,6252,3277,0.0953185955786736,161,79,42367,36408,3394,1528,3810,11863,13374,4201,0,0,74754,628,81,247,27,0,0,0,0,0,16351,6765,1117,0,0,0,0,0
442,4925,443.0403910376629,99970,266,119,22,6,6302,3292,0.09596879063719116,159,76,42237,36215,3399,1523,3916,12060,13617,4319,0,0,74385,660,86,249,28,0,0,0,0,0,16683,6739,1140,0,0,0,0,0
443,4925,444.3867856449658,99970,262,123,22,6,6348,3321,0.09671901570471142,195,82,42085,36026,3417,1527,4018,12235,13861,4439,0,0,73989,718,101,249,30,0,0,0,0,0,17006,6713,1164,0,0,0,0,0
444,4925,445.286733387565,99970,267,124,22,6,6397,3342,0.09741922576773032,178,82,41972,35811,3443,1534,4117,12442,14106,4561,0,0,73598,767,113,251,31,0,0,0,0,0,17336,6686,1188,0,0,0,0,0
445,4925,446.1892913280943,99970,263,122,22,6,6436,3359,0.09797939381814544,183,96,41846,35595,3462,1534,4223,12646,14351,4685,0,0,73203,820,118,252,34,0,0,0,0,0,17673,6658,1212,0,0,0,0,0
446,4925,447.0944766194399,99970,262,125,22,6,6474,3378,0.09854956486946084,188,97,41720,35378,3475,1528,4332,12865,14597,4811,0,0,72819,863,130,252,34,0,0,0,0,0,18002,6627,1243,0,0,0,0,0
447,4925,448.00225182444126,99970,268,134,22,6,6514,3401,0.09917975392617785,182,102,41595,35169,3485,1526,4447,13062,14844,4938,0,0,72434,894,141,256,36,0,0,0,0,0,18345,6603,1261,0,0,0,0,0
448,4925,449.3687853737665,99970,272,150,22,6,6571,3443,0.10017005101530459,195,87,41448,34966,3508,1542,4554,13248,15091,5067,0,0,72031,951,158,258,38,0,0,0,0,0,18673,6571,1290,0,0,0,0,0
449,4925,450.2823177152074,99970,288,159,22,6,6623,3468,0.10094028208462538,200,89,41304,34753,3524,1545,4661,13447,15338,5198,0,0,71635,993,163,260,39,0,0,0,0,0,19021,6544,1315,0,0,0,0,0
450,4925,451.19885205858276,99970,306,141,22,6,6681,3480,0.1016404921476443,181,103,41174,34548,3546,1549,4770,13652,15586,5331,0,0,71234,1044,179,262,40,0,0,0,0,0,19355,6511,1345,0,0,0,0,0
451,4925,452.1182348808487,99970,318,141,22,6,6726,3501,0.10230069020706212,193,114,41019,34320,3560,1556,4887,13862,15834,5466,0,0,70836,1086,186,263,44,0,0,0,0,0,19704,6483,1368,0,0,0,0,0
452,4925,453.04076611516143,99970,334,148,22,6,6774,3524,0.1030109032709813,189,117,40873,34117,3567,1555,5014,14056,16082,5603,0,0,70451,1118,199,263,47,0,0,0,0,0,20044,6451,1397,0,0,0,0,0
453,4925,454.43009961209543,99970,338,154,22,6,6849,3564,0.10416124837451235,199,118,40716,33910,3609,1571,5115,14240,16331,5742,0,0,70012,1200,213,271,48,0,0,0,0,0,20387,6412,1427,0,0,0,0,0
454,4925,455.35912244182816,99969,328,160,22,7,6887,3594,0.10484250117536437,223,119,40560,33693,3633,1577,5233,14443,16580,5882,0,0,69592,1257,221,274,50,0,0,0,0,0,20741,6381,1453,0,0,0,0,0
455,4925,456.29162978604285,99969,342,172,22,7,6947,3624,0.10574278026188118,225,109,40402,33476,3657,1583,5351,14652,16829,6024,0,0,69171,1310,229,277,50,0,0,0,0,0,21101,6355,1476,0,0,0,0,0
456,4925,457.22756874910243,99969,346,165,22,7,7000,3641,0.10644299732917205,218,113,40256,33272,3680,1592,5477,14850,17078,6168,0,0,68752,1365,239,281,54,0,0,0,0,0,21455,6322,1501,0,0,0,0,0
457,4925,458.16698530753087,99969,360,160,22,7,7055,3668,0.10726325160799847,224,117,40109,33064,3685,1604,5599,15047,17327,6314,0,0,68343,1411,259,287,55,0,0,0,0,0,21798,6284,1532,0,0,0,0,0
458,4925,459.109705200651,99969,370,173,22,7,7113,3697,0.1081335213916314,230,117,39944,32856,3705,1604,5728,15242,17576,6461,0,0,67932,1457,274,288,57,0,0,0,0,0,22148,6252,1561,0,0,0,0,0
459,4925,460.0560696899048,99969,383,162,22,7,7176,3723,0.10902379737718693,227,120,39789,32646,3726,1621,5852,15443,17824,6610,0,0,67520,1503,305,295,59,0,0,0,0,0,22482,6214,1591,0,0,0,0,0
460,4925,461.00602183916493,99969,384,161,22,7,7232,3754,0.10989406716081986,229,118,39636,32461,3750,1628,5978,15624,18072,6761,0,0,67100,1554,333,298,62,0,0,0,0,0,22822,6180,1620,0,0,0,0,0
461,4925,462.4372057051241,99969,377,151,22,7,7306,3791,0.11100441136752394,250,120,39468,32280,3790,1653,6092,15788,18320,6913,0,0,66647,1640,365,303,66,0,0,0,0,0,23156,6142,1650,0,0,0,0,0
462,4925,463.394625827756,99969,378,172,22,7,7363,3826,0.11192469665596334,260,106,39311,32078,3805,1652,6223,15984,18568,7067,0,0,66230,1689,378,309,67,0,0,0,0,0,23510,6102,1684,0,0,0,0,0
463,4925,464.3557744403116,99968,377,190,23,7,7424,3860,0.11287612035851473,249,98,39156,31867,3839,1648,6355,16189,18815,7223,0,0,65803,1740,394,314,70,0,0,0,0,0,23867,6069,1711,0,0,0,0,0
464,4925,465.32082910669783,99968,386,187,23,7,7484,3879,0.11366637323943662,241,107,38995,31666,3869,1653,6485,16379,19062,7380,0,0,65384,1786,417,314,74,0,0,0,0,0,24217,6038,1738,0,0,0,0,0
465,4925,466.2897522193064,99967,378,179,24,7,7534,3905,0.1144277611611832,251,99,38844,31475,3887,1676,6615,16563,19309,7539,0,0,64961,1844,442,319,76,0,0,0,0,0,24555,5991,1779,0,0,0,0,0
466,4925,467.26254563497866,99967,380,184,24,7,7590,3934,0.11527804175377875,258,99,38678,31277,3910,1683,6749,16749,19555,7699,0,0,64532,1899,463,320,77,0,0,0,0,0,24908,5958,1810,0,0,0,0,0
467,4925,468.23936725670836,99966,394,180,25,7,7660,3957,0.11620951123381949,249,105,38513,31090,3938,1688,6880,16929,19800,7861,0,0,64107,1957,482,321,81,0,0,0,0,0,25255,5916,1847,0,0,0,0,0
468,4925,469.2204235290182,99966,394,182,25,7,7722,3984,0.11709981393673849,236,114,38359,30889,3974,1697,7011,17110,20045,8024,0,0,63669,2016,500,326,84,1,0,0,0,0,25615,5883,1872,0,0,0,0,0
469,4925,470.205411649597,99966,392,189,25,7,7776,4015,0.11795010303503191,247,120,38185,30690,4006,1709,7144,17284,20289,8189,0,0,63233,2066,521,332,87,1,0,0,0,0,25980,5854,1892,0,0,0,0,0
470,4925,471.1947475821391,99966,407,194,25,7,7840,4043,0.11887041594142009,249,124,38023,30509,4019,1719,7276,17446,20533,8355,0,0,62816,2101,553,335,88,1,0,0,0,0,26329,5823,1920,0,0,0,0,0
471,4925,472.1880781135287,99966,425,198,25,7,7912,4075,0.11991076966168497,257,119,37830,30311,4044,1729,7418,17635,20776,8522,0,0,62380,2150,580,338,90,1,0,0,0,0,26688,5797,1942,0,0,0,0,0
472,4925,473.1860967121751,99966,429,216,25,7,7983,4114,0.12101114378888822,257,114,37675,30143,4066,1733,7547,17786,21018,8691,0,0,61953,2192,614,343,96,1,0,0,0,0,27038,5766,1963,0,0,0,0,0
473,4925,474.18824599736524,99966,432,220,25,7,8051,4142,0.12197147029990196,266,136,37492,29931,4091,1741,7693,17964,21259,8861,0,0,61519,2241,647,349,97,1,0,0,0,0,27390,5734,1988,0,0,0,0,0
474,4925,475.19495010774904,99966,422,221,25,7,8112,4173,0.12289178320629014,280,141,37321,29747,4120,1749,7831,18134,21500,9032,0,0,61090,2295,679,356,103,1,0,0,0,0,27731,5690,2021,0,0,0,0,0
475,4925,476.2062632317779,99966,418,212,25,7,8171,4212,0.12387211651961667,297,140,37138,29560,4147,1773,7974,18307,21740,9205,0,0,60654,2354,718,360,110,1,0,0,0,0,28068,5649,2052,0,0,0,0,0
476,4925,477.2224246256402,99966,430,209,25,7,8246,4238,0.12488246003641237,275,155,36977,29388,4179,1774,8113,18466,21979,9379,0,0,60227,2405,752,365,112,1,0,0,0,0,28410,5607,2087,0,0,0,0,0
477,4925,478.24303752634364,99966,437,210,25,7,8307,4273,0.12584278654742612,275,158,36800,29223,4205,1794,8257,18607,22217,9554,0,0,59775,2469,770,368,114,1,0,0,0,0,28779,5579,2111,0,0,0,0,0
478,4925,479.26842055293025,99966,436,216,25,7,8375,4319,0.12698317427925496,284,152,36632,29053,4230,1814,8392,18757,22454,9730,0,0,59330,2537,799,372,120,1,0,0,0,0,29126,5538,2143,0,0,0,0,0
479,4925,480.2986305431627,99966,437,228,25,7,8438,4362,0.12804353480183261,287,148,36461,28875,4249,1829,8540,18912,22690,9907,0,0,58893,2590,830,379,121,1,0,0,0,0,29478,5502,2172,0,0,0,0,0
480,4925,481.3334607445864,99964,449,234,27,7,8520,4404,0.129286543155536,287,129,36287,28705,4266,1844,8683,19080,22925,10085,0,0,58452,2645,866,388,123,1,0,0,0,0,29824,5464,2201,0,0,0,0,0
481,4925,482.37312134362975,99964,462,239,27,7,8603,4439,0.13046696810851907,279,130,36116,28524,4303,1857,8812,19242,23159,10264,0,0,58023,2700,900,394,126,1,0,0,0,0,30163,5418,2239,0,0,0,0,0
482,4925,483.4176755166821,99964,458,245,27,7,8662,4481,0.1314773318394622,293,115,35938,28368,4323,1869,8960,19395,23392,10444,0,0,57590,2760,934,392,132,1,0,0,0,0,30502,5379,2274,0,0,0,0,0
483,4925,484.4671656836108,99962,460,224,28,8,8731,4502,0.13238030451571597,296,126,35753,28203,4355,1888,9107,19550,23624,10625,0,0,57147,2816,972,401,134,1,0,0,0,0,30847,5344,2300,0,0,0,0,0
484,4925,485.52197123733526,99962,453,224,28,8,8800,4539,0.13344070746883815,300,129,35578,28024,4392,1904,9248,19710,23854,10807,0,0,56709,2870,1022,407,135,1,0,0,0,0,31179,5310,2329,0,0,0,0,0
485,4925,486.05080343290666,99962,463,227,28,8,8837,4556,0.1339809127468438,295,133,35404,27836,4401,1905,9408,19890,24083,10990,0,0,56299,2894,1036,405,140,1,0,0,0,0,31551,5286,2350,0,0,0,0,0
486,4925,487.1160732259211,99962,472,231,28,8,8918,4595,0.13518136892018967,291,129,35246,27679,4432,1921,9530,20031,24311,11173,0,0,55868,2944,1080,413,143,1,0,0,0,0,31886,5248,2379,0,0,0,0,0
487,4925,488.18621562968116,99962,462,228,28,8,8978,4623,0.13606170344730997,294,132,35076,27522,4473,1930,9666,20179,24538,11357,0,0,55425,2997,1111,420,150,1,0,0,0,0,32242,5220,2396,0,0,0,0,0
488,4925,489.2613342572915,99962,469,229,28,8,9052,4651,0.13708209119465398,308,137,34894,27360,4500,1939,9800,20326,24764,11542,0,0,55017,3029,1157,429,155,1,0,0,0,0,32570,5176,2428,0,0,0,0,0
489,4925,490.3419656968662,99962,474,243,28,8,9133,4696,0.13834257017666712,314,122,34725,27216,4529,1948,9929,20462,24988,11728,0,0,54585,3083,1202,431,161,1,0,0,0,0,32903,5142,2454,0,0,0,0,0
490,4925,491.42793199798496,99961,491,239,29,8,9214,4724,0.1394343794079691,318,131,34549,27056,4553,1945,10059,20620,25211,11914,0,0,54173,3114,1248,439,168,1,0,0,0,0,33235,5105,2478,0,0,0,0,0
491,4925,492.5190646574528,99960,493,232,29,9,9291,4758,0.14054621848739496,313,135,34384,26900,4586,1961,10194,20762,25433,12101,0,0,53751,3159,1301,452,170,1,0,0,0,0,33556,5060,2510,0,0,0,0,0
492,4925,493.0659667088452,99960,512,232,29,9,9338,4778,0.14121648659463787,311,130,34205,26724,4584,1962,10358,20942,25653,12288,0,0,53372,3167,1336,451,175,1,0,0,0,0,33891,5025,2542,0,0,0,0,0
493,4925,494.1677717584317,99960,527,229,29,9,9422,4814,0.1424169667867147,304,125,34034,26597,4621,1983,10484,21056,25872,12476,0,0,52938,3227,1371,459,177,2,0,0,0,0,34228,4985,2573,0,0,0,0,0
494,4925,495.27508954724993,99960,519,229,29,9,9491,4848,0.14344737895158063,316,135,33851,26440,4664,2000,10620,21186,26090,12664,0,0,52509,3284,1407,464,182,2,0,0,0,0,34557,4945,2610,0,0,0,0,0
495,4925,496.388318592314,99959,508,223,30,9,9568,4887,0.14460928980882162,307,131,33678,26285,4705,2026,10771,21325,26306,12853,0,0,52076,3346,1459,476,186,2,0,0,0,0,34873,4898,2643,0,0,0,0,0
496,4925,497.5076348734255,99958,522,211,31,9,9659,4911,0.14576121971227915,288,143,33511,26153,4735,2034,10912,21449,26521,13042,0,0,51669,3390,1512,486,189,2,0,0,0,0,35180,4846,2684,0,0,0,0,0
497,4925,498.0686688624578,99958,524,218,31,9,9695,4933,0.14634146341463414,302,142,33337,25984,4735,2027,11070,21619,26734,13231,0,0,51291,3397,1550,483,196,2,0,0,0,0,35513,4818,2708,0,0,0,0,0
498,4925,499.1992162156962,99958,507,216,31,9,9775,4972,0.14753196342463834,305,135,33164,25863,4789,2043,11203,21733,26946,13421,0,0,50845,3469,1602,485,205,2,0,0,0,0,35832,4788,2730,0,0,0,0,0
499,4925,500.335915280425,99958,495,218,31,9,9861,5009,0.14876248024170152,293,130,33019,25752,4835,2054,11326,21836,27157,13611,0,0,50417,3528,1654,498,208,3,0,0,0,0,36145,4743,2762,0,0,0,0,0
500,4925,501.4780458655309,99958,490,207,31,9,9931,5047,0.14984293403229357,300,132,32857,25618,4870,2082,11451,21951,27366,13801,0,0,49997,3581,1716,502,212,3,0,0,0,0,36449,4707,2791,0,0,0,0,0
501,4925,502.0503219513483,99957,484,218,32,9,9964,5074,0.1504446912172234,307,124,32696,25448,4875,2085,11605,22115,27574,13991,0,0,49607,3602,1743,496,222,3,0,0,0,0,36789,4682,2813,0,0,0,0,0
502,4925,503.20369594951904,99955,472,210,34,9,10044,5107,0.15157821019458756,312,133,32537,25328,4924,2096,11720,22223,27780,14181,0,0,49173,3666,1800,500,225,4,0,0,0,0,37099,4651,2837,0,0,0,0,0
503,4925,504.3627501446174,99955,493,223,34,9,10139,5155,0.15300885398429293,292,114,32376,25196,4953,2112,11851,22345,27985,14372,0,0,48756,3708,1844,511,231,4,0,0,0,0,37424,4619,2858,0,0,0,0,0
504,4925,505.52731024058335,99955,501,212,34,9,10217,5180,0.15403931769296184,286,113,32222,25070,4978,2128,11978,22467,28188,14563,0,0,48346,3749,1895,516,237,4,0,0,0,0,37740,4588,2880,0,0,0,0,0
505,4925,506.1111022704177,99954,500,216,34,10,10255,5202,0.15464113492206416,295,113,32051,24924,4991,2125,12128,22611,28390,14754,0,0,47975,3760,1927,521,241,4,0,0,0,0,38064,4548,2914,0,0,0,0,0
506,4925,507.2874988622152,99954,495,217,34,10,10340,5235,0.15582167797186705,303,113,31891,24810,5023,2128,12253,22721,28590,14945,0,0,47574,3807,1982,525,253,4,0,0,0,0,38359,4507,2943,0,0,0,0,0
507,4925,508.4697892942293,99954,510,204,34,10,10424,5263,0.15694219340896812,308,122,31731,24700,5046,2150,12370,22813,28789,15136,0,0,47171,3846,2045,529,255,5,0,0,0,0,38660,4477,2966,0,0,0,0,0
508,4925,509.06242042993256,99954,512,214,34,10,10468,5289,0.1576425155571563,301,121,31571,24550,5056,2157,12525,22947,28986,15326,0,0,46791,3863,2079,532,257,5,0,0,0,0,38987,4450,2990,0,0,0,0,0
509,4925,510.256604220342,99953,512,220,35,10,10547,5332,0.15886466639320482,297,113,31420,24458,5079,2173,12656,23025,29182,15516,0,0,46405,3904,2131,536,269,5,0,0,0,0,39273,4404,3026,0,0,0,0,0
510,4925,511.45667879839795,99953,518,218,35,10,10643,5369,0.16019529178713995,283,112,31259,24351,5123,2191,12781,23117,29376,15706,0,0,45991,3965,2176,543,280,5,0,0,0,0,39576,4366,3051,0,0,0,0,0
511,4925,512.058089447138,99953,507,215,35,10,10679,5387,0.16073554570648205,295,120,31097,24209,5132,2196,12933,23249,29569,15896,0,0,45618,3983,2219,542,285,6,0,0,0,0,39886,4340,3074,0,0,0,0,0
512,4925,513.2705546836206,99953,512,211,35,10,10768,5421,0.16196612407831681,293,121,30946,24119,5166,2207,13047,23331,29760,16086,0,0,45228,4024,2274,550,296,6,0,0,0,0,40173,4300,3102,0,0,0,0,0
513,4925,514.4891660970112,99953,520,223,35,10,10864,5465,0.16336678238772223,290,105,30785,24024,5205,2214,13164,23423,29950,16275,0,0,44835,4060,2342,555,303,6,0,0,0,0,40458,4273,3121,0,0,0,0,0
514,4925,515.1000572725246,99953,517,225,35,10,10904,5484,0.1639570598181145,292,107,30618,23895,5219,2205,13318,23557,30138,16464,0,0,44474,4074,2380,558,305,7,0,0,0,0,40766,4240,3149,0,0,0,0,0
515,4925,516.3312817088424,99952,519,217,36,10,10980,5521,0.16508924283656154,301,108,30472,23820,5237,2233,13434,23611,30325,16653,0,0,44083,4116,2447,558,309,8,0,0,0,0,41045,4211,3175,0,0,0,0,0
516,4925,517.5684520195914,99952,516,202,36,10,11067,5545,0.16619977589242838,297,116,30319,23745,5275,2242,13556,23684,30510,16841,0,0,43694,4162,2518,558,317,10,0,0,0,0,41317,4181,3195,0,0,0,0,0
517,4925,518.1885662823087,99952,517,200,36,10,11110,5558,0.16676004482151432,284,115,30166,23611,5281,2244,13715,23819,30693,17029,0,0,43343,4166,2560,562,323,10,0,0,0,0,41621,4153,3214,0,0,0,0,0
518,4925,519.4386451305212,99951,536,207,37,10,11206,5590,0.168042340746966,268,121,30005,23536,5309,2247,13844,23878,30875,17217,0,0,42962,4199,2616,564,331,10,0,0,0,0,41910,4128,3231,0,0,0,0,0
519,4925,520.0652414055699,99950,545,203,38,10,11259,5602,0.1686943471735868,254,130,29851,23414,5318,2247,13993,23995,31055,17404,0,0,42618,4200,2661,567,337,10,0,0,0,0,42203,4100,3254,0,0,0,0,0
520,4925,521.328406473217,99950,529,208,38,10,11343,5647,0.16998499249624813,261,121,29715,23331,5355,2255,14101,24074,31234,17591,0,0,42236,4249,2727,570,351,11,0,0,0,0,42463,4065,3278,0,0,0,0,0
521,4925,522.5977709293662,99949,514,202,39,10,11428,5679,0.17115729021801118,255,138,29590,23236,5390,2273,14211,24140,31411,17777,0,0,41831,4316,2788,573,355,11,0,0,0,0,42737,4036,3302,0,0,0,0,0
522,4925,523.233616858929,99949,507,208,39,10,11473,5700,0.17181762698976477,252,142,29442,23135,5404,2270,14355,24234,31587,17963,0,0,41484,4326,2832,577,357,13,0,0,0,0,43026,4008,3326,0,0,0,0,0
523,4925,524.51486677828,99949,502,207,39,10,11582,5747,0.1733784229957278,216,127,29334,23090,5462,2279,14446,24286,31761,18148,0,0,41100,4385,2910,586,364,13,0,0,0,0,43265,3964,3362,0,0,0,0,0
524,4925,525.15674830337,99948,493,207,40,10,11614,5771,0.17394044903349742,219,122,29197,22979,5468,2288,14582,24393,31934,18332,0,0,40764,4387,2957,588,371,13,0,0,0,0,43547,3936,3385,0,0,0,0,0
525,4925,526.4496625740237,99948,478,212,40,10,11681,5811,0.17501100572297595,228,123,29085,22920,5486,2308,14682,24426,32105,18516,0,0,40400,4427,3012,596,376,13,0,0,0,0,43807,3897,3420,0,0,0,0,0
526,4925,527.097350248998,99948,469,208,40,10,11712,5825,0.17546123984471926,230,120,28957,22825,5478,2304,14825,24532,32275,18699,0,0,40077,4422,3066,593,385,13,0,0,0,0,44078,3875,3439,0,0,0,0,0
527,4925,528.4013665691987,99948,448,205,40,10,11775,5867,0.17651178612878696,228,121,28850,22774,5507,2324,14926,24565,32443,18881,0,0,39725,4443,3150,600,394,13,0,0,0,0,44317,3849,3457,0,0,0,0,0
528,4925,529.054451561979,99948,454,202,40,10,11818,5887,0.1771421138992276,224,118,28714,22670,5503,2333,15064,24666,32610,19063,0,0,39400,4439,3198,600,403,13,0,0,0,0,44591,3829,3475,0,0,0,0,0
529,4925,530.3697354015343,99948,451,213,40,10,11893,5925,0.17827270180493857,205,105,28623,22600,5519,2341,15161,24730,32775,19244,0,0,39051,4466,3258,607,410,13,0,0,0,0,44851,3796,3496,0,0,0,0,0
530,4925,531.0283686146571,99948,450,209,40,10,11928,5944,0.17881298275103052,208,106,28511,22511,5512,2335,15278,24828,32939,19424,0,0,38754,4450,3323,606,418,13,0,0,0,0,45096,3766,3522,0,0,0,0,0
531,4925,532.3538404168089,99948,440,187,40,10,12003,5975,0.17987353423780367,208,119,28410,22490,5541,2354,15360,24839,33101,19603,0,0,38399,4484,3411,610,423,14,0,0,0,0,45325,3741,3541,0,0,0,0,0
532,4925,533.0172979337107,99948,437,198,40,10,12040,6002,0.1805138672109497,193,107,28295,22381,5533,2356,15501,24947,33262,19782,0,0,38091,4483,3451,615,430,15,0,0,0,0,45590,3706,3567,0,0,0,0,0
533,4925,534.3531619418211,99948,433,196,40,10,12098,6036,0.1814343458598471,205,99,28184,22354,5541,2375,15596,24965,33421,19960,0,0,37755,4500,3519,616,439,15,0,0,0,0,45838,3687,3579,0,0,0,0,0
534,4925,535.0219978111028,99948,415,198,40,10,12127,6055,0.18191459558970666,205,91,28065,22267,5538,2374,15736,25059,33579,20137,0,0,37451,4496,3573,613,451,16,0,0,0,0,46090,3662,3596,0,0,0,0,0
535,4925,536.3689307434162,99948,422,204,40,10,12208,6093,0.18310521471165006,183,79,27982,22245,5554,2387,15818,25074,33735,20313,0,0,37132,4515,3644,614,462,16,0,0,0,0,46315,3629,3621,0,0,0,0,0
536,4925,537.04303401252,99947,414,200,41,10,12233,6106,0.18348724824156804,199,87,27872,22151,5534,2391,15939,25160,33890,20488,0,0,36837,4506,3694,612,469,16,0,0,0,0,46566,3603,3644,0,0,0,0,0
537,4925,538.3997947746934,99947,415,189,41,10,12320,6133,0.18462785276196383,175,90,27782,22122,5571,2411,16015,25177,34043,20662,0,0,36508,4537,3765,610,486,16,0,0,0,0,46787,3575,3663,0,0,0,0,0
538,4925,539.0788591021459,99946,404,190,42,10,12352,6149,0.18510995937806415,187,93,27644,22053,5575,2399,16147,25254,34195,20835,0,0,36207,4528,3810,615,492,16,0,0,0,0,47041,3554,3683,0,0,0,0,0
539,4925,540.4464039487946,99946,394,196,42,10,12415,6189,0.18614051587857444,188,93,27549,22014,5591,2407,16235,25279,34345,21007,0,0,35904,4534,3888,614,506,17,0,0,0,0,47253,3529,3701,0,0,0,0,0
540,4925,541.1313878453124,99946,391,197,42,10,12448,6203,0.1866107698157005,182,93,27447,21945,5581,2404,16356,25350,34494,21178,0,0,35615,4529,3939,614,509,17,0,0,0,0,47496,3503,3724,0,0,0,0,0
541,4925,542.5097763214449,99946,368,201,42,10,12508,6243,0.18761131010745802,174,81,27377,21930,5604,2418,16434,25359,34641,21348,0,0,35302,4554,4014,617,518,17,0,0,0,0,47703,3470,3751,0,0,0,0,0
542,4925,543.1996220669864,99946,357,189,42,10,12541,6253,0.18804154243291377,173,90,27265,21858,5618,2421,16544,25431,34787,21517,0,0,34992,4562,4060,617,525,17,0,0,0,0,47954,3457,3762,0,0,0,0,0
543,4925,544.5876108276327,99946,370,183,42,10,12616,6279,0.1890520881275889,157,89,27189,21817,5624,2435,16617,25465,34932,21685,0,0,34691,4577,4123,618,535,17,0,0,0,0,48173,3428,3784,0,0,0,0,0
544,4925,545.282264178425,99946,359,180,42,10,12636,6297,0.18943229343845677,164,80,27095,21738,5603,2437,16736,25554,35075,21852,0,0,34416,4565,4179,617,542,17,0,0,0,0,48402,3406,3802,0,0,0,0,0
545,4925,546.6796701180807,99946,342,168,42,10,12683,6321,0.1901426770456046,184,80,27019,21721,5601,2442,16811,25578,35217,22018,0,0,34111,4584,4246,619,551,17,0,0,0,0,48618,3382,3818,0,0,0,0,0
546,4925,547.378908746141,99946,351,167,42,10,12717,6338,0.190652952594401,194,80,26906,21665,5588,2438,16918,25639,35357,22183,0,0,33843,4571,4288,619,558,18,0,0,0,0,48852,3358,3839,0,0,0,0,0
547,4925,548.0808762186804,99946,362,160,42,10,12755,6345,0.19110319572569187,181,87,26799,21600,5579,2433,17036,25709,35496,22347,0,0,33572,4556,4342,614,565,18,0,0,0,0,49084,3346,3849,0,0,0,0,0
548,4925,549.4932854051456,99945,336,158,43,10,12805,6376,0.19191555355445494,185,81,26736,21603,5602,2442,17097,25705,35634,22510,0,0,33272,4576,4404,621,576,18,0,0,0,0,49294,3316,3868,0,0,0,0,0
549,4925,550.2002015438732,99945,330,170,43,10,12836,6394,0.1924058232027615,175,75,26651,21538,5595,2437,17205,25769,35770,22672,0,0,33011,4561,4452,624,579,19,0,0,0,0,49520,3291,3888,0,0,0,0,0
550,4925,551.6215062597927,99944,331,172,44,10,12900,6419,0.19329824701833026,161,87,26603,21526,5603,2430,17257,25774,35905,22833,0,0,32731,4564,4509,627,591,19,0,0,0,0,49729,3268,3906,0,0,0,0,0
551,4925,552.3321449975439,99944,335,176,44,10,12937,6436,0.19383854958776914,155,80,26506,21462,5596,2420,17363,25851,36039,22993,0,0,32465,4562,4547,630,595,19,0,0,0,0,49956,3239,3931,0,0,0,0,0
552,4925,553.0452950393934,99944,322,175,44,10,12962,6450,0.19422876811014167,152,84,26402,21391,5601,2421,17478,25918,36171,23152,0,0,32199,4558,4593,630,603,19,0,0,0,0,50177,3218,3947,0,0,0,0,0
553,4925,554.4797911815579,99944,312,173,44,10,13015,6483,0.1950892499799888,157,80,26353,21401,5608,2431,17525,25904,36302,23310,0,0,31932,4557,4671,632,616,19,0,0,0,0,50362,3194,3961,0,0,0,0,0
554,4925,555.1971106444767,99944,321,172,44,10,13051,6498,0.1955995357400144,147,75,26251,21355,5603,2424,17633,25963,36432,23467,0,0,31673,4554,4714,630,621,19,0,0,0,0,50581,3171,3981,0,0,0,0,0
555,4925,556.6401660109733,99944,311,163,44,10,13114,6521,0.1964600176098615,138,74,26190,21373,5625,2427,17691,25952,36560,23622,0,0,31395,4566,4781,636,628,20,0,0,0,0,50771,3146,4001,0,0,0,0,0
556,4925,557.3622151985351,99944,306,159,44,10,13134,6534,0.1967902025134075,148,76,26103,21323,5612,2428,17786,26003,36687,23776,0,0,31155,4555,4827,632,638,20,0,0,0,0,50975,3120,4022,0,0,0,0,0
557,4925,558.0870142623908,99943,294,156,45,10,13158,6545,0.1971423711515564,145,84,26039,21275,5606,2423,17870,26051,36813,23929,0,0,30920,4550,4878,626,646,20,0,0,0,0,51162,3086,4055,0,0,0,0,0
558,4925,559.5433021584134,99943,294,155,45,10,13218,6576,0.198052890147384,131,80,26002,21293,5609,2439,17918,26022,36938,24081,0,0,30659,4559,4938,623,665,20,0,0,0,0,51348,3063,4068,0,0,0,0,0
559,4925,560.2710520773531,99943,286,156,45,10,13240,6593,0.19844311257416727,137,75,25922,21245,5598,2434,18011,26079,37061,24232,0,0,30424,4546,4990,622,670,20,0,0,0,0,51541,3038,4092,0,0,0,0,0
560,4925,561.001287850906,99943,289,153,45,10,13265,6608,0.1988433407042014,128,70,25857,21209,5577,2432,18103,26125,37183,24382,0,0,30193,4532,5039,620,676,20,0,0,0,0,51736,3013,4114,0,0,0,0,0
561,4925,562.4682493920862,99943,287,144,45,10,13320,6630,0.1996137798545171,122,64,25843,21224,5566,2445,18136,26112,37304,24530,0,0,29951,4521,5119,623,684,20,0,0,0,0,51902,2993,4130,0,0,0,0,0
562,4925,563.2013802124262,99943,275,138,45,10,13343,6640,0.19994396806179524,122,67,25772,21194,5553,2438,18232,26152,37424,24677,0,0,29736,4496,5178,625,693,21,0,0,0,0,52079,2964,4151,0,0,0,0,0
563,4925,564.6734041602299,99943,285,127,45,10,13408,6660,0.20079445283811773,101,69,25749,21216,5551,2432,18268,26145,37542,24823,0,0,29506,4491,5256,620,708,21,0,0,0,0,52233,2940,4168,0,0,0,0,0
564,4925,565.4091203964265,99943,272,128,45,10,13426,6675,0.20112464104539587,104,65,25688,21173,5531,2428,18359,26195,37659,24968,0,0,29277,4482,5304,618,714,21,0,0,0,0,52421,2918,4188,0,0,0,0,0
565,4925,566.1469627675241,99943,265,126,45,10,13446,6687,0.20144482354942317,107,64,25604,21120,5520,2427,18458,26252,37775,25112,0,0,29068,4458,5360,616,721,22,0,0,0,0,52595,2894,4209,0,0,0,0,0
566,4925,567.6288182246309,99943,263,114,45,10,13492,6711,0.20214522277698288,98,62,25559,21152,5520,2440,18514,26221,37890,25255,0,0,28841,4448,5443,615,728,23,0,0,0,0,52746,2874,4225,0,0,0,0,0
567,4925,568.3700744689793,99943,241,120,45,10,13506,6729,0.20246540528101017,101,56,25503,21116,5511,2437,18598,26260,38004,25396,0,0,28608,4436,5498,614,733,23,0,0,0,0,52935,2865,4231,0,0,0,0,0
568,4925,569.1136801555278,99943,231,114,45,10,13527,6740,0.20278558778503747,103,53,25435,21087,5501,2435,18684,26300,38117,25536,0,0,28400,4412,5559,616,735,25,0,0,0,0,53102,2843,4251,0,0,0,0,0
569,4925,570.6065589502603,99942,222,116,46,10,13561,6764,0.20336795341297953,96,43,25411,21120,5496,2429,18728,26281,38228,25675,0,0,28170,4408,5615,618,738,26,0,0,0,0,53274,2825,4268,0,0,0,0,0
570,4925,571.3526436989955,99941,235,111,46,11,13588,6770,0.20370018310803373,89,48,25341,21096,5475,2420,18813,26313,38338,25813,0,0,27966,4392,5649,611,749,26,0,0,0,0,53457,2804,4287,0,0,0,0,0
571,4925,572.1009695312464,99941,220,109,46,11,13603,6776,0.20391030708117788,96,49,25258,21049,5474,2408,18905,26373,38447,25950,0,0,27748,4383,5691,608,755,26,0,0,0,0,53640,2788,4302,0,0,0,0,0
572,4925,573.604197481285,99941,205,100,46,11,13629,6797,0.20438058454488148,110,45,25245,21086,5464,2421,18929,26336,38555,26085,0,0,27519,4383,5745,610,766,26,0,0,0,0,53811,2772,4309,0,0,0,0,0
573,4925,574.3555031056771,99941,198,103,46,11,13646,6808,0.204660749842407,105,44,25198,21054,5440,2406,19012,26381,38662,26219,0,0,27325,4356,5797,612,769,26,0,0,0,0,53978,2750,4328,0,0,0,0,0
574,4925,575.10884986342,99941,201,103,46,11,13670,6817,0.20499094465734782,97,44,25137,21030,5420,2398,19098,26413,38768,26352,0,0,27118,4342,5837,611,773,26,0,0,0,0,54158,2733,4343,0,0,0,0,0
575,4925,576.6203920636847,99941,186,100,46,11,13702,6837,0.2055112516384667,93,41,25140,21061,5419,2404,19115,26382,38873,26484,0,0,26893,4352,5883,605,787,26,0,0,0,0,54323,2715,4357,0,0,0,0,0
576,4925,577.3753738251415,99941,176,97,46,11,13722,6844,0.2057814110325092,84,37,25076,21033,5411,2408,19206,26413,38977,26615,0,0,26690,4339,5927,604,793,28,0,0,0,0,54493,2699,4368,0,0,0,0,0
577,4925,578.1321585158985,99941,177,98,46,11,13736,6854,0.2060215527161025,88,33,25023,21012,5386,2400,19279,26445,39080,26745,0,0,26506,4316,5966,605,794,29,0,0,0,0,54659,2672,4394,0,0,0,0,0
578,4925,579.6515173976766,99939,159,95,48,11,13766,6870,0.20648595643342438,90,35,25025,21068,5381,2391,19296,26399,39181,26873,0,0,26299,4314,6023,601,804,30,0,0,0,0,54806,2657,4405,0,0,0,0,0
579,4925,580.4103193214814,99939,150,91,48,11,13780,6880,0.2067261029227829,88,36,24973,21030,5366,2390,19374,26441,39281,27000,0,0,26106,4292,6074,602,806,32,0,0,0,0,54968,2645,4414,0,0,0,0,0
580,4925,581.1708470888442,99939,161,90,48,11,13802,6886,0.2070062738270345,82,33,24933,21005,5338,2386,19437,26474,39380,27126,0,0,25923,4267,6112,597,814,32,0,0,0,0,55137,2632,4425,0,0,0,0,0
581,4925,582.6964694618072,99939,147,73,48,11,13831,6897,0.20740651797596535,73,35,24944,21093,5334,2379,19453,26408,39478,27251,0,0,25717,4272,6162,598,825,32,0,0,0,0,55284,2609,4440,0,0,0,0,0
582,4925,583.4581758080867,99939,146,70,48,11,13847,6901,0.20760664005043075,68,34,24908,21073,5314,2374,19515,26437,39575,27375,0,0,25539,4249,6208,594,830,32,0,0,0,0,55439,2593,4455,0,0,0,0,0
583,4925,584.2214845961621,99939,149,69,48,11,13862,6902,0.2077667377100031,69,39,24864,21053,5280,2355,19589,26472,39671,27498,0,0,25366,4218,6249,593,832,33,0,0,0,0,55601,2579,4468,0,0,0,0,0
584,4925,585.7517431554365,99939,148,77,48,11,13891,6924,0.20827704899988994,64,32,24865,21102,5271,2345,19603,26432,39766,27619,0,0,25186,4198,6299,598,835,34,0,0,0,0,55747,2558,4484,0,0,0,0,0
585,4925,586.5155441052947,99939,144,74,48,11,13900,6931,0.20843714665946228,67,31,24813,21091,5259,2341,19668,26451,39860,27739,0,0,25003,4185,6330,594,841,34,0,0,0,0,55910,2543,4499,0,0,0,0,0
586,4925,587.2813289074846,99939,144,71,48,11,13909,6935,0.2085672260078648,70,28,24790,21083,5228,2326,19719,26480,39953,27858,0,0,24845,4151,6376,591,847,34,0,0,0,0,56055,2526,4514,0,0,0,0,0
587,4925,588.0487477504226,99939,137,75,48,11,13926,6945,0.20883739080839311,59,26,24751,21069,5218,2315,19786,26503,40045,27976,0,0,24667,4140,6412,587,851,36,0,0,0,0,56206,2510,4530,0,0,0,0,0
588,4925,589.5863497571377,99939,148,70,48,11,13957,6957,0.20926765326849378,45,27,24784,21141,5178,2308,19796,26442,40136,28093,0,0,24492,4123,6461,585,855,37,0,0,0,0,56348,2496,4542,0,0,0,0,0
589,4925,590.3538824146246,99939,145,70,48,11,13968,6965,0.20945776923923592,43,24,24757,21115,5161,2307,19845,26472,40226,28209,0,0,24327,4097,6504,586,857,38,0,0,0,0,56495,2481,4554,0,0,0,0,0
590,4925,591.1223508717634,99939,140,68,48,11,13978,6970,0.209607860795085,44,24,24734,21104,5143,2299,19890,26493,40316,28324,0,0,24154,4079,6541,585,860,38,0,0,0,0,56648,2468,4566,0,0,0,0,0
591,4925,592.6618232436846,99939,124,59,48,11,13992,6978,0.20982799507699698,56,23,24751,21162,5128,2294,19892,26450,40405,28437,0,0,23984,4066,6595,584,866,38,0,0,0,0,56776,2450,4580,0,0,0,0,0
592,4925,593.430108366444,99939,118,58,48,11,13999,6983,0.20994806832167623,60,27,24715,21154,5111,2282,19947,26467,40493,28549,0,0,23814,4052,6625,585,867,38,0,0,0,0,56929,2433,4596,0,0,0,0,0
593,4925,594.199779474494,99939,117,62,48,11,14011,6991,0.21014819039614166,57,24,24666,21159,5095,2267,20016,26476,40580,28660,0,0,23647,4036,6655,582,870,39,0,0,0,0,57081,2421,4608,0,0,0,0,0
594,4925,595.7429491481998,99939,119,62,48,11,14023,6999,0.21034831247060706,52,18,24637,21160,5070,2261,20073,26487,40666,28770,0,0,23482,4018,6685,583,872,39,0,0,0,0,57231,2407,4622,0,0,0,0,0
595,4925,596.5313942272995,99939,116,51,48,11,14043,7003,0.21058845895996559,53,26,24654,21210,5051,2264,20077,26437,40751,28879,0,0,23315,4009,6726,580,879,39,0,0,0,0,57365,2391,4635,0,0,0,0,0
596,4925,597.3030901243955,99939,111,52,48,11,14051,7007,0.21070853220464483,51,24,24623,21205,5034,2255,20132,26452,40835,28987,0,0,23161,3987,6759,580,881,40,0,0,0,0,57506,2376,4649,0,0,0,0,0
597,4925,598.0759035859833,99939,102,56,48,11,14058,7013,0.21083861155304737,61,23,24580,21195,5023,2246,20185,26468,40918,29094,0,0,23001,3978,6785,575,886,41,0,0,0,0,57649,2361,4663,0,0,0,0,0
598,4925,599.6249402408972,99938,101,56,48,12,14084,7019,0.21116091977025755,55,28,24608,21265,5004,2239,20183,26399,41000,29200,0,0,22829,3978,6811,576,889,41,0,0,0,0,57792,2344,4678,0,0,0,0,0
599,4925,600.3983871157131,99937,93,55,49,12,14094,7026,0.21133313987812322,50,23,24587,21276,4985,2234,20235,26399,41081,29305,0,0,22678,3961,6850,573,893,41,0,0,0,0,57919,2327,4695,0,0,0,0,0
600,4925,601.172723534588,99937,93,48,49,12,14098,7031,0.21142319661386674,50,19,24571,21269,4953,2233,20283,26418,41162,29409,0,0,22526,3941,6883,569,899,41,0,0,0,0,58057,2318,4703,0,0,0,0,0
601,4925,602.2740529597849,99937,93,43,49,12,14104,7033,0.21150324704563875,47,19,24526,21225,4938,2235,20346,26465,41242,29512,0,0,22377,3924,6908,567,905,41,0,0,0,0,58197,2303,4715,0,0,0,0,0
602,4925,603.5449802475044,99937,93,39,49,12,14119,7038,0.2117033731250688,38,17,24550,21265,4921,2226,20348,26440,41321,29614,0,0,22234,3902,6949,565,910,41,0,0,0,0,58319,2289,4728,0,0,0,0,0
603,4925,604.0686504764849,99937,87,40,49,12,14122,7040,0.2117534046449263,36,17,24502,21247,4905,2216,20420,26467,41399,29715,0,0,22094,3885,6973,562,915,41,0,0,0,0,58451,2270,4746,0,0,0,0,0
604,4925,605.7088383950718,99936,81,32,50,12,14139,7045,0.21197566442523214,41,21,24631,21400,4867,2207,20329,26327,41476,29815,0,0,21936,3883,7004,562,919,41,0,0,0,0,58577,2253,4761,0,0,0,0,0
605,4925,606.4822796718507,99936,85,32,50,12,14147,7048,0.212085734870317,35,20,24609,21403,4847,2195,20373,26337,41553,29914,0,0,21800,3865,7029,559,922,41,0,0,0,0,58706,2234,4780,0,0,0,0,0
606,4925,607.2562552114305,99936,84,33,50,12,14148,7049,0.21210574767851426,34,19,24535,21337,4828,2192,20468,26406,41629,30012,0,0,21669,3844,7052,553,927,42,0,0,0,0,58835,2219,4795,0,0,0,0,0
607,4925,608.162679760102,99936,81,40,50,12,14156,7058,0.21227585654819084,31,14,24536,21353,4800,2180,20501,26400,41704,30108,0,0,21538,3822,7084,551,932,42,0,0,0,0,58956,2203,4808,0,0,0,0,0
608,4925,609.5673158305694,99936,78,35,50,12,14167,7061,0.21241594620557155,29,20,24602,21496,4772,2172,20468,26264,41778,30203,0,0,21393,3807,7107,552,938,42,0,0,0,0,59086,2193,4818,0,0,0,0,0
609,4925,610.1443520099465,99936,78,36,50,12,14167,7062,0.21242595260967018,29,20,24524,21429,4757,2167,20561,26335,41851,30298,0,0,21259,3790,7124,546,944,42,0,0,0,0,59220,2182,4829,0,0,0,0,0
610,4925,611.0782817153591,99935,74,36,51,12,14173,7066,0.21252814329314054,28,16,24533,21479,4731,2160,20582,26296,41924,30392,0,0,21123,3774,7152,544,946,42,0,0,0,0,59343,2167,4844,0,0,0,0,0
611,4925,612.0252240620503,99935,74,37,51,12,14182,7069,0.2126482213438735,24,13,24543,21519,4713,2149,20594,26269,41996,30485,0,0,20994,3761,7174,540,951,42,0,0,0,0,59462,2148,4863,0,0,0,0,0
612,4925,613.0305704071459,99935,70,35,51,12,14187,7073,0.21273827988192326,24,15,24530,21538,4698,2142,20626,26257,42067,30577,0,0,20862,3741,7204,540,955,42,0,0,0,0,59583,2137,4871,0,0,0,0,0
613,4925,614.0080879499092,99935,66,32,51,12,14195,7077,0.21285835793265623,24,14,24522,21569,4685,2134,20651,26238,42137,30668,0,0,20726,3730,7232,539,957,42,0,0,0,0,59702,2123,4884,0,0,0,0,0
614,4925,615.2589478761629,99934,61,27,52,12,14204,7080,0.21298056717433506,24,12,24592,21678,4657,2122,20613,26148,42207,30758,0,0,20599,3707,7270,535,964,42,0,0,0,0,59810,2116,4891,0,0,0,0,0
615,4925,616.2259179428369,99934,59,25,52,12,14210,7082,0.2130606200092061,20,14,24587,21679,4629,2112,20652,26157,42276,30847,0,0,20475,3688,7295,533,969,42,0,0,0,0,59926,2102,4904,0,0,0,0,0
616,4925,617.1015888188276,99934,56,27,52,12,14214,7084,0.21312065963535934,17,13,24544,21658,4618,2101,20712,26188,42344,30935,0,0,20361,3665,7324,533,970,42,0,0,0,0,60034,2083,4922,0,0,0,0,0
617,4925,618.3785415599348,99934,56,26,52,12,14223,7086,0.213230732283307,16,14,24595,21730,4583,2085,20697,26132,42412,31022,0,0,20247,3646,7352,530,975,42,0,0,0,0,60138,2064,4940,0,0,0,0,0
618,4925,619.0876846653571,99934,54,27,52,12,14225,7090,0.21329077190946025,17,11,24566,21737,4563,2081,20747,26131,42479,31108,0,0,20124,3628,7376,525,981,42,0,0,0,0,60255,2057,4946,0,0,0,0,0
619,4925,620.0586128930865,99934,54,21,52,12,14229,7092,0.2133508115356135,18,11,24582,21739,4531,2080,20762,26136,42545,31193,0,0,20008,3608,7407,524,982,43,0,0,0,0,60360,2044,4958,0,0,0,0,0
620,4925,621.1173646432644,99934,45,20,52,12,14230,7095,0.213390837953049,23,9,24602,21787,4511,2070,20766,26101,42611,31277,0,0,19891,3589,7433,524,986,43,0,0,0,0,60467,2030,4971,0,0,0,0,0
621,4925,622.4578858019769,99934,45,19,52,12,14238,7097,0.21349090399663778,17,10,24655,21849,4472,2059,20758,26050,42676,31360,0,0,19780,3566,7462,521,992,43,0,0,0,0,60570,2019,4981,0,0,0,0,0
622,4925,623.0133355013124,99934,41,15,52,12,14240,7098,0.2135209238097144,16,9,24618,21840,4466,2056,20806,26067,42740,31442,0,0,19663,3554,7479,521,994,45,0,0,0,0,60680,2004,4994,0,0,0,0,0
623,4925,624.1582419678073,99934,38,19,52,12,14245,7103,0.2136209898533032,14,4,24696,21955,4431,2038,20768,25971,42804,31523,0,0,19544,3541,7499,519,997,45,0,0,0,0,60791,1993,5005,0,0,0,0,0
624,4925,625.2034188994,99934,38,19,52,12,14247,7105,0.2136610162707387,15,3,24693,21962,4400,2026,20801,25977,42867,31604,0,0,19428,3522,7522,518,998,45,0,0,0,0,60903,1985,5013,0,0,0,0,0
625,4925,626.020321275744,99934,34,15,52,12,14249,7106,0.21369103608381532,14,2,24698,21996,4381,2020,20820,25954,42929,31684,0,0,19314,3505,7546,514,1004,45,0,0,0,0,61008,1978,5020,0,0,0,0,0
626,4925,627.1962456763893,99934,32,15,52,12,14252,7106,0.21372105589689194,15,3,24721,22046,4353,2004,20826,25919,42991,31763,0,0,19204,3485,7569,513,1005,46,0,0,0,0,61114,1969,5029,0,0,0,0,0
627,4925,628.0489272107027,99934,27,14,52,12,14255,7106,0.21375107570996857,15,3,24740,22069,4334,1996,20831,25905,43052,31841,0,0,19094,3469,7591,512,1007,47,0,0,0,0,61217,1958,5039,0,0,0,0,0
628,4925,629.0609913197885,99934,26,14,52,12,14257,7108,0.2137911021274041,16,3,24740,22101,4318,1986,20847,25883,43112,31918,0,0,18978,3457,7605,510,1011,47,0,0,0,0,61330,1951,5045,0,0,0,0,0
629,4925,630.440600982821,99934,25,16,52,12,14263,7111,0.21388116156663398,43,29,24806,22207,4287,1966,20786,25769,43172,31994,0,0,18875,3431,7635,511,1011,47,2,0,0,0,61426,1941,5055,0,0,0,0,0
630,4925,631.2003792536406,99934,30,18,52,12,14273,7115,0.21402125402765826,40,29,24772,22198,4276,1961,20829,25781,43231,32070,0,0,18764,3415,7650,511,1013,47,3,0,0,4,61532,1932,5063,0,0,0,0,0
631,4925,632.0372700773443,99934,41,15,52,12,14287,7116,0.21417135309304142,35,33,24766,22224,4261,1950,20844,25765,43290,32145,0,0,18653,3400,7665,511,1012,48,4,0,0,10,61636,1924,5071,0,0,0,0,0
632,4925,633.0053961262595,99934,43,25,52,12,14298,7126,0.21438149178457783,32,29,24790,22270,4238,1941,20844,25722,43348,32219,0,0,18544,3379,7683,513,1014,48,8,0,0,11,61740,1916,5078,0,0,0,0,0
633,4925,634.1566876855234,99934,44,30,52,12,14309,7136,0.21459163047611424,40,25,24809,22330,4222,1938,20832,25664,43405,32292,0,0,18443,3364,7696,512,1019,48,10,0,0,19,61831,1900,5092,0,0,0,0,0
634,4925,635.3069825477901,99934,46,29,52,12,14316,7144,0.2147417295414974,53,28,24833,22363,4199,1940,20816,25627,43462,32364,0,0,18340,3348,7712,512,1020,48,12,0,0,30,61921,1888,5103,0,0,0,0,0
635,4925,636.0732446060372,99934,51,32,52,12,14326,7150,0.21490183521123943,53,27,24827,22372,4177,1926,20839,25630,43518,32436,0,0,18246,3327,7733,507,1026,48,14,0,0,35,62008,1878,5112,0,0,0,0,0
636,4925,637.2223870361992,99934,57,31,52,12,14343,7156,0.2151319871114936,48,28,24856,22403,4167,1920,20819,25605,43574,32507,0,0,18139,3312,7745,507,1029,48,19,0,0,45,62100,1868,5122,0,0,0,0,0
637,4925,638.3703079265684,99934,63,33,52,12,14356,7164,0.21534212580303,54,30,24869,22466,4153,1909,20808,25549,43629,32577,0,0,18036,3299,7757,508,1030,48,23,0,0,52,62192,1854,5135,0,0,0,0,0
638,4925,639.1351213362748,99934,67,34,52,12,14366,7169,0.21549222486841316,72,34,24847,22468,4142,1909,20819,25542,43684,32646,0,0,17932,3282,7772,506,1035,48,25,0,0,57,62289,1851,5137,0,0,0,0,0
639,4925,640.2826440307676,99934,82,40,52,12,14389,7181,0.21584245602097385,69,33,24892,22517,4115,1897,20789,25500,43738,32714,0,0,17830,3260,7793,507,1037,48,30,0,0,63,62380,1847,5139,0,0,0,0,0
640,4925,641.046583446284,99934,86,42,52,12,14405,7184,0.2160325815037925,72,35,24887,22532,4102,1891,20800,25487,43791,32782,0,0,17734,3245,7806,507,1041,48,33,0,0,69,62467,1834,5150,0,0,0,0,0
641,4925,642.1924480048344,99934,91,46,52,12,14428,7192,0.21634278623891767,83,38,24903,22597,4091,1883,20779,25423,43844,32849,0,0,17641,3226,7823,505,1047,49,37,0,0,81,62544,1824,5157,0,0,0,0,0
642,4925,643.3372052899961,99934,106,48,52,12,14452,7205,0.21671303060019612,79,40,24942,22647,4069,1883,20751,25369,43896,32915,0,0,17541,3209,7840,503,1050,49,41,0,0,96,62625,1821,5159,0,0,0,0,0
643,4925,644.0993024399841,99934,112,52,52,12,14469,7212,0.21695318910480918,79,45,24934,22664,4065,1876,20757,25350,43948,32981,0,0,17437,3201,7846,502,1055,49,47,0,0,99,62720,1809,5169,0,0,0,0,0
644,4925,645.2422335584267,99934,112,58,52,12,14489,7227,0.21730342025736987,94,46,24952,22703,4063,1876,20726,25304,43999,33046,0,0,17338,3187,7859,502,1056,50,53,0,0,119,62793,1800,5177,0,0,0,0,0
645,4925,646.0035975066221,99934,126,60,52,12,14512,7237,0.2176336382012128,104,47,24937,22732,4053,1875,20727,25273,44050,33110,0,0,17241,3176,7869,500,1061,50,57,0,0,129,62876,1791,5184,0,0,0,0,0
646,4925,647.1456163127573,99934,140,63,52,12,14542,7248,0.21804390897992676,112,54,24975,22772,4031,1870,20689,25228,44100,33173,0,0,17148,3164,7875,496,1072,50,60,0,0,143,62952,1784,5190,0,0,0,0,0
647,4925,648.2857491024478,99933,142,66,53,12,14572,7260,0.2184663724695546,119,53,25005,22816,4021,1869,20659,25183,44150,33236,0,0,17050,3150,7887,498,1078,50,65,0,0,166,63021,1776,5192,0,0,0,0,0
648,4925,649.0451089793077,99933,144,62,53,12,14588,7269,0.21871654008185484,121,61,25007,22837,4007,1870,20667,25157,44199,33298,0,0,16960,3129,7906,495,1084,51,74,0,0,178,63090,1769,5197,0,0,0,0,0
649,4925,650.1836609726832,99933,162,67,53,12,14627,7283,0.21924689541993136,123,69,25023,22879,4004,1867,20634,25105,44248,33359,0,0,16871,3116,7915,494,1089,52,79,0,0,198,63154,1758,5207,0,0,0,0,0
650,4925,651.3209869970261,99933,158,76,53,12,14657,7302,0.21973722394003983,138,68,25061,22931,4009,1860,20580,25052,44296,33420,0,0,16775,3096,7932,496,1091,53,94,0,0,221,63212,1748,5215,0,0,0,0,0
651,4925,652.0782240324276,99933,178,85,53,12,14689,7316,0.22019753234667228,147,65,25046,22954,4006,1859,20569,25024,44344,33480,0,0,16688,3080,7948,497,1093,53,98,0,0,231,63285,1738,5222,0,0,0,0,0
652,4925,653.2141489918632,99932,184,98,54,12,14729,7342,0.22086018492574952,156,63,25042,23005,4019,1857,20544,24964,44391,33539,0,0,16595,3065,7957,499,1098,53,107,0,0,258,63340,1727,5233,0,0,0,0,0
653,4925,654.3499307512333,99932,194,97,54,12,14769,7362,0.2214605932033783,173,66,25043,23055,4023,1870,20512,24899,44438,33598,0,0,16500,3051,7964,501,1104,54,116,0,0,290,63394,1719,5239,0,0,0,0,0
654,4925,655.1069925031646,99931,205,101,55,12,14804,7372,0.22191312005283645,173,73,25045,23093,4026,1866,20495,24854,44484,33656,0,0,16411,3039,7974,502,1107,54,121,0,0,310,63458,1709,5246,0,0,0,0,0
655,4925,656.2421710711199,99931,225,111,55,12,14850,7398,0.22263361719586514,200,77,25043,23152,4020,1873,20456,24774,44530,33713,0,0,16318,3030,7980,501,1114,54,131,0,0,335,63516,1698,5254,0,0,0,0,0
656,4925,657.3766076814456,99931,236,110,55,12,14899,7410,0.22324403838648668,218,99,25054,23190,4029,1874,20407,24714,44576,33770,0,0,16231,3010,7993,506,1121,54,143,0,0,362,63564,1685,5262,0,0,0,0,0
657,4925,658.1323285035171,99931,250,119,55,12,14936,7428,0.22379441814852247,213,100,25052,23210,4025,1869,20404,24689,44621,33826,0,0,16151,2994,8004,508,1126,54,145,0,0,385,63619,1676,5269,0,0,0,0,0
658,4925,659.2657758896754,99931,252,127,55,12,14990,7455,0.22460497743442975,224,103,25067,23254,4048,1874,20353,24629,44666,33882,0,0,16054,2986,8002,509,1143,54,157,0,0,424,63665,1665,5272,0,0,0,0,0
659,4925,660.0208922968612,99931,260,136,55,12,15025,7484,0.22524541933934414,224,94,25060,23283,4055,1882,20345,24592,44710,33937,0,0,15973,2969,8014,504,1159,54,165,0,0,452,63710,1661,5270,0,0,0,0,0
660,4925,661.1537191790517,99931,277,139,55,12,15083,7507,0.22605597862525142,235,105,25061,23340,4067,1887,20304,24516,44754,33991,0,0,15888,2957,8021,505,1170,54,174,0,0,492,63746,1650,5274,0,0,0,0,0
661,4925,662.2860239594484,99931,298,141,55,12,15152,7534,0.22701664148262302,246,117,25057,23383,4086,1904,20257,24442,44797,34045,0,0,15793,2945,8026,505,1181,54,189,0,0,538,63780,1644,5276,0,0,0,0,0
662,4925,663.0406080871654,99931,313,128,55,12,15202,7547,0.2276470764827731,245,137,25065,23390,4096,1921,20225,24411,44840,34098,0,0,15708,2923,8041,505,1190,54,203,0,0,576,63813,1641,5277,0,0,0,0,0
663,4925,664.1719859312212,99931,328,145,55,12,15271,7587,0.22873782910208043,257,136,25048,23436,4122,1931,20189,24339,44883,34151,0,0,15614,2912,8045,506,1197,56,215,0,0,628,63842,1637,5279,0,0,0,0,0
664,4925,665.3033366895446,99931,361,155,55,12,15349,7619,0.22983858862615206,278,148,25063,23463,4134,1945,20108,24276,44925,34203,0,0,15518,2901,8046,505,1210,58,233,0,0,660,63886,1634,5280,0,0,0,0,0
665,4925,666.0570462543416,99931,390,160,55,12,15409,7643,0.23067916862635218,266,160,25062,23477,4147,1958,20079,24232,44967,34255,0,0,15429,2893,8048,505,1217,59,240,0,0,691,63935,1629,5285,0,0,0,0,0
666,4925,667.1869564662383,99931,406,161,55,12,15485,7677,0.23177992815042378,292,167,25062,23513,4175,1975,20009,24171,45008,34306,0,0,15338,2880,8053,510,1228,59,259,0,0,749,63949,1617,5289,0,0,0,0,0
667,4925,668.3161576537493,99931,418,177,55,12,15567,7727,0.23310083957930972,312,190,25047,23530,4213,1994,19954,24096,45049,34356,0,0,15254,2858,8058,518,1246,60,275,0,0,809,63957,1608,5288,0,0,0,0,0
668,4925,669.0689553765823,99931,432,190,55,12,15617,7764,0.23397144029380273,345,187,25022,23545,4222,2005,19923,24060,45090,34406,0,0,15166,2846,8065,520,1252,61,290,0,0,844,63995,1600,5292,0,0,0,0,0
669,4925,670.1986801084895,99931,450,234,55,12,15717,7835,0.23568262100849585,357,168,25013,23563,4258,2019,19866,24003,45130,34455,0,0,15093,2827,8072,523,1273,62,299,0,0,915,63987,1589,5291,0,0,0,0,0
670,4925,671.3281114111031,99931,474,266,55,12,15814,7896,0.23726371196125326,379,165,25001,23592,4300,2034,19790,23930,45170,34504,0,0,15003,2811,8080,525,1283,64,324,0,0,973,63993,1577,5298,0,0,0,0,0
671,4925,672.081078167268,99931,493,268,55,12,15882,7926,0.23824438862815342,392,183,24959,23594,4330,2051,19770,23891,45209,34552,0,0,14923,2795,8086,528,1294,66,337,0,0,1018,64015,1569,5300,0,0,0,0,0
672,4925,673.2114953901787,99931,522,270,55,12,15998,7986,0.240005603866668,393,190,24953,23629,4386,2091,19690,23807,45248,34600,0,0,14831,2771,8092,539,1313,66,364,0,0,1106,63992,1560,5297,0,0,0,0,0
673,4925,674.3416636955709,99930,546,282,56,12,16114,8040,0.24170919643750624,415,196,24932,23657,4449,2121,19601,23731,45287,34647,0,0,14737,2759,8086,541,1335,67,391,0,0,1187,63977,1552,5298,0,0,0,0,0
674,4925,675.0953159125129,99929,570,291,57,12,16199,8082,0.24298251758748712,431,200,24883,23657,4487,2146,19571,23693,45325,34694,0,0,14658,2742,8095,545,1345,67,406,0,0,1250,63976,1544,5301,0,0,0,0,0
675,4925,676.2275115389446,99928,614,295,58,12,16337,8142,0.2449663757905692,454,213,24841,23682,4539,2188,19493,23609,45363,34740,0,0,14570,2728,8097,546,1366,70,438,0,0,1339,63942,1529,5303,0,0,0,0,0
676,4925,677.3606873234992,99928,623,306,58,12,16458,8204,0.24679769433992474,495,226,24807,23712,4622,2222,19394,23521,45401,34786,0,0,14479,2715,8089,554,1395,70,462,0,0,1435,63909,1515,5305,0,0,0,0,0
677,4925,678.1163553020491,99928,642,320,58,12,16543,8247,0.24807861660395486,533,240,24765,23718,4653,2238,19348,23471,45438,34831,0,0,14402,2697,8099,556,1406,70,483,0,0,1495,63904,1505,5311,0,0,0,0,0
678,4925,679.2512638440809,99927,703,327,58,13,16697,8311,0.25026269176498844,557,254,24709,23737,4715,2277,19257,23391,45475,34876,0,0,14318,2678,8102,560,1437,71,507,0,0,1579,63877,1496,5302,0,0,0,0,0
679,4925,680.008638410319,99927,726,338,58,13,16805,8350,0.2517337656489237,576,277,24683,23730,4763,2288,19193,23353,45511,34920,0,0,14240,2663,8102,563,1459,71,524,0,0,1648,63868,1488,5301,0,0,0,0,0
680,4925,681.1451049548474,99927,769,358,58,13,16972,8431,0.2542155773714812,589,297,24639,23723,4847,2337,19097,23271,45547,34964,0,0,14150,2645,8092,572,1495,73,551,0,0,1753,63823,1479,5294,0,0,0,0,0
681,4925,682.2828397035147,99927,808,395,58,13,17154,8526,0.25698760094869255,591,297,24589,23737,4944,2381,19009,23176,45583,35007,0,0,14048,2631,8084,579,1528,76,592,0,0,1864,63771,1467,5287,0,0,0,0,0
682,4925,683.0420978704789,99927,828,392,58,13,17260,8572,0.25850871135929226,625,320,24534,23763,4995,2422,18959,23089,45618,35050,0,0,13974,2609,8090,584,1547,76,608,0,0,1956,63735,1463,5285,0,0,0,0,0
683,4925,684.1829066665581,99926,923,407,59,13,17465,8658,0.26142345335548306,649,330,24468,23785,5071,2475,18829,22989,45653,35092,0,0,13879,2597,8088,587,1562,77,639,0,0,2084,63670,1457,5286,0,0,0,0,0
684,4925,685.3250610120273,99925,968,436,60,13,17684,8753,0.2645684263197398,658,336,24390,23794,5203,2520,18720,22900,45688,35134,0,0,13765,2577,8083,597,1590,82,691,0,0,2218,63597,1448,5277,0,0,0,0,0
685,4925,686.0879907686982,99922,1008,460,63,13,17810,8816,0.26646784491903686,695,364,24328,23782,5250,2550,18655,22830,45722,35175,0,0,13677,2565,8080,602,1611,82,716,0,0,2286,63587,1441,5275,0,0,0,0,0
686,4925,687.2343289637472,99920,1058,494,64,14,18019,8932,0.2697257806244996,706,373,24241,23778,5372,2616,18558,22724,45756,35216,0,0,13579,2543,8074,622,1643,85,751,0,0,2428,63504,1430,5261,0,0,0,0,0
687,4925,688.0001742530526,99920,1076,523,64,14,18141,9012,0.2717473979183347,758,383,24183,23746,5432,2652,18486,22681,45790,35257,0,0,13495,2530,8065,625,1670,85,777,0,0,2526,63464,1422,5261,0,0,0,0,0
688,4925,689.1509653169903,99918,1127,547,65,15,18372,9133,0.27527572609539824,782,386,24097,23759,5562,2726,18366,22566,45823,35297,0,0,13387,2512,8050,635,1720,87,828,0,0,2680,63361,1413,5245,0,0,0,0,0
689,4925,690.3044597998319,99916,1168,586,67,15,18595,9263,0.2788142039313023,852,393,23989,23743,5681,2803,18242,22459,45856,35337,0,0,13290,2495,8037,653,1763,87,863,0,0,2847,63249,1399,5233,0,0,0,0,0
690,4925,691.0752214815722,99916,1194,610,67,15,18752,9339,0.28114616277673243,904,426,23888,23715,5767,2839,18179,22394,45889,35376,0,0,13192,2473,8040,663,1780,90,906,0,0,2954,63197,1394,5227,0,0,0,0,0
691,4925,692.2356174101853,99914,1283,635,68,16,19029,9470,0.28523530236002964,957,448,23777,23713,5888,2917,18026,22270,45922,35415,0,0,13081,2455,8023,673,1824,94,960,0,0,3120,63078,1385,5221,0,0,0,0,0
692,4925,693.0111571986581,99914,1298,665,68,16,19208,9555,0.28787757471425424,1015,475,23680,23686,6006,2964,17932,22193,45954,35453,0,0,12988,2443,8007,682,1869,94,998,0,0,3236,63009,1370,5218,0,0,0,0,0
693,4925,694.1779585057591,99911,1351,704,70,17,19502,9702,0.29230014713094654,1039,492,23574,23665,6188,3050,17777,22071,45986,35491,0,0,12863,2422,7987,701,1922,99,1062,0,0,3428,62871,1358,5198,0,0,0,0,0
694,4925,695.3484561604583,99910,1446,721,71,17,19824,9849,0.296997297567811,1089,535,23435,23665,6350,3153,17608,21908,46018,35529,0,0,12737,2403,7965,714,1987,101,1128,0,0,3624,62727,1349,5175,0,0,0,0,0
695,4925,696.1311794920779,99908,1525,732,72,18,20046,9940,0.3001361252352164,1115,572,23339,23624,6447,3209,17501,21844,46049,35566,0,0,12651,2386,7968,720,2011,106,1160,0,0,3762,62636,1340,5168,0,0,0,0,0
696,4925,697.3094015639455,99905,1594,785,75,18,20390,10125,0.3054401681597518,1156,595,23184,23575,6656,3324,17334,21702,46080,35603,0,0,12524,2362,7948,747,2072,111,1227,0,0,3990,62458,1325,5141,0,0,0,0,0
697,4925,698.0978600667352,99905,1664,815,75,18,20630,10247,0.30906361042990843,1210,606,23048,23557,6777,3399,17225,21604,46111,35639,0,0,12424,2350,7934,755,2106,116,1270,0,0,4150,62350,1317,5133,0,0,0,0,0
698,4925,699.2862448231413,99905,1746,853,75,18,20988,10427,0.3144487262899755,1283,608,22893,23519,6962,3520,17040,21481,46142,35675,0,0,12293,2328,7911,778,2168,120,1346,0,0,4385,62158,1302,5116,0,0,0,0,0
699,4925,700.0817658897796,99904,1795,861,76,18,21257,10539,0.318265534913517,1308,636,22778,23490,7121,3599,16921,21395,46172,35711,0,0,12186,2312,7898,789,2210,126,1399,0,0,4581,62009,1291,5103,0,0,0,0,0
700,4925,701.2806796556596,99904,1912,905,76,18,21682,10736,0.3244915118513773,1334,646,22598,23445,7347,3721,16732,21264,46202,35746,0,0,12046,2290,7872,806,2275,133,1488,0,0,4846,61785,1281,5082,0,0,0,0,0
701,4925,702.0836534735352,99904,1961,933,76,18,21951,10869,0.3285153747597694,1370,662,22481,23413,7507,3804,16604,21169,46232,35781,0,0,11940,2269,7860,823,2319,135,1539,0,0,5037,61636,1270,5076,0,0,0,0,0
702,4925,703.294790938201,99903,2013,961,76,19,22345,11068,0.3344544207881645,1446,684,22286,23376,7755,3943,16423,21016,46261,35816,0,0,11814,2242,7840,857,2385,139,1614,0,0,5350,61359,1249,5054,0,0,0,0,0
703,4925,704.1069500619328,99902,2055,979,77,19,22641,11205,0.33879201617585236,1423,704,22178,23354,7944,4033,16322,20910,46290,35850,0,0,11715,2226,7815,863,2451,141,1664,0,0,5582,61164,1241,5040,0,0,0,0,0
704,4925,705.3314428821859,99900,2133,1009,79,19,23089,11424,0.34547547547547547,1464,734,21992,23294,8219,4188,16112,20755,46319,35884,0,0,11583,2205,7779,889,2533,151,1749,0,0,5904,60866,1220,5021,0,0,0,0,0
705,4925,706.1521308537451,99899,2220,1012,80,19,23432,11552,0.3501936956325889,1464,781,21858,23246,8403,4290,15974,20651,46348,35917,0,0,11490,2185,7764,911,2591,153,1789,0,0,6140,60663,1208,5005,0,0,0,0,0
706,4925,707.3904405144561,99894,2289,1042,85,19,23895,11778,0.35710853504714996,1542,838,21645,23157,8669,4454,15769,20489,46376,35950,0,0,11366,2161,7731,935,2678,161,1863,0,0,6501,60329,1195,4974,0,0,0,0,0
707,4925,708.2211759551082,99892,2355,1093,86,20,24243,11959,0.362411404316662,1608,824,21494,23092,8848,4559,15608,20411,46404,35983,0,0,11263,2140,7710,952,2737,165,1917,0,0,6761,60106,1185,4956,0,0,0,0,0
708,4925,709.0562543389857,99891,2395,1156,87,20,24577,12148,0.36765073930584335,1675,820,21309,23033,9069,4662,15464,20308,46432,36015,0,0,11150,2123,7697,967,2795,171,1974,0,0,7007,59891,1175,4941,0,0,0,0,0
709,4925,710.3187113997686,99891,2466,1200,87,20,25097,12405,0.3754292178474537,1744,855,21089,22967,9374,4824,15239,20133,46460,36047,0,0,10997,2095,7650,998,2900,182,2078,0,0,7370,59544,1157,4920,0,0,0,0,0
710,4925,711.166522165311,99889,2511,1220,89,20,25458,12563,0.3806325020773058,1779,892,20926,22941,9582,4934,15112,19992,46487,36079,0,0,10876,2069,7619,1025,2977,188,2147,0,0,7609,59330,1146,4903,0,0,0,0,0
711,4925,712.0193047945135,99888,2580,1240,90,20,25823,12742,0.386082412301778,1799,952,20777,22860,9768,5059,14985,19868,46514,36110,0,0,10752,2045,7602,1042,3040,194,2221,0,0,7870,59097,1139,4886,0,0,0,0,0
712,4925,713.3084168066148,99888,2658,1344,90,20,26357,13062,0.39463198782636555,1891,946,20519,22771,10074,5218,14767,19700,46541,36141,0,0,10608,2019,7562,1077,3137,209,2311,0,0,8250,58736,1121,4858,0,0,0,0,0
713,4925,714.1742953655764,99888,2767,1400,90,20,26778,13288,0.4011092423514336,1906,981,20358,22682,10283,5341,14595,19575,46568,36172,0,0,10481,1998,7534,1094,3225,219,2388,0,0,8489,58512,1112,4836,0,0,0,0,0
714,4925,715.0455736421638,99886,2828,1402,92,20,27181,13486,0.4071341329115191,1941,1002,20184,22625,10502,5493,14452,19457,46594,36202,0,0,10363,1985,7495,1104,3325,229,2450,0,0,8791,58232,1105,4807,0,0,0,0,0
715,4925,716.362956565383,99883,2964,1489,93,22,27838,13818,0.4170479460969334,1928,1055,19952,22526,10843,5665,14219,19242,46620,36232,0,0,10217,1959,7434,1138,3456,244,2543,0,0,9216,57812,1089,4775,0,0,0,0,0
716,4925,717.2483107317729,99882,3011,1572,94,22,28291,14077,0.4241805330289742,1951,1058,19777,22447,11128,5803,14038,19097,46646,36262,0,0,10091,1936,7402,1170,3550,257,2619,0,0,9526,57515,1069,4747,0,0,0,0,0
717,4925,718.1399448963602,99882,3034,1606,94,22,28720,14323,0.43093850743877776,1983,1085,19589,22359,11413,5968,13886,18959,46672,36291,0,0,9973,1913,7348,1201,3663,267,2681,0,0,9872,57187,1055,4722,0,0,0,0,0
718,4925,719.0391342019237,99878,3117,1653,96,24,29167,14554,0.43774404773824066,2027,1112,19369,22278,11660,6108,13730,18824,46697,36320,0,0,9846,1895,7310,1223,3751,281,2754,0,0,10155,56912,1044,4707,0,0,0,0,0
719,4925,720.4026061983274,99873,3224,1703,99,26,29881,14935,0.4487298869564347,2092,1106,19112,22185,12041,6373,13431,18606,46722,36349,0,0,9675,1864,7242,1265,3910,307,2861,0,0,10654,56406,1033,4656,0,0,0,0,0
720,4925,721.3198847136175,99872,3276,1731,100,26,30358,15191,0.456073774431272,2150,1140,18898,22090,12324,6556,13251,18456,46747,36378,0,0,9536,1846,7201,1289,4015,323,2953,0,0,10999,56061,1012,4637,0,0,0,0,0
721,4925,722.2450808015287,99871,3341,1732,101,26,30868,15439,0.4636681318901383,2176,1162,18698,21995,12616,6758,13067,18326,46772,36406,0,0,9392,1822,7153,1321,4133,335,3035,0,0,11364,55701,999,4616,0,0,0,0,0
722,4925,723.1796932861133,99869,3396,1776,102,27,31379,15726,0.4716678849292573,2208,1161,18499,21931,12900,6943,12894,18161,46797,36434,0,0,9248,1799,7115,1354,4235,361,3121,0,0,11729,55341,987,4579,0,0,0,0,0
723,4925,724.122972385689,99866,3446,1843,104,28,31876,16034,0.4797428554262712,2243,1137,18302,21848,13179,7133,12725,18010,46821,36462,0,0,9128,1782,7068,1386,4359,374,3183,0,0,12106,54961,971,4548,0,0,0,0,0
724,4925,725.0751851421555,99862,3510,1920,108,28,32401,16330,0.48798341711561954,2321,1144,18080,21733,13452,7292,12528,17882,46845,36489,0,0,8998,1761,7016,1413,4491,387,3262,0,0,12446,54608,955,4525,0,0,0,0,0
725,4925,726.0363796999129,99860,3606,1895,110,28,32978,16583,0.49630482675746046,2334,1208,17868,21628,13765,7513,12316,17727,46869,36516,0,0,8854,1737,6984,1446,4579,415,3350,0,0,12881,54179,943,4492,0,0,0,0,0
726,4925,727.0074946625796,99860,3675,1898,110,28,33535,16888,0.5049369116763469,2334,1252,17684,21486,14052,7760,12144,17575,46893,36543,0,0,8707,1716,6934,1476,4759,426,3437,0,0,13252,53777,934,4442,0,0,0,0,0
727,4925,728.4821209583577,99857,3753,2003,111,30,34408,17386,0.5186817148522387,2339,1250,17365,21313,14577,8057,11854,17346,46917,36570,0,0,8520,1674,6857,1554,4981,462,3548,0,0,13791,53168,904,4398,0,0,0,0,0
728,4925,729.4787140216514,99851,3821,2041,116,31,35020,17712,0.5281068792500826,2338,1264,17115,21208,14930,8269,11679,17186,46940,36596,0,0,8386,1653,6809,1588,5141,476,3626,0,0,14226,52706,884,4356,0,0,0,0,0
729,4925,730.4877180067857,99849,3837,2066,117,32,35596,18047,0.5372412342637383,2354,1261,16909,21109,15297,8498,11485,17033,46963,36622,0,0,8243,1621,6759,1631,5305,499,3709,0,0,14653,52247,869,4313,0,0,0,0,0
730,4925,731.5081221834621,99845,3917,2088,118,35,36212,18369,0.5466573188442085,2361,1306,16695,20970,15619,8723,11289,16877,46986,36648,0,0,8103,1597,6710,1673,5449,529,3787,0,0,15062,51809,855,4271,0,0,0,0,0
731,4925,732.0228653440344,99844,3994,2057,119,35,36541,18508,0.5513501061656184,2372,1352,16579,20902,15742,8849,11193,16804,47009,36673,0,0,8021,1576,6695,1694,5528,541,3822,0,0,15274,51598,849,4246,0,0,0,0,0
732,4925,733.0615016455894,99844,4048,2038,119,35,37166,18814,0.5606746524578342,2416,1404,16353,20802,16092,9087,10971,16633,47032,36698,0,0,7880,1557,6639,1729,5714,563,3907,0,0,15706,51119,831,4199,0,0,0,0,0
733,4925,734.112363500139,99842,4080,2112,121,35,37826,19181,0.5709721359748402,2447,1396,16125,20709,16452,9297,10774,16450,47054,36723,0,0,7733,1534,6585,1771,5887,589,3995,0,0,16139,50628,810,4171,0,0,0,0,0
734,4925,735.165041001449,99837,4101,2199,126,35,38480,19575,0.581497841481615,2434,1371,15918,20597,16841,9507,10579,16290,47076,36748,0,0,7567,1503,6524,1827,6073,616,4088,0,0,16543,50165,796,4135,0,0,0,0,0
735,4925,736.1932791334065,99832,4138,2234,130,36,39112,19930,0.5914135748056736,2504,1389,15691,20503,17149,9737,10387,16100,47098,36772,0,0,7427,1477,6477,1880,6212,650,4161,0,0,17001,49660,780,4107,0,0,0,0,0
736,4925,737.1989930945217,99830,4188,2310,131,37,39748,20310,0.6016027246318741,2477,1373,15475,20400,17486,9954,10242,15925,47120,36796,0,0,7296,1454,6427,1917,6379,681,4233,0,0,17430,49181,766,4066,0,0,0,0,0
737,4925,738.1854961982759,99829,4192,2258,132,37,40344,20606,0.6105440302917989,2505,1433,15265,20280,17832,10204,10073,15787,47142,36820,0,0,7125,1426,6371,1957,6583,704,4349,0,0,17825,48717,750,4022,0,0,0,0,0
738,4925,739.1520071356163,99827,4224,2304,134,37,40952,20958,0.6201728991154698,2481,1407,15117,20188,18141,10421,9902,15642,47163,36844,0,0,7006,1400,6312,2001,6779,734,4400,0,0,18202,48266,743,3984,0,0,0,0,0
739,4925,740.1015189236118,99826,4268,2295,135,37,41544,21265,0.6291847815198446,2477,1456,14941,20068,18442,10642,9736,15501,47184,36867,0,0,6885,1378,6239,2050,6972,760,4455,0,0,18580,47833,724,3950,0,0,0,0,0
740,4925,741.0350937904916,99826,4264,2338,135,37,42124,21600,0.638350730270671,2477,1439,14759,19978,18773,10853,9591,15354,47205,36890,0,0,6771,1366,6175,2084,7168,793,4503,0,0,18958,47386,706,3916,0,0,0,0,0
741,4925,742.4048480579186,99823,4303,2319,137,38,42991,22039,0.651453071937329,2438,1425,14542,19876,19233,11185,9346,15156,47226,36913,0,0,6598,1336,6087,2145,7422,850,4602,0,0,19507,46723,688,3865,0,0,0,0,0
742,4925,743.2991991505237,99822,4293,2377,138,38,43512,22397,0.6602652721844884,2435,1358,14390,19791,19537,11405,9206,15030,47247,36936,0,0,6504,1323,6038,2164,7611,897,4638,0,0,19838,46307,680,3822,0,0,0,0,0
743,4925,744.1798377937638,99821,4270,2364,138,39,44020,22697,0.6683663758127047,2471,1356,14246,19704,19798,11627,9076,14909,47267,36959,0,0,6386,1302,5990,2193,7791,932,4691,0,0,20202,45880,675,3779,0,0,0,0,0
744,4925,745.0487714779571,99819,4281,2390,140,39,44567,23013,0.6770254160029654,2429,1338,14111,19612,20082,11834,8956,14786,47287,36981,0,0,6276,1283,5934,2232,7972,967,4733,0,0,20540,45471,667,3744,0,0,0,0,0
745,4925,746.3294600247373,99816,4214,2375,142,40,45331,23454,0.6891179770778232,2413,1365,13878,19490,20588,12147,8764,14582,47307,37003,0,0,6108,1255,5861,2273,8262,1016,4837,0,0,21050,44815,646,3693,0,0,0,0,0
746,4925,747.1664586970226,99813,4202,2375,145,40,45834,23736,0.6970033963511767,2434,1386,13749,19412,20820,12340,8649,14446,47327,37025,0,0,5999,1230,5826,2297,8408,1062,4895,0,0,21383,44407,638,3668,0,0,0,0,0
747,4925,748.4026261925135,99812,4239,2369,146,40,46606,24151,0.7089027371458342,2411,1415,13555,19320,21192,12602,8456,14253,47347,37047,0,0,5848,1208,5761,2345,8650,1120,4966,0,0,21829,43840,621,3624,0,0,0,0,0
748,4925,749.2145037228789,99811,4261,2384,147,40,47118,24434,0.7168748935488073,2390,1433,13417,19233,21429,12776,8355,14133,47367,37068,0,0,5752,1189,5705,2367,8834,1161,5005,0,0,22100,43487,615,3596,0,0,0,0,0
749,4925,750.016868414627,99809,4304,2404,148,41,47609,24722,0.7246941658567865,2395,1421,13247,19167,21646,12933,8259,14033,47386,37089,0,0,5664,1175,5667,2393,8989,1196,5041,0,0,22392,43123,605,3564,0,0,0,0,0
750,4925,751.2041656455078,99806,4272,2395,150,42,48283,25131,0.7355669999799611,2385,1416,13092,19065,22018,13228,8082,13853,47405,37110,0,0,5537,1152,5598,2442,9210,1274,5099,0,0,22811,42579,586,3518,0,0,0,0,0
751,4925,752.371735292388,99804,4236,2420,151,43,48979,25557,0.7468237745982125,2295,1392,12974,18973,22392,13475,7951,13696,47424,37131,0,0,5421,1126,5542,2485,9466,1345,5149,0,0,23200,42029,574,3467,0,0,0,0,0
752,4925,753.1404943388378,99803,4196,2402,152,43,49396,25805,0.7534943839363546,2280,1385,12898,18919,22610,13641,7863,13609,47443,37152,0,0,5345,1108,5499,2518,9632,1380,5164,0,0,23485,41664,568,3440,0,0,0,0,0
753,4925,754.2809170967911,99798,4162,2436,156,44,50023,26211,0.7638830437483717,2294,1382,12769,18829,22899,13871,7719,13437,47462,37172,0,0,5249,1085,5440,2561,9878,1447,5187,0,0,23823,41182,555,3391,0,0,0,0,0
754,4925,755.0332028129825,99798,4143,2451,156,44,50434,26473,0.7706266658650474,2322,1358,12655,18782,23087,14019,7636,13345,47481,37192,0,0,5168,1070,5402,2593,10041,1488,5204,0,0,24049,40887,546,3350,0,0,0,0,0
755,4925,756.1501258931934,99797,4110,2436,157,44,51084,26859,0.7810154613866148,2286,1363,12553,18698,23396,14257,7497,13201,47500,37212,0,0,5051,1052,5334,2621,10298,1562,5257,0,0,24402,40388,529,3303,0,0,0,0,0
756,4925,757.2529982092989,99793,4075,2399,158,47,51705,27234,0.791027426773421,2239,1340,12474,18599,23686,14546,7367,13068,47518,37232,0,0,4931,1031,5260,2665,10552,1624,5293,0,0,24759,39898,519,3261,0,0,0,0,0
757,4925,758.3439648640683,99791,4022,2416,159,48,52298,27617,0.8008237215780982,2228,1331,12358,18513,23988,14763,7244,12928,47536,37252,0,0,4841,1009,5202,2687,10822,1691,5314,0,0,25040,39449,511,3225,0,0,0,0,0
758,4925,759.0641820111877,99789,4014,2402,160,49,52689,27845,0.807042860435519,2215,1336,12291,18451,24143,14922,7176,12839,47554,37271,0,0,4772,996,5170,2714,10975,1741,5330,0,0,25227,39168,504,3192,0,0,0,0,0
759,4925,760.1354127170225,99788,4028,2437,161,49,53283,28213,0.816691385737764,2180,1307,12212,18384,24370,15110,7048,12712,47572,37290,0,0,4680,979,5127,2763,11196,1798,5341,0,0,25489,38762,494,3159,0,0,0,0,0
760,4925,761.1968644792684,99785,4013,2434,162,51,53873,28585,0.8263566668336925,2122,1264,12131,18313,24643,15355,6928,12582,47590,37309,0,0,4590,960,5078,2798,11431,1874,5368,0,0,25767,38322,480,3117,0,0,0,0,0
761,4925,762.2482396623088,99782,3976,2391,165,51,54454,28916,0.8355214367320759,2074,1272,12045,18234,24901,15583,6838,12468,47608,37328,0,0,4485,942,5023,2832,11654,1946,5397,0,0,26068,37871,474,3090,0,0,0,0,0
762,4925,763.2896675266652,99781,3926,2367,166,51,54991,29217,0.8439282027640532,2075,1288,11949,18166,25150,15777,6733,12350,47625,37347,0,0,4400,927,4968,2863,11850,2022,5417,0,0,26359,37451,467,3057,0,0,0,0,0
763,4925,764.3217305396661,99779,3895,2354,167,52,55501,29557,0.8524639453191554,2065,1272,11868,18108,25370,15993,6634,12220,47642,37366,0,0,4312,916,4907,2915,12039,2100,5427,0,0,26613,37065,454,3031,0,0,0,0,0
764,4925,765.005090060802,99776,3832,2321,169,53,55826,29765,0.8578315426555484,2103,1268,11813,18069,25509,16135,6573,12153,47659,37384,0,0,4255,903,4872,2941,12202,2142,5420,0,0,26799,36792,451,2999,0,0,0,0,0
765,4925,766.0235080152783,99773,3846,2309,170,55,56369,30080,0.8664568570655388,2055,1269,11734,18039,25725,16305,6469,12022,47676,37402,0,0,4171,885,4813,2957,12428,2214,5448,0,0,27007,36445,445,2960,0,0,0,0,0
766,4925,767.0340526535151,99770,3788,2299,172,56,56885,30386,0.8747218602786409,2014,1270,11677,17960,25964,16479,6384,11935,47693,37420,0,0,4086,870,4759,2971,12689,2274,5478,0,0,27202,36079,436,2926,0,0,0,0,0
767,4925,768.0368366429394,99769,3730,2278,173,56,57372,30695,0.8827090579238039,2005,1229,11621,17923,26179,16683,6291,11830,47710,37438,0,0,4019,849,4716,3006,12957,2333,5477,0,0,27368,35724,429,2891,0,0,0,0,0
768,4925,769.0321353818288,99767,3674,2223,173,58,57888,30986,0.8908156003488127,1956,1208,11517,17879,26470,16892,6209,11739,47727,37456,0,0,3935,839,4664,3021,13218,2401,5490,0,0,27573,35348,426,2852,0,0,0,0,0
769,4925,770.0187811852651,99765,3609,2225,174,59,58374,31300,0.8988523029118428,1884,1186,11465,17831,26747,17057,6120,11641,47744,37473,0,0,3855,818,4619,3059,13420,2483,5500,0,0,27764,35003,421,2823,0,0,0,0,0
770,4925,771.3218171904635,99765,3615,2158,174,59,59031,31667,0.9091164235954493,1793,1170,11401,17777,27009,17318,6007,11517,47760,37490,0,0,3749,802,4558,3092,13711,2560,5529,0,0,28029,34542,415,2778,0,0,0,0,0
771,4925,772.291718532913,99765,3513,2179,174,59,59432,31983,0.9163033127850448,1841,1152,11318,17708,27216,17473,5937,11428,47776,37507,0,0,3673,792,4525,3110,13874,2643,5537,0,0,28237,34208,406,2760,0,0,0,0,0
772,4925,773.2554148358173,99764,3479,2215,174,60,59859,32263,0.9233992221643078,1838,1120,11286,17682,27354,17591,5868,11331,47792,37524,0,0,3609,780,4484,3127,14068,2705,5548,0,0,28385,33929,400,2729,0,0,0,0,0
773,4925,774.2142907087353,99759,3437,2243,178,61,60270,32547,0.9304122936276427,1782,1086,11241,17678,27537,17709,5824,11222,47808,37541,0,0,3547,773,4431,3139,14260,2773,5553,0,0,28534,33654,394,2701,0,0,0,0,0
774,4925,775.1678268852363,99756,3422,2184,179,63,60736,32808,0.9377280564577569,1772,1069,11188,17646,27698,17896,5740,11141,47824,37558,0,0,3487,757,4390,3162,14474,2844,5552,0,0,28690,33331,385,2684,0,0,0,0,0
775,4925,776.1164859483939,99752,3411,2151,182,64,61161,33057,0.9445224155906649,1732,1043,11159,17631,27839,18037,5676,11073,47840,37574,0,0,3409,745,4365,3187,14650,2908,5571,0,0,28826,33051,380,2660,0,0,0,0,0
776,4925,777.0612145717897,99748,3323,2094,186,64,61579,33326,0.9514476480731443,1690,1005,11137,17606,28046,18243,5617,10987,47856,37590,0,0,3352,731,4323,3210,14834,3000,5562,0,0,29017,32709,376,2634,0,0,0,0,0
777,4925,778.0012652068275,99748,3247,2071,186,64,61948,33576,0.9576532862814292,1669,994,11099,17574,28242,18398,5556,10898,47871,37606,0,0,3290,725,4284,3229,15030,3059,5567,0,0,29164,32415,371,2614,0,0,0,0,0
778,4925,779.2470852512174,99746,3185,2005,187,65,62461,33870,0.9657630381168167,1657,1027,11055,17530,28442,18610,5473,10762,47886,37622,0,0,3219,712,4225,3250,15279,3147,5576,0,0,29348,32040,360,2590,0,0,0,0,0
779,4925,780.1765766617647,99746,3145,1990,187,65,62836,34133,0.9721592845828404,1618,1006,11016,17502,28598,18747,5435,10689,47901,37638,0,0,3169,702,4189,3256,15465,3215,5576,0,0,29482,31765,355,2572,0,0,0,0,0
780,4925,781.1020615792431,99744,3094,1960,189,65,63214,34340,0.9780437921077959,1566,1012,11008,17497,28752,18871,5390,10594,47916,37654,0,0,3124,685,4162,3280,15653,3271,5560,0,0,29606,31502,349,2552,0,0,0,0,0
781,4925,782.0238543386131,99741,3028,1952,190,67,63574,34577,0.9840587120642464,1564,983,11002,17479,28888,18994,5327,10524,47931,37670,0,0,3066,677,4133,3292,15805,3357,5566,0,0,29726,31252,345,2522,0,0,0,0,0
782,4925,783.2478265049263,99740,2941,1899,191,67,64029,34875,0.9916182073390816,1568,1010,10982,17430,29064,19183,5253,10410,47946,37685,0,0,3002,668,4090,3312,16027,3450,5565,0,0,29897,30885,342,2502,0,0,0,0,0
783,4925,784.161804573102,99738,2905,1837,193,67,64388,35061,0.9971024083097716,1567,1034,10976,17418,29167,19306,5191,10337,47961,37700,0,0,2958,659,4067,3328,16199,3520,5559,0,0,29986,30645,332,2485,0,0,0,0,0
784,4925,785.0731052288616,99733,2859,1853,196,69,64732,35319,1.0031885133305927,1515,983,10976,17396,29294,19429,5159,10269,47976,37715,0,0,2915,650,4038,3349,16340,3600,5541,0,0,30091,30416,329,2464,0,0,0,0,0
785,4925,786.2841118995284,99733,2865,1823,196,69,65188,35638,1.0109592612274774,1467,918,10961,17387,29413,19618,5097,10184,47991,37730,0,0,2858,641,3996,3375,16533,3687,5534,0,0,30254,30095,323,2437,0,0,0,0,0
786,4925,787.1900222778447,99732,2827,1826,196,70,65503,35843,1.016183371435447,1483,903,10947,17397,29502,19687,5044,10116,48005,37745,0,0,2816,636,3970,3376,16709,3745,5533,0,0,30302,29903,321,2421,0,0,0,0,0
787,4925,788.0935315415503,99732,2813,1770,196,70,65875,36048,1.0219688765892592,1411,880,10945,17392,29641,19820,4993,10067,48019,37760,0,0,2773,623,3942,3389,16889,3806,5523,0,0,30422,29652,316,2397,0,0,0,0,0
788,4925,789.2941100466635,99731,2731,1730,197,70,66282,36314,1.0287272763734445,1415,854,10946,17400,29775,19952,4935,9993,48033,37775,0,0,2730,610,3894,3419,17100,3900,5502,0,0,30534,29357,313,2372,0,0,0,0,0
789,4925,790.192111070911,99729,2715,1692,199,70,66592,36499,1.0337113577795827,1386,852,10943,17397,29855,20052,4901,9936,48047,37789,0,0,2687,604,3872,3418,17247,3966,5503,0,0,30615,29161,308,2348,0,0,0,0,0
790,4925,791.0883502580879,99729,2674,1693,199,70,66902,36692,1.0387550261207874,1336,825,10965,17425,29963,20103,4862,9883,48061,37803,0,0,2645,596,3848,3434,17381,4041,5493,0,0,30668,28985,302,2336,0,0,0,0,0
791,4925,792.280181439642,99729,2562,1713,199,70,67265,36969,1.0451724172507495,1345,763,10979,17431,30105,20214,4809,9808,48075,37817,0,0,2600,590,3814,3452,17582,4141,5477,0,0,30706,28753,297,2317,0,0,0,0,0
792,4925,793.1714680163652,99728,2509,1688,199,71,67545,37148,1.0497854163324243,1349,751,10979,17435,30186,20299,4777,9755,48089,37831,0,0,2568,579,3798,3449,17706,4209,5468,0,0,30818,28538,296,2299,0,0,0,0,0
793,4925,794.0609644534236,99726,2490,1668,201,71,67836,37330,1.0545494655355674,1324,740,10996,17448,30251,20381,4737,9691,48103,37845,0,0,2536,571,3768,3450,17864,4266,5461,0,0,30874,28359,291,2286,0,0,0,0,0
794,4925,795.2449815857107,99725,2479,1646,201,72,68246,37548,1.0608573577337679,1307,742,11019,17451,30311,20477,4682,9611,48117,37859,0,0,2487,564,3733,3476,18019,4352,5443,0,0,30956,28140,287,2268,0,0,0,0,0
795,4925,796.1318033586859,99724,2473,1585,201,73,68530,37703,1.0652701456018612,1255,741,11031,17459,30382,20583,4657,9558,48130,37873,0,0,2451,561,3712,3488,18153,4411,5436,0,0,31020,27949,283,2260,0,0,0,0,0
796,4925,797.0174407445581,99723,2414,1559,202,73,68804,37895,1.0699537719482968,1221,700,11033,17480,30488,20683,4641,9504,48143,37887,0,0,2408,556,3695,3483,18291,4478,5435,0,0,31098,27756,278,2245,0,0,0,0,0
797,4925,798.1956249736061,99722,2329,1508,203,73,69152,38093,1.0754397224283507,1187,735,11041,17484,30643,20774,4596,9425,48156,37900,0,0,2368,549,3663,3522,18440,4573,5407,0,0,31181,27521,271,2227,0,0,0,0,0
798,4925,799.0768664712172,99721,2270,1469,203,74,69395,38238,1.079341362401099,1181,747,11080,17482,30699,20850,4566,9377,48169,37913,0,0,2334,542,3647,3547,18538,4642,5386,0,0,31247,27356,265,2217,0,0,0,0,0
799,4925,800.2505215013908,99720,2248,1451,203,75,69752,38458,1.0851383874849578,1146,710,11124,17496,30764,20956,4514,9311,48182,37926,0,0,2299,538,3627,3562,18671,4727,5364,0,0,31342,27132,259,2199,0,0,0,0,0
800,4925,801.1299477313258,99720,2242,1422,203,75,70004,38617,1.0892599277978339,1149,694,11140,17532,30785,21024,4480,9252,48195,37939,0,0,2274,534,3601,3559,18774,4799,5354,0,0,31406,26982,254,2183,0,0,0,0,0
801,4925,802.0087473494892,99719,2212,1376,204,75,70263,38778,1.0934826863486398,1112,671,11171,17573,30847,21106,4453,9198,48208,37952,0,0,2243,531,3580,3570,18911,4865,5339,0,0,31439,26825,251,2165,0,0,0,0,0
802,4925,803.1796153689266,99717,2163,1342,205,76,70557,38992,1.0985990352698136,1106,678,11220,17574,30895,21194,4410,9135,48221,37965,0,0,2212,519,3563,3592,19050,4947,5320,0,0,31493,26621,247,2153,0,0,0,0,0
803,4925,804.0574222218162,99717,2148,1317,205,76,70800,39141,1.1025301603538014,1081,661,11284,17606,30899,21262,4382,9077,48234,37978,0,0,2181,513,3546,3588,19184,5003,5316,0,0,31515,26488,245,2138,0,0,0,0,0
804,4925,805.2281984437838,99717,2114,1280,205,76,71132,39334,1.1077950600198563,1047,649,11310,17614,30982,21370,4341,9010,48247,37991,0,0,2154,509,3527,3599,19334,5095,5290,0,0,31548,26296,242,2123,0,0,0,0,0
805,4925,806.1053109571011,99717,2110,1253,205,76,71354,39485,1.1115356458778343,1027,645,11346,17621,30989,21436,4322,8968,48259,38003,0,0,2134,502,3518,3608,19420,5169,5277,0,0,31562,26173,241,2113,0,0,0,0,0
806,4925,807.2745452717521,99717,2071,1263,205,76,71657,39671,1.1164395238525027,972,615,11407,17659,31048,21470,4296,8916,48271,38015,0,0,2104,498,3488,3597,19548,5260,5273,0,0,31593,26020,240,2096,0,0,0,0,0
807,4925,808.1510853455563,99717,2055,1255,205,76,71879,39804,1.1199995988647873,960,585,11436,17717,31072,21497,4271,8869,48283,38027,0,0,2084,495,3478,3603,19616,5324,5247,0,0,31656,25890,237,2087,0,0,0,0,0
808,4925,809.0272698502606,99715,2011,1232,206,77,72090,39943,1.1235320663892092,954,559,11465,17754,31124,21549,4239,8828,48295,38039,0,0,2059,488,3464,3597,19720,5387,5244,0,0,31700,25747,233,2076,0,0,0,0,0
809,4925,810.1947865086281,99713,1956,1211,208,77,72372,40104,1.127997352401392,918,554,11516,17806,31194,21576,4207,8775,48307,38051,0,0,2026,486,3440,3616,19841,5467,5221,0,0,31728,25595,231,2062,0,0,0,0,0
810,4925,811.0696568905717,99713,1863,1187,208,77,72559,40216,1.1309959584006097,931,569,11552,17831,31258,21600,4187,8735,48319,38063,0,0,1998,478,3425,3621,19939,5530,5209,0,0,31766,25468,230,2049,0,0,0,0,0
811,4925,812.2347178682361,99713,1831,1147,208,77,72838,40371,1.1353484500516482,913,569,11592,17871,31287,21645,4168,8690,48331,38075,0,0,1974,472,3406,3639,20051,5608,5192,0,0,31815,25295,225,2036,0,0,0,0,0
812,4925,813.1084196058434,99712,1769,1123,208,78,73016,40488,1.1383183568677793,908,577,11660,17890,31316,21679,4138,8652,48343,38087,0,0,1958,467,3393,3645,20147,5665,5169,0,0,31848,25169,224,2027,0,0,0,0,0
813,4925,814.2734438316028,99711,1767,1117,208,79,73286,40666,1.1428227577699552,858,534,11691,17942,31371,21727,4104,8600,48355,38099,0,0,1936,462,3372,3654,20278,5729,5145,0,0,31859,25033,223,2020,0,0,0,0,0
814,4925,815.1466361156531,99709,1736,1100,209,80,73454,40768,1.1455535608621088,843,532,11752,17986,31368,21732,4091,8569,48367,38111,0,0,1916,461,3360,3657,20360,5776,5124,0,0,31878,24940,222,2015,0,0,0,0,0
815,4925,816.0204356807234,99708,1718,1086,210,80,73646,40898,1.1487944798812533,822,502,11782,18017,31391,21778,4076,8536,48379,38122,0,0,1890,459,3343,3669,20446,5827,5109,0,0,31913,24835,220,1997,0,0,0,0,0
816,4925,817.1855114232808,99707,1691,1060,210,81,73877,41050,1.152647256461432,796,490,11849,18054,31402,21834,4051,8480,48390,38133,0,0,1866,456,3327,3667,20552,5898,5093,0,0,31939,24705,217,1987,0,0,0,0,0
817,4925,818.059647799987,99706,1673,1043,211,81,74058,41155,1.155527250115339,796,484,11894,18095,31402,21860,4023,8436,48401,38144,0,0,1848,452,3313,3664,20649,5949,5077,0,0,31935,24624,216,1979,0,0,0,0,0
818,4925,819.2257400977899,99706,1605,1012,211,81,74271,41291,1.1590275409704531,806,488,11965,18149,31422,21884,3990,8385,48412,38155,0,0,1825,448,3300,3677,20747,6026,5053,0,0,31959,24491,214,1966,0,0,0,0,0
819,4925,820.1005874933727,99706,1557,1023,211,81,74430,41422,1.1619360921108057,785,456,12039,18186,31438,21901,3969,8352,48423,38166,0,0,1806,445,3282,3684,20832,6082,5033,0,0,31959,24412,210,1961,0,0,0,0,0
820,4925,821.2672844841283,99703,1535,945,212,83,74654,41547,1.165471450207115,735,476,12108,18234,31475,21976,3934,8285,48434,38177,0,0,1788,443,3267,3681,20948,6150,5011,0,0,31989,24267,206,1953,0,0,0,0,0
821,4925,822.1425037176786,99702,1495,903,212,84,74801,41643,1.167920402800345,742,449,12148,18297,31477,22011,3925,8255,48445,38188,0,0,1779,440,3253,3683,21059,6193,4997,0,0,31996,24164,204,1934,0,0,0,0,0
822,4925,823.0182419348054,99702,1415,865,212,84,74937,41726,1.1701169485065495,728,451,12227,18372,31516,22001,3901,8226,48456,38199,0,0,1770,436,3240,3679,21155,6243,4972,0,0,32018,24060,204,1925,0,0,0,0,0
823,4925,824.1859177746045,99702,1370,863,212,84,75133,41854,1.1733666325650438,680,414,12297,18419,31556,22021,3884,8198,48467,38210,0,0,1755,430,3226,3678,21266,6300,4952,0,0,32015,23961,203,1916,0,0,0,0,0
824,4925,825.0618442220178,99700,1347,835,214,84,75286,41939,1.1757773319959879,673,422,12336,18467,31555,22025,3874,8166,48478,38221,0,0,1741,427,3217,3678,21349,6343,4930,0,0,32021,23882,203,1909,0,0,0,0,0
825,4925,826.2304999968171,99700,1300,799,214,84,75464,42039,1.178565697091274,652,419,12410,18519,31570,22041,3853,8137,48489,38231,0,0,1723,424,3209,3681,21428,6406,4917,0,0,32039,23773,200,1900,0,0,0,0,0
826,4925,827.1073109508071,99699,1295,806,215,84,75605,42126,1.180864401849567,650,409,12435,18559,31562,22029,3842,8112,48500,38241,0,0,1713,417,3204,3685,21481,6451,4899,0,0,32032,23724,197,1896,0,0,0,0,0
827,4925,828.2773476049503,99699,1281,790,215,84,75795,42242,1.183933640257174,624,403,12526,18608,31539,22040,3814,8074,48511,38251,0,0,1700,415,3190,3685,21593,6495,4876,0,0,32036,23631,194,1884,0,0,0,0,0
828,4925,829.1557896782952,99699,1269,784,215,84,75935,42334,1.1862606445400656,607,392,12590,18657,31515,22044,3803,8038,48522,38261,0,0,1688,410,3188,3683,21640,6547,4865,0,0,32044,23566,193,1875,0,0,0,0,0
829,4925,830.0352610189135,99698,1241,772,216,84,76061,42414,1.1883387831250376,608,390,12663,18698,31483,22036,3788,8019,48532,38271,0,0,1681,408,3175,3684,21694,6587,4847,0,0,32088,23475,191,1868,0,0,0,0,0
830,4925,831.2095969599668,99698,1252,768,216,84,76259,42523,1.1914180826094807,590,379,12725,18749,31442,22038,3774,7981,48542,38281,0,0,1667,405,3165,3685,21763,6642,4831,0,0,32097,23398,189,1856,0,0,0,0,0
831,4925,832.0914870824558,99697,1204,763,217,84,76378,42612,1.1935163545542995,583,362,12808,18792,31424,22041,3763,7957,48552,38291,0,0,1657,403,3158,3684,21824,6690,4812,0,0,32105,23328,188,1848,0,0,0,0,0
832,4925,833.2688932110033,99697,1158,756,217,84,76542,42722,1.1962646819864189,568,352,12875,18874,31438,22023,3743,7910,48562,38301,0,0,1644,400,3147,3687,21885,6760,4794,0,0,32107,23244,187,1842,0,0,0,0,0
833,4925,834.1522792547617,99697,1151,761,217,84,76677,42810,1.1985014594220489,543,343,12926,18928,31436,22000,3726,7883,48572,38311,0,0,1635,394,3137,3693,21941,6801,4777,0,0,32112,23185,183,1839,0,0,0,0,0
834,4925,835.0361061463864,99697,1130,747,217,84,76807,42888,1.2005877809763583,523,342,12984,18970,31433,21997,3712,7859,48582,38321,0,0,1620,390,3120,3691,22018,6845,4775,0,0,32093,23133,180,1832,0,0,0,0,0
835,4925,836.2155006238289,99696,1111,730,218,84,76982,42996,1.2034384528968063,504,344,13085,19035,31398,21980,3683,7826,48592,38331,0,0,1601,381,3106,3693,22106,6896,4769,0,0,32099,23046,179,1820,0,0,0,0,0
836,4925,837.1014191722973,99696,1091,703,218,84,77088,43060,1.2051436366554324,518,350,13141,19071,31361,21987,3670,7804,48602,38341,0,0,1590,380,3099,3689,22151,6941,4757,0,0,32107,22986,179,1817,0,0,0,0,0
837,4925,838.2848758008746,99696,1092,696,218,84,77256,43159,1.2078217782057454,500,314,13240,19179,31310,21963,3639,7763,48612,38350,0,0,1580,376,3091,3693,22189,6999,4740,0,0,32129,22907,179,1813,0,0,0,0,0
838,4925,839.1738621582133,99696,1092,668,218,84,77376,43221,1.2096473278767452,481,313,13297,19229,31288,21970,3623,7735,48622,38359,0,0,1573,374,3080,3690,22255,7032,4730,0,0,32129,22846,178,1809,0,0,0,0,0
839,4925,840.0637784429586,99695,1065,663,219,84,77485,43284,1.2113847234063895,474,309,13368,19273,31264,21956,3609,7714,48632,38368,0,0,1563,372,3069,3690,22302,7071,4715,0,0,32139,22791,178,1805,0,0,0,0,0
840,4925,841.2520905543009,99694,1026,634,220,84,77613,43374,1.2135835657110758,480,310,13457,19334,31224,21956,3592,7681,48642,38377,0,0,1551,370,3058,3697,22361,7129,4700,0,0,32138,22714,178,1798,0,0,0,0,0
841,4925,842.1446272562728,99694,996,639,220,84,77723,43442,1.2153690292294421,455,302,13519,19387,31221,21938,3588,7649,48652,38386,0,0,1542,368,3052,3698,22394,7175,4685,0,0,32155,22658,177,1790,0,0,0,0,0
842,4925,843.0380366154168,99694,988,629,220,84,77832,43513,1.2171745541356551,443,300,13574,19423,31194,21937,3580,7626,48662,38395,0,0,1532,366,3040,3703,22450,7203,4672,0,0,32171,22596,175,1786,0,0,0,0,0
843,4925,844.2306030469525,99694,954,595,220,84,77960,43597,1.219301061247417,424,295,13645,19493,31185,21939,3571,7593,48671,38404,0,0,1520,365,3031,3701,22504,7257,4660,0,0,32197,22506,174,1779,0,0,0,0,0
844,4925,845.1260862760212,99694,927,557,220,84,78054,43654,1.2208156960298513,423,294,13719,19557,31150,21939,3560,7568,48680,38413,0,0,1512,363,3022,3703,22524,7319,4647,0,0,32199,22455,173,1777,0,0,0,0,0
845,4925,846.0230195917941,99694,918,551,220,84,78152,43716,1.2224206070575963,419,295,13785,19612,31116,21911,3541,7546,48689,38422,0,0,1505,362,3017,3702,22570,7351,4633,0,0,32201,22408,173,1772,0,0,0,0,0
846,4925,847.2207825105892,99692,884,572,220,86,78271,43824,1.2247221442041487,414,269,13876,19668,31072,21898,3533,7506,48698,38431,0,0,1494,360,3007,3707,22622,7398,4614,0,0,32202,22350,172,1766,0,0,0,0,0
847,4925,848.1206355023483,99692,891,549,220,86,78377,43874,1.2262869638486538,391,282,13950,19715,31015,21878,3532,7489,48707,38440,0,0,1480,359,3005,3705,22641,7443,4609,0,0,32211,22307,170,1762,0,0,0,0,0
848,4925,849.0221761825278,99692,853,561,220,86,78459,43945,1.2278216908076878,387,267,14022,19770,30993,21850,3524,7465,48716,38449,0,0,1469,354,3002,3710,22679,7479,4599,0,0,32210,22263,169,1758,0,0,0,0,0
849,4925,850.2263005522922,99692,819,534,220,86,78570,44022,1.2297074990972194,396,265,14110,19860,30945,21828,3509,7426,48725,38458,0,0,1455,353,2991,3701,22742,7524,4593,0,0,32213,22197,169,1754,0,0,0,0,0
850,4925,851.1309516712009,99692,781,547,220,86,78653,44087,1.2311920715804678,411,253,14166,19928,30927,21790,3494,7395,48734,38466,0,0,1449,352,2981,3690,22775,7568,4584,0,0,32225,22154,168,1746,0,0,0,0,0
851,4925,852.0364715002396,99691,769,523,221,86,78732,44143,1.2325586060928269,411,252,14233,19963,30880,21794,3485,7381,48743,38474,0,0,1443,352,2974,3685,22817,7600,4571,0,0,32233,22106,167,1743,0,0,0,0,0
852,4925,853.2462633381475,99690,765,516,222,86,78863,44218,1.234637375865182,386,246,14335,20060,30818,21748,3473,7343,48752,38482,0,0,1428,351,2967,3688,22878,7639,4562,0,0,32225,22054,166,1732,0,0,0,0,0
853,4925,854.15567316549,99690,744,494,222,86,78949,44266,1.2359815427826262,373,254,14415,20111,30781,21731,3464,7323,48761,38490,0,0,1419,350,2959,3694,22927,7665,4545,0,0,32226,22011,165,1729,0,0,0,0,0
854,4925,855.0664808933702,99689,745,489,223,86,79049,44309,1.2374284023312503,363,260,14484,20163,30726,21699,3458,7302,48770,38498,0,0,1409,348,2952,3690,22958,7698,4542,0,0,32228,21975,164,1725,0,0,0,0,0
855,4925,856.2834904316627,99689,749,460,223,86,79175,44382,1.2394246105387756,348,248,14563,20240,30669,21687,3447,7278,48779,38506,0,0,1405,345,2943,3693,23015,7737,4526,0,0,32236,21907,163,1719,0,0,0,0,0
856,4925,857.198043603168,99689,720,455,223,86,79243,44429,1.2405781981963908,353,251,14636,20304,30626,21652,3441,7251,48788,38514,0,0,1396,343,2942,3694,23050,7771,4514,0,0,32220,21881,163,1715,0,0,0,0,0
857,4925,858.1141546974114,99689,714,436,223,86,79316,44481,1.2418320978242334,360,252,14711,20354,30563,21640,3428,7231,48797,38522,0,0,1388,340,2941,3691,23088,7799,4508,0,0,32221,21840,162,1711,0,0,0,0,0
858,4925,859.0320747847189,99689,709,451,223,86,79399,44549,1.2433468085746673,342,219,14790,20403,30522,21619,3413,7221,48806,38530,0,0,1380,339,2935,3688,23127,7819,4497,0,0,32232,21802,160,1710,0,0,0,0,0
859,4925,860.2585277578187,99689,706,429,223,86,79507,44610,1.2450420808715104,341,223,14870,20483,30462,21592,3397,7186,48814,38538,0,0,1368,338,2931,3682,23164,7865,4491,0,0,32227,21757,160,1706,0,0,0,0,0
860,4925,861.1800625886369,99689,688,435,223,86,79582,44672,1.2464163548636258,332,204,14935,20545,30428,21565,3393,7164,48822,38546,0,0,1362,337,2925,3676,23189,7899,4483,0,0,32240,21717,159,1702,0,0,0,0,0
861,4925,862.103071259055,99688,695,428,224,86,79660,44716,1.2476526763502127,323,208,15007,20605,30368,21525,3382,7147,48830,38554,0,0,1356,337,2920,3674,23208,7929,4472,0,0,32242,21691,158,1701,0,0,0,0,0
862,4925,863.0278035345851,99687,683,422,225,86,79728,44758,1.2487686458615466,321,214,15078,20665,30322,21486,3370,7126,48838,38562,0,0,1351,337,2912,3673,23235,7958,4462,0,0,32242,21660,157,1700,0,0,0,0,0
863,4925,864.2632284994735,99687,676,403,225,86,79821,44821,1.2503335439926972,322,203,15165,20745,30250,21471,3361,7091,48846,38570,0,0,1341,336,2905,3672,23276,7995,4454,0,0,32245,21609,156,1698,0,0,0,0,0
864,4925,865.1919158940344,99687,654,399,225,86,79893,44871,1.251557374582443,319,196,15234,20799,30210,21450,3357,7069,48854,38578,0,0,1335,334,2906,3669,23313,8026,4448,0,0,32236,21571,155,1694,0,0,0,0,0
865,4925,866.1223666014521,99687,639,386,225,86,79969,44907,1.252680891189423,296,201,15314,20847,30176,21427,3349,7052,48862,38586,0,0,1329,334,2901,3667,23341,8058,4434,0,0,32239,21538,155,1691,0,0,0,0,0
866,4925,867.0543240066814,99686,626,383,226,86,80034,44949,1.2537668278394158,294,206,15390,20915,30119,21387,3344,7022,48870,38593,0,0,1322,333,2899,3668,23354,8084,4428,0,0,32257,21496,154,1691,0,0,0,0,0
867,4925,868.2997487823243,99686,623,391,226,86,80129,45010,1.25533174166884,283,188,15486,21021,30050,21319,3331,6994,48878,38600,0,0,1317,330,2891,3668,23389,8117,4416,0,0,32250,21464,153,1691,0,0,0,0,0
868,4925,869.235799098973,99686,605,376,226,86,80191,45052,1.2563750175551232,293,195,15561,21090,30001,21284,3313,6968,48886,38607,0,0,1314,330,2887,3663,23419,8150,4407,0,0,32246,21432,152,1686,0,0,0,0,0
869,4925,870.1736120314882,99686,607,384,226,86,80260,45108,1.2576289549184438,304,180,15629,21135,29927,21258,3306,6956,48894,38614,0,0,1310,330,2884,3663,23446,8173,4394,0,0,32250,21401,150,1685,0,0,0,0,0
870,4925,871.1135839047506,99685,607,375,227,86,80340,45147,1.2588353312935747,287,179,15701,21209,29879,21213,3298,6937,48902,38621,0,0,1306,328,2879,3662,23471,8203,4384,0,0,32248,21370,150,1684,0,0,0,0,0
871,4925,872.0554955412371,99685,605,372,227,86,80414,45195,1.2600591864372774,278,177,15804,21268,29799,21174,3286,6922,48910,38628,0,0,1299,328,2874,3661,23514,8214,4374,0,0,32268,21323,149,1681,0,0,0,0,0
872,4925,873.3148565206025,99685,612,373,227,86,80513,45252,1.2616241159652906,251,160,15885,21357,29750,21129,3274,6894,48918,38635,0,0,1292,328,2870,3658,23541,8245,4362,0,0,32280,21282,148,1679,0,0,0,0,0
873,4925,874.2611189011899,99685,574,362,227,86,80555,45289,1.2624166123288358,266,155,15978,21416,29688,21107,3266,6873,48926,38642,0,0,1284,324,2866,3659,23562,8273,4354,0,0,32287,21249,147,1680,0,0,0,0,0
874,4925,875.2096159744702,99684,566,349,227,87,80625,45334,1.2635829220336263,270,153,16056,21480,29623,21080,3257,6850,48934,38649,0,0,1275,323,2861,3662,23596,8298,4344,0,0,32286,21216,146,1677,0,0,0,0,0
875,4925,876.1605548687334,99684,563,337,227,87,80684,45368,1.264515870149673,297,149,16124,21548,29538,21044,3250,6834,48942,38656,0,0,1265,320,2859,3660,23608,8329,4342,0,0,32284,21195,145,1677,0,0,0,0,0
876,4925,877.113765896967,99684,557,327,227,87,80765,45400,1.2656494522691706,272,166,16201,21611,29502,20992,3240,6816,48950,38663,0,0,1257,320,2857,3649,23633,8361,4338,0,0,32281,21167,145,1676,0,0,0,0,0
877,4925,878.0688230761626,99684,536,326,227,87,80820,45442,1.2666225271859075,270,166,16293,21670,29443,20951,3230,6799,48958,38670,0,0,1249,317,2854,3643,23649,8389,4333,0,0,32296,21134,144,1676,0,0,0,0,0
878,4925,879.0259815032088,99683,542,320,228,87,80893,45477,1.2677186681781247,254,165,16370,21745,29381,20908,3224,6774,48965,38677,0,0,1244,316,2847,3645,23681,8409,4325,0,0,32289,21114,141,1672,0,0,0,0,0
879,4925,880.3053275399081,99683,521,316,228,87,80969,45526,1.268972643279195,248,170,16480,21845,29311,20841,3211,6740,48972,38684,0,0,1235,315,2843,3642,23701,8447,4319,0,0,32292,21078,141,1670,0,0,0,0,0
880,4925,881.2672385975853,99683,497,311,228,87,81022,45570,1.2699457279576256,245,150,16574,21925,29250,20807,3205,6719,48979,38691,0,0,1227,314,2837,3642,23716,8479,4312,0,0,32305,21046,139,1666,0,0,0,0,0
881,4925,882.2314444773966,99683,493,319,228,87,81078,45609,1.2708987490344392,243,152,16647,21983,29191,20755,3197,6703,48986,38698,0,0,1221,314,2835,3640,23723,8501,4305,0,0,32321,21019,137,1667,0,0,0,0,0
882,4925,883.1975040397825,99683,476,311,228,87,81131,45637,1.2717113248999328,234,146,16721,22052,29154,20717,3186,6686,48993,38705,0,0,1215,313,2832,3641,23750,8524,4298,0,0,32311,20998,136,1665,0,0,0,0,0
883,4925,884.1651264243594,99682,454,323,229,87,81177,45685,1.2726670813185932,232,127,16777,22137,29127,20666,3180,6659,49000,38712,0,0,1211,311,2826,3636,23790,8542,4291,0,0,32298,20982,135,1660,0,0,0,0,0
884,4925,885.134197766424,99682,438,319,229,87,81226,45727,1.2735799843502338,231,125,16862,22196,29067,20635,3172,6637,49007,38718,0,0,1208,310,2822,3633,23821,8561,4282,0,0,32302,20948,135,1660,0,0,0,0,0
885,4925,886.105320535373,99682,438,304,229,87,81288,45759,1.2745229830862141,227,120,16938,22253,28999,20612,3168,6623,49014,38724,0,0,1203,310,2820,3633,23850,8579,4269,0,0,32307,20921,133,1657,0,0,0,0,0
886,4925,887.0788683945095,99682,447,288,229,87,81353,45782,1.275405790413515,203,120,17012,22328,28944,20576,3164,6600,49021,38730,0,0,1201,309,2816,3629,23860,8604,4259,0,0,32322,20895,132,1655,0,0,0,0,0
887,4925,888.0544962552634,99681,411,277,229,88,81386,45805,1.2759803774039185,205,141,17103,22383,28891,20524,3160,6586,49028,38736,0,0,1194,309,2814,3627,23887,8621,4250,0,0,32325,20870,131,1653,0,0,0,0,0
888,4925,889.0321883660946,99681,405,277,229,88,81436,45844,1.276873225589631,207,129,17190,22448,28823,20491,3145,6566,49035,38742,0,0,1189,309,2811,3625,23902,8644,4241,0,0,32329,20851,129,1651,0,0,0,0,0
889,4925,890.0125087847266,99681,403,279,229,88,81480,45880,1.2776757857565635,214,115,17273,22531,28741,20445,3139,6541,49042,38748,0,0,1186,306,2810,3624,23903,8674,4237,0,0,32326,20836,129,1650,0,0,0,0,0
890,4925,891.3236649909664,99681,406,268,229,88,81550,45920,1.2787793059860957,190,105,17387,22633,28651,20395,3136,6510,49049,38754,0,0,1184,304,2803,3627,23918,8710,4225,0,0,32322,20812,129,1647,0,0,0,0,0
891,4925,892.3101372148748,99681,394,247,229,88,81590,45945,1.2794313861217284,202,117,17465,22699,28581,20357,3128,6491,49056,38760,0,0,1179,304,2799,3624,23934,8736,4217,0,0,32322,20792,129,1645,0,0,0,0,0
892,4925,893.2991119829395,99680,394,236,229,89,81633,45972,1.2801464686998394,192,112,17555,22784,28508,20303,3121,6475,49063,38766,0,0,1175,304,2795,3622,23950,8756,4208,0,0,32322,20775,129,1644,0,0,0,0,0
893,4925,894.2907203894015,99679,395,231,230,89,81682,45997,1.2809016944391496,191,117,17646,22848,28420,20265,3117,6449,49070,38772,0,0,1170,304,2794,3620,23965,8775,4200,0,0,32323,20759,127,1642,0,0,0,0,0
894,4925,895.2854233468465,99679,385,215,230,89,81731,46016,1.281583884268502,191,124,17722,22920,28361,20219,3110,6432,49077,38778,0,0,1166,303,2789,3612,23977,8800,4195,0,0,32339,20730,127,1641,0,0,0,0,0
895,4925,896.2825151612843,99679,366,213,230,89,81775,46048,1.2823463317248367,192,112,17807,23004,28300,20175,3104,6406,49084,38784,0,0,1163,302,2785,3617,24004,8821,4182,0,0,32328,20712,127,1638,0,0,0,0,0
896,4925,897.2820521584955,99678,386,213,231,89,81827,46075,1.2831517486305906,176,114,17881,23078,28225,20121,3100,6384,49091,38790,0,0,1158,302,2783,3613,24021,8832,4175,0,0,32332,20698,127,1637,0,0,0,0,0
897,4925,898.2841086517635,99678,376,208,231,89,81865,46103,1.2838138806958406,173,118,17970,23149,28158,20078,3091,6357,49098,38796,0,0,1155,301,2778,3610,24045,8847,4168,0,0,32337,20675,127,1635,0,0,0,0,0
898,4925,899.288645490977,99678,357,208,231,89,81907,46135,1.2845562711932423,178,105,18053,23238,28100,20029,3080,6330,49105,38802,0,0,1150,300,2775,3609,24075,8862,4156,0,0,32331,20659,127,1634,0,0,0,0,0
899,4925,900.2954365674518,99678,343,209,231,89,81931,46153,1.2849776279620377,213,136,18109,23266,28033,19988,3070,6311,49105,38802,0,0,1150,300,2772,3611,24081,8876,4154,0,0,32332,20643,127,1632,0,0,0,0,0
900,4925,900.2954365674518,99678,348,207,231,89,81954,46165,1.2853287586027007,205,134,18132,23291,28014,19976,3069,6302,49105,38802,1,1,1149,300,2770,3611,24083,8885,4153,1,10,32324,20632,127,1631,0,1,0,0,1
901,4925,901.3050357027871,99678,346,218,231,89,82004,46199,1.2861714721402917,199,134,18219,23357,27953,19925,3051,6276,49105,38802,2,2,1149,300,2770,3619,24088,8906,4142,1,26,32301,20616,127,1631,0,1,0,0,1
902,4925,902.3168640395214,99677,348,206,231,90,82060,46231,1.287067227143674,191,139,18308,23433,27888,19882,3033,6249,49105,38802,3,3,1148,300,2768,3624,24102,8927,4134,2,55,32270,20586,127,1630,0,3,0,0,1
903,4925,903.3313125127693,99677,339,222,231,90,82096,46274,1.287859787112373,208,131,18389,23500,27813,19836,3019,6220,49105,38802,4,4,1147,300,2765,3628,24113,8947,4125,3,66,32247,20575,127,1629,0,3,1,0,1
904,4925,904.0091362686314,99677,326,227,231,90,82125,46295,1.2883614073457268,219,128,18423,23552,27791,19797,3009,6205,49105,38802,6,5,1147,299,2761,3633,24129,8958,4120,3,74,32225,20567,127,1627,0,5,1,0,1
905,4925,905.0271212389586,99676,342,227,232,90,82185,46327,1.2892973233275813,226,126,18495,23619,27711,19749,2993,6188,49105,38802,9,6,1147,299,2757,3631,24145,8971,4116,3,100,32206,20539,127,1624,0,8,1,0,2
906,4925,906.0475337429772,99675,360,236,232,91,82239,46368,1.2902633559066967,233,127,18557,23669,27638,19710,2979,6166,49105,38802,13,7,1146,298,2757,3630,24155,8983,4115,4,125,32185,20510,127,1624,0,9,1,0,6
907,4925,907.0702272349168,99675,366,244,232,91,82304,46412,1.2913569099573614,217,125,18628,23723,27582,19674,2974,6142,49105,38802,18,8,1146,298,2752,3633,24172,9001,4108,4,153,32160,20478,125,1624,0,10,1,0,10
908,4925,908.0950094946116,99674,371,234,233,91,82360,46445,1.292262776651885,205,126,18697,23794,27531,19626,2962,6128,49105,38802,25,9,1143,298,2745,3632,24177,9029,4103,7,175,32138,20454,125,1622,0,12,2,0,12
909,4925,909.1219699775567,99673,362,226,234,91,82401,46474,1.2929780381848646,208,129,18784,23860,27461,19584,2950,6109,49105,38802,33,10,1142,298,2743,3636,24183,9050,4095,8,201,32117,20423,124,1620,0,14,2,0,17
910,4925,910.151377965429,99672,357,234,234,92,82446,46512,1.2938237418733445,221,112,18861,23932,27399,19533,2927,6096,49105,38802,43,11,1141,297,2739,3632,24196,9070,4092,9,223,32092,20400,124,1618,0,19,2,0,18
911,4925,911.1832858335949,99671,364,242,235,92,82512,46545,1.294829990669302,223,115,18931,23992,27336,19478,2910,6080,49105,38802,55,12,1139,295,2737,3637,24206,9086,4085,11,245,32069,20372,124,1615,2,22,2,0,24
912,4925,912.2173995606022,99671,380,232,235,92,82574,46570,1.295702862417353,214,134,19012,24060,27261,19417,2897,6064,49105,38802,69,13,1136,295,2734,3638,24223,9102,4079,14,270,32037,20344,124,1614,2,30,2,0,27
913,4925,913.2540697530405,99671,383,233,235,92,82624,46608,1.2965857671740024,227,127,19078,24115,27198,19384,2878,6048,49105,38802,85,14,1135,293,2731,3643,24240,9122,4075,15,287,31999,20320,123,1613,2,37,2,0,34
914,4925,914.2930711928303,99671,391,235,235,92,82688,46643,1.297579035025233,227,136,19141,24143,27139,19351,2866,6042,49105,38802,104,15,1133,293,2724,3648,24261,9142,4067,17,303,31963,20296,123,1609,3,44,3,0,42
915,4925,915.3342454587813,99670,399,214,235,93,82753,46672,1.2985351660479583,226,143,19210,24231,27076,19296,2853,6022,49105,38802,125,17,1132,293,2720,3649,24277,9173,4062,18,323,31914,20267,123,1609,3,53,4,0,50
916,4925,916.0296782697941,99670,397,211,235,93,82789,46695,1.2991271194943312,237,142,19277,24250,27009,19275,2844,6028,49105,38802,149,19,1131,292,2714,3649,24285,9190,4059,19,342,31886,20242,123,1608,3,63,8,0,56
917,4925,917.0754451714236,99670,383,225,235,93,82843,46734,1.3000601986555633,237,143,19350,24318,26961,19197,2833,6023,49105,38802,176,21,1128,292,2709,3652,24297,9217,4053,22,356,31844,20223,122,1604,4,78,8,0,61
918,4925,918.1236021729708,99670,392,228,235,93,82900,46771,1.301003310926056,240,137,19432,24353,26877,19161,2823,6027,49105,38802,206,23,1126,292,2705,3655,24305,9240,4049,24,375,31806,20193,121,1601,4,91,11,0,72
919,4925,919.1746943047322,99670,386,233,235,93,82959,46804,1.3019263569780275,236,141,19512,24411,26814,19097,2816,6024,49105,38802,240,26,1124,291,2699,3660,24315,9262,4043,26,404,31768,20151,121,1600,4,105,12,1,84
920,4925,920.228013318919,99670,389,238,235,93,83019,46844,1.3029296679040834,232,143,19564,24476,26773,19024,2806,6025,49105,38802,277,29,1122,291,2692,3661,24338,9284,4037,28,423,31717,20118,121,1596,4,126,13,1,98
921,4925,921.2831402082768,99669,369,246,235,94,83072,46890,1.303936028253519,248,131,19640,24507,26719,18982,2788,6039,49105,38802,318,32,1120,291,2687,3663,24346,9319,4029,30,446,31671,20078,121,1593,4,142,14,1,114
922,4925,922.3404048648973,99668,390,239,236,94,83139,46918,1.304902275554842,254,133,19695,24559,26641,18922,2783,6052,49105,38802,363,36,1117,289,2680,3663,24355,9343,4026,33,464,31628,20047,121,1590,5,161,18,2,126
923,4925,923.0468836257509,99667,379,240,236,95,83183,46942,1.3055976401416718,261,131,19739,24582,26610,18868,2774,6083,49105,38802,412,40,1115,289,2674,3661,24368,9369,4019,35,474,31577,20023,121,1589,6,185,20,3,139
924,4925,924.108355757604,99667,393,249,236,95,83261,46989,1.3068518165491085,259,127,19803,24626,26538,18802,2770,6100,49105,38802,465,45,1111,288,2669,3664,24393,9394,4013,39,493,31515,19989,121,1581,9,210,21,5,152
925,4925,925.1723132257603,99667,402,254,236,95,83324,47023,1.3078250574412795,250,130,19868,24646,26480,18751,2763,6123,49105,38802,522,50,1109,288,2660,3661,24417,9415,4009,41,509,31459,19954,121,1577,11,235,25,5,171
926,4925,926.238625731842,99666,402,250,237,95,83389,47052,1.308781329641001,255,143,19933,24676,26415,18689,2757,6146,49105,38802,584,56,1107,288,2656,3657,24428,9445,4006,43,535,31404,19899,121,1577,11,259,26,6,198
927,4925,927.3074741164768,99666,414,247,237,95,83450,47085,1.3097244797624064,247,159,19998,24719,26358,18603,2745,6176,49105,38802,650,62,1106,287,2650,3658,24413,9492,4002,44,550,31355,19863,121,1577,11,280,32,7,218
928,4925,928.0212669783831,99665,421,248,238,95,83489,47111,1.3103898058495962,260,157,20045,24720,26292,18552,2743,6227,49105,38802,721,69,1106,286,2644,3656,24416,9523,3999,44,553,31305,19839,121,1574,13,305,36,7,238
929,4925,929.0948815184771,99665,429,257,238,95,83563,47148,1.3115035368484422,244,157,20148,24742,26204,18481,2736,6267,49105,38802,797,77,1105,285,2636,3656,24428,9557,3993,45,571,31241,19792,121,1571,14,335,42,8,265
930,4925,930.1719661051835,99665,443,267,238,95,83638,47193,1.3127075703607083,247,153,20209,24765,26137,18405,2725,6314,49105,38802,878,86,1101,283,2630,3659,24430,9595,3989,49,593,31174,19740,121,1569,15,368,47,8,294
931,4925,931.2514505977937,99664,445,267,239,95,83705,47230,1.3137642478728528,252,151,20267,24805,26077,18323,2719,6358,49105,38802,964,95,1100,281,2625,3657,24424,9644,3986,50,614,31102,19694,121,1567,16,405,51,8,319
932,4925,932.3334598419145,99664,451,283,239,95,83798,47281,1.3152091025846846,225,156,20331,24824,26038,18241,2715,6400,49105,38802,1055,105,1099,279,2616,3658,24433,9693,3977,51,630,31021,19645,121,1563,19,443,56,9,351
933,4925,933.0557723638252,99664,447,280,239,95,83838,47307,1.3158713276609408,248,160,20371,24828,25985,18174,2709,6462,49105,38802,1151,116,1098,279,2610,3657,24430,9726,3974,52,645,30954,19592,121,1560,22,487,60,13,384
934,4925,934.1414361491453,99664,448,277,239,95,83899,47351,1.3169248675549847,276,167,20432,24817,25900,18119,2704,6524,49105,38802,1252,128,1096,278,2606,3661,24432,9771,3969,54,667,30867,19538,120,1556,26,533,62,13,415
935,4925,935.2301967825294,99664,440,289,239,95,83959,47401,1.3180285760154118,284,164,20500,24807,25835,18056,2701,6588,49105,38802,1359,141,1096,278,2594,3656,24440,9808,3962,54,690,30788,19481,120,1550,30,586,70,14,447
936,4925,936.3215020540954,99664,451,281,239,95,84046,47440,1.3192928238882646,268,179,20548,24794,25792,17987,2701,6663,49105,38802,1471,155,1092,278,2587,3656,24441,9858,3955,58,721,30700,19412,120,1548,30,636,73,15,484
937,4925,937.0501769347733,99664,430,270,239,95,84073,47469,1.3198547118317547,282,188,20594,24774,25744,17925,2710,6747,49105,38802,1589,170,1090,278,2581,3656,24428,9902,3948,60,740,30629,19357,119,1539,37,687,78,16,519
938,4925,938.1457468242012,99664,418,282,239,95,84137,47524,1.3210487237116713,286,180,20667,24779,25677,17851,2712,6812,49105,38802,1712,186,1087,278,2571,3660,24426,9950,3938,63,771,30540,19282,119,1536,38,743,84,18,560
939,4925,939.2441865065911,99663,434,298,240,95,84220,47586,1.322516881891976,267,162,20735,24774,25612,17780,2711,6890,49105,38802,1841,203,1086,278,2561,3666,24421,10003,3928,64,789,30444,19219,119,1533,40,800,90,21,601
940,4925,940.345500249893,99663,436,306,240,95,84296,47636,1.3237811424500567,261,153,20807,24776,25545,17694,2710,6975,49105,38802,1975,221,1084,278,2558,3663,24405,10061,3925,66,824,30354,19134,119,1531,42,856,91,21,651
941,4925,941.0814076075179,99663,432,292,240,95,84335,47663,1.324443374170956,268,163,20844,24746,25500,17634,2715,7069,49105,38802,2115,241,1083,275,2550,3668,24389,10111,3921,67,845,30267,19067,119,1523,45,919,96,21,697
942,4925,942.1878094326037,99663,450,281,240,95,84414,47701,1.3256173304034597,258,172,20909,24740,25420,17548,2722,7163,49105,38802,2261,262,1082,275,2539,3664,24372,10175,3918,68,868,30172,19000,119,1515,50,982,102,24,738
943,4925,943.2971367405461,99663,452,282,240,95,84497,47749,1.3269317600313055,245,165,20962,24726,25376,17460,2724,7271,49105,38802,2412,284,1080,274,2534,3667,24340,10248,3907,70,897,30091,18920,119,1509,53,1038,106,25,785
944,4925,944.0378676899444,99663,440,281,240,95,84539,47785,1.3277143975196413,258,153,21010,24693,25319,17381,2732,7396,49105,38802,2569,308,1079,274,2528,3669,24326,10304,3903,71,922,29981,18846,119,1503,57,1112,110,28,831
945,4925,945.1519318334914,99663,432,272,240,95,84601,47833,1.3288181170544735,259,137,21075,24682,25254,17307,2739,7506,49105,38802,2732,333,1078,274,2521,3669,24306,10372,3897,72,957,29882,18752,119,1494,62,1176,115,29,888
946,4925,946.2691789559491,99663,434,272,240,95,84669,47878,1.329951938031165,253,131,21130,24641,25192,17221,2750,7639,49105,38802,2900,360,1077,274,2519,3667,24281,10438,3890,73,986,29783,18658,119,1491,64,1245,116,31,951
947,4925,947.015598963255,99662,443,269,241,95,84716,47905,1.3307077923381028,253,136,21142,24596,25154,17139,2766,7764,49105,38802,3074,389,1075,274,2511,3666,24250,10496,3889,75,1001,29687,18570,119,1488,66,1318,122,34,1021
948,4925,948.1373976044051,99662,444,264,241,95,84780,47938,1.331681082057354,267,149,21201,24574,25067,17034,2779,7883,49105,38802,3253,419,1073,274,2504,3667,24230,10558,3883,77,1020,29564,18488,119,1484,69,1409,126,37,1080
949,4925,949.2624493537389,99662,466,272,241,95,84860,47986,1.33296542313018,259,153,21239,24540,25009,16912,2785,8027,49105,38802,3438,451,1072,273,2491,3659,24210,10620,3880,78,1037,29456,18413,118,1479,73,1492,136,41,1134
950,4925,950.0138658188167,99661,469,265,242,95,84902,48011,1.3336510771515437,267,156,21270,24511,24950,16806,2801,8166,49105,38802,3628,485,1070,273,2482,3659,24165,10691,3878,80,1051,29346,18342,118,1475,76,1578,145,44,1188
951,4925,951.1439396526861,99661,467,264,242,95,84986,48045,1.3348350909583488,249,168,21316,24486,24904,16690,2821,8296,49105,38802,3823,521,1068,273,2472,3661,24144,10764,3868,82,1068,29228,18256,118,1466,81,1661,151,49,1251
952,4925,952.2765066691079,99659,468,252,244,95,85059,48088,1.3360258481421647,257,171,21355,24442,24834,16601,2841,8438,49105,38802,4023,558,1067,273,2461,3661,24113,10844,3863,82,1094,29105,18153,118,1460,84,1748,157,52,1324
953,4925,953.033182905954,99659,448,253,244,95,85089,48116,1.3366078327095394,280,180,21370,24394,24788,16500,2869,8577,49105,38802,4228,597,1066,273,2450,3657,24070,10921,3861,83,1106,29008,18064,118,1445,97,1823,164,57,1396
954,4925,954.1708582425148,99657,444,267,245,96,85171,48170,1.3379993377284085,257,178,21430,24362,24733,16378,2890,8718,49105,38802,4438,638,1064,273,2439,3658,24029,11010,3855,85,1130,28883,17960,117,1438,101,1912,171,60,1472
955,4925,955.3112502680024,99657,455,264,245,96,85247,48205,1.339113158132394,261,194,21492,24314,24632,16263,2914,8868,49105,38802,4653,681,1064,273,2430,3663,23987,11096,3847,85,1148,28749,17870,116,1430,107,2012,178,61,1541
956,4925,956.073955339612,99657,437,285,245,96,85289,48252,1.3400062213391934,261,170,21528,24248,24582,16168,2946,9032,49105,38802,4873,726,1062,273,2421,3660,23946,11171,3840,87,1159,28630,17775,116,1425,111,2111,185,66,1619
957,4925,957.221300709435,99657,442,275,245,96,85351,48289,1.340999628726532,266,175,21570,24173,24496,16087,2980,9193,49105,38802,5097,774,1061,272,2413,3656,23913,11251,3838,88,1186,28499,17673,116,1412,123,2205,193,69,1689
958,4925,958.3724105276991,99657,448,285,245,96,85424,48352,1.3423643095818658,280,149,21609,24130,24404,15991,3013,9348,49105,38802,5325,824,1058,272,2404,3659,23874,11340,3834,91,1212,28365,17555,115,1404,129,2295,200,75,1775
959,4925,959.1419958684676,99657,448,293,245,96,85474,48390,1.3432473383706112,282,140,21621,24039,24350,15908,3053,9523,49105,38802,5558,876,1055,271,2389,3663,23840,11404,3831,94,1226,28230,17457,115,1397,135,2403,214,80,1853
960,4925,960.2997691793364,99657,462,285,245,96,85568,48431,1.3446019848078912,265,146,21665,23978,24274,15793,3088,9701,49105,38802,5795,930,1049,270,2378,3667,23818,11488,3821,100,1236,28065,17361,115,1388,139,2524,220,86,1932
961,4925,961.0735523464397,99657,479,284,245,96,85630,48460,1.3455151168507982,257,149,21687,23906,24203,15687,3128,9877,49105,38802,6035,987,1046,270,2369,3664,23777,11563,3820,102,1249,27928,17262,115,1379,146,2636,228,95,2008
962,4925,962.238435121541,99657,472,285,245,96,85696,48506,1.3466389716728377,250,148,21768,23851,24098,15565,3166,10054,49105,38802,6279,1046,1043,269,2354,3662,23726,11665,3815,104,1269,27797,17147,115,1377,147,2733,237,99,2098
963,4925,963.0178291830796,99657,487,281,245,96,85743,48532,1.3473714841907745,257,159,21786,23751,24011,15458,3213,10254,49105,38802,6527,1107,1041,269,2348,3662,23671,11748,3813,106,1277,27659,17045,115,1371,153,2847,242,106,2184
964,4925,964.1915951544266,99657,485,280,245,96,85825,48579,1.3486659241197307,261,164,21829,23654,23925,15371,3254,10434,49105,38802,6778,1171,1040,269,2332,3666,23627,11850,3803,107,1302,27499,16929,115,1362,158,2964,254,108,2272
965,4925,965.3696622077167,99656,479,293,246,96,85904,48633,1.3500140483262422,254,155,21877,23584,23844,15249,3299,10622,49105,38802,7032,1237,1037,267,2319,3672,23559,11969,3794,110,1312,27352,16826,115,1353,165,3072,263,116,2355
966,4925,966.1571407102804,99656,477,294,246,96,85966,48667,1.3509773621257124,238,151,21904,23495,23790,15135,3344,10828,49105,38802,7289,1306,1035,267,2310,3670,23491,12071,3789,112,1323,27215,16715,115,1348,167,3189,269,126,2444
967,4925,967.3420305525816,99656,464,273,246,96,86042,48693,1.3520008830376495,240,171,21929,23439,23736,15017,3384,11003,49105,38802,7549,1378,1030,266,2292,3677,23460,12158,3782,117,1338,27052,16590,113,1339,172,3309,282,139,2540
968,4925,968.1333843014227,99656,458,267,246,96,86079,48723,1.3526731957935298,253,177,21936,23338,23669,14916,3437,11205,49105,38802,7811,1452,1030,266,2280,3677,23396,12254,3779,117,1350,26898,16480,113,1333,178,3436,293,141,2635
969,4925,969.3245967645229,99656,452,268,246,96,86155,48777,1.3539776832303123,263,163,21964,23290,23582,14798,3492,11384,49105,38802,8076,1529,1026,266,2269,3678,23334,12359,3776,120,1378,26737,16343,113,1325,184,3561,303,150,2734
970,4925,970.121042511466,99656,445,266,246,96,86193,48807,1.354660030504937,277,160,21955,23187,23516,14703,3560,11587,49105,38802,8343,1609,1021,266,2256,3676,23289,12441,3772,125,1388,26590,16220,113,1323,186,3682,312,155,2841
971,4925,971.3197266043006,99654,452,286,247,97,86280,48862,1.3561121480321914,275,145,21981,23108,23428,14581,3616,11782,49105,38802,8612,1691,1018,266,2246,3682,23238,12539,3761,128,1411,26408,16108,113,1317,189,3825,321,159,2925
972,4925,972.1212928418515,99654,449,284,247,97,86339,48890,1.3569851686836454,263,147,21989,23019,23361,14461,3690,11991,49105,38802,8882,1776,1017,266,2237,3684,23174,12644,3755,129,1418,26243,16005,112,1309,196,3958,327,167,3013
973,4925,973.3278646219582,99653,456,283,248,97,86420,48936,1.3582732080318707,262,138,22009,22949,23279,14351,3745,12181,49105,38802,9154,1864,1017,264,2223,3690,23117,12757,3745,129,1434,26067,15894,112,1302,201,4094,334,175,3098
974,4925,974.1346293234548,99653,457,280,248,97,86471,48964,1.3590659588773042,265,141,22035,22857,23176,14235,3818,12389,49105,38802,9427,1955,1017,264,2210,3696,23056,12851,3737,129,1444,25906,15779,111,1292,209,4229,345,183,3195
975,4925,975.3503502691648,99653,455,270,248,97,86547,49000,1.360189858810071,263,145,22045,22818,23099,14093,3889,12576,49105,38802,9701,2048,1013,263,2197,3691,22995,12967,3732,133,1465,25749,15657,111,1284,213,4352,355,187,3289
976,4925,976.163381158736,99653,479,278,248,97,86612,49035,1.3611933408928985,248,141,22063,22719,23008,13971,3953,12793,49105,38802,9976,2144,1010,263,2186,3693,22919,13068,3729,136,1478,25597,15539,111,1276,219,4488,361,193,3387
977,4925,977.3881531217446,99653,480,273,248,97,86698,49078,1.3624878327797456,265,145,22074,22641,22917,13862,4015,12981,49105,38802,10252,2243,1006,262,2165,3695,22874,13172,3723,140,1500,25428,15402,111,1266,226,4611,378,196,3498
978,4925,978.2074221224615,99652,464,273,249,97,86748,49111,1.3633344037249628,263,140,22078,22541,22858,13758,4087,13190,49105,38802,10529,2345,1005,262,2148,3696,22806,13284,3720,141,1506,25265,15289,110,1255,234,4739,393,204,3595
979,4925,979.0289857409467,99652,477,264,249,97,86817,49136,1.3642776863484927,249,144,22071,22429,22788,13652,4165,13413,49105,38802,10806,2450,1004,262,2131,3697,22725,13401,3715,142,1519,25125,15166,110,1249,237,4856,404,221,3688
980,4925,980.2658621632839,99652,466,279,249,97,86889,49187,1.365511981696303,258,132,22093,22379,22688,13526,4245,13586,49105,38802,11083,2557,1002,260,2117,3696,22657,13516,3711,144,1529,24953,15041,110,1242,241,4995,415,239,3784
981,4925,981.0935157738837,99652,460,287,249,97,86939,49223,1.3663749849476177,257,129,22092,22293,22611,13404,4330,13789,49105,38802,11360,2667,1000,260,2091,3698,22575,13638,3703,146,1528,24793,14952,110,1236,246,5132,432,250,3862
982,4925,982.3399449667801,99651,473,264,250,97,87033,49261,1.3677133194850026,244,146,22099,22195,22519,13309,4414,13988,49105,38802,11637,2780,998,260,2075,3697,22514,13765,3696,148,1546,24604,14832,110,1230,252,5271,442,258,3953
983,4925,983.1738449999343,99651,474,266,250,97,87094,49290,1.3686164714854843,231,147,22106,22108,22430,13178,4508,14203,49105,38802,11914,2896,996,260,2066,3693,22432,13883,3693,150,1554,24449,14713,110,1223,257,5403,448,269,4052
984,4925,984.0109490248998,99651,468,265,250,97,87140,49314,1.3693189230414144,231,154,22095,22016,22352,13060,4603,14407,49105,38802,12191,3015,995,260,2057,3690,22361,13987,3690,151,1561,24272,14595,110,1217,262,5558,453,276,4156
985,4925,985.2722800945345,99651,455,253,250,97,87210,49349,1.3703726003753098,249,173,22103,21946,22254,12962,4688,14568,49105,38802,12467,3136,988,257,2046,3693,22277,14119,3683,158,1578,24110,14467,110,1207,268,5688,462,291,4249
986,4925,986.1162374846349,99651,471,268,250,97,87275,49390,1.3714363127314326,240,164,22068,21861,22187,12844,4783,14765,49105,38802,12742,3260,987,257,2035,3693,22210,14226,3680,158,1581,23944,14349,110,1198,274,5824,471,304,4350
987,4925,987.3867523429911,99651,449,262,250,97,87338,49443,1.3726003753098313,248,149,22089,21818,22084,12734,4879,14939,49105,38802,13016,3387,985,257,2013,3691,22120,14365,3675,160,1609,23767,14221,110,1189,280,5971,486,318,4434
988,4925,988.2367347198025,99651,455,263,250,97,87389,49472,1.3734031770880373,267,153,22082,21706,21964,12629,4981,15151,49105,38802,13289,3517,983,256,2000,3693,22026,14484,3669,162,1614,23606,14106,110,1178,289,6116,498,327,4534
989,4925,989.087741140428,99651,451,277,250,97,87446,49511,1.3743665392218845,265,142,22063,21632,21885,12521,5085,15330,49105,38802,13561,3649,982,256,1984,3691,21924,14618,3661,163,1619,23458,14003,110,1168,298,6244,513,341,4618
990,4925,990.3648653987206,99651,453,277,250,97,87525,49559,1.3756409870447863,266,139,22066,21590,21779,12407,5185,15489,49105,38802,13832,3784,979,256,1974,3690,21842,14752,3655,166,1634,23271,13877,110,1160,303,6392,522,355,4713
991,4925,991.2163290497613,99651,471,283,250,97,87590,49603,1.376734804467592,271,121,22045,21506,21668,12320,5294,15672,49105,38802,14101,3922,976,256,1957,3693,21741,14889,3652,169,1637,23110,13776,110,1152,309,6525,536,368,4795
992,4925,992.0683156964961,99651,453,282,250,97,87639,49639,1.3775877813569357,271,126,22028,21409,21595,12225,5402,15860,49105,38802,14368,4062,973,255,1944,3689,21656,15022,3647,172,1644,22947,13656,110,1142,317,6656,547,380,4894
993,4925,993.3474683906766,99650,468,265,250,98,87726,49668,1.3787656798795784,266,151,22016,21370,21495,12104,5504,16011,49105,38802,14634,4205,973,254,1925,3687,21596,15142,3646,172,1646,22752,13544,110,1130,326,6806,561,401,4979
994,4925,994.2005646470914,99650,462,272,250,98,87788,49709,1.3797992975413949,258,143,22017,21284,21388,11995,5624,16207,49105,38802,14898,4350,969,253,1916,3687,21515,15269,3641,175,1652,22580,13435,110,1117,336,6943,569,415,5068
995,4925,995.053798407704,99650,473,264,250,98,87851,49736,1.380702458605118,247,141,21994,21201,21296,11905,5739,16390,49105,38802,15160,4498,968,252,1906,3690,21418,15394,3637,176,1659,22420,13332,109,1101,345,7086,578,429,5150
996,4925,996.3349537935446,99650,469,259,250,98,87934,49783,1.3820070245860512,247,134,21986,21154,21197,11809,5850,16545,49105,38802,15420,4648,966,249,1890,3695,21329,15541,3629,177,1670,22265,13210,108,1091,352,7200,590,442,5246
997,4925,997.1893743113618,99650,475,251,250,98,87990,49813,1.3828700451580531,244,139,21950,21095,21109,11701,5971,16715,49105,38802,15678,4800,965,249,1883,3693,21242,15666,3626,178,1675,22094,13104,108,1081,360,7341,597,455,5333
998,4925,998.0450409891207,99650,472,250,250,98,88047,49844,1.3837531359759156,237,135,21915,21016,21029,11610,6096,16890,49105,38802,15934,4955,962,249,1868,3696,21148,15792,3619,181,1692,21935,12999,108,1073,368,7478,610,461,5411
999,4925,999.3305103017071,99650,459,238,250,98,88121,49880,1.3848569994982438,232,143,21933,20942,20919,11527,6206,17051,49105,38802,16187,5112,962,246,1849,3706,21040,15941,3609,180,1705,21776,12874,108,1068,373,7605,625,484,5499
1000,4925,1000.1873273426442,99650,466,228,250,98,88168,49906,1.3855895634721525,236,151,21884,20888,20821,11427,6342,17207,49105,38802,16438,5271,961,246,1838,3707,20957,16056,3605,180,1714,21615,12760,108,1063,378,7740,636,493,5593
1001,4925,1001.0457818290726,99650,464,246,250,98,88219,49946,1.3865027596588058,231,134,21852,20824,20729,11319,6473,17378,49105,38802,16687,5432,960,246,1829,3701,20868,16177,3603,181,1715,21467,12645,107,1056,384,7870,644,502,5695
1002,4925,1002.3360043228589,99650,451,248,250,98,88299,49992,1.387767185148018,230,125,21831,20797,20637,11214,6600,17517,49105,38802,16933,5595,959,245,1815,3700,20777,16325,3597,182,1723,21304,12529,107,1046,389,7994,654,521,5783
1003,4925,1003.1967762600125,99650,447,251,250,98,88353,50025,1.3886402408429503,233,120,21784,20688,20541,11135,6744,17707,49105,38802,17177,5760,955,245,1805,3701,20693,16445,3591,186,1729,21152,12409,107,1037,397,8119,662,536,5881
1004,4925,1004.0594097706658,99650,445,253,250,98,88405,50056,1.3894731560461615,231,113,21756,20602,20444,11050,6873,17883,49105,38802,17418,5927,953,245,1787,3706,20611,16564,3583,188,1731,20990,12310,107,1030,401,8255,675,549,5965
1005,4925,1005.3552219974925,99650,433,246,250,98,88475,50086,1.3904766683391871,221,119,21757,20567,20337,10947,7001,18022,49105,38802,17656,6095,953,245,1779,3712,20529,16696,3573,188,1735,20803,12203,106,1021,408,8402,681,571,6045
1006,4925,1006.2191752192433,99649,434,240,250,99,88525,50116,1.3912934399743098,217,108,21718,20517,20248,10868,7132,18167,49105,38802,17892,6265,950,245,1767,3711,20436,16829,3571,189,1732,20652,12092,104,1012,414,8526,691,591,6137
1007,4925,1007.0848619482477,99649,440,242,250,99,88576,50148,1.3921263635360115,213,96,21693,20456,20125,10775,7278,18331,49105,38802,18125,6437,950,245,1755,3715,20341,16946,3562,189,1741,20483,11990,104,1006,419,8682,700,606,6215
1008,4925,1008.3850181299906,99649,448,231,250,99,88650,50176,1.3931499563467773,200,101,21706,20435,19996,10690,7399,18443,49105,38802,18355,6610,947,245,1743,3718,20236,17086,3555,192,1752,20324,11887,102,998,426,8816,711,617,6294
1009,4925,1009.251481001962,99649,445,232,250,99,88692,50198,1.3937922106594145,201,101,21659,20399,19901,10580,7543,18588,49105,38802,18582,6785,947,245,1728,3719,20126,17226,3552,191,1750,20162,11813,101,990,434,8954,725,630,6356
1010,4925,1010.1193777961653,99649,432,242,250,99,88726,50219,1.3943441479593373,204,111,21647,20322,19780,10483,7686,18742,49105,38802,18807,6961,945,245,1719,3715,20004,17371,3548,193,1744,20021,11723,101,985,438,9083,733,646,6435
1011,4925,1011.4221126259162,99648,430,237,251,99,88791,50256,1.3953817437379576,206,119,21659,20297,19643,10394,7810,18853,49105,38802,19029,7138,943,245,1704,3713,19917,17506,3544,195,1748,19840,11641,101,975,448,9227,744,662,6495
1012,4925,1012.2902387738415,99648,411,247,251,99,88827,50283,1.3960139691714837,218,112,21635,20235,19532,10317,7952,18989,49105,38802,19248,7316,942,245,1695,3715,19816,17633,3539,196,1750,19702,11529,101,965,457,9346,752,675,6590
1013,4925,1013.1595006252244,99648,404,239,251,99,88872,50300,1.396636159280668,222,126,21590,20198,19430,10227,8102,19110,49105,38802,19464,7495,939,245,1680,3718,19704,17766,3533,199,1756,19559,11436,100,959,462,9474,766,687,6665
1014,4925,1014.0303794771972,99648,409,230,251,99,88919,50320,1.3973085260115607,243,134,21543,20141,19303,10162,8250,19233,49105,38802,19677,7675,939,244,1669,3723,19592,17903,3526,199,1755,19423,11348,100,948,469,9594,776,703,6737
1015,4925,1015.3392509136781,99648,414,215,251,99,89002,50360,1.3985428709055876,218,128,21541,20124,19209,10094,8366,19339,49105,38802,19887,7856,935,244,1663,3729,19482,18065,3517,203,1767,19268,11246,99,944,469,9709,780,719,6809
1016,4925,1016.2121588500024,99648,406,213,251,99,89047,50387,1.3992654142581888,218,122,21491,20085,19121,10017,8512,19463,49105,38802,20094,8038,933,244,1643,3731,19379,18197,3510,204,1772,19128,11154,99,934,478,9830,797,728,6887
1017,4925,1017.0870054795255,99648,395,211,251,99,89092,50415,1.3999979929351316,212,115,21463,20032,19020,9952,8658,19590,49105,38802,20298,8221,933,242,1633,3730,19295,18314,3506,203,1774,18982,11057,99,929,481,9958,804,745,6963
1018,4925,1018.4019679280035,99648,396,208,251,99,89164,50455,1.4011219492614002,204,114,21463,20026,18891,9895,8794,19657,49105,38802,20500,8405,929,241,1616,3731,19205,18452,3498,207,1771,18843,10967,99,920,485,10065,820,765,7034
1019,4925,1019.2785283045409,99648,379,207,251,99,89199,50480,1.401724068721901,209,109,21424,19974,18797,9830,8939,19780,49105,38802,20699,8589,928,241,1605,3725,19123,18572,3494,208,1775,18693,10877,99,912,492,10192,828,774,7110
1020,4925,1020.1569991400411,99648,377,204,251,99,89245,50506,1.4024466120745023,198,110,21382,19910,18708,9779,9083,19897,49105,38802,20895,8774,926,241,1594,3732,19035,18690,3484,210,1777,18554,10791,99,904,499,10311,836,781,7184
1021,4925,1021.0371367923007,99648,363,190,251,99,89291,50527,1.403118978805395,197,118,21367,19849,18604,9731,9217,20012,49105,38802,21088,8959,924,241,1578,3734,18947,18813,3477,212,1778,18421,10687,99,896,504,10422,850,797,7268
1022,4925,1022.3589642853613,99648,349,186,251,99,89345,50560,1.4039920520231215,193,114,21362,19859,18495,9656,9349,20085,49105,38802,21278,9144,924,240,1562,3736,18868,18929,3471,212,1773,18278,10602,99,892,506,10538,864,826,7328
1023,4925,1023.2402861680207,99648,336,181,251,99,89384,50577,1.4045540301862556,200,119,21310,19836,18414,9577,9488,20187,49105,38802,21465,9330,921,240,1548,3741,18758,19062,3466,214,1764,18152,10522,99,889,509,10643,877,849,7394
1024,4925,1024.123733529243,99648,348,182,251,99,89426,50606,1.405266538214515,212,111,21258,19806,18292,9514,9638,20287,49105,38802,21649,9516,920,240,1536,3735,18677,19169,3464,215,1764,18007,10447,99,879,517,10773,889,863,7454
1025,4925,1025.0091346016018,99648,352,187,251,99,89469,50634,1.4059790462427746,200,104,21228,19753,18177,9457,9791,20399,49105,38802,21830,9702,920,240,1528,3740,18584,19289,3458,215,1759,17870,10368,97,871,525,10887,896,877,7524
1026,4925,1026.3394489676298,99648,366,188,251,99,89547,50663,1.4070528259473347,175,118,21243,19748,18057,9379,9907,20467,49105,38802,22009,9888,919,238,1519,3736,18490,19425,3455,216,1755,17735,10284,97,865,531,10992,905,894,7592
1027,4925,1027.22610867562,99648,357,189,251,99,89582,50684,1.4076148041104688,186,122,21207,19712,17951,9317,10047,20560,49105,38802,22185,10074,917,238,1509,3737,18405,19535,3452,218,1750,17600,10205,97,859,536,11110,912,910,7658
1028,4925,1028.11385035854,99648,348,199,251,99,89622,50717,1.4083473827874118,192,108,21155,19697,17860,9252,10193,20644,49105,38802,22358,10259,917,238,1496,3737,18306,19662,3449,218,1743,17484,10127,96,853,540,11208,924,926,7724
1029,4925,1029.0033823678973,99648,339,204,251,99,89663,50745,1.4090398201669878,180,102,21129,19681,17757,9184,10343,20729,49105,38802,22528,10444,917,237,1486,3737,18215,19784,3446,218,1733,17349,10057,96,849,544,11321,932,945,7782
1030,4925,1030.3401361692856,99648,328,198,251,99,89728,50783,1.4100734585741812,176,89,21126,19704,17650,9136,10468,20773,49105,38802,22696,10629,910,236,1475,3737,18139,19905,3443,225,1742,17205,9957,94,847,545,11434,937,962,7855
1031,4925,1031.2315773308728,99648,329,170,251,99,89769,50795,1.4106053307642903,176,92,21094,19676,17534,9091,10615,20871,49105,38802,22861,10813,908,234,1461,3732,18051,20029,3443,227,1748,17084,9884,94,836,553,11533,948,976,7907
1032,4925,1032.1246953830143,99648,316,172,251,99,89805,50816,1.411177344251766,167,86,21056,19656,17444,9027,10765,20959,49105,38802,23023,10997,907,234,1454,3729,17948,20156,3440,228,1746,16968,9810,94,831,557,11633,955,988,7970
1033,4925,1033.0194991445253,99648,324,165,251,99,89853,50836,1.4118597463070006,164,84,21006,19633,17348,8976,10906,21042,49105,38802,23183,11180,906,234,1435,3733,17859,20275,3433,229,1744,16843,9737,94,828,560,11737,968,1006,8027
1034,4925,1034.36494954578,99648,311,164,251,99,89902,50861,1.4126023603082851,158,92,21013,19624,17248,8924,11018,21096,49105,38802,23340,11363,903,232,1426,3737,17778,20393,3428,232,1747,16709,9655,94,823,563,11844,973,1017,8094
1035,4925,1035.2621811038039,99648,298,173,251,99,89928,50882,1.4130740205523442,164,96,20968,19600,17163,8853,11155,21178,49105,38802,23494,11545,900,232,1416,3735,17693,20499,3424,235,1739,16604,9589,94,814,569,11940,980,1030,8155
1036,4925,1036.1611942869592,99648,297,177,251,99,89964,50907,1.413686175337187,162,82,20933,19591,17075,8803,11281,21247,49105,38802,23646,11726,899,231,1403,3741,17600,20611,3418,236,1740,16482,9521,93,810,572,12046,993,1040,8212
1037,4925,1037.0616376725602,99647,293,178,252,99,89997,50927,1.414232239806517,167,75,20908,19601,16980,8737,11399,21309,49105,38802,23795,11906,898,230,1394,3745,17514,20718,3411,237,1737,16376,9452,93,807,574,12138,1001,1054,8268
1038,4925,1038.4141927393393,99647,287,174,252,99,90045,50951,1.4149547904101478,165,74,20899,19639,16890,8669,11506,21344,49105,38802,23942,12085,895,230,1382,3749,17440,20832,3406,239,1731,16245,9391,93,802,579,12239,1009,1067,8318
1039,4925,1039.3161177336556,99647,293,162,252,99,90085,50965,1.415496703362871,174,79,20857,19634,16785,8629,11638,21396,49105,38802,24086,12263,890,230,1372,3749,17348,20942,3403,244,1730,16140,9326,93,796,584,12330,1019,1079,8372
1040,4925,1040.2197848006817,99647,314,157,252,99,90138,50981,1.4161891476913504,158,74,20841,19636,16668,8580,11766,21453,49105,38802,24228,12440,889,230,1365,3750,17263,21048,3401,245,1729,16029,9251,93,791,587,12427,1024,1091,8434
1041,4925,1041.1246616624562,99647,296,149,252,99,90165,50993,1.4165805292683171,166,77,20822,19627,16565,8537,11898,21510,49105,38802,24367,12616,888,230,1355,3748,17184,21153,3399,246,1720,15914,9186,93,788,588,12525,1032,1113,8485
1042,4925,1042.0302104169205,99647,291,149,252,99,90197,51010,1.417072265095788,163,81,20790,19628,16478,8483,12025,21559,49105,38802,24504,12791,886,230,1345,3754,17088,21265,3392,248,1708,15817,9133,93,782,591,12611,1041,1135,8528
1043,4925,1043.3906719909567,99647,285,139,252,99,90256,51029,1.4178550282497215,154,87,20815,19680,16374,8422,12119,21572,49105,38802,24639,12965,880,230,1338,3753,17006,21387,3388,254,1700,15708,9078,92,769,604,12691,1047,1152,8570
1044,4925,1044.297068327695,99647,270,140,252,99,90280,51052,1.4183266932270917,159,83,20786,19668,16283,8373,12249,21636,49105,38802,24771,13138,880,228,1329,3754,16926,21492,3385,254,1693,15603,9023,92,763,610,12777,1055,1169,8614
1045,4925,1045.2044900792123,99647,268,142,252,99,90319,51065,1.418848535329714,157,82,20755,19663,16197,8315,12370,21698,49105,38802,24901,13310,879,228,1315,3753,16842,21601,3380,255,1686,15515,8951,92,757,613,12852,1066,1181,8681
1046,4925,1046.1131705611158,99647,278,141,252,99,90361,51082,1.4194406254076892,130,77,20734,19663,16111,8271,12494,21748,49105,38802,25029,13480,879,228,1309,3751,16766,21701,3380,255,1680,15411,8888,92,752,618,12937,1071,1194,8735
1047,4925,1047.023201371446,99647,273,137,252,99,90382,51106,1.4198922195349584,138,60,20711,19678,15998,8236,12627,21789,49105,38802,25155,13649,878,228,1296,3754,16696,21792,3376,256,1678,15312,8825,92,745,623,13022,1082,1211,8781
1048,4925,1048.3894497611193,99647,264,137,252,99,90431,51128,1.4206047347135389,122,66,20753,19729,15894,8168,12714,21800,49105,38802,25279,13817,877,228,1289,3751,16633,21889,3372,257,1671,15196,8774,92,739,626,13119,1086,1237,8811
1049,4925,1049.2992676012868,99647,255,134,252,99,90452,51141,1.4209459391652532,124,71,20717,19723,15812,8120,12839,21852,49105,38802,25400,13983,876,228,1282,3751,16546,21994,3368,258,1667,15095,8721,92,736,627,13209,1093,1251,8853
1050,4925,1050.2102618241133,99647,245,130,252,99,90472,51155,1.4212871436169678,133,69,20689,19728,15712,8069,12968,21904,49105,38802,25519,14148,876,228,1277,3749,16477,22086,3366,258,1659,14987,8681,92,727,635,13300,1097,1273,8879
1051,4925,1051.1225821589676,99647,238,124,252,99,90497,51168,1.4216684897688843,129,67,20678,19751,15626,8012,13076,21946,49105,38802,25636,14311,875,228,1269,3744,16410,22182,3365,259,1661,14886,8619,92,722,639,13381,1103,1281,8931
1052,4925,1052.0357633588221,99647,245,128,252,99,90528,51184,1.4221401547462542,128,57,20664,19761,15521,7962,13189,21992,49105,38802,25751,14473,874,228,1263,3745,16350,22260,3363,260,1649,14801,8555,92,718,642,13453,1108,1297,8989
1053,4925,1053.4061931809183,99647,253,118,252,99,90573,51203,1.4227824219494816,125,66,20674,19805,15415,7919,13280,21992,49105,38802,25864,14633,873,228,1257,3743,16279,22360,3359,261,1646,14706,8496,92,711,647,13532,1111,1314,9032
1054,4925,1054.3193497775624,99647,237,120,252,99,90591,51222,1.4231537326763475,139,64,20644,19818,15331,7874,13396,22024,49105,38802,25975,14792,870,228,1247,3740,16199,22462,3359,264,1636,14614,8454,91,706,651,13610,1120,1330,9066
1055,4925,1055.2339626885782,99647,228,114,252,99,90616,51230,1.4234849017030116,136,64,20645,19863,15245,7828,13493,22031,49105,38802,26084,14949,869,228,1237,3742,16132,22549,3353,265,1634,14518,8407,91,704,652,13694,1128,1340,9104
1056,4925,1056.149002437702,99647,245,114,252,99,90651,51248,1.4240167792306844,129,55,20633,19886,15131,7780,13609,22065,49105,38802,26191,15105,869,228,1229,3741,16058,22641,3351,265,1625,14438,8361,91,699,657,13764,1134,1351,9145
1057,4925,1057.0643894360685,99647,245,108,252,99,90676,51261,1.4243981253826006,127,55,20602,19902,15050,7736,13723,22099,49105,38802,26297,15259,869,228,1222,3742,15990,22728,3348,265,1618,14347,8319,91,695,659,13843,1139,1365,9179
1058,4925,1058.4388794620302,99646,231,103,253,99,90719,51274,1.4249744094093089,115,61,20654,19944,14947,7703,13799,22089,49105,38802,26401,15411,868,228,1215,3737,15930,22824,3345,266,1622,14240,8266,91,690,664,13923,1145,1375,9217
1059,4925,1059.3539720039548,99646,237,104,253,99,90749,51284,1.4253758304397568,107,76,20635,19972,14865,7643,13902,22105,49105,38802,26503,15562,868,228,1211,3740,15848,22911,3341,265,1615,14143,8226,91,687,666,14018,1149,1390,9249
1060,4925,1060.2694486140842,99646,231,110,253,99,90775,51303,1.4258274290990105,103,64,20637,19985,14774,7613,14001,22128,49105,38802,26603,15711,865,227,1201,3741,15783,22992,3337,268,1617,14051,8187,91,684,669,14100,1157,1397,9279
1061,4925,1061.1851279760044,99646,225,112,253,99,90801,51315,1.4262087790779359,98,66,20639,19991,14691,7573,14093,22158,49105,38802,26701,15858,865,227,1197,3738,15720,23077,3334,268,1614,13958,8143,91,677,675,14179,1161,1405,9317
1062,4925,1062.1010298542924,99646,220,118,253,99,90826,51338,1.4266904843144732,108,66,20625,20009,14603,7544,14190,22163,49105,38802,26798,16004,864,227,1187,3739,15656,23157,3332,269,1609,13873,8100,91,674,677,14253,1170,1420,9348
1063,4925,1063.0170145742247,99646,221,123,253,99,90859,51351,1.4271521184994882,99,67,20606,20030,14526,7503,14294,22177,49105,38802,26893,16148,864,226,1184,3742,15586,23237,3330,269,1604,13792,8058,91,665,685,14325,1173,1433,9382
1064,4925,1064.392146912255,99646,209,126,253,99,90894,51383,1.4278244987254882,105,57,20638,20078,14437,7483,14357,22156,49105,38802,26986,16290,864,225,1182,3751,15516,23329,3319,269,1606,13712,8009,91,660,688,14393,1173,1443,9416
1065,4925,1065.3081013299245,99646,212,123,253,99,90918,51394,1.42817574212713,106,64,20630,20105,14347,7449,14451,22159,49105,38802,27078,16431,863,225,1176,3751,15454,23403,3317,270,1600,13635,7963,91,655,693,14461,1178,1459,9452
1066,4925,1066.2243517973213,99646,216,128,253,99,90945,51413,1.428637376312145,101,57,20638,20130,14263,7407,14528,22178,49105,38802,27168,16570,862,225,1164,3749,15394,23478,3317,271,1603,13551,7926,91,652,696,14532,1190,1463,9482
1067,4925,1067.1402171982004,99646,201,127,253,99,90970,51428,1.4290387973425929,103,46,20629,20177,14198,7381,14615,22169,49105,38802,27256,16707,862,224,1156,3749,15328,23567,3315,271,1599,13476,7880,91,648,700,14591,1197,1477,9515
1068,4925,1068.0563806210287,99646,209,127,253,99,90998,51441,1.4294502538988016,98,48,20638,20196,14106,7341,14695,22188,49105,38802,27343,16843,862,224,1148,3746,15268,23643,3314,271,1593,13397,7845,91,646,702,14662,1204,1488,9542
1069,4925,1069.4302295303396,99646,199,117,253,99,91029,51457,1.429921923609578,91,45,20692,20284,14011,7305,14753,22149,49105,38802,27428,16977,862,224,1141,3744,15196,23739,3308,271,1594,13322,7807,91,640,708,14723,1210,1502,9564
1070,4925,1070.3442742489585,99646,202,108,253,99,91053,51464,1.430233024908175,91,55,20700,20302,13929,7266,14824,22169,49105,38802,27512,17109,862,224,1138,3741,15134,23819,3308,271,1590,13259,7759,91,636,712,14774,1212,1512,9604
1071,4925,1071.2578038330576,99646,196,106,253,99,91076,51474,1.4305641972582943,81,57,20697,20342,13870,7230,14902,22165,49105,38802,27594,17239,860,224,1130,3745,15062,23906,3304,272,1589,13203,7710,91,635,712,14819,1218,1518,9648
1072,4925,1072.1714311292221,99645,187,107,254,99,91104,51486,1.4309799789251845,73,60,20710,20354,13812,7201,14963,22178,49105,38802,27675,17368,858,223,1124,3748,15002,23982,3298,274,1587,13144,7667,91,633,714,14870,1223,1523,9684
1073,4925,1073.0847146506671,99645,159,100,254,99,91114,51494,1.4311606202017162,84,64,20715,20379,13750,7175,15037,22182,49105,38802,27755,17495,858,223,1121,3747,14942,24060,3295,274,1585,13065,7629,91,632,715,14936,1226,1534,9712
1074,4925,1074.4540196367961,99645,155,101,254,99,91141,51515,1.4316423302724672,85,53,20761,20446,13670,7142,15074,22158,49105,38802,27833,17620,858,222,1114,3746,14884,24135,3293,274,1579,12990,7588,91,629,717,15000,1232,1549,9744
1075,4925,1075.365348235622,99645,159,100,254,99,91161,51527,1.4319634703196347,80,54,20774,20498,13581,7113,15151,22135,49105,38802,27910,17744,856,222,1108,3746,14818,24211,3292,276,1573,12932,7556,91,628,718,15053,1237,1560,9768
1076,4925,1076.276555376406,99645,151,102,254,99,91173,51540,1.4322143609814844,88,58,20772,20523,13504,7085,15230,22132,49105,38802,27986,17866,856,222,1098,3746,14765,24278,3290,276,1571,12868,7513,91,626,720,15107,1245,1571,9802
1077,4925,1077.1875925670797,99645,146,108,254,99,91190,51558,1.4325656079080737,86,52,20797,20567,13428,7037,15288,22136,49105,38802,28060,17986,856,222,1090,3745,14710,24350,3289,276,1561,12804,7487,91,625,721,15159,1251,1584,9824
1078,4925,1078.0976557254005,99645,146,110,254,99,91213,51569,1.432906819208189,81,51,20802,20605,13369,7008,15347,22126,49105,38802,28133,18105,855,222,1084,3743,14648,24427,3288,277,1555,12741,7456,91,624,722,15211,1257,1595,9849
1079,4925,1079.0074704406843,99645,142,106,254,99,91231,51576,1.4331577098700385,80,53,20831,20654,13298,6970,15394,22117,49105,38802,28205,18222,853,222,1080,3742,14601,24488,3285,279,1550,12676,7422,91,622,724,15268,1260,1606,9876
1080,4925,1080.3702143842543,99645,149,102,254,99,91261,51596,1.4336594911937377,75,48,20865,20708,13213,6948,15443,22094,49105,38802,28275,18337,853,222,1074,3739,14551,24560,3284,279,1553,12611,7385,91,617,729,15318,1264,1614,9901
1081,4925,1081.277240198261,99645,152,101,254,99,91281,51604,1.4339404887350093,63,50,20886,20727,13144,6923,15500,22099,49105,38802,28344,18451,852,222,1072,3739,14492,24626,3284,280,1551,12553,7348,91,615,731,15371,1265,1623,9930
1082,4925,1082.18375596608,99645,151,95,254,99,91296,51618,1.4342315219027548,61,47,20895,20764,13071,6899,15567,22095,49105,38802,28412,18563,852,222,1069,3734,14426,24706,3284,280,1553,12487,7325,91,614,732,15429,1268,1633,9940
1083,4925,1083.089794089064,99645,144,97,254,99,91310,51633,1.4345225550705003,57,42,20920,20815,13003,6860,15621,22086,49105,38802,28479,18673,852,222,1064,3734,14365,24780,3283,280,1549,12428,7298,91,612,734,15478,1271,1643,9961
1084,4925,1084.4473502178982,99645,147,91,254,99,91338,51646,1.4349340157559336,59,40,20994,20921,12912,6820,15633,22028,49105,38802,28545,18782,852,222,1055,3727,14322,24839,3283,280,1550,12367,7271,91,609,736,15533,1278,1659,9971
1085,4925,1085.3499163702784,99645,146,90,254,99,91348,51655,1.4351246926589392,69,36,21026,20975,12819,6783,15685,22016,49105,38802,28610,18889,851,221,1051,3730,14261,24903,3282,280,1547,12313,7245,91,607,737,15585,1282,1668,9991
1086,4925,1086.2508745061432,99645,153,89,254,99,91364,51663,1.4353655476943148,70,33,21046,21010,12741,6747,15735,22021,49105,38802,28674,18995,851,221,1049,3728,14196,24975,3282,280,1544,12274,7213,91,607,737,15619,1284,1673,10021
1087,4925,1087.1506937568142,99645,146,87,254,99,91376,51672,1.4355762958502685,67,32,21074,21048,12681,6719,15777,22014,49105,38802,28736,19099,851,221,1048,3729,14148,25032,3277,280,1542,12216,7183,91,606,738,15672,1285,1685,10041
1088,4925,1088.0494679862586,99645,142,78,254,99,91392,51678,1.435797079632696,66,32,21098,21090,12618,6706,15821,21994,49105,38802,28797,19201,851,221,1044,3728,14098,25095,3275,280,1548,12164,7147,91,605,739,15716,1287,1688,10068
1089,4925,1089.3956027880586,99645,133,69,254,99,91412,51690,1.4361182196798634,74,34,21148,21170,12551,6676,15839,21951,49105,38802,28857,19302,850,221,1041,3734,14057,25157,3267,281,1547,12097,7127,91,602,741,15768,1289,1695,10080
1090,4925,1090.2912334406428,99645,136,59,254,99,91431,51693,1.4363390034622912,75,36,21162,21213,12486,6655,15886,21937,49105,38802,28916,19401,850,221,1038,3735,14013,25212,3265,281,1544,12045,7097,91,595,748,15811,1291,1702,10106
1091,4925,1091.1863173998713,99645,134,56,254,99,91448,51699,1.4365698228711927,77,37,21163,21241,12435,6639,15936,21927,49105,38802,28974,19499,849,221,1031,3734,13975,25263,3264,282,1543,11992,7072,91,592,749,15857,1297,1708,10125
1092,4925,1092.0810666765592,99645,127,59,254,99,91460,51710,1.4368006422800943,74,30,21164,21288,12390,6609,15990,21914,49105,38802,29031,19595,849,221,1029,3734,13942,25306,3262,282,1544,11938,7037,91,590,751,15903,1299,1712,10155
1093,4925,1093.422959173258,99645,123,57,254,99,91483,51725,1.4371819960861056,67,37,21238,21359,12323,6591,15994,21856,49105,38802,29087,19690,848,221,1024,3735,13885,25374,3260,283,1545,11894,7010,91,588,753,15940,1302,1721,10171
1094,4925,1094.3151767611457,99645,130,58,254,99,91503,51732,1.4374529580009032,57,38,21256,21399,12277,6560,16025,21845,49105,38802,29142,19783,848,221,1018,3732,13841,25428,3260,283,1538,11849,6989,91,585,756,15980,1307,1729,10190
