,indexID,time,N,Inf_L,Inf_H,Dead_L,Dead_H,cum_cases_L,cum_cases_H,cum_sum_per_N,Exposed_L,Exposed_H,Sus_L,Sus_H,Rec_nat_L,Rec_nat_H,Rec_vax_L,Rec_vax_H,vaccinatedH,vaccinatedL,boostedH,boostedL,count_Naive,count_Delta,count_Delta_vaccine,count_two,count_three,count_four,count_Omicron,count_Omicron_star,count_Omicron_star_vaccine,count_Omicron_vaccine,count_Vaccine,count_WT,count_WT_vaccine,count_WT_vaccine_boost,count_Omicron_vaccine_boost,count_Delta_vaccine_boost,count_Omicron_star_vaccine_boost,count_Vaccine_boost
0,10907,1.008985090271869,99996,11,11,0,0,12,11,0.00023000920036801473,14,14,49972,49973,1,0,0,0,0,0,0,0,99995,0,0,0,0,0,0,0,0,0,0,1,0,0,0,0,0,0
1,10907,2.0317325962226893,99996,14,14,0,0,18,17,0.0003500140005600224,9,8,49971,49973,4,3,0,0,0,0,0,0,99989,0,0,0,0,0,0,0,0,0,0,7,0,0,0,0,0,0
2,10907,3.0179082574079157,99996,13,13,0,0,19,19,0.0003800152006080243,13,6,49966,49973,6,6,0,0,0,0,0,0,99984,0,0,0,0,0,0,0,0,0,0,12,0,0,0,0,0,0
3,10907,4.028216650116812,99996,16,12,0,0,25,20,0.0004500180007200288,7,7,49966,49971,9,8,0,0,0,0,0,0,99979,0,0,0,0,0,0,0,0,0,0,17,0,0,0,0,0,0
4,10907,5.005552593945708,99996,12,11,0,0,25,21,0.00046001840073602946,8,7,49965,49970,13,10,0,0,0,0,0,0,99973,0,0,0,0,0,0,0,0,0,0,23,0,0,0,0,0,0
5,10907,6.027601903137455,99996,11,11,0,0,29,24,0.0005300212008480339,5,4,49964,49970,18,13,0,0,0,0,0,0,99965,0,0,0,0,0,0,0,0,0,0,31,0,0,0,0,0,0
6,10907,7.022936066419449,99996,11,10,0,0,31,25,0.0005600224008960358,6,4,49961,49969,20,15,0,0,0,0,0,0,99961,0,0,0,0,0,0,0,0,0,0,35,0,0,0,0,0,0
7,10907,8.033755857559251,99996,14,9,0,0,34,26,0.0006000240009600384,3,4,49961,49968,20,17,0,0,0,0,0,0,99959,0,0,0,0,0,0,0,0,0,0,37,0,0,0,0,0,0
8,10907,9.001221489764244,99996,15,9,0,0,35,27,0.0006200248009920397,3,4,49960,49967,20,18,0,0,0,0,0,0,99958,0,0,0,0,0,0,0,0,0,0,38,0,0,0,0,0,0
9,10907,10.050381127932473,99996,9,7,0,0,35,27,0.0006200248009920397,5,5,49958,49966,26,20,0,0,0,0,0,0,99950,0,0,0,0,0,0,0,0,0,0,46,0,0,0,0,0,0
10,10907,11.19623832449448,99996,8,7,0,0,38,29,0.0006700268010720429,4,3,49956,49966,30,22,0,0,0,0,0,0,99944,0,0,0,0,0,0,0,0,0,0,52,0,0,0,0,0,0
11,10907,12.00623097507659,99996,10,6,0,0,40,30,0.0007000280011200448,3,2,49955,49966,30,24,0,0,0,0,0,0,99942,0,0,0,0,0,0,0,0,0,0,54,0,0,0,0,0,0
12,10907,13.038251392865071,99996,8,6,0,0,41,31,0.0007200288011520461,5,2,49952,49965,33,25,0,0,0,0,0,0,99938,0,0,0,0,0,0,0,0,0,0,58,0,0,0,0,0,0
13,10907,14.008973139055433,99996,8,7,0,0,42,33,0.000750030001200048,7,1,49949,49964,34,26,0,0,0,0,0,0,99936,0,0,0,0,0,0,0,0,0,0,60,0,0,0,0,0,0
14,10907,15.05867050281987,99996,7,6,0,0,43,33,0.0007600304012160486,8,1,49947,49964,36,27,0,0,0,0,0,0,99933,0,0,0,0,0,0,0,0,0,0,63,0,0,0,0,0,0
15,10907,16.193090713503793,99996,10,4,0,0,47,33,0.0008000320012800512,5,2,49946,49963,37,29,0,0,0,0,0,0,99930,0,0,0,0,0,0,0,0,0,0,66,0,0,0,0,0,0
16,10907,17.205611128820216,99996,10,5,0,0,49,34,0.0008300332013280532,7,2,49942,49962,39,29,0,0,0,0,0,0,99928,0,0,0,0,0,0,0,0,0,0,68,0,0,0,0,0,0
17,10907,18.091594455264516,99996,8,5,0,0,49,34,0.0008300332013280532,8,2,49941,49962,41,29,0,0,0,0,0,0,99926,0,0,0,0,0,0,0,0,0,0,70,0,0,0,0,0,0
18,10907,19.108697523157034,99996,10,6,0,0,51,35,0.0008600344013760551,7,1,49940,49962,41,29,0,0,0,0,0,0,99926,0,0,0,0,0,0,0,0,0,0,70,0,0,0,0,0,0
19,10907,20.1265794373856,99996,10,5,0,0,53,35,0.0008800352014080563,8,2,49937,49962,43,29,0,0,0,0,0,0,99923,0,0,0,0,0,0,0,0,0,0,73,0,0,0,0,0,0
20,10907,21.036206432918423,99996,12,7,0,0,55,37,0.0009200368014720589,6,0,49937,49962,43,29,0,0,0,0,0,0,99923,0,0,0,0,0,0,0,0,0,0,73,0,0,0,0,0,0
21,10907,22.012037550841217,99995,11,6,1,0,58,37,0.0009500475023751188,3,0,49937,49962,46,30,0,0,0,0,0,0,99918,0,0,0,0,0,0,0,0,0,0,77,0,0,0,0,0,0
22,10907,23.22217896526218,99995,8,6,1,0,58,38,0.0009600480024001201,3,0,49937,49961,49,31,0,0,0,0,0,0,99914,0,0,0,0,0,0,0,0,0,0,81,0,0,0,0,0,0
23,10907,24.064170296128097,99995,7,6,1,0,60,38,0.0009800490024501226,3,1,49935,49960,52,31,0,0,0,0,0,0,99911,0,0,0,0,0,0,0,0,0,0,84,0,0,0,0,0,0
24,10907,25.082884732745434,99995,8,6,1,0,61,38,0.0009900495024751238,2,3,49935,49958,52,31,0,0,0,0,0,0,99911,0,0,0,0,0,0,0,0,0,0,84,0,0,0,0,0,0
25,10907,26.12169530772008,99995,7,6,1,0,62,38,0.001000050002500125,3,3,49933,49959,54,30,0,0,0,0,0,0,99909,0,0,0,0,0,0,0,0,0,0,86,0,0,0,0,0,0
26,10907,27.119820810886168,99995,3,3,1,0,63,39,0.0010200510025501275,3,2,49932,49959,59,34,0,0,0,0,0,0,99900,0,0,0,0,0,0,0,0,0,0,95,0,0,0,0,0,0
27,10907,28.069921367705273,99995,4,2,1,0,64,39,0.0010300515025751288,2,2,49932,49959,59,35,0,0,0,0,0,0,99899,0,0,0,0,0,0,0,0,0,0,96,0,0,0,0,0,0
28,10907,29.110582393446357,99995,1,1,1,0,65,40,0.0010500525026251313,1,1,49932,49959,63,37,0,0,0,0,0,0,99893,0,0,0,0,0,0,0,0,0,0,102,0,0,0,0,0,0
29,10907,30.20292048701823,99995,2,2,1,0,66,41,0.0010700535026751338,0,1,49932,49959,63,36,0,0,0,0,0,0,99893,0,0,0,0,0,0,0,0,0,0,102,0,0,0,0,0,0
30,10907,31.184947928341508,99995,2,2,1,0,66,41,0.0010700535026751338,1,1,49931,49959,63,36,0,0,0,0,0,0,99893,0,0,0,0,0,0,0,0,0,0,102,0,0,0,0,0,0
31,10907,32.166985463074084,99995,2,2,1,0,66,41,0.0010700535026751338,1,1,49931,49959,63,36,0,0,0,0,0,0,99893,0,0,0,0,0,0,0,0,0,0,102,0,0,0,0,0,0
32,10907,33.200700618732164,99995,2,2,1,0,67,42,0.0010900545027251363,0,0,49931,49959,64,37,0,0,0,0,0,0,99891,0,0,0,0,0,0,0,0,0,0,104,0,0,0,0,0,0
33,10907,34.14347592374875,99995,1,1,1,0,67,42,0.0010900545027251363,0,0,49931,49959,65,38,0,0,0,0,0,0,99889,0,0,0,0,0,0,0,0,0,0,106,0,0,0,0,0,0
34,10907,35.12554370510944,99995,1,1,1,0,67,42,0.0010900545027251363,0,0,49931,49959,65,38,0,0,0,0,0,0,99889,0,0,0,0,0,0,0,0,0,0,106,0,0,0,0,0,0
35,10907,36.107611473467564,99995,1,1,1,0,67,42,0.0010900545027251363,0,0,49931,49960,65,37,0,0,0,0,0,0,99889,0,0,0,0,0,0,0,0,0,0,106,0,0,0,0,0,0
36,10907,37.05868332393357,99995,2,1,1,0,68,42,0.0011000550027501375,0,0,49930,49960,65,37,0,0,0,0,0,0,99889,0,0,0,0,0,0,0,0,0,0,106,0,0,0,0,0,0
37,10907,38.0407599068605,99995,2,1,1,0,68,42,0.0011000550027501375,0,1,49930,49959,65,37,0,0,0,0,0,0,99889,0,0,0,0,0,0,0,0,0,0,106,0,0,0,0,0,0
38,10907,39.21031395210146,99995,2,2,1,0,68,43,0.0011100555027751388,0,0,49930,49959,65,37,0,0,0,0,0,0,99889,0,0,0,0,0,0,0,0,0,0,106,0,0,0,0,0,0
39,10907,40.192385063901135,99995,2,2,1,0,68,43,0.0011100555027751388,0,1,49930,49958,65,37,0,0,0,0,0,0,99889,0,0,0,0,0,0,0,0,0,0,106,0,0,0,0,0,0
40,10907,41.05851944218182,99995,0,0,1,0,68,43,0.0011100555027751388,0,1,49930,49958,67,39,0,0,0,0,0,0,99885,0,0,0,0,0,0,0,0,0,0,110,0,0,0,0,0,0
41,10907,42.05438381734521,99995,0,0,1,0,68,43,0.0011100555027751388,0,1,49930,49958,67,39,0,0,0,0,0,0,99885,0,0,0,0,0,0,0,0,0,0,110,0,0,0,0,0,0
42,10907,43.03648346678549,99995,0,0,1,0,68,43,0.0011100555027751388,0,1,49930,49958,67,39,0,0,0,0,0,0,99885,0,0,0,0,0,0,0,0,0,0,110,0,0,0,0,0,0
43,10907,44.01858311622577,99995,0,0,1,0,68,43,0.0011100555027751388,0,1,49931,49958,66,39,0,0,0,0,0,0,99885,0,0,0,0,0,0,0,0,0,0,110,0,0,0,0,0,0
44,10907,45.00066962690331,99995,0,0,1,0,68,43,0.0011100555027751388,0,1,49931,49958,66,39,0,0,0,0,0,0,99885,0,0,0,0,0,0,0,0,0,0,110,0,0,0,0,0,0
45,10907,46.31010954863154,99995,0,0,1,0,68,43,0.0011100555027751388,0,1,49932,49958,65,39,0,0,0,0,0,0,99885,0,0,0,0,0,0,0,0,0,0,110,0,0,0,0,0,0
46,10907,47.292169782572984,99995,0,0,1,0,68,43,0.0011100555027751388,0,1,49932,49958,65,39,0,0,0,0,0,0,99885,0,0,0,0,0,0,0,0,0,0,110,0,0,0,0,0,0
47,10907,48.27423001651443,99995,0,0,1,0,68,43,0.0011100555027751388,0,1,49932,49959,65,38,0,0,0,0,0,0,99885,0,0,0,0,0,0,0,0,0,0,110,0,0,0,0,0,0
48,10907,49.256290211448935,99995,0,0,1,0,68,43,0.0011100555027751388,0,1,49932,49959,65,38,0,0,0,0,0,0,99885,0,0,0,0,0,0,0,0,0,0,110,0,0,0,0,0,0
49,10907,50.23835040638344,99995,0,0,1,0,68,43,0.0011100555027751388,0,1,49932,49959,65,38,0,0,0,0,0,0,99885,0,0,0,0,0,0,0,0,0,0,110,0,0,0,0,0,0
50,10907,51.220410601317944,99995,0,0,1,0,68,43,0.0011100555027751388,0,1,49932,49959,65,38,0,0,0,0,0,0,99885,0,0,0,0,0,0,0,0,0,0,110,0,0,0,0,0,0
51,10907,52.20247079625245,99995,0,0,1,0,68,43,0.0011100555027751388,0,1,49932,49959,65,38,0,0,0,0,0,0,99885,0,0,0,0,0,0,0,0,0,0,110,0,0,0,0,0,0
52,10907,53.18453099118695,99995,0,0,1,0,68,43,0.0011100555027751388,0,1,49932,49959,65,38,0,0,0,0,0,0,99885,0,0,0,0,0,0,0,0,0,0,110,0,0,0,0,0,0
53,10907,54.16659118612146,99995,0,0,1,0,68,43,0.0011100555027751388,0,1,49932,49959,65,38,0,0,0,0,0,0,99885,0,0,0,0,0,0,0,0,0,0,110,0,0,0,0,0,0
54,10907,55.14865138105596,99995,0,0,1,0,68,43,0.0011100555027751388,0,1,49932,49959,65,38,0,0,0,0,0,0,99885,0,0,0,0,0,0,0,0,0,0,110,0,0,0,0,0,0
55,10907,56.13071157599047,99995,0,0,1,0,68,43,0.0011100555027751388,0,1,49932,49959,65,38,0,0,0,0,0,0,99885,0,0,0,0,0,0,0,0,0,0,110,0,0,0,0,0,0
56,10907,57.01720918660127,99995,0,0,1,0,68,44,0.00112005600280014,0,0,49933,49959,64,39,0,0,0,0,0,0,99884,0,0,0,0,0,0,0,0,0,0,111,0,0,0,0,0,0
57,10907,58.32660217914168,99995,0,0,1,0,68,44,0.00112005600280014,0,0,49933,49959,64,39,0,0,0,0,0,0,99884,0,0,0,0,0,0,0,0,0,0,111,0,0,0,0,0,0
58,10907,59.30864692354699,99995,0,0,1,0,68,44,0.00112005600280014,0,0,49933,49959,64,39,0,0,0,0,0,0,99884,0,0,0,0,0,0,0,0,0,0,111,0,0,0,0,0,0
59,10907,60.290691667952295,99995,0,0,1,0,68,44,0.00112005600280014,0,0,49934,49959,63,39,0,0,0,0,0,0,99884,0,0,0,0,0,0,0,0,0,0,111,0,0,0,0,0,0
60,10907,61.27272327511726,99995,0,0,1,0,68,44,0.00112005600280014,0,0,49934,49960,63,38,0,0,0,0,0,0,99884,0,0,0,0,0,0,0,0,0,0,111,0,0,0,0,0,0
61,10907,62.25474828765847,99995,0,0,1,0,68,44,0.00112005600280014,0,0,49934,49960,63,38,0,0,0,0,0,0,99884,0,0,0,0,0,0,0,0,0,0,111,0,0,0,0,0,0
62,10907,63.2367732871979,99995,0,0,1,0,68,44,0.00112005600280014,0,0,49934,49960,63,38,0,0,0,0,0,0,99884,0,0,0,0,0,0,0,0,0,0,111,0,0,0,0,0,0
63,10907,64.21879828673733,99995,0,0,1,0,68,44,0.00112005600280014,0,0,49934,49960,63,38,0,0,0,0,0,0,99884,0,0,0,0,0,0,0,0,0,0,111,0,0,0,0,0,0
64,10907,65.20082328627673,99995,0,0,1,0,68,44,0.00112005600280014,0,0,49934,49960,63,38,0,0,0,0,0,0,99884,0,0,0,0,0,0,0,0,0,0,111,0,0,0,0,0,0
65,10907,66.18284828581614,99995,0,0,1,0,68,44,0.00112005600280014,0,0,49934,49960,63,38,0,0,0,0,0,0,99884,0,0,0,0,0,0,0,0,0,0,111,0,0,0,0,0,0
66,10907,67.16487328535554,99995,0,0,1,0,68,44,0.00112005600280014,0,0,49934,49960,63,38,0,0,0,0,0,0,99884,0,0,0,0,0,0,0,0,0,0,111,0,0,0,0,0,0
67,10907,68.14689828489495,99995,0,0,1,0,68,44,0.00112005600280014,0,0,49934,49960,63,38,0,0,0,0,0,0,99884,0,0,0,0,0,0,0,0,0,0,111,0,0,0,0,0,0
68,10907,69.12892328443435,99995,0,0,1,0,68,44,0.00112005600280014,0,0,49934,49960,63,38,0,0,0,0,0,0,99884,0,0,0,0,0,0,0,0,0,0,111,0,0,0,0,0,0
69,10907,70.11094828397376,99995,0,0,1,0,68,44,0.00112005600280014,0,0,49934,49960,63,38,0,0,0,0,0,0,99884,0,0,0,0,0,0,0,0,0,0,111,0,0,0,0,0,0
70,10907,71.09297328351316,99995,0,0,1,0,68,44,0.00112005600280014,0,0,49934,49960,63,38,0,0,0,0,0,0,99884,0,0,0,0,0,0,0,0,0,0,111,0,0,0,0,0,0
71,10907,72.07499171469574,99995,0,0,1,0,68,44,0.00112005600280014,0,0,49935,49960,62,38,0,0,0,0,0,0,99884,0,0,0,0,0,0,0,0,0,0,111,0,0,0,0,0,0
72,10907,73.05699700916468,99995,0,0,1,0,68,44,0.00112005600280014,0,0,49935,49960,62,38,0,0,0,0,0,0,99884,0,0,0,0,0,0,0,0,0,0,111,0,0,0,0,0,0
73,10907,74.03900230363361,99995,0,0,1,0,68,44,0.00112005600280014,0,0,49935,49960,62,38,0,0,0,0,0,0,99884,0,0,0,0,0,0,0,0,0,0,111,0,0,0,0,0,0
74,10907,75.02100759810254,99995,0,0,1,0,68,44,0.00112005600280014,0,0,49936,49960,61,38,0,0,0,0,0,0,99884,0,0,0,0,0,0,0,0,0,0,111,0,0,0,0,0,0
75,10907,76.00299318829022,99995,0,0,1,0,68,44,0.00112005600280014,0,0,49936,49960,61,38,0,0,0,0,0,0,99884,0,0,0,0,0,0,0,0,0,0,111,0,0,0,0,0,0
76,10907,77.31229414687704,99995,0,0,1,0,68,44,0.00112005600280014,0,0,49937,49961,60,37,0,0,0,0,0,0,99884,0,0,0,0,0,0,0,0,0,0,111,0,0,0,0,0,0
77,10907,78.29425999456959,99995,0,0,1,0,68,44,0.00112005600280014,0,0,49937,49961,60,37,0,0,0,0,0,0,99884,0,0,0,0,0,0,0,0,0,0,111,0,0,0,0,0,0
78,10907,79.27622584226214,99995,0,0,1,0,68,44,0.00112005600280014,0,0,49937,49961,60,37,0,0,0,0,0,0,99884,0,0,0,0,0,0,0,0,0,0,111,0,0,0,0,0,0
79,10907,80.25819168995469,99995,0,0,1,0,68,44,0.00112005600280014,0,0,49937,49961,60,37,0,0,0,0,0,0,99884,0,0,0,0,0,0,0,0,0,0,111,0,0,0,0,0,0
80,10907,81.24015753764724,99995,0,0,1,0,68,44,0.00112005600280014,0,0,49937,49961,60,37,0,0,0,0,0,0,99884,0,0,0,0,0,0,0,0,0,0,111,0,0,0,0,0,0
81,10907,82.22212338533978,99995,0,0,1,0,68,44,0.00112005600280014,0,0,49938,49961,59,37,0,0,0,0,0,0,99884,0,0,0,0,0,0,0,0,0,0,111,0,0,0,0,0,0
82,10907,83.20406953033014,99995,0,0,1,0,68,44,0.00112005600280014,0,0,49938,49961,59,37,0,0,0,0,0,0,99884,0,0,0,0,0,0,0,0,0,0,111,0,0,0,0,0,0
83,10907,84.1860156753205,99995,0,0,1,0,68,44,0.00112005600280014,0,0,49938,49961,59,37,0,0,0,0,0,0,99884,0,0,0,0,0,0,0,0,0,0,111,0,0,0,0,0,0
84,10907,85.16796182031086,99995,0,0,1,0,68,44,0.00112005600280014,0,0,49939,49961,58,37,0,0,0,0,0,0,99884,0,0,0,0,0,0,0,0,0,0,111,0,0,0,0,0,0
85,10907,86.14988826338812,99995,0,0,1,0,68,44,0.00112005600280014,0,0,49939,49961,58,37,0,0,0,0,0,0,99884,0,0,0,0,0,0,0,0,0,0,111,0,0,0,0,0,0
86,10907,87.13181470646538,99995,0,0,1,0,68,44,0.00112005600280014,0,0,49940,49961,57,37,0,0,0,0,0,0,99884,0,0,0,0,0,0,0,0,0,0,111,0,0,0,0,0,0
87,10907,88.11372144841853,99995,0,0,1,0,68,44,0.00112005600280014,0,0,49940,49961,57,37,0,0,0,0,0,0,99884,0,0,0,0,0,0,0,0,0,0,111,0,0,0,0,0,0
88,10907,89.09562819037168,99995,0,0,1,0,68,44,0.00112005600280014,0,0,49940,49961,57,37,0,0,0,0,0,0,99884,0,0,0,0,0,0,0,0,0,0,111,0,0,0,0,0,0
89,10907,90.07753493232484,99995,0,0,1,0,68,44,0.00112005600280014,0,0,49940,49961,57,37,0,0,0,0,0,0,99884,0,0,0,0,0,0,0,0,0,0,111,0,0,0,0,0,0
90,10907,91.05944167427799,99995,0,0,1,0,68,44,0.00112005600280014,0,0,49940,49961,57,37,0,0,0,0,0,0,99884,0,0,0,0,0,0,0,0,0,0,111,0,0,0,0,0,0
91,10907,92.04134841623114,99995,0,0,1,0,68,44,0.00112005600280014,0,0,49940,49961,57,37,0,0,0,0,0,0,99884,0,0,0,0,0,0,0,0,0,0,111,0,0,0,0,0,0
92,10907,93.0232551581843,99995,0,0,1,0,68,44,0.00112005600280014,0,0,49941,49961,56,37,0,0,0,0,0,0,99884,0,0,0,0,0,0,0,0,0,0,111,0,0,0,0,0,0
93,10907,94.00514876658069,99995,0,0,1,0,68,44,0.00112005600280014,0,0,49941,49961,56,37,0,0,0,0,0,0,99884,0,0,0,0,0,0,0,0,0,0,111,0,0,0,0,0,0
94,10907,95.31433148873803,99995,0,0,1,0,68,44,0.00112005600280014,0,0,49941,49961,56,37,0,0,0,0,0,0,99884,0,0,0,0,0,0,0,0,0,0,111,0,0,0,0,0,0
95,10907,96.29621853035604,99995,0,0,1,0,68,44,0.00112005600280014,0,0,49941,49961,56,37,0,0,0,0,0,0,99884,0,0,0,0,0,0,0,0,0,0,111,0,0,0,0,0,0
96,10907,97.27810557197405,99995,0,0,1,0,68,44,0.00112005600280014,0,0,49941,49961,56,37,0,0,0,0,0,0,99884,0,0,0,0,0,0,0,0,0,0,111,0,0,0,0,0,0
97,10907,98.25999261359206,99995,0,0,1,0,68,44,0.00112005600280014,0,0,49941,49961,56,37,0,0,0,0,0,0,99884,0,0,0,0,0,0,0,0,0,0,111,0,0,0,0,0,0
98,10907,99.24187965521007,99995,0,0,1,0,68,44,0.00112005600280014,0,0,49941,49962,56,36,0,0,0,0,0,0,99884,0,0,0,0,0,0,0,0,0,0,111,0,0,0,0,0,0
99,10907,100.2237666578282,99995,0,0,1,0,68,44,0.00112005600280014,0,0,49941,49962,56,36,0,0,0,0,0,0,99884,0,0,0,0,0,0,0,0,0,0,111,0,0,0,0,0,0
100,10907,101.20565366044632,99995,0,0,1,0,68,44,0.00112005600280014,0,0,49941,49963,56,35,0,0,0,0,0,0,99884,0,0,0,0,0,0,0,0,0,0,111,0,0,0,0,0,0
101,10907,102.18754063706449,99995,0,0,1,0,68,44,0.00112005600280014,0,0,49941,49963,56,35,0,0,0,0,0,0,99884,0,0,0,0,0,0,0,0,0,0,111,0,0,0,0,0,0
102,10907,103.16942760068268,99995,0,0,1,0,68,44,0.00112005600280014,0,0,49941,49963,56,35,0,0,0,0,0,0,99884,0,0,0,0,0,0,0,0,0,0,111,0,0,0,0,0,0
103,10907,104.15131456430088,99995,0,0,1,0,68,44,0.00112005600280014,0,0,49941,49963,56,35,0,0,0,0,0,0,99884,0,0,0,0,0,0,0,0,0,0,111,0,0,0,0,0,0
104,10907,105.13320152791907,99995,0,0,1,0,68,44,0.00112005600280014,0,0,49942,49963,55,35,0,0,0,0,0,0,99884,0,0,0,0,0,0,0,0,0,0,111,0,0,0,0,0,0
105,10907,106.11507535850753,99995,0,0,1,0,68,44,0.00112005600280014,0,0,49942,49963,55,35,0,0,0,0,0,0,99884,0,0,0,0,0,0,0,0,0,0,111,0,0,0,0,0,0
106,10907,107.09694262258111,99995,0,0,1,0,68,44,0.00112005600280014,0,0,49942,49963,55,35,0,0,0,0,0,0,99884,0,0,0,0,0,0,0,0,0,0,111,0,0,0,0,0,0
107,10907,108.0788098866547,99995,0,0,1,0,68,44,0.00112005600280014,0,0,49942,49963,55,35,0,0,0,0,0,0,99884,0,0,0,0,0,0,0,0,0,0,111,0,0,0,0,0,0
108,10907,109.06067715072828,99995,0,0,1,0,68,44,0.00112005600280014,0,0,49942,49963,55,35,0,0,0,0,0,0,99884,0,0,0,0,0,0,0,0,0,0,111,0,0,0,0,0,0
109,10907,110.04254440180216,99995,0,0,1,0,68,44,0.00112005600280014,0,0,49942,49965,55,33,0,0,0,0,0,0,99884,0,0,0,0,0,0,0,0,0,0,111,0,0,0,0,0,0
110,10907,111.02441160087719,99995,0,0,1,0,68,44,0.00112005600280014,0,0,49943,49965,54,33,0,0,0,0,0,0,99884,0,0,0,0,0,0,0,0,0,0,111,0,0,0,0,0,0
111,10907,112.00625908819833,99995,0,0,1,0,68,44,0.00112005600280014,0,0,49943,49965,54,33,0,0,0,0,0,0,99884,0,0,0,0,0,0,0,0,0,0,111,0,0,0,0,0,0
112,10907,113.3153890712932,99995,0,0,1,0,68,44,0.00112005600280014,0,0,49943,49965,54,33,0,0,0,0,0,0,99884,0,0,0,0,0,0,0,0,0,0,111,0,0,0,0,0,0
113,10907,114.29723655861434,99995,0,0,1,0,68,44,0.00112005600280014,0,0,49943,49965,54,33,0,0,0,0,0,0,99884,0,0,0,0,0,0,0,0,0,0,111,0,0,0,0,0,0
114,10907,115.27908404593549,99995,0,0,1,0,68,44,0.00112005600280014,0,0,49943,49965,54,33,0,0,0,0,0,0,99884,0,0,0,0,0,0,0,0,0,0,111,0,0,0,0,0,0
115,10907,116.26093153325664,99995,0,0,1,0,68,44,0.00112005600280014,0,0,49944,49965,53,33,0,0,0,0,0,0,99884,0,0,0,0,0,0,0,0,0,0,111,0,0,0,0,0,0
116,10907,117.24275932261241,99995,0,0,1,0,68,44,0.00112005600280014,0,0,49944,49966,53,32,0,0,0,0,0,0,99884,0,0,0,0,0,0,0,0,0,0,111,0,0,0,0,0,0
117,10907,118.2245870859698,99995,0,0,1,0,68,44,0.00112005600280014,0,0,49945,49966,52,32,0,0,0,0,0,0,99884,0,0,0,0,0,0,0,0,0,0,111,0,0,0,0,0,0
118,10907,119.20640170487748,99995,0,0,1,0,68,44,0.00112005600280014,0,0,49945,49966,52,32,0,0,0,0,0,0,99884,0,0,0,0,0,0,0,0,0,0,111,0,0,0,0,0,0
119,10907,120.1882097580599,99995,0,0,1,0,68,44,0.00112005600280014,0,0,49946,49966,51,32,0,0,0,0,0,0,99884,0,0,0,0,0,0,0,0,0,0,111,0,0,0,0,0,0
120,10907,121.16999811485525,99995,0,0,1,0,68,44,0.00112005600280014,0,0,49946,49966,51,32,0,0,0,0,0,0,99884,0,0,0,0,0,0,0,0,0,0,111,0,0,0,0,0,0
121,10907,122.1517864716506,99995,0,0,1,0,68,44,0.00112005600280014,0,0,49946,49966,51,32,0,0,0,0,0,0,99884,0,0,0,0,0,0,0,0,0,0,111,0,0,0,0,0,0
122,10907,123.13357482844594,99995,0,0,1,0,68,44,0.00112005600280014,0,0,49946,49966,51,32,0,0,0,0,0,0,99884,0,0,0,0,0,0,0,0,0,0,111,0,0,0,0,0,0
123,10907,124.11536318524129,99995,0,0,1,0,68,44,0.00112005600280014,0,0,49946,49966,51,32,0,0,0,0,0,0,99884,0,0,0,0,0,0,0,0,0,0,111,0,0,0,0,0,0
124,10907,125.09715154203664,99995,0,0,1,0,68,44,0.00112005600280014,0,0,49946,49966,51,32,0,0,0,0,0,0,99884,0,0,0,0,0,0,0,0,0,0,111,0,0,0,0,0,0
125,10907,126.07893989883199,99995,0,0,1,0,68,44,0.00112005600280014,0,0,49946,49966,51,32,0,0,0,0,0,0,99884,0,0,0,0,0,0,0,0,0,0,111,0,0,0,0,0,0
126,10907,127.06072825562734,99995,0,0,1,0,68,44,0.00112005600280014,0,0,49947,49966,50,32,0,0,0,0,0,0,99884,0,0,0,0,0,0,0,0,0,0,111,0,0,0,0,0,0
127,10907,128.0425034820238,99995,0,0,1,0,68,44,0.00112005600280014,0,0,49947,49966,50,32,0,0,0,0,0,0,99884,0,0,0,0,0,0,0,0,0,0,111,0,0,0,0,0,0
128,10907,129.02427214322077,99995,0,0,1,0,68,44,0.00112005600280014,0,0,49947,49967,50,31,0,0,0,0,0,0,99884,0,0,0,0,0,0,0,0,0,0,111,0,0,0,0,0,0
129,10907,130.00604077842098,99995,0,0,1,0,68,44,0.00112005600280014,0,0,49947,49967,50,31,0,0,0,0,0,0,99884,0,0,0,0,0,0,0,0,0,0,111,0,0,0,0,0,0
130,10907,131.31506560802342,99995,0,0,1,0,68,44,0.00112005600280014,0,0,49947,49967,50,31,0,0,0,0,0,0,99884,0,0,0,0,0,0,0,0,0,0,111,0,0,0,0,0,0
131,10907,132.29683423022524,99995,0,0,1,0,68,44,0.00112005600280014,0,0,49947,49967,50,31,0,0,0,0,0,0,99884,0,0,0,0,0,0,0,0,0,0,111,0,0,0,0,0,0
132,10907,133.27860285242707,99995,0,0,1,0,68,44,0.00112005600280014,0,0,49948,49968,49,30,0,0,0,0,0,0,99884,0,0,0,0,0,0,0,0,0,0,111,0,0,0,0,0,0
133,10907,134.26035830576154,99995,0,0,1,0,68,44,0.00112005600280014,0,0,49948,49968,49,30,0,0,0,0,0,0,99884,0,0,0,0,0,0,0,0,0,0,111,0,0,0,0,0,0
134,10907,135.24210719415996,99995,0,0,1,0,68,44,0.00112005600280014,0,0,49948,49968,49,30,0,0,0,0,0,0,99884,0,0,0,0,0,0,0,0,0,0,111,0,0,0,0,0,0
135,10907,136.22385608255837,99995,0,0,1,0,68,44,0.00112005600280014,0,0,49948,49968,49,30,0,0,0,0,0,0,99884,0,0,0,0,0,0,0,0,0,0,111,0,0,0,0,0,0
136,10907,137.20560497095678,99995,0,0,1,0,68,44,0.00112005600280014,0,0,49948,49968,49,30,0,0,0,0,0,0,99884,0,0,0,0,0,0,0,0,0,0,111,0,0,0,0,0,0
137,10907,138.1873538593552,99995,0,0,1,0,68,44,0.00112005600280014,0,0,49949,49968,48,30,0,0,0,0,0,0,99884,0,0,0,0,0,0,0,0,0,0,111,0,0,0,0,0,0
138,10907,139.16908961840724,99995,0,0,1,0,68,44,0.00112005600280014,0,0,49949,49968,48,30,0,0,0,0,0,0,99884,0,0,0,0,0,0,0,0,0,0,111,0,0,0,0,0,0
139,10907,140.1508188127861,99995,0,0,1,0,68,44,0.00112005600280014,0,0,49949,49968,48,30,0,0,0,0,0,0,99884,0,0,0,0,0,0,0,0,0,0,111,0,0,0,0,0,0
140,10907,141.13254800716496,99995,0,0,1,0,68,44,0.00112005600280014,0,0,49950,49968,47,30,0,0,0,0,0,0,99884,0,0,0,0,0,0,0,0,0,0,111,0,0,0,0,0,0
141,10907,142.11426407272313,99995,0,0,1,0,68,44,0.00112005600280014,0,0,49950,49968,47,30,0,0,0,0,0,0,99884,0,0,0,0,0,0,0,0,0,0,111,0,0,0,0,0,0
142,10907,143.09597357387096,99995,0,0,1,0,68,44,0.00112005600280014,0,0,49950,49968,47,30,0,0,0,0,0,0,99884,0,0,0,0,0,0,0,0,0,0,111,0,0,0,0,0,0
143,10907,144.0776830750188,99995,0,0,1,0,68,44,0.00112005600280014,0,0,49950,49969,47,29,0,0,0,0,0,0,99884,0,0,0,0,0,0,0,0,0,0,111,0,0,0,0,0,0
144,10907,145.05939253717378,99995,0,0,1,0,68,44,0.00112005600280014,0,0,49950,49969,47,29,0,0,0,0,0,0,99884,0,0,0,0,0,0,0,0,0,0,111,0,0,0,0,0,0
145,10907,146.04110199932876,99995,0,0,1,0,68,44,0.00112005600280014,0,0,49951,49969,46,29,0,0,0,0,0,0,99884,0,0,0,0,0,0,0,0,0,0,111,0,0,0,0,0,0
146,10907,147.02279833318926,99995,0,0,1,0,68,44,0.00112005600280014,0,0,49951,49969,46,29,0,0,0,0,0,0,99884,0,0,0,0,0,0,0,0,0,0,111,0,0,0,0,0,0
147,10907,148.0044881029025,99995,0,0,1,0,68,44,0.00112005600280014,0,0,49953,49969,44,29,0,0,0,0,0,0,99884,0,0,0,0,0,0,0,0,0,0,111,0,0,0,0,0,0
148,10907,149.31335528582937,99995,0,0,1,0,68,44,0.00112005600280014,0,0,49953,49969,44,29,0,0,0,0,0,0,99884,0,0,0,0,0,0,0,0,0,0,111,0,0,0,0,0,0
149,10907,150.29500567302452,99995,0,0,1,0,68,44,0.00112005600280014,0,0,49953,49969,44,29,0,0,0,0,0,0,99884,0,0,0,0,0,0,0,0,0,0,111,0,0,0,0,0,0
150,10907,151.27665606021966,99995,0,0,1,0,68,44,0.00112005600280014,0,0,49954,49969,43,29,0,0,0,0,0,0,99884,0,0,0,0,0,0,0,0,0,0,111,0,0,0,0,0,0
151,10907,152.25828675733825,99995,0,0,1,0,68,44,0.00112005600280014,0,0,49954,49969,43,29,0,0,0,0,0,0,99884,0,0,0,0,0,0,0,0,0,0,111,0,0,0,0,0,0
152,10907,153.23991745445684,99995,0,0,1,0,68,44,0.00112005600280014,0,0,49954,49969,43,29,0,0,0,0,0,0,99884,0,0,0,0,0,0,0,0,0,0,111,0,0,0,0,0,0
153,10907,154.22154815157543,99995,0,0,1,0,68,44,0.00112005600280014,0,0,49954,49969,43,29,0,0,0,0,0,0,99884,0,0,0,0,0,0,0,0,0,0,111,0,0,0,0,0,0
154,10907,155.20317884869402,99995,0,0,1,0,68,44,0.00112005600280014,0,0,49954,49969,43,29,0,0,0,0,0,0,99884,0,0,0,0,0,0,0,0,0,0,111,0,0,0,0,0,0
155,10907,156.1848095458126,99995,0,0,1,0,68,44,0.00112005600280014,0,0,49954,49969,43,29,0,0,0,0,0,0,99884,0,0,0,0,0,0,0,0,0,0,111,0,0,0,0,0,0
156,10907,157.1664402429312,99995,0,0,1,0,68,44,0.00112005600280014,0,0,49954,49969,43,29,0,0,0,0,0,0,99884,0,0,0,0,0,0,0,0,0,0,111,0,0,0,0,0,0
157,10907,158.1480709270532,99995,0,0,1,0,68,44,0.00112005600280014,0,0,49954,49970,43,28,0,0,0,0,0,0,99884,0,0,0,0,0,0,0,0,0,0,111,0,0,0,0,0,0
158,10907,159.129701585182,99995,0,0,1,0,68,44,0.00112005600280014,0,0,49955,49970,42,28,0,0,0,0,0,0,99884,0,0,0,0,0,0,0,0,0,0,111,0,0,0,0,0,0
159,10907,160.11131255402347,99995,0,0,1,0,68,44,0.00112005600280014,0,0,49955,49970,42,28,0,0,0,0,0,0,99884,0,0,0,0,0,0,0,0,0,0,111,0,0,0,0,0,0
160,10907,161.09291696003189,99995,0,0,1,0,68,44,0.00112005600280014,0,0,49956,49970,41,28,0,0,0,0,0,0,99884,0,0,0,0,0,0,0,0,0,0,111,0,0,0,0,0,0
161,10907,162.0745082403742,99995,0,0,1,0,68,44,0.00112005600280014,0,0,49956,49970,41,28,0,0,0,0,0,0,99884,0,0,0,0,0,0,0,0,0,0,111,0,0,0,0,0,0
162,10907,163.05609952071651,99995,0,0,1,0,68,44,0.00112005600280014,0,0,49956,49970,41,28,0,0,0,0,0,0,99884,0,0,0,0,0,0,0,0,0,0,111,0,0,0,0,0,0
163,10907,164.03769080105883,99995,0,0,1,0,68,44,0.00112005600280014,0,0,49957,49970,40,28,0,0,0,0,0,0,99884,0,0,0,0,0,0,0,0,0,0,111,0,0,0,0,0,0
164,10907,165.0192689562605,99995,0,0,1,0,68,44,0.00112005600280014,0,0,49957,49970,40,28,0,0,0,0,0,0,99884,0,0,0,0,0,0,0,0,0,0,111,0,0,0,0,0,0
165,10907,166.00084054889186,99995,0,0,1,0,68,44,0.00112005600280014,0,0,49957,49970,40,28,0,0,0,0,0,0,99884,0,0,0,0,0,0,0,0,0,0,111,0,0,0,0,0,0
166,10907,167.30960264640873,99995,0,0,1,0,68,44,0.00112005600280014,0,0,49957,49971,40,27,0,0,0,0,0,0,99884,0,0,0,0,0,0,0,0,0,0,111,0,0,0,0,0,0
167,10907,168.2911742000527,99995,0,0,1,0,68,44,0.00112005600280014,0,0,49957,49971,40,27,0,0,0,0,0,0,99884,0,0,0,0,0,0,0,0,0,0,111,0,0,0,0,0,0
168,10907,169.27274575369665,99995,0,0,1,0,68,44,0.00112005600280014,0,0,49957,49971,40,27,0,0,0,0,0,0,99884,0,0,0,0,0,0,0,0,0,0,111,0,0,0,0,0,0
169,10907,170.2543173073406,99995,0,0,1,0,68,44,0.00112005600280014,0,0,49957,49971,40,27,0,0,0,0,0,0,99884,0,0,0,0,0,0,0,0,0,0,111,0,0,0,0,0,0
170,10907,171.23588886098457,99995,0,0,1,0,68,44,0.00112005600280014,0,0,49957,49971,40,27,0,0,0,0,0,0,99884,0,0,0,0,0,0,0,0,0,0,111,0,0,0,0,0,0
171,10907,172.21746041462853,99995,0,0,1,0,68,44,0.00112005600280014,0,0,49957,49971,40,27,0,0,0,0,0,0,99884,0,0,0,0,0,0,0,0,0,0,111,0,0,0,0,0,0
172,10907,173.1990319682725,99995,0,0,1,0,68,44,0.00112005600280014,0,0,49957,49971,40,27,0,0,0,0,0,0,99884,0,0,0,0,0,0,0,0,0,0,111,0,0,0,0,0,0
173,10907,174.18060352191645,99995,0,0,1,0,68,44,0.00112005600280014,0,0,49957,49971,40,27,0,0,0,0,0,0,99884,0,0,0,0,0,0,0,0,0,0,111,0,0,0,0,0,0
174,10907,175.1621750755604,99995,0,0,1,0,68,44,0.00112005600280014,0,0,49957,49971,40,27,0,0,0,0,0,0,99884,0,0,0,0,0,0,0,0,0,0,111,0,0,0,0,0,0
175,10907,176.14374662920437,99995,0,0,1,0,68,44,0.00112005600280014,0,0,49957,49971,40,27,0,0,0,0,0,0,99884,0,0,0,0,0,0,0,0,0,0,111,0,0,0,0,0,0
176,10907,177.12531818284833,99995,0,0,1,0,68,44,0.00112005600280014,0,0,49957,49971,40,27,0,0,0,0,0,0,99884,0,0,0,0,0,0,0,0,0,0,111,0,0,0,0,0,0
177,10907,178.1068897364923,99995,0,0,1,0,68,44,0.00112005600280014,0,0,49957,49971,40,27,0,0,0,0,0,0,99884,0,0,0,0,0,0,0,0,0,0,111,0,0,0,0,0,0
178,10907,179.08846129013625,99995,0,0,1,0,68,44,0.00112005600280014,0,0,49957,49972,40,26,0,0,0,0,0,0,99884,0,0,0,0,0,0,0,0,0,0,111,0,0,0,0,0,0
179,10907,180.07003281778861,99995,0,0,1,0,68,44,0.00112005600280014,0,0,49957,49972,40,26,0,0,0,0,0,0,99884,0,0,0,0,0,0,0,0,0,0,111,0,0,0,0,0,0
180,10907,181.05160433244518,99995,0,0,1,0,68,44,0.00112005600280014,0,0,49957,49972,40,26,0,0,0,0,0,0,99884,0,0,0,0,0,0,0,0,0,0,111,0,0,0,0,0,0
181,10907,182.03317584710175,99995,0,0,1,0,68,44,0.00112005600280014,0,0,49957,49972,40,26,0,0,0,0,0,0,99884,0,0,0,0,0,0,0,0,0,0,111,0,0,0,0,0,0
182,10907,183.0147473617583,99995,0,0,1,0,68,44,0.00112005600280014,0,0,49958,49972,39,26,0,0,0,0,0,0,99884,0,0,0,0,0,0,0,0,0,0,111,0,0,0,0,0,0
183,10907,184.32348313207208,99995,0,0,1,0,68,44,0.00112005600280014,0,0,49959,49972,38,26,0,0,0,0,0,0,99884,0,0,0,0,0,0,0,0,0,0,111,0,0,0,0,0,0
184,10907,185.30501527367437,99995,0,0,1,0,68,44,0.00112005600280014,0,0,49959,49972,38,26,0,0,0,0,0,0,99884,0,0,0,0,0,0,0,0,0,0,111,0,0,0,0,0,0
185,10907,186.28654740228137,99995,0,0,1,0,68,44,0.00112005600280014,0,0,49959,49973,38,25,0,0,0,0,0,0,99884,0,0,0,0,0,0,0,0,0,0,111,0,0,0,0,0,0
186,10907,187.2680795048978,99995,0,0,1,0,68,44,0.00112005600280014,0,0,49959,49973,38,25,0,0,0,0,0,0,99884,0,0,0,0,0,0,0,0,0,0,111,0,0,0,0,0,0
187,10907,188.24961160751423,99995,0,0,1,0,68,44,0.00112005600280014,0,0,49959,49973,38,25,0,0,0,0,0,0,99884,0,0,0,0,0,0,0,0,0,0,111,0,0,0,0,0,0
188,10907,189.23114371013065,99995,0,0,1,0,68,44,0.00112005600280014,0,0,49959,49973,38,25,0,0,0,0,0,0,99884,0,0,0,0,0,0,0,0,0,0,111,0,0,0,0,0,0
189,10907,190.21267581274708,99995,0,0,1,0,68,44,0.00112005600280014,0,0,49959,49973,38,25,0,0,0,0,0,0,99884,0,0,0,0,0,0,0,0,0,0,111,0,0,0,0,0,0
190,10907,191.1942079153635,99995,0,0,1,0,68,44,0.00112005600280014,0,0,49959,49973,38,25,0,0,0,0,0,0,99884,0,0,0,0,0,0,0,0,0,0,111,0,0,0,0,0,0
191,10907,192.17574001797993,99995,0,0,1,0,68,44,0.00112005600280014,0,0,49959,49973,38,25,0,0,0,0,0,0,99884,0,0,0,0,0,0,0,0,0,0,111,0,0,0,0,0,0
192,10907,193.15727212059636,99995,0,0,1,0,68,44,0.00112005600280014,0,0,49960,49973,37,25,0,0,0,0,0,0,99884,0,0,0,0,0,0,0,0,0,0,111,0,0,0,0,0,0
193,10907,194.13878453786853,99995,0,0,1,0,68,44,0.00112005600280014,0,0,49960,49973,37,25,0,0,0,0,0,0,99884,0,0,0,0,0,0,0,0,0,0,111,0,0,0,0,0,0
194,10907,195.1202969551407,99995,0,0,1,0,68,44,0.00112005600280014,0,0,49960,49973,37,25,0,0,0,0,0,0,99884,0,0,0,0,0,0,0,0,0,0,111,0,0,0,0,0,0
195,10907,196.10180937241287,99995,0,0,1,0,68,44,0.00112005600280014,0,0,49962,49973,35,25,0,0,0,0,0,0,99884,0,0,0,0,0,0,0,0,0,0,111,0,0,0,0,0,0
196,10907,197.08328898261675,99995,0,0,1,0,68,44,0.00112005600280014,0,0,49962,49974,35,24,0,0,0,0,0,0,99884,0,0,0,0,0,0,0,0,0,0,111,0,0,0,0,0,0
197,10907,198.064761992581,99995,0,0,1,0,68,44,0.00112005600280014,0,0,49962,49974,35,24,0,0,0,0,0,0,99884,0,0,0,0,0,0,0,0,0,0,111,0,0,0,0,0,0
198,10907,199.04623500254525,99995,0,0,1,0,68,44,0.00112005600280014,0,0,49963,49974,34,24,0,0,0,0,0,0,99884,0,0,0,0,0,0,0,0,0,0,111,0,0,0,0,0,0
199,10907,200.0276948905232,99995,0,0,1,0,68,44,0.00112005600280014,0,0,49963,49974,34,24,0,0,0,0,0,0,99884,0,0,0,0,0,0,0,0,0,0,111,0,0,0,0,0,0
200,10907,201.00914821750803,99995,0,0,1,0,68,44,0.00112005600280014,0,0,49963,49974,34,24,0,0,0,0,0,0,99884,0,0,0,0,0,0,0,0,0,0,111,0,0,0,0,0,0
201,10907,202.3177526534878,99995,0,0,1,0,68,44,0.00112005600280014,0,0,49963,49974,34,24,0,0,0,0,0,0,99884,0,0,0,0,0,0,0,0,0,0,111,0,0,0,0,0,0
202,10907,203.2992059804726,99995,0,0,1,0,68,44,0.00112005600280014,0,0,49963,49974,34,24,0,0,0,0,0,0,99884,0,0,0,0,0,0,0,0,0,0,111,0,0,0,0,0,0
203,10907,204.28065930745743,99995,0,0,1,0,68,44,0.00112005600280014,0,0,49963,49974,34,24,0,0,0,0,0,0,99884,0,0,0,0,0,0,0,0,0,0,111,0,0,0,0,0,0
204,10907,205.26211263444225,99995,0,0,1,0,68,44,0.00112005600280014,0,0,49963,49974,34,24,0,0,0,0,0,0,99884,0,0,0,0,0,0,0,0,0,0,111,0,0,0,0,0,0
205,10907,206.24356596142707,99995,0,0,1,0,68,44,0.00112005600280014,0,0,49963,49974,34,24,0,0,0,0,0,0,99884,0,0,0,0,0,0,0,0,0,0,111,0,0,0,0,0,0
206,10907,207.2250192884119,99995,0,0,1,0,68,44,0.00112005600280014,0,0,49963,49974,34,24,0,0,0,0,0,0,99884,0,0,0,0,0,0,0,0,0,0,111,0,0,0,0,0,0
207,10907,208.2064726153967,99995,0,0,1,0,68,44,0.00112005600280014,0,0,49963,49974,34,24,0,0,0,0,0,0,99884,0,0,0,0,0,0,0,0,0,0,111,0,0,0,0,0,0
208,10907,209.18792594238153,99995,0,0,1,0,68,44,0.00112005600280014,0,0,49963,49974,34,24,0,0,0,0,0,0,99884,0,0,0,0,0,0,0,0,0,0,111,0,0,0,0,0,0
209,10907,210.16937926936635,99995,0,0,1,0,68,44,0.00112005600280014,0,0,49963,49974,34,24,0,0,0,0,0,0,99884,0,0,0,0,0,0,0,0,0,0,111,0,0,0,0,0,0
210,10907,211.15083259635117,99995,0,0,1,0,68,44,0.00112005600280014,0,0,49963,49974,34,24,0,0,0,0,0,0,99884,0,0,0,0,0,0,0,0,0,0,111,0,0,0,0,0,0
211,10907,212.13228592333598,99995,0,0,1,0,68,44,0.00112005600280014,0,0,49963,49974,34,24,0,0,0,0,0,0,99884,0,0,0,0,0,0,0,0,0,0,111,0,0,0,0,0,0
212,10907,213.1137392503208,99995,0,0,1,0,68,44,0.00112005600280014,0,0,49963,49974,34,24,0,0,0,0,0,0,99884,0,0,0,0,0,0,0,0,0,0,111,0,0,0,0,0,0
213,10907,214.09519257730562,99995,0,0,1,0,68,44,0.00112005600280014,0,0,49963,49974,34,24,0,0,0,0,0,0,99884,0,0,0,0,0,0,0,0,0,0,111,0,0,0,0,0,0
214,10907,215.07664590429044,99995,0,0,1,0,68,44,0.00112005600280014,0,0,49963,49974,34,24,0,0,0,0,0,0,99884,0,0,0,0,0,0,0,0,0,0,111,0,0,0,0,0,0
215,10907,216.05809923127526,99995,0,0,1,0,68,44,0.00112005600280014,0,0,49964,49974,33,24,0,0,0,0,0,0,99884,0,0,0,0,0,0,0,0,0,0,111,0,0,0,0,0,0
216,10907,217.03953287606842,99995,0,0,1,0,68,44,0.00112005600280014,0,0,49964,49974,33,24,0,0,0,0,0,0,99884,0,0,0,0,0,0,0,0,0,0,111,0,0,0,0,0,0
217,10907,218.02096652086158,99995,0,0,1,0,68,44,0.00112005600280014,0,0,49965,49974,32,24,0,0,0,0,0,0,99884,0,0,0,0,0,0,0,0,0,0,111,0,0,0,0,0,0
218,10907,219.002380484251,99995,0,0,1,0,68,44,0.00112005600280014,0,0,49965,49975,32,23,0,0,0,0,0,0,99884,0,0,0,0,0,0,0,0,0,0,111,0,0,0,0,0,0
219,10907,220.31093238346202,99995,0,0,1,0,68,44,0.00112005600280014,0,0,49965,49975,32,23,0,0,0,0,0,0,99884,0,0,0,0,0,0,0,0,0,0,111,0,0,0,0,0,0
220,10907,221.29234630787028,99995,0,0,1,0,68,44,0.00112005600280014,0,0,49965,49975,32,23,0,0,0,0,0,0,99884,0,0,0,0,0,0,0,0,0,0,111,0,0,0,0,0,0
221,10907,222.27376023227853,99995,0,0,1,0,68,44,0.00112005600280014,0,0,49965,49975,32,23,0,0,0,0,0,0,99884,0,0,0,0,0,0,0,0,0,0,111,0,0,0,0,0,0
222,10907,223.2551741566868,99995,0,0,1,0,68,44,0.00112005600280014,0,0,49965,49975,32,23,0,0,0,0,0,0,99884,0,0,0,0,0,0,0,0,0,0,111,0,0,0,0,0,0
223,10907,224.23658808109505,99995,0,0,1,0,68,44,0.00112005600280014,0,0,49965,49975,32,23,0,0,0,0,0,0,99884,0,0,0,0,0,0,0,0,0,0,111,0,0,0,0,0,0
224,10907,225.2180020055033,99995,0,0,1,0,68,44,0.00112005600280014,0,0,49965,49975,32,23,0,0,0,0,0,0,99884,0,0,0,0,0,0,0,0,0,0,111,0,0,0,0,0,0
225,10907,226.19941592991157,99995,0,0,1,0,68,44,0.00112005600280014,0,0,49965,49975,32,23,0,0,0,0,0,0,99884,0,0,0,0,0,0,0,0,0,0,111,0,0,0,0,0,0
226,10907,227.18082985431982,99995,0,0,1,0,68,44,0.00112005600280014,0,0,49965,49975,32,23,0,0,0,0,0,0,99884,0,0,0,0,0,0,0,0,0,0,111,0,0,0,0,0,0
227,10907,228.16224377872808,99995,0,0,1,0,68,44,0.00112005600280014,0,0,49965,49975,32,23,0,0,0,0,0,0,99884,0,0,0,0,0,0,0,0,0,0,111,0,0,0,0,0,0
228,10907,229.14365770313634,99995,0,0,1,0,68,44,0.00112005600280014,0,0,49966,49975,31,23,0,0,0,0,0,0,99884,0,0,0,0,0,0,0,0,0,0,111,0,0,0,0,0,0
229,10907,230.12505850713447,99995,0,0,1,0,68,44,0.00112005600280014,0,0,49966,49975,31,23,0,0,0,0,0,0,99884,0,0,0,0,0,0,0,0,0,0,111,0,0,0,0,0,0
230,10907,231.10645275092753,99995,0,0,1,0,68,44,0.00112005600280014,0,0,49966,49975,31,23,0,0,0,0,0,0,99884,0,0,0,0,0,0,0,0,0,0,111,0,0,0,0,0,0
231,10907,232.0878469947206,99995,0,0,1,0,68,44,0.00112005600280014,0,0,49966,49975,31,23,0,0,0,0,0,0,99884,0,0,0,0,0,0,0,0,0,0,111,0,0,0,0,0,0
232,10907,233.06924123851365,99995,0,0,1,0,68,44,0.00112005600280014,0,0,49966,49975,31,23,0,0,0,0,0,0,99884,0,0,0,0,0,0,0,0,0,0,111,0,0,0,0,0,0
233,10907,234.05063548230672,99995,0,0,1,0,68,44,0.00112005600280014,0,0,49966,49975,31,23,0,0,0,0,0,0,99884,0,0,0,0,0,0,0,0,0,0,111,0,0,0,0,0,0
234,10907,235.03202972609978,99995,0,0,1,0,68,44,0.00112005600280014,0,0,49966,49975,31,23,0,0,0,0,0,0,99884,0,0,0,0,0,0,0,0,0,0,111,0,0,0,0,0,0
235,10907,236.01342396989284,99995,0,0,1,0,68,44,0.00112005600280014,0,0,49967,49975,30,23,0,0,0,0,0,0,99884,0,0,0,0,0,0,0,0,0,0,111,0,0,0,0,0,0
236,10907,237.32192994845616,99995,0,0,1,0,68,44,0.00112005600280014,0,0,49968,49975,29,23,0,0,0,0,0,0,99884,0,0,0,0,0,0,0,0,0,0,111,0,0,0,0,0,0
237,10907,238.30329139306195,99995,0,0,1,0,68,44,0.00112005600280014,0,0,49968,49975,29,23,0,0,0,0,0,0,99884,0,0,0,0,0,0,0,0,0,0,111,0,0,0,0,0,0
238,10907,239.28464627798783,99995,0,0,1,0,68,44,0.00112005600280014,0,0,49968,49975,29,23,0,0,0,0,0,0,99884,0,0,0,0,0,0,0,0,0,0,111,0,0,0,0,0,0
239,10907,240.2660011629137,99995,0,0,1,0,68,44,0.00112005600280014,0,0,49968,49975,29,23,0,0,0,0,0,0,99884,0,0,0,0,0,0,0,0,0,0,111,0,0,0,0,0,0
240,10907,241.2473560478396,99995,0,0,1,0,68,44,0.00112005600280014,0,0,49968,49975,29,23,0,0,0,0,0,0,99884,0,0,0,0,0,0,0,0,0,0,111,0,0,0,0,0,0
241,10907,242.22871093276547,99995,0,0,1,0,68,44,0.00112005600280014,0,0,49968,49975,29,23,0,0,0,0,0,0,99884,0,0,0,0,0,0,0,0,0,0,111,0,0,0,0,0,0
242,10907,243.21006581769134,99995,0,0,1,0,68,44,0.00112005600280014,0,0,49968,49975,29,23,0,0,0,0,0,0,99884,0,0,0,0,0,0,0,0,0,0,111,0,0,0,0,0,0
243,10907,244.19142070261722,99995,0,0,1,0,68,44,0.00112005600280014,0,0,49968,49975,29,23,0,0,0,0,0,0,99884,0,0,0,0,0,0,0,0,0,0,111,0,0,0,0,0,0
244,10907,245.1727755875431,99995,0,0,1,0,68,44,0.00112005600280014,0,0,49968,49975,29,23,0,0,0,0,0,0,99884,0,0,0,0,0,0,0,0,0,0,111,0,0,0,0,0,0
245,10907,246.15413047246898,99995,0,0,1,0,68,44,0.00112005600280014,0,0,49968,49976,29,22,0,0,0,0,0,0,99884,0,0,0,0,0,0,0,0,0,0,111,0,0,0,0,0,0
246,10907,247.13548533140894,99995,0,0,1,0,68,44,0.00112005600280014,0,0,49968,49976,29,22,0,0,0,0,0,0,99884,0,0,0,0,0,0,0,0,0,0,111,0,0,0,0,0,0
247,10907,248.11684017735595,99995,0,0,1,0,68,44,0.00112005600280014,0,0,49968,49976,29,22,0,0,0,0,0,0,99884,0,0,0,0,0,0,0,0,0,0,111,0,0,0,0,0,0
248,10907,249.09819502330296,99995,0,0,1,0,68,44,0.00112005600280014,0,0,49968,49976,29,22,0,0,0,0,0,0,99884,0,0,0,0,0,0,0,0,0,0,111,0,0,0,0,0,0
249,10907,250.07954986924997,99995,0,0,1,0,68,44,0.00112005600280014,0,0,49969,49976,28,22,0,0,0,0,0,0,99884,0,0,0,0,0,0,0,0,0,0,111,0,0,0,0,0,0
250,10907,251.06088502395298,99995,0,0,1,0,68,44,0.00112005600280014,0,0,49969,49977,28,21,0,0,0,0,0,0,99884,0,0,0,0,0,0,0,0,0,0,111,0,0,0,0,0,0
251,10907,252.04222015267058,99995,0,0,1,0,68,44,0.00112005600280014,0,0,49969,49977,28,21,0,0,0,0,0,0,99884,0,0,0,0,0,0,0,0,0,0,111,0,0,0,0,0,0
252,10907,253.02355528138818,99995,0,0,1,0,68,44,0.00112005600280014,0,0,49970,49977,27,21,0,0,0,0,0,0,99884,0,0,0,0,0,0,0,0,0,0,111,0,0,0,0,0,0
253,10907,254.00487073264284,99995,0,0,1,0,68,44,0.00112005600280014,0,0,49970,49977,27,21,0,0,0,0,0,0,99884,0,0,0,0,0,0,0,0,0,0,111,0,0,0,0,0,0
254,10907,255.31329133431572,99995,0,0,1,0,68,44,0.00112005600280014,0,0,49970,49977,27,21,0,0,0,0,0,0,99884,0,0,0,0,0,0,0,0,0,0,111,0,0,0,0,0,0
255,10907,256.2946067855704,99995,0,0,1,0,68,44,0.00112005600280014,0,0,49970,49977,27,21,0,0,0,0,0,0,99884,0,0,0,0,0,0,0,0,0,0,111,0,0,0,0,0,0
256,10907,257.27592223682507,99995,0,0,1,0,68,44,0.00112005600280014,0,0,49970,49977,27,21,0,0,0,0,0,0,99884,0,0,0,0,0,0,0,0,0,0,111,0,0,0,0,0,0
257,10907,258.2572376880797,99995,0,0,1,0,68,44,0.00112005600280014,0,0,49970,49977,27,21,0,0,0,0,0,0,99884,0,0,0,0,0,0,0,0,0,0,111,0,0,0,0,0,0
258,10907,259.2385531393344,99995,0,0,1,0,68,44,0.00112005600280014,0,0,49970,49977,27,21,0,0,0,0,0,0,99884,0,0,0,0,0,0,0,0,0,0,111,0,0,0,0,0,0
259,10907,260.21986859058904,99995,0,0,1,0,68,44,0.00112005600280014,0,0,49970,49977,27,21,0,0,0,0,0,0,99884,0,0,0,0,0,0,0,0,0,0,111,0,0,0,0,0,0
260,10907,261.2011840418437,99995,0,0,1,0,68,44,0.00112005600280014,0,0,49970,49977,27,21,0,0,0,0,0,0,99884,0,0,0,0,0,0,0,0,0,0,111,0,0,0,0,0,0
261,10907,262.18249949309836,99995,0,0,1,0,68,44,0.00112005600280014,0,0,49970,49977,27,21,0,0,0,0,0,0,99884,0,0,0,0,0,0,0,0,0,0,111,0,0,0,0,0,0
262,10907,263.163814944353,99995,0,0,1,0,68,44,0.00112005600280014,0,0,49970,49977,27,21,0,0,0,0,0,0,99884,0,0,0,0,0,0,0,0,0,0,111,0,0,0,0,0,0
263,10907,264.14512383671587,99995,0,0,1,0,68,44,0.00112005600280014,0,0,49971,49977,26,21,0,0,0,0,0,0,99884,0,0,0,0,0,0,0,0,0,0,111,0,0,0,0,0,0
264,10907,265.1264196112951,99995,0,0,1,0,68,44,0.00112005600280014,0,0,49971,49977,26,21,0,0,0,0,0,0,99884,0,0,0,0,0,0,0,0,0,0,111,0,0,0,0,0,0
265,10907,266.1077153858743,99995,0,0,1,0,68,44,0.00112005600280014,0,0,49971,49977,26,21,0,0,0,0,0,0,99884,0,0,0,0,0,0,0,0,0,0,111,0,0,0,0,0,0
266,10907,267.08901116045354,99995,0,0,1,0,68,44,0.00112005600280014,0,0,49971,49977,26,21,0,0,0,0,0,0,99884,0,0,0,0,0,0,0,0,0,0,111,0,0,0,0,0,0
267,10907,268.07030693503276,99995,0,0,1,0,68,44,0.00112005600280014,0,0,49971,49977,26,21,0,0,0,0,0,0,99884,0,0,0,0,0,0,0,0,0,0,111,0,0,0,0,0,0
268,10907,269.051602709612,99995,0,0,1,0,68,44,0.00112005600280014,0,0,49971,49977,26,21,0,0,0,0,0,0,99884,0,0,0,0,0,0,0,0,0,0,111,0,0,0,0,0,0
269,10907,270.0328984841912,99995,0,0,1,0,68,44,0.00112005600280014,0,0,49971,49979,26,19,0,0,0,0,0,0,99884,0,0,0,0,0,0,0,0,0,0,111,0,0,0,0,0,0
270,10907,271.01508423539883,99995,0,0,1,0,68,44,0.00112005600280014,0,0,49971,49979,26,19,0,0,0,0,0,0,99884,0,0,0,0,0,0,0,0,0,0,111,0,0,0,0,0,0
271,10907,272.2027596763502,99995,0,0,1,0,68,44,0.00112005600280014,0,0,49971,49979,26,19,0,0,0,0,0,0,99884,0,0,0,0,0,0,0,0,0,0,111,0,0,0,0,0,0
272,10907,273.1642852598781,99995,0,0,1,0,68,44,0.00112005600280014,0,0,49971,49979,26,19,0,0,0,0,0,0,99884,0,0,0,0,0,0,0,0,0,0,111,0,0,0,0,0,0
273,10907,274.24089103405373,99995,0,0,1,0,68,44,0.00112005600280014,0,0,49971,49979,26,19,0,0,0,0,0,0,99884,0,0,0,0,0,0,0,0,0,0,111,0,0,0,0,0,0
274,10907,275.0573091084492,99995,0,0,1,0,68,44,0.00112005600280014,0,0,49971,49979,26,19,0,0,0,0,0,0,99884,0,0,0,0,0,0,0,0,0,0,111,0,0,0,0,0,0
275,10907,276.1254855825366,99995,0,0,1,0,68,44,0.00112005600280014,0,0,49971,49979,26,19,0,0,0,0,0,0,99884,0,0,0,0,0,0,0,0,0,0,111,0,0,0,0,0,0
276,10907,277.1262750144671,99995,0,0,1,0,68,44,0.00112005600280014,0,0,49971,49979,26,19,0,0,0,0,0,0,99884,0,0,0,0,0,0,0,0,0,0,111,0,0,0,0,0,0
277,10907,278.0157541677355,99995,0,0,1,0,68,44,0.00112005600280014,0,0,49971,49979,26,19,0,0,0,0,0,0,99884,0,0,0,0,0,0,0,0,0,0,111,0,0,0,0,0,0
278,10907,279.00888239626437,99995,0,0,1,0,68,44,0.00112005600280014,0,0,49971,49979,26,19,0,0,0,0,0,0,99884,0,0,0,0,0,0,0,0,0,0,111,0,0,0,0,0,0
279,10907,280.08912722877375,99995,0,0,1,0,68,44,0.00112005600280014,0,0,49971,49979,26,19,0,0,0,0,0,0,99884,0,0,0,0,0,0,0,0,0,0,111,0,0,0,0,0,0
280,10907,281.0900459079026,99995,0,0,1,0,68,44,0.00112005600280014,0,0,49971,49979,26,19,0,0,0,0,0,0,99884,0,0,0,0,0,0,0,0,0,0,111,0,0,0,0,0,0
281,10907,282.00009418709226,99995,0,0,1,0,68,44,0.00112005600280014,0,0,49971,49979,26,19,0,0,0,0,0,0,99884,0,0,0,0,0,0,0,0,0,0,111,0,0,0,0,0,0
282,10907,283.04833544504595,99995,0,0,1,0,68,44,0.00112005600280014,0,0,49972,49979,25,19,0,0,0,0,0,0,99884,0,0,0,0,0,0,0,0,0,0,111,0,0,0,0,0,0
283,10907,284.02726390370043,99995,0,0,1,0,68,44,0.00112005600280014,0,0,49972,49979,25,19,0,0,0,0,0,0,99884,0,0,0,0,0,0,0,0,0,0,111,0,0,0,0,0,0
284,10907,285.08846094071396,99995,0,0,1,0,68,44,0.00112005600280014,0,0,49972,49979,25,19,0,0,0,0,0,0,99884,0,0,0,0,0,0,0,0,0,0,111,0,0,0,0,0,0
285,10907,286.00880309898787,99995,0,0,1,0,68,44,0.00112005600280014,0,0,49972,49979,25,19,0,0,0,0,0,0,99884,0,0,0,0,0,0,0,0,0,0,111,0,0,0,0,0,0
286,10907,287.0201159256692,99995,0,0,1,0,68,44,0.00112005600280014,0,0,49972,49979,25,19,0,0,0,0,0,0,99884,0,0,0,0,0,0,0,0,0,0,111,0,0,0,0,0,0
287,10907,288.1287702305669,99995,0,0,1,0,68,44,0.00112005600280014,0,0,49972,49979,25,19,0,0,0,0,0,0,99884,0,0,0,0,0,0,0,0,0,0,111,0,0,0,0,0,0
288,10907,289.0874793118502,99995,0,0,1,0,68,44,0.00112005600280014,0,0,49972,49979,25,19,0,0,0,0,0,0,99884,0,0,0,0,0,0,0,0,0,0,111,0,0,0,0,0,0
289,10907,290.03173099171494,99995,0,0,1,0,68,44,0.00112005600280014,0,0,49972,49979,25,19,0,0,0,0,0,0,99884,0,0,0,0,0,0,0,0,0,0,111,0,0,0,0,0,0
290,10907,291.02418361884224,99995,0,0,1,0,68,44,0.00112005600280014,0,0,49973,49979,24,19,0,0,0,0,0,0,99884,0,0,0,0,0,0,0,0,0,0,111,0,0,0,0,0,0
291,10907,292.0652896525407,99995,0,0,1,0,68,44,0.00112005600280014,0,0,49973,49979,24,19,0,0,0,0,0,0,99884,0,0,0,0,0,0,0,0,0,0,111,0,0,0,0,0,0
292,10907,293.05833546706526,99995,0,0,1,0,68,44,0.00112005600280014,0,0,49973,49979,24,19,0,0,0,0,0,0,99884,0,0,0,0,0,0,0,0,0,0,111,0,0,0,0,0,0
293,10907,294.0501106947438,99995,0,0,1,0,68,44,0.00112005600280014,0,0,49973,49979,24,19,0,0,0,0,0,0,99884,0,0,0,0,0,0,0,0,0,0,111,0,0,0,0,0,0
294,10907,295.0349701679147,99995,0,0,1,0,68,44,0.00112005600280014,0,0,49973,49979,24,19,0,0,0,0,0,0,99884,0,0,0,0,0,0,0,0,0,0,111,0,0,0,0,0,0
295,10907,296.0686250127706,99995,0,0,1,0,68,44,0.00112005600280014,0,0,49973,49979,24,19,0,0,0,0,0,0,99884,0,0,0,0,0,0,0,0,0,0,111,0,0,0,0,0,0
296,10907,297.1838579678152,99995,0,0,1,0,68,44,0.00112005600280014,0,0,49973,49980,24,18,0,0,0,0,0,0,99884,0,0,0,0,0,0,0,0,0,0,111,0,0,0,0,0,0
297,10907,298.06250447755014,99995,0,0,1,0,68,44,0.00112005600280014,0,0,49973,49980,24,18,0,0,0,0,0,0,99884,0,0,0,0,0,0,0,0,0,0,111,0,0,0,0,0,0
298,10907,299.13520842446496,99995,0,0,1,0,68,44,0.00112005600280014,0,0,49973,49980,24,18,0,0,0,0,0,0,99884,0,0,0,0,0,0,0,0,0,0,111,0,0,0,0,0,0
299,10907,300.12482781461455,99995,0,0,1,0,68,44,0.00112005600280014,0,0,49973,49980,24,18,0,0,0,0,0,0,99884,0,0,0,0,0,0,0,0,0,0,111,0,0,0,0,0,0
300,10907,301.0809071287368,99995,0,0,1,0,68,44,0.00112005600280014,0,0,49973,49980,24,18,0,0,0,0,0,0,99884,0,0,0,0,0,0,0,0,0,0,111,0,0,0,0,0,0
301,10907,302.2024549140437,99995,0,0,1,0,68,44,0.00112005600280014,0,0,49973,49980,24,18,0,0,0,0,0,0,99884,0,0,0,0,0,0,0,0,0,0,111,0,0,0,0,0,0
302,10907,303.01277561165557,99995,0,0,1,0,68,44,0.00112005600280014,0,0,49973,49980,24,18,0,0,0,0,0,0,99884,0,0,0,0,0,0,0,0,0,0,111,0,0,0,0,0,0
303,10907,304.2135186671989,99995,0,0,1,0,68,44,0.00112005600280014,0,0,49973,49980,24,18,0,0,0,0,0,0,99884,0,0,0,0,0,0,0,0,0,0,111,0,0,0,0,0,0
304,10907,305.0905886555548,99995,0,0,1,0,68,44,0.00112005600280014,0,0,49973,49980,24,18,0,0,0,0,0,0,99884,0,0,0,0,0,0,0,0,0,0,111,0,0,0,0,0,0
305,10907,306.0646754183476,99995,0,0,1,0,68,44,0.00112005600280014,0,0,49973,49980,24,18,0,0,0,0,0,0,99884,0,0,0,0,0,0,0,0,0,0,111,0,0,0,0,0,0
306,10907,307.0145466256756,99995,0,0,1,0,68,44,0.00112005600280014,0,0,49973,49980,24,18,0,0,0,0,0,0,99884,0,0,0,0,0,0,0,0,0,0,111,0,0,0,0,0,0
307,10907,308.0528671809428,99995,0,0,1,0,68,44,0.00112005600280014,0,0,49973,49980,24,18,0,0,0,0,0,0,99884,0,0,0,0,0,0,0,0,0,0,111,0,0,0,0,0,0
308,10907,309.061084199712,99995,0,0,1,0,68,44,0.00112005600280014,0,0,49973,49981,24,17,0,0,0,0,0,0,99884,0,0,0,0,0,0,0,0,0,0,111,0,0,0,0,0,0
309,10907,310.03982683481235,99995,0,0,1,0,68,44,0.00112005600280014,0,0,49973,49981,24,17,0,0,0,0,0,0,99884,0,0,0,0,0,0,0,0,0,0,111,0,0,0,0,0,0
310,10907,311.13897109865474,99995,0,0,1,0,68,44,0.00112005600280014,0,0,49973,49981,24,17,0,0,0,0,0,0,99884,0,0,0,0,0,0,0,0,0,0,111,0,0,0,0,0,0
311,10907,312.0565268463876,99995,0,0,1,0,68,44,0.00112005600280014,0,0,49973,49981,24,17,0,0,0,0,0,0,99884,0,0,0,0,0,0,0,0,0,0,111,0,0,0,0,0,0
312,10907,313.11328446493974,99995,0,0,1,0,68,44,0.00112005600280014,0,0,49973,49981,24,17,0,0,0,0,0,0,99884,0,0,0,0,0,0,0,0,0,0,111,0,0,0,0,0,0
313,10907,314.0018888858661,99995,0,0,1,0,68,44,0.00112005600280014,0,0,49973,49981,24,17,0,0,0,0,0,0,99884,0,0,0,0,0,0,0,0,0,0,111,0,0,0,0,0,0
314,10907,315.1807985833923,99995,0,0,1,0,68,44,0.00112005600280014,0,0,49973,49981,24,17,0,0,0,0,0,0,99884,0,0,0,0,0,0,0,0,0,0,111,0,0,0,0,0,0
315,10907,316.05470092094004,99995,0,0,1,0,68,44,0.00112005600280014,0,0,49974,49981,23,17,0,0,0,0,0,0,99884,0,0,0,0,0,0,0,0,0,0,111,0,0,0,0,0,0
316,10907,317.06886225667193,99995,0,0,1,0,68,44,0.00112005600280014,0,0,49974,49981,23,17,0,0,0,0,0,0,99884,0,0,0,0,0,0,0,0,0,0,111,0,0,0,0,0,0
317,10907,318.09641861146156,99995,0,0,1,0,68,44,0.00112005600280014,0,0,49974,49981,23,17,0,0,0,0,0,0,99884,0,0,0,0,0,0,0,0,0,0,111,0,0,0,0,0,0
318,10907,319.0389618877758,99995,0,0,1,0,68,44,0.00112005600280014,0,0,49974,49981,23,17,0,0,0,0,0,0,99884,0,0,0,0,0,0,0,0,0,0,111,0,0,0,0,0,0
319,10907,320.00613634619964,99995,0,0,1,0,68,44,0.00112005600280014,0,0,49973,49980,23,17,1,1,1,1,0,0,99882,0,0,0,0,0,0,0,0,0,2,111,0,0,0,0,0,0
320,10907,321.0630553605563,99995,0,0,1,0,68,44,0.00112005600280014,0,0,49972,49979,23,17,2,2,2,2,0,0,99880,0,0,0,0,0,0,0,0,0,4,111,0,0,0,0,0,0
321,10907,322.2615412573331,99995,0,0,1,0,68,44,0.00112005600280014,0,0,49971,49978,23,17,3,3,3,3,0,0,99878,0,0,0,0,0,0,0,0,0,6,111,0,0,0,0,0,0
322,10907,323.05546821478805,99995,0,0,1,0,68,44,0.00112005600280014,0,0,49970,49977,23,17,4,4,4,4,0,0,99876,0,0,0,0,0,0,0,0,0,8,111,0,0,0,0,0,0
323,10907,324.01543888343946,99995,0,0,1,0,68,44,0.00112005600280014,0,0,49968,49975,23,17,6,6,6,6,0,0,99872,0,0,0,0,0,0,0,0,0,12,111,0,0,0,0,0,0
324,10907,325.0201359244388,99995,0,0,1,0,68,44,0.00112005600280014,0,0,49966,49973,23,17,8,8,8,8,0,0,99868,0,0,0,0,0,0,0,0,0,16,111,0,0,0,0,0,0
325,10907,326.0139535656901,99995,0,0,1,0,68,44,0.00112005600280014,0,0,49965,49970,22,17,10,11,11,10,0,0,99863,0,0,0,0,0,0,0,0,0,21,111,0,0,0,0,0,0
326,10907,327.00647347704734,99995,0,0,1,0,68,44,0.00112005600280014,0,0,49962,49967,22,17,13,14,14,13,0,0,99857,0,0,0,0,0,0,0,0,0,27,111,0,0,0,0,0,0
327,10907,328.00180463858914,99995,0,0,1,0,68,44,0.00112005600280014,0,0,49959,49963,22,17,16,18,18,16,0,0,99850,0,0,0,0,0,0,0,0,0,34,111,0,0,0,0,0,0
328,10907,329.0039837336788,99995,0,0,1,0,68,44,0.00112005600280014,0,0,49955,49958,22,17,20,23,23,20,0,0,99841,0,0,0,0,0,0,0,0,0,43,111,0,0,0,0,0,0
329,10907,330.01203521528595,99995,0,0,1,0,68,44,0.00112005600280014,0,0,49951,49952,22,17,24,29,29,24,0,0,99831,0,0,0,0,0,0,0,0,0,53,111,0,0,0,0,0,0
330,10907,331.13440462681973,99995,0,0,1,0,68,44,0.00112005600280014,0,0,49946,49945,22,17,29,36,36,29,0,0,99819,0,0,0,0,0,0,0,0,0,65,111,0,0,0,0,0,0
331,10907,332.0562699129481,99995,0,0,1,0,68,44,0.00112005600280014,0,0,49940,49937,22,17,35,44,44,35,0,0,99805,0,0,0,0,0,0,0,0,0,79,111,0,0,0,0,0,0
332,10907,333.13771174568564,99995,0,0,1,0,68,44,0.00112005600280014,0,0,49934,49929,22,17,41,52,53,41,0,0,99790,0,0,0,0,0,0,0,0,0,94,111,0,0,0,0,0,0
333,10907,334.0476897244172,99995,0,0,1,0,68,44,0.00112005600280014,0,0,49928,49920,21,17,48,61,63,48,0,0,99773,0,0,0,0,0,0,0,0,0,111,111,0,0,0,0,0,0
334,10907,335.09326540895984,99995,0,0,1,0,68,44,0.00112005600280014,0,0,49920,49909,21,17,56,72,74,56,0,0,99754,0,0,0,0,0,0,0,0,0,130,111,0,0,0,0,0,0
335,10907,336.01145660477414,99995,0,0,1,0,68,44,0.00112005600280014,0,0,49912,49897,21,17,64,84,86,64,0,0,99734,0,0,0,0,0,0,0,0,0,150,111,0,0,0,0,0,0
336,10907,337.0886370561578,99995,0,0,1,0,68,44,0.00112005600280014,0,0,49903,49883,21,17,73,98,100,73,0,0,99711,0,0,0,0,0,0,0,0,0,173,111,0,0,0,0,0,0
337,10907,338.0742116525111,99995,0,0,1,0,68,44,0.00112005600280014,0,0,49893,49869,21,17,83,112,115,83,0,0,99686,0,0,0,0,0,0,0,0,0,198,111,0,0,0,0,0,0
338,10907,339.03186785446934,99995,0,0,1,0,68,44,0.00112005600280014,0,0,49882,49852,21,17,94,129,132,94,0,0,99658,0,0,0,0,0,0,0,0,0,226,111,0,0,0,0,0,0
339,10907,340.1488852282946,99995,0,0,1,0,68,44,0.00112005600280014,0,0,49871,49834,21,17,105,147,150,106,0,0,99628,0,0,0,0,0,0,0,0,0,256,111,0,0,0,0,0,0
340,10907,341.1267582393078,99995,0,0,1,0,68,44,0.00112005600280014,0,0,49860,49814,21,17,116,167,170,118,0,0,99596,0,0,0,0,0,0,0,0,0,288,111,0,0,0,0,0,0
341,10907,342.0172302238037,99995,0,0,1,0,68,44,0.00112005600280014,0,0,49849,49794,21,17,127,187,191,131,0,0,99562,0,0,0,0,0,0,0,0,0,322,111,0,0,0,0,0,0
342,10907,343.0300492131387,99995,0,0,1,0,68,44,0.00112005600280014,0,0,49835,49773,21,17,141,208,214,145,0,0,99525,0,0,0,0,0,0,0,0,0,359,111,0,0,0,0,0,0
343,10907,344.2177048207194,99995,0,0,1,0,68,44,0.00112005600280014,0,0,49821,49748,21,17,155,233,239,160,0,0,99485,0,0,0,0,0,0,0,0,0,399,111,0,0,0,0,0,0
344,10907,345.12434344180383,99995,0,0,1,0,68,44,0.00112005600280014,0,0,49806,49721,20,17,171,260,266,176,0,0,99443,0,0,0,0,0,0,0,0,0,441,110,1,0,0,0,0,0
345,10907,346.01927431499547,99995,0,0,1,0,68,44,0.00112005600280014,0,0,49789,49693,20,17,188,288,295,193,0,0,99397,0,0,0,0,0,0,0,0,0,487,110,1,0,0,0,0,0
346,10907,347.08198794168254,99995,0,0,1,0,68,44,0.00112005600280014,0,0,49772,49663,19,17,206,318,326,211,0,0,99348,0,0,0,0,0,0,0,0,0,536,110,1,0,0,0,0,0
347,10907,348.00390529016937,99995,0,0,1,0,68,44,0.00112005600280014,0,0,49753,49630,19,17,225,351,359,230,0,0,99297,0,0,0,0,0,0,0,0,0,587,109,2,0,0,0,0,0
348,10907,349.0376048044678,99995,0,0,1,0,68,44,0.00112005600280014,0,0,49734,49595,19,17,244,386,394,250,0,0,99243,0,0,0,0,0,0,0,0,0,641,108,3,0,0,0,0,0
349,10907,350.0008884166892,99995,0,0,1,0,68,44,0.00112005600280014,0,0,49715,49558,19,17,263,423,431,271,0,0,99185,0,0,0,0,0,0,0,0,0,699,108,3,0,0,0,0,0
350,10907,351.0482794198711,99995,0,0,1,0,68,44,0.00112005600280014,0,0,49693,49520,19,17,285,461,470,293,0,0,99124,0,0,0,0,0,0,0,0,0,760,108,3,0,0,0,0,0
351,10907,352.019251320969,99995,0,0,1,0,68,44,0.00112005600280014,0,0,49675,49481,18,17,304,500,511,316,0,0,99060,0,0,0,0,0,0,0,0,0,824,108,3,0,0,0,0,0
352,10907,353.0246717441305,99995,0,0,1,0,68,44,0.00112005600280014,0,0,49653,49440,18,16,326,542,554,340,0,0,98993,0,0,0,0,0,0,0,0,0,891,108,3,0,0,0,0,0
353,10907,354.00768684070505,99995,0,0,1,0,68,44,0.00112005600280014,0,0,49630,49396,18,16,349,586,599,365,0,0,98923,0,0,0,0,0,0,0,0,0,961,108,3,0,0,0,0,0
354,10907,355.025275630524,99995,0,0,1,0,68,44,0.00112005600280014,0,0,49604,49352,18,16,375,630,647,391,0,0,98849,0,0,0,0,0,0,0,0,0,1035,108,3,0,0,0,0,0
355,10907,356.0407802096362,99995,0,0,1,0,68,44,0.00112005600280014,0,0,49577,49306,18,16,402,676,697,418,0,0,98772,0,0,0,0,0,0,0,0,0,1112,108,3,0,0,0,0,0
356,10907,357.02902399732864,99995,0,0,1,0,68,44,0.00112005600280014,0,0,49549,49254,18,16,430,728,750,446,0,0,98691,0,0,0,0,0,0,0,0,0,1193,108,3,0,0,0,0,0
357,10907,358.0080823941807,99995,0,0,1,0,68,44,0.00112005600280014,0,0,49522,49205,18,16,457,777,805,475,0,0,98607,0,0,0,0,0,0,0,0,0,1277,108,3,0,0,0,0,0
358,10907,359.034127988438,99995,0,0,1,0,68,44,0.00112005600280014,0,0,49492,49148,18,16,487,834,863,505,0,0,98519,0,0,0,0,0,0,0,0,0,1365,108,3,0,0,0,0,0
359,10907,360.0307668251552,99995,0,0,1,0,68,44,0.00112005600280014,0,0,49463,49093,18,16,516,889,923,536,0,0,98428,0,0,0,0,0,0,0,0,0,1456,108,3,0,0,0,0,0
360,10907,361.02568604812103,99995,0,0,1,0,68,44,0.00112005600280014,0,0,49432,49033,17,16,548,949,986,569,0,0,98332,0,0,0,0,0,0,0,0,0,1552,108,3,0,0,0,0,0
361,10907,362.0506861927921,99995,0,0,1,0,68,44,0.00112005600280014,0,0,49401,48973,17,16,579,1009,1051,603,0,0,98233,0,0,0,0,0,0,0,0,0,1651,108,3,0,0,0,0,0
362,10907,363.0002325699315,99995,0,0,1,0,68,44,0.00112005600280014,0,0,49368,48909,17,16,612,1073,1119,638,0,0,98131,0,0,0,0,0,0,0,0,0,1753,107,4,0,0,0,0,0
363,10907,364.10793256340145,99995,0,0,1,0,68,44,0.00112005600280014,0,0,49333,48845,17,16,647,1137,1189,674,0,0,98025,0,0,0,0,0,0,0,0,0,1859,107,4,0,0,0,0,0
364,10907,365.00322520617954,99995,0,0,1,0,68,44,0.00112005600280014,0,0,49298,48775,17,16,682,1207,1262,711,0,0,97915,0,0,0,0,0,0,0,0,0,1969,107,4,0,0,0,0,0
365,10907,366.2272593296008,99995,0,0,1,0,68,44,0.00112005600280014,0,0,49263,48708,17,16,717,1274,1338,749,0,0,97801,0,0,0,0,0,0,0,0,0,2083,107,4,0,0,0,0,0
366,10907,367.09871204953424,99995,0,0,1,0,68,44,0.00112005600280014,0,0,49233,48632,17,16,747,1350,1417,788,0,0,97683,0,0,0,0,0,0,0,0,0,2201,107,4,0,0,0,0,0
367,10907,368.06320476150637,99995,0,0,1,0,68,44,0.00112005600280014,0,0,49194,48564,17,16,786,1418,1498,829,0,0,97561,0,0,0,0,0,0,0,0,0,2323,107,4,0,0,0,0,0
368,10907,369.01314598920214,99995,0,0,1,0,68,44,0.00112005600280014,0,0,49154,48482,17,16,826,1500,1582,871,0,0,97436,0,0,0,0,0,0,0,0,0,2448,106,5,0,0,0,0,0
369,10907,370.0112103946667,99995,0,0,1,0,68,44,0.00112005600280014,0,0,49117,48397,17,16,863,1585,1669,914,0,0,97306,0,0,0,0,0,0,0,0,0,2578,106,5,0,0,0,0,0
370,10907,371.01611016503807,99995,0,0,1,0,68,44,0.00112005600280014,0,0,49074,48310,17,16,906,1672,1759,958,0,0,97172,0,0,0,0,0,0,0,0,0,2712,106,5,0,0,0,0,0
371,10907,372.0056444990891,99995,0,0,1,0,68,44,0.00112005600280014,0,0,49031,48223,17,16,949,1759,1852,1003,0,0,97034,0,0,0,0,0,0,0,0,0,2850,106,5,0,0,0,0,0
372,10907,373.0374585158029,99995,0,0,1,0,68,44,0.00112005600280014,0,0,48986,48134,17,16,994,1848,1947,1050,0,0,96892,0,0,0,0,0,0,0,0,0,2992,106,5,0,0,0,0,0
373,10907,374.07662442947634,99995,0,0,1,0,68,44,0.00112005600280014,0,0,48945,48044,17,16,1035,1938,2045,1098,0,0,96747,0,0,0,0,0,0,0,0,0,3137,105,6,0,0,0,0,0
374,10907,375.00515435404293,99995,0,0,1,0,68,44,0.00112005600280014,0,0,48898,47947,17,16,1082,2035,2146,1147,0,0,96597,0,0,0,0,0,0,0,0,0,3287,105,6,0,0,0,0,0
375,10907,376.0545632218125,99995,0,0,1,0,68,44,0.00112005600280014,0,0,48852,47848,17,16,1128,2134,2250,1197,0,0,96444,0,0,0,0,0,0,0,0,0,3440,104,7,0,0,0,0,0
376,10907,377.0117703200051,99995,0,0,1,0,68,44,0.00112005600280014,0,0,48805,47747,17,16,1175,2235,2357,1249,0,0,96285,0,0,0,0,0,0,0,0,0,3599,104,7,0,0,0,0,0
377,10907,378.0098008505499,99995,0,0,1,0,68,44,0.00112005600280014,0,0,48754,47642,17,16,1226,2340,2467,1302,0,0,96122,0,0,0,0,0,0,0,0,0,3762,104,7,0,0,0,0,0
378,10907,379.0009138826718,99995,0,0,1,0,68,44,0.00112005600280014,0,0,48707,47540,17,16,1273,2442,2580,1356,0,0,95955,0,0,0,0,0,0,0,0,0,3929,104,7,0,0,0,0,0
379,10907,380.0230267222284,99995,0,0,1,0,68,44,0.00112005600280014,0,0,48656,47433,17,16,1324,2549,2695,1411,0,0,95785,0,0,0,0,0,0,0,0,0,4099,104,7,0,0,0,0,0
380,10907,381.05020171337674,99995,0,0,1,0,68,44,0.00112005600280014,0,0,48602,47318,17,16,1378,2664,2813,1468,0,0,95610,0,0,0,0,0,0,0,0,0,4274,104,7,0,0,0,0,0
381,10907,382.0028103498274,99995,0,0,1,0,68,44,0.00112005600280014,0,0,48550,47204,17,16,1430,2778,2934,1526,0,0,95432,0,0,0,0,0,0,0,0,0,4452,103,8,0,0,0,0,0
382,10907,383.2033446442676,99995,0,0,1,0,68,44,0.00112005600280014,0,0,48497,47090,17,15,1483,2893,3058,1585,0,0,95250,0,0,0,0,0,0,0,0,0,4634,102,9,0,0,0,0,0
383,10907,384.0251998335589,99995,0,0,1,0,68,44,0.00112005600280014,0,0,48441,46971,17,14,1539,3013,3185,1645,0,0,95064,0,0,0,0,0,0,0,0,0,4820,101,10,0,0,0,0,0
384,10907,385.02055655155203,99995,0,0,1,0,68,44,0.00112005600280014,0,0,48385,46852,17,14,1595,3132,3315,1707,0,0,94872,0,0,0,0,0,0,0,0,0,5012,101,10,0,0,0,0,0
385,10907,386.0279668815967,99995,0,0,1,0,68,44,0.00112005600280014,0,0,48329,46729,17,14,1651,3255,3448,1770,0,0,94676,0,0,0,0,0,0,0,0,0,5208,101,10,0,0,0,0,0
386,10907,387.0040824669567,99995,0,0,1,0,68,44,0.00112005600280014,0,0,48274,46610,17,13,1706,3375,3583,1834,0,0,94478,0,0,0,0,0,0,0,0,0,5406,100,11,0,0,0,0,0
387,10907,388.05666307047835,99995,0,0,1,0,68,44,0.00112005600280014,0,0,48215,46489,17,13,1765,3496,3721,1899,0,0,94275,0,0,0,0,0,0,0,0,0,5609,100,11,0,0,0,0,0
388,10907,389.044239516104,99995,0,0,1,0,68,44,0.00112005600280014,0,0,48155,46363,17,13,1825,3622,3862,1965,0,0,94068,0,0,0,0,0,0,0,0,0,5816,100,11,0,0,0,0,0
389,10907,390.03731128334135,99995,0,0,1,0,68,44,0.00112005600280014,0,0,48096,46232,17,13,1884,3753,4006,2033,0,0,93857,0,0,0,0,0,0,0,0,0,6027,99,12,0,0,0,0,0
390,10907,391.00990492607923,99995,0,0,1,0,68,44,0.00112005600280014,0,0,48035,46095,17,13,1945,3890,4153,2102,0,0,93642,0,0,0,0,0,0,0,0,0,6242,98,13,0,0,0,0,0
391,10907,392.03698659953596,99995,0,0,1,0,68,44,0.00112005600280014,0,0,47972,45963,17,13,2008,4022,4302,2172,0,0,93423,0,0,0,0,0,0,0,0,0,6461,98,13,0,0,0,0,0
392,10907,393.02475368837605,99995,0,0,1,0,68,44,0.00112005600280014,0,0,47909,45826,17,13,2071,4159,4454,2243,0,0,93200,0,0,0,0,0,0,0,0,0,6684,98,13,0,0,0,0,0
393,10907,394.0599603807983,99995,0,0,1,0,68,44,0.00112005600280014,0,0,47845,45689,17,13,2135,4296,4609,2316,0,0,92972,0,0,0,0,0,0,0,0,0,6912,98,13,0,0,0,0,0
394,10907,395.0626763369219,99995,0,0,1,0,68,44,0.00112005600280014,0,0,47782,45551,17,12,2198,4435,4766,2390,0,0,92741,0,0,0,0,0,0,0,0,0,7143,98,13,0,0,0,0,0
395,10907,396.070173122565,99995,0,0,1,0,68,44,0.00112005600280014,0,0,47716,45411,17,12,2264,4575,4926,2465,0,0,92506,0,0,0,0,0,0,0,0,0,7378,98,13,0,0,0,0,0
396,10907,397.03252186597274,99995,0,0,1,0,68,44,0.00112005600280014,0,0,47650,45263,17,12,2330,4723,5088,2541,0,0,92268,0,0,0,0,0,0,0,0,0,7616,98,13,0,0,0,0,0
397,10907,398.0840721797488,99995,0,0,1,0,68,44,0.00112005600280014,0,0,47578,45120,17,12,2402,4866,5253,2618,0,0,92026,0,0,0,0,0,0,0,0,0,7858,98,13,0,0,0,0,0
398,10907,399.0175544690527,99995,0,0,1,0,68,44,0.00112005600280014,0,0,47506,44963,17,12,2474,5023,5421,2697,0,0,91779,0,0,0,0,0,0,0,0,0,8105,98,13,0,0,0,0,0
399,10907,400.00675013383386,99995,0,0,1,0,68,44,0.00112005600280014,0,0,47431,44814,16,12,2550,5172,5591,2777,0,0,91530,0,0,0,0,0,0,0,0,0,8354,97,14,0,0,0,0,0
400,10907,401.0593763186627,99995,0,0,1,0,68,44,0.00112005600280014,0,0,47357,44657,16,11,2624,5330,5763,2858,0,0,91278,0,0,0,0,0,0,0,0,0,8606,96,15,0,0,0,0,0
401,10907,402.1043995992976,99995,0,0,1,0,68,44,0.00112005600280014,0,0,47286,44500,16,11,2695,5487,5938,2940,0,0,91021,0,0,0,0,0,0,0,0,0,8863,96,15,0,0,0,0,0
402,10907,403.06842363143545,99995,0,0,1,0,68,44,0.00112005600280014,0,0,47209,44337,16,11,2772,5650,6115,3023,0,0,90761,0,0,0,0,0,0,0,0,0,9123,96,15,0,0,0,0,0
403,10907,404.0322126817496,99995,0,0,1,0,68,44,0.00112005600280014,0,0,47132,44169,15,11,2850,5818,6295,3107,0,0,90498,0,0,0,0,0,0,0,0,0,9386,95,16,0,0,0,0,0
404,10907,405.1304153277013,99995,0,0,1,0,68,44,0.00112005600280014,0,0,47062,44006,15,11,2920,5981,6477,3192,0,0,90232,0,0,0,0,0,0,0,0,0,9652,94,17,0,0,0,0,0
405,10907,406.02203678090063,99995,0,0,1,0,68,44,0.00112005600280014,0,0,46984,43839,15,11,2998,6148,6661,3279,0,0,89961,0,0,0,0,0,0,0,0,0,9923,94,17,0,0,0,0,0
406,10907,407.18514865165946,99995,0,0,1,0,68,44,0.00112005600280014,0,0,46904,43681,15,11,3078,6306,6847,3367,0,0,89687,0,0,0,0,0,0,0,0,0,10197,94,17,0,0,0,0,0
407,10907,408.0058051885864,99995,0,0,1,0,68,44,0.00112005600280014,0,0,46829,43509,15,11,3153,6478,7035,3456,0,0,89411,0,0,0,0,0,0,0,0,0,10473,93,18,0,0,0,0,0
408,10907,409.0478060311636,99995,0,0,1,0,68,44,0.00112005600280014,0,0,46748,43341,15,11,3234,6646,7225,3546,0,0,89131,0,0,0,0,0,0,0,0,0,10753,93,18,0,0,0,0,0
409,10907,410.0526231354217,99995,0,0,1,0,68,44,0.00112005600280014,0,0,46671,43165,15,11,3311,6822,7417,3637,0,0,88849,0,0,0,0,0,0,0,0,0,11035,92,19,0,0,0,0,0
410,10907,411.0623185922173,99995,0,0,1,0,68,44,0.00112005600280014,0,0,46588,42989,15,11,3394,6998,7611,3729,0,0,88563,0,0,0,0,0,0,0,0,0,11321,92,19,0,0,0,0,0
411,10907,412.050121911433,99995,0,0,1,0,68,44,0.00112005600280014,0,0,46512,42820,15,11,3470,7167,7807,3822,0,0,88274,0,0,0,0,0,0,0,0,0,11610,92,19,0,0,0,0,0
412,10907,413.0770835038314,99995,0,0,1,0,68,44,0.00112005600280014,0,0,46428,42639,15,11,3554,7348,8005,3916,0,0,87983,0,0,0,0,0,0,0,0,0,11901,91,20,0,0,0,0,0
413,10907,414.0222992080687,99995,0,0,1,0,68,44,0.00112005600280014,0,0,46344,42465,15,11,3638,7522,8205,4011,0,0,87688,0,0,0,0,0,0,0,0,0,12196,91,20,0,0,0,0,0
414,10907,415.02630920872565,99995,0,0,1,0,68,44,0.00112005600280014,0,0,46258,42294,15,10,3724,7694,8407,4107,0,0,87391,0,0,0,0,0,0,0,0,0,12493,90,21,0,0,0,0,0
415,10907,416.0373062066659,99995,0,0,1,0,68,44,0.00112005600280014,0,0,46173,42112,15,10,3809,7876,8611,4204,0,0,87090,0,0,0,0,0,0,0,0,0,12794,90,21,0,0,0,0,0
416,10907,417.12338586871203,99995,0,0,1,0,68,44,0.00112005600280014,0,0,46089,41928,15,10,3893,8060,8816,4302,0,0,86787,0,0,0,0,0,0,0,0,0,13097,90,21,0,0,0,0,0
417,10907,418.0617893330446,99995,0,0,1,0,68,44,0.00112005600280014,0,0,46003,41746,14,10,3980,8242,9023,4401,0,0,86482,0,0,0,0,0,0,0,0,0,13402,89,22,0,0,0,0,0
418,10907,419.07392094344556,99995,0,0,1,0,68,44,0.00112005600280014,0,0,45922,41569,14,10,4061,8419,9231,4501,0,0,86174,0,0,0,0,0,0,0,0,0,13710,89,22,0,0,0,0,0
419,10907,420.04759414760053,99995,1,1,1,0,69,45,0.0011400570028501425,24,23,45812,41381,14,10,4146,8583,9441,4602,0,0,85863,0,0,0,0,0,0,0,0,0,14021,89,22,0,0,0,0,0
420,10907,421.06013601530987,99995,5,5,1,0,73,49,0.0012200610030501525,21,19,45717,41204,14,10,4240,8760,9652,4704,0,0,85550,0,0,0,0,0,0,0,0,0,14334,89,22,0,0,0,0,0
421,10907,422.1097153903861,99995,13,12,1,0,82,57,0.0013900695034751737,13,12,45625,41025,15,9,4331,8940,9865,4807,0,0,85235,1,1,0,0,0,0,0,0,0,14647,87,24,0,0,0,0,0
422,10907,423.04806410673245,99995,11,12,1,0,83,59,0.0014200710035501775,16,11,45530,40838,18,11,4422,9126,10079,4911,0,0,84912,6,1,0,0,0,0,0,0,0,14965,87,24,0,0,0,0,0
423,10907,424.01548765679007,99995,14,12,1,0,87,61,0.001480074003700185,17,11,45436,40654,19,13,4511,9308,10294,5016,0,0,84591,8,2,0,0,0,0,0,0,0,15283,86,25,0,0,0,0,0
424,10907,425.0058226812594,99994,15,10,1,1,90,64,0.0015400924055443326,17,10,45341,40474,21,17,4603,9486,10510,5122,0,0,84263,13,3,0,0,0,0,0,0,0,15604,86,25,0,0,0,0,0
425,10907,426.06822481658196,99994,20,13,1,1,99,69,0.001680100806048363,12,9,45252,40289,25,19,4688,9667,10727,5229,0,0,83934,19,3,0,0,0,0,0,0,0,15927,85,26,0,0,0,0,0
426,10907,427.0117564302631,99994,18,11,1,1,102,71,0.0017301038062283738,12,9,45155,40095,30,23,4782,9859,10946,5337,0,0,83599,27,4,0,0,0,0,0,0,0,16253,85,26,0,0,0,0,0
427,10907,428.00670838384076,99994,18,14,1,1,106,74,0.0018001080064803888,12,8,45062,39908,34,23,4871,10044,11166,5445,0,0,83267,31,4,0,0,0,0,0,0,0,16581,85,26,0,0,0,0,0
428,10907,429.0121549618519,99994,18,13,1,1,108,78,0.0018601116066964017,15,5,44978,39728,36,28,4950,10223,11387,5554,0,0,82931,37,5,0,0,0,0,0,0,0,16910,85,26,0,0,0,0,0
429,10907,430.0349522615855,99994,17,12,1,1,111,78,0.0018901134068044082,18,7,44880,39535,40,28,5042,10415,11608,5664,0,0,82596,41,6,0,0,0,0,0,0,0,17240,85,26,0,0,0,0,0
430,10907,431.01334982742145,99994,19,14,1,1,113,83,0.0019601176070564233,20,6,44776,39351,40,31,5142,10595,11830,5775,0,0,82262,43,7,0,0,0,0,0,0,0,17571,84,27,0,0,0,0,0
431,10907,432.04053196966566,99994,14,14,1,1,116,87,0.0020301218073084386,21,3,44678,39175,48,35,5236,10770,12053,5887,0,0,81917,53,9,0,0,0,0,0,0,0,17904,84,27,0,0,0,0,0
432,10907,433.0100039883761,99994,22,13,1,1,125,88,0.00213012780766846,17,4,44575,38981,49,37,5334,10962,12277,5999,0,0,81578,56,9,0,0,0,0,0,0,0,18240,84,27,0,0,0,0,0
433,10907,434.1425206439646,99994,25,9,1,1,133,88,0.0022101326079564773,16,4,44481,38792,54,41,5421,11151,12501,6112,0,0,81235,63,11,0,0,0,0,0,0,0,18574,83,28,0,0,0,0,0
434,10907,435.0454018772258,99994,21,8,1,1,136,89,0.002250135008100486,19,6,44378,38607,60,43,5519,11333,12726,6226,0,0,80887,72,11,0,0,0,0,0,0,0,18913,83,28,0,0,0,0,0
435,10907,436.0948681597294,99994,23,8,1,1,139,91,0.0023001380082804967,30,7,44265,38412,61,45,5618,11525,12952,6341,0,0,80543,75,11,0,0,0,0,0,0,0,19254,83,28,0,0,0,0,0
436,10907,437.1766915428951,99994,21,7,1,1,143,92,0.0023501410084605075,33,9,44163,38225,67,46,5713,11710,13178,6456,0,0,80195,82,12,0,0,0,0,0,0,0,19594,83,28,0,0,0,0,0
437,10907,438.2803572366861,99994,25,5,1,1,149,92,0.0024101446086765206,33,10,44050,38030,69,48,5820,11904,13405,6572,0,0,79848,86,12,0,0,0,0,0,0,0,19937,83,28,0,0,0,0,0
438,10907,439.0152716805491,99994,23,6,1,1,152,96,0.002480148808928536,37,6,43946,37843,73,51,5918,12091,13632,6689,0,0,79498,93,13,0,0,0,0,0,0,0,20279,82,29,0,0,0,0,0
439,10907,440.17869648534815,99994,30,7,1,1,161,99,0.0026001560093605615,33,5,43849,37656,74,53,6011,12276,13859,6806,0,0,79153,95,15,0,0,0,0,0,0,0,20620,81,30,0,0,0,0,0
440,10907,441.0522821217723,99994,34,6,1,1,172,100,0.0027201632097925877,31,7,43749,37479,81,54,6102,12451,14087,6924,0,0,78800,102,17,0,0,0,0,0,0,0,20964,81,30,0,0,0,0,0
441,10907,442.0116924930489,99994,35,8,1,1,178,104,0.0028201692101526093,33,10,43642,37277,86,55,6201,12647,14315,7043,0,0,78447,108,18,0,0,0,0,0,0,0,21310,81,30,0,0,0,0,0
442,10907,443.1043853149635,99994,36,8,1,1,181,105,0.002860171610296618,37,13,43540,37076,87,56,6297,12844,14543,7162,0,0,78099,111,18,0,0,0,0,0,0,0,21655,79,32,0,0,0,0,0
443,10907,444.085252079152,99994,35,7,1,1,185,106,0.0029101746104766286,43,13,43434,36888,92,58,6393,13031,14771,7282,0,0,77746,116,20,0,0,0,0,0,0,0,22001,79,32,0,0,0,0,0
444,10907,445.29565318361483,99994,44,8,1,1,202,110,0.003120187211232674,36,14,43335,36723,98,59,6484,13193,14999,7403,0,0,77389,125,22,0,0,0,0,0,0,0,22347,78,33,0,0,0,0,0
445,10907,446.1193955610797,99994,41,6,1,1,208,110,0.0031801908114486867,38,16,43230,36537,106,60,6582,13378,15227,7524,0,0,77031,134,24,0,0,0,0,0,0,0,22694,78,33,0,0,0,0,0
446,10907,447.07296402580994,99994,43,8,1,1,213,112,0.003250195011700702,38,16,43116,36340,109,60,6691,13573,15455,7646,0,0,76679,136,25,0,0,0,0,0,0,0,23043,78,33,0,0,0,0,0
447,10907,448.2258183508848,99994,45,12,1,1,224,116,0.0034002040122407345,42,15,43011,36164,118,60,6781,13746,15683,7768,0,0,76323,143,27,0,0,0,0,0,0,0,23390,77,34,0,0,0,0,0
448,10907,449.0661085080966,99994,55,14,1,1,238,119,0.0035702142128527714,39,16,42897,35985,121,60,6885,13922,15911,7891,0,0,75967,148,27,0,0,0,0,0,0,0,23741,77,34,0,0,0,0,0
449,10907,450.3003026503767,99994,69,16,1,1,257,125,0.003820229213752825,33,21,42791,35816,126,62,6978,14082,16139,8014,0,0,75610,154,30,0,0,0,0,0,0,0,24089,77,34,0,0,0,0,0
450,10907,451.2816501492231,99994,75,18,1,1,275,127,0.004020241214472868,30,27,42685,35623,138,62,7069,14267,16367,8138,0,0,75247,165,31,0,0,0,0,0,0,0,24440,77,34,0,0,0,0,0
451,10907,452.21006603482675,99994,80,18,1,1,285,130,0.0041502490149408966,30,29,42571,35422,143,63,7173,14465,16594,8262,0,0,74891,171,33,0,0,0,0,0,0,0,24788,76,35,0,0,0,0,0
452,10907,453.0273973344652,99994,71,23,1,1,290,137,0.004270256215372923,41,32,42456,35243,157,64,7272,14635,16821,8387,0,0,74524,186,34,0,0,0,0,0,0,0,25139,76,35,0,0,0,0,0
453,10907,454.07565071368464,99994,74,27,1,1,302,145,0.004470268216092966,43,32,42344,35063,165,68,7371,14807,17048,8512,0,0,74164,194,39,0,0,0,0,0,0,0,25486,76,35,0,0,0,0,0
454,10907,455.1266206989592,99994,79,38,1,1,320,158,0.004780286817209032,43,32,42226,34867,177,69,7472,14991,17274,8637,0,0,73801,206,42,0,0,0,0,0,0,0,25834,76,35,0,0,0,0,0
455,10907,456.1804692968789,99994,75,41,1,1,336,165,0.005010300618037082,44,29,42106,34683,195,72,7577,15172,17500,8763,0,0,73428,228,44,0,0,0,0,0,0,0,26183,75,36,0,0,0,0,0
456,10907,457.23720055045567,99994,77,38,1,1,351,168,0.005190311418685121,48,38,41993,34496,206,78,7673,15347,17725,8889,0,0,73063,241,48,1,0,0,0,0,0,0,26530,75,36,0,0,0,0,0
457,10907,458.2967551014474,99994,82,39,1,1,362,177,0.005390323419405164,56,36,41880,34324,210,85,7769,15513,17950,9016,0,0,72702,250,53,1,0,0,0,0,0,0,26877,75,36,0,0,0,0,0
458,10907,459.0046894383176,99994,83,42,1,1,370,184,0.005540332419945197,62,41,41762,34119,215,86,7875,15709,18174,9143,0,0,72345,256,58,1,0,0,0,0,0,0,27223,75,36,0,0,0,0,0
459,10907,460.06992303653215,99994,91,45,1,1,394,191,0.005850351021061264,62,45,41649,33943,230,89,7965,15875,18398,9270,0,0,71977,273,61,1,0,0,0,0,0,0,27571,75,36,0,0,0,0,0
460,10907,461.1378775003938,99994,94,49,1,1,413,202,0.006150369022141329,75,47,41520,33767,246,95,8062,16039,18621,9397,0,0,71609,291,66,1,0,0,0,0,0,0,27916,75,36,0,0,0,0,0
461,10907,462.2088647356845,99993,93,52,2,1,430,211,0.006410448731411199,82,51,41397,33596,262,100,8162,16198,18843,9525,0,0,71241,308,72,1,0,0,0,0,0,0,28260,75,36,0,0,0,0,0
462,10907,463.28293835056064,99993,105,56,2,1,451,227,0.006780474633224325,90,50,41277,33410,270,111,8254,16370,19065,9653,0,0,70877,324,77,1,0,0,0,0,0,0,28603,73,38,0,0,0,0,0
463,10907,464.0006077153092,99993,93,65,2,1,457,239,0.0069604872341063875,103,45,41160,33229,285,113,8355,16545,19286,9781,0,0,70515,338,84,1,0,0,0,0,0,0,28944,72,39,0,0,0,0,0
464,10907,465.08070533232353,99993,100,75,2,1,482,255,0.007370515936115528,103,42,41042,33058,303,119,8448,16703,19506,9910,0,0,70148,356,90,1,0,0,0,0,0,0,29287,72,39,0,0,0,0,0
465,10907,466.16380712153284,99993,113,71,2,1,512,267,0.0077905453381736725,96,46,40920,32879,316,133,8551,16868,19725,10039,0,0,69777,379,100,1,0,0,0,0,0,0,29625,72,39,0,0,0,0,0
466,10907,467.2499250075983,99993,116,74,2,1,535,279,0.008140569839888792,108,49,40804,32708,333,138,8635,17028,19943,10168,0,0,69405,404,104,1,0,0,0,0,0,0,29968,72,39,0,0,0,0,0
467,10907,468.3389846500573,99993,133,71,2,1,570,293,0.008630604142289961,105,54,40681,32528,350,153,8727,17191,20160,10297,0,0,69041,422,121,1,0,0,0,0,0,0,30297,72,39,0,0,0,0,0
468,10907,469.06674646107655,99992,140,72,3,1,588,302,0.008900712056964558,111,56,40545,32352,358,161,8841,17356,20377,10426,0,0,68682,434,127,1,0,0,0,0,0,0,30637,72,39,0,0,0,0,0
469,10907,470.16238970009397,99992,142,80,3,1,613,318,0.009310744859588767,120,67,40426,32176,379,166,8928,17508,20593,10556,0,0,68313,457,135,1,0,0,0,0,0,0,30975,72,39,0,0,0,0,0
470,10907,471.2610348162404,99992,153,88,3,1,644,336,0.009800784062725018,121,75,40308,32015,397,174,9016,17645,20808,10686,0,0,67946,479,143,1,0,0,0,0,0,0,31312,72,39,0,0,0,0,0
471,10907,472.3627282699888,99992,167,90,3,1,681,351,0.010320825666053284,125,74,40169,31858,415,183,9119,17792,21022,10816,0,0,67578,503,155,1,0,0,0,0,0,0,31644,72,39,0,0,0,0,0
472,10907,473.09911799070784,99992,169,100,3,1,702,375,0.010770861668933514,131,60,40040,31679,432,196,9223,17962,21235,10946,0,0,67212,527,164,1,0,0,0,0,0,0,31977,71,40,0,0,0,0,0
473,10907,474.20782291361377,99992,187,107,3,1,746,391,0.011370909672773821,124,63,39915,31527,454,203,9315,18097,21447,11076,0,0,66845,552,174,1,0,0,0,0,0,0,32309,71,40,0,0,0,0,0
474,10907,475.31980589987097,99992,183,111,3,1,773,407,0.011800944075526043,147,67,39773,31369,480,214,9412,18236,21658,11206,0,0,66469,586,181,2,0,0,0,0,0,0,32643,71,40,0,0,0,0,0
475,10907,476.0632085277867,99992,195,113,3,1,808,418,0.012260980878470277,142,73,39640,31184,503,223,9515,18404,21868,11336,0,0,66109,605,192,3,0,0,0,0,0,0,32972,71,40,0,0,0,0,0
476,10907,477.182536344899,99992,204,114,3,1,845,433,0.012781022481798543,162,86,39502,31033,528,236,9599,18528,22076,11466,0,0,65743,633,206,3,0,0,0,0,0,0,33296,71,40,0,0,0,0,0
477,10907,478.3054218052492,99992,216,134,3,1,887,467,0.013541083286662934,171,75,39363,30880,555,245,9690,18663,22283,11596,0,0,65378,662,221,3,0,0,0,0,0,0,33617,70,41,0,0,0,0,0
478,10907,479.05604805890164,99992,217,142,3,1,920,483,0.014031122489799184,171,73,39235,30716,584,251,9788,18815,22489,11726,0,0,65015,689,234,3,0,0,0,0,0,0,33940,70,41,0,0,0,0,0
479,10907,480.1861562757842,99992,210,138,3,1,962,504,0.014661172893831507,176,81,39111,30555,626,272,9872,18951,22694,11856,0,0,64627,742,255,3,0,0,0,0,0,0,34254,70,41,0,0,0,0,0
480,10907,481.31986396536365,99991,235,142,4,1,1028,524,0.015521396925723316,162,83,38983,30403,661,284,9953,19085,22898,11986,0,0,64252,782,271,3,0,0,0,0,0,0,34572,70,41,0,0,0,0,0
481,10907,482.07760621632605,99991,236,136,4,1,1057,534,0.0159114320288826,179,91,38841,30231,685,298,10053,19241,23101,12116,0,0,63892,809,288,3,0,0,0,0,0,0,34888,70,41,0,0,0,0,0
482,10907,483.2187760634026,99990,249,149,5,1,1114,563,0.016771677167716773,178,87,38709,30091,720,309,10137,19361,23302,12246,0,0,63522,849,307,2,1,0,0,0,0,0,35198,70,41,0,0,0,0,0
483,10907,484.3636466110281,99990,271,152,5,1,1169,589,0.017581758175817582,174,85,38575,29956,745,330,10228,19474,23502,12376,0,0,63149,892,320,2,1,0,0,0,0,0,35515,70,41,0,0,0,0,0
484,10907,485.1290428692497,99990,260,149,5,1,1191,601,0.01792179217921792,188,93,38454,29804,771,344,10320,19607,23701,12506,0,0,62786,926,334,2,1,0,0,0,0,0,35830,70,41,0,0,0,0,0
485,10907,486.2811973768371,99990,267,148,5,1,1251,626,0.01877187718771877,190,90,38320,29673,820,365,10396,19721,23899,12636,0,0,62406,978,361,2,1,0,0,0,0,0,36131,70,41,0,0,0,0,0
486,10907,487.0515069797998,99990,281,150,5,1,1291,639,0.0193019301930193,192,99,38182,29515,839,372,10499,19861,24095,12766,0,0,62061,997,379,2,1,0,0,0,0,0,36439,70,41,0,0,0,0,0
487,10907,488.2115873941523,99990,291,151,5,1,1340,670,0.020102010201020103,213,104,38044,29373,872,399,10573,19970,24290,12896,0,0,61698,1035,409,3,1,0,0,0,0,0,36734,69,41,0,0,0,0,0
488,10907,489.3753929571536,99990,314,158,5,1,1403,706,0.02109210921092109,228,92,37898,29254,906,425,10647,20068,24484,13026,0,0,61330,1079,434,3,1,0,0,0,0,0,37033,69,41,0,0,0,0,0
489,10907,490.1535046888438,99990,329,166,5,1,1449,727,0.021762176217621762,240,96,37739,29096,933,433,10752,20206,24677,13156,0,0,60983,1103,454,3,1,0,0,0,0,0,37336,69,41,0,0,0,0,0
490,10907,491.3257464206373,99990,344,165,5,1,1513,760,0.02273227322732273,273,114,37580,28959,973,465,10823,20294,24868,13286,0,0,60605,1160,480,3,1,0,0,0,0,0,37631,69,41,0,0,0,0,0
491,10907,492.10975984336,99990,378,173,5,1,1591,790,0.023812381238123813,264,108,37445,28801,1006,483,10900,20432,25058,13416,0,0,60246,1198,505,5,1,0,0,0,0,0,37926,68,41,0,0,0,0,0
492,10907,493.29045846632715,99990,402,174,5,1,1671,824,0.02495249524952495,275,114,37293,28668,1051,515,10972,20526,25247,13546,0,0,59867,1259,533,5,1,0,0,0,0,0,38216,67,42,0,0,0,0,0
493,10907,494.0798556017038,99989,421,174,6,1,1727,842,0.025692826210883198,281,119,37143,28523,1083,531,11064,20650,25434,13675,0,0,59515,1295,551,5,1,0,0,0,0,0,38513,67,42,0,0,0,0,0
494,10907,495.2693317580453,99988,406,176,7,1,1804,873,0.026773212785534264,297,137,36981,28393,1167,558,11140,20733,25620,13804,0,0,59125,1368,592,8,2,0,0,0,0,0,38786,65,42,0,0,0,0,0
495,10907,496.0650576573625,99988,414,181,7,1,1863,899,0.027623314797775734,307,137,36824,28254,1213,574,11233,20851,25805,13933,0,0,58763,1417,615,8,2,0,0,0,0,0,39076,64,43,0,0,0,0,0
496,10907,497.26420367654976,99988,422,193,7,1,1956,943,0.0289934792175061,326,143,36668,28123,1292,600,11283,20938,25988,14062,0,0,58376,1490,655,10,2,0,0,0,0,0,39348,64,43,0,0,0,0,0
497,10907,498.06627871278414,99988,434,203,7,1,2012,973,0.029853582429891588,335,140,36523,27992,1328,612,11371,21050,26170,14191,0,0,58035,1519,688,11,2,0,0,0,0,0,39626,64,43,0,0,0,0,0
498,10907,499.27477220991466,99988,442,217,7,1,2101,1022,0.03123374804976597,358,139,36354,27874,1400,638,11437,21129,26351,14320,0,0,57649,1595,726,12,2,0,0,0,0,0,39897,63,44,0,0,0,0,0
499,10907,500.08322351874983,99988,453,217,7,1,2163,1053,0.03216385966315958,365,142,36211,27745,1439,659,11523,21234,26530,14448,0,0,57303,1633,766,13,3,0,0,0,0,0,40163,63,44,0,0,0,0,0
500,10907,501.3013972051083,99988,482,223,7,1,2289,1100,0.03389406728807457,354,148,36059,27627,1526,691,11570,21308,26708,14576,0,0,56911,1719,816,14,3,0,0,0,0,0,40418,62,45,0,0,0,0,0
501,10907,502.1161896778332,99988,495,235,7,1,2362,1130,0.034924190902908346,359,146,35910,27489,1574,705,11653,21422,26884,14704,0,0,56561,1765,846,14,4,0,0,0,0,0,40691,62,45,0,0,0,0,0
502,10907,503.3438511655145,99987,516,237,7,2,2480,1173,0.036534749517437265,337,156,35768,27368,1656,739,11714,21496,27059,14832,0,0,56164,1859,889,14,4,0,0,0,0,0,40950,62,45,0,0,0,0,0
503,10907,504.1649741279994,99986,533,234,8,2,2546,1199,0.037455243734122776,353,173,35609,27236,1698,763,11797,21590,27233,14959,0,0,55816,1905,920,14,4,0,0,0,0,0,41220,62,45,0,0,0,0,0
504,10907,505.40233873276196,99983,567,249,11,2,2676,1257,0.03933668723683026,358,180,35446,27134,1774,799,11842,21634,27405,15086,0,0,55439,1980,980,13,5,0,0,0,0,0,41459,62,45,0,0,0,0,0
505,10907,506.2300887608023,99982,565,261,11,3,2745,1298,0.04043727871016783,381,176,35292,27005,1838,816,11911,21737,27576,15213,0,0,55080,2041,1016,13,6,0,0,0,0,0,41719,62,45,0,0,0,0,0
506,10907,507.06122980796323,99981,555,270,12,3,2810,1342,0.04152789029915684,413,173,35137,26886,1897,845,11984,21821,27746,15339,0,0,54723,2099,1063,15,6,0,0,0,0,0,41968,62,45,0,0,0,0,0
507,10907,508.31391616533966,99981,564,269,12,3,2922,1398,0.043208209559816364,433,179,34978,26776,1979,893,12032,21878,27914,15465,0,0,54338,2187,1127,18,7,0,0,0,0,0,42197,62,45,0,0,0,0,0
508,10907,509.1519936789992,99981,583,283,12,3,3013,1439,0.04452846040747742,440,177,34817,26660,2040,909,12106,21966,28081,15591,0,0,53984,2244,1161,22,7,0,0,0,0,0,42456,62,45,0,0,0,0,0
509,10907,510.41529098243177,99981,589,260,12,3,3146,1484,0.046308798671747635,434,213,34668,26536,2147,969,12148,22017,28246,15717,0,0,53589,2345,1244,27,8,0,0,0,0,0,42662,60,46,0,0,0,0,0
510,10907,511.2604295781009,99981,593,283,12,3,3226,1541,0.04767905902121403,459,204,34514,26399,2206,999,12214,22110,28410,15842,0,0,53238,2407,1292,27,8,0,0,0,0,0,42903,60,46,0,0,0,0,0
511,10907,512.1091131166789,99981,638,296,12,3,3330,1589,0.04919934787609646,433,206,34373,26275,2250,1026,12292,22192,28573,15967,0,0,52899,2457,1332,28,9,0,0,0,0,0,43150,60,46,0,0,0,0,0
512,10907,513.3877762033022,99981,666,320,12,3,3475,1649,0.051249737450115525,429,205,34217,26183,2346,1051,12328,22236,28734,16092,0,0,52531,2535,1398,32,10,0,0,0,0,0,43370,60,45,0,0,0,0,0
513,10907,514.2433883922154,99980,694,314,12,4,3583,1688,0.052720544108821765,445,212,34056,26061,2410,1087,12381,22320,28894,16216,0,0,52179,2601,1454,33,10,0,0,0,0,0,43598,60,45,0,0,0,0,0
514,10907,515.102247686802,99980,694,324,12,4,3674,1733,0.054080816163232646,469,219,33882,25944,2478,1116,12463,22391,29053,16340,0,0,51836,2657,1516,37,10,0,0,0,0,0,43819,60,45,0,0,0,0,0
515,10907,516.3979169093845,99980,698,341,12,4,3814,1815,0.05630126025205041,507,219,33684,25836,2594,1173,12503,22425,29210,16464,0,0,51432,2779,1587,39,12,0,0,0,0,0,44026,59,46,0,0,0,0,0
516,10907,517.2655200858212,99979,720,352,13,4,3924,1864,0.05789215735304414,510,234,33523,25717,2662,1200,12570,22491,29366,16587,0,0,51090,2839,1646,42,12,0,0,0,0,0,44245,59,46,0,0,0,0,0
517,10907,518.1370104941794,99978,757,360,14,4,4029,1902,0.05932305107123567,503,249,33372,25585,2716,1225,12636,22575,29520,16710,0,0,50753,2896,1680,44,13,0,0,0,0,0,44487,59,46,0,0,0,0,0
518,10907,519.0120596550346,99978,761,381,14,4,4135,1965,0.06101342295304967,506,243,33230,25466,2802,1255,12685,22649,29673,16832,0,0,50397,2970,1736,51,13,0,0,0,0,0,44706,59,46,0,0,0,0,0
519,10907,520.3310179195676,99978,770,384,14,4,4290,2041,0.06332393126487827,540,248,33031,25380,2926,1315,12717,22667,29825,16954,0,0,50001,3085,1826,58,13,0,0,0,0,0,44890,59,46,0,0,0,0,0
520,10907,521.2143483955817,99978,790,392,14,4,4410,2105,0.06516433615395387,563,256,32844,25267,3006,1365,12781,22714,29975,17076,0,0,49651,3162,1901,59,14,0,0,0,0,0,45086,59,46,0,0,0,0,0
521,10907,522.1022320152432,99978,820,412,14,4,4537,2165,0.06703474764448178,556,254,32688,25154,3092,1392,12828,22782,30124,17197,0,0,49302,3239,1955,61,15,0,0,0,0,0,45301,59,46,0,0,0,0,0
522,10907,523.441299747046,99976,857,419,14,6,4737,2256,0.06994678722893495,541,255,32511,25081,3224,1461,12851,22776,30272,17318,0,0,48901,3367,2064,65,15,0,0,0,0,0,45459,59,46,0,0,0,0,0
523,10907,524.3379553279087,99976,873,428,14,6,4851,2309,0.07161718812515004,567,265,32347,24982,3301,1492,12896,22825,30418,17438,0,0,48559,3443,2128,65,16,0,0,0,0,0,45660,59,46,0,0,0,0,0
524,10907,525.2384335595668,99976,884,449,14,6,4979,2375,0.07355765383692087,592,274,32192,24878,3390,1531,12926,22860,30563,17558,0,0,48200,3536,2191,66,18,0,0,0,0,0,45860,59,46,0,0,0,0,0
525,10907,526.1429441729025,99976,900,449,14,6,5115,2439,0.07555813395214851,600,260,32037,24787,3483,1578,12964,22918,30707,17678,0,0,47836,3635,2274,67,18,0,0,0,0,0,46041,59,46,0,0,0,0,0
526,10907,527.05146402925,99976,937,431,14,6,5272,2491,0.07764863567256142,595,281,31866,24673,3587,1638,12999,22969,30849,17797,0,0,47485,3720,2361,72,22,0,0,0,0,0,46211,59,46,0,0,0,0,0
527,10907,528.4223419708262,99976,939,434,14,6,5462,2584,0.08047931503560854,616,308,31681,24602,3737,1708,13011,22940,30990,17916,0,0,47059,3881,2462,77,25,0,0,0,0,0,46367,59,46,0,0,0,0,0
528,10907,529.340377385517,99975,951,458,14,7,5598,2664,0.08264066016504126,627,299,31528,24493,3826,1754,13052,22987,31130,18034,0,0,46706,3972,2536,81,28,0,0,0,0,0,46547,59,46,0,0,0,0,0
529,10907,530.2627319675425,99975,974,468,14,7,5751,2735,0.08488122030507626,614,301,31371,24408,3935,1805,13090,23009,31269,18152,0,0,46351,4067,2619,85,31,0,0,0,0,0,46718,58,46,0,0,0,0,0
530,10907,531.1894193777356,99975,981,455,14,7,5881,2790,0.08673168292073018,636,325,31218,24315,4038,1858,13111,23038,31406,18269,0,0,46009,4153,2711,87,36,0,0,0,0,0,46876,58,45,0,0,0,0,0
531,10907,532.1202981300256,99974,980,481,15,7,6030,2872,0.08904315121931702,646,315,31054,24234,4162,1902,13141,23059,31542,18386,0,0,45661,4243,2816,91,37,0,0,0,0,0,47023,58,45,0,0,0,0,0
532,10907,533.0559132296273,99974,1017,508,15,7,6206,2963,0.09171384559985596,632,283,30886,24154,4277,1958,13171,23088,31677,18503,0,0,45301,4348,2906,94,38,0,0,0,0,0,47184,58,45,0,0,0,0,0
533,10907,534.4683737527498,99974,1053,511,15,7,6454,3073,0.0952947766419269,642,285,30651,24075,4451,2050,13186,23070,31810,18619,0,0,44890,4505,3046,99,44,0,0,0,0,0,47287,58,45,0,0,0,0,0
534,10907,535.415382825408,99974,1047,502,15,7,6596,3141,0.09739532278392382,684,306,30485,23978,4552,2111,13215,23094,31942,18735,0,0,44541,4603,3161,105,45,0,0,0,0,0,47418,55,46,0,0,0,0,0
535,10907,536.3673076891291,99974,1048,502,15,7,6743,3214,0.09959589493268249,688,308,30326,23886,4661,2168,13260,23127,32073,18850,0,0,44209,4685,3280,109,50,0,0,0,0,0,47540,55,46,0,0,0,0,0
536,10907,537.3240264688083,99974,1044,506,15,7,6912,3293,0.1020765399003741,691,313,30156,23783,4802,2235,13290,23154,32203,18965,0,0,43823,4822,3378,112,53,0,0,0,0,0,47685,55,46,0,0,0,0,0
537,10907,538.2864105769459,99974,1069,513,15,7,7061,3373,0.10436713545521836,722,316,30001,23680,4881,2292,13310,23190,32331,19079,0,0,43480,4919,3464,116,56,0,0,0,0,0,47838,55,46,0,0,0,0,0
538,10907,539.2531358736638,99974,1080,523,15,7,7222,3461,0.10685778302358613,736,314,29840,23596,4994,2360,13333,23198,32458,19193,0,0,43142,5012,3581,120,61,0,0,0,0,0,47957,55,46,0,0,0,0,0
539,10907,540.2245715079293,99974,1108,528,15,7,7408,3539,0.10949846960209654,703,326,29693,23506,5116,2422,13363,23209,32584,19306,0,0,42782,5130,3678,122,65,1,0,0,0,0,48095,55,46,0,0,0,0,0
540,10907,541.2009159375853,99974,1129,544,15,7,7583,3622,0.1120791405765499,700,332,29537,23435,5225,2472,13392,23208,32709,19419,0,0,42429,5237,3772,130,67,1,0,0,0,0,48237,55,46,0,0,0,0,0
541,10907,542.182210300653,99974,1141,538,15,7,7747,3699,0.11448976733950827,718,337,29375,23342,5326,2545,13423,23229,32833,19531,0,0,42097,5331,3899,133,71,1,0,0,0,0,48341,54,47,0,0,0,0,0
542,10907,543.1684209160856,99972,1161,564,17,7,7933,3794,0.11730284479654303,712,323,29223,23284,5442,2585,13443,23235,32955,19643,0,0,41769,5418,4025,139,75,1,0,0,0,0,48444,53,48,0,0,0,0,0
543,10907,544.1596296384233,99971,1167,566,18,7,8121,3876,0.1200048013924038,669,322,29076,23208,5590,2647,13478,23248,33076,19754,0,0,41415,5535,4146,144,82,1,0,0,0,0,48548,52,48,0,0,0,0,0
544,10907,545.1558934003451,99970,1207,568,19,7,8312,3950,0.12265679703911174,636,338,28946,23120,5695,2708,13495,23257,33196,19865,0,0,41099,5607,4268,156,84,1,0,0,0,0,48655,52,48,0,0,0,0,0
545,10907,546.1568155554478,99968,1174,559,21,7,8454,4031,0.12488996478873239,666,350,28796,23043,5826,2782,13515,23257,33315,19975,0,0,40763,5705,4395,164,95,1,0,0,0,0,48745,52,48,0,0,0,0,0
546,10907,547.1626591400073,99966,1165,579,23,7,8608,4134,0.12746333753476183,702,332,28628,22979,5953,2839,13527,23262,33433,20085,0,0,40433,5794,4511,177,102,1,0,0,0,0,48849,51,48,0,0,0,0,0
547,10907,548.1740243345965,99966,1171,584,23,7,8767,4225,0.1299641878238601,727,326,28460,22909,6067,2908,13550,23264,33550,20194,0,0,40104,5889,4627,185,108,1,0,0,0,0,48953,51,48,0,0,0,0,0
548,10907,549.1910263074697,99965,1176,583,24,7,8944,4309,0.13257640174060922,732,322,28296,22855,6188,2975,13582,23256,33665,20303,0,0,39771,5987,4752,194,115,1,0,0,0,0,49046,51,48,0,0,0,0,0
549,10907,550.2138463364339,99964,1174,587,25,7,9135,4398,0.13537873634508424,732,335,28150,22774,6324,3044,13593,23251,33779,20411,0,0,39417,6107,4869,206,123,1,0,0,0,0,49142,51,48,0,0,0,0,0
550,10907,551.2419097758969,99963,1188,571,26,7,9323,4477,0.13805107889919271,744,340,28001,22700,6438,3121,13601,23259,33892,20519,0,0,39074,6219,5000,216,126,1,0,0,0,0,49229,51,47,0,0,0,0,0
551,10907,552.2753547029637,99963,1204,568,26,7,9513,4569,0.1408721226853936,764,338,27841,22655,6552,3194,13611,23236,34004,20626,0,0,38744,6320,5137,227,131,1,0,0,0,0,49306,50,47,0,0,0,0,0
552,10907,553.3142161422256,99962,1221,563,27,7,9733,4656,0.14394469898561454,746,343,27694,22609,6688,3270,13622,23206,34115,20733,0,0,38408,6418,5287,246,135,1,0,0,0,0,49370,50,47,0,0,0,0,0
553,10907,554.358746551751,99961,1253,557,28,7,9943,4738,0.14686727823851303,727,353,27553,22559,6816,3336,13621,23186,34225,20839,0,0,38099,6498,5434,258,142,1,0,0,0,0,49432,50,47,0,0,0,0,0
554,10907,555.4082871657444,99961,1257,560,28,7,10139,4828,0.14972839407368874,736,355,27405,22532,6947,3396,13625,23148,34334,20945,0,0,37769,6605,5576,264,150,1,0,0,0,0,49499,50,47,0,0,0,0,0
555,10907,556.463363985942,99961,1263,559,28,7,10340,4923,0.1526895489240804,733,353,27272,22490,7080,3451,13622,23138,34442,21050,0,0,37459,6690,5748,276,155,1,0,0,0,0,49535,50,47,0,0,0,0,0
556,10907,557.5236912100848,99961,1278,582,28,7,10531,5024,0.15561068816838566,733,338,27128,22434,7199,3510,13632,23127,34549,21155,0,0,37143,6787,5863,283,169,1,0,0,0,0,49618,50,47,0,0,0,0,0
557,10907,558.0556481507135,99961,1292,584,28,7,10637,5062,0.15705124998749512,734,356,27016,22363,7238,3529,13690,23159,34655,21259,0,0,36904,6812,5944,287,176,1,0,0,0,0,49740,50,47,0,0,0,0,0
558,10907,559.1256346629569,99961,1311,587,28,7,10847,5163,0.1601624633607107,723,362,26899,22307,7362,3590,13675,23145,34760,21363,0,0,36590,6906,6101,298,184,1,0,0,0,0,49784,50,47,0,0,0,0,0
559,10907,560.2003187015814,99961,1306,593,28,7,11056,5259,0.16321365332479668,721,363,26755,22246,7509,3655,13679,23134,34864,21466,0,0,36255,7024,6249,308,193,1,0,0,0,0,49834,50,47,0,0,0,0,0
560,10907,561.2805038513541,99960,1273,597,28,8,11248,5341,0.1659563825530212,744,384,26609,22190,7659,3706,13685,23113,34967,21569,0,0,35918,7146,6396,316,201,1,0,0,0,0,49885,50,47,0,0,0,0,0
561,10907,562.366582605957,99960,1329,606,28,8,11486,5442,0.16934773909563824,694,380,26472,22158,7776,3775,13699,23071,35069,21671,0,0,35613,7234,6541,330,208,1,0,0,0,0,49937,49,47,0,0,0,0,0
562,10907,563.4581836629163,99958,1315,622,30,8,11685,5542,0.1723423838011965,738,372,26305,22125,7922,3838,13688,23033,35170,21773,0,0,35291,7344,6686,337,221,1,0,0,0,0,49983,48,47,0,0,0,0,0
563,10907,564.0058419394836,99958,1323,630,30,8,11789,5601,0.17397306868884932,752,347,26186,22076,7974,3871,13733,23066,35270,21874,0,0,35058,7371,6785,341,227,1,0,0,0,0,50080,48,47,0,0,0,0,0
564,10907,565.1086249084859,99958,1337,648,30,8,12006,5708,0.17721443006062546,733,341,26043,22056,8115,3931,13740,23014,35369,21974,0,0,34763,7458,6951,349,238,1,0,0,0,0,50103,48,47,0,0,0,0,0
565,10907,566.2174027100766,99958,1352,627,30,8,12230,5799,0.18036575361651894,736,339,25918,22023,8242,4013,13720,22988,35467,22074,0,0,34446,7563,7091,363,262,1,0,0,0,0,50138,47,47,0,0,0,0,0
566,10907,567.331975360673,99958,1349,641,30,8,12462,5905,0.18374717381300146,718,357,25786,21972,8409,4074,13706,22946,35564,22173,0,0,34128,7678,7250,369,280,2,0,0,0,0,50157,46,48,0,0,0,0,0
567,10907,568.4520223910522,99958,1360,659,30,8,12666,6024,0.18697853098301287,722,323,25653,21934,8524,4152,13709,22922,35660,22272,0,0,33834,7765,7405,383,291,3,0,0,0,0,50184,44,49,0,0,0,0,0
568,10907,569.0138565238527,99958,1368,655,30,8,12773,6069,0.18849916965125352,706,326,25565,21879,8586,4182,13743,22948,35755,22370,0,0,33610,7796,7505,383,300,3,0,0,0,0,50269,44,48,0,0,0,0,0
569,10907,570.1438368946443,99958,1333,643,30,8,12961,6153,0.19122031253126312,737,350,25429,21879,8743,4240,13726,22878,35849,22468,0,0,33308,7884,7665,405,314,3,0,0,0,0,50288,44,47,0,0,0,0,0
570,10907,571.2796424077392,99954,1312,627,33,9,13153,6237,0.19398923504812213,750,364,25299,21852,8888,4301,13716,22845,35942,22565,0,0,33011,7976,7824,419,329,3,0,0,0,0,50301,44,47,0,0,0,0,0
571,10907,572.4216300580193,99953,1280,621,34,9,13332,6340,0.19681250187588167,768,366,25169,21828,9028,4383,13719,22791,36034,22662,0,0,32695,8091,7971,430,345,4,0,0,0,0,50326,44,47,0,0,0,0,0
572,10907,573.5694900428799,99953,1276,632,34,9,13544,6448,0.20001400658309407,747,358,25056,21791,9173,4447,13712,22761,36125,22758,0,0,32398,8188,8109,441,372,4,0,0,0,0,50350,44,47,0,0,0,0,0
573,10907,574.1452893698956,99953,1275,627,34,9,13652,6503,0.20164477304333037,732,356,24968,21740,9237,4485,13752,22781,36215,22854,0,0,32168,8228,8214,445,380,4,0,0,0,0,50423,44,47,0,0,0,0,0
574,10907,575.3030887122961,99951,1278,631,36,9,13867,6619,0.2049604306109994,717,332,24853,21727,9369,4554,13745,22745,36304,22949,0,0,31881,8311,8391,463,393,4,0,0,0,0,50417,44,47,0,0,0,0,0
575,10907,576.4665358287199,99951,1295,608,36,9,14081,6720,0.20811197486768518,699,319,24761,21697,9486,4654,13721,22711,36392,23044,0,0,31606,8389,8565,478,410,6,0,0,0,0,50407,43,47,0,0,0,0,0
576,10907,577.0497290871234,99951,1271,610,36,9,14177,6772,0.20959270042320738,711,312,24672,21645,9553,4687,13755,22735,36479,23138,0,0,31373,8437,8653,482,423,6,0,0,0,0,50487,43,47,0,0,0,0,0
577,10907,578.2220445767622,99949,1275,598,36,11,14396,6850,0.2125684098890434,685,337,24560,21642,9686,4740,13756,22670,36566,23232,0,0,31087,8531,8807,491,441,6,0,0,0,0,50497,42,47,0,0,0,0,0
578,10907,579.3998733483758,99949,1255,604,36,11,14605,6947,0.21562997128535552,688,338,24450,21611,9828,4796,13741,22638,36652,23325,0,0,30802,8621,8982,506,453,6,0,0,0,0,50490,42,47,0,0,0,0,0
579,10907,580.5830400995908,99948,1260,601,36,12,14828,7049,0.2188838195861848,655,353,24355,21587,9951,4855,13741,22590,36737,23418,0,0,30528,8699,9155,522,472,6,0,0,0,0,50477,42,47,0,0,0,0,0
580,10907,581.1762619221565,99948,1249,620,36,12,14923,7110,0.22044463120822827,657,347,24278,21534,9998,4879,13780,22606,36821,23510,0,0,30324,8719,9254,530,477,7,0,0,0,0,50548,42,47,0,0,0,0,0
581,10907,582.3686447200429,99948,1224,618,36,12,15111,7212,0.22334613999279626,689,342,24154,21518,10124,4950,13771,22558,36904,23602,0,0,30054,8793,9425,551,492,7,0,0,0,0,50537,42,47,0,0,0,0,0
582,10907,583.5666929758913,99947,1227,623,37,12,15324,7315,0.22651005032667312,657,347,24086,21492,10240,5011,13751,22513,36986,23693,0,0,29787,8869,9579,566,513,8,0,0,0,0,50536,42,47,0,0,0,0,0
583,10907,584.1672949957348,99947,1218,627,37,12,15426,7370,0.22808088286792,656,340,24012,21468,10286,5032,13789,22519,37067,23784,0,0,29594,8877,9691,577,522,8,0,0,0,0,50589,42,47,0,0,0,0,0
584,10907,585.3733115498026,99946,1212,643,37,13,15611,7483,0.23106477497848837,662,322,23929,21460,10392,5089,13766,22471,37148,23874,0,0,29316,8969,9818,591,542,8,0,0,0,0,50613,42,47,0,0,0,0,0
585,10907,586.583432975263,99946,1187,626,37,13,15819,7566,0.23397634722750285,631,346,23848,21476,10543,5150,13752,22387,37228,23963,0,0,29044,9051,9991,612,560,8,0,0,0,0,50592,41,47,0,0,0,0,0
586,10907,587.1900318314684,99946,1188,629,37,13,15912,7614,0.235387109038881,624,352,23773,21437,10589,5172,13787,22395,37307,24052,0,0,28852,9066,10080,620,568,8,0,0,0,0,50664,41,47,0,0,0,0,0
587,10907,588.4089356988478,99945,1152,625,38,13,16104,7710,0.23827104907699234,605,345,23714,21435,10715,5223,13774,22357,37385,24140,0,0,28582,9153,10255,636,584,8,0,0,0,0,50639,41,47,0,0,0,0,0
588,10907,589.019136657641,99944,1139,640,39,13,16198,7776,0.23987432962458977,600,337,23642,21402,10772,5250,13806,22356,37462,24228,0,0,28382,9182,10354,640,591,10,0,0,0,0,50697,41,47,0,0,0,0,0
589,10907,590.2457618699809,99942,1106,625,40,14,16376,7873,0.24263072582097617,612,337,23591,21383,10873,5322,13776,22317,37539,24315,0,0,28111,9278,10512,651,611,12,0,0,0,0,50679,41,47,0,0,0,0,0
590,10907,591.4758028588382,99941,1081,599,41,14,16565,7975,0.24554487147416976,587,327,23555,21373,10984,5414,13750,22271,37615,24402,0,0,27845,9367,10681,664,639,12,0,0,0,0,50647,39,47,0,0,0,0,0
591,10907,592.0915663661615,99941,1064,600,41,14,16647,8021,0.2468256271200008,589,331,23496,21345,11035,5433,13773,22275,37690,24488,0,0,27668,9374,10777,672,651,12,0,0,0,0,50701,39,47,0,0,0,0,0
592,10907,593.32763067598,99941,1030,596,41,14,16814,8118,0.24946718563952733,553,308,23467,21357,11146,5496,13761,22227,37764,24574,0,0,27426,9438,10939,689,670,13,0,0,0,0,50680,39,47,0,0,0,0,0
593,10907,594.5667169776019,99940,1014,579,42,14,16979,8210,0.2520412247348409,551,302,23407,21362,11231,5563,13753,22178,37838,24659,0,0,27201,9488,11102,704,689,16,0,0,0,0,50655,39,46,0,0,0,0,0
594,10907,595.1868965301986,99940,1027,567,42,14,17070,8251,0.2533620172103262,549,299,23347,21345,11243,5597,13790,22176,37911,24744,0,0,27036,9493,11193,705,705,16,0,0,0,0,50707,39,46,0,0,0,0,0
595,10907,596.4323916930733,99940,1005,550,42,14,17247,8344,0.2560636381829097,518,271,23296,21376,11343,5676,13794,22111,37983,24828,0,0,26817,9541,11362,719,735,17,0,0,0,0,50664,39,46,0,0,0,0,0
596,10907,597.0561570395691,99940,1004,529,42,14,17332,8385,0.2573243946367821,519,271,23234,21363,11371,5712,13828,22109,38055,24912,0,0,26639,9557,11468,724,741,18,0,0,0,0,50708,39,46,0,0,0,0,0
597,10907,598.3087066989168,99937,952,531,45,14,17478,8475,0.25969360697239263,494,258,23200,21366,11480,5767,13827,22062,38126,24995,0,0,26432,9584,11618,748,765,21,0,0,0,0,50684,39,46,0,0,0,0,0
598,10907,599.5642738051067,99937,902,520,45,14,17614,8552,0.26182494971832254,485,255,23187,21373,11569,5822,13810,22014,38196,25078,0,0,26231,9608,11789,772,779,22,0,0,0,0,50651,39,46,0,0,0,0,0
599,10907,600.1928337261429,99937,899,521,45,14,17693,8601,0.2631057566266748,459,237,23140,21348,11604,5847,13851,22031,38265,25160,0,0,26057,9625,11876,776,787,22,0,0,0,0,50709,39,46,0,0,0,0,0
600,10907,601.4532117373426,99937,870,481,45,14,17830,8666,0.26512703002891824,474,229,23088,21363,11694,5921,13827,21990,38334,25242,0,0,25846,9666,12042,795,800,22,0,0,0,0,50681,39,46,0,0,0,0,0
601,10907,602.0841402276259,99937,886,470,45,14,17918,8698,0.2663277865054985,454,228,23070,21355,11690,5936,13853,21995,38402,25323,0,0,25703,9658,12143,798,807,23,0,0,0,0,50720,39,46,0,0,0,0,0
602,10907,603.350001704195,99936,894,467,46,14,18077,8775,0.268691962856228,429,226,23026,21356,11760,5987,13843,21948,38469,25404,0,0,25508,9690,12274,810,823,26,0,0,0,0,50720,39,46,0,0,0,0,0
603,10907,604.6178987341005,99934,851,446,47,15,18209,8848,0.2707486941381312,443,202,22997,21412,11830,6036,13830,21887,38536,25484,0,0,25302,9724,12430,832,837,27,0,0,0,0,50697,39,46,0,0,0,0,0
604,10907,605.2521044751966,99934,847,420,47,15,18285,8867,0.2716993215522245,426,219,22961,21393,11854,6053,13863,21898,38602,25564,0,0,25160,9710,12528,841,848,27,0,0,0,0,50735,39,46,0,0,0,0,0
605,10907,606.5246637604632,99931,794,411,50,15,18408,8934,0.27360879006514494,429,229,22945,21450,11936,6072,13844,21821,38667,25643,0,0,24960,9751,12677,853,865,27,0,0,0,0,50713,38,47,0,0,0,0,0
606,10907,607.1611675879957,99931,781,409,50,15,18471,8964,0.2745394322082237,429,233,22902,21426,11961,6077,13875,21838,38732,25722,0,0,24814,9747,12764,859,870,28,0,0,0,0,50764,38,47,0,0,0,0,0
607,10907,608.4377749634145,99931,770,415,50,15,18599,9033,0.2765107924467883,423,225,22875,21465,12028,6097,13852,21781,38796,25800,0,0,24625,9778,12869,875,884,30,0,0,0,0,50785,38,47,0,0,0,0,0
608,10907,609.0763026248769,99931,782,404,50,15,18685,9067,0.2777116210185028,394,221,22836,21472,12043,6106,13893,21780,38859,25878,0,0,24488,9773,12964,877,895,31,0,0,0,0,50818,37,48,0,0,0,0,0
609,10907,610.3571971785707,99931,782,410,50,15,18812,9148,0.27979305720947456,366,192,22844,21491,12073,6143,13883,21747,38922,25955,0,0,24311,9797,13078,888,912,33,0,0,0,0,50827,37,48,0,0,0,0,0
610,10907,611.6389495122818,99930,744,393,51,15,18924,9203,0.2814670269188432,363,193,22824,21539,12132,6170,13884,21688,38984,26032,0,0,24125,9828,13206,901,926,35,0,0,0,0,50824,37,48,0,0,0,0,0
611,10907,612.2797668524968,99930,738,389,51,15,18984,9236,0.2823976783748624,366,187,22782,21531,12149,6185,13912,21691,39046,26109,0,0,23989,9822,13279,902,942,35,0,0,0,0,50876,37,48,0,0,0,0,0
612,10907,613.5650183315943,99930,725,371,51,15,19096,9289,0.28404883418392873,355,190,22798,21559,12183,6215,13886,21648,39107,26185,0,0,23829,9839,13404,909,962,35,0,0,0,0,50867,36,49,0,0,0,0,0
613,10907,614.20753495467,99930,719,379,51,15,19149,9324,0.2849294506154308,338,184,22768,21552,12197,6210,13925,21658,39167,26261,0,0,23705,9823,13486,912,967,36,0,0,0,0,50916,36,49,0,0,0,0,0
614,10907,615.4945665352506,99930,703,359,51,15,19259,9372,0.2865105573901731,351,190,22739,21599,12245,6241,13909,21594,39227,26336,0,0,23537,9848,13607,921,982,36,0,0,0,0,50914,35,50,0,0,0,0,0
615,10907,616.1379263774994,99930,700,349,51,15,19315,9391,0.28726108275793055,341,195,22719,21589,12250,6245,13937,21605,39286,26411,0,0,23407,9836,13676,926,991,36,0,0,0,0,50973,35,50,0,0,0,0,0
616,10907,617.4284484339432,99929,688,353,52,15,19439,9450,0.2890952576329194,340,167,22690,21653,12302,6265,13926,21545,39345,26485,0,0,23254,9836,13805,944,1003,36,0,0,0,0,50966,35,50,0,0,0,0,0
617,10907,618.073761069562,99929,672,340,52,15,19488,9474,0.28982577630117384,332,171,22671,21649,12315,6277,13956,21546,39403,26559,0,0,23132,9822,13889,947,1014,37,0,0,0,0,51003,35,50,0,0,0,0,0
618,10907,619.3676717284604,99928,674,309,52,16,19614,9517,0.29151989432391323,283,182,22689,21704,12343,6308,13957,21479,39461,26632,0,0,22960,9855,14007,955,1029,37,0,0,0,0,51000,35,50,0,0,0,0,0
619,10907,620.0143630198341,99928,650,312,52,16,19656,9548,0.2922504203026179,296,178,22678,21695,12343,6317,13979,21480,39518,26705,0,0,22834,9848,14078,958,1041,37,0,0,0,0,51047,35,50,0,0,0,0,0
620,10907,621.3091729161159,99928,605,302,52,16,19747,9605,0.29373148667040266,284,164,22698,21742,12386,6344,13973,21430,39574,26777,0,0,22690,9856,14216,965,1062,37,0,0,0,0,51017,35,50,0,0,0,0,0
621,10907,622.6037233656886,99928,595,298,52,16,19853,9667,0.2954126971419422,283,152,22706,21779,12410,6371,13952,21382,39630,26849,0,0,22537,9875,14328,970,1079,39,0,0,0,0,51015,35,50,0,0,0,0,0
622,10907,623.2506539511081,99928,590,300,52,16,19899,9692,0.29612320871027137,279,155,22677,21767,12411,6372,13989,21388,39685,26920,0,0,22415,9866,14381,974,1089,39,0,0,0,0,51079,35,50,0,0,0,0,0
623,10907,624.5463833495585,99928,572,306,52,16,19999,9757,0.2977743975662477,264,136,22697,21803,12444,6387,13969,21350,39740,26991,0,0,22275,9872,14500,980,1107,40,0,0,0,0,51070,35,49,0,0,0,0,0
624,10907,625.1937257436309,99927,557,297,53,16,20034,9777,0.29832777927887355,265,135,22683,21796,12433,6398,14007,21356,39794,27062,0,0,22157,9865,14568,980,1114,41,0,0,0,0,51118,35,49,0,0,0,0,0
625,10907,626.4902491489103,99926,544,299,54,16,20124,9828,0.2997418089386146,247,140,22710,21829,12449,6418,13994,21296,39848,27132,0,0,22024,9869,14662,982,1136,42,0,0,0,0,51127,35,49,0,0,0,0,0
626,10907,627.137834214562,99926,539,288,54,16,20168,9850,0.3004022977002982,252,139,22687,21847,12446,6413,14020,21295,39901,27202,0,0,21917,9854,14744,981,1143,43,0,0,0,0,51160,35,49,0,0,0,0,0
627,10907,628.4344165250134,99926,529,274,54,16,20251,9891,0.3016432159798251,249,138,22694,21911,12454,6429,14018,21230,39954,27271,0,0,21785,9855,14849,989,1154,44,0,0,0,0,51166,35,49,0,0,0,0,0
628,10907,629.0823749641709,99926,531,261,54,16,20296,9906,0.30224366030862837,233,147,22683,21912,12444,6434,14053,21228,40006,27340,0,0,21669,9853,14911,986,1162,44,0,0,0,0,51217,34,50,0,0,0,0,0
629,10907,630.3799845533127,99926,506,265,54,16,20370,9948,0.3034045193443148,286,176,22686,21954,12432,6431,14034,21156,40058,27408,0,0,21540,9827,14973,998,1174,45,24,0,0,27,51234,34,50,0,0,0,0,0
630,10907,631.4765662703596,99925,500,279,55,16,20444,10002,0.30468851638729044,319,184,22690,21980,12417,6433,14017,21106,40109,27476,0,0,21419,9781,14991,1010,1189,45,59,0,0,84,51263,34,50,0,0,0,0,0
631,10907,632.0241977920724,99925,504,280,55,16,20482,10035,0.3053990492869652,339,179,22668,21982,12395,6437,14037,21104,40160,27543,0,0,21322,9744,15022,1006,1199,45,79,0,0,124,51300,34,50,0,0,0,0,0
632,10907,633.1209354176711,99925,520,302,55,16,20572,10091,0.30686014510883164,363,181,22658,22011,12378,6441,14024,21047,40210,27610,0,0,21212,9700,15047,1011,1214,45,110,0,0,179,51324,33,50,0,0,0,0,0
633,10907,634.2172168253167,99925,536,300,55,16,20672,10141,0.3083612709532149,384,196,22641,22043,12381,6453,14001,20990,40260,27677,0,0,21093,9657,15066,1019,1228,47,146,0,0,252,51334,33,50,0,0,0,0,0
634,10907,635.3138623133392,99925,582,302,55,16,20784,10198,0.3100525394045534,386,189,22661,22081,12346,6468,13968,20942,40309,27743,0,0,20981,9615,15086,1028,1240,48,175,0,0,320,51349,33,50,0,0,0,0,0
635,10907,636.4093153845087,99925,590,321,55,16,20879,10252,0.3115436577433075,406,195,22643,22101,12348,6470,13956,20895,40358,27809,0,0,20857,9575,15096,1040,1257,49,212,0,0,374,51382,33,50,0,0,0,0,0
636,10907,637.5047471526593,99925,620,325,55,16,21001,10306,0.31330497873405055,420,205,22631,22122,12341,6483,13931,20847,40406,27874,0,0,20731,9537,15105,1046,1280,49,257,0,0,442,51395,33,50,0,0,0,0,0
637,10907,638.0519365873474,99925,637,330,55,16,21064,10335,0.31422566925193895,427,204,22604,22115,12333,6478,13942,20855,40454,27939,0,0,20634,9496,15133,1048,1291,49,279,0,0,476,51436,33,50,0,0,0,0,0
638,10907,639.1484958230296,99925,645,350,55,16,21178,10405,0.3160670502877158,458,201,22578,22165,12333,6483,13929,20783,40501,28004,0,0,20522,9446,15152,1055,1315,49,320,0,0,558,51425,33,50,0,0,0,0,0
639,10907,640.2456583433371,99925,669,345,55,16,21298,10461,0.31782837127845887,485,220,22539,22190,12337,6510,13913,20717,40548,28068,0,0,20414,9390,15173,1071,1333,51,357,0,0,640,51414,33,49,0,0,0,0,0
640,10907,641.3438269304438,99925,670,334,55,16,21424,10517,0.31964973730297724,483,237,22518,22217,12379,6532,13893,20662,40594,28132,0,0,20285,9338,15176,1092,1363,51,408,0,0,729,51402,32,49,0,0,0,0,0
641,10907,642.4431577352849,99924,714,339,56,16,21570,10577,0.3217145030222969,497,250,22491,22234,12363,6548,13877,20611,40640,28195,0,0,20175,9281,15198,1107,1382,53,449,0,0,804,51395,31,49,0,0,0,0,0
642,10907,643.5430315198428,99922,747,338,56,18,21709,10634,0.3236824723284162,504,266,22466,22259,12371,6557,13854,20560,40686,28258,0,0,20068,9230,15213,1124,1399,57,481,0,0,891,51379,31,49,0,0,0,0,0
643,10907,644.0928936444192,99922,771,356,56,18,21785,10674,0.32484337783471107,519,253,22433,22264,12352,6556,13867,20551,40731,28320,0,0,19981,9188,15242,1129,1407,57,498,0,0,934,51406,30,50,0,0,0,0,0
644,10907,645.1944841431324,99921,800,364,56,19,21926,10738,0.3268982496171976,526,268,22409,22285,12375,6565,13832,20497,40776,28382,0,0,19860,9142,15252,1141,1431,57,543,0,0,1017,51398,30,50,0,0,0,0,0
645,10907,646.2960477146013,99919,821,379,56,21,22071,10815,0.32912659253995735,554,288,22383,22300,12390,6578,13794,20432,40820,28444,0,0,19734,9094,15270,1152,1450,58,600,0,0,1110,51371,29,51,0,0,0,0,0
646,10907,647.3986516270556,99919,851,411,56,21,22223,10899,0.3314885056896086,567,283,22359,22327,12411,6602,13754,20354,40864,28505,0,0,19616,9050,15274,1175,1465,62,633,0,0,1202,51363,28,51,0,0,0,0,0
647,10907,648.5015419283083,99918,926,424,57,21,22410,10982,0.3341940391120719,545,293,22353,22367,12415,6623,13702,20270,40907,28566,0,0,19504,9000,15285,1189,1491,62,675,0,0,1298,51335,28,51,0,0,0,0,0
648,10907,649.0527512891758,99918,943,436,57,21,22485,11031,0.3354350567465322,563,279,22317,22369,12406,6637,13712,20256,40950,28626,0,0,19404,8961,15295,1195,1512,64,705,0,0,1332,51371,28,51,0,0,0,0,0
649,10907,650.1564776409372,99918,987,467,57,21,22667,11118,0.33812726435677254,577,285,22252,22392,12451,6650,13674,20183,40993,28686,0,0,19270,8917,15300,1210,1539,64,761,0,0,1420,51358,28,51,0,0,0,0,0
650,10907,651.2621516434692,99918,1037,473,57,21,22856,11190,0.3407394063131768,588,309,22221,22408,12466,6672,13629,20115,41035,28746,0,0,19158,8861,15300,1232,1575,65,805,0,0,1518,51325,28,51,0,0,0,0,0
651,10907,652.3689942816164,99916,1063,473,59,21,23045,11276,0.343498538772569,607,329,22160,22423,12515,6708,13594,20044,41077,28805,0,0,19042,8805,15288,1254,1620,67,847,0,0,1644,51270,28,51,0,0,0,0,0
652,10907,653.4774933124231,99915,1056,490,60,21,23194,11359,0.3458239503578041,696,340,22103,22429,12546,6735,13537,19983,41118,28864,0,0,18915,8764,15280,1261,1661,69,906,0,0,1752,51228,28,51,0,0,0,0,0
653,10907,654.032124114533,99915,1075,501,60,21,23298,11408,0.34735525196416955,676,347,22065,22414,12571,6747,13551,19968,41159,28923,0,0,18813,8731,15287,1261,1687,70,939,0,0,1811,51237,28,51,0,0,0,0,0
654,10907,655.144302253525,99915,1126,541,60,21,23526,11513,0.3506880848721413,682,358,22013,22425,12632,6762,13485,19891,41200,28981,0,0,18690,8674,15285,1286,1720,72,994,0,0,1934,51181,28,51,0,0,0,0,0
655,10907,656.257847867433,99914,1112,551,61,21,23701,11621,0.35352403066637306,742,351,21961,22462,12697,6815,13425,19798,41240,29039,0,0,18555,8624,15280,1302,1762,74,1061,0,0,2082,51095,28,51,0,0,0,0,0
656,10907,657.3738965840404,99913,1155,553,61,22,23910,11711,0.3565201725501186,764,371,21907,22465,12747,6853,13364,19734,41280,29096,0,0,18440,8567,15264,1327,1812,74,1108,0,0,2208,51034,28,51,0,0,0,0,0
657,10907,658.4916429092275,99910,1179,555,64,22,24118,11808,0.35958362526273646,791,398,21846,22464,12804,6903,13314,19656,41320,29153,0,0,18297,8532,15244,1342,1851,79,1170,0,0,2350,50966,28,51,0,0,0,0,0
658,10907,659.051156241121,99909,1204,560,65,22,24226,11860,0.3611886817003473,801,403,21796,22458,12823,6924,13309,19631,41359,29210,0,0,18199,8498,15243,1352,1878,79,1194,0,0,2414,50973,28,51,0,0,0,0,0
659,10907,660.1729258872653,99908,1257,583,66,22,24466,11974,0.3647355567121752,783,403,21752,22475,12885,6972,13255,19543,41398,29266,0,0,18085,8435,15239,1380,1919,85,1247,0,0,2548,50891,28,51,0,0,0,0,0
660,10907,661.2965034243191,99908,1274,648,66,22,24679,12109,0.3682187612603595,838,397,21685,22496,12935,6987,13200,19448,41437,29322,0,0,17955,8377,15230,1399,1969,85,1316,0,0,2669,50829,28,51,0,0,0,0,0
661,10907,662.4218572204659,99907,1303,647,67,22,24940,12198,0.37172570490556217,821,423,21611,22520,13050,7023,13146,19363,41475,29378,0,0,17803,8310,15221,1435,2006,89,1398,0,0,2819,50747,28,51,0,0,0,0,0
662,10907,663.5509442851017,99907,1333,626,67,22,25178,12308,0.37520894431821594,824,433,21527,22551,13146,7093,13101,19273,41513,29433,0,0,17672,8250,15206,1456,2063,93,1470,0,0,2988,50630,28,51,0,0,0,0,0
663,10907,664.1165452857912,99904,1342,623,70,22,25299,12362,0.3769718930172966,832,439,21468,22543,13183,7126,13103,19245,41550,29488,0,0,17580,8203,15215,1473,2084,95,1500,0,0,3079,50597,27,51,0,0,0,0,0
664,10907,665.2521201223273,99904,1347,683,70,22,25531,12498,0.38065542921204354,852,439,21432,22542,13257,7151,13040,19161,41587,29542,0,0,17450,8152,15186,1494,2147,99,1567,0,0,3213,50518,27,51,0,0,0,0,0
665,10907,666.389077896684,99904,1380,685,70,22,25762,12610,0.3840887251761691,889,452,21349,22543,13322,7220,12988,19076,41624,29596,0,0,17335,8096,15167,1512,2208,103,1624,0,0,3365,50417,27,50,0,0,0,0,0
666,10907,667.5294521257929,99902,1415,666,72,22,26022,12727,0.38787011271045624,903,465,21289,22522,13401,7318,12918,19005,41660,29650,0,0,17200,8047,15130,1536,2277,109,1692,0,0,3539,50297,27,48,0,0,0,0,0
667,10907,668.100376599105,99901,1429,691,73,22,26161,12796,0.38995605649593096,876,467,21227,22515,13463,7329,12930,18974,41696,29703,0,0,17102,7999,15137,1555,2304,111,1728,0,0,3612,50280,25,48,0,0,0,0,0
668,10907,669.2462282814429,99900,1424,711,74,22,26426,12933,0.393983983983984,876,475,21160,22516,13602,7388,12862,18886,41732,29756,0,0,16964,7929,15117,1596,2357,118,1802,0,0,3802,50144,24,47,0,0,0,0,0
669,10907,670.3958779591787,99899,1428,742,75,22,26673,13090,0.3980320123324558,899,444,21081,22541,13717,7460,12798,18789,41767,29809,0,0,16823,7858,15103,1638,2406,121,1881,0,0,3984,50015,24,46,0,0,0,0,0
670,10907,671.5492696950583,99896,1457,734,77,23,26931,13210,0.40182790101705773,956,474,20993,22525,13791,7551,12724,18691,41802,29861,0,0,16684,7807,15067,1667,2469,125,1946,0,0,4154,49907,24,46,0,0,0,0,0
671,10907,672.1271121008049,99896,1476,738,77,23,27064,13279,0.4038500040041643,969,472,20959,22533,13815,7574,12702,18658,41837,29913,0,0,16588,7764,15054,1681,2511,126,1979,0,0,4236,49887,24,46,0,0,0,0,0
672,10907,673.2863169871739,99896,1502,757,77,23,27324,13418,0.4078441579242412,1034,485,20861,22514,13886,7649,12638,18570,41871,29965,0,0,16459,7715,15021,1710,2573,130,2041,0,0,4417,49762,24,44,0,0,0,0,0
673,10907,674.4486999271082,99894,1562,791,79,23,27624,13575,0.41242717280317137,1044,490,20773,22498,13993,7716,12547,18480,41905,30016,0,0,16326,7655,14992,1744,2631,136,2110,0,0,4591,49641,24,44,0,0,0,0,0
674,10907,675.0313944730932,99893,1606,796,80,23,27770,13645,0.41459361516823,1034,491,20716,22478,14030,7754,12532,18456,41939,30067,0,0,16228,7621,14992,1756,2657,137,2140,0,0,4677,49617,24,44,0,0,0,0,0
675,10907,676.2003827396023,99891,1611,783,82,23,28077,13785,0.4190767937051386,1066,496,20610,22490,14184,7849,12445,18357,41973,30118,0,0,16083,7555,14953,1791,2731,148,2223,0,0,4894,49446,24,43,0,0,0,0,0
676,10907,677.3745693198312,99890,1674,797,83,23,28385,13949,0.42380618680548604,1047,492,20515,22487,14307,7941,12372,18258,42006,30168,0,0,15952,7498,14934,1816,2796,153,2291,0,0,5090,49293,24,43,0,0,0,0,0
677,10907,678.5536765309362,99890,1716,842,83,23,28706,14099,0.42852137351086195,1015,507,20457,22483,14447,7995,12280,18148,42039,30218,0,0,15809,7441,14901,1855,2864,159,2364,0,0,5255,49176,24,42,0,0,0,0,0
678,10907,679.1441789592167,99890,1686,838,83,23,28848,14167,0.4306236860546601,1031,532,20418,22461,14521,8027,12259,18117,42072,30268,0,0,15718,7386,14894,1883,2905,163,2397,0,0,5376,49103,23,42,0,0,0,0,0
679,10907,680.3287195871233,99889,1684,869,84,23,29143,14329,0.43520307541370923,1046,540,20354,22456,14651,8090,12179,18020,42104,30317,0,0,15582,7331,14860,1914,2970,170,2471,0,0,5600,48928,21,42,0,0,0,0,0
680,10907,681.5162323951824,99888,1708,882,85,23,29435,14490,0.4397425116130066,1035,536,20295,22457,14761,8173,12114,17927,42136,30366,0,0,15445,7275,14827,1947,3041,172,2544,0,0,5811,48763,21,42,0,0,0,0,0
681,10907,682.1110171424464,99887,1685,894,85,24,29577,14565,0.44191936888684213,1061,546,20252,22443,14826,8206,12089,17885,42168,30415,0,0,15331,7225,14830,1971,3067,176,2601,0,0,5914,48709,21,42,0,0,0,0,0
682,10907,683.3043597355672,99886,1761,870,86,24,29923,14712,0.4468594197385019,1064,558,20164,22447,14921,8315,12002,17784,42200,30463,0,0,15177,7156,14788,2011,3152,183,2698,0,0,6090,48568,21,42,0,0,0,0,0
683,10907,684.5014047460722,99885,1738,885,86,25,30225,14875,0.4515192471342043,1119,571,20088,22421,15070,8401,11897,17695,42231,30511,0,0,15025,7079,14771,2062,3208,196,2790,0,0,6304,48387,21,42,0,0,0,0,0
684,10907,685.1012364053421,99884,1728,883,87,25,30380,14954,0.45386648512274236,1116,572,20025,22407,15145,8447,11897,17664,42262,30559,0,0,14926,7030,14758,2088,3252,199,2830,0,0,6419,48319,21,42,0,0,0,0,0
685,10907,686.305866458699,99883,1763,917,88,25,30708,15129,0.4589069210976843,1081,564,19962,22402,15275,8534,11829,17556,42293,30607,0,0,14797,6956,14728,2133,3332,207,2903,0,0,6603,48161,21,42,0,0,0,0,0
686,10907,687.5146291527724,99879,1821,915,91,26,31037,15297,0.4639013205979235,1043,553,19907,22382,15388,8643,11748,17479,42323,30654,0,0,14682,6884,14686,2185,3411,213,2956,0,0,6817,47982,21,42,0,0,0,0,0
687,10907,688.1194429632,99878,1820,940,92,26,31200,15389,0.46645908007769477,1041,549,19859,22378,15460,8668,11726,17437,42353,30701,0,0,14594,6836,14673,2218,3454,216,2981,0,0,6921,47924,19,42,0,0,0,0,0
688,10907,689.3340339582209,99876,1891,966,93,27,31539,15584,0.4718150506628219,1044,528,19777,22363,15547,8786,11646,17328,42383,30748,0,0,14465,6768,14634,2251,3548,217,3052,0,0,7119,47761,19,42,0,0,0,0,0
689,10907,690.5528601706617,99876,1867,978,93,27,31845,15741,0.47645079899074855,1121,541,19664,22345,15691,8882,11562,17225,42413,30794,0,0,14327,6703,14591,2286,3641,226,3128,0,0,7328,47587,18,41,0,0,0,0,0
690,10907,691.1637967277373,99876,1877,967,93,27,32021,15818,0.4789839400857063,1130,563,19602,22322,15761,8938,11535,17181,42442,30840,0,0,14231,6665,14575,2302,3698,229,3166,0,0,7438,47513,18,41,0,0,0,0,0
691,10907,692.391606167895,99875,1937,958,93,28,32379,15981,0.4842052565707134,1125,616,19505,22297,15882,9031,11456,17068,42471,30886,0,0,14100,6613,14518,2333,3790,240,3238,0,0,7658,47326,18,41,0,0,0,0,0
692,10907,693.0073838670579,99874,1952,978,93,29,32562,16070,0.48693353625568214,1133,615,19458,22290,15938,9061,11424,17025,42500,30931,0,0,14019,6576,14507,2339,3842,247,3271,0,0,7767,47248,17,41,0,0,0,0,0
693,10907,694.2432388507344,99873,1984,958,94,29,32929,16240,0.49231524035525115,1125,621,19402,22285,16064,9177,11329,16928,42529,30976,0,0,13880,6507,14453,2376,3939,265,3356,0,0,7995,47044,17,41,0,0,0,0,0
694,10907,695.4824907382981,99873,1953,949,94,29,33278,16423,0.49764200534679043,1145,632,19316,22280,16264,9297,11226,16811,42557,31021,0,0,13714,6447,14401,2422,4017,282,3455,0,0,8271,46806,17,41,0,0,0,0,0
695,10907,696.1032115253736,99873,1936,973,94,29,33441,16523,0.5002753496941115,1175,616,19238,22273,16342,9329,11213,16778,42585,31066,0,0,13643,6403,14386,2439,4082,286,3472,0,0,8385,46719,17,41,0,0,0,0,0
696,10907,697.3517437263995,99872,1988,984,95,29,33837,16725,0.506268023069529,1120,574,19175,22297,16496,9451,11124,16663,42613,31110,0,0,13513,6343,14336,2474,4188,301,3539,0,0,8618,46502,17,41,0,0,0,0,0
697,10907,698.6057052893358,99872,1929,1015,95,29,34153,16923,0.5114146107016981,1147,605,19098,22294,16689,9538,11040,16517,42641,31154,0,0,13371,6279,14279,2521,4294,318,3611,0,0,8835,46306,17,41,0,0,0,0,0
698,10907,699.2336162070761,99872,1926,1040,95,29,34337,17037,0.5143984299903877,1141,587,19050,22292,16779,9572,11007,16478,42668,31198,0,0,13283,6239,14263,2538,4338,331,3646,0,0,8966,46210,17,41,0,0,0,0,0
699,10907,700.4955609218108,99871,1956,1044,96,29,34709,17226,0.520020826866658,1135,610,18967,22252,16928,9687,10916,16376,42695,31241,0,0,13156,6163,14206,2590,4440,346,3714,0,0,9190,46008,17,41,0,0,0,0,0
700,10907,701.1280414794107,99870,1957,1062,97,29,34893,17336,0.5229698608190648,1131,573,18944,22246,16990,9735,10879,16353,42722,31284,0,0,13067,6117,14185,2611,4494,356,3752,0,0,9307,45923,17,41,0,0,0,0,0
701,10907,702.3973942996743,99867,1957,1054,100,29,35274,17506,0.5285029088687955,1118,605,18858,22251,17168,9827,10797,16232,42749,31327,0,0,12925,6066,14105,2648,4615,371,3823,0,0,9547,45709,17,41,0,0,0,0,0
702,10907,703.033212487251,99866,1951,1025,100,30,35463,17589,0.5312318506799111,1109,613,18806,22244,17262,9894,10770,16192,42775,31370,0,0,12835,6015,14079,2676,4677,377,3858,0,0,9687,45604,17,41,0,0,0,0,0
703,10907,704.3111341965937,99863,1973,1020,103,30,35853,17775,0.537015711524789,1089,623,18724,22253,17429,10005,10680,16067,42801,31412,0,0,12685,5949,14023,2722,4782,396,3944,0,0,9906,45398,17,41,0,0,0,0,0
704,10907,705.593974884347,99862,1970,1008,103,31,36177,17964,0.5421581782860347,1123,623,18660,22240,17541,10133,10601,15963,42827,31454,0,0,12560,5884,13965,2767,4899,409,4009,0,0,10115,45196,17,41,0,0,0,0,0
705,10907,706.236991339837,99862,1941,1018,103,31,36340,18051,0.544661633053614,1127,633,18602,22235,17639,10164,10586,15917,42853,31496,0,0,12472,5844,13946,2784,4950,418,4044,0,0,10237,45109,17,41,0,0,0,0,0
706,10907,707.5285429277335,99862,1972,1030,103,31,36732,18248,0.5505597724860307,1101,642,18526,22199,17803,10277,10493,15819,42879,31537,0,0,12344,5784,13893,2820,5056,432,4112,0,0,10485,44879,17,40,0,0,0,0,0
707,10907,708.1760421868299,99862,1953,1055,103,31,36915,18365,0.5535639182071258,1121,629,18474,22188,17891,10326,10456,15769,42904,31578,0,0,12251,5746,13873,2832,5114,443,4160,0,0,10611,44775,17,40,0,0,0,0,0
708,10907,709.4765445672504,99861,1990,1055,103,32,37286,18553,0.5591672424670292,1127,628,18398,22182,18023,10433,10357,15668,42929,31619,0,0,12133,5676,13824,2878,5232,452,4220,0,0,10820,44569,17,40,0,0,0,0,0
709,10907,710.1287507694401,99861,2010,1052,103,32,37495,18654,0.5622715574648762,1116,616,18347,22178,18081,10497,10341,15623,42954,31660,0,0,12050,5650,13801,2884,5302,457,4249,0,0,10958,44453,17,40,0,0,0,0,0
710,10907,711.4375384378255,99860,1997,1080,104,32,37850,18859,0.5678850390546766,1154,606,18258,22186,18237,10586,10248,15508,42979,31700,0,0,11918,5582,13737,2937,5409,473,4320,0,0,11182,44245,17,40,0,0,0,0,0
711,10907,712.0941735011572,99860,1998,1087,104,32,38030,18967,0.5707690767073903,1166,595,18227,22168,18287,10654,10216,15462,43003,31740,0,0,11830,5546,13713,2952,5474,480,4356,0,0,11295,44157,17,40,0,0,0,0,0
712,10907,713.4094958346028,99859,1973,1108,105,32,38386,19174,0.5764127419661723,1178,592,18107,22150,18477,10752,10158,15364,43027,31780,0,0,11689,5487,13653,2994,5609,496,4433,0,0,11484,43957,17,40,0,0,0,0,0
713,10907,714.0633934218683,99859,1988,1082,105,32,38581,19257,0.5791966673008943,1165,595,18059,22151,18554,10804,10127,15334,43051,31820,0,0,11610,5446,13625,3014,5682,506,4464,0,0,11590,43865,17,40,0,0,0,0,0
714,10907,715.3615031407019,99857,2002,1076,107,32,38960,19440,0.5848363159317824,1168,608,18014,22183,18677,10896,10030,15203,43075,31859,0,0,11496,5393,13550,3047,5824,527,4521,0,0,11784,43659,16,40,0,0,0,0,0
715,10907,716.0065677517044,99857,1980,1078,107,32,39123,19533,0.5873999819742232,1189,606,17977,22173,18742,10939,10003,15170,43099,31898,0,0,11422,5361,13528,3064,5876,540,4544,0,0,11909,43557,16,40,0,0,0,0,0
716,10907,717.2909779080968,99856,1912,1104,108,32,39453,19741,0.5927936228168563,1224,583,17918,22161,18930,11042,9906,15076,43122,31937,0,0,11296,5294,13460,3111,5992,567,4615,0,0,12130,43335,16,40,0,0,0,0,0
717,10907,718.5636739737673,99856,1998,1072,108,32,39845,19923,0.5985419003364846,1159,602,17859,22148,19028,11179,9846,14965,43145,31976,0,0,11182,5237,13415,3143,6102,579,4673,0,0,12353,43116,16,40,0,0,0,0,0
718,10907,719.1962087889851,99856,2014,1077,108,32,40033,20019,0.601385995834001,1132,600,17827,22144,19095,11213,9822,14932,43168,32014,0,0,11114,5205,13394,3154,6158,591,4693,0,0,12471,43020,16,40,0,0,0,0,0
719,10907,720.4571795318219,99854,2001,1072,110,32,40374,20193,0.6065555711338554,1129,615,17738,22138,19263,11301,9757,14840,43191,32052,0,0,10992,5148,13348,3189,6267,608,4759,0,0,12685,42802,16,40,0,0,0,0,0
720,10907,721.083356237817,99854,1954,1077,110,32,40528,20285,0.6090191679852585,1145,613,17718,22134,19352,11337,9719,14805,43214,32090,0,0,10915,5116,13324,3202,6336,613,4784,0,0,12814,42694,16,40,0,0,0,0,0
721,10907,722.3286908177454,99852,1948,1050,111,33,40897,20486,0.6147398149260906,1090,627,17684,22109,19508,11481,9657,14698,43237,32128,0,0,10790,5063,13250,3241,6469,631,4847,0,0,13063,42442,16,40,0,0,0,0,0
722,10907,723.56425778884,99851,1955,1060,112,33,41242,20675,0.6200939399705562,1073,609,17650,22105,19617,11573,9591,14618,43259,32165,0,0,10674,5023,13207,3262,6568,655,4909,0,0,13274,42223,16,40,0,0,0,0,0
723,10907,724.178951633035,99850,1939,1063,113,33,41387,20771,0.622513770655984,1060,592,17655,22097,19659,11634,9572,14579,43281,32202,0,0,10620,4997,13181,3263,6642,664,4918,0,0,13380,42129,16,40,0,0,0,0,0
724,10907,725.4048555012714,99848,1951,1071,114,34,41715,20956,0.6276640493550196,1038,579,17593,22107,19794,11720,9508,14487,43303,32239,0,0,10519,4956,13130,3287,6759,681,4964,0,0,13569,41927,16,40,0,0,0,0,0
725,10907,726.0146884245947,99848,1945,1080,114,34,41879,21074,0.630488342280266,1053,534,17563,22101,19843,11786,9480,14463,43325,32276,0,0,10458,4919,13109,3310,6821,691,4975,0,0,13690,41819,16,40,0,0,0,0,0
726,10907,727.2298347849178,99846,1950,1046,115,35,42200,21227,0.6352482823548264,1012,538,17529,22105,19972,11891,9420,14383,43347,32312,0,0,10360,4869,13061,3346,6921,708,5011,0,0,13913,41601,16,40,0,0,0,0,0
727,10907,728.4379635677915,99844,1963,1065,116,36,42531,21420,0.6405091943431753,992,518,17466,22115,20102,11975,9359,14289,43368,32348,0,0,10247,4832,13006,3362,7024,734,5073,0,0,14102,41409,16,39,0,0,0,0,0
728,10907,729.0386596501143,99844,1923,1051,116,36,42658,21487,0.6424522254717359,1027,507,17438,22125,20150,12010,9344,14269,43389,32384,0,0,10184,4797,12985,3376,7100,741,5092,0,0,14178,41336,16,39,0,0,0,0,0
729,10907,730.2361428920196,99840,1880,1026,119,37,42958,21632,0.6469350961538461,1011,511,17405,22134,20302,12093,9281,14197,43410,32420,0,0,10096,4755,12932,3394,7244,759,5126,0,0,14346,41133,16,39,0,0,0,0,0
730,10907,731.4258261172247,99840,1832,1021,119,37,43236,21784,0.6512419871794872,981,536,17398,22132,20431,12164,9237,14108,43431,32456,0,0,9982,4710,12889,3424,7341,780,5190,0,0,14528,40941,16,39,0,0,0,0,0
731,10907,732.0181539516494,99839,1834,1028,120,37,43377,21866,0.6534821061909675,966,537,17371,22135,20473,12193,9234,14068,43452,32491,0,0,9919,4690,12881,3427,7391,787,5208,0,0,14617,40864,15,40,0,0,0,0,0
732,10907,733.1985982306514,99838,1830,1011,121,37,43659,22024,0.6578957911817144,974,523,17343,22156,20559,12296,9171,13975,43473,32526,0,0,9820,4644,12825,3457,7490,810,5253,0,0,14789,40695,15,40,0,0,0,0,0
733,10907,734.3738119432583,99838,1814,1011,121,37,43955,22187,0.6624932390472565,945,543,17324,22140,20683,12372,9111,13895,43493,32561,0,0,9731,4606,12762,3488,7609,836,5278,0,0,14942,40531,15,40,0,0,0,0,0
734,10907,735.5431633491056,99837,1810,986,121,38,44219,22319,0.6664663401344191,931,565,17323,22139,20763,12444,9050,13826,43513,32596,0,0,9649,4571,12724,3509,7702,858,5306,0,0,15103,40361,14,40,0,0,0,0,0
735,10907,736.125818259582,99836,1816,976,122,38,44365,22405,0.6687968267959453,934,559,17286,22148,20806,12483,9034,13794,43533,32630,0,0,9593,4544,12712,3517,7762,866,5325,0,0,15195,40268,14,40,0,0,0,0,0
736,10907,737.2882984390432,99836,1799,986,122,38,44660,22560,0.6733042189190273,907,565,17276,22166,20915,12527,8979,13716,43553,32664,0,0,9496,4502,12669,3536,7848,896,5374,0,0,15369,40092,14,40,0,0,0,0,0
737,10907,738.4453184309449,99835,1782,950,123,38,44930,22705,0.6774678219061452,894,580,17242,22178,21031,12625,8926,13627,43573,32698,0,0,9408,4455,12615,3553,7972,919,5417,0,0,15519,39924,12,41,0,0,0,0,0
738,10907,739.0212305942692,99834,1759,955,124,38,45059,22794,0.6796582326662259,897,556,17225,22195,21078,12659,8915,13595,43593,32732,0,0,9341,4430,12591,3566,8024,933,5436,0,0,15606,39854,12,41,0,0,0,0,0
739,10907,740.169985652691,99833,1754,930,125,38,45322,22941,0.6837718990714493,904,555,17205,22200,21145,12751,8865,13524,43612,32766,0,0,9256,4397,12546,3592,8129,948,5460,0,0,15775,39677,12,41,0,0,0,0,0
740,10907,741.3148429429518,99830,1711,909,127,39,45576,23088,0.687809275768807,857,542,17220,22217,21257,12833,8826,13458,43631,32799,0,0,9181,4351,12502,3616,8236,975,5487,0,0,15933,39496,12,41,0,0,0,0,0
741,10907,742.4554187400531,99830,1700,935,127,39,45841,23247,0.6920564960432736,818,522,17212,22242,21350,12894,8791,13366,43650,32832,0,0,9099,4315,12467,3631,8326,1004,5521,0,0,16064,39350,12,41,0,0,0,0,0
742,10907,743.0238346726504,99830,1654,922,127,39,45945,23317,0.6937994590804367,837,522,17202,22253,21388,12937,8790,13325,43669,32865,0,0,9051,4289,12448,3640,8389,1019,5524,0,0,16138,39279,12,41,0,0,0,0,0
743,10907,744.1581578642549,99829,1616,895,127,40,46177,23451,0.6974726782798586,850,512,17174,22288,21488,13024,8743,13239,43688,32898,0,0,8969,4262,12403,3665,8479,1048,5546,0,0,16288,39116,12,41,0,0,0,0,0
744,10907,745.2880911918645,99829,1605,881,127,40,46418,23589,0.7012691702811809,838,513,17171,22296,21570,13099,8687,13169,43707,32931,0,0,8895,4231,12369,3685,8586,1065,5568,0,0,16417,38960,12,41,0,0,0,0,0
745,10907,746.413699011584,99829,1569,907,127,40,46649,23755,0.7052459706097427,835,458,17173,22329,21644,13162,8650,13102,43726,32963,0,0,8816,4201,12319,3705,8688,1088,5594,0,0,16552,38813,12,41,0,0,0,0,0
746,10907,747.5359086672704,99828,1548,880,128,40,46873,23867,0.70861882437793,852,470,17149,22345,21711,13220,8610,13043,43744,32995,0,0,8728,4170,12291,3722,8757,1111,5632,0,0,16701,38663,12,41,0,0,0,0,0
747,10907,748.0960542038855,99828,1544,877,128,40,46994,23939,0.7105521496974797,837,445,17139,22349,21740,13254,8610,13033,43762,33027,0,0,8676,4142,12286,3725,8798,1123,5646,0,0,16781,38598,12,41,0,0,0,0,0
748,10907,749.2139902980772,99827,1543,861,129,40,47246,24071,0.7144059222454847,792,434,17156,22364,21823,13327,8555,12972,43780,33059,0,0,8606,4106,12252,3745,8892,1144,5665,0,0,16919,38446,12,40,0,0,0,0,0
749,10907,750.3280113378543,99826,1514,860,129,41,47465,24214,0.7180393885360528,774,429,17158,22375,21913,13387,8510,12906,43798,33091,0,0,8545,4071,12216,3759,8983,1168,5679,0,0,17064,38289,12,40,0,0,0,0,0
750,10907,751.4386926098784,99825,1452,856,130,41,47665,24331,0.7212221387428,795,426,17167,22389,21986,13433,8468,12853,43816,33122,0,0,8474,4030,12186,3789,9063,1192,5693,0,0,17191,38155,12,40,0,0,0,0,0
751,10907,752.5458501533357,99822,1462,843,132,42,47888,24442,0.7245897697902266,778,420,17164,22419,22033,13473,8429,12801,43834,33153,0,0,8425,4008,12143,3801,9154,1214,5688,0,0,17307,38030,12,40,0,0,0,0,0
752,10907,753.0985099959503,99822,1459,815,132,42,48001,24493,0.7262326941956683,781,430,17151,22425,22042,13516,8433,12770,43852,33184,0,0,8394,3984,12125,3809,9219,1227,5681,0,0,17360,37971,11,41,0,0,0,0,0
753,10907,754.2029581970987,99821,1459,817,133,42,48239,24624,0.7299365864898167,768,402,17146,22457,22100,13566,8392,12714,43869,33215,0,0,8327,3946,12088,3831,9311,1253,5700,0,0,17456,37858,10,41,0,0,0,0,0
754,10907,755.3050778789942,99821,1415,792,133,42,48432,24731,0.7329419661193537,766,390,17163,22485,22168,13638,8353,12651,43886,33246,0,0,8273,3912,12052,3847,9406,1273,5711,0,0,17586,37710,10,41,0,0,0,0,0
755,10907,756.4046906429935,99819,1386,753,133,44,48620,24836,0.7358919644556647,794,378,17166,22541,22206,13690,8313,12592,43903,33276,0,0,8209,3887,12022,3859,9491,1292,5726,0,0,17717,37565,10,41,0,0,0,0,0
756,10907,757.502459250063,99818,1364,743,134,44,48830,24946,0.7391051714119697,771,354,17187,22564,22274,13736,8268,12557,43920,33306,0,0,8146,3845,11988,3885,9581,1315,5746,0,0,17810,37451,10,41,0,0,0,0,0
757,10907,758.0507342752251,99818,1362,749,134,44,48927,24995,0.7405678334568916,753,350,17209,22573,22284,13739,8256,12543,43937,33336,0,0,8116,3831,11981,3877,9638,1322,5742,0,0,17848,37412,10,41,0,0,0,0,0
758,10907,759.1456000066911,99818,1341,739,134,44,49127,25094,0.7435632851790258,719,354,17233,22593,22350,13765,8221,12503,43954,33366,0,0,8053,3802,11955,3885,9704,1353,5759,0,0,17954,37302,10,41,0,0,0,0,0
759,10907,760.2380761773541,99817,1338,731,135,44,49324,25188,0.7464860695071982,707,362,17266,22617,22373,13786,8179,12458,43971,33396,0,0,7988,3780,11928,3896,9766,1375,5781,0,0,18063,37190,10,40,0,0,0,0,0
760,10907,761.3291561334854,99814,1310,722,138,44,49511,25300,0.7495040775843068,685,370,17285,22632,22428,13830,8152,12400,43987,33425,0,0,7932,3750,11882,3906,9871,1391,5795,0,0,18159,37078,10,40,0,0,0,0,0
761,10907,762.4188701707714,99814,1323,699,138,44,49708,25405,0.7525297052517683,652,365,17302,22663,22454,13886,8129,12341,44003,33454,0,0,7866,3732,11848,3930,9946,1407,5800,0,0,18259,36976,10,40,0,0,0,0,0
762,10907,763.5070896393702,99813,1294,676,138,45,49877,25510,0.7552823780469478,664,364,17321,22682,22476,13948,8105,12283,44019,33483,0,0,7816,3699,11818,3943,10028,1431,5809,0,0,18358,36861,10,40,0,0,0,0,0
763,10907,764.0511358024169,99813,1288,662,138,45,49964,25543,0.7564846262510896,658,382,17335,22701,22474,13955,8105,12253,44035,33512,0,0,7791,3685,11806,3946,10063,1445,5799,0,0,18413,36815,10,40,0,0,0,0,0
764,10907,765.13888330572,99813,1266,672,138,45,50147,25660,0.7594902467614439,639,366,17336,22740,22528,13985,8091,12190,44051,33541,0,0,7724,3659,11778,3962,10137,1464,5818,0,0,18509,36712,10,40,0,0,0,0,0
765,10907,766.2253561388898,99813,1260,667,138,45,50330,25762,0.7623455862462806,634,360,17349,22795,22558,14000,8059,12131,44067,33570,0,0,7671,3631,11749,3972,10221,1481,5831,0,0,18594,36613,10,40,0,0,0,0,0
766,10907,767.3102883654332,99813,1283,646,138,45,50540,25849,0.7653211505515314,555,381,17386,22822,22593,14024,8043,12080,44083,33598,0,0,7618,3608,11718,3974,10314,1499,5847,0,0,18668,36517,10,40,0,0,0,0,0
767,10907,768.3940092949239,99813,1248,659,138,45,50695,25960,0.7679861340707123,564,354,17395,22865,22633,14043,8020,12032,44099,33626,0,0,7574,3590,11687,3981,10396,1523,5842,0,0,18743,36427,10,40,0,0,0,0,0
768,10907,769.476226593263,99812,1227,665,139,45,50860,26052,0.7705686690979041,569,340,17409,22912,22670,14046,7984,11990,44114,33654,0,0,7529,3568,11658,3996,10472,1541,5841,0,0,18814,36343,10,40,0,0,0,0,0
769,10907,770.0166572692807,99811,1206,667,140,45,50920,26092,0.7715782829547846,581,340,17413,22936,22663,14038,7995,11972,44129,33682,0,0,7504,3559,11650,3998,10505,1552,5828,0,0,18857,36308,10,40,0,0,0,0,0
770,10907,771.0973313423307,99810,1196,651,141,45,51085,26177,0.7740907724676886,586,339,17434,22973,22684,14069,7957,11921,44144,33710,0,0,7456,3534,11628,4014,10576,1571,5833,0,0,18933,36215,10,40,0,0,0,0,0
771,10907,772.1773567044092,99810,1172,647,141,45,51260,26267,0.7767458170523995,558,324,17466,23010,22735,14097,7926,11875,44159,33738,0,0,7408,3509,11603,4018,10646,1599,5847,0,0,19014,36116,9,41,0,0,0,0,0
772,10907,773.2557096909336,99809,1144,617,142,45,51409,26340,0.7789778476890862,568,335,17495,23029,22759,14129,7890,11843,44174,33765,0,0,7360,3476,11584,4036,10720,1616,5859,0,0,19086,36022,9,41,0,0,0,0,0
773,10907,774.3332318388537,99808,1117,603,143,45,51552,26422,0.7812399807630651,563,338,17537,23068,22777,14146,7861,11798,44189,33792,0,0,7307,3456,11563,4040,10774,1639,5875,0,0,19181,35923,9,41,0,0,0,0,0
774,10907,775.410313003719,99808,1121,594,143,45,51707,26507,0.7836445976274447,527,338,17578,23122,22792,14157,7837,11742,44204,33819,0,0,7267,3435,11533,4052,10851,1650,5875,0,0,19256,35839,9,41,0,0,0,0,0
775,10907,776.4872092294936,99807,1074,590,144,45,51845,26588,0.7858466841003136,516,355,17637,23152,22820,14167,7807,11689,44219,33846,0,0,7221,3415,11512,4052,10922,1675,5881,0,0,19323,35756,9,41,0,0,0,0,0
776,10907,777.025631633318,99807,1052,571,144,45,51904,26628,0.7868385984950955,523,357,17633,23164,22834,14184,7812,11677,44234,33873,0,0,7187,3397,11506,4053,10965,1685,5883,0,0,19360,35721,9,41,0,0,0,0,0
777,10907,778.1016809139364,99807,1046,564,144,45,52045,26713,0.7891029687296482,521,351,17688,23206,22819,14202,7780,11630,44248,33900,0,0,7148,3379,11488,4066,11024,1701,5878,0,0,19438,35635,9,41,0,0,0,0,0
778,10907,779.1779629601893,99807,1005,589,144,45,52183,26814,0.7914975903493743,503,336,17722,23234,22865,14207,7759,11587,44262,33926,0,0,7103,3363,11455,4068,11109,1722,5888,0,0,19481,35568,9,41,0,0,0,0,0
779,10907,780.2539138735955,99807,993,573,144,45,52318,26898,0.7936918252226798,488,327,17782,23279,22852,14235,7739,11539,44276,33952,0,0,7064,3345,11437,4076,11170,1744,5885,0,0,19548,35489,9,40,0,0,0,0,0
780,10907,781.3298942746294,99807,962,568,144,45,52430,26990,0.7957357700361698,490,331,17831,23290,22854,14263,7717,11501,44290,33978,0,0,7028,3333,11417,4083,11229,1764,5876,0,0,19626,35403,9,39,0,0,0,0,0
781,10907,782.4063555525483,99806,921,572,145,45,52550,27084,0.79788790253091,484,306,17872,23345,22879,14282,7697,11448,44304,34004,0,0,6986,3312,11384,4091,11293,1793,5880,0,0,19685,35334,9,39,0,0,0,0,0
782,10907,783.4824806969482,99806,934,581,145,45,52682,27161,0.7999819650121235,469,312,17926,23384,22852,14283,7672,11393,44318,34030,0,0,6948,3295,11374,4082,11344,1812,5892,0,0,19733,35278,9,39,0,0,0,0,0
783,10907,784.0206929965346,99806,916,584,145,45,52748,27210,0.8011342003486764,455,293,17941,23405,22868,14291,7673,11380,44332,34056,0,0,6921,3280,11373,4081,11386,1819,5889,0,0,19771,35238,9,39,0,0,0,0,0
784,10907,785.0978387721444,99806,926,591,145,45,52878,27294,0.8032783600184358,432,282,17985,23451,22863,14286,7647,11343,44346,34081,0,0,6888,3264,11356,4084,11435,1839,5888,0,0,19829,35175,9,39,0,0,0,0,0
785,10907,786.1751159152859,99806,920,569,145,45,52988,27360,0.8050417810552472,440,284,18023,23494,22846,14311,7624,11295,44360,34106,0,0,6849,3252,11337,4081,11491,1855,5896,0,0,19894,35103,9,39,0,0,0,0,0
786,10907,787.2528246789934,99804,916,575,146,46,53117,27441,0.8071620375936837,422,257,18068,23552,22840,14313,7606,11255,44374,34131,0,0,6827,3236,11315,4088,11548,1875,5885,0,0,19956,35026,9,39,0,0,0,0,0
787,10907,788.3313591054575,99803,884,580,147,46,53219,27510,0.8088835004959771,433,272,18118,23572,22841,14307,7575,11221,44387,34156,0,0,6794,3220,11288,4089,11617,1885,5882,0,0,20015,34966,8,39,0,0,0,0,0
788,10907,789.4102804498283,99802,867,553,148,46,53342,27587,0.8108955732350053,425,261,18143,23630,22861,14332,7554,11176,44400,34181,0,0,6757,3205,11261,4086,11692,1905,5884,0,0,20077,34888,8,39,0,0,0,0,0
789,10907,790.4888173186476,99802,844,531,148,46,53463,27658,0.8128193823771067,424,260,18207,23691,22857,14360,7518,11110,44413,34206,0,0,6716,3181,11239,4095,11761,1918,5895,0,0,20147,34803,8,39,0,0,0,0,0
790,10907,791.0278304923404,99802,821,543,148,46,53521,27701,0.8138313861445663,426,248,18221,23717,22860,14350,7522,11094,44426,34231,0,0,6696,3167,11232,4103,11794,1926,5880,0,0,20186,34771,8,39,0,0,0,0,0
791,10907,792.1071354931313,99802,786,538,148,46,53634,27771,0.8156650167331316,408,257,18283,23761,22877,14343,7496,11053,44439,34255,0,0,6653,3146,11212,4119,11837,1949,5884,0,0,20251,34704,8,39,0,0,0,0,0
792,10907,793.1861782347717,99802,765,533,148,46,53729,27844,0.8173483497324703,418,241,18324,23828,22857,14337,7486,11013,44452,34279,0,0,6626,3128,11196,4131,11888,1970,5880,0,0,20293,34643,8,39,0,0,0,0,0
793,10907,794.2662480186817,99802,752,545,148,46,53836,27917,0.8191519208031903,405,231,18382,23861,22850,14336,7461,10979,44465,34303,0,0,6591,3114,11184,4132,11943,1989,5882,0,0,20319,34601,8,39,0,0,0,0,0
794,10907,795.3469510707048,99802,759,511,148,46,53954,27978,0.8209454720346285,401,249,18430,23909,22823,14359,7437,10924,44478,34327,0,0,6566,3104,11169,4125,12005,2006,5879,0,0,20383,34518,8,39,0,0,0,0,0
795,10907,796.4286770544404,99800,747,479,150,46,54073,28035,0.8227254509018036,374,238,18479,23979,22831,14377,7417,10879,44491,34351,0,0,6530,3089,11152,4127,12065,2027,5880,0,0,20435,34449,8,38,0,0,0,0,0
796,10907,797.5111982644225,99799,750,467,150,47,54181,28102,0.8244872193108147,344,230,18536,24025,22816,14389,7402,10840,44504,34375,0,0,6506,3077,11130,4131,12116,2045,5871,0,0,20492,34385,8,38,0,0,0,0,0
797,10907,798.0527109489767,99799,722,448,150,47,54225,28129,0.8251986492850629,349,226,18565,24050,22803,14395,7409,10832,44517,34399,0,0,6482,3066,11125,4132,12142,2060,5869,0,0,20528,34349,8,38,0,0,0,0,0
798,10907,799.1370688880548,99799,706,436,150,47,54326,28179,0.8267116904979008,322,236,18624,24083,22803,14390,7393,10806,44529,34422,0,0,6457,3048,11117,4143,12173,2087,5869,0,0,20569,34290,8,38,0,0,0,0,0
799,10907,800.2222051715847,99799,670,421,150,47,54417,28229,0.8281245303059149,327,233,18670,24145,22811,14385,7370,10767,44541,34445,0,0,6430,3037,11096,4131,12233,2106,5872,0,0,20622,34226,8,38,0,0,0,0,0
800,10907,801.30762659206,99799,649,416,150,47,54501,28290,0.8295774506758585,320,216,18735,24189,22781,14386,7363,10744,44553,34468,0,0,6400,3026,11080,4134,12271,2126,5874,0,0,20674,34168,8,38,0,0,0,0,0
801,10907,802.3946164088676,99799,661,406,150,47,54605,28346,0.8311806731530376,297,203,18814,24262,22732,14376,7344,10704,44565,34491,0,0,6374,3015,11066,4130,12316,2142,5874,0,0,20721,34115,8,38,0,0,0,0,0
802,10907,803.4839720655328,99799,648,406,150,47,54693,28401,0.8326135532420165,303,196,18865,24327,22713,14365,7319,10657,44577,34514,0,0,6346,3004,11049,4139,12354,2158,5868,0,0,20768,34067,8,38,0,0,0,0,0
803,10907,804.0291711368054,99799,656,398,150,47,54744,28420,0.8333149630757823,302,212,18887,24346,22681,14352,7322,10643,44589,34537,0,0,6332,3000,11043,4134,12376,2169,5856,0,0,20792,34051,8,38,0,0,0,0,0
804,10907,805.1209606562849,99799,627,398,150,47,54835,28481,0.8348380244291025,281,205,18959,24430,22673,14330,7308,10588,44601,34560,0,0,6309,2984,11036,4136,12410,2193,5854,0,0,20845,33986,8,38,0,0,0,0,0
805,10907,806.2140149335318,99798,623,396,150,48,54916,28530,0.8361490210224654,285,201,19007,24473,22627,14316,7306,10564,44613,34582,0,0,6289,2970,11026,4140,12436,2212,5845,0,0,20887,33947,8,38,0,0,0,0,0
806,10907,807.309016534883,99798,588,388,150,48,54988,28581,0.8373815106515161,290,203,19085,24530,22608,14301,7277,10528,44625,34604,0,0,6254,2959,11008,4141,12482,2230,5847,0,0,20923,33908,8,38,0,0,0,0,0
807,10907,808.4056242384505,99798,577,407,150,48,55058,28651,0.8387843443756388,285,163,19162,24594,22555,14293,7269,10493,44637,34626,0,0,6229,2951,11000,4142,12498,2255,5841,0,0,20960,33876,8,38,0,0,0,0,0
808,10907,809.5045658686962,99798,572,391,150,48,55146,28695,0.8401070161726688,275,168,19202,24663,22540,14279,7259,10449,44649,34648,0,0,6207,2941,10991,4142,12536,2270,5839,0,0,21013,33814,7,38,0,0,0,0,0
809,10907,810.0548747170576,99798,567,382,150,48,55179,28721,0.8406982103849776,272,170,19227,24687,22513,14278,7269,10433,44660,34670,0,0,6191,2933,10990,4139,12560,2275,5831,0,0,21043,33791,7,38,0,0,0,0,0
810,10907,811.1565893538083,99798,561,363,150,48,55267,28766,0.8420309024228942,263,163,19294,24747,22482,14276,7248,10401,44671,34692,0,0,6169,2922,10981,4134,12606,2286,5830,0,0,21099,33726,7,38,0,0,0,0,0
811,10907,812.2600204445924,99798,537,355,150,48,55336,28810,0.843163189643079,253,168,19352,24804,22467,14257,7239,10366,44682,34714,0,0,6140,2913,10960,4138,12650,2302,5827,0,0,21126,33697,7,38,0,0,0,0,0
812,10907,813.3652616764236,99798,520,342,150,48,55404,28859,0.8443355578268101,240,168,19400,24869,22457,14238,7231,10333,44693,34736,0,0,6120,2904,10948,4135,12695,2318,5820,0,0,21161,33652,7,38,0,0,0,0,0
813,10907,814.4711034490564,99798,508,337,150,48,55477,28910,0.8455780676967475,237,154,19471,24919,22427,14234,7205,10306,44704,34757,0,0,6094,2892,10934,4141,12736,2332,5815,0,0,21190,33619,7,38,0,0,0,0,0
814,10907,815.0244480044558,99798,500,340,150,48,55509,28929,0.8460890999819636,240,153,19493,24955,22407,14216,7208,10286,44715,34778,0,0,6080,2884,10935,4136,12748,2342,5809,0,0,21214,33605,7,38,0,0,0,0,0
815,10907,816.1331879105594,99797,482,332,151,48,55574,28969,0.8471497139192561,244,146,19572,25001,22360,14212,7189,10259,44726,34799,0,0,6051,2872,10930,4135,12769,2360,5813,0,0,21253,33569,7,38,0,0,0,0,0
816,10907,817.2442121959303,99797,479,334,151,48,55649,29020,0.8484122769221519,235,135,19661,25073,22311,14187,7161,10221,44737,34820,0,0,6030,2857,10925,4142,12792,2378,5804,0,0,21288,33536,7,38,0,0,0,0,0
817,10907,818.358215524784,99797,488,333,151,48,55726,29063,0.8496147178772909,233,129,19716,25127,22263,14180,7147,10181,44748,34841,0,0,6004,2847,10912,4144,12822,2394,5805,0,0,21308,33516,7,38,0,0,0,0,0
818,10907,819.4744942440586,99797,454,318,151,48,55775,29102,0.8504965079110595,257,130,19776,25194,22233,14171,7127,10137,44759,34862,0,0,5976,2840,10899,4147,12870,2406,5799,0,0,21326,33489,7,38,0,0,0,0,0
819,10907,820.0333892051649,99796,455,308,151,49,55811,29120,0.8510461341135918,247,134,19824,25222,22197,14165,7124,10120,44770,34883,0,0,5961,2831,10901,4143,12882,2416,5792,0,0,21350,33475,7,38,0,0,0,0,0
820,10907,821.1529490214466,99796,455,291,151,49,55879,29147,0.8519980760751934,243,147,19902,25275,22140,14159,7107,10077,44781,34904,0,0,5941,2824,10891,4144,12920,2425,5781,0,0,21379,33446,7,38,0,0,0,0,0
821,10907,822.2754137588703,99796,441,279,151,49,55939,29190,0.8530301815704037,236,139,19979,25331,22100,14153,7091,10047,44792,34924,0,0,5914,2818,10883,4143,12941,2442,5782,0,0,21425,33403,7,38,0,0,0,0,0
822,10907,823.4003957456572,99796,445,277,151,49,56005,29233,0.8541224097158203,228,113,20064,25405,22036,14136,7074,10018,44803,34944,0,0,5895,2810,10876,4139,12974,2451,5779,0,0,21459,33368,7,38,0,0,0,0,0
823,10907,824.528577969626,99796,426,268,151,49,56065,29265,0.8550442903523188,225,111,20135,25471,22006,14115,7055,9984,44813,34964,0,0,5878,2800,10864,4138,13007,2463,5771,0,0,21501,33329,7,38,0,0,0,0,0
824,10907,825.093820720719,99796,420,253,151,49,56096,29273,0.8554350875786605,217,124,20187,25489,21967,14109,7056,9974,44823,34984,0,0,5865,2797,10860,4128,13029,2469,5762,0,0,21528,33313,7,38,0,0,0,0,0
825,10907,826.2262163683992,99796,426,252,151,49,56170,29311,0.8565573770491803,190,114,20268,25563,21920,14078,7043,9942,44833,35004,0,0,5845,2788,10855,4124,13051,2481,5762,0,0,21573,33272,7,38,0,0,0,0,0
826,10907,827.3613091744654,99795,403,237,152,49,56226,29345,0.8574678090084673,185,116,20366,25620,21870,14056,7022,9920,44843,35024,0,0,5825,2777,10842,4125,13092,2491,5757,0,0,21608,33233,7,38,0,0,0,0,0
827,10907,828.499685351983,99795,393,228,152,49,56282,29380,0.8583796783405983,169,105,20433,25675,21837,14044,7014,9897,44853,35044,0,0,5808,2772,10832,4122,13134,2500,5742,0,0,21632,33208,7,38,0,0,0,0,0
828,10907,829.0696060899321,99794,397,220,152,50,56315,29392,0.8588392087700664,161,109,20457,25700,21812,14033,7019,9886,44863,35064,0,0,5792,2763,10837,4123,13144,2506,5735,0,0,21651,33199,7,37,0,0,0,0,0
829,10907,830.2117280242247,99794,381,213,152,50,56359,29427,0.8596308395294306,166,98,20522,25771,21770,14019,7007,9847,44873,35084,0,0,5775,2755,10835,4114,13176,2519,5736,0,0,21672,33168,7,37,0,0,0,0,0
830,10907,831.3562644125017,99794,363,212,152,50,56406,29467,0.8605026354289838,158,94,20599,25839,21731,13999,6995,9804,44883,35103,0,0,5760,2746,10825,4116,13221,2529,5725,0,0,21680,33148,7,37,0,0,0,0,0
831,10907,832.5030632573258,99794,352,203,152,50,56444,29499,0.8612040804056356,166,91,20689,25887,21657,13986,6982,9781,44893,35122,0,0,5742,2739,10818,4114,13252,2537,5720,0,0,21704,33124,7,37,0,0,0,0,0
832,10907,833.0778325833276,99794,344,199,152,50,56468,29512,0.8615748441790088,159,85,20714,25917,21644,13979,6985,9768,44903,35141,0,0,5727,2733,10818,4114,13269,2543,5711,0,0,21715,33120,7,37,0,0,0,0,0
833,10907,834.2300384105881,99794,340,189,152,50,56524,29543,0.8624466400785619,140,93,20802,25998,21600,13936,6964,9732,44913,35160,0,0,5713,2723,10812,4119,13288,2559,5705,0,0,21745,33086,7,37,0,0,0,0,0
834,10907,835.384742434443,99794,318,177,152,50,56560,29567,0.8630478786299778,146,92,20895,26067,21537,13921,6950,9691,44923,35179,0,0,5698,2714,10802,4123,13320,2565,5698,0,0,21776,33054,7,37,0,0,0,0,0
835,10907,836.5425161010752,99794,309,169,152,50,56599,29589,0.8636591378239172,161,105,20959,26131,21482,13886,6935,9657,44933,35198,0,0,5683,2706,10796,4117,13357,2569,5693,0,0,21793,33036,7,37,0,0,0,0,0
836,10907,837.1227699120988,99794,303,164,152,50,56623,29601,0.8640198809547668,163,101,20991,26160,21454,13873,6935,9650,44943,35217,0,0,5668,2700,10798,4112,13376,2575,5691,0,0,21801,33029,7,37,0,0,0,0,0
837,10907,838.2854761198407,99792,312,172,154,50,56678,29630,0.8648789482122815,140,97,21069,26239,21394,13835,6929,9605,44952,35236,0,0,5655,2691,10801,4119,13392,2582,5678,0,0,21816,33014,7,37,0,0,0,0,0
838,10907,839.4512475193342,99792,310,172,154,50,56718,29660,0.865580407247074,143,105,21155,26303,21318,13797,6918,9571,44961,35255,0,0,5637,2684,10798,4117,13415,2586,5674,0,0,21844,32993,7,37,0,0,0,0,0
839,10907,840.0355132583683,99792,299,170,154,50,56734,29674,0.8658810325476992,141,103,21198,26338,21281,13788,6925,9549,44970,35273,0,0,5621,2680,10793,4114,13434,2591,5672,0,0,21851,32992,7,37,0,0,0,0,0
840,10907,841.207604007368,99792,288,177,154,50,56766,29703,0.866492303992304,150,99,21292,26400,21207,13759,6907,9513,44979,35291,0,0,5605,2676,10781,4109,13461,2599,5667,0,0,21865,32985,7,37,0,0,0,0,0
841,10907,842.3812981832473,99791,279,169,154,51,56804,29729,0.8671423274644006,142,91,21378,26477,21148,13727,6897,9483,44988,35309,0,0,5581,2670,10777,4106,13476,2610,5675,0,0,21892,32960,7,37,0,0,0,0,0
842,10907,843.5503357415506,99791,276,167,154,51,56847,29756,0.8678437935284745,135,88,21449,26541,21098,13707,6886,9444,44997,35327,0,0,5566,2664,10770,4097,13502,2620,5671,0,0,21913,32944,7,37,0,0,0,0,0
843,10907,844.1336385024949,99791,281,163,154,51,56872,29765,0.868184505616739,126,90,21483,26566,21069,13688,6885,9440,45006,35345,0,0,5558,2656,10773,4093,13518,2621,5663,0,0,21927,32938,7,37,0,0,0,0,0
844,10907,845.2972304080498,99791,278,156,154,51,56907,29784,0.8687256365804531,126,92,21574,26632,21004,13656,6862,9411,45015,35363,0,0,5543,2648,10774,4092,13531,2628,5658,0,0,21955,32918,7,37,0,0,0,0,0
845,10907,846.4562360918894,99791,269,148,154,51,56950,29808,0.8693970398132096,111,85,21660,26705,20959,13628,6845,9381,45024,35381,0,0,5523,2640,10772,4087,13553,2639,5659,0,0,21974,32900,7,37,0,0,0,0,0
846,10907,847.0339007686671,99791,257,151,154,51,56960,29824,0.8696575843512943,120,81,21683,26743,20934,13611,6850,9361,45033,35399,0,0,5513,2635,10775,4084,13559,2645,5652,0,0,21996,32888,7,37,0,0,0,0,0
847,10907,848.1869760009013,99791,253,148,154,51,56999,29846,0.8702688619214157,117,81,21766,26812,20874,13578,6834,9328,45042,35417,0,0,5499,2628,10771,4085,13572,2654,5645,0,0,22027,32866,7,37,0,0,0,0,0
848,10907,849.3363024443601,99791,252,134,154,51,57029,29868,0.8707899509975849,113,73,21841,26879,20815,13560,6823,9301,45051,35435,0,0,5484,2623,10770,4082,13587,2662,5639,0,0,22056,32844,7,37,0,0,0,0,0
849,10907,850.4816428272698,99791,242,135,154,51,57061,29890,0.8713310819612992,107,63,21927,26970,20764,13518,6804,9261,45060,35452,0,0,5465,2615,10766,4085,13604,2667,5635,0,0,22078,32832,7,37,0,0,0,0,0
850,10907,851.0527836139776,99791,237,136,154,51,57075,29904,0.8716116683869287,111,57,21956,27007,20745,13506,6795,9241,45069,35469,0,0,5457,2607,10768,4085,13613,2672,5626,0,0,22093,32826,7,37,0,0,0,0,0
851,10907,852.1922658275893,99790,232,124,154,52,57104,29920,0.8720713498346527,109,55,22036,27084,20696,13465,6771,9218,45078,35486,0,0,5446,2602,10765,4079,13630,2678,5623,0,0,22124,32799,7,37,0,0,0,0,0
852,10907,853.3276327398169,99790,220,110,154,52,57127,29932,0.872422086381401,109,63,22137,27156,20621,13424,6757,9193,45087,35503,0,0,5434,2595,10764,4081,13639,2687,5614,0,0,22152,32780,7,37,0,0,0,0,0
853,10907,854.4585872283948,99790,221,109,154,52,57159,29946,0.8728830544142699,108,64,22242,27223,20537,13381,6736,9169,45096,35520,0,0,5428,2592,10762,4077,13652,2692,5602,0,0,22181,32760,7,37,0,0,0,0,0
854,10907,855.0220470601055,99790,213,113,154,52,57167,29955,0.8730534121655477,112,62,22282,27255,20498,13353,6739,9163,45105,35537,0,0,5419,2586,10767,4074,13659,2696,5595,0,0,22191,32759,7,37,0,0,0,0,0
855,10907,856.1455249785131,99790,218,114,154,52,57200,29978,0.8736145906403447,92,57,22360,27311,20435,13334,6739,9130,45113,35554,0,0,5404,2578,10769,4072,13672,2700,5593,0,0,22211,32747,7,37,0,0,0,0,0
856,10907,857.2649448589864,99788,204,119,155,53,57225,29993,0.8740329498536898,91,57,22432,27379,20397,13283,6719,9107,45121,35571,0,0,5387,2573,10768,4069,13694,2703,5588,0,0,22219,32743,7,37,0,0,0,0,0
857,10907,858.3810318852157,99787,187,114,156,53,57245,30014,0.8744525840039283,101,54,22501,27450,20348,13242,6705,9085,45129,35588,0,0,5372,2566,10761,4067,13716,2709,5584,0,0,22239,32729,7,37,0,0,0,0,0
858,10907,859.4939038217525,99787,192,101,156,53,57276,30023,0.8748534378225621,93,65,22583,27502,20275,13220,6699,9057,45137,35605,0,0,5355,2560,10762,4067,13729,2713,5581,0,0,22255,32721,7,37,0,0,0,0,0
859,10907,860.0486999182466,99787,185,103,156,53,57291,30034,0.875113992804674,90,59,22622,27533,20244,13209,6701,9041,45145,35622,0,0,5343,2556,10763,4063,13743,2717,5573,0,0,22262,32723,7,37,0,0,0,0,0
860,10907,861.1558393652931,99787,183,111,156,53,57325,30052,0.8756351027688978,81,55,22690,27603,20192,13168,6696,9008,45153,35638,0,0,5329,2550,10767,4060,13751,2725,5571,0,0,22276,32714,7,37,0,0,0,0,0
861,10907,862.2593165354724,99787,185,101,156,53,57356,30064,0.876066020623929,69,59,22785,27675,20122,13130,6681,8980,45161,35654,0,0,5316,2546,10761,4055,13772,2729,5569,0,0,22294,32701,7,37,0,0,0,0,0
862,10907,863.3587776652856,99787,166,105,156,53,57374,30081,0.8764167677152335,75,57,22830,27745,20090,13089,6681,8949,45169,35670,0,0,5301,2538,10762,4053,13786,2735,5568,0,0,22306,32694,7,37,0,0,0,0,0
863,10907,864.4556359144028,99787,152,95,156,53,57388,30095,0.876697365388277,80,56,22899,27823,20040,13045,6671,8926,45177,35686,0,0,5294,2534,10757,4051,13800,2744,5560,0,0,22327,32676,7,37,0,0,0,0,0
864,10907,865.0030708016867,99787,157,93,156,53,57400,30102,0.876887770952128,81,56,22925,27861,20000,13020,6679,8915,45185,35702,0,0,5288,2532,10757,4043,13807,2750,5555,0,0,22337,32674,7,37,0,0,0,0,0
865,10907,866.0958723796996,99787,152,95,156,53,57416,30122,0.8772485393888984,80,54,23010,27908,19938,12995,6662,8893,45193,35718,0,0,5281,2530,10756,4037,13821,2759,5547,0,0,22345,32667,7,37,0,0,0,0,0
866,10907,867.1849828843086,99787,154,98,156,53,57438,30140,0.877649393207532,78,41,23080,27965,19874,12965,6656,8876,45201,35734,0,0,5270,2526,10756,4037,13835,2762,5539,0,0,22355,32663,7,37,0,0,0,0,0
867,10907,868.2708171127147,99787,137,101,156,53,57458,30155,0.8780001402988366,75,39,23181,28038,19807,12917,6642,8850,45209,35750,0,0,5255,2521,10753,4035,13856,2768,5535,0,0,22358,32662,7,37,0,0,0,0,0
868,10907,869.3524056881132,99787,135,92,156,53,57473,30164,0.8782406525900167,74,44,23263,28096,19732,12892,6638,8821,45217,35766,0,0,5243,2515,10752,4034,13871,2769,5529,0,0,22374,32656,7,37,0,0,0,0,0
869,10907,870.4299655797168,99787,143,95,156,53,57496,30177,0.8786014210267871,57,40,23362,28158,19649,12853,6631,8799,45225,35782,0,0,5235,2511,10751,4029,13882,2772,5520,0,0,22388,32655,7,37,0,0,0,0,0
870,10907,871.5033271734761,99787,144,92,156,53,57516,30190,0.8789321254271598,57,31,23427,28233,19598,12815,6616,8774,45233,35798,0,0,5231,2504,10754,4027,13894,2778,5509,0,0,22400,32646,7,37,0,0,0,0,0
871,10907,872.0384852739494,99787,142,94,156,53,57526,30197,0.8791024883000792,53,30,23461,28267,19570,12793,6616,8761,45241,35813,0,0,5222,2503,10753,4026,13897,2782,5500,0,0,22414,32646,7,37,0,0,0,0,0
872,10907,873.1070290074608,99785,143,78,157,54,57545,30199,0.8793305607055169,42,31,23543,28340,19507,12758,6606,8737,45249,35828,0,0,5215,2499,10748,4021,13912,2787,5493,0,0,22427,32639,7,37,0,0,0,0,0
873,10907,874.1722398279138,99785,133,81,157,54,57554,30213,0.8795610562709826,48,21,23615,28400,19445,12727,6600,8715,45257,35843,0,0,5202,2498,10745,4014,13924,2794,5491,0,0,22432,32641,7,37,0,0,0,0,0
874,10907,875.2340390325447,99785,129,77,157,54,57564,30216,0.8796913363732024,50,22,23659,28440,19405,12705,6598,8700,45264,35858,0,0,5189,2497,10743,4009,13934,2795,5487,0,0,22445,32642,7,37,0,0,0,0,0
875,10907,876.5110007098295,99785,125,71,157,54,57583,30225,0.8799719396702911,51,22,23740,28509,19337,12669,6588,8673,45271,35873,0,0,5184,2490,10745,4007,13944,2800,5479,0,0,22465,32627,7,37,0,0,0,0,0
876,10907,877.2269327777245,99785,130,69,157,54,57592,30231,0.88012226286516,49,17,23783,28541,19295,12650,6584,8667,45278,35888,0,0,5177,2487,10747,4000,13953,2802,5476,0,0,22473,32626,7,37,0,0,0,0,0
877,10907,878.5231173782794,99785,120,59,157,54,57612,30238,0.8803928446159243,52,20,23915,28663,19188,12583,6566,8619,45285,35903,0,0,5169,2482,10747,3997,13970,2809,5466,0,0,22480,32621,7,37,0,0,0,0,0
878,10907,879.0477086542342,99785,122,56,157,54,57616,30239,0.8804429523475472,48,20,23909,28664,19184,12580,6578,8624,45292,35918,0,0,5160,2479,10749,3992,13974,2812,5463,0,0,22485,32627,7,37,0,0,0,0,0
879,10907,880.0690102350547,99785,108,51,157,54,57626,30247,0.88062334018139,52,18,23981,28753,19135,12528,6565,8594,45299,35933,0,0,5147,2476,10743,3987,13997,2815,5460,0,0,22487,32629,7,37,0,0,0,0,0
880,10907,881.1743241802637,99785,102,54,157,54,57630,30251,0.8807035125519868,53,15,24015,28782,19102,12506,6569,8587,45306,35948,0,0,5140,2472,10743,3983,14007,2818,5454,0,0,22488,32636,7,37,0,0,0,0,0
881,10907,882.243128023941,99785,101,49,157,54,57648,30256,0.8809340081174525,54,17,24126,28864,19001,12454,6559,8560,45313,35963,0,0,5129,2470,10744,3977,14020,2821,5451,0,0,22495,32634,7,37,0,0,0,0,0
882,10907,883.1154859610397,99785,109,47,157,54,57660,30257,0.8810642882196723,48,18,24171,28897,18955,12431,6558,8551,45320,35978,0,0,5126,2467,10747,3969,14029,2823,5445,0,0,22502,32633,7,37,0,0,0,0,0
883,10907,884.0219917070375,99785,100,42,157,54,57670,30261,0.8812045898682167,51,19,24238,28957,18908,12399,6544,8527,45327,35993,0,0,5118,2464,10743,3967,14041,2827,5437,0,0,22514,32630,7,37,0,0,0,0,0
884,10907,885.3498910481904,99785,100,34,157,54,57692,30262,0.8814350854336824,47,27,24345,29051,18824,12340,6525,8492,45334,36007,0,0,5113,2461,10740,3962,14057,2831,5429,0,0,22524,32624,7,37,0,0,0,0,0
885,10907,886.3803850488215,99785,95,33,157,54,57705,30269,0.8816355163601743,43,26,24442,29115,18754,12299,6507,8471,45341,36021,0,0,5105,2456,10742,3957,14065,2837,5426,0,0,22532,32621,7,37,0,0,0,0,0
886,10907,887.4071396601735,99783,101,33,159,54,57719,30273,0.8818335788661396,46,28,24509,29196,18682,12244,6501,8443,45348,36035,0,0,5099,2451,10745,3956,14067,2840,5418,0,0,22540,32623,7,37,0,0,0,0,0
887,10907,888.4306431136382,99783,96,36,159,54,57732,30278,0.8820139703155848,44,31,24589,29270,18614,12187,6496,8420,45355,36049,0,0,5092,2446,10746,3954,14075,2844,5413,0,0,22547,32622,7,37,0,0,0,0,0
888,10907,889.4510637596057,99783,95,33,159,54,57740,30283,0.8821442530290731,44,33,24666,29343,18548,12146,6486,8389,45362,36063,0,0,5083,2442,10748,3950,14085,2845,5409,0,0,22555,32622,7,37,0,0,0,0,0
889,10907,890.4682944619749,99783,93,29,159,54,57751,30289,0.882314622731327,43,32,24733,29408,18492,12107,6478,8368,45369,36077,0,0,5075,2439,10751,3943,14091,2852,5410,0,0,22561,32617,7,37,0,0,0,0,0
890,10907,891.4827167114404,99783,104,35,159,54,57764,30299,0.8825451229167293,39,24,24800,29463,18428,12073,6468,8349,45376,36091,0,0,5067,2438,10752,3935,14097,2856,5408,0,0,22563,32623,7,37,0,0,0,0,0
891,10907,892.4942060126266,99783,101,37,159,54,57773,30305,0.8826954491246004,37,18,24841,29501,18389,12051,6471,8337,45383,36105,0,0,5061,2430,10757,3932,14105,2856,5402,0,0,22576,32620,7,37,0,0,0,0,0
892,10907,893.2127297449795,99783,93,38,159,54,57775,30307,0.882735536113366,41,19,24874,29531,18359,12020,6472,8336,45390,36119,0,0,5055,2427,10760,3929,14109,2859,5395,0,0,22585,32620,7,37,0,0,0,0,0
893,10907,894.2947951009588,99783,88,41,159,54,57790,30314,0.8829560145515769,40,20,24976,29618,18281,11967,6454,8298,45397,36133,0,0,5043,2425,10761,3923,14118,2864,5393,0,0,22589,32623,7,37,0,0,0,0,0
894,10907,895.2993145958021,99783,86,43,159,54,57805,30321,0.8831764929897878,34,17,25034,29668,18234,11936,6451,8280,45404,36147,0,0,5036,2420,10762,3923,14126,2869,5387,0,0,22593,32623,7,37,0,0,0,0,0
895,10907,896.124078750083,99783,82,45,159,54,57810,30325,0.8832666887145105,34,16,25056,29687,18217,11920,6450,8276,45411,36161,0,0,5027,2415,10765,3919,14135,2870,5384,0,0,22596,32628,7,37,0,0,0,0,0
896,10907,897.3588983283698,99783,77,44,159,54,57817,30332,0.8834069931751901,35,12,25138,29757,18152,11889,6437,8242,45418,36175,0,0,5023,2412,10760,3916,14148,2874,5375,0,0,22602,32629,7,37,0,0,0,0,0
897,10907,898.053839599618,99783,73,47,159,54,57825,30336,0.883527254141487,38,14,25177,29816,18111,11845,6440,8222,45425,36189,0,0,5010,2411,10759,3913,14154,2877,5373,0,0,22606,32636,7,37,0,0,0,0,0
898,10907,899.0118401598468,99783,77,43,159,54,57840,30342,0.8837377108325065,35,13,25277,29894,18027,11803,6423,8191,45431,36202,0,0,5004,2410,10758,3909,14161,2881,5366,0,0,22619,32631,7,37,0,0,0,0,0
899,10907,900.0048855202998,99783,78,42,159,54,57848,30342,0.8838178848100378,58,42,25278,29902,18009,11783,6416,8175,45431,36202,0,0,5004,2410,10756,3909,14166,2882,5366,0,0,22616,32630,7,37,0,0,0,0,0
900,10907,900.0048855202998,99783,86,44,159,54,57860,30346,0.8839782327651002,51,41,25312,29928,17981,11766,6409,8165,45431,36202,1,1,5002,2410,10755,3907,14170,2882,5366,2,0,22613,32630,7,37,0,2,0,0,0
901,10907,901.490666446374,99783,93,51,159,54,57883,30365,0.8843991461471393,50,30,25405,30030,17912,11701,6379,8132,45431,36202,2,2,5002,2408,10748,3908,14173,2888,5366,2,11,22610,32619,7,37,0,3,1,0,0
902,10907,902.4781019581139,99783,93,51,159,54,57899,30372,0.8846296463325416,51,33,25483,30086,17859,11674,6353,8100,45431,36202,3,3,4999,2407,10745,3908,14180,2890,5366,5,19,22605,32610,7,37,0,3,1,0,1
903,10907,903.4625064441263,99783,95,52,159,54,57914,30380,0.884860146517944,50,32,25541,30143,17818,11646,6335,8071,45431,36202,4,4,4996,2406,10742,3910,14188,2891,5365,8,24,22597,32605,7,37,0,4,2,0,1
904,10907,904.4446262985728,99783,84,50,159,54,57923,30387,0.8850204944730065,60,36,25622,30221,17766,11597,6307,8040,45431,36202,6,5,4993,2406,10741,3912,14195,2893,5361,11,33,22590,32594,7,37,0,5,2,0,3
905,10907,905.4237942206303,99783,97,54,159,54,57944,30396,0.8853211468887486,51,37,25688,30279,17716,11559,6287,8015,45431,36202,9,6,4992,2406,10740,3913,14195,2896,5360,12,38,22587,32586,7,37,0,6,2,0,6
906,10907,906.4002275580822,99783,96,58,159,54,57954,30404,0.8855015383381939,53,36,25744,30344,17684,11511,6262,7995,45431,36202,12,8,4990,2406,10738,3913,14201,2898,5359,14,40,22581,32580,7,37,0,7,2,0,10
907,10907,907.3743661642807,99783,96,57,159,54,57966,30412,0.8857019732820219,55,38,25812,30412,17634,11472,6242,7965,45431,36202,16,10,4988,2406,10736,3913,14204,2902,5359,16,48,22572,32571,7,37,0,11,2,0,11
908,10907,908.3459504235241,99783,102,54,159,54,57984,30420,0.8859625387089985,53,37,25877,30469,17583,11446,6224,7938,45431,36202,21,12,4988,2405,10734,3914,14210,2905,5358,16,57,22566,32556,7,37,0,11,2,0,17
909,10907,909.3151349349573,99783,105,60,159,54,58000,30434,0.8862631911247407,50,34,25930,30510,17548,11416,6206,7924,45431,36202,27,15,4986,2404,10729,3916,14211,2909,5357,18,65,22561,32545,7,37,0,13,5,0,20
910,10907,910.2822346386664,99783,98,63,159,54,58009,30447,0.8864836695629517,54,34,25988,30554,17509,11388,6190,7905,45431,36202,34,18,4982,2403,10725,3918,14218,2910,5356,22,75,22552,32530,7,37,0,17,6,0,25
911,10907,911.2472238619403,99783,100,62,159,54,58023,30453,0.8866841045067797,54,38,26049,30604,17464,11354,6172,7886,45431,36202,42,21,4980,2403,10722,3918,14222,2913,5356,24,83,22544,32517,7,37,0,20,7,0,30
912,10907,912.2099393872788,99783,92,69,159,54,58038,30468,0.8869847569225219,63,40,26107,30643,17426,11322,6151,7870,45431,36202,51,25,4975,2402,10715,3922,14232,2916,5353,29,89,22531,32506,7,37,0,25,10,0,34
913,10907,913.1704832772277,99783,94,74,159,54,58051,30485,0.887285409338264,64,33,26182,30698,17372,11296,6127,7843,45431,36202,62,29,4973,2401,10708,3924,14237,2920,5351,31,95,22525,32492,7,37,0,28,12,0,42
914,10907,914.1283340665775,99783,97,77,159,54,58065,30492,0.8874958660292835,58,36,26237,30752,17328,11249,6119,7830,45431,36202,74,34,4973,2400,10702,3924,14236,2925,5351,31,104,22520,32478,7,37,0,32,16,0,47
915,10907,915.0840715508056,99783,105,81,159,54,58083,30503,0.8877864966978343,58,33,26293,30800,17284,11216,6099,7814,45431,36202,88,39,4972,2398,10697,3926,14237,2931,5351,32,110,22512,32464,7,37,0,36,18,0,55
916,10907,916.0376260196294,99783,103,73,159,54,58097,30509,0.8879869316416624,65,37,26351,30842,17242,11185,6078,7807,45431,36202,103,45,4968,2395,10691,3932,14239,2938,5348,36,119,22503,32445,7,37,0,41,19,0,65
917,10907,917.4640837324857,99783,99,66,159,54,58118,30521,0.8883176492989788,68,43,26462,30906,17163,11151,6047,7778,45431,36202,120,51,4966,2393,10684,3939,14248,2947,5343,38,130,22483,32423,7,37,0,48,21,0,76
918,10907,918.4116491333189,99783,96,67,159,54,58132,30528,0.8885281059899983,67,48,26520,30940,17122,11118,6034,7771,45431,36202,139,57,4963,2392,10678,3942,14248,2954,5340,41,136,22473,32407,7,37,0,53,26,1,85
919,10907,919.3570480526847,99783,93,68,159,54,58148,30538,0.8887886714169748,62,54,26582,30972,17081,11084,6021,7766,45431,36202,159,64,4961,2391,10672,3946,14249,2959,5336,43,149,22459,32386,7,37,0,64,30,1,93
920,10907,920.3002281792933,99783,91,74,159,54,58158,30550,0.8890091498551858,62,47,26645,31017,17030,11047,6011,7759,45431,36202,181,71,4961,2389,10662,3947,14254,2964,5336,43,153,22449,32367,7,37,0,69,36,1,108
921,10907,921.2412301988664,99783,89,81,159,54,58171,30566,0.8892997805237365,68,42,26700,31055,16990,11018,5992,7748,45431,36202,205,79,4960,2389,10655,3947,14258,2969,5335,44,163,22434,32343,7,37,0,78,41,1,122
922,10907,922.1801907792768,99783,94,82,159,54,58188,30578,0.8895904111922872,64,37,26756,31089,16948,10989,5977,7747,45431,36202,231,88,4960,2389,10647,3948,14253,2980,5334,44,174,22421,32322,7,36,1,86,48,1,132
923,10907,923.117150695411,99783,93,69,159,54,58202,30582,0.8897708026417326,68,42,26808,31126,16906,10969,5964,7738,45431,36202,259,97,4956,2389,10637,3952,14260,2985,5330,48,185,22406,32291,7,36,1,94,53,1,152
924,10907,924.0521682189869,99783,92,78,159,54,58211,30593,0.8899712375855606,77,35,26866,31168,16852,10928,5952,7735,45431,36202,289,107,4955,2389,10632,3952,14258,2989,5330,49,191,22389,32271,7,36,1,109,58,1,166
925,10907,925.4510554989789,99783,107,74,159,54,58241,30604,0.8903821292204083,75,34,26943,31231,16788,10885,5926,7720,45431,36202,321,117,4954,2387,10619,3954,14269,2994,5329,50,200,22374,32240,7,36,1,115,65,1,188
926,10907,926.3812510908471,99783,115,76,159,54,58263,30616,0.8907228686249161,72,34,26993,31256,16742,10855,5917,7723,45431,36202,355,128,4952,2386,10615,3954,14268,3003,5328,52,208,22360,32208,7,36,1,124,68,2,211
927,10907,927.3097657719718,99783,114,76,159,54,58280,30624,0.8909734123047012,75,31,27046,31284,16695,10825,5909,7728,45431,36202,392,139,4951,2385,10609,3958,14267,3014,5324,53,217,22340,32178,7,36,1,136,73,2,232
928,10907,928.2363090820387,99783,107,78,159,54,58296,30633,0.8912239559844863,73,34,27102,31313,16659,10786,5898,7733,45431,36202,431,151,4950,2384,10597,3953,14271,3023,5324,54,228,22324,32145,7,36,1,147,83,2,254
929,10907,929.1611112442839,99783,111,73,159,54,58312,30641,0.8914644779170801,67,32,27164,31340,16606,10758,5891,7741,45431,36202,472,163,4949,2382,10582,3956,14264,3039,5322,55,236,22312,32118,7,36,1,155,94,2,273
930,10907,930.0838166917576,99783,118,77,159,54,58334,30653,0.8918052173215878,59,38,27216,31359,16564,10722,5882,7748,45431,36202,515,176,4949,2381,10573,3959,14265,3048,5319,55,243,22298,32078,7,36,1,163,100,2,306
931,10907,931.0047647037348,99783,116,76,159,54,58352,30660,0.892055761001373,58,38,27259,31382,16529,10689,5877,7759,45431,36202,561,190,4949,2381,10564,3959,14269,3058,5317,55,249,22275,32038,7,36,1,179,104,2,340
932,10907,932.3832168536952,99783,108,75,159,54,58371,30671,0.8923564134171151,57,39,27330,31426,16475,10644,5869,7760,45431,36202,609,204,4948,2378,10548,3963,14273,3068,5314,56,262,22255,31994,7,36,1,193,114,2,371
933,10907,933.300307777068,99783,108,75,159,54,58388,30676,0.8925768918553261,62,45,27395,31454,16416,10598,5858,7772,45431,36202,659,219,4946,2378,10534,3965,14268,3082,5310,58,266,22233,31967,7,36,1,209,127,2,394
934,10907,934.2152560864105,99783,109,77,159,54,58402,30686,0.8928174137879198,67,44,27452,31458,16373,10571,5838,7794,45431,36202,711,235,4940,2376,10520,3968,14264,3093,5309,64,269,22217,31930,7,36,1,222,137,2,428
935,10907,935.1282794436245,99783,109,81,159,54,58418,30701,0.8931280879508533,71,40,27495,31476,16326,10531,5838,7816,45431,36202,766,251,4939,2375,10507,3969,14270,3102,5308,65,278,22185,31892,7,36,1,245,145,2,457
936,10907,936.0395483210428,99783,120,76,159,54,58435,30712,0.8934086968722127,68,40,27540,31504,16271,10492,5840,7832,45431,36202,823,268,4939,2374,10494,3969,14269,3113,5308,65,286,22158,31852,7,36,1,268,154,2,488
937,10907,937.4036758722076,99783,119,74,159,54,58464,30723,0.8938095667598689,64,45,27612,31551,16213,10435,5831,7839,45431,36202,882,285,4934,2373,10483,3973,14276,3121,5304,70,299,22123,31800,7,36,1,292,162,2,527
938,10907,938.3110369407044,99783,116,75,159,54,58477,30735,0.894060110439654,66,39,27664,31561,16164,10402,5829,7867,45431,36202,943,303,4932,2372,10472,3976,14272,3136,5301,72,306,22093,31758,7,36,1,315,170,2,562
939,10907,939.2169006341294,99783,109,69,159,54,58491,30743,0.894280588877865,72,38,27720,31574,16113,10366,5825,7897,45431,36202,1007,322,4930,2372,10458,3976,14268,3148,5300,74,323,22067,31702,7,36,1,337,181,4,599
940,10907,940.1211239483008,99783,106,69,159,54,58506,30752,0.8945211108104587,72,33,27777,31600,16066,10324,5818,7918,45431,36202,1073,341,4928,2372,10443,3980,14262,3162,5296,76,335,22041,31651,7,36,1,358,193,4,638
941,10907,941.0234863603818,99783,104,70,159,54,58516,30760,0.894701502259904,77,37,27831,31605,16012,10283,5815,7949,45431,36202,1141,361,4926,2372,10433,3978,14254,3178,5296,78,340,22009,31607,7,36,1,386,201,5,676
942,10907,942.3735880642937,99783,109,73,159,54,58542,30777,0.8951324373891344,76,36,27901,31627,15952,10233,5801,7975,45431,36202,1211,382,4926,2371,10420,3980,14247,3197,5294,78,352,21986,31543,7,36,1,402,210,5,728
943,10907,943.271678323937,99783,113,73,159,54,58555,30788,0.8953729593217281,80,34,27950,31620,15902,10201,5794,8016,45431,36202,1283,403,4924,2371,10406,3980,14237,3213,5294,80,359,21961,31489,7,36,1,422,223,6,774
944,10907,944.1681207049996,99783,113,80,159,54,58575,30798,0.8956736117374703,71,36,28000,31631,15865,10152,5790,8045,45431,36202,1357,425,4921,2371,10387,3981,14234,3224,5291,83,366,21933,31439,7,36,1,448,238,6,817
945,10907,945.0631955045491,99783,114,78,159,54,58590,30809,0.8959341771644469,71,41,28048,31628,15811,10108,5795,8089,45431,36202,1433,448,4921,2371,10369,3980,14228,3239,5291,83,379,21900,31387,6,36,1,477,253,7,855
946,10907,946.4025318252851,99783,112,86,159,54,58608,30827,0.8962949600633374,74,35,28142,31665,15732,10051,5779,8107,45431,36202,1511,471,4919,2370,10357,3987,14214,3258,5285,85,391,21875,31322,6,35,2,499,263,7,908
947,10907,947.2929217752411,99783,116,83,159,54,58624,30834,0.8965254602487398,83,37,28197,31660,15673,10011,5770,8153,45431,36202,1591,495,4918,2370,10336,3987,14208,3273,5283,86,399,21844,31269,6,35,2,528,279,7,953
948,10907,948.1813932890669,99783,127,79,159,54,58650,30844,0.8968862431476303,75,42,28223,31645,15638,9986,5776,8192,45431,36202,1673,519,4915,2370,10320,3988,14197,3290,5281,89,414,21814,31205,6,35,2,557,291,7,1002
949,10907,949.0687244281758,99783,125,80,159,54,58664,30854,0.897126765080224,75,40,28270,31640,15592,9948,5777,8236,45431,36202,1757,544,4912,2370,10303,3986,14184,3312,5281,92,422,21786,31145,6,35,2,583,303,7,1054
950,10907,950.3973756819114,99783,129,79,159,54,58690,30865,0.8974975697263061,69,44,28344,31663,15530,9900,5767,8258,45431,36202,1842,570,4910,2369,10281,3987,14187,3325,5280,94,434,21751,31079,6,35,2,608,320,7,1108
951,10907,951.2812810280957,99783,134,77,159,54,58707,30874,0.8977581351532826,69,47,28385,31647,15478,9869,5773,8304,45431,36202,1929,596,4909,2365,10264,3990,14177,3342,5280,95,444,21724,31015,6,35,2,631,335,8,1161
952,10907,952.1637060331985,99783,135,73,159,54,58721,30880,0.8979585700971108,74,51,28429,31622,15427,9842,5774,8356,45431,36202,2018,623,4909,2365,10247,3991,14162,3364,5278,95,453,21689,30957,6,34,2,663,350,8,1210
953,10907,953.0447700468068,99783,130,71,159,54,58736,30887,0.8981790485353216,78,57,28455,31619,15389,9787,5787,8410,45431,36202,2108,651,4908,2364,10228,3993,14157,3378,5276,96,466,21652,30892,6,34,2,694,367,9,1261
954,10907,954.3644491750937,99783,129,81,159,54,58760,30911,0.8986600924005091,80,45,28502,31631,15344,9741,5784,8446,45431,36202,2200,679,4906,2362,10208,3994,14160,3392,5275,97,477,21612,30822,6,34,2,727,380,10,1319
955,10907,955.2431638085582,99783,126,81,159,54,58777,30919,0.8989106360802942,82,48,28539,31606,15298,9701,5794,8508,45431,36202,2293,708,4902,2362,10188,3995,14149,3417,5272,101,477,21570,30774,6,34,2,764,393,12,1365
956,10907,956.120835711997,99783,131,80,159,54,58791,30933,0.8991912450016536,84,41,28574,31587,15250,9666,5800,8570,45431,36202,2387,737,4901,2362,10173,3997,14140,3436,5270,102,485,21530,30708,6,34,2,797,405,13,1422
957,10907,957.4350781194692,99782,137,70,160,54,58820,30945,0.8996111523120403,81,39,28610,31587,15215,9628,5795,8620,45431,36202,2482,767,4899,2362,10152,3998,14133,3458,5267,104,502,21490,30634,6,34,2,827,422,14,1478
958,10907,958.3102911942179,99781,129,69,161,54,58831,30953,0.8998105851815476,88,42,28639,31560,15173,9591,5808,8682,45431,36202,2579,798,4899,2361,10132,3999,14116,3483,5265,104,513,21451,30571,6,34,2,862,440,14,1529
959,10907,959.1846555825546,99781,133,67,161,54,58848,30961,0.9000611338832042,86,39,28672,31553,15127,9559,5819,8726,45431,36202,2677,829,4898,2361,10116,4000,14105,3506,5262,105,517,21411,30509,6,34,2,897,451,16,1585
960,10907,960.0581867962735,99781,135,65,161,54,58865,30966,0.9002816167406621,82,42,28693,31542,15101,9508,5826,8787,45431,36202,2776,861,4896,2361,10096,4000,14088,3528,5262,107,526,21368,30449,6,34,2,936,470,17,1635
961,10907,961.3669251757236,99781,139,64,161,54,58891,30973,0.9006123410268488,80,47,28748,31556,15043,9448,5827,8829,45431,36202,2875,893,4894,2358,10076,4004,14085,3544,5261,109,532,21326,30380,6,34,2,970,485,18,1697
962,10907,962.2380842203036,99780,138,63,162,54,58906,30978,0.9008218079775506,75,53,28773,31535,15012,9400,5838,8893,45431,36202,2975,926,4892,2358,10060,4005,14077,3559,5258,111,538,21278,30318,6,34,2,1014,499,19,1752
963,10907,963.1082533980828,99780,138,64,162,54,58924,30990,0.9011224694327521,69,48,28815,31512,14972,9371,5842,8949,45431,36202,3076,960,4892,2355,10038,4005,14068,3578,5258,111,552,21234,30248,6,34,2,1054,518,19,1808
964,10907,964.4115789364586,99780,126,73,162,54,58945,31007,0.9015033072760072,70,38,28875,31525,14926,9317,5839,8991,45431,36202,3178,994,4890,2353,10013,4008,14061,3599,5256,113,566,21189,30172,6,34,2,1092,537,20,1869
965,10907,965.2789601521574,99780,129,77,162,54,58960,31018,0.9017638805371818,71,30,28905,31499,14884,9278,5847,9060,45431,36202,3280,1029,4889,2353,9998,4010,14047,3620,5254,114,572,21154,30095,6,34,2,1124,548,22,1938
966,10907,966.145473225928,99780,122,71,162,54,58975,31021,0.9019442774103027,68,36,28925,31472,14862,9241,5859,9124,45431,36202,3383,1064,4885,2352,9981,4012,14043,3638,5253,118,579,21100,30026,6,34,2,1169,560,22,2000
967,10907,967.0113795346763,99780,119,70,162,54,58986,31030,0.902144718380437,70,37,28949,31461,14823,9197,5875,9179,45431,36202,3486,1100,4882,2352,9959,4015,14022,3663,5249,121,588,21071,29952,5,34,2,1197,581,22,2065
968,10907,968.3089756410039,99780,130,75,162,54,59012,31041,0.9025155341751854,62,37,29004,31480,14764,9129,5876,9223,45431,36202,3589,1136,4880,2350,9943,4018,14008,3685,5247,123,590,21032,29882,5,34,2,1233,594,23,2131
969,10907,969.1725374109304,99780,121,74,162,54,59023,31048,0.9026959310483063,66,44,29037,31459,14726,9088,5886,9279,45431,36202,3693,1173,4875,2350,9917,4016,13998,3705,5247,128,601,20994,29812,5,34,2,1267,616,23,2190
970,10907,970.0352284070618,99780,122,68,162,54,59038,31057,0.9029364602124674,64,41,29066,31445,14688,9058,5896,9332,45431,36202,3797,1210,4871,2350,9893,4018,13982,3731,5245,132,609,20950,29748,5,34,2,1308,633,23,2246
971,10907,971.3274483125197,99780,116,68,162,54,59053,31066,0.9031769893766286,76,44,29123,31454,14613,9002,5908,9376,45431,36202,3901,1248,4868,2348,9872,4016,13968,3755,5245,135,617,20904,29686,5,34,2,1353,650,24,2298
972,10907,972.187632410122,99780,107,57,162,54,59060,31070,0.9032872319102024,80,45,29149,31434,14576,8980,5924,9428,45431,36202,4005,1286,4864,2347,9858,4019,13959,3774,5242,139,628,20854,29610,5,34,2,1397,661,25,2362
973,10907,973.047019344495,99780,103,57,162,54,59072,31078,0.9034876728803367,77,43,29162,31404,14550,8954,5944,9486,45431,36202,4109,1325,4864,2345,9836,4022,13954,3787,5240,139,637,20805,29536,5,34,2,1441,681,27,2425
974,10907,974.3350564952098,99780,113,62,162,54,59096,31092,0.9038685107235919,71,42,29236,31422,14472,8895,5944,9523,45431,36202,4213,1364,4863,2345,9823,4024,13940,3808,5238,140,642,20756,29469,5,34,2,1483,694,31,2483
975,10907,975.1920531953356,99779,117,63,163,54,59114,31098,0.9041181010032171,62,44,29271,31411,14432,8840,5953,9586,45431,36202,4317,1403,4862,2343,9810,4027,13921,3832,5237,141,645,20707,29405,5,34,2,1528,705,35,2540
976,10907,976.0479203468186,99779,111,65,163,54,59125,31110,0.9043486104290482,64,37,29284,31384,14407,8814,5969,9644,45431,36202,4420,1443,4860,2342,9790,4031,13904,3857,5234,143,653,20662,29339,5,34,2,1568,722,37,2596
977,10907,977.3306174768395,99779,110,67,163,54,59141,31124,0.9046492748975236,69,31,29342,31390,14338,8777,5976,9679,45431,36202,4523,1483,4857,2341,9768,4030,13889,3883,5234,146,661,20626,29261,5,34,2,1599,740,38,2665
978,10907,978.1844836516359,99779,110,65,163,54,59153,31130,0.9048296735786088,70,29,29372,31364,14295,8744,5988,9742,45431,36202,4626,1524,4857,2341,9752,4031,13878,3902,5232,146,666,20578,29188,5,34,2,1642,754,39,2732
979,10907,979.0374543229752,99779,111,61,163,54,59168,31134,0.9050200944086431,67,33,29388,31337,14266,8708,6003,9805,45431,36202,4728,1565,4855,2340,9734,4031,13863,3927,5231,148,668,20535,29122,5,34,2,1678,771,43,2792
980,10907,980.3156471624375,99779,108,66,163,54,59185,31147,0.9053207588771184,69,37,29433,31312,14214,8656,6011,9873,45431,36202,4830,1606,4855,2340,9712,4031,13857,3947,5228,148,677,20483,29053,5,34,2,1724,788,44,2851
981,10907,981.166649869787,99779,102,62,163,54,59196,31154,0.9055011575582036,72,42,29471,31286,14165,8620,6025,9934,45431,36202,4931,1648,4853,2339,9693,4034,13836,3976,5226,150,689,20442,28983,5,34,2,1760,804,45,2908
982,10907,982.016910829136,99779,115,66,163,54,59217,31164,0.9058118441756281,62,40,29492,31264,14119,8587,6047,9987,45431,36202,5032,1690,4853,2337,9660,4037,13823,3997,5225,150,689,20401,28934,5,34,2,1795,835,48,2954
983,10907,983.2908033666024,99779,115,66,163,54,59238,31175,0.9061325529420018,58,37,29543,31258,14062,8538,6057,10045,45431,36202,5132,1732,4852,2335,9637,4039,13819,4017,5223,151,696,20349,28867,5,34,2,1837,854,50,3012
984,10907,984.138823875276,99779,108,61,163,54,59247,31182,0.9062929073251886,59,34,29562,31234,14021,8512,6085,10103,45431,36202,5231,1775,4849,2334,9618,4040,13798,4046,5222,154,702,20314,28794,5,34,2,1869,869,53,3076
985,10907,985.4097331227256,99779,105,59,163,54,59261,31196,0.9065735274957657,62,31,29611,31233,13961,8471,6096,10150,45431,36202,5330,1818,4848,2334,9598,4039,13786,4070,5222,155,719,20270,28717,5,34,2,1909,883,54,3134
986,10907,986.2558566872276,99779,112,56,163,54,59275,31201,0.9067639483258,56,31,29634,31205,13914,8438,6119,10214,45431,36202,5428,1861,4848,2334,9578,4040,13770,4093,5220,155,722,20233,28654,5,34,2,1941,902,57,3191
987,10907,987.1013311082231,99779,120,57,163,54,59291,31207,0.9069844356026819,50,30,29647,31203,13880,8389,6138,10265,45431,36202,5525,1905,4848,2334,9565,4039,13754,4117,5220,155,725,20192,28585,5,34,2,1976,914,58,3256
988,10907,988.3687624209383,99779,117,60,163,54,59313,31216,0.9072951222201064,47,36,29682,31213,13836,8337,6153,10298,45431,36202,5621,1949,4845,2332,9546,4042,13745,4142,5217,158,731,20148,28519,5,34,2,2011,928,59,3315
989,10907,989.2127974220344,99779,114,55,163,54,59319,31219,0.907385321560649,55,44,29703,31206,13800,8301,6163,10338,45431,36202,5717,1993,4844,2330,9524,4045,13729,4162,5215,159,737,20113,28451,5,34,2,2045,948,60,3376
990,10907,990.0562553076323,99779,107,57,163,54,59327,31228,0.907555698092785,55,42,29720,31184,13763,8270,6190,10391,45431,36202,5812,2037,4844,2329,9503,4047,13715,4183,5213,159,742,20069,28387,5,34,2,2085,967,62,3433
991,10907,991.3204481032529,99779,109,52,163,54,59345,31234,0.9077962296675653,60,50,29769,31200,13705,8223,6192,10419,45431,36202,5906,2082,4842,2329,9484,4048,13692,4214,5212,161,753,20030,28317,5,34,2,2122,980,64,3490
992,10907,992.1621055024751,99779,97,64,163,54,59356,31254,0.9081069162849899,62,36,29801,31184,13668,8196,6207,10464,45431,36202,5999,2127,4838,2328,9467,4053,13675,4240,5208,165,761,19978,28257,5,34,2,2169,993,65,3541
993,10907,993.0029891660264,99779,102,61,163,54,59371,31262,0.9083374257108209,62,36,29827,31166,13625,8171,6219,10510,45431,36202,6091,2172,4837,2328,9447,4054,13660,4265,5207,166,764,19936,28195,5,34,2,2205,1009,69,3596
994,10907,994.2627645404311,99779,97,59,163,54,59388,31271,0.9085980015834996,57,35,29863,31187,13591,8120,6227,10543,45431,36202,6182,2217,4831,2326,9424,4057,13645,4290,5205,172,772,19899,28126,5,34,2,2238,1027,71,3655
995,10907,995.1019250643207,99778,95,54,164,54,59396,31275,0.9087273747719938,58,35,29877,31157,13549,8099,6255,10599,45431,36202,6272,2263,4830,2325,9407,4060,13634,4307,5202,173,777,19855,28060,5,34,2,2278,1043,72,3714
996,10907,996.3595792626809,99778,95,55,164,54,59413,31284,0.9089879532562288,53,35,29933,31180,13485,8048,6268,10626,45431,36202,6361,2309,4828,2325,9382,4060,13615,4336,5201,175,784,19817,28004,5,34,2,2313,1062,74,3761
997,10907,997.1967044674238,99778,106,55,164,54,59435,31289,0.9092585539898574,43,31,29945,31156,13451,8029,6289,10673,45431,36202,6449,2355,4827,2324,9365,4061,13609,4350,5201,176,785,19777,27937,5,33,3,2348,1076,77,3824
998,10907,998.0333980986037,99778,110,55,164,54,59448,31295,0.9094489767283369,39,30,29966,31150,13406,7994,6313,10715,45431,36202,6536,2401,4826,2324,9348,4058,13593,4373,5201,177,786,19734,27883,5,33,3,2387,1093,80,3874
999,10907,999.2873609308983,99778,104,53,164,54,59462,31301,0.90964942171621,42,36,30002,31152,13368,7959,6318,10744,45431,36202,6622,2447,4825,2322,9335,4058,13572,4405,5200,178,789,19700,27819,5,33,3,2415,1104,84,3931
1000,10907,1000.1225256625656,99778,99,55,164,54,59470,31308,0.9097997554571148,48,42,30018,31151,13331,7919,6338,10777,45431,36202,6707,2493,4825,2322,9317,4059,13556,4427,5198,178,793,19657,27764,5,33,3,2455,1120,87,3979
1001,10907,1001.3746231845478,99778,92,60,164,54,59481,31320,0.9100302671931688,54,45,30037,31153,13294,7876,6357,10810,45431,36202,6791,2539,4824,2320,9298,4063,13538,4452,5195,179,801,19616,27704,5,33,3,2492,1137,87,4031
1002,10907,1002.2088180296672,99777,97,62,165,54,59495,31332,0.9102999689307155,52,42,30045,31129,13259,7854,6380,10857,45431,36202,6874,2586,4823,2320,9283,4063,13523,4475,5195,180,806,19575,27644,5,33,3,2529,1148,89,4083
1003,10907,1003.0427420543995,99777,96,59,165,54,59506,31341,0.9105004159275184,50,45,30062,31108,13221,7826,6404,10906,45431,36202,6956,2633,4823,2319,9261,4066,13501,4505,5193,180,815,19535,27589,5,33,3,2568,1163,90,4128
1004,10907,1004.2926951568644,99777,91,63,165,54,59516,31354,0.9107309299738416,60,43,30088,31105,13173,7795,6421,10938,45431,36202,7037,2680,4821,2317,9246,4068,13489,4521,5192,182,827,19505,27507,5,33,3,2596,1177,90,4198
1005,10907,1005.125314316406,99777,83,62,165,54,59524,31359,0.9108612205217635,60,42,30119,31101,13133,7764,6438,10975,45431,36202,7116,2727,4821,2317,9230,4067,13474,4547,5190,181,831,19471,27453,5,33,3,2625,1191,93,4245
1006,10907,1006.3729284570198,99777,86,70,165,54,59539,31375,0.911171913366808,62,36,30167,31103,13072,7728,6446,11007,45431,36202,7194,2774,4821,2316,9209,4070,13465,4564,5188,181,836,19434,27393,5,32,4,2659,1208,95,4297
1007,10907,1007.2033890096936,99777,82,72,165,54,59548,31388,0.9113924050632911,68,33,30183,31090,13034,7698,6466,11051,45431,36202,7271,2821,4820,2316,9189,4072,13455,4584,5185,182,841,19393,27339,5,32,4,2693,1226,98,4343
1008,10907,1008.0335067200552,99776,76,68,165,55,59562,31394,0.9116019884541373,66,36,30207,31076,12994,7670,6490,11093,45431,36202,7347,2868,4819,2316,9173,4075,13443,4607,5181,183,852,19354,27279,5,32,4,2727,1237,99,4390
1009,10907,1009.2776120403196,99776,82,69,165,55,59588,31402,0.9119427517639512,51,34,30255,31093,12943,7633,6502,11114,45431,36202,7422,2915,4816,2316,9151,4077,13430,4631,5179,186,859,19316,27222,5,32,4,2758,1256,99,4439
1010,10907,1010.1060366824701,99776,84,72,165,55,59597,31409,0.9121031109685696,57,30,30276,31079,12892,7608,6524,11154,45431,36202,7496,2962,4813,2316,9135,4078,13415,4650,5178,189,855,19281,27171,5,32,4,2791,1270,104,4489
1011,10907,1011.3473090616837,99776,81,78,165,55,59612,31421,0.9123737171263631,66,26,30316,31089,12832,7576,6538,11174,45431,36202,7569,3009,4812,2316,9119,4080,13393,4680,5175,190,863,19247,27116,5,32,4,2821,1283,106,4534
1012,10907,1012.1738923038715,99776,92,70,165,55,59629,31424,0.9125741661321359,64,30,30324,31069,12788,7559,6565,11215,45431,36202,7641,3056,4811,2316,9109,4080,13384,4698,5175,191,865,19211,27055,5,32,4,2850,1292,109,4589
1013,10907,1013.0001247066732,99776,98,63,165,55,59647,31427,0.9127846375881976,54,31,30349,31066,12758,7536,6574,11247,45431,36202,7712,3103,4809,2314,9094,4083,13366,4720,5173,193,868,19183,26996,5,32,4,2875,1307,114,4640
1014,10907,1014.238250595771,99776,92,64,165,55,59662,31437,0.9130351988454137,56,33,30387,31075,12707,7508,6591,11263,45431,36202,7782,3150,4807,2314,9075,4083,13352,4749,5173,195,876,19152,26935,5,32,4,2898,1319,116,4691
1015,10907,1015.0627676538635,99776,88,67,165,55,59671,31445,0.9132055805003207,63,34,30396,31069,12665,7486,6621,11287,45431,36202,7851,3197,4805,2312,9058,4082,13335,4772,5173,197,879,19117,26888,5,32,4,2930,1336,119,4732
1016,10907,1016.2988158044792,99776,94,74,165,55,59690,31460,0.9135463438101347,63,29,30437,31088,12598,7450,6641,11302,45431,36202,7918,3244,4805,2312,9041,4082,13324,4793,5173,197,889,19072,26838,5,32,4,2968,1350,119,4772
1017,10907,1017.1217797986939,99776,100,71,165,55,59703,31467,0.9137467928159076,58,25,30458,31095,12560,7427,6657,11325,45431,36202,7984,3291,4804,2312,9024,4083,13313,4810,5172,198,893,19038,26783,5,32,4,2998,1365,122,4820
1018,10907,1018.3552587238784,99776,93,68,165,55,59715,31475,0.9139472418216805,64,31,30518,31122,12503,7393,6655,11329,45431,36202,8049,3338,4803,2310,9006,4086,13305,4828,5171,199,903,19011,26715,5,32,4,3020,1378,123,4877
1019,10907,1019.1763219884741,99776,87,65,165,55,59731,31477,0.9141276459268762,59,38,30541,31126,12469,7358,6677,11356,45431,36202,8113,3385,4802,2308,8993,4085,13293,4854,5171,200,909,18977,26663,5,32,4,3047,1387,124,4922
1020,10907,1020.4067488595057,99776,93,70,165,55,59750,31488,0.9144283194355356,58,38,30572,31146,12413,7322,6697,11367,45431,36202,8176,3432,4802,2307,8973,4085,13280,4872,5170,200,913,18943,26619,5,32,4,3079,1406,127,4959
1021,10907,1021.22616240624,99776,89,71,165,55,59760,31498,0.9146287684413086,61,36,30587,31141,12374,7298,6722,11397,45431,36202,8238,3478,4799,2306,8958,4086,13269,4891,5170,203,920,18911,26564,5,32,4,3106,1418,129,5005
1022,10907,1022.045307394268,99776,88,70,165,55,59770,31505,0.9147991500962155,67,36,30610,31145,12334,7277,6734,11415,45431,36202,8299,3524,4796,2305,8942,4086,13256,4910,5170,206,925,18871,26526,5,32,4,3141,1434,131,5036
1023,10907,1023.272838351642,99776,97,68,165,55,59790,31514,0.9150898011545863,71,41,30635,31185,12281,7247,6749,11402,45431,36202,8359,3570,4793,2305,8929,4086,13239,4933,5170,209,932,18844,26469,5,32,4,3165,1444,134,5083
1024,10907,1024.0905068944169,99776,100,74,165,55,59803,31526,0.9153403624118024,68,37,30647,31188,12248,7218,6770,11426,45431,36202,8418,3616,4791,2305,8914,4087,13224,4953,5169,211,933,18810,26428,5,32,4,3196,1457,139,5118
1025,10907,1025.3162130006335,99776,110,72,165,55,59824,31542,0.9157111930724824,63,29,30687,31212,12197,7197,6776,11433,45431,36202,8476,3662,4790,2305,8896,4087,13213,4973,5168,212,938,18773,26386,5,32,4,3229,1472,146,5147
1026,10907,1026.1324922288693,99776,103,72,165,55,59835,31549,0.915891597177678,66,31,30680,31229,12178,7164,6806,11447,45431,36202,8533,3708,4788,2303,8888,4090,13194,4995,5167,214,949,18740,26336,5,32,4,3259,1480,149,5183
1027,10907,1027.3566990537436,99776,114,68,165,55,59862,31556,0.916232360487492,63,30,30705,31259,12130,7140,6821,11446,45431,36202,8589,3754,4787,2303,8871,4089,13193,5009,5166,215,953,18703,26285,5,32,4,3288,1495,153,5225
1028,10907,1028.1723341345241,99776,115,70,165,55,59873,31565,0.9164328094932649,67,25,30711,31261,12097,7124,6843,11463,45431,36202,8644,3800,4786,2303,8855,4090,13173,5031,5165,216,962,18674,26239,5,32,4,3316,1510,154,5261
1029,10907,1029.3952339698612,99776,125,62,165,55,59903,31574,0.9168236850545222,57,30,30745,31287,12055,7107,6851,11457,45431,36202,8699,3845,4786,2303,8834,4088,13173,5049,5165,216,974,18637,26188,5,32,4,3344,1524,155,5299
1030,10907,1030.2097939200992,99776,119,62,165,55,59912,31578,0.9169539769082745,62,33,30764,31295,12018,7083,6870,11470,45431,36202,8753,3890,4784,2303,8823,4085,13161,5069,5164,218,980,18609,26140,5,32,4,3369,1534,156,5340
1031,10907,1031.023888950569,99776,120,64,165,55,59923,31584,0.9171243585631815,60,35,30786,31287,11985,7070,6882,11487,45431,36202,8806,3935,4784,2302,8810,4087,13139,5095,5163,218,985,18577,26104,5,32,4,3398,1546,158,5369
1032,10907,1032.244236485055,99775,117,62,166,55,59941,31593,0.9174041593585568,57,42,30809,31311,11952,7045,6897,11483,45431,36202,8858,3980,4780,2300,8804,4088,13124,5117,5162,222,994,18546,26052,5,32,4,3424,1551,159,5411
1033,10907,1033.0572742205711,99775,119,61,166,55,59957,31600,0.9176346780255575,54,40,30809,31319,11934,7019,6916,11504,45431,36202,8909,4025,4779,2300,8790,4090,13100,5148,5160,223,998,18516,26019,5,32,4,3448,1564,162,5437
1034,10907,1034.2763467219295,99775,121,66,166,55,59973,31610,0.9178952643447758,53,40,30848,31353,11890,6982,6920,11502,45431,36202,8959,4070,4778,2299,8782,4092,13090,5164,5158,224,1005,18489,25967,5,32,4,3472,1571,162,5481
1035,10907,1035.08815567292,99775,114,63,166,55,59978,31615,0.9179954898521674,56,42,30877,31357,11848,6971,6937,11510,45431,36202,9008,4114,4778,2298,8766,4093,13084,5175,5157,224,1010,18464,25921,5,32,4,3495,1585,165,5519
1036,10907,1036.304714457587,99775,107,67,166,55,59991,31628,0.9182560761713856,59,37,30911,31395,11808,6946,6947,11498,45431,36202,9056,4158,4773,2298,8746,4093,13071,5197,5156,229,1014,18437,25881,5,32,4,3517,1602,169,5551
1037,10907,1037.1150383488018,99775,108,65,166,55,60001,31636,0.9184364820846905,65,38,30921,31399,11773,6935,6965,11506,45431,36202,9104,4202,4773,2295,8727,4096,13064,5211,5156,229,1019,18409,25842,5,32,4,3540,1619,171,5583
1038,10907,1038.3299068732395,99775,118,61,166,55,60024,31647,0.9187772488098221,59,36,30942,31442,11727,6907,6986,11497,45431,36202,9151,4246,4771,2295,8711,4097,13052,5233,5154,231,1023,18378,25805,5,32,4,3564,1633,177,5610
1039,10907,1039.1393244102962,99775,117,58,166,55,60037,31657,0.9190077674768229,61,29,30941,31468,11704,6889,7009,11499,45431,36202,9197,4290,4771,2294,8702,4098,13047,5247,5152,231,1032,18339,25764,5,32,4,3597,1641,181,5638
1040,10907,1040.3532141331455,99774,113,56,166,56,60050,31666,0.919237476697336,60,27,30975,31505,11672,6868,7012,11486,45431,36202,9242,4333,4769,2293,8691,4100,13037,5267,5150,232,1037,18312,25726,5,31,4,3620,1649,184,5667
1041,10907,1041.161904664958,99774,109,52,166,56,60058,31669,0.9193477258604446,61,28,30982,31507,11647,6854,7033,11501,45431,36202,9286,4376,4768,2291,8682,4102,13027,5285,5150,233,1040,18286,25685,5,30,5,3640,1656,186,5703
1042,10907,1042.3744194548392,99774,108,46,166,56,60076,31675,0.9195882694890453,57,31,31019,31544,11611,6822,7037,11499,45431,36202,9330,4419,4767,2288,8663,4108,13023,5302,5147,234,1045,18251,25650,5,30,5,3668,1669,189,5730
1043,10907,1043.1820202254496,99774,114,45,166,56,60088,31680,0.9197586545593041,53,34,31034,31554,11580,6802,7051,11507,45431,36202,9373,4462,4766,2288,8654,4108,13019,5312,5147,235,1047,18213,25613,5,30,5,3702,1676,191,5763
1044,10907,1044.392626755989,99774,109,53,166,56,60105,31693,0.9200593340950548,49,26,31072,31589,11540,6778,7062,11496,45431,36202,9415,4505,4765,2287,8642,4113,13007,5333,5142,236,1054,18185,25572,5,30,5,3726,1684,191,5797
1045,10907,1045.1989936661041,99774,96,48,166,56,60110,31698,0.9201595606069718,52,29,31086,31611,11516,6754,7082,11500,45431,36202,9456,4547,4763,2286,8630,4114,12999,5352,5141,238,1061,18151,25535,5,30,5,3753,1693,192,5826
1046,10907,1046.0049037836984,99774,96,46,166,56,60121,31703,0.9203199230260388,54,34,31088,31640,11496,6726,7098,11496,45431,36202,9497,4589,4761,2286,8614,4115,12992,5366,5139,240,1063,18123,25506,5,30,5,3777,1707,195,5850
1047,10907,1047.2135564465189,99774,84,50,166,56,60133,31713,0.9205404213522561,60,31,31131,31701,11456,6678,7101,11482,45431,36202,9537,4631,4761,2283,8606,4119,12981,5387,5136,240,1070,18092,25469,5,30,5,3802,1713,197,5878
1048,10907,1048.0185326475885,99774,81,53,166,56,60141,31721,0.9207007837713231,58,31,31137,31727,11437,6654,7119,11477,45431,36202,9576,4673,4760,2283,8591,4119,12971,5402,5135,241,1075,18068,25433,5,30,5,3825,1725,197,5909
1049,10907,1049.225290529153,99774,82,57,166,56,60155,31731,0.9209413273999238,58,26,31186,31768,11383,6625,7123,11466,45431,36202,9615,4714,4760,2283,8579,4122,12955,5425,5131,241,1079,18049,25398,5,30,5,3839,1736,197,5940
1050,10907,1050.0288478681093,99774,77,59,166,56,60165,31739,0.9211217351213743,57,20,31210,31778,11351,6613,7137,11472,45431,36202,9653,4755,4760,2282,8569,4125,12942,5448,5128,241,1078,18019,25372,5,30,5,3864,1742,201,5963
1051,10907,1051.0892512840742,99774,76,61,166,56,60173,31745,0.921262052238058,52,16,31238,31798,11313,6587,7153,11480,45431,36202,9690,4796,4760,2282,8555,4125,12934,5459,5127,241,1082,17993,25342,5,30,5,3888,1756,202,5988
1052,10907,1052.1270941055932,99774,77,58,166,56,60185,31748,0.9214123920059334,47,16,31268,31811,11278,6570,7162,11487,45431,36202,9727,4837,4760,2281,8541,4127,12929,5474,5126,241,1085,17967,25305,5,30,5,3907,1767,202,6022
1053,10907,1053.0499112772804,99774,78,55,166,56,60197,31753,0.9215827770761922,52,20,31287,31842,11238,6543,7177,11482,45431,36202,9763,4877,4760,2280,8524,4128,12921,5490,5124,241,1091,17947,25273,5,30,5,3924,1781,204,6046
1054,10907,1054.3703686274139,99774,72,53,166,56,60207,31762,0.9217732074488344,62,25,31338,31920,11192,6509,7168,11435,45431,36202,9798,4917,4758,2280,8511,4125,12927,5502,5123,243,1093,17915,25239,5,30,5,3946,1790,208,6074
1055,10907,1055.1700592408336,99774,80,54,166,56,60222,31766,0.9219636378214765,50,24,31372,31940,11145,6492,7185,11432,45431,36202,9833,4957,4758,2279,8500,4128,12913,5520,5121,243,1090,17889,25219,5,30,5,3969,1801,211,6093
1056,10907,1056.368138015645,99774,82,44,166,56,60240,31770,0.9221841361476938,46,27,31413,31979,11113,6475,7178,11417,45431,36202,9867,4997,4755,2279,8488,4129,12905,5537,5119,246,1096,17859,25186,5,30,5,3993,1811,213,6118
1057,10907,1057.1658944051114,99774,80,48,166,56,60251,31777,0.9223645438691442,40,24,31428,32011,11091,6453,7193,11406,45431,36202,9901,5036,4755,2279,8479,4131,12893,5554,5116,246,1102,17834,25158,5,30,5,4015,1819,214,6139
1058,10907,1058.0694089358553,99774,74,54,166,56,60256,31786,0.922504860985828,40,19,31440,32010,11070,6442,7208,11417,45431,36202,9934,5075,4755,2279,8468,4128,12891,5564,5115,246,1104,17812,25127,5,30,5,4037,1826,215,6167
1059,10907,1059.3131409307346,99774,72,44,166,56,60269,31793,0.9227053140096618,43,24,31494,32083,11013,6411,7210,11380,45431,36202,9966,5114,4753,2279,8457,4130,12885,5583,5111,247,1109,17786,25098,5,30,5,4056,1834,218,6188
1060,10907,1060.1091982849123,99774,67,38,166,56,60277,31794,0.922795517870387,45,27,31510,32099,10990,6397,7220,11381,45431,36202,9998,5153,4752,2279,8447,4131,12876,5597,5110,248,1113,17757,25070,5,30,5,4084,1841,222,6207
1061,10907,1061.3208526746405,99774,64,41,166,56,60286,31803,0.9229759255918375,45,21,31538,32150,10962,6374,7223,11356,45431,36202,10029,5191,4750,2279,8434,4130,12870,5610,5110,250,1118,17730,25040,5,30,5,4107,1852,223,6231
1062,10907,1062.0288231206446,99774,70,38,166,56,60296,31806,0.9231062200573296,37,24,31559,32182,10927,6354,7239,11344,45431,36202,10060,5229,4749,2279,8427,4130,12856,5626,5110,251,1123,17711,25010,5,30,5,4125,1858,224,6255
1063,10907,1063.220162717545,99774,74,33,166,56,60310,31811,0.9232966504299718,36,28,31614,32233,10867,6330,7241,11318,45431,36202,10090,5267,4749,2279,8415,4130,12845,5643,5109,251,1129,17686,24984,5,30,5,4146,1869,226,6273
1064,10907,1064.0132267428903,99774,76,35,166,56,60318,31815,0.9234169222442721,34,26,31628,32263,10835,6301,7259,11317,45431,36202,10120,5304,4749,2279,8404,4129,12837,5655,5109,251,1131,17667,24958,5,30,5,4164,1878,227,6296
1065,10907,1065.2017294964821,99774,70,39,166,56,60325,31822,0.9235572393609558,41,29,31673,32318,10788,6273,7260,11283,45431,36202,10149,5341,4749,2279,8398,4129,12825,5672,5108,251,1132,17647,24930,5,30,5,4182,1883,227,6322
1066,10907,1066.388820074606,99774,69,44,166,56,60334,31832,0.9237476697335979,45,24,31712,32366,10748,6248,7258,11260,45431,36202,10178,5378,4749,2279,8388,4129,12814,5690,5107,251,1134,17628,24902,5,30,5,4197,1891,230,6345
1067,10907,1067.1794379595287,99774,69,45,166,56,60347,31838,0.9239381001062401,39,22,31734,32383,10717,6236,7273,11256,45431,36202,10206,5415,4746,2278,8379,4132,12804,5706,5104,254,1132,17608,24878,5,30,5,4213,1899,234,6367
1068,10907,1068.3640996823146,99774,62,51,166,56,60352,31848,0.9240884398741155,43,20,31757,32399,10686,6216,7284,11256,45431,36202,10234,5451,4745,2278,8359,4135,12798,5719,5101,255,1137,17588,24856,5,30,5,4229,1916,234,6384
1069,10907,1069.077164262444,99774,68,45,166,56,60363,31850,0.9242187343396076,43,24,31795,32437,10634,6203,7292,11233,45431,36202,10261,5487,4745,2278,8353,4136,12790,5734,5100,255,1139,17568,24825,5,30,5,4242,1922,237,6410
1070,10907,1070.259811207661,99774,72,47,166,56,60383,31858,0.9244993685729749,33,23,31824,32504,10596,6168,7307,11200,45431,36202,10288,5523,4745,2278,8344,4135,12784,5749,5099,254,1141,17548,24797,5,30,5,4258,1929,243,6430
1071,10907,1071.0475335965302,99774,68,50,166,56,60386,31867,0.9246196403872753,43,22,31848,32534,10557,6153,7316,11183,45431,36202,10314,5559,4745,2277,8337,4137,12776,5762,5098,254,1145,17530,24768,5,30,5,4272,1935,244,6454
1072,10907,1072.228137225317,99773,71,45,167,56,60406,31874,0.9248995219147464,34,27,31888,32581,10520,6121,7318,11168,45431,36202,10340,5594,4744,2276,8328,4137,12767,5781,5097,255,1155,17510,24734,5,30,5,4287,1940,246,6476
1073,10907,1073.0143325646693,99773,71,47,167,56,60412,31879,0.9250097721828551,41,30,31895,32605,10488,6100,7336,11160,45431,36202,10366,5629,4744,2276,8319,4136,12757,5796,5097,255,1157,17485,24717,5,30,5,4308,1949,247,6490
1074,10907,1074.1928366091768,99773,67,49,167,56,60423,31889,0.925220249967426,44,30,31934,32639,10455,6084,7331,11140,45431,36202,10391,5664,4743,2275,8305,4137,12751,5813,5095,256,1162,17467,24691,5,30,5,4321,1959,248,6510
1075,10907,1075.369944583345,99773,65,47,167,56,60439,31897,0.9254607960069358,37,29,31989,32693,10423,6068,7317,11105,45431,36202,10416,5698,4741,2272,8296,4139,12744,5831,5095,258,1170,17452,24659,5,30,5,4331,1963,249,6533
1076,10907,1076.1537499396788,99773,69,48,167,56,60447,31904,0.9256111372816292,42,27,32006,32717,10384,6054,7330,11096,45431,36202,10440,5732,4739,2272,8286,4141,12738,5840,5093,260,1172,17439,24632,5,30,5,4343,1971,250,6557
1077,10907,1077.328342724311,99773,73,43,167,56,60462,31911,0.9258316378178465,43,26,32048,32773,10344,6035,7323,11065,45431,36202,10464,5766,4736,2272,8278,4141,12731,5852,5092,263,1180,17419,24603,5,30,5,4359,1979,252,6576
1078,10907,1078.1105836856063,99773,70,45,167,56,60468,31917,0.9259519108376013,45,27,32072,32799,10311,6019,7333,11052,45431,36202,10488,5800,4735,2271,8272,4143,12722,5866,5090,264,1181,17402,24580,5,30,5,4373,1984,253,6597
1079,10907,1079.282807552743,99773,66,47,167,56,60475,31925,0.9261022521122949,48,24,32109,32842,10277,5997,7331,11032,45431,36202,10511,5833,4732,2270,8268,4144,12713,5881,5089,267,1184,17382,24557,5,30,5,4388,1988,254,6616
1080,10907,1080.0635372928311,99773,64,45,167,56,60482,31930,0.9262225251320497,47,25,32124,32867,10255,5986,7341,11019,45431,36202,10534,5866,4730,2270,8258,4143,12705,5895,5089,269,1186,17367,24533,5,30,5,4401,1995,259,6633
1081,10907,1081.2338199157844,99773,66,41,167,56,60493,31933,0.926362843655097,46,32,32169,32916,10206,5958,7344,10995,45431,36202,10556,5899,4729,2268,8250,4144,12697,5912,5089,270,1188,17346,24515,5,30,5,4416,2001,261,6647
1082,10907,1082.0131472548837,99773,66,37,167,56,60498,31937,0.9264530484199132,47,31,32192,32954,10170,5946,7356,10974,45431,36202,10578,5932,4728,2268,8241,4144,12686,5927,5088,271,1190,17329,24495,5,30,5,4430,2010,261,6665
1083,10907,1083.1810479932412,99773,62,38,167,56,60507,31944,0.926613412446253,52,33,32223,33000,10133,5929,7361,10942,45431,36202,10600,5964,4724,2268,8237,4144,12674,5942,5088,275,1198,17311,24468,5,30,5,4446,2013,261,6684
1084,10907,1084.3477600438132,99773,72,37,167,56,60523,31951,0.9268439357341165,45,33,32252,33026,10102,5913,7360,10933,45431,36202,10621,5996,4723,2268,8226,4145,12673,5951,5087,276,1199,17289,24447,5,30,5,4462,2022,261,6704
1085,10907,1085.1250040279672,99773,73,36,167,56,60530,31953,0.9269341404989325,47,33,32273,33058,10073,5895,7365,10920,45431,36202,10642,6028,4723,2268,8219,4144,12666,5963,5086,276,1197,17275,24429,5,30,5,4473,2029,264,6721
1086,10907,1086.2898332906625,99773,67,37,167,56,60538,31960,0.9270844817736261,51,31,32318,33112,10037,5865,7358,10897,45431,36202,10663,6059,4722,2267,8209,4144,12659,5977,5085,277,1202,17255,24410,5,30,5,4490,2037,265,6734
1087,10907,1087.0654796297003,99773,67,38,167,56,60546,31963,0.9271947320417347,57,33,32338,33150,10002,5845,7367,10876,45431,36202,10683,6090,4720,2267,8201,4143,12660,5982,5085,279,1200,17236,24389,5,30,5,4506,2045,267,6753
1088,10907,1088.2278217695655,99773,73,41,167,56,60559,31975,0.9274453008328907,52,28,32394,33190,9956,5831,7356,10852,45431,36202,10703,6121,4719,2266,8196,4143,12654,5995,5084,280,1201,17226,24364,5,30,5,4512,2050,270,6773
1089,10907,1089.0016385348613,99773,75,45,167,56,60572,31981,0.9276357331141691,49,27,32404,33210,9930,5817,7373,10843,45431,36202,10723,6152,4718,2265,8193,4144,12648,6008,5082,281,1202,17207,24347,5,30,5,4527,2052,270,6789
1090,10907,1090.161580790546,99773,73,46,167,56,60579,31991,0.9278061198921552,46,19,32442,33236,9898,5804,7372,10837,45431,36202,10742,6182,4717,2264,8185,4148,12643,6018,5080,281,1205,17194,24321,5,30,5,4537,2058,273,6809
1091,10907,1091.310370032747,99773,72,45,167,56,60589,31996,0.9279564611668487,48,22,32478,33287,9862,5787,7371,10801,45431,36202,10761,6212,4716,2264,8180,4147,12642,6026,5079,282,1207,17173,24300,5,30,5,4556,2060,278,6823
1092,10907,1092.0821046842027,99773,76,46,167,56,60599,32002,0.9281168251931885,41,18,32484,33307,9847,5775,7383,10796,45431,36202,10780,6242,4715,2264,8168,4149,12638,6033,5078,282,1210,17156,24282,5,30,5,4571,2072,278,6837
1093,10907,1093.1045827754344,99773,74,42,167,56,60613,32004,0.9282771892195283,40,21,32509,33341,9827,5758,7381,10780,45431,36202,10798,6272,4712,2263,8161,4151,12637,6040,5077,285,1215,17134,24260,5,30,5,4589,2078,279,6852
1094,10907,1094.3168839577636,99773,69,43,167,56,60622,32011,0.9284375532458681,45,25,32542,33380,9796,5745,7379,10749,45431,36202,10816,6301,4711,2260,8156,4153,12636,6049,5077,286,1219,17114,24240,5,30,5,4605,2080,280,6867
