,indexID,time,N,Inf_L,Inf_H,Dead_L,Dead_H,cum_cases_L,cum_cases_H,cum_sum_per_N,Exposed_L,Exposed_H,Sus_L,Sus_H,Rec_nat_L,Rec_nat_H,Rec_vax_L,Rec_vax_H,vaccinatedH,vaccinatedL,boostedH,boostedL,count_Naive,count_Delta,count_Delta_vaccine,count_two,count_three,count_four,count_Omicron,count_Omicron_star,count_Omicron_star_vaccine,count_Omicron_vaccine,count_Vaccine,count_WT,count_WT_vaccine,count_WT_vaccine_boost,count_Omicron_vaccine_boost,count_Delta_vaccine_boost,count_Omicron_star_vaccine_boost,count_Vaccine_boost
0,8013,1.307892289024135,99996,6,6,0,0,6,6,0.00012000480019200768,19,19,49973,49973,0,0,0,0,0,0,0,0,99996,0,0,0,0,0,0,0,0,0,0,0,0,0,0,0,0,0
1,8013,2.0131683204167907,99996,15,14,0,0,17,16,0.0003300132005280211,9,11,49972,49971,2,2,0,0,0,0,0,0,99992,0,0,0,0,0,0,0,0,0,0,4,0,0,0,0,0,0
2,8013,3.0159621688622402,99996,15,15,0,0,20,18,0.0003800152006080243,10,11,49968,49969,5,3,0,0,0,0,0,0,99988,0,0,0,0,0,0,0,0,0,0,8,0,0,0,0,0,0
3,8013,4.037711980096461,99996,15,19,0,0,22,23,0.0004500180007200288,11,8,49965,49967,7,4,0,0,0,0,0,0,99985,0,0,0,0,0,0,0,0,0,0,11,0,0,0,0,0,0
4,8013,5.070688648223254,99996,18,20,0,0,28,27,0.0005500220008800352,6,8,49964,49963,10,7,0,0,0,0,0,0,99979,0,0,0,0,0,0,0,0,0,0,17,0,0,0,0,0,0
5,8013,6.015542665774386,99996,20,21,0,0,31,29,0.0006000240009600384,13,10,49954,49959,11,8,0,0,0,0,0,0,99977,0,0,0,0,0,0,0,0,0,0,19,0,0,0,0,0,0
6,8013,7.018709305053259,99996,19,23,0,0,31,33,0.000640025601024041,18,8,49949,49957,12,10,0,0,0,0,0,0,99974,0,0,0,0,0,0,0,0,0,0,22,0,0,0,0,0,0
7,8013,8.075046733108858,99996,20,22,0,0,34,36,0.0007000280011200448,18,9,49946,49953,14,14,0,0,0,0,0,0,99968,0,0,0,0,0,0,0,0,0,0,28,0,0,0,0,0,0
8,8013,9.039737777462529,99996,19,23,0,0,36,40,0.0007600304012160486,18,9,49945,49949,16,17,0,0,0,0,0,0,99962,0,0,0,0,0,0,0,0,0,0,34,0,0,0,0,0,0
9,8013,10.03388566675058,99996,21,23,0,0,40,41,0.0008100324012960519,17,9,49943,49949,17,17,0,0,0,0,0,0,99959,0,0,0,0,0,0,0,0,0,0,37,0,0,0,0,0,0
10,8013,11.02268618618273,99996,28,20,0,0,48,45,0.0009300372014880595,13,7,49939,49947,18,24,0,0,0,0,0,0,99951,0,0,0,0,0,0,0,0,0,0,45,0,0,0,0,0,0
11,8013,12.060210811310633,99996,29,20,0,0,53,46,0.0009900396015840634,16,10,49931,49943,22,25,0,0,0,0,0,0,99946,0,0,0,0,0,0,0,0,0,0,50,0,0,0,0,0,0
12,8013,13.045013864210299,99996,26,20,0,0,57,50,0.0010700428017120685,17,10,49926,49939,29,29,0,0,0,0,0,0,99935,0,0,0,0,0,0,0,0,0,0,61,0,0,0,0,0,0
13,8013,14.00765627573148,99996,24,17,0,0,63,52,0.0011500460018400735,15,11,49923,49936,36,34,0,0,0,0,0,0,99922,0,0,0,0,0,0,0,0,0,0,74,0,0,0,0,0,0
14,8013,15.14722252834939,99995,23,18,1,0,68,54,0.0012200610030501525,19,11,49914,49934,41,35,0,0,0,0,0,0,99915,0,0,0,0,0,0,0,0,0,0,80,0,0,0,0,0,0
15,8013,16.14358365718677,99995,25,17,1,0,71,56,0.0012700635031751588,20,13,49911,49930,41,38,0,0,0,0,0,0,99911,0,0,0,0,0,0,0,0,0,0,84,0,0,0,0,0,0
16,8013,17.052383453415413,99995,25,16,1,0,73,58,0.0013100655032751637,21,12,49908,49930,43,40,0,0,0,0,0,0,99906,0,0,0,0,0,0,0,0,0,0,89,0,0,0,0,0,0
17,8013,18.12622932618977,99995,28,18,1,0,81,63,0.00144007200360018,16,12,49905,49926,48,42,0,0,0,0,0,0,99898,0,0,0,0,0,0,0,0,0,0,97,0,0,0,0,0,0
18,8013,19.258481313919365,99995,31,18,1,0,87,65,0.00152007600380019,16,15,49899,49921,51,44,0,0,0,0,0,0,99893,0,0,0,0,0,0,0,0,0,0,102,0,0,0,0,0,0
19,8013,20.095687251777363,99995,33,20,1,0,93,69,0.0016200810040502024,14,15,49895,49917,55,46,0,0,0,0,0,0,99887,0,0,0,0,0,0,0,0,0,0,108,0,0,0,0,0,0
20,8013,21.035306723091896,99995,34,22,1,0,99,75,0.0017400870043502174,14,10,49890,49916,59,50,0,0,0,0,0,0,99878,0,0,0,0,0,0,0,0,0,0,117,0,0,0,0,0,0
21,8013,22.29284203723097,99995,30,19,1,0,104,75,0.0017900895044752237,19,13,49880,49914,68,52,0,0,0,0,0,0,99866,0,0,0,0,0,0,0,0,0,0,129,0,0,0,0,0,0
22,8013,23.072727883483733,99995,30,19,1,0,109,76,0.0018500925046252312,20,14,49874,49912,73,53,0,0,0,0,0,0,99860,0,0,0,0,0,0,0,0,0,0,135,0,0,0,0,0,0
23,8013,24.052618584178944,99995,30,17,1,0,113,79,0.0019200960048002401,18,13,49872,49911,77,57,0,0,0,0,0,0,99851,0,0,0,0,0,0,0,0,0,0,144,0,0,0,0,0,0
24,8013,25.109622897639316,99995,34,19,1,0,119,83,0.0020201010050502526,18,11,49866,49909,79,59,0,0,0,0,0,0,99847,0,0,0,0,0,0,0,0,0,0,148,0,0,0,0,0,0
25,8013,26.01105341188783,99995,31,19,1,0,121,84,0.002050102505125256,21,14,49862,49906,83,59,0,0,0,0,0,0,99841,0,0,0,0,0,0,0,0,0,0,154,0,0,0,0,0,0
26,8013,27.00820497064554,99995,34,19,1,0,127,85,0.002120106005300265,19,17,49858,49903,86,59,0,0,0,0,0,0,99837,0,0,0,0,0,0,0,0,0,0,158,0,0,0,0,0,0
27,8013,28.277077193212882,99995,36,22,1,0,138,92,0.0023001150057502875,15,15,49851,49899,95,62,0,0,0,0,0,0,99824,0,0,0,0,0,0,0,0,0,0,171,0,0,0,0,0,0
28,8013,29.046902175526807,99995,31,22,1,0,141,95,0.002360118005900295,16,15,49847,49897,103,64,0,0,0,0,0,0,99813,0,0,0,0,0,0,0,0,0,0,182,0,0,0,0,0,0
29,8013,30.1368140586615,99995,32,25,1,0,144,99,0.0024301215060753036,16,13,49846,49896,103,64,0,0,0,0,0,0,99810,0,0,0,0,0,0,0,0,0,0,185,0,0,0,0,0,0
30,8013,31.06230764145393,99995,38,27,1,0,154,104,0.0025801290064503225,13,12,49839,49892,107,67,0,0,0,0,0,0,99803,0,0,0,0,0,0,0,0,0,0,192,0,0,0,0,0,0
31,8013,32.147460342164166,99995,32,20,1,0,155,106,0.0026101305065253265,19,14,49832,49888,114,76,0,0,0,0,0,0,99787,0,0,0,0,0,0,0,0,0,0,208,0,0,0,0,0,0
32,8013,33.06813772455848,99994,28,20,1,1,157,108,0.0026501590095405723,22,15,49828,49885,119,77,0,0,0,0,0,0,99779,0,0,0,0,0,0,0,0,0,0,215,0,0,0,0,0,0
33,8013,34.014383603618015,99994,30,19,1,1,163,110,0.00273016380982859,18,16,49826,49882,123,80,0,0,0,0,0,0,99772,0,0,0,0,0,0,0,0,0,0,222,0,0,0,0,0,0
34,8013,35.141826241327664,99994,28,23,1,1,168,116,0.0028401704102246133,17,14,49822,49878,130,82,0,0,0,0,0,0,99763,0,0,0,0,0,0,0,0,0,0,231,0,0,0,0,0,0
35,8013,36.02485963328706,99994,24,18,1,1,171,119,0.0029001740104406264,20,14,49817,49875,136,90,0,0,0,0,0,0,99748,0,0,0,0,0,0,0,0,0,0,246,0,0,0,0,0,0
36,8013,37.045215624375366,99994,27,21,1,1,176,125,0.0030101806108366502,20,10,49814,49873,136,93,0,0,0,0,0,0,99743,0,0,0,0,0,0,0,0,0,0,251,0,0,0,0,0,0
37,8013,38.030671483261756,99994,31,17,1,1,184,128,0.003120187211232674,18,9,49810,49872,138,99,0,0,0,0,0,0,99732,0,0,0,0,0,0,0,0,0,0,262,0,0,0,0,0,0
38,8013,39.08098950786518,99994,35,19,1,1,192,131,0.0032301938116286975,15,9,49805,49869,142,100,0,0,0,0,0,0,99727,0,0,0,0,0,0,0,0,0,0,267,0,0,0,0,0,0
39,8013,40.13786692098025,99994,29,19,1,1,194,134,0.0032801968118087083,20,7,49799,49868,149,103,0,0,0,0,0,0,99716,0,0,0,0,0,0,0,0,0,0,278,0,0,0,0,0,0
40,8013,41.174621597606546,99994,30,17,1,1,199,135,0.0033402004120247214,19,7,49797,49867,151,106,0,0,0,0,0,0,99709,0,0,0,0,0,0,0,0,0,0,285,0,0,0,0,0,0
41,8013,42.10422925065895,99994,30,16,1,1,205,136,0.0034102046122767367,15,10,49797,49863,155,108,0,0,0,0,0,0,99701,0,0,0,0,0,0,0,0,0,0,293,0,0,0,0,0,0
42,8013,43.18905042909129,99994,30,16,1,1,207,137,0.003440206412384743,20,10,49790,49862,157,109,0,0,0,0,0,0,99698,0,0,0,0,0,0,0,0,0,0,296,0,0,0,0,0,0
43,8013,44.30850838457846,99994,28,17,1,1,208,139,0.0034702082124927498,24,10,49786,49860,159,110,0,0,0,0,0,0,99694,0,0,0,0,0,0,0,0,0,0,300,0,0,0,0,0,0
44,8013,45.19660566026722,99994,29,16,1,1,210,142,0.0035202112126727606,24,12,49784,49855,160,114,0,0,0,0,0,0,99689,0,0,0,0,0,0,0,0,0,0,305,0,0,0,0,0,0
45,8013,46.17588211427844,99994,27,19,1,1,215,146,0.00361021661299678,24,9,49781,49855,165,114,0,0,0,0,0,0,99681,0,0,0,0,0,0,0,0,0,0,313,0,0,0,0,0,0
46,8013,47.114879325442836,99994,31,20,1,1,220,150,0.0037002220133207993,24,6,49776,49855,166,116,0,0,0,0,0,0,99677,0,0,0,0,0,0,0,0,0,0,317,0,0,0,0,0,0
47,8013,48.31000585802165,99994,33,18,1,1,227,152,0.0037902274136448187,21,5,49773,49854,170,120,0,0,0,0,0,0,99668,0,0,0,0,0,0,0,0,0,0,326,0,0,0,0,0,0
48,8013,49.050275196098646,99994,33,17,1,1,230,153,0.0038302298137888272,24,7,49767,49851,173,122,0,0,0,0,0,0,99663,0,0,0,0,0,0,0,0,0,0,331,0,0,0,0,0,0
49,8013,50.026373512510425,99994,35,18,1,1,237,157,0.003940236414184851,22,8,49764,49846,176,125,0,0,0,0,0,0,99655,0,0,0,0,0,0,0,0,0,0,339,0,0,0,0,0,0
50,8013,51.11077887260768,99994,41,18,1,1,245,158,0.0040302418145088705,17,9,49762,49844,177,126,0,0,0,0,0,0,99652,0,0,0,0,0,0,0,0,0,0,342,0,0,0,0,0,0
51,8013,52.079024978744314,99994,42,21,1,1,250,161,0.004110246614796888,15,12,49759,49838,181,126,0,0,0,0,0,0,99648,0,0,0,0,0,0,0,0,0,0,346,0,0,0,0,0,0
52,8013,53.25533170406071,99994,39,24,1,1,257,167,0.004240254415264916,14,10,49753,49834,191,129,0,0,0,0,0,0,99635,0,0,0,0,0,0,0,0,0,0,359,0,0,0,0,0,0
53,8013,54.03402798116907,99994,38,24,1,1,262,170,0.004320259215552933,17,10,49747,49831,195,132,0,0,0,0,0,0,99626,0,0,0,0,0,0,0,0,0,0,368,0,0,0,0,0,0
54,8013,55.04468894005236,99994,36,22,1,1,266,171,0.004370262215732944,18,14,49742,49827,201,134,0,0,0,0,0,0,99617,0,0,0,0,0,0,0,0,0,0,377,0,0,0,0,0,0
55,8013,56.003570412014724,99994,34,14,1,1,269,171,0.00440026401584095,18,17,49741,49824,204,142,0,0,0,0,0,0,99604,0,0,0,0,0,0,0,0,0,0,390,0,0,0,0,0,0
56,8013,57.02817697714768,99994,36,14,1,1,278,176,0.004540272416344981,15,13,49735,49823,211,147,0,0,0,0,0,0,99593,0,0,1,0,0,0,0,0,0,0,400,0,0,0,0,0,0
57,8013,58.099371945319355,99994,34,12,1,1,281,177,0.00458027481648899,19,14,49728,49821,216,150,0,0,0,0,0,0,99585,0,0,1,0,0,0,0,0,0,0,408,0,0,0,0,0,0
58,8013,59.029957094262194,99994,34,18,1,1,287,183,0.004700282016921015,15,11,49726,49818,222,150,0,0,0,0,0,0,99579,0,0,1,0,0,0,0,0,0,0,414,0,0,0,0,0,0
59,8013,60.19634850794739,99994,26,16,1,1,288,184,0.0047202832169930195,19,14,49723,49814,229,153,0,0,0,0,0,0,99567,0,0,1,0,0,0,0,0,0,0,426,0,0,0,0,0,0
60,8013,61.089777776785155,99994,25,17,1,1,293,187,0.004800288017281037,17,14,49720,49812,235,154,0,0,0,0,0,0,99559,0,0,1,0,0,0,0,0,0,0,434,0,0,0,0,0,0
61,8013,62.082013334898996,99994,25,18,1,1,299,189,0.004880292817569054,16,15,49716,49810,240,154,0,0,0,0,0,0,99552,0,0,1,0,0,0,0,0,0,0,441,0,0,0,0,0,0
62,8013,63.29365544522739,99994,27,18,1,1,304,193,0.004970298217893074,13,13,49714,49809,243,157,0,0,0,0,0,0,99545,0,0,1,0,0,0,0,0,0,0,448,0,0,0,0,0,0
63,8013,64.17649332445147,99994,28,20,1,1,307,198,0.005050303018181091,16,12,49711,49805,242,160,0,0,0,0,0,0,99540,0,0,1,0,0,0,0,0,0,0,453,0,0,0,0,0,0
64,8013,65.04711581030953,99994,31,21,1,1,315,200,0.005150309018541113,17,13,49702,49803,247,160,0,0,0,0,0,0,99534,0,0,1,0,0,0,0,0,0,0,459,0,0,0,0,0,0
65,8013,66.01337500609745,99994,36,19,1,1,321,203,0.005240314418865132,15,12,49698,49801,248,165,0,0,0,0,0,0,99528,0,0,1,0,0,0,0,0,0,0,465,0,0,0,0,0,0
66,8013,67.00082565674516,99994,31,17,1,1,321,205,0.005260315618937137,17,11,49698,49800,251,169,0,0,0,0,0,0,99519,0,0,1,0,0,0,0,0,0,0,474,0,0,0,0,0,0
67,8013,68.0051402063538,99994,33,19,1,1,325,208,0.0053303198191891514,16,10,49698,49798,250,170,0,0,0,0,0,0,99516,0,0,1,0,0,0,0,0,0,0,477,0,0,0,0,0,0
68,8013,69.03957972405806,99994,33,20,1,1,330,210,0.005400324019441166,17,11,49695,49797,252,169,0,0,0,0,0,0,99510,0,0,1,0,0,0,0,0,0,0,483,0,0,0,0,0,0
69,8013,70.07110315244108,99994,30,16,1,1,333,210,0.005430325819549173,19,14,49690,49796,258,171,0,0,0,0,0,0,99500,0,0,1,0,0,0,0,0,0,0,493,0,0,0,0,0,0
70,8013,71.30678219027777,99994,26,18,1,1,336,212,0.005480328819729183,25,14,49682,49794,264,171,0,0,0,0,0,0,99493,0,0,1,0,0,0,0,0,0,0,500,0,0,0,0,0,0
71,8013,72.09151132372497,99994,25,21,1,1,340,216,0.005560333620017201,28,13,49676,49791,268,172,0,0,0,0,0,0,99487,0,0,1,0,0,0,0,0,0,0,506,0,0,0,0,0,0
72,8013,73.03054577777594,99994,30,19,1,1,347,219,0.005660339620377223,28,13,49670,49790,269,175,0,0,0,0,0,0,99480,0,0,1,0,0,0,0,0,0,0,513,0,0,0,0,0,0
73,8013,74.07533127295129,99994,27,18,1,1,350,222,0.005720343220593236,29,14,49666,49786,275,179,0,0,0,0,0,0,99470,0,0,1,0,0,0,0,0,0,0,523,0,0,0,0,0,0
74,8013,75.0320515062427,99994,34,23,1,1,359,228,0.005870352221133268,24,13,49663,49782,276,179,0,0,0,0,0,0,99467,0,0,1,0,0,0,0,0,0,0,526,0,0,0,0,0,0
75,8013,76.0589383999925,99994,34,22,1,1,362,231,0.005930355821349281,25,12,49660,49781,278,182,0,0,0,0,0,0,99460,0,0,1,0,0,0,0,0,0,0,533,0,0,0,0,0,0
76,8013,77.1374797773847,99994,32,24,1,1,371,234,0.006050363021781307,27,15,49649,49775,289,183,0,0,0,0,0,0,99448,0,0,1,0,0,0,0,0,0,0,545,0,0,0,0,0,0
77,8013,78.03325202405955,99994,32,23,1,1,373,236,0.006090365421925315,28,14,49647,49775,290,185,0,0,0,0,0,0,99443,0,0,1,0,0,0,0,0,0,0,550,0,0,0,0,0,0
78,8013,79.13136511405138,99994,34,22,1,1,382,241,0.006230373822429346,24,13,49643,49772,296,190,0,0,0,0,0,0,99430,0,0,1,0,0,0,0,0,0,0,563,0,0,0,0,0,0
79,8013,80.3253366190825,99994,36,21,1,1,387,244,0.006310378622717363,24,12,49639,49775,298,189,0,0,0,0,0,0,99423,0,0,1,0,0,0,0,0,0,0,570,0,0,0,0,0,0
80,8013,81.31242597083889,99994,39,19,1,1,391,244,0.006350381022861372,25,16,49634,49771,299,191,0,0,0,0,0,0,99420,0,0,1,0,0,0,0,0,0,0,573,0,0,0,0,0,0
81,8013,82.15005369336694,99994,42,18,1,1,396,246,0.006420385223113387,23,15,49632,49770,300,194,0,0,0,0,0,0,99415,0,0,1,0,0,0,0,0,0,0,578,0,0,0,0,0,0
82,8013,83.17171742044698,99994,46,15,1,1,402,247,0.006490389423365402,21,16,49628,49768,302,198,0,0,0,0,0,0,99409,0,0,1,0,0,0,0,0,0,0,584,0,0,0,0,0,0
83,8013,84.00484829745136,99994,46,17,1,1,407,250,0.006570394223653419,21,15,49623,49768,307,197,0,0,0,0,0,0,99403,0,0,1,0,0,0,0,0,0,0,590,0,0,0,0,0,0
84,8013,85.02331004859924,99994,40,19,1,1,413,256,0.006690401424085445,19,14,49619,49765,319,199,0,0,0,0,0,0,99387,0,0,1,0,0,0,0,0,0,0,606,0,0,0,0,0,0
85,8013,86.00847575556233,99994,39,18,1,1,416,259,0.006750405024301458,21,14,49615,49762,322,203,0,0,0,0,0,0,99379,0,0,1,0,0,0,0,0,0,0,614,0,0,0,0,0,0
86,8013,87.16371176805632,99994,39,21,1,1,420,265,0.006850411024661479,23,12,49610,49759,325,205,0,0,0,0,0,0,99372,0,0,1,0,0,0,0,0,0,0,621,0,0,0,0,0,0
87,8013,88.19652911451585,99994,38,21,1,1,425,268,0.006930415824949497,26,10,49603,49758,330,208,0,0,0,0,0,0,99363,0,0,1,0,0,0,0,0,0,0,630,0,0,0,0,0,0
88,8013,89.04736325220806,99994,39,19,1,1,431,269,0.007000420025201512,24,10,49599,49757,335,211,0,0,0,0,0,0,99355,0,0,1,0,0,0,0,0,0,0,638,0,0,0,0,0,0
89,8013,90.26842509493179,99994,39,17,1,1,442,271,0.0071304278256695405,26,11,49588,49755,344,214,0,0,0,0,0,0,99340,0,0,1,0,0,0,0,0,0,0,653,0,0,0,0,0,0
90,8013,91.22972690040663,99994,42,17,1,1,448,272,0.007200432025921555,23,10,49586,49756,346,214,0,0,0,0,0,0,99336,0,0,1,0,0,0,0,0,0,0,657,0,0,0,0,0,0
91,8013,92.3040119989869,99994,49,21,1,1,459,277,0.00736044162649759,19,9,49580,49753,349,214,0,0,0,0,0,0,99331,0,0,1,0,0,0,0,0,0,0,662,0,0,0,0,0,0
92,8013,93.00330356212143,99994,49,17,1,1,463,277,0.007400444026641599,22,12,49573,49750,353,218,0,0,0,0,0,0,99323,0,0,1,0,0,0,0,0,0,0,670,0,0,0,0,0,0
93,8013,94.04971918584975,99994,45,14,1,1,465,279,0.007440446426785607,23,11,49571,49749,358,223,0,0,0,0,0,0,99312,0,0,1,0,0,0,0,0,0,0,681,0,0,0,0,0,0
94,8013,95.21703776763754,99994,47,14,1,1,473,280,0.007530451827109627,27,11,49561,49748,362,224,0,0,0,0,0,0,99305,0,0,1,0,0,0,0,0,0,0,688,0,0,0,0,0,0
95,8013,96.00097089489087,99994,45,15,1,1,479,282,0.007610456627397644,23,10,49559,49747,370,225,0,0,0,0,0,0,99296,0,0,1,0,0,0,0,0,0,0,697,0,0,0,0,0,0
96,8013,97.10796731415729,99994,46,14,1,1,488,284,0.007720463227793668,24,11,49550,49745,377,227,0,0,0,0,0,0,99285,0,0,1,0,0,0,0,0,0,0,708,0,0,0,0,0,0
97,8013,98.17781990627677,99994,44,14,1,1,495,286,0.007810468628117687,25,12,49542,49743,386,228,0,0,0,0,0,0,99274,0,0,1,0,0,0,0,0,0,0,719,0,0,0,0,0,0
98,8013,99.14891585315047,99994,46,14,1,1,502,288,0.007900474028441707,24,13,49537,49741,390,229,0,0,0,0,0,0,99267,0,0,1,0,0,0,0,0,0,0,726,0,0,0,0,0,0
99,8013,100.1716915959137,99993,41,16,2,1,502,292,0.007940555838908724,30,11,49534,49739,391,231,0,0,0,0,0,0,99260,0,0,1,0,0,0,0,0,0,0,732,0,0,0,0,0,0
100,8013,101.23616757090842,99993,41,19,2,1,510,299,0.008090566339643775,36,6,49520,49737,399,235,0,0,0,0,0,0,99248,0,0,1,0,0,0,0,0,0,0,744,0,0,0,0,0,0
101,8013,102.11195312856465,99993,43,20,2,1,519,301,0.008200574040182812,35,6,49514,49735,404,236,0,0,0,0,0,0,99240,0,0,1,0,0,0,0,0,0,0,752,0,0,0,0,0,0
102,8013,103.16187013929111,99993,47,21,2,1,528,303,0.008310581740721851,30,7,49514,49732,405,237,0,0,0,0,0,0,99234,0,0,1,0,0,0,0,0,0,0,758,0,0,0,0,0,0
103,8013,104.03247393252244,99993,47,22,2,1,533,305,0.008380586641064874,30,13,49510,49726,409,236,0,0,0,0,0,0,99228,0,0,1,0,0,0,0,0,0,0,764,0,0,0,0,0,0
104,8013,105.17749800176843,99993,43,23,2,1,540,310,0.008500595041652915,31,8,49502,49728,420,238,0,0,0,0,0,0,99213,0,0,1,0,0,0,0,0,0,0,779,0,0,0,0,0,0
105,8013,106.06200552386004,99993,47,18,2,1,549,310,0.008590601342093947,39,11,49486,49727,424,241,0,0,0,0,0,0,99203,0,0,1,0,0,0,0,0,0,0,789,0,0,0,0,0,0
106,8013,107.21930113905577,99993,50,15,2,1,557,311,0.008680607642534978,33,14,49485,49723,428,245,0,0,0,0,0,0,99194,0,0,1,0,0,0,0,0,0,0,798,0,0,0,0,0,0
107,8013,108.11128988624384,99993,47,14,2,1,560,314,0.008740611842828998,37,14,49480,49722,432,247,0,0,0,0,0,0,99184,0,0,1,0,0,0,0,0,0,0,808,0,0,0,0,0,0
108,8013,109.00741783284754,99993,48,14,2,1,565,319,0.008840618843319032,38,13,49474,49720,436,250,0,0,0,0,0,0,99175,0,0,1,0,0,0,0,0,0,0,817,0,0,0,0,0,0
109,8013,110.19272724915957,99993,50,10,2,1,577,320,0.008970627943956077,34,15,49467,49717,445,255,0,0,0,0,0,0,99160,0,0,1,0,0,0,0,0,0,0,832,0,0,0,0,0,0
110,8013,111.00280247902258,99993,56,11,2,1,584,322,0.009060634244397108,38,13,49457,49717,445,256,0,0,0,0,0,0,99158,0,0,1,0,0,0,0,0,0,0,834,0,0,0,0,0,0
111,8013,112.0054010747702,99993,59,11,2,1,591,324,0.009150640544838138,35,14,49456,49715,446,257,0,0,0,0,0,0,99152,0,0,1,0,0,0,0,0,0,0,840,0,0,0,0,0,0
112,8013,113.09689457719928,99993,57,11,2,1,597,327,0.00924064684527917,40,13,49447,49713,452,260,0,0,0,0,0,0,99141,0,0,1,0,0,0,0,0,0,0,851,0,0,0,0,0,0
113,8013,114.05117316348486,99993,63,14,2,1,610,331,0.009410658746112228,41,14,49436,49708,456,261,0,0,0,0,0,0,99133,0,0,1,0,0,0,0,0,0,0,859,0,0,0,0,0,0
114,8013,115.0188646265266,99993,62,17,2,1,616,338,0.009540667846749272,43,16,49429,49703,462,261,0,0,0,0,0,0,99123,0,0,2,0,0,0,0,0,0,0,868,0,0,0,0,0,0
115,8013,116.03582491593214,99993,60,18,2,1,628,343,0.009710679747582331,42,15,49423,49699,471,265,0,0,0,0,0,0,99105,0,0,2,0,0,0,0,0,0,0,886,0,0,0,0,0,0
116,8013,117.05839880969005,99993,61,20,2,1,636,345,0.009810686748072365,40,17,49417,49695,478,265,0,0,0,0,0,0,99098,0,0,2,0,0,0,0,0,0,0,893,0,0,0,0,0,0
117,8013,118.19222910487434,99993,65,20,2,1,655,349,0.010040702849199444,38,21,49402,49688,491,268,0,0,0,0,0,0,99079,0,0,2,0,0,0,0,0,0,0,912,0,0,0,0,0,0
118,8013,119.02104788539123,99993,65,20,2,1,662,353,0.010150710549738482,38,18,49396,49687,497,272,0,0,0,0,0,0,99068,0,0,2,0,0,0,0,0,0,0,923,0,0,0,0,0,0
119,8013,120.10559656852281,99993,65,22,2,1,669,358,0.010270718950326522,38,18,49391,49682,502,275,0,0,0,0,0,0,99058,0,0,2,0,0,0,0,0,0,0,933,0,0,0,0,0,0
120,8013,121.18906830420012,99993,66,24,2,1,673,363,0.010360725250767554,43,14,49384,49682,503,277,0,0,0,0,0,0,99052,0,0,2,0,0,0,0,0,0,0,939,0,0,0,0,0,0
121,8013,122.24034710441636,99993,67,26,2,1,681,367,0.010480733651355595,44,16,49377,49676,508,279,0,0,0,0,0,0,99043,0,0,2,0,0,0,0,0,0,0,948,0,0,0,0,0,0
122,8013,123.11306391542419,99993,67,23,2,1,689,369,0.01058074065184563,48,16,49368,49677,513,281,0,0,0,0,0,0,99030,0,0,2,0,0,0,0,0,0,0,961,0,0,0,0,0,0
123,8013,124.11322474742906,99993,68,23,2,1,701,373,0.010740751852629684,48,18,49359,49672,521,284,0,0,0,0,0,0,99015,0,0,2,0,0,0,0,0,0,0,976,0,0,0,0,0,0
124,8013,125.05436491120204,99993,59,22,2,1,708,376,0.010840758853119718,50,19,49352,49668,535,288,0,0,0,0,0,0,98995,0,0,2,0,0,0,0,0,0,0,996,0,0,0,0,0,0
125,8013,126.15087757236579,99993,60,25,2,1,719,379,0.010980768653805767,52,20,49340,49665,544,287,0,0,0,0,0,0,98985,0,0,2,0,0,0,0,0,0,0,1006,0,0,0,0,0,0
126,8013,127.018034399803,99993,64,32,2,1,731,387,0.011180782654785835,50,14,49332,49664,550,287,0,0,0,0,0,0,98976,0,0,2,0,0,0,0,0,0,0,1015,0,0,0,0,0,0
127,8013,128.00445969200405,99993,75,30,2,1,750,391,0.011410798755912914,42,13,49323,49662,556,292,0,0,0,0,0,0,98962,0,0,2,0,0,0,0,0,0,0,1029,0,0,0,0,0,0
128,8013,129.09968841788103,99993,72,31,2,1,761,394,0.011550808556598962,47,14,49307,49659,570,293,0,0,0,0,0,0,98946,0,0,2,0,0,0,0,0,0,0,1045,0,0,0,0,0,0
129,8013,130.08149112988818,99993,72,33,2,1,775,399,0.011740821857530026,39,12,49301,49658,584,294,0,0,0,0,0,0,98929,0,0,2,0,0,0,0,0,0,0,1062,0,0,0,0,0,0
130,8013,131.1470337552833,99993,68,30,2,1,781,401,0.011820827457922055,47,17,49288,49652,593,298,0,0,0,0,0,0,98914,0,0,2,0,0,0,0,0,0,0,1077,0,0,0,0,0,0
131,8013,132.1309282096399,99993,74,29,2,1,802,404,0.012060844259098136,34,17,49281,49649,607,302,0,0,0,0,0,0,98895,0,0,2,0,0,0,0,0,0,0,1096,0,0,0,0,0,0
132,8013,133.1381109906752,99993,75,31,2,1,810,408,0.012180852659686178,33,19,49275,49643,613,304,0,0,0,0,0,0,98886,0,0,2,0,0,0,0,0,0,0,1105,0,0,0,0,0,0
133,8013,134.3311017417915,99993,74,27,2,1,824,414,0.012380866660666246,42,23,49254,49633,626,314,0,0,0,0,0,0,98862,0,0,3,0,0,0,0,0,0,0,1128,0,0,0,0,0,0
134,8013,135.32523469635092,99993,79,31,2,1,836,421,0.012570879961597312,44,23,49242,49626,631,317,0,0,0,0,0,0,98852,0,0,3,0,0,0,0,0,0,0,1138,0,0,0,0,0,0
135,8013,136.3195145593181,99993,74,34,2,1,848,427,0.012750892562479374,45,22,49231,49623,646,318,0,0,0,0,0,0,98832,0,0,3,0,0,0,0,0,0,0,1158,0,0,0,0,0,0
136,8013,137.29651643006167,99992,80,31,3,1,862,429,0.01291103288263061,45,22,49221,49621,649,323,0,0,0,0,0,0,98819,0,0,3,0,0,0,0,0,0,0,1170,0,0,0,0,0,0
137,8013,138.29122832723792,99992,73,35,3,1,870,434,0.013041043283462677,50,20,49212,49618,660,324,0,0,0,0,0,0,98803,0,0,3,0,0,0,0,0,0,0,1186,0,0,0,0,0,0
138,8013,139.21451013531674,99992,78,37,3,1,883,439,0.013221057684614769,45,18,49204,49615,668,327,0,0,0,0,0,0,98792,0,0,3,0,0,0,0,0,0,0,1197,0,0,0,0,0,0
139,8013,140.0724689841235,99992,86,39,3,1,896,445,0.013411072885830867,46,17,49191,49610,672,331,0,0,0,0,0,0,98783,0,0,3,0,0,0,0,0,0,0,1206,0,0,0,0,0,0
140,8013,141.1316226328844,99992,83,36,3,1,910,453,0.013631090487238979,47,17,49179,49604,686,340,0,0,0,0,0,0,98755,0,0,3,0,0,0,0,0,0,0,1234,0,0,0,0,0,0
141,8013,142.05482790475844,99992,86,36,3,1,923,456,0.013791103288263062,45,18,49170,49600,694,343,0,0,0,0,0,0,98742,0,0,3,0,0,0,0,0,0,0,1247,0,0,0,0,0,0
142,8013,143.12886967763066,99992,85,41,3,1,934,463,0.013971117689415153,52,17,49156,49595,702,344,0,0,0,0,0,0,98728,0,0,3,0,0,0,0,0,0,0,1261,0,0,0,0,0,0
143,8013,144.18890107038487,99992,78,37,3,1,949,469,0.014181134490759261,58,17,49140,49590,719,353,0,0,0,0,0,0,98696,0,0,3,0,0,0,0,0,0,0,1293,0,0,0,0,0,0
144,8013,145.20411766608765,99992,72,37,3,1,954,472,0.014261140891271302,59,18,49136,49587,728,355,0,0,0,0,0,0,98682,0,0,3,0,0,0,0,0,0,0,1307,0,0,0,0,0,0
145,8013,146.14678994948258,99992,79,39,3,1,970,476,0.014461156892551404,52,19,49129,49583,735,356,0,0,0,0,0,0,98671,0,0,3,0,0,0,0,0,0,0,1318,0,0,0,0,0,0
146,8013,147.0380902262489,99992,91,44,3,1,990,483,0.014731178494279542,47,20,49116,49576,741,357,0,0,0,0,0,0,98661,0,0,3,0,0,0,0,0,0,0,1328,0,0,0,0,0,0
147,8013,148.03477355580782,99992,93,47,3,1,1001,492,0.014931194495559645,46,22,49109,49566,747,362,0,0,0,0,0,0,98647,0,0,4,0,0,0,0,0,0,0,1341,0,0,0,0,0,0
148,8013,149.03150716560006,99992,90,48,3,1,1012,496,0.015081206496519721,49,30,49098,49556,758,363,0,0,0,0,0,0,98630,0,0,4,0,0,0,0,0,0,0,1358,0,0,0,0,0,0
149,8013,150.02837550519533,99992,87,47,3,1,1025,502,0.015271221697735819,49,27,49092,49553,767,370,0,0,0,0,0,0,98607,0,0,4,0,0,0,0,0,0,0,1381,0,0,0,0,0,0
150,8013,151.02541688949174,99992,89,47,3,1,1045,509,0.015541243299463957,48,30,49076,49544,782,376,0,0,0,0,0,0,98582,0,0,4,0,0,0,0,0,0,0,1406,0,0,0,0,0,0
151,8013,152.02276569987237,99992,100,52,3,1,1065,523,0.01588127050164013,43,24,49062,49540,790,381,0,0,0,0,0,0,98564,0,0,4,0,0,0,0,0,0,0,1424,0,0,0,0,0,0
152,8013,153.02035306776207,99992,96,49,3,1,1074,529,0.01603128250260021,52,25,49048,49534,799,389,0,0,0,0,0,0,98542,0,0,4,0,0,0,0,0,0,0,1446,0,0,0,0,0,0
153,8013,154.0182086996653,99992,96,48,3,1,1088,533,0.0162112969037523,55,34,49031,49521,813,394,0,0,0,0,0,0,98523,0,0,4,0,0,0,0,0,0,0,1465,0,0,0,0,0,0
154,8013,155.01632415290715,99992,88,47,3,1,1094,537,0.01631130490439235,61,35,49019,49516,827,399,0,0,0,0,0,0,98504,0,0,4,0,0,0,0,0,0,0,1484,0,0,0,0,0,0
155,8013,156.01471660375285,99992,88,48,3,1,1111,546,0.016571325706056485,53,33,49013,49509,841,407,0,0,0,0,0,0,98479,0,0,4,0,0,0,0,0,0,0,1509,0,0,0,0,0,0
156,8013,157.0133126507119,99992,84,50,3,1,1125,552,0.016771341707336587,49,29,49006,49508,856,410,0,0,0,0,0,0,98457,0,0,4,0,0,0,0,0,0,0,1531,0,0,0,0,0,0
157,8013,158.01214755795394,99992,82,52,3,1,1138,557,0.01695135610848868,57,32,48989,49501,867,412,0,0,0,0,0,0,98439,0,0,4,0,0,0,0,0,0,0,1549,0,0,0,0,0,0
158,8013,159.01122077150535,99992,94,57,3,1,1161,566,0.017271381710536843,50,27,48976,49499,875,414,0,0,0,0,0,0,98424,0,0,4,0,0,0,0,0,0,0,1564,0,0,0,0,0,0
159,8013,160.01051344675543,99992,89,59,3,1,1172,574,0.01746139691175294,51,22,48966,49497,889,419,0,0,0,0,0,0,98403,0,0,5,0,0,0,0,0,0,0,1584,0,0,0,0,0,0
160,8013,161.01006064916785,99992,91,56,3,1,1189,580,0.01769141531322506,47,20,48955,49494,902,427,0,0,0,0,0,0,98379,0,0,5,0,0,0,0,0,0,0,1608,0,0,0,0,0,0
161,8013,162.1978545404703,99992,99,56,3,1,1208,588,0.017961436914953197,48,19,48941,49490,907,432,0,0,0,0,0,0,98360,0,0,5,0,0,0,0,0,0,0,1627,0,0,0,0,0,0
162,8013,163.1476004473447,99992,96,48,3,1,1217,593,0.018101448115849267,48,20,48934,49484,917,445,0,0,0,0,0,0,98335,0,0,5,0,0,0,0,0,0,0,1652,0,0,0,0,0,0
163,8013,164.1073432979864,99992,93,49,3,1,1228,596,0.01824145931674534,49,25,48923,49476,930,447,0,0,0,0,0,0,98319,0,0,5,0,0,0,0,0,0,0,1668,0,0,0,0,0,0
164,8013,165.10779419018638,99992,90,52,3,1,1239,602,0.018411472917833425,44,25,48918,49472,943,448,0,0,0,0,0,0,98302,0,0,5,0,0,0,0,0,0,0,1685,0,0,0,0,0,0
165,8013,166.10842274119784,99991,93,46,4,1,1251,608,0.018591673250592553,47,30,48907,49461,947,460,0,0,0,0,0,0,98281,0,0,5,0,0,0,0,0,0,0,1705,0,0,0,0,0,0
166,8013,167.10920276584434,99991,92,47,4,1,1262,614,0.018761688551969677,51,36,48895,49449,956,465,0,0,0,0,0,0,98264,0,0,5,0,0,0,0,0,0,0,1722,0,0,0,0,0,0
167,8013,168.11019982779274,99991,87,47,4,1,1274,623,0.01897170745367083,54,34,48887,49446,966,470,0,0,0,0,0,0,98238,0,0,5,0,0,0,0,0,0,0,1748,0,0,0,0,0,0
168,8013,169.11137217154865,99991,93,50,4,1,1288,633,0.019211729055615006,56,38,48872,49435,973,474,0,0,0,0,0,0,98223,0,0,5,0,0,0,0,0,0,0,1763,0,0,0,0,0,0
169,8013,170.11275678806828,99991,89,51,4,1,1299,644,0.019431748857397166,70,37,48853,49426,982,483,0,0,0,0,0,0,98199,0,0,6,0,0,0,0,0,0,0,1786,0,0,0,0,0,0
170,8013,171.1144061701827,99991,91,53,4,1,1315,653,0.019681771359422347,70,38,48841,49419,992,487,0,0,0,0,0,0,98178,0,0,6,0,0,0,0,0,0,0,1807,0,0,0,0,0,0
171,8013,172.11627528573794,99991,87,51,4,1,1327,661,0.019881789361042495,71,39,48832,49410,1004,497,0,0,0,0,0,0,98153,0,0,7,0,0,0,0,0,0,0,1831,0,0,0,0,0,0
172,8013,173.11838077688967,99991,97,52,4,1,1348,672,0.020201818163634727,70,36,48814,49404,1013,505,0,0,0,0,0,0,98132,0,0,7,0,0,0,0,0,0,0,1852,0,0,0,0,0,0
173,8013,174.12074890038778,99990,97,57,5,1,1364,684,0.020482048204820483,74,30,48798,49400,1024,510,0,0,0,0,0,0,98109,0,0,7,0,0,0,0,0,0,0,1874,0,0,0,0,0,0
174,8013,175.12338099806,99990,104,59,5,1,1380,690,0.020702070207020702,73,31,48783,49394,1033,513,0,0,0,0,0,0,98096,0,0,7,0,0,0,0,0,0,0,1887,0,0,0,0,0,0
175,8013,176.12625020794061,99990,108,56,5,1,1405,699,0.02104210421042104,65,33,48768,49386,1052,522,0,0,0,0,0,0,98065,0,0,9,0,0,0,0,0,0,0,1916,0,0,0,0,0,0
176,8013,177.12942960460268,99990,116,48,5,1,1426,702,0.021282128212821282,64,36,48751,49384,1062,529,0,0,0,0,0,0,98041,0,0,9,0,0,0,0,0,0,0,1940,0,0,0,0,0,0
177,8013,178.13295164788624,99990,121,48,5,1,1449,711,0.021602160216021602,61,37,48733,49376,1078,536,0,0,0,0,0,0,98015,0,0,10,0,0,0,0,0,0,0,1965,0,0,0,0,0,0
178,8013,179.1368345560619,99990,119,52,5,1,1465,720,0.021852185218521853,66,41,48714,49365,1094,539,0,0,0,0,0,0,97992,0,0,10,0,0,0,0,0,0,0,1988,0,0,0,0,0,0
179,8013,180.14102292900276,99990,119,52,5,1,1480,729,0.02209220922092209,67,42,48702,49357,1105,546,0,0,0,0,0,0,97968,0,0,10,0,0,0,0,0,0,0,2012,0,0,0,0,0,0
180,8013,181.14542001053908,99990,118,61,5,1,1504,743,0.02247224722472247,64,38,48690,49351,1121,547,0,0,0,0,0,0,97938,0,0,10,0,0,0,0,0,0,0,2042,0,0,0,0,0,0
181,8013,182.1501011641727,99990,119,64,5,1,1522,754,0.022762276227622762,64,38,48675,49344,1135,551,0,0,0,0,0,0,97913,0,0,10,0,0,0,0,0,0,0,2067,0,0,0,0,0,0
182,8013,183.15505814115616,99990,116,68,5,1,1535,766,0.023012301230123013,77,40,48652,49332,1148,557,0,0,0,0,0,0,97889,0,0,10,0,0,0,0,0,0,0,2091,0,0,0,0,0,0
183,8013,184.16036287066078,99990,119,72,5,1,1559,779,0.023382338233823383,71,37,48641,49324,1162,564,0,0,0,0,0,0,97859,0,0,10,0,0,0,0,0,0,0,2121,0,0,0,0,0,0
184,8013,185.16594740402743,99990,136,77,5,1,1586,792,0.02378237823782378,76,38,48619,49311,1162,571,0,0,0,0,0,0,97841,0,0,10,0,0,0,0,0,0,0,2139,0,0,0,0,0,0
185,8013,186.1716812835484,99990,134,73,5,1,1597,803,0.024002400240024,80,39,48609,49299,1170,586,0,0,0,0,0,0,97813,0,0,10,0,0,0,0,0,0,0,2167,0,0,0,0,0,0
186,8013,187.17760743312178,99990,133,67,5,1,1614,807,0.02421242124212421,87,47,48590,49288,1183,595,0,0,0,0,0,0,97786,0,0,11,0,0,0,0,0,0,0,2193,0,0,0,0,0,0
187,8013,188.18388618398865,99990,128,71,5,1,1630,818,0.024482448244824484,87,49,48576,49277,1202,600,0,0,0,0,0,0,97758,0,0,11,0,0,0,0,0,0,0,2221,0,0,0,0,0,0
188,8013,189.1904610622171,99990,131,73,5,1,1650,830,0.024802480248024804,85,46,48559,49270,1218,608,0,0,0,0,0,0,97731,0,0,11,0,0,0,0,0,0,0,2248,0,0,0,0,0,0
189,8013,190.19738636319138,99990,130,71,5,1,1672,841,0.025132513251325133,85,52,48540,49258,1238,616,0,0,0,0,0,0,97696,0,0,12,0,0,0,0,0,0,0,2282,0,0,0,0,0,0
190,8013,191.20471618937486,99990,145,64,5,1,1697,849,0.025462546254625462,90,54,48517,49248,1241,631,0,0,0,0,0,0,97671,0,0,12,0,0,0,0,0,0,0,2307,0,0,0,0,0,0
191,8013,192.2123633780805,99990,149,68,5,1,1723,861,0.02584258425842584,77,55,48504,49236,1263,638,0,0,0,0,0,0,97641,0,0,12,0,0,0,0,0,0,0,2337,0,0,0,0,0,0
192,8013,193.2203392687208,99990,143,77,5,1,1739,877,0.02616261626162616,86,52,48484,49226,1280,642,0,0,0,0,0,0,97612,0,0,12,0,0,0,0,0,0,0,2366,0,0,0,0,0,0
193,8013,194.22860110837306,99990,143,79,5,1,1764,891,0.026552655265526554,86,49,48470,49217,1294,652,0,0,0,0,0,0,97575,0,0,12,0,0,0,0,0,0,0,2403,0,0,0,0,0,0
194,8013,195.23716297616832,99990,149,85,5,1,1793,900,0.026932693269326933,85,56,48446,49204,1313,652,0,0,0,0,0,0,97550,0,0,13,0,0,0,0,0,0,0,2427,0,0,0,0,0,0
195,8013,196.24610747663633,99990,151,79,5,1,1813,910,0.027232723272327234,79,55,48437,49197,1326,666,0,0,0,0,0,0,97516,0,0,13,0,0,0,0,0,0,0,2461,0,0,0,0,0,0
196,8013,197.25539175695195,99988,152,78,7,1,1832,918,0.027503300396047526,86,56,48415,49189,1338,674,0,0,0,0,0,0,97490,0,0,14,0,0,0,0,0,0,0,2484,0,0,0,0,0,0
197,8013,198.26499348890414,99988,149,82,7,1,1848,932,0.027803336400368046,94,58,48394,49173,1354,684,0,0,0,0,0,0,97462,0,0,15,0,0,0,0,0,0,0,2511,0,0,0,0,0,0
198,8013,199.27491266427546,99988,150,84,7,1,1874,947,0.02821338560627275,82,61,48388,49156,1371,696,0,0,0,0,0,0,97424,0,0,15,0,0,0,0,0,0,0,2549,0,0,0,0,0,0
199,8013,200.28509263802079,99988,149,89,7,1,1894,963,0.028573428811457375,83,62,48371,49143,1388,703,0,0,0,0,0,0,97393,0,0,16,0,0,0,0,0,0,0,2579,0,0,0,0,0,0
200,8013,201.29557082753726,99988,156,92,7,1,1914,976,0.028903468416209947,95,62,48345,49133,1395,710,0,0,0,0,0,0,97370,0,0,16,0,0,0,0,0,0,0,2602,0,0,0,0,0,0
201,8013,202.30639867072597,99987,150,99,8,1,1932,1003,0.02935381599607949,98,46,48331,49126,1411,726,0,0,0,0,0,0,97327,0,0,17,0,0,0,0,0,0,0,2643,0,0,0,0,0,0
202,8013,203.31759954709304,99987,151,96,8,1,1957,1016,0.029733865402502325,108,47,48305,49115,1426,739,0,0,0,0,0,0,97288,0,0,18,0,0,0,0,0,0,0,2681,0,0,0,0,0,0
203,8013,204.32921599088334,99987,163,100,8,1,1991,1029,0.030203926510446358,102,48,48282,49104,1443,745,0,0,0,0,0,0,97257,0,0,18,0,0,0,0,0,0,0,2712,0,0,0,0,0,0
204,8013,205.003845425375,99987,162,104,8,1,2000,1040,0.0304039525138268,115,46,48265,49097,1448,750,0,0,0,0,0,0,97240,0,0,18,0,0,0,0,0,0,0,2729,0,0,0,0,0,0
205,8013,206.01606782146615,99987,166,99,8,1,2031,1053,0.030844009721263763,101,50,48255,49083,1468,765,0,0,0,0,0,0,97196,0,0,19,0,0,0,0,0,0,0,2772,0,0,0,0,0,0
206,8013,207.02858947987295,99987,173,104,8,1,2059,1072,0.0313140708292078,104,53,48233,49062,1480,778,0,0,0,0,0,0,97161,0,0,19,0,0,0,0,0,0,0,2807,0,0,0,0,0,0
207,8013,208.0414702723669,99986,174,105,8,2,2088,1084,0.03172444142179905,103,50,48208,49058,1505,783,0,0,0,0,0,0,97122,0,0,19,0,0,0,0,0,0,0,2845,0,0,0,0,0,0
208,8013,209.0548917688778,99986,171,104,8,2,2115,1100,0.03215450163022823,106,47,48186,49047,1527,798,0,0,0,0,0,0,97076,0,0,20,0,0,0,0,0,0,0,2890,0,0,0,0,0,0
209,8013,210.06875396068253,99986,170,104,8,2,2143,1110,0.032534554837677275,103,50,48163,49037,1554,805,0,0,0,0,0,0,97039,0,0,22,0,0,0,0,0,0,0,2925,0,0,0,0,0,0
210,8013,211.08317305053683,99986,180,95,8,2,2179,1118,0.03297461644630248,109,51,48123,49033,1578,817,0,0,0,0,0,0,97000,0,0,26,0,0,0,0,0,0,0,2960,0,0,0,0,0,0
211,8013,212.09827879763364,99986,166,101,8,2,2199,1135,0.0333446682535555,116,47,48102,49025,1606,823,0,0,0,0,0,0,96955,0,0,26,0,0,0,0,0,0,0,3005,0,0,0,0,0,0
212,8013,213.113933963583,99986,173,99,8,2,2232,1150,0.033824735462964814,108,50,48083,49008,1626,839,0,0,0,0,0,0,96913,0,0,27,0,0,0,0,0,0,0,3046,0,0,0,0,0,0
213,8013,214.12994706202826,99986,175,91,8,2,2263,1155,0.0341847858700218,99,55,48073,48999,1643,851,0,0,0,0,0,0,96872,0,0,28,0,0,0,0,0,0,0,3086,0,0,0,0,0,0
214,8013,215.14628394916068,99986,170,86,8,2,2282,1174,0.03456483907747085,107,46,48048,48993,1665,871,0,0,0,0,0,0,96824,0,0,28,0,0,0,0,0,0,0,3134,0,0,0,0,0,0
215,8013,216.16314555031497,99986,177,89,8,2,2309,1189,0.034984897885704,102,48,48029,48980,1682,879,0,0,0,0,0,0,96793,0,0,29,0,0,0,0,0,0,0,3164,0,0,0,0,0,0
216,8013,217.18041309221087,99986,181,89,8,2,2340,1202,0.03542495949432921,101,49,48002,48969,1706,889,0,0,0,0,0,0,96754,0,0,30,0,0,0,0,0,0,0,3202,0,0,0,0,0,0
217,8013,218.19817067408684,99986,173,88,8,2,2359,1218,0.03577500850119017,116,43,47972,48960,1729,905,0,0,0,0,0,0,96710,0,0,30,0,0,0,0,0,0,0,3246,0,0,0,0,0,0
218,8013,219.21652512486855,99986,175,89,8,2,2384,1230,0.03614506030844318,116,48,47954,48944,1745,915,0,0,0,0,0,0,96677,0,0,31,0,0,0,0,0,0,0,3278,0,0,0,0,0,0
219,8013,220.23522668933967,99986,186,91,8,2,2423,1240,0.03663512891804853,100,58,47940,48930,1764,917,0,0,0,0,0,0,96642,0,0,32,0,0,0,0,0,0,0,3312,0,0,0,0,0,0
220,8013,221.25424448201693,99986,182,93,8,2,2442,1252,0.03694517232412538,111,59,47912,48921,1785,923,0,0,0,0,0,0,96610,0,0,33,0,0,0,0,0,0,0,3343,0,0,0,0,0,0
221,8013,222.27371639064373,99986,193,100,8,2,2474,1272,0.03746524513431881,109,68,47890,48896,1798,932,0,0,0,0,0,0,96577,0,0,34,0,0,0,0,0,0,0,3375,0,0,0,0,0,0
222,8013,223.29355563924932,99986,197,103,8,2,2499,1294,0.03793531094353209,126,62,47852,48882,1815,949,0,0,0,0,0,0,96537,0,0,34,0,0,0,0,0,0,0,3415,0,0,0,0,0,0
223,8013,224.3139608013719,99986,203,106,8,2,2531,1308,0.03839537535254936,126,66,47827,48867,1834,957,0,0,0,0,0,0,96500,0,0,34,0,0,0,0,0,0,0,3452,0,0,0,0,0,0
224,8013,225.33481155464477,99986,211,107,8,2,2564,1323,0.03887544256195868,126,62,47803,48862,1850,965,0,0,0,0,0,0,96461,0,0,34,0,0,0,0,0,0,0,3491,0,0,0,0,0,0
225,8013,226.01560506188946,99986,223,106,8,2,2588,1334,0.03922549156881963,125,62,47786,48853,1856,975,0,0,0,0,0,0,96437,0,0,34,0,0,0,0,0,0,0,3515,0,0,0,0,0,0
226,8013,227.0371262782317,99986,236,103,8,2,2624,1352,0.03976556717940512,127,63,47756,48836,1871,994,0,0,0,0,0,0,96393,0,0,34,0,0,0,0,0,0,0,3559,0,0,0,0,0,0
227,8013,228.0591278105283,99986,235,101,8,2,2655,1366,0.04021563018822635,127,66,47734,48821,1894,1008,0,0,0,0,0,0,96345,0,0,34,0,0,0,0,0,0,0,3607,0,0,0,0,0,0
228,8013,229.08162259898606,99986,227,109,8,2,2682,1387,0.04069569739763567,133,59,47713,48816,1917,1012,0,0,0,0,0,0,96298,0,0,35,0,0,0,0,0,0,0,3653,0,0,0,0,0,0
229,8013,230.10457853357025,99986,224,108,8,2,2704,1404,0.04108575200528074,147,60,47681,48800,1938,1028,0,0,0,0,0,0,96258,0,0,38,0,0,0,0,0,0,0,3690,0,0,0,0,0,0
230,8013,231.1280940940977,99986,226,116,8,2,2738,1423,0.04161582621567019,147,57,47653,48788,1964,1035,0,0,0,0,0,0,96215,0,0,38,0,0,0,0,0,0,0,3733,0,0,0,0,0,0
231,8013,232.15217595832198,99986,231,113,8,2,2782,1436,0.04218590602684376,140,59,47623,48779,1996,1045,0,0,0,0,0,0,96160,0,0,38,0,0,0,0,0,0,0,3788,0,0,0,0,0,0
232,8013,233.1769866112263,99986,238,105,8,2,2825,1450,0.042755985838017325,136,65,47587,48762,2029,1064,0,0,0,0,0,0,96102,0,0,38,0,0,0,0,0,0,0,3846,0,0,0,0,0,0
233,8013,234.20250728655563,99986,247,106,8,2,2866,1465,0.04331606424899486,123,66,47567,48749,2053,1075,0,0,0,0,0,0,96056,0,0,38,0,0,0,0,0,0,0,3892,0,0,0,0,0,0
234,8013,235.22847747948407,99986,235,107,8,2,2898,1482,0.0438061328586002,122,73,47544,48728,2089,1088,0,0,0,0,0,0,95997,0,0,39,0,0,0,0,0,0,0,3950,0,0,0,0,0,0
235,8013,236.2550679324678,99986,234,112,8,2,2931,1505,0.04436621126957774,118,68,47521,48714,2117,1102,0,0,0,0,0,0,95945,0,0,39,0,0,0,0,0,0,0,4002,0,0,0,0,0,0
236,8013,237.28221371655977,99985,225,125,8,3,2960,1529,0.04489673451017653,117,59,47499,48702,2149,1109,0,0,0,0,0,0,95896,0,0,39,0,0,0,0,0,0,0,4050,0,0,0,0,0,0
237,8013,238.30986306419925,99985,220,127,8,3,2989,1545,0.04534680202030304,128,57,47468,48693,2174,1118,0,0,0,0,0,0,95849,0,0,40,0,0,0,0,0,0,0,4096,0,0,0,0,0,0
238,8013,239.3381082990846,99985,243,120,8,3,3036,1563,0.04599689953493024,115,58,47440,48681,2192,1136,0,0,0,0,0,0,95802,0,0,42,0,0,0,0,0,0,0,4141,0,0,0,0,0,0
239,8013,240.0239197596911,99985,243,120,8,3,3054,1576,0.046306946041906286,135,55,47412,48672,2200,1148,0,0,0,0,0,0,95771,0,0,42,0,0,0,0,0,0,0,4172,0,0,0,0,0,0
240,8013,241.0531640937694,99982,231,122,10,4,3091,1592,0.04683843091756516,131,57,47386,48660,2240,1155,0,0,0,0,0,0,95709,0,0,43,0,0,0,0,0,0,0,4230,0,0,0,0,0,0
241,8013,242.08311389865156,99982,229,120,10,4,3128,1602,0.0473085155327959,132,59,47354,48656,2273,1159,0,0,0,0,0,0,95660,0,0,45,0,0,0,0,0,0,0,4277,0,0,0,0,0,0
242,8013,243.1137315524366,99982,233,113,10,4,3169,1612,0.047818607349322875,121,68,47333,48641,2301,1172,0,0,0,0,0,0,95607,0,0,46,0,0,0,0,0,0,0,4329,0,0,0,0,0,0
243,8013,244.14484680734557,99982,232,119,10,4,3189,1628,0.04817867216098898,126,70,47316,48628,2314,1177,0,0,0,0,0,0,95576,0,0,46,0,0,0,0,0,0,0,4360,0,0,0,0,0,0
244,8013,245.17631615935917,99982,242,117,10,4,3220,1651,0.048718769378488125,133,66,47290,48614,2323,1197,0,0,0,0,0,0,95531,0,0,47,0,0,0,0,0,0,0,4404,0,0,0,0,0,0
245,8013,246.20820379917038,99982,247,107,10,4,3256,1662,0.04918885399371887,134,70,47260,48602,2347,1215,0,0,0,0,0,0,95479,0,0,47,0,0,0,0,0,0,0,4456,0,0,0,0,0,0
246,8013,247.24065494754365,99980,240,112,12,4,3301,1682,0.04983996799359872,129,72,47227,48586,2390,1224,0,0,0,0,0,0,95413,0,0,48,0,0,0,0,0,0,0,4519,0,0,0,0,0,0
247,8013,248.27388670414564,99979,236,113,12,5,3331,1703,0.0503505736204603,145,66,47189,48574,2416,1240,0,0,0,0,0,0,95359,0,0,48,0,0,0,0,0,0,0,4572,0,0,0,0,0,0
248,8013,249.30786787748457,99979,248,109,12,5,3367,1720,0.050880684943838204,147,62,47161,48570,2430,1252,0,0,0,0,0,0,95315,0,0,49,0,0,0,0,0,0,0,4615,0,0,0,0,0,0
249,8013,250.34238996472914,99979,228,113,12,5,3394,1740,0.051350783664569556,153,69,47139,48550,2466,1261,0,0,0,0,0,0,95254,0,0,51,0,0,0,0,0,0,0,4674,0,0,0,0,0,0
250,8013,251.03240484719524,99979,222,111,12,5,3420,1749,0.0517008571800078,150,69,47121,48543,2493,1270,0,0,0,0,0,0,95211,0,0,51,0,0,0,0,0,0,0,4717,0,0,0,0,0,0
251,8013,252.06795532182684,99979,235,107,12,5,3464,1763,0.05228097900559117,141,74,47095,48530,2515,1282,0,0,0,0,0,0,95165,0,0,54,0,0,0,0,0,0,0,4760,0,0,0,0,0,0
252,8013,253.10406055984737,99979,238,103,12,5,3503,1776,0.05280108822852799,139,78,47072,48517,2537,1295,0,0,0,0,0,0,95113,0,0,55,0,0,0,0,0,0,0,4811,0,0,0,0,0,0
253,8013,254.14070627919173,99979,245,105,12,5,3546,1794,0.053411216355434644,121,76,47055,48504,2565,1308,0,0,0,0,0,0,95062,0,0,56,0,0,0,0,0,0,0,4861,0,0,0,0,0,0
254,8013,255.17782590625288,99979,245,108,12,5,3584,1818,0.054031346582782386,122,64,47021,48494,2598,1327,0,0,0,0,0,0,95004,0,0,57,0,0,0,0,0,0,0,4918,0,0,0,0,0,0
255,8013,256.2156503027397,99979,219,108,12,5,3605,1844,0.05450144530351374,135,56,46994,48484,2638,1345,0,0,0,0,0,0,94936,0,0,62,0,0,0,0,0,0,0,4981,0,0,0,0,0,0
256,8013,257.2542647273033,99979,224,106,12,5,3638,1861,0.05500155032556837,130,60,46977,48468,2655,1359,0,0,0,0,0,0,94893,0,0,66,0,0,0,0,0,0,0,5020,0,0,0,0,0,0
257,8013,258.29327499559435,99979,216,109,12,5,3676,1879,0.05556166795026956,121,58,46958,48455,2691,1371,0,0,0,0,0,0,94834,0,0,68,0,0,0,0,0,0,0,5077,0,0,0,0,0,0
258,8013,259.33290058175197,99979,231,105,12,5,3716,1891,0.05608177717320637,116,62,46932,48444,2707,1382,0,0,0,0,0,0,94794,0,0,69,0,0,0,0,0,0,0,5116,0,0,0,0,0,0
259,8013,260.02626078427255,99979,230,108,12,5,3734,1904,0.056391842286880246,129,58,46909,48437,2718,1390,0,0,0,0,0,0,94768,0,0,72,0,0,0,0,0,0,0,5139,0,0,0,0,0,0
260,8013,261.0667457314407,99979,237,116,12,5,3764,1925,0.05690194940937597,134,59,46881,48423,2734,1395,0,0,0,0,0,0,94732,0,0,72,0,0,0,0,0,0,0,5175,0,0,0,0,0,0
261,8013,262.1077183842876,99979,236,119,12,5,3797,1943,0.057412056531871695,146,60,46845,48409,2759,1405,0,0,0,0,0,0,94686,0,0,75,0,0,0,0,0,0,0,5218,0,0,0,0,0,0
262,8013,263.14931355255084,99979,230,119,12,5,3826,1964,0.057912161553926325,147,58,46825,48397,2784,1419,0,0,0,0,0,0,94632,0,0,77,0,0,0,0,0,0,0,5270,0,0,0,0,0,0
263,8013,264.19147596869595,99979,217,112,12,5,3855,1980,0.058362256073775494,154,69,46806,48381,2809,1431,0,0,0,0,0,0,94568,0,0,78,0,0,0,0,0,0,0,5333,0,0,0,0,0,0
264,8013,265.2340706310754,99979,219,110,12,5,3888,1995,0.05884235689494794,156,72,46785,48367,2826,1444,0,0,0,0,0,0,94521,0,0,79,0,0,0,0,0,0,0,5379,0,0,0,0,0,0
265,8013,266.27709072465666,99979,213,110,12,5,3915,2014,0.0593024535152382,158,68,46767,48355,2848,1460,0,0,0,0,0,0,94472,0,0,82,0,0,0,0,0,0,0,5425,0,0,0,0,0,0
266,8013,267.3205469128474,99979,214,103,12,5,3954,2024,0.05979255643685174,161,80,46740,48336,2871,1474,0,0,0,0,0,0,94421,0,0,86,0,0,0,0,0,0,0,5472,0,0,0,0,0,0
267,8013,268.0164694717672,99979,215,109,12,5,3977,2036,0.06014262995228998,154,82,46729,48323,2888,1479,0,0,0,0,0,0,94394,0,0,87,0,0,0,0,0,0,0,5498,0,0,0,0,0,0
268,8013,269.06078902688245,99979,227,112,12,5,4019,2058,0.06078276438051991,150,82,46707,48309,2902,1490,0,0,0,0,0,0,94348,0,0,90,0,0,0,0,0,0,0,5541,0,0,0,0,0,0
269,8013,270.10548605437293,99979,224,117,12,5,4052,2078,0.06131287570389782,154,83,46678,48291,2930,1502,0,0,0,0,0,0,94298,0,0,91,0,0,0,0,0,0,0,5590,0,0,0,0,0,0
270,8013,271.15077215663615,99979,230,126,12,5,4096,2102,0.061993018533892115,158,79,46647,48281,2951,1507,0,0,0,0,0,0,94245,0,0,91,0,0,0,0,0,0,0,5643,0,0,0,0,0,0
271,8013,272.1965997564977,99979,234,118,12,5,4131,2117,0.06249312355594675,157,84,46628,48262,2967,1529,0,0,0,0,0,0,94194,0,0,94,0,0,0,0,0,0,0,5691,0,0,0,0,0,0
272,8013,273.24287724317634,99979,230,129,12,5,4157,2149,0.06307324538153013,163,70,46609,48250,2984,1544,0,0,0,0,0,0,94144,0,0,95,0,0,0,0,0,0,0,5740,0,0,0,0,0,0
273,8013,274.28957666548655,99979,238,131,12,5,4198,2166,0.0636533672071135,166,88,46573,48216,3009,1558,0,0,0,0,0,0,94099,0,0,98,0,0,0,0,0,0,0,5782,0,0,0,0,0,0
274,8013,275.3368412277981,99979,246,133,12,5,4236,2187,0.06424349113313796,150,88,46563,48205,3027,1567,0,0,0,0,0,0,94053,0,0,101,0,0,0,0,0,0,0,5825,0,0,0,0,0,0
275,8013,276.0351960553258,99979,257,141,12,5,4268,2209,0.06478360455695696,146,86,46542,48190,3041,1576,0,0,0,0,0,0,94020,0,0,103,0,0,0,0,0,0,0,5856,0,0,0,0,0,0
276,8013,277.0831282683393,99979,251,144,12,5,4302,2231,0.06534372218165815,154,90,46513,48168,3068,1591,0,0,0,0,0,0,93963,0,0,105,0,0,0,0,0,0,0,5911,0,0,0,0,0,0
277,8013,278.1316437657242,99979,251,153,12,5,4339,2256,0.06596385240900589,166,88,46480,48152,3089,1600,0,0,0,0,0,0,93915,0,0,110,0,0,0,0,0,0,0,5954,0,0,0,0,0,0
278,8013,279.1807368821725,99979,254,160,12,5,4385,2285,0.06671400994208784,167,87,46449,48128,3116,1618,0,0,0,0,0,0,93853,0,0,113,0,0,0,0,0,0,0,6013,0,0,0,0,0,0
279,8013,280.2303986487586,99979,258,160,12,5,4430,2307,0.06738415067164104,158,93,46423,48110,3147,1630,0,0,0,0,0,0,93792,0,0,115,0,0,0,0,0,0,0,6072,0,0,0,0,0,0
280,8013,281.2806992507803,99979,258,159,12,5,4468,2326,0.06795427039678333,158,103,46395,48085,3175,1646,0,0,0,0,0,0,93737,0,0,118,0,0,0,0,0,0,0,6124,0,0,0,0,0,0
281,8013,282.3316658281037,99978,266,170,13,5,4515,2355,0.06871511732581168,164,93,46354,48079,3201,1651,0,0,0,0,0,0,93683,0,0,121,0,0,0,0,0,0,0,6174,0,0,0,0,0,0
282,8013,283.03272716971907,99978,273,175,13,5,4546,2375,0.06922522955050112,163,90,46330,48066,3219,1662,0,0,0,0,0,0,93644,0,0,121,0,0,0,0,0,0,0,6213,0,0,0,0,0,0
283,8013,284.08484995784767,99978,277,168,13,5,4592,2396,0.06989537698293624,167,86,46294,48055,3247,1684,0,0,0,0,0,0,93576,0,0,123,0,0,0,0,0,0,0,6279,0,0,0,0,0,0
284,8013,285.1376920032197,99978,278,171,13,5,4636,2416,0.07053551781391906,167,90,46266,48036,3274,1696,0,0,0,0,0,0,93517,0,0,124,0,0,0,0,0,0,0,6337,0,0,0,0,0,0
285,8013,286.19120327908144,99978,279,183,13,5,4674,2446,0.0712156674468383,181,92,46229,48009,3296,1709,0,0,0,0,0,0,93464,0,0,126,0,0,0,0,0,0,0,6388,0,0,0,0,0,0
286,8013,287.2453286715061,99978,312,172,13,5,4735,2464,0.07200584128508272,171,103,46190,47989,3312,1729,0,0,0,0,0,0,93409,0,0,128,0,0,0,0,0,0,0,6441,0,0,0,0,0,0
287,8013,288.30014086473807,99978,311,172,13,5,4790,2495,0.07286603052671588,167,93,46147,47973,3360,1755,0,0,0,0,0,0,93325,0,0,131,0,0,0,0,0,0,0,6522,0,0,0,0,0,0
288,8013,289.00392058390753,99978,316,158,13,5,4822,2505,0.07328612294704835,173,103,46113,47958,3383,1774,0,0,0,0,0,0,93276,0,0,133,0,0,0,0,0,0,0,6569,0,0,0,0,0,0
289,8013,290.06038120577466,99977,320,158,14,5,4872,2530,0.07403702851655881,164,104,46087,47939,3413,1792,0,0,0,0,0,0,93209,0,0,137,0,0,0,0,0,0,0,6631,0,0,0,0,0,0
290,8013,291.11747723627445,99977,314,164,14,5,4911,2559,0.07471718495253908,166,100,46064,47924,3440,1805,0,0,0,0,0,0,93149,0,0,143,1,0,0,0,0,0,0,6684,0,0,0,0,0,0
291,8013,292.17517482645127,99977,311,174,14,5,4957,2584,0.07542734829010672,166,95,46036,47911,3471,1813,0,0,0,0,0,0,93086,0,0,144,1,0,0,0,0,0,0,6746,0,0,0,0,0,0
292,8013,293.23352534573206,99977,299,169,14,5,4996,2612,0.07609750242555788,167,88,46014,47900,3504,1836,0,0,0,0,0,0,93004,0,0,146,1,0,0,0,0,0,0,6826,0,0,0,0,0,0
293,8013,294.2925303434136,99975,303,159,15,6,5042,2634,0.07677919479869967,175,94,45971,47876,3534,1863,0,0,0,0,0,0,92934,0,0,150,1,0,0,0,0,0,0,6890,0,0,0,0,0,0
294,8013,295.35243746241656,99975,308,167,15,6,5085,2663,0.07749937484371093,185,93,45931,47854,3559,1878,0,0,0,0,0,0,92878,0,0,153,1,0,0,0,0,0,0,6943,0,0,0,0,0,0
295,8013,296.05948666092485,99975,320,173,15,6,5128,2681,0.07810952738184546,168,95,45911,47837,3584,1887,0,0,0,0,0,0,92835,0,0,153,1,0,0,0,0,0,0,6986,0,0,0,0,0,0
296,8013,297.1205990954468,99975,313,169,15,6,5165,2703,0.07869967491872969,177,102,45880,47816,3613,1905,0,0,0,0,0,0,92770,0,0,158,1,0,0,0,0,0,0,7046,0,0,0,0,0,0
297,8013,298.1823992074991,99975,318,170,15,6,5211,2734,0.07946986746686671,180,96,45848,47793,3637,1933,0,0,0,0,0,0,92702,0,0,161,1,0,0,0,0,0,0,7111,0,0,0,0,0,0
298,8013,299.2448964282709,99975,314,168,15,6,5249,2759,0.08010002500625156,198,95,45808,47779,3663,1950,0,0,0,0,0,0,92635,0,0,163,1,0,0,0,0,0,0,7176,0,0,0,0,0,0
299,8013,300.3081501798663,99974,311,167,16,6,5295,2783,0.08080100826214816,193,95,45780,47761,3698,1969,0,0,0,0,0,0,92561,0,0,163,1,0,0,0,0,0,0,7249,0,0,0,0,0,0
300,8013,301.017376244453,99974,311,168,16,6,5331,2800,0.08133114609798547,181,95,45763,47749,3727,1980,0,0,0,0,0,0,92511,0,0,165,1,0,0,0,0,0,0,7297,0,0,0,0,0,0
301,8013,302.08188627213707,99974,301,177,16,6,5376,2825,0.08203132814531779,182,98,45729,47730,3770,1987,0,0,0,0,0,0,92444,0,0,169,1,0,0,0,0,0,0,7360,0,0,0,0,0,0
302,8013,303.1472687218238,99974,290,172,16,6,5414,2849,0.08265148938724068,195,99,45691,47717,3806,2004,0,0,0,0,0,0,92372,0,0,175,1,0,0,0,0,0,0,7426,0,0,0,0,0,0
303,8013,304.2134847680743,99974,304,165,16,6,5478,2880,0.08360173645147738,175,101,45664,47687,3839,2039,0,0,0,0,0,0,92284,0,0,175,1,0,0,0,0,0,0,7514,0,0,0,0,0,0
304,8013,305.280478969752,99974,304,176,16,6,5527,2905,0.08434192890151439,162,120,45644,47646,3872,2050,0,0,0,0,0,0,92223,0,0,177,1,0,0,0,0,0,0,7573,0,0,0,0,0,0
305,8013,306.34792104231315,99974,307,182,16,6,5569,2942,0.08513213435493228,171,112,45607,47623,3897,2075,0,0,0,0,0,0,92156,0,0,180,1,0,0,0,0,0,0,7637,0,0,0,0,0,0
306,8013,307.0599458253356,99974,301,190,16,6,5602,2962,0.0856622721907696,171,116,45590,47605,3920,2081,0,0,0,0,0,0,92107,0,0,182,1,0,0,0,0,0,0,7684,0,0,0,0,0,0
307,8013,308.12849336021634,99974,308,191,16,6,5646,2990,0.08638245943945426,165,116,45566,47585,3943,2100,0,0,0,0,0,0,92044,0,0,183,1,0,0,0,0,0,0,7746,0,0,0,0,0,0
308,8013,309.1976609527118,99973,322,191,16,7,5701,3023,0.08726356116151361,168,109,45524,47569,3968,2122,0,0,0,0,0,0,91972,0,0,185,1,0,0,0,0,0,0,7815,0,0,0,0,0,0
309,8013,310.2676115716511,99973,326,193,16,7,5745,3054,0.08801376371620337,175,117,45487,47541,3994,2140,0,0,0,0,0,0,91906,0,0,188,1,0,0,0,0,0,0,7878,0,0,0,0,0,0
310,8013,311.3382209273304,99973,334,189,16,7,5796,3090,0.0888839986796435,188,107,45443,47525,4017,2170,0,0,0,0,0,0,91828,0,0,193,1,0,0,0,0,0,0,7951,0,0,0,0,0,0
311,8013,312.05246874837036,99973,324,191,16,7,5829,3111,0.08942414451902013,185,104,45421,47518,4052,2178,0,0,0,0,0,0,91768,0,0,193,2,0,0,0,0,0,0,8010,0,0,0,0,0,0
312,8013,313.12464022540416,99972,320,195,17,7,5879,3143,0.09024526867522907,193,98,45380,47497,4088,2201,0,0,0,0,0,0,91693,0,0,200,2,0,0,0,0,0,0,8077,0,0,0,0,0,0
313,8013,314.19769657915657,99971,334,197,18,7,5945,3164,0.09111642376289124,181,114,45348,47472,4117,2208,0,0,0,0,0,0,91625,0,0,203,2,0,0,0,0,0,0,8141,0,0,0,0,0,0
314,8013,315.27145681835435,99971,326,216,18,7,5998,3204,0.09204669354112692,189,112,45307,47440,4158,2223,0,0,0,0,0,0,91544,0,0,204,2,0,0,0,0,0,0,8221,0,0,0,0,0,0
315,8013,316.3460752513331,99971,337,200,18,7,6054,3225,0.09281691690590271,189,121,45267,47417,4187,2253,0,0,0,0,0,0,91468,0,0,210,2,0,0,0,0,0,0,8291,0,0,0,0,0,0
316,8013,317.06295834314153,99969,327,197,20,7,6082,3243,0.09327891646410387,198,126,45236,47402,4217,2266,0,0,0,0,0,0,91415,0,0,216,2,0,0,0,0,0,0,8336,0,0,0,0,0,0
317,8013,318.13909774827033,99967,334,207,21,8,6133,3286,0.09422109296067703,201,116,45201,47373,4241,2294,0,0,0,0,0,0,91342,0,0,220,2,0,0,0,0,0,0,8403,0,0,0,0,0,0
318,8013,319.2159669649346,99967,330,202,21,8,6181,3308,0.09492132403693218,212,119,45161,47357,4274,2312,0,0,0,0,0,0,91271,0,0,228,2,0,0,0,0,0,0,8466,0,0,0,0,0,0
319,8013,320.2937367179068,99967,337,215,21,8,6237,3349,0.09589164424260006,208,115,45129,47330,4302,2329,1,1,1,1,0,0,91198,0,0,232,3,0,0,0,0,0,2,8532,0,0,0,0,0,0
320,8013,321.2449607523363,99966,341,211,21,9,6283,3377,0.09663285517075806,197,113,45107,47309,4330,2354,2,2,2,2,0,0,91126,0,0,236,3,0,0,0,0,0,4,8597,0,0,0,0,0,0
321,8013,322.3154242905397,99966,360,210,21,9,6333,3397,0.09733309325170558,186,117,45077,47292,4351,2367,3,3,3,3,0,0,91074,0,0,237,3,0,0,0,0,0,5,8646,1,0,0,0,0,0
322,8013,323.05902457289324,99966,360,199,21,9,6369,3413,0.09785327011183803,194,118,45042,47281,4377,2387,4,4,4,4,0,0,91016,0,0,243,3,0,0,0,0,0,6,8696,2,0,0,0,0,0
323,8013,324.0429004687682,99965,350,204,21,10,6412,3449,0.09864452558395438,193,114,45013,47259,4415,2405,6,6,6,6,0,0,90934,0,0,247,4,0,0,0,0,0,10,8768,2,0,0,0,0,0
324,8013,325.0260849417206,99964,346,192,21,11,6452,3466,0.099215717658357,192,121,44987,47246,4444,2420,8,8,8,8,0,0,90862,0,0,252,4,0,0,0,0,0,14,8830,2,0,0,0,0,0
325,8013,326.05283135380336,99964,359,190,21,11,6511,3493,0.10007602736985315,192,125,44945,47222,4471,2439,10,11,11,10,0,0,90786,0,0,256,4,0,0,0,0,0,19,8897,2,0,0,0,0,0
326,8013,327.03027184468203,99964,368,199,21,11,6565,3527,0.10095634428394222,197,125,44903,47190,4496,2459,13,14,14,13,0,0,90717,0,0,262,4,0,0,0,0,0,24,8954,3,0,0,0,0,0
327,8013,328.1504429855612,99964,364,199,21,11,6623,3557,0.1018366611980313,199,120,44858,47169,4540,2481,16,18,18,16,0,0,90626,0,0,270,4,0,0,0,0,0,31,9030,3,0,0,0,0,0
328,8013,329.03740036512033,99964,377,189,21,11,6682,3577,0.10262694570045217,179,125,44829,47151,4572,2499,20,23,23,20,0,0,90547,0,0,274,4,0,0,0,0,0,38,9096,5,0,0,0,0,0
329,8013,330.0414184570324,99964,378,201,21,11,6733,3604,0.10340722660157657,191,132,44773,47121,4611,2504,24,29,29,24,0,0,90477,0,0,279,4,0,0,0,0,0,48,9151,5,0,0,0,0,0
330,8013,331.1516968345214,99964,374,199,21,11,6812,3648,0.10463766956104198,180,140,44732,47077,4662,2535,29,36,36,29,0,0,90348,0,0,288,5,0,0,0,0,0,59,9258,6,0,0,0,0,0
331,8013,332.2396000004301,99963,360,202,21,12,6858,3687,0.10548903094144833,197,132,44683,47051,4704,2557,33,44,44,35,0,0,90244,0,0,292,5,0,0,0,0,0,71,9343,8,0,0,0,0,0
332,8013,333.3285871252928,99961,347,207,22,13,6900,3715,0.10619141465171417,216,135,44638,47025,4736,2566,39,52,53,41,0,0,90157,0,0,296,5,0,0,0,0,0,84,9409,10,0,0,0,0,0
333,8013,334.0551073049029,99961,354,210,22,13,6935,3741,0.10680165264453137,218,132,44611,47002,4747,2579,46,62,63,48,0,0,90097,0,0,302,5,0,0,0,0,0,99,9446,12,0,0,0,0,0
334,8013,335.14561451231333,99960,361,225,23,13,6991,3780,0.1077531012404962,212,131,44575,46960,4774,2596,53,73,74,56,0,0,90009,0,0,305,5,0,0,0,0,0,117,9511,13,0,0,0,0,0
335,8013,336.23696699056484,99960,349,238,23,13,7048,3824,0.10876350540216087,215,115,44529,46925,4821,2622,61,85,86,64,0,0,89895,0,0,310,5,0,0,0,0,0,136,9600,14,0,0,0,0,0
336,8013,337.3295485516432,99960,340,227,23,13,7108,3850,0.10962384953981592,212,124,44488,46888,4865,2647,70,99,100,73,0,0,89773,0,0,314,5,0,0,0,0,0,156,9695,17,0,0,0,0,0
337,8013,338.05856953159275,99960,361,222,23,13,7152,3867,0.11023409363745498,211,126,44447,46860,4876,2663,80,114,115,83,0,0,89704,0,0,314,5,0,0,0,0,0,180,9739,18,0,0,0,0,0
338,8013,339.1530758773263,99960,374,214,23,13,7218,3898,0.11120448179271708,206,127,44396,46820,4910,2693,89,131,132,94,0,0,89592,0,0,321,5,0,0,0,0,0,207,9816,19,0,0,0,0,0
339,8013,340.2488642591625,99960,374,215,23,13,7271,3930,0.1120548219287715,208,127,44348,46785,4944,2710,101,148,150,106,0,0,89489,0,0,325,6,0,0,0,0,0,232,9884,24,0,0,0,0,0
340,8013,341.3456971217912,99960,380,226,23,13,7332,3967,0.11303521408563426,223,124,44292,46746,4968,2721,112,168,170,118,0,0,89385,0,0,330,6,0,0,0,0,0,260,9951,28,0,0,0,0,0
341,8013,342.07752724469424,99960,391,222,23,13,7379,3986,0.11369547819127651,208,122,44257,46719,4994,2733,125,189,191,131,0,0,89300,0,0,335,6,0,0,0,0,0,291,9997,31,0,0,0,0,0
342,8013,343.1763218968271,99960,370,218,23,13,7426,4023,0.11453581432573029,220,123,44211,46666,5035,2766,139,212,214,145,0,0,89160,0,0,338,6,0,0,0,0,0,325,10097,34,0,0,0,0,0
343,8013,344.27641096460457,99960,387,215,23,13,7495,4066,0.115656262505002,210,126,44157,46608,5067,2800,154,236,239,160,0,0,89035,0,0,346,6,0,0,0,0,0,360,10174,39,0,0,0,0,0
344,8013,345.0105367245606,99960,388,203,23,13,7535,4080,0.11619647859143657,218,137,44105,46565,5094,2817,170,263,266,176,0,0,88936,0,0,350,6,0,0,0,0,0,398,10226,44,0,0,0,0,0
345,8013,346.1131813874631,99960,391,201,23,13,7592,4117,0.11713685474189676,219,136,44047,46521,5131,2837,187,290,295,193,0,0,88812,0,0,357,6,0,0,0,0,0,436,10297,52,0,0,0,0,0
346,8013,347.2172205532935,99960,387,207,23,13,7651,4152,0.11807723089235694,220,137,43993,46469,5170,2854,205,318,326,211,0,0,88682,0,0,363,6,0,0,0,0,0,480,10372,57,0,0,0,0,0
347,8013,348.3225805249496,99960,377,223,23,13,7701,4202,0.11907763105242097,255,127,43920,46408,5200,2877,223,350,359,230,0,0,88547,0,0,370,6,0,0,0,0,0,528,10448,61,0,0,0,0,0
348,8013,349.0603132783868,99960,399,223,23,13,7752,4228,0.11984793917567027,253,124,43877,46367,5204,2887,242,384,394,250,0,0,88446,0,0,376,6,0,0,0,0,0,580,10488,64,0,0,0,0,0
349,8013,350.16809703122357,99960,400,227,23,13,7822,4261,0.12087835134053622,250,134,43816,46307,5248,2898,261,419,431,271,0,0,88296,0,0,380,6,0,0,0,0,0,636,10576,66,0,0,0,0,0
350,8013,351.2772866051276,99960,415,227,23,13,7901,4292,0.12197879151660665,239,129,43766,46257,5274,2916,281,456,470,293,0,0,88155,0,0,387,6,0,0,0,0,0,689,10649,74,0,0,0,0,0
351,8013,352.0174591630709,99960,428,221,23,13,7954,4310,0.1226890756302521,241,137,43711,46194,5291,2937,304,496,511,316,0,0,88036,0,0,394,6,0,0,0,0,0,751,10697,76,0,0,0,0,0
352,8013,353.12913842626716,99960,427,222,23,13,8029,4343,0.12376950780312125,237,133,43646,46146,5339,2950,326,534,554,340,0,0,87880,0,0,402,8,0,0,0,0,0,809,10778,83,0,0,0,0,0
353,8013,354.24256293044704,99960,420,213,23,13,8086,4378,0.12468987595038016,251,125,43573,46092,5380,2979,351,576,599,365,0,0,87712,0,0,409,8,0,0,0,0,0,876,10869,86,0,0,0,0,0
354,8013,355.3578212292031,99960,439,213,23,13,8164,4415,0.12584033613445378,258,117,43495,46031,5408,3002,375,622,647,391,0,0,87554,0,0,414,8,0,0,0,0,0,943,10948,93,0,0,0,0,0
355,8013,356.1022791284007,99959,428,211,24,13,8201,4438,0.1264418411548735,270,114,43445,45974,5432,3017,399,669,697,418,0,0,87424,0,0,423,8,0,0,0,0,0,1009,10991,104,0,0,0,0,0
356,8013,357.22057595266847,99959,426,206,24,13,8268,4466,0.127392230814634,266,126,43393,45901,5465,3033,424,719,750,446,0,0,87253,0,0,430,8,0,0,0,0,0,1085,11074,109,0,0,0,0,0
357,8013,358.3402312442023,99959,446,217,24,13,8348,4505,0.12858271891475506,250,122,43323,45826,5502,3049,453,771,805,475,0,0,87096,0,0,437,8,0,0,0,0,0,1161,11140,117,0,0,0,0,0
358,8013,359.0875384960809,99959,457,220,24,13,8400,4529,0.12934303064256344,254,119,43258,45761,5523,3059,482,826,862,505,0,0,86965,0,0,442,8,0,0,0,0,0,1235,11179,130,0,0,0,0,0
359,8013,360.21038033778433,99959,446,228,24,13,8479,4565,0.13049350233595775,243,118,43202,45683,5573,3073,510,883,922,536,0,0,86775,0,0,449,11,0,0,0,0,0,1318,11270,136,0,0,0,0,0
360,8013,361.3349203844638,99957,435,227,26,13,8545,4609,0.13159658653220885,237,105,43145,45613,5617,3096,538,944,985,568,0,0,86579,0,0,456,11,0,0,0,0,0,1399,11362,150,0,0,0,0,0
361,8013,362.08554338768266,99957,440,221,26,13,8586,4627,0.13218684034134678,244,105,43091,45548,5627,3105,570,1006,1050,602,0,0,86440,0,0,459,12,0,0,0,0,0,1482,11399,165,0,0,0,0,0
362,8013,363.2131475119111,99957,431,218,26,13,8641,4652,0.13298718448933042,257,118,43012,45456,5669,3121,603,1072,1118,637,0,0,86266,0,0,467,13,0,0,0,0,0,1573,11462,176,0,0,0,0,0
363,8013,364.3426519935052,99957,431,220,26,13,8712,4693,0.1341076662965075,255,116,42937,45366,5710,3147,639,1136,1188,673,0,0,86069,0,0,475,13,0,0,0,0,0,1668,11545,187,0,0,0,0,0
364,8013,365.0968048885076,99957,435,209,26,13,8761,4709,0.1347579459167442,249,119,42877,45295,5735,3159,676,1203,1261,710,0,0,85903,0,0,479,13,0,0,0,0,0,1766,11597,199,0,0,0,0,0
365,8013,366.2298726193487,99956,427,212,27,13,8836,4741,0.13582976509664252,235,119,42810,45200,5787,3177,712,1277,1337,748,0,0,85705,0,0,490,14,0,0,0,0,0,1865,11668,214,0,0,0,0,0
366,8013,367.36500562719675,99955,407,201,28,13,8891,4771,0.1366815066780051,237,121,42751,45116,5827,3197,748,1350,1416,787,0,0,85493,0,0,497,14,0,0,0,0,0,1968,11754,229,0,0,0,0,0
367,8013,368.1228283290737,99955,419,207,28,13,8943,4793,0.13742183982792255,231,122,42689,45029,5843,3201,788,1426,1497,828,0,0,85337,0,0,502,14,0,0,0,0,0,2073,11783,246,0,0,0,0,0
368,8013,369.261398369261,99955,426,214,28,13,9018,4832,0.1385623530588765,233,107,42603,44945,5881,3214,827,1505,1581,870,0,0,85134,0,0,509,15,0,0,0,0,0,2184,11853,260,0,0,0,0,0
369,8013,370.0216739455751,99955,430,211,28,13,9070,4856,0.1393226952128458,227,99,42540,44859,5906,3227,867,1589,1668,913,0,0,84958,0,0,517,15,0,0,0,0,0,2293,11891,281,0,0,0,0,0
370,8013,371.164152628252,99955,424,197,28,13,9136,4881,0.14023310489720375,232,124,42466,44741,5939,3250,909,1673,1758,957,0,0,84738,0,0,524,18,0,0,0,0,0,2412,11970,293,0,0,0,0,0
371,8013,372.308625484496,99955,426,196,28,13,9202,4919,0.14127357310789856,221,114,42401,44650,5970,3272,952,1753,1850,1002,0,0,84525,0,0,533,18,0,0,0,0,0,2531,12037,311,0,0,0,0,0
372,8013,373.07267602063763,99955,421,183,28,13,9237,4932,0.1417537892051423,226,131,42340,44545,5989,3283,994,1843,1945,1049,0,0,84329,0,0,539,18,0,0,0,0,0,2667,12085,317,0,0,0,0,0
373,8013,374.22075133046474,99954,417,192,29,13,9303,4966,0.14275566760709926,229,133,42273,44428,6014,3295,1036,1937,2043,1097,0,0,84118,0,0,546,20,0,0,0,0,0,2793,12141,336,0,0,0,0,0
374,8013,375.3706425799989,99954,433,199,29,13,9384,5003,0.14393621065690218,205,132,42203,44312,6048,3309,1080,2033,2144,1146,0,0,83903,0,0,555,21,0,0,0,0,0,2923,12197,355,0,0,0,0,0
375,8013,376.1382481695407,99953,421,194,30,13,9416,5018,0.14440787169969885,222,136,42141,44210,6058,3316,1126,2129,2248,1196,0,0,83705,0,0,560,21,0,0,0,0,0,3062,12235,370,0,0,0,0,0
376,8013,377.29164885755927,99953,408,198,30,13,9466,5052,0.1452482666853421,245,130,42065,44111,6080,3319,1170,2227,2355,1248,0,0,83488,0,0,567,21,0,0,0,0,0,3193,12286,398,0,0,0,0,0
377,8013,378.0617039547783,99953,427,203,30,13,9518,5077,0.14601862875551508,234,126,42004,44011,6083,3314,1220,2331,2465,1301,0,0,83292,0,0,571,21,0,0,0,0,0,3340,12315,414,0,0,0,0,0
378,8013,379.2186930847773,99953,414,206,30,13,9577,5117,0.14700909427430892,235,129,41928,43889,6123,3323,1268,2438,2578,1355,0,0,83053,0,0,578,24,0,0,0,0,0,3480,12380,438,0,0,0,0,0
379,8013,380.37783483230453,99953,412,209,30,13,9639,5155,0.1480095644953128,239,118,41852,43779,6151,3341,1314,2538,2693,1410,0,0,82818,0,0,588,26,0,0,0,0,0,3629,12434,458,0,0,0,0,0
380,8013,381.1517826416935,99952,406,217,31,13,9685,5180,0.1487213862654074,229,111,41793,43676,6173,3337,1366,2644,2811,1467,0,0,82611,0,0,593,26,0,0,0,0,0,3772,12460,490,0,0,0,0,0
381,8013,382.314842724477,99952,416,215,31,13,9757,5211,0.14975188090283337,231,120,41702,43550,6200,3346,1418,2754,2932,1525,0,0,82364,0,0,601,26,0,0,0,0,0,3932,12520,509,0,0,0,0,0
382,8013,383.0914238876574,99952,418,216,31,13,9803,5234,0.1504422122618857,231,120,41621,43432,6225,3350,1472,2867,3056,1584,0,0,82148,0,0,609,27,0,0,0,0,0,4091,12545,532,0,0,0,0,0
383,8013,384.2589737744886,99952,419,222,31,13,9871,5267,0.15145269729470145,229,119,41551,43305,6242,3361,1526,2978,3183,1644,0,0,81898,0,0,613,27,1,0,0,0,0,4254,12603,556,0,0,0,0,0
384,8013,385.038477805613,99952,415,231,31,13,9918,5295,0.15220305746758445,230,110,41476,43193,6263,3353,1583,3098,3313,1705,0,0,81669,0,0,612,30,1,0,0,0,0,4415,12642,583,0,0,0,0,0
385,8013,386.21018502528136,99952,401,223,31,13,9975,5325,0.1530734752681287,246,108,41379,43054,6305,3378,1636,3222,3446,1768,0,0,81379,0,0,617,31,1,0,0,0,0,4602,12731,591,0,0,0,0,0
386,8013,387.38454253221516,99952,411,216,31,13,10042,5357,0.15406395069633425,242,104,41306,42924,6316,3394,1692,3347,3581,1832,0,0,81119,0,0,628,30,2,0,0,0,0,4777,12782,614,0,0,0,0,0
387,8013,388.1686454424888,99952,410,204,31,13,10090,5375,0.15472426764847128,236,108,41228,42793,6341,3406,1752,3474,3719,1897,0,0,80873,0,0,639,30,2,0,0,0,0,4955,12814,639,0,0,0,0,0
388,8013,389.3476557937948,99952,393,194,31,13,10156,5402,0.15565471426284616,225,117,41147,42649,6389,3425,1813,3600,3860,1963,0,0,80591,0,0,650,33,2,0,0,0,0,5131,12878,667,0,0,0,0,0
389,8013,390.1351817676154,99952,379,199,31,13,10192,5429,0.15628501680806786,219,112,41088,42511,6404,3430,1877,3733,4004,2031,0,0,80351,0,0,654,34,3,0,0,0,0,5305,12903,702,0,0,0,0,0
390,8013,391.3188215156588,99952,390,205,31,13,10262,5468,0.1573755402593245,204,105,41016,42379,6420,3431,1937,3865,4151,2100,0,0,80090,0,0,662,36,3,0,0,0,0,5485,12939,737,0,0,0,0,0
391,8013,392.10911844879155,99952,393,216,31,13,10300,5496,0.1580358572114615,197,101,40953,42245,6424,3424,2000,3999,4300,2170,0,0,79849,0,0,664,36,3,0,0,0,0,5676,12959,765,0,0,0,0,0
392,8013,393.29677983840713,99951,397,214,31,14,10361,5523,0.15891786975618052,200,101,40861,42107,6446,3428,2063,4134,4452,2241,0,0,79580,0,0,677,37,3,0,0,0,0,5873,12991,790,0,0,0,0,0
393,8013,394.08987410488834,99951,385,197,31,14,10392,5536,0.15935808546187633,223,111,40765,41955,6463,3441,2131,4280,4607,2313,0,0,79315,0,0,679,38,3,0,0,0,0,6068,13027,821,0,0,0,0,0
394,8013,395.28260858743664,99951,382,195,31,14,10448,5570,0.16025852667807225,221,111,40685,41799,6487,3451,2192,4428,4764,2387,0,0,79035,0,0,689,40,3,0,0,0,0,6265,13066,853,0,0,0,0,0
395,8013,396.07915184588444,99951,383,198,31,14,10495,5593,0.16095886984622465,215,110,40611,41647,6498,3454,2260,4575,4924,2462,0,0,78770,0,0,694,40,4,0,0,0,0,6470,13092,881,0,0,0,0,0
396,8013,397.2767847163282,99951,384,195,31,14,10558,5622,0.16187932086722495,206,104,40520,41507,6536,3464,2321,4714,5086,2538,0,0,78477,0,0,701,41,4,0,0,0,0,6677,13140,911,0,0,0,0,0
397,8013,398.0766806828102,99951,370,184,31,14,10597,5635,0.16239957579213815,200,107,40450,41356,6553,3466,2394,4871,5251,2615,0,0,78207,0,0,709,43,4,0,0,0,0,6880,13160,948,0,0,0,0,0
398,8013,399.2794391250714,99951,378,177,31,14,10669,5665,0.1634200758371602,192,104,40364,41214,6574,3476,2459,5013,5419,2693,0,0,77918,0,0,724,43,4,0,0,0,0,7083,13188,991,0,0,0,0,0
399,8013,400.08269197395936,99951,357,187,31,14,10707,5697,0.1641204190053126,197,94,40287,41052,6593,3478,2533,5173,5589,2773,0,0,77639,0,0,734,46,4,0,0,0,0,7294,13207,1027,0,0,0,0,0
400,8013,401.2906441204809,99951,366,192,31,14,10775,5731,0.16514091905033465,193,93,40201,40897,6612,3483,2595,5319,5761,2854,0,0,77346,0,0,741,47,4,0,0,0,0,7507,13240,1066,0,0,0,0,0
401,8013,402.097252651479,99951,370,185,31,14,10815,5744,0.16567117887765004,199,101,40119,40739,6616,3479,2663,5480,5936,2936,0,0,77077,0,0,740,52,4,0,0,0,0,7724,13253,1101,0,0,0,0,0
402,8013,403.30998750959884,99951,356,179,31,14,10857,5775,0.16640153675300898,207,93,40035,40589,6629,3490,2740,5633,6113,3019,0,0,76776,0,0,747,55,4,0,0,0,0,7942,13287,1140,0,0,0,0,0
403,8013,404.11999585441,99951,357,178,31,14,10905,5804,0.16717191423797662,199,91,39953,40421,6643,3495,2815,5799,6292,3103,0,0,76490,0,0,753,56,4,0,0,0,0,8158,13304,1186,0,0,0,0,0
404,8013,405.3379964640628,99951,358,190,31,14,10966,5838,0.16812237996618343,197,90,39858,40262,6665,3485,2889,5957,6474,3188,0,0,76189,0,0,769,56,4,0,0,0,0,8393,13322,1218,0,0,0,0,0
405,8013,406.1515440957488,99951,365,175,31,14,11000,5856,0.16864263489109663,197,96,39777,40102,6655,3490,2973,6121,6658,3275,0,0,75901,0,0,773,58,4,0,0,0,0,8627,13335,1253,0,0,0,0,0
406,8013,407.3749388256149,99951,357,186,31,14,11058,5886,0.16952306630248823,198,88,39683,39956,6677,3485,3052,6269,6844,3363,0,0,75595,0,0,782,60,4,0,0,0,0,8859,13358,1293,0,0,0,0,0
407,8013,408.1922100235659,99951,368,190,31,14,11110,5909,0.1702734339826515,177,89,39602,39784,6689,3483,3131,6438,7032,3452,0,0,75293,0,0,787,60,4,0,0,0,0,9106,13378,1323,0,0,0,0,0
408,8013,409.01117143360096,99950,365,183,32,14,11149,5931,0.1708854427213607,188,87,39521,39625,6689,3479,3203,6610,7222,3542,0,0,74994,0,0,791,63,4,0,0,0,0,9341,13392,1365,0,0,0,0,0
409,8013,410.2424730231131,99950,368,180,32,14,11206,5960,0.17174587293646823,188,97,39439,39461,6700,3473,3271,6773,7414,3633,0,0,74671,0,0,801,64,4,0,0,0,0,9590,13421,1399,0,0,0,0,0
410,8013,411.0647293974119,99950,364,180,32,14,11243,5976,0.17227613806903452,184,96,39366,39299,6700,3462,3352,6947,7608,3725,0,0,74379,0,0,804,66,5,0,0,0,0,9831,13425,1440,0,0,0,0,0
411,8013,412.30103204959175,99950,366,175,32,14,11304,5997,0.17309654827413706,178,99,39285,39142,6710,3454,3427,7114,7804,3818,0,0,74059,0,0,808,69,5,0,0,0,0,10074,13451,1484,0,0,0,0,0
412,8013,413.1267381764174,99950,357,183,32,14,11337,6023,0.17368684342171087,177,96,39198,38973,6721,3444,3513,7288,8002,3912,0,0,73764,0,0,815,75,5,0,0,0,0,10322,13447,1522,0,0,0,0,0
413,8013,414.36836807116174,99950,349,186,32,14,11387,6051,0.1744672336168084,180,91,39112,38817,6732,3440,3593,7450,8202,4007,0,0,73439,0,0,823,77,5,0,0,0,0,10574,13469,1563,0,0,0,0,0
414,8013,415.1976911991919,99949,348,190,33,14,11433,6071,0.17512931595113507,186,93,39021,38649,6733,3422,3677,7630,8404,4103,0,0,73134,0,0,827,81,5,0,0,0,0,10824,13471,1607,0,0,0,0,0
415,8013,416.0289153216647,99949,347,193,33,14,11482,6092,0.17582967313329798,177,87,38942,38473,6742,3411,3757,7820,8607,4200,0,0,72826,0,0,832,83,5,0,0,0,0,11071,13474,1658,0,0,0,0,0
416,8013,417.2788293575328,99949,342,195,33,14,11537,6121,0.17667010175189346,174,86,38853,38303,6756,3408,3840,7992,8812,4298,0,0,72486,0,0,838,86,5,0,0,0,0,11333,13505,1696,0,0,0,0,0
417,8013,418.1136733398481,99949,323,187,33,14,11566,6141,0.1771603517794075,176,78,38770,38135,6764,3407,3932,8177,9019,4397,0,0,72158,0,0,846,88,5,0,0,0,0,11595,13519,1738,0,0,0,0,0
418,8013,419.3695387530954,99949,305,168,33,14,11603,6169,0.17781068344855877,192,72,38684,37963,6774,3427,4010,8354,9227,4497,0,0,71802,0,0,850,90,5,0,0,0,0,11855,13563,1784,0,0,0,0,0
419,8013,420.2084627125702,99948,302,164,34,14,11632,6194,0.17835274342658183,231,89,38571,37776,6762,3428,4098,8527,9437,4598,0,0,71489,23,3,850,95,5,0,0,0,0,12112,13541,1830,0,0,0,0,0
420,8013,421.35557490239086,99948,325,168,34,14,11706,6229,0.17944331052147117,231,88,38466,37594,6761,3431,4181,8703,9648,4700,0,0,71158,89,3,860,101,5,0,0,0,0,12377,13483,1872,0,0,0,0,0
421,8013,422.12196046819247,99948,334,158,34,14,11756,6245,0.18010365390002803,230,100,38367,37413,6767,3430,4266,8883,9861,4803,0,0,70840,143,11,862,103,5,0,0,0,0,12633,13428,1923,0,0,0,0,0
422,8013,423.27478635241033,99948,344,158,34,14,11818,6273,0.18100412214351463,257,110,38241,37231,6774,3430,4348,9055,10075,4907,0,0,70502,207,17,867,107,5,0,0,0,0,12901,13378,1964,0,0,0,0,0
423,8013,424.045135158229,99948,356,170,34,14,11868,6300,0.18177452275183095,275,121,38116,37043,6776,3409,4441,9241,10290,5012,0,0,70181,250,23,866,112,5,0,0,0,0,13173,13337,2001,0,0,0,0,0
424,8013,425.2043941906679,99948,387,176,34,14,11961,6331,0.1830151678873014,281,138,37978,36859,6793,3402,4525,9409,10506,5118,0,0,69847,313,35,875,113,6,0,0,0,0,13432,13277,2050,0,0,0,0,0
425,8013,426.36722516000543,99946,428,185,36,14,12054,6366,0.18429952174174055,296,145,37845,36685,6794,3397,4599,9572,10723,5225,0,0,69504,376,42,878,116,6,0,0,0,0,13703,13228,2093,0,0,0,0,0
426,8013,427.14429796135573,99946,437,204,36,14,12112,6402,0.18524002961599265,312,150,37713,36491,6804,3384,4696,9755,10941,5333,0,0,69173,427,47,885,118,7,0,0,0,0,13978,13176,2135,0,0,0,0,0
427,8013,428.3139565034125,99946,464,219,36,14,12212,6453,0.18675084545654652,308,151,37604,36313,6815,3377,4771,9924,11161,5441,0,0,68808,514,57,892,122,7,0,0,0,0,14246,13118,2182,0,0,0,0,0
428,8013,429.09541675627065,99946,471,223,36,14,12276,6480,0.1876613371220459,327,160,37461,36118,6840,3377,4863,10106,11381,5550,0,0,68468,572,70,898,125,7,0,0,0,0,14515,13065,2226,0,0,0,0,0
429,8013,430.2721502657512,99946,470,230,36,14,12353,6534,0.1889720449042483,353,160,37317,35914,6869,3398,4953,10282,11602,5660,0,0,68085,671,80,908,129,7,0,0,0,0,14789,13006,2271,0,0,0,0,0
430,8013,431.0590562800849,99946,474,246,36,14,12408,6568,0.18986252576391252,367,154,37189,35731,6883,3380,5049,10473,11824,5771,0,0,67755,721,86,916,131,8,0,0,0,0,15062,12945,2322,0,0,0,0,0
431,8013,432.2439164350561,99946,518,237,36,14,12532,6605,0.19147339563364216,355,172,37046,35531,6911,3390,5132,10654,12047,5883,0,0,67384,812,103,931,134,8,0,0,0,0,15325,12875,2374,0,0,0,0,0
432,8013,433.0361640434628,99946,540,248,36,14,12610,6644,0.1926440277749985,363,170,36911,35332,6923,3383,5225,10851,12271,5995,0,0,67035,871,118,936,138,8,0,0,0,0,15600,12823,2417,0,0,0,0,0
433,8013,434.2290279727461,99945,556,259,37,14,12736,6698,0.1944469458202011,370,174,36760,35126,6968,3390,5307,11035,12495,6108,0,0,66617,993,131,948,143,8,0,0,0,0,15882,12769,2454,0,0,0,0,0
434,8013,435.0267244064933,99944,579,252,38,14,12828,6733,0.1957196029776675,374,178,36617,34911,6989,3407,5401,11236,12720,6222,0,0,66238,1080,140,956,146,8,0,0,0,0,16164,12710,2502,0,0,0,0,0
435,8013,436.2284618985542,99943,600,268,39,14,12945,6799,0.19755260498484137,388,178,36452,34716,7028,3417,5491,11405,12946,6337,0,0,65846,1180,164,970,151,8,0,0,0,0,16430,12645,2549,0,0,0,0,0
436,8013,437.0322903320531,99943,604,267,39,14,13035,6833,0.19879331218794713,391,195,36308,34514,7078,3422,5578,11586,13172,6452,0,0,65455,1270,176,982,157,8,0,0,0,0,16719,12592,2584,0,0,0,0,0
437,8013,438.2431935764132,99943,624,274,39,14,13162,6887,0.20060434447635153,420,209,36149,34313,7119,3433,5647,11755,13399,6568,0,0,65059,1375,194,996,169,8,0,0,0,0,16992,12521,2629,0,0,0,0,0
438,8013,439.05303736527753,99942,634,288,40,14,13246,6931,0.2018870945148186,450,207,36003,34123,7139,3424,5732,11942,13626,6685,0,0,64711,1439,212,1008,177,8,0,0,0,0,17256,12448,2683,0,0,0,0,0
439,8013,440.27324016835854,99942,647,304,40,14,13383,6999,0.2039382842048388,465,217,35824,33908,7200,3449,5822,12106,13853,6802,0,0,64288,1565,236,1026,184,8,0,0,0,0,17528,12383,2724,0,0,0,0,0
440,8013,441.0897194637744,99940,673,302,42,14,13496,7044,0.20552331398839305,449,222,35679,33713,7234,3467,5921,12280,14080,6920,0,0,63891,1660,257,1039,187,8,0,0,0,0,17807,12325,2766,0,0,0,0,0
441,8013,442.32018325032766,99940,703,324,42,14,13649,7122,0.2078347008204923,437,230,35518,33510,7306,3485,5992,12435,14308,7039,0,0,63451,1796,278,1054,193,8,0,0,0,0,18089,12267,2804,0,0,0,0,0
442,8013,443.1432425169351,99940,706,327,42,14,13737,7165,0.20914548729237542,460,249,35358,33288,7349,3494,6083,12626,14536,7158,0,0,63065,1879,303,1065,199,8,0,0,0,0,18367,12212,2842,0,0,0,0,0
443,8013,444.3837768719429,99940,730,340,42,14,13874,7234,0.21120672403442065,466,267,35195,33058,7398,3530,6167,12789,14764,7278,0,0,62651,1990,334,1084,205,9,0,0,0,0,18639,12148,2880,0,0,0,0,0
444,8013,445.21375683021574,99940,747,359,42,14,13963,7286,0.21261757054232538,488,269,35054,32852,7415,3530,6252,12974,14992,7398,0,0,62285,2056,358,1095,209,9,0,0,0,0,18915,12089,2924,0,0,0,0,0
445,8013,446.0466359547644,99940,737,365,42,14,14060,7337,0.21409845907544528,520,264,34898,32650,7473,3539,6328,13166,15220,7519,0,0,61880,2168,374,1106,219,10,0,0,0,0,19192,12021,2970,0,0,0,0,0
446,8013,447.30189185563705,99939,795,374,43,14,14244,7413,0.21670218833488428,507,270,34721,32447,7529,3558,6403,13335,15448,7641,0,0,61470,2281,420,1124,229,10,0,0,0,0,19439,11947,3019,0,0,0,0,0
447,8013,448.1418805609206,99938,810,379,43,15,14348,7472,0.21833536792811542,539,274,34561,32243,7556,3581,6489,13506,15676,7763,0,0,61083,2368,447,1130,247,10,0,0,0,0,19707,11890,3056,0,0,0,0,0
448,8013,449.40811862232187,99938,834,397,43,15,14522,7564,0.22099701815125378,536,276,34382,32030,7637,3615,6566,13665,15904,7886,0,0,60630,2526,489,1140,255,11,0,0,0,0,19960,11820,3107,0,0,0,0,0
449,8013,450.2557444520696,99937,835,411,44,15,14615,7620,0.222490168806348,575,279,34209,31849,7683,3609,6652,13835,16132,8009,0,0,60256,2605,516,1158,259,11,0,0,0,0,20222,11745,3165,0,0,0,0,0
450,8013,451.1070342315945,99936,851,402,44,16,14728,7665,0.2240734069804675,601,313,34045,31639,7718,3619,6739,14009,16359,8133,0,0,59870,2701,549,1171,263,13,0,0,0,0,20478,11670,3221,0,0,0,0,0
451,8013,452.3907143604247,99936,850,441,44,16,14901,7777,0.2269252321485751,643,303,33837,31439,7813,3647,6811,14152,16586,8257,0,0,59402,2862,598,1194,272,13,0,0,0,0,20734,11600,3261,0,0,0,0,0
452,8013,453.25032669094475,99934,909,452,46,16,15048,7850,0.2291312266095623,647,312,33655,31217,7850,3675,6891,14326,16813,8381,0,0,59026,2944,636,1212,279,13,0,0,0,0,20986,11522,3316,0,0,0,0,0
453,8013,454.1139950977082,99934,924,464,46,16,15188,7925,0.23128264654672084,642,304,33494,31012,7913,3695,6979,14507,17040,8506,0,0,58617,3057,683,1229,287,13,0,0,0,0,21232,11449,3367,0,0,0,0,0
454,8013,455.41660645663995,99934,1000,475,46,16,15413,8025,0.2345347929633558,651,326,33287,30782,7974,3744,7040,14655,17266,8631,0,0,58175,3208,735,1244,299,13,0,0,0,0,21465,11372,3423,0,0,0,0,0
455,8013,456.28870292684786,99934,1047,498,46,16,15568,8096,0.236796285548462,645,353,33132,30570,8000,3753,7128,14808,17492,8757,0,0,57786,3305,773,1254,308,13,0,0,0,0,21718,11301,3476,0,0,0,0,0
456,8013,457.16445120432803,99933,1095,513,46,17,15727,8170,0.23913021724555453,653,377,32952,30354,8040,3777,7212,14960,17717,8883,0,0,57381,3410,813,1268,312,15,0,0,0,0,21974,11236,3524,0,0,0,0,0
457,8013,458.04400507554914,99932,1084,539,47,17,15861,8254,0.24131409358363687,683,361,32759,30153,8120,3798,7305,15130,17942,9009,0,0,56961,3522,867,1283,327,15,0,0,0,0,22222,11176,3559,0,0,0,0,0
458,8013,459.3717298119381,99930,1136,554,49,17,16084,8370,0.24471129790853596,729,400,32536,29925,8187,3853,7361,15249,18166,9136,0,0,56477,3695,913,1313,344,15,0,0,0,0,22482,11104,3587,0,0,0,0,0
459,8013,460.2609490571932,99928,1159,564,51,17,16241,8464,0.24722800416299737,733,392,32355,29752,8243,3879,7457,15394,18389,9263,0,0,56060,3818,968,1327,359,16,0,0,0,0,22715,11029,3636,0,0,0,0,0
460,8013,461.154714191437,99926,1178,584,52,18,16399,8549,0.24966475191641815,765,388,32167,29547,8313,3905,7523,15556,18612,9390,0,0,55636,3933,1027,1346,366,16,0,0,0,0,22961,10967,3674,0,0,0,0,0
461,8013,462.0530763564391,99926,1195,628,52,18,16565,8652,0.252356743990553,791,375,31973,29341,8387,3931,7600,15705,18834,9518,0,0,55213,4059,1075,1358,383,16,0,0,0,0,23207,10900,3715,0,0,0,0,0
462,8013,463.4098017035618,99926,1219,644,52,18,16834,8798,0.25650981726477595,829,380,31698,29137,8535,4008,7665,15811,19055,9646,0,0,54682,4287,1157,1401,397,16,0,0,0,0,23421,10810,3755,0,0,0,0,0
463,8013,464.3199597125578,99926,1227,643,52,18,17009,8872,0.2590016612293097,861,398,31510,28953,8621,4038,7727,15948,19276,9774,0,0,54260,4405,1221,1439,408,16,0,0,0,0,23652,10725,3800,0,0,0,0,0
464,8013,465.2353815230639,99925,1245,643,53,18,17189,8965,0.26173630222667,865,413,31321,28750,8706,4080,7808,16094,19496,9902,0,0,53817,4538,1290,1468,419,17,0,0,0,0,23885,10654,3837,0,0,0,0,0
465,8013,466.1560180278919,99925,1252,643,53,18,17382,9053,0.26454841130848133,876,425,31127,28556,8806,4132,7884,16224,19715,10031,0,0,53361,4699,1361,1489,432,18,0,0,0,0,24103,10580,3882,0,0,0,0,0
466,8013,467.0818551334064,99924,1305,625,54,18,17594,9149,0.26763340138505265,849,438,30945,28347,8887,4207,7958,16363,19933,10160,0,0,52927,4830,1446,1513,454,19,0,0,0,0,24314,10509,3912,0,0,0,0,0
467,8013,468.0133484158771,99923,1347,648,55,18,17808,9262,0.2709085996217087,833,432,30764,28143,8972,4267,8027,16490,20150,10289,0,0,52456,4994,1494,1537,467,21,0,0,0,0,24566,10443,3945,0,0,0,0,0
468,8013,469.4196481603191,99922,1363,707,56,18,18115,9423,0.27559496407197615,883,437,30474,27959,9151,4304,8071,16573,20367,10418,0,0,51927,5225,1579,1586,483,22,0,0,0,0,24772,10342,3986,0,0,0,0,0
469,8013,470.3634533059359,99921,1397,709,56,19,18316,9518,0.27856006244933496,870,444,30299,27769,9233,4349,8143,16708,20583,10547,0,0,51495,5353,1650,1616,499,23,0,0,0,0,24992,10270,4023,0,0,0,0,0
470,8013,471.31301938915504,99921,1394,736,56,19,18529,9642,0.28193272685421483,864,417,30104,27574,9365,4412,8215,16840,20798,10677,0,0,51024,5521,1727,1643,526,23,0,0,0,0,25207,10198,4052,0,0,0,0,0
471,8013,472.2684620323806,99921,1392,737,56,19,18738,9736,0.28496512244673294,861,434,29934,27407,9481,4446,8274,16955,21012,10807,0,0,50560,5694,1801,1671,542,24,0,0,0,0,25412,10118,4099,0,0,0,0,0
472,8013,473.2295574133787,99921,1433,749,56,19,18960,9845,0.28827773941413715,854,431,29744,27230,9573,4495,8338,17074,21225,10937,0,0,50110,5848,1876,1697,554,25,0,0,0,0,25625,10044,4142,0,0,0,0,0
473,8013,474.1961706356404,99918,1437,781,56,22,19168,9964,0.2915590784443243,883,442,29546,27036,9680,4527,8396,17190,21437,11067,0,0,49672,5998,1943,1739,571,27,0,0,0,0,25835,9945,4188,0,0,0,0,0
474,8013,475.16868177710927,99916,1439,796,58,22,19386,10093,0.2950378317786941,900,436,29352,26826,9790,4595,8459,17323,21648,11197,0,0,49218,6174,2040,1763,596,27,0,0,0,0,26010,9855,4233,0,0,0,0,0
475,8013,476.14736606752314,99916,1476,795,58,22,19618,10219,0.29862084150686574,907,440,29162,26648,9886,4658,8509,17435,21857,11327,0,0,48784,6321,2147,1796,617,27,0,0,0,0,26179,9767,4278,0,0,0,0,0
476,8013,477.132088233374,99915,1506,791,59,22,19845,10322,0.3019266376419957,929,446,28955,26465,9990,4715,8559,17559,22065,11457,0,0,48309,6494,2220,1821,636,27,0,0,0,0,26397,9702,4309,0,0,0,0,0
477,8013,478.1232192553315,99914,1519,797,59,23,20066,10452,0.30544268070540664,958,421,28753,26290,10095,4790,8614,17677,22272,11587,0,0,47849,6654,2313,1862,652,28,0,0,0,0,26588,9619,4349,0,0,0,0,0
478,8013,479.1205652297664,99914,1572,782,59,23,20328,10549,0.30903577076285604,938,459,28537,26119,10214,4849,8678,17766,22478,11717,0,0,47413,6796,2418,1896,677,28,0,0,0,0,26768,9537,4381,0,0,0,0,0
479,8013,480.1251724788386,99913,1616,791,60,23,20569,10665,0.3126119724160019,936,481,28343,25935,10300,4899,8743,17869,22683,11847,0,0,46978,6942,2510,1926,693,29,0,0,0,0,26948,9459,4428,0,0,0,0,0
480,8013,481.13602178413146,99913,1583,806,60,23,20789,10785,0.3160149329917028,947,492,28156,25742,10454,4958,8798,17977,22887,11977,0,0,46518,7108,2601,1979,716,31,0,0,0,0,27131,9365,4464,0,0,0,0,0
481,8013,482.1535254011622,99911,1618,796,62,23,21053,10898,0.3197946172093163,931,519,27969,25570,10566,5033,8852,18057,23090,12107,0,0,46067,7257,2708,2015,748,31,0,0,0,0,27304,9291,4490,0,0,0,0,0
482,8013,483.1777585206301,99908,1651,834,65,23,21298,11039,0.32366777435240424,962,531,27782,25384,10650,5083,8888,18143,23291,12237,0,0,45647,7388,2817,2046,768,32,0,0,0,0,27463,9216,4531,0,0,0,0,0
483,8013,484.2080403702583,99908,1662,854,65,23,21543,11185,0.3275813748648757,961,520,27584,25230,10786,5148,8940,18223,23491,12367,0,0,45193,7558,2923,2078,797,33,0,0,0,0,27624,9134,4568,0,0,0,0,0
484,8013,485.24528685803136,99908,1676,885,65,23,21785,11328,0.3314349201265164,974,507,27385,25057,10904,5208,8994,18318,23690,12497,0,0,44750,7704,3032,2123,817,33,0,0,0,0,27797,9052,4600,0,0,0,0,0
485,8013,486.289614265248,99906,1731,886,67,23,22067,11455,0.3355354032790823,949,522,27194,24884,11017,5272,9040,18411,23888,12627,0,0,44304,7861,3151,2153,841,33,0,0,0,0,27951,8977,4635,0,0,0,0,0
486,8013,487.34096497919893,99904,1705,912,69,23,22317,11592,0.3394158392056374,970,538,26974,24721,11172,5314,9108,18490,24084,12757,0,0,43845,8028,3269,2185,879,35,0,0,0,0,28103,8904,4656,0,0,0,0,0
487,8013,488.4003570651665,99904,1714,915,69,23,22596,11739,0.343679932735426,960,530,26775,24552,11325,5394,9155,18584,24279,12887,0,0,43379,8205,3403,2231,898,40,0,0,0,0,28235,8817,4696,0,0,0,0,0
488,8013,489.46766120537814,99902,1704,892,70,24,22848,11858,0.3474004524433945,964,560,26578,24385,11469,5485,9213,18652,24473,13017,0,0,42900,8385,3532,2278,916,43,0,0,0,0,28384,8740,4724,0,0,0,0,0
489,8013,490.0037180485832,99902,1698,890,70,24,22982,11922,0.3493823947468519,984,550,26393,24228,11540,5511,9313,18795,24666,13147,0,0,42539,8457,3614,2286,937,46,0,0,0,0,28578,8694,4751,0,0,0,0,0
490,8013,491.08559818568693,99901,1671,886,71,24,23229,12054,0.35317964785137285,1009,575,26178,24090,11699,5583,9370,18840,24857,13277,0,0,42068,8639,3730,2330,968,49,0,0,0,0,28724,8614,4779,0,0,0,0,0
491,8013,492.17687804570045,99901,1679,868,71,24,23497,12183,0.35715358204622577,1005,596,25994,23956,11825,5659,9424,18895,25047,13407,0,0,41604,8802,3865,2367,1005,51,0,0,0,0,28863,8554,4790,0,0,0,0,0
492,8013,493.27636695751994,99901,1689,915,71,24,23779,12351,0.3616580414610464,1019,559,25794,23809,11962,5728,9463,18963,25236,13536,0,0,41172,8953,4006,2402,1039,52,0,0,0,0,28976,8479,4822,0,0,0,0,0
493,8013,494.3836900109837,99899,1689,933,72,25,24061,12519,0.36616983152984517,1026,540,25603,23684,12105,5817,9503,18999,25423,13665,0,0,40715,9110,4139,2448,1090,52,0,0,0,0,29105,8409,4831,0,0,0,0,0
494,8013,495.4992582723128,99899,1704,957,72,25,24323,12681,0.37041411825944204,1047,522,25414,23539,12215,5893,9546,19062,25609,13794,0,0,40293,9248,4266,2482,1130,55,0,0,0,0,29230,8336,4859,0,0,0,0,0
495,8013,496.0594871467166,99899,1720,940,72,25,24466,12742,0.37245618074255,1035,524,25274,23413,12258,5912,9639,19184,25794,13923,0,0,39951,9310,4346,2502,1152,56,0,0,0,0,29415,8278,4889,0,0,0,0,0
496,8013,497.18898487808184,99896,1689,941,75,25,24729,12905,0.37673180107311605,1074,495,25073,23278,12412,6013,9675,19246,25977,14052,0,0,39482,9487,4485,2549,1191,58,0,0,0,0,29529,8197,4918,0,0,0,0,0
497,8013,498.32768649449395,99893,1774,899,76,27,25060,13025,0.3812579460022224,1010,509,24894,23149,12520,6106,9724,19308,26159,14181,0,0,39056,9620,4639,2601,1218,61,0,0,0,0,29635,8122,4941,0,0,0,0,0
498,8013,499.474407351795,99893,1789,900,76,27,25329,13170,0.3854023805471855,1039,525,24721,22997,12617,6184,9756,19365,26339,14309,0,0,38625,9770,4762,2642,1260,63,0,0,0,0,29757,8052,4962,0,0,0,0,0
499,8013,500.0502764595807,99892,1810,874,77,27,25507,13232,0.38780883354022344,1020,552,24582,22853,12672,6222,9837,19470,26518,14437,0,0,38287,9839,4875,2655,1287,66,0,0,0,0,29898,7998,4987,0,0,0,0,0
500,8013,501.2107685382547,99891,1773,909,78,27,25782,13402,0.3922675716531019,1037,535,24396,22723,12849,6287,9865,19517,26696,14565,0,0,37855,9996,5032,2699,1330,66,0,0,0,0,29978,7914,5021,0,0,0,0,0
501,8013,502.38025319597097,99890,1824,899,79,27,26088,13546,0.39677645409950946,990,541,24247,22595,12953,6358,9905,19578,26872,14693,0,0,37431,10129,5188,2738,1368,66,0,0,0,0,30076,7855,5039,0,0,0,0,0
502,8013,503.55733643669254,99890,1800,920,79,27,26371,13712,0.4012713985383922,992,538,24077,22479,13113,6434,9937,19600,27047,14820,0,0,36980,10306,5336,2786,1405,71,0,0,0,0,30178,7771,5057,0,0,0,0,0
503,8013,504.1484084709795,99889,1784,947,80,27,26510,13805,0.40359799377308814,989,518,23937,22363,13183,6438,10025,19705,27221,14947,0,0,36671,10341,5435,2806,1436,72,0,0,0,0,30325,7717,5086,0,0,0,0,0
504,8013,505.34037817389225,99889,1761,937,80,27,26804,13945,0.40794281652634423,972,530,23784,22268,13335,6515,10066,19721,27393,15074,0,0,36254,10481,5591,2844,1490,79,0,0,0,0,30397,7641,5112,0,0,0,0,0
505,8013,506.5411379041748,99886,1730,955,82,28,27099,14124,0.4127004785455419,959,521,23630,22127,13490,6609,10107,19758,27564,15201,0,0,35797,10656,5743,2896,1540,85,0,0,0,0,30482,7570,5117,0,0,0,0,0
506,8013,507.14398307901087,99885,1694,962,83,28,27231,14221,0.4149972468338589,966,500,23505,22014,13564,6647,10186,19847,27733,15327,0,0,35472,10714,5856,2920,1570,87,0,0,0,0,30612,7512,5142,0,0,0,0,0
507,8013,508.35956486929194,99883,1689,962,84,29,27530,14389,0.4196810268013576,930,496,23352,21887,13723,6744,10220,19880,27901,15453,0,0,35050,10871,6021,2960,1630,90,0,0,0,0,30673,7437,5151,0,0,0,0,0
508,8013,509.58392131254703,99882,1696,945,85,29,27822,14555,0.42427063935443826,909,487,23206,21783,13858,6846,10244,19908,28068,15579,0,0,34643,10994,6212,3016,1674,92,0,0,0,0,30724,7363,5164,0,0,0,0,0
509,8013,510.1987419607145,99881,1703,932,85,30,27976,14632,0.426587639290756,900,482,23099,21656,13889,6878,10322,20020,28233,15704,0,0,34354,11044,6321,3031,1711,93,0,0,0,0,30837,7290,5200,0,0,0,0,0
510,8013,511.4373205991534,99881,1671,929,85,30,28251,14782,0.43084270281635145,901,465,22955,21579,14039,6944,10347,20051,28397,15829,0,0,33936,11188,6472,3097,1759,97,0,0,0,0,30923,7205,5204,0,0,0,0,0
511,8013,512.0590219223476,99880,1663,921,85,31,28396,14845,0.4329295154185022,900,490,22840,21469,14088,6966,10422,20121,28560,15954,0,0,33653,11209,6580,3125,1790,98,0,0,0,0,31047,7146,5232,0,0,0,0,0
512,8013,513.312074927849,99879,1623,905,85,32,28661,14993,0.4370688533125081,907,486,22691,21367,14233,7049,10459,20159,28721,16078,0,0,33244,11336,6750,3186,1835,100,0,0,0,0,31104,7074,5250,0,0,0,0,0
513,8013,514.5737241272872,99877,1652,920,87,32,28944,15161,0.44159315958629114,873,477,22565,21274,14334,7132,10487,20163,28881,16202,0,0,32860,11450,6892,3233,1878,104,0,0,0,0,31185,7005,5270,0,0,0,0,0
514,8013,515.2073140399506,99875,1642,912,88,33,29088,15226,0.44369461827284107,874,488,22442,21183,14396,7135,10556,20247,29039,16326,0,0,32573,11485,6993,3253,1907,109,0,0,0,0,31302,6956,5297,0,0,0,0,0
515,8013,516.4829719291475,99872,1626,911,90,34,29376,15381,0.4481436238385133,847,492,22311,21104,14538,7211,10586,20246,29196,16449,0,0,32165,11620,7149,3306,1955,113,0,0,0,0,31370,6883,5311,0,0,0,0,0
516,8013,517.1236907789394,99871,1639,922,91,34,29516,15463,0.4503709785623454,823,485,22209,20995,14565,7228,10671,20334,29352,16572,0,0,31896,11639,7250,3309,1995,117,0,0,0,0,31496,6847,5322,0,0,0,0,0
517,8013,518.4139479650037,99870,1599,917,91,35,29789,15621,0.45469109842795635,797,467,22106,20937,14714,7304,10691,20338,29506,16695,0,0,31506,11776,7433,3349,2050,121,0,0,0,0,31521,6776,5338,0,0,0,0,0
518,8013,519.0612400211013,99869,1586,909,92,35,29924,15688,0.4567183009742763,784,478,22017,20838,14760,7335,10759,20403,29659,16817,0,0,31231,11802,7554,3361,2084,123,0,0,0,0,31629,6733,5352,0,0,0,0,0
519,8013,520.364429159253,99868,1536,920,93,35,30152,15851,0.46063804221572474,835,465,21875,20739,14875,7402,10784,20437,29811,16939,0,0,30864,11901,7722,3405,2137,128,0,0,0,0,31682,6674,5355,0,0,0,0,0
520,8013,521.0185416906018,99867,1521,893,94,35,30288,15914,0.4626353049555909,819,485,21793,20642,14919,7429,10852,20514,29961,17060,0,0,30596,11921,7837,3439,2163,134,0,0,0,0,31781,6616,5380,0,0,0,0,0
521,8013,522.3358078068917,99867,1498,883,94,35,30558,16080,0.4670011114782661,821,460,21672,20572,15059,7533,10854,20515,30110,17181,0,0,30206,12050,7995,3483,2223,139,0,0,0,0,31825,6554,5392,0,0,0,0,0
522,8013,523.6604241964757,99867,1486,861,94,35,30839,16250,0.47151711776662963,788,428,21590,20536,15166,7636,10874,20502,30258,17302,0,0,29833,12172,8173,3532,2281,147,0,0,0,0,31844,6479,5406,0,0,0,0,0
523,8013,524.3248978651686,99867,1455,836,94,35,30945,16313,0.47320936846005185,812,431,21503,20472,15189,7654,10945,20570,30404,17422,0,0,29592,12170,8292,3554,2323,149,0,0,0,0,31934,6428,5425,0,0,0,0,0
524,8013,525.6617774422162,99866,1428,839,95,35,31213,16474,0.4775098632167104,779,413,21430,20420,15327,7732,10939,20559,30549,17542,0,0,29226,12282,8462,3595,2377,157,0,0,0,0,31962,6372,5433,0,0,0,0,0
525,8013,526.3313643976804,99866,1428,808,95,35,31363,16525,0.47952256023070916,727,426,21366,20350,15378,7751,11004,20628,30693,17661,0,0,28973,12307,8574,3610,2417,161,0,0,0,0,32052,6316,5456,0,0,0,0,0
526,8013,527.0039988546708,99865,1397,803,96,35,31477,16588,0.48129975466880287,726,425,21269,20287,15432,7744,11078,20704,30835,17780,0,0,28744,12314,8689,3622,2459,164,0,0,0,0,32135,6259,5479,0,0,0,0,0
527,8013,528.3575440015179,99865,1375,805,96,35,31729,16731,0.4852550943774095,699,386,21190,20241,15544,7808,11094,20723,30976,17899,0,0,28425,12392,8840,3655,2533,169,0,0,0,0,32168,6195,5488,0,0,0,0,0
528,8013,529.0366073384001,99865,1392,807,96,35,31862,16805,0.48732789265508436,685,380,21114,20173,15561,7812,11150,20791,31116,18017,0,0,28202,12389,8961,3651,2571,173,0,0,0,0,32251,6161,5506,0,0,0,0,0
529,8013,530.4019599982315,99863,1383,756,98,35,32111,16923,0.49101268738171294,664,381,21022,20128,15660,7893,11171,20805,31254,18135,0,0,27875,12457,9112,3706,2634,177,0,0,0,0,32286,6099,5517,0,0,0,0,0
530,8013,531.0859109276208,99862,1354,752,99,35,32224,17002,0.4929402575554265,665,366,20963,20051,15689,7926,11228,20868,31391,18252,0,0,27631,12481,9238,3708,2673,181,0,0,0,0,32356,6060,5534,0,0,0,0,0
531,8013,532.4627208821909,99861,1341,747,100,35,32462,17132,0.4966303161394338,635,355,20908,20000,15773,7987,11241,20874,31527,18369,0,0,27322,12554,9392,3741,2731,186,0,0,0,0,32387,6003,5545,0,0,0,0,0
532,8013,533.1519966069466,99859,1343,738,102,35,32575,17192,0.49837270551477586,609,365,20854,19940,15778,7983,11312,20937,31662,18485,0,0,27112,12533,9499,3761,2760,190,0,0,0,0,32477,5960,5567,0,0,0,0,0
533,8013,534.5373382894048,99859,1311,724,102,35,32798,17327,0.5019577604422235,593,350,20799,19941,15875,8050,11318,20898,31795,18601,0,0,26800,12611,9664,3794,2821,195,0,0,0,0,32498,5903,5573,0,0,0,0,0
534,8013,535.2313814787059,99859,1278,705,102,35,32889,17394,0.5035399913878569,601,346,20728,19883,15907,8077,11382,20952,31927,18716,0,0,26585,12603,9782,3805,2865,199,0,0,0,0,32569,5865,5586,0,0,0,0,0
535,8013,536.6259879675297,99857,1245,689,104,35,33097,17525,0.5069449312516899,574,325,20689,19837,15986,8145,11400,20967,32058,18831,0,0,26308,12641,9940,3840,2928,208,0,0,0,0,32581,5814,5597,0,0,0,0,0
536,8013,537.3256230841489,99855,1212,681,106,35,33199,17581,0.5085373791998398,570,326,20635,19796,16013,8141,11462,21019,32188,18945,0,0,26100,12640,10055,3838,2973,211,0,0,0,0,32647,5771,5620,0,0,0,0,0
537,8013,538.0261669408285,99855,1185,660,106,35,33302,17634,0.5100996444845025,559,330,20586,19720,16034,8166,11528,21087,32316,19059,0,0,25886,12634,10166,3853,3006,217,0,0,0,0,32726,5726,5641,0,0,0,0,0
538,8013,539.4335884669124,99855,1157,633,106,35,33510,17732,0.5131640879274949,551,346,20543,19717,16098,8207,11543,21060,32443,19173,0,0,25604,12689,10315,3870,3071,223,0,0,0,0,32755,5681,5647,0,0,0,0,0
539,8013,540.1382959976048,99855,1141,637,106,35,33613,17800,0.5148765710279906,529,318,20491,19668,16120,8212,11611,21128,32569,19286,0,0,25397,12683,10426,3873,3109,228,0,0,0,0,32831,5651,5657,0,0,0,0,0
540,8013,541.553570753416,99853,1106,629,107,36,33793,17912,0.5178111824381841,518,307,20471,19672,16175,8252,11621,21102,32694,19399,0,0,25136,12720,10571,3899,3164,234,0,0,0,0,32859,5600,5670,0,0,0,0,0
541,8013,542.2617024063848,99852,1066,609,107,37,33872,17963,0.5191182950767136,515,310,20423,19624,16193,8264,11694,21154,32818,19511,0,0,24938,12714,10677,3900,3211,237,0,0,0,0,32927,5562,5686,0,0,0,0,0
542,8013,543.6834552528137,99852,1048,589,107,37,34055,18073,0.5220526379040981,467,294,20398,19639,16259,8312,11719,21127,32940,19623,0,0,24687,12756,10814,3933,3261,246,0,0,0,0,32956,5497,5702,0,0,0,0,0
543,8013,544.3946904301329,99851,1020,590,108,37,34147,18128,0.5235300597890857,463,289,20342,19588,16282,8305,11783,21189,33061,19734,0,0,24497,12749,10895,3939,3305,251,0,0,0,0,33041,5447,5727,0,0,0,0,0
544,8013,545.1081197813905,99851,1011,585,108,37,34228,18171,0.5247719101461177,443,289,20309,19550,16279,8286,11848,21251,33181,19845,0,0,24317,12723,10989,3950,3331,255,0,0,0,0,33129,5410,5747,0,0,0,0,0
545,8013,546.5408431452038,99851,945,594,108,37,34362,18278,0.5271855064045428,454,272,20305,19572,16327,8296,11859,21227,33300,19955,0,0,24063,12750,11122,3970,3380,263,0,0,0,0,33179,5379,5745,0,0,0,0,0
546,8013,547.2572313192586,99851,934,583,108,37,34431,18329,0.5283872970726382,450,258,20278,19536,16306,8302,11922,21282,33418,20065,0,0,23884,12722,11227,3971,3410,265,0,0,0,0,33257,5351,5764,0,0,0,0,0
547,8013,548.6937740772604,99851,893,560,108,37,34600,18418,0.5309711470090435,432,263,20271,19572,16359,8308,11935,21258,33535,20174,0,0,23625,12760,11355,4001,3465,271,0,0,0,0,33294,5313,5767,0,0,0,0,0
548,8013,549.4115072934512,99850,862,545,109,37,34668,18464,0.5321181772658988,433,255,20224,19539,16369,8319,12001,21303,33650,20283,0,0,23433,12744,11447,4015,3497,273,0,0,0,0,33379,5279,5783,0,0,0,0,0
549,8013,550.1311616106426,99848,854,532,110,38,34737,18508,0.5332605560451887,419,249,20207,19506,16347,8323,12061,21350,33764,20391,0,0,23264,12732,11535,4011,3528,279,0,0,0,0,33454,5240,5805,0,0,0,0,0
550,8013,551.5753165047772,99846,823,508,112,38,34889,18594,0.5356549085591812,378,236,20247,19542,16366,8355,12072,21319,33877,20499,0,0,23031,12756,11656,4028,3588,285,0,0,0,0,33489,5204,5809,0,0,0,0,0
551,8013,552.2968180127515,99845,835,487,113,38,34963,18636,0.5368220742150333,359,226,20218,19533,16327,8360,12146,21354,33989,20606,0,0,22872,12724,11768,4029,3612,285,0,0,0,0,33552,5171,5832,0,0,0,0,0
552,8013,553.0185697961184,99845,791,471,113,38,35011,18667,0.5376133006159547,372,233,20191,19513,16329,8359,12202,21384,34100,20713,0,0,22701,12696,11873,4034,3640,288,0,0,0,0,33627,5143,5843,0,0,0,0,0
553,8013,554.4657347465877,99845,757,433,113,38,35144,18728,0.5395563122840402,358,236,20188,19551,16348,8380,12234,21360,34210,20819,0,0,22493,12712,12005,4041,3691,296,0,0,0,0,33652,5104,5851,0,0,0,0,0
554,8013,555.1894150084081,99845,736,429,113,38,35201,18767,0.5405178025940207,362,228,20166,19547,16323,8365,12298,21391,34319,20925,0,0,22349,12683,12095,4023,3725,309,0,0,0,0,33718,5079,5864,0,0,0,0,0
555,8013,556.6401226291772,99843,710,444,115,38,35326,18852,0.5426319321334495,336,199,20177,19582,16337,8360,12323,21375,34427,21030,0,0,22174,12664,12211,4039,3775,312,0,0,0,0,33749,5037,5882,0,0,0,0,0
556,8013,557.3652735673081,99843,706,429,115,38,35392,18887,0.5436435203269132,319,200,20163,19543,16316,8362,12379,21426,34534,21134,0,0,22018,12627,12308,4044,3802,315,0,0,0,0,33824,5013,5892,0,0,0,0,0
557,8013,558.091143335897,99843,698,415,115,38,35456,18920,0.544615045621626,318,194,20136,19537,16287,8350,12444,21464,34640,21238,0,0,21863,12600,12399,4040,3838,317,0,0,0,0,33896,4989,5901,0,0,0,0,0
558,8013,559.5454610943846,99842,659,403,115,39,35551,18993,0.5463031589912061,343,179,20155,19563,16268,8360,12458,21454,34745,21341,0,0,21686,12582,12518,4057,3882,323,0,0,0,0,33932,4953,5909,0,0,0,0,0
559,8013,560.2716587954277,99842,647,383,115,39,35619,19026,0.5473147573165602,323,173,20153,19537,16242,8372,12518,21494,34849,21444,0,0,21521,12569,12605,4060,3916,323,0,0,0,0,34007,4915,5926,0,0,0,0,0
560,8013,561.7266238554902,99841,648,369,116,39,35754,19090,0.5493134083192276,296,162,20165,19574,16233,8379,12540,21475,34952,21546,0,0,21341,12558,12721,4074,3948,332,0,0,0,0,34044,4882,5941,0,0,0,0,0
561,8013,562.4531930177035,99841,626,355,116,39,35803,19111,0.5500145230917158,285,168,20150,19552,16224,8364,12597,21520,35053,21648,0,0,21200,12523,12808,4076,3977,333,0,0,0,0,34114,4851,5959,0,0,0,0,0
562,8013,563.1807332261554,99841,595,338,116,39,35847,19136,0.5507056219388828,283,161,20118,19527,16218,8363,12668,21570,35153,21749,0,0,21038,12500,12875,4085,4007,336,0,0,0,0,34205,4825,5970,0,0,0,0,0
563,8013,564.6390320641485,99840,551,330,117,39,35936,19197,0.5522135416666667,289,157,20139,19556,16222,8362,12680,21554,35252,21850,0,0,20862,12483,12989,4106,4043,340,0,0,0,0,34250,4791,5976,0,0,0,0,0
564,8013,565.367876127047,99840,556,341,117,39,35999,19234,0.5532151442307692,260,136,20118,19552,16198,8339,12749,21591,35351,21950,0,0,20739,12441,13072,4098,4071,343,0,0,0,0,34316,4764,5996,0,0,0,0,0
565,8013,566.0973848541018,99839,544,333,118,39,36041,19261,0.5539117979947716,257,131,20107,19533,16162,8321,12810,21641,35449,22050,0,0,20608,12408,13149,4094,4100,345,0,0,0,0,34386,4735,6014,0,0,0,0,0
566,8013,567.5588874968483,99839,539,292,118,39,36134,19302,0.5552539588737868,237,130,20162,19585,16115,8334,12827,21618,35546,22149,0,0,20445,12401,13253,4091,4142,352,0,0,0,0,34425,4709,6021,0,0,0,0,0
567,8013,568.288224728885,99839,510,288,118,39,36176,19324,0.555894990935406,238,126,20152,19609,16090,8297,12890,21639,35642,22248,0,0,20334,12352,13343,4084,4171,361,0,0,0,0,34479,4682,6033,0,0,0,0,0
568,8013,569.0176279749885,99839,507,287,118,39,36226,19345,0.5566061358787648,229,121,20144,19611,16052,8280,12948,21660,35737,22346,0,0,20210,12313,13418,4077,4197,362,0,0,0,0,34552,4656,6054,0,0,0,0,0
569,8013,570.4780865121603,99839,494,256,118,39,36313,19385,0.5578781838760404,233,118,20170,19660,16018,8284,12965,21641,35831,22444,0,0,20069,12283,13527,4085,4239,366,0,0,0,0,34586,4621,6063,0,0,0,0,0
570,8013,571.2069231561269,99838,478,265,119,39,36357,19415,0.5586249724553777,220,113,20165,19649,15987,8265,13029,21667,35924,22541,0,0,19950,12237,13615,4078,4262,369,0,0,0,0,34651,4598,6078,0,0,0,0,0
571,8013,572.6667158400818,99838,465,241,119,39,36443,19448,0.5598169033834812,207,117,20197,19707,15960,8253,13050,21641,36016,22638,0,0,19808,12213,13714,4086,4290,376,0,0,0,0,34687,4567,6097,0,0,0,0,0
572,8013,573.3955210221219,99837,454,244,120,39,36487,19471,0.560493604575458,191,110,20206,19701,15918,8233,13109,21671,36107,22734,0,0,19702,12167,13793,4074,4318,381,0,0,0,0,34745,4542,6115,0,0,0,0,0
573,8013,574.1247395214158,99837,436,243,120,39,36519,19493,0.5610344862125264,189,108,20212,19703,15874,8207,13167,21698,36197,22830,0,0,19581,12125,13871,4071,4337,384,0,0,0,0,34817,4520,6131,0,0,0,0,0
574,8013,575.5829056112493,99836,408,253,121,39,36581,19545,0.5621819784446492,203,93,20248,19769,15840,8179,13178,21665,36286,22925,0,0,19434,12100,13939,4076,4377,387,0,0,0,0,34884,4503,6136,0,0,0,0,0
575,8013,576.3101586772599,99836,394,253,121,39,36624,19560,0.5627629312071798,193,96,20252,19774,15797,8141,13241,21695,36374,23020,0,0,19320,12066,14003,4068,4404,392,0,0,0,0,34953,4478,6152,0,0,0,0,0
576,8013,577.0380477298315,99836,388,240,121,39,36659,19576,0.563273768981129,185,97,20246,19768,15760,8124,13298,21730,36461,23114,0,0,19211,12026,14085,4059,4427,394,0,0,0,0,35012,4453,6169,0,0,0,0,0
577,8013,578.4942716497353,99835,370,233,122,39,36724,19619,0.564361195973356,176,77,20309,19846,15710,8104,13311,21699,36547,23207,0,0,19084,12007,14161,4051,4464,405,0,0,0,0,35055,4430,6178,0,0,0,0,0
578,8013,579.2208162482875,99835,376,222,122,39,36753,19630,0.5647618570641558,174,77,20317,19853,15652,8086,13357,21721,36633,23300,0,0,18976,11953,14237,4044,4477,410,0,0,0,0,35133,4421,6184,0,0,0,0,0
579,8013,580.6732186399173,99834,342,207,123,39,36810,19656,0.5655988941643127,175,70,20381,19928,15610,8064,13367,21690,36718,23392,0,0,18842,11929,14310,4053,4512,413,0,0,0,0,35188,4389,6198,0,0,0,0,0
580,8013,581.3972390994958,99834,332,197,123,39,36837,19666,0.5659695093855801,165,81,20365,19941,15573,8038,13440,21702,36802,23484,0,0,18745,11878,14393,4042,4535,414,0,0,0,0,35244,4370,6213,0,0,0,0,0
581,8013,582.1213672878589,99833,338,190,124,39,36870,19674,0.5663858643935372,159,86,20369,19949,15525,7998,13483,21736,36885,23575,0,0,18638,11834,14460,4028,4557,415,0,0,0,0,35322,4358,6221,0,0,0,0,0
582,8013,583.5709379038019,99833,332,201,124,39,36933,19712,0.5673975539150381,135,81,20452,20008,15465,7967,13490,21702,36967,23666,0,0,18532,11788,14542,4033,4580,420,0,0,0,0,35371,4331,6236,0,0,0,0,0
583,8013,584.2935236630741,99833,326,195,124,39,36963,19722,0.5677982230324642,133,86,20457,20023,15408,7932,13550,21723,37048,23756,0,0,18427,11760,14594,4023,4601,424,0,0,0,0,35443,4305,6256,0,0,0,0,0
584,8013,585.0154868590877,99833,317,189,124,39,36997,19736,0.5682790259733755,122,83,20473,20026,15366,7913,13596,21748,37129,23846,0,0,18328,11713,14666,4016,4627,426,0,0,0,0,35504,4285,6268,0,0,0,0,0
585,8013,586.4588270940789,99833,291,182,124,39,37034,19772,0.5690102471126782,129,73,20558,20100,15295,7894,13601,21710,37209,23935,0,0,18211,11681,14735,4023,4656,430,0,0,0,0,35558,4259,6280,0,0,0,0,0
586,8013,587.1781154149752,99833,271,180,124,39,37054,19786,0.5693508158624904,136,71,20561,20118,15254,7863,13652,21727,37288,24024,0,0,18120,11632,14809,4012,4673,437,0,0,0,0,35611,4244,6295,0,0,0,0,0
587,8013,588.6155706902383,99833,250,163,124,39,37107,19811,0.5701321206414712,117,70,20624,20182,15213,7842,13670,21702,37366,24112,0,0,18011,11609,14893,4006,4704,442,0,0,0,0,35640,4215,6313,0,0,0,0,0
588,8013,589.332410606185,99833,244,167,124,39,37127,19826,0.5704827061192191,112,65,20623,20199,15166,7821,13729,21707,37443,24200,0,0,17911,11569,14949,3996,4723,444,0,0,0,0,35718,4198,6325,0,0,0,0,0
589,8013,590.0493310798797,99833,237,156,124,39,37148,19839,0.5708232748690313,106,60,20617,20214,15131,7809,13783,21720,37520,24287,0,0,17797,11543,15001,3992,4736,449,0,0,0,0,35796,4181,6338,0,0,0,0,0
590,8013,591.4837808748766,99833,224,150,124,39,37189,19861,0.5714543287289774,97,57,20678,20290,15065,7778,13810,21684,37596,24374,0,0,17702,11503,15076,3985,4764,453,0,0,0,0,35838,4160,6352,0,0,0,0,0
591,8013,592.199610018103,99833,223,155,124,39,37213,19878,0.5718650145743391,79,49,20703,20302,15010,7750,13859,21703,37671,24460,0,0,17614,11461,15143,3968,4786,455,0,0,0,0,35899,4145,6362,0,0,0,0,0
592,8013,593.6298786820906,99831,214,135,126,39,37249,19891,0.5723673007382476,76,56,20766,20402,14949,7720,13867,21646,37745,24546,0,0,17515,11437,15214,3956,4804,464,0,0,0,0,35944,4119,6378,0,0,0,0,0
593,8013,594.3426907857508,99830,200,140,127,39,37257,19906,0.5726034258239007,79,47,20775,20421,14893,7693,13924,21658,37819,24631,0,0,17438,11391,15280,3936,4824,468,0,0,0,0,35998,4101,6394,0,0,0,0,0
594,8013,595.055426764079,99830,197,139,127,39,37271,19922,0.572903936692377,85,39,20792,20424,14824,7676,13973,21681,37892,24716,0,0,17364,11345,15340,3926,4844,470,0,0,0,0,36050,4075,6416,0,0,0,0,0
595,8013,596.4798892551918,99829,184,130,128,39,37299,19939,0.5733604463632812,84,41,20845,20510,14771,7646,13986,21632,37964,24800,0,0,17260,11310,15407,3922,4860,475,0,0,0,0,36110,4060,6425,0,0,0,0,0
596,8013,597.1896618099609,99829,179,120,128,39,37312,19944,0.5735407546905208,82,43,20851,20518,14725,7631,14033,21647,38035,24884,0,0,17173,11277,15463,3911,4875,476,0,0,0,0,36171,4035,6448,0,0,0,0,0
597,8013,598.6100739609153,99829,167,113,128,39,37338,19961,0.5739714912500375,80,44,20944,20577,14645,7606,14034,21619,38106,24967,0,0,17081,11244,15523,3905,4899,478,0,0,0,0,36224,4012,6463,0,0,0,0,0
598,8013,599.3175229427612,99829,165,114,128,39,37357,19974,0.5742920393873524,72,40,20968,20586,14598,7578,14067,21641,38176,25050,0,0,17002,11207,15575,3888,4923,480,0,0,0,0,36281,3993,6480,0,0,0,0,0
599,8013,600.0246489189058,99829,174,102,128,39,37377,19979,0.5745424676196296,66,42,20973,20607,14542,7559,14115,21649,38245,25132,0,0,16924,11166,15631,3875,4938,485,0,0,0,0,36342,3976,6492,0,0,0,0,0
600,8013,601.4372887839306,99829,167,95,128,39,37408,19990,0.5749631870498553,54,42,21047,20707,14478,7509,14124,21606,38314,25214,0,0,16834,11133,15685,3867,4961,487,0,0,0,0,36397,3954,6511,0,0,0,0,0
601,8013,602.1413517046439,99829,160,94,128,39,37416,19998,0.5751234611185126,55,40,21056,20725,14430,7486,14169,21614,38382,25295,0,0,16753,11091,15733,3862,4974,489,0,0,0,0,36464,3935,6528,0,0,0,0,0
602,8013,603.5489566193323,99828,145,91,129,39,37438,20010,0.5754698080698802,52,34,21133,20804,14364,7449,14175,21581,38449,25376,0,0,16670,11048,15800,3863,4988,490,0,0,0,0,36512,3912,6545,0,0,0,0,0
603,8013,604.250354963321,99828,137,86,129,39,37444,20011,0.575539928677325,55,38,21156,20831,14310,7420,14211,21584,38516,25456,0,0,16593,11007,15844,3849,5010,491,0,0,0,0,36581,3896,6557,0,0,0,0,0
604,8013,605.6521910956382,99827,136,97,129,40,37466,20030,0.5759564045799233,55,32,21232,20912,14238,7381,14208,21536,38582,25536,0,0,16504,10976,15887,3842,5026,492,0,0,0,0,36649,3877,6574,0,0,0,0,0
605,8013,606.3507782224395,99826,126,86,129,41,37476,20034,0.5761024182076814,55,33,21246,20943,14196,7349,14246,21546,38647,25615,0,0,16429,10933,15947,3834,5043,493,0,0,0,0,36700,3859,6588,0,0,0,0,0
606,8013,607.048805098902,99825,128,81,130,41,37489,20039,0.5762885048835462,49,29,21264,20956,14136,7323,14291,21568,38712,25694,0,0,16355,10892,15996,3822,5059,495,0,0,0,0,36761,3842,6603,0,0,0,0,0
607,8013,608.4436247342691,99825,129,74,130,41,37508,20052,0.5766090658652642,40,25,21332,21025,14069,7294,14298,21539,38776,25772,0,0,16285,10852,16064,3811,5073,499,0,0,0,0,36801,3824,6616,0,0,0,0,0
608,8013,609.1389894945493,99824,122,63,130,42,37512,20055,0.5766849655393492,48,24,21357,21049,13997,7271,14344,21549,38839,25850,0,0,16220,10806,16112,3796,5098,500,0,0,0,0,36855,3809,6628,0,0,0,0,0
609,8013,610.5282352505756,99824,116,53,130,42,37527,20060,0.5768853181599616,48,27,21415,21115,13930,7249,14359,21512,38902,25927,0,0,16134,10772,16161,3792,5111,502,0,0,0,0,36918,3793,6641,0,0,0,0,0
610,8013,611.220608793179,99824,118,53,130,42,37539,20066,0.5770656355185125,41,25,21436,21136,13876,7218,14397,21524,38964,26004,0,0,16061,10736,16204,3781,5124,505,0,0,0,0,36980,3777,6656,0,0,0,0,0
611,8013,612.6048283240729,99823,121,47,130,43,37555,20074,0.5773118419602696,38,24,21533,21222,13786,7172,14390,21490,39026,26080,0,0,16000,10687,16255,3772,5142,508,0,0,0,0,37028,3759,6672,0,0,0,0,0
612,8013,613.294091471049,99823,108,45,130,43,37559,20077,0.5773819660799615,38,23,21548,21239,13742,7146,14432,21502,39087,26156,0,0,15935,10643,16305,3765,5156,510,0,0,0,0,37082,3738,6689,0,0,0,0,0
613,8013,614.6711001132853,99823,105,50,130,43,37573,20089,0.5776424270959598,39,21,21615,21345,13665,7093,14444,21446,39147,26231,0,0,15866,10615,16342,3749,5176,514,0,0,0,0,37137,3721,6703,0,0,0,0,0
614,8013,615.3576925890886,99823,94,46,130,43,37578,20091,0.5777125512156517,38,24,21633,21352,13618,7076,14485,21457,39207,26306,0,0,15795,10573,16389,3744,5189,516,0,0,0,0,37197,3705,6715,0,0,0,0,0
615,8013,616.0438775048881,99823,99,45,130,43,37586,20092,0.5778027107981126,34,26,21647,21382,13557,7042,14531,21460,39266,26381,0,0,15727,10535,16426,3730,5206,516,0,0,0,0,37264,3690,6729,0,0,0,0,0
616,8013,617.414842395768,99823,91,46,130,43,37594,20103,0.5779930476944192,34,27,21710,21445,13500,7008,14533,21429,39325,26455,0,0,15653,10505,16465,3717,5226,517,0,0,0,0,37323,3673,6744,0,0,0,0,0
617,8013,618.0980050730327,99823,90,43,130,43,37601,20105,0.5780832072768801,35,28,21725,21473,13444,6981,14574,21430,39383,26529,0,0,15587,10466,16507,3700,5247,518,0,0,0,0,37383,3662,6753,0,0,0,0,0
618,8013,619.464174122847,99823,84,41,130,43,37612,20114,0.5782835619045711,36,22,21800,21565,13360,6935,14588,21392,39440,26602,0,0,15519,10437,16541,3683,5275,519,0,0,0,0,37438,3644,6767,0,0,0,0,0
619,8013,620.1451454857178,99823,80,41,130,43,37618,20117,0.578373721487032,36,20,21822,21598,13303,6909,14627,21387,39497,26675,0,0,15450,10401,16584,3673,5287,521,0,0,0,0,37499,3630,6778,0,0,0,0,0
620,8013,621.0354350105065,99823,79,41,130,43,37620,20119,0.5784137924125703,35,20,21798,21583,13274,6890,14682,21421,39553,26747,0,0,15383,10367,16621,3658,5299,525,0,0,0,0,37562,3622,6786,0,0,0,0,0
621,8013,622.6047154237215,99823,74,32,130,43,37638,20126,0.5786642356971841,31,20,21960,21773,13172,6833,14631,21297,39609,26819,0,0,15308,10336,16670,3649,5317,527,0,0,0,0,37613,3607,6796,0,0,0,0,0
622,8013,623.2810488717039,99823,77,33,130,43,37642,20127,0.5787143243541067,27,19,21936,21751,13136,6819,14692,21333,39664,26890,0,0,15250,10296,16711,3637,5327,529,0,0,0,0,37670,3593,6810,0,0,0,0,0
623,8013,624.3186109353111,99823,75,35,130,43,37651,20134,0.5788746080562596,23,14,21991,21827,13065,6780,14714,21299,39719,26961,0,0,15182,10254,16758,3631,5339,530,0,0,0,0,37729,3584,6816,0,0,0,0,0
624,8013,625.2095807527962,99823,70,36,130,43,37654,20138,0.5789447321759514,24,11,22021,21854,13009,6753,14744,21301,39773,27031,0,0,15116,10217,16796,3622,5351,532,0,0,0,0,37790,3573,6826,0,0,0,0,0
625,8013,626.2945444959053,99823,66,32,130,43,37660,20142,0.5790449094897969,24,13,22124,21935,12923,6711,14731,21264,39827,27101,0,0,15053,10190,16826,3606,5375,534,0,0,0,0,37845,3557,6837,0,0,0,0,0
626,8013,627.5639043322,99823,67,29,130,43,37665,20143,0.5791050158781043,26,13,22164,21968,12852,6677,14759,21268,39880,27171,0,0,14989,10152,16864,3591,5393,535,0,0,0,0,37906,3551,6842,0,0,0,0,0
627,8013,628.22817260654,99823,61,28,130,43,37667,20146,0.5791551045350269,26,13,22178,22000,12814,6647,14789,21267,39933,27240,0,0,14923,10125,16895,3576,5411,536,0,0,0,0,37965,3538,6854,0,0,0,0,0
628,8013,629.5956317316543,99823,58,23,130,43,37676,20149,0.5792753173116416,25,15,22256,22107,12738,6607,14791,21203,39985,27309,0,0,14858,10093,16939,3566,5425,537,0,0,0,0,38015,3525,6865,0,0,0,0,0
629,8013,630.0792324122057,99823,57,29,130,43,37683,20158,0.5794356010137944,54,34,22278,22115,12669,6575,14810,21202,40037,27377,0,0,14797,10049,16978,3558,5436,540,1,0,0,2,38073,3519,6870,0,0,0,0,0
630,8013,631.2061876054327,99823,65,37,130,43,37697,20170,0.5796960620297927,55,34,22342,22171,12591,6527,14815,21186,40088,27445,0,0,14738,10017,17009,3546,5448,541,3,0,0,9,38123,3502,6887,0,0,0,0,0
631,8013,632.3298223545153,99823,73,43,130,43,37716,20184,0.5800266471654829,56,27,22386,22220,12517,6505,14836,21160,40139,27512,0,0,14674,9988,17034,3525,5472,543,7,0,0,16,38176,3493,6895,0,0,0,0,0
632,8013,633.4509376486067,99823,82,43,130,43,37733,20190,0.5802570549873276,60,31,22434,22284,12449,6473,14843,21124,40189,27579,0,0,14609,9957,17063,3513,5485,546,12,0,0,21,38231,3482,6904,0,0,0,0,0
633,8013,634.0101016200607,99823,87,48,130,43,37744,20197,0.5804373741522495,52,29,22442,22290,12408,6448,14879,21140,40239,27646,0,0,14550,9920,17099,3505,5491,549,13,0,0,26,38284,3470,6916,0,0,0,0,0
634,8013,635.1283056718981,99823,88,41,130,43,37762,20199,0.5806377287799405,49,39,22499,22353,12340,6431,14892,21091,40288,27712,0,0,14488,9883,17129,3493,5510,551,22,0,0,31,38332,3456,6928,0,0,0,0,0
635,8013,636.2437236176557,99823,88,38,130,43,37776,20209,0.5808781543331697,51,38,22560,22428,12277,6408,14892,21043,40337,27778,0,0,14432,9846,17160,3483,5527,552,31,0,0,41,38369,3436,6946,0,0,0,0,0
636,8013,637.3560745954046,99823,88,45,130,43,37789,20217,0.5810885266922453,48,40,22613,22480,12220,6373,14899,21017,40385,27843,0,0,14378,9808,17196,3478,5536,554,31,0,0,48,38416,3421,6957,0,0,0,0,0
637,8013,638.4657948407104,99822,84,51,131,43,37800,20228,0.581314740237623,46,37,22658,22534,12164,6341,14915,20992,40433,27908,0,0,14323,9759,17239,3474,5547,554,35,0,0,54,38460,3411,6966,0,0,0,0,0
638,8013,639.019492809265,99822,78,57,131,43,37802,20239,0.5814449720502495,50,29,22665,22537,12123,6321,14951,21011,40480,27972,0,0,14260,9730,17264,3465,5559,557,38,0,0,57,38517,3400,6975,0,0,0,0,0
639,8013,640.126702516481,99822,79,53,131,43,37818,20248,0.5816954178437619,50,27,22696,22589,12077,6302,14965,20984,40527,28036,0,0,14203,9690,17295,3465,5572,557,41,0,0,69,38559,3383,6988,0,0,0,0,0
640,8013,641.2321676041406,99822,81,52,131,43,37834,20257,0.5819458636372743,55,24,22772,22659,11999,6270,14960,20950,40573,28100,0,0,14159,9643,17334,3458,5588,558,43,0,0,80,38590,3369,7000,0,0,0,0,0
641,8013,642.3345694222674,99822,84,47,131,43,37848,20261,0.5821261846086033,56,27,22820,22736,11943,6239,14964,20906,40619,28163,0,0,14105,9600,17370,3450,5600,562,47,0,0,86,38634,3363,7005,0,0,0,0,0
642,8013,643.4341723319774,99822,82,46,131,43,37867,20271,0.5824167017290778,58,21,22883,22790,11880,6218,14964,20880,40665,28226,0,0,14055,9558,17402,3442,5619,565,51,0,0,98,38668,3351,7013,0,0,0,0,0
643,8013,644.5309514237633,99822,92,39,131,43,37889,20273,0.5826571296908497,49,21,22944,22852,11809,6185,14973,20858,40710,28288,0,0,14003,9526,17429,3429,5639,565,52,0,0,110,38707,3339,7023,0,0,0,0,0
644,8013,645.0782343298124,99822,89,39,131,43,37898,20274,0.5827573080082546,48,25,22943,22860,11775,6164,15012,20867,40755,28350,0,0,13951,9489,17462,3421,5652,566,55,0,0,113,38753,3326,7034,0,0,0,0,0
645,8013,646.1718435896535,99822,89,41,131,43,37909,20283,0.5829576646430646,42,21,23006,22921,11721,6139,15009,20833,40799,28412,0,0,13893,9454,17493,3413,5664,568,58,0,0,121,38800,3319,7039,0,0,0,0,0
646,8013,647.2628700287238,99822,90,45,131,43,37917,20288,0.5830878964556911,40,18,23008,22929,11689,6121,15040,20842,40843,28473,0,0,13840,9426,17520,3406,5670,570,59,0,0,126,38847,3302,7056,0,0,0,0,0
647,8013,648.2730426876328,99822,87,36,131,43,37932,20292,0.5832782352587605,44,26,23106,23022,11617,6102,15013,20769,40886,28534,0,0,13777,9396,17542,3400,5684,572,65,0,0,141,38889,3293,7063,0,0,0,0,0
648,8013,649.3596501468298,99822,89,35,131,43,37944,20294,0.5834184849031275,43,31,23148,23096,11569,6070,15018,20723,40929,28594,0,0,13727,9368,17566,3383,5707,572,66,0,0,147,38932,3284,7070,0,0,0,0,0
649,8013,650.4437905225917,99822,81,45,131,43,37950,20307,0.583608823706197,53,24,23189,23157,11521,6031,15023,20698,40972,28654,0,0,13680,9327,17602,3376,5719,575,69,0,0,152,38971,3275,7076,0,0,0,0,0
650,8013,651.5258082230982,99822,85,45,131,43,37968,20312,0.5838392338362285,54,28,23229,23216,11473,6003,15026,20663,41014,28714,0,0,13625,9293,17626,3375,5732,576,71,0,0,155,39021,3261,7087,0,0,0,0,0
651,8013,652.0657885960578,99822,83,48,131,43,37977,20318,0.583989501312336,55,24,23235,23232,11441,5982,15053,20669,41056,28773,0,0,13571,9258,17658,3372,5740,578,72,0,0,160,39069,3252,7092,0,0,0,0,0
652,8013,653.1457431209004,99822,83,47,131,43,37989,20324,0.5841698222836649,62,27,23269,23290,11384,5965,15069,20626,41097,28832,0,0,13523,9231,17681,3362,5754,582,74,0,0,167,39108,3237,7103,0,0,0,0,0
653,8013,654.223906646767,99822,83,50,131,43,38000,20331,0.5843501432549939,57,25,23317,23347,11343,5934,15067,20599,41138,28890,0,0,13472,9198,17709,3361,5760,584,75,0,0,173,39152,3223,7115,0,0,0,0,0
654,8013,655.2999346215639,99822,79,52,131,43,38015,20336,0.5845504998898039,62,30,23366,23405,11309,5895,15051,20573,41179,28948,0,0,13423,9161,17740,3354,5772,586,79,0,0,181,39189,3212,7125,0,0,0,0,0
655,8013,656.3736747957538,99822,83,53,131,43,38033,20347,0.5848410170102782,56,25,23433,23469,11247,5867,15048,20541,41219,29006,0,0,13368,9129,17769,3345,5785,587,87,0,0,190,39227,3201,7134,0,0,0,0,0
656,8013,657.4446509204085,99822,77,49,131,43,38043,20354,0.5850113201498668,63,21,23464,23522,11210,5848,15053,20515,41259,29063,0,0,13314,9099,17790,3339,5801,587,91,0,0,203,39264,3190,7144,0,0,0,0,0
657,8013,658.5137713199509,99822,76,45,131,43,38055,20358,0.5851716054577147,60,20,23508,23563,11165,5833,15058,20494,41299,29120,0,0,13269,9065,17815,3330,5815,592,94,0,0,208,39301,3180,7153,0,0,0,0,0
658,8013,659.4728391521907,99822,74,47,131,43,38071,20367,0.5854220512512271,61,23,23599,23636,11106,5805,15027,20444,41338,29177,0,0,13224,9032,17839,3319,5834,595,95,0,0,218,39335,3172,7159,0,0,0,0,0
659,8013,660.0049638627827,99822,81,47,131,43,38079,20370,0.5855322474003727,65,24,23603,23652,11072,5786,15046,20446,41377,29233,0,0,13181,8996,17873,3308,5847,596,95,0,0,219,39377,3168,7162,0,0,0,0,0
660,8013,661.068002338655,99822,83,47,131,43,38094,20376,0.5857426218669232,66,28,23653,23721,11027,5762,15038,20397,41415,29289,0,0,13145,8958,17906,3303,5853,601,95,0,0,230,39402,3156,7173,0,0,0,0,0
661,8013,662.1286463981132,99822,94,49,131,43,38114,20385,0.5860331389873976,56,29,23714,23779,10970,5740,15033,20358,41453,29344,0,0,13096,8929,17930,3298,5863,603,95,0,0,238,39443,3147,7180,0,0,0,0,0
662,8013,663.1866179265731,99822,104,50,131,43,38132,20391,0.5862735669491695,50,35,23767,23843,10919,5716,15027,20311,41491,29399,0,0,13045,8898,17957,3291,5871,607,99,0,0,241,39487,3143,7183,0,0,0,0,0
663,8013,664.2423047702428,99822,112,51,131,43,38149,20399,0.586524012742682,47,35,23789,23889,10885,5692,15034,20288,41528,29454,0,0,12998,8876,17979,3280,5886,607,103,0,0,249,39522,3128,7194,0,0,0,0,0
664,8013,665.2963335088144,99822,109,54,131,43,38167,20410,0.5868145298631564,46,30,23827,23947,10856,5674,15029,20250,41565,29508,0,0,12945,8847,18000,3278,5895,608,112,0,0,261,39554,3113,7209,0,0,0,0,0
665,8013,666.3490378622562,99822,105,55,131,43,38178,20419,0.5870148864979664,55,33,23866,24007,10809,5655,15032,20205,41602,29562,0,0,12901,8816,18025,3269,5913,609,115,0,0,270,39586,3103,7215,0,0,0,0,0
666,8013,667.3998739511626,99822,106,53,131,43,38190,20429,0.5872352787962574,61,30,23895,24071,10767,5633,15038,20168,41638,29616,0,0,12862,8787,18046,3262,5928,612,116,0,0,281,39613,3090,7225,0,0,0,0,0
667,8013,668.4494565190921,99822,111,56,131,43,38211,20443,0.5875859029071747,64,32,23931,24121,10730,5619,15031,20127,41674,29669,0,0,12818,8755,18074,3254,5943,614,121,0,0,292,39641,3080,7230,0,0,0,0,0
668,8013,669.4973766133969,99822,113,52,131,43,38227,20453,0.5878463665324277,73,36,23979,24163,10687,5600,15015,20104,41710,29722,0,0,12777,8719,18105,3245,5958,615,125,0,0,306,39664,3071,7237,0,0,0,0,0
669,8013,670.0204586633463,99822,116,56,131,43,38237,20457,0.5879866161767947,74,39,23981,24178,10658,5584,15038,20098,41745,29775,0,0,12737,8684,18135,3240,5967,617,125,0,0,307,39703,3065,7242,0,0,0,0,0
670,8013,671.0659899034843,99822,114,57,131,43,38252,20464,0.5882070084750857,81,41,24039,24233,10617,5558,15016,20066,41780,29827,0,0,12695,8655,18160,3232,5979,620,128,0,0,317,39732,3054,7250,0,0,0,0,0
671,8013,672.1091891642435,99822,126,63,131,43,38279,20475,0.5885876860812246,80,36,24086,24279,10566,5534,15009,20043,41815,29879,0,0,12653,8624,18185,3227,5989,623,132,0,0,324,39763,3043,7259,0,0,0,0,0
672,8013,673.149871057583,99822,119,65,131,43,38297,20485,0.5888681853699586,92,37,24127,24341,10519,5511,15010,20001,41849,29931,0,0,12604,8585,18215,3224,6002,625,143,0,0,334,39791,3039,7260,0,0,0,0,0
673,8013,674.1888302171961,99822,119,64,131,43,38318,20495,0.589178738153914,83,40,24166,24392,10478,5488,15021,19971,41883,29982,0,0,12561,8556,18231,3212,6028,627,146,0,0,344,39821,3034,7262,0,0,0,0,0
674,8013,675.2260344324284,99822,113,71,131,43,38333,20509,0.5894692552743884,82,31,24227,24427,10449,5479,14996,19947,41917,30033,0,0,12517,8527,18252,3209,6041,628,150,0,0,355,39850,3020,7273,0,0,0,0,0
675,8013,676.2611092237781,99822,112,69,131,43,38348,20518,0.5897096832361604,94,29,24266,24485,10413,5467,14982,19905,41951,30084,0,0,12472,8500,18270,3203,6058,629,152,0,0,367,39881,3011,7279,0,0,0,0,0
676,8013,677.2940225571349,99822,128,66,131,43,38379,20523,0.5900703251788183,81,33,24313,24553,10375,5444,14970,19859,41984,30134,0,0,12428,8471,18289,3197,6075,630,154,0,0,375,39915,3005,7283,0,0,0,0,0
677,8013,678.3252562605804,99821,129,64,132,43,38401,20536,0.5904268640867152,81,32,24368,24612,10334,5432,14954,19815,42017,30184,0,0,12392,8447,18306,3183,6098,631,156,0,0,394,39930,2991,7293,0,0,0,0,0
678,8013,679.3540926952388,99821,129,59,132,43,38420,20542,0.5906773123891766,81,31,24407,24677,10302,5409,14947,19779,42050,30234,0,0,12343,8427,18323,3178,6109,633,160,0,0,410,39959,2978,7301,0,0,0,0,0
679,8013,680.3811043684194,99821,132,65,132,43,38443,20553,0.5910179220805242,75,26,24452,24741,10268,5380,14939,19743,42082,30283,0,0,12302,8405,18335,3173,6124,634,163,0,0,419,39988,2961,7317,0,0,0,0,0
680,8013,681.4061312305747,99821,128,66,132,43,38460,20561,0.5912683703829855,78,29,24498,24800,10244,5356,14918,19704,42114,30332,0,0,12257,8378,18357,3167,6135,638,169,0,0,430,40016,2955,7319,0,0,0,0,0
681,8013,682.429421178078,99821,127,65,132,43,38478,20571,0.5915488724817424,79,37,24541,24857,10208,5339,14911,19657,42146,30381,0,0,12210,8352,18376,3166,6143,641,171,0,0,447,40044,2948,7323,0,0,0,0,0
682,8013,683.4510221282975,99821,124,65,132,43,38491,20583,0.5917993207842037,87,39,24610,24915,10159,5325,14886,19611,42178,30429,0,0,12171,8323,18399,3161,6154,644,173,0,0,458,40069,2940,7329,0,0,0,0,0
683,8013,684.4699447509681,99821,130,63,132,43,38512,20592,0.5920998587471574,90,39,24653,24974,10109,5313,14884,19566,42209,30477,0,0,12131,8297,18417,3157,6169,646,174,0,0,469,40097,2931,7333,0,0,0,0,0
684,8013,685.4864224555342,99821,135,70,132,43,38534,20606,0.5924605043027018,85,45,24711,25031,10068,5279,14867,19530,42240,30525,0,0,12093,8265,18443,3151,6182,648,176,0,0,481,40121,2927,7334,0,0,0,0,0
685,8013,686.5008083620127,99821,133,71,132,43,38555,20618,0.5927910960619509,82,46,24767,25072,10039,5265,14845,19501,42271,30572,0,0,12052,8241,18459,3145,6197,650,179,0,0,498,40142,2916,7342,0,0,0,0,0
686,8013,687.0068928615633,99821,139,76,132,43,38570,20627,0.5930315264323138,71,43,24780,25096,10013,5254,14863,19486,42301,30619,0,0,12021,8215,18483,3129,6215,651,182,0,0,504,40164,2909,7348,0,0,0,0,0
687,8013,688.0184337038088,99821,146,70,132,43,38586,20630,0.5932218671421845,73,46,24815,25155,9975,5239,14857,19445,42331,30666,0,0,11981,8191,18502,3125,6225,653,184,0,0,512,40194,2900,7354,0,0,0,0,0
688,8013,689.0282362460106,99821,139,66,132,43,38604,20639,0.5934923513088428,82,50,24861,25217,9939,5224,14845,19398,42361,30713,0,0,11941,8165,18522,3119,6238,656,187,0,0,533,40209,2892,7359,0,0,0,0,0
689,8013,690.0363324742053,99821,141,67,132,43,38632,20653,0.593913104456978,76,45,24904,25273,9918,5213,14827,19357,42391,30759,0,0,11898,8146,18533,3109,6257,659,192,0,0,550,40230,2881,7366,0,0,0,0,0
690,8013,691.0426629154548,99821,144,67,132,43,38654,20666,0.5942637320804239,69,44,24940,25326,9887,5202,14826,19316,42420,30805,0,0,11859,8117,18557,3105,6268,661,196,0,0,566,40249,2874,7369,0,0,0,0,0
691,8013,692.0474980371998,99821,136,74,132,43,38666,20680,0.5945241983149838,75,36,24979,25370,9858,5184,14818,19291,42449,30851,0,0,11810,8098,18568,3103,6274,666,199,0,0,576,40285,2866,7376,0,0,0,0,0
692,8013,693.050812449081,99820,148,74,133,43,38693,20687,0.5948707673812863,68,42,25007,25410,9827,5160,14815,19269,42478,30896,0,0,11773,8064,18594,3103,6283,668,204,0,0,581,40311,2859,7380,0,0,0,0,0
693,8013,694.0528405221828,99820,140,69,133,43,38707,20693,0.5950711280304548,71,49,25064,25461,9788,5148,14802,19228,42507,30941,0,0,11727,8044,18607,3098,6298,671,210,0,0,590,40342,2848,7385,0,0,0,0,0
694,8013,695.0528218346224,99820,134,73,133,43,38725,20701,0.5953315968743739,76,53,25111,25522,9758,5129,14786,19178,42535,30986,0,0,11695,8015,18629,3092,6312,672,215,0,0,604,40355,2838,7393,0,0,0,0,0
695,8013,696.0509055694366,99820,141,72,133,43,38747,20712,0.5956621919455019,72,54,25156,25573,9718,5114,14778,19142,42563,31030,0,0,11656,7996,18641,3085,6326,676,217,0,0,615,40381,2830,7397,0,0,0,0,0
696,8013,697.0470528108876,99820,127,77,133,43,38758,20724,0.5958926066920457,87,50,25203,25621,9685,5103,14763,19104,42591,31074,0,0,11616,7975,18654,3076,6346,677,221,0,0,629,40403,2823,7400,0,0,0,0,0
697,8013,698.0414307547424,99819,136,83,134,43,38782,20743,0.5963293561346036,82,46,25230,25669,9658,5093,14758,19064,42619,31118,0,0,11576,7954,18670,3068,6360,680,226,0,0,639,40428,2815,7403,0,0,0,0,0
698,8013,699.0345858958935,99819,127,86,134,43,38798,20752,0.5965798094551138,83,48,25285,25721,9636,5080,14733,19020,42646,31162,0,0,11530,7937,18677,3063,6378,681,231,0,0,649,40459,2806,7408,0,0,0,0,0
699,8013,700.0257511697207,99819,133,82,134,43,38820,20759,0.5968703353069055,86,59,25307,25778,9607,5066,14731,18970,42673,31205,0,0,11492,7916,18692,3055,6391,684,235,0,0,660,40482,2798,7414,0,0,0,0,0
700,8013,701.0156733092495,99819,129,91,134,43,38837,20778,0.5972309880884401,82,47,25338,25840,9587,5049,14728,18928,42700,31248,0,0,11454,7898,18703,3047,6409,686,237,0,0,673,40505,2788,7419,0,0,0,0,0
701,8013,702.0044554224237,99818,129,84,135,43,38858,20789,0.5975575547496443,84,43,25380,25908,9563,5040,14707,18880,42727,31291,0,0,11425,7870,18719,3039,6432,687,242,0,0,689,40512,2778,7425,0,0,0,0,0
702,8013,703.48491048539,99818,135,96,135,43,38888,20814,0.5981085575747861,94,30,25458,25986,9512,5027,14664,18816,42753,31334,0,0,11387,7845,18733,3033,6447,689,248,0,0,706,40527,2771,7432,0,0,0,0,0
703,8013,704.4692232762555,99818,139,95,135,43,38911,20822,0.5984191228035024,80,31,25508,26047,9488,5011,14648,18771,42779,31376,0,0,11349,7822,18748,3028,6462,690,256,0,0,713,40549,2761,7440,0,0,0,0,0
704,8013,705.4514967425014,99818,147,96,135,43,38932,20832,0.5987296880322186,76,34,25539,26102,9464,5002,14637,18721,42805,31418,0,0,11314,7805,18757,3020,6481,691,257,0,0,721,40575,2752,7445,0,0,0,0,0
705,8013,706.4324327708434,99818,142,93,135,43,38950,20839,0.5989801438618285,80,39,25586,26152,9437,4992,14618,18679,42831,31460,0,0,11279,7779,18773,3018,6494,693,259,0,0,736,40593,2744,7450,0,0,0,0,0
706,8013,707.4117194605229,99818,147,96,135,43,38972,20847,0.5992806908573604,73,44,25624,26204,9403,4970,14616,18641,42857,31501,0,0,11239,7763,18780,3012,6509,695,262,0,0,741,40625,2735,7457,0,0,0,0,0
707,8013,708.3894594312104,99817,147,90,135,44,38990,20853,0.5995271346564213,78,54,25654,26248,9377,4958,14607,18604,42882,31542,0,0,11209,7739,18796,3008,6520,699,266,0,0,751,40640,2724,7465,0,0,0,0,0
708,8013,709.3659815597371,99816,153,85,135,45,39014,20866,0.5999038230343833,82,54,25687,26299,9354,4950,14587,18565,42907,31583,0,0,11171,7719,18804,3003,6539,700,271,0,0,765,40658,2716,7470,0,0,0,0,0
709,8013,710.3411689207135,99816,139,85,135,45,39032,20882,0.6002444497876092,90,45,25748,26355,9319,4941,14567,18527,42932,31624,0,0,11141,7695,18818,2996,6558,703,272,0,0,792,40659,2709,7473,0,0,0,0,0
710,8013,711.3143133229956,99816,136,83,135,45,39051,20896,0.6005750581069167,90,44,25773,26398,9295,4928,14569,18500,42957,31664,0,0,11108,7672,18833,2990,6572,706,275,0,0,812,40669,2702,7477,0,0,0,0,0
711,8013,712.286290199235,99816,142,86,135,45,39082,20907,0.6009958323314899,87,43,25822,26444,9253,4910,14559,18470,42981,31704,0,0,11073,7651,18843,2990,6585,709,278,0,0,825,40688,2693,7481,0,0,0,0,0
712,8013,713.2564855130299,99816,150,76,135,45,39108,20912,0.6013064037829606,96,44,25860,26495,9226,4902,14531,18436,43005,31744,0,0,11042,7628,18857,2990,6593,712,282,0,0,840,40700,2680,7492,0,0,0,0,0
713,8013,714.2252420696735,99816,149,81,135,45,39130,20922,0.6016269936683498,98,47,25893,26541,9212,4893,14511,18391,43029,31784,0,0,11009,7607,18871,2984,6609,713,286,0,0,851,40718,2671,7497,0,0,0,0,0
714,8013,715.1926049549893,99816,153,76,135,45,39156,20927,0.6019375651198204,105,56,25923,26591,9182,4885,14500,18345,43053,31823,0,0,10972,7583,18886,2986,6619,715,288,0,0,863,40740,2664,7500,0,0,0,0,0
715,8013,716.1585403296755,99815,161,78,136,45,39189,20941,0.6024144667635125,92,50,25970,26648,9156,4872,14483,18305,43077,31862,0,0,10928,7564,18892,2984,6634,718,293,0,0,874,40766,2661,7501,0,0,0,0,0
716,8013,717.123197011884,99815,174,80,136,45,39220,20952,0.6028352452036267,88,49,25993,26702,9130,4856,14477,18266,43100,31901,0,0,10896,7544,18902,2981,6647,720,294,0,0,885,40786,2652,7508,0,0,0,0,0
717,8013,718.0866168101948,99815,175,83,136,45,39241,20964,0.603165856835145,96,52,26024,26764,9099,4838,14468,18216,43123,31940,0,0,10863,7522,18920,2974,6656,724,302,0,0,898,40798,2646,7512,0,0,0,0,0
718,8013,719.0487539923897,99814,182,83,137,45,39269,20978,0.603592682389244,90,49,26046,26831,9089,4828,14454,18162,43146,31978,0,0,10828,7505,18928,2973,6664,728,305,0,0,916,40812,2636,7519,0,0,0,0,0
719,8013,720.009959861809,99814,178,86,137,45,39287,20991,0.6039032600637185,91,45,26066,26876,9074,4820,14452,18126,43169,32016,0,0,10799,7480,18943,2970,6684,728,310,0,0,926,40826,2627,7521,0,0,0,0,0
720,8013,721.4503001478153,99814,177,75,137,45,39321,21008,0.6044142104314024,87,36,26139,26959,9053,4821,14405,18062,43192,32054,0,0,10758,7448,18960,2979,6698,730,316,0,0,953,40832,2623,7517,0,0,0,0,0
721,8013,722.4083317653136,99814,171,75,137,45,39347,21020,0.6047949185485002,84,36,26178,27010,9036,4815,14392,18017,43215,32092,0,0,10725,7419,18978,2981,6713,731,316,0,0,974,40843,2619,7515,0,0,0,0,0
722,8013,723.3651948739258,99814,161,82,137,45,39366,21032,0.6051054962229747,89,38,26209,27063,9026,4803,14376,17967,43237,32129,0,0,10691,7398,18994,2978,6720,735,320,0,0,991,40856,2613,7518,0,0,0,0,0
723,8013,724.3207713018378,99814,158,77,137,45,39385,21036,0.6053359248201655,92,46,26241,27093,9006,4797,14364,17940,43259,32166,0,0,10659,7375,19004,2977,6733,737,324,0,0,1003,40872,2607,7523,0,0,0,0,0
724,8013,725.2751374594209,99814,158,75,137,45,39406,21046,0.60564650249464,91,47,26281,27122,8984,4798,14347,17911,43281,32203,0,0,10625,7355,19015,2978,6743,739,327,0,0,1019,40887,2599,7527,0,0,0,0,0
725,8013,726.2280845879881,99814,162,72,137,45,39429,21052,0.6059370428997937,96,57,26312,27177,8954,4784,14337,17863,43303,32240,0,0,10598,7340,19025,2973,6754,743,328,0,0,1030,40902,2584,7537,0,0,0,0,0
726,8013,727.1798160176355,99814,161,78,137,45,39447,21065,0.6062476205742682,103,55,26335,27224,8928,4769,14334,17827,43325,32276,0,0,10567,7321,19039,2969,6764,745,333,0,0,1041,40917,2575,7543,0,0,0,0,0
727,8013,728.1304838745081,99813,163,82,138,45,39465,21080,0.6065843126646829,107,54,26370,27265,8905,4765,14315,17787,43346,32312,0,0,10537,7302,19048,2963,6782,746,337,0,0,1049,40934,2570,7545,0,0,0,0,0
728,8013,729.0799240137374,99813,160,88,138,45,39485,21097,0.60695500586096,114,51,26404,27306,8885,4757,14297,17751,43367,32348,0,0,10506,7284,19059,2954,6796,750,342,0,0,1064,40945,2565,7548,0,0,0,0,0
729,8013,730.0281984821572,99813,156,87,138,45,39507,21110,0.607305661587168,113,55,26449,27365,8865,4743,14277,17703,43388,32384,0,0,10469,7268,19063,2948,6816,753,350,0,0,1075,40963,2558,7550,0,0,0,0,0
730,8013,731.4477241025836,99813,162,91,138,45,39545,21129,0.6078767294841353,112,54,26511,27436,8845,4730,14230,17642,43409,32420,0,0,10442,7235,19080,2947,6833,755,356,0,0,1093,40966,2553,7553,0,0,0,0,0
731,8013,732.3921492087768,99813,172,94,138,45,39570,21141,0.6082474226804123,114,52,26544,27485,8818,4726,14212,17596,43430,32455,0,0,10412,7216,19090,2946,6845,755,357,0,0,1105,40983,2546,7558,0,0,0,0,0
732,8013,733.3351532666377,99813,181,90,138,45,39600,21152,0.6086581908168275,105,49,26587,27539,8800,4720,14187,17555,43451,32490,0,0,10387,7194,19103,2942,6858,757,358,0,0,1127,40985,2540,7562,0,0,0,0,0
733,8013,734.276753575831,99813,180,99,138,45,39623,21170,0.6090689589532425,113,46,26633,27576,8773,4711,14161,17521,43471,32525,0,0,10356,7177,19112,2937,6877,759,361,0,0,1140,41000,2536,7558,0,0,0,0,0
734,8013,735.2167697463577,99813,189,98,138,45,39653,21179,0.6094596896195886,111,53,26663,27621,8757,4706,14140,17475,43491,32560,0,0,10325,7161,19117,2935,6894,760,361,0,0,1154,41017,2530,7559,0,0,0,0,0
735,8013,736.1552640338955,99813,184,109,138,45,39675,21198,0.6098704577560037,113,46,26692,27670,8736,4695,14135,17433,43511,32594,0,0,10292,7146,19123,2929,6911,763,365,0,0,1169,41031,2527,7557,0,0,0,0,0
736,8013,737.0928569043592,99813,177,108,138,45,39698,21206,0.6101810385420737,107,54,26715,27724,8737,4686,14124,17381,43531,32628,0,0,10263,7132,19124,2921,6935,767,367,0,0,1179,41048,2519,7558,0,0,0,0,0
737,8013,738.0296112837428,99813,184,114,138,45,39727,21221,0.6106218628835923,104,53,26739,27762,8724,4678,14109,17346,43551,32662,0,0,10231,7111,19133,2921,6947,769,374,0,0,1187,41065,2512,7563,0,0,0,0,0
738,8013,739.432956616361,99813,166,114,138,45,39751,21242,0.6110727059601455,126,57,26795,27843,8715,4667,14058,17272,43571,32696,0,0,10199,7082,19141,2927,6967,772,382,0,0,1208,41067,2504,7564,0,0,0,0,0
739,8013,740.3667212002812,99813,166,111,138,45,39774,21253,0.611413342951319,129,57,26822,27882,8697,4668,14046,17235,43590,32730,0,0,10174,7060,19154,2925,6981,774,386,0,0,1223,41072,2496,7568,0,0,0,0,0
740,8013,741.2997453198594,99813,169,111,138,45,39800,21267,0.6118140923526996,126,53,26856,27924,8672,4671,14037,17194,43609,32763,0,0,10148,7046,19160,2922,6992,778,388,0,0,1243,41076,2486,7574,0,0,0,0,0
741,8013,742.231701871411,99813,170,109,138,45,39829,21278,0.6122148417540801,118,59,26892,27974,8662,4663,14018,17148,43628,32796,0,0,10125,7021,19178,2921,7004,779,394,0,0,1263,41071,2477,7580,0,0,0,0,0
742,8013,743.162399382426,99813,176,113,138,45,39853,21294,0.6126155911554607,120,54,26930,28025,8646,4655,13988,17106,43647,32829,0,0,10095,7006,19186,2913,7022,779,399,0,0,1275,41084,2470,7584,0,0,0,0,0
743,8013,744.0915108687163,99813,182,102,138,45,39879,21305,0.6129862843517377,111,62,26964,28072,8631,4659,13972,17058,43666,32862,0,0,10062,6984,19198,2917,7030,780,404,0,0,1298,41089,2464,7587,0,0,0,0,0
744,8013,745.019584303019,99813,182,106,138,45,39899,21325,0.6133870337531183,111,58,26996,28115,8622,4654,13949,17020,43685,32895,0,0,10032,6968,19206,2912,7044,782,410,0,0,1314,41097,2456,7592,0,0,0,0,0
745,8013,746.4098920304071,99813,180,105,138,45,39937,21342,0.6139380641800166,122,60,27042,28204,8608,4645,13908,16939,43704,32927,0,0,9999,6947,19208,2908,7074,783,422,0,0,1329,41102,2449,7592,0,0,0,0,0
746,8013,747.3352298999259,99813,179,101,138,45,39956,21353,0.6142386262310521,132,60,27091,28258,8578,4648,13880,16886,43722,32959,0,0,9967,6933,19214,2904,7088,785,423,0,0,1345,41116,2445,7593,0,0,0,0,0
747,8013,748.2590099028794,99813,185,103,138,45,39985,21367,0.6146694318375362,137,57,27109,28309,8570,4634,13859,16850,43740,32991,0,0,9933,6918,19217,2906,7095,790,427,0,0,1358,41133,2440,7596,0,0,0,0,0
748,8013,749.1817614624194,99812,187,105,139,45,40018,21379,0.6151264377028814,143,59,27113,28342,8562,4623,13854,16824,43758,33023,0,0,9911,6898,19227,2900,7114,793,431,0,0,1373,41134,2432,7599,0,0,0,0,0
749,8013,750.1042535734093,99812,196,111,139,45,40049,21395,0.6155973229671783,141,62,27129,28383,8548,4617,13845,16780,43776,33055,0,0,9885,6885,19232,2896,7127,797,435,0,0,1384,41145,2422,7604,0,0,0,0,0
750,8013,751.0261628998057,99812,204,111,139,45,40083,21406,0.6160481705606541,141,67,27155,28426,8531,4607,13828,16742,43794,33086,0,0,9859,6871,19236,2892,7143,801,440,0,0,1396,41154,2413,7607,0,0,0,0,0
751,8013,752.4071884900308,99812,220,115,139,45,40135,21425,0.6167595078748046,131,67,27207,28497,8511,4597,13790,16677,43812,33117,0,0,9830,6853,19239,2892,7159,805,445,0,0,1417,41157,2405,7610,0,0,0,0,0
752,8013,753.3264616674734,99812,218,117,139,45,40162,21441,0.6171903177974593,135,66,27245,28549,8485,4590,13776,16631,43830,33148,0,0,9801,6835,19245,2894,7175,808,453,0,0,1427,41167,2393,7614,0,0,0,0,0
753,8013,754.2443615733617,99812,216,110,139,45,40186,21449,0.6175109205305975,148,72,27266,28599,8474,4580,13755,16592,43847,33179,0,0,9783,6815,19256,2894,7187,810,454,0,0,1452,41159,2383,7619,0,0,0,0,0
754,8013,755.1612969293088,99812,216,107,139,45,40218,21464,0.6179818057948944,142,70,27288,28652,8481,4579,13732,16545,43864,33210,0,0,9760,6800,19255,2887,7217,810,459,0,0,1472,41156,2374,7622,0,0,0,0,0
755,8013,756.0775979149558,99812,226,118,139,45,40246,21483,0.6184526910591913,138,65,27320,28701,8461,4560,13714,16509,43881,33240,0,0,9734,6785,19266,2880,7230,812,464,0,0,1481,41167,2369,7624,0,0,0,0,0
756,8013,757.4500498225947,99812,232,120,139,45,40296,21507,0.6191940848795736,134,71,27386,28760,8449,4552,13658,16450,43898,33270,0,0,9702,6764,19265,2881,7252,818,474,0,0,1498,41172,2360,7626,0,0,0,0,0
757,8013,758.3631447800661,99811,226,114,139,46,40315,21522,0.6195409323621645,149,70,27420,28785,8426,4561,13638,16422,43915,33300,0,0,9681,6746,19267,2877,7270,821,478,0,0,1521,41165,2354,7631,0,0,0,0,0
758,8013,759.2750414326691,99811,234,112,139,46,40347,21537,0.6200118223442306,152,69,27435,28819,8414,4559,13624,16393,43932,33330,0,0,9664,6726,19279,2880,7278,827,480,0,0,1535,41163,2341,7638,0,0,0,0,0
759,8013,760.1861379953278,99811,236,112,139,46,40382,21557,0.6205628638126058,150,62,27456,28861,8407,4560,13610,16357,43949,33360,0,0,9640,6697,19294,2882,7293,829,486,0,0,1559,41157,2337,7637,0,0,0,0,0
760,8013,761.0965610370301,99811,238,114,139,46,40418,21573,0.6210838484736151,147,62,27475,28892,8405,4561,13594,16323,43965,33389,0,0,9613,6678,19299,2885,7308,832,490,0,0,1576,41162,2329,7639,0,0,0,0,0
761,8013,762.00632362171,99811,241,118,139,46,40455,21590,0.6216248710062017,144,63,27488,28945,8408,4551,13578,16275,43981,33418,0,0,9583,6664,19299,2888,7320,838,494,0,0,1592,41171,2322,7640,0,0,0,0,0
762,8013,763.3697972095448,99811,237,111,139,46,40500,21606,0.6222360260893088,147,65,27536,29025,8401,4548,13538,16203,43997,33447,0,0,9562,6640,19302,2888,7345,842,498,0,0,1624,41156,2315,7639,0,0,0,0,0
763,8013,764.2776830779023,99810,234,109,140,46,40529,21620,0.6226730788498146,150,57,27550,29077,8398,4544,13526,16165,44013,33476,0,0,9534,6627,19301,2888,7363,846,503,0,0,1637,41163,2305,7643,0,0,0,0,0
764,8013,765.1850378089704,99810,231,114,140,46,40562,21638,0.6231840496944194,147,57,27578,29113,8392,4546,13510,16122,44029,33505,0,0,9510,6607,19311,2893,7373,850,507,0,0,1657,41163,2294,7645,0,0,0,0,0
765,8013,766.0915496295972,99810,222,121,140,46,40591,21654,0.6236349063220118,146,52,27609,29163,8395,4539,13486,16077,44045,33534,0,0,9472,6598,19313,2891,7386,855,514,0,0,1673,41176,2290,7642,0,0,0,0,0
766,8013,767.4495179762334,99810,234,110,140,46,40644,21666,0.6242861436729786,132,57,27664,29239,8380,4532,13448,16014,44061,33562,0,0,9442,6576,19320,2893,7403,859,526,0,0,1694,41171,2282,7644,0,0,0,0,0
767,8013,768.3534785157351,99809,227,105,141,46,40670,21677,0.6246631065334789,129,56,27711,29286,8371,4532,13419,15973,44077,33590,0,0,9419,6557,19322,2895,7424,861,527,0,0,1710,41174,2277,7643,0,0,0,0,0
768,8013,769.2560247695924,99809,221,108,141,46,40691,21692,0.6250237954493082,129,56,27751,29329,8363,4527,13393,15932,44092,33618,0,0,9395,6544,19326,2889,7444,864,530,0,0,1725,41180,2273,7639,0,0,0,0,0
769,8013,770.1572559292196,99809,219,108,141,46,40717,21704,0.6254045226382391,133,60,27779,29367,8354,4517,13372,15900,44107,33646,0,0,9378,6523,19338,2888,7460,867,533,0,0,1741,41178,2267,7636,0,0,0,0,0
770,8013,771.0574803711472,99809,218,107,141,46,40740,21713,0.625725135007865,132,66,27822,29397,8329,4517,13356,15865,44122,33674,0,0,9355,6505,19346,2886,7472,870,539,0,0,1754,41182,2262,7638,0,0,0,0,0
771,8013,772.4052927164017,99809,214,109,141,46,40774,21738,0.6263162640643629,127,64,27880,29442,8310,4514,13326,15823,44137,33702,0,0,9328,6482,19348,2894,7487,876,546,0,0,1774,41181,2256,7637,0,0,0,0,0
772,8013,773.3022626644643,99809,222,108,141,46,40808,21751,0.626787163482251,122,66,27919,29476,8294,4511,13300,15791,44152,33729,0,0,9308,6466,19355,2892,7505,877,551,0,0,1785,41182,2244,7644,0,0,0,0,0
773,8013,774.1981720200447,99809,205,112,141,46,40829,21767,0.6271578715346311,122,58,27940,29511,8301,4510,13289,15761,44167,33756,0,0,9286,6445,19361,2894,7521,880,554,0,0,1804,41180,2239,7645,0,0,0,0,0
774,8013,775.0933444359283,99809,205,113,141,46,40857,21778,0.6275486178601128,125,62,27963,29550,8289,4496,13275,15731,44182,33783,0,0,9262,6429,19371,2884,7540,881,562,0,0,1820,41179,2237,7644,0,0,0,0,0
775,8013,776.4346173170617,99809,204,110,141,46,40898,21798,0.6281597851897124,120,64,28008,29619,8286,4496,13239,15663,44197,33810,0,0,9237,6409,19373,2891,7556,886,564,0,0,1849,41170,2233,7641,0,0,0,0,0
776,8013,777.327619575193,99809,204,107,141,46,40924,21812,0.6285605506517449,112,62,28042,29641,8279,4499,13220,15643,44212,33837,0,0,9218,6389,19384,2889,7569,890,566,0,0,1866,41170,2226,7642,0,0,0,0,0
777,8013,778.2197250514156,99809,196,109,141,46,40947,21822,0.6288911821579216,109,65,28078,29676,8272,4493,13202,15609,44226,33864,0,0,9196,6371,19388,2891,7587,890,570,0,0,1878,41176,2216,7646,0,0,0,0,0
778,8013,779.1106524761848,99809,195,106,141,46,40972,21838,0.629301966756505,104,70,28106,29717,8270,4492,13182,15567,44240,33890,0,0,9161,6360,19390,2893,7594,893,575,0,0,1899,41184,2213,7647,0,0,0,0,0
779,8013,780.0007107459164,99808,199,114,142,46,40993,21860,0.6297390990702149,108,56,28134,29762,8253,4492,13162,15528,44254,33916,0,0,9141,6340,19399,2892,7610,894,577,0,0,1909,41190,2211,7645,0,0,0,0,0
780,8013,781.3342903297338,99808,198,107,142,46,41030,21873,0.6302400609169606,121,60,28178,29824,8230,4484,13129,15477,44268,33942,0,0,9116,6326,19398,2891,7630,897,584,0,0,1934,41183,2203,7646,0,0,0,0,0
781,8013,782.2220948319228,99808,191,111,142,46,41049,21893,0.6306308111574223,115,53,28208,29856,8225,4484,13117,15448,44282,33968,0,0,9096,6306,19405,2891,7648,901,587,0,0,1945,41188,2199,7642,0,0,0,0,0
782,8013,783.10906783032,99808,188,109,142,46,41074,21902,0.6309714652132093,115,56,28237,29888,8228,4482,13088,15417,44296,33994,0,0,9076,6292,19411,2890,7660,904,588,0,0,1963,41188,2191,7645,0,0,0,0,0
783,8013,784.4378413504911,99808,187,97,142,46,41110,21921,0.6315225232446297,123,53,28273,29951,8222,4483,13051,15368,44310,34020,0,0,9051,6275,19409,2889,7684,908,594,0,0,1989,41180,2186,7643,0,0,0,0,0
784,8013,785.32271583897,99808,197,105,142,46,41145,21936,0.6320234850913754,114,54,28300,29990,8209,4477,13036,15326,44324,34045,0,0,9028,6263,19411,2888,7698,911,597,0,0,1998,41191,2179,7644,0,0,0,0,0
785,8013,786.2067252567145,99807,195,107,142,47,41167,21956,0.6324506297153506,108,52,28329,30030,8197,4480,13027,15282,44338,34070,0,0,9006,6253,19410,2882,7719,913,599,0,0,2017,41190,2177,7641,0,0,0,0,0
786,8013,787.0898660029227,99807,191,105,142,47,41192,21967,0.6328113258589076,107,48,28359,30077,8190,4473,13009,15248,44352,34095,0,0,8988,6240,19412,2878,7740,916,601,0,0,2033,41190,2170,7639,0,0,0,0,0
787,8013,788.4131023436046,99806,205,92,142,48,41232,21979,0.6333386770334449,106,59,28400,30134,8169,4481,12976,15184,44365,34120,0,0,8963,6226,19417,2877,7755,919,608,0,0,2053,41187,2164,7637,0,0,0,0,0
788,8013,789.293932979489,99806,197,88,142,48,41252,21991,0.6336592990401378,111,59,28420,30169,8167,4487,12961,15147,44378,34145,0,0,8944,6207,19422,2882,7770,923,608,0,0,2066,41190,2159,7635,0,0,0,0,0
789,8013,790.1742568722681,99806,184,93,142,48,41271,22004,0.6339799210468309,113,57,28445,30228,8173,4473,12941,15099,44391,34170,0,0,8926,6191,19430,2880,7785,927,611,0,0,2077,41193,2151,7635,0,0,0,0,0
790,8013,791.0538073905116,99806,186,98,142,48,41297,22022,0.6344207763060337,112,52,28469,30260,8169,4468,12920,15072,44404,34195,0,0,8906,6180,19433,2882,7796,931,616,0,0,2089,41195,2139,7639,0,0,0,0,0
791,8013,792.3719207648637,99806,178,83,142,48,41337,22037,0.6349718453800373,100,49,28526,30345,8163,4469,12889,15004,44417,34219,0,0,8885,6166,19428,2884,7820,936,619,0,0,2127,41174,2132,7635,0,0,0,0,0
792,8013,793.2495213825142,99806,176,88,142,48,41359,22047,0.6352924673867303,99,49,28574,30379,8147,4460,12860,14974,44430,34243,0,0,8870,6153,19432,2878,7835,939,619,0,0,2138,41178,2126,7638,0,0,0,0,0
793,8013,794.1256012063295,99806,174,94,142,48,41381,22060,0.6356431477065507,99,49,28606,30422,8135,4448,12842,14937,44443,34267,0,0,8842,6138,19437,2877,7846,939,627,0,0,2149,41187,2123,7641,0,0,0,0,0
794,8013,795.000598725307,99806,185,96,142,48,41405,22074,0.6360238863394986,91,46,28646,30463,8111,4438,12823,14907,44456,34291,0,0,8820,6124,19443,2874,7859,940,630,0,0,2156,41198,2120,7642,0,0,0,0,0
795,8013,796.3108962805427,99806,181,85,142,48,41433,22081,0.6363745666593191,88,55,28702,30536,8100,4435,12785,14839,44469,34315,0,0,8800,6110,19447,2874,7873,942,634,0,0,2182,41187,2112,7645,0,0,0,0,0
796,8013,797.1829438967818,99806,185,91,142,48,41454,22091,0.6366851692283029,82,53,28728,30573,8084,4422,12777,14811,44482,34339,0,0,8781,6101,19450,2871,7884,943,633,0,0,2192,41195,2107,7649,0,0,0,0,0
797,8013,798.054235810622,99805,181,87,143,48,41475,22101,0.6370021542006914,82,53,28763,30602,8071,4423,12758,14785,44495,34363,0,0,8761,6085,19454,2872,7898,945,637,0,0,2205,41196,2100,7652,0,0,0,0,0
798,8013,799.3593730405714,99805,174,74,143,48,41499,22111,0.6373428184960673,87,54,28823,30656,8052,4424,12719,14742,44507,34386,0,0,8743,6068,19459,2873,7913,947,639,0,0,2236,41180,2097,7650,0,0,0,0,0
799,8013,800.228008870064,99805,173,77,143,48,41517,22119,0.637603326486649,86,51,28845,30688,8051,4420,12700,14714,44519,34409,0,0,8728,6052,19466,2873,7923,949,640,0,0,2246,41183,2094,7651,0,0,0,0,0
800,8013,801.0958967608711,99805,174,80,143,48,41532,22131,0.6378738540153299,90,49,28865,30719,8034,4421,12692,14681,44531,34432,0,0,8714,6035,19474,2871,7934,950,640,0,0,2258,41185,2092,7652,0,0,0,0,0
801,8013,802.3963430319925,99805,175,82,143,48,41568,22151,0.6384349481488903,90,44,28925,30786,8024,4414,12641,14624,44543,34455,0,0,8696,6018,19479,2870,7947,955,644,0,0,2286,41171,2090,7649,0,0,0,0,0
802,8013,803.2617175393859,99805,177,79,143,48,41588,22159,0.6387154952156705,98,49,28950,30812,8016,4415,12614,14595,44555,34478,0,0,8678,6008,19479,2867,7965,955,646,0,0,2294,41177,2082,7654,0,0,0,0,0
803,8013,804.1263840741458,99805,176,86,143,48,41609,22176,0.6390962376634437,94,44,28968,30842,8016,4410,12601,14568,44567,34501,0,0,8660,5992,19488,2864,7978,956,651,0,0,2307,41177,2078,7654,0,0,0,0,0
804,8013,805.4220717802439,99805,171,77,143,48,41637,22188,0.6394970191874154,100,46,29028,30916,8006,4401,12550,14510,44579,34524,0,0,8639,5979,19489,2864,7992,959,657,0,0,2333,41165,2070,7658,0,0,0,0,0
805,8013,806.2844679413462,99805,171,80,143,48,41658,22197,0.6397976053303943,97,46,29053,30953,7998,4392,12536,14479,44591,34546,0,0,8621,5965,19495,2859,8010,959,662,0,0,2341,41169,2068,7656,0,0,0,0,0
806,8013,807.1460972778311,99805,170,78,143,48,41675,22210,0.6400981914733731,100,45,29080,30984,7990,4395,12515,14448,44603,34568,0,0,8604,5952,19501,2859,8023,960,663,0,0,2354,41170,2062,7657,0,0,0,0,0
807,8013,808.0068617222837,99805,161,85,143,48,41692,22222,0.6403887580782526,111,44,29098,31025,7992,4388,12493,14408,44615,34590,0,0,8585,5940,19505,2862,8033,961,661,0,0,2370,41173,2058,7657,0,0,0,0,0
808,8013,809.296702294497,99805,157,88,143,48,41717,22236,0.6407795200641251,115,55,29142,31077,7974,4376,12467,14354,44627,34612,0,0,8564,5931,19504,2860,8045,966,665,0,0,2385,41175,2051,7659,0,0,0,0,0
809,8013,810.1555316848427,99805,168,95,143,48,41748,22247,0.6412003406642953,101,59,29172,31106,7971,4366,12443,14324,44638,34634,0,0,8545,5923,19508,2863,8051,969,666,0,0,2391,41186,2040,7663,0,0,0,0,0
810,8013,811.0136205431024,99805,165,92,143,48,41769,22260,0.6415410049596714,98,58,29208,31137,7964,4368,12420,14295,44649,34656,0,0,8528,5915,19504,2861,8067,970,665,0,0,2414,41181,2033,7667,0,0,0,0,0
811,8013,812.2988374238276,99805,156,97,143,48,41792,22280,0.641971845097941,98,45,29266,31196,7946,4365,12389,14247,44660,34678,0,0,8512,5891,19513,2865,8085,972,671,0,0,2427,41176,2030,7663,0,0,0,0,0
812,8013,813.1543163148511,99805,157,96,143,48,41812,22292,0.6422924703171183,99,43,29291,31222,7934,4367,12374,14222,44671,34700,0,0,8496,5878,19518,2861,8098,973,674,0,0,2443,41172,2026,7666,0,0,0,0,0
813,8013,814.0090148836067,99805,163,93,143,48,41830,22305,0.6426030759981964,110,36,29306,31273,7916,4363,12360,14185,44682,34721,0,0,8484,5863,19524,2861,8108,975,673,0,0,2458,41169,2023,7667,0,0,0,0,0
814,8013,815.2896778986247,99805,158,88,143,48,41858,22319,0.6430238965983668,104,34,29362,31347,7910,4359,12321,14122,44693,34742,0,0,8465,5843,19526,2864,8126,976,679,0,0,2477,41162,2019,7668,0,0,0,0,0
815,8013,816.1422471246946,99805,174,86,143,48,41892,22330,0.6434747758128351,81,37,29385,31367,7905,4361,12310,14099,44704,34763,0,0,8450,5826,19532,2862,8141,978,682,0,0,2486,41164,2017,7667,0,0,0,0,0
816,8013,817.419829577608,99805,177,80,143,48,41919,22342,0.6438655377987075,88,45,29427,31434,7894,4358,12269,14033,44715,34784,0,0,8429,5820,19527,2855,8159,979,686,0,0,2508,41159,2013,7670,0,0,0,0,0
817,8013,818.2704411815715,99805,167,80,143,48,41932,22352,0.6440959871749913,91,50,29461,31472,7891,4352,12245,13996,44726,34805,0,0,8415,5812,19529,2844,8178,981,687,0,0,2526,41154,2012,7667,0,0,0,0,0
818,8013,819.1202989159214,99805,161,85,143,48,41948,22367,0.6444065928560694,104,48,29477,31505,7889,4347,12224,13965,44737,34826,0,0,8400,5798,19533,2842,8191,984,689,0,0,2537,41155,2008,7668,0,0,0,0,0
819,8013,820.393697956724,99804,159,85,144,48,41980,22386,0.6449240511402349,96,44,29522,31557,7879,4343,12198,13921,44748,34847,0,0,8385,5784,19532,2840,8210,989,694,0,0,2557,41142,2004,7667,0,0,0,0,0
820,8013,821.2417202135855,99804,160,86,144,48,41996,22397,0.6451945813795038,96,40,29546,31600,7866,4340,12186,13884,44759,34868,0,0,8370,5771,19538,2840,8218,990,695,0,0,2572,41141,2000,7669,0,0,0,0,0
821,8013,822.0890478122603,99804,162,82,144,48,42016,22403,0.6454550919802814,87,47,29580,31647,7852,4337,12173,13837,44770,34888,0,0,8358,5759,19545,2835,8230,992,697,0,0,2584,41137,1995,7672,0,0,0,0,0
822,8013,823.3583058554062,99804,164,83,144,48,42041,22416,0.6458358382429562,83,50,29625,31695,7844,4328,12138,13794,44781,34908,0,0,8341,5747,19547,2836,8240,994,696,0,0,2603,41134,1993,7673,0,0,0,0,0
823,8013,824.2033909605697,99804,161,79,144,48,42054,22422,0.6460262113742936,86,58,29652,31729,7829,4326,12126,13758,44791,34928,0,0,8323,5737,19550,2835,8247,997,697,0,0,2617,41137,1992,7672,0,0,0,0,0
824,8013,825.0477640481074,99804,156,90,144,48,42064,22439,0.6462967416135625,89,46,29683,31781,7823,4315,12103,13718,44801,34948,0,0,8310,5722,19559,2833,8254,1000,701,0,0,2624,41139,1989,7673,0,0,0,0,0
825,8013,826.312599569152,99804,150,83,144,48,42086,22453,0.6466574485992546,100,49,29732,31823,7806,4317,12066,13678,44811,34968,0,0,8293,5711,19559,2835,8267,1005,703,0,0,2642,41134,1982,7673,0,0,0,0,0
826,8013,827.1544458934559,99804,146,81,144,48,42099,22458,0.6468378020921005,108,54,29761,31865,7790,4305,12049,13645,44821,34988,0,0,8280,5699,19565,2832,8281,1005,704,0,0,2651,41136,1977,7674,0,0,0,0,0
827,8013,828.4159130864846,99804,151,91,144,48,42136,22482,0.6474490000400785,97,40,29815,31933,7770,4293,12021,13593,44831,35008,0,0,8263,5686,19569,2829,8296,1011,706,0,0,2668,41132,1977,7667,0,0,0,0,0
828,8013,829.2557378779255,99804,145,86,144,48,42153,22488,0.6476794517253818,96,43,29842,31976,7767,4285,12004,13560,44841,35028,0,0,8242,5675,19568,2828,8313,1011,711,0,0,2680,41136,1974,7666,0,0,0,0,0
829,8013,830.094718674413,99804,143,85,144,48,42170,22498,0.6479499819646507,96,44,29881,32001,7753,4284,11981,13536,44851,35048,0,0,8218,5666,19570,2825,8328,1011,715,0,0,2690,41145,1973,7663,0,0,0,0,0
830,8013,831.3515020782586,99804,157,84,144,48,42206,22512,0.6484509638892229,86,45,29923,32067,7731,4273,11957,13481,44861,35067,0,0,8196,5661,19565,2826,8339,1013,717,0,0,2709,41146,1969,7663,0,0,0,0,0
831,8013,832.1881991059282,99804,150,82,144,48,42224,22521,0.6487214941284919,88,45,29945,32102,7728,4270,11943,13451,44871,35086,0,0,8177,5653,19565,2823,8355,1015,721,0,0,2723,41146,1967,7659,0,0,0,0,0
832,8013,833.0243417658636,99804,145,84,144,48,42241,22535,0.6490321029217266,90,40,29973,32146,7714,4268,11932,13412,44881,35105,0,0,8165,5641,19568,2827,8366,1017,720,0,0,2737,41143,1960,7660,0,0,0,0,0
833,8013,834.2770411199464,99804,163,89,144,48,42273,22555,0.6495531241232816,83,39,30034,32184,7685,4269,11889,13369,44891,35124,0,0,8149,5632,19570,2825,8376,1019,721,0,0,2752,41142,1957,7661,0,0,0,0,0
834,8013,835.1107584046548,99804,166,89,144,48,42295,22569,0.6499138311089736,80,37,30066,32218,7672,4273,11870,13333,44901,35143,0,0,8134,5627,19567,2821,8394,1019,720,0,0,2767,41140,1952,7663,0,0,0,0,0
835,8013,836.3595708378203,99803,172,81,145,48,42320,22573,0.6502109155035419,84,49,30122,32279,7645,4266,11830,13275,44911,35162,0,0,8117,5615,19573,2819,8404,1020,724,0,0,2782,41137,1949,7663,0,0,0,0,0
836,8013,837.1906831299937,99803,173,82,145,48,42335,22583,0.650461408975682,92,45,30155,32322,7628,4260,11805,13241,44921,35181,0,0,8106,5609,19569,2809,8424,1022,724,0,0,2790,41140,1946,7664,0,0,0,0,0
837,8013,838.0208655995252,99803,169,83,145,48,42352,22590,0.6507018827089366,93,54,30187,32361,7619,4257,11785,13195,44930,35200,0,0,8090,5596,19572,2808,8437,1024,727,0,0,2795,41146,1944,7664,0,0,0,0,0
838,8013,839.2643951236468,99803,167,82,145,48,42376,22603,0.651072613047704,91,55,30246,32430,7605,4247,11744,13136,44939,35219,0,0,8075,5588,19571,2801,8454,1027,729,0,0,2812,41142,1941,7663,0,0,0,0,0
839,8013,840.092017231695,99803,165,85,145,48,42396,22615,0.6513932446920433,92,50,30284,32479,7592,4237,11720,13099,44948,35237,0,0,8062,5580,19569,2796,8473,1030,729,0,0,2819,41146,1939,7660,0,0,0,0,0
840,8013,841.3317364527983,99803,150,94,145,48,42417,22638,0.6518341132030099,113,39,30318,32540,7588,4230,11684,13047,44957,35255,0,0,8044,5567,19565,2794,8497,1030,735,0,0,2835,41142,1933,7661,0,0,0,0,0
841,8013,842.1572965932598,99802,156,96,146,48,42444,22648,0.6522113785294884,104,40,30354,32569,7577,4224,11661,13021,44966,35273,0,0,8026,5560,19568,2787,8510,1032,738,0,0,2847,41143,1932,7659,0,0,0,0,0
842,8013,843.3940479596462,99802,164,95,146,48,42478,22660,0.6526722911364502,105,36,30390,32628,7556,4214,11637,12977,44975,35291,0,0,8017,5546,19570,2788,8525,1034,739,0,0,2863,41133,1926,7661,0,0,0,0,0
843,8013,844.2176708367799,99802,169,90,146,48,42498,22665,0.6529227871184946,108,39,30397,32654,7547,4212,11631,12955,44984,35309,0,0,8007,5535,19574,2786,8534,1037,737,0,0,2875,41132,1923,7662,0,0,0,0,0
844,8013,845.0408844152525,99802,172,85,146,48,42517,22670,0.6531632632612573,115,43,30411,32687,7537,4210,11617,12925,44993,35327,0,0,7993,5525,19576,2779,8550,1038,742,0,0,2883,41133,1920,7663,0,0,0,0,0
845,8013,846.2748577035595,99801,177,86,146,49,42550,22686,0.6536607849620746,120,39,30456,32753,7525,4195,11574,12876,45002,35345,0,0,7975,5517,19576,2778,8562,1040,747,0,0,2902,41125,1913,7666,0,0,0,0,0
846,8013,847.0965285040367,99801,176,89,146,49,42570,22697,0.6539714030921534,114,37,30494,32791,7519,4191,11549,12841,45011,35363,0,0,7958,5509,19575,2780,8575,1041,751,0,0,2911,41129,1906,7666,0,0,0,0,0
847,8013,848.3271021690359,99801,184,86,146,49,42609,22710,0.6544924399555114,106,37,30523,32846,7512,4190,11527,12790,45020,35381,0,0,7940,5502,19571,2776,8592,1044,754,0,0,2931,41123,1901,7667,0,0,0,0,0
848,8013,849.1468402022319,99801,182,87,146,49,42628,22719,0.6547729982665504,107,38,30537,32884,7506,4180,11520,12760,45029,35399,0,0,7926,5496,19568,2772,8607,1046,751,0,0,2944,41124,1900,7667,0,0,0,0,0
849,8013,850.3757532817217,99801,186,81,146,49,42658,22727,0.6551537559743891,109,41,30562,32926,7504,4181,11491,12720,45038,35416,0,0,7913,5486,19564,2770,8626,1047,754,0,0,2959,41118,1894,7670,0,0,0,0,0
850,8013,851.1944881965908,99801,192,75,146,49,42681,22731,0.655424294345748,102,48,30598,32961,7485,4183,11475,12682,45047,35433,0,0,7897,5478,19560,2767,8639,1050,758,0,0,2967,41122,1892,7671,0,0,0,0,0
851,8013,852.012285506519,99801,189,74,146,49,42698,22738,0.6556647728980671,103,47,30624,32996,7479,4183,11457,12649,45056,35450,0,0,7883,5470,19559,2767,8649,1054,759,0,0,2979,41123,1890,7668,0,0,0,0,0
852,8013,853.2377735834564,99801,179,70,146,49,42729,22750,0.6560956303043056,112,45,30666,33057,7474,4183,11421,12594,45065,35467,0,0,7865,5456,19560,2767,8667,1056,766,0,0,3002,41109,1887,7666,0,0,0,0,0
853,8013,854.0538835249214,99801,179,72,146,49,42750,22759,0.6563962284947045,105,43,30704,33093,7467,4176,11397,12565,45074,35484,0,0,7850,5448,19562,2768,8680,1057,767,0,0,3009,41113,1881,7666,0,0,0,0,0
854,8013,855.2763398549072,99800,186,63,147,49,42789,22765,0.6568537074148296,92,49,30750,33145,7462,4173,11361,12519,45083,35501,0,0,7838,5434,19565,2768,8696,1059,771,0,0,3031,41098,1877,7663,0,0,0,0,0
855,8013,856.0902818037682,99800,181,66,147,49,42801,22778,0.6571042084168337,102,47,30773,33174,7455,4169,11340,12493,45091,35518,0,0,7825,5423,19566,2766,8710,1059,773,0,0,3043,41097,1875,7663,0,0,0,0,0
856,8013,857.3098288425878,99800,192,69,147,49,42839,22791,0.6576152304609219,96,45,30813,33216,7448,4160,11302,12459,45099,35535,0,0,7810,5412,19563,2771,8720,1063,776,0,0,3052,41098,1868,7667,0,0,0,0,0
857,8013,858.1219123525486,99800,186,75,147,49,42858,22801,0.6579058116232465,95,38,30836,33251,7444,4154,11290,12431,45107,35552,0,0,7793,5405,19561,2774,8726,1068,775,0,0,3061,41104,1866,7667,0,0,0,0,0
858,8013,859.3390483803361,99800,194,78,147,49,42890,22818,0.6583967935871744,93,36,30869,33294,7439,4150,11256,12391,45115,35569,0,0,7778,5394,19562,2776,8727,1079,778,0,0,3073,41104,1864,7665,0,0,0,0,0
859,8013,860.149684771656,99800,211,83,147,49,42918,22832,0.658817635270541,79,34,30904,33324,7420,4143,11237,12365,45123,35586,0,0,7764,5385,19568,2776,8728,1082,777,0,0,3086,41105,1863,7666,0,0,0,0,0
860,8013,861.3639982827884,99800,197,77,147,49,42946,22841,0.659188376753507,78,41,30962,33368,7420,4142,11194,12321,45131,35602,0,0,7751,5374,19559,2778,8748,1086,778,0,0,3110,41091,1861,7664,0,0,0,0,0
861,8013,862.172228411287,99800,200,74,147,49,42970,22846,0.6594789579158317,74,47,30988,33387,7417,4141,11172,12300,45139,35618,0,0,7742,5366,19563,2777,8758,1086,778,0,0,3128,41081,1855,7666,0,0,0,0,0
862,8013,863.3833972772114,99800,195,77,147,49,42996,22860,0.6598797595190381,75,54,31041,33441,7414,4125,11126,12252,45147,35634,0,0,7726,5356,19562,2778,8770,1087,780,0,0,3150,41072,1852,7667,0,0,0,0,0
863,8013,864.189643003484,99800,190,71,147,49,43017,22868,0.6601703406813627,66,56,31070,33469,7419,4125,11106,12228,45155,35650,0,0,7710,5349,19563,2772,8785,1089,784,0,0,3168,41066,1848,7666,0,0,0,0,0
864,8013,865.3978322505144,99800,182,65,147,49,43037,22882,0.6605110220440882,72,51,31109,33524,7415,4124,11073,12185,45163,35666,0,0,7697,5339,19563,2774,8797,1092,786,0,0,3192,41050,1844,7666,0,0,0,0,0
865,8013,866.2024599088169,99800,170,59,147,49,43053,22891,0.6607615230460921,70,55,31136,33543,7416,4128,11059,12164,45171,35682,0,0,7682,5332,19563,2774,8809,1095,788,0,0,3214,41040,1840,7663,0,0,0,0,0
866,8013,867.0065857597453,99800,163,64,147,49,43070,22899,0.6610120240480962,71,58,31171,33573,7410,4120,11036,12134,45179,35698,0,0,7673,5319,19571,2772,8819,1098,789,0,0,3225,41037,1838,7659,0,0,0,0,0
867,8013,868.2113989249515,99800,153,64,147,49,43096,22912,0.6614028056112224,71,62,31205,33622,7410,4113,11012,12088,45187,35714,0,0,7655,5311,19570,2774,8824,1107,792,0,0,3243,41032,1835,7657,0,0,0,0,0
868,8013,869.013769770219,99800,150,73,147,49,43112,22928,0.6617234468937876,73,54,31229,33657,7401,4108,10998,12057,45195,35730,0,0,7646,5302,19572,2770,8834,1110,793,0,0,3256,41027,1832,7658,0,0,0,0,0
869,8013,870.216237242418,99800,146,65,147,49,43133,22939,0.6620440881763527,73,54,31288,33707,7383,4108,10961,12015,45203,35746,0,0,7630,5292,19568,2770,8847,1113,799,0,0,3274,41018,1828,7661,0,0,0,0,0
870,8013,871.0166549423858,99800,144,63,147,49,43148,22947,0.6622745490981964,75,56,31312,33723,7377,4111,10943,11996,45211,35762,0,0,7617,5285,19568,2769,8857,1116,800,0,0,3286,41018,1825,7659,0,0,0,0,0
871,8013,872.2159087103172,99800,146,66,147,49,43170,22958,0.6626052104208416,71,59,31360,33776,7363,4098,10911,11950,45219,35778,0,0,7603,5277,19569,2771,8861,1120,802,0,0,3299,41017,1820,7661,0,0,0,0,0
872,8013,873.0145238550645,99800,144,66,147,49,43185,22966,0.6628356713426854,74,63,31388,33807,7346,4094,10899,11919,45227,35793,0,0,7586,5272,19566,2770,8871,1122,804,0,0,3308,41023,1817,7661,0,0,0,0,0
873,8013,874.2110985233103,99800,149,69,147,49,43215,22980,0.6632765531062125,71,63,31423,33860,7332,4089,10876,11868,45235,35808,0,0,7574,5262,19565,2771,8885,1125,806,0,0,3320,41019,1814,7659,0,0,0,0,0
874,8013,875.0079069197664,99799,146,72,148,49,43230,22994,0.6635737833044419,75,56,31452,33898,7322,4088,10855,11835,45243,35823,0,0,7561,5250,19563,2772,8897,1126,810,0,0,3328,41020,1811,7661,0,0,0,0,0
875,8013,876.2018822487686,99799,148,78,148,49,43255,23012,0.6640046493451838,66,46,31510,33962,7309,4076,10817,11787,45250,35838,0,0,7542,5243,19558,2775,8908,1128,813,0,0,3340,41023,1809,7660,0,0,0,0,0
876,8013,877.3936292400006,99799,142,77,148,49,43275,23020,0.6642852132786902,69,51,31560,34006,7299,4065,10780,11750,45257,35853,0,0,7527,5235,19557,2775,8922,1129,816,0,0,3354,41021,1805,7658,0,0,0,0,0
877,8013,878.1871105432406,99799,130,79,148,49,43283,23030,0.6644655758073729,73,52,31585,34028,7292,4059,10770,11731,45264,35868,0,0,7512,5226,19560,2776,8926,1133,821,0,0,3364,41019,1803,7659,0,0,0,0,0
878,8013,879.3761323335362,99799,134,77,148,49,43312,23041,0.6648663814266677,70,53,31631,34076,7288,4055,10727,11688,45271,35883,0,0,7498,5217,19561,2775,8932,1137,824,0,0,3385,41009,1801,7660,0,0,0,0,0
879,8013,880.1678512368911,99799,124,77,148,49,43327,23049,0.6650968446577621,70,58,31662,34094,7288,4054,10706,11666,45278,35898,0,0,7480,5212,19559,2775,8942,1139,828,0,0,3398,41009,1798,7659,0,0,0,0,0
880,8013,881.3541547335235,99799,131,77,148,49,43351,23064,0.6654876301365745,65,52,31712,34151,7269,4044,10673,11625,45285,35913,0,0,7469,5206,19561,2774,8949,1141,828,0,0,3420,40998,1795,7658,0,0,0,0,0
881,8013,882.1440097707185,99799,126,85,148,49,43364,23077,0.6657481537891161,65,44,31736,34175,7266,4038,10657,11607,45292,35928,0,0,7456,5197,19563,2775,8955,1142,829,0,0,3432,40998,1792,7660,0,0,0,0,0
882,8013,883.3277017458877,99799,130,82,148,49,43391,23086,0.6661088788464814,59,56,31779,34221,7252,4031,10630,11559,45299,35943,0,0,7440,5191,19563,2773,8960,1146,834,0,0,3451,40990,1789,7662,0,0,0,0,0
883,8013,884.1157492529793,99799,132,87,148,49,43404,23098,0.6663593823585406,61,51,31804,34245,7242,4028,10611,11538,45306,35958,0,0,7426,5190,19562,2769,8971,1146,836,0,0,3457,40995,1783,7664,0,0,0,0,0
884,8013,885.2967339001044,99799,125,93,148,49,43423,23117,0.6667401476968707,64,38,31845,34296,7230,4024,10586,11498,45313,35972,0,0,7416,5183,19558,2763,8989,1150,838,0,0,3471,40986,1783,7662,0,0,0,0,0
885,8013,886.0832521213321,99799,119,92,148,49,43432,23123,0.6668904498041063,76,35,31873,34326,7212,4019,10570,11477,45320,35986,0,0,7405,5175,19559,2764,8997,1153,839,0,0,3477,40990,1780,7660,0,0,0,0,0
886,8013,887.2618809585399,99799,126,90,148,49,43456,23136,0.6672611950019539,76,37,31914,34377,7193,4016,10541,11429,45327,36000,0,0,7390,5163,19562,2767,9005,1155,842,0,0,3490,40989,1780,7656,0,0,0,0,0
887,8013,888.0466858231306,99799,127,82,148,49,43470,23140,0.6674415575306366,77,39,31942,34407,7180,4020,10524,11401,45334,36014,0,0,7379,5159,19561,2763,9016,1157,842,0,0,3504,40986,1778,7654,0,0,0,0,0
888,8013,889.2223973663879,99799,124,78,148,49,43485,23149,0.6676820409022135,75,41,32001,34457,7164,4014,10486,11359,45341,36028,0,0,7365,5147,19565,2767,9025,1158,847,0,0,3514,40984,1774,7653,0,0,0,0,0
889,8013,890.0050804485923,99799,122,73,148,49,43494,23158,0.6678624034308961,85,40,32029,34474,7152,4016,10462,11346,45348,36042,0,0,7351,5140,19566,2766,9036,1159,850,0,0,3523,40985,1772,7651,0,0,0,0,0
890,8013,891.1776383611871,99798,128,68,148,50,43523,23168,0.6682598849676347,66,36,32084,34520,7142,4009,10430,11315,45355,36056,0,0,7339,5137,19558,2765,9051,1164,852,0,0,3534,40983,1765,7650,0,0,0,0,0
891,8013,892.3484407420337,99798,133,72,148,50,43544,23179,0.6685805326760055,65,36,32121,34562,7129,4001,10402,11277,45362,36070,0,0,7331,5128,19564,2763,9057,1167,852,0,0,3546,40979,1763,7648,0,0,0,0,0
892,8013,893.1282400327735,99798,126,72,148,50,43553,23185,0.6687308362893044,65,41,32153,34595,7121,3994,10385,11246,45369,36084,0,0,7320,5121,19564,2766,9064,1167,853,0,0,3557,40978,1757,7651,0,0,0,0,0
893,8013,894.2966749466522,99798,116,71,148,50,43567,23195,0.6689713220705826,65,34,32190,34652,7122,3989,10357,11202,45376,36098,0,0,7311,5115,19561,2763,9078,1170,854,0,0,3575,40968,1754,7649,0,0,0,0,0
894,8013,895.0749077568246,99798,120,64,148,50,43581,23199,0.6691516864065412,63,39,32210,34675,7116,3987,10341,11183,45383,36112,0,0,7301,5109,19566,2760,9084,1170,855,0,0,3589,40961,1750,7653,0,0,0,0,0
895,8013,896.2413992897558,99798,120,65,148,50,43598,23209,0.6694222329104792,69,44,32259,34737,7099,3966,10303,11136,45390,36126,0,0,7291,5102,19565,2760,9092,1173,856,0,0,3599,40959,1745,7656,0,0,0,0,0
896,8013,897.0180636548941,99798,129,68,148,50,43621,23218,0.6697428806188501,60,40,32287,34769,7090,3956,10284,11115,45397,36140,0,0,7279,5094,19568,2757,9102,1173,859,0,0,3607,40960,1742,7657,0,0,0,0,0
897,8013,898.1817384366215,99798,123,68,148,50,43634,23229,0.6699833664001282,67,38,32315,34812,7082,3952,10263,11078,45404,36154,0,0,7270,5085,19566,2760,9111,1176,858,0,0,3619,40957,1737,7659,0,0,0,0,0
898,8013,899.3442008322162,99798,122,63,148,50,43650,23234,0.6701937914587467,69,37,32364,34858,7067,3946,10228,11044,45410,36167,0,0,7259,5080,19562,2760,9119,1178,858,0,0,3633,40954,1733,7662,0,0,0,0,0
899,8013,900.1182371934636,99798,119,60,148,50,43653,23235,0.670233872422293,101,65,32369,34855,7060,3943,10201,11025,45410,36167,0,0,7259,5080,19557,2759,9125,1178,858,0,0,3637,40950,1733,7662,0,0,0,0,0
900,8013,900.1182371934636,99797,118,62,149,50,43661,23242,0.6703908935138331,98,62,32389,34879,7060,3940,10184,11005,45410,36167,0,0,7259,5080,19551,2760,9131,1179,857,0,4,3637,40946,1733,7660,0,0,0,0,0
901,8013,901.2777590113056,99797,118,74,149,50,43685,23266,0.6708718698958887,95,54,32448,34915,7050,3934,10138,10971,45410,36167,0,0,7256,5076,19544,2762,9143,1182,857,3,15,3635,40935,1733,7656,0,0,0,0,0
902,8013,902.0495644440526,99797,130,80,149,50,43710,23273,0.671192520817259,83,58,32482,34954,7043,3918,10111,10938,45410,36167,0,0,7256,5073,19539,2765,9149,1182,857,3,20,3635,40930,1733,7655,0,0,0,0,0
903,8013,903.2056264789676,99797,124,85,149,50,43734,23293,0.6716334158341433,76,56,32543,34994,7035,3920,10071,10893,45410,36167,0,0,7250,5071,19533,2772,9157,1184,855,9,39,3634,40911,1729,7653,0,0,0,0,0
904,8013,904.359793104741,99797,116,86,149,50,43755,23308,0.671994148120685,90,54,32583,35055,7038,3916,10022,10837,45410,36167,0,0,7248,5066,19524,2778,9174,1186,855,11,51,3632,40899,1726,7647,0,0,0,0,0
905,8013,905.128385013627,99797,117,88,149,50,43767,23316,0.6721945549465415,99,54,32603,35091,7029,3909,10001,10806,45410,36167,0,0,7245,5065,19523,2778,9176,1187,855,14,60,3632,40890,1726,7646,0,0,0,0,0
906,8013,906.280153588681,99797,131,93,149,50,43795,23332,0.6726354499634257,101,50,32649,35138,7007,3898,9961,10769,45410,36167,0,0,7245,5064,19516,2779,9183,1189,855,14,73,3632,40877,1726,7644,0,0,0,0,0
907,8013,907.0470534940351,99797,133,96,149,50,43814,23344,0.6729460805435034,106,48,32675,35165,7000,3898,9935,10741,45410,36167,0,0,7242,5063,19507,2779,9192,1191,855,17,82,3631,40868,1726,7644,0,0,0,0,0
908,8013,908.195926088216,99797,140,94,149,50,43837,23359,0.6733268535126307,123,52,32704,35212,6984,3900,9898,10690,45410,36167,0,0,7238,5061,19502,2783,9200,1193,855,21,94,3631,40856,1723,7640,0,0,0,0,0
909,8013,909.3434152004411,99797,152,95,149,50,43871,23376,0.6738378909185647,113,50,32747,35245,6973,3902,9864,10656,45410,36167,0,0,7235,5061,19493,2781,9211,1195,855,24,114,3630,40836,1723,7639,0,0,0,0,0
910,8013,910.1077286670659,99797,155,101,149,50,43895,23391,0.6742286842289849,108,46,32775,35270,6970,3902,9841,10629,45410,36167,0,0,7231,5059,19485,2782,9219,1198,855,28,124,3630,40826,1723,7637,0,0,0,0,0
911,8013,911.2528807867908,99797,157,99,149,50,43921,23403,0.6746094571981122,113,59,32812,35307,6958,3895,9809,10588,45410,36167,0,0,7227,5056,19478,2784,9229,1201,855,32,139,3629,40811,1723,7633,0,0,0,0,0
912,8013,912.0154753714415,99797,160,91,149,50,43941,23411,0.6748900267543112,119,61,32823,35340,6959,3899,9788,10557,45410,36167,0,0,7225,5053,19473,2787,9238,1203,855,34,152,3628,40798,1722,7629,0,0,0,0,0
913,8013,913.1586162875574,99797,166,85,149,50,43981,23424,0.6754211048428309,114,66,32865,35383,6960,3902,9744,10512,45410,36167,0,0,7220,5049,19459,2790,9253,1208,855,39,169,3628,40780,1722,7625,0,0,0,0,0
914,8013,914.300222203465,99797,179,89,149,50,44019,23445,0.6760123049791076,116,59,32909,35440,6949,3901,9696,10459,45410,36167,0,0,7215,5046,19453,2793,9259,1212,855,44,188,3628,40761,1721,7622,0,0,0,0,0
915,8013,915.0603426923722,99797,185,86,149,50,44050,23454,0.6764131186308205,110,66,32931,35470,6950,3904,9673,10422,45410,36167,0,0,7208,5041,19448,2799,9265,1213,855,51,204,3628,40745,1720,7620,0,0,0,0,0
916,8013,916.1996056989385,99797,189,95,149,50,44086,23477,0.6770043187670972,113,68,32960,35499,6957,3911,9630,10375,45410,36167,0,0,7203,5036,19438,2800,9282,1214,855,56,220,3626,40729,1720,7618,0,0,0,0,0
917,8013,917.3375584030022,99797,191,87,149,50,44114,23491,0.6774251731013958,127,69,33000,35546,6960,3916,9571,10330,45410,36167,0,0,7202,5032,19431,2804,9292,1218,854,57,242,3625,40707,1719,7614,0,0,0,0,0
918,8013,918.095412864689,99797,198,93,149,50,44136,23501,0.6777458240227662,130,72,33031,35580,6953,3905,9537,10298,45410,36167,0,0,7201,5031,19428,2804,9293,1221,854,58,252,3625,40697,1719,7614,0,0,0,0,0
919,8013,919.2308630452658,99797,192,96,149,50,44164,23520,0.6782167800635289,138,71,33061,35630,6959,3904,9499,10247,45410,36167,0,0,7196,5024,19416,2811,9315,1222,854,63,263,3624,40685,1717,7607,0,0,0,0,0
920,8013,920.3651579025843,99796,199,102,149,51,44205,23544,0.6788749048058038,122,70,33099,35679,6969,3904,9460,10192,45410,36167,0,0,7191,5020,19406,2813,9325,1227,854,68,283,3623,40663,1717,7606,0,0,0,0,0
921,8013,921.1206184609099,99796,197,110,149,51,44230,23561,0.6792957633572488,132,66,33131,35699,6966,3900,9423,10172,45410,36167,0,0,7185,5018,19399,2815,9331,1230,854,74,299,3622,40647,1717,7605,0,0,0,0,0
922,8013,922.2524180123856,99796,211,108,149,51,44274,23579,0.6799170307427151,129,69,33164,35727,6967,3903,9378,10140,45410,36167,0,0,7184,5010,19386,2827,9345,1232,852,75,318,3620,40628,1715,7604,0,0,0,0,0
923,8013,923.0061618930379,99796,206,107,149,51,44295,23592,0.6802577257605515,133,72,33186,35745,6978,3912,9346,10111,45410,36167,0,0,7180,5008,19381,2828,9352,1237,851,79,332,3619,40614,1713,7602,0,0,0,0,0
924,8013,924.1358494111494,99795,204,97,150,51,44327,23611,0.6807755899594168,130,77,33245,35777,6980,3928,9289,10068,45410,36167,0,0,7175,5002,19369,2837,9364,1242,849,84,358,3618,40588,1712,7597,0,0,0,0,0
925,8013,925.2637113008765,99795,213,103,150,51,44365,23630,0.6813467608597625,130,83,33284,35810,6979,3922,9242,10029,45410,36167,0,0,7172,5000,19363,2838,9373,1243,849,87,383,3617,40563,1711,7596,0,0,0,0,0
926,8013,926.0146710325331,99795,214,112,150,51,44393,23646,0.681787664712661,133,78,33313,35831,6976,3917,9212,10009,45410,36167,0,0,7167,4994,19354,2843,9382,1245,849,92,393,3617,40553,1711,7595,0,0,0,0,0
927,8013,927.1399185492189,99795,223,121,150,51,44431,23669,0.682398917781452,131,76,33353,35863,6972,3914,9169,9973,45410,36167,0,0,7161,4990,19352,2847,9392,1246,849,98,411,3614,40534,1709,7592,0,0,0,0,0
928,8013,928.2638372908048,99795,216,138,150,51,44475,23700,0.6831504584398016,138,72,33369,35894,6989,3911,9136,9932,45410,36167,0,0,7150,4982,19342,2849,9410,1252,849,109,425,3613,40520,1707,7587,0,0,0,0,0
929,8013,929.0126014048675,99795,215,137,150,51,44499,23711,0.6835011774136981,145,76,33382,35920,6988,3911,9118,9903,45410,36167,0,0,7150,4979,19332,2852,9423,1255,849,109,440,3613,40505,1707,7581,0,0,0,0,0
930,8013,930.135032186203,99795,224,141,150,51,44535,23733,0.6840823688561551,154,77,33409,35953,6978,3914,9083,9862,45410,36167,1,1,7147,4975,19324,2856,9432,1259,849,112,460,3611,40484,1706,7579,0,0,0,0,1
931,8013,931.2563403474679,99795,223,142,150,51,44578,23752,0.6847036424670575,140,88,33446,35974,7002,3916,9037,9827,45410,36167,2,2,7142,4974,19316,2856,9449,1263,849,117,488,3607,40454,1704,7573,0,0,0,0,3
932,8013,932.0033560389642,99795,220,136,150,51,44606,23763,0.6850944436093993,139,95,33456,35990,7013,3920,9020,9806,45410,36167,3,3,7137,4970,19305,2859,9459,1268,849,122,508,3606,40433,1704,7571,0,0,0,0,4
933,8013,933.1232643734079,99794,211,131,151,51,44642,23784,0.6856724853197587,137,101,33497,36020,7024,3933,8978,9762,45410,36167,4,4,7132,4965,19288,2863,9480,1272,848,127,537,3604,40404,1703,7565,0,0,2,0,4
934,8013,934.2420105717664,99793,210,141,151,52,44678,23822,0.6864208912448769,132,81,33537,36061,7028,3943,8940,9720,45410,36167,6,5,7125,4959,19278,2868,9490,1279,848,134,563,3602,40375,1703,7560,0,0,3,0,6
935,8013,935.3596047806933,99793,204,135,151,52,44712,23839,0.6869319491347089,145,82,33585,36103,7026,3953,8887,9673,45410,36167,9,6,7118,4954,19260,2873,9511,1282,847,141,586,3602,40348,1703,7555,0,0,3,0,10
936,8013,936.1037294932303,99793,204,141,151,52,44743,23856,0.6874129447957271,147,77,33591,36134,7034,3947,8871,9647,45410,36167,12,8,7117,4951,19249,2877,9526,1284,847,142,603,3599,40328,1702,7550,1,0,4,0,13
937,8013,937.2193582958877,99793,213,143,151,52,44789,23885,0.6881645005160683,144,69,33619,36172,7033,3953,8838,9609,45410,36167,16,10,7112,4945,19228,2881,9549,1286,847,147,630,3597,40300,1702,7546,1,0,8,0,14
938,8013,938.3340015823379,99792,229,147,151,53,44840,23907,0.6889029180695847,128,74,33652,36191,7038,3951,8800,9582,45410,36167,21,12,7107,4941,19221,2885,9558,1289,846,152,656,3596,40269,1702,7540,2,0,10,1,17
939,8013,939.0764710911587,99792,232,141,151,53,44865,23916,0.6892436267436267,135,85,33658,36204,7042,3955,8780,9560,45410,36167,27,15,7105,4940,19206,2887,9567,1294,846,154,671,3595,40252,1700,7538,4,0,13,1,19
940,8013,940.1896440379517,99792,236,131,151,53,44905,23934,0.689824835658169,139,97,33681,36239,7053,3962,8738,9516,45410,36167,34,18,7101,4935,19189,2891,9584,1297,846,158,703,3594,40212,1700,7535,4,0,15,1,27
941,8013,941.3020136675232,99792,229,135,151,53,44950,23960,0.6905363155363156,140,92,33709,36264,7066,3965,8703,9489,45410,36167,42,21,7097,4933,19173,2891,9606,1305,846,162,731,3587,40177,1698,7528,5,1,17,1,34
942,8013,942.0430710805377,99792,230,138,151,53,44972,23976,0.6909171075837742,154,87,33735,36279,7058,3969,8670,9472,45410,36167,51,25,7092,4931,19166,2893,9617,1307,845,167,743,3584,40158,1697,7523,7,1,19,1,41
943,8013,943.1535867959344,99792,240,128,151,53,45024,23991,0.6915885040885041,136,97,33767,36298,7070,3981,8634,9441,45410,36167,62,29,7086,4927,19155,2896,9628,1316,845,173,771,3582,40124,1695,7513,10,1,22,1,47
944,8013,944.2629971441105,99792,248,127,151,53,45069,24014,0.692269921436588,134,97,33802,36318,7079,3987,8584,9416,45410,36167,74,34,7083,4926,19139,2899,9649,1320,844,176,795,3576,40090,1693,7506,11,3,24,1,57
945,8013,945.0019621771896,99792,255,132,151,53,45092,24028,0.6926406926406926,143,100,33815,36328,7072,3985,8562,9400,45410,36167,88,39,7076,4924,19134,2901,9652,1322,844,183,804,3576,40066,1693,7503,12,3,27,1,71
946,8013,946.1095300939296,99792,238,132,151,53,45138,24052,0.693342151675485,149,96,33840,36363,7093,3994,8527,9360,45410,36167,103,45,7066,4915,19118,2907,9664,1332,844,193,836,3575,40025,1690,7494,14,3,35,1,80
947,8013,947.216331955598,99791,246,142,151,54,45178,24080,0.694030523794731,151,91,33865,36383,7087,3994,8498,9334,45410,36167,120,51,7063,4912,19102,2910,9679,1335,844,196,858,3574,39989,1689,7485,18,3,40,1,93
948,8013,948.3221997952345,99791,238,141,151,54,45225,24103,0.6947319898588049,142,91,33886,36396,7113,4007,8468,9309,45410,36167,139,57,7054,4903,19079,2918,9702,1337,844,205,889,3571,39947,1686,7477,19,5,50,1,104
949,8013,949.0592927151093,99791,225,136,151,54,45240,24117,0.6950225972282069,159,88,33895,36403,7126,4010,8442,9307,45410,36167,159,64,7052,4899,19067,2920,9713,1343,844,207,909,3564,39914,1685,7473,20,8,55,2,116
950,8013,950.1644548415917,99791,220,136,151,54,45278,24138,0.6956138329107835,164,90,33912,36422,7131,4013,8420,9283,45410,36167,181,71,7047,4892,19051,2925,9729,1347,844,212,935,3561,39872,1683,7464,25,10,61,2,131
951,8013,951.268944295223,99791,240,138,151,54,45329,24160,0.6963453618061749,158,86,33938,36430,7128,4021,8383,9269,45410,36167,205,79,7038,4887,19035,2930,9739,1351,844,221,955,3559,39833,1683,7457,29,11,67,3,149
952,8013,952.0047489839952,99791,247,134,151,54,45358,24172,0.6967562205008467,158,88,33949,36430,7128,4025,8365,9267,45410,36167,231,88,7036,4882,19023,2934,9746,1354,844,223,974,3556,39795,1683,7448,34,14,74,3,168
953,8013,953.1078248368825,99791,253,141,151,54,45402,24199,0.6974677075086931,164,84,33967,36442,7136,4027,8327,9250,45410,36167,259,97,7031,4876,19006,2940,9753,1361,842,228,1002,3551,39752,1683,7440,38,17,85,3,183
954,8013,954.2101203134749,99791,263,144,151,54,45451,24224,0.698209257347857,150,78,33977,36463,7157,4020,8300,9239,45410,36167,289,107,7028,4871,18990,2943,9767,1368,842,231,1030,3543,39705,1683,7428,43,21,93,4,201
955,8013,955.312186378888,99790,262,140,152,54,45500,24251,0.6989778534923339,155,78,33968,36459,7180,4037,8281,9230,45410,36167,321,117,7023,4864,18969,2949,9787,1376,842,236,1058,3539,39653,1678,7416,47,22,103,7,221
956,8013,956.0470350201351,99790,277,136,152,54,45532,24269,0.6994789057019741,161,79,33973,36447,7171,4051,8264,9231,45410,36167,355,128,7020,4862,18953,2949,9801,1381,842,239,1071,3534,39615,1678,7405,52,25,111,7,245
957,8013,957.148938332657,99790,281,139,152,54,45572,24293,0.7001202525303136,161,79,33986,36447,7172,4052,8246,9227,45410,36167,392,139,7015,4860,18931,2954,9813,1389,840,244,1093,3529,39569,1676,7394,57,28,122,8,268
958,8013,958.2503670224759,99789,276,139,153,54,45609,24318,0.7007485795027508,177,79,33993,36454,7182,4063,8217,9209,45410,36167,431,151,7006,4856,18913,2955,9817,1402,840,253,1119,3525,39511,1675,7389,61,29,131,9,298
959,8013,959.3515390005348,99789,271,130,153,54,45647,24339,0.7013398270350439,188,85,34000,36464,7200,4067,8186,9198,45410,36167,472,163,6998,4854,18895,2959,9814,1418,838,261,1158,3519,39446,1675,7382,64,33,142,10,323
960,8013,960.0854539382702,99788,285,134,153,55,45682,24355,0.7018579388303203,183,82,34005,36452,7198,4064,8174,9211,45410,36167,515,176,6997,4850,18875,2964,9819,1421,837,262,1174,3517,39399,1674,7376,70,34,156,10,353
961,8013,961.185943730388,99788,307,132,153,55,45743,24379,0.7027097446586764,179,83,34001,36459,7207,4064,8151,9205,45410,36167,560,190,6993,4845,18850,2968,9826,1436,837,266,1198,3511,39342,1673,7370,73,38,166,11,385
962,8013,962.2861554940915,99788,298,128,153,55,45784,24395,0.703280955625927,191,99,34015,36455,7230,4061,8111,9200,45410,36167,608,204,6984,4840,18824,2968,9847,1443,837,275,1220,3503,39282,1673,7360,79,43,177,12,421
963,8013,963.0194057241881,99788,308,132,153,55,45823,24410,0.7038221028580591,185,106,34011,36435,7234,4056,8107,9214,45410,36167,658,219,6981,4836,18805,2972,9847,1455,837,278,1234,3500,39229,1672,7354,82,45,189,14,458
964,8013,964.1192094509435,99788,333,142,153,55,45881,24437,0.7046739086864152,191,106,34011,36426,7227,4059,8083,9210,45410,36167,710,235,6979,4833,18775,2973,9865,1458,837,280,1257,3498,39168,1672,7341,87,45,210,14,496
965,8013,965.2186709966624,99788,332,148,153,55,45941,24465,0.7055557782498898,197,108,34008,36394,7246,4067,8062,9226,45410,36167,765,251,6969,4827,18754,2979,9879,1467,836,290,1292,3495,39082,1671,7331,90,45,221,15,545
966,8013,966.3180546316087,99788,339,145,153,55,45999,24493,0.7064176053232853,197,107,34009,36380,7260,4082,8040,9229,45410,36167,822,268,6963,4822,18720,2983,9904,1475,834,296,1324,3487,39011,1670,7316,100,48,236,15,584
967,8013,967.0509385496266,99788,341,142,153,55,46037,24509,0.7069587525554175,200,116,33998,36348,7273,4075,8033,9262,45410,36167,881,285,6958,4819,18687,2989,9914,1486,833,301,1339,3482,38952,1667,7309,105,51,253,17,626
968,8013,968.1504581478883,99788,352,148,153,55,46102,24540,0.7079207920792079,200,119,33994,36325,7293,4074,8006,9277,45410,36167,942,303,6954,4814,18656,2995,9924,1502,831,305,1369,3476,38879,1667,7292,113,57,268,18,668
969,8013,969.249829091599,99788,359,167,153,55,46156,24575,0.7088126828877219,199,117,34016,36305,7299,4065,7972,9289,45410,36167,1006,322,6950,4811,18632,2996,9933,1517,831,309,1389,3468,38810,1665,7280,120,61,283,19,714
970,8013,970.3484499843572,99788,360,175,153,55,46211,24614,0.7097546799214335,207,117,34010,36266,7324,4070,7944,9315,45410,36167,1072,341,6937,4811,18604,2999,9940,1531,831,322,1424,3462,38722,1661,7267,129,67,295,21,765
971,8013,971.0807908772225,99788,360,166,153,55,46251,24627,0.7102858059085261,209,134,34005,36217,7340,4077,7931,9349,45410,36167,1140,361,6931,4808,18571,3004,9949,1543,831,328,1447,3456,38649,1658,7258,133,70,316,24,812
972,8013,972.179588072002,99788,367,161,153,55,46308,24647,0.7110574417765663,215,150,33981,36189,7365,4079,7917,9364,45410,36167,1210,382,6926,4803,18547,3007,9960,1557,830,333,1473,3447,38570,1655,7241,142,75,334,26,862
973,8013,973.2786066153809,99788,370,175,153,55,46371,24688,0.7120996512606727,211,147,34004,36163,7378,4088,7882,9370,45410,36167,1282,403,6918,4797,18511,3009,9972,1577,830,341,1499,3440,38494,1654,7223,151,78,357,26,911
974,8013,974.010945965383,99788,370,177,153,55,46411,24710,0.7127209684531206,218,150,33991,36117,7386,4089,7880,9410,45410,36167,1356,425,6914,4792,18478,3013,9982,1587,830,345,1522,3432,38418,1653,7210,160,84,378,28,962
975,8013,975.1095907146173,99787,371,185,153,56,46473,24748,0.7137302454227504,230,135,33973,36110,7414,4085,7857,9427,45410,36167,1432,448,6905,4786,18444,3019,10002,1602,830,354,1547,3423,38333,1650,7189,171,89,397,29,1017
976,8013,976.2086957617884,99786,380,194,154,56,46539,24783,0.7147495640671035,238,138,33956,36068,7424,4096,7846,9446,45410,36167,1510,471,6900,4779,18407,3025,10011,1621,830,359,1577,3416,38244,1649,7174,178,92,420,30,1074
977,8013,977.3080587540375,99786,378,203,154,56,46600,24826,0.7157917944401018,250,127,33950,36034,7451,4109,7815,9469,45410,36167,1590,495,6896,4774,18367,3032,10023,1640,828,362,1614,3411,38149,1645,7158,186,96,445,31,1129
978,8013,978.0410382103171,99786,401,215,154,56,46645,24858,0.7165634457739563,261,123,33930,35995,7440,4111,7812,9498,45410,36167,1672,519,6892,4771,18342,3034,10027,1652,828,366,1629,3401,38077,1645,7142,195,104,464,34,1183
979,8013,979.1406508679529,99786,408,212,154,56,46703,24897,0.717535526025695,276,131,33915,35953,7453,4130,7792,9516,45410,36167,1756,544,6884,4762,18306,3041,10034,1667,828,374,1673,3395,37973,1645,7126,205,107,489,37,1240
980,8013,980.2404125666974,99785,420,206,155,56,46779,24923,0.7185649145663175,274,154,33893,35905,7478,4134,7778,9543,45410,36167,1841,570,6874,4758,18266,3043,10044,1689,828,384,1709,3390,37873,1642,7113,213,108,511,38,1302
981,8013,981.3407994495549,99785,432,204,155,56,46849,24959,0.719627198476725,290,151,33867,35864,7489,4149,7765,9574,45410,36167,1928,596,6861,4752,18226,3048,10056,1703,827,397,1749,3385,37768,1640,7097,221,111,539,39,1366
982,8013,982.0747378909277,99785,446,210,155,56,46911,24984,0.720499073006965,283,154,33853,35814,7507,4148,7754,9616,45410,36167,2017,623,6853,4750,18185,3043,10062,1723,827,405,1768,3382,37694,1639,7081,231,112,571,45,1414
983,8013,983.1760734948494,99785,450,216,155,56,46983,25020,0.7215814000100216,288,148,33837,35758,7530,4159,7738,9661,45410,36167,2107,651,6845,4744,18144,3044,10073,1747,827,413,1794,3371,37599,1638,7064,241,119,597,49,1476
984,8013,984.2777071463858,99784,471,229,156,56,47079,25068,0.7230317485769262,290,150,33819,35704,7556,4173,7706,9686,45410,36167,2199,679,6834,4733,18095,3053,10087,1771,827,424,1825,3366,37501,1637,7043,248,124,626,53,1537
985,8013,985.0122166851934,99784,462,238,156,56,47124,25109,0.7238936101980278,293,130,33810,35646,7581,4185,7696,9743,45410,36167,2292,708,6828,4731,18056,3058,10095,1787,825,430,1868,3359,37395,1635,7023,263,130,649,55,1597
986,8013,986.1145494616724,99783,469,235,157,56,47202,25147,0.7250633875509856,310,136,33790,35603,7608,4195,7664,9773,45410,36167,2386,737,6820,4720,18014,3068,10117,1807,825,438,1905,3348,37289,1632,6997,275,135,673,58,1662
987,8013,987.217172013386,99782,495,235,158,56,47295,25183,0.7263634723697661,296,144,33776,35543,7630,4203,7643,9817,45410,36167,2481,767,6815,4712,17963,3074,10132,1831,825,443,1941,3343,37182,1631,6978,285,137,701,61,1728
988,8013,988.3199896487438,99781,498,233,159,56,47374,25226,0.7275934296108477,318,150,33747,35487,7655,4221,7621,9851,45410,36167,2578,798,6808,4702,17907,3082,10144,1857,824,450,1983,3339,37071,1630,6958,297,139,732,71,1787
989,8013,989.0555618934625,99780,510,236,160,56,47431,25254,0.7284525957105632,327,157,33721,35409,7668,4229,7612,9911,45410,36167,2676,829,6805,4694,17869,3087,10144,1877,823,453,2008,3337,36975,1629,6939,313,141,759,73,1854
990,8013,990.1592938217295,99780,526,260,160,56,47527,25306,0.729935858889557,347,153,33673,35350,7700,4223,7592,9956,45410,36167,2775,861,6797,4690,17815,3089,10149,1908,823,460,2050,3328,36871,1625,6925,320,145,796,76,1913
991,8013,991.2640558460625,99780,551,255,160,56,47620,25342,0.7312287031469232,346,162,33636,35293,7726,4241,7579,9991,45410,36167,2874,893,6787,4686,17763,3094,10179,1920,821,470,2084,3319,36756,1622,6901,334,149,826,79,1990
992,8013,992.0011106545948,99780,559,256,160,56,47689,25372,0.732220885949088,334,175,33610,35204,7756,4253,7579,10054,45410,36167,2974,926,6775,4681,17716,3097,10197,1934,821,481,2113,3314,36647,1618,6889,340,153,856,82,2066
993,8013,993.1076509970048,99780,566,253,160,56,47789,25412,0.7336239727400281,327,187,33566,35155,7807,4258,7572,10089,45410,36167,3075,959,6764,4673,17671,3110,10213,1962,820,492,2157,3306,36528,1610,6865,354,159,876,90,2130
994,8013,994.2154684025162,99780,572,258,160,56,47885,25459,0.7350571256764883,339,191,33529,35107,7847,4267,7551,10119,45410,36167,3177,993,6757,4665,17620,3115,10245,1982,817,499,2193,3293,36418,1606,6839,365,169,905,102,2190
995,8013,995.3244352159923,99779,565,275,161,56,47973,25512,0.736477615530322,360,185,33499,35051,7886,4268,7527,10163,45410,36167,3279,1028,6744,4660,17562,3122,10257,2010,815,512,2242,3285,36299,1603,6819,375,174,939,110,2251
996,8013,996.0642156225929,99779,587,277,161,56,48055,25544,0.7376201405105283,351,177,33457,35000,7919,4273,7523,10215,45410,36167,3382,1063,6737,4652,17520,3130,10252,2037,815,519,2279,3279,36184,1602,6803,386,178,967,114,2325
997,8013,997.174939375632,99779,605,290,161,56,48161,25589,0.739133485001854,339,196,33419,34921,7958,4280,7516,10255,45410,36167,3485,1099,6727,4641,17474,3143,10269,2058,812,529,2318,3273,36067,1600,6774,402,180,998,120,2394
998,8013,998.2867199552852,99778,619,313,162,56,48267,25647,0.7407845416825353,332,212,33377,34842,8002,4286,7506,10289,45410,36167,3588,1135,6711,4629,17420,3150,10284,2082,811,545,2359,3267,35945,1598,6761,412,184,1026,124,2470
999,8013,999.0285664555515,99778,614,307,162,56,48329,25680,0.7417366553749324,350,223,33323,34776,8031,4300,7518,10336,45410,36167,3692,1172,6703,4621,17379,3158,10301,2098,811,553,2398,3256,35825,1596,6736,429,188,1053,134,2539
1000,8013,1000.1430405800304,99777,616,322,163,56,48424,25738,0.7432775088447238,379,221,33290,34718,8072,4305,7478,10376,45410,36167,3796,1209,6690,4605,17317,3172,10326,2123,810,566,2437,3242,35714,1595,6713,443,199,1081,140,2604
1001,8013,1001.25839679071,99777,642,336,163,56,48548,25802,0.7451617106146707,371,210,33223,34660,8122,4323,7477,10413,45410,36167,3900,1247,6682,4597,17250,3182,10349,2150,807,573,2493,3232,35582,1591,6700,448,204,1118,146,2673
1002,8013,1002.0028242558138,99777,641,331,163,56,48623,25836,0.7462541467472463,383,229,33182,34579,8152,4340,7477,10463,45410,36167,4004,1285,6674,4588,17201,3195,10360,2175,807,580,2534,3221,35460,1584,6688,453,211,1146,153,2747
1003,8013,1003.1214126245419,99777,665,317,163,56,48747,25875,0.7478877897711897,410,251,33091,34501,8203,4365,7466,10508,45410,36167,4108,1323,6659,4583,17141,3202,10402,2189,805,594,2581,3207,35322,1578,6670,461,219,1175,162,2827
1004,8013,1004.2422218987083,99777,658,320,163,56,48861,25937,0.749651723343055,429,252,33006,34439,8288,4389,7454,10542,45410,36167,4212,1362,6644,4572,17076,3216,10438,2219,803,608,2634,3194,35194,1573,6633,478,227,1206,167,2895
1005,8013,1005.3656636665343,99776,680,324,164,56,48995,26001,0.751643681847338,416,249,32955,34364,8346,4421,7437,10584,45410,36167,4316,1401,6638,4565,17010,3222,10476,2246,801,613,2693,3188,35056,1568,6602,492,230,1239,177,2960
1006,8013,1006.1155072731432,99776,700,328,164,56,49092,26045,0.7530568473380372,395,241,32904,34292,8384,4438,7451,10643,45410,36167,4419,1441,6628,4556,16963,3234,10482,2275,801,623,2727,3181,34940,1561,6583,504,236,1265,184,3033
1007,8013,1007.2422615379793,99776,711,342,164,56,49210,26115,0.7549410679923028,411,246,32831,34220,8447,4465,7434,10669,45410,36167,4522,1481,6612,4541,16895,3249,10512,2303,801,638,2770,3173,34818,1559,6556,517,242,1298,193,3099
1008,8013,1008.3711683666512,99776,721,359,164,56,49327,26186,0.7568252886465683,430,230,32772,34159,8502,4487,7409,10707,45410,36167,4625,1522,6595,4534,16830,3254,10548,2329,798,655,2819,3162,34685,1557,6536,524,246,1331,202,3171
1009,8013,1009.1246915762614,99776,728,378,164,56,49411,26230,0.7581081622835151,430,243,32724,34075,8542,4486,7410,10760,45410,36167,4727,1563,6590,4526,16776,3265,10572,2346,797,660,2849,3155,34574,1553,6510,539,252,1359,206,3247
1010,8013,1010.2565338011553,99775,718,380,165,56,49521,26297,0.7598897519418693,465,242,32661,33994,8591,4526,7398,10800,45410,36167,4829,1604,6572,4514,16717,3277,10603,2373,795,678,2905,3145,34442,1549,6476,557,260,1384,221,3307
1011,8013,1011.0120347219304,99775,715,398,165,56,49596,26349,0.761162615885743,482,258,32606,33913,8628,4531,7402,10842,45410,36167,4930,1646,6562,4505,16680,3285,10612,2400,793,688,2933,3135,34327,1546,6458,566,266,1406,233,3380
1012,8013,1012.1473190474704,99775,735,393,165,56,49724,26414,0.7630969681784014,482,259,32551,33854,8670,4560,7395,10876,45410,36167,5031,1688,6551,4495,16627,3293,10641,2429,791,699,2996,3124,34175,1543,6436,574,274,1428,246,3453
1013,8013,1013.2842002791393,99775,723,404,165,56,49844,26500,0.765161613630669,510,245,32462,33791,8744,4597,7394,10905,45410,36167,5131,1730,6531,4482,16554,3311,10682,2462,788,718,3054,3107,34040,1537,6408,587,280,1463,254,3517
1014,8013,1014.0437523775055,99773,727,407,165,58,49925,26547,0.7664598638910326,527,236,32414,33723,8772,4612,7393,10962,45410,36167,5230,1773,6523,4476,16513,3320,10687,2490,788,725,3097,3095,33915,1532,6385,602,289,1486,261,3589
1015,8013,1015.1849833631723,99772,775,426,165,59,50083,26626,0.7688429619532534,504,230,32347,33658,8825,4638,7382,10987,45410,36167,5329,1816,6507,4467,16459,3329,10708,2516,787,740,3162,3088,33771,1525,6364,611,295,1520,268,3655
1016,8013,1016.3281779615892,99771,773,405,166,59,50219,26684,0.7707951208266931,518,253,32260,33575,8901,4690,7380,11016,45410,36167,5427,1859,6485,4456,16378,3341,10757,2552,786,759,3227,3078,33633,1523,6328,616,299,1561,276,3716
1017,8013,1017.0920440285346,99771,786,415,166,59,50322,26750,0.7724889998095639,509,233,32208,33512,8945,4715,7384,11064,45410,36167,5524,1903,6468,4445,16323,3351,10775,2578,786,775,3275,3068,33508,1520,6310,624,304,1596,283,3782
1018,8013,1018.2399427725536,99770,779,407,166,60,50463,26825,0.7746617219605092,514,218,32138,33452,9032,4769,7369,11092,45410,36167,5620,1947,6450,4428,16264,3364,10820,2606,785,793,3364,3057,33332,1514,6280,634,311,1619,292,3857
1019,8013,1019.0066666542735,99770,786,401,166,60,50555,26860,0.7759346496942969,517,238,32080,33393,9070,4789,7379,11117,45410,36167,5716,1991,6441,4420,16218,3365,10830,2642,785,802,3399,3048,33219,1513,6259,644,315,1647,298,3925
1020,8013,1020.1589966821554,99769,802,412,167,60,50700,26933,0.7781274744660165,515,250,32024,33324,9135,4817,7355,11135,45410,36167,5811,2035,6425,4408,16149,3376,10861,2675,785,815,3464,3043,33075,1510,6235,653,319,1676,305,3995
1021,8013,1021.3133260108343,99768,819,415,168,60,50849,27000,0.7803002966883169,506,275,31954,33246,9206,4837,7345,11165,45410,36167,5905,2080,6408,4392,16087,3391,10888,2710,784,831,3526,3026,32940,1504,6218,662,327,1705,313,4056
1022,8013,1022.0841401096624,99768,817,430,168,60,50934,27053,0.7816835057333013,523,276,31892,33185,9251,4838,7347,11209,45410,36167,5998,2125,6393,4384,16047,3401,10901,2736,782,846,3565,3013,32824,1502,6197,677,332,1724,323,4121
1023,8013,1023.2426011626958,99767,836,449,169,60,51091,27134,0.784076899175078,540,271,31791,33127,9327,4870,7335,11221,45410,36167,6090,2170,6373,4374,15985,3412,10939,2774,779,865,3616,3003,32690,1495,6168,685,339,1746,332,4192
1024,8013,1024.016662609321,99767,877,434,169,60,51203,27184,0.7857006825904357,532,285,31733,33064,9343,4900,7344,11255,45410,36167,6181,2215,6365,4368,15929,3418,10958,2800,777,873,3666,2995,32567,1494,6148,699,345,1772,343,4250
1025,8013,1025.1798807219595,99765,879,452,171,60,51359,27262,0.7880619455720944,558,299,31645,33007,9419,4927,7326,11253,45410,36167,6271,2260,6345,4354,15853,3431,11003,2839,776,892,3716,2978,32448,1487,6123,706,351,1805,355,4303
1026,8013,1026.3455458267356,99765,892,466,171,60,51515,27351,0.7905177166340901,564,312,31556,32934,9502,4963,7313,11263,45410,36167,6360,2306,6331,4345,15800,3439,11040,2878,775,902,3779,2964,32307,1480,6092,720,358,1826,369,4360
1027,8013,1027.1242167347118,99765,931,495,171,60,51644,27423,0.7925324512604621,544,295,31490,32873,9544,4977,7318,11298,45410,36167,6448,2352,6317,4342,15745,3446,11053,2912,773,916,3814,2954,32203,1475,6075,726,365,1854,383,4412
1028,8013,1028.2949817587012,99765,921,517,171,60,51803,27529,0.7951886934295594,558,283,31391,32813,9646,5027,7311,11298,45410,36167,6535,2398,6287,4327,15680,3457,11101,2951,771,942,3883,2943,32059,1473,6043,736,371,1880,395,4466
1029,8013,1029.0774492147584,99764,897,513,172,60,51894,27591,0.7967302834689868,592,284,31322,32752,9703,5061,7312,11328,45410,36167,6621,2444,6274,4316,15618,3469,11124,2986,770,953,3944,2934,31928,1468,6023,745,376,1907,407,4522
1030,8013,1030.2542236786649,99764,907,499,172,60,52065,27667,0.7992061264584419,600,316,31230,32671,9797,5117,7292,11335,45410,36167,6706,2490,6246,4297,15550,3490,11164,3021,767,979,4035,2922,31768,1462,6004,752,383,1931,417,4576
1031,8013,1031.0404770920204,99764,947,517,172,60,52197,27741,0.8012709995589592,596,307,31151,32619,9833,5146,7299,11349,45410,36167,6790,2536,6234,4287,15499,3504,11182,3044,766,988,4088,2920,31636,1459,5983,760,385,1961,428,4640
1032,8013,1032.22282671589,99764,955,525,172,60,52358,27822,0.8036967242692755,613,331,31047,32524,9920,5190,7291,11368,45410,36167,6873,2582,6204,4270,15439,3517,11215,3078,762,1018,4154,2912,31501,1453,5954,774,389,1989,440,4695
1033,8013,1033.0129378846277,99763,960,537,173,60,52475,27894,0.8055992702705412,616,327,30967,32450,9987,5224,7295,11400,45410,36167,6955,2629,6187,4263,15382,3521,11242,3104,761,1033,4208,2900,31378,1450,5932,783,396,2024,451,4748
1034,8013,1034.2015890726625,99763,989,549,173,60,52671,27995,0.8085763258923649,600,328,30855,32386,10092,5273,7289,11402,45410,36167,7035,2676,6162,4244,15313,3542,11280,3151,758,1055,4281,2890,31240,1443,5909,790,401,2050,462,4792
1035,8013,1035.3941804083663,99762,1002,556,174,60,52855,28099,0.8114713016980414,618,321,30749,32313,10185,5342,7270,11406,45410,36167,7114,2723,6139,4229,15246,3563,11323,3195,757,1075,4359,2874,31086,1431,5887,795,405,2075,476,4847
1036,8013,1036.1914265272908,99761,1000,568,175,60,52975,28174,0.8134341075169655,620,323,30678,32234,10250,5375,7275,11438,45410,36167,7192,2770,6126,4220,15185,3580,11341,3236,756,1084,4417,2867,30963,1424,5863,801,408,2106,483,4901
1037,8013,1037.3905240315678,99760,1007,551,176,60,53144,28259,0.8159883720930232,616,359,30586,32162,10350,5433,7263,11433,45410,36167,7269,2817,6102,4203,15127,3601,11380,3280,751,1103,4486,2857,30820,1418,5828,812,411,2132,498,4951
1038,8013,1038.1917609283967,99759,996,553,177,60,53276,28320,0.8179312142262853,586,374,30535,32091,10438,5464,7266,11456,45410,36167,7345,2864,6087,4189,15059,3611,11427,3316,749,1117,4530,2845,30708,1415,5801,822,416,2156,512,4999
1039,8013,1039.3966175398511,99759,1010,556,177,60,53455,28426,0.8207880993193597,606,374,30447,32028,10520,5522,7238,11458,45410,36167,7420,2911,6064,4168,14998,3634,11452,3368,746,1135,4616,2834,30562,1408,5775,834,422,2180,522,5041
1040,8013,1040.2015074181843,99759,1019,573,177,60,53579,28513,0.8229031967040568,587,378,30387,31961,10578,5557,7250,11469,45410,36167,7494,2958,6043,4156,14943,3643,11481,3405,745,1156,4663,2822,30438,1408,5759,840,428,2198,531,5100
1041,8013,1041.0080132289916,99758,1026,588,178,60,53704,28590,0.8249363459572164,589,372,30318,31900,10642,5597,7245,11481,45410,36167,7567,3005,6028,4143,14887,3658,11501,3437,743,1170,4720,2816,30316,1404,5740,847,430,2227,545,5146
1042,8013,1042.2207820864699,99758,1036,604,178,60,53908,28711,0.8281942300366888,584,359,30229,31844,10743,5660,7228,11471,45410,36167,7639,3052,6007,4127,14809,3675,11554,3492,741,1189,4788,2806,30177,1394,5714,852,434,2247,574,5178
1043,8013,1043.0311019542385,99758,1034,620,178,60,54028,28785,0.8301389362256661,601,358,30140,31792,10815,5689,7230,11479,45410,36167,7710,3099,5996,4115,14747,3686,11600,3522,741,1196,4831,2791,30073,1390,5685,864,445,2269,583,5224
1044,8013,1044.2507473948706,99758,1041,640,178,60,54219,28913,0.8333366747529021,633,358,30035,31719,10906,5750,7205,11471,45410,36167,7780,3146,5967,4102,14677,3699,11655,3567,738,1222,4919,2778,29920,1385,5652,870,449,2291,605,5262
1045,8013,1045.065911028216,99758,1034,613,178,60,54346,28973,0.8352112111309369,642,364,29951,31661,10982,5802,7211,11498,45410,36167,7849,3193,5936,4095,14623,3698,11691,3603,737,1251,4990,2766,29785,1384,5631,878,452,2316,616,5306
1046,8013,1046.2922619354938,99757,1042,646,178,61,54543,29105,0.8385175977625631,654,336,29852,31602,11081,5860,7191,11493,45410,36167,7916,3240,5908,4075,14553,3717,11747,3641,737,1276,5082,2756,29625,1378,5607,879,456,2338,630,5352
1047,8013,1047.112047368954,99757,1077,647,178,61,54691,29182,0.8407730785809517,625,329,29786,31559,11142,5906,7190,11496,45410,36167,7982,3287,5891,4063,14502,3729,11767,3682,733,1290,5143,2744,29514,1376,5581,894,462,2356,638,5392
1048,8013,1048.345186112761,99757,1058,611,178,61,54870,29280,0.8435498260773681,633,338,29700,31510,11254,5996,7175,11482,45410,36167,8047,3334,5870,4040,14427,3744,11846,3729,731,1308,5238,2728,29354,1371,5548,899,466,2378,657,5423
1049,8013,1049.1694439299927,99757,1083,612,178,61,55009,29351,0.8456549415078641,629,333,29629,31461,11296,6038,7183,11493,45410,36167,8111,3381,5858,4026,14374,3755,11871,3766,729,1320,5289,2712,29239,1368,5531,905,472,2401,671,5470
1050,8013,1050.409157231105,99757,1066,607,178,61,55184,29453,0.8484316890042805,652,331,29546,31435,11399,6100,7157,11464,45410,36167,8174,3427,5830,4011,14298,3768,11930,3806,724,1347,5380,2699,29085,1364,5511,911,476,2423,690,5504
1051,8013,1051.2374976874348,99757,1105,602,178,61,55330,29527,0.8506370480267049,632,330,29469,31394,11455,6152,7159,11459,45410,36167,8236,3473,5821,4007,14245,3766,11962,3838,724,1356,5458,2689,28954,1360,5489,919,479,2445,703,5542
1052,8013,1052.067863846405,99757,1092,598,178,61,55443,29601,0.8525116031957657,656,325,29400,31348,11518,6192,7154,11474,45410,36167,8297,3519,5812,3993,14195,3775,11996,3869,724,1362,5528,2682,28817,1356,5472,923,481,2468,718,5586
1053,8013,1053.3167180408243,99755,1103,590,179,62,55652,29715,0.855766628239186,638,312,29326,31296,11618,6268,7134,11470,45410,36167,8357,3565,5796,3970,14130,3793,12037,3931,723,1373,5623,2671,28661,1350,5443,925,486,2485,741,5617
1054,8013,1054.1512415638583,99755,1116,581,179,62,55783,29787,0.8578016139541877,659,310,29241,31244,11661,6318,7142,11483,45410,36167,8416,3611,5776,3962,14076,3792,12085,3961,722,1392,5664,2659,28556,1346,5421,932,491,2507,757,5656
1055,8013,1055.406722579556,99755,1117,558,179,62,55994,29887,0.8609192521678112,661,333,29149,31183,11763,6385,7129,11477,45410,36167,8474,3657,5757,3943,14008,3800,12152,4023,720,1408,5756,2651,28393,1340,5390,939,492,2517,770,5696
1056,8013,1056.2459930057164,99755,1119,581,179,62,56142,29966,0.8631948273269511,649,323,29097,31144,11835,6406,7119,11482,45410,36167,8531,3703,5745,3934,13965,3804,12178,4072,716,1419,5806,2635,28291,1338,5366,946,497,2534,785,5724
1057,8013,1057.0870652097287,99755,1127,565,179,62,56293,30041,0.8654603779259185,639,327,29011,31094,11927,6465,7115,11485,45410,36167,8587,3749,5733,3919,13899,3811,12228,4118,715,1429,5860,2625,28179,1336,5337,954,500,2553,799,5760
1058,8013,1058.3523947453828,99755,1111,594,179,62,56493,30160,0.8686582126209212,647,329,28943,31042,12027,6503,7091,11468,45410,36167,8642,3795,5698,3891,13828,3834,12293,4156,712,1463,5920,2616,28050,1328,5318,960,502,2573,823,5790
1059,8013,1059.197796167478,99755,1098,586,179,62,56623,30233,0.870693198335923,641,329,28887,31002,12103,6550,7090,11469,45410,36167,8697,3840,5682,3878,13775,3849,12324,4200,709,1476,5979,2604,27934,1323,5299,966,506,2589,840,5822
1060,8013,1060.0450338082705,99755,1055,586,179,62,56736,30307,0.872567791088166,663,337,28822,30942,12192,6591,7087,11480,45410,36167,8751,3885,5662,3862,13710,3866,12374,4234,707,1490,6034,2595,27819,1319,5281,969,510,2609,856,5858
1061,8013,1061.3193692051993,99755,1075,621,179,62,56955,30435,0.8760463134679966,652,328,28746,30874,12283,6649,7063,11464,45410,36167,8804,3930,5642,3845,13651,3877,12417,4293,701,1506,6099,2583,27696,1316,5255,976,515,2621,879,5883
1062,8013,1062.1708293448548,99755,1051,617,179,62,57106,30506,0.8782717658262744,633,328,28681,30826,12396,6688,7058,11477,45410,36167,8856,3975,5625,3832,13586,3886,12464,4340,698,1523,6159,2574,27574,1313,5231,984,517,2640,893,5916
1063,8013,1063.024297634048,99754,1067,608,180,62,57246,30579,0.880415822924394,629,333,28619,30778,12438,6738,7065,11479,45410,36167,8907,4020,5607,3824,13531,3891,12523,4364,696,1538,6207,2568,27465,1307,5201,996,519,2655,908,5954
1064,8013,1064.3083883211843,99754,1056,637,180,62,57436,30695,0.8834833690879563,638,318,28533,30761,12542,6767,7049,11453,45410,36167,8957,4065,5581,3806,13470,3907,12582,4411,695,1558,6258,2552,27353,1303,5175,1006,524,2665,933,5975
1065,8013,1065.1664466289078,99754,1036,614,180,62,57565,30745,0.8852777833470337,642,336,28454,30726,12633,6809,7053,11451,45410,36167,9006,4109,5563,3795,13423,3916,12613,4452,694,1568,6321,2546,27227,1302,5157,1013,523,2679,946,6016
1066,8013,1066.0269602248009,99754,1061,602,180,62,57695,30811,0.88724261683742,658,330,28395,30698,12653,6853,7051,11453,45410,36167,9054,4153,5548,3782,13359,3934,12641,4490,692,1583,6363,2538,27143,1296,5140,1018,527,2703,960,6037
1067,8013,1067.320763692811,99754,1061,609,180,62,57911,30925,0.8905507548569481,636,330,28329,30650,12753,6910,7039,11437,45410,36167,9102,4197,5527,3762,13289,3967,12702,4539,688,1596,6446,2529,27002,1284,5107,1026,528,2714,982,6066
1068,8013,1068.184753627986,99753,1077,619,181,62,58033,30999,0.8925245356029392,667,337,28248,30601,12790,6945,7035,11434,45410,36167,9149,4241,5520,3752,13240,3979,12723,4577,686,1601,6489,2522,26911,1280,5091,1029,530,2732,1003,6088
1069,8013,1069.051014977751,99752,1084,625,182,62,58180,31080,0.8948191514957093,670,337,28178,30564,12846,6990,7038,11420,45410,36167,9195,4285,5502,3735,13178,3991,12778,4602,685,1617,6547,2512,26798,1276,5077,1033,533,2750,1018,6120
1070,8013,1070.3537930348025,99752,1101,629,182,62,58389,31183,0.897946908332665,668,348,28079,30560,12932,7021,7036,11378,45410,36167,9240,4328,5480,3722,13112,4000,12845,4648,683,1638,6623,2500,26663,1267,5059,1036,534,2763,1030,6149
1071,8013,1071.2248222372214,99752,1141,623,182,62,58552,31257,0.9003228005453525,649,341,28023,30532,12972,7075,7031,11365,45410,36167,9284,4371,5462,3712,13064,4001,12881,4685,683,1654,6675,2489,26554,1265,5048,1037,539,2776,1046,6181
1072,8013,1072.0975795745885,99752,1127,610,182,62,58697,31324,0.9024480712166172,640,367,27959,30477,13054,7125,7036,11357,45410,36167,9328,4414,5440,3704,13007,4008,12924,4730,681,1673,6725,2483,26447,1259,5032,1039,541,2787,1069,6203
1073,8013,1073.4103502696848,99752,1137,637,182,62,58920,31463,0.9060770711364183,638,338,27886,30446,13142,7195,7013,11320,45410,36167,9371,4457,5409,3688,12922,4029,13006,4775,677,1700,6800,2472,26318,1252,5006,1041,542,2803,1091,6221
1074,8013,1074.287355169951,99752,1125,648,182,62,59057,31544,0.9082624909776245,667,360,27812,30404,13199,7220,7013,11304,45410,36167,9413,4499,5388,3664,12858,4058,13041,4814,674,1715,6842,2463,26231,1248,4992,1045,547,2821,1099,6252
1075,8013,1075.166430506156,99752,1153,630,182,62,59215,31616,0.9105682091587136,661,373,27741,30352,13254,7281,7007,11300,45410,36167,9454,4541,5371,3654,12803,4068,13086,4857,672,1728,6883,2450,26139,1246,4970,1047,550,2838,1117,6273
1076,8013,1076.0475696970288,99752,1124,606,182,62,59349,31693,0.9126834549683215,681,368,27674,30338,13334,7345,7003,11279,45410,36167,9495,4583,5344,3636,12756,4094,13130,4902,669,1750,6940,2438,26032,1239,4938,1053,556,2847,1135,6293
1077,8013,1077.3732674326336,99752,1113,607,182,62,59558,31809,0.9159415350068169,677,385,27582,30297,13460,7408,6984,11239,45410,36167,9535,4625,5318,3606,12688,4122,13190,4953,668,1775,7014,2425,25896,1229,4919,1053,558,2865,1157,6316
1078,8013,1078.259767409221,99750,1098,601,183,63,59695,31890,0.9181453634085213,680,387,27511,30269,13524,7452,7002,11226,45410,36167,9574,4667,5299,3596,12639,4128,13232,4997,667,1790,7061,2419,25793,1226,4894,1056,560,2878,1180,6335
1079,8013,1079.1486310524276,99750,1120,610,183,63,59845,31988,0.9206315789473685,668,374,27451,30243,13574,7498,7002,11210,45410,36167,9613,4708,5281,3582,12600,4145,13252,5045,666,1804,7107,2412,25696,1220,4880,1059,562,2881,1203,6355
1080,8013,1080.0394498826356,99749,1097,613,184,63,59986,32076,0.9229365707926896,690,347,27382,30227,13643,7558,7002,11190,45410,36167,9651,4749,5264,3572,12542,4155,13304,5090,661,1817,7160,2400,25595,1217,4852,1065,563,2897,1219,6376
1081,8013,1081.3796182568597,99748,1134,616,185,63,60230,32191,0.9265448931306893,666,354,27330,30200,13724,7604,6959,11161,45410,36167,9688,4790,5246,3556,12484,4165,13372,5143,657,1831,7245,2387,25461,1207,4823,1070,568,2906,1229,6398
1082,8013,1082.2744511377746,99748,1129,618,185,63,60385,32275,0.9289409311464891,638,361,27279,30175,13808,7640,6959,11141,45410,36167,9725,4831,5232,3538,12435,4183,13416,5185,655,1841,7301,2382,25350,1205,4803,1076,567,2915,1249,6415
1083,8013,1083.1710488964775,99747,1115,609,185,64,60513,32340,0.9308851394026888,644,378,27236,30157,13859,7672,6959,11118,45410,36167,9761,4871,5215,3529,12394,4194,13450,5228,652,1851,7340,2379,25261,1201,4781,1083,568,2924,1262,6435
1084,8013,1084.0693304279037,99747,1103,593,185,64,60659,32415,0.933100744884558,635,379,27181,30137,13933,7723,6961,11102,45410,36167,9796,4911,5202,3516,12349,4206,13488,5278,648,1862,7395,2371,25154,1198,4762,1084,570,2931,1289,6444
1085,8013,1085.4201318227667,99745,1105,602,187,64,60873,32532,0.9364379166875533,634,360,27120,30129,14006,7773,6946,11070,45410,36167,9831,4951,5186,3495,12295,4233,13550,5328,643,1869,7475,2363,25020,1190,4733,1087,570,2942,1310,6456
1086,8013,1086.3224524430518,99744,1104,600,188,64,61019,32613,0.9387231312159128,639,364,27072,30111,14058,7807,6937,11052,45410,36167,9865,4991,5164,3485,12249,4243,13582,5370,642,1887,7525,2358,24922,1185,4716,1091,572,2953,1328,6472
1087,8013,1087.2264012207065,99744,1126,602,188,64,61157,32679,0.9407683670195701,649,382,27026,30081,14073,7836,6936,11033,45410,36167,9899,5030,5147,3473,12212,4250,13603,5417,642,1901,7545,2349,24857,1182,4703,1094,575,2960,1350,6484
1088,8013,1088.1314479754285,99743,1151,610,189,64,61312,32766,0.9432040343683266,649,360,26965,30059,14113,7874,6931,11031,45410,36167,9932,5069,5133,3463,12163,4262,13641,5457,641,1910,7593,2338,24768,1177,4685,1094,577,2976,1366,6499
1089,8013,1089.0381835116075,99741,1129,600,191,64,61446,32848,0.945388556360975,654,364,26904,30029,14183,7918,6937,11023,45410,36167,9964,5108,5117,3454,12116,4268,13676,5506,640,1921,7643,2330,24664,1175,4665,1098,579,2987,1392,6510
1090,8013,1090.4021590485977,99741,1126,610,191,64,61678,32977,0.9490079305400989,639,343,26825,30023,14299,7987,6918,10971,45410,36167,9996,5146,5088,3433,12045,4274,13727,5576,640,1946,7730,2316,24535,1171,4649,1100,581,3003,1410,6517
1091,8013,1091.3139144566699,99741,1120,613,191,64,61839,33062,0.9514743184848758,626,352,26793,29981,14370,8036,6898,10952,45410,36167,10027,5184,5067,3420,12002,4276,13768,5627,637,1963,7778,2308,24446,1167,4630,1103,583,3008,1430,6528
1092,8013,1092.2271208945974,99741,1138,610,191,64,61988,33140,0.9537502130518042,609,357,26744,29960,14417,8070,6899,10937,45410,36167,10058,5222,5041,3414,11957,4278,13814,5665,636,1986,7814,2294,24366,1163,4612,1104,590,3016,1447,6544
1093,8013,1093.1420420626391,99741,1154,612,191,64,62140,33220,0.9560762374550085,595,341,26704,29967,14457,8112,6897,10902,45410,36167,10088,5260,5020,3404,11916,4292,13840,5705,633,2002,7870,2286,24271,1159,4595,1109,595,3023,1460,6561
1094,8013,1094.0583084467607,99741,1161,612,191,64,62284,33295,0.9582719242838953,604,343,26642,29943,14517,8152,6883,10884,45410,36167,10118,5297,5006,3391,11871,4302,13886,5752,630,2014,7889,2280,24200,1154,4572,1110,596,3034,1477,6577
