,indexID,time,N,Inf_L,Inf_H,Dead_L,Dead_H,cum_cases_L,cum_cases_H,cum_sum_per_N,Exposed_L,Exposed_H,Sus_L,Sus_H,Rec_nat_L,Rec_nat_H,Rec_vax_L,Rec_vax_H,vaccinatedH,vaccinatedL,boostedH,boostedL,count_Naive,count_Delta,count_Delta_vaccine,count_two,count_three,count_four,count_Omicron,count_Omicron_star,count_Omicron_star_vaccine,count_Omicron_vaccine,count_Vaccine,count_WT,count_WT_vaccine,count_WT_vaccine_boost,count_Omicron_vaccine_boost,count_Delta_vaccine_boost,count_Omicron_star_vaccine_boost,count_Vaccine_boost
0,3552,1.0251564427356634,99998,12,3,0,0,12,3,0.0001500030000600012,14,22,49973,49974,0,0,0,0,0,0,0,0,99998,0,0,0,0,0,0,0,0,0,0,0,0,0,0,0,0,0
1,3552,2.317194207265689,99998,12,9,0,0,15,9,0.00024000480009600192,12,18,49972,49972,3,0,0,0,0,0,0,0,99995,0,0,0,0,0,0,0,0,0,0,3,0,0,0,0,0,0
2,3552,3.1039684213078607,99998,13,11,0,0,17,12,0.00029000580011600234,12,15,49970,49972,4,1,0,0,0,0,0,0,99993,0,0,0,0,0,0,0,0,0,0,5,0,0,0,0,0,0
3,3552,4.087153824166015,99998,13,11,0,0,19,15,0.0003400068001360027,12,12,49968,49972,6,4,0,0,0,0,0,0,99988,0,0,0,0,0,0,0,0,0,0,10,0,0,0,0,0,0
4,3552,5.022986612762217,99998,17,17,0,0,25,22,0.00047000940018800374,9,6,49965,49971,8,5,0,0,0,0,0,0,99985,0,0,0,0,0,0,0,0,0,0,13,0,0,0,0,0,0
5,3552,6.0487746354044365,99998,18,19,0,0,27,25,0.0005200104002080041,9,4,49963,49970,9,6,0,0,0,0,0,0,99983,0,0,0,0,0,0,0,0,0,0,15,0,0,0,0,0,0
6,3552,7.0997055350039195,99998,20,18,0,0,33,27,0.0006000120002400048,7,3,49959,49969,13,9,0,0,0,0,0,0,99976,0,0,0,0,0,0,0,0,0,0,22,0,0,0,0,0,0
7,3552,8.026543156248586,99998,19,16,0,0,36,27,0.000630012600252005,8,5,49955,49967,17,11,0,0,0,0,0,0,99970,0,0,0,0,0,0,0,0,0,0,28,0,0,0,0,0,0
8,3552,9.018296138720947,99998,22,14,0,0,39,27,0.0006600132002640052,10,9,49950,49963,17,13,0,0,0,0,0,0,99968,0,0,0,0,0,0,0,0,0,0,30,0,0,0,0,0,0
9,3552,10.054237918577611,99998,22,14,0,0,42,31,0.0007300146002920058,12,7,49945,49961,20,17,0,0,0,0,0,0,99961,0,0,0,0,0,0,0,0,0,0,37,0,0,0,0,0,0
10,3552,11.009036403116676,99998,18,13,0,0,43,33,0.0007600152003040061,12,5,49944,49961,25,20,0,0,0,0,0,0,99953,0,0,0,0,0,0,0,0,0,0,45,0,0,0,0,0,0
11,3552,12.100869964173242,99998,19,14,0,0,47,36,0.0008300166003320066,12,6,49940,49957,28,22,0,0,0,0,0,0,99948,0,0,0,0,0,0,0,0,0,0,50,0,0,0,0,0,0
12,3552,13.017101040396168,99998,22,13,0,0,51,36,0.000870017400348007,12,6,49936,49957,29,23,0,0,0,0,0,0,99946,0,0,0,0,0,0,0,0,0,0,52,0,0,0,0,0,0
13,3552,14.073348376054353,99998,19,10,0,0,53,36,0.0008900178003560072,17,10,49929,49953,34,26,0,0,0,0,0,0,99938,0,0,0,0,0,0,0,0,0,0,60,0,0,0,0,0,0
14,3552,15.214914148716872,99997,21,13,1,0,57,39,0.000960028800864026,18,9,49924,49951,35,26,0,0,0,0,0,0,99936,0,0,0,0,0,0,0,0,0,0,61,0,0,0,0,0,0
15,3552,16.252013013848384,99997,24,11,1,0,64,40,0.001040031200936028,15,11,49920,49949,39,28,0,0,0,0,0,0,99929,0,0,0,0,0,0,0,0,0,0,68,0,0,0,0,0,0
16,3552,17.284945053672434,99997,22,13,1,0,66,43,0.0010900327009810294,15,10,49918,49948,43,28,0,0,0,0,0,0,99924,0,0,0,0,0,0,0,0,0,0,73,0,0,0,0,0,0
17,3552,18.110572566824363,99997,25,13,1,0,70,43,0.0011300339010170304,18,10,49911,49948,44,28,0,0,0,0,0,0,99923,0,0,0,0,0,0,0,0,0,0,74,0,0,0,0,0,0
18,3552,19.203276086313437,99997,23,14,1,0,72,46,0.001180035401062032,17,10,49910,49945,48,30,0,0,0,0,0,0,99917,0,0,0,0,0,0,0,0,0,0,80,0,0,0,0,0,0
19,3552,20.094706912189164,99997,30,16,1,0,80,48,0.0012800384011520346,17,11,49903,49942,48,30,0,0,0,0,0,0,99916,0,0,0,0,0,0,0,0,0,0,81,0,0,0,0,0,0
20,3552,21.15190033150654,99997,30,19,1,0,83,52,0.0013500405012150365,19,8,49899,49941,50,31,0,0,0,0,0,0,99912,0,0,0,0,0,0,0,0,0,0,85,0,0,0,0,0,0
21,3552,22.121109050401657,99997,30,21,1,0,84,56,0.0014000420012600379,26,8,49891,49937,51,33,0,0,0,0,0,0,99909,0,0,0,0,0,0,0,0,0,0,88,0,0,0,0,0,0
22,3552,23.014292536553693,99997,39,19,1,0,98,58,0.0015600468014040421,17,10,49886,49933,56,37,0,0,0,0,0,0,99900,0,0,0,0,0,0,0,0,0,0,97,0,0,0,0,0,0
23,3552,24.056703650646416,99997,35,17,1,0,98,62,0.0016000480014400431,19,9,49884,49930,60,43,0,0,0,0,0,0,99890,0,0,0,0,0,0,0,0,0,0,107,0,0,0,0,0,0
24,3552,25.01568312345507,99997,36,19,1,0,101,66,0.001670050101503045,22,8,49878,49927,62,45,0,0,0,0,0,0,99886,0,0,0,0,0,0,0,0,0,0,111,0,0,0,0,0,0
25,3552,26.12912922298201,99997,37,18,1,0,109,68,0.0017700531015930477,23,10,49869,49923,69,48,0,0,0,0,0,0,99876,0,0,0,0,0,0,0,0,0,0,121,0,0,0,0,0,0
26,3552,27.023631557667805,99997,41,16,1,0,115,70,0.00185005550166505,20,13,49866,49918,71,52,0,0,0,0,0,0,99870,0,0,0,0,0,0,0,0,0,0,127,0,0,0,0,0,0
27,3552,28.015296717349983,99997,41,18,1,0,121,76,0.0019700591017730532,21,10,49860,49916,76,55,0,0,0,0,0,0,99860,0,0,0,0,0,0,0,0,0,0,137,0,0,0,0,0,0
28,3552,29.08240012935949,99997,48,16,1,0,131,78,0.0020900627018810565,18,13,49855,49911,77,59,0,0,0,0,0,0,99853,0,0,0,0,0,0,0,0,0,0,144,0,0,0,0,0,0
29,3552,30.21868376998444,99997,41,15,1,0,137,81,0.002180065401962059,18,16,49851,49905,88,63,0,0,0,0,0,0,99836,0,0,0,0,0,0,0,0,0,0,161,0,0,0,0,0,0
30,3552,31.018280912268988,99997,40,19,1,0,145,87,0.0023200696020880627,16,13,49845,49902,97,65,0,0,0,0,0,0,99825,0,0,0,0,0,0,0,0,0,0,172,0,0,0,0,0,0
31,3552,32.01967060358057,99997,39,20,1,0,148,90,0.002380071402142064,18,12,49840,49901,101,66,0,0,0,0,0,0,99819,0,0,0,0,0,0,0,0,0,0,178,0,0,0,0,0,0
32,3552,33.12646151988448,99997,40,17,1,0,154,92,0.0024600738022140666,18,12,49834,49900,106,70,0,0,0,0,0,0,99809,0,0,0,0,0,0,0,0,0,0,188,0,0,0,0,0,0
33,3552,34.04499158823695,99997,42,18,1,0,159,97,0.002560076802304069,17,11,49831,49896,108,74,0,0,0,0,0,0,99802,0,0,0,0,0,0,0,0,0,0,195,0,0,0,0,0,0
34,3552,35.039661067536386,99996,45,19,2,0,164,101,0.0026501060042401696,20,12,49824,49891,108,77,0,0,0,0,0,0,99797,0,0,0,0,0,0,0,0,0,0,199,0,0,0,0,0,0
35,3552,36.18193540332468,99996,46,19,2,0,170,104,0.002740109604384175,21,12,49817,49888,113,80,0,0,0,0,0,0,99789,0,0,0,0,0,0,0,0,0,0,207,0,0,0,0,0,0
36,3552,37.04059930286782,99996,47,20,2,0,179,105,0.0028401136045441817,23,14,49806,49885,121,80,0,0,0,0,0,0,99781,0,0,0,0,0,0,0,0,0,0,215,0,0,0,0,0,0
37,3552,38.04596251285663,99996,45,20,2,0,185,107,0.002920116804672187,21,18,49802,49879,129,82,0,0,0,0,0,0,99771,0,0,0,0,0,0,0,0,0,0,225,0,0,0,0,0,0
38,3552,39.091855608019806,99996,50,22,2,0,195,112,0.0030701228049121966,20,17,49793,49875,134,85,0,0,0,0,0,0,99763,0,0,0,0,0,0,0,0,0,0,233,0,0,0,0,0,0
39,3552,40.16108086658983,99996,48,26,2,0,197,118,0.003150126005040202,30,18,49782,49868,137,87,0,0,0,0,0,0,99757,0,0,0,0,0,0,0,0,0,0,239,0,0,0,0,0,0
40,3552,41.089728584387174,99996,51,26,2,0,202,123,0.003250130005200208,34,15,49773,49866,139,92,0,0,0,0,0,0,99750,0,0,0,0,0,0,0,0,0,0,246,0,0,0,0,0,0
41,3552,42.22069226548013,99996,52,27,2,0,210,126,0.003360134405376215,34,13,49766,49866,145,93,0,0,0,0,0,0,99741,0,0,0,0,0,0,0,0,0,0,255,0,0,0,0,0,0
42,3552,43.182204589131516,99996,53,30,2,0,217,131,0.0034801392055682227,39,10,49755,49864,150,95,0,0,0,0,0,0,99733,0,0,0,0,0,0,0,0,0,0,263,0,0,0,0,0,0
43,3552,44.196990255479534,99996,55,31,2,0,225,135,0.0036001440057602304,40,7,49747,49864,155,97,0,0,0,0,0,0,99724,0,0,0,0,0,0,0,0,0,0,272,0,0,0,0,0,0
44,3552,45.160653266591446,99996,56,32,2,0,235,136,0.0037101484059362372,39,12,49740,49858,162,97,0,0,0,0,0,0,99715,0,0,0,0,0,0,0,0,0,0,281,0,0,0,0,0,0
45,3552,46.21936359773033,99996,59,29,2,0,245,141,0.003860154406176247,36,11,49733,49855,169,104,0,0,0,0,0,0,99700,0,0,0,0,0,0,0,0,0,0,296,0,0,0,0,0,0
46,3552,47.294589840136425,99996,67,36,2,0,257,148,0.004050162006480259,34,9,49723,49850,173,104,0,0,0,0,0,0,99696,0,0,0,0,0,0,0,0,0,0,300,0,0,0,0,0,0
47,3552,48.13558755021164,99996,66,30,2,0,264,149,0.004130165206608264,42,14,49708,49844,181,111,0,0,0,0,0,0,99681,0,0,0,0,0,0,0,0,0,0,315,0,0,0,0,0,0
48,3552,49.2042593749465,99996,67,33,2,0,272,153,0.004250170006800272,41,14,49702,49840,187,112,0,0,0,0,0,0,99673,0,0,0,0,0,0,0,0,0,0,323,0,0,0,0,0,0
49,3552,50.07337172265725,99996,70,32,2,0,283,157,0.004400176007040282,40,16,49693,49834,194,117,0,0,0,0,0,0,99660,0,0,0,0,0,0,0,0,0,0,336,0,0,0,0,0,0
50,3552,51.094696420202055,99996,65,27,2,0,291,157,0.004480179207168287,45,18,49680,49833,207,121,0,0,0,0,0,0,99642,0,0,0,0,0,0,0,0,0,0,354,0,0,0,0,0,0
51,3552,52.02411506197544,99996,64,32,2,0,297,162,0.004590183607344294,45,15,49674,49831,214,121,0,0,0,0,0,0,99635,0,0,0,0,0,0,0,0,0,0,361,0,0,0,0,0,0
52,3552,53.03348902241209,99996,72,30,2,0,311,165,0.0047601904076163045,44,18,49661,49827,220,124,0,0,0,0,0,0,99624,0,0,0,0,0,0,0,0,0,0,372,0,0,0,0,0,0
53,3552,54.188133842747234,99996,77,28,2,0,326,168,0.004940197607904316,40,25,49651,49817,229,129,0,0,0,0,0,0,99609,0,0,0,0,0,0,0,0,0,0,387,0,0,0,0,0,0
54,3552,55.2102236322021,99996,70,26,2,0,334,174,0.0050802032081283255,45,23,49639,49814,243,136,0,0,0,0,0,0,99586,0,0,0,0,0,0,0,0,0,0,410,0,0,0,0,0,0
55,3552,56.23256979148365,99996,86,35,2,0,352,184,0.005360214408576343,38,18,49630,49809,243,137,0,0,0,0,0,0,99583,0,0,0,0,0,0,0,0,0,0,413,0,0,0,0,0,0
56,3552,57.132969134188826,99996,79,29,2,0,356,187,0.005430217208688347,46,22,49618,49803,254,145,0,0,0,0,0,0,99563,0,0,0,0,0,0,0,0,0,0,433,0,0,0,0,0,0
57,3552,58.15563238182568,99996,76,30,2,0,362,191,0.005530221208848354,48,29,49611,49793,262,147,0,0,0,0,0,0,99551,0,0,0,0,0,0,0,0,0,0,445,0,0,0,0,0,0
58,3552,59.17845590231732,99996,70,29,2,0,373,198,0.005710228409136366,44,29,49604,49788,279,153,0,0,0,0,0,0,99526,0,0,0,0,0,0,0,0,0,0,470,0,0,0,0,0,0
59,3552,60.201485151762164,99996,67,37,2,0,382,211,0.005930237209488379,48,20,49591,49784,291,158,0,0,0,0,0,0,99509,0,0,0,0,0,0,0,0,0,0,487,0,0,0,0,0,0
60,3552,61.22481204688797,99996,59,33,2,0,391,214,0.0060502420096803875,46,18,49586,49783,306,165,0,0,0,0,0,0,99485,0,0,0,0,0,0,0,0,0,0,511,0,0,0,0,0,0
61,3552,62.06772899970395,99996,67,33,2,0,400,217,0.006170246809872395,42,16,49581,49784,307,166,0,0,0,0,0,0,99481,0,0,0,0,0,0,0,0,0,0,515,0,0,0,0,0,0
62,3552,63.29154366865266,99996,73,29,2,0,420,223,0.006430257210288412,34,25,49570,49770,320,175,0,0,0,0,0,0,99457,0,0,0,0,0,0,0,0,0,0,539,0,0,0,0,0,0
63,3552,64.31540063611857,99996,68,33,2,0,426,231,0.0065702628105124205,44,20,49556,49768,329,178,0,0,0,0,0,0,99442,0,0,0,0,0,0,0,0,0,0,554,0,0,0,0,0,0
64,3552,65.07487431523866,99996,69,34,2,0,429,234,0.006630265210608425,43,20,49554,49765,331,180,0,0,0,0,0,0,99438,0,0,0,0,0,0,0,0,0,0,558,0,0,0,0,0,0
65,3552,66.12302510520468,99996,71,37,2,0,439,240,0.006790271610864434,47,19,49542,49761,337,182,0,0,0,0,0,0,99427,0,0,0,0,0,0,0,0,0,0,569,0,0,0,0,0,0
66,3552,67.20480597755679,99996,66,34,2,0,449,244,0.006930277211088444,47,18,49532,49758,352,189,0,0,0,0,0,0,99405,0,0,0,0,0,0,0,0,0,0,591,0,0,0,0,0,0
67,3552,68.11174293438215,99996,67,32,2,0,463,247,0.007100284011360454,45,17,49522,49757,363,193,0,0,0,0,0,0,99387,0,0,0,0,0,0,0,0,0,0,609,0,0,0,0,0,0
68,3552,69.13654189510034,99996,74,26,2,0,474,249,0.007230289211568462,43,19,49515,49753,365,201,0,0,0,0,0,0,99375,0,0,0,0,0,0,0,0,0,0,621,0,0,0,0,0,0
69,3552,70.05074013157449,99996,70,24,2,0,483,252,0.0073502940117604705,44,19,49505,49751,378,205,0,0,0,0,0,0,99358,0,0,1,0,0,0,0,0,0,0,637,0,0,0,0,0,0
70,3552,71.28715589607134,99996,73,30,2,0,499,263,0.007620304812192487,41,19,49492,49741,391,209,0,0,0,0,0,0,99341,0,0,2,0,0,0,0,0,0,0,653,0,0,0,0,0,0
71,3552,72.16806707777556,99996,71,28,2,0,506,265,0.007710308412336494,44,23,49482,49736,400,212,0,0,0,0,0,0,99328,0,0,2,0,0,0,0,0,0,0,666,0,0,0,0,0,0
72,3552,73.19367813513296,99996,64,33,2,0,513,275,0.007880315212608504,49,22,49472,49727,412,217,0,0,0,0,0,0,99309,0,0,2,0,0,0,0,0,0,0,685,0,0,0,0,0,0
73,3552,74.21948516997394,99996,63,38,2,0,528,282,0.008100324012960519,48,22,49461,49720,425,219,0,0,0,0,0,0,99291,0,0,2,0,0,0,0,0,0,0,703,0,0,0,0,0,0
74,3552,75.02017581839358,99996,65,38,2,0,535,287,0.008220328813152527,46,19,49458,49718,428,224,0,0,0,0,0,0,99281,0,0,2,0,0,0,0,0,0,0,713,0,0,0,0,0,0
75,3552,76.11418789012744,99996,76,36,2,0,555,294,0.008490339613584544,40,19,49446,49711,435,233,0,0,0,0,0,0,99263,0,0,2,0,0,0,0,0,0,0,731,0,0,0,0,0,0
76,3552,77.05185385938074,99996,76,38,2,0,562,299,0.008610344413776552,42,18,49437,49708,442,235,0,0,0,0,0,0,99253,0,0,2,0,0,0,0,0,0,0,741,0,0,0,0,0,0
77,3552,78.32402095212659,99996,71,36,2,0,576,305,0.008810352414096563,44,21,49422,49703,460,239,0,0,0,0,0,0,99226,0,0,2,0,0,0,0,0,0,0,768,0,0,0,0,0,0
78,3552,79.00855884792347,99996,76,31,2,0,587,306,0.008930357214288571,43,26,49413,49698,465,244,0,0,0,0,0,0,99214,0,0,2,0,0,0,0,0,0,0,780,0,0,0,0,0,0
79,3552,80.03550647022155,99996,81,34,2,0,601,314,0.009150366014640586,35,21,49407,49696,474,248,0,0,0,0,0,0,99200,0,0,2,0,0,0,0,0,0,0,794,0,0,0,0,0,0
80,3552,81.06262813001115,99996,80,25,2,0,614,315,0.009290371614864595,27,26,49402,49690,488,258,0,0,0,0,0,0,99176,0,0,2,0,0,0,0,0,0,0,818,0,0,0,0,0,0
81,3552,82.08998133156007,99996,76,31,2,0,620,323,0.009430377215088603,35,22,49388,49686,498,260,0,0,0,0,0,0,99164,0,0,2,0,0,0,0,0,0,0,830,0,0,0,0,0,0
82,3552,83.11756182077819,99996,77,35,2,0,632,333,0.009650386015440618,36,18,49379,49681,505,265,0,0,0,0,0,0,99147,0,0,2,0,0,0,0,0,0,0,847,0,0,0,0,0,0
83,3552,84.08407890660571,99995,73,34,3,0,639,336,0.009750487524376218,39,24,49371,49673,513,268,0,0,0,0,0,0,99133,0,0,3,0,0,0,0,0,0,0,859,0,0,0,0,0,0
84,3552,85.11197850271324,99995,68,35,3,0,645,343,0.009880494024701234,45,21,49359,49671,524,272,0,0,0,0,0,0,99116,0,0,3,0,0,0,0,0,0,0,876,0,0,0,0,0,0
85,3552,86.04787220779241,99995,66,42,3,0,651,352,0.010030501525076254,42,16,49357,49668,531,273,0,0,0,0,0,0,99106,0,0,3,0,0,0,0,0,0,0,886,0,0,0,0,0,0
86,3552,87.19505031793364,99995,71,41,3,0,666,357,0.010230511525576278,47,18,49337,49662,541,278,0,0,0,0,0,0,99090,0,0,3,0,0,0,0,0,0,0,902,0,0,0,0,0,0
87,3552,88.00073129914345,99995,78,41,3,0,685,362,0.010470523526176308,47,22,49319,49653,552,283,0,0,0,0,0,0,99073,0,0,3,0,0,0,0,0,0,0,919,0,0,0,0,0,0
88,3552,89.0295504444795,99995,76,42,3,0,698,369,0.010670533526676334,43,22,49311,49648,566,287,0,0,0,0,0,0,99052,0,0,3,0,0,0,0,0,0,0,940,0,0,0,0,0,0
89,3552,90.05859521249974,99995,81,45,3,0,712,374,0.010860543027151358,45,25,49297,49641,573,288,0,0,0,0,0,0,99041,0,0,3,0,0,0,0,0,0,0,951,0,0,0,0,0,0
90,3552,91.08782897755768,99995,77,49,3,0,722,380,0.011020551027551378,52,22,49282,49639,585,289,0,0,0,0,0,0,99026,0,0,4,0,0,0,0,0,0,0,965,0,0,0,0,0,0
91,3552,92.1173283390911,99995,79,42,3,0,733,385,0.011180559027951398,53,24,49271,49633,593,300,0,0,0,0,0,0,99005,0,0,4,0,0,0,0,0,0,0,986,0,0,0,0,0,0
92,3552,93.14706787570144,99995,77,43,3,0,744,392,0.01136056802840142,55,22,49259,49628,605,306,0,0,0,0,0,0,98986,0,0,4,0,0,0,0,0,0,0,1005,0,0,0,0,0,0
93,3552,94.17708919609379,99995,77,39,3,0,758,395,0.011530576528826442,54,23,49249,49624,616,313,0,0,0,0,0,0,98965,0,0,4,0,0,0,0,0,0,0,1026,0,0,0,0,0,0
94,3552,95.1804377884146,99995,75,40,3,0,768,401,0.011690584529226462,55,21,49239,49620,627,318,0,0,0,0,0,0,98948,0,0,4,0,0,0,0,0,0,0,1043,0,0,0,0,0,0
95,3552,96.30831328958051,99995,70,30,3,0,784,405,0.011890594529726486,57,23,49224,49614,645,332,0,0,0,0,0,0,98913,0,0,4,0,0,0,0,0,0,0,1078,0,0,0,0,0,0
96,3552,97.33916791736316,99995,63,31,3,0,791,410,0.012010600530026502,58,20,49218,49613,657,335,0,0,0,0,0,0,98895,0,0,4,0,0,0,0,0,0,0,1096,0,0,0,0,0,0
97,3552,98.15187068868602,99995,77,27,3,0,806,413,0.012190609530476524,56,19,49207,49612,656,341,0,0,0,0,0,0,98887,0,0,4,0,0,0,0,0,0,0,1104,0,0,0,0,0,0
98,3552,99.10920214085263,99995,81,31,3,0,816,417,0.012330616530826542,56,16,49198,49611,661,341,0,0,0,0,0,0,98881,0,0,4,0,0,0,0,0,0,0,1110,0,0,0,0,0,0
99,3552,100.0950875527402,99995,89,35,3,0,834,423,0.012570628531426572,48,15,49190,49610,669,339,0,0,0,0,0,0,98869,0,0,4,0,0,0,0,0,0,0,1122,0,0,0,0,0,0
100,3552,101.13227895446562,99994,89,29,4,0,849,428,0.012770766245974759,41,18,49183,49603,682,349,0,0,0,0,0,0,98843,0,0,4,0,0,0,0,0,0,0,1147,0,0,0,0,0,0
101,3552,102.31180303125015,99994,89,32,4,0,861,436,0.012970778246694802,48,26,49165,49589,693,352,0,0,0,0,0,0,98826,0,0,4,0,0,0,0,0,0,0,1164,0,0,0,0,0,0
102,3552,103.34376304603701,99994,89,31,4,0,873,444,0.013170790247414845,47,21,49157,49587,702,360,0,0,0,0,0,0,98806,0,0,5,0,0,0,0,0,0,0,1183,0,0,0,0,0,0
103,3552,104.03184206233685,99994,89,30,4,0,881,446,0.013270796247774866,47,22,49151,49585,708,362,0,0,0,0,0,0,98795,0,0,5,0,0,0,0,0,0,0,1194,0,0,0,0,0,0
104,3552,105.06414058356407,99994,82,30,4,0,890,452,0.013420805248314899,51,22,49139,49579,723,368,0,0,0,0,0,0,98773,0,0,5,0,0,0,0,0,0,0,1216,0,0,0,0,0,0
105,3552,106.09670150856952,99994,85,34,4,0,904,459,0.013630817849070944,41,23,49136,49572,733,370,0,0,0,0,0,0,98759,0,0,5,0,0,0,0,0,0,0,1230,0,0,0,0,0,0
106,3552,107.12940587026205,99994,83,30,4,0,920,465,0.013850831049862991,45,23,49119,49568,748,378,0,0,0,0,0,0,98731,0,0,5,0,0,0,0,0,0,0,1258,0,0,0,0,0,0
107,3552,108.1624317661673,99994,70,32,4,0,925,470,0.013950837050223014,53,23,49109,49566,763,378,0,0,0,0,0,0,98710,0,0,5,0,0,0,0,0,0,0,1279,0,0,0,0,0,0
108,3552,109.19573793132311,99994,76,34,4,0,939,479,0.014180850851051063,54,22,49095,49561,770,382,0,0,0,0,0,0,98695,0,0,5,0,0,0,0,0,0,0,1294,0,0,0,0,0,0
109,3552,110.22923444094829,99994,77,29,4,0,954,483,0.014370862251735105,50,26,49086,49553,782,391,0,0,0,0,0,0,98672,0,0,5,0,0,0,0,0,0,0,1317,0,0,0,0,0,0
110,3552,111.26297467535946,99994,82,32,4,0,970,493,0.01463087785267116,48,21,49073,49551,792,395,0,0,0,0,0,0,98654,0,0,5,0,0,0,0,0,0,0,1335,0,0,0,0,0,0
111,3552,112.0549570572877,99994,88,35,4,0,979,498,0.014770886253175191,44,18,49070,49549,793,397,0,0,0,0,0,0,98649,0,0,5,0,0,0,0,0,0,0,1340,0,0,0,0,0,0
112,3552,113.21151989962843,99994,89,30,4,0,998,501,0.014990899453967237,38,19,49060,49547,808,403,0,0,0,0,0,0,98623,0,0,5,0,0,0,0,0,0,0,1366,0,0,0,0,0,0
113,3552,114.13088073270694,99994,84,29,4,0,1007,505,0.015120907254435266,37,24,49055,49538,819,408,0,0,0,0,0,0,98604,0,0,5,0,0,0,0,0,0,0,1385,0,0,0,0,0,0
114,3552,115.16533891088925,99994,81,33,4,0,1015,512,0.015270916254975299,42,27,49046,49529,826,410,0,0,0,0,0,0,98590,0,0,5,0,0,0,0,0,0,0,1399,0,0,0,0,0,0
115,3552,116.19995007965065,99994,79,41,4,0,1027,525,0.015520931255875352,45,24,49035,49521,836,413,0,0,0,0,0,0,98571,0,0,5,0,0,0,0,0,0,0,1418,0,0,0,0,0,0
116,3552,117.23472226196823,99994,78,45,4,0,1041,531,0.015720943256595395,46,23,49023,49518,848,413,0,0,0,0,0,0,98554,0,0,5,0,0,0,0,0,0,0,1435,0,0,0,0,0,0
117,3552,118.2697248217105,99994,79,48,4,0,1050,537,0.015870952257135428,47,24,49018,49513,851,414,0,0,0,0,0,0,98543,0,0,5,0,0,0,0,0,0,0,1446,0,0,0,0,0,0
118,3552,119.30481053625765,99994,82,56,4,0,1067,549,0.01616096965817949,41,24,49011,49503,861,416,0,0,0,0,0,0,98526,0,0,6,0,0,0,0,0,0,0,1462,0,0,0,0,0,0
119,3552,120.34002341663022,99994,81,59,4,0,1080,556,0.016360981658899532,40,24,49000,49497,874,419,0,0,0,0,0,0,98508,0,0,6,0,0,0,0,0,0,0,1480,0,0,0,0,0,0
120,3552,121.03029192411557,99994,81,56,4,0,1089,559,0.01648098885933156,42,30,48992,49490,880,423,0,0,0,0,0,0,98493,0,0,6,0,0,0,0,0,0,0,1495,0,0,0,0,0,0
121,3552,122.06586398645645,99994,79,56,4,0,1098,568,0.016660999659979598,43,31,48985,49481,888,431,0,0,0,0,0,0,98473,0,0,6,0,0,0,0,0,0,0,1515,0,0,0,0,0,0
122,3552,123.10161821634824,99994,80,56,4,0,1109,576,0.01685101106066364,45,27,48973,49481,897,435,0,0,0,0,0,0,98455,0,0,6,0,0,0,0,0,0,0,1533,0,0,0,0,0,0
123,3552,124.1375917707838,99994,81,56,4,0,1124,584,0.01708102486149169,48,28,48960,49474,906,441,0,0,0,0,0,0,98434,0,0,7,0,0,0,0,0,0,0,1553,0,0,0,0,0,0
124,3552,125.1738092296946,99994,82,53,4,0,1136,594,0.01730103806228374,51,21,48947,49473,915,452,0,0,0,0,0,0,98410,0,0,7,0,0,0,0,0,0,0,1577,0,0,0,0,0,0
125,3552,126.06679723144603,99994,81,56,4,0,1139,600,0.017391043462607756,55,19,48942,49469,917,455,0,0,0,0,0,0,98403,0,0,7,0,0,0,0,0,0,0,1584,0,0,0,0,0,0
126,3552,127.08558511475773,99994,91,56,4,0,1159,605,0.01764105846350781,51,19,48927,49465,926,459,0,0,0,0,0,0,98388,0,0,7,0,0,0,0,0,0,0,1599,0,0,0,0,0,0
127,3552,128.31955426587913,99994,100,52,4,0,1182,611,0.017931075864551872,45,27,48916,49454,934,466,0,0,0,0,0,0,98364,0,0,7,0,0,0,0,0,0,0,1623,0,0,0,0,0,0
128,3552,129.0108612031741,99994,98,53,4,0,1187,619,0.018061083665019902,45,29,48913,49444,939,473,0,0,0,0,0,0,98350,0,0,7,0,0,0,0,0,0,0,1637,0,0,0,0,0,0
129,3552,130.0479341245753,99994,99,49,4,0,1200,626,0.018261095665739944,49,25,48902,49442,945,483,0,0,0,0,0,0,98327,0,0,7,0,0,0,0,0,0,0,1660,0,0,0,0,0,0
130,3552,131.0852319200188,99994,98,52,4,0,1213,635,0.01848110886653199,55,23,48887,49438,955,486,0,0,0,0,0,0,98308,0,0,8,0,0,0,0,0,0,0,1678,0,0,0,0,0,0
131,3552,132.12276579468804,99994,111,51,4,0,1234,643,0.018771126267576054,57,22,48869,49434,958,492,0,0,0,0,0,0,98291,0,0,8,0,0,0,0,0,0,0,1695,0,0,0,0,0,0
132,3552,133.1605572393701,99994,112,45,4,0,1250,647,0.0189711382682961,67,28,48844,49428,972,498,0,0,0,0,0,0,98266,0,0,8,0,0,0,0,0,0,0,1720,0,0,0,0,0,0
133,3552,134.1987470921858,99994,114,40,4,0,1267,653,0.019201152069124146,71,31,48826,49421,984,507,0,0,0,0,0,0,98241,0,0,9,0,0,0,0,0,0,0,1744,0,0,0,0,0,0
134,3552,135.2372353883174,99994,108,40,4,0,1284,659,0.019431165869952197,71,35,48815,49412,1001,512,0,0,0,0,0,0,98212,0,0,9,0,0,0,0,0,0,0,1773,0,0,0,0,0,0
135,3552,136.27602809618355,99994,113,41,4,0,1303,671,0.019741184471068263,57,34,48814,49402,1011,522,0,0,0,0,0,0,98187,0,0,9,0,0,0,0,0,0,0,1798,0,0,0,0,0,0
136,3552,137.31499292556845,99993,110,49,5,0,1320,682,0.020021401498104868,53,27,48803,49400,1028,523,0,0,0,0,0,0,98164,0,0,9,0,0,0,0,0,0,0,1820,0,0,0,0,0,0
137,3552,138.00778277529173,99993,109,46,5,0,1328,687,0.020151410598741912,55,25,48796,49397,1034,531,0,0,0,0,0,0,98147,0,0,9,0,0,0,0,0,0,0,1837,0,0,0,0,0,0
138,3552,139.04716379523262,99993,105,45,5,0,1341,692,0.020331423199623975,59,29,48787,49393,1043,532,0,0,0,0,0,0,98124,0,0,9,0,0,0,0,0,0,0,1860,0,0,0,0,0,0
139,3552,140.0867549653005,99993,107,49,5,0,1362,702,0.02064144490114308,55,23,48775,49389,1057,538,0,0,0,0,0,0,98099,0,0,9,0,0,0,0,0,0,0,1885,0,0,0,0,0,0
140,3552,141.12656954673483,99993,110,55,5,0,1379,713,0.020921464502515176,52,27,48766,49377,1066,540,0,0,0,0,0,0,98081,0,0,10,0,0,0,0,0,0,0,1902,0,0,0,0,0,0
141,3552,142.16655506031594,99993,105,56,5,0,1393,720,0.02113147920354425,63,23,48746,49374,1080,546,0,0,0,0,0,0,98056,0,0,10,0,0,0,0,0,0,0,1927,0,0,0,0,0,0
142,3552,143.2069547992236,99993,106,54,5,0,1409,726,0.021351494604622323,70,28,48728,49369,1090,548,0,0,0,0,0,0,98033,0,0,10,0,0,0,0,0,0,0,1950,0,0,0,0,0,0
143,3552,144.24759862549547,99993,109,62,5,0,1427,737,0.02164151490604342,65,28,48719,49359,1101,550,0,0,0,0,0,0,98015,0,0,10,0,0,0,0,0,0,0,1968,0,0,0,0,0,0
144,3552,145.2884646717334,99993,103,64,5,0,1439,748,0.021871531007170503,71,32,48703,49346,1117,557,0,0,0,0,0,0,97988,0,0,10,0,0,0,0,0,0,0,1995,0,0,0,0,0,0
145,3552,146.32962593164802,99992,99,65,5,1,1451,757,0.022081766541323305,79,34,48686,49337,1130,562,0,0,0,0,0,0,97964,0,0,10,0,0,0,0,0,0,0,2018,0,0,0,0,0,0
146,3552,147.02390412431396,99992,109,61,5,1,1470,760,0.02230178414273142,71,34,48677,49337,1137,566,0,0,0,0,0,0,97948,0,0,10,0,0,0,0,0,0,0,2034,0,0,0,0,0,0
147,3552,148.06555015822502,99992,107,58,5,1,1487,765,0.022521801744139532,69,38,48666,49329,1152,573,0,0,0,0,0,0,97923,0,0,12,0,0,0,0,0,0,0,2057,0,0,0,0,0,0
148,3552,149.1074839376574,99992,108,54,5,1,1502,771,0.02273181854548364,80,40,48643,49325,1163,579,0,0,0,0,0,0,97899,0,0,12,0,0,0,0,0,0,0,2081,0,0,0,0,0,0
149,3552,150.14976920367357,99992,116,59,5,1,1524,783,0.023071845747659813,71,36,48632,49317,1175,586,0,0,0,0,0,0,97879,0,0,13,0,0,0,0,0,0,0,2100,0,0,0,0,0,0
150,3552,151.19228540635436,99992,117,67,5,1,1542,798,0.02340187214977198,76,34,48613,49305,1188,592,0,0,0,0,0,0,97855,0,0,13,0,0,0,0,0,0,0,2124,0,0,0,0,0,0
151,3552,152.23516029835724,99992,117,65,5,1,1562,813,0.023751900152012163,80,32,48593,49295,1204,606,0,0,0,0,0,0,97818,0,0,13,0,0,0,0,0,0,0,2161,0,0,0,0,0,0
152,3552,153.2783754615112,99992,122,60,5,1,1578,821,0.023991919353548285,82,41,48580,49280,1210,617,0,0,0,0,0,0,97794,0,0,13,0,0,0,0,0,0,0,2185,0,0,0,0,0,0
153,3552,154.32181338130567,99992,127,61,5,1,1601,831,0.024321945755660452,75,42,48567,49270,1225,625,0,0,0,0,0,0,97767,0,0,13,0,0,0,0,0,0,0,2212,0,0,0,0,0,0
154,3552,155.0175817346981,99992,119,63,5,1,1612,837,0.02449195935674854,77,42,48559,49266,1239,627,0,0,0,0,0,0,97745,0,0,14,0,0,0,0,0,0,0,2233,0,0,0,0,0,0
155,3552,156.06153562091285,99992,125,60,5,1,1638,846,0.02484198735898872,73,41,48538,49259,1258,638,0,0,0,0,0,0,97714,0,0,15,0,0,0,0,0,0,0,2263,0,0,0,0,0,0
156,3552,157.10588038599425,99992,124,67,5,1,1654,862,0.025162012961036883,84,33,48519,49252,1267,646,0,0,0,0,0,0,97688,0,0,15,0,0,0,0,0,0,0,2289,0,0,0,0,0,0
157,3552,158.15056402817808,99992,123,67,5,1,1672,871,0.02543203456276502,85,34,48507,49244,1279,653,0,0,0,0,0,0,97660,0,0,15,0,0,0,0,0,0,0,2317,0,0,0,0,0,0
158,3552,159.1955180363636,99992,125,71,5,1,1697,886,0.025832066565325225,82,31,48491,49234,1296,662,0,0,0,0,0,0,97627,0,0,16,0,0,0,0,0,0,0,2349,0,0,0,0,0,0
159,3552,160.24081153473276,99992,132,72,5,1,1725,897,0.026222097767821424,73,29,48474,49227,1315,670,0,0,0,0,0,0,97596,0,0,16,0,0,0,0,0,0,0,2380,0,0,0,0,0,0
160,3552,161.28647950284625,99992,124,72,5,1,1738,907,0.026452116169293542,81,25,48458,49224,1331,677,0,0,0,0,0,0,97565,0,0,16,0,0,0,0,0,0,0,2411,0,0,0,0,0,0
161,3552,162.3325266285579,99992,128,69,5,1,1758,911,0.026692135370829668,79,29,48443,49218,1344,682,0,0,0,0,0,0,97543,0,0,17,0,0,0,0,0,0,0,2432,0,0,0,0,0,0
162,3552,163.03006493533195,99992,132,61,5,1,1777,914,0.026912152972237778,74,36,48431,49209,1357,692,0,0,0,0,0,0,97518,0,0,18,0,0,0,0,0,0,0,2456,0,0,0,0,0,0
163,3552,164.07669678581576,99992,150,68,5,1,1807,926,0.027332186574925994,84,32,48396,49202,1364,696,0,0,0,0,0,0,97501,0,0,18,0,0,0,0,0,0,0,2473,0,0,0,0,0,0
164,3552,165.12371967157412,99992,155,69,5,1,1835,934,0.027692215377230177,85,34,48369,49193,1385,702,0,0,0,0,0,0,97471,0,0,18,0,0,0,0,0,0,0,2503,0,0,0,0,0,0
165,3552,166.17131885520627,99992,157,72,5,1,1855,949,0.02804224337947036,89,29,48350,49185,1398,712,0,0,0,0,0,0,97441,0,0,18,0,0,0,0,0,0,0,2533,0,0,0,0,0,0
166,3552,167.21924048591038,99992,160,58,5,1,1877,951,0.02828226258100648,85,34,48342,49180,1407,726,0,0,0,0,0,0,97408,0,0,20,0,0,0,0,0,0,0,2564,0,0,0,0,0,0
167,3552,168.2674111400334,99992,160,54,5,1,1906,957,0.02863229058324666,76,37,48329,49174,1429,733,0,0,0,0,0,0,97369,0,0,20,0,0,0,0,0,0,0,2603,0,0,0,0,0,0
168,3552,169.31589899367245,99992,152,60,5,1,1921,969,0.0289023121849748,79,37,48328,49166,1435,735,0,0,0,0,0,0,97340,0,0,20,0,0,0,0,0,0,0,2632,0,0,0,0,0,0
169,3552,170.01494121236095,99992,158,57,5,1,1937,971,0.02908232658612689,77,41,48317,49161,1442,739,0,0,0,0,0,0,97325,0,0,20,0,0,0,0,0,0,0,2647,0,0,0,0,0,0
170,3552,171.0637398067482,99992,151,56,5,1,1952,981,0.02933234658772702,88,43,48294,49152,1461,747,0,0,0,0,0,0,97293,0,0,21,0,0,0,0,0,0,0,2678,0,0,0,0,0,0
171,3552,172.11298972624158,99992,143,54,5,1,1972,988,0.029602368189455157,97,45,48271,49152,1483,747,0,0,0,0,0,0,97256,0,0,21,0,0,0,0,0,0,0,2715,0,0,0,0,0,0
172,3552,173.16273797965397,99992,144,51,5,1,1996,997,0.029932394591567324,88,44,48261,49149,1501,754,0,0,0,0,0,0,97223,0,0,23,0,0,0,0,0,0,0,2746,0,0,0,0,0,0
173,3552,174.2128185030009,99992,148,59,5,1,2022,1010,0.030322425794063527,86,39,48241,49143,1519,757,0,0,0,0,0,0,97197,0,0,24,0,0,0,0,0,0,0,2771,0,0,0,0,0,0
174,3552,175.26325766561814,99992,151,53,5,1,2045,1017,0.030622449795983678,83,42,48223,49136,1537,767,0,0,0,0,0,0,97165,0,0,25,0,0,0,0,0,0,0,2802,0,0,0,0,0,0
175,3552,176.3140971679965,99992,154,56,5,1,2063,1030,0.030932474597967836,87,39,48204,49129,1549,774,0,0,0,0,0,0,97140,0,0,25,0,0,0,0,0,0,0,2827,0,0,0,0,0,0
176,3552,177.01486883469389,99992,150,53,5,1,2074,1037,0.03111248899911993,89,42,48198,49119,1557,784,0,0,0,0,0,0,97115,0,0,25,0,0,0,0,0,0,0,2852,0,0,0,0,0,0
177,3552,178.06625519910975,99992,153,58,5,1,2099,1051,0.03150252020161613,92,43,48176,49109,1573,788,0,0,0,0,0,0,97084,0,0,25,0,0,0,0,0,0,0,2883,0,0,0,0,0,0
178,3552,179.11800612691735,99991,146,56,6,1,2116,1055,0.031712854156874117,95,47,48166,49103,1586,792,0,0,0,0,0,0,97054,0,0,25,0,0,0,0,0,0,0,2912,0,0,0,0,0,0
179,3552,180.1700334060243,99991,136,63,6,1,2142,1068,0.0321028892600334,89,38,48150,49102,1618,795,0,0,0,0,0,0,97014,0,0,27,0,0,0,0,0,0,0,2950,0,0,0,0,0,0
180,3552,181.22253833853966,99991,137,65,6,1,2160,1077,0.0323729135622206,89,45,48134,49086,1633,802,0,0,0,0,0,0,96990,0,0,27,0,0,0,0,0,0,0,2974,0,0,0,0,0,0
181,3552,182.2753607986661,99991,131,68,6,1,2176,1087,0.032632936964326786,101,47,48113,49079,1648,804,0,0,0,0,0,0,96962,0,0,28,0,0,0,0,0,0,0,3001,0,0,0,0,0,0
182,3552,183.32857739250005,99991,130,70,6,1,2207,1100,0.03307297656789111,92,40,48101,49075,1670,813,0,0,0,0,0,0,96921,0,0,30,0,0,0,0,0,0,0,3040,0,0,0,0,0,0
183,3552,184.0309181437621,99991,138,74,6,1,2225,1109,0.033343000870078306,94,35,48086,49071,1675,818,0,0,0,0,0,0,96906,0,0,30,0,0,0,0,0,0,0,3055,0,0,0,0,0,0
184,3552,185.08473607986193,99991,139,64,6,1,2250,1112,0.03362302607234651,92,42,48070,49064,1692,828,0,0,0,0,0,0,96869,0,0,30,0,0,0,0,0,0,0,3092,0,0,0,0,0,0
185,3552,186.1389744784734,99991,148,63,6,1,2275,1119,0.03394305487493875,96,41,48049,49062,1700,832,0,0,0,0,0,0,96845,0,0,30,0,0,0,0,0,0,0,3116,0,0,0,0,0,0
186,3552,187.19352439292135,99991,160,63,6,1,2304,1129,0.03433308997809803,96,42,48026,49053,1711,840,0,0,0,0,0,0,96818,0,0,30,0,0,0,0,0,0,0,3143,0,0,0,0,0,0
187,3552,188.24838202951466,99991,163,67,6,1,2330,1145,0.03475312778150034,94,40,48006,49045,1730,846,0,0,0,0,0,0,96784,0,0,31,0,0,0,0,0,0,0,3176,0,0,0,0,0,0
188,3552,189.30366591158653,99990,157,59,7,1,2349,1153,0.035023502350235027,98,45,47990,49035,1747,859,0,0,0,0,0,0,96744,0,0,32,0,0,0,0,0,0,0,3214,0,0,0,0,0,0
189,3552,190.00742295016408,99990,157,65,7,1,2366,1161,0.03527352735273527,102,49,47976,49026,1757,858,0,0,0,0,0,0,96725,0,0,32,0,0,0,0,0,0,0,3233,0,0,0,0,0,0
190,3552,191.0632916225379,99990,165,75,7,1,2393,1182,0.035753575357535754,102,41,47959,49016,1766,866,0,0,0,0,0,0,96696,0,0,33,0,0,0,0,0,0,0,3261,0,0,0,0,0,0
191,3552,192.1194380106096,99990,164,68,7,1,2418,1187,0.036053605360536055,99,45,47942,49010,1787,875,0,0,0,0,0,0,96658,0,0,33,0,0,0,0,0,0,0,3299,0,0,0,0,0,0
192,3552,193.17603633438924,99990,164,74,7,1,2439,1200,0.03639363936393639,104,47,47919,48998,1805,879,0,0,0,0,0,0,96632,0,0,35,0,0,0,0,0,0,0,3323,0,0,0,0,0,0
193,3552,194.2330571094504,99990,155,75,7,1,2457,1212,0.036693669366936695,117,51,47896,48984,1824,888,0,0,0,0,0,0,96594,0,0,35,0,0,0,0,0,0,0,3361,0,0,0,0,0,0
194,3552,195.29055543915194,99989,165,81,7,2,2490,1228,0.03718409024992749,114,40,47868,48982,1845,894,0,0,0,0,0,0,96561,0,0,35,0,0,0,0,0,0,0,3393,0,0,0,0,0,0
195,3552,196.34855847213382,99989,181,79,7,2,2534,1237,0.0377141485563412,98,40,47844,48978,1869,900,0,0,0,0,0,0,96523,0,0,36,0,0,0,0,0,0,0,3430,0,0,0,0,0,0
196,3552,197.05418984321463,99989,182,79,7,2,2552,1246,0.03798417825960856,96,34,47830,48976,1884,908,0,0,0,0,0,0,96497,0,0,36,0,0,0,0,0,0,0,3456,0,0,0,0,0,0
197,3552,198.11306477793087,99989,180,77,7,2,2577,1256,0.03833421676384402,99,41,47805,48961,1908,918,0,0,0,0,0,0,96459,0,0,37,0,0,0,0,0,0,0,3493,0,0,0,0,0,0
198,3552,199.17246897494059,99988,172,77,8,2,2603,1265,0.03868464215705885,106,46,47777,48949,1936,925,0,0,0,0,0,0,96416,0,0,37,0,0,0,0,0,0,0,3535,0,0,0,0,0,0
199,3552,200.23244089450978,99988,168,77,8,2,2624,1276,0.0390046805616674,102,47,47772,48944,1949,929,0,0,0,0,0,0,96380,0,0,37,0,0,0,0,0,0,0,3571,0,0,0,0,0,0
200,3552,201.29268439892476,99988,156,75,8,2,2647,1289,0.039364723766852024,105,47,47752,48934,1978,941,0,0,0,0,0,0,96331,0,0,38,0,0,0,0,0,0,0,3619,0,0,0,0,0,0
201,3552,202.35339174683583,99988,171,80,8,2,2680,1301,0.0398147777733328,94,50,47739,48927,1987,940,0,0,0,0,0,0,96307,0,0,39,0,0,0,0,0,0,0,3642,0,0,0,0,0,0
202,3552,203.06067634271088,99988,172,83,8,2,2694,1311,0.04005480657678921,104,47,47718,48922,1997,945,0,0,0,0,0,0,96288,0,0,40,0,0,0,0,0,0,0,3660,0,0,0,0,0,0
203,3552,204.12198403725594,99988,169,82,8,2,2722,1322,0.04044485338240589,105,49,47698,48913,2019,953,0,0,0,0,0,0,96247,0,0,42,0,0,0,0,0,0,0,3699,0,0,0,0,0,0
204,3552,205.1837043203164,99988,183,84,8,2,2751,1335,0.040864903788454615,109,48,47675,48903,2024,962,0,0,0,0,0,0,96222,0,0,43,0,0,0,0,0,0,0,3723,0,0,0,0,0,0
205,3552,206.24581752710213,99988,184,78,8,2,2779,1343,0.04122494699363924,109,54,47656,48891,2042,974,0,0,0,0,0,0,96183,0,0,45,0,0,0,0,0,0,0,3760,0,0,0,0,0,0
206,3552,207.30836771755278,99988,175,75,8,2,2809,1355,0.04164499739968796,108,51,47633,48888,2075,983,0,0,0,0,0,0,96131,0,0,47,0,0,0,0,0,0,0,3810,0,0,0,0,0,0
207,3552,208.01706685788162,99988,177,85,8,2,2832,1367,0.04199503940472857,106,47,47619,48880,2089,985,0,0,0,0,0,0,96108,0,0,47,0,0,0,0,0,0,0,3833,0,0,0,0,0,0
208,3552,209.08051101676787,99988,181,87,8,2,2863,1379,0.04242509101092131,102,55,47597,48862,2111,993,0,0,0,0,0,0,96072,0,0,48,0,0,0,0,0,0,0,3868,0,0,0,0,0,0
209,3552,210.14439722129356,99988,171,86,8,2,2893,1391,0.04284514141697004,91,58,47587,48851,2142,1002,0,0,0,0,0,0,96019,0,0,48,0,0,0,0,0,0,0,3921,0,0,0,0,0,0
210,3552,211.20871575029054,99988,172,89,8,2,2910,1405,0.04315517862143457,103,64,47562,48833,2154,1011,0,0,0,0,0,0,95992,0,0,48,0,0,0,0,0,0,0,3948,0,0,0,0,0,0
211,3552,212.27340230533753,99988,178,95,8,2,2939,1425,0.04364523742849142,101,61,47551,48824,2161,1017,0,0,0,0,0,0,95955,0,0,48,0,0,0,0,0,0,0,3985,0,0,0,0,0,0
212,3552,213.33828311449878,99987,168,86,9,2,2960,1438,0.04398571814335864,101,68,47537,48808,2184,1035,0,0,0,0,0,0,95903,0,0,49,0,0,0,0,0,0,0,4035,0,0,0,0,0,0
213,3552,214.04844442916217,99987,169,92,9,2,2986,1454,0.04440577275045756,93,62,47522,48800,2206,1043,0,0,0,0,0,0,95868,0,0,49,0,0,0,0,0,0,0,4070,0,0,0,0,0,0
214,3552,215.1141651394232,99987,173,93,9,2,3011,1472,0.04483582865772551,106,53,47492,48795,2219,1056,0,0,0,0,0,0,95830,0,0,49,0,0,0,0,0,0,0,4108,0,0,0,0,0,0
215,3552,216.1804280709368,99987,174,86,9,2,3045,1481,0.04526588456499345,104,58,47470,48781,2242,1072,0,0,0,0,0,0,95783,0,0,51,0,0,0,0,0,0,0,4153,0,0,0,0,0,0
216,3552,217.24719732269628,99987,175,96,9,2,3073,1499,0.04572594437276846,105,55,47448,48770,2262,1076,0,0,0,0,0,0,95749,0,0,52,0,0,0,0,0,0,0,4186,0,0,0,0,0,0
217,3552,218.31436496099656,99987,177,89,9,2,3103,1515,0.04618600418054347,95,53,47437,48760,2281,1095,0,0,0,0,0,0,95700,0,0,54,0,0,0,0,0,0,0,4233,0,0,0,0,0,0
218,3552,219.0260315950427,99987,173,92,9,2,3117,1524,0.04641603408443098,110,61,47415,48745,2292,1099,0,0,0,0,0,0,95677,0,0,55,0,0,0,0,0,0,0,4255,0,0,0,0,0,0
219,3552,220.0938928115703,99987,169,98,9,2,3138,1540,0.04678608219068479,111,52,47403,48746,2307,1101,0,0,0,0,0,0,95642,0,0,55,0,0,0,0,0,0,0,4290,0,0,0,0,0,0
220,3552,221.1621261679259,99987,174,95,9,2,3169,1552,0.047216138097952734,116,56,47378,48732,2322,1114,0,0,0,0,0,0,95603,0,0,57,0,0,0,0,0,0,0,4327,0,0,0,0,0,0
221,3552,222.23079075625915,99987,171,94,9,2,3197,1565,0.04762619140488263,113,52,47367,48725,2339,1126,0,0,0,0,0,0,95559,0,0,58,0,0,0,0,0,0,0,4370,0,0,0,0,0,0
222,3552,223.2998564444702,99987,181,92,9,2,3228,1577,0.04805624731215058,120,47,47336,48723,2353,1135,0,0,0,0,0,0,95526,0,0,60,0,0,0,0,0,0,0,4401,0,0,0,0,0,0
223,3552,224.0128224075609,99987,180,94,9,2,3249,1586,0.04835628631722124,118,48,47323,48713,2369,1142,0,0,0,0,0,0,95497,0,0,60,0,0,0,0,0,0,0,4430,0,0,0,0,0,0
224,3552,225.08267674521096,99987,189,92,9,2,3282,1599,0.04881634612499625,107,49,47313,48701,2381,1155,0,0,0,0,0,0,95460,0,0,62,0,0,0,0,0,0,0,4465,0,0,0,0,0,0
225,3552,226.15284893964116,99986,185,81,10,2,3314,1603,0.04917688476386694,113,56,47283,48690,2408,1170,0,0,0,0,0,0,95410,0,0,63,0,0,0,0,0,0,0,4513,0,0,0,0,0,0
226,3552,227.2236119595347,99986,196,86,10,2,3340,1616,0.04956693937151201,119,55,47261,48684,2413,1172,0,0,0,0,0,0,95387,0,0,63,0,0,0,0,0,0,0,4536,0,0,0,0,0,0
227,3552,228.2947151522069,99985,182,93,11,2,3375,1628,0.05003750562584388,104,62,47252,48672,2450,1170,0,0,0,0,0,0,95333,0,0,63,0,0,0,0,0,0,0,4589,0,0,0,0,0,0
228,3552,229.00902062026142,99985,191,96,11,2,3395,1639,0.050347552132819925,105,61,47236,48662,2456,1178,0,0,0,0,0,0,95314,0,0,63,0,0,0,0,0,0,0,4608,0,0,0,0,0,0
229,3552,230.0807931617654,99983,197,105,13,2,3426,1661,0.050878649370392964,108,55,47215,48648,2466,1189,0,0,0,0,0,0,95277,0,0,64,0,0,0,0,0,0,0,4642,0,0,0,0,0,0
230,3552,231.15292845738722,99983,193,108,13,2,3454,1678,0.05132872588340018,105,59,47203,48629,2485,1201,0,0,0,0,0,0,95233,0,0,66,0,0,0,0,0,0,0,4684,0,0,0,0,0,0
231,3552,232.22531733570807,99982,189,107,14,2,3484,1696,0.051809325678622155,111,67,47176,48608,2509,1215,0,0,0,0,0,0,95180,0,0,66,0,0,0,0,0,0,0,4736,0,0,0,0,0,0
232,3552,233.29820634713977,99982,175,120,14,2,3505,1726,0.05231941749514913,117,57,47157,48594,2536,1226,0,0,0,0,0,0,95132,0,0,70,0,0,0,0,0,0,0,4780,0,0,0,0,0,0
233,3552,234.01376673630747,99982,180,114,14,2,3526,1738,0.052649476905843054,116,50,47140,48589,2549,1244,0,0,0,0,0,0,95099,0,0,71,0,0,0,0,0,0,0,4812,0,0,0,0,0,0
234,3552,235.08766531115174,99981,183,109,15,2,3557,1752,0.05310008901691322,113,47,47117,48585,2571,1256,0,0,0,0,0,0,95053,0,0,72,0,0,0,0,0,0,0,4856,0,0,0,0,0,0
235,3552,236.16209467531644,99981,197,106,15,2,3594,1763,0.053580180234244504,105,58,47092,48568,2590,1265,0,0,0,0,0,0,95019,0,0,75,0,0,0,0,0,0,0,4887,0,0,0,0,0,0
236,3552,237.2369709369366,99981,200,104,15,2,3622,1777,0.05400026004940939,107,62,47077,48554,2600,1277,0,0,0,0,0,0,94979,0,0,76,0,0,0,0,0,0,0,4926,0,0,0,0,0,0
237,3552,238.31213802201947,99981,204,100,15,2,3651,1790,0.05442033986457427,114,65,47054,48543,2612,1289,0,0,0,0,0,0,94938,0,0,77,0,0,0,0,0,0,0,4966,0,0,0,0,0,0
238,3552,239.02912300538287,99981,212,92,15,2,3678,1797,0.0547604044768506,106,64,47041,48539,2625,1302,0,0,0,0,0,0,94904,0,0,77,0,0,0,0,0,0,0,5000,0,0,0,0,0,0
239,3552,240.10502127387642,99981,204,100,15,2,3707,1818,0.05526049949490403,112,63,47018,48527,2650,1307,0,0,0,0,0,0,94854,0,0,77,0,0,0,0,0,0,0,5050,0,0,0,0,0,0
240,3552,241.18148265143324,99981,194,101,15,2,3737,1831,0.05569058121042998,120,62,46990,48517,2680,1317,0,0,0,0,0,0,94803,0,0,78,0,0,0,0,0,0,0,5100,0,0,0,0,0,0
241,3552,242.25853686084096,99981,205,100,15,2,3774,1846,0.05621068002920555,109,62,46975,48505,2695,1330,0,0,0,0,0,0,94762,0,0,79,0,0,0,0,0,0,0,5140,0,0,0,0,0,0
242,3552,243.33595803239564,99981,200,97,15,2,3802,1858,0.05661075604364829,113,64,46949,48493,2722,1343,0,0,0,0,0,0,94715,0,0,80,0,0,0,0,0,0,0,5186,0,0,0,0,0,0
243,3552,244.0545686172973,99981,203,101,15,2,3826,1874,0.057010832058091036,119,62,46923,48480,2739,1354,0,0,0,0,0,0,94684,0,0,82,0,0,0,0,0,0,0,5215,0,0,0,0,0,0
244,3552,245.13307993571797,99981,210,97,15,2,3860,1885,0.057460917574339125,119,64,46895,48474,2760,1362,0,0,0,0,0,0,94643,0,0,83,0,0,0,0,0,0,0,5255,0,0,0,0,0,0
245,3552,246.21222981846404,99980,204,99,16,2,3897,1902,0.05800160032006401,117,66,46874,48459,2788,1373,0,0,0,0,0,0,94586,0,0,84,0,0,0,0,0,0,0,5310,0,0,0,0,0,0
246,3552,247.29188038290948,99980,200,102,16,2,3925,1915,0.05841168233646729,119,62,46855,48452,2809,1381,0,0,0,0,0,0,94545,0,0,85,0,0,0,0,0,0,0,5350,0,0,0,0,0,0
247,3552,248.01189290858676,99980,197,108,16,2,3946,1932,0.05879175835167033,121,57,46842,48445,2823,1387,0,0,0,0,0,0,94512,0,0,87,0,0,0,0,0,0,0,5381,0,0,0,0,0,0
248,3552,249.09229735906024,99979,201,107,17,2,3977,1947,0.059252443013032736,123,52,46822,48441,2836,1397,0,0,0,0,0,0,94470,0,0,88,0,0,0,0,0,0,0,5421,0,0,0,0,0,0
249,3552,250.17315682117106,99979,198,104,17,2,4009,1957,0.05967253123155863,118,59,46808,48428,2858,1406,0,0,0,0,0,0,94426,0,0,92,0,0,0,0,0,0,0,5461,0,0,0,0,0,0
250,3552,251.25444112645098,99979,204,98,17,2,4044,1970,0.060152632052731074,126,61,46773,48420,2879,1418,0,0,0,0,0,0,94378,0,0,92,0,0,0,0,0,0,0,5509,0,0,0,0,0,0
251,3552,252.33637054065116,99979,211,97,17,2,4076,1987,0.060642734974344616,124,56,46758,48413,2889,1431,0,0,0,0,0,0,94337,0,0,94,0,0,0,0,0,0,0,5548,0,0,0,0,0,0
252,3552,253.05785018660674,99979,211,99,17,2,4098,1997,0.06096280218845958,119,66,46752,48396,2900,1436,0,0,0,0,0,0,94308,0,0,95,0,0,0,0,0,0,0,5576,0,0,0,0,0,0
253,3552,254.14024038279987,99979,219,99,17,2,4135,2015,0.06151291771271967,104,61,46744,48391,2915,1446,0,0,0,0,0,0,94264,0,0,98,0,0,0,0,0,0,0,5617,0,0,0,0,0,0
254,3552,255.22293028910272,99979,208,101,17,2,4160,2033,0.061943008031686654,100,59,46733,48379,2941,1458,0,0,0,0,0,0,94213,0,0,99,0,0,0,0,0,0,0,5667,0,0,0,0,0,0
255,3552,256.3059791644203,99979,206,105,17,2,4192,2051,0.062443113053741284,107,60,46705,48366,2964,1466,0,0,0,0,0,0,94167,0,0,101,0,0,0,0,0,0,0,5711,0,0,0,0,0,0
256,3552,257.028337722398,99979,205,111,17,2,4207,2066,0.06274317606697406,113,55,46691,48363,2973,1468,0,0,0,0,0,0,94144,0,0,103,0,0,0,0,0,0,0,5732,0,0,0,0,0,0
257,3552,258.1122088045774,99979,206,105,17,2,4241,2079,0.06321327478770541,111,62,46670,48347,2995,1483,0,0,0,0,0,0,94096,0,0,107,0,0,0,0,0,0,0,5776,0,0,0,0,0,0
258,3552,259.1966292488536,99978,207,104,18,2,4281,2093,0.06375402588569486,109,63,46640,48334,3025,1496,0,0,0,0,0,0,94045,0,0,110,0,0,0,0,0,0,0,5823,0,0,0,0,0,0
259,3552,260.2817252401408,99978,204,111,18,2,4315,2112,0.0642841425113525,106,52,46623,48334,3048,1500,0,0,0,0,0,0,93997,0,0,111,0,0,0,0,0,0,0,5870,0,0,0,0,0,0
260,3552,261.0054035322763,99978,201,107,18,2,4328,2119,0.06448418652103463,115,49,46610,48334,3055,1507,0,0,0,0,0,0,93972,0,0,113,0,0,0,0,0,0,0,5893,0,0,0,0,0,0
261,3552,262.0911998947267,99978,212,99,18,2,4363,2132,0.06496429214427174,107,55,46598,48321,3064,1522,0,0,0,0,0,0,93930,0,0,116,0,0,0,0,0,0,0,5932,0,0,0,0,0,0
262,3552,263.17735735160386,99978,211,99,18,2,4396,2142,0.06539438676508832,104,66,46578,48305,3088,1527,0,0,0,0,0,0,93888,0,0,118,0,0,0,0,0,0,0,5972,0,0,0,0,0,0
263,3552,264.26397189851974,99978,207,100,18,2,4430,2162,0.06593450559123007,106,56,46560,48303,3108,1538,0,0,0,0,0,0,93832,0,0,119,0,0,0,0,0,0,0,6027,0,0,0,0,0,0
264,3552,265.3510246038024,99978,205,94,18,2,4455,2176,0.06632459141011023,117,56,46538,48290,3121,1557,0,0,0,0,0,0,93785,0,0,119,0,0,0,0,0,0,0,6074,0,0,0,0,0,0
265,3552,266.0759498257356,99978,212,91,18,2,4482,2184,0.06667466842705395,112,60,46524,48281,3133,1565,0,0,0,0,0,0,93754,0,0,119,0,0,0,0,0,0,0,6105,0,0,0,0,0,0
266,3552,267.1637310471972,99978,214,99,18,2,4510,2206,0.06717477845125927,118,62,46505,48262,3144,1574,0,0,0,0,0,0,93715,0,0,120,0,0,0,0,0,0,0,6143,0,0,0,0,0,0
267,3552,268.25184507659156,99978,207,99,18,2,4540,2225,0.06766488627498049,118,56,46487,48255,3169,1587,0,0,0,0,0,0,93660,0,0,121,0,0,0,0,0,0,0,6197,0,0,0,0,0,0
268,3552,269.34043424551305,99978,217,90,18,2,4576,2240,0.06817499849966993,115,51,46470,48254,3179,1602,0,0,0,0,0,0,93612,0,0,123,0,0,0,0,0,0,0,6243,0,0,0,0,0,0
269,3552,270.06641585022686,99977,211,95,19,2,4592,2255,0.06848575172289627,129,46,46452,48247,3188,1609,0,0,0,0,0,0,93582,0,0,123,1,0,0,0,0,0,0,6271,0,0,0,0,0,0
270,3552,271.15574190658174,99977,207,93,19,2,4625,2268,0.06894585754723587,125,53,46435,48235,3213,1616,0,0,0,0,0,0,93531,0,0,124,1,0,0,0,0,0,0,6321,0,0,0,0,0,0
271,3552,272.24552799587445,99977,203,100,19,2,4654,2286,0.06941596567210459,123,46,46422,48230,3232,1621,0,0,0,0,0,0,93491,0,0,128,1,0,0,0,0,0,0,6357,0,0,0,0,0,0
272,3552,273.3357684080469,99977,206,104,19,2,4694,2302,0.0699760945017354,115,40,46398,48227,3261,1626,0,0,0,0,0,0,93446,0,0,132,1,0,0,0,0,0,0,6398,0,0,0,0,0,0
273,3552,274.0628904287803,99976,202,102,20,2,4717,2308,0.07026686404737137,110,44,46390,48219,3277,1632,0,0,0,0,0,0,93415,0,0,136,1,0,0,0,0,0,0,6424,0,0,0,0,0,0
274,3552,275.1539584014777,99976,202,99,20,2,4745,2324,0.07070696967272146,111,42,46381,48209,3285,1647,0,0,0,0,0,0,93371,0,0,139,1,0,0,0,0,0,0,6465,0,0,0,0,0,0
275,3552,276.24529897473496,99975,204,96,21,2,4779,2332,0.07112778194548637,102,54,46363,48197,3309,1650,0,0,0,0,0,0,93329,0,0,140,1,0,0,0,0,0,0,6505,0,0,0,0,0,0
276,3552,277.3370423147722,99975,199,98,21,2,4805,2349,0.07155788947236809,113,54,46335,48186,3331,1659,0,0,0,0,0,0,93287,0,0,144,1,0,0,0,0,0,0,6543,0,0,0,0,0,0
277,3552,278.065198839369,99974,194,99,22,2,4820,2364,0.071858683257647,119,47,46328,48184,3336,1667,0,0,0,0,0,0,93254,0,0,145,1,0,0,0,0,0,0,6574,0,0,0,0,0,0
278,3552,279.1578121999078,99974,194,97,22,2,4852,2374,0.07227879248604638,125,47,46296,48178,3362,1675,0,0,0,0,0,0,93212,0,0,147,1,0,0,0,0,0,0,6614,0,0,0,0,0,0
279,3552,280.2510593328119,99974,189,98,22,2,4886,2388,0.07275891731850281,128,51,46267,48167,3393,1681,0,0,0,0,0,0,93163,0,0,150,1,0,0,0,0,0,0,6660,0,0,0,0,0,0
280,3552,281.3449174778368,99974,207,98,22,2,4934,2398,0.07333906815772101,108,55,46262,48160,3400,1684,0,0,0,0,0,0,93124,0,0,151,1,0,0,0,0,0,0,6698,0,0,0,0,0,0
281,3552,282.0742544636173,99974,218,101,22,2,4964,2408,0.07373917218476804,100,59,46249,48150,3410,1687,0,0,0,0,0,0,93098,0,0,151,1,0,0,0,0,0,0,6724,0,0,0,0,0,0
282,3552,283.1685289987764,99974,205,103,22,2,4987,2423,0.07411927101046271,122,63,46221,48142,3429,1689,0,0,0,0,0,0,93050,0,0,152,1,0,0,0,0,0,0,6771,0,0,0,0,0,0
283,3552,284.26329926628983,99973,213,103,23,2,5022,2446,0.07470016904564232,120,54,46204,48135,3439,1705,0,0,0,0,0,0,93002,0,0,154,1,0,0,0,0,0,0,6816,0,0,0,0,0,0
284,3552,285.358439380261,99972,208,107,24,2,5053,2463,0.07518105069419437,116,50,46190,48128,3461,1712,0,0,0,0,0,0,92953,0,0,154,1,0,0,0,0,0,0,6864,0,0,0,0,0,0
285,3552,286.08876106159875,99971,201,111,25,2,5073,2473,0.07548188974802693,123,58,46178,48117,3472,1711,0,0,0,0,0,0,92922,0,0,154,2,0,0,0,0,0,0,6893,0,0,0,0,0,0
286,3552,287.1846196136373,99970,190,110,25,3,5106,2489,0.07597279183755126,129,64,46151,48103,3504,1719,0,0,0,0,0,0,92863,0,0,156,2,0,0,0,0,0,0,6949,0,0,0,0,0,0
287,3552,288.2810655624108,99970,198,115,25,3,5145,2512,0.07659297789336801,121,61,46130,48084,3525,1736,0,0,0,0,0,0,92820,0,0,162,2,0,0,0,0,0,0,6986,0,0,0,0,0,0
288,3552,289.0122849182038,99970,196,112,25,3,5164,2522,0.07688306491947584,118,58,46124,48079,3536,1747,0,0,0,0,0,0,92788,0,0,162,3,0,0,0,0,0,0,7017,0,0,0,0,0,0
289,3552,290.1094570045732,99969,200,113,26,3,5198,2538,0.07738398903660135,123,64,46098,48062,3552,1757,0,0,0,0,0,0,92745,0,0,164,3,0,0,0,0,0,0,7057,0,0,0,0,0,0
290,3552,291.20705060366515,99969,190,111,26,3,5224,2556,0.07782412547889846,127,68,46085,48047,3571,1770,0,0,0,0,0,0,92691,0,0,166,3,0,0,0,0,0,0,7109,0,0,0,0,0,0
291,3552,292.3050592515336,99968,202,118,27,3,5265,2574,0.0784150928297055,114,67,46073,48041,3583,1770,0,0,0,0,0,0,92653,0,0,168,3,0,0,0,0,0,0,7144,0,0,0,0,0,0
292,3552,293.03722720739637,99968,198,116,27,3,5289,2581,0.07872519206145967,117,66,46054,48040,3603,1774,0,0,0,0,0,0,92618,0,0,170,3,0,0,0,0,0,0,7177,0,0,0,0,0,0
293,3552,294.1359509920503,99968,188,128,27,3,5308,2604,0.07914532650448143,134,57,46033,48031,3617,1780,0,0,0,0,0,0,92580,0,0,172,3,0,0,0,0,0,0,7213,0,0,0,0,0,0
294,3552,295.2351406756776,99968,192,126,27,3,5337,2626,0.07965548975672215,148,61,46002,48010,3630,1799,0,0,0,0,0,0,92534,0,0,175,3,0,0,0,0,0,0,7256,0,0,0,0,0,0
295,3552,296.3348869973973,99968,216,117,27,3,5385,2641,0.0802856914212548,141,66,45974,47999,3641,1814,0,0,0,0,0,0,92488,0,0,177,3,0,0,0,0,0,0,7300,0,0,0,0,0,0
296,3552,297.0683028111604,99968,228,111,27,3,5414,2649,0.08065580985915492,144,71,45950,47995,3650,1819,0,0,0,0,0,0,92457,0,0,177,3,0,0,0,0,0,0,7331,0,0,0,0,0,0
297,3552,298.1688653450431,99968,228,114,27,3,5447,2670,0.08119598271446862,151,60,45926,47990,3667,1832,0,0,0,0,0,0,92409,0,0,180,3,0,0,0,0,0,0,7376,0,0,0,0,0,0
298,3552,299.26994812623553,99967,238,111,27,4,5493,2688,0.08183700621204998,132,66,45913,47972,3689,1846,0,0,0,0,0,0,92354,0,0,182,3,0,0,0,0,0,0,7428,0,0,0,0,0,0
299,3552,300.00422160110503,99967,229,112,27,4,5510,2701,0.08213710524473077,135,64,45903,47966,3705,1853,0,0,0,0,0,0,92316,0,0,182,3,0,0,0,0,0,0,7466,0,0,0,0,0,0
300,3552,301.1060785454117,99967,230,108,27,4,5549,2713,0.08264727360028809,134,69,45882,47959,3726,1859,0,0,0,0,0,0,92263,0,0,183,3,0,0,0,0,0,0,7518,0,0,0,0,0,0
301,3552,302.2083837942649,99967,232,114,27,4,5594,2734,0.08330749147218582,127,68,45861,47951,3752,1862,0,0,0,0,0,0,92211,0,0,189,3,0,0,0,0,0,0,7564,0,0,0,0,0,0
302,3552,303.3111878278652,99967,237,112,27,4,5638,2748,0.08388768293536868,115,73,45849,47939,3771,1871,0,0,0,0,0,0,92161,0,0,194,3,0,0,0,0,0,0,7609,0,0,0,0,0,0
303,3552,304.0466579459264,99967,229,117,27,4,5654,2765,0.08421779187131753,122,67,45836,47931,3785,1880,0,0,0,0,0,0,92126,0,0,195,3,0,0,0,0,0,0,7643,0,0,0,0,0,0
304,3552,305.1502136958817,99967,225,117,27,4,5694,2793,0.08489801634539398,120,52,45812,47928,3815,1898,0,0,0,0,0,0,92060,0,0,201,3,0,0,0,0,0,0,7703,0,0,0,0,0,0
305,3552,306.25448147011383,99966,230,110,28,4,5741,2809,0.08552907988716163,102,60,45796,47909,3843,1916,0,0,0,0,0,0,92001,0,0,207,3,0,0,0,0,0,0,7755,0,0,0,0,0,0
306,3552,307.3592642588611,99966,231,113,28,4,5774,2827,0.08603925334613768,100,55,45784,47900,3856,1927,0,0,0,0,0,0,91958,0,0,211,3,0,0,0,0,0,0,7794,0,0,0,0,0,0
307,3552,308.0959359723935,99965,234,114,29,4,5800,2838,0.08641024358525484,108,57,45762,47892,3866,1932,0,0,0,0,0,0,91927,0,0,211,4,0,0,0,0,0,0,7823,0,0,0,0,0,0
308,3552,309.20138149529174,99965,244,116,29,4,5845,2855,0.08703046066123143,104,61,45739,47879,3883,1939,0,0,0,0,0,0,91878,0,0,212,4,0,0,0,0,0,0,7871,0,0,0,0,0,0
309,3552,310.3072761368479,99965,243,124,29,4,5866,2879,0.08748061821637573,132,59,45704,47863,3891,1949,0,0,0,0,0,0,91841,0,0,213,4,0,0,0,0,0,0,7907,0,0,0,0,0,0
310,3552,311.0448320497476,99965,230,119,29,4,5881,2888,0.08772070224578603,145,58,45691,47860,3904,1958,0,0,0,0,0,0,91800,0,0,214,4,0,0,0,0,0,0,7947,0,0,0,0,0,0
311,3552,312.15155045596725,99965,230,126,29,4,5918,2909,0.0883009053168609,137,56,45684,47850,3919,1963,0,0,0,0,0,0,91749,0,0,214,4,0,0,0,0,0,0,7998,0,0,0,0,0,0
312,3552,313.258522035906,99964,225,116,30,4,5954,2926,0.08883197951262455,139,58,45664,47839,3941,1982,0,0,0,0,0,0,91682,0,0,215,4,0,0,0,0,0,0,8063,0,0,0,0,0,0
313,3552,314.36605702816547,99964,238,114,30,4,5998,2941,0.08942219198911608,126,52,45651,47840,3954,1989,0,0,0,0,0,0,91637,0,0,218,4,0,0,0,0,0,0,8105,0,0,0,0,0,0
314,3552,315.1046394876668,99964,249,121,30,4,6033,2955,0.08991236845264296,114,49,45642,47838,3964,1987,0,0,0,0,0,0,91606,0,0,218,4,0,0,0,0,0,0,8136,0,0,0,0,0,0
315,3552,316.21274330747735,99964,243,116,30,4,6065,2970,0.09038253771357689,117,55,45620,47827,3989,1997,0,0,0,0,0,0,91551,0,0,221,4,0,0,0,0,0,0,8188,0,0,0,0,0,0
316,3552,317.32137073606754,99964,227,116,30,4,6089,2986,0.09078268176543555,127,51,45602,47826,4013,2002,0,0,0,0,0,0,91498,0,0,224,4,0,0,0,0,0,0,8238,0,0,0,0,0,0
317,3552,318.06080709250904,99964,225,106,30,4,6113,2992,0.09108278980432956,127,55,45588,47822,4029,2012,0,0,0,0,0,0,91457,0,0,225,4,0,0,0,0,0,0,8278,0,0,0,0,0,0
318,3552,319.1705019451875,99963,218,111,30,5,6152,3011,0.09166391564879005,133,66,45557,47799,4061,2018,0,0,0,0,0,0,91401,0,0,229,4,0,0,0,0,0,0,8329,0,0,0,0,0,0
319,3552,320.28072905613277,99963,211,107,30,5,6177,3029,0.09209407480767884,136,68,45544,47786,4077,2032,1,1,1,1,0,0,91347,0,0,231,4,0,0,0,0,0,2,8379,0,0,0,0,0,0
320,3552,321.0211461879339,99963,215,101,30,5,6188,3033,0.09224413032822144,134,69,45535,47785,4083,2037,2,2,2,2,0,0,91328,0,0,231,4,0,0,0,0,0,4,8396,0,0,0,0,0,0
321,3552,322.1636260181962,99963,208,107,30,5,6236,3062,0.09301441533367345,115,66,45533,47767,4110,2051,3,3,3,3,0,0,91251,0,0,234,4,0,0,0,0,0,6,8468,0,0,0,0,0,0
322,3552,323.2195891646696,99963,206,108,30,5,6258,3078,0.09339455598571471,121,59,45513,47761,4125,2062,4,4,4,4,0,0,91214,0,0,238,4,0,0,0,0,0,8,8499,0,0,0,0,0,0
323,3552,324.1526044749891,99963,203,106,30,5,6273,3086,0.09362464111721337,128,60,45504,47758,4129,2065,5,5,5,5,0,0,91186,0,0,240,4,0,0,0,0,0,10,8523,0,0,0,0,0,0
324,3552,325.1535041734457,99963,213,107,30,5,6311,3101,0.09415483728979722,121,60,45488,47749,4141,2072,6,6,6,6,0,0,91143,0,0,241,4,0,0,0,0,0,12,8563,0,0,0,0,0,0
325,3552,326.29224689038483,99962,214,105,31,5,6342,3121,0.09466597306976651,127,54,45463,47745,4157,2082,7,8,8,7,0,0,91091,0,0,244,4,0,0,0,0,0,15,8608,0,0,0,0,0,0
326,3552,327.0529460649971,99962,230,103,31,5,6373,3129,0.09505612132610392,116,57,45452,47735,4162,2089,8,10,10,8,0,0,91064,0,0,245,4,0,0,0,0,0,18,8631,0,0,0,0,0,0
327,3552,328.00186980130064,99962,222,102,31,5,6399,3141,0.09543626578099677,117,62,45445,47721,4175,2097,9,12,12,9,0,0,91015,0,0,246,4,0,0,0,0,0,21,8676,0,0,0,0,0,0
328,3552,329.04237134095206,99962,235,89,31,5,6440,3147,0.09590644444889058,106,63,45435,47723,4182,2104,10,15,15,10,0,0,90970,0,0,251,4,0,0,0,0,0,24,8712,1,0,0,0,0,0
329,3552,330.1232823683887,99962,230,87,31,5,6465,3161,0.09629659270522799,109,65,45421,47712,4197,2112,11,18,18,11,0,0,90922,0,0,253,4,0,0,0,0,0,28,8754,1,0,0,0,0,0
330,3552,331.1339711079748,99961,222,89,31,6,6497,3180,0.09680775502445954,110,63,45403,47703,4221,2116,12,22,22,12,0,0,90864,0,0,257,4,0,0,0,0,0,33,8802,1,0,0,0,0,0
331,3552,332.0350166798758,99961,221,92,31,6,6522,3195,0.09720791108532327,109,61,45391,47693,4234,2120,13,27,27,13,0,0,90826,0,0,262,4,0,0,0,0,0,38,8829,2,0,0,0,0,0
332,3552,333.0768966462278,99961,219,90,31,6,6552,3207,0.0976280749492302,113,67,45376,47677,4246,2127,14,32,32,14,0,0,90777,0,0,265,4,0,0,0,0,0,44,8869,2,0,0,0,0,0
333,3552,334.04511905080926,99961,235,94,31,6,6590,3223,0.09816828563139625,109,66,45357,47666,4252,2129,15,38,38,15,0,0,90737,0,0,265,4,0,0,0,0,0,50,8902,3,0,0,0,0,0
334,3552,335.0815787051427,99961,228,97,31,6,6620,3239,0.09862846510138955,115,67,45341,47653,4268,2131,16,45,45,16,0,0,90684,0,0,268,4,0,0,0,0,0,56,8944,5,0,0,0,0,0
335,3552,336.0263943850915,99960,229,97,32,6,6657,3259,0.09919967987194878,109,60,45324,47641,4288,2142,17,53,53,17,0,0,90625,0,0,273,4,0,0,0,0,0,64,8988,6,0,0,0,0,0
336,3552,337.0208179651635,99960,227,96,32,6,6684,3271,0.09958983593437375,109,59,45311,47630,4302,2147,18,61,62,18,0,0,90575,0,0,275,4,0,0,0,0,0,74,9026,6,0,0,0,0,0
337,3552,338.0019280916297,99960,225,81,32,6,6710,3278,0.09991996798719488,115,63,45299,47622,4309,2156,19,71,72,19,0,0,90520,0,0,279,4,0,0,0,0,0,83,9066,8,0,0,0,0,0
338,3552,339.0730082715644,99960,225,80,32,6,6744,3290,0.10038015206082433,122,63,45275,47606,4325,2162,20,82,83,20,0,0,90467,0,0,284,4,0,0,0,0,0,94,9102,9,0,0,0,0,0
339,3552,340.08851034202644,99960,220,86,32,6,6774,3309,0.1008703481392557,114,64,45265,47581,4347,2168,21,94,95,21,0,0,90411,0,0,287,4,0,0,0,0,0,105,9142,11,0,0,0,0,0
340,3552,341.3069060782135,99959,224,96,33,6,6820,3341,0.10165167718764694,115,52,45232,47561,4373,2177,22,107,108,22,0,0,90339,0,0,291,4,0,0,0,0,0,117,9195,13,0,0,0,0,0
341,3552,342.0525266556145,99959,222,88,33,6,6836,3345,0.10185175922128073,117,58,45231,47546,4372,2181,24,120,122,24,0,0,90294,0,0,292,4,0,0,0,0,0,133,9223,13,0,0,0,0,0
342,3552,343.1711483974725,99959,220,90,33,6,6871,3361,0.1023619684070469,110,58,45224,47520,4386,2190,26,135,137,26,0,0,90229,0,0,292,4,0,0,0,0,0,147,9271,16,0,0,0,0,0
343,3552,344.29000151775733,99959,194,97,33,6,6894,3379,0.10277213657599615,124,63,45202,47492,4418,2190,28,151,154,28,0,0,90155,0,0,296,4,0,0,0,0,0,165,9322,17,0,0,0,0,0
344,3552,345.03624460176036,99959,202,104,33,6,6925,3394,0.10323232525335388,108,60,45195,47465,4431,2195,30,169,172,30,0,0,90109,0,0,297,4,0,0,0,0,0,181,9347,21,0,0,0,0,0
345,3552,346.1559614627015,99959,203,104,33,6,6959,3411,0.10374253443912004,106,65,45175,47436,4450,2199,32,189,192,32,0,0,90042,0,0,299,4,0,0,0,0,0,200,9390,24,0,0,0,0,0
346,3552,347.27614098559985,99958,198,106,33,7,6991,3428,0.10423377818683847,104,62,45163,47408,4468,2206,33,210,213,34,0,0,89972,0,0,303,4,0,0,0,0,0,222,9432,25,0,0,0,0,0
347,3552,348.02317979802035,99958,180,104,33,7,7004,3438,0.10446387482742751,109,65,45154,47379,4487,2211,36,233,236,37,0,0,89910,0,0,306,4,0,0,0,0,0,244,9465,29,0,0,0,0,0
348,3552,349.1441367110968,99958,182,119,33,7,7036,3468,0.10508413533684147,102,48,45143,47353,4500,2216,39,256,260,40,0,0,89847,0,0,313,4,0,0,0,0,0,269,9494,31,0,0,0,0,0
349,3552,350.26541306990606,99957,196,113,34,7,7064,3480,0.10548535870424282,114,46,45124,47330,4489,2222,42,281,286,43,0,0,89791,0,0,316,4,0,0,0,0,0,296,9517,33,0,0,0,0,0
350,3552,351.01302903289127,99957,206,108,34,7,7090,3487,0.10581550066528607,116,47,45106,47297,4492,2231,45,309,314,46,0,0,89736,0,0,317,4,0,0,0,0,0,324,9540,36,0,0,0,0,0
351,3552,352.13481506517365,99957,219,102,34,7,7127,3499,0.10630571145592604,112,42,45085,47271,4500,2241,49,336,343,50,0,0,89668,0,0,320,5,0,0,0,0,0,355,9571,38,0,0,0,0,0
352,3552,353.25707152801664,99957,218,95,34,7,7171,3506,0.10681593085026561,100,54,45069,47228,4525,2249,53,366,374,54,0,0,89578,0,0,323,5,0,0,0,0,0,389,9623,39,0,0,0,0,0
353,3552,354.00554969461876,99957,212,96,34,7,7188,3524,0.10716608141500845,103,49,45061,47189,4532,2261,57,397,407,58,0,0,89506,0,0,326,5,0,0,0,0,0,424,9655,41,0,0,0,0,0
354,3552,355.1286441323076,99957,198,90,34,7,7213,3537,0.10754624488530068,114,50,45041,47149,4551,2272,61,431,442,63,0,0,89417,0,0,332,5,0,0,0,0,0,461,9698,44,0,0,0,0,0
355,3552,356.25229822034885,99957,211,83,34,7,7251,3549,0.10804645997779044,106,52,45026,47110,4556,2281,66,466,479,68,0,0,89334,0,0,333,5,0,0,0,0,0,501,9738,46,0,0,0,0,0
356,3552,357.00160763329706,99955,215,77,36,7,7276,3553,0.10833875243859736,103,56,45007,47072,4567,2284,71,503,518,73,0,0,89264,0,0,334,6,0,0,0,0,0,542,9761,48,0,0,0,0,0
357,3552,358.12607367674894,99955,208,91,36,7,7307,3576,0.1088789955479966,110,49,44981,47023,4589,2286,75,543,559,79,0,0,89177,0,0,339,6,0,0,0,0,0,587,9796,50,0,0,0,0,0
358,3552,359.2511918187725,99955,206,73,36,7,7334,3585,0.10923915762092942,118,55,44960,46979,4599,2302,80,583,602,85,0,0,89079,0,0,342,6,0,0,0,0,0,632,9842,54,0,0,0,0,0
359,3552,360.0015507014963,99955,204,76,36,7,7354,3597,0.10955930168575859,114,54,44957,46933,4602,2302,86,627,647,91,0,0,89002,0,0,344,6,0,0,0,0,0,680,9866,57,0,0,0,0,0
360,3552,361.12730668507584,99955,216,80,36,7,7390,3616,0.11010954929718374,112,50,44932,46883,4611,2306,92,673,695,98,0,0,88915,0,0,346,6,0,0,0,0,0,730,9896,62,0,0,0,0,0
361,3552,362.25355412829055,99955,220,85,36,7,7429,3628,0.11061977890050523,105,51,44913,46838,4628,2299,97,719,745,105,0,0,88827,0,0,351,6,0,0,0,0,0,781,9922,68,0,0,0,0,0
362,3552,363.00464162059006,99955,219,91,36,7,7449,3641,0.11094992746736031,110,50,44895,46787,4634,2295,105,769,797,113,0,0,88747,0,0,353,6,0,0,0,0,0,835,9940,74,0,0,0,0,0
363,3552,364.1316709471746,99955,210,89,36,7,7476,3657,0.1113801210544745,121,45,44876,46732,4643,2304,113,822,852,121,0,0,88638,0,0,355,7,0,0,0,0,0,893,9984,78,0,0,0,0,0
364,3552,365.2591735042518,99954,205,91,37,7,7508,3670,0.11183144246353323,116,52,44864,46672,4656,2301,121,876,909,130,0,0,88539,0,0,361,8,0,0,0,0,0,952,10010,84,0,0,0,0,0
365,3552,366.0110299608275,99954,196,86,37,7,7524,3679,0.11208155751645757,127,55,44840,46616,4669,2303,130,932,968,139,0,0,88442,0,0,364,8,0,0,0,0,0,1013,10036,91,0,0,0,0,0
366,3552,367.13945620938705,99954,182,98,37,7,7550,3700,0.11255177381595534,130,62,44822,46539,4688,2305,140,988,1030,149,0,0,88332,0,0,369,8,0,0,0,0,0,1079,10069,97,0,0,0,0,0
367,3552,368.2684711020756,99954,191,98,37,7,7590,3716,0.11311203153450587,124,64,44792,46477,4704,2305,151,1048,1094,160,0,0,88219,0,0,372,9,0,0,0,0,0,1150,10103,101,0,0,0,0,0
368,3552,369.02152966576546,99952,186,106,39,7,7608,3729,0.11342444373299183,122,65,44775,46407,4715,2303,162,1111,1161,171,0,0,88120,0,0,374,9,0,0,0,0,0,1223,10120,106,0,0,0,0,0
369,3552,370.15168283282844,99952,194,108,39,7,7646,3747,0.1139847126620778,119,58,44753,46345,4720,2302,174,1179,1231,183,0,0,88001,0,0,376,10,0,0,0,0,0,1299,10155,111,0,0,0,0,0
370,3552,371.282389031986,99951,200,106,40,7,7679,3761,0.11445608348090565,119,57,44725,46280,4730,2303,185,1246,1303,195,0,0,87887,0,0,382,11,0,0,0,0,0,1377,10178,116,0,0,0,0,0
371,3552,372.03651379038604,99951,205,106,40,7,7701,3777,0.11483626977218837,116,53,44709,46203,4731,2311,198,1319,1378,208,0,0,87771,0,0,384,11,0,0,0,0,0,1462,10204,119,0,0,0,0,0
372,3552,373.1682247163129,99951,185,108,40,7,7723,3792,0.11520645116106892,123,53,44686,46128,4754,2313,211,1390,1456,222,0,0,87638,0,0,387,11,0,0,0,0,0,1543,10242,130,0,0,0,0,0
373,3552,374.3006351536543,99951,197,101,40,7,7764,3805,0.11574671589078649,111,56,44669,46052,4758,2317,224,1466,1536,236,0,0,87502,0,0,388,11,0,0,0,0,0,1631,10283,136,0,0,0,0,0
374,3552,375.0558261932264,99951,204,100,40,7,7783,3821,0.11609688747486269,115,53,44654,45972,4747,2324,239,1543,1619,251,0,0,87384,0,0,391,11,0,0,0,0,0,1723,10300,142,0,0,0,0,0
375,3552,376.1890169405264,99950,215,103,41,7,7822,3833,0.11660830415207604,114,64,44621,45887,4756,2315,252,1623,1705,267,0,0,87259,0,0,391,12,0,0,0,0,0,1813,10321,154,0,0,0,0,0
376,3552,377.32280078690854,99949,213,106,42,7,7858,3854,0.11717976167845601,107,62,44599,45801,4771,2317,267,1706,1794,284,0,0,87106,0,0,396,12,0,0,0,0,0,1915,10362,158,0,0,0,0,0
377,3552,378.07897726732483,99948,214,105,43,7,7878,3863,0.11747108496418138,116,67,44576,45710,4766,2317,284,1793,1885,302,0,0,86981,0,0,397,12,0,0,0,0,0,2012,10376,170,0,0,0,0,0
378,3552,379.2138708362847,99948,211,118,43,7,7908,3885,0.11799135550486253,126,65,44533,45613,4785,2314,301,1882,1979,320,0,0,86838,0,0,398,14,0,0,0,0,0,2116,10406,176,0,0,0,0,0
379,3552,380.34974308869823,99948,214,121,43,7,7939,3906,0.11851162604554369,137,57,44493,45529,4792,2313,320,1972,2076,339,0,0,86686,0,0,400,14,0,0,0,0,0,2224,10440,184,0,0,0,0,0
380,3552,381.10742195220297,99947,209,117,44,7,7960,3917,0.1188329814801845,136,54,44461,45438,4809,2321,340,2062,2176,359,0,0,86530,0,0,401,15,0,0,0,0,0,2341,10474,186,0,0,0,0,0
381,3552,382.244923373364,99944,212,123,47,7,7997,3941,0.11944689025854478,136,57,44423,45332,4820,2326,361,2154,2279,380,0,0,86374,0,0,403,16,0,0,0,0,0,2448,10501,202,0,0,0,0,0
382,3552,383.00379346271274,99944,231,118,47,7,8029,3954,0.11989714239974386,128,57,44395,45229,4818,2334,380,2254,2385,402,0,0,86226,0,0,404,16,0,0,0,0,0,2566,10520,212,0,0,0,0,0
383,3552,384.1428309934565,99944,235,118,47,7,8069,3970,0.12045745617545826,133,44,44348,45138,4837,2335,399,2357,2494,425,0,0,86059,0,0,407,16,0,0,0,0,0,2684,10552,226,0,0,0,0,0
384,3552,385.2829466667586,99944,238,106,47,7,8115,3976,0.12097774753862163,128,54,44310,45035,4854,2337,422,2460,2606,449,0,0,85882,0,0,418,17,0,0,0,0,0,2812,10582,233,0,0,0,0,0
385,3552,386.043618291738,99943,229,106,47,8,8135,3986,0.12127912910358904,129,67,44278,44916,4870,2333,446,2569,2721,474,0,0,85715,0,0,420,18,0,0,0,0,0,2944,10605,241,0,0,0,0,0
386,3552,387.1855645518567,99943,251,111,47,8,8181,4004,0.12191949411164364,128,66,44241,44813,4861,2327,471,2674,2839,500,0,0,85555,0,0,422,18,0,0,0,0,0,3069,10619,260,0,0,0,0,0
387,3552,388.32829242184283,99943,259,107,47,8,8221,4023,0.12250983060344396,138,62,44194,44706,4869,2335,492,2781,2960,527,0,0,85371,0,0,425,19,0,0,0,0,0,3202,10652,274,0,0,0,0,0
388,3552,389.0906876888043,99943,263,107,47,8,8252,4033,0.12292006443672894,132,66,44158,44590,4880,2332,519,2896,3084,555,0,0,85198,0,0,427,19,0,0,0,0,0,3340,10671,288,0,0,0,0,0
389,3552,390.23534681047784,99943,257,111,47,8,8286,4052,0.12345036670902414,130,72,44121,44483,4900,2320,544,3005,3211,584,0,0,85007,0,0,429,19,0,0,0,0,0,3478,10704,306,0,0,0,0,0
390,3552,391.38109295914046,99943,250,112,47,8,8320,4071,0.12398066898131935,128,71,44082,44362,4923,2321,569,3125,3341,614,0,0,84810,0,0,433,20,0,0,0,0,0,3622,10736,322,0,0,0,0,0
391,3552,392.1455471956323,99943,237,110,47,8,8343,4078,0.12428084007884495,140,75,44029,44242,4946,2316,600,3248,3474,645,0,0,84620,0,0,434,21,0,0,0,0,0,3769,10761,338,0,0,0,0,0
392,3552,393.29370689318574,99943,220,118,47,8,8368,4101,0.12476111383488589,147,67,43987,44115,4971,2316,627,3375,3610,678,0,0,84411,0,0,436,22,0,0,0,0,0,3924,10799,351,0,0,0,0,0
393,3552,394.0598458850157,99943,229,119,47,8,8393,4113,0.12513132485516745,141,65,43944,43981,4977,2320,661,3506,3749,712,0,0,84230,0,0,435,23,0,0,0,0,0,4079,10807,369,0,0,0,0,0
394,3552,395.21034033213357,99943,236,131,47,8,8433,4144,0.12584172978597802,139,57,43894,43851,4988,2321,695,3631,3891,747,0,0,84016,0,0,435,25,0,0,0,0,0,4243,10844,380,0,0,0,0,0
395,3552,396.36200342708963,99943,237,136,47,8,8470,4166,0.12643206627777834,140,56,43849,43718,4997,2322,729,3759,4036,783,0,0,83798,0,0,435,25,0,0,0,0,0,4408,10881,396,0,0,0,0,0
396,3552,397.1304166947802,99943,244,124,47,8,8498,4174,0.12679227159480905,135,63,43803,43574,5003,2333,767,3897,4184,821,0,0,83588,0,0,437,25,0,0,0,0,0,4579,10903,411,0,0,0,0,0
397,3552,398.28446334926986,99943,249,121,47,8,8542,4192,0.12741262519636193,140,64,43742,43440,5020,2329,801,4037,4335,860,0,0,83362,0,0,437,26,0,0,0,0,0,4746,10939,433,0,0,0,0,0
398,3552,399.05466624323304,99943,251,117,47,8,8570,4201,0.1277828362166435,143,66,43699,43296,5022,2332,837,4180,4489,900,0,0,83152,0,0,441,26,0,0,0,0,0,4921,10951,452,0,0,0,0,0
399,3552,400.211353930841,99942,253,119,48,8,8611,4224,0.12842448620199715,128,63,43667,43150,5026,2337,877,4322,4645,942,0,0,82925,0,0,444,26,0,0,0,0,0,5091,10976,480,0,0,0,0,0
400,3552,401.3690931250752,99942,251,121,48,8,8648,4244,0.12899481699385643,128,61,43622,43012,5034,2338,916,4459,4804,985,0,0,82691,0,0,449,28,0,0,0,0,0,5275,11003,496,0,0,0,0,0
401,3552,402.1415722711799,99942,240,121,48,8,8663,4254,0.12924496207800523,146,61,43565,42861,5044,2338,956,4610,4966,1029,0,0,82466,0,0,452,28,0,0,0,0,0,5467,11019,510,0,0,0,0,0
402,3552,403.30180874993744,99942,244,115,48,8,8701,4273,0.1298152928698645,135,58,43524,42716,5051,2345,997,4757,5131,1075,0,0,82226,0,0,455,28,0,0,0,0,0,5651,11045,537,0,0,0,0,0
403,3552,404.07601769344745,99942,244,106,48,8,8733,4283,0.13023553661123452,119,63,43482,42552,5064,2357,1042,4913,5299,1122,0,0,81987,0,0,457,31,0,0,0,0,0,5844,11067,556,0,0,0,0,0
404,3552,405.23895639340964,99942,234,108,48,8,8764,4305,0.13076584418963,125,62,43422,42392,5086,2362,1084,5067,5470,1171,0,0,81725,0,0,462,31,0,0,0,0,0,6050,11104,570,0,0,0,0,0
405,3552,406.01512656478917,99942,234,106,48,8,8791,4321,0.13119609373436594,124,58,43365,42237,5097,2367,1131,5223,5643,1221,0,0,81480,0,0,464,31,0,0,0,0,0,6252,11124,591,0,0,0,0,0
406,3552,407.1811313837976,99942,229,98,48,8,8826,4337,0.1317063897060295,119,55,43314,42084,5111,2370,1178,5384,5819,1273,0,0,81219,0,0,466,35,0,0,0,0,0,6455,11155,612,0,0,0,0,0
407,3552,408.3487616737197,99942,227,98,48,8,8856,4355,0.1321866682675952,120,57,43264,41922,5115,2372,1225,5542,5998,1326,0,0,80965,0,0,469,36,0,0,0,0,0,6663,11174,635,0,0,0,0,0
408,3552,409.12799868263227,99942,225,100,48,8,8885,4366,0.13258690040223328,118,54,43198,41762,5132,2361,1278,5714,6180,1381,0,0,80714,0,0,470,36,0,0,0,0,0,6875,11187,660,0,0,0,0,0
409,3552,410.29876264305886,99942,232,98,48,8,8921,4382,0.13310720217726282,118,60,43152,41598,5123,2363,1326,5872,6364,1438,0,0,80465,0,0,474,38,0,0,0,0,0,7083,11191,691,0,0,0,0,0
410,3552,411.0799924826882,99942,228,110,48,8,8943,4403,0.13353745172199877,110,52,43108,41444,5124,2349,1381,6036,6551,1496,0,0,80214,0,0,475,38,0,0,0,0,0,7300,11196,719,0,0,0,0,0
411,3552,412.25329433125927,99941,218,100,48,9,8975,4416,0.13398905354158955,114,55,43046,41279,5138,2351,1435,6205,6740,1556,0,0,79932,0,0,477,40,0,0,0,0,0,7521,11226,745,0,0,0,0,0
412,3552,413.0364522460781,99941,226,95,48,9,8998,4426,0.13431924835653036,116,60,42989,41111,5131,2357,1489,6367,6932,1618,0,0,79677,0,0,478,41,0,0,0,0,0,7748,11226,771,0,0,0,0,0
413,3552,414.2129726686064,99941,228,95,48,9,9035,4441,0.13483955533764921,102,68,42929,40946,5151,2348,1541,6533,7126,1681,0,0,79402,0,0,477,43,0,0,0,0,0,7974,11245,800,0,0,0,0,0
414,3552,415.39122868055307,99941,230,100,48,9,9068,4460,0.13535986231876806,107,68,42859,40768,5153,2345,1602,6709,7323,1746,0,0,79131,0,0,477,47,0,0,0,0,0,8204,11254,828,0,0,0,0,0
415,3552,416.17775167424037,99941,228,96,48,9,9084,4472,0.13564002761629362,106,65,42797,40587,5153,2350,1667,6892,7522,1813,0,0,78857,0,0,480,47,0,0,0,0,0,8447,11259,851,0,0,0,0,0
416,3552,417.3595831551046,99941,216,94,48,9,9111,4490,0.1360902932730311,109,62,42733,40417,5167,2354,1726,7063,7724,1881,0,0,78566,0,0,484,48,0,0,0,0,0,8685,11275,883,0,0,0,0,0
417,3552,418.148553477485,99940,221,96,48,10,9143,4502,0.1365319191514909,93,58,42670,40247,5176,2341,1791,7247,7928,1951,0,0,78284,0,0,484,49,0,0,0,0,0,8931,11282,910,0,0,0,0,0
418,3552,419.3341879174922,99940,212,100,48,10,9171,4522,0.13701220732439465,97,57,42612,40078,5176,2336,1854,7418,8134,2023,0,0,77997,0,0,487,51,0,0,0,0,0,9171,11287,947,0,0,0,0,0
419,3552,420.12551770900797,99940,214,102,48,10,9195,4534,0.13737242345407244,120,84,42527,39880,5169,2324,1921,7599,8342,2097,0,0,77722,17,3,489,53,0,0,0,0,0,9418,11261,977,0,0,0,0,0
420,3552,421.0174266729287,99940,221,102,48,10,9224,4553,0.13785271162697618,124,80,42452,39703,5162,2319,1992,7785,8553,2173,0,0,77440,49,9,491,54,0,0,0,0,0,9662,11222,1013,0,0,0,0,0
421,3552,422.35786082792663,99939,226,122,49,10,9268,4582,0.13858453656730604,127,73,42372,39537,5161,2305,2064,7952,8766,2250,0,0,77153,86,11,495,57,0,0,0,0,0,9909,11176,1052,0,0,0,0,0
422,3552,423.2527171131568,99939,220,123,49,10,9292,4600,0.13900479292368345,134,81,42290,39337,5169,2307,2137,8141,8981,2329,0,0,76845,125,16,496,59,0,0,0,0,0,10173,11150,1075,0,0,0,0,0
423,3552,424.1492958419546,99937,240,125,51,10,9335,4622,0.13965798453025405,135,79,42206,39137,5156,2309,2211,8339,9198,2410,0,0,76548,156,20,497,63,0,0,0,0,0,10433,11114,1106,0,0,0,0,0
424,3552,425.0474920149333,99937,239,123,51,10,9365,4635,0.14008825560102864,144,80,42125,38954,5153,2305,2287,8527,9417,2493,0,0,76248,195,22,501,64,0,0,0,0,0,10692,11069,1146,0,0,0,0,0
425,3552,426.3976172904955,99937,252,127,51,10,9419,4664,0.1409187788306633,145,82,42039,38775,5151,2303,2361,8702,9638,2578,0,0,75920,251,26,505,66,0,0,0,0,0,10960,11031,1178,0,0,0,0,0
426,3552,427.29907759082505,99937,248,125,51,10,9453,4686,0.14147913185306743,154,76,41944,38589,5162,2306,2440,8893,9860,2665,0,0,75599,300,32,512,66,0,0,0,0,0,11226,10987,1215,0,0,0,0,0
427,3552,428.20243345297666,99937,252,128,51,10,9484,4706,0.14198945335561403,154,74,41866,38397,5160,2304,2516,9086,10084,2754,0,0,75283,337,35,515,67,0,0,0,0,0,11502,10950,1248,0,0,0,0,0
428,3552,429.1075994006256,99937,262,130,51,10,9521,4720,0.14249977485816065,155,76,41779,38201,5155,2301,2597,9281,10310,2845,0,0,74967,367,39,518,69,0,0,0,0,0,11784,10916,1277,0,0,0,0,0
429,3552,430.01444991282455,99937,276,130,51,10,9561,4733,0.14303010896865026,162,88,41682,37999,5144,2293,2684,9479,10537,2937,0,0,74660,399,43,519,71,0,0,0,0,0,12055,10871,1319,0,0,0,0,0
430,3552,431.3780106189252,99937,272,119,51,10,9620,4760,0.1438906511101994,177,94,41583,37813,5153,2302,2763,9661,10766,3031,0,0,74286,485,52,524,72,0,0,0,0,0,12334,10831,1353,0,0,0,0,0
431,3552,432.2887698080495,99937,267,131,51,10,9648,4786,0.14443099152466055,199,87,41479,37612,5158,2300,2845,9859,10997,3127,0,0,73946,531,52,523,74,0,0,0,0,0,12628,10799,1384,0,0,0,0,0
432,3552,433.20155603391015,99937,278,134,51,10,9692,4804,0.14505138237089366,188,83,41381,37412,5167,2301,2934,10059,11229,3225,0,0,73607,571,54,526,77,0,0,0,0,0,12925,10765,1412,0,0,0,0,0
433,3552,434.1165845442707,99937,286,136,51,10,9739,4825,0.1457318110409558,187,90,41293,37219,5164,2293,3018,10251,11462,3325,0,0,73266,616,59,532,79,0,0,0,0,0,13216,10722,1447,0,0,0,0,0
434,3552,435.03354367305434,99937,272,146,51,10,9776,4846,0.14631217667130292,192,88,41183,37019,5185,2281,3116,10455,11697,3427,0,0,72913,669,64,536,79,0,0,0,0,0,13511,10681,1484,0,0,0,0,0
435,3552,436.4130803608623,99937,293,145,51,10,9843,4879,0.14731280706845312,193,83,41067,36844,5195,2291,3200,10626,11933,3531,0,0,72554,731,72,541,83,0,0,0,0,0,13800,10632,1524,0,0,0,0,0
436,3552,437.334826935897,99937,300,152,51,10,9874,4901,0.14784314117894273,201,77,40970,36655,5181,2277,3296,10828,12170,3637,0,0,72235,761,77,542,86,0,0,0,0,0,14084,10577,1575,0,0,0,0,0
437,3552,438.25870283474956,99937,306,157,51,10,9911,4923,0.14843351311326136,203,79,40870,36450,5182,2278,3387,11025,12408,3745,0,0,71885,798,85,541,89,0,0,0,0,0,14389,10544,1606,0,0,0,0,0
438,3552,439.18463852751853,99937,323,157,51,10,9961,4937,0.1490739165674375,201,91,40767,36249,5175,2271,3482,11221,12648,3855,0,0,71536,831,90,544,94,0,0,0,0,0,14699,10507,1636,0,0,0,0,0
439,3552,440.1126463158169,99936,332,157,51,11,10015,4961,0.14985590778097982,204,93,40651,36030,5179,2277,3582,11431,12889,3967,0,0,71184,877,102,550,98,0,0,0,0,0,14992,10454,1679,0,0,0,0,0
440,3552,441.0430987144231,99936,334,163,51,11,10060,4986,0.15055635606788345,204,94,40546,35818,5184,2274,3680,11639,13131,4081,0,0,70818,925,112,550,102,0,0,0,0,0,15300,10416,1713,0,0,0,0,0
441,3552,442.44330729048164,99935,339,157,52,11,10137,5021,0.15167859108420473,207,96,40421,35623,5212,2289,3768,11823,13373,4197,0,0,70424,1006,126,564,104,0,0,0,0,0,15597,10356,1758,0,0,0,0,0
442,3552,443.37906445316816,99935,327,168,52,11,10176,5053,0.15238905288437485,220,92,40305,35412,5222,2297,3873,12019,13616,4315,0,0,70042,1061,139,566,106,0,0,0,0,0,15911,10320,1790,0,0,0,0,0
443,3552,444.31742303581626,99935,340,163,52,11,10238,5073,0.1532095862310502,203,94,40179,35216,5241,2295,3984,12220,13860,4435,0,0,69665,1120,146,569,111,0,0,0,0,0,16222,10271,1831,0,0,0,0,0
444,3552,445.25869224858656,99935,330,160,52,11,10285,5096,0.15391004152699256,204,93,40056,35025,5266,2295,4091,12415,14105,4557,0,0,69278,1178,158,576,115,0,0,0,0,0,16538,10225,1867,0,0,0,0,0
445,3552,446.20294342840555,99935,338,159,52,11,10329,5123,0.15462050332716265,223,89,39930,34811,5263,2305,4193,12624,14350,4681,0,0,68907,1221,169,575,123,0,0,0,0,0,16854,10183,1903,0,0,0,0,0
446,3552,447.1500173575525,99935,346,157,52,11,10383,5141,0.15534097163156052,229,93,39780,34613,5281,2309,4311,12816,14596,4806,0,0,68523,1266,180,583,125,0,0,0,0,0,17182,10143,1933,0,0,0,0,0
447,3552,448.10030358088846,99934,347,161,52,12,10433,5165,0.15608301478976125,237,94,39659,34404,5288,2306,4416,13022,14843,4933,0,0,68143,1309,196,588,128,0,0,0,0,0,17502,10099,1969,0,0,0,0,0
448,3552,449.0537339633271,99934,358,172,52,12,10495,5199,0.15704364880821342,228,88,39534,34191,5293,2307,4534,13229,15090,5062,0,0,67765,1359,211,593,131,0,0,0,0,0,17814,10046,2015,0,0,0,0,0
449,3552,450.0099414274525,99933,370,172,53,12,10557,5221,0.1578857834749282,213,89,39403,34001,5311,2309,4649,13416,15337,5193,0,0,67378,1407,220,602,135,0,0,0,0,0,18142,9997,2052,0,0,0,0,0
450,3552,451.44977449536367,99933,354,165,53,12,10625,5257,0.1589264807420972,238,98,39244,33801,5356,2323,4754,13600,15585,5326,0,0,66955,1506,237,606,141,0,0,0,0,0,18449,9935,2104,0,0,0,0,0
451,3552,452.41286163538507,99933,352,164,53,12,10685,5287,0.15982708414637808,225,99,39109,33595,5385,2327,4875,13802,15833,5461,0,0,66534,1579,251,610,143,0,0,0,0,0,18783,9896,2137,0,0,0,0,0
452,3552,453.3793916516743,99933,353,162,53,12,10739,5308,0.16057758698327879,221,106,38986,33415,5394,2313,4992,13991,16081,5598,0,0,66155,1624,272,614,148,0,0,0,0,0,19095,9841,2184,0,0,0,0,0
453,3552,454.34912556437126,99932,372,159,54,12,10795,5326,0.16131969739422808,215,120,38857,33210,5392,2301,5109,14197,16330,5737,0,0,65778,1667,283,614,151,0,0,0,0,0,19417,9786,2236,0,0,0,0,0
454,3552,455.32188506455753,99930,381,164,55,13,10856,5355,0.16222355648954268,210,123,38729,33007,5398,2299,5226,14393,16579,5877,0,0,65383,1717,299,615,157,0,0,0,0,0,19744,9738,2277,0,0,0,0,0
455,3552,456.29773731436507,99930,383,178,55,13,10903,5391,0.16305413789652756,218,119,38587,32798,5412,2300,5344,14591,16828,6019,0,0,64990,1766,307,622,159,0,0,0,0,0,20079,9684,2323,0,0,0,0,0
456,3552,457.2769077770107,99930,396,176,55,13,10959,5419,0.1638947263084159,225,113,38430,32601,5428,2307,5465,14789,17077,6163,0,0,64590,1817,324,622,162,1,0,0,0,0,20411,9640,2363,0,0,0,0,0
457,3552,458.2597929052366,99930,384,179,55,13,11000,5451,0.16462523766636647,253,111,38276,32397,5441,2320,5590,14979,17326,6309,0,0,64178,1876,339,629,163,1,0,0,0,0,20749,9591,2404,0,0,0,0,0
458,3552,459.246678976119,99930,397,177,55,13,11066,5474,0.16551586110277194,251,119,38124,32186,5454,2322,5718,15182,17575,6456,0,0,63773,1923,362,630,169,1,0,0,0,0,21083,9552,2437,0,0,0,0,0
459,3552,460.23718648526204,99929,403,188,56,13,11125,5506,0.16642816399643748,257,109,37984,32001,5459,2322,5840,15366,17823,6605,0,0,63388,1966,380,640,170,1,0,0,0,0,21405,9486,2493,0,0,0,0,0
460,3552,461.2312797467299,99929,424,185,56,13,11199,5531,0.16741886739585105,246,117,37857,31805,5454,2324,5962,15555,18071,6756,0,0,62995,2013,399,651,174,1,0,0,0,0,21732,9422,2542,0,0,0,0,0
461,3552,462.2286389067335,99929,437,186,56,13,11259,5558,0.16828948553472967,254,120,37707,31627,5462,2323,6083,15730,18319,6908,0,0,62600,2064,410,655,181,1,0,0,0,0,22065,9362,2591,0,0,0,0,0
462,3552,463.2297543122386,99929,428,192,56,13,11316,5594,0.16922014630387575,260,116,37545,31440,5496,2323,6214,15915,18567,7062,0,0,62185,2120,439,662,184,1,0,0,0,0,22394,9312,2632,0,0,0,0,0
463,3552,464.2349678974824,99929,458,206,56,13,11397,5634,0.17043100601427014,247,111,37400,31261,5502,2313,6336,16095,18814,7218,0,0,61790,2166,462,670,184,1,0,0,0,0,22720,9250,2686,0,0,0,0,0
464,3552,465.2440693362836,99928,446,215,57,13,11457,5667,0.17136338163477705,246,105,37254,31088,5535,2305,6461,16273,19061,7375,0,0,61369,2218,492,680,186,1,0,0,0,0,23057,9204,2721,0,0,0,0,0
465,3552,466.25715777309,99928,459,207,57,13,11521,5697,0.17230405892242415,248,101,37106,30911,5538,2314,6591,16453,19307,7534,0,0,60960,2275,516,681,193,1,0,0,0,0,23385,9150,2767,0,0,0,0,0
466,3552,467.27420541845885,99928,471,196,57,13,11594,5723,0.17329477223600992,253,109,36937,30722,5557,2322,6724,16637,19553,7694,0,0,60550,2336,538,691,197,1,0,0,0,0,23711,9083,2821,0,0,0,0,0
467,3552,468.2955406321638,99927,458,184,58,13,11655,5746,0.1741371200976713,263,123,36791,30529,5575,2334,6854,16816,19798,7856,0,0,60138,2396,571,699,203,2,0,0,0,0,24029,9020,2869,0,0,0,0,0
468,3552,469.3212288878029,99927,449,200,58,13,11713,5785,0.17510782871496192,284,113,36625,30331,5600,2334,6983,17008,20043,8019,0,0,59727,2452,594,704,207,2,0,0,0,0,24359,8962,2920,0,0,0,0,0
469,3552,470.3512204640702,99926,450,204,59,13,11784,5812,0.176090306827052,290,123,36459,30148,5628,2334,7113,17177,20287,8184,0,0,59305,2503,617,713,213,2,0,0,0,0,24704,8913,2956,0,0,0,0,0
470,3552,471.38576750130676,99926,442,219,59,13,11849,5855,0.17717110661889798,286,118,36316,29981,5645,2334,7251,17334,20531,8350,0,0,58885,2558,651,722,216,2,0,0,0,0,25035,8859,2998,0,0,0,0,0
471,3552,472.4245977083314,99926,450,209,59,13,11915,5880,0.178081780517583,282,119,36161,29796,5652,2342,7395,17520,20774,8517,0,0,58486,2600,691,729,220,2,0,0,0,0,25352,8799,3047,0,0,0,0,0
472,3552,473.4677837871572,99926,458,210,59,13,11992,5904,0.1790925284710686,271,126,36014,29632,5665,2340,7532,17678,21016,8686,0,0,58083,2647,722,734,229,2,0,0,0,0,25677,8739,3093,0,0,0,0,0
473,3552,474.5153192810011,99926,469,223,59,13,12068,5946,0.1802734023177151,259,114,35867,29467,5681,2343,7664,17839,21257,8856,0,0,57669,2696,758,738,232,3,0,0,0,0,26006,8689,3135,0,0,0,0,0
474,3552,475.04016231911294,99926,455,228,59,13,12100,5966,0.18079378740267799,273,114,35700,29262,5693,2341,7819,18041,21497,9027,0,0,57268,2731,774,741,236,3,0,0,0,0,26354,8640,3179,0,0,0,0,0
475,3552,476.0965137028676,99926,472,215,59,13,12185,5992,0.18190460941096412,250,122,35550,29088,5708,2353,7960,18208,21737,9199,0,0,56844,2796,800,741,250,3,0,0,0,0,26685,8587,3220,0,0,0,0,0
476,3552,477.1576481354374,99926,471,213,59,13,12255,6028,0.18296539439184997,246,115,35391,28918,5736,2369,8096,18371,21976,9373,0,0,56422,2853,833,752,256,3,0,0,0,0,27016,8527,3264,0,0,0,0,0
477,3552,478.22354538256116,99926,479,196,59,13,12324,6055,0.18392610531793527,241,126,35235,28736,5754,2382,8231,18546,22214,9548,0,0,56004,2900,873,765,259,3,0,0,0,0,27345,8472,3305,0,0,0,0,0
478,3552,479.2942085244529,99926,481,197,59,13,12398,6086,0.18497688289334108,225,130,35106,28558,5769,2383,8359,18718,22451,9724,0,0,55593,2958,902,769,267,3,0,0,0,0,27666,8408,3360,0,0,0,0,0
479,3552,480.369319035508,99926,483,202,59,13,12469,6122,0.18604767527970698,242,138,34915,28391,5798,2388,8502,18867,22687,9901,0,0,55159,3020,924,777,273,3,0,0,0,0,28015,8358,3397,0,0,0,0,0
480,3552,481.44935278217366,99926,459,215,59,13,12528,6162,0.18703840842223246,263,145,34746,28232,5825,2393,8647,19001,22922,10079,0,0,54726,3085,951,782,280,5,0,0,0,0,28354,8308,3435,0,0,0,0,0
481,3552,482.5348536178446,99926,461,219,59,13,12595,6196,0.18804915637571804,272,142,34582,28064,5841,2394,8784,19167,23156,10258,0,0,54321,3133,977,794,285,5,0,0,0,0,28681,8240,3490,0,0,0,0,0
482,3552,483.07898896352157,99926,452,214,59,13,12627,6214,0.1885495266497208,282,138,34428,27881,5837,2396,8941,19357,23389,10438,0,0,53939,3152,1014,796,290,5,0,0,0,0,29006,8188,3536,0,0,0,0,0
483,3552,484.1745121920468,99925,458,235,59,14,12700,6265,0.18979234425819363,280,116,34277,27723,5847,2406,9078,19505,23621,10619,0,0,53536,3202,1042,798,302,6,0,0,0,0,29328,8125,3586,0,0,0,0,0
484,3552,485.27482479161114,99925,456,233,59,14,12771,6308,0.19093319989992494,277,102,34133,27565,5863,2424,9211,19661,23851,10801,0,0,53134,3247,1092,809,310,6,0,0,0,0,29631,8059,3637,0,0,0,0,0
485,3552,486.37998828479704,99925,453,222,59,14,12840,6336,0.19190392794595948,288,111,33965,27400,5890,2442,9344,19810,24080,10983,0,0,52727,3298,1136,815,318,6,0,0,0,0,29941,7998,3686,0,0,0,0,0
486,3552,487.4902813060782,99925,468,213,59,14,12927,6373,0.19314485864398298,278,109,33808,27251,5905,2465,9481,19947,24308,11166,0,0,52312,3364,1172,822,325,6,0,0,0,0,30253,7928,3743,0,0,0,0,0
487,3552,488.04673967505863,99923,467,209,60,15,12960,6385,0.19359907128488937,272,112,33668,27072,5892,2457,9640,20134,24535,11350,0,0,51939,3376,1198,819,334,6,0,0,0,0,30583,7879,3789,0,0,0,0,0
488,3552,489.1672789918297,99922,473,201,61,15,13041,6415,0.19471187526270492,268,127,33523,26900,5904,2471,9770,20285,24761,11535,0,0,51526,3421,1242,829,341,6,0,0,0,0,30900,7825,3832,0,0,0,0,0
489,3552,490.2924542864522,99921,479,206,62,15,13123,6454,0.19592478057665555,255,118,33347,26763,5942,2476,9914,20421,24985,11720,0,0,51112,3468,1291,834,347,6,0,0,0,0,31216,7776,3871,0,0,0,0,0
490,3552,491.4230368233355,99921,482,196,62,15,13197,6482,0.19694558701374085,248,125,33204,26601,5947,2495,10056,20567,25208,11906,0,0,50716,3515,1334,833,360,6,0,0,0,0,31519,7713,3925,0,0,0,0,0
491,3552,492.5591969556156,99920,478,204,63,15,13268,6512,0.19795836669335468,247,138,33044,26476,5973,2483,10194,20683,25430,12093,0,0,50327,3551,1376,842,366,6,0,0,0,0,31827,7647,3978,0,0,0,0,0
492,3552,493.1284907276238,99919,471,208,64,15,13299,6530,0.19845074510353386,261,137,32890,26322,5957,2471,10356,20846,25650,12280,0,0,49971,3562,1405,842,375,6,0,0,0,0,32140,7585,4033,0,0,0,0,0
493,3552,494.2753053434383,99919,467,199,64,15,13376,6567,0.1995916692520942,261,129,32730,26195,5985,2482,10492,20979,25869,12468,0,0,49564,3604,1467,856,381,6,0,0,0,0,32441,7528,4072,0,0,0,0,0
494,3552,495.4278972374602,99919,462,214,64,15,13441,6612,0.20069256097438926,253,107,32610,26080,5990,2487,10620,21096,26087,12656,0,0,49171,3638,1525,860,380,8,0,0,0,0,32741,7477,4119,0,0,0,0,0
495,3552,496.0053315398083,99919,467,212,64,15,13478,6630,0.20124300683553678,248,106,32459,25935,5976,2480,10785,21251,26303,12845,0,0,48821,3642,1562,863,385,9,0,0,0,0,33049,7415,4173,0,0,0,0,0
496,3552,497.1676891756397,99919,456,200,64,15,13548,6659,0.20223380938560234,250,109,32307,25815,6000,2485,10922,21375,26518,13034,0,0,48422,3682,1621,867,400,9,0,0,0,0,33347,7364,4207,0,0,0,0,0
497,3552,498.33571155627334,99919,477,201,64,15,13635,6689,0.20340475785386164,221,124,32164,25684,6013,2479,11060,21496,26731,13223,0,0,48034,3716,1656,873,413,9,0,0,0,0,33662,7307,4249,0,0,0,0,0
498,3552,499.5087708675085,99919,488,212,64,15,13713,6727,0.2045656982155546,227,120,32009,25560,6008,2483,11203,21609,26943,13413,0,0,47646,3757,1700,873,422,9,0,0,0,0,33965,7252,4295,0,0,0,0,0
499,3552,500.09654527118323,99919,464,215,64,15,13740,6744,0.20500605490447263,244,124,31852,25397,6012,2477,11363,21771,27154,13603,0,0,47285,3769,1741,876,428,9,0,0,0,0,34270,7197,4344,0,0,0,0,0
500,3552,501.2808977494022,99919,457,215,64,15,13817,6778,0.206116954733334,258,130,31684,25293,6036,2481,11500,21865,27363,13793,0,0,46894,3806,1802,882,438,9,0,0,0,0,34559,7146,4383,0,0,0,0,0
501,3552,502.47128868309244,99919,455,221,64,15,13896,6819,0.20731792752129224,253,125,31539,25180,6050,2487,11638,21971,27571,13983,0,0,46506,3844,1860,888,450,9,0,0,0,0,34849,7092,4421,0,0,0,0,0
502,3552,503.0679722014562,99919,452,222,64,15,13930,6838,0.20784835716930714,261,130,31378,25025,6045,2486,11799,22121,27777,14173,0,0,46144,3852,1897,887,456,10,0,0,0,0,35163,7051,4459,0,0,0,0,0
503,3552,504.27011707332906,99919,447,211,64,15,14001,6875,0.20892923267846955,259,129,31232,24928,6066,2500,11931,22216,27982,14363,0,0,45738,3913,1941,892,465,11,0,0,0,0,35461,6996,4502,0,0,0,0,0
504,3552,505.4779523962514,99918,439,207,65,15,14078,6911,0.2100622510458576,255,129,31091,24824,6101,2509,12048,22315,28185,14553,0,0,45346,3955,1997,898,479,11,0,0,0,0,35750,6944,4538,0,0,0,0,0
505,3552,506.0833380032981,99917,446,202,65,16,14117,6926,0.2106048019856481,267,126,30916,24695,6093,2503,12212,22457,28387,14744,0,0,44999,3953,2042,900,482,12,0,0,0,0,36051,6898,4580,0,0,0,0,0
506,3552,507.30336373212475,99917,435,209,65,16,14189,6963,0.21169570743717286,265,121,30778,24597,6113,2496,12343,22560,28587,14935,0,0,44616,3990,2097,905,493,12,0,0,0,0,36337,6848,4619,0,0,0,0,0
507,3552,508.52931552846326,99917,442,196,65,16,14277,6995,0.21289670426453958,248,121,30646,24483,6135,2515,12463,22668,28786,15125,0,0,44241,4039,2150,910,506,12,0,0,0,0,36605,6779,4675,0,0,0,0,0
508,3552,509.1434443163087,99917,450,194,65,16,14317,7008,0.21342714452995987,243,124,30514,24373,6115,2502,12612,22790,28983,15315,0,0,43912,4036,2191,910,513,12,0,0,0,0,36894,6724,4725,0,0,0,0,0
509,3552,510.3806209869414,99917,459,202,65,16,14398,7038,0.21453806659527408,234,129,30386,24270,6119,2498,12736,22884,29179,15505,0,0,43543,4072,2236,908,525,12,0,0,0,0,37179,6673,4769,0,0,0,0,0
510,3552,511.00006054227333,99917,452,211,65,16,14427,7059,0.2150384819400102,237,125,30253,24131,6105,2491,12887,23025,29373,15695,0,0,43211,4075,2266,911,532,13,0,0,0,0,37475,6615,4819,0,0,0,0,0
511,3552,512.2477846904392,99916,430,221,66,16,14498,7096,0.2161215420953601,230,113,30138,24017,6141,2503,12994,23129,29566,15885,0,0,42823,4125,2319,916,541,13,0,0,0,0,37757,6564,4858,0,0,0,0,0
512,3552,513.5002107695899,99916,425,233,66,16,14576,7138,0.21732255094279196,227,111,30009,23933,6166,2502,13106,23204,29757,16075,0,0,42463,4154,2380,923,550,14,0,0,0,0,38022,6507,4903,0,0,0,0,0
513,3552,514.1277109214171,99916,421,241,66,16,14620,7157,0.21795308058769366,213,111,29888,23811,6160,2493,13251,23327,29947,16264,0,0,42126,4158,2421,928,556,14,0,0,0,0,38311,6456,4946,0,0,0,0,0
514,3552,515.3914169995516,99916,423,231,66,16,14695,7189,0.2190239801433204,205,117,29752,23731,6176,2507,13377,23397,30135,16453,0,0,41763,4194,2476,929,569,14,0,0,0,0,38573,6405,4993,0,0,0,0,0
515,3552,516.0244115476015,99916,422,225,66,16,14732,7206,0.21956443412466473,199,116,29610,23603,6176,2512,13526,23527,30321,16642,0,0,41430,4195,2522,927,582,14,0,0,0,0,38857,6363,5026,0,0,0,0,0
516,3552,517.299793378508,99916,413,206,66,16,14799,7235,0.2205252412026102,194,125,29496,23522,6190,2534,13640,23596,30506,16830,0,0,41064,4236,2581,932,592,16,0,0,0,0,39118,6310,5067,0,0,0,0,0
517,3552,518.5805002333697,99915,366,211,67,16,14853,7274,0.22145823950357804,204,121,29388,23456,6226,2534,13748,23661,30689,17018,0,0,40691,4277,2655,939,601,16,0,0,0,0,39372,6263,5101,0,0,0,0,0
518,3552,519.2219159248343,99915,368,199,67,16,14891,7285,0.22194865635790423,197,128,29253,23352,6217,2536,13897,23768,30871,17206,0,0,40348,4287,2698,935,610,16,0,0,0,0,39662,6229,5130,0,0,0,0,0
519,3552,520.5139152121565,99914,352,210,68,16,14946,7330,0.2229517384951058,196,103,29158,23271,6216,2548,14009,23851,31051,17393,0,0,40002,4313,2756,937,620,17,0,0,0,0,39917,6179,5173,0,0,0,0,0
520,3552,521.1607710785592,99914,356,205,68,16,14986,7347,0.22352222911704064,180,101,29035,23159,6211,2550,14149,23968,31230,17580,0,0,39673,4317,2796,934,634,17,0,0,0,0,40200,6140,5203,0,0,0,0,0
521,3552,522.4631560960305,99914,341,202,68,16,15034,7376,0.22429289188702284,188,108,28943,23098,6199,2557,14260,24018,31407,17766,0,0,39337,4341,2846,935,645,18,0,0,0,0,40455,6088,5249,0,0,0,0,0
522,3552,523.1150038417426,99914,349,189,68,16,15073,7391,0.2248333566867506,178,102,28821,22988,6176,2568,14407,24136,31583,17951,0,0,39033,4339,2899,932,654,18,0,0,0,0,40707,6035,5297,0,0,0,0,0
523,3552,524.4273437124309,99913,348,189,69,16,15130,7420,0.22569635582957173,195,92,28692,22940,6176,2566,14519,24196,31757,18136,0,0,38708,4349,2963,930,666,18,0,0,0,0,40956,5991,5332,0,0,0,0,0
524,3552,525.0845426171011,99913,355,189,69,16,15162,7436,0.2261767737932001,194,88,28552,22834,6158,2558,14671,24314,31930,18320,0,0,38411,4335,3010,929,674,18,0,0,0,0,41219,5946,5371,0,0,0,0,0
525,3552,526.4087012887716,99913,343,183,69,16,15219,7461,0.22699748781439852,213,92,28432,22771,6160,2570,14782,24367,32101,18504,0,0,38073,4351,3066,934,687,18,0,0,0,0,41476,5907,5401,0,0,0,0,0
526,3552,527.0721397694225,99913,352,177,69,16,15259,7473,0.22751794060832925,206,99,28315,22666,6136,2562,14921,24479,32271,18687,0,0,37784,4333,3118,937,691,21,0,0,0,0,41727,5860,5442,0,0,0,0,0
527,3552,528.4078259632963,99913,355,168,69,16,15324,7495,0.22838869816740565,199,105,28217,22611,6144,2561,15015,24538,32439,18869,0,0,37471,4345,3181,940,700,23,0,0,0,0,41962,5809,5482,0,0,0,0,0
528,3552,529.0763308419242,99913,340,173,69,16,15350,7512,0.22881907259315604,204,103,28102,22526,6138,2544,15146,24637,32606,19051,0,0,37169,4336,3232,941,707,23,0,0,0,0,42220,5769,5516,0,0,0,0,0
529,3552,530.4223156141281,99912,339,171,70,16,15421,7548,0.22989230522860116,188,93,28030,22505,6144,2548,15228,24666,32771,19232,0,0,36848,4353,3300,949,718,23,0,0,0,0,42450,5718,5553,0,0,0,0,0
530,3552,531.0960440631732,99912,351,167,70,16,15462,7564,0.23046280727039795,171,89,27920,22430,6112,2542,15375,24755,32935,19412,0,0,36566,4341,3353,945,727,23,0,0,0,0,42689,5671,5597,0,0,0,0,0
531,3552,532.4513005661108,99912,334,170,70,16,15521,7597,0.23138361758347345,177,82,27848,22387,6108,2550,15462,24794,33097,19591,0,0,36252,4358,3426,944,742,23,0,0,0,0,42911,5628,5628,0,0,0,0,0
532,3552,533.1294599036844,99912,337,164,70,16,15552,7611,0.23183401393226039,178,82,27724,22288,6084,2554,15606,24895,33258,19769,0,0,35966,4356,3466,937,755,24,0,0,0,0,43157,5584,5667,0,0,0,0,0
533,3552,534.4941847751902,99912,346,174,70,16,15615,7646,0.23281487709184082,168,75,27657,22256,6077,2557,15681,24921,33417,19947,0,0,35668,4361,3522,932,772,25,0,0,0,0,43389,5546,5697,0,0,0,0,0
534,3552,535.1769808949539,99912,341,168,70,16,15644,7655,0.233195211786372,165,79,27532,22161,6066,2552,15825,25023,33575,20124,0,0,35381,4348,3575,932,780,25,0,0,0,0,43635,5511,5725,0,0,0,0,0
535,3552,536.5512167282908,99912,335,153,70,16,15704,7677,0.23401593402193932,166,86,27446,22127,6071,2567,15911,25050,33731,20300,0,0,35077,4361,3650,935,789,25,0,0,0,0,43849,5466,5760,0,0,0,0,0
536,3552,537.239310899479,99912,317,154,70,16,15723,7693,0.23436624229321804,175,84,27331,22050,6065,2559,16041,25136,33886,20475,0,0,34784,4360,3690,935,796,27,0,0,0,0,44100,5431,5789,0,0,0,0,0
537,3552,538.6242010352056,99912,306,149,70,16,15776,7721,0.2351769557210345,166,78,27281,22027,6061,2564,16115,25165,34039,20649,0,0,34476,4376,3753,937,810,27,0,0,0,0,44327,5394,5812,0,0,0,0,0
538,3552,539.3172937481274,99912,295,146,70,16,15806,7732,0.23558731683881817,155,76,27160,21942,6066,2560,16253,25259,34191,20822,0,0,34196,4360,3811,942,813,28,0,0,0,0,44562,5360,5840,0,0,0,0,0
539,3552,540.0126852541244,99911,279,149,71,16,15828,7751,0.23600004003563171,162,66,27036,21852,6056,2555,16395,25361,34341,20994,0,0,33917,4361,3855,937,823,28,0,0,0,0,44792,5320,5878,0,0,0,0,0
540,3552,541.4133151352203,99910,273,141,72,16,15876,7773,0.2367030327294565,159,61,26969,21834,6050,2562,16476,25385,34490,21165,0,0,33633,4364,3918,939,835,28,0,0,0,0,45008,5277,5908,0,0,0,0,0
541,3552,542.114440889037,99910,273,143,72,16,15904,7782,0.2370733660294265,148,68,26879,21759,6025,2546,16602,25467,34637,21335,0,0,33370,4357,3954,938,839,29,0,0,0,0,45241,5231,5951,0,0,0,0,0
542,3552,543.5244664500074,99908,281,133,73,17,15967,7805,0.23793890379148816,118,64,26823,21725,6020,2555,16684,25505,34783,21504,0,0,33086,4357,4018,935,857,29,0,0,0,0,45455,5200,5971,0,0,0,0,0
543,3552,544.2296253805969,99908,266,124,73,17,15980,7817,0.238189134003283,126,63,26723,21659,6010,2554,16801,25582,34928,21672,0,0,32825,4352,4069,927,868,29,0,0,0,0,45670,5161,6007,0,0,0,0,0
544,3552,545.6481102680759,99907,262,117,73,18,16028,7840,0.23890217902649463,122,63,26682,21659,5991,2551,16869,25591,35071,21839,0,0,32563,4356,4131,924,881,31,0,0,0,0,45863,5112,6046,0,0,0,0,0
545,3552,546.3575239032734,99907,252,114,73,18,16052,7850,0.23924249552083438,117,72,26590,21598,5986,2546,16981,25651,35213,22005,0,0,32295,4350,4174,925,889,31,0,0,0,0,46093,5077,6073,0,0,0,0,0
546,3552,547.0693153581062,99907,243,120,73,18,16076,7869,0.23967289579308756,109,59,26510,21535,5972,2539,17092,25728,35353,22170,0,0,32029,4337,4228,923,893,33,0,0,0,0,46317,5055,6092,0,0,0,0,0
547,3552,548.5003253272704,99907,231,125,73,18,16114,7892,0.24028346362116768,106,53,26470,21542,5948,2533,17171,25728,35492,22334,0,0,31769,4332,4293,921,901,33,0,0,0,0,46516,5018,6124,0,0,0,0,0
548,3552,549.2155882880646,99907,234,116,73,18,16136,7896,0.24054370564625102,101,56,26375,21478,5931,2530,17285,25801,35630,22497,0,0,31522,4314,4334,919,909,33,0,0,0,0,46737,4984,6155,0,0,0,0,0
549,3552,550.6539120658451,99906,229,121,73,19,16183,7922,0.24127680019218065,97,52,26305,21467,5932,2526,17363,25814,35766,22659,0,0,31261,4333,4374,920,916,34,0,0,0,0,46935,4927,6206,0,0,0,0,0
550,3552,551.3733059565935,99906,224,118,73,19,16202,7930,0.2415470542309771,95,51,26235,21401,5908,2521,17464,25889,35901,22820,0,0,31033,4315,4421,915,924,34,0,0,0,0,47133,4880,6251,0,0,0,0,0
551,3552,552.0957541243056,99906,230,112,73,19,16224,7939,0.24185734590515084,94,48,26149,21357,5876,2517,17577,25946,36035,22980,0,0,30796,4283,4477,913,930,34,0,0,0,0,47343,4857,6273,0,0,0,0,0
552,3552,553.5470274324995,99906,237,108,73,19,16266,7955,0.24243789161812104,83,49,26111,21359,5843,2505,17652,25959,36167,23139,0,0,30551,4275,4536,906,939,35,0,0,0,0,47536,4827,6301,0,0,0,0,0
553,3552,554.272770174526,99906,223,101,73,19,16279,7961,0.242628070386163,86,52,26024,21311,5830,2504,17763,26012,36298,23297,0,0,30307,4265,4576,908,943,35,0,0,0,0,47747,4789,6336,0,0,0,0,0
554,3552,555.000687288865,99906,203,94,73,19,16294,7966,0.24282825856304927,95,58,25939,21253,5815,2505,17874,26070,36428,23453,0,0,30059,4263,4611,909,951,36,0,0,0,0,47958,4753,6366,0,0,0,0,0
555,3552,556.4641218577717,99906,192,108,73,19,16327,7991,0.24340880427601946,95,41,25913,21255,5792,2497,17934,26079,36556,23608,0,0,29823,4258,4656,909,962,36,0,0,0,0,48150,4711,6401,0,0,0,0,0
556,3552,557.1957999914197,99906,195,99,73,19,16351,7998,0.24371909595019317,81,51,25828,21200,5773,2494,18049,26136,36683,23762,0,0,29588,4253,4696,900,970,37,0,0,0,0,48350,4678,6434,0,0,0,0,0
557,3552,558.6658729390945,99906,172,93,73,19,16371,8014,0.24407943466858847,96,50,25788,21231,5770,2494,18100,26112,36809,23915,0,0,29341,4253,4750,904,974,37,0,0,0,0,48541,4641,6465,0,0,0,0,0
558,3552,559.400834985858,99906,165,94,73,19,16382,8022,0.24426961343663042,102,43,25721,21193,5740,2487,18198,26163,36934,24067,0,0,29119,4237,4787,893,988,37,0,0,0,0,48741,4613,6491,0,0,0,0,0
559,3552,560.1383700782619,99906,162,87,73,19,16401,8028,0.24451984865773826,95,42,25646,21148,5729,2486,18294,26217,37057,24218,0,0,28889,4225,4827,889,997,38,0,0,0,0,48943,4585,6513,0,0,0,0,0
560,3552,561.6196208228091,99906,160,83,73,19,16434,8044,0.24501030969110965,84,46,25628,21176,5696,2484,18358,26191,37179,24368,0,0,28668,4211,4874,887,1013,39,0,0,0,0,49125,4550,6539,0,0,0,0,0
561,3552,562.3600399812074,99906,158,90,73,19,16452,8059,0.24534062018297198,80,40,25557,21131,5674,2477,18457,26242,37300,24516,0,0,28445,4197,4911,885,1019,39,0,0,0,0,49324,4520,6566,0,0,0,0,0
562,3552,563.1024174284012,99905,155,93,74,19,16468,8071,0.24562334217506632,70,36,25490,21089,5643,2470,18567,26292,37420,24663,0,0,28230,4177,4954,880,1027,39,0,0,0,0,49514,4492,6592,0,0,0,0,0
563,3552,564.5934158761066,99905,140,92,74,19,16492,8086,0.246013713027376,70,35,25497,21144,5617,2451,18601,26258,37538,24809,0,0,28021,4161,5014,878,1035,39,0,0,0,0,49675,4454,6628,0,0,0,0,0
564,3552,565.3381709798707,99905,137,89,74,19,16504,8095,0.24622391271708122,69,31,25427,21113,5594,2445,18698,26302,37655,24954,0,0,27809,4145,5052,869,1047,40,0,0,0,0,49864,4430,6649,0,0,0,0,0
565,3552,566.0846131121796,99905,136,85,74,19,16516,8099,0.24638406486161854,69,33,25353,21070,5572,2443,18795,26349,37771,25098,0,0,27599,4128,5086,865,1053,40,0,0,0,0,50055,4401,6678,0,0,0,0,0
566,3552,567.5839310994664,99905,135,82,74,19,16537,8114,0.2467444071868275,68,25,25348,21094,5538,2437,18836,26342,37886,25240,0,0,27395,4110,5130,864,1062,41,0,0,0,0,50229,4367,6707,0,0,0,0,0
567,3552,568.3329643833182,99905,142,77,74,19,16553,8119,0.2469546068765327,58,22,25291,21049,5511,2433,18923,26399,38000,25381,0,0,27185,4095,5162,859,1068,41,0,0,0,0,50421,4342,6732,0,0,0,0,0
568,3552,569.0839247355165,99905,146,71,74,19,16567,8124,0.24714478754817076,53,25,25225,21028,5484,2426,19017,26430,38112,25521,0,0,26978,4067,5200,860,1074,41,0,0,0,0,50614,4324,6747,0,0,0,0,0
569,3552,570.5913119110361,99905,125,71,74,19,16579,8138,0.2474050347830439,60,21,25231,21047,5466,2420,19043,26421,38223,25660,0,0,26769,4055,5244,859,1083,41,0,0,0,0,50785,4295,6774,0,0,0,0,0
570,3552,571.3440107264377,99905,127,71,74,19,16591,8144,0.24758520594564837,61,19,25163,21017,5444,2406,19130,26467,38333,25798,0,0,26574,4031,5283,853,1090,41,0,0,0,0,50965,4272,6796,0,0,0,0,0
571,3552,572.0986527791641,99905,121,67,74,19,16595,8145,0.24763525349081628,58,21,25082,20939,5413,2399,19251,26554,38442,25935,0,0,26386,4005,5319,846,1099,41,0,0,0,0,51141,4246,6822,0,0,0,0,0
572,3552,573.1269017372474,99904,118,54,75,19,16618,8153,0.24794803010890454,49,23,25088,20961,5378,2401,19291,26541,38550,26070,0,0,26193,3992,5370,840,1110,41,0,0,0,0,51292,4214,6852,0,0,0,0,0
573,3552,574.6434344501871,99904,115,44,75,19,16633,8162,0.2481882607303011,48,23,25096,21009,5349,2393,19316,26511,38657,26204,0,0,25991,3982,5411,833,1121,41,0,0,0,0,51461,4192,6872,0,0,0,0,0
574,3552,575.4009752700888,99904,113,45,75,19,16644,8168,0.24835842408712364,44,19,25049,20994,5322,2380,19396,26542,38763,26337,0,0,25809,3954,5453,835,1122,41,0,0,0,0,51628,4161,6901,0,0,0,0,0
575,3552,576.1599434195025,99904,112,44,75,19,16644,8169,0.2483684336963485,45,19,24938,20915,5306,2365,19523,26637,38868,26469,0,0,25630,3930,5478,834,1124,41,0,0,0,0,51805,4128,6934,0,0,0,0,0
576,3552,577.1230920074942,99904,111,43,75,19,16654,8176,0.24853859705317105,44,16,24893,20922,5280,2355,19596,26644,38972,26600,0,0,25445,3906,5520,832,1127,41,0,0,0,0,51972,4104,6957,0,0,0,0,0
577,3552,578.1337106855997,99904,94,37,75,19,16667,8180,0.2487087604099936,43,17,24927,20966,5260,2345,19600,26615,39074,26729,0,0,25246,3891,5555,836,1134,42,0,0,0,0,52145,4082,6973,0,0,0,0,0
578,3552,579.4599551044471,99904,104,36,75,19,16685,8182,0.24890895259449072,31,16,24865,20929,5240,2337,19684,26662,39175,26857,0,0,25065,3878,5575,829,1144,42,0,0,0,0,52318,4054,6999,0,0,0,0,0
579,3552,580.121188273531,99904,101,36,75,19,16691,8186,0.24900904868673926,36,17,24822,20906,5211,2326,19754,26695,39275,26984,0,0,24889,3857,5605,825,1150,42,0,0,0,0,52484,4027,7025,0,0,0,0,0
580,3552,581.0045093276041,99904,90,37,75,19,16695,8190,0.2490891255605381,39,17,24797,20911,5195,2313,19803,26702,39374,27110,0,0,24701,3842,5636,822,1155,42,0,0,0,0,52656,4008,7042,0,0,0,0,0
581,3552,582.0678076552558,99903,86,33,76,19,16704,8194,0.24922174509273995,41,14,24748,20893,5171,2315,19877,26725,39472,27235,0,0,24512,3830,5666,821,1157,42,0,0,0,0,52825,3986,7064,0,0,0,0,0
582,3552,583.4271138023446,99903,80,33,76,19,16719,8198,0.24941192957168454,53,14,24762,20973,5142,2292,19886,26668,39569,27359,0,0,24332,3816,5701,817,1164,42,0,0,0,0,52983,3964,7084,0,0,0,0,0
583,3552,584.4207472669586,99903,79,27,76,19,16731,8201,0.24956207521295656,42,15,24744,20974,5115,2284,19943,26680,39665,27481,0,0,24164,3793,5743,815,1169,42,0,0,0,0,53132,3939,7106,0,0,0,0,0
584,3552,585.2261566687549,99903,80,28,76,19,16737,8204,0.2496521625977198,40,14,24680,20932,5088,2278,20035,26728,39760,27602,0,0,23999,3780,5760,809,1178,42,0,0,0,0,53293,3907,7135,0,0,0,0,0
585,3552,586.5382532952956,99903,72,30,76,19,16750,8209,0.24983233736724622,37,16,24694,20965,5056,2259,20064,26710,39854,27722,0,0,23822,3773,5786,806,1183,43,0,0,0,0,53450,3880,7160,0,0,0,0,0
586,3552,587.0868625933363,99903,62,28,76,19,16756,8213,0.24993243446142757,38,15,24688,20974,5024,2249,20111,26714,39947,27841,0,0,23661,3752,5818,807,1190,43,0,0,0,0,53597,3849,7186,0,0,0,0,0
587,3552,588.0901317527805,99903,60,29,76,19,16762,8218,0.25004254126502706,39,11,24674,20985,4986,2234,20164,26721,40039,27959,0,0,23504,3727,5854,802,1196,43,0,0,0,0,53743,3826,7208,0,0,0,0,0
588,3552,589.1020749843788,99903,61,28,76,19,16770,8222,0.2501626577780447,36,11,24656,20990,4958,2220,20212,26731,40130,28076,0,0,23343,3709,5881,801,1199,43,0,0,0,0,53894,3798,7235,0,0,0,0,0
589,3552,590.1547934907554,99903,66,23,76,19,16780,8223,0.2502727645816442,32,14,24641,21000,4927,2213,20257,26730,40220,28192,0,0,23182,3693,5906,798,1204,43,0,0,0,0,54046,3772,7259,0,0,0,0,0
590,3552,591.5915766720859,99903,63,22,76,19,16794,8228,0.25046294906058875,29,13,24665,21074,4891,2200,20275,26671,40310,28307,0,0,23014,3683,5934,793,1213,43,0,0,0,0,54195,3750,7278,0,0,0,0,0
591,3552,592.0368136104676,99903,64,23,76,19,16800,8229,0.2505330170265157,28,14,24646,21045,4864,2187,20321,26711,40399,28420,0,0,22868,3656,5963,794,1213,44,0,0,0,0,54338,3721,7306,0,0,0,0,0
592,3552,593.2988543601057,99903,62,23,76,19,16804,8231,0.25059307528302455,25,17,24605,21011,4837,2183,20394,26746,40487,28532,0,0,22714,3630,5993,793,1216,45,0,0,0,0,54487,3703,7322,0,0,0,0,0
593,3552,594.2463764100742,99903,61,21,76,19,16813,8235,0.2507232015054603,24,18,24658,21083,4794,2171,20386,26687,40574,28643,0,0,22567,3607,6024,792,1222,45,0,0,0,0,54623,3676,7347,0,0,0,0,0
594,3552,595.0184906149057,99903,62,22,76,19,16817,8236,0.25077325005255097,21,17,24597,21038,4769,2160,20474,26743,40660,28753,0,0,22417,3589,6045,787,1227,45,0,0,0,0,54770,3653,7370,0,0,0,0,0
595,3552,596.1285841384727,99903,53,25,76,19,16828,8243,0.25095342482207744,20,13,24600,21106,4750,2144,20500,26692,40745,28862,0,0,22265,3575,6074,787,1232,45,0,0,0,0,54903,3625,7397,0,0,0,0,0
596,3552,597.0051229343453,99903,55,25,76,19,16831,8244,0.25099346365974995,18,12,24520,21048,4730,2137,20600,26758,40829,28970,0,0,22121,3554,6095,780,1240,45,0,0,0,0,55046,3605,7417,0,0,0,0,0
597,3552,598.1205624825702,99903,52,17,76,19,16836,8244,0.2510435122068406,17,17,24530,21087,4701,2132,20623,26727,40912,29077,0,0,21980,3536,6125,778,1244,46,0,0,0,0,55174,3577,7443,0,0,0,0,0
598,3552,599.2401855350669,99903,47,17,76,19,16840,8250,0.251143609301022,16,14,24524,21116,4680,2124,20656,26709,40994,29183,0,0,21819,3527,6143,775,1250,47,0,0,0,0,55324,3563,7455,0,0,0,0,0
599,3552,600.0052086943008,99903,45,14,76,19,16843,8251,0.25118364813869454,16,18,24502,21113,4653,2113,20707,26722,41075,29288,0,0,21685,3508,6170,774,1251,48,0,0,0,0,55450,3532,7485,0,0,0,0,0
600,3552,601.014921490538,99903,46,18,76,19,16850,8257,0.2513137743611303,14,12,24491,21156,4630,2097,20742,26697,41156,29392,0,0,21551,3489,6193,770,1255,50,0,0,0,0,55578,3506,7511,0,0,0,0,0
601,3552,602.2108695115182,99902,37,15,77,19,16852,8260,0.251366339012232,16,11,24485,21176,4612,2086,20772,26692,41236,29495,0,0,21406,3476,6220,766,1259,51,0,0,0,0,55707,3485,7532,0,0,0,0,0
602,3552,603.0490625718022,99902,39,13,77,19,16857,8261,0.2514263978699125,12,11,24484,21180,4587,2078,20800,26698,41315,29597,0,0,21270,3456,6245,761,1264,52,0,0,0,0,55838,3466,7550,0,0,0,0,0
603,3552,604.1244241116743,99902,38,12,77,19,16859,8263,0.2514664371083662,14,9,24475,21231,4562,2064,20833,26664,41393,29698,0,0,21142,3429,6278,754,1271,52,0,0,0,0,55960,3449,7567,0,0,0,0,0
604,3552,605.2498894409082,99902,35,9,77,19,16862,8264,0.2515064763468199,13,8,24461,21269,4543,2049,20870,26645,41470,29797,0,0,21006,3408,6308,753,1272,53,0,0,0,0,56087,3432,7583,0,0,0,0,0
605,3552,606.0066485056517,99902,35,9,77,19,16866,8266,0.2515665352045004,11,6,24452,21266,4514,2043,20910,26656,41547,29895,0,0,20874,3388,6333,748,1278,53,0,0,0,0,56214,3414,7600,0,0,0,0,0
606,3552,607.7106542416122,99902,24,4,77,19,16868,8266,0.25158655482372727,12,6,24500,21374,4489,2031,20897,26565,41623,29992,0,0,20734,3374,6362,745,1283,53,0,0,0,0,56338,3398,7615,0,0,0,0,0
607,3552,608.0021919496426,99902,25,5,77,19,16870,8268,0.25162659406218096,11,5,24431,21327,4479,2019,20976,26624,41698,30088,0,0,20605,3360,6377,742,1287,53,0,0,0,0,56466,3373,7639,0,0,0,0,0
608,3552,609.0508414433862,99902,26,7,77,19,16872,8270,0.2516666333006346,12,5,24439,21361,4446,1997,20999,26610,41772,30183,0,0,20480,3340,6398,739,1289,54,0,0,0,0,56590,3353,7659,0,0,0,0,0
609,3552,610.0659281259202,99902,28,6,77,19,16877,8271,0.25172669215831517,8,8,24459,21423,4417,1981,21010,26562,41845,30277,0,0,20349,3329,6413,735,1294,54,0,0,0,0,56717,3332,7679,0,0,0,0,0
610,3552,611.1487013461991,99902,26,6,77,19,16878,8271,0.2517367019679286,8,7,24472,21442,4397,1973,21019,26552,41918,30370,0,0,20216,3318,6426,733,1297,54,0,0,0,0,56848,3312,7698,0,0,0,0,0
611,3552,612.174851069345,99902,21,6,77,19,16880,8272,0.2517667313967688,11,7,24459,21468,4377,1962,21054,26537,41990,30462,0,0,20088,3306,6445,725,1306,54,0,0,0,0,56969,3296,7713,0,0,0,0,0
612,3552,613.005856324722,99902,22,8,77,19,16884,8274,0.2518267902544494,8,5,24446,21485,4354,1953,21092,26529,42061,30554,0,0,19956,3290,6463,721,1311,54,0,0,0,0,57099,3285,7723,0,0,0,0,0
613,3552,614.0342620942148,99902,22,8,77,19,16887,8275,0.25186682949290307,8,4,24456,21520,4328,1945,21108,26503,42131,30645,0,0,19827,3278,6479,716,1316,54,0,0,0,0,57224,3270,7738,0,0,0,0,0
614,3552,615.073687693742,99902,19,7,77,19,16890,8276,0.2519068687313567,10,3,24491,21566,4300,1927,21102,26477,42201,30735,0,0,19721,3252,6511,713,1319,55,0,0,0,0,57323,3246,7762,0,0,0,0,0
615,3552,616.144826932507,99902,18,9,77,19,16892,8279,0.25195691777942386,14,1,24513,21596,4264,1919,21113,26455,42270,30824,0,0,19599,3233,6534,711,1321,55,0,0,0,0,57441,3231,7777,0,0,0,0,0
616,3552,617.0635302166365,99902,16,10,77,19,16895,8280,0.2519969570178775,12,0,24525,21623,4236,1909,21133,26438,42338,30912,0,0,19481,3213,6559,711,1321,55,0,0,0,0,57554,3213,7795,0,0,0,0,0
617,3552,618.0593093524658,99902,15,9,77,19,16897,8280,0.2520169766371044,12,0,24529,21661,4216,1898,21150,26412,42406,30999,0,0,19354,3201,6575,709,1323,55,0,0,0,0,57677,3199,7809,0,0,0,0,0
618,3552,619.2792500620635,99902,15,9,77,19,16898,8280,0.2520269864467178,11,0,24555,21701,4177,1888,21164,26382,42473,31085,0,0,19235,3186,6591,706,1326,55,0,0,0,0,57795,3183,7825,0,0,0,0,0
619,3552,620.3866099448303,99902,16,7,77,19,16901,8280,0.25205701587555807,13,2,24560,21726,4154,1878,21179,26367,42539,31170,0,0,19117,3172,6607,703,1330,55,0,0,0,0,57911,3166,7841,0,0,0,0,0
620,3552,621.0015322872576,99902,16,8,77,19,16903,8281,0.2520870453043983,14,1,24546,21730,4133,1865,21213,26376,42605,31254,0,0,19004,3154,6625,702,1332,55,0,0,0,0,58023,3148,7859,0,0,0,0,0
621,3552,622.107428220442,99902,16,6,77,19,16905,8281,0.25210706492362517,12,2,24574,21774,4108,1853,21212,26345,42670,31337,0,0,18886,3143,6639,697,1338,55,0,0,0,0,58138,3134,7872,0,0,0,0,0
622,3552,623.0751969653887,99902,18,6,77,19,16907,8282,0.2521370943524654,14,1,24594,21821,4083,1842,21213,26310,42734,31419,0,0,18780,3121,6662,692,1342,56,0,0,0,0,58243,3122,7884,0,0,0,0,0
623,3552,624.0367000090891,99902,19,5,77,19,16910,8282,0.2521671237813057,11,2,24606,21848,4061,1828,21225,26297,42798,31500,0,0,18674,3107,6679,690,1343,57,0,0,0,0,58346,3100,7906,0,0,0,0,0
624,3552,625.0783542582611,99902,16,6,77,19,16911,8283,0.2521871434005325,10,3,24627,21888,4036,1813,21233,26270,42861,31581,0,0,18555,3095,6694,689,1344,58,0,0,0,0,58462,3089,7916,0,0,0,0,0
625,3552,626.0759774071247,99902,12,5,77,19,16911,8284,0.25219715321014596,14,3,24655,21901,4006,1801,21235,26270,42923,31661,0,0,18448,3075,6715,687,1350,58,0,0,0,0,58567,3076,7926,0,0,0,0,0
626,3552,627.2797580108866,99902,13,6,77,19,16914,8285,0.2522371924485996,11,3,24678,21944,3985,1785,21235,26242,42985,31740,0,0,18339,3061,6731,682,1355,58,0,0,0,0,58674,3063,7939,0,0,0,0,0
627,3552,628.1828242458349,99902,15,6,77,19,16919,8287,0.2523072611158936,8,1,24699,22000,3965,1767,21235,26206,43046,31818,0,0,18235,3046,6750,678,1360,58,0,0,0,0,58774,3047,7954,0,0,0,0,0
628,3552,629.4167042350641,99902,12,4,77,19,16920,8287,0.252317270925507,12,1,24723,22053,3950,1756,21225,26166,43106,31895,0,0,18119,3039,6763,675,1363,58,0,0,0,0,58884,3036,7965,0,0,0,0,0
629,3552,630.0341130225095,99902,15,6,77,19,16924,8290,0.25238733959280096,35,24,24702,22049,3930,1748,21240,26153,43166,31971,0,0,18019,3022,6781,672,1366,58,0,0,0,1,58982,3020,7981,0,0,0,0,0
630,3552,631.0454413094236,99902,29,8,77,19,16938,8292,0.2525474965466157,26,25,24751,22086,3897,1731,21219,26130,43225,32046,0,0,17918,3007,6796,669,1369,58,0,0,0,1,59083,3005,7996,0,0,0,0,0
631,3552,632.1985140980036,99902,30,15,77,19,16943,8299,0.25266761426197676,27,19,24756,22102,3876,1722,21233,26122,43284,32121,0,0,17808,2999,6804,662,1376,58,3,0,0,2,59189,2993,8008,0,0,0,0,0
632,3552,633.0208256390923,99902,35,20,77,19,16956,8307,0.2528778202638586,27,15,24789,22142,3850,1709,21221,26094,43342,32195,0,0,17705,2984,6816,661,1379,59,9,0,0,4,59284,2975,8026,0,0,0,0,0
633,3552,634.1396399553084,99902,38,19,77,19,16962,8311,0.2529779183599928,29,16,24784,22172,3836,1704,21235,26069,43399,32268,0,0,17607,2959,6840,661,1380,59,10,0,0,10,59375,2967,8034,0,0,0,0,0
634,3552,635.336813324815,99902,38,21,77,19,16971,8317,0.2531280655041941,36,16,24823,22232,3815,1699,21210,26012,43456,32340,0,0,17517,2941,6856,656,1388,59,13,0,0,16,59456,2948,8052,0,0,0,0,0
635,3552,636.0623849661314,99902,37,21,77,19,16974,8321,0.25319813417148807,37,15,24811,22237,3797,1690,21240,26017,43512,32411,0,0,17423,2921,6876,653,1392,59,15,0,0,21,59543,2936,8063,0,0,0,0,0
636,3552,637.1751888782472,99902,42,24,77,19,16980,8326,0.2533082420772357,40,17,24826,22285,3774,1675,21240,25979,43568,32482,0,0,17325,2904,6893,649,1396,59,16,0,0,23,59638,2927,8072,0,0,0,0,0
637,3552,638.2704100109231,99902,48,25,77,19,16991,8332,0.25347840884066386,41,15,24853,22342,3755,1667,21225,25931,43623,32552,0,0,17221,2890,6906,649,1397,59,18,0,0,30,59733,2918,8081,0,0,0,0,0
638,3552,639.0483295302358,99902,46,25,77,19,16998,8338,0.25360853636563835,39,19,24885,22387,3742,1663,21210,25886,43678,32621,0,0,17123,2880,6911,648,1404,60,18,0,0,37,59824,2903,8094,0,0,0,0,0
639,3552,640.195092596268,99902,50,22,77,19,17009,8339,0.25372865408099937,40,26,24912,22427,3734,1661,21186,25844,43732,32689,0,0,17026,2870,6920,647,1407,60,22,0,0,42,59912,2885,8111,0,0,0,0,0
640,3552,641.3403189516669,99902,56,31,77,19,17019,8352,0.25395887970210806,44,23,24957,22481,3707,1655,21158,25790,43785,32757,0,0,16935,2857,6931,644,1412,61,22,0,0,47,59998,2872,8123,0,0,0,0,0
641,3552,642.1024372245547,99902,57,33,77,19,17023,8358,0.25405897779824227,51,21,24937,22508,3698,1648,21179,25770,43838,32824,0,0,16838,2849,6939,643,1414,61,23,0,0,52,60089,2857,8137,0,0,0,0,0
642,3552,643.1955639140202,99902,54,34,77,19,17032,8366,0.25422914456167045,55,20,24973,22559,3694,1643,21146,25724,43890,32890,0,0,16745,2835,6951,641,1418,61,28,0,0,64,60165,2843,8151,0,0,0,0,0
643,3552,644.0311002341068,99902,53,28,77,19,17042,8368,0.2543492622770315,53,19,24983,22567,3686,1644,21147,25722,43942,32956,0,0,16652,2827,6959,640,1420,62,31,0,0,78,60241,2825,8167,0,0,0,0,0
644,3552,645.0278030444198,99902,56,32,77,19,17055,8375,0.25454945846929994,56,18,24995,22608,3681,1637,21134,25685,43993,33021,0,0,16554,2816,6969,640,1421,62,33,0,0,88,60327,2816,8176,0,0,0,0,0
645,3552,646.3492137616612,99902,53,24,77,19,17067,8377,0.25468959580388784,62,21,25042,22687,3669,1636,21096,25612,44044,33085,0,0,16464,2805,6977,638,1428,62,37,0,0,103,60398,2799,8191,0,0,0,0,0
646,3552,647.3438049842332,99902,62,26,77,19,17080,8381,0.25485976256731596,65,24,25077,22739,3652,1633,21066,25558,44094,33148,0,0,16374,2791,6991,633,1434,62,38,0,0,107,60483,2794,8195,0,0,0,0,0
647,3552,648.1022040717601,99902,63,31,77,19,17090,8388,0.25502992933074414,67,20,25093,22760,3638,1628,21061,25541,44144,33211,0,0,16298,2769,7013,632,1438,62,40,0,0,113,60551,2778,8208,0,0,0,0,0
648,3552,649.3002528205484,99902,67,30,77,19,17109,8392,0.25526015495185284,67,29,25135,22812,3623,1622,21030,25487,44193,33273,0,0,16211,2761,7019,627,1448,62,42,0,0,126,60623,2765,8218,0,0,0,0,0
649,3552,650.0568944266837,99901,67,31,78,19,17122,8395,0.25542286863995356,62,31,25151,22835,3614,1615,21027,25468,44242,33334,0,0,16126,2749,7031,627,1452,62,43,0,0,135,60697,2751,8228,0,0,0,0,0
650,3552,651.1908233819352,99901,68,34,78,19,17134,8400,0.25559303710673564,64,34,25181,22880,3600,1611,21008,25421,44290,33395,0,0,16038,2740,7036,622,1460,63,47,0,0,139,60777,2740,8239,0,0,0,0,0
651,3552,652.3232195067408,99900,66,40,79,19,17147,8408,0.2558058058058058,76,34,25209,22928,3593,1604,20976,25374,44338,33455,0,0,15951,2734,7040,620,1465,63,49,0,0,150,60851,2724,8253,0,0,0,0,0
652,3552,653.0773779315851,99900,69,42,79,19,17154,8415,0.25594594594594594,81,32,25224,22951,3570,1598,20976,25357,44385,33514,0,0,15877,2715,7059,617,1468,63,50,0,0,158,60916,2713,8264,0,0,0,0,0
653,3552,654.2076462276303,99900,88,49,79,19,17177,8425,0.25627627627627625,90,36,25258,23008,3546,1593,20938,25294,44432,33573,0,0,15805,2699,7074,613,1473,63,51,0,0,163,60982,2698,8279,0,0,0,0,0
654,3552,655.3360949649141,99900,97,52,79,19,17205,8433,0.25663663663663666,94,42,25279,23062,3531,1590,20919,25234,44478,33631,0,0,15728,2681,7090,613,1475,63,55,0,0,181,61037,2685,8292,0,0,0,0,0
655,3552,656.0876931646898,99900,101,54,79,19,17218,8440,0.25683683683683683,99,40,25275,23078,3520,1587,20925,25221,44524,33688,0,0,15644,2667,7102,614,1477,63,59,0,0,188,61110,2675,8301,0,0,0,0,0
656,3552,657.2150444733961,99900,116,55,79,19,17251,8450,0.2572672672672673,101,51,25310,23125,3518,1587,20875,25162,44570,33745,0,0,15557,2657,7109,612,1484,63,64,0,0,204,61176,2665,8309,0,0,0,0,0
657,3552,658.3405357911031,99900,121,57,79,19,17273,8464,0.25762762762762764,107,54,25325,23178,3520,1586,20847,25105,44615,33801,0,0,15467,2648,7116,611,1489,64,70,0,0,221,61243,2658,8313,0,0,0,0,0
658,3552,659.0901384529024,99900,130,61,79,19,17298,8472,0.25795795795795795,104,54,25309,23184,3518,1587,20859,25094,44660,33857,0,0,15388,2637,7125,607,1498,65,74,0,0,230,61309,2647,8320,0,0,0,0,0
659,3552,660.215108013683,99900,127,66,79,19,17319,8486,0.2583083083083083,116,52,25343,23235,3519,1589,20815,25038,44704,33912,0,0,15305,2628,7133,606,1503,66,80,0,0,249,61367,2633,8330,0,0,0,0,0
660,3552,661.3385216492538,99899,140,74,80,19,17349,8505,0.25880138940329733,119,47,25370,23289,3514,1588,20776,24982,44748,33966,0,0,15233,2614,7144,604,1509,67,84,0,0,266,61418,2618,8342,0,0,0,0,0
661,3552,662.0867267710466,99898,148,75,80,20,17369,8510,0.2590542353200264,121,48,25382,23313,3509,1577,20759,24966,44791,34020,0,0,15161,2601,7156,606,1513,67,87,0,0,272,61480,2601,8354,0,0,0,0,0
662,3552,663.2080693864754,99898,156,82,80,20,17405,8529,0.25960479689283067,125,41,25411,23348,3511,1585,20716,24923,44834,34073,0,0,15082,2589,7167,604,1519,67,93,0,0,300,61525,2590,8362,0,0,0,0,0
663,3552,664.3279505641004,99898,172,83,80,20,17442,8540,0.2600852869927326,128,47,25422,23400,3504,1588,20693,24861,44877,34126,0,0,15009,2577,7173,602,1530,67,97,0,0,317,61576,2577,8373,0,0,0,0,0
664,3552,665.0740324668377,99898,180,79,80,20,17476,8546,0.2604856954093175,122,55,25435,23419,3503,1592,20679,24834,44919,34178,0,0,14937,2562,7183,597,1544,67,102,0,0,337,61623,2568,8378,0,0,0,0,0
665,3552,666.1925889334904,99898,195,76,80,20,17516,8559,0.2610162365612925,126,64,25463,23462,3504,1599,20631,24778,44961,34229,0,0,14863,2547,7195,598,1550,67,108,0,0,363,61664,2556,8387,0,0,0,0,0
666,3552,667.309813924711,99898,199,81,80,20,17550,8579,0.26155678792368214,144,72,25471,23516,3512,1605,20593,24705,45002,34280,0,0,14786,2537,7203,598,1557,67,116,0,0,393,61703,2543,8395,0,0,0,0,0
667,3552,668.0541890934743,99898,210,82,80,20,17579,8591,0.2619672065506817,145,73,25476,23539,3514,1605,20574,24680,45043,34330,0,0,14711,2527,7212,597,1566,67,119,0,0,411,61757,2535,8396,0,0,0,0,0
668,3552,669.1700698846404,99897,231,87,81,20,17626,8614,0.2626705506671872,148,70,25516,23591,3516,1614,20507,24617,45084,34380,0,0,14639,2513,7220,602,1575,67,125,0,0,434,61799,2518,8405,0,0,0,0,0
669,3552,670.2838771874541,99897,242,85,81,20,17669,8628,0.2632411383725237,156,77,25549,23631,3513,1620,20458,24566,45124,34429,0,0,14563,2502,7228,604,1579,68,132,0,0,467,61835,2507,8412,0,0,0,0,0
670,3552,671.0255048349647,99897,243,86,81,20,17692,8638,0.2635714786229817,163,80,25549,23654,3516,1618,20447,24541,45164,34478,0,0,14498,2487,7240,603,1586,68,134,0,0,490,61875,2497,8419,0,0,0,0,0
671,3552,672.137563891723,99897,251,91,81,20,17735,8655,0.264172097260178,169,93,25591,23688,3524,1618,20383,24489,45203,34526,0,0,14429,2475,7246,602,1598,68,140,0,0,519,61909,2485,8426,0,0,0,0,0
672,3552,673.2478045198739,99897,244,93,81,20,17780,8677,0.26484278807171385,175,94,25597,23729,3560,1624,20342,24439,45242,34574,0,0,14354,2462,7250,610,1617,69,146,0,0,556,61940,2473,8420,0,0,0,0,0
673,3552,674.3574122168819,99897,259,105,81,20,17828,8704,0.2655935613682093,186,87,25619,23774,3564,1629,20290,24384,45281,34621,0,0,14281,2453,7255,614,1622,69,157,0,0,584,61974,2454,8434,0,0,0,0,0
674,3552,675.096498346112,99897,269,111,81,20,17864,8723,0.2661441284523059,202,84,25609,23792,3573,1639,20265,24353,45319,34668,0,0,14211,2447,7255,611,1636,69,166,0,0,603,62016,2439,8444,0,0,0,0,0
675,3552,676.2049452984958,99896,289,117,82,20,17919,8742,0.2668875630655882,209,87,25625,23840,3578,1639,20216,24296,45357,34714,0,0,14148,2435,7260,610,1646,70,173,0,0,632,62042,2424,8456,0,0,0,0,0
676,3552,677.3122244744753,99895,300,113,83,20,17976,8758,0.2676210020521548,222,99,25633,23903,3607,1642,20154,24222,45395,34760,0,0,14072,2425,7265,611,1655,71,183,0,0,674,62065,2414,8460,0,0,0,0,0
677,3552,678.0499148009756,99895,302,110,83,20,18007,8770,0.2680514540267281,233,101,25615,23908,3620,1655,20146,24205,45432,34805,0,0,14001,2418,7268,611,1667,72,193,0,0,695,62105,2401,8464,0,0,0,0,0
678,3552,679.1569237292244,99895,311,114,83,20,18068,8795,0.26891235797587465,230,116,25644,23953,3654,1665,20077,24131,45469,34850,0,0,13932,2408,7270,610,1686,73,200,0,0,740,62122,2391,8463,0,0,0,0,0
679,3552,680.2629506173472,99895,332,119,83,20,18130,8824,0.2698233144802042,227,109,25663,24018,3665,1676,20029,24057,45505,34894,0,0,13856,2402,7273,612,1694,73,210,0,0,784,62143,2381,8467,0,0,0,0,0
680,3552,681.367835594834,99895,336,125,83,20,18194,8848,0.270704239451424,254,121,25651,24070,3698,1685,19977,23978,45541,34938,0,0,13781,2397,7271,613,1712,74,221,0,0,830,62161,2369,8466,0,0,0,0,0
681,3552,682.104299183349,99895,360,142,83,20,18251,8875,0.2715451223784974,261,125,25633,24086,3717,1685,19945,23941,45577,34981,0,0,13718,2387,7275,617,1718,75,229,0,0,853,62193,2351,8479,0,0,0,0,0
682,3552,683.2091351397496,99895,371,150,83,20,18328,8911,0.2726763101256319,253,126,25646,24128,3758,1705,19888,23870,45612,35024,0,0,13644,2373,7277,622,1740,76,246,0,0,898,62204,2337,8478,0,0,0,0,0
683,3552,684.3134261211162,99895,399,166,83,20,18412,8947,0.2738775714500225,262,128,25657,24165,3784,1715,19814,23805,45647,35066,0,0,13577,2366,7281,625,1750,77,257,0,0,947,62210,2320,8485,0,0,0,0,0
684,3552,685.0489238862613,99895,403,165,83,20,18462,8969,0.2745983282446569,272,129,25651,24179,3807,1731,19783,23775,45682,35108,0,0,13508,2357,7282,627,1766,78,266,0,0,985,62230,2310,8486,0,0,0,0,0
685,3552,686.1523366623709,99895,414,178,83,20,18543,9008,0.2757995895690475,286,128,25628,24203,3860,1747,19728,23723,45716,35149,0,0,13437,2350,7282,627,1777,81,279,0,0,1049,62224,2298,8491,0,0,0,0,0
686,3552,687.256218268236,99894,429,198,84,20,18631,9059,0.2771938254549823,304,142,25614,24235,3909,1762,19659,23642,45750,35190,0,0,13366,2341,7283,631,1791,82,292,0,0,1118,62212,2284,8494,0,0,0,0,0
687,3552,688.3600979022193,99894,437,204,84,20,18710,9097,0.27836506697098923,351,144,25602,24259,3950,1783,19575,23589,45784,35231,0,0,13290,2331,7285,634,1811,84,309,0,0,1174,62214,2274,8488,0,0,0,0,0
688,3552,689.0959675658197,99894,462,210,84,20,18782,9122,0.27933609626203776,334,162,25592,24271,3974,1795,19553,23541,45817,35271,0,0,13223,2322,7292,635,1825,84,322,0,0,1210,62230,2263,8488,0,0,0,0,0
689,3552,690.1997483724057,99893,480,224,85,20,18878,9160,0.28068032795090747,341,165,25589,24321,4019,1806,19485,23463,45850,35311,0,0,13151,2312,7294,642,1836,86,338,0,0,1271,62223,2248,8492,0,0,0,0,0
690,3552,691.3033941248171,99893,474,232,85,20,18954,9201,0.2818515811918753,386,195,25578,24341,4075,1828,19401,23383,45883,35350,0,0,13079,2298,7297,648,1855,88,363,0,0,1331,62209,2231,8494,0,0,0,0,0
691,3552,692.0388839317993,99893,494,266,85,20,19031,9245,0.2830628772786882,381,186,25554,24356,4123,1830,19362,23341,45916,35389,0,0,13009,2293,7297,646,1871,89,376,0,0,1368,62228,2223,8493,0,0,0,0,0
692,3552,693.1430694074324,99893,515,277,85,20,19127,9301,0.28458450542080027,407,192,25536,24393,4163,1867,19293,23250,45948,35427,0,0,12940,2281,7295,651,1890,92,394,0,0,1440,62207,2211,8492,0,0,0,0,0
693,3552,694.2473479451252,99892,551,296,86,20,19242,9366,0.28638930044448,424,190,25516,24431,4209,1903,19213,23159,45980,35465,0,0,12871,2269,7298,654,1908,94,412,0,0,1518,62179,2199,8490,0,0,0,0,0
694,3552,695.3513993424086,99892,588,311,86,20,19364,9421,0.2881612141112401,442,218,25517,24446,4252,1928,19114,23076,46012,35503,0,0,12798,2254,7301,662,1929,96,432,0,0,1586,62162,2187,8485,0,0,0,0,0
695,3552,696.0869781362994,99892,615,320,86,20,19444,9459,0.28934248988908023,451,223,25479,24457,4285,1947,19083,23032,46043,35540,0,0,12733,2243,7302,667,1936,98,446,0,0,1639,62160,2177,8491,0,0,0,0,0
696,3552,697.191253934722,99892,644,318,86,20,19571,9522,0.2912445441076362,464,229,25459,24487,4352,2004,18994,22941,46074,35577,0,0,12665,2231,7298,679,1968,98,466,0,0,1737,62110,2156,8484,0,0,0,0,0
697,3552,698.2955720532237,99890,645,337,88,20,19678,9594,0.29304234658123934,511,249,25432,24514,4418,2044,18905,22835,46105,35613,0,0,12592,2218,7294,687,1995,100,488,0,0,1830,62064,2145,8477,0,0,0,0,0
698,3552,699.0318574597813,99890,687,348,88,20,19781,9642,0.29455400941035137,508,242,25399,24517,4463,2071,18854,22801,46136,35649,0,0,12525,2209,7294,689,2015,100,503,0,0,1888,62058,2134,8475,0,0,0,0,0
699,3552,700.1375047751222,99890,706,343,88,20,19920,9702,0.296546200820903,521,249,25376,24540,4549,2124,18759,22723,46166,35685,0,0,12442,2197,7291,701,2038,102,535,0,0,1998,61997,2117,8472,0,0,0,0,0
700,3552,701.2436523957213,99888,750,356,90,20,20079,9779,0.29891478455870574,567,241,25326,24575,4622,2179,18644,22628,46196,35720,0,0,12356,2186,7284,713,2069,102,567,0,0,2096,61948,2103,8464,0,0,0,0,0
701,3552,702.3507936745883,99887,800,387,91,20,20229,9857,0.30120035640273507,604,245,25285,24604,4689,2212,18530,22531,46226,35755,0,0,12284,2172,7284,719,2091,105,588,0,0,2186,61908,2096,8454,0,0,0,0,0
702,3552,703.0891748999222,99887,830,397,91,20,20344,9903,0.30281217776086977,642,271,25230,24600,4744,2235,18462,22476,46255,35790,0,0,12217,2162,7281,726,2108,108,606,0,0,2259,61884,2084,8452,0,0,0,0,0
703,3552,704.1980549914973,99887,867,398,91,20,20509,9968,0.3051147797010622,661,296,25188,24595,4826,2286,18366,22404,46284,35824,0,0,12143,2147,7284,738,2128,112,631,0,0,2385,61806,2073,8440,0,0,0,0,0
704,3552,705.3079294451393,99887,916,424,91,20,20691,10050,0.30775776627589174,686,303,25142,24614,4912,2321,18252,22317,46313,35858,0,0,12070,2133,7274,751,2163,113,654,0,0,2494,61742,2059,8434,0,0,0,0,0
705,3552,706.0482462793113,99887,959,426,91,20,20825,10108,0.30967993833031326,682,308,25079,24612,4981,2369,18207,22264,46342,35891,0,0,11999,2119,7281,759,2180,114,681,0,0,2584,61693,2047,8430,0,0,0,0,0
706,3552,707.1612506905504,99887,1000,448,91,20,21012,10192,0.31239300409462695,706,336,25021,24615,5078,2409,18103,22171,46370,35924,0,0,11921,2103,7274,774,2221,115,710,0,0,2698,61623,2034,8414,0,0,0,0,0
707,3552,708.2756462780418,99886,1054,471,92,20,21221,10283,0.3153995554932623,726,354,24963,24622,5180,2463,17984,22069,46398,35957,0,0,11838,2087,7264,786,2270,115,745,0,0,2819,61544,2024,8394,0,0,0,0,0
708,3552,709.0192791367247,99886,1107,503,92,20,21370,10353,0.3175920549426346,731,354,24921,24628,5239,2491,17909,22003,46426,35989,0,0,11757,2079,7260,789,2286,121,776,0,0,2890,61521,2020,8387,0,0,0,0,0
709,3552,710.136061017766,99886,1141,518,92,20,21583,10465,0.3208457641711551,762,372,24831,24655,5376,2570,17797,21864,46454,36021,0,0,11660,2060,7250,804,2334,121,825,0,0,3049,61406,2011,8366,0,0,0,0,0
710,3552,711.2552648824992,99886,1178,534,92,20,21791,10559,0.3238692109004265,784,402,24754,24669,5504,2630,17687,21744,46481,36053,0,0,11578,2043,7249,815,2369,127,862,0,0,3193,61299,2001,8350,0,0,0,0,0
711,3552,712.0029551933036,99886,1182,558,92,20,21922,10634,0.3259315619806579,797,407,24705,24671,5601,2661,17622,21682,46508,36084,0,0,11517,2032,7239,820,2404,131,880,0,0,3302,61231,1991,8339,0,0,0,0,0
712,3552,713.126821462468,99886,1226,565,92,20,22150,10741,0.3292853853392868,800,417,24630,24680,5743,2744,17508,21573,46535,36115,0,0,11438,2018,7225,830,2451,136,916,0,0,3477,61094,1979,8322,0,0,0,0,0
713,3552,714.253166648673,99886,1242,609,92,20,22361,10864,0.3326291972849048,867,416,24534,24678,5886,2806,17378,21470,46562,36146,0,0,11358,2004,7202,845,2512,139,949,0,0,3625,60984,1965,8303,0,0,0,0,0
714,3552,715.0056798234017,99886,1270,631,92,20,22537,10957,0.3353222673848187,858,410,24472,24680,6001,2864,17306,21394,46588,36176,0,0,11291,1985,7196,861,2555,143,971,0,0,3747,60902,1954,8281,0,0,0,0,0
715,3552,716.1376883367755,99885,1298,642,93,20,22789,11073,0.3390098613405416,869,419,24369,24709,6184,2947,17186,21262,46614,36206,0,0,11205,1969,7179,876,2616,150,1013,0,0,3930,60752,1939,8256,0,0,0,0,0
716,3552,717.2735113302468,99883,1336,662,95,20,23038,11206,0.3428411241152148,920,406,24292,24709,6330,3042,17026,21160,46640,36236,0,0,11115,1946,7166,903,2666,153,1057,0,0,4114,60602,1923,8238,0,0,0,0,0
717,3552,718.0320391310886,99883,1382,678,95,20,23234,11285,0.3455943453840994,890,451,24236,24691,6443,3089,16953,21070,46666,36265,0,0,11046,1930,7158,918,2702,157,1080,0,0,4237,60519,1913,8223,0,0,0,0,0
718,3552,719.1724761457119,99883,1403,702,95,20,23477,11425,0.3494288317331278,946,456,24118,24684,6606,3188,16831,20949,46691,36294,0,0,10953,1919,7136,929,2770,160,1130,0,0,4427,60362,1899,8198,0,0,0,0,0
719,3552,720.3169360346258,99882,1422,725,95,21,23728,11564,0.3533369375863519,1015,478,24014,24667,6773,3282,16680,20826,46716,36323,0,0,10854,1899,7112,949,2832,163,1187,0,0,4623,60201,1886,8176,0,0,0,0,0
720,3552,721.0819170361297,99882,1443,725,95,21,23918,11650,0.35610019823391603,1037,500,23940,24646,6893,3353,16591,20754,46741,36352,0,0,10789,1887,7100,964,2873,167,1210,0,0,4782,60077,1869,8164,0,0,0,0,0
721,3552,722.2328705590612,99882,1455,751,95,21,24193,11797,0.3603251837167858,1120,522,23821,24628,7079,3447,16429,20630,46766,36380,0,0,10689,1875,7078,979,2937,174,1266,0,0,5000,59892,1852,8140,0,0,0,0,0
722,3552,723.0026034463409,99881,1552,769,96,21,24428,11906,0.3637728897387892,1091,533,23734,24595,7168,3524,16358,20557,46791,36408,0,0,10628,1864,7071,991,2972,177,1283,0,0,5147,59781,1837,8130,0,0,0,0,0
723,3552,724.1608860036009,99879,1633,797,97,22,24761,12079,0.3688463040278737,1110,576,23596,24550,7351,3638,16212,20416,46815,36436,0,0,10552,1847,7048,1009,3048,185,1321,0,0,5375,59576,1817,8101,0,0,0,0,0
724,3552,725.324096270513,99876,1644,847,99,23,25094,12262,0.37402378949897874,1150,581,23435,24502,7608,3754,16063,20292,46839,36463,0,0,10444,1829,7028,1038,3115,195,1385,0,0,5632,59350,1795,8065,0,0,0,0,0
725,3552,726.1033473794388,99875,1687,862,99,24,25322,12367,0.37736170212765957,1195,600,23336,24500,7728,3828,15954,20185,46863,36490,0,0,10362,1820,7009,1048,3176,198,1423,0,0,5776,59237,1784,8042,0,0,0,0,0
726,3552,727.2767779434942,99875,1740,907,99,24,25641,12545,0.38233792240300374,1235,635,23205,24465,7908,3929,15812,20039,46887,36517,0,0,10261,1806,6992,1058,3234,211,1483,0,0,6005,59036,1775,8014,0,0,0,0,0
727,3552,728.0615536100421,99873,1757,913,101,24,25868,12664,0.3858099786729146,1317,686,23070,24412,8059,4023,15695,19941,46911,36544,0,0,10183,1797,6975,1075,3292,214,1512,0,0,6199,58875,1762,7989,0,0,0,0,0
728,3552,729.2443690075429,99871,1885,968,102,25,26298,12866,0.39214586816993924,1275,677,22971,24404,8262,4132,15504,19793,46934,36570,0,0,10082,1777,6943,1093,3386,224,1575,0,0,6424,58666,1747,7954,0,0,0,0,0
729,3552,730.0351326246183,99867,1907,1009,106,25,26548,13009,0.396096808755645,1304,678,22859,24371,8431,4204,15392,19712,46957,36596,0,0,9986,1767,6920,1106,3463,228,1626,0,0,6577,58534,1734,7926,0,0,0,0,0
730,3552,731.2263439002131,99865,2020,1033,107,26,26952,13212,0.4021829469784209,1327,702,22692,24338,8631,4340,15222,19560,46980,36622,0,0,9909,1754,6887,1116,3566,243,1666,0,0,6828,58290,1719,7887,0,0,0,0,0
731,3552,732.0241587518334,99865,2066,1038,107,26,27221,13338,0.4061382866870275,1365,731,22559,24307,8775,4442,15127,19455,47003,36647,0,0,9831,1742,6864,1128,3634,256,1702,0,0,7008,58132,1711,7857,0,0,0,0,0
732,3552,733.2273196591484,99862,2130,1081,110,26,27637,13538,0.41231900022030404,1436,772,22375,24249,8991,4566,14957,19305,47026,36672,0,0,9703,1728,6839,1150,3709,266,1788,0,0,7291,57872,1695,7821,0,0,0,0,0
733,3552,734.0336789347218,99862,2186,1103,110,26,27909,13677,0.4164346798582043,1491,796,22238,24214,9124,4652,14850,19208,47048,36697,0,0,9624,1717,6822,1165,3776,272,1830,0,0,7468,57714,1679,7795,0,0,0,0,0
734,3552,735.2493486854842,99861,2253,1150,110,27,28345,13929,0.42332842651285285,1547,806,22060,24158,9377,4812,14652,19046,47070,36722,0,0,9522,1698,6784,1188,3907,283,1889,0,0,7758,57426,1663,7743,0,0,0,0,0
735,3552,736.0639638752863,99860,2334,1176,110,28,28661,14095,0.42815942319246947,1548,817,21936,24106,9538,4927,14533,18945,47092,36746,0,0,9428,1690,6769,1201,3967,292,1940,0,0,7971,57240,1651,7711,0,0,0,0,0
736,3552,737.292658226457,99858,2363,1224,112,28,29105,14349,0.4351579242524385,1591,851,21758,24033,9836,5088,14339,18775,47114,36770,0,0,9309,1674,6738,1225,4085,312,2016,0,0,8288,56928,1631,7652,0,0,0,0,0
737,3552,738.1165311650738,99856,2443,1266,114,28,29467,14521,0.4405143406505368,1610,870,21604,23949,10015,5191,14213,18695,47136,36794,0,0,9233,1658,6718,1254,4156,322,2049,0,0,8509,56717,1610,7630,0,0,0,0,0
738,3552,739.3607751652916,99854,2495,1325,115,29,29966,14793,0.44824443687784166,1645,897,21401,23880,10327,5352,14016,18516,47157,36818,0,0,9129,1628,6664,1288,4308,333,2111,0,0,8846,56378,1593,7576,0,0,0,0,0
739,3552,740.1954770904287,99853,2564,1341,115,30,30304,14973,0.45343655173104463,1695,915,21247,23824,10508,5482,13870,18407,47178,36841,0,0,9049,1622,6638,1293,4401,344,2154,0,0,9081,56153,1579,7539,0,0,0,0,0
740,3552,741.0348376134485,99852,2581,1363,116,30,30658,15165,0.45890918559468014,1744,920,21082,23762,10747,5622,13729,18302,47199,36864,0,0,8953,1608,6611,1313,4503,357,2213,0,0,9344,55896,1560,7494,0,0,0,0,0
741,3552,742.303844781344,99849,2693,1384,118,31,31215,15448,0.46733567687207683,1771,928,20852,23702,11047,5827,13518,18127,47220,36887,0,0,8838,1589,6553,1348,4650,379,2280,0,0,9697,55540,1541,7434,0,0,0,0,0
742,3552,743.1562452080926,99846,2727,1389,121,31,31583,15639,0.4729483404442842,1796,929,20690,23643,11269,5995,13396,18012,47241,36910,0,0,8733,1578,6522,1363,4732,400,2343,0,0,9968,55275,1525,7407,0,0,0,0,0
743,3552,744.0146687230917,99843,2802,1402,123,32,31996,15826,0.47897198601804836,1783,956,20550,23574,11490,6132,13251,17903,47261,36933,0,0,8636,1568,6492,1383,4832,410,2394,0,0,10244,55007,1511,7366,0,0,0,0,0
744,3552,745.3117920975557,99841,2855,1463,125,32,32577,16137,0.48791578609989883,1833,1010,20314,23475,11856,6323,13016,17696,47281,36955,0,0,8518,1541,6445,1423,4997,436,2469,0,0,10616,54614,1488,7294,0,0,0,0,0
745,3552,746.1834208320088,99839,2930,1534,126,33,32984,16369,0.49432586464207373,1832,1013,20147,23389,12075,6447,12889,17583,47301,36977,0,0,8422,1530,6416,1447,5085,450,2519,0,0,10874,54360,1476,7260,0,0,0,0,0
746,3552,747.0608468372441,99836,2964,1589,127,35,33392,16612,0.5008614127168557,1849,997,20004,23338,12313,6588,12742,17452,47321,36999,0,0,8331,1516,6390,1463,5197,463,2573,0,0,11171,54053,1460,7219,0,0,0,0,0
747,3552,748.3873802713385,99832,3012,1619,131,35,34024,16944,0.5105377033416139,1847,1026,19810,23218,12692,6834,12507,17267,47341,37021,0,0,8204,1493,6332,1492,5385,486,2655,0,0,11623,53575,1442,7145,0,0,0,0,0
748,3552,749.2783117249741,99828,3055,1684,133,37,34463,17216,0.5176804103057259,1839,1032,19637,23133,12955,6981,12380,17132,47361,37042,0,0,8105,1475,6296,1509,5508,510,2716,0,0,11912,53274,1424,7099,0,0,0,0,0
749,3552,750.1761140331494,99827,3100,1696,133,38,34885,17451,0.5242669818786501,1890,1036,19458,23078,13193,7151,12225,17000,47380,37063,0,0,8011,1454,6261,1539,5639,522,2769,0,0,12209,52960,1410,7053,0,0,0,0,0
750,3552,751.0810178743069,99825,3164,1722,135,38,35328,17703,0.5312396694214876,1920,1034,19270,22991,13402,7335,12108,16879,47399,37084,0,0,7911,1435,6230,1568,5753,539,2826,0,0,12514,52639,1396,7014,0,0,0,0,0
751,3552,752.4519912016681,99823,3215,1730,136,39,36002,18085,0.5418290373961913,1939,1081,19040,22877,13781,7613,11888,16659,47418,37105,0,0,7773,1412,6164,1615,5936,574,2915,0,0,13015,52095,1369,6955,0,0,0,0,0
752,3552,753.3743895178072,99817,3278,1763,141,40,36467,18349,0.5491649718985744,1997,1088,18839,22786,14020,7787,11724,16535,47437,37126,0,0,7676,1397,6122,1644,6064,596,2971,0,0,13323,51767,1351,6906,0,0,0,0,0
753,3552,754.3043536299801,99814,3305,1761,142,42,36927,18589,0.5561945218105676,2037,1103,18643,22718,14299,7966,11573,16409,47456,37146,0,0,7595,1371,6080,1688,6212,616,3010,0,0,13631,51418,1324,6869,0,0,0,0,0
754,3552,755.2434721348941,99812,3347,1796,144,42,37406,18837,0.563489359996794,2059,1111,18460,22650,14557,8116,11432,16284,47475,37166,0,0,7494,1354,6043,1714,6328,640,3072,0,0,13969,51072,1304,6822,0,0,0,0,0
755,3552,756.1908421485886,99810,3464,1842,146,42,37926,19117,0.5715158801723275,2097,1080,18254,22568,14797,8300,11241,16167,47494,37186,0,0,7396,1341,6009,1744,6450,665,3129,0,0,14274,50741,1285,6776,0,0,0,0,0
756,3552,757.1463206601339,99809,3551,1868,146,43,38464,19398,0.5797272791030869,2050,1093,18089,22479,15065,8478,11098,16038,47512,37206,0,0,7301,1319,5975,1778,6601,691,3178,0,0,14586,50381,1270,6729,0,0,0,0,0
757,3552,758.1104096806752,99807,3553,1897,148,43,38972,19675,0.5876040758664222,2113,1139,17882,22395,15377,8660,10926,15865,47530,37226,0,0,7197,1291,5953,1827,6741,715,3233,0,0,14940,49987,1245,6678,0,0,0,0,0
758,3552,759.0835766289402,99805,3596,1893,150,43,39495,19941,0.5955212664696158,2157,1157,17685,22323,15658,8843,10753,15740,47548,37245,0,0,7102,1277,5910,1854,6890,749,3280,0,0,15310,49587,1233,6613,0,0,0,0,0
759,3552,760.0668349419385,99805,3633,1928,150,43,40020,20241,0.603787385401533,2155,1198,17488,22220,15957,9020,10616,15590,47566,37264,0,0,6985,1262,5864,1889,7061,771,3348,0,0,15636,49216,1211,6562,0,0,0,0,0
760,3552,761.0602785644021,99804,3664,1977,150,44,40565,20545,0.6123001082120957,2227,1212,17263,22138,16249,9194,10446,15434,47584,37283,0,0,6858,1251,5819,1919,7224,811,3427,0,0,15955,48861,1190,6489,0,0,0,0,0
761,3552,762.0641324244068,99804,3711,2020,150,44,41120,20853,0.6209470562302112,2274,1235,17055,22054,16529,9363,10280,15283,47602,37302,0,0,6740,1230,5788,1947,7399,834,3507,0,0,16277,48474,1168,6440,0,0,0,0,0
762,3552,763.0788059147916,99801,3771,2028,153,44,41693,21164,0.6298233484634422,2228,1220,16892,21950,16829,9601,10126,15156,47619,37321,0,0,6614,1222,5737,1981,7570,870,3573,0,0,16629,48079,1151,6375,0,0,0,0,0
763,3552,764.1036898287012,99797,3744,2021,156,45,42229,21487,0.6384560658136016,2268,1210,16703,21845,17173,9843,9955,15035,47636,37340,0,0,6486,1200,5686,2016,7794,901,3654,0,0,16980,47653,1131,6296,0,0,0,0,0
764,3552,765.1187558588273,99795,3740,2034,157,46,42797,21777,0.6470664862969087,2284,1226,16489,21757,17502,10027,9827,14909,47653,37358,0,0,6364,1182,5649,2056,7970,942,3728,0,0,17320,47239,1110,6235,0,0,0,0,0
765,3552,766.1145378849644,99792,3751,2013,158,48,43365,22051,0.6555234888568222,2252,1264,16364,21666,17797,10220,9677,14788,47670,37376,0,0,6272,1165,5612,2082,8149,991,3780,0,0,17668,46804,1089,6180,0,0,0,0,0
766,3552,767.0932283276463,99791,3767,2052,159,48,43894,22348,0.6638073573769178,2226,1279,16206,21563,18087,10395,9554,14662,47687,37394,0,0,6184,1147,5561,2112,8320,1034,3818,0,0,17983,46425,1076,6131,0,0,0,0,0
767,3552,768.0562817211462,99789,3784,2030,161,48,44421,22624,0.6718676407219233,2201,1293,16036,21468,18379,10606,9438,14554,47704,37412,0,0,6090,1126,5516,2140,8504,1076,3865,0,0,18301,46026,1065,6080,0,0,0,0,0
768,3552,769.0034330861026,99787,3792,2029,163,48,44945,22906,0.6799583112028621,2208,1292,15907,21403,18653,10804,9276,14423,47721,37430,0,0,5995,1112,5474,2177,8668,1130,3904,0,0,18600,45648,1050,6029,0,0,0,0,0
769,3552,770.3986925451724,99785,3750,2067,165,48,45655,23350,0.6915368041288771,2220,1249,15723,21310,19056,11082,9085,14243,47738,37447,0,0,5854,1095,5412,2225,8920,1185,3982,0,0,19052,45073,1021,5966,0,0,0,0,0
770,3552,771.3129017990269,99782,3786,2057,168,48,46182,23618,0.6995249644224409,2136,1262,15600,21216,19325,11283,8984,14133,47754,37464,0,0,5758,1079,5376,2249,9094,1221,4037,0,0,19358,44691,1003,5916,0,0,0,0,0
771,3552,772.2141917081301,99779,3753,2057,170,49,46654,23889,0.7069924533218412,2145,1248,15453,21153,19598,11468,8880,14024,47770,37481,0,0,5668,1064,5342,2274,9287,1257,4074,0,0,19653,44319,991,5850,0,0,0,0,0
772,3552,773.1036818076369,99778,3700,2081,170,50,47091,24175,0.7142456252881396,2197,1241,15304,21095,19873,11643,8755,13889,47786,37498,0,0,5558,1046,5303,2301,9449,1303,4141,0,0,19924,43979,977,5797,0,0,0,0,0
773,3552,774.4144442990614,99776,3726,2120,172,50,47808,24573,0.7254349743425272,2146,1268,15132,20973,20237,11867,8586,13721,47802,37515,0,0,5447,1024,5243,2333,9666,1380,4192,0,0,20323,43477,961,5730,0,0,0,0,0
774,3552,775.2748659027875,99772,3733,2111,174,52,48267,24826,0.732600328749549,2110,1272,15015,20900,20481,12047,8486,13617,47818,37532,0,0,5369,1008,5210,2367,9820,1421,4211,0,0,20591,43139,950,5686,0,0,0,0,0
775,3552,776.1252613497572,99770,3748,2124,176,52,48710,25082,0.7396211285957702,2082,1261,14920,20843,20674,12215,8399,13504,47834,37548,0,0,5281,994,5167,2391,9987,1453,4248,0,0,20835,42831,943,5640,0,0,0,0,0
776,3552,777.3848210607083,99765,3696,2157,178,55,49330,25489,0.7499523881120633,2126,1218,14740,20768,21024,12445,8235,13356,47850,37564,0,0,5169,976,5124,2416,10231,1511,4305,0,0,21213,42325,928,5567,0,0,0,0,0
777,3552,778.2132336669175,99764,3717,2213,179,55,49801,25766,0.7574575999358486,2060,1205,14647,20704,21245,12575,8151,13247,47865,37580,0,0,5079,967,5080,2442,10413,1545,4344,0,0,21416,42045,911,5522,0,0,0,0,0
778,3552,779.0333357703993,99762,3706,2212,181,55,50233,26016,0.7643090555522143,2065,1229,14535,20617,21463,12745,8049,13141,47880,37596,0,0,5017,949,5053,2478,10570,1581,4357,0,0,21674,41698,898,5487,0,0,0,0,0
779,3552,780.2484041734122,99760,3682,2233,182,56,50871,26401,0.77457898957498,2027,1179,14424,20540,21758,12990,7926,13001,47895,37612,0,0,4923,922,5005,2520,10817,1652,4394,0,0,22006,41232,878,5411,0,0,0,0,0
780,3552,781.0492275824314,99758,3694,2232,183,57,51308,26649,0.7814611359489966,1989,1165,14327,20480,21972,13148,7834,12917,47910,37628,0,0,4846,907,4968,2548,10969,1700,4420,0,0,22231,40933,867,5369,0,0,0,0,0
781,3552,782.2370636050377,99756,3616,2211,184,58,51881,27010,0.7908396487429328,2043,1149,14199,20378,22256,13427,7701,12776,47925,37644,0,0,4758,891,4911,2596,11194,1785,4441,0,0,22570,40460,850,5300,0,0,0,0,0
782,3552,783.0210464009674,99754,3650,2188,185,59,52285,27246,0.7972712873669227,2065,1104,14078,20335,22402,13610,7619,12703,47940,37659,0,0,4703,882,4883,2631,11356,1830,4442,0,0,22751,40191,834,5251,0,0,0,0,0
783,3552,784.1862034174947,99749,3602,2168,190,59,52859,27581,0.8064241245526271,2060,1130,13956,20234,22710,13830,7481,12578,47955,37674,0,0,4604,871,4827,2674,11605,1894,4478,0,0,23022,39769,812,5193,0,0,0,0,0
784,3552,785.336599379542,99747,3609,2189,192,59,53451,27947,0.8160445928198342,2025,1102,13851,20143,22965,14055,7357,12451,47970,37689,0,0,4507,855,4784,2694,11828,1955,4528,0,0,23337,39336,801,5122,0,0,0,0,0
785,3552,786.0969259191379,99745,3647,2164,194,59,53850,28151,0.8221063712466791,1970,1115,13793,20099,23117,14201,7278,12361,47985,37704,0,0,4443,843,4766,2716,11971,1999,4550,0,0,23506,39081,789,5081,0,0,0,0,0
786,3552,787.2273410476181,99742,3650,2117,197,59,54404,28446,0.8306430590924585,1990,1179,13677,20003,23333,14415,7152,12226,47999,37719,0,0,4355,829,4712,2736,12176,2073,4590,0,0,23780,38684,775,5032,0,0,0,0,0
787,3552,788.3466616023392,99739,3582,2127,200,59,54955,28772,0.8394609931922318,1938,1156,13573,19942,23651,14606,7055,12109,48013,37734,0,0,4257,820,4662,2755,12391,2157,4644,0,0,24040,38276,757,4980,0,0,0,0,0
788,3552,789.0855121686777,99739,3550,2092,200,59,55293,28963,0.8447648362225408,1945,1149,13505,19903,23814,14759,6985,12037,48027,37749,0,0,4197,804,4632,2783,12548,2201,4661,0,0,24196,38032,747,4938,0,0,0,0,0
789,3552,790.1848432621283,99738,3512,2077,200,60,55804,29284,0.8531151617237162,1953,1119,13392,19844,24067,14980,6875,11919,48041,37763,0,0,4123,799,4597,2810,12754,2278,4670,0,0,24443,37642,732,4890,0,0,0,0,0
790,3552,791.2732520910389,99735,3439,2065,203,60,56308,29587,0.8612322655035844,1917,1097,13297,19802,24360,15170,6783,11805,48055,37777,0,0,4042,787,4555,2829,12971,2355,4692,0,0,24676,37259,723,4846,0,0,0,0,0
791,3552,792.3505380298101,99734,3389,2033,204,60,56788,29860,0.8687909840174866,1883,1122,13238,19735,24598,15369,6687,11680,48069,37791,0,0,3970,772,4514,2862,13171,2424,4700,0,0,24892,36915,707,4807,0,0,0,0,0
792,3552,793.0633973822479,99733,3368,2033,205,60,57101,30034,0.8736827328968345,1914,1146,13164,19691,24729,15458,6619,11611,48083,37805,0,0,3923,762,4491,2882,13285,2471,4701,0,0,25045,36699,701,4773,0,0,0,0,0
793,3552,794.1254983987868,99732,3365,2014,206,60,57626,30310,0.8817230176874022,1847,1145,13062,19626,24981,15636,6538,11518,48097,37819,0,0,3849,747,4455,2910,13477,2547,4715,0,0,25255,36359,692,4726,0,0,0,0,0
794,3552,795.1779118389899,99731,3354,2020,207,60,58097,30613,0.889492735458383,1800,1123,13002,19579,25186,15809,6450,11408,48111,37833,0,0,3786,734,4415,2934,13644,2627,4732,0,0,25476,36021,679,4683,0,0,0,0,0
795,3552,796.2224365663643,99730,3300,1991,207,61,58549,30904,0.8969517697784016,1756,1118,12936,19539,25440,15978,6360,11312,48124,37847,0,0,3716,725,4380,2966,13820,2706,4738,0,0,25702,35674,664,4639,0,0,0,0,0
796,3552,797.2579727005062,99730,3252,2034,207,61,58996,31212,0.9045222099669107,1741,1095,12864,19481,25654,16117,6281,11211,48137,37861,0,0,3646,711,4334,2989,14011,2776,4763,0,0,25888,35370,650,4592,0,0,0,0,0
797,3552,798.285871985759,99728,3250,1988,208,62,59427,31492,0.911669741697417,1727,1080,12808,19430,25804,16329,6202,11110,48150,37874,0,0,3592,696,4292,3012,14207,2850,4770,0,0,26057,35062,643,4547,0,0,0,0,0
798,3552,799.3082408865671,99725,3208,1944,211,62,59849,31742,0.9184356981699674,1734,1053,12771,19429,25950,16489,6125,11022,48163,37887,0,0,3529,685,4256,3041,14391,2924,4780,0,0,26211,34762,632,4514,0,0,0,0,0
799,3552,800.3254981458766,99724,3157,1946,212,62,60272,31998,0.9252537002125868,1694,1030,12729,19414,26157,16609,6050,10938,48176,37900,0,0,3472,681,4224,3043,14551,3008,4796,0,0,26404,34451,626,4468,0,0,0,0,0
800,3552,801.0000714078666,99721,3135,1928,215,62,60569,32182,0.9301049929302755,1650,1016,12717,19373,26274,16737,6008,10883,48189,37913,0,0,3424,675,4194,3058,14671,3063,4802,0,0,26522,34245,617,4450,0,0,0,0,0
801,3552,802.0069389491791,99715,3136,1921,219,64,60982,32470,0.9371909943338514,1631,990,12684,19328,26401,16893,5928,10803,48202,37926,0,0,3384,663,4165,3081,14849,3126,4795,0,0,26693,33938,606,4415,0,0,0,0,0
802,3552,803.0093685418159,99715,3110,1875,219,64,61381,32712,0.9436193150478864,1639,1003,12625,19273,26549,17071,5857,10713,48215,37939,0,0,3323,653,4140,3103,14999,3203,4809,0,0,26878,33633,598,4376,0,0,0,0,0
803,3552,804.0066434581252,99714,3133,1878,220,64,61804,32966,0.9504181960406763,1575,986,12567,19208,26699,17208,5805,10655,48228,37952,0,0,3280,647,4118,3109,15149,3282,4809,0,0,27023,33370,592,4335,0,0,0,0,0
804,3552,805.3287936810972,99712,3098,1802,222,64,62329,33253,0.9585807124518614,1583,989,12525,19173,26881,17417,5690,10554,48241,37965,0,0,3203,632,4072,3162,15381,3377,4815,0,0,27178,33031,579,4282,0,0,0,0,0
805,3552,806.3149383037094,99712,3050,1788,222,64,62732,33493,0.965029284338896,1538,982,12493,19139,27064,17555,5632,10471,48253,37977,0,0,3152,624,4039,3186,15526,3466,4810,0,0,27331,32758,571,4249,0,0,0,0,0
806,3552,807.2956618299285,99712,2971,1786,222,64,63082,33726,0.9708761232349166,1538,976,12483,19124,27214,17656,5571,10393,48265,37989,0,0,3107,618,4018,3201,15699,3535,4817,0,0,27464,32495,556,4202,0,0,0,0,0
807,3552,808.2721728595848,99710,2913,1773,223,65,63449,33957,0.9768929896700431,1541,972,12476,19098,27341,17778,5505,10313,48277,38001,0,0,3051,609,3989,3220,15867,3598,4827,0,0,27604,32220,551,4174,0,0,0,0,0
808,3552,809.2449151922377,99709,2850,1745,224,65,63814,34175,0.9827498019235976,1524,956,12465,19078,27493,17918,5443,10237,48289,38013,0,0,2997,601,3960,3240,16030,3669,4832,0,0,27737,31960,539,4144,0,0,0,0,0
809,3552,810.2136017953891,99709,2826,1707,224,65,64196,34392,0.988757283695554,1450,936,12465,19057,27650,18064,5384,10170,48301,38025,0,0,2948,592,3921,3246,16200,3752,4843,0,0,27844,31719,530,4114,0,0,0,0,0
810,3552,811.1780211056137,99708,2779,1738,224,66,64530,34643,0.9946343322501705,1415,884,12456,19038,27797,18156,5328,10117,48313,38037,0,0,2908,582,3901,3252,16334,3830,4848,0,0,27955,31482,527,4089,0,0,0,0,0
811,3552,812.1385256670789,99707,2726,1690,225,66,64847,34863,1.0000300881583037,1418,863,12446,19026,27920,18312,5264,10042,48325,38049,0,0,2871,580,3877,3259,16506,3901,4837,0,0,28071,31233,521,4051,0,0,0,0,0
812,3552,813.0958582670305,99705,2705,1646,226,67,65159,35060,1.0051552078631965,1412,845,12441,19014,27991,18439,5224,9988,48337,38061,0,0,2839,569,3855,3271,16634,3970,4828,0,0,28203,31000,514,4022,0,0,0,0,0
813,3552,814.0512636293695,99705,2707,1628,226,67,65517,35272,1.010872072614212,1351,828,12436,19006,28099,18549,5180,9921,48349,38073,0,0,2811,564,3817,3278,16805,4031,4815,0,0,28321,30773,508,3982,0,0,0,0,0
814,3552,815.0041065234944,99702,2676,1569,229,67,65836,35466,1.016047822511083,1318,803,12417,19012,28217,18692,5142,9856,48361,38085,0,0,2770,550,3792,3290,16953,4099,4826,0,0,28427,30543,499,3953,0,0,0,0,0
815,3552,816.2706295972465,99700,2638,1527,230,68,66255,35715,1.0227683049147442,1301,798,12416,19037,28348,18816,5066,9753,48373,38096,0,0,2727,545,3766,3294,17139,4194,4825,0,0,28540,30260,491,3919,0,0,0,0,0
816,3552,817.2170459954284,99700,2590,1494,230,68,66555,35898,1.0276128385155467,1297,784,12414,19037,28454,18921,5014,9695,48384,38107,0,0,2694,539,3748,3304,17288,4269,4817,0,0,28609,30059,489,3884,0,0,0,0,0
817,3552,818.1610430032164,99699,2583,1462,230,69,66861,36072,1.0324376372882376,1279,783,12425,19047,28516,19002,4966,9636,48395,38118,0,0,2662,535,3729,3316,17427,4329,4806,0,0,28682,29871,482,3860,0,0,0,0,0
818,3552,819.1034526600063,99698,2531,1443,231,69,67151,36244,1.0370819876025597,1267,756,12459,19054,28587,19100,4924,9577,48406,38129,0,0,2622,532,3710,3320,17564,4398,4805,0,0,28752,29685,478,3832,0,0,0,0,0
819,3552,820.0448987874609,99697,2507,1416,232,69,67439,36425,1.0417966438308073,1274,760,12473,19056,28636,19177,4877,9521,48417,38140,0,0,2593,527,3684,3324,17703,4465,4799,0,0,28823,29498,472,3809,0,0,0,0,0
820,3552,821.2973810449937,99697,2472,1393,232,69,67830,36663,1.0481057604541761,1241,760,12453,19056,28775,19281,4826,9440,48428,38151,0,0,2543,520,3659,3341,17889,4545,4800,0,0,28905,29263,465,3767,0,0,0,0,0
821,3552,822.2338086922047,99696,2429,1375,233,69,68082,36839,1.052409324346012,1242,746,12467,19066,28837,19372,4791,9371,48439,38162,0,0,2513,516,3635,3342,18022,4604,4800,0,0,28975,29091,456,3742,0,0,0,0,0
822,3552,823.1685345340115,99695,2390,1372,233,70,68362,37020,1.0570439841516626,1221,719,12477,19074,28925,19432,4753,9332,48450,38173,0,0,2490,515,3619,3361,18139,4666,4777,0,0,29063,28905,444,3716,0,0,0,0,0
823,3552,824.1013862706459,99694,2349,1329,233,71,68642,37170,1.0613677854233956,1221,717,12470,19102,29007,19499,4719,9281,48461,38184,0,0,2462,504,3597,3375,18263,4740,4765,0,0,29126,28730,438,3694,0,0,0,0,0
824,3552,825.0324100577938,99692,2325,1347,234,72,68941,37334,1.0660333828190827,1151,697,12493,19125,29106,19526,4690,9232,48472,38195,0,0,2427,498,3580,3392,18367,4816,4759,0,0,29162,28592,431,3668,0,0,0,0,0
825,3552,826.2701942141196,99688,2293,1312,236,74,69274,37544,1.071523152234973,1115,687,12497,19143,29215,19628,4643,9155,48483,38205,0,0,2393,494,3557,3386,18514,4906,4756,0,0,29243,28376,427,3636,0,0,0,0,0
826,3552,827.1965620457975,99687,2240,1279,237,74,69536,37691,1.0756367430056075,1124,697,12514,19157,29280,19694,4604,9098,48494,38215,0,0,2363,489,3528,3387,18642,4971,4751,0,0,29313,28202,425,3616,0,0,0,0,0
827,3552,828.1213301804265,99687,2192,1266,237,74,69779,37855,1.0797195221041862,1103,672,12529,19169,29360,19777,4578,9041,48505,38225,0,0,2333,482,3513,3396,18733,5049,4749,0,0,29360,28050,418,3604,0,0,0,0,0
828,3552,829.044605313308,99686,2130,1219,237,75,70016,37981,1.083371787412475,1120,694,12541,19199,29439,19830,4532,8982,48516,38235,0,0,2302,481,3493,3394,18876,5114,4744,0,0,29383,27908,417,3574,0,0,0,0,0
829,3552,830.2732578887698,99686,2108,1221,237,75,70359,38197,1.0889793953012459,1075,658,12584,19228,29509,19891,4486,8926,48526,38245,0,0,2275,472,3479,3413,19012,5192,4721,0,0,29462,27701,413,3546,0,0,0,0,0
830,3552,831.193432339923,99686,2085,1216,237,75,70601,38350,1.0929418373693398,1050,636,12613,19235,29556,19946,4458,8891,48536,38255,0,0,2249,465,3456,3411,19127,5262,4720,0,0,29479,27585,411,3521,0,0,0,0,0
831,3552,832.1129056893042,99685,2052,1192,237,76,70843,38489,1.0967748407483573,1042,621,12634,19250,29608,20007,4426,8853,48546,38265,0,0,2212,462,3439,3414,19209,5334,4724,0,0,29532,27442,409,3508,0,0,0,0,0
832,3552,833.0315631738981,99685,2006,1162,237,76,71079,38633,1.100586848573005,1014,599,12660,19268,29684,20080,4398,8814,48556,38275,0,0,2185,458,3423,3420,19275,5426,4721,0,0,29596,27290,405,3486,0,0,0,0,0
833,3552,834.2544661616521,99683,1968,1130,238,77,71378,38799,1.1052737176850616,976,596,12704,19314,29736,20132,4377,8750,48566,38285,0,0,2168,450,3400,3426,19393,5515,4702,0,0,29662,27107,400,3460,0,0,0,0,0
834,3552,835.1711201191588,99682,1908,1133,238,78,71593,38929,1.108745811681146,950,581,12756,19346,29795,20161,4352,8700,48576,38295,0,0,2149,448,3382,3429,19470,5591,4690,0,0,29698,26985,394,3446,0,0,0,0,0
835,3552,836.0871607356567,99681,1897,1113,238,79,71833,39061,1.1124888393976786,881,551,12798,19381,29856,20202,4329,8673,48586,38305,0,0,2128,441,3368,3427,19585,5646,4686,0,0,29723,26852,391,3434,0,0,0,0,0
836,3552,837.0020657292927,99679,1817,1092,240,79,72020,39193,1.115711433702184,875,564,12829,19402,29931,20236,4307,8626,48596,38315,0,0,2113,435,3353,3445,19686,5708,4659,0,0,29766,26715,387,3412,0,0,0,0,0
837,3552,838.2207288263013,99677,1744,1080,241,80,72245,39348,1.1195461340128616,878,562,12887,19460,29964,20256,4285,8561,48606,38324,0,0,2096,431,3334,3441,19809,5785,4649,0,0,29783,26571,383,3395,0,0,0,0,0
838,3552,839.1344681355633,99674,1708,1078,242,82,72445,39483,1.1229407869655075,866,530,12905,19480,30010,20307,4268,8522,48616,38333,0,0,2072,425,3324,3438,19866,5865,4647,0,0,29816,26462,382,3377,0,0,0,0,0
839,3552,840.0474428434651,99671,1663,1072,245,82,72622,39615,1.1260747860460916,849,502,12953,19520,30044,20336,4245,8487,48626,38342,0,0,2055,423,3316,3440,19957,5917,4632,0,0,29854,26341,378,3358,0,0,0,0,0
840,3552,841.2648312159199,99667,1623,1021,248,83,72853,39773,1.1300229765117842,836,484,13020,19574,30058,20416,4214,8421,48636,38351,0,0,2026,420,3303,3450,20085,5980,4619,0,0,29883,26186,375,3340,0,0,0,0,0
841,3552,842.1781666789528,99667,1597,1007,248,83,73040,39904,1.1332136012923033,807,466,13061,19588,30092,20465,4194,8390,48646,38360,0,0,2010,416,3290,3465,20174,6036,4600,0,0,29911,26077,369,3319,0,0,0,0,0
842,3552,843.0912748323055,99664,1578,992,249,85,73228,40018,1.136277893722909,792,448,13095,19616,30113,20506,4172,8352,48656,38369,0,0,1993,415,3275,3463,20256,6091,4587,0,0,29936,25973,367,3308,0,0,0,0,0
843,3552,844.004301820853,99663,1553,974,250,85,73393,40114,1.1389081203656322,793,451,13128,19643,30119,20520,4156,8326,48665,38378,0,0,1966,411,3259,3465,20336,6137,4586,0,0,29956,25889,364,3294,0,0,0,0,0
844,3552,845.2216095007761,99662,1492,986,251,85,73631,40263,1.1428026730348577,785,436,13172,19703,30189,20517,4110,8272,48674,38387,0,0,1940,406,3243,3480,20428,6218,4568,0,0,29956,25787,363,3273,0,0,0,0,0
845,3552,846.1335540583043,99662,1501,981,251,85,73821,40369,1.1457727117657683,744,416,13226,19741,30189,20538,4088,8238,48683,38396,0,0,1928,404,3234,3472,20516,6262,4556,0,0,29976,25699,358,3257,0,0,0,0,0
846,3552,847.0457687876975,99661,1481,966,252,85,73988,40467,1.1484432225243575,701,407,13298,19786,30198,20547,4069,8208,48692,38405,0,0,1908,401,3229,3478,20595,6306,4546,0,0,29986,25613,356,3243,0,0,0,0,0
847,3552,848.2629195620751,99661,1453,907,252,85,74209,40582,1.1518146516691585,678,429,13362,19833,30211,20597,4043,8148,48701,38414,0,0,1887,397,3215,3468,20711,6371,4545,0,0,30013,25473,354,3227,0,0,0,0,0
848,3552,849.1759819024979,99660,1414,874,253,85,74355,40690,1.15437487457355,682,405,13404,19877,30223,20638,4023,8120,48710,38423,0,0,1873,396,3207,3460,20804,6423,4542,0,0,30018,25371,352,3214,0,0,0,0,0
849,3552,850.0894655463782,99660,1380,827,253,85,74514,40769,1.1567629941802127,659,417,13481,19920,30227,20676,3999,8074,48719,38432,0,0,1851,393,3202,3472,20867,6483,4530,0,0,30033,25284,347,3198,0,0,0,0,0
850,3552,851.0036071906493,99659,1337,814,254,85,74651,40865,1.1591125738769203,654,425,13529,19946,30233,20690,3992,8039,48728,38440,0,0,1844,389,3188,3473,20932,6536,4515,0,0,30055,25193,344,3190,0,0,0,0,0
851,3552,852.2231096854782,99659,1300,791,254,85,74841,40988,1.1622532836974082,633,420,13602,19994,30230,20708,3980,8001,48737,38448,0,0,1829,386,3175,3475,21006,6601,4498,0,0,30100,25070,342,3177,0,0,0,0,0
852,3552,853.1384495468511,99658,1265,798,255,85,74991,41075,1.1646430793313132,617,409,13663,20057,30233,20678,3966,7972,48746,38456,0,0,1818,383,3168,3478,21062,6650,4483,0,0,30117,24997,338,3164,0,0,0,0,0
853,3552,854.0543885774442,99657,1220,766,255,86,75128,41157,1.1668523034006644,617,422,13727,20085,30229,20699,3951,7941,48755,38464,0,0,1806,380,3161,3478,21148,6699,4470,0,0,30107,24918,336,3154,0,0,0,0,0
854,3552,855.2765521249048,99655,1182,765,256,87,75323,41278,1.1700466609803823,597,390,13809,20144,30242,20717,3913,7896,48764,38472,0,0,1789,373,3157,3473,21222,6761,4463,0,0,30134,24809,331,3143,0,0,0,0,0
855,3552,856.1935990525526,99655,1152,769,256,87,75458,41383,1.1724549696452762,578,373,13865,20186,30250,20715,3898,7869,48773,38480,0,0,1774,372,3139,3464,21293,6804,4457,0,0,30156,24732,328,3136,0,0,0,0,0
856,3552,857.1111000599639,99654,1135,755,257,87,75596,41472,1.1747446163726494,568,367,13916,20229,30240,20715,3883,7846,48782,38488,0,0,1763,369,3134,3461,21345,6851,4447,0,0,30180,24649,326,3129,0,0,0,0,0
857,3552,858.0291287030371,99653,1096,725,257,88,75715,41555,1.176783438531705,564,366,13982,20286,30233,20723,3867,7811,48791,38496,0,0,1753,369,3124,3457,21403,6897,4434,0,0,30206,24565,322,3123,0,0,0,0,0
858,3552,859.2544883924534,99652,1080,727,258,88,75900,41675,1.1798558985268734,550,356,14064,20333,30205,20720,3842,7775,48800,38504,0,0,1736,367,3112,3472,21466,6959,4415,0,0,30214,24479,319,3113,0,0,0,0,0
859,3552,860.1748417918892,99651,1055,708,259,88,76016,41750,1.1817844276525074,541,364,14127,20369,30182,20723,3835,7747,48808,38512,0,0,1725,366,3102,3462,21525,7002,4412,0,0,30226,24413,317,3101,0,0,0,0,0
860,3552,861.096075034311,99650,1017,715,260,88,76132,41849,1.1839538384345207,528,340,14181,20405,30190,20728,3823,7723,48816,38520,0,0,1716,365,3095,3469,21571,7054,4394,0,0,30239,24349,314,3084,0,0,0,0,0
861,3552,862.0176014380493,99648,998,691,262,88,76252,41918,1.1858742774566473,513,351,14239,20461,30177,20716,3810,7692,48824,38528,0,0,1710,363,3085,3469,21621,7099,4382,0,0,30255,24278,309,3077,0,0,0,0,0
862,3552,863.2480861705108,99648,989,702,262,88,76401,42044,1.1886339916506101,487,319,14331,20526,30139,20718,3791,7646,48832,38536,0,0,1694,360,3081,3471,21700,7134,4368,0,0,30272,24201,308,3059,0,0,0,0,0
863,3552,864.1722092688121,99647,959,711,262,89,76510,42140,1.1907031822332834,467,286,14404,20572,30129,20718,3778,7623,48840,38544,0,0,1686,359,3075,3472,21764,7169,4352,0,0,30273,24135,306,3056,0,0,0,0,0
864,3552,865.097254475582,99646,947,677,263,89,76628,42200,1.1925014551512354,457,287,14443,20629,30127,20719,3762,7598,48848,38552,0,0,1679,357,3068,3467,21809,7220,4341,0,0,30278,24074,304,3049,0,0,0,0,0
865,3552,866.0229775970902,99646,913,660,263,89,76724,42264,1.1941071392730265,468,295,14499,20683,30110,20709,3746,7563,48856,38559,0,0,1665,355,3060,3461,21871,7251,4340,0,0,30291,24011,304,3037,0,0,0,0,0
866,3552,867.2586234154826,99645,900,643,264,89,76871,42368,1.1966380651312158,467,296,14594,20730,30048,20716,3726,7525,48864,38566,0,0,1653,354,3048,3455,21937,7299,4334,0,0,30319,23916,304,3026,0,0,0,0,0
867,3552,868.1869175932918,99644,881,646,265,89,76973,42429,1.1982858977961544,472,298,14647,20789,30017,20679,3717,7498,48872,38573,0,0,1639,354,3040,3455,21981,7335,4329,0,0,30310,23878,303,3020,0,0,0,0,0
868,3552,869.1166135330772,99643,892,658,266,89,77102,42513,1.200435554931104,443,279,14705,20830,29987,20670,3706,7473,48880,38580,0,0,1625,352,3036,3450,22026,7365,4323,0,0,30322,23824,301,3019,0,0,0,0,0
869,3552,870.0474243084527,99643,881,640,266,89,77202,42576,1.2020713948797206,447,280,14763,20902,29950,20653,3692,7435,48888,38587,0,0,1614,350,3031,3455,22061,7406,4316,0,0,30323,23776,300,3011,0,0,0,0,0
870,3552,871.2904136049873,99642,849,625,267,89,77341,42655,1.2042712912225768,454,267,14837,20991,29922,20630,3670,7397,48896,38594,0,0,1601,349,3017,3450,22126,7451,4308,0,0,30338,23701,299,3002,0,0,0,0,0
871,3552,872.2237873222962,99642,854,605,267,89,77450,42722,1.2060376146604845,435,262,14902,21048,29891,20625,3650,7370,48904,38601,0,0,1593,348,3011,3442,22180,7491,4301,0,0,30333,23654,299,2990,0,0,0,0,0
872,3552,873.1583961782528,99639,868,597,270,89,77571,42779,1.2078603759572055,412,270,14982,21086,29832,20608,3635,7349,48912,38608,0,0,1579,346,3009,3437,22215,7524,4299,0,0,30341,23610,298,2981,0,0,0,0,0
873,3552,874.0946672015706,99639,852,573,270,89,77674,42841,1.2095163540380776,417,264,15036,21143,29809,20608,3615,7322,48920,38615,0,0,1567,344,3001,3442,22280,7554,4286,0,0,30342,23560,297,2966,0,0,0,0,0
874,3552,875.0321173628115,99638,833,574,270,90,77771,42914,1.2112346695036031,415,252,15098,21193,29777,20594,3606,7296,48928,38622,0,0,1560,343,2986,3437,22323,7593,4277,0,0,30351,23512,296,2960,0,0,0,0,0
875,3552,876.2840920803253,99637,800,540,271,90,77900,42989,1.2132942581571102,402,247,15168,21275,29769,20594,3589,7253,48936,38629,0,0,1548,340,2977,3436,22411,7636,4267,0,0,30333,23448,292,2949,0,0,0,0,0
876,3552,877.2241231405068,99637,782,516,271,90,77983,43047,1.2147093951042283,390,233,15227,21308,29755,20611,3574,7241,48944,38636,0,0,1540,339,2970,3430,22460,7667,4258,0,0,30344,23394,290,2945,0,0,0,0,0
877,3552,878.1650636764463,99636,762,487,272,90,78076,43096,1.2161467742583003,381,219,15292,21361,29732,20622,3560,7220,48952,38643,0,0,1528,337,2965,3421,22497,7707,4251,0,0,30357,23349,289,2935,0,0,0,0,0
878,3552,879.1073380804283,99636,733,462,272,90,78156,43134,1.2173310851499457,379,231,15358,21424,29708,20598,3549,7194,48959,38650,0,0,1522,335,2955,3426,22534,7739,4240,0,0,30378,23296,287,2924,0,0,0,0,0
879,3552,880.0507090220798,99635,713,474,273,90,78245,43195,1.2188487981131129,376,223,15427,21469,29673,20566,3537,7177,48966,38657,0,0,1510,333,2952,3418,22570,7768,4240,0,0,30383,23255,287,2919,0,0,0,0,0
880,3552,881.3110356449816,99635,706,458,273,90,78372,43274,1.2209163446580018,337,204,15541,21559,29626,20538,3516,7150,48973,38664,0,0,1501,332,2945,3415,22636,7800,4231,0,0,30396,23182,287,2910,0,0,0,0,0
881,3552,882.2578807923893,99634,689,435,274,90,78459,43315,1.2222133006804905,304,213,15626,21615,29603,20511,3503,7135,48980,38671,0,0,1492,331,2939,3420,22684,7826,4219,0,0,30396,23135,287,2905,0,0,0,0,0
882,3552,883.2061208787467,99634,669,429,274,90,78529,43360,1.2233675251420197,302,214,15704,21678,29559,20477,3491,7111,48987,38678,0,0,1488,331,2934,3419,22713,7854,4206,0,0,30408,23095,286,2900,0,0,0,0,0
883,3552,884.1559435222194,99634,642,427,274,90,78595,43407,1.2245016761346528,297,204,15777,21732,29524,20459,3485,7087,48994,38685,0,0,1482,331,2926,3414,22747,7884,4200,0,0,30412,23059,284,2895,0,0,0,0,0
884,3552,885.1072658567211,99634,628,424,274,90,78660,43459,1.2256759740650782,292,200,15850,21797,29481,20421,3474,7067,49001,38691,0,0,1476,330,2921,3413,22786,7906,4188,0,0,30414,23028,283,2889,0,0,0,0,0
885,3552,886.0603602246908,99634,628,415,274,90,78739,43509,1.2269707128088805,277,186,15953,21871,29409,20388,3458,7049,49008,38697,0,0,1472,329,2916,3407,22810,7935,4182,0,0,30432,22982,282,2887,0,0,0,0,0
886,3552,887.0157088108797,99634,596,409,274,90,78801,43556,1.2280647168637213,286,191,16010,21927,29391,20358,3442,7024,49015,38703,0,0,1466,328,2910,3406,22837,7966,4169,0,0,30441,22948,281,2882,0,0,0,0,0
887,3552,888.2916312934517,99634,596,400,274,90,78889,43619,1.2295802637653812,268,180,16119,22006,29318,20325,3424,6998,49022,38709,0,0,1464,327,2904,3406,22881,7996,4159,0,0,30445,22898,279,2875,0,0,0,0,0
888,3552,889.2508988892397,99634,573,376,274,90,78946,43660,1.2305638637412932,284,188,16211,22073,29244,20310,3413,6962,49029,38715,0,0,1453,325,2897,3406,22930,8019,4157,0,0,30430,22868,277,2872,0,0,0,0,0
889,3552,890.2126413567265,99634,577,390,274,90,79025,43713,1.2318887126884397,275,177,16287,22113,29184,20285,3402,6944,49036,38721,0,0,1446,324,2896,3402,22950,8049,4151,0,0,30425,22848,276,2867,0,0,0,0,0
890,3552,891.1764949302807,99634,562,377,274,90,79082,43755,1.2328823493987997,287,177,16351,22177,29134,20256,3391,6922,49043,38727,0,0,1440,323,2893,3396,22999,8064,4144,0,0,30426,22813,276,2860,0,0,0,0,0
891,3552,892.1420506918889,99633,521,363,275,90,79138,43792,1.2338281493079601,293,177,16420,22240,29111,20233,3379,6896,49050,38733,0,0,1432,323,2890,3394,23023,8097,4136,0,0,30434,22775,276,2853,0,0,0,0,0
892,3552,893.1089732697415,99633,511,363,275,90,79198,43850,1.2350124958598054,298,159,16494,22303,29049,20206,3372,6878,49057,38739,0,0,1426,322,2889,3395,23054,8118,4126,0,0,30446,22737,275,2845,0,0,0,0,0
893,3552,894.0782096257697,99633,492,343,275,90,79259,43888,1.2360061425431332,285,161,16573,22372,29004,20172,3370,6861,49064,38745,0,0,1418,322,2888,3393,23086,8144,4118,0,0,30455,22700,275,2834,0,0,0,0,0
894,3552,895.0493774058725,99632,468,334,276,90,79319,43927,1.237012204914084,276,155,16667,22418,28952,20153,3360,6849,49071,38751,0,0,1412,320,2882,3390,23128,8167,4111,0,0,30452,22667,275,2828,0,0,0,0,0
895,3552,896.0226621557161,99632,450,325,276,90,79377,43967,1.2379958246346556,277,149,16755,22491,28891,20114,3350,6830,49078,38757,0,0,1402,319,2878,3380,23168,8192,4110,0,0,30439,22644,275,2825,0,0,0,0,0
896,3552,897.3240930128926,99632,452,319,276,90,79450,44026,1.23932070017665,286,143,16878,22574,28782,20072,3325,6801,49085,38763,0,0,1397,318,2877,3376,23208,8216,4103,0,0,30442,22607,275,2813,0,0,0,0,0
897,3552,898.3033025481595,99632,463,313,276,90,79520,44073,1.2404950216797817,276,124,16953,22650,28717,20043,3314,6779,49092,38769,0,0,1393,316,2874,3377,23247,8230,4095,0,0,30448,22572,274,2806,0,0,0,0,0
898,3552,899.2849874460254,99632,464,311,276,90,79573,44110,1.2413983459129596,268,136,17061,22703,28630,19996,3300,6763,49099,38775,0,0,1387,315,2874,3374,23265,8249,4089,0,0,30451,22551,274,2803,0,0,0,0,0
899,3552,900.2696144103452,99632,472,303,276,90,79623,44135,1.2421511161072747,284,164,17102,22726,28574,19972,3291,6744,49099,38775,0,0,1384,315,2871,3372,23278,8265,4090,0,0,30456,22526,274,2801,0,0,0,0,0
900,3552,900.2696144103452,99632,480,309,276,90,79644,44151,1.2425224827364703,286,162,17129,22746,28540,19953,3288,6739,49099,38775,0,0,1384,314,2871,3375,23279,8271,4089,0,7,30449,22519,273,2801,0,0,0,0,0
901,3552,901.2566475994015,99632,469,314,276,90,79715,44193,1.2436566564959048,278,172,17201,22791,28502,19922,3273,6710,49099,38775,0,0,1382,313,2869,3376,23300,8296,4084,2,43,30418,22483,270,2796,0,0,0,0,0
902,3552,902.2455509941342,99632,468,322,276,90,79773,44242,1.2447306086397945,288,167,17286,22848,28422,19887,3259,6685,49099,38775,0,0,1379,311,2866,3378,23324,8312,4080,5,76,30391,22450,269,2791,0,0,0,0,0
903,3552,903.2368051866661,99632,457,313,276,90,79848,44280,1.2458647823992293,287,169,17350,22926,28388,19853,3241,6648,49099,38775,0,0,1377,309,2862,3377,23348,8339,4073,7,115,30358,22411,269,2787,0,0,0,0,0
904,3552,904.2296923840314,99632,462,292,276,90,79924,44318,1.247008993094588,285,177,17448,23001,28308,19827,3220,6612,49099,38775,0,0,1374,308,2856,3383,23374,8362,4065,10,157,30325,22369,266,2783,0,0,0,0,0
905,3552,905.2249979592989,99632,469,292,276,90,80001,44365,1.248253573149189,272,168,17526,23073,28255,19794,3201,6582,49099,38775,0,0,1372,308,2855,3389,23402,8379,4053,12,190,30289,22336,266,2781,0,0,0,0,0
906,3552,906.2224552055864,99631,484,306,276,91,80072,44411,1.2494404352059099,278,166,17587,23128,28190,19748,3184,6560,49099,38775,0,0,1371,308,2849,3387,23429,8393,4050,13,213,30260,22312,265,2781,0,0,0,0,0
907,3552,907.221900966135,99631,490,306,276,91,80144,44460,1.2506549166424106,287,167,17646,23193,28131,19706,3169,6536,49099,38775,0,0,1370,308,2848,3386,23437,8428,4048,14,243,30228,22282,264,2775,0,0,0,0,0
908,3552,908.2232588937471,99631,500,308,276,91,80219,44509,1.2518995091889071,283,163,17722,23253,28076,19678,3142,6506,49099,38775,0,0,1365,307,2845,3384,23464,8447,4044,19,274,30197,22251,264,2770,0,0,0,0,0
909,3552,909.2266758234186,99631,511,297,276,91,80296,44554,1.253124027662073,281,169,17801,23311,28004,19655,3126,6476,49099,38775,0,0,1362,306,2843,3389,23490,8469,4035,22,308,30160,22217,262,2768,0,0,0,0,0
910,3552,910.2323595320414,99631,482,297,276,91,80351,44601,1.254147805401933,306,160,17856,23386,27965,19618,3114,6447,49099,38775,0,0,1356,306,2841,3388,23513,8501,4030,28,338,30121,22187,262,2760,0,0,0,0,0
911,3552,911.239826627116,99630,508,290,277,91,80440,44636,1.2554049984944293,305,170,17915,23458,27896,19574,3098,6416,49099,38775,0,0,1355,305,2839,3387,23546,8514,4028,29,374,30086,22151,261,2755,0,0,0,0,0
912,3552,912.2492311180487,99630,514,292,277,91,80522,44680,1.2566696778078892,280,179,17987,23513,27857,19536,3084,6388,49099,38775,0,0,1350,304,2836,3392,23570,8532,4019,34,409,30057,22116,261,2750,0,0,0,0,0
913,3552,913.2602593171533,99628,502,290,278,92,80586,44717,1.2577086762757457,274,184,18058,23592,27814,19488,3073,6353,49099,38775,0,0,1348,303,2834,3391,23598,8557,4012,35,432,30019,22093,261,2745,0,0,0,0,0
914,3552,914.2730658023937,99627,479,298,279,92,80646,44769,1.2588454936914693,303,186,18136,23661,27742,19443,3060,6319,49099,38775,0,0,1347,303,2829,3393,23610,8593,4005,36,459,29983,22066,261,2742,0,0,0,0,0
915,3552,915.2883470230457,99626,485,300,280,92,80724,44806,1.2600124465500973,305,197,18202,23700,27683,19419,3044,6291,49099,38775,0,0,1347,301,2824,3396,23639,8614,4002,36,482,29946,22043,260,2736,0,0,0,0,0
916,3552,916.3056423535415,99626,480,293,280,92,80797,44850,1.261186838777026,303,207,18273,23778,27632,19372,3031,6257,49099,38775,0,0,1342,301,2814,3396,23662,8648,3997,41,507,29910,22018,259,2731,0,0,0,0,0
917,3552,917.3249178543533,99625,495,303,280,93,80877,44910,1.2626047678795482,302,188,18341,23836,27560,19359,3021,6220,49099,38775,0,0,1341,301,2807,3399,23700,8667,3991,42,533,29872,21989,259,2724,0,0,0,0,0
918,3552,918.0058211176646,99625,488,305,280,93,80922,44948,1.2634378920953575,294,178,18412,23873,27513,19347,3012,6203,49099,38775,0,0,1339,300,2805,3400,23725,8682,3986,44,556,29844,21965,259,2720,0,0,0,0,0
919,3552,919.0292982844041,99624,487,317,281,93,80990,44995,1.264604914478439,304,179,18470,23925,27458,19302,2999,6183,49099,38775,0,0,1335,299,2803,3404,23743,8702,3982,48,584,29812,21937,256,2719,0,0,0,0,0
920,3552,920.0547502064659,99623,480,326,281,94,81063,45053,1.265932565772964,317,170,18536,23991,27395,19276,2990,6142,49099,38775,0,0,1331,298,2794,3410,23774,8726,3972,52,607,29776,21914,256,2713,0,0,0,0,0
921,3552,921.0823502883595,99622,468,324,281,95,81130,45100,1.2670895986830217,311,159,18616,24048,27352,19260,2971,6113,49099,38775,0,0,1329,298,2788,3415,23814,8741,3964,54,644,29740,21876,252,2707,0,0,0,0,0
922,3552,922.1118496866058,99622,466,320,281,95,81213,45137,1.26829415189416,290,168,18686,24101,27324,19225,2952,6090,49099,38775,0,0,1325,297,2785,3415,23842,8764,3959,58,683,29702,21837,252,2703,0,0,0,0,0
923,3552,923.1428840321529,99622,470,330,281,95,81284,45177,1.2694083636144626,290,180,18758,24167,27266,19164,2934,6063,49099,38775,0,0,1321,297,2784,3413,23864,8784,3952,62,703,29672,21817,251,2702,0,0,0,0,0
924,3552,924.17581923308,99622,481,316,281,95,81365,45219,1.2706430306558791,305,190,18807,24218,27207,19133,2918,6047,49099,38775,0,0,1318,296,2779,3411,23886,8812,3947,65,735,29640,21784,251,2698,0,0,0,0,0
925,3552,925.2107001931194,99621,473,306,282,95,81436,45255,1.2717298561548267,322,194,18872,24302,27150,19087,2900,6015,49099,38775,0,0,1314,296,2778,3413,23889,8846,3939,69,767,29612,21752,251,2695,0,0,0,0,0
926,3552,926.2477615014437,99621,503,316,282,95,81531,45311,1.273245600827135,295,190,18947,24363,27087,19052,2885,5983,49099,38775,0,0,1314,296,2774,3420,23923,8863,3930,69,797,29575,21722,251,2687,0,0,0,0,0
927,3552,927.2872124529728,99621,505,317,282,95,81603,45357,1.2744300900412564,311,195,19005,24412,27025,19016,2871,5964,49099,38775,0,0,1311,296,2772,3425,23950,8883,3921,72,828,29536,21691,251,2685,0,0,0,0,0
928,3552,928.3286794030327,99621,509,321,282,95,81688,45411,1.2758253781833149,312,186,19069,24474,26976,18984,2851,5939,49099,38775,0,0,1308,295,2766,3421,24003,8900,3913,75,854,29490,21664,250,2682,0,0,0,0,0
929,3552,929.0240840555701,99621,504,319,282,95,81733,45450,1.2766685738950623,318,174,19129,24512,26926,18978,2840,5921,49099,38775,0,0,1305,294,2765,3422,24014,8920,3909,78,882,29467,21636,250,2679,0,0,0,0,0
930,3552,930.0693136891862,99621,487,317,282,95,81810,45497,1.2779132913743085,323,184,19192,24579,26884,18947,2831,5877,49099,38775,1,1,1302,293,2759,3428,24064,8938,3898,81,919,29412,21598,250,2677,0,2,0,0,0
931,3552,931.1165403784197,99621,495,304,282,95,81893,45536,1.27913793276518,325,182,19276,24643,26810,18918,2811,5857,49099,38775,2,2,1300,292,2750,3428,24093,8963,3894,83,953,29378,21563,250,2670,0,4,0,0,0
932,3552,932.1664519050258,99619,525,316,283,96,81978,45579,1.2804485088185988,313,185,19351,24683,26730,18881,2797,5838,49099,38775,3,3,1300,291,2746,3427,24108,8982,3890,83,974,29356,21541,249,2666,1,4,0,0,1
933,3552,933.2191331426234,99619,525,321,283,96,82049,45626,1.281633021813108,340,186,19383,24737,26687,18859,2781,5800,49099,38775,4,4,1298,290,2741,3431,24138,9002,3881,85,997,29323,21518,249,2658,2,5,0,0,1
934,3552,934.2732945907517,99619,547,339,283,96,82136,45692,1.2831688734076834,340,182,19435,24781,26628,18823,2766,5778,49099,38775,6,5,1296,288,2737,3433,24146,9031,3877,87,1030,29297,21485,249,2652,2,7,1,0,1
935,3552,935.3295320898359,99619,561,348,283,96,82227,45746,1.2846244190365292,328,184,19502,24823,26570,18794,2755,5754,49099,38775,9,6,1294,286,2734,3437,24181,9051,3866,89,1058,29262,21455,246,2646,2,8,1,0,3
936,3552,936.0349361424934,99619,569,353,283,96,82280,45789,1.2855880906252823,330,185,19557,24847,26519,18785,2741,5733,49099,38775,13,7,1290,286,2731,3436,24196,9070,3863,93,1082,29234,21430,246,2644,3,10,1,0,4
937,3552,937.0951255675151,99618,561,359,284,96,82364,45846,1.287016402658154,346,183,19642,24905,26440,18757,2726,5699,49099,38775,18,8,1287,285,2727,3439,24214,9103,3853,96,1116,29198,21393,246,2638,3,12,2,0,6
938,3552,938.1582603780846,99617,574,360,285,96,82457,45894,1.288444743367096,350,185,19698,24954,26378,18723,2714,5681,49099,38775,25,9,1282,285,2720,3443,24238,9132,3845,101,1145,29154,21361,246,2636,3,14,3,0,9
939,3552,939.2236618069775,99617,573,367,285,96,82544,45946,1.28984008753526,353,183,19749,25013,26337,18679,2702,5661,49099,38775,33,10,1278,284,2716,3445,24251,9164,3836,105,1182,29120,21324,245,2633,3,19,3,0,9
940,3552,940.290783976563,99617,585,370,285,96,82641,46002,1.2913759699649658,344,190,19814,25070,26277,18641,2694,5632,49099,38775,43,11,1276,284,2712,3443,24293,9193,3827,107,1210,29069,21295,245,2622,4,23,4,0,10
941,3552,941.0034694330213,99616,592,363,286,96,82705,46030,1.292312479922904,344,202,19845,25095,26245,18619,2687,5624,49099,38775,55,12,1275,283,2710,3443,24309,9210,3824,108,1240,29037,21260,245,2620,4,30,4,0,14
942,3552,942.074049162474,99615,613,367,287,96,82795,46085,1.2937810570697184,336,222,19917,25151,26168,18555,2678,5608,49099,38775,69,13,1271,283,2705,3444,24340,9229,3818,112,1277,28998,21216,245,2613,5,36,5,0,18
943,3552,943.1472646061596,99615,643,385,287,96,82902,46151,1.2955177433117502,319,207,19985,25199,26095,18513,2670,5599,49099,38775,85,14,1269,282,2698,3444,24374,9259,3811,114,1301,28952,21185,245,2607,5,39,5,2,23
944,3552,944.223170597567,99615,617,390,287,96,82978,46203,1.2968026903578778,345,236,20023,25236,26074,18456,2653,5585,49099,38775,104,15,1269,281,2692,3448,24408,9296,3801,114,1331,28894,21148,244,2603,6,45,5,2,28
945,3552,945.3002163571929,99614,628,388,288,96,83072,46270,1.2984319473166421,334,230,20094,25261,26021,18447,2634,5577,49099,38775,125,17,1265,280,2689,3444,24444,9326,3795,118,1368,28838,21100,244,2598,8,52,5,2,38
946,3552,946.0193103897202,99614,631,386,288,96,83139,46303,1.2994358222739775,339,234,20121,25276,25996,18430,2624,5577,49099,38775,149,19,1265,280,2684,3445,24471,9346,3791,118,1393,28794,21064,243,2595,9,60,5,2,49
947,3552,947.0993298682396,99614,621,395,288,96,83227,46364,1.300931595960407,351,238,20188,25290,25944,18399,2607,5581,49099,38775,176,21,1260,278,2682,3443,24501,9384,3786,123,1422,28733,21024,243,2587,9,72,6,2,59
948,3552,948.181154793821,99614,616,413,288,96,83324,46434,1.302608067139157,351,237,20244,25329,25904,18343,2596,5581,49099,38775,206,23,1256,277,2675,3441,24521,9431,3776,127,1450,28680,20990,242,2579,10,84,8,3,64
949,3552,949.2648109476378,99613,628,406,289,96,83428,46496,1.3042875929848514,347,235,20296,25347,25858,18331,2581,5584,49099,38775,240,26,1255,277,2668,3443,24552,9471,3771,128,1489,28615,20933,240,2573,11,94,10,4,79
950,3552,950.3502558998829,99612,634,423,290,96,83525,46569,1.306007308356423,348,232,20368,25379,25791,18283,2568,5586,49099,38775,277,29,1249,277,2661,3445,24572,9508,3761,134,1525,28559,20887,240,2564,13,114,12,4,87
951,3552,951.0752798941472,99612,637,428,290,96,83595,46617,1.3071919045898084,341,235,20402,25401,25765,18238,2564,5601,49099,38775,318,32,1244,277,2654,3445,24593,9532,3758,139,1552,28509,20839,240,2564,13,129,14,6,104
952,3552,952.1645074614331,99612,628,415,290,96,83689,46680,1.308768019917279,357,238,20449,25418,25718,18218,2557,5614,49099,38775,363,36,1242,276,2648,3451,24617,9577,3748,141,1605,28441,20771,239,2557,14,145,17,8,115
953,3552,953.2557202451245,99612,662,423,290,96,83802,46747,1.3105750311207485,360,226,20485,25445,25655,18177,2547,5632,49099,38775,412,40,1239,276,2642,3452,24645,9613,3740,144,1638,28380,20719,239,2547,16,160,20,8,134
954,3552,954.3489374611369,99612,640,426,290,96,83891,46817,1.31217122435048,375,225,20524,25465,25629,18137,2541,5650,49099,38775,465,45,1237,275,2638,3452,24659,9665,3730,146,1679,28319,20658,237,2542,17,178,21,10,149
955,3552,955.0784741864861,99612,645,418,290,96,83970,46855,1.313345781632735,374,229,20550,25463,25598,18111,2542,5682,49099,38775,522,50,1233,272,2635,3456,24667,9705,3726,150,1702,28255,20612,237,2540,17,203,21,13,168
956,3552,956.1742027846839,99612,650,428,290,96,84071,46936,1.3151728707384653,368,218,20606,25472,25547,18066,2538,5719,49099,38775,584,56,1230,271,2624,3459,24690,9752,3715,153,1743,28181,20546,237,2539,17,226,24,13,192
957,3552,957.2721134437398,99612,643,427,290,96,84180,47010,1.3170099987953259,375,208,20650,25488,25511,18031,2530,5749,49099,38775,650,62,1226,270,2614,3451,24707,9819,3712,157,1772,28107,20486,236,2533,17,245,28,16,216
958,3552,958.0050944666341,99612,642,396,290,96,84245,47038,1.3179436212504518,383,225,20679,25479,25482,18009,2523,5794,49099,38775,721,69,1223,269,2608,3453,24733,9852,3706,160,1798,28034,20432,235,2526,21,272,31,16,243
959,3552,959.1058967230787,99612,645,409,290,96,84352,47103,1.3196703208448781,387,223,20717,25490,25450,17949,2510,5832,49099,38775,797,77,1219,269,2601,3448,24742,9905,3699,163,1826,27970,20371,235,2515,28,298,34,20,269
960,3552,960.2081627415529,99612,644,407,290,96,84459,47155,1.3212665140746094,389,235,20745,25476,25429,17910,2502,5875,49099,38775,878,86,1216,269,2594,3454,24761,9949,3689,165,1864,27889,20301,233,2507,33,335,35,23,295
961,3552,961.3111466854905,99612,643,416,290,96,84572,47225,1.3231036421314701,385,225,20799,25485,25381,17860,2501,5917,49099,38775,964,95,1207,269,2585,3456,24770,10005,3683,173,1904,27815,20223,233,2495,38,366,37,26,327
962,3552,962.0475528929667,99612,658,395,290,96,84657,47263,1.3243384331205075,366,229,20835,25472,25348,17833,2502,5974,49099,38775,1055,105,1203,269,2575,3455,24781,10045,3679,177,1941,27739,20157,229,2489,41,410,41,26,355
963,3552,963.1543775257792,99612,653,395,290,96,84756,47322,1.3259245873991086,366,230,20880,25468,25307,17772,2503,6038,49099,38775,1151,116,1197,266,2566,3465,24790,10099,3667,183,1974,27660,20081,228,2484,44,441,45,29,393
964,3552,964.2628829146997,99612,654,393,290,96,84863,47382,1.327601092237883,337,254,20931,25444,25282,17715,2505,6097,49099,38775,1252,128,1193,266,2556,3463,24820,10153,3661,187,2007,27554,20009,228,2477,46,484,47,34,427
965,3552,965.0026248286313,99612,661,390,290,96,84930,47422,1.3286752600088343,336,251,20955,25416,25250,17664,2507,6182,49099,38775,1359,141,1192,266,2553,3459,24825,10193,3658,188,2028,27472,19947,228,2469,49,535,49,38,463
966,3552,966.1137300940601,99611,653,377,290,97,85023,47479,1.3301944564355341,346,273,20990,25415,25221,17588,2499,6249,49099,38775,1471,155,1187,265,2546,3462,24827,10256,3651,193,2063,27379,19869,228,2463,50,579,52,42,499
967,3552,967.2261709140332,99611,642,377,290,97,85110,47553,1.3318107437933562,360,262,21020,25408,25188,17529,2499,6326,49099,38775,1589,170,1182,265,2535,3465,24818,10330,3645,198,2098,27290,19794,225,2453,51,626,58,45,533
968,3552,968.3403445188294,99611,642,382,290,97,85210,47626,1.3335474997741212,361,253,21090,25366,25124,17482,2492,6419,49099,38775,1712,186,1179,264,2523,3468,24826,10393,3638,200,2125,27187,19720,223,2442,53,681,65,50,574
969,3552,969.0845080060814,99611,648,386,290,97,85277,47671,1.3346718735882583,371,244,21098,25321,25093,17432,2499,6519,49099,38775,1841,203,1175,264,2514,3469,24820,10441,3632,204,2145,27112,19653,222,2433,58,732,71,52,614
970,3552,970.2024948383456,99611,647,395,290,97,85361,47741,1.3362178875826967,400,237,21117,25298,25044,17361,2501,6611,49099,38775,1975,221,1169,263,2503,3476,24828,10486,3620,210,2173,27012,19573,222,2428,61,795,77,61,654
971,3552,971.3220366435534,99611,659,394,290,97,85465,47812,1.3379747216672857,410,235,21158,25245,24985,17317,2497,6711,49099,38775,2115,241,1163,260,2492,3481,24827,10547,3611,216,2216,26915,19482,222,2413,70,854,80,64,698
972,3552,972.0696280952901,99611,648,397,290,97,85538,47857,1.3391593297928943,414,223,21185,25215,24957,17254,2505,6813,49099,38775,2261,262,1162,260,2485,3482,24799,10618,3604,217,2237,26832,19390,222,2410,72,905,86,69,761
973,3552,973.1932066336446,99611,659,376,290,97,85656,47912,1.3408960857736596,390,232,21229,25178,24923,17205,2508,6911,49099,38775,2412,284,1158,258,2474,3496,24798,10689,3585,221,2259,26726,19299,221,2400,75,966,92,77,817
974,3552,974.3183785332582,99611,668,388,290,97,85770,47982,1.3427432713254561,379,224,21257,25154,24893,17114,2512,7022,49099,38775,2569,308,1155,258,2466,3488,24803,10757,3576,224,2287,26623,19204,221,2391,77,1027,97,85,872
975,3552,975.0692620994333,99611,686,397,290,97,85863,48026,1.3441186214373915,354,231,21281,25086,24857,17046,2531,7142,49099,38775,2732,333,1153,258,2456,3491,24788,10822,3567,226,2302,26538,19119,221,2382,82,1079,103,90,934
976,3552,976.1974105003324,99610,663,385,291,97,85957,48087,1.3456881839172774,368,245,21333,25052,24801,16975,2543,7245,49099,38775,2900,360,1148,258,2448,3491,24775,10911,3559,230,2345,26426,19010,220,2370,86,1139,106,95,993
977,3552,977.328116078699,99608,635,403,293,97,86046,48156,1.3473014215725645,398,228,21348,25013,24769,16882,2556,7376,49099,38775,3074,389,1147,254,2438,3497,24751,10996,3551,231,2369,26314,18917,217,2361,93,1210,110,102,1050
978,3552,978.082731731764,99607,636,394,293,98,86123,48195,1.3484795245314085,405,238,21363,24946,24732,16814,2570,7509,49099,38775,3253,419,1144,254,2428,3496,24754,11049,3544,234,2387,26194,18834,217,2350,98,1293,117,110,1104
979,3552,979.2164699174182,99607,640,413,293,98,86235,48257,1.3502263897115665,390,240,21390,24909,24698,16690,2588,7649,49099,38775,3438,451,1143,252,2416,3490,24728,11137,3540,235,2420,26093,18734,217,2336,106,1357,124,115,1164
980,3552,980.3518432403763,99607,671,408,293,98,86372,48320,1.3522342807232424,367,249,21410,24859,24652,16606,2606,7779,49099,38775,3628,485,1139,252,2398,3495,24702,11235,3529,238,2437,25967,18645,216,2325,113,1431,138,122,1225
981,3552,981.1097962160834,99606,688,416,293,99,86450,48372,1.3535529988153323,374,248,21420,24779,24598,16528,2626,7929,49099,38775,3823,520,1137,251,2384,3499,24651,11322,3524,240,2448,25871,18560,216,2318,117,1503,147,131,1287
982,3552,982.2491337941436,99605,676,414,293,100,86550,48438,1.355233171025551,384,252,21446,24711,24555,16460,2645,8062,49099,38775,4023,557,1132,251,2369,3503,24625,11418,3515,245,2483,25737,18458,215,2305,126,1582,159,137,1345
983,3552,983.009754361495,99605,679,411,293,100,86630,48481,1.3564680487927312,376,261,21473,24639,24509,16376,2669,8212,49099,38775,4228,596,1131,251,2361,3502,24588,11504,3508,246,2499,25610,18364,214,2296,135,1675,163,146,1412
984,3552,984.15339059071,99605,681,429,293,100,86735,48558,1.3582952663018926,379,250,21517,24587,24442,16276,2687,8357,49099,38775,4438,637,1128,251,2345,3502,24564,11597,3502,248,2520,25493,18257,212,2278,146,1746,173,160,1483
985,3552,985.2999660385807,99604,683,422,294,100,86850,48629,1.360176298140637,388,234,21546,24532,24383,16207,2705,8504,49099,38775,4653,680,1125,250,2323,3502,24548,11691,3489,251,2565,25357,18127,212,2272,151,1835,181,167,1558
986,3552,986.0658054220216,99604,691,427,294,100,86926,48681,1.3614613870928878,379,224,21558,24461,24339,16118,2738,8669,49099,38775,4873,725,1123,249,2307,3508,24517,11771,3484,251,2574,25243,18025,211,2261,160,1914,190,185,1631
987,3552,987.2171515480044,99604,697,427,294,100,87040,48750,1.363298662704309,377,234,21559,24384,24301,16040,2771,8814,49099,38775,5097,773,1122,247,2291,3516,24520,11852,3472,252,2593,25091,17918,211,2235,178,2007,201,197,1701
988,3552,988.3702736367549,99604,709,422,294,100,87157,48816,1.3651359383157302,376,236,21598,24317,24213,15945,2809,8979,49099,38775,5325,823,1117,245,2282,3519,24488,11960,3465,257,2608,24940,17809,210,2227,179,2106,205,210,1777
989,3552,989.1409487146017,99604,707,428,294,100,87236,48865,1.3664210272679813,375,234,21601,24204,24184,15856,2838,9177,49099,38775,5558,875,1114,245,2275,3511,24432,12062,3462,260,2626,24815,17694,210,2217,188,2200,211,220,1862
990,3552,990.2995892277341,99603,708,434,295,100,87341,48938,1.3682218407076092,394,227,21618,24142,24114,15750,2870,9346,49099,38775,5795,929,1110,245,2260,3506,24429,12147,3456,264,2647,24668,17574,208,2200,197,2299,220,229,1944
991,3552,991.0736598859253,99603,709,428,295,100,87415,48975,1.3693362649719385,392,242,21634,24017,24054,15673,2915,9539,49099,38775,6035,986,1108,245,2248,3506,24390,12239,3451,266,2655,24530,17477,206,2187,207,2398,232,242,2016
992,3552,992.2376035771393,99603,696,429,295,100,87524,49042,1.371103280021686,394,245,21665,23956,24005,15570,2944,9699,49099,38775,6279,1045,1105,245,2230,3502,24343,12357,3447,269,2678,24411,17344,205,2172,216,2476,244,254,2105
993,3552,993.0151074003617,99603,675,448,295,100,87590,49096,1.3723080630101503,399,235,21680,23854,23969,15471,2981,9891,49099,38775,6527,1106,1101,245,2214,3509,24275,12469,3436,273,2687,24290,17240,205,2155,230,2563,259,266,2186
994,3552,994.1837077903712,99603,661,461,295,100,87701,49176,1.374225675933456,386,233,21705,23779,23925,15352,3027,10074,49099,38775,6778,1170,1096,244,2198,3507,24236,12581,3427,278,2719,24145,17114,204,2138,240,2664,271,284,2257
995,3552,995.3547723329839,99603,680,453,295,100,87817,49240,1.376032850416152,387,235,21711,23711,23846,15251,3080,10249,49099,38775,7032,1236,1088,244,2189,3507,24187,12695,3420,285,2756,24004,16978,204,2127,247,2759,274,295,2344
996,3552,996.1374886481199,99603,684,439,295,100,87892,49279,1.377177394255193,387,250,21703,23601,23797,15161,3133,10448,49099,38775,7289,1305,1085,244,2177,3503,24140,12790,3418,288,2768,23869,16859,203,2111,257,2861,284,315,2431
997,3552,997.3147267308393,99603,716,462,295,100,88025,49365,1.3793761232091404,370,247,21706,23509,23727,15040,3185,10641,49099,38775,7549,1377,1081,243,2159,3508,24073,12913,3408,291,2789,23729,16744,202,2093,269,2970,297,328,2506
998,3552,998.1012672636218,99602,723,467,296,100,88104,49416,1.3806951667637195,373,246,21703,23398,23665,14933,3239,10855,49099,38775,7811,1451,1075,242,2151,3512,24032,13004,3400,297,2788,23562,16644,202,2080,280,3100,304,348,2581
999,3552,999.2842102806794,99601,697,454,296,101,88216,49486,1.3825363199164666,403,259,21689,23322,23625,14821,3289,11042,49099,38775,8076,1528,1071,240,2131,3520,23990,13128,3387,301,2824,23403,16509,201,2062,290,3207,317,368,2652
1000,3552,1000.0741023539392,99600,710,452,297,101,88301,49538,1.383925702811245,406,262,21666,23228,23570,14722,3350,11234,49099,38775,8343,1608,1068,239,2119,3522,23941,13227,3379,304,2841,23258,16381,201,2052,297,3316,328,382,2745
1001,3552,1001.2614767873499,99599,705,477,297,102,88426,49613,1.385947650076808,412,272,21666,23140,23513,14597,3406,11411,49099,38775,8612,1690,1058,239,2105,3531,23865,13362,3366,310,2860,23111,16258,199,2032,313,3425,338,400,2827
1002,3552,1002.054543303754,99599,702,457,297,102,88509,49660,1.387252884065101,421,272,21640,23026,23463,14535,3476,11607,49099,38775,8882,1775,1055,239,2088,3524,23786,13496,3364,312,2886,22972,16135,199,2016,323,3532,352,417,2903
1003,3552,1003.2470957874274,99599,704,447,297,102,88637,49730,1.3892408558318858,395,272,21649,22937,23414,14441,3540,11800,49099,38775,9154,1863,1051,239,2073,3516,23753,13616,3356,315,2908,22792,16009,199,2000,331,3658,363,436,2984
1004,3552,1004.0436124097719,99599,678,446,297,102,88694,49783,1.3903452845912108,400,270,21641,22845,23371,14330,3612,12006,49099,38775,9427,1953,1048,239,2062,3523,23694,13733,3348,318,2917,22649,15866,199,1993,335,3757,372,453,3093
1005,3552,1005.241739509978,99598,659,467,298,102,88807,49878,1.3924476395108336,423,234,21646,22752,23296,14232,3677,12212,49099,38775,9701,2046,1044,237,2041,3518,23657,13858,3338,321,2947,22461,15739,198,1981,344,3889,386,469,3170
1006,3552,1006.0424612376837,99598,696,461,298,102,88904,49922,1.3938633305889676,389,231,21637,22652,23225,14124,3754,12429,49099,38775,9976,2142,1044,237,2030,3522,23595,13970,3330,321,2950,22311,15622,197,1967,354,4003,394,484,3267
1007,3552,1007.2482480688794,99598,694,438,298,102,89023,49981,1.3956505150705838,390,238,21635,22579,23147,14028,3835,12614,49099,38775,10252,2241,1036,237,2014,3517,23545,14104,3324,329,2987,22130,15485,197,1944,368,4130,402,501,3348
1008,3552,1008.0543716597339,99598,696,445,298,102,89117,50036,1.397146529046768,365,225,21616,22498,23115,13917,3909,12812,49099,38775,10529,2343,1034,237,2005,3517,23474,14238,3317,331,2989,21964,15365,197,1933,375,4247,411,518,3446
1009,3552,1009.2664724976161,99597,701,433,299,102,89239,50100,1.399028083175196,360,228,21621,22398,23037,13854,3981,12984,49099,38775,10806,2448,1030,236,1985,3527,23419,14364,3299,334,3024,21795,15215,197,1921,384,4366,425,532,3544
1010,3552,1010.0766680306245,99597,683,424,299,102,89301,50139,1.400042169944878,384,233,21626,22300,22948,13760,4059,13180,49099,38775,11083,2555,1028,234,1966,3530,23353,14482,3291,336,3028,21649,15099,197,1905,395,4483,440,551,3630
1011,3552,1011.2973069531531,99597,677,417,299,102,89406,50207,1.401779170055323,389,238,21635,22211,22858,13675,4141,13356,49099,38775,11360,2665,1027,234,1949,3527,23292,14624,3285,337,3049,21469,14973,196,1895,401,4603,452,569,3715
1012,3552,1012.1138301588309,99597,689,425,299,102,89497,50258,1.4032049158107172,367,234,21613,22085,22796,13578,4235,13575,49099,38775,11637,2778,1024,233,1935,3533,23185,14764,3276,339,3051,21335,14854,194,1883,412,4715,464,595,3805
1013,3552,1013.3426603711459,99597,681,420,299,102,89610,50322,1.404982077773427,364,248,21616,21992,22721,13483,4318,13754,49099,38775,11914,2894,1023,233,1911,3533,23141,14895,3269,339,3067,21144,14722,194,1871,419,4846,482,614,3894
1014,3552,1014.1640409471859,99596,689,426,300,102,89697,50377,1.406421944656412,361,236,21600,21887,22633,13391,4416,13957,49099,38775,12190,3013,1023,232,1899,3534,23056,15030,3262,339,3073,21017,14596,194,1856,428,4943,490,634,3990
1015,3552,1015.4015306732849,99595,671,428,301,102,89815,50459,1.4084441990059742,353,232,21596,21789,22578,13332,4500,14116,49099,38775,12466,3134,1021,229,1887,3537,23016,15162,3250,340,3097,20826,14443,194,1834,444,5074,498,651,4092
1016,3552,1016.2284077324657,99595,674,427,301,102,89899,50505,1.4097494854159345,343,242,21566,21671,22515,13248,4600,14309,49099,38775,12741,3258,1017,228,1874,3531,22929,15297,3243,344,3098,20694,14317,194,1821,456,5180,505,675,4192
1017,3552,1017.0577357392531,99595,659,433,301,102,89967,50551,1.4108941211908228,362,257,21514,21582,22455,13131,4708,14494,49099,38775,13015,3385,1014,228,1853,3524,22855,15425,3237,347,3092,20542,14202,194,1809,465,5304,519,703,4282
1018,3552,1018.3055660291208,99594,634,431,302,102,90059,50622,1.412544932425648,376,266,21520,21479,22358,13054,4809,14667,49099,38775,13288,3515,1009,227,1839,3526,22778,15575,3229,351,3105,20373,14073,193,1794,473,5421,531,724,4373
1019,3552,1019.1401691891527,99594,621,437,302,102,90142,50678,1.413940598831255,362,253,21490,21355,22306,12974,4918,14878,49099,38775,13560,3647,1002,227,1830,3524,22701,15710,3222,358,3107,20225,13937,191,1778,487,5528,539,753,4475
1020,3552,1020.3969122005369,99593,622,419,302,103,90252,50761,1.4158926832207084,365,231,21491,21299,22203,12911,5016,15036,49099,38775,13830,3782,996,227,1815,3524,22604,15878,3218,364,3134,20062,13790,190,1766,493,5638,549,782,4563
1021,3552,1021.2377202090327,99593,632,425,302,103,90328,50809,1.4171377506451257,361,237,21465,21195,22107,12821,5132,15218,49099,38775,14099,3920,992,227,1800,3523,22521,16007,3214,368,3123,19911,13681,189,1754,501,5759,561,811,4651
1022,3552,1022.0819946053897,99593,634,438,302,103,90408,50861,1.4184631450001506,366,241,21434,21083,22017,12723,5246,15411,49099,38775,14366,4060,989,226,1784,3528,22441,16139,3208,370,3119,19763,13551,188,1741,509,5871,576,832,4758
1023,3552,1023.3545283019321,99593,639,443,302,103,90522,50934,1.4203407870031026,375,238,21421,21029,21917,12623,5345,15563,49099,38775,14632,4203,983,226,1768,3526,22356,16293,3199,375,3136,19588,13427,188,1730,518,6002,588,847,4843
1024,3552,1024.2061143705891,99592,624,440,302,104,90590,50983,1.4215298417543578,388,234,21372,20930,21842,12544,5471,15747,49099,38775,14896,4348,979,225,1753,3529,22263,16439,3191,379,3141,19450,13304,187,1712,526,6109,601,870,4934
1025,3552,1025.060708358324,99592,637,432,302,104,90683,51027,1.4229054542533537,364,236,21354,20823,21746,12478,5596,15926,49099,38775,15158,4495,975,225,1740,3529,22173,16578,3184,382,3154,19296,13180,186,1700,534,6232,611,889,5024
1026,3552,1026.3492179720345,99591,657,429,302,105,90802,51095,1.4247974214537458,379,232,21318,20751,21640,12391,5703,16091,49099,38775,15418,4645,968,225,1733,3524,22083,16737,3180,388,3152,19145,13060,186,1688,541,6343,615,917,5106
1027,3552,1027.211683491891,99590,639,428,302,106,90881,51150,1.4261572447032835,385,230,21264,20668,21580,12303,5829,16264,49099,38775,15676,4797,965,225,1718,3517,21992,16890,3174,390,3150,18995,12941,186,1673,550,6456,627,949,5192
1028,3552,1028.0766491266586,99590,639,434,302,106,90966,51206,1.4275730495029622,377,215,21253,20598,21483,12214,5945,16432,49099,38775,15932,4951,965,225,1699,3509,21911,17028,3167,390,3150,18843,12818,186,1663,556,6578,642,977,5283
1029,3552,1029.3807998000925,99590,666,427,302,106,91102,51283,1.4297118184556683,340,209,21243,20546,21391,12137,6057,16574,49099,38775,16185,5108,963,224,1682,3517,21806,17200,3154,390,3157,18705,12688,184,1650,557,6683,654,1014,5362
1030,3552,1030.2534756704001,99590,652,434,302,106,91173,51334,1.430936841048298,337,205,21194,20450,21323,12060,6191,16744,49099,38775,16436,5267,961,222,1664,3523,21718,17350,3143,392,3143,18550,12589,184,1637,568,6802,662,1037,5445
1031,3552,1031.1292306077723,99590,633,443,302,106,91236,51393,1.432161863640928,349,208,21160,20354,21238,11973,6317,16915,49099,38775,16685,5428,959,222,1652,3522,21634,17491,3135,394,3138,18399,12481,184,1618,583,6915,671,1064,5528
1032,3552,1032.0085075546424,99590,628,431,302,106,91308,51437,1.4333266392208053,344,207,21121,20264,21153,11893,6451,17098,49099,38775,16931,5591,956,222,1638,3521,21554,17626,3128,397,3135,18272,12357,184,1605,591,7011,679,1095,5619
1033,3552,1033.3336432649098,99590,624,422,302,106,91416,51505,1.4350938849282056,353,196,21112,20217,21036,11818,6572,17240,49099,38775,17175,5756,951,220,1625,3528,21473,17803,3122,401,3118,18122,12247,180,1590,598,7093,686,1132,5701
1034,3552,1034.2187526422656,99590,607,408,302,106,91484,51552,1.4362486193392912,370,198,21070,20126,20946,11759,6704,17402,49099,38775,17416,5922,947,220,1607,3530,21368,17966,3114,405,3122,17980,12138,179,1583,602,7200,698,1161,5770
1035,3552,1035.105506788971,99590,605,393,302,106,91560,51596,1.4374535595943367,370,195,21033,20033,20853,11713,6836,17559,49099,38775,17654,6090,946,219,1598,3529,21250,18139,3109,405,3128,17829,12042,179,1563,619,7312,705,1183,5835
1036,3552,1036.4386615638166,99590,620,361,302,106,91673,51653,1.4391605582889848,370,204,20987,19958,20756,11660,6964,17710,49099,38775,17890,6260,943,218,1586,3527,21166,18292,3099,408,3140,17675,11914,179,1555,621,7429,712,1226,5900
1037,3552,1037.3287532005754,99590,620,350,302,106,91755,51703,1.440485992569535,364,187,20943,19915,20673,11592,7097,17849,49099,38775,18123,6432,939,218,1575,3532,21068,18449,3093,411,3136,17518,11817,179,1538,632,7546,722,1248,5969
1038,3552,1038.221123601951,99589,610,351,302,107,91827,51751,1.4417054092319432,362,174,20904,19840,20591,11525,7230,18002,49099,38775,18353,6605,936,218,1560,3528,20985,18587,3087,413,3135,17360,11708,179,1529,639,7667,733,1273,6052
1039,3552,1039.1153212639401,99588,604,346,303,107,91912,51785,1.442914809013134,346,174,20849,19777,20527,11438,7370,18157,49099,38775,18580,6779,934,218,1544,3527,20892,18737,3080,415,3129,17197,11617,178,1518,648,7793,745,1298,6118
1040,3552,1040.0121748724948,99588,613,329,303,107,91992,51824,1.4441097320962364,334,191,20792,19721,20444,11363,7513,18288,49099,38775,18805,6955,933,218,1530,3524,20804,18877,3075,414,3118,17053,11527,176,1506,657,7908,755,1332,6181
1041,3552,1041.3614105820538,99587,624,329,304,107,92122,51887,1.4460622370389709,303,193,20780,19670,20342,11280,7646,18420,49099,38775,19027,7132,927,215,1519,3531,20721,19023,3062,420,3122,16895,11417,175,1495,666,8021,765,1361,6252
1042,3552,1042.2618647083277,99587,634,338,304,107,92202,51940,1.4473977527187283,292,187,20740,19595,20248,11215,7781,18557,49099,38775,19246,7310,925,214,1506,3536,20619,19168,3052,422,3127,16756,11311,175,1484,673,8134,772,1377,6336
1043,3552,1043.1636593813423,99587,615,339,304,107,92262,51984,1.448442065731471,311,184,20663,19546,20185,11145,7921,18678,49099,38775,19462,7489,922,213,1494,3537,20535,19304,3048,424,3119,16606,11217,174,1471,684,8249,781,1403,6406
1044,3552,1044.0683112157728,99586,633,337,304,108,92342,52027,1.449691723736268,295,187,20639,19507,20056,11051,8072,18809,49099,38775,19675,7669,920,213,1477,3538,20425,19453,3042,426,3109,16490,11121,174,1461,690,8342,794,1438,6473
1045,3552,1045.4280958240815,99586,640,325,304,108,92451,52090,1.4514188741389351,308,187,20619,19499,19943,11002,8185,18878,49099,38775,19885,7850,915,211,1466,3543,20332,19612,3032,429,3129,16344,11005,174,1451,698,8444,800,1461,6540
1046,3552,1046.335146943628,99586,628,340,304,108,92521,52140,1.4526238627919588,306,183,20594,19477,19840,10912,8327,18979,49099,38775,20092,8032,914,210,1452,3545,20225,19766,3025,429,3116,16210,10919,174,1441,705,8549,810,1489,6607
1047,3552,1047.243545398559,99585,611,332,305,108,92591,52180,1.453743033589396,306,183,20536,19420,19764,10864,8477,19092,49099,38775,20296,8215,911,210,1438,3549,20148,19906,3019,429,3114,16075,10812,173,1430,710,8646,817,1513,6685
1048,3552,1048.1541378676836,99585,586,334,305,108,92647,52227,1.4547773259024954,319,185,20489,19366,19671,10796,8629,19210,49099,38775,20498,8398,908,210,1431,3541,20062,20050,3017,431,3117,15933,10707,173,1416,721,8749,821,1537,6761
1049,3552,1049.067121333478,99585,584,325,305,108,92720,52272,1.4559622433097354,311,192,20458,19324,19569,10737,8772,19313,49099,38775,20697,8582,904,210,1418,3537,19952,20201,3014,435,3114,15796,10614,172,1412,724,8864,832,1571,6815
1050,3552,1050.4393116065232,99585,594,325,305,108,92828,52336,1.457689411055882,310,185,20449,19330,19452,10671,8889,19380,49099,38775,20893,8766,902,210,1397,3529,19879,20352,3012,436,3122,15645,10525,172,1404,726,8965,846,1590,6873
1051,3552,1051.3542044391656,99585,571,321,305,108,92887,52372,1.4586433699854395,318,186,20400,19280,19366,10606,9039,19498,49099,38775,21086,8951,899,209,1383,3531,19791,20486,3002,438,3121,15506,10437,172,1400,728,9081,855,1612,6934
1052,3552,1052.2713287383324,99585,571,322,305,108,92954,52412,1.4597178289903099,311,180,20382,19214,19249,10558,9181,19617,49099,38775,21276,9136,899,209,1370,3532,19684,20630,2997,437,3102,15399,10352,171,1393,732,9166,866,1646,7000
1053,3552,1053.189771242221,99585,571,305,305,108,93014,52455,1.4607521213034091,323,177,20357,19166,19131,10508,9312,19735,49099,38775,21463,9321,896,208,1352,3535,19608,20756,2993,439,3103,15281,10253,171,1380,736,9251,881,1677,7065
1054,3552,1054.1093603996053,99585,567,320,305,108,93092,52505,1.4620374554400764,311,161,20294,19130,19067,10442,9455,19838,49099,38775,21647,9507,891,208,1340,3539,19519,20890,2987,442,3092,15160,10166,171,1369,743,9340,890,1708,7130
1055,3552,1055.0314993302438,99585,561,296,305,108,93161,52535,1.4630315810614047,316,168,20218,19102,19004,10396,9595,19929,49099,38775,21828,9693,889,208,1330,3546,19426,21038,2978,443,3081,15042,10092,171,1349,763,9422,892,1739,7176
1056,3552,1056.420208533366,99585,560,288,305,108,93264,52587,1.4645880403675253,297,164,20215,19103,18901,10336,9721,20000,49099,38775,22007,9879,881,207,1318,3546,19365,21180,2973,449,3078,14887,10002,169,1340,765,9526,896,1764,7239
1057,3552,1057.3467109465157,99583,549,271,306,109,93332,52620,1.465631684122792,293,166,20191,19080,18804,10282,9856,20091,49099,38775,22183,10064,875,205,1302,3549,19265,21328,2967,454,3072,14769,9916,169,1330,772,9618,905,1789,7298
1058,3552,1058.2746802899371,99583,539,281,306,109,93396,52660,1.466676039082976,300,165,20153,19051,18715,10221,9986,20172,49099,38775,22356,10249,873,204,1295,3554,19165,21470,2958,456,3061,14649,9845,169,1312,786,9711,911,1814,7350
1059,3552,1059.204103489075,99583,526,292,306,109,93459,52706,1.4677706034162457,298,152,20124,19028,18628,10154,10117,20264,49099,38775,22526,10434,871,201,1288,3562,19061,21615,2950,457,3053,14527,9771,169,1298,794,9808,916,1842,7400
1060,3552,1060.135190364895,99583,527,294,306,109,93534,52741,1.4688752096241326,283,153,20097,18999,18534,10109,10252,20335,49099,38775,22694,10619,869,200,1280,3558,18954,21769,2947,458,3057,14428,9681,169,1288,801,9881,921,1858,7464
1061,3552,1061.067481969505,99582,531,304,307,109,93594,52795,1.4700347452350826,283,139,20059,18993,18421,10051,10398,20403,49099,38775,22859,10803,869,200,1275,3557,18864,21897,2943,458,3047,14326,9597,169,1277,808,9960,924,1888,7523
1062,3552,1062.0017192591674,99582,549,294,307,109,93671,52822,1.4710791106826535,273,151,20039,18972,18311,9989,10520,20484,49099,38775,23021,10987,866,200,1268,3557,18749,22039,2937,461,3048,14235,9502,169,1269,813,10035,930,1912,7592
1063,3552,1063.4048188854026,99582,519,279,307,109,93758,52868,1.4724146934184892,272,152,20013,19005,18250,9941,10638,20513,49099,38775,23181,11170,862,196,1258,3556,18671,22186,2930,465,3050,14101,9413,168,1257,820,10130,934,1940,7645
1064,3552,1064.3412051040464,99582,498,277,307,109,93810,52901,1.4732682613323693,278,143,19983,18998,18161,9885,10772,20587,49099,38775,23338,11352,860,196,1246,3555,18579,22319,2921,467,3047,13995,9343,167,1245,830,10211,945,1965,7691
1065,3552,1065.2793851118308,99582,482,286,307,109,93864,52949,1.4742925428290252,289,137,19927,18978,18083,9836,10911,20653,49099,38775,23492,11534,858,195,1237,3556,18472,22467,2915,469,3046,13891,9272,167,1237,837,10288,951,1987,7737
1066,3552,1066.2198889077033,99582,479,281,307,109,93934,52992,1.475427286055713,273,117,19901,18974,17991,9791,11048,20727,49099,38775,23644,11715,856,195,1227,3553,18366,22618,2911,471,3055,13785,9199,167,1225,846,10366,956,2009,7777
1067,3552,1067.1622546291062,99582,478,273,307,109,93997,53021,1.4763511477977949,262,121,19873,18985,17898,9732,11181,20779,49099,38775,23793,11895,853,195,1220,3556,18256,22761,2906,473,3051,13671,9131,167,1217,852,10455,963,2029,7826
1068,3552,1068.1062257174738,99582,489,265,307,109,94069,53045,1.4773151774417064,268,121,19836,18983,17799,9677,11300,20844,49099,38775,23940,12074,850,195,1212,3558,18174,22884,2901,476,3033,13559,9073,167,1206,861,10535,971,2058,7869
1069,3552,1069.0515598109762,99582,494,253,307,109,94136,53064,1.4781787873310437,248,129,19819,18976,17704,9624,11427,20908,49099,38775,24084,12252,847,195,1207,3559,18074,23016,2899,478,3024,13469,9007,166,1202,865,10602,975,2082,7915
1070,3552,1070.471341094835,99582,488,260,307,109,94217,53109,1.4794440762386776,248,141,19861,19006,17581,9561,11514,20922,49099,38775,24226,12429,842,195,1193,3562,17980,23161,2892,482,3016,13378,8940,165,1193,871,10665,983,2109,7955
1071,3552,1071.4162455736114,99582,489,245,307,109,94274,53138,1.480307686128015,242,148,19825,18988,17495,9514,11641,20995,49099,38775,24365,12605,839,195,1183,3563,17887,23289,2885,485,3014,13292,8868,165,1179,883,10730,988,2139,7998
1072,3552,1072.3622204129235,99582,456,248,307,109,94327,53171,1.4811712960173524,238,137,19792,18988,17445,9466,11761,21051,49099,38775,24502,12780,838,194,1174,3561,17810,23407,2881,484,3006,13191,8805,165,1170,891,10804,994,2171,8036
1073,3552,1073.3106635391066,99582,459,241,307,109,94390,53203,1.4821252836858068,226,128,19791,18995,17342,9422,11874,21104,49099,38775,24637,12954,835,194,1170,3558,17742,23523,2876,486,2995,13097,8736,165,1160,897,10870,997,2200,8081
1074,3552,1074.2597812101342,99582,460,245,307,109,94448,53231,1.482988893575144,231,126,19788,19009,17231,9353,11982,21157,49099,38775,24769,13127,834,194,1162,3559,17658,23640,2871,485,2975,13006,8683,165,1152,901,10943,1003,2230,8121
1075,3552,1075.2088075550168,99582,462,247,307,109,94508,53261,1.4838926713663112,221,121,19776,19015,17136,9295,12097,21212,49099,38775,24899,13299,834,193,1152,3554,17571,23764,2869,485,2968,12925,8620,165,1144,907,11005,1008,2247,8171
1076,3552,1076.1583201573392,99582,461,246,307,109,94559,53293,1.4847261553292763,228,130,19757,19030,17042,9247,12204,21237,49099,38775,25027,13469,833,193,1144,3549,17482,23888,2867,486,2956,12837,8558,165,1135,914,11074,1014,2276,8211
1077,3552,1077.1084685507014,99582,448,236,307,109,94620,53323,1.4856399750959008,204,134,19744,19030,16973,9208,12323,21282,49099,38775,25153,13638,829,193,1137,3556,17397,24011,2857,489,2947,12739,8493,165,1129,919,11150,1018,2303,8250
1078,3552,1078.0599055270143,99582,420,235,307,109,94655,53355,1.4863127874515474,219,130,19726,19036,16891,9161,12436,21328,49099,38775,25277,13806,829,193,1137,3556,17327,24120,2851,489,2939,12629,8437,165,1121,922,11235,1017,2325,8290
1079,3552,1079.0125008363648,99582,400,224,307,109,94707,53378,1.4870659356108533,215,138,19717,19057,16810,9118,12550,21353,49099,38775,25398,13972,825,193,1128,3552,17249,24241,2847,492,2937,12544,8373,164,1109,926,11300,1023,2345,8334
1080,3552,1080.4420792386645,99582,389,223,307,109,94779,53425,1.4882609306902854,213,132,19737,19102,16717,9086,12636,21347,49099,38775,25517,14137,820,192,1119,3553,17160,24377,2841,497,2933,12462,8313,164,1100,929,11355,1030,2370,8367
1081,3552,1081.3943799680144,99582,374,218,307,109,94827,53452,1.4890140788495914,203,136,19729,19105,16639,9049,12747,21382,49099,38775,25634,14300,816,192,1110,3552,17090,24487,2834,501,2919,12382,8252,164,1088,938,11412,1036,2396,8413
1082,3552,1082.3474127717948,99582,379,223,307,109,94881,53489,1.4899278986162159,196,132,19700,19108,16546,9010,12871,21417,49099,38775,25749,14462,815,192,1104,3552,16988,24615,2830,500,2912,12304,8204,164,1083,940,11477,1039,2418,8445
1083,3552,1083.3017846591815,99582,378,207,307,109,94925,53519,1.4906710048000642,195,128,19705,19119,16441,8983,12973,21453,49099,38775,25862,14622,814,192,1101,3552,16898,24736,2826,501,2904,12219,8151,163,1071,947,11550,1037,2442,8478
1084,3552,1084.2564602485097,99582,369,212,307,109,94974,53551,1.4914844048121148,188,114,19709,19148,16363,8931,13063,21485,49099,38775,25973,14781,812,191,1096,3560,16829,24838,2819,501,2896,12126,8092,163,1067,950,11617,1042,2462,8521
1085,3552,1085.2113867903631,99582,359,214,307,109,95013,53581,1.492177301118676,185,120,19696,19169,16276,8885,13176,21502,49099,38775,26082,14938,809,189,1090,3566,16744,24946,2812,504,2891,12051,8042,163,1062,954,11676,1048,2485,8550
1086,3552,1086.1668848962347,99582,365,209,307,109,95060,53613,1.4929706171798116,195,117,19679,19193,16191,8850,13262,21521,49099,38775,26189,15094,808,189,1081,3567,16660,25061,2809,504,2882,11969,7998,163,1057,957,11736,1054,2513,8574
1087,3552,1087.1227895116872,99582,366,209,307,109,95114,53639,1.4937739752164045,179,128,19676,19208,16108,8810,13363,21535,49099,38775,26295,15248,807,189,1071,3569,16600,25156,2801,505,2863,11886,7952,163,1050,961,11802,1062,2534,8611
1088,3552,1088.079161312617,99582,358,227,307,109,95161,53680,1.4946576690566569,176,114,19671,19234,16018,8764,13469,21551,49099,38775,26399,15400,806,188,1064,3567,16526,25254,2799,505,2856,11808,7897,163,1045,963,11866,1069,2556,8650
1089,3552,1089.0359016116158,99582,356,220,307,109,95207,53703,1.4953505653632182,162,119,19676,19229,15948,8738,13550,21584,49099,38775,26501,15551,805,188,1050,3571,16445,25360,2793,505,2851,11746,7840,162,1038,968,11916,1078,2580,8686
1090,3552,1090.4705042321727,99582,342,217,307,109,95264,53750,1.4963949308107891,160,103,19696,19292,15866,8717,13628,21561,49099,38775,26601,15700,805,188,1036,3573,16400,25459,2783,504,2844,11673,7778,162,1026,974,11964,1083,2606,8724
1091,3552,1091.4260918574541,99582,326,195,307,109,95290,53768,1.4968367777309153,167,101,19707,19304,15767,8710,13725,21580,49099,38775,26699,15847,803,187,1033,3580,16329,25559,2776,506,2840,11608,7726,161,1016,981,12010,1085,2629,8753
1092,3552,1092.3818158620113,99581,316,185,308,109,95332,53785,1.4974442915817274,164,113,19708,19301,15690,8683,13813,21608,49099,38775,26796,15993,802,187,1024,3583,16268,25654,2767,506,2824,11530,7676,161,1011,985,12067,1091,2656,8789
1093,3552,1093.3376331193717,99581,311,198,308,109,95372,53821,1.4982074893805044,167,109,19724,19319,15595,8651,13894,21613,49099,38775,26891,16137,801,186,1016,3585,16205,25744,2761,507,2816,11457,7639,161,1009,987,12123,1096,2676,8812
1094,3552,1094.2930126436254,99580,305,190,308,110,95411,53842,1.4988250652741515,163,106,19754,19353,15492,8608,13977,21632,49099,38775,26984,16279,799,186,1009,3580,16131,25854,2757,509,2809,11392,7599,160,1004,991,12170,1101,2691,8838
