,indexID,time,N,Inf_L,Inf_H,Dead_L,Dead_H,cum_cases_L,cum_cases_H,cum_sum_per_N,Exposed_L,Exposed_H,Sus_L,Sus_H,Rec_nat_L,Rec_nat_H,Rec_vax_L,Rec_vax_H,vaccinatedH,vaccinatedL,boostedH,boostedL,count_Naive,count_Delta,count_Delta_vaccine,count_two,count_three,count_four,count_Omicron,count_Omicron_star,count_Omicron_star_vaccine,count_Omicron_vaccine,count_Vaccine,count_WT,count_WT_vaccine,count_WT_vaccine_boost,count_Omicron_vaccine_boost,count_Delta_vaccine_boost,count_Omicron_star_vaccine_boost,count_Vaccine_boost
0,3444,1.0419030456913285,99998,4,8,0,0,5,8,0.00013000260005200103,20,18,49974,49973,1,0,0,0,0,0,0,0,99997,0,0,0,0,0,0,0,0,0,0,1,0,0,0,0,0,0
1,3444,2.0365735367571394,99998,8,12,0,0,12,14,0.00026000520010400205,14,13,49973,49972,4,2,0,0,0,0,0,0,99992,0,0,0,0,0,0,0,0,0,0,6,0,0,0,0,0,0
2,3444,3.2716208827515745,99998,10,14,0,0,15,18,0.0003300066001320026,15,10,49969,49971,5,4,0,0,0,0,0,0,99989,0,0,0,0,0,0,0,0,0,0,9,0,0,0,0,0,0
3,3444,4.089666397381824,99998,10,16,0,0,16,20,0.0003600072001440029,16,10,49967,49969,6,4,0,0,0,0,0,0,99988,0,0,0,0,0,0,0,0,0,0,10,0,0,0,0,0,0
4,3444,5.064041749983928,99998,14,14,0,0,22,20,0.00042000840016800337,14,12,49963,49967,8,6,0,0,0,0,0,0,99984,0,0,0,0,0,0,0,0,0,0,14,0,0,0,0,0,0
5,3444,6.1005810348147325,99998,12,13,0,0,23,22,0.0004500090001800036,15,13,49961,49964,11,9,0,0,0,0,0,0,99978,0,0,0,0,0,0,0,0,0,0,20,0,0,0,0,0,0
6,3444,7.10481574352596,99998,12,12,0,0,26,25,0.0005100102002040041,20,11,49953,49963,14,13,0,0,0,0,0,0,99971,0,0,0,0,0,0,0,0,0,0,27,0,0,0,0,0,0
7,3444,8.010253980640007,99998,13,14,0,0,30,31,0.0006100122002440049,17,6,49952,49962,17,17,0,0,0,0,0,0,99964,0,0,0,0,0,0,0,0,0,0,34,0,0,0,0,0,0
8,3444,9.038957477727502,99998,12,11,0,0,33,32,0.0006500130002600052,18,6,49949,49962,20,20,0,0,0,0,0,0,99956,0,0,0,0,0,0,0,0,0,0,42,0,0,0,0,0,0
9,3444,10.020077703746312,99998,16,10,0,0,40,33,0.0007300146002920058,12,6,49948,49961,23,22,0,0,0,0,0,0,99951,0,0,0,0,0,0,0,0,0,0,47,0,0,0,0,0,0
10,3444,11.320387998930487,99998,18,9,0,0,44,34,0.0007800156003120063,13,9,49943,49957,25,24,0,0,0,0,0,0,99947,0,0,0,0,0,0,0,0,0,0,51,0,0,0,0,0,0
11,3444,12.094036212343314,99998,17,9,0,0,45,35,0.0008000160003200064,14,8,49941,49957,27,25,0,0,0,0,0,0,99944,0,0,0,0,0,0,0,0,0,0,54,0,0,0,0,0,0
12,3444,13.078476750825512,99998,19,11,0,0,49,38,0.000870017400348007,13,9,49938,49953,29,26,0,0,0,0,0,0,99941,0,0,0,0,0,0,0,0,0,0,57,0,0,0,0,0,0
13,3444,14.071875671430496,99998,20,13,0,0,51,42,0.0009300186003720074,16,9,49933,49949,30,28,0,0,0,0,0,0,99938,0,0,0,0,0,0,0,0,0,0,60,0,0,0,0,0,0
14,3444,15.285106387257,99998,23,15,0,0,57,47,0.0010400208004160082,13,6,49930,49947,33,31,0,0,0,0,0,0,99932,0,0,0,0,0,0,0,0,0,0,66,0,0,0,0,0,0
15,3444,16.12575595462491,99998,23,14,0,0,60,48,0.0010800216004320086,14,5,49926,49947,36,33,0,0,0,0,0,0,99927,0,0,0,0,0,0,0,0,0,0,71,0,0,0,0,0,0
16,3444,17.10023345333506,99998,25,16,0,0,64,51,0.0011500230004600092,14,4,49922,49945,38,34,0,0,0,0,0,0,99924,0,0,0,0,0,0,0,0,0,0,74,0,0,0,0,0,0
17,3444,18.04743780869034,99998,20,17,0,0,66,53,0.0011900238004760096,17,5,49917,49942,45,35,0,0,0,0,0,0,99916,0,0,0,0,0,0,0,0,0,0,82,0,0,0,0,0,0
18,3444,19.084511600928735,99998,19,17,0,0,68,55,0.0012300246004920098,16,5,49916,49940,48,37,0,0,0,0,0,0,99911,0,0,0,0,0,0,0,0,0,0,87,0,0,0,0,0,0
19,3444,20.203415249682795,99998,19,17,0,0,70,57,0.0012700254005080102,16,6,49914,49937,50,39,0,0,0,0,0,0,99907,0,0,0,0,0,0,0,0,0,0,91,0,0,0,0,0,0
20,3444,21.043703184902284,99998,19,18,0,0,72,59,0.0013100262005240105,16,4,49913,49937,51,40,0,0,0,0,0,0,99904,0,0,0,0,0,0,0,0,0,0,94,0,0,0,0,0,0
21,3444,22.212624216775257,99998,19,17,0,0,75,60,0.0013500270005400107,14,5,49912,49935,54,42,0,0,0,0,0,0,99899,0,0,0,0,0,0,0,0,0,0,99,0,0,0,0,0,0
22,3444,23.024729160213084,99998,20,16,0,0,78,60,0.001380027600552011,13,11,49910,49929,56,43,0,0,0,0,0,0,99896,0,0,0,0,0,0,0,0,0,0,102,0,0,0,0,0,0
23,3444,24.087439894753544,99998,20,17,0,0,81,63,0.0014400288005760116,13,13,49907,49924,59,45,0,0,0,0,0,0,99891,0,0,0,0,0,0,0,0,0,0,107,0,0,0,0,0,0
24,3444,25.07771288637717,99998,20,16,0,0,83,64,0.0014700294005880118,14,14,49906,49922,59,47,0,0,0,0,0,0,99887,0,0,0,0,0,0,0,0,0,0,111,0,0,0,0,0,0
25,3444,26.316184247318105,99998,21,17,0,0,88,67,0.0015500310006200124,12,12,49903,49921,63,49,0,0,0,0,0,0,99881,0,0,0,0,0,0,0,0,0,0,117,0,0,0,0,0,0
26,3444,27.114163009634197,99998,18,15,0,0,88,69,0.0015700314006280125,15,11,49900,49920,66,53,0,0,0,0,0,0,99874,0,0,0,0,0,0,0,0,0,0,124,0,0,0,0,0,0
27,3444,28.156978146778872,99998,20,13,0,0,92,72,0.001640032800656013,14,11,49897,49919,68,56,0,0,0,0,0,0,99867,0,0,0,0,0,0,0,0,0,0,131,0,0,0,0,0,0
28,3444,29.277409140196404,99998,22,13,0,0,95,73,0.0016800336006720135,14,11,49894,49918,69,57,0,0,0,0,0,0,99865,0,0,0,0,0,0,0,0,0,0,133,0,0,0,0,0,0
29,3444,30.25701984914223,99998,25,14,0,0,99,77,0.001760035200704014,13,8,49891,49917,70,60,0,0,0,0,0,0,99861,0,0,0,0,0,0,0,0,0,0,137,0,0,0,0,0,0
30,3444,31.265272121445808,99998,25,14,0,0,102,79,0.0018100362007240146,17,9,49884,49914,73,62,0,0,0,0,0,0,99856,0,0,0,0,0,0,0,0,0,0,142,0,0,0,0,0,0
31,3444,32.09341530527178,99998,22,18,0,0,104,83,0.001870037400748015,21,5,49878,49914,78,62,0,0,0,0,0,0,99851,0,0,0,0,0,0,0,0,0,0,147,0,0,0,0,0,0
32,3444,33.04168631521279,99998,21,16,0,0,106,85,0.0019100382007640152,24,5,49873,49912,81,66,0,0,0,0,0,0,99844,0,0,0,0,0,0,0,0,0,0,154,0,0,0,0,0,0
33,3444,34.066467144393776,99998,25,16,0,0,113,86,0.0019900398007960157,21,5,49870,49911,83,67,0,0,0,0,0,0,99840,0,0,0,0,0,0,0,0,0,0,158,0,0,0,0,0,0
34,3444,35.209691013594195,99998,22,14,0,0,119,87,0.0020600412008240166,20,6,49865,49909,92,70,0,0,0,0,0,0,99828,0,0,0,0,0,0,0,0,0,0,170,0,0,0,0,0,0
35,3444,36.09988027577633,99998,23,14,0,0,124,88,0.002120042400848017,17,7,49863,49907,96,71,0,0,0,0,0,0,99823,0,0,0,0,0,0,0,0,0,0,175,0,0,0,0,0,0
36,3444,37.000564790670886,99998,22,14,0,0,128,89,0.0021700434008680176,15,6,49862,49907,100,72,0,0,0,0,0,0,99817,0,0,0,0,0,0,0,0,0,0,181,0,0,0,0,0,0
37,3444,38.021873712944675,99998,23,13,0,0,130,91,0.0022100442008840177,19,6,49857,49906,100,74,0,0,0,0,0,0,99813,0,0,0,0,0,0,0,0,0,0,185,0,0,0,0,0,0
38,3444,39.06006755400594,99998,26,14,0,0,138,96,0.0023400468009360186,24,6,49844,49901,105,78,0,0,0,0,0,0,99804,0,0,0,0,0,0,0,0,0,0,194,0,0,0,0,0,0
39,3444,40.27733734985638,99998,27,14,0,0,147,97,0.0024400488009760197,22,6,49837,49900,113,79,0,0,0,0,0,0,99795,0,0,0,0,0,0,0,0,0,0,203,0,0,0,0,0,0
40,3444,41.09455059968049,99998,30,13,0,0,151,97,0.00248004960099202,18,9,49837,49897,114,80,0,0,0,0,0,0,99793,0,0,0,0,0,0,0,0,0,0,205,0,0,0,0,0,0
41,3444,42.17200719189876,99998,35,12,0,0,158,98,0.0025600512010240206,15,11,49834,49894,115,82,0,0,0,0,0,0,99789,0,0,0,0,0,0,0,0,0,0,209,0,0,0,0,0,0
42,3444,43.086534644019935,99998,34,14,0,0,162,101,0.002630052601052021,13,10,49832,49893,120,82,0,0,0,0,0,0,99783,0,0,0,0,0,0,0,0,0,0,215,0,0,0,0,0,0
43,3444,44.13434293559505,99998,30,15,0,0,166,105,0.0027100542010840218,15,6,49826,49893,128,85,0,0,0,0,0,0,99772,0,0,0,0,0,0,0,0,0,0,226,0,0,0,0,0,0
44,3444,45.25093361458771,99998,28,12,0,0,168,105,0.0027300546010920216,17,7,49822,49894,132,86,0,0,0,0,0,0,99765,0,0,0,0,0,0,0,0,0,0,233,0,0,0,0,0,0
45,3444,46.03325422435769,99998,36,12,0,0,176,106,0.0028200564011280228,14,7,49817,49893,132,87,0,0,0,0,0,0,99764,0,0,0,0,0,0,0,0,0,0,234,0,0,0,0,0,0
46,3444,47.16621411304469,99998,31,12,0,0,179,108,0.002870057401148023,18,8,49811,49891,139,88,0,0,0,0,0,0,99754,0,0,0,0,0,0,0,0,0,0,244,0,0,0,0,0,0
47,3444,48.21801939315689,99998,30,10,0,0,183,110,0.0029300586011720233,19,8,49806,49889,144,92,0,0,0,0,0,0,99745,0,0,0,0,0,0,0,0,0,0,253,0,0,0,0,0,0
48,3444,49.02712875720404,99998,31,9,0,0,187,110,0.002970059401188024,20,12,49803,49885,145,93,0,0,0,0,0,0,99741,0,0,0,0,0,0,0,0,0,0,257,0,0,0,0,0,0
49,3444,50.059419347259556,99998,30,10,0,0,191,112,0.0030300606012120244,19,10,49801,49887,149,92,0,0,0,0,0,0,99735,0,0,0,0,0,0,0,0,0,0,263,0,0,0,0,0,0
50,3444,51.1184477876556,99998,31,13,0,0,195,115,0.003100062001240025,19,10,49797,49884,152,92,0,0,0,0,0,0,99732,0,0,0,0,0,0,0,0,0,0,266,0,0,0,0,0,0
51,3444,52.16387742433568,99998,30,16,0,0,202,119,0.003210064201284026,22,7,49787,49885,160,91,0,0,0,0,0,0,99723,0,0,0,0,0,0,0,0,0,0,275,0,0,0,0,0,0
52,3444,53.30785374736384,99998,29,16,0,0,208,122,0.0033000660013200265,23,5,49780,49885,167,93,0,0,0,0,0,0,99713,0,0,0,0,0,0,0,0,0,0,285,0,0,0,0,0,0
53,3444,54.048719980082446,99998,26,16,0,0,210,123,0.0033300666013320267,28,6,49774,49884,171,93,0,0,0,0,0,0,99707,0,0,0,0,0,0,0,0,0,0,291,0,0,0,0,0,0
54,3444,55.26657913598114,99998,28,14,0,0,216,123,0.003390067801356027,29,9,49767,49881,175,95,0,0,0,0,0,0,99701,0,0,0,0,0,0,0,0,0,0,297,0,0,0,0,0,0
55,3444,56.07970449322845,99998,30,13,0,0,221,126,0.003470069401388028,25,6,49767,49881,177,99,0,0,0,0,0,0,99694,0,0,0,0,0,0,0,0,0,0,304,0,0,0,0,0,0
56,3444,57.01907829819538,99998,34,12,0,0,229,129,0.0035800716014320285,21,5,49765,49879,179,103,0,0,0,0,0,0,99686,0,0,0,0,0,0,0,0,0,0,312,0,0,0,0,0,0
57,3444,58.07037896956083,99998,35,14,0,0,234,131,0.0036500730014600294,22,7,49760,49875,182,103,0,0,0,0,0,0,99682,0,0,0,0,0,0,0,0,0,0,316,0,0,0,0,0,0
58,3444,59.153688078320975,99998,32,14,0,0,238,133,0.00371007420148403,21,7,49757,49874,189,104,0,0,0,0,0,0,99673,0,0,0,0,0,0,0,0,0,0,325,0,0,0,0,0,0
59,3444,60.00004257946092,99998,34,15,0,0,242,134,0.00376007520150403,23,10,49752,49870,190,104,0,0,0,0,0,0,99671,0,0,0,0,0,0,0,0,0,0,327,0,0,0,0,0,0
60,3444,61.02710826288754,99998,31,18,0,0,244,139,0.0038300766015320308,26,10,49747,49866,195,105,0,0,0,0,0,0,99664,0,0,0,0,0,0,0,0,0,0,334,0,0,0,0,0,0
61,3444,62.19373626426156,99998,34,13,0,0,251,141,0.003920078401568031,27,12,49739,49863,199,111,0,0,0,0,0,0,99653,0,0,0,0,0,0,0,0,0,0,345,0,0,0,0,0,0
62,3444,63.1703654152025,99998,34,13,0,0,258,143,0.004010080201604032,26,10,49734,49863,205,113,0,0,0,0,0,0,99644,0,0,0,0,0,0,0,0,0,0,354,0,0,0,0,0,0
63,3444,64.25412826907069,99998,33,16,0,0,262,147,0.0040900818016360325,29,8,49730,49864,207,111,0,0,0,0,0,0,99638,0,0,0,0,0,0,0,0,0,0,360,0,0,0,0,0,0
64,3444,65.19491814639942,99998,38,14,0,0,271,150,0.004210084201684033,26,7,49724,49862,211,116,0,0,0,0,0,0,99629,0,0,0,0,0,0,0,0,0,0,369,0,0,0,0,0,0
65,3444,66.10052000341963,99997,35,12,1,0,274,151,0.004250127503825115,27,6,49721,49863,215,118,0,0,0,0,0,0,99620,0,0,0,0,0,0,0,0,0,0,377,0,0,0,0,0,0
66,3444,67.18004245073485,99997,41,14,1,0,285,154,0.004390131703951118,27,4,49710,49863,220,118,0,0,0,0,0,0,99614,0,0,0,0,0,0,0,0,0,0,383,0,0,0,0,0,0
67,3444,68.20284075049867,99997,44,16,1,0,292,156,0.004480134404032121,25,5,49706,49860,223,118,0,0,0,0,0,0,99610,0,0,0,0,0,0,0,0,0,0,387,0,0,0,0,0,0
68,3444,69.26460793860858,99997,45,14,1,0,300,158,0.0045801374041221235,25,8,49700,49855,228,122,0,0,0,0,0,0,99599,0,0,0,0,0,0,0,0,0,0,398,0,0,0,0,0,0
69,3444,70.08556000596172,99997,49,15,1,0,306,160,0.004660139804194126,23,8,49698,49853,228,123,0,0,0,0,0,0,99596,0,0,0,0,0,0,0,0,0,0,401,0,0,0,0,0,0
70,3444,71.09661391838827,99997,45,13,1,0,311,162,0.004730141904257128,24,7,49692,49852,237,127,0,0,0,0,0,0,99583,0,0,0,0,0,0,0,0,0,0,414,0,0,0,0,0,0
71,3444,72.17281371977718,99996,45,14,2,0,317,164,0.004810192407696308,26,8,49684,49849,242,128,0,0,0,0,0,0,99576,0,0,0,0,0,0,0,0,0,0,420,0,0,0,0,0,0
72,3444,73.04354439826278,99996,43,14,2,0,320,166,0.004860194407776311,28,8,49679,49847,247,130,0,0,0,0,0,0,99569,0,0,0,0,0,0,0,0,0,0,427,0,0,0,0,0,0
73,3444,74.11552718440589,99996,42,14,2,0,330,169,0.004990199607984319,25,5,49673,49847,257,133,0,0,0,0,0,0,99555,0,0,0,0,0,0,0,0,0,0,441,0,0,0,0,0,0
74,3444,75.19827924165848,99995,45,12,3,0,338,169,0.005070253512675634,25,10,49667,49843,259,134,0,0,0,0,0,0,99548,0,0,0,0,0,0,0,0,0,0,447,0,0,0,0,0,0
75,3444,76.00984654553305,99995,46,14,3,0,342,173,0.005150257512875644,28,6,49662,49843,260,136,0,0,0,0,0,0,99543,0,0,0,0,0,0,0,0,0,0,452,0,0,0,0,0,0
76,3444,77.0874681057188,99995,45,14,3,0,345,175,0.00520026001300065,45,8,49642,49839,264,138,0,0,0,0,0,0,99537,0,0,0,0,0,0,0,0,0,0,458,0,0,0,0,0,0
77,3444,78.01603148699948,99995,48,15,3,0,352,177,0.005290264513225661,38,8,49642,49838,268,138,0,0,0,0,0,0,99532,0,0,0,0,0,0,0,0,0,0,463,0,0,0,0,0,0
78,3444,79.01426528155494,99995,48,14,3,0,360,180,0.005400270013500675,37,6,49635,49837,276,142,0,0,0,0,0,0,99520,0,0,0,0,0,0,0,0,0,0,475,0,0,0,0,0,0
79,3444,80.10681528172017,99995,58,14,3,0,372,182,0.005540277013850693,31,7,49631,49834,276,144,0,0,0,0,0,0,99516,0,0,0,0,0,0,0,0,0,0,479,0,0,0,0,0,0
80,3444,81.31807416513696,99995,59,14,3,0,383,185,0.00568028401420071,29,11,49625,49827,283,147,0,0,0,0,0,0,99503,0,0,0,0,0,0,0,0,0,0,492,0,0,0,0,0,0
81,3444,82.12791561841544,99995,60,13,3,0,393,187,0.005800290014500725,28,10,49616,49826,292,150,0,0,0,0,0,0,99491,0,0,0,0,0,0,0,0,0,0,504,0,0,0,0,0,0
82,3444,83.12510050205299,99995,59,16,3,0,399,192,0.005910295514775739,28,7,49612,49824,297,152,0,0,0,0,0,0,99482,0,0,0,0,0,0,0,0,0,0,513,0,0,0,0,0,0
83,3444,84.0611867772851,99995,57,16,3,0,404,194,0.005980299014950748,29,7,49608,49822,302,154,0,0,0,0,0,0,99473,0,0,0,0,0,0,0,0,0,0,522,0,0,0,0,0,0
84,3444,85.23939894687776,99995,56,14,3,0,412,197,0.006090304515225761,27,9,49602,49817,311,159,0,0,0,0,0,0,99459,0,0,0,0,0,0,0,0,0,0,536,0,0,0,0,0,0
85,3444,86.23442836083505,99995,57,16,3,0,425,200,0.006250312515625782,22,8,49595,49815,322,160,0,0,0,0,0,0,99446,0,0,0,0,0,0,0,0,0,0,549,0,0,0,0,0,0
86,3444,87.09782083265323,99995,51,14,3,0,427,203,0.006300315015750788,31,6,49585,49814,329,165,0,0,0,0,0,0,99433,0,0,0,0,0,0,0,0,0,0,562,0,0,0,0,0,0
87,3444,88.01861243256398,99995,50,14,3,0,435,205,0.0064003200160008,30,6,49581,49813,335,166,0,0,0,0,0,0,99422,0,0,0,0,0,0,0,0,0,0,573,0,0,0,0,0,0
88,3444,89.07627832437663,99995,53,14,3,0,441,209,0.006500325016250813,36,7,49571,49808,336,170,0,0,0,0,0,0,99415,0,0,0,0,0,0,0,0,0,0,580,0,0,0,0,0,0
89,3444,90.29819841438643,99995,50,14,3,0,447,210,0.006570328516425822,41,8,49561,49808,344,169,0,0,0,0,0,0,99405,0,0,0,0,0,0,0,0,0,0,590,0,0,0,0,0,0
90,3444,91.14024203949744,99995,52,15,3,0,451,212,0.006630331516575829,40,9,49559,49805,345,170,0,0,0,0,0,0,99402,0,0,0,0,0,0,0,0,0,0,593,0,0,0,0,0,0
91,3444,92.09755501822067,99995,49,17,3,0,457,215,0.00672033601680084,38,10,49555,49801,354,171,0,0,0,0,0,0,99392,0,0,0,0,0,0,0,0,0,0,603,0,0,0,0,0,0
92,3444,93.18512546952951,99995,49,20,3,0,469,218,0.006870343517175859,36,10,49547,49799,364,170,0,0,0,0,0,0,99380,0,0,0,0,0,0,0,0,0,0,615,0,0,0,0,0,0
93,3444,94.20892363235602,99994,48,16,4,0,481,220,0.007010420625237514,36,10,49536,49797,375,176,0,0,0,0,0,0,99361,0,0,0,0,0,0,0,0,0,0,633,0,0,0,0,0,0
94,3444,95.03542355650497,99994,53,15,4,0,489,222,0.007110426625597536,32,8,49532,49797,378,179,0,0,0,0,0,0,99355,0,0,0,0,0,0,0,0,0,0,639,0,0,0,0,0,0
95,3444,96.21203603748273,99994,57,14,4,0,501,226,0.00727043622617357,32,7,49521,49796,385,182,0,0,0,0,0,0,99342,0,0,0,0,0,0,0,0,0,0,652,0,0,0,0,0,0
96,3444,97.16913735191639,99994,56,13,4,0,504,227,0.007310438626317579,43,9,49508,49793,388,184,0,0,0,0,0,0,99336,0,0,0,0,0,0,0,0,0,0,658,0,0,0,0,0,0
97,3444,98.00185830659137,99993,56,15,5,0,511,229,0.007400518036262538,40,9,49505,49791,393,184,0,0,0,0,0,0,99329,0,0,0,0,0,0,0,0,0,0,664,0,0,0,0,0,0
98,3444,99.15580267990191,99993,62,17,5,0,523,232,0.0075505285369975896,31,7,49502,49792,399,183,0,0,0,0,0,0,99322,0,0,0,0,0,0,0,0,0,0,671,0,0,0,0,0,0
99,3444,100.02920566825328,99993,55,19,5,0,527,234,0.00761053273729161,32,11,49497,49787,410,182,0,0,0,0,0,0,99311,0,0,0,0,0,0,0,0,0,0,682,0,0,0,0,0,0
100,3444,101.16031373740144,99993,57,23,5,0,536,239,0.007750542537977658,31,10,49491,49783,415,183,0,0,0,0,0,0,99303,0,0,0,0,0,0,0,0,0,0,690,0,0,0,0,0,0
101,3444,102.01937463004789,99993,58,21,5,0,548,243,0.007910553738761714,30,13,49480,49776,426,189,0,0,0,0,0,0,99286,0,0,0,0,0,0,0,0,0,0,707,0,0,0,0,0,0
102,3444,103.07627218752428,99993,61,24,5,0,555,247,0.008020561439300751,31,14,49474,49773,428,188,0,0,0,0,0,0,99281,0,0,0,0,0,0,0,0,0,0,712,0,0,0,0,0,0
103,3444,104.08506392591167,99993,67,26,5,0,566,252,0.008180572640084805,31,12,49463,49770,433,191,0,0,0,0,0,0,99273,0,0,0,0,0,0,0,0,0,0,720,0,0,0,0,0,0
104,3444,105.04507343643165,99993,64,28,5,0,577,260,0.008370585941015871,31,13,49453,49762,446,196,0,0,0,0,0,0,99253,0,0,0,0,0,0,0,0,0,0,740,0,0,0,0,0,0
105,3444,106.25225941908153,99993,63,29,5,0,586,265,0.00851059574170192,29,11,49447,49759,455,200,0,0,0,0,0,0,99239,0,0,0,0,0,0,0,0,0,0,754,0,0,0,0,0,0
106,3444,107.2991438395837,99993,65,25,5,0,598,268,0.008660606242436971,35,15,49431,49754,463,205,0,0,0,0,0,0,99222,0,0,0,0,0,0,0,0,0,0,771,0,0,0,0,0,0
107,3444,108.00327853674179,99993,67,23,5,0,605,269,0.008740611842828998,37,21,49422,49747,468,208,0,0,0,0,0,0,99214,0,0,0,0,0,0,0,0,0,0,779,0,0,0,0,0,0
108,3444,109.03024478633043,99993,66,27,5,0,610,275,0.008850619543368035,34,20,49421,49742,473,210,0,0,0,0,0,0,99207,0,0,1,0,0,0,0,0,0,0,785,0,0,0,0,0,0
109,3444,110.23466646300301,99993,58,24,5,0,619,280,0.008990629344054084,37,21,49410,49736,489,218,0,0,0,0,0,0,99182,0,0,1,0,0,0,0,0,0,0,810,0,0,0,0,0,0
110,3444,111.261971437325,99993,55,20,5,0,625,281,0.009060634244397108,39,24,49402,49733,498,222,0,0,0,0,0,0,99168,0,0,1,0,0,0,0,0,0,0,824,0,0,0,0,0,0
111,3444,112.28948032928656,99993,57,20,5,0,633,285,0.00918064264498515,35,21,49399,49732,503,226,0,0,0,0,0,0,99158,0,0,1,0,0,0,0,0,0,0,834,0,0,0,0,0,0
112,3444,113.31706719086299,99993,61,27,5,0,645,292,0.009370655945916214,29,19,49396,49727,508,226,0,0,0,0,0,0,99150,0,0,1,0,0,0,0,0,0,0,842,0,0,0,0,0,0
113,3444,114.1794796093216,99993,60,30,5,0,648,296,0.009440660846259238,28,19,49397,49723,509,227,0,0,0,0,0,0,99145,0,0,1,0,0,0,0,0,0,0,847,0,0,0,0,0,0
114,3444,115.10932735834224,99993,67,28,5,0,659,300,0.00959067134699429,23,19,49392,49721,512,231,0,0,0,0,0,0,99135,0,0,1,0,0,0,0,0,0,0,857,0,0,0,0,0,0
115,3444,116.2383439248491,99993,61,33,5,0,667,307,0.009740681847729341,24,19,49384,49714,525,233,0,0,0,0,0,0,99119,0,0,1,0,0,0,0,0,0,0,873,0,0,0,0,0,0
116,3444,117.1223667249177,99993,59,34,5,0,675,313,0.00988069164841539,24,18,49379,49710,532,237,0,0,0,0,0,0,99104,0,0,1,0,0,0,0,0,0,0,888,0,0,0,0,0,0
117,3444,118.01479958306282,99993,55,35,5,0,678,320,0.009980698648905424,28,23,49374,49700,537,241,0,0,0,0,0,0,99091,0,0,1,0,0,0,0,0,0,0,901,0,0,0,0,0,0
118,3444,119.04292160500071,99993,48,31,5,0,684,327,0.010110707749542468,27,20,49370,49697,549,251,0,0,0,0,0,0,99067,0,0,1,0,0,0,0,0,0,0,925,0,0,0,0,0,0
119,3444,120.04905549214747,99992,49,30,6,0,690,330,0.010200816065285223,26,20,49365,49694,553,255,0,0,0,0,0,0,99058,0,0,1,0,0,0,0,0,0,0,933,0,0,0,0,0,0
120,3444,121.27939782767969,99992,49,32,6,0,696,335,0.01031082486598928,27,18,49362,49692,555,257,0,0,0,0,0,0,99049,0,0,1,0,0,0,0,0,0,0,942,0,0,0,0,0,0
121,3444,122.10987819246819,99992,47,29,6,0,701,337,0.010380830466437315,26,22,49359,49687,561,261,0,0,0,0,0,0,99037,0,0,1,0,0,0,0,0,0,0,954,0,0,0,0,0,0
122,3444,123.21204701305038,99992,45,33,6,0,706,345,0.010510840867269382,30,19,49352,49683,566,264,0,0,0,0,0,0,99026,0,0,1,0,0,0,0,0,0,0,965,0,0,0,0,0,0
123,3444,124.10820953997484,99992,47,29,6,0,713,347,0.010600848067845428,33,19,49347,49682,566,269,0,0,0,0,0,0,99015,0,0,1,0,0,0,0,0,0,0,976,0,0,0,0,0,0
124,3444,125.1243225282212,99992,48,26,6,0,721,352,0.010730858468677494,29,16,49344,49682,572,275,0,0,0,0,0,0,99000,0,0,1,0,0,0,0,0,0,0,991,0,0,0,0,0,0
125,3444,126.16189429032029,99992,52,25,6,0,731,356,0.010870869669573567,31,18,49334,49677,576,279,0,0,0,0,0,0,98989,0,0,1,0,0,0,0,0,0,0,1002,0,0,0,0,0,0
126,3444,127.11853695197777,99992,55,28,6,0,740,362,0.011020881670533642,26,21,49334,49669,578,281,0,0,0,0,0,0,98980,0,0,1,0,0,0,0,0,0,0,1011,0,0,0,0,0,0
127,3444,128.30934330066344,99992,50,28,6,0,745,367,0.011120889671173693,31,24,49325,49663,587,284,0,0,0,0,0,0,98965,0,0,1,0,0,0,0,0,0,0,1026,0,0,0,0,0,0
128,3444,129.29522963745936,99992,54,27,6,0,757,372,0.01129090327226178,32,23,49314,49659,593,290,0,0,0,0,0,0,98951,0,0,1,0,0,0,0,0,0,0,1040,0,0,0,0,0,0
129,3444,130.32460828700457,99992,54,27,6,0,762,375,0.011370909672773821,33,21,49312,49658,594,293,0,0,0,0,0,0,98943,0,0,1,0,0,0,0,0,0,0,1048,0,0,0,0,0,0
130,3444,131.01088611171414,99992,50,27,6,0,764,376,0.011400912072965837,34,22,49312,49657,597,293,0,0,0,0,0,0,98936,0,0,1,0,0,0,0,0,0,0,1055,0,0,0,0,0,0
131,3444,132.04037463482194,99992,51,24,6,0,772,378,0.011500920073605888,41,25,49298,49655,603,295,0,0,0,0,0,0,98924,0,0,1,0,0,0,0,0,0,0,1067,0,0,0,0,0,0
132,3444,133.07003588932784,99992,57,31,6,0,784,386,0.01170093607488599,36,21,49293,49651,607,296,0,0,0,0,0,0,98917,0,0,1,0,0,0,0,0,0,0,1074,0,0,0,0,0,0
133,3444,134.09975455814353,99992,54,30,6,0,790,389,0.011790943275462037,36,23,49289,49646,614,300,0,0,0,0,0,0,98904,0,0,1,0,0,0,0,0,0,0,1087,0,0,0,0,0,0
134,3444,135.00820534662523,99992,55,34,6,0,796,396,0.011920953676294104,37,17,49284,49646,617,302,0,0,0,0,0,0,98896,0,0,1,0,0,0,0,0,0,0,1095,0,0,0,0,0,0
135,3444,136.024371589508,99992,58,32,6,0,802,402,0.012040963277062165,39,15,49277,49643,619,309,0,0,0,0,0,0,98885,0,0,1,0,0,0,0,0,0,0,1106,0,0,0,0,0,0
136,3444,137.0858048351079,99992,61,25,6,0,815,405,0.012200976078086246,41,19,49265,49637,626,318,0,0,0,0,0,0,98865,0,0,1,0,0,0,0,0,0,0,1126,0,0,0,0,0,0
137,3444,138.21776802871366,99992,56,27,6,0,821,409,0.012300984078726299,48,23,49253,49631,636,318,0,0,0,0,0,0,98852,0,0,1,0,0,0,0,0,0,0,1139,0,0,0,0,0,0
138,3444,139.2482572122202,99992,62,32,6,0,831,416,0.012470997679814385,50,20,49243,49627,638,320,0,0,0,0,0,0,98846,0,0,1,0,0,0,0,0,0,0,1145,0,0,0,0,0,0
139,3444,140.2788788095052,99992,63,31,6,0,841,419,0.012601008080646452,53,21,49233,49623,644,324,0,0,0,0,0,0,98834,0,0,2,0,0,0,0,0,0,0,1156,0,0,0,0,0,0
140,3444,141.0848090781014,99992,62,29,6,0,855,425,0.012801024081926553,46,21,49228,49619,657,330,0,0,0,0,0,0,98811,0,0,2,0,0,0,0,0,0,0,1179,0,0,0,0,0,0
141,3444,142.1157686545933,99992,60,23,6,0,865,429,0.012941035282822626,43,24,49222,49614,668,338,0,0,0,0,0,0,98789,0,0,2,0,0,0,0,0,0,0,1201,0,0,0,0,0,0
142,3444,143.14691931343793,99991,59,24,7,0,875,433,0.013081177305957536,40,24,49218,49611,675,340,0,0,0,0,0,0,98775,0,0,2,0,0,0,0,0,0,0,1214,0,0,0,0,0,0
143,3444,144.17818107485414,99991,56,24,7,0,887,436,0.013231190807172645,37,26,49213,49606,686,343,0,0,0,0,0,0,98757,0,0,2,0,0,0,0,0,0,0,1232,0,0,0,0,0,0
144,3444,145.20959924193565,99991,63,25,7,0,899,440,0.013391205208468763,34,25,49206,49603,689,346,0,0,0,0,0,0,98749,0,0,2,0,0,0,0,0,0,0,1240,0,0,0,0,0,0
145,3444,146.24111653310044,99991,63,30,7,0,910,450,0.013601224110169915,33,17,49198,49602,698,350,0,0,0,0,0,0,98733,0,0,2,0,0,0,0,0,0,0,1256,0,0,0,0,0,0
146,3444,147.0058707779859,99991,68,32,7,0,918,454,0.013721234911142003,32,18,49192,49597,700,352,0,0,0,0,0,0,98728,0,0,2,0,0,0,0,0,0,0,1261,0,0,0,0,0,0
147,3444,148.00338708222313,99991,60,34,7,0,923,461,0.01384124571211409,33,15,49189,49595,710,355,0,0,0,0,0,0,98710,0,0,2,0,0,0,0,0,0,0,1279,0,0,0,0,0,0
148,3444,149.17535463857772,99991,60,36,7,0,937,470,0.014071266413977258,33,18,49179,49584,720,361,0,0,0,0,0,0,98689,0,0,2,0,0,0,0,0,0,0,1300,0,0,0,0,0,0
149,3444,150.171809441135,99991,56,35,7,0,939,474,0.014131271814463301,39,16,49174,49582,723,366,0,0,0,0,0,0,98678,0,0,2,0,0,0,0,0,0,0,1311,0,0,0,0,0,0
150,3444,151.15861863999652,99991,51,35,7,0,948,477,0.014251282615435389,45,16,49165,49580,731,368,0,0,0,0,0,0,98661,0,0,2,0,0,0,0,0,0,0,1328,0,0,0,0,0,0
151,3444,152.30155044876327,99991,51,31,7,0,957,480,0.014371293416407476,47,18,49161,49577,733,373,0,0,0,0,0,0,98646,0,0,3,0,0,0,0,0,0,0,1342,0,0,0,0,0,0
152,3444,153.2105514730411,99991,57,28,7,0,972,482,0.0145413087177846,40,19,49156,49576,739,376,0,0,0,0,0,0,98632,0,0,3,0,0,0,0,0,0,0,1356,0,0,0,0,0,0
153,3444,154.01143179233384,99991,57,28,7,0,976,485,0.014611315018351652,40,17,49155,49576,740,378,0,0,0,0,0,0,98625,0,0,3,0,0,0,0,0,0,0,1363,0,0,0,0,0,0
154,3444,155.30296394707864,99991,61,29,7,0,987,488,0.014751327619485754,36,20,49150,49572,745,378,0,0,0,0,0,0,98616,0,0,3,0,0,0,0,0,0,0,1372,0,0,0,0,0,0
155,3444,156.1693181650582,99991,64,27,7,0,995,492,0.014871338420457842,34,17,49147,49572,747,383,0,0,0,0,0,0,98605,0,0,3,0,0,0,0,0,0,0,1383,0,0,0,0,0,0
156,3444,157.1783712490064,99991,61,24,7,0,1002,494,0.014961346521186906,39,20,49135,49571,757,384,0,0,0,0,0,0,98590,0,0,3,0,0,0,0,0,0,0,1398,0,0,0,0,0,0
157,3444,158.2113841476363,99991,65,23,7,0,1013,496,0.015091358222240002,33,22,49130,49568,764,386,0,0,0,0,0,0,98580,0,0,3,0,0,0,0,0,0,0,1408,0,0,0,0,0,0
158,3444,159.2445093946225,99991,65,26,7,0,1024,500,0.01524137172345511,29,27,49127,49559,771,387,0,0,0,0,0,0,98568,0,0,3,0,0,0,0,0,0,0,1420,0,0,0,0,0,0
159,3444,160.27767902079214,99991,65,29,7,0,1033,507,0.015401386124751228,31,27,49117,49553,779,390,0,0,0,0,0,0,98555,0,0,3,0,0,0,0,0,0,0,1433,0,0,0,0,0,0
160,3444,161.31104333275943,99991,63,31,7,0,1040,513,0.015531397825804323,37,29,49104,49547,788,392,0,0,0,0,0,0,98543,0,0,4,0,0,0,0,0,0,0,1444,0,0,0,0,0,0
161,3444,162.00006169721078,99991,60,32,7,0,1045,518,0.015631406826614395,35,28,49102,49543,795,396,0,0,0,0,0,0,98531,0,0,4,0,0,0,0,0,0,0,1456,0,0,0,0,0,0
162,3444,163.03376229431012,99991,56,34,7,0,1054,524,0.015781420327829504,31,31,49098,49535,807,399,0,0,0,0,0,0,98514,0,0,4,0,0,0,0,0,0,0,1473,0,0,0,0,0,0
163,3444,164.0676187777331,99991,62,30,7,0,1063,529,0.015921432928963607,34,30,49086,49531,810,408,0,0,0,0,0,0,98502,0,0,4,0,0,0,0,0,0,0,1485,0,0,0,0,0,0
164,3444,165.1016113025818,99991,62,37,7,0,1069,539,0.016081447330259725,36,29,49081,49522,813,411,0,0,0,0,0,0,98493,0,0,4,0,0,0,0,0,0,0,1494,0,0,0,0,0,0
165,3444,166.13569095217366,99991,60,42,7,0,1076,545,0.016211459031312818,41,27,49073,49519,818,411,0,0,0,0,0,0,98483,0,0,4,0,0,0,0,0,0,0,1504,0,0,0,0,0,0
166,3444,167.16986075477053,99991,69,48,7,0,1090,555,0.016451480633256993,43,21,49061,49515,819,415,0,0,0,0,0,0,98474,0,0,4,0,0,0,0,0,0,0,1513,0,0,0,0,0,0
167,3444,168.07962157966483,99991,73,48,7,0,1098,560,0.016581492334310086,48,18,49049,49513,822,420,0,0,0,0,0,0,98465,0,0,4,0,0,0,0,0,0,0,1522,0,0,0,0,0,0
168,3444,169.00944982633803,99991,84,47,7,0,1115,565,0.01680151213609225,47,14,49033,49512,828,426,0,0,0,0,0,0,98453,0,0,4,0,0,0,0,0,0,0,1534,0,0,0,0,0,0
169,3444,170.20789101493162,99991,89,42,7,0,1131,569,0.017001530137712394,54,24,49016,49503,833,430,0,0,0,0,0,0,98433,0,0,4,0,0,0,0,0,0,0,1554,0,0,0,0,0,0
170,3444,171.24282539191688,99991,92,43,7,0,1144,576,0.01720154813933254,55,19,49003,49502,842,435,0,0,0,0,0,0,98417,0,0,4,0,0,0,0,0,0,0,1570,0,0,0,0,0,0
171,3444,172.28587392735088,99991,93,35,7,0,1157,580,0.017371563440709663,57,31,48992,49488,850,445,0,0,0,0,0,0,98393,0,0,4,0,0,0,0,0,0,0,1594,0,0,0,0,0,0
172,3444,173.32124401472194,99991,97,39,7,0,1170,588,0.017581582342410817,61,30,48978,49481,856,449,0,0,0,0,0,0,98380,0,0,4,0,0,0,0,0,0,0,1607,0,0,0,0,0,0
173,3444,174.01160833787145,99991,104,36,7,0,1181,592,0.017731595843625925,61,29,48973,49479,854,455,0,0,0,0,0,0,98369,0,0,4,0,0,0,0,0,0,0,1618,0,0,0,0,0,0
174,3444,175.04722510341148,99991,104,44,7,0,1197,604,0.01801162104589413,53,21,48966,49476,869,458,0,0,0,0,0,0,98350,0,0,5,0,0,0,0,0,0,0,1636,0,0,0,0,0,0
175,3444,176.0830701761113,99991,103,49,7,0,1207,611,0.018181636347271254,68,25,48944,49465,877,460,0,0,0,0,0,0,98338,0,0,6,0,0,0,0,0,0,0,1647,0,0,0,0,0,0
176,3444,177.11919594879822,99991,99,47,7,0,1216,619,0.018351651648648378,76,28,48933,49456,884,468,0,0,0,0,0,0,98315,0,0,6,0,0,0,0,0,0,0,1670,0,0,0,0,0,0
177,3444,178.1554774367816,99991,106,54,7,0,1230,633,0.018631676850916584,74,26,48922,49446,890,473,0,0,0,0,0,0,98301,0,0,6,0,0,0,0,0,0,0,1684,0,0,0,0,0,0
178,3444,179.1919618139169,99991,112,55,7,0,1252,644,0.01896170655358982,71,22,48906,49442,903,480,0,0,0,0,0,0,98275,0,0,6,0,0,0,0,0,0,0,1710,0,0,0,0,0,0
179,3444,180.2287526719883,99991,108,49,7,0,1265,647,0.01912172095488594,77,26,48889,49437,918,487,0,0,0,0,0,0,98249,0,0,6,0,0,0,0,0,0,0,1736,0,0,0,0,0,0
180,3444,181.2658939993376,99991,102,48,7,0,1279,655,0.0193417407566681,82,26,48875,49431,933,494,0,0,0,0,0,0,98220,0,0,6,0,0,0,0,0,0,0,1765,0,0,0,0,0,0
181,3444,182.30335606209093,99991,104,48,7,0,1298,659,0.01957176145853127,78,30,48863,49425,947,496,0,0,0,0,0,0,98199,0,0,6,0,0,0,0,0,0,0,1786,0,0,0,0,0,0
182,3444,183.34109671883704,99991,119,52,7,0,1326,669,0.019951795661609546,63,25,48853,49420,957,502,0,0,0,0,0,0,98180,0,0,6,0,0,0,0,0,0,0,1805,0,0,0,0,0,0
183,3444,184.0330105738355,99991,117,56,7,0,1334,674,0.02008180736266264,68,28,48842,49416,965,499,0,0,0,0,0,0,98169,0,0,6,0,0,0,0,0,0,0,1816,0,0,0,0,0,0
184,3444,185.07111008020252,99991,122,63,7,0,1358,682,0.020401836165254872,73,30,48815,49407,982,499,0,0,0,0,0,0,98149,0,0,6,0,0,0,0,0,0,0,1836,0,0,0,0,0,0
185,3444,186.10960137218694,99991,132,62,7,0,1386,689,0.02075186766809013,66,33,48798,49397,996,507,0,0,0,0,0,0,98123,0,0,6,0,0,0,0,0,0,0,1862,0,0,0,0,0,0
186,3444,187.14840832228353,99991,116,63,7,0,1399,698,0.02097188746987229,70,32,48782,49391,1024,513,0,0,0,0,0,0,98087,0,0,7,0,0,0,0,0,0,0,1897,0,0,0,0,0,0
187,3444,188.18768203044485,99991,112,63,7,0,1416,705,0.021211909071816464,72,31,48769,49391,1039,514,0,0,0,0,0,0,98059,0,0,7,0,0,0,0,0,0,0,1925,0,0,0,0,0,0
188,3444,189.22729544103325,99991,118,60,7,0,1438,709,0.021471932473922654,78,42,48743,49378,1053,519,0,0,0,0,0,0,98036,0,0,7,0,0,0,0,0,0,0,1948,0,0,0,0,0,0
189,3444,190.26728944806467,99991,121,64,7,0,1457,722,0.021791961276514886,71,42,48732,49366,1068,527,0,0,0,0,0,0,98012,0,0,8,0,0,0,0,0,0,0,1971,0,0,0,0,0,0
190,3444,191.30750360068296,99991,126,67,7,0,1481,730,0.022111990079107118,60,48,48723,49353,1083,531,0,0,0,0,0,0,97988,0,0,8,0,0,0,0,0,0,0,1995,0,0,0,0,0,0
191,3444,192.0010794136516,99991,131,64,7,0,1497,735,0.022322008980808272,61,50,48708,49350,1092,535,0,0,0,0,0,0,97969,0,0,8,0,0,0,0,0,0,0,2014,0,0,0,0,0,0
192,3444,193.041751489007,99991,122,69,7,0,1510,748,0.022582032382914462,66,50,48695,49339,1109,541,0,0,0,0,0,0,97940,0,0,9,0,0,0,0,0,0,0,2042,0,0,0,0,0,0
193,3444,194.08274771256535,99991,116,67,7,0,1526,759,0.02285205668510166,64,51,48684,49327,1128,554,0,0,0,0,0,0,97905,0,0,9,0,0,0,0,0,0,0,2077,0,0,0,0,0,0
194,3444,195.12414567749732,99991,113,76,7,0,1547,781,0.023282095388584972,69,36,48662,49321,1148,566,0,0,0,0,0,0,97868,0,0,9,0,0,0,0,0,0,0,2114,0,0,0,0,0,0
195,3444,196.16598969640143,99991,113,71,7,0,1565,786,0.02351211609044814,70,41,48650,49313,1159,574,0,0,0,0,0,0,97840,0,0,9,0,0,0,0,0,0,0,2142,0,0,0,0,0,0
196,3444,197.20809888483058,99991,118,72,7,0,1582,800,0.023822143992959368,71,42,48638,49299,1165,586,0,0,0,0,0,0,97815,0,0,9,0,0,0,0,0,0,0,2167,0,0,0,0,0,0
197,3444,198.250384183922,99991,123,69,7,0,1604,815,0.024192177295956636,75,38,48616,49291,1178,601,0,0,0,0,0,0,97780,0,0,9,0,0,0,0,0,0,0,2202,0,0,0,0,0,0
198,3444,199.2930385661717,99991,126,69,7,0,1627,823,0.024502205198467863,81,42,48592,49284,1193,604,0,0,0,0,0,0,97752,0,0,9,0,0,0,0,0,0,0,2230,0,0,0,0,0,0
199,3444,200.33612469715953,99991,125,63,7,0,1645,833,0.024782230400736065,81,44,48580,49274,1206,618,0,0,0,0,0,0,97717,0,0,9,0,0,0,0,0,0,0,2265,0,0,0,0,0,0
200,3444,201.0316806816375,99991,124,64,7,0,1657,843,0.025002250202518228,80,42,48575,49266,1213,627,0,0,0,0,0,0,97695,0,0,9,0,0,0,0,0,0,0,2287,0,0,0,0,0,0
201,3444,202.07520588459235,99991,120,63,7,0,1674,854,0.02528227540478643,90,44,48550,49254,1232,638,0,0,0,0,0,0,97662,0,0,9,0,0,0,0,0,0,0,2320,0,0,0,0,0,0
202,3444,203.1191435995577,99991,117,77,7,0,1692,874,0.025662309607864708,85,34,48543,49248,1247,640,0,0,0,0,0,0,97635,0,0,9,0,0,0,0,0,0,0,2347,0,0,0,0,0,0
203,3444,204.16333743439915,99991,111,75,7,0,1704,882,0.025862327609484852,92,38,48527,49236,1262,650,0,0,0,0,0,0,97607,0,0,9,0,0,0,0,0,0,0,2375,0,0,0,0,0,0
204,3444,205.20787598948053,99991,124,76,7,0,1738,892,0.026302367213049176,78,35,48511,49232,1279,656,0,0,0,0,0,0,97578,0,0,10,0,0,0,0,0,0,0,2403,0,0,0,0,0,0
205,3444,206.2527322212873,99991,135,78,7,0,1759,904,0.026632396915722414,79,38,48493,49217,1285,666,0,0,0,0,0,0,97558,0,0,10,0,0,0,0,0,0,0,2423,0,0,0,0,0,0
206,3444,207.29777947822737,99991,134,85,7,0,1775,917,0.026922423018071625,84,38,48479,49210,1295,666,0,0,0,0,0,0,97535,0,0,10,0,0,0,0,0,0,0,2446,0,0,0,0,0,0
207,3444,208.34307728890272,99991,136,78,7,0,1796,924,0.02720244822033983,98,46,48449,49195,1309,680,0,0,0,0,0,0,97502,0,0,10,0,0,0,0,0,0,0,2479,0,0,0,0,0,0
208,3444,209.04020878516906,99991,138,79,7,0,1810,932,0.02742246802212199,97,40,48439,49195,1318,685,0,0,0,0,0,0,97483,0,0,10,0,0,0,0,0,0,0,2498,0,0,0,0,0,0
209,3444,210.0862287133563,99991,149,78,7,0,1841,946,0.02787250852576732,82,41,48424,49184,1337,696,0,0,0,0,0,0,97448,0,0,10,0,0,0,0,0,0,0,2533,0,0,0,0,0,0
210,3444,211.1325878047287,99991,145,75,7,0,1859,958,0.028172535528197536,88,45,48411,49168,1348,711,0,0,0,0,0,0,97412,0,0,11,0,0,0,0,0,0,0,2568,0,0,0,0,0,0
211,3444,212.17928550423446,99991,139,72,7,0,1879,970,0.028492564330789772,89,44,48392,49159,1372,724,0,0,0,0,0,0,97371,0,0,11,0,0,0,0,0,0,0,2609,0,0,0,0,0,0
212,3444,213.2263877452123,99991,139,74,7,0,1905,979,0.028842595833625025,83,53,48379,49143,1391,729,0,0,0,0,0,0,97339,0,0,12,0,0,0,0,0,0,0,2640,0,0,0,0,0,0
213,3444,214.27379774610495,99991,134,79,7,0,1924,991,0.02915262373613625,78,51,48368,49136,1412,733,0,0,0,0,0,0,97308,0,0,12,0,0,0,0,0,0,0,2671,0,0,0,0,0,0
214,3444,215.3215663876486,99991,132,76,7,0,1945,1003,0.029482653438809493,81,46,48351,49131,1428,746,0,0,0,0,0,0,97271,0,0,13,0,0,0,0,0,0,0,2707,0,0,0,0,0,0
215,3444,216.02029572477488,99991,133,79,7,0,1959,1010,0.029692672340510647,77,45,48345,49130,1437,745,0,0,0,0,0,0,97254,0,0,13,0,0,0,0,0,0,0,2724,0,0,0,0,0,0
216,3444,217.06864031736114,99991,132,87,7,0,1976,1025,0.03001270114310288,84,44,48325,49121,1451,747,0,0,0,0,0,0,97229,0,0,13,0,0,0,0,0,0,0,2749,0,0,0,0,0,0
217,3444,218.1173050281547,99991,136,84,7,0,1998,1038,0.030362732645938133,85,48,48307,49106,1464,761,0,0,0,0,0,0,97195,0,0,13,0,0,0,0,0,0,0,2783,0,0,0,0,0,0
218,3444,219.1662524689802,99991,140,89,7,0,2016,1051,0.03067276054844936,90,50,48287,49093,1475,767,0,0,0,0,0,0,97173,0,0,13,0,0,0,0,0,0,0,2805,0,0,0,0,0,0
219,3444,220.21553248247218,99991,125,96,7,0,2024,1064,0.030882779450150513,104,50,48270,49082,1493,771,0,0,0,0,0,0,97144,0,0,13,0,0,0,0,0,0,0,2834,0,0,0,0,0,0
220,3444,221.26519096995267,99991,143,93,7,0,2054,1073,0.0312728145533098,101,54,48248,49070,1500,782,0,0,0,0,0,0,97120,0,0,13,0,0,0,0,0,0,0,2858,0,0,0,0,0,0
221,3444,222.31515553082235,99991,132,94,7,0,2075,1086,0.031612845156064044,100,51,48232,49062,1528,792,0,0,0,0,0,0,97076,0,0,13,0,0,0,0,0,0,0,2902,0,0,0,0,0,0
222,3444,223.0153747914766,99991,136,90,7,0,2092,1093,0.03185286675800822,107,58,48210,49052,1539,799,0,0,0,0,0,0,97052,0,0,13,0,0,0,0,0,0,0,2926,0,0,0,0,0,0
223,3444,224.06609584629115,99991,149,86,7,0,2125,1103,0.03228290546149153,101,67,48189,49038,1553,808,0,0,0,0,0,0,97018,0,0,13,0,0,0,0,0,0,0,2960,0,0,0,0,0,0
224,3444,225.11725914001585,99991,148,92,7,0,2145,1124,0.032692942364812835,113,65,48163,49023,1568,819,0,0,0,0,0,0,96982,0,0,13,0,0,0,0,0,0,0,2996,0,0,0,0,0,0
225,3444,226.168877488015,99991,149,94,7,0,2174,1137,0.033112980168215136,110,68,48144,49010,1589,827,0,0,0,0,0,0,96943,0,0,13,0,0,0,0,0,0,0,3035,0,0,0,0,0,0
226,3444,227.22084846340633,99991,161,98,7,0,2202,1155,0.033573021571941475,108,61,48126,49000,1597,840,0,0,0,0,0,0,96913,0,0,13,0,0,0,0,0,0,0,3065,0,0,0,0,0,0
227,3444,228.2731067515151,99991,181,106,7,0,2240,1174,0.03414307287655889,98,57,48101,48986,1612,850,0,0,0,0,0,0,96884,0,0,13,0,0,0,0,0,0,0,3094,0,0,0,0,0,0
228,3444,229.32575351387493,99991,167,105,7,0,2263,1195,0.03458311248012321,111,47,48071,48978,1643,869,0,0,0,0,0,0,96826,0,0,14,0,0,0,0,0,0,0,3151,0,0,0,0,0,0
229,3444,230.02790806791563,99991,164,100,7,0,2283,1203,0.03486313768239142,106,49,48061,48971,1661,879,0,0,0,0,0,0,96792,0,0,16,0,0,0,0,0,0,0,3183,0,0,0,0,0,0
230,3444,231.08164118632538,99991,171,100,7,0,2312,1217,0.03529317638587473,103,52,48039,48955,1679,892,0,0,0,0,0,0,96757,0,0,17,0,0,0,0,0,0,0,3217,0,0,0,0,0,0
231,3444,232.13576408353404,99991,171,94,7,0,2343,1232,0.03575321778960106,97,47,48019,48949,1705,909,0,0,0,0,0,0,96705,0,0,17,0,0,0,0,0,0,0,3269,0,0,0,0,0,0
232,3444,233.1904340600234,99991,178,94,7,0,2376,1248,0.03624326189357042,97,47,47992,48934,1725,924,0,0,0,0,0,0,96664,0,0,18,0,0,0,0,0,0,0,3309,0,0,0,0,0,0
233,3444,234.24560633565466,99991,179,87,7,0,2397,1261,0.03658329249632467,109,50,47965,48921,1739,941,0,0,0,0,0,0,96626,0,0,20,0,0,0,0,0,0,0,3345,0,0,0,0,0,0
234,3444,235.30123762569116,99990,174,86,8,0,2418,1272,0.0369036903690369,117,55,47944,48908,1756,950,0,0,0,0,0,0,96588,0,0,20,0,0,0,0,0,0,0,3382,0,0,0,0,0,0
235,3444,236.0052463476201,99990,171,86,8,0,2435,1284,0.037193719371937196,116,46,47931,48907,1773,960,0,0,0,0,0,0,96556,0,0,20,0,0,0,0,0,0,0,3414,0,0,0,0,0,0
236,3444,237.06171598513015,99990,180,79,8,0,2467,1292,0.03759375937593759,110,50,47912,48898,1789,972,0,0,0,0,0,0,96518,0,0,20,0,0,0,0,0,0,0,3452,0,0,0,0,0,0
237,3444,238.11856314506215,99990,182,80,8,0,2493,1309,0.038023802380238024,112,47,47901,48890,1796,982,0,0,0,0,0,0,96480,0,0,22,0,0,0,0,0,0,0,3488,0,0,0,0,0,0
238,3444,239.1756525204109,99990,184,81,8,0,2530,1321,0.03851385138513851,104,54,47880,48877,1823,987,0,0,0,0,0,0,96434,0,0,22,0,0,0,0,0,0,0,3534,0,0,0,0,0,0
239,3444,240.2332480182623,99990,190,68,8,0,2558,1329,0.03887388738873888,104,57,47858,48871,1839,1003,0,0,0,0,0,0,96392,0,0,23,0,0,0,0,0,0,0,3575,0,0,0,0,0,0
240,3444,241.2913206097421,99990,194,72,8,0,2580,1342,0.03922392239223922,109,56,47839,48867,1849,1004,0,0,0,0,0,0,96367,0,0,25,0,0,0,0,0,0,0,3598,0,0,0,0,0,0
241,3444,242.34964053087344,99990,198,78,8,0,2604,1361,0.039653965396539655,114,49,47817,48861,1862,1011,0,0,0,0,0,0,96334,0,0,25,0,0,0,0,0,0,0,3631,0,0,0,0,0,0
242,3444,243.05538984378612,99990,199,87,8,0,2624,1376,0.040004000400040006,114,46,47805,48851,1873,1015,0,0,0,0,0,0,96310,0,0,26,0,0,0,0,0,0,0,3654,0,0,0,0,0,0
243,3444,244.1143400507505,99989,199,87,9,0,2654,1391,0.04045444998949885,114,50,47790,48837,1887,1025,0,0,0,0,0,0,96265,0,0,26,0,0,0,0,0,0,0,3698,0,0,0,0,0,0
244,3444,245.17360993260965,99989,203,79,9,0,2689,1399,0.040884497294702414,112,59,47762,48825,1913,1036,0,0,0,0,0,0,96218,0,0,26,0,0,0,0,0,0,0,3745,0,0,0,0,0,0
245,3444,246.2335013244353,99989,196,78,9,0,2717,1412,0.041294542399663965,111,65,47741,48816,1942,1040,0,0,0,0,0,0,96170,0,0,27,0,0,0,0,0,0,0,3792,0,0,0,0,0,0
246,3444,247.29387978692301,99989,195,88,9,0,2747,1430,0.0417745952054726,105,63,47725,48807,1965,1041,0,0,0,0,0,0,96131,0,0,27,0,0,0,0,0,0,0,3831,0,0,0,0,0,0
247,3444,248.00101596629094,99989,195,85,9,0,2774,1436,0.04210463150946604,91,69,47721,48800,1983,1045,0,0,0,0,0,0,96096,0,0,28,0,0,0,0,0,0,0,3865,0,0,0,0,0,0
248,3444,249.06199026060332,99988,184,88,10,0,2800,1454,0.04254510541264952,92,64,47705,48791,2008,1056,0,0,0,0,0,0,96045,0,0,29,0,0,0,0,0,0,0,3914,0,0,0,0,0,0
249,3444,250.12345201548578,99988,178,88,10,0,2825,1471,0.042965155818698246,91,63,47695,48778,2025,1070,0,0,0,0,0,0,95999,0,0,31,0,0,0,0,0,0,0,3958,0,0,0,0,0,0
250,3444,251.18529745693448,99988,172,94,10,0,2846,1487,0.043335200224026885,102,60,47669,48767,2046,1078,0,0,0,0,0,0,95964,0,0,33,0,0,0,0,0,0,0,3991,0,0,0,0,0,0
251,3444,252.24756359812332,99988,180,109,10,0,2869,1513,0.04382525903108373,115,53,47644,48754,2050,1083,0,0,0,0,0,0,95938,0,0,33,0,0,0,0,0,0,0,4017,0,0,0,0,0,0
252,3444,253.31010866273016,99988,176,100,10,0,2891,1522,0.044135296235548266,121,62,47624,48739,2068,1098,0,0,0,0,0,0,95899,0,0,38,0,0,0,0,0,0,0,4051,0,0,0,0,0,0
253,3444,254.01871660514962,99988,171,107,10,0,2905,1536,0.04441532983958075,116,62,47621,48727,2081,1103,0,0,0,0,0,0,95873,0,0,38,0,0,0,0,0,0,0,4077,0,0,0,0,0,0
254,3444,255.08184668729413,99988,175,102,10,0,2931,1552,0.044835380245629476,110,59,47616,48718,2088,1120,0,0,0,0,0,0,95831,0,0,39,0,0,0,0,0,0,0,4118,0,0,0,0,0,0
255,3444,256.1451933822894,99988,174,102,10,0,2961,1564,0.045255430651678204,110,65,47595,48702,2110,1130,0,0,0,0,0,0,95790,0,0,41,0,0,0,0,0,0,0,4157,0,0,0,0,0,0
256,3444,257.20895640748864,99988,173,103,10,0,2990,1583,0.04573548825859103,108,62,47572,48691,2136,1143,0,0,0,0,0,0,95744,0,0,43,0,0,0,0,0,0,0,4201,0,0,0,0,0,0
257,3444,258.27328583089167,99988,174,100,10,0,3018,1605,0.0462355482657919,110,53,47552,48686,2153,1160,0,0,0,0,0,0,95693,0,0,44,0,0,0,0,0,0,0,4251,0,0,0,0,0,0
258,3444,259.338089587995,99988,170,103,10,0,3047,1620,0.046675601072128654,103,59,47539,48666,2177,1171,0,0,0,0,0,0,95649,0,0,45,0,0,0,0,0,0,0,4294,0,0,0,0,0,0
259,3444,260.0481292427804,99988,173,99,10,0,3064,1623,0.046875625075009,102,63,47526,48662,2188,1175,0,0,0,0,0,0,95628,0,0,45,0,0,0,0,0,0,0,4315,0,0,0,0,0,0
260,3444,261.1136200521683,99988,168,108,10,0,3085,1642,0.047275673080769694,112,59,47500,48653,2209,1179,0,0,0,0,0,0,95592,0,0,45,0,0,0,0,0,0,0,4351,0,0,0,0,0,0
261,3444,262.17954134848253,99988,166,114,10,0,3118,1657,0.047755730687682525,104,55,47481,48646,2238,1184,0,0,0,0,0,0,95550,0,0,47,0,0,0,0,0,0,0,4391,0,0,0,0,0,0
262,3444,263.2459399792082,99988,165,114,10,0,3139,1673,0.048125775093011164,107,60,47470,48628,2247,1197,0,0,0,0,0,0,95512,0,0,47,0,0,0,0,0,0,0,4429,0,0,0,0,0,0
263,3444,264.3126061075668,99988,170,113,10,0,3166,1691,0.048575829099491936,107,55,47453,48617,2259,1214,0,0,0,0,0,0,95471,0,0,47,0,0,0,0,0,0,0,4470,0,0,0,0,0,0
264,3444,265.023902709958,99988,169,112,10,0,3181,1701,0.048825859103092374,102,54,47446,48611,2272,1222,0,0,0,0,0,0,95444,0,0,47,0,0,0,0,0,0,0,4497,0,0,0,0,0,0
265,3444,266.0911682790876,99988,168,107,10,0,3210,1712,0.049225907108853065,100,60,47434,48602,2287,1230,0,0,0,0,0,0,95402,0,0,51,0,0,0,0,0,0,0,4535,0,0,0,0,0,0
266,3444,267.1587737180953,99988,166,113,10,0,3237,1730,0.04967596111533384,99,58,47418,48592,2306,1236,0,0,0,0,0,0,95362,0,0,52,0,0,0,0,0,0,0,4574,0,0,0,0,0,0
267,3444,268.22678474526623,99988,159,108,10,0,3263,1745,0.05008601032123855,96,63,47403,48576,2331,1252,0,0,0,0,0,0,95311,0,0,54,0,0,0,0,0,0,0,4623,0,0,0,0,0,0
268,3444,269.2951971471432,99988,171,99,10,0,3300,1765,0.05065607872944753,94,62,47373,48559,2351,1279,0,0,0,0,0,0,95257,0,0,54,0,0,0,0,0,0,0,4677,0,0,0,0,0,0
269,3444,270.0077877703274,99988,166,100,10,0,3317,1782,0.050996119534344124,101,57,47358,48550,2364,1292,0,0,0,0,0,0,95221,0,0,56,0,0,0,0,0,0,0,4711,0,0,0,0,0,0
270,3444,271.07712543404585,99988,169,99,10,0,3347,1797,0.0514461735408249,96,55,47338,48542,2386,1303,0,0,0,0,0,0,95180,0,0,58,0,0,0,0,0,0,0,4750,0,0,0,0,0,0
271,3444,272.14692868055016,99988,171,94,10,0,3377,1812,0.051896227547305676,92,59,47323,48532,2403,1314,0,0,0,0,0,0,95132,0,0,58,0,0,0,0,0,0,0,4798,0,0,0,0,0,0
272,3444,273.2170967589468,99988,176,101,10,0,3400,1828,0.05228627435292235,93,67,47310,48517,2410,1314,0,0,0,0,0,0,95107,0,0,60,0,0,0,0,0,0,0,4821,0,0,0,0,0,0
273,3444,274.2874898575252,99988,179,100,10,0,3433,1840,0.05273632835940313,87,66,47292,48514,2431,1319,0,0,0,0,0,0,95066,0,0,62,0,0,0,0,0,0,0,4860,0,0,0,0,0,0
274,3444,275.00131277043107,99988,180,108,10,0,3453,1854,0.05307636916429972,93,56,47271,48511,2445,1324,0,0,0,0,0,0,95041,0,0,62,0,0,0,0,0,0,0,4885,0,0,0,0,0,0
275,3444,276.07252980351416,99988,189,105,10,0,3496,1867,0.05363643637236468,85,60,47245,48501,2470,1333,0,0,0,0,0,0,94996,0,0,65,1,0,0,0,0,0,0,4926,0,0,0,0,0,0
276,3444,277.14428559045047,99988,193,116,10,0,3522,1888,0.05410649277913349,100,56,47218,48489,2478,1338,0,0,0,0,0,0,94964,0,0,65,1,0,0,0,0,0,0,4958,0,0,0,0,0,0
277,3444,278.216465228186,99987,180,108,11,0,3540,1903,0.0544370768199866,117,65,47195,48470,2496,1356,0,0,0,0,0,0,94912,0,0,67,1,0,0,0,0,0,0,5007,0,0,0,0,0,0
278,3444,279.2890514426956,99987,180,113,11,0,3567,1918,0.05485713142708552,121,62,47178,48462,2509,1362,0,0,0,0,0,0,94876,0,0,68,1,0,0,0,0,0,0,5042,0,0,0,0,0,0
279,3444,280.00430413057114,99987,174,114,11,0,3585,1928,0.055137167831818136,127,59,47159,48456,2528,1370,0,0,0,0,0,0,94844,0,0,69,1,0,0,0,0,0,0,5073,0,0,0,0,0,0
280,3444,281.07766941799497,99987,185,107,11,0,3620,1941,0.05561723023993119,124,59,47140,48446,2539,1387,0,0,0,0,0,0,94802,0,0,71,1,0,0,0,0,0,0,5113,0,0,0,0,0,0
281,3444,282.15148882609975,99987,193,110,11,0,3658,1960,0.056187304349565446,111,55,47119,48435,2565,1399,0,0,0,0,0,0,94756,0,0,71,1,0,0,0,0,0,0,5159,0,0,0,0,0,0
282,3444,283.22585276098664,99987,192,108,11,0,3688,1974,0.05662736155700241,130,56,47083,48426,2583,1409,0,0,0,0,0,0,94710,0,0,72,1,0,0,0,0,0,0,5204,0,0,0,0,0,0
283,3444,284.30080280496315,99987,182,110,11,0,3714,1987,0.05701741226359427,133,58,47062,48415,2611,1416,0,0,0,0,0,0,94664,0,0,73,1,0,0,0,0,0,0,5249,0,0,0,0,0,0
284,3444,285.01775834572055,99987,186,107,11,0,3735,1992,0.05727744606798884,132,56,47044,48415,2626,1421,0,0,0,0,0,0,94640,0,0,74,1,0,0,0,0,0,0,5272,0,0,0,0,0,0
285,3444,286.0936425943435,99987,176,113,11,0,3766,2012,0.05778751237660896,133,53,47028,48403,2651,1430,0,0,0,0,0,0,94587,0,0,76,1,0,0,0,0,0,0,5323,0,0,0,0,0,0
286,3444,287.1700514647871,99987,184,106,11,0,3801,2027,0.05828757738506006,133,46,46999,48397,2672,1450,0,0,0,0,0,0,94538,0,0,76,1,0,0,0,0,0,0,5372,0,0,0,0,0,0
287,3444,288.2470024414439,99987,196,106,11,0,3840,2037,0.05877764109334213,132,49,46975,48386,2685,1458,0,0,0,0,0,0,94503,0,0,78,1,0,0,0,0,0,0,5405,0,0,0,0,0,0
288,3444,289.32437395342157,99986,200,115,12,0,3875,2056,0.05931830456263877,129,41,46958,48381,2700,1462,0,0,0,0,0,0,94466,0,0,81,1,0,0,0,0,0,0,5438,0,0,0,0,0,0
289,3444,290.0428515960498,99986,200,109,12,0,3896,2061,0.05957834096773548,132,50,46940,48373,2715,1467,0,0,0,0,0,0,94435,0,0,82,1,0,0,0,0,0,0,5468,0,0,0,0,0,0
290,3444,291.12101767232974,99986,209,100,12,0,3940,2074,0.06014842077890905,127,50,46910,48362,2741,1487,0,0,0,0,0,0,94378,0,0,82,1,0,0,0,0,0,0,5525,0,0,0,0,0,0
291,3444,292.19983604853485,99986,218,97,12,0,3979,2086,0.06065849218890645,129,56,46877,48352,2763,1494,0,0,0,0,0,0,94334,0,0,83,1,0,0,0,0,0,0,5568,0,0,0,0,0,0
292,3444,293.2792764022359,99985,218,104,13,0,4011,2106,0.06117917687653148,139,48,46845,48345,2784,1502,0,0,0,0,0,0,94289,0,0,83,1,0,0,0,0,0,0,5612,0,0,0,0,0,0
293,3444,294.359337712757,99985,229,104,13,0,4046,2123,0.06169925488823323,133,45,46825,48339,2799,1511,0,0,0,0,0,0,94248,0,0,83,1,0,0,0,0,0,0,5653,0,0,0,0,0,0
294,3444,295.07958050130645,99985,234,106,13,0,4073,2132,0.06205930889633445,123,41,46819,48337,2810,1515,0,0,0,0,0,0,94220,0,0,84,1,0,0,0,0,0,0,5680,0,0,0,0,0,0
295,3444,296.16032077088886,99985,225,92,13,0,4107,2139,0.06246937040556083,133,44,46784,48333,2844,1530,0,0,0,0,0,0,94160,0,0,88,1,0,0,0,0,0,0,5736,0,0,0,0,0,0
296,3444,297.24180060146404,99984,232,88,14,0,4147,2147,0.06295007201152185,130,63,46763,48314,2860,1534,0,0,0,0,0,0,94118,0,0,91,1,0,0,0,0,0,0,5774,0,0,0,0,0,0
297,3444,298.3236847145475,99984,234,90,14,0,4181,2162,0.06344015042406785,132,62,46744,48303,2875,1544,0,0,0,0,0,0,94075,0,0,91,2,0,0,0,0,0,0,5816,0,0,0,0,0,0
298,3444,299.0451542394525,99984,236,89,14,0,4209,2171,0.06381020963354136,124,61,46730,48302,2895,1547,0,0,0,0,0,0,94041,0,0,93,2,0,0,0,0,0,0,5848,0,0,0,0,0,0
299,3444,300.12782124988956,99984,228,80,14,0,4239,2189,0.06429028644583133,124,66,46711,48289,2922,1564,0,0,0,0,0,0,93977,0,0,94,2,0,0,0,0,0,0,5911,0,0,0,0,0,0
300,3444,301.21105934852295,99984,225,83,14,0,4269,2207,0.0647703632581213,127,59,46687,48283,2946,1574,0,0,0,0,0,0,93931,0,0,96,2,0,0,0,0,0,0,5955,0,0,0,0,0,0
301,3444,302.294820300166,99984,234,85,14,0,4308,2221,0.06530044807169147,122,57,46663,48275,2966,1582,0,0,0,0,0,0,93890,0,0,97,2,0,0,0,0,0,0,5995,0,0,0,0,0,0
302,3444,303.01760857868715,99984,227,88,14,0,4320,2233,0.06554048647783646,131,51,46651,48275,2976,1585,0,0,0,0,0,0,93862,0,0,97,2,0,0,0,0,0,0,6023,0,0,0,0,0,0
303,3444,304.10220028370054,99984,226,89,14,0,4352,2250,0.06603056489038246,139,57,46625,48266,2995,1587,0,0,0,0,0,0,93814,0,0,96,3,0,0,0,0,0,0,6071,0,0,0,0,0,0
304,3444,305.1872453928314,99984,233,98,14,0,4393,2268,0.06662065930548888,130,57,46605,48253,3017,1591,0,0,0,0,0,0,93773,0,0,98,3,0,0,0,0,0,0,6110,0,0,0,0,0,0
305,3444,306.27278966098356,99984,236,109,14,0,4430,2290,0.06721075372059529,122,57,46583,48238,3044,1595,0,0,0,0,0,0,93730,0,0,100,3,0,0,0,0,0,0,6151,0,0,0,0,0,0
306,3444,307.35883630931045,99984,234,109,14,0,4464,2306,0.06771083373339734,127,54,46553,48232,3071,1604,0,0,0,0,0,0,93682,0,0,104,3,0,0,0,0,0,0,6195,0,0,0,0,0,0
307,3444,308.08321842055335,99984,241,102,14,0,4489,2312,0.06802088334133462,132,58,46528,48225,3084,1614,0,0,0,0,0,0,93653,0,0,106,3,0,0,0,0,0,0,6222,0,0,0,0,0,0
308,3444,309.1703704819302,99984,236,95,14,0,4520,2321,0.06842094735157625,136,73,46503,48208,3110,1623,0,0,0,0,0,0,93604,0,0,109,3,0,0,0,0,0,0,6268,0,0,0,0,0,0
309,3444,310.258103251766,99984,229,102,14,0,4551,2344,0.06896103376540247,132,60,46489,48203,3135,1634,0,0,0,0,0,0,93553,0,0,112,3,0,0,0,0,0,0,6316,0,0,0,0,0,0
310,3444,311.3463323411676,99984,227,92,14,0,4587,2356,0.06944111057769244,125,63,46472,48195,3161,1649,0,0,0,0,0,0,93495,0,0,114,3,0,0,0,0,0,0,6372,0,0,0,0,0,0
311,3444,312.0721520416601,99984,222,92,14,0,4611,2364,0.06976116178588575,123,63,46457,48190,3183,1654,0,0,0,0,0,0,93459,0,0,115,3,0,0,0,0,0,0,6407,0,0,0,0,0,0
312,3444,313.1613258833563,99984,219,89,14,0,4642,2375,0.07018122899663946,128,71,46438,48180,3200,1659,0,0,0,0,0,0,93413,0,0,117,3,0,0,0,0,0,0,6451,0,0,0,0,0,0
313,3444,314.25099450228896,99983,224,99,15,0,4683,2400,0.07084204314733504,123,65,46413,48168,3224,1667,0,0,0,0,0,0,93364,0,0,119,3,0,0,0,0,0,0,6497,0,0,0,0,0,0
314,3444,315.3411851823604,99983,226,100,15,0,4720,2417,0.0713821349629437,126,60,46385,48163,3247,1676,0,0,0,0,0,0,93316,0,0,120,4,0,0,0,0,0,0,6543,0,0,0,0,0,0
315,3444,316.0683125806686,99983,222,98,15,0,4741,2427,0.07169218767190422,132,65,46369,48157,3261,1679,0,0,0,0,0,0,93279,0,0,120,4,0,0,0,0,0,0,6580,0,0,0,0,0,0
316,3444,317.159369163962,99983,225,97,15,0,4775,2446,0.07222227778722383,140,66,46347,48141,3272,1695,0,0,0,0,0,0,93230,0,0,122,4,0,0,0,0,0,0,6627,0,0,0,0,0,0
317,3444,318.250924030229,99983,226,99,15,0,4817,2461,0.07279237470369963,121,70,46336,48132,3301,1698,0,0,0,0,0,0,93177,0,0,123,4,0,0,0,0,0,0,6679,0,0,0,0,0,0
318,3444,319.34286054106974,99983,211,104,15,0,4843,2479,0.07323244951641779,125,73,46322,48116,3326,1706,0,0,0,0,0,0,93125,0,0,125,4,0,0,0,0,0,0,6729,0,0,0,0,0,0
319,3444,320.07101354760766,99983,210,108,15,0,4861,2493,0.07355250392566737,128,64,46307,48113,3338,1713,1,1,1,1,0,0,93095,0,0,125,4,0,0,0,0,0,1,6757,1,0,0,0,0,0
320,3444,321.05721331165466,99983,210,117,15,0,4887,2515,0.07403258553954173,141,63,46278,48093,3353,1724,2,2,2,2,0,0,93056,0,0,127,4,0,0,0,0,0,3,6792,1,0,0,0,0,0
321,3444,322.0358633581142,99983,215,117,15,0,4920,2534,0.07455267395457228,142,61,46254,48085,3370,1733,3,3,3,3,0,0,93009,0,0,129,4,0,0,0,0,0,5,6835,1,0,0,0,0,0
322,3444,323.2308192902253,99983,213,126,15,0,4959,2560,0.07520278447336047,141,48,46230,48082,3396,1739,4,4,4,4,0,0,92952,0,0,131,4,0,0,0,0,0,6,6888,2,0,0,0,0,0
323,3444,324.0908331357975,99983,208,120,15,0,4974,2565,0.07540281847914146,156,51,46206,48076,3409,1747,5,5,5,5,0,0,92921,0,0,133,4,0,0,0,0,0,8,6915,2,0,0,0,0,0
324,3444,325.16543206533544,99983,218,118,15,0,5013,2580,0.0759429102947501,147,53,46187,48065,3426,1757,6,6,6,6,0,0,92876,0,0,135,4,0,0,0,0,0,9,6956,3,0,0,0,0,0
325,3444,326.1918337347765,99983,222,116,15,0,5055,2593,0.07649300381064782,163,58,46146,48054,3446,1763,7,8,8,7,0,0,92823,0,0,138,4,0,0,0,0,0,12,7003,3,0,0,0,0,0
326,3444,327.14298685462364,99983,229,115,15,0,5085,2601,0.07687306842163168,158,66,46131,48041,3458,1767,8,10,10,8,0,0,92789,0,0,138,4,0,0,0,0,0,14,7034,4,0,0,0,0,0
327,3444,328.10975202143896,99983,234,116,15,0,5120,2617,0.07738315513637319,153,65,46112,48030,3476,1776,9,12,12,9,0,0,92742,0,0,139,4,0,0,0,0,0,17,7077,4,0,0,0,0,0
328,3444,329.03775950317316,99983,230,123,15,0,5160,2638,0.07799325885400518,151,57,46090,48021,3503,1783,10,15,15,10,0,0,92681,0,0,140,4,0,0,0,0,0,21,7133,4,0,0,0,0,0
329,3444,330.0262885629399,99982,243,111,16,0,5202,2649,0.07852413434418196,132,58,46077,48014,3520,1798,11,18,18,11,0,0,92627,0,0,142,4,0,0,0,0,0,25,7180,4,0,0,0,0,0
330,3444,331.05446467741416,99982,247,109,16,0,5238,2663,0.07902422436038486,119,58,46077,47998,3528,1812,12,22,22,12,0,0,92578,0,0,145,4,0,0,0,0,0,29,7221,5,0,0,0,0,0
331,3444,332.02939800029094,99980,239,99,18,0,5277,2672,0.07950590118023605,116,66,46053,47982,3560,1825,13,27,27,13,0,0,92510,0,0,149,4,0,0,0,0,0,35,7277,5,0,0,0,0,0
332,3444,333.0091009462067,99980,242,106,18,0,5312,2686,0.07999599919983996,118,67,46032,47966,3575,1828,14,32,32,14,0,0,92470,0,0,153,4,0,0,0,0,0,40,7307,6,0,0,0,0,0
333,3444,334.04707355684536,99980,248,102,18,0,5354,2702,0.08057611522304461,109,75,46013,47942,3596,1842,15,38,38,15,0,0,92413,0,0,158,4,0,0,0,0,0,46,7352,7,0,0,0,0,0
334,3444,335.0245260891739,99979,236,106,19,0,5372,2719,0.08092699466888047,112,71,46001,47930,3615,1847,16,45,45,16,0,0,92365,0,0,159,5,0,0,0,0,0,53,7390,7,0,0,0,0,0
335,3444,336.0024268790604,99979,243,105,19,0,5404,2734,0.08139709338961182,111,78,45984,47906,3625,1857,17,53,53,17,0,0,92317,0,0,160,5,0,0,0,0,0,61,7428,8,0,0,0,0,0
336,3444,337.0150665078903,99979,236,112,19,0,5433,2756,0.08190720051210754,110,72,45970,47888,3646,1865,18,62,62,18,0,0,92257,0,0,161,5,0,0,0,0,0,71,7477,8,0,0,0,0,0
337,3444,338.04206297161903,99978,241,117,20,0,5469,2774,0.08244813859048991,107,73,45953,47867,3660,1870,18,72,72,19,0,0,92205,0,0,163,5,0,0,0,0,0,81,7515,9,0,0,0,0,0
338,3444,339.07624068232155,99977,222,117,21,0,5490,2792,0.0828390529821859,113,69,45944,47853,3680,1879,19,81,83,20,0,0,92135,0,0,163,5,0,0,0,0,0,93,7572,9,0,0,0,0,0
339,3444,340.02042844141977,99977,220,113,21,0,5511,2806,0.08318913350070516,119,73,45925,47829,3694,1891,20,93,95,21,0,0,92082,0,0,164,5,0,0,0,0,0,106,7611,9,0,0,0,0,0
340,3444,341.0403979304172,99977,217,110,21,0,5538,2825,0.08364923932504476,116,68,45913,47810,3711,1905,21,106,108,22,0,0,92018,0,0,165,5,0,0,0,0,0,119,7660,10,0,0,0,0,0
341,3444,342.19814113693263,99977,206,106,21,0,5573,2847,0.0842193704552047,124,66,45889,47787,3736,1920,23,120,122,24,0,0,91935,0,0,169,6,0,0,0,0,0,135,7723,9,0,0,0,0,0
342,3444,343.30087640713515,99977,199,108,21,0,5604,2866,0.08471948548166078,123,63,45874,47765,3757,1928,25,135,137,26,0,0,91869,0,0,175,6,0,0,0,0,0,152,7766,9,0,0,0,0,0
343,3444,344.03627133927796,99977,206,106,21,0,5628,2877,0.08506956600018004,123,62,45856,47745,3766,1934,27,152,154,28,0,0,91820,0,0,175,6,0,0,0,0,0,171,7796,9,0,0,0,0,0
344,3444,345.1398260228506,99977,212,99,21,0,5665,2889,0.08555967872610701,119,64,45831,47720,3787,1946,29,170,172,30,0,0,91753,0,0,178,6,0,0,0,0,0,191,7840,9,0,0,0,0,0
345,3444,346.2439079924021,99977,211,105,21,0,5701,2912,0.08614981445732518,116,64,45811,47684,3809,1956,31,190,192,32,0,0,91682,0,0,182,6,0,0,0,0,0,212,7885,10,0,0,0,0,0
346,3444,347.34849487286357,99977,206,109,21,0,5730,2931,0.08662992488272303,121,65,45785,47649,3833,1966,33,210,213,34,0,0,91613,0,0,183,6,0,0,0,0,0,233,7930,12,0,0,0,0,0
347,3444,348.08523661790116,99977,206,109,21,0,5754,2941,0.08697000310071316,122,64,45769,47622,3845,1971,36,233,236,37,0,0,91557,0,0,185,6,0,0,0,0,0,257,7958,14,0,0,0,0,0
348,3444,349.19082513889146,99977,215,104,21,0,5785,2956,0.08743010892505276,124,59,45760,47597,3841,1984,38,255,260,40,0,0,91492,0,0,186,6,0,0,0,0,0,281,7995,17,0,0,0,0,0
349,3444,350.29659528343825,99977,211,100,21,0,5821,2971,0.08794022625203797,116,63,45746,47563,3864,1992,41,281,286,43,0,0,91413,0,0,192,6,0,0,0,0,0,307,8039,20,0,0,0,0,0
350,3444,351.0340021266279,99977,213,105,21,0,5837,2985,0.08824029526791162,129,61,45722,47530,3870,1994,44,309,314,46,0,0,91361,0,0,192,6,0,0,0,0,0,336,8060,22,0,0,0,0,0
351,3444,352.1405973625191,99977,220,100,21,0,5872,2998,0.08872040569330947,131,60,45696,47502,3883,2001,48,336,343,50,0,0,91287,0,0,195,6,0,0,0,0,0,367,8098,24,0,0,0,0,0
352,3444,353.2478533878059,99977,220,106,21,0,5910,3018,0.08930053912399852,129,62,45666,47463,3911,2001,52,367,374,54,0,0,91206,0,0,198,6,0,0,0,0,0,399,8141,27,0,0,0,0,0
353,3444,354.35580895955565,99977,215,108,21,0,5942,3040,0.08984066335257108,135,54,45639,47426,3933,2013,56,398,407,58,0,0,91118,0,0,200,6,0,0,0,0,0,432,8190,31,0,0,0,0,0
354,3444,355.09479876190676,99977,221,107,21,0,5971,3047,0.09020074617161947,127,60,45628,47382,3941,2019,61,431,442,63,0,0,91054,0,0,203,7,0,0,0,0,0,469,8211,33,0,0,0,0,0
355,3444,356.20361543128274,99977,226,117,21,0,6006,3072,0.09080088420336678,134,52,45593,47339,3959,2023,66,468,479,68,0,0,90970,0,0,204,7,0,0,0,0,0,509,8252,35,0,0,0,0,0
356,3444,357.31308200292733,99977,226,110,21,0,6040,3089,0.09131100153035199,144,49,45561,47304,3976,2036,71,500,518,73,0,0,90877,0,0,209,7,0,0,0,0,0,549,8296,39,0,0,0,0,0
357,3444,358.0531280735641,99977,242,111,21,0,6077,3100,0.09179111195574982,130,53,45549,47254,3982,2042,75,539,559,79,0,0,90802,0,0,211,7,0,0,0,0,0,595,8322,40,0,0,0,0,0
358,3444,359.1636019416709,99977,232,111,21,0,6108,3117,0.09227122238114767,129,54,45529,47208,4008,2047,80,579,602,85,0,0,90700,0,0,212,7,0,0,0,0,0,640,8374,44,0,0,0,0,0
359,3444,360.27466365042324,99977,233,96,21,0,6145,3122,0.09269131900337077,119,67,45515,47153,4025,2063,86,620,647,91,0,0,90599,0,0,216,7,0,0,0,0,0,689,8420,46,0,0,0,0,0
360,3444,361.0156476191472,99977,237,95,21,0,6167,3132,0.09301139262030267,124,69,45490,47100,4034,2067,93,668,695,98,0,0,90516,0,0,216,7,0,0,0,0,0,743,8448,47,0,0,0,0,0
361,3444,362.12766522793146,99977,239,102,21,0,6199,3154,0.09355151684887524,119,63,45473,47050,4047,2067,100,717,745,105,0,0,90424,0,0,218,7,0,0,0,0,0,792,8481,55,0,0,0,0,0
362,3444,363.24022332641306,99976,233,104,22,0,6240,3176,0.09418260382491798,110,63,45456,46989,4070,2078,108,765,797,113,0,0,90305,0,0,224,7,0,0,0,0,0,850,8533,57,0,0,0,0,0
363,3444,364.3532634038801,99976,239,106,22,0,6276,3191,0.09469272625430103,108,66,45432,46927,4082,2083,116,817,852,121,0,0,90205,0,0,224,8,0,0,0,0,0,908,8570,61,0,0,0,0,0
364,3444,365.095563372796,99976,234,113,22,0,6299,3207,0.09508281987677042,109,61,45417,46868,4094,2086,123,871,909,130,0,0,90108,0,0,228,8,0,0,0,0,0,972,8597,63,0,0,0,0,0
365,3444,366.20963040954314,99976,218,117,22,0,6328,3225,0.09555293270384893,115,58,45386,46806,4126,2093,132,925,968,139,0,0,89988,0,0,231,8,0,0,0,0,0,1036,8646,67,0,0,0,0,0
366,3444,367.3244685129987,99976,220,115,22,0,6367,3243,0.09612306953668881,106,56,45364,46738,4146,2104,141,986,1030,149,0,0,89866,0,0,233,8,0,0,0,0,0,1103,8694,72,0,0,0,0,0
367,3444,368.06807954621866,99976,228,109,22,0,6391,3248,0.09641313915339682,95,59,45351,46676,4151,2109,152,1046,1094,160,0,0,89774,0,0,236,8,0,0,0,0,0,1171,8708,79,0,0,0,0,0
368,3444,369.1839668860391,99976,226,115,22,0,6421,3267,0.09690325678162759,112,57,45312,46604,4164,2112,163,1111,1161,171,0,0,89661,0,0,240,8,0,0,0,0,0,1243,8739,85,0,0,0,0,0
369,3444,370.30055651539783,99976,244,121,22,0,6466,3287,0.09755341281907658,106,55,45277,46529,4175,2118,175,1176,1231,183,0,0,89544,0,0,244,8,0,0,0,0,0,1323,8770,87,0,0,0,0,0
370,3444,371.0452839634772,99976,244,115,22,0,6486,3298,0.09786348723693686,112,54,45252,46455,4183,2128,186,1247,1303,195,0,0,89426,0,0,245,8,0,0,0,0,0,1405,8803,89,0,0,0,0,0
371,3444,372.1631619877198,99976,238,106,22,0,6517,3310,0.09829359046171081,121,64,45216,46371,4204,2139,198,1319,1378,208,0,0,89288,0,0,249,8,0,0,0,0,0,1489,8849,93,0,0,0,0,0
372,3444,373.2819709340708,99976,240,116,22,0,6553,3328,0.09883372009282228,128,59,45177,46297,4220,2137,212,1390,1456,222,0,0,89162,0,0,252,8,0,0,0,0,0,1576,8880,98,0,0,0,0,0
373,3444,374.0282800693083,99976,248,111,22,0,6584,3340,0.09926382331759623,121,61,45155,46221,4227,2142,226,1464,1536,236,0,0,89041,0,0,254,8,0,0,0,0,0,1659,8905,109,0,0,0,0,0
374,3444,375.14845446204396,99976,249,96,22,0,6618,3356,0.09976394334640314,125,63,45118,46138,4246,2162,239,1540,1619,251,0,0,88890,0,0,257,8,0,0,0,0,0,1749,8955,117,0,0,0,0,0
375,3444,376.2696159353438,99976,241,92,22,0,6650,3372,0.10024405857405777,130,61,45075,46068,4276,2166,255,1612,1705,267,0,0,88747,0,0,263,8,0,0,0,0,0,1838,8990,130,0,0,0,0,0
376,3444,377.01764572063774,99976,235,93,22,0,6678,3382,0.10062414979595102,128,63,45045,45981,4298,2168,271,1694,1794,284,0,0,88605,0,0,262,9,0,0,0,0,0,1937,9027,136,0,0,0,0,0
377,3444,378.14068991084883,99976,242,97,22,0,6715,3402,0.10119428662879092,140,57,44997,45898,4311,2167,287,1780,1885,302,0,0,88460,0,0,262,10,0,0,0,0,0,2037,9063,144,0,0,0,0,0
378,3444,379.2646691735921,99976,245,90,22,0,6753,3418,0.10173441625990237,139,54,44965,45825,4326,2162,302,1868,1979,320,0,0,88310,0,0,265,10,0,0,0,0,0,2132,9098,161,0,0,0,0,0
379,3444,380.01450167139484,99976,248,86,22,0,6776,3427,0.1020544930783388,134,66,44938,45718,4337,2166,320,1963,2076,339,0,0,88172,0,0,269,10,0,0,0,0,0,2241,9116,168,0,0,0,0,0
380,3444,381.1400639426478,99976,234,87,22,0,6806,3448,0.10256461550772185,131,66,44900,45614,4372,2173,340,2059,2176,359,0,0,87993,0,0,270,10,0,0,0,0,0,2357,9174,172,0,0,0,0,0
381,3444,382.26674836788914,99976,226,92,22,0,6845,3466,0.10313475234056174,133,63,44851,45519,4407,2168,360,2157,2279,380,0,0,87822,0,0,273,10,0,0,0,0,0,2471,9218,182,0,0,0,0,0
382,3444,383.0185757888071,99975,234,91,23,0,6873,3477,0.10352588147036759,122,63,44824,45413,4414,2171,382,2261,2385,402,0,0,87674,0,0,275,10,0,0,0,0,0,2589,9235,192,0,0,0,0,0
383,3444,384.1472646875505,99975,231,96,23,0,6909,3495,0.10406601650412603,116,64,44796,45311,4428,2172,405,2356,2494,425,0,0,87509,0,0,279,10,0,0,0,0,0,2706,9264,207,0,0,0,0,0
384,3444,385.2767397878519,99975,224,101,23,0,6936,3514,0.10452613153288322,119,70,44764,45203,4442,2169,427,2456,2606,449,0,0,87336,0,0,281,10,0,0,0,0,0,2833,9299,216,0,0,0,0,0
385,3444,386.0301382192326,99975,226,102,23,0,6964,3527,0.10493623405851463,110,65,44733,45096,4457,2171,450,2565,2721,474,0,0,87171,0,0,284,10,0,0,0,0,0,2963,9321,226,0,0,0,0,0
386,3444,387.16124054030405,99975,235,108,23,0,6996,3544,0.10542635658914729,109,58,44702,44997,4455,2165,475,2671,2839,500,0,0,87012,0,0,290,10,0,0,0,0,0,3094,9330,239,0,0,0,0,0
387,3444,388.293064888533,99975,232,104,23,0,7025,3560,0.10587646911727933,114,61,44664,44877,4466,2171,500,2786,2960,527,0,0,86827,0,0,295,11,0,0,0,0,0,3233,9362,247,0,0,0,0,0
388,3444,389.0481099627664,99975,234,99,23,0,7047,3567,0.10616654163540885,111,62,44637,44764,4468,2172,526,2902,3084,555,0,0,86654,0,0,296,11,0,0,0,0,0,3375,9382,257,0,0,0,0,0
389,3444,390.18161792453714,99974,232,103,24,0,7082,3585,0.10669774141276732,114,59,44594,44654,4483,2170,552,3013,3211,584,0,0,86467,0,0,301,11,0,0,0,0,0,3516,9407,272,0,0,0,0,0
390,3444,391.3161295002025,99974,225,105,24,0,7118,3607,0.10727789225198552,117,57,44552,44527,4499,2180,582,3130,3341,614,0,0,86262,0,0,302,11,0,0,0,0,0,3659,9451,289,0,0,0,0,0
391,3444,392.0730747684542,99974,219,108,24,0,7129,3622,0.10753795986956609,120,57,44523,44397,4501,2183,612,3254,3474,645,0,0,86082,0,0,305,11,0,0,0,0,0,3813,9464,299,0,0,0,0,0
392,3444,393.20942172424304,99974,212,115,24,0,7163,3644,0.10809810550743193,112,56,44490,44271,4516,2187,645,3370,3610,678,0,0,85876,0,0,314,11,0,0,0,0,0,3972,9492,309,0,0,0,0,0
393,3444,394.34673623792236,99974,214,115,24,0,7193,3659,0.10854822253785984,124,55,44439,44155,4520,2180,678,3494,3749,712,0,0,85680,0,0,316,12,0,0,0,0,0,4128,9513,325,0,0,0,0,0
394,3444,395.105627718351,99974,226,105,24,0,7223,3666,0.10891831876287834,123,54,44390,44023,4524,2188,712,3629,3891,747,0,0,85485,0,0,318,13,0,0,0,0,0,4291,9529,338,0,0,0,0,0
395,3444,396.2453811801074,99974,219,99,24,0,7262,3682,0.10946846180006801,130,62,44325,43889,4554,2195,747,3754,4036,783,0,0,85254,0,0,324,14,0,0,0,0,0,4461,9573,348,0,0,0,0,0
396,3444,397.0060870568259,99974,210,101,24,0,7284,3693,0.10979854762238182,128,61,44283,43748,4570,2195,784,3894,4184,821,0,0,85040,0,0,324,14,0,0,0,0,0,4635,9601,360,0,0,0,0,0
397,3444,398.14871068159823,99974,223,108,24,0,7328,3717,0.11047872446836178,117,50,44239,43614,4574,2200,822,4027,4335,860,0,0,84829,0,0,327,15,0,0,0,0,0,4802,9619,382,0,0,0,0,0
398,3444,399.29248283386113,99974,234,106,24,0,7369,3732,0.11103887010622762,121,51,44176,43474,4583,2206,861,4162,4489,900,0,0,84602,0,0,330,15,0,0,0,0,0,4985,9649,393,0,0,0,0,0
399,3444,400.0557693183488,99974,225,104,24,0,7385,3744,0.11131894292516054,136,49,44121,43336,4591,2204,902,4306,4645,942,0,0,84385,0,0,332,15,0,0,0,0,0,5165,9666,411,0,0,0,0,0
400,3444,401.2023665396904,99974,240,92,24,0,7434,3754,0.11190909636505492,126,57,44069,43188,4599,2213,941,4449,4804,985,0,0,84156,0,0,335,16,0,0,0,0,0,5342,9690,435,0,0,0,0,0
401,3444,402.3502945355116,99974,244,92,24,0,7473,3768,0.11243923420089223,135,65,44004,43038,4614,2214,978,4590,4966,1030,0,0,83925,0,0,340,17,0,0,0,0,0,5530,9709,453,0,0,0,0,0
402,3444,403.11632002104744,99974,241,96,24,0,7500,3781,0.11283933822793926,131,62,43953,42893,4628,2210,1022,4738,5131,1076,0,0,83692,0,0,340,17,0,0,0,0,0,5724,9731,470,0,0,0,0,0
403,3444,404.26704018644074,99974,237,91,24,0,7536,3791,0.11329945785904336,130,70,43899,42745,4647,2208,1062,4885,5299,1123,0,0,83440,0,0,343,17,0,0,0,0,0,5924,9765,485,0,0,0,0,0
404,3444,405.03498771323575,99974,239,100,24,0,7559,3807,0.1136895592854142,132,65,43842,42592,4655,2201,1107,5041,5470,1172,0,0,83212,0,0,343,17,0,0,0,0,0,6124,9773,505,0,0,0,0,0
405,3444,406.18864531005875,99973,242,105,25,0,7602,3825,0.11430086123253279,120,64,43784,42438,4673,2202,1155,5190,5644,1222,0,0,82956,0,0,345,18,0,0,0,0,0,6330,9802,522,0,0,0,0,0
406,3444,407.34382659490757,99973,243,112,25,0,7645,3850,0.11498104488211817,115,65,43724,42278,4689,2202,1203,5342,5820,1274,0,0,82686,0,0,346,18,0,0,0,0,0,6541,9843,539,0,0,0,0,0
407,3444,408.1148110247201,99973,236,116,25,0,7662,3862,0.11527112320326488,121,61,43676,42119,4686,2193,1255,5510,5999,1328,0,0,82451,0,0,348,18,0,0,0,0,0,6746,9843,567,0,0,0,0,0
408,3444,409.2728985789552,99973,217,115,25,0,7697,3877,0.11577125823972473,122,66,43622,41958,4708,2184,1305,5676,6181,1383,0,0,82180,0,0,356,19,0,0,0,0,0,6956,9869,593,0,0,0,0,0
409,3444,410.0458469947464,99973,208,118,25,0,7715,3894,0.11612135276524661,128,59,43563,41788,4716,2184,1359,5850,6365,1440,0,0,81914,0,0,357,20,0,0,0,0,0,7184,9892,606,0,0,0,0,0
410,3444,411.20722193231546,99973,213,108,25,0,7757,3904,0.11664149320316486,119,62,43513,41639,4721,2182,1408,6008,6552,1498,0,0,81641,0,0,359,21,0,0,0,0,0,7403,9918,631,0,0,0,0,0
411,3444,412.3700764857286,99973,205,103,25,0,7787,3922,0.11712162283816631,134,61,43448,41466,4730,2187,1457,6182,6741,1558,0,0,81362,0,0,362,22,0,0,0,0,0,7625,9945,657,0,0,0,0,0
412,3444,413.14620923807246,99973,213,103,25,0,7816,3931,0.11750172546587578,124,59,43389,41298,4729,2179,1519,6360,6933,1620,0,0,81108,0,0,364,22,0,0,0,0,0,7851,9943,685,0,0,0,0,0
413,3444,414.31227004300234,99972,205,103,26,0,7850,3945,0.11798303524986996,125,60,43329,41138,4741,2169,1573,6529,7127,1683,0,0,80824,0,0,367,22,1,0,0,0,0,8084,9966,708,0,0,0,0,0
414,3444,415.0905852078979,99972,203,103,26,0,7868,3957,0.11828311927339655,127,62,43272,40964,4740,2165,1631,6705,7324,1748,0,0,80561,0,0,368,22,1,0,0,0,0,8316,9966,738,0,0,0,0,0
415,3444,416.25981587148067,99972,206,109,26,0,7902,3980,0.11885327891809706,119,57,43217,40803,4744,2157,1687,6873,7523,1815,0,0,80284,0,0,369,23,1,0,0,0,0,8547,9976,772,0,0,0,0,0
416,3444,417.04015435079106,99972,208,104,26,0,7919,3987,0.11909334613691834,129,65,43148,40618,4736,2157,1752,7055,7725,1884,0,0,80008,0,0,371,24,1,0,0,0,0,8799,9979,790,0,0,0,0,0
417,3444,418.2127026024122,99972,215,111,26,0,7960,4006,0.1196935141839715,121,64,43075,40441,4744,2151,1818,7232,7929,1954,0,0,79722,0,0,373,25,1,0,0,0,0,9042,9989,820,0,0,0,0,0
418,3444,419.3871579803429,99971,220,112,27,0,8001,4023,0.12027487971511738,118,59,43006,40263,4749,2148,1879,7417,8135,2026,0,0,79423,0,0,376,25,1,0,0,0,0,9292,10006,848,0,0,0,0,0
419,3444,420.1711628276884,99971,216,99,27,0,8028,4033,0.12064498704624341,139,90,42918,40053,4755,2152,1944,7605,8343,2100,0,0,79124,27,2,382,25,1,0,0,0,0,9543,9990,877,0,0,0,0,0
420,3444,421.0550050767734,99971,217,105,27,0,8061,4056,0.12120514949335308,142,80,42835,39866,4760,2158,2018,7790,8554,2176,0,0,78820,66,5,387,27,1,0,0,0,0,9805,9963,897,0,0,0,0,0
421,3444,422.38365695063504,99971,224,107,27,0,8111,4080,0.12194536415560513,146,80,42748,39675,4765,2162,2089,7975,8767,2253,0,0,78503,122,8,391,29,1,0,0,0,0,10063,9930,924,0,0,0,0,0
422,3444,423.2708011587616,99971,223,118,27,0,8145,4105,0.12253553530523852,146,76,42661,39482,4779,2159,2163,8164,8982,2332,0,0,78194,166,8,396,29,1,0,0,0,0,10328,9896,953,0,0,0,0,0
423,3444,424.15975600240984,99969,219,126,29,0,8178,4128,0.12309816042973322,151,76,42570,39301,4794,2149,2236,8347,9199,2413,0,0,77892,204,11,403,31,1,0,0,0,0,10587,9853,987,0,0,0,0,0
424,3444,425.05047441878094,99969,230,130,29,0,8212,4149,0.12364833098260461,166,84,42470,39101,4795,2148,2309,8536,9418,2496,0,0,77591,238,14,402,35,1,0,0,0,0,10851,9819,1018,0,0,0,0,0
425,3444,426.3897755839606,99968,239,123,30,0,8265,4176,0.12444982394366197,172,95,42376,38912,4800,2159,2382,8710,9639,2581,0,0,77258,299,22,409,36,1,0,0,0,0,11114,9777,1052,0,0,0,0,0
426,3444,427.28414530663395,99968,247,127,30,0,8308,4196,0.12508002560819462,161,106,42302,38701,4808,2165,2451,8900,9861,2668,0,0,76923,342,24,413,38,1,0,0,0,0,11404,9756,1067,0,0,0,0,0
427,3444,428.18010526336394,99967,266,125,31,0,8354,4213,0.1257114847899807,168,122,42200,38496,4803,2166,2531,9090,10085,2757,0,0,76596,383,24,415,40,1,0,0,0,0,11689,9726,1093,0,0,0,0,0
428,3444,429.0778869646255,99967,284,134,31,0,8405,4242,0.12651174887712946,151,115,42106,38298,4814,2165,2613,9287,10311,2848,0,0,76255,426,31,417,41,1,0,0,0,0,11980,9705,1111,0,0,0,0,0
429,3444,430.4279475796041,99967,280,145,31,0,8459,4285,0.12748206908279733,171,105,41985,38085,4839,2180,2693,9484,10539,2941,0,0,75885,500,44,420,41,1,0,0,0,0,12263,9677,1136,0,0,0,0,0
430,3444,431.3300338180002,99966,282,145,32,0,8498,4306,0.1280835484064582,172,106,41884,37888,4854,2180,2775,9680,10768,3035,0,0,75540,546,48,427,41,1,0,0,0,0,12557,9645,1161,0,0,0,0,0
431,3444,432.23425261230517,99966,281,151,32,0,8534,4326,0.12864373887121622,192,106,41772,37688,4861,2166,2861,9888,10999,3131,0,0,75206,587,51,433,42,1,0,0,0,0,12847,9605,1194,0,0,0,0,0
432,3444,433.14071057401384,99965,292,152,33,0,8580,4348,0.12932526384234483,199,107,41660,37484,4862,2170,2953,10086,11231,3229,0,0,74869,631,59,434,44,1,0,0,0,0,13131,9566,1230,0,0,0,0,0
433,3444,434.0494139871992,99964,288,163,34,0,8622,4371,0.1299767916449922,197,117,41558,37274,4876,2155,3046,10290,11465,3329,0,0,74527,675,64,438,47,1,0,0,0,0,13423,9524,1265,0,0,0,0,0
434,3444,435.4163145343544,99964,298,167,34,0,8675,4411,0.1309071265655636,217,109,41444,37080,4882,2163,3124,10480,11700,3431,0,0,74164,741,74,440,48,1,0,0,0,0,13710,9482,1304,0,0,0,0,0
435,3444,436.3294677355368,99964,313,178,34,0,8730,4437,0.1317174182705774,213,115,41338,36885,4885,2148,3216,10673,11936,3535,0,0,73821,782,86,440,50,1,0,0,0,0,14000,9444,1340,0,0,0,0,0
436,3444,437.2448452035262,99964,316,188,34,0,8778,4459,0.1324176703613301,218,129,41231,36684,4892,2131,3308,10867,12173,3641,0,0,73473,830,89,444,52,1,0,0,0,0,14297,9397,1381,0,0,0,0,0
437,3444,438.16242126619784,99963,326,181,35,0,8834,4480,0.13318928003361244,207,128,41113,36478,4910,2141,3408,11071,12411,3749,0,0,73096,890,100,444,54,1,0,0,0,0,14602,9367,1409,0,0,0,0,0
438,3444,439.08247676652815,99963,335,186,35,0,8870,4508,0.13382951692126085,221,117,40996,36279,4908,2143,3504,11274,12651,3859,0,0,72734,928,105,451,54,1,0,0,0,0,14921,9334,1435,0,0,0,0,0
439,3444,440.00504758781193,99962,344,182,36,0,8925,4532,0.13462115603929492,223,118,40868,36062,4927,2153,3601,11484,12892,3971,0,0,72359,982,117,455,57,1,0,0,0,0,15229,9298,1464,0,0,0,0,0
440,3444,441.3937783376691,99962,354,181,36,0,9000,4575,0.1358016046097517,228,104,40728,35869,4951,2176,3702,11669,13134,4085,0,0,71950,1069,128,463,60,1,0,0,0,0,15540,9256,1495,0,0,0,0,0
441,3444,442.32210528069515,99960,356,175,38,0,9051,4598,0.13654461784713887,235,113,40603,35655,4964,2179,3803,11877,13376,4201,0,0,71567,1129,137,467,62,1,0,0,0,0,15852,9214,1531,0,0,0,0,0
442,3444,443.253260987028,99960,367,175,38,0,9110,4619,0.13734493797519007,231,126,40484,35460,4975,2180,3904,12058,13619,4319,0,0,71183,1181,151,467,64,1,0,0,0,0,16170,9184,1559,0,0,0,0,0
443,3444,444.18710322408606,99960,363,184,38,0,9146,4654,0.13805522208883553,261,107,40333,35262,4993,2178,4011,12268,13863,4439,0,0,70832,1218,163,481,67,1,0,0,0,0,16472,9120,1606,0,0,0,0,0
444,3444,445.1240273552245,99959,378,183,39,0,9209,4681,0.13895697235866705,238,108,40231,35067,5003,2175,4110,12466,14108,4561,0,0,70447,1277,174,483,70,1,0,0,0,0,16786,9076,1645,0,0,0,0,0
445,3444,446.0636058953591,99959,385,176,39,0,9271,4699,0.1397573004932022,238,121,40097,34862,5018,2183,4222,12657,14353,4685,0,0,70059,1330,189,493,72,1,0,0,0,0,17106,9032,1677,0,0,0,0,0
446,3444,447.0060953306794,99959,392,189,39,0,9328,4731,0.14064766554287259,237,111,39969,34665,5033,2183,4329,12851,14599,4811,0,0,69663,1380,201,498,73,1,0,0,0,0,17439,9001,1703,0,0,0,0,0
447,3444,448.42508656641485,99959,406,172,39,0,9415,4763,0.14183815364299363,249,122,39804,34478,5071,2202,4430,13025,14846,4938,0,0,69248,1456,232,509,75,1,0,0,0,0,17745,8955,1738,0,0,0,0,0
448,3444,449.3740408232145,99959,405,180,39,0,9466,4799,0.1427085104893006,255,112,39671,34271,5084,2209,4545,13227,15093,5067,0,0,68850,1511,248,514,78,1,0,0,0,0,18072,8916,1769,0,0,0,0,0
449,3444,450.32632660806917,99959,424,178,39,0,9529,4827,0.14361888374233436,259,116,39521,34045,5097,2216,4659,13444,15341,5198,0,0,68458,1562,259,522,82,1,0,0,0,0,18402,8870,1803,0,0,0,0,0
450,3444,451.28192289770175,99959,422,189,39,0,9590,4857,0.1445292569953681,260,111,39375,33855,5127,2199,4776,13645,15589,5331,0,0,68074,1619,275,528,84,1,0,0,0,0,18713,8809,1856,0,0,0,0,0
451,3444,452.2409889002936,99959,408,187,39,0,9642,4886,0.14533958923158494,281,121,39225,33649,5159,2207,4887,13835,15837,5466,0,0,67660,1688,294,533,87,1,0,0,0,0,19038,8766,1892,0,0,0,0,0
452,3444,453.2035813949287,99959,412,200,39,0,9705,4922,0.1463299952980722,280,116,39085,33442,5180,2203,5003,14038,16085,5603,0,0,67268,1734,317,541,91,1,0,0,0,0,19360,8719,1928,0,0,0,0,0
453,3444,454.1696926674108,99959,415,204,39,0,9773,4952,0.14731039726287778,269,117,38948,33226,5201,2208,5127,14244,16334,5742,0,0,66868,1799,332,545,98,1,0,0,0,0,19680,8662,1974,0,0,0,0,0
454,3444,455.13911607119485,99959,429,197,39,0,9841,4977,0.1482407787192749,276,117,38786,33041,5221,2219,5248,14425,16583,5882,0,0,66463,1850,356,551,99,1,0,0,0,0,20006,8621,2012,0,0,0,0,0
455,3444,456.1123331449947,99959,431,205,39,0,9902,5006,0.14914114787062696,278,125,38636,32833,5250,2224,5365,14612,16832,6024,0,0,66053,1912,365,558,100,1,0,0,0,0,20344,8571,2055,0,0,0,0,0
456,3444,457.08923910328485,99959,446,221,39,0,9966,5048,0.15020158264888606,297,117,38475,32620,5263,2233,5479,14808,17081,6168,0,0,65639,1967,380,562,101,1,0,0,0,0,20688,8533,2088,0,0,0,0,0
457,3444,458.0698869573098,99959,456,217,39,0,10045,5073,0.15124200922378175,279,127,38331,32409,5294,2242,5600,15004,17330,6314,0,0,65218,2033,399,571,104,1,0,0,0,0,21024,8483,2126,0,0,0,0,0
458,3444,459.0543232767769,99959,462,211,39,0,10115,5098,0.15219239888354225,276,135,38179,32219,5316,2247,5727,15187,17579,6461,0,0,64793,2095,420,578,107,1,0,0,0,0,21365,8442,2158,0,0,0,0,0
459,3444,460.04256093857975,99959,455,213,39,0,10191,5123,0.1532028131533929,273,145,38023,32009,5365,2242,5844,15390,17828,6610,0,0,64368,2163,441,583,114,2,0,0,0,0,21698,8396,2194,0,0,0,0,0
460,3444,461.0348020451689,99959,460,224,39,0,10259,5164,0.15429326023669704,278,148,37874,31809,5380,2256,5968,15562,18076,6761,0,0,63941,2228,462,586,117,2,0,0,0,0,22038,8356,2229,0,0,0,0,0
461,3444,462.0309154875397,99958,474,241,40,0,10327,5208,0.1554152744152544,300,137,37713,31605,5384,2266,6088,15750,18324,6913,0,0,63523,2279,483,592,118,2,0,0,0,0,22383,8316,2262,0,0,0,0,0
462,3444,463.03095418240486,99958,483,250,40,0,10404,5247,0.15657576181996438,296,145,37554,31405,5406,2268,6220,15931,18572,7067,0,0,63112,2336,514,599,120,2,0,0,0,0,22705,8261,2309,0,0,0,0,0
463,3444,464.03501722728413,99957,486,249,41,0,10471,5281,0.15758776273797734,306,154,37396,31211,5426,2283,6344,16102,18819,7223,0,0,62690,2384,546,609,125,2,0,0,0,0,23044,8220,2337,0,0,0,0,0
464,3444,465.04320376728845,99956,496,250,41,1,10562,5321,0.15889991596302372,285,152,37241,31015,5460,2296,6476,16285,19066,7380,0,0,62256,2453,578,619,129,2,0,0,0,0,23373,8169,2377,0,0,0,0,0
465,3444,466.05554427636855,99956,514,243,41,1,10640,5359,0.1600604265876986,282,146,37078,30837,5477,2308,6607,16464,19313,7539,0,0,61826,2513,615,622,132,3,0,0,0,0,23705,8131,2409,0,0,0,0,0
466,3444,467.07224796471144,99956,510,247,41,1,10721,5396,0.16124094601624714,279,149,36900,30623,5532,2318,6737,16661,19559,7699,0,0,61393,2575,650,639,135,3,0,0,0,0,24040,8079,2442,0,0,0,0,0
467,3444,468.0936674095192,99956,511,249,41,1,10790,5436,0.16233142582736404,293,144,36737,30426,5545,2335,6872,16844,19805,7861,0,0,60960,2643,672,648,139,3,0,0,0,0,24380,8027,2484,0,0,0,0,0
468,3444,469.11983082903015,99956,538,247,41,1,10871,5477,0.16355196286366,293,153,36580,30237,5553,2345,6994,17016,20050,8024,0,0,60553,2696,711,651,141,3,0,0,0,0,24695,7970,2536,0,0,0,0,0
469,3444,470.1499402498,99956,533,260,41,1,10945,5515,0.16467245588058746,296,170,36436,30041,5566,2344,7127,17183,20294,8189,0,0,60129,2755,749,654,145,3,0,0,0,0,25022,7923,2576,0,0,0,0,0
470,3444,471.1843640829077,99956,523,255,41,1,11017,5545,0.1656929048781464,302,172,36274,29863,5604,2359,7255,17349,20538,8355,0,0,59685,2820,785,662,150,3,0,0,0,0,25362,7884,2605,0,0,0,0,0
471,3444,472.22317099844724,99956,528,271,41,1,11103,5599,0.1670935211493057,293,163,36115,29663,5639,2380,7383,17521,20781,8522,0,0,59233,2891,813,674,155,3,0,0,0,0,25712,7843,2632,0,0,0,0,0
472,3444,473.26644488344226,99956,522,277,41,1,11176,5645,0.1682840449797911,299,155,35939,29485,5678,2398,7520,17683,21023,8691,0,0,58804,2960,846,680,161,3,0,0,0,0,26035,7785,2682,0,0,0,0,0
473,3444,474.3146871421941,99956,513,280,41,1,11244,5682,0.1693345071831606,326,158,35776,29297,5697,2404,7646,17859,21264,8861,0,0,58392,3009,889,692,166,3,0,0,0,0,26354,7724,2727,0,0,0,0,0
474,3444,475.3675865250466,99956,516,281,41,1,11328,5726,0.17061507063107767,330,154,35607,29104,5725,2420,7780,18039,21505,9032,0,0,57946,3079,926,694,177,3,0,0,0,0,26690,7685,2756,0,0,0,0,0
475,3444,476.42549076473335,99956,526,289,41,1,11410,5766,0.17183560766737366,337,156,35436,28935,5748,2419,7911,18199,21745,9204,0,0,57522,3131,960,704,180,3,0,0,0,0,27023,7635,2798,0,0,0,0,0
476,3444,477.488220033786,99956,527,296,41,1,11502,5815,0.1732462283404698,340,142,35271,28780,5780,2429,8040,18351,21984,9378,0,0,57095,3186,1013,716,188,3,0,0,0,0,27338,7581,2836,0,0,0,0,0
477,3444,478.0208085353686,99956,546,308,41,1,11553,5841,0.17401656728960743,348,127,35108,28591,5766,2421,8190,18551,22222,9553,0,0,56709,3203,1038,717,191,3,0,0,0,0,27682,7536,2877,0,0,0,0,0
478,3444,479.0932148530619,99956,540,308,41,1,11635,5886,0.17528712633558766,352,126,34945,28415,5808,2438,8313,18711,22459,9729,0,0,56261,3285,1077,721,198,3,0,0,0,0,28008,7485,2918,0,0,0,0,0
479,3444,480.17070850132785,99956,548,302,41,1,11731,5921,0.1765977029893153,340,132,34782,28233,5847,2459,8441,18872,22695,9906,0,0,55818,3358,1122,724,206,3,0,0,0,0,28333,7439,2953,0,0,0,0,0
480,3444,481.2532280757954,99954,545,305,42,2,11823,5957,0.1778818256397943,327,137,34610,28069,5899,2458,8576,19028,22930,10084,0,0,55379,3422,1160,740,211,3,0,0,0,0,28665,7383,2991,0,0,0,0,0
481,3444,482.34098154395053,99954,558,296,42,2,11921,5999,0.17928246993617064,311,134,34449,27932,5932,2473,8707,19162,23164,10263,0,0,54931,3499,1204,747,217,3,0,0,0,0,28990,7334,3029,0,0,0,0,0
482,3444,483.43407016683227,99954,567,289,42,2,12003,6032,0.18043299917962263,315,143,34283,27763,5944,2487,8848,19315,23397,10443,0,0,54503,3558,1248,750,222,3,0,0,0,0,29313,7287,3070,0,0,0,0,0
483,3444,484.5324025567043,99953,566,287,43,2,12099,6067,0.18174542034756336,314,151,34111,27607,5982,2494,8983,19458,23629,10624,0,0,54069,3631,1287,759,230,3,0,0,0,0,29630,7225,3119,0,0,0,0,0
484,3444,485.08300266459173,99953,564,286,43,2,12138,6086,0.1823256930757456,324,150,33948,27429,5977,2491,9143,19641,23859,10806,0,0,53686,3653,1312,766,233,3,0,0,0,0,29962,7167,3171,0,0,0,0,0
485,3444,486.19198957157624,99953,555,283,43,2,12231,6132,0.18371634668294098,309,146,33796,27269,6029,2513,9267,19786,24088,10989,0,0,53226,3740,1354,777,241,3,0,0,0,0,30291,7116,3205,0,0,0,0,0
486,3444,487.30632258862175,99953,583,289,43,2,12327,6172,0.18507698618350624,286,142,33644,27123,6042,2517,9401,19926,24316,11172,0,0,52819,3781,1398,782,248,3,0,0,0,0,30608,7066,3248,0,0,0,0,0
487,3444,488.4256917221853,99953,572,288,43,2,12399,6214,0.18621752223545066,280,150,33499,26973,6066,2525,9539,20061,24543,11356,0,0,52405,3833,1448,794,255,3,0,0,0,0,30915,7005,3295,0,0,0,0,0
488,3444,489.55007987844994,99953,580,298,43,2,12487,6265,0.18760817584264605,272,137,33336,26852,6084,2530,9684,20180,24769,11541,0,0,51993,3874,1503,805,262,4,0,0,0,0,31226,6954,3332,0,0,0,0,0
489,3444,490.1133664002489,99953,573,287,43,2,12521,6281,0.18810841095314798,283,141,33170,26661,6086,2545,9844,20363,24993,11726,0,0,51590,3904,1538,807,263,4,0,0,0,0,31564,6916,3367,0,0,0,0,0
490,3444,491.24864610673256,99952,557,278,43,3,12593,6323,0.18925084040339363,295,149,33019,26509,6110,2563,9975,20497,25216,11912,0,0,51170,3950,1596,820,276,4,0,0,0,0,31872,6866,3398,0,0,0,0,0
491,3444,492.3895293646682,99951,545,278,43,4,12671,6365,0.19045332212784263,296,149,32878,26388,6133,2572,10104,20608,25438,12099,0,0,50756,4004,1645,830,285,4,0,0,0,0,32175,6804,3448,0,0,0,0,0
492,3444,493.535408239565,99950,541,263,43,5,12745,6400,0.19154577288644323,298,152,32734,26260,6152,2588,10231,20731,25658,12286,0,0,50337,4053,1702,833,297,4,0,0,0,0,32484,6760,3480,0,0,0,0,0
493,3444,494.10961523207374,99950,539,277,43,5,12785,6434,0.19228614307153577,291,145,32576,26091,6153,2577,10397,20904,25877,12474,0,0,49957,4064,1734,840,303,4,0,0,0,0,32816,6714,3518,0,0,0,0,0
494,3444,495.2660952033894,99950,527,289,43,5,12872,6484,0.19365682841420712,294,141,32400,25974,6209,2581,10526,21009,26095,12662,0,0,49531,4132,1774,845,318,4,0,0,0,0,33126,6660,3560,0,0,0,0,0
495,3444,496.4288641393938,99950,520,273,43,5,12952,6517,0.19478739369684842,302,157,32239,25852,6237,2595,10658,21117,26311,12851,0,0,49107,4189,1831,852,328,4,0,0,0,0,33432,6614,3593,0,0,0,0,0
496,3444,497.01172377097146,99950,498,275,43,5,12992,6536,0.19537768884442222,303,158,32079,25702,6261,2578,10815,21281,26526,13040,0,0,48727,4206,1872,861,335,4,0,0,0,0,33749,6564,3632,0,0,0,0,0
497,3444,498.18633223277254,99950,488,274,43,5,13077,6577,0.1966383191595798,291,164,31929,25571,6289,2592,10959,21393,26739,13229,0,0,48316,4273,1918,864,350,4,0,0,0,0,34042,6502,3681,0,0,0,0,0
498,3444,499.36691940467625,99950,500,290,43,5,13164,6624,0.19797898949474738,289,153,31770,25439,6304,2598,11093,21514,26951,13419,0,0,47916,4326,1955,872,357,4,0,0,0,0,34351,6439,3730,0,0,0,0,0
499,3444,500.5534010159262,99949,501,289,44,5,13248,6674,0.19932165404356222,289,160,31618,25304,6327,2621,11220,21620,27162,13609,0,0,47501,4383,2007,879,367,4,0,0,0,0,34650,6387,3771,0,0,0,0,0
500,3444,501.1478386539713,99949,514,290,44,5,13297,6698,0.2000520265335321,284,162,31468,25139,6309,2619,11380,21784,27371,13799,0,0,47148,4390,2050,877,376,4,0,0,0,0,34951,6336,3817,0,0,0,0,0
501,3444,502.34551813004833,99949,513,305,44,5,13373,6758,0.2014127204874486,279,144,31338,25032,6327,2635,11498,21878,27579,13989,0,0,46745,4440,2107,880,385,4,0,0,0,0,35245,6287,3856,0,0,0,0,0
502,3444,503.54835766224164,99948,490,297,45,5,13439,6795,0.20244527154120143,303,143,31198,24931,6343,2655,11620,21968,27785,14179,0,0,46331,4490,2168,887,393,4,0,0,0,0,35540,6248,3887,0,0,0,0,0
503,3444,504.1509999331308,99948,511,294,45,5,13493,6820,0.20323568255492858,288,135,31049,24782,6332,2659,11774,22124,27990,14370,0,0,45962,4500,2209,890,397,5,0,0,0,0,35856,6209,3920,0,0,0,0,0
504,3444,505.36490584836537,99947,500,290,46,5,13581,6860,0.2045183947492171,288,124,30897,24682,6364,2672,11904,22226,28193,14561,0,0,45568,4544,2272,905,409,6,0,0,0,0,36135,6150,3958,0,0,0,0,0
505,3444,506.5848229376802,99947,522,286,46,5,13680,6897,0.20587911593144367,262,129,30761,24569,6380,2682,12028,22328,28395,14752,0,0,45181,4581,2340,904,421,6,0,0,0,0,36415,6108,3991,0,0,0,0,0
506,3444,507.19639452012865,99947,526,278,46,5,13727,6917,0.20654947121974646,265,125,30600,24435,6381,2679,12181,22477,28595,14943,0,0,44817,4589,2392,902,431,6,0,0,0,0,36716,6075,4019,0,0,0,0,0
507,3444,508.4280612383096,99947,524,275,46,5,13811,6965,0.2078701711907311,247,118,30469,24339,6401,2694,12312,22568,28794,15134,0,0,44419,4630,2472,908,439,6,0,0,0,0,36991,6036,4046,0,0,0,0,0
508,3444,509.0454386031053,99947,511,272,46,5,13845,6982,0.20838044163406605,248,122,30319,24195,6407,2687,12468,22718,28991,15324,0,0,44087,4619,2532,911,452,6,0,0,0,0,37272,5989,4079,0,0,0,0,0
509,3444,510.2891099874152,99947,506,270,46,5,13916,7024,0.20951104085165137,261,125,30190,24094,6416,2706,12580,22799,29187,15514,0,0,43695,4657,2598,917,457,6,0,0,0,0,37556,5950,4111,0,0,0,0,0
510,3444,511.53841041795505,99946,508,263,46,6,13987,7063,0.2106137314149641,270,143,30064,23991,6411,2715,12700,22881,29381,15704,0,0,43320,4692,2663,919,467,6,0,0,0,0,37828,5903,4148,0,0,0,0,0
511,3444,512.1639713189804,99946,510,269,46,6,14031,7089,0.21131410961919436,271,132,29917,23862,6400,2710,12855,23020,29574,15894,0,0,42981,4691,2714,920,476,6,0,0,0,0,38115,5859,4184,0,0,0,0,0
512,3444,513.4242195113997,99945,516,277,47,6,14123,7136,0.21270698884386413,265,129,29783,23767,6416,2719,12972,23101,29765,16084,0,0,42607,4733,2778,923,487,6,0,0,0,0,38380,5805,4226,0,0,0,0,0
513,3444,514.0557561257596,99945,509,270,47,6,14171,7155,0.21337735754665066,256,130,29630,23638,6435,2724,13122,23231,29955,16273,0,0,42239,4756,2821,929,492,7,0,0,0,0,38679,5766,4256,0,0,0,0,0
514,3444,515.3281265116353,99945,523,255,47,6,14264,7195,0.21470808944919706,251,140,29478,23541,6454,2753,13246,23304,30143,16462,0,0,41860,4809,2890,926,504,7,0,0,0,0,38935,5716,4298,0,0,0,0,0
515,3444,516.6068096232694,99945,543,228,47,6,14356,7221,0.2158887388063435,244,153,29360,23468,6447,2772,13358,23372,30330,16651,0,0,41501,4837,2963,930,517,7,0,0,0,0,39188,5665,4337,0,0,0,0,0
516,3444,517.2476457788131,99945,510,227,47,6,14393,7237,0.21641903046675673,251,156,29224,23345,6459,2760,13508,23505,30515,16839,0,0,41155,4853,3018,930,524,9,0,0,0,0,39459,5621,4376,0,0,0,0,0
517,3444,518.5382172942357,99945,501,230,47,6,14481,7281,0.21773975686627645,253,144,29102,23275,6485,2762,13611,23582,30698,17027,0,0,40802,4886,3088,941,540,9,0,0,0,0,39702,5558,4419,0,0,0,0,0
518,3444,519.1848078202343,99945,509,234,47,6,14534,7306,0.2185201861023563,233,147,28956,23152,6494,2758,13760,23702,30880,17215,0,0,40466,4900,3132,939,548,9,0,0,0,0,39979,5511,4461,0,0,0,0,0
519,3444,520.4874738952489,99943,477,230,49,6,14607,7338,0.21957515783996878,252,148,28838,23093,6523,2759,13860,23763,31060,17402,0,0,40112,4927,3205,951,564,9,0,0,0,0,40221,5457,4497,0,0,0,0,0
520,3444,521.1402412285473,99943,479,234,49,6,14647,7366,0.22025554566102679,242,132,28713,22973,6506,2762,14010,23892,31239,17589,0,0,39796,4925,3256,948,574,10,0,0,0,0,40484,5412,4538,0,0,0,0,0
521,3444,522.4547385774722,99943,482,226,49,6,14719,7406,0.22137618442512233,238,130,28598,22913,6515,2781,14117,23943,31416,17775,0,0,39435,4959,3311,956,586,10,0,0,0,0,40749,5367,4570,0,0,0,0,0
522,3444,523.1131235290035,99943,459,233,49,6,14746,7430,0.22188647529091582,253,129,28470,22798,6514,2782,14254,24051,31592,17961,0,0,39100,4976,3347,949,603,10,0,0,0,0,41027,5330,4601,0,0,0,0,0
523,3444,524.4389710220506,99942,457,244,49,7,14825,7484,0.2232194672910288,237,120,28365,22746,6524,2794,14367,24088,31766,18146,0,0,38754,5004,3421,951,618,10,0,0,0,0,41266,5286,4632,0,0,0,0,0
524,3444,525.1031646830636,99942,452,235,49,7,14864,7506,0.22382982129635187,233,118,28254,22646,6517,2801,14494,24192,31939,18330,0,0,38420,5021,3464,952,627,10,0,0,0,0,41535,5245,4668,0,0,0,0,0
525,3444,526.4398854616825,99942,464,222,49,7,14952,7540,0.22505052930699807,223,123,28150,22589,6528,2823,14585,24235,32110,18514,0,0,38064,5060,3528,964,631,10,0,0,0,0,41784,5195,4706,0,0,0,0,0
526,3444,527.1090534555152,99941,453,224,50,7,14984,7560,0.22557308812199198,233,115,28029,22487,6517,2812,14717,24354,32280,18697,0,0,37756,5055,3581,959,644,11,0,0,0,0,42041,5160,4734,0,0,0,0,0
527,3444,528.4564088151731,99941,428,205,50,7,15052,7595,0.22660369618074663,237,115,27953,22418,6523,2846,14808,24408,32448,18879,0,0,37417,5096,3666,964,655,11,0,0,0,0,42249,5103,4780,0,0,0,0,0
528,3444,529.1310134824482,99941,431,200,50,7,15094,7611,0.22718403858276384,227,110,27845,22330,6504,2846,14942,24506,32615,19061,0,0,37111,5095,3712,962,667,11,0,0,0,0,42506,5062,4815,0,0,0,0,0
529,3444,530.4881416607491,99941,415,197,50,7,15161,7648,0.22822465254500154,228,103,27763,22296,6506,2853,15037,24543,32780,19242,0,0,36791,5109,3791,969,682,11,0,0,0,0,42725,5015,4848,0,0,0,0,0
530,3444,531.1675692536519,99941,414,199,50,7,15203,7673,0.22889504807836625,210,94,27656,22212,6496,2860,15173,24627,32944,19422,0,0,36490,5097,3853,963,699,11,0,0,0,0,42972,4989,4867,0,0,0,0,0
531,3444,532.5344944279541,99940,392,192,50,8,15265,7710,0.2298879327596558,221,87,27568,22181,6512,2872,15256,24659,33106,19601,0,0,36170,5108,3950,963,712,12,0,0,0,0,43181,4955,4889,0,0,0,0,0
532,3444,533.2184922265285,99940,390,188,50,8,15312,7721,0.23046828096858116,201,94,27444,22089,6519,2862,15395,24758,33267,19780,0,0,35876,5094,4013,967,716,14,0,0,0,0,43423,4919,4918,0,0,0,0,0
533,3444,534.5960991539386,99940,389,196,50,8,15386,7761,0.23160896537922754,172,84,27370,22039,6534,2862,15484,24810,33426,19958,0,0,35558,5105,4082,966,733,14,0,0,0,0,43653,4887,4942,0,0,0,0,0
534,3444,535.2855989463633,99940,382,197,50,8,15416,7781,0.23210926555933561,168,82,27264,21949,6515,2861,15620,24902,33584,20135,0,0,35262,5111,4128,964,738,15,0,0,0,0,43897,4845,4980,0,0,0,0,0
535,3444,536.6733633107398,99940,385,185,50,8,15478,7807,0.2329897938763258,158,87,27195,21910,6503,2873,15708,24936,33740,20311,0,0,34960,5102,4214,972,745,17,0,0,0,0,44120,4817,4993,0,0,0,0,0
536,3444,537.3676861132468,99940,376,174,50,8,15512,7820,0.23346007604562738,163,83,27098,21834,6483,2876,15829,25024,33895,20486,0,0,34671,5105,4262,970,758,18,0,0,0,0,44354,4776,5026,0,0,0,0,0
537,3444,538.0647993191594,99940,363,161,50,8,15537,7830,0.23381028617170302,170,87,26977,21749,6481,2880,15958,25114,34048,20660,0,0,34369,5104,4309,973,767,18,0,0,0,0,44607,4749,5044,0,0,0,0,0
538,3444,539.4674394638367,99940,372,165,50,8,15601,7860,0.2347508505103062,162,84,26906,21729,6473,2875,16036,25138,34200,20833,0,0,34080,5093,4379,980,775,18,0,0,0,0,44831,4716,5068,0,0,0,0,0
539,3444,540.169352781516,99939,364,154,51,8,15625,7871,0.23510341308198002,168,89,26806,21658,6450,2877,16160,25213,34350,21005,0,0,33802,5090,4428,968,791,19,0,0,0,0,45060,4687,5094,0,0,0,0,0
540,3444,541.5815744921154,99939,357,150,51,8,15676,7900,0.2359039013798417,168,83,26747,21661,6440,2877,16236,25220,34499,21176,0,0,33521,5075,4507,971,805,19,0,0,0,0,45267,4660,5114,0,0,0,0,0
541,3444,542.2879360027144,99939,360,140,51,8,15710,7909,0.23633416383994235,162,92,26658,21588,6415,2874,16353,25297,34646,21346,0,0,33256,5072,4555,965,816,19,0,0,0,0,45487,4617,5152,0,0,0,0,0
542,3444,543.7085317304309,99939,354,133,51,8,15771,7946,0.23731476200482293,148,78,26586,21600,6427,2884,16433,25296,34792,21515,0,0,32970,5076,4633,966,833,19,0,0,0,0,45682,4581,5179,0,0,0,0,0
543,3444,544.4192071085728,99939,345,138,51,8,15802,7963,0.23779505498353995,140,77,26489,21542,6429,2863,16545,25371,34937,21683,0,0,32691,5072,4682,965,838,21,0,0,0,0,45915,4554,5201,0,0,0,0,0
544,3444,545.1328404024632,99939,344,140,51,8,15827,7975,0.238165280821301,143,78,26381,21474,6410,2856,16670,25443,35080,21850,0,0,32432,5062,4716,960,851,21,0,0,0,0,46146,4518,5233,0,0,0,0,0
545,3444,546.568473481295,99939,321,142,51,8,15879,8006,0.2389957874303325,136,72,26328,21464,6396,2853,16767,25460,35222,22016,0,0,32168,5054,4802,966,865,21,0,0,0,0,46327,4475,5261,0,0,0,0,0
546,3444,547.2868679330073,99939,312,134,51,8,15898,8017,0.23929597054203064,142,71,26224,21407,6386,2849,16884,25530,35362,22181,0,0,31913,5034,4858,966,874,21,0,0,0,0,46544,4445,5284,0,0,0,0,0
547,3444,548.0078281297386,99939,316,137,51,8,15926,8031,0.23971622689840802,139,67,26129,21343,6365,2847,16999,25597,35501,22345,0,0,31657,5012,4907,969,876,22,0,0,0,0,46771,4418,5307,0,0,0,0,0
548,3444,549.4582311368308,99939,312,143,51,8,15977,8057,0.2404866968850999,129,64,26083,21341,6361,2837,17063,25606,35639,22508,0,0,31404,5002,4973,968,888,23,0,0,0,0,46963,4380,5338,0,0,0,0,0
549,3444,550.1838223843027,99939,302,154,51,8,15991,8075,0.2408068922042446,137,61,25985,21278,6340,2820,17184,25678,35775,22670,0,0,31163,4984,5015,966,896,23,0,0,0,0,47179,4343,5370,0,0,0,0,0
550,3444,551.6423265787374,99939,305,135,51,8,16055,8096,0.24165741102072263,123,62,25935,21302,6342,2836,17243,25656,35910,22831,0,0,30889,5002,5088,961,910,23,0,0,0,0,47361,4308,5397,0,0,0,0,0
551,3444,552.3719767747324,99939,305,134,51,8,16085,8109,0.2420876734808233,117,54,25844,21236,6330,2835,17352,25732,36044,22991,0,0,30635,4994,5137,958,915,23,0,0,0,0,47573,4279,5425,0,0,0,0,0
552,3444,553.1041521729628,99939,292,128,51,8,16108,8119,0.24241787490369124,115,51,25765,21195,6322,2831,17454,25786,36176,23150,0,0,30384,4991,5176,954,931,23,0,0,0,0,47785,4245,5450,0,0,0,0,0
553,3444,554.5762123490019,99939,273,120,51,8,16143,8138,0.2429582045047479,123,52,25727,21214,6312,2830,17513,25775,36307,23308,0,0,30121,4994,5237,955,942,23,0,0,0,0,47980,4214,5473,0,0,0,0,0
554,3444,555.3121187827287,99939,261,118,51,8,16159,8149,0.24322836930527622,130,52,25635,21176,6304,2821,17618,25824,36437,23464,0,0,29866,4994,5271,952,950,23,0,0,0,0,48199,4186,5498,0,0,0,0,0
555,3444,556.0505674274381,99939,267,115,51,8,16193,8159,0.24366863786910015,116,52,25566,21134,6276,2811,17723,25879,36565,23619,0,0,29644,4971,5327,948,960,23,0,0,0,0,48386,4152,5528,0,0,0,0,0
556,3444,557.5349504752307,99939,246,101,51,8,16240,8173,0.2442790101962197,100,55,25539,21164,6283,2814,17780,25857,36692,23773,0,0,29385,4971,5395,947,977,25,0,0,0,0,48569,4131,5539,0,0,0,0,0
557,3444,558.2768930856452,99939,241,96,51,8,16259,8183,0.24456918720419457,93,57,25472,21114,6260,2804,17882,25920,36818,23926,0,0,29160,4954,5443,940,989,25,0,0,0,0,48760,4101,5567,0,0,0,0,0
558,3444,559.0212299429191,99939,230,95,51,8,16276,8195,0.24485936421216942,93,51,25394,21074,6245,2803,17986,25968,36943,24078,0,0,28929,4936,5493,943,991,25,0,0,0,0,48955,4070,5597,0,0,0,0,0
559,3444,560.5164411753418,99939,208,87,51,8,16306,8213,0.24533965719088643,101,44,25356,21090,6239,2804,18044,25966,37066,24229,0,0,28687,4937,5549,941,1007,26,0,0,0,0,49136,4038,5618,0,0,0,0,0
560,3444,561.2640656015952,99939,197,80,51,8,16321,8219,0.24554978536907512,95,47,25269,21051,6230,2794,18157,26019,37188,24379,0,0,28473,4924,5589,931,1023,27,0,0,0,0,49321,4001,5650,0,0,0,0,0
561,3444,562.0141725601388,99939,196,81,51,8,16336,8230,0.2458099440658802,85,41,25211,21006,6205,2785,18251,26078,37309,24527,0,0,28251,4904,5632,928,1028,27,0,0,0,0,49519,3977,5673,0,0,0,0,0
562,3444,563.5216900395171,99939,185,83,51,8,16368,8249,0.24632025535576701,83,34,25202,21028,6178,2778,18300,26068,37429,24674,0,0,28024,4898,5683,926,1039,27,0,0,0,0,49695,3945,5702,0,0,0,0,0
563,3444,564.2746007576795,99939,181,86,51,8,16382,8258,0.24655039574140225,84,32,25123,20986,6162,2766,18398,26121,37547,24820,0,0,27808,4881,5718,916,1053,27,0,0,0,0,49891,3924,5721,0,0,0,0,0
564,3444,565.0296583881518,99939,185,84,51,8,16404,8262,0.24681055443820732,76,33,25067,20953,6133,2751,18487,26170,37664,24965,0,0,27603,4863,5755,907,1065,27,0,0,0,0,50075,3894,5750,0,0,0,0,0
565,3444,566.546293753946,99939,165,77,51,8,16434,8271,0.2472007924834149,74,36,25064,21016,6125,2733,18520,26129,37780,25109,0,0,27377,4851,5818,912,1072,27,0,0,0,0,50247,3867,5768,0,0,0,0,0
566,3444,567.3039361091587,99939,161,78,51,8,16452,8278,0.24745094507649668,71,32,24999,20983,6100,2718,18617,26180,37895,25252,0,0,27165,4842,5853,911,1075,27,0,0,0,0,50433,3831,5802,0,0,0,0,0
567,3444,568.0634025177577,99939,147,66,51,8,16464,8283,0.24762104883979227,69,32,24950,20940,6076,2719,18706,26234,38009,25393,0,0,26948,4824,5907,909,1081,27,0,0,0,0,50611,3813,5819,0,0,0,0,0
568,3444,569.5880925953666,99939,144,73,51,8,16491,8299,0.24805131129989294,66,22,24938,20973,6054,2704,18746,26219,38122,25533,0,0,26744,4808,5952,912,1083,29,0,0,0,0,50784,3778,5849,0,0,0,0,0
569,3444,570.3498296954552,99939,137,72,51,8,16505,8304,0.24824142727063508,58,21,24889,20943,6023,2691,18841,26264,38233,25672,0,0,26549,4787,5996,907,1091,29,0,0,0,0,50955,3749,5876,0,0,0,0,0
570,3444,571.1134267886674,99939,138,77,51,8,16516,8309,0.24840152493020742,63,20,24832,20900,5984,2667,18931,26327,38343,25810,0,0,26364,4756,6035,899,1099,30,0,0,0,0,51131,3726,5899,0,0,0,0,0
571,3444,572.1090893522038,99939,139,78,51,8,16521,8311,0.24847156765627032,62,19,24740,20824,5950,2656,19057,26414,38452,25947,0,0,26175,4728,6065,895,1105,30,0,0,0,0,51317,3701,5923,0,0,0,0,0
572,3444,573.3464872563297,99938,134,73,52,8,16545,8322,0.2488242710480498,53,19,24750,20864,5914,2651,19096,26384,38560,26082,0,0,25985,4705,6122,893,1115,30,0,0,0,0,51470,3672,5946,0,0,0,0,0
573,3444,574.0445305183705,99938,125,71,52,8,16549,8326,0.24890432067882087,58,17,24692,20837,5886,2633,19186,26433,38667,26216,0,0,25801,4677,6162,891,1121,30,0,0,0,0,51640,3644,5972,0,0,0,0,0
574,3444,575.1611442858383,99938,117,66,52,8,16562,8333,0.24910444475574856,63,17,24667,20857,5870,2626,19230,26425,38773,26349,0,0,25607,4662,6197,889,1132,30,0,0,0,0,51810,3616,5995,0,0,0,0,0
575,3444,576.1103216094878,99938,122,60,52,8,16576,8336,0.2492745502211371,62,16,24620,20838,5841,2621,19302,26456,38878,26481,0,0,25418,4644,6230,882,1141,30,0,0,0,0,51983,3593,6017,0,0,0,0,0
576,3444,577.4266529919706,99938,119,42,52,8,16596,8339,0.24950469290960395,58,20,24618,20864,5799,2614,19353,26451,38982,26612,0,0,25232,4620,6290,875,1154,30,0,0,0,0,52132,3574,6031,0,0,0,0,0
577,3444,578.6832714625664,99937,109,43,53,8,16610,8348,0.24973733452074806,51,19,24612,20873,5779,2591,19395,26465,39085,26742,0,0,25040,4601,6332,869,1164,30,0,0,0,0,52298,3556,6047,0,0,0,0,0
578,3444,579.1938169820239,99937,106,37,53,8,16620,8350,0.2498574101684061,45,20,24572,20860,5750,2581,19473,26493,39186,26870,0,0,24869,4576,6373,863,1173,30,0,0,0,0,52451,3529,6073,0,0,0,0,0
579,3444,580.2954809482699,99937,104,39,53,8,16636,8358,0.25009756146372214,39,20,24522,20857,5734,2572,19547,26503,39286,26997,0,0,24687,4554,6409,859,1179,33,0,0,0,0,52616,3511,6089,0,0,0,0,0
580,3444,581.4873068787346,99937,106,32,53,8,16648,8365,0.25028768123918066,43,18,24492,20868,5705,2569,19600,26504,39385,27123,0,0,24500,4541,6446,855,1183,33,0,0,0,0,52779,3490,6110,0,0,0,0,0
581,3444,582.0690455860713,99937,90,32,53,8,16659,8370,0.2504477821027247,39,18,24462,20870,5689,2556,19666,26515,39483,27248,0,0,24319,4530,6480,854,1190,34,0,0,0,0,52935,3461,6134,0,0,0,0,0
582,3444,583.0022717227492,99937,94,28,53,8,16675,8371,0.25061788927024026,36,24,24444,20928,5664,2537,19708,26474,39580,27372,0,0,24146,4510,6515,848,1198,34,0,0,0,0,53093,3439,6154,0,0,0,0,0
583,3444,584.5603219090405,99937,83,32,53,8,16682,8380,0.25077799013378427,32,21,24423,20937,5636,2523,19772,26478,39676,27495,0,0,23973,4486,6556,847,1202,34,0,0,0,0,53246,3418,6175,0,0,0,0,0
584,3444,585.5277238752128,99937,82,29,53,8,16695,8385,0.2509581036052713,31,20,24458,21024,5586,2503,19789,26415,39771,27616,0,0,23806,4460,6603,842,1208,34,0,0,0,0,53392,3400,6192,0,0,0,0,0
585,3444,586.3063364191346,99937,83,29,53,8,16697,8386,0.25098812251718583,29,19,24358,20940,5571,2498,19905,26505,39865,27736,0,0,23637,4444,6619,833,1218,34,0,0,0,0,53560,3380,6212,0,0,0,0,0
586,3444,587.147623668071,99937,84,33,53,8,16706,8392,0.2511382170767584,25,17,24359,20965,5538,2474,19940,26502,39958,27855,0,0,23469,4417,6651,833,1222,34,0,0,0,0,53722,3363,6226,0,0,0,0,0
587,3444,588.1679492743489,99937,77,28,53,8,16713,8396,0.2512482864204449,25,17,24369,21007,5501,2465,19974,26474,40050,27973,0,0,23304,4398,6685,830,1231,34,0,0,0,0,53870,3340,6245,0,0,0,0,0
588,3444,589.0531740315389,99937,71,28,53,8,16716,8399,0.2513083242442739,26,14,24311,20991,5477,2447,20061,26511,40141,28090,0,0,23149,4370,6720,825,1237,35,0,0,0,0,54017,3319,6265,0,0,0,0,0
589,3444,590.709358447219,99937,63,27,53,8,16725,8404,0.25144841249987493,24,11,24361,21094,5442,2428,20056,26431,40231,28206,0,0,22986,4351,6760,826,1237,36,0,0,0,0,54159,3295,6287,0,0,0,0,0
590,3444,591.0475049253631,99937,57,26,53,8,16732,8406,0.25153846923561846,24,10,24342,21103,5408,2419,20115,26433,40321,28321,0,0,22821,4325,6796,827,1239,36,0,0,0,0,54311,3280,6302,0,0,0,0,0
591,3444,592.6134795481684,99937,59,24,53,8,16744,8407,0.25166855118724796,16,13,24382,21156,5364,2402,20125,26396,40410,28434,0,0,22664,4297,6831,824,1246,36,0,0,0,0,54459,3266,6314,0,0,0,0,0
592,3444,593.3528659456642,99937,57,24,53,8,16744,8408,0.2516785574912195,17,14,24314,21094,5342,2398,20216,26461,40498,28546,0,0,22512,4275,6856,815,1255,36,0,0,0,0,54608,3249,6331,0,0,0,0,0
593,3444,594.1406467083804,99937,58,23,53,8,16748,8409,0.251728589011077,16,15,24301,21096,5305,2385,20266,26472,40585,28657,0,0,22373,4249,6887,807,1263,36,0,0,0,0,54742,3224,6356,0,0,0,0,0
594,3444,595.0927679113827,99937,59,25,53,8,16756,8416,0.2518786835706495,11,11,24266,21077,5281,2379,20329,26499,40671,28767,0,0,22222,4228,6916,804,1269,36,0,0,0,0,54884,3203,6375,0,0,0,0,0
595,3444,596.2039651072789,99937,53,25,53,8,16759,8419,0.25193872139447854,21,11,24269,21109,5247,2370,20356,26476,40756,28876,0,0,22067,4207,6944,804,1270,38,0,0,0,0,55030,3187,6390,0,0,0,0,0
596,3444,597.0088169500095,99937,52,19,53,8,16765,8420,0.252008765522279,21,15,24246,21098,5227,2367,20400,26492,40840,28984,0,0,21910,4195,6968,801,1275,38,0,0,0,0,55175,3167,6408,0,0,0,0,0
597,3444,598.4703730102897,99937,50,19,53,8,16777,8422,0.25214885377788004,20,15,24266,21154,5197,2352,20413,26451,40923,29091,0,0,21749,4181,6997,797,1280,38,0,0,0,0,55321,3156,6418,0,0,0,0,0
598,3444,599.1384808654474,99937,43,18,53,8,16779,8424,0.2521888789937661,22,13,24231,21144,5174,2343,20476,26473,41005,29197,0,0,21601,4157,7024,789,1293,38,0,0,0,0,55463,3147,6425,0,0,0,0,0
599,3444,600.2572470261617,99937,50,17,53,8,16789,8426,0.2523089546414241,15,15,24238,21151,5129,2331,20514,26477,41087,29302,0,0,21464,4131,7056,787,1294,39,0,0,0,0,55594,3126,6446,0,0,0,0,0
600,3444,601.2324514594778,99937,45,20,53,8,16793,8430,0.2523890050731961,15,13,24219,21161,5105,2321,20562,26476,41168,29406,0,0,21314,4118,7079,781,1299,40,0,0,0,0,55734,3111,6461,0,0,0,0,0
601,3444,602.1465896757669,99937,42,20,53,8,16799,8433,0.25247906180893964,19,10,24225,21193,5076,2309,20584,26459,41248,29509,0,0,21171,4098,7110,775,1305,40,0,0,0,0,55866,3096,6476,0,0,0,0,0
602,3444,603.0325613963483,99937,41,23,53,8,16805,8437,0.25257912484865463,16,8,24202,21195,5045,2298,20642,26467,41327,29611,0,0,21037,4070,7145,771,1310,40,0,0,0,0,55993,3081,6490,0,0,0,0,0
603,3444,604.0645108979611,99937,37,23,53,8,16811,8440,0.25266918158439816,15,6,24242,21304,5010,2278,20642,26380,41405,29712,0,0,20896,4052,7174,768,1315,40,0,0,0,0,56123,3064,6505,0,0,0,0,0
604,3444,605.2272307103171,99937,35,22,53,8,16812,8441,0.25268919419234115,14,8,24200,21296,4981,2264,20716,26401,41482,29812,0,0,20767,4030,7201,761,1322,40,0,0,0,0,56247,3045,6524,0,0,0,0,0
605,3444,606.0308286122734,99937,32,20,53,8,16813,8443,0.25271921310425566,15,7,24206,21334,4955,2253,20738,26377,41559,29911,0,0,20627,4007,7230,760,1324,40,0,0,0,0,56380,3033,6536,0,0,0,0,0
606,3444,607.136982761945,99937,33,16,53,8,16818,8446,0.2527992635360277,13,5,24244,21352,4912,2244,20744,26374,41635,30008,0,0,20490,3987,7256,756,1331,40,0,0,0,0,56509,3021,6547,0,0,0,0,0
607,3444,608.2890042276725,99937,33,15,53,8,16822,8447,0.2528492950558852,11,5,24280,21432,4869,2232,20753,26307,41710,30104,0,0,20364,3972,7275,748,1341,40,0,0,0,0,56631,2999,6567,0,0,0,0,0
608,3444,609.0480033552094,99937,34,15,53,8,16823,8448,0.2528693076638282,10,4,24238,21402,4843,2223,20821,26347,41784,30199,0,0,20235,3956,7291,746,1344,40,0,0,0,0,56760,2977,6588,0,0,0,0,0
609,3444,610.268826108599,99937,38,14,53,8,16827,8448,0.25290933287971423,14,7,24244,21441,4811,2215,20839,26314,41857,30294,0,0,20109,3935,7313,741,1349,40,0,0,0,0,56885,2961,6604,0,0,0,0,0
610,3444,611.0871701861673,99937,32,10,53,8,16830,8448,0.25293935179162874,14,7,24252,21458,4789,2201,20859,26315,41930,30388,0,0,19983,3911,7345,740,1351,42,0,0,0,0,57002,2946,6617,0,0,0,0,0
611,3444,612.1890399752712,99937,31,10,53,8,16832,8449,0.25296937070354325,15,6,24258,21470,4760,2187,20882,26318,42002,30481,0,0,19859,3887,7373,732,1359,42,0,0,0,0,57122,2937,6626,0,0,0,0,0
612,3444,613.237805240459,99937,29,8,53,8,16834,8449,0.25298938331148624,16,7,24262,21506,4727,2182,20912,26288,42073,30573,0,0,19742,3860,7404,727,1365,42,0,0,0,0,57234,2923,6640,0,0,0,0,0
613,3444,614.1031635288582,99937,30,8,53,8,16840,8450,0.2530594274392868,13,7,24262,21514,4703,2174,20938,26288,42143,30664,0,0,19620,3837,7430,724,1370,42,0,0,0,0,57352,2910,6652,0,0,0,0,0
614,3444,615.014739427639,99937,26,9,53,8,16843,8453,0.25311946526311574,16,7,24295,21594,4674,2157,20935,26224,42213,30754,0,0,19503,3817,7454,721,1377,42,0,0,0,0,57464,2890,6669,0,0,0,0,0
615,3444,616.1692806987598,99937,29,11,53,8,16846,8456,0.25317950308694476,15,5,24287,21595,4647,2145,20968,26235,42282,30843,0,0,19385,3796,7476,714,1384,42,0,0,0,0,57581,2878,6681,0,0,0,0,0
616,3444,617.3667018772106,99937,24,12,53,8,16848,8458,0.2532195283028308,16,6,24319,21650,4618,2128,20969,26195,42350,30931,0,0,19260,3778,7500,709,1390,42,0,0,0,0,57699,2870,6689,0,0,0,0,0
617,3444,618.0321570156261,99937,20,12,53,8,16849,8459,0.2532395409107738,19,5,24295,21641,4597,2116,21015,26217,42418,31018,0,0,19151,3754,7530,706,1393,42,0,0,0,0,57802,2851,6708,0,0,0,0,0
618,3444,619.0595463806752,99937,21,12,53,8,16853,8460,0.25328957243063127,16,5,24277,21675,4580,2105,21052,26194,42485,31104,0,0,19032,3738,7550,703,1396,42,0,0,0,0,57917,2836,6723,0,0,0,0,0
619,3444,620.1224302170128,99937,19,14,53,8,16855,8463,0.2533396039504888,14,3,24308,21730,4554,2092,21051,26152,42551,31189,0,0,18920,3714,7579,701,1398,42,0,0,0,0,58024,2823,6736,0,0,0,0,0
620,3444,621.0511412156233,99937,21,14,53,8,16859,8463,0.2533796291663748,14,3,24324,21757,4530,2086,21057,26131,42617,31273,0,0,18804,3692,7603,701,1398,42,0,0,0,0,58138,2811,6748,0,0,0,0,0
621,3444,622.443817273352,99937,21,13,53,8,16862,8464,0.25341965438226083,15,3,24404,21829,4486,2074,21020,26072,42682,31356,0,0,18689,3674,7626,697,1402,42,0,0,0,0,58248,2800,6759,0,0,0,0,0
622,3444,623.10552044699,99937,20,11,53,8,16863,8465,0.2534396669902038,15,3,24417,21860,4458,2066,21036,26051,42746,31438,0,0,18587,3655,7650,692,1407,42,0,0,0,0,58345,2780,6779,0,0,0,0,0
623,3444,624.0113250630206,99937,22,10,53,8,16866,8465,0.2534696859021183,12,4,24379,21839,4438,2058,21095,26080,42810,31519,0,0,18477,3639,7668,690,1409,42,0,0,0,0,58453,2763,6796,0,0,0,0,0
624,3444,625.1261324778131,99937,21,9,53,8,16868,8466,0.25349970481403283,12,4,24425,21903,4410,2040,21078,26035,42873,31600,0,0,18364,3618,7694,688,1411,42,0,0,0,0,58561,2755,6804,0,0,0,0,0
625,3444,626.2805894434628,99937,19,8,53,8,16872,8467,0.25354973633389033,14,3,24450,21959,4390,2032,21073,25989,42935,31680,0,0,18248,3608,7710,689,1412,42,0,0,0,0,58671,2738,6819,0,0,0,0,0
626,3444,627.0066769000558,99937,21,7,53,8,16876,8467,0.25358976154977636,12,3,24452,21993,4371,2022,21090,25966,42997,31759,0,0,18143,3589,7729,689,1412,44,0,0,0,0,58775,2723,6833,0,0,0,0,0
627,3444,628.325478596712,99937,24,7,53,8,16880,8467,0.2536297867656624,10,5,24478,22041,4346,2015,21088,25923,43058,31837,0,0,18039,3575,7744,684,1417,44,0,0,0,0,58878,2707,6849,0,0,0,0,0
628,3444,629.1396281508859,99937,20,6,53,8,16882,8467,0.2536497993736054,12,6,24501,22092,4320,2003,21093,25884,43118,31914,0,0,17936,3563,7763,679,1422,44,0,0,0,0,58974,2690,6866,0,0,0,0,0
629,3444,630.1639626928428,99937,21,7,53,8,16889,8470,0.25374986241332037,31,29,24514,22118,4297,1991,21083,25846,43178,31990,0,0,17825,3552,7782,676,1425,44,0,0,0,0,59077,2679,6877,0,0,0,0,0
630,3444,631.3289817681622,99937,23,16,53,8,16897,8479,0.2539199695808359,26,21,24539,22178,4268,1980,21090,25796,43237,32066,0,0,17727,3533,7801,673,1430,44,2,0,0,2,59171,2662,6892,0,0,0,0,0
631,3444,632.1050285169518,99937,29,17,53,8,16903,8481,0.25400002001260796,24,22,24518,22170,4248,1967,21127,25815,43296,32141,0,0,17619,3517,7817,670,1433,44,2,0,0,3,59278,2655,6899,0,0,0,0,0
632,3444,633.048738430912,99937,38,17,53,8,16917,8483,0.254160120876152,18,23,24540,22212,4221,1956,21129,25783,43354,32215,0,0,17526,3500,7833,665,1439,46,2,0,0,7,59367,2640,6912,0,0,0,0,0
633,3444,634.3823820603483,99937,35,24,53,8,16921,8492,0.2542902028277815,25,20,24607,22287,4190,1949,21089,25711,43411,32288,0,0,17430,3482,7851,661,1443,47,5,0,0,12,59455,2626,6925,0,0,0,0,0
634,3444,635.2309976096543,99937,34,28,53,8,16923,8497,0.254360246955582,27,16,24574,22276,4177,1944,21134,25727,43468,32360,0,0,17326,3467,7866,660,1446,47,5,0,0,14,59557,2617,6932,0,0,0,0,0
635,3444,636.0595498056246,99937,37,28,53,8,16934,8501,0.25451034151515456,23,18,24633,22332,4153,1931,21100,25682,43524,32432,0,0,17237,3442,7890,655,1453,47,8,0,0,21,59636,2605,6943,0,0,0,0,0
636,3444,637.042996976526,99937,31,30,53,8,16935,8506,0.2545703793389836,28,18,24611,22330,4149,1927,21127,25686,43580,32503,0,0,17139,3430,7901,654,1457,47,9,0,0,27,59727,2588,6958,0,0,0,0,0
637,3444,638.280799922824,99937,39,23,53,8,16949,8508,0.2547304802025276,27,17,24685,22396,4115,1922,21080,25633,43635,32573,0,0,17049,3413,7916,653,1460,48,11,0,0,37,59805,2570,6975,0,0,0,0,0
638,3444,639.0377933565043,99937,37,22,53,8,16955,8512,0.25483054324224264,29,16,24698,22401,4096,1919,21086,25633,43690,32642,0,0,16954,3395,7932,651,1466,48,13,0,0,44,59891,2559,6984,0,0,0,0,0
639,3444,640.0476780864432,99937,38,22,53,8,16965,8514,0.2549506188899006,27,18,24732,22444,4077,1904,21072,25603,43744,32710,0,0,16867,3378,7948,646,1472,48,15,0,0,51,59969,2543,7000,0,0,0,0,0
640,3444,641.2598784289556,99937,43,25,53,8,16976,8519,0.2551107197534447,28,19,24788,22525,4046,1886,21041,25536,43797,32778,0,0,16775,3359,7966,643,1478,48,17,0,0,54,60056,2534,7007,0,0,0,0,0
641,3444,642.2267479733304,99937,42,28,53,8,16982,8523,0.2552107827931597,29,19,24803,22539,4033,1878,21039,25527,43850,32845,0,0,16685,3345,7978,642,1482,48,18,0,0,58,60141,2518,7022,0,0,0,0,0
642,3444,643.1281813644129,99937,40,30,53,8,16987,8531,0.25534086474478923,34,19,24818,22567,4014,1870,21040,25505,43902,32911,0,0,16592,3328,7993,640,1487,48,20,0,0,66,60224,2510,7029,0,0,0,0,0
643,3444,644.3119878325127,99936,41,30,54,8,16996,8536,0.2554835094460455,36,16,24844,22613,3992,1856,21032,25476,43954,32977,0,0,16510,3307,8014,639,1491,48,20,0,0,75,60296,2496,7040,0,0,0,0,0
644,3444,645.0272202940298,99936,41,31,54,8,17000,8538,0.2555435478706372,39,16,24862,22627,3969,1847,21034,25470,44005,33042,0,0,16423,3288,8032,637,1495,48,20,0,0,78,60380,2488,7047,0,0,0,0,0
645,3444,646.3123123296149,99936,43,34,54,8,17006,8546,0.2556836375280179,44,18,24916,22694,3944,1836,20998,25409,44056,33106,0,0,16342,3271,8049,635,1497,49,21,0,0,84,60454,2472,7062,0,0,0,0,0
646,3444,647.3569590100085,99936,43,33,54,8,17012,8552,0.2558037143772014,45,16,24937,22730,3935,1833,20985,25379,44106,33169,0,0,16249,3260,8058,635,1499,50,24,0,0,91,60537,2461,7072,0,0,0,0,0
647,3444,648.115753338992,99936,47,37,54,8,17021,8557,0.2559438040345821,46,18,24947,22749,3922,1822,20983,25365,44156,33232,0,0,16162,3247,8071,633,1501,50,24,0,0,97,60618,2450,7083,0,0,0,0,0
648,3444,649.3327726703768,99936,57,35,54,8,17041,8561,0.2561839577329491,50,18,24998,22821,3899,1817,20941,25300,44205,33294,0,0,16079,3234,8080,630,1510,50,23,0,0,108,60691,2439,7092,0,0,0,0,0
649,3444,650.0988502857364,99936,59,37,54,8,17048,8565,0.25629402817803393,45,16,24979,22822,3894,1810,20968,25306,44254,33355,0,0,15989,3223,8089,629,1514,50,24,0,0,111,60777,2430,7100,0,0,0,0,0
650,3444,651.0117399817382,99936,58,42,54,8,17059,8575,0.25650416266410503,42,17,25001,22863,3888,1808,20956,25261,44302,33416,0,0,15893,3216,8093,628,1518,51,28,0,0,119,60861,2421,7108,0,0,0,0,0
651,3444,652.229250339773,99936,78,39,54,8,17083,8578,0.25677433557476786,42,23,25052,22942,3860,1798,20913,25189,44350,33476,0,0,15816,3197,8111,626,1520,52,32,0,0,124,60929,2408,7121,0,0,0,0,0
652,3444,653.3682094556981,99935,75,42,55,8,17090,8584,0.25690698954320307,54,24,25091,23007,3841,1787,20883,25131,44397,33535,0,0,15745,3178,8130,625,1523,52,35,0,0,131,60989,2390,7137,0,0,0,0,0
653,3444,654.1264345910511,99935,77,38,55,8,17096,8586,0.25698704157702507,60,28,25096,23028,3824,1785,20887,25112,44444,33594,0,0,15666,3157,8150,625,1525,52,35,0,0,139,61060,2384,7142,0,0,0,0,0
654,3444,655.2630802051699,99935,83,44,55,8,17117,8596,0.2572972432080853,59,22,25132,23083,3815,1784,20855,25058,44490,33652,0,0,15583,3145,8159,625,1528,52,38,0,0,152,61127,2372,7154,0,0,0,0,0
655,3444,656.0198109366285,99935,84,48,55,8,17129,8601,0.257467353779957,60,25,25145,23100,3801,1777,20854,25041,44536,33709,0,0,15510,3125,8177,620,1536,52,43,0,0,156,61191,2362,7163,0,0,0,0,0
656,3444,657.1542742725746,99935,82,43,55,8,17141,8607,0.25764747085605644,63,27,25177,23164,3787,1774,20835,24983,44582,33766,0,0,15431,3107,8190,621,1543,52,47,0,0,169,61253,2351,7171,0,0,0,0,0
657,3444,658.2871385729819,99934,79,43,56,8,17154,8613,0.25784017451518004,65,25,25198,23226,3783,1765,20818,24932,44627,33822,0,0,15341,3099,8197,620,1547,53,50,0,0,182,61326,2346,7173,0,0,0,0,0
658,3444,659.0417425420852,99934,81,43,56,8,17165,8620,0.2580202933936398,63,22,25210,23246,3771,1763,20818,24917,44672,33878,0,0,15273,3078,8216,620,1550,53,51,0,0,193,61381,2333,7186,0,0,0,0,0
659,3444,660.1732726725467,99934,80,44,56,8,17183,8628,0.2582804651069706,61,18,25233,23298,3767,1761,20802,24870,44716,33933,0,0,15200,3058,8230,620,1556,55,55,0,0,205,61438,2323,7194,0,0,0,0,0
660,3444,661.1548890465589,99934,82,42,56,8,17194,8632,0.25843056417235377,63,18,25242,23330,3752,1755,20804,24846,44760,33987,0,0,15129,3043,8243,617,1561,55,56,0,0,217,61496,2313,7204,0,0,0,0,0
661,3444,662.0271472559748,99934,86,47,56,8,17211,8641,0.25869073588568453,68,19,25259,23367,3738,1747,20792,24811,44803,34041,0,0,15052,3030,8255,614,1566,57,60,0,0,225,61561,2306,7208,0,0,0,0,0
662,3444,663.1007146149315,99934,95,49,56,8,17231,8652,0.25900094062080975,77,21,25303,23432,3716,1745,20752,24744,44846,34094,0,0,14978,3019,8263,614,1571,58,59,0,0,239,61622,2296,7215,0,0,0,0,0
663,3444,664.2274262692252,99934,94,45,56,8,17248,8658,0.2592310925210639,80,24,25329,23486,3718,1745,20722,24691,44889,34147,0,0,14893,3006,8275,612,1575,59,68,0,0,253,61684,2290,7219,0,0,0,0,0
664,3444,665.3529496981731,99934,94,43,56,8,17261,8665,0.2594312246082414,96,28,25361,23527,3702,1746,20690,24647,44931,34199,0,0,14821,2993,8288,611,1577,60,72,0,0,268,61737,2278,7229,0,0,0,0,0
665,3444,666.1025046223408,99934,110,47,56,8,17285,8672,0.25974142934336664,82,27,25377,23559,3696,1741,20678,24617,44973,34251,0,0,14750,2981,8298,610,1580,61,73,0,0,275,61800,2268,7238,0,0,0,0,0
666,3444,667.2259936241196,99934,117,49,56,8,17312,8679,0.26008165389156845,82,29,25400,23607,3696,1740,20648,24566,45014,34302,0,0,14680,2965,8308,612,1586,61,73,0,0,292,61853,2260,7244,0,0,0,0,0
667,3444,668.3480881974181,99934,121,45,56,8,17339,8688,0.260441891648488,86,35,25450,23671,3689,1735,20597,24505,45055,34352,0,0,14612,2946,8324,610,1594,61,79,0,0,316,61891,2252,7249,0,0,0,0,0
668,3444,669.0949254318747,99932,119,46,57,9,17358,8694,0.2606972741464196,84,35,25465,23703,3685,1730,20589,24476,45096,34402,0,0,14544,2927,8340,611,1598,61,83,0,0,331,61938,2243,7256,0,0,0,0,0
669,3444,670.2141791778616,99932,129,42,57,9,17383,8697,0.26097746467597965,82,47,25519,23759,3674,1729,20538,24413,45136,34451,0,0,14472,2916,8350,614,1601,63,84,0,0,343,61997,2234,7258,0,0,0,0,0
670,3444,671.3312917164869,99932,132,50,57,9,17412,8711,0.261407757274947,86,43,25549,23800,3675,1724,20500,24373,45176,34500,0,0,14405,2897,8365,617,1607,64,88,0,0,359,62044,2223,7263,0,0,0,0,0
671,3444,672.0750603681673,99932,127,56,57,9,17424,8721,0.2616279069767442,94,44,25560,23844,3675,1719,20486,24327,45215,34548,0,0,14338,2883,8376,615,1613,65,92,0,0,370,62096,2215,7269,0,0,0,0,0
672,3444,673.1900332693427,99932,132,60,57,9,17454,8739,0.2621082335988472,94,39,25585,23898,3676,1723,20455,24270,45254,34596,0,0,14280,2865,8393,612,1624,65,102,0,0,390,62124,2196,7281,0,0,0,0,0
673,3444,674.3037009958665,99932,134,62,57,9,17477,8749,0.26243845815154304,105,41,25622,23962,3671,1726,20410,24199,45293,34643,0,0,14212,2851,8402,615,1628,65,105,0,0,409,62170,2186,7289,0,0,0,0,0
674,3444,675.0453193854598,99932,131,59,57,9,17491,8752,0.26260857383020453,107,46,25645,23981,3666,1723,20393,24181,45331,34690,0,0,14147,2840,8412,612,1635,65,111,0,0,421,62217,2173,7299,0,0,0,0,0
675,3444,676.1560120637668,99932,143,68,57,9,17529,8767,0.2631389344754433,102,43,25686,24039,3663,1718,20348,24122,45369,34736,0,0,14070,2835,8417,610,1638,66,114,0,0,447,62265,2170,7300,0,0,0,0,0
676,3444,677.2645979182284,99932,156,72,57,9,17560,8781,0.2635892406836649,108,44,25725,24098,3659,1713,20294,24063,45407,34782,0,0,14007,2815,8434,611,1642,66,120,0,0,464,62305,2162,7306,0,0,0,0,0
677,3444,678.002733538187,99932,160,71,57,9,17579,8789,0.26385942440859783,118,52,25728,24106,3660,1713,20276,24048,45444,34827,0,0,13943,2801,8445,610,1646,67,125,0,0,478,62350,2154,7313,0,0,0,0,0
678,3444,679.1092253421189,99932,166,81,57,9,17611,8803,0.2643197374214466,128,61,25770,24162,3656,1710,20222,23976,45481,34872,0,0,13879,2784,8459,611,1650,67,130,0,0,498,62389,2147,7318,0,0,0,0,0
679,3444,680.2137433797213,99932,176,94,57,9,17649,8822,0.26489012528519396,127,59,25804,24203,3655,1705,20180,23929,45517,34916,0,0,13814,2770,8469,614,1652,68,133,0,0,522,62427,2140,7323,0,0,0,0,0
680,3444,681.3166425905465,99931,197,99,58,9,17693,8841,0.2655232110156008,112,70,25836,24243,3654,1708,20142,23870,45553,34960,0,0,13740,2757,8476,617,1659,68,144,0,0,537,62475,2133,7325,0,0,0,0,0
681,3444,682.0510373033726,99931,203,99,58,9,17717,8854,0.2658934664918794,120,72,25843,24263,3659,1712,20116,23844,45589,35003,0,0,13681,2746,8485,616,1664,69,148,0,0,557,62509,2121,7335,0,0,0,0,0
682,3444,683.1519543203553,99931,197,99,58,9,17746,8873,0.2663737979205652,150,80,25865,24312,3676,1717,20053,23782,45624,35046,0,0,13617,2736,8488,616,1673,69,153,0,0,597,62528,2112,7342,0,0,0,0,0
683,3444,684.2516012455567,99931,195,108,58,9,17786,8890,0.26694419149212956,149,86,25883,24358,3699,1717,20015,23721,45659,35088,0,0,13545,2726,8491,617,1687,69,167,0,0,617,62565,2102,7345,0,0,0,0,0
684,3444,685.350405849093,99931,200,116,58,9,17826,8914,0.26758463339704397,166,78,25899,24399,3708,1721,19968,23676,45694,35130,0,0,13486,2708,8500,620,1697,69,175,0,0,647,62586,2091,7352,0,0,0,0,0
685,3444,686.0823986600226,99931,218,117,58,9,17864,8930,0.26812500625431546,160,83,25908,24416,3715,1728,19940,23646,45728,35171,0,0,13421,2702,8501,621,1701,71,182,0,0,666,62625,2079,7362,0,0,0,0,0
686,3444,687.179542743512,99931,219,122,58,9,17901,8951,0.26870540673064414,177,88,25951,24459,3726,1732,19868,23589,45762,35212,0,0,13354,2693,8503,621,1712,72,191,0,0,695,62653,2071,7366,0,0,0,0,0
687,3444,688.2746892032076,99931,251,130,58,9,17962,8976,0.26956600054037283,169,88,25968,24518,3734,1736,19819,23518,45796,35253,0,0,13290,2681,8510,623,1723,72,199,0,0,720,62684,2062,7367,0,0,0,0,0
688,3444,689.0040969883565,99931,240,134,58,9,17987,8991,0.26996627673094437,172,94,25989,24542,3752,1740,19788,23480,45829,35293,0,0,13231,2667,8513,622,1735,73,202,0,0,749,62710,2059,7370,0,0,0,0,0
689,3444,690.0976626676678,99931,240,134,58,9,18038,9013,0.2706967807787373,180,106,26013,24574,3781,1754,19727,23422,45862,35333,0,0,13160,2659,8514,626,1748,74,213,0,0,792,62727,2050,7368,0,0,0,0,0
690,3444,691.1898347748865,99931,253,147,58,9,18089,9046,0.2715373607789375,194,100,26023,24613,3794,1767,19677,23363,45895,35372,0,0,13091,2652,8513,628,1758,74,222,0,0,829,62750,2043,7371,0,0,0,0,0
691,3444,692.281100324361,99931,274,156,58,9,18141,9076,0.27235792696960903,214,100,26037,24666,3796,1781,19620,23287,45928,35411,0,0,13034,2641,8518,630,1769,74,227,0,0,861,62768,2032,7377,0,0,0,0,0
692,3444,693.0080356212882,99931,289,152,58,9,18183,9090,0.2729183136364091,217,111,26052,24677,3803,1793,19580,23257,45960,35449,0,0,12982,2629,8529,626,1777,74,233,0,0,896,62779,2024,7382,0,0,0,0,0
693,3444,694.097399011005,99931,312,165,58,9,18242,9126,0.2738689695890164,229,105,26062,24717,3815,1802,19523,23201,45992,35487,0,0,12918,2620,8534,623,1789,76,248,0,0,926,62798,2014,7385,0,0,0,0,0
694,3444,695.1857266329297,99931,316,167,58,9,18297,9153,0.27468953577968797,239,104,26088,24747,3839,1819,19459,23153,46024,35525,0,0,12854,2605,8537,626,1808,78,261,0,0,962,62813,2006,7381,0,0,0,0,0
695,3444,696.2728051518626,99931,322,181,58,9,18353,9182,0.2755401226846524,255,114,26091,24783,3867,1826,19406,23086,46055,35562,0,0,12782,2596,8536,628,1820,80,281,0,0,988,62838,1997,7385,0,0,0,0,0
696,3444,697.3594112472084,99930,326,186,59,9,18419,9213,0.27651355949164413,262,123,26104,24830,3899,1844,19349,23007,46086,35599,0,0,12721,2580,8538,636,1835,80,291,0,0,1041,62835,1988,7385,0,0,0,0,0
697,3444,698.0833932711553,99930,323,191,59,9,18455,9233,0.2770739517662364,291,136,26095,24855,3921,1852,19310,22956,46117,35635,0,0,12659,2573,8536,637,1849,80,302,0,0,1069,62858,1978,7389,0,0,0,0,0
698,3444,699.169114967727,99930,345,195,59,9,18533,9262,0.27814470129090363,304,141,26092,24888,3955,1867,19244,22899,46148,35671,0,0,12591,2565,8533,638,1865,81,318,0,0,1113,62865,1969,7392,0,0,0,0,0
699,3444,700.2542867482434,99929,383,211,60,9,18623,9298,0.2794083799497643,295,154,26092,24920,3987,1877,19182,22828,46178,35707,0,0,12542,2547,8542,642,1876,81,327,0,0,1158,62858,1956,7400,0,0,0,0,0
700,3444,701.338904554186,99929,396,219,60,9,18702,9335,0.2805692041349358,322,169,26091,24954,4017,1896,19113,22752,46208,35742,0,0,12474,2537,8534,649,1898,81,339,0,0,1211,62860,1950,7396,0,0,0,0,0
701,3444,702.0616025514032,99928,424,219,61,9,18767,9365,0.2815226963413658,321,169,26076,24965,4034,1918,19083,22719,46238,35777,0,0,12424,2524,8540,652,1908,82,341,0,0,1259,62858,1943,7397,0,0,0,0,0
702,3444,703.1458815057096,99928,445,242,61,9,18863,9407,0.2829036906572732,340,176,26072,25020,4082,1925,18999,22627,46267,35812,0,0,12358,2508,8545,664,1922,84,356,0,0,1306,62860,1934,7391,0,0,0,0,0
703,3444,704.2297180666188,99928,471,257,61,9,18968,9454,0.284424785845809,349,191,26054,25053,4129,1949,18935,22540,46296,35846,0,0,12291,2498,8541,664,1950,84,373,0,0,1371,62844,1931,7381,0,0,0,0,0
704,3444,705.313706187016,99928,479,259,61,9,19056,9498,0.28574573693059,366,196,26055,25083,4186,1985,18852,22467,46325,35880,0,0,12226,2488,8544,666,1972,84,390,0,0,1448,62812,1923,7375,0,0,0,0,0
705,3444,706.0361534746096,99927,510,269,61,10,19130,9533,0.2868393927567124,366,190,26028,25092,4213,2004,18821,22434,46354,35913,0,0,12163,2478,8544,670,1984,84,402,0,0,1485,62824,1917,7376,0,0,0,0,0
706,3444,707.1203568632425,99927,553,281,61,10,19248,9577,0.2884605762206411,385,225,25979,25098,4261,2028,18760,22357,46382,35946,0,0,12094,2469,8540,678,2002,85,420,0,0,1545,62814,1908,7372,0,0,0,0,0
707,3444,708.2052258573723,99927,586,292,61,10,19348,9633,0.29002171585257236,433,222,25956,25142,4308,2062,18655,22271,46410,35979,0,0,12029,2458,8537,678,2018,87,442,0,0,1614,62788,1900,7376,0,0,0,0,0
708,3444,709.2903105157798,99925,617,302,62,11,19462,9681,0.2916487365524143,456,252,25938,25176,4366,2083,18560,22175,46438,36011,0,0,11969,2449,8534,678,2039,90,458,0,0,1688,62756,1892,7372,0,0,0,0,0
709,3444,710.0136902893154,99924,636,317,62,12,19538,9727,0.292872583163204,484,251,25924,25185,4401,2105,18492,22129,46466,36043,0,0,11910,2442,8529,683,2051,94,467,0,0,1739,62753,1883,7373,0,0,0,0,0
710,3444,711.0985287950094,99924,667,342,62,12,19669,9804,0.2949541651655258,499,255,25895,25210,4478,2146,18398,22034,46493,36075,0,0,11843,2431,8524,693,2074,96,487,0,0,1832,62706,1871,7367,0,0,0,0,0
711,3444,712.1837115114523,99924,701,363,62,12,19795,9884,0.2970157319562868,542,249,25870,25231,4533,2197,18291,21947,46520,36106,0,0,11783,2420,8519,695,2098,100,505,0,0,1928,62649,1864,7363,0,0,0,0,0
712,3444,713.2690100916434,99924,736,374,62,12,19947,9948,0.2991773748048517,553,270,25828,25256,4618,2239,18202,21848,46547,36137,0,0,11709,2408,8518,700,2122,103,534,0,0,2030,62589,1857,7354,0,0,0,0,0
713,3444,714.3549423054627,99923,803,397,62,13,20115,10024,0.3016222491318315,553,292,25800,25276,4670,2268,18111,21753,46574,36168,0,0,11642,2390,8519,708,2137,106,560,0,0,2128,62531,1850,7352,0,0,0,0,0
714,3444,715.079242748693,99922,839,402,63,13,20231,10086,0.30340665719261023,564,284,25758,25278,4729,2317,18046,21705,46600,36198,0,0,11578,2378,8519,714,2155,107,582,0,0,2213,62485,1842,7349,0,0,0,0,0
715,3444,716.1667765116916,99922,850,410,63,13,20367,10158,0.3054882808590701,627,303,25710,25318,4826,2362,17923,21593,46626,36228,0,0,11509,2370,8513,717,2179,113,610,0,0,2336,62403,1833,7339,0,0,0,0,0
716,3444,717.2550137002897,99920,899,430,65,13,20545,10240,0.3080964771817454,654,317,25659,25333,4922,2412,17800,21494,46652,36258,0,0,11434,2362,8498,720,2211,114,640,0,0,2456,62325,1827,7333,0,0,0,0,0
717,3444,718.3445173198735,99920,951,452,65,13,20728,10339,0.3109187349879904,680,322,25600,25342,5015,2473,17688,21397,46678,36287,0,0,11352,2356,8487,727,2231,120,675,0,0,2584,62241,1815,7332,0,0,0,0,0
718,3444,719.0716256819458,99916,977,456,68,14,20857,10393,0.3127627206853757,696,329,25526,25338,5093,2515,17639,21347,46703,36316,0,0,11288,2342,8486,738,2252,120,698,0,0,2676,62184,1804,7328,0,0,0,0,0
719,3444,720.1648058534282,99916,1022,474,68,14,21071,10480,0.31577525121101724,729,330,25443,25357,5222,2565,17515,21259,46728,36345,0,0,11213,2323,8481,750,2279,127,734,0,0,2822,62075,1795,7317,0,0,0,0,0
720,3444,721.2601176908474,99915,1059,495,68,15,21272,10583,0.318820997848171,769,346,25388,25362,5342,2627,17373,21154,46753,36374,0,0,11135,2311,8465,761,2309,134,770,0,0,2974,61962,1785,7309,0,0,0,0,0
721,3444,722.3568392220643,99915,1091,517,68,15,21496,10680,0.32203372866936897,782,352,25318,25376,5487,2681,17253,21058,46778,36402,0,0,11050,2291,8447,779,2359,137,815,0,0,3116,61855,1773,7293,0,0,0,0,0
722,3444,723.0892418354154,99915,1130,522,68,15,21642,10742,0.3241154981734474,803,398,25258,25370,5560,2723,17180,20971,46803,36430,0,0,10984,2278,8445,784,2384,141,844,0,0,3210,61796,1764,7285,0,0,0,0,0
723,3444,724.1896651959952,99915,1153,571,68,15,21870,10865,0.32762848421157986,817,384,25184,25376,5713,2779,17064,20874,46827,36458,0,0,10903,2262,8432,806,2426,142,883,0,0,3380,61665,1747,7269,0,0,0,0,0
724,3444,725.2924522657942,99915,1177,585,68,15,22094,10979,0.3310113596557073,850,386,25097,25395,5864,2852,16943,20766,46851,36485,0,0,10820,2249,8413,816,2480,143,925,0,0,3563,61515,1739,7252,0,0,0,0,0
725,3444,726.0292925400692,99915,1196,605,68,15,22244,11045,0.333173197217635,872,391,25017,25394,5962,2888,16884,20706,46875,36512,0,0,10748,2238,8407,820,2511,144,957,0,0,3666,61449,1733,7242,0,0,0,0,0
726,3444,727.138128536826,99914,1257,617,68,16,22492,11160,0.3368096563044218,913,401,24907,25386,6099,2964,16755,20615,46899,36539,0,0,10674,2223,8388,837,2569,145,990,0,0,3837,61312,1720,7219,0,0,0,0,0
727,3444,728.2502798012665,99914,1288,640,68,16,22735,11285,0.3404928238284925,942,392,24814,25387,6252,3048,16635,20516,46923,36566,0,0,10592,2206,8374,851,2624,149,1033,0,0,4024,61157,1711,7193,0,0,0,0,0
728,3444,729.3658822524403,99913,1335,644,69,16,22974,11399,0.3440293054957813,988,429,24699,25384,6392,3132,16516,20394,46946,36592,0,0,10507,2193,8359,859,2678,152,1083,0,0,4196,61012,1701,7173,0,0,0,0,0
729,3444,730.1114213778193,99913,1359,654,69,16,23151,11482,0.34663156946543494,980,434,24658,25361,6508,3197,16425,20337,46969,36618,0,0,10427,2183,8353,872,2698,153,1120,0,0,4342,60901,1692,7172,0,0,0,0,0
730,3444,731.2319260889872,99911,1383,671,69,18,23397,11616,0.3504418932850237,992,443,24587,25334,6662,3295,16306,20238,46992,36644,0,0,10350,2161,8346,888,2748,161,1165,0,0,4539,60724,1679,7150,0,0,0,0,0
731,3444,732.3549581283162,99910,1406,685,69,19,23631,11739,0.35401861675507956,1034,453,24498,25326,6802,3382,16190,20134,47015,36670,0,0,10277,2145,8320,901,2814,169,1199,0,0,4721,60572,1672,7120,0,0,0,0,0
732,3444,733.1053403502817,99909,1465,719,70,19,23829,11835,0.35696483800258233,1035,456,24445,25293,6890,3429,16094,20083,47038,36695,0,0,10210,2132,8307,907,2856,169,1231,0,0,4832,60487,1666,7112,0,0,0,0,0
733,3444,734.2332283076734,99909,1509,729,70,19,24115,11960,0.3610785815091733,1075,491,24320,25298,7075,3518,15950,19944,47060,36720,0,0,10126,2115,8282,919,2927,172,1279,0,0,5036,60307,1656,7090,0,0,0,0,0
734,3444,735.3652102796548,99907,1576,758,72,19,24420,12099,0.3655299428468476,1100,495,24207,25292,7238,3604,15806,19831,47082,36745,0,0,10054,2099,8264,927,2989,178,1319,0,0,5242,60118,1644,7073,0,0,0,0,0
735,3444,736.1217380768769,99907,1606,763,72,19,24631,12203,0.36868287507381864,1113,519,24120,25253,7372,3684,15716,19761,47104,36769,0,0,9972,2086,8251,943,3022,188,1362,0,0,5405,59989,1634,7055,0,0,0,0,0
736,3444,737.2607193375587,99907,1636,782,72,19,24943,12349,0.37326713843874804,1145,536,23987,25229,7589,3785,15570,19648,47126,36793,0,0,9901,2064,8226,972,3083,199,1395,0,0,5653,59765,1617,7032,0,0,0,0,0
737,3444,738.0229335108926,99907,1672,804,72,19,25172,12449,0.37656020098691784,1159,555,23882,25225,7727,3849,15487,19547,47148,36817,0,0,9814,2053,8219,988,3126,202,1446,0,0,5793,59650,1598,7018,0,0,0,0,0
738,3444,739.1711571337097,99906,1749,838,73,19,25528,12608,0.38171881568674554,1151,546,23738,25218,7932,3946,15356,19432,47169,36841,0,0,9722,2032,8197,1020,3195,209,1500,0,0,6001,59455,1577,6998,0,0,0,0,0
739,3444,740.325061963306,99903,1752,841,76,19,25848,12749,0.3863447544117794,1239,568,23618,25187,8149,4050,15165,19334,47190,36865,0,0,9645,2009,8169,1045,3288,214,1542,0,0,6255,59214,1556,6966,0,0,0,0,0
740,3444,741.0968938714494,99902,1787,836,76,20,26090,12840,0.3896818882504855,1249,627,23524,25151,8291,4124,15072,19241,47211,36888,0,0,9578,1998,8147,1054,3350,220,1579,0,0,6425,59063,1542,6946,0,0,0,0,0
741,3444,742.2593512191446,99901,1847,860,76,21,26497,13013,0.395491536621255,1219,658,23400,25114,8549,4243,14908,19103,47232,36911,0,0,9482,1978,8122,1085,3429,232,1632,0,0,6699,58802,1527,6913,0,0,0,0,0
742,3444,743.0372742385641,99900,1908,871,76,22,26751,13131,0.3992192192192192,1235,677,23299,25081,8679,4327,14802,19021,47253,36934,0,0,9418,1961,8105,1104,3492,235,1659,0,0,6859,58657,1515,6895,0,0,0,0,0
743,3444,744.2080395297297,99898,1977,906,78,22,27124,13323,0.4048829806402531,1286,705,23149,25027,8895,4443,14614,18896,47273,36957,0,0,9325,1946,8068,1130,3582,243,1710,0,0,7106,58423,1501,6864,0,0,0,0,0
744,3444,745.3847498096148,99893,2040,958,81,24,27511,13535,0.4108996626390238,1309,663,22998,24991,9120,4571,14451,18792,47293,36979,0,0,9227,1925,8036,1151,3670,251,1774,0,0,7369,58166,1487,6837,0,0,0,0,0
745,3444,746.1728977314199,99892,2079,1010,82,24,27796,13682,0.41522844672246023,1318,664,22878,24956,9291,4640,14351,18705,47313,37001,0,0,9153,1912,8011,1167,3735,261,1814,0,0,7551,58004,1472,6812,0,0,0,0,0
746,3444,747.3609188246066,99890,2123,1035,83,25,28202,13899,0.4214736209830814,1352,683,22717,24895,9544,4804,14180,18557,47333,37023,0,0,9044,1893,7988,1184,3842,268,1892,0,0,7853,57704,1456,6766,0,0,0,0,0
747,3444,748.1568780466563,99888,2104,1049,84,26,28457,14031,0.42535639916706713,1396,723,22605,24838,9736,4902,14074,18461,47353,37045,0,0,8967,1877,7968,1201,3906,283,1933,0,0,8058,57503,1445,6747,0,0,0,0,0
748,3444,749.356980826701,99885,2150,1083,87,26,28876,14252,0.43177654302447815,1455,760,22444,24767,9981,5029,13882,18334,47373,37066,0,0,8865,1852,7933,1229,4017,293,1998,0,0,8351,57207,1434,6706,0,0,0,0,0
749,3444,750.1605841254742,99883,2176,1122,88,27,29145,14400,0.4359600732857443,1499,775,22327,24721,10131,5113,13778,18241,47392,37087,0,0,8789,1843,7906,1237,4084,302,2036,0,0,8544,57029,1427,6686,0,0,0,0,0
750,3444,751.3722789525598,99882,2279,1165,89,27,29616,14643,0.44311287319036463,1513,782,22151,24653,10372,5277,13595,18095,47411,37108,0,0,8696,1825,7864,1262,4202,316,2092,0,0,8841,56730,1414,6640,0,0,0,0,0
751,3444,752.1840915666418,99881,2336,1156,90,27,29915,14782,0.4475025280083299,1563,812,22017,24597,10517,5405,13476,18002,47430,37129,0,0,8624,1811,7839,1275,4274,326,2131,0,0,9057,56522,1404,6618,0,0,0,0,0
752,3444,753.4089857356599,99879,2420,1200,92,27,30390,15029,0.4547402356851791,1629,832,21831,24532,10753,5570,13274,17838,47449,37150,0,0,8509,1796,7791,1298,4390,342,2209,0,0,9355,56222,1386,6581,0,0,0,0,0
753,3444,754.229653991741,99878,2471,1227,93,27,30716,15208,0.45980095716774466,1641,840,21700,24490,10949,5689,13145,17726,47468,37170,0,0,8438,1781,7762,1318,4482,353,2241,0,0,9579,56003,1377,6544,0,0,0,0,0
754,3444,755.054371314268,99875,2517,1267,96,27,31059,15389,0.4650613266583229,1676,834,21561,24448,11126,5800,13023,17623,47487,37190,0,0,8353,1767,7733,1336,4557,362,2291,0,0,9827,55765,1364,6520,0,0,0,0,0
755,3444,756.299301273647,99873,2586,1307,97,28,31534,15659,0.47253011324381966,1726,840,21370,24397,11387,5965,12833,17462,47506,37210,0,0,8247,1747,7691,1353,4670,377,2360,0,0,10173,55409,1352,6494,0,0,0,0,0
756,3444,757.1345603744451,99872,2661,1341,98,28,31941,15854,0.4785625600768984,1675,870,21271,24320,11593,6085,12701,17355,47524,37230,0,0,8170,1727,7666,1382,4754,388,2395,0,0,10446,55137,1340,6467,0,0,0,0,0
757,3444,758.3938699472301,99870,2725,1383,100,28,32497,16133,0.4869330129167918,1672,893,21072,24226,11940,6279,12490,17190,47542,37250,0,0,8054,1696,7628,1426,4869,414,2469,0,0,10820,54746,1321,6427,0,0,0,0,0
758,3444,759.2391375533044,99865,2719,1417,103,30,32829,16311,0.4920642867871627,1711,895,20923,24167,12162,6385,12381,17105,47560,37269,0,0,7977,1674,7593,1455,4970,427,2504,0,0,11054,54504,1312,6395,0,0,0,0,0
759,3444,760.0894067522635,99865,2719,1456,103,30,33173,16523,0.49763180293396087,1755,891,20780,24097,12401,6524,12241,17001,47578,37288,0,0,7890,1653,7551,1486,5074,444,2546,0,0,11306,54254,1300,6361,0,0,0,0,0
760,3444,761.3747373736021,99865,2837,1492,103,30,33766,16810,0.5064436989936414,1735,879,20559,24027,12704,6718,12061,16853,47596,37307,0,0,7778,1635,7483,1514,5229,468,2614,0,0,11664,53880,1289,6311,0,0,0,0,0
761,3444,762.2381490132966,99865,2874,1515,103,30,34146,16999,0.5121413908776848,1776,919,20399,23945,12924,6843,11923,16747,47614,37326,0,0,7700,1623,7448,1534,5322,488,2650,0,0,11933,53609,1279,6279,0,0,0,0,0
762,3444,763.1072463743745,99865,2970,1529,103,30,34565,17215,0.5184999749662044,1741,938,20251,23860,13139,6990,11795,16652,47631,37345,0,0,7614,1608,7417,1554,5428,503,2705,0,0,12196,53326,1269,6245,0,0,0,0,0
763,3444,764.421490833316,99863,3019,1577,104,31,35159,17542,0.5277329942020568,1780,969,20018,23757,13492,7201,11586,16464,47648,37364,0,0,7496,1587,7370,1590,5574,531,2782,0,0,12630,52869,1249,6185,0,0,0,0,0
764,3444,765.3046130472673,99861,3032,1565,106,31,35577,17735,0.5338620682749021,1790,985,19874,23697,13742,7362,11455,16359,47665,37382,0,0,7416,1569,7331,1621,5705,549,2822,0,0,12923,52547,1231,6147,0,0,0,0,0
765,3444,766.1939273129652,99859,3022,1586,107,32,35934,17946,0.5395607807007881,1864,1022,19698,23621,13982,7495,11326,16243,47682,37400,0,0,7334,1554,7298,1637,5816,565,2874,0,0,13219,52236,1220,6106,0,0,0,0,0
766,3444,767.0899307772177,99859,3017,1635,107,32,36348,18179,0.5460399162819576,1840,1016,19577,23566,14259,7628,11199,16122,47699,37418,0,0,7240,1535,7257,1666,5944,590,2926,0,0,13485,51944,1209,6063,0,0,0,0,0
767,3444,768.4450106003843,99855,3053,1708,109,34,37018,18554,0.556526964097942,1829,1008,19341,23471,14671,7848,10996,15930,47716,37436,0,0,7120,1509,7194,1694,6147,626,3003,0,0,13917,51453,1195,5997,0,0,0,0,0
768,3444,769.3567665899502,99853,3042,1700,111,34,37414,18752,0.5624868556778464,1890,1044,19191,23385,14901,8002,10864,15834,47733,37454,0,0,7025,1491,7161,1715,6250,654,3060,0,0,14216,51130,1180,5971,0,0,0,0,0
769,3444,770.2751486276255,99850,3024,1730,113,35,37801,19004,0.5689033550325489,1964,1058,19034,23306,15130,8169,10734,15701,47750,37471,0,0,6940,1478,7121,1737,6401,668,3109,0,0,14504,50802,1162,5928,0,0,0,0,0
770,3444,771.2000809895652,99850,3065,1789,113,35,38263,19264,0.5761342013019529,1933,1040,18895,23238,15388,8315,10605,15582,47766,37488,0,0,6856,1459,7073,1759,6547,692,3159,0,0,14772,50493,1148,5892,0,0,0,0,0
771,3444,772.1315756983665,99847,3118,1797,114,37,38713,19509,0.5831121616072591,1923,1044,18753,23173,15604,8498,10487,15450,47782,37505,0,0,6777,1433,7039,1781,6689,716,3202,0,0,15058,50165,1139,5848,0,0,0,0,0
772,3444,773.0697975704277,99844,3161,1821,116,38,39167,19761,0.5902007131124555,1934,1072,18599,23076,15836,8651,10353,15341,47798,37522,0,0,6696,1410,6999,1813,6823,743,3244,0,0,15344,49839,1124,5809,0,0,0,0,0
773,3444,774.0145543000625,99844,3199,1814,116,38,39605,20022,0.5972016345498978,2005,1082,18423,22979,16034,8858,10222,15228,47814,37539,0,0,6606,1400,6957,1833,6962,774,3291,0,0,15644,49496,1113,5768,0,0,0,0,0
774,3444,775.4456730549459,99840,3300,1837,120,38,40325,20396,0.608183092948718,1998,1104,18204,22866,16374,9112,10003,15042,47830,37556,0,0,6480,1374,6886,1881,7170,818,3365,0,0,16035,49016,1091,5724,0,0,0,0,0
775,3444,776.408621653017,99838,3322,1877,121,39,40810,20671,0.6158076083254873,2004,1113,18045,22770,16651,9283,9856,14917,47846,37573,0,0,6391,1357,6834,1919,7327,844,3408,0,0,16338,48663,1076,5681,0,0,0,0,0
776,3444,777.3787317945781,99835,3330,1916,124,39,41280,20970,0.6235288225572194,2016,1112,17878,22666,16931,9471,9720,14795,47862,37589,0,0,6295,1341,6785,1948,7475,878,3455,0,0,16662,48300,1063,5633,0,0,0,0,0
777,3444,778.3570059380985,99833,3396,1927,126,39,41822,21253,0.631805114541284,1997,1124,17704,22559,17181,9679,9595,14671,47877,37605,0,0,6218,1317,6733,1984,7618,914,3491,0,0,17011,47894,1049,5604,0,0,0,0,0
778,3444,779.3445730441201,99833,3476,1926,126,39,42355,21532,0.6399386976250339,1987,1155,17537,22477,17401,9875,9472,14527,47892,37621,0,0,6138,1297,6692,2026,7782,943,3526,0,0,17318,47520,1030,5561,0,0,0,0,0
779,3444,780.3399440803688,99832,3506,1910,127,39,42880,21798,0.6478684189438256,1975,1148,17380,22402,17690,10086,9321,14414,47907,37637,0,0,6043,1274,6656,2069,7946,974,3569,0,0,17641,47133,1011,5516,0,0,0,0,0
780,3444,781.3333927049929,99831,3463,1993,127,40,43307,22127,0.6554477066241949,2079,1127,17201,22301,17932,10241,9197,14297,47922,37653,0,0,5946,1254,6618,2103,8078,1007,3628,0,0,17970,46756,996,5475,0,0,0,0,0
781,3444,782.3115372508479,99827,3530,1992,130,41,43820,22397,0.6633175393430635,2078,1146,17023,22223,18167,10427,9071,14170,47937,37669,0,0,5858,1235,6573,2130,8240,1041,3681,0,0,18258,46398,978,5435,0,0,0,0,0
782,3444,783.2758090263138,99826,3526,2028,131,41,44323,22693,0.6713281109129886,2062,1113,16887,22153,18455,10612,8938,14052,47952,37684,0,0,5775,1213,6524,2158,8410,1083,3724,0,0,18571,46018,965,5385,0,0,0,0,0
783,3444,784.2258610992932,99823,3516,2011,133,42,44813,22956,0.6788916381996133,2042,1113,16758,22095,18736,10804,8814,13934,47967,37699,0,0,5701,1196,6484,2187,8564,1132,3751,0,0,18901,45618,951,5338,0,0,0,0,0
784,3444,785.1614793293841,99821,3488,1994,135,42,45264,23208,0.6859478466454955,2084,1120,16592,22018,18999,11005,8701,13820,47982,37714,0,0,5630,1177,6422,2224,8741,1170,3776,0,0,19215,45242,939,5285,0,0,0,0,0
785,3444,786.0837238797484,99819,3493,1984,136,43,45743,23481,0.6934952263597111,2056,1103,16441,21949,19268,11206,8605,13714,47997,37729,0,0,5542,1159,6382,2245,8893,1214,3822,0,0,19535,44859,927,5241,0,0,0,0,0
786,3444,787.444524051014,99817,3547,2000,137,44,46438,23867,0.704338940260677,2067,1147,16236,21855,19582,11438,8430,13515,48011,37744,0,0,5431,1138,6326,2269,9111,1274,3886,0,0,19930,44354,914,5184,0,0,0,0,0
787,3444,788.3387590469275,99816,3510,1975,138,44,46851,24097,0.7107878496433437,2116,1185,16096,21769,19823,11617,8316,13409,48025,37759,0,0,5361,1120,6284,2299,9297,1307,3916,0,0,20186,44022,894,5130,0,0,0,0,0
788,3444,789.2215690778131,99814,3563,1964,138,46,47354,24373,0.7186066082914221,2069,1161,15938,21713,20076,11814,8215,13301,48039,37774,0,0,5276,1106,6236,2327,9447,1352,3955,0,0,20483,43658,881,5093,0,0,0,0,0
789,3444,790.0934663313842,99811,3583,1941,140,47,47812,24587,0.7253609321617858,2025,1200,15827,21638,20304,11964,8120,13209,48053,37788,0,0,5206,1095,6200,2353,9587,1401,3982,0,0,20731,43335,868,5053,0,0,0,0,0
790,3444,791.3826741837418,99810,3591,1988,141,47,48450,24962,0.7355174832181144,2033,1207,15655,21545,20600,12150,7979,13062,48067,37802,0,0,5099,1079,6133,2388,9856,1441,4033,0,0,21036,42896,857,4992,0,0,0,0,0
791,3444,792.2313195804744,99806,3583,1995,144,48,48869,25228,0.7424102759353145,2020,1178,15570,21473,20793,12338,7889,12967,48081,37816,0,0,5033,1066,6098,2395,10014,1489,4061,0,0,21271,42571,843,4965,0,0,0,0,0
792,3444,793.0729427320647,99805,3592,1982,145,48,49306,25480,0.7493211762937728,1985,1166,15482,21400,20998,12540,7797,12863,48095,37830,0,0,4966,1047,6062,2431,10142,1536,4084,0,0,21559,42222,829,4927,0,0,0,0,0
793,3444,794.3201020419549,99802,3568,1974,145,51,49929,25833,0.7591230636660588,1935,1161,15363,21307,21333,12773,7655,12733,48109,37844,0,0,4861,1027,5999,2460,10371,1597,4139,0,0,21927,41733,813,4875,0,0,0,0,0
794,3444,795.1413881753365,99799,3568,1977,147,52,50348,26073,0.7657491558031644,1943,1147,15261,21226,21515,12940,7565,12657,48123,37858,0,0,4798,1010,5968,2482,10568,1626,4157,0,0,22106,41446,803,4835,0,0,0,0,0
795,3444,796.360059145963,99798,3577,1935,148,52,50947,26397,0.7750055111324876,1940,1174,15082,21124,21796,13186,7456,12528,48136,37872,0,0,4707,994,5909,2522,10794,1695,4193,0,0,22411,41015,785,4773,0,0,0,0,0
796,3444,797.1633959733866,99798,3570,1960,148,52,51336,26621,0.7811479187959679,1904,1172,15013,21067,21979,13299,7385,12449,48149,37886,0,0,4649,983,5867,2537,10946,1735,4217,0,0,22604,40750,770,4740,0,0,0,0,0
797,3444,798.3560240820435,99798,3545,1946,148,52,51912,26940,0.7901160343894668,1896,1179,14883,21001,22288,13508,7239,12313,48162,37899,0,0,4572,959,5811,2586,11168,1803,4235,0,0,22884,40330,753,4697,0,0,0,0,0
798,3444,799.1422762654088,99798,3514,1919,148,52,52282,27149,0.7959177538628028,1899,1179,14799,20940,22469,13664,7170,12245,48175,37912,0,0,4531,945,5785,2609,11309,1855,4238,0,0,23104,40019,744,4659,0,0,0,0,0
799,3444,800.3110040729409,99794,3463,1962,152,52,52824,27517,0.8050684409884362,1882,1121,14690,20900,22763,13860,7049,12104,48188,37925,0,0,4441,924,5736,2655,11511,1915,4268,0,0,23403,39594,729,4618,0,0,0,0,0
800,3444,801.0820083270278,99789,3504,1984,156,53,53223,27736,0.8113018468969526,1849,1120,14595,20844,22923,13972,6972,12026,48201,37938,0,0,4398,914,5713,2683,11630,1963,4270,0,0,23576,39337,720,4585,0,0,0,0,0
801,3444,802.2277277617553,99786,3475,1951,159,53,53746,28042,0.8196340167959433,1806,1091,14485,20791,23207,14191,6867,11922,48214,37951,0,0,4316,898,5655,2703,11884,2026,4301,0,0,23799,38965,708,4531,0,0,0,0,0
802,3444,803.3602645926668,99785,3383,1991,159,54,54233,28364,0.8277496617728115,1849,1032,14367,20759,23481,14350,6760,11813,48227,37964,0,0,4252,884,5610,2741,12062,2111,4316,0,0,24061,38574,688,4486,0,0,0,0,0
803,3444,804.1085106716499,99785,3342,1957,159,54,54572,28546,0.832970887407927,1840,1047,14294,20726,23672,14470,6692,11745,48240,37977,0,0,4198,868,5572,2766,12208,2151,4334,0,0,24252,38298,677,4461,0,0,0,0,0
804,3444,805.2214108885561,99782,3298,1935,161,55,55083,28855,0.8412138461846826,1848,1040,14180,20626,23908,14703,6604,11640,48253,37990,0,0,4128,857,5529,2798,12453,2208,4343,0,0,24500,37906,662,4398,0,0,0,0,0
805,3444,806.3243565312162,99781,3311,1878,161,56,55582,29125,0.8489291548491196,1814,1012,14095,20591,24097,14910,6521,11552,48265,38002,0,0,4067,839,5481,2839,12668,2258,4349,0,0,24737,37534,650,4359,0,0,0,0,0
806,3444,807.0549474520644,99781,3287,1902,161,56,55895,29321,0.8540303264148486,1845,997,14019,20562,24224,15001,6463,11481,48277,38014,0,0,4011,830,5456,2848,12814,2295,4368,0,0,24847,37334,647,4331,0,0,0,0,0
807,3444,808.1433778208531,99779,3223,1886,163,56,56356,29603,0.8614939015223644,1849,1002,13944,20500,24445,15167,6375,11388,48289,38026,0,0,3944,808,5414,2890,12983,2378,4376,0,0,25077,36990,638,4281,0,0,0,0,0
808,3444,809.2228890259018,99776,3235,1838,166,56,56877,29849,0.8692070237331623,1764,1046,13850,20423,24684,15346,6300,11290,48301,38038,0,0,3872,792,5366,2907,13195,2447,4405,0,0,25265,36660,626,4241,0,0,0,0,0
809,3444,810.2931904255195,99775,3257,1845,167,56,57376,30132,0.877053370082686,1727,1066,13776,20337,24861,15499,6211,11196,48313,38050,0,0,3811,776,5326,2917,13392,2507,4419,0,0,25465,36334,620,4208,0,0,0,0,0
810,3444,811.0021434419541,99775,3201,1797,167,56,57659,30297,0.8815434728138312,1758,1071,13705,20296,25012,15643,6156,11136,48325,38062,0,0,3757,767,5291,2939,13540,2552,4435,0,0,25587,36115,605,4187,0,0,0,0,0
811,3444,812.05885933423,99773,3186,1788,168,57,58108,30567,0.8887675022300623,1760,1045,13614,20251,25189,15804,6082,11054,48337,38074,0,0,3699,757,5248,2962,13719,2623,4451,0,0,25771,35799,595,4149,0,0,0,0,0
812,3444,813.1081760631265,99773,3191,1761,168,57,58554,30813,0.8957032463692582,1723,1069,13552,20189,25362,15951,6003,10972,48349,38086,0,0,3645,746,5208,2990,13896,2684,4452,0,0,25951,35498,585,4118,0,0,0,0,0
813,3444,814.1511462793464,99770,3168,1751,171,57,59013,31063,0.902836524005212,1692,1070,13479,20181,25548,16077,5941,10863,48361,38098,0,0,3595,735,5161,3007,14119,2742,4457,0,0,26106,35195,575,4078,0,0,0,0,0
814,3444,815.187256731321,99767,3133,1743,173,58,59455,31311,0.9097797869034852,1670,1065,13416,20133,25740,16218,5867,10782,48373,38110,0,0,3527,726,5125,3027,14296,2821,4480,0,0,26247,34910,567,4041,0,0,0,0,0
815,3444,816.2166877809768,99763,3150,1752,177,58,59893,31571,0.9168128464460772,1615,1031,13375,20121,25881,16336,5801,10701,48385,38121,0,0,3487,714,5084,3015,14473,2889,4488,0,0,26410,34625,563,4015,0,0,0,0,0
816,3444,817.240525505356,99761,3084,1736,179,58,60260,31818,0.9229859363879672,1636,1015,13317,20111,26053,16471,5730,10608,48396,38132,0,0,3431,709,5042,3030,14642,2959,4496,0,0,26583,34333,559,3977,0,0,0,0,0
817,3444,818.2584871807479,99761,3075,1720,179,58,60699,32066,0.9298723950241076,1564,989,13267,20075,26257,16640,5657,10517,48407,38143,0,0,3382,696,5007,3062,14810,3033,4497,0,0,26746,34046,547,3935,0,0,0,0,0
818,3444,819.2699827231967,99760,3007,1751,179,59,61091,32333,0.9364875701684041,1575,952,13204,20049,26451,16750,5583,10438,48418,38154,0,0,3321,686,4973,3072,14953,3121,4522,0,0,26901,33769,537,3905,0,0,0,0,0
819,3444,820.2747643277115,99757,2996,1736,181,60,61507,32570,0.9430616397846767,1529,943,13157,20024,26612,16869,5524,10367,48429,38165,0,0,3265,674,4946,3085,15146,3175,4533,0,0,27040,33497,531,3865,0,0,0,0,0
820,3444,821.2742095437688,99756,2920,1722,181,61,61878,32813,0.9492261117125786,1511,908,13128,20001,26790,17010,5469,10297,48440,38176,0,0,3207,664,4905,3110,15309,3247,4545,0,0,27194,33210,523,3842,0,0,0,0,0
821,3444,822.2684565050855,99755,2910,1716,182,61,62275,33028,0.9553706581123753,1443,896,13106,19973,26940,17136,5418,10217,48451,38187,0,0,3165,650,4875,3135,15461,3322,4543,0,0,27311,32973,519,3801,0,0,0,0,0
822,3444,823.2582063871532,99754,2872,1694,183,61,62625,33252,0.9611343906008781,1428,872,13089,19962,27079,17257,5348,10153,48462,38198,0,0,3111,641,4836,3150,15613,3391,4555,0,0,27444,32727,510,3776,0,0,0,0,0
823,3444,824.2438019183365,99752,2790,1663,185,61,62942,33467,0.9664868874809528,1479,884,13053,19932,27197,17388,5295,10071,48473,38209,0,0,3071,632,4785,3161,15780,3462,4555,0,0,27580,32477,502,3747,0,0,0,0,0
824,3444,825.2255427247347,99749,2787,1637,187,62,63316,33674,0.9723405748428555,1437,885,13012,19907,27332,17508,5244,10000,48484,38220,0,0,3029,627,4749,3183,15942,3528,4549,0,0,27682,32250,495,3715,0,0,0,0,0
825,3444,826.2034072649262,99745,2739,1619,190,63,63696,33883,0.9782846257957792,1378,872,12981,19907,27502,17623,5209,9915,48495,38230,0,0,2985,615,4712,3197,16108,3604,4552,0,0,27790,32007,484,3691,0,0,0,0,0
826,3444,827.1766008594234,99744,2691,1595,190,64,64051,34097,0.9839990375360924,1325,883,12975,19902,27656,17723,5162,9832,48506,38240,0,0,2945,606,4679,3212,16237,3685,4550,0,0,27947,31740,478,3665,0,0,0,0,0
827,3444,828.1458194970772,99741,2613,1613,193,64,64365,34322,0.9894326305130288,1343,850,12944,19884,27795,17816,5111,9772,48517,38250,0,0,2902,604,4644,3227,16433,3745,4545,0,0,27995,31542,470,3634,0,0,0,0,0
828,3444,829.1110465987771,99740,2602,1554,194,64,64709,34514,0.9948165229596952,1297,861,12932,19853,27911,17954,5063,9713,48528,38260,0,0,2863,598,4620,3246,16547,3830,4542,0,0,28119,31306,461,3608,0,0,0,0,0
829,3444,830.0732077281373,99740,2574,1550,194,64,65039,34707,1.0000601564066574,1263,840,12926,19840,28035,18036,5007,9669,48538,38270,0,0,2820,590,4589,3259,16670,3896,4546,0,0,28244,31090,454,3582,0,0,0,0,0
830,3444,831.0320017369369,99738,2494,1530,195,65,65324,34907,1.0049429505303895,1266,811,12947,19831,28126,18151,4971,9611,48548,38280,0,0,2785,583,4569,3258,16824,3967,4543,0,0,28333,30873,452,3551,0,0,0,0,0
831,3444,832.3067001151411,99736,2428,1514,196,66,65713,35171,1.0115103874227962,1282,781,12929,19842,28257,18269,4907,9527,48558,38290,0,0,2735,577,4537,3265,16992,4065,4548,0,0,28443,30605,443,3526,0,0,0,0,0
832,3444,833.2599087786369,99736,2402,1518,196,66,66027,35378,1.0167341782305286,1268,758,12934,19812,28340,18364,4859,9481,48568,38300,0,0,2703,566,4509,3295,17124,4125,4532,0,0,28539,30398,437,3508,0,0,0,0,0
833,3444,834.2104116973189,99736,2382,1487,196,66,66331,35559,1.0215970161225636,1222,738,12930,19820,28460,18463,4809,9425,48578,38310,0,0,2675,560,4482,3304,17247,4199,4516,0,0,28624,30201,434,3494,0,0,0,0,0
834,3444,835.1583437988664,99736,2366,1475,196,66,66620,35744,1.0263495628459132,1180,717,12947,19829,28546,18552,4764,9360,48588,38320,0,0,2642,556,4456,3309,17373,4270,4517,0,0,28683,30035,426,3469,0,0,0,0,0
835,3444,836.1039623535696,99736,2315,1449,196,66,66907,35903,1.0308213684126093,1154,736,12947,19807,28657,18633,4730,9308,48598,38330,0,0,2615,552,4430,3315,17505,4342,4498,0,0,28753,29854,423,3449,0,0,0,0,0
836,3444,837.047109528517,99735,2236,1424,196,67,67175,36080,1.0352935278487994,1140,716,12964,19825,28776,18725,4687,9242,48608,38340,0,0,2579,548,4405,3321,17611,4426,4498,0,0,28843,29653,419,3432,0,0,0,0,0
837,3444,838.3004612688243,99734,2164,1379,197,67,67524,36281,1.0408185774159264,1115,732,12964,19832,28936,18830,4623,9159,48618,38349,0,0,2545,542,4374,3322,17813,4501,4492,0,0,28912,29415,412,3406,0,0,0,0,0
838,3444,839.237021907149,99734,2154,1343,197,67,67795,36438,1.0451099925802636,1084,730,12964,19838,29014,18911,4586,9110,48628,38358,0,0,2524,533,4352,3322,17937,4564,4482,0,0,28989,29243,411,3377,0,0,0,0,0
839,3444,840.1716656722812,99734,2101,1309,197,67,68055,36593,1.0492710610223193,1060,718,12969,19869,29119,18981,4553,9055,48638,38367,0,0,2493,521,4330,3348,18062,4632,4467,0,0,29030,29083,407,3361,0,0,0,0,0
840,3444,841.1044016514389,99732,2070,1289,199,67,68302,36764,1.0534833353387076,1038,686,12989,19888,29181,19063,4522,9006,48648,38376,0,0,2466,518,4311,3358,18157,4697,4454,0,0,29131,28902,404,3334,0,0,0,0,0
841,3444,842.03587007064,99730,2037,1263,200,68,68537,36930,1.0575253183595708,1043,661,12997,19894,29237,19152,4485,8961,48658,38385,0,0,2436,511,4292,3359,18276,4752,4447,0,0,29206,28738,402,3311,0,0,0,0,0
842,3444,843.2755166004698,99728,1980,1242,201,69,68859,37133,1.0628108454997593,1018,643,13017,19910,29355,19257,4428,8878,48668,38394,0,0,2398,501,4264,3390,18406,4828,4436,0,0,29309,28519,394,3283,0,0,0,0,0
843,3444,844.2030976914128,99728,1965,1208,201,69,69090,37293,1.0667315097064014,1031,600,13018,19931,29385,19362,4399,8829,48677,38403,0,0,2372,497,4245,3404,18507,4890,4427,0,0,29380,28361,387,3258,0,0,0,0,0
844,3444,845.1301878558364,99728,1948,1190,201,69,69343,37439,1.0707323921065297,997,582,13053,19953,29433,19428,4367,8777,48686,38412,0,0,2345,493,4230,3408,18616,4956,4422,0,0,29413,28222,383,3240,0,0,0,0,0
845,3444,846.0563349669417,99728,1918,1167,201,69,69581,37565,1.0743823199101556,959,593,13082,19976,29506,19473,4333,8721,48695,38421,0,0,2317,489,4219,3411,18696,5021,4418,0,0,29476,28072,381,3228,0,0,0,0,0
846,3444,847.2892983503307,99728,1853,1163,201,69,69858,37757,1.079085111503289,972,568,13103,19999,29582,19531,4288,8669,48704,38430,0,0,2295,482,4188,3407,18832,5094,4408,0,0,29559,27877,375,3211,0,0,0,0,0
847,3444,848.2128914627169,99728,1833,1120,201,69,70064,37879,1.0823740574362266,975,576,13151,20015,29578,19594,4261,8625,48713,38439,0,0,2274,478,4165,3419,18922,5157,4397,0,0,29594,27755,372,3195,0,0,0,0,0
848,3444,849.1364725868574,99728,1787,1119,201,69,70301,38031,1.086274667094497,923,548,13172,20023,29683,19652,4233,8588,48722,38448,0,0,2250,472,4143,3427,19013,5231,4389,0,0,29639,27619,366,3179,0,0,0,0,0
849,3444,850.05860421031,99726,1755,1088,203,69,70501,38142,1.0894149970920322,909,543,13202,20057,29716,19706,4214,8536,48731,38457,0,0,2225,466,4124,3428,19104,5284,4383,0,0,29687,27493,364,3168,0,0,0,0,0
850,3444,851.2869576187148,99723,1703,1079,206,69,70772,38299,1.0937396588550283,888,541,13250,20095,29772,19729,4180,8486,48740,38465,0,0,2199,462,4109,3436,19212,5360,4367,0,0,29733,27340,355,3150,0,0,0,0,0
851,3444,852.207638784673,99723,1675,1056,206,69,70968,38419,1.0969084363687414,865,543,13288,20121,29807,19765,4158,8445,48749,38473,0,0,2177,458,4097,3431,19322,5411,4369,0,0,29750,27221,353,3134,0,0,0,0,0
852,3444,853.1277633480842,99722,1660,1047,206,70,71177,38546,1.1002888028719842,836,511,13318,20160,29841,19798,4138,8413,48758,38481,0,0,2159,454,4081,3433,19412,5463,4363,0,0,29798,27095,351,3113,0,0,0,0,0
853,3444,854.0474447492091,99721,1609,1026,207,70,71376,38667,1.1035087895227684,825,492,13332,20186,29925,19844,4101,8381,48767,38489,0,0,2143,449,4072,3439,19511,5522,4349,0,0,29828,26966,347,3095,0,0,0,0,0
854,3444,855.2717209240028,99720,1582,1008,208,70,71642,38824,1.1077617328519855,791,493,13396,20208,29966,19890,4056,8330,48776,38497,0,0,2126,445,4052,3441,19617,5598,4335,0,0,29883,26805,343,3075,0,0,0,0,0
855,3444,856.1894928819555,99720,1577,1003,208,70,71822,38948,1.110810268752507,792,473,13423,20243,29964,19912,4035,8298,48785,38505,0,0,2101,440,4036,3447,19666,5658,4336,0,0,29923,26708,340,3065,0,0,0,0,0
856,3444,857.1074550798919,99720,1547,1013,208,70,72000,39069,1.1138086642599279,790,470,13454,20266,29990,19920,4010,8260,48794,38513,0,0,2084,439,4022,3449,19763,5702,4323,0,0,29935,26614,338,3051,0,0,0,0,0
857,3444,858.025035717729,99719,1548,971,209,70,72195,39174,1.1168282874878408,744,465,13500,20278,30007,19986,3991,8229,48803,38521,0,0,2063,433,4010,3447,19844,5753,4326,0,0,29975,26495,337,3036,0,0,0,0,0
858,3444,859.2486120563614,99718,1501,906,209,71,72404,39308,1.1202791873082092,743,452,13561,20309,30027,20084,3958,8177,48812,38529,0,0,2039,431,3982,3450,19958,5822,4317,0,0,30017,26356,333,3013,0,0,0,0,0
859,3444,860.1665772772942,99718,1459,871,209,71,72558,39389,1.1226358330491988,732,462,13623,20342,30037,20110,3939,8143,48820,38537,0,0,2021,427,3974,3444,20025,5879,4316,0,0,30040,26259,329,3004,0,0,0,0,0
860,3444,861.0852344550426,99716,1459,865,210,72,72748,39502,1.1256969794215572,687,429,13685,20382,30037,20141,3921,8110,48828,38545,0,0,2009,421,3964,3443,20097,5931,4310,0,0,30063,26157,326,2995,0,0,0,0,0
861,3444,862.0043419723517,99716,1441,855,210,72,72909,39594,1.1282341850856432,686,424,13724,20411,30039,20156,3899,8081,48836,38553,0,0,1991,420,3949,3449,20155,5972,4302,0,0,30116,26055,321,2986,0,0,0,0,0
862,3444,863.2301293575555,99715,1419,848,211,72,73125,39719,1.1316652459509602,670,409,13775,20487,30058,20149,3866,8034,48844,38561,0,0,1964,419,3930,3460,20228,6041,4296,0,0,30135,25950,320,2972,0,0,0,0,0
863,3444,864.1495195282859,99715,1380,839,211,72,73281,39835,1.1343930201073058,661,377,13825,20525,30073,20184,3849,8002,48852,38569,0,0,1950,410,3921,3463,20292,6098,4283,0,0,30169,25848,320,2961,0,0,0,0,0
864,3444,865.0688579970636,99715,1362,800,211,72,73438,39912,1.1367397081682795,619,391,13858,20564,30111,20208,3838,7964,48860,38577,0,0,1934,406,3910,3464,20350,6149,4277,0,0,30205,25752,316,2952,0,0,0,0,0
865,3444,866.2947498031247,99715,1337,777,211,72,73635,40036,1.1399588828160256,601,385,13940,20618,30096,20222,3814,7925,48868,38585,0,0,1920,405,3897,3467,20430,6208,4260,0,0,30248,25625,312,2943,0,0,0,0,0
866,3444,867.2151087484722,99714,1316,771,212,72,73778,40123,1.1422769119682292,605,387,13989,20638,30072,20237,3805,7894,48876,38592,0,0,1902,403,3878,3463,20496,6252,4263,0,0,30267,25551,309,2930,0,0,0,0,0
867,3444,868.1363584894121,99714,1283,763,212,72,73893,40209,1.1442926770563813,622,381,14053,20690,30036,20234,3793,7859,48884,38599,0,0,1893,401,3868,3461,20550,6291,4250,0,0,30299,25467,306,2928,0,0,0,0,0
868,3444,869.0590542055393,99714,1286,726,212,72,74042,40283,1.1465290731492068,624,403,14114,20726,29991,20242,3772,7830,48892,38606,0,0,1881,399,3860,3454,20626,6331,4244,0,0,30303,25394,304,2918,0,0,0,0,0
869,3444,870.2913403170132,99713,1240,707,213,72,74235,40392,1.149569263787069,615,407,14178,20779,30007,20250,3746,7784,48900,38613,0,0,1861,396,3842,3452,20722,6394,4240,0,0,30315,25290,302,2899,0,0,0,0,0
870,3444,871.2156840551957,99713,1231,723,213,72,74391,40490,1.1521165745690132,591,380,14231,20830,30006,20243,3727,7751,48908,38620,0,0,1843,391,3832,3456,20778,6435,4234,0,0,30328,25225,301,2890,0,0,0,0,0
871,3444,872.1403077320898,99713,1208,725,213,72,74528,40576,1.1543529930901688,591,368,14277,20883,30006,20234,3704,7717,48916,38627,0,0,1829,387,3822,3458,20837,6471,4224,0,0,30346,25155,300,2884,0,0,0,0,0
872,3444,873.0653392126409,99713,1211,731,213,72,74677,40656,1.156649584306961,578,375,14331,20909,29974,20228,3692,7684,48924,38634,0,0,1821,387,3805,3457,20923,6504,4216,0,0,30326,25103,297,2874,0,0,0,0,0
873,3444,874.3006437012453,99712,1192,761,213,73,74849,40803,1.1598603979460846,567,332,14431,20973,29927,20220,3669,7640,48932,38641,0,0,1802,382,3797,3446,20992,6563,4220,0,0,30329,25018,297,2866,0,0,0,0,0
874,3444,875.2287086258003,99712,1164,725,213,73,74986,40868,1.1618862323491657,568,335,14494,21013,29909,20232,3651,7621,48940,38648,0,0,1792,379,3786,3440,21067,6603,4213,0,0,30343,24938,295,2856,0,0,0,0,0
875,3444,876.1576390545855,99712,1140,695,213,73,75120,40941,1.1639622111681642,545,339,14543,21078,29917,20242,3641,7572,48948,38655,0,0,1772,379,3777,3440,21115,6653,4214,0,0,30368,24855,294,2845,0,0,0,0,0
876,3444,877.0869573159285,99711,1110,682,214,73,75249,41017,1.1660298261977113,508,339,14595,21131,29947,20242,3625,7532,48956,38662,0,0,1760,379,3770,3434,21184,6692,4205,0,0,30375,24783,291,2838,0,0,0,0,0
877,3444,878.0162376843,99711,1076,679,214,73,75358,41104,1.167995507015274,512,311,14658,21188,29930,20242,3609,7506,48964,38669,0,0,1751,378,3756,3426,21249,6734,4197,0,0,30382,24720,289,2829,0,0,0,0,0
878,3444,879.2566853879717,99711,1030,652,214,73,75498,41185,1.1702119124269137,529,330,14731,21236,29912,20245,3583,7463,48971,38676,0,0,1739,377,3739,3414,21331,6783,4195,0,0,30396,24632,286,2819,0,0,0,0,0
879,3444,880.1877843935558,99711,1025,645,214,73,75622,41261,1.172217709179529,514,324,14772,21270,29904,20249,3570,7438,48978,38683,0,0,1729,376,3731,3411,21368,6821,4186,0,0,30434,24558,286,2811,0,0,0,0,0
880,3444,881.1194313081627,99711,1045,633,214,73,75762,41335,1.174363911704827,503,327,14819,21309,29864,20252,3554,7405,48985,38690,0,0,1721,372,3722,3413,21415,6856,4173,0,0,30453,24494,286,2806,0,0,0,0,0
881,3444,882.052325005454,99711,1039,630,214,73,75880,41410,1.1762995055711005,477,311,14886,21357,29839,20254,3544,7374,48992,38697,0,0,1711,370,3720,3412,21445,6896,4165,0,0,30477,24429,284,2802,0,0,0,0,0
882,3444,883.2979450846025,99711,1004,622,214,73,76050,41511,1.179017360170894,461,290,14951,21432,29847,20238,3522,7344,48999,38704,0,0,1699,370,3708,3412,21515,6949,4147,0,0,30500,24337,281,2793,0,0,0,0,0
883,3444,884.2326284305464,99711,970,617,214,73,76147,41582,1.1807022294430904,463,288,15007,21480,29828,20228,3517,7313,49006,38711,0,0,1688,369,3703,3414,21540,6994,4139,0,0,30517,24279,280,2788,0,0,0,0,0
884,3444,885.1682456067063,99710,984,611,214,74,76277,41645,1.1826496840838432,429,281,15082,21529,29790,20208,3500,7296,49013,38717,0,0,1680,367,3697,3412,21583,7031,4133,0,0,30523,24227,280,2777,0,0,0,0,0
885,3444,886.1054317213639,99709,951,605,214,75,76377,41728,1.1844968859380798,420,271,15164,21581,29765,20207,3485,7260,49020,38723,0,0,1672,364,3686,3409,21629,7073,4124,0,0,30549,24156,280,2767,0,0,0,0,0
886,3444,887.0437108729648,99707,920,581,216,75,76479,41784,1.1861052884952912,413,272,15211,21627,29765,20214,3474,7230,49027,38729,0,0,1655,363,3678,3412,21669,7120,4120,0,0,30546,24110,276,2758,0,0,0,0,0
887,3444,888.2958532834273,99707,867,572,216,75,76612,41863,1.188231518348762,399,268,15303,21707,29759,20197,3455,7180,49034,38735,0,0,1644,360,3670,3412,21731,7172,4107,0,0,30548,24043,272,2748,0,0,0,0,0
888,3444,889.2358659938751,99706,835,569,217,75,76699,41921,1.189697711271137,405,274,15362,21752,29738,20177,3442,7152,49041,38741,0,0,1639,357,3660,3408,21779,7201,4094,0,0,30564,23991,271,2742,0,0,0,0,0
889,3444,890.1767867590295,99704,843,559,219,75,76803,41988,1.1914366524913744,392,263,15415,21800,29702,20184,3428,7118,49048,38747,0,0,1629,356,3652,3411,21813,7232,4085,0,0,30580,23939,270,2737,0,0,0,0,0
890,3444,891.1189226059272,99704,841,536,219,75,76902,42046,1.1930113134879243,398,262,15477,21833,29650,20199,3414,7094,49055,38753,0,0,1621,354,3642,3406,21853,7268,4082,0,0,30590,23884,270,2734,0,0,0,0,0
891,3444,892.0628093292364,99704,807,523,219,75,76986,42114,1.1945358260450936,392,251,15555,21887,29625,20194,3401,7069,49062,38759,0,0,1607,351,3632,3411,21889,7307,4076,0,0,30609,23824,270,2728,0,0,0,0,0
892,3444,893.0080192562621,99704,773,524,219,75,77072,42174,1.1960001604750061,374,230,15612,21958,29623,20168,3398,7044,49069,38765,0,0,1599,349,3628,3408,21945,7333,4067,0,0,30604,23779,270,2722,0,0,0,0,0
893,3444,894.2700478401148,99703,770,482,219,76,77207,42237,1.1979980542210364,357,232,15694,22033,29584,20166,3375,7010,49076,38771,0,0,1587,346,3623,3404,21991,7376,4064,0,0,30632,23698,269,2713,0,0,0,0,0
894,3444,895.2179398264183,99703,760,459,219,76,77312,42284,1.199522582068744,322,233,15791,22080,29543,20156,3364,6995,49083,38777,0,0,1582,344,3617,3404,22048,7408,4052,0,0,30627,23652,268,2701,0,0,0,0,0
895,3444,896.1676048367987,99703,744,451,219,76,77400,42338,1.2009468120317341,323,226,15854,22140,29506,20141,3353,6965,49090,38783,0,0,1577,343,3613,3405,22071,7448,4045,0,0,30633,23605,266,2697,0,0,0,0,0
896,3444,897.1187317608727,99703,734,463,219,76,77474,42405,1.2023610122062525,326,200,15927,22202,29455,20113,3338,6945,49097,38789,0,0,1570,341,3607,3402,22106,7472,4039,0,0,30644,23564,265,2693,0,0,0,0,0
897,3444,898.0713960725959,99703,702,444,219,76,77544,42458,1.2035946761882792,325,206,15985,22241,29439,20105,3329,6927,49104,38795,0,0,1565,338,3596,3408,22139,7502,4027,0,0,30667,23508,263,2690,0,0,0,0,0
898,3444,899.0252131920372,99702,678,422,220,76,77614,42503,1.20476018535235,316,206,16057,22308,29405,20086,3323,6901,49111,38801,0,0,1555,336,3593,3405,22182,7536,4024,0,0,30652,23474,261,2684,0,0,0,0,0
899,3444,900.2993892327779,99702,655,423,220,76,77692,42555,1.2060640709313755,323,236,16128,22374,29361,20027,3312,6863,49111,38801,0,0,1549,336,3590,3405,22216,7563,4025,0,0,30649,23432,260,2677,0,0,0,0,0
900,3444,900.2993892327779,99702,653,420,220,76,77714,42578,1.2065154159394997,338,233,16138,22396,29342,20020,3308,6854,49111,38801,0,0,1546,336,3587,3406,22231,7568,4023,3,20,30636,23412,260,2674,0,0,0,0,0
901,3444,901.2568762138475,99702,623,421,220,76,77784,42628,1.2077190026278308,381,237,16190,22444,29300,19998,3285,6823,49111,38801,0,0,1542,334,3578,3407,22243,7608,4017,7,55,30604,23377,260,2670,0,0,0,0,0
902,3444,902.2157024081308,99702,619,422,220,76,77875,42683,1.2091833664319673,385,240,16250,22500,29253,19978,3272,6783,49111,38801,0,0,1542,334,3571,3406,22276,7637,4009,7,96,30567,23336,258,2663,0,0,0,0,0
903,3444,903.1758226585744,99701,621,415,221,76,77965,42744,1.2107100229686762,384,237,16322,22546,29198,19962,3253,6763,49111,38801,0,0,1537,332,3568,3417,22299,7665,4000,12,145,30525,23287,255,2659,0,0,0,0,0
904,3444,904.1378811899672,99700,623,439,221,77,78053,42805,1.2122166499498495,384,233,16386,22598,29149,19915,3236,6737,49111,38801,0,0,1533,331,3565,3424,22324,7689,3989,16,174,30491,23257,254,2653,0,0,0,0,0
905,3444,905.1014564367755,99700,642,431,221,77,78139,42865,1.213681043129388,405,256,16434,22621,29083,19906,3214,6708,49111,38801,0,0,1529,329,3561,3422,22365,7708,3986,20,213,30447,23218,254,2648,0,0,0,0,0
906,3444,906.0665379892628,99700,657,430,221,77,78249,42920,1.2153360080240723,422,266,16478,22679,29031,19872,3190,6675,49111,38801,0,0,1525,329,3557,3418,22372,7744,3983,24,273,30419,23158,254,2644,0,0,0,0,0
907,3444,907.0332452980971,99699,659,421,221,78,78344,42976,1.2168627568982637,442,264,16554,22729,28950,19854,3173,6653,49111,38801,0,0,1521,329,3553,3414,22410,7774,3979,28,319,30366,23111,254,2641,0,0,0,0,0
908,3444,908.0020106005903,99699,685,443,221,78,78480,43049,1.218959066791041,418,265,16606,22766,28914,19818,3155,6629,49111,38801,0,0,1516,328,3547,3412,22448,7812,3974,33,353,30312,23077,253,2634,0,0,0,0,0
909,3444,909.2957006510852,99699,712,441,221,78,78615,43140,1.2212258899286854,412,280,16684,22824,28839,19789,3131,6587,49111,38801,0,0,1511,326,3538,3421,22505,7837,3959,38,420,30255,23010,252,2627,0,0,0,0,0
910,3444,910.2679719041968,99698,686,461,221,79,78703,43216,1.222883106983089,431,282,16764,22852,28787,19768,3110,6557,49111,38801,0,0,1507,325,3530,3423,22527,7879,3951,42,462,30214,22967,252,2619,0,0,0,0,0
911,3444,911.2418221499078,99698,701,464,221,79,78819,43296,1.224849044113222,431,273,16812,22907,28742,19751,3092,6525,49111,38801,0,0,1502,323,3523,3421,22582,7905,3943,47,514,30162,22915,251,2610,0,0,0,0,0
912,3444,912.2173180229842,99698,694,457,221,79,78926,43361,1.2265742542478284,429,289,16887,22958,28701,19729,3067,6487,49111,38801,0,0,1500,320,3518,3416,22623,7942,3939,49,571,30107,22858,251,2604,0,0,0,0,0
913,3444,913.1940227805666,99698,679,464,221,79,79009,43429,1.2280888282613494,434,292,16946,23000,28666,19706,3053,6458,49111,38801,0,0,1498,319,3512,3412,22668,7973,3933,51,610,30057,22819,251,2595,0,0,0,0,0
914,3444,914.1721282477793,99698,677,459,221,79,79107,43489,1.229673614315232,458,300,16997,23050,28611,19680,3035,6431,49111,38801,0,0,1493,318,3509,3414,22699,8007,3927,56,658,30008,22769,251,2589,0,0,0,0,0
915,3444,915.1518665842126,99698,695,463,221,79,79225,43559,1.2315593091135228,433,305,17065,23073,28574,19674,3011,6405,49111,38801,0,0,1487,317,3506,3421,22732,8034,3915,62,708,29961,22719,250,2586,0,0,0,0,0
916,3444,916.1328590523563,99698,701,497,221,79,79335,43648,1.2335553371180967,436,288,17129,23105,28524,19649,2988,6381,49111,38801,0,0,1485,316,3496,3422,22790,8056,3907,64,744,29906,22682,248,2582,0,0,0,0,0
917,3444,917.1151414159875,99698,702,522,221,79,79440,43729,1.235420971333427,450,284,17179,23137,28475,19626,2972,6351,49111,38801,0,0,1481,314,3489,3427,22829,8081,3899,68,796,29861,22630,248,2575,0,0,0,0,0
918,3444,918.0989453458028,99698,716,517,221,79,79554,43796,1.2372364540913559,470,293,17218,23183,28420,19608,2954,6319,49111,38801,0,0,1475,313,3484,3426,22856,8117,3892,74,849,29815,22577,248,2572,0,0,0,0,0
919,3444,919.0842182937789,99698,720,532,221,79,79651,43874,1.2389917551004033,459,286,17302,23229,28361,19584,2936,6289,49111,38801,0,0,1467,310,3478,3426,22892,8144,3890,82,895,29767,22531,248,2568,0,0,0,0,0
920,3444,920.0714587093412,99698,728,524,221,79,79764,43942,1.2408072378583321,457,298,17374,23263,28311,19572,2908,6263,49111,38801,0,0,1461,309,3469,3430,22935,8177,3882,88,944,29716,22482,248,2557,0,0,0,0,0
921,3444,921.0604414281032,99697,735,511,222,79,79877,44010,1.2426351846093664,455,307,17415,23315,28275,19564,2897,6223,49111,38801,0,0,1455,309,3461,3428,22982,8211,3876,94,994,29658,22432,248,2549,0,0,0,0,0
922,3444,922.0507039178779,99696,719,518,222,80,79964,44077,1.244192344727973,478,312,17451,23359,28247,19540,2882,6190,49111,38801,0,0,1450,309,3447,3426,23027,8241,3872,99,1034,29608,22390,246,2547,0,0,0,0,0
923,3444,923.0418367216708,99695,750,514,223,80,80082,44149,1.2461106374442048,468,310,17522,23405,28175,19533,2861,6157,49111,38801,0,0,1447,309,3441,3421,23070,8266,3868,101,1086,29561,22337,246,2542,0,0,0,0,0
924,3444,924.0350445151032,99695,774,532,223,80,80201,44236,1.2481769396659812,465,302,17554,23441,28139,19517,2844,6127,49111,38801,0,0,1442,308,3432,3421,23119,8290,3861,106,1131,29512,22291,246,2536,0,0,0,0,0
925,3444,925.0294938600282,99695,750,543,223,80,80297,44314,1.2499222629018507,476,301,17605,23497,28113,19486,2832,6092,49111,38801,0,0,1438,307,3426,3413,23157,8329,3855,110,1183,29466,22238,245,2528,0,0,0,0,0
926,3444,926.0247817198491,99693,764,544,223,82,80420,44392,1.2519635280310553,467,311,17657,23546,28076,19460,2812,6056,49111,38801,0,0,1433,306,3417,3413,23178,8375,3848,115,1235,29419,22185,245,2524,0,0,0,0,0
927,3444,927.0212902449134,99693,763,561,223,82,80535,44481,1.2540098101170594,462,303,17703,23570,28054,19452,2794,6031,49111,38801,0,0,1431,303,3408,3418,23230,8414,3839,116,1272,29356,22147,243,2516,0,0,0,0,0
928,3444,928.0186217151625,99693,764,566,223,82,80649,44558,1.2559256918740533,489,293,17715,23610,28029,19445,2779,6003,49111,38801,0,0,1424,303,3399,3427,23275,8448,3826,123,1314,29297,22103,242,2512,0,0,0,0,0
929,3444,929.0165626793212,99692,785,570,224,82,80782,44636,1.2580548088111383,473,307,17760,23656,27997,19414,2760,5970,49111,38801,0,0,1420,301,3392,3430,23330,8476,3814,127,1358,29237,22058,240,2509,0,0,0,0,0
930,3444,930.0154076470578,99690,795,581,226,82,80905,44717,1.2601263918146253,479,321,17808,23674,27950,19408,2741,5933,49111,38801,1,1,1417,300,3388,3432,23369,8515,3805,130,1396,29183,22016,239,2499,0,1,0,0,0
931,3444,931.0153523867087,99689,790,574,227,82,81032,44798,1.2622255213714653,472,311,17866,23730,27927,19404,2717,5898,49111,38801,2,2,1412,298,3380,3430,23415,8554,3797,134,1457,29125,21954,238,2493,0,2,0,0,0
932,3444,932.0166440934769,99688,798,574,228,82,81158,44885,1.2643748495305354,494,302,17892,23781,27886,19394,2701,5866,49111,38801,3,3,1408,298,3368,3433,23477,8587,3786,138,1514,29055,21894,238,2489,0,2,0,0,1
933,3444,933.0191971364408,99688,824,586,228,82,81299,44977,1.266712141882674,482,299,17940,23823,27839,19391,2686,5818,49111,38801,4,4,1406,298,3364,3435,23510,8630,3777,140,1572,28996,21836,236,2484,0,3,0,0,1
934,3444,934.0229576137474,99688,843,564,228,82,81423,45041,1.2685980258406226,482,320,17962,23860,27812,19389,2672,5784,49111,38801,6,5,1403,298,3356,3441,23559,8662,3767,143,1623,28937,21780,235,2478,0,5,0,0,1
935,3444,935.0277207389703,99687,849,553,229,82,81542,45124,1.2706370941045473,490,318,18017,23893,27758,19393,2656,5760,49111,38801,9,6,1396,297,3349,3445,23612,8696,3753,150,1673,28873,21725,235,2474,0,5,0,0,4
936,3444,936.0340092944258,99687,853,561,229,82,81663,45206,1.2726734679546983,485,318,18080,23934,27714,19369,2638,5735,49111,38801,13,7,1389,296,3338,3446,23666,8729,3740,157,1711,28823,21680,235,2464,0,6,0,0,7
937,3444,937.0419368882735,99687,841,572,229,82,81789,45284,1.2747198732031257,509,334,18129,23964,27674,19343,2617,5704,49111,38801,18,8,1384,293,3324,3455,23694,8775,3730,161,1763,28774,21623,234,2459,0,6,0,2,10
938,3444,938.051146528583,99686,840,577,229,83,81927,45366,1.2769395903135847,506,345,18184,23992,27635,19321,2605,5681,49111,38801,25,9,1380,291,3319,3463,23745,8814,3716,165,1821,28701,21560,233,2453,0,9,0,3,13
939,3444,939.0615386611404,99685,848,586,229,84,82043,45462,1.2790790991623615,546,331,18215,24015,27578,19318,2583,5665,49111,38801,33,10,1375,288,3311,3474,23760,8862,3702,170,1874,28654,21500,232,2450,0,13,0,3,17
940,3444,940.0733998533691,99685,846,578,229,84,82171,45538,1.2811255454682249,541,334,18261,24061,27551,19299,2571,5643,49111,38801,43,11,1367,287,3303,3473,23809,8903,3698,177,1926,28583,21444,231,2441,0,19,1,4,19
941,3444,941.0865514232067,99684,865,578,230,84,82309,45613,1.2832751494723327,551,333,18280,24090,27520,19283,2553,5631,49111,38801,55,12,1360,283,3293,3484,23874,8922,3684,184,1981,28517,21382,230,2437,0,24,1,4,24
942,3444,942.1005229009415,99684,874,568,230,84,82452,45684,1.2854219333092574,569,348,18294,24127,27496,19263,2536,5609,49111,38801,69,13,1353,280,3287,3480,23901,8971,3679,191,2046,28456,21313,229,2432,0,33,2,4,27
943,3444,943.1151441375595,99683,890,583,230,85,82593,45786,1.287872556002528,553,320,18351,24159,27452,19255,2523,5597,49111,38801,85,14,1349,279,3280,3484,23942,9013,3671,194,2109,28390,21243,228,2422,0,40,2,4,33
944,3444,944.1312205785847,99681,941,585,232,85,82751,45890,1.2905267804295704,528,296,18396,24185,27401,19271,2501,5577,49111,38801,104,15,1345,278,3268,3482,23986,9057,3659,197,2163,28329,21182,227,2415,0,46,5,4,38
945,3444,945.1490311621477,99681,949,598,232,85,82881,45982,1.292753884892808,543,285,18414,24225,27381,19237,2480,5569,49111,38801,125,17,1340,278,3260,3477,24032,9091,3653,201,2218,28274,21118,227,2399,1,56,6,8,42
946,3444,946.1671490431039,99681,959,588,232,85,83038,46066,1.2951715973956923,530,290,18452,24235,27360,19233,2466,5568,49111,38801,149,19,1331,277,3254,3482,24094,9135,3637,210,2275,28191,21051,226,2388,2,66,6,8,48
947,3444,947.1862542677381,99680,971,572,232,86,83191,46153,1.2975922953451042,528,291,18475,24267,27336,19226,2457,5557,49111,38801,176,21,1327,275,3246,3488,24130,9193,3624,214,2335,28115,20978,225,2377,4,77,6,9,57
948,3444,948.2063089692793,99679,947,574,233,86,83322,46244,1.2998324622036739,551,290,18492,24282,27331,19213,2445,5554,49111,38801,206,23,1320,274,3233,3491,24176,9245,3616,220,2391,28043,20899,222,2370,4,86,7,11,71
949,3444,949.2266588921973,99678,948,575,234,86,83463,46317,1.3019924155781617,557,279,18528,24317,27298,19184,2434,5558,49111,38801,240,26,1314,274,3221,3493,24224,9290,3603,226,2430,27971,20842,219,2363,6,100,7,13,82
950,3444,950.2480118435286,99677,941,548,235,86,83607,46392,1.3042025743150376,542,294,18572,24343,27285,19165,2424,5563,49111,38801,277,29,1307,273,3208,3498,24280,9344,3592,233,2483,27874,20770,218,2358,7,116,7,18,91
951,3444,951.2704008383838,99677,955,540,235,86,83751,46464,1.3063695737231258,552,321,18608,24347,27238,19135,2411,5570,49111,38801,318,32,1300,273,3202,3499,24312,9392,3585,240,2534,27798,20695,217,2352,8,133,9,20,108
952,3444,952.2938399995096,99677,957,539,235,86,83872,46534,1.308285763014537,579,350,18640,24334,27189,19096,2399,5594,49111,38801,363,36,1293,272,3198,3503,24340,9442,3574,247,2576,27720,20639,216,2344,10,153,10,24,116
953,3444,953.3184935650962,99677,949,551,235,86,84007,46615,1.310452762422625,600,352,18674,24364,27153,19042,2388,5604,49111,38801,412,40,1287,271,3190,3503,24382,9492,3562,253,2622,27643,20571,216,2333,11,174,10,25,132
954,3444,954.0023551521506,99675,941,568,236,87,84098,46677,1.312014045648357,601,349,18701,24354,27149,19007,2371,5634,49111,38801,465,45,1284,270,3184,3507,24424,9519,3553,256,2656,27567,20515,216,2326,11,200,11,27,149
955,3444,955.0285426413284,99675,984,573,236,87,84271,46781,1.314793077501881,584,327,18724,24364,27110,18995,2361,5653,49111,38801,522,50,1276,270,3174,3503,24464,9570,3545,263,2723,27488,20421,215,2318,14,219,13,28,171
956,3444,956.0557647717927,99675,981,574,236,87,84406,46868,1.3170203160270881,594,324,18742,24378,27098,18960,2348,5676,49111,38801,584,56,1272,265,3164,3507,24494,9629,3536,267,2775,27407,20340,213,2305,19,243,14,30,195
957,3444,957.083720273452,99675,1007,541,236,87,84567,46941,1.3193679458239278,583,351,18754,24380,27083,18937,2336,5703,49111,38801,650,62,1264,264,3153,3509,24560,9678,3529,273,2827,27294,20263,210,2289,26,276,15,33,212
958,3444,958.1120126769591,99674,997,541,236,88,84704,47024,1.3215883781126472,616,350,18786,24373,27041,18908,2323,5739,49111,38801,721,69,1254,263,3141,3509,24573,9749,3520,283,2882,27210,20183,209,2283,29,303,16,35,232
959,3444,959.1415656538064,99673,1011,554,237,88,84860,47119,1.3241198719813791,623,365,18823,24357,26991,18860,2314,5775,49111,38801,797,77,1249,261,3130,3509,24611,9812,3510,287,2930,27106,20110,209,2275,30,334,19,38,253
960,3444,960.1723083534167,99673,1009,560,237,88,85008,47201,1.3264274176557342,621,378,18840,24355,26986,18806,2306,5812,49111,38801,878,86,1245,259,3118,3513,24653,9875,3496,291,2967,27008,20029,209,2267,32,359,23,42,287
961,3444,961.2033012846147,99673,1003,553,237,88,85170,47289,1.3289356194756854,615,398,18868,24338,26986,18774,2290,5848,49111,38801,964,95,1231,258,3107,3514,24692,9942,3487,305,3028,26913,19923,209,2254,35,383,25,43,324
962,3444,962.2344792737625,99672,990,585,237,89,85306,47395,1.331376916285416,626,369,18917,24345,26946,18720,2283,5891,49111,38801,1055,105,1219,258,3101,3517,24723,10005,3476,316,3069,26806,19845,209,2242,40,419,27,49,351
963,3444,963.2668048086357,99671,976,572,238,89,85459,47472,1.3336978659790713,600,373,18938,24323,26973,18691,2274,5951,49111,38801,1151,116,1212,258,3090,3512,24766,10076,3463,321,3108,26690,19760,209,2237,42,460,30,55,382
964,3444,964.2991646880381,99671,968,579,238,89,85602,47567,1.3360857220254638,597,361,18978,24312,26946,18643,2272,6015,49111,38801,1252,128,1207,257,3079,3514,24772,10164,3456,325,3159,26582,19673,208,2223,46,501,34,61,410
965,3444,965.3323802747364,99671,1002,586,238,89,85782,47656,1.3387846013384033,572,344,18988,24303,26931,18605,2268,6072,49111,38801,1359,141,1202,257,3069,3524,24791,10231,3438,329,3211,26488,19564,206,2216,48,534,39,64,460
966,3444,966.0216099629301,99670,1004,600,239,89,85884,47725,1.3405136951941408,560,347,19009,24255,26919,18560,2268,6148,49111,38801,1471,155,1196,256,3060,3515,24810,10279,3434,335,3235,26415,19474,205,2206,54,567,43,75,511
967,3444,967.0559638898893,99670,1013,597,239,89,86035,47806,1.3428413765425906,543,368,19044,24226,26892,18504,2268,6215,49111,38801,1589,170,1189,256,3050,3506,24842,10344,3427,341,3277,26312,19374,203,2194,56,613,46,82,558
968,3444,968.0911981336933,99669,989,596,240,89,86171,47887,1.3450320561057099,564,382,19054,24162,26885,18469,2267,6301,49111,38801,1712,186,1186,253,3031,3513,24859,10424,3409,344,3326,26202,19281,202,2183,61,665,51,87,592
969,3444,969.1265651953308,99669,968,614,240,89,86298,47990,1.3473396943884257,569,369,19098,24131,26869,18410,2255,6386,49111,38801,1841,203,1181,252,3017,3509,24887,10506,3401,349,3358,26079,19196,202,2172,64,717,56,95,628
970,3444,970.1626510078115,99667,970,602,242,89,86430,48078,1.3495740816920345,588,360,19107,24104,26835,18379,2257,6465,49111,38801,1976,221,1176,252,3001,3509,24921,10578,3394,354,3409,25966,19085,201,2156,74,757,59,100,675
971,3444,971.2000791879036,99666,983,616,243,89,86578,48165,1.351945497963197,582,368,19136,24068,26797,18298,2258,6560,49111,38801,2116,241,1176,250,2986,3516,24920,10662,3382,354,3448,25850,18992,201,2146,79,813,65,108,718
972,3444,972.2388300909016,99665,974,609,244,89,86712,48257,1.354226659308684,608,376,19161,24005,26753,18246,2259,6674,49111,38801,2262,262,1173,249,2974,3517,24943,10740,3372,357,3491,25726,18879,201,2132,85,868,68,121,769
973,3444,973.2787903442521,99665,999,612,244,89,86884,48352,1.3569056338734762,594,370,19174,23965,26720,18184,2268,6779,49111,38801,2413,284,1169,249,2952,3517,24943,10838,3363,360,3537,25612,18773,199,2119,91,924,76,127,816
974,3444,974.3200859765363,99665,1004,598,244,89,87032,48445,1.3593237345106106,608,372,19198,23901,26665,18154,2280,6885,49111,38801,2570,308,1161,249,2939,3520,24951,10931,3347,368,3586,25477,18660,199,2107,97,992,80,135,866
975,3444,975.0153463759672,99665,1000,607,244,89,87140,48511,1.3610695831033963,580,368,19233,23810,26648,18109,2294,7016,49111,38801,2733,333,1159,247,2930,3525,24956,10998,3338,369,3614,25362,18558,199,2096,100,1059,83,146,926
976,3444,976.0596079064183,99663,1012,602,245,90,87294,48610,1.3636354514714588,570,350,19265,23769,26594,18066,2313,7122,49111,38801,2901,360,1155,247,2915,3530,24945,11100,3320,373,3647,25249,18443,198,2087,104,1116,92,158,984
977,3444,977.1058479584145,99663,1004,603,245,90,87436,48712,1.3660837020759962,569,347,19268,23705,26594,18006,2319,7248,49111,38801,3075,389,1152,245,2908,3527,24933,11207,3311,376,3698,25127,18311,198,2074,109,1174,95,173,1045
978,3444,978.152437768079,99663,998,595,245,90,87574,48800,1.368351344029379,601,351,19280,23639,26542,17956,2333,7368,49111,38801,3254,419,1143,245,2883,3540,24938,11296,3296,383,3734,24997,18195,197,2063,113,1241,108,184,1107
979,3444,979.2006147670293,99663,1016,612,245,90,87745,48898,1.371050439982742,569,347,19283,23587,26539,17859,2347,7504,49111,38801,3439,451,1137,245,2868,3549,24912,11404,3283,387,3777,24863,18080,196,2052,119,1318,114,193,1166
980,3444,980.2491577367944,99662,1025,618,246,90,87884,48987,1.3733519295217835,561,351,19301,23510,26500,17783,2366,7647,49111,38801,3629,485,1135,244,2849,3546,24922,11494,3275,389,3804,24735,17969,196,2036,126,1382,126,205,1229
981,3444,981.298986378132,99662,1029,617,246,90,88041,49070,1.3757600690333327,551,345,19317,23453,26476,17704,2380,7790,49111,38801,3824,521,1128,244,2829,3548,24912,11601,3268,394,3844,24609,17839,194,2026,132,1439,137,220,1298
982,3444,982.3499651068545,99662,1016,632,246,90,88198,49168,1.3783187172643536,554,334,19340,23374,26449,17623,2394,7946,49111,38801,4024,558,1122,243,2809,3538,24889,11735,3260,400,3871,24470,17730,194,2016,137,1508,145,234,1361
983,3444,983.0512150561508,99661,1019,622,247,90,88302,49217,1.379867751678189,543,333,19339,23312,26429,17540,2422,8102,49111,38801,4229,597,1119,242,2796,3535,24851,11836,3252,403,3892,24371,17623,194,2006,142,1571,154,247,1427
984,3444,984.1042297990807,99661,1036,620,247,90,88473,49305,1.382466561643973,527,341,19344,23237,26397,17466,2448,8245,49111,38801,4439,638,1117,241,2774,3539,24849,11942,3236,404,3937,24234,17489,194,1986,150,1647,164,260,1498
985,3444,985.1583683427891,99660,1042,637,248,90,88639,49417,1.3852699177202488,500,315,19346,23192,26381,17366,2482,8399,49111,38801,4654,681,1110,241,2753,3542,24843,12059,3225,411,3970,24082,17365,193,1976,155,1722,175,276,1562
986,3444,986.2137959179163,99660,1045,619,248,90,88783,49489,1.387437286775035,521,338,19362,23107,26315,17284,2508,8561,49111,38801,4874,726,1102,241,2735,3532,24838,12171,3217,418,3998,23933,17249,193,1965,158,1807,184,294,1625
987,3444,987.271142336315,99659,1019,633,249,90,88925,49582,1.3898092495409347,522,338,19387,23042,26290,17197,2532,8699,49111,38801,5098,774,1095,238,2719,3534,24841,12286,3209,423,4020,23769,17126,191,1950,165,1888,191,306,1708
988,3444,988.3299795472614,99658,1024,620,249,91,89065,49667,1.3920809167352346,518,336,19402,22963,26237,17126,2569,8863,49111,38801,5326,824,1089,238,2699,3529,24828,12395,3202,429,4062,23614,16989,191,1936,172,1980,203,320,1782
989,3444,989.0371243530599,99658,1019,613,249,91,89165,49718,1.3935960986574083,528,354,19389,22889,26207,17022,2607,9030,49111,38801,5559,876,1085,235,2683,3529,24792,12496,3194,432,4068,23490,16882,189,1930,176,2065,215,341,1856
990,3444,990.0992000456343,99658,994,636,249,91,89299,49815,1.3959140259688134,549,356,19419,22809,26146,16903,2642,9204,49111,38801,5796,930,1082,235,2668,3525,24782,12613,3189,431,4081,23324,16758,189,1917,180,2157,223,364,1940
991,3444,991.1634413015994,99658,976,633,249,91,89451,49914,1.3984326396275262,546,360,19439,22720,26112,16820,2677,9375,49111,38801,6036,987,1073,232,2650,3535,24754,12748,3177,439,4122,23155,16619,187,1904,187,2248,233,382,2013
992,3444,992.229428954593,99658,998,639,249,91,89601,50013,1.4009311846515082,553,355,19412,22624,26071,16756,2716,9534,49111,38801,6280,1046,1067,231,2639,3533,24734,12864,3170,445,4150,22983,16487,186,1891,193,2354,238,396,2097
993,3444,993.2967733939515,99658,998,616,249,91,89745,50089,1.403138734471894,550,360,19428,22544,26020,16670,2754,9718,49111,38801,6528,1107,1060,229,2620,3532,24697,12988,3162,448,4181,22834,16345,185,1882,199,2452,250,419,2175
994,3444,994.0094133889343,99656,993,619,250,92,89839,50155,1.4047724171148752,566,345,19410,22453,25974,16575,2806,9915,49111,38801,6779,1171,1058,228,2601,3534,24641,13100,3157,449,4198,22716,16206,185,1874,203,2534,260,442,2270
995,3444,995.0804723095841,99656,999,618,250,92,90009,50247,1.4074014610259291,544,350,19407,22347,25944,16490,2855,10102,49111,38801,7033,1237,1052,228,2575,3527,24614,13246,3147,454,4207,22555,16081,185,1860,207,2625,276,466,2351
996,3444,996.1530613758437,99656,984,618,250,92,90156,50338,1.4097896764871156,551,355,19397,22242,25914,16411,2903,10281,49111,38801,7290,1306,1048,227,2560,3521,24586,13382,3137,457,4242,22392,15931,184,1845,213,2724,285,483,2439
997,3444,997.2270933104984,99656,1001,619,250,92,90331,50435,1.4125190655856146,536,344,19403,22133,25857,16338,2952,10473,49111,38801,7550,1378,1045,225,2544,3530,24564,13509,3123,459,4267,22220,15791,182,1826,222,2828,293,507,2521
998,3444,998.3032455310465,99656,983,628,250,92,90492,50531,1.4150979369029462,530,346,19405,22012,25824,16264,3007,10657,49111,38801,7812,1452,1040,225,2522,3515,24538,13650,3117,462,4296,22062,15637,182,1812,228,2922,302,528,2618
999,3444,999.0217149233546,99656,988,592,250,92,90597,50583,1.4166733563458296,513,352,19391,21905,25787,16185,3070,10873,49111,38801,8077,1529,1038,225,2505,3517,24475,13784,3108,464,4320,21917,15498,182,1799,238,3022,312,552,2700
1000,3444,1000.1014882659534,99656,948,597,250,92,90722,50681,1.418911054025849,536,345,19398,21816,25748,16089,3119,11060,49111,38801,8344,1609,1031,223,2478,3516,24464,13903,3098,468,4348,21742,15342,182,1786,240,3133,331,576,2795
1001,3444,1001.1830940003549,99656,944,579,250,92,90875,50756,1.4211989242995906,525,353,19371,21733,25731,15997,3178,11245,49111,38801,8613,1691,1026,222,2453,3522,24430,14045,3080,472,4358,21570,15206,182,1775,248,3234,346,605,2882
1002,3444,1002.2658154850291,99656,940,628,250,92,91019,50871,1.4237978646544112,509,326,19375,21657,25681,15867,3244,11429,49111,38801,8883,1776,1024,219,2434,3530,24386,14174,3063,472,4377,21400,15077,182,1758,263,3351,355,619,2972
1003,3444,1003.350838691215,99655,922,613,251,92,91156,50960,1.4260799759169134,513,333,19391,21588,25617,15758,3305,11615,49111,38801,9155,1864,1021,218,2414,3527,24327,14338,3055,475,4396,21203,14964,182,1745,274,3478,365,649,3024
1004,3444,1004.0756667139009,99655,920,620,251,92,91243,51028,1.4276353419296572,521,320,19377,21481,25544,15655,3386,11831,49111,38801,9428,1955,1019,217,2398,3526,24246,14480,3050,477,4407,21068,14845,182,1723,287,3575,377,668,3110
1005,3444,1005.1664551152106,99655,948,617,251,92,91412,51117,1.4302242737444182,490,329,19374,21387,25481,15546,3455,12028,49111,38801,9703,2048,1014,215,2382,3520,24186,14629,3039,481,4428,20897,14724,182,1706,293,3699,389,694,3177
1006,3444,1006.2603745275469,99655,917,597,251,92,91520,51192,1.4320606091013999,519,325,19375,21311,25410,15454,3527,12220,49111,38801,9978,2144,1009,212,2360,3520,24153,14750,3026,482,4456,20723,14589,182,1692,304,3824,402,716,3255
1007,3444,1007.3571606722816,99655,947,612,251,92,91675,51286,1.4345592293412273,505,316,19355,21196,25340,15370,3601,12413,49111,38801,10254,2243,1004,212,2349,3529,24087,14899,3017,483,4472,20556,14455,181,1669,318,3937,407,732,3348
1008,3444,1008.0898421238089,99655,939,618,251,92,91760,51354,1.436094526115097,516,305,19325,21105,25283,15266,3685,12613,49111,38801,10531,2345,1003,212,2327,3520,24010,15045,3013,484,4471,20421,14332,181,1658,326,4030,425,757,3440
1009,3444,1009.1916986057566,99655,922,612,251,92,91891,51438,1.4382519692940645,522,297,19320,21030,25221,15174,3763,12794,49111,38801,10808,2450,1002,210,2300,3520,23943,15215,3003,484,4479,20264,14194,179,1645,337,4119,441,787,3533
1010,3444,1010.296517705816,99655,928,586,251,92,92044,51519,1.440600070242336,541,306,19291,20939,25150,15093,3838,12983,49111,38801,11085,2557,997,208,2280,3521,23879,15389,2992,489,4481,20090,14069,179,1630,348,4221,454,817,3611
1011,3444,1011.03468840202,99655,916,578,251,92,92141,51572,1.4421052631578948,540,299,19269,20845,25095,14999,3928,13186,49111,38801,11362,2667,993,208,2262,3522,23808,15531,2983,490,4479,19946,13947,179,1622,352,4323,467,850,3693
1012,3444,1012.1452850558283,99655,922,575,251,92,92296,51652,1.4444633987256033,528,295,19282,20765,25011,14899,4005,13373,49111,38801,11639,2780,987,207,2243,3520,23761,15668,2968,495,4492,19786,13801,178,1611,355,4439,478,883,3783
1013,3444,1013.2594356013115,99653,931,547,252,93,92448,51726,1.4467602580955916,522,311,19264,20671,24943,14820,4087,13557,49111,38801,11916,2896,985,206,2225,3524,23667,15851,2956,496,4500,19612,13668,177,1598,362,4556,486,908,3876
1014,3444,1014.004030748069,99653,930,568,252,93,92529,51791,1.4482253419365196,549,301,19242,20551,24839,14722,4187,13764,49111,38801,12193,3015,982,206,2206,3524,23574,15996,2952,498,4497,19475,13565,176,1580,374,4662,499,934,3953
1015,3444,1015.1255844691688,99653,892,555,252,93,92651,51873,1.4502724453854876,556,286,19246,20456,24775,14651,4278,13958,49111,38801,12469,3136,978,204,2181,3532,23495,16176,2939,500,4516,19306,13431,173,1569,378,4765,517,963,4030
1016,3444,1016.2509202072006,99653,906,537,252,93,92812,51940,1.4525603845343342,529,305,19220,20370,24715,14544,4377,14150,49111,38801,12744,3260,974,204,2167,3532,23391,16367,2932,500,4528,19153,13301,172,1552,391,4862,523,994,4110
1017,3444,1017.0027324410394,99653,887,541,252,93,92895,51994,1.4539351549878077,552,298,19181,20274,24656,14436,4471,14357,49111,38801,13018,3387,973,203,2148,3533,23307,16512,2926,501,4527,18990,13186,171,1545,397,4988,536,1018,4192
1018,3444,1018.1332081559543,99653,911,516,252,93,93055,52073,1.4563334771657652,533,307,19171,20208,24570,14352,4562,14523,49111,38801,13291,3517,967,203,2128,3532,23244,16673,2915,507,4551,18809,13048,170,1533,405,5108,546,1045,4269
1019,3444,1019.2675249751148,99653,925,529,252,93,93185,52155,1.4584608591813593,551,309,19140,20133,24475,14240,4656,14695,49111,38801,13563,3649,965,203,2109,3530,23178,16814,2904,509,4547,18646,12921,170,1524,409,5228,560,1082,4354
1020,3444,1020.0261664783297,99653,945,534,252,93,93302,52218,1.4602671269304486,519,306,19120,20030,24401,14147,4762,14889,49111,38801,13834,3784,962,203,2096,3531,23081,16958,2894,512,4553,18499,12802,169,1511,420,5347,569,1117,4429
1021,3444,1021.1684101135609,99652,964,551,253,93,93465,52309,1.4628306506643118,484,304,19125,19934,24313,14039,4860,15078,49111,38801,14103,3922,956,200,2085,3532,23009,17115,2882,516,4556,18337,12667,169,1500,426,5455,576,1157,4514
1022,3444,1022.3142433796304,99652,947,550,253,93,93620,52384,1.465138682615502,475,305,19101,19877,24262,13935,4961,15239,49111,38801,14370,4062,948,200,2069,3531,22962,17260,2866,523,4563,18155,12526,168,1486,437,5573,586,1194,4605
1023,3444,1023.0796375143484,99652,933,545,253,93,93710,52435,1.4665536065507967,476,297,19080,19786,24176,13845,5081,15433,49111,38801,14636,4205,944,200,2042,3534,22873,17407,2857,525,4557,18016,12411,168,1470,450,5679,602,1229,4688
1024,3444,1024.2325334771915,99651,929,537,254,93,93856,52521,1.4688964486056337,461,296,19052,19689,24106,13778,5197,15606,49111,38801,14900,4350,938,199,2020,3530,22800,17580,2848,528,4561,17861,12275,168,1456,458,5774,616,1268,4771
1025,3444,1025.0033507194762,99651,894,543,254,93,93928,52582,1.470231106561901,477,288,19018,19610,24033,13668,5323,15797,49111,38801,15162,4498,935,199,2000,3532,22707,17739,2838,531,4559,17725,12167,166,1444,464,5872,630,1303,4840
1026,3444,1026.1638019206869,99651,895,538,254,93,94067,52683,1.4726395118965188,476,265,18977,19560,23955,13604,5442,15939,49111,38801,15422,4648,928,199,1974,3529,22654,17905,2828,538,4557,17539,12053,165,1427,472,5998,643,1337,4905
1027,3444,1027.3283656359076,99650,889,533,255,93,94208,52769,1.4749322629202208,465,262,18973,19524,23863,13519,5554,16068,49111,38801,15680,4800,921,198,1950,3528,22586,18076,2813,544,4540,17384,11940,165,1416,479,6097,661,1382,4970
1028,3444,1028.107316952946,99650,862,513,255,93,94290,52814,1.4762067235323633,479,260,18956,19438,23768,13450,5679,16245,49111,38801,15936,4955,916,198,1936,3527,22496,18226,2804,547,4537,17247,11816,165,1400,491,6200,673,1414,5057
1029,3444,1029.281258372972,99649,857,501,255,94,94438,52886,1.4784292867966562,475,280,18926,19367,23687,13364,5799,16393,49111,38801,16189,5112,911,198,1918,3528,22395,18419,2791,551,4531,17094,11709,164,1387,498,6292,685,1457,5121
1030,3444,1030.0665738980522,99647,845,483,255,96,94531,52935,1.479883990486417,466,293,18887,19311,23609,13258,5937,16558,49111,38801,16440,5271,911,196,1901,3528,22289,18591,2786,551,4540,16953,11582,164,1380,503,6385,697,1486,5204
1031,3444,1031.2489378834282,99645,822,487,256,97,94659,53026,1.482111495810126,452,287,18869,19259,23543,13192,6057,16677,49111,38801,16689,5432,908,195,1875,3523,22206,18766,2773,552,4534,16800,11469,164,1369,511,6488,714,1530,5268
1032,3444,1032.0392961830105,99645,824,506,256,97,94747,53094,1.4836770535400672,446,279,18839,19176,23444,13109,6190,16832,49111,38801,16935,5595,905,194,1857,3518,22135,18901,2771,553,4503,16663,11372,164,1360,520,6580,727,1582,5340
1033,3444,1033.2305859322494,99642,837,510,258,98,94883,53176,1.4859095562112363,436,280,18824,19156,23340,13002,6304,16953,49111,38801,17179,5760,899,192,1841,3516,22027,19091,2762,558,4499,16522,11265,163,1347,527,6672,736,1620,5405
1034,3444,1034.0275630713988,99642,852,529,258,98,94974,53251,1.487575520362899,418,255,18790,19098,23236,12901,6445,17118,49111,38801,17420,5927,898,192,1821,3505,21931,19244,2757,559,4485,16400,11166,163,1336,536,6768,752,1656,5473
1035,3444,1035.229140982367,99641,826,520,258,99,95094,53330,1.4895876195541995,421,268,18766,19022,23149,12835,6579,17255,49111,38801,17658,6095,895,192,1801,3503,21842,19421,2745,558,4477,16272,11044,162,1316,548,6859,763,1698,5545
1036,3444,1036.0328319256323,99641,822,510,258,99,95181,53394,1.4911030599853474,438,262,18719,18940,23041,12781,6721,17407,49111,38801,17894,6265,889,191,1788,3505,21751,19573,2737,563,4476,16134,10925,162,1308,554,6955,772,1736,5622
1037,3444,1037.2447436194645,99641,817,489,258,99,95314,53469,1.49319055408918,416,267,18700,18918,22961,12700,6847,17526,49111,38801,18127,6437,886,189,1772,3501,21671,19752,2732,566,4478,15976,10800,159,1294,563,7050,781,1775,5696
1038,3444,1038.05528428291,99641,802,488,258,99,95395,53526,1.4945755261388385,428,262,18646,18847,22873,12624,6992,17679,49111,38801,18357,6610,884,188,1752,3498,21559,19931,2729,567,4462,15838,10715,159,1279,573,7149,794,1812,5752
1039,3444,1039.2774113589614,99640,785,461,259,99,95519,53588,1.4964572460859094,426,274,18636,18818,22766,12553,7127,17794,49111,38801,18584,6785,880,188,1730,3494,21478,20114,2721,569,4460,15683,10612,158,1265,581,7241,807,1842,5817
1040,3444,1040.095557704866,99638,782,470,260,100,95606,53649,1.4979726610329391,425,259,18612,18750,22654,12471,7266,17949,49111,38801,18809,6961,879,186,1707,3495,21364,20281,2716,569,4448,15549,10530,158,1252,589,7339,827,1879,5870
1041,3444,1041.329535512313,99637,799,457,260,101,95753,53729,1.5002659654546002,392,251,18588,18743,22571,12396,7389,18051,49111,38801,19031,7138,874,185,1694,3509,21288,20437,2699,570,4435,15421,10403,157,1239,598,7419,830,1932,5947
1042,3444,1042.1550632952362,99636,808,453,260,102,95840,53784,1.5017062106066081,378,247,18589,18715,22444,12313,7520,18169,49111,38801,19250,7316,872,185,1679,3512,21179,20600,2693,569,4415,15291,10313,156,1232,602,7517,841,1973,6007
1043,3444,1043.400755635051,99635,780,440,261,102,95949,53855,1.503527876750138,366,257,18590,18684,22343,12247,7659,18269,49111,38801,19466,7495,869,185,1661,3519,21074,20782,2678,572,4416,15146,10210,155,1220,609,7609,855,2013,6062
1044,3444,1044.2347392131965,99635,768,430,261,102,96015,53899,1.5046319064585738,383,258,18560,18632,22223,12173,7804,18404,49111,38801,19679,7675,866,184,1641,3522,20998,20915,2669,575,4403,15030,10115,155,1205,620,7689,870,2050,6128
1045,3444,1045.0731570072987,99634,760,429,262,102,96115,53951,1.5061725916855693,380,265,18510,18560,22145,12113,7942,18530,49111,38801,19889,7856,865,184,1625,3522,20892,21076,2662,575,4402,14901,10021,155,1189,633,7780,883,2077,6192
1046,3444,1046.3368598875052,99633,744,433,263,102,96242,54038,1.50833559162125,369,250,18502,18529,22051,12053,8070,18632,49111,38801,20096,8038,859,183,1604,3526,20800,21251,2650,579,4398,14764,9922,155,1177,640,7870,895,2117,6243
1047,3444,1047.1824762291292,99632,738,420,264,102,96318,54090,1.5096354584872331,374,235,18467,18494,21935,11977,8221,18771,49111,38801,20300,8221,855,182,1590,3526,20705,21412,2642,583,4371,14630,9841,154,1167,644,7966,903,2164,6297
1048,3444,1048.0323494224874,99631,739,413,265,102,96407,54136,1.511005610703496,371,241,18446,18444,21815,11909,8363,18890,49111,38801,20502,8405,851,182,1577,3525,20611,21562,2636,587,4355,14496,9754,154,1157,650,8067,913,2204,6350
1049,3444,1049.315285747955,99630,727,416,266,102,96533,54212,1.5130482786309345,371,224,18431,18436,21710,11846,8494,18975,49111,38801,20701,8589,847,181,1560,3532,20500,21749,2620,589,4347,14370,9666,153,1145,653,8153,923,2242,6400
1050,3444,1050.174014128447,99630,727,415,266,102,96613,54260,1.514333032219211,372,221,18395,18397,21600,11795,8639,19069,49111,38801,20897,8774,846,181,1547,3532,20389,21910,2613,589,4335,14251,9582,152,1135,661,8242,931,2272,6462
1051,3444,1051.0373624685676,99630,709,421,266,102,96691,54320,1.5157181571815719,391,208,18351,18346,21504,11736,8778,19186,49111,38801,21090,8959,844,181,1530,3534,20299,22057,2603,591,4304,14132,9496,151,1127,667,8330,944,2320,6520
1052,3444,1052.3396048239922,99630,719,427,266,102,96828,54401,1.5179062531366054,355,200,18357,18338,21390,11692,8912,19240,49111,38801,21280,9144,841,180,1511,3531,20224,22222,2598,591,4299,14003,9394,150,1118,671,8407,958,2352,6580
1053,3444,1053.2117422673614,99630,697,418,266,102,96898,54439,1.5189902639767139,360,196,18336,18291,21296,11631,9044,19361,49111,38801,21467,9330,838,179,1504,3527,20123,22374,2595,590,4289,13871,9315,150,1109,678,8510,963,2381,6634
1054,3444,1054.0880276810442,99628,693,402,267,103,96979,54481,1.520255349901634,352,200,18310,18286,21182,11570,9195,19438,49111,38801,21651,9516,835,179,1488,3525,20043,22513,2589,591,4271,13766,9226,150,1100,684,8580,976,2418,6694
1055,3444,1055.410534326717,99626,674,383,269,103,97090,54542,1.5220123260996126,353,202,18296,18312,21081,11514,9326,19485,49111,38801,21832,9702,832,179,1471,3523,19963,22674,2580,591,4262,13637,9140,149,1091,687,8665,988,2470,6724
1056,3444,1056.2960853922705,99626,661,363,269,103,97163,54586,1.5231867183265413,367,193,18267,18298,20958,11466,9477,19576,49111,38801,22011,9888,829,179,1452,3527,19870,22824,2574,592,4249,13511,9057,148,1085,691,8758,1002,2506,6772
1057,3444,1057.1867959548094,99625,666,353,269,104,97257,54621,1.5244968632371392,340,197,18232,18266,20868,11400,9624,19679,49111,38801,22187,10074,827,179,1441,3526,19798,22948,2568,592,4227,13403,8974,148,1074,698,8831,1012,2551,6828
1058,3444,1058.0820773368455,99625,659,357,269,104,97337,54663,1.5257214554579674,319,197,18213,18259,20771,11319,9768,19763,49111,38801,22360,10259,823,178,1428,3534,19701,23082,2561,594,4206,13292,8903,148,1060,709,8917,1022,2594,6873
1059,3444,1059.4322776633223,99625,631,346,269,104,97437,54716,1.5272572145545797,296,199,18209,18289,20699,11252,9895,19809,49111,38801,22530,10444,815,176,1411,3535,19616,23242,2553,601,4191,13180,8818,148,1049,712,8984,1037,2630,6927
1060,3444,1060.335709472391,99625,619,342,269,104,97507,54760,1.528401505646173,288,202,18186,18267,20601,11195,10036,19889,49111,38801,22698,10629,813,175,1397,3537,19535,23375,2545,603,4176,13067,8744,148,1038,721,9065,1048,2666,6972
1061,3444,1061.2433365319675,99625,606,331,269,104,97571,54799,1.529435382685069,283,199,18174,18256,20494,11143,10173,19966,49111,38801,22863,10813,812,175,1388,3540,19429,23536,2535,604,4157,12969,8674,148,1027,726,9129,1056,2691,7029
1062,3444,1062.1561086012844,99625,609,337,269,104,97642,54843,1.5305897114178169,269,191,18157,18229,20381,11086,10314,20052,49111,38801,23025,10997,810,175,1378,3534,19337,23680,2530,605,4129,12875,8601,148,1019,731,9203,1059,2721,7090
1063,3444,1063.0737609927685,99625,588,337,269,104,97692,54884,1.5315031367628607,289,185,18121,18221,20274,11032,10458,20120,49111,38801,23185,11180,809,173,1369,3532,19235,23829,2525,606,4107,12786,8525,148,1013,735,9267,1067,2754,7145
1064,3444,1064.4594075813534,99625,555,340,269,104,97789,54952,1.533159347553325,267,173,18170,18249,20169,10976,10569,20157,49111,38801,23342,11363,807,172,1356,3536,19152,23979,2514,607,4077,12665,8461,148,1002,743,9346,1077,2816,7167
1065,3444,1065.3876309594832,99625,549,341,269,104,97853,54996,1.5342434127979925,260,161,18142,18224,20076,10929,10703,20240,49111,38801,23496,11545,805,172,1348,3536,19072,24100,2509,609,4067,12565,8381,148,993,748,9425,1081,2849,7217
1066,3444,1066.3203502321287,99625,544,316,269,104,97914,55023,1.5351267252195735,273,171,18101,18212,19968,10891,10844,20305,49111,38801,23648,11726,805,172,1339,3536,18972,24248,2503,608,4055,12465,8315,148,986,751,9502,1086,2882,7252
1067,3444,1067.258179238393,99625,524,321,269,104,97972,55073,1.5362107904642408,267,160,18080,18206,19884,10838,10975,20370,49111,38801,23797,11906,804,172,1324,3534,18876,24393,2498,608,4045,12374,8252,147,975,758,9566,1097,2911,7291
1068,3444,1068.200244310608,99625,527,314,269,104,98046,55107,1.5372948557089083,260,163,18070,18205,19771,10772,11102,20441,49111,38801,23944,12085,803,172,1311,3538,18787,24522,2491,608,4024,12278,8188,147,968,763,9637,1106,2949,7333
1069,3444,1069.147459716128,99624,500,311,269,105,98098,55144,1.5382036457078616,263,160,18050,18193,19681,10721,11236,20509,49111,38801,24088,12263,800,170,1302,3538,18702,24654,2486,609,4010,12177,8131,146,958,772,9712,1111,2978,7368
1070,3444,1070.0997307922855,99624,509,307,269,105,98171,55184,1.539337910543644,248,148,18049,18216,19565,10666,11359,20557,49111,38801,24230,12440,798,170,1293,3537,18612,24779,2483,609,3998,12079,8076,145,948,780,9787,1119,3016,7395
1071,3444,1071.0574062376859,99624,503,292,269,105,98227,55212,1.5401810808640488,236,162,18040,18227,19468,10605,11483,20608,49111,38801,24369,12616,798,168,1282,3540,18527,24909,2481,606,3992,11987,8004,145,939,785,9847,1127,3039,7448
1072,3444,1072.0202853649912,99624,518,298,269,105,98299,55258,1.5413655344093793,232,150,18022,18228,19359,10554,11599,20664,49111,38801,24506,12791,795,168,1275,3539,18442,25026,2474,609,3980,11890,7947,145,930,790,9932,1133,3073,7476
1073,3444,1073.4737627919772,99623,502,292,270,105,98386,55307,1.5427461529967978,240,151,18042,18277,19242,10506,11703,20668,49111,38801,24641,12965,794,167,1267,3537,18351,25174,2467,610,3969,11793,7874,144,922,793,9994,1138,3114,7515
1074,3444,1074.4480186532066,99622,476,288,271,105,98442,55344,1.5436951677340347,235,149,18042,18290,19150,10463,11825,20704,49111,38801,24773,13138,790,167,1260,3536,18268,25299,2459,613,3961,11715,7807,143,914,799,10051,1142,3143,7555
1075,3444,1075.4274241136486,99622,466,286,271,105,98504,55389,1.5447692276806329,233,137,18052,18291,19046,10425,11931,20755,49111,38801,24903,13310,789,167,1256,3528,18200,25425,2457,613,3939,11626,7753,142,907,800,10115,1141,3182,7582
1076,3444,1076.4122399918522,99621,458,286,272,105,98556,55426,1.5456781200750846,234,136,18024,18314,18958,10366,12053,20792,49111,38801,25031,13480,781,167,1248,3537,18117,25539,2444,620,3920,11547,7705,141,902,803,10177,1148,3214,7611
1077,3444,1077.4019271758482,99621,464,268,272,105,98612,55452,1.5465012396984572,227,145,18013,18342,18849,10324,12174,20815,49111,38801,25157,13649,780,166,1237,3535,18066,25632,2438,621,3896,11450,7656,141,897,804,10251,1156,3252,7643
1078,3444,1078.3971654811526,99621,486,266,272,105,98685,55491,1.5476255006474537,204,132,18015,18358,18733,10285,12289,20853,49111,38801,25281,13817,776,165,1234,3532,17987,25746,2436,625,3879,11354,7602,141,895,804,10322,1159,3284,7680
1079,3444,1079.39843394673,99621,469,260,272,105,98745,55527,1.548589152889451,204,129,18021,18383,18642,10240,12391,20882,49111,38801,25402,13983,773,165,1224,3525,17882,25900,2433,628,3850,11284,7558,141,889,807,10366,1167,3318,7711
1080,3444,1080.4050837943144,99621,449,250,272,105,98796,55551,1.5493420062035113,211,142,18020,18403,18550,10198,12497,20901,49111,38801,25521,14148,770,165,1218,3523,17813,26007,2426,630,3833,11204,7507,140,885,809,10428,1172,3342,7749
1081,3444,1081.416724789391,99621,452,271,272,105,98854,55598,1.5503960008431956,203,125,18038,18432,18425,10142,12609,20924,49111,38801,25638,14311,767,165,1207,3521,17731,26125,2423,633,3812,11135,7463,140,879,812,10475,1180,3372,7781
1082,3444,1082.4350107647908,99621,439,267,272,105,98898,55619,1.5510484737153813,217,128,18010,18452,18341,10093,12720,20954,49111,38801,25753,14473,766,164,1198,3524,17646,26239,2418,634,3793,11075,7410,140,872,817,10522,1187,3398,7818
1083,3444,1083.4587865181234,99621,444,259,272,105,98955,55652,1.5519518976922537,227,125,18011,18487,18227,10045,12818,20978,49111,38801,25866,14633,765,164,1187,3524,17583,26344,2413,635,3777,10985,7359,140,870,816,10583,1195,3425,7856
1084,3444,1084.4884546251778,99621,441,261,272,105,99015,55689,1.5529255879784383,232,122,18020,18531,18120,9995,12914,20985,49111,38801,25977,14792,761,164,1180,3529,17521,26445,2407,639,3756,10898,7309,140,866,819,10640,1200,3459,7888
1085,3444,1085.0047653251872,99621,436,263,272,105,99046,55703,1.5533772999668745,232,120,17970,18495,18043,9956,13046,21060,49111,38801,26086,14949,760,164,1176,3532,17443,26536,2405,638,3741,10832,7266,140,864,820,10701,1201,3481,7921
1086,3444,1086.0453240729767,99621,431,256,272,105,99106,55733,1.5542807239437468,219,114,17972,18546,17951,9906,13154,21072,49111,38801,26193,15105,756,164,1171,3538,17357,26654,2401,640,3730,10758,7228,138,859,825,10753,1204,3505,7940
1087,3444,1087.0904496492678,99620,424,245,272,106,99157,55761,1.5550893394900622,215,121,17962,18581,17871,9852,13255,21094,49111,38801,26299,15259,753,162,1165,3540,17282,26761,2398,642,3721,10677,7185,138,856,825,10816,1205,3533,7961
1088,3444,1088.1371648976062,99620,405,247,272,106,99207,55796,1.5559425818108814,211,109,17975,18626,17788,9814,13348,21097,49111,38801,26403,15411,751,161,1159,3537,17226,26864,2395,642,3696,10602,7136,138,852,827,10868,1206,3565,7995
1089,3444,1089.1838857395956,99619,399,242,273,106,99260,55824,1.5567712986478484,204,112,17994,18660,17701,9769,13428,21110,49111,38801,26505,15562,747,161,1151,3538,17146,26979,2387,646,3676,10543,7093,137,848,830,10911,1210,3593,8023
1090,3444,1090.229256821839,99619,400,237,273,106,99313,55856,1.5576245495337235,195,110,18001,18686,17608,9730,13522,21130,49111,38801,26605,15711,747,160,1144,3539,17077,27085,2385,646,3660,10458,7044,137,844,834,10975,1212,3614,8058
1091,3444,1091.2745562800894,99619,406,232,273,106,99371,55886,1.5585079151567471,193,104,18001,18735,17522,9683,13604,21139,49111,38801,26703,15858,746,160,1137,3541,17018,27174,2380,645,3650,10379,6999,136,839,837,11036,1218,3645,8079
1092,3444,1092.3196229031387,99619,399,231,273,106,99421,55921,1.5593611660426223,178,99,18026,18761,17422,9642,13701,21160,49111,38801,26800,16004,744,160,1130,3542,16944,27287,2376,647,3632,10320,6960,136,832,841,11069,1225,3672,8102
1093,3444,1093.3640852987849,99619,394,231,273,106,99471,55951,1.5601642256999166,177,107,18052,18795,17311,9600,13792,21160,49111,38801,26895,16148,742,160,1124,3539,16880,27381,2373,649,3619,10260,6912,136,829,842,11115,1230,3698,8130
1094,3444,1094.4076317630045,99619,375,210,273,106,99511,55972,1.5607765586886035,193,110,18062,18820,17216,9573,13880,21180,49111,38801,26988,16290,741,160,1117,3545,16807,27486,2369,647,3617,10190,6869,134,821,846,11165,1234,3722,8149
