,indexID,time,N,Inf_L,Inf_H,Dead_L,Dead_H,cum_cases_L,cum_cases_H,cum_sum_per_N,Exposed_L,Exposed_H,Sus_L,Sus_H,Rec_nat_L,Rec_nat_H,Rec_vax_L,Rec_vax_H,vaccinatedH,vaccinatedL,boostedH,boostedL,count_Naive,count_Delta,count_Delta_vaccine,count_two,count_three,count_four,count_Omicron,count_Omicron_star,count_Omicron_star_vaccine,count_Omicron_vaccine,count_Vaccine,count_WT,count_WT_vaccine,count_WT_vaccine_boost,count_Omicron_vaccine_boost,count_Delta_vaccine_boost,count_Omicron_star_vaccine_boost,count_Vaccine_boost
0,787,1.0152610922273637,99996,5,5,0,0,6,6,0.00012000480019200768,20,20,49972,49972,1,1,0,0,0,0,0,0,99994,0,0,0,0,0,0,0,0,0,0,2,0,0,0,0,0,0
1,787,2.0249303911351437,99996,8,12,0,0,13,15,0.0002800112004480179,15,11,49970,49972,5,3,0,0,0,0,0,0,99988,0,0,0,0,0,0,0,0,0,0,8,0,0,0,0,0,0
2,787,3.0596556919919515,99996,12,11,0,0,18,16,0.00034001360054402175,12,12,49968,49970,6,5,0,0,0,0,0,0,99985,0,0,0,0,0,0,0,0,0,0,11,0,0,0,0,0,0
3,787,4.026454127237341,99996,11,13,0,0,21,19,0.0004000160006400256,14,10,49963,49969,10,6,0,0,0,0,0,0,99980,0,0,0,0,0,0,0,0,0,0,16,0,0,0,0,0,0
4,787,5.024695853826103,99996,15,12,0,0,29,22,0.0005100204008160326,7,9,49963,49967,13,10,0,0,0,0,0,0,99972,0,0,0,0,0,0,0,0,0,0,24,0,0,0,0,0,0
5,787,6.006527293410285,99996,13,11,0,0,29,22,0.0005100204008160326,9,11,49961,49965,15,11,0,0,0,0,0,0,99969,0,0,0,0,0,0,0,0,0,0,27,0,0,0,0,0,0
6,787,7.087896578685877,99996,15,11,0,0,34,24,0.0005800232009280372,6,11,49959,49963,18,13,0,0,0,0,0,0,99964,0,0,0,0,0,0,0,0,0,0,32,0,0,0,0,0,0
7,787,8.143457428209581,99996,15,11,0,0,35,25,0.0006000240009600384,9,12,49955,49961,19,14,0,0,0,0,0,0,99962,0,0,0,0,0,0,0,0,0,0,34,0,0,0,0,0,0
8,787,9.146088999687278,99996,11,10,0,0,35,26,0.0006100244009760391,13,12,49951,49960,23,16,0,0,0,0,0,0,99956,0,0,0,0,0,0,0,0,0,0,40,0,0,0,0,0,0
9,787,10.011623338704467,99996,15,11,0,0,42,28,0.0007000280011200448,13,10,49944,49960,26,17,0,0,0,0,0,0,99952,0,0,0,0,0,0,0,0,0,0,44,0,0,0,0,0,0
10,787,11.122011074254388,99996,18,10,0,0,46,30,0.0007600304012160486,14,12,49939,49956,27,20,0,0,0,0,0,0,99948,0,0,0,0,0,0,0,0,0,0,48,0,0,0,0,0,0
11,787,12.061519988765726,99996,16,12,0,0,50,33,0.0008300332013280532,12,10,49937,49956,33,20,0,0,0,0,0,0,99941,0,0,0,0,0,0,0,0,0,0,55,0,0,0,0,0,0
12,787,13.133853721274734,99996,15,8,0,0,50,34,0.0008400336013440538,15,10,49934,49956,34,24,0,0,0,0,0,0,99935,0,0,0,0,0,0,0,0,0,0,61,0,0,0,0,0,0
13,787,14.22480094925724,99996,16,9,0,0,54,36,0.0009000360014400576,13,10,49932,49954,37,25,0,0,0,0,0,0,99931,0,0,0,0,0,0,0,0,0,0,65,0,0,0,0,0,0
14,787,15.23096640659861,99996,18,9,0,0,59,39,0.0009800392015680626,11,11,49929,49950,40,28,0,0,0,0,0,0,99925,0,0,0,0,0,0,0,0,0,0,71,0,0,0,0,0,0
15,787,16.08068446944145,99996,17,10,0,0,60,40,0.001000040001600064,13,13,49926,49947,42,28,0,0,0,0,0,0,99923,0,0,0,0,0,0,0,0,0,0,73,0,0,0,0,0,0
16,787,17.00462908602534,99996,14,15,0,0,62,45,0.0010700428017120685,14,9,49923,49946,47,28,0,0,0,0,0,0,99918,0,0,0,0,0,0,0,0,0,0,78,0,0,0,0,0,0
17,787,18.088584489825113,99996,14,15,0,0,65,49,0.001140045601824073,12,6,49922,49945,50,32,0,0,0,0,0,0,99911,0,0,0,0,0,0,0,0,0,0,85,0,0,0,0,0,0
18,787,19.023767215657518,99996,16,14,0,0,69,52,0.0012100484019360775,9,5,49921,49943,52,36,0,0,0,0,0,0,99905,0,0,0,0,0,0,0,0,0,0,91,0,0,0,0,0,0
19,787,20.000940169021952,99996,18,14,0,0,72,52,0.0012400496019840794,12,7,49915,49941,53,36,0,0,0,0,0,0,99904,0,0,0,0,0,0,0,0,0,0,92,0,0,0,0,0,0
20,787,21.009235920146967,99996,14,14,0,0,73,54,0.0012700508020320814,15,5,49912,49941,57,38,0,0,0,0,0,0,99897,0,0,0,0,0,0,0,0,0,0,99,0,0,0,0,0,0
21,787,22.093674812583888,99996,19,14,0,0,79,56,0.0013500540021600864,9,6,49912,49938,58,40,0,0,0,0,0,0,99894,0,0,0,0,0,0,0,0,0,0,102,0,0,0,0,0,0
22,787,23.009440989488784,99996,18,15,0,0,79,58,0.0013700548021920876,13,5,49908,49938,59,40,0,0,0,0,0,0,99892,0,0,0,0,0,0,0,0,0,0,104,0,0,0,0,0,0
23,787,24.043802396218926,99996,18,14,0,0,83,60,0.0014300572022880914,12,3,49905,49938,63,43,0,0,0,0,0,0,99885,0,0,0,0,0,0,0,0,0,0,111,0,0,0,0,0,0
24,787,25.02496443482575,99996,17,16,0,0,84,62,0.0014600584023360934,13,2,49903,49937,65,43,0,0,0,0,0,0,99883,0,0,0,0,0,0,0,0,0,0,113,0,0,0,0,0,0
25,787,26.283893748710245,99996,18,14,0,0,86,62,0.0014800592023680947,15,5,49899,49934,66,45,0,0,0,0,0,0,99880,0,0,0,0,0,0,0,0,0,0,116,0,0,0,0,0,0
26,787,27.036825710701226,99996,16,14,0,0,86,63,0.0014900596023840955,16,4,49898,49935,68,45,0,0,0,0,0,0,99877,0,0,0,0,0,0,0,0,0,0,119,0,0,0,0,0,0
27,787,28.31408635651478,99996,16,11,0,0,88,64,0.0015200608024320973,16,6,49896,49932,70,49,0,0,0,0,0,0,99871,0,0,0,0,0,0,0,0,0,0,125,0,0,0,0,0,0
28,787,29.01047135140291,99996,15,11,0,0,91,65,0.0015600624024961,16,6,49893,49931,74,50,0,0,0,0,0,0,99866,0,0,0,0,0,0,0,0,0,0,130,0,0,0,0,0,0
29,787,30.02415651414394,99996,12,9,0,0,94,67,0.0016100644025761031,13,4,49893,49933,80,52,0,0,0,0,0,0,99856,0,0,0,0,0,0,0,0,0,0,140,0,0,0,0,0,0
30,787,31.20875936347194,99996,14,7,0,0,98,68,0.0016600664026561063,11,4,49891,49932,82,55,0,0,0,0,0,0,99851,0,0,0,0,0,0,0,0,0,0,145,0,0,0,0,0,0
31,787,32.00289451467833,99996,19,4,0,0,104,69,0.0017300692027681108,5,4,49891,49932,83,58,0,0,0,0,0,0,99846,0,0,0,0,0,0,0,0,0,0,150,0,0,0,0,0,0
32,787,33.047953424771805,99996,17,5,0,0,104,71,0.001750070002800112,8,2,49888,49933,85,58,0,0,0,0,0,0,99843,0,0,0,0,0,0,0,0,0,0,153,0,0,0,0,0,0
33,787,34.07240284507371,99996,17,6,0,0,105,72,0.0017700708028321132,8,3,49887,49933,86,56,0,0,0,0,0,0,99842,0,0,0,0,0,0,0,0,0,0,154,0,0,0,0,0,0
34,787,35.30886141420361,99996,17,7,0,0,106,73,0.0017900716028641146,11,4,49883,49931,87,56,0,0,0,0,0,0,99841,0,0,0,0,0,0,0,0,0,0,155,0,0,0,0,0,0
35,787,36.27627790443766,99996,16,6,0,0,106,74,0.0018000720028801152,11,3,49883,49932,88,57,0,0,0,0,0,0,99838,0,0,0,0,0,0,0,0,0,0,158,0,0,0,0,0,0
36,787,37.22305498867116,99996,16,5,0,0,108,74,0.0018200728029121164,13,4,49880,49931,89,58,0,0,0,0,0,0,99835,0,0,0,0,0,0,0,0,0,0,161,0,0,0,0,0,0
37,787,38.001184771110196,99996,16,5,0,0,112,75,0.0018700748029921196,9,5,49880,49929,93,59,0,0,0,0,0,0,99830,0,0,0,0,0,0,0,0,0,0,166,0,0,0,0,0,0
38,787,39.11385364452127,99996,16,5,0,0,113,77,0.0019000760030401216,10,4,49878,49928,94,61,0,0,0,0,0,0,99827,0,0,0,0,0,0,0,0,0,0,169,0,0,0,0,0,0
39,787,40.024401399270474,99996,17,6,0,0,116,78,0.0019400776031041243,8,4,49878,49927,95,61,0,0,0,0,0,0,99825,0,0,0,0,0,0,0,0,0,0,171,0,0,0,0,0,0
40,787,41.117656451581354,99996,18,6,0,0,118,79,0.001970078803152126,9,3,49877,49927,94,62,0,0,0,0,0,0,99823,0,0,0,0,0,0,0,0,0,0,173,0,0,0,0,0,0
41,787,42.001992499125244,99996,14,5,0,0,118,80,0.001980079203168127,10,6,49876,49923,98,64,0,0,0,0,0,0,99817,0,0,0,0,0,0,0,0,0,0,179,0,0,0,0,0,0
42,787,43.24274253908724,99996,14,5,0,0,120,81,0.0020100804032161285,9,7,49875,49921,100,65,0,0,0,0,0,0,99814,0,0,0,0,0,0,0,0,0,0,182,0,0,0,0,0,0
43,787,44.18262917498361,99996,14,7,0,0,122,84,0.0020600824032961317,8,5,49875,49921,101,65,0,0,0,0,0,0,99811,0,0,0,0,0,0,0,0,0,0,185,0,0,0,0,0,0
44,787,45.26346142456773,99996,16,6,0,0,127,85,0.0021200848033921357,10,7,49868,49918,104,67,0,0,0,0,0,0,99806,0,0,0,0,0,0,0,0,0,0,190,0,0,0,0,0,0
45,787,46.04300996241549,99996,19,8,0,0,130,88,0.0021800872034881394,8,8,49868,49914,103,68,0,0,0,0,0,0,99805,0,0,0,0,0,0,0,0,0,0,191,0,0,0,0,0,0
46,787,47.065465245696785,99996,20,6,0,0,132,89,0.0022100884035361414,7,7,49867,49914,104,71,0,0,0,0,0,0,99801,0,0,0,0,0,0,0,0,0,0,195,0,0,0,0,0,0
47,787,48.06759321117336,99996,21,6,0,0,135,91,0.0022600904036161446,6,6,49866,49913,105,73,0,0,0,0,0,0,99797,0,0,0,0,0,0,0,0,0,0,199,0,0,0,0,0,0
48,787,49.13011252931086,99996,19,8,0,0,135,94,0.0022900916036641466,12,4,49861,49912,106,74,0,0,0,0,0,0,99794,0,0,0,0,0,0,0,0,0,0,202,0,0,0,0,0,0
49,787,50.002348700298455,99996,13,8,0,0,135,94,0.0022900916036641466,13,4,49861,49913,111,73,0,0,0,0,0,0,99788,0,0,0,0,0,0,0,0,0,0,208,0,0,0,0,0,0
50,787,51.056956159615275,99996,14,9,0,0,138,95,0.002330093203728149,13,3,49859,49913,112,73,0,0,0,0,0,0,99786,0,0,0,0,0,0,0,0,0,0,210,0,0,0,0,0,0
51,787,52.12840060708303,99996,14,8,0,0,140,96,0.002360094403776151,11,2,49860,49913,113,75,0,0,0,0,0,0,99782,0,0,0,0,0,0,0,0,0,0,214,0,0,0,0,0,0
52,787,53.26518532005287,99995,14,7,1,0,145,96,0.002410120506025301,7,3,49860,49913,116,75,0,0,0,0,0,0,99776,0,0,0,0,0,0,0,0,0,0,219,0,0,0,0,0,0
53,787,54.04136965182212,99995,15,7,1,0,146,96,0.0024201210060503025,9,3,49858,49913,115,75,0,0,0,0,0,0,99776,0,0,0,0,0,0,0,0,0,0,219,0,0,0,0,0,0
54,787,55.017735505313794,99995,16,7,1,0,149,98,0.0024701235061753085,8,4,49856,49910,117,77,0,0,0,0,0,0,99772,0,0,0,0,0,0,0,0,0,0,223,0,0,0,0,0,0
55,787,56.000149435618134,99995,15,8,1,0,150,102,0.002520126006300315,11,2,49852,49908,119,80,0,0,0,0,0,0,99767,0,0,0,0,0,0,0,0,0,0,228,0,0,0,0,0,0
56,787,57.16221968699684,99994,14,7,2,0,151,103,0.0025401524091445485,10,3,49852,49906,120,82,0,0,0,0,0,0,99763,0,0,0,0,0,0,0,0,0,0,231,0,0,0,0,0,0
57,787,58.27201294668369,99994,11,6,2,0,152,103,0.0025501530091805507,15,4,49846,49907,124,81,0,0,0,0,0,0,99758,0,0,0,0,0,0,0,0,0,0,236,0,0,0,0,0,0
58,787,59.21128524031808,99994,14,5,2,0,156,103,0.0025901554093245593,11,4,49848,49907,123,82,0,0,0,0,0,0,99756,0,0,0,0,0,0,0,0,0,0,238,0,0,0,0,0,0
59,787,60.09693722996925,99994,15,4,2,0,158,103,0.002610156609396564,9,4,49849,49907,123,83,0,0,0,0,0,0,99754,0,0,0,0,0,0,0,0,0,0,240,0,0,0,0,0,0
60,787,61.11144855400243,99994,13,4,2,0,159,104,0.0026301578094685683,9,4,49848,49909,126,81,0,0,0,0,0,0,99750,0,0,0,0,0,0,0,0,0,0,244,0,0,0,0,0,0
61,787,62.104491289429276,99994,12,5,2,0,162,105,0.002670160209612577,9,4,49845,49908,130,81,0,0,0,0,0,0,99746,0,0,0,0,0,0,0,0,0,0,248,0,0,0,0,0,0
62,787,63.179352897551986,99994,14,6,2,0,166,107,0.00273016380982859,7,3,49844,49907,131,82,0,0,0,0,0,0,99743,0,0,0,0,0,0,0,0,0,0,251,0,0,0,0,0,0
63,787,64.01846728764588,99994,15,5,2,0,168,108,0.002760165609936596,6,3,49843,49906,132,84,0,0,0,0,0,0,99740,0,0,0,0,0,0,0,0,0,0,254,0,0,0,0,0,0
64,787,65.00927100414341,99994,12,3,2,0,169,108,0.0027701662099725985,5,4,49843,49905,136,86,0,0,0,0,0,0,99734,0,0,0,0,0,0,0,0,0,0,260,0,0,0,0,0,0
65,787,66.10580733329189,99994,11,6,2,0,172,111,0.0028301698101886115,3,3,49843,49903,139,86,0,0,0,0,0,0,99730,0,0,0,0,0,0,0,0,0,0,264,0,0,0,0,0,0
66,787,67.03287396659877,99994,11,7,2,0,174,112,0.002860171610296618,2,4,49843,49902,140,85,0,0,0,0,0,0,99728,0,0,0,0,0,0,0,0,0,0,266,0,0,0,0,0,0
67,787,68.27018303294447,99994,12,7,2,0,176,114,0.0029001740104406264,2,3,49842,49901,140,87,0,0,0,0,0,0,99725,0,0,0,0,0,0,0,0,0,0,269,0,0,0,0,0,0
68,787,69.2286163173281,99994,12,8,2,0,177,116,0.002930175810548633,2,2,49841,49900,141,88,0,0,0,0,0,0,99723,0,0,0,0,0,0,0,0,0,0,271,0,0,0,0,0,0
69,787,70.12721485526575,99994,9,9,2,0,177,118,0.002950177010620637,4,1,49839,49899,144,89,0,0,0,0,0,0,99719,0,0,0,0,0,0,0,0,0,0,275,0,0,0,0,0,0
70,787,71.02255054003994,99994,8,8,2,0,178,119,0.0029701782106926417,6,0,49838,49899,144,91,0,0,0,0,0,0,99715,0,0,0,0,0,0,0,0,0,0,279,0,0,0,0,0,0
71,787,72.26922505849615,99994,10,7,2,0,181,119,0.003000180010800648,6,2,49836,49897,144,92,0,0,0,0,0,0,99713,0,0,0,0,0,0,0,0,0,0,281,0,0,0,0,0,0
72,787,73.0499094406089,99994,11,6,2,0,183,119,0.0030201812108726525,6,2,49835,49897,144,93,0,0,0,0,0,0,99711,0,0,0,0,0,0,0,0,0,0,283,0,0,0,0,0,0
73,787,74.1507787527336,99994,10,7,2,0,184,120,0.0030401824109446566,5,2,49835,49897,146,92,0,0,0,0,0,0,99709,0,0,0,0,0,0,0,0,0,0,285,0,0,0,0,0,0
74,787,75.24068792479686,99994,10,7,2,0,186,120,0.003060183611016661,4,3,49834,49897,148,91,0,0,0,0,0,0,99707,0,0,0,0,0,0,0,0,0,0,287,0,0,0,0,0,0
75,787,76.23836360968168,99994,9,6,2,0,188,120,0.003080184811088665,3,4,49833,49896,151,92,0,0,0,0,0,0,99703,0,0,0,0,0,0,0,0,0,0,291,0,0,0,0,0,0
76,787,77.07997265104643,99994,9,8,2,0,189,122,0.003110186611196672,3,2,49832,49896,152,92,0,0,0,0,0,0,99702,0,0,0,0,0,0,0,0,0,0,292,0,0,0,0,0,0
77,787,78.23844393428524,99994,10,7,2,0,190,122,0.003120187211232674,2,2,49832,49896,152,93,0,0,0,0,0,0,99701,0,0,0,0,0,0,0,0,0,0,293,0,0,0,0,0,0
78,787,79.08581474895375,99994,7,7,2,0,190,122,0.003120187211232674,3,2,49832,49896,154,93,0,0,0,0,0,0,99698,0,0,0,0,0,0,0,0,0,0,296,0,0,0,0,0,0
79,787,80.01844453177407,99994,8,8,2,0,191,123,0.003140188411304678,2,2,49832,49896,154,92,0,0,0,0,0,0,99698,0,0,0,0,0,0,0,0,0,0,296,0,0,0,0,0,0
80,787,81.05023601254928,99994,6,7,2,0,191,124,0.0031501890113406804,2,2,49832,49895,156,94,0,0,0,0,0,0,99694,0,0,0,0,0,0,0,0,0,0,300,0,0,0,0,0,0
81,787,82.2043778294847,99993,5,7,3,0,191,125,0.003160221215485084,2,2,49832,49894,156,95,0,0,0,0,0,0,99692,0,0,0,0,0,0,0,0,0,0,301,0,0,0,0,0,0
82,787,83.16901194710884,99993,4,6,3,0,191,125,0.003160221215485084,3,2,49831,49894,157,96,0,0,0,0,0,0,99690,0,0,0,0,0,0,0,0,0,0,303,0,0,0,0,0,0
83,787,84.10242889239875,99992,3,3,4,0,192,125,0.003170253620289623,2,2,49832,49894,157,99,0,0,0,0,0,0,99685,0,0,0,0,0,0,0,0,0,0,307,0,0,0,0,0,0
84,787,85.28830179961736,99992,2,3,4,0,192,126,0.003180254420353628,3,3,49833,49892,156,100,0,0,0,0,0,0,99683,0,0,0,0,0,0,0,0,0,0,309,0,0,0,0,0,0
85,787,86.22284311734522,99992,1,3,4,0,192,126,0.003180254420353628,3,3,49834,49893,156,99,0,0,0,0,0,0,99682,0,0,0,0,0,0,0,0,0,0,310,0,0,0,0,0,0
86,787,87.268049747829,99992,2,2,4,0,193,127,0.0032002560204816384,2,2,49834,49893,156,101,0,0,0,0,0,0,99680,0,0,0,0,0,0,0,0,0,0,312,0,0,0,0,0,0
87,787,88.25935945774225,99992,2,2,4,0,193,127,0.0032002560204816384,2,2,49834,49893,156,101,0,0,0,0,0,0,99680,0,0,0,0,0,0,0,0,0,0,312,0,0,0,0,0,0
88,787,89.18800657336892,99992,4,4,4,0,195,129,0.003240259220737659,0,1,49834,49892,156,101,0,0,0,0,0,0,99680,0,0,0,0,0,0,0,0,0,0,312,0,0,0,0,0,0
89,787,90.00249259212067,99992,1,1,4,0,195,129,0.003240259220737659,0,1,49834,49892,159,104,0,0,0,0,0,0,99674,0,0,0,0,0,0,0,0,0,0,318,0,0,0,0,0,0
90,787,91.09245188108588,99992,0,0,4,0,195,129,0.003240259220737659,1,1,49835,49893,158,104,0,0,0,0,0,0,99672,0,0,0,0,0,0,0,0,0,0,320,0,0,0,0,0,0
91,787,92.08378863118125,99992,1,1,4,0,196,130,0.0032602608208656693,0,0,49835,49894,158,103,0,0,0,0,0,0,99672,0,0,0,0,0,0,0,0,0,0,320,0,0,0,0,0,0
92,787,93.04835294632997,99992,1,1,4,0,196,130,0.0032602608208656693,0,0,49836,49894,157,103,0,0,0,0,0,0,99672,0,0,0,0,0,0,0,0,0,0,320,0,0,0,0,0,0
93,787,94.03966717471667,99992,1,1,4,0,196,130,0.0032602608208656693,0,0,49837,49894,156,103,0,0,0,0,0,0,99672,0,0,0,0,0,0,0,0,0,0,320,0,0,0,0,0,0
94,787,95.03096147230191,99992,1,1,4,0,196,130,0.0032602608208656693,0,0,49838,49894,155,103,0,0,0,0,0,0,99672,0,0,0,0,0,0,0,0,0,0,320,0,0,0,0,0,0
95,787,96.02223584015208,99992,1,1,4,0,196,130,0.0032602608208656693,0,0,49839,49894,154,103,0,0,0,0,0,0,99672,0,0,0,0,0,0,0,0,0,0,320,0,0,0,0,0,0
96,787,97.01349027853377,99992,1,1,4,0,196,130,0.0032602608208656693,0,0,49839,49894,154,103,0,0,0,0,0,0,99672,0,0,0,0,0,0,0,0,0,0,320,0,0,0,0,0,0
97,787,98.00474471691545,99992,1,1,4,0,196,130,0.0032602608208656693,1,0,49838,49894,154,103,0,0,0,0,0,0,99672,0,0,0,0,0,0,0,0,0,0,320,0,0,0,0,0,0
98,787,99.32643096464157,99992,0,0,4,0,196,130,0.0032602608208656693,1,1,49838,49893,155,104,0,0,0,0,0,0,99670,0,0,0,0,0,0,0,0,0,0,322,0,0,0,0,0,0
99,787,100.08801142258021,99992,0,0,4,0,196,130,0.0032602608208656693,1,1,49839,49893,154,104,0,0,0,0,0,0,99670,0,0,0,0,0,0,0,0,0,0,322,0,0,0,0,0,0
100,787,101.07926845086135,99992,0,0,4,0,196,130,0.0032602608208656693,1,1,49839,49894,154,103,0,0,0,0,0,0,99670,0,0,0,0,0,0,0,0,0,0,322,0,0,0,0,0,0
101,787,102.19831464326771,99992,1,1,4,0,197,131,0.0032802624209936795,0,0,49840,49895,153,102,0,0,0,0,0,0,99670,0,0,0,0,0,0,0,0,0,0,322,0,0,0,0,0,0
102,787,103.18955576960168,99992,1,1,4,0,197,131,0.0032802624209936795,0,0,49840,49895,153,102,0,0,0,0,0,0,99670,0,0,0,0,0,0,0,0,0,0,322,0,0,0,0,0,0
103,787,104.18078359737791,99992,1,1,4,0,197,131,0.0032802624209936795,0,0,49841,49895,152,102,0,0,0,0,0,0,99670,0,0,0,0,0,0,0,0,0,0,322,0,0,0,0,0,0
104,787,105.07596456923795,99992,0,0,4,0,197,131,0.0032802624209936795,0,0,49842,49895,152,103,0,0,0,0,0,0,99668,0,0,0,0,0,0,0,0,0,0,324,0,0,0,0,0,0
105,787,106.06717569020155,99992,0,0,4,0,197,131,0.0032802624209936795,0,0,49842,49895,152,103,0,0,0,0,0,0,99668,0,0,0,0,0,0,0,0,0,0,324,0,0,0,0,0,0
106,787,107.05838681116515,99992,0,0,4,0,197,131,0.0032802624209936795,0,0,49842,49895,152,103,0,0,0,0,0,0,99668,0,0,0,0,0,0,0,0,0,0,324,0,0,0,0,0,0
107,787,108.04959793212875,99992,0,0,4,0,197,131,0.0032802624209936795,0,0,49842,49895,152,103,0,0,0,0,0,0,99668,0,0,0,0,0,0,0,0,0,0,324,0,0,0,0,0,0
108,787,109.04080905309235,99992,0,0,4,0,197,131,0.0032802624209936795,0,0,49842,49895,152,103,0,0,0,0,0,0,99668,0,0,0,0,0,0,0,0,0,0,324,0,0,0,0,0,0
109,787,110.03202017405594,99992,0,0,4,0,197,131,0.0032802624209936795,0,0,49842,49895,152,103,0,0,0,0,0,0,99668,0,0,0,0,0,0,0,0,0,0,324,0,0,0,0,0,0
110,787,111.02323129501954,99992,0,0,4,0,197,131,0.0032802624209936795,0,0,49842,49897,152,101,0,0,0,0,0,0,99668,0,0,0,0,0,0,0,0,0,0,324,0,0,0,0,0,0
111,787,112.0144423630927,99992,0,0,4,0,197,131,0.0032802624209936795,0,0,49842,49897,152,101,0,0,0,0,0,0,99668,0,0,0,0,0,0,0,0,0,0,324,0,0,0,0,0,0
112,787,113.00565340472063,99992,0,0,4,0,197,131,0.0032802624209936795,0,0,49843,49897,151,101,0,0,0,0,0,0,99668,0,0,0,0,0,0,0,0,0,0,324,0,0,0,0,0,0
113,787,114.32722827529322,99992,0,0,4,0,197,131,0.0032802624209936795,0,0,49845,49897,149,101,0,0,0,0,0,0,99668,0,0,0,0,0,0,0,0,0,0,324,0,0,0,0,0,0
114,787,115.31837952710188,99992,0,0,4,0,197,131,0.0032802624209936795,0,0,49845,49899,149,99,0,0,0,0,0,0,99668,0,0,0,0,0,0,0,0,0,0,324,0,0,0,0,0,0
115,787,116.30953072602328,99992,0,0,4,0,197,131,0.0032802624209936795,0,0,49845,49899,149,99,0,0,0,0,0,0,99668,0,0,0,0,0,0,0,0,0,0,324,0,0,0,0,0,0
116,787,117.30068191172288,99992,0,0,4,0,197,131,0.0032802624209936795,0,0,49845,49899,149,99,0,0,0,0,0,0,99668,0,0,0,0,0,0,0,0,0,0,324,0,0,0,0,0,0
117,787,118.29183309742247,99992,0,0,4,0,197,131,0.0032802624209936795,0,0,49845,49899,149,99,0,0,0,0,0,0,99668,0,0,0,0,0,0,0,0,0,0,324,0,0,0,0,0,0
118,787,119.28298426990024,99992,0,0,4,0,197,131,0.0032802624209936795,0,0,49845,49900,149,98,0,0,0,0,0,0,99668,0,0,0,0,0,0,0,0,0,0,324,0,0,0,0,0,0
119,787,120.27413541593437,99992,0,0,4,0,197,131,0.0032802624209936795,0,0,49846,49900,148,98,0,0,0,0,0,0,99668,0,0,0,0,0,0,0,0,0,0,324,0,0,0,0,0,0
120,787,121.26525999699345,99992,0,0,4,0,197,131,0.0032802624209936795,0,0,49847,49900,147,98,0,0,0,0,0,0,99668,0,0,0,0,0,0,0,0,0,0,324,0,0,0,0,0,0
121,787,122.25637129596471,99992,0,0,4,0,197,131,0.0032802624209936795,0,0,49847,49901,147,97,0,0,0,0,0,0,99668,0,0,0,0,0,0,0,0,0,0,324,0,0,0,0,0,0
122,787,123.24748255527213,99992,0,0,4,0,197,131,0.0032802624209936795,0,0,49847,49901,147,97,0,0,0,0,0,0,99668,0,0,0,0,0,0,0,0,0,0,324,0,0,0,0,0,0
123,787,124.23859381457954,99992,0,0,4,0,197,131,0.0032802624209936795,0,0,49848,49901,146,97,0,0,0,0,0,0,99668,0,0,0,0,0,0,0,0,0,0,324,0,0,0,0,0,0
124,787,125.2296851515554,99992,0,0,4,0,197,131,0.0032802624209936795,0,0,49848,49901,146,97,0,0,0,0,0,0,99668,0,0,0,0,0,0,0,0,0,0,324,0,0,0,0,0,0
125,787,126.22077648853126,99992,0,0,4,0,197,131,0.0032802624209936795,0,0,49848,49901,146,97,0,0,0,0,0,0,99668,0,0,0,0,0,0,0,0,0,0,324,0,0,0,0,0,0
126,787,127.21186779906506,99992,0,0,4,0,197,131,0.0032802624209936795,0,0,49848,49903,146,95,0,0,0,0,0,0,99668,0,0,0,0,0,0,0,0,0,0,324,0,0,0,0,0,0
127,787,128.20295905671477,99992,0,0,4,0,197,131,0.0032802624209936795,0,0,49848,49903,146,95,0,0,0,0,0,0,99668,0,0,0,0,0,0,0,0,0,0,324,0,0,0,0,0,0
128,787,129.19405031436452,99992,0,0,4,0,197,131,0.0032802624209936795,0,0,49848,49904,146,94,0,0,0,0,0,0,99668,0,0,0,0,0,0,0,0,0,0,324,0,0,0,0,0,0
129,787,130.18514153235114,99992,0,0,4,0,197,131,0.0032802624209936795,0,0,49848,49904,146,94,0,0,0,0,0,0,99668,0,0,0,0,0,0,0,0,0,0,324,0,0,0,0,0,0
130,787,131.17623275033776,99992,0,0,4,0,197,131,0.0032802624209936795,0,0,49849,49904,145,94,0,0,0,0,0,0,99668,0,0,0,0,0,0,0,0,0,0,324,0,0,0,0,0,0
131,787,132.16731068730448,99992,0,0,4,0,197,131,0.0032802624209936795,0,0,49849,49904,145,94,0,0,0,0,0,0,99668,0,0,0,0,0,0,0,0,0,0,324,0,0,0,0,0,0
132,787,133.15838198376125,99992,0,0,4,0,197,131,0.0032802624209936795,0,0,49850,49904,144,94,0,0,0,0,0,0,99668,0,0,0,0,0,0,0,0,0,0,324,0,0,0,0,0,0
133,787,134.14943335948735,99992,0,0,4,0,197,131,0.0032802624209936795,0,0,49850,49905,144,93,0,0,0,0,0,0,99668,0,0,0,0,0,0,0,0,0,0,324,0,0,0,0,0,0
134,787,135.1404847087725,99992,0,0,4,0,197,131,0.0032802624209936795,0,0,49850,49905,144,93,0,0,0,0,0,0,99668,0,0,0,0,0,0,0,0,0,0,324,0,0,0,0,0,0
135,787,136.1315360448372,99992,0,0,4,0,197,131,0.0032802624209936795,0,0,49851,49905,143,93,0,0,0,0,0,0,99668,0,0,0,0,0,0,0,0,0,0,324,0,0,0,0,0,0
136,787,137.12256746097125,99992,0,0,4,0,197,131,0.0032802624209936795,0,0,49851,49905,143,93,0,0,0,0,0,0,99668,0,0,0,0,0,0,0,0,0,0,324,0,0,0,0,0,0
137,787,138.11359887710532,99992,0,0,4,0,197,131,0.0032802624209936795,0,0,49851,49905,143,93,0,0,0,0,0,0,99668,0,0,0,0,0,0,0,0,0,0,324,0,0,0,0,0,0
138,787,139.10463029323938,99992,0,0,4,0,197,131,0.0032802624209936795,0,0,49851,49905,143,93,0,0,0,0,0,0,99668,0,0,0,0,0,0,0,0,0,0,324,0,0,0,0,0,0
139,787,140.09566170937345,99992,0,0,4,0,197,131,0.0032802624209936795,0,0,49851,49905,143,93,0,0,0,0,0,0,99668,0,0,0,0,0,0,0,0,0,0,324,0,0,0,0,0,0
140,787,141.0866931255075,99992,0,0,4,0,197,131,0.0032802624209936795,0,0,49852,49905,142,93,0,0,0,0,0,0,99668,0,0,0,0,0,0,0,0,0,0,324,0,0,0,0,0,0
141,787,142.07771126222062,99992,0,0,4,0,197,131,0.0032802624209936795,0,0,49853,49905,141,93,0,0,0,0,0,0,99668,0,0,0,0,0,0,0,0,0,0,324,0,0,0,0,0,0
142,787,143.06870948033503,99992,0,0,4,0,197,131,0.0032802624209936795,0,0,49854,49905,140,93,0,0,0,0,0,0,99668,0,0,0,0,0,0,0,0,0,0,324,0,0,0,0,0,0
143,787,144.0596877806498,99992,0,0,4,0,197,131,0.0032802624209936795,0,0,49854,49905,140,93,0,0,0,0,0,0,99668,0,0,0,0,0,0,0,0,0,0,324,0,0,0,0,0,0
144,787,145.0506594417868,99992,0,0,4,0,197,131,0.0032802624209936795,0,0,49855,49905,139,93,0,0,0,0,0,0,99668,0,0,0,0,0,0,0,0,0,0,324,0,0,0,0,0,0
145,787,146.04161782510099,99992,0,0,4,0,197,131,0.0032802624209936795,0,0,49855,49906,139,92,0,0,0,0,0,0,99668,0,0,0,0,0,0,0,0,0,0,324,0,0,0,0,0,0
146,787,147.03256952984628,99992,0,0,4,0,197,131,0.0032802624209936795,0,0,49855,49906,139,92,0,0,0,0,0,0,99668,0,0,0,0,0,0,0,0,0,0,324,0,0,0,0,0,0
147,787,148.02352123459158,99992,0,0,4,0,197,131,0.0032802624209936795,0,0,49855,49906,139,92,0,0,0,0,0,0,99668,0,0,0,0,0,0,0,0,0,0,324,0,0,0,0,0,0
148,787,149.01447293933688,99992,0,0,4,0,197,131,0.0032802624209936795,0,0,49855,49906,139,92,0,0,0,0,0,0,99668,0,0,0,0,0,0,0,0,0,0,324,0,0,0,0,0,0
149,787,150.00542464408218,99992,0,0,4,0,197,131,0.0032802624209936795,0,0,49856,49907,138,91,0,0,0,0,0,0,99668,0,0,0,0,0,0,0,0,0,0,324,0,0,0,0,0,0
150,787,151.3266603381757,99992,0,0,4,0,197,131,0.0032802624209936795,0,0,49857,49907,137,91,0,0,0,0,0,0,99668,0,0,0,0,0,0,0,0,0,0,324,0,0,0,0,0,0
151,787,152.31757217219507,99992,0,0,4,0,197,131,0.0032802624209936795,0,0,49857,49908,137,90,0,0,0,0,0,0,99668,0,0,0,0,0,0,0,0,0,0,324,0,0,0,0,0,0
152,787,153.30848397977712,99992,0,0,4,0,197,131,0.0032802624209936795,0,0,49857,49908,137,90,0,0,0,0,0,0,99668,0,0,0,0,0,0,0,0,0,0,324,0,0,0,0,0,0
153,787,154.29939577414052,99992,0,0,4,0,197,131,0.0032802624209936795,0,0,49857,49908,137,90,0,0,0,0,0,0,99668,0,0,0,0,0,0,0,0,0,0,324,0,0,0,0,0,0
154,787,155.2903075552853,99992,0,0,4,0,197,131,0.0032802624209936795,0,0,49857,49909,137,89,0,0,0,0,0,0,99668,0,0,0,0,0,0,0,0,0,0,324,0,0,0,0,0,0
155,787,156.28121267188138,99992,0,0,4,0,197,131,0.0032802624209936795,0,0,49858,49909,136,89,0,0,0,0,0,0,99668,0,0,0,0,0,0,0,0,0,0,324,0,0,0,0,0,0
156,787,157.27210451225457,99992,0,0,4,0,197,131,0.0032802624209936795,0,0,49858,49909,136,89,0,0,0,0,0,0,99668,0,0,0,0,0,0,0,0,0,0,324,0,0,0,0,0,0
157,787,158.26299635262777,99992,0,0,4,0,197,131,0.0032802624209936795,0,0,49858,49910,136,88,0,0,0,0,0,0,99668,0,0,0,0,0,0,0,0,0,0,324,0,0,0,0,0,0
158,787,159.25388816656422,99992,0,0,4,0,197,131,0.0032802624209936795,0,0,49858,49910,136,88,0,0,0,0,0,0,99668,0,0,0,0,0,0,0,0,0,0,324,0,0,0,0,0,0
159,787,160.2447799672823,99992,0,0,4,0,197,131,0.0032802624209936795,0,0,49858,49910,136,88,0,0,0,0,0,0,99668,0,0,0,0,0,0,0,0,0,0,324,0,0,0,0,0,0
160,787,161.2356717680004,99992,0,0,4,0,197,131,0.0032802624209936795,0,0,49859,49910,135,88,0,0,0,0,0,0,99668,0,0,0,0,0,0,0,0,0,0,324,0,0,0,0,0,0
161,787,162.22654365518378,99992,0,0,4,0,197,131,0.0032802624209936795,0,0,49859,49911,135,87,0,0,0,0,0,0,99668,0,0,0,0,0,0,0,0,0,0,324,0,0,0,0,0,0
162,787,163.2174155027129,99992,0,0,4,0,197,131,0.0032802624209936795,0,0,49859,49911,135,87,0,0,0,0,0,0,99668,0,0,0,0,0,0,0,0,0,0,324,0,0,0,0,0,0
163,787,164.20828735024202,99992,0,0,4,0,197,131,0.0032802624209936795,0,0,49860,49911,134,87,0,0,0,0,0,0,99668,0,0,0,0,0,0,0,0,0,0,324,0,0,0,0,0,0
164,787,165.19913928503604,99992,0,0,4,0,197,131,0.0032802624209936795,0,0,49861,49911,133,87,0,0,0,0,0,0,99668,0,0,0,0,0,0,0,0,0,0,324,0,0,0,0,0,0
165,787,166.1899779319882,99992,0,0,4,0,197,131,0.0032802624209936795,0,0,49862,49912,132,86,0,0,0,0,0,0,99668,0,0,0,0,0,0,0,0,0,0,324,0,0,0,0,0,0
166,787,167.18079664110184,99992,0,0,4,0,197,131,0.0032802624209936795,0,0,49862,49912,132,86,0,0,0,0,0,0,99668,0,0,0,0,0,0,0,0,0,0,324,0,0,0,0,0,0
167,787,168.17160871316983,99992,0,0,4,0,197,131,0.0032802624209936795,0,0,49862,49912,132,86,0,0,0,0,0,0,99668,0,0,0,0,0,0,0,0,0,0,324,0,0,0,0,0,0
168,787,169.16242078523783,99992,0,0,4,0,197,131,0.0032802624209936795,0,0,49862,49912,132,86,0,0,0,0,0,0,99668,0,0,0,0,0,0,0,0,0,0,324,0,0,0,0,0,0
169,787,170.15323285730582,99992,0,0,4,0,197,131,0.0032802624209936795,0,0,49862,49912,132,86,0,0,0,0,0,0,99668,0,0,0,0,0,0,0,0,0,0,324,0,0,0,0,0,0
170,787,171.14404492937382,99992,0,0,4,0,197,131,0.0032802624209936795,0,0,49863,49912,131,86,0,0,0,0,0,0,99668,0,0,0,0,0,0,0,0,0,0,324,0,0,0,0,0,0
171,787,172.13483709110352,99992,0,0,4,0,197,131,0.0032802624209936795,0,0,49863,49912,131,86,0,0,0,0,0,0,99668,0,0,0,0,0,0,0,0,0,0,324,0,0,0,0,0,0
172,787,173.12562925283322,99992,0,0,4,0,197,131,0.0032802624209936795,0,0,49864,49912,130,86,0,0,0,0,0,0,99668,0,0,0,0,0,0,0,0,0,0,324,0,0,0,0,0,0
173,787,174.11640812831973,99992,0,0,4,0,197,131,0.0032802624209936795,0,0,49864,49913,130,85,0,0,0,0,0,0,99668,0,0,0,0,0,0,0,0,0,0,324,0,0,0,0,0,0
174,787,175.1071803408595,99992,0,0,4,0,197,131,0.0032802624209936795,0,0,49864,49913,130,85,0,0,0,0,0,0,99668,0,0,0,0,0,0,0,0,0,0,324,0,0,0,0,0,0
175,787,176.09795255339924,99992,0,0,4,0,197,131,0.0032802624209936795,0,0,49864,49913,130,85,0,0,0,0,0,0,99668,0,0,0,0,0,0,0,0,0,0,324,0,0,0,0,0,0
176,787,177.0887181164757,99992,0,0,4,0,197,131,0.0032802624209936795,0,0,49865,49914,129,84,0,0,0,0,0,0,99668,0,0,0,0,0,0,0,0,0,0,324,0,0,0,0,0,0
177,787,178.07947038062554,99992,0,0,4,0,197,131,0.0032802624209936795,0,0,49865,49914,129,84,0,0,0,0,0,0,99668,0,0,0,0,0,0,0,0,0,0,324,0,0,0,0,0,0
178,787,179.07022264477538,99992,0,0,4,0,197,131,0.0032802624209936795,0,0,49865,49914,129,84,0,0,0,0,0,0,99668,0,0,0,0,0,0,0,0,0,0,324,0,0,0,0,0,0
179,787,180.06096163723066,99992,0,0,4,0,197,131,0.0032802624209936795,0,0,49867,49914,127,84,0,0,0,0,0,0,99668,0,0,0,0,0,0,0,0,0,0,324,0,0,0,0,0,0
180,787,181.0516740862968,99992,0,0,4,0,197,131,0.0032802624209936795,0,0,49868,49914,126,84,0,0,0,0,0,0,99668,0,0,0,0,0,0,0,0,0,0,324,0,0,0,0,0,0
181,787,182.0423732644668,99992,0,0,4,0,197,131,0.0032802624209936795,0,0,49868,49914,126,84,0,0,0,0,0,0,99668,0,0,0,0,0,0,0,0,0,0,324,0,0,0,0,0,0
182,787,183.0330658071887,99992,0,0,4,0,197,131,0.0032802624209936795,0,0,49868,49914,126,84,0,0,0,0,0,0,99668,0,0,0,0,0,0,0,0,0,0,324,0,0,0,0,0,0
183,787,184.02375834991062,99992,0,0,4,0,197,131,0.0032802624209936795,0,0,49870,49914,124,84,0,0,0,0,0,0,99668,0,0,0,0,0,0,0,0,0,0,324,0,0,0,0,0,0
184,787,185.01442435243692,99992,0,0,4,0,197,131,0.0032802624209936795,0,0,49870,49915,124,83,0,0,0,0,0,0,99668,0,0,0,0,0,0,0,0,0,0,324,0,0,0,0,0,0
185,787,186.00507041057026,99992,0,0,4,0,197,131,0.0032802624209936795,0,0,49871,49917,123,81,0,0,0,0,0,0,99668,0,0,0,0,0,0,0,0,0,0,324,0,0,0,0,0,0
186,787,187.3259140365116,99992,0,0,4,0,197,131,0.0032802624209936795,0,0,49873,49917,121,81,0,0,0,0,0,0,99668,0,0,0,0,0,0,0,0,0,0,324,0,0,0,0,0,0
187,787,188.31652019584243,99992,0,0,4,0,197,131,0.0032802624209936795,0,0,49873,49918,121,80,0,0,0,0,0,0,99668,0,0,0,0,0,0,0,0,0,0,324,0,0,0,0,0,0
188,787,189.3071130470303,99992,0,0,4,0,197,131,0.0032802624209936795,0,0,49873,49919,121,79,0,0,0,0,0,0,99668,0,0,0,0,0,0,0,0,0,0,324,0,0,0,0,0,0
189,787,190.2976992379391,99992,0,0,4,0,197,131,0.0032802624209936795,0,0,49875,49919,119,79,0,0,0,0,0,0,99668,0,0,0,0,0,0,0,0,0,0,324,0,0,0,0,0,0
190,787,191.28825226066047,99992,0,0,4,0,197,131,0.0032802624209936795,0,0,49877,49919,117,79,0,0,0,0,0,0,99668,0,0,0,0,0,0,0,0,0,0,324,0,0,0,0,0,0
191,787,192.27876548400414,99992,0,0,4,0,197,131,0.0032802624209936795,0,0,49877,49919,117,79,0,0,0,0,0,0,99668,0,0,0,0,0,0,0,0,0,0,324,0,0,0,0,0,0
192,787,193.2692787073478,99992,0,0,4,0,197,131,0.0032802624209936795,0,0,49877,49919,117,79,0,0,0,0,0,0,99668,0,0,0,0,0,0,0,0,0,0,324,0,0,0,0,0,0
193,787,194.25979193069148,99992,0,0,4,0,197,131,0.0032802624209936795,0,0,49877,49919,117,79,0,0,0,0,0,0,99668,0,0,0,0,0,0,0,0,0,0,324,0,0,0,0,0,0
194,787,195.25030515403515,99992,0,0,4,0,197,131,0.0032802624209936795,0,0,49877,49919,117,79,0,0,0,0,0,0,99668,0,0,0,0,0,0,0,0,0,0,324,0,0,0,0,0,0
195,787,196.24081836416548,99992,0,0,4,0,197,131,0.0032802624209936795,0,0,49880,49921,114,77,0,0,0,0,0,0,99668,0,0,0,0,0,0,0,0,0,0,324,0,0,0,0,0,0
196,787,197.23128509353734,99992,0,0,4,0,197,131,0.0032802624209936795,0,0,49880,49921,114,77,0,0,0,0,0,0,99668,0,0,0,0,0,0,0,0,0,0,324,0,0,0,0,0,0
197,787,198.22173853170986,99992,0,0,4,0,197,131,0.0032802624209936795,0,0,49880,49922,114,76,0,0,0,0,0,0,99668,0,0,0,0,0,0,0,0,0,0,324,0,0,0,0,0,0
198,787,199.2121919434573,99992,0,0,4,0,197,131,0.0032802624209936795,0,0,49880,49922,114,76,0,0,0,0,0,0,99668,0,0,0,0,0,0,0,0,0,0,324,0,0,0,0,0,0
199,787,200.20264535520474,99992,0,0,4,0,197,131,0.0032802624209936795,0,0,49880,49922,114,76,0,0,0,0,0,0,99668,0,0,0,0,0,0,0,0,0,0,324,0,0,0,0,0,0
200,787,201.19309876695218,99992,0,0,4,0,197,131,0.0032802624209936795,0,0,49880,49923,114,75,0,0,0,0,0,0,99668,0,0,0,0,0,0,0,0,0,0,324,0,0,0,0,0,0
201,787,202.18354550707454,99992,0,0,4,0,197,131,0.0032802624209936795,0,0,49881,49923,113,75,0,0,0,0,0,0,99668,0,0,0,0,0,0,0,0,0,0,324,0,0,0,0,0,0
202,787,203.173978983222,99992,0,0,4,0,197,131,0.0032802624209936795,0,0,49881,49923,113,75,0,0,0,0,0,0,99668,0,0,0,0,0,0,0,0,0,0,324,0,0,0,0,0,0
203,787,204.1644124593695,99992,0,0,4,0,197,131,0.0032802624209936795,0,0,49882,49923,112,75,0,0,0,0,0,0,99668,0,0,0,0,0,0,0,0,0,0,324,0,0,0,0,0,0
204,787,205.15482604035236,99992,0,0,4,0,197,131,0.0032802624209936795,0,0,49882,49923,112,75,0,0,0,0,0,0,99668,0,0,0,0,0,0,0,0,0,0,324,0,0,0,0,0,0
205,787,206.14523962133524,99992,0,0,4,0,197,131,0.0032802624209936795,0,0,49882,49923,112,75,0,0,0,0,0,0,99668,0,0,0,0,0,0,0,0,0,0,324,0,0,0,0,0,0
206,787,207.1356532023181,99992,0,0,4,0,197,131,0.0032802624209936795,0,0,49882,49923,112,75,0,0,0,0,0,0,99668,0,0,0,0,0,0,0,0,0,0,324,0,0,0,0,0,0
207,787,208.12606678330098,99992,0,0,4,0,197,131,0.0032802624209936795,0,0,49883,49924,111,74,0,0,0,0,0,0,99668,0,0,0,0,0,0,0,0,0,0,324,0,0,0,0,0,0
208,787,209.11646044349342,99992,0,0,4,0,197,131,0.0032802624209936795,0,0,49883,49924,111,74,0,0,0,0,0,0,99668,0,0,0,0,0,0,0,0,0,0,324,0,0,0,0,0,0
209,787,210.10685409047412,99992,0,0,4,0,197,131,0.0032802624209936795,0,0,49883,49924,111,74,0,0,0,0,0,0,99668,0,0,0,0,0,0,0,0,0,0,324,0,0,0,0,0,0
210,787,211.0972477374548,99992,0,0,4,0,197,131,0.0032802624209936795,0,0,49883,49924,111,74,0,0,0,0,0,0,99668,0,0,0,0,0,0,0,0,0,0,324,0,0,0,0,0,0
211,787,212.0876413844355,99992,0,0,4,0,197,131,0.0032802624209936795,0,0,49883,49924,111,74,0,0,0,0,0,0,99668,0,0,0,0,0,0,0,0,0,0,324,0,0,0,0,0,0
212,787,213.0780350314162,99992,0,0,4,0,197,131,0.0032802624209936795,0,0,49883,49924,111,74,0,0,0,0,0,0,99668,0,0,0,0,0,0,0,0,0,0,324,0,0,0,0,0,0
213,787,214.06842867839688,99992,0,0,4,0,197,131,0.0032802624209936795,0,0,49884,49925,110,73,0,0,0,0,0,0,99668,0,0,0,0,0,0,0,0,0,0,324,0,0,0,0,0,0
214,787,215.0588090233639,99992,0,0,4,0,197,131,0.0032802624209936795,0,0,49884,49925,110,73,0,0,0,0,0,0,99668,0,0,0,0,0,0,0,0,0,0,324,0,0,0,0,0,0
215,787,216.04918273714168,99992,0,0,4,0,197,131,0.0032802624209936795,0,0,49884,49925,110,73,0,0,0,0,0,0,99668,0,0,0,0,0,0,0,0,0,0,324,0,0,0,0,0,0
216,787,217.03954981999607,99992,0,0,4,0,197,131,0.0032802624209936795,0,0,49885,49925,109,73,0,0,0,0,0,0,99668,0,0,0,0,0,0,0,0,0,0,324,0,0,0,0,0,0
217,787,218.02990364100367,99992,0,0,4,0,197,131,0.0032802624209936795,0,0,49885,49925,109,73,0,0,0,0,0,0,99668,0,0,0,0,0,0,0,0,0,0,324,0,0,0,0,0,0
218,787,219.02025746201127,99992,0,0,4,0,197,131,0.0032802624209936795,0,0,49886,49925,108,73,0,0,0,0,0,0,99668,0,0,0,0,0,0,0,0,0,0,324,0,0,0,0,0,0
219,787,220.0105913913121,99992,0,0,4,0,197,131,0.0032802624209936795,0,0,49887,49925,107,73,0,0,0,0,0,0,99668,0,0,0,0,0,0,0,0,0,0,324,0,0,0,0,0,0
220,787,221.00090542917195,99992,0,0,4,0,197,131,0.0032802624209936795,0,0,49887,49925,107,73,0,0,0,0,0,0,99668,0,0,0,0,0,0,0,0,0,0,324,0,0,0,0,0,0
221,787,222.32132414631843,99992,0,0,4,0,197,131,0.0032802624209936795,0,0,49887,49925,107,73,0,0,0,0,0,0,99668,0,0,0,0,0,0,0,0,0,0,324,0,0,0,0,0,0
222,787,223.3116315540524,99992,0,0,4,0,197,131,0.0032802624209936795,0,0,49888,49925,106,73,0,0,0,0,0,0,99668,0,0,0,0,0,0,0,0,0,0,324,0,0,0,0,0,0
223,787,224.30192570153463,99992,0,0,4,0,197,131,0.0032802624209936795,0,0,49888,49926,106,72,0,0,0,0,0,0,99668,0,0,0,0,0,0,0,0,0,0,324,0,0,0,0,0,0
224,787,225.29221982259597,99992,0,0,4,0,197,131,0.0032802624209936795,0,0,49888,49926,106,72,0,0,0,0,0,0,99668,0,0,0,0,0,0,0,0,0,0,324,0,0,0,0,0,0
225,787,226.28250730058704,99992,0,0,4,0,197,131,0.0032802624209936795,0,0,49889,49926,105,72,0,0,0,0,0,0,99668,0,0,0,0,0,0,0,0,0,0,324,0,0,0,0,0,0
226,787,227.27278151885847,99992,0,0,4,0,197,131,0.0032802624209936795,0,0,49889,49926,105,72,0,0,0,0,0,0,99668,0,0,0,0,0,0,0,0,0,0,324,0,0,0,0,0,0
227,787,228.2630557371299,99992,0,0,4,0,197,131,0.0032802624209936795,0,0,49889,49927,105,71,0,0,0,0,0,0,99668,0,0,0,0,0,0,0,0,0,0,324,0,0,0,0,0,0
228,787,229.253329928981,99992,0,0,4,0,197,131,0.0032802624209936795,0,0,49890,49928,104,70,0,0,0,0,0,0,99668,0,0,0,0,0,0,0,0,0,0,324,0,0,0,0,0,0
229,787,230.24358417921087,99992,0,0,4,0,197,131,0.0032802624209936795,0,0,49890,49929,104,69,0,0,0,0,0,0,99668,0,0,0,0,0,0,0,0,0,0,324,0,0,0,0,0,0
230,787,231.23383838981104,99992,0,0,4,0,197,131,0.0032802624209936795,0,0,49891,49929,103,69,0,0,0,0,0,0,99668,0,0,0,0,0,0,0,0,0,0,324,0,0,0,0,0,0
231,787,232.22407271242875,99992,0,0,4,0,197,131,0.0032802624209936795,0,0,49893,49930,101,68,0,0,0,0,0,0,99668,0,0,0,0,0,0,0,0,0,0,324,0,0,0,0,0,0
232,787,233.21426723505485,99992,0,0,4,0,197,131,0.0032802624209936795,0,0,49893,49930,101,68,0,0,0,0,0,0,99668,0,0,0,0,0,0,0,0,0,0,324,0,0,0,0,0,0
233,787,234.20446174447184,99992,0,0,4,0,197,131,0.0032802624209936795,0,0,49893,49930,101,68,0,0,0,0,0,0,99668,0,0,0,0,0,0,0,0,0,0,324,0,0,0,0,0,0
234,787,235.19465625388884,99992,0,0,4,0,197,131,0.0032802624209936795,0,0,49893,49930,101,68,0,0,0,0,0,0,99668,0,0,0,0,0,0,0,0,0,0,324,0,0,0,0,0,0
235,787,236.18485076330583,99992,0,0,4,0,197,131,0.0032802624209936795,0,0,49893,49930,101,68,0,0,0,0,0,0,99668,0,0,0,0,0,0,0,0,0,0,324,0,0,0,0,0,0
236,787,237.17504527272283,99992,0,0,4,0,197,131,0.0032802624209936795,0,0,49893,49930,101,68,0,0,0,0,0,0,99668,0,0,0,0,0,0,0,0,0,0,324,0,0,0,0,0,0
237,787,238.16523978213982,99992,0,0,4,0,197,131,0.0032802624209936795,0,0,49893,49930,101,68,0,0,0,0,0,0,99668,0,0,0,0,0,0,0,0,0,0,324,0,0,0,0,0,0
238,787,239.15543429155682,99992,0,0,4,0,197,131,0.0032802624209936795,0,0,49893,49931,101,67,0,0,0,0,0,0,99668,0,0,0,0,0,0,0,0,0,0,324,0,0,0,0,0,0
239,787,240.1456287613466,99992,0,0,4,0,197,131,0.0032802624209936795,0,0,49893,49932,101,66,0,0,0,0,0,0,99668,0,0,0,0,0,0,0,0,0,0,324,0,0,0,0,0,0
240,787,241.13582320471815,99992,0,0,4,0,197,131,0.0032802624209936795,0,0,49893,49932,101,66,0,0,0,0,0,0,99668,0,0,0,0,0,0,0,0,0,0,324,0,0,0,0,0,0
241,787,242.1260176348806,99992,0,0,4,0,197,131,0.0032802624209936795,0,0,49893,49932,101,66,0,0,0,0,0,0,99668,0,0,0,0,0,0,0,0,0,0,324,0,0,0,0,0,0
242,787,243.11621206504307,99992,0,0,4,0,197,131,0.0032802624209936795,0,0,49893,49932,101,66,0,0,0,0,0,0,99668,0,0,0,0,0,0,0,0,0,0,324,0,0,0,0,0,0
243,787,244.10640649520553,99992,0,0,4,0,197,131,0.0032802624209936795,0,0,49893,49932,101,66,0,0,0,0,0,0,99668,0,0,0,0,0,0,0,0,0,0,324,0,0,0,0,0,0
244,787,245.09659429683848,99992,0,0,4,0,197,131,0.0032802624209936795,0,0,49894,49933,100,65,0,0,0,0,0,0,99668,0,0,0,0,0,0,0,0,0,0,324,0,0,0,0,0,0
245,787,246.08676880178584,99992,0,0,4,0,197,131,0.0032802624209936795,0,0,49895,49933,99,65,0,0,0,0,0,0,99668,0,0,0,0,0,0,0,0,0,0,324,0,0,0,0,0,0
246,787,247.07692342194255,99992,0,0,4,0,197,131,0.0032802624209936795,0,0,49895,49933,99,65,0,0,0,0,0,0,99668,0,0,0,0,0,0,0,0,0,0,324,0,0,0,0,0,0
247,787,248.0670714141014,99992,0,0,4,0,197,131,0.0032802624209936795,0,0,49896,49933,98,65,0,0,0,0,0,0,99668,0,0,0,0,0,0,0,0,0,0,324,0,0,0,0,0,0
248,787,249.05720613705623,99992,0,0,4,0,197,131,0.0032802624209936795,0,0,49896,49934,98,64,0,0,0,0,0,0,99668,0,0,0,0,0,0,0,0,0,0,324,0,0,0,0,0,0
249,787,250.04734083359443,99992,0,0,4,0,197,131,0.0032802624209936795,0,0,49897,49934,97,64,0,0,0,0,0,0,99668,0,0,0,0,0,0,0,0,0,0,324,0,0,0,0,0,0
250,787,251.03745564693688,99992,0,0,4,0,197,131,0.0032802624209936795,0,0,49897,49935,97,63,0,0,0,0,0,0,99668,0,0,0,0,0,0,0,0,0,0,324,0,0,0,0,0,0
251,787,252.02757042065517,99992,0,0,4,0,197,131,0.0032802624209936795,0,0,49897,49935,97,63,0,0,0,0,0,0,99668,0,0,0,0,0,0,0,0,0,0,324,0,0,0,0,0,0
252,787,253.01767856690745,99992,0,0,4,0,197,131,0.0032802624209936795,0,0,49898,49935,96,63,0,0,0,0,0,0,99668,0,0,0,0,0,0,0,0,0,0,324,0,0,0,0,0,0
253,787,254.0077668310273,99992,0,0,4,0,197,131,0.0032802624209936795,0,0,49899,49935,95,63,0,0,0,0,0,0,99668,0,0,0,0,0,0,0,0,0,0,324,0,0,0,0,0,0
254,787,255.32784696344737,99992,0,0,4,0,197,131,0.0032802624209936795,0,0,49901,49935,93,63,0,0,0,0,0,0,99668,0,0,0,0,0,0,0,0,0,0,324,0,0,0,0,0,0
255,787,256.3178822123547,99992,0,0,4,0,197,131,0.0032802624209936795,0,0,49901,49935,93,63,0,0,0,0,0,0,99668,0,0,0,0,0,0,0,0,0,0,324,0,0,0,0,0,0
256,787,257.30791746126204,99992,0,0,4,0,197,131,0.0032802624209936795,0,0,49901,49935,93,63,0,0,0,0,0,0,99668,0,0,0,0,0,0,0,0,0,0,324,0,0,0,0,0,0
257,787,258.2979527101694,99992,0,0,4,0,197,131,0.0032802624209936795,0,0,49901,49935,93,63,0,0,0,0,0,0,99668,0,0,0,0,0,0,0,0,0,0,324,0,0,0,0,0,0
258,787,259.28798795907676,99992,0,0,4,0,197,131,0.0032802624209936795,0,0,49901,49935,93,63,0,0,0,0,0,0,99668,0,0,0,0,0,0,0,0,0,0,324,0,0,0,0,0,0
259,787,260.2780232079841,99992,0,0,4,0,197,131,0.0032802624209936795,0,0,49902,49935,92,63,0,0,0,0,0,0,99668,0,0,0,0,0,0,0,0,0,0,324,0,0,0,0,0,0
260,787,261.2680452040843,99992,0,0,4,0,197,131,0.0032802624209936795,0,0,49902,49937,92,61,0,0,0,0,0,0,99668,0,0,0,0,0,0,0,0,0,0,324,0,0,0,0,0,0
261,787,262.25806050774725,99992,0,0,4,0,197,131,0.0032802624209936795,0,0,49903,49937,91,61,0,0,0,0,0,0,99668,0,0,0,0,0,0,0,0,0,0,324,0,0,0,0,0,0
262,787,263.2480559197911,99992,0,0,4,0,197,131,0.0032802624209936795,0,0,49903,49937,91,61,0,0,0,0,0,0,99668,0,0,0,0,0,0,0,0,0,0,324,0,0,0,0,0,0
263,787,264.238051331835,99992,0,0,4,0,197,131,0.0032802624209936795,0,0,49904,49937,90,61,0,0,0,0,0,0,99668,0,0,0,0,0,0,0,0,0,0,324,0,0,0,0,0,0
264,787,265.228026866263,99992,0,0,4,0,197,131,0.0032802624209936795,0,0,49904,49937,90,61,0,0,0,0,0,0,99668,0,0,0,0,0,0,0,0,0,0,324,0,0,0,0,0,0
265,787,266.21800240069103,99992,0,0,4,0,197,131,0.0032802624209936795,0,0,49905,49937,89,61,0,0,0,0,0,0,99668,0,0,0,0,0,0,0,0,0,0,324,0,0,0,0,0,0
266,787,267.2079646839063,99992,0,0,4,0,197,131,0.0032802624209936795,0,0,49905,49937,89,61,0,0,0,0,0,0,99668,0,0,0,0,0,0,0,0,0,0,324,0,0,0,0,0,0
267,787,268.1979203415152,99992,0,0,4,0,197,131,0.0032802624209936795,0,0,49905,49937,89,61,0,0,0,0,0,0,99668,0,0,0,0,0,0,0,0,0,0,324,0,0,0,0,0,0
268,787,269.1878759991241,99992,0,0,4,0,197,131,0.0032802624209936795,0,0,49905,49937,89,61,0,0,0,0,0,0,99668,0,0,0,0,0,0,0,0,0,0,324,0,0,0,0,0,0
269,787,270.177831656733,99992,0,0,4,0,197,131,0.0032802624209936795,0,0,49905,49937,89,61,0,0,0,0,0,0,99668,0,0,0,0,0,0,0,0,0,0,324,0,0,0,0,0,0
270,787,271.1677873143419,99992,0,0,4,0,197,131,0.0032802624209936795,0,0,49905,49937,89,61,0,0,0,0,0,0,99668,0,0,0,0,0,0,0,0,0,0,324,0,0,0,0,0,0
271,787,272.1577429719508,99992,0,0,4,0,197,131,0.0032802624209936795,0,0,49905,49938,89,60,0,0,0,0,0,0,99668,0,0,0,0,0,0,0,0,0,0,324,0,0,0,0,0,0
272,787,273.14769858994197,99992,0,0,4,0,197,131,0.0032802624209936795,0,0,49905,49938,89,60,0,0,0,0,0,0,99668,0,0,0,0,0,0,0,0,0,0,324,0,0,0,0,0,0
273,787,274.1376542079331,99992,0,0,4,0,197,131,0.0032802624209936795,0,0,49905,49938,89,60,0,0,0,0,0,0,99668,0,0,0,0,0,0,0,0,0,0,324,0,0,0,0,0,0
274,787,275.12760982592425,99992,0,0,4,0,197,131,0.0032802624209936795,0,0,49905,49938,89,60,0,0,0,0,0,0,99668,0,0,0,0,0,0,0,0,0,0,324,0,0,0,0,0,0
275,787,276.1175654439154,99992,0,0,4,0,197,131,0.0032802624209936795,0,0,49905,49938,89,60,0,0,0,0,0,0,99668,0,0,0,0,0,0,0,0,0,0,324,0,0,0,0,0,0
276,787,277.10752106190654,99992,0,0,4,0,197,131,0.0032802624209936795,0,0,49905,49938,89,60,0,0,0,0,0,0,99668,0,0,0,0,0,0,0,0,0,0,324,0,0,0,0,0,0
277,787,278.0974766798977,99992,0,0,4,0,197,131,0.0032802624209936795,0,0,49905,49938,89,60,0,0,0,0,0,0,99668,0,0,0,0,0,0,0,0,0,0,324,0,0,0,0,0,0
278,787,279.0874322978888,99992,0,0,4,0,197,131,0.0032802624209936795,0,0,49906,49938,88,60,0,0,0,0,0,0,99668,0,0,0,0,0,0,0,0,0,0,324,0,0,0,0,0,0
279,787,280.07736803985824,99992,0,0,4,0,197,131,0.0032802624209936795,0,0,49906,49938,88,60,0,0,0,0,0,0,99668,0,0,0,0,0,0,0,0,0,0,324,0,0,0,0,0,0
280,787,281.06730378182766,99992,0,0,4,0,197,131,0.0032802624209936795,0,0,49906,49939,88,59,0,0,0,0,0,0,99668,0,0,0,0,0,0,0,0,0,0,324,0,0,0,0,0,0
281,787,282.0572394973858,99992,0,0,4,0,197,131,0.0032802624209936795,0,0,49906,49939,88,59,0,0,0,0,0,0,99668,0,0,0,0,0,0,0,0,0,0,324,0,0,0,0,0,0
282,787,283.0471751997383,99992,0,0,4,0,197,131,0.0032802624209936795,0,0,49907,49939,87,59,0,0,0,0,0,0,99668,0,0,0,0,0,0,0,0,0,0,324,0,0,0,0,0,0
283,787,284.03709102686634,99992,0,0,4,0,197,131,0.0032802624209936795,0,0,49907,49939,87,59,0,0,0,0,0,0,99668,0,0,0,0,0,0,0,0,0,0,324,0,0,0,0,0,0
284,787,285.02700685399435,99992,0,0,4,0,197,131,0.0032802624209936795,0,0,49907,49939,87,59,0,0,0,0,0,0,99668,0,0,0,0,0,0,0,0,0,0,324,0,0,0,0,0,0
285,787,286.01692268112237,99992,0,0,4,0,197,131,0.0032802624209936795,0,0,49907,49939,87,59,0,0,0,0,0,0,99668,0,0,0,0,0,0,0,0,0,0,324,0,0,0,0,0,0
286,787,287.0068385082504,99992,0,0,4,0,197,131,0.0032802624209936795,0,0,49907,49939,87,59,0,0,0,0,0,0,99668,0,0,0,0,0,0,0,0,0,0,324,0,0,0,0,0,0
287,787,288.3267262777544,99992,0,0,4,0,197,131,0.0032802624209936795,0,0,49908,49939,86,59,0,0,0,0,0,0,99668,0,0,0,0,0,0,0,0,0,0,324,0,0,0,0,0,0
288,787,289.31662223045447,99992,0,0,4,0,197,131,0.0032802624209936795,0,0,49908,49939,86,59,0,0,0,0,0,0,99668,0,0,0,0,0,0,0,0,0,0,324,0,0,0,0,0,0
289,787,290.30651818315454,99992,0,0,4,0,197,131,0.0032802624209936795,0,0,49908,49939,86,59,0,0,0,0,0,0,99668,0,0,0,0,0,0,0,0,0,0,324,0,0,0,0,0,0
290,787,291.29640751131075,99992,0,0,4,0,197,131,0.0032802624209936795,0,0,49909,49939,85,59,0,0,0,0,0,0,99668,0,0,0,0,0,0,0,0,0,0,324,0,0,0,0,0,0
291,787,292.28628359037924,99992,0,0,4,0,197,131,0.0032802624209936795,0,0,49909,49939,85,59,0,0,0,0,0,0,99668,0,0,0,0,0,0,0,0,0,0,324,0,0,0,0,0,0
292,787,293.27615966944774,99992,0,0,4,0,197,131,0.0032802624209936795,0,0,49909,49939,85,59,0,0,0,0,0,0,99668,0,0,0,0,0,0,0,0,0,0,324,0,0,0,0,0,0
293,787,294.26603573531133,99992,0,0,4,0,197,131,0.0032802624209936795,0,0,49909,49940,85,58,0,0,0,0,0,0,99668,0,0,0,0,0,0,0,0,0,0,324,0,0,0,0,0,0
294,787,295.2559117615603,99992,0,0,4,0,197,131,0.0032802624209936795,0,0,49909,49942,85,56,0,0,0,0,0,0,99668,0,0,0,0,0,0,0,0,0,0,324,0,0,0,0,0,0
295,787,296.2457877217849,99992,0,0,4,0,197,131,0.0032802624209936795,0,0,49910,49942,84,56,0,0,0,0,0,0,99668,0,0,0,0,0,0,0,0,0,0,324,0,0,0,0,0,0
296,787,297.2356438091767,99992,0,0,4,0,197,131,0.0032802624209936795,0,0,49910,49942,84,56,0,0,0,0,0,0,99668,0,0,0,0,0,0,0,0,0,0,324,0,0,0,0,0,0
297,787,298.22549989656846,99992,0,0,4,0,197,131,0.0032802624209936795,0,0,49911,49942,83,56,0,0,0,0,0,0,99668,0,0,0,0,0,0,0,0,0,0,324,0,0,0,0,0,0
298,787,299.2153361119238,99992,0,0,4,0,197,131,0.0032802624209936795,0,0,49911,49942,83,56,0,0,0,0,0,0,99668,0,0,0,0,0,0,0,0,0,0,324,0,0,0,0,0,0
299,787,300.2051723272792,99992,0,0,4,0,197,131,0.0032802624209936795,0,0,49911,49942,83,56,0,0,0,0,0,0,99668,0,0,0,0,0,0,0,0,0,0,324,0,0,0,0,0,0
300,787,301.1950085426345,99992,0,0,4,0,197,131,0.0032802624209936795,0,0,49911,49942,83,56,0,0,0,0,0,0,99668,0,0,0,0,0,0,0,0,0,0,324,0,0,0,0,0,0
301,787,302.1848447579899,99992,0,0,4,0,197,131,0.0032802624209936795,0,0,49911,49942,83,56,0,0,0,0,0,0,99668,0,0,0,0,0,0,0,0,0,0,324,0,0,0,0,0,0
302,787,303.17468097334523,99992,0,0,4,0,197,131,0.0032802624209936795,0,0,49911,49943,83,55,0,0,0,0,0,0,99668,0,0,0,0,0,0,0,0,0,0,324,0,0,0,0,0,0
303,787,304.1645171490876,99992,0,0,4,0,197,131,0.0032802624209936795,0,0,49911,49943,83,55,0,0,0,0,0,0,99668,0,0,0,0,0,0,0,0,0,0,324,0,0,0,0,0,0
304,787,305.15435331162564,99992,0,0,4,0,197,131,0.0032802624209936795,0,0,49911,49944,83,54,0,0,0,0,0,0,99668,0,0,0,0,0,0,0,0,0,0,324,0,0,0,0,0,0
305,787,306.14418282400885,99992,0,0,4,0,197,131,0.0032802624209936795,0,0,49913,49944,81,54,0,0,0,0,0,0,99668,0,0,0,0,0,0,0,0,0,0,324,0,0,0,0,0,0
306,787,307.13398584193806,99992,0,0,4,0,197,131,0.0032802624209936795,0,0,49913,49944,81,54,0,0,0,0,0,0,99668,0,0,0,0,0,0,0,0,0,0,324,0,0,0,0,0,0
307,787,308.12378223638643,99992,0,0,4,0,197,131,0.0032802624209936795,0,0,49913,49944,81,54,0,0,0,0,0,0,99668,0,0,0,0,0,0,0,0,0,0,324,0,0,0,0,0,0
308,787,309.1135786308348,99992,0,0,4,0,197,131,0.0032802624209936795,0,0,49914,49945,80,53,0,0,0,0,0,0,99668,0,0,0,0,0,0,0,0,0,0,324,0,0,0,0,0,0
309,787,310.1033617524454,99992,0,0,4,0,197,131,0.0032802624209936795,0,0,49916,49945,78,53,0,0,0,0,0,0,99668,0,0,0,0,0,0,0,0,0,0,324,0,0,0,0,0,0
310,787,311.09310512341904,99992,0,0,4,0,197,131,0.0032802624209936795,0,0,49916,49945,78,53,0,0,0,0,0,0,99668,0,0,0,0,0,0,0,0,0,0,324,0,0,0,0,0,0
311,787,312.0828418717083,99992,0,0,4,0,197,131,0.0032802624209936795,0,0,49916,49945,78,53,0,0,0,0,0,0,99668,0,0,0,0,0,0,0,0,0,0,324,0,0,0,0,0,0
312,787,313.07257861999756,99992,0,0,4,0,197,131,0.0032802624209936795,0,0,49916,49945,78,53,0,0,0,0,0,0,99668,0,0,0,0,0,0,0,0,0,0,324,0,0,0,0,0,0
313,787,314.0623153682868,99992,0,0,4,0,197,131,0.0032802624209936795,0,0,49916,49945,78,53,0,0,0,0,0,0,99668,0,0,0,0,0,0,0,0,0,0,324,0,0,0,0,0,0
314,787,315.0520521165761,99992,0,0,4,0,197,131,0.0032802624209936795,0,0,49917,49945,77,53,0,0,0,0,0,0,99668,0,0,0,0,0,0,0,0,0,0,324,0,0,0,0,0,0
315,787,316.04177562002724,99992,0,0,4,0,197,131,0.0032802624209936795,0,0,49917,49945,77,53,0,0,0,0,0,0,99668,0,0,0,0,0,0,0,0,0,0,324,0,0,0,0,0,0
316,787,317.03149250105935,99992,0,0,4,0,197,131,0.0032802624209936795,0,0,49917,49945,77,53,0,0,0,0,0,0,99668,0,0,0,0,0,0,0,0,0,0,324,0,0,0,0,0,0
317,787,318.02120938209146,99992,0,0,4,0,197,131,0.0032802624209936795,0,0,49918,49945,76,53,0,0,0,0,0,0,99668,0,0,0,0,0,0,0,0,0,0,324,0,0,0,0,0,0
318,787,319.01090639666245,99992,0,0,4,0,197,131,0.0032802624209936795,0,0,49918,49945,76,53,0,0,0,0,0,0,99668,0,0,0,0,0,0,0,0,0,0,324,0,0,0,0,0,0
319,787,320.00060341123344,99992,0,0,4,0,197,131,0.0032802624209936795,0,0,49917,49944,76,53,1,1,1,1,0,0,99666,0,0,0,0,0,0,0,0,0,2,324,0,0,0,0,0,0
320,787,321.32021933673076,99992,0,0,4,0,197,131,0.0032802624209936795,0,0,49916,49944,76,52,2,2,2,2,0,0,99664,0,0,0,0,0,0,0,0,0,4,324,0,0,0,0,0,0
321,787,322.0835083205193,99992,0,0,4,0,197,131,0.0032802624209936795,0,0,49915,49943,76,52,3,3,3,3,0,0,99662,0,0,0,0,0,0,0,0,0,6,324,0,0,0,0,0,0
322,787,323.0079154221771,99992,0,0,4,0,197,131,0.0032802624209936795,0,0,49914,49942,76,52,4,4,4,4,0,0,99660,0,0,0,0,0,0,0,0,0,8,324,0,0,0,0,0,0
323,787,324.14196285598035,99992,0,0,4,0,197,131,0.0032802624209936795,0,0,49913,49941,76,52,5,5,5,5,0,0,99658,0,0,0,0,0,0,0,0,0,10,324,0,0,0,0,0,0
324,787,325.0562721851035,99992,0,0,4,0,197,131,0.0032802624209936795,0,0,49912,49940,76,52,6,6,6,6,0,0,99656,0,0,0,0,0,0,0,0,0,12,324,0,0,0,0,0,0
325,787,326.0117366311973,99992,0,0,4,0,197,131,0.0032802624209936795,0,0,49911,49940,76,51,7,7,7,7,0,0,99654,0,0,0,0,0,0,0,0,0,14,324,0,0,0,0,0,0
326,787,327.06119803187806,99992,0,0,4,0,197,131,0.0032802624209936795,0,0,49910,49939,76,51,8,8,8,8,0,0,99652,0,0,0,0,0,0,0,0,0,16,324,0,0,0,0,0,0
327,787,328.2065955663024,99992,0,0,4,0,197,131,0.0032802624209936795,0,0,49909,49938,76,51,9,9,9,9,0,0,99650,0,0,0,0,0,0,0,0,0,18,324,0,0,0,0,0,0
328,787,329.01456410426925,99992,0,0,4,0,197,131,0.0032802624209936795,0,0,49908,49937,76,51,10,10,10,10,0,0,99648,0,0,0,0,0,0,0,0,0,20,324,0,0,0,0,0,0
329,787,330.04194501811423,99992,0,0,4,0,197,131,0.0032802624209936795,0,0,49907,49937,76,50,11,11,11,11,0,0,99646,0,0,0,0,0,0,0,0,0,22,324,0,0,0,0,0,0
330,787,331.1603660299386,99992,0,0,4,0,197,131,0.0032802624209936795,0,0,49906,49937,76,49,12,12,12,12,0,0,99644,0,0,0,0,0,0,0,0,0,24,324,0,0,0,0,0,0
331,787,332.0143452884092,99992,0,0,4,0,197,131,0.0032802624209936795,0,0,49905,49936,76,49,13,13,13,13,0,0,99642,0,0,0,0,0,0,0,0,0,26,324,0,0,0,0,0,0
332,787,333.0336614343787,99992,0,0,4,0,197,131,0.0032802624209936795,0,0,49904,49935,76,49,14,14,14,14,0,0,99640,0,0,0,0,0,0,0,0,0,28,324,0,0,0,0,0,0
333,787,334.04520059198745,99992,0,0,4,0,197,131,0.0032802624209936795,0,0,49905,49935,75,49,14,14,15,15,0,0,99638,0,0,0,0,0,0,0,0,0,30,324,0,0,0,0,0,0
334,787,335.17622488332387,99992,0,0,4,0,197,131,0.0032802624209936795,0,0,49905,49934,74,49,15,15,16,16,0,0,99636,0,0,0,0,0,0,0,0,0,32,324,0,0,0,0,0,0
335,787,336.0740296191694,99992,0,0,4,0,197,131,0.0032802624209936795,0,0,49904,49933,74,49,16,16,17,17,0,0,99634,0,0,0,0,0,0,0,0,0,34,324,0,0,0,0,0,0
336,787,337.0235834860603,99992,0,0,4,0,197,131,0.0032802624209936795,0,0,49904,49934,73,47,17,17,18,18,0,0,99632,0,0,0,0,0,0,0,0,0,36,324,0,0,0,0,0,0
337,787,338.0143269878017,99992,0,0,4,0,197,131,0.0032802624209936795,0,0,49903,49933,73,47,18,18,19,19,0,0,99630,0,0,0,0,0,0,0,0,0,38,324,0,0,0,0,0,0
338,787,339.0303893758848,99992,0,0,4,0,197,131,0.0032802624209936795,0,0,49902,49933,73,46,19,19,20,20,0,0,99628,0,0,0,0,0,0,0,0,0,40,324,0,0,0,0,0,0
339,787,340.0534324188711,99992,0,0,4,0,197,131,0.0032802624209936795,0,0,49901,49932,73,46,20,20,21,21,0,0,99626,0,0,0,0,0,0,0,0,0,42,324,0,0,0,0,0,0
340,787,341.0803596701073,99992,0,0,4,0,197,131,0.0032802624209936795,0,0,49900,49931,73,46,21,21,22,22,0,0,99624,0,0,0,0,0,0,0,0,0,44,324,0,0,0,0,0,0
341,787,342.132632265424,99992,0,0,4,0,197,131,0.0032802624209936795,0,0,49900,49930,72,46,22,22,23,23,0,0,99622,0,0,0,0,0,0,0,0,0,46,324,0,0,0,0,0,0
342,787,343.12268095256997,99992,0,0,4,0,197,131,0.0032802624209936795,0,0,49899,49929,72,46,23,23,24,24,0,0,99620,0,0,0,0,0,0,0,0,0,48,324,0,0,0,0,0,0
343,787,344.1127495598807,99992,0,0,4,0,197,131,0.0032802624209936795,0,0,49898,49930,72,45,24,23,25,25,0,0,99618,0,0,0,0,0,0,0,0,0,50,324,0,0,0,0,0,0
344,787,345.1028380353234,99992,0,0,4,0,197,131,0.0032802624209936795,0,0,49896,49930,72,44,26,24,26,27,0,0,99615,0,0,0,0,0,0,0,0,0,53,324,0,0,0,0,0,0
345,787,346.09295962195307,99992,0,0,4,0,197,131,0.0032802624209936795,0,0,49894,49928,72,44,28,26,28,29,0,0,99611,0,0,0,0,0,0,0,0,0,57,324,0,0,0,0,0,0
346,787,347.0831210423523,99992,0,0,4,0,197,131,0.0032802624209936795,0,0,49892,49926,72,44,30,28,30,31,0,0,99607,0,0,0,0,0,0,0,0,0,61,324,0,0,0,0,0,0
347,787,348.0733223129234,99992,0,0,4,0,197,131,0.0032802624209936795,0,0,49890,49924,72,44,32,30,32,33,0,0,99603,0,0,0,0,0,0,0,0,0,65,324,0,0,0,0,0,0
348,787,349.0635501784694,99992,0,0,4,0,197,131,0.0032802624209936795,0,0,49890,49923,71,43,33,32,34,35,0,0,99599,0,0,0,0,0,0,0,0,0,69,324,0,0,0,0,0,0
349,787,350.0537847127074,99992,0,0,4,0,197,131,0.0032802624209936795,0,0,49888,49920,70,43,36,35,37,38,0,0,99593,0,0,0,0,0,0,0,0,0,75,324,0,0,0,0,0,0
350,787,351.04405912993,99992,0,0,4,0,197,131,0.0032802624209936795,0,0,49885,49919,70,42,39,37,40,41,0,0,99587,0,0,0,0,0,0,0,0,0,81,324,0,0,0,0,0,0
351,787,352.03439328434916,99992,0,0,4,0,197,131,0.0032802624209936795,0,0,49883,49917,70,41,41,40,43,44,0,0,99581,0,0,0,0,0,0,0,0,0,87,324,0,0,0,0,0,0
352,787,353.02476727583473,99992,0,0,4,0,197,131,0.0032802624209936795,0,0,49880,49913,70,41,44,44,47,48,0,0,99573,0,0,0,0,0,0,0,0,0,95,324,0,0,0,0,0,0
353,787,354.0151944651099,99992,0,0,4,0,197,131,0.0032802624209936795,0,0,49876,49909,70,41,48,48,51,52,0,0,99565,0,0,0,0,0,0,0,0,0,103,324,0,0,0,0,0,0
354,787,355.0057014005443,99992,0,0,4,0,197,131,0.0032802624209936795,0,0,49871,49905,70,41,53,52,56,57,0,0,99555,0,0,0,0,0,0,0,0,0,113,324,0,0,0,0,0,0
355,787,356.3265124254627,99992,0,0,4,0,197,131,0.0032802624209936795,0,0,49866,49900,70,41,58,57,61,62,0,0,99545,0,0,0,0,0,0,0,0,0,123,324,0,0,0,0,0,0
356,787,357.31721209475097,99992,0,0,4,0,197,131,0.0032802624209936795,0,0,49861,49894,70,41,63,63,67,67,0,0,99534,0,0,0,0,0,0,0,0,0,134,324,0,0,0,0,0,0
357,787,358.30801151659983,99992,0,0,4,0,197,131,0.0032802624209936795,0,0,49855,49889,70,41,69,68,73,73,0,0,99522,0,0,0,0,0,0,0,0,0,146,324,0,0,0,0,0,0
358,787,359.29892398831544,99992,0,0,4,0,197,131,0.0032802624209936795,0,0,49849,49882,70,41,75,75,80,80,0,0,99508,0,0,0,0,0,0,0,0,0,160,324,0,0,0,0,0,0
359,787,360.28994958865826,99992,0,0,4,0,197,131,0.0032802624209936795,0,0,49842,49874,70,41,82,83,88,87,0,0,99493,0,0,0,0,0,0,0,0,0,175,324,0,0,0,0,0,0
360,787,361.28111494765943,99992,0,0,4,0,197,131,0.0032802624209936795,0,0,49835,49865,69,41,90,92,97,95,0,0,99476,0,0,0,0,0,0,0,0,0,192,324,0,0,0,0,0,0
361,787,362.2724201442507,99992,0,0,4,0,197,131,0.0032802624209936795,0,0,49826,49856,69,41,99,101,107,104,0,0,99457,0,0,0,0,0,0,0,0,0,211,324,0,0,0,0,0,0
362,787,363.2638918159628,99992,0,0,4,0,197,131,0.0032802624209936795,0,0,49818,49845,68,41,108,112,118,113,0,0,99437,0,0,0,0,0,0,0,0,0,231,324,0,0,0,0,0,0
363,787,364.2555234185159,99992,0,0,4,0,197,131,0.0032802624209936795,0,0,49810,49833,67,41,117,124,130,123,0,0,99415,0,0,0,0,0,0,0,0,0,253,324,0,0,0,0,0,0
364,787,365.24731506047584,99992,0,0,4,0,197,131,0.0032802624209936795,0,0,49799,49820,67,41,128,137,143,134,0,0,99391,0,0,0,0,0,0,0,0,0,277,324,0,0,0,0,0,0
365,787,366.2393134015151,99992,0,0,4,0,197,131,0.0032802624209936795,0,0,49787,49806,67,41,140,151,157,146,0,0,99365,0,0,0,0,0,0,0,0,0,303,324,0,0,0,0,0,0
366,787,367.2315451884312,99992,0,0,4,0,197,131,0.0032802624209936795,0,0,49775,49791,67,41,152,166,172,159,0,0,99337,0,0,0,0,0,0,0,0,0,331,324,0,0,0,0,0,0
367,787,368.2240105705469,99992,0,0,4,0,197,131,0.0032802624209936795,0,0,49762,49775,67,41,165,182,189,173,0,0,99306,0,0,0,0,0,0,0,0,0,362,324,0,0,0,0,0,0
368,787,369.2167363441197,99992,0,0,4,0,197,131,0.0032802624209936795,0,0,49747,49758,67,41,180,199,207,188,0,0,99273,0,0,0,0,0,0,0,0,0,395,324,0,0,0,0,0,0
369,787,370.20974266055543,99992,0,0,4,0,197,131,0.0032802624209936795,0,0,49731,49739,67,41,196,218,227,205,0,0,99236,0,0,0,0,0,0,0,0,0,432,324,0,0,0,0,0,0
370,787,371.2030564663051,99992,0,0,4,0,197,131,0.0032802624209936795,0,0,49714,49717,67,41,213,240,249,223,0,0,99196,0,0,0,0,0,0,0,0,0,472,324,0,0,0,0,0,0
371,787,372.19669807705037,99992,0,0,4,0,197,131,0.0032802624209936795,0,0,49697,49693,66,41,231,264,273,242,0,0,99153,0,0,0,0,0,0,0,0,0,515,324,0,0,0,0,0,0
372,787,373.19068114912255,99992,0,0,4,0,197,131,0.0032802624209936795,0,0,49678,49668,65,41,251,289,299,263,0,0,99106,0,0,0,0,0,0,0,0,0,562,324,0,0,0,0,0,0
373,787,374.1850259956212,99992,0,0,4,0,197,131,0.0032802624209936795,0,0,49659,49641,65,41,270,316,327,285,0,0,99056,0,0,0,0,0,0,0,0,0,612,324,0,0,0,0,0,0
374,787,375.17976642918035,99992,0,0,4,0,197,131,0.0032802624209936795,0,0,49636,49612,65,41,293,345,357,309,0,0,99003,0,0,0,0,0,0,0,0,0,665,323,1,0,0,0,0,0
375,787,376.1749497039728,99992,0,0,4,0,197,131,0.0032802624209936795,0,0,49611,49580,64,41,319,377,390,335,0,0,98945,0,0,0,0,0,0,0,0,0,723,322,2,0,0,0,0,0
376,787,377.17062993818786,99992,0,0,4,0,197,131,0.0032802624209936795,0,0,49585,49547,64,41,345,410,425,362,0,0,98883,0,0,0,0,0,0,0,0,0,785,322,2,0,0,0,0,0
377,787,378.1668277663087,99992,0,0,4,0,197,131,0.0032802624209936795,0,0,49559,49510,63,41,372,447,463,391,0,0,98816,0,0,0,0,0,0,0,0,0,852,322,2,0,0,0,0,0
378,787,379.1635371997352,99992,0,0,4,0,197,131,0.0032802624209936795,0,0,49530,49470,62,40,402,488,504,422,0,0,98744,0,0,0,0,0,0,0,0,0,924,322,2,0,0,0,0,0
379,787,380.1608126645851,99992,0,0,4,0,197,131,0.0032802624209936795,0,0,49500,49429,61,40,433,529,548,455,0,0,98667,0,0,0,0,0,0,0,0,0,1001,322,2,0,0,0,0,0
380,787,381.1586885036991,99992,0,0,4,0,197,131,0.0032802624209936795,0,0,49465,49383,61,39,468,576,595,490,0,0,98585,0,0,0,0,0,0,0,0,0,1083,322,2,0,0,0,0,0
381,787,382.15724649384634,99992,0,0,4,0,197,131,0.0032802624209936795,0,0,49430,49332,61,39,503,627,646,527,0,0,98497,0,0,0,0,0,0,0,0,0,1171,322,2,0,0,0,0,0
382,787,383.1564944819367,99992,0,0,4,0,197,131,0.0032802624209936795,0,0,49393,49283,60,38,541,677,700,567,0,0,98403,0,0,0,0,0,0,0,0,0,1265,322,2,0,0,0,0,0
383,787,384.15648752617227,99992,0,0,4,0,197,131,0.0032802624209936795,0,0,49352,49229,59,38,583,731,758,609,0,0,98304,0,0,0,0,0,0,0,0,0,1364,321,3,0,0,0,0,0
384,787,385.1573080280932,99992,0,0,4,0,197,131,0.0032802624209936795,0,0,49309,49172,58,37,627,789,820,654,0,0,98197,0,0,0,0,0,0,0,0,0,1471,321,3,0,0,0,0,0
385,787,386.1589711510015,99992,0,0,4,0,197,131,0.0032802624209936795,0,0,49265,49108,58,37,671,853,886,701,0,0,98084,0,0,0,0,0,0,0,0,0,1584,321,3,0,0,0,0,0
386,787,387.1615261033654,99992,0,0,4,0,197,131,0.0032802624209936795,0,0,49218,49038,58,37,718,923,957,751,0,0,97963,0,0,0,0,0,0,0,0,0,1705,321,3,0,0,0,0,0
387,787,388.16501553663477,99992,0,0,4,0,197,131,0.0032802624209936795,0,0,49168,48966,58,37,768,995,1032,804,0,0,97835,0,0,0,0,0,0,0,0,0,1833,321,3,0,0,0,0,0
388,787,389.16952315388363,99992,0,0,4,0,197,131,0.0032802624209936795,0,0,49113,48889,58,37,823,1072,1112,860,0,0,97699,0,0,0,0,0,0,0,0,0,1969,321,3,0,0,0,0,0
389,787,390.175119574705,99992,0,0,4,0,197,131,0.0032802624209936795,0,0,49057,48804,58,37,879,1157,1197,919,0,0,97555,0,0,0,0,0,0,0,0,0,2113,321,3,0,0,0,0,0
390,787,391.18185536637486,99992,0,0,4,0,197,131,0.0032802624209936795,0,0,48999,48723,58,36,937,1239,1287,981,0,0,97403,0,0,0,0,0,0,0,0,0,2265,321,3,0,0,0,0,0
391,787,392.1897810992699,99992,0,0,4,0,197,131,0.0032802624209936795,0,0,48937,48630,57,36,1000,1332,1382,1046,0,0,97245,0,0,0,0,0,0,0,0,0,2423,319,5,0,0,0,0,0
392,787,393.19898257135645,99992,0,0,4,0,197,131,0.0032802624209936795,0,0,48873,48534,57,36,1064,1428,1483,1115,0,0,97075,0,0,0,0,0,0,0,0,0,2593,319,5,0,0,0,0,0
393,787,394.20949079583914,99992,0,0,4,0,197,131,0.0032802624209936795,0,0,48805,48429,57,36,1132,1533,1590,1187,0,0,96896,0,0,0,0,0,0,0,0,0,2772,319,5,0,0,0,0,0
394,787,395.2213509737788,99992,0,0,4,0,197,131,0.0032802624209936795,0,0,48735,48321,57,36,1202,1641,1703,1263,0,0,96707,0,0,0,0,0,0,0,0,0,2961,319,5,0,0,0,0,0
395,787,396.23465019495785,99992,0,0,4,0,197,131,0.0032802624209936795,0,0,48662,48206,57,36,1275,1756,1822,1342,0,0,96509,0,0,0,0,0,0,0,0,0,3159,319,5,0,0,0,0,0
396,787,397.2494693605282,99992,0,0,4,0,197,131,0.0032802624209936795,0,0,48583,48084,56,34,1355,1880,1948,1425,0,0,96301,0,0,0,0,0,0,0,0,0,3367,318,6,0,0,0,0,0
397,787,398.26589006894625,99992,0,0,4,0,197,131,0.0032802624209936795,0,0,48502,47958,56,34,1436,2006,2080,1512,0,0,96082,0,0,0,0,0,0,0,0,0,3586,318,6,0,0,0,0,0
398,787,399.28400160026507,99992,0,0,4,0,197,131,0.0032802624209936795,0,0,48421,47826,56,34,1517,2138,2219,1603,0,0,95852,0,0,0,0,0,0,0,0,0,3816,318,6,0,0,0,0,0
399,787,400.30382393982956,99992,0,0,4,0,197,131,0.0032802624209936795,0,0,48328,47683,56,33,1610,2282,2365,1698,0,0,95613,0,0,0,0,0,0,0,0,0,4055,316,8,0,0,0,0,0
400,787,401.3255536981165,99992,0,0,4,0,197,131,0.0032802624209936795,0,0,48233,47532,56,33,1705,2433,2519,1797,0,0,95360,0,0,0,0,0,0,0,0,0,4308,316,8,0,0,0,0,0
401,787,402.0078176314687,99992,0,0,4,0,197,131,0.0032802624209936795,0,0,48130,47374,56,33,1808,2591,2680,1901,0,0,95095,0,0,0,0,0,0,0,0,0,4573,316,8,0,0,0,0,0
402,787,403.0337045675082,99992,0,0,4,0,197,131,0.0032802624209936795,0,0,48033,47210,56,33,1905,2755,2849,2009,0,0,94818,0,0,0,0,0,0,0,0,0,4850,316,8,0,0,0,0,0
403,787,404.0616723491334,99992,0,0,4,0,197,131,0.0032802624209936795,0,0,47929,47043,55,33,2010,2922,3026,2121,0,0,94529,0,0,0,0,0,0,0,0,0,5139,316,8,0,0,0,0,0
404,787,405.0918085155808,99992,0,0,4,0,197,131,0.0032802624209936795,0,0,47825,46864,55,33,2114,3101,3211,2238,0,0,94228,0,0,0,0,0,0,0,0,0,5440,315,9,0,0,0,0,0
405,787,406.124216232609,99992,0,0,4,0,197,131,0.0032802624209936795,0,0,47709,46681,55,32,2230,3285,3404,2360,0,0,93914,0,0,0,0,0,0,0,0,0,5754,314,10,0,0,0,0,0
406,787,407.15907955299036,99992,0,0,4,0,197,131,0.0032802624209936795,0,0,47590,46486,55,32,2349,3480,3606,2486,0,0,93588,0,0,0,0,0,0,0,0,0,6080,312,12,0,0,0,0,0
407,787,408.19652672786265,99992,0,0,4,0,197,131,0.0032802624209936795,0,0,47466,46284,55,32,2473,3682,3817,2617,0,0,93246,0,0,0,0,0,0,0,0,0,6422,312,12,0,0,0,0,0
408,787,409.23664418935954,99992,0,0,4,0,197,131,0.0032802624209936795,0,0,47337,46078,55,32,2602,3888,4036,2753,0,0,92891,0,0,0,0,0,0,0,0,0,6777,312,12,0,0,0,0,0
409,787,410.2795708561823,99992,0,0,4,0,197,131,0.0032802624209936795,0,0,47206,45859,55,31,2733,4108,4264,2894,0,0,92523,0,0,0,0,0,0,0,0,0,7145,311,13,0,0,0,0,0
410,787,411.3253887025114,99992,0,0,4,0,197,131,0.0032802624209936795,0,0,47069,45631,55,31,2870,4336,4501,3040,0,0,92141,0,0,0,0,0,0,0,0,0,7527,310,14,0,0,0,0,0
411,787,412.02426575960817,99992,0,0,4,0,197,131,0.0032802624209936795,0,0,46925,45392,55,31,3014,4575,4747,3191,0,0,91744,0,0,0,0,0,0,0,0,0,7924,310,14,0,0,0,0,0
412,787,413.07622961350256,99992,0,0,4,0,197,131,0.0032802624209936795,0,0,46788,45146,53,31,3153,4821,5003,3347,0,0,91334,0,0,0,0,0,0,0,0,0,8334,308,16,0,0,0,0,0
413,787,414.13125627083997,99992,0,0,4,0,197,131,0.0032802624209936795,0,0,46645,44892,51,30,3298,5076,5268,3508,0,0,90914,0,0,0,0,0,0,0,0,0,8754,302,22,0,0,0,0,0
414,787,415.1895379386402,99992,0,0,4,0,197,131,0.0032802624209936795,0,0,46489,44638,51,30,3454,5330,5542,3675,0,0,90475,0,0,0,0,0,0,0,0,0,9193,300,24,0,0,0,0,0
415,787,416.2513004688792,99992,0,0,4,0,197,131,0.0032802624209936795,0,0,46338,44375,50,30,3606,5593,5826,3847,0,0,90020,0,0,0,0,0,0,0,0,0,9648,299,25,0,0,0,0,0
416,787,417.3165671934073,99992,0,0,4,0,197,131,0.0032802624209936795,0,0,46170,44098,49,30,3775,5870,6119,4024,0,0,89552,0,0,0,0,0,0,0,0,0,10116,297,27,0,0,0,0,0
417,787,418.0288694969585,99992,0,0,4,0,197,131,0.0032802624209936795,0,0,45994,43808,49,30,3951,6160,6422,4206,0,0,89067,0,0,0,0,0,0,0,0,0,10601,297,27,0,0,0,0,0
418,787,419.1020164131299,99992,0,0,4,0,197,131,0.0032802624209936795,0,0,45822,43523,49,30,4123,6445,6734,4394,0,0,88567,0,0,0,0,0,0,0,0,0,11101,297,27,0,0,0,0,0
419,787,420.1791902449707,99992,0,0,4,0,197,131,0.0032802624209936795,25,24,45621,43207,49,30,4299,6737,7056,4587,0,0,88052,0,0,0,0,0,0,0,0,0,11616,297,27,0,0,0,0,0
420,787,421.0639086325398,99992,8,3,4,0,205,134,0.003390271221697736,17,21,45435,42893,49,30,4485,7051,7387,4785,0,0,87526,0,0,0,0,0,0,0,0,0,12142,294,30,0,0,0,0,0
421,787,422.07577705722105,99992,14,7,4,0,213,139,0.0035202816225298026,13,18,45246,42575,50,30,4671,7368,7727,4988,0,0,86982,2,1,0,0,0,0,0,0,0,12683,293,31,0,0,0,0,0
422,787,423.0506672856972,99992,15,11,4,0,214,144,0.003580286422913833,12,16,45055,42244,50,31,4862,7696,8077,5196,0,0,86427,3,1,0,0,0,0,0,0,0,13237,289,35,0,0,0,0,0
423,787,424.1287305506912,99992,15,14,4,0,219,149,0.0036802944235538844,12,12,44850,41910,54,33,5063,8029,8436,5410,0,0,85848,10,1,0,0,0,0,0,0,0,13809,288,36,0,0,0,0,0
424,787,425.23573133967466,99992,10,10,4,0,221,150,0.0037102968237458997,11,11,44645,41568,60,38,5268,8371,8804,5629,0,0,85254,21,2,0,0,0,0,0,0,0,14391,284,40,0,0,0,0,0
425,787,426.23415162797335,99992,11,11,4,0,226,153,0.003790303224257941,8,10,44434,41215,63,40,5478,8722,9181,5853,0,0,84649,26,3,0,0,0,0,0,0,0,14990,283,41,0,0,0,0,0
426,787,427.16465983822314,99992,11,13,4,0,229,157,0.0038603088247059765,7,8,44224,40858,66,42,5686,9077,9566,6082,0,0,84034,31,3,0,0,0,0,0,0,0,15600,279,45,0,0,0,0,0
427,787,428.03271486781153,99992,11,11,4,0,232,158,0.003900312024961997,13,8,43994,40486,68,45,5908,9448,9960,6316,0,0,83407,32,8,0,0,0,0,0,0,0,16221,277,47,0,0,0,0,0
428,787,429.0070897591529,99992,14,12,4,0,237,160,0.003970317625410033,14,5,43764,40114,70,46,6132,9821,10362,6555,0,0,82765,33,10,0,0,0,0,0,0,0,16860,277,47,0,0,0,0,0
429,787,430.16027511799865,99992,15,11,4,0,239,161,0.004000320025602048,17,7,43539,39743,71,48,6352,10189,10772,6798,0,0,82110,35,11,0,0,0,0,0,0,0,17512,277,47,0,0,0,0,0
430,787,431.11306735982635,99992,16,11,4,0,242,161,0.0040303224257940634,26,12,43290,39354,72,48,6590,10573,11189,7046,0,0,81446,36,12,0,0,0,0,0,0,0,18174,275,49,0,0,0,0,0
431,787,432.0660292166243,99992,13,12,4,0,242,164,0.004060324825986079,33,13,43063,38954,75,49,6810,10970,11614,7298,0,0,80767,41,12,0,0,0,0,0,0,0,18848,272,52,0,0,0,0,0
432,787,433.15679624370614,99992,21,13,4,0,254,167,0.004210336826946156,24,12,42827,38567,78,50,7044,11356,12046,7555,0,0,80078,46,13,0,0,0,0,0,0,0,19531,267,57,0,0,0,0,0
433,787,434.2835338566234,99992,27,11,4,0,261,169,0.004300344027522202,24,18,42592,38166,78,52,7273,11751,12485,7816,0,0,79379,49,15,0,0,0,0,0,0,0,20225,263,61,0,0,0,0,0
434,787,435.0469469432184,99992,27,12,4,0,264,172,0.004360348827906232,28,19,42338,37747,80,54,7521,12166,12930,8081,0,0,78667,53,16,0,0,0,0,0,0,0,20932,261,63,0,0,0,0,0
435,787,436.2593059437292,99992,34,16,4,0,274,178,0.004520361628930315,27,19,42094,37347,82,56,7757,12560,13381,8350,0,0,77945,58,16,0,0,0,0,0,0,0,21649,258,66,0,0,0,0,0
436,787,437.08451715932273,99992,35,19,4,0,280,182,0.0046203696295703655,24,18,41844,36925,85,57,8006,12979,13838,8623,0,0,77213,63,17,0,0,0,0,0,0,0,22375,255,69,0,0,0,0,0
437,787,438.23955143088585,99992,38,17,4,0,287,184,0.004710376830146411,25,21,41590,36510,89,61,8252,13389,14300,8900,0,0,76469,68,20,0,0,0,0,0,0,0,23111,255,69,0,0,0,0,0
438,787,439.04803302867435,99992,42,18,4,0,292,187,0.004790383230658453,26,18,41315,36067,89,63,8522,13832,14767,9180,0,0,75721,70,21,0,0,0,0,0,0,0,23856,254,70,0,0,0,0,0
439,787,440.30188942430135,99992,40,20,4,0,298,193,0.004910392831426514,28,22,41080,35673,97,63,8749,14220,15238,9464,0,0,74959,80,23,0,0,0,0,0,0,0,24606,251,73,0,0,0,0,0
440,787,441.28336843057497,99992,42,26,4,0,306,199,0.005050404032322586,36,23,40816,35236,103,62,8997,14651,15714,9751,0,0,74192,85,24,0,0,0,0,0,0,0,25367,250,74,0,0,0,0,0
441,787,442.2710850188345,99992,44,29,4,0,314,204,0.005180414433154652,37,23,40546,34805,108,64,9259,15077,16193,10041,0,0,73417,92,25,0,0,0,0,0,0,0,26134,249,75,0,0,0,0,0
442,787,443.2652995809195,99992,43,31,4,0,321,210,0.005310424833986719,47,20,40274,34377,114,66,9516,15504,16675,10334,0,0,72636,101,28,0,0,0,0,0,0,0,26903,246,78,0,0,0,0,0
443,787,444.21708818625723,99992,54,25,4,0,336,214,0.005500440035202816,41,22,40014,33945,117,76,9768,15930,17160,10630,0,0,71844,113,30,0,0,0,0,0,0,0,27681,245,79,0,0,0,0,0
444,787,445.22438294369533,99992,57,32,4,0,348,225,0.005730458436674934,44,16,39736,33510,125,79,10032,16361,17648,10928,0,0,71052,122,34,0,0,0,0,0,0,0,28460,242,82,0,0,0,0,0
445,787,446.0950055670867,99992,58,36,4,0,351,229,0.00580046403712297,46,15,39465,33045,127,78,10298,16824,18137,11228,0,0,70266,123,35,0,0,0,0,0,0,0,29244,238,86,0,0,0,0,0
446,787,447.18514982986903,99992,58,35,4,0,361,233,0.005940475238019042,52,26,39210,32630,130,81,10544,17226,18628,11530,0,0,69471,127,46,0,0,0,0,0,0,0,30024,236,88,0,0,0,0,0
447,787,448.14468485945537,99992,56,31,4,0,368,240,0.006080486438915113,59,28,38928,32190,138,90,10813,17659,19120,11834,0,0,68667,139,54,0,0,0,0,0,0,0,30808,232,92,0,0,0,0,0
448,787,449.1797173669006,99992,70,34,4,0,385,248,0.006330506440515241,53,30,38650,31751,140,95,11081,18088,19613,12140,0,0,67865,144,57,0,0,0,0,0,0,0,31602,230,94,0,0,0,0,0
449,787,450.2220285400026,99992,70,35,4,0,398,253,0.006510520841667334,52,34,38369,31302,150,95,11353,18532,20106,12448,0,0,67058,153,65,0,0,0,0,0,0,0,32392,227,97,0,0,0,0,0
450,787,451.27198300733784,99992,66,37,4,0,412,263,0.006750540043203457,58,36,38085,30867,168,101,11617,18957,20599,12757,0,0,66243,169,75,0,0,0,0,0,0,0,33181,224,100,0,0,0,0,0
451,787,452.32976858665467,99992,73,49,4,0,431,280,0.007110568845507641,58,28,37796,30427,179,106,11888,19388,21091,13067,0,0,65427,183,78,0,0,0,0,0,0,0,33980,224,100,0,0,0,0,0
452,787,453.0393537667955,99992,71,51,4,0,441,284,0.007250580046403712,58,27,37524,29987,184,103,12157,19830,21582,13378,0,0,64624,190,85,0,0,0,0,0,0,0,34769,218,106,0,0,0,0,0
453,787,454.1128558111294,99992,70,51,4,0,451,293,0.00744059524761981,67,28,37257,29557,194,110,12406,20252,22071,13689,0,0,63815,202,93,0,0,0,0,0,0,0,35558,215,109,0,0,0,0,0
454,787,455.19392543216844,99992,79,46,4,0,470,298,0.007680614449155933,58,30,36987,29125,203,118,12667,20679,22559,14001,0,0,63003,217,98,0,0,0,0,0,0,0,36350,212,112,0,0,0,0,0
455,787,456.2829649495315,99992,95,47,4,0,495,308,0.008030642451396112,56,39,36697,28698,210,125,12936,21089,23044,14313,0,0,62197,226,107,0,0,0,0,0,0,0,37138,212,112,0,0,0,0,0
456,787,457.01359684327895,99992,97,51,4,0,508,316,0.008240659252740219,53,36,36423,28259,219,128,13202,21524,23527,14625,0,0,61395,237,111,0,0,0,0,0,0,0,37925,208,116,0,0,0,0,0
457,787,458.1191406849643,99992,100,49,4,0,522,325,0.008470677654212336,63,35,36148,27855,226,135,13457,21924,24007,14937,0,0,60590,251,119,0,0,0,0,0,0,0,38708,207,117,0,0,0,0,0
458,787,459.2330117707971,99992,98,43,4,0,541,335,0.008760700856068485,67,35,35865,27452,245,151,13719,22317,24484,15249,0,0,59776,278,129,0,0,0,0,0,0,0,39485,205,119,0,0,0,0,0
459,787,460.3554720953424,99992,108,51,4,0,564,348,0.00912072965837267,69,38,35602,27051,253,154,13962,22704,24957,15560,0,0,58983,289,136,0,0,0,0,0,0,0,40260,203,121,0,0,0,0,0
460,787,461.1083550889953,99992,106,54,4,0,572,363,0.009350748059844788,75,27,35312,26644,261,161,14240,23112,25426,15870,0,0,58195,301,146,0,0,0,0,0,0,0,41026,200,124,0,0,0,0,0
461,787,462.2483718191619,99992,126,55,4,0,605,375,0.009800784062725018,66,30,35036,26270,271,170,14495,23473,25891,16179,0,0,57411,314,156,0,1,0,0,0,0,0,41787,197,126,0,0,0,0,0
462,787,463.0133020609414,99992,121,59,4,0,611,383,0.009940795263621089,82,26,34759,25870,274,173,14758,23870,26351,16487,0,0,56647,315,170,0,1,0,0,0,0,0,42536,192,131,0,0,0,0,0
463,787,464.1712715230569,99992,123,56,4,0,635,389,0.010240819265541243,90,34,34493,25497,293,179,14995,24232,26807,16794,0,0,55868,332,184,0,1,0,0,0,0,0,43284,191,132,0,0,0,0,0
464,787,465.33796569763416,99992,136,62,4,0,667,398,0.010650852068165453,90,36,34229,25131,310,179,15229,24590,27258,17100,0,0,55098,345,193,0,1,0,0,0,0,0,44032,191,132,0,0,0,0,0
465,787,466.1205742850557,99991,133,61,5,0,685,407,0.010920982888459961,99,34,33944,24742,326,185,15491,24976,27704,17404,0,0,54333,361,205,2,1,0,0,0,0,0,44768,187,134,0,0,0,0,0
466,787,467.3057796750784,99991,140,61,5,0,719,422,0.011411026992429319,99,32,33686,24395,350,191,15718,25319,28144,17706,0,0,53578,380,228,2,1,0,0,0,0,0,45481,181,140,0,0,0,0,0
467,787,468.1009021619496,99991,145,58,5,0,741,429,0.01170105309477853,101,35,33416,24028,360,197,15971,25680,28579,18007,0,0,52837,386,249,2,1,0,0,0,0,0,46195,180,141,0,0,0,0,0
468,787,469.30481537125723,99991,148,66,5,0,768,444,0.012121090898180836,113,36,33153,23722,380,201,16199,25973,29008,18306,0,0,52094,402,264,2,1,0,0,0,0,0,46907,179,142,0,0,0,0,0
469,787,470.1125431482756,99991,159,68,5,0,791,453,0.01244111970077307,117,43,32890,23353,388,206,16439,26328,29431,18602,0,0,51368,411,274,2,1,0,0,0,0,0,47614,177,144,0,0,0,0,0
470,787,471.33525333155603,99991,166,77,5,0,830,470,0.013001170105309478,118,47,32628,23045,417,209,16664,26620,29848,18896,0,0,50641,429,294,3,1,0,0,0,0,0,48302,174,147,0,0,0,0,0
471,787,472.1557099720953,99991,179,75,5,0,855,482,0.013371203408306748,114,42,32373,22700,423,218,16904,26963,30259,19188,0,0,49932,438,311,3,1,0,0,0,0,0,48985,171,150,0,0,0,0,0
472,787,473.39768838899056,99991,196,66,5,0,901,488,0.013891250212519126,113,54,32131,22409,450,233,17103,27236,30663,19477,0,0,49213,465,328,3,1,0,0,0,0,0,49660,170,151,0,0,0,0,0
473,787,474.23070896823725,99991,188,71,5,0,920,499,0.014191277214949345,129,56,31869,22074,471,237,17336,27560,31061,19764,0,0,48514,478,346,4,1,0,0,0,0,0,50327,170,151,0,0,0,0,0
474,787,475.07057217930696,99991,193,74,5,0,952,509,0.014611315018351652,129,64,31611,21760,493,238,17567,27862,31452,20048,0,0,47824,497,361,4,1,0,0,0,0,0,50983,166,155,0,0,0,0,0
475,787,476.34192403435793,99991,196,83,5,0,991,530,0.015211369023212089,132,69,31383,21484,517,246,17765,28116,31837,20329,0,0,47139,518,388,4,1,0,0,0,0,0,51620,164,157,0,0,0,0,0
476,787,477.1947361057641,99991,194,88,5,0,1016,546,0.015621405926533388,135,72,31151,21176,537,250,17976,28412,32215,20607,0,0,46469,534,410,4,1,0,0,0,0,0,52252,162,159,0,0,0,0,0
477,787,478.05382740593546,99989,201,91,6,1,1042,561,0.016031763493984337,155,67,30906,20896,547,259,18183,28684,32586,20882,0,0,45812,547,426,4,1,0,0,0,0,0,52878,160,161,0,0,0,0,0
478,787,479.35381128243654,99989,212,92,6,1,1086,582,0.016681835001850203,162,82,30686,20649,574,275,18358,28899,32951,21154,0,0,45151,574,452,4,1,0,0,0,0,0,53486,157,164,0,0,0,0,0
479,787,480.22527592756234,99989,207,100,6,1,1108,596,0.017041874606206684,179,86,30453,20380,597,273,18556,29158,33309,21423,0,0,44513,588,471,4,1,0,0,0,0,0,54091,154,167,0,0,0,0,0
480,787,481.1034365346012,99989,227,106,6,1,1158,615,0.017731950514556602,167,80,30229,20128,620,280,18749,29403,33660,21689,0,0,43879,608,494,4,1,0,0,0,0,0,54682,151,170,0,0,0,0,0
481,787,482.4319837624431,99989,236,108,6,1,1214,639,0.018532038524237668,176,79,30010,19918,663,293,18907,29599,34004,21951,0,0,43246,640,530,4,2,0,0,0,0,0,55247,146,174,0,0,0,0,0
482,787,483.3226920027243,99989,243,117,6,1,1248,658,0.01906209683065137,172,73,29807,19659,679,296,19091,29852,34342,22210,0,0,42642,647,560,4,2,0,0,0,0,0,55814,146,174,0,0,0,0,0
483,787,484.21976621601016,99989,228,113,6,1,1271,677,0.01948214303573393,199,71,29581,19407,708,314,19276,30092,34673,22466,0,0,42036,669,599,4,2,0,0,0,0,0,56359,143,177,0,0,0,0,0
484,787,485.12355322135045,99989,237,111,6,1,1311,692,0.020032203542389663,206,72,29366,19166,736,329,19447,30319,34997,22718,0,0,41439,690,626,4,2,0,0,0,0,0,56908,143,177,0,0,0,0,0
485,787,486.03386563806635,99988,249,112,6,2,1352,707,0.020592471096531582,203,71,29157,18940,754,336,19629,30537,35315,22967,0,0,40861,703,655,4,2,0,0,0,0,0,57443,141,179,0,0,0,0,0
486,787,487.4103722999909,99988,273,123,6,2,1419,736,0.021552586310357242,209,68,28966,18758,789,350,19755,30697,35626,23212,0,0,40279,730,689,4,2,0,0,0,0,0,57964,140,180,0,0,0,0,0
487,787,488.33284993668605,99988,289,124,6,2,1468,753,0.022212665519862382,191,58,28771,18549,815,360,19926,30905,35930,23454,0,0,39719,745,723,4,2,0,0,0,0,0,58475,139,181,0,0,0,0,0
488,787,489.26189110887293,99988,310,127,6,2,1519,768,0.022872744729367525,199,69,28564,18351,837,365,20082,31084,36228,23692,0,0,39175,755,755,4,2,0,0,0,0,0,58977,137,183,0,0,0,0,0
489,787,490.19706360623945,99988,314,132,6,2,1569,793,0.02362283474016882,195,75,28369,18132,873,381,20241,31276,36519,23927,0,0,38626,778,796,5,2,0,0,0,0,0,59461,136,184,0,0,0,0,0
490,787,491.13871576718395,99988,322,129,6,2,1618,813,0.024312917550106013,202,71,28175,17941,903,402,20390,31453,36804,24158,0,0,38085,804,832,6,2,0,0,0,0,0,59939,134,186,0,0,0,0,0
491,787,492.08677798072796,99988,334,123,6,2,1674,831,0.02505300636076329,195,73,28002,17781,937,420,20524,31599,37083,24385,0,0,37565,820,884,6,2,0,0,0,0,0,60391,132,188,0,0,0,0,0
492,787,493.0407797820089,99988,329,128,6,2,1712,854,0.025663079569548344,216,73,27827,17596,967,433,20653,31766,37355,24609,0,0,37055,836,929,6,2,0,0,0,0,0,60840,130,190,0,0,0,0,0
493,787,494.0006127591865,99988,340,133,6,2,1763,873,0.026363163579629555,216,84,27648,17412,997,443,20791,31924,37621,24829,0,0,36549,857,962,6,2,0,0,0,0,0,61292,129,191,0,0,0,0,0
494,787,495.4507375712985,99987,343,125,6,3,1845,898,0.02743356636362727,234,92,27495,17317,1063,467,20857,31994,37881,25046,0,0,36020,910,1019,6,3,0,0,0,0,0,61710,127,192,0,0,0,0,0
495,787,496.422038428304,99987,358,125,6,3,1897,920,0.0281736625761349,241,94,27316,17144,1091,485,20986,32147,38135,25259,0,0,35526,938,1050,6,3,0,0,0,0,0,62145,126,193,0,0,0,0,0
496,787,497.39917365517823,99987,372,129,6,3,1953,938,0.028913758788642524,247,101,27137,17006,1124,493,21112,32266,38383,25468,0,0,35061,946,1098,6,3,0,0,0,0,0,62554,126,193,0,0,0,0,0
497,787,498.3825076323163,99987,376,143,6,3,2010,966,0.02976386930300939,240,94,26978,16869,1169,502,21229,32387,38625,25674,0,0,34587,974,1137,5,4,0,0,0,0,0,62961,125,194,0,0,0,0,0
498,787,499.3718811984042,99987,375,155,6,3,2073,997,0.030703991518897456,233,92,26824,16722,1223,515,21337,32511,38862,25876,0,0,34111,1011,1181,6,4,0,0,0,0,0,63355,124,195,0,0,0,0,0
499,787,500.36697598681525,99987,394,164,6,3,2142,1019,0.03161410983427845,225,100,26681,16599,1258,521,21434,32611,39093,26075,0,0,33661,1033,1222,6,4,0,0,0,0,0,63742,122,197,0,0,0,0,0
500,787,501.3673079604689,99987,383,171,6,3,2194,1050,0.03244421774830728,237,90,26536,16486,1307,540,21529,32708,39319,26270,0,0,33218,1057,1281,7,6,0,0,0,0,0,64101,119,198,0,0,0,0,0
501,787,502.3733220167437,99987,382,171,6,3,2251,1072,0.033234320461660014,253,96,26373,16364,1354,558,21630,32806,39539,26462,0,0,32777,1089,1329,7,6,0,0,0,0,0,64462,116,201,0,0,0,0,0
502,787,503.3849171213162,99986,394,170,7,3,2314,1094,0.034084771868061525,258,106,26227,16261,1391,572,21721,32886,39754,26650,0,0,32355,1107,1382,7,7,0,0,0,0,0,64811,116,201,0,0,0,0,0
503,787,504.40206957060997,99986,400,181,7,3,2373,1124,0.03497489648550797,265,103,26101,16148,1434,587,21791,32976,39964,26835,0,0,31934,1133,1428,7,7,0,0,0,0,0,65160,116,201,0,0,0,0,0
504,787,505.42429491745463,99986,417,188,7,3,2442,1149,0.03591502810393455,285,106,25942,16055,1474,601,21873,33045,40169,27016,0,0,31519,1162,1469,7,7,0,0,0,0,0,65505,116,201,0,0,0,0,0
505,787,506.4520822738146,99986,437,189,7,3,2512,1178,0.036905166723341265,295,115,25792,15953,1513,623,21954,33115,40369,27194,0,0,31114,1189,1518,7,8,0,0,0,0,0,65833,116,201,0,0,0,0,0
506,787,507.4854734908526,99986,471,190,7,3,2606,1211,0.038175344548236755,282,111,25666,15862,1557,647,22015,33185,40564,27369,0,0,30716,1215,1580,9,8,0,0,0,0,0,66141,116,201,0,0,0,0,0
507,787,508.00337126701595,99986,461,188,7,3,2643,1229,0.038725421559018265,281,112,25520,15711,1594,662,22135,33322,40754,27540,0,0,30339,1233,1627,9,9,0,0,0,0,0,66452,114,203,0,0,0,0,0
508,787,509.0478839211998,99985,465,178,8,3,2726,1258,0.03984597689653448,278,117,25385,15624,1661,695,22201,33381,40939,27708,0,0,29949,1269,1704,10,10,0,0,0,0,0,66726,113,204,0,0,0,0,0
509,787,510.0977200525054,99985,476,185,8,3,2802,1291,0.04093614042106316,278,124,25268,15568,1711,710,22257,33408,41119,27873,0,0,29582,1293,1769,10,11,0,0,0,0,0,67003,111,206,0,0,0,0,0
510,787,511.1527588858303,99985,467,192,8,3,2864,1320,0.04184627694154123,286,129,25161,15505,1771,729,22305,33440,41295,28035,0,0,29207,1328,1821,12,12,0,0,0,0,0,67288,111,206,0,0,0,0,0
511,787,512.2121969715743,99985,475,191,8,3,2943,1352,0.04295644346651998,290,119,25065,15432,1825,751,22335,33502,41467,28194,0,0,28848,1357,1896,12,12,0,0,0,0,0,67543,110,207,0,0,0,0,0
512,787,513.2759488925374,99985,485,197,8,3,3026,1388,0.044146621993298996,268,121,24984,15381,1880,773,22373,33523,41634,28350,0,0,28506,1379,1973,13,13,0,0,0,0,0,67784,106,211,0,0,0,0,0
513,787,514.343395552454,99985,484,213,8,3,3089,1424,0.04513677051557734,282,130,24875,15333,1931,786,22418,33533,41797,28502,0,0,28162,1410,2020,13,16,0,0,0,0,0,68047,104,213,0,0,0,0,0
514,787,515.4149805525295,99985,480,224,8,3,3159,1466,0.04625693854078112,298,125,24760,15299,1986,812,22466,33535,41956,28651,0,0,27826,1438,2092,15,17,0,0,0,0,0,68281,102,214,0,0,0,0,0
515,787,516.4912997769326,99985,467,231,8,3,3222,1498,0.047207081062159324,316,121,24673,15273,2044,828,22490,33542,42111,28798,0,0,27501,1460,2169,16,17,0,0,0,0,0,68506,102,214,0,0,0,0,0
516,787,517.0302514966716,99985,494,230,8,3,3280,1514,0.047947192078811825,305,129,24557,15180,2069,842,22565,33614,42262,28942,0,0,27191,1476,2197,16,19,0,0,0,0,0,68770,101,215,0,0,0,0,0
517,787,518.115455109776,99985,494,248,8,3,3360,1560,0.049207381107166076,309,127,24456,15135,2129,863,22602,33622,42409,29083,0,0,26862,1518,2263,15,20,0,0,0,0,0,68991,101,215,0,0,0,0,0
518,787,519.2048059132269,99985,497,239,8,3,3451,1589,0.05040756113417012,286,143,24385,15105,2199,892,22623,33616,42552,29221,0,0,26542,1558,2346,15,22,0,0,0,0,0,69187,100,215,0,0,0,0,0
519,787,520.2975605003597,99985,509,235,8,3,3540,1623,0.051637745661849276,267,142,24315,15088,2257,924,22642,33606,42692,29356,0,0,26223,1603,2414,15,23,0,0,0,0,0,69392,99,216,0,0,0,0,0
520,787,521.3937756911328,99985,500,220,8,3,3616,1662,0.05278791818772816,262,141,24245,15081,2322,965,22661,33588,42828,29488,0,0,25924,1635,2521,15,23,0,0,0,0,0,69552,98,217,0,0,0,0,0
521,787,522.4933061437151,99984,479,225,8,4,3687,1702,0.05389862377980477,262,145,24167,15066,2397,993,22685,33565,42961,29618,0,0,25613,1678,2596,19,23,0,0,0,0,0,69740,98,217,0,0,0,0,0
522,787,523.0438605537994,99984,477,228,8,4,3724,1725,0.054498719795167225,253,133,24081,15002,2421,1004,22758,33627,43090,29745,0,0,25354,1680,2647,20,25,0,0,0,0,0,69943,98,217,0,0,0,0,0
523,787,524.1517585145667,99982,467,231,9,5,3792,1768,0.05561000980176432,250,122,24019,14984,2476,1033,22777,33623,43216,29869,0,0,25083,1701,2740,21,25,0,0,0,0,0,70097,97,218,0,0,0,0,0
524,787,525.2625848269207,99981,451,223,10,5,3855,1798,0.056540742741120815,268,115,23937,14999,2537,1065,22795,33591,43339,29991,0,0,24806,1733,2822,21,26,0,0,0,0,0,70258,97,218,0,0,0,0,0
525,787,526.3774365213163,99981,431,226,10,5,3922,1829,0.057520928976505535,255,117,23900,14990,2597,1079,22805,33581,43459,30110,0,0,24550,1750,2912,21,30,0,0,0,0,0,70403,97,218,0,0,0,0,0
526,787,527.4946446887003,99981,439,219,10,5,4002,1850,0.05853112091297347,235,121,23869,14979,2648,1093,22797,33581,43576,30227,0,0,24303,1765,2995,20,32,0,0,0,0,0,70551,96,219,0,0,0,0,0
527,787,528.0530407758162,99981,442,220,10,5,4031,1868,0.05900121022994369,242,113,23781,14942,2662,1102,22861,33616,43690,30341,0,0,24069,1771,3032,20,32,0,0,0,0,0,70742,96,219,0,0,0,0,0
528,787,529.1756900053828,99981,441,213,10,5,4102,1895,0.059981396465328414,241,113,23736,14937,2714,1125,22856,33605,43801,30453,0,0,23827,1789,3114,22,33,0,0,0,0,0,70881,95,220,0,0,0,0,0
529,787,530.3008632292583,99980,436,215,11,5,4170,1930,0.0610122024404881,249,115,23684,14942,2768,1152,22850,33569,43909,30563,0,0,23586,1813,3190,22,36,0,0,0,0,0,71019,94,220,0,0,0,0,0
530,787,531.4283276304144,99980,424,217,11,5,4242,1962,0.06205241048209642,237,114,23643,14950,2834,1171,22849,33541,44014,30670,0,0,23352,1834,3271,23,41,0,0,0,0,0,71145,94,220,0,0,0,0,0
531,787,532.5581189520261,99980,421,216,11,5,4307,2000,0.06308261652330466,251,119,23584,14971,2881,1203,22850,33484,44116,30775,0,0,23119,1861,3347,23,43,0,0,0,0,0,71273,93,221,0,0,0,0,0
532,787,533.123548478763,99980,406,226,11,5,4334,2027,0.06362272454490898,248,105,23521,14924,2906,1215,22906,33523,44216,30878,0,0,22910,1866,3391,25,46,0,0,0,0,0,71428,92,222,0,0,0,0,0
533,787,534.2594199173669,99980,418,225,11,5,4399,2060,0.06460292058411682,238,104,23490,14938,2941,1240,22900,33486,44313,30979,0,0,22699,1876,3458,28,48,0,0,0,0,0,71557,92,222,0,0,0,0,0
534,787,535.3969223793241,99980,414,215,11,5,4460,2087,0.06548309661932386,233,113,23463,14960,2984,1268,22893,33437,44408,31078,0,0,22492,1890,3540,28,51,0,0,0,0,0,71665,91,223,0,0,0,0,0
535,787,536.5357870246665,99979,435,214,11,6,4529,2131,0.06661398893767691,249,109,23438,14990,3011,1306,22854,33373,44500,31175,0,0,22296,1896,3620,30,52,0,0,0,0,0,71771,90,224,0,0,0,0,0
536,787,537.1052024477035,99979,430,206,11,6,4559,2145,0.06705408135708499,258,110,23370,14958,3034,1322,22895,33396,44590,31270,0,0,22108,1898,3666,31,56,0,0,0,0,0,71907,90,223,0,0,0,0,0
537,787,538.2480702568034,99979,442,197,11,6,4638,2174,0.068134308204723,264,113,23327,14998,3081,1348,22873,33336,44678,31363,0,0,21904,1918,3743,34,57,0,0,0,0,0,72010,90,223,0,0,0,0,0
538,787,539.3928392813165,99978,452,184,12,6,4713,2196,0.06910520314469183,245,112,23305,15038,3125,1376,22859,33282,44764,31454,0,0,21700,1943,3811,36,58,0,0,0,0,0,72117,90,223,0,0,0,0,0
539,787,540.5392071086011,99978,447,181,12,6,4782,2227,0.07010542319310248,245,111,23285,15086,3178,1399,22831,33215,44847,31543,0,0,21504,1966,3888,38,60,0,0,0,0,0,72209,89,224,0,0,0,0,0
540,787,541.1124905361013,99978,459,174,12,6,4823,2235,0.0705955310168237,239,121,23235,15059,3199,1410,22854,33228,44928,31630,0,0,21335,1967,3927,39,61,0,0,0,0,0,72336,88,225,0,0,0,0,0
541,787,542.2624727762588,99977,439,180,13,6,4885,2276,0.07162647408904048,237,114,23224,15092,3258,1436,22827,33170,45007,31715,0,0,21140,1997,4008,40,63,0,0,0,0,0,72417,87,225,0,0,0,0,0
542,787,543.4134806266645,99977,442,174,13,6,4957,2305,0.07263670644248177,222,116,23201,15127,3317,1458,22803,33117,45084,31798,0,0,20959,2016,4075,43,69,0,0,0,0,0,72503,86,226,0,0,0,0,0
543,787,544.5653574121491,99977,439,177,13,6,5020,2339,0.07360692959380657,227,103,23208,15181,3355,1483,22756,33048,45159,31879,0,0,20789,2032,4153,43,69,1,0,0,0,0,72578,84,228,0,0,0,0,0
544,787,545.1410314939837,99977,433,168,13,6,5052,2349,0.07402702621602969,234,107,23170,15188,3380,1496,22768,33033,45232,31959,0,0,20630,2038,4202,43,70,1,0,0,0,0,72681,84,228,0,0,0,0,0
545,787,546.2949762589723,99977,421,169,13,6,5117,2381,0.0749972493673545,230,95,23166,15230,3436,1518,22732,32980,45304,32037,0,0,20446,2071,4273,45,70,1,0,0,0,0,72759,83,229,0,0,0,0,0
546,787,547.4493952233852,99977,416,165,13,6,5175,2403,0.07579743340968423,242,87,23172,15283,3470,1535,22685,32922,45374,32113,0,0,20287,2084,4347,46,70,1,0,0,0,0,72830,82,230,0,0,0,0,0
547,787,548.0260006499145,99977,402,161,13,6,5197,2416,0.07614751392820349,245,92,23142,15275,3491,1543,22705,32921,45442,32188,0,0,20138,2090,4390,46,72,1,0,0,0,0,72928,82,230,0,0,0,0,0
548,787,549.1818910803673,99977,396,166,13,6,5269,2444,0.07714774398111565,221,84,23149,15336,3541,1554,22678,32852,45508,32261,0,0,19978,2112,4459,45,78,1,0,0,0,0,72992,82,230,0,0,0,0,0
549,787,550.3379704165502,99977,408,173,13,6,5334,2469,0.07804795102873661,215,90,23150,15396,3570,1559,22642,32774,45573,32333,0,0,19835,2120,4516,45,81,1,0,0,0,0,73067,80,232,0,0,0,0,0
550,787,551.493465426908,99977,409,165,13,6,5401,2493,0.07895816037688669,202,89,23190,15469,3607,1583,22577,32686,45636,32403,0,0,19687,2135,4593,45,84,1,0,0,0,0,73120,80,232,0,0,0,0,0
551,787,552.0702647203417,99977,396,160,13,6,5429,2503,0.0793382477969933,216,95,23142,15477,3638,1592,22593,32668,45697,32472,0,0,19549,2145,4634,46,84,2,0,0,0,0,73205,77,235,0,0,0,0,0
552,787,553.226187839801,99977,400,151,13,6,5502,2525,0.08028846634725988,193,99,23158,15545,3685,1613,22549,32584,45757,32539,0,0,19399,2168,4708,47,85,2,0,0,0,0,73257,76,235,0,0,0,0,0
553,787,554.3821056157574,99977,393,153,13,6,5551,2551,0.081038638886944,196,102,23174,15598,3722,1628,22500,32511,45815,32605,0,0,19270,2171,4773,49,89,2,0,0,0,0,73312,76,235,0,0,0,0,0
554,787,555.5374267492023,99977,386,172,13,6,5611,2593,0.08205887354091441,209,89,23180,15664,3770,1637,22440,32430,45872,32669,0,0,19136,2185,4845,49,91,2,0,0,0,0,73358,75,236,0,0,0,0,0
555,787,556.1145707762945,99977,398,165,13,6,5649,2600,0.08250897706472489,194,89,23160,15663,3780,1645,22453,32430,45928,32732,0,0,19020,2181,4883,50,93,2,0,0,0,0,73437,75,236,0,0,0,0,0
556,787,557.2704902438742,99977,397,169,13,6,5710,2633,0.08344919331446232,193,81,23169,15738,3815,1664,22411,32340,45982,32794,0,0,18885,2198,4945,52,97,2,0,0,0,0,73487,75,236,0,0,0,0,0
557,787,558.4257354644914,99976,380,156,13,7,5759,2657,0.0841802032487797,189,93,23215,15806,3851,1692,22350,32244,46035,32854,0,0,18763,2209,5028,51,103,2,0,0,0,0,73511,74,235,0,0,0,0,0
558,787,559.0026492762119,99976,364,149,13,7,5778,2672,0.0845202848683684,195,83,23197,15818,3872,1708,22357,32233,46087,32913,0,0,18646,2214,5074,52,105,2,0,0,0,0,73574,74,235,0,0,0,0,0
559,787,560.1572528011035,99976,353,142,13,7,5832,2692,0.08526046251100264,181,81,23237,15887,3920,1722,22294,32159,46137,32971,0,0,18532,2219,5150,52,110,2,0,0,0,0,73602,74,235,0,0,0,0,0
560,787,561.310563351734,99976,356,147,13,7,5890,2712,0.08604064975594143,166,81,23273,15979,3946,1734,22244,32050,46186,33028,0,0,18415,2229,5208,53,110,2,0,0,0,0,73650,74,235,0,0,0,0,0
561,787,562.4622964059034,99975,351,146,14,7,5939,2738,0.08679169792448112,158,73,23319,16065,3975,1755,22181,31952,46234,33084,0,0,18298,2242,5272,53,112,2,0,0,0,0,73688,74,234,0,0,0,0,0
562,787,563.0370459482059,99975,343,142,14,7,5965,2748,0.08715178794698675,157,72,23308,16082,3987,1766,22189,31929,46281,33138,0,0,18194,2246,5312,53,114,2,0,0,0,0,73746,73,235,0,0,0,0,0
563,787,564.1871807219904,99974,325,150,15,7,6007,2770,0.08779282613479504,159,69,23337,16179,4023,1770,22139,31823,46327,33191,0,0,18078,2258,5364,58,114,2,0,0,0,0,73793,72,235,0,0,0,0,0
564,787,565.3360870400755,99974,329,153,15,7,6049,2805,0.08856302638686059,159,57,23368,16266,4041,1793,22086,31722,46372,33243,0,0,17969,2270,5420,58,115,2,0,0,0,0,73833,72,235,0,0,0,0,0
565,787,566.4832702809254,99974,318,141,15,7,6094,2820,0.08916318242743113,159,63,23404,16349,4073,1813,22029,31625,46416,33294,0,0,17861,2282,5487,59,116,2,0,0,0,0,73860,72,235,0,0,0,0,0
566,787,567.0561304143574,99974,322,133,15,7,6116,2822,0.08940324484365936,155,73,23408,16375,4069,1813,22029,31597,46458,33344,0,0,17772,2279,5518,59,116,2,0,0,0,0,73921,72,235,0,0,0,0,0
567,787,568.2021224468218,99974,313,135,15,7,6152,2841,0.08995338788084901,154,72,23437,16431,4091,1819,21988,31534,46499,33393,0,0,17682,2280,5579,58,117,2,0,0,0,0,73949,72,235,0,0,0,0,0
568,787,569.3464810733292,99974,312,134,15,7,6207,2858,0.09067357512953368,147,79,23468,16523,4123,1824,21933,31431,46539,33441,0,0,17583,2290,5630,60,122,2,0,0,0,0,73981,71,235,0,0,0,0,0
569,787,570.4895242198489,99973,309,140,16,7,6245,2880,0.09127464415392156,157,74,23495,16618,4145,1827,21876,31332,46579,33488,0,0,17494,2289,5679,63,123,2,0,0,0,0,74017,71,235,0,0,0,0,0
570,787,571.060278398528,99973,303,145,16,7,6263,2891,0.09156472247506826,167,77,23482,16634,4159,1827,21871,31308,46618,33534,0,0,17411,2286,5708,64,124,2,0,0,0,0,74072,71,235,0,0,0,0,0
571,787,572.2022620371853,99972,291,145,17,7,6314,2908,0.09224582883207298,157,78,23525,16727,4199,1834,21809,31207,46656,33579,0,0,17315,2297,5763,66,129,2,0,0,0,0,74095,71,234,0,0,0,0,0
572,787,573.3426113926695,99971,292,155,18,7,6363,2931,0.09296696041852137,153,71,23540,16830,4230,1840,21765,31095,46693,33623,0,0,17220,2309,5806,67,131,2,0,0,0,0,74132,71,233,0,0,0,0,0
573,787,574.4820031019794,99970,291,152,19,7,6406,2954,0.09362808842652796,147,69,23575,16914,4248,1860,21718,30996,46729,33666,0,0,17133,2316,5860,67,135,2,0,0,0,0,74153,71,233,0,0,0,0,0
574,787,575.0510331113968,99970,276,145,19,7,6422,2964,0.09388816644993499,154,70,23561,16939,4273,1867,21715,30970,46764,33708,0,0,17047,2325,5899,67,135,2,0,0,0,0,74191,71,233,0,0,0,0,0
575,787,576.1895271192059,99970,275,134,19,7,6464,2979,0.09445833750125038,147,75,23602,17034,4290,1881,21665,30867,46798,33749,0,0,16971,2327,5962,67,137,2,0,0,0,0,74200,70,234,0,0,0,0,0
576,787,577.3266283435385,99970,275,136,19,7,6503,3004,0.09509852955886766,148,68,23643,17103,4308,1891,21605,30793,46831,33790,0,0,16880,2343,6002,68,139,2,0,0,0,0,74232,70,234,0,0,0,0,0
577,787,578.461997052662,99970,270,126,19,7,6538,3019,0.09559867960388116,144,69,23691,17196,4330,1910,21544,30690,46864,33830,0,0,16793,2357,6041,68,145,2,0,0,0,0,74260,70,234,0,0,0,0,0
578,787,579.0286554285542,99970,262,134,19,7,6556,3034,0.09592877863359008,146,62,23694,17218,4344,1908,21533,30669,46896,33869,0,0,16723,2353,6072,71,145,2,0,0,0,0,74300,70,234,0,0,0,0,0
579,787,580.1615884497098,99970,254,121,19,7,6589,3048,0.09639891967590276,150,66,23754,17305,4360,1922,21461,30577,46927,33907,0,0,16642,2365,6124,71,147,2,0,0,0,0,74315,70,234,0,0,0,0,0
580,787,581.2921482840298,99970,257,116,19,7,6629,3059,0.09690907272181655,136,74,23819,17380,4370,1923,21397,30498,46957,33944,0,0,16570,2368,6165,74,149,2,0,0,0,0,74339,69,234,0,0,0,0,0
581,787,582.419489400696,99970,255,120,19,7,6677,3079,0.09758927678303492,125,73,23850,17470,4400,1933,21349,30395,46987,33981,0,0,16498,2372,6219,75,152,2,0,0,0,0,74349,69,234,0,0,0,0,0
582,787,583.5451674545386,99970,261,124,19,7,6714,3100,0.09816945083525057,125,68,23890,17573,4408,1941,21295,30285,47016,34017,0,0,16430,2374,6257,76,155,2,0,0,0,0,74373,69,234,0,0,0,0,0
583,787,584.1072597669034,99970,247,128,19,7,6733,3109,0.09844953486045814,116,66,23907,17601,4427,1941,21282,30255,47044,34052,0,0,16360,2379,6284,78,156,2,0,0,0,0,74408,69,234,0,0,0,0,0
584,787,585.2308623969413,99970,242,125,19,7,6765,3129,0.09896969090727219,129,68,23954,17700,4441,1957,21213,30141,47072,34086,0,0,16292,2383,6330,80,159,2,0,0,0,0,74421,69,234,0,0,0,0,0
585,787,586.3520633258586,99970,247,128,19,7,6805,3155,0.09962988896669,118,60,24006,17774,4452,1972,21156,30057,47099,34120,0,0,16218,2394,6371,82,160,2,0,0,0,0,74440,69,234,0,0,0,0,0
586,787,587.4709147558315,99970,244,113,19,7,6840,3168,0.10011003300990297,113,58,24050,17856,4469,1992,21103,29972,47126,34153,0,0,16146,2402,6417,86,162,2,0,0,0,0,74452,69,234,0,0,0,0,0
587,787,588.0295688049343,99970,237,116,19,7,6852,3179,0.10034010203060918,120,55,24064,17890,4477,1996,21081,29934,47152,34185,0,0,16091,2399,6446,86,161,3,0,0,0,0,74481,69,234,0,0,0,0,0
588,787,589.1461032680605,99970,226,116,19,7,6879,3199,0.10081024307292187,128,55,24095,17968,4500,2008,21030,29844,47177,34217,0,0,16025,2404,6489,90,162,3,0,0,0,0,74494,69,234,0,0,0,0,0
589,787,590.2606606762951,99970,219,109,19,7,6916,3213,0.10132039611883566,126,51,24127,18072,4527,2023,20980,29736,47202,34248,0,0,15961,2412,6540,91,164,3,0,0,0,0,74496,68,235,0,0,0,0,0
590,787,591.3740156152597,99969,213,109,20,7,6950,3232,0.10185157398793626,124,44,24177,18169,4545,2034,20919,29635,47226,34279,0,0,15895,2421,6587,92,164,3,0,0,0,0,74504,68,235,0,0,0,0,0
591,787,592.4855417577836,99969,219,99,20,7,6991,3245,0.10239174143984635,110,50,24223,18239,4567,2049,20859,29554,47250,34309,0,0,15832,2430,6630,92,167,3,0,0,0,0,74512,68,235,0,0,0,0,0
592,787,593.0402341010032,99969,224,97,20,7,7009,3249,0.10261180966099491,109,51,24229,18273,4566,2051,20850,29519,47273,34338,0,0,15778,2432,6647,92,167,3,0,0,0,0,74547,68,235,0,0,0,0,0
593,787,594.149406263618,99969,228,89,20,7,7039,3256,0.10298192439656294,122,55,24280,18359,4576,2060,20772,29428,47296,34367,0,0,15724,2432,6684,94,167,3,0,0,0,0,74562,68,235,0,0,0,0,0
594,787,595.2560557011682,99969,227,88,20,7,7075,3270,0.10348207944462784,115,52,24343,18443,4594,2064,20699,29344,47318,34395,0,0,15670,2435,6727,95,169,3,0,0,0,0,74567,68,235,0,0,0,0,0
595,787,596.3602433769206,99968,216,93,21,7,7099,3284,0.10386323623559539,113,50,24388,18557,4606,2060,20654,29231,47340,34423,0,0,15616,2436,6761,97,171,3,0,0,0,0,74581,68,235,0,0,0,0,0
596,787,597.4624204700674,99968,241,94,21,7,7142,3303,0.10448343469910372,100,42,24439,18643,4601,2069,20596,29143,47361,34450,0,0,15569,2435,6796,97,172,3,0,0,0,0,74593,68,235,0,0,0,0,0
597,787,598.0123055077502,99968,235,96,21,7,7155,3313,0.10471350832266325,101,39,24450,18675,4610,2073,20581,29108,47382,34477,0,0,15523,2433,6823,97,173,3,0,0,0,0,74613,68,235,0,0,0,0,0
598,787,599.1114953768123,99968,230,92,21,7,7187,3324,0.10514364596670935,108,37,24504,18777,4628,2074,20507,29011,47402,34503,0,0,15476,2433,6865,98,177,3,0,0,0,0,74613,68,235,0,0,0,0,0
599,787,600.2086142494048,99968,230,93,21,7,7220,3334,0.10557378361075544,104,41,24543,18856,4644,2070,20456,28931,47422,34529,0,0,15425,2436,6898,100,178,3,0,0,0,0,74625,68,235,0,0,0,0,0
600,787,601.3037313912255,99968,217,92,21,7,7247,3347,0.10597391165172855,102,45,24597,18925,4661,2077,20400,28852,47441,34554,0,0,15370,2447,6937,100,180,3,0,0,0,0,74628,68,235,0,0,0,0,0
601,787,602.3966235160322,99968,205,93,21,7,7276,3361,0.10640404929577464,102,43,24644,19018,4677,2083,20349,28754,47460,34579,0,0,15320,2451,6979,102,182,3,0,0,0,0,74628,68,235,0,0,0,0,0
602,787,603.487431473737,99968,200,88,21,7,7309,3373,0.1068541933418694,94,39,24715,19093,4696,2090,20272,28681,47479,34603,0,0,15262,2464,7016,104,181,4,0,0,0,0,74634,68,235,0,0,0,0,0
603,787,604.031659367501,99968,196,86,21,7,7323,3378,0.10704425416133162,91,41,24747,19116,4701,2097,20242,28651,47497,34627,0,0,15218,2466,7037,104,182,4,0,0,0,0,74654,68,235,0,0,0,0,0
604,787,605.1187287280002,99968,186,83,21,7,7348,3391,0.10742437580025609,84,38,24808,19219,4712,2105,20187,28546,47515,34650,0,0,15171,2472,7076,104,185,4,0,0,0,0,74653,68,235,0,0,0,0,0
605,787,606.2031343243791,99968,185,87,21,7,7380,3407,0.10790452944942382,77,35,24852,19299,4725,2107,20138,28463,47532,34673,0,0,15125,2476,7113,106,185,4,0,0,0,0,74656,68,235,0,0,0,0,0
606,787,607.2854463085725,99967,182,79,22,7,7406,3416,0.10825572438904839,84,34,24910,19387,4736,2121,20064,28370,47549,34695,0,0,15085,2478,7154,106,186,4,0,0,0,0,74651,67,236,0,0,0,0,0
607,787,608.3653308434494,99967,176,76,22,7,7433,3424,0.10860583992717597,81,36,24967,19465,4751,2125,20001,28289,47566,34717,0,0,15042,2482,7190,106,188,4,0,0,0,0,74652,67,236,0,0,0,0,0
608,787,609.4431095101386,99967,164,73,22,7,7455,3436,0.1089459521642142,87,35,25017,19528,4751,2136,19957,28219,47582,34739,0,0,14997,2488,7229,107,189,4,0,0,0,0,74650,67,236,0,0,0,0,0
609,787,610.5186891755637,99967,150,71,22,7,7475,3446,0.10924605119689497,87,32,25071,19596,4762,2140,19906,28152,47598,34760,0,0,14960,2489,7262,106,196,4,0,0,0,0,74647,67,236,0,0,0,0,0
610,787,611.0557589212996,99967,151,75,22,7,7487,3453,0.10943611391759281,83,26,25094,19636,4762,2141,19886,28113,47614,34781,0,0,14927,2485,7278,106,197,4,0,0,0,0,74667,67,236,0,0,0,0,0
611,787,612.1283588363315,99967,149,68,22,7,7504,3460,0.10967619314373743,88,28,25164,19727,4759,2147,19816,28021,47629,34801,0,0,14889,2488,7304,106,199,4,0,0,0,0,74674,67,236,0,0,0,0,0
612,787,613.1981517810209,99967,158,69,22,7,7535,3468,0.11006632188622245,83,29,25204,19818,4762,2143,19769,27932,47644,34821,0,0,14853,2486,7327,109,200,4,0,0,0,0,74685,67,236,0,0,0,0,0
613,787,614.2660181460699,99967,150,65,22,7,7553,3476,0.1103264077145458,81,28,25252,19912,4771,2144,19722,27842,47659,34841,0,0,14808,2496,7353,109,201,4,0,0,0,0,74693,67,236,0,0,0,0,0
614,787,615.3317426315203,99967,142,65,22,7,7569,3481,0.11053647703742235,80,35,25322,20029,4773,2135,19659,27727,47673,34860,0,0,14775,2496,7380,109,202,4,0,0,0,0,74698,67,236,0,0,0,0,0
615,787,616.3949850434423,99967,142,61,22,7,7589,3487,0.1107965628657457,84,39,25386,20110,4776,2134,19588,27647,47687,34879,0,0,14735,2503,7399,109,204,4,0,0,0,0,74710,67,236,0,0,0,0,0
616,787,617.4553527738457,99967,150,54,22,7,7613,3492,0.11108665859733712,78,45,25447,20220,4774,2135,19527,27537,47701,34898,0,0,14698,2506,7420,110,205,4,0,0,0,0,74721,67,236,0,0,0,0,0
617,787,618.5130072620864,99967,142,62,22,7,7630,3511,0.11144677743655407,79,34,25509,20322,4777,2136,19469,27437,47715,34916,0,0,14668,2505,7452,110,208,4,0,0,0,0,74718,66,236,0,0,0,0,0
618,787,619.0408963991041,99967,139,66,22,7,7638,3518,0.11159682695289445,78,31,25518,20358,4779,2132,19462,27404,47728,34934,0,0,14633,2509,7460,110,209,4,0,0,0,0,74740,66,236,0,0,0,0,0
619,787,620.095565629034,99967,143,65,22,7,7665,3529,0.11197695239429012,66,28,25580,20448,4783,2140,19404,27310,47741,34952,0,0,14595,2516,7486,110,210,4,0,0,0,0,74744,66,236,0,0,0,0,0
620,787,621.1482083548187,99967,143,59,22,7,7683,3535,0.11221703162043474,65,29,25647,20530,4782,2140,19339,27233,47754,34969,0,0,14560,2520,7510,111,210,4,0,0,0,0,74750,66,236,0,0,0,0,0
621,787,622.1980172295418,99967,136,59,22,7,7697,3544,0.11244710754549,68,26,25711,20637,4782,2138,19279,27131,47767,34986,0,0,14527,2523,7531,111,213,4,0,0,0,0,74756,66,236,0,0,0,0,0
622,787,623.2452853162738,99967,133,55,22,7,7713,3549,0.11265717686836656,63,28,25778,20724,4774,2140,19228,27044,47779,35003,0,0,14493,2527,7549,112,215,4,0,0,0,0,74765,66,236,0,0,0,0,0
623,787,624.2899565743444,99967,134,54,22,7,7729,3559,0.1129172626966899,69,23,25835,20803,4774,2142,19164,26969,47791,35019,0,0,14463,2527,7571,114,215,4,0,0,0,0,74771,66,236,0,0,0,0,0
624,787,625.3323591604828,99967,124,50,22,7,7746,3565,0.11314733862174517,65,25,25915,20890,4779,2145,19093,26881,47803,35035,0,0,14430,2531,7600,115,216,4,0,0,0,0,74769,66,236,0,0,0,0,0
625,787,626.3716777495054,99967,127,46,22,7,7766,3569,0.1133874178478898,61,29,25959,20983,4785,2144,19044,26789,47815,35051,0,0,14393,2540,7616,115,216,4,0,0,0,0,74781,66,236,0,0,0,0,0
626,787,627.4086927592994,99967,124,46,22,7,7778,3574,0.11355747396640892,65,31,26020,21061,4785,2142,18982,26711,47826,35066,0,0,14369,2539,7634,114,217,5,0,0,0,0,74787,66,236,0,0,0,0,0
627,787,628.4436024847562,99967,126,50,22,7,7798,3585,0.11386757630017906,58,31,26072,21143,4787,2138,18933,26629,47837,35081,0,0,14342,2538,7650,116,220,5,0,0,0,0,74794,66,236,0,0,0,0,0
628,787,629.4763449107124,99967,122,44,22,7,7811,3591,0.11405763902087689,54,37,26138,21229,4783,2143,18879,26538,47848,35096,0,0,14315,2537,7676,118,220,5,0,0,0,0,74794,66,236,0,0,0,0,0
629,787,630.5066584749741,99967,126,55,22,7,7826,3608,0.1143777446557364,78,53,26150,21285,4779,2139,18843,26459,47859,35111,0,0,14294,2529,7692,120,221,5,1,0,0,2,74801,66,236,0,0,0,0,0
630,787,631.0721192420361,99967,122,59,22,7,7834,3617,0.1145478007742555,87,60,26170,21336,4782,2141,18815,26395,47869,35125,0,0,14267,2528,7693,120,221,5,5,0,0,15,74811,66,236,0,0,0,0,0
631,787,632.2015822708751,99967,129,61,22,7,7862,3628,0.11493792951674052,100,67,26203,21408,4787,2145,18757,26310,47879,35139,0,0,14245,2521,7697,122,222,5,9,0,0,38,74806,65,237,0,0,0,0,0
632,787,633.0474676985463,99967,133,62,22,7,7878,3643,0.11524803185051066,114,69,26243,21470,4783,2150,18703,26240,47889,35153,0,0,14220,2516,7700,123,223,5,14,0,0,57,74807,65,237,0,0,0,0,0
633,787,634.1730971123628,99967,141,78,22,7,7910,3669,0.11582822331369352,129,69,26291,21550,4784,2154,18631,26140,47899,35167,0,0,14189,2511,7701,125,225,5,24,0,0,77,74808,65,237,0,0,0,0,0
634,787,635.0156894179926,99967,140,90,22,7,7931,3689,0.11623835865835726,139,63,26324,21608,4794,2155,18579,26075,47909,35180,0,0,14164,2510,7702,125,225,5,28,0,0,103,74803,64,238,0,0,0,0,0
635,787,636.1369877845066,99967,165,96,22,7,7975,3707,0.11685856332589754,155,66,26372,21712,4775,2157,18509,25960,47919,35193,0,0,14139,2505,7706,125,226,5,35,0,0,126,74798,64,238,0,0,0,0,0
636,787,637.2559674622032,99967,198,101,22,7,8034,3729,0.11766883071413567,163,70,26413,21802,4781,2164,18421,25854,47928,35206,0,0,14114,2503,7704,125,231,5,40,0,0,159,74785,64,237,0,0,0,0,0
637,787,638.0936167208683,99967,210,104,22,7,8072,3740,0.11815899246751428,176,81,26432,21865,4788,2168,18370,25773,47937,35219,0,0,14087,2499,7704,126,234,5,48,0,0,181,74782,64,237,0,0,0,0,0
638,787,639.2089987631883,99967,204,113,22,7,8113,3763,0.11879920373723328,211,86,26464,21944,4808,2171,18289,25677,47946,35232,0,0,14060,2495,7702,126,241,5,57,0,0,226,74755,64,236,0,0,0,0,0
639,787,640.0443421309268,99967,221,115,22,7,8163,3781,0.11947942821130973,212,91,26500,21997,4822,2180,18221,25608,47955,35244,0,0,14031,2493,7702,126,243,5,67,0,0,263,74737,64,236,0,0,0,0,0
640,787,641.156333046564,99967,244,114,22,7,8218,3805,0.12026968899736913,208,99,26528,22100,4833,2198,18163,25480,47964,35256,0,0,14001,2491,7703,126,244,5,78,0,0,308,74711,64,236,0,0,0,0,0
641,787,642.2665245980096,99967,265,127,22,7,8276,3835,0.12114997949323277,226,99,26574,22185,4836,2207,18075,25373,47973,35268,0,0,13974,2486,7701,128,249,5,87,0,0,346,74691,64,236,0,0,0,0,0
642,787,643.0975609818311,99967,294,132,22,7,8336,3857,0.12197025018256025,235,108,26594,22228,4839,2220,18014,25303,47981,35280,0,0,13951,2482,7696,130,256,5,92,0,0,380,74675,64,236,0,0,0,0,0
643,787,644.2040900296162,99967,329,137,22,7,8419,3882,0.12305060670021108,259,138,26609,22293,4854,2224,17925,25199,47989,35291,0,0,13919,2477,7692,133,262,5,108,0,0,423,74648,63,237,0,0,0,0,0
644,787,645.0329272474513,99967,344,151,22,7,8471,3912,0.12387087738953854,288,142,26612,22345,4865,2234,17867,25119,47997,35302,0,0,13890,2476,7689,134,264,6,118,0,0,461,74629,63,237,0,0,0,0,0
645,787,646.1371203785836,99967,355,154,22,7,8562,3942,0.12508127682135103,311,171,26617,22389,4919,2252,17774,25025,48005,35313,0,0,13851,2472,7680,137,274,6,139,0,0,534,74574,63,237,0,0,0,0,0
646,787,647.2401804588254,99967,369,157,22,7,8637,3986,0.12627166965098482,340,177,26625,22461,4954,2281,17688,24915,48013,35324,0,0,13822,2465,7673,141,283,7,152,0,0,608,74516,63,237,0,0,0,0,0
647,787,648.066928020077,99967,405,171,22,7,8717,4019,0.12740204267408245,353,199,26626,22504,4974,2293,17618,24824,48021,35335,0,0,13790,2463,7669,142,288,7,166,0,0,651,74491,63,237,0,0,0,0,0
648,787,649.1680529494548,99967,417,203,22,7,8811,4078,0.12893254774075444,410,216,26633,22550,5024,2310,17492,24712,48028,35346,0,0,13753,2458,7664,146,295,7,186,0,0,729,74430,63,236,0,0,0,0,0
649,787,650.267934855021,99966,448,227,23,7,8917,4137,0.1305843986955565,459,232,26623,22604,5066,2339,17379,24589,48035,35356,0,0,13714,2454,7660,148,302,7,209,0,0,805,74368,63,236,0,0,0,0,0
650,787,651.0923103314714,99966,495,235,23,7,9014,4178,0.13196486805513874,477,234,26606,22651,5098,2360,17299,24511,48042,35366,0,0,13679,2448,7655,151,310,7,230,0,0,856,74331,63,236,0,0,0,0,0
651,787,652.1911547698387,99965,556,263,23,8,9165,4241,0.13410693742809984,511,242,26569,22715,5151,2388,17188,24382,48049,35376,0,0,13630,2444,7651,153,316,7,264,0,0,938,74263,63,236,0,0,0,0,0
652,787,653.0152097754036,99965,588,271,23,8,9264,4289,0.13557745210823788,562,245,26540,22749,5185,2422,17100,24303,48056,35386,0,0,13594,2437,7648,157,321,8,286,0,0,1012,74203,63,236,0,0,0,0,0
653,787,654.1140697830449,99965,647,299,23,8,9405,4363,0.1377282048717051,630,247,26496,22807,5225,2452,16977,24185,48063,35396,0,0,13558,2429,7647,160,327,9,310,0,0,1105,74122,63,235,0,0,0,0,0
654,787,655.2130520275747,99965,731,314,23,8,9598,4434,0.14036912919521832,654,287,26427,22841,5310,2490,16853,24058,48070,35406,0,0,13522,2416,7638,168,344,9,334,0,0,1219,74018,63,234,0,0,0,0,0
655,787,656.0379434278783,99963,779,347,25,8,9744,4506,0.14255274451547073,693,308,26364,22856,5379,2521,16758,23958,48077,35415,0,0,13484,2414,7633,169,350,9,356,0,0,1324,73927,63,234,0,0,0,0,0
656,787,657.1390556434437,99963,863,376,25,8,9944,4595,0.14544381421125815,767,347,26280,22911,5450,2560,16613,23796,48083,35424,0,0,13441,2405,7617,176,368,9,386,0,0,1445,73819,63,234,0,0,0,0,0
657,787,658.2411144865571,99963,933,409,25,8,10151,4692,0.1484849394275882,844,367,26182,22958,5541,2606,16473,23650,48089,35433,0,0,13392,2392,7605,188,383,9,421,0,0,1583,73694,63,233,0,0,0,0,0
658,787,659.0688913857393,99963,1004,424,25,8,10330,4762,0.15097586106859537,887,399,26101,22973,5616,2654,16365,23540,48095,35442,0,0,13350,2384,7596,196,394,9,449,0,0,1698,73592,62,233,0,0,0,0,0
659,787,660.1744428511013,99961,1102,455,25,10,10583,4862,0.1545102590010104,971,448,25970,22991,5718,2705,16212,23389,48101,35451,0,0,13294,2377,7592,200,402,9,493,0,0,1863,73436,62,233,0,0,0,0,0
660,787,661.0053588649778,99958,1186,495,27,11,10800,4958,0.1576462114087917,1039,480,25858,22984,5807,2748,16081,23280,48107,35460,0,0,13240,2371,7583,207,414,10,531,0,0,1986,73322,62,232,0,0,0,0,0
661,787,662.1157934541175,99958,1265,567,27,11,11092,5102,0.16200804337821886,1133,516,25709,22983,5970,2798,15894,23123,48113,35469,0,0,13181,2353,7564,226,435,11,575,0,0,2182,73139,60,232,0,0,0,0,0
662,787,663.2294288713819,99958,1367,610,27,11,11394,5251,0.16651993837411713,1242,572,25562,22960,6100,2874,15700,22971,48119,35477,0,0,13121,2340,7544,236,460,12,622,0,0,2400,72933,59,231,0,0,0,0,0
663,787,664.06652615016,99958,1473,665,27,11,11663,5381,0.17051161487824887,1293,603,25444,22949,6207,2936,15554,22834,48125,35485,0,0,13062,2331,7533,242,477,14,669,0,0,2558,72782,59,231,0,0,0,0,0
664,787,665.1858848187924,99958,1603,777,27,11,12031,5590,0.17628403929650452,1427,629,25231,22910,6381,3009,15329,22662,48131,35493,0,0,12987,2316,7514,254,507,15,732,0,0,2778,72567,59,229,0,0,0,0,0
665,787,666.0285502859297,99958,1729,825,27,11,12352,5733,0.18092598891534445,1489,669,25052,22887,6524,3086,15177,22520,48137,35501,0,0,12921,2304,7491,262,541,16,787,0,0,2960,72388,59,229,0,0,0,0,0
666,787,667.1573328881077,99957,1848,884,28,11,12754,5930,0.18692037576157747,1624,742,24843,22843,6721,3207,14934,22311,48142,35509,0,0,12829,2290,7464,275,573,17,866,0,0,3249,72106,59,229,0,0,0,0,0
667,787,668.0073541118377,99957,1997,942,28,11,13119,6091,0.19218263853456988,1674,803,24645,22808,6866,3289,14788,22145,48147,35517,0,0,12754,2279,7444,282,598,19,931,0,0,3463,71899,59,229,0,0,0,0,0
668,787,669.1469619168605,99955,2202,1014,29,12,13631,6332,0.19971987394327448,1813,861,24357,22760,7079,3425,14518,21926,48152,35525,0,0,12652,2270,7411,293,637,20,1017,0,0,3792,71578,59,226,0,0,0,0,0
669,787,670.0065179853542,99953,2303,1061,30,13,14017,6507,0.20533650815883464,1950,949,24113,22683,7276,3524,14326,21768,48157,35533,0,0,12568,2257,7391,304,664,21,1089,0,0,4085,71290,58,226,0,0,0,0,0
670,787,671.1607208656358,99951,2547,1160,32,13,14605,6793,0.21408490160178487,2105,1016,23777,22598,7503,3681,14034,21530,48162,35540,0,0,12472,2248,7357,312,706,24,1173,0,0,4464,70913,57,225,0,0,0,0,0
671,787,672.0326661607297,99949,2696,1229,34,13,15079,7007,0.22097269607499825,2232,1079,23514,22532,7717,3798,13805,21347,48167,35547,0,0,12386,2231,7327,331,742,25,1244,0,0,4795,70587,57,224,0,0,0,0,0
672,787,673.204602841687,99948,2906,1307,34,14,15788,7315,0.23115019810301357,2370,1191,23124,22404,8068,3991,13496,21091,48172,35554,0,0,12240,2199,7270,365,823,26,1377,0,0,5248,70121,56,223,0,0,0,0,0
673,787,674.0920242050942,99946,3056,1399,36,14,16292,7574,0.23878894603085665,2489,1253,22829,22329,8311,4129,13277,20874,48177,35561,0,0,12141,2180,7247,386,860,28,1461,0,0,5603,69764,55,221,0,0,0,0,0
674,787,675.2871398503969,99942,3233,1536,39,15,17037,7959,0.2501050609353425,2703,1337,22334,22149,8714,4327,12975,20634,48182,35568,0,0,11984,2139,7196,436,930,31,1596,0,0,6126,69231,54,219,0,0,0,0,0
675,787,676.1955133521661,99940,3457,1665,41,15,17661,8276,0.25952571542925756,2827,1415,21976,22019,8982,4478,12715,20406,48187,35575,0,0,11867,2117,7155,455,994,35,1702,0,0,6489,68855,52,219,0,0,0,0,0
676,787,677.1138379408991,99937,3620,1747,42,17,18299,8587,0.269029488577804,2981,1509,21599,21874,9295,4654,12461,20197,48192,35582,0,0,11750,2092,7108,487,1067,35,1799,0,0,6956,68374,52,217,0,0,0,0,0
677,787,678.0432193963802,99935,3820,1887,44,17,18969,8959,0.27946165007254714,3137,1564,21198,21727,9592,4846,12207,19957,48197,35589,0,0,11617,2063,7060,520,1136,38,1915,0,0,7406,67915,51,214,0,0,0,0,0
678,787,679.3008480524009,99929,4047,2056,49,18,19943,9489,0.2945291156721272,3301,1677,20645,21524,10120,5145,11836,19578,48201,35596,0,0,11418,2037,6988,555,1248,45,2092,0,0,8115,67170,50,211,0,0,0,0,0
679,787,680.2601018104074,99925,4295,2166,52,19,20745,9911,0.3067900925694271,3405,1759,20209,21338,10472,5408,11565,19308,48205,35602,0,0,11264,2007,6941,593,1334,51,2224,0,0,8656,66600,48,207,0,0,0,0,0
680,787,681.2343140743652,99923,4531,2301,54,19,21581,10333,0.31938592716391623,3594,1877,19709,21135,10846,5645,11264,19021,48209,35608,0,0,11095,1972,6883,631,1440,56,2372,0,0,9175,66044,48,207,0,0,0,0,0
681,787,682.2253479501617,99920,4842,2437,56,20,22511,10810,0.3334767814251401,3726,1976,19219,20897,11224,5924,10931,18744,48213,35614,0,0,10926,1945,6830,666,1543,59,2522,0,0,9777,65402,44,206,0,0,0,0,0
682,787,683.2340728667127,99915,5149,2595,60,21,23523,11317,0.34869639193314317,3838,2096,18682,20668,11664,6184,10605,18434,48217,35620,0,0,10740,1915,6772,696,1655,66,2690,0,0,10440,64698,43,200,0,0,0,0,0
683,787,684.2640757375299,99912,5407,2721,63,21,24541,11849,0.3642205140523661,4022,2208,18125,20440,12123,6496,10258,18112,48221,35626,0,0,10531,1873,6707,743,1771,77,2876,0,0,11161,63933,43,197,0,0,0,0,0
684,787,685.3177276438421,99908,5575,2881,66,22,25551,12449,0.3803499219281739,4288,2298,17523,20193,12666,6839,9880,17765,48225,35632,0,0,10336,1834,6627,789,1908,87,3048,0,0,11985,63055,43,196,0,0,0,0,0
685,787,686.0354848409438,99905,5835,3009,67,24,26355,12878,0.3927030679145188,4297,2358,17163,20013,13003,7072,9633,17522,48229,35638,0,0,10197,1806,6584,827,2002,95,3163,0,0,12494,62502,42,193,0,0,0,0,0
686,787,687.133689851466,99897,6087,3249,74,25,27527,13569,0.4113837252369941,4486,2463,16554,19680,13524,7407,9273,17174,48233,35644,0,0,9973,1765,6511,892,2158,108,3346,0,0,13305,61609,41,189,0,0,0,0,0
687,787,688.2627757135899,99891,6348,3388,80,25,28828,14259,0.431340160775245,4648,2542,15916,19401,14136,7833,8870,16809,48237,35650,0,0,9698,1712,6408,969,2370,120,3574,0,0,14195,60619,40,186,0,0,0,0,0
688,787,689.0350937716828,99887,6575,3482,82,27,29781,14742,0.4457336790573348,4655,2648,15498,19212,14543,8109,8645,16520,48241,35656,0,0,9518,1673,6338,1008,2513,133,3727,0,0,14842,59912,39,184,0,0,0,0,0
689,787,690.2254870065561,99877,6854,3669,89,30,31203,15549,0.46809575778207196,4737,2799,14874,18876,15193,8544,8251,16080,48245,35662,0,0,9232,1623,6243,1077,2733,153,3967,0,0,15851,58779,39,180,0,0,0,0,0
690,787,691.0323763186411,99875,7009,3831,91,30,32147,16121,0.4832841051314143,4834,2824,14450,18645,15616,8853,7998,15815,48249,35667,0,0,9051,1594,6163,1130,2898,172,4106,0,0,16516,58026,39,180,0,0,0,0,0
691,787,692.1997422911568,99870,7264,3936,92,34,33540,16869,0.5047461700210273,4982,2885,13852,18369,16204,9347,7604,15427,48253,35672,0,0,8806,1552,6043,1212,3162,196,4291,0,0,17498,56898,37,175,0,0,0,0,0
692,787,693.3148808051774,99865,7537,4149,97,34,34989,17684,0.5274420467631302,4997,2933,13268,18038,16857,9801,7242,15043,48257,35677,0,0,8529,1507,5932,1283,3430,224,4512,0,0,18426,55816,35,171,0,0,0,0,0
693,787,694.0302669370027,99861,7663,4250,98,37,35889,18202,0.5416629114469113,5064,2994,12863,17801,17262,10104,7048,14812,48261,35682,0,0,8364,1469,5862,1347,3600,240,4633,0,0,19079,55066,34,167,0,0,0,0,0
694,787,695.0672761597742,99860,7759,4384,98,38,37142,19001,0.5622171039455237,5217,3076,12348,17483,17836,10592,6740,14425,48265,35687,0,0,8108,1414,5758,1434,3867,271,4825,0,0,20048,53939,34,162,0,0,0,0,0
695,787,696.0667576046127,99851,8018,4480,102,43,38450,19732,0.5826882054260849,5228,3175,11882,17162,18321,11049,6447,14089,48268,35692,0,0,7905,1368,5633,1515,4158,306,4960,0,0,20885,52928,33,160,0,0,0,0,0
696,787,697.0328087694861,99846,8155,4615,105,45,39677,20459,0.602287522785089,5260,3299,11454,16835,18841,11450,6183,13754,48271,35697,0,0,7673,1330,5527,1570,4448,338,5144,0,0,21716,51914,32,154,0,0,0,0,0
697,787,698.2734617314409,99845,8432,4816,105,46,41355,21467,0.6291952526415945,5295,3336,10884,16445,19463,12018,5819,13337,48274,35702,0,0,7337,1276,5375,1682,4849,372,5389,0,0,22736,50651,32,146,0,0,0,0,0
698,787,699.1724349029458,99839,8548,4911,109,48,42594,22206,0.649044962389447,5271,3360,10479,16177,20019,12474,5572,13028,48277,35707,0,0,7106,1239,5285,1765,5158,408,5539,0,0,23556,49607,31,145,0,0,0,0,0
699,787,700.0444560745616,99835,8617,5017,111,50,43759,22945,0.6681424350177794,5270,3362,10083,15907,20544,12922,5373,12740,48280,35712,0,0,6883,1202,5189,1842,5478,449,5688,0,0,24323,48607,31,143,0,0,0,0,0
700,787,701.1716023571704,99833,8710,5112,113,50,45289,23837,0.6924163352799174,5242,3366,9647,15616,21209,13452,5077,12402,48283,35717,0,0,6588,1142,5059,1962,5914,506,5890,0,0,25234,47368,30,140,0,0,0,0,0
701,787,702.2616340230555,99829,8766,5209,116,51,46723,24782,0.7162748299592303,5262,3374,9209,15299,21813,14016,4832,12049,48286,35722,0,0,6311,1115,4930,2044,6356,569,6065,0,0,26166,46111,29,133,0,0,0,0,0
702,787,703.057703675276,99823,8822,5318,120,53,47774,25462,0.7336585756789518,5269,3351,8932,15093,22193,14382,4662,11801,48289,35727,0,0,6130,1078,4840,2122,6699,607,6169,0,0,26769,45253,27,129,0,0,0,0,0
703,787,704.0959477020633,99813,8927,5335,128,55,49178,26309,0.7562842515503992,5235,3360,8573,14793,22688,14949,4447,11506,48292,35732,0,0,5909,1040,4713,2216,7151,667,6292,0,0,27622,44055,24,124,0,0,0,0,0
704,787,705.1094467235664,99809,8901,5419,131,56,50473,27156,0.7777755513029887,5255,3392,8260,14515,23208,15428,4243,11188,48295,35737,0,0,5678,989,4622,2343,7570,744,6407,0,0,28374,42939,22,121,0,0,0,0,0
705,787,706.0990160959909,99801,8905,5481,136,59,51731,27992,0.7988196511057003,5293,3383,7938,14268,23690,15906,4036,10901,48298,35741,0,0,5467,954,4522,2428,7988,815,6529,0,0,29159,41803,21,115,0,0,0,0,0
706,787,707.0680585339903,99794,8971,5550,142,60,53031,28819,0.8201895905565465,5236,3382,7640,13993,24163,16400,3846,10613,48301,35745,0,0,5234,922,4416,2519,8426,896,6654,0,0,29812,40782,19,114,0,0,0,0,0
707,787,708.0177611379548,99790,9057,5579,145,61,54258,29632,0.8406653973344023,5232,3363,7369,13749,24556,16893,3639,10353,48304,35749,0,0,5026,888,4307,2610,8877,969,6761,0,0,30425,39797,17,113,0,0,0,0,0
708,787,709.1816659082416,99783,9090,5629,150,63,55800,30598,0.8658589138430394,5118,3347,7082,13448,25116,17456,3442,10055,48307,35753,0,0,4786,840,4173,2758,9406,1079,6847,0,0,31207,38565,14,108,0,0,0,0,0
709,787,710.0948532532315,99777,9057,5609,154,65,56926,31340,0.884632730990108,5066,3363,6867,13231,25542,17924,3312,9806,48310,35757,0,0,4609,814,4075,2834,9882,1166,6909,0,0,31756,37613,13,106,0,0,0,0,0
710,787,711.2173752798531,99772,9091,5692,158,66,58337,32293,0.9083710860762538,5054,3303,6596,12966,25951,18436,3148,9535,48313,35761,0,0,4386,779,3957,2962,10380,1298,6986,0,0,32377,36531,13,103,0,0,0,0,0
711,787,712.101067463606,99768,9011,5696,162,66,59434,33007,0.9265596183144896,4983,3314,6419,12748,26389,18880,3034,9294,48316,35765,0,0,4217,748,3886,3070,10828,1387,7032,0,0,32891,35597,11,101,0,0,0,0,0
712,787,713.1894673646569,99761,8931,5710,165,70,60780,33942,0.9494892793777128,4983,3238,6206,12492,26826,19447,2887,9041,48319,35769,0,0,4014,714,3756,3177,11402,1526,7105,0,0,33486,34475,9,97,0,0,0,0,0
713,787,714.048250739253,99754,8936,5736,170,72,61862,34642,0.9674198528379815,4894,3243,6042,12300,27180,19806,2776,8841,48322,35773,0,0,3856,691,3684,3267,11853,1637,7140,0,0,33829,33695,9,93,0,0,0,0,0
714,787,715.1079565500966,99746,8905,5727,176,74,63138,35525,0.9891424217512482,4813,3149,5864,12099,27587,20328,2653,8621,48325,35777,0,0,3675,659,3589,3343,12386,1796,7193,0,0,34315,32688,9,93,0,0,0,0,0
715,787,716.1541843761398,99737,8751,5717,181,78,64331,36348,1.0094448399290132,4769,3126,5710,11892,28060,20799,2527,8386,48328,35781,0,0,3512,631,3491,3448,12950,1944,7204,0,0,34746,31710,9,92,0,0,0,0,0
716,787,717.1870243893939,99734,8673,5670,184,78,65544,37167,1.0298493994024105,4740,3094,5526,11696,28466,21297,2409,8163,48331,35785,0,0,3352,603,3384,3547,13519,2092,7209,0,0,35163,30768,9,88,0,0,0,0,0
717,787,718.0039640686119,99730,8652,5729,188,78,66508,37863,1.0465356462448612,4614,2997,5447,11562,28779,21651,2318,7981,48334,35789,0,0,3224,585,3306,3589,13976,2219,7238,0,0,35395,30102,9,87,0,0,0,0,0
718,787,719.0151651582316,99721,8501,5654,197,78,67666,38608,1.0657133402192116,4564,2994,5312,11409,29191,22099,2233,7764,48337,35793,0,0,3076,559,3231,3694,14518,2387,7227,0,0,35738,29197,9,85,0,0,0,0,0
719,787,720.0160320929971,99718,8495,5595,200,78,68844,39358,1.0850799253895986,4422,2989,5156,11248,29582,22508,2143,7580,48339,35797,0,0,2947,529,3136,3803,15056,2547,7201,0,0,36031,28377,9,82,0,0,0,0,0
720,787,721.0068425447945,99715,8395,5591,203,78,69930,40125,1.1036955322669608,4403,2903,5075,11116,29881,22911,2041,7399,48341,35801,0,0,2827,504,3060,3884,15622,2724,7183,0,0,36197,27626,7,81,0,0,0,0,0
721,787,722.1852085502816,99705,8262,5531,210,81,71244,40990,1.1256606990622335,4338,2847,4951,10995,30302,23372,1935,7172,48343,35805,0,0,2673,471,2961,3988,16272,2947,7158,0,0,36414,26734,7,80,0,0,0,0,0
722,787,723.1580544198442,99701,8156,5430,213,82,72240,41664,1.1424559432703785,4267,2824,4869,10915,30637,23769,1856,6978,48345,35809,0,0,2555,454,2877,4061,16769,3120,7141,0,0,36665,25977,7,75,0,0,0,0,0
723,787,724.1239312348765,99694,8088,5329,218,84,73273,42369,1.159969506690473,4132,2749,4814,10791,30959,24213,1787,6832,48347,35813,0,0,2454,435,2799,4147,17241,3320,7093,0,0,36907,25219,7,72,0,0,0,0,0
724,787,725.0841597685854,99689,7936,5284,221,86,74212,43070,1.1764788492210776,4131,2684,4740,10666,31260,24594,1710,6684,48349,35816,0,0,2343,417,2722,4212,17709,3523,7078,0,0,37074,24534,7,70,0,0,0,0,0
725,787,726.0375334464098,99686,7789,5251,222,88,75186,43731,1.1929157554721828,3972,2597,4705,10573,31650,24941,1660,6548,48351,35819,0,0,2242,400,2668,4258,18215,3713,7044,0,0,37199,23872,7,68,0,0,0,0,0
726,787,727.1728891997276,99679,7663,5196,226,91,76316,44486,1.2119102318442199,3874,2529,4668,10446,31979,25321,1588,6415,48353,35822,0,0,2134,382,2592,4327,18743,3974,7002,0,0,37293,23159,7,66,0,0,0,0,0
727,787,728.1147097519421,99674,7622,5071,230,92,77260,45065,1.227250837731003,3759,2525,4654,10351,32209,25686,1524,6273,48355,35825,0,0,2045,363,2537,4359,19226,4173,6979,0,0,37334,22585,7,66,0,0,0,0,0
728,787,729.0520903016765,99669,7439,4948,234,93,78112,45635,1.2415796285705685,3745,2498,4616,10290,32489,26014,1475,6155,48357,35828,0,0,1965,347,2480,4434,19673,4381,6906,0,0,37421,21989,7,66,0,0,0,0,0
729,787,730.1712009595427,99668,7316,4868,235,93,79195,46324,1.259371112092146,3630,2443,4567,10208,32826,26367,1424,6019,48359,35831,0,0,1865,332,2406,4525,20262,4614,6834,0,0,37369,21391,7,63,0,0,0,0,0
730,787,731.0990828113079,99664,7190,4784,238,94,80045,46866,1.2733885856477765,3571,2408,4537,10136,33085,26678,1377,5898,48361,35834,0,0,1785,320,2364,4586,20698,4816,6783,0,0,37375,20869,7,61,0,0,0,0,0
731,787,732.0225722396051,99662,7033,4718,240,94,80875,47406,1.287160602837591,3488,2381,4529,10082,33370,26923,1338,5800,48363,35837,0,0,1710,306,2313,4626,21109,5030,6733,0,0,37421,20348,7,59,0,0,0,0,0
732,787,733.1255802668599,99658,6905,4619,243,95,81830,48052,1.3032772080515362,3397,2263,4488,10025,33668,27308,1297,5688,48365,35840,0,0,1633,293,2246,4684,21599,5280,6665,0,0,37421,19771,7,59,0,0,0,0,0
733,787,734.0414882269677,99653,6787,4523,248,95,82595,48579,1.3163075873280283,3352,2212,4457,9978,33888,27585,1266,5605,48367,35843,0,0,1573,279,2203,4738,21997,5498,6616,0,0,37380,19305,7,57,0,0,0,0,0
734,787,735.136977545968,99646,6562,4414,252,98,83458,49188,1.3311723501194228,3319,2166,4473,9943,34172,27902,1220,5475,48369,35846,0,0,1497,267,2143,4741,22484,5780,6571,0,0,37313,18787,7,56,0,0,0,0,0
735,787,736.0471307967796,99638,6558,4300,256,102,84246,49680,1.3441257351612839,3185,2125,4478,9901,34337,28159,1184,5411,48371,35849,0,0,1442,256,2099,4779,22889,5983,6522,0,0,37204,18403,5,56,0,0,0,0,0
736,787,737.1368821961257,99634,6359,4164,258,104,85060,50206,1.3576289218539856,3118,2154,4491,9831,34621,28432,1151,5313,48373,35852,0,0,1393,247,2047,4808,23301,6264,6439,0,0,37146,17929,5,55,0,0,0,0,0
737,787,738.0418902003006,99634,6269,4121,258,104,85774,50701,1.3697633338017143,3028,2030,4486,9807,34836,28693,1121,5243,48375,35855,0,0,1357,244,2000,4838,23673,6491,6362,0,0,37020,17589,5,55,0,0,0,0,0
738,787,739.1252735051735,99632,6152,3984,258,106,86580,51222,1.3831098442267544,2980,1971,4507,9787,35016,29000,1085,5150,48377,35858,0,0,1310,229,1950,4882,24072,6758,6272,0,0,36940,17162,5,52,0,0,0,0,0
739,787,740.026101177791,99631,6010,3948,258,107,87254,51693,1.3946161335327358,2888,1941,4522,9741,35264,29192,1056,5069,48379,35861,0,0,1270,225,1918,4890,24353,7029,6212,0,0,36840,16839,5,50,0,0,0,0,0
740,787,741.1035446245024,99628,5813,3865,260,108,87984,52215,1.4072248765407316,2810,1947,4527,9711,35554,29400,1034,4967,48381,35864,0,0,1220,217,1869,4911,24776,7288,6145,0,0,36689,16460,4,49,0,0,0,0,0
741,787,742.177213086499,99626,5581,3801,260,110,88702,52715,1.4194788509023748,2772,1918,4541,9720,35843,29558,1001,4891,48383,35867,0,0,1179,208,1822,4944,25156,7570,6056,0,0,36529,16111,4,47,0,0,0,0,0
742,787,743.0689326011916,99625,5500,3703,261,110,89381,53090,1.4300727728983689,2658,1913,4576,9708,36029,29737,974,4827,48385,35870,0,0,1149,200,1784,4966,25476,7798,5989,0,0,36394,15819,4,46,0,0,0,0,0
743,787,744.1368485921708,99620,5339,3628,264,112,90075,53592,1.442150170648464,2592,1848,4612,9725,36242,29940,949,4745,48387,35873,0,0,1104,195,1748,4997,25808,8067,5921,0,0,36265,15468,4,43,0,0,0,0,0
744,787,745.0254194071122,99619,5226,3545,264,113,90645,53981,1.451791324948052,2566,1798,4641,9715,36367,30129,934,4698,48389,35876,0,0,1064,191,1721,4992,26090,8286,5871,0,0,36157,15200,4,43,0,0,0,0,0
745,787,746.0904556766906,99615,5112,3520,266,115,91374,54469,1.4640666566280178,2467,1732,4680,9700,36565,30305,908,4626,48391,35879,0,0,1025,183,1687,5013,26415,8549,5806,0,0,35997,14897,4,39,0,0,0,0,0
746,787,747.1537470806469,99611,4966,3462,269,116,92006,54901,1.474806999226993,2422,1675,4720,9735,36735,30454,886,4556,48393,35882,0,0,992,164,1666,5043,26729,8788,5747,0,0,35833,14606,4,39,0,0,0,0,0
747,787,748.0393649786777,99610,4892,3391,269,117,92568,55271,1.4841782953518723,2399,1620,4758,9745,36808,30615,872,4510,48395,35885,0,0,959,161,1642,5055,27006,9000,5691,0,0,35672,14382,4,38,0,0,0,0,0
748,787,749.10149201822,99608,4819,3321,270,118,93235,55702,1.4952313067223517,2296,1578,4785,9730,36968,30809,860,4442,48397,35888,0,0,937,154,1614,5054,27274,9278,5622,0,0,35516,14117,4,38,0,0,0,0,0
749,787,750.1623146453345,99604,4689,3299,272,120,93859,56136,1.505913417131842,2213,1566,4842,9724,37138,30920,844,4369,48399,35891,0,0,902,148,1592,5076,27567,9526,5559,0,0,35315,13877,4,38,0,0,0,0,0
750,787,751.045428580668,99602,4591,3224,274,120,94343,56482,1.5142768217505673,2232,1549,4887,9746,37192,31043,822,4316,48401,35894,0,0,880,146,1575,5078,27787,9760,5517,0,0,35133,13686,3,37,0,0,0,0,0
751,787,752.1053726715336,99600,4519,3181,276,120,94913,56921,1.5244377510040161,2212,1476,4935,9768,37253,31196,803,4257,48403,35897,0,0,856,142,1550,5105,28011,10002,5453,0,0,35008,13433,3,37,0,0,0,0,0
752,787,753.1656309115217,99593,4434,3083,279,124,95460,57297,1.5338126173526252,2217,1466,4974,9804,37316,31330,778,4191,48405,35899,0,0,835,137,1532,5077,28230,10270,5407,0,0,34848,13217,3,37,0,0,0,0,0
753,787,754.0490588999788,99591,4357,3036,281,124,95933,57641,1.5420469721159542,2143,1423,5025,9800,37425,31468,767,4147,48407,35901,0,0,816,135,1510,5076,28456,10467,5359,0,0,34716,13016,3,37,0,0,0,0,0
754,787,755.1090532953555,99588,4291,2970,284,124,96515,57989,1.5514318994256335,2050,1394,5078,9831,37540,31584,755,4095,48409,35903,0,0,801,131,1493,5088,28692,10701,5292,0,0,34543,12808,2,37,0,0,0,0,0
755,787,756.1684110919243,99585,4204,2843,287,124,97061,58328,1.5603655168951147,1981,1376,5119,9866,37669,31754,738,4035,48411,35905,0,0,782,130,1462,5103,28922,10946,5228,0,0,34396,12577,2,37,0,0,0,0,0
756,787,757.0511114279867,99584,4074,2773,288,124,97495,58604,1.5675108451156812,2001,1379,5154,9886,37750,31851,731,3985,48413,35907,0,0,772,129,1446,5081,29131,11142,5174,0,0,34274,12396,2,37,0,0,0,0,0
757,787,758.1102709339086,99582,3981,2731,289,125,98007,58968,1.576339097427246,1966,1321,5213,9930,37834,31961,715,3930,48415,35909,0,0,761,127,1427,5108,29291,11395,5094,0,0,34138,12203,2,36,0,0,0,0,0
758,787,759.1693767970648,99581,3896,2677,290,125,98531,59347,1.5854229220433618,1911,1241,5269,9955,37929,32119,703,3881,48417,35911,0,0,740,125,1399,5085,29524,11645,5051,0,0,33941,12033,2,36,0,0,0,0,0
759,787,760.0520768306012,99579,3843,2635,292,125,98965,59607,1.592424105484088,1852,1227,5319,9998,38007,32169,685,3844,48419,35913,0,0,730,123,1380,5096,29684,11833,4994,0,0,33810,11891,2,36,0,0,0,0,0
760,787,761.111634861255,99578,3764,2584,293,125,99471,59944,1.6009058225712507,1818,1198,5386,10055,38061,32245,676,3791,48421,35915,0,0,712,120,1362,5102,29859,12074,4941,0,0,33659,11711,2,36,0,0,0,0,0
761,787,762.1712466661473,99576,3632,2467,295,125,99923,60241,1.6084598698481563,1751,1181,5461,10145,38195,32336,664,3744,48423,35917,0,0,698,120,1340,5092,30029,12324,4884,0,0,33528,11523,2,36,0,0,0,0,0
762,787,763.0544953604889,99574,3515,2394,296,126,100263,60480,1.6143069475967622,1796,1171,5509,10195,38231,32395,651,3717,48425,35919,0,0,687,119,1327,5078,30165,12531,4845,0,0,33391,11393,2,36,0,0,0,0,0
763,787,764.1151588901399,99573,3437,2310,297,126,100716,60763,1.6217147218623522,1759,1179,5582,10245,38279,32459,644,3679,48427,35921,0,0,671,117,1309,5065,30334,12764,4802,0,0,33227,11246,2,36,0,0,0,0,0
764,787,765.1763517412221,99573,3362,2288,297,126,101168,61078,1.6294176132084,1695,1113,5639,10287,38370,32557,635,3627,48428,35923,0,0,659,115,1294,5056,30477,12992,4767,0,0,33086,11090,2,35,0,0,0,0,0
765,787,766.0606801780751,99570,3335,2242,299,127,101541,61315,1.6355930501154967,1625,1073,5709,10336,38399,32628,631,3592,48429,35925,0,0,653,114,1285,5049,30630,13148,4720,0,0,32970,10964,2,35,0,0,0,0,0
766,787,767.122994748783,99569,3255,2201,300,127,101965,61629,1.6430214223302433,1582,1025,5789,10375,38450,32717,622,3553,48430,35927,0,0,649,112,1265,5026,30801,13369,4667,0,0,32819,10826,1,34,0,0,0,0,0
767,787,768.0089816503829,99566,3215,2148,303,127,102320,61853,1.6488861659602676,1550,1009,5847,10432,38467,32765,616,3517,48431,35929,0,0,638,109,1257,5016,30950,13532,4639,0,0,32667,10723,1,34,0,0,0,0,0
768,787,769.0729757601707,99563,3111,2069,305,128,102700,62110,1.6553338087442122,1562,1009,5888,10455,38525,32863,607,3474,48432,35931,0,0,623,106,1247,5037,31057,13740,4586,0,0,32562,10570,1,34,0,0,0,0,0
769,787,770.1378530345381,99563,3066,2018,305,128,103119,62389,1.662344445225636,1500,963,5968,10512,38559,32935,600,3442,48433,35933,0,0,617,104,1232,5037,31169,13962,4539,0,0,32435,10434,1,33,0,0,0,0,0
770,787,771.0259305540924,99562,3024,1980,305,129,103463,62600,1.667935557742914,1422,945,6045,10563,38606,32967,596,3414,48434,35935,0,0,609,100,1222,5040,31244,14140,4505,0,0,32343,10325,1,33,0,0,0,0,0
771,787,772.0917497487877,99562,2937,1925,305,129,103840,62834,1.6740724372752656,1356,918,6090,10638,38721,33003,589,3385,48435,35937,0,0,599,98,1215,5035,31341,14370,4468,0,0,32176,10226,1,33,0,0,0,0,0
772,787,773.1579031398238,99560,2850,1887,307,129,104201,63084,1.6802430695058257,1320,891,6168,10717,38767,33027,586,3347,48436,35939,0,0,592,96,1200,5012,31451,14580,4434,0,0,32038,10123,1,33,0,0,0,0,0
773,787,774.0469552263386,99560,2779,1859,307,129,104488,63288,1.6851747689835275,1301,862,6249,10756,38786,33063,576,3329,48437,35941,0,0,584,96,1190,5002,31537,14749,4406,0,0,31923,10039,1,33,0,0,0,0,0
774,787,775.1152292654455,99558,2732,1796,308,130,104826,63512,1.6908535727917395,1272,823,6337,10830,38782,33127,567,3292,48438,35943,0,0,575,92,1178,4997,31628,14936,4373,0,0,31808,9938,1,32,0,0,0,0,0
775,787,776.006680631168,99556,2692,1728,308,132,105105,63670,1.695277030013259,1241,854,6413,10874,38783,33144,561,3266,48439,35945,0,0,570,92,1170,4995,31721,15082,4341,0,0,31695,9857,1,32,0,0,0,0,0
776,787,777.0776058418853,99554,2589,1638,309,133,105425,63871,1.700544428149547,1214,837,6497,10963,38843,33190,546,3237,48440,35947,0,0,557,89,1155,4992,31827,15271,4311,0,0,31585,9734,1,32,0,0,0,0,0
777,787,778.1491923447475,99554,2517,1625,309,133,105746,64096,1.7060288888442454,1132,801,6597,11026,38903,33208,540,3205,48441,35949,0,0,549,88,1144,4972,31905,15463,4280,0,0,31469,9652,1,31,0,0,0,0,0
778,787,779.0428852117864,99553,2410,1591,310,133,105978,64266,1.7100840758189104,1125,783,6649,11113,38968,33208,536,3170,48442,35951,0,0,545,88,1135,4964,31993,15612,4257,0,0,31362,9565,1,31,0,0,0,0,0
779,787,780.1158679983948,99553,2340,1553,310,133,106259,64465,1.7149056281578656,1136,770,6725,11189,38954,33216,533,3137,48443,35953,0,0,540,88,1128,4953,32079,15773,4224,0,0,31259,9477,1,31,0,0,0,0,0
780,787,781.011292366995,99553,2296,1503,310,133,106488,64630,1.7188633190360914,1132,756,6811,11254,38916,33239,533,3113,48444,35955,0,0,534,87,1122,4941,32141,15917,4202,0,0,31166,9411,1,31,0,0,0,0,0
781,787,782.0879530444063,99553,2270,1482,310,133,106798,64842,1.724106757204705,1042,704,6921,11340,38927,33252,528,3087,48445,35957,0,0,527,84,1112,4925,32202,16092,4179,0,0,31075,9325,1,31,0,0,0,0,0
782,787,783.165981477728,99551,2222,1438,312,133,107097,65027,1.7290032244779059,990,686,6989,11442,38958,33242,527,3057,48446,35959,0,0,521,84,1104,4910,32282,16258,4144,0,0,30962,9254,1,31,0,0,0,0,0
783,787,784.0651354283276,99548,2153,1418,315,133,107327,65177,1.7328725840800419,965,699,7069,11499,38973,33216,523,3033,48447,35961,0,0,515,83,1098,4890,32344,16396,4125,0,0,30871,9195,1,30,0,0,0,0,0
784,787,785.1451025411056,99548,2085,1377,315,133,107578,65372,1.7373528348133565,975,650,7146,11590,38956,33237,521,3011,48448,35963,0,0,508,82,1092,4879,32392,16566,4097,0,0,30787,9114,1,30,0,0,0,0,0
785,787,786.0465131416254,99548,2036,1358,315,133,107810,65514,1.7411098163699923,964,635,7215,11659,38950,33222,518,2991,48449,35965,0,0,506,80,1086,4865,32422,16716,4077,0,0,30701,9065,1,29,0,0,0,0,0
786,787,787.1298814045501,99546,1994,1303,317,133,108069,65652,1.7451329033813514,933,637,7316,11740,38924,33215,514,2970,48450,35967,0,0,501,79,1080,4849,32477,16862,4058,0,0,30616,8994,1,29,0,0,0,0,0
787,787,788.0341066075279,99545,1953,1248,317,134,108282,65779,1.7485659751871012,906,625,7423,11817,38892,33219,507,2955,48451,35969,0,0,498,79,1073,4831,32537,16993,4040,0,0,30520,8944,1,29,0,0,0,0,0
788,787,789.1213336812692,99543,1880,1236,318,135,108509,65954,1.752639562802005,892,616,7508,11886,38899,33192,501,2933,48452,35971,0,0,493,77,1062,4814,32601,17139,4013,0,0,30422,8892,1,29,0,0,0,0,0
789,787,790.0283143834064,99543,1851,1213,318,135,108724,66083,1.7560953557758958,860,607,7582,11971,38888,33164,499,2908,48453,35973,0,0,487,77,1059,4803,32629,17267,3994,0,0,30354,8843,1,29,0,0,0,0,0
790,787,791.1185672300644,99543,1793,1173,318,135,108954,66225,1.7598324342244056,859,616,7681,12039,38852,33151,495,2884,48454,35975,0,0,484,75,1052,4804,32669,17410,3970,0,0,30276,8773,1,29,0,0,0,0,0
791,787,792.0282586375276,99541,1739,1168,320,135,109149,66376,1.763343747802413,847,591,7722,12099,38877,33143,493,2862,48455,35977,0,0,481,75,1046,4798,32712,17532,3944,0,0,30200,8723,1,29,0,0,0,0,0
792,787,793.120822342328,99541,1739,1139,320,135,109393,66524,1.7672818235701873,824,603,7824,12208,38806,33076,485,2837,48456,35979,0,0,477,75,1041,4789,32733,17669,3923,0,0,30136,8668,1,29,0,0,0,0,0
793,787,794.0330480237501,99540,1717,1114,320,136,109590,66646,1.7705043198714085,821,604,7885,12273,38773,33052,482,2819,48457,35981,0,0,472,74,1033,4785,32756,17789,3905,0,0,30076,8620,1,29,0,0,0,0,0
794,787,795.1293556948416,99540,1659,1096,320,136,109810,66804,1.774301788225839,788,573,7976,12358,38777,33043,478,2792,48458,35983,0,0,467,74,1027,4778,32836,17898,3881,0,0,30009,8540,1,29,0,0,0,0,0
795,787,796.0440313393683,99539,1633,1092,321,136,109991,66943,1.7775344337395393,766,542,8070,12441,38729,33013,479,2774,48459,35985,0,0,464,74,1021,4766,32891,17998,3859,0,0,29936,8500,1,29,0,0,0,0,0
796,787,797.1444191246268,99539,1617,1066,321,136,110212,67090,1.7812314771094746,760,521,8181,12519,38644,32999,475,2757,48460,35987,0,0,460,74,1013,4756,32947,18121,3839,0,0,29856,8443,1,29,0,0,0,0,0
797,787,798.0635985995362,99538,1576,1027,322,136,110379,67195,1.783981996825333,779,525,8257,12589,38590,32979,474,2742,48461,35989,0,0,456,74,1010,4758,32984,18232,3817,0,0,29776,8401,1,29,0,0,0,0,0
798,787,799.1689502333002,99538,1569,1011,322,136,110597,67329,1.7875183347063432,741,515,8350,12686,38545,32932,471,2718,48462,35991,0,0,450,73,1008,4742,33042,18335,3805,0,0,29708,8345,1,29,0,0,0,0,0
799,787,800.0916282003392,99537,1522,1000,323,136,110762,67442,1.7903292243085487,720,507,8445,12770,38519,32881,469,2704,48463,35993,0,0,445,72,1006,4734,33060,18451,3786,0,0,29639,8314,1,29,0,0,0,0,0
800,787,801.0158146139835,99534,1477,955,325,137,110935,67557,1.7932766692788393,684,492,8538,12848,38508,32875,466,2691,48464,35995,0,0,439,72,999,4720,33073,18585,3773,0,0,29567,8276,1,29,0,0,0,0,0
801,787,802.1268097422145,99533,1444,960,326,137,111131,67701,1.796710638682648,666,456,8634,12955,38463,32827,465,2663,48465,35997,0,0,436,71,994,4715,33090,18713,3753,0,0,29493,8238,1,29,0,0,0,0,0
802,787,803.0545363586776,99533,1429,933,326,137,111287,67809,1.799363025328283,642,441,8725,13038,38412,32799,464,2650,48466,35999,0,0,434,71,989,4707,33108,18808,3740,0,0,29454,8192,1,29,0,0,0,0,0
803,787,804.1698533347269,99533,1398,925,326,137,111474,67938,1.8025378517677555,632,432,8810,13136,38373,32740,459,2628,48467,36001,0,0,430,71,986,4697,33132,18919,3721,0,0,29403,8144,1,29,0,0,0,0,0
804,787,805.1007006188561,99533,1378,914,326,137,111629,68041,1.805129956898717,628,425,8871,13219,38338,32685,457,2618,48468,36003,0,0,427,71,981,4695,33173,19001,3702,0,0,29341,8112,1,29,0,0,0,0,0
805,787,806.032830786961,99533,1323,888,326,137,111756,68136,1.8073603729416374,626,421,8952,13304,38315,32642,456,2606,48469,36005,0,0,423,70,975,4689,33186,19106,3691,0,0,29285,8078,1,29,0,0,0,0,0
806,787,807.1530871042238,99530,1300,869,326,140,111943,68251,1.810449110820858,587,415,9043,13400,38290,32584,452,2590,48470,36006,0,0,419,70,973,4692,33212,19213,3669,0,0,29218,8034,1,29,0,0,0,0,0
807,787,808.0879854068772,99530,1260,875,326,140,112084,68352,1.8128805385310962,582,407,9135,13492,38246,32513,449,2571,48471,36007,0,0,417,69,972,4682,33217,19304,3658,0,0,29183,7998,1,29,0,0,0,0,0
808,787,809.0244857716715,99530,1214,879,326,140,112212,68462,1.8152717773535618,581,374,9215,13586,38219,32463,443,2556,48472,36008,0,0,416,69,969,4677,33226,19401,3647,0,0,29128,7967,1,29,0,0,0,0,0
809,787,810.1499489161472,99529,1165,840,327,140,112361,68555,1.8177214681148208,585,378,9307,13681,38174,32417,440,2542,48473,36009,0,0,413,68,964,4664,33268,19501,3627,0,0,29064,7930,1,29,0,0,0,0,0
810,787,811.0896158741776,99528,1153,804,327,141,112493,68642,1.8199401173539105,581,355,9377,13783,38119,32381,441,2534,48474,36010,0,0,410,67,958,4660,33307,19578,3614,0,0,29003,7901,1,29,0,0,0,0,0
811,787,812.0312276765036,99528,1144,783,327,141,112633,68713,1.8220601237842617,543,360,9456,13865,38087,32332,441,2517,48475,36011,0,0,406,67,957,4671,33327,19654,3595,0,0,28944,7877,1,29,0,0,0,0,0
812,787,813.1633978966017,99528,1103,743,327,141,112779,68801,1.824411220962945,546,354,9568,13955,38015,32302,439,2503,48476,36012,0,0,403,67,951,4654,33371,19744,3583,0,0,28886,7840,1,28,0,0,0,0,0
813,787,814.1091738210602,99527,1092,712,327,142,112915,68877,1.8265596270358797,544,359,9668,14030,37935,32262,432,2493,48477,36013,0,0,399,67,948,4647,33385,19826,3575,0,0,28834,7817,1,28,0,0,0,0,0
814,787,815.0570048570739,99527,1072,704,327,142,113049,68962,1.8287600349653863,516,352,9770,14121,37882,32194,431,2485,48478,36014,0,0,398,67,944,4640,33410,19901,3558,0,0,28791,7789,1,28,0,0,0,0,0
815,787,816.0068884268067,99527,1048,691,327,142,113174,69043,1.8308298250725934,495,361,9869,14181,37830,32149,429,2474,48479,36015,0,0,397,66,941,4632,33408,19995,3549,0,0,28751,7759,1,28,0,0,0,0,0
816,787,817.1493798524838,99526,1031,650,328,142,113318,69136,1.8332295078672909,461,338,9988,14298,37764,32108,426,2462,48480,36016,0,0,393,63,938,4625,33464,20072,3539,0,0,28676,7727,1,28,0,0,0,0,0
817,787,818.1038844416801,99526,1007,655,328,142,113424,69228,1.835218937765006,449,328,10127,14370,37663,32052,424,2451,48481,36017,0,0,390,63,936,4614,33458,20145,3530,0,0,28670,7691,1,28,0,0,0,0,0
818,787,819.0615590352694,99526,988,632,328,142,113537,69305,1.837127986656753,431,314,10238,14470,37592,31999,421,2441,48482,36018,0,0,388,63,935,4617,33494,20204,3514,0,0,28625,7658,1,27,0,0,0,0,0
819,787,820.0215095750303,99526,983,620,328,142,113644,69377,1.8389265116652935,417,309,10332,14538,37519,31958,419,2431,48483,36019,0,0,387,63,933,4608,33513,20267,3507,0,0,28580,7640,1,27,0,0,0,0,0
820,787,821.1759240051887,99526,936,610,328,142,113767,69454,1.8409360368145007,402,311,10449,14640,37465,31877,418,2418,48484,36020,0,0,387,63,932,4607,33513,20358,3492,0,0,28537,7609,1,27,0,0,0,0,0
821,787,822.1399680066237,99526,894,587,328,142,113854,69523,1.8425034664308824,415,312,10514,14711,37429,31843,418,2403,48485,36021,0,0,386,63,928,4595,33537,20429,3487,0,0,28490,7583,1,27,0,0,0,0,0
822,787,823.1058172658695,99526,876,584,328,142,113961,69598,1.844332134316661,406,300,10623,14805,37349,31775,416,2392,48486,36022,0,0,384,63,927,4591,33545,20500,3477,0,0,28446,7565,1,27,0,0,0,0,0
823,787,824.0739244330184,99526,849,611,328,142,114063,69693,1.8463115165886301,410,266,10712,14878,37285,31721,414,2380,48487,36023,0,0,383,63,927,4584,33553,20572,3468,0,0,28397,7551,1,27,0,0,0,0,0
824,787,825.0441177861904,99525,839,581,329,142,114170,69754,1.8480180859080633,403,258,10817,14958,37198,31689,412,2370,48488,36024,0,0,382,62,925,4578,33568,20642,3459,0,0,28346,7535,1,27,0,0,0,0,0
825,787,826.0167509895141,99525,835,563,329,142,114271,69821,1.8497061039939713,377,251,10918,15053,37129,31627,410,2362,48489,36025,0,0,381,62,924,4567,33591,20700,3451,0,0,28307,7514,1,27,0,0,0,0,0
826,787,827.1870862135723,99525,815,552,329,142,114381,69895,1.8515548857071087,381,250,11053,15159,37014,31549,406,2346,48490,36026,0,0,380,62,921,4559,33613,20768,3446,0,0,28256,7492,1,27,0,0,0,0,0
827,787,828.1652330879087,99524,803,527,329,143,114485,69949,1.853161046581729,377,256,11124,15252,36958,31481,407,2339,48491,36027,0,0,379,62,918,4546,33632,20832,3441,0,0,28213,7473,1,27,0,0,0,0,0
828,787,829.1453305463846,99524,786,516,329,143,114578,70016,1.8547686990072747,381,242,11209,15324,36889,31444,404,2329,48492,36028,0,0,377,62,918,4531,33633,20896,3433,0,0,28190,7456,1,27,0,0,0,0,0
829,787,830.1277348345865,99523,760,497,330,143,114667,70070,1.8562241893833586,370,246,11316,15404,36819,31394,403,2314,48493,36029,0,0,377,62,917,4521,33635,20966,3431,0,0,28157,7429,1,27,0,0,0,0,0
830,787,831.1124230657241,99523,740,484,330,143,114746,70122,1.8575404680325152,359,258,11426,15486,36740,31324,403,2303,48494,36030,0,0,376,61,915,4523,33651,21015,3421,0,0,28125,7409,1,26,0,0,0,0,0
831,787,832.0996715440126,99522,729,486,330,144,114827,70190,1.859056289061715,372,240,11522,15581,36644,31255,401,2292,48495,36031,0,0,375,61,913,4520,33662,21062,3413,0,0,28102,7387,1,26,0,0,0,0,0
832,787,833.0895437533487,99522,718,492,330,144,114913,70251,1.8605333494101806,358,239,11618,15649,36573,31193,401,2281,48496,36032,0,0,372,61,910,4508,33674,21114,3410,0,0,28071,7375,1,26,0,0,0,0,0
833,787,834.0813721579088,99522,723,476,330,144,115020,70306,1.8621611302023673,338,237,11704,15743,36504,31125,399,2273,48497,36033,0,0,370,59,908,4511,33676,21172,3399,0,0,28040,7361,1,25,0,0,0,0,0
834,787,835.0756912253001,99521,724,457,331,144,115105,70358,1.8635564353252076,339,228,11800,15818,36405,31082,399,2269,48498,36034,0,0,368,59,906,4511,33680,21229,3394,0,0,28001,7347,1,25,0,0,0,0,0
835,787,836.0726841114855,99521,708,456,331,144,115187,70412,1.8649229810793702,343,236,11892,15891,36325,31013,399,2258,48499,36035,0,0,367,59,906,4503,33680,21291,3391,0,0,27958,7340,1,25,0,0,0,0,0
836,787,837.072088300471,99521,676,453,331,144,115263,70474,1.8663096230946232,336,215,12009,16006,36249,30935,397,2245,48500,36036,0,0,363,59,906,4502,33675,21356,3387,0,0,27922,7325,1,25,0,0,0,0,0
837,787,838.0742512516157,99521,665,425,331,144,115338,70526,1.8675857356738779,339,211,12105,16105,36163,30879,395,2234,48501,36037,0,0,361,59,903,4494,33693,21407,3379,0,0,27890,7309,1,25,0,0,0,0,0
838,787,839.0791111469446,99521,656,416,331,144,115421,70575,1.868912088905859,323,201,12219,16208,36075,30804,394,2225,48502,36038,0,0,360,59,901,4493,33693,21465,3372,0,0,27859,7293,1,25,0,0,0,0,0
839,787,840.0865187261896,99521,629,386,331,144,115502,70617,1.8701480089629325,316,197,12317,16316,36013,30733,392,2222,48503,36039,0,0,360,59,896,4489,33696,21527,3362,0,0,27832,7274,1,25,0,0,0,0,0
840,787,841.0964752881744,99521,596,386,331,144,115570,70664,1.8713035439756434,312,198,12400,16391,35966,30666,393,2213,48504,36040,0,0,359,59,896,4482,33692,21576,3356,0,0,27820,7255,1,25,0,0,0,0,0
841,787,842.1082331813797,99521,585,390,331,144,115650,70716,1.8726298972076245,312,188,12495,16481,35882,30591,393,2204,48505,36041,0,0,358,59,894,4473,33697,21623,3352,0,0,27801,7238,1,25,0,0,0,0,0
842,787,843.122557507996,99520,566,377,332,144,115732,70755,1.8738645498392283,298,180,12602,16565,35808,30533,392,2199,48506,36042,0,0,355,59,894,4468,33694,21676,3344,0,0,27783,7222,1,24,0,0,0,0,0
843,787,844.1394630349876,99520,549,366,332,144,115810,70804,1.8751406752411575,291,160,12688,16663,35747,30470,391,2195,48507,36043,0,0,354,59,891,4459,33726,21718,3337,0,0,27740,7211,1,24,0,0,0,0,0
844,787,845.1588736958199,99520,535,362,332,144,115880,70850,1.876306270096463,290,153,12811,16759,35639,30397,391,2183,48508,36044,0,0,352,59,889,4460,33739,21757,3330,0,0,27712,7197,1,24,0,0,0,0,0
845,787,846.1817351894267,99520,532,338,332,144,115959,70885,1.877451768488746,278,156,12937,16854,35530,30330,389,2176,48509,36045,0,0,350,59,886,4457,33736,21813,3322,0,0,27679,7193,1,24,0,0,0,0,0
846,787,847.0022907898468,99520,546,326,332,144,116026,70908,1.878356109324759,253,156,13014,16926,35465,30274,388,2172,48510,36046,0,0,348,58,883,4457,33736,21846,3320,0,0,27660,7187,1,24,0,0,0,0,0
847,787,848.0305177848741,99520,537,319,332,144,116093,70948,1.879431270096463,252,166,13128,17009,35362,30202,387,2158,48511,36047,0,0,345,58,883,4455,33744,21885,3314,0,0,27634,7177,1,24,0,0,0,0,0
848,787,849.061773768244,99520,521,321,332,144,116148,70995,1.880456189710611,249,154,13246,17101,35262,30135,388,2143,48512,36048,0,0,343,58,883,4452,33751,21919,3311,0,0,27616,7162,1,24,0,0,0,0,0
849,787,850.0960611053472,99520,493,321,332,144,116198,71036,1.881370578778135,254,153,13343,17191,35190,30054,386,2135,48513,36049,0,0,343,58,881,4446,33747,21968,3308,0,0,27587,7157,1,24,0,0,0,0,0
850,787,851.1328277422351,99520,477,315,332,144,116263,71080,1.8824658360128617,240,142,13438,17301,35128,29969,383,2127,48514,36050,0,0,342,58,880,4444,33753,22012,3304,0,0,27557,7145,1,24,0,0,0,0,0
851,787,852.1719646247171,99520,475,312,332,144,116329,71126,1.8835912379421222,229,124,13549,17379,35030,29913,383,2126,48515,36051,0,0,341,57,877,4443,33761,22051,3296,0,0,27531,7138,1,24,0,0,0,0,0
852,787,853.0054064215615,99520,458,310,332,144,116369,71151,1.8842443729903537,236,124,13629,17446,34961,29854,382,2120,48516,36052,0,0,340,57,876,4439,33752,22085,3292,0,0,27525,7129,1,24,0,0,0,0,0
853,787,854.0501253817612,99520,442,294,332,144,116415,71183,1.8850281350482314,238,127,13740,17551,34864,29769,382,2113,48517,36053,0,0,339,57,876,4437,33761,22117,3287,0,0,27505,7116,1,24,0,0,0,0,0
854,787,855.0978459917849,99520,428,282,332,144,116474,71219,1.8859827170418006,231,127,13856,17623,34774,29712,377,2110,48518,36054,0,0,337,57,875,4432,33753,22161,3282,0,0,27494,7104,1,24,0,0,0,0,0
855,787,856.1486454758714,99520,423,257,332,144,116541,71245,1.8869172025723473,219,134,13971,17710,34677,29650,376,2103,48519,36055,0,0,335,56,875,4431,33761,22203,3277,0,0,27463,7095,1,23,0,0,0,0,0
856,787,857.2028836400374,99520,418,268,332,144,116602,71288,1.8879622186495177,199,128,14091,17812,34583,29550,375,2096,48520,36056,0,0,334,56,874,4425,33755,22245,3274,0,0,27444,7089,1,23,0,0,0,0,0
857,787,858.0483549542124,99520,404,261,332,144,116635,71312,1.888534967845659,209,123,14159,17886,34521,29494,373,2090,48521,36057,0,0,333,56,874,4417,33759,22270,3270,0,0,27439,7078,1,23,0,0,0,0,0
858,787,859.1077293912605,99520,398,256,332,144,116695,71345,1.8894694533762058,194,121,14277,17992,34424,29402,373,2083,48522,36058,0,0,333,56,873,4414,33766,22304,3264,0,0,27420,7066,1,23,0,0,0,0,0
859,787,860.1706682023971,99520,398,237,332,144,116747,71380,1.8903436495176849,194,113,14401,18106,34300,29323,373,2075,48523,36059,0,0,332,56,873,4409,33773,22340,3261,0,0,27399,7053,1,23,0,0,0,0,0
860,787,861.023612840346,99520,386,230,332,144,116784,71407,1.890986736334405,185,108,14480,18179,34241,29269,374,2068,48524,36060,0,0,332,56,872,4406,33777,22368,3256,0,0,27385,7044,1,23,0,0,0,0,0
861,787,862.0925099987129,99520,374,232,332,144,116830,71441,1.8917905948553055,190,104,14593,18279,34134,29187,375,2052,48525,36061,0,0,330,56,871,4406,33776,22398,3251,0,0,27372,7036,1,23,0,0,0,0,0
862,787,863.1645437464485,99520,361,229,332,144,116878,71471,1.8925743569131832,184,98,14684,18369,34063,29114,374,2044,48526,36062,0,0,328,56,870,4398,33783,22431,3249,0,0,27350,7031,1,23,0,0,0,0,0
863,787,864.0241405333047,99520,355,221,332,144,116912,71497,1.8931772508038585,176,96,14768,18443,33992,29058,375,2036,48527,36063,0,0,326,56,869,4402,33783,22457,3246,0,0,27333,7024,1,23,0,0,0,0,0
864,787,865.1013902726652,99520,346,207,332,144,116960,71524,1.8939308681672025,172,100,14866,18545,33910,28979,372,2023,48528,36064,0,0,326,56,869,4396,33781,22494,3242,0,0,27314,7018,1,23,0,0,0,0,0
865,787,866.1815098755161,99518,337,208,333,145,117011,71551,1.8947527080528146,153,102,14985,18648,33819,28880,371,2015,48529,36065,0,0,326,56,869,4393,33799,22518,3235,0,0,27282,7016,1,23,0,0,0,0,0
866,787,867.0477379301344,99517,325,211,334,145,117036,71574,1.8952540771928414,175,107,15065,18710,33729,28815,370,2010,48530,36066,0,0,325,56,869,4391,33794,22540,3233,0,0,27277,7008,1,23,0,0,0,0,0
867,787,868.1336152781183,99516,330,205,334,146,117084,71604,1.896056915470879,160,106,15170,18811,33633,28725,371,2005,48531,36067,0,0,325,56,865,4385,33813,22560,3227,0,0,27260,7001,1,23,0,0,0,0,0
868,787,869.0048201961179,99516,329,205,334,146,117116,71629,1.896629687688412,156,96,15259,18907,33548,28644,372,2000,48532,36068,0,0,325,56,864,4383,33825,22578,3224,0,0,27240,6997,1,23,0,0,0,0,0
869,787,870.0969331299851,99516,318,192,334,146,117156,71654,1.8972828489891074,157,98,15353,19010,33467,28558,369,1994,48533,36069,1,1,325,56,862,4383,33838,22602,3218,0,0,27219,6989,1,23,0,0,0,0,0
870,787,871.1921432083852,99516,327,192,334,146,117206,71683,1.898076691185337,142,103,15476,19108,33348,28464,371,1985,48534,36070,2,2,325,55,862,4381,33837,22628,3216,0,0,27208,6980,1,23,0,0,0,0,0
871,787,872.0710358301671,99516,326,203,334,146,117241,71709,1.8986896579444512,138,98,15563,19197,33265,28372,372,1982,48535,36071,3,3,325,55,860,4384,33844,22642,3208,0,0,27196,6977,1,23,0,0,1,0,0
872,787,873.1727175778466,99516,318,208,334,146,117280,71735,1.8993428192451465,139,92,15676,19319,33160,28261,371,1972,48536,36072,4,4,325,55,859,4381,33832,22672,3204,0,0,27190,6972,1,23,0,1,1,0,0
873,787,874.0566315119012,99516,306,204,334,146,117313,71762,1.8999457373688653,132,84,15755,19408,33100,28191,371,1965,48537,36073,5,5,323,54,858,4381,33837,22694,3201,0,0,27183,6959,1,23,0,1,1,0,0
874,787,875.1642802700306,99515,299,200,335,146,117357,71788,1.9006682409686981,121,83,15862,19527,33011,28084,370,1958,48538,36074,6,6,321,54,857,4379,33840,22723,3200,0,0,27160,6954,1,23,0,1,1,0,1
875,787,876.0528423782476,99515,287,197,335,146,117384,71806,1.9011204341054113,122,82,15969,19601,32913,28021,372,1951,48539,36075,7,7,320,54,857,4373,33837,22748,3199,0,0,27150,6950,1,23,0,1,1,0,1
876,787,877.1672741924775,99515,272,192,335,146,117419,71835,1.901763553233181,124,80,16090,19714,32805,27922,372,1944,48540,36076,8,8,320,54,855,4370,33838,22778,3196,0,0,27134,6941,1,23,0,3,1,0,1
877,787,878.061431580172,99515,259,183,335,146,117446,71851,1.9021956488971512,120,86,16165,19774,32746,27868,373,1941,48541,36077,9,9,319,53,854,4365,33843,22800,3194,0,0,27122,6935,1,23,0,4,1,0,1
878,787,879.1820829446405,99515,234,172,335,146,117467,71871,1.9026076470883786,129,87,16278,19876,32647,27787,375,1930,48542,36078,10,10,318,53,853,4369,33833,22834,3187,0,0,27102,6935,1,23,0,5,1,0,1
879,787,880.0812202177968,99515,237,164,335,146,117500,71888,1.9031100839069488,119,81,16356,19973,32576,27707,375,1927,48543,36079,11,11,317,53,852,4372,33835,22851,3182,0,0,27093,6928,1,23,0,6,1,0,1
880,787,881.2080552212313,99515,248,164,335,146,117541,71912,1.9037632517710898,108,80,16457,20077,32476,27605,374,1926,48544,36080,12,12,317,53,852,4369,33837,22870,3178,0,0,27086,6921,1,23,0,6,1,0,1
881,787,882.1120443544274,99515,240,160,335,146,117566,71929,1.9041852986986887,107,90,16552,20160,32390,27524,374,1918,48545,36081,14,14,317,52,852,4364,33843,22887,3175,0,0,27077,6914,1,23,0,8,1,0,1
882,787,883.0184324846596,99515,241,155,335,146,117592,71949,1.904647540571773,117,83,16629,20222,32301,27474,375,1918,48546,36082,16,16,316,52,852,4360,33852,22901,3173,0,0,27064,6909,1,23,0,9,1,0,2
883,787,884.1549436717808,99515,228,152,335,146,117627,71974,1.9052504647540571,110,80,16764,20328,32185,27379,376,1913,48547,36083,19,18,315,52,852,4359,33842,22936,3169,0,0,27048,6905,1,23,0,10,1,0,2
884,787,885.0675075120837,99515,230,151,335,146,117652,71992,1.9056825604180274,106,77,16875,20405,32075,27305,377,1914,48548,36084,23,21,314,52,852,4359,33837,22956,3167,0,0,27035,6903,1,23,0,13,1,0,2
885,787,886.2123774269428,99515,207,156,335,146,117670,72013,1.9060744611365121,119,80,17000,20495,31958,27208,379,1913,48549,36085,28,25,313,52,852,4350,33847,22976,3168,0,0,27016,6896,1,23,0,16,1,0,4
886,787,887.1313607870733,99515,200,157,335,146,117693,72031,1.9064864593277395,114,73,17082,20578,31884,27137,383,1907,48550,36086,34,30,313,52,851,4347,33837,22999,3168,0,0,27007,6890,1,23,0,20,2,0,5
887,787,888.0528950079595,99515,210,145,335,146,117726,72043,1.9069386524644525,108,72,17180,20651,31777,27074,388,1910,48551,36087,42,36,313,52,850,4342,33840,23018,3165,0,0,26997,6882,1,23,0,23,2,0,7
888,787,889.2088672323807,99515,203,153,335,146,117763,72070,1.9075817715922223,90,67,17302,20754,31673,26966,395,1912,48552,36088,51,43,313,52,848,4341,33841,23041,3159,0,0,26983,6875,1,23,0,27,2,0,9
889,787,890.1365299886936,99515,190,154,335,146,117778,72088,1.9079133798924786,99,60,17386,20852,31586,26870,402,1916,48553,36089,63,51,313,52,847,4343,33829,23069,3154,0,0,26966,6871,1,23,0,33,2,0,12
890,787,891.0667521971087,99515,196,145,335,146,117806,72098,1.9082952318745918,98,65,17476,20939,31481,26778,412,1925,48554,36090,77,61,313,52,846,4340,33827,23089,3152,0,0,26946,6865,1,23,0,45,2,0,14
891,787,892.000150877072,99515,196,146,335,146,117837,72112,1.9087474250113048,90,65,17565,21005,31390,26701,422,1935,48555,36091,94,73,313,52,844,4337,33818,23116,3150,0,0,26932,6859,1,23,0,50,4,0,16
892,787,893.1707842095091,99515,195,142,335,146,117868,72128,1.9092197156207606,96,65,17669,21080,31267,26614,436,1951,48556,36092,115,87,313,52,844,4336,33807,23147,3146,0,0,26911,6854,1,23,0,60,4,0,17
893,787,894.1104020553271,99515,197,138,335,146,117892,72140,1.9095814701301312,88,70,17741,21149,31185,26528,452,1967,48557,36093,140,103,311,52,844,4335,33806,23166,3145,0,0,26886,6845,1,23,0,74,4,0,23
894,787,895.0528245886923,99515,199,141,335,146,117913,72158,1.9099733708486157,89,62,17833,21244,31072,26418,470,1987,48558,36094,170,122,311,52,844,4334,33784,23198,3142,0,0,26870,6834,1,23,0,91,4,0,27
895,787,896.2355436462175,99515,199,144,335,146,117948,72176,1.9105059538763,84,63,17938,21331,30953,26297,489,2017,48559,36095,206,144,311,52,842,4333,33764,23233,3136,0,0,26846,6826,1,23,0,113,5,0,30
896,787,897.1849943973257,99515,192,132,335,146,117966,72191,1.9108375621765563,91,66,18027,21378,30844,26226,509,2050,48560,36096,248,169,311,52,841,4329,33739,23286,3134,0,0,26814,6815,1,23,0,128,5,0,37
897,787,898.1377764756966,99515,198,124,335,146,117995,72203,1.9112495603677837,85,69,18105,21430,30737,26140,538,2089,48561,36097,297,197,311,52,840,4323,33725,23319,3133,0,0,26778,6805,1,23,0,155,6,0,44
898,787,899.0938766291979,99515,189,121,335,146,118010,72211,1.911480681304326,92,73,18172,21482,30639,26038,571,2138,48562,36098,354,229,311,52,838,4320,33689,23369,3132,0,0,26742,6798,1,23,0,183,8,0,49
899,787,900.0530254164233,99515,182,127,335,146,118026,72224,1.9117720946590966,117,90,18233,21556,30561,25950,570,2129,48562,36098,354,229,311,52,838,4321,33679,23384,3128,0,0,26743,6795,1,23,0,183,8,0,49
900,787,900.0530254164233,99515,186,131,335,146,118035,72233,1.9119529719137818,110,83,18243,21540,30518,25905,606,2193,48562,36098,420,266,311,52,837,4321,33632,23436,3127,0,0,26712,6787,1,23,0,210,9,0,57
901,787,901.0155122944215,99515,195,129,335,146,118069,72249,1.912455408732352,100,86,18319,21579,30402,25801,647,2257,48562,36098,496,308,311,52,836,4320,33600,23487,3126,0,6,26658,6768,1,23,0,248,9,0,70
902,787,902.2236861674503,99515,192,122,335,146,118105,72275,1.9130784303873787,103,91,18398,21638,30279,25671,691,2330,48562,36098,583,355,311,52,836,4315,33560,23559,3123,0,10,26592,6753,1,23,0,290,9,0,81
903,787,903.1940451559193,99515,194,130,335,146,118138,72297,1.913631110887806,105,90,18471,21662,30153,25551,740,2419,48562,36098,682,408,311,51,835,4313,33497,23634,3121,0,13,26531,6738,1,23,0,344,10,0,93
904,787,904.1681500492159,99515,201,131,335,146,118170,72313,1.9141134502336332,102,97,18516,21685,30047,25419,797,2520,48562,36098,794,467,311,51,834,4310,33446,23702,3120,0,17,26458,6720,1,23,0,405,10,0,107
905,787,905.1457694984719,99515,196,142,335,146,118197,72342,1.9146761794704317,106,90,18576,21716,29925,25279,860,2625,48562,36098,921,533,311,51,832,4307,33371,23790,3118,0,25,26389,6696,1,22,1,466,12,1,122
906,787,906.1274199790006,99515,203,145,335,146,118229,72364,1.9152188112344872,105,91,18652,21733,29773,25127,930,2756,48562,36098,1063,606,311,51,826,4301,33304,23879,3116,0,27,26305,6682,1,22,1,536,18,1,134
907,787,907.1138039888674,99515,211,147,335,146,118258,72384,1.915711199316686,112,91,18704,21755,29627,24950,1009,2909,48562,36098,1222,687,311,51,825,4303,33241,23956,3113,0,30,26203,6657,1,22,1,626,18,1,156
908,787,908.1047114282077,99515,202,145,335,146,118284,72403,1.916163392453399,111,92,18739,21749,29515,24792,1096,3074,48562,36098,1400,776,310,51,820,4299,33156,24064,3112,1,34,26100,6627,1,22,1,712,22,1,182
909,787,909.0996111666783,99515,194,146,335,146,118310,72422,1.9166155855901121,116,93,18780,21751,29381,24611,1192,3251,48562,36098,1597,874,309,51,818,4296,33052,24183,3109,2,42,25983,6599,1,22,1,820,24,1,202
910,787,910.0990429492431,99515,194,142,335,146,118340,72444,1.917138119881425,118,85,18844,21701,29214,24474,1293,3450,48562,36098,1815,981,309,51,814,4297,32929,24326,3105,2,48,25876,6559,1,21,1,911,28,1,236
911,787,911.1039568894591,99515,202,142,335,146,118369,72467,1.9176606541727377,116,86,18892,21685,29051,24274,1402,3665,48562,36098,2055,1098,309,51,811,4293,32819,24455,3103,2,51,25738,6522,1,21,1,1037,30,1,270
912,787,912.1143036781172,99515,200,139,335,146,118400,72484,1.918142993518565,121,92,18924,21658,28903,24060,1515,3903,48562,36098,2317,1225,309,51,808,4294,32703,24592,3099,2,54,25574,6484,1,20,2,1183,33,1,305
913,787,913.1296418456544,99514,193,129,335,147,118428,72508,1.918684808167695,122,88,18945,21595,28760,23875,1643,4164,48562,36098,2603,1363,309,51,802,4292,32543,24782,3095,2,58,25421,6444,1,20,2,1312,38,1,341
914,787,914.1505881015513,99514,202,136,335,147,118462,72534,1.9192877384086662,120,82,18993,21543,28562,23640,1786,4450,48562,36098,2914,1512,309,51,797,4296,32388,24953,3090,2,59,25257,6403,1,20,2,1461,43,3,379
915,787,915.1782029018309,99514,204,135,335,147,118491,72556,1.9198002291134915,119,83,19020,21462,28385,23405,1935,4766,48562,36098,3251,1673,309,51,791,4292,32238,25129,3088,2,62,25063,6351,1,20,2,1636,48,3,428
916,787,916.2122637086065,99514,207,149,335,147,118523,72586,1.9204232570291617,109,72,19046,21387,28202,23141,2099,5102,48562,36098,3614,1846,309,51,783,4288,32055,25334,3087,2,67,24858,6300,1,20,2,1824,56,3,474
917,787,917.2531360492446,99513,205,153,335,148,118553,72609,1.9209751489755107,112,75,19069,21285,28004,22885,2273,5452,48562,36098,4004,2031,308,51,777,4289,31857,25549,3085,3,69,24636,6245,1,20,2,2032,60,3,526
918,787,918.0386500998168,99513,214,151,335,148,118581,72625,1.921417302262016,108,74,19063,21157,27813,22624,2465,5844,48562,36098,4421,2229,308,51,771,4286,31631,25791,3085,3,74,24401,6184,1,20,2,2254,66,4,581
919,787,919.093695174819,99513,201,134,335,148,118612,72638,1.9218594555485213,110,79,19070,21055,27619,22330,2663,6252,48562,36098,4866,2440,306,51,767,4286,31400,26050,3083,5,81,24140,6114,1,20,2,2490,69,5,643
920,787,920.1564461018557,99513,207,137,335,148,118642,72658,1.9223619024650045,103,83,19085,20934,27389,22015,2879,6681,48562,36098,5338,2664,306,51,761,4284,31139,26325,3082,5,85,23893,6055,1,19,3,2726,75,6,697
921,787,921.2278850818145,99513,201,136,335,148,118676,72681,1.9229346919497956,120,80,19078,20786,27166,21698,3098,7150,48562,36098,5836,2902,305,51,751,4287,30879,26601,3078,6,91,23619,5984,1,18,4,2985,85,8,760
922,787,922.0372080835298,99513,202,141,335,148,118705,72696,1.9233768452363007,113,90,19046,20590,26964,21397,3338,7632,48562,36098,6360,3153,304,51,739,4288,30607,26885,3074,7,92,23345,5909,1,18,4,3251,96,8,834
923,787,923.1251546156557,99513,191,141,335,148,118727,72715,1.923788851707817,126,93,19027,20393,26734,21083,3585,8140,48562,36098,6909,3417,303,51,726,4291,30339,27169,3071,8,96,23041,5837,1,16,6,3540,108,9,901
924,787,924.2224200408106,99513,192,142,335,148,118755,72737,1.9242912986243004,129,95,18984,20226,26505,20731,3853,8656,48562,36098,7482,3695,303,51,719,4290,30046,27488,3068,8,98,22748,5769,1,16,6,3811,115,11,965
925,787,925.0516929437252,99512,189,145,336,148,118775,72757,1.9247125974756814,130,85,18932,20024,26285,20395,4126,9201,48562,36098,8077,3986,303,51,712,4287,29751,27800,3066,8,97,22429,5681,1,16,6,4118,121,15,1050
926,787,926.1674682572774,99512,199,153,336,148,118808,72786,1.9253356379130155,129,79,18867,19817,26054,20034,4413,9767,48562,36098,8693,4290,303,51,698,4288,29434,28130,3064,8,104,22093,5589,1,16,6,4443,134,17,1133
927,787,927.0109270065587,99512,207,152,336,148,118845,72799,1.9258380898786076,121,81,18793,19582,25823,19693,4718,10342,48562,36098,9328,4607,303,51,695,4285,29123,28455,3063,8,104,21770,5492,1,16,6,4756,137,21,1226
928,787,928.1464892208407,99512,203,137,336,148,118874,72811,1.9262501004903931,128,90,18731,19392,25572,19320,5028,10911,48562,36098,9980,4936,303,51,684,4286,28769,28826,3060,8,107,21432,5406,1,16,6,5079,148,23,1307
929,787,929.0057623122872,99512,207,146,336,148,118903,72836,1.9267927486132326,126,78,18663,19127,25311,18972,5355,11527,48562,36098,10646,5277,303,51,671,4283,28435,29174,3058,8,109,21079,5305,1,16,6,5423,161,24,1405
930,787,930.163855229943,99512,212,157,336,148,118944,72867,1.927516279443685,125,66,18608,18905,25041,18595,5676,12127,48562,36098,11325,5629,303,51,663,4279,28083,29547,3056,8,116,20720,5199,1,16,6,5767,169,26,1502
931,787,931.0409583940688,99512,230,155,336,148,118976,72883,1.9279986333306536,127,68,18499,18666,24788,18205,6018,12756,48562,36098,12014,5992,303,51,649,4278,27684,29957,3055,8,115,20366,5113,1,16,6,6112,183,30,1585
932,787,932.2233359837329,99512,239,138,336,148,119027,72901,1.9286920170431707,112,70,18454,18435,24501,17839,6356,13368,48562,36098,12710,6365,303,51,638,4271,27348,30325,3053,8,120,20003,4999,1,15,7,6453,193,36,1688
933,787,933.1193081866719,99512,236,129,336,148,119052,72914,1.9290738805370207,108,72,18384,18178,24216,17468,6718,14003,48562,36098,13411,6747,302,51,630,4268,26974,30715,3052,9,123,19636,4897,1,15,7,6808,201,39,1784
934,787,934.0259439257128,99512,227,127,336,148,119076,72933,1.9295059892274298,110,74,18285,17921,23952,17099,7088,14629,48562,36098,14114,7137,301,51,616,4269,26628,31081,3046,10,126,19278,4793,1,15,7,7151,215,44,1880
935,787,935.2496953331469,99512,211,129,336,148,119111,72959,1.9301189806254522,112,70,18229,17666,23659,16732,7451,15253,48562,36098,14817,7535,300,51,606,4269,26265,31473,3040,11,128,18900,4694,1,15,7,7507,224,48,1973
936,787,936.1775871729798,99512,215,135,336,148,119138,72977,1.930571187394485,115,68,18124,17389,23379,16359,7829,15899,48562,36098,15518,7939,300,51,600,4264,25855,31897,3040,11,129,18517,4608,1,15,7,7881,230,49,2057
937,787,937.116581482906,99512,213,133,336,148,119167,72993,1.931023394163518,112,69,18042,17114,23086,16011,8209,16523,48562,36098,16214,8349,299,51,590,4262,25452,32318,3038,12,131,18158,4496,1,15,7,8227,239,50,2166
938,787,938.0673586762344,99512,201,128,336,148,119193,73004,1.9313952086180561,127,76,17954,16860,22800,15653,8580,17133,48562,36098,16903,8764,298,50,578,4259,25058,32732,3036,13,130,17810,4388,1,15,7,8561,251,54,2271
939,787,939.0300940962388,99512,196,128,336,148,119213,73021,1.9317670230725943,133,78,17853,16649,22509,15270,8971,17725,48562,36098,17583,9182,298,50,560,4255,24678,33130,3036,13,132,17437,4288,1,15,7,8923,266,57,2366
940,787,940.0050786661659,99512,193,134,336,148,119238,73044,1.9322493769595626,129,76,17758,16405,22230,14931,9352,18304,48562,36098,18252,9603,297,50,549,4251,24305,33525,3034,14,132,17100,4189,1,15,7,9244,277,61,2461
941,787,941.3235312658087,99512,203,133,336,148,119280,73068,1.9329126135541441,126,72,17700,16183,21907,14617,9726,18845,48562,36098,18909,10026,297,50,537,4247,23944,33906,3033,14,135,16737,4078,1,15,7,9592,289,65,2565
942,787,942.3255800072016,99512,188,130,336,148,119304,73080,1.9332743789693705,123,76,17635,15977,21607,14285,10109,19382,48562,36098,19552,10449,297,50,524,4247,23564,34304,3029,14,134,16389,3994,1,15,7,9927,301,71,2644
943,787,943.0011907824105,99512,191,126,336,148,119326,73097,1.9336662915025324,120,68,17503,15713,21340,14008,10508,19935,48562,36098,20180,10872,297,50,510,4244,23231,34653,3028,14,136,16032,3896,1,15,7,10274,313,74,2737
944,787,944.0299578605824,99512,188,117,336,148,119355,73113,1.9341184982715653,119,66,17395,15526,21075,13700,10885,20441,48562,36098,20791,11294,297,50,499,4242,22882,35027,3022,14,138,15695,3802,1,15,7,10594,324,76,2827
945,787,945.0720566107424,99512,190,108,336,148,119382,73128,1.9345405579226627,116,60,17322,15330,20784,13398,11250,20954,48562,36098,21385,11714,296,50,493,4238,22530,35401,3021,15,138,15368,3725,1,15,7,10904,330,80,2900
946,787,946.1284316850385,99512,186,97,336,148,119412,73139,1.9349525685344482,107,63,17249,15155,20500,13101,11620,21434,48562,36098,21961,12131,296,50,485,4239,22171,35778,3017,15,145,15076,3625,1,14,8,11181,338,82,2991
947,787,947.1997068239199,99512,181,94,336,148,119433,73156,1.9353344320282981,104,60,17166,15013,20231,12785,11980,21898,48562,36098,22518,12544,296,50,474,4238,21831,36134,3016,15,144,14757,3563,1,14,8,11487,348,85,3051
948,787,948.2853914522901,99512,184,91,336,148,119460,73168,1.9357263445614599,94,61,17081,14848,19962,12513,12341,22337,48562,36098,23056,12953,295,50,468,4235,21484,36495,3013,16,146,14464,3495,1,14,8,11772,354,87,3115
949,787,949.0173985361139,99512,185,87,336,148,119483,73175,1.9360278157408153,95,61,16986,14650,19686,12265,12710,22787,48562,36098,23575,13357,295,50,459,4234,21179,36809,3012,16,146,14170,3417,1,14,8,12059,363,88,3192
950,787,950.1330541447303,99512,189,93,336,148,119510,73194,1.93649007154916,94,53,16911,14519,19409,11987,13059,23198,48562,36098,24075,13755,295,50,451,4233,20883,37125,3008,16,142,13869,3354,1,14,8,12346,370,93,3254
951,787,951.2650127440611,99512,185,100,336,148,119535,73210,1.9369020821609455,88,55,16863,14423,19134,11711,13392,23561,48562,36098,24556,14147,295,49,442,4234,20562,37458,3006,16,139,13604,3287,1,14,8,12602,378,98,3319
952,787,952.0285640996807,99512,188,93,336,148,119554,73221,1.9372035533403007,89,52,16761,14271,18885,11497,13739,23937,48562,36098,25017,14532,295,49,434,4236,20260,37766,3004,16,142,13322,3239,1,14,8,12878,386,100,3362
953,787,953.1918460398572,99512,187,89,336,148,119586,73236,1.9376758581879572,83,45,16722,14177,18623,11259,14047,24280,48562,36098,25459,14909,295,49,427,4234,19973,38075,3000,16,143,13076,3181,1,14,8,13110,391,102,3417
954,787,954.3716484817814,99512,178,84,336,148,119604,73244,1.9379371332100652,86,53,16637,14060,18403,11054,14358,24599,48562,36098,25883,15279,295,49,418,4232,19673,38388,2997,16,147,12850,3121,1,14,8,13328,400,105,3470
955,787,955.1662638742773,99512,173,86,336,148,119619,73257,1.9382185063107966,84,55,16570,13945,18169,10842,14666,24922,48562,36098,26288,15640,294,49,409,4232,19386,38685,2995,17,149,12616,3060,1,14,8,13554,409,106,3528
956,787,956.3761562951581,99512,186,88,336,148,119652,73271,1.9386908111584533,72,57,16532,13884,17912,10640,14960,25181,48562,36098,26675,15993,294,49,397,4234,19134,38947,2992,17,150,12385,3005,1,14,8,13776,421,110,3578
957,787,957.1921618055961,99512,175,87,336,148,119664,73285,1.9389520861805611,77,51,16452,13779,17708,10470,15250,25463,48562,36098,27045,16337,294,49,391,4239,18895,39201,2985,17,152,12179,2940,1,14,8,13970,426,112,3639
958,787,958.0182314408381,99512,175,85,336,148,119681,73294,1.939213361202669,82,57,16394,13670,17482,10304,15529,25734,48562,36098,27398,16672,294,49,384,4235,18672,39440,2984,17,149,11955,2888,1,13,9,14183,433,117,3689
959,787,959.275364245752,99512,175,78,336,148,119708,73308,1.9396253718144545,84,55,16358,13648,17271,10114,15774,25955,48562,36098,27734,16998,294,48,382,4238,18440,39690,2979,17,145,11752,2828,1,11,11,14371,435,124,3746
960,787,960.1220922271374,99512,168,77,336,148,119723,73315,1.9398464506793152,97,59,16277,13582,17085,9937,16035,26195,48562,36098,28054,17315,294,48,373,4239,18198,39946,2974,17,143,11588,2787,1,10,12,14525,444,128,3785
961,787,961.4087281537403,99512,174,83,336,148,119758,73331,1.940358951684219,86,56,16258,13576,16873,9753,16271,26382,48562,36098,28359,17623,294,48,370,4236,17972,40190,2974,17,141,11391,2749,1,10,12,14707,447,130,3823
962,787,962.2755310932499,99512,155,90,336,148,119770,73346,1.9406302757456386,94,55,16221,13521,16669,9621,16523,26563,48562,36098,28649,17922,294,48,367,4233,17784,40391,2973,17,139,11202,2717,1,10,12,14887,450,133,3854
963,787,963.1526614000373,99512,153,86,336,148,119795,73354,1.9409618940429294,95,52,16162,13491,16494,9468,16758,26753,48562,36098,28925,18212,294,48,356,4229,17583,40603,2971,17,142,11035,2679,1,10,12,15050,460,134,3888
964,787,964.0329406056248,99512,146,90,336,148,119816,73367,1.9413035613795322,91,53,16114,13435,16331,9343,16980,26929,48562,36098,29187,18493,294,48,353,4229,17403,40794,2968,17,145,10866,2634,1,10,12,15211,463,137,3927
965,787,965.3389110781048,99512,155,91,336,148,119847,73383,1.9417758662271887,86,49,16113,13461,16140,9195,17168,27054,48562,36098,29436,18764,294,48,349,4227,17213,40994,2967,17,145,10706,2596,1,10,12,15364,467,142,3960
966,787,966.2016178566703,99512,157,89,336,148,119870,73390,1.9420773374065439,89,51,16081,13421,15964,9075,17371,27214,48562,36098,29673,19026,293,48,344,4226,17060,41157,2966,18,143,10545,2559,1,10,12,15517,472,146,3995
967,787,967.054003339789,99512,155,90,336,148,119892,73401,1.9424089557038346,75,51,16032,13420,15823,8941,17577,27348,48562,36098,29898,19280,293,47,338,4224,16903,41326,2966,18,143,10391,2528,1,9,13,15662,478,150,4022
968,787,968.315165571295,99512,166,87,336,148,119930,73415,1.9429315057480505,69,53,16043,13462,15645,8815,17739,27433,48562,36098,30112,19525,293,46,335,4227,16738,41502,2962,18,136,10269,2501,1,9,13,15775,481,160,4046
969,787,969.1492128689804,99512,164,94,336,148,119946,73432,1.9432631240453413,71,47,16001,13462,15504,8701,17922,27546,48562,36098,30315,19761,292,46,329,4228,16583,41665,2959,19,137,10129,2477,1,9,13,15909,487,162,4067
970,787,970.3854104678375,99512,164,101,336,148,119969,73452,1.9436952327357504,76,46,16029,13495,15324,8595,18069,27613,48562,36098,30508,19989,292,46,322,4227,16436,41824,2957,19,135,10013,2443,1,8,14,16018,493,168,4096
971,787,971.2038497116525,99512,159,96,336,148,119986,73456,1.943906262561299,75,52,15996,13505,15195,8490,18237,27707,48562,36098,30691,20209,292,46,318,4225,16285,41986,2956,19,132,9900,2421,1,8,14,16123,497,174,4115
972,787,972.0145876799878,99512,145,101,336,148,119996,73469,1.9441373904654715,86,50,15967,13512,15067,8394,18397,27793,48562,36098,30865,20421,292,46,314,4220,16157,42127,2956,19,131,9785,2397,1,8,14,16230,501,177,4137
973,787,973.2182833828896,99512,158,98,336,148,120030,73484,1.9446297933917518,78,41,16019,13546,14899,8305,18508,27860,48562,36098,31030,20625,292,46,310,4218,16020,42279,2955,19,134,9674,2367,1,8,14,16329,505,178,4163
974,787,974.0166026130779,99511,164,100,336,149,120047,73497,1.9449508094582508,70,36,16005,13567,14767,8213,18656,27933,48562,36098,31187,20821,292,46,309,4218,15875,42433,2953,19,134,9562,2354,1,8,14,16433,506,181,4173
975,787,975.2034304008712,99511,162,88,336,149,120063,73506,1.945202037965652,82,42,16035,13610,14630,8147,18753,27962,48562,36098,31336,21010,292,45,306,4218,15755,42568,2952,19,136,9467,2326,1,8,14,16515,509,183,4197
976,787,976.3838210162296,99511,171,88,336,149,120094,73518,1.945634150998382,76,43,16067,13680,14490,8050,18858,27988,48562,36098,31477,21192,291,45,305,4213,15645,42693,2952,20,136,9376,2305,1,8,14,16596,510,186,4215
977,787,977.1669262788354,99511,161,77,336,149,120101,73523,1.9457547406819347,84,45,16051,13709,14379,7980,18987,28038,48562,36098,31611,21367,290,45,299,4211,15542,42805,2952,21,136,9289,2279,1,7,15,16676,516,188,4239
978,787,978.332305006327,99511,165,82,336,149,120126,73537,1.9461466571534805,83,39,16113,13772,14233,7907,19068,28049,48562,36098,31738,21535,290,45,298,4214,15430,42926,2949,21,138,9196,2264,1,7,15,16760,517,188,4252
979,787,979.1062965197946,99511,174,86,336,149,120150,73544,1.946458180502658,78,42,16097,13789,14148,7841,19165,28091,48562,36098,31859,21697,290,45,298,4214,15334,43027,2948,21,138,9102,2250,1,7,15,16850,517,188,4266
980,787,980.2603677574904,99511,163,89,336,149,120165,73560,1.9467697038518355,84,40,16140,13855,14035,7761,19240,28104,48562,36098,31974,21852,289,45,296,4209,15241,43137,2948,22,139,9012,2240,1,7,15,16928,519,189,4274
981,787,981.0272362496856,99511,153,85,336,149,120174,73563,1.946890293535388,86,43,16126,13877,13948,7703,19349,28141,48562,36098,32083,22001,289,45,296,4208,15154,43233,2947,21,139,8927,2223,1,7,15,17007,519,189,4291
982,787,982.1704407705074,99511,150,86,336,149,120189,73575,1.9471616203233812,90,39,16181,13956,13834,7647,19407,28121,48562,36098,32187,22144,289,45,289,4207,15059,43339,2946,21,139,8859,2209,1,7,15,17066,526,190,4304
983,787,983.3098457943129,99511,158,87,336,149,120217,73583,1.9475233893740391,82,45,16229,14045,13729,7586,19464,28086,48562,36098,32285,22282,289,45,286,4204,14980,43429,2945,21,139,8800,2199,1,7,15,17118,529,193,4311
984,787,984.0674798155995,99511,149,89,336,149,120230,73591,1.947734421320256,81,47,16243,14087,13639,7520,19550,28106,48562,36098,32379,22414,289,45,284,4202,14894,43525,2945,21,140,8731,2193,1,7,15,17179,531,195,4314
985,787,985.1983373009148,99511,153,93,336,149,120255,73605,1.9481263377918019,82,44,16303,14184,13533,7464,19591,28064,48562,36098,32468,22541,289,45,282,4201,14827,43604,2944,21,140,8677,2172,1,7,15,17225,532,199,4330
986,787,986.3267883705704,99511,162,89,336,149,120280,73616,1.9484881068424595,77,47,16359,14247,13439,7419,19625,28047,48562,36098,32553,22663,289,45,281,4201,14747,43691,2943,21,143,8618,2153,1,7,15,17278,533,200,4345
987,787,987.0779938940867,99511,159,90,336,149,120293,73626,1.9487192370692688,79,43,16394,14277,13345,7384,19685,28055,48562,36098,32633,22780,288,45,280,4198,14681,43765,2943,22,142,8566,2139,1,7,15,17326,533,201,4359
988,787,988.2007580636815,99511,160,87,336,149,120321,73641,1.9491513501019988,84,40,16439,14361,13259,7348,19720,28013,48562,36098,32709,22893,288,45,280,4198,14615,43850,2940,22,141,8505,2127,1,7,15,17372,532,205,4368
989,787,989.3217759317727,99511,151,87,336,149,120343,73658,1.9495432665735446,80,34,16494,14446,13190,7305,19747,27977,48562,36098,32782,23001,288,45,279,4193,14554,43929,2938,22,140,8451,2117,1,7,15,17415,533,211,4373
990,787,990.0682426832473,99511,148,85,336,149,120356,73664,1.9497342002391695,78,34,16523,14481,13123,7268,19790,27981,48562,36098,32851,23105,288,45,279,4194,14500,43991,2935,22,142,8401,2102,1,7,15,17459,533,212,4385
991,787,991.1850643953485,99511,152,86,336,149,120379,73675,1.9500758710092352,72,39,16604,14569,13034,7215,19800,27940,48562,36098,32917,23205,288,45,279,4192,14434,44068,2935,22,145,8349,2091,1,7,15,17503,532,213,4392
992,787,992.3012967807492,99510,153,84,336,150,120393,73684,1.9503266003416742,77,40,16670,14666,12945,7178,19817,27880,48562,36098,32980,23301,287,45,277,4190,14379,44133,2934,23,146,8302,2081,1,7,15,17542,534,216,4398
993,787,993.0449000421038,99510,155,89,336,150,120414,73694,1.950638126821425,72,43,16690,14714,12881,7133,19864,27869,48562,36098,33040,23393,287,45,277,4189,14325,44195,2932,23,147,8261,2073,1,7,15,17578,534,217,4404
994,787,994.157230485529,99510,148,90,336,150,120433,73707,1.950959702542458,75,50,16752,14801,12814,7088,19873,27819,48562,36098,33097,23481,287,45,277,4188,14267,44267,2929,23,148,8220,2062,1,7,15,17609,534,219,4412
995,787,995.2692443503448,99509,148,87,337,150,120454,73723,1.9513511340682752,75,48,16836,14895,12740,7063,19862,27755,48562,36098,33151,23566,286,45,275,4188,14223,44325,2927,24,151,8177,2050,1,7,15,17639,536,221,4419
996,787,996.0108306196114,99509,144,90,337,150,120468,73733,1.9515923182827684,77,42,16872,14955,12676,7025,19892,27736,48562,36098,33203,23648,286,45,274,4186,14179,44377,2925,24,151,8138,2046,1,7,15,17675,536,223,4421
997,787,997.1215685166611,99509,137,90,337,150,120487,73742,1.9518736998663437,76,47,16937,15058,12618,6981,19893,27672,48562,36098,33252,23726,286,45,273,4185,14133,44430,2924,24,151,8104,2037,1,7,15,17704,537,224,4429
998,787,998.2320749042943,99509,130,93,337,150,120505,73756,1.9521952788190013,75,42,16992,15156,12564,6946,19900,27611,48562,36098,33299,23801,286,45,273,4185,14091,44480,2921,24,154,8067,2029,1,7,15,17736,537,227,4431
999,787,999.3422786093586,99509,126,83,337,150,120520,73764,1.952426413691224,77,49,17055,15259,12495,6921,19908,27536,48562,36098,33344,23873,286,45,273,4183,14049,44536,2920,24,157,8036,2018,1,7,15,17756,537,232,4434
1000,787,1000.0822279530836,99509,135,86,337,150,120540,73773,1.9527178446170699,71,47,17083,15317,12452,6891,19920,27507,48562,36098,33387,23943,286,45,271,4181,14003,44591,2919,24,157,8012,2010,1,7,15,17774,539,232,4442
1001,787,1001.191162027599,99509,131,84,337,150,120556,73786,1.9530092755429158,67,47,17143,15421,12400,6866,19920,27430,48562,36098,33428,24010,286,45,270,4177,13967,44639,2919,24,157,7976,2004,1,7,15,17803,539,234,4446
1002,787,1002.3004472477377,99509,130,84,337,150,120578,73796,1.9533308544955732,63,52,17230,15534,12331,6836,19907,27342,48562,36098,33467,24074,286,45,269,4172,13933,44689,2918,24,157,7942,2000,1,7,15,17827,540,235,4449
1003,787,1003.040395038673,99509,127,78,337,150,120592,73802,1.9535318413409843,60,55,17299,15596,12281,6817,19894,27302,48562,36098,33504,24136,285,45,269,4167,13892,44739,2918,25,159,7913,1993,1,7,15,17852,540,239,4450
1004,787,1004.150747746588,99509,126,78,337,150,120608,73814,1.9538132229245595,68,55,17360,15701,12218,6793,19889,27221,48562,36098,33540,24195,285,45,269,4165,13853,44787,2917,25,159,7887,1987,1,7,15,17872,540,244,4451
1005,787,1005.2617188576719,99509,118,83,337,150,120626,73828,1.954134801877217,69,43,17432,15797,12168,6767,19874,27158,48562,36098,33574,24252,285,45,269,4165,13807,44841,2915,25,160,7865,1982,1,7,15,17888,540,246,4453
1006,787,1006.0028926283449,99509,119,85,337,150,120636,73837,1.9543257393803575,67,46,17496,15864,12111,6742,19868,27111,48562,36098,33606,24307,285,45,269,4165,13775,44876,2914,25,160,7846,1977,1,7,15,17905,540,248,4456
1007,787,1007.1148699816554,99509,117,74,337,150,120652,73845,1.9545669235948506,60,52,17587,15981,12058,6718,19839,27023,48562,36098,33637,24360,284,44,267,4162,13746,44923,2912,26,159,7821,1972,1,7,15,17918,542,251,4459
1008,787,1008.2286640672197,99509,123,81,337,150,120674,73863,1.9549688972856727,54,45,17677,16105,11998,6684,19809,26933,48562,36098,33667,24411,284,44,265,4163,13722,44953,2909,26,161,7796,1966,1,7,15,17939,544,253,4461
1009,787,1009.3439925085304,99509,123,73,337,150,120693,73871,1.9552402295269775,58,41,17751,16208,11952,6666,19777,26860,48562,36098,33695,24460,284,44,265,4161,13694,44997,2908,26,163,7773,1961,1,7,15,17950,543,255,4462
1010,787,1010.0885970032895,99509,120,73,337,150,120702,73880,1.9554211176878473,65,43,17790,16275,11915,6650,19771,26807,48562,36098,33722,24507,284,44,263,4161,13664,45032,2907,26,164,7756,1954,1,7,15,17963,545,258,4465
1011,787,1011.2059329060326,99509,120,80,337,150,120717,73892,1.9556924499291521,66,43,17869,16395,11866,6609,19740,26721,48562,36098,33748,24552,284,44,263,4161,13639,45063,2906,26,166,7730,1950,1,7,15,17984,545,261,4464
1012,787,1012.325130122657,99509,126,85,337,150,120734,73908,1.9560240782240803,73,36,17945,16494,11808,6584,19709,26649,48562,36098,33773,24596,284,44,262,4159,13623,45090,2905,26,166,7708,1944,1,7,15,17998,546,263,4468
1013,787,1013.0721041097838,99509,125,78,337,150,120750,73914,1.9562451637540323,70,38,18004,16560,11776,6563,19686,26609,48562,36098,33797,24638,284,44,262,4157,13594,45129,2904,26,168,7692,1941,1,7,15,18007,546,266,4466
1014,787,1014.1940490740095,99509,112,76,337,150,120766,73931,1.9565767920489603,71,37,18107,16679,11728,6543,19643,26513,48562,36098,33820,24678,284,44,262,4156,13569,45171,2901,26,171,7673,1936,1,7,15,18014,546,269,4464
1015,787,1015.3186711441,99509,106,74,337,150,120786,73940,1.9568682229748062,63,36,18209,16796,11686,6520,19597,26422,48562,36098,33842,24717,284,44,261,4159,13540,45210,2896,26,173,7662,1931,1,7,15,18018,546,273,4463
1016,787,1016.0699671948331,99509,108,65,337,150,120801,73942,1.9570390617934057,60,41,18273,16862,11638,6510,19582,26370,48562,36098,33863,24755,284,44,260,4161,13513,45244,2894,26,173,7647,1928,1,7,15,18026,547,276,4463
1017,787,1017.1982681602503,99509,104,67,337,150,120817,73953,1.9573103940347105,57,36,18343,16975,11605,6491,19552,26279,48562,36098,33883,24791,284,44,258,4161,13490,45275,2893,26,175,7631,1924,1,7,15,18036,548,280,4461
1018,787,1018.3285479465402,99508,110,61,338,150,120837,73958,1.9575812999959803,50,49,18434,17074,11556,6468,19510,26196,48562,36098,33902,24826,284,44,257,4160,13469,45303,2893,26,175,7619,1920,1,7,15,18042,549,285,4459
1019,787,1019.0832673124421,99508,98,59,338,150,120841,73963,1.9576717449853278,54,52,18501,17143,11522,6446,19485,26148,48562,36098,33921,24860,284,44,257,4160,13441,45339,2890,26,175,7606,1920,1,7,15,18050,549,285,4459
1020,787,1020.2170526707736,99508,84,65,338,150,120850,73975,1.9578827832938055,64,50,18582,17248,11482,6420,19448,26065,48562,36098,33939,24892,284,44,254,4162,13431,45363,2885,26,176,7587,1916,1,7,15,18058,552,285,4462
1021,787,1021.353299975047,99508,84,67,338,150,120870,73988,1.9582144149214133,55,45,18683,17361,11439,6403,19399,25972,48562,36098,33956,24923,284,44,252,4159,13418,45387,2884,26,176,7570,1912,1,7,15,18068,554,289,4462
1022,787,1022.1124592591744,99508,86,71,338,150,120882,73998,1.958435502673152,54,41,18732,17449,11403,6392,19385,25895,48562,36098,33972,24953,284,44,252,4159,13401,45409,2883,26,176,7554,1910,1,7,15,18080,554,291,4462
1023,787,1023.2524661091189,99508,91,67,338,150,120899,74009,1.9587168870844556,46,40,18833,17571,11353,6367,19337,25803,48562,36098,33988,24982,284,44,252,4159,13394,45428,2882,26,176,7531,1907,1,7,15,18092,554,294,4462
1024,787,1024.0140094353037,99508,90,63,338,150,120906,74013,1.9588274309603249,46,45,18901,17628,11318,6349,19305,25763,48562,36098,34003,25010,284,44,252,4161,13379,45447,2880,26,176,7523,1905,1,7,15,18096,554,295,4463
1025,787,1025.1585642066232,99508,98,51,338,150,120923,74015,1.9590183703822808,45,52,18992,17737,11267,6333,19258,25675,48562,36098,34018,25037,284,44,251,4160,13370,45462,2880,26,178,7512,1899,1,7,15,18103,554,299,4463
1026,787,1026.3059652523277,99508,96,58,338,150,120932,74029,1.9592495075772802,50,48,19082,17849,11223,6315,19209,25578,48562,36098,34032,25063,283,44,251,4164,13356,45478,2876,27,178,7499,1898,1,7,15,18115,553,300,4463
1027,787,1027.0725080922198,99508,94,62,338,150,120942,74040,1.959460545885758,57,43,19141,17924,11182,6298,19186,25521,48562,36098,34045,25088,283,44,251,4160,13347,45497,2876,27,178,7486,1897,1,7,15,18122,553,300,4464
1028,787,1028.2233962889372,99508,97,62,338,150,120957,74050,1.959711781967279,63,40,19236,18035,11136,6278,19128,25433,48562,36098,34058,25112,283,44,251,4156,13333,45521,2876,27,178,7477,1894,1,7,15,18125,553,302,4465
1029,787,1029.371181118097,99508,95,55,338,150,120971,74057,1.9599228202757568,60,38,19328,18147,11094,6265,19083,25343,48562,36098,34070,25136,283,44,250,4158,13321,45544,2874,27,181,7462,1887,1,7,15,18129,554,307,4464
1030,787,1030.133442320932,99508,102,57,338,150,120983,74063,1.9601037102544518,56,37,19384,18221,11057,6253,19061,25280,48562,36098,34082,25159,283,44,250,4157,13304,45562,2874,27,183,7458,1882,1,7,15,18133,554,307,4467
1031,787,1031.2722638713012,99508,104,65,338,150,121000,74076,1.9604051935522773,51,34,19479,18347,11009,6232,19017,25170,48562,36098,34094,25181,283,44,250,4157,13297,45577,2873,27,183,7445,1881,1,7,15,18139,554,309,4466
1032,787,1032.0284581788835,99508,102,61,338,150,121007,74082,1.960535836314668,54,32,19549,18407,10982,6230,18973,25118,48562,36098,34105,25202,283,44,250,4154,13291,45592,2872,27,184,7437,1879,1,7,15,18143,554,309,4466
1033,787,1033.157817956459,99508,104,64,338,150,121023,74093,1.9608071712827109,50,34,19657,18509,10940,6213,18909,25028,48562,36098,34116,25222,283,44,250,4148,13283,45612,2872,27,184,7424,1877,1,7,15,18151,554,310,4466
1034,787,1034.2809204812397,99508,110,64,338,150,121038,74101,1.9610383084777103,45,38,19762,18603,10892,6195,18851,24948,48562,36098,34126,25242,283,44,249,4147,13275,45627,2870,27,184,7416,1873,1,7,15,18155,555,313,4467
1035,787,1035.0264828676388,99508,106,58,338,150,121044,74103,1.9611187040237972,46,39,19826,18670,10861,6185,18821,24896,48562,36098,34136,25261,283,44,249,4147,13269,45640,2866,27,185,7405,1868,1,7,15,18163,555,314,4470
1036,787,1036.1404408061594,99508,97,59,338,150,121057,74115,1.9613699401053182,46,42,19902,18766,10838,6171,18777,24810,48562,36098,34146,25279,283,44,249,4145,13260,45660,2863,27,185,7395,1868,1,7,15,18167,555,316,4468
1037,787,1037.2499852433746,99508,99,60,338,150,121072,74126,1.9616312256301,39,38,19996,18865,10807,6160,18719,24725,48562,36098,34155,25297,283,44,249,4145,13251,45680,2861,27,185,7388,1865,1,7,15,18165,555,318,4469
1038,787,1038.3542979061945,99508,93,58,338,150,121084,74134,1.9618322144953169,33,39,20080,18976,10784,6136,18670,24639,48562,36098,34164,25314,283,43,249,4146,13235,45707,2859,27,185,7380,1862,1,7,15,18166,554,317,4472
1039,787,1039.0879499609148,99508,90,60,338,150,121088,74141,1.9619427583711861,36,37,20130,19057,10756,6117,18648,24577,48562,36098,34173,25331,283,43,249,4146,13222,45725,2859,27,185,7376,1861,1,7,15,18165,554,317,4473
1040,787,1040.1851791341085,99508,85,67,338,150,121094,74156,1.962153796679664,41,32,20203,19165,10722,6098,18609,24486,48562,36098,34181,25347,282,43,248,4145,13218,45740,2858,28,185,7366,1860,1,7,15,18166,555,317,4474
1041,787,1041.2785623098275,99508,78,68,338,150,121102,74167,1.96234473610162,45,28,20302,19259,10691,6080,18544,24413,48562,36098,34189,25363,282,43,247,4144,13207,45758,2857,28,186,7360,1858,1,7,15,18168,555,319,4473
1042,787,1042.0045363007928,99508,75,67,338,150,121106,74171,1.9624251316477068,49,30,20346,19333,10664,6070,18526,24348,48562,36098,34197,25378,282,43,247,4145,13197,45771,2856,28,186,7352,1857,1,7,15,18173,555,319,4474
1043,787,1043.0900508423947,99508,82,64,338,150,121127,74176,1.9626864171724887,40,31,20410,19434,10634,6053,18494,24266,48562,36098,34204,25393,282,43,246,4142,13188,45788,2856,28,186,7346,1856,1,7,15,18175,555,321,4473
1044,787,1044.172158680849,99508,77,62,338,150,121134,74186,1.962857257707923,51,26,20500,19534,10608,6035,18424,24191,48562,36098,34211,25407,282,43,246,4139,13181,45807,2856,28,187,7339,1854,1,7,15,18173,555,323,4472
1045,787,1045.2496805920198,99508,78,53,338,150,121153,74190,1.9630883949029223,44,24,20579,19671,10578,6015,18381,24085,48562,36098,34218,25421,282,43,245,4143,13177,45821,2852,28,187,7328,1852,1,7,15,18175,555,325,4472
1046,787,1046.2992050250537,99508,76,54,338,150,121161,74198,1.9632491859950958,42,19,20629,19744,10558,6007,18355,24024,48562,36098,34225,25434,282,43,245,4143,13177,45829,2851,28,186,7315,1852,1,7,15,18181,555,329,4469
1047,787,1047.0158466148882,99508,75,50,338,150,121170,74202,1.9633798287574868,47,18,20696,19844,10525,5995,18317,23941,48562,36098,34232,25447,282,43,245,4142,13169,45845,2851,28,186,7309,1852,1,7,15,18180,555,330,4468
1048,787,1048.0428193063476,99508,79,45,338,150,121189,74204,1.9635908670659645,35,20,20778,19944,10503,5976,18265,23863,48562,36098,34238,25460,282,43,245,4141,13161,45860,2850,28,186,7300,1851,1,7,15,18184,555,331,4468
1049,787,1049.1727406738312,99508,72,47,338,150,121195,74211,1.9637215098283556,32,17,20874,20061,10471,5947,18211,23776,48562,36098,34244,25472,281,43,244,4140,13155,45870,2850,29,186,7296,1849,1,7,15,18185,556,333,4468
1050,787,1050.0590176685405,99508,72,45,338,150,121204,74212,1.963822004260964,28,25,20972,20132,10428,5930,18160,23716,48562,36098,34250,25484,281,43,244,4139,13149,45879,2849,29,186,7291,1848,1,7,15,18189,556,333,4469
1051,787,1051.1129954816856,99508,69,46,338,150,121211,74222,1.9639928447963984,30,20,21060,20222,10401,5918,18100,23642,48562,36098,34256,25495,281,43,244,4141,13138,45894,2846,29,186,7286,1848,1,7,15,18191,556,336,4466
1052,787,1052.0024695682876,99508,68,46,338,150,121217,74226,1.9640933392290068,35,19,21129,20303,10372,5902,18056,23578,48562,36098,34262,25506,281,43,243,4139,13132,45905,2846,29,186,7283,1847,1,7,15,18191,557,336,4467
1053,787,1053.2373935270502,99508,69,47,338,150,121224,74232,1.9642239819913976,36,17,21227,20395,10340,5882,17988,23507,48562,36098,34267,25517,281,43,243,4140,13124,45917,2845,29,186,7278,1847,1,6,16,18192,557,336,4467
1054,787,1054.320492554605,99508,66,42,338,150,121235,74235,1.9643646741970495,35,21,21343,20524,10293,5864,17923,23397,48562,36098,34272,25527,281,43,243,4140,13125,45927,2842,29,188,7268,1845,1,6,16,18194,557,336,4467
1055,787,1055.011050994696,99508,66,40,338,150,121243,74237,1.964465168629658,34,21,21387,20580,10277,5853,17896,23354,48562,36098,34277,25537,281,43,243,4140,13119,45936,2842,28,188,7263,1844,1,6,16,18197,557,338,4466
1056,787,1056.0444000190223,99508,62,41,338,150,121250,74242,1.964585761948788,35,21,21469,20665,10253,5830,17841,23291,48562,36098,34282,25547,281,43,243,4139,13114,45946,2840,28,188,7259,1842,1,6,16,18200,556,339,4467
1057,787,1057.0281190881758,99508,63,44,338,150,121256,74248,1.9647063552679183,33,19,21552,20736,10222,5816,17790,23233,48562,36098,34287,25557,280,43,243,4139,13104,45957,2840,29,188,7253,1841,1,6,16,18205,556,339,4468
1058,787,1058.022739475007,99508,63,46,338,150,121265,74256,1.9648771958033524,30,16,21650,20842,10186,5797,17731,23147,48562,36098,34292,25566,280,43,243,4137,13102,45967,2840,29,188,7245,1841,1,6,16,18207,556,341,4466
1059,787,1059.0942375097202,99508,65,42,338,150,121276,74261,1.965037986895526,32,15,21750,20957,10144,5784,17669,23050,48562,36098,34296,25575,280,43,242,4135,13099,45976,2840,29,191,7239,1838,1,6,16,18210,557,340,4466
1060,787,1060.2623900908786,99508,64,46,338,150,121284,74266,1.965168629657917,32,15,21813,21044,10125,5764,17626,22979,48562,36098,34300,25584,280,43,242,4132,13097,45982,2840,29,191,7234,1837,1,6,16,18214,557,341,4466
1061,787,1061.1228492085188,99508,58,38,338,150,121292,74267,1.9652590746472645,38,17,21909,21138,10098,5752,17557,22903,48562,36098,34304,25592,280,43,242,4131,13098,45990,2839,29,190,7227,1836,1,6,16,18215,557,341,4467
1062,787,1062.2919828155311,99508,58,35,338,150,121299,74271,1.9653696185231337,37,16,21988,21226,10065,5737,17512,22834,48562,36098,34308,25600,280,43,242,4131,13094,46001,2839,29,190,7219,1835,1,6,16,18217,557,341,4467
1063,787,1063.0094614963607,99508,65,29,338,150,121310,74274,1.9655103107287857,32,18,22061,21314,10034,5732,17468,22755,48562,36098,34312,25608,280,43,242,4131,13090,46012,2838,29,190,7216,1833,1,6,16,18215,556,341,4469
1064,787,1064.1929765100222,99508,61,28,338,150,121318,74279,1.9656409534911765,35,16,22147,21412,9997,5719,17420,22673,48562,36098,34316,25616,280,43,242,4129,13083,46024,2838,29,190,7213,1831,1,6,16,18215,556,343,4469
1065,787,1065.039547188221,99508,57,31,338,150,121324,74286,1.9657715962535676,39,10,22199,21502,9974,5699,17391,22606,48562,36098,34320,25624,280,43,242,4129,13079,46031,2837,29,190,7209,1831,1,6,16,18217,556,344,4468
1066,787,1066.307667910401,99508,51,32,338,150,121334,74290,1.9659122884592193,40,9,22315,21639,9938,5661,17316,22507,48562,36098,34324,25631,280,43,242,4130,13074,46038,2836,29,190,7205,1831,1,6,16,18219,556,345,4467
1067,787,1067.1119874848794,99508,48,31,338,150,121338,74292,1.9659725851187844,44,9,22387,21718,9918,5643,17263,22447,48562,36098,34328,25638,280,43,242,4131,13068,46046,2835,29,190,7202,1831,1,6,16,18220,556,346,4466
1068,787,1068.2851685999785,99508,51,28,338,150,121346,74293,1.966063030108132,49,11,22497,21831,9888,5626,17175,22352,48562,36098,34331,25645,280,43,242,4130,13061,46057,2834,29,190,7202,1830,1,6,16,18218,556,347,4466
1069,787,1069.170032111949,99508,49,28,338,150,121352,74296,1.9661534750974796,48,11,22562,21906,9870,5609,17131,22294,48562,36098,34334,25652,280,43,242,4130,13055,46066,2834,29,190,7196,1830,1,6,16,18221,556,347,4466
1070,787,1070.11071243283,99508,53,30,338,150,121361,74299,1.9662740684166098,43,11,22637,21979,9838,5596,17089,22232,48562,36098,34337,25659,280,43,242,4130,13050,46073,2834,29,190,7193,1830,1,6,16,18222,556,348,4465
1071,787,1071.0146240550275,99508,64,30,338,150,121375,74303,1.9664549583953048,38,13,22720,22095,9811,5573,17027,22137,48562,36098,34340,25665,280,43,242,4130,13047,46080,2834,29,190,7190,1829,1,6,16,18221,556,348,4466
1072,787,1072.122391082086,99508,70,27,338,150,121388,74305,1.9666057000442176,30,17,22798,22180,9786,5558,16976,22066,48562,36098,34343,25671,280,43,242,4129,13047,46086,2833,29,191,7188,1828,1,6,16,18220,556,349,4464
1073,787,1073.0222738736734,99508,65,25,338,150,121392,74307,1.9666659967037825,37,18,22886,22266,9756,5543,16916,21996,48562,36098,34346,25677,280,43,240,4129,13045,46094,2831,29,191,7186,1828,1,6,16,18219,557,349,4464
1074,787,1074.0616058196551,99508,61,25,338,150,121397,74311,1.9667564416931302,36,17,22946,22342,9733,5533,16884,21931,48562,36098,34349,25683,280,43,240,4129,13041,46102,2830,29,191,7182,1828,1,6,16,18220,557,350,4463
1075,787,1075.1154486048797,99508,66,26,338,150,121414,74315,1.966967480001608,26,20,23043,22450,9710,5518,16815,21834,48562,36098,34352,25689,280,43,240,4128,13035,46113,2830,29,191,7181,1827,1,6,16,18217,557,351,4463
1076,787,1076.0925176465003,99508,65,30,338,150,121418,74320,1.9670579249909554,25,18,23114,22523,9682,5505,16774,21772,48562,36098,34355,25695,280,43,240,4127,13033,46118,2830,29,191,7178,1827,1,6,16,18219,557,350,4463
1077,787,1077.1494697508172,99508,61,27,338,150,121425,74324,1.9671684688668247,32,19,23200,22630,9663,5491,16704,21681,48562,36098,34358,25700,279,43,240,4127,13028,46129,2830,30,192,7174,1826,1,6,16,18217,557,350,4463
1078,787,1078.2510435354657,99508,64,27,338,150,121435,74328,1.9673091610724767,30,21,23288,22737,9633,5469,16645,21594,48562,36098,34361,25705,279,43,239,4129,13023,46137,2828,30,192,7173,1826,1,6,16,18216,557,350,4463
1079,787,1079.2001393695245,99508,64,26,338,150,121442,74330,1.9673996060618242,29,21,23356,22814,9606,5452,16605,21535,48562,36098,34364,25710,279,43,239,4129,13017,46146,2826,30,192,7172,1826,1,6,16,18216,557,350,4463
1080,787,1080.1464337957934,99508,61,29,338,150,121448,74335,1.9675101499376935,31,20,23407,22883,9584,5433,16577,21483,48562,36098,34366,25715,279,43,239,4128,13013,46153,2826,30,192,7171,1826,1,6,16,18215,557,350,4463
1081,787,1081.1825118027916,99508,63,36,338,150,121453,74344,1.9676508421433452,31,16,23481,22954,9558,5414,16527,21428,48562,36098,34368,25720,279,43,239,4127,13013,46156,2826,30,192,7167,1826,1,6,16,18217,557,351,4462
1082,787,1082.1699031980718,99508,58,35,338,150,121462,74350,1.967801583792258,33,16,23567,23045,9538,5402,16464,21350,48562,36098,34370,25725,279,43,239,4127,13010,46164,2825,30,195,7164,1823,1,6,16,18216,557,353,4460
1083,787,1083.0777842386751,99508,56,31,338,150,121466,74353,1.9678719298950837,35,15,23625,23135,9515,5386,16429,21281,48562,36098,34372,25730,279,43,239,4126,13009,46168,2825,30,196,7161,1821,1,6,16,18217,557,353,4461
1084,787,1084.1464379063193,99508,56,28,338,150,121475,74356,1.967992523214214,34,18,23718,23222,9483,5377,16369,21203,48562,36098,34374,25735,279,43,239,4127,13003,46177,2824,30,196,7159,1821,1,6,16,18217,556,354,4460
1085,787,1085.057545064748,99508,59,30,338,150,121484,74360,1.968123165976605,37,19,23784,23315,9454,5363,16326,21121,48562,36098,34376,25739,279,43,239,4126,12998,46184,2824,30,196,7157,1821,1,6,16,18218,556,354,4460
1086,787,1086.0283805934146,99508,52,28,338,150,121491,74363,1.9682236604092134,37,19,23849,23406,9436,5345,16286,21050,48562,36098,34378,25743,279,43,239,4126,12994,46192,2823,30,195,7157,1820,1,6,16,18215,556,356,4460
1087,787,1087.0441802180733,99508,54,33,338,150,121497,74370,1.9683543031716042,34,14,23925,23472,9402,5332,16245,20997,48562,36098,34380,25747,279,43,238,4126,12993,46195,2823,30,196,7155,1818,1,6,16,18216,556,357,4460
1088,787,1088.0299340593217,99508,56,33,338,150,121507,74375,1.968505044820517,30,12,24033,23576,9371,5309,16170,20918,48562,36098,34382,25751,279,43,238,4125,12992,46199,2822,30,197,7153,1817,1,6,16,18217,556,360,4457
1089,787,1089.2293909950165,99508,56,32,338,150,121514,74380,1.968625638139647,27,12,24124,23680,9340,5295,16113,20829,48562,36098,34384,25755,279,43,238,4125,12989,46206,2821,30,197,7152,1817,1,6,16,18215,556,362,4455
1090,787,1090.0035563797392,99508,60,28,338,150,121521,74381,1.9687060336857338,27,16,24192,23756,9313,5276,16068,20772,48562,36098,34386,25759,279,43,238,4125,12987,46209,2821,30,198,7148,1816,1,6,16,18218,556,364,4453
1091,787,1091.060938643853,99508,63,34,338,150,121530,74387,1.9688567753346464,27,18,24275,23859,9283,5256,16012,20681,48562,36098,34388,25763,279,43,238,4125,12984,46213,2821,30,198,7147,1816,1,6,16,18218,556,364,4453
1092,787,1092.2745217414724,99508,66,30,338,150,121543,74388,1.9689974675402984,30,28,24359,23953,9255,5240,15950,20597,48562,36098,34390,25767,279,43,238,4122,12983,46219,2821,30,199,7144,1815,1,6,16,18219,556,365,4452
1093,787,1093.1817447048115,99508,63,31,338,150,121547,74392,1.969077863086385,32,24,24434,24023,9230,5229,15901,20541,48562,36098,34392,25771,279,43,238,4121,12982,46223,2821,30,199,7140,1814,1,6,16,18221,556,365,4453
1094,787,1094.0861001070157,99508,66,34,338,150,121559,74399,1.9692688025083411,28,24,24516,24097,9207,5219,15843,20474,48562,36098,34394,25775,279,43,238,4119,12981,46229,2821,30,199,7138,1813,1,6,16,18220,556,365,4454
