,indexID,time,N,Inf_L,Inf_H,Dead_L,Dead_H,cum_cases_L,cum_cases_H,cum_sum_per_N,Exposed_L,Exposed_H,Sus_L,Sus_H,Rec_nat_L,Rec_nat_H,Rec_vax_L,Rec_vax_H,vaccinatedH,vaccinatedL,boostedH,boostedL,count_Naive,count_Delta,count_Delta_vaccine,count_two,count_three,count_four,count_Omicron,count_Omicron_star,count_Omicron_star_vaccine,count_Omicron_vaccine,count_Vaccine,count_WT,count_WT_vaccine,count_WT_vaccine_boost,count_Omicron_vaccine_boost,count_Delta_vaccine_boost,count_Omicron_star_vaccine_boost,count_Vaccine_boost
0,6582,1.3078935553543674,99996,8,5,0,0,8,5,0.00013000520020800833,19,20,49971,49973,0,0,0,0,0,0,0,0,99996,0,0,0,0,0,0,0,0,0,0,0,0,0,0,0,0,0
1,6582,2.258556144437909,99996,9,6,0,0,9,7,0.00016000640025601025,20,18,49969,49973,0,1,0,0,0,0,0,0,99995,0,0,0,0,0,0,0,0,0,0,1,0,0,0,0,0,0
2,6582,3.067634250896475,99996,13,7,0,0,13,9,0.00022000880035201407,16,16,49969,49973,0,2,0,0,0,0,0,0,99994,0,0,0,0,0,0,0,0,0,0,2,0,0,0,0,0,0
3,6582,4.013295948544269,99996,18,14,0,0,20,16,0.00036001440057602306,13,10,49965,49972,2,2,0,0,0,0,0,0,99992,0,0,0,0,0,0,0,0,0,0,4,0,0,0,0,0,0
4,6582,5.009823894188997,99996,20,14,0,0,22,16,0.0003800152006080243,16,11,49960,49971,2,2,0,0,0,0,0,0,99992,0,0,0,0,0,0,0,0,0,0,4,0,0,0,0,0,0
5,6582,6.094447619005823,99996,21,17,0,0,25,22,0.00047001880075203006,15,10,49958,49966,4,5,0,0,0,0,0,0,99987,0,0,0,0,0,0,0,0,0,0,9,0,0,0,0,0,0
6,6582,7.032917369665734,99996,18,14,0,0,26,22,0.0004800192007680307,21,13,49951,49963,8,8,0,0,0,0,0,0,99980,0,0,0,0,0,0,0,0,0,0,16,0,0,0,0,0,0
7,6582,8.098751132668063,99996,22,16,0,0,33,26,0.0005900236009440378,19,12,49946,49960,11,10,0,0,0,0,0,0,99975,0,0,0,0,0,0,0,0,0,0,21,0,0,0,0,0,0
8,6582,9.027185681261537,99996,20,17,0,0,40,28,0.0006800272010880435,14,11,49944,49959,20,11,0,0,0,0,0,0,99965,0,0,0,0,0,0,0,0,0,0,31,0,0,0,0,0,0
9,6582,10.066138800147643,99996,19,16,0,0,45,31,0.0007600304012160486,13,10,49940,49957,26,15,0,0,0,0,0,0,99955,0,0,0,0,0,0,0,0,0,0,41,0,0,0,0,0,0
10,6582,11.021615221072015,99996,18,18,0,0,49,35,0.0008400336013440538,14,8,49935,49955,31,17,0,0,0,0,0,0,99948,0,0,0,0,0,0,0,0,0,0,48,0,0,0,0,0,0
11,6582,12.09916971410111,99996,16,20,0,0,51,40,0.0009100364014560582,16,5,49931,49953,35,20,0,0,0,0,0,0,99941,0,0,0,0,0,0,0,0,0,0,55,0,0,0,0,0,0
12,6582,13.152158624932557,99996,15,20,0,0,52,40,0.0009200368014720589,17,6,49930,49952,36,20,0,0,0,0,0,0,99939,0,0,0,0,0,0,0,0,0,0,57,0,0,0,0,0,0
13,6582,14.008561846498466,99996,14,20,0,0,54,40,0.0009400376015040601,17,8,49929,49950,38,20,0,0,0,0,0,0,99936,0,0,0,0,0,0,0,0,0,0,60,0,0,0,0,0,0
14,6582,15.326788493040388,99996,15,18,0,0,58,43,0.0010100404016160646,17,9,49925,49946,41,25,0,0,0,0,0,0,99928,0,0,0,0,0,0,0,0,0,0,68,0,0,0,0,0,0
15,6582,16.160988433315772,99996,13,14,0,0,60,45,0.0010500420016800673,18,7,49922,49946,45,31,0,0,0,0,0,0,99918,0,0,0,0,0,0,0,0,0,0,78,0,0,0,0,0,0
16,6582,17.02155798348439,99996,11,11,0,0,61,46,0.0010700428017120685,20,7,49919,49945,48,35,0,0,0,0,0,0,99911,0,0,0,0,0,0,0,0,0,0,85,0,0,0,0,0,0
17,6582,18.091756926614018,99996,14,8,0,0,69,47,0.0011600464018560743,15,8,49916,49943,53,39,0,0,0,0,0,0,99902,0,0,0,0,0,0,0,0,0,0,94,0,0,0,0,0,0
18,6582,19.078000712552882,99996,14,6,0,0,73,49,0.0012200488019520781,14,7,49913,49942,57,43,0,0,0,0,0,0,99894,0,0,0,0,0,0,0,0,0,0,102,0,0,0,0,0,0
19,6582,20.005718626136037,99996,19,6,0,0,78,49,0.0012700508020320814,13,8,49909,49941,57,43,0,0,0,0,0,0,99894,0,0,0,0,0,0,0,0,0,0,102,0,0,0,0,0,0
20,6582,21.145540306276896,99996,21,8,0,0,82,52,0.0013400536021440858,14,6,49905,49940,58,44,0,0,0,0,0,0,99891,0,0,0,0,0,0,0,0,0,0,105,0,0,0,0,0,0
21,6582,22.010109854856722,99996,19,8,0,0,83,53,0.001360054402176087,13,7,49906,49939,60,44,0,0,0,0,0,0,99887,0,0,0,0,0,0,0,0,0,0,109,0,0,0,0,0,0
22,6582,23.272602533321802,99996,16,8,0,0,86,54,0.0014000560022400896,13,6,49904,49939,65,45,0,0,0,0,0,0,99880,0,0,0,0,0,0,0,0,0,0,116,0,0,0,0,0,0
23,6582,24.163927345798687,99996,17,7,0,0,88,55,0.0014300572022880914,13,7,49902,49937,66,47,0,0,0,0,0,0,99877,0,0,0,0,0,0,0,0,0,0,119,0,0,0,0,0,0
24,6582,25.165308722435036,99996,17,8,0,0,91,57,0.0014800592023680947,13,10,49899,49932,69,48,0,0,0,0,0,0,99873,0,0,0,0,0,0,0,0,0,0,123,0,0,0,0,0,0
25,6582,26.12889534320043,99996,21,8,0,0,96,57,0.0015300612024480979,12,11,49895,49931,70,48,0,0,0,0,0,0,99872,0,0,0,0,0,0,0,0,0,0,124,0,0,0,0,0,0
26,6582,27.018273426685415,99996,22,10,0,0,99,60,0.0015900636025441017,12,11,49892,49928,72,49,0,0,0,0,0,0,99869,0,0,0,0,0,0,0,0,0,0,127,0,0,0,0,0,0
27,6582,28.27397320334973,99996,26,15,0,0,107,65,0.0017200688027521102,8,8,49888,49926,76,49,0,0,0,0,0,0,99865,0,0,0,0,0,0,0,0,0,0,131,0,0,0,0,0,0
28,6582,29.14638180106985,99996,26,16,0,0,111,68,0.0017900716028641146,8,8,49884,49924,80,50,0,0,0,0,0,0,99859,0,0,0,0,0,0,0,0,0,0,137,0,0,0,0,0,0
29,6582,30.04623998645014,99996,26,18,0,0,115,73,0.0018800752030081202,9,7,49879,49920,84,53,0,0,0,0,0,0,99852,0,0,0,0,0,0,0,0,0,0,144,0,0,0,0,0,0
30,6582,31.070066652626615,99996,25,21,0,0,115,76,0.0019100764030561222,13,6,49875,49918,85,53,0,0,0,0,0,0,99851,0,0,0,0,0,0,0,0,0,0,145,0,0,0,0,0,0
31,6582,32.08534119032188,99996,23,17,0,0,122,76,0.001980079203168127,17,8,49864,49916,94,57,0,0,0,0,0,0,99838,0,0,0,0,0,0,0,0,0,0,158,0,0,0,0,0,0
32,6582,33.01824177603915,99996,16,16,0,0,122,78,0.002000080003200128,22,6,49860,49916,100,60,0,0,0,0,0,0,99828,0,0,0,0,0,0,0,0,0,0,168,0,0,0,0,0,0
33,6582,34.04529790723938,99996,18,16,0,0,128,79,0.0020700828033121325,19,5,49857,49916,104,61,0,0,0,0,0,0,99823,0,0,0,0,0,0,0,0,0,0,173,0,0,0,0,0,0
34,6582,35.05449359669434,99996,19,17,0,0,131,80,0.002110084403376135,21,7,49852,49915,106,59,0,0,0,0,0,0,99821,0,0,0,0,0,0,0,0,0,0,175,0,0,0,0,0,0
35,6582,36.03393895038794,99996,28,18,0,0,142,82,0.0022400896035841434,16,6,49846,49914,108,60,0,0,0,0,0,0,99818,0,0,0,0,0,0,0,0,0,0,178,0,0,0,0,0,0
36,6582,37.13269658353332,99996,26,17,0,0,145,83,0.002280091203648146,22,9,49837,49911,113,61,0,0,0,0,0,0,99811,0,0,0,0,0,0,0,0,0,0,185,0,0,0,0,0,0
37,6582,38.08887967514793,99996,31,15,0,0,153,84,0.002370094803792152,18,10,49833,49909,116,64,0,0,0,0,0,0,99805,0,0,0,0,0,0,0,0,0,0,191,0,0,0,0,0,0
38,6582,39.143879016223906,99996,29,16,0,0,157,87,0.0024400976039041563,19,11,49828,49905,122,66,0,0,0,0,0,0,99797,0,0,0,0,0,0,0,0,0,0,199,0,0,0,0,0,0
39,6582,40.0380521136141,99996,29,17,0,0,161,90,0.0025101004040161607,24,10,49820,49903,125,68,0,0,0,0,0,0,99791,0,0,0,0,0,0,0,0,0,0,205,0,0,0,0,0,0
40,6582,41.107633564052755,99996,26,15,0,0,168,92,0.0026001040041601664,23,9,49815,49902,134,72,0,0,0,0,0,0,99777,0,0,0,0,0,0,0,0,0,0,219,0,0,0,0,0,0
41,6582,42.004788025742215,99996,29,17,0,0,173,95,0.0026801072042881716,22,7,49813,49901,134,73,0,0,0,0,0,0,99774,0,0,0,0,0,0,0,0,0,0,222,0,0,0,0,0,0
42,6582,43.06594997959757,99996,30,15,0,0,177,97,0.002740109604384175,22,5,49809,49901,137,77,0,0,0,0,0,0,99767,0,0,0,0,0,0,0,0,0,0,229,0,0,0,0,0,0
43,6582,44.11119664664281,99996,33,16,0,0,182,98,0.0028001120044801792,24,5,49803,49902,138,75,0,0,0,0,0,0,99765,0,0,0,0,0,0,0,0,0,0,231,0,0,0,0,0,0
44,6582,45.17263961971084,99996,38,14,0,0,189,98,0.0028701148045921837,21,7,49800,49900,139,77,0,0,0,0,0,0,99761,0,0,0,0,0,0,0,0,0,0,235,0,0,0,0,0,0
45,6582,46.13156168634001,99996,38,13,0,0,193,99,0.002920116804672187,21,6,49796,49901,143,78,0,0,0,0,0,0,99755,0,0,0,0,0,0,0,0,0,0,241,0,0,0,0,0,0
46,6582,47.02667497267202,99996,42,12,0,0,202,101,0.0030301212048481937,16,7,49793,49898,147,81,0,0,0,0,0,0,99747,0,0,0,0,0,0,0,0,0,0,249,0,0,0,0,0,0
47,6582,48.05380558004698,99996,38,13,0,0,206,104,0.0031001240049601986,16,7,49789,49895,155,83,0,0,0,0,0,0,99737,0,0,0,0,0,0,0,0,0,0,259,0,0,0,0,0,0
48,6582,49.323582476016966,99996,35,12,0,0,212,106,0.0031801272050882034,22,8,49777,49892,164,86,0,0,0,0,0,0,99726,0,0,1,0,0,0,0,0,0,0,269,0,0,0,0,0,0
49,6582,50.23166583894357,99996,36,12,0,0,216,107,0.0032301292051682066,22,9,49774,49891,166,86,0,0,0,0,0,0,99722,0,0,1,0,0,0,0,0,0,0,273,0,0,0,0,0,0
50,6582,51.012923291161286,99996,34,10,0,0,218,108,0.0032601304052162087,23,9,49771,49890,170,89,0,0,0,0,0,0,99715,0,0,1,0,0,0,0,0,0,0,280,0,0,0,0,0,0
51,6582,52.134967505610994,99996,37,13,0,0,225,112,0.0033701348053922155,21,7,49766,49888,174,90,0,0,0,0,0,0,99710,0,0,1,0,0,0,0,0,0,0,285,0,0,0,0,0,0
52,6582,53.21754298444183,99996,35,12,0,0,230,114,0.0034401376055042203,21,6,49762,49887,180,93,0,0,0,0,0,0,99700,0,0,1,0,0,0,0,0,0,0,295,0,0,0,0,0,0
53,6582,54.08728995122222,99996,41,12,0,0,243,114,0.0035701428057122284,17,6,49753,49887,187,93,0,0,0,0,0,0,99693,0,0,1,0,0,0,0,0,0,0,302,0,0,0,0,0,0
54,6582,55.06834178648377,99996,42,12,0,0,246,114,0.0036001440057602304,19,7,49748,49886,189,93,0,0,0,0,0,0,99691,0,0,1,0,0,0,0,0,0,0,304,0,0,0,0,0,0
55,6582,56.08489913151856,99996,43,8,0,0,250,115,0.0036501460058402336,19,7,49744,49885,192,98,0,0,0,0,0,0,99683,0,0,1,0,0,0,0,0,0,0,312,0,0,0,0,0,0
56,6582,57.03172560207493,99996,44,9,0,0,255,117,0.003720148805952238,16,9,49745,49881,193,99,0,0,0,0,0,0,99678,0,0,1,0,0,0,0,0,0,0,317,0,0,0,0,0,0
57,6582,58.13687153814848,99996,44,8,0,0,262,120,0.0038201528061122445,13,10,49741,49877,200,103,0,0,0,0,0,0,99667,0,0,1,0,0,0,0,0,0,0,328,0,0,0,0,0,0
58,6582,59.05218141777667,99996,41,8,0,0,267,122,0.003890155606224249,11,8,49739,49878,207,104,0,0,0,0,0,0,99657,0,0,1,0,0,0,0,0,0,0,338,0,0,0,0,0,0
59,6582,60.104744885517675,99996,33,7,0,0,269,123,0.0039201568062722505,11,12,49738,49873,216,106,0,0,0,0,0,0,99645,0,0,1,0,0,0,0,0,0,0,350,0,0,0,0,0,0
60,6582,61.22535410243356,99996,30,10,0,0,271,126,0.003970158806352254,14,11,49734,49872,220,105,0,0,0,0,0,0,99640,0,0,1,0,0,0,0,0,0,0,355,0,0,0,0,0,0
61,6582,62.16308124982909,99996,29,8,0,0,274,126,0.004000160006400256,15,15,49730,49870,224,105,0,0,0,0,0,0,99634,0,0,1,0,0,0,0,0,0,0,361,0,0,0,0,0,0
62,6582,63.193572620616756,99996,28,14,0,0,284,135,0.004190167606704268,11,9,49727,49868,232,107,0,0,0,0,0,0,99620,0,0,1,0,0,0,0,0,0,0,375,0,0,0,0,0,0
63,6582,64.1659118282222,99996,22,17,0,0,286,138,0.0042401696067842715,14,9,49722,49865,240,107,0,0,0,0,0,0,99612,0,0,1,0,0,0,0,0,0,0,383,0,0,0,0,0,0
64,6582,65.2439712519588,99996,21,17,0,0,290,139,0.004290171606864275,12,11,49720,49862,245,108,0,0,0,0,0,0,99606,0,0,1,0,0,0,0,0,0,0,389,0,0,0,0,0,0
65,6582,66.06119280137582,99996,20,18,0,0,291,142,0.004330173206928277,13,8,49719,49862,246,110,0,0,0,0,0,0,99602,0,0,1,0,0,0,0,0,0,0,393,0,0,0,0,0,0
66,6582,67.06575211236769,99996,16,15,0,0,294,144,0.00438017520700828,13,8,49717,49860,252,115,0,0,0,0,0,0,99590,0,0,1,0,0,0,0,0,0,0,405,0,0,0,0,0,0
67,6582,68.0337975699919,99996,14,12,0,0,296,147,0.004430177207088284,11,6,49717,49859,256,121,0,0,0,0,0,0,99580,0,0,1,0,0,0,0,0,0,0,415,0,0,0,0,0,0
68,6582,69.01502312117384,99996,12,12,0,0,298,149,0.004470178807152286,10,6,49717,49858,259,122,0,0,0,0,0,0,99574,0,0,1,0,0,0,0,0,0,0,421,0,0,0,0,0,0
69,6582,70.09213514936307,99996,11,11,0,0,299,149,0.004480179207168287,9,8,49717,49857,261,122,0,0,0,0,0,0,99571,0,0,1,0,0,0,0,0,0,0,424,0,0,0,0,0,0
70,6582,71.00048577162178,99996,13,12,0,0,302,151,0.00453018120724829,8,7,49715,49856,262,123,0,0,0,0,0,0,99569,0,0,1,0,0,0,0,0,0,0,426,0,0,0,0,0,0
71,6582,72.0593351655848,99996,14,12,0,0,306,153,0.004590183607344294,7,7,49714,49854,263,125,0,0,0,0,0,0,99564,0,0,1,0,0,0,0,0,0,0,431,0,0,0,0,0,0
72,6582,73.22342546655938,99996,16,12,0,0,309,155,0.004640185607424297,7,7,49712,49853,263,126,0,0,0,0,0,0,99561,0,0,1,0,0,0,0,0,0,0,434,0,0,0,0,0,0
73,6582,74.04650171983751,99996,16,14,0,0,310,157,0.004670186807472299,8,5,49710,49854,264,125,0,0,0,0,0,0,99560,0,0,1,0,0,0,0,0,0,0,435,0,0,0,0,0,0
74,6582,75.18093270636184,99996,16,14,0,0,312,159,0.004710188407536301,10,6,49706,49851,266,127,0,0,0,0,0,0,99556,0,0,1,0,0,0,0,0,0,0,439,0,0,0,0,0,0
75,6582,76.02635096933982,99996,15,13,0,0,315,159,0.004740189607584304,8,6,49705,49851,270,128,0,0,0,0,0,0,99551,0,0,1,0,0,0,0,0,0,0,444,0,0,0,0,0,0
76,6582,77.0982526666782,99996,13,10,0,0,316,160,0.0047601904076163045,8,5,49705,49851,272,132,0,0,0,0,0,0,99544,0,0,1,0,0,0,0,0,0,0,451,0,0,0,0,0,0
77,6582,78.03963858993832,99996,12,11,0,0,316,162,0.004780191207648306,8,5,49706,49850,272,132,0,0,0,0,0,0,99542,0,0,1,0,0,0,0,0,0,0,453,0,0,0,0,0,0
78,6582,79.19502742378278,99996,12,10,0,0,317,163,0.004800192007680307,11,4,49704,49850,271,134,0,0,0,0,0,0,99539,0,0,1,0,0,0,0,0,0,0,456,0,0,0,0,0,0
79,6582,80.04337338352339,99996,13,10,0,0,320,165,0.00485019400776031,11,4,49703,49848,271,136,0,0,0,0,0,0,99535,0,0,1,0,0,0,0,0,0,0,460,0,0,0,0,0,0
80,6582,81.00318582980478,99996,14,9,0,0,322,165,0.004870194807792312,11,5,49703,49849,270,135,0,0,0,0,0,0,99533,0,0,1,0,0,0,0,0,0,0,462,0,0,0,0,0,0
81,6582,82.19317960696678,99996,16,11,0,0,326,168,0.004940197607904316,7,5,49707,49847,268,135,0,0,0,0,0,0,99530,0,0,1,0,0,0,0,0,0,0,465,0,0,0,0,0,0
82,6582,83.02739356733996,99996,16,9,0,0,328,169,0.004970198807952318,6,4,49706,49847,270,138,0,0,0,0,0,0,99525,0,0,1,0,0,0,0,0,0,0,470,0,0,0,0,0,0
83,6582,84.19600895477224,99996,18,10,0,0,332,172,0.005040201608064322,5,5,49705,49843,270,140,0,0,0,0,0,0,99521,0,0,1,0,0,0,0,0,0,0,474,0,0,0,0,0,0
84,6582,85.22603399220466,99996,19,8,0,0,334,172,0.005060202408096324,5,5,49704,49843,270,142,0,0,0,0,0,0,99518,0,0,1,0,0,0,0,0,0,0,477,0,0,0,0,0,0
85,6582,86.20574506330786,99996,19,11,0,0,336,175,0.005110204408176327,7,4,49702,49841,270,142,0,0,0,0,0,0,99516,0,0,1,0,0,0,0,0,0,0,479,0,0,0,0,0,0
86,6582,87.05771689622142,99996,15,11,0,0,338,177,0.0051502060082403295,5,4,49703,49839,275,144,0,0,0,0,0,0,99508,0,0,1,0,0,0,0,0,0,0,487,0,0,0,0,0,0
87,6582,88.06425136253391,99996,13,10,0,0,338,178,0.00516020640825633,8,5,49700,49837,277,146,0,0,0,0,0,0,99504,0,0,1,0,0,0,0,0,0,0,491,0,0,0,0,0,0
88,6582,89.11174057175266,99996,12,10,0,0,341,179,0.005200208008320333,7,4,49699,49838,280,146,0,0,0,0,0,0,99499,0,0,1,0,0,0,0,0,0,0,496,0,0,0,0,0,0
89,6582,90.08312554344532,99996,12,10,0,0,344,180,0.005240209608384335,7,3,49696,49838,283,147,0,0,0,0,0,0,99495,0,0,1,0,0,0,0,0,0,0,500,0,0,0,0,0,0
90,6582,91.023536654116,99996,11,9,0,0,344,181,0.005250210008400336,9,3,49695,49837,283,149,0,0,0,0,0,0,99492,0,0,1,0,0,0,0,0,0,0,503,0,0,0,0,0,0
91,6582,92.03670136046117,99996,12,9,0,0,347,182,0.005290211608464338,9,5,49692,49834,285,150,0,0,0,0,0,0,99489,0,0,1,0,0,0,0,0,0,0,506,0,0,0,0,0,0
92,6582,93.01105930783422,99996,12,9,0,0,349,182,0.00531021240849634,10,8,49689,49831,287,150,0,0,0,0,0,0,99487,0,0,1,0,0,0,0,0,0,0,508,0,0,0,0,0,0
93,6582,94.13042423312699,99996,12,10,0,0,354,184,0.005380215208608344,8,6,49687,49831,291,151,0,0,0,0,0,0,99481,0,0,1,0,0,0,0,0,0,0,514,0,0,0,0,0,0
94,6582,95.16656867094939,99996,12,11,0,0,356,186,0.005420216808672347,9,6,49686,49831,291,150,0,0,0,0,0,0,99478,0,0,1,0,0,0,0,0,0,0,517,0,0,0,0,0,0
95,6582,96.00174371353252,99996,12,11,0,0,360,189,0.005490219608784351,10,4,49681,49830,295,153,0,0,0,0,0,0,99471,0,0,1,0,0,0,0,0,0,0,524,0,0,0,0,0,0
96,6582,97.0139989530724,99996,10,11,0,0,362,191,0.005530221208848354,13,5,49679,49827,296,155,0,0,0,0,0,0,99465,0,0,1,0,0,0,0,0,0,0,530,0,0,0,0,0,0
97,6582,98.04428005657883,99996,13,12,0,0,367,192,0.005590223608944358,10,5,49678,49826,297,155,0,0,0,0,0,0,99463,0,0,1,0,0,0,0,0,0,0,532,0,0,0,0,0,0
98,6582,99.09540519115164,99996,9,9,0,0,368,193,0.005610224408976359,16,8,49674,49822,299,159,0,0,0,0,0,0,99454,0,0,1,0,0,0,0,0,0,0,541,0,0,0,0,0,0
99,6582,100.0842206572251,99995,14,10,1,0,374,194,0.00568028401420071,13,7,49673,49823,297,158,0,0,0,0,0,0,99453,0,0,1,0,0,0,0,0,0,0,541,0,0,0,0,0,0
100,6582,101.09932280199959,99995,15,11,1,0,377,196,0.005730286514325716,14,12,49672,49816,296,159,0,0,0,0,0,0,99450,0,0,1,0,0,0,0,0,0,0,544,0,0,0,0,0,0
101,6582,102.06946816228842,99995,16,13,1,0,379,198,0.005770288514425721,18,12,49667,49814,296,159,0,0,0,0,0,0,99449,0,0,1,0,0,0,0,0,0,0,545,0,0,0,0,0,0
102,6582,103.15689923493596,99995,20,13,1,0,385,200,0.005850292514625731,18,11,49662,49814,297,160,0,0,0,0,0,0,99445,0,0,1,0,0,0,0,0,0,0,549,0,0,0,0,0,0
103,6582,104.11461629271723,99995,23,15,1,0,389,202,0.005910295514775739,15,9,49663,49814,296,160,0,0,0,0,0,0,99444,0,0,1,0,0,0,0,0,0,0,550,0,0,0,0,0,0
104,6582,105.05191302869754,99995,23,11,1,0,393,202,0.005950297514875744,16,11,49658,49812,300,164,0,0,0,0,0,0,99436,0,0,1,0,0,0,0,0,0,0,558,0,0,0,0,0,0
105,6582,106.00766562413574,99995,25,13,1,0,398,205,0.006030301515075754,13,9,49656,49811,303,165,0,0,0,0,0,0,99432,0,0,1,0,0,0,0,0,0,0,562,0,0,0,0,0,0
106,6582,107.07609592971025,99995,23,11,1,0,401,206,0.006070303515175759,17,10,49651,49809,306,168,0,0,0,0,0,0,99424,0,0,1,0,0,0,0,0,0,0,570,0,0,0,0,0,0
107,6582,108.01620737735769,99995,23,14,1,0,404,209,0.006130306515325766,14,9,49651,49807,309,168,0,0,0,0,0,0,99421,0,0,1,0,0,0,0,0,0,0,573,0,0,0,0,0,0
108,6582,109.03858306284842,99995,23,13,1,0,409,210,0.006190309515475774,13,13,49650,49802,311,170,0,0,0,0,0,0,99414,0,0,1,0,0,0,0,0,0,0,580,0,0,0,0,0,0
109,6582,110.120926523713,99995,30,18,1,0,416,216,0.00632031601580079,11,9,49646,49801,310,170,0,0,0,0,0,0,99413,0,0,1,0,0,0,0,0,0,0,581,0,0,0,0,0,0
110,6582,111.00433971218361,99995,35,17,1,0,421,217,0.006380319015950798,9,9,49643,49800,310,172,0,0,0,0,0,0,99411,0,0,1,0,0,0,0,0,0,0,583,0,0,0,0,0,0
111,6582,112.09815105928796,99995,32,17,1,0,424,219,0.006430321516075804,12,10,49638,49797,315,174,0,0,0,0,0,0,99403,0,0,1,0,0,0,0,0,0,0,591,0,0,0,0,0,0
112,6582,113.01547873098374,99995,32,19,1,0,427,222,0.006490324516225812,15,10,49633,49794,317,175,0,0,0,0,0,0,99399,0,0,1,0,0,0,0,0,0,0,595,0,0,0,0,0,0
113,6582,114.28166979169396,99995,32,17,1,0,430,224,0.006540327016350818,20,16,49625,49786,320,179,0,0,0,0,0,0,99392,0,0,1,0,0,0,0,0,0,0,602,0,0,0,0,0,0
114,6582,115.22763473271361,99995,32,16,1,0,435,229,0.00664033201660083,20,16,49623,49782,322,184,0,0,0,0,0,0,99381,0,0,1,0,0,0,0,0,0,0,613,0,0,0,0,0,0
115,6582,116.097799275144,99995,37,15,1,0,441,229,0.006700335016750838,17,17,49620,49781,323,185,0,0,0,0,0,0,99379,0,0,1,0,0,0,0,0,0,0,615,0,0,0,0,0,0
116,6582,117.18523674925459,99995,33,20,1,0,442,236,0.006780339016950848,21,12,49616,49780,327,186,0,0,0,0,0,0,99372,0,0,1,0,0,0,0,0,0,0,622,0,0,0,0,0,0
117,6582,118.08975580934697,99995,32,22,1,0,445,239,0.006840342017100855,27,15,49609,49775,329,186,0,0,0,0,0,0,99367,0,0,1,0,0,0,0,0,0,0,627,0,0,0,0,0,0
118,6582,119.03637397681446,99995,34,23,1,0,450,243,0.006930346517325867,25,16,49607,49770,331,189,0,0,0,0,0,0,99361,0,0,1,0,0,0,0,0,0,0,633,0,0,0,0,0,0
119,6582,120.01421556694918,99995,42,22,1,0,461,247,0.007080354017700885,17,18,49607,49765,331,193,0,0,0,0,0,0,99354,0,0,2,0,0,0,0,0,0,0,639,0,0,0,0,0,0
120,6582,121.23820069432492,99995,42,22,1,0,469,253,0.007220361018050903,17,16,49599,49761,339,199,0,0,0,0,0,0,99340,0,0,2,0,0,0,0,0,0,0,653,0,0,0,0,0,0
121,6582,122.03148258642933,99995,43,23,1,0,473,256,0.0072903645182259115,17,17,49596,49757,341,201,0,0,0,0,0,0,99335,0,0,2,0,0,0,0,0,0,0,658,0,0,0,0,0,0
122,6582,123.04420847377702,99994,46,22,2,0,480,261,0.007410444626677601,14,14,49593,49755,343,207,0,0,0,0,0,0,99325,0,0,2,0,0,0,0,0,0,0,667,0,0,0,0,0,0
123,6582,124.03419881366406,99993,43,25,3,0,488,265,0.007530527136899583,15,16,49584,49750,353,207,0,0,0,0,0,0,99313,0,0,2,0,0,0,0,0,0,0,678,0,0,0,0,0,0
124,6582,125.1913342647852,99993,40,25,3,0,489,266,0.0075505285369975896,18,20,49581,49746,356,207,0,0,0,0,0,0,99309,0,0,3,0,0,0,0,0,0,0,681,0,0,0,0,0,0
125,6582,126.29810864547261,99993,43,26,3,0,498,271,0.007690538337683638,19,18,49571,49745,362,209,0,0,0,0,0,0,99299,0,0,3,0,0,0,0,0,0,0,691,0,0,0,0,0,0
126,6582,127.02155227823853,99993,43,27,3,0,505,273,0.007780544638124669,16,19,49567,49742,369,210,0,0,0,0,0,0,99291,0,0,3,0,0,0,0,0,0,0,699,0,0,0,0,0,0
127,6582,128.0070319533712,99993,44,25,3,0,513,275,0.007880551638614702,16,23,49561,49737,374,213,0,0,0,0,0,0,99280,0,0,3,0,0,0,0,0,0,0,710,0,0,0,0,0,0
128,6582,129.17660873794364,99993,40,29,3,0,514,286,0.008000560039202744,22,20,49556,49731,377,218,0,0,0,0,0,0,99268,0,0,3,0,0,0,0,0,0,0,722,0,0,0,0,0,0
129,6582,130.08435713460037,99993,34,30,3,0,519,291,0.008100567039692778,26,20,49549,49729,386,219,0,0,0,0,0,0,99253,0,0,3,0,0,0,0,0,0,0,737,0,0,0,0,0,0
130,6582,131.22674796173493,99993,36,31,3,0,524,295,0.00819057334013381,27,19,49543,49726,389,222,0,0,0,0,0,0,99247,0,0,3,0,0,0,0,0,0,0,743,0,0,0,0,0,0
131,6582,132.16702236206353,99993,39,34,3,0,530,301,0.008310581740721851,25,16,49540,49724,391,224,0,0,0,0,0,0,99241,0,0,3,0,0,0,0,0,0,0,749,0,0,0,0,0,0
132,6582,133.1144190876138,99993,41,33,3,0,538,303,0.008410588741211885,23,17,49537,49722,394,226,0,0,0,0,0,0,99232,0,0,3,0,0,0,0,0,0,0,758,0,0,0,0,0,0
133,6582,134.0538575788529,99993,41,32,3,0,546,306,0.008520596441750922,22,19,49532,49717,400,230,0,0,0,0,0,0,99220,0,0,3,0,0,0,0,0,0,0,770,0,0,0,0,0,0
134,6582,135.04291865856857,99993,42,30,3,0,550,307,0.00857059994199594,19,21,49533,49714,401,233,0,0,0,0,0,0,99214,0,0,3,0,0,0,0,0,0,0,776,0,0,0,0,0,0
135,6582,136.06679166396515,99993,43,31,3,0,556,310,0.008660606242436971,18,20,49533,49713,401,234,0,0,0,0,0,0,99207,0,0,3,0,0,0,0,0,0,0,783,0,0,0,0,0,0
136,6582,137.08374744805812,99993,41,32,3,0,561,315,0.008760613242927005,23,20,49524,49709,407,237,0,0,0,0,0,0,99196,0,0,3,0,0,0,0,0,0,0,794,0,0,0,0,0,0
137,6582,138.2903111470851,99993,38,31,3,0,565,321,0.00886062024341704,27,22,49518,49702,412,243,0,0,0,0,0,0,99182,0,0,3,0,0,0,0,0,0,0,808,0,0,0,0,0,0
138,6582,139.2796544499399,99993,40,30,3,0,574,325,0.008990629344054084,28,22,49508,49698,419,248,0,0,0,0,0,0,99171,0,0,4,0,0,0,0,0,0,0,818,0,0,0,0,0,0
139,6582,140.26914460814916,99993,40,32,3,0,580,330,0.00910063704459312,33,20,49499,49695,423,251,0,0,0,0,0,0,99162,0,0,4,0,0,0,0,0,0,0,827,0,0,0,0,0,0
140,6582,141.22765111204887,99993,42,33,3,0,589,332,0.00921064474513216,31,21,49493,49694,429,250,0,0,0,0,0,0,99154,0,0,4,0,0,0,0,0,0,0,835,0,0,0,0,0,0
141,6582,142.0636222129145,99993,42,35,3,0,591,336,0.00927064894542618,30,17,49492,49695,431,251,0,0,0,0,0,0,99150,0,0,4,0,0,0,0,0,0,0,839,0,0,0,0,0,0
142,6582,143.28344635568462,99993,39,30,3,0,597,338,0.009350654545818207,39,22,49477,49690,440,256,0,0,0,0,0,0,99135,0,0,5,0,0,0,0,0,0,0,853,0,0,0,0,0,0
143,6582,144.27344938290335,99993,43,29,3,0,606,340,0.009460662246357245,34,26,49475,49685,443,258,0,0,0,0,0,0,99127,0,0,5,0,0,0,0,0,0,0,861,0,0,0,0,0,0
144,6582,145.26351222146118,99993,44,35,3,0,614,348,0.0096206734471413,30,21,49472,49682,449,260,0,0,0,0,0,0,99118,0,0,5,0,0,0,0,0,0,0,870,0,0,0,0,0,0
145,6582,146.25364066625508,99993,51,39,3,0,625,354,0.009790685347974358,28,21,49466,49676,450,262,0,0,0,0,0,0,99112,0,0,5,0,0,0,0,0,0,0,876,0,0,0,0,0,0
146,6582,147.24383818560602,99993,52,37,3,0,631,356,0.009870690948366385,36,21,49453,49675,454,265,0,0,0,0,0,0,99103,0,0,5,0,0,0,0,0,0,0,885,0,0,0,0,0,0
147,6582,148.2342136671981,99993,51,35,3,0,641,358,0.009990699348954427,34,22,49448,49673,462,268,0,0,0,0,0,0,99088,0,0,5,0,0,0,0,0,0,0,900,0,0,0,0,0,0
148,6582,149.22472415283204,99993,49,34,3,0,646,364,0.010100707049493465,39,23,49439,49666,468,275,0,0,0,0,0,0,99074,0,0,5,0,0,0,0,0,0,0,914,0,0,0,0,0,0
149,6582,150.21539521948205,99992,50,36,3,1,653,369,0.010220817665413233,45,25,49427,49661,473,275,0,0,0,0,0,0,99065,0,0,5,0,0,0,0,0,0,0,922,0,0,0,0,0,0
150,6582,151.20621261781417,99992,56,41,3,1,665,375,0.010400832066565325,41,24,49421,49659,477,273,0,0,0,0,0,0,99058,0,0,5,0,0,0,0,0,0,0,929,0,0,0,0,0,0
151,6582,152.19709495291258,99992,62,38,3,1,676,379,0.010550844067525402,42,24,49409,49656,482,279,0,0,0,0,0,0,99046,0,0,5,0,0,0,0,0,0,0,941,0,0,0,0,0,0
152,6582,153.18814196919325,99991,73,35,4,1,690,381,0.010710963986758809,32,29,49405,49649,484,284,0,0,0,0,0,0,99038,0,0,5,0,0,0,0,0,0,0,948,0,0,0,0,0,0
153,6582,154.17926677823027,99991,63,37,4,1,695,386,0.010810972987568881,39,30,49396,49645,496,285,0,0,0,0,0,0,99020,0,0,5,0,0,0,0,0,0,0,966,0,0,0,0,0,0
154,6582,155.17056362926405,99991,70,39,4,1,709,396,0.011050994589513056,33,22,49389,49644,502,292,0,0,0,0,0,0,99005,0,0,5,0,0,0,0,0,0,0,981,0,0,0,0,0,0
155,6582,156.16198106295477,99991,71,38,4,1,718,401,0.011191007190647159,33,24,49386,49640,504,295,0,0,0,0,0,0,98991,0,0,5,0,0,0,0,0,0,0,995,0,0,0,0,0,0
156,6582,157.15349969796378,99991,72,36,4,1,728,405,0.01133101979178126,34,26,49377,49636,511,299,0,0,0,0,0,0,98976,0,0,5,0,0,0,0,0,0,0,1010,0,0,0,0,0,0
157,6582,158.1451554304897,99991,66,39,4,1,735,412,0.011471032392915363,36,25,49374,49630,518,303,0,0,0,0,0,0,98960,0,0,6,0,0,0,0,0,0,0,1025,0,0,0,0,0,0
158,6582,159.1369152560692,99991,74,44,4,1,748,418,0.011661049494454501,30,22,49369,49629,521,302,0,0,0,0,0,0,98954,0,0,6,0,0,0,0,0,0,0,1031,0,0,0,0,0,0
159,6582,160.12874872295976,99991,77,48,4,1,757,424,0.01181106299566961,37,17,49356,49629,524,303,0,0,0,0,0,0,98946,0,0,6,0,0,0,0,0,0,0,1039,0,0,0,0,0,0
160,6582,161.01343316575452,99991,72,43,4,1,765,430,0.011951075596803713,43,20,49346,49622,533,312,0,0,0,0,0,0,98922,0,0,6,0,0,0,0,0,0,0,1063,0,0,0,0,0,0
161,6582,162.20883530535895,99991,72,38,4,1,775,432,0.0120710863977758,42,25,49339,49616,541,318,0,0,0,0,0,0,98905,0,0,6,0,0,0,0,0,0,0,1080,0,0,0,0,0,0
162,6582,163.20119370909586,99991,73,36,4,1,787,437,0.012241101699152924,39,25,49332,49611,550,325,0,0,0,0,0,0,98887,0,0,6,0,0,0,0,0,0,0,1098,0,0,0,0,0,0
163,6582,164.19371185661254,99990,71,41,4,2,798,445,0.012431243124312432,38,24,49325,49605,560,326,0,0,0,0,0,0,98871,0,0,6,0,0,0,0,0,0,0,1113,0,0,0,0,0,0
164,6582,165.18637116649512,99990,74,39,4,2,810,451,0.012611261126112612,41,26,49310,49599,569,332,0,0,0,0,0,0,98854,0,0,6,0,0,0,0,0,0,0,1130,0,0,0,0,0,0
165,6582,166.17927194963494,99990,70,38,4,2,817,454,0.01271127112711271,46,31,49300,49591,578,336,0,0,0,0,0,0,98839,0,0,6,0,0,0,0,0,0,0,1145,0,0,0,0,0,0
166,6582,167.17235625199388,99990,79,37,4,2,832,459,0.012911291129112911,42,30,49291,49588,582,341,0,0,0,0,0,0,98827,0,0,6,0,0,0,0,0,0,0,1157,0,0,0,0,0,0
167,6582,168.16553851289166,99990,80,36,4,2,846,468,0.013141314131413142,36,25,49287,49585,591,350,0,0,0,0,0,0,98804,0,0,6,0,0,0,0,0,0,0,1180,0,0,0,0,0,0
168,6582,169.1588875396268,99989,85,36,5,2,859,473,0.01332146536118973,39,28,49272,49577,597,355,0,0,0,0,0,0,98791,0,0,6,0,0,0,0,0,0,0,1192,0,0,0,0,0,0
169,6582,170.15244165477134,99989,77,39,5,2,864,477,0.01341147526227885,47,27,49260,49574,609,356,0,0,0,0,0,0,98778,0,0,7,0,0,0,0,0,0,0,1204,0,0,0,0,0,0
170,6582,171.14624210648913,99989,77,40,5,2,875,484,0.013591495064457091,49,25,49247,49569,620,362,0,0,0,0,0,0,98761,0,0,7,0,0,0,0,0,0,0,1221,0,0,0,0,0,0
171,6582,172.14028046643062,99989,71,44,5,2,883,495,0.013781515966756343,49,22,49242,49562,631,368,0,0,0,0,0,0,98740,0,0,7,0,0,0,0,0,0,0,1242,0,0,0,0,0,0
172,6582,173.13449020332544,99989,73,44,5,2,889,501,0.013901529168208504,50,18,49236,49562,634,372,0,0,0,0,0,0,98730,0,0,7,0,0,0,0,0,0,0,1252,0,0,0,0,0,0
173,6582,174.15911895890338,99989,68,43,5,2,901,507,0.014081548970386742,56,20,49222,49554,647,379,0,0,0,0,0,0,98706,0,0,7,0,0,0,0,0,0,0,1276,0,0,0,0,0,0
174,6582,175.05882030784764,99989,70,45,5,2,915,513,0.014281570972807009,50,20,49214,49549,659,382,0,0,0,0,0,0,98690,0,0,7,0,0,0,0,0,0,0,1292,0,0,0,0,0,0
175,6582,176.14217366817383,99989,70,44,5,2,929,517,0.014461590774985248,44,21,49210,49546,669,385,0,0,0,0,0,0,98671,0,0,7,0,0,0,0,0,0,0,1311,0,0,0,0,0,0
176,6582,177.1371155438462,99989,74,37,5,2,943,518,0.014611607276800448,38,25,49203,49544,678,390,0,0,0,0,0,0,98653,0,0,7,0,0,0,0,0,0,0,1329,0,0,0,0,0,0
177,6582,178.13223402494197,99989,77,36,5,2,956,526,0.014821630379341727,38,23,49192,49541,686,396,0,0,0,0,0,0,98635,0,0,8,0,0,0,0,0,0,0,1346,0,0,0,0,0,0
178,6582,179.1275149817571,99989,82,40,5,2,966,531,0.014971646881156927,45,22,49177,49537,689,397,0,0,0,0,0,0,98629,0,0,8,0,0,0,0,0,0,0,1352,0,0,0,0,0,0
179,6582,180.12299254892076,99989,75,37,5,2,976,536,0.015121663382972127,50,24,49166,49531,702,404,0,0,0,0,0,0,98604,0,0,8,0,0,0,0,0,0,0,1377,0,0,0,0,0,0
180,6582,181.26839078671458,99989,74,43,5,2,985,545,0.015301683185150367,46,18,49165,49530,708,405,0,0,0,0,0,0,98591,0,0,8,0,0,0,0,0,0,0,1390,0,0,0,0,0,0
181,6582,182.03649129137403,99989,74,41,5,2,994,548,0.015421696386602526,43,18,49166,49527,710,410,0,0,0,0,0,0,98577,0,0,8,0,0,0,0,0,0,0,1404,0,0,0,0,0,0
182,6582,183.19950367529944,99989,70,37,5,2,1006,552,0.01558171398853874,57,20,49143,49523,723,416,0,0,0,0,0,0,98553,0,0,8,0,0,0,0,0,0,0,1428,0,0,0,0,0,0
183,6582,184.0512115100991,99989,73,35,5,2,1020,555,0.015751732690595967,50,20,49139,49522,731,419,0,0,0,0,0,0,98537,0,0,8,0,0,0,0,0,0,0,1444,0,0,0,0,0,0
184,6582,185.03368393813835,99988,70,38,6,2,1028,560,0.015881905828699444,54,27,49130,49512,738,419,0,0,0,0,0,0,98524,0,0,8,0,0,0,0,0,0,0,1456,0,0,0,0,0,0
185,6582,186.0301471429012,99988,72,37,6,2,1037,566,0.016031923830859704,56,26,49120,49508,744,425,0,0,0,0,0,0,98510,0,0,8,0,0,0,0,0,0,0,1470,0,0,0,0,0,0
186,6582,187.0267587947751,99988,76,40,6,2,1047,570,0.016171940632875945,59,28,49110,49506,747,422,0,0,0,0,0,0,98503,0,0,8,0,0,0,0,0,0,0,1477,0,0,0,0,0,0
187,6582,188.02350354178878,99988,78,41,6,2,1062,578,0.016401968236188343,57,27,49098,49500,759,428,0,0,0,0,0,0,98484,0,0,9,0,0,0,0,0,0,0,1495,0,0,0,0,0,0
188,6582,189.02045751434758,99988,86,37,6,2,1077,581,0.016581989838780654,56,32,49086,49493,764,434,0,0,0,0,0,0,98470,0,0,9,0,0,0,0,0,0,0,1509,0,0,0,0,0,0
189,6582,190.01757454941304,99987,73,39,7,2,1086,587,0.01673217518277376,58,35,49080,49486,780,436,0,0,0,0,0,0,98444,0,0,9,0,0,0,0,0,0,0,1534,0,0,0,0,0,0
190,6582,191.01489896549685,99987,75,40,7,2,1099,594,0.0169322011861542,55,33,49072,49482,789,441,0,0,0,0,0,0,98427,0,0,9,0,0,0,0,0,0,0,1551,0,0,0,0,0,0
191,6582,192.0124051135244,99987,77,44,7,2,1114,601,0.017152229789872683,51,31,49064,49482,799,439,0,0,0,0,0,0,98411,0,0,9,0,0,0,0,0,0,0,1567,0,0,0,0,0,0
192,6582,193.01008087903557,99987,80,48,7,2,1128,611,0.01739226099392921,43,23,49058,49482,810,443,0,0,0,0,0,0,98394,0,0,9,0,0,0,0,0,0,0,1584,0,0,0,0,0,0
193,6582,194.0079377386531,99987,75,43,7,2,1138,618,0.017562283096802585,48,26,49050,49477,818,450,0,0,0,0,0,0,98367,0,0,9,0,0,0,0,0,0,0,1611,0,0,0,0,0,0
194,6582,195.00598089174144,99987,82,38,7,2,1152,620,0.017722303899506936,49,28,49038,49475,822,455,0,0,0,0,0,0,98353,0,0,9,0,0,0,0,0,0,0,1625,0,0,0,0,0,0
195,6582,196.00417417895827,99987,79,40,7,2,1163,625,0.017882324702211287,45,28,49035,49470,832,458,0,0,0,0,0,0,98336,0,0,9,0,0,0,0,0,0,0,1642,0,0,0,0,0,0
196,6582,197.00253105960357,99986,73,35,7,3,1174,628,0.018022523153241453,43,33,49031,49463,844,464,0,0,0,0,0,0,98312,0,0,10,0,0,0,0,0,0,0,1664,0,0,0,0,0,0
197,6582,198.001016575265,99986,71,35,7,3,1183,636,0.01819254695657392,40,30,49028,49459,852,471,0,0,0,0,0,0,98293,0,0,10,0,0,0,0,0,0,0,1683,0,0,0,0,0,0
198,6582,199.33256512790894,99986,66,38,7,3,1194,646,0.018402576360690495,44,28,49017,49457,864,472,0,0,0,0,0,0,98270,0,0,10,0,0,0,0,0,0,0,1706,0,0,0,0,0,0
199,6582,200.3314169585969,99986,64,35,7,3,1202,652,0.018542595963434882,50,28,49007,49454,870,478,0,0,0,0,0,0,98252,0,0,11,0,0,0,0,0,0,0,1723,0,0,0,0,0,0
200,6582,201.33045865198272,99986,62,42,7,3,1216,661,0.018772628167943513,43,24,49002,49452,884,477,0,0,0,0,0,0,98234,0,0,11,0,0,0,0,0,0,0,1741,0,0,0,0,0,0
201,6582,202.3296711374977,99986,61,35,7,3,1226,664,0.01890264637049187,42,28,48995,49446,893,486,0,0,0,0,0,0,98213,0,0,11,0,0,0,0,0,0,0,1762,0,0,0,0,0,0
202,6582,203.32904556972278,99986,65,40,7,3,1235,674,0.01909267297421639,47,22,48985,49445,894,488,0,0,0,0,0,0,98203,0,0,11,0,0,0,0,0,0,0,1772,0,0,0,0,0,0
203,6582,204.3285380945073,99986,69,39,7,3,1247,676,0.019232692576960773,45,27,48980,49438,897,491,0,0,0,0,0,0,98192,0,0,11,0,0,0,0,0,0,0,1783,0,0,0,0,0,0
204,6582,205.32811831634442,99986,64,40,7,3,1254,681,0.019352709379313104,49,26,48973,49434,905,495,0,0,0,0,0,0,98176,0,0,11,0,0,0,0,0,0,0,1799,0,0,0,0,0,0
205,6582,206.32781765555904,99986,67,37,7,3,1269,684,0.019532734582841597,47,27,48966,49431,911,500,0,0,0,0,0,0,98159,0,0,12,0,0,0,0,0,0,0,1815,0,0,0,0,0,0
206,6582,207.32769772874622,99986,76,40,7,3,1283,689,0.01972276118656612,50,28,48952,49426,913,501,0,0,0,0,0,0,98152,0,0,12,0,0,0,0,0,0,0,1822,0,0,0,0,0,0
207,6582,208.32771477409162,99986,75,43,7,3,1306,698,0.020042805992839,42,30,48940,49415,934,507,0,0,0,0,0,0,98122,0,0,12,0,0,0,0,0,0,0,1852,0,0,0,0,0,0
208,6582,209.3279970442251,99986,71,41,7,3,1314,703,0.020172824195387355,46,35,48931,49409,943,510,0,0,0,0,0,0,98103,0,0,12,0,0,0,0,0,0,0,1871,0,0,0,0,0,0
209,6582,210.3285010670629,99986,76,49,7,3,1327,716,0.02043286060048407,50,26,48918,49409,947,511,0,0,0,0,0,0,98090,0,0,12,0,0,0,0,0,0,0,1884,0,0,0,0,0,0
210,6582,211.32917098675185,99986,76,55,7,3,1337,725,0.02062288720420859,54,26,48909,49401,952,513,0,0,0,0,0,0,98077,0,0,12,0,0,0,0,0,0,0,1897,0,0,0,0,0,0
211,6582,212.3299710594296,99986,82,56,7,3,1352,732,0.020842918008521193,51,30,48899,49391,959,518,0,0,0,0,0,0,98062,0,0,12,0,0,0,0,0,0,0,1912,0,0,0,0,0,0
212,6582,213.33092145553323,99986,85,54,7,3,1367,737,0.021042946012441742,51,32,48884,49385,971,524,0,0,0,0,0,0,98043,0,0,12,0,0,0,0,0,0,0,1931,0,0,0,0,0,0
213,6582,214.33212799744192,99986,90,53,7,3,1381,744,0.02125297541655832,56,34,48867,49378,978,530,0,0,0,0,0,0,98027,0,0,13,0,0,0,0,0,0,0,1946,0,0,0,0,0,0
214,6582,215.33358068137892,99986,98,54,7,3,1400,754,0.021543016022243115,48,29,48859,49376,986,536,0,0,0,0,0,0,98007,0,0,13,0,0,0,0,0,0,0,1966,0,0,0,0,0,0
215,6582,216.00132789008785,99985,100,53,8,3,1407,757,0.021643246486973047,53,32,48852,49372,985,538,0,0,0,0,0,0,97998,0,0,13,0,0,0,0,0,0,0,1974,0,0,0,0,0,0
216,6582,217.00303496369207,99985,85,52,8,3,1413,764,0.021773265989898486,60,30,48843,49367,1002,546,0,0,0,0,0,0,97969,0,0,13,0,0,0,0,0,0,0,2003,0,0,0,0,0,0
217,6582,218.0050011172828,99985,79,53,8,3,1421,774,0.021953292993949092,76,25,48823,49362,1012,555,0,0,0,0,0,0,97946,0,0,13,0,0,0,0,0,0,0,2026,0,0,0,0,0,0
218,6582,219.00727102258145,99985,73,56,8,3,1428,783,0.022113316997549634,79,19,48815,49361,1023,559,0,0,0,0,0,0,97927,0,0,13,0,0,0,0,0,0,0,2045,0,0,0,0,0,0
219,6582,220.09502088991331,99985,82,49,8,3,1453,790,0.022433365004750714,71,17,48803,49359,1034,570,0,0,0,0,0,0,97898,0,0,14,0,0,0,0,0,0,0,2073,0,0,0,0,0,0
220,6582,221.22903834181926,99985,85,46,8,3,1470,792,0.022623393509026354,69,19,48791,49358,1045,572,0,0,0,0,0,0,97879,0,0,14,0,0,0,0,0,0,0,2092,0,0,0,0,0,0
221,6582,222.06569008447798,99985,92,44,8,3,1487,796,0.022833425013752063,66,21,48781,49354,1051,576,0,0,0,0,0,0,97863,0,0,14,0,0,0,0,0,0,0,2108,0,0,0,0,0,0
222,6582,223.06889446495626,99985,93,43,8,3,1495,801,0.022963444516677502,67,18,48774,49354,1056,580,0,0,0,0,0,0,97850,0,0,14,0,0,0,0,0,0,0,2121,0,0,0,0,0,0
223,6582,224.08097996060167,99985,89,43,8,3,1510,808,0.023183477521628245,66,16,48760,49353,1075,583,0,0,0,0,0,0,97825,0,0,15,0,0,0,0,0,0,0,2145,0,0,0,0,0,0
224,6582,225.00583911040377,99984,103,41,8,4,1535,811,0.023463754200672107,53,22,48750,49348,1084,583,0,0,0,0,0,0,97809,0,0,15,0,0,0,0,0,0,0,2160,0,0,0,0,0,0
225,6582,226.0096958579544,99984,104,42,8,4,1550,815,0.023653784605536885,50,26,48740,49343,1096,583,0,0,0,0,0,0,97793,0,0,16,0,0,0,0,0,0,0,2175,0,0,0,0,0,0
226,6582,227.01373751765811,99984,103,42,8,4,1566,825,0.023913826212193953,50,25,48727,49335,1110,592,0,0,0,0,0,0,97767,0,0,17,0,0,0,0,0,0,0,2200,0,0,0,0,0,0
227,6582,228.01803994852156,99984,100,42,8,4,1582,829,0.02411385821731477,50,29,48714,49332,1126,591,0,0,0,0,0,0,97744,0,0,17,0,0,0,0,0,0,0,2223,0,0,0,0,0,0
228,6582,229.02264745785448,99984,95,40,8,4,1594,832,0.024263882221155386,53,29,48705,49335,1137,590,0,0,0,0,0,0,97722,0,0,17,0,0,0,0,0,0,0,2245,0,0,0,0,0,0
229,6582,230.02748240793395,99984,88,38,8,4,1603,834,0.024373899823971836,62,36,48693,49327,1147,593,0,0,0,0,0,0,97703,0,0,18,0,0,0,0,0,0,0,2263,0,0,0,0,0,0
230,6582,231.03251007167432,99984,85,43,8,4,1619,844,0.0246339414306289,57,35,48686,49321,1162,595,0,0,0,0,0,0,97679,0,0,18,0,0,0,0,0,0,0,2287,0,0,0,0,0,0
231,6582,232.03773289431112,99984,82,43,8,4,1630,850,0.024803968634981598,57,35,48680,49318,1171,598,0,0,0,0,0,0,97659,0,0,18,0,0,0,0,0,0,0,2307,0,0,0,0,0,0
232,6582,233.0431287819873,99984,75,45,8,4,1639,856,0.02495399263882221,62,38,48671,49312,1182,599,0,0,0,0,0,0,97639,0,0,18,0,0,0,0,0,0,0,2327,0,0,0,0,0,0
233,6582,234.04872293038966,99984,83,52,8,4,1660,871,0.025314050248039687,57,29,48660,49307,1190,606,0,0,0,0,0,0,97619,0,0,19,0,0,0,0,0,0,0,2346,0,0,0,0,0,0
234,6582,235.0544994676283,99984,84,52,8,4,1671,876,0.025474075852136343,53,31,48654,49302,1199,609,0,0,0,0,0,0,97604,0,0,19,0,0,0,0,0,0,0,2361,0,0,0,0,0,0
235,6582,236.0604400010405,99984,86,52,8,4,1684,887,0.025714114258281327,58,29,48640,49296,1206,617,0,0,0,0,0,0,97582,0,0,19,0,0,0,0,0,0,0,2383,0,0,0,0,0,0
236,6582,237.06664205321346,99984,79,49,8,4,1698,889,0.02587413986237798,59,33,48630,49290,1222,622,0,0,0,0,0,0,97556,0,0,19,0,0,0,0,0,0,0,2409,0,0,0,0,0,0
237,6582,238.07310745136166,99984,92,46,8,4,1719,898,0.02617418787005921,52,29,48616,49287,1230,632,0,0,0,0,0,0,97537,0,0,20,0,0,0,0,0,0,0,2427,0,0,0,0,0,0
238,6582,239.07983211394654,99984,87,54,8,4,1732,908,0.026404224675948152,52,25,48607,49282,1244,633,0,0,0,0,0,0,97517,0,0,20,0,0,0,0,0,0,0,2447,0,0,0,0,0,0
239,6582,240.08673840214124,99984,85,56,8,4,1741,913,0.026544247079532724,62,29,48592,49276,1251,633,0,0,0,0,0,0,97503,0,0,20,0,0,0,0,0,0,0,2461,0,0,0,0,0,0
240,6582,241.09383284933227,99984,89,51,8,4,1760,916,0.026764282285165628,57,35,48582,49269,1262,639,0,0,0,0,0,0,97481,0,0,21,0,0,0,0,0,0,0,2482,0,0,0,0,0,0
241,6582,242.10113729833117,99984,91,61,8,4,1771,931,0.02702432389182269,62,30,48570,49262,1267,641,0,0,0,0,0,0,97467,0,0,21,0,0,0,0,0,0,0,2496,0,0,0,0,0,0
242,6582,243.10861865795806,99984,101,60,8,4,1790,938,0.027284365498479755,58,29,48558,49257,1273,648,0,0,0,0,0,0,97451,0,0,22,0,0,0,0,0,0,0,2511,0,0,0,0,0,0
243,6582,244.11628826669772,99984,106,58,8,4,1804,945,0.027494399103856617,56,37,48546,49245,1282,654,0,0,0,0,0,0,97433,0,0,22,0,0,0,0,0,0,0,2529,0,0,0,0,0,0
244,6582,245.1241345455475,99984,113,55,8,4,1821,952,0.0277344375100016,58,39,48534,49239,1285,661,0,0,0,0,0,0,97414,0,0,23,0,0,0,0,0,0,0,2547,0,0,0,0,0,0
245,6582,246.132128802088,99984,112,47,8,4,1834,954,0.027884461513842215,58,45,48521,49233,1299,669,0,0,0,0,0,0,97391,0,0,24,0,0,0,0,0,0,0,2569,0,0,0,0,0,0
246,6582,247.14044944262298,99984,104,50,8,4,1845,965,0.028104496719475115,61,40,48513,49231,1312,673,0,0,0,0,0,0,97365,0,0,25,0,0,0,0,0,0,0,2594,0,0,0,0,0,0
247,6582,248.14898220788027,99984,106,52,8,4,1863,975,0.028384541526644262,59,39,48504,49223,1321,680,0,0,0,0,0,0,97341,0,0,25,0,0,0,0,0,0,0,2618,0,0,0,0,0,0
248,6582,249.15767426407,99984,105,50,8,4,1878,982,0.028604576732277166,61,43,48494,49213,1330,688,0,0,0,0,0,0,97316,0,0,25,0,0,0,0,0,0,0,2643,0,0,0,0,0,0
249,6582,250.16660903940934,99984,105,52,8,4,1899,994,0.028934629540726516,59,40,48482,49207,1344,695,0,0,0,0,0,0,97286,0,0,26,0,0,0,0,0,0,0,2672,0,0,0,0,0,0
250,6582,251.17577699148111,99984,110,60,8,4,1920,1006,0.02926468234917587,52,35,48474,49202,1354,697,0,0,0,0,0,0,97267,0,0,27,0,0,0,0,0,0,0,2690,0,0,0,0,0,0
251,6582,252.18514545296918,99984,108,66,8,4,1934,1020,0.029544727156345017,59,33,48455,49193,1368,702,0,0,0,0,0,0,97243,0,0,27,0,0,0,0,0,0,0,2714,0,0,0,0,0,0
252,6582,253.19481765576356,99983,110,65,9,4,1947,1027,0.029745056659632136,62,36,48441,49187,1376,706,0,0,0,0,0,0,97224,0,0,27,0,0,0,0,0,0,0,2732,0,0,0,0,0,0
253,6582,254.204712468614,99983,109,61,9,4,1961,1032,0.02993508896512407,72,37,48419,49181,1389,715,0,0,0,0,0,0,97200,0,0,27,0,0,0,0,0,0,0,2756,0,0,0,0,0,0
254,6582,255.2148721266152,99983,114,57,9,4,1981,1039,0.030205134872928398,68,38,48413,49173,1394,726,0,0,0,0,0,0,97174,0,0,27,0,0,0,0,0,0,0,2782,0,0,0,0,0,0
255,6582,256.22523557175276,99983,117,57,9,4,1999,1050,0.030495184181310822,70,38,48397,49169,1405,730,0,0,0,0,0,0,97148,0,0,27,0,0,0,0,0,0,0,2808,0,0,0,0,0,0
256,6582,257.2358602638924,99983,117,61,9,4,2016,1060,0.03076523008911515,70,37,48388,49163,1414,733,0,0,0,0,0,0,97126,0,0,28,0,0,0,0,0,0,0,2829,0,0,0,0,0,0
257,6582,258.2467238036925,99983,114,63,9,4,2033,1070,0.031035275996919475,75,33,48377,49159,1423,739,0,0,0,0,0,0,97098,0,0,28,0,0,0,0,0,0,0,2857,0,0,0,0,0,0
258,6582,259.25778881976663,99983,120,62,9,4,2052,1076,0.031285318504145704,78,35,48360,49153,1431,744,0,0,0,0,0,0,97078,0,0,28,0,0,0,0,0,0,0,2877,0,0,0,0,0,0
259,6582,260.2691556741355,99982,107,59,10,4,2065,1080,0.03145566201916345,84,36,48345,49151,1452,748,0,0,0,0,0,0,97047,0,0,30,0,0,0,0,0,0,0,2905,0,0,0,0,0,0
260,6582,261.28083119836765,99981,117,54,11,4,2089,1086,0.03175603364639282,76,40,48336,49144,1458,756,0,0,0,0,0,0,97024,0,0,32,0,0,0,0,0,0,0,2925,0,0,0,0,0,0
261,6582,262.29273280493464,99979,127,53,13,4,2119,1097,0.0321667550185539,62,40,48326,49134,1470,767,0,0,0,0,0,0,96993,0,0,33,0,0,0,0,0,0,0,2953,0,0,0,0,0,0
262,6582,263.30483177465493,99979,129,55,13,4,2136,1101,0.03237679912781684,61,42,48318,49134,1477,763,0,0,0,0,0,0,96976,0,0,33,0,0,0,0,0,0,0,2970,0,0,0,0,0,0
263,6582,264.3170734589738,99979,130,58,13,4,2161,1110,0.03271687054281399,57,45,48302,49125,1496,766,0,0,0,0,0,0,96946,0,0,33,0,0,0,0,0,0,0,3000,0,0,0,0,0,0
264,6582,265.32962677957227,99979,127,57,13,4,2181,1115,0.03296692305384131,61,48,48285,49123,1512,766,0,0,0,0,0,0,96917,0,0,33,0,0,0,0,0,0,0,3029,0,0,0,0,0,0
265,6582,266.0048706550853,99979,127,57,13,4,2192,1121,0.03313695876133988,57,45,48282,49125,1519,767,0,0,0,0,0,0,96900,0,0,33,0,0,0,0,0,0,0,3046,0,0,0,0,0,0
266,6582,267.01792207734667,99979,119,59,13,4,2205,1132,0.033377009171926104,65,49,48264,49113,1537,773,0,0,0,0,0,0,96872,0,0,35,0,0,0,0,0,0,0,3072,0,0,0,0,0,0
267,6582,268.0312877613406,99979,113,65,13,4,2218,1149,0.033677072185158884,71,45,48248,49105,1553,779,0,0,0,0,0,0,96842,0,0,35,0,0,0,0,0,0,0,3102,0,0,0,0,0,0
268,6582,269.0450004147004,99979,113,66,13,4,2234,1159,0.03393712679662729,79,40,48229,49104,1564,784,0,0,0,0,0,0,96818,0,0,36,0,0,0,0,0,0,0,3125,0,0,0,0,0,0
269,6582,270.0590523271243,99979,114,66,13,4,2255,1171,0.03426719611118335,82,36,48213,49099,1576,793,0,0,0,0,0,0,96786,0,0,36,0,0,0,0,0,0,0,3157,0,0,0,0,0,0
270,6582,271.07340398954983,99979,109,62,13,4,2271,1176,0.03447724022044629,83,42,48207,49092,1586,798,0,0,0,0,0,0,96758,0,0,38,0,0,0,0,0,0,0,3183,0,0,0,0,0,0
271,6582,272.0879502689624,99979,116,62,13,4,2292,1182,0.034747296932355794,80,45,48194,49084,1595,803,0,0,0,0,0,0,96740,0,0,40,0,0,0,0,0,0,0,3199,0,0,0,0,0,0
272,6582,273.1027107143029,99979,112,62,13,4,2312,1194,0.035067364146470756,81,42,48176,49078,1616,812,0,0,0,0,0,0,96705,0,0,41,0,0,0,0,0,0,0,3233,0,0,0,0,0,0
273,6582,274.11787023423364,99979,117,65,13,4,2333,1209,0.03542743976235009,82,36,48162,49073,1624,820,0,0,0,0,0,0,96679,0,0,43,0,0,0,0,0,0,0,3257,0,0,0,0,0,0
274,6582,275.1332582596426,99979,112,67,13,4,2350,1220,0.03570749857470069,81,34,48152,49065,1640,828,0,0,0,0,0,0,96648,0,0,43,0,0,0,0,0,0,0,3288,0,0,0,0,0,0
275,6582,276.1489167146067,99978,118,67,14,4,2375,1228,0.036037928344235734,69,34,48146,49061,1651,832,0,0,0,0,0,0,96621,0,0,43,0,0,0,0,0,0,0,3314,0,0,0,0,0,0
276,6582,277.1647818303712,99978,115,62,14,4,2389,1235,0.03624797455440197,80,41,48126,49050,1663,841,0,0,0,0,0,0,96593,0,0,44,0,0,0,0,0,0,0,3341,0,0,0,0,0,0
277,6582,278.1809575472475,99978,116,64,14,4,2416,1244,0.0366080537718298,65,41,48119,49042,1684,847,0,0,0,0,0,0,96560,0,0,44,0,0,0,0,0,0,0,3374,0,0,0,0,0,0
278,6582,279.1974163829468,99978,109,70,14,4,2429,1255,0.03684810658344836,76,42,48104,49032,1695,850,0,0,0,0,0,0,96536,0,0,45,0,0,0,0,0,0,0,3397,0,0,0,0,0,0
279,6582,280.214125079481,99978,107,72,14,4,2450,1268,0.03718818139990798,69,47,48095,49017,1713,858,0,0,0,0,0,0,96503,0,0,46,0,0,0,0,0,0,0,3429,0,0,0,0,0,0
280,6582,281.2310654593269,99978,111,71,14,4,2466,1279,0.037458240812978855,68,47,48085,49013,1720,863,0,0,0,0,0,0,96480,0,0,47,0,0,0,0,0,0,0,3451,0,0,0,0,0,0
281,6582,282.2482239803399,99978,108,68,14,4,2482,1289,0.03771829802556562,69,43,48077,49008,1730,875,0,0,0,0,0,0,96449,0,0,48,0,0,0,0,0,0,0,3481,0,0,0,0,0,0
282,6582,283.2656127926906,99978,125,68,14,4,2510,1301,0.03811838604492988,63,39,48062,49002,1734,885,0,0,0,0,0,0,96426,0,0,48,0,0,0,0,0,0,0,3504,0,0,0,0,0,0
283,6582,284.2832338691579,99978,131,65,14,4,2533,1309,0.038428454259937184,56,44,48048,48992,1749,893,0,0,0,0,0,0,96398,0,0,48,0,0,0,0,0,0,0,3532,0,0,0,0,0,0
284,6582,285.3011257777155,99978,131,62,14,4,2553,1318,0.03871851807397628,54,47,48033,48981,1766,904,0,0,0,0,0,0,96367,0,0,49,0,0,0,0,0,0,0,3562,0,0,0,0,0,0
285,6582,286.31935504217506,99978,132,66,14,4,2566,1331,0.038978575286563046,68,41,48010,48979,1774,908,0,0,0,0,0,0,96346,0,0,49,0,0,0,0,0,0,0,3583,0,0,0,0,0,0
286,6582,287.33796116616685,99976,118,67,16,4,2577,1340,0.03917940305673362,79,41,47995,48975,1790,911,0,0,0,0,0,0,96316,0,0,52,0,0,0,0,0,0,0,3608,0,0,0,0,0,0
287,6582,288.017190216277,99976,125,73,16,4,2594,1348,0.03942946307113707,83,40,47978,48969,1796,912,0,0,0,0,0,0,96304,0,0,52,0,0,0,0,0,0,0,3620,0,0,0,0,0,0
288,6582,289.03629674519885,99976,121,72,16,4,2608,1360,0.03968952548611667,89,36,47962,48963,1810,923,0,0,0,0,0,0,96273,0,0,52,0,0,0,0,0,0,0,3651,0,0,0,0,0,0
289,6582,290.0557677862631,99976,133,70,16,4,2640,1371,0.040119628710890615,81,35,47945,48958,1823,931,0,0,0,0,0,0,96242,0,0,54,0,0,0,0,0,0,0,3680,0,0,0,0,0,0
290,6582,291.07555229767956,99976,139,72,16,4,2663,1382,0.040459710330479313,77,39,47930,48949,1836,934,0,0,0,0,0,0,96217,0,0,55,0,0,0,0,0,0,0,3704,0,0,0,0,0,0
291,6582,292.0956073376838,99976,144,70,16,4,2683,1390,0.040739777546611185,79,35,47914,48948,1845,941,0,0,0,0,0,0,96193,0,0,56,0,0,0,0,0,0,0,3727,0,0,0,0,0,0
292,6582,293.11597941247567,99975,135,78,17,4,2700,1407,0.041080270067516876,81,30,47903,48938,1862,948,0,0,0,0,0,0,96160,0,0,58,0,0,0,0,0,0,0,3757,0,0,0,0,0,0
293,6582,294.1366096477874,99975,144,74,17,4,2727,1412,0.04140035008752188,75,32,47887,48933,1875,955,0,0,0,0,0,0,96133,0,0,58,0,0,0,0,0,0,0,3784,0,0,0,0,0,0
294,6582,295.1575651717355,99975,145,64,17,4,2746,1421,0.041680420105026254,79,31,47870,48927,1887,972,0,0,0,0,0,0,96098,0,0,60,0,0,0,0,0,0,0,3817,0,0,0,0,0,0
295,6582,296.1788770464401,99975,146,61,17,4,2766,1428,0.04195048762190547,80,37,47853,48920,1902,976,0,0,0,0,0,0,96071,0,0,62,0,0,0,0,0,0,0,3842,0,0,0,0,0,0
296,6582,297.2005302943387,99975,155,62,17,4,2789,1439,0.04229057264316079,87,37,47834,48911,1905,984,0,0,0,0,0,0,96047,0,0,62,0,0,0,0,0,0,0,3866,0,0,0,0,0,0
297,6582,298.22242740546335,99974,151,62,18,4,2803,1444,0.04248104507171865,94,41,47824,48905,1911,986,0,0,0,0,0,0,96026,0,0,64,0,0,0,0,0,0,0,3884,0,0,0,0,0,0
298,6582,299.2445181124529,99974,162,70,18,4,2831,1460,0.04292115950147038,86,35,47809,48898,1923,991,0,0,0,0,0,0,96001,0,0,64,0,0,0,0,0,0,0,3909,0,0,0,0,0,0
299,6582,300.26682629147956,99974,160,70,18,4,2849,1469,0.04319122971972713,85,36,47799,48888,1936,1000,0,0,0,0,0,0,95972,0,0,64,0,0,0,0,0,0,0,3938,0,0,0,0,0,0
300,6582,301.28938206885954,99974,154,64,18,4,2872,1473,0.04346129993798387,90,40,47778,48886,1958,1004,0,0,0,0,0,0,95934,0,0,65,0,0,0,0,0,0,0,3975,0,0,0,0,0,0
301,6582,302.31236371745626,99974,163,72,18,4,2898,1485,0.043841398763678555,93,40,47756,48882,1968,1000,0,0,0,0,0,0,95913,0,0,65,0,0,0,0,0,0,0,3996,0,0,0,0,0,0
302,6582,303.3357114846326,99974,163,69,18,4,2921,1493,0.04415147938464001,100,41,47734,48877,1983,1007,0,0,0,0,0,0,95879,0,0,65,0,0,0,0,0,0,0,4030,0,0,0,0,0,0
303,6582,304.01815694426324,99974,178,66,18,4,2949,1499,0.044491567807629986,81,45,47732,48871,1989,1012,0,0,0,0,0,0,95860,0,0,68,0,0,0,0,0,0,0,4046,0,0,0,0,0,0
304,6582,305.0420183389406,99974,165,72,18,4,2968,1512,0.04481165102926761,85,40,47717,48867,2013,1015,0,0,0,0,0,0,95822,0,0,69,0,0,0,0,0,0,0,4083,0,0,0,0,0,0
305,6582,306.0662634054754,99974,169,70,18,4,2994,1518,0.045131734250905234,93,43,47686,48860,2032,1021,0,0,0,0,0,0,95792,0,0,69,0,0,0,0,0,0,0,4113,0,0,0,0,0,0
306,6582,307.0909802333438,99974,154,70,18,4,3016,1529,0.045461820073219035,93,45,47674,48851,2059,1028,0,0,0,0,0,0,95746,0,0,71,0,0,0,0,0,0,0,4157,0,0,0,0,0,0
307,6582,308.11613471498447,99974,153,61,18,4,3040,1536,0.04577190069418049,88,46,47658,48845,2081,1042,0,0,0,0,0,0,95706,0,0,72,0,0,0,0,0,0,0,4196,0,0,0,0,0,0
308,6582,309.1417778071164,99974,156,62,18,4,3062,1548,0.04611198911717047,94,41,47635,48842,2095,1049,0,0,0,0,0,0,95676,0,0,72,0,0,0,0,0,0,0,4226,0,0,0,0,0,0
309,6582,310.16784831582726,99974,163,74,18,4,3093,1564,0.046582111348950725,94,35,47609,48837,2114,1048,0,0,0,0,0,0,95649,0,0,73,0,0,0,0,0,0,0,4252,0,0,0,0,0,0
310,6582,311.19431832178,99974,164,65,18,4,3113,1574,0.046882189369236,95,39,47596,48826,2125,1064,0,0,0,0,0,0,95611,0,0,73,0,0,0,0,0,0,0,4290,0,0,0,0,0,0
311,6582,312.221093298349,99974,164,72,18,4,3131,1587,0.047192269990197454,100,33,47580,48821,2136,1068,0,0,0,0,0,0,95588,0,0,74,0,0,0,0,0,0,0,4312,0,0,0,0,0,0
312,6582,313.2482045419816,99974,162,71,18,4,3154,1600,0.04755236361453978,100,30,47558,48812,2160,1081,0,0,0,0,0,0,95550,0,0,75,0,0,0,0,0,0,0,4349,0,0,0,0,0,0
313,6582,314.2757699450684,99974,166,74,18,4,3178,1613,0.047922459839558285,97,31,47542,48804,2175,1085,0,0,0,0,0,0,95520,0,0,75,0,0,0,0,0,0,0,4379,0,0,0,0,0,0
314,6582,315.3036398772209,99974,172,67,18,4,3203,1618,0.04822253785984356,98,36,47523,48801,2187,1090,0,0,0,0,0,0,95492,0,0,78,0,0,0,0,0,0,0,4404,0,0,0,0,0,0
315,6582,316.331899878543,99974,169,68,18,4,3224,1628,0.048532618480805007,109,40,47501,48790,2201,1096,0,0,0,0,0,0,95459,0,0,78,0,0,0,0,0,0,0,4437,0,0,0,0,0,0
316,6582,317.01759843647244,99974,179,68,18,4,3241,1629,0.04871266529297617,106,46,47494,48791,2201,1089,0,0,0,0,0,0,95451,0,0,78,0,0,0,0,0,0,0,4445,0,0,0,0,0,0
317,6582,318.04627554205837,99974,183,70,18,4,3266,1643,0.04910276671934703,107,42,47478,48785,2212,1097,0,0,0,0,0,0,95418,0,0,78,0,0,0,0,0,0,0,4478,0,0,0,0,0,0
318,6582,319.0752121378528,99974,186,75,18,4,3295,1653,0.049492868145717885,107,52,47455,48770,2232,1097,0,0,0,0,0,0,95388,0,0,79,0,0,0,0,0,0,0,4507,0,0,0,0,0,0
319,6582,320.10456641344433,99974,179,76,18,4,3324,1667,0.04992297997479345,107,51,47441,48761,2252,1105,1,1,1,1,0,0,95339,0,0,80,0,0,0,0,0,0,1,4553,1,0,0,0,0,0
320,6582,321.06889160299534,99974,173,79,18,4,3350,1679,0.05030307880048813,111,57,47419,48746,2275,1110,2,2,2,2,0,0,95297,0,0,81,0,0,0,0,0,0,3,4592,1,0,0,0,0,0
321,6582,322.0994823462986,99974,181,85,18,4,3375,1694,0.05070318282753516,105,54,47405,48733,2286,1119,3,3,3,3,0,0,95269,0,0,81,0,0,0,0,0,0,5,4618,1,0,0,0,0,0
322,6582,323.1163439251307,99974,175,90,18,4,3396,1706,0.05103326864984896,108,56,47393,48724,2300,1120,4,4,4,4,0,0,95234,0,0,82,0,0,0,0,0,0,7,4650,1,0,0,0,0,0
323,6582,324.2318864991934,99974,179,92,18,4,3421,1721,0.051433372676895996,113,59,47366,48708,2316,1129,6,6,6,6,0,0,95197,0,0,82,0,0,0,0,0,0,10,4683,2,0,0,0,0,0
324,6582,325.2122125435275,99974,179,92,18,4,3453,1737,0.05191349750935243,110,58,47348,48694,2335,1142,8,8,8,8,0,0,95147,0,0,84,0,0,0,0,0,0,14,4727,2,0,0,0,0,0
325,6582,326.3394587519149,99974,185,94,18,4,3485,1753,0.052393622341808874,111,55,47321,48679,2353,1155,10,11,11,10,0,0,95104,0,0,86,0,0,0,0,0,0,19,4763,2,0,0,0,0,0
326,6582,327.03108967102213,99974,184,94,18,4,3511,1763,0.0527537159661512,111,67,47299,48658,2373,1161,13,14,14,13,0,0,95062,0,0,87,0,0,0,0,0,0,25,4798,2,0,0,0,0,0
327,6582,328.02348348950363,99974,185,91,18,4,3539,1777,0.053173825194550585,108,65,47279,48644,2392,1176,16,18,18,16,0,0,95013,0,0,89,0,0,0,0,0,0,32,4838,2,0,0,0,0,0
328,6582,329.0067882945298,99974,178,90,18,4,3559,1789,0.05349390841618821,116,65,47259,48629,2407,1187,20,23,23,20,0,0,94967,0,0,90,0,0,0,0,0,0,39,4874,4,0,0,0,0,0
329,6582,330.0662873367303,99974,178,92,18,4,3589,1809,0.053994038449997,113,68,47240,48607,2425,1198,24,29,29,24,0,0,94911,0,0,91,0,0,0,0,0,0,48,4919,5,0,0,0,0,0
330,6582,331.16337784721986,99974,170,95,18,4,3624,1830,0.05455418408786285,125,62,47203,48594,2453,1207,29,36,36,29,0,0,94841,0,0,93,0,0,0,0,0,0,59,4975,6,0,0,0,0,0
331,6582,332.1980264222767,99974,169,98,18,4,3653,1842,0.054964290715586055,114,64,47188,48574,2474,1214,35,44,44,35,0,0,94789,0,0,94,0,0,0,0,0,0,73,5012,6,0,0,0,0,0
332,6582,333.2331826031525,99974,174,102,18,4,3688,1865,0.05554444155480425,116,60,47154,48548,2495,1232,41,52,53,41,0,0,94729,0,0,97,0,0,0,0,0,0,87,5054,7,0,0,0,0,0
333,6582,334.26891823130904,99974,176,103,18,4,3713,1879,0.0559345429811751,120,63,47130,48523,2506,1243,48,62,63,48,0,0,94681,0,0,100,0,0,0,0,0,0,102,5082,9,0,0,0,0,0
334,6582,335.3051134019314,99974,182,108,18,4,3745,1902,0.056484686018364774,119,51,47097,48504,2526,1258,56,73,74,56,0,0,94618,0,0,100,0,0,0,0,0,0,121,5126,9,0,0,0,0,0
335,6582,336.34200395781204,99974,191,100,18,4,3779,1913,0.056934803048792684,121,53,47061,48483,2543,1273,64,85,86,64,0,0,94555,0,0,101,0,0,0,0,0,0,141,5168,9,0,0,0,0,0
336,6582,337.0336480436016,99974,199,106,18,4,3804,1929,0.05734490967651589,119,49,47033,48459,2556,1281,73,99,100,73,0,0,94506,0,0,101,0,0,0,0,0,0,163,5194,10,0,0,0,0,0
337,6582,338.0717379072767,99974,208,95,18,4,3843,1940,0.05784503971032468,111,53,47002,48437,2576,1296,83,113,115,83,0,0,94431,0,0,103,0,0,0,0,0,0,188,5242,10,0,0,0,0,0
338,6582,339.1104754880736,99974,209,96,18,4,3870,1951,0.058225138536019364,116,57,46972,48409,2589,1302,94,130,132,94,0,0,94368,0,0,103,0,0,0,0,0,0,215,5277,11,0,0,0,0,0
339,6582,340.1498659925774,99973,215,89,19,4,3900,1962,0.05863583167455213,118,59,46940,48385,2600,1314,106,147,150,106,0,0,94300,0,0,106,0,0,0,0,0,0,244,5311,12,0,0,0,0,0
340,6582,341.18988663444225,99973,215,77,19,4,3936,1976,0.05913596671101198,113,69,46911,48348,2622,1333,118,167,170,118,0,0,94209,0,0,108,0,0,0,0,0,0,275,5368,13,0,0,0,0,0
341,6582,342.2306306099362,99973,215,81,19,4,3965,1996,0.05962609904674262,115,67,46878,48315,2641,1343,130,188,191,131,0,0,94132,0,0,110,0,0,0,0,0,0,309,5409,13,0,0,0,0,0
342,6582,343.2720597203111,99973,209,85,19,4,3992,2009,0.0600262070759105,118,68,46850,48282,2658,1349,144,210,214,145,0,0,94056,0,0,112,0,0,0,0,0,0,345,5446,14,0,0,0,0,0
343,6582,344.31415523494803,99973,214,82,19,4,4032,2025,0.06058635831674552,118,74,46810,48242,2680,1361,157,235,239,160,0,0,93963,0,0,113,0,0,0,0,0,0,385,5498,14,0,0,0,0,0
344,6582,345.00932511581345,99973,208,90,19,4,4055,2039,0.06095645824372581,117,72,46781,48209,2700,1362,173,261,266,176,0,0,93888,0,0,115,0,0,0,0,0,0,427,5528,15,0,0,0,0,0
345,6582,346.0528961179394,99973,217,95,19,4,4089,2056,0.06146659598091485,109,80,46746,48162,2718,1369,189,288,295,193,0,0,93809,0,0,116,0,0,0,0,0,0,470,5560,18,0,0,0,0,0
346,6582,347.0971607028302,99973,214,97,19,4,4124,2075,0.06200674182029148,114,79,46709,48122,2735,1379,207,317,326,211,0,0,93714,0,0,120,0,0,0,0,0,0,514,5602,23,0,0,0,0,0
347,6582,348.1421935456812,99973,215,100,19,4,4156,2096,0.06253688495893892,115,74,46670,48080,2755,1393,224,347,359,230,0,0,93617,0,0,122,0,0,0,0,0,0,564,5645,25,0,0,0,0,0
348,6582,349.1880856840432,99973,214,92,19,4,4187,2107,0.06295699838956519,104,79,46646,48033,2771,1408,244,382,394,250,0,0,93516,0,0,123,0,0,0,0,0,0,615,5690,29,0,0,0,0,0
349,6582,350.2346812942662,99973,211,98,19,4,4212,2129,0.06342712532383743,108,82,46605,47983,2791,1414,264,417,431,271,0,0,93422,0,0,127,0,0,0,0,0,0,669,5722,33,0,0,0,0,0
350,6582,351.282125689169,99973,210,106,19,4,4242,2149,0.06392726036029728,109,75,46560,47936,2814,1423,286,454,470,293,0,0,93320,0,0,128,0,0,0,0,0,0,729,5762,34,0,0,0,0,0
351,6582,352.3305387780487,99973,209,110,19,4,4273,2172,0.06446740619967391,110,68,46516,47888,2836,1435,308,493,511,316,0,0,93208,0,0,127,1,0,0,0,0,0,790,5811,36,0,0,0,0,0
352,6582,353.03003583741514,99973,222,112,19,4,4295,2188,0.0648475088273834,108,63,46480,47838,2838,1447,331,534,554,340,0,0,93122,0,0,129,1,0,0,0,0,0,855,5828,38,0,0,0,0,0
353,6582,354.0801614986807,99973,212,115,19,4,4320,2207,0.06528762765946805,110,58,46444,47790,2857,1453,356,578,599,365,0,0,93009,0,0,132,1,0,0,0,0,0,920,5868,43,0,0,0,0,0
354,6582,355.1311896294996,99973,218,111,19,4,4351,2222,0.06574775189301112,121,60,46391,47738,2867,1461,382,624,647,391,0,0,92896,0,0,133,1,0,0,0,0,0,990,5906,47,0,0,0,0,0
355,6582,356.1832298823603,99973,222,106,19,4,4387,2242,0.06630790313384614,121,60,46341,47678,2889,1476,406,674,697,418,0,0,92767,0,0,134,2,0,0,0,0,0,1065,5956,49,0,0,0,0,0
356,6582,357.2364114725939,99972,227,98,19,5,4426,2254,0.06681870923858681,116,70,46299,47616,2905,1486,432,723,750,446,0,0,92639,0,0,136,2,0,0,0,0,0,1141,6000,54,0,0,0,0,0
357,6582,358.2905970465974,99972,220,94,19,5,4452,2266,0.06719881566838715,126,70,46248,47560,2926,1493,459,776,805,475,0,0,92510,0,0,136,2,0,0,0,0,0,1221,6045,58,0,0,0,0,0
358,6582,359.3458351225969,99972,227,104,19,5,4493,2291,0.06785900052014564,116,65,46213,47493,2937,1501,486,830,863,505,0,0,92377,0,0,137,2,0,0,0,0,0,1306,6089,61,0,0,0,0,0
359,6582,360.0498072321137,99971,229,106,20,5,4512,2306,0.06819977793560132,121,62,46170,47423,2941,1513,517,889,923,536,0,0,92262,0,0,138,2,0,0,0,0,0,1392,6111,66,0,0,0,0,0
360,6582,361.1067755070912,99971,214,101,20,5,4534,2319,0.06854987946504486,124,66,46131,47354,2961,1523,548,949,986,568,0,0,92120,0,0,142,2,0,0,0,0,0,1483,6154,70,0,0,0,0,0
361,6582,362.16477392897855,99971,211,110,20,5,4569,2338,0.06909003611047204,130,70,46069,47279,2989,1522,579,1012,1051,602,0,0,91981,0,0,149,2,0,0,0,0,0,1581,6187,71,0,0,0,0,0
362,6582,363.2240518734211,99971,210,109,20,5,4602,2355,0.06959018115253424,132,65,46013,47211,3013,1531,610,1077,1119,637,0,0,91829,0,0,150,2,0,0,0,0,0,1682,6235,73,0,0,0,0,0
363,6582,364.28463260751096,99971,219,112,20,5,4639,2370,0.07011033199627892,135,64,45946,47134,3035,1540,643,1143,1189,673,0,0,91689,0,0,152,2,0,0,0,0,0,1784,6267,77,0,0,0,0,0
364,6582,365.346653710027,99971,232,113,20,5,4679,2390,0.07071050604675355,135,58,45888,47058,3044,1552,679,1212,1262,710,0,0,91540,0,0,153,2,0,0,0,0,0,1888,6305,83,0,0,0,0,0
365,6582,366.05536952364844,99971,235,113,20,5,4698,2403,0.07103059887367337,138,54,45843,46982,3048,1560,714,1284,1338,748,0,0,91404,0,0,153,2,0,0,0,0,0,1995,6327,90,0,0,0,0,0
366,6582,367.1195971782654,99971,236,114,20,5,4739,2421,0.07162077002330676,135,51,45784,46901,3073,1568,750,1359,1417,787,0,0,91239,0,0,154,2,0,0,0,0,0,2104,6373,99,0,0,0,0,0
367,6582,368.1852664805377,99971,234,111,20,5,4776,2435,0.0721309179662102,142,58,45720,46815,3096,1574,786,1435,1498,828,0,0,91069,0,0,156,2,0,0,0,0,0,2220,6419,105,0,0,0,0,0
368,6582,369.25233744619186,99971,230,113,20,5,4809,2452,0.07263106300827239,146,57,45657,46727,3118,1579,827,1517,1582,870,0,0,90897,0,0,157,2,0,0,0,0,0,2341,6464,110,0,0,0,0,0
369,6582,370.3208253931166,99971,237,108,20,5,4840,2470,0.07312120514949336,157,59,45594,46637,3124,1591,866,1598,1669,913,0,0,90731,0,0,157,3,0,0,0,0,0,2461,6500,119,0,0,0,0,0
370,6582,371.03386447836317,99971,249,104,20,5,4868,2477,0.07347130667893689,161,60,45529,46550,3130,1594,909,1685,1759,957,0,0,90579,0,0,159,3,0,0,0,0,0,2588,6516,126,0,0,0,0,0
371,6582,372.1050135561006,99971,247,103,20,5,4906,2493,0.07401146332436406,161,58,45467,46450,3154,1607,949,1775,1852,1002,0,0,90398,0,0,165,3,0,0,0,0,0,2718,6553,134,0,0,0,0,0
372,6582,373.1776410225706,99971,239,106,20,5,4944,2508,0.07454161706894999,171,63,45395,46353,3182,1607,991,1864,1947,1049,0,0,90207,0,0,164,5,0,0,0,0,0,2853,6602,140,0,0,0,0,0
373,6582,374.2518266235662,99971,241,109,20,5,4986,2521,0.07509177661521842,164,65,45339,46255,3202,1609,1032,1955,2045,1097,0,0,90022,0,0,168,5,0,0,0,0,0,2992,6637,147,0,0,0,0,0
374,6582,375.32754010782344,99971,237,107,20,5,5021,2542,0.07565193906232807,171,61,45271,46165,3227,1616,1072,2044,2146,1146,0,0,89824,0,0,172,5,0,0,0,0,0,3132,6681,157,0,0,0,0,0
375,6582,376.0455619366007,99971,233,106,20,5,5047,2552,0.07601204349261285,169,62,45218,46063,3242,1618,1116,2144,2250,1196,0,0,89638,0,0,173,5,0,0,0,0,0,3278,6712,165,0,0,0,0,0
376,6582,377.1241642082131,99971,239,119,20,5,5097,2576,0.07675225815486492,148,55,45155,45956,3271,1619,1165,2244,2357,1248,0,0,89441,0,0,175,5,0,0,0,0,0,3422,6748,180,0,0,0,0,0
377,6582,378.20443191680613,99971,240,117,20,5,5131,2595,0.07728241189945084,150,53,45077,45852,3295,1631,1216,2340,2467,1301,0,0,89233,0,0,175,5,0,0,0,0,0,3576,6793,189,0,0,0,0,0
378,6582,379.2864730235702,99971,241,107,20,5,5178,2608,0.07788258594992548,138,61,45012,45735,3319,1642,1268,2448,2580,1355,0,0,89016,0,0,177,5,0,0,0,0,0,3726,6841,206,0,0,0,0,0
379,6582,380.0087829923456,99971,246,113,20,5,5204,2621,0.07827269908273399,141,66,44949,45616,3325,1640,1317,2558,2695,1410,0,0,88828,0,0,178,5,0,0,0,0,0,3887,6858,215,0,0,0,0,0
380,6582,381.093921709465,99971,270,117,20,5,5249,2650,0.07901291374498605,139,61,44869,45492,3328,1657,1372,2666,2813,1467,0,0,88621,0,0,180,7,0,0,0,0,0,4052,6888,223,0,0,0,0,0
381,6582,382.1808131127728,99971,272,119,20,5,5299,2669,0.07970311390303188,142,67,44780,45373,3359,1664,1425,2770,2934,1525,0,0,88393,0,0,181,7,0,0,0,0,0,4216,6936,238,0,0,0,0,0
382,6582,383.269640065158,99970,260,110,21,5,5331,2688,0.08021406421926577,152,61,44702,45248,3384,1686,1479,2888,3058,1584,0,0,88153,0,0,183,8,0,0,0,0,0,4388,6989,249,0,0,0,0,0
383,6582,384.36050823002734,99970,256,111,21,5,5363,2707,0.08072421726517956,158,61,44626,45134,3401,1688,1536,2999,3185,1644,0,0,87926,0,0,184,10,0,0,0,0,0,4564,7028,258,0,0,0,0,0
384,6582,385.08876484284417,99970,258,116,21,5,5392,2723,0.08117435230569171,154,68,44560,45003,3414,1692,1591,3114,3315,1705,0,0,87717,0,0,186,10,0,0,0,0,0,4737,7044,276,0,0,0,0,0
385,6582,386.1830980443656,99970,262,120,21,5,5435,2741,0.08178453536060819,151,66,44485,44891,3432,1689,1647,3227,3448,1768,0,0,87481,0,0,188,10,0,0,0,0,0,4922,7082,287,0,0,0,0,0
386,6582,387.2791544874684,99970,261,118,21,5,5474,2755,0.0823146944083225,155,67,44416,44766,3443,1691,1702,3351,3583,1832,0,0,87248,0,0,188,10,0,0,0,0,0,5099,7116,309,0,0,0,0,0
387,6582,388.01077167524096,99970,270,118,21,5,5506,2764,0.08272481744523356,155,71,44335,44627,3452,1697,1765,3480,3721,1897,0,0,87026,0,0,189,10,0,0,0,0,0,5290,7134,321,0,0,0,0,0
388,6582,389.1103767464249,99970,270,124,21,5,5541,2786,0.08329498849654897,151,71,44259,44493,3474,1700,1823,3605,3862,1963,0,0,86786,0,0,192,10,0,0,0,0,0,5482,7164,336,0,0,0,0,0
389,6582,390.2118815994066,99970,268,129,21,5,5581,2809,0.08392517755326598,141,74,44187,44353,3497,1708,1884,3729,4006,2031,0,0,86533,0,0,196,10,0,0,0,0,0,5679,7201,351,0,0,0,0,0
390,6582,391.3152911231847,99970,281,121,21,5,5625,2822,0.08449534860458137,133,88,44109,44204,3512,1716,1942,3864,4153,2100,0,0,86280,0,0,199,10,0,0,0,0,0,5883,7235,363,0,0,0,0,0
391,6582,392.0519236248527,99970,275,127,21,5,5651,2842,0.0849554866459938,138,76,44029,44067,3531,1721,2004,4002,4302,2170,0,0,86032,0,0,200,10,0,0,0,0,0,6086,7263,379,0,0,0,0,0
392,6582,393.15923459958833,99970,268,128,21,5,5693,2858,0.08553566069820946,144,82,43943,43921,3559,1723,2063,4139,4454,2241,0,0,85766,0,0,202,11,0,0,0,0,0,6292,7303,396,0,0,0,0,0
393,6582,394.2687494096593,99969,257,120,22,5,5727,2873,0.08602666826716282,154,88,43859,43781,3580,1732,2126,4272,4609,2314,0,0,85490,0,0,207,11,0,0,0,0,0,6505,7345,411,0,0,0,0,0
394,6582,395.0095822442563,99969,250,121,22,5,5749,2887,0.08638677990176954,161,90,43777,43637,3594,1731,2194,4414,4766,2388,0,0,85237,0,0,210,11,0,0,0,0,0,6719,7364,428,0,0,0,0,0
395,6582,396.1232686083118,99969,260,130,22,5,5793,2910,0.08705698766617652,166,86,43686,43495,3605,1727,2259,4555,4926,2463,0,0,84979,0,0,214,11,0,0,0,0,0,6933,7383,449,0,0,0,0,0
396,6582,397.23906427010957,99969,285,136,22,5,5860,2930,0.08792725744980943,140,86,43604,43353,3628,1723,2319,4695,5088,2539,0,0,84700,0,0,217,11,0,0,0,0,0,7159,7421,461,0,0,0,0,0
397,6582,398.35694029535705,99969,286,133,22,5,5900,2948,0.08850743730556472,139,86,43525,43195,3640,1733,2386,4846,5253,2616,0,0,84426,0,0,217,12,0,0,0,0,0,7374,7453,487,0,0,0,0,0
398,6582,399.1033626742627,99969,281,132,22,5,5926,2962,0.08890756134401664,148,79,43434,43049,3655,1738,2458,4995,5421,2694,0,0,84156,0,0,222,12,0,0,0,0,0,7603,7472,504,0,0,0,0,0
399,6582,400.2256323808397,99969,284,136,22,5,5980,2982,0.0896477908151527,142,75,43334,42899,3683,1738,2533,5145,5591,2774,0,0,83866,0,0,226,13,0,0,0,0,0,7831,7508,525,0,0,0,0,0
400,6582,401.3504170993404,99968,296,141,23,5,6032,3008,0.09042893725992318,149,76,43236,42737,3703,1747,2591,5292,5763,2855,0,0,83579,0,0,231,13,0,0,0,0,0,8062,7536,547,0,0,0,0,0
401,6582,402.1016030919763,99968,287,149,23,5,6060,3027,0.09089908770806658,149,78,43155,42568,3721,1746,2663,5452,5938,2937,0,0,83303,0,0,235,14,0,0,0,0,0,8295,7551,570,0,0,0,0,0
402,6582,403.23083955290736,99967,280,152,23,6,6104,3050,0.09157021817199676,143,65,43074,42419,3748,1748,2730,5608,6115,3020,0,0,83004,0,0,243,14,0,0,0,0,0,8531,7581,594,0,0,0,0,0
403,6582,404.3624876121523,99966,287,155,23,7,6145,3072,0.09220134845847588,149,69,42978,42265,3762,1745,2799,5757,6294,3104,0,0,82721,0,0,247,14,0,0,0,0,0,8765,7596,623,0,0,0,0,0
404,6582,405.118230709589,99966,285,147,23,7,6171,3081,0.09255146749894964,152,83,42891,42093,3777,1753,2870,5915,6476,3189,0,0,82429,0,0,250,14,0,0,0,0,0,9015,7618,640,0,0,0,0,0
405,6582,406.2545185940713,99966,279,136,23,7,6215,3099,0.09317167837064602,156,87,42786,41917,3807,1770,2947,6081,6660,3276,0,0,82111,0,0,251,18,0,0,0,0,0,9259,7664,663,0,0,0,0,0
406,6582,407.013589403651,99966,272,140,23,7,6241,3117,0.09361182802152732,156,87,42699,41746,3823,1773,3025,6245,6846,3364,0,0,81815,0,0,253,18,0,0,0,0,0,9510,7684,686,0,0,0,0,0
407,6582,408.15509819708166,99966,278,140,23,7,6293,3140,0.0943620831082568,148,74,42604,41600,3844,1773,3101,6404,7034,3453,0,0,81506,0,0,254,19,0,0,0,0,0,9752,7715,720,0,0,0,0,0
408,6582,409.299184248525,99965,282,138,24,7,6341,3164,0.09508327914770169,142,77,42521,41420,3857,1783,3172,6573,7224,3543,0,0,81190,0,0,253,21,0,0,0,0,0,9999,7751,751,0,0,0,0,0
409,6582,410.06319142257325,99965,286,135,24,7,6371,3176,0.09550342619916971,143,79,42436,41263,3858,1780,3251,6734,7416,3634,0,0,80899,0,0,255,21,0,0,0,0,0,10251,7757,782,0,0,0,0,0
410,6582,411.21186514885596,99965,282,137,24,7,6413,3199,0.09615365377882258,144,74,42334,41097,3882,1785,3332,6898,7610,3726,0,0,80575,0,0,257,22,0,0,0,0,0,10511,7793,807,0,0,0,0,0
411,6582,412.36321809152105,99965,276,147,24,7,6448,3224,0.09675386385234833,151,70,42242,40924,3901,1783,3404,7067,7806,3819,0,0,80260,0,0,258,24,0,0,0,0,0,10774,7817,832,0,0,0,0,0
412,6582,413.13213788897605,99964,273,151,25,7,6479,3243,0.09725501180424953,147,63,42151,40743,3910,1786,3492,7248,8004,3913,0,0,79951,0,0,260,24,0,0,0,0,0,11036,7831,862,0,0,0,0,0
413,6582,414.288692364959,99964,286,142,25,7,6523,3256,0.09782521707814813,155,75,42044,40565,3921,1790,3567,7419,8204,4008,0,0,79635,0,0,261,26,0,0,0,0,0,11302,7851,889,0,0,0,0,0
414,6582,415.06121790749364,99964,287,135,25,7,6559,3267,0.09829538633908207,136,74,41956,40390,3943,1795,3651,7597,8406,4104,0,0,79313,0,0,261,27,0,0,0,0,0,11573,7874,916,0,0,0,0,0
415,6582,416.2230171285728,99964,279,138,25,7,6605,3294,0.09902564923372414,134,67,41860,40210,3971,1803,3729,7773,8609,4201,0,0,78983,0,0,265,27,0,0,0,0,0,11829,7900,960,0,0,0,0,0
416,6582,417.38760582765855,99964,262,126,25,7,6636,3309,0.09948581489336161,150,75,41763,40018,3986,1824,3812,7948,8814,4299,0,0,78636,0,0,267,27,0,0,0,0,0,12103,7942,989,0,0,0,0,0
417,6582,418.165580362411,99964,266,126,25,7,6667,3321,0.09991596974910968,150,82,41665,39823,3992,1823,3900,8137,9021,4398,0,0,78319,0,0,267,28,0,0,0,0,0,12382,7953,1015,0,0,0,0,0
418,6582,419.33567285614134,99964,268,122,25,7,6714,3340,0.10057620743467649,146,85,41571,39636,4014,1835,3974,8313,9229,4498,0,0,77972,0,0,269,28,0,0,0,0,0,12663,7990,1042,0,0,0,0,0
419,6582,420.11718389427364,99964,275,117,25,7,6748,3351,0.10102636949301749,189,118,41431,39431,4013,1825,4065,8500,9439,4599,0,0,77650,15,0,270,28,0,0,0,0,0,12943,7985,1073,0,0,0,0,0
420,6582,421.1859655877532,99963,281,141,26,7,6793,3385,0.10181767253883937,219,114,41305,39244,4021,1819,4146,8673,9650,4701,0,0,77319,56,4,273,28,0,0,0,0,0,13228,7958,1097,0,0,0,0,0
421,6582,422.25754069376734,99963,277,150,26,7,6844,3421,0.10268799455798645,237,108,41180,39044,4045,1836,4233,8853,9863,4804,0,0,76954,125,9,281,28,0,0,0,0,0,13519,7930,1117,0,0,0,0,0
422,6582,423.33220344499045,99963,290,145,26,7,6909,3440,0.10352830547302502,236,126,41060,38850,4071,1850,4315,9020,10077,4908,0,0,76596,191,15,284,29,0,0,0,0,0,13805,7901,1142,0,0,0,0,0
423,6582,424.0503116511276,99963,291,155,26,7,6938,3466,0.1040785090483479,244,128,40949,38643,4080,1850,4408,9215,10292,5013,0,0,76264,229,19,284,31,0,0,0,0,0,14095,7875,1166,0,0,0,0,0
424,6582,425.1306414996194,99962,294,150,26,8,6994,3494,0.10491986955042916,266,135,40811,38453,4113,1868,4488,9384,10508,5119,0,0,75892,296,30,290,32,0,0,0,0,0,14388,7851,1183,0,0,0,0,0
425,6582,426.21432788822784,99962,329,153,26,8,7076,3524,0.10604029531221865,254,128,40684,38275,4128,1871,4577,9563,10725,5226,0,0,75549,355,43,290,34,0,0,0,0,0,14659,7811,1221,0,0,0,0,0
426,6582,427.30122103325743,99962,362,172,26,8,7162,3563,0.10729077049278726,248,129,40556,38077,4145,1877,4661,9735,10944,5334,0,0,75186,417,49,294,35,0,0,0,0,0,14954,7781,1246,0,0,0,0,0
427,6582,428.0274458255873,99962,363,180,26,8,7204,3585,0.1079310137852384,266,134,40427,37868,4161,1873,4755,9935,11164,5442,0,0,74843,465,53,296,36,0,0,0,0,0,15245,7746,1278,0,0,0,0,0
428,6582,429.1204307666204,99962,379,189,26,8,7273,3627,0.10904143574558332,282,132,40283,37682,4185,1883,4843,10104,11384,5551,0,0,74477,535,60,305,36,0,0,0,0,0,15534,7704,1311,0,0,0,0,0
429,6582,430.2169357936139,99962,389,202,26,8,7351,3670,0.11025189572037374,289,123,40142,37502,4225,1886,4927,10277,11605,5661,0,0,74101,612,72,313,37,0,0,0,0,0,15821,7664,1342,0,0,0,0,0
430,6582,431.3170552104919,99962,395,220,26,8,7418,3708,0.11130229487205139,328,131,39992,37293,4245,1894,5012,10452,11827,5772,0,0,73747,667,89,319,40,0,0,0,0,0,16103,7624,1373,0,0,0,0,0
431,6582,432.0524070448098,99962,421,201,26,8,7487,3727,0.11218262939917169,332,142,39857,37087,4262,1912,5100,10648,12050,5884,0,0,73383,719,105,329,42,0,0,0,0,0,16398,7591,1395,0,0,0,0,0
432,6582,433.1594617080924,99962,429,199,26,8,7574,3755,0.11333306656529481,340,160,39712,36879,4307,1924,5184,10828,12274,5996,0,0,72992,802,120,339,42,0,0,0,0,0,16690,7553,1424,0,0,0,0,0
433,6582,434.2702923698199,99962,450,218,26,8,7688,3802,0.1149436785978672,356,172,39536,36671,4365,1927,5265,11002,12498,6109,0,0,72601,891,141,346,45,0,0,0,0,0,16971,7510,1457,0,0,0,0,0
434,6582,435.0132560798011,99959,454,233,29,8,7747,3841,0.11592753028741784,357,176,39408,36466,4393,1926,5357,11189,12723,6223,0,0,72232,941,161,351,46,0,0,0,0,0,17267,7482,1479,0,0,0,0,0
435,6582,436.1317962511536,99959,482,249,29,8,7848,3894,0.11746816194639802,381,182,39237,36252,4434,1942,5435,11365,12949,6338,0,0,71846,1015,185,359,50,0,0,0,0,0,17555,7445,1504,0,0,0,0,0
436,6582,437.2543245358902,99959,521,260,29,8,7960,3956,0.11920887563901199,395,189,39069,36019,4467,1980,5517,11542,13175,6453,0,0,71424,1116,201,363,53,0,0,0,0,0,17860,7421,1521,0,0,0,0,0
437,6582,438.0049158882664,99959,545,264,29,8,8046,3993,0.12043938014585981,392,188,38929,35814,4497,1999,5606,11725,13402,6569,0,0,71041,1184,219,369,56,0,0,0,0,0,18157,7387,1546,0,0,0,0,0
438,6582,439.1354698979919,99959,558,282,29,8,8161,4043,0.12209005692333857,402,207,38759,35604,4563,2003,5687,11894,13629,6686,0,0,70619,1292,233,373,63,0,0,0,0,0,18457,7352,1570,0,0,0,0,0
439,6582,440.2705514960535,99959,602,300,29,8,8298,4105,0.12408087315799478,407,211,38566,35398,4630,2017,5764,12064,13856,6803,0,0,70204,1400,253,377,66,1,0,0,0,0,18744,7311,1603,0,0,0,0,0
440,6582,441.02997385940034,99957,604,314,31,8,8366,4153,0.12524385485758877,440,224,38408,35164,4659,2036,5856,12252,14084,6921,0,0,69815,1473,271,382,68,1,0,0,0,0,19040,7274,1633,0,0,0,0,0
441,6582,442.1737823035477,99957,640,324,31,8,8501,4221,0.12727472813309723,450,218,38234,34944,4715,2075,5928,12429,14312,7040,0,0,69380,1588,297,395,69,1,0,0,0,0,19332,7234,1661,0,0,0,0,0
442,6582,443.32223697661277,99956,659,314,31,9,8637,4284,0.12926687742606746,438,233,38078,34732,4781,2120,6011,12590,14540,7159,0,0,68937,1720,338,406,74,1,0,0,0,0,19601,7187,1692,0,0,0,0,0
443,6582,444.0905506022998,99956,668,323,31,9,8725,4324,0.13054744087398457,455,228,37922,34541,4819,2124,6103,12773,14768,7279,0,0,68548,1794,368,412,74,1,0,0,0,0,19886,7148,1725,0,0,0,0,0
444,6582,445.2481592290067,99956,698,323,31,9,8861,4379,0.13245828164392331,488,259,37716,34311,4885,2154,6180,12942,14996,7399,0,0,68128,1895,410,423,78,1,0,0,0,0,20160,7108,1753,0,0,0,0,0
445,6582,446.0228020676912,99955,715,339,32,9,8963,4431,0.13400030013506078,499,265,37545,34086,4930,2170,6277,13129,15224,7520,0,0,67725,1975,441,426,83,1,0,0,0,0,20451,7077,1776,0,0,0,0,0
446,6582,447.19044022450703,99954,727,361,33,9,9103,4500,0.13609260259719472,516,284,37339,33863,5022,2192,6361,13289,15452,7642,0,0,67272,2092,481,434,88,1,0,0,0,0,20744,7052,1790,0,0,0,0,0
447,6582,448.3636447294985,99954,770,383,33,9,9257,4572,0.1383536426756308,548,285,37147,33660,5066,2222,6434,13439,15680,7764,0,0,66833,2208,509,442,93,1,0,0,0,0,21036,7016,1816,0,0,0,0,0
448,6582,449.14873591724944,99954,773,389,33,9,9363,4626,0.1399543790143466,586,289,36949,33443,5134,2247,6523,13621,15908,7887,0,0,66406,2318,538,449,97,1,0,0,0,0,21323,6975,1847,0,0,0,0,0
449,6582,450.33290347699904,99954,847,408,33,9,9548,4710,0.14264561698381256,612,307,36714,33210,5202,2282,6590,13782,16136,8010,0,0,65968,2434,576,463,101,1,0,0,0,0,21604,6931,1876,0,0,0,0,0
450,6582,451.1257065399533,99953,870,416,33,10,9672,4765,0.14443788580632896,607,317,36540,32997,5270,2304,6678,13954,16363,8134,0,0,65538,2536,597,476,105,1,0,0,0,0,21905,6892,1903,0,0,0,0,0
451,6582,452.32113753554336,99953,908,452,33,10,9849,4861,0.14716916950966955,640,318,36318,32787,5355,2338,6744,14093,16590,8258,0,0,65074,2679,634,488,109,1,0,0,0,0,22187,6849,1932,0,0,0,0,0
452,6582,453.121575149401,99952,928,464,34,10,9973,4924,0.1490415399391708,643,324,36135,32567,5416,2362,6842,14271,16817,8382,0,0,64638,2792,663,497,110,1,0,0,0,0,22479,6810,1962,0,0,0,0,0
453,6582,454.3287514532158,99952,965,475,34,10,10176,5024,0.15207299503761806,655,311,35913,32350,5536,2431,6895,14421,17044,8507,0,0,64135,2973,715,511,116,1,0,0,0,0,22747,6766,1988,0,0,0,0,0
454,6582,455.13729109761306,99951,994,482,35,10,10312,5080,0.15399545777430942,666,348,35716,32130,5601,2449,6986,14579,17270,8632,0,0,63706,3076,753,517,121,1,0,0,0,0,23032,6735,2010,0,0,0,0,0
455,6582,456.3573564385683,99950,1026,516,36,10,10545,5203,0.15755877938969484,676,331,35477,31906,5740,2511,7043,14724,17496,8758,0,0,63170,3276,812,536,125,2,0,0,0,0,23302,6700,2027,0,0,0,0,0
456,6582,457.17489190686763,99950,1036,514,36,10,10676,5272,0.15955977988994496,703,348,35271,31686,5820,2556,7132,14884,17721,8884,0,0,62720,3393,872,541,132,2,0,0,0,0,23573,6676,2041,0,0,0,0,0
457,6582,458.4090191175381,99949,1063,544,36,11,10883,5396,0.16287306526328427,731,358,35019,31463,5939,2608,7210,15014,17946,9010,0,0,62248,3548,950,565,143,2,0,0,0,0,23806,6617,2070,0,0,0,0,0
458,6582,459.23615846712886,99948,1091,547,36,12,11032,5466,0.16506583423380158,768,363,34796,31251,6014,2656,7293,15169,18170,9137,0,0,61806,3669,998,575,148,2,0,0,0,0,24077,6574,2099,0,0,0,0,0
459,6582,460.0678184067547,99947,1135,559,36,13,11209,5539,0.16756881147007915,784,374,34571,31036,6098,2689,7374,15327,18393,9264,0,0,61355,3798,1043,582,156,2,0,0,0,0,24351,6536,2124,0,0,0,0,0
460,6582,461.32390846611395,99947,1198,583,36,13,11477,5666,0.17152090608022252,815,396,34301,30809,6225,2761,7423,15436,18616,9391,0,0,60842,3978,1127,607,164,2,0,0,0,0,24589,6494,2144,0,0,0,0,0
461,6582,462.1660425746126,99945,1228,600,37,14,11658,5753,0.1742058131972585,849,408,34067,30585,6321,2805,7496,15586,18838,9519,0,0,60371,4128,1174,619,172,2,0,0,0,0,24859,6451,2169,0,0,0,0,0
462,6582,463.0129418567676,99945,1275,616,37,14,11845,5842,0.17696733203261794,853,425,33845,30363,6412,2852,7576,15728,19059,9647,0,0,59910,4261,1226,636,179,2,0,0,0,0,25132,6412,2187,0,0,0,0,0
463,6582,464.2923156175165,99943,1352,640,38,15,12134,5981,0.18125331438920184,915,436,33517,30121,6538,2939,7638,15847,19280,9775,0,0,59380,4458,1315,657,189,2,0,0,0,0,25366,6373,2203,0,0,0,0,0
464,6582,465.1508451258034,99943,1351,656,38,15,12322,6074,0.18406491700269154,950,469,33262,29893,6684,2985,7713,15980,19500,9903,0,0,58886,4634,1374,670,200,2,0,0,0,0,25618,6330,2229,0,0,0,0,0
465,6582,466.0151879465162,99942,1358,680,38,16,12524,6174,0.18708851133657523,952,487,33034,29655,6821,3034,7795,16126,19719,10032,0,0,58393,4799,1441,688,212,2,0,0,0,0,25872,6289,2246,0,0,0,0,0
466,6582,467.3223507594194,99940,1421,708,40,16,12849,6318,0.19178507104262557,955,534,32732,29421,7013,3101,7837,16218,19937,10161,0,0,57830,5039,1530,718,221,2,0,0,0,0,26097,6232,2271,0,0,0,0,0
467,6582,468.19957338944073,99940,1432,729,40,16,13050,6426,0.1948769261556934,958,548,32512,29197,7138,3159,7918,16349,20154,10290,0,0,57336,5215,1598,735,228,2,0,0,0,0,26341,6184,2301,0,0,0,0,0
468,6582,469.0825449781309,99939,1456,782,41,16,13256,6568,0.19836100021012817,985,536,32276,28958,7249,3214,7991,16492,20371,10419,0,0,56859,5365,1676,756,236,2,0,0,0,0,26577,6143,2325,0,0,0,0,0
469,6582,470.4173133944333,99938,1496,795,42,16,13552,6738,0.20302587604314676,1035,554,31972,28725,7413,3332,8040,16576,20587,10548,0,0,56273,5624,1782,784,242,2,0,0,0,0,26785,6096,2350,0,0,0,0,0
470,6582,471.31315770067624,99937,1563,803,42,17,13809,6859,0.20681029048300428,1037,549,31711,28520,7538,3403,8107,16706,20802,10678,0,0,55791,5783,1881,808,252,2,0,0,0,0,26998,6050,2372,0,0,0,0,0
471,6582,472.21589779607604,99936,1551,834,43,17,14026,6992,0.2103146013448607,1065,548,31481,28299,7692,3468,8166,16832,21016,10808,0,0,55269,5975,1972,832,260,4,0,0,0,0,27226,6010,2388,0,0,0,0,0
472,6582,473.1246921834657,99934,1629,847,44,18,14304,7120,0.21438149178457783,1044,549,31236,28094,7811,3548,8234,16942,21229,10938,0,0,54779,6146,2066,862,267,5,0,0,0,0,27441,5953,2415,0,0,0,0,0
473,6582,474.0400913815709,99932,1639,867,46,18,14528,7254,0.2179682183885042,1066,554,30982,27865,7958,3629,8307,17065,21441,11068,0,0,54259,6340,2154,880,280,6,0,0,0,0,27667,5916,2430,0,0,0,0,0
474,6582,475.4257282444239,99931,1678,878,47,18,14910,7442,0.22367433529135103,1076,568,30658,27631,8205,3752,8334,17151,21652,11198,0,0,53645,6641,2294,914,301,7,0,0,0,0,27818,5853,2458,0,0,0,0,0
475,6582,476.35735291052515,99930,1682,905,47,19,15156,7583,0.2275492844991494,1086,548,30413,27444,8379,3818,8391,17264,21861,11328,0,0,53124,6847,2395,933,316,7,0,0,0,0,28019,5808,2481,0,0,0,0,0
476,6582,477.2958982312919,99930,1679,895,47,19,15396,7712,0.23124186930851595,1115,546,30176,27241,8535,3917,8446,17380,22069,11458,0,0,52618,7039,2522,968,329,7,0,0,0,0,28191,5749,2507,0,0,0,0,0
477,6582,478.24197187236956,99929,1726,904,48,19,15671,7840,0.23527704670315924,1159,555,29900,27066,8671,3991,8494,17463,22276,11588,0,0,52113,7218,2632,995,343,7,0,0,0,0,28391,5709,2521,0,0,0,0,0
478,6582,479.1954647087752,99928,1784,932,49,19,15962,7995,0.23974261468257146,1155,563,29648,26863,8811,4071,8551,17550,22482,11718,0,0,51617,7398,2754,1018,360,7,0,0,0,0,28568,5664,2542,0,0,0,0,0
479,6582,480.1562616499645,99925,1810,939,51,20,16255,8127,0.24400300225168878,1149,565,29388,26665,8990,4155,8610,17654,22687,11848,0,0,51091,7591,2877,1058,374,7,0,0,0,0,28758,5618,2551,0,0,0,0,0
480,6582,481.1252016879186,99924,1822,970,52,20,16512,8276,0.24806853208438412,1187,579,29119,26443,9144,4231,8674,17755,22891,11978,0,0,50580,7786,2967,1097,391,7,0,0,0,0,28963,5559,2574,0,0,0,0,0
481,6582,482.1022386633743,99922,1817,968,54,20,16763,8407,0.251896479253818,1203,604,28894,26247,9305,4310,8725,17849,23094,12108,0,0,50072,7978,3098,1117,414,7,0,0,0,0,29127,5518,2591,0,0,0,0,0
482,6582,483.08692324135126,99921,1846,965,55,20,17033,8555,0.25608230502096657,1227,625,28650,26032,9445,4423,8775,17933,23295,12238,0,0,49558,8178,3212,1151,435,8,0,0,0,0,29308,5464,2607,0,0,0,0,0
483,6582,484.0792544550405,99921,1907,960,55,20,17341,8699,0.2606058786441289,1233,626,28396,25849,9598,4528,8809,18015,23495,12368,0,0,49062,8367,3342,1182,456,8,0,0,0,0,29463,5407,2634,0,0,0,0,0
484,6582,485.07985699001887,99920,1896,977,56,20,17623,8859,0.2650320256204964,1267,618,28120,25658,9804,4629,8855,18096,23694,12498,0,0,48514,8589,3471,1230,469,8,0,0,0,0,29637,5354,2648,0,0,0,0,0
485,6582,486.0891543619274,99919,1952,996,57,20,17955,9023,0.26999869894614636,1224,616,27889,25474,9976,4727,8900,18165,23892,12628,0,0,47985,8809,3600,1263,484,10,0,0,0,0,29798,5301,2669,0,0,0,0,0
486,6582,487.1070235455636,99915,1943,1004,61,20,18237,9165,0.2742531151478757,1252,638,27624,25281,10162,4813,8956,18242,24088,12758,0,0,47472,9016,3733,1291,508,11,0,0,0,0,29944,5246,2694,0,0,0,0,0
487,6582,488.1339507441175,99912,1975,1036,62,22,18570,9334,0.27928577147890143,1246,645,27356,25076,10364,4895,8995,18324,24283,12888,0,0,46936,9242,3855,1330,532,12,0,0,0,0,30109,5188,2708,0,0,0,0,0
488,6582,489.1704607462665,99909,2008,1045,65,22,18894,9485,0.2840484841205497,1268,659,27092,24881,10540,4986,9025,18405,24477,13018,0,0,46417,9450,3998,1362,556,12,0,0,0,0,30255,5137,2722,0,0,0,0,0
489,6582,490.21633092233344,99906,2018,1098,67,23,19207,9691,0.28925189678297597,1270,631,26833,24702,10738,5077,9072,18467,24670,13148,0,0,45903,9646,4142,1413,580,14,0,0,0,0,30393,5078,2737,0,0,0,0,0
490,6582,491.27198206901636,99905,2061,1078,68,23,19562,9827,0.29416946098793856,1234,690,26587,24492,10933,5179,9115,18536,24861,13278,0,0,45369,9858,4289,1458,602,14,0,0,0,0,30529,5030,2756,0,0,0,0,0
491,6582,492.33711629907026,99903,2075,1106,70,23,19910,10009,0.29948049608119875,1234,672,26319,24313,11159,5283,9141,18601,25051,13408,0,0,44822,10090,4451,1490,627,15,0,0,0,0,30653,4985,2770,0,0,0,0,0
492,6582,493.412524455493,99901,2083,1136,72,23,20277,10192,0.3049919420226024,1199,682,26063,24146,11393,5358,9188,18653,25240,13537,0,0,44267,10323,4605,1535,657,16,0,0,0,0,30776,4941,2781,0,0,0,0,0
493,6582,494.49861769298917,99898,2042,1176,74,24,20592,10377,0.31000620633045706,1246,696,25806,23967,11601,5443,9229,18692,25427,13666,0,0,43736,10528,4778,1594,678,17,0,0,0,0,30890,4888,2789,0,0,0,0,0
494,6582,495.045342888363,99898,2048,1167,74,24,20752,10462,0.31245870788203967,1274,718,25618,23799,11678,5488,9306,18802,25613,13795,0,0,43349,10607,4872,1626,694,18,0,0,0,0,31080,4848,2804,0,0,0,0,0
495,6582,496.14930055192985,99897,2074,1181,75,24,21098,10649,0.3177973312511887,1280,725,25389,23620,11843,5600,9337,18848,25798,13924,0,0,42843,10805,5041,1671,726,21,0,0,0,0,31181,4791,2818,0,0,0,0,0
496,6582,497.2633737150037,99895,2103,1189,76,25,21476,10849,0.3235897692577206,1267,746,25133,23432,12051,5734,9368,18872,25981,14053,0,0,42282,11062,5223,1711,755,22,0,0,0,0,31274,4739,2827,0,0,0,0,0
497,6582,498.38792323742985,99894,2096,1244,77,25,21812,11072,0.3291889402766933,1245,721,24927,23249,12231,5837,9422,18922,26163,14182,0,0,41764,11266,5384,1776,780,23,0,0,0,0,31377,4672,2852,0,0,0,0,0
498,6582,499.52177846577047,99893,2110,1255,78,25,22172,11279,0.33486830909072707,1252,711,24695,23090,12422,5967,9441,18950,26343,14310,0,0,41205,11518,5561,1828,801,24,0,0,0,0,31473,4615,2868,0,0,0,0,0
499,6582,500.09209655915987,99893,2094,1247,78,25,22328,11372,0.3373609762445817,1249,727,24551,22913,12497,6022,9529,19064,26522,14438,0,0,40844,11582,5680,1857,827,25,0,0,0,0,31618,4576,2884,0,0,0,0,0
500,6582,501.24361410625124,99893,2115,1279,78,25,22688,11584,0.34308710320042446,1222,714,24323,22747,12701,6127,9559,19106,26700,14566,0,0,40340,11770,5876,1913,847,29,0,0,0,0,31690,4527,2901,0,0,0,0,0
501,6582,502.4058433723895,99892,2070,1277,79,25,23011,11782,0.34830617066431746,1240,702,24084,22618,12930,6239,9595,19137,26876,14694,0,0,39809,12005,6069,1952,892,30,0,0,0,0,31743,4476,2916,0,0,0,0,0
502,6582,503.57955436851734,99890,2048,1296,81,25,23360,11985,0.35383922314546,1264,696,23855,22466,13144,6362,9606,19153,27051,14821,0,0,39287,12219,6258,1994,933,31,0,0,0,0,31805,4429,2934,0,0,0,0,0
503,6582,504.17045847354126,99890,2035,1299,81,25,23537,12079,0.356552207428171,1260,695,23715,22327,13228,6402,9679,19250,27225,14948,0,0,38923,12296,6376,2012,969,31,0,0,0,0,31945,4394,2944,0,0,0,0,0
504,6582,505.36306774459007,99888,2089,1273,82,26,23928,12283,0.3625160179400929,1246,704,23506,22175,13397,6558,9678,19262,27397,15075,0,0,38409,12503,6588,2055,1014,32,0,0,0,0,31990,4349,2948,0,0,0,0,0
505,6582,506.5658889142413,99888,2101,1269,82,26,24285,12479,0.3680522184847029,1257,687,23251,22039,13611,6680,9696,19297,27568,15202,0,0,37928,12671,6781,2117,1051,38,0,0,0,0,32042,4297,2963,0,0,0,0,0
506,6582,507.1711057961993,99888,2069,1259,82,26,24452,12586,0.3707952907256127,1277,665,23096,21918,13712,6743,9762,19387,27737,15328,0,0,37564,12745,6924,2146,1079,39,0,0,0,0,32153,4259,2979,0,0,0,0,0
507,6582,508.3948832747816,99883,2086,1231,87,26,24853,12782,0.3767908452889881,1234,642,22886,21810,13933,6889,9772,19400,27905,15454,0,0,37029,12971,7139,2196,1123,41,0,0,0,0,32187,4210,2987,0,0,0,0,0
508,6582,509.01101613343064,99882,2094,1239,87,27,25055,12885,0.3798482209006628,1204,644,22755,21666,14014,6938,9844,19484,28072,15580,0,0,36686,13040,7273,2224,1146,44,0,0,0,0,32299,4162,3008,0,0,0,0,0
509,6582,510.25463053324216,99880,2112,1227,88,28,25438,13083,0.38567280736884263,1153,643,22584,21561,14206,7051,9855,19488,28237,15705,0,0,36217,13208,7525,2264,1192,47,0,0,0,0,32292,4126,3009,0,0,0,0,0
510,6582,511.50846148151436,99880,2049,1178,88,28,25779,13283,0.3910893071686023,1191,652,22374,21452,14437,7212,9859,19476,28401,15830,0,0,35691,13410,7764,2335,1236,52,0,0,0,0,32299,4081,3012,0,0,0,0,0
511,6582,512.1390975977155,99879,2021,1196,89,28,25962,13404,0.3941369056558436,1201,633,22245,21338,14528,7245,9914,19558,28564,15955,0,0,35327,13484,7907,2359,1264,54,0,0,0,0,32409,4054,3021,0,0,0,0,0
512,6582,513.4126996139805,99878,2046,1193,89,29,26348,13626,0.4002282784997697,1187,606,22044,21232,14699,7377,9933,19561,28725,16079,0,0,34838,13677,8121,2418,1309,57,0,0,0,0,32428,4001,3029,0,0,0,0,0
513,6582,514.053846922421,99878,2025,1178,89,29,26535,13721,0.4030517231021847,1181,600,21936,21097,14780,7429,9987,19665,28885,16203,0,0,34504,13735,8270,2440,1350,60,0,0,0,0,32514,3970,3035,0,0,0,0,0
514,6582,515.3463719770136,99878,2050,1164,89,29,26931,13915,0.40895892989447125,1134,607,21754,20970,14978,7556,9993,19672,29043,16327,0,0,34041,13888,8472,2511,1410,60,0,0,0,0,32537,3919,3040,0,0,0,0,0
515,6582,516.6496623887267,99877,2041,1146,90,29,27312,14121,0.4148402535118195,1119,574,21584,20888,15184,7701,9980,19660,29200,16450,0,0,33549,14072,8700,2576,1463,64,0,0,0,0,32545,3877,3031,0,0,0,0,0
516,6582,517.3044668569144,99876,1990,1136,91,29,27482,14204,0.41737754815971806,1116,581,21472,20793,15283,7742,10046,19717,29356,16573,0,0,33220,14120,8842,2609,1502,65,0,0,0,0,32636,3844,3038,0,0,0,0,0
517,6582,518.6264929383881,99875,1945,1154,91,30,27843,14407,0.4230287859824781,1081,578,21316,20720,15501,7827,10064,19689,29510,16696,0,0,32763,14266,9048,2676,1550,78,0,0,0,0,32654,3799,3041,0,0,0,0,0
518,6582,519.2906763723828,99875,1971,1132,91,30,28036,14502,0.42591239048811014,1061,571,21206,20625,15543,7888,10126,19752,29663,16818,0,0,32448,14311,9182,2698,1584,79,0,0,0,0,32748,3767,3058,0,0,0,0,0
519,6582,520.630864789119,99873,1920,1104,93,30,28378,14688,0.43120763369479237,1066,571,21047,20535,15753,8022,10119,19736,29815,16940,0,0,31995,14466,9400,2759,1645,83,0,0,0,0,32734,3719,3072,0,0,0,0,0
520,6582,521.3043441121441,99872,1894,1091,94,30,28552,14772,0.4337952579301506,1045,571,20928,20440,15845,8050,10192,19816,29965,17061,0,0,31682,14519,9532,2774,1688,86,0,0,0,0,32821,3686,3084,0,0,0,0,0
521,6582,522.6634031585269,99872,1883,1059,94,30,28898,14963,0.43917214033963475,1019,565,20757,20373,16028,8175,10217,19796,30114,17182,0,0,31235,14683,9753,2822,1744,92,0,0,0,0,32812,3643,3088,0,0,0,0,0
522,6582,523.347094069574,99872,1899,1056,94,30,29095,15066,0.4421759852611343,982,549,20670,20285,16086,8214,10267,19864,30262,17303,0,0,30912,14738,9896,2839,1777,92,0,0,0,0,32901,3622,3095,0,0,0,0,0
523,6582,524.0348018325693,99871,1873,1082,94,31,29251,15175,0.4448338356479859,981,512,20574,20207,16150,8226,10326,19940,30408,17423,0,0,30645,14753,10036,2855,1818,97,0,0,0,0,32970,3591,3106,0,0,0,0,0
524,6582,525.41987847501,99868,1861,1078,95,33,29602,15366,0.4502743621580486,956,495,20424,20145,16326,8329,10336,19918,30553,17543,0,0,30245,14846,10255,2916,1883,104,0,0,0,0,32963,3560,3096,0,0,0,0,0
525,6582,526.1153874221046,99868,1888,1048,95,33,29782,15448,0.4528978251291705,935,504,20311,20069,16371,8375,10398,19969,30697,17662,0,0,29984,14841,10418,2941,1917,106,0,0,0,0,33025,3535,3101,0,0,0,0,0
526,6582,527.5187243457743,99866,1826,1015,97,33,30101,15628,0.4579035908116877,939,493,20198,20018,16540,8485,10398,19954,30839,17781,0,0,29568,14984,10644,2991,1988,111,0,0,0,0,32987,3486,3107,0,0,0,0,0
527,6582,528.2243005367081,99866,1846,973,97,33,30280,15702,0.46043698556065127,894,497,20104,19953,16588,8520,10469,20022,30980,17900,0,0,29289,15012,10789,3000,2031,113,0,0,0,0,33053,3462,3117,0,0,0,0,0
528,6582,529.6443764244842,99865,1813,931,98,33,30607,15866,0.46535823361538076,887,490,19973,19895,16758,8638,10469,20011,31120,18018,0,0,28865,15142,10979,3058,2096,120,0,0,0,0,33057,3430,3118,0,0,0,0,0
529,6582,530.3575429529118,99865,1769,936,98,33,30758,15960,0.4678115455865418,881,480,19910,19807,16803,8667,10537,20075,31258,18136,0,0,28611,15151,11135,3078,2143,121,0,0,0,0,33102,3393,3131,0,0,0,0,0
530,6582,531.0746020021181,99864,1717,936,98,34,30889,16046,0.4699891852919971,921,474,19803,19730,16859,8679,10600,20145,31395,18253,0,0,28346,15155,11282,3102,2182,123,0,0,0,0,33168,3372,3134,0,0,0,0,0
531,6582,532.5181636032866,99864,1719,888,98,34,31240,16200,0.47504606264519744,900,440,19704,19708,16995,8793,10582,20135,31531,18370,0,0,27947,15278,11472,3148,2257,131,0,0,0,0,33168,3334,3129,0,0,0,0,0
532,6582,533.2425053835515,99864,1690,854,98,34,31386,16261,0.47711888167908356,895,458,19648,19620,17047,8832,10620,20200,31666,18486,0,0,27680,15280,11613,3178,2291,134,0,0,0,0,33241,3312,3135,0,0,0,0,0
533,6582,534.7007778352139,99861,1661,844,100,35,31698,16412,0.48176965982715975,842,469,19578,19572,17194,8908,10623,20170,31799,18602,0,0,27325,15348,11807,3231,2358,138,0,0,0,0,33242,3278,3134,0,0,0,0,0
534,6582,535.431706321335,99860,1646,852,101,35,31858,16510,0.4843581013418786,799,447,19506,19507,17250,8935,10696,20222,31931,18717,0,0,27090,15335,11961,3252,2400,143,0,0,0,0,33291,3251,3137,0,0,0,0,0
535,6582,536.1653130062614,99858,1587,835,103,35,31986,16599,0.4865408880610467,811,420,19446,19462,17300,8963,10751,20283,32062,18832,0,0,26825,15348,12109,3280,2441,145,0,0,0,0,33340,3225,3145,0,0,0,0,0
536,6582,537.6417693813144,99854,1527,826,107,35,32270,16760,0.4910168846515913,783,423,19382,19417,17436,9046,10763,20251,32192,18946,0,0,26492,15406,12322,3331,2514,150,0,0,0,0,33307,3190,3142,0,0,0,0,0
537,6582,538.3817833114354,99853,1487,824,108,35,32386,16859,0.4931749672017866,794,393,19324,19374,17460,9077,10825,20295,32320,19060,0,0,26271,15380,12475,3361,2550,154,0,0,0,0,33348,3162,3152,0,0,0,0,0
538,6582,539.1245987350446,99852,1494,819,109,35,32538,16941,0.4955233745943997,749,372,19274,19334,17483,9088,10889,20350,32447,19174,0,0,26047,15372,12618,3370,2594,156,0,0,0,0,33402,3138,3155,0,0,0,0,0
539,6582,540.6177359357201,99851,1482,818,109,36,32821,17088,0.49983475378313685,703,360,19207,19317,17603,9139,10894,20328,32573,19287,0,0,25720,15432,12774,3424,2654,163,0,0,0,0,33419,3107,3158,0,0,0,0,0
540,6582,541.3658411404336,99851,1442,797,109,36,32951,17155,0.5018076934632603,688,356,19164,19256,17640,9167,10955,20386,32698,19400,0,0,25495,15416,12915,3442,2696,172,0,0,0,0,33466,3090,3159,0,0,0,0,0
541,6582,542.1166796167414,99850,1405,779,110,36,33080,17217,0.5037255883825739,656,356,19124,19216,17680,9172,11023,20439,32822,19512,0,0,25273,15409,13040,3461,2739,178,0,0,0,0,33519,3060,3171,0,0,0,0,0
542,6582,543.6250983059178,99847,1354,752,113,36,33338,17348,0.5076366841267139,618,352,19099,19220,17784,9228,11030,20410,32944,19624,0,0,24965,15454,13228,3517,2803,183,0,0,0,0,33503,3021,3173,0,0,0,0,0
543,6582,544.3802596754259,99846,1339,747,114,36,33468,17409,0.5095547142599604,590,345,19036,19181,17811,9226,11108,20463,33065,19735,0,0,24757,15437,13357,3528,2843,183,0,0,0,0,33557,2997,3187,0,0,0,0,0
544,6582,545.1374165262106,99845,1328,727,115,36,33594,17478,0.5115128449096099,558,325,19010,19134,17826,9261,11161,20515,33185,19846,0,0,24532,15434,13467,3549,2881,188,0,0,0,0,33625,2972,3197,0,0,0,0,0
545,6582,546.6590667952926,99843,1241,688,116,37,33817,17600,0.5149785162705448,550,309,18982,19154,17943,9329,11166,20481,33304,19956,0,0,24229,15472,13669,3601,2941,195,0,0,0,0,33591,2946,3199,0,0,0,0,0
546,6582,547.4209474726498,99843,1197,674,116,37,33922,17657,0.5166010636699618,566,309,18945,19114,17962,9337,11212,20527,33422,20066,0,0,24022,15454,13790,3620,2982,197,0,0,0,0,33648,2919,3211,0,0,0,0,0
547,6582,548.1847117448528,99843,1175,651,116,37,34019,17716,0.5181635167212524,565,297,18919,19082,17960,9348,11263,20583,33539,20175,0,0,23830,15443,13913,3617,3025,203,0,0,0,0,33697,2893,3222,0,0,0,0,0
548,6582,549.7172792164664,99843,1140,627,116,37,34249,17830,0.5216089260138417,519,290,18932,19095,18024,9403,11267,20546,33654,20284,0,0,23541,15500,14062,3650,3102,204,0,0,0,0,33701,2862,3221,0,0,0,0,0
549,6582,550.4830002689711,99843,1118,645,116,37,34350,17911,0.5234317879070141,515,248,18906,19059,18014,9409,11329,20600,33768,20392,0,0,23347,15493,14171,3648,3141,210,0,0,0,0,33759,2842,3232,0,0,0,0,0
550,6582,551.2502630794306,99842,1085,613,117,37,34456,17955,0.5249394042587288,505,256,18881,19040,18034,9422,11376,20630,33881,20500,0,0,23142,15470,14298,3669,3176,211,0,0,0,0,33813,2821,3242,0,0,0,0,0
551,6582,552.0188787415136,99841,1046,574,118,37,34547,17982,0.5261265412005088,505,272,18855,19004,18041,9434,11433,20677,33993,20607,0,0,22957,15447,14420,3676,3213,216,0,0,0,0,33859,2799,3254,0,0,0,0,0
552,6582,553.5606185275985,99839,1008,548,118,39,34722,18097,0.5290417572291389,498,248,18854,19037,18091,9479,11429,20647,34104,20714,0,0,22726,15454,14577,3704,3278,222,0,0,0,0,33845,2774,3259,0,0,0,0,0
553,6582,554.3318009482581,99839,1008,544,118,39,34831,18151,0.5306743857610753,480,223,18839,19030,18078,9476,11475,20686,34214,20820,0,0,22550,15431,14692,3706,3313,224,0,0,0,0,33900,2751,3272,0,0,0,0,0
554,6582,555.1040545669581,99839,1002,516,118,39,34950,18188,0.5322369014112721,443,228,18827,18994,18085,9492,11523,20729,34323,20926,0,0,22364,15414,14802,3710,3347,232,0,0,0,0,33957,2728,3285,0,0,0,0,0
555,6582,556.6512462730306,99839,961,507,118,39,35118,18273,0.5347709812798606,450,220,18827,19022,18108,9494,11534,20716,34431,21031,0,0,22151,15398,14932,3755,3398,238,0,0,0,0,33980,2695,3292,0,0,0,0,0
556,6582,557.4243789043355,99839,952,478,118,39,35209,18310,0.536053045403099,425,234,18811,18990,18107,9504,11585,20753,34538,21135,0,0,21990,15354,15058,3760,3432,241,0,0,0,0,34027,2677,3300,0,0,0,0,0
557,6582,558.1988263921179,99838,949,468,119,39,35305,18350,0.5374206214066788,408,232,18783,18968,18095,9497,11644,20794,34644,21239,0,0,21831,15306,15156,3761,3474,246,0,0,0,0,34095,2668,3301,0,0,0,0,0
558,6582,559.7511224673729,99838,906,469,119,39,35478,18443,0.5400849375989102,367,208,18828,19028,18139,9493,11639,20761,34749,21342,0,0,21622,15295,15317,3781,3526,253,0,0,0,0,34096,2647,3301,0,0,0,0,0
559,6582,560.5261735101175,99837,861,446,120,39,35538,18483,0.5410919799272814,371,200,18823,19023,18123,9491,11700,20799,34853,21445,0,0,21456,15267,15427,3787,3561,257,0,0,0,0,34146,2624,3312,0,0,0,0,0
560,6582,561.3019315578907,99837,832,441,120,39,35608,18520,0.542163726874806,362,202,18819,19003,18102,9487,11763,20826,34956,21547,0,0,21302,15225,15533,3797,3587,262,0,0,0,0,34206,2604,3321,0,0,0,0,0
561,6582,562.0783862607917,99836,816,441,121,39,35673,18564,0.5432609479546456,359,186,18805,18985,18073,9484,11824,20863,35057,21649,0,0,21143,15187,15635,3795,3615,265,0,0,0,0,34277,2594,3325,0,0,0,0,0
562,6582,563.6331077573554,99835,774,401,121,40,35801,18632,0.5452296288876647,346,180,18834,19036,18082,9511,11841,20830,35157,21750,0,0,20953,15170,15752,3810,3682,273,0,0,0,0,34296,2576,3323,0,0,0,0,0
563,6582,564.4096630170026,99835,756,394,121,40,35857,18668,0.5461511493965042,360,187,18839,19016,18034,9501,11888,20860,35256,21851,0,0,20809,15116,15847,3821,3705,277,0,0,0,0,34369,2559,3332,0,0,0,0,0
564,6582,565.1868931276096,99835,735,384,121,40,35930,18700,0.5472028847598538,348,180,18846,19014,18012,9484,11936,20896,35355,21951,0,0,20665,15062,15943,3831,3740,281,0,0,0,0,34431,2547,3335,0,0,0,0,0
565,6582,566.7411137820496,99835,725,369,121,40,36067,18767,0.5492462563229329,334,175,18882,19066,17989,9487,11947,20861,35453,22051,0,0,20492,15036,16057,3843,3791,290,0,0,0,0,34465,2528,3333,0,0,0,0,0
566,6582,567.5162508566385,99835,700,362,121,40,36124,18799,0.5501377272499625,335,168,18857,19067,17979,9467,12006,20894,35550,22150,0,0,20342,15004,16139,3848,3820,294,0,0,0,0,34538,2507,3343,0,0,0,0,0
567,6582,568.2921936397431,99835,689,356,121,40,36197,18836,0.5512395452496619,314,159,18847,19061,17962,9450,12065,20932,35646,22249,0,0,20200,14966,16231,3838,3859,299,0,0,0,0,34598,2496,3348,0,0,0,0,0
568,6582,569.0694360311666,99835,677,345,121,40,36253,18869,0.5521310161766916,305,153,18859,19065,17924,9432,12112,20963,35741,22347,0,0,20067,14923,16325,3829,3896,302,0,0,0,0,34658,2483,3352,0,0,0,0,0
569,6582,570.6251474395718,99835,634,332,121,40,36369,18926,0.5538638753944007,305,158,18896,19105,17921,9437,12121,20926,35835,22445,0,0,19890,14910,16438,3842,3942,308,0,0,0,0,34687,2458,3360,0,0,0,0,0
570,6582,571.4010536450149,99834,624,337,121,41,36444,18971,0.555071418554801,274,160,18894,19116,17903,9407,12182,20937,35928,22542,0,0,19756,14852,16530,3849,3978,310,0,0,0,0,34752,2443,3364,0,0,0,0,0
571,6582,572.1776811710663,99834,615,321,121,41,36495,19002,0.5558927820181502,270,154,18906,19128,17853,9389,12233,20965,36020,22639,0,0,19641,14799,16625,3847,4008,315,0,0,0,0,34799,2423,3377,0,0,0,0,0
572,6582,573.731406855286,99834,599,320,121,41,36612,19066,0.5577057916140794,256,145,18972,19203,17817,9377,12233,20912,36111,22735,0,0,19476,14779,16746,3859,4044,319,0,0,0,0,34826,2405,3380,0,0,0,0,0
573,6582,574.5062533514034,99834,588,326,121,41,36665,19104,0.5586173047258449,247,133,18982,19195,17783,9364,12277,20939,36201,22831,0,0,19352,14732,16831,3852,4072,325,0,0,0,0,34888,2396,3386,0,0,0,0,0
574,6582,575.2805535470395,99833,573,304,121,42,36726,19123,0.5594242384782587,221,138,19003,19190,17760,9364,12320,20960,36290,22926,0,0,19221,14687,16921,3854,4099,330,0,0,0,0,34944,2383,3394,0,0,0,0,0
575,6582,576.0546293659853,99833,563,312,121,42,36771,19158,0.5602255767131109,218,129,18984,19186,17732,9345,12380,20984,36378,23021,0,0,19087,14658,16998,3847,4122,333,0,0,0,0,35018,2370,3400,0,0,0,0,0
576,6582,577.6027747733954,99832,507,306,122,42,36843,19212,0.5614933087587146,244,128,19047,19265,17684,9320,12394,20937,36465,23115,0,0,18927,14642,17096,3854,4167,336,0,0,0,0,35052,2354,3404,0,0,0,0,0
577,6582,578.3751132749026,99832,512,295,122,42,36895,19237,0.5622646045356199,240,122,19057,19255,17617,9317,12450,20967,36551,23208,0,0,18803,14604,17168,3853,4187,341,0,0,0,0,35122,2338,3416,0,0,0,0,0
578,6582,579.1473681884993,99832,505,301,122,42,36943,19267,0.5630459171407965,233,108,19061,19265,17575,9287,12502,20995,36637,23301,0,0,18693,14543,17262,3852,4204,346,0,0,0,0,35179,2331,3422,0,0,0,0,0
579,6582,580.6911616739407,99829,470,285,125,42,37032,19317,0.5644552184235042,213,100,19128,19327,17545,9270,12517,20974,36722,23393,0,0,18547,14511,17363,3868,4241,353,0,0,0,0,35209,2311,3426,0,0,0,0,0
580,6582,581.4614946801623,99829,462,269,125,42,37067,19336,0.564996143405223,216,96,19142,19336,17478,9259,12575,20996,36806,23485,0,0,18438,14458,17442,3864,4265,358,0,0,0,0,35269,2302,3433,0,0,0,0,0
581,6582,582.2312042647336,99829,453,255,125,42,37108,19356,0.5656071882919793,207,92,19142,19361,17445,9238,12626,21010,36889,23576,0,0,18336,14409,17528,3857,4288,365,0,0,0,0,35314,2289,3443,0,0,0,0,0
582,6582,583.0004823455657,99829,452,245,125,42,37148,19374,0.5661881817908624,198,93,19151,19356,17396,9223,12676,21039,36971,23667,0,0,18236,14355,17615,3845,4313,370,0,0,0,0,35366,2284,3445,0,0,0,0,0
583,6582,584.5392464747821,99829,431,228,125,42,37225,19408,0.5673000831421731,193,88,19247,19462,17331,9191,12671,20987,37052,23757,0,0,18116,14299,17715,3864,4342,376,0,0,0,0,35397,2270,3450,0,0,0,0,0
584,6582,585.3056727431962,99829,418,214,125,42,37266,19420,0.5678309909946008,175,89,19239,19494,17312,9170,12729,20989,37133,23847,0,0,18008,14255,17797,3866,4357,381,0,0,0,0,35449,2252,3464,0,0,0,0,0
585,6582,586.0714054753699,99829,397,198,125,42,37305,19434,0.5683618988470284,163,93,19245,19500,17290,9158,12778,21007,37213,23936,0,0,17905,14195,17875,3872,4390,382,0,0,0,0,35503,2240,3467,0,0,0,0,0
586,6582,587.6042215130105,99828,381,188,126,42,37373,19466,0.5693693152221821,154,103,19320,19565,17227,9137,12790,20963,37292,24025,0,0,17771,14166,17961,3880,4406,391,0,0,0,0,35553,2226,3474,0,0,0,0,0
587,6582,588.3684654490971,99828,366,185,126,42,37397,19486,0.5698100733261209,152,94,19324,19574,17184,9118,12846,20985,37370,24113,0,0,17656,14126,18030,3879,4421,396,0,0,0,0,35626,2221,3473,0,0,0,0,0
588,6582,589.1321473367266,99828,348,178,126,42,37421,19504,0.5702307969707897,158,97,19314,19581,17156,9083,12896,21017,37447,24201,0,0,17556,14071,18110,3880,4441,397,0,0,0,0,35682,2210,3481,0,0,0,0,0
589,6582,590.6600990094687,99828,333,181,126,42,37479,19542,0.5711924510157471,148,84,19412,19643,17088,9058,12891,20990,37524,24288,0,0,17436,14049,18195,3873,4462,403,0,0,0,0,35721,2196,3493,0,0,0,0,0
590,6582,591.4218537104036,99828,326,184,126,42,37509,19560,0.5716732780382258,139,78,19418,19668,17039,9017,12950,21009,37600,24375,0,0,17348,14006,18252,3852,4500,405,0,0,0,0,35780,2183,3502,0,0,0,0,0
591,6582,592.1824676597498,99828,323,184,126,42,37541,19577,0.5721641222903394,132,72,19415,19675,16995,8993,13007,21032,37675,24461,0,0,17252,13957,18312,3847,4522,408,0,0,0,0,35847,2173,3510,0,0,0,0,0
592,6582,593.7037164375772,99828,315,169,126,42,37598,19601,0.5729755178907722,115,72,19475,19765,16935,8964,13032,20986,37749,24547,0,0,17141,13919,18395,3841,4554,413,0,0,0,0,35890,2168,3507,0,0,0,0,0
593,6582,594.4626289923795,99828,298,163,126,42,37616,19613,0.5732760347798213,116,72,19489,19790,16892,8938,13077,20993,37823,24632,0,0,17042,13870,18464,3843,4567,416,0,0,0,0,35955,2158,3513,0,0,0,0,0
594,6582,595.2212794507487,99828,280,167,126,42,37633,19628,0.5735965861281404,114,76,19494,19802,16857,8899,13127,21012,37896,24717,0,0,16953,13818,18540,3837,4583,418,0,0,0,0,36010,2150,3519,0,0,0,0,0
595,6582,596.7377590909412,99828,268,152,126,42,37672,19652,0.5742276715951437,108,71,19570,19877,16786,8868,13140,20988,37968,24801,0,0,16858,13768,18630,3832,4608,422,0,0,0,0,36045,2143,3522,0,0,0,0,0
596,6582,597.4938360749824,99828,256,152,126,42,37691,19669,0.5745882918620027,104,68,19608,19880,16722,8842,13182,21014,38039,24885,0,0,16772,13721,18697,3823,4628,426,0,0,0,0,36103,2129,3529,0,0,0,0,0
597,6582,598.2493296877443,99828,250,151,126,42,37708,19685,0.5749188604399568,99,62,19636,19901,16653,8810,13234,21032,38110,24968,0,0,16705,13662,18772,3809,4650,429,0,0,0,0,36146,2113,3542,0,0,0,0,0
598,6582,599.0035009889779,99828,236,151,126,42,37723,19699,0.575209360099371,106,52,19639,19927,16602,8779,13289,21047,38180,25051,0,0,16621,13616,18835,3793,4678,430,0,0,0,0,36203,2104,3548,0,0,0,0,0
599,6582,600.5099030632348,99827,236,151,126,43,37772,19723,0.5759463872499424,92,44,19726,20006,16520,8741,13298,21013,38249,25133,0,0,16522,13583,18905,3788,4696,435,0,0,0,0,36251,2092,3555,0,0,0,0,0
600,6582,601.2609687942484,99827,231,142,126,43,37786,19734,0.5761968204994641,93,38,19744,20054,16460,8700,13344,21021,38318,25215,0,0,16441,13535,18966,3769,4723,438,0,0,0,0,36311,2086,3558,0,0,0,0,0
601,6582,602.010963946239,99827,233,124,126,43,37800,19739,0.5763871497691005,96,44,19773,20085,16395,8677,13375,21025,38386,25296,0,0,16360,13490,19026,3756,4743,440,0,0,0,0,36368,2076,3568,0,0,0,0,0
602,6582,603.5086889789454,99827,221,112,126,43,37835,19756,0.5769080509281056,100,46,19860,20179,16320,8640,13371,20978,38453,25377,0,0,16286,13439,19121,3742,4767,444,0,0,0,0,36386,2065,3577,0,0,0,0,0
603,6582,604.2545193058133,99827,212,112,126,43,37855,19764,0.5771885361675699,97,49,19875,20191,16272,8610,13416,20993,38520,25457,0,0,16211,13382,19185,3740,4778,450,0,0,0,0,36441,2056,3584,0,0,0,0,0
604,6582,605.7443507135501,99825,192,111,127,44,37887,19785,0.5777310293012773,102,38,19938,20277,16211,8582,13428,20946,38586,25537,0,0,16112,13347,19247,3732,4805,454,0,0,0,0,36494,2049,3585,0,0,0,0,0
605,6582,606.4872489976384,99825,198,114,127,44,37911,19793,0.5780515902829952,93,35,19956,20303,16147,8549,13477,20953,38651,25616,0,0,16042,13297,19302,3719,4823,457,0,0,0,0,36551,2039,3595,0,0,0,0,0
606,6582,607.2297267332052,99825,199,105,127,44,37932,19796,0.5782920110192837,87,38,19985,20313,16085,8527,13515,20971,38716,25695,0,0,15958,13262,19352,3708,4841,459,0,0,0,0,36612,2028,3605,0,0,0,0,0
607,6582,608.7123571208746,99825,197,98,127,44,37971,19807,0.5787928875532181,79,39,20061,20411,16012,8476,13522,20930,38780,25773,0,0,15876,13216,19419,3704,4863,461,0,0,0,0,36659,2016,3611,0,0,0,0,0
608,6582,609.4509631367886,99825,197,90,127,44,37986,19814,0.5790132732281492,69,42,20095,20446,15946,8448,13564,20928,38843,25851,0,0,15811,13159,19490,3693,4881,462,0,0,0,0,36702,2009,3618,0,0,0,0,0
609,6582,610.1890634936588,99825,185,88,127,44,37994,19818,0.5791334835962935,75,44,20119,20468,15893,8424,13599,20930,38906,25928,0,0,15730,13111,19538,3688,4898,463,0,0,0,0,36771,2003,3623,0,0,0,0,0
610,6582,611.6621355493951,99824,182,87,128,44,38026,19833,0.5796101138002885,62,45,20202,20556,15818,8383,13606,20883,38968,26005,0,0,15643,13079,19590,3679,4916,468,0,0,0,0,36825,1993,3631,0,0,0,0,0
611,6582,612.3959192286308,99824,179,85,128,44,38043,19841,0.5798605545760539,52,43,20236,20578,15751,8356,13652,20892,39030,26081,0,0,15565,13033,19642,3672,4933,470,0,0,0,0,36886,1987,3636,0,0,0,0,0
612,6582,613.1291268320347,99824,178,87,128,44,38054,19854,0.5801009777207886,48,35,20271,20591,15686,8335,13687,20906,39091,26157,0,0,15483,12994,19689,3663,4946,473,0,0,0,0,36954,1981,3641,0,0,0,0,0
613,6582,614.5920937214657,99824,159,82,128,44,38074,19862,0.5803814713896458,44,39,20343,20662,15626,8298,13698,20873,39151,26232,0,0,15402,12956,19737,3656,4969,478,0,0,0,0,37008,1973,3645,0,0,0,0,0
614,6582,615.3210131191692,99824,158,82,128,44,38086,19867,0.5805517711171662,38,39,20367,20694,15569,8266,13738,20873,39211,26307,0,0,15335,12906,19791,3648,4982,480,0,0,0,0,37064,1965,3653,0,0,0,0,0
615,6582,616.0494941140876,99824,152,80,128,44,38092,19877,0.580712053213656,46,34,20387,20724,15507,8239,13778,20877,39270,26382,0,0,15267,12863,19837,3633,5005,482,0,0,0,0,37121,1956,3660,0,0,0,0,0
616,6582,617.5041411174938,99824,140,80,128,44,38103,19893,0.5809825292514826,55,26,20462,20795,15426,8201,13787,20852,39329,26456,0,0,15190,12818,19898,3624,5023,485,0,0,0,0,37173,1955,3658,0,0,0,0,0
617,6582,618.2293344267101,99824,136,81,128,44,38112,19902,0.5811628466100337,58,20,20495,20825,15362,8163,13819,20865,39387,26530,0,0,15128,12764,19960,3617,5034,488,0,0,0,0,37221,1949,3663,0,0,0,0,0
618,6582,619.1439649086507,99824,128,75,128,44,38121,19905,0.581283058182401,58,26,20532,20860,15289,8137,13863,20856,39444,26603,0,0,15058,12727,20007,3605,5050,491,0,0,0,0,37275,1938,3673,0,0,0,0,0
619,6582,620.5885702615674,99824,105,63,128,44,38129,19915,0.5814633755409521,63,24,20628,20952,15214,8103,13860,20812,39501,26676,0,0,14986,12689,20065,3596,5074,495,0,0,0,0,37315,1929,3675,0,0,0,0,0
620,6582,621.3080950525984,99824,102,64,128,44,38137,19920,0.5815936047443501,65,25,20650,20976,15154,8074,13899,20815,39557,26748,0,0,14919,12651,20111,3581,5091,496,0,0,0,0,37372,1921,3682,0,0,0,0,0
621,6582,622.0269235284261,99824,111,63,128,44,38153,19926,0.5818139926270236,53,20,20682,20996,15096,8045,13928,20830,39613,26820,0,0,14852,12605,20166,3573,5101,497,0,0,0,0,37428,1915,3687,0,0,0,0,0
622,6582,623.0937545090251,99824,106,66,128,44,38162,19935,0.5819943099855747,54,17,20738,21062,15032,8003,13940,20806,39668,26891,0,0,14788,12563,20216,3563,5115,499,0,0,0,0,37480,1905,3695,0,0,0,0,0
623,6582,624.3571122410109,99824,99,61,128,44,38168,19938,0.5820844686648501,53,17,20764,21101,14971,7969,13983,20806,39723,26962,0,0,14740,12516,20276,3548,5129,504,0,0,0,0,37512,1894,3705,0,0,0,0,0
624,6582,625.1150839505094,99824,95,57,128,44,38170,19943,0.5821545920820644,55,15,20795,21122,14901,7946,14024,20814,39777,27032,0,0,14675,12468,20332,3542,5135,507,0,0,0,0,37567,1890,3708,0,0,0,0,0
625,6582,626.1799227590845,99824,96,52,128,44,38183,19948,0.5823349094406155,49,19,20817,21175,14856,7909,14052,20799,39831,27102,0,0,14606,12425,20387,3540,5143,507,0,0,0,0,37620,1880,3716,0,0,0,0,0
626,6582,627.3032676968068,99824,87,50,128,44,38201,19954,0.5825753325853502,39,20,20931,21290,14769,7854,14044,20740,39884,27172,0,0,14546,12380,20441,3526,5165,510,0,0,0,0,37662,1873,3721,0,0,0,0,0
627,6582,628.2030935892751,99824,88,49,128,44,38208,19959,0.5826955441577176,34,15,20946,21295,14719,7839,14083,20756,39937,27241,0,0,14485,12338,20483,3516,5181,510,0,0,0,0,37717,1864,3730,0,0,0,0,0
628,6582,629.5600017762982,99823,77,43,128,45,38218,19964,0.5828516474159262,37,16,21063,21405,14624,7795,14069,20694,39989,27310,0,0,14424,12293,20529,3508,5204,512,0,0,0,0,37764,1858,3731,0,0,0,0,0
629,6582,630.130990284446,99823,70,46,128,45,38224,19970,0.5829718601925408,64,38,21077,21412,14557,7762,14102,20695,40041,27378,0,0,14364,12247,20571,3498,5215,516,3,0,0,6,37815,1853,3735,0,0,0,0,0
630,6582,631.32218685626,99823,78,46,128,45,38244,19980,0.5832723921340773,52,38,21131,21505,14490,7715,14119,20649,40092,27446,0,0,14297,12198,20614,3496,5222,518,8,0,0,15,37868,1848,3739,0,0,0,0,0
631,6582,632.5096889710959,99823,86,48,128,45,38261,19991,0.5835528886128447,47,33,21189,21593,14417,7674,14131,20605,40143,27513,0,0,14232,12162,20647,3483,5237,519,11,0,0,25,37920,1840,3747,0,0,0,0,0
632,6582,633.1018993470849,99823,85,49,128,45,38267,19995,0.5836530659266902,49,32,21195,21604,14367,7655,14174,20613,40193,27580,0,0,14186,12107,20697,3475,5245,524,14,0,0,26,37962,1833,3754,0,0,0,0,0
633,6582,634.2859817079052,99823,80,48,128,45,38280,20005,0.5838834737485349,53,28,21275,21658,14284,7622,14178,20597,40243,27647,0,0,14127,12063,20732,3464,5267,526,17,0,0,34,38010,1825,3758,0,0,0,0,0
634,6582,635.4658783830952,99823,77,47,128,45,38292,20014,0.5840938461076105,53,28,21330,21728,14221,7584,14189,20566,40292,27713,0,0,14072,12010,20775,3460,5280,528,23,0,0,42,38051,1818,3764,0,0,0,0,0
635,6582,636.0545306719328,99823,84,49,128,45,38306,20020,0.5842942007353015,44,27,21337,21738,14179,7553,14226,20586,40341,27779,0,0,14015,11966,20815,3450,5293,529,26,0,0,44,38103,1810,3772,0,0,0,0,0
636,6582,637.2308437461866,99823,81,52,128,45,38316,20029,0.5844845376316079,54,24,21398,21814,14100,7518,14237,20545,40389,27844,0,0,13963,11917,20858,3444,5304,531,30,0,0,52,38143,1802,3779,0,0,0,0,0
637,6582,638.4037825148464,99823,77,50,128,45,38328,20034,0.5846548390651453,62,21,21449,21878,14033,7491,14249,20513,40437,27909,0,0,13902,11873,20894,3437,5322,532,33,0,0,59,38194,1798,3779,0,0,0,0,0
638,6582,639.5736532384764,99823,78,54,128,45,38341,20041,0.5848551936928363,57,23,21508,21921,13963,7459,14264,20496,40484,27973,0,0,13849,11827,20934,3428,5337,534,34,0,0,63,38242,1794,3781,0,0,0,0,0
639,6582,640.510156944274,99823,75,54,128,45,38355,20049,0.5850755837832964,63,25,21576,21992,13885,7427,14271,20455,40531,28037,0,0,13796,11781,20975,3416,5350,539,41,0,0,72,38279,1789,3785,0,0,0,0,0
640,6582,641.0920326482466,99823,75,52,128,45,38365,20051,0.585195796559911,64,25,21595,22011,13829,7410,14307,20455,40577,28101,0,0,13741,11742,21008,3410,5363,539,43,0,0,77,38327,1777,3796,0,0,0,0,0
641,6582,642.2544646511052,99823,71,53,128,45,38377,20060,0.5854061689189866,71,31,21660,22065,13764,7379,14304,20425,40623,28164,0,0,13683,11709,21036,3393,5385,540,47,0,0,89,38369,1771,3801,0,0,0,0,0
642,6582,643.413170681838,99823,76,51,128,45,38393,20069,0.5856566122036003,66,34,21730,22130,13696,7348,14302,20390,40669,28227,0,0,13623,11671,21068,3382,5402,544,52,0,0,94,38419,1768,3800,0,0,0,0,0
643,6582,644.5683670335097,99823,75,52,128,45,38410,20081,0.5859471264137524,61,25,21793,22205,13630,7318,14311,20353,40714,28289,0,0,13565,11643,21089,3370,5422,546,56,0,0,107,38460,1755,3810,0,0,0,0,0
644,6582,645.1441076317784,99823,73,49,128,45,38419,20083,0.5860573214589824,59,27,21809,22220,13584,7299,14345,20358,40759,28351,0,0,13520,11594,21131,3362,5434,549,58,0,0,112,38498,1749,3816,0,0,0,0,0
645,6582,646.2951010055023,99823,88,53,128,45,38443,20093,0.5863979243260571,55,26,21861,22274,13518,7269,14348,20331,40803,28413,0,0,13465,11555,21164,3357,5443,551,61,0,0,117,38545,1741,3824,0,0,0,0,0
646,6582,647.4429983670063,99823,90,56,128,45,38457,20101,0.5866183144165172,62,25,21889,22327,13470,7233,14359,20312,40847,28474,0,0,13406,11521,21191,3346,5459,553,64,0,0,122,38596,1738,3827,0,0,0,0,0
647,6582,648.0157674912459,99823,98,57,128,45,38473,20109,0.5868587399697465,52,25,21917,22361,13423,7208,14380,20302,40890,28535,0,0,13361,11475,21230,3339,5470,557,67,0,0,126,38634,1733,3831,0,0,0,0,0
648,6582,649.1611305609698,99823,96,56,128,45,38491,20116,0.5871091832543602,50,28,22000,22409,13354,7184,14370,20276,40933,28595,0,0,13309,11434,21266,3331,5479,563,74,0,0,136,38669,1726,3836,0,0,0,0,0
649,6582,650.302213086989,99823,91,59,128,45,38500,20125,0.5872895024192821,57,26,22061,22478,13293,7153,14368,20237,40976,28655,0,0,13264,11391,21301,3317,5499,565,78,0,0,140,38706,1719,3843,0,0,0,0,0
650,6582,651.4399888950103,99823,85,57,128,45,38512,20130,0.5874598038528195,61,26,22142,22565,13223,7111,14359,20194,41018,28715,0,0,13211,11351,21337,3309,5512,566,84,0,0,152,38741,1712,3848,0,0,0,0,0
651,6582,652.0070603885077,99823,86,57,128,45,38521,20135,0.5876000520922032,60,25,22145,22591,13190,7090,14389,20190,41060,28774,0,0,13158,11314,21372,3297,5525,567,85,0,0,161,38784,1712,3848,0,0,0,0,0
652,6582,653.1400294420448,99823,91,53,128,45,38542,20142,0.5878805485709706,51,26,22207,22653,13133,7073,14388,20148,41101,28833,0,0,13107,11277,21400,3288,5543,570,90,0,0,169,38822,1705,3852,0,0,0,0,0
653,6582,654.2700205860956,99823,92,53,128,45,38555,20150,0.5880909209300462,60,28,22264,22737,13073,7037,14381,20098,41142,28891,0,0,13054,11237,21431,3289,5552,571,92,0,0,174,38868,1695,3860,0,0,0,0,0
654,6582,655.3971394073218,99823,82,50,128,45,38566,20157,0.5882712400949681,58,32,22313,22833,13028,6996,14389,20042,41183,28949,0,0,13004,11190,21464,3285,5570,572,99,0,0,181,38904,1690,3864,0,0,0,0,0
655,6582,656.5215898587635,99823,82,47,128,45,38577,20162,0.5884315237971209,64,33,22358,22893,12964,6972,14402,20008,41223,29007,0,0,12958,11151,21497,3278,5582,575,101,0,0,188,38941,1683,3869,0,0,0,0,0
656,6582,657.082793107256,99823,81,48,128,45,38584,20166,0.588541718842351,63,31,22369,22908,12924,6956,14433,20010,41263,29064,0,0,12911,11112,21533,3269,5593,577,102,0,0,192,38982,1681,3871,0,0,0,0,0
657,6582,658.204641631704,99823,86,44,128,45,38599,20173,0.5887621089328111,64,26,22444,22959,12856,6943,14420,19981,41303,29121,0,0,12853,11077,21561,3266,5602,579,106,0,0,200,39028,1677,3874,0,0,0,0,0
658,6582,659.3228457466813,99823,89,42,128,45,38614,20178,0.5889624635605021,66,29,22508,23034,12791,6913,14416,19935,41342,29178,0,0,12800,11041,21592,3256,5618,579,110,0,0,207,39070,1674,3876,0,0,0,0,0
659,6582,660.4379469463576,99823,94,44,128,45,38635,20186,0.5892529777706541,69,29,22556,23084,12731,6887,14420,19909,41381,29234,0,0,12756,11008,21617,3245,5634,584,116,0,0,211,39104,1664,3884,0,0,0,0,0
660,6582,661.5503486509729,99823,99,49,128,45,38655,20194,0.5895334742494215,63,30,22605,23161,12686,6854,14417,19859,41419,29290,0,0,12705,10975,21644,3237,5651,584,119,0,0,216,39146,1659,3887,0,0,0,0,0
661,6582,662.1054000324136,99823,105,50,128,45,38669,20200,0.5897338288771125,61,31,22616,23169,12652,6846,14436,19857,41457,29346,0,0,12655,10944,21669,3229,5665,584,122,0,0,220,39189,1651,3895,0,0,0,0,0
662,6582,663.2147274251529,99823,92,51,128,45,38677,20208,0.5898941125792653,70,28,22670,23245,12602,6811,14436,19818,41495,29401,0,0,12608,10907,21693,3224,5682,587,124,0,0,230,39224,1647,3897,0,0,0,0,0
663,6582,664.3213511858515,99823,88,49,128,45,38694,20215,0.5901345381324945,68,28,22731,23310,12551,6780,14432,19786,41532,29456,0,0,12559,10867,21720,3221,5695,590,129,0,0,240,39258,1643,3901,0,0,0,0,0
664,6582,665.4250305100561,99823,86,50,128,45,38714,20221,0.5903949991484928,65,28,22786,23381,12503,6745,14430,19749,41569,29510,0,0,12518,10831,21747,3214,5709,596,130,0,0,248,39290,1636,3904,0,0,0,0,0
665,6582,666.5262312807349,99823,87,52,128,45,38727,20231,0.5906254069703375,63,27,22838,23429,12450,6725,14432,19720,41606,29564,0,0,12476,10795,21775,3207,5724,597,130,0,0,258,39322,1630,3909,0,0,0,0,0
666,6582,667.0754679226823,99823,90,56,128,45,38736,20238,0.5907856906724903,61,24,22842,23451,12410,6706,14467,19716,41642,29618,0,0,12436,10756,21811,3201,5730,600,132,0,0,261,39357,1625,3914,0,0,0,0,0
667,6582,668.1737996469531,99823,87,48,128,45,38747,20243,0.5909459743746431,67,28,22882,23511,12359,6686,14475,19680,41678,29671,0,0,12389,10714,21839,3203,5743,602,134,0,0,269,39394,1623,3913,0,0,0,0,0
668,6582,669.2702333704393,99823,92,49,128,45,38772,20248,0.5912465063161796,67,31,22933,23580,12309,6657,14469,19636,41714,29724,0,0,12333,10682,21862,3200,5754,604,140,0,0,274,39439,1618,3917,0,0,0,0,0
669,6582,670.3643678245319,99823,92,45,128,45,38793,20254,0.5915169850635625,65,36,22993,23650,12251,6641,14469,19581,41749,29777,0,0,12296,10639,21894,3192,5773,607,144,0,0,282,39463,1614,3919,0,0,0,0,0
670,6582,671.4557246602033,99823,96,45,128,45,38807,20259,0.591707321959869,70,45,23062,23711,12181,6607,14461,19545,41784,29829,0,0,12253,10606,21919,3185,5788,608,147,0,0,284,39501,1607,3925,0,0,0,0,0
671,6582,672.5435567518425,99823,104,52,128,45,38825,20272,0.5920178716327901,74,38,23124,23791,12112,6581,14456,19491,41819,29881,0,0,12212,10574,21947,3178,5797,612,146,0,0,291,39536,1602,3928,0,0,0,0,0
672,6582,673.0863012621489,99823,115,58,128,45,38841,20279,0.5922482794546347,70,35,23127,23810,12075,6562,14483,19488,41853,29933,0,0,12167,10543,21976,3171,5805,614,148,0,0,291,39579,1598,3931,0,0,0,0,0
673,6582,674.170610137059,99822,114,63,129,45,38860,20290,0.5925547474504618,80,44,23172,23850,12022,6543,14481,19453,41887,29984,0,0,12124,10506,22005,3166,5817,616,151,0,0,303,39606,1596,3932,0,0,0,0,0
674,6582,675.252875976717,99822,114,56,129,45,38881,20296,0.5928252289074553,85,48,23205,23911,11979,6521,14486,19417,41921,30035,0,0,12074,10473,22027,3163,5829,619,156,0,0,317,39637,1592,3935,0,0,0,0,0
675,6582,676.3332523851906,99822,119,59,129,45,38906,20306,0.5931758530183727,79,47,23263,23985,11935,6491,14473,19371,41955,30086,0,0,12032,10436,22054,3158,5844,619,161,0,0,328,39663,1585,3942,0,0,0,0,0
676,6582,677.4110758989314,99822,112,51,129,45,38924,20312,0.5934162809801447,89,49,23312,24057,11892,6469,14464,19327,41988,30136,0,0,11983,10401,22075,3155,5859,622,166,0,0,342,39693,1582,3944,0,0,0,0,0
677,6582,678.4865964871548,99822,127,62,129,45,38951,20329,0.5938570655767266,85,47,23345,24092,11840,6447,14472,19305,42021,30186,0,0,11938,10368,22100,3154,5867,623,170,0,0,348,39728,1575,3951,0,0,0,0,0
678,6582,679.0233915609765,99822,128,66,129,45,38958,20337,0.594007333052834,86,50,23351,24114,11808,6427,14496,19296,42054,30236,0,0,11901,10335,22129,3146,5879,624,170,0,0,353,39760,1572,3953,0,0,0,0,0
679,6582,680.0968392322351,99822,144,73,129,45,38988,20349,0.594428081985935,85,46,23403,24177,11764,6397,14473,19260,42086,30285,0,0,11861,10301,22158,3140,5891,625,173,0,0,360,39790,1568,3955,0,0,0,0,0
680,6582,681.1677038087614,99822,141,81,129,45,39006,20362,0.5947386347698904,99,52,23470,24241,11703,6365,14456,19214,42118,30334,0,0,11828,10269,22179,3127,5914,628,177,0,0,367,39812,1562,3959,0,0,0,0,0
681,6582,682.2354736918227,99822,148,77,129,45,39036,20372,0.5951393480395103,92,55,23515,24285,11662,6354,14452,19182,42150,30383,0,0,11779,10242,22193,3122,5929,633,184,0,0,378,39843,1556,3963,0,0,0,0,0
682,6582,683.3009727741589,99822,160,82,129,45,39068,20388,0.5956202039630543,87,54,23558,24343,11626,6339,14438,19135,42182,30431,0,0,11730,10213,22207,3119,5941,639,189,0,0,386,39879,1555,3964,0,0,0,0,0
683,6582,684.3644521479054,99822,155,87,129,45,39086,20402,0.5959407745787502,91,56,23595,24398,11603,6318,14425,19094,42213,30479,0,0,11686,10178,22229,3115,5959,639,194,0,0,396,39908,1552,3966,0,0,0,0,0
684,6582,685.4258903386367,99821,158,91,130,45,39105,20418,0.5962973722964106,96,51,23660,24467,11554,6290,14400,19054,42244,30527,0,0,11642,10147,22251,3107,5975,640,201,0,0,405,39936,1547,3970,0,0,0,0,0
685,6582,686.485034406779,99821,161,93,130,45,39132,20428,0.5966680357840535,93,55,23711,24535,11517,6259,14386,19011,42275,30574,0,0,11601,10111,22272,3107,5994,640,206,0,0,411,39966,1539,3974,0,0,0,0,0
686,6582,687.0132225154354,99821,158,90,130,45,39142,20434,0.5968283226976288,96,63,23708,24554,11496,6248,14410,18998,42305,30621,0,0,11553,10085,22288,3107,6003,642,206,0,0,420,40005,1536,3976,0,0,0,0,0
687,6582,688.0695445561984,99821,163,90,130,45,39167,20452,0.5972590937778623,90,56,23757,24615,11457,6230,14401,18962,42335,30668,0,0,11511,10055,22304,3103,6017,647,211,0,0,434,40027,1533,3979,0,0,0,0,0
688,6582,689.1239696336622,99821,159,101,130,45,39190,20473,0.5976998827901945,99,52,23817,24678,11402,6210,14391,18912,42365,30715,0,0,11470,10018,22324,3101,6037,648,219,0,0,444,40050,1529,3981,0,0,0,0,0
689,6582,690.1755807289004,99821,155,109,130,45,39208,20492,0.5980705462778373,107,53,23866,24743,11363,6185,14377,18863,42395,30761,0,0,11431,9990,22342,3093,6054,649,224,0,0,458,40070,1520,3990,0,0,0,0,0
690,6582,691.225154422994,99821,161,104,130,45,39239,20505,0.5985113352901694,106,65,23918,24792,11330,6175,14353,18817,42424,30807,0,0,11393,9961,22355,3084,6079,651,230,0,0,475,40085,1515,3993,0,0,0,0,0
691,6582,692.2722539807942,99821,170,111,130,45,39269,20517,0.5989320884383046,108,69,23983,24845,11282,6155,14325,18773,42453,30853,0,0,11355,9938,22368,3078,6093,653,234,0,0,487,40107,1505,4003,0,0,0,0,0
692,6582,693.316623226309,99821,161,105,130,45,39293,20531,0.5993127698580459,117,63,24008,24885,11261,6152,14321,18748,42482,30898,0,0,11317,9900,22387,3077,6112,655,240,0,0,510,40116,1500,4007,0,0,0,0,0
693,6582,694.3594332876576,99821,158,102,130,45,39318,20544,0.5996934512777873,110,58,24050,24953,11233,6143,14317,18697,42511,30943,0,0,11266,9875,22402,3072,6129,656,250,0,0,527,40140,1494,4010,0,0,0,0,0
694,6582,695.400748719533,99821,164,108,130,45,39356,20560,0.6002344196111039,96,49,24105,25014,11193,6119,14310,18663,42539,30988,0,0,11229,9847,22419,3062,6149,658,255,0,0,550,40149,1492,4011,0,0,0,0,0
695,6582,696.4398729141587,99821,167,100,130,45,39380,20575,0.6006251189629437,100,48,24147,25092,11156,6111,14298,18602,42567,31032,0,0,11192,9816,22445,3052,6163,662,260,0,0,574,40157,1490,4010,0,0,0,0,0
696,6582,697.4770403361832,99820,167,99,131,45,39409,20585,0.6010218393107594,96,50,24210,25145,11115,6100,14279,18559,42595,31076,0,0,11155,9785,22464,3046,6182,663,266,0,0,591,40171,1485,4012,0,0,0,0,0
697,6582,698.5118434850846,99820,173,97,131,45,39433,20594,0.6013524343818873,108,50,24249,25209,11078,6073,14259,18524,42623,31120,0,0,11118,9757,22480,3045,6194,666,270,0,0,600,40195,1476,4019,0,0,0,0,0
698,6582,699.0282170776861,99820,160,94,131,45,39439,20599,0.6014626327389301,116,48,24256,25224,11052,6069,14283,18518,42650,31164,0,0,11091,9721,22505,3043,6204,670,271,0,0,612,40209,1471,4023,0,0,0,0,0
699,6582,700.0605910291146,99819,164,98,132,45,39468,20614,0.6019094561155692,105,50,24318,25273,11018,6058,14261,18474,42677,31207,0,0,11057,9695,22516,3035,6225,673,273,0,0,624,40228,1465,4028,0,0,0,0,0
700,6582,701.090614961728,99818,160,101,133,45,39491,20626,0.6022661243463103,110,52,24372,25333,10986,6037,14237,18430,42704,31250,0,0,11026,9663,22539,3026,6238,678,276,0,0,640,40240,1462,4030,0,0,0,0,0
701,6582,702.118551879593,99818,180,98,133,45,39529,20639,0.6027770542387144,100,52,24409,25395,10944,6025,14232,18383,42731,31293,0,0,10992,9637,22554,3024,6250,682,279,0,0,656,40255,1454,4035,0,0,0,0,0
702,6582,703.1443344939823,99818,185,100,133,45,39567,20656,0.6033280570638562,88,48,24453,25439,10920,6018,14219,18348,42757,31336,0,0,10951,9611,22570,3017,6262,691,289,0,0,674,40268,1452,4033,0,0,0,0,0
703,6582,704.168499253942,99818,185,95,133,45,39591,20669,0.6036987316916789,84,42,24496,25499,10881,6005,14219,18312,42783,31378,0,0,10922,9583,22589,3007,6284,693,293,0,0,695,40272,1446,4034,0,0,0,0,0
704,6582,705.1909250172469,99818,192,90,133,45,39618,20679,0.6040694063195015,82,42,24549,25572,10848,5985,14194,18264,42809,31420,0,0,10893,9549,22613,3001,6299,696,296,0,0,711,40282,1443,4035,0,0,0,0,0
705,6582,706.211237216119,99818,188,90,133,45,39638,20688,0.6043599350818489,92,43,24584,25626,10816,5964,14185,18230,42835,31462,0,0,10860,9518,22633,3000,6309,700,299,0,0,725,40297,1439,4038,0,0,0,0,0
706,6582,707.2297328388887,99818,187,98,133,45,39658,20703,0.6047105732433028,102,43,24637,25670,10760,5946,14179,18196,42861,31503,0,0,10828,9483,22658,3002,6316,702,302,0,0,739,40312,1436,4040,0,0,0,0,0
707,6582,708.2461147717057,99818,185,98,133,45,39684,20716,0.6051012843374942,107,44,24675,25717,10738,5929,14160,18165,42886,31544,0,0,10795,9451,22679,3005,6323,706,304,0,0,761,40320,1432,4042,0,0,0,0,0
708,6582,709.260652462965,99818,191,97,133,45,39711,20723,0.6054419042657637,106,49,24713,25772,10714,5910,14141,18125,42911,31585,0,0,10758,9424,22695,3002,6338,707,308,0,0,771,40343,1428,4044,0,0,0,0,0
709,6582,710.27361146142,99818,193,97,133,45,39737,20732,0.6057925424272176,117,49,24754,25832,10679,5891,14122,18084,42936,31626,0,0,10718,9399,22709,3001,6350,710,312,0,0,783,40367,1424,4045,0,0,0,0,0
710,6582,711.2846894503248,99818,191,93,133,45,39764,20738,0.6061231441223026,111,62,24796,25875,10656,5872,14111,18051,42961,31666,0,0,10683,9373,22724,2997,6366,713,321,0,0,795,40380,1417,4049,0,0,0,0,0
711,6582,712.2942134763425,99817,176,91,134,45,39788,20755,0.6065399681416993,115,60,24843,25930,10637,5863,14093,18009,42985,31706,0,0,10642,9340,22742,3003,6369,721,328,0,0,823,40385,1416,4048,0,0,0,0,0
712,6582,713.3018276853763,99817,169,90,134,45,39814,20769,0.6069407014837152,113,55,24900,25985,10615,5853,14067,17970,43009,31746,0,0,10601,9314,22747,3007,6383,725,331,0,0,842,40404,1412,4051,0,0,0,0,0
713,6582,714.307526071845,99816,183,99,135,45,39844,20786,0.6074176484731907,99,52,24943,26042,10576,5833,14062,17927,43033,31786,0,0,10572,9289,22768,2999,6392,729,333,0,0,855,40417,1409,4053,0,0,0,0,0
714,6582,715.3112653735609,99816,178,103,135,45,39865,20800,0.607768293660335,96,52,24978,26106,10553,5808,14058,17884,43057,31825,0,0,10542,9254,22791,3001,6405,730,337,0,0,869,40429,1404,4054,0,0,0,0,0
715,6582,716.3135885433608,99816,192,95,135,45,39898,20810,0.6081990863188267,79,55,25031,26158,10513,5798,14048,17847,43081,31864,0,0,10514,9226,22808,2999,6419,731,337,0,0,889,40437,1397,4059,0,0,0,0,0
716,6582,717.3141777146162,99816,176,89,135,45,39914,20822,0.6084796024685422,91,56,25078,26211,10483,5792,14035,17805,43104,31903,0,0,10475,9200,22816,2995,6440,735,348,0,0,904,40450,1394,4059,0,0,0,0,0
717,6582,718.3127817226158,99816,174,86,135,45,39931,20833,0.6087601186182576,105,50,25096,26270,10459,5780,14029,17767,43127,31942,0,0,10441,9174,22833,2990,6455,738,354,0,0,915,40467,1392,4057,0,0,0,0,0
718,6582,719.3103420737973,99816,164,86,135,45,39947,20844,0.6090306163340546,109,46,25147,26341,10431,5766,14012,17714,43150,31980,0,0,10415,9142,22856,2987,6464,744,356,0,0,929,40476,1388,4059,0,0,0,0,0
719,6582,720.3061218497857,99816,161,87,135,45,39969,20855,0.6093612246533622,112,53,25198,26384,10396,5760,13996,17669,43173,32018,0,0,10388,9115,22865,2982,6488,746,356,0,0,940,40492,1385,4059,0,0,0,0,0
720,6582,721.3001175167701,99816,169,91,135,45,40001,20873,0.6098621463492827,108,46,25231,26432,10372,5749,13983,17635,43196,32056,0,0,10367,9085,22883,2977,6506,748,357,0,0,959,40492,1379,4063,0,0,0,0,0
721,6582,722.2924841099775,99816,161,84,135,45,40018,20877,0.6100725334615693,111,55,25278,26485,10344,5737,13969,17592,43219,32094,0,0,10332,9061,22892,2976,6522,750,360,0,0,973,40510,1375,4065,0,0,0,0,0
722,6582,723.2830740985447,99816,176,93,135,45,40048,20889,0.6104933076861425,109,53,25326,26541,10308,5715,13944,17551,43241,32131,0,0,10306,9041,22906,2966,6535,754,361,0,0,977,40530,1370,4070,0,0,0,0,0
723,6582,724.2716116035717,99816,180,88,135,45,40070,20898,0.6108038791376132,112,60,25354,26590,10277,5704,13940,17511,43263,32168,0,0,10265,9022,22916,2965,6544,757,364,0,0,992,40553,1369,4069,0,0,0,0,0
724,6582,725.2587033790244,99816,182,84,135,45,40093,20910,0.6111545243247576,121,64,25387,26647,10250,5687,13923,17471,43285,32205,0,0,10231,8997,22932,2963,6555,758,369,0,0,1014,40560,1367,4070,0,0,0,0,0
725,6582,726.2446679218593,99816,191,97,135,45,40124,20939,0.6117556303598621,117,49,25426,26694,10225,5693,13904,17420,43307,32242,0,0,10207,8965,22953,2960,6571,759,373,0,0,1031,40563,1362,4072,0,0,0,0,0
726,6582,727.2290594057741,99816,187,105,135,45,40161,20956,0.6122966257914563,116,49,25468,26742,10214,5673,13878,17384,43329,32278,0,0,10172,8937,22964,2958,6591,763,382,0,0,1045,40575,1359,4070,0,0,0,0,0
727,6582,728.2119525291879,99815,182,102,136,45,40184,20970,0.6126734458748685,113,50,25507,26779,10201,5665,13859,17357,43350,32314,0,0,10143,8906,22976,2962,6607,764,386,0,0,1062,40583,1353,4073,0,0,0,0,0
728,6582,729.1933148472415,99815,188,103,136,45,40211,20983,0.6130741872464058,112,51,25568,26833,10169,5654,13825,17312,43371,32350,0,0,10117,8882,22990,2956,6622,768,389,0,0,1074,40594,1348,4075,0,0,0,0,0
729,6582,730.1724409390663,99815,194,100,136,45,40246,20996,0.6135550768922506,102,48,25602,26879,10158,5653,13806,17273,43392,32386,0,0,10086,8858,22999,2949,6645,769,395,0,0,1092,40600,1346,4076,0,0,0,0,0
730,6582,731.1500198350645,99815,193,107,136,45,40272,21009,0.6139457997294996,119,62,25641,26921,10128,5634,13781,17229,43413,32422,0,0,10054,8835,23016,2948,6650,774,398,0,0,1111,40610,1345,4074,0,0,0,0,0
731,6582,732.1260189131045,99815,196,106,136,45,40299,21030,0.6144266893753444,113,54,25695,26963,10105,5639,13753,17191,43434,32457,0,0,10026,8808,23034,2944,6662,779,403,0,0,1134,40609,1344,4072,0,0,0,0,0
732,6582,733.1001513312663,99815,193,100,136,45,40325,21041,0.6147973751440164,116,57,25728,27017,10093,5626,13732,17153,43455,32492,0,0,9991,8784,23045,2942,6675,782,411,0,0,1155,40615,1341,4074,0,0,0,0,0
733,6582,734.072694288106,99815,194,92,136,45,40354,21052,0.6151981165155538,115,52,25753,27054,10079,5625,13721,17130,43475,32527,0,0,9957,8764,23049,2940,6692,785,415,0,0,1174,40625,1336,4078,0,0,0,0,0
734,6582,735.0443042063544,99815,196,82,136,45,40379,21059,0.6155187096127837,119,56,25798,27121,10049,5609,13700,17085,43495,32562,0,0,9925,8740,23060,2939,6703,789,420,0,0,1193,40633,1336,4077,0,0,0,0,0
735,6582,736.0145386654623,99815,203,86,136,45,40404,21075,0.6159294695186094,117,56,25853,27168,10013,5588,13676,17055,43515,32596,0,0,9898,8721,23074,2931,6718,791,423,0,0,1209,40640,1334,4076,0,0,0,0,0
736,6582,737.4661892699296,99815,210,85,136,45,40456,21094,0.6166407854530882,101,55,25913,27252,9996,5578,13642,16983,43535,32630,0,0,9867,8691,23079,2933,6740,798,428,0,0,1226,40648,1330,4075,0,0,0,0,0
737,6582,738.431886712657,99815,207,79,136,45,40486,21108,0.6170816009617793,100,56,25950,27296,9971,5571,13634,16951,43555,32664,0,0,9843,8663,23088,2930,6757,804,431,0,0,1249,40646,1328,4076,0,0,0,0,0
738,6582,739.3964923382379,99815,199,74,136,45,40507,21119,0.6174021940590092,98,54,25988,27327,9958,5572,13619,16926,43575,32698,0,0,9815,8641,23094,2928,6771,810,431,0,0,1270,40653,1326,4076,0,0,0,0,0
739,6582,740.3597180595837,99815,197,80,136,45,40534,21136,0.6178430095677002,88,46,26041,27380,9932,5557,13604,16890,43594,32732,0,0,9786,8621,23099,2921,6792,814,435,0,0,1281,40666,1323,4077,0,0,0,0,0
740,6582,741.3212984436983,99814,189,81,137,45,40553,21144,0.6181197026469233,96,52,26083,27440,9909,5536,13584,16844,43613,32765,0,0,9758,8597,23114,2917,6805,815,439,0,0,1297,40673,1321,4078,0,0,0,0,0
741,6582,742.2812407792482,99814,187,85,137,45,40570,21156,0.6184102430520768,98,52,26119,27478,9883,5528,13574,16810,43632,32798,0,0,9731,8572,23125,2920,6815,818,441,0,0,1305,40690,1318,4079,0,0,0,0,0
742,6582,743.2396759353472,99814,175,82,137,45,40590,21168,0.6187308393612119,101,49,26168,27524,9865,5516,13552,16782,43651,32831,0,0,9709,8539,23139,2920,6837,819,442,0,0,1324,40692,1317,4076,0,0,0,0,0
743,6582,744.1966107983961,99814,169,75,137,45,40616,21176,0.6190714729396678,96,55,26216,27558,9846,5513,13534,16752,43670,32864,0,0,9680,8516,23144,2921,6853,823,448,0,0,1341,40698,1311,4079,0,0,0,0,0
744,6582,745.1517956307956,99814,164,79,137,45,40635,21186,0.6193620133448213,104,54,26249,27603,9828,5497,13516,16720,43689,32897,0,0,9650,8495,23157,2917,6863,826,455,0,0,1353,40709,1308,4081,0,0,0,0,0
745,6582,746.1056889505701,99814,156,88,137,45,40651,21203,0.6196926282886168,107,45,26301,27639,9799,5483,13498,16698,43708,32929,0,0,9626,8477,23167,2911,6881,826,457,0,0,1371,40713,1303,4082,0,0,0,0,0
746,6582,747.0579765332268,99814,148,77,137,45,40664,21210,0.6198930009818262,113,50,26340,27689,9776,5481,13484,16656,43726,32961,0,0,9599,8457,23176,2913,6892,829,460,0,0,1388,40719,1296,4085,0,0,0,0,0
747,6582,748.0090176635982,99814,152,76,137,45,40689,21221,0.6202536718296031,107,55,26376,27735,9763,5473,13463,16614,43744,32993,0,0,9572,8435,23186,2914,6903,830,462,0,0,1406,40726,1293,4087,0,0,0,0,0
748,6582,749.4325155453546,99814,172,73,137,45,40729,21242,0.6208648085438916,99,53,26447,27820,9722,5454,13421,16553,43762,33025,0,0,9551,8416,23195,2905,6924,831,465,0,0,1430,40717,1289,4091,0,0,0,0,0
749,6582,750.3793557723033,99814,174,72,137,45,40756,21251,0.6212254793916685,93,52,26471,27865,9705,5441,13418,16523,43780,33057,0,0,9521,8392,23208,2906,6937,832,471,0,0,1443,40727,1287,4090,0,0,0,0,0
750,6582,751.3252979569685,99814,174,72,137,45,40781,21261,0.6215761316047849,99,48,26518,27923,9675,5433,13395,16477,43798,33088,0,0,9490,8370,23219,2907,6946,836,477,0,0,1454,40740,1285,4090,0,0,0,0,0
751,6582,752.2698211777264,99814,171,74,137,45,40804,21273,0.6219267838179013,95,44,26558,27978,9663,5423,13374,16434,43816,33119,0,0,9464,8346,23231,2905,6961,838,483,0,0,1465,40748,1281,4092,0,0,0,0,0
752,6582,753.2127524275146,99814,167,80,137,45,40829,21287,0.6223175105696596,91,34,26588,28027,9656,5417,13359,16395,43834,33150,0,0,9438,8318,23244,2904,6977,840,490,0,0,1476,40756,1280,4091,0,0,0,0,0
753,6582,754.1546016091542,99814,161,79,137,45,40847,21295,0.6225779950708318,100,39,26628,28076,9634,5404,13338,16355,43851,33181,0,0,9413,8290,23255,2906,6991,842,495,0,0,1484,40768,1278,4092,0,0,0,0,0
754,6582,755.0951746070912,99814,159,79,137,45,40863,21304,0.6228284609373435,103,44,26660,28132,9609,5394,13330,16304,43868,33212,0,0,9393,8260,23277,2907,7001,844,499,0,0,1492,40775,1277,4089,0,0,0,0,0
755,6582,756.0345080328107,99814,159,80,137,45,40882,21316,0.623139038611818,98,45,26704,28170,9589,5387,13311,16271,43885,33242,0,0,9360,8242,23283,2909,7011,847,504,0,0,1500,40795,1275,4088,0,0,0,0,0
756,6582,757.4406993265618,99814,135,86,137,45,40903,21332,0.6235097280942553,108,45,26770,28247,9567,5365,13281,16210,43902,33272,0,0,9335,8221,23289,2912,7024,852,504,0,0,1527,40791,1271,4088,0,0,0,0,0
757,6582,758.3762556519263,99814,132,89,137,45,40919,21344,0.6237902498647484,115,48,26801,28300,9547,5348,13266,16168,43919,33302,0,0,9304,8206,23296,2913,7030,854,508,0,0,1541,40804,1266,4092,0,0,0,0,0
758,6582,759.3106578634836,99814,140,89,137,45,40951,21359,0.6242611256937904,94,41,26859,28354,9522,5342,13246,16127,43936,33332,0,0,9281,8188,23303,2908,7045,858,509,0,0,1559,40808,1262,4093,0,0,0,0,0
759,6582,760.2433464664598,99813,140,86,137,46,40971,21366,0.624537885846533,96,51,26891,28376,9500,5337,13234,16102,43953,33362,0,0,9255,8168,23311,2906,7056,861,515,0,0,1568,40819,1257,4097,0,0,0,0,0
760,6582,761.1748312601286,99813,148,88,137,46,40996,21378,0.62490857904281,91,49,26936,28433,9476,5329,13210,16053,43969,33391,0,0,9237,8148,23325,2900,7072,862,515,0,0,1580,40824,1254,4096,0,0,0,0,0
761,6582,762.1048318344326,99813,139,89,137,46,41020,21387,0.6252391972989491,90,50,26984,28493,9468,5314,13180,16006,43985,33420,0,0,9210,8129,23331,2900,7079,869,518,0,0,1597,40831,1252,4097,0,0,0,0,0
762,6582,763.0331501548968,99813,140,96,137,46,41047,21403,0.6256700029054332,84,41,27012,28535,9457,5310,13168,15970,44001,33449,0,0,9188,8107,23342,2899,7093,870,521,0,0,1613,40834,1248,4098,0,0,0,0,0
763,6582,764.4235824034828,99813,140,96,137,46,41070,21414,0.6260106398966067,85,44,27062,28622,9437,5292,13137,15898,44017,33478,0,0,9168,8085,23355,2895,7107,873,524,0,0,1625,40838,1244,4099,0,0,0,0,0
764,6582,765.3490833117843,99813,146,98,137,46,41092,21426,0.6263512768877801,82,37,27092,28669,9420,5282,13121,15866,44033,33507,0,0,9151,8066,23365,2889,7120,877,526,0,0,1635,40842,1241,4101,0,0,0,0,0
765,6582,766.2736180524089,99813,144,96,137,46,41109,21439,0.6266518389388156,84,37,27122,28705,9394,5279,13117,15835,44049,33536,0,0,9121,8048,23374,2888,7128,879,531,0,0,1653,40849,1240,4102,0,0,0,0,0
766,6582,767.1971183149446,99813,140,90,137,46,41123,21447,0.6268722511095749,87,42,27160,28759,9369,5275,13105,15786,44065,33564,0,0,9095,8031,23382,2886,7141,879,532,0,0,1673,40854,1240,4100,0,0,0,0,0
767,6582,768.1195687325833,99813,135,85,137,46,41136,21462,0.6271527756905413,97,39,27184,28795,9349,5282,13096,15751,44081,33592,0,0,9068,8010,23390,2889,7153,880,534,0,0,1692,40860,1239,4098,0,0,0,0,0
768,6582,769.0408846389976,99813,145,86,137,46,41157,21472,0.6274633564766112,97,40,27214,28851,9330,5264,13075,15711,44096,33620,0,0,9045,7991,23401,2888,7161,882,536,0,0,1699,40874,1237,4099,0,0,0,0,0
769,6582,770.4207197796344,99813,151,83,137,46,41186,21490,0.6279342370232335,95,33,27282,28916,9296,5253,13037,15667,44111,33648,0,0,9032,7975,23406,2882,7176,887,538,0,0,1723,40860,1229,4105,0,0,0,0,0
770,6582,771.338932842312,99813,146,75,137,46,41201,21495,0.6281346117239237,104,34,27327,28963,9272,5245,13012,15635,44126,33676,0,0,9010,7950,23418,2887,7187,887,539,0,0,1737,40865,1227,4106,0,0,0,0,0
771,6582,772.2556590579138,99813,149,82,137,46,41218,21508,0.6284351737749592,101,29,27359,29008,9254,5234,12998,15599,44141,33704,0,0,8995,7927,23435,2888,7194,889,541,0,0,1744,40870,1221,4109,0,0,0,0,0
772,6582,773.1710657802289,99813,150,76,137,46,41235,21516,0.628685642150822,104,30,27386,29044,9234,5231,12987,15571,44156,33731,0,0,8968,7918,23435,2885,7205,891,544,0,0,1759,40879,1215,4114,0,0,0,0,0
773,6582,774.0856606862741,99813,152,77,137,46,41259,21526,0.6290262791419955,97,30,27423,29078,9220,5227,12969,15540,44171,33758,0,0,8942,7902,23438,2887,7217,892,546,0,0,1773,40889,1212,4115,0,0,0,0,0
774,6582,775.4553067511205,99813,150,72,137,46,41289,21535,0.6294170098083416,90,34,27503,29162,9185,5207,12933,15477,44186,33785,0,0,8918,7880,23446,2887,7227,897,551,0,0,1793,40887,1211,4116,0,0,0,0,0
775,6582,776.3662205204353,99813,151,68,137,46,41306,21541,0.6296474407141355,88,40,27538,29219,9163,5194,12921,15431,44201,33812,0,0,8901,7861,23460,2883,7237,898,552,0,0,1807,40888,1206,4120,0,0,0,0,0
776,6582,777.2758349433407,99813,156,68,137,46,41320,21546,0.6298377966797912,95,44,27570,29261,9135,5182,12905,15397,44216,33839,0,0,8881,7847,23465,2877,7252,898,551,0,0,1812,40904,1204,4122,0,0,0,0,0
777,6582,778.1842536645654,99813,146,66,137,46,41334,21556,0.6300782463206196,95,41,27593,29302,9131,5180,12896,15363,44230,33866,0,0,8857,7834,23469,2870,7271,898,555,0,0,1829,40907,1201,4122,0,0,0,0,0
778,6582,779.0918507667752,99813,137,63,137,46,41353,21562,0.6303287146964824,96,43,27634,29338,9116,5175,12878,15333,44244,33892,0,0,8838,7816,23474,2872,7280,903,554,0,0,1847,40908,1199,4122,0,0,0,0,0
779,6582,780.4512154951035,99813,145,66,137,46,41386,21576,0.6307995952431046,89,38,27695,29416,9093,5164,12839,15268,44258,33918,0,0,8812,7802,23475,2871,7298,904,559,0,0,1860,40916,1196,4120,0,0,0,0,0
780,6582,781.3557900247845,99813,148,70,137,46,41408,21586,0.6311201947642091,86,39,27723,29450,9074,5152,12830,15241,44272,33944,0,0,8790,7785,23487,2872,7300,908,562,0,0,1872,40923,1192,4122,0,0,0,0,0
781,6582,782.2592910183806,99813,158,68,137,46,41434,21591,0.631430775550279,82,39,27750,29490,9053,5146,12818,15209,44286,33970,0,0,8763,7770,23499,2871,7304,910,567,0,0,1883,40934,1190,4122,0,0,0,0,0
782,6582,783.1619488840496,99813,145,67,137,46,41449,21596,0.6316311502509693,96,45,27800,29523,9032,5137,12788,15180,44300,33996,0,0,8739,7750,23505,2874,7317,912,570,0,0,1891,40946,1186,4123,0,0,0,0,0
783,6582,784.0632172966372,99813,138,70,137,46,41466,21605,0.6318916373618667,96,47,27834,29562,9017,5118,12776,15155,44314,34022,0,0,8713,7739,23507,2869,7330,914,575,0,0,1904,40954,1183,4125,0,0,0,0,0
784,6582,785.4124582266223,99813,147,65,137,46,41493,21614,0.6322523118231093,89,56,27911,29623,8986,5109,12728,15099,44328,34047,0,0,8685,7729,23510,2871,7335,915,578,0,0,1924,40959,1178,4129,0,0,0,0,0
785,6582,786.3099346303611,99813,150,70,137,46,41513,21627,0.6325829300792482,92,52,27930,29672,8972,5092,12717,15066,44342,34072,0,0,8672,7708,23526,2869,7343,917,579,0,0,1937,40958,1175,4129,0,0,0,0,0
786,6582,787.2065209855375,99813,145,73,137,46,41534,21633,0.6328534359251801,85,52,27973,29709,8960,5079,12698,15039,44356,34097,0,0,8653,7689,23537,2867,7353,919,578,0,0,1951,40964,1173,4129,0,0,0,0,0
787,6582,788.1020575962204,99813,153,68,137,46,41553,21639,0.6331039043010429,89,49,28006,29753,8937,5070,12676,15012,44369,34122,0,0,8635,7679,23537,2857,7369,923,579,0,0,1957,40975,1171,4131,0,0,0,0,0
788,6582,789.4429354639834,99813,148,73,137,46,41583,21652,0.633534709907527,98,51,28075,29808,8922,5055,12618,14965,44382,34147,0,0,8618,7660,23540,2858,7385,926,583,0,0,1970,40973,1163,4137,0,0,0,0,0
789,6582,790.3349514518542,99813,158,79,137,46,41604,21662,0.6338452906935971,100,54,28099,29840,8899,5044,12605,14935,44395,34172,0,0,8598,7647,23548,2854,7392,928,584,0,0,1977,40985,1161,4139,0,0,0,0,0
790,6582,791.2261668722443,99813,155,77,137,46,41626,21677,0.6342159838898741,106,54,28153,29866,8881,5044,12566,14911,44408,34197,0,0,8576,7627,23555,2855,7406,931,591,0,0,1990,40985,1158,4139,0,0,0,0,0
791,6582,792.115648579389,99813,160,86,137,46,41649,21693,0.6346067145562201,110,47,28184,29912,8858,5030,12549,14877,44421,34221,0,0,8559,7608,23570,2852,7413,933,595,0,0,2003,40985,1156,4139,0,0,0,0,0
792,6582,793.0040882342447,99812,173,88,138,46,41676,21703,0.6349837694866348,104,43,28215,29953,8843,5020,12525,14848,44434,34245,0,0,8544,7588,23581,2849,7425,934,597,0,0,2011,40989,1155,4139,0,0,0,0,0
793,6582,794.3345524193925,99812,166,86,138,46,41700,21717,0.6353644852322367,120,47,28270,30010,8815,5011,12489,14798,44447,34269,0,0,8523,7564,23587,2853,7441,935,603,0,0,2029,40986,1152,4139,0,0,0,0,0
794,6582,795.2201079907976,99811,170,84,139,46,41731,21728,0.6357916462113394,109,51,28303,30046,8805,5010,12472,14761,44460,34293,0,0,8500,7547,23589,2848,7461,936,609,0,0,2043,40989,1151,4138,0,0,0,0,0
795,6582,796.1046983252086,99811,186,82,139,46,41762,21737,0.6361924036428851,100,55,28328,30097,8785,5001,12460,14717,44473,34317,0,0,8481,7529,23597,2851,7465,939,612,0,0,2055,40993,1148,4141,0,0,0,0,0
796,6582,797.4297326260238,99811,178,88,139,46,41791,21759,0.6367033693681057,108,56,28393,30167,8762,4993,12418,14648,44486,34341,0,0,8457,7507,23604,2850,7483,941,623,0,0,2072,40987,1145,4142,0,0,0,0,0
797,6582,798.3113605504734,99811,177,97,139,46,41822,21779,0.6372143350933264,98,45,28435,30208,8751,4988,12398,14614,44499,34365,0,0,8441,7485,23609,2851,7503,941,624,0,0,2089,40984,1142,4142,0,0,0,0,0
798,6582,799.191919200351,99811,173,102,139,46,41838,21794,0.6375249221027742,111,39,28457,30248,8739,4982,12379,14581,44511,34388,0,0,8424,7472,23615,2846,7513,944,626,0,0,2105,40983,1139,4144,0,0,0,0,0
799,6582,800.0714954366299,99811,176,101,139,46,41863,21799,0.6378254901764334,117,46,28488,30287,8717,4970,12361,14548,44523,34411,0,0,8408,7453,23622,2846,7527,946,627,0,0,2112,40991,1137,4142,0,0,0,0,0
800,6582,801.3889494108031,99811,180,97,139,46,41902,21813,0.6383564937732314,115,58,28532,30353,8691,4968,12341,14476,44535,34434,0,0,8385,7436,23618,2846,7547,948,632,0,0,2133,40987,1135,4144,0,0,0,0,0
801,6582,802.2660414358304,99811,171,87,139,46,41922,21822,0.638647042911102,114,59,28567,30388,8686,4971,12321,14447,44547,34457,0,0,8363,7411,23620,2854,7560,951,638,0,0,2148,40988,1133,4145,0,0,0,0,0
802,6582,803.142160321176,99811,176,88,139,46,41947,21832,0.6389977056637044,109,61,28598,30427,8668,4964,12308,14412,44559,34480,0,0,8345,7394,23627,2853,7569,953,640,0,0,2163,40989,1132,4146,0,0,0,0,0
803,6582,804.0173427929282,99810,176,97,140,46,41965,21856,0.6394249073239154,114,51,28634,30465,8654,4957,12280,14382,44571,34503,0,0,8326,7379,23632,2853,7581,954,640,0,0,2177,40992,1130,4146,0,0,0,0,0
804,6582,805.3279395678419,99810,171,89,140,46,41993,21868,0.6398256687706643,119,55,28692,30526,8642,4955,12234,14327,44583,34526,0,0,8310,7365,23626,2845,7610,956,644,0,0,2195,40984,1126,4149,0,0,0,0,0
805,6582,806.2002036464402,99810,177,88,140,46,42020,21884,0.6402564873259192,115,57,28727,30551,8626,4956,12213,14300,44595,34548,0,0,8289,7346,23635,2845,7622,958,652,0,0,2207,40984,1124,4148,0,0,0,0,0
806,6582,807.0714564998999,99810,181,96,140,46,42046,21901,0.6406873058811743,108,49,28760,30589,8615,4946,12194,14272,44607,34570,0,0,8270,7331,23637,2846,7636,959,654,0,0,2217,40990,1120,4150,0,0,0,0,0
807,6582,808.3762776117699,99810,180,92,140,46,42076,21915,0.6411281434725979,116,57,28818,30646,8592,4938,12152,14219,44619,34592,0,0,8250,7320,23634,2840,7657,963,660,0,0,2232,40987,1114,4153,0,0,0,0,0
808,6582,809.2447172354189,99809,190,95,141,46,42104,21928,0.6415453516215972,113,54,28847,30686,8568,4930,12139,14187,44631,34614,0,0,8237,7306,23637,2834,7675,964,662,0,0,2241,40989,1110,4154,0,0,0,0,0
809,6582,810.112117115538,99809,172,93,141,46,42121,21941,0.6418459257181216,123,48,28869,30730,8572,4928,12121,14153,44642,34636,0,0,8213,7293,23639,2836,7679,972,669,0,0,2262,40984,1107,4155,0,0,0,0,0
810,6582,811.411861793666,99808,178,91,142,46,42162,21961,0.642463529977557,112,42,28932,30799,8558,4937,12076,14083,44653,34658,0,0,8191,7282,23631,2832,7700,978,672,0,0,2282,40981,1105,4154,0,0,0,0,0
811,6582,812.2769002787992,99808,177,89,142,46,42181,21970,0.6427440686117345,114,46,28966,30827,8543,4932,12056,14058,44664,34680,0,0,8170,7263,23641,2832,7710,979,680,0,0,2292,40984,1103,4154,0,0,0,0,0
812,6582,813.1409275228621,99808,195,91,142,46,42219,21981,0.6432350112215454,99,41,28990,30874,8531,4925,12041,14021,44675,34702,0,0,8154,7242,23651,2834,7718,980,682,0,0,2305,40985,1101,4156,0,0,0,0,0
813,6582,814.0040852503574,99808,191,82,142,46,42241,21985,0.6434955113818531,101,48,29031,30921,8520,4918,12013,13983,44686,34723,0,0,8139,7225,23656,2833,7732,982,682,0,0,2323,40981,1099,4156,0,0,0,0,0
814,6582,815.296956279039,99808,180,82,142,46,42266,21998,0.6438762423853799,98,49,29086,30974,8509,4912,11983,13935,44697,34744,0,0,8119,7204,23657,2838,7743,987,689,0,0,2340,40977,1097,4157,0,0,0,0,0
815,6582,816.1575302860839,99808,187,80,142,46,42287,22010,0.6442068772042321,106,40,29119,31025,8475,4909,11969,13898,44708,34765,0,0,8105,7192,23657,2836,7756,989,687,0,0,2355,40978,1096,4157,0,0,0,0,0
816,6582,817.0170243022649,99808,188,87,142,46,42305,22023,0.6445174735492145,107,39,29128,31053,8474,4896,11959,13877,44719,34786,0,0,8091,7182,23661,2830,7769,990,689,0,0,2366,40978,1092,4160,0,0,0,0,0
817,6582,818.3051716044321,99808,192,87,142,46,42339,22037,0.6449983969220904,97,40,29190,31120,8460,4890,11917,13815,44730,34807,0,0,8074,7167,23659,2828,7787,993,693,0,0,2382,40974,1090,4161,0,0,0,0,0
818,6582,819.1625409845627,99808,190,84,142,46,42357,22050,0.6453089932670728,103,47,29213,31139,8447,4888,11903,13794,44741,34828,0,0,8053,7151,23659,2829,7802,995,698,0,0,2391,40980,1089,4161,0,0,0,0,0
819,6582,820.019189795769,99808,187,85,142,46,42380,22061,0.6456496473228599,99,50,29246,31165,8440,4885,11884,13767,44752,34849,0,0,8036,7136,23663,2824,7817,999,701,0,0,2401,40981,1089,4161,0,0,0,0,0
820,6582,821.3024908016555,99808,182,87,142,46,42409,22076,0.6460904937479961,95,50,29294,31232,8433,4870,11852,13713,44763,34870,0,0,8019,7118,23664,2828,7836,1000,703,0,0,2420,40975,1087,4158,0,0,0,0,0
821,6582,822.1568213261928,99808,183,92,142,46,42427,22088,0.6463910708560436,101,49,29342,31273,8415,4863,11815,13675,44774,34890,0,0,8004,7105,23671,2828,7842,1002,701,0,0,2433,40978,1084,4160,0,0,0,0,0
822,6582,823.0098408446745,99807,176,96,143,46,42440,22100,0.6466480306992496,109,50,29355,31300,8414,4860,11801,13646,44785,34910,0,0,7987,7094,23675,2826,7853,1005,701,0,0,2442,40982,1083,4159,0,0,0,0,0
823,6582,824.2882383003042,99807,183,88,143,46,42471,22111,0.6470688428667328,108,53,29402,31357,8396,4857,11766,13597,44795,34930,0,0,7971,7076,23672,2829,7867,1010,703,0,0,2456,40981,1083,4159,0,0,0,0,0
824,6582,825.1393300134838,99807,169,87,143,46,42482,22120,0.6472692296131534,118,54,29439,31399,8385,4844,11744,13568,44805,34950,0,0,7954,7061,23671,2834,7880,1011,703,0,0,2471,40983,1080,4159,0,0,0,0,0
825,6582,826.4141246469237,99806,172,86,144,46,42529,22142,0.6479670560888123,96,48,29507,31448,8376,4847,11703,13523,44815,34970,0,0,7941,7043,23667,2832,7897,1020,709,0,0,2494,40965,1076,4162,0,0,0,0,0
826,6582,827.2625028172163,99805,175,81,144,47,42553,22148,0.6482741345623967,97,60,29532,31485,8369,4839,11681,13486,44825,34990,0,0,7924,7030,23667,2831,7912,1021,712,0,0,2504,40967,1074,4163,0,0,0,0,0
827,6582,828.1100850705853,99805,174,78,144,47,42576,22157,0.6485947597815741,88,64,29572,31525,8359,4838,11661,13446,44835,35010,0,0,7915,7009,23674,2833,7924,1023,714,0,0,2521,40957,1071,4164,0,0,0,0,0
828,6582,829.3795592330263,99805,182,78,144,47,42611,22174,0.6491157757627374,88,58,29615,31586,8343,4833,11626,13396,44845,35030,0,0,7896,7000,23671,2832,7938,1026,716,0,0,2540,40953,1066,4167,0,0,0,0,0
829,6582,830.2247621854168,99805,179,89,144,47,42627,22186,0.6493963228295175,85,55,29653,31628,8328,4819,11609,13360,44855,35050,0,0,7885,6981,23680,2834,7946,1028,716,0,0,2547,40957,1065,4166,0,0,0,0,0
830,6582,831.0689206715208,99805,180,89,144,47,42644,22190,0.6496067331296027,84,64,29692,31664,8314,4808,11584,13326,44865,35069,0,0,7875,6968,23685,2832,7957,1029,714,0,0,2558,40957,1064,4166,0,0,0,0,0
831,6582,832.332873020769,99804,174,99,145,47,42677,22212,0.6501643220712596,78,60,29767,31716,8301,4799,11533,13277,44875,35088,0,0,7857,6950,23688,2834,7970,1032,721,0,0,2579,40945,1061,4167,0,0,0,0,0
832,6582,833.1738351534493,99804,172,101,145,47,42691,22226,0.6504448719490201,74,60,29804,31760,8292,4794,11511,13236,44885,35107,0,0,7845,6935,23693,2833,7979,1035,722,0,0,2591,40944,1059,4168,0,0,0,0,0
833,6582,834.0138927777334,99804,174,100,145,47,42708,22238,0.650735441465272,84,62,29823,31785,8269,4789,11503,13215,44895,35126,0,0,7832,6922,23695,2832,7987,1040,723,0,0,2603,40944,1058,4168,0,0,0,0,0
834,6582,835.2723572654313,99804,176,94,145,47,42740,22252,0.6511963448358783,90,65,29879,31838,8240,4784,11468,13170,44905,35145,0,0,7819,6905,23698,2832,8001,1044,723,0,0,2625,40933,1057,4167,0,0,0,0,0
835,6582,836.1100434543515,99804,176,91,145,47,42756,22266,0.6514969339906216,95,55,29902,31871,8227,4789,11453,13145,44915,35164,0,0,7800,6894,23700,2829,8010,1047,726,0,0,2641,40933,1056,4168,0,0,0,0,0
836,6582,837.3650883338568,99804,180,91,145,47,42792,22279,0.6519878962767023,100,56,29945,31929,8215,4780,11413,13095,44925,35183,0,0,7780,6881,23699,2829,8021,1052,731,0,0,2659,40929,1055,4168,0,0,0,0,0
837,6582,838.2007341889224,99804,183,95,145,47,42811,22294,0.6523285639854114,102,49,29978,31972,8196,4774,11394,13061,44934,35202,0,0,7764,6869,23704,2830,8025,1056,733,0,0,2673,40929,1054,4167,0,0,0,0,0
838,6582,839.0355510643359,99804,176,89,145,47,42824,22300,0.6525189371167488,109,51,30014,32012,8173,4768,11381,13031,44943,35221,0,0,7750,6852,23714,2828,8034,1058,738,0,0,2688,40923,1053,4166,0,0,0,0,0
839,6582,840.2858648142252,99804,181,87,145,47,42859,22316,0.6530299386798124,102,59,30078,32072,8157,4759,11335,12974,44952,35239,0,0,7736,6837,23714,2829,8047,1063,743,0,0,2705,40913,1050,4167,0,0,0,0,0
840,6582,841.1179130062226,99804,179,86,145,47,42889,22331,0.6534808224119274,88,58,30111,32107,8160,4761,11315,12939,44961,35257,0,0,7720,6821,23714,2832,8061,1066,748,0,0,2722,40906,1046,4168,0,0,0,0,0
841,6582,842.3646761858697,99804,173,94,145,47,42911,22351,0.653901647228568,104,53,30142,32168,8149,4759,11285,12877,44970,35275,0,0,7705,6800,23721,2837,8073,1069,754,0,0,2732,40904,1044,4165,0,0,0,0,0
842,6582,843.194955237014,99804,173,91,145,47,42933,22357,0.6541821971063284,107,57,30153,32191,8152,4757,11268,12855,44979,35293,0,0,7690,6785,23728,2836,8080,1072,757,0,0,2746,40902,1043,4165,0,0,0,0,0
843,6582,844.0247538896313,99804,168,90,145,47,42953,22366,0.6544727666225802,110,60,30187,32215,8142,4753,11246,12833,44988,35311,0,0,7673,6771,23729,2836,8096,1073,760,0,0,2755,40906,1040,4165,0,0,0,0,0
844,6582,845.2681031596788,99804,195,89,145,47,43003,22380,0.6551140234860326,89,67,30231,32277,8125,4746,11213,12772,44997,35329,0,0,7664,6754,23737,2834,8107,1077,760,0,0,2774,40895,1040,4162,0,0,0,0,0
845,6582,846.0958982310893,99804,196,87,145,47,43026,22395,0.6554947697487075,92,63,30231,32323,8124,4743,11210,12735,45006,35347,0,0,7646,6743,23735,2832,8123,1079,765,0,0,2788,40893,1038,4162,0,0,0,0,0
846,6582,847.3368725360574,99804,186,96,145,47,43050,22413,0.6559155945653481,100,63,30265,32383,8127,4727,11175,12682,45015,35365,0,0,7630,6732,23732,2830,8138,1083,767,0,0,2805,40889,1036,4162,0,0,0,0,0
847,6582,848.163458072439,99804,173,90,145,47,43059,22421,0.6560859284197026,108,66,30300,32417,8113,4725,11159,12653,45024,35383,0,0,7615,6721,23730,2824,8155,1085,770,0,0,2818,40888,1035,4163,0,0,0,0,0
848,6582,849.4019316981065,99804,179,95,145,47,43094,22447,0.6566971263676806,102,52,30354,32480,8098,4715,11120,12609,45033,35401,0,0,7597,6706,23732,2826,8169,1088,777,0,0,2838,40878,1032,4161,0,0,0,0,0
849,6582,850.2263725000124,99804,177,89,145,47,43115,22457,0.6570077351609154,105,52,30370,32528,8096,4711,11105,12571,45042,35418,0,0,7582,6688,23733,2831,8180,1091,781,0,0,2851,40876,1030,4161,0,0,0,0,0
850,6582,851.0503713626919,99804,182,84,145,47,43138,22463,0.6572983046771672,101,56,30415,32564,8080,4709,11075,12538,45051,35435,0,0,7568,6678,23735,2833,8189,1091,781,0,0,2868,40872,1026,4163,0,0,0,0,0
851,6582,852.284238790091,99804,175,93,145,47,43168,22483,0.6577992866017394,91,54,30485,32611,8071,4695,11031,12498,45060,35452,0,0,7558,6664,23734,2827,8207,1095,783,0,0,2891,40857,1025,4163,0,0,0,0,0
852,6582,853.1052454441202,99804,180,94,145,47,43189,22494,0.6581199150334656,94,50,30501,32646,8064,4688,11014,12473,45069,35469,0,0,7542,6651,23740,2824,8216,1097,789,0,0,2898,40859,1023,4165,0,0,0,0,0
853,6582,854.3357978627813,99804,177,101,145,47,43216,22512,0.6585707987655806,93,56,30541,32692,8063,4679,10979,12423,45078,35486,0,0,7529,6637,23746,2823,8223,1101,792,0,0,2921,40846,1021,4165,0,0,0,0,0
854,6582,855.1551983190781,99804,177,95,145,47,43234,22522,0.6588513486433409,96,53,30566,32722,8053,4686,10961,12395,45087,35503,0,0,7514,6628,23742,2820,8239,1103,794,0,0,2935,40844,1020,4165,0,0,0,0,0
855,6582,856.3828375778555,99804,179,94,145,47,43262,22538,0.6592922127369645,101,53,30616,32781,8036,4677,10921,12346,45095,35520,0,0,7498,6610,23749,2824,8246,1105,801,0,0,2956,40831,1020,4164,0,0,0,0,0
856,6582,857.2002292894653,99804,177,91,145,47,43285,22547,0.6596128411686907,101,55,30629,32825,8036,4669,10910,12311,45103,35537,0,0,7483,6602,23748,2821,8256,1108,804,0,0,2977,40822,1018,4165,0,0,0,0,0
857,6582,858.0171464838269,99804,174,100,145,47,43301,22562,0.6599234499619254,104,51,30660,32856,8015,4663,10900,12281,45111,35554,0,0,7468,6587,23755,2826,8262,1109,806,0,0,2986,40825,1016,4164,0,0,0,0,0
858,6582,859.2411037148208,99804,181,98,145,47,43336,22578,0.660434451524989,93,47,30713,32916,8004,4659,10862,12231,45119,35571,0,0,7456,6575,23757,2822,8278,1112,809,0,0,3006,40813,1013,4163,0,0,0,0,0
859,6582,860.0559427600955,99804,172,94,145,47,43359,22586,0.6607450603182237,95,57,30744,32939,8009,4660,10833,12201,45127,35588,0,0,7440,6570,23748,2818,8292,1117,812,0,0,3023,40808,1008,4168,0,0,0,0,0
860,6582,861.2767561343959,99804,168,101,145,47,43384,22604,0.6611759047733557,97,58,30801,32977,7992,4657,10795,12158,45135,35604,0,0,7423,6564,23746,2819,8304,1120,813,0,0,3040,40805,1004,4166,0,0,0,0,0
861,6582,862.0892996048902,99804,171,101,145,47,43407,22612,0.6614865135665905,96,61,30818,33002,7987,4648,10781,12139,45143,35620,0,0,7414,6549,23753,2817,8315,1122,815,0,0,3050,40800,1003,4166,0,0,0,0,0
862,6582,863.3069583504483,99804,176,107,145,47,43447,22629,0.6620576329606028,82,59,30863,33049,7987,4644,10745,12092,45151,35636,0,0,7399,6532,23753,2822,8331,1122,819,0,0,3067,40793,999,4167,0,0,0,0,0
863,6582,864.117862987953,99804,179,103,145,47,43466,22640,0.6623582221153461,88,56,30888,33082,7970,4644,10728,12066,45159,35652,0,0,7388,6518,23757,2822,8345,1123,821,0,0,3079,40789,998,4164,0,0,0,0,0
864,6582,865.3328819706109,99804,175,109,145,47,43490,22655,0.6627489880165124,97,57,30929,33135,7954,4635,10698,12015,45167,35668,0,0,7372,6508,23759,2820,8354,1126,826,0,0,3095,40782,996,4166,0,0,0,0,0
865,6582,866.1419780554966,99804,173,111,145,47,43510,22666,0.6630595968097471,93,55,30957,33162,7947,4633,10683,11990,45175,35684,0,0,7353,6498,23754,2822,8367,1128,829,0,0,3103,40790,995,4165,0,0,0,0,0
866,6582,867.35417987726,99803,172,114,146,47,43538,22684,0.6635271484825106,100,59,31009,33202,7937,4630,10634,11946,45183,35700,0,0,7341,6481,23755,2823,8380,1131,831,0,0,3121,40782,995,4163,0,0,0,0,0
867,6582,868.1611509632712,99803,165,105,146,47,43558,22691,0.6637976814324219,101,60,31039,33223,7938,4639,10609,11924,45191,35716,0,0,7330,6458,23760,2831,8392,1133,835,0,0,3135,40774,994,4161,0,0,0,0,0
868,6582,869.3702891381399,99803,155,98,146,47,43584,22708,0.6642285302045029,106,64,31070,33268,7946,4644,10575,11877,45199,35732,0,0,7315,6447,23758,2830,8405,1137,841,0,0,3168,40750,990,4162,0,0,0,0,0
869,6582,870.1757205206943,99803,159,98,146,47,43603,22722,0.6645591815877279,107,55,31090,33311,7932,4638,10564,11849,45207,35748,0,0,7307,6434,23762,2826,8420,1137,843,0,0,3183,40741,988,4162,0,0,0,0,0
870,6582,871.3827654295707,99803,163,94,146,47,43632,22738,0.66501006983758,99,49,31143,33351,7920,4643,10527,11814,45215,35764,0,0,7290,6424,23759,2830,8430,1139,844,0,0,3208,40731,986,4162,0,0,0,0,0
871,6582,872.1863488938051,99803,155,91,146,47,43649,22745,0.6652505435708346,106,47,31171,33390,7920,4641,10500,11782,45223,35780,0,0,7278,6415,23752,2829,8444,1144,844,0,0,3219,40732,983,4163,0,0,0,0,0
872,6582,873.3904456488291,99803,164,92,146,47,43690,22762,0.6658316884261997,86,45,31214,33436,7917,4640,10471,11738,45231,35795,0,0,7266,6403,23751,2829,8456,1149,846,0,0,3238,40721,980,4164,0,0,0,0,0
873,6582,874.1924273242597,99803,158,88,146,47,43703,22770,0.6660421029427973,94,51,31233,33464,7914,4633,10453,11715,45239,35810,0,0,7257,6391,23756,2825,8469,1149,847,0,0,3255,40711,978,4165,0,0,0,0,0
874,6582,875.3941597049496,99803,169,84,146,47,43743,22783,0.6665731491037343,80,52,31276,33507,7901,4636,10426,11672,45247,35825,0,0,7241,6381,23751,2825,8485,1151,852,0,0,3275,40701,977,4164,0,0,0,0,0
875,6582,876.1945988788166,99802,163,81,147,47,43760,22794,0.6668603835594477,83,47,31299,33547,7899,4628,10407,11648,45254,35840,0,0,7227,6370,23748,2827,8495,1154,856,0,0,3289,40695,975,4166,0,0,0,0,0
876,6582,877.394006242532,99801,164,83,148,47,43785,22807,0.6672478231681045,91,47,31337,33587,7880,4622,10378,11612,45261,35855,0,0,7212,6359,23747,2831,8502,1156,857,0,0,3306,40690,974,4167,0,0,0,0,0
877,6582,878.1927845430868,99801,168,86,148,47,43801,22819,0.6675283814791435,100,51,31379,33611,7855,4613,10348,11590,45268,35870,0,0,7199,6350,23745,2832,8513,1157,859,0,0,3311,40696,971,4168,0,0,0,0,0
878,6582,879.3889205430786,99801,171,94,148,47,43832,22837,0.6680193585234617,100,43,31420,33659,7840,4609,10319,11546,45275,35885,0,0,7187,6340,23736,2833,8529,1161,859,0,0,3323,40696,970,4167,0,0,0,0,0
879,6582,880.1854151903771,99801,166,92,148,47,43851,22846,0.6682999168345006,107,43,31438,33687,7836,4607,10303,11522,45282,35900,0,0,7176,6328,23733,2836,8543,1163,859,0,0,3336,40694,967,4166,0,0,0,0,0
880,6582,881.3792509740015,99801,188,84,148,47,43895,22854,0.6688209536978588,88,50,31463,33726,7826,4604,10285,11487,45289,35915,0,0,7163,6322,23728,2831,8562,1164,860,0,0,3354,40687,966,4164,0,0,0,0,0
881,6582,882.1745281377199,99801,187,83,148,47,43911,22860,0.6690413923708179,96,49,31484,33763,7816,4590,10267,11466,45296,35930,0,0,7153,6309,23733,2832,8569,1166,862,0,0,3363,40685,964,4165,0,0,0,0,0
882,6582,883.3664202930476,99801,174,91,148,47,43937,22877,0.6694722497770563,99,42,31519,33806,7817,4587,10241,11425,45303,35945,0,0,7141,6300,23725,2830,8594,1168,864,0,0,3376,40677,962,4164,0,0,0,0,0
883,6582,884.1603404226125,99801,175,92,148,47,43954,22882,0.6696926884500155,103,50,31542,33837,7804,4568,10226,11404,45310,35960,0,0,7132,6288,23729,2828,8604,1170,865,0,0,3381,40678,962,4164,0,0,0,0,0
884,6582,885.3499941910469,99801,172,98,148,47,43987,22899,0.6701936854340137,86,44,31589,33887,7799,4558,10204,11364,45317,35974,0,0,7119,6276,23723,2835,8617,1174,864,0,0,3398,40673,960,4162,0,0,0,0,0
885,6582,886.1422548710187,99801,176,102,148,47,44016,22910,0.6705944830212122,79,40,31604,33927,7804,4554,10187,11328,45324,35988,0,0,7109,6267,23721,2833,8630,1177,866,0,0,3410,40668,958,4162,0,0,0,0,0
886,6582,887.329917490886,99801,177,103,148,47,44040,22926,0.6709952806084107,79,36,31633,33967,7798,4552,10163,11293,45331,36002,0,0,7093,6257,23722,2829,8646,1177,875,0,0,3426,40658,958,4160,0,0,0,0,0
887,6582,888.1210190697611,99801,174,88,148,47,44055,22929,0.67117563952265,86,39,31654,34000,7783,4555,10153,11269,45338,36016,0,0,7086,6244,23722,2825,8664,1179,877,0,0,3440,40648,958,4158,0,0,0,0,0
888,6582,889.3068826622143,99801,178,89,148,47,44082,22942,0.6715764371098486,87,49,31676,34057,7773,4536,10136,11220,45345,36030,0,0,7072,6238,23721,2825,8672,1183,880,0,0,3454,40642,955,4159,0,0,0,0,0
889,6582,890.0968722558762,99801,177,83,148,47,44101,22952,0.6718670153605675,90,52,31700,34079,7762,4534,10121,11203,45352,36044,0,0,7060,6233,23719,2823,8683,1183,880,0,0,3478,40629,952,4161,0,0,0,0,0
890,6582,891.2806866324565,99801,183,86,148,47,44126,22967,0.672267812947766,84,49,31750,34138,7743,4533,10090,11145,45359,36058,0,0,7050,6223,23720,2821,8694,1186,882,0,0,3489,40625,949,4162,0,0,0,0,0
891,6582,892.0687930937409,99801,193,90,148,47,44150,22978,0.6726185108365648,77,42,31778,34179,7731,4521,10071,11119,45366,36072,0,0,7039,6214,23725,2820,8699,1188,885,0,0,3497,40624,945,4165,0,0,0,0,0
892,6582,893.2496812262165,99801,183,88,148,47,44175,22990,0.6729892486047234,77,51,31830,34227,7725,4514,10035,11071,45373,36086,0,0,7025,6203,23714,2825,8715,1192,887,0,0,3515,40618,942,4165,0,0,0,0,0
893,6582,894.0359036204113,99801,173,86,148,47,44189,22997,0.6731996673380026,83,50,31860,34268,7728,4507,10006,11040,45380,36100,0,0,7013,6195,23711,2822,8727,1194,890,0,0,3531,40611,940,4167,0,0,0,0,0
894,6582,895.2141479855397,99800,170,89,149,47,44213,23012,0.6735971943887775,81,53,31915,34306,7704,4496,9979,11007,45387,36114,0,0,7000,6186,23708,2820,8738,1200,894,0,0,3542,40607,939,4166,0,0,0,0,0
895,6582,896.390390964769,99800,183,93,149,47,44244,23028,0.6740681362725451,83,48,31939,34358,7694,4484,9950,10968,45394,36128,0,0,6982,6180,23703,2820,8750,1202,896,0,0,3552,40612,939,4164,0,0,0,0,0
896,6582,897.1737610221502,99800,179,96,149,47,44258,23039,0.6743186372745491,88,46,31971,34390,7681,4477,9930,10942,45401,36142,0,0,6969,6171,23706,2817,8756,1207,899,0,0,3560,40613,939,4163,0,0,0,0,0
897,6582,898.347632089232,99800,190,108,149,47,44295,23062,0.6749198396793588,81,33,32015,34432,7669,4465,9894,10913,45408,36156,0,0,6962,6157,23710,2817,8763,1213,900,0,0,3576,40602,938,4162,0,0,0,0,0
898,6582,899.1292123522953,99800,190,100,149,47,44315,23066,0.6751603206412826,73,42,32045,34453,7665,4468,9876,10888,45414,36169,0,0,6952,6146,23711,2822,8769,1216,902,0,0,3589,40597,933,4163,0,0,0,0,0
899,6582,900.300419764955,99800,193,89,149,47,44334,23073,0.6754208416833667,94,71,32063,34474,7657,4472,9842,10845,45414,36169,0,0,6951,6141,23707,2827,8780,1216,903,0,0,3603,40581,932,4159,0,0,0,0,0
900,6582,900.300419764955,99800,183,98,149,47,44339,23084,0.6755811623246493,98,65,32079,34488,7661,4466,9828,10834,45414,36169,0,0,6950,6140,23701,2827,8787,1218,903,1,4,3602,40577,932,4158,0,0,0,0,0
901,6582,901.0803864266766,99800,179,102,149,47,44366,23096,0.6759719438877756,90,67,32107,34525,7675,4457,9798,10800,45414,36169,0,0,6946,6137,23693,2831,8799,1218,902,5,21,3601,40560,931,4156,0,0,0,0,0
902,6582,902.2491591781946,99798,167,103,150,48,44389,23112,0.6763762800857732,100,67,32152,34574,7673,4457,9756,10749,45414,36169,0,0,6944,6130,23684,2833,8816,1219,902,7,40,3601,40540,930,4152,0,0,0,0,0
903,6582,903.0274696297625,99798,184,106,150,48,44416,23127,0.6767971302030101,94,62,32176,34594,7658,4463,9736,10725,45414,36169,0,0,6943,6128,23678,2835,8824,1219,902,8,49,3600,40531,929,4152,0,0,0,0,0
904,6582,904.1934059775052,99798,167,105,150,48,44443,23147,0.6772680815246799,123,61,32225,34643,7651,4464,9682,10677,45414,36169,0,0,6935,6121,23669,2843,8836,1224,902,16,75,3598,40505,927,4147,0,0,0,0,0
905,6582,905.357636344315,99798,180,110,150,48,44481,23163,0.6778091745325557,123,62,32265,34686,7643,4460,9637,10632,45414,36169,0,0,6931,6119,23657,2845,8848,1225,902,20,91,3598,40489,927,4146,0,0,0,0,0
906,6582,906.1328366937859,99798,189,108,150,48,44507,23171,0.6781498627226998,124,60,32307,34719,7635,4455,9593,10608,45414,36169,0,0,6929,6117,23652,2847,8854,1226,902,22,105,3598,40475,926,4145,0,0,0,0,0
907,6582,907.2938403335694,99798,189,108,150,48,44532,23190,0.6785907533217098,143,62,32335,34761,7623,4456,9558,10563,45414,36169,0,0,6923,6116,23641,2846,8869,1228,902,28,123,3596,40457,926,4143,0,0,0,0,0
908,6582,908.0670669739226,99798,192,116,150,48,44553,23208,0.6789815427162869,161,58,32360,34792,7616,4453,9519,10531,45414,36169,0,0,6919,6114,23630,2848,8881,1229,902,32,131,3594,40449,926,4143,0,0,0,0,0
909,6582,909.2256830283802,99798,205,120,150,48,44601,23225,0.6796328583739153,155,70,32386,34819,7622,4454,9480,10487,45414,36169,0,0,6914,6110,23616,2851,8897,1232,902,37,148,3594,40432,926,4139,0,0,0,0,0
910,6582,910.3829018071269,99798,212,120,150,48,44646,23246,0.6802941942724303,147,78,32436,34860,7623,4457,9430,10435,45414,36169,0,0,6907,6103,23601,2856,8916,1233,901,44,171,3593,40409,926,4138,0,0,0,0,0
911,6582,911.1534931619457,99797,214,122,151,48,44672,23258,0.6806817840215638,144,83,32470,34889,7616,4451,9403,10405,45414,36169,0,0,6904,6096,23598,2865,8921,1235,901,47,182,3591,40398,924,4135,0,0,0,0,0
912,6582,912.3078226676363,99797,223,131,151,48,44717,23278,0.6813331062055974,140,87,32507,34941,7618,4436,9359,10355,45414,36169,0,0,6897,6089,23588,2873,8934,1237,900,54,197,3589,40383,924,4132,0,0,0,0,0
913,6582,913.076548364286,99797,223,138,151,48,44743,23295,0.6817639808811888,143,86,32527,34973,7623,4436,9331,10317,45414,36169,0,0,6894,6085,23580,2879,8940,1239,899,57,213,3589,40367,923,4132,0,0,0,0,0
914,6582,914.2286012259556,99797,229,141,151,48,44785,23321,0.6824453640891008,147,90,32567,35005,7628,4448,9276,10266,45414,36169,0,0,6888,6082,23565,2881,8958,1242,899,63,239,3587,40341,923,4129,0,0,0,0,0
915,6582,915.3790121709942,99796,248,152,151,49,44843,23354,0.6833640626878833,140,83,32594,35047,7627,4448,9238,10219,45414,36169,0,0,6880,6078,23552,2882,8981,1245,899,71,258,3586,40321,923,4120,0,0,0,0,0
916,6582,916.1453055688812,99796,238,150,151,49,44865,23371,0.683754859914225,145,89,32614,35057,7633,4457,9217,10196,45414,36169,0,0,6876,6073,23539,2887,8997,1246,899,75,281,3583,40298,922,4120,0,0,0,0,0
917,6582,917.2939925928007,99796,237,154,151,49,44908,23398,0.6844562908333,146,94,32634,35097,7638,4455,9192,10149,45414,36169,0,0,6867,6070,23526,2889,9014,1250,899,84,307,3580,40272,919,4119,0,0,0,0,0
918,6582,918.059255893235,99796,236,160,151,49,44941,23414,0.6849472924766524,144,97,32658,35130,7654,4448,9155,10114,45414,36169,0,0,6862,6069,23514,2892,9030,1250,897,89,325,3580,40254,917,4117,0,0,0,0,0
919,6582,919.2062292022507,99796,231,170,151,49,44977,23443,0.6855986211872219,150,90,32696,35171,7656,4449,9114,10069,45414,36169,0,0,6855,6063,23501,2895,9048,1253,896,96,347,3578,40232,917,4115,0,0,0,0,0
920,6582,920.3518210766659,99796,230,174,151,49,45016,23470,0.6862599703394926,163,94,32720,35205,7660,4454,9074,10022,45414,36169,0,0,6848,6058,23487,2903,9065,1256,895,103,370,3576,40209,915,4111,0,0,0,0,0
921,6582,921.1149301016709,99796,242,172,151,49,45056,23486,0.6868211150747525,147,98,32748,35233,7665,4458,9045,9988,45414,36169,0,0,6841,6053,23474,2907,9077,1260,895,110,384,3576,40195,915,4109,0,0,0,0,0
922,6582,922.2585446847256,99796,250,176,151,49,45098,23515,0.6875325664355285,144,94,32787,35275,7655,4455,9011,9949,45414,36169,0,0,6838,6047,23466,2911,9087,1265,895,113,413,3573,40166,914,4108,0,0,0,0,0
923,6582,923.0201401396237,99796,249,174,151,49,45123,23536,0.6879935067537777,158,93,32803,35301,7660,4459,8977,9922,45414,36169,0,0,6834,6041,23462,2917,9089,1273,895,116,432,3571,40146,914,4106,0,0,0,0,0
924,6582,924.1615761006332,99796,244,173,151,49,45157,23567,0.6886448354643473,178,102,32825,35336,7669,4466,8931,9872,45414,36169,0,0,6831,6035,23444,2921,9108,1277,895,119,465,3571,40113,912,4105,0,0,0,0,0
925,6582,925.3020100265519,99795,259,179,152,49,45206,23596,0.6894333383436044,171,91,32874,35366,7657,4476,8885,9837,45414,36169,0,0,6823,6031,23434,2926,9121,1280,892,127,485,3570,40092,911,4103,0,0,0,0,0
926,6582,926.061436041169,99794,278,182,153,49,45251,23621,0.6901416918852837,171,89,32881,35372,7657,4485,8858,9821,45414,36169,0,0,6817,6028,23416,2929,9141,1280,892,133,503,3568,40074,911,4102,0,0,0,0,0
927,6582,927.1996071205754,99794,281,187,153,49,45296,23651,0.6908932400745535,177,89,32894,35392,7672,4494,8821,9787,45414,36169,0,0,6809,6022,23407,2933,9159,1282,892,141,533,3564,40043,911,4098,0,0,0,0,0
928,6582,928.3372012340838,99794,282,186,153,49,45341,23681,0.6916447882638235,198,95,32913,35418,7683,4507,8769,9743,45414,36169,0,0,6804,6019,23396,2933,9177,1288,892,146,567,3561,40007,910,4094,0,0,0,0,0
929,6582,929.0951588212673,99794,305,184,153,49,45392,23699,0.6923362125979518,190,106,32926,35425,7681,4516,8743,9718,45414,36169,0,0,6802,6014,23387,2936,9190,1291,891,148,586,3558,39988,910,4093,0,0,0,0,0
930,6582,930.2310732239514,99794,308,196,153,49,45447,23732,0.6932180291400285,198,110,32951,35444,7697,4520,8691,9679,45414,36169,1,1,6793,6005,23371,2943,9208,1295,891,157,613,3557,39960,908,4091,0,0,1,0,1
931,6582,931.3658676570815,99794,307,197,153,49,45497,23766,0.6940597631120108,223,108,32965,35463,7706,4536,8644,9645,45414,36169,2,2,6787,5995,23350,2951,9229,1302,891,163,644,3555,39927,908,4088,0,0,1,0,3
932,6582,932.1218443761999,99794,323,191,153,49,45543,23781,0.6946710223059502,228,118,32976,35482,7700,4543,8618,9615,45414,36169,3,3,6781,5988,23336,2959,9240,1307,891,168,660,3553,39910,908,4088,0,0,2,0,3
933,6582,933.2552329693192,99794,324,189,153,49,45594,23812,0.6954927149928853,243,113,32997,35528,7700,4555,8581,9564,45414,36169,4,4,6774,5979,23315,2968,9261,1315,891,175,687,3549,39881,906,4086,0,0,3,0,4
934,6582,934.0103870928367,99794,339,179,153,49,45636,23825,0.6960438503316833,248,114,33001,35546,7702,4565,8555,9545,45414,36169,6,5,6770,5976,23301,2970,9276,1317,891,179,710,3549,39857,906,4082,0,0,6,0,4
935,6582,935.1425705874278,99794,352,181,153,49,45704,23861,0.6970859971541375,261,119,33007,35579,7713,4568,8512,9502,45414,36169,9,6,6761,5970,23278,2973,9305,1321,891,188,747,3545,39817,906,4078,0,1,6,0,7
936,6582,936.2741472353945,99793,379,191,154,49,45786,23893,0.6982353471686391,260,130,33012,35590,7733,4581,8460,9457,45414,36169,12,8,6758,5962,23260,2982,9323,1325,889,191,782,3544,39778,905,4075,0,2,7,0,10
937,6582,937.028090996857,99793,399,195,154,49,45841,23909,0.6989468199172286,261,137,33009,35600,7743,4583,8432,9434,45414,36169,16,10,6753,5954,23250,2988,9336,1327,889,196,799,3542,39759,905,4070,0,2,11,0,12
938,6582,938.158884185458,99792,397,215,155,49,45914,23950,0.7000962000962001,255,136,33013,35615,7782,4587,8396,9396,45414,36169,21,12,6748,5946,23225,2996,9362,1335,888,200,837,3537,39717,904,4066,0,2,13,0,16
939,6582,939.2893446516729,99791,414,218,156,49,45990,23984,0.7012055195358299,267,139,32999,35646,7808,4585,8354,9361,45414,36169,27,15,6740,5940,23197,3003,9389,1341,887,207,871,3536,39677,902,4062,1,2,15,0,21
940,6582,940.0430475454339,99791,416,225,156,49,46035,24007,0.7018869437123588,276,150,32995,35643,7822,4585,8333,9346,45414,36169,34,18,6735,5934,23185,3006,9401,1346,887,212,897,3535,39645,901,4059,1,2,18,0,27
941,6582,941.1734240145538,99791,422,239,156,49,46104,24050,0.7030092894148771,281,143,33011,35660,7843,4596,8285,9311,45414,36169,42,21,6725,5927,23161,3010,9425,1353,887,222,935,3532,39602,901,4053,3,3,20,0,32
942,6582,942.3032147461463,99790,439,220,156,50,46179,24080,0.7040685439422788,292,157,33002,35677,7859,4617,8250,9277,45414,36169,51,25,6717,5921,23135,3015,9450,1362,886,230,983,3529,39544,900,4050,3,3,22,0,40
943,6582,943.0562799602329,99790,446,228,156,50,46230,24115,0.7049303537428601,298,149,32993,35678,7878,4629,8227,9264,45414,36169,62,29,6710,5919,23123,3018,9457,1369,886,236,1023,3526,39495,899,4047,4,6,23,0,49
944,6582,944.1861888273298,99790,459,231,156,50,46316,24151,0.7061529211343822,295,168,32984,35688,7916,4640,8188,9221,45414,36169,74,34,6701,5911,23095,3023,9481,1381,885,245,1061,3523,39446,899,4042,4,7,27,1,58
945,6582,945.3160383657887,99790,481,242,156,50,46407,24199,0.7075458462771821,282,172,32979,35691,7951,4653,8149,9190,45414,36169,88,39,6697,5900,23065,3032,9506,1390,885,249,1109,3520,39388,899,4035,6,8,32,1,68
946,6582,946.0692473483888,99790,457,250,156,50,46445,24234,0.7082773825032569,290,159,32977,35696,7992,4671,8126,9172,45414,36169,103,45,6691,5892,23039,3040,9530,1399,884,254,1140,3515,39345,897,4032,9,8,35,1,79
947,6582,947.1993684626651,99790,480,272,156,50,46539,24290,0.7097805391321775,286,146,32962,35696,8027,4686,8087,9148,45414,36169,120,51,6680,5884,23009,3051,9558,1405,882,265,1180,3511,39292,894,4025,11,9,43,1,90
948,6582,948.3295879659115,99789,476,268,156,51,46620,24325,0.7109501047209612,293,154,32955,35696,8078,4699,8040,9130,45414,36169,139,57,6673,5873,22971,3061,9604,1411,880,271,1222,3504,39236,891,4015,13,11,49,2,102
949,6582,949.0831651701827,99788,488,263,156,52,46677,24357,0.7118491201346855,304,147,32945,35702,8092,4723,8013,9111,45414,36169,159,64,6667,5870,22947,3065,9613,1426,878,277,1252,3501,39190,890,4011,15,13,55,3,115
950,6582,950.2137504566464,99788,493,272,156,52,46756,24405,0.7131218182547,306,143,32926,35711,8134,4737,7983,9083,45414,36169,181,71,6656,5861,22921,3073,9642,1433,878,288,1300,3496,39122,888,4003,16,14,62,3,132
951,6582,951.3446994491567,99788,495,269,156,52,46847,24449,0.7144746863350303,303,141,32917,35724,8175,4762,7952,9050,45414,36169,205,79,6643,5849,22881,3086,9674,1444,877,300,1356,3490,39051,886,3996,18,15,73,3,146
952,6582,952.098847025406,99788,494,272,156,52,46905,24479,0.7153565558985048,306,148,32900,35720,8206,4774,7936,9032,45414,36169,231,88,6636,5842,22849,3087,9700,1454,877,307,1385,3484,39004,885,3992,19,15,85,3,164
953,6582,953.2306286383314,99787,487,264,157,52,46994,24517,0.7166364356078447,291,166,32902,35709,8265,4795,7896,9012,45414,36169,259,97,6627,5829,22802,3100,9743,1465,874,314,1437,3479,38930,884,3985,20,16,95,3,184
954,6582,954.3627423932325,99786,484,269,158,52,47073,24572,0.7179864910909346,303,175,32921,35686,8298,4818,7834,8998,45414,36169,289,107,6620,5818,22765,3113,9773,1477,871,321,1494,3472,38853,881,3975,23,20,103,3,204
955,6582,955.1169631460544,99786,482,276,158,52,47118,24606,0.7187781853165774,321,181,32901,35665,8320,4824,7816,9000,45414,36169,321,117,6607,5814,22744,3118,9787,1487,870,334,1516,3464,38805,879,3971,25,22,112,3,228
956,6582,956.2485865028941,99786,488,292,158,52,47205,24661,0.7202012306335558,332,179,32886,35649,8361,4844,7773,8982,45414,36169,355,128,6599,5805,22700,3121,9822,1499,870,342,1562,3457,38735,879,3964,29,23,125,3,251
957,6582,957.0030539707658,99786,489,292,158,52,47259,24695,0.7210831178722467,335,170,32885,35639,8373,4862,7758,8983,45414,36169,392,139,6593,5799,22660,3128,9847,1509,868,348,1592,3451,38679,878,3960,31,27,137,4,275
958,6582,958.1350506863719,99786,491,292,158,52,47354,24746,0.7225462489728018,352,180,32855,35622,8417,4883,7725,8969,45414,36169,431,151,6580,5789,22608,3141,9874,1527,866,361,1650,3445,38601,876,3950,34,30,156,5,293
959,6582,959.2677047078702,99785,518,284,159,52,47461,24796,0.7241268727764694,357,177,32822,35608,8457,4910,7685,8967,45414,36169,472,163,6565,5780,22565,3147,9905,1543,866,376,1704,3436,38512,876,3945,35,32,166,5,327
960,6582,960.0232714074531,99785,520,291,159,52,47509,24830,0.7249486395750865,369,184,32816,35582,8477,4919,7657,8970,45414,36169,515,176,6558,5770,22536,3156,9917,1552,866,383,1733,3432,38454,875,3938,42,33,179,6,355
961,6582,961.1565745030418,99785,520,298,159,52,47595,24891,0.7264218068848023,381,181,32793,35567,8516,4945,7629,8955,45414,36169,560,190,6545,5766,22485,3164,9949,1564,863,396,1792,3428,38360,873,3930,44,35,197,9,385
962,6582,962.2905180945112,99785,523,293,159,52,47682,24942,0.7278047802775969,398,172,32771,35549,8554,4978,7593,8954,45414,36169,608,204,6535,5754,22444,3179,9975,1579,862,406,1853,3423,38260,868,3922,46,38,208,10,423
963,6582,963.046920550762,99785,528,287,159,52,47759,24977,0.7289271934659518,390,169,32761,35514,8593,5004,7567,8972,45414,36169,658,219,6522,5744,22396,3182,10013,1585,861,419,1892,3418,38186,868,3914,49,40,229,11,456
964,6582,964.1819517809291,99785,570,294,159,52,47875,25022,0.730540662424212,381,171,32724,35497,8631,5017,7533,8967,45414,36169,710,235,6515,5732,22361,3193,10021,1605,861,426,1938,3409,38104,867,3906,52,46,248,12,489
965,6582,965.3176799124917,99785,602,308,159,52,47998,25081,0.7323645838552889,361,156,32689,35487,8680,5025,7507,8970,45414,36169,765,251,6510,5720,22309,3202,10055,1622,859,431,1990,3399,38019,867,3895,55,52,269,15,516
966,6582,966.0754078259379,99784,621,301,160,52,48063,25119,0.7334041529704161,379,151,32665,35466,8682,5042,7491,8986,45414,36169,822,268,6506,5711,22272,3208,10075,1631,859,435,2027,3395,37935,865,3889,57,54,288,18,559
967,6582,967.2126168249869,99784,644,282,160,52,48179,25153,0.7349073999839654,391,181,32619,35437,8727,5066,7457,8980,45414,36169,881,285,6497,5702,22221,3218,10105,1646,857,444,2090,3385,37832,863,3880,59,60,308,23,594
968,6582,968.3510237756605,99783,650,288,161,52,48290,25209,0.7365883968211018,397,173,32580,35424,8780,5081,7430,8980,45414,36169,942,303,6475,5694,22172,3225,10138,1663,856,465,2145,3374,37733,861,3867,63,64,330,25,633
969,6582,969.1107252392954,99783,652,298,161,52,48370,25246,0.7377609412424962,402,172,32544,35389,8825,5085,7414,9002,45414,36169,1006,322,6465,5687,22129,3229,10162,1677,855,474,2181,3364,37652,861,3858,68,68,351,29,673
970,6582,970.2514487187124,99782,643,315,162,52,48478,25298,0.7393718305906877,422,189,32503,35339,8887,5093,7381,9010,45414,36169,1072,341,6450,5673,22071,3243,10190,1699,854,488,2233,3356,37555,860,3843,74,72,374,31,716
971,6582,971.0124120046355,99782,660,316,162,52,48554,25333,0.7404842556773766,419,211,32485,35275,8902,5101,7370,9043,45414,36169,1140,361,6443,5668,22023,3246,10204,1716,852,495,2268,3349,37478,859,3836,80,74,402,35,754
972,6582,972.1545200403048,99781,641,324,162,53,48676,25392,0.742305649372125,412,217,32456,35234,8997,5122,7330,9048,45414,36169,1210,382,6429,5647,21965,3266,10239,1738,850,506,2337,3343,37349,855,3827,83,76,423,39,809
973,6582,973.2978837036609,99781,664,330,162,53,48795,25459,0.7441697317124503,400,205,32423,35184,9044,5156,7305,9070,45414,36169,1282,403,6410,5636,21908,3278,10268,1758,848,524,2392,3336,37238,853,3818,87,80,446,42,859
974,6582,974.0605914967264,99781,647,335,162,53,48861,25500,0.7452420801555406,416,204,32373,35141,9094,5162,7306,9103,45414,36169,1356,425,6389,5628,21855,3281,10289,1779,848,545,2425,3324,37159,852,3806,88,90,476,44,903
975,6582,975.2065552482015,99781,672,313,162,53,48995,25544,0.7470259869113358,417,215,32300,35095,9155,5197,7292,9125,45414,36169,1432,448,6376,5613,21791,3293,10322,1806,847,558,2488,3319,37037,851,3793,90,93,500,48,956
976,6582,976.3547569233327,99779,671,319,164,53,49108,25597,0.7487046372483188,433,219,32248,35045,9216,5207,7266,9155,45414,36169,1510,471,6366,5600,21720,3304,10355,1829,846,567,2544,3314,36923,850,3782,93,96,529,51,1010
977,6582,977.1211881349492,99779,683,321,164,53,49191,25641,0.7499774501648644,427,209,32226,34991,9240,5221,7258,9203,45414,36169,1590,495,6358,5583,21672,3319,10377,1847,846,575,2578,3305,36827,850,3772,96,102,552,56,1064
978,6582,978.2718493208328,99779,702,331,164,53,49326,25698,0.7519017027631064,414,214,32198,34923,9300,5240,7220,9237,45414,36169,1672,519,6347,5571,21617,3331,10406,1874,844,585,2636,3288,36710,847,3761,101,112,572,59,1118
979,6582,979.0393965215972,99778,699,348,165,53,49407,25741,0.7531519974343042,405,219,32183,34872,9344,5236,7202,9270,45414,36169,1756,544,6338,5560,21567,3335,10426,1887,842,593,2679,3281,36611,845,3752,108,116,606,60,1172
980,6582,980.1917062870654,99778,700,348,165,53,49528,25797,0.7549259355769808,412,229,32138,34809,9413,5263,7170,9296,45414,36169,1841,570,6325,5542,21494,3356,10465,1907,840,605,2738,3274,36487,841,3739,115,118,637,63,1232
981,6582,981.3452848351412,99778,708,350,165,53,49652,25866,0.7568602297099561,415,240,32088,34740,9469,5300,7153,9315,45414,36169,1928,596,6305,5529,21421,3372,10512,1930,837,623,2790,3268,36363,839,3725,122,119,659,71,1293
982,6582,982.1150666763021,99778,696,349,165,53,49733,25912,0.7581330553829502,414,237,32057,34679,9511,5321,7155,9359,45414,36169,2017,623,6289,5514,21354,3386,10535,1952,837,638,2829,3261,36259,836,3720,124,122,695,76,1351
983,6582,983.271427737367,99778,704,369,165,53,49856,25989,0.7601375052616809,400,243,32028,34615,9563,5334,7138,9384,45414,36169,2107,651,6274,5504,21289,3396,10577,1973,837,652,2885,3247,36131,833,3705,128,130,720,88,1409
984,6582,984.0427419497503,99778,707,373,165,53,49934,26031,0.7613401751889194,398,249,32005,34553,9595,5343,7128,9427,45414,36169,2199,679,6260,5493,21238,3404,10588,1993,836,666,2927,3238,36027,833,3695,132,138,752,92,1466
985,6582,985.2009520719159,99778,745,371,165,53,50074,26095,0.7633847140652248,400,256,31939,34469,9643,5376,7106,9473,45414,36169,2292,708,6250,5478,21156,3413,10633,2017,835,676,2981,3230,35908,832,3684,137,141,787,96,1524
986,6582,986.3608404904116,99777,763,384,166,53,50202,26175,0.7654770137406416,423,256,31882,34393,9673,5404,7091,9508,45414,36169,2386,737,6235,5469,21085,3420,10673,2040,834,691,3043,3219,35773,828,3673,142,146,818,102,1586
987,6582,987.1349443535275,99777,775,398,166,53,50293,26236,0.7670004109163434,432,258,31846,34317,9704,5427,7075,9545,45414,36169,2481,767,6225,5457,21030,3429,10691,2063,834,701,3088,3212,35655,824,3666,145,151,846,108,1652
988,6582,988.2973926965981,99776,757,399,167,53,50414,26314,0.7690025657472739,462,259,31778,34236,9784,5477,7050,9574,45414,36169,2578,798,6206,5446,20951,3434,10742,2094,834,717,3150,3202,35511,821,3650,149,157,877,117,1718
989,6582,989.0735299990713,99776,773,404,167,53,50509,26370,0.7705159557408595,463,244,31727,34176,9817,5495,7051,9626,45414,36169,2676,829,6193,5437,20884,3446,10760,2121,834,730,3184,3188,35409,817,3640,151,164,917,123,1778
990,6582,990.2396136785983,99776,800,422,167,53,50639,26443,0.7725505131494548,455,252,31683,34096,9856,5519,7037,9656,45414,36169,2775,861,6179,5429,20822,3455,10788,2148,833,744,3237,3176,35275,814,3628,154,170,946,129,1849
991,6582,991.0177200175872,99776,801,416,167,53,50735,26491,0.7739937459910199,463,247,31637,34032,9902,5538,7028,9712,45414,36169,2874,893,6169,5412,20754,3475,10819,2170,829,753,3279,3167,35161,811,3615,161,175,979,136,1911
992,6582,992.1870405390921,99775,802,410,167,54,50874,26557,0.7760561262841393,451,262,31592,33957,9990,5571,6996,9744,45414,36169,2974,926,6156,5396,20674,3489,10875,2196,829,766,3347,3153,35008,806,3598,166,180,1008,143,1985
993,6582,993.3579101494724,99775,826,409,167,54,51028,26624,0.7782711099974944,448,290,31527,33872,10055,5600,6975,9773,45414,36169,3075,959,6141,5381,20596,3500,10914,2226,828,780,3410,3138,34866,802,3590,169,189,1041,151,2053
994,6582,994.1396089792753,99775,807,414,167,54,51110,26671,0.7795640190428464,461,302,31498,33799,10100,5601,6965,9828,45414,36169,3177,993,6131,5367,20523,3510,10939,2253,828,788,3449,3130,34753,801,3582,173,195,1078,160,2115
995,6582,995.3136128287798,99775,792,447,167,54,51235,26764,0.7817489351039839,489,264,31426,33738,10183,5622,6941,9873,45414,36169,3279,1028,6116,5349,20441,3522,10974,2287,826,800,3510,3121,34615,800,3573,177,196,1118,169,2181
996,6582,996.0975884585341,99774,796,438,168,54,51334,26815,0.7832601679796339,488,256,31381,33672,10223,5654,6942,9924,45414,36169,3382,1063,6105,5330,20377,3543,10984,2317,823,810,3565,3112,34485,799,3569,178,201,1155,179,2242
997,6582,997.2758847480254,99772,780,434,169,55,51461,26887,0.7852704165497334,525,247,31320,33616,10291,5691,6913,9955,45414,36169,3485,1099,6092,5313,20290,3562,11021,2354,820,821,3636,3096,34336,797,3556,182,207,1196,185,2308
998,6582,998.0626263569843,99772,762,447,169,55,51535,26944,0.7865834101751995,564,243,31259,33546,10331,5705,6913,10002,45414,36169,3588,1135,6080,5303,20220,3572,11047,2377,819,832,3676,3087,34219,795,3543,191,213,1231,191,2376
999,6582,999.2448128317541,99770,799,455,170,56,51709,27017,0.789074872206074,563,244,31185,33474,10387,5727,6894,10042,45414,36169,3692,1172,6062,5285,20142,3590,11077,2414,818,848,3739,3078,34077,793,3525,202,216,1260,197,2447
1000,6582,1000.0341803083805,99770,826,464,170,56,51819,27071,0.7907186529016739,558,242,31142,33397,10414,5748,6888,10091,45414,36169,3796,1209,6052,5279,20085,3591,11094,2448,816,858,3771,3073,33966,791,3508,216,217,1284,207,2514
1001,6582,1001.2199599930531,99770,844,467,170,56,51978,27150,0.7931041395208981,589,256,31056,33310,10473,5783,6866,10126,45414,36169,3900,1247,6040,5258,20013,3609,11146,2483,814,869,3832,3060,33810,789,3491,221,222,1304,217,2592
1002,6582,1002.011848554578,99770,874,457,170,56,52088,27199,0.7946978049513882,579,270,31002,33214,10504,5819,6869,10182,45414,36169,4004,1285,6033,5248,19945,3615,11167,2510,814,876,3884,3055,33674,787,3482,227,226,1336,221,2670
1003,6582,1003.20203708155,99770,886,453,170,56,52252,27289,0.7972436604189637,594,260,30915,33142,10571,5865,6862,10222,45414,36169,4108,1324,6016,5234,19873,3629,11204,2554,813,888,3966,3043,33504,785,3461,235,231,1360,232,2742
1004,6582,1004.3951507916702,99770,929,468,170,56,52430,27375,0.7998897464167586,586,266,30834,33065,10628,5896,6851,10247,45414,36169,4212,1363,6002,5222,19789,3635,11233,2597,811,902,4035,3039,33355,783,3447,239,233,1400,239,2809
1005,6582,1005.1919682513407,99770,952,478,170,56,52540,27435,0.8015936654304902,608,260,30746,32991,10670,5916,6852,10297,45414,36169,4316,1402,5989,5212,19717,3635,11263,2621,810,915,4071,3027,33248,783,3431,247,240,1444,247,2870
1006,6582,1006.3902693719991,99770,956,486,170,56,52719,27519,0.8042297283752631,610,284,30666,32881,10754,5957,6842,10334,45414,36169,4419,1442,5970,5190,19632,3653,11310,2663,807,932,4140,3019,33087,779,3416,252,243,1478,255,2944
1007,6582,1007.1906679301355,99770,969,507,170,56,52841,27586,0.8061240853964118,606,269,30603,32812,10802,5967,6848,10387,45414,36169,4522,1482,5958,5179,19554,3660,11342,2693,806,943,4176,3014,32965,779,3406,258,248,1510,270,3009
1008,6582,1008.3941056201927,99770,1003,503,170,56,53042,27677,0.8090508168788213,584,269,30514,32733,10887,6020,6840,10417,45414,36169,4625,1523,5938,5155,19471,3681,11404,2721,806,960,4262,3004,32782,775,3390,263,250,1538,282,3088
1009,6582,1009.1982338785784,99770,999,495,170,56,53164,27727,0.8107747819985968,577,301,30451,32649,10954,6043,6847,10454,45414,36169,4727,1564,5917,5139,19400,3701,11435,2754,806,978,4312,2992,32648,773,3369,271,257,1570,285,3163
1010,6582,1010.004126026642,99769,1004,501,171,56,53279,27791,0.8125770529924125,580,298,30393,32571,11000,6066,6850,10506,45414,36169,4829,1605,5908,5124,19337,3714,11450,2791,805,986,4364,2981,32514,771,3357,278,263,1599,298,3229
1011,6582,1011.2157273239509,99769,1019,491,171,56,53456,27885,0.8152933275867253,573,300,30315,32500,11086,6112,6834,10539,45414,36169,4930,1647,5885,5110,19231,3722,11515,2832,802,1006,4426,2969,32372,769,3341,285,271,1640,307,3286
1012,6582,1012.0251358678357,99769,1026,501,171,56,53582,27944,0.817147610981367,569,319,30247,32413,11149,6122,6836,10587,45414,36169,5031,1689,5871,5098,19170,3729,11541,2864,802,1018,4478,2964,32231,769,3324,293,272,1667,317,3361
1013,6582,1013.24221101084,99769,1022,506,171,56,53766,28044,0.819994186570979,581,302,30144,32355,11267,6163,6813,10616,45414,36169,5131,1731,5848,5075,19086,3745,11592,2914,799,1040,4557,2952,32061,764,3314,294,278,1692,328,3430
1014,6582,1014.0558334409347,99769,1035,520,171,56,53885,28102,0.8217682847377442,597,305,30089,32289,11296,6172,6810,10656,45414,36169,5230,1774,5837,5062,19017,3755,11609,2951,798,1049,4602,2940,31944,763,3305,299,285,1724,338,3491
1015,6582,1015.2791970883302,99766,1043,525,174,56,54062,28205,0.824599562977367,611,299,29979,32206,11392,6226,6799,10686,45414,36169,5329,1817,5815,5038,18936,3780,11656,2992,794,1068,4687,2923,31778,760,3287,301,295,1753,349,3554
1016,6582,1016.096948173757,99766,1037,537,174,56,54192,28275,0.826604253954253,613,308,29910,32111,11462,6249,6802,10737,45414,36169,5427,1860,5801,5017,18856,3800,11703,3018,790,1081,4732,2911,31651,758,3273,309,299,1789,359,3619
1017,6582,1017.3267859124458,99765,1040,538,175,56,54376,28374,0.8294492056332381,641,286,29825,32054,11534,6300,6783,10764,45414,36169,5524,1904,5779,5000,18750,3814,11771,3053,787,1100,4820,2901,31483,754,3260,314,306,1821,371,3681
1018,6582,1018.1484702244236,99765,1057,531,175,56,54509,28423,0.8312734927078634,618,295,29758,31997,11596,6323,6794,10796,45414,36169,5620,1948,5765,4992,18678,3818,11802,3088,787,1111,4873,2891,31357,752,3240,325,311,1855,378,3742
1019,6582,1019.3841490250916,99765,1041,529,175,56,54701,28501,0.8339798526537363,623,315,29679,31940,11712,6351,6768,10807,45414,36169,5716,1992,5744,4971,18585,3825,11866,3133,784,1129,4953,2883,31192,750,3221,329,314,1887,390,3809
1020,6582,1020.2098652226306,99765,1053,548,175,56,54832,28576,0.8360447050568837,635,318,29585,31880,11771,6361,6779,10835,45414,36169,5811,2036,5728,4963,18502,3833,11900,3168,783,1144,4992,2873,31075,747,3210,335,320,1921,407,3864
1021,6582,1021.0378426086006,99765,1057,551,175,56,54970,28640,0.8380694632386108,634,324,29523,31824,11829,6368,6780,10875,45414,36169,5905,2081,5717,4944,18427,3849,11935,3205,782,1151,5034,2861,30957,746,3194,343,323,1962,423,3912
1022,6582,1022.2832335630355,99765,1078,555,175,56,55179,28735,0.8411166240665564,619,332,29422,31768,11929,6396,6775,10891,45414,36169,5998,2126,5699,4923,18339,3865,11987,3253,780,1168,5104,2845,30802,744,3176,348,331,1990,443,3968
1023,6582,1023.11563393761,99763,1080,544,177,56,55315,28787,0.8430179525475376,624,354,29353,31698,11987,6419,6777,10927,45414,36169,6090,2171,5682,4905,18255,3879,12034,3286,777,1182,5148,2833,30685,742,3160,356,338,2024,451,4026
1024,6582,1024.3677691777955,99761,1070,544,179,56,55517,28880,0.8459919206904501,627,370,29269,31621,12096,6454,6757,10953,45414,36169,6181,2216,5658,4880,18161,3899,12094,3335,775,1203,5226,2818,30533,736,3139,364,344,2057,465,4074
1025,6582,1025.204440946954,99761,1078,552,179,56,55649,28954,0.8480568558855665,638,370,29175,31539,12161,6486,6767,10995,45414,36169,6271,2261,5646,4864,18097,3910,12128,3370,773,1213,5272,2809,30405,731,3123,370,348,2090,472,4140
1026,6582,1026.043446279691,99761,1089,575,179,56,55788,29035,0.8502621264822927,631,347,29127,31495,12198,6492,6774,11033,45414,36169,6360,2307,5629,4855,18037,3921,12151,3413,769,1229,5317,2801,30270,728,3114,371,351,2112,486,4207
1027,6582,1027.3048669722677,99761,1064,598,179,56,55976,29170,0.853499864676577,642,326,29030,31420,12323,6549,6760,11049,45414,36169,6448,2353,5602,4835,17930,3933,12241,3449,769,1255,5415,2784,30091,724,3090,376,357,2148,501,4261
1028,6582,1028.1481084889322,99761,1107,590,179,56,56132,29232,0.8556850873587875,611,349,28964,31328,12378,6584,6759,11091,45414,36169,6535,2399,5590,4825,17850,3940,12253,3498,768,1267,5461,2778,29981,722,3074,382,360,2196,511,4305
1029,6582,1029.41650014029,99759,1113,599,180,57,56335,29344,0.8588598522439078,633,378,28850,31254,12468,6620,6754,11090,45414,36169,6621,2445,5567,4808,17752,3947,12307,3560,766,1288,5526,2762,29839,721,3059,387,366,2230,526,4348
1030,6582,1030.2643119482304,99759,1112,621,180,57,56472,29430,0.8610952395272607,631,368,28789,31193,12526,6649,6760,11110,45414,36169,6706,2491,5557,4798,17676,3955,12326,3609,765,1296,5587,2751,29707,718,3050,390,372,2265,538,4399
1031,6582,1031.114194055652,99758,1118,605,181,57,56621,29502,0.8633192325427534,630,385,28712,31106,12585,6704,6772,11141,45414,36169,6790,2537,5542,4779,17592,3969,12372,3655,764,1309,5639,2738,29583,714,3035,394,375,2297,554,4447
1032,6582,1032.39281519702,99758,1145,607,181,57,56841,29624,0.866747529020229,629,383,28601,31036,12683,6772,6759,11143,45414,36169,6873,2583,5514,4766,17490,3981,12437,3710,762,1336,5717,2723,29433,711,3014,401,384,2323,574,4482
1033,6582,1033.2476630976846,99758,1163,627,181,57,56992,29710,0.8691232783335673,587,370,28551,30996,12744,6797,6772,11151,45414,36169,6955,2630,5495,4752,17421,3991,12468,3748,761,1354,5760,2718,29314,708,2998,406,386,2355,592,4531
1034,6582,1034.1044974280048,99758,1153,624,181,57,57114,29788,0.871128130074781,622,369,28482,30942,12789,6835,6771,11171,45414,36169,7035,2677,5481,4738,17335,4006,12504,3797,758,1365,5818,2708,29195,704,2987,409,389,2381,606,4577
1035,6582,1035.3930780151393,99757,1144,626,182,57,57309,29914,0.874354681876961,647,357,28404,30882,12869,6904,6752,11172,45414,36169,7114,2724,5456,4721,17235,4016,12570,3854,752,1386,5906,2698,29029,704,2971,411,392,2406,626,4624
1036,6582,1036.2539705685408,99757,1150,641,182,57,57439,29995,0.87646982166665,650,355,28342,30823,12916,6933,6758,11189,45414,36169,7192,2771,5438,4710,17158,4025,12619,3888,749,1404,5933,2686,28925,701,2959,414,396,2434,645,4673
1037,6582,1037.116701386202,99756,1169,632,182,58,57593,30073,0.878804282449176,675,355,28243,30763,12974,6976,6755,11214,45414,36169,7269,2818,5417,4693,17081,4039,12664,3928,746,1420,5985,2676,28812,698,2941,421,402,2462,656,4715
1038,6582,1038.4148976335496,99755,1173,636,182,59,57794,30206,0.8821612951731743,679,339,28150,30709,13074,7032,6740,11223,45414,36169,7345,2865,5402,4669,17002,4047,12722,3982,743,1433,6081,2661,28636,696,2925,429,407,2484,676,4760
1039,6582,1039.2829007219,99753,1187,632,183,60,57948,30279,0.8844546028690866,658,353,28106,30649,13129,7056,6735,11248,45414,36169,7420,2912,5381,4653,16924,4059,12759,4026,742,1451,6125,2657,28523,694,2911,434,407,2508,696,4803
1040,6582,1040.1524487982163,99753,1209,630,183,60,58103,30354,0.8867602979359017,653,351,28045,30611,13169,7078,6739,11268,45414,36169,7494,2959,5369,4638,16857,4072,12783,4074,740,1463,6179,2644,28402,691,2902,436,412,2533,712,4846
1041,6582,1041.0235512979762,99753,1190,628,183,60,58229,30425,0.8887351758844345,661,362,27983,30567,13235,7098,6746,11283,45414,36169,7567,3006,5355,4628,16774,4082,12831,4116,738,1474,6220,2639,28287,688,2888,443,415,2562,724,4889
1042,6582,1042.3340869741553,99751,1202,631,185,60,58441,30525,0.8918807831500436,663,382,27899,30510,13311,7139,6738,11276,45414,36169,7639,3053,5338,4603,16695,4099,12878,4176,737,1488,6294,2619,28148,687,2869,448,423,2583,743,4923
1043,6582,1043.2095697971781,99749,1194,631,186,61,58568,30606,0.8939838995879658,667,376,27844,30460,13360,7178,6747,11292,45414,36169,7710,3100,5331,4591,16622,4103,12916,4221,732,1495,6341,2607,28029,686,2860,451,428,2613,759,4964
1044,6582,1044.0868899285956,99747,1189,662,188,61,58707,30703,0.8963678105607186,679,369,27767,30403,13426,7195,6749,11308,45414,36169,7780,3147,5316,4575,16557,4115,12927,4279,731,1508,6388,2595,27918,686,2847,455,431,2637,775,5007
1045,6582,1045.4069748313827,99746,1150,645,188,62,58911,30812,0.899514767509474,684,415,27667,30326,13553,7259,6756,11291,45414,36169,7849,3194,5283,4545,16467,4132,13001,4342,729,1537,6473,2579,27759,685,2825,461,438,2651,790,5049
1046,6582,1046.2897777973826,99746,1158,643,188,62,59055,30906,0.9019008281033826,680,394,27610,30273,13606,7312,6756,11314,45414,36169,7916,3241,5260,4536,16395,4140,13034,4387,726,1555,6522,2573,27651,682,2812,468,440,2678,813,5074
1047,6582,1047.1745275175797,99746,1172,645,188,62,59214,30987,0.9043069396266517,675,399,27532,30219,13684,7350,6747,11323,45414,36169,7982,3288,5252,4517,16319,4160,13084,4427,725,1557,6567,2560,27531,678,2804,471,445,2701,825,5123
1048,6582,1048.0615235824241,99745,1157,634,189,62,59364,31068,0.9066319113740037,676,390,27455,30169,13768,7396,6753,11347,45414,36169,8047,3335,5232,4502,16249,4172,13118,4487,725,1575,6614,2549,27410,673,2790,476,447,2722,840,5164
1049,6582,1049.3967950740478,99742,1181,646,190,64,59589,31212,0.9103587255118205,661,364,27382,30112,13835,7480,6749,11332,45414,36169,8111,3382,5213,4474,16160,4193,13176,4542,724,1589,6700,2538,27249,672,2777,478,452,2745,861,5199
1050,6582,1050.2888976449144,99742,1166,673,190,64,59730,31301,0.9126646748611418,677,360,27297,30066,13910,7509,6758,11326,45414,36169,8174,3428,5195,4456,16085,4209,13195,4596,723,1605,6755,2532,27145,667,2764,483,454,2776,869,5233
1051,6582,1051.1837488122708,99742,1175,702,190,64,59877,31397,0.9151009604780334,673,336,27233,30033,13970,7531,6757,11332,45414,36169,8236,3474,5176,4438,16025,4220,13231,4637,723,1622,6784,2521,27052,666,2745,491,460,2797,886,5268
1052,6582,1052.080661885196,99741,1164,678,191,64,60027,31456,0.9172055624066332,646,353,27187,29990,14040,7582,6770,11331,45414,36169,8297,3520,5158,4424,15949,4227,13285,4677,723,1636,6850,2514,26919,663,2733,493,462,2816,898,5314
1053,6582,1053.4295997068932,99739,1134,677,193,64,60247,31585,0.9207230872577427,655,335,27099,29950,14167,7658,6750,11314,45414,36169,8357,3566,5135,4393,15850,4248,13365,4739,722,1655,6946,2501,26759,654,2713,497,462,2837,918,5345
1054,6582,1054.3314168597246,99739,1152,650,193,64,60402,31658,0.9230090536299742,633,355,27049,29911,14224,7715,6747,11303,45414,36169,8416,3612,5120,4379,15787,4249,13405,4787,722,1667,7013,2488,26628,653,2705,500,466,2853,935,5382
1055,6582,1055.2351208839684,99738,1159,641,193,65,60532,31732,0.9250636668070344,646,372,27005,29845,14253,7761,6742,11314,45414,36169,8474,3658,5110,4356,15725,4262,13440,4827,720,1674,7057,2481,26523,653,2696,502,470,2871,955,5416
1056,6582,1056.140294726196,99738,1176,660,193,65,60682,31820,0.9274499187872225,631,367,26952,29822,14312,7775,6734,11309,45414,36169,8531,3704,5095,4344,15659,4275,13470,4868,717,1689,7108,2469,26413,649,2685,504,475,2894,968,5456
1057,6582,1057.0470836925276,99738,1148,645,193,65,60803,31898,0.9294451462832621,650,355,26901,29795,14372,7829,6734,11309,45414,36169,8587,3750,5077,4322,15586,4295,13509,4923,714,1706,7162,2462,26303,645,2672,507,476,2910,980,5489
1058,6582,1058.4106183454674,99738,1165,645,193,65,61036,32015,0.932954340371774,654,365,26831,29754,14452,7885,6703,11284,45414,36169,8642,3796,5046,4302,15512,4298,13560,4992,713,1732,7234,2452,26169,641,2662,508,478,2925,1003,5511
1059,6582,1059.3212645385086,99738,1153,671,193,65,61181,32109,0.9353506186207865,655,353,26770,29715,14524,7907,6703,11287,45414,36169,8697,3841,5030,4276,15451,4312,13595,5039,712,1745,7267,2437,26077,641,2653,511,485,2947,1020,5540
1060,6582,1060.2342712356478,99738,1137,672,193,65,61327,32197,0.9376967655256773,664,360,26708,29676,14587,7945,6709,11280,45414,36169,8751,3886,5015,4262,15381,4326,13647,5082,709,1754,7311,2431,25957,640,2641,515,485,2970,1035,5577
1061,6582,1061.149137628242,99738,1127,664,193,65,61466,32272,0.9398423870540817,692,371,26658,29637,14622,7983,6706,11278,45414,36169,8804,3931,5001,4242,15320,4342,13688,5118,709,1766,7372,2415,25835,638,2632,518,490,2990,1056,5606
1062,6582,1062.0658096129416,99738,1149,665,193,65,61646,32359,0.942519400830175,654,355,26596,29606,14692,8029,6714,11278,45414,36169,8856,3976,4988,4220,15258,4347,13740,5163,706,1778,7426,2407,25717,638,2624,519,493,3009,1066,5639
1063,6582,1063.4447925871411,99738,1161,636,193,65,61878,32476,0.9460185686498627,638,353,26532,29576,14779,8101,6695,11267,45414,36169,8907,4021,4966,4192,15154,4372,13839,5222,701,1798,7485,2395,25586,632,2608,520,496,3024,1086,5662
1064,6582,1064.3661548936018,99737,1167,627,194,65,62028,32539,0.9481636704532922,612,381,26498,29528,14832,8129,6695,11268,45414,36169,8957,4066,4950,4172,15098,4387,13878,5265,699,1811,7520,2384,25490,631,2599,521,502,3037,1103,5690
1065,6582,1065.2890210202775,99737,1165,632,194,65,62169,32631,0.950499814512167,618,365,26438,29495,14889,8177,6694,11264,45414,36169,9006,4110,4940,4156,15042,4395,13913,5314,698,1816,7573,2375,25377,631,2591,522,506,3045,1123,5720
1066,6582,1066.2138424674501,99737,1162,632,194,65,62312,32711,0.9527356948775279,641,369,26374,29472,14932,8209,6695,11251,45414,36169,9054,4154,4924,4146,14976,4396,13964,5349,696,1827,7617,2369,25274,630,2582,525,507,3065,1145,5745
1067,6582,1067.1405253714258,99736,1176,639,195,65,62464,32800,0.9551616266944735,655,376,26317,29440,14964,8247,6691,11231,45414,36169,9102,4198,4911,4135,14913,4399,13997,5404,696,1838,7646,2357,25195,629,2567,533,512,3079,1166,5759
1068,6582,1068.069174511799,99736,1176,640,195,65,62619,32889,0.9576080853453116,662,369,26270,29400,15001,8294,6694,11230,45414,36169,9149,4242,4893,4119,14846,4409,14048,5446,694,1853,7683,2347,25097,626,2556,536,517,3093,1192,5781
1069,6582,1069.4647373628186,99734,1184,643,197,65,62855,33000,0.9611065434054585,663,378,26222,29383,15063,8336,6669,11193,45414,36169,9195,4286,4872,4097,14767,4425,14124,5496,688,1866,7747,2329,24977,622,2542,540,523,3111,1216,5792
1070,6582,1070.3966188587012,99734,1207,620,197,65,63027,33080,0.9636332644835262,643,393,26157,29361,15116,8390,6678,11169,45414,36169,9240,4329,4855,4076,14708,4436,14162,5551,686,1879,7792,2323,24871,620,2534,540,526,3118,1239,5818
1071,6582,1071.330511959748,99734,1179,651,197,65,63159,33185,0.9660095854974231,662,376,26086,29344,15186,8406,6688,11156,45414,36169,9284,4372,4839,4062,14651,4445,14213,5595,684,1894,7816,2318,24775,616,2522,541,528,3133,1255,5847
1072,6582,1072.2667403215744,99734,1193,651,197,65,63333,33269,0.9685964666011591,655,367,26030,29309,15245,8456,6678,11150,45414,36169,9328,4415,4818,4046,14592,4460,14238,5647,681,1911,7858,2311,24685,614,2507,549,530,3150,1282,5855
1073,6582,1073.2052876547111,99733,1184,654,198,65,63483,33353,0.9709524430228711,656,383,25971,29272,15311,8484,6678,11140,45414,36169,9371,4458,4803,4030,14529,4465,14281,5687,677,1925,7930,2302,24565,610,2500,550,534,3167,1294,5884
1074,6582,1074.1456925918371,99733,1168,657,198,65,63620,33441,0.9732084666058376,686,374,25909,29247,15353,8529,6684,11126,45414,36169,9413,4500,4786,4014,14450,4475,14334,5731,676,1939,7965,2295,24477,608,2492,551,538,3187,1313,5902
1075,6582,1075.0883022110752,99733,1164,641,198,65,63787,33513,0.975604864989522,677,403,25849,29214,15433,8563,6677,11112,45414,36169,9454,4542,4762,3992,14401,4485,14382,5772,675,1960,8021,2284,24365,605,2479,554,544,3197,1328,5927
1076,6582,1076.0329607458254,99732,1179,628,198,66,63943,33599,0.9780411502827578,661,403,25795,29182,15489,8611,6676,11108,45414,36169,9495,4584,4745,3977,14341,4495,14437,5808,674,1973,8058,2276,24264,601,2471,556,544,3214,1356,5942
1077,6582,1077.4539916666565,99732,1167,661,198,66,64179,33759,0.982011791601492,653,372,25734,29177,15595,8661,6651,11061,45414,36169,9535,4626,4720,3952,14252,4512,14510,5874,671,1994,8140,2267,24124,596,2459,555,544,3228,1382,5952
1078,6582,1078.4035731590313,99732,1153,633,198,66,64335,33831,0.9842979184213693,654,391,25683,29154,15660,8713,6650,11041,45414,36169,9574,4668,4702,3940,14191,4521,14545,5931,670,2009,8213,2256,24008,589,2447,556,545,3241,1404,5964
1079,6582,1079.3549194959498,99731,1150,651,199,66,64478,33932,0.9867543692532914,670,358,25644,29132,15698,8754,6637,11037,45414,36169,9613,4709,4681,3922,14121,4533,14587,5977,669,2025,8256,2252,23920,588,2442,555,545,3254,1422,5982
1080,6582,1080.3076974026403,99729,1149,674,200,67,64643,34032,0.9894313589828435,655,339,25595,29115,15761,8783,6638,11020,45414,36169,9651,4750,4667,3909,14070,4532,14639,6029,668,2029,8293,2249,23827,587,2427,561,546,3253,1440,6003
1081,6582,1081.2624727384095,99728,1137,662,201,67,64782,34121,0.9917274987967271,678,335,25538,29101,15805,8843,6639,10990,45414,36169,9688,4791,4654,3900,14007,4534,14672,6090,667,2040,8347,2245,23722,585,2412,564,547,3265,1460,6017
1082,6582,1082.2193956713068,99728,1146,651,201,67,64947,34192,0.9940939355045725,651,342,25499,29065,15868,8892,6633,10981,45414,36169,9725,4832,4639,3878,13947,4554,14706,6147,664,2051,8376,2239,23643,581,2397,570,548,3276,1473,6039
1083,6582,1083.1781100426022,99728,1143,660,201,67,65098,34284,0.9965305631317183,652,347,25446,29039,15924,8918,6632,10967,45414,36169,9761,4872,4625,3854,13893,4568,14748,6195,663,2062,8410,2228,23556,579,2387,575,552,3288,1491,6054
1084,6582,1084.1386639853208,99728,1162,673,201,67,65260,34386,0.9991777635167656,634,319,25390,29031,15980,8953,6631,10955,45414,36169,9796,4912,4605,3838,13837,4587,14789,6235,663,2076,8448,2223,23462,573,2376,577,551,3305,1512,6071
1085,6582,1085.1011290657732,99727,1140,665,201,68,65419,34464,1.0015642704583514,627,329,25337,29002,16070,8996,6623,10938,45414,36169,9831,4952,4587,3822,13787,4589,14825,6300,661,2091,8491,2213,23369,570,2364,579,555,3308,1529,6087
1086,6582,1086.0659206104096,99726,1143,667,201,69,65568,34554,1.0039708802117804,617,314,25322,28996,16105,9039,6610,10913,45414,36169,9865,4992,4574,3808,13721,4596,14867,6350,659,2103,8535,2206,23278,567,2357,581,555,3319,1547,6103
1087,6582,1087.0319195611712,99725,1123,641,201,70,65737,34622,1.0063574830784658,585,323,25297,28989,16179,9083,6613,10892,45414,36169,9899,5031,4558,3784,13667,4605,14915,6410,656,2117,8583,2198,23177,565,2344,582,558,3326,1567,6113
1088,6582,1088.4836952714845,99722,1121,632,203,71,65965,34734,1.0097972363169612,561,335,25252,28972,16268,9142,6593,10846,45414,36169,9932,5070,4531,3754,13594,4628,14972,6474,652,2136,8644,2186,23066,562,2328,586,563,3337,1589,6120
1089,6582,1089.4530754854534,99722,1084,614,203,71,66103,34803,1.011873006959347,576,329,25221,28976,16317,9179,6597,10829,45414,36169,9964,5109,4515,3737,13544,4635,15030,6522,649,2149,8687,2178,22968,559,2315,589,563,3341,1604,6137
1090,6582,1090.4241792413966,99722,1090,621,203,71,66267,34889,1.0143799763342092,541,329,25176,28972,16382,9199,6606,10806,45414,36169,9996,5147,4504,3719,13495,4644,15075,6583,648,2156,8707,2166,22896,556,2302,587,565,3347,1618,6154
1091,6582,1091.3970967174375,99722,1081,612,203,71,66394,34963,1.0163955797115982,572,353,25118,28957,16419,9230,6605,10775,45414,36169,10027,5185,4494,3704,13438,4654,15116,6623,644,2164,8741,2154,22816,556,2299,587,566,3363,1645,6158
1092,6582,1092.3719243170826,99722,1061,604,203,71,66519,35038,1.018401155211488,606,365,25080,28949,16445,9257,6603,10752,45414,36169,10058,5223,4472,3690,13392,4671,15138,6671,642,2180,8792,2145,22725,553,2291,589,569,3372,1661,6169
1093,6582,1093.3483614148147,99721,1060,613,204,71,66664,35125,1.0207378586255653,590,361,25041,28934,16499,9287,6604,10732,45414,36169,10088,5261,4450,3679,13339,4682,15177,6715,640,2198,8821,2136,22643,552,2286,590,571,3380,1681,6181
1094,6582,1094.3265078621794,99718,1081,623,205,73,66825,35219,1.0233257786959225,570,351,25018,28915,16519,9323,6605,10713,45414,36169,10118,5298,4437,3665,13289,4684,15224,6760,640,2209,8859,2128,22553,552,2275,593,573,3379,1698,6200
