,indexID,time,N,Inf_L,Inf_H,Dead_L,Dead_H,cum_cases_L,cum_cases_H,cum_sum_per_N,Exposed_L,Exposed_H,Sus_L,Sus_H,Rec_nat_L,Rec_nat_H,Rec_vax_L,Rec_vax_H,vaccinatedH,vaccinatedL,boostedH,boostedL,count_Naive,count_Delta,count_Delta_vaccine,count_two,count_three,count_four,count_Omicron,count_Omicron_star,count_Omicron_star_vaccine,count_Omicron_vaccine,count_Vaccine,count_WT,count_WT_vaccine,count_WT_vaccine_boost,count_Omicron_vaccine_boost,count_Delta_vaccine_boost,count_Omicron_star_vaccine_boost,count_Vaccine_boost
0,560,1.1069986263665255,99996,9,5,0,0,10,5,0.0001500060002400096,15,20,49973,49973,1,0,0,0,0,0,0,0,99995,0,0,0,0,0,0,0,0,0,0,1,0,0,0,0,0,0
1,560,2.181999398429374,99996,13,7,0,0,14,9,0.00023000920036801473,12,19,49972,49970,1,2,0,0,0,0,0,0,99993,0,0,0,0,0,0,0,0,0,0,3,0,0,0,0,0,0
2,560,3.310481785208374,99996,17,10,0,0,18,12,0.0003000120004800192,11,21,49969,49965,1,2,0,0,0,0,0,0,99993,0,0,0,0,0,0,0,0,0,0,3,0,0,0,0,0,0
3,560,4.132578205948048,99996,18,12,0,0,21,15,0.00036001440057602306,13,20,49964,49963,3,3,0,0,0,0,0,0,99990,0,0,0,0,0,0,0,0,0,0,6,0,0,0,0,0,0
4,560,5.089691509963003,99996,23,17,0,0,26,23,0.0004900196007840313,13,12,49959,49963,3,6,0,0,0,0,0,0,99987,0,0,0,0,0,0,0,0,0,0,9,0,0,0,0,0,0
5,560,6.016138909242976,99996,23,15,0,0,28,25,0.0005300212008480339,16,16,49954,49957,5,10,0,0,0,0,0,0,99981,0,0,0,0,0,0,0,0,0,0,15,0,0,0,0,0,0
6,560,7.145728858845947,99996,25,20,0,0,34,30,0.000640025601024041,11,11,49953,49957,9,10,0,0,0,0,0,0,99977,0,0,0,0,0,0,0,0,0,0,19,0,0,0,0,0,0
7,560,8.047834295334896,99996,27,18,0,0,38,33,0.0007100284011360454,10,9,49950,49956,11,15,0,0,0,0,0,0,99970,0,0,0,0,0,0,0,0,0,0,26,0,0,0,0,0,0
8,560,9.046870901174474,99996,29,21,0,0,43,38,0.0008100324012960519,6,6,49949,49954,14,17,0,0,0,0,0,0,99965,0,0,0,0,0,0,0,0,0,0,31,0,0,0,0,0,0
9,560,10.004602609590137,99996,25,22,0,0,45,41,0.0008600344013760551,8,4,49945,49953,20,19,0,0,0,0,0,0,99957,0,0,0,0,0,0,0,0,0,0,39,0,0,0,0,0,0
10,560,11.053010050391409,99996,23,21,0,0,46,41,0.0008700348013920557,14,6,49938,49951,23,20,0,0,0,0,0,0,99953,0,0,0,0,0,0,0,0,0,0,43,0,0,0,0,0,0
11,560,12.060655424422825,99996,26,22,0,0,53,45,0.0009800392015680626,12,3,49933,49950,27,23,0,0,0,0,0,0,99946,0,0,0,0,0,0,0,0,0,0,50,0,0,0,0,0,0
12,560,13.100763649476631,99996,28,24,0,0,55,47,0.0010200408016320653,14,2,49929,49949,27,23,0,0,0,0,0,0,99946,0,0,0,0,0,0,0,0,0,0,50,0,0,0,0,0,0
13,560,14.006182604595724,99996,27,20,0,0,60,48,0.001080043201728069,17,2,49921,49948,33,28,0,0,0,0,0,0,99935,0,0,0,0,0,0,0,0,0,0,61,0,0,0,0,0,0
14,560,15.116839849675552,99996,24,18,0,0,60,50,0.0011000440017600705,21,4,49917,49944,36,32,0,0,0,0,0,0,99928,0,0,0,0,0,0,0,0,0,0,68,0,0,0,0,0,0
15,560,16.28566569717941,99996,29,15,0,0,65,51,0.0011600464018560743,22,6,49911,49941,36,36,0,0,0,0,0,0,99924,0,0,0,0,0,0,0,0,0,0,72,0,0,0,0,0,0
16,560,17.306546058049967,99996,27,13,0,0,69,54,0.0012300492019680787,23,8,49907,49936,41,41,0,0,0,0,0,0,99913,0,0,0,0,0,0,0,0,0,0,83,0,0,0,0,0,0
17,560,18.16569187742586,99996,29,14,0,0,75,56,0.0013100524020960838,18,10,49906,49932,45,42,0,0,0,0,0,0,99908,0,0,0,0,0,0,0,0,0,0,88,0,0,0,0,0,0
18,560,19.010808359601494,99996,31,14,0,0,79,57,0.001360054402176087,19,10,49901,49931,47,43,0,0,0,0,0,0,99905,0,0,0,0,0,0,0,0,0,0,91,0,0,0,0,0,0
19,560,20.012627485888952,99996,26,17,0,0,81,60,0.0014100564022560902,21,9,49897,49929,54,43,0,0,0,0,0,0,99898,0,0,0,0,0,0,0,0,0,0,98,0,0,0,0,0,0
20,560,21.143592988604656,99996,30,16,0,0,85,62,0.001470058802352094,20,9,49894,49927,54,46,0,0,0,0,0,0,99895,0,0,0,0,0,0,0,0,0,0,101,0,0,0,0,0,0
21,560,22.138439947202432,99996,31,11,0,0,91,64,0.0015500620024800993,17,8,49891,49926,59,53,0,0,0,0,0,0,99883,0,0,0,0,0,0,0,0,0,0,113,0,0,0,0,0,0
22,560,23.053681534609044,99996,35,11,0,0,97,66,0.0016300652026081043,15,8,49887,49924,61,55,0,0,0,0,0,0,99879,0,0,0,0,0,0,0,0,0,0,117,0,0,0,0,0,0
23,560,24.30742579827236,99996,35,12,0,0,101,69,0.0017000680027201088,15,6,49883,49926,65,54,0,0,0,0,0,0,99873,0,0,0,0,0,0,0,0,0,0,123,0,0,0,0,0,0
24,560,25.05154519560389,99996,35,12,0,0,104,69,0.0017300692027681108,17,9,49878,49923,68,54,0,0,0,0,0,0,99870,0,0,0,0,0,0,0,0,0,0,126,0,0,0,0,0,0
25,560,26.128803639802793,99996,32,16,0,0,107,73,0.0018000720028801152,16,7,49876,49921,74,54,0,0,0,0,0,0,99864,0,0,0,0,0,0,0,0,0,0,132,0,0,0,0,0,0
26,560,27.3154108184979,99996,32,16,0,0,115,77,0.0019200768030721229,21,7,49863,49917,82,58,0,0,0,0,0,0,99852,0,0,0,0,0,0,0,0,0,0,144,0,0,0,0,0,0
27,560,28.225836631980567,99996,35,15,0,0,120,81,0.0020100804032161285,17,4,49862,49916,84,63,0,0,0,0,0,0,99845,0,0,0,0,0,0,0,0,0,0,151,0,0,0,0,0,0
28,560,29.003414944998358,99996,32,13,0,0,125,82,0.0020700828033121325,15,9,49859,49911,92,65,0,0,0,0,0,0,99834,0,0,0,0,0,0,0,0,0,0,162,0,0,0,0,0,0
29,560,30.033789400707757,99996,32,14,0,0,129,84,0.002130085203408136,15,8,49856,49910,95,66,0,0,0,0,0,0,99829,0,0,0,0,0,0,0,0,0,0,167,0,0,0,0,0,0
30,560,31.000189176904865,99996,33,12,0,0,133,84,0.002170086803472139,13,10,49855,49908,97,68,0,0,0,0,0,0,99824,0,0,0,0,0,0,0,0,0,0,172,0,0,0,0,0,0
31,560,32.01885905493169,99996,33,14,0,0,136,88,0.0022400896035841434,14,8,49851,49906,100,70,0,0,0,0,0,0,99819,0,0,0,0,0,0,0,0,0,0,177,0,0,0,0,0,0
32,560,33.00727148426242,99995,30,15,1,0,139,93,0.00232011600580029,15,7,49848,49902,104,74,0,0,0,0,0,0,99809,0,0,0,0,0,0,0,0,0,0,186,0,0,0,0,0,0
33,560,34.16962583524181,99995,33,14,1,0,145,94,0.0023901195059752986,14,8,49844,49900,106,76,0,0,0,0,0,0,99804,0,0,0,0,0,0,0,0,0,0,191,0,0,0,0,0,0
34,560,35.21243472093455,99995,34,13,1,0,152,94,0.0024601230061503075,10,11,49845,49897,108,77,0,0,0,0,0,0,99797,0,0,0,0,0,0,0,0,0,0,198,0,0,0,0,0,0
35,560,36.14848507243243,99995,27,10,1,0,153,95,0.00248012400620031,12,10,49842,49897,116,81,0,0,0,0,0,0,99785,0,0,0,0,0,0,0,0,0,0,210,0,0,0,0,0,0
36,560,37.10446440146354,99995,26,9,1,0,157,96,0.0025301265063253165,10,10,49841,49897,120,82,0,0,0,0,0,0,99778,0,0,0,0,0,0,0,0,0,0,217,0,0,0,0,0,0
37,560,38.10879583345621,99995,32,16,1,0,165,103,0.002680134006700335,4,4,49839,49896,122,82,0,0,0,0,0,0,99776,0,0,0,0,0,0,0,0,0,0,219,0,0,0,0,0,0
38,560,39.05709514436753,99995,29,15,1,0,167,105,0.00272013600680034,10,5,49832,49893,126,85,0,0,0,0,0,0,99768,0,0,0,0,0,0,0,0,0,0,227,0,0,0,0,0,0
39,560,40.180958604702724,99995,24,14,1,0,168,106,0.0027401370068503425,15,8,49827,49889,131,87,0,0,0,0,0,0,99760,0,0,0,0,0,0,0,0,0,0,235,0,0,0,0,0,0
40,560,41.07980538833264,99995,26,15,1,0,174,107,0.0028101405070253514,10,11,49828,49885,133,87,0,0,0,0,0,0,99756,0,0,0,0,0,0,0,0,0,0,239,0,0,0,0,0,0
41,560,42.01592301118072,99995,27,18,1,0,177,111,0.00288014400720036,9,9,49826,49883,135,88,0,0,0,0,0,0,99753,0,0,0,0,0,0,0,0,0,0,242,0,0,0,0,0,0
42,560,43.21499290195691,99995,28,15,1,0,180,111,0.002910145507275364,14,12,49818,49880,137,91,0,0,0,0,0,0,99748,0,0,0,0,0,0,0,0,0,0,247,0,0,0,0,0,0
43,560,44.14265072109122,99995,26,16,1,0,184,115,0.002990149507475374,11,11,49817,49878,143,93,0,0,0,0,0,0,99739,0,0,0,0,0,0,0,0,0,0,256,0,0,0,0,0,0
44,560,45.05864860134554,99995,27,17,1,0,190,117,0.003070153507675384,9,9,49813,49878,148,94,0,0,0,0,0,0,99733,0,0,0,0,0,0,0,0,0,0,262,0,0,0,0,0,0
45,560,46.004610069326574,99995,28,17,1,0,192,119,0.003110155507775389,13,8,49808,49877,148,96,0,0,0,0,0,0,99730,0,0,0,0,0,0,0,0,0,0,265,0,0,0,0,0,0
46,560,47.04958222817922,99995,27,13,1,0,195,120,0.003150157507875394,18,10,49800,49874,152,101,0,0,0,0,0,0,99721,0,0,0,0,0,0,0,0,0,0,274,0,0,0,0,0,0
47,560,48.04800625397371,99995,26,14,1,0,198,122,0.0032001600080004,18,10,49798,49872,155,102,0,0,0,0,0,0,99716,0,0,0,0,0,0,0,0,0,0,279,0,0,0,0,0,0
48,560,49.03200138894189,99995,23,14,1,0,201,127,0.00328016400820041,18,8,49796,49869,160,107,0,0,0,0,0,0,99705,0,0,0,0,0,0,0,0,0,0,290,0,0,0,0,0,0
49,560,50.01622408382134,99995,23,14,1,0,204,128,0.003320166008300415,18,8,49793,49868,163,108,0,0,0,0,0,0,99701,0,0,0,0,0,0,0,0,0,0,294,0,0,0,0,0,0
50,560,51.05110514294439,99995,25,14,1,0,211,130,0.0034101705085254263,14,7,49790,49867,168,110,0,0,0,0,0,0,99694,0,0,0,0,0,0,0,0,0,0,301,0,0,0,0,0,0
51,560,52.154415668962386,99995,26,12,1,0,216,130,0.0034601730086504323,15,9,49786,49865,170,112,0,0,0,0,0,0,99688,0,0,0,0,0,0,0,0,0,0,307,0,0,0,0,0,0
52,560,53.0675762647171,99995,26,13,1,0,220,133,0.0035301765088254413,15,8,49782,49864,174,113,0,0,0,0,0,0,99682,0,0,0,0,0,0,0,0,0,0,313,0,0,0,0,0,0
53,560,54.16520399873694,99995,24,12,1,0,224,134,0.0035801790089504473,14,8,49779,49864,180,114,0,0,0,0,0,0,99674,0,0,0,0,0,0,0,0,0,0,321,0,0,0,0,0,0
54,560,55.115770027101334,99995,23,12,1,0,228,135,0.003630181509075454,13,11,49778,49860,183,115,0,0,0,0,0,0,99668,0,0,0,0,0,0,0,0,0,0,327,0,0,0,0,0,0
55,560,56.290863925785565,99995,23,14,1,0,233,140,0.0037301865093254663,13,7,49774,49859,187,118,0,0,0,0,0,0,99660,0,0,0,0,0,0,0,0,0,0,335,0,0,0,0,0,0
56,560,57.21328327001606,99995,23,13,1,0,236,141,0.0037701885094254713,13,7,49771,49859,190,119,0,0,0,0,0,0,99655,0,0,0,0,0,0,0,0,0,0,340,0,0,0,0,0,0
57,560,58.00850653198547,99995,23,14,1,0,239,143,0.0038201910095504777,11,5,49771,49859,192,120,0,0,0,0,0,0,99651,0,0,0,0,0,0,0,0,0,0,344,0,0,0,0,0,0
58,560,59.1927393072203,99995,23,12,1,0,241,145,0.0038601930096504827,13,5,49768,49857,193,124,0,0,0,0,0,0,99645,0,0,0,0,0,0,0,0,0,0,350,0,0,0,0,0,0
59,560,60.02289402494329,99995,23,11,1,0,243,146,0.0038901945097254862,14,4,49765,49857,195,126,0,0,0,0,0,0,99641,0,0,0,0,0,0,0,0,0,0,354,0,0,0,0,0,0
60,560,61.25465639213963,99995,18,10,1,0,244,147,0.003910195509775489,16,4,49762,49858,201,126,0,0,0,0,0,0,99633,0,0,0,0,0,0,0,0,0,0,362,0,0,0,0,0,0
61,560,62.036987264755034,99995,17,10,1,0,247,148,0.003950197509875494,15,6,49761,49856,204,126,0,0,0,0,0,0,99628,0,0,0,0,0,0,0,0,0,0,367,0,0,0,0,0,0
62,560,63.02147047339971,99995,17,9,1,0,249,149,0.003980199009950497,15,6,49762,49857,203,126,0,0,0,0,0,0,99624,0,0,0,0,0,0,0,0,0,0,371,0,0,0,0,0,0
63,560,64.04485420597852,99995,18,10,1,0,252,150,0.004020201010050502,14,5,49761,49858,204,125,0,0,0,0,0,0,99622,0,0,0,0,0,0,0,0,0,0,373,0,0,0,0,0,0
64,560,65.0172621366183,99995,19,11,1,0,255,152,0.004070203510175509,12,5,49760,49857,206,125,0,0,0,0,0,0,99619,0,0,0,0,0,0,0,0,0,0,376,0,0,0,0,0,0
65,560,66.02929820479632,99995,17,10,1,0,259,154,0.004130206510325516,12,6,49757,49854,211,128,0,0,0,0,0,0,99610,0,0,0,0,0,0,0,0,0,0,385,0,0,0,0,0,0
66,560,67.10013042889385,99995,19,10,1,0,264,155,0.004190209510475524,10,5,49754,49854,214,129,0,0,0,0,0,0,99606,0,0,0,0,0,0,0,0,0,0,389,0,0,0,0,0,0
67,560,68.12575276775428,99995,21,11,1,0,268,157,0.004250212510625531,13,4,49748,49854,215,129,0,0,0,0,0,0,99603,0,0,0,0,0,0,0,0,0,0,392,0,0,0,0,0,0
68,560,69.13571482590338,99995,24,9,1,0,271,157,0.004280214010700535,15,6,49744,49852,214,131,0,0,0,0,0,0,99601,0,0,0,0,0,0,0,0,0,0,394,0,0,0,0,0,0
69,560,70.01546262282864,99995,28,7,1,0,276,157,0.004330216510825541,13,8,49741,49850,215,133,0,0,0,0,0,0,99598,0,0,0,0,0,0,0,0,0,0,397,0,0,0,0,0,0
70,560,71.17006602221171,99995,26,7,1,0,278,160,0.004380219010950547,16,8,49736,49848,219,135,0,0,0,0,0,0,99591,0,0,0,0,0,0,0,0,0,0,404,0,0,0,0,0,0
71,560,72.08145268747947,99995,23,8,1,0,279,162,0.004410220511025551,21,7,49731,49847,222,136,0,0,0,0,0,0,99586,0,0,0,0,0,0,0,0,0,0,409,0,0,0,0,0,0
72,560,73.24172951243577,99995,26,5,1,0,283,162,0.004450222511125556,20,7,49729,49848,222,138,0,0,0,0,0,0,99582,0,0,0,0,0,0,0,0,0,0,413,0,0,0,0,0,0
73,560,74.00384305345334,99995,23,4,1,0,284,164,0.00448022401120056,25,5,49724,49848,225,141,0,0,0,0,0,0,99575,0,0,0,0,0,0,0,0,0,0,420,0,0,0,0,0,0
74,560,75.02355431039817,99995,28,6,1,0,291,166,0.004570228511425571,21,5,49722,49847,226,140,0,0,0,0,0,0,99573,0,0,0,0,0,0,0,0,0,0,422,0,0,0,0,0,0
75,560,76.0486129573427,99995,30,5,1,0,297,166,0.004630231511575579,17,6,49721,49846,229,141,0,0,0,0,0,0,99568,0,0,0,0,0,0,0,0,0,0,427,0,0,0,0,0,0
76,560,77.00774482706856,99994,31,5,2,0,301,166,0.004670280216813009,17,6,49717,49846,231,141,0,0,0,0,0,0,99565,0,0,0,0,0,0,0,0,0,0,429,0,0,0,0,0,0
77,560,78.1057034019097,99994,30,5,2,0,306,166,0.0047202832169930195,17,8,49712,49846,237,139,0,0,0,0,0,0,99559,0,0,0,0,0,0,0,0,0,0,435,0,0,0,0,0,0
78,560,79.00155103554087,99994,31,6,2,0,310,168,0.004780286817209032,16,7,49710,49846,239,139,0,0,0,0,0,0,99555,0,0,0,0,0,0,0,0,0,0,439,0,0,0,0,0,0
79,560,80.0029440055832,99994,35,7,2,0,315,170,0.004850291017461048,15,8,49709,49843,237,140,0,0,0,0,0,0,99553,0,0,0,0,0,0,0,0,0,0,441,0,0,0,0,0,0
80,560,81.12455391455494,99994,29,9,2,0,317,174,0.0049102946176770605,16,7,49707,49840,244,142,0,0,0,0,0,0,99543,0,0,0,0,0,0,0,0,0,0,451,0,0,0,0,0,0
81,560,82.12308419632203,99994,31,7,2,0,322,175,0.004970298217893074,17,8,49701,49838,247,145,0,0,0,0,0,0,99537,0,0,0,0,0,0,0,0,0,0,457,0,0,0,0,0,0
82,560,83.00249645744861,99994,32,4,2,0,326,175,0.005010300618037082,19,10,49695,49836,250,148,0,0,0,0,0,0,99531,0,0,0,0,0,0,0,0,0,0,463,0,0,0,0,0,0
83,560,84.00394667333089,99994,32,11,2,0,331,182,0.005130307818469108,18,6,49692,49833,254,148,0,0,0,0,0,0,99526,0,0,0,0,0,0,0,0,0,0,468,0,0,0,0,0,0
84,560,85.26149259407744,99994,27,7,2,0,333,182,0.005150309018541113,20,9,49689,49831,260,151,0,0,0,0,0,0,99515,0,0,0,0,0,0,0,0,0,0,479,0,0,0,0,0,0
85,560,86.1152232598814,99994,27,8,2,0,340,183,0.00523031381882913,19,10,49684,49829,266,151,0,0,0,0,0,0,99508,0,0,0,0,0,0,0,0,0,0,486,0,0,0,0,0,0
86,560,87.03146881216371,99994,30,9,2,0,344,185,0.0052903174190451424,19,9,49680,49828,267,152,0,0,0,0,0,0,99506,0,0,0,0,0,0,0,0,0,0,488,0,0,0,0,0,0
87,560,88.1882359780419,99994,27,7,2,0,349,185,0.005340320419225154,20,10,49675,49827,274,154,0,0,0,0,0,0,99496,0,0,0,0,0,0,0,0,0,0,498,0,0,0,0,0,0
88,560,89.09369351654057,99994,28,6,2,0,354,186,0.005400324019441166,15,10,49675,49828,278,154,0,0,0,0,0,0,99490,0,0,0,0,0,0,0,0,0,0,504,0,0,0,0,0,0
89,560,90.03659555842637,99994,29,6,2,0,358,187,0.0054503270196211775,13,11,49675,49826,279,155,0,0,0,0,0,0,99486,0,0,0,0,0,0,0,0,0,0,508,0,0,0,0,0,0
90,560,91.02374685861372,99994,30,4,2,0,362,190,0.005520331219873192,12,9,49672,49825,282,160,0,0,0,0,0,0,99478,0,0,0,0,0,0,0,0,0,0,516,0,0,0,0,0,0
91,560,92.08609356925744,99994,33,6,2,0,366,192,0.005580334820089205,11,11,49670,49821,282,160,0,0,0,0,0,0,99477,0,0,0,0,0,0,0,0,0,0,517,0,0,0,0,0,0
92,560,93.01268231478905,99994,30,10,2,0,366,196,0.005620337220233214,12,9,49669,49819,285,160,0,0,0,0,0,0,99474,0,0,0,0,0,0,0,0,0,0,520,0,0,0,0,0,0
93,560,94.01132837720642,99994,34,14,2,0,373,202,0.005750345020701242,5,5,49670,49817,287,162,0,0,0,0,0,0,99469,0,0,0,0,0,0,0,0,0,0,525,0,0,0,0,0,0
94,560,95.08916781291816,99994,33,14,2,0,374,203,0.005770346220773246,8,7,49669,49814,286,163,0,0,0,0,0,0,99466,0,0,0,0,0,0,0,0,0,0,528,0,0,0,0,0,0
95,560,96.06920887717442,99994,35,15,2,0,379,207,0.005860351621097266,8,5,49665,49812,288,166,0,0,0,0,0,0,99460,0,0,0,0,0,0,0,0,0,0,534,0,0,0,0,0,0
96,560,97.10298901520147,99994,34,15,2,0,380,210,0.005900354021241274,14,4,49659,49810,289,169,0,0,0,0,0,0,99455,0,0,0,0,0,0,0,0,0,0,539,0,0,0,0,0,0
97,560,98.08136167609676,99994,29,12,2,0,382,210,0.005920355221313279,19,5,49653,49810,295,171,0,0,0,0,0,0,99445,0,0,0,0,0,0,0,0,0,0,549,0,0,0,0,0,0
98,560,99.15703318318313,99994,26,13,2,0,385,212,0.005970358221493289,20,4,49650,49809,300,172,0,0,0,0,0,0,99438,0,0,0,0,0,0,0,0,0,0,556,0,0,0,0,0,0
99,560,100.09378229066387,99994,29,13,2,0,389,212,0.006010360621637298,19,6,49648,49808,300,171,0,0,0,0,0,0,99437,0,0,0,0,0,0,0,0,0,0,557,0,0,0,0,0,0
100,560,101.09180972046946,99994,31,12,2,0,395,214,0.006090365421925315,15,5,49648,49807,302,174,0,0,0,0,0,0,99430,0,0,0,0,0,0,0,0,0,0,564,0,0,0,0,0,0
101,560,102.05548394552794,99994,32,12,2,0,399,217,0.00616036962217733,14,9,49645,49800,305,177,0,0,0,0,0,0,99424,0,0,0,0,0,0,0,0,0,0,570,0,0,0,0,0,0
102,560,103.1420554439634,99994,28,15,2,0,401,221,0.006220373222393344,16,7,49643,49798,309,178,0,0,0,0,0,0,99418,0,0,1,0,0,0,0,0,0,0,575,0,0,0,0,0,0
103,560,104.1992853906919,99994,28,16,2,0,403,222,0.0062503750225013505,18,8,49639,49796,311,178,0,0,0,0,0,0,99416,0,0,1,0,0,0,0,0,0,0,577,0,0,0,0,0,0
104,560,105.04365601080602,99994,27,17,2,0,406,224,0.006300378022681361,24,8,49630,49795,315,178,0,0,0,0,0,0,99411,0,0,1,0,0,0,0,0,0,0,582,0,0,0,0,0,0
105,560,106.08440848164479,99994,32,14,2,0,416,225,0.006410384623077385,19,12,49628,49791,317,181,0,0,0,0,0,0,99402,0,0,1,0,0,0,0,0,0,0,591,0,0,0,0,0,0
106,560,107.13277981326746,99994,31,14,2,0,421,225,0.006460387623257395,22,15,49620,49789,323,180,0,0,0,0,0,0,99396,0,0,1,0,0,0,0,0,0,0,597,0,0,0,0,0,0
107,560,108.06247022939344,99994,32,15,2,0,423,228,0.006510390623437406,23,15,49617,49786,324,182,0,0,0,0,0,0,99393,0,0,1,0,0,0,0,0,0,0,600,0,0,0,0,0,0
108,560,109.02365070504786,99994,37,18,2,0,431,233,0.006640398423905435,18,11,49614,49785,327,184,0,0,0,0,0,0,99388,0,0,1,0,0,0,0,0,0,0,605,0,0,0,0,0,0
109,560,110.0432730674542,99994,30,20,2,0,433,237,0.006700402024121447,21,13,49611,49780,334,185,0,0,0,0,0,0,99377,0,0,1,0,0,0,0,0,0,0,616,0,0,0,0,0,0
110,560,111.0974845794174,99994,33,17,2,0,439,240,0.006790407424445467,18,12,49610,49778,335,191,0,0,0,0,0,0,99368,0,0,1,0,0,0,0,0,0,0,625,0,0,0,0,0,0
111,560,112.01257578782617,99994,33,17,2,0,442,243,0.006850411024661479,19,14,49607,49773,337,194,0,0,0,0,0,0,99362,0,0,1,0,0,0,0,0,0,0,631,0,0,0,0,0,0
112,560,113.26265943044956,99994,31,17,2,0,447,246,0.006930415824949497,21,14,49601,49771,343,196,0,0,0,0,0,0,99352,0,0,1,0,0,0,0,0,0,0,641,0,0,0,0,0,0
113,560,114.05052536570732,99994,27,21,2,0,449,252,0.007010420625237514,24,9,49597,49770,348,198,0,0,0,0,0,0,99344,0,0,1,0,0,0,0,0,0,0,649,0,0,0,0,0,0
114,560,115.05696050894275,99994,28,18,2,0,457,254,0.007110426625597536,23,12,49591,49767,354,201,0,0,0,0,0,0,99332,0,0,1,0,0,0,0,0,0,0,661,0,0,0,0,0,0
115,560,116.05400996671887,99994,26,16,2,0,462,255,0.007170430225813549,24,17,49585,49761,361,204,0,0,0,0,0,0,99322,0,0,1,0,0,0,0,0,0,0,671,0,0,0,0,0,0
116,560,117.02541686997867,99994,27,17,2,0,466,257,0.007230433826029562,25,17,49581,49761,363,203,0,0,0,0,0,0,99318,0,0,1,0,0,0,0,0,0,0,675,0,0,0,0,0,0
117,560,118.13343894554473,99994,33,23,2,0,472,265,0.007370442226533592,26,14,49574,49757,363,204,0,0,0,0,0,0,99316,0,0,1,0,0,0,0,0,0,0,677,0,0,0,0,0,0
118,560,119.02163013969323,99994,31,25,2,0,479,272,0.0075104506270376225,26,12,49569,49752,370,209,0,0,0,0,0,0,99302,0,0,1,0,0,0,0,0,0,0,691,0,0,0,0,0,0
119,560,120.06574376202255,99994,36,26,2,0,488,278,0.0076604596275776544,23,11,49563,49747,374,214,0,0,0,0,0,0,99293,0,0,1,0,0,0,0,0,0,0,700,0,0,0,0,0,0
120,560,121.03413138816556,99994,30,24,2,0,493,280,0.00773046382782967,24,12,49558,49744,384,218,0,0,0,0,0,0,99278,0,0,1,0,0,0,0,0,0,0,715,0,0,0,0,0,0
121,560,122.26678271312333,99994,30,23,2,0,499,283,0.007820469228153689,21,13,49557,49740,388,222,0,0,0,0,0,0,99268,0,0,1,0,0,0,0,0,0,0,725,0,0,0,0,0,0
122,560,123.02811227637164,99994,27,20,2,0,503,285,0.007880472828369702,19,13,49556,49740,394,225,0,0,0,0,0,0,99256,0,0,1,0,0,0,0,0,0,0,737,0,0,0,0,0,0
123,560,124.03558140612384,99994,29,24,2,0,509,291,0.008000480028801727,20,11,49551,49736,396,227,0,0,0,0,0,0,99250,0,0,1,0,0,0,0,0,0,0,743,0,0,0,0,0,0
124,560,125.03206008214725,99994,34,23,2,0,514,291,0.00805048302898174,19,13,49548,49735,395,227,0,0,0,0,0,0,99249,0,0,1,0,0,0,0,0,0,0,744,0,0,0,0,0,0
125,560,126.05581087675868,99994,33,22,2,0,521,293,0.008140488429305759,17,16,49544,49730,402,230,0,0,0,0,0,0,99238,0,0,1,0,0,0,0,0,0,0,755,0,0,0,0,0,0
126,560,127.15942878819945,99994,32,21,2,0,525,295,0.00820049202952177,17,21,49540,49723,407,233,0,0,0,0,0,0,99230,0,0,1,0,0,0,0,0,0,0,763,0,0,0,0,0,0
127,560,128.07121813888443,99994,27,22,2,0,526,299,0.008250495029701783,18,21,49540,49721,411,234,0,0,0,0,0,0,99221,0,0,1,0,0,0,0,0,0,0,772,0,0,0,0,0,0
128,560,129.03065633230253,99994,29,25,2,0,530,304,0.008340500430025802,14,18,49541,49719,412,236,0,0,0,0,0,0,99217,0,0,1,0,0,0,0,0,0,0,776,0,0,0,0,0,0
129,560,130.24091756109405,99994,34,24,2,0,538,306,0.008440506430385823,17,20,49531,49716,414,238,0,0,0,0,0,0,99211,0,0,1,0,0,0,0,0,0,0,782,0,0,0,0,0,0
130,560,131.07819585122124,99994,33,24,2,0,539,309,0.008480508830529832,25,22,49525,49711,413,241,0,0,0,0,0,0,99206,0,0,1,0,0,0,0,0,0,0,787,0,0,0,0,0,0
131,560,132.0675145029348,99994,35,27,2,0,545,313,0.008580514830889853,22,18,49524,49711,415,242,0,0,0,0,0,0,99201,0,0,1,0,0,0,0,0,0,0,792,0,0,0,0,0,0
132,560,133.17686402914075,99994,38,27,2,0,551,318,0.008690521431285876,23,18,49517,49708,418,245,0,0,0,0,0,0,99193,0,0,1,0,0,0,0,0,0,0,800,0,0,0,0,0,0
133,560,134.12911913852187,99994,43,28,2,0,564,326,0.008900534032041923,24,11,49503,49707,426,252,0,0,0,0,0,0,99178,0,0,1,0,0,0,0,0,0,0,815,0,0,0,0,0,0
134,560,135.30614661093094,99994,44,25,2,0,571,329,0.009000540032401944,27,12,49494,49704,431,257,0,0,0,0,0,0,99167,0,0,2,0,0,0,0,0,0,0,825,0,0,0,0,0,0
135,560,136.19632502221847,99994,42,27,2,0,575,331,0.009060543632617957,28,13,49492,49701,434,257,0,0,0,0,0,0,99161,0,0,2,0,0,0,0,0,0,0,831,0,0,0,0,0,0
136,560,137.19546883605375,99994,40,27,2,0,580,337,0.009170550233013981,28,11,49488,49698,440,262,0,0,0,0,0,0,99148,0,0,2,0,0,0,0,0,0,0,844,0,0,0,0,0,0
137,560,138.2358987670436,99994,45,25,2,0,594,340,0.009340560433626018,27,11,49475,49696,449,266,0,0,0,0,0,0,99134,0,0,2,0,0,0,0,0,0,0,858,0,0,0,0,0,0
138,560,139.27627574065275,99994,46,23,2,0,599,343,0.009420565233914035,33,14,49465,49691,452,270,0,0,0,0,0,0,99125,0,0,2,0,0,0,0,0,0,0,867,0,0,0,0,0,0
139,560,140.1717972445767,99994,48,27,2,0,604,347,0.009510570634238054,37,11,49457,49690,454,270,0,0,0,0,0,0,99122,0,0,2,0,0,0,0,0,0,0,870,0,0,0,0,0,0
140,560,141.12120555806504,99994,42,28,2,0,610,351,0.009610576634598076,39,12,49451,49685,464,273,0,0,0,0,0,0,99107,0,0,2,0,0,0,0,0,0,0,885,0,0,0,0,0,0
141,560,142.07196224741347,99994,41,27,2,0,613,353,0.009660579634778087,41,12,49447,49684,467,275,0,0,0,0,0,0,99100,0,0,2,0,0,0,0,0,0,0,892,0,0,0,0,0,0
142,560,143.10079506370587,99994,37,31,2,0,619,357,0.009760585635138107,43,12,49441,49681,475,274,0,0,0,0,0,0,99090,0,0,2,0,0,0,0,0,0,0,902,0,0,0,0,0,0
143,560,144.07994995047227,99994,46,33,2,0,634,360,0.009940596435786148,34,11,49438,49681,478,273,0,0,0,0,0,0,99083,0,0,2,0,0,0,0,0,0,0,909,0,0,0,0,0,0
144,560,145.15110337304554,99994,48,33,2,0,643,362,0.01005060303618217,31,14,49433,49678,484,273,0,0,0,0,0,0,99074,0,0,2,0,0,0,0,0,0,0,918,0,0,0,0,0,0
145,560,146.0851361061013,99994,46,32,2,0,653,365,0.010180610836650198,29,20,49431,49672,490,274,0,0,0,0,0,0,99058,0,0,2,0,0,0,0,0,0,0,934,0,0,0,0,0,0
146,560,147.22640322978015,99994,49,35,2,0,661,371,0.01032061923715423,29,19,49427,49668,491,276,0,0,0,0,0,0,99050,0,0,2,0,0,0,0,0,0,0,942,0,0,0,0,0,0
147,560,148.09294884531562,99994,49,33,2,0,665,375,0.010400624037442246,34,21,49420,49664,493,280,0,0,0,0,0,0,99040,0,0,2,0,0,0,0,0,0,0,952,0,0,0,0,0,0
148,560,149.04666260622662,99994,49,39,2,0,669,382,0.01051063063783827,39,17,49413,49663,495,279,0,0,0,0,0,0,99035,0,0,2,0,0,0,0,0,0,0,957,0,0,0,0,0,0
149,560,150.25483911445457,99994,51,39,2,0,677,385,0.010620637238234294,35,19,49410,49660,500,280,0,0,0,0,0,0,99026,0,0,2,0,0,0,0,0,0,0,966,0,0,0,0,0,0
150,560,151.0335583630679,99994,53,38,2,0,683,390,0.010730643838630318,31,16,49409,49660,503,284,0,0,0,0,0,0,99016,0,0,2,0,0,0,0,0,0,0,976,0,0,0,0,0,0
151,560,152.30413435004476,99994,47,36,2,0,689,394,0.01083064983899034,38,22,49400,49650,511,290,0,0,0,0,0,0,98998,0,0,2,0,0,0,0,0,0,0,994,0,0,0,0,0,0
152,560,153.29562444535333,99994,46,36,2,0,697,399,0.010960657639458367,38,21,49393,49647,519,294,0,0,0,0,0,0,98985,0,0,3,0,0,0,0,0,0,0,1006,0,0,0,0,0,0
153,560,154.2872444071745,99994,43,34,2,0,702,403,0.011050663039782386,43,24,49384,49641,526,299,0,0,0,0,0,0,98971,0,0,3,0,0,0,0,0,0,0,1020,0,0,0,0,0,0
154,560,155.27904378231383,99994,43,39,2,0,709,410,0.011190671440286418,48,19,49373,49642,532,298,0,0,0,0,0,0,98962,0,0,3,0,0,0,0,0,0,0,1029,0,0,0,0,0,0
155,560,156.05624749530153,99994,47,42,2,0,716,415,0.011310678640718443,46,18,49368,49640,535,298,0,0,0,0,0,0,98958,0,0,4,0,0,0,0,0,0,0,1032,0,0,0,0,0,0
156,560,157.19856642702035,99994,54,36,2,0,732,418,0.011500690041402485,45,25,49354,49630,543,307,0,0,0,0,0,0,98940,0,0,4,0,0,0,0,0,0,0,1050,0,0,0,0,0,0
157,560,158.1908165813448,99994,59,35,2,0,744,425,0.011690701442086525,46,23,49341,49627,550,313,0,0,0,0,0,0,98925,0,0,4,0,0,0,0,0,0,0,1065,0,0,0,0,0,0
158,560,159.22273680911056,99994,60,35,2,0,751,430,0.011810708642518552,54,25,49326,49621,556,317,0,0,0,0,0,0,98915,0,0,5,0,0,0,0,0,0,0,1074,0,0,0,0,0,0
159,560,160.2153801712641,99994,63,32,2,0,762,435,0.011970718243094586,50,27,49322,49615,561,324,0,0,0,0,0,0,98900,0,0,6,0,0,0,0,0,0,0,1088,0,0,0,0,0,0
160,560,161.2081447319142,99994,71,36,2,0,779,441,0.012200732043922635,39,29,49317,49609,569,324,0,0,0,0,0,0,98889,0,0,6,0,0,0,0,0,0,0,1099,0,0,0,0,0,0
161,560,162.20100155799753,99994,70,40,2,0,787,447,0.012340740444426665,42,29,49307,49603,577,326,0,0,0,0,0,0,98878,0,0,6,0,0,0,0,0,0,0,1110,0,0,0,0,0,0
162,560,163.1940307342246,99994,72,39,2,0,800,453,0.012530751845110707,35,27,49302,49600,587,332,0,0,0,0,0,0,98860,0,0,6,0,0,0,0,0,0,0,1128,0,0,0,0,0,0
163,560,164.18720272710223,99994,70,42,2,0,809,458,0.012670760245614737,33,25,49298,49598,595,333,0,0,0,0,0,0,98847,0,0,6,0,0,0,0,0,0,0,1141,0,0,0,0,0,0
164,560,165.24990330760878,99994,67,45,2,0,816,466,0.01282076924615477,29,18,49298,49599,602,336,0,0,0,0,0,0,98832,0,0,6,0,0,0,0,0,0,0,1156,0,0,0,0,0,0
165,560,166.182496545732,99994,70,40,2,0,825,473,0.012980778846730804,27,18,49293,49594,606,346,0,0,0,0,0,0,98814,0,0,6,0,0,0,0,0,0,0,1174,0,0,0,0,0,0
166,560,167.22509315734044,99994,63,39,2,0,833,479,0.013120787247234833,34,22,49285,49585,614,352,0,0,0,0,0,0,98792,0,0,6,0,0,0,0,0,0,0,1196,0,0,0,0,0,0
167,560,168.21874527770942,99994,61,36,2,0,842,481,0.013230793847630857,37,23,49274,49583,624,356,0,0,0,0,0,0,98776,0,0,6,0,0,0,0,0,0,0,1212,0,0,0,0,0,0
168,560,169.21262117157107,99994,62,34,2,0,852,485,0.013370802248134889,36,24,49269,49578,629,362,0,0,0,0,0,0,98761,0,0,6,0,0,0,0,0,0,0,1227,0,0,0,0,0,0
169,560,170.20662494125807,99994,67,33,2,0,863,490,0.013530811848710923,38,21,49256,49578,635,366,0,0,0,0,0,0,98749,0,0,6,0,0,0,0,0,0,0,1239,0,0,0,0,0,0
170,560,171.2007878601911,99994,69,37,2,0,873,496,0.013690821449286957,37,22,49250,49573,640,366,0,0,0,0,0,0,98739,0,0,6,0,0,0,0,0,0,0,1249,0,0,0,0,0,0
171,560,172.19505028210963,99993,70,42,2,1,880,504,0.013840968867820748,42,23,49240,49565,644,367,0,0,0,0,0,0,98730,0,0,6,0,0,0,0,0,0,0,1257,0,0,0,0,0,0
172,560,173.18943025904974,99993,73,44,2,1,889,511,0.014000980068604802,44,22,49231,49560,648,371,0,0,0,0,0,0,98719,0,0,6,0,0,0,0,0,0,0,1268,0,0,0,0,0,0
173,560,174.1839307562034,99993,74,41,2,1,901,512,0.014130989169241846,45,28,49222,49555,655,373,0,0,0,0,0,0,98704,0,0,6,0,0,0,0,0,0,0,1283,0,0,0,0,0,0
174,560,175.17856405577223,99993,84,43,2,1,921,520,0.014411008770613944,38,22,49215,49554,659,378,0,0,0,0,0,0,98688,0,0,6,0,0,0,0,0,0,0,1299,0,0,0,0,0,0
175,560,176.17333954841865,99993,80,47,2,1,929,530,0.014591021371496005,45,18,49202,49550,669,382,0,0,0,0,0,0,98671,0,0,7,0,0,0,0,0,0,0,1315,0,0,0,0,0,0
176,560,177.05219038535816,99993,80,50,2,1,935,537,0.01472103047213305,49,17,49194,49545,673,385,0,0,0,0,0,0,98661,0,0,7,0,0,0,0,0,0,0,1325,0,0,0,0,0,0
177,560,178.30867062646354,99993,79,48,2,1,946,541,0.0148710409728681,50,15,49184,49545,683,389,0,0,0,0,0,0,98643,0,0,7,0,0,0,0,0,0,0,1343,0,0,0,0,0,0
178,560,179.02863158525557,99993,76,47,2,1,951,544,0.014951046573260128,59,13,49170,49548,691,389,0,0,0,0,0,0,98631,0,0,7,0,0,0,0,0,0,0,1355,0,0,0,0,0,0
179,560,180.2801903142753,99993,81,43,2,1,970,551,0.015211064774534218,55,17,49155,49541,705,396,0,0,0,0,0,0,98606,0,0,7,0,0,0,0,0,0,0,1380,0,0,0,0,0,0
180,560,181.08758823243934,99993,84,43,2,1,985,554,0.01539107737541628,52,21,49145,49535,715,398,0,0,0,0,0,0,98591,0,0,7,0,0,0,0,0,0,0,1395,0,0,0,0,0,0
181,560,182.07836359510685,99993,83,46,2,1,995,561,0.015561089276249338,51,22,49137,49528,725,401,0,0,0,0,0,0,98576,0,0,7,0,0,0,0,0,0,0,1410,0,0,0,0,0,0
182,560,183.07459306711038,99993,91,42,2,1,1010,567,0.01577110397727841,47,20,49129,49525,729,410,0,0,0,0,0,0,98559,0,0,7,0,0,0,0,0,0,0,1427,0,0,0,0,0,0
183,560,184.089654345681,99993,88,43,2,1,1019,571,0.015901113077915453,46,18,49122,49524,740,412,0,0,0,0,0,0,98544,0,0,7,0,0,0,0,0,0,0,1442,0,0,0,0,0,0
184,560,185.1415786744288,99993,82,38,2,1,1035,574,0.01609112637884652,45,23,49111,49518,758,418,0,0,0,0,0,0,98514,0,0,7,0,0,0,0,0,0,0,1472,0,0,0,0,0,0
185,560,186.13843342573352,99993,85,33,2,1,1048,579,0.01627113897972858,44,22,49102,49516,765,426,0,0,0,0,0,0,98495,0,0,8,0,0,0,0,0,0,0,1490,0,0,0,0,0,0
186,560,187.1354913516731,99993,79,36,2,1,1057,585,0.016421149480463634,49,19,49090,49515,778,427,0,0,0,0,0,0,98477,0,0,8,0,0,0,0,0,0,0,1508,0,0,0,0,0,0
187,560,188.2687808821486,99993,76,40,2,1,1071,592,0.016631164181492703,41,22,49088,49505,791,430,0,0,0,0,0,0,98457,0,0,8,0,0,0,0,0,0,0,1528,0,0,0,0,0,0
188,560,189.26620239419196,99993,78,35,2,1,1081,593,0.016741171882031742,40,26,49083,49501,795,435,0,0,0,0,0,0,98443,0,0,8,0,0,0,0,0,0,0,1542,0,0,0,0,0,0
189,560,190.26372115616152,99993,83,39,2,1,1097,601,0.016981188683207825,31,23,49077,49498,805,437,0,0,0,0,0,0,98428,0,0,8,0,0,0,0,0,0,0,1557,0,0,0,0,0,0
190,560,191.0021408673062,99993,76,44,2,1,1100,608,0.01708119568369786,37,19,49071,49498,812,436,0,0,0,0,0,0,98416,0,0,8,0,0,0,0,0,0,0,1569,0,0,0,0,0,0
191,560,192.161732949338,99993,80,40,2,1,1115,614,0.017291210384726932,47,21,49050,49492,819,444,0,0,0,0,0,0,98395,0,0,8,0,0,0,0,0,0,0,1590,0,0,0,0,0,0
192,560,193.15980203242404,99993,85,41,2,1,1129,619,0.017481223685657996,47,28,49040,49481,824,447,0,0,0,0,0,0,98382,0,0,8,0,0,0,0,0,0,0,1603,0,0,0,0,0,0
193,560,194.15800803839983,99993,91,41,2,1,1144,625,0.01769123838668707,40,27,49033,49478,832,451,0,0,0,0,0,0,98367,0,0,8,0,0,0,0,0,0,0,1618,0,0,0,0,0,0
194,560,195.15638522489155,99993,81,44,2,1,1150,633,0.017831248187373114,42,24,49030,49475,843,454,0,0,0,0,0,0,98346,0,0,8,0,0,0,0,0,0,0,1639,0,0,0,0,0,0
195,560,196.15489584679113,99993,72,43,2,1,1152,642,0.017941255887912153,51,19,49021,49471,852,464,0,0,0,0,0,0,98325,0,0,8,0,0,0,0,0,0,0,1660,0,0,0,0,0,0
196,560,197.1012289157812,99993,77,44,2,1,1162,648,0.018101267088696207,52,21,49011,49468,856,464,0,0,0,0,0,0,98315,0,0,8,0,0,0,0,0,0,0,1670,0,0,0,0,0,0
197,560,198.10005971733145,99993,79,48,2,1,1175,655,0.018301281089676276,52,25,49000,49459,865,465,0,0,0,0,0,0,98301,0,0,8,0,0,0,0,0,0,0,1684,0,0,0,0,0,0
198,560,199.09907609719542,99993,81,49,2,1,1190,664,0.01854129789085236,60,17,48983,49460,872,471,0,0,0,0,0,0,98280,0,0,8,0,0,0,0,0,0,0,1705,0,0,0,0,0,0
199,560,200.3003833471428,99993,84,46,2,1,1206,670,0.018761313291930436,50,29,48980,49443,882,479,0,0,0,0,0,0,98258,0,0,8,0,0,0,0,0,0,0,1727,0,0,0,0,0,0
200,560,201.29973787283538,99993,89,45,2,1,1218,674,0.01892132449271449,53,32,48967,49439,887,481,0,0,0,0,0,0,98246,0,0,8,0,0,0,0,0,0,0,1739,0,0,0,0,0,0
201,560,202.29929489824,99993,94,44,2,1,1229,682,0.019111337793645555,67,28,48945,49438,890,487,0,0,0,0,0,0,98231,0,0,8,0,0,0,0,0,0,0,1754,0,0,0,0,0,0
202,560,203.29911479551114,99993,96,45,2,1,1243,688,0.019311351794625623,66,26,48939,49434,895,492,0,0,0,0,0,0,98214,0,0,8,0,0,0,0,0,0,0,1771,0,0,0,0,0,0
203,560,204.2990920148096,99993,109,48,2,1,1268,693,0.019611372796095726,54,31,48928,49427,905,491,0,0,0,0,0,0,98200,0,0,8,0,0,0,0,0,0,0,1785,0,0,0,0,0,0
204,560,205.29924225554345,99993,106,50,2,1,1281,703,0.019841388897222804,61,27,48908,49423,921,497,0,0,0,0,0,0,98176,0,0,8,0,0,0,0,0,0,0,1809,0,0,0,0,0,0
205,560,206.2997431741626,99993,103,51,2,1,1295,708,0.020031402198153872,60,28,48897,49418,936,500,0,0,0,0,0,0,98155,0,0,8,0,0,0,0,0,0,0,1830,0,0,0,0,0,0
206,560,207.30050004231094,99992,97,59,3,1,1308,718,0.020261620929674373,64,31,48884,49406,950,501,0,0,0,0,0,0,98134,0,0,8,0,0,0,0,0,0,0,1850,0,0,0,0,0,0
207,560,208.30149105864507,99992,98,65,3,1,1324,730,0.020541643331466516,61,30,48874,49398,962,504,0,0,0,0,0,0,98113,0,0,8,0,0,0,0,0,0,0,1871,0,0,0,0,0,0
208,560,209.30263626903997,99992,103,68,3,1,1343,743,0.020861668933514682,63,25,48857,49393,972,511,0,0,0,0,0,0,98090,0,0,9,0,0,0,0,0,0,0,1893,0,0,0,0,0,0
209,560,210.30407797641587,99992,110,72,3,1,1366,751,0.02117169373549884,62,24,48837,49387,986,514,0,0,0,0,0,0,98070,0,0,9,0,0,0,0,0,0,0,1913,0,0,0,0,0,0
210,560,211.30583496186205,99992,115,66,3,1,1385,755,0.02140171213697096,62,28,48822,49380,996,523,0,0,0,0,0,0,98046,0,0,9,0,0,0,0,0,0,0,1937,0,0,0,0,0,0
211,560,212.30790502446825,99991,115,67,3,2,1399,763,0.021621945975137762,72,30,48803,49371,1005,528,0,0,0,0,0,0,98025,0,0,9,0,0,0,0,0,0,0,1957,0,0,0,0,0,0
212,560,213.31023149630875,99991,110,58,3,2,1412,770,0.021821963976757907,70,38,48794,49357,1021,543,0,0,0,0,0,0,97991,0,0,9,0,0,0,0,0,0,0,1991,0,0,0,0,0,0
213,560,214.31278535067153,99990,119,62,3,3,1435,783,0.022182218221822182,65,37,48779,49348,1032,548,0,0,0,0,0,0,97968,0,0,9,0,0,0,0,0,0,0,2013,0,0,0,0,0,0
214,560,215.31559018404715,99990,116,64,3,3,1451,791,0.022422242224222424,71,37,48763,49343,1045,551,0,0,0,0,0,0,97943,0,0,9,0,0,0,0,0,0,0,2038,0,0,0,0,0,0
215,560,216.31872199970832,99990,119,65,3,3,1470,799,0.022692269226922693,69,39,48747,49334,1060,557,0,0,0,0,0,0,97921,0,0,10,0,0,0,0,0,0,0,2059,0,0,0,0,0,0
216,560,217.32209985689815,99990,124,69,3,3,1488,811,0.02299229922992299,67,36,48739,49326,1065,564,0,0,0,0,0,0,97901,0,0,11,0,0,0,0,0,0,0,2078,0,0,0,0,0,0
217,560,218.32565140218387,99990,137,62,3,3,1515,819,0.023342334233423342,68,40,48718,49315,1072,578,0,0,0,0,0,0,97872,0,0,11,0,0,0,0,0,0,0,2107,0,0,0,0,0,0
218,560,219.32951640563786,99990,123,61,3,3,1525,828,0.023532353235323534,85,44,48695,49305,1092,585,0,0,0,0,0,0,97838,0,0,11,0,0,0,0,0,0,0,2141,0,0,0,0,0,0
219,560,220.3338259457396,99990,129,68,3,3,1548,842,0.023902390239023904,78,38,48679,49299,1109,590,0,0,0,0,0,0,97814,0,0,11,0,0,0,0,0,0,0,2165,0,0,0,0,0,0
220,560,221.00353062604054,99990,132,61,3,3,1558,846,0.02404240424042404,82,39,48669,49294,1112,601,0,0,0,0,0,0,97796,0,0,11,0,0,0,0,0,0,0,2183,0,0,0,0,0,0
221,560,222.00831689117425,99990,137,53,3,3,1580,851,0.02431243124312431,87,45,48645,49286,1126,611,0,0,0,0,0,0,97766,0,0,11,0,0,0,0,0,0,0,2213,0,0,0,0,0,0
222,560,223.0134539468979,99990,138,49,3,3,1598,861,0.024592459245924594,88,46,48631,49276,1138,624,0,0,0,0,0,0,97735,0,0,11,0,0,0,0,0,0,0,2244,0,0,0,0,0,0
223,560,224.01891682749948,99990,130,56,3,3,1612,874,0.024862486248624863,97,47,48614,49264,1154,628,0,0,0,0,0,0,97708,0,0,12,0,0,0,0,0,0,0,2270,0,0,0,0,0,0
224,560,225.02461089355353,99990,143,73,3,3,1641,896,0.02537253725372537,95,34,48596,49259,1161,629,0,0,0,0,0,0,97687,0,0,12,0,0,0,0,0,0,0,2291,0,0,0,0,0,0
225,560,226.0305908545517,99990,148,70,3,3,1663,906,0.02569256925692569,100,35,48574,49249,1173,641,0,0,0,0,0,0,97657,0,0,12,0,0,0,0,0,0,0,2321,0,0,0,0,0,0
226,560,227.0369958196907,99990,143,66,3,3,1688,915,0.026032603260326033,99,41,48556,49234,1197,654,0,0,0,0,0,0,97614,0,0,12,0,0,0,0,0,0,0,2364,0,0,0,0,0,0
227,560,228.04379892902006,99990,139,64,3,3,1709,928,0.02637263726372637,95,35,48543,49229,1218,667,0,0,0,0,0,0,97574,0,0,12,0,0,0,0,0,0,0,2404,0,0,0,0,0,0
228,560,229.05098556193096,99990,143,66,3,3,1732,939,0.026712671267126713,91,35,48526,49222,1235,672,0,0,0,0,0,0,97546,0,0,12,0,0,0,0,0,0,0,2432,0,0,0,0,0,0
229,560,230.05851225542264,99990,158,65,3,3,1761,947,0.027082708270827083,92,41,48501,49209,1244,680,0,0,0,0,0,0,97523,0,0,12,0,0,0,0,0,0,0,2455,0,0,0,0,0,0
230,560,231.06639759624073,99990,156,70,3,3,1784,959,0.02743274327432743,92,41,48478,49198,1269,686,0,0,0,0,0,0,97491,0,0,12,0,0,0,0,0,0,0,2487,0,0,0,0,0,0
231,560,232.07469154002482,99990,164,70,3,3,1807,970,0.027772777277727773,97,38,48461,49190,1273,697,0,0,0,0,0,0,97466,0,0,13,0,0,0,0,0,0,0,2511,0,0,0,0,0,0
232,560,233.08323629924658,99990,174,68,3,3,1838,978,0.028162816281628162,93,38,48438,49184,1290,705,0,0,0,0,0,0,97435,0,0,13,0,0,0,0,0,0,0,2542,0,0,0,0,0,0
233,560,234.09217711863917,99990,181,72,3,3,1864,987,0.028512851285128513,87,40,48420,49176,1307,707,0,0,0,0,0,0,97411,0,0,13,0,0,0,0,0,0,0,2566,0,0,0,0,0,0
234,560,235.10147334933325,99990,182,74,3,3,1891,998,0.028892889288928893,87,39,48398,49167,1328,715,0,0,0,0,0,0,97376,0,0,13,0,0,0,0,0,0,0,2601,0,0,0,0,0,0
235,560,236.1112209045945,99990,174,76,3,3,1913,1009,0.029222922292229222,87,45,48378,49152,1356,722,0,0,0,0,0,0,97337,0,0,13,0,0,0,0,0,0,0,2640,0,0,0,0,0,0
236,560,237.12141541130427,99990,170,83,3,3,1934,1022,0.029562956295629564,94,41,48358,49144,1373,727,0,0,0,0,0,0,97307,0,0,14,0,0,0,0,0,0,0,2669,0,0,0,0,0,0
237,560,238.13201254509138,99990,176,80,3,3,1962,1028,0.029902990299029902,96,48,48330,49134,1393,733,0,0,0,0,0,0,97276,0,0,14,0,0,0,0,0,0,0,2700,0,0,0,0,0,0
238,560,239.14307859721848,99990,175,73,3,3,1987,1034,0.030213021302130213,86,56,48320,49123,1414,743,0,0,0,0,0,0,97237,0,0,14,0,0,0,0,0,0,0,2739,0,0,0,0,0,0
239,560,240.15449386428008,99990,170,78,3,3,2010,1048,0.030583058305830583,93,57,48297,49113,1435,747,0,0,0,0,0,0,97200,0,0,14,0,0,0,0,0,0,0,2776,0,0,0,0,0,0
240,560,241.16632893192752,99990,166,76,3,3,2031,1058,0.030893089308930893,96,58,48279,49105,1454,756,0,0,0,0,0,0,97164,0,0,15,0,0,0,0,0,0,0,2811,0,0,0,0,0,0
241,560,242.17855395353794,99990,179,74,3,3,2056,1072,0.03128312831283128,97,52,48258,49099,1461,770,0,0,0,0,0,0,97137,0,0,16,0,0,0,0,0,0,0,2837,0,0,0,0,0,0
242,560,243.1911475389174,99990,186,75,3,3,2086,1088,0.03174317431743175,102,50,48224,49086,1483,784,0,0,0,0,0,0,97100,0,0,17,0,0,0,0,0,0,0,2873,0,0,0,0,0,0
243,560,244.2042641251071,99990,189,83,3,3,2116,1107,0.032233223322332236,91,45,48214,49073,1501,794,0,0,0,0,0,0,97063,0,0,18,0,0,0,0,0,0,0,2909,0,0,0,0,0,0
244,560,245.21767686147044,99990,188,87,3,3,2141,1126,0.032673267326732675,95,43,48193,49057,1519,808,0,0,0,0,0,0,97022,0,0,18,0,0,0,0,0,0,0,2950,0,0,0,0,0,0
245,560,246.2314376241449,99990,179,86,3,3,2167,1136,0.03303330333033303,89,50,48182,49041,1545,818,0,0,0,0,0,0,96976,0,0,18,0,0,0,0,0,0,0,2996,0,0,0,0,0,0
246,560,247.24560805583428,99990,172,90,3,3,2191,1151,0.03342334233423342,93,54,48161,49022,1569,829,0,0,0,0,0,0,96934,0,0,18,0,0,0,0,0,0,0,3038,0,0,0,0,0,0
247,560,248.2602190213888,99990,154,87,3,3,2211,1161,0.03372337233723372,97,55,48142,49016,1602,837,0,0,0,0,0,0,96883,0,0,18,0,0,0,0,0,0,0,3089,0,0,0,0,0,0
248,560,249.27539519712562,99990,148,90,3,3,2234,1182,0.03416341634163416,98,51,48125,49000,1624,854,0,0,0,0,0,0,96838,0,0,20,0,0,0,0,0,0,0,3132,0,0,0,0,0,0
249,560,250.29098435865444,99990,157,88,3,3,2258,1194,0.034523452345234525,93,56,48113,48985,1632,866,0,0,0,0,0,0,96809,0,0,20,0,0,0,0,0,0,0,3161,0,0,0,0,0,0
250,560,251.30678379087107,99989,152,91,4,3,2275,1207,0.03482383062136835,106,56,48087,48973,1649,875,0,0,0,0,0,0,96777,0,0,20,0,0,0,0,0,0,0,3192,0,0,0,0,0,0
251,560,252.323013553985,99989,154,100,4,3,2297,1228,0.035253877926571926,117,60,48065,48951,1658,884,0,0,0,0,0,0,96746,0,0,21,0,0,0,0,0,0,0,3222,0,0,0,0,0,0
252,560,253.00066172489977,99989,160,95,4,3,2318,1237,0.03555391093020232,122,59,48043,48946,1669,895,0,0,0,0,0,0,96717,0,0,21,0,0,0,0,0,0,0,3251,0,0,0,0,0,0
253,560,254.0175342775269,99989,188,101,4,3,2359,1255,0.03614397583734211,115,50,48012,48940,1679,904,0,0,0,0,0,0,96693,0,0,22,0,0,0,0,0,0,0,3274,0,0,0,0,0,0
254,560,255.03485893751366,99989,206,91,4,3,2389,1263,0.03652401764194061,122,55,47985,48930,1681,919,0,0,0,0,0,0,96663,0,0,22,0,0,0,0,0,0,0,3304,0,0,0,0,0,0
255,560,256.05254270482055,99989,215,91,4,3,2423,1274,0.036974067147386214,121,58,47954,48920,1704,926,0,0,0,0,0,0,96629,0,0,24,0,0,0,0,0,0,0,3336,0,0,0,0,0,0
256,560,257.0707225829273,99989,213,91,4,3,2452,1284,0.03736411005210573,122,63,47931,48909,1728,932,0,0,0,0,0,0,96590,0,0,26,0,0,0,0,0,0,0,3373,0,0,0,0,0,0
257,560,258.08943193402706,99989,226,89,4,3,2482,1300,0.03782416065767234,132,62,47895,48897,1741,947,0,0,0,0,0,0,96556,0,0,27,0,0,0,0,0,0,0,3406,0,0,0,0,0,0
258,560,259.10866787118414,99988,221,76,4,4,2516,1310,0.03826459175101012,121,68,47884,48883,1768,967,0,0,0,0,0,0,96495,0,0,28,0,0,0,0,0,0,0,3465,0,0,0,0,0,0
259,560,260.1283500647394,99988,214,90,4,4,2546,1330,0.038764651758210984,119,72,47859,48864,1802,968,0,0,0,0,0,0,96452,0,0,28,0,0,0,0,0,0,0,3508,0,0,0,0,0,0
260,560,261.14853653775185,99988,215,98,4,4,2578,1352,0.03930471656598792,128,66,47826,48848,1825,982,0,0,0,0,0,0,96408,0,0,29,0,0,0,0,0,0,0,3551,0,0,0,0,0,0
261,560,262.1692961009181,99988,218,100,4,4,2612,1369,0.0398147777733328,124,67,47803,48835,1849,992,0,0,0,0,0,0,96363,0,0,30,0,0,0,0,0,0,0,3595,0,0,0,0,0,0
262,560,263.19053523375624,99988,206,107,4,4,2637,1387,0.040244829379525546,131,64,47776,48823,1881,1000,0,0,0,0,0,0,96316,0,0,31,0,0,0,0,0,0,0,3641,0,0,0,0,0,0
263,560,264.21238130469874,99988,211,111,4,4,2674,1410,0.04084490138816658,124,55,47753,48811,1906,1017,0,0,0,0,0,0,96266,0,0,32,0,0,0,0,0,0,0,3690,0,0,0,0,0,0
264,560,265.23475668715827,99988,202,115,4,4,2702,1427,0.04129495539464736,131,53,47726,48801,1935,1025,0,0,0,0,0,0,96218,0,0,34,0,0,0,0,0,0,0,3736,0,0,0,0,0,0
265,560,266.25774989257974,99988,205,115,4,4,2732,1443,0.04175501060127215,137,57,47696,48784,1956,1038,0,0,0,0,0,0,96176,0,0,35,0,0,0,0,0,0,0,3777,0,0,0,0,0,0
266,560,267.281297946071,99988,201,111,4,4,2760,1456,0.04216505980717686,144,65,47672,48766,1977,1052,0,0,0,0,0,0,96129,0,0,37,0,0,0,0,0,0,0,3822,0,0,0,0,0,0
267,560,268.30533417225803,99988,193,104,4,4,2792,1469,0.04261511381365764,148,68,47643,48752,2010,1070,0,0,0,0,0,0,96069,0,0,37,0,0,0,0,0,0,0,3882,0,0,0,0,0,0
268,560,269.3299894490386,99987,200,108,5,4,2830,1488,0.04318561412983688,138,75,47624,48727,2031,1084,0,0,0,0,0,0,96023,0,0,37,0,0,0,0,0,0,0,3927,0,0,0,0,0,0
269,560,270.01332787978595,99987,203,102,5,4,2854,1493,0.04347565183473852,130,80,47613,48721,2047,1091,0,0,0,0,0,0,95993,0,0,39,0,0,0,0,0,0,0,3955,0,0,0,0,0,0
270,560,271.03872627983236,99987,204,102,5,4,2879,1509,0.04388570514166842,131,81,47595,48710,2063,1101,0,0,0,0,0,0,95955,0,0,41,0,0,0,0,0,0,0,3991,0,0,0,0,0,0
271,560,272.064444497433,99987,203,113,5,4,2905,1532,0.044375768849950495,134,77,47574,48695,2082,1109,0,0,0,0,0,0,95916,0,0,41,0,0,0,0,0,0,0,4030,0,0,0,0,0,0
272,560,273.09059555646604,99987,215,104,5,4,2941,1546,0.04487583385840159,129,75,47558,48686,2091,1129,0,0,0,0,0,0,95871,0,0,43,0,0,0,0,0,0,0,4073,0,0,0,0,0,0
273,560,274.11707095548275,99987,228,106,5,4,2985,1562,0.04547591186854291,111,78,47538,48670,2116,1140,0,0,0,0,0,0,95827,0,0,44,0,0,0,0,0,0,0,4116,0,0,0,0,0,0
274,560,275.14397530099933,99987,227,114,5,4,3014,1584,0.04598597817716303,122,78,47508,48649,2136,1153,0,0,0,0,0,0,95783,0,0,44,0,0,0,0,0,0,0,4160,0,0,0,0,0,0
275,560,276.17138016336907,99987,228,115,5,4,3047,1603,0.046506045785952174,122,79,47480,48632,2163,1168,0,0,0,0,0,0,95733,0,0,44,0,0,0,0,0,0,0,4210,0,0,0,0,0,0
276,560,277.1993356281178,99987,226,120,5,4,3077,1618,0.04695610429355816,138,84,47443,48615,2186,1175,0,0,0,0,0,0,95692,0,0,45,0,0,0,0,0,0,0,4250,0,0,0,0,0,0
277,560,278.2278844065535,99987,232,128,5,4,3119,1645,0.04764619400522068,136,84,47413,48589,2212,1193,0,0,0,0,0,0,95640,0,0,48,0,0,0,0,0,0,0,4299,0,0,0,0,0,0
278,560,279.2570064785626,99987,227,136,5,4,3154,1670,0.048246272015361996,145,83,47376,48571,2245,1204,0,0,0,0,0,0,95585,0,0,50,0,0,0,0,0,0,0,4352,0,0,0,0,0,0
279,560,280.28685668761466,99987,221,137,5,4,3181,1685,0.04866632662246092,151,88,47349,48556,2272,1213,0,0,0,0,0,0,95538,0,0,50,0,0,0,0,0,0,0,4399,0,0,0,0,0,0
280,560,281.3173129654116,99986,235,141,6,4,3227,1709,0.049366911367591464,158,76,47305,48552,2294,1225,0,0,0,0,0,0,95488,0,0,52,0,0,0,0,0,0,0,4446,0,0,0,0,0,0
281,560,282.00468194180075,99986,236,134,6,4,3250,1717,0.04967695477366831,159,80,47284,48540,2313,1240,0,0,0,0,0,0,95451,0,0,52,0,0,0,0,0,0,0,4483,0,0,0,0,0,0
282,560,283.03635715375606,99986,234,141,6,4,3289,1742,0.05031704438621407,169,77,47242,48528,2347,1248,0,0,0,0,0,0,95396,0,0,56,0,0,0,0,0,0,0,4534,0,0,0,0,0,0
283,560,284.068822775932,99985,224,139,7,4,3319,1764,0.05083762564384658,169,80,47222,48511,2376,1264,0,0,0,0,0,0,95333,0,0,57,0,0,0,0,0,0,0,4595,0,0,0,0,0,0
284,560,285.1018356747559,99985,232,138,7,4,3355,1781,0.051367705155773366,164,85,47202,48491,2393,1280,0,0,0,0,0,0,95289,0,0,59,0,0,0,0,0,0,0,4637,0,0,0,0,0,0
285,560,286.13525305564195,99985,241,131,7,4,3400,1801,0.05201780267040056,154,81,47177,48479,2419,1303,0,0,0,0,0,0,95229,0,0,62,0,0,0,0,0,0,0,4694,0,0,0,0,0,0
286,560,287.16927913276714,99985,246,128,7,4,3440,1823,0.052637895684352655,161,84,47143,48460,2441,1322,0,0,0,0,0,0,95172,0,0,65,0,0,0,0,0,0,0,4748,0,0,0,0,0,0
287,560,288.2039546857283,99985,237,124,7,4,3479,1839,0.05318797819672951,157,86,47118,48449,2479,1335,0,0,0,0,0,0,95105,0,0,66,0,0,0,0,0,0,0,4814,0,0,0,0,0,0
288,560,289.23925427263123,99985,236,135,7,4,3511,1865,0.05376806520978147,157,88,47095,48427,2503,1344,0,0,0,0,0,0,95061,0,0,70,0,0,0,0,0,0,0,4854,0,0,0,0,0,0
289,560,290.27501601352395,99985,242,139,7,4,3545,1884,0.054298144721708255,153,94,47074,48407,2522,1354,0,0,0,0,0,0,95020,0,0,72,0,0,0,0,0,0,0,4893,0,0,0,0,0,0
290,560,291.3112246391096,99985,249,138,7,4,3581,1906,0.05487823173476022,168,91,47034,48398,2540,1367,0,0,0,0,0,0,94968,0,0,72,0,0,0,0,0,0,0,4945,0,0,0,0,0,0
291,560,292.0024044369511,99985,250,141,7,4,3607,1919,0.05526829024353653,162,90,47022,48388,2557,1375,0,0,0,0,0,0,94933,0,0,72,0,0,0,0,0,0,0,4980,0,0,0,0,0,0
292,560,293.0395346973268,99985,273,144,7,4,3663,1945,0.056088413261989295,159,82,46981,48376,2578,1392,0,0,0,0,0,0,94880,0,0,75,0,0,0,0,0,0,0,5030,0,0,0,0,0,0
293,560,294.07736633346576,99985,276,158,7,4,3709,1972,0.056818522778416765,157,78,46945,48363,2613,1395,0,0,0,0,0,0,94829,0,0,80,0,0,0,0,0,0,0,5076,0,0,0,0,0,0
294,560,295.11591423555507,99984,281,157,7,5,3745,1995,0.05740918546967515,168,74,46911,48352,2631,1410,0,0,0,0,0,0,94777,0,0,83,0,0,0,0,0,0,0,5124,0,0,0,0,0,0
295,560,296.1551453325997,99984,289,164,7,5,3798,2019,0.0581793086893903,181,68,46856,48341,2665,1420,0,0,0,0,0,0,94718,0,0,86,0,0,0,0,0,0,0,5180,0,0,0,0,0,0
296,560,297.195294750371,99983,300,162,8,5,3851,2039,0.05891001470249942,185,74,46816,48318,2689,1439,0,0,0,0,0,0,94658,0,0,90,0,0,0,0,0,0,0,5235,0,0,0,0,0,0
297,560,298.2361730543799,99982,304,154,9,5,3899,2057,0.05957072273009142,183,76,46778,48305,2724,1458,0,0,0,0,0,0,94591,0,0,93,0,0,0,0,0,0,0,5298,0,0,0,0,0,0
298,560,299.2779139452271,99982,317,153,9,5,3953,2074,0.060280850553099556,176,78,46734,48290,2762,1472,0,0,0,0,0,0,94532,0,0,93,0,0,0,0,0,0,0,5357,0,0,0,0,0,0
299,560,300.3205220489158,99982,309,158,9,5,4003,2099,0.06103098557740393,181,84,46692,48260,2807,1491,0,0,0,0,0,0,94457,0,0,96,0,0,0,0,0,0,0,5429,0,0,0,0,0,0
300,560,301.0161257183623,99982,306,156,9,5,4034,2111,0.06146106299133844,173,94,46673,48243,2837,1500,0,0,0,0,0,0,94411,0,0,98,0,0,0,0,0,0,0,5473,0,0,0,0,0,0
301,560,302.0601146815007,99982,306,159,9,5,4074,2139,0.062141185413374406,182,90,46641,48230,2860,1514,0,0,0,0,0,0,94347,0,0,99,0,0,0,0,0,0,0,5536,0,0,0,0,0,0
302,560,303.10477375179147,99982,303,163,9,5,4123,2162,0.06286131503670661,174,81,46609,48227,2903,1522,0,0,0,0,0,0,94277,0,0,100,0,0,0,0,0,0,0,5605,0,0,0,0,0,0
303,560,304.1502626413898,99982,306,168,9,5,4178,2184,0.0636314536616591,165,94,46575,48197,2943,1534,0,0,0,0,0,0,94212,0,0,104,0,0,0,0,0,0,0,5666,0,0,0,0,0,0
304,560,305.1964829452809,99980,311,162,11,5,4220,2208,0.06429285857171434,169,98,46541,48172,2966,1561,0,0,0,0,0,0,94146,0,0,105,0,0,0,0,0,0,0,5729,0,0,0,0,0,0
305,560,306.2433636354538,99980,311,166,11,5,4263,2233,0.06497299459891978,191,98,46488,48151,2997,1578,0,0,0,0,0,0,94084,0,0,107,0,0,0,0,0,0,0,5789,0,0,0,0,0,0
306,560,307.2912132798168,99980,319,166,11,5,4320,2261,0.06582316463292659,188,93,46446,48132,3034,1602,0,0,0,0,0,0,94009,0,0,109,0,0,0,0,0,0,0,5862,0,0,0,0,0,0
307,560,308.33997984845746,99980,325,158,11,5,4375,2276,0.06652330466093219,184,107,46405,48107,3073,1621,0,0,0,0,0,0,93938,0,0,110,0,0,0,0,0,0,0,5932,0,0,0,0,0,0
308,560,309.0396234254402,99980,322,156,11,5,4410,2295,0.0670634126825365,189,103,46376,48096,3100,1638,0,0,0,0,0,0,93881,0,0,112,0,0,0,0,0,0,0,5987,0,0,0,0,0,0
309,560,310.0899113152222,99980,314,157,11,5,4453,2325,0.06779355871174235,198,106,46331,48070,3144,1660,0,0,0,0,0,0,93804,0,0,115,0,0,0,0,0,0,0,6061,0,0,0,0,0,0
310,560,311.14111823977146,99979,322,164,11,6,4502,2353,0.06856439852368998,190,103,46304,48052,3171,1673,0,0,0,0,0,0,93746,0,0,119,0,0,0,0,0,0,0,6114,0,0,0,0,0,0
311,560,312.19300866343997,99979,335,172,11,6,4567,2386,0.06954460436691705,184,105,46258,48022,3210,1693,0,0,0,0,0,0,93673,0,0,123,0,0,0,0,0,0,0,6183,0,0,0,0,0,0
312,560,313.2457757641341,99979,326,181,11,6,4609,2423,0.07033477030176337,207,102,46206,47993,3248,1716,0,0,0,0,0,0,93595,0,0,124,0,0,0,0,0,0,0,6260,0,0,0,0,0,0
313,560,314.29954814933325,99979,332,188,11,6,4666,2448,0.07115494253793296,205,99,46162,47978,3288,1727,0,0,0,0,0,0,93530,0,0,128,0,0,0,0,0,0,0,6321,0,0,0,0,0,0
314,560,315.00259086602176,99979,335,189,11,6,4703,2466,0.07170505806219306,215,104,46123,47962,3314,1737,0,0,0,0,0,0,93481,0,0,130,0,0,0,0,0,0,0,6368,0,0,0,0,0,0
315,560,316.0580065157079,99979,328,199,11,6,4755,2498,0.07254523449924484,219,96,46083,47947,3357,1750,0,0,0,0,0,0,93406,0,0,136,0,0,0,0,0,0,0,6437,0,0,0,0,0,0
316,560,317.1143627702557,99979,327,199,11,6,4814,2526,0.0734154172376199,212,89,46043,47935,3405,1769,0,0,0,0,0,0,93321,0,0,139,0,0,0,0,0,0,0,6519,0,0,0,0,0,0
317,560,318.1717561481766,99978,324,192,12,6,4863,2550,0.0741463121886815,223,98,45993,47911,3446,1791,0,0,0,0,0,0,93241,0,0,142,0,0,0,0,0,0,0,6595,0,0,0,0,0,0
318,560,319.23021214284483,99977,335,199,13,6,4929,2582,0.07512727927423307,213,100,45953,47881,3484,1812,0,0,0,0,0,0,93165,0,0,146,0,0,0,0,0,0,0,6666,0,0,0,0,0,0
319,560,320.28952017743205,99977,330,211,13,6,4985,2616,0.07602748632185402,204,104,45919,47850,3531,1826,1,1,1,1,0,0,93083,0,0,149,0,0,0,0,0,0,2,6743,0,0,0,0,0,0
320,560,321.0577498029181,99977,336,206,13,6,5027,2633,0.07661762205307221,210,102,45873,47840,3564,1842,2,2,2,2,0,0,93023,0,0,149,0,0,0,0,0,0,4,6801,0,0,0,0,0,0
321,560,322.08518926919015,99977,341,206,13,6,5060,2651,0.07712773938005742,221,107,45840,47819,3580,1857,3,3,3,3,0,0,92976,0,0,150,0,0,0,0,0,0,6,6845,0,0,0,0,0,0
322,560,323.3384068802879,99977,353,211,13,6,5144,2697,0.07842803844884323,215,95,45784,47792,3629,1890,4,4,4,4,0,0,92863,0,0,152,0,0,0,0,0,0,8,6954,0,0,0,0,0,0
323,560,324.09836457022925,99977,361,215,13,6,5174,2712,0.0788781419726537,212,89,45762,47783,3644,1899,6,6,6,6,0,0,92829,0,0,155,0,0,0,0,0,0,12,6981,0,0,0,0,0,0
324,560,325.0843159222802,99977,366,206,13,6,5225,2736,0.07962831451233784,231,97,45703,47760,3677,1921,8,8,8,8,0,0,92749,0,0,158,0,0,0,0,0,0,16,7054,0,0,0,0,0,0
325,560,326.1011181327004,99977,361,202,13,6,5279,2762,0.08042849855466758,225,116,45664,47723,3725,1940,10,11,11,10,0,0,92656,0,0,159,0,0,0,0,0,0,21,7141,0,0,0,0,0,0
326,560,327.01278508589854,99977,365,198,13,6,5325,2784,0.08110865499064784,218,114,45629,47702,3760,1964,13,14,14,13,0,0,92583,0,0,160,0,0,0,0,0,0,27,7207,0,0,0,0,0,0
327,560,328.01630689356745,99977,375,202,13,6,5377,2814,0.08192884363403583,223,112,45590,47676,3781,1984,16,18,18,16,0,0,92509,0,0,161,0,0,0,0,0,0,34,7273,0,0,0,0,0,0
328,560,329.0074403012789,99977,386,188,13,6,5428,2841,0.08270902307530732,230,118,45546,47643,3803,2020,20,23,23,20,0,0,92422,0,0,163,0,0,0,0,0,0,42,7349,1,0,0,0,0,0
329,560,330.0601441051216,99975,364,195,14,7,5484,2873,0.08359089772443111,237,114,45496,47620,3863,2033,24,29,29,24,0,0,92313,0,0,166,0,0,0,0,0,0,51,7443,2,0,0,0,0,0
330,560,331.1873285437336,99973,350,203,16,7,5548,2910,0.08460284276754723,254,118,45428,47584,3921,2050,29,36,36,29,0,0,92200,0,0,170,0,0,0,0,0,0,62,7538,3,0,0,0,0,0
331,560,332.2581347377278,99973,370,198,16,7,5613,2942,0.08557310473827934,254,109,45373,47560,3950,2080,35,44,44,35,0,0,92110,0,0,174,0,0,0,0,0,0,74,7610,5,0,0,0,0,0
332,560,333.32998927148475,99973,394,186,16,7,5681,2968,0.08651335860682384,239,121,45328,47518,3980,2115,41,51,53,41,0,0,92017,0,0,178,0,0,0,0,0,0,89,7684,5,0,0,0,0,0
333,560,334.04513754007723,99972,413,185,16,8,5721,2991,0.08714440043212099,232,115,45302,47500,3988,2129,47,61,63,48,0,0,91959,0,0,182,0,0,0,0,0,0,106,7720,5,0,0,0,0,0
334,560,335.1185697637345,99972,426,185,16,8,5802,3019,0.08823470571760093,216,122,45246,47463,4039,2148,55,72,74,56,0,0,91849,0,0,186,0,0,0,0,0,0,124,7807,6,0,0,0,0,0
335,560,336.193274668613,99971,429,195,17,8,5871,3050,0.08923587840473737,210,119,45190,47436,4089,2156,63,84,86,64,0,0,91748,0,0,192,0,0,0,0,0,0,144,7881,6,0,0,0,0,0
336,560,337.26928725190066,99971,398,198,17,8,5925,3087,0.09014614238129058,237,115,45122,47393,4153,2186,71,98,100,73,0,0,91612,0,0,196,0,0,0,0,0,0,165,7990,8,0,0,0,0,0
337,560,338.34692460355495,99971,397,202,17,8,5989,3123,0.09114643246541497,238,108,45064,47363,4202,2204,80,113,115,83,0,0,91496,0,0,199,0,0,0,0,0,0,187,8078,11,0,0,0,0,0
338,560,339.0660904709944,99971,410,190,17,8,6037,3138,0.09177661521841333,236,112,45019,47333,4225,2225,91,130,132,94,0,0,91409,0,0,201,0,0,0,0,0,0,214,8135,12,0,0,0,0,0
339,560,340.1461401568994,99970,396,191,18,8,6092,3168,0.09262778833650095,250,111,44950,47295,4281,2245,103,148,150,106,0,0,91290,0,0,208,0,0,0,0,0,0,242,8216,14,0,0,0,0,0
340,560,341.2278453836154,99970,408,189,18,8,6162,3202,0.09366810043012903,239,113,44893,47247,4325,2273,115,168,170,118,0,0,91172,0,0,214,0,0,0,0,0,0,272,8296,16,0,0,0,0,0
341,560,342.3109137979378,99970,415,188,18,8,6240,3229,0.0947184155246574,237,128,44824,47193,4376,2292,128,189,191,131,0,0,91047,0,0,216,0,0,0,0,0,0,300,8385,22,0,0,0,0,0
342,560,343.03386637470214,99970,409,192,18,8,6284,3250,0.09536861058317496,240,120,44778,47163,4412,2304,141,211,214,145,0,0,90949,0,0,220,0,0,0,0,0,0,335,8442,24,0,0,0,0,0
343,560,344.1196211671177,99969,435,195,18,9,6362,3287,0.09651992117556442,228,118,44722,47110,4441,2332,154,234,239,160,0,0,90827,0,0,222,0,0,0,0,0,0,373,8521,26,0,0,0,0,0
344,560,345.2066163127422,99969,427,203,18,9,6425,3319,0.09747021576688773,227,114,44664,47067,4493,2347,169,258,266,176,0,0,90696,0,0,227,0,0,0,0,0,0,414,8604,28,0,0,0,0,0
345,560,346.2950909956646,99969,437,209,18,9,6501,3350,0.09854054756974662,232,116,44587,47016,4538,2361,186,287,295,193,0,0,90568,0,0,233,0,0,0,0,0,0,457,8680,31,0,0,0,0,0
346,560,347.0216688835692,99967,432,208,20,9,6542,3367,0.09912271049446317,230,136,44549,46959,4565,2371,202,315,326,211,0,0,90460,0,0,236,0,0,0,0,0,0,504,8734,33,0,0,0,0,0
347,560,348.11266093921853,99967,422,217,20,9,6592,3406,0.10001300429141617,240,125,44491,46913,4605,2388,220,346,359,230,0,0,90326,0,0,238,1,0,0,0,0,0,551,8814,37,0,0,0,0,0
348,560,349.2050820640542,99967,436,215,20,9,6667,3441,0.10111336741124571,240,114,44419,46866,4643,2413,240,381,394,250,0,0,90181,0,0,242,1,0,0,0,0,0,602,8900,41,0,0,0,0,0
349,560,350.2991132770143,99966,434,213,20,10,6745,3472,0.10220474961486906,223,112,44362,46815,4699,2433,260,415,431,271,0,0,90019,0,0,249,1,0,0,0,0,0,658,8996,43,0,0,0,0,0
350,560,351.02935342441,99966,435,217,20,10,6786,3493,0.10282496048656543,229,122,44309,46751,4724,2444,281,454,470,293,0,0,89907,0,0,251,1,0,0,0,0,0,715,9045,47,0,0,0,0,0
351,560,352.12623964360614,99966,422,215,20,10,6850,3528,0.10381529720104836,234,113,44241,46696,4779,2471,302,493,511,316,0,0,89744,0,0,257,1,0,0,0,0,0,770,9138,56,0,0,0,0,0
352,560,353.2249190697777,99966,423,207,20,10,6915,3558,0.10476562031090571,232,116,44184,46639,4816,2491,323,535,554,340,0,0,89590,0,0,267,1,0,0,0,0,0,832,9215,61,0,0,0,0,0
353,560,354.3251142313549,99966,413,220,20,10,6977,3599,0.10579597063001421,242,106,44109,46578,4869,2507,345,577,599,365,0,0,89430,0,0,270,1,0,0,0,0,0,895,9302,68,0,0,0,0,0
354,560,355.0595727468856,99965,420,216,21,10,7018,3616,0.10637723203121092,247,109,44052,46517,4888,2523,370,623,647,391,0,0,89310,0,0,276,1,0,0,0,0,0,966,9341,71,0,0,0,0,0
355,560,356.1627830609043,99964,410,205,22,10,7079,3643,0.10725861310071626,241,114,43997,46448,4932,2549,396,672,697,418,0,0,89139,0,0,286,1,0,0,0,0,0,1038,9424,76,0,0,0,0,0
356,560,357.2675591728214,99963,411,197,22,11,7147,3670,0.10821003771395417,239,123,43933,46375,4971,2571,422,721,750,446,0,0,88967,0,0,292,1,0,0,0,0,0,1114,9508,81,0,0,0,0,0
357,560,358.00498264901057,99963,414,195,22,11,7192,3694,0.10890029310845013,242,123,43879,46310,4995,2586,446,773,805,475,0,0,88828,0,0,297,2,0,0,0,0,0,1191,9558,87,0,0,0,0,0
358,560,359.1127261425435,99963,411,195,22,11,7260,3722,0.10986064843992277,243,125,43811,46237,5037,2603,474,827,863,505,0,0,88656,0,0,305,2,0,0,0,0,0,1272,9634,94,0,0,0,0,0
359,560,360.2222909474836,99963,425,184,22,11,7331,3748,0.11083100747276492,242,127,43725,46166,5081,2626,503,884,923,536,0,0,88490,0,0,311,2,0,0,0,0,0,1350,9703,107,0,0,0,0,0
360,560,361.3338671228911,99962,410,189,23,11,7386,3784,0.11174246213561154,246,126,43663,46082,5122,2648,534,942,986,568,0,0,88311,0,0,316,4,0,0,0,0,0,1435,9781,115,0,0,0,0,0
361,560,362.07586639172445,99961,424,204,23,12,7438,3815,0.11257390382249077,232,117,43610,46014,5143,2645,566,1006,1051,602,0,0,88173,0,0,318,6,0,0,0,0,0,1523,9817,124,0,0,0,0,0
362,560,363.19048864111534,99960,422,212,24,12,7510,3854,0.11368547418967587,231,112,43532,45935,5190,2660,599,1067,1119,637,0,0,87982,0,0,321,6,0,0,0,0,0,1612,9901,138,0,0,0,0,0
363,560,364.306949581826,99960,415,213,24,12,7571,3882,0.11457583033213285,227,122,43473,45845,5231,2672,628,1134,1189,673,0,0,87797,0,0,323,6,0,0,0,0,0,1704,9978,152,0,0,0,0,0
364,560,365.05214764872784,99960,427,211,24,12,7617,3907,0.11528611444577831,239,116,43402,45773,5242,2684,664,1202,1262,710,0,0,87645,0,0,329,6,0,0,0,0,0,1801,10014,165,0,0,0,0,0
365,560,366.17180302788046,99960,420,211,24,12,7677,3938,0.11619647859143657,245,118,43325,45688,5284,2699,700,1270,1338,748,0,0,87448,0,0,334,6,0,0,0,0,0,1905,10092,175,0,0,0,0,0
366,560,367.293528135106,99960,403,218,24,12,7744,3970,0.11718687474989996,251,124,43243,45597,5341,2707,736,1340,1417,787,0,0,87251,0,0,341,7,0,0,0,0,0,2001,10164,196,0,0,0,0,0
367,560,368.0426240311969,99960,414,219,24,12,7792,4000,0.1179671868747499,243,121,43193,45507,5349,2720,775,1419,1498,828,0,0,87085,0,0,343,7,0,0,0,0,0,2103,10206,216,0,0,0,0,0
368,560,369.16789377407645,99960,401,224,24,12,7861,4039,0.11904761904761904,247,120,43110,45404,5406,2739,810,1499,1582,870,0,0,86862,0,0,352,7,0,0,0,0,0,2219,10294,226,0,0,0,0,0
369,560,370.2952712298879,99960,418,220,24,12,7942,4073,0.12019807923169268,221,115,43038,45313,5446,2762,851,1576,1669,913,0,0,86656,0,0,360,7,0,0,0,0,0,2331,10362,244,0,0,0,0,0
370,560,371.04795101990703,99960,408,220,24,12,7988,4099,0.12091836734693878,224,110,42965,45218,5485,2777,892,1661,1759,957,0,0,86458,0,0,370,7,0,0,0,0,0,2457,10416,252,0,0,0,0,0
371,560,372.1793290141465,99960,410,213,24,12,8057,4130,0.1219187675070028,215,107,42898,45121,5518,2798,933,1747,1851,1002,0,0,86241,0,0,372,10,0,0,0,0,0,2574,10494,269,0,0,0,0,0
372,560,373.31273353963354,99960,412,218,24,12,8124,4160,0.12288915566226491,214,112,42818,45020,5557,2801,973,1835,1946,1049,0,0,86031,0,0,375,12,0,0,0,0,0,2700,10558,284,0,0,0,0,0
373,560,374.0694448840202,99960,417,217,24,12,8168,4183,0.1235594237695078,213,108,42751,44913,5578,2819,1015,1929,2044,1097,0,0,85845,0,0,380,12,0,0,0,0,0,2828,10593,302,0,0,0,0,0
374,560,375.20657326428756,99960,411,224,24,12,8222,4221,0.12447979191676671,216,94,42676,44822,5610,2826,1061,2020,2145,1146,0,0,85632,0,0,391,12,0,0,0,0,0,2961,10645,319,0,0,0,0,0
375,560,376.3457039766164,99960,392,220,24,12,8275,4248,0.12528011204481793,226,94,42604,44712,5647,2841,1105,2119,2249,1196,0,0,85401,0,0,401,13,0,0,0,0,0,3100,10712,333,0,0,0,0,0
376,560,377.1063731536775,99960,381,217,24,12,8315,4266,0.12586034413765507,220,94,42546,44606,5671,2846,1156,2223,2356,1248,0,0,85191,0,0,405,13,0,0,0,0,0,3242,10759,350,0,0,0,0,0
377,560,378.2494565300815,99959,398,214,25,12,8389,4290,0.1268420052221411,198,97,42468,44492,5702,2861,1207,2322,2466,1301,0,0,84956,0,0,408,13,0,0,0,0,0,3396,10827,359,0,0,0,0,0
378,560,379.01265376082296,99959,389,200,25,12,8429,4309,0.12743224722136076,199,96,42395,44394,5732,2867,1258,2429,2579,1355,0,0,84742,0,0,418,13,0,0,0,0,0,3538,10864,384,0,0,0,0,0
379,560,380.1600073125865,99959,395,187,25,12,8493,4326,0.1282425794575776,179,114,42337,44271,5753,2879,1309,2535,2694,1410,0,0,84518,0,0,429,13,0,0,0,0,0,3685,10907,407,0,0,0,0,0
380,560,381.3091997584045,99959,391,176,25,12,8551,4356,0.1291229404055663,193,122,42245,44146,5783,2898,1361,2644,2812,1467,0,0,84273,0,0,439,14,0,0,0,0,0,3838,10967,428,0,0,0,0,0
381,560,382.0765712668889,99958,378,177,26,12,8587,4375,0.12967446327457532,201,126,42165,44026,5812,2899,1416,2758,2933,1525,0,0,84050,0,0,443,15,0,0,0,0,0,4000,11005,445,0,0,0,0,0
382,560,383.23030820347515,99958,378,182,26,12,8652,4409,0.1306648792492847,203,120,42068,43911,5851,2901,1472,2872,3057,1584,0,0,83803,0,0,450,15,0,0,0,0,0,4160,11062,468,0,0,0,0,0
383,560,384.0009688298371,99957,377,197,27,12,8690,4434,0.13129645747671498,199,119,42006,43785,5863,2894,1526,2991,3184,1644,0,0,83588,0,0,451,16,0,0,0,0,0,4328,11088,486,0,0,0,0,0
384,560,385.1589873715302,99957,375,191,27,12,8745,4465,0.1321568274357974,207,120,41928,43650,5883,2916,1578,3109,3314,1705,0,0,83325,0,0,452,19,0,0,0,0,0,4502,11158,501,0,0,0,0,0
385,560,386.3190298641783,99956,348,185,27,13,8782,4504,0.13291848413301852,208,116,41882,43516,5902,2938,1631,3230,3447,1768,0,0,83057,0,0,453,20,0,0,0,0,0,4663,11228,535,0,0,0,0,0
386,560,387.093383667388,99956,357,183,27,13,8821,4526,0.1335287526511665,210,108,41818,43394,5896,2949,1690,3351,3582,1832,0,0,82834,0,0,454,22,0,0,0,0,0,4836,11250,560,0,0,0,0,0
387,560,388.25690103349706,99955,352,183,28,13,8881,4560,0.13447051173027863,199,112,41744,43259,5927,2964,1748,3467,3720,1897,0,0,82572,0,0,463,23,0,0,0,0,0,5009,11299,589,0,0,0,0,0
388,560,389.0337629928614,99954,353,186,29,13,8921,4584,0.13511215158973128,187,103,41680,43136,5943,2965,1806,3595,3861,1963,0,0,82339,0,0,471,23,0,0,0,0,0,5190,11316,615,0,0,0,0,0
389,560,390.20146164377485,99954,342,177,29,13,8973,4604,0.1358324829421534,193,114,41617,43007,5956,2965,1861,3722,4005,2031,0,0,82073,0,0,475,24,0,0,0,0,0,5369,11366,647,0,0,0,0,0
390,560,391.3710286656636,99954,333,183,29,13,9025,4637,0.13668287412209618,199,102,41534,42879,5981,2972,1922,3849,4152,2100,0,0,81805,0,0,486,24,0,0,0,0,0,5560,11407,672,0,0,0,0,0
391,560,392.15195554218275,99954,344,177,29,13,9073,4650,0.13729315485123156,180,98,41471,42748,5991,2975,1983,3987,4301,2170,0,0,81559,0,0,487,26,0,0,0,0,0,5754,11432,696,0,0,0,0,0
392,560,393.325718473635,99953,343,168,30,13,9127,4672,0.13805488579632427,182,107,41401,42603,5994,2981,2048,4126,4453,2241,0,0,81288,0,0,498,26,0,0,0,0,0,5950,11468,723,0,0,0,0,0
393,560,394.1093159967993,99953,327,174,30,13,9156,4693,0.1385551209068262,189,105,41323,42456,6014,2980,2115,4270,4608,2313,0,0,81041,0,0,502,27,0,0,0,0,0,6142,11484,757,0,0,0,0,0
394,560,395.2873414293488,99952,323,174,30,14,9212,4726,0.1394469345285737,177,99,41258,42311,6034,2993,2176,4407,4765,2387,0,0,80757,0,0,508,28,0,0,0,0,0,6341,11529,789,0,0,0,0,0
395,560,396.07395659038554,99952,328,172,30,14,9250,4742,0.13998719385304947,179,100,41183,42161,6032,2996,2246,4555,4925,2462,0,0,80505,0,0,509,29,0,0,0,0,0,6544,11545,820,0,0,0,0,0
396,560,397.2561596799687,99952,326,175,30,14,9303,4769,0.14078757803745798,177,93,41111,42020,6038,2994,2316,4702,5087,2538,0,0,80231,0,0,517,31,0,0,0,0,0,6749,11573,851,0,0,0,0,0
397,560,398.04548942027685,99949,308,177,33,14,9328,4790,0.14125203853965523,179,92,41036,41869,6054,2995,2388,4851,5252,2615,0,0,79959,0,0,518,32,0,0,0,0,0,6961,11599,880,0,0,0,0,0
398,560,399.23218600126967,99949,311,180,33,14,9379,4820,0.14206245185044372,186,96,40947,41710,6066,2998,2455,5000,5420,2693,0,0,79673,0,0,524,34,0,0,0,0,0,7181,11632,905,0,0,0,0,0
399,560,400.0246725172963,99949,301,189,33,14,9413,4850,0.14270277841699266,191,82,40868,41555,6074,3004,2531,5154,5590,2773,0,0,79398,0,0,527,38,0,0,0,0,0,7399,11653,934,0,0,0,0,0
400,560,401.2161553380607,99948,299,183,34,14,9469,4881,0.14357465882258774,184,83,40790,41397,6094,3013,2597,5308,5762,2854,0,0,79089,0,0,531,39,0,0,0,0,0,7618,11704,967,0,0,0,0,0
401,560,402.0118159873597,99947,301,175,34,15,9505,4898,0.14410637637948112,176,81,40710,41254,6104,3007,2673,5466,5937,2936,0,0,78817,0,0,531,42,0,0,0,0,0,7834,11718,1005,0,0,0,0,0
402,560,403.20816043203104,99947,301,183,34,15,9562,4926,0.14495682711837274,163,74,40633,41106,6122,3001,2745,5619,6114,3019,0,0,78523,0,0,537,46,0,0,0,0,0,8061,11746,1034,0,0,0,0,0
403,560,404.00710559683404,99947,299,172,34,15,9589,4939,0.14535703923079232,168,81,40550,40948,6125,2997,2822,5785,6293,3103,0,0,78239,0,0,538,48,0,0,0,0,0,8295,11766,1061,0,0,0,0,0
404,560,405.20836143230093,99947,299,159,34,15,9630,4966,0.1460373998219056,174,87,40471,40777,6124,3015,2896,5945,6475,3188,0,0,77944,0,0,544,51,0,0,0,0,0,8518,11788,1102,0,0,0,0,0
405,560,406.0105444315236,99947,305,163,34,15,9671,4989,0.14667773920177693,170,83,40381,40620,6132,3010,2976,6107,6659,3275,0,0,77651,0,0,547,52,0,0,0,0,0,8761,11807,1129,0,0,0,0,0
406,560,407.2165851801647,99947,292,156,34,15,9712,5011,0.1473080732788378,171,84,40304,40473,6151,3006,3046,6264,6845,3363,0,0,77336,0,0,551,53,0,0,0,0,0,8999,11843,1165,0,0,0,0,0
407,560,408.02206105602323,99947,285,159,34,15,9740,5028,0.1477583119053098,176,84,40218,40315,6158,2996,3127,6429,7033,3452,0,0,77047,0,0,554,54,0,0,0,0,0,9243,11852,1197,0,0,0,0,0
408,560,409.23340491163293,99947,298,170,34,15,9803,5064,0.14874883688354829,169,74,40128,40159,6170,2989,3199,6591,7223,3542,0,0,76751,0,0,560,58,0,0,0,0,0,9475,11861,1242,0,0,0,0,0
409,560,410.04239269590795,99947,290,168,34,15,9842,5080,0.14929912853812521,163,76,40045,39987,6185,2982,3281,6770,7415,3633,0,0,76448,0,0,561,59,1,0,0,0,0,9716,11881,1281,0,0,0,0,0
410,560,411.25896446151285,99947,275,161,34,15,9875,5108,0.14990945200956507,182,71,39955,39819,6188,2996,3364,6936,7609,3725,0,0,76128,0,0,566,61,1,0,0,0,0,9960,11910,1321,0,0,0,0,0
411,560,412.07152095923374,99947,276,153,34,15,9906,5117,0.15030966412198465,178,78,39871,39644,6190,2989,3449,7119,7805,3818,0,0,75828,0,0,565,63,1,0,0,0,0,10214,11922,1354,0,0,0,0,0
412,560,413.2935514273651,99947,275,135,34,15,9967,5135,0.15110008304401332,157,77,39798,39479,6206,3010,3528,7282,8003,3912,0,0,75490,0,0,574,64,1,0,0,0,0,10464,11959,1395,0,0,0,0,0
413,560,414.10976782928594,99947,272,134,34,15,9995,5149,0.1515203057620539,153,76,39723,39313,6205,3001,3611,7459,8203,4007,0,0,75179,0,0,573,65,2,0,0,0,0,10730,11977,1421,0,0,0,0,0
414,560,415.3369108414072,99947,261,134,34,15,10031,5172,0.15211061862787278,158,78,39631,39144,6216,2999,3698,7628,8405,4103,0,0,74857,0,0,575,65,2,0,0,0,0,10984,11999,1465,0,0,0,0,0
415,560,416.15662337271743,99947,253,142,34,15,10056,5190,0.15254084664872383,155,79,39564,38974,6212,2986,3780,7802,8608,4200,0,0,74555,0,0,575,68,2,0,0,0,0,11246,12001,1500,0,0,0,0,0
416,560,417.3888576268636,99947,251,143,34,15,10105,5213,0.15326122845107906,156,70,39480,38838,6213,2976,3864,7956,8813,4298,0,0,74236,0,0,576,70,2,0,0,0,0,11496,12015,1552,0,0,0,0,0
417,560,418.2117812273565,99947,250,149,34,15,10130,5229,0.15367144586630915,153,65,39397,38657,6212,2970,3952,8142,9020,4397,0,0,73928,0,0,579,71,2,0,0,0,0,11772,12014,1581,0,0,0,0,0
418,560,419.03644474227843,99947,257,143,34,15,10157,5239,0.15404164207029725,159,61,39326,38494,6191,2960,4031,8325,9228,4497,0,0,73630,0,0,582,72,2,0,0,0,0,12038,12001,1622,0,0,0,0,0
419,560,420.27608399701694,99947,264,129,34,15,10213,5258,0.15479203978108397,178,89,39221,38309,6195,2965,4106,8491,9438,4598,0,0,73292,17,2,591,76,2,0,0,0,0,12307,12002,1658,0,0,0,0,0
420,560,421.02862768952383,99947,272,130,34,15,10248,5272,0.15528229961879797,193,102,39123,38125,6187,2954,4189,8672,9649,4700,0,0,72997,47,5,597,77,2,0,0,0,0,12569,11948,1705,0,0,0,0,0
421,560,422.16057042802277,99947,268,150,34,15,10302,5308,0.15618277687174204,215,101,39005,37948,6203,2938,4273,8846,9862,4803,0,0,72659,109,7,602,82,2,0,0,0,0,12843,11903,1740,0,0,0,0,0
422,560,423.2954982696942,99947,282,155,34,15,10363,5334,0.1570532382162546,232,109,38879,37759,6216,2933,4355,9027,10076,4907,0,0,72310,171,10,603,84,2,0,0,0,0,13127,11871,1769,0,0,0,0,0
423,560,424.0539489017275,99946,307,151,35,15,10415,5348,0.15771516618974246,226,118,38775,37573,6213,2928,4442,9213,10291,5012,0,0,71992,206,14,603,87,3,0,0,0,0,13405,11833,1803,0,0,0,0,0
424,560,425.1949356428153,99946,311,170,35,15,10466,5387,0.15861565245232426,244,127,38652,37375,6217,2914,4539,9397,10507,5118,0,0,71662,260,18,609,89,3,0,0,0,0,13677,11780,1848,0,0,0,0,0
425,560,426.3390069700318,99944,320,170,35,17,10532,5421,0.1596193868566397,247,133,38541,37201,6224,2912,4631,9565,10724,5225,0,0,71321,330,28,609,96,3,0,0,0,0,13936,11723,1898,0,0,0,0,0
426,560,427.1035157189231,99943,333,170,35,18,10581,5441,0.16031137748516655,272,132,38412,37023,6217,2906,4729,9749,10942,5333,0,0,70988,374,34,613,97,3,0,0,0,0,14218,11681,1935,0,0,0,0,0
427,560,428.2540195577014,99942,364,178,36,18,10659,5476,0.1614436373096396,296,139,38277,36832,6213,2899,4812,9932,11161,5441,0,0,70659,431,41,619,100,3,0,0,0,0,14482,11619,1988,0,0,0,0,0
428,560,429.02300208829365,99941,370,193,37,18,10706,5509,0.16224572497773687,307,140,38170,36630,6218,2892,4896,10125,11381,5550,0,0,70324,472,53,622,102,3,0,0,0,0,14763,11580,2022,0,0,0,0,0
429,560,430.17990104342107,99941,398,201,37,18,10796,5553,0.16358651604446622,318,150,38027,36437,6239,2901,4979,10291,11602,5660,0,0,69964,547,67,626,103,5,0,0,0,0,15034,11530,2065,0,0,0,0,0
430,560,431.3405057692427,99939,425,209,39,18,10881,5596,0.1648705710483395,338,153,37886,36241,6247,2903,5063,10474,11824,5771,0,0,69599,619,73,636,106,5,0,0,0,0,15319,11479,2103,0,0,0,0,0
431,560,432.11620169745424,99939,448,229,39,18,10945,5633,0.16588118752438988,356,138,37741,36044,6258,2896,5156,10673,12047,5883,0,0,69258,668,78,639,107,5,0,0,0,0,15606,11433,2145,0,0,0,0,0
432,560,433.28414170704514,99938,472,227,39,19,11047,5672,0.16729372210770677,394,157,37563,35840,6287,2906,5243,10849,12271,5995,0,0,68870,758,91,652,109,5,0,0,0,0,15890,11381,2182,0,0,0,0,0
433,560,434.0653818273609,99938,503,234,39,19,11116,5704,0.16830434869619165,400,166,37432,35651,6293,2902,5331,11026,12495,6108,0,0,68539,799,105,656,113,5,0,0,0,0,16166,11330,2225,0,0,0,0,0
434,560,435.2416644869527,99938,515,243,39,19,11228,5752,0.1699053413116132,398,186,37294,35420,6334,2915,5418,11215,12720,6222,0,0,68138,907,123,664,118,5,0,0,0,0,16441,11276,2266,0,0,0,0,0
435,560,436.02807436438957,99938,531,254,39,19,11298,5797,0.17105605475394745,420,169,37162,35242,6335,2920,5511,11394,12946,6337,0,0,67789,976,136,666,122,5,0,0,0,0,16708,11213,2323,0,0,0,0,0
436,560,437.2121755103159,99938,580,266,39,19,11425,5852,0.17287718385398948,415,184,37004,35025,6370,2936,5590,11568,13172,6452,0,0,67412,1056,155,682,126,6,0,0,0,0,16986,11153,2362,0,0,0,0,0
437,560,438.0038814710652,99938,586,272,39,19,11501,5892,0.1740379035001701,433,202,36865,34817,6398,2935,5677,11753,13398,6568,0,0,67035,1136,168,690,129,6,0,0,0,0,17270,11100,2404,0,0,0,0,0
438,560,439.1964443294949,99938,603,295,39,19,11631,5961,0.17602913806560067,456,210,36681,34595,6457,2957,5762,11922,13625,6685,0,0,66604,1255,187,707,133,6,0,0,0,0,17563,11051,2432,0,0,0,0,0
439,560,440.3941462936804,99938,640,316,39,19,11776,6035,0.17822049670795895,463,216,36507,34381,6503,2970,5846,12096,13852,6802,0,0,66191,1374,204,725,139,6,0,0,0,0,17839,10983,2477,0,0,0,0,0
440,560,441.19540970734926,99938,667,323,39,19,11870,6082,0.1796313714502992,478,224,36360,34152,6520,2988,5934,12292,14079,6920,0,0,65824,1453,218,732,144,6,0,0,0,0,18111,10919,2531,0,0,0,0,0
441,560,442.4022755076378,99938,695,340,39,19,12019,6144,0.18174268046188638,495,238,36181,33950,6579,2998,6009,12453,14307,7039,0,0,65395,1581,241,742,149,6,0,0,0,0,18389,10863,2572,0,0,0,0,0
442,560,443.2097694939379,99936,718,360,40,20,12119,6197,0.18327729747038105,509,252,36036,33752,6595,2999,6100,12615,14535,7158,0,0,65024,1651,262,754,153,6,0,0,0,0,18666,10803,2617,0,0,0,0,0
443,560,444.01998851985985,99936,759,353,40,20,12228,6240,0.18479827089337175,529,281,35866,33527,6623,3022,6181,12795,14763,7278,0,0,64642,1731,282,766,157,6,0,0,0,0,18946,10745,2661,0,0,0,0,0
444,560,445.24095287504946,99935,792,381,41,20,12403,6326,0.18741181768149298,552,301,35655,33298,6691,3048,6267,12950,14991,7398,0,0,64188,1876,314,780,162,6,0,0,0,0,19221,10689,2699,0,0,0,0,0
445,560,446.0583243827774,99935,811,399,41,20,12515,6390,0.18917296242557663,568,303,35491,33074,6734,3064,6353,13138,15219,7519,0,0,63796,1969,337,797,166,6,0,0,0,0,19496,10621,2747,0,0,0,0,0
446,560,447.29041585500164,99935,870,416,41,20,12710,6486,0.1920848551558513,564,295,35301,32863,6799,3111,6423,13293,15447,7641,0,0,63349,2114,379,820,170,6,0,0,0,0,19755,10550,2792,0,0,0,0,0
447,560,448.1150696294865,99935,899,431,41,20,12823,6544,0.19379596737879623,586,299,35120,32642,6837,3131,6515,13475,15675,7763,0,0,62950,2198,407,830,174,6,0,0,0,0,20042,10504,2824,0,0,0,0,0
448,560,449.35866025796,99935,912,432,41,20,13004,6635,0.1965177365287437,601,328,34911,32429,6943,3174,6590,13615,15903,7886,0,0,62463,2384,449,848,183,6,0,0,0,0,20299,10435,2868,0,0,0,0,0
449,560,450.19160336574936,99934,971,459,41,21,13159,6712,0.19884123521524205,593,324,34748,32209,6974,3205,6671,13780,16131,8009,0,0,62053,2478,474,863,191,6,0,0,0,0,20587,10383,2899,0,0,0,0,0
450,560,451.02798366288226,99933,983,463,41,22,13300,6774,0.20087458597260163,605,337,34564,31996,7047,3227,6758,13953,16358,8133,0,0,61620,2600,508,888,195,6,0,0,0,0,20863,10316,2937,0,0,0,0,0
451,560,452.289502698558,99933,982,458,41,22,13486,6866,0.20365644982138031,663,354,34340,31787,7153,3273,6819,14104,16585,8257,0,0,61138,2772,573,916,208,6,0,0,0,0,21104,10245,2971,0,0,0,0,0
452,560,453.13484756088815,99932,1017,502,42,22,13630,6961,0.20605011407757276,707,335,34124,31575,7197,3282,6911,14282,16812,8381,0,0,60730,2865,609,932,217,7,0,0,0,0,21379,10192,3001,0,0,0,0,0
453,560,454.4105109157611,99931,1074,531,43,22,13868,7069,0.20951456504988442,677,362,33904,31338,7311,3325,6989,14420,17038,8506,0,0,60256,3024,667,957,231,7,0,0,0,0,21633,10129,3027,0,0,0,0,0
454,560,455.2652203923414,99929,1089,555,45,22,14023,7162,0.21200052036946232,679,351,33719,31125,7395,3365,7071,14580,17264,8631,0,0,59814,3145,711,983,242,7,0,0,0,0,21904,10070,3053,0,0,0,0,0
455,560,456.1242410073327,99929,1114,581,45,22,14188,7246,0.21449228952556315,692,362,33522,30892,7466,3387,7159,14754,17490,8757,0,0,59373,3275,754,996,252,7,0,0,0,0,22171,10015,3086,0,0,0,0,0
456,560,457.42128860395,99929,1157,567,45,22,14430,7355,0.21800478339621132,739,398,33252,30669,7587,3458,7218,14884,17715,8883,0,0,58875,3461,826,1034,267,7,0,0,0,0,22401,9937,3121,0,0,0,0,0
457,560,458.290849865433,99929,1176,602,45,22,14596,7445,0.2205666022876242,753,399,33052,30439,7686,3489,7286,15047,17940,9009,0,0,58428,3594,863,1054,275,7,0,0,0,0,22676,9878,3154,0,0,0,0,0
458,560,459.1651729092489,99927,1194,602,46,23,14758,7525,0.22299278473285497,783,418,32836,30243,7770,3518,7369,15194,18164,9136,0,0,57999,3711,927,1078,282,7,0,0,0,0,22914,9812,3197,0,0,0,0,0
459,560,460.0447103988082,99926,1216,613,47,23,14936,7614,0.2256669935752457,798,447,32632,30028,7856,3554,7449,15333,18387,9263,0,0,57539,3865,975,1095,289,7,0,0,0,0,23168,9747,3241,0,0,0,0,0
460,560,461.3732074070529,99924,1275,656,49,23,15228,7764,0.23009487210279814,804,452,32350,29794,8017,3610,7503,15463,18610,9390,0,0,57021,4059,1055,1136,301,7,0,0,0,0,23404,9673,3268,0,0,0,0,0
461,560,462.2641822316108,99922,1261,680,49,25,15404,7865,0.2328716398791057,835,459,32130,29575,8131,3655,7592,15604,18832,9518,0,0,56552,4215,1123,1156,315,7,0,0,0,0,23641,9614,3299,0,0,0,0,0
462,560,463.1610942662415,99921,1246,713,49,26,15547,7996,0.23561613674803095,880,440,31943,29358,8215,3707,7665,15754,19053,9646,0,0,56108,4358,1189,1180,328,7,0,0,0,0,23868,9539,3344,0,0,0,0,0
463,560,464.06305554507145,99921,1277,756,49,26,15760,8111,0.2388987299966974,876,427,31726,29164,8326,3743,7744,15882,19274,9774,0,0,55642,4513,1241,1211,338,7,0,0,0,0,24122,9469,3378,0,0,0,0,0
464,560,465.42604708985897,99919,1347,774,51,26,16077,8262,0.2435873057176313,902,454,31445,28925,8459,3825,7794,15994,19494,9902,0,0,55094,4747,1329,1239,355,7,0,0,0,0,24339,9401,3408,0,0,0,0,0
465,560,466.3405097973365,99919,1380,803,51,26,16281,8369,0.24669982685975642,913,453,31244,28725,8549,3855,7861,16136,19713,10031,0,0,54645,4895,1389,1256,370,7,0,0,0,0,24574,9334,3449,0,0,0,0,0
466,560,467.2603378989653,99917,1398,800,52,27,16486,8465,0.2497172653302241,965,493,31005,28486,8652,3915,7926,16277,19931,10160,0,0,54171,5065,1453,1280,385,8,0,0,0,0,24804,9264,3487,0,0,0,0,0
467,560,468.1861380477148,99917,1444,807,52,27,16718,8577,0.2531601229020087,989,510,30744,28265,8763,3986,8006,16403,20148,10289,0,0,53691,5242,1515,1307,398,9,0,0,0,0,25035,9194,3526,0,0,0,0,0
468,560,469.11892226186745,99916,1482,806,52,28,16945,8691,0.2565755234396893,1026,517,30491,28044,8875,4060,8072,16543,20364,10418,0,0,53204,5413,1590,1331,418,10,0,0,0,0,25268,9136,3546,0,0,0,0,0
469,560,470.05858233396367,99915,1560,792,53,28,17224,8786,0.2603212730821198,992,555,30268,27817,8983,4124,8142,16682,20580,10547,0,0,52726,5594,1676,1347,435,10,0,0,0,0,25471,9069,3587,0,0,0,0,0
470,560,471.0046372150004,99914,1599,824,53,29,17462,8926,0.2641071321336349,1009,543,30020,27608,9099,4183,8218,16811,20795,10677,0,0,52254,5758,1764,1374,449,10,0,0,0,0,25681,9000,3624,0,0,0,0,0
471,560,472.43643914640575,99913,1639,832,54,29,17831,9096,0.2695044688879325,1035,561,29712,27395,9315,4289,8243,16892,21009,10807,0,0,51655,6033,1890,1428,462,10,0,0,0,0,25858,8923,3654,0,0,0,0,0
472,560,473.39852735378014,99913,1672,855,54,29,18072,9221,0.2731676558605987,1044,593,29480,27172,9439,4354,8309,16995,21222,10937,0,0,51172,6202,1969,1461,478,10,0,0,0,0,26080,8861,3680,0,0,0,0,0
473,560,474.3675562142911,99913,1667,883,54,29,18310,9368,0.27702100827720116,1069,574,29260,26983,9584,4422,8364,17107,21434,11067,0,0,50663,6409,2061,1492,494,10,0,0,0,0,26278,8786,3720,0,0,0,0,0
474,560,475.3436648817907,99912,1701,910,55,29,18565,9511,0.2810072864120426,1125,565,28977,26783,9703,4485,8437,17226,21645,11197,0,0,50198,6567,2155,1537,513,11,0,0,0,0,26476,8702,3753,0,0,0,0,0
475,560,476.3276248261028,99912,1764,903,55,29,18837,9639,0.2850108095123709,1144,593,28734,26558,9805,4573,8496,17342,21854,11327,0,0,49727,6735,2267,1574,528,13,0,0,0,0,26660,8628,3780,0,0,0,0,0
476,560,477.31953308423124,99911,1804,930,56,29,19130,9775,0.28930748366045783,1127,628,28523,26338,9945,4630,8543,17443,22062,11457,0,0,49239,6924,2366,1611,551,13,0,0,0,0,26847,8550,3810,0,0,0,0,0
477,560,478.31822861945096,99911,1828,960,56,29,19429,9938,0.29393159912321964,1138,634,28262,26143,10109,4703,8605,17529,22269,11587,0,0,48738,7114,2486,1658,572,14,0,0,0,0,27013,8474,3842,0,0,0,0,0
478,560,479.3250992771897,99909,1867,999,57,30,19739,10102,0.2986818004383989,1134,629,28011,25950,10269,4771,8660,17619,22475,11717,0,0,48249,7302,2610,1692,600,14,0,0,0,0,27170,8402,3870,0,0,0,0,0
479,560,480.3405082529073,99907,1872,994,59,30,20040,10256,0.3032420150740188,1140,624,27756,25750,10464,4874,8707,17726,22680,11847,0,0,47722,7507,2748,1751,619,15,0,0,0,0,27325,8326,3894,0,0,0,0,0
480,560,481.36495195087855,99906,1868,1007,60,30,20323,10428,0.3077993313714892,1193,612,27496,25563,10630,4976,8751,17810,22884,11977,0,0,47213,7717,2883,1791,650,16,0,0,0,0,27467,8245,3924,0,0,0,0,0
481,560,482.3986560342738,99905,1863,1023,61,30,20608,10590,0.3122766628296882,1195,601,27258,25365,10815,5066,8806,17913,23087,12107,0,0,46694,7923,3019,1840,674,17,0,0,0,0,27626,8174,3938,0,0,0,0,0
482,560,483.44109541910524,99902,1921,1004,62,32,20932,10752,0.3171508077916358,1173,609,27008,25171,10984,5186,8850,17996,23288,12237,0,0,46163,8142,3143,1890,698,18,0,0,0,0,27789,8099,3960,0,0,0,0,0
483,560,484.4928752378226,99902,1899,984,62,32,21211,10894,0.32136493763888613,1195,625,26768,25003,11179,5285,8895,18069,23488,12367,0,0,45643,8360,3285,1950,717,19,0,0,0,0,27929,8009,3990,0,0,0,0,0
484,560,485.0219769766939,99902,1925,996,62,32,21376,10990,0.323977497947989,1180,610,26617,24831,11231,5325,8983,18204,23687,12497,0,0,45269,8451,3356,1966,741,19,0,0,0,0,28123,7944,4033,0,0,0,0,0
485,560,486.08949759401753,99900,1946,1005,63,33,21684,11165,0.3288188188188188,1194,617,26371,24642,11390,5423,9034,18278,23885,12627,0,0,44770,8644,3487,2021,778,19,0,0,0,0,28267,7859,4055,0,0,0,0,0
486,560,487.16611574103206,99897,1936,1014,66,33,21988,11331,0.3335335395457321,1204,627,26138,24484,11562,5502,9092,18338,24081,12757,0,0,44272,8840,3633,2073,810,21,0,0,0,0,28391,7773,4084,0,0,0,0,0
487,560,488.2519826564141,99896,1977,1028,67,33,22336,11501,0.3387222711620085,1179,627,25883,24305,11749,5598,9143,18407,24276,12887,0,0,43737,9073,3781,2105,840,21,0,0,0,0,28529,7713,4097,0,0,0,0,0
488,560,489.34825978568784,99892,2012,1074,70,34,22664,11698,0.3439915108316982,1167,609,25657,24138,11914,5682,9178,18461,24470,13017,0,0,43254,9246,3915,2159,876,22,0,0,0,0,28665,7638,4117,0,0,0,0,0
489,560,490.4539452277817,99890,2047,1036,71,35,23004,11852,0.3489438382220442,1151,659,25456,23958,12055,5806,9218,18504,24662,13147,0,0,42735,9476,4066,2208,906,25,0,0,0,0,28772,7555,4147,0,0,0,0,0
490,560,491.00953017478366,99889,2049,1051,71,36,23161,11942,0.351420076284676,1150,647,25321,23796,12103,5843,9304,18625,24853,13277,0,0,42361,9562,4163,2222,927,27,0,0,0,0,28957,7505,4165,0,0,0,0,0
491,560,492.1299122264435,99887,2058,1050,72,37,23526,12133,0.3569934025448757,1097,617,25076,23655,12334,5962,9361,18677,25043,13407,0,0,41818,9801,4314,2283,964,31,0,0,0,0,29066,7418,4192,0,0,0,0,0
492,560,493.26142753478985,99886,2030,1062,72,38,23827,12300,0.3616823178423403,1125,621,24873,23498,12502,6036,9396,18743,25232,13536,0,0,41347,9970,4496,2336,995,34,0,0,0,0,29151,7341,4216,0,0,0,0,0
493,560,494.4021368373551,99886,2074,1052,72,38,24186,12474,0.3670184009771139,1154,633,24617,23346,12645,6145,9436,18784,25419,13665,0,0,40847,10169,4650,2396,1031,36,0,0,0,0,29256,7262,4239,0,0,0,0,0
494,560,495.5535187438368,99885,2017,1058,73,38,24483,12650,0.3717575211493217,1187,627,24362,23207,12875,6234,9484,18834,25605,13794,0,0,40352,10357,4828,2446,1082,38,0,0,0,0,29341,7194,4247,0,0,0,0,0
495,560,496.1331438065527,99884,2005,1048,74,38,24644,12728,0.3741540186616475,1198,639,24219,23040,12931,6273,9571,18960,25789,13923,0,0,39997,10416,4933,2474,1117,39,0,0,0,0,29502,7147,4259,0,0,0,0,0
496,560,497.30422934725027,99882,2021,1082,74,40,24995,12928,0.3796780200636751,1169,605,24007,22901,13113,6362,9614,19008,25972,14052,0,0,39509,10616,5089,2516,1160,42,0,0,0,0,29588,7071,4291,0,0,0,0,0
497,560,498.48566364884806,99878,2006,1078,76,42,25342,13121,0.38509982178257474,1148,592,23794,22747,13325,6499,9649,19040,26154,14181,0,0,38981,10850,5260,2559,1208,47,0,0,0,0,29673,6994,4306,0,0,0,0,0
498,560,499.0801160086954,99878,2004,1081,76,42,25508,13229,0.38784316866577223,1146,559,23654,22621,13398,6546,9720,19149,26334,14309,0,0,38648,10909,5392,2575,1242,49,0,0,0,0,29794,6937,4332,0,0,0,0,0
499,560,500.27993251155056,99876,1988,1101,78,42,25845,13420,0.3931374904882054,1127,533,23461,22481,13604,6645,9740,19196,26513,14437,0,0,38165,11087,5555,2639,1299,49,0,0,0,0,29880,6863,4339,0,0,0,0,0
500,560,501.4899695158533,99873,1999,1052,81,42,26211,13575,0.39836592472439997,1079,539,23268,22363,13807,6773,9764,19229,26691,14565,0,0,37659,11284,5736,2694,1358,52,0,0,0,0,29953,6803,4334,0,0,0,0,0
501,560,502.0981350295478,99873,1966,1060,81,42,26360,13652,0.4006287985741892,1085,555,23161,22211,13871,6793,9834,19337,26867,14693,0,0,37328,11330,5845,2722,1393,53,0,0,0,0,30101,6753,4348,0,0,0,0,0
502,560,503.32574154906933,99872,1976,1037,82,42,26705,13822,0.4057894104453701,1042,572,23000,22081,14046,6905,9852,19361,27042,14820,0,0,36884,11477,6065,2778,1435,55,0,0,0,0,30126,6684,4368,0,0,0,0,0
503,560,504.5620645359191,99872,1932,1017,82,42,27016,13995,0.4106356135853893,1045,566,22821,21990,14239,7008,9879,19375,27216,14947,0,0,36408,11655,6260,2838,1479,63,0,0,0,0,30186,6609,4374,0,0,0,0,0
504,560,505.18332106934264,99870,1905,1026,84,42,27168,14096,0.41317713026935016,1057,546,22693,21848,14315,7060,9944,19476,27388,15074,0,0,36060,11715,6374,2867,1508,65,0,0,0,0,30331,6563,4387,0,0,0,0,0
505,560,506.43716604287965,99870,1868,1031,84,42,27470,14278,0.4180234304595975,1050,542,22547,21729,14473,7159,9976,19495,27559,15201,0,0,35598,11887,6549,2929,1549,69,0,0,0,0,30393,6488,4408,0,0,0,0,0
506,560,507.06718727439124,99869,1877,1038,84,43,27642,14350,0.42047081676996867,1035,554,22421,21612,14537,7171,10044,19580,27728,15327,0,0,35278,11944,6658,2941,1574,71,0,0,0,0,30528,6441,4434,0,0,0,0,0
507,560,508.3370036631709,99868,1840,1027,85,43,27970,14519,0.42545159610686106,1037,523,22228,21499,14737,7288,10071,19618,27896,15453,0,0,34823,12107,6837,3011,1617,75,0,0,0,0,30567,6362,4469,0,0,0,0,0
508,560,509.61817870192334,99865,1832,993,88,43,28295,14678,0.43031091974165125,1036,526,22039,21419,14915,7387,10088,19630,28063,15579,0,0,34371,12267,7010,3078,1669,79,0,0,0,0,30626,6285,4480,0,0,0,0,0
509,560,510.2625906030657,99865,1822,1004,88,43,28455,14776,0.4328944074500576,1010,520,21950,21298,14966,7411,10162,19722,28228,15704,0,0,34059,12333,7132,3084,1707,81,0,0,0,0,30731,6233,4505,0,0,0,0,0
510,560,511.5620185709737,99864,1787,1006,89,43,28766,14943,0.437685251942642,1018,502,21804,21212,15122,7497,10178,19738,28392,15829,0,0,33615,12498,7303,3132,1766,85,0,0,0,0,30791,6162,4512,0,0,0,0,0
511,560,512.2136168656187,99863,1788,986,90,43,28933,15018,0.44011295474800477,1003,506,21702,21101,15182,7530,10233,19832,28555,15954,0,0,33304,12547,7427,3154,1798,88,0,0,0,0,30904,6110,4531,0,0,0,0,0
512,560,513.5283845794769,99861,1779,985,92,43,29250,15192,0.44503860365908615,960,483,21587,21036,15321,7618,10259,19833,28716,16078,0,0,32916,12664,7631,3202,1851,95,0,0,0,0,30921,6032,4549,0,0,0,0,0
513,560,514.1882563599537,99860,1750,968,93,43,29398,15262,0.44722611656318845,977,508,21470,20926,15395,7649,10313,19904,28876,16202,0,0,32618,12704,7761,3223,1885,97,0,0,0,0,31021,5979,4572,0,0,0,0,0
514,560,515.5178522308054,99860,1765,940,93,43,29730,15429,0.4522231123573002,939,504,21323,20839,15549,7761,10329,19911,29034,16326,0,0,32208,12829,7945,3279,1944,102,0,0,0,0,31056,5914,4583,0,0,0,0,0
515,560,516.185404874391,99859,1754,907,94,43,29890,15501,0.4545509167926777,908,519,21242,20734,15608,7808,10392,19987,29191,16449,0,0,31916,12856,8079,3300,1987,104,0,0,0,0,31145,5873,4599,0,0,0,0,0
516,560,517.5314029065673,99857,1728,889,95,44,30189,15667,0.4592166798521886,887,514,21111,20669,15753,7900,10424,19982,29347,16572,0,0,31538,12948,8285,3363,2040,112,0,0,0,0,31155,5809,4607,0,0,0,0,0
517,560,518.2067900130884,99857,1719,888,95,44,30344,15752,0.4616201167669768,860,496,21026,20566,15799,7930,10499,20074,29501,16695,0,0,31259,12972,8427,3384,2068,117,0,0,0,0,31248,5761,4621,0,0,0,0,0
518,560,519.5680480121978,99854,1667,867,97,45,30635,15923,0.46626074068139484,885,486,20897,20505,15953,8033,10499,20062,29654,16817,0,0,30856,13095,8605,3456,2132,121,0,0,0,0,31269,5684,4636,0,0,0,0,0
519,560,520.2509194281212,99854,1642,850,97,45,30789,16006,0.4686342059406734,874,485,20795,20402,16026,8080,10564,20136,29806,16939,0,0,30556,13131,8723,3484,2179,122,0,0,0,0,31375,5638,4646,0,0,0,0,0
520,560,521.6280744364668,99853,1609,860,97,46,31077,16180,0.4732657005798524,843,456,20703,20350,16159,8155,10587,20131,29956,17060,0,0,30169,13235,8903,3549,2217,133,0,0,0,0,31410,5577,4660,0,0,0,0,0
521,560,522.3193813115869,99852,1595,856,98,46,31231,16246,0.47547370107759485,825,457,20596,20265,16226,8154,10658,20220,30105,17181,0,0,29901,13255,9021,3568,2246,139,0,0,0,0,31506,5529,4687,0,0,0,0,0
522,560,523.013432480477,99852,1572,840,98,46,31368,16324,0.47762688779393503,806,450,20521,20182,16274,8192,10727,20288,30253,17302,0,0,29623,13294,9138,3587,2284,142,0,0,0,0,31598,5475,4711,0,0,0,0,0
523,560,524.4122223164446,99850,1522,821,100,46,31650,16476,0.4819829744616925,766,446,20447,20117,16420,8271,10743,20297,30399,17422,0,0,29235,13423,9324,3630,2342,149,0,0,0,0,31614,5411,4722,0,0,0,0,0
524,560,525.1133636688755,99850,1493,805,100,46,31770,16562,0.4840460691036555,770,425,20391,20054,16436,8299,10808,20369,30544,17542,0,0,28991,13434,9463,3644,2387,152,0,0,0,0,31673,5365,4741,0,0,0,0,0
525,560,526.5240349275365,99848,1496,789,102,46,32071,16704,0.4884925086130919,732,408,20296,20028,16567,8365,10805,20362,30688,17661,0,0,28622,13539,9642,3683,2446,155,0,0,0,0,31695,5321,4745,0,0,0,0,0
526,560,527.2302588021467,99847,1473,789,103,46,32201,16787,0.4906306649173235,711,388,20242,19972,16597,8389,10872,20414,30830,17780,0,0,28379,13545,9785,3694,2482,158,0,0,0,0,31757,5284,4763,0,0,0,0,0
527,560,528.6528548721676,99845,1395,767,105,46,32418,16938,0.494326205618709,743,356,20163,19947,16698,8473,10894,20409,30971,17899,0,0,28046,13602,9989,3749,2533,164,0,0,0,0,31756,5228,4778,0,0,0,0,0
528,560,529.3656494530734,99844,1405,743,106,46,32551,17003,0.49631425023035936,721,336,20112,19893,16695,8507,10959,20473,31111,18017,0,0,27818,13592,10119,3765,2565,168,0,0,0,0,31830,5189,4798,0,0,0,0,0
529,560,530.0814823903606,99844,1415,731,106,46,32696,17067,0.4984075157245303,682,335,20051,19824,16719,8530,11025,20532,31249,18135,0,0,27581,13588,10235,3786,2600,172,0,0,0,0,31921,5152,4809,0,0,0,0,0
530,560,531.5197165408639,99843,1370,702,107,46,32941,17183,0.5020281842492713,660,357,20024,19786,16809,8590,11028,20517,31386,18252,0,0,27248,13668,10426,3821,2649,181,0,0,0,0,31931,5105,4814,0,0,0,0,0
531,560,532.2399643082247,99842,1325,692,107,47,33045,17242,0.503665791951283,681,359,19935,19735,16856,8598,11094,20567,31522,18369,0,0,26994,13677,10544,3845,2675,184,0,0,0,0,32026,5070,4827,0,0,0,0,0
532,560,533.6872265889391,99838,1257,692,109,49,33279,17376,0.507371942546926,651,345,19909,19726,16956,8640,11116,20546,31657,18485,0,0,26676,13732,10719,3913,2723,190,0,0,0,0,32040,5008,4837,0,0,0,0,0
533,560,534.4125624866838,99838,1242,686,109,49,33386,17444,0.5091247821470782,643,335,19863,19669,16951,8657,11190,20602,31790,18601,0,0,26463,13733,10845,3907,2768,191,0,0,0,0,32104,4971,4856,0,0,0,0,0
534,560,535.1396924769854,99836,1238,698,110,50,33516,17512,0.5111182339036019,603,325,19819,19607,16980,8660,11248,20658,31922,18716,0,0,26237,13744,10956,3915,2798,193,0,0,0,0,32186,4925,4882,0,0,0,0,0
535,560,536.5997428354618,99836,1218,673,110,50,33750,17626,0.5146039504787852,583,314,19759,19628,17068,8694,11260,20639,32053,18831,0,0,25943,13798,11112,3934,2877,194,0,0,0,0,32202,4885,4891,0,0,0,0,0
536,560,537.3304427770738,99835,1216,641,111,50,33868,17671,0.5162417989682977,574,312,19692,19583,17074,8716,11331,20696,32183,18945,0,0,25735,13765,11247,3944,2911,198,0,0,0,0,32272,4864,4899,0,0,0,0,0
537,560,538.0641172062917,99835,1182,636,111,50,33959,17729,0.517734261531527,583,306,19628,19529,17098,8721,11396,20756,32311,19059,0,0,25506,13764,11344,3963,2942,202,0,0,0,0,32371,4833,4910,0,0,0,0,0
538,560,539.5395752511483,99834,1158,608,111,51,34170,17840,0.5209648015706072,544,301,19593,19518,17162,8777,11430,20743,32438,19173,0,0,25223,13801,11518,3996,2994,207,0,0,0,0,32384,4795,4916,0,0,0,0,0
539,560,540.2788239467416,99832,1128,617,112,52,34273,17904,0.5226480487218527,536,282,19553,19475,17178,8767,11491,20805,32564,19286,0,0,25015,13801,11620,3995,3035,210,0,0,0,0,32455,4759,4942,0,0,0,0,0
540,560,541.0198439330724,99831,1114,594,112,53,34373,17946,0.5240756879125722,517,287,19526,19430,17182,8772,11547,20862,32689,19399,0,0,24834,13775,11742,4002,3067,215,0,0,0,0,32507,4719,4970,0,0,0,0,0
541,560,542.5069494430142,99830,1064,575,112,54,34571,18055,0.5271561654813183,494,282,19507,19452,17251,8803,11570,20832,32813,19511,0,0,24565,13802,11906,4035,3126,223,0,0,0,0,32521,4680,4972,0,0,0,0,0
542,560,543.2510239456893,99830,1057,589,112,54,34667,18122,0.52878894120004,492,259,19477,19431,17234,8795,11626,20870,32935,19623,0,0,24370,13779,12015,4039,3160,225,0,0,0,0,32606,4656,4980,0,0,0,0,0
543,560,544.7435928088894,99830,1081,528,112,54,34868,18216,0.5317439647400581,471,265,19474,19456,17225,8864,11635,20831,33056,19734,0,0,24121,13792,12172,4069,3218,230,0,0,0,0,32624,4627,4977,0,0,0,0,0
544,560,545.4889222108211,99830,1070,508,112,54,34956,18252,0.5329860763297606,465,265,19449,19414,17201,8864,11701,20893,33176,19845,0,0,23957,13755,12283,4074,3254,234,0,0,0,0,32686,4589,4998,0,0,0,0,0
545,560,546.2361461279806,99827,1033,496,115,54,35035,18295,0.5342242078796318,481,260,19406,19366,17201,8880,11762,20942,33295,19955,0,0,23761,13743,12376,4085,3285,241,0,0,0,0,32767,4556,5013,0,0,0,0,0
546,560,547.7348721316442,99827,993,502,115,54,35203,18397,0.5369288869744658,480,241,19422,19403,17209,8878,11779,20920,33413,20065,0,0,23549,13733,12530,4107,3343,249,0,0,0,0,32780,4519,5017,0,0,0,0,0
547,560,548.4839806661784,99826,1003,493,115,55,35301,18448,0.5384268627411697,474,229,19392,19385,17180,8871,11834,20965,33530,20174,0,0,23367,13714,12631,4101,3382,252,0,0,0,0,32857,4495,5027,0,0,0,0,0
548,560,549.2340638229313,99826,1009,478,115,55,35406,18486,0.5398593552781841,457,230,19376,19364,17157,8864,11884,21007,33645,20283,0,0,23198,13682,12744,4106,3413,258,0,0,0,0,32922,4467,5036,0,0,0,0,0
549,560,550.7373906946626,99826,957,477,115,55,35563,18578,0.5423536954300483,435,225,19352,19391,17227,8870,11912,20980,33759,20391,0,0,22967,13706,12883,4124,3463,266,0,0,0,0,32941,4429,5047,0,0,0,0,0
550,560,551.4896362745319,99825,922,465,116,55,35636,18626,0.5435712496869521,445,208,19315,19373,17232,8875,11968,21022,33872,20499,0,0,22782,13701,12969,4126,3513,267,0,0,0,0,33014,4393,5060,0,0,0,0,0
551,560,552.2432539416001,99824,930,469,117,55,35744,18671,0.5451093925308543,417,199,19282,19345,17226,8850,12026,21080,33984,20606,0,0,22627,13665,13066,4131,3549,271,0,0,0,0,33080,4358,5077,0,0,0,0,0
552,560,553.7554826674575,99823,891,433,117,56,35903,18749,0.5474890556284624,387,206,19305,19381,17248,8881,12050,21041,34095,20713,0,0,22394,13690,13199,4144,3608,279,0,0,0,0,33095,4330,5084,0,0,0,0,0
553,560,554.5113539645432,99823,874,421,117,56,35967,18783,0.5484707933041484,397,213,19272,19359,17227,8871,12111,21078,34205,20819,0,0,22242,13664,13288,4144,3640,285,0,0,0,0,33162,4294,5104,0,0,0,0,0
554,560,555.2679864746876,99822,861,428,118,56,36035,18834,0.5496684097693895,384,199,19247,19360,17210,8838,12178,21117,34314,20925,0,0,22103,13613,13404,4144,3670,287,0,0,0,0,33216,4263,5122,0,0,0,0,0
555,560,556.026014084165,99822,832,425,118,56,36105,18882,0.5508505139147682,369,179,19257,19361,17189,8822,12233,21155,34422,21030,0,0,21952,13579,13498,4132,3721,294,0,0,0,0,33273,4244,5129,0,0,0,0,0
556,560,557.5445414975559,99821,811,401,118,57,36269,18950,0.5531801925446549,345,177,19290,19399,17206,8821,12228,21143,34529,21134,0,0,21737,13587,13623,4152,3773,301,0,0,0,0,33304,4213,5131,0,0,0,0,0
557,560,558.3019742139109,99820,780,397,119,57,36328,18985,0.5541274293728712,338,179,19269,19371,17199,8818,12293,21176,34635,21238,0,0,21564,13561,13709,4160,3797,304,0,0,0,0,33391,4189,5145,0,0,0,0,0
558,560,559.0604409196787,99819,756,399,120,57,36395,19018,0.5551347939770985,330,171,19275,19365,17172,8792,12345,21214,34740,21341,0,0,21433,13519,13807,4158,3833,307,0,0,0,0,33443,4153,5166,0,0,0,0,0
559,560,560.5797195242968,99817,692,355,121,58,36515,19077,0.5569391987336827,324,165,19302,19421,17205,8820,12354,21179,34843,21444,0,0,21233,13509,13943,4184,3889,314,0,0,0,0,33460,4123,5162,0,0,0,0,0
560,560,561.3381409025911,99817,676,340,121,58,36570,19100,0.5577206287506137,307,171,19308,19395,17178,8814,12408,21220,34945,21546,0,0,21091,13477,14028,4181,3920,317,0,0,0,0,33531,4093,5179,0,0,0,0,0
561,560,562.0975366927273,99817,678,327,121,58,36630,19127,0.5585922237694981,298,172,19302,19387,17142,8799,12457,21255,35046,21648,0,0,20963,13424,14126,4180,3949,320,0,0,0,0,33595,4072,5188,0,0,0,0,0
562,560,563.6168303063564,99817,643,348,121,58,36743,19207,0.5605257621447248,269,143,19346,19462,17132,8772,12487,21215,35146,21749,0,0,20786,13415,14245,4190,3982,329,0,0,0,0,33630,4044,5196,0,0,0,0,0
563,560,564.3750547533276,99817,643,339,121,58,36802,19234,0.561387338830059,265,139,19341,19459,17086,8757,12542,21246,35245,21850,0,0,20662,13369,14331,4181,4014,334,0,0,0,0,33690,4025,5211,0,0,0,0,0
564,560,565.133676726265,99816,619,328,122,58,36841,19250,0.5619439769175283,272,145,19351,19460,17039,8735,12595,21272,35343,21950,0,0,20541,13312,14416,4180,4040,339,0,0,0,0,33758,4004,5226,0,0,0,0,0
565,560,566.6512609634068,99816,572,301,122,58,36945,19303,0.5635168710427186,253,140,19416,19525,17028,8729,12607,21245,35440,22050,0,0,20392,13288,14543,4185,4102,342,0,0,0,0,33760,3964,5240,0,0,0,0,0
566,560,567.4076923165538,99816,578,288,122,58,37003,19325,0.5643183457561914,232,143,19419,19517,16975,8706,12672,21286,35537,22149,0,0,20284,13235,14638,4175,4134,344,0,0,0,0,33809,3937,5260,0,0,0,0,0
567,560,568.164516235942,99816,551,282,122,58,37031,19346,0.5648092490181935,247,145,19407,19523,16941,8684,12730,21306,35633,22248,0,0,20157,13196,14722,4165,4159,349,0,0,0,0,33878,3919,5271,0,0,0,0,0
568,560,569.678848176473,99815,527,280,123,58,37122,19405,0.5663176877222862,248,139,19451,19580,16915,8675,12734,21266,35728,22346,0,0,20000,13178,14836,4164,4199,354,0,0,0,0,33912,3897,5275,0,0,0,0,0
569,560,570.4346033331794,99814,527,276,124,58,37176,19431,0.5671248522251388,232,145,19471,19569,16857,8650,12787,21300,35822,22444,0,0,19880,13123,14917,4169,4220,359,0,0,0,0,33984,3874,5288,0,0,0,0,0
570,560,571.190573150821,99814,492,265,124,58,37210,19447,0.5676257839581622,240,148,19475,19559,16821,8636,12846,21332,35915,22541,0,0,19749,13084,15002,4172,4239,362,0,0,0,0,34049,3849,5308,0,0,0,0,0
571,560,572.7012994237731,99814,470,289,124,58,37308,19520,0.5693389704851023,216,106,19540,19587,16784,8629,12864,21329,36007,22638,0,0,19616,13031,15113,4185,4277,368,0,0,0,0,34080,3829,5315,0,0,0,0,0
572,560,573.4547380976891,99814,442,284,124,58,37338,19537,0.5698098463141443,231,102,19552,19581,16733,8605,12916,21368,36098,22734,0,0,19490,12991,15193,4184,4297,371,0,0,0,0,34150,3810,5328,0,0,0,0,0
573,560,574.2080592492522,99814,432,273,124,58,37383,19562,0.5705111507403771,212,92,19558,19586,16698,8599,12974,21390,36188,22830,0,0,19367,12957,15260,4175,4333,375,0,0,0,0,34219,3789,5339,0,0,0,0,0
574,560,575.7141785670508,99814,419,262,124,58,37464,19596,0.571663293726331,199,89,19625,19651,16644,8575,12987,21363,36277,22925,0,0,19247,12909,15353,4169,4380,380,0,0,0,0,34260,3770,5346,0,0,0,0,0
575,560,576.4651435488767,99814,428,236,124,58,37505,19608,0.5721942813633358,192,92,19615,19658,16597,8573,13042,21381,36365,23020,0,0,19122,12881,15424,4161,4406,380,0,0,0,0,34333,3748,5359,0,0,0,0,0
576,560,577.2159374219171,99814,408,231,124,58,37549,19625,0.5728054180776244,179,93,19608,19652,16569,8551,13110,21413,36452,23114,0,0,19008,12845,15494,4150,4435,388,0,0,0,0,34396,3727,5371,0,0,0,0,0
577,560,578.7190065908098,99814,363,213,124,58,37608,19662,0.5737672070050294,168,90,19673,19706,16549,8537,13121,21394,36538,23207,0,0,18890,12807,15615,4141,4471,395,0,0,0,0,34404,3706,5385,0,0,0,0,0
578,560,579.4687869755967,99814,364,202,124,58,37647,19683,0.5743683250846575,152,79,19680,19715,16498,8519,13180,21425,36624,23300,0,0,18769,12770,15707,4135,4483,398,0,0,0,0,34465,3693,5394,0,0,0,0,0
579,560,580.2186658507147,99814,360,206,124,58,37684,19700,0.5749093313563227,141,75,19697,19725,16445,8488,13231,21446,36709,23392,0,0,18666,12727,15770,4131,4498,404,0,0,0,0,34536,3667,5415,0,0,0,0,0
580,560,581.7177533602387,99813,342,188,125,58,37737,19729,0.5757366274934127,142,75,19771,19811,16372,8460,13246,21406,36793,23484,0,0,18537,12703,15844,4129,4533,409,0,0,0,0,34589,3646,5423,0,0,0,0,0
581,560,582.4643670833428,99813,346,177,125,58,37772,19738,0.5761774518349313,132,83,19788,19812,16314,8441,13293,21427,36876,23575,0,0,18429,12665,15910,4119,4554,411,0,0,0,0,34660,3629,5436,0,0,0,0,0
582,560,583.2110475562527,99813,339,170,125,58,37799,19753,0.5765982387063809,124,74,19800,19809,16261,8435,13349,21452,36958,23666,0,0,18316,12629,15976,4112,4567,417,0,0,0,0,34735,3612,5449,0,0,0,0,0
583,560,584.7029763356342,99813,307,154,125,58,37847,19777,0.5773195876288659,112,70,19870,19894,16218,8404,13366,21418,37039,23756,0,0,18191,12602,16050,4109,4605,420,0,0,0,0,34787,3590,5459,0,0,0,0,0
584,560,585.4466303298044,99813,306,145,125,58,37877,19785,0.5777002995601775,102,73,19884,19896,16176,8387,13405,21439,37120,23846,0,0,18091,12560,16115,4103,4622,423,0,0,0,0,34855,3568,5476,0,0,0,0,0
585,560,586.1902685300666,99812,307,143,126,58,37902,19800,0.5781068408608183,86,64,19897,19938,16123,8347,13459,21448,37200,23935,0,0,18013,12510,16179,4087,4649,426,0,0,0,0,34908,3544,5496,0,0,0,0,0
586,560,587.6763755353031,99812,277,143,126,58,37937,19824,0.578697952150042,95,71,19949,20017,16069,8295,13482,21414,37279,24024,0,0,17900,12484,16246,4075,4682,431,0,0,0,0,34962,3528,5504,0,0,0,0,0
587,560,588.4169050019016,99812,268,140,126,58,37953,19834,0.578958441870717,96,69,19955,20026,16019,8266,13534,21439,37357,24112,0,0,17805,12434,16304,4067,4705,432,0,0,0,0,35037,3514,5514,0,0,0,0,0
588,560,589.1580051462199,99811,259,140,126,59,37969,19851,0.5792948672991954,93,61,19968,20040,15964,8244,13588,21454,37434,24200,0,0,17721,12390,16364,4048,4728,438,0,0,0,0,35096,3496,5530,0,0,0,0,0
589,560,590.639570179897,99811,241,138,126,59,37998,19877,0.5798459087675707,92,53,20052,20118,15890,8213,13597,21417,37511,24287,0,0,17615,12351,16429,4043,4755,441,0,0,0,0,35157,3480,5540,0,0,0,0,0
590,560,591.3781569177034,99811,230,132,126,59,38012,19881,0.5800262496117662,93,57,20069,20125,15834,8182,13646,21443,37587,24374,0,0,17522,12302,16483,4034,4777,443,0,0,0,0,35231,3469,5550,0,0,0,0,0
591,560,592.1158437270856,99811,223,128,126,59,38028,19895,0.5803268176854255,89,52,20100,20138,15764,8156,13696,21465,37662,24460,0,0,17429,12254,16544,4022,4802,443,0,0,0,0,35300,3457,5560,0,0,0,0,0
592,560,593.5891418062573,99811,207,125,126,59,38065,19920,0.5809479917043212,92,48,20180,20215,15689,8121,13704,21430,37736,24546,0,0,17333,12211,16626,4022,4823,444,0,0,0,0,35341,3433,5578,0,0,0,0,0
593,560,594.3225091567067,99811,194,122,126,59,38074,19929,0.5811283325485167,94,48,20196,20217,15632,8096,13756,21456,37810,24631,0,0,17242,12166,16685,4016,4837,448,0,0,0,0,35411,3419,5587,0,0,0,0,0
594,560,595.0558638084409,99811,195,114,126,59,38090,19934,0.5813387302000782,96,52,20223,20228,15556,8066,13802,21479,37883,24716,0,0,17168,12119,16737,3999,4862,453,0,0,0,0,35472,3402,5599,0,0,0,0,0
595,560,596.5206384285564,99810,191,108,127,59,38125,19953,0.5818855826069532,90,47,20296,20284,15476,8050,13818,21450,37955,24800,0,0,17070,12089,16796,3997,4882,455,0,0,0,0,35530,3374,5617,0,0,0,0,0
596,560,597.2504097782302,99809,184,102,127,60,38142,19960,0.5821318718752818,85,44,20325,20296,15415,8024,13862,21472,38026,24884,0,0,16983,12047,16854,3979,4906,459,0,0,0,0,35593,3366,5622,0,0,0,0,0
597,560,598.7082325837385,99809,175,98,127,60,38179,19974,0.5826428478393733,77,51,20401,20383,15343,7979,13875,21427,38097,24967,0,0,16891,12003,16918,3978,4924,465,0,0,0,0,35649,3350,5631,0,0,0,0,0
598,560,599.4348787718112,99809,166,97,127,60,38189,19981,0.582813173160737,78,51,20415,20389,15284,7945,13928,21456,38167,25050,0,0,16819,11942,16979,3974,4941,467,0,0,0,0,35710,3337,5640,0,0,0,0,0
599,560,600.1607388410728,99809,152,99,127,60,38201,19993,0.5830536324379565,79,43,20429,20412,15238,7910,13973,21474,38236,25132,0,0,16735,11902,17029,3963,4966,469,0,0,0,0,35775,3322,5648,0,0,0,0,0
600,560,601.6112302727745,99809,149,98,127,60,38231,20007,0.5834944744461922,71,45,20518,20499,15141,7862,13992,21434,38305,25214,0,0,16648,11862,17090,3951,4990,471,0,0,0,0,35831,3309,5657,0,0,0,0,0
601,560,602.3340228485788,99809,155,106,127,60,38249,20021,0.5838150868158182,62,34,20530,20513,15084,7831,14040,21454,38373,25295,0,0,16574,11816,17145,3930,5017,471,0,0,0,0,35893,3301,5662,0,0,0,0,0
602,560,603.0560126376275,99809,161,107,127,60,38269,20029,0.584095622639241,48,29,20554,20537,15029,7796,14079,21469,38440,25376,0,0,16492,11775,17199,3926,5020,477,0,0,0,0,35960,3285,5675,0,0,0,0,0
603,560,604.4984087379393,99809,146,99,127,60,38287,20038,0.5843661393261129,59,27,20611,20645,14962,7747,14093,21420,38507,25456,0,0,16413,11734,17262,3917,5042,480,0,0,0,0,36008,3269,5684,0,0,0,0,0
604,560,605.2175723971204,99809,144,90,127,60,38299,20041,0.5845164263743751,61,35,20617,20681,14913,7712,14136,21420,38573,25536,0,0,16339,11691,17322,3903,5059,481,0,0,0,0,36063,3252,5699,0,0,0,0,0
605,560,606.6551599084166,99809,135,78,127,60,38318,20049,0.584786943061247,57,34,20688,20750,14840,7682,14151,21394,38638,25615,0,0,16255,11656,17372,3893,5080,486,0,0,0,0,36117,3241,5709,0,0,0,0,0
606,560,607.3720844161393,99809,128,72,127,60,38331,20053,0.5849572683826108,51,31,20707,20773,14784,7659,14201,21403,38703,25694,0,0,16179,11615,17428,3879,5101,488,0,0,0,0,36172,3230,5717,0,0,0,0,0
607,560,608.0884634931305,99809,132,67,127,60,38341,20056,0.5850875171577713,45,37,20725,20798,14726,7633,14243,21403,38767,25772,0,0,16106,11566,17487,3871,5110,489,0,0,0,0,36234,3218,5728,0,0,0,0,0
608,560,609.5195626382488,99809,131,76,127,60,38363,20075,0.5854983017563546,40,27,20813,20890,14637,7577,14250,21368,38830,25850,0,0,16026,11532,17532,3866,5124,493,0,0,0,0,36295,3199,5742,0,0,0,0,0
609,560,610.2323846161112,99809,119,72,127,60,38367,20081,0.5855984931218627,38,28,20852,20900,14583,7556,14279,21382,38893,25927,0,0,15952,11496,17580,3852,5143,495,0,0,0,0,36352,3183,5756,0,0,0,0,0
610,560,611.6556847529148,99809,114,64,127,60,38380,20091,0.5858289332625314,33,26,20945,20980,14485,7525,14294,21343,38955,26004,0,0,15875,11463,17639,3840,5156,498,0,0,0,0,36400,3167,5771,0,0,0,0,0
611,560,612.3645788699504,99809,112,62,127,60,38388,20097,0.5859692011742428,31,23,20957,21000,14434,7496,14337,21357,39017,26080,0,0,15802,11429,17684,3829,5168,502,0,0,0,0,36460,3151,5784,0,0,0,0,0
612,560,613.0725770049696,99809,102,52,127,60,38394,20100,0.5860593734032001,31,23,20987,21026,14373,7475,14378,21362,39078,26156,0,0,15740,11380,17750,3817,5185,503,0,0,0,0,36500,3137,5797,0,0,0,0,0
613,560,614.4869643226721,99809,94,47,127,60,38403,20106,0.5862096604514623,36,24,21073,21122,14285,7439,14383,21306,39138,26231,0,0,15669,11335,17807,3809,5201,503,0,0,0,0,36552,3125,5808,0,0,0,0,0
614,560,615.1915254405516,99809,87,44,127,60,38407,20112,0.5863098518169704,43,22,21103,21155,14225,7417,14413,21300,39198,26306,0,0,15598,11287,17864,3800,5215,504,0,0,0,0,36610,3118,5813,0,0,0,0,0
615,560,616.598354065887,99808,87,38,128,60,38422,20116,0.5865060916960564,36,21,21176,21250,14154,7375,14417,21254,39257,26381,0,0,15531,11244,17917,3788,5231,507,0,0,0,0,36660,3107,5823,0,0,0,0,0
616,560,617.2992050120963,99808,84,38,128,60,38426,20117,0.586556187880731,35,23,21196,21272,14102,7339,14453,21266,39316,26455,0,0,15468,11200,17962,3776,5246,508,0,0,0,0,36719,3094,5835,0,0,0,0,0
617,560,618.6996987770998,99808,82,34,128,60,38438,20124,0.5867465533824944,32,20,21254,21339,14025,7307,14477,21238,39374,26529,0,0,15395,11165,18003,3769,5262,510,0,0,0,0,36779,3078,5847,0,0,0,0,0
618,560,619.1497965381669,99808,81,34,128,60,38439,20125,0.5867665918563643,34,19,21231,21324,13987,7283,14537,21278,39431,26602,0,0,15331,11121,18049,3759,5272,511,0,0,0,0,36841,3067,5857,0,0,0,0,0
619,560,620.3647685511916,99808,83,34,128,60,38451,20129,0.5869268996473228,30,16,21283,21349,13913,7258,14561,21281,39488,26675,0,0,15259,11085,18093,3752,5281,512,0,0,0,0,36902,3053,5871,0,0,0,0,0
620,560,621.0855135347841,99808,81,37,128,60,38458,20136,0.5870671689644117,29,13,21306,21400,13866,7225,14588,21263,39544,26747,0,0,15196,11044,18143,3739,5294,514,0,0,0,0,36954,3044,5880,0,0,0,0,0
621,560,622.3315817223887,99808,67,36,128,60,38470,20142,0.5872475152292401,25,10,21380,21501,13804,7180,14594,21211,39600,26819,0,0,15121,11009,18193,3732,5310,515,0,0,0,0,37008,3032,5888,0,0,0,0,0
622,560,623.1854230814236,99808,66,30,128,60,38475,20144,0.5873176498877846,24,9,21421,21540,13743,7155,14616,21204,39655,26890,0,0,15063,10974,18239,3714,5325,519,0,0,0,0,37054,3020,5900,0,0,0,0,0
623,560,624.3595311911996,99808,63,31,128,60,38482,20147,0.5874178422571337,29,9,21490,21615,13661,7114,14627,21169,39710,26961,0,0,14993,10939,18278,3704,5339,519,0,0,0,0,37117,3008,5911,0,0,0,0,0
624,560,625.0161728884655,99808,62,34,128,60,38486,20151,0.587497996152613,29,7,21474,21616,13623,7088,14682,21193,39764,27031,0,0,14935,10891,18332,3697,5343,522,0,0,0,0,37169,3000,5919,0,0,0,0,0
625,560,626.2993863360097,99808,60,29,128,60,38498,20154,0.5876482847066368,22,11,21545,21683,13551,7058,14692,21157,39818,27101,0,0,14862,10861,18371,3688,5355,526,0,0,0,0,37228,2991,5926,0,0,0,0,0
626,560,627.0358203106184,99808,56,28,128,60,38504,20155,0.5877184193651811,21,16,21651,21763,13456,7020,14686,21111,39871,27171,0,0,14803,10818,18421,3677,5367,527,0,0,0,0,37278,2981,5936,0,0,0,0,0
627,560,628.0481787771337,99808,56,30,128,60,38509,20158,0.5877985732606604,19,13,21660,21762,13403,7002,14732,21131,39924,27240,0,0,14744,10780,18463,3660,5383,529,0,0,0,0,37332,2976,5941,0,0,0,0,0
628,560,629.1915949826471,99808,58,32,128,60,38517,20165,0.5879488618146842,18,12,21726,21804,13333,6978,14735,21112,39976,27309,0,0,14687,10738,18505,3647,5401,530,0,0,0,0,37384,2968,5948,0,0,0,0,0
629,560,630.0916875322924,99808,61,27,128,60,38528,20169,0.588099150368708,44,36,21786,21888,13252,6934,14727,21053,40028,27377,0,0,14627,10699,18546,3638,5412,534,2,0,0,1,37434,2957,5958,0,0,0,0,0
630,560,631.2438233282538,99808,68,34,128,60,38551,20179,0.5884297851875601,34,31,21862,21960,13180,6892,14726,21021,40079,27445,0,0,14573,10652,18587,3629,5423,539,10,0,0,4,37477,2944,5970,0,0,0,0,0
631,560,632.3924396638124,99808,70,33,128,60,38564,20187,0.5886401891631934,30,27,21923,22012,13110,6865,14737,21001,40130,27512,0,0,14513,10614,18622,3621,5432,544,15,0,0,11,37525,2931,5980,0,0,0,0,0
632,560,633.5377234899726,99808,73,32,128,60,38573,20190,0.5887604200064123,33,33,21997,22085,13025,6820,14742,20968,40180,27579,0,0,14457,10572,18660,3611,5444,546,17,0,0,15,37575,2922,5989,0,0,0,0,0
633,560,634.1085650904752,99808,75,39,128,60,38576,20197,0.5888606123757615,41,32,22003,22091,12972,6799,14779,20977,40230,27646,0,0,14404,10539,18692,3598,5457,547,17,0,0,15,37628,2905,6006,0,0,0,0,0
634,560,635.2493599790191,99808,76,44,128,60,38589,20211,0.5891311317730041,48,24,22048,22164,12912,6764,14786,20942,40279,27712,0,0,14344,10497,18727,3594,5470,549,21,0,0,20,37679,2893,6014,0,0,0,0,0
635,560,636.3873203048627,99808,74,47,128,60,38596,20222,0.5893114780378327,58,19,22092,22243,12844,6735,14802,20894,40328,27778,0,0,14283,10459,18763,3583,5483,550,26,0,0,29,37726,2884,6022,0,0,0,0,0
636,560,637.0876203640396,99808,74,49,128,60,38598,20225,0.5893615742225072,57,18,22067,22240,12818,6714,14854,20917,40376,27843,0,0,14230,10425,18796,3572,5496,550,25,0,0,31,37778,2870,6035,0,0,0,0,0
637,560,638.1573890748815,99808,76,51,128,60,38619,20237,0.5896922090413594,53,18,22143,22312,12749,6685,14849,20872,40424,27908,0,0,14163,10389,18823,3566,5511,553,31,0,0,39,37831,2861,6041,0,0,0,0,0
638,560,639.2383680973734,99808,72,47,128,60,38625,20240,0.5897823821737737,63,19,22182,22342,12681,6655,14872,20875,40471,27972,0,0,14112,10344,18862,3559,5527,553,33,0,0,44,37875,2850,6049,0,0,0,0,0
639,560,640.0058915947286,99808,80,42,128,60,38637,20243,0.5899326707277974,61,21,22231,22403,12620,6620,14878,20852,40518,28036,0,0,14056,10298,18904,3553,5536,554,36,0,0,48,37924,2844,6055,0,0,0,0,0
640,560,641.1347785332739,99808,84,43,128,60,38650,20252,0.5901530939403655,68,22,22292,22460,12546,6594,14880,20819,40564,28100,0,0,13995,10264,18935,3543,5548,555,42,0,0,55,37972,2833,6066,0,0,0,0,0
641,560,642.2604859096617,99808,82,42,128,60,38665,20256,0.5903434594421288,68,21,22339,22520,12498,6571,14883,20784,40610,28163,0,0,13936,10222,18968,3547,5549,563,45,0,0,59,38024,2824,6071,0,0,0,0,0
642,560,643.3834753606807,99808,76,49,128,60,38679,20265,0.590573901891632,63,22,22393,22580,12446,6536,14892,20751,40656,28226,0,0,13885,10184,18997,3539,5562,568,48,0,0,63,38068,2809,6085,0,0,0,0,0
643,560,644.5039063718418,99808,77,48,128,60,38692,20272,0.5907742866303303,66,24,22454,22648,12383,6503,14890,20715,40701,28288,0,0,13835,10149,19023,3528,5583,569,50,0,0,70,38109,2797,6095,0,0,0,0,0
644,560,645.0630901944563,99808,81,43,128,60,38700,20273,0.5908644597627445,72,26,22467,22661,12328,6487,14922,20721,40746,28350,0,0,13783,10114,19057,3515,5594,572,53,0,0,74,38154,2788,6104,0,0,0,0,0
645,560,646.1799965786757,99808,87,42,128,60,38720,20277,0.5911049214491825,68,32,22512,22724,12275,6455,14928,20685,40790,28412,0,0,13733,10077,19087,3510,5607,574,55,0,0,81,38195,2774,6115,0,0,0,0,0
646,560,647.2942028437393,99808,91,43,128,60,38736,20287,0.5913654216094902,66,30,22572,22797,12207,6428,14934,20640,40834,28473,0,0,13679,10039,19120,3500,5624,575,61,0,0,88,38236,2767,6119,0,0,0,0,0
647,560,648.4058088298705,99808,83,44,128,60,38750,20294,0.5915758255851234,66,28,22624,22840,12160,6411,14937,20615,40877,28534,0,0,13624,10001,19149,3494,5643,575,67,0,0,93,38280,2752,6130,0,0,0,0,0
648,560,649.5148278934182,99808,92,43,128,60,38767,20299,0.5917962487976915,64,30,22669,22900,12094,6381,14951,20584,40920,28594,0,0,13580,9971,19176,3477,5662,577,72,0,0,98,38314,2737,6144,0,0,0,0,0
649,560,650.068366671319,99808,95,42,128,60,38777,20301,0.5919164796409105,62,34,22685,22904,12054,6365,14974,20593,40963,28654,0,0,13532,9933,19209,3473,5671,578,71,0,0,102,38359,2725,6155,0,0,0,0,0
650,560,651.1744607183158,99807,102,47,129,60,38797,20312,0.5922330097087378,65,36,22741,22942,12004,6343,14957,20570,41005,28714,0,0,13477,9900,19238,3466,5682,580,74,0,0,109,38404,2714,6163,0,0,0,0,0
651,560,652.2773543150741,99807,104,48,129,60,38816,20318,0.5924834931417636,69,45,22815,23008,11937,6309,14944,20528,41047,28773,0,0,13425,9859,19268,3458,5701,581,78,0,0,114,38447,2710,6166,0,0,0,0,0
652,560,653.376912207434,99807,103,53,129,60,38836,20330,0.5928041119360365,69,43,22864,23062,11885,6290,14948,20490,41088,28832,0,0,13375,9814,19305,3455,5712,584,86,0,0,119,38484,2699,6174,0,0,0,0,0
653,560,654.4736939282559,99807,96,55,129,60,38845,20342,0.5930145180197782,77,38,22905,23136,11841,6266,14950,20443,41129,28890,0,0,13321,9781,19333,3447,5728,584,91,0,0,130,38522,2688,6182,0,0,0,0,0
654,560,655.0211006527745,99807,106,57,129,60,38856,20348,0.5931848467542357,78,38,22914,23145,11794,6252,14977,20446,41170,28948,0,0,13271,9753,19361,3438,5738,585,91,0,0,133,38569,2677,6191,0,0,0,0,0
655,560,656.1155567960928,99807,106,53,129,60,38874,20356,0.5934453495245825,77,38,22983,23195,11738,6241,14965,20411,41210,29006,0,0,13212,9725,19381,3429,5757,586,98,0,0,144,38610,2668,6197,0,0,0,0,0
656,560,657.2069767809239,99807,109,52,129,60,38894,20362,0.5937058522949292,75,41,23040,23245,11679,6219,14966,20381,41250,29063,0,0,13163,9689,19411,3425,5768,587,104,0,0,153,38644,2654,6209,0,0,0,0,0
657,560,658.2954455829986,99807,112,59,129,60,38913,20376,0.5940364904265232,82,34,23103,23310,11613,6192,14959,20343,41290,29120,0,0,13117,9653,19440,3415,5783,591,107,0,0,162,38678,2648,6213,0,0,0,0,0
658,560,659.3809509118776,99807,117,59,129,60,38935,20387,0.5943671285581171,81,35,23156,23361,11554,6173,14961,20310,41329,29177,0,0,13068,9617,19469,3406,5800,593,109,0,0,174,38713,2643,6215,0,0,0,0,0
659,560,660.4635901370707,99807,123,55,129,60,38956,20393,0.594637650665785,81,36,23195,23422,11502,6146,14968,20279,41368,29233,0,0,13017,9586,19491,3400,5815,594,112,0,0,186,38749,2634,6223,0,0,0,0,0
660,560,661.0039607938361,99807,127,57,129,60,38968,20398,0.5948079794002424,82,38,23185,23434,11478,6128,14997,20281,41406,29289,0,0,12966,9556,19518,3394,5823,595,116,0,0,190,38792,2624,6233,0,0,0,0,0
661,560,662.0848219269602,99806,123,57,129,61,38987,20409,0.5951145221730156,84,41,23223,23481,11432,6115,15007,20243,41444,29345,0,0,12913,9525,19540,3384,5841,599,122,0,0,201,38828,2618,6235,0,0,0,0,0
662,560,663.1641180623471,99806,117,58,129,61,39004,20417,0.5953650081157446,82,44,23280,23534,11383,6099,15007,20202,41482,29400,0,0,12862,9495,19559,3382,5853,603,125,0,0,211,38866,2606,6244,0,0,0,0,0
663,560,664.2409823624039,99806,118,56,129,61,39029,20425,0.5956956495601466,77,46,23324,23586,11344,6078,15006,20171,41519,29455,0,0,12812,9462,19587,3375,5868,605,133,0,0,226,38893,2597,6248,0,0,0,0,0
664,560,665.315871463579,99806,125,65,129,61,39057,20440,0.5961264853816404,67,40,23374,23631,11300,6062,15003,20139,41556,29509,0,0,12763,9426,19614,3373,5876,609,137,0,0,235,38929,2591,6253,0,0,0,0,0
665,560,666.3886908848101,99806,132,73,129,61,39079,20454,0.59648718513917,61,38,23437,23684,11246,6043,14993,20099,41593,29563,0,0,12715,9390,19641,3369,5887,612,142,0,0,241,38966,2586,6257,0,0,0,0,0
666,560,667.4584363567615,99806,123,75,129,61,39096,20465,0.5967677293950263,68,35,23482,23741,11205,6022,14991,20064,41629,29617,0,0,12664,9352,19667,3367,5902,613,147,0,0,254,38999,2581,6260,0,0,0,0,0
667,560,668.5258156484633,99806,132,76,129,61,39119,20475,0.5970983708394285,67,33,23530,23815,11154,5994,14986,20019,41665,29670,0,0,12628,9308,19700,3362,5919,613,150,0,0,262,39024,2574,6266,0,0,0,0,0
668,560,669.058587447177,99806,127,76,129,61,39127,20481,0.5972386429673566,72,36,23535,23835,11117,5981,15018,20009,41701,29723,0,0,12597,9271,19731,3350,5935,616,152,0,0,269,39046,2564,6275,0,0,0,0,0
669,560,670.1236498299178,99806,124,78,129,61,39145,20490,0.5975091677855039,87,42,23590,23909,11063,5947,15005,19961,41736,29776,0,0,12553,9240,19754,3343,5952,618,155,0,0,281,39075,2557,6278,0,0,0,0,0
670,560,671.1860860656366,99806,130,67,129,61,39174,20498,0.5978798869807427,75,45,23632,23961,11037,5933,14995,19931,41771,29828,0,0,12511,9200,19779,3346,5966,621,159,0,0,298,39096,2547,6283,0,0,0,0,0
671,560,672.2467609274343,99806,126,64,129,61,39192,20510,0.5981804701120174,73,55,23685,24007,10999,5919,14986,19892,41806,29880,0,0,12471,9169,19801,3336,5986,623,164,0,0,314,39115,2534,6293,0,0,0,0,0
672,560,673.3048610510779,99806,125,69,129,61,39212,20530,0.5985812476203836,73,43,23743,24080,10947,5904,14981,19841,41840,29932,0,0,12426,9138,19824,3328,6003,625,169,0,0,329,39139,2525,6300,0,0,0,0,0
673,560,674.3607392657475,99806,124,75,129,61,39226,20541,0.5988317335631125,78,49,23794,24140,10903,5873,14970,19800,41874,29983,0,0,12380,9102,19852,3325,6013,627,173,0,0,333,39176,2521,6304,0,0,0,0,0
674,560,675.4141444018167,99806,124,73,129,61,39242,20547,0.5990521611927139,93,57,23838,24196,10853,5857,14961,19754,41908,30034,0,0,12335,9074,19872,3318,6031,627,176,0,0,341,39210,2511,6311,0,0,0,0,0
675,560,676.4653584822282,99806,135,78,129,61,39268,20561,0.5994529387010801,94,59,23873,24248,10816,5828,14951,19724,41942,30085,0,0,12291,9051,19891,3305,6053,627,181,0,0,351,39239,2501,6316,0,0,0,0,0
676,560,677.5148446465481,99806,152,82,129,61,39301,20576,0.5999338717111196,90,62,23920,24306,10771,5810,14936,19677,41975,30135,0,0,12242,9018,19916,3302,6064,628,187,0,0,363,39270,2498,6318,0,0,0,0,0
677,560,678.0387283452404,99805,148,88,130,61,39310,20585,0.6001202344571915,96,60,23939,24326,10728,5795,14957,19668,42008,30185,0,0,12206,8990,19941,3291,6074,632,190,0,0,370,39296,2491,6324,0,0,0,0,0
678,560,679.0853844617048,99805,157,87,130,61,39335,20598,0.6005009769049647,100,67,23977,24386,10692,5778,14942,19619,42041,30235,0,0,12159,8956,19965,3291,6086,633,194,0,0,383,39326,2486,6326,0,0,0,0,0
679,560,680.1298464259997,99805,151,95,130,61,39360,20614,0.6009117779670358,93,68,24042,24440,10667,5760,14915,19574,42073,30284,0,0,12118,8926,19986,3280,6103,637,201,0,0,400,39343,2479,6332,0,0,0,0,0
680,560,681.1718917016003,99804,149,92,131,61,39387,20627,0.6013185844254739,105,71,24079,24501,10624,5750,14910,19523,42105,30333,0,0,12075,8885,20016,3274,6111,647,210,0,0,413,39364,2479,6330,0,0,0,0,0
681,560,682.2121319075861,99804,162,90,131,61,39424,20647,0.6018897038194861,92,66,24118,24563,10593,5741,14902,19477,42137,30382,0,0,12029,8861,20032,3266,6125,650,216,0,0,440,39377,2469,6339,0,0,0,0,0
682,560,683.2503970567783,99804,153,90,131,61,39440,20664,0.6022203518897038,98,59,24170,24618,10556,5736,14890,19434,42168,30430,0,0,11976,8832,20049,3265,6140,652,228,0,0,452,39406,2462,6342,0,0,0,0,0
683,560,684.2866757626442,99804,163,108,131,61,39470,20690,0.6027814516452247,92,50,24212,24664,10517,5719,14883,19396,42199,30478,0,0,11937,8807,20064,3262,6151,658,230,0,0,459,39436,2449,6351,0,0,0,0,0
684,560,685.3207525458788,99803,155,104,132,61,39492,20704,0.603148201957857,104,54,24248,24713,10488,5712,14871,19354,42230,30526,0,0,11889,8784,20079,3248,6177,659,241,0,0,478,39452,2441,6355,0,0,0,0,0
685,560,686.3535055886416,99802,158,95,133,61,39519,20714,0.6035249794593295,102,60,24289,24765,10448,5712,14868,19305,42261,30573,0,0,11852,8747,20104,3247,6193,659,244,0,0,501,39463,2433,6359,0,0,0,0,0
686,560,687.3844520097107,99801,165,86,134,61,39547,20724,0.6039117844510576,105,60,24339,24828,10414,5703,14841,19260,42291,30620,0,0,11802,8727,20118,3240,6205,663,254,0,0,515,39487,2421,6369,0,0,0,0,0
687,560,688.4131347688455,99801,166,85,134,61,39572,20737,0.6042925421588962,112,61,24373,24881,10382,5689,14831,19221,42321,30667,0,0,11746,8702,20129,3241,6219,664,263,0,0,526,39523,2414,6374,0,0,0,0,0
688,560,689.4404649558292,99801,158,81,134,61,39594,20746,0.6046031602889751,113,64,24408,24938,10361,5673,14824,19181,42351,30714,0,0,11707,8675,20146,3232,6240,667,271,0,0,543,39537,2404,6379,0,0,0,0,0
689,560,690.4661986806187,99801,168,84,134,61,39623,20762,0.6050540575745734,108,67,24455,24997,10328,5654,14805,19135,42381,30760,0,0,11660,8651,20164,3227,6256,667,277,0,0,557,39564,2397,6381,0,0,0,0,0
690,560,691.4900816665432,99800,180,94,134,62,39648,20783,0.6055210420841683,113,53,24517,25052,10281,5640,14773,19097,42410,30806,0,0,11619,8630,20178,3224,6268,669,275,0,0,568,39595,2388,6386,0,0,0,0,0
691,560,692.0009337890675,99800,189,95,134,62,39665,20789,0.605751503006012,109,56,24521,25064,10254,5633,14791,19088,42439,30852,0,0,11576,8607,20201,3214,6278,671,279,0,0,573,39629,2385,6387,0,0,0,0,0
692,560,693.0216940071297,99800,203,102,134,62,39698,20807,0.6062625250501003,109,55,24565,25121,10213,5611,14774,19047,42468,30897,0,0,11542,8576,20221,3209,6297,673,282,0,0,582,39650,2379,6389,0,0,0,0,0
693,560,694.0403762620994,99800,200,112,134,62,39725,20827,0.6067334669338678,121,50,24610,25161,10186,5601,14747,19012,42497,30942,0,0,11509,8540,20242,3206,6318,675,287,0,0,594,39666,2371,6392,0,0,0,0,0
694,560,695.0571723199353,99800,200,99,134,62,39757,20833,0.6071142284569139,120,61,24668,25227,10157,5593,14719,18956,42525,30987,0,0,11460,8513,20256,3204,6329,684,295,0,0,608,39693,2366,6392,0,0,0,0,0
695,560,696.0716895510529,99800,196,99,134,62,39784,20846,0.6075150300601202,116,59,24700,25272,10144,5581,14708,18925,42553,31031,0,0,11421,8484,20271,3206,6341,687,301,0,0,626,39708,2354,6401,0,0,0,0,0
696,560,697.0848101649282,99800,193,100,134,62,39810,20860,0.6079158316633266,115,61,24740,25326,10128,5569,14688,18880,42581,31075,0,0,11377,8454,20288,3204,6357,689,307,0,0,641,39731,2349,6403,0,0,0,0,0
697,560,698.0962157959735,99800,176,95,134,62,39835,20872,0.6082865731462925,119,59,24780,25367,10115,5569,14674,18846,42609,31119,0,0,11332,8423,20294,3202,6384,693,321,0,0,653,39749,2343,6406,0,0,0,0,0
698,560,699.1063515143869,99800,196,99,134,62,39879,20886,0.6088677354709419,104,61,24830,25410,10074,5550,14660,18816,42636,31163,0,0,11304,8389,20320,3205,6390,696,322,0,0,672,39757,2331,6414,0,0,0,0,0
699,560,700.1144797444085,99800,191,104,134,62,39903,20903,0.6092785571142284,109,66,24870,25453,10054,5542,14640,18771,42663,31206,0,0,11273,8362,20337,3200,6406,703,322,0,0,690,39769,2327,6411,0,0,0,0,0
700,560,701.1207517790401,99800,185,114,134,62,39937,20927,0.6098597194388777,103,67,24904,25493,10038,5532,14634,18730,42690,31249,0,0,11229,8338,20348,3201,6428,707,332,0,0,702,39790,2315,6410,0,0,0,0,0
701,560,702.1256957055855,99800,183,115,134,62,39959,20940,0.6102104208416834,105,71,24953,25546,10008,5514,14615,18690,42717,31292,0,0,11190,8316,20361,3196,6443,711,336,0,0,716,39811,2307,6413,0,0,0,0,0
702,560,703.128798487862,99800,173,116,134,62,39980,20952,0.6105410821643287,105,72,24990,25596,9990,5497,14606,18655,42743,31335,0,0,11153,8294,20370,3192,6465,714,341,0,0,729,39830,2296,6416,0,0,0,0,0
703,560,704.1304027513199,99800,176,124,134,62,40005,20977,0.6110420841683367,107,61,25034,25658,9958,5491,14589,18602,42769,31377,0,0,11118,8267,20386,3189,6482,715,347,0,0,745,39843,2286,6422,0,0,0,0,0
704,560,705.1302887859699,99800,184,128,134,62,40033,20998,0.6115330661322645,107,51,25059,25707,9927,5488,14587,18562,42795,31419,0,0,11080,8240,20404,3189,6492,717,352,0,0,763,39858,2278,6427,0,0,0,0,0
705,560,706.1288508481291,99800,192,127,134,62,40064,21012,0.6119839679358717,103,52,25114,25738,9892,5491,14563,18528,42821,31461,0,0,11051,8201,20433,3188,6507,719,356,0,0,777,39869,2274,6425,0,0,0,0,0
706,560,707.1255166716011,99800,187,132,134,62,40080,21031,0.6123346693386773,112,50,25145,25777,9869,5486,14551,18491,42847,31502,0,0,11022,8175,20446,3184,6524,721,357,0,0,796,39878,2267,6430,0,0,0,0,0
707,560,708.1205221898956,99800,188,127,134,62,40108,21045,0.6127555110220441,105,50,25180,25829,9853,5484,14538,18446,42872,31543,0,0,10987,8147,20465,3178,6542,724,363,0,0,817,39886,2263,6428,0,0,0,0,0
708,560,709.1142362659505,99799,192,126,135,62,40137,21058,0.6131824968186054,99,56,25232,25880,9816,5471,14524,18403,42897,31584,0,0,10952,8120,20484,3172,6561,725,368,0,0,834,39898,2259,6426,0,0,0,0,0
709,560,710.1062075926149,99799,193,125,135,62,40166,21076,0.6136534434212768,104,53,25286,25924,9786,5464,14494,18370,42922,31625,0,0,10916,8094,20499,3169,6575,728,373,0,0,857,39906,2251,6431,0,0,0,0,0
710,560,711.0959632891598,99799,200,121,135,62,40193,21090,0.614064269181054,97,60,25326,25975,9755,5464,14485,18316,42947,31665,0,0,10876,8080,20502,3159,6596,733,377,0,0,871,39928,2247,6430,0,0,0,0,0
711,560,712.0841147338797,99799,202,117,135,62,40224,21105,0.6145251956432429,88,55,25383,26021,9716,5453,14474,18290,42971,31705,0,0,10845,8051,20521,3153,6609,737,384,0,0,897,39926,2242,6434,0,0,0,0,0
712,560,713.0703329418835,99799,188,119,135,62,40235,21122,0.6148057595767492,97,56,25419,26075,9691,5443,14468,18243,42995,31745,0,0,10816,8025,20533,3153,6624,741,384,0,0,915,39937,2234,6437,0,0,0,0,0
713,560,714.0549186759009,99799,174,122,135,62,40252,21139,0.6151464443531498,102,52,25453,26141,9674,5428,14460,18193,43019,31785,0,0,10793,7992,20551,3148,6646,743,386,0,0,933,39940,2225,6442,0,0,0,0,0
714,560,715.0381967879604,99799,176,119,135,62,40278,21151,0.6155272096914799,99,54,25501,26187,9645,5423,14442,18153,43043,31824,0,0,10755,7973,20563,3144,6655,748,390,0,0,952,39955,2218,6446,0,0,0,0,0
715,560,716.0197826017992,99799,170,118,135,62,40295,21166,0.6158478541869157,113,46,25520,26235,9623,5416,14437,18121,43067,31863,0,0,10715,7945,20575,3144,6673,751,396,0,0,960,39980,2217,6443,0,0,0,0,0
716,560,717.0005196495771,99799,167,114,135,62,40324,21175,0.6162286195252458,115,50,25567,26277,9602,5401,14412,18094,43090,31902,0,0,10676,7920,20589,3137,6696,752,404,0,0,977,39994,2216,6438,0,0,0,0,0
717,560,718.4682746953353,99799,166,113,135,62,40359,21193,0.6167596869708113,120,52,25636,26343,9562,5386,14379,18042,43113,31941,0,0,10637,7900,20595,3141,6708,757,405,0,0,1000,40006,2206,6444,0,0,0,0,0
718,560,719.4445804719502,99799,183,108,135,62,40397,21203,0.6172406537139651,107,53,25665,26384,9549,5383,14359,18008,43136,31979,0,0,10601,7874,20607,3145,6716,761,409,0,0,1011,40026,2199,6450,0,0,0,0,0
719,560,720.4196442109068,99799,183,115,135,62,40422,21227,0.6177316405976012,105,46,25711,26452,9531,5363,14333,17960,43159,32017,0,0,10566,7855,20623,3132,6730,767,417,0,0,1033,40031,2198,6447,0,0,0,0,0
720,560,721.3932898422922,99799,188,108,135,62,40445,21239,0.6180823455144842,111,49,25743,26481,9508,5366,14313,17932,43182,32055,0,0,10538,7834,20637,3124,6746,770,420,0,0,1053,40036,2191,6450,0,0,0,0,0
721,560,722.3653421072851,99799,184,105,135,62,40465,21251,0.6184029900099199,118,54,25785,26536,9478,5356,14298,17885,43205,32093,0,0,10502,7813,20645,3120,6764,774,426,0,0,1065,40054,2186,6450,0,0,0,0,0
722,560,723.335753406462,99799,196,113,135,62,40497,21267,0.6188839567530737,115,48,25810,26570,9458,5345,14284,17860,43227,32130,0,0,10470,7790,20659,3118,6776,776,429,0,0,1076,40072,2181,6452,0,0,0,0,0
723,560,724.3051468455558,99799,191,116,135,62,40519,21282,0.6192547019509214,121,52,25852,26610,9436,5330,14263,17828,43249,32167,0,0,10438,7772,20668,3111,6790,780,434,0,0,1092,40082,2172,6460,0,0,0,0,0
724,560,725.2731580426753,99799,194,103,135,62,40544,21293,0.6196154270082866,119,60,25878,26648,9418,5328,14254,17797,43271,32204,0,0,10407,7750,20680,3107,6811,781,441,0,0,1108,40087,2162,6465,0,0,0,0,0
725,560,726.2400207860849,99799,197,101,135,62,40572,21304,0.6200062124870991,112,62,25914,26696,9401,5317,14239,17760,43293,32241,0,0,10374,7730,20690,3103,6825,786,444,0,0,1122,40103,2156,6466,0,0,0,0,0
726,560,727.2055615608907,99799,203,120,135,62,40601,21327,0.6205272597921823,108,60,25947,26734,9379,5301,14226,17721,43315,32277,0,0,10340,7708,20704,3105,6829,790,450,0,0,1130,40123,2148,6472,0,0,0,0,0
727,560,728.1698517220501,99799,209,116,135,62,40627,21337,0.6208879848495475,107,66,25988,26774,9355,5295,14204,17685,43336,32313,0,0,10305,7686,20716,3105,6840,793,458,0,0,1138,40141,2141,6476,0,0,0,0,0
728,560,729.1326012648478,99799,200,119,135,62,40654,21357,0.621358931452219,110,69,26018,26811,9345,5298,14190,17639,43357,32349,0,0,10266,7665,20722,3103,6862,794,461,0,0,1162,40153,2139,6472,0,0,0,0,0
729,560,730.0941284519002,99799,199,117,135,62,40681,21373,0.6217897974929608,111,62,26036,26849,9339,5304,14178,17604,43378,32385,0,0,10231,7647,20725,3099,6880,800,464,0,0,1177,40170,2134,6472,0,0,0,0,0
730,560,731.0549749072095,99799,201,125,135,62,40705,21392,0.6222206635337028,108,50,26085,26897,9315,5298,14154,17566,43399,32421,0,0,10202,7628,20738,3099,6887,806,468,0,0,1188,40184,2122,6477,0,0,0,0,0
731,560,732.0143782023397,99799,200,122,135,62,40730,21411,0.622661549714927,112,43,26135,26945,9292,5287,14124,17539,43420,32456,0,0,10177,7597,20754,3102,6904,807,475,0,0,1205,40184,2112,6482,0,0,0,0,0
732,560,733.4499218077104,99798,204,112,136,62,40775,21425,0.6232589831459548,116,53,26197,27037,9271,5279,14074,17455,43441,32491,0,0,10145,7576,20753,3098,6934,810,481,0,0,1230,40185,2105,6481,0,0,0,0,0
733,560,734.4047945299244,99798,208,111,136,62,40800,21436,0.6236197118178721,120,62,26239,27084,9241,5259,14054,17420,43461,32526,0,0,10118,7555,20767,3094,6947,813,483,0,0,1243,40196,2098,6484,0,0,0,0,0
734,560,735.3582964452223,99798,213,113,136,62,40827,21451,0.6240405619351089,123,69,26278,27123,9215,5252,14033,17379,43481,32561,0,0,10092,7532,20780,3085,6966,817,487,0,0,1254,40206,2096,6483,0,0,0,0,0
735,560,736.3100003704358,99798,207,105,136,62,40862,21473,0.6246117156656446,120,69,26323,27167,9208,5254,14004,17341,43501,32595,0,0,10059,7509,20782,3084,6989,820,497,0,0,1284,40198,2089,6487,0,0,0,0,0
736,560,737.2602568877597,99798,199,119,136,62,40885,21495,0.6250626265055412,132,64,26350,27192,9194,5245,13987,17316,43521,32629,0,0,10028,7494,20783,3083,7006,822,497,0,0,1300,40212,2081,6492,0,0,0,0,0
737,560,738.2094067566063,99798,202,123,136,62,40916,21513,0.6255536183089841,136,62,26382,27227,9181,5243,13961,17281,43541,32663,0,0,9993,7475,20791,3085,7016,825,502,0,0,1319,40222,2075,6495,0,0,0,0,0
738,560,739.157420557894,99798,205,111,136,62,40944,21526,0.6259644481853344,149,69,26398,27265,9172,5252,13938,17239,43561,32697,0,0,9971,7454,20798,3078,7040,828,505,0,0,1341,40218,2068,6497,0,0,0,0,0
739,560,740.1046461618363,99798,212,112,136,62,40977,21546,0.6264955209523237,147,61,26409,27308,9158,5256,13936,17199,43580,32731,0,0,9937,7436,20805,3075,7053,833,512,0,0,1357,40229,2061,6500,0,0,0,0,0
740,560,741.0512274936345,99798,210,118,136,62,41009,21562,0.6269764925148801,152,58,26427,27363,9144,5239,13929,17158,43599,32764,0,0,9905,7413,20807,3078,7071,834,515,0,0,1376,40239,2059,6501,0,0,0,0,0
741,560,742.4697573873026,99798,224,110,136,62,41058,21576,0.6276077676907352,139,70,26499,27449,9112,5221,13888,17086,43618,32797,0,0,9876,7389,20814,3078,7094,836,519,0,0,1397,40241,2053,6501,0,0,0,0,0
742,560,743.4134237261634,99798,229,109,136,62,41088,21590,0.6280486582897453,137,74,26511,27488,9104,5215,13881,17050,43637,32830,0,0,9839,7374,20825,3077,7104,837,527,0,0,1417,40248,2047,6503,0,0,0,0,0
743,560,744.3562452671016,99798,238,117,136,62,41119,21604,0.6284995691296419,140,80,26539,27526,9077,5197,13868,17016,43656,32863,0,0,9813,7352,20839,3075,7115,838,530,0,0,1429,40258,2041,6508,0,0,0,0,0
744,560,745.2981021831492,99798,232,118,136,62,41145,21621,0.6289304394877653,158,82,26549,27567,9067,5190,13856,16979,43675,32896,0,0,9782,7335,20848,3070,7128,844,537,0,0,1446,40263,2033,6512,0,0,0,0,0
745,560,746.2393919550415,99798,233,120,136,62,41176,21635,0.6293813503276618,157,87,26587,27613,9049,5171,13836,16945,43694,32928,0,0,9754,7318,20856,3063,7147,846,544,0,0,1464,40266,2026,6514,0,0,0,0,0
746,560,747.1793633342077,99798,243,124,136,62,41212,21653,0.6299224433355378,161,82,26621,27667,9034,5170,13803,16893,43712,32960,0,0,9723,7302,20862,3055,7167,848,550,0,0,1479,40275,2023,6514,0,0,0,0,0
747,560,748.1181061172713,99798,241,134,136,62,41249,21674,0.63050361730696,162,76,26648,27721,9021,5159,13790,16846,43730,32992,0,0,9700,7279,20867,3051,7190,851,554,0,0,1497,40274,2018,6517,0,0,0,0,0
748,560,749.0555498141929,99797,226,138,137,62,41274,21696,0.6309808912091546,172,71,26675,27774,9018,5158,13770,16795,43748,33024,0,0,9671,7256,20874,3054,7211,853,560,0,0,1519,40275,2010,6514,0,0,0,0,0
749,560,750.4603702127741,99796,236,129,138,62,41341,21720,0.6318990741111868,161,68,26714,27841,9020,5159,13729,16739,43766,33056,0,0,9627,7231,20871,3058,7231,862,575,0,0,1547,40275,2006,6513,0,0,0,0,0
750,560,751.3957165457982,99796,244,118,138,62,41374,21734,0.6323700348711371,157,67,26738,27893,9009,5162,13712,16696,43784,33087,0,0,9599,7212,20879,3059,7245,864,581,0,0,1570,40273,1996,6518,0,0,0,0,0
751,560,752.3300317504879,99796,236,122,138,62,41406,21750,0.6328510160727885,166,65,26757,27934,9010,5155,13691,16660,43802,33118,0,0,9570,7192,20879,3061,7268,867,582,0,0,1586,40282,1992,6517,0,0,0,0,0
752,560,753.2638213520275,99796,244,126,138,62,41442,21770,0.6334121608080484,167,59,26794,27982,8995,5155,13660,16614,43820,33149,0,0,9541,7172,20886,3055,7287,871,589,0,0,1601,40289,1990,6515,0,0,0,0,0
753,560,754.1965053391885,99796,255,116,138,62,41474,21782,0.6338530602428956,163,62,26835,28018,8978,5158,13629,16582,43837,33180,0,0,9515,7152,20890,3052,7307,873,595,0,0,1615,40294,1986,6517,0,0,0,0,0
754,560,755.1277963491416,99796,262,111,138,62,41516,21793,0.6343841436530522,152,70,26872,28065,8971,5161,13603,16529,43854,33211,0,0,9485,7138,20885,3052,7332,873,597,0,0,1636,40299,1979,6520,0,0,0,0,0
755,560,756.0575173731934,99796,277,114,138,62,41561,21813,0.6350354723636218,150,66,26910,28093,8951,5165,13572,16498,43871,33241,0,0,9459,7120,20891,3046,7355,875,602,0,0,1655,40300,1976,6517,0,0,0,0,0
756,560,757.4497960847426,99796,271,120,138,62,41610,21832,0.6357168623992946,150,79,26971,28158,8946,5147,13522,16432,43888,33271,0,0,9422,7098,20894,3050,7375,878,617,0,0,1676,40301,1968,6517,0,0,0,0,0
757,560,758.3760917925541,99796,278,118,138,62,41648,21848,0.6362579662511524,146,81,26992,28207,8935,5144,13509,16386,43905,33301,0,0,9396,7076,20899,3048,7395,879,623,0,0,1696,40301,1962,6521,0,0,0,0,0
758,560,759.301464772187,99796,265,127,138,62,41671,21871,0.6367189065694016,159,80,27017,28244,8927,5138,13492,16347,43922,33331,0,0,9373,7048,20909,3053,7416,879,627,0,0,1713,40301,1956,6521,0,0,0,0,0
759,560,760.2259426528162,99795,273,131,139,62,41712,21885,0.637276416654141,153,92,27038,28284,8921,5123,13474,16306,43939,33361,0,0,9352,7020,20922,3051,7437,880,633,0,0,1727,40301,1952,6520,0,0,0,0,0
760,560,761.1497718587756,99795,268,139,139,62,41746,21908,0.6378475875544867,142,87,27066,28324,8917,5118,13466,16268,43955,33390,0,0,9328,7004,20923,3050,7459,883,635,0,0,1752,40298,1947,6516,0,0,0,0,0
761,560,762.0727552445978,99794,264,149,140,62,41777,21932,0.6384051145359441,142,79,27107,28368,8907,5118,13438,16222,43971,33419,0,0,9301,6987,20928,3049,7472,887,641,0,0,1771,40299,1939,6520,0,0,0,0,0
762,560,763.4548384694907,99793,254,147,141,62,41813,21959,0.6390428186345736,154,84,27177,28432,8898,5116,13374,16157,43987,33448,0,0,9272,6971,20926,3049,7494,893,648,0,0,1802,40288,1930,6520,0,0,0,0,0
763,560,764.3741031815027,99793,269,143,141,62,41850,21974,0.6395638972673434,145,84,27210,28481,8878,5111,13355,16117,44003,33477,0,0,9243,6955,20929,3044,7517,895,657,0,0,1811,40298,1926,6518,0,0,0,0,0
764,560,765.292261802094,99793,267,148,141,62,41883,21993,0.6400849759001133,143,83,27231,28522,8870,5107,13346,16076,44019,33506,0,0,9222,6936,20932,3046,7533,898,660,0,0,1832,40295,1915,6524,0,0,0,0,0
765,560,766.2095106701848,99793,257,151,141,62,41911,22012,0.6405559508181936,146,81,27269,28552,8862,5112,13323,16040,44035,33535,0,0,9198,6919,20932,3045,7553,902,664,0,0,1853,40292,1908,6527,0,0,0,0,0
766,560,767.1257771528147,99793,241,145,141,62,41938,22032,0.6410269257362741,144,78,27295,28590,8864,5125,13313,15998,44051,33563,0,0,9168,6901,20926,3041,7580,907,670,0,0,1877,40290,1906,6527,0,0,0,0,0
767,560,768.0412148347868,99793,251,147,141,62,41971,22050,0.641537983626106,152,79,27316,28633,8849,5120,13289,15957,44067,33591,0,0,9145,6885,20936,3033,7591,913,673,0,0,1894,40293,1903,6527,0,0,0,0,0
768,560,769.4125479840927,99793,235,144,141,62,42012,22070,0.6421492489453168,156,81,27376,28697,8859,5118,13231,15896,44082,33619,0,0,9120,6864,20937,3041,7613,918,681,0,0,1926,40277,1891,6525,0,0,0,0,0
769,560,770.3254380431622,99793,251,135,141,62,42051,22089,0.6427304520357139,142,72,27407,28758,8843,5120,13214,15851,44097,33647,0,0,9093,6847,20936,3039,7637,919,687,0,0,1946,40278,1887,6524,0,0,0,0,0
770,560,771.2370994940518,99793,261,131,141,62,42094,22100,0.6432715721543595,137,77,27427,28801,8832,5121,13200,15806,44112,33675,0,0,9063,6830,20937,3041,7648,924,692,0,0,1965,40283,1884,6526,0,0,0,0,0
771,560,772.1478869736793,99793,265,114,141,62,42125,22108,0.6436623811289369,138,82,27457,28838,8822,5135,13175,15767,44127,33703,0,0,9043,6810,20944,3042,7666,926,693,0,0,1991,40275,1878,6525,0,0,0,0,0
772,560,773.0578483587851,99793,266,123,141,62,42157,22129,0.6441934805046446,154,78,27484,28890,8801,5130,13152,15715,44142,33730,0,0,9017,6789,20952,3048,7675,929,699,0,0,2009,40277,1873,6525,0,0,0,0,0
773,560,774.4210789741406,99793,268,128,141,62,42209,22158,0.645005160682613,147,76,27538,28958,8785,5112,13119,15662,44157,33757,0,0,8990,6773,20949,3046,7701,933,705,0,0,2042,40263,1870,6521,0,0,0,0,0
774,560,775.328196909348,99793,269,127,141,62,42238,22171,0.645426031886004,149,82,27557,29002,8778,5108,13104,15617,44172,33784,0,0,8966,6757,20955,3043,7716,936,710,0,0,2059,40265,1864,6522,0,0,0,0,0
775,560,776.2346405864912,99793,270,138,141,62,42267,22191,0.6459170482899602,152,73,27587,29059,8772,5094,13076,15572,44187,33811,0,0,8941,6740,20954,3046,7734,939,713,0,0,2066,40279,1859,6522,0,0,0,0,0
776,560,777.1401193986408,99793,270,135,141,62,42304,22208,0.6464581684086058,154,63,27619,29104,8771,5092,13043,15542,44202,33838,0,0,8914,6722,20960,3053,7747,944,717,0,0,2084,40280,1851,6521,0,0,0,0,0
777,560,778.0444263679349,99793,261,133,141,62,42340,22221,0.646949184812562,144,71,27640,29142,8784,5094,13028,15496,44216,33865,0,0,8883,6709,20959,3053,7761,951,725,0,0,2105,40279,1846,6522,0,0,0,0,0
778,560,779.3996257645106,99793,289,126,141,62,42408,22243,0.6478510516769713,122,72,27705,29215,8759,5088,12982,15435,44230,33891,0,0,8855,6689,20959,3055,7779,956,733,0,0,2134,40270,1842,6521,0,0,0,0,0
779,560,780.3014406835208,99792,279,126,142,62,42436,22259,0.6482984607984608,127,77,27737,29258,8757,5084,12956,15391,44244,33917,0,0,8829,6669,20960,3063,7799,956,741,0,0,2149,40271,1832,6523,0,0,0,0,0
780,560,781.2022010864903,99792,274,121,142,62,42465,22276,0.648759419592753,129,81,27765,29286,8749,5089,12939,15359,44258,33943,0,0,8813,6653,20958,3061,7823,960,741,0,0,2174,40262,1826,6521,0,0,0,0,0
781,560,782.1021140988738,99792,268,123,142,62,42488,22291,0.6491402116402116,139,77,27797,29329,8733,5086,12919,15321,44272,33969,0,0,8795,6636,20966,3065,7831,965,744,0,0,2191,40259,1815,6525,0,0,0,0,0
782,560,783.0010473980836,99792,273,114,142,62,42517,22306,0.6495811287477954,153,83,27803,29363,8725,5094,12902,15282,44286,33995,0,0,8769,6620,20970,3062,7850,967,750,0,0,2211,40259,1812,6522,0,0,0,0,0
783,560,784.3482166825269,99792,275,121,142,62,42570,22336,0.650412858746192,140,72,27851,29426,8722,5096,12868,15221,44300,34021,0,0,8748,6603,20964,3067,7869,973,754,0,0,2247,40240,1803,6524,0,0,0,0,0
784,560,785.2451427965378,99792,281,130,142,62,42602,22362,0.6509940676607343,146,66,27874,29453,8712,5094,12843,15193,44314,34046,0,0,8734,6586,20969,3062,7886,977,757,0,0,2268,40229,1799,6525,0,0,0,0,0
785,560,786.1411886497535,99792,278,119,142,62,42636,22377,0.651485088985089,144,69,27891,29480,8711,5105,12832,15163,44328,34071,0,0,8712,6568,20967,3064,7910,981,758,0,0,2294,40222,1797,6519,0,0,0,0,0
786,560,787.0368322052649,99791,269,121,143,62,42669,22394,0.6519926646691585,140,70,27937,29519,8712,5104,12797,15122,44342,34096,0,0,8684,6551,20968,3061,7927,987,768,0,0,2313,40219,1795,6518,0,0,0,0,0
787,560,788.3779035480272,99791,267,103,143,62,42718,22409,0.6526340050705975,144,94,27993,29570,8704,5110,12747,15059,44355,34121,0,0,8653,6536,20958,3063,7957,991,779,0,0,2340,40209,1787,6518,0,0,0,0,0
788,560,789.2703782552904,99791,260,102,143,62,42748,22427,0.6531150103716769,137,85,28025,29620,8705,5103,12728,15026,44368,34146,0,0,8631,6517,20960,3060,7980,992,785,0,0,2364,40201,1784,6517,0,0,0,0,0
789,560,790.1619514649133,99791,247,111,143,62,42772,22444,0.6535258690663487,135,91,28047,29659,8704,5091,12722,14984,44381,34171,0,0,8610,6501,20965,3057,7994,997,789,0,0,2382,40199,1781,6516,0,0,0,0,0
790,560,791.0528132968097,99791,235,126,143,62,42795,22468,0.6539968534236554,142,83,28072,29702,8707,5079,12699,14946,44394,34196,0,0,8590,6480,20971,3064,8005,1000,791,0,0,2398,40200,1774,6518,0,0,0,0,0
791,560,792.3875727028325,99791,248,132,143,62,42848,22497,0.6548185708129992,123,73,28119,29753,8698,5085,12667,14893,44407,34220,0,0,8569,6468,20964,3063,8032,1004,794,0,0,2420,40194,1767,6516,0,0,0,0,0
792,560,793.2762875490885,99791,252,131,143,62,42878,22514,0.655289555170306,129,79,28145,29791,8685,5080,12644,14855,44420,34244,0,0,8542,6456,20964,3061,8045,1008,800,0,0,2439,40196,1766,6514,0,0,0,0,0
793,560,794.1641754289487,99791,252,121,143,62,42909,22521,0.6556703510336603,128,87,28170,29834,8679,5079,12626,14815,44433,34268,0,0,8522,6439,20965,3064,8056,1015,804,0,0,2453,40198,1758,6517,0,0,0,0,0
794,560,795.0511851383785,99790,254,126,144,62,42942,22541,0.6562080368774427,128,80,28192,29873,8674,5078,12606,14779,44446,34292,0,0,8498,6424,20968,3065,8069,1018,805,0,0,2474,40198,1755,6516,0,0,0,0,0
795,560,796.3801601741627,99789,236,112,145,62,42978,22561,0.6567757969315255,130,86,28242,29932,8679,5093,12566,14713,44459,34316,0,0,8473,6401,20963,3071,8095,1021,811,0,0,2512,40175,1751,6516,0,0,0,0,0
796,560,797.265047971035,99789,231,116,145,62,43000,22582,0.6572067061499764,125,86,28292,29972,8657,5089,12548,14673,44472,34340,0,0,8456,6388,20966,3067,8106,1028,813,0,0,2534,40168,1747,6516,0,0,0,0,0
797,560,798.1486666374152,99789,226,123,145,62,43015,22605,0.6575875096453517,134,76,28321,30012,8638,5078,12534,14647,44485,34364,0,0,8434,6371,20973,3066,8116,1031,817,0,0,2549,40171,1744,6517,0,0,0,0,0
798,560,799.0313064398962,99789,219,116,145,62,43042,22618,0.6579883554299573,132,78,28344,30046,8637,5080,12521,14616,44497,34387,0,0,8411,6362,20966,3060,8139,1034,822,0,0,2572,40165,1740,6518,0,0,0,0,0
799,560,800.3538113879218,99789,224,113,145,62,43089,22635,0.658629708685326,122,79,28393,30103,8622,5074,12492,14567,44509,34410,0,0,8389,6346,20964,3063,8160,1039,822,0,0,2594,40162,1738,6512,0,0,0,0,0
800,560,801.234201479016,99789,221,111,145,62,43115,22653,0.6590706390483921,117,77,28424,30140,8618,5077,12473,14531,44521,34433,0,0,8371,6331,20964,3065,8176,1040,823,0,0,2617,40154,1730,6518,0,0,0,0,0
801,560,802.1137150815853,99789,228,105,145,62,43143,22670,0.6595215905560733,121,68,28457,30192,8606,5085,12441,14486,44533,34456,0,0,8355,6314,20968,3067,8193,1042,823,0,0,2636,40150,1725,6516,0,0,0,0,0
802,560,803.4312879318394,99789,214,97,145,62,43186,22687,0.6601228592329816,117,63,28517,30256,8599,5087,12406,14433,44545,34479,0,0,8324,6298,20963,3073,8216,1047,832,0,0,2669,40138,1722,6507,0,0,0,0,0
803,560,804.3083027703475,99788,200,98,146,62,43209,22705,0.6605403455325289,118,61,28563,30290,8589,5087,12382,14400,44557,34502,0,0,8302,6281,20967,3074,8237,1047,838,0,0,2689,40132,1716,6505,0,0,0,0,0
804,560,805.1840599079788,99788,204,95,146,62,43240,22713,0.6609311740890689,119,61,28577,30327,8582,5082,12370,14371,44569,34525,0,0,8287,6261,20976,3076,8246,1052,839,0,0,2700,40132,1711,6508,0,0,0,0,0
805,560,806.0592185419526,99788,216,94,146,62,43271,22724,0.6613520663807272,110,61,28604,30354,8574,5080,12348,14347,44581,34547,0,0,8270,6246,20982,3077,8258,1052,838,0,0,2716,40131,1709,6509,0,0,0,0,0
806,560,807.3702650499342,99788,207,96,146,62,43302,22741,0.6618330861426224,107,61,28664,30422,8551,5064,12323,14293,44593,34569,0,0,8250,6235,20971,3075,8285,1055,839,0,0,2734,40130,1705,6509,0,0,0,0,0
807,560,808.242924144317,99788,193,91,146,62,43315,22750,0.662053553533491,115,61,28694,30464,8542,5049,12308,14271,44605,34591,0,0,8237,6218,20971,3079,8301,1057,836,0,0,2754,40125,1701,6509,0,0,0,0,0
808,560,809.1146994206549,99788,195,94,146,62,43337,22764,0.6624143183549124,116,59,28724,30510,8529,5043,12288,14230,44617,34613,0,0,8215,6211,20968,3080,8312,1057,835,0,0,2773,40128,1696,6513,0,0,0,0,0
809,560,810.4207495135039,99788,190,98,146,62,43372,22786,0.662985529322163,110,45,28776,30588,8523,5036,12253,14169,44628,34635,0,0,8199,6197,20970,3076,8325,1066,837,0,0,2797,40117,1693,6511,0,0,0,0,0
810,560,811.2900988004834,99788,194,96,146,62,43399,22797,0.6633663366336634,105,46,28811,30619,8506,5032,12236,14143,44639,34657,0,0,8187,6182,20978,3071,8342,1069,837,0,0,2812,40114,1690,6506,0,0,0,0,0
811,560,812.1586269057968,99788,184,102,146,62,43416,22817,0.6637371227001243,117,34,28838,30648,8497,5026,12216,14126,44650,34679,0,0,8172,6165,20980,3072,8360,1070,837,0,0,2830,40110,1687,6505,0,0,0,0,0
812,560,813.0260662846852,99788,176,94,146,62,43432,22823,0.6639575900909929,115,38,28878,30691,8485,5025,12198,14088,44661,34701,0,0,8157,6153,20979,3073,8373,1072,835,0,0,2850,40106,1681,6509,0,0,0,0,0
813,560,814.3255662946437,99788,169,98,146,62,43459,22843,0.6644285886078486,119,35,28928,30759,8480,5009,12156,14035,44672,34722,0,0,8143,6131,20979,3077,8392,1074,836,0,0,2869,40099,1678,6510,0,0,0,0,0
814,560,815.1906444787852,99787,175,95,147,62,43484,22855,0.6648060368585086,103,31,28962,30786,8467,5008,12144,14016,44683,34743,0,0,8131,6114,20985,3075,8408,1077,838,0,0,2880,40096,1675,6508,0,0,0,0,0
815,560,816.0548079979415,99787,181,87,147,62,43504,22861,0.6650665918406206,105,37,28990,30824,8440,5008,12135,13980,44694,34764,0,0,8114,6101,20989,3073,8419,1079,839,0,0,2890,40100,1672,6511,0,0,0,0,0
816,560,817.3492079838703,99786,175,89,148,62,43534,22879,0.665554286172409,114,39,29043,30881,8420,4995,12098,13932,44705,34785,0,0,8096,6086,20989,3073,8434,1084,842,0,0,2914,40090,1671,6507,0,0,0,0,0
817,560,818.2108888101649,99786,170,93,148,62,43553,22891,0.6658649509951295,113,41,29067,30925,8417,4987,12083,13890,44716,34806,0,0,8082,6074,20992,3066,8450,1087,844,0,0,2928,40088,1669,6506,0,0,0,0,0
818,560,819.0717789145717,99786,165,97,148,62,43574,22903,0.6661956587096386,111,42,29101,30968,8413,4977,12060,13852,44727,34827,0,0,8063,6064,20987,3059,8471,1090,847,0,0,2937,40095,1668,6505,0,0,0,0,0
819,560,820.3612408381059,99786,180,96,148,62,43609,22919,0.6667067524502435,109,44,29166,31028,8379,4971,12016,13797,44738,34848,0,0,8038,6052,20988,3061,8478,1094,851,0,0,2952,40101,1666,6505,0,0,0,0,0
820,560,821.2192063633975,99786,178,96,148,62,43627,22927,0.6669673100434931,117,40,29189,31067,8362,4967,12004,13766,44749,34869,0,0,8019,6037,20995,3060,8489,1095,857,0,0,2959,40106,1662,6507,0,0,0,0,0
821,560,822.0762653033137,99785,180,92,148,63,43649,22936,0.6672846620233502,120,48,29225,31107,8335,4965,11990,13723,44760,34889,0,0,8006,6021,20999,3057,8503,1098,859,0,0,2969,40107,1659,6507,0,0,0,0,0
822,560,823.3600096824006,99785,176,85,148,63,43679,22949,0.6677155885153079,116,51,29270,31178,8335,4962,11953,13659,44771,34909,0,0,7983,6012,20991,3054,8527,1099,862,0,0,2991,40102,1658,6506,0,0,0,0,0
823,560,824.2146935962631,99785,168,89,148,63,43698,22964,0.6680563210903442,113,40,29307,31211,8329,4961,11933,13634,44781,34929,0,0,7960,6003,20993,3051,8535,1104,869,0,0,3005,40102,1656,6507,0,0,0,0,0
824,560,825.0686433727639,99785,170,82,148,63,43720,22968,0.6683168812947838,108,45,29352,31231,8309,4962,11911,13615,44791,34949,0,0,7948,5997,20989,3048,8548,1108,868,0,0,3019,40100,1649,6511,0,0,0,0,0
825,560,826.3474371862347,99785,165,85,148,63,43756,22978,0.6687778724257153,95,46,29398,31285,8307,4946,11885,13573,44801,34969,0,0,7933,5980,20990,3048,8563,1113,871,0,0,3036,40095,1645,6511,0,0,0,0,0
826,560,827.1988949721663,99785,160,86,148,63,43772,22989,0.6690484541764794,96,40,29430,31324,8295,4940,11869,13545,44811,34989,0,0,7917,5965,20996,3048,8569,1117,875,0,0,3047,40095,1641,6515,0,0,0,0,0
827,560,828.0494952199867,99785,168,87,148,63,43792,23000,0.669359122112542,88,44,29461,31366,8273,4927,11860,13511,44821,35009,0,0,7903,5953,21002,3042,8583,1118,878,0,0,3056,40096,1641,6513,0,0,0,0,0
828,560,829.3236707344975,99785,157,91,148,63,43813,23017,0.6697399408728767,96,40,29499,31436,8272,4916,11826,13452,44831,35029,0,0,7891,5937,21003,3042,8601,1121,875,0,0,3074,40090,1639,6512,0,0,0,0,0
829,560,830.1721337558915,99785,158,84,148,63,43835,23020,0.6699904795309917,95,48,29523,31467,8266,4903,11808,13433,44841,35049,0,0,7877,5925,21008,3038,8610,1125,876,0,0,3090,40086,1638,6512,0,0,0,0,0
830,560,831.0200639152811,99785,158,78,148,63,43853,23029,0.6702610612817558,89,48,29539,31503,8254,4905,11810,13401,44851,35068,0,0,7860,5918,21006,3036,8628,1127,877,0,0,3101,40089,1635,6508,0,0,0,0,0
831,560,832.2907967241358,99785,160,88,148,63,43881,23053,0.6707821816906349,79,37,29597,31551,8233,4901,11781,13358,44861,35087,0,0,7850,5909,21001,3034,8647,1128,874,0,0,3122,40080,1628,6512,0,0,0,0,0
832,560,833.1366739409763,99785,153,84,148,63,43894,23058,0.6709625695244776,80,43,29627,31587,8231,4893,11759,13328,44871,35106,0,0,7836,5896,21008,3033,8653,1133,874,0,0,3136,40080,1627,6509,0,0,0,0,0
833,560,834.403918623915,99785,164,86,148,63,43921,23073,0.6713834744701107,77,34,29683,31631,8204,4889,11722,13295,44881,35125,0,0,7822,5884,21009,3036,8660,1136,872,0,0,3150,40081,1623,6512,0,0,0,0,0
834,560,835.247451235869,99785,162,84,148,63,43935,23081,0.6716039484892519,81,36,29710,31659,8200,4887,11697,13269,44891,35144,0,0,7811,5870,21015,3035,8671,1136,873,0,0,3164,40077,1618,6515,0,0,0,0,0
835,560,836.090074782695,99785,154,91,148,63,43950,23093,0.6718745302400161,83,35,29742,31686,8189,4874,11682,13249,44901,35163,0,0,7795,5859,21015,3034,8683,1138,874,0,0,3175,40081,1615,6516,0,0,0,0,0
836,560,837.3523381002286,99785,150,77,148,63,43977,23101,0.672225284361377,79,41,29796,31741,8188,4877,11637,13199,44911,35182,0,0,7779,5849,21011,3029,8706,1143,877,0,0,3195,40072,1614,6510,0,0,0,0,0
837,560,838.1926944231896,99785,155,76,148,63,43998,23112,0.6725459738437641,76,38,29829,31777,8174,4873,11616,13171,44920,35201,0,0,7770,5838,21016,3021,8720,1145,875,0,0,3212,40065,1614,6509,0,0,0,0,0
838,560,839.0322073608434,99785,165,69,148,63,44018,23116,0.6727864909555544,67,44,29875,31814,8141,4872,11602,13136,44929,35220,0,0,7757,5825,21023,3019,8727,1149,876,0,0,3218,40070,1613,6508,0,0,0,0,0
839,560,840.2891859721708,99785,164,66,148,63,44042,23127,0.6731372450769154,72,50,29916,31885,8123,4864,11575,13070,44938,35238,0,0,7743,5813,21026,3023,8738,1151,876,0,0,3237,40064,1608,6506,0,0,0,0,0
840,560,841.1260363907886,99785,164,70,148,63,44055,23138,0.6733777621887057,80,44,29952,31936,8092,4856,11562,13029,44947,35256,0,0,7731,5805,21029,3022,8742,1154,873,0,0,3251,40065,1605,6508,0,0,0,0,0
841,560,842.3797159352794,99785,165,69,148,63,44085,23150,0.6737986671343388,76,48,29989,32007,8083,4846,11537,12965,44956,35274,0,0,7718,5789,21026,3025,8762,1155,877,0,0,3264,40060,1601,6508,0,0,0,0,0
842,560,843.2145430859023,99785,168,70,148,63,44102,23161,0.6740792704314276,78,44,30017,32058,8070,4840,11517,12923,44965,35292,0,0,7702,5779,21032,3024,8771,1156,880,0,0,3274,40062,1598,6507,0,0,0,0,0
843,560,844.0486289081862,99785,160,70,148,63,44119,23171,0.6743498521821917,83,38,30028,32096,8068,4836,11511,12895,44974,35310,0,0,7683,5773,21028,3023,8784,1160,883,0,0,3287,40065,1595,6504,0,0,0,0,0
844,560,845.2988074318611,99785,162,68,148,63,44143,23177,0.6746504985719296,80,47,30087,32149,8051,4824,11470,12847,44983,35328,0,0,7663,5765,21028,3023,8790,1165,890,0,0,3296,40068,1592,6505,0,0,0,0,0
845,560,846.1309657280927,99785,162,68,148,63,44159,23189,0.6749311018690184,80,41,30115,32188,8035,4820,11458,12818,44992,35346,0,0,7646,5759,21025,3019,8802,1169,893,0,0,3306,40071,1591,6504,0,0,0,0,0
846,560,847.3777488772517,99785,162,64,148,63,44189,23203,0.6753720499073007,77,39,30168,32230,8019,4816,11424,12786,45001,35364,0,0,7628,5751,21019,3020,8819,1174,896,0,0,3318,40069,1586,6505,0,0,0,0,0
847,560,848.2076976660084,99785,167,67,148,63,44209,23214,0.6756827178433632,74,40,30213,32261,7995,4811,11401,12756,45010,35382,0,0,7613,5743,21018,3017,8833,1177,898,0,0,3322,40077,1584,6503,0,0,0,0,0
848,560,849.0365180049747,99785,162,68,148,63,44217,23222,0.6758430625845568,81,41,30247,32295,7982,4804,11378,12727,45019,35400,0,0,7596,5731,21026,3016,8840,1178,904,0,0,3328,40081,1582,6503,0,0,0,0,0
849,560,850.2777274287465,99785,159,67,148,63,44241,23233,0.6761938167059177,78,48,30296,32338,7972,4794,11345,12688,45028,35417,0,0,7583,5720,21028,3011,8853,1183,906,0,0,3344,40076,1580,6501,0,0,0,0,0
850,560,851.1040377477809,99785,145,69,148,63,44252,23241,0.6763842260860851,86,50,30318,32367,7970,4785,11331,12664,45037,35434,0,0,7566,5713,21025,3012,8861,1188,908,0,0,3353,40081,1575,6503,0,0,0,0,0
851,560,852.3422977203403,99785,143,65,148,63,44274,23250,0.6766948940221477,84,53,30371,32406,7960,4784,11292,12627,45046,35451,0,0,7552,5700,21030,3016,8869,1192,911,0,0,3365,40078,1569,6503,0,0,0,0,0
852,560,853.1667463015027,99785,139,64,148,63,44293,23257,0.6769554542265872,83,59,30395,32441,7958,4773,11275,12598,45055,35468,0,0,7537,5692,21030,3013,8880,1195,913,0,0,3379,40077,1567,6502,0,0,0,0,0
853,560,854.4022253859031,99785,134,66,148,63,44316,23274,0.677356316079571,79,52,30438,32534,7945,4750,11254,12533,45064,35485,0,0,7527,5675,21035,3012,8896,1199,916,0,0,3395,40067,1566,6497,0,0,0,0,0
854,560,855.2249625970319,99785,135,71,148,63,44332,23286,0.6776369193766598,75,45,30459,32574,7937,4736,11244,12509,45073,35502,0,0,7518,5667,21034,3009,8909,1200,917,0,0,3404,40066,1559,6502,0,0,0,0,0
855,560,856.0471843650122,99785,139,75,148,63,44350,23295,0.6779075011274239,73,45,30483,32613,7922,4728,11233,12474,45081,35519,0,0,7508,5657,21037,3010,8915,1201,914,0,0,3417,40066,1556,6504,0,0,0,0,0
856,560,857.2791026250576,99784,130,67,149,63,44369,23304,0.67819490098613,78,43,30545,32669,7902,4729,11194,12427,45089,35536,0,0,7497,5646,21038,3011,8925,1209,913,0,0,3433,40059,1553,6500,0,0,0,0,0
857,560,858.0991078898846,99784,138,70,149,63,44385,23311,0.678425398861541,74,42,30564,32720,7894,4715,11179,12388,45097,35553,0,0,7486,5639,21042,3007,8933,1210,913,0,0,3440,40063,1551,6500,0,0,0,0,0
858,560,859.3277613941115,99784,132,75,149,63,44399,23328,0.6787360699110078,88,39,30599,32775,7880,4709,11150,12337,45105,35570,0,0,7476,5630,21044,3006,8944,1213,913,0,0,3452,40057,1546,6503,0,0,0,0,0
859,560,860.146119751349,99784,121,71,149,63,44414,23333,0.6789365028461477,89,42,30625,32801,7875,4703,11139,12318,45113,35587,0,0,7457,5619,21045,3008,8953,1217,918,0,0,3461,40061,1544,6501,0,0,0,0,0
860,560,861.3721215254619,99784,130,76,149,63,44443,23349,0.6793874769502125,78,44,30709,32867,7838,4686,11094,12262,45121,35603,0,0,7445,5611,21048,3005,8965,1218,921,0,0,3476,40054,1539,6502,0,0,0,0,0
861,560,862.1879105505475,99784,129,69,149,63,44456,23355,0.6795778882385953,81,42,30740,32912,7822,4682,11077,12230,45129,35619,0,0,7432,5602,21049,3003,8976,1218,922,0,0,3490,40051,1537,6504,0,0,0,0,0
862,560,863.0027401004282,99784,128,67,149,63,44473,23360,0.6797983644672493,80,41,30758,32955,7821,4672,11062,12200,45137,35635,0,0,7419,5597,21044,2998,8992,1219,921,0,0,3500,40053,1536,6505,0,0,0,0,0
863,560,864.223668527942,99784,144,66,149,63,44504,23377,0.680279403511585,72,31,30810,33011,7795,4670,11028,12157,45145,35651,0,0,7403,5586,21046,2998,9000,1221,924,0,0,3518,40048,1536,6504,0,0,0,0,0
864,560,865.0364719079206,99784,143,63,149,63,44521,23383,0.680509901386996,67,34,30848,33034,7787,4665,11004,12139,45153,35667,0,0,7394,5578,21050,2991,9012,1224,923,0,0,3530,40045,1533,6504,0,0,0,0,0
865,560,866.2540389755369,99784,134,65,149,63,44535,23392,0.6807403992624068,73,39,30900,33076,7771,4654,10971,12101,45161,35683,0,0,7380,5568,21050,2990,9025,1225,926,0,0,3542,40044,1530,6504,0,0,0,0,0
866,560,867.0645742054219,99784,133,62,149,63,44548,23401,0.6809608754910607,73,33,30922,33106,7764,4656,10957,12078,45169,35699,0,0,7370,5557,21051,2991,9036,1227,924,0,0,3552,40045,1528,6503,0,0,0,0,0
867,560,868.2792690628355,99784,129,58,149,63,44573,23411,0.6813116331275555,68,32,30960,33158,7762,4652,10930,12035,45177,35715,0,0,7358,5543,21051,2993,9054,1229,924,0,0,3568,40039,1527,6498,0,0,0,0,0
868,560,869.0883147545495,99784,124,58,149,63,44586,23420,0.6815321093562094,67,28,30984,33188,7761,4645,10913,12016,45185,35731,0,0,7346,5534,21051,2989,9066,1232,926,0,0,3579,40038,1526,6497,0,0,0,0,0
869,560,870.3007768397946,99784,117,57,149,63,44606,23430,0.6818327587589192,80,28,31027,33237,7755,4643,10870,11970,45193,35747,0,0,7331,5521,21052,2990,9073,1238,928,0,0,3591,40037,1525,6498,0,0,0,0,0
870,560,871.108252727614,99784,118,59,149,63,44619,23434,0.6820031267537882,82,30,31052,33277,7744,4633,10853,11936,45201,35763,0,0,7319,5514,21056,2989,9079,1239,925,0,0,3600,40042,1524,6497,0,0,0,0,0
871,560,872.3178902487149,99783,116,52,150,63,44633,23439,0.682200374813345,88,41,31117,33317,7713,4627,10814,11898,45209,35779,0,0,7308,5510,21054,2983,9091,1242,927,0,0,3615,40035,1520,6498,0,0,0,0,0
872,560,873.1229251692497,99783,131,54,150,63,44659,23445,0.6825210707234699,74,43,31139,33346,7701,4623,10803,11869,45217,35794,0,0,7295,5504,21057,2978,9098,1243,931,0,0,3622,40037,1517,6501,0,0,0,0,0
873,560,874.3290145951735,99783,132,66,150,63,44677,23462,0.6828718318751691,74,36,31197,33393,7673,4614,10772,11826,45225,35809,0,0,7286,5497,21055,2975,9111,1244,930,0,0,3632,40037,1513,6503,0,0,0,0,0
874,560,875.1319360969947,99783,131,70,150,63,44697,23471,0.6831624625437198,68,31,31226,33422,7670,4611,10753,11801,45232,35824,0,0,7275,5491,21056,2971,9119,1247,931,0,0,3645,40033,1510,6505,0,0,0,0,0
875,560,876.3348240143772,99783,129,60,150,63,44719,23478,0.6834530932122707,62,29,31277,33477,7657,4609,10723,11760,45239,35839,0,0,7266,5482,21057,2968,9134,1252,932,0,0,3660,40023,1508,6501,0,0,0,0,0
876,560,877.1357982241392,99783,128,58,150,63,44731,23484,0.6836334846617159,65,29,31310,33505,7639,4608,10706,11735,45246,35854,0,0,7259,5469,21064,2968,9141,1253,931,0,0,3672,40018,1507,6501,0,0,0,0,0
877,560,878.3357960210814,99783,120,54,150,63,44742,23493,0.6838339196055441,67,38,31353,33542,7632,4601,10676,11700,45253,35869,0,0,7250,5464,21064,2964,9154,1257,931,0,0,3685,40012,1503,6499,0,0,0,0,0
878,560,879.1347933132761,99783,117,60,150,63,44755,23504,0.6840744415381378,69,31,31386,33565,7617,4596,10659,11683,45260,35884,0,0,7239,5458,21064,2962,9163,1259,934,0,0,3691,40012,1498,6503,0,0,0,0,0
879,560,880.3317953615041,99783,112,57,150,63,44775,23507,0.6843049417235401,62,38,31441,33624,7614,4578,10619,11638,45267,35899,0,0,7225,5449,21061,2960,9179,1262,936,0,0,3696,40017,1498,6500,0,0,0,0,0
880,560,881.1286941599967,99783,104,61,150,63,44782,23516,0.6844652896786025,67,34,31475,33657,7600,4575,10602,11608,45274,35914,0,0,7219,5442,21064,2955,9192,1264,934,0,0,3704,40016,1495,6498,0,0,0,0,0
881,560,882.3225039591579,99783,111,61,150,63,44802,23528,0.6847859855887275,67,31,31527,33705,7574,4565,10569,11573,45281,35929,0,0,7207,5436,21067,2954,9199,1266,936,0,0,3717,40012,1491,6498,0,0,0,0,0
882,560,883.1172078719342,99783,110,62,150,63,44817,23536,0.6850164857741299,69,29,31552,33742,7565,4553,10552,11549,45288,35944,0,0,7194,5427,21071,2956,9203,1269,938,0,0,3726,40013,1488,6498,0,0,0,0,0
883,560,884.307942679197,99783,106,64,150,63,44837,23548,0.6853371816842548,67,24,31603,33787,7548,4550,10524,11510,45295,35959,0,0,7177,5416,21073,2957,9213,1270,943,0,0,3740,40011,1487,6496,0,0,0,0,0
884,560,885.100855002957,99783,105,56,150,63,44846,23549,0.6854373991561689,71,27,31635,33817,7525,4548,10512,11487,45302,35973,0,0,7166,5407,21079,2954,9219,1271,945,0,0,3751,40009,1486,6496,0,0,0,0,0
885,560,886.2887759387621,99783,106,59,150,63,44869,23561,0.685788160307868,66,25,31670,33863,7515,4533,10491,11455,45309,35987,0,0,7153,5395,21079,2959,9228,1273,946,0,0,3761,40009,1484,6496,0,0,0,0,0
886,560,887.0798990369159,99783,100,59,150,63,44881,23568,0.6859785735045048,68,26,31709,33887,7514,4529,10457,11434,45316,36001,0,0,7141,5387,21078,2963,9239,1273,947,0,0,3770,40011,1478,6496,0,0,0,0,0
887,560,888.2650010293085,99783,101,56,150,63,44903,23576,0.6862792259202469,63,27,31769,33950,7491,4519,10424,11383,45323,36015,0,0,7131,5373,21078,2966,9249,1277,948,0,0,3777,40011,1476,6497,0,0,0,0,0
888,560,889.0537742827528,99783,105,52,150,63,44919,23579,0.6864696391168836,58,32,31788,33975,7480,4512,10417,11364,45330,36029,0,0,7123,5366,21082,2962,9255,1279,949,0,0,3788,40006,1473,6500,0,0,0,0,0
889,560,890.2359606028402,99783,100,46,150,63,44936,23583,0.6866800958079031,55,40,31842,34032,7469,4494,10382,11323,45337,36043,0,0,7115,5357,21081,2960,9270,1279,949,0,0,3804,39998,1468,6502,0,0,0,0,0
890,560,891.0230417942607,99783,102,50,150,63,44945,23590,0.6868404437629656,54,42,31873,34054,7452,4481,10367,11308,45344,36057,0,0,7108,5347,21088,2958,9278,1279,949,0,0,3808,40001,1466,6501,0,0,0,0,0
891,560,892.2021368603921,99783,90,55,150,63,44952,23605,0.6870609222011765,60,36,31924,34101,7433,4474,10341,11269,45351,36071,0,0,7100,5341,21086,2954,9291,1282,948,0,0,3822,39996,1463,6500,0,0,0,0,0
892,560,893.3793413802006,99783,85,57,150,63,44963,23617,0.6872914223865789,59,29,31994,34144,7407,4466,10303,11239,45358,36085,0,0,7088,5331,21087,2955,9301,1283,951,0,0,3831,39995,1460,6501,0,0,0,0,0
893,560,894.1627774969351,99783,87,54,150,63,44976,23620,0.6874517703416414,54,28,32048,34171,7383,4461,10276,11221,45365,36099,0,0,7079,5327,21084,2956,9305,1286,949,0,0,3840,39997,1455,6505,0,0,0,0,0
894,560,895.335893667464,99783,82,56,150,63,44993,23629,0.6877123357686179,47,26,32100,34209,7364,4448,10255,11196,45372,36113,0,0,7070,5317,21090,2955,9309,1292,951,0,0,3851,39992,1452,6504,0,0,0,0,0
895,560,896.1169164425244,99783,80,54,150,63,45001,23633,0.6878325967349148,49,28,32117,34240,7357,4443,10245,11170,45379,36127,0,0,7056,5310,21094,2953,9315,1294,952,0,0,3857,39999,1452,6501,0,0,0,0,0
896,560,897.287367965466,99783,86,54,150,63,45014,23639,0.6880230099315515,51,29,32153,34287,7333,4435,10225,11130,45386,36141,0,0,7047,5304,21099,2951,9319,1296,951,0,0,3865,40000,1450,6501,0,0,0,0,0
897,560,898.0669754887748,99783,89,49,150,63,45026,23645,0.6882034013809968,44,27,32186,34319,7314,4430,10215,11110,45393,36155,0,0,7037,5296,21105,2947,9328,1296,951,0,0,3877,39996,1450,6500,0,0,0,0,0
898,560,899.2351153544826,99783,89,48,150,63,45036,23648,0.688333684094485,53,31,32228,34388,7290,4411,10188,11057,45399,36168,0,0,7028,5288,21108,2945,9337,1296,952,0,0,3879,40001,1448,6501,0,0,0,0,0
899,560,900.0129593305621,99783,88,44,150,63,45039,23650,0.688383792830442,81,56,32227,34382,7285,4413,10167,11040,45399,36168,0,0,7028,5286,21104,2947,9341,1296,952,0,0,3883,39997,1448,6501,0,0,0,0,0
900,560,900.0129593305621,99783,92,47,150,63,45047,23654,0.688504053796739,80,53,32244,34399,7276,4411,10156,11025,45399,36168,1,1,7028,5283,21102,2951,9342,1296,951,0,0,3882,39997,1448,6501,0,0,2,0,0
901,560,901.1783240855043,99783,106,47,150,63,45075,23662,0.6888648366956295,73,53,32299,34464,7254,4399,10116,10972,45399,36168,2,2,7025,5280,21098,2954,9351,1296,951,3,6,3881,39989,1447,6498,0,0,2,0,2
902,560,902.341649171431,99783,103,48,150,63,45097,23674,0.6892055761001373,65,48,32360,34527,7246,4394,10074,10918,45399,36168,3,3,7023,5277,21090,2956,9361,1300,951,5,18,3880,39975,1446,6495,0,0,2,0,4
903,560,903.1160617100733,99783,101,53,150,63,45109,23682,0.6894060110439654,64,44,32413,34558,7236,4387,10034,10893,45399,36168,4,4,7022,5276,21083,2958,9366,1302,951,6,23,3879,39969,1445,6495,0,0,3,0,5
904,560,904.2755739735617,99783,93,54,150,63,45126,23692,0.6896765982181333,66,44,32474,34604,7220,4379,9995,10854,45399,36168,6,5,7019,5276,21070,2958,9377,1306,951,9,34,3879,39957,1444,6492,0,0,5,0,6
905,560,905.0473599882306,99783,99,60,150,63,45139,23705,0.6899371636451099,69,40,32505,34624,7207,4378,9968,10833,45399,36168,9,6,7019,5273,21066,2961,9379,1307,951,9,40,3878,39950,1443,6492,0,0,8,0,7
906,560,906.2033438088347,99783,117,63,150,63,45175,23719,0.6904382510046801,58,31,32564,34675,7193,4371,9916,10795,45399,36168,12,8,7018,5270,21059,2963,9385,1310,951,10,53,3877,39935,1443,6490,1,0,9,0,9
907,560,907.3572437975499,99783,113,64,150,63,45190,23729,0.6906887946844653,66,30,32616,34724,7179,4367,9874,10750,45399,36168,16,10,7014,5268,21053,2965,9395,1311,950,14,62,3877,39921,1443,6485,2,0,9,0,14
908,560,908.1254891252723,99783,114,60,150,63,45200,23731,0.6908090556507621,68,32,32648,34757,7173,4363,9845,10723,45399,36168,21,12,7013,5266,21049,2968,9398,1313,950,15,67,3876,39912,1442,6483,3,0,10,0,18
909,560,909.2762723888334,99783,116,57,150,63,45213,23736,0.6909894471002075,65,42,32702,34804,7156,4350,9809,10682,45399,36168,27,15,7011,5263,21045,2971,9401,1314,950,17,75,3875,39898,1442,6481,3,0,13,0,24
910,560,910.0424253078102,99783,120,58,150,63,45231,23741,0.6912199472856098,60,48,32725,34832,7158,4341,9785,10656,45399,36168,34,18,7011,5262,21038,2974,9406,1316,950,17,82,3875,39885,1440,6478,4,0,15,0,30
911,560,911.190399320553,99783,117,64,150,63,45248,23758,0.6915606866901176,63,44,32784,34883,7149,4339,9735,10605,45399,36168,42,21,7008,5259,21029,2978,9414,1318,950,20,94,3875,39869,1438,6473,4,0,20,0,34
912,560,912.3363967890947,99782,119,60,151,63,45266,23770,0.6918682728347798,64,46,32840,34925,7129,4339,9695,10565,45399,36168,51,25,7004,5258,21016,2980,9421,1320,950,24,107,3875,39849,1436,6471,5,0,26,0,40
913,560,913.0993406494533,99782,124,59,151,63,45282,23780,0.6921288408731033,59,43,32855,34951,7134,4336,9675,10546,45399,36168,62,29,7003,5257,21011,2980,9423,1324,950,25,117,3873,39828,1436,6470,5,2,27,0,51
914,560,914.2427462779082,99782,121,61,151,63,45297,23796,0.6924395181495661,72,41,32888,34982,7127,4337,9639,10514,45399,36168,74,34,7003,5255,21001,2983,9431,1328,950,25,133,3871,39803,1435,6465,7,4,28,0,60
915,560,915.0043063627477,99782,120,67,151,63,45314,23805,0.6927000861878896,73,47,32914,35004,7127,4326,9613,10491,45399,36168,88,39,7003,5253,20993,2984,9435,1330,950,25,144,3868,39782,1435,6463,8,7,32,0,70
916,560,916.145469244348,99780,110,68,151,65,45327,23817,0.6929645219482863,79,45,32958,35040,7124,4322,9576,10458,45399,36168,103,45,7001,5249,20978,2990,9443,1332,949,27,156,3865,39758,1434,6461,9,10,38,0,80
917,560,917.2850501430031,99780,114,70,151,65,45350,23831,0.6933353377430347,86,43,33017,35085,7099,4311,9531,10424,45399,36168,120,51,6999,5249,20963,2989,9450,1339,949,29,169,3863,39733,1434,6459,10,11,42,0,92
918,560,918.0436959796787,99780,118,72,151,65,45363,23839,0.6935458007616757,92,42,33049,35103,7089,4304,9499,10412,45399,36168,139,57,6997,5247,20954,2991,9451,1343,949,31,174,3862,39716,1434,6454,14,12,47,0,104
919,560,919.1799949914373,99780,124,74,151,65,45385,23847,0.6938464622168772,98,42,33087,35132,7067,4296,9471,10389,45399,36168,159,64,6994,5245,20945,2992,9456,1345,949,34,182,3860,39694,1434,6447,20,12,53,0,118
920,560,920.3147275671703,99780,120,79,151,65,45406,23861,0.6941972339146122,94,35,33136,35154,7061,4288,9436,10377,45399,36168,181,71,6992,5242,20932,2994,9460,1351,949,36,196,3857,39664,1433,6444,22,15,59,0,134
921,560,921.0704598112605,99780,123,78,151,65,45424,23869,0.6944578071757868,92,33,33161,35179,7053,4288,9418,10355,45399,36168,205,79,6986,5240,20921,2996,9454,1358,949,42,207,3855,39636,1433,6444,22,16,70,0,151
922,560,922.2027654615559,99780,130,78,151,65,45450,23877,0.694798556825015,97,43,33195,35213,7043,4272,9382,10327,45399,36168,231,88,6983,5239,20909,2996,9458,1362,949,45,220,3853,39604,1432,6439,27,17,77,0,170
923,560,923.3335971581762,99780,133,73,151,65,45472,23884,0.6950891962317097,101,52,33239,35237,7025,4259,9349,10312,45399,36168,259,97,6981,5238,20893,2995,9467,1366,949,47,232,3851,39574,1431,6432,31,18,87,0,188
924,560,924.0866907563843,99780,134,76,151,65,45495,23894,0.6954199238324313,95,45,33272,35238,7022,4255,9324,10319,45399,36168,289,107,6979,5238,20876,2993,9468,1376,948,49,245,3847,39543,1431,6431,32,21,97,0,206
925,560,925.2150772647619,99780,138,76,151,65,45523,23906,0.6958208057726999,96,46,33317,35252,7003,4256,9293,10303,45399,36168,321,117,6979,5235,20855,2997,9474,1385,948,49,258,3843,39507,1430,6428,32,24,107,0,229
926,560,926.3419290634697,99780,133,82,151,65,45551,23924,0.6962818200040088,90,45,33352,35263,7006,4249,9266,10294,45399,36168,355,128,6978,5229,20836,3000,9479,1396,948,50,275,3839,39468,1430,6423,34,27,117,0,251
927,560,927.0925046621372,99780,132,78,151,65,45568,23933,0.6965423932651834,88,48,33381,35256,7000,4248,9246,10303,45399,36168,392,139,6976,5228,20820,3000,9491,1400,948,52,287,3836,39429,1430,6412,38,28,127,0,278
928,560,928.2172211191047,99780,132,82,151,65,45584,23944,0.6968129885748647,89,48,33427,35272,6986,4241,9213,10290,45399,36168,431,151,6975,5228,20801,3000,9498,1402,948,53,297,3833,39389,1429,6406,42,30,141,1,307
929,560,929.340464907772,99780,137,84,151,65,45615,23957,0.6972539587091602,78,49,33465,35283,6986,4231,9181,10286,45399,36168,472,163,6972,5223,20780,3005,9500,1407,947,56,316,3831,39346,1429,6397,49,32,158,1,331
930,560,930.0885871302331,99780,137,78,151,65,45627,23960,0.6974042894367609,89,49,33474,35287,6973,4227,9174,10292,45399,36168,515,176,6971,5220,20763,3009,9500,1413,947,57,323,3829,39307,1428,6391,52,34,172,1,363
931,560,931.2099342803665,99780,131,83,151,65,45652,23977,0.6978252154740429,82,46,33506,35297,6983,4221,9145,10286,45399,36168,560,190,6965,5218,20737,3009,9510,1421,947,63,336,3827,39257,1427,6387,56,35,184,1,400
932,560,932.330480830027,99780,133,83,151,65,45672,23988,0.6981358989777511,86,44,33518,35308,6984,4214,9126,10284,45399,36168,608,204,6964,5217,20717,3008,9514,1429,947,64,351,3827,39203,1427,6382,59,35,196,1,439
933,560,933.0772603018345,99780,129,81,151,65,45684,23995,0.6983263178993786,83,46,33550,35300,6979,4214,9106,10292,45399,36168,658,219,6962,5216,20703,3009,9514,1436,947,66,361,3825,39148,1426,6379,61,36,206,2,483
934,560,934.1964823306346,99780,137,81,151,65,45714,24009,0.698767288033674,77,39,33588,35316,6967,4208,9078,10289,45399,36168,710,235,6958,5215,20686,3011,9508,1449,947,70,380,3824,39088,1425,6373,65,37,218,3,523
935,560,935.3143096858922,99780,133,81,151,65,45737,24023,0.6991381038284226,77,41,33625,35312,6967,4207,9045,10292,45399,36168,765,251,6956,5207,20660,3021,9515,1455,947,72,395,3821,39033,1423,6363,73,39,234,3,563
936,560,936.0589228305552,99779,126,79,152,65,45747,24028,0.6992954429288728,87,47,33622,35296,6972,4195,9039,10316,45399,36168,822,268,6954,5204,20641,3023,9520,1459,947,74,403,3815,38983,1423,6352,82,44,247,3,605
937,560,937.1754820717022,99779,131,79,152,65,45768,24042,0.699646218142094,85,47,33659,35293,6955,4190,9016,10324,45399,36168,881,285,6951,5203,20620,3023,9524,1466,946,77,413,3810,38924,1422,6348,86,48,261,3,654
938,560,938.2909132834033,99779,131,75,152,65,45789,24054,0.6999769490574169,87,47,33704,35283,6935,4190,8989,10338,45399,36168,942,303,6948,5201,20590,3024,9527,1481,946,80,425,3804,38872,1422,6342,88,51,281,3,694
939,560,939.033780973771,99779,137,78,152,65,45808,24065,0.7002776135258922,87,43,33719,35264,6926,4183,8977,10365,45399,36168,1006,322,6945,5196,20567,3028,9529,1485,946,83,430,3797,38822,1422,6332,96,58,301,3,739
940,560,940.1471988041031,99779,139,75,152,65,45834,24076,0.7006484330370117,83,46,33752,35261,6923,4174,8949,10377,45399,36168,1072,341,6942,5192,20544,3032,9531,1493,946,86,448,3793,38751,1421,6324,100,61,320,3,792
941,560,941.2595135992103,99779,136,80,152,65,45850,24090,0.7009490975054872,85,47,33785,35254,6913,4157,8927,10395,45399,36168,1140,361,6941,5191,20513,3028,9532,1504,946,87,459,3790,38698,1421,6316,107,64,345,3,834
942,560,942.0003765871872,99779,127,80,152,65,45857,24097,0.7010894075907756,95,48,33804,35245,6904,4141,8916,10419,45399,36168,1210,382,6941,5187,20484,3031,9532,1514,946,87,465,3782,38645,1420,6310,112,71,368,3,881
943,560,943.1109912705015,99778,131,81,153,65,45880,24111,0.7014672573112309,100,44,33836,35238,6897,4132,8881,10438,45399,36168,1282,403,6940,5185,20462,3032,9533,1520,945,88,481,3773,38576,1420,6302,119,79,386,4,933
944,560,944.2203769421968,99778,149,80,153,65,45915,24122,0.701928280783339,96,57,33863,35227,6882,4119,8855,10450,45399,36168,1356,425,6939,5184,20430,3032,9536,1530,945,89,491,3770,38515,1419,6289,126,81,414,4,984
945,560,945.3287242868095,99778,159,71,153,65,45947,24129,0.7023191485096915,84,64,33888,35217,6871,4112,8843,10469,45399,36168,1432,448,6937,5183,20392,3035,9541,1541,945,91,506,3766,38445,1417,6281,131,85,439,5,1038
946,560,946.0670684306257,99778,163,78,153,65,45963,24142,0.7026097937421075,84,58,33895,35192,6864,4101,8839,10504,45399,36168,1510,471,6935,5183,20371,3035,9534,1554,944,93,513,3757,38386,1417,6270,140,93,458,6,1089
947,560,947.1743200380214,99778,160,81,153,65,45988,24152,0.7029605724708854,99,62,33912,35176,6860,4081,8814,10533,45399,36168,1590,495,6932,5181,20346,3038,9528,1569,944,96,528,3748,38312,1416,6260,149,102,475,6,1148
948,560,948.2807820800022,99778,158,82,153,65,46015,24167,0.7033815069454188,91,62,33943,35153,6860,4081,8793,10555,45399,36168,1672,519,6930,5176,20309,3041,9534,1581,944,98,544,3744,38243,1416,6244,159,104,504,7,1200
949,560,949.0179339207048,99778,157,84,153,65,46029,24176,0.7036120186814728,95,61,33948,35114,6853,4069,8792,10605,45399,36168,1756,544,6930,5174,20283,3045,9525,1596,943,98,553,3736,38179,1415,6233,170,111,525,9,1253
950,560,950.1231757299611,99778,160,81,153,65,46065,24191,0.7041231534005492,94,62,33979,35096,6841,4069,8771,10625,45399,36168,1841,570,6925,5169,20252,3052,9526,1608,943,103,578,3729,38097,1413,6217,181,117,549,9,1310
951,560,951.2275324751566,99778,165,89,153,65,46089,24217,0.704624265870232,103,56,33990,35068,6835,4058,8752,10662,45399,36168,1928,596,6922,5165,20213,3055,9530,1618,943,106,592,3726,38022,1413,6206,192,120,575,9,1371
952,560,952.3312617908697,99777,164,99,153,66,46121,24236,0.7051424677029776,102,58,34020,35044,6832,4044,8727,10687,45399,36168,2017,623,6916,5162,20174,3057,9529,1632,943,112,605,3718,37948,1413,6197,198,127,606,11,1429
953,560,953.0665138632413,99777,171,100,153,66,46143,24246,0.7054631828978623,106,64,34023,35005,6825,4039,8720,10724,45399,36168,2107,651,6913,5160,20145,3058,9528,1643,943,115,611,3712,37874,1413,6184,210,131,629,13,1495
954,560,954.1690112707404,99777,174,107,153,66,46169,24265,0.7059141886406687,118,73,34026,34955,6825,4031,8702,10766,45399,36168,2199,679,6908,5159,20098,3060,9533,1653,943,120,622,3707,37802,1412,6173,221,136,662,13,1555
955,560,955.2710483246984,99776,175,118,154,66,46200,24290,0.7064825208466966,120,68,34044,34917,6815,4018,8690,10811,45399,36168,2292,708,6903,5153,20062,3065,9533,1666,943,125,636,3700,37714,1412,6166,226,143,687,16,1626
956,560,956.0053534168217,99776,171,111,154,66,46220,24299,0.7067731719050674,129,77,34037,34866,6813,4021,8694,10857,45399,36168,2386,737,6899,5151,20027,3065,9535,1678,943,129,653,3692,37622,1412,6158,232,149,714,16,1701
957,560,957.1067931084175,99776,179,112,154,66,46258,24319,0.7073544740218088,130,73,34047,34840,6808,4026,8680,10881,45399,36168,2481,767,6893,5149,19981,3068,9547,1688,941,135,666,3683,37540,1411,6148,239,154,747,17,1769
958,560,958.2077769793059,99776,188,112,154,66,46299,24339,0.7079658434894163,121,82,34070,34796,6802,4022,8663,10920,45399,36168,2578,798,6889,5142,19950,3076,9545,1705,940,139,682,3677,37452,1410,6131,250,158,772,20,1838
959,560,959.3081624682784,99776,193,128,154,66,46338,24369,0.7086573925593329,132,66,34064,34766,6799,4011,8656,10961,45399,36168,2676,829,6887,5140,19909,3076,9550,1723,939,141,694,3669,37366,1410,6120,258,164,798,23,1909
960,560,960.0416920882026,99776,201,129,154,66,46367,24383,0.7090883579217447,131,67,34063,34726,6794,4006,8655,11004,45399,36168,2775,861,6886,5140,19859,3074,9551,1736,939,142,709,3663,37290,1410,6106,268,169,841,24,1969
961,560,961.1419489268336,99776,217,128,154,66,46407,24405,0.7097097498396407,136,64,34067,34707,6786,4001,8638,11032,45399,36168,2874,893,6877,5138,19820,3076,9548,1752,939,151,725,3657,37204,1408,6093,278,173,874,25,2038
962,560,962.2417973746569,99776,222,131,154,66,46441,24424,0.7102409397049391,147,80,34075,34663,6773,3997,8627,11061,45399,36168,2974,926,6871,5132,19779,3081,9545,1767,939,157,744,3654,37113,1408,6079,289,175,908,25,2110
963,560,963.3411131627317,99776,237,133,154,66,46486,24452,0.7109725785760103,148,83,34082,34626,6754,4005,8623,11085,45399,36168,3075,959,6868,5130,19744,3081,9546,1786,939,160,767,3643,37013,1408,6064,299,182,934,28,2184
964,560,964.0737611619611,99776,243,132,154,66,46515,24469,0.7114336112892881,152,89,34066,34565,6759,4004,8624,11142,45399,36168,3177,993,6866,5129,19705,3082,9549,1800,939,162,782,3635,36924,1407,6044,316,185,965,29,2257
965,560,965.172997358585,99776,246,131,154,66,46558,24489,0.7120650256574728,155,88,34065,34537,6773,4002,8605,11174,45399,36168,3279,1028,6860,5122,19670,3090,9547,1821,938,168,797,3630,36834,1403,6027,327,189,992,34,2327
966,560,966.2721000427367,99776,246,146,154,66,46590,24514,0.7126363053239256,167,87,34063,34507,6779,3985,8589,11207,45399,36168,3382,1063,6856,5120,19624,3092,9542,1837,938,172,816,3626,36750,1401,6008,345,193,1031,34,2391
967,560,967.0048213465523,99776,250,152,154,66,46624,24537,0.7132075849903784,164,90,34060,34454,6790,3982,8580,11254,45399,36168,3485,1099,6854,5119,19580,3089,9541,1858,938,174,835,3626,36648,1399,6001,352,193,1061,35,2473
968,560,968.103881680644,99776,256,148,154,66,46671,24560,0.7139091565105837,165,92,34063,34415,6794,3977,8566,11300,45399,36168,3588,1135,6851,5115,19527,3094,9543,1876,938,177,869,3615,36544,1397,5992,359,201,1100,37,2541
969,560,969.2027803702081,99775,264,154,155,66,46718,24585,0.7146379353545478,163,88,34068,34363,6801,3975,8547,11352,45399,36168,3692,1172,6849,5109,19481,3097,9542,1895,938,179,896,3607,36449,1397,5973,376,209,1133,38,2607
970,560,970.3013386166355,99775,258,163,155,66,46752,24610,0.7152292658481584,186,88,34060,34321,6803,3969,8536,11391,45399,36168,3796,1209,6840,5106,19437,3100,9543,1910,938,188,920,3598,36348,1397,5961,385,216,1167,40,2681
971,560,971.033752280624,99774,261,157,155,67,46782,24624,0.7156774309940466,185,89,34057,34267,6806,3972,8534,11446,45399,36168,3900,1247,6837,5103,19396,3102,9542,1931,938,191,934,3593,36249,1396,5950,392,220,1196,40,2764
972,560,972.1324243792437,99773,264,158,155,68,46829,24646,0.7163761739147866,192,91,34043,34218,6812,3966,8532,11497,45399,36168,4004,1285,6833,5099,19347,3101,9553,1946,937,195,956,3581,36155,1396,5934,405,231,1230,42,2832
973,560,973.2313174736041,99772,280,159,156,68,46880,24670,0.7171350679549373,201,89,34020,34177,6815,3962,8526,11543,45399,36168,4108,1323,6828,5097,19299,3102,9560,1962,937,200,976,3577,36062,1394,5911,424,235,1262,44,2902
974,560,974.3306327499762,99772,293,159,156,68,46941,24698,0.718027101792086,194,85,34012,34136,6826,3971,8517,11579,45399,36168,4212,1362,6824,5089,19244,3109,9571,1982,935,204,1002,3570,35956,1393,5901,428,242,1296,45,2981
975,560,975.0636689058048,99772,291,151,156,68,46975,24711,0.7184981758409172,200,87,33989,34091,6838,3975,8524,11626,45399,36168,4316,1401,6819,5083,19192,3115,9573,1994,934,209,1028,3567,35854,1391,5890,438,245,1338,46,3056
976,560,976.1638364039476,99772,313,151,156,68,47045,24738,0.7194703924948883,183,92,33977,34042,6856,3981,8513,11664,45399,36168,4419,1441,6812,5079,19138,3121,9576,2013,932,216,1053,3560,35757,1388,5877,447,250,1380,50,3123
977,560,977.2642873687765,99772,326,150,156,68,47105,24763,0.7203223349236259,187,89,33964,34019,6866,3978,8499,11694,45399,36168,4522,1481,6803,5074,19084,3127,9585,2027,931,225,1075,3555,35659,1386,5858,459,255,1421,55,3193
978,560,978.3650407648666,99772,326,161,156,68,47160,24795,0.7211943230565689,202,89,33939,33978,6877,3978,8498,11724,45399,36168,4625,1522,6800,5072,19035,3127,9605,2046,929,228,1100,3547,35550,1386,5838,473,260,1444,57,3275
979,560,979.0991728092619,99772,327,166,156,68,47200,24813,0.721775648478531,210,88,33945,33932,6875,3966,8485,11778,45399,36168,4727,1563,6796,5067,18999,3132,9602,2068,928,232,1116,3539,35454,1385,5823,480,266,1473,62,3350
980,560,980.2002956215548,99772,327,150,156,68,47252,24827,0.7224371567173155,218,106,33935,33876,6887,3978,8475,11820,45399,36168,4829,1604,6787,5060,18949,3137,9612,2087,928,241,1147,3527,35353,1385,5802,497,273,1505,63,3419
981,560,981.3014735026687,99772,340,151,156,68,47315,24852,0.7233191677023614,214,108,33920,33844,6898,3979,8470,11848,45399,36168,4930,1646,6780,5056,18904,3142,9626,2101,928,248,1169,3514,35247,1383,5786,508,281,1533,68,3498
982,560,982.0359835753226,99772,337,157,156,68,47358,24871,0.7239405845327347,207,113,33901,33789,6921,3975,8476,11896,45399,36168,5031,1688,6778,5053,18862,3139,9636,2116,928,250,1190,3506,35143,1382,5772,518,289,1561,72,3577
983,560,983.1382516916094,99771,336,158,157,68,47413,24898,0.7247697226649026,219,118,33888,33753,6935,3975,8463,11926,45399,36168,5131,1730,6770,5049,18802,3144,9651,2130,925,258,1215,3494,35045,1381,5759,528,300,1600,74,3646
984,560,984.2407817097037,99771,359,168,157,68,47490,24933,0.7258922933517755,216,127,33861,33706,6947,3975,8458,11954,45399,36168,5230,1773,6764,5042,18749,3148,9648,2155,925,264,1247,3488,34945,1379,5746,537,304,1642,76,3712
985,560,985.343802201581,99771,348,170,157,68,47546,24968,0.7268043820348599,225,130,33846,33647,6969,3989,8453,11994,45399,36168,5329,1816,6754,5035,18682,3152,9669,2174,923,274,1278,3475,34843,1378,5735,547,313,1680,77,3782
986,560,986.079491527442,99771,351,172,157,68,47575,24987,0.7272854837578053,241,127,33818,33587,6964,3987,8467,12057,45399,36168,5427,1859,6751,5032,18631,3157,9670,2190,923,277,1291,3471,34758,1376,5718,561,316,1719,78,3852
987,560,987.1836934021547,99771,362,171,157,68,47633,25016,0.7281574806306442,254,129,33789,33556,6970,3997,8466,12077,45399,36168,5524,1903,6745,5029,18576,3159,9679,2207,922,283,1322,3462,34661,1373,5702,572,323,1760,80,3916
988,560,988.2885975266003,99770,389,174,158,68,47720,25057,0.7294477297784905,232,123,33781,33520,6978,4009,8460,12104,45399,36168,5620,1947,6739,5019,18524,3166,9699,2220,922,288,1361,3454,34539,1372,5686,584,328,1790,84,3995
989,560,989.025259476821,99770,388,189,158,68,47760,25083,0.7301092512779392,223,121,33763,33469,6992,4001,8474,12150,45399,36168,5716,1991,6731,5014,18477,3170,9697,2241,922,296,1371,3447,34453,1371,5674,594,333,1824,87,4068
990,560,990.131110260516,99770,392,185,158,68,47824,25112,0.7310413952089807,243,117,33727,33432,7003,4012,8475,12184,45399,36168,5811,2035,6726,5003,18427,3180,9712,2265,921,301,1392,3436,34359,1369,5653,609,337,1855,90,4135
991,560,991.2379998010078,99770,400,184,158,68,47903,25143,0.7321439310413952,250,117,33692,33383,7030,4025,8468,12221,45399,36168,5905,2080,6717,4995,18383,3189,9713,2292,919,310,1430,3425,34245,1369,5635,621,346,1882,92,4207
992,560,992.3456476045995,99770,411,189,158,68,47989,25172,0.7332965821389195,240,124,33680,33335,7048,4024,8461,12258,45399,36168,5998,2125,6708,4984,18330,3194,9730,2306,919,319,1463,3413,34143,1368,5618,629,354,1924,95,4273
993,560,993.0843419864128,99770,403,188,158,68,48021,25194,0.7338378270021049,262,128,33639,33285,7063,4030,8473,12299,45399,36168,6090,2170,6705,4980,18283,3198,9729,2329,919,322,1486,3408,34057,1366,5594,646,359,1958,98,4333
994,560,994.1933158275174,99769,431,203,159,68,48112,25235,0.7351682386312381,242,140,33624,33229,7081,4030,8461,12328,45399,36168,6181,2215,6701,4975,18238,3202,9729,2357,918,326,1515,3402,33948,1364,5586,653,365,1982,106,4402
995,560,995.302663311141,99768,438,218,160,68,48184,25285,0.7363984443909871,250,125,33595,33211,7113,4041,8442,12335,45399,36168,6271,2260,6688,4967,18199,3211,9737,2378,916,337,1549,3399,33831,1361,5567,662,367,2009,108,4482
996,560,996.0425102032883,99768,444,207,160,68,48237,25304,0.7371201186753268,251,134,33572,33168,7127,4041,8444,12380,45399,36168,6360,2306,6678,4957,18149,3220,9749,2393,916,347,1569,3394,33736,1360,5549,673,371,2043,112,4552
997,560,997.153350654328,99768,454,208,160,68,48310,25335,0.7381625370860396,271,142,33544,33128,7147,4051,8422,12401,45399,36168,6448,2352,6670,4949,18100,3233,9763,2415,911,354,1581,3385,33643,1359,5535,679,378,2073,120,4620
998,560,998.264771156041,99768,448,211,160,68,48385,25367,0.7392350252586,261,146,33511,33092,7195,4051,8423,12430,45399,36168,6535,2398,6659,4942,18048,3238,9782,2436,911,365,1615,3373,33543,1356,5513,692,386,2103,127,4679
999,560,999.0063215544858,99768,427,219,160,68,48426,25396,0.7399366530350413,275,143,33484,33044,7225,4052,8427,12472,45399,36168,6621,2444,6654,4937,18002,3240,9788,2457,911,370,1649,3362,33449,1356,5492,706,396,2134,129,4736
1000,560,1000.1198454075773,99768,438,224,160,68,48500,25441,0.7411294202549916,280,146,33446,33020,7249,4066,8425,12474,45399,36168,6706,2490,6646,4923,17961,3249,9804,2478,911,378,1679,3343,33352,1354,5474,716,407,2162,134,4797
1001,560,1001.2343467731431,99768,450,229,160,68,48583,25479,0.7423422339828402,266,160,33415,32985,7284,4078,8423,12478,45399,36168,6790,2536,6638,4918,17905,3253,9810,2507,910,385,1716,3337,33247,1352,5461,724,409,2197,136,4863
1002,560,1002.3496272395615,99767,470,244,160,69,48659,25523,0.7435524772720439,278,155,33361,32962,7299,4085,8430,12483,45399,36168,6873,2582,6631,4910,17866,3262,9805,2534,909,391,1748,3331,33149,1352,5441,736,414,2223,138,4927
1003,560,1003.0938678454244,99767,475,243,160,69,48712,25550,0.744354345625307,288,146,33319,32922,7316,4092,8440,12526,45399,36168,6955,2629,6626,4907,17826,3263,9807,2562,909,396,1771,3320,33062,1350,5426,747,421,2246,140,4988
1004,560,1004.2117971019572,99766,470,240,161,69,48780,25588,0.7454242928452579,296,156,33292,32898,7349,4107,8430,12528,45399,36168,7035,2676,6611,4901,17764,3270,9832,2584,907,410,1799,3307,32969,1348,5409,756,431,2276,143,5049
1005,560,1005.330389949775,99766,486,237,161,69,48868,25630,0.7467273419802337,278,162,33261,32870,7388,4127,8424,12533,45399,36168,7114,2723,6602,4894,17715,3274,9840,2611,905,419,1852,3298,32860,1346,5394,763,435,2310,146,5102
1006,560,1006.0767410303181,99766,492,235,161,69,48919,25655,0.7474891245514504,286,173,33213,32826,7404,4136,8442,12559,45399,36168,7192,2770,6598,4889,17666,3278,9854,2629,905,423,1870,3288,32776,1345,5378,771,441,2342,153,5160
1007,560,1007.1980014433408,99766,499,249,161,69,48995,25713,0.748832267505964,301,146,33199,32803,7411,4154,8427,12577,45399,36168,7269,2817,6586,4880,17613,3288,9874,2652,904,433,1902,3282,32682,1344,5357,781,443,2372,158,5215
1008,560,1008.3196491839857,99766,516,250,161,69,49084,25751,0.7501052462762865,307,168,33176,32756,7430,4165,8408,12590,45399,36168,7345,2864,6582,4870,17566,3299,9888,2673,903,437,1936,3270,32574,1342,5343,791,452,2394,168,5278
1009,560,1009.0675393966228,99766,516,260,161,69,49153,25780,0.7510875448549607,298,181,33139,32699,7475,4169,8409,12620,45399,36168,7420,2911,6570,4864,17521,3302,9889,2702,903,449,1955,3263,32499,1341,5327,799,456,2426,172,5328
1010,560,1010.1905524347503,99764,518,264,162,70,49233,25828,0.7523856300870053,317,184,33110,32673,7496,4191,8395,12616,45399,36168,7494,2958,6557,4857,17475,3309,9901,2730,903,462,1994,3255,32398,1337,5308,808,461,2450,177,5382
1011,560,1011.3141931362909,99764,519,276,162,70,49327,25881,0.7538591074936851,326,179,33067,32654,7528,4206,8396,12613,45399,36168,7567,3005,6546,4846,17420,3320,9930,2750,901,472,2028,3244,32303,1335,5284,823,466,2478,188,5430
1012,560,1012.0640093466538,99764,527,284,162,70,49393,25921,0.754921615011427,314,167,33062,32613,7538,4225,8395,12639,45399,36168,7639,3052,6538,4839,17388,3327,9941,2773,900,480,2046,3236,32208,1332,5267,831,471,2495,196,5496
1013,560,1013.1893330843017,99763,520,292,163,70,49478,25969,0.7562623417499473,329,179,33013,32586,7579,4241,8394,12630,45399,36168,7710,3099,6528,4829,17332,3332,9951,2809,899,490,2083,3233,32114,1331,5246,842,473,2525,204,5542
1014,560,1014.3160560609317,99763,522,303,163,70,49557,26022,0.757585477581869,360,188,32961,32544,7608,4254,8384,12639,45399,36168,7780,3146,6511,4824,17286,3339,9962,2835,897,507,2113,3225,32013,1329,5236,845,478,2548,216,5599
1015,560,1015.0679563402277,99763,540,307,163,70,49619,26057,0.7585577819432054,341,197,32944,32488,7620,4272,8390,12664,45399,36168,7849,3193,6506,4819,17256,3342,9961,2859,897,512,2138,3212,31923,1328,5222,854,490,2566,219,5659
1016,560,1016.196473559771,99763,559,316,163,70,49714,26115,0.7600914166574783,350,190,32894,32456,7650,4299,8382,12667,45399,36168,7916,3240,6493,4807,17206,3350,9972,2890,897,525,2176,3199,31833,1327,5209,859,498,2594,226,5702
1017,560,1017.3261255696793,99762,556,325,164,70,49804,26169,0.7615424710811732,354,195,32874,32426,7689,4322,8361,12660,45399,36168,7982,3287,6484,4796,17146,3357,10006,2913,895,533,2212,3190,31744,1326,5183,871,504,2622,233,5747
1018,560,1018.0796440670899,99762,566,315,164,70,49875,26205,0.7626150237565406,338,185,32845,32408,7709,4350,8376,12670,45399,36168,8047,3334,6470,4790,17101,3363,10015,2938,893,546,2243,3184,31657,1323,5170,880,508,2646,238,5797
1019,560,1019.2111574227036,99762,568,295,164,70,49978,26242,0.7640183637056194,344,207,32805,32389,7747,4385,8370,12652,45399,36168,8111,3381,6457,4784,17048,3370,10037,2967,890,557,2295,3180,31549,1319,5147,893,511,2668,249,5841
1020,560,1020.3440711198888,99761,560,313,164,71,50074,26304,0.7656098074397811,362,190,32760,32383,7795,4399,8357,12642,45399,36168,8174,3427,6448,4775,16987,3381,10064,2991,889,566,2347,3167,31451,1312,5129,902,521,2696,255,5880
1021,560,1021.1000424091178,99761,562,319,164,71,50142,26342,0.7666723469091128,364,203,32708,32350,7824,4406,8376,12649,45399,36168,8236,3473,6439,4770,16950,3381,10065,3020,889,575,2380,3158,31367,1311,5117,907,529,2718,263,5922
1022,560,1022.2359291294878,99760,563,329,165,71,50244,26405,0.7683340016038492,356,199,32682,32317,7865,4439,8367,12643,45399,36168,8297,3519,6427,4762,16895,3392,10093,3049,887,586,2422,3148,31271,1306,5095,917,535,2742,271,5962
1023,560,1023.3728845851248,99760,588,350,165,71,50363,26471,0.7701884522854852,344,202,32630,32290,7913,4459,8358,12626,45399,36168,8357,3565,6412,4753,16835,3404,10113,3076,884,601,2464,3136,31181,1303,5082,924,540,2773,277,6002
1024,560,1024.1315575465385,99760,572,352,165,71,50423,26511,0.7711908580593424,362,209,32586,32248,7947,4472,8366,12646,45399,36168,8416,3611,6399,4749,16804,3408,10110,3113,883,613,2504,3128,31084,1302,5071,925,547,2786,283,6051
1025,560,1025.2714497730938,99760,596,360,165,71,50536,26580,0.7730152365677626,352,197,32533,32223,7991,4511,8361,12636,45399,36168,8474,3657,6381,4738,16756,3421,10125,3142,882,631,2551,3123,30981,1296,5057,931,550,2808,292,6095
1026,560,1026.0323716767884,99760,616,357,165,71,50617,26624,0.7742682437850842,350,201,32487,32180,8019,4540,8361,12649,45399,36168,8531,3703,6370,4730,16708,3426,10137,3163,880,642,2585,3120,30896,1295,5045,938,551,2838,302,6134
1027,560,1027.1752259541222,99760,607,353,165,71,50712,26675,0.7757317562149157,387,208,32429,32159,8065,4569,8345,12638,45399,36168,8587,3749,6351,4714,16653,3440,10171,3190,877,660,2621,3112,30811,1293,5022,947,554,2862,307,6175
1028,560,1028.3197445376734,99759,614,378,166,71,50812,26744,0.7774336150121793,407,207,32384,32147,8100,4581,8327,12614,45399,36168,8642,3795,6338,4703,16598,3448,10196,3216,875,673,2653,3103,30730,1292,5006,955,559,2886,315,6213
1029,560,1029.083438204428,99759,636,374,166,71,50890,26788,0.7786565623151795,410,196,32333,32140,8123,4602,8330,12615,45399,36168,8697,3840,6332,4701,16554,3450,10210,3237,872,679,2701,3092,30634,1292,4992,964,565,2909,317,6258
1030,560,1030.2304876758149,99758,652,363,166,72,51003,26842,0.7803384189739169,427,195,32290,32101,8160,4654,8303,12613,45399,36168,8751,3885,6312,4689,16511,3460,10243,3258,871,699,2751,3088,30523,1289,4972,967,567,2929,328,6301
1031,560,1031.3788782213317,99758,673,368,166,72,51135,26910,0.7823432707151307,417,193,32230,32077,8225,4696,8287,12592,45399,36168,8804,3930,6298,4670,16449,3483,10282,3280,870,709,2803,3083,30417,1287,4956,975,568,2948,339,6341
1032,560,1032.1455620677127,99757,675,356,167,72,51231,26951,0.7837244504145072,409,194,32176,32054,8281,4731,8290,12591,45399,36168,8856,3975,6285,4655,16398,3498,10307,3306,867,722,2844,3076,30327,1285,4939,985,573,2963,350,6377
1033,560,1033.2977880154021,99757,665,348,167,72,51331,27012,0.7853383722445543,413,196,32139,32049,8337,4772,8277,12561,45399,36168,8907,4020,6265,4647,16341,3506,10333,3339,867,740,2905,3067,30220,1282,4921,994,575,2982,357,6416
1034,560,1034.066812396425,99757,672,354,167,72,51398,27050,0.7863909299598023,426,197,32085,32014,8362,4789,8286,12572,45399,36168,8957,4065,6255,4638,16298,3515,10339,3362,866,750,2930,3061,30149,1281,4910,999,580,3007,363,6454
1035,560,1035.22237154073,99757,681,360,167,72,51526,27107,0.7882454364104775,425,206,32011,31998,8436,4805,8278,12557,45399,36168,9006,4109,6238,4618,16248,3528,10365,3393,866,767,2969,3052,30058,1278,4897,1000,583,3031,374,6492
1036,560,1036.380235472889,99756,682,361,168,72,51646,27164,0.7900276675087213,435,215,31942,31971,8504,4840,8267,12539,45399,36168,9054,4153,6223,4610,16204,3537,10398,3422,863,781,3033,3038,29946,1276,4877,1008,584,3045,382,6529
1037,560,1037.1534425319326,99756,705,369,168,72,51740,27204,0.7913709451060588,426,217,31867,31959,8552,4853,8280,12528,45399,36168,9102,4197,6217,4603,16166,3541,10414,3444,863,786,3064,3031,29865,1274,4866,1014,589,3061,392,6566
1038,560,1038.315979010386,99756,731,376,168,72,51883,27284,0.7936063996150607,412,216,31803,31945,8613,4888,8271,12501,45399,36168,9149,4241,6204,4592,16110,3552,10459,3468,860,798,3125,3017,29750,1272,4851,1018,593,3081,400,6606
1039,560,1039.0923983952132,99756,744,381,168,72,51966,27327,0.7948694815349453,423,225,31753,31925,8631,4900,8279,12495,45399,36168,9195,4285,6193,4589,16073,3552,10468,3494,859,809,3165,3012,29665,1271,4835,1026,598,3097,406,6644
1040,560,1040.2587986975768,99754,744,372,170,72,52098,27386,0.7968001283156565,404,239,31699,31893,8710,4941,8271,12481,45399,36168,9240,4328,6180,4579,16011,3558,10505,3524,856,822,3225,3005,29553,1264,4828,1028,601,3117,419,6679
1041,560,1041.0375117805718,99754,713,372,170,72,52156,27429,0.7978126190428454,440,249,31641,31866,8749,4968,8285,12471,45399,36168,9284,4371,6164,4570,15966,3564,10534,3542,855,838,3262,2996,29472,1262,4815,1034,606,3134,430,6710
1042,560,1042.2080092207352,99754,725,369,170,72,52297,27493,0.7998676744792189,436,251,31576,31867,8816,5002,8275,12437,45399,36168,9328,4414,6140,4559,15910,3574,10553,3578,852,862,3321,2992,29371,1257,4804,1038,607,3158,444,6734
1043,560,1043.3807402889502,99753,739,383,171,72,52426,27564,0.8018806451936282,429,250,31535,31855,8869,5031,8255,12407,45399,36168,9371,4457,6127,4544,15856,3581,10590,3607,851,875,3366,2983,29285,1255,4788,1042,613,3176,457,6757
1044,560,1044.1633825076485,99751,725,385,173,72,52504,27608,0.803119768222875,440,255,31472,31830,8929,5053,8259,12403,45399,36168,9413,4499,6113,4534,15812,3597,10600,3639,845,888,3405,2970,29209,1252,4780,1045,619,3195,462,6786
1045,560,1045.3399099986295,99751,735,396,173,72,52636,27688,0.8052450601998977,452,257,31401,31798,8986,5093,8251,12382,45399,36168,9454,4541,6091,4528,15757,3597,10639,3671,844,910,3460,2959,29115,1248,4760,1051,622,3216,471,6812
1046,560,1046.1255478569242,99750,748,409,174,72,52737,27747,0.8068571428571428,433,240,31366,31780,9021,5124,8256,12373,45399,36168,9495,4583,6079,4517,15719,3606,10663,3691,842,921,3497,2953,29026,1248,4746,1056,627,3228,483,6848
1047,560,1047.3058793961345,99749,763,436,175,72,52880,27831,0.8091409437688598,422,242,31319,31769,9086,5138,8233,12341,45399,36168,9535,4625,6065,4502,15663,3618,10698,3720,841,934,3553,2945,28929,1246,4732,1056,631,3251,491,6874
1048,560,1048.0936731850506,99749,757,456,175,72,52964,27886,0.8105344414480345,441,251,31252,31747,9133,5150,8240,12322,45399,36168,9574,4667,6049,4491,15625,3629,10707,3748,840,948,3580,2939,28857,1245,4724,1061,635,3263,503,6905
1049,560,1049.2774861628352,99749,767,427,175,72,53102,27950,0.8125595244062597,458,269,31183,31720,9194,5207,8221,12303,45399,36168,9613,4708,6026,4481,15553,3630,10767,3775,840,970,3648,2930,28754,1241,4702,1071,635,3286,512,6928
1050,560,1050.0679953927418,99749,770,427,175,72,53202,28008,0.8141435001854656,437,254,31146,31714,9249,5246,8221,12285,45399,36168,9651,4749,6009,4469,15514,3640,10781,3805,839,986,3695,2923,28669,1237,4687,1078,638,3302,522,6955
1051,560,1051.255802504045,99749,787,430,175,72,53333,28079,0.8161685831436907,427,263,31111,31693,9305,5289,8193,12251,45399,36168,9688,4790,5996,4450,15466,3653,10811,3832,838,997,3757,2916,28569,1235,4674,1083,640,3318,534,6980
1052,560,1052.0483525368172,99749,768,429,175,72,53408,28127,0.8174016782123129,460,268,31040,31664,9353,5323,8202,12242,45399,36168,9725,4831,5985,4439,15420,3662,10833,3860,837,1007,3800,2912,28485,1232,4663,1088,642,3332,541,7011
1053,560,1053.239677747555,99747,747,432,177,72,53541,28204,0.8195233941872938,463,273,30975,31648,9442,5367,8194,12206,45399,36168,9761,4871,5968,4418,15365,3684,10887,3887,832,1020,3849,2902,28395,1226,4640,1097,643,3349,553,7032
1054,560,1054.0352818101767,99746,725,431,178,72,53613,28257,0.820784793375173,510,258,30913,31642,9489,5401,8183,12194,45399,36168,9796,4911,5956,4409,15332,3688,10905,3920,830,1032,3885,2895,28319,1224,4624,1100,645,3362,566,7054
1055,560,1055.2317712573458,99745,742,433,179,72,53767,28334,0.8231089277658028,473,268,30873,31601,9559,5451,8172,12173,45399,36168,9831,4951,5939,4400,15278,3696,10947,3952,825,1048,3946,2889,28210,1221,4606,1103,643,3382,581,7079
1056,560,1056.0304247135787,99745,751,432,179,72,53854,28389,0.8245325580229586,494,264,30817,31595,9588,5477,8169,12158,45399,36168,9865,4991,5932,4390,15246,3708,10969,3979,821,1052,3975,2883,28137,1217,4595,1104,645,3396,590,7106
1057,560,1057.230383330456,99745,784,420,179,72,54018,28458,0.8268685147125169,476,259,30749,31584,9650,5526,8160,12137,45399,36168,9899,5030,5917,4377,15191,3721,10994,4026,820,1066,4033,2874,28042,1212,4581,1102,648,3413,606,7122
1058,560,1058.031668299057,99744,791,434,180,72,54110,28524,0.8284608598010907,486,247,30699,31558,9692,5556,8150,12131,45399,36168,9932,5069,5903,4370,15155,3729,11016,4048,819,1079,4074,2866,27958,1208,4573,1104,652,3421,618,7151
1059,560,1059.2359742184037,99742,785,448,182,72,54232,28618,0.8306430590924585,523,225,30646,31560,9741,5607,8121,12086,45399,36168,9964,5108,5885,4357,15104,3741,11046,4089,818,1094,4128,2858,27867,1206,4556,1108,650,3435,635,7165
1060,560,1060.0396903255296,99741,796,443,183,72,54344,28662,0.8322154379843796,506,230,30598,31532,9788,5635,8127,12086,45399,36168,9996,5146,5869,4344,15060,3749,11066,4116,816,1110,4171,2852,27790,1206,4550,1107,654,3452,647,7182
1061,560,1061.2475551740251,99741,793,426,183,72,54497,28726,0.834391072878756,517,264,30535,31524,9872,5682,8098,12030,45399,36168,10027,5184,5854,4334,14993,3757,11128,4145,814,1121,4233,2843,27686,1206,4528,1114,656,3469,663,7197
1062,560,1062.0540752125266,99740,787,438,184,72,54597,28786,0.8360036093843994,505,245,30496,31505,9927,5715,8099,12023,45399,36168,10058,5222,5841,4317,14947,3774,11154,4169,811,1133,4273,2839,27611,1204,4510,1120,658,3488,672,7219
1063,560,1063.2660356248448,99740,804,433,184,72,54747,28850,0.8381491878885101,479,255,30475,31512,9985,5754,8071,11972,45399,36168,10088,5260,5822,4300,14905,3790,11178,4207,809,1149,4320,2833,27527,1198,4498,1120,660,3500,691,7233
1064,560,1064.0746391986893,99740,796,451,184,72,54841,28914,0.8397333065971526,492,260,30426,31487,10031,5768,8069,11960,45399,36168,10118,5297,5812,4286,14865,3798,11200,4240,809,1159,4350,2826,27457,1196,4489,1121,661,3514,702,7255
1065,560,1065.289216814364,99740,833,455,184,72,54987,28996,0.8420192500501303,497,270,30368,31479,10062,5809,8054,11913,45399,36168,10147,5334,5795,4280,14809,3806,11244,4260,806,1174,4411,2819,27366,1193,4474,1124,662,3537,716,7264
1066,560,1066.0998763996727,99738,805,447,186,72,55072,29059,0.8435200224588422,497,260,30333,31472,10124,5850,8053,11897,45399,36168,10176,5371,5779,4270,14765,3811,11256,4309,806,1188,4475,2811,27283,1189,4460,1124,666,3548,722,7276
1067,560,1067.318043548507,99737,804,458,186,73,55207,29136,0.8456540702046382,488,263,30305,31473,10180,5879,8035,11852,45399,36168,10204,5408,5765,4259,14720,3816,11289,4348,804,1201,4539,2805,27188,1185,4440,1127,666,3558,729,7298
1068,560,1068.130768376271,99737,791,465,186,73,55287,29202,0.8471179201299417,515,257,30262,31464,10218,5902,8026,11837,45399,36168,10232,5444,5751,4244,14683,3830,11309,4376,801,1215,4584,2798,27112,1182,4428,1131,669,3568,741,7315
1069,560,1069.3517698846188,99737,791,461,186,73,55439,29285,0.8494741169275194,523,256,30220,31458,10290,5954,7988,11796,45399,36168,10259,5480,5731,4234,14615,3830,11374,4406,801,1234,4656,2788,27008,1179,4411,1135,672,3584,751,7328
1070,560,1070.166537033356,99737,815,447,186,73,55557,29329,0.8510983887624453,497,255,30190,31455,10322,5994,7988,11774,45399,36168,10286,5516,5717,4223,14577,3840,11393,4429,799,1246,4701,2782,26934,1177,4399,1140,673,3604,766,7337
1071,560,1071.3905272661223,99736,816,449,187,73,55706,29418,0.8534932221063608,509,252,30130,31449,10385,6038,7971,11737,45399,36168,10312,5551,5695,4212,14533,3842,11435,4470,798,1266,4765,2773,26834,1173,4381,1139,675,3609,783,7353
1072,560,1072.207750780619,99736,826,454,187,73,55803,29479,0.8550774043474774,508,240,30095,31431,10419,6076,7963,11724,45399,36168,10338,5586,5684,4203,14496,3847,11454,4499,797,1275,4807,2767,26767,1172,4367,1145,676,3624,792,7364
1073,560,1073.025900709723,99736,817,479,187,73,55891,29543,0.856601427769311,537,228,30044,31428,10460,6093,7953,11697,45399,36168,10364,5621,5666,4196,14461,3854,11475,4524,797,1290,4839,2761,26703,1167,4356,1146,680,3637,799,7385
1074,560,1074.2551749045922,99735,822,460,188,73,56054,29612,0.8589361808793302,539,245,29980,31422,10535,6142,7934,11656,45399,36168,10389,5656,5643,4171,14397,3877,11529,4557,797,1310,4898,2750,26608,1164,4345,1147,683,3647,815,7397
1075,560,1075.0760092324288,99735,853,457,188,73,56163,29649,0.8604000601594225,538,254,29924,31417,10561,6155,7934,11642,45399,36168,10414,5690,5628,4161,14359,3884,11557,4574,796,1323,4921,2743,26557,1161,4337,1150,685,3660,824,7415
1076,560,1076.3096987526587,99734,862,435,189,73,56332,29709,0.8627047947540457,526,282,29856,31416,10649,6196,7916,11596,45399,36168,10438,5724,5610,4148,14300,3894,11607,4612,793,1340,4985,2736,26465,1153,4319,1152,685,3679,837,7419
1077,560,1077.1336710206588,99734,877,439,189,73,56437,29773,0.8643993021437022,529,268,29815,31419,10674,6230,7914,11569,45399,36168,10462,5758,5601,4135,14267,3908,11627,4637,793,1346,5032,2729,26387,1150,4309,1153,690,3689,847,7434
1078,560,1078.3715756922534,99732,905,428,190,74,56623,29842,0.8669734889503871,514,295,29742,31412,10755,6263,7892,11526,45399,36168,10485,5792,5576,4124,14213,3920,11678,4665,791,1370,5092,2724,26291,1144,4290,1156,692,3698,870,7438
1079,560,1079.1984138607363,99732,908,440,190,74,56720,29902,0.8685477078570569,515,289,29693,31392,10798,6295,7894,11508,45399,36168,10508,5825,5565,4117,14183,3923,11708,4692,791,1380,5122,2719,26223,1142,4272,1157,695,3705,879,7459
1080,560,1080.0265471546627,99731,888,451,191,74,56819,29970,0.8702309211779687,515,271,29660,31397,10866,6326,7878,11479,45399,36168,10531,5858,5546,4102,14145,3940,11736,4720,790,1393,5165,2712,26148,1137,4263,1160,692,3719,892,7471
1081,560,1081.2708752538217,99731,905,456,191,74,56988,30057,0.8727978261523498,505,270,29602,31390,10950,6364,7845,11444,45399,36168,10553,5891,5530,4084,14090,3959,11781,4758,788,1406,5222,2705,26061,1127,4252,1164,691,3726,907,7480
1082,560,1082.1015560088254,99731,911,448,191,74,57087,30112,0.8743419799260009,501,290,29572,31366,10989,6398,7834,11422,45399,36168,10575,5924,5517,4079,14057,3954,11815,4788,788,1419,5249,2697,26001,1123,4239,1165,693,3735,924,7488
1083,560,1083.3494170308156,99731,912,446,191,74,57243,30199,0.8767785342571517,506,290,29528,31347,11060,6451,7801,11390,45399,36168,10597,5956,5495,4062,14005,3972,11864,4828,785,1439,5304,2690,25909,1118,4223,1167,694,3738,942,7496
1084,560,1084.182238047423,99731,927,438,191,74,57340,30240,0.8781622564699041,515,309,29487,31327,11093,6473,7785,11377,45399,36168,10618,5988,5484,4056,13966,3972,11892,4851,784,1450,5335,2685,25851,1117,4213,1171,695,3750,953,7506
1085,560,1085.0159616307762,99731,907,440,191,74,57441,30294,0.8797164372161114,539,313,29419,31329,11163,6500,7779,11342,45399,36168,10639,6020,5476,4047,13927,3977,11918,4884,784,1455,5389,2682,25763,1114,4201,1173,695,3758,964,7524
1086,560,1086.2695791707145,99731,913,445,191,74,57616,30381,0.8823435040258295,533,311,29362,31316,11251,6547,7748,11305,45399,36168,10660,6051,5449,4032,13869,3989,11977,4920,783,1479,5434,2674,25678,1110,4184,1177,696,3765,983,7532
1087,560,1087.1067798520564,99731,918,458,191,74,57724,30445,0.8840681433054918,539,298,29321,31299,11288,6581,7741,11288,45399,36168,10680,6082,5434,4020,13837,3997,12000,4947,783,1491,5474,2665,25608,1110,4175,1178,700,3773,992,7547
1088,560,1088.3647400122145,99731,928,481,191,74,57898,30536,0.8867252910328784,541,275,29249,31303,11371,6609,7718,11256,45399,36168,10700,6113,5415,4009,13797,4001,12047,4984,778,1508,5533,2659,25516,1106,4159,1181,699,3775,1010,7554
1089,560,1089.2047947660815,99729,916,485,192,75,58004,30597,0.8884176117277823,558,291,29180,31298,11441,6627,7711,11222,45399,36168,10720,6144,5403,3995,13749,4012,12084,5016,776,1518,5573,2653,25453,1102,4146,1183,699,3787,1017,7563
1090,560,1090.046560714996,99728,918,474,193,75,58107,30649,0.8899807476335633,558,298,29137,31291,11494,6660,7698,11200,45399,36168,10739,6174,5393,3985,13702,4021,12105,5052,776,1526,5604,2649,25395,1097,4138,1184,700,3796,1036,7569
1091,560,1091.3116173770104,99728,918,492,193,75,58276,30746,0.8926480025669822,570,285,29079,31298,11574,6693,7664,11155,45399,36168,10758,6204,5372,3970,13654,4037,12130,5104,775,1547,5658,2646,25312,1089,4126,1181,702,3803,1063,7559
1092,560,1092.156363351106,99727,919,483,194,75,58377,30801,0.8942212239413599,589,287,29021,31280,11621,6735,7654,11138,45399,36168,10777,6234,5359,3961,13618,4044,12163,5134,774,1559,5692,2640,25245,1088,4110,1181,706,3807,1080,7566
1093,560,1093.002646636351,99727,969,476,194,75,58510,30843,0.8959760145196386,567,313,28973,31270,11648,6748,7647,11116,45399,36168,10795,6264,5353,3950,13592,4053,12180,5156,772,1565,5730,2633,25179,1087,4102,1182,709,3814,1098,7572
1094,560,1094.273987344002,99727,977,477,194,75,58688,30941,0.8987435699459525,562,313,28926,31261,11732,6801,7607,11071,45399,36168,10813,6293,5326,3931,13553,4079,12207,5206,769,1584,5782,2625,25094,1082,4083,1185,709,3828,1112,7572
