,indexID,time,N,Inf_L,Inf_H,Dead_L,Dead_H,cum_cases_L,cum_cases_H,cum_sum_per_N,Exposed_L,Exposed_H,Sus_L,Sus_H,Rec_nat_L,Rec_nat_H,Rec_vax_L,Rec_vax_H,vaccinatedH,vaccinatedL,boostedH,boostedL,count_Naive,count_Delta,count_Delta_vaccine,count_two,count_three,count_four,count_Omicron,count_Omicron_star,count_Omicron_star_vaccine,count_Omicron_vaccine,count_Vaccine,count_WT,count_WT_vaccine,count_WT_vaccine_boost,count_Omicron_vaccine_boost,count_Delta_vaccine_boost,count_Omicron_star_vaccine_boost,count_Vaccine_boost
0,5848,1.151639826570038,99998,7,4,0,0,8,4,0.00012000240004800096,17,23,49974,49972,1,0,0,0,0,0,0,0,99997,0,0,0,0,0,0,0,0,0,0,1,0,0,0,0,0,0
1,5848,2.085360473133458,99998,11,8,0,0,12,9,0.00021000420008400168,14,18,49973,49972,1,1,0,0,0,0,0,0,99996,0,0,0,0,0,0,0,0,0,0,2,0,0,0,0,0,0
2,5848,3.0026855981951566,99998,15,11,0,0,17,13,0.0003000060001200024,10,14,49972,49972,2,2,0,0,0,0,0,0,99994,0,0,0,0,0,0,0,0,0,0,4,0,0,0,0,0,0
3,5848,4.011233978326298,99998,13,16,0,0,18,20,0.00038000760015200304,13,7,49969,49973,4,3,0,0,0,0,0,0,99989,0,0,0,0,0,0,0,0,0,0,9,0,0,0,0,0,0
4,5848,5.025849861401549,99998,11,11,0,0,21,21,0.00042000840016800337,11,7,49968,49972,9,9,0,0,0,0,0,0,99978,0,0,0,0,0,0,0,0,0,0,20,0,0,0,0,0,0
5,5848,6.00390411345946,99998,12,13,0,0,25,25,0.000500010000200004,8,8,49967,49967,12,11,0,0,0,0,0,0,99973,0,0,0,0,0,0,0,0,0,0,25,0,0,0,0,0,0
6,5848,7.0240581343417885,99998,10,13,0,0,25,28,0.0005300106002120043,10,6,49965,49966,14,14,0,0,0,0,0,0,99968,0,0,0,0,0,0,0,0,0,0,30,0,0,0,0,0,0
7,5848,8.01850191330418,99998,12,13,0,0,28,31,0.0005900118002360047,11,3,49961,49966,15,17,0,0,0,0,0,0,99964,0,0,0,0,0,0,0,0,0,0,34,0,0,0,0,0,0
8,5848,9.055862780436872,99998,12,9,0,0,30,31,0.0006100122002440049,9,5,49961,49964,17,21,0,0,0,0,0,0,99958,0,0,0,0,0,0,0,0,0,0,40,0,0,0,0,0,0
9,5848,10.27760870092253,99998,8,7,0,0,30,31,0.0006100122002440049,11,7,49960,49962,20,23,0,0,0,0,0,0,99952,0,0,0,0,0,0,0,0,0,0,46,0,0,0,0,0,0
10,5848,11.065751486216435,99998,9,7,0,0,32,31,0.000630012600252005,9,7,49960,49962,21,23,0,0,0,0,0,0,99951,0,0,0,0,0,0,0,0,0,0,47,0,0,0,0,0,0
11,5848,12.130148410445274,99998,12,6,0,0,35,32,0.0006700134002680054,7,7,49959,49961,21,25,0,0,0,0,0,0,99949,0,0,0,0,0,0,0,0,0,0,49,0,0,0,0,0,0
12,5848,13.084281666578743,99998,15,5,0,0,39,33,0.0007200144002880058,7,10,49955,49957,22,27,0,0,0,0,0,0,99946,0,0,0,0,0,0,0,0,0,0,52,0,0,0,0,0,0
13,5848,14.229214987691535,99998,17,9,0,0,42,37,0.0007900158003160063,6,9,49953,49954,23,27,0,0,0,0,0,0,99945,0,0,0,0,0,0,0,0,0,0,53,0,0,0,0,0,0
14,5848,15.014863257779854,99998,18,11,0,0,44,39,0.0008300166003320066,8,8,49949,49953,24,27,0,0,0,0,0,0,99944,0,0,0,0,0,0,0,0,0,0,54,0,0,0,0,0,0
15,5848,16.040742623204423,99998,21,15,0,0,49,44,0.0009300186003720074,5,4,49947,49952,26,28,0,0,0,0,0,0,99941,0,0,0,0,0,0,0,0,0,0,57,0,0,0,0,0,0
16,5848,17.103702876883755,99998,19,12,0,0,49,44,0.0009300186003720074,9,6,49943,49950,28,31,0,0,0,0,0,0,99936,0,0,0,0,0,0,0,0,0,0,62,0,0,0,0,0,0
17,5848,18.30525523943972,99998,20,11,0,0,51,44,0.0009500190003800076,8,9,49942,49947,29,32,0,0,0,0,0,0,99934,0,0,0,0,0,0,0,0,0,0,64,0,0,0,0,0,0
18,5848,19.011789058638122,99998,16,12,0,0,54,47,0.001010020200404008,8,7,49939,49946,36,34,0,0,0,0,0,0,99925,0,0,0,0,0,0,0,0,0,0,73,0,0,0,0,0,0
19,5848,20.22636163769836,99998,14,11,0,0,55,49,0.0010400208004160082,11,7,49935,49944,39,37,0,0,0,0,0,0,99919,0,0,0,0,0,0,0,0,0,0,79,0,0,0,0,0,0
20,5848,21.108580608209973,99998,15,12,0,0,57,50,0.0010700214004280085,10,7,49934,49943,40,37,0,0,0,0,0,0,99918,0,0,0,0,0,0,0,0,0,0,80,0,0,0,0,0,0
21,5848,22.06177947402108,99998,18,13,0,0,61,52,0.0011300226004520091,9,7,49931,49942,41,37,0,0,0,0,0,0,99916,0,0,0,0,0,0,0,0,0,0,82,0,0,0,0,0,0
22,5848,23.126969667325582,99998,23,11,0,0,66,54,0.0012000240004800095,8,5,49927,49942,41,41,0,0,0,0,0,0,99912,0,0,0,0,0,0,0,0,0,0,86,0,0,0,0,0,0
23,5848,24.13104242699059,99998,20,10,0,0,69,55,0.00124002480049601,7,6,49925,49941,47,42,0,0,0,0,0,0,99904,0,0,0,0,0,0,0,0,0,0,94,0,0,0,0,0,0
24,5848,25.11433929500481,99998,19,10,0,0,71,55,0.00126002520050401,7,9,49923,49938,50,42,0,0,0,0,0,0,99901,0,0,0,0,0,0,0,0,0,0,97,0,0,0,0,0,0
25,5848,26.31280748613599,99998,19,11,0,0,74,57,0.0013100262005240105,8,12,49920,49933,52,43,0,0,0,0,0,0,99897,0,0,0,0,0,0,0,0,0,0,101,0,0,0,0,0,0
26,5848,27.029191683813924,99998,18,8,0,0,74,57,0.0013100262005240105,9,16,49919,49929,53,46,0,0,0,0,0,0,99893,0,0,0,0,0,0,0,0,0,0,105,0,0,0,0,0,0
27,5848,28.02327285112823,99998,18,8,0,0,76,60,0.0013600272005440108,9,13,49917,49929,55,49,0,0,0,0,0,0,99888,0,0,0,0,0,0,0,0,0,0,110,0,0,0,0,0,0
28,5848,29.048366116566577,99998,18,9,0,0,79,64,0.0014300286005720115,9,10,49914,49928,58,52,0,0,0,0,0,0,99882,0,0,0,0,0,0,0,0,0,0,116,0,0,0,0,0,0
29,5848,30.258938910459037,99998,19,13,0,0,82,69,0.001510030200604012,9,7,49912,49926,59,53,0,0,0,0,0,0,99879,0,0,0,0,0,0,0,0,0,0,119,0,0,0,0,0,0
30,5848,31.230016860833786,99998,21,12,0,0,84,70,0.0015400308006160122,10,7,49909,49925,59,55,0,0,0,0,0,0,99877,0,0,0,0,0,0,0,0,0,0,121,0,0,0,0,0,0
31,5848,32.084853684161565,99998,19,11,0,0,87,70,0.0015700314006280125,10,9,49906,49923,64,56,0,0,0,0,0,0,99871,0,0,0,0,0,0,0,0,0,0,127,0,0,0,0,0,0
32,5848,33.221582869945735,99998,19,11,0,0,88,71,0.0015900318006360128,12,8,49903,49923,65,57,0,0,0,0,0,0,99869,0,0,0,0,0,0,0,0,0,0,129,0,0,0,0,0,0
33,5848,34.121125831247596,99998,16,11,0,0,90,72,0.001620032400648013,12,9,49901,49922,70,57,0,0,0,0,0,0,99863,0,0,0,0,0,0,0,0,0,0,135,0,0,0,0,0,0
34,5848,35.01187667526629,99998,17,11,0,0,93,74,0.0016700334006680133,10,7,49900,49922,72,59,0,0,0,0,0,0,99859,0,0,0,0,0,0,0,0,0,0,139,0,0,0,0,0,0
35,5848,36.03156474559367,99998,21,9,0,0,98,74,0.0017200344006880139,9,7,49896,49922,73,61,0,0,0,0,0,0,99856,0,0,0,0,0,0,0,0,0,0,142,0,0,0,0,0,0
36,5848,37.063082495657405,99998,25,10,0,0,105,77,0.0018200364007280145,5,5,49894,49922,75,62,0,0,0,0,0,0,99851,0,0,0,0,0,0,0,0,0,0,147,0,0,0,0,0,0
37,5848,38.11348586167304,99998,25,10,0,0,107,79,0.0018600372007440149,6,7,49891,49918,77,64,0,0,0,0,0,0,99847,0,0,0,0,0,0,0,0,0,0,151,0,0,0,0,0,0
38,5848,39.1057915478006,99998,22,13,0,0,110,82,0.0019200384007680153,6,6,49889,49916,82,64,0,0,0,0,0,0,99841,0,0,0,0,0,0,0,0,0,0,157,0,0,0,0,0,0
39,5848,40.177760686921744,99998,24,12,0,0,113,84,0.001970039400788016,10,7,49882,49913,83,67,0,0,0,0,0,0,99837,0,0,0,0,0,0,0,0,0,0,161,0,0,0,0,0,0
40,5848,41.16924954115912,99998,24,10,0,0,114,85,0.0019900398007960157,13,6,49880,49913,82,70,0,0,0,0,0,0,99833,0,0,0,0,0,0,0,0,0,0,165,0,0,0,0,0,0
41,5848,42.18099666469367,99998,24,11,0,0,117,88,0.002050041000820016,17,7,49873,49909,85,72,0,0,0,0,0,0,99828,0,0,0,0,0,0,0,0,0,0,170,0,0,0,0,0,0
42,5848,43.12925296508896,99998,25,12,0,0,122,90,0.002120042400848017,19,5,49866,49909,89,73,0,0,0,0,0,0,99823,0,0,0,0,0,0,0,0,0,0,175,0,0,0,0,0,0
43,5848,44.16265719733845,99998,25,12,0,0,125,91,0.002160043200864017,18,6,49864,49907,92,74,0,0,0,0,0,0,99819,0,0,0,0,0,0,0,0,0,0,179,0,0,0,0,0,0
44,5848,45.070252237561704,99998,23,12,0,0,128,91,0.0021900438008760174,19,9,49861,49905,96,73,0,0,0,0,0,0,99814,0,0,0,0,0,0,0,0,0,0,184,0,0,0,0,0,0
45,5848,46.00777362226552,99998,27,13,0,0,133,94,0.002270045400908018,22,10,49853,49901,97,75,0,0,0,0,0,0,99811,0,0,0,0,0,0,0,0,0,0,187,0,0,0,0,0,0
46,5848,47.03680696939557,99998,32,16,0,0,141,97,0.002380047600952019,18,9,49849,49899,100,75,0,0,0,0,0,0,99808,0,0,0,0,0,0,0,0,0,0,190,0,0,0,0,0,0
47,5848,48.28565519710353,99998,31,17,0,0,148,100,0.00248004960099202,22,10,49838,49895,108,77,0,0,0,0,0,0,99798,0,0,0,0,0,0,0,0,0,0,200,0,0,0,0,0,0
48,5848,49.133875704492105,99998,32,18,0,0,151,101,0.00252005040100802,23,10,49834,49894,110,77,0,0,0,0,0,0,99796,0,0,0,0,0,0,0,0,0,0,202,0,0,0,0,0,0
49,5848,50.00303146743171,99998,32,17,0,0,153,102,0.0025500510010200202,23,11,49832,49892,112,79,0,0,0,0,0,0,99792,0,0,0,0,0,0,0,0,0,0,206,0,0,0,0,0,0
50,5848,51.09345743157742,99998,34,18,0,0,159,107,0.0026600532010640212,19,11,49830,49887,116,83,0,0,0,0,0,0,99784,0,0,0,0,0,0,0,0,0,0,214,0,0,0,0,0,0
51,5848,52.16861857618518,99998,29,18,0,0,164,110,0.002740054801096022,19,10,49825,49885,126,86,0,0,0,0,0,0,99771,0,0,0,0,0,0,0,0,0,0,227,0,0,0,0,0,0
52,5848,53.00778602072512,99998,32,17,0,0,172,114,0.002860057201144023,16,11,49820,49880,131,91,0,0,0,0,0,0,99761,0,0,0,0,0,0,0,0,0,0,237,0,0,0,0,0,0
53,5848,54.09020507543495,99998,31,15,0,0,177,117,0.0029400588011760237,16,9,49815,49879,137,96,0,0,0,0,0,0,99750,0,0,0,0,0,0,0,0,0,0,248,0,0,0,0,0,0
54,5848,55.08936372424749,99998,28,18,0,0,181,121,0.003020060401208024,19,8,49809,49876,143,97,0,0,0,0,0,0,99742,0,0,0,0,0,0,0,0,0,0,256,0,0,0,0,0,0
55,5848,56.01829896215616,99998,27,17,0,0,183,123,0.0030600612012240246,20,7,49806,49875,146,100,0,0,0,0,0,0,99736,0,0,0,0,0,0,0,0,0,0,262,0,0,0,0,0,0
56,5848,57.02394664511733,99998,30,18,0,0,187,126,0.003130062601252025,18,6,49805,49873,146,102,0,0,0,0,0,0,99733,0,0,0,0,0,0,0,0,0,0,265,0,0,0,0,0,0
57,5848,58.05956080494576,99998,30,15,0,0,194,127,0.003210064201284026,17,7,49801,49871,151,106,0,0,0,0,0,0,99722,0,0,0,0,0,0,0,0,0,0,276,0,0,0,0,0,0
58,5848,59.047736220006456,99998,31,16,0,0,199,131,0.0033000660013200265,15,5,49799,49869,154,109,0,0,0,0,0,0,99715,0,0,0,0,0,0,0,0,0,0,283,0,0,0,0,0,0
59,5848,60.06633154771453,99998,31,16,0,0,203,134,0.003370067401348027,13,5,49797,49866,158,112,0,0,0,0,0,0,99708,0,0,0,0,0,0,0,0,0,0,290,0,0,0,0,0,0
60,5848,61.292068617033486,99998,28,16,0,0,207,135,0.0034200684013680274,14,6,49793,49864,164,113,0,0,0,0,0,0,99700,0,0,0,0,0,0,0,0,0,0,298,0,0,0,0,0,0
61,5848,62.33175492930255,99998,24,15,0,0,209,135,0.0034400688013760277,14,7,49793,49863,168,114,0,0,0,0,0,0,99693,0,0,0,0,0,0,0,0,0,0,305,0,0,0,0,0,0
62,5848,63.01320127731348,99998,25,16,0,0,213,138,0.003510070201404028,17,4,49786,49863,171,116,0,0,0,0,0,0,99688,0,0,0,0,0,0,0,0,0,0,310,0,0,0,0,0,0
63,5848,64.1916213819797,99998,20,15,0,0,218,138,0.0035600712014240287,16,8,49785,49860,178,116,0,0,0,0,0,0,99677,0,0,0,0,0,0,0,0,0,0,321,0,0,0,0,0,0
64,5848,65.193250291625,99998,20,16,0,0,220,140,0.003600072001440029,15,9,49784,49857,180,117,0,0,0,0,0,0,99674,0,0,0,0,0,0,0,0,0,0,324,0,0,0,0,0,0
65,5848,66.03982356508689,99998,20,14,0,0,223,141,0.003640072801456029,13,10,49784,49855,182,120,0,0,0,0,0,0,99668,0,0,0,0,0,0,0,0,0,0,330,0,0,0,0,0,0
66,5848,67.0854575732306,99998,22,14,0,0,226,145,0.00371007420148403,16,8,49779,49854,182,123,0,0,0,0,0,0,99663,0,0,0,0,0,0,0,0,0,0,335,0,0,0,0,0,0
67,5848,68.0720307305065,99998,23,14,0,0,229,146,0.00375007500150003,16,9,49776,49853,184,123,0,0,0,0,0,0,99660,0,0,0,0,0,0,0,0,0,0,338,0,0,0,0,0,0
68,5848,69.05336476545466,99998,22,18,0,0,231,151,0.0038200764015280304,17,5,49773,49855,187,121,0,0,0,0,0,0,99656,0,0,0,0,0,0,0,0,0,0,342,0,0,0,0,0,0
69,5848,70.23989902363901,99998,24,16,0,0,237,151,0.003880077601552031,18,9,49767,49852,190,122,0,0,0,0,0,0,99650,0,0,0,0,0,0,0,0,0,0,348,0,0,0,0,0,0
70,5848,71.04695023879717,99998,23,16,0,0,239,152,0.003910078201564031,19,8,49765,49852,192,123,0,0,0,0,0,0,99646,0,0,0,0,0,0,0,0,0,0,352,0,0,0,0,0,0
71,5848,72.01917354571096,99998,28,16,0,0,245,155,0.004000080001600032,19,7,49760,49851,192,125,0,0,0,0,0,0,99642,0,0,0,0,0,0,0,0,0,0,356,0,0,0,0,0,0
72,5848,73.09295202306183,99998,27,17,0,0,252,157,0.0040900818016360325,17,8,49756,49848,199,126,0,0,0,0,0,0,99633,0,0,0,0,0,0,0,0,0,0,365,0,0,0,0,0,0
73,5848,74.20612634060741,99998,30,15,0,0,259,158,0.004170083401668034,20,11,49746,49845,203,128,0,0,0,0,0,0,99626,0,0,0,0,0,0,0,0,0,0,372,0,0,0,0,0,0
74,5848,75.16563828222736,99998,33,15,0,0,264,162,0.004260085201704034,22,10,49739,49842,205,132,0,0,0,0,0,0,99620,0,0,0,0,0,0,0,0,0,0,378,0,0,0,0,0,0
75,5848,76.04316321742368,99998,36,13,0,0,272,166,0.004380087601752035,20,9,49733,49839,210,138,0,0,0,0,0,0,99609,0,0,0,0,0,0,0,0,0,0,389,0,0,0,0,0,0
76,5848,77.27996563298916,99998,39,13,0,0,283,167,0.004500090001800036,18,9,49725,49839,217,138,0,0,0,0,0,0,99600,0,0,0,0,0,0,0,0,0,0,398,0,0,0,0,0,0
77,5848,78.05709518401397,99998,42,13,0,0,288,168,0.004560091201824036,21,10,49717,49837,219,139,0,0,0,0,0,0,99597,0,0,0,0,0,0,0,0,0,0,401,0,0,0,0,0,0
78,5848,79.00011954794368,99998,48,13,0,0,298,170,0.004680093601872037,17,10,49713,49835,221,141,0,0,0,0,0,0,99591,0,0,0,0,0,0,0,0,0,0,407,0,0,0,0,0,0
79,5848,80.0132167280283,99998,50,18,0,0,302,175,0.004770095401908038,19,8,49707,49832,223,141,0,0,0,0,0,0,99589,0,0,0,0,0,0,0,0,0,0,409,0,0,0,0,0,0
80,5848,81.03594586228411,99998,50,21,0,0,307,180,0.0048700974019480385,24,7,49700,49828,225,143,0,0,0,0,0,0,99582,0,0,0,0,0,0,0,0,0,0,416,0,0,0,0,0,0
81,5848,82.2316891723469,99998,52,17,0,0,317,181,0.0049800996019920395,26,11,49689,49823,232,148,0,0,0,0,0,0,99569,0,0,0,0,0,0,0,0,0,0,429,0,0,0,0,0,0
82,5848,83.32990052786135,99998,59,15,0,0,328,181,0.0050901018020360405,22,15,49682,49819,236,150,0,0,0,0,0,0,99563,0,0,0,0,0,0,0,0,0,0,435,0,0,0,0,0,0
83,5848,84.03008600729817,99998,63,17,0,0,334,183,0.005170103402068042,19,16,49679,49817,238,149,0,0,0,0,0,0,99561,0,0,0,0,0,0,0,0,0,0,437,0,0,0,0,0,0
84,5848,85.03351036093204,99998,59,24,0,0,342,190,0.0053201064021280425,30,19,49661,49807,249,149,0,0,0,0,0,0,99549,0,0,0,0,0,0,0,0,0,0,449,0,0,0,0,0,0
85,5848,86.05575452195339,99997,63,22,0,1,348,194,0.005420162604878147,30,19,49655,49803,251,154,0,0,0,0,0,0,99541,0,0,0,0,0,0,0,0,0,0,456,0,0,0,0,0,0
86,5848,87.0232085929681,99997,60,25,0,1,355,202,0.00557016710501315,32,14,49647,49800,260,159,0,0,0,0,0,0,99526,0,0,0,0,0,0,0,0,0,0,471,0,0,0,0,0,0
87,5848,88.18859375715438,99997,57,27,0,1,364,208,0.005720171605148154,39,11,49632,49797,271,163,0,0,0,0,0,0,99510,0,0,0,0,0,0,0,0,0,0,487,0,0,0,0,0,0
88,5848,89.03057745395303,99997,59,24,0,1,373,210,0.005830174905247157,34,15,49630,49792,276,167,0,0,0,0,0,0,99498,0,0,0,0,0,0,0,0,0,0,499,0,0,0,0,0,0
89,5848,90.27496066438187,99997,69,24,0,1,387,215,0.006020180605418163,25,14,49625,49788,280,172,0,0,0,0,0,0,99489,0,0,0,0,0,0,0,0,0,0,508,0,0,0,0,0,0
90,5848,91.10792326148626,99997,64,24,0,1,392,219,0.006110183305499165,28,15,49617,49783,290,176,0,0,0,0,0,0,99475,0,0,0,0,0,0,0,0,0,0,522,0,0,0,0,0,0
91,5848,92.22744053311483,99997,60,22,0,1,400,221,0.006210186305589168,34,18,49603,49778,302,180,0,0,0,0,0,0,99459,0,0,0,0,0,0,0,0,0,0,538,0,0,0,0,0,0
92,5848,93.07830890517124,99997,58,18,0,1,405,222,0.006270188105643169,37,19,49596,49776,308,185,0,0,0,0,0,0,99447,0,0,0,0,0,0,0,0,0,0,550,0,0,0,0,0,0
93,5848,94.00644424589723,99997,68,24,0,1,416,229,0.0064501935058051746,31,18,49593,49771,307,185,0,0,0,0,0,0,99445,0,0,0,0,0,0,0,0,0,0,552,0,0,0,0,0,0
94,5848,95.07632617143975,99997,68,26,0,1,424,234,0.006580197405922177,33,17,49583,49768,315,187,0,0,0,0,0,0,99434,0,0,0,0,0,0,0,0,0,0,563,0,0,0,0,0,0
95,5848,96.03093733273435,99997,69,27,0,1,430,237,0.0066702001060031805,35,16,49576,49767,319,188,0,0,0,0,0,0,99427,0,0,0,0,0,0,0,0,0,0,570,0,0,0,0,0,0
96,5848,97.09404088667188,99997,69,28,0,1,437,243,0.006800204006120184,33,14,49571,49763,326,193,0,0,0,0,0,0,99415,0,0,0,0,0,0,0,0,0,0,582,0,0,0,0,0,0
97,5848,98.08569076114547,99996,69,24,1,1,450,246,0.0069602784111364455,29,16,49563,49758,337,200,0,0,0,0,0,0,99395,0,0,0,0,0,0,0,0,0,0,601,0,0,0,0,0,0
98,5848,99.13669410509306,99996,66,24,1,1,455,248,0.00703028121124845,31,18,49557,49754,344,202,0,0,0,0,0,0,99385,0,0,0,0,0,0,0,0,0,0,611,0,0,0,0,0,0
99,5848,100.16353968190468,99996,65,23,1,1,467,251,0.007180287211488459,36,22,49543,49749,354,204,0,0,0,0,0,0,99368,0,0,0,0,0,0,0,0,0,0,628,0,0,0,0,0,0
100,5848,101.1880942589519,99996,62,21,1,1,475,255,0.007300292011680467,34,28,49538,49739,364,210,0,0,0,0,0,0,99351,0,0,0,0,0,0,0,0,0,0,645,0,0,0,0,0,0
101,5848,102.2127873049133,99996,53,22,1,1,480,258,0.007380295211808472,36,28,49531,49736,378,212,0,0,0,0,0,0,99335,0,0,0,0,0,0,0,0,0,0,661,0,0,0,0,0,0
102,5848,103.23764500285657,99996,64,29,1,1,498,265,0.007630305212208488,25,27,49528,49731,381,211,0,0,0,0,0,0,99328,0,0,0,0,0,0,0,0,0,0,668,0,0,0,0,0,0
103,5848,104.26259713701013,99996,64,34,1,1,504,272,0.007760310412416497,30,22,49517,49730,387,212,0,0,0,0,0,0,99321,0,0,1,0,0,0,0,0,0,0,674,0,0,0,0,0,0
104,5848,105.28767872945764,99996,60,33,1,1,514,274,0.007880315212608504,29,23,49512,49728,397,214,0,0,0,0,0,0,99304,0,0,1,0,0,0,0,0,0,0,691,0,0,0,0,0,0
105,5848,106.31294275141049,99996,57,31,1,1,523,279,0.008020320812832514,32,22,49503,49725,406,220,0,0,0,0,0,0,99285,0,0,1,0,0,0,0,0,0,0,710,0,0,0,0,0,0
106,5848,107.33838584526919,99996,64,32,1,1,538,283,0.008210328413136526,25,22,49496,49722,413,222,0,0,0,0,0,0,99274,0,0,1,0,0,0,0,0,0,0,721,0,0,0,0,0,0
107,5848,108.02208657737054,99996,62,28,1,1,541,284,0.008250330013200528,27,26,49493,49717,416,227,0,0,0,0,0,0,99264,0,0,1,0,0,0,0,0,0,0,731,0,0,0,0,0,0
108,5848,109.04774809712615,99996,63,30,1,1,549,290,0.008390335613424537,28,25,49484,49712,423,231,0,0,0,0,0,0,99253,0,0,1,0,0,0,0,0,0,0,742,0,0,0,0,0,0
109,5848,110.07357137250577,99996,68,33,1,1,561,298,0.00859034361374455,31,20,49471,49710,428,235,0,0,0,0,0,0,99241,0,0,1,0,0,0,0,0,0,0,754,0,0,0,0,0,0
110,5848,111.25866534262428,99996,72,34,1,1,574,305,0.008790351614064563,30,21,49461,49702,435,241,0,0,0,0,0,0,99226,0,0,1,0,0,0,0,0,0,0,769,0,0,0,0,0,0
111,5848,112.28482414736989,99996,68,33,1,1,578,308,0.008860354414176567,36,20,49453,49700,441,245,0,0,0,0,0,0,99214,0,0,1,0,0,0,0,0,0,0,781,0,0,0,0,0,0
112,5848,113.33229982259786,99995,62,35,2,1,586,314,0.009000450022501124,41,23,49444,49693,450,247,0,0,0,0,0,0,99196,0,0,1,0,0,0,0,0,0,0,798,0,0,0,0,0,0
113,5848,114.01660293576765,99995,54,37,2,1,587,320,0.009070453522676134,45,23,49439,49688,459,250,0,0,0,0,0,0,99183,0,0,1,0,0,0,0,0,0,0,811,0,0,0,0,0,0
114,5848,115.04323968198497,99995,55,33,2,1,595,321,0.009160458022901144,48,30,49429,49682,465,253,0,0,0,0,0,0,99171,0,0,1,0,0,0,0,0,0,0,823,0,0,0,0,0,0
115,5848,116.07002669665262,99994,60,40,3,1,607,332,0.009390563433806029,47,24,49419,49678,470,256,0,0,0,0,0,0,99160,0,0,1,0,0,0,0,0,0,0,833,0,0,0,0,0,0
116,5848,117.09694049769826,99994,68,40,3,1,624,336,0.009600576034562073,41,25,49410,49674,477,259,0,0,0,0,0,0,99147,0,0,1,0,0,0,0,0,0,0,846,0,0,0,0,0,0
117,5848,118.1240160920481,99994,69,41,3,1,632,345,0.00977058623517411,49,21,49395,49672,483,264,0,0,0,0,0,0,99132,0,0,1,0,0,0,0,0,0,0,861,0,0,0,0,0,0
118,5848,119.1513023775707,99994,72,36,3,1,645,352,0.009970598235894154,45,22,49388,49665,491,275,0,0,0,0,0,0,99110,0,0,1,0,0,0,0,0,0,0,883,0,0,0,0,0,0
119,5848,120.17879539854626,99993,76,38,4,1,656,357,0.010130709149640475,48,24,49376,49658,495,278,0,0,0,0,0,0,99100,0,0,1,0,0,0,0,0,0,0,892,0,0,0,0,0,0
120,5848,121.20645659120183,99992,79,41,5,1,671,364,0.0103508280662453,47,23,49363,49655,505,279,0,0,0,0,0,0,99084,0,0,1,0,0,0,0,0,0,0,907,0,0,0,0,0,0
121,5848,122.2343157097673,99992,83,38,5,1,685,370,0.010550844067525402,46,23,49351,49650,514,287,0,0,0,0,0,0,99065,0,0,1,0,0,0,0,0,0,0,926,0,0,0,0,0,0
122,5848,123.2623983951085,99992,78,40,5,1,693,377,0.01070085606848548,42,19,49348,49647,526,292,0,0,0,0,0,0,99047,0,0,1,0,0,0,0,0,0,0,944,0,0,0,0,0,0
123,5848,124.01187121934139,99992,75,41,5,1,697,383,0.01080086406912553,44,15,49344,49645,531,297,0,0,0,0,0,0,99036,0,0,2,0,0,0,0,0,0,0,954,0,0,0,0,0,0
124,5848,125.12132602416513,99992,81,34,5,1,717,388,0.011050884070725658,40,20,49330,49637,543,307,0,0,0,0,0,0,99011,0,0,3,0,0,0,0,0,0,0,978,0,0,0,0,0,0
125,5848,126.11550107141636,99992,78,39,5,1,728,395,0.01123089847187775,40,19,49322,49631,554,309,0,0,0,0,0,0,98995,0,0,3,0,0,0,0,0,0,0,994,0,0,0,0,0,0
126,5848,127.34223269969587,99991,74,41,6,1,741,402,0.011431028792591334,51,21,49299,49622,569,314,0,0,0,0,0,0,98973,0,0,3,0,0,0,0,0,0,0,1015,0,0,0,0,0,0
127,5848,128.0283348618766,99989,74,41,8,1,750,405,0.011551270639770374,50,23,49291,49617,576,317,0,0,0,0,0,0,98961,0,0,3,0,0,0,0,0,0,0,1025,0,0,0,0,0,0
128,5848,129.057684639061,99989,80,41,8,1,763,411,0.011741291542069628,55,28,49274,49608,582,321,0,0,0,0,0,0,98949,0,0,4,0,0,0,0,0,0,0,1036,0,0,0,0,0,0
129,5848,130.08723387996147,99989,84,41,8,1,779,420,0.011991319045094961,53,26,49262,49603,592,328,0,0,0,0,0,0,98928,0,0,4,0,0,0,0,0,0,0,1057,0,0,0,0,0,0
130,5848,131.1170283053062,99989,87,44,8,1,799,425,0.012241346548120292,46,25,49252,49599,606,330,0,0,0,0,0,0,98909,0,0,4,0,0,0,0,0,0,0,1076,0,0,0,0,0,0
131,5848,132.14705288623108,99989,96,50,8,1,816,437,0.012531378451629679,51,20,49233,49594,611,334,0,0,0,0,0,0,98895,0,0,4,0,0,0,0,0,0,0,1090,0,0,0,0,0,0
132,5848,133.04248736461278,99989,95,52,8,1,823,443,0.012661392753202853,56,22,49222,49586,618,338,0,0,0,0,0,0,98883,0,0,4,0,0,0,0,0,0,0,1102,0,0,0,0,0,0
133,5848,134.08518662417842,99989,94,53,8,1,838,449,0.012871415855744132,51,20,49216,49584,630,341,0,0,0,0,0,0,98862,0,0,4,0,0,0,0,0,0,0,1123,0,0,0,0,0,0
134,5848,135.14917625117693,99989,101,49,8,1,858,455,0.013131444458890478,45,22,49207,49576,638,351,0,0,0,0,0,0,98839,0,0,4,0,0,0,0,0,0,0,1146,0,0,0,0,0,0
135,5848,136.1800190877002,99989,99,52,8,1,868,460,0.013281460960705678,49,22,49194,49572,649,352,0,0,0,0,0,0,98825,0,0,4,0,0,0,0,0,0,0,1160,0,0,0,0,0,0
136,5848,137.21110079475898,99989,97,55,8,1,881,469,0.01350148516336797,59,20,49173,49566,662,357,0,0,0,0,0,0,98804,0,0,4,0,0,0,0,0,0,0,1181,0,0,0,0,0,0
137,5848,138.11473541324403,99989,101,46,8,1,898,472,0.013701507165788237,53,24,49164,49559,673,369,0,0,0,0,0,0,98779,0,0,4,0,0,0,0,0,0,0,1206,0,0,0,0,0,0
138,5848,139.14633806841988,99989,97,51,8,1,913,483,0.013961535768934583,53,27,49153,49546,688,374,0,0,0,0,0,0,98755,0,0,5,0,0,0,0,0,0,0,1229,0,0,0,0,0,0
139,5848,140.17822489782432,99989,100,50,8,1,930,490,0.014201562171838902,48,29,49143,49539,700,380,0,0,0,0,0,0,98733,0,0,5,0,0,0,0,0,0,0,1251,0,0,0,0,0,0
140,5848,141.2103161286377,99989,106,52,8,1,945,497,0.014421586374501196,40,27,49138,49536,707,383,0,0,0,0,0,0,98719,0,0,5,0,0,0,0,0,0,0,1265,0,0,0,0,0,0
141,5848,142.24255308808736,99989,99,49,8,1,955,504,0.014591605076558422,41,30,49130,49527,721,392,0,0,0,0,0,0,98693,0,0,6,0,0,0,0,0,0,0,1290,0,0,0,0,0,0
142,5848,143.27501471214197,99989,100,48,8,1,964,508,0.014721619378131594,50,35,49114,49521,727,394,0,0,0,0,0,0,98681,0,0,7,0,0,0,0,0,0,0,1301,0,0,0,0,0,0
143,5848,144.30771142000717,99989,102,44,8,1,978,518,0.014961645781035914,53,31,49097,49516,739,407,0,0,0,0,0,0,98655,0,0,7,0,0,0,0,0,0,0,1327,0,0,0,0,0,0
144,5848,145.34071855326565,99989,104,44,8,1,998,522,0.015201672183940234,50,38,49081,49506,756,410,0,0,0,0,0,0,98633,0,0,7,0,0,0,0,0,0,0,1349,0,0,0,0,0,0
145,5848,146.02957135693063,99989,115,50,8,1,1015,530,0.015451699686965567,44,36,49073,49501,759,411,0,0,0,0,0,0,98625,0,0,7,0,0,0,0,0,0,0,1357,0,0,0,0,0,0
146,5848,147.06304492466222,99989,101,51,8,1,1025,538,0.015631719489143804,51,35,49059,49496,780,416,0,0,0,0,0,0,98594,0,0,7,0,0,0,0,0,0,0,1388,0,0,0,0,0,0
147,5848,148.09687373044613,99989,98,51,8,1,1038,547,0.0158517436918061,51,31,49048,49494,794,422,0,0,0,0,0,0,98570,0,0,8,0,0,0,0,0,0,0,1411,0,0,0,0,0,0
148,5848,149.1309668099577,99989,97,49,8,1,1052,556,0.016081768994589404,55,28,49032,49490,807,431,0,0,0,0,0,0,98544,0,0,8,0,0,0,0,0,0,0,1437,0,0,0,0,0,0
149,5848,150.16537699326247,99989,104,53,8,1,1070,568,0.016381801998219803,58,22,49013,49485,816,438,0,0,0,0,0,0,98525,0,0,8,0,0,0,0,0,0,0,1456,0,0,0,0,0,0
150,5848,151.20005734783774,99989,108,52,8,1,1085,573,0.01658182400064007,57,31,49004,49473,822,442,0,0,0,0,0,0,98508,0,0,8,0,0,0,0,0,0,0,1473,0,0,0,0,0,0
151,5848,152.23488984180392,99989,108,53,8,1,1102,580,0.016821850403544388,58,30,48987,49470,838,445,0,0,0,0,0,0,98485,0,0,8,0,0,0,0,0,0,0,1496,0,0,0,0,0,0
152,5848,153.2700567118303,99989,110,54,8,1,1117,586,0.01703187350608567,55,29,48979,49467,847,448,0,0,0,0,0,0,98467,0,0,8,0,0,0,0,0,0,0,1514,0,0,0,0,0,0
153,5848,154.3054385563394,99988,104,52,8,2,1127,590,0.017172060647277672,60,31,48971,49461,856,453,0,0,0,0,0,0,98445,0,0,8,0,0,0,0,0,0,0,1535,0,0,0,0,0,0
154,5848,155.3410134969636,99988,109,50,8,2,1150,595,0.017452094251310158,50,34,48964,49458,868,455,0,0,0,0,0,0,98421,0,0,9,0,0,0,0,0,0,0,1558,0,0,0,0,0,0
155,5848,156.03149233779965,99988,110,48,8,2,1156,599,0.01755210625275033,54,37,48957,49452,870,460,0,0,0,0,0,0,98410,0,0,9,0,0,0,0,0,0,0,1569,0,0,0,0,0,0
156,5848,157.067338973779,99988,105,52,8,2,1168,608,0.017762131455774693,55,34,48950,49448,881,463,0,0,0,0,0,0,98388,0,0,9,0,0,0,0,0,0,0,1591,0,0,0,0,0,0
157,5848,158.10339197557755,99988,102,53,8,2,1183,616,0.01799215905908709,62,36,48930,49439,897,469,0,0,0,0,0,0,98364,0,0,10,0,0,0,0,0,0,0,1614,0,0,0,0,0,0
158,5848,159.13976816857036,99987,104,55,9,2,1194,629,0.018232370208127055,72,34,48914,49428,900,480,0,0,0,0,0,0,98344,0,0,10,0,0,0,0,0,0,0,1633,0,0,0,0,0,0
159,5848,160.17638218862913,99987,106,50,9,2,1219,639,0.018582415714042826,61,32,48904,49423,919,492,0,0,0,0,0,0,98307,0,0,11,0,0,0,0,0,0,0,1669,0,0,0,0,0,0
160,5848,161.21330163328838,99987,104,46,9,2,1231,648,0.018792443017592288,67,26,48889,49422,930,503,0,0,0,0,0,0,98280,0,0,11,0,0,0,0,0,0,0,1696,0,0,0,0,0,0
161,5848,162.250560614718,99987,110,47,9,2,1254,653,0.0190724794223249,60,30,48874,49417,946,503,0,0,0,0,0,0,98259,0,0,11,0,0,0,0,0,0,0,1717,0,0,0,0,0,0
162,5848,163.28812113391194,99986,107,50,10,2,1267,663,0.019302702378332967,64,32,48860,49406,958,509,0,0,0,0,0,0,98236,0,0,11,0,0,0,0,0,0,0,1739,0,0,0,0,0,0
163,5848,164.32594960801768,99985,105,56,11,2,1284,673,0.01957293594039106,64,36,48843,49395,976,510,0,0,0,0,0,0,98214,0,0,12,0,0,0,0,0,0,0,1759,0,0,0,0,0,0
164,5848,165.01800697084923,99985,109,58,11,2,1297,679,0.0197629644446667,64,33,48832,49392,983,514,0,0,0,0,0,0,98201,0,0,12,0,0,0,0,0,0,0,1772,0,0,0,0,0,0
165,5848,166.05632789699118,99985,111,63,11,2,1322,689,0.020113016952542882,63,35,48811,49385,1003,514,0,0,0,0,0,0,98175,0,0,14,0,0,0,0,0,0,0,1796,0,0,0,0,0,0
166,5848,167.09502820250893,99985,115,62,11,2,1341,696,0.020373055958393758,65,39,48793,49375,1015,521,0,0,0,0,0,0,98152,0,0,14,0,0,0,0,0,0,0,1819,0,0,0,0,0,0
167,5848,168.13404287393192,99985,117,70,11,2,1356,712,0.020683102465369807,70,34,48778,49368,1023,525,0,0,0,0,0,0,98131,0,0,14,0,0,0,0,0,0,0,1840,0,0,0,0,0,0
168,5848,169.17328160723616,99985,105,80,11,2,1365,730,0.020953142971445717,72,25,48773,49362,1038,530,0,0,0,0,0,0,98102,0,0,14,0,0,0,0,0,0,0,1869,0,0,0,0,0,0
169,5848,170.21274016194744,99985,101,73,11,2,1377,735,0.021123168475271292,76,29,48761,49354,1050,541,0,0,0,0,0,0,98074,0,0,14,0,0,0,0,0,0,0,1897,0,0,0,0,0,0
170,5848,171.25248234995072,99985,98,66,11,2,1395,737,0.021323198479771967,76,35,48753,49347,1061,549,0,0,0,0,0,0,98044,0,0,14,0,0,0,0,0,0,0,1927,0,0,0,0,0,0
171,5848,172.2924135489959,99985,100,65,11,2,1418,749,0.02167325098764815,67,30,48748,49342,1073,560,0,0,0,0,0,0,98010,0,0,14,0,0,0,0,0,0,0,1961,0,0,0,0,0,0
172,5848,173.33254436486115,99985,108,66,11,2,1437,757,0.02194329149372406,72,40,48728,49325,1080,566,0,0,0,0,0,0,97992,0,0,14,0,0,0,0,0,0,0,1979,0,0,0,0,0,0
173,5848,174.02610722743188,99985,111,71,11,2,1451,767,0.02218332749912487,71,38,48719,49318,1087,570,0,0,0,0,0,0,97976,0,0,14,0,0,0,0,0,0,0,1995,0,0,0,0,0,0
174,5848,175.06665411126102,99985,117,70,11,2,1474,776,0.02250337550632595,65,40,48705,49311,1101,576,0,0,0,0,0,0,97949,0,0,14,0,0,0,0,0,0,0,2022,0,0,0,0,0,0
175,5848,176.10750360212566,99985,125,69,11,2,1496,786,0.02282342351352703,72,40,48681,49301,1110,587,0,0,0,0,0,0,97924,0,0,14,0,0,0,0,0,0,0,2047,0,0,0,0,0,0
176,5848,177.14864810272587,99985,128,72,11,2,1515,795,0.023103465519827976,72,39,48669,49296,1119,590,0,0,0,0,0,0,97902,0,0,14,0,0,0,0,0,0,0,2069,0,0,0,0,0,0
177,5848,178.19007986518164,99985,131,72,11,2,1536,805,0.02341351202680402,82,39,48641,49287,1134,599,0,0,0,0,0,0,97874,0,0,14,0,0,0,0,0,0,0,2097,0,0,0,0,0,0
178,5848,179.23194758288037,99985,136,68,11,2,1557,816,0.0237335600340051,82,38,48624,49277,1146,614,0,0,0,0,0,0,97843,0,0,14,0,0,0,0,0,0,0,2128,0,0,0,0,0,0
179,5848,180.27414461921984,99984,136,63,12,2,1576,821,0.023973835813730197,91,44,48601,49268,1159,622,0,0,0,0,0,0,97816,0,0,16,0,0,0,0,0,0,0,2152,0,0,0,0,0,0
180,5848,181.31674657798467,99984,143,62,12,2,1603,830,0.024333893422947672,92,45,48578,49263,1174,627,0,0,0,0,0,0,97786,0,0,16,0,0,0,0,0,0,0,2182,0,0,0,0,0,0
181,5848,182.0120324770359,99984,136,62,12,2,1619,836,0.024553928628580572,90,44,48567,49259,1194,632,0,0,0,0,0,0,97757,0,0,16,0,0,0,0,0,0,0,2211,0,0,0,0,0,0
182,5848,183.055326877354,99984,132,73,12,2,1640,850,0.024903984637542006,87,42,48557,49248,1211,634,0,0,0,0,0,0,97729,0,0,16,0,0,0,0,0,0,0,2239,0,0,0,0,0,0
183,5848,184.09891323070593,99984,135,67,12,2,1663,855,0.025184029444711153,84,47,48541,49241,1227,642,0,0,0,0,0,0,97698,0,0,16,0,0,0,0,0,0,0,2270,0,0,0,0,0,0
184,5848,185.14287127351986,99984,144,72,12,2,1688,867,0.02555408865418467,79,41,48527,49237,1237,647,0,0,0,0,0,0,97675,0,0,16,0,0,0,0,0,0,0,2293,0,0,0,0,0,0
185,5848,186.1870581013794,99984,141,67,12,2,1706,874,0.025804128660585693,86,42,48507,49233,1253,655,0,0,0,0,0,0,97642,0,0,16,0,0,0,0,0,0,0,2326,0,0,0,0,0,0
186,5848,187.23163699774045,99984,145,68,12,2,1733,883,0.02616418626980317,72,45,48496,49223,1274,661,0,0,0,0,0,0,97611,0,0,16,0,0,0,0,0,0,0,2357,0,0,0,0,0,0
187,5848,188.27655222316176,99984,139,70,12,2,1751,898,0.026494239078252522,86,36,48470,49220,1292,671,0,0,0,0,0,0,97574,0,0,16,0,0,0,0,0,0,0,2394,0,0,0,0,0,0
188,5848,189.32196759494204,99983,151,68,13,2,1781,906,0.026874568676675033,83,36,48446,49215,1306,678,0,0,0,0,0,0,97547,0,0,17,0,0,0,0,0,0,0,2419,0,0,0,0,0,0
189,5848,190.01912362529134,99983,148,68,13,2,1796,913,0.027094606083034115,82,35,48433,49210,1323,684,0,0,0,0,0,0,97522,0,0,17,0,0,0,0,0,0,0,2444,0,0,0,0,0,0
190,5848,191.06526060440564,99983,146,61,13,2,1818,919,0.02737465369112749,81,42,48418,49198,1341,696,0,0,0,0,0,0,97485,0,0,17,0,0,0,0,0,0,0,2481,0,0,0,0,0,0
191,5848,192.11177989554798,99983,150,61,13,2,1840,928,0.027684706400088015,80,43,48405,49190,1351,703,0,0,0,0,0,0,97458,0,0,17,0,0,0,0,0,0,0,2508,0,0,0,0,0,0
192,5848,193.15860610102567,99983,138,58,13,2,1860,938,0.02798475740875949,94,45,48377,49180,1377,714,0,0,0,0,0,0,97414,0,0,18,0,0,0,0,0,0,0,2551,0,0,0,0,0,0
193,5848,194.20597289016075,99983,150,63,13,2,1891,950,0.0284148305211886,79,40,48363,49177,1394,717,0,0,0,0,0,0,97389,0,0,19,0,0,0,0,0,0,0,2575,0,0,0,0,0,0
194,5848,195.25369045971235,99983,155,65,13,2,1919,960,0.02879489513217247,79,44,48341,49166,1411,722,0,0,0,0,0,0,97359,0,0,20,0,0,0,0,0,0,0,2604,0,0,0,0,0,0
195,5848,196.30175288040292,99983,164,73,13,2,1945,977,0.029224968244601583,79,35,48323,49158,1420,731,0,0,0,0,0,0,97333,0,0,20,0,0,0,0,0,0,0,2630,0,0,0,0,0,0
196,5848,197.00063972898226,99983,167,73,13,2,1960,981,0.029415000550093516,83,41,48309,49149,1427,734,0,0,0,0,0,0,97318,0,0,21,0,0,0,0,0,0,0,2644,0,0,0,0,0,0
197,5848,198.0492288049785,99983,167,76,13,2,1983,992,0.029755058359921187,83,43,48289,49138,1447,740,0,0,0,0,0,0,97287,0,0,21,0,0,0,0,0,0,0,2675,0,0,0,0,0,0
198,5848,199.09822897242793,99983,173,73,13,2,2008,1002,0.030105117870037907,85,49,48265,49123,1463,752,0,0,0,0,0,0,97255,0,0,21,0,0,0,0,0,0,0,2707,0,0,0,0,0,0
199,5848,200.14765012490852,99983,172,71,13,2,2033,1011,0.03044517567986558,99,53,48232,49116,1483,757,0,0,0,0,0,0,97220,0,0,23,0,0,0,0,0,0,0,2740,0,0,0,0,0,0
200,5848,201.19761332084383,99981,174,71,15,2,2059,1025,0.03084586071353557,103,55,48208,49102,1499,769,0,0,0,0,0,0,97182,0,0,23,0,0,0,0,0,0,0,2776,0,0,0,0,0,0
201,5848,202.24809516491877,99981,169,77,15,2,2086,1040,0.03126594052870045,104,55,48187,49090,1524,775,0,0,0,0,0,0,97142,0,0,24,0,0,0,0,0,0,0,2815,0,0,0,0,0,0
202,5848,203.29897682108768,99981,174,81,15,2,2117,1055,0.03172602794530961,97,52,48170,49081,1543,783,0,0,0,0,0,0,97106,0,0,25,0,0,0,0,0,0,0,2850,0,0,0,0,0,0
203,5848,204.35022685200266,99981,180,74,15,2,2142,1063,0.032056090657224874,103,55,48147,49074,1554,794,0,0,0,0,0,0,97072,0,0,25,0,0,0,0,0,0,0,2884,0,0,0,0,0,0
204,5848,205.05133882580319,99981,185,83,15,2,2156,1077,0.03233614386733479,109,46,48133,49070,1557,798,0,0,0,0,0,0,97059,0,0,26,0,0,0,0,0,0,0,2896,0,0,0,0,0,0
205,5848,206.1032218505714,99981,186,81,15,2,2185,1091,0.03276622558286074,102,48,48114,49055,1582,813,0,0,0,0,0,0,97015,0,0,26,0,0,0,0,0,0,0,2940,0,0,0,0,0,0
206,5848,207.15559314169877,99981,177,79,15,2,2213,1104,0.03317630349766456,108,51,48084,49043,1615,824,0,0,0,0,0,0,96964,0,0,27,0,0,0,0,0,0,0,2990,0,0,0,0,0,0
207,5848,208.20859079344444,99981,187,79,15,2,2247,1116,0.033636390914273714,103,45,48061,49038,1633,835,0,0,0,0,0,0,96928,0,0,27,0,0,0,0,0,0,0,3026,0,0,0,0,0,0
208,5848,209.26205918148372,99981,198,76,15,2,2278,1123,0.03401646312799432,102,49,48040,49029,1644,843,0,0,0,0,0,0,96898,0,0,27,0,0,0,0,0,0,0,3056,0,0,0,0,0,0
209,5848,210.3159181947728,99980,203,80,16,2,2306,1140,0.034466893378675735,102,42,48017,49020,1661,855,0,0,0,0,0,0,96863,0,0,28,0,0,0,0,0,0,0,3089,0,0,0,0,0,0
210,5848,211.01870313769058,99980,195,84,16,2,2322,1150,0.034726945389077814,111,42,47996,49012,1681,859,0,0,0,0,0,0,96833,0,0,28,0,0,0,0,0,0,0,3119,0,0,0,0,0,0
211,5848,212.07336735088128,99980,200,81,16,2,2353,1160,0.035137027405481094,113,49,47972,48997,1698,870,0,0,0,0,0,0,96795,0,0,29,0,0,0,0,0,0,0,3156,0,0,0,0,0,0
212,5848,213.12850630737486,99980,193,73,16,2,2374,1169,0.0354370874174835,123,52,47950,48989,1717,883,0,0,0,0,0,0,96750,0,0,29,0,0,0,0,0,0,0,3201,0,0,0,0,0,0
213,5848,214.18410779950025,99980,203,68,16,2,2406,1177,0.035837167433486694,131,57,47917,48979,1732,893,0,0,0,0,0,0,96715,0,0,29,0,0,0,0,0,0,0,3236,0,0,0,0,0,0
214,5848,215.24028201088905,99980,208,75,16,2,2439,1193,0.03632726545309062,135,54,47885,48971,1755,897,0,0,0,0,0,0,96680,0,0,31,0,0,0,0,0,0,0,3269,0,0,0,0,0,0
215,5848,216.29709418919106,99979,191,78,16,3,2471,1205,0.03676772122145651,133,52,47860,48966,1799,900,0,0,0,0,0,0,96622,0,0,31,0,0,0,0,0,0,0,3326,0,0,0,0,0,0
216,5848,217.0019885109106,99979,188,76,16,3,2488,1209,0.036977765330719455,129,60,47851,48957,1815,903,0,0,0,0,0,0,96597,0,0,32,0,0,0,0,0,0,0,3350,0,0,0,0,0,0
217,5848,218.05981433393816,99979,197,80,16,3,2532,1224,0.03756788925674392,123,59,47820,48946,1843,911,0,0,0,0,0,0,96552,0,0,33,0,0,0,0,0,0,0,3394,0,0,0,0,0,0
218,5848,219.1181998681739,99979,194,85,16,3,2559,1240,0.0379979795757109,130,59,47798,48933,1861,919,0,0,0,0,0,0,96511,0,0,33,0,0,0,0,0,0,0,3435,0,0,0,0,0,0
219,5848,220.17701575471466,99978,192,82,16,4,2591,1254,0.03845846086138951,125,64,47784,48917,1882,932,0,0,0,0,0,0,96463,0,0,36,0,0,0,0,0,0,0,3479,0,0,0,0,0,0
220,5848,221.2361925403209,99978,192,84,16,4,2616,1266,0.038828542279301444,130,69,47762,48901,1899,941,0,0,0,0,0,0,96429,0,0,37,0,0,0,0,0,0,0,3512,0,0,0,0,0,0
221,5848,222.29577778856122,99978,207,84,16,4,2658,1282,0.03940866990737962,110,71,47746,48889,1920,951,0,0,0,0,0,0,96386,0,0,37,0,0,0,0,0,0,0,3555,0,0,0,0,0,0
222,5848,223.00235043080755,99978,200,85,16,4,2669,1292,0.03961871611754586,121,71,47732,48880,1930,959,0,0,0,0,0,0,96359,0,0,37,0,0,0,0,0,0,0,3582,0,0,0,0,0,0
223,5848,224.06264437768544,99978,211,95,16,4,2705,1310,0.04015883494368761,112,65,47712,48870,1948,965,0,0,0,0,0,0,96326,0,0,37,0,0,0,0,0,0,0,3615,0,0,0,0,0,0
224,5848,225.12330505504215,99978,212,100,16,4,2735,1322,0.040578927364020086,117,68,47685,48858,1969,969,0,0,0,0,0,0,96290,0,0,37,0,0,0,0,0,0,0,3651,0,0,0,0,0,0
225,5848,226.18437762775187,99978,217,108,16,4,2767,1337,0.04104903078677309,111,74,47667,48840,1988,973,0,0,0,0,0,0,96256,0,0,37,0,0,0,0,0,0,0,3685,0,0,0,0,0,0
226,5848,227.24583320785817,99978,214,110,16,4,2803,1356,0.041599151813398946,103,74,47651,48827,2015,984,0,0,0,0,0,0,96201,0,0,38,0,0,0,0,0,0,0,3739,0,0,0,0,0,0
227,5848,228.30776607263576,99978,214,105,16,4,2837,1371,0.042089259637120166,101,68,47627,48821,2041,1001,0,0,0,0,0,0,96148,0,0,39,0,0,0,0,0,0,0,3791,0,0,0,0,0,0
228,5848,229.0160916451172,99978,205,105,16,4,2847,1382,0.0422993058472864,113,64,47611,48815,2054,1011,0,0,0,0,0,0,96118,0,0,39,0,0,0,0,0,0,0,3821,0,0,0,0,0,0
229,5848,230.0790006857988,99978,204,106,16,4,2873,1397,0.04270939606713477,123,64,47578,48809,2078,1016,0,0,0,0,0,0,96077,0,0,39,0,0,0,0,0,0,0,3862,0,0,0,0,0,0
230,5848,231.14250066526503,99978,211,106,16,4,2916,1413,0.04329952589569706,106,76,47561,48782,2105,1031,0,0,0,0,0,0,96025,0,0,39,0,0,0,0,0,0,0,3914,0,0,0,0,0,0
231,5848,232.20649729422402,99978,216,107,16,4,2946,1435,0.043819640320870594,109,67,47535,48771,2123,1050,0,0,0,0,0,0,95979,0,0,39,0,0,0,0,0,0,0,3960,0,0,0,0,0,0
232,5848,233.27101498870505,99977,221,112,17,4,2983,1454,0.044380207447712976,111,67,47503,48757,2147,1059,0,0,0,0,0,0,95933,0,0,39,0,0,0,0,0,0,0,4005,0,0,0,0,0,0
233,5848,234.3361384306481,99975,210,98,17,6,3015,1472,0.04488122030507627,106,73,47487,48736,2179,1086,0,0,0,0,0,0,95859,0,0,38,1,0,0,0,0,0,0,4077,0,0,0,0,0,0
234,5848,235.04651850737767,99975,210,105,17,6,3034,1486,0.04521130282570643,115,70,47470,48728,2187,1090,0,0,0,0,0,0,95834,0,0,39,1,0,0,0,0,0,0,4101,0,0,0,0,0,0
235,5848,236.11249223367744,99975,207,114,17,6,3062,1511,0.04574143535883971,133,62,47435,48717,2207,1100,0,0,0,0,0,0,95789,0,0,41,1,0,0,0,0,0,0,4144,0,0,0,0,0,0
236,5848,237.17897822221758,99975,207,112,17,6,3092,1523,0.046161540385096275,127,62,47420,48712,2228,1107,0,0,0,0,0,0,95745,0,0,41,1,0,0,0,0,0,0,4188,0,0,0,0,0,0
237,5848,238.2459716155886,99975,198,114,17,6,3120,1542,0.04663165791447862,136,65,47389,48695,2259,1119,0,0,0,0,0,0,95691,0,0,41,1,0,0,0,0,0,0,4242,0,0,0,0,0,0
238,5848,239.31358654621926,99975,201,111,17,6,3157,1566,0.04724181045261315,129,62,47366,48680,2286,1140,0,0,0,0,0,0,95636,0,0,47,1,0,0,0,0,0,0,4291,0,0,0,0,0,0
239,5848,240.02567025888473,99975,206,108,17,6,3176,1576,0.047531882970742685,126,65,47354,48669,2296,1151,0,0,0,0,0,0,95610,0,0,48,1,0,0,0,0,0,0,4316,0,0,0,0,0,0
240,5848,241.094165875182,99975,219,109,17,6,3220,1592,0.04813203300825206,126,63,47318,48659,2319,1162,0,0,0,0,0,0,95565,0,0,49,1,0,0,0,0,0,0,4360,0,0,0,0,0,0
241,5848,242.1633224447129,99975,218,114,17,6,3252,1610,0.048632158039509876,127,62,47294,48646,2343,1171,0,0,0,0,0,0,95520,0,0,50,1,0,0,0,0,0,0,4404,0,0,0,0,0,0
242,5848,243.23296535310604,99975,210,104,17,6,3274,1619,0.04894223555888972,127,67,47280,48639,2365,1183,0,0,0,0,0,0,95471,0,0,50,1,0,0,0,0,0,0,4453,0,0,0,0,0,0
243,5848,244.30311605327745,99975,211,106,17,6,3305,1639,0.049452363090772694,134,67,47261,48623,2376,1197,0,0,0,0,0,0,95424,0,0,51,1,0,0,0,0,0,0,4499,0,0,0,0,0,0
244,5848,245.0167223387833,99975,224,102,17,6,3338,1651,0.04990247561890473,117,61,47248,48622,2393,1208,0,0,0,0,0,0,95390,0,0,53,1,0,0,0,0,0,0,4531,0,0,0,0,0,0
245,5848,246.08752210668808,99975,218,102,17,6,3363,1673,0.05037259314828707,122,53,47224,48614,2418,1224,0,0,0,0,0,0,95338,0,0,54,1,0,0,0,0,0,0,4582,0,0,0,0,0,0
246,5848,247.15898257346242,99975,217,97,17,6,3404,1686,0.05091272818204551,110,61,47204,48602,2451,1233,0,0,0,0,0,0,95279,0,0,55,1,0,0,0,0,0,0,4640,0,0,0,0,0,0
247,5848,248.23097515021672,99974,219,96,18,6,3438,1699,0.051383359673515115,113,60,47177,48593,2472,1244,0,0,0,0,0,0,95234,0,0,56,1,0,0,0,0,0,0,4683,0,0,0,0,0,0
248,5848,249.30347879157551,99974,215,102,18,6,3467,1723,0.05191349750935243,112,52,47158,48584,2496,1255,0,0,0,0,0,0,95184,0,0,57,1,0,0,0,0,0,0,4732,0,0,0,0,0,0
249,5848,250.01879870292538,99974,213,102,18,6,3485,1733,0.05219357032828535,117,55,47140,48577,2511,1259,0,0,0,0,0,0,95157,0,0,60,1,0,0,0,0,0,0,4756,0,0,0,0,0,0
250,5848,251.0922478105843,99973,215,98,19,6,3511,1752,0.052644213937763196,128,58,47113,48563,2524,1274,0,0,0,0,0,0,95111,0,0,61,1,0,0,0,0,0,0,4800,0,0,0,0,0,0
251,5848,252.16616765328206,99972,197,92,20,6,3535,1765,0.05301484415636378,133,63,47091,48550,2558,1288,0,0,0,0,0,0,95054,0,0,64,1,0,0,0,0,0,0,4853,0,0,0,0,0,0
252,5848,253.2406926612128,99972,187,99,20,6,3560,1785,0.053464970191653666,136,56,47078,48541,2578,1297,0,0,0,0,0,0,95008,0,0,66,1,0,0,0,0,0,0,4897,0,0,0,0,0,0
253,5848,254.3156766466879,99972,199,96,20,6,3603,1798,0.05402512703556996,124,63,47055,48524,2601,1310,0,0,0,0,0,0,94961,0,0,66,1,0,0,0,0,0,0,4944,0,0,0,0,0,0
254,5848,255.03256702396013,99972,195,98,20,6,3630,1808,0.05439523066458608,125,62,47037,48520,2622,1313,0,0,0,0,0,0,94924,0,0,68,1,0,0,0,0,0,0,4979,0,0,0,0,0,0
255,5848,256.1084611943732,99972,203,101,20,6,3658,1825,0.05484535669987597,130,61,47010,48507,2636,1324,0,0,0,0,0,0,94891,0,0,67,2,0,0,0,0,0,0,5012,0,0,0,0,0,0
256,5848,257.18484044369467,99972,215,98,20,6,3709,1842,0.055525547153202896,121,61,46975,48496,2668,1338,0,0,0,0,0,0,94835,0,0,70,2,0,0,0,0,0,0,5065,0,0,0,0,0,0
257,5848,258.26187380506417,99972,207,97,20,6,3734,1853,0.055885647981434805,123,68,46961,48483,2688,1345,0,0,0,0,0,0,94790,0,0,70,2,0,0,0,0,0,0,5110,0,0,0,0,0,0
258,5848,259.3393654328584,99971,219,108,21,6,3774,1879,0.05654639845555211,111,59,46945,48474,2703,1352,0,0,0,0,0,0,94748,0,0,71,2,0,0,0,0,0,0,5150,0,0,0,0,0,0
259,5848,260.05784557651316,99971,225,104,21,6,3796,1884,0.0568164767782657,116,65,46927,48467,2710,1357,0,0,0,0,0,0,94723,0,0,71,2,0,0,0,0,0,0,5175,0,0,0,0,0,0
260,5848,261.13595847014267,99970,215,103,22,6,3834,1897,0.05732719815944783,120,69,46897,48452,2745,1369,0,0,0,0,0,0,94663,0,0,73,2,0,0,0,0,0,0,5232,0,0,0,0,0,0
261,5848,262.21475678223715,99969,218,109,23,6,3872,1918,0.05791795456591543,118,69,46876,48434,2764,1381,0,0,0,0,0,0,94615,0,0,75,2,0,0,0,0,0,0,5277,0,0,0,0,0,0
262,5848,263.29406356337273,99968,217,110,24,6,3904,1933,0.05838868437900128,125,66,46845,48427,2788,1390,0,0,0,0,0,0,94570,0,0,77,2,0,0,0,0,0,0,5319,0,0,0,0,0,0
263,5848,264.01395600107577,99968,216,123,24,6,3920,1953,0.05874879961587708,127,53,46835,48425,2797,1392,0,0,0,0,0,0,94546,0,0,77,2,0,0,0,0,0,0,5343,0,0,0,0,0,0
264,5848,265.09405955602097,99968,193,114,24,6,3945,1966,0.059128921254801535,142,69,46805,48401,2835,1409,0,0,0,0,0,0,94479,0,0,80,2,0,0,0,0,0,0,5407,0,0,0,0,0,0
265,5848,266.17490933788264,99967,198,110,24,7,3985,1975,0.059619674492582556,139,82,46775,48385,2863,1415,0,0,0,0,0,0,94432,0,0,81,2,0,0,0,0,0,0,5452,0,0,0,0,0,0
266,5848,267.25639696973116,99967,196,108,24,7,4015,1994,0.06010983624596117,144,76,46753,48374,2882,1434,0,0,0,0,0,0,94380,0,0,82,2,0,0,0,0,0,0,5503,0,0,0,0,0,0
267,5848,268.3384025292195,99967,192,120,24,7,4041,2018,0.060610001300429144,154,70,46726,48364,2903,1438,0,0,0,0,0,0,94341,0,0,85,2,0,0,0,0,0,0,5539,0,0,0,0,0,0
268,5848,269.06003974145307,99967,194,131,24,7,4065,2039,0.06106014984945032,147,61,46715,48355,2919,1445,0,0,0,0,0,0,94310,0,0,86,2,0,0,0,0,0,0,5569,0,0,0,0,0,0
269,5848,270.14287374796857,99966,221,119,25,7,4116,2051,0.061690974931476704,126,61,46697,48349,2930,1463,0,0,0,0,0,0,94262,0,0,86,2,0,0,0,0,0,0,5616,0,0,0,0,0,0
270,5848,271.2261063311182,99966,226,118,25,7,4139,2071,0.06212112118120161,142,60,46674,48332,2932,1482,0,0,0,0,0,0,94224,0,0,87,2,0,0,0,0,0,0,5653,0,0,0,0,0,0
271,5848,272.30967925113174,99966,227,124,25,7,4173,2089,0.06264129804133406,134,63,46657,48318,2956,1487,0,0,0,0,0,0,94180,0,0,88,2,0,0,0,0,0,0,5696,0,0,0,0,0,0
272,5848,273.03229046907705,99966,216,129,25,7,4190,2100,0.06292139327371306,142,60,46643,48312,2973,1491,0,0,0,0,0,0,94147,0,0,89,2,0,0,0,0,0,0,5728,0,0,0,0,0,0
273,5848,274.1165566065353,99966,215,116,25,7,4225,2114,0.06341155993037632,148,61,46619,48307,2992,1508,0,0,0,0,0,0,94085,0,0,90,2,0,0,0,0,0,0,5789,0,0,0,0,0,0
274,5848,275.2014229085421,99966,207,107,25,7,4260,2134,0.06396174699397796,144,63,46597,48291,3026,1531,0,0,0,0,0,0,94017,0,0,94,2,0,0,0,0,0,0,5853,0,0,0,0,0,0
275,5848,276.2869265125965,99966,217,110,25,7,4294,2153,0.06449192725526678,134,65,46583,48274,3040,1543,0,0,0,0,0,0,93977,0,0,94,2,0,0,0,0,0,0,5893,0,0,0,0,0,0
276,5848,277.01079096924974,99966,217,110,25,7,4316,2162,0.06480203269111498,136,64,46563,48274,3058,1544,0,0,0,0,0,0,93946,0,0,94,2,0,0,0,0,0,0,5924,0,0,0,0,0,0
277,5848,278.09715287221263,99966,209,104,25,7,4350,2188,0.06540223676049857,149,57,46530,48260,3086,1571,0,0,0,0,0,0,93874,0,0,96,2,0,0,0,0,0,0,5994,0,0,0,0,0,0
278,5848,279.1842530637597,99966,221,109,25,7,4403,2208,0.06613248504491527,130,51,46510,48249,3113,1583,0,0,0,0,0,0,93820,0,0,98,2,0,0,0,0,0,0,6046,0,0,0,0,0,0
279,5848,280.27188026300496,99966,228,108,25,7,4437,2223,0.06662265170157854,125,48,46495,48242,3126,1594,0,0,0,0,0,0,93779,0,0,100,2,0,0,0,0,0,0,6085,0,0,0,0,0,0
280,5848,281.35991175111684,99966,218,106,25,7,4473,2236,0.0671128183582418,129,47,46466,48236,3161,1603,0,0,0,0,0,0,93723,0,0,105,2,0,0,0,0,0,0,6136,0,0,0,0,0,0
281,5848,282.0856726978781,99965,220,104,25,8,4495,2246,0.06743360176061622,131,47,46451,48227,3172,1613,0,0,0,0,0,0,93692,0,0,106,2,0,0,0,0,0,0,6165,0,0,0,0,0,0
282,5848,283.1747725302798,99964,229,108,25,9,4534,2263,0.06799447801208434,130,52,46419,48209,3196,1621,0,0,0,0,0,0,93652,0,0,109,2,0,0,0,0,0,0,6201,0,0,0,0,0,0
283,5848,284.26443824412013,99964,232,106,25,9,4576,2279,0.06857468688727943,130,57,46388,48190,3224,1637,0,0,0,0,0,0,93597,0,0,111,2,0,0,0,0,0,0,6254,0,0,0,0,0,0
284,5848,285.3547604583404,99964,243,102,25,9,4617,2294,0.06913488855988156,128,57,46356,48184,3247,1647,0,0,0,0,0,0,93548,0,0,111,2,0,0,0,0,0,0,6303,0,0,0,0,0,0
285,5848,286.08204158552826,99964,231,109,25,9,4637,2310,0.06949501820655436,126,45,46344,48189,3273,1647,0,0,0,0,0,0,93509,0,0,113,2,0,0,0,0,0,0,6340,0,0,0,0,0,0
286,5848,287.17347750338814,99964,238,106,25,9,4669,2326,0.06997519106878476,117,40,46336,48181,3283,1663,0,0,0,0,0,0,93466,0,0,114,2,0,0,0,0,0,0,6382,0,0,0,0,0,0
287,5848,288.2652141799422,99963,237,102,25,10,4699,2336,0.07037603913447976,116,53,46317,48163,3304,1671,0,0,0,0,0,0,93424,0,0,117,2,0,0,0,0,0,0,6420,0,0,0,0,0,0
288,5848,289.35739891363613,99963,252,103,25,10,4747,2350,0.07099626861938918,101,56,46293,48152,3328,1678,0,0,0,0,0,0,93382,0,0,121,2,0,0,0,0,0,0,6458,0,0,0,0,0,0
289,5848,290.0858203014888,99963,248,105,25,10,4766,2361,0.07129637966047438,106,60,46279,48140,3341,1684,0,0,0,0,0,0,93354,0,0,125,2,0,0,0,0,0,0,6482,0,0,0,0,0,0
290,5848,291.1788066927729,99963,243,103,25,10,4792,2373,0.07167652031251563,111,65,46259,48130,3361,1691,0,0,0,0,0,0,93311,0,0,127,2,0,0,0,0,0,0,6523,0,0,0,0,0,0
291,5848,292.27230384519777,99963,235,107,25,10,4824,2392,0.07218670908236047,124,61,46225,48119,3390,1702,0,0,0,0,0,0,93257,0,0,128,2,0,0,0,0,0,0,6576,0,0,0,0,0,0
292,5848,293.00167302451285,99963,229,113,25,10,4846,2404,0.0725268349289237,129,63,46205,48112,3411,1701,0,0,0,0,0,0,93228,0,0,133,2,0,0,0,0,0,0,6600,0,0,0,0,0,0
293,5848,294.0963024679363,99962,225,106,26,10,4878,2418,0.07298773533942898,134,70,46181,48098,3433,1715,0,0,0,0,0,0,93173,0,0,135,2,0,0,0,0,0,0,6652,0,0,0,0,0,0
294,5848,295.1915267280411,99962,231,107,26,10,4917,2435,0.07354794822032372,130,70,46159,48087,3453,1725,0,0,0,0,0,0,93125,0,0,136,2,0,0,0,0,0,0,6699,0,0,0,0,0,0
295,5848,296.28719448766594,99962,238,100,26,10,4946,2452,0.07400812308677297,127,73,46151,48075,3457,1741,0,0,0,0,0,0,93079,0,0,136,2,0,0,0,0,0,0,6745,0,0,0,0,0,0
296,5848,297.0177556257238,99962,235,107,26,10,4970,2467,0.07439827134311038,122,69,46138,48074,3478,1739,0,0,0,0,0,0,93046,0,0,138,2,0,0,0,0,0,0,6776,0,0,0,0,0,0
297,5848,298.11398189403366,99962,228,112,26,10,5000,2485,0.07487845381244873,139,69,46104,48059,3502,1749,0,0,0,0,0,0,92997,0,0,139,2,0,0,0,0,0,0,6824,0,0,0,0,0,0
298,5848,299.2108651053248,99961,234,121,27,10,5043,2514,0.07559948379868149,131,57,46087,48046,3520,1765,0,0,0,0,0,0,92943,0,0,142,2,0,0,0,0,0,0,6874,0,0,0,0,0,0
299,5848,300.30820656620455,99961,226,118,27,10,5070,2531,0.0760396554656316,137,55,46071,48036,3538,1780,0,0,0,0,0,0,92888,0,0,142,2,0,0,0,0,0,0,6929,0,0,0,0,0,0
300,5848,301.04000546878734,99961,229,112,27,10,5095,2539,0.07636978421584419,134,60,46056,48027,3553,1790,0,0,0,0,0,0,92855,0,0,145,2,0,0,0,0,0,0,6959,0,0,0,0,0,0
301,5848,302.13813057730465,99960,210,100,28,10,5118,2555,0.07676070428171268,138,60,46043,48020,3580,1809,0,0,0,0,0,0,92788,0,0,148,2,0,0,0,0,0,0,7022,0,0,0,0,0,0
302,5848,303.23676895636345,99960,225,101,28,10,5159,2571,0.07733093237294918,134,57,46026,48018,3586,1813,0,0,0,0,0,0,92750,0,0,151,2,0,0,0,0,0,0,7057,0,0,0,0,0,0
303,5848,304.33576343633865,99960,209,106,28,10,5184,2587,0.07774109643857544,148,52,46010,48011,3604,1820,0,0,0,0,0,0,92703,0,0,156,2,0,0,0,0,0,0,7099,0,0,0,0,0,0
304,5848,305.0686400518166,99960,216,102,28,10,5212,2596,0.07811124449779912,141,52,45995,48006,3619,1829,0,0,0,0,0,0,92670,0,0,157,2,0,0,0,0,0,0,7131,0,0,0,0,0,0
305,5848,306.1684138705642,99959,227,102,29,10,5259,2616,0.07878230074330475,131,44,45977,48004,3635,1839,0,0,0,0,0,0,92617,0,0,160,2,0,0,0,0,0,0,7180,0,0,0,0,0,0
306,5848,307.26861103619973,99959,228,97,29,10,5296,2620,0.07919246891225402,128,56,45960,47996,3654,1840,0,0,0,0,0,0,92573,0,0,161,2,0,0,0,0,0,0,7223,0,0,0,0,0,0
307,5848,308.0022981685266,99959,222,102,29,10,5313,2632,0.07948258786102302,134,57,45942,47985,3672,1845,0,0,0,0,0,0,92544,0,0,162,2,0,0,0,0,0,0,7251,0,0,0,0,0,0
308,5848,309.10333005402805,99959,217,107,29,10,5344,2646,0.07993277243669905,145,58,45916,47977,3692,1847,0,0,0,0,0,0,92500,0,0,163,2,0,0,0,0,0,0,7294,0,0,0,0,0,0
309,5848,310.2048554870395,99959,224,113,29,10,5387,2666,0.08056303084264549,139,59,45888,47963,3719,1854,0,0,0,0,0,0,92452,0,0,165,2,0,0,0,0,0,0,7340,0,0,0,0,0,0
310,5848,311.3070426939593,99957,226,104,30,11,5432,2680,0.08115489660554039,121,68,45878,47947,3744,1869,0,0,0,0,0,0,92390,0,0,169,2,0,0,0,0,0,0,7396,0,0,0,0,0,0
311,5848,312.04209628047425,99957,220,111,30,11,5450,2701,0.0815450643776824,130,58,45860,47938,3759,1881,0,0,0,0,0,0,92355,0,0,172,2,0,0,0,0,0,0,7428,0,0,0,0,0,0
312,5848,313.1450538266944,99957,222,107,30,11,5484,2716,0.08203527516832237,128,62,45841,47925,3778,1894,0,0,0,0,0,0,92308,0,0,176,2,0,0,0,0,0,0,7471,0,0,0,0,0,0
313,5848,314.24850768605904,99957,231,100,30,11,5527,2732,0.08262552897746031,124,61,45814,47917,3800,1910,0,0,0,0,0,0,92256,0,0,181,2,0,0,0,0,0,0,7518,0,0,0,0,0,0
314,5848,315.35259682209437,99957,234,94,30,11,5567,2745,0.08315575697549947,128,57,45782,47915,3825,1922,0,0,0,0,0,0,92200,0,0,181,2,0,0,0,0,0,0,7574,0,0,0,0,0,0
315,5848,316.08907021022964,99957,240,91,30,11,5592,2753,0.08348589893654271,136,57,45758,47909,3835,1931,0,0,0,0,0,0,92172,0,0,181,3,0,0,0,0,0,0,7601,0,0,0,0,0,0
316,5848,317.19433267152914,99957,234,89,30,11,5623,2769,0.0839561011234831,150,64,45729,47893,3856,1942,0,0,0,0,0,0,92119,0,0,183,3,0,0,0,0,0,0,7652,0,0,0,0,0,0
317,5848,318.3001639205396,99957,238,97,30,11,5663,2791,0.08457636783817041,144,62,45705,47879,3882,1950,0,0,0,0,0,0,92070,0,0,184,3,0,0,0,0,0,0,7700,0,0,0,0,0,0
318,5848,319.03769707594,99957,244,96,30,11,5690,2803,0.08496653561031244,143,68,45689,47865,3893,1959,0,0,0,0,0,0,92036,0,0,184,3,0,0,0,0,0,0,7734,0,0,0,0,0,0
319,5848,320.1444144889584,99957,230,105,30,11,5716,2828,0.085476755004652,155,66,45670,47846,3913,1970,1,1,1,1,0,0,91979,0,0,185,3,0,0,0,0,0,2,7788,0,0,0,0,0,0
320,5848,321.2516367540015,99956,229,103,31,11,5761,2845,0.08609788306855017,144,58,45649,47841,3944,1984,2,2,2,2,0,0,91917,0,0,189,3,0,0,0,0,0,4,7843,0,0,0,0,0,0
321,5848,322.3594611829771,99956,234,103,31,11,5794,2861,0.08658809876345593,154,60,45616,47830,3961,1992,3,3,3,3,0,0,91872,0,0,190,3,0,0,0,0,0,6,7885,0,0,0,0,0,0
322,5848,323.01380203373407,99956,234,95,31,11,5810,2867,0.08680819560606667,155,63,45606,47824,3969,2002,4,4,4,4,0,0,91841,0,0,191,3,0,0,0,0,0,8,7913,0,0,0,0,0,0
323,5848,324.04597454134256,99956,242,97,31,11,5855,2879,0.08737844651646724,136,73,45590,47814,3995,1999,5,5,5,5,0,0,91794,0,0,193,3,0,0,0,0,0,10,7956,0,0,0,0,0,0
324,5848,325.2029403731481,99955,241,102,32,11,5890,2899,0.08792956830573759,149,70,45559,47805,4012,2005,6,6,6,6,0,0,91745,0,0,197,3,0,0,0,0,0,12,7998,0,0,0,0,0,0
325,5848,326.00862242820233,99955,233,106,32,11,5916,2913,0.08832974838677404,147,66,45540,47800,4040,2008,7,8,8,7,0,0,91700,0,0,199,3,0,0,0,0,0,15,8038,0,0,0,0,0,0
326,5848,327.0910650659312,99955,228,113,32,11,5947,2935,0.08885998699414736,147,69,45528,47787,4056,2009,8,10,10,8,0,0,91649,0,0,202,3,0,0,0,0,0,18,8083,0,0,0,0,0,0
327,5848,328.0917632914984,99955,228,118,32,11,5977,2953,0.08934020309139112,151,64,45516,47778,4063,2016,9,12,12,9,0,0,91611,0,0,209,3,0,0,0,0,0,20,8111,1,0,0,0,0,0
328,5848,329.02254469480806,99955,225,120,32,11,6002,2964,0.08970036516432395,153,74,45506,47758,4073,2021,10,15,15,10,0,0,91575,0,0,214,3,0,0,0,0,0,24,8138,1,0,0,0,0,0
329,5848,330.09048151260555,99955,218,116,32,11,6040,2983,0.09027062177980091,149,78,45486,47742,4103,2034,11,18,18,11,0,0,91507,0,0,218,3,0,0,0,0,0,28,8198,1,0,0,0,0,0
330,5848,331.0098977797992,99955,218,117,32,11,6071,2997,0.09072082437096693,138,79,45474,47732,4125,2039,12,21,22,12,0,0,91459,0,0,218,3,0,0,0,0,0,32,8241,2,0,0,0,0,0
331,5848,332.01119115690307,99955,216,114,32,11,6101,3012,0.09117102696213296,140,81,45458,47714,4140,2053,13,26,27,13,0,0,91406,0,0,220,3,0,0,0,0,0,37,8286,3,0,0,0,0,0
332,5848,333.249089961199,99955,230,117,32,11,6157,3036,0.0919713871242059,125,85,45442,47690,4156,2065,14,31,32,14,0,0,91341,0,0,224,3,0,0,0,0,0,43,8341,3,0,0,0,0,0
333,5848,334.06814641758746,99955,236,120,32,11,6190,3058,0.09252163473563103,129,84,45417,47671,4170,2076,15,37,38,15,0,0,91291,0,0,227,3,0,0,0,0,0,50,8381,3,0,0,0,0,0
334,5848,335.1052980329784,99955,235,123,32,11,6228,3078,0.09310189585313391,124,84,45405,47653,4187,2085,16,43,45,16,0,0,91230,0,0,230,3,0,0,0,0,0,58,8431,3,0,0,0,0,0
335,5848,336.1255480751066,99955,231,127,32,11,6254,3096,0.09354209394227403,129,83,45386,47632,4204,2095,17,51,53,17,0,0,91180,0,0,232,3,0,0,0,0,0,66,8470,4,0,0,0,0,0
336,5848,337.0004877452352,99955,225,122,32,11,6286,3112,0.09402231003951779,127,77,45373,47618,4224,2111,18,60,62,18,0,0,91115,0,0,235,3,0,0,0,0,0,75,8522,5,0,0,0,0,0
337,5848,338.04512627021074,99955,236,132,32,11,6330,3145,0.09479265669551298,125,62,45346,47594,4241,2130,19,70,72,19,0,0,91051,0,0,237,3,0,0,0,0,0,85,8573,6,0,0,0,0,0
338,5848,339.0447819558931,99955,231,134,32,11,6355,3162,0.09521284578060127,134,59,45325,47578,4257,2136,20,81,83,20,0,0,91000,0,0,241,3,0,0,0,0,0,95,8608,8,0,0,0,0,0
339,5848,340.0492074450417,99955,237,138,32,11,6394,3181,0.09579310689810415,124,55,45305,47559,4280,2143,21,93,95,21,0,0,90944,0,0,245,3,0,0,0,0,0,107,8647,9,0,0,0,0,0
340,5848,341.1970887115782,99954,250,120,33,11,6457,3197,0.09658442883726515,102,66,45288,47533,4304,2163,22,106,108,22,0,0,90852,0,0,249,3,0,0,0,0,0,119,8720,11,0,0,0,0,0
341,5848,342.3138801494782,99954,239,125,33,11,6486,3217,0.09707465434099685,111,57,45268,47515,4324,2171,24,120,122,24,0,0,90784,0,0,252,3,0,0,0,0,0,135,8769,11,0,0,0,0,0
342,5848,343.0586867552946,99954,243,124,33,11,6509,3229,0.09742481541509095,119,61,45243,47491,4335,2177,26,135,137,26,0,0,90737,0,0,254,3,0,0,0,0,0,152,8797,11,0,0,0,0,0
343,5848,344.1763259014163,99954,240,124,33,11,6536,3246,0.09786501790823779,117,70,45239,47458,4342,2184,28,152,154,28,0,0,90676,0,0,258,3,0,0,0,0,0,170,8835,12,0,0,0,0,0
344,5848,345.29429153187505,99954,227,120,33,11,6566,3262,0.09832522960561858,133,70,45204,47430,4372,2198,30,170,172,30,0,0,90596,0,0,260,3,0,0,0,0,0,189,8893,13,0,0,0,0,0
345,5848,346.0400405558053,99953,206,117,34,11,6580,3272,0.09856632617330145,140,70,45187,47406,4400,2208,32,187,192,32,0,0,90528,0,0,262,3,0,0,0,0,0,211,8936,13,0,0,0,0,0
346,5848,347.1593484728998,99953,216,114,34,11,6621,3291,0.09916660830590378,137,61,45167,47384,4411,2222,34,207,213,34,0,0,90457,0,0,265,3,0,0,0,0,0,232,8981,15,0,0,0,0,0
347,5848,348.2791452704624,99952,223,111,35,11,6658,3304,0.09966784056347047,132,60,45151,47359,4421,2229,37,229,236,37,0,0,90386,0,0,266,3,0,0,0,0,0,258,9024,15,0,0,0,0,0
348,5848,349.0259307970646,99952,226,117,35,11,6680,3317,0.1000180086441492,129,58,45145,47329,4425,2231,39,253,260,40,0,0,90340,0,0,270,3,0,0,0,0,0,282,9039,18,0,0,0,0,0
349,5848,350.1463163650603,99952,217,114,35,11,6712,3332,0.1004882343524892,135,55,45124,47303,4446,2238,42,278,286,43,0,0,90260,0,0,276,3,0,0,0,0,0,309,9084,20,0,0,0,0,0
350,5848,351.2672040741621,99952,229,116,35,11,6753,3346,0.10103849847927004,128,56,45103,47268,4459,2242,45,306,314,46,0,0,90193,0,0,279,3,0,0,0,0,0,338,9117,22,0,0,0,0,0
351,5848,352.0147071262642,99951,228,116,36,11,6769,3354,0.10127962701723844,133,56,45092,47240,4461,2244,49,332,343,50,0,0,90140,0,0,281,3,0,0,0,0,0,368,9134,25,0,0,0,0,0
352,5848,353.1362406010107,99951,236,121,36,11,6817,3374,0.10195996038058648,125,48,45074,47202,4475,2254,53,363,374,54,0,0,90056,0,0,285,3,0,0,0,0,0,401,9179,27,0,0,0,0,0
353,5848,354.25827252044024,99951,244,114,36,11,6868,3388,0.102610279036728,114,41,45048,47170,4500,2269,57,394,407,58,0,0,89959,0,0,286,3,0,0,0,0,0,435,9238,30,0,0,0,0,0
354,5848,355.0067256646505,99951,243,97,36,11,6889,3394,0.10288041140158678,124,47,45021,47132,4513,2284,62,428,442,63,0,0,89881,0,0,290,3,0,0,0,0,0,472,9272,33,0,0,0,0,0
355,5848,356.1300811082044,99951,250,105,36,11,6927,3411,0.10343068103370652,130,55,44989,47081,4527,2286,67,461,479,68,0,0,89806,0,0,294,3,0,0,0,0,0,511,9301,36,0,0,0,0,0
356,5848,357.254037266603,99951,251,109,36,11,6963,3426,0.10394093105621754,132,66,44974,47035,4534,2281,72,497,518,73,0,0,89725,0,0,297,4,0,0,0,0,0,551,9334,40,0,0,0,0,0
357,5848,358.0034986700632,99951,246,112,36,11,6989,3435,0.10429110264029375,126,69,44963,46993,4550,2276,78,538,559,79,0,0,89648,0,0,301,4,0,0,0,0,0,595,9360,43,0,0,0,0,0
358,5848,359.12810584857374,99951,242,116,36,11,7029,3459,0.10493141639403307,115,57,44940,46954,4582,2280,84,581,602,85,0,0,89537,0,0,303,4,0,0,0,0,0,644,9420,43,0,0,0,0,0
359,5848,360.2533796214457,99951,247,113,36,11,7073,3472,0.10550169583095717,103,60,44933,46907,4591,2284,89,624,647,91,0,0,89441,0,0,308,4,0,0,0,0,0,690,9460,48,0,0,0,0,0
360,5848,361.00375693937264,99950,248,115,37,11,7097,3488,0.10590295147573787,111,58,44903,46851,4606,2293,94,671,695,98,0,0,89353,0,0,309,4,0,0,0,0,0,742,9491,51,0,0,0,0,0
361,5848,362.1299458527779,99950,242,113,37,11,7128,3508,0.10641320660330165,122,57,44872,46802,4625,2298,101,718,745,105,0,0,89243,0,0,313,4,0,0,0,0,0,797,9540,53,0,0,0,0,0
362,5848,363.2569194921674,99950,226,105,37,11,7163,3527,0.10695347673836919,126,59,44855,46740,4648,2316,107,768,797,113,0,0,89114,0,0,318,5,0,0,0,0,0,854,9604,55,0,0,0,0,0
363,5848,364.00863723684216,99949,229,109,38,11,7188,3540,0.10733474071776607,119,57,44841,46682,4657,2320,115,820,852,121,0,0,89027,0,0,323,5,0,0,0,0,0,915,9622,57,0,0,0,0,0
364,5848,365.1365886420382,99949,230,118,38,11,7218,3560,0.10783499584788242,125,44,44817,46634,4665,2319,124,873,909,130,0,0,88931,0,0,327,5,0,0,0,0,0,975,9648,63,0,0,0,0,0
365,5848,366.26508621322216,99949,230,110,38,11,7254,3570,0.10829523056758947,129,57,44782,46564,4688,2329,132,928,968,139,0,0,88821,0,0,332,6,0,0,0,0,0,1037,9685,68,0,0,0,0,0
366,5848,367.0178983915448,99949,232,98,38,11,7279,3572,0.10856536833785231,127,69,44764,46502,4697,2334,141,985,1030,149,0,0,88718,0,0,334,6,0,0,0,0,0,1105,9714,72,0,0,0,0,0
367,5848,368.14772407724,99949,226,101,38,11,7308,3590,0.10903560816016168,131,78,44735,46428,4718,2333,151,1048,1094,160,0,0,88605,0,0,338,7,0,0,0,0,0,1174,9747,78,0,0,0,0,0
368,5848,369.2781398215341,99949,229,101,38,11,7341,3611,0.10957588370068735,136,79,44713,46355,4722,2345,161,1108,1161,171,0,0,88487,0,0,345,7,0,0,0,0,0,1248,9780,82,0,0,0,0,0
369,5848,370.03209621230303,99949,220,110,38,11,7365,3630,0.11000610311258742,141,72,44690,46283,4737,2347,173,1176,1231,183,0,0,88370,0,0,348,7,0,0,0,0,0,1325,9812,87,0,0,0,0,0
370,5848,371.16366627260305,99949,191,109,38,11,7400,3647,0.11052636844790843,137,81,44663,46207,4786,2352,184,1239,1303,195,0,0,88221,0,0,357,7,0,0,0,0,0,1401,9868,95,0,0,0,0,0
371,5848,372.29618880454166,99949,197,116,38,11,7433,3672,0.11110666439884341,133,78,44645,46133,4790,2350,196,1311,1378,208,0,0,88100,0,0,360,7,0,0,0,0,0,1480,9898,104,0,0,0,0,0
372,5848,373.05147839852685,99949,206,120,38,11,7457,3688,0.1115068685029365,131,69,44621,46061,4794,2352,209,1386,1456,222,0,0,87991,0,0,361,7,0,0,0,0,0,1563,9914,113,0,0,0,0,0
373,5848,374.185023983974,99949,219,123,38,11,7504,3707,0.1121672052746901,119,72,44593,45979,4808,2353,222,1461,1536,236,0,0,87862,0,0,365,7,0,0,0,0,0,1646,9945,124,0,0,0,0,0
374,5848,375.3192443067557,99948,229,125,39,11,7544,3729,0.11278865009805099,117,63,44558,45906,4819,2357,237,1537,1619,251,0,0,87728,0,0,370,7,0,0,0,0,0,1735,9975,133,0,0,0,0,0
375,5848,376.07583828781986,99948,232,122,39,11,7568,3745,0.11318885820626726,116,54,44531,45831,4828,2365,253,1616,1705,267,0,0,87596,0,0,371,8,0,0,0,0,0,1830,10003,140,0,0,0,0,0
376,5848,377.2115566646022,99948,239,127,39,11,7614,3760,0.11379917557129707,111,60,44495,45749,4845,2356,270,1696,1794,284,0,0,87450,0,0,373,9,0,0,0,0,0,1930,10041,145,0,0,0,0,0
377,5848,378.3480716134555,99948,237,124,39,11,7647,3778,0.11430944090927282,120,70,44458,45648,4858,2365,287,1781,1885,302,0,0,87295,0,0,377,9,0,0,0,0,0,2033,10083,151,0,0,0,0,0
378,5848,379.10623421083625,99948,225,124,39,11,7656,3792,0.11453956057149718,134,72,44430,45547,4868,2372,303,1873,1979,320,0,0,87156,0,0,379,9,0,0,0,0,0,2139,10108,157,0,0,0,0,0
379,5848,380.24437145915624,99948,239,125,39,11,7700,3815,0.11520990915275943,133,67,44389,45451,4880,2380,319,1965,2076,339,0,0,87003,0,0,384,9,0,0,0,0,0,2245,10140,167,0,0,0,0,0
380,5848,381.00364091895307,99947,225,122,40,11,7723,3826,0.11555124215834392,135,74,44358,45348,4903,2382,338,2062,2176,359,0,0,86845,0,0,384,10,0,0,0,0,0,2353,10177,178,0,0,0,0,0
381,5848,382.14362488863327,99947,230,113,40,11,7768,3838,0.11612154441854183,129,82,44324,45241,4919,2393,357,2159,2279,380,0,0,86676,0,0,389,10,0,0,0,0,0,2466,10217,189,0,0,0,0,0
382,5848,383.28456040438545,99947,228,121,40,11,7808,3865,0.11679189970684463,134,64,44284,45153,4935,2394,378,2256,2385,402,0,0,86506,0,0,393,10,0,0,0,0,0,2579,10255,204,0,0,0,0,0
383,5848,384.04570267043295,99947,236,111,40,11,7833,3874,0.11713208000240127,129,65,44257,45051,4938,2401,399,2360,2494,425,0,0,86351,0,0,396,11,0,0,0,0,0,2702,10275,212,0,0,0,0,0
384,5848,385.18833316733287,99947,230,108,40,11,7861,3889,0.11756230802325232,139,65,44225,44952,4943,2403,422,2460,2606,449,0,0,86181,0,0,399,11,0,0,0,0,0,2823,10306,227,0,0,0,0,0
385,5848,386.33173720973906,99947,227,100,40,11,7894,3900,0.11800254134691386,142,66,44189,44841,4955,2412,446,2569,2721,474,0,0,86004,0,0,404,12,0,0,0,0,0,2951,10338,238,0,0,0,0,0
386,5848,387.09455680239074,99947,225,97,40,11,7919,3911,0.11836273224809149,142,65,44159,44736,4962,2409,471,2681,2839,500,0,0,85834,0,0,406,12,0,0,0,0,0,3082,10362,251,0,0,0,0,0
387,5848,388.23973049864304,99947,231,110,40,11,7959,3933,0.11898306102234184,129,57,44127,44624,4976,2403,496,2794,2960,527,0,0,85659,0,0,409,13,0,0,0,0,0,3218,10386,262,0,0,0,0,0
388,5848,389.0036374694359,99947,231,104,40,11,7982,3941,0.11929322540946702,134,60,44087,44506,4984,2405,523,2913,3084,555,0,0,85481,0,0,411,13,0,0,0,0,0,3361,10410,271,0,0,0,0,0
389,5848,390.150662993477,99947,229,104,40,11,8015,3958,0.1197934905499915,136,57,44040,44398,5004,2403,550,3026,3211,584,0,0,85284,0,0,414,13,0,0,0,0,0,3509,10448,279,0,0,0,0,0
390,5848,391.2988356748622,99947,235,100,40,11,8051,3971,0.12028375038770549,129,57,44022,44285,4996,2402,577,3144,3341,614,0,0,85093,0,0,417,13,0,0,0,0,0,3656,10476,292,0,0,0,0,0
391,5848,392.06460860654903,99947,235,97,40,11,8081,3980,0.12067395719731458,123,57,43986,44158,5009,2406,606,3270,3474,645,0,0,84908,0,0,421,13,0,0,0,0,0,3803,10493,309,0,0,0,0,0
392,5848,393.214401587997,99947,237,101,40,11,8115,3996,0.12117422233783906,127,59,43947,44033,5011,2403,637,3392,3610,678,0,0,84714,0,0,424,13,0,0,0,0,0,3956,10515,325,0,0,0,0,0
393,5848,394.3650532359987,99947,254,100,40,11,8161,4010,0.12177454050646842,122,57,43901,43917,5015,2404,667,3510,3749,712,0,0,84509,0,0,426,13,0,0,0,0,0,4119,10545,335,0,0,0,0,0
394,5848,395.1327809479583,99946,244,102,41,11,8184,4022,0.12212594801192644,124,57,43862,43797,5027,2391,701,3641,3891,747,0,0,84312,0,0,428,13,0,0,0,0,0,4276,10562,355,0,0,0,0,0
395,5848,396.28567013417586,99946,228,105,41,11,8218,4041,0.12265623436655794,121,54,43819,43665,5054,2389,736,3775,4036,783,0,0,84090,0,0,435,14,0,0,0,0,0,4440,10596,371,0,0,0,0,0
396,5848,397.0549863718145,99946,211,113,41,11,8239,4059,0.12304644508034339,121,47,43780,43535,5072,2379,774,3914,4184,821,0,0,83875,0,0,440,14,0,0,0,0,0,4612,10620,385,0,0,0,0,0
397,5848,398.21044711782275,99946,213,119,41,11,8274,4075,0.12355672062913974,116,39,43736,43415,5081,2367,812,4048,4335,860,0,0,83666,0,0,440,15,0,0,0,0,0,4780,10638,407,0,0,0,0,0
398,5848,399.36715272584144,99946,215,112,41,11,8309,4085,0.12400696376043063,121,40,43684,43286,5089,2357,849,4193,4489,900,0,0,83442,0,0,440,15,0,0,0,0,0,4954,10668,427,0,0,0,0,0
399,5848,400.1390334704395,99946,209,104,41,11,8330,4093,0.12429712044504032,119,47,43646,43138,5095,2362,889,4337,4645,942,0,0,83221,0,0,445,15,0,0,0,0,0,5137,10686,442,0,0,0,0,0
400,5848,401.29813996756826,99946,215,99,41,11,8366,4102,0.12474736357633122,128,54,43597,43003,5096,2353,922,4479,4804,985,0,0,82999,0,0,447,15,0,0,0,0,0,5317,10704,464,0,0,0,0,0
401,5848,402.0715324920499,99946,220,105,41,11,8394,4119,0.12519760670762212,124,50,43552,42863,5099,2342,963,4628,4966,1030,0,0,82788,0,0,450,16,0,0,0,0,0,5498,10705,489,0,0,0,0,0
402,5848,403.2329980232151,99945,232,98,42,11,8439,4132,0.1257791785482015,122,41,43494,42728,5103,2344,1006,4777,5131,1076,0,0,82554,0,0,453,19,0,0,0,0,0,5685,10724,510,0,0,0,0,0
403,5848,404.00806732572903,99945,243,90,42,11,8468,4145,0.12619940967532142,112,40,43444,42571,5105,2354,1053,4933,5299,1123,0,0,82315,0,0,454,19,0,0,0,0,0,5886,10747,524,0,0,0,0,0
404,5848,405.17228106269164,99945,227,86,42,11,8498,4156,0.12660963529941469,119,41,43394,42424,5120,2351,1097,5086,5470,1172,0,0,82065,0,0,459,19,0,0,0,0,0,6080,10772,550,0,0,0,0,0
405,5848,406.3380431786674,99944,217,78,43,11,8536,4166,0.12709117105579124,121,45,43336,42274,5140,2354,1142,5237,5643,1222,0,0,81802,0,0,464,19,0,0,0,0,0,6282,10806,571,0,0,0,0,0
406,5848,407.1161486838224,99944,220,81,43,11,8560,4173,0.12740134475306172,118,44,43295,42123,5134,2339,1189,5401,5819,1274,0,0,81580,0,0,469,19,0,0,0,0,0,6484,10795,597,0,0,0,0,0
407,5848,408.28473684322034,99944,225,73,43,11,8597,4181,0.1278515968942608,109,53,43246,41962,5138,2339,1238,5561,5998,1327,0,0,81329,0,0,477,19,0,0,0,0,0,6695,10806,618,0,0,0,0,0
408,5848,409.06444341635313,99943,223,73,44,11,8619,4189,0.12815304723692506,109,57,43194,41792,5139,2334,1290,5732,6180,1382,0,0,81089,0,0,478,19,0,0,0,0,0,6904,10807,646,0,0,0,0,0
409,5848,410.23578718324063,99943,211,78,44,11,8651,4209,0.1286733438059694,103,54,43135,41629,5162,2333,1344,5894,6364,1439,0,0,80813,0,0,481,19,0,0,0,0,0,7124,10839,667,0,0,0,0,0
410,5848,411.0176350269826,99943,204,81,44,11,8669,4220,0.12896350920024413,111,47,43081,41473,5162,2324,1397,6063,6551,1497,0,0,80567,0,0,482,19,0,0,0,0,0,7338,10839,698,0,0,0,0,0
411,5848,412.1922066388576,99943,204,80,44,11,8706,4231,0.1294437829562851,105,49,43034,41317,5162,2317,1450,6225,6740,1557,0,0,80307,0,0,484,19,0,0,0,0,0,7551,10848,734,0,0,0,0,0
412,5848,413.36807912405726,99943,190,86,44,11,8734,4249,0.1299040453058243,103,41,42980,41159,5175,2304,1507,6398,6932,1619,0,0,80034,0,0,488,20,0,0,0,0,0,7775,10863,763,0,0,0,0,0
413,5848,414.1529255389694,99943,198,86,44,11,8762,4260,0.13029426773260758,96,42,42916,40991,5179,2294,1566,6575,7126,1682,0,0,79769,0,0,488,21,0,0,0,0,0,8010,10871,784,0,0,0,0,0
414,5848,415.3321612024447,99943,194,95,44,11,8793,4276,0.13076453578539768,96,41,42859,40818,5181,2290,1625,6744,7323,1747,0,0,79493,0,0,491,22,0,0,0,0,0,8248,10882,807,0,0,0,0,0
415,5848,416.1192441018418,99943,188,101,44,11,8809,4288,0.13104469547642156,103,36,42801,40636,5179,2285,1684,6930,7522,1814,0,0,79223,0,0,492,22,0,0,0,0,0,8491,10885,830,0,0,0,0,0
416,5848,417.30176790149517,99943,179,102,44,11,8847,4301,0.13155498634221507,94,38,42731,40465,5204,2276,1747,7107,7724,1882,0,0,78921,0,0,499,22,0,0,0,0,0,8741,10910,850,0,0,0,0,0
417,5848,418.09120879008435,99942,164,94,45,11,8860,4306,0.13173640711612736,94,42,42674,40282,5212,2277,1810,7293,7928,1952,0,0,78640,0,0,500,24,0,0,0,0,0,8984,10915,879,0,0,0,0,0
418,5848,419.2775788295007,99942,156,91,45,11,8885,4318,0.1321066218406676,100,46,42606,40112,5219,2274,1873,7465,8134,2024,0,0,78352,0,0,501,24,0,0,0,0,0,9225,10924,916,0,0,0,0,0
419,5848,420.06957583442875,99942,168,91,45,11,8915,4328,0.13250685397530568,116,71,42516,39923,5214,2262,1940,7641,8342,2098,0,0,78068,11,1,502,24,0,0,0,0,0,9482,10914,940,0,0,0,0,0
420,5848,421.4089379839745,99942,167,90,45,11,8950,4348,0.13305717316043306,121,68,42448,39742,5211,2259,2007,7829,8553,2174,0,0,77762,63,3,501,27,0,0,0,0,0,9734,10881,971,0,0,0,0,0
421,5848,422.30303863757115,99942,177,99,45,11,8969,4364,0.13340737627824137,132,66,42373,39564,5191,2238,2081,8021,8766,2251,0,0,77489,75,6,502,27,0,0,0,0,0,9992,10851,1000,0,0,0,0,0
422,5848,423.1984598546775,99942,174,103,45,11,8994,4383,0.13384763162634328,136,64,42311,39385,5185,2234,2148,8202,8981,2330,0,0,77195,110,9,500,34,0,0,0,0,0,10248,10818,1028,0,0,0,0,0
423,5848,424.095275953259,99942,186,106,45,11,9030,4399,0.1343679334013728,131,71,42231,39186,5183,2233,2223,8392,9198,2411,0,0,76888,141,12,502,35,0,0,0,0,0,10521,10794,1049,0,0,0,0,0
424,5848,425.44321509431296,99942,189,110,45,11,9078,4423,0.13508835124372137,136,83,42135,38994,5199,2234,2295,8567,9417,2494,0,0,76556,195,17,508,35,0,0,0,0,0,10794,10764,1073,0,0,0,0,0
425,5848,426.3434831162835,99942,183,102,45,11,9101,4437,0.13545856596826159,138,86,42059,38809,5203,2234,2371,8757,9638,2579,0,0,76251,234,24,512,36,0,0,0,0,0,11053,10720,1112,0,0,0,0,0
426,5848,427.245374198526,99942,195,106,45,11,9139,4453,0.135998879350023,129,97,41984,38612,5195,2225,2451,8948,9860,2666,0,0,75954,263,28,515,38,0,0,0,0,0,11317,10676,1151,0,0,0,0,0
427,5848,428.1488856881036,99942,192,118,45,11,9159,4475,0.136419123091393,140,89,41894,38427,5194,2215,2534,9139,10084,2755,0,0,75651,292,32,513,40,0,0,0,0,0,11587,10639,1188,0,0,0,0,0
428,5848,429.0541006216158,99942,208,119,45,11,9193,4489,0.13689940165295872,134,95,41817,38223,5180,2212,2615,9339,10310,2846,0,0,75341,318,35,513,42,0,0,0,0,0,11868,10606,1219,0,0,0,0,0
429,5848,430.41480244807553,99942,212,119,45,11,9236,4512,0.13755978467511157,146,98,41726,38036,5179,2210,2691,9525,10537,2939,0,0,75011,367,38,519,46,0,0,0,0,0,12146,10561,1254,0,0,0,0,0
430,5848,431.32345645756044,99942,228,131,45,11,9269,4541,0.13818014448380062,147,98,41639,37835,5163,2209,2777,9715,10766,3033,0,0,74696,396,41,520,47,0,0,0,0,0,12429,10523,1290,0,0,0,0,0
431,5848,432.23388184936624,99941,231,148,46,11,9302,4568,0.13878188130997288,154,90,41550,37642,5156,2194,2862,9914,10997,3129,0,0,74373,431,44,517,51,0,0,0,0,0,12714,10486,1325,0,0,0,0,0
432,5848,433.14599937226757,99941,223,150,46,11,9331,4585,0.13924215287019343,160,92,41453,37442,5165,2185,2952,10119,11229,3227,0,0,74037,473,52,519,51,0,0,0,0,0,13000,10448,1361,0,0,0,0,0
433,5848,434.06018186738095,99941,238,156,46,11,9372,4607,0.1398725247896259,157,92,41366,37240,5154,2184,3038,10316,11462,3327,0,0,73709,504,58,523,52,0,0,0,0,0,13291,10408,1396,0,0,0,0,0
434,5848,435.434581720166,99940,260,149,47,11,9431,4638,0.14077446467880728,162,97,41256,37031,5153,2203,3121,10508,11697,3429,0,0,73345,561,68,530,52,0,0,0,0,0,13587,10370,1427,0,0,0,0,0
435,5848,436.3525994264221,99940,273,152,47,11,9472,4664,0.1414448669201521,170,89,41145,36831,5152,2209,3212,10707,11933,3533,0,0,73003,601,73,535,53,0,0,0,0,0,13884,10327,1464,0,0,0,0,0
436,5848,437.2729301827268,99940,282,150,47,11,9512,4678,0.1419851911146688,186,105,41021,36612,5152,2207,3311,10914,12170,3639,0,0,72669,629,83,541,56,0,0,0,0,0,14180,10284,1498,0,0,0,0,0
437,5848,438.1957391553759,99939,286,151,47,12,9549,4703,0.14260699026406107,198,113,40903,36402,5153,2210,3412,11111,12408,3747,0,0,72316,672,90,545,58,0,0,0,0,0,14483,10243,1532,0,0,0,0,0
438,5848,439.1210500815099,99939,283,159,47,12,9594,4732,0.14334744193958315,192,110,40800,36190,5169,2209,3508,11319,12648,3857,0,0,71957,728,95,552,59,0,0,0,0,0,14781,10189,1578,0,0,0,0,0
439,5848,440.04877621781907,99939,291,154,47,12,9643,4762,0.14413792413372156,179,96,40709,35991,5170,2222,3603,11524,12889,3969,0,0,71588,788,101,556,63,0,0,0,0,0,15083,10140,1620,0,0,0,0,0
440,5848,441.4444919434673,99939,303,166,47,12,9709,4805,0.14522858943955813,178,87,40591,35816,5181,2220,3699,11698,13131,4083,0,0,71224,844,118,567,64,0,0,0,0,0,15374,10081,1667,0,0,0,0,0
441,5848,442.37698075725524,99939,305,177,47,12,9752,4835,0.14595903501135693,185,86,40470,35590,5192,2216,3800,11918,13373,4199,0,0,70859,889,129,569,66,0,0,0,0,0,15683,10041,1703,0,0,0,0,0
442,5848,443.31203134691225,99939,313,171,47,12,9799,4855,0.1466294439608161,197,91,40354,35387,5188,2224,3900,12114,13616,4317,0,0,70483,946,132,572,68,0,0,0,0,0,15999,9996,1743,0,0,0,0,0
443,5848,444.24967529023303,99939,317,170,47,12,9846,4877,0.1473198651177218,199,97,40240,35192,5191,2221,4005,12307,13860,4437,0,0,70124,989,146,576,72,0,0,0,0,0,16300,9944,1788,0,0,0,0,0
444,5848,445.18986100291005,99938,319,159,47,13,9891,4890,0.1479016990534131,206,110,40112,34989,5205,2215,4110,12513,14105,4559,0,0,69745,1035,162,580,72,0,0,0,0,0,16617,9905,1822,0,0,0,0,0
445,5848,446.1328777895941,99938,322,157,47,13,9934,4915,0.14858212091496728,201,111,40008,34785,5203,2215,4218,12718,14350,4683,0,0,69375,1083,172,587,74,0,0,0,0,0,16929,9851,1867,0,0,0,0,0
446,5848,447.0786061933635,99938,337,152,47,13,9985,4942,0.14936260481498528,205,115,39867,34577,5216,2228,4327,12914,14596,4809,0,0,68994,1131,185,592,75,0,0,0,0,0,17249,9806,1906,0,0,0,0,0
447,5848,448.0271506840291,99938,341,162,47,13,10030,4969,0.150083051491925,218,111,39734,34386,5224,2221,4435,13106,14843,4936,0,0,68605,1174,196,592,77,0,0,0,0,0,17584,9776,1934,0,0,0,0,0
448,5848,449.4554594610652,99938,346,178,47,13,10103,5017,0.15129380215733754,220,101,39613,34200,5242,2230,4531,13277,15090,5065,0,0,68188,1249,214,595,79,0,0,0,0,0,17907,9738,1968,0,0,0,0,0
449,5848,450.40992798932234,99938,339,175,47,13,10148,5033,0.15190418059196703,220,124,39496,33987,5252,2225,4645,13475,15337,5196,0,0,67810,1296,225,600,85,0,0,0,0,0,18226,9685,2011,0,0,0,0,0
450,5848,451.36720458651854,99938,332,169,47,13,10188,5049,0.15246452800736457,231,136,39366,33803,5258,2214,4765,13664,15585,5329,0,0,67434,1339,240,608,88,0,0,0,0,0,18544,9629,2056,0,0,0,0,0
451,5848,452.32762930439975,99937,334,186,48,13,10238,5081,0.15328657053943984,245,138,39226,33600,5269,2206,4877,13856,15833,5464,0,0,67052,1387,250,605,94,0,0,0,0,0,18867,9581,2101,0,0,0,0,0
452,5848,453.2911670993214,99937,352,187,48,13,10302,5112,0.15423716941673254,229,130,39102,33387,5279,2221,4989,14061,16081,5601,0,0,66650,1438,261,616,95,0,0,0,0,0,19205,9536,2136,0,0,0,0,0
453,5848,454.257657673715,99937,338,186,48,13,10352,5132,0.1549376106947377,238,141,38964,33198,5303,2214,5108,14247,16330,5740,0,0,66244,1494,280,623,97,0,0,0,0,0,19535,9491,2173,0,0,0,0,0
454,5848,455.2276807794458,99937,346,199,48,13,10405,5168,0.15582817174820138,233,136,38834,32992,5302,2212,5236,14447,16579,5880,0,0,65867,1538,298,625,101,0,0,0,0,0,19850,9433,2225,0,0,0,0,0
455,5848,456.20091909523165,99937,351,195,48,13,10454,5198,0.15661866976195002,240,141,38696,32777,5311,2222,5353,14651,16828,6022,0,0,65464,1583,319,631,106,0,0,0,0,0,20186,9394,2254,0,0,0,0,0
456,5848,457.1774162752486,99937,358,201,48,13,10515,5232,0.15756926863924273,240,135,38556,32588,5321,2221,5476,14841,17077,6166,0,0,65070,1631,343,638,108,0,0,0,0,0,20508,9339,2300,0,0,0,0,0
457,5848,458.157447275933,99935,366,203,50,13,10572,5262,0.1584429879421624,228,132,38435,32390,5328,2225,5592,15036,17326,6312,0,0,64667,1683,358,643,111,0,0,0,0,0,20842,9288,2343,0,0,0,0,0
458,5848,459.14045959567204,99935,373,192,50,13,10625,5286,0.159213488767699,242,136,38291,32202,5337,2231,5706,15225,17575,6459,0,0,64264,1730,380,653,112,0,0,0,0,0,21176,9237,2383,0,0,0,0,0
459,5848,460.1270903911688,99934,389,180,50,14,10690,5311,0.16011567634638862,235,137,38137,32012,5353,2240,5835,15416,17823,6608,0,0,63851,1782,400,659,118,0,0,0,0,0,21515,9194,2415,0,0,0,0,0
460,5848,461.11744982731636,99934,381,186,50,14,10747,5346,0.1610362839474053,241,132,38000,31812,5367,2249,5960,15606,18071,6759,0,0,63424,1845,420,661,124,0,0,0,0,0,21856,9157,2447,0,0,0,0,0
461,5848,462.1115607574587,99934,381,189,50,14,10804,5371,0.16185682550483318,241,135,37848,31616,5386,2249,6093,15796,18319,6911,0,0,63018,1894,438,668,128,0,0,0,0,0,22194,9107,2487,0,0,0,0,0
462,5848,463.10957234865435,99934,385,199,50,14,10873,5406,0.1628975123581564,244,141,37683,31410,5413,2251,6224,15984,18567,7065,0,0,62609,1950,457,672,137,0,0,0,0,0,22527,9053,2529,0,0,0,0,0
463,5848,464.11173793671924,99934,392,203,50,14,10934,5441,0.16385814637660856,249,131,37532,31237,5424,2259,6352,16155,18814,7221,0,0,62211,1998,479,675,147,0,0,0,0,0,22854,8996,2574,0,0,0,0,0
464,5848,465.11796157850813,99929,417,199,53,16,11008,5472,0.16491709113470565,236,126,37384,31044,5426,2272,6483,16342,19061,7378,0,0,61799,2051,496,676,151,1,0,0,0,0,23190,8944,2621,0,0,0,0,0
465,5848,466.1279353091036,99929,431,207,53,16,11074,5515,0.16600786558456504,232,114,37223,30876,5447,2273,6613,16513,19307,7537,0,0,61389,2106,519,680,155,1,0,0,0,0,23522,8889,2668,0,0,0,0,0
466,5848,467.14198656708396,99929,435,211,53,16,11145,5545,0.1670185831940678,228,114,37075,30702,5465,2265,6743,16691,19553,7697,0,0,60983,2156,543,691,161,1,0,0,0,0,23852,8828,2714,0,0,0,0,0
467,5848,468.1602436222426,99929,433,222,53,16,11203,5583,0.16797926527834764,243,102,36908,30524,5483,2265,6879,16870,19798,7859,0,0,60568,2208,563,701,163,1,0,0,0,0,24192,8774,2759,0,0,0,0,0
468,5848,469.18281437784,99928,449,217,53,17,11272,5613,0.16897165959490834,243,103,36747,30338,5492,2274,7015,17050,20043,8022,0,0,60153,2258,587,699,174,1,0,0,0,0,24530,8730,2796,0,0,0,0,0
469,5848,470.20985322902163,99928,420,220,53,17,11319,5640,0.16971219277880073,280,126,36576,30140,5524,2281,7146,17215,20287,8187,0,0,59711,2330,609,702,177,1,0,0,0,0,24878,8688,2832,0,0,0,0,0
470,5848,471.24131099461687,99928,430,221,53,17,11396,5675,0.17083299975982708,264,126,36411,29953,5554,2292,7287,17390,20531,8353,0,0,59291,2381,645,707,184,1,0,0,0,0,25209,8642,2868,0,0,0,0,0
471,5848,472.27761970339844,99928,429,230,53,17,11460,5708,0.17180369866303738,285,133,36244,29759,5569,2295,7419,17565,20774,8520,0,0,58868,2433,669,713,188,1,0,0,0,0,25554,8596,2906,0,0,0,0,0
472,5848,473.3185844709249,99928,412,224,53,17,11520,5744,0.17276439036105995,300,130,36082,29587,5594,2309,7558,17732,21016,8689,0,0,58457,2498,712,716,194,1,0,0,0,0,25856,8527,2967,0,0,0,0,0
473,5848,474.36423509209897,99928,440,220,53,17,11609,5779,0.17400528380433913,274,123,35930,29410,5613,2317,7689,17912,21257,8859,0,0,58034,2553,744,723,199,1,0,0,0,0,26191,8477,3006,0,0,0,0,0
474,5848,475.4141830416617,99928,450,225,53,17,11682,5816,0.17510607637498998,279,126,35770,29230,5629,2327,7818,18074,21497,9030,0,0,57627,2596,780,728,207,1,0,0,0,0,26516,8425,3048,0,0,0,0,0
475,5848,476.46874723227603,99927,484,238,53,18,11771,5858,0.17641878571357092,264,114,35616,29064,5627,2329,7955,18236,21737,9202,0,0,57221,2638,808,730,210,4,0,0,0,0,26848,8376,3092,0,0,0,0,0
476,5848,477.5277510509773,99925,486,228,55,18,11836,5890,0.1773930447835877,261,112,35475,28909,5639,2345,8083,18387,21976,9376,0,0,56792,2700,839,733,217,4,0,0,0,0,27183,8325,3132,0,0,0,0,0
477,5848,478.0582098426577,99925,483,222,55,18,11861,5903,0.17777332999749812,273,119,35311,28704,5632,2342,8245,18594,22214,9551,0,0,56421,2715,865,736,220,4,0,0,0,0,27513,8265,3186,0,0,0,0,0
478,5848,479.1260041741494,99925,474,216,55,18,11928,5931,0.1787240430322742,279,127,35143,28545,5665,2344,8383,18749,22451,9727,0,0,55993,2779,894,742,227,4,0,0,0,0,27844,8210,3232,0,0,0,0,0
479,5848,480.1989276355856,99925,476,219,55,18,12000,5970,0.17983487615711785,286,123,34967,28396,5693,2352,8522,18891,22687,9904,0,0,55575,2838,928,741,239,4,0,0,0,0,28168,8156,3276,0,0,0,0,0
480,5848,481.276994333172,99925,481,220,55,18,12074,6006,0.18093570177633225,290,121,34806,28235,5717,2360,8650,19045,22922,10082,0,0,55161,2895,956,748,246,4,0,0,0,0,28494,8091,3330,0,0,0,0,0
481,5848,482.3601544691605,99925,501,219,55,18,12168,6037,0.182186639979985,279,130,34630,28077,5744,2368,8790,19187,23156,10261,0,0,54737,2950,992,759,250,4,0,0,0,0,28827,8036,3370,0,0,0,0,0
482,5848,483.44867118929835,99925,499,223,55,18,12242,6069,0.18324743557668252,280,136,34461,27926,5760,2370,8944,19326,23389,10441,0,0,54307,3009,1023,764,257,4,0,0,0,0,29165,7989,3407,0,0,0,0,0
483,5848,484.54250136314295,99925,479,209,55,18,12305,6104,0.18422817112834625,289,132,34311,27775,5789,2391,9076,19474,23620,10622,0,0,53875,3079,1070,775,260,4,0,0,0,0,29479,7928,3455,0,0,0,0,0
484,5848,485.0908621802096,99925,487,212,55,18,12338,6122,0.1847385539154366,287,132,34166,27600,5773,2387,9231,19650,23850,10804,0,0,53498,3093,1095,769,267,4,0,0,0,0,29817,7885,3497,0,0,0,0,0
485,5848,486.19459411617703,99924,476,208,56,18,12414,6160,0.18588126976502142,289,132,34008,27445,5803,2401,9367,19795,24079,10986,0,0,53055,3167,1139,770,276,4,0,0,0,0,30141,7841,3531,0,0,0,0,0
486,5848,487.30322669665395,99924,495,199,56,18,12495,6185,0.1869420759777431,281,142,33861,27302,5803,2404,9503,19934,24307,11169,0,0,52643,3203,1186,779,278,4,0,0,0,0,30468,7797,3566,0,0,0,0,0
487,5848,488.4169170183029,99924,486,204,56,18,12558,6215,0.18787278331531965,299,142,33687,27155,5835,2409,9636,20071,24534,11353,0,0,52230,3240,1230,789,280,5,0,0,0,0,30798,7752,3600,0,0,0,0,0
488,5848,489.53578532685486,99923,492,201,57,18,12642,6251,0.18907558820291626,304,145,33508,26997,5857,2424,9781,20214,24760,11538,0,0,51824,3288,1279,797,287,5,0,0,0,0,31103,7689,3651,0,0,0,0,0
489,5848,490.09679780985465,99923,504,209,57,18,12688,6272,0.18974610450046536,306,142,33349,26817,5841,2418,9942,20395,24984,11723,0,0,51453,3309,1303,796,290,5,0,0,0,0,31429,7631,3707,0,0,0,0,0
490,5848,491.22694831491117,99923,502,216,57,18,12764,6315,0.19093702150656006,304,134,33199,26673,5858,2429,10079,20529,25207,11909,0,0,51042,3362,1342,802,300,5,0,0,0,0,31742,7574,3754,0,0,0,0,0
491,5848,492.36225579655616,99922,514,221,57,19,12852,6361,0.19227997838313884,288,126,33047,26528,5886,2442,10207,20663,25429,12096,0,0,50629,3408,1395,810,308,5,0,0,0,0,32054,7523,3790,0,0,0,0,0
492,5848,493.50260017382277,99922,524,220,57,19,12939,6389,0.193430876083345,280,136,32896,26390,5907,2450,10335,20784,25649,12283,0,0,50231,3447,1441,815,318,6,0,0,0,0,32364,7469,3831,0,0,0,0,0
493,5848,494.0741765867252,99922,512,218,57,19,12973,6409,0.19397129761213747,285,135,32747,26225,5905,2447,10493,20955,25868,12471,0,0,49875,3461,1486,818,323,6,0,0,0,0,32660,7401,3892,0,0,0,0,0
494,5848,495.2252256766514,99921,513,224,58,19,13067,6446,0.19528427457691577,288,132,32568,26109,5940,2449,10632,21066,26086,12659,0,0,49466,3505,1540,822,335,8,0,0,0,0,32967,7353,3925,0,0,0,0,0
495,5848,496.38221353446284,99919,496,220,60,19,13146,6474,0.19635905083117325,274,142,32430,25963,5978,2464,10761,21191,26302,12848,0,0,49052,3566,1587,822,348,9,0,0,0,0,33272,7297,3966,0,0,0,0,0
496,5848,497.5448325574333,99919,496,229,60,19,13226,6515,0.19757003172569781,272,144,32297,25842,5991,2462,10883,21303,26517,13037,0,0,48655,3607,1641,827,358,9,0,0,0,0,33572,7244,4006,0,0,0,0,0
497,5848,498.12724364364567,99919,484,217,60,19,13264,6528,0.19808044516058007,270,147,32142,25689,6000,2465,11043,21462,26730,13226,0,0,48283,3626,1684,833,364,9,0,0,0,0,33881,7189,4050,0,0,0,0,0
498,5848,499.3002307515731,99919,482,213,60,19,13337,6559,0.19912128824347722,272,159,31992,25558,6024,2470,11169,21580,26942,13416,0,0,47883,3677,1725,833,378,9,0,0,0,0,34187,7134,4093,0,0,0,0,0
499,5848,500.4785680350304,99919,460,233,60,19,13396,6614,0.20026221239203756,281,132,31861,25457,6040,2470,11297,21688,27153,13606,0,0,47489,3720,1783,837,386,9,0,0,0,0,34478,7079,4138,0,0,0,0,0
500,5848,501.0690069042391,99919,471,238,60,19,13444,6633,0.2009327555319809,277,131,31699,25318,6035,2453,11457,21840,27362,13796,0,0,47135,3716,1824,839,396,9,0,0,0,0,34793,7036,4171,0,0,0,0,0
501,5848,502.2584739940119,99918,480,261,61,19,13532,6694,0.2024259893112352,261,105,31539,25197,6063,2467,11595,21950,27570,13986,0,0,46730,3761,1872,851,403,9,0,0,0,0,35101,6984,4207,0,0,0,0,0
502,5848,503.45388209627123,99917,468,256,62,19,13604,6730,0.20350891239728974,263,103,31384,25074,6094,2485,11728,22062,27776,14176,0,0,46327,3804,1921,866,410,10,0,0,0,0,35404,6931,4244,0,0,0,0,0
503,5848,504.0530869861494,99917,470,247,62,19,13649,6740,0.2040593692764995,254,110,31227,24915,6099,2483,11887,22225,27981,14366,0,0,45960,3815,1963,868,416,10,0,0,0,0,35717,6890,4278,0,0,0,0,0
504,5848,505.2608000901515,99917,474,234,62,19,13735,6770,0.20522033287628733,245,128,31071,24796,6124,2499,12023,22323,28184,14557,0,0,45555,3865,2016,879,424,10,0,0,0,0,36016,6840,4312,0,0,0,0,0
505,5848,506.47483490990214,99916,469,227,63,19,13804,6810,0.20631330317466673,260,116,30925,24682,6131,2523,12151,22432,28386,14748,0,0,45157,3924,2063,882,433,10,0,0,0,0,36305,6782,4360,0,0,0,0,0
506,5848,507.0831416034091,99915,473,230,63,20,13847,6832,0.20696592103287795,250,110,30787,24557,6126,2520,12300,22562,28586,14939,0,0,44794,3940,2090,884,442,10,0,0,0,0,36622,6734,4399,0,0,0,0,0
507,5848,508.3086077383596,99915,466,218,63,20,13921,6870,0.20808687384276636,261,100,30655,24470,6143,2543,12411,22648,28785,15129,0,0,44396,3992,2151,889,451,10,0,0,0,0,36903,6686,4437,0,0,0,0,0
508,5848,509.5392922002127,99915,463,204,63,20,13998,6908,0.2092378521743482,257,105,30511,24379,6162,2560,12543,22731,28982,15319,0,0,44020,4034,2218,887,470,10,0,0,0,0,37166,6633,4477,0,0,0,0,0
509,5848,510.1560318032672,99915,462,208,63,20,14042,6929,0.2098884051443727,238,96,30386,24247,6150,2558,12700,22870,29178,15509,0,0,43676,4041,2262,886,477,11,0,0,0,0,37457,6584,4521,0,0,0,0,0
510,5848,511.3983472530261,99915,470,212,63,20,14116,6963,0.21096932392533654,220,90,30277,24157,6148,2552,12821,22968,29372,15699,0,0,43313,4066,2315,891,488,11,0,0,0,0,37740,6533,4558,0,0,0,0,0
511,5848,512.0204015523221,99915,467,202,63,20,14147,6976,0.21140969824350697,222,87,30147,24040,6130,2549,12970,23101,29565,15889,0,0,42980,4064,2372,889,492,11,0,0,0,0,38018,6487,4602,0,0,0,0,0
512,5848,513.2727493669414,99915,470,205,63,20,14225,7009,0.21252064254616423,204,89,30014,23966,6150,2555,13098,23164,29756,16079,0,0,42599,4101,2412,900,503,12,0,0,0,0,38318,6439,4631,0,0,0,0,0
513,5848,514.5304420123864,99914,469,197,64,20,14300,7031,0.2134936044998699,199,90,29892,23879,6157,2552,13218,23261,29946,16268,0,0,42243,4125,2478,903,512,12,0,0,0,0,38580,6388,4673,0,0,0,0,0
514,5848,515.1607006081363,99913,460,201,65,20,14330,7050,0.21398616796613054,203,88,29750,23760,6150,2537,13371,23393,30134,16457,0,0,41921,4125,2520,897,523,14,0,0,0,0,38856,6339,4718,0,0,0,0,0
515,5848,516.429830114062,99912,447,193,66,20,14375,7070,0.21463888221635039,224,98,29636,23704,6139,2530,13487,23454,30320,16646,0,0,41581,4134,2579,899,531,16,0,0,0,0,39123,6293,4756,0,0,0,0,0
516,5848,517.065404231144,99911,444,190,67,20,14420,7082,0.21521153826905945,217,99,29501,23581,6134,2517,13636,23592,30505,16834,0,0,41245,4144,2623,900,536,17,0,0,0,0,39403,6246,4797,0,0,0,0,0
517,5848,518.3453986115987,99911,428,190,67,20,14486,7118,0.21623244687772117,216,99,29385,23502,6158,2537,13745,23651,30688,17022,0,0,40879,4172,2691,903,546,18,0,0,0,0,39670,6206,4826,0,0,0,0,0
518,5848,519.6303720229912,99911,424,185,67,20,14552,7152,0.21723333767052677,207,94,29271,23440,6176,2544,13854,23716,30870,17210,0,0,40522,4198,2762,906,552,18,0,0,0,0,39928,6163,4862,0,0,0,0,0
519,5848,520.27390712927,99911,420,185,67,20,14581,7167,0.21767372961936124,215,92,29121,23322,6174,2544,14002,23836,31050,17397,0,0,40189,4197,2799,904,561,18,0,0,0,0,40221,6131,4891,0,0,0,0,0
520,5848,521.5707833182839,99911,412,192,67,20,14654,7204,0.2187747094914474,198,78,29009,23266,6190,2548,14123,23895,31229,17584,0,0,39838,4231,2857,907,572,19,0,0,0,0,40478,6078,4931,0,0,0,0,0
521,5848,522.2205682540466,99911,400,179,67,20,14679,7211,0.21909499454514517,201,90,28885,23150,6180,2550,14266,24010,31406,17770,0,0,39517,4236,2902,899,585,20,0,0,0,0,40749,6039,4964,0,0,0,0,0
522,5848,523.5290336156498,99909,397,175,68,21,14749,7240,0.22009028215676266,189,89,28765,23077,6200,2551,14380,24086,31582,17955,0,0,39172,4247,2975,907,593,20,0,0,0,0,41006,6000,4989,0,0,0,0,0
523,5848,524.1841676612722,99909,381,169,68,21,14771,7255,0.22046061916343873,198,91,28637,22964,6187,2554,14528,24200,31756,18140,0,0,38861,4247,3022,906,603,20,0,0,0,0,41268,5952,5030,0,0,0,0,0
524,5848,525.5042312266069,99909,373,186,68,21,14844,7286,0.22150156642544716,170,78,28536,22925,6213,2537,14639,24252,31929,18324,0,0,38525,4265,3073,914,615,20,0,0,0,0,41529,5905,5063,0,0,0,0,0
525,5848,526.1652877200165,99909,364,180,68,21,14873,7296,0.2218919216487003,164,85,28419,22812,6205,2530,14779,24371,32100,18508,0,0,38223,4253,3131,908,625,21,0,0,0,0,41783,5870,5095,0,0,0,0,0
526,5848,527.4963250247125,99908,343,179,69,21,14924,7320,0.22264483324658685,166,89,28306,22748,6221,2528,14894,24434,32270,18691,0,0,37888,4265,3192,913,634,22,0,0,0,0,42038,5834,5122,0,0,0,0,0
527,5848,528.1629971434088,99908,336,182,69,21,14945,7334,0.22299515554309965,169,92,28175,22631,6212,2525,15038,24548,32438,18873,0,0,37586,4254,3232,912,643,22,0,0,0,0,42309,5798,5152,0,0,0,0,0
528,5848,529.5056022369326,99908,331,174,69,21,14998,7361,0.22379589222084317,173,88,28088,22594,6208,2537,15130,24585,32605,19055,0,0,37261,4269,3296,911,656,22,0,0,0,0,42553,5760,5180,0,0,0,0,0
529,5848,530.1778592550565,99908,330,179,69,21,15026,7381,0.2242763342274893,171,78,27957,22501,6198,2531,15274,24689,32770,19236,0,0,36973,4259,3341,913,660,23,0,0,0,0,42804,5711,5224,0,0,0,0,0
530,5848,531.5310753324857,99908,323,169,69,21,15093,7401,0.22514713536453537,159,81,27876,22473,6196,2532,15376,24723,32934,19416,0,0,36668,4265,3420,919,667,24,0,0,0,0,43020,5660,5265,0,0,0,0,0
531,5848,532.2085589052937,99907,316,171,70,21,15117,7419,0.22556977989530264,160,73,27756,22384,6182,2530,15515,24820,33096,19595,0,0,36384,4260,3465,917,674,24,0,0,0,0,43262,5609,5312,0,0,0,0,0
532,5848,533.5722328914004,99907,302,156,70,21,15160,7438,0.2261903570320398,165,89,27672,22339,6183,2532,15607,24862,33257,19773,0,0,36068,4275,3519,923,684,25,0,0,0,0,43504,5567,5342,0,0,0,0,0
533,5848,534.2546809921598,99907,302,159,70,21,15185,7454,0.2266007386869789,177,84,27555,22242,6150,2525,15745,24968,33416,19951,0,0,35799,4254,3570,920,693,25,0,0,0,0,43741,5523,5382,0,0,0,0,0
534,5848,535.6285223607163,99907,282,156,70,21,15238,7475,0.22734142752760067,170,94,27475,22201,6166,2517,15836,25010,33574,20128,0,0,35490,4272,3626,928,704,25,0,0,0,0,43972,5471,5419,0,0,0,0,0
535,5848,536.3161309258912,99907,282,157,70,21,15262,7490,0.22773179056522566,172,88,27371,22127,6138,2509,15966,25097,33730,20304,0,0,35217,4259,3671,921,715,25,0,0,0,0,44211,5432,5456,0,0,0,0,0
536,5848,537.0066603149504,99907,292,150,70,21,15292,7504,0.2281722001461359,163,91,27262,22023,6112,2511,16100,25203,33885,20479,0,0,34937,4250,3717,915,724,25,0,0,0,0,44454,5396,5489,0,0,0,0,0
537,5848,538.3957563433322,99907,287,148,70,21,15351,7532,0.22904300999929936,152,85,27178,21994,6126,2516,16186,25235,34038,20653,0,0,34616,4274,3767,921,732,25,0,0,0,0,44695,5360,5517,0,0,0,0,0
538,5848,539.0908283691251,99907,288,146,70,21,15376,7549,0.2294634009628955,145,78,27055,21927,6116,2508,16325,25319,34190,20826,0,0,34335,4264,3801,922,744,26,0,0,0,0,44947,5326,5542,0,0,0,0,0
539,5848,540.4905248473933,99907,270,134,70,21,15420,7569,0.23010399671694676,163,88,26976,21910,6125,2512,16395,25334,34340,20998,0,0,34015,4289,3853,924,754,26,0,0,0,0,45185,5297,5564,0,0,0,0,0
540,5848,541.1910310560811,99907,262,138,70,21,15450,7583,0.230544406297857,154,85,26869,21837,6116,2501,16528,25417,34489,21169,0,0,33734,4286,3894,925,761,26,0,0,0,0,45426,5260,5595,0,0,0,0,0
541,5848,542.6010829759002,99907,262,126,70,21,15498,7601,0.23120502066922238,154,84,26790,21817,6107,2504,16616,25447,34636,21339,0,0,33430,4302,3944,928,766,26,0,0,0,0,45660,5228,5623,0,0,0,0,0
542,5848,543.3066468790096,99907,261,122,70,21,15528,7612,0.23161540232416147,143,81,26691,21738,6093,2501,16741,25536,34782,21508,0,0,33170,4290,3991,922,778,26,0,0,0,0,45881,5190,5659,0,0,0,0,0
543,5848,544.0152683858826,99907,257,125,70,21,15544,7631,0.23196572812715827,147,73,26599,21660,6070,2503,16856,25617,34927,21676,0,0,32916,4280,4029,916,789,26,0,0,0,0,46104,5147,5700,0,0,0,0,0
544,5848,545.4404692729036,99907,255,120,70,21,15591,7652,0.23264636111583772,127,69,26562,21661,6055,2500,16930,25628,35070,21843,0,0,32648,4276,4083,914,807,27,0,0,0,0,46316,5110,5726,0,0,0,0,0
545,5848,546.1530753470145,99907,263,126,70,21,15619,7665,0.23305674277077681,116,62,26471,21595,6027,2484,17052,25711,35212,22009,0,0,32391,4253,4126,914,811,28,0,0,0,0,46551,5083,5750,0,0,0,0,0
546,5848,547.5855776287748,99907,242,122,70,21,15665,7684,0.23370734783348515,113,67,26413,21608,6042,2483,17119,25698,35352,22174,0,0,32109,4266,4183,914,825,28,0,0,0,0,46759,5045,5778,0,0,0,0,0
547,5848,548.3020292919,99906,223,116,71,21,15682,7694,0.233979941144676,111,69,26323,21563,6035,2480,17236,25750,35491,22338,0,0,31853,4259,4227,913,835,28,0,0,0,0,46972,5005,5814,0,0,0,0,0
548,5848,549.0212781553462,99906,201,115,71,21,15693,7702,0.23417011991271797,120,72,26232,21508,6020,2469,17355,25814,35629,22501,0,0,31609,4245,4271,914,844,28,0,0,0,0,47184,4961,5850,0,0,0,0,0
549,5848,550.4676600292095,99906,198,114,71,21,15727,7729,0.23478069385222108,118,57,26213,21533,5978,2469,17421,25805,35765,22663,0,0,31357,4233,4338,915,852,29,0,0,0,0,47381,4927,5874,0,0,0,0,0
550,5848,551.1905876005306,99906,199,112,71,21,15748,7739,0.23509098552639482,113,53,26117,21469,5955,2466,17544,25878,35900,22824,0,0,31107,4224,4375,909,862,29,0,0,0,0,47603,4896,5901,0,0,0,0,0
551,5848,552.6435172022531,99906,207,113,71,21,15791,7761,0.2357415971012752,116,46,26085,21473,5915,2461,17605,25885,36034,22984,0,0,30863,4203,4443,905,872,29,0,0,0,0,47798,4870,5923,0,0,0,0,0
552,5848,553.3699047963419,99905,207,108,72,21,15812,7764,0.23598418497572693,111,50,26008,21413,5891,2449,17710,25958,36166,23143,0,0,30625,4185,4482,902,880,29,0,0,0,0,48012,4837,5953,0,0,0,0,0
553,5848,554.0985536323535,99905,211,104,72,21,15833,7771,0.23626445122866724,100,53,25942,21365,5862,2439,17812,26017,36297,23301,0,0,30395,4170,4517,901,888,29,0,0,0,0,48221,4794,5990,0,0,0,0,0
554,5848,555.5621549970643,99905,209,102,72,21,15874,7793,0.2368950502977829,99,40,25901,21386,5847,2441,17871,26009,36427,23457,0,0,30154,4174,4567,897,900,30,0,0,0,0,48405,4749,6029,0,0,0,0,0
555,5848,556.2935297764509,99905,206,94,72,21,15894,7801,0.2371753165507232,95,41,25828,21342,5821,2439,17977,26062,36555,23612,0,0,29920,4159,4611,896,907,32,0,0,0,0,48608,4718,6054,0,0,0,0,0
556,5848,557.0275153711844,99905,196,93,72,21,15910,7810,0.23742555427656273,87,39,25751,21282,5804,2437,18089,26127,36682,23766,0,0,29684,4149,4649,896,908,35,0,0,0,0,48815,4683,6086,0,0,0,0,0
557,5848,558.5021540509772,99905,198,92,72,21,15945,7828,0.23795605825534258,80,35,25735,21298,5765,2433,18149,26120,36808,23919,0,0,29461,4127,4705,899,916,36,0,0,0,0,48999,4646,6116,0,0,0,0,0
558,5848,559.2389605738437,99905,191,90,72,21,15963,7834,0.23819628647214855,78,38,25645,21253,5751,2427,18262,26170,36933,24071,0,0,29230,4119,4736,900,922,37,0,0,0,0,49205,4608,6148,0,0,0,0,0
559,5848,560.7196305859106,99905,183,81,72,21,15992,7848,0.23862669536059256,73,42,25619,21268,5736,2428,18316,26159,37056,24222,0,0,28988,4114,4790,903,927,38,0,0,0,0,49397,4578,6170,0,0,0,0,0
560,5848,561.4599165104626,99905,166,81,72,21,16000,7859,0.23881687603223062,72,39,25546,21209,5724,2426,18419,26223,37178,24372,0,0,28756,4098,4831,905,932,38,0,0,0,0,49600,4552,6193,0,0,0,0,0
561,5848,562.2024613938659,99905,160,81,72,21,16010,7867,0.23899704719483508,78,34,25461,21186,5706,2411,18522,26266,37299,24520,0,0,28529,4085,4861,903,938,38,0,0,0,0,49807,4525,6219,0,0,0,0,0
562,5848,563.6946202009713,99905,160,83,72,21,16040,7885,0.23947750362844702,76,28,25429,21213,5685,2406,18577,26248,37419,24667,0,0,28295,4078,4905,905,940,40,0,0,0,0,50002,4498,6242,0,0,0,0,0
563,5848,564.440646045303,99905,168,78,72,21,16060,7888,0.2397077223362194,65,25,25361,21175,5651,2399,18682,26301,37537,24813,0,0,28085,4056,4939,903,947,41,0,0,0,0,50199,4468,6267,0,0,0,0,0
564,5848,565.1889449993516,99905,155,73,72,21,16067,7890,0.23979780791752164,69,26,25298,21147,5628,2392,18777,26340,37654,24958,0,0,27874,4039,4979,899,953,41,0,0,0,0,50385,4438,6297,0,0,0,0,0
565,5848,566.6916111734419,99904,150,62,72,22,16095,7896,0.24014053491351697,64,31,25286,21180,5609,2386,18818,26318,37770,25102,0,0,27650,4030,5024,899,961,42,0,0,0,0,50569,4410,6319,0,0,0,0,0
566,5848,567.4421830908417,99904,150,64,72,22,16112,7902,0.24037075592568866,58,31,25228,21146,5581,2374,18910,26362,37885,25244,0,0,27448,4014,5056,894,969,42,0,0,0,0,50754,4375,6352,0,0,0,0,0
567,5848,568.1949557099125,99904,144,55,72,22,16128,7908,0.2405909673286355,52,32,25167,21126,5565,2368,18999,26396,37999,25385,0,0,27235,4006,5095,890,976,42,0,0,0,0,50934,4344,6382,0,0,0,0,0
568,5848,569.7059933086595,99904,138,58,72,22,16151,7922,0.24096132286995517,47,30,25159,21162,5545,2354,19038,26373,38111,25525,0,0,27025,3997,5140,888,980,43,0,0,0,0,51107,4314,6410,0,0,0,0,0
569,5848,570.4606672076159,99904,121,64,72,22,16155,7932,0.24110145739910313,52,22,25097,21128,5519,2349,19138,26414,38222,25664,0,0,26820,3977,5176,888,987,43,0,0,0,0,51294,4289,6430,0,0,0,0,0
570,5848,571.2174817590196,99904,127,62,72,22,16169,7935,0.24127162075592568,44,23,25044,21081,5482,2343,19230,26468,38332,25802,0,0,26613,3961,5204,884,991,44,0,0,0,0,51489,4269,6449,0,0,0,0,0
571,5848,572.7366848518898,99904,121,60,72,22,16179,7942,0.24144178411274825,48,20,25016,21080,5445,2333,19297,26484,38441,25939,0,0,26427,3938,5244,879,1000,46,0,0,0,0,51657,4238,6475,0,0,0,0,0
572,5848,573.0106523826835,99904,124,59,72,22,16186,7943,0.2415218609865471,44,19,24922,21024,5417,2315,19420,26560,38549,26074,0,0,26253,3906,5281,872,1008,46,0,0,0,0,51826,4208,6504,0,0,0,0,0
573,5848,574.3844597540366,99904,115,52,72,22,16207,7951,0.2418121396540679,43,23,24924,21084,5403,2311,19442,26507,38656,26208,0,0,26053,3904,5318,873,1015,46,0,0,0,0,51989,4168,6538,0,0,0,0,0
574,5848,575.1465549404218,99903,115,52,72,23,16216,7958,0.24197471547400978,41,19,24876,21043,5374,2307,19521,26555,38762,26341,0,0,25867,3887,5347,865,1025,46,0,0,0,0,52161,4139,6566,0,0,0,0,0
575,5848,576.1424156116929,99903,113,50,72,23,16228,7961,0.24212486111528184,44,23,24833,21036,5347,2291,19590,26576,38867,26473,0,0,25686,3862,5384,860,1033,47,0,0,0,0,52328,4113,6590,0,0,0,0,0
576,5848,577.6747959791724,99903,114,46,72,23,16250,7970,0.24243516210724403,34,19,24833,21108,5315,2279,19631,26524,38971,26604,0,0,25489,3859,5416,856,1041,47,0,0,0,0,52495,4082,6618,0,0,0,0,0
577,5848,578.4401345101508,99903,116,42,72,23,16255,7971,0.24249522036375284,31,19,24766,21069,5283,2266,19731,26580,39073,26733,0,0,25315,3835,5445,852,1045,48,0,0,0,0,52663,4053,6647,0,0,0,0,0
578,5848,579.0027730400034,99903,116,43,72,23,16257,7973,0.24253525920142538,31,19,24686,21001,5247,2256,19847,26657,39174,26861,0,0,25147,3807,5475,846,1052,48,0,0,0,0,52829,4026,6673,0,0,0,0,0
579,5848,580.0622378213735,99903,113,39,72,23,16268,7977,0.2426854048426974,32,20,24674,21026,5220,2244,19888,26647,39274,26988,0,0,24964,3787,5516,844,1055,48,0,0,0,0,52991,4004,6694,0,0,0,0,0
580,5848,581.4897277803819,99903,95,37,72,23,16284,7985,0.24292563786873267,28,18,24713,21122,5195,2224,19896,26575,39373,27114,0,0,24776,3779,5558,845,1060,48,0,0,0,0,53141,3974,6722,0,0,0,0,0
581,5848,582.2591861003389,99903,92,37,72,23,16284,7986,0.2429356475781508,28,17,24617,21038,5175,2216,20015,26668,39471,27239,0,0,24608,3757,5582,838,1068,48,0,0,0,0,53306,3948,6748,0,0,0,0,0
582,5848,583.0942294136831,99903,73,38,72,23,16290,7990,0.24303574467233216,34,15,24622,21077,5160,2209,20038,26637,39568,27363,0,0,24415,3749,5609,837,1075,48,0,0,0,0,53477,3929,6764,0,0,0,0,0
583,5848,584.1137438699554,99903,72,39,72,23,16291,7993,0.2430757835100047,37,15,24557,21041,5135,2195,20126,26686,39664,27485,0,0,24240,3734,5626,831,1082,48,0,0,0,0,53649,3907,6786,0,0,0,0,0
584,5848,585.0512100812775,99903,73,37,72,23,16300,7998,0.2432159194418586,34,12,24574,21081,5084,2181,20162,26665,39759,27606,0,0,24082,3701,5670,824,1091,48,0,0,0,0,53794,3889,6804,0,0,0,0,0
585,5848,586.0189395172938,99903,73,40,72,23,16305,8001,0.24329599711720368,32,11,24521,21033,5058,2172,20243,26720,39853,27726,0,0,23918,3678,5694,820,1096,50,0,0,0,0,53956,3868,6823,0,0,0,0,0
586,5848,587.0393468882509,99903,71,33,72,23,16318,8004,0.24345615246789384,24,11,24542,21083,5028,2162,20262,26687,39946,27845,0,0,23747,3665,5725,819,1103,50,0,0,0,0,54108,3841,6845,0,0,0,0,0
587,5848,588.1583856369708,99903,64,33,72,23,16321,8005,0.2434961913055664,29,14,24492,21075,5013,2144,20329,26710,40038,27963,0,0,23569,3659,5741,817,1105,51,0,0,0,0,54276,3818,6867,0,0,0,0,0
588,5848,589.4262975583567,99902,63,24,72,24,16331,8007,0.243618746371444,30,14,24500,21104,4991,2132,20343,26701,40129,28080,0,0,23390,3647,5767,814,1113,51,0,0,0,0,54438,3803,6879,0,0,0,0,0
589,5848,590.4233895766889,99902,58,22,72,24,16339,8010,0.24372885427719165,34,13,24516,21165,4952,2121,20367,26654,40219,28196,0,0,23217,3634,5795,808,1121,51,0,0,0,0,54595,3789,6892,0,0,0,0,0
590,5848,591.1153383213467,99902,60,21,72,24,16344,8012,0.2437989229444856,33,12,24480,21140,4926,2109,20428,26693,40308,28311,0,0,23060,3616,5815,806,1125,51,0,0,0,0,54748,3762,6919,0,0,0,0,0
591,5848,592.1349383039236,99902,52,28,72,24,16348,8019,0.24390903085023322,40,7,24458,21152,4901,2085,20476,26703,40397,28424,0,0,22910,3589,5853,801,1131,51,0,0,0,0,54887,3742,6938,0,0,0,0,0
592,5848,593.0032358639129,99902,54,23,72,24,16358,8021,0.2440291485655943,38,6,24471,21199,4869,2079,20495,26668,40485,28536,0,0,22747,3576,5879,798,1135,51,0,0,0,0,55036,3721,6959,0,0,0,0,0
593,5848,594.6070978436893,99902,55,23,72,24,16371,8025,0.24419931532902245,32,2,24480,21261,4843,2060,20517,26629,40572,28647,0,0,22594,3553,5916,794,1141,51,0,0,0,0,55175,3703,6975,0,0,0,0,0
594,5848,595.1908951517519,99902,61,22,72,24,16383,8025,0.2443194330443835,26,5,24463,21252,4819,2042,20558,26654,40658,28757,0,0,22438,3535,5940,789,1147,51,0,0,0,0,55325,3686,6991,0,0,0,0,0
595,5848,596.266646615953,99902,59,22,72,24,16392,8026,0.2444195311405177,25,9,24456,21270,4797,2028,20590,26646,40743,28866,0,0,22295,3520,5963,787,1153,51,0,0,0,0,55460,3652,7021,0,0,0,0,0
596,5848,597.0453677899236,99902,54,22,72,24,16398,8026,0.24447958999819824,24,13,24427,21266,4783,2014,20639,26660,40827,28974,0,0,22147,3499,5993,784,1158,51,0,0,0,0,55599,3632,7039,0,0,0,0,0
597,5848,598.7404461937386,99902,53,21,72,24,16401,8028,0.24452963904626535,31,12,24435,21284,4743,2006,20665,26652,40910,29081,0,0,22003,3477,6022,779,1163,51,0,0,0,0,55736,3613,7058,0,0,0,0,0
598,5848,599.4243906032382,99902,55,20,72,24,16407,8030,0.2446097175231727,31,10,24410,21285,4719,1996,20712,26664,40992,29187,0,0,21852,3467,6037,776,1167,51,0,0,0,0,55881,3589,7082,0,0,0,0,0
599,5848,600.1786065286886,99902,50,17,72,24,16408,8030,0.24461972733278614,32,10,24376,21269,4698,1991,20771,26688,41073,29292,0,0,21707,3450,6061,772,1173,51,0,0,0,0,56019,3569,7100,0,0,0,0,0
600,5848,601.0035717136669,99902,49,19,72,24,16413,8035,0.24471982542892035,33,7,24363,21262,4676,1987,20806,26700,41154,29396,0,0,21564,3437,6082,769,1177,51,0,0,0,0,56154,3543,7125,0,0,0,0,0
601,5848,602.1082806263599,99902,53,17,72,24,16423,8036,0.244829933334668,34,8,24365,21314,4650,1976,20825,26660,41234,29499,0,0,21421,3414,6113,767,1180,51,0,0,0,0,56289,3528,7139,0,0,0,0,0
602,5848,603.1584187283079,99902,52,19,72,24,16431,8040,0.24495005105002904,35,6,24384,21375,4627,1956,20829,26619,41313,29601,0,0,21278,3404,6132,762,1187,51,0,0,0,0,56423,3505,7160,0,0,0,0,0
603,5848,604.1349934181161,99902,56,17,72,24,16437,8041,0.245020119717323,36,7,24342,21368,4604,1949,20889,26634,41391,29702,0,0,21147,3380,6161,755,1194,51,0,0,0,0,56549,3488,7177,0,0,0,0,0
604,5848,605.2595777346069,99902,54,11,72,24,16441,8042,0.2450701687653901,43,9,24383,21419,4564,1935,20883,26601,41468,29801,0,0,21015,3363,6190,749,1201,51,0,0,0,0,56669,3467,7197,0,0,0,0,0
605,5848,606.0819975734737,99902,57,14,72,24,16453,8046,0.24523032571920483,33,7,24375,21427,4540,1922,20922,26605,41545,29899,0,0,20887,3344,6214,745,1208,51,0,0,0,0,56790,3443,7220,0,0,0,0,0
606,5848,607.2118722673607,99902,58,13,72,24,16462,8046,0.2453204140057256,28,7,24361,21422,4510,1912,20970,26621,41621,29996,0,0,20751,3331,6234,743,1211,52,0,0,0,0,56919,3422,7239,0,0,0,0,0
607,5848,608.1690999163053,99902,52,13,72,24,16474,8049,0.24547056114992694,27,6,24427,21519,4476,1898,20945,26539,41696,30092,0,0,20612,3320,6260,744,1214,52,0,0,0,0,57041,3400,7259,0,0,0,0,0
608,5848,609.1801412531712,99902,49,13,72,24,16475,8050,0.24549058076915378,28,5,24361,21476,4466,1887,21023,26594,41770,30187,0,0,20474,3308,6277,741,1217,52,0,0,0,0,57174,3384,7275,0,0,0,0,0
609,5848,610.3046996282196,99902,41,13,72,24,16483,8051,0.24558066905567455,25,4,24372,21511,4455,1872,21034,26575,41843,30281,0,0,20341,3298,6300,738,1223,52,0,0,0,0,57293,3363,7294,0,0,0,0,0
610,5848,611.091634575525,99902,45,10,72,24,16489,8052,0.2456507377229685,22,5,24389,21561,4428,1856,21043,26543,41916,30374,0,0,20212,3280,6323,736,1226,52,0,0,0,0,57417,3346,7310,0,0,0,0,0
611,5848,612.0827533254194,99902,47,11,72,24,16495,8053,0.24572080639026245,17,6,24364,21546,4402,1846,21097,26566,41988,30467,0,0,20085,3263,6343,733,1230,52,0,0,0,0,57541,3328,7327,0,0,0,0,0
612,5848,613.1692908860144,99902,50,12,72,24,16504,8056,0.2458409241056235,13,4,24417,21581,4369,1832,21078,26546,42059,30559,0,0,19970,3236,6377,728,1236,52,0,0,0,0,57649,3312,7342,0,0,0,0,0
613,5848,614.0098150188625,99902,47,11,72,24,16507,8057,0.2458809633440772,10,4,24421,21586,4347,1822,21102,26552,42129,30650,0,0,19845,3216,6404,725,1240,52,0,0,0,0,57767,3299,7354,0,0,0,0,0
614,5848,615.5731258579294,99902,39,11,72,24,16509,8059,0.24592100258253088,11,4,24482,21685,4318,1805,21077,26470,42199,30740,0,0,19727,3202,6428,720,1247,52,0,0,0,0,57875,3276,7375,0,0,0,0,0
615,5848,616.0092383483359,99902,40,12,72,24,16510,8060,0.24594102220175773,12,5,24437,21674,4300,1794,21138,26490,42268,30829,0,0,19605,3181,6449,718,1249,52,0,0,0,0,57997,3263,7388,0,0,0,0,0
616,5848,617.0951647888535,99902,40,15,72,24,16512,8063,0.24599107124982483,14,4,24448,21708,4268,1777,21157,26471,42336,30917,0,0,19497,3163,6468,710,1258,52,0,0,0,0,58104,3241,7409,0,0,0,0,0
617,5848,618.0477960350355,99902,39,15,72,24,16516,8064,0.24604112029789194,11,6,24499,21748,4237,1766,21141,26440,42404,31004,0,0,19375,3146,6491,710,1258,52,0,0,0,0,58220,3225,7425,0,0,0,0,0
618,5848,619.1263469602361,99902,33,12,72,24,16517,8065,0.24606113991711878,14,5,24511,21778,4213,1765,21156,26415,42471,31090,0,0,19250,3135,6511,710,1260,52,0,0,0,0,58336,3208,7440,0,0,0,0,0
619,5848,620.0992314335703,99902,33,13,72,24,16519,8067,0.24610117915557247,14,4,24507,21798,4187,1753,21186,26407,42537,31175,0,0,19141,3115,6532,704,1267,52,0,0,0,0,58444,3191,7456,0,0,0,0,0
620,5848,621.1739898228669,99902,33,11,72,24,16522,8069,0.24615122820363958,18,3,24558,21842,4155,1742,21163,26377,42603,31259,0,0,19030,3102,6549,703,1271,52,0,0,0,0,58551,3166,7478,0,0,0,0,0
621,5848,622.0681000086558,99902,35,9,72,24,16525,8070,0.24619126744209324,21,2,24532,21833,4129,1734,21210,26397,42668,31342,0,0,18914,3088,6567,698,1276,52,0,0,0,0,58663,3153,7491,0,0,0,0,0
622,5848,623.4729353544011,99902,36,8,72,24,16530,8071,0.24625132629977378,19,4,24585,21909,4099,1718,21188,26336,42732,31424,0,0,18797,3081,6580,695,1279,52,0,0,0,0,58774,3134,7510,0,0,0,0,0
623,5848,624.533592769699,99902,32,7,72,24,16534,8072,0.24630137534784088,19,5,24604,21942,4081,1704,21191,26317,42796,31505,0,0,18677,3073,6598,691,1283,52,0,0,0,0,58884,3121,7523,0,0,0,0,0
624,5848,625.3243973107875,99902,29,8,72,24,16537,8073,0.24634141458629458,18,5,24600,21965,4066,1691,21214,26306,42859,31586,0,0,18562,3060,6616,690,1285,52,0,0,0,0,58994,3106,7537,0,0,0,0,0
625,5848,626.0092567597267,99902,29,7,72,24,16540,8073,0.24637144401513483,15,5,24568,21957,4052,1686,21263,26320,42921,31666,0,0,18447,3049,6630,688,1288,52,0,0,0,0,59106,3092,7550,0,0,0,0,0
626,5848,627.4269840119102,99902,30,7,72,24,16544,8076,0.24644151268242878,16,2,24618,22044,4017,1679,21246,26243,42983,31745,0,0,18345,3029,6654,683,1295,52,0,0,0,0,59204,3078,7562,0,0,0,0,0
627,5848,628.02463542702,99902,34,6,72,24,16548,8076,0.24648155192088247,13,2,24595,22039,3998,1674,21287,26254,43044,31823,0,0,18246,3005,6679,678,1298,54,0,0,0,0,59302,3069,7571,0,0,0,0,0
628,5848,629.5646731045514,99902,34,8,72,24,16551,8078,0.24653160096894958,15,1,24638,22163,3962,1654,21278,26149,43104,31900,0,0,18142,2994,6693,674,1302,54,0,0,0,0,59403,3051,7589,0,0,0,0,0
629,5848,630.2517203855554,99902,34,9,72,24,16557,8079,0.24660166963624353,42,26,24650,22181,3931,1641,21270,26118,43164,31976,0,0,18038,2984,6706,670,1308,54,0,0,0,0,59503,3033,7606,0,0,0,0,0
630,5848,631.0048172377817,99902,43,11,72,24,16566,8082,0.24672178735160458,38,23,24651,22188,3910,1631,21285,26122,43223,32051,0,0,17933,2969,6721,666,1312,54,0,0,0,1,59607,3023,7616,0,0,0,0,0
631,5848,632.238454421243,99902,43,14,72,24,16571,8087,0.24682188544773878,39,21,24664,22202,3890,1624,21291,26114,43282,32126,0,0,17835,2953,6736,663,1317,54,1,0,0,5,59700,3005,7633,0,0,0,0,0
632,5848,633.1698624928316,99902,48,19,72,24,16580,8093,0.2469720325919401,42,18,24666,22240,3874,1620,21297,26078,43340,32200,0,0,17729,2944,6744,660,1321,54,4,0,0,6,59802,2988,7650,0,0,0,0,0
633,5848,634.2568739409248,99902,48,22,72,24,16591,8099,0.24714219935536827,46,16,24678,22303,3859,1610,21296,26024,43397,32273,0,0,17635,2924,6762,657,1328,54,6,0,0,14,59886,2973,7663,0,0,0,0,0
634,5848,635.0812120982613,99902,58,21,72,24,16605,8102,0.24731236611879642,48,24,24707,22343,3836,1604,21278,25983,43454,32345,0,0,17537,2906,6780,658,1329,54,8,0,0,18,59978,2957,7677,0,0,0,0,0
635,5848,636.2359429042046,99902,65,24,72,24,16622,8107,0.24753258193029168,46,29,24738,22399,3814,1596,21264,25927,43510,32417,0,0,17442,2897,6789,655,1334,54,11,0,0,25,60063,2933,7699,0,0,0,0,0
636,5848,637.0048860592597,99902,71,25,72,24,16634,8112,0.24770274869371983,47,28,24738,22428,3800,1588,21271,25906,43566,32488,0,0,17352,2874,6812,652,1337,54,14,0,0,32,60143,2919,7713,0,0,0,0,0
637,5848,638.157904188079,99902,68,30,72,24,16646,8122,0.24792296450521512,57,24,24764,22479,3778,1584,21260,25858,43621,32558,0,0,17257,2855,6829,651,1339,56,21,0,0,42,60221,2904,7727,0,0,0,0,0
638,5848,639.3095643336718,99901,72,29,73,24,16662,8130,0.24816568402718692,61,27,24789,22537,3764,1577,21240,25805,43676,32627,0,0,17159,2838,6844,652,1343,56,24,0,0,54,60304,2891,7736,0,0,0,0,0
639,5848,640.0766083335801,99901,83,27,73,24,16681,8133,0.2483859020430226,51,33,24778,22554,3759,1574,21255,25787,43730,32695,0,0,17058,2828,6851,653,1346,56,25,0,0,62,60396,2878,7748,0,0,0,0,0
640,5848,641.2274289849357,99901,86,37,73,24,16696,8146,0.24866617951772255,57,29,24801,22612,3731,1568,21251,25729,43783,32763,0,0,16968,2814,6863,653,1350,57,29,0,0,68,60476,2859,7764,0,0,0,0,0
641,5848,642.3771860215888,99901,87,47,73,24,16714,8162,0.24900651645128677,68,27,24826,22669,3727,1563,21218,25669,43836,32830,0,0,16873,2799,6875,647,1361,57,37,0,0,78,60553,2847,7774,0,0,0,0,0
642,5848,643.1428559949929,99901,100,55,73,24,16734,8171,0.24929680383579744,64,26,24834,22682,3706,1555,21222,25657,43888,32896,0,0,16783,2785,6889,647,1362,57,39,0,0,83,60636,2831,7789,0,0,0,0,0
643,5848,644.2906725237765,99901,99,49,73,24,16754,8177,0.24955706149087598,75,33,24861,22728,3698,1560,21193,25605,43940,32962,0,0,16692,2771,6901,646,1367,57,45,0,0,106,60698,2813,7805,0,0,0,0,0
644,5848,645.0550065314864,99901,102,48,73,24,16768,8181,0.2497372398674688,78,36,24868,22745,3685,1559,21193,25587,43991,33027,0,0,16606,2754,6915,643,1375,57,46,0,0,115,60774,2802,7814,0,0,0,0,0
645,5848,646.2010068135928,99900,113,48,73,25,16799,8189,0.25013013013013013,77,48,24882,22795,3678,1558,21176,25525,44042,33091,0,0,16504,2745,6920,646,1380,57,54,0,0,126,60856,2786,7826,0,0,0,0,0
646,5848,647.3462589420848,99900,126,51,73,25,16827,8201,0.25053053053053054,81,44,24919,22850,3672,1555,21128,25474,44092,33154,0,0,16413,2729,6934,641,1389,57,57,0,0,142,60928,2781,7829,0,0,0,0,0
647,5848,648.1086173790854,99900,135,58,73,25,16846,8214,0.25085085085085085,77,44,24913,22867,3660,1555,21141,25450,44142,33217,0,0,16320,2719,6944,642,1387,59,59,0,0,154,61007,2769,7840,0,0,0,0,0
648,5848,649.2517004397938,99900,147,63,73,25,16874,8230,0.2512912912912913,82,39,24945,22907,3644,1557,21108,25408,44191,33279,0,0,16232,2708,6955,639,1394,59,65,0,0,171,61072,2754,7851,0,0,0,0,0
649,5848,650.0129568281104,99900,142,60,73,25,16890,8234,0.25149149149149147,95,47,24947,22931,3641,1554,21101,25382,44240,33340,0,0,16146,2693,6969,638,1403,59,70,0,0,186,61138,2741,7857,0,0,0,0,0
650,5848,651.1544404403979,99900,153,64,73,25,16920,8246,0.2519119119119119,100,52,24948,22988,3640,1552,21085,25318,44288,33401,0,0,16054,2682,6979,636,1408,60,76,0,0,203,61207,2732,7863,0,0,0,0,0
651,5848,652.2953284826498,99899,167,73,74,25,16954,8268,0.25247499974974724,108,49,24963,23039,3635,1553,21052,25260,44336,33461,0,0,15964,2670,6986,633,1418,60,85,0,0,219,61271,2720,7873,0,0,0,0,0
652,5848,653.0553794488546,99899,179,75,74,25,16978,8275,0.252785313166298,110,53,24957,23067,3630,1542,21049,25237,44383,33520,0,0,15879,2660,6995,633,1424,60,90,0,0,225,61345,2704,7884,0,0,0,0,0
653,5848,654.1954752130771,99899,176,74,74,25,17011,8290,0.253265798456441,130,62,24963,23113,3641,1543,21015,25182,44430,33579,0,0,15792,2643,7006,633,1433,62,102,0,0,252,61393,2690,7893,0,0,0,0,0
654,5848,655.3349432746228,99899,180,70,74,25,17049,8297,0.2537162534159501,133,74,24984,23157,3656,1541,20972,25132,44476,33637,0,0,15707,2631,7015,633,1442,62,107,0,0,283,61442,2678,7899,0,0,0,0,0
655,5848,656.0940797329567,99899,183,83,74,25,17064,8314,0.25403657694271214,152,76,24960,23163,3653,1540,20977,25112,44522,33694,0,0,15632,2616,7027,629,1451,62,109,0,0,292,61506,2667,7908,0,0,0,0,0
656,5848,657.2332249481576,99899,201,92,74,25,17110,8335,0.25470725432687014,155,75,24986,23197,3653,1546,20930,25064,44568,33751,0,0,15548,2601,7039,625,1465,62,115,0,0,314,61562,2659,7909,0,0,0,0,0
657,5848,658.3711926402444,99899,219,93,74,25,17168,8352,0.25545801259271866,162,88,24972,23241,3673,1552,20899,25000,44613,33807,0,0,15457,2587,7049,630,1472,62,126,0,0,347,61609,2647,7913,0,0,0,0,0
658,5848,659.1299660116017,99899,227,101,74,25,17198,8371,0.255948507993073,162,89,24964,23268,3678,1559,20894,24957,44658,33863,0,0,15367,2579,7056,625,1480,62,140,0,0,363,61669,2635,7923,0,0,0,0,0
659,5848,660.2681950409589,99899,246,112,74,25,17256,8400,0.2568193875814573,171,90,24968,23295,3701,1570,20839,24907,44702,33918,0,0,15276,2570,7064,627,1481,63,153,0,0,402,61708,2621,7934,0,0,0,0,0
660,5848,661.0265929813909,99898,247,105,75,25,17284,8409,0.25719233618290654,191,104,24955,23322,3701,1578,20830,24865,44746,33972,0,0,15203,2554,7073,624,1494,64,157,0,0,429,61749,2611,7940,0,0,0,0,0
661,5848,662.1643832010735,99898,267,127,75,25,17344,8446,0.25816332659312496,199,101,24966,23355,3726,1583,20766,24808,44789,34026,0,0,15118,2541,7081,625,1503,64,169,0,0,461,61790,2599,7947,0,0,0,0,0
662,5848,663.3011848032288,99898,284,140,75,25,17405,8480,0.25911429658251417,213,101,24996,23405,3737,1596,20694,24732,44832,34079,0,0,15036,2527,7090,624,1517,64,184,0,0,498,61820,2585,7953,0,0,0,0,0
663,5848,664.0580195756903,99898,306,140,75,25,17454,8504,0.25984504194278163,216,98,24986,23430,3745,1609,20671,24697,44875,34132,0,0,14951,2518,7094,622,1527,65,197,0,0,526,61864,2572,7962,0,0,0,0,0
664,5848,665.1930231050103,99896,311,141,76,26,17510,8535,0.2607211499959958,247,106,25006,23456,3752,1626,20607,24644,44917,34184,0,0,14864,2502,7101,627,1538,66,216,0,0,568,61887,2558,7969,0,0,0,0,0
665,5848,666.3268553849917,99895,328,136,77,26,17582,8560,0.2616947795184944,258,120,25008,23489,3788,1648,20540,24580,44959,34235,0,0,14765,2495,7100,635,1547,67,238,0,0,611,61920,2541,7976,0,0,0,0,0
666,5848,667.082527742484,99895,338,142,77,26,17624,8584,0.2623554732469093,276,117,24977,23518,3811,1657,20520,24539,45000,34286,0,0,14677,2488,7103,636,1553,68,249,0,0,641,61967,2532,7981,0,0,0,0,0
667,5848,668.21647493891,99893,354,146,79,26,17696,8616,0.2634018399687666,284,124,24982,23558,3835,1671,20465,24474,45041,34336,0,0,14596,2471,7113,642,1567,68,263,0,0,687,61985,2517,7984,0,0,0,0,0
668,5848,669.350065989035,99891,377,160,80,27,17767,8660,0.26455836862179777,308,114,24981,23587,3847,1697,20406,24414,45082,34386,0,0,14514,2458,7122,646,1577,68,275,0,0,736,62004,2504,7987,0,0,0,0,0
669,5848,670.105341391642,99891,390,165,80,27,17826,8682,0.2653692524852089,312,120,24986,23618,3864,1709,20367,24360,45122,34435,0,0,14439,2445,7122,649,1593,68,283,0,0,772,62035,2492,7993,0,0,0,0,0
670,5848,671.2377841858626,99891,413,173,80,27,17928,8713,0.26670070376710614,324,138,24970,23645,3913,1724,20299,24292,45162,34484,0,0,14343,2432,7127,655,1608,70,307,0,0,824,62054,2482,7989,0,0,0,0,0
671,5848,672.3700744242842,99891,426,188,80,27,18017,8753,0.26799211140142754,331,143,24972,23686,3958,1740,20232,24215,45201,34532,0,0,14257,2419,7131,663,1624,70,327,0,0,881,62063,2466,7990,0,0,0,0,0
672,5848,673.1246372221932,99891,437,198,80,27,18080,8777,0.2688630607362025,334,151,24958,23693,3989,1748,20201,24182,45240,34580,0,0,14177,2405,7139,666,1634,71,341,0,0,919,62091,2457,7991,0,0,0,0,0
673,5848,674.2568250058845,99891,459,196,80,27,18189,8811,0.2702946211370394,347,169,24951,23727,4046,1777,20116,24103,45279,34627,0,0,14092,2389,7141,682,1647,76,358,0,0,985,62092,2439,7990,0,0,0,0,0
674,5848,675.0114091070652,99890,484,203,81,27,18254,8842,0.2712583842226449,361,180,24925,23724,4063,1789,20085,24076,45317,34674,0,0,14023,2376,7152,680,1661,76,369,0,0,1024,62109,2427,7993,0,0,0,0,0
675,5848,676.1441155131703,99889,484,230,81,28,18343,8891,0.2726426333229885,387,185,24904,23773,4132,1801,20011,23982,45355,34720,0,0,13944,2361,7149,689,1683,77,383,0,0,1084,62111,2413,7995,0,0,0,0,0
676,5848,677.2772635290037,99889,528,241,81,28,18452,8944,0.27426443352120855,382,183,24871,23804,4174,1833,19963,23910,45393,34766,0,0,13860,2352,7150,690,1705,77,398,0,0,1152,62111,2406,7988,0,0,0,0,0
677,5848,678.0331683554964,99889,562,244,81,28,18528,8981,0.27539568921502866,402,177,24846,23798,4197,1859,19911,23893,45430,34811,0,0,13793,2332,7162,694,1714,78,408,0,0,1202,62117,2397,7992,0,0,0,0,0
678,5848,679.1676177744802,99888,579,245,81,29,18641,9025,0.2769702066314272,417,209,24829,23820,4266,1885,19827,23811,45467,34856,0,0,13701,2318,7162,706,1724,81,435,0,0,1284,62099,2380,7998,0,0,0,0,0
679,5848,680.3019087316964,99888,611,269,81,29,18770,9092,0.27893240429280797,443,211,24813,23847,4326,1916,19725,23727,45503,34900,0,0,13616,2307,7157,710,1753,81,461,0,0,1364,62077,2366,7996,0,0,0,0,0
680,5848,681.0581106951932,99888,640,279,81,29,18859,9126,0.28016378343744996,460,231,24776,23842,4358,1933,19684,23685,45539,34944,0,0,13539,2300,7155,709,1774,82,472,0,0,1413,62093,2359,7992,0,0,0,0,0
681,5848,682.193402345122,99888,648,298,81,29,18990,9192,0.28213599231138875,483,249,24739,23851,4447,1969,19601,23603,45575,34987,0,0,13452,2286,7154,717,1794,88,501,0,0,1513,62050,2344,7989,0,0,0,0,0
682,5848,683.3295260898143,99887,686,307,82,29,19137,9264,0.28433129436262977,494,251,24692,23881,4525,2022,19520,23509,45610,35030,0,0,13368,2271,7156,723,1815,92,531,0,0,1617,61996,2330,7988,0,0,0,0,0
683,5848,684.087928536143,99887,699,337,82,29,19231,9318,0.28581296865457967,507,257,24653,23885,4580,2038,19478,23453,45645,35072,0,0,13287,2259,7160,724,1830,96,553,0,0,1672,61999,2320,7987,0,0,0,0,0
684,5848,685.2267566757582,99887,740,354,82,29,19386,9398,0.2881656271586893,532,273,24610,23894,4639,2090,19396,23359,45680,35114,0,0,13192,2247,7152,728,1862,98,588,0,0,1774,61957,2311,7978,0,0,0,0,0
685,5848,686.3662910157749,99887,774,376,82,29,19545,9472,0.2904982630372321,571,274,24560,23911,4721,2128,19291,23281,45714,35155,0,0,13100,2233,7150,736,1894,99,628,0,0,1865,61918,2291,7973,0,0,0,0,0
686,5848,687.126695177952,99887,799,381,82,29,19662,9518,0.29213010702093367,595,285,24508,23914,4784,2161,19231,23229,45748,35196,0,0,13016,2223,7147,739,1917,99,654,0,0,1942,61897,2279,7974,0,0,0,0,0
687,5848,688.2692139820543,99885,833,407,84,29,19857,9595,0.2948590879511438,613,307,24449,23927,4903,2197,19117,23132,45782,35237,0,0,12914,2216,7145,743,1942,106,691,0,0,2064,61834,2268,7962,0,0,0,0,0
688,5848,689.0318353431443,99884,847,423,85,29,19968,9655,0.2965740258700092,616,311,24412,23925,4965,2231,19074,23080,45815,35277,0,0,12834,2201,7150,751,1959,112,716,0,0,2142,61810,2257,7952,0,0,0,0,0
689,5848,690.1772896272641,99883,894,459,85,30,20143,9745,0.2992300992160828,640,330,24385,23932,5039,2269,18956,22979,45848,35317,0,0,12753,2183,7150,757,1993,113,744,0,0,2249,61751,2249,7941,0,0,0,0,0
690,5848,691.3228259934463,99882,961,490,85,31,20349,9844,0.30228669830399874,650,352,24346,23938,5136,2320,18821,22868,45881,35356,0,0,12653,2169,7145,775,2020,117,779,0,0,2358,61699,2236,7931,0,0,0,0,0
691,5848,692.0868128841653,99882,967,482,85,31,20463,9891,0.30389860034841115,690,397,24293,23920,5204,2368,18760,22801,45914,35395,0,0,12570,2160,7140,789,2044,121,803,0,0,2447,61665,2218,7925,0,0,0,0,0
692,5848,693.2343304682934,99880,980,520,86,32,20650,10003,0.3068982779335202,741,395,24214,23937,5339,2428,18639,22687,45946,35433,0,0,12485,2146,7131,794,2083,127,834,0,0,2601,61563,2206,7910,0,0,0,0,0
693,5848,694.0007720932498,99879,1019,537,86,33,20806,10074,0.3091741006618008,754,395,24146,23938,5415,2470,18579,22626,45978,35471,0,0,12400,2139,7127,803,2108,129,864,0,0,2696,61515,2189,7909,0,0,0,0,0
694,5848,695.1532438327912,99878,1060,542,87,33,21018,10181,0.3123710927331344,764,400,24084,23943,5545,2554,18459,22527,46010,35509,0,0,12299,2120,7120,818,2154,132,908,0,0,2849,61414,2176,7888,0,0,0,0,0
695,5848,696.3078417589064,99878,1103,560,87,33,21230,10300,0.31568513586575625,788,387,24032,23968,5661,2638,18328,22413,46041,35546,0,0,12205,2109,7104,830,2202,136,946,0,0,3001,61308,2162,7875,0,0,0,0,0
696,5848,697.0785513605341,99878,1152,564,87,33,21400,10375,0.31813812851679046,795,407,23958,23958,5746,2693,18261,22344,46072,35583,0,0,12121,2099,7095,832,2237,139,975,0,0,3117,61245,2155,7863,0,0,0,0,0
697,5848,698.2377915056142,99877,1172,596,88,33,21614,10505,0.3215855502267789,864,427,23852,23936,5879,2775,18144,22232,46103,35619,0,0,12028,2089,7077,833,2305,139,1017,0,0,3289,61119,2145,7836,0,0,0,0,0
698,5848,699.0124777293096,99876,1221,610,89,33,21788,10579,0.3240718490928752,877,444,23773,23938,5963,2820,18076,22154,46133,35655,0,0,11958,2077,7073,840,2334,142,1037,0,0,3407,61048,2133,7827,0,0,0,0,0
699,5848,700.1778873613036,99876,1275,638,89,33,22046,10702,0.32788657935840443,911,471,23692,23923,6110,2900,17922,22034,46163,35691,0,0,11866,2063,7062,854,2394,146,1079,0,0,3567,60927,2113,7805,0,0,0,0,0
700,5848,701.3456724523099,99876,1339,663,89,33,22314,10831,0.3318615082702551,923,500,23589,23905,6266,2980,17793,21918,46193,35726,0,0,11774,2045,7043,869,2459,150,1123,0,0,3734,60803,2095,7781,0,0,0,0,0
701,5848,702.1261559325536,99875,1346,706,90,33,22490,10952,0.33483854818523157,947,497,23525,23894,6390,3045,17701,21824,46223,35761,0,0,11697,2035,7035,868,2501,151,1151,0,0,3902,60680,2086,7769,0,0,0,0,0
702,5848,703.3002039109166,99874,1383,713,91,33,22757,11084,0.3388369345375173,989,527,23432,23880,6557,3147,17547,21699,46252,35796,0,0,11607,2015,7019,896,2550,154,1194,0,0,4118,60501,2060,7760,0,0,0,0,0
703,5848,704.0847463203647,99874,1451,736,91,33,22970,11187,0.34200092116066244,1007,514,23351,23876,6650,3210,17449,21630,46281,35830,0,0,11518,2000,7013,903,2592,158,1236,0,0,4234,60424,2050,7746,0,0,0,0,0
704,5848,705.2647567331344,99874,1548,781,91,33,23279,11348,0.34670685063179607,1050,533,23242,23863,6788,3290,17280,21499,46310,35864,0,0,11421,1986,6996,924,2643,165,1284,0,0,4419,60283,2026,7727,0,0,0,0,0
705,5848,706.0530863584314,99874,1557,785,91,33,23481,11453,0.34978072371187696,1092,553,23138,23830,6924,3373,17197,21425,46339,35897,0,0,11330,1970,6981,940,2692,170,1323,0,0,4582,60161,2010,7715,0,0,0,0,0
706,5848,707.2403277230727,99874,1626,809,91,33,23826,11616,0.3548671325870597,1097,551,23038,23817,7125,3490,17022,21299,46367,35930,0,0,11231,1951,6969,959,2758,180,1383,0,0,4824,59950,1988,7681,0,0,0,0,0
707,5848,708.0340285168512,99873,1654,822,92,33,24042,11711,0.35798464049342665,1175,589,22907,23792,7260,3543,16911,21220,46395,35963,0,0,11144,1933,6959,970,2806,184,1422,0,0,4979,59839,1978,7659,0,0,0,0,0
708,5848,709.2303779922913,99873,1710,861,92,33,24395,11898,0.36339150721416197,1196,611,22778,23753,7476,3670,16747,21071,46423,35995,0,0,11032,1915,6939,988,2894,192,1482,0,0,5216,59635,1964,7616,0,0,0,0,0
709,5848,710.0306425327465,99872,1740,907,93,33,24627,12048,0.36722004165331623,1251,577,22648,23733,7628,3755,16639,20994,46451,36027,0,0,10942,1905,6921,1005,2950,193,1524,0,0,5389,59497,1943,7603,0,0,0,0,0
710,5848,711.2375341829861,99870,1857,930,94,34,25028,12212,0.3728847501752278,1242,659,22507,23690,7831,3859,16468,20827,46478,36059,0,0,10836,1890,6897,1029,3009,206,1572,0,0,5630,59294,1927,7580,0,0,0,0,0
711,5848,712.0452646071743,99868,1915,969,95,35,25302,12359,0.37710778227259983,1212,651,22433,23652,7991,3948,16353,20744,46505,36090,0,0,10746,1877,6877,1046,3064,216,1609,0,0,5807,59156,1913,7557,0,0,0,0,0
712,5848,713.2609447274477,99867,1950,979,96,35,25666,12537,0.38253877657284185,1261,705,22308,23603,8221,4081,16163,20596,46532,36121,0,0,10624,1858,6851,1087,3141,223,1672,0,0,6077,58923,1883,7528,0,0,0,0,0
713,5848,714.0741117318734,99863,1977,1001,98,37,25933,12685,0.3867097924156094,1298,706,22180,23586,8396,4178,16050,20491,46559,36152,0,0,10533,1843,6841,1102,3199,234,1711,0,0,6285,58749,1871,7495,0,0,0,0,0
714,5848,715.3006272658934,99862,2029,1055,99,37,26340,12914,0.393082453786225,1363,703,22009,23544,8640,4322,15859,20338,46585,36182,0,0,10404,1821,6821,1125,3263,246,1791,0,0,6602,58465,1857,7467,0,0,0,0,0
715,5848,716.1224389246886,99862,2053,1092,99,37,26629,13060,0.3974384650818129,1418,722,21866,23508,8821,4398,15742,20242,46611,36212,0,0,10302,1808,6813,1147,3304,253,1849,0,0,6830,58270,1836,7450,0,0,0,0,0
716,5848,717.3625815640282,99861,2168,1098,99,38,27085,13265,0.40406164568750563,1484,787,21680,23440,9044,4568,15524,20068,46637,36242,0,0,10184,1791,6788,1176,3400,261,1914,0,0,7121,57999,1813,7414,0,0,0,0,0
717,5848,718.1938145554172,99861,2211,1122,99,38,27388,13415,0.4085979511521014,1519,799,21567,23411,9214,4669,15389,19960,46663,36271,0,0,10092,1775,6770,1201,3464,268,1960,0,0,7337,57809,1795,7390,0,0,0,0,0
718,5848,719.0283822274467,99859,2222,1163,100,39,27701,13586,0.413452968685847,1548,804,21422,23366,9433,4774,15274,19853,46688,36300,0,0,9995,1755,6747,1235,3543,279,2012,0,0,7554,57613,1768,7358,0,0,0,0,0
719,5848,720.288802610751,99857,2317,1181,101,40,28211,13829,0.42100203290705707,1563,815,21238,23319,9713,4958,15067,19686,46713,36329,0,0,9862,1736,6702,1260,3669,291,2099,0,0,7898,57283,1753,7304,0,0,0,0,0
720,5848,721.1339820216431,99857,2361,1211,101,40,28523,13999,0.42582893537759,1624,818,21112,23285,9882,5060,14919,19585,46738,36358,0,0,9787,1717,6679,1282,3747,302,2133,0,0,8131,57075,1734,7270,0,0,0,0,0
721,5848,722.4091473373394,99855,2462,1257,101,42,29063,14286,0.4341194732361925,1618,816,20904,23231,10201,5251,14713,19402,46763,36386,0,0,9645,1691,6648,1332,3869,317,2224,0,0,8467,56746,1703,7213,0,0,0,0,0
722,5848,723.2653354830301,99853,2507,1273,102,43,29442,14468,0.4397464272480546,1606,849,20760,23168,10438,5368,14586,19298,46788,36414,0,0,9544,1674,6626,1358,3969,328,2285,0,0,8723,56500,1677,7169,0,0,0,0,0
723,5848,724.1266412544627,99850,2549,1290,104,44,29784,14641,0.44491737606409615,1657,894,20620,23107,10633,5487,14436,19177,46812,36442,0,0,9440,1655,6599,1376,4055,337,2347,0,0,8959,56276,1663,7143,0,0,0,0,0
724,5848,725.4277274610321,99848,2643,1321,106,44,30342,14921,0.4533190449483214,1730,936,20374,23018,10945,5684,14201,18996,46836,36469,0,0,9314,1634,6540,1410,4221,352,2425,0,0,9306,55925,1642,7079,0,0,0,0,0
725,5848,726.3016111951559,99845,2662,1353,108,45,30702,15127,0.45900145225098904,1773,970,20214,22952,11189,5807,14053,18872,46860,36496,0,0,9221,1612,6509,1444,4307,366,2467,0,0,9593,55656,1624,7046,0,0,0,0,0
726,5848,727.1813443813809,99843,2723,1389,110,45,31084,15336,0.4649299400058091,1841,986,20034,22898,11393,5932,13898,18749,46884,36523,0,0,9120,1597,6478,1462,4398,379,2523,0,0,9859,55404,1609,7014,0,0,0,0,0
727,5848,728.0674206153368,99840,2719,1454,111,47,31441,15559,0.4707532051282051,1899,984,19885,22822,11638,6052,13747,18640,46907,36550,0,0,9007,1576,6452,1479,4493,396,2599,0,0,10115,55152,1593,6978,0,0,0,0,0
728,5848,729.4071423583683,99839,2765,1458,112,47,32044,15847,0.47968228848446,1917,1019,19660,22740,12039,6274,13506,18461,46930,36576,0,0,8863,1551,6403,1503,4667,411,2699,0,0,10546,54706,1569,6921,0,0,0,0,0
729,5848,730.3080717323646,99839,2872,1519,112,47,32506,16081,0.48665351215456887,1901,1012,19494,22673,12263,6402,13357,18346,46953,36602,0,0,8761,1528,6371,1530,4768,427,2750,0,0,10811,54453,1556,6884,0,0,0,0,0
730,5848,731.2148505651475,99837,2992,1546,114,47,32971,16305,0.493564510151547,1862,1045,19329,22578,12479,6548,13223,18235,46976,36628,0,0,8662,1506,6338,1566,4864,442,2800,0,0,11095,54182,1535,6847,0,0,0,0,0
731,5848,732.1286025130956,99836,3058,1554,114,48,33404,16547,0.500330542089026,1913,1058,19147,22499,12704,6739,13063,18101,46999,36653,0,0,8581,1486,6303,1605,4991,453,2825,0,0,11419,53857,1518,6798,0,0,0,0,0
732,5848,733.0491135413682,99832,3083,1596,116,50,33864,16789,0.5073824024360927,1924,1044,18958,22438,13002,6888,12916,17983,47021,36678,0,0,8483,1465,6268,1629,5108,470,2879,0,0,11762,53505,1503,6760,0,0,0,0,0
733,5848,734.4452545170566,99830,3182,1626,118,50,34546,17135,0.5176900731243114,1949,1100,18692,22317,13386,7130,12672,17776,47043,36703,0,0,8341,1447,6229,1663,5265,493,2966,0,0,12243,53008,1472,6703,0,0,0,0,0
734,5848,735.3857440537781,99830,3217,1664,118,50,35012,17398,0.5249924872282881,1987,1116,18498,22233,13664,7296,12515,17640,47065,36728,0,0,8223,1430,6195,1698,5398,508,3033,0,0,12555,52682,1446,6662,0,0,0,0,0
735,5848,736.3346736996644,99825,3316,1669,120,53,35573,17649,0.5331530177811169,1944,1128,18331,22146,13927,7491,12361,17512,47087,36752,0,0,8101,1416,6150,1734,5523,532,3097,0,0,12914,52315,1427,6616,0,0,0,0,0
736,5848,737.291161929269,99824,3305,1721,121,53,36032,17941,0.5406815996153229,1991,1122,18149,22058,14232,7673,12201,17372,47109,36776,0,0,8002,1393,6125,1766,5644,559,3152,0,0,13275,51926,1404,6578,0,0,0,0,0
737,5848,738.2563221831946,99823,3335,1740,122,53,36528,18210,0.5483505805275337,2014,1143,17959,21962,14532,7859,12037,17242,47131,36800,0,0,7883,1375,6080,1795,5803,579,3227,0,0,13599,51571,1378,6533,0,0,0,0,0
738,5848,739.2312462976412,99823,3365,1768,122,53,37014,18490,0.5560241627680995,2067,1152,17753,21851,14819,8051,11873,17124,47152,36824,0,0,7773,1351,6030,1828,5969,604,3282,0,0,13907,51236,1366,6477,0,0,0,0,0
739,5848,740.2154607523113,99822,3438,1825,123,53,37570,18789,0.5645949790627317,2053,1144,17579,21778,15104,8239,11702,16960,47173,36847,0,0,7659,1331,5995,1853,6126,625,3352,0,0,14247,50865,1347,6422,0,0,0,0,0
740,5848,741.2089960051917,99821,3452,1859,124,53,38069,19071,0.5724246401057894,2070,1182,17412,21704,15414,8416,11527,16785,47194,36870,0,0,7546,1311,5960,1894,6273,650,3415,0,0,14573,50498,1318,6383,0,0,0,0,0
741,5848,742.2110068194709,99815,3461,1895,128,55,38593,19387,0.5808746180433803,2115,1211,17226,21622,15718,8591,11351,16625,47215,36893,0,0,7426,1288,5932,1938,6418,677,3477,0,0,14951,50081,1295,6332,0,0,0,0,0
742,5848,743.2221672683688,99813,3506,1946,130,55,39151,19676,0.589372125875387,2108,1221,17041,21531,16024,8751,11190,16495,47236,36916,0,0,7313,1271,5906,1978,6550,702,3531,0,0,15330,49679,1275,6278,0,0,0,0,0
743,5848,744.2441658224268,99811,3572,1966,130,57,39693,19993,0.5979902014807987,2135,1204,16854,21457,16291,8976,11017,16339,47256,36939,0,0,7201,1244,5857,2030,6703,735,3585,0,0,15675,49300,1257,6224,0,0,0,0,0
744,5848,745.2763946158061,99811,3583,1983,130,57,40238,20305,0.6065764294516637,2156,1236,16682,21316,16598,9206,10850,16201,47276,36961,0,0,7060,1223,5809,2062,6848,768,3678,0,0,16080,48866,1241,6176,0,0,0,0,0
745,5848,746.3183667056435,99810,3576,2005,131,57,40788,20615,0.6151988778679491,2189,1232,16465,21246,16943,9421,10695,16038,47296,36983,0,0,6942,1205,5749,2102,7038,799,3734,0,0,16451,48447,1223,6120,0,0,0,0,0
746,5848,747.3513129323984,99807,3615,2022,134,57,41351,20946,0.6241746570881802,2194,1243,16279,21159,17238,9645,10539,15873,47316,37005,0,0,6843,1194,5705,2132,7220,831,3776,0,0,16830,48008,1198,6070,0,0,0,0,0
747,5848,748.3649082302179,99803,3656,2047,137,58,41937,21237,0.6329869843591877,2134,1266,16120,21094,17557,9812,10395,15722,47336,37027,0,0,6726,1171,5672,2171,7410,859,3840,0,0,17148,47619,1175,6012,0,0,0,0,0
748,5848,749.3609714400693,99801,3626,2095,138,59,42454,21567,0.6414865582509194,2160,1250,15960,20999,17877,10004,10238,15592,47356,37048,0,0,6614,1158,5621,2205,7577,901,3890,0,0,17505,47212,1156,5962,0,0,0,0,0
749,5848,750.338352235257,99799,3615,2148,140,59,42935,21891,0.6495656269100892,2184,1232,15825,20916,18142,10188,10093,15456,47375,37069,0,0,6504,1140,5564,2236,7738,933,3953,0,0,17830,46831,1136,5934,0,0,0,0,0
750,5848,751.3003496024072,99797,3605,2114,141,60,43444,22165,0.6574245718809183,2204,1243,15654,20830,18445,10420,9950,15332,47394,37090,0,0,6393,1123,5524,2272,7902,971,4006,0,0,18209,46408,1119,5870,0,0,0,0,0
751,5848,752.2459440115074,99797,3613,2124,141,60,43957,22458,0.6655009669629347,2199,1201,15512,20745,18712,10637,9822,15232,47413,37111,0,0,6284,1104,5479,2317,8075,1005,4052,0,0,18521,46035,1097,5828,0,0,0,0,0
752,5848,753.1783995949518,99796,3629,2105,142,60,44469,22731,0.6733736823119163,2189,1242,15361,20668,18981,10837,9697,15087,47432,37132,0,0,6186,1087,5438,2349,8241,1034,4097,0,0,18886,45619,1079,5780,0,0,0,0,0
753,5848,754.0978200566269,99794,3591,2099,144,60,44953,23007,0.6810028659037618,2176,1276,15240,20572,19289,11034,9559,14958,47451,37152,0,0,6082,1072,5400,2372,8402,1076,4145,0,0,19233,45211,1066,5735,0,0,0,0,0
754,5848,755.003203665463,99794,3639,2066,144,60,45447,23277,0.6886586367917911,2169,1289,15105,20504,19503,11244,9439,14836,47470,37172,0,0,5991,1054,5346,2404,8579,1118,4183,0,0,19520,44864,1050,5685,0,0,0,0,0
755,5848,756.3400091383243,99792,3709,2150,144,62,46176,23741,0.7006273047939715,2170,1252,14933,20394,19815,11507,9228,14634,47489,37192,0,0,5868,1034,5301,2442,8787,1188,4247,0,0,19917,44358,1032,5618,0,0,0,0,0
756,5848,757.2185369991208,99789,3722,2153,145,64,46671,24015,0.7083546282656406,2110,1230,14832,20323,20081,11701,9109,14528,47507,37212,0,0,5787,1020,5261,2485,8950,1232,4275,0,0,20209,43989,1012,5569,0,0,0,0,0
757,5848,758.0864726428796,99788,3713,2125,146,64,47145,24282,0.7157874694352027,2083,1247,14744,20251,20322,11916,8991,14396,47525,37232,0,0,5710,1005,5223,2511,9140,1278,4299,0,0,20493,43615,999,5515,0,0,0,0,0
758,5848,759.3700535104668,99785,3729,2180,147,66,47809,24707,0.7267224532745402,2082,1193,14595,20173,20625,12152,8821,14235,47543,37251,0,0,5586,986,5160,2559,9383,1335,4366,0,0,20832,43151,973,5454,0,0,0,0,0
759,5848,760.2146944337849,99783,3749,2140,149,66,48268,24963,0.7339025685738052,2072,1206,14484,20107,20857,12362,8688,14118,47561,37270,0,0,5510,976,5117,2581,9567,1378,4384,0,0,21082,42811,959,5418,0,0,0,0,0
760,5848,761.0504188994537,99781,3705,2113,150,67,48681,25204,0.7404716328759985,2108,1219,14353,20045,21087,12541,8596,14014,47579,37289,0,0,5421,963,5078,2604,9769,1415,4424,0,0,21298,42494,947,5368,0,0,0,0,0
761,5848,762.2866660759429,99778,3698,2091,152,68,49343,25568,0.7507767243280081,2082,1204,14221,19971,21416,12795,8430,13870,47597,37308,0,0,5315,946,5013,2636,10023,1482,4475,0,0,21666,41996,923,5303,0,0,0,0,0
762,5848,763.1009253708045,99777,3671,2103,153,68,49752,25811,0.7573188209707648,2121,1214,14116,19896,21623,12940,8315,13778,47614,37327,0,0,5228,935,4984,2656,10184,1518,4510,0,0,21903,41692,911,5256,0,0,0,0,0
763,5848,764.3079354433198,99774,3701,2126,156,68,50390,26175,0.7673842884919919,2064,1211,14010,19806,21893,13159,8175,13629,47631,37346,0,0,5125,920,4945,2688,10417,1570,4554,0,0,22221,41247,892,5195,0,0,0,0,0
764,5848,765.1041169307525,99771,3684,2110,158,69,50803,26403,0.7738320754527869,2092,1227,13897,19738,22095,13314,8073,13541,47648,37364,0,0,5042,902,4913,2709,10591,1606,4593,0,0,22444,40942,882,5147,0,0,0,0,0
765,5848,766.285163677709,99770,3706,2105,159,69,51417,26744,0.783411847248672,2112,1199,13759,19669,22344,13547,7919,13410,47665,37382,0,0,4953,883,4870,2737,10853,1653,4620,0,0,22735,40512,869,5085,0,0,0,0,0
766,5848,767.0648620303476,99769,3694,2099,160,69,51838,26966,0.7898645871964237,2088,1202,13679,19633,22547,13677,7831,13319,47682,37400,0,0,4878,873,4834,2755,11014,1695,4651,0,0,22959,40210,850,5050,0,0,0,0,0
767,5848,768.2219701755203,99766,3688,2054,162,70,52436,27305,0.7992803159392979,2047,1186,13571,19554,22823,13951,7708,13184,47699,37418,0,0,4791,851,4776,2766,11261,1767,4689,0,0,23282,39750,837,4996,0,0,0,0,0
768,5848,769.3656491668589,99764,3669,2047,164,70,53036,27649,0.808758670462291,2019,1189,13430,19482,23131,14162,7586,13049,47716,37436,0,0,4689,832,4725,2808,11483,1841,4723,0,0,23568,39331,815,4949,0,0,0,0,0
769,5848,770.1205585111411,99762,3699,2078,166,70,53433,27889,0.8151600809927628,1968,1177,13389,19433,23271,14285,7506,12956,47733,37453,0,0,4622,825,4688,2817,11670,1870,4742,0,0,23717,39098,807,4906,0,0,0,0,0
770,5848,771.2429383668994,99762,3642,2064,166,70,53985,28226,0.8240712896694132,1917,1133,13315,19375,23571,14509,7388,12848,47749,37470,0,0,4520,810,4624,2846,11925,1932,4785,0,0,24009,38681,790,4840,0,0,0,0,0
771,5848,772.3533446763297,99760,3603,1983,167,71,54539,28505,0.8324378508420208,1903,1119,13191,19343,23860,14750,7275,12733,47765,37487,0,0,4434,791,4576,2881,12135,2006,4815,0,0,24313,38246,769,4794,0,0,0,0,0
772,5848,773.0869828711975,99760,3558,1967,167,71,54884,28724,0.8380914194065758,1925,1095,13118,19302,24028,14896,7203,12668,47781,37504,0,0,4361,776,4550,2912,12273,2055,4835,0,0,24506,37982,757,4753,0,0,0,0,0
773,5848,774.1786340365156,99759,3490,1947,167,72,55365,29009,0.8457783257650939,1917,1088,13056,19283,24266,15065,7103,12544,47797,37521,0,0,4287,758,4513,2951,12473,2123,4839,0,0,24752,37610,746,4707,0,0,0,0,0
774,5848,775.2607397521031,99755,3447,1927,170,73,55847,29314,0.853701568843667,1894,1089,13003,19227,24488,15254,6997,12429,47813,37538,0,0,4215,744,4466,2980,12696,2186,4852,0,0,24985,37235,738,4658,0,0,0,0,0
775,5848,776.3340160256163,99753,3429,1903,171,74,56361,29579,0.8615279740960171,1817,1123,12951,19159,24732,15434,6899,12306,47829,37554,0,0,4140,733,4432,3003,12892,2247,4867,0,0,25236,36863,729,4611,0,0,0,0,0
776,5848,777.0445079246379,99752,3398,1914,172,74,56663,29768,0.8664588178683135,1804,1114,12903,19119,24886,15542,6836,12236,47845,37570,0,0,4085,725,4400,3008,13035,2285,4881,0,0,25370,36657,719,4587,0,0,0,0,0
777,5848,778.1023698103303,99752,3351,1934,172,74,57123,30069,0.8740877375892213,1795,1078,12843,19099,25096,15690,6742,12124,47860,37586,0,0,4010,709,4373,3028,13257,2351,4909,0,0,25530,36351,705,4529,0,0,0,0,0
778,5848,779.1520928481195,99749,3320,1921,174,75,57561,30348,0.8813020681911599,1781,1080,12797,19053,25274,15854,6653,12016,47875,37602,0,0,3962,701,4326,3063,13445,2416,4889,0,0,25735,36023,689,4500,0,0,0,0,0
779,5848,780.1945769660041,99747,3250,1926,176,75,58001,30636,0.8886182040562624,1761,1100,12745,18982,25502,16008,6565,11908,47890,37618,0,0,3880,685,4297,3084,13656,2487,4912,0,0,25889,35724,679,4454,0,0,0,0,0
780,5848,781.2293519595988,99746,3209,1952,177,75,58464,30934,0.8962564914883805,1747,1066,12709,18934,25685,16156,6472,11816,47905,37634,0,0,3808,673,4256,3094,13857,2559,4930,0,0,26055,35424,666,4424,0,0,0,0,0
781,5848,782.2572835845259,99746,3198,1955,177,75,58915,31216,0.9036051570990316,1734,1030,12653,18920,25852,16308,6385,11711,47920,37650,0,0,3741,667,4211,3110,14062,2622,4934,0,0,26223,35130,661,4385,0,0,0,0,0
782,5848,783.2790732209861,99744,3155,1912,179,75,59347,31499,0.9107916265640038,1711,989,12613,18880,26048,16523,6293,11620,47935,37665,0,0,3680,663,4154,3119,14285,2697,4942,0,0,26403,34807,650,4344,0,0,0,0,0
783,5848,784.2944100268822,99741,3105,1877,182,75,59761,31733,0.9173158480464403,1715,980,12592,18852,26190,16687,6215,11528,47950,37680,0,0,3622,656,4125,3140,14454,2774,4949,0,0,26573,34500,642,4306,0,0,0,0,0
784,5848,785.3047064681715,99740,3088,1842,182,76,60174,31997,0.9241126930018047,1682,962,12558,18822,26346,16863,6143,11434,47965,37695,0,0,3564,649,4096,3171,14636,2835,4943,0,0,26751,34190,634,4271,0,0,0,0,0
785,5848,786.3104044569538,99740,3006,1823,182,76,60556,32233,0.9303088028875075,1677,976,12517,18798,26537,16991,6080,11335,47980,37710,0,0,3503,637,4069,3192,14830,2906,4947,0,0,26886,33923,624,4223,0,0,0,0,0
786,5848,787.3099095173975,99735,2957,1769,186,77,60963,32469,0.9368025266957437,1626,961,12479,18780,26733,17141,6018,11271,47994,37725,0,0,3434,629,4030,3218,15036,2963,4957,0,0,27050,33627,610,4181,0,0,0,0,0
787,5848,788.3042677084268,99735,2941,1746,186,77,61328,32682,0.9425978843936431,1608,972,12459,18751,26839,17251,5966,11202,48008,37740,0,0,3393,619,4005,3238,15190,3017,4945,0,0,27212,33364,596,4156,0,0,0,0,0
788,5848,789.2945629154996,99734,2918,1705,187,77,61716,32901,0.9486935247759039,1545,979,12440,18727,26994,17386,5915,11125,48022,37755,0,0,3339,610,3970,3274,15350,3086,4932,0,0,27353,33113,583,4124,0,0,0,0,0
789,5848,790.2805364140299,99733,2910,1720,188,77,62117,33143,0.9551502511706256,1511,968,12430,18704,27109,17484,5851,11046,48036,37769,0,0,3291,603,3938,3294,15500,3153,4928,0,0,27492,32861,573,4100,0,0,0,0,0
790,5848,791.2628071628969,99733,2881,1725,188,77,62492,33391,0.9613969298025729,1487,936,12407,18681,27255,17602,5781,10978,48050,37783,0,0,3243,594,3908,3313,15663,3227,4925,0,0,27613,32623,566,4058,0,0,0,0,0
791,5848,792.2409157067515,99731,2823,1727,189,78,62845,33621,0.9672619346040849,1470,919,12422,18684,27377,17694,5718,10897,48064,37797,0,0,3190,585,3882,3336,15815,3295,4920,0,0,27741,32381,556,4030,0,0,0,0,0
792,5848,793.2152020665044,99731,2787,1694,189,78,63219,33849,0.973298172082903,1432,907,12404,18655,27522,17844,5665,10821,48078,37811,0,0,3140,574,3844,3360,15975,3366,4916,0,0,27896,32111,552,3997,0,0,0,0,0
793,5848,794.1855914414383,99729,2733,1682,191,78,63569,34060,0.9789429353548116,1405,902,12365,18643,27686,17952,5619,10742,48092,37825,0,0,3078,565,3815,3374,16144,3420,4932,0,0,28021,31870,547,3963,0,0,0,0,0
794,5848,795.1514553265364,99725,2675,1656,193,80,63889,34274,0.984336926548007,1396,855,12366,18663,27808,18069,5561,10676,48106,37839,0,0,3038,556,3794,3378,16301,3491,4926,0,0,28131,31636,543,3931,0,0,0,0,0
795,5848,796.1139987176881,99722,2655,1651,196,80,64249,34482,0.9900623733980466,1360,868,12326,18634,27953,18169,5509,10597,48119,37853,0,0,2994,553,3775,3385,16448,3553,4928,0,0,28251,31396,534,3905,0,0,0,0,0
796,5848,797.0725574824817,99721,2605,1626,197,80,64596,34684,0.9955776616760762,1340,866,12331,18632,28071,18279,5455,10516,48132,37867,0,0,2956,546,3754,3397,16611,3623,4914,0,0,28371,31164,524,3861,0,0,0,0,0
797,5848,798.0277997355097,99719,2541,1592,198,81,64913,34889,1.0008323388722309,1319,848,12323,18623,28206,18403,5412,10452,48145,37880,0,0,2918,536,3722,3416,16761,3701,4899,0,0,28469,30941,518,3838,0,0,0,0,0
798,5848,799.2963179932834,99715,2493,1537,201,82,65307,35143,1.0073710073710074,1280,828,12328,18635,28345,18560,5352,10357,48158,37893,0,0,2856,525,3685,3427,16959,3779,4911,0,0,28601,30660,509,3803,0,0,0,0,0
799,5848,800.2449471158227,99714,2464,1541,202,82,65617,35335,1.0124155083538922,1282,813,12315,18622,28434,18651,5302,10290,48171,37906,0,0,2824,518,3660,3445,17081,3851,4892,0,0,28684,30475,504,3780,0,0,0,0,0
800,5848,801.1909179238388,99711,2468,1541,205,82,65964,35544,1.0180220838222462,1222,780,12314,18645,28539,18739,5251,10212,48184,37919,0,0,2795,513,3637,3444,17241,3909,4882,0,0,28780,30264,495,3751,0,0,0,0,0
801,5848,802.1343262993598,99711,2433,1538,205,82,66249,35740,1.0228460250122855,1221,768,12312,18625,28625,18837,5203,10149,48197,37932,0,0,2760,506,3624,3451,17390,3967,4873,0,0,28849,30084,490,3717,0,0,0,0,0
802,5848,803.075215088387,99710,2383,1507,205,83,66522,35916,1.027359342092067,1220,777,12300,18613,28724,18926,5167,10093,48210,37945,0,0,2716,501,3600,3454,17536,4025,4872,0,0,28930,29896,486,3694,0,0,0,0,0
803,5848,804.0136729959709,99707,2328,1494,207,84,66784,36098,1.0318433008715537,1235,751,12307,18632,28794,19010,5128,10028,48223,37958,0,0,2675,492,3583,3471,17638,4096,4856,0,0,29026,29716,482,3672,0,0,0,0,0
804,5848,805.2621858834001,99706,2283,1461,208,84,67161,36335,1.0380117545584018,1202,723,12310,18663,28917,19129,5079,9939,48236,37971,0,0,2638,484,3562,3497,17792,4183,4841,0,0,29144,29447,470,3648,0,0,0,0,0
805,5848,806.1963086794063,99704,2283,1431,209,85,67451,36519,1.0427866484794994,1125,704,12349,18657,29000,19235,5033,9887,48248,37983,0,0,2608,477,3539,3520,17924,4245,4826,0,0,29209,29267,464,3625,0,0,0,0,0
806,5848,807.1287325423311,99701,2216,1443,211,86,67744,36713,1.0477026308662902,1102,664,12341,18654,29122,19308,5007,9844,48260,37995,0,0,2566,471,3517,3522,18064,4309,4818,0,0,29283,29088,459,3604,0,0,0,0,0
807,5848,808.0587547935343,99701,2173,1412,211,86,67998,36862,1.051744716702942,1088,671,12390,18649,29178,19382,4959,9799,48272,38007,0,0,2536,465,3498,3540,18181,4371,4799,0,0,29348,28928,454,3581,0,0,0,0,0
808,5848,809.296922495552,99700,2125,1395,212,86,68323,37082,1.057221664994985,1077,673,12413,18638,29268,19487,4904,9720,48284,38019,0,0,2500,459,3485,3546,18359,4440,4787,0,0,29415,28716,446,3547,0,0,0,0,0
809,5848,810.2237552280144,99700,2082,1379,212,86,68556,37229,1.0610330992978936,1096,665,12450,18647,29283,19550,4876,9672,48296,38031,0,0,2472,453,3464,3560,18466,4507,4773,0,0,29459,28581,442,3523,0,0,0,0,0
810,5848,811.1501595069949,99699,2053,1380,213,86,68825,37411,1.0655673577468179,1041,621,12477,18668,29368,19618,4847,9626,48308,38043,0,0,2450,448,3442,3565,18561,4591,4758,0,0,29521,28419,440,3504,0,0,0,0,0
811,5848,812.0752338430506,99698,2033,1324,213,87,69065,37537,1.069249132379787,979,638,12508,18670,29444,19695,4822,9585,48320,38055,0,0,2421,443,3429,3565,18679,4638,4751,0,0,29606,28249,435,3482,0,0,0,0,0
812,5848,813.306686551652,99698,1983,1302,213,87,69369,37723,1.0741639752051195,963,625,12531,18700,29526,19763,4783,9522,48332,38067,0,0,2382,440,3412,3572,18843,4709,4744,0,0,29631,28076,430,3459,0,0,0,0,0
813,5848,814.228857033738,99697,1906,1274,213,88,69579,37881,1.0778659337793515,988,598,12541,18718,29597,19843,4754,9478,48344,38079,0,0,2349,432,3404,3577,18971,4766,4740,0,0,29681,27912,426,3439,0,0,0,0,0
814,5848,815.1499392786682,99696,1898,1231,214,88,69824,38006,1.0815880276039158,921,609,12606,18727,29640,19891,4720,9453,48356,38091,0,0,2314,430,3393,3578,19073,4823,4739,0,0,29738,27771,422,3415,0,0,0,0,0
815,5848,816.0705637270343,99696,1871,1210,214,88,70038,38150,1.0851789439897288,925,598,12639,18743,29662,19949,4688,9411,48368,38102,0,0,2283,426,3375,3569,19181,4880,4741,0,0,29787,27636,421,3397,0,0,0,0,0
816,5848,817.297513737856,99693,1822,1194,216,89,70315,38336,1.0898558574824713,929,574,12681,18788,29714,20008,4637,9346,48379,38113,0,0,2253,422,3359,3574,19327,4948,4729,0,0,29822,27463,414,3382,0,0,0,0,0
817,5848,818.2168920958594,99692,1784,1154,217,89,70539,38463,1.0933876339124504,903,552,12701,18804,29773,20082,4621,9318,48390,38124,0,0,2222,418,3337,3584,19449,5009,4720,0,0,29834,27347,412,3360,0,0,0,0,0
818,5848,819.1357434086008,99692,1783,1148,217,89,70756,38585,1.0967881073707018,870,534,12737,18815,29788,20127,4604,9286,48401,38135,0,0,2197,415,3325,3589,19547,5052,4716,0,0,29863,27231,411,3346,0,0,0,0,0
819,5848,820.054567399361,99692,1725,1141,217,89,70940,38724,1.1000280865064398,879,513,12789,18826,29804,20178,4585,9252,48412,38146,0,0,2179,407,3308,3597,19640,5122,4703,0,0,29884,27119,408,3325,0,0,0,0,0
820,5848,821.2797331331212,99689,1695,1070,219,90,71230,38866,1.1043946674156626,828,505,12851,18895,29856,20266,4550,9173,48423,38157,0,0,2152,402,3286,3595,19787,5193,4698,0,0,29932,26940,403,3301,0,0,0,0,0
821,5848,822.1983206010639,99689,1684,1058,219,90,71421,38979,1.107444151310576,815,507,12887,18942,29867,20268,4527,9134,48434,38168,0,0,2136,399,3274,3582,19870,5244,4688,0,0,29977,26829,402,3288,0,0,0,0,0
822,5848,823.1170422745838,99688,1618,1029,219,91,71594,39094,1.1103442741353022,844,503,12920,18974,29898,20302,4500,9100,48445,38179,0,0,2118,393,3256,3582,19970,5299,4675,0,0,30027,26699,399,3270,0,0,0,0,0
823,5848,824.0354341268859,99688,1608,998,219,91,71798,39214,1.1135944145734693,832,507,12930,19019,29921,20322,4489,9062,48456,38190,0,0,2099,389,3243,3588,20054,5358,4667,0,0,30067,26578,394,3251,0,0,0,0,0
824,5848,825.2593199996627,99688,1578,972,219,91,72064,39359,1.11771727790707,764,512,12999,19077,29981,20350,4458,8997,48467,38201,0,0,2074,386,3223,3573,20183,5431,4664,0,0,30104,26438,392,3220,0,0,0,0,0
825,5848,826.1766111095047,99688,1523,958,219,91,72229,39482,1.1206062916298853,762,502,13032,19128,30036,20368,4427,8952,48478,38211,0,0,2049,383,3212,3580,20290,5478,4654,0,0,30112,26335,389,3206,0,0,0,0,0
826,5848,827.0932531474638,99688,1549,968,219,91,72430,39596,1.1237661503892145,724,490,13105,19161,30008,20379,4394,8910,48489,38221,0,0,2034,382,3205,3580,20338,5531,4642,0,0,30149,26244,388,3195,0,0,0,0,0
827,5848,828.0107580318554,99688,1524,943,219,91,72605,39704,1.1266050076237861,707,464,13145,19224,30026,20410,4378,8867,48500,38231,0,0,2022,376,3194,3590,20401,5593,4626,0,0,30173,26144,382,3187,0,0,0,0,0
828,5848,829.2342948081852,99688,1478,921,219,91,72821,39842,1.1301560869914131,704,459,13214,19264,30040,20440,4344,8824,48511,38241,0,0,2000,374,3173,3604,20489,5666,4608,0,0,30217,26014,377,3166,0,0,0,0,0
829,5848,830.1519821822869,99687,1444,901,220,91,72969,39954,1.132775587589154,706,453,13273,19283,30040,20477,4316,8794,48521,38251,0,0,1984,371,3160,3604,20558,5716,4601,0,0,30258,25905,370,3160,0,0,0,0,0
830,5848,831.0703454154676,99687,1401,893,220,91,73111,40054,1.1352031859720926,713,444,13328,19317,30033,20501,4304,8753,48531,38261,0,0,1960,368,3145,3608,20644,5757,4596,0,0,30268,25825,370,3146,0,0,0,0,0
831,5848,832.2956989050687,99686,1400,859,220,92,73341,40180,1.1387857873723493,675,441,13386,19372,30052,20530,4266,8705,48541,38271,0,0,1942,365,3134,3612,20723,5817,4581,0,0,30334,25682,365,3131,0,0,0,0,0
832,5848,833.2149214913151,99686,1348,860,220,92,73485,40280,1.1412334731055513,672,431,13430,19425,30085,20529,4244,8662,48551,38281,0,0,1924,361,3128,3611,20794,5863,4569,0,0,30358,25590,363,3125,0,0,0,0,0
833,5848,834.1337202678047,99686,1324,837,220,92,73640,40373,1.1437212848343798,656,433,13474,19458,30101,20555,4224,8624,48561,38291,0,0,1903,358,3115,3615,20883,5900,4556,0,0,30373,25504,363,3116,0,0,0,0,0
834,5848,835.0525944809957,99686,1303,824,220,92,73803,40460,1.1462291595610217,642,430,13509,19492,30121,20574,4204,8587,48571,38301,0,0,1889,355,3109,3611,20937,5951,4545,0,0,30416,25412,357,3104,0,0,0,0,0
835,5848,836.2778835782344,99685,1311,795,221,92,74022,40578,1.14962130711742,612,424,13581,19555,30116,20583,4158,8550,48581,38311,0,0,1875,353,3099,3604,21004,6015,4536,0,0,30466,25284,352,3097,0,0,0,0,0
836,5848,837.1972857215899,99685,1279,793,221,92,74148,40684,1.1519486382103628,623,409,13622,19582,30115,20607,4139,8516,48591,38321,0,0,1867,350,3092,3607,21069,6056,4519,0,0,30494,25197,349,3085,0,0,0,0,0
837,5848,838.1171185016211,99685,1254,797,221,92,74280,40771,1.1541455585093043,616,405,13678,19618,30108,20605,4122,8482,48601,38330,0,0,1849,347,3083,3613,21118,6100,4509,0,0,30508,25136,347,3075,0,0,0,0,0
838,5848,839.0372680318031,99683,1272,784,222,93,74432,40870,1.1566866968289478,579,404,13725,19671,30092,20613,4109,8434,48611,38339,0,0,1837,346,3071,3620,21176,6138,4496,0,0,30539,25054,344,3062,0,0,0,0,0
839,5848,840.2653656562776,99683,1226,782,222,93,74610,40991,1.1596862052707082,594,405,13792,19709,30086,20625,4079,8385,48621,38348,0,0,1825,343,3060,3619,21256,6209,4481,0,0,30538,24963,340,3049,0,0,0,0,0
840,5848,841.1869606944417,99683,1222,761,222,93,74764,41070,1.1620236148591034,569,406,13835,19753,30087,20634,4064,8352,48631,38357,0,0,1811,340,3054,3623,21309,6251,4470,0,0,30580,24873,338,3034,0,0,0,0,0
841,5848,842.1089562553964,99678,1193,759,225,95,74890,41164,1.1642890106141777,562,381,13888,19802,30078,20632,4053,8330,48641,38366,0,0,1802,334,3050,3623,21387,6283,4457,0,0,30596,24790,336,3020,0,0,0,0,0
842,5848,843.0317286318451,99677,1156,763,225,96,75010,41268,1.1665479498781064,580,346,13955,19845,30051,20649,4032,8300,48651,38375,0,0,1786,334,3044,3618,21450,6328,4452,0,0,30606,24717,335,3007,0,0,0,0,0
843,5848,844.2637482603565,99677,1112,735,225,96,75185,41386,1.1694874444455592,561,348,14033,19892,30057,20682,4011,8246,48660,38384,0,0,1776,333,3036,3609,21535,6394,4438,0,0,30634,24596,332,2994,0,0,0,0,0
844,5848,845.1883203091927,99677,1103,708,225,96,75322,41470,1.1717046058769827,532,342,14090,19936,30055,20697,3994,8220,48669,38393,0,0,1759,331,3028,3615,21603,6433,4429,0,0,30644,24522,331,2982,0,0,0,0,0
845,5848,846.1135509469436,99677,1076,681,225,96,75431,41549,1.1735906979543926,541,333,14134,19995,30038,20715,3985,8179,48678,38402,0,0,1748,329,3022,3610,21660,6478,4422,0,0,30650,24453,329,2976,0,0,0,0,0
846,5848,847.039607397782,99676,1033,658,226,96,75547,41617,1.17544845298768,531,330,14174,20044,30058,20718,3977,8153,48687,38411,0,0,1738,324,3008,3611,21729,6517,4409,0,0,30673,24378,328,2961,0,0,0,0,0
847,5848,848.2748331909737,99675,1015,635,227,96,75720,41712,1.1781489841986457,497,308,14256,20104,30056,20738,3948,8118,48696,38420,0,0,1720,321,2999,3609,21816,6557,4395,0,0,30697,24288,325,2948,0,0,0,0,0
848,5848,849.2021465192772,99675,1005,595,227,96,75835,41766,1.1798444946074742,499,341,14317,20132,30020,20746,3931,8089,48705,38429,0,0,1711,320,2992,3609,21872,6597,4374,0,0,30700,24233,325,2942,0,0,0,0,0
849,5848,850.130603214543,99674,983,619,227,97,75940,41861,1.1818628729658687,486,296,14383,20196,29997,20728,3923,8063,48714,38438,0,0,1701,319,2984,3596,21926,6638,4371,0,0,30698,24184,323,2934,0,0,0,0,0
850,5848,851.0601101414373,99674,946,611,227,97,76049,41942,1.1837690872243514,484,274,14437,20254,30001,20732,3904,8031,48723,38446,0,0,1689,317,2977,3601,21971,6692,4360,0,0,30695,24129,322,2921,0,0,0,0,0
851,5848,852.3002718683814,99673,892,577,228,97,76185,42014,1.1858677876656667,464,277,14536,20331,29988,20713,3891,8004,48732,38454,0,0,1679,317,2968,3597,22024,6759,4349,0,0,30697,24050,320,2913,0,0,0,0,0
852,5848,853.2316027473647,99673,898,556,228,97,76288,42066,1.1874228727940366,450,267,14574,20361,29969,20723,3880,7995,48741,38462,0,0,1666,315,2961,3591,22079,6781,4343,0,0,30707,24003,319,2908,0,0,0,0,0
853,5848,854.1639414831492,99672,884,530,229,97,76378,42113,1.1888092944859139,454,280,14652,20398,29921,20724,3859,7970,48750,38470,0,0,1655,313,2957,3591,22122,6808,4330,0,0,30726,23950,318,2902,0,0,0,0,0
854,5848,855.0979912747556,99672,868,527,229,97,76477,42174,1.1904145597559996,431,268,14725,20461,29891,20703,3855,7943,48759,38478,0,0,1647,312,2955,3590,22147,6850,4316,0,0,30737,23902,318,2898,0,0,0,0,0
855,5848,856.0335976467345,99672,875,540,229,97,76588,42242,1.1922104502769082,405,250,14809,20526,29835,20671,3846,7915,48768,38486,0,0,1637,310,2947,3583,22177,6883,4310,0,0,30753,23857,317,2898,0,0,0,0,0
856,5848,857.283887411871,99671,850,521,230,97,76728,42315,1.1943594425660422,373,246,14917,20638,29806,20627,3823,7870,48777,38494,0,0,1634,308,2937,3582,22236,6932,4286,0,0,30766,23781,316,2893,0,0,0,0,0
857,5848,858.2231058579555,99670,803,500,230,98,76807,42364,1.1956556636901776,389,249,15015,20712,29756,20586,3806,7854,48786,38502,0,0,1629,305,2931,3574,22279,6972,4277,0,0,30773,23728,315,2887,0,0,0,0,0
858,5848,859.1643462832286,99670,809,495,230,98,76899,42422,1.1971606300792617,386,243,15112,20762,29670,20575,3792,7826,48795,38510,0,0,1622,303,2928,3577,22313,7003,4264,0,0,30772,23692,314,2882,0,0,0,0,0
859,5848,860.107911111512,99670,783,505,230,98,76989,42487,1.1987157620146482,391,233,15161,20801,29648,20552,3786,7810,48803,38518,0,0,1615,302,2924,3581,22367,7029,4249,0,0,30768,23651,312,2872,0,0,0,0,0
860,5848,861.0527701808661,99670,781,477,230,98,77087,42539,1.2002207284037323,380,230,15232,20875,29603,20539,3773,7780,48811,38526,0,0,1602,300,2916,3586,22403,7064,4241,0,0,30780,23603,310,2865,0,0,0,0,0
861,5848,862.3151945272004,99670,749,475,230,98,77199,42613,1.2020868867261965,385,224,15317,20970,29561,20493,3757,7739,48819,38534,0,0,1589,299,2913,3579,22446,7109,4236,0,0,30793,23541,307,2858,0,0,0,0,0
862,5848,863.2636951347198,99670,733,461,230,98,77298,42667,1.203621952443062,373,223,15398,21016,29518,20486,3747,7715,48827,38542,0,0,1580,297,2910,3580,22480,7150,4220,0,0,30796,23499,307,2851,0,0,0,0,0
863,5848,864.2136432354155,99669,717,469,231,98,77390,42721,1.2050988772838094,362,210,15470,21074,29482,20456,3737,7692,48835,38550,0,0,1566,294,2904,3568,22516,7178,4222,0,0,30814,23458,304,2845,0,0,0,0,0
864,5848,865.1649823294404,99668,692,455,232,98,77457,42772,1.2062948990648954,375,205,15534,21140,29437,20437,3729,7664,48843,38558,0,0,1561,292,2894,3563,22567,7204,4212,0,0,30818,23418,302,2837,0,0,0,0,0
865,5848,866.1180234269935,99668,686,435,232,98,77542,42807,1.207498896335835,365,214,15597,21203,29403,20406,3716,7643,48851,38566,0,0,1551,291,2891,3561,22595,7229,4204,0,0,30843,23372,301,2830,0,0,0,0,0
866,5848,867.0727179898915,99667,682,435,232,99,77625,42864,1.2089156892451864,359,209,15685,21274,29335,20370,3706,7612,48859,38573,0,0,1543,289,2888,3554,22637,7256,4199,0,0,30834,23342,301,2824,0,0,0,0,0
867,5848,868.0295307474845,99667,685,438,232,99,77715,42921,1.210390600700332,345,202,15761,21320,29286,20338,3690,7602,48867,38580,0,0,1535,287,2880,3556,22661,7285,4192,0,0,30856,23295,301,2819,0,0,0,0,0
868,5848,869.3080994422802,99666,682,422,232,100,77835,42979,1.2121887102923765,320,196,15862,21423,29238,20300,3665,7558,48875,38587,0,0,1528,284,2878,3564,22709,7319,4175,0,0,30859,23241,298,2811,0,0,0,0,0
869,5848,870.2686195840239,99665,664,417,233,100,77918,43025,1.2134952089499824,298,200,15944,21493,29206,20263,3654,7526,48883,38594,1,1,1518,284,2871,3547,22749,7353,4175,0,0,30856,23204,298,2809,0,0,0,0,1
870,5848,871.2308262107551,99665,672,399,233,100,77997,43070,1.2147393769126573,314,203,16016,21550,29117,20236,3647,7511,48891,38601,2,2,1507,283,2863,3546,22781,7379,4172,0,0,30865,23167,298,2801,0,1,0,0,2
871,5848,872.1955903013258,99665,651,399,233,100,78070,43117,1.2159434104249236,320,184,16095,21601,29063,20216,3637,7499,48899,38608,3,3,1494,282,2857,3542,22806,7411,4175,0,0,30863,23137,294,2799,0,3,0,0,2
872,5848,873.1624368300223,99665,631,395,233,100,78146,43165,1.2171875783875985,310,183,16157,21652,29037,20182,3631,7487,48907,38615,4,4,1483,280,2853,3542,22818,7449,4172,0,0,30878,23096,293,2794,0,5,0,0,2
873,5848,874.1306651530192,99665,606,387,233,100,78209,43216,1.2183314102242513,304,183,16230,21697,29006,20163,3620,7469,48915,38622,6,5,1479,279,2846,3543,22849,7481,4157,0,0,30890,23058,288,2787,0,5,1,0,2
874,5848,875.1002491065417,99664,588,375,234,100,78275,43261,1.2194573767860009,306,171,16308,21772,28954,20134,3609,7447,48923,38629,9,6,1474,276,2845,3548,22877,7511,4147,0,0,30889,23022,285,2779,0,7,1,0,3
875,5848,876.0718666658726,99664,584,371,234,100,78347,43306,1.2206313212393642,289,167,16361,21832,28926,20095,3605,7434,48931,38636,13,7,1470,276,2842,3550,22900,7541,4134,0,0,30887,22988,284,2777,0,11,1,0,3
876,5848,877.0448184886146,99664,565,362,234,100,78408,43356,1.221745063413068,285,157,16458,21901,28856,20069,3601,7410,48939,38643,18,8,1462,275,2838,3544,22939,7566,4130,0,0,30897,22946,282,2768,0,11,1,0,5
877,5848,878.0201694019073,99663,575,359,235,100,78487,43406,1.223051684175672,259,155,16554,21961,28786,20037,3590,7387,48947,38650,25,9,1456,273,2833,3545,22965,7591,4119,0,0,30902,22910,280,2768,0,11,1,0,9
878,5848,879.3245545168305,99663,560,331,235,100,78572,43446,1.2243059109197998,248,167,16660,22049,28718,19992,3578,7360,48954,38657,33,10,1452,272,2830,3535,23017,7620,4110,0,0,30895,22860,279,2764,0,14,1,0,14
879,5848,880.3053482631778,99662,555,324,235,101,78648,43484,1.2254620617687784,233,169,16723,22119,28684,19952,3569,7334,48961,38664,43,11,1440,271,2824,3534,23041,7648,4106,0,0,30903,22823,279,2760,1,16,1,0,15
880,5848,881.2875999389007,99660,533,328,237,101,78715,43523,1.2265502709211318,224,170,16820,22173,28631,19902,3554,7325,48968,38671,55,12,1434,270,2821,3527,23083,7669,4100,0,0,30886,22793,276,2758,2,22,1,0,18
881,5848,882.2720256691106,99660,525,336,237,101,78768,43561,1.2274633754766204,220,162,16909,22247,28561,19843,3547,7310,48975,38678,69,13,1431,268,2821,3525,23083,7703,4093,0,0,30882,22768,276,2756,2,25,1,0,26
882,5848,883.2590346312263,99660,497,324,237,101,78817,43593,1.2282761388721655,235,163,16984,22317,28508,19794,3538,7300,48982,38685,85,14,1424,267,2817,3525,23099,7731,4084,0,0,30886,22729,275,2756,2,34,1,0,30
883,5848,884.2479808395948,99660,480,321,237,101,78869,43630,1.2291691751956653,235,156,17058,22380,28463,19755,3526,7286,48989,38692,104,15,1421,266,2812,3527,23136,7748,4066,0,0,30879,22692,275,2754,2,40,1,0,41
884,5848,885.2386884039845,99660,467,307,237,101,78934,43663,1.2301525185631146,213,159,17139,22432,28428,19713,3515,7287,48996,38698,125,17,1413,264,2803,3520,23161,7777,4059,0,0,30878,22658,274,2751,2,48,3,0,49
885,5848,886.2313831606857,99659,448,306,238,101,78986,43699,1.231047873247775,218,154,17209,22502,28376,19649,3510,7287,49003,38704,149,19,1406,263,2802,3519,23175,7809,4053,0,0,30868,22627,274,2745,3,56,3,0,56
886,5848,887.2260335715345,99659,432,313,238,101,79033,43747,1.2320011238322681,231,143,17301,22574,28295,19588,3502,7280,49010,38710,176,21,1397,261,2798,3512,23188,7841,4053,0,0,30856,22600,272,2744,3,65,3,0,66
887,5848,888.2232417316444,99659,429,299,238,101,79089,43778,1.2328741006833301,218,148,17381,22633,28235,19530,3498,7288,49017,38716,206,23,1392,261,2787,3510,23205,7866,4049,0,0,30858,22560,268,2743,3,76,7,0,74
888,5848,889.2229693064246,99659,418,300,238,101,79139,43811,1.2337069406676768,194,145,17474,22708,28181,19454,3494,7291,49024,38722,240,26,1386,261,2784,3511,23223,7891,4042,0,0,30831,22535,266,2738,4,98,7,0,82
889,5848,890.2250138149068,99659,405,302,238,101,79187,43844,1.2345197122186657,195,144,17570,22740,28108,19405,3483,7307,49031,38728,277,29,1384,259,2779,3505,23232,7923,4032,0,0,30820,22506,264,2732,5,114,9,0,95
890,5848,891.2298149710039,99659,413,290,238,101,79244,43878,1.2354328259364433,196,144,17647,22791,28033,19354,3472,7319,49038,38734,318,32,1377,256,2776,3505,23248,7947,4028,0,0,30806,22468,264,2725,6,132,9,0,112
891,5848,892.2373894030195,99658,401,283,239,101,79287,43915,1.2362479680507334,212,136,17742,22856,27946,19291,3459,7332,49045,38740,363,36,1374,256,2770,3504,23271,7971,4019,0,0,30783,22428,264,2717,9,154,10,0,128
892,5848,893.2479126948949,99658,403,273,239,101,79344,43953,1.2372012282004454,206,123,17832,22904,27867,19248,3452,7350,49052,38746,412,40,1367,255,2764,3506,23282,8006,4012,0,0,30767,22385,262,2712,10,170,11,0,149
893,5848,894.2615585378013,99658,408,260,239,101,79394,43979,1.2379638363202152,194,117,17918,22950,27791,19197,3449,7374,49059,38752,465,45,1364,255,2760,3503,23285,8035,4001,0,0,30761,22339,261,2711,10,192,14,0,167
894,5848,895.2778956284255,99658,393,249,239,101,79438,44006,1.2386762728531577,192,119,17990,22994,27740,19141,3445,7395,49066,38758,522,50,1361,255,2752,3498,23296,8068,3991,0,0,30748,22292,261,2706,12,215,14,0,189
895,5848,896.29658940884,99658,367,251,239,101,79477,44036,1.2393686407513698,203,128,18074,23040,27682,19063,3434,7416,49073,38764,584,56,1353,253,2749,3495,23313,8095,3988,0,0,30718,22249,261,2698,16,242,15,0,213
896,5848,897.3176016179204,99658,364,245,239,101,79529,44068,1.2402115234100624,193,127,18163,23085,27605,19000,3435,7441,49080,38770,650,62,1349,253,2742,3493,23312,8130,3979,0,0,30706,22199,261,2692,19,268,19,0,236
897,5848,898.3417207935267,99658,374,239,239,101,79584,44099,1.2410744747034859,181,112,18247,23133,27526,18933,3432,7481,49087,38776,721,69,1346,252,2739,3489,23316,8162,3970,0,0,30683,22150,261,2684,23,301,20,0,262
898,5848,899.0261186600599,99658,372,234,239,101,79622,44116,1.2416263621585824,166,116,18312,23153,27480,18868,3430,7527,49094,38782,797,77,1344,252,2735,3489,23309,8192,3959,0,0,30654,22109,261,2681,24,334,23,0,292
899,5848,900.0551775457186,99658,372,227,239,101,79659,44134,1.2421782496136788,179,150,18366,23183,27425,18837,3418,7501,49094,38782,797,77,1343,252,2734,3491,23331,8200,3954,0,0,30648,22095,261,2676,24,334,23,0,292
900,5848,900.0551775457186,99658,368,238,239,101,79670,44153,1.2424792791346404,201,144,18395,23170,27380,18785,3416,7561,49094,38782,878,86,1343,252,2732,3490,23320,8221,3954,0,10,30612,22049,261,2674,26,361,25,0,328
901,5848,901.0873116383198,99658,369,238,239,101,79723,44187,1.2433522647454294,195,154,18484,23192,27307,18710,3405,7604,49094,38782,964,95,1341,252,2727,3487,23334,8251,3951,2,30,30542,21995,260,2669,30,397,28,0,362
902,5848,902.122335926602,99658,360,253,239,101,79776,44229,1.2443055248951413,203,150,18555,23227,27242,18613,3400,7655,49094,38782,1055,105,1338,250,2716,3496,23342,8281,3943,5,51,30473,21946,260,2661,35,437,34,0,390
903,5848,903.159701002537,99658,350,264,239,101,79826,44272,1.2452387164101226,213,140,18642,23251,27162,18541,3393,7702,49094,38782,1151,116,1337,250,2712,3498,23342,8323,3936,6,71,30404,21888,260,2655,37,476,35,0,428
904,5848,904.2001228150704,99658,340,264,239,101,79880,44311,1.246171907925104,228,139,18712,23275,27096,18469,3384,7751,49094,38782,1252,128,1335,250,2706,3502,23329,8373,3929,8,100,30329,21830,260,2648,41,523,38,0,457
905,5848,905.2431194663325,99658,355,256,239,101,79935,44344,1.247054927853258,236,148,18773,23289,27011,18389,3385,7816,49094,38782,1359,141,1333,249,2703,3507,23309,8416,3924,10,127,30272,21766,259,2637,48,563,41,2,492
906,5848,906.2890161305755,99657,365,263,240,101,79994,44389,1.2481110208013486,242,137,18857,23319,26917,18299,3378,7880,49094,38782,1471,155,1331,249,2699,3508,23312,8449,3922,12,154,30189,21696,258,2631,52,614,44,2,535
907,5848,907.3385202599181,99657,376,260,240,101,80056,44427,1.2491144626067412,244,142,18918,23343,26840,18206,3381,7947,49094,38782,1589,170,1329,249,2693,3510,23313,8488,3916,14,177,30106,21624,258,2630,52,664,48,3,583
908,5848,908.0397247326438,99657,388,263,240,101,80104,44454,1.2498670439607855,229,148,18958,23330,26794,18125,3390,8032,49094,38782,1712,186,1329,249,2689,3509,23300,8527,3913,14,190,30033,21568,258,2621,60,717,51,4,625
909,5848,909.0935677882889,99657,385,262,240,101,80157,44497,1.2508303480939622,245,143,19028,23325,26720,18057,3381,8111,49094,38782,1841,203,1327,248,2680,3511,23293,8575,3907,16,220,29955,21486,257,2614,65,765,57,4,677
910,5848,910.1503857246869,99657,385,242,240,101,80221,44519,1.2516933080465997,240,150,19090,23315,26661,17989,3383,8202,49094,38782,1975,221,1325,247,2672,3511,23279,8632,3901,18,247,29881,21407,257,2602,74,809,62,5,728
911,5848,911.2098286710219,99656,378,247,241,101,80270,44560,1.2526089748735652,266,151,19172,23332,26560,17890,3382,8278,49094,38782,2115,241,1323,247,2658,3515,23280,8673,3893,20,264,29788,21337,257,2597,77,868,73,9,777
912,5848,912.2727379386139,99654,368,246,242,102,80326,44600,1.2535974471671985,268,151,19247,23350,26496,17794,3378,8356,49094,38782,2261,262,1320,246,2653,3517,23273,8727,3889,23,288,29699,21249,255,2590,81,917,77,10,840
913,5848,913.3386198878576,99654,384,250,242,102,80394,44642,1.2547012663816806,277,151,19320,23363,26403,17687,3373,8446,49094,38782,2412,284,1318,246,2640,3517,23261,8785,3886,25,307,29600,21182,255,2581,88,983,82,10,888
914,5848,914.0509095954653,99654,386,253,242,102,80439,44665,1.2553836273506331,269,165,19375,23327,26347,17605,3380,8547,49094,38782,2569,308,1315,246,2637,3513,23241,8832,3885,28,320,29519,21103,255,2571,96,1044,85,11,953
915,5848,915.1222110546217,99654,402,244,242,102,80514,44697,1.2564573424047203,257,170,19436,23325,26280,17507,3382,8651,49094,38782,2732,333,1311,246,2632,3511,23230,8886,3881,32,345,29405,21024,254,2565,101,1124,89,13,1005
916,5848,916.1962812133127,99654,416,237,242,102,80594,44737,1.257661508820519,249,146,19494,23329,26209,17413,3389,8772,49094,38782,2900,360,1311,246,2626,3506,23217,8953,3876,32,371,29297,20933,254,2558,106,1192,93,13,1070
917,5848,917.273133123532,99654,427,234,242,102,80667,44781,1.2588355710759227,239,144,19553,23305,26138,17320,3400,8894,49094,38782,3074,389,1308,246,2616,3510,23197,9015,3871,35,405,29193,20836,254,2544,116,1263,99,13,1133
918,5848,918.3533092720397,99654,436,246,242,102,80736,44825,1.2599694944507998,228,144,19653,23293,26027,17213,3413,9001,49094,38782,3253,419,1306,246,2607,3517,23181,9068,3862,37,428,29085,20744,254,2533,126,1337,108,14,1201
919,5848,919.0756805136622,99654,435,251,242,102,80768,44852,1.2605615429385675,238,137,19696,23263,25955,17112,3433,9134,49094,38782,3438,451,1304,246,2605,3516,23139,9129,3860,39,442,28992,20658,254,2523,133,1417,110,16,1271
920,5848,920.1629567240785,99654,443,249,242,102,80837,44888,1.2616151885523912,240,156,19750,23243,25877,16991,3447,9258,49094,38782,3628,485,1303,245,2593,3524,23113,9191,3853,40,470,28878,20569,253,2507,144,1506,118,20,1327
921,5848,921.2533383670321,99653,426,246,243,102,80896,44926,1.2626012262551052,242,161,19799,23194,25824,16903,3465,9393,49094,38782,3823,520,1300,245,2580,3523,23102,9259,3848,43,488,28761,20466,253,2494,150,1582,128,21,1410
922,5848,922.3460914939538,99652,420,265,244,102,80965,44970,1.2637478424918718,240,151,19853,23163,25762,16789,3480,9529,49094,38782,4023,557,1297,245,2569,3526,23074,9324,3840,46,510,28649,20361,253,2486,154,1668,137,23,1490
923,5848,923.0762071089332,99652,427,270,244,102,81017,44994,1.2645104965279172,239,162,19878,23094,25717,16695,3494,9676,49094,38782,4228,596,1295,245,2561,3526,23050,9381,3837,48,522,28536,20264,253,2477,159,1755,145,26,1572
924,5848,924.1736389579007,99652,430,253,244,102,81078,45027,1.265453779151447,239,176,19946,23057,25626,16592,3514,9819,49094,38782,4438,637,1293,244,2549,3537,23012,9455,3828,50,550,28424,20147,251,2470,163,1839,153,31,1656
925,5848,925.274567996033,99652,421,267,244,102,81143,45084,1.2666780395777304,257,155,19994,23062,25551,16474,3532,9939,49094,38782,4653,680,1289,243,2538,3541,22992,9525,3822,54,580,28301,20023,251,2454,170,1929,160,34,1746
926,5848,926.0103667124117,99652,426,267,244,102,81187,45112,1.2674005539276683,260,146,20019,22997,25491,16370,3559,10117,49094,38782,4873,725,1288,243,2523,3540,22943,9603,3821,55,598,28186,19930,251,2446,176,2023,171,37,1818
927,5848,927.1168930679801,99651,430,254,244,103,81260,45145,1.2684769846765211,248,159,20076,22960,25420,16262,3581,10261,49094,38782,5097,773,1285,243,2511,3539,22927,9667,3816,58,629,28047,19813,250,2431,188,2127,180,39,1901
928,5848,928.2267259935031,99651,427,244,244,103,81328,45183,1.269540697032644,266,162,20127,22919,25328,16157,3607,10414,49094,38782,5325,823,1281,243,2497,3539,22906,9746,3809,62,646,27919,19695,249,2416,201,2213,190,43,1996
929,5848,929.3403275502939,99651,419,248,244,103,81392,45232,1.27067465454436,266,158,20163,22899,25267,16043,3640,10548,49094,38782,5558,875,1276,240,2480,3544,22883,9823,3804,67,671,27766,19587,249,2407,205,2323,204,46,2076
930,5848,930.084405124029,99651,419,256,244,103,81436,45270,1.271497526367021,271,143,20195,22845,25201,15931,3669,10721,49094,38782,5795,929,1275,239,2465,3543,22847,9900,3802,68,687,27634,19483,249,2397,213,2425,214,47,2163
931,5848,931.2037551937121,99651,427,259,244,103,81499,45306,1.2724909935675508,270,145,20238,22800,25117,15817,3703,10875,49094,38782,6035,986,1274,239,2451,3547,22811,9972,3793,69,706,27508,19367,248,2384,222,2527,226,53,2254
932,5848,932.326788161902,99651,426,257,244,103,81568,45339,1.2735145658347633,280,148,20300,22753,25018,15698,3731,11040,49094,38782,6279,1045,1270,239,2437,3544,22755,10068,3788,73,729,27369,19259,248,2373,231,2641,235,57,2335
933,5848,933.077799574021,99651,437,276,244,103,81623,45376,1.2744377878797002,262,147,20327,22683,24947,15575,3782,11215,49094,38782,6527,1106,1270,237,2427,3543,22709,10142,3786,73,742,27243,19141,248,2360,243,2748,242,61,2436
934,5848,934.2080774327877,99650,433,270,245,103,81701,45415,1.2756246864024083,261,161,20355,22610,24894,15467,3811,11388,49094,38782,6778,1170,1267,236,2414,3546,22669,10239,3781,75,769,27098,19018,247,2350,251,2849,250,66,2525
935,5848,935.3412480076676,99650,452,267,245,103,81785,45461,1.2769292523833418,253,156,20403,22545,24801,15365,3845,11563,49094,38782,7032,1236,1265,236,2398,3542,22633,10323,3777,77,791,26950,18890,247,2341,259,2962,262,72,2625
936,5848,936.0986579287298,99650,446,279,245,103,81835,45494,1.277762167586553,257,146,20416,22450,24742,15258,3893,11763,49094,38782,7289,1305,1263,236,2377,3545,22575,10416,3771,79,804,26810,18785,247,2334,265,3076,279,74,2714
937,5848,937.2385053781054,99650,449,277,245,103,81903,45540,1.278906171600602,268,149,20443,22388,24651,15144,3943,11938,49094,38782,7549,1377,1262,234,2365,3544,22511,10524,3765,80,834,26673,18649,247,2318,279,3182,289,80,2814
938,5848,938.0004122199141,99650,459,275,245,103,81963,45568,1.2797892624184646,258,150,20454,22296,24585,15042,3998,12133,49094,38782,7811,1451,1260,234,2350,3542,22468,10601,3758,82,851,26537,18523,247,2304,290,3301,300,85,2917
939,5848,939.1470725201784,99649,458,277,246,103,82040,45613,1.2810264026733835,273,144,20480,22258,24495,14918,4047,12299,49094,38782,8076,1528,1258,234,2336,3545,22424,10695,3747,84,874,26368,18408,247,2289,303,3434,309,91,3003
940,5848,940.2978508523395,99649,455,273,246,103,82117,45649,1.282160382944134,288,147,20508,22201,24418,14799,4084,12476,49094,38782,8343,1608,1256,234,2325,3548,22379,10794,3741,86,898,26213,18262,247,2276,314,3546,315,99,3116
941,5848,941.0669720075063,99649,466,266,246,103,82175,45680,1.2830535178476452,278,154,20520,22108,24345,14704,4144,12664,49094,38782,8612,1690,1255,234,2313,3554,22306,10899,3733,87,917,26077,18129,247,2265,323,3654,327,107,3222
942,5848,942.2248096183763,99649,449,278,246,103,82257,45728,1.2843580969201898,271,151,20569,22065,24264,14568,4200,12834,49094,38782,8882,1775,1249,234,2293,3548,22249,11008,3729,93,944,25925,17991,247,2252,335,3770,342,112,3328
943,5848,943.3869021123587,99648,449,271,247,103,82331,45763,1.2854648362235068,274,172,20617,21998,24153,14440,4259,13015,49094,38782,9154,1863,1248,234,2272,3551,22189,11113,3722,94,966,25766,17862,247,2237,345,3900,355,121,3426
944,5848,944.1642139469405,99648,454,264,247,103,82387,45794,1.286337909441233,270,170,20601,21907,24100,14333,4327,13222,49094,38782,9427,1954,1247,234,2259,3551,22113,11231,3718,95,977,25624,17741,247,2223,354,4011,366,130,3527
945,5848,945.3339791691802,99648,455,272,247,103,82454,45842,1.2874919717405267,289,162,20618,21843,23995,14205,4395,13414,49094,38782,9701,2047,1245,233,2250,3552,22047,11335,3712,97,999,25464,17617,247,2209,366,4145,372,138,3620
946,5848,946.1162858836324,99648,452,277,247,103,82507,45882,1.288425256904303,288,152,20638,21778,23911,14089,4463,13600,49094,38782,9976,2143,1242,232,2240,3554,21990,11434,3707,100,1007,25302,17499,247,2198,376,4275,378,149,3718
947,5848,947.2948374980464,99648,457,289,247,103,82583,45939,1.289759955041747,288,146,20681,21710,23806,13970,4520,13781,49094,38782,10252,2242,1241,232,2225,3553,21960,11521,3700,101,1024,25146,17349,246,2179,392,4392,389,158,3840
948,5848,948.0833274761718,99648,454,286,247,103,82630,45967,1.2905126043673731,295,151,20683,21622,23722,13861,4598,13976,49094,38782,10529,2344,1237,231,2204,3554,21894,11616,3698,104,1040,24987,17224,246,2166,402,4533,405,166,3941
949,5848,949.2709818082291,99648,454,273,247,103,82712,46011,1.2917770552344252,286,160,20714,21573,23637,13755,4661,14135,49094,38782,10806,2449,1235,231,2191,3561,21845,11721,3687,106,1064,24820,17074,246,2143,420,4661,412,177,4054
950,5848,950.0651562799093,99648,450,274,247,103,82770,46041,1.2926601637764932,281,161,20714,21475,23558,13651,4749,14335,49094,38782,11083,2556,1233,231,2176,3560,21775,11826,3684,107,1082,24647,16954,246,2129,433,4807,425,184,4149
951,5848,951.2613650143904,99648,462,276,247,103,82850,46087,1.2939246146435452,262,167,20745,21430,23457,13517,4826,14506,49094,38782,11360,2666,1233,230,2164,3563,21713,11938,3677,107,1095,24473,16833,246,2111,445,4943,436,196,4245
952,5848,952.0617771236871,99648,445,269,247,103,82894,46116,1.294657193320488,264,175,20767,21349,23363,13416,4913,14687,49094,38782,11637,2779,1229,230,2151,3568,21656,12035,3669,111,1109,24297,16702,246,2094,460,5088,446,204,4353
953,5848,953.2678958010952,99647,450,284,248,103,82980,46170,1.2960751452627777,258,180,20774,21287,23277,13291,4992,14854,49094,38782,11914,2895,1221,229,2139,3570,21584,12156,3666,119,1126,24136,16559,245,2079,473,5208,456,211,4470
954,5848,954.0744732606113,99647,454,290,248,103,83042,46207,1.29706865234277,252,180,20761,21195,23206,13185,5078,15046,49094,38782,12190,3014,1219,229,2122,3572,21525,12257,3659,121,1132,23983,16431,245,2063,488,5331,470,221,4579
955,5848,955.2886927536624,99647,449,290,248,103,83116,46259,1.2983331158991238,243,175,20787,21119,23112,13089,5160,15223,49094,38782,12466,3135,1217,229,2101,3576,21460,12381,3651,122,1151,23815,16294,244,2047,500,5458,484,226,4691
956,5848,956.1010103280925,99647,440,280,248,103,83163,46290,1.2991158790530573,255,168,20774,21008,23015,13004,5267,15436,49094,38782,12741,3259,1213,228,2080,3581,21383,12501,3644,126,1159,23660,16171,243,2034,510,5579,503,243,4789
957,5848,957.3254913604347,99647,455,279,248,103,83241,46347,1.3004706614348651,253,159,20802,20944,22886,12905,5355,15609,49094,38782,13015,3386,1212,228,2065,3582,21320,12618,3637,127,1174,23467,16060,243,2025,516,5731,516,258,4868
958,5848,958.1456610238071,99647,454,285,248,103,83289,46387,1.3013537788393028,243,155,20792,20877,22808,12790,5454,15789,49094,38782,13288,3516,1211,228,2054,3584,21235,12732,3633,128,1184,23310,15933,242,2013,524,5871,524,270,4971
959,5848,959.381518906537,99647,424,279,248,103,83348,46426,1.3023372504942448,251,157,20810,20831,22714,12675,5552,15954,49094,38782,13560,3648,1210,227,2042,3581,21149,12869,3628,128,1205,23144,15796,241,1998,538,6001,533,285,5072
960,5848,960.2084075108277,99647,441,281,248,103,83404,46462,1.303260509598884,253,157,20803,20742,22607,12585,5647,16131,49094,38782,13830,3783,1208,227,2030,3581,21077,12974,3622,130,1215,22985,15664,241,1983,550,6139,542,292,5187
961,5848,961.0388683661153,99647,445,280,248,103,83453,46491,1.3040432727528175,270,164,20771,20664,22508,12468,5757,16320,49094,38782,14099,3921,1207,227,2022,3582,20977,13102,3618,131,1225,22838,15548,240,1967,564,6266,548,303,5282
962,5848,962.2907942363971,99647,457,293,248,103,83541,46552,1.3055385510853312,262,145,20795,20605,22394,12374,5843,16479,49094,38782,14366,4061,1205,227,1991,3585,20907,13224,3611,132,1240,22685,15412,239,1953,574,6390,568,317,5387
963,5848,963.1289502360412,99647,450,296,248,103,83590,46584,1.306351420514416,262,152,20789,20520,22299,12264,5951,16664,49094,38782,14632,4204,1202,226,1972,3588,20825,13342,3608,135,1257,22510,15297,239,1937,586,6538,583,322,5480
964,5848,964.3924349225903,99646,455,286,248,104,83681,46626,1.3076992553639886,258,165,20793,20486,22190,12144,6055,16814,49094,38782,14896,4349,1200,225,1963,3593,20740,13478,3596,137,1280,22345,15162,237,1922,594,6675,587,338,5574
965,5848,965.238284345617,99646,447,281,248,104,83731,46654,1.3084820263733616,265,179,20779,20395,22095,12053,6165,16987,49094,38782,15158,4497,1197,225,1947,3596,20638,13622,3591,140,1285,22178,15064,236,1905,611,6806,600,353,5652
966,5848,966.0877736748926,99645,450,286,248,105,83785,46694,1.3094385066987806,267,176,20766,20307,21987,11976,6281,17149,49094,38782,15418,4647,1193,224,1937,3599,20563,13730,3586,144,1291,22007,14943,235,1888,626,6952,608,368,5751
967,5848,967.3691287313375,99645,451,272,248,105,83860,46744,1.3106929600080286,279,172,20800,20243,21843,11907,6378,17300,49094,38782,15676,4799,1191,224,1920,3594,20471,13878,3581,146,1317,21846,14810,235,1875,635,7077,620,383,5842
968,5848,968.2278974647462,99645,456,272,248,105,83914,46780,1.311596166390687,278,171,20768,20185,21746,11799,6503,17467,49094,38782,15932,4953,1189,224,1898,3595,20384,14003,3579,148,1331,21684,14689,234,1863,645,7213,634,396,5936
969,5848,969.0907066886152,99645,459,280,248,105,83964,46817,1.3124692658939234,291,186,20749,20102,21630,11704,6622,17622,49094,38782,16185,5110,1185,224,1883,3599,20318,14100,3573,152,1341,21530,14563,233,1852,655,7345,644,412,6036
970,5848,970.3921427618169,99645,460,285,248,105,84056,46872,1.313944502985599,289,180,20768,20070,21504,11605,6730,17754,49094,38782,16436,5269,1182,223,1874,3599,20254,14227,3565,155,1352,21337,14446,232,1831,667,7499,651,427,6124
971,5848,971.2637912285041,99645,456,297,248,105,84106,46907,1.3147975312358875,299,182,20732,19983,21414,11508,6850,17924,49094,38782,16685,5430,1181,222,1860,3597,20163,14351,3563,156,1350,21188,14329,232,1820,675,7626,662,447,6223
972,5848,972.1395540502714,99644,443,295,249,105,84167,46944,1.315794227449721,286,180,20736,19886,21313,11442,6972,18091,49094,38782,16931,5593,1178,220,1842,3598,20076,14486,3557,159,1353,21049,14198,232,1805,687,7732,677,465,6330
973,5848,973.0196125933545,99644,447,300,249,105,84222,46976,1.316667335715146,296,188,20702,19812,21207,11344,7098,18250,49094,38782,17175,5758,1178,220,1831,3597,19987,14613,3553,159,1357,20897,14090,231,1789,701,7856,686,477,6422
974,5848,974.3472414532127,99644,439,303,249,105,84302,47038,1.3180924089759545,297,170,20709,19787,21088,11261,7217,18373,49094,38782,17416,5925,1174,220,1813,3598,19901,14757,3547,163,1375,20725,13977,231,1771,716,7982,700,496,6498
975,5848,975.2365263861516,99644,459,302,249,105,84383,47073,1.3192565533298544,272,176,20691,19712,20981,11192,7347,18512,49094,38782,17654,6093,1171,220,1793,3596,19811,14896,3544,166,1370,20566,13878,231,1759,726,8105,718,513,6581
976,5848,976.1303744471131,99644,441,306,249,105,84434,47110,1.320139697322468,263,171,20669,19691,20896,11086,7481,18640,49094,38782,17890,6263,1170,220,1775,3595,19697,15047,3542,167,1379,20418,13772,231,1748,737,8225,733,524,6664
977,5848,977.0283110025841,99644,436,293,249,105,84488,47149,1.3210730199510257,256,169,20666,19608,20767,11018,7625,18806,49094,38782,18123,6435,1168,220,1764,3592,19613,15182,3538,169,1392,20270,13663,230,1728,753,8341,740,543,6738
978,5848,978.3843047684466,99644,436,282,249,105,84578,47206,1.3225482718477781,247,161,20667,19583,20657,10946,7743,18922,49094,38782,18353,6608,1165,220,1749,3594,19518,15336,3528,171,1416,20117,13534,229,1711,764,8457,751,561,6823
979,5848,979.2925350158571,99643,437,286,249,106,84645,47244,1.3236153066447216,222,159,20639,19525,20564,10875,7888,19048,49094,38782,18580,6783,1164,220,1734,3598,19416,15480,3521,172,1424,19961,13428,229,1702,770,8582,761,574,6907
980,5848,980.2030707006145,99643,440,278,249,106,84698,47287,1.3245787461236616,217,152,20604,19476,20468,10802,8021,19185,49094,38782,18805,6959,1163,220,1721,3603,19320,15615,3515,173,1434,19802,13320,229,1689,780,8712,769,591,6987
981,5848,981.114919949194,99643,433,281,249,106,84747,47324,1.325441827323545,220,149,20562,19414,20370,10742,8165,19307,49094,38782,19027,7136,1160,219,1716,3606,19241,15737,3511,175,1441,19646,13201,229,1671,795,8836,774,603,7082
982,5848,982.0286866672354,99643,430,275,249,106,84803,47354,1.3263049085234286,210,151,20535,19371,20266,10651,8309,19445,49094,38782,19246,7314,1158,218,1702,3608,19160,15862,3506,177,1449,19491,13100,229,1652,809,8962,782,610,7168
983,5848,983.4012464714215,99643,413,283,249,106,84868,47406,1.3274791003883866,226,146,20555,19367,20116,10572,8440,19525,49094,38782,19462,7493,1155,217,1692,3608,19072,16008,3500,179,1459,19323,12994,229,1646,813,9088,787,627,7246
984,5848,984.3157371954798,99643,407,285,249,106,84919,47439,1.328322109932459,222,145,20524,19322,20017,10494,8580,19647,49094,38782,19675,7673,1149,217,1679,3606,18989,16132,3497,185,1464,19178,12884,229,1630,829,9204,796,640,7335
985,5848,985.2315873617792,99643,421,287,249,106,84986,47480,1.3294059793462663,216,131,20489,19259,19898,10449,8726,19767,49094,38782,19885,7854,1149,216,1669,3609,18895,16264,3492,184,1478,19025,12771,229,1622,834,9326,806,651,7423
986,5848,986.1489477480258,99643,419,290,249,106,85033,47518,1.3302590247182442,219,125,20449,19218,19793,10379,8870,19881,49094,38782,20092,8036,1148,214,1655,3612,18802,16393,3490,184,1480,18885,12673,228,1605,849,9438,817,668,7502
987,5848,987.0679605613267,99643,408,296,249,106,85087,47557,1.3311923567134671,217,120,20397,19181,19707,10302,9021,19994,49094,38782,20296,8219,1146,214,1642,3612,18697,16535,3487,186,1486,18737,12580,228,1590,863,9558,827,685,7570
988,5848,988.4501979873382,99643,406,265,249,106,85165,47584,1.3322461186435575,222,145,20391,19211,19590,10225,9141,20047,49094,38782,20498,8402,1146,213,1624,3614,18608,16681,3479,186,1502,18582,12474,228,1577,874,9676,839,704,7636
989,5848,989.3721327951025,99643,403,284,249,106,85220,47631,1.333269773089931,226,133,20377,19192,19477,10139,9267,20145,49094,38782,20697,8586,1146,213,1606,3615,18509,16809,3472,186,1504,18436,12379,228,1567,882,9808,853,720,7710
990,5848,990.2949185192529,99643,403,278,249,106,85277,47657,1.3341027468060978,217,136,20340,19162,19384,10066,9406,20251,49094,38782,20893,8771,1145,213,1592,3615,18417,16938,3471,187,1506,18296,12286,227,1553,893,9921,862,739,7782
991,5848,991.2190244345092,99643,407,275,249,106,85324,47688,1.3348855413827363,234,143,20310,19127,19260,9996,9539,20352,49094,38782,21086,8956,1145,213,1583,3613,18343,17049,3468,187,1511,18144,12182,227,1538,904,10046,871,756,7863
992,5848,992.1444822625818,99643,399,272,249,106,85369,47717,1.3356281926477525,247,149,20286,19097,19144,9923,9674,20452,49094,38782,21276,9141,1144,211,1561,3616,18240,17189,3464,188,1511,18023,12088,227,1525,914,10140,889,768,7945
993,5848,993.0711167131896,99643,406,280,249,106,85426,47756,1.3365916321266922,243,144,20268,19058,19033,9859,9800,20552,49094,38782,21463,9326,1144,210,1552,3615,18165,17304,3461,187,1514,17882,11995,227,1511,926,10252,896,779,8023
994,5848,994.4621428853757,99643,390,275,249,106,85510,47802,1.3378962897544233,229,148,20259,19083,18937,9799,9935,20588,49094,38782,21647,9512,1143,210,1539,3610,18111,17432,3457,187,1529,17740,11896,226,1489,941,10344,905,799,8085
995,5848,995.3900447443567,99643,384,283,249,106,85554,47841,1.33872926347059,225,135,20215,19055,18843,9745,10083,20675,49094,38782,21828,9698,1141,210,1522,3611,18020,17555,3454,189,1537,17602,11815,225,1477,950,10459,920,814,8142
996,5848,996.3200347330043,99643,383,274,249,106,85608,47872,1.339582308842568,216,148,20217,19020,18721,9697,10213,20754,49094,38782,22007,9884,1138,209,1514,3608,17944,17671,3449,192,1541,17462,11713,225,1465,961,10572,926,831,8222
997,5848,997.2504299102047,99643,376,281,249,106,85655,47913,1.3404654616982628,220,135,20202,18981,18615,9649,10337,20847,49094,38782,22183,10069,1137,209,1500,3606,17862,17794,3444,193,1541,17330,11626,225,1451,974,10675,936,850,8290
998,5848,998.1813670524208,99643,370,280,249,106,85706,47944,1.341288399586524,218,138,20185,18951,18507,9590,10470,20934,49094,38782,22356,10254,1134,208,1481,3609,17770,17929,3439,196,1537,17200,11550,225,1439,982,10777,950,864,8353
999,5848,999.1130732696427,99643,366,276,249,106,85755,47971,1.3420511225073513,223,149,20170,18940,18390,9524,10601,21004,49094,38782,22526,10439,1132,208,1465,3608,17683,18045,3435,198,1541,17075,11468,225,1425,992,10884,964,883,8412
1000,5848,1000.0455996740781,99643,371,281,249,106,85806,48008,1.342934275363046,223,142,20152,18915,18260,9459,10744,21096,49094,38782,22694,10624,1129,208,1464,3610,17592,18171,3428,201,1534,16945,11394,224,1413,1003,10989,964,900,8474
1001,5848,1001.4457285458504,99641,354,268,249,108,85877,48059,1.3441856263987715,218,126,20148,18950,18184,9410,10846,21137,49094,38782,22859,10808,1127,207,1455,3616,17520,18305,3420,202,1547,16804,11298,223,1400,1013,11081,969,917,8537
1002,5848,1002.3790728046838,99641,368,267,249,108,85936,48090,1.345088869039853,209,122,20115,18945,18092,9347,10966,21210,49094,38782,23021,10992,1126,207,1441,3616,17432,18429,3413,203,1542,16675,11225,223,1387,1025,11188,981,932,8596
1003,5848,1003.3139129433706,99641,364,262,249,108,85983,48128,1.3459419315342078,198,125,20084,18947,17993,9300,11111,21257,49094,38782,23181,11175,1125,206,1424,3609,17356,18551,3411,204,1548,16544,11147,223,1379,1029,11290,997,952,8646
1004,5848,1004.2506483509466,99641,370,247,249,108,86027,48150,1.346604309471001,207,136,20081,18941,17861,9245,11231,21322,49094,38782,23338,11358,1124,205,1417,3609,17265,18672,3409,205,1555,16424,11065,222,1367,1038,11392,1001,963,8708
1005,5848,1005.1878063207141,99641,364,259,249,108,86072,48185,1.3474071918186288,219,132,20046,18924,17759,9191,11362,21385,49094,38782,23492,11540,1123,205,1407,3608,17179,18791,3405,206,1552,16331,10983,221,1352,1051,11466,1008,981,8772
1006,5848,1006.1259050283628,99641,374,250,249,108,86132,48208,1.3482401822542929,216,141,20014,18903,17654,9146,11492,21451,49094,38782,23644,11721,1121,205,1390,3604,17095,18912,3405,207,1554,16214,10917,221,1340,1059,11559,1022,1002,8814
1007,5848,1007.0656622691502,99641,372,249,249,108,86181,48245,1.349103280777993,214,135,20021,18883,17533,9117,11610,21507,49094,38782,23793,11901,1118,205,1378,3599,17027,19025,3403,210,1559,16088,10834,221,1330,1067,11652,1031,1017,8877
1008,5848,1008.0056766850719,99641,350,245,249,108,86219,48279,1.3498258748908583,221,132,19982,18884,17457,9082,11740,21548,49094,38782,23940,12080,1114,204,1374,3601,16953,19134,3397,214,1561,15966,10745,221,1324,1071,11748,1035,1040,8939
1009,5848,1009.4179908515023,99641,350,246,249,108,86305,48328,1.3511807388524804,200,133,19970,18901,17388,9045,11842,21566,49094,38782,24084,12258,1111,203,1361,3597,16894,19253,3392,217,1568,15835,10660,220,1315,1076,11841,1045,1063,8990
1010,5848,1010.359835686172,99641,345,247,249,108,86351,48362,1.3519836212001084,190,131,19975,18902,17285,9000,11955,21611,49094,38782,24226,12435,1107,203,1353,3590,16815,19367,3391,221,1572,15719,10580,220,1306,1081,11937,1051,1079,9049
1011,5848,1011.3022951376951,99641,342,254,249,108,86393,48401,1.3527965395770818,188,120,19946,18900,17194,8952,12080,21665,49094,38782,24365,12611,1106,202,1346,3595,16739,19477,3386,222,1571,15600,10509,220,1301,1081,12032,1056,1094,9104
1012,5848,1012.2459426392937,99640,339,245,250,108,86437,48430,1.3535427539140907,197,120,19909,18906,17103,8912,12201,21708,49094,38782,24502,12786,1105,202,1339,3597,16659,19588,3379,223,1577,15495,10426,220,1291,1089,12117,1061,1111,9161
1013,5848,1013.191153569969,99639,343,230,250,109,86479,48458,1.354258874537079,196,113,19894,18930,17002,8868,12314,21749,49094,38782,24637,12960,1105,202,1329,3599,16566,19714,3375,222,1581,15391,10358,220,1278,1101,12196,1068,1131,9203
1014,5848,1014.1375970044277,99639,349,207,250,109,86517,48477,1.354830939692289,218,120,19846,18934,16895,8829,12441,21800,49094,38782,24769,13133,1103,202,1321,3600,16493,19817,3373,223,1586,15271,10286,220,1270,1107,12293,1074,1145,9255
1015,5848,1015.0855539623861,99639,354,208,250,109,86557,48512,1.3555836570017765,223,108,19828,18950,16787,8780,12557,21844,49094,38782,24899,13305,1100,202,1308,3602,16426,19912,3370,226,1586,15150,10220,220,1261,1114,12391,1087,1160,9304
1016,5848,1016.0350678785154,99637,354,214,251,110,86604,48539,1.3563535634352701,224,109,19822,18957,16685,8715,12663,21894,49094,38782,25027,13475,1099,202,1301,3602,16344,20017,3366,227,1589,15053,10144,220,1248,1126,12469,1094,1169,9367
1017,5848,1017.4592518817462,99637,327,210,251,110,86665,48573,1.3573070244989311,224,114,19838,18990,16600,8671,12759,21904,49094,38782,25153,13644,1097,202,1296,3603,16263,20147,3357,229,1596,14926,10078,219,1238,1132,12563,1098,1189,9404
1018,5848,1018.4081562538092,99637,330,204,251,110,86710,48597,1.3579995383241166,228,118,19812,19008,16510,8630,12868,21929,49094,38782,25277,13812,1094,202,1292,3606,16197,20251,3351,232,1598,14807,10006,219,1234,1134,12650,1101,1204,9459
1019,5848,1019.3582708555911,99637,348,203,251,110,86766,48629,1.3588827443620342,216,120,19800,19032,16399,8588,12985,21946,49094,38782,25398,13978,1092,201,1279,3605,16126,20354,3349,234,1599,14706,9944,219,1224,1142,12730,1113,1218,9502
1020,5848,1020.3090317220228,99637,344,212,251,110,86814,48661,1.3596856589419593,221,113,19782,19038,16305,8538,13096,21988,49094,38782,25517,14143,1087,201,1269,3608,16039,20468,3344,239,1598,14617,9881,218,1221,1143,12800,1120,1238,9546
1021,5848,1021.2604012467353,99637,345,215,251,110,86868,48688,1.3604986099541334,208,120,19751,19053,16241,8499,13203,22002,49094,38782,25634,14306,1084,201,1260,3607,15962,20579,3340,240,1605,14508,9814,218,1212,1149,12887,1127,1247,9597
1022,5848,1022.2134502584397,99637,348,218,251,110,86917,48715,1.3612613788050625,199,119,19746,19096,16147,8448,13308,22008,49094,38782,25749,14468,1080,201,1244,3603,15893,20683,3340,244,1596,14411,9766,217,1199,1160,12960,1141,1262,9637
1023,5848,1023.1672794641811,99637,348,209,251,110,86967,48744,1.3620542569527385,198,123,19746,19102,16039,8415,13417,22040,49094,38782,25862,14628,1076,201,1237,3601,15819,20795,3336,248,1599,14304,9710,217,1197,1161,13042,1145,1274,9675
1024,5848,1024.1210624349735,99637,351,211,251,110,87011,48775,1.3628069893714183,205,124,19738,19119,15937,8384,13517,22051,49094,38782,25973,14787,1074,201,1235,3601,15734,20905,3335,250,1598,14215,9654,217,1191,1164,13112,1146,1292,9713
1025,5848,1025.074800638618,99637,337,221,251,110,87058,48804,1.3635697582223472,207,123,19714,19138,15875,8336,13615,22071,49094,38782,26082,14944,1067,201,1230,3605,15670,21006,3327,257,1588,14125,9600,217,1178,1176,13176,1149,1304,9761
1026,5848,1026.029662494605,99637,336,224,251,110,87108,48840,1.3644328913957666,187,107,19719,19156,15793,8302,13713,22100,49094,38782,26189,15100,1066,201,1224,3598,15597,21114,3326,258,1595,14019,9540,217,1175,1179,13261,1152,1315,9800
1027,5848,1027.4622608584236,99637,346,221,251,110,87187,48886,1.3656874454268997,172,108,19758,19226,15698,8258,13774,22076,49094,38782,26295,15254,1064,199,1209,3601,15525,21234,3319,260,1605,13921,9483,217,1167,1185,13324,1162,1334,9828
1028,5848,1028.4157345639428,99637,347,216,251,110,87235,48911,1.3664201049810814,170,110,19747,19245,15617,8229,13867,22089,49094,38782,26399,15406,1063,198,1200,3599,15456,21339,3314,261,1605,13836,9431,217,1162,1186,13391,1169,1344,9866
1029,5848,1029.3696333055655,99637,347,213,251,110,87282,48944,1.3672230195610064,168,95,19726,19273,15544,8191,13963,22117,49094,38782,26501,15557,1061,198,1194,3598,15386,21448,3311,263,1604,13752,9380,216,1155,1192,13446,1173,1363,9897
1030,5848,1030.3246042059584,99637,330,214,251,110,87311,48972,1.3677950961992031,182,94,19738,19312,15436,8153,14062,22116,49094,38782,26601,15706,1060,197,1188,3599,15323,21544,3306,264,1598,13661,9334,215,1146,1199,13518,1177,1380,9928
1031,5848,1031.2797341651553,99637,320,218,251,110,87348,49000,1.3684474642953923,195,93,19723,19332,15360,8118,14150,22128,49094,38782,26699,15853,1059,197,1178,3602,15270,21630,3298,265,1602,13575,9267,214,1143,1199,13585,1183,1394,9976
1032,5848,1032.2345726739952,99637,315,204,251,110,87388,49016,1.36900950450134,184,104,19703,19334,15306,8102,14240,22145,49094,38782,26796,15999,1058,197,1170,3601,15207,21727,3294,266,1605,13496,9209,214,1138,1201,13646,1188,1402,10018
1033,5848,1033.1904349667388,99637,326,210,251,110,87441,49046,1.3698425283780122,162,107,19698,19358,15230,8062,14332,22152,49094,38782,26891,16143,1057,196,1163,3599,15141,21824,3291,267,1604,13424,9160,213,1133,1203,13700,1194,1421,10047
1034,5848,1034.1472046369727,99637,316,194,251,110,87482,49063,1.370424641448458,159,112,19710,19390,15151,8032,14412,22161,49094,38782,26984,16285,1056,196,1156,3592,15078,21925,3291,268,1612,13329,9103,213,1131,1204,13769,1199,1436,10079
1035,5848,1035.1040123699454,99637,308,193,251,110,87523,49095,1.3711573010026397,157,103,19694,19401,15084,8016,14505,22176,49094,38782,27076,16426,1054,196,1152,3600,15020,22016,3281,270,1614,13241,9045,212,1127,1207,13833,1201,1451,10117
1036,5848,1036.0612735960412,99637,303,191,251,110,87558,49117,1.3717293776408361,157,98,19684,19434,15011,7990,14593,22176,49094,38782,27166,16565,1051,196,1142,3601,14964,22104,3280,273,1616,13161,8991,212,1114,1214,13892,1208,1460,10158
1037,5848,1037.0191286004163,99636,295,178,252,110,87589,49142,1.3723051908948574,166,97,19694,19457,14930,7974,14662,22183,49094,38782,27254,16702,1049,195,1134,3597,14893,22207,3276,275,1621,13095,8943,212,1107,1219,13943,1212,1477,10181
1038,5848,1038.455387216755,99636,302,180,252,110,87652,49181,1.3733289172588221,161,95,19744,19515,14832,7956,14708,22143,49094,38782,27341,16837,1046,194,1122,3601,14840,22302,3271,277,1616,13019,8898,211,1101,1219,13994,1219,1502,10204
1039,5848,1039.4107416620845,99635,296,188,252,111,87695,49212,1.374085411752898,158,79,19727,19559,14768,7913,14798,22149,49094,38782,27426,16971,1046,194,1119,3603,14777,22390,3268,277,1615,12940,8846,211,1092,1226,14053,1222,1520,10236
1040,5848,1040.36651144555,99635,281,186,252,111,87727,49233,1.37461735333969,162,80,19717,19582,14708,7886,14879,22154,49094,38782,27510,17103,1045,194,1114,3607,14704,22488,3265,276,1613,12877,8791,210,1086,1228,14099,1227,1531,10280
1041,5848,1041.3229534190389,99635,288,181,252,111,87763,49252,1.3751693681939077,164,91,19718,19604,14635,7863,14942,22149,49094,38782,27592,17233,1045,194,1107,3610,14660,22556,3261,275,1611,12805,8741,209,1075,1237,14156,1233,1542,10318
1042,5848,1042.2796687674652,99635,297,177,252,111,87807,49272,1.3758117127515432,153,96,19719,19662,14562,7821,15016,22132,49094,38782,27673,17362,1044,194,1101,3612,14603,22640,3257,276,1598,12744,8698,209,1067,1243,14200,1238,1562,10349
1043,5848,1043.2362416571139,99635,299,181,252,111,87845,49298,1.3764540573091786,149,90,19742,19698,14474,7794,15083,22125,49094,38782,27753,17489,1043,194,1090,3610,14548,22719,3256,277,1592,12682,8658,209,1058,1251,14246,1246,1580,10376
1044,5848,1044.1920646729623,99634,297,187,253,111,87877,49324,1.3770500030110204,149,83,19746,19724,14405,7772,15149,22122,49094,38782,27831,17614,1043,194,1083,3608,14483,22809,3256,277,1588,12616,8625,209,1050,1254,14295,1252,1595,10397
1045,5848,1045.14756531196,99634,288,181,253,111,87917,49339,1.3776020234056647,152,99,19754,19759,14352,7734,15200,22115,49094,38782,27908,17738,1041,192,1074,3606,14435,22892,3252,279,1584,12548,8580,208,1048,1256,14341,1259,1611,10428
1046,5848,1046.102741628119,99634,286,187,253,111,87955,49366,1.3782544111447899,141,101,19778,19781,14287,7706,15254,22113,49094,38782,27984,17860,1041,192,1067,3602,14395,22964,3250,278,1581,12475,8544,207,1041,1260,14397,1264,1624,10452
1047,5848,1047.0569436852836,99634,284,183,253,111,87996,49393,1.3789369090872594,140,96,19771,19821,14223,7689,15328,22099,49094,38782,28058,17980,1041,191,1063,3602,14338,23054,3248,278,1578,12412,8500,206,1036,1264,14439,1266,1641,10477
1048,5848,1048.011298401435,99634,266,178,253,111,88025,49412,1.3794186723407673,142,100,19781,19855,14177,7674,15380,22081,49094,38782,28131,18098,1041,191,1057,3602,14296,23129,3242,278,1576,12342,8451,205,1034,1266,14488,1269,1656,10511
1049,5848,1049.4416881454085,99634,262,177,253,111,88077,49446,1.380281831503302,131,91,19830,19935,14110,7646,15413,22039,49094,38782,28203,18215,1040,191,1050,3605,14245,23218,3234,278,1578,12286,8406,205,1026,1269,14522,1273,1673,10535
1050,5848,1050.3938243563314,99634,252,167,253,111,88108,49461,1.3807435212879138,134,96,19845,19981,14037,7615,15478,22029,49094,38782,28273,18330,1040,191,1043,3599,14204,23293,3231,278,1573,12219,8367,205,1023,1269,14571,1279,1689,10560
1051,5848,1051.345112024434,99634,243,174,253,111,88139,49491,1.3813557620892467,144,85,19836,20026,13982,7596,15541,22007,49094,38782,28342,18444,1039,191,1035,3596,14188,23344,3229,279,1576,12141,8323,205,1015,1273,14624,1286,1699,10591
1052,5848,1052.2967490802973,99634,249,167,253,111,88177,49507,1.381897745749443,143,87,19849,20061,13912,7575,15593,21998,49094,38782,28410,18556,1037,191,1034,3595,14136,23422,3226,281,1583,12084,8276,204,1010,1276,14664,1286,1706,10623
1053,5848,1053.2482084162796,99634,248,163,253,111,88206,49530,1.3824196559407431,137,79,19863,20097,13856,7554,15642,21995,49094,38782,28477,18666,1037,191,1029,3595,14093,23490,3224,281,1585,12025,8235,203,1003,1280,14709,1289,1715,10650
1054,5848,1054.1990337545615,99634,240,161,253,111,88235,49547,1.3828813457253548,136,83,19870,20149,13809,7528,15691,21967,49094,38782,28543,18775,1036,190,1022,3598,14039,23563,3220,282,1589,11967,8193,203,1003,1280,14752,1294,1726,10677
1055,5848,1055.1491844077952,99634,241,165,253,111,88266,49575,1.3834735130577915,131,80,19877,20186,13755,7517,15742,21940,49094,38782,28608,18882,1036,190,1017,3601,13991,23632,3218,281,1586,11905,8161,202,1000,1281,14797,1299,1742,10695
1056,5848,1056.0993915060787,99634,240,163,253,111,88297,49592,1.3839552763112994,130,82,19897,20222,13695,7502,15784,21919,49094,38782,28672,18988,1034,190,1012,3601,13951,23694,3216,283,1587,11847,8120,202,994,1286,14837,1303,1753,10724
1057,5848,1057.0486833718892,99634,236,160,253,111,88320,49607,1.3843366722203263,139,84,19899,20279,13642,7475,15830,21890,49094,38782,28734,19092,1033,190,1009,3600,13910,23750,3213,284,1589,11777,8083,202,990,1290,14898,1304,1761,10751
1058,5848,1058.4716176338297,99634,228,172,253,111,88372,49643,1.3852199048517575,133,75,19954,20393,13584,7439,15847,21809,49094,38782,28795,19194,1033,190,1004,3602,13873,23835,3208,284,1588,11710,8050,202,988,1292,14924,1307,1766,10778
1059,5848,1059.4181859422097,99634,233,172,253,111,88411,49660,1.38578196198085,116,86,20000,20449,13513,7408,15884,21773,49094,38782,28855,19295,1033,190,998,3601,13832,23896,3205,284,1580,11652,8025,202,986,1294,14970,1311,1781,10794
1060,5848,1060.3634057626248,99634,230,170,253,111,88433,49683,1.3862336150310135,120,96,20023,20479,13449,7393,15924,21750,49094,38782,28914,19394,1033,189,991,3602,13796,23958,3204,284,1579,11597,7992,201,979,1301,15004,1316,1791,10817
1061,5848,1061.307159363686,99634,215,163,253,111,88456,49704,1.386675231346729,132,91,20046,20508,13392,7383,15961,21743,49094,38782,28972,19492,1033,189,984,3605,13761,24024,3202,284,1578,11542,7958,200,970,1307,15033,1322,1806,10836
1062,5848,1062.2499219485833,99634,217,167,253,111,88488,49726,1.3872172150069253,126,83,20077,20550,13336,7362,15990,21726,49094,38782,29029,19588,1030,189,977,3601,13732,24071,3200,287,1578,11490,7922,200,967,1309,15075,1328,1815,10863
1063,5848,1063.1913299563057,99634,218,170,253,111,88515,49751,1.3877391251982254,137,72,20082,20597,13276,7344,16033,21705,49094,38782,29085,19683,1030,189,975,3601,13694,24128,3198,287,1567,11447,7889,200,961,1313,15106,1330,1834,10885
1064,5848,1064.1321542212427,99634,211,164,253,111,88543,49766,1.388170704779493,143,76,20098,20631,13218,7329,16076,21688,49094,38782,29140,19776,1029,189,970,3603,13642,24198,3194,287,1569,11398,7863,200,955,1318,15145,1332,1844,10898
1065,5848,1065.0721142257973,99634,214,163,253,111,88575,49785,1.388682578236345,137,67,20120,20681,13167,7314,16108,21663,49094,38782,29194,19868,1029,189,964,3598,13603,24261,3192,287,1567,11351,7835,200,953,1319,15178,1336,1856,10916
1066,5848,1066.0115233359063,99632,208,150,253,113,88602,49795,1.389081821101654,134,72,20147,20730,13119,7294,16138,21640,49094,38782,29248,19959,1026,189,962,3596,13561,24324,3192,290,1569,11303,7801,200,949,1323,15208,1337,1867,10935
1067,5848,1067.4180598121886,99631,233,144,253,114,88656,49820,1.389888689263382,114,77,20206,20830,13058,7254,16135,21580,49094,38782,29301,20048,1025,189,957,3595,13528,24384,3189,290,1566,11251,7773,200,944,1328,15240,1342,1881,10949
1068,5848,1068.3535577000712,99631,242,136,253,114,88693,49833,1.3903905410966466,108,87,20229,20871,13010,7237,16157,21554,49094,38782,29353,20136,1024,189,955,3594,13498,24434,3187,291,1570,11197,7740,200,938,1333,15279,1344,1885,10973
1069,5848,1069.2877868544676,99631,235,150,253,114,88719,49861,1.3909325410765725,108,73,20268,20932,12952,7211,16183,21519,49094,38782,29404,20222,1022,189,955,3592,13461,24491,3185,293,1573,11151,7703,200,936,1335,15310,1344,1893,10998
1070,5848,1070.2204887960102,99631,226,142,253,114,88743,49872,1.391283837359858,117,85,20285,20963,12896,7191,16222,21504,49094,38782,29454,20307,1022,188,952,3595,13421,24554,3181,293,1573,11097,7685,200,934,1333,15347,1347,1909,11000
1071,5848,1071.1521369299776,99631,222,148,253,114,88770,49893,1.3917656151197921,113,80,20295,21017,12866,7173,16250,21467,49094,38782,29503,20391,1020,188,945,3593,13383,24611,3177,295,1573,11057,7661,200,932,1334,15378,1352,1912,11020
1072,5848,1072.0833825861266,99631,229,155,253,114,88796,49918,1.3922775039897222,117,74,20325,21069,12807,7158,16268,21429,49094,38782,29551,20473,1020,188,941,3592,13352,24662,3174,295,1570,11018,7634,200,928,1337,15407,1352,1923,11038
1073,5848,1073.0133248202897,99631,217,156,253,114,88818,49940,1.3927191336029952,125,68,20346,21102,12762,7143,16296,21416,49094,38782,29599,20554,1019,188,939,3593,13316,24721,3170,296,1573,10976,7606,200,925,1339,15434,1353,1929,11054
1074,5848,1074.4059174192587,99630,231,152,253,115,88867,49964,1.3934658235471244,114,70,20412,21201,12704,7134,16285,21327,49094,38782,29646,20634,1018,187,938,3590,13276,24792,3167,297,1572,10932,7579,200,922,1339,15461,1354,1937,11069
1075,5848,1075.3322648829399,99630,215,154,253,115,88889,49983,1.3938773461808691,121,70,20442,21227,12662,7124,16306,21309,49094,38782,29692,20713,1015,187,936,3591,13240,24849,3164,300,1577,10888,7546,200,919,1341,15490,1354,1944,11089
1076,5848,1076.2571365163278,99630,208,154,253,115,88915,50006,1.3943691659138813,117,69,20464,21272,12636,7109,16321,21280,49094,38782,29737,20790,1015,186,934,3591,13215,24901,3162,300,1582,10841,7513,200,917,1341,15518,1355,1950,11109
1077,5848,1077.1810261384169,99630,203,140,253,115,88937,50021,1.3947405399979926,119,68,20508,21334,12581,7094,16335,21248,49094,38782,29782,20866,1015,186,928,3591,13183,24951,3160,300,1594,10802,7483,199,913,1343,15545,1361,1960,11116
1078,5848,1078.103526812212,99630,209,139,253,115,88971,50036,1.3952323597310048,114,65,20532,21387,12534,7073,16357,21220,49094,38782,29826,20941,1014,186,924,3591,13154,25002,3158,301,1596,10760,7458,198,909,1343,15574,1363,1970,11129
1079,5848,1079.024462646672,99630,205,127,253,115,88999,50050,1.395653919502158,110,58,20584,21455,12490,7064,16357,21180,49094,38782,29869,21015,1012,186,918,3593,13122,25060,3154,303,1604,10712,7432,198,905,1345,15604,1365,1975,11142
1080,5848,1080.4024988151718,99630,203,117,253,115,89040,50073,1.3962962962962964,108,66,20654,21529,12438,7059,16343,21113,49094,38782,29912,21088,1011,186,914,3595,13089,25122,3149,304,1605,10676,7402,198,898,1348,15623,1367,1989,11154
1081,5848,1081.318183560745,99630,204,120,253,115,89070,50096,1.396828264578942,104,55,20704,21571,12383,7048,16351,21090,49094,38782,29954,21159,1011,186,913,3596,13066,25167,3144,304,1604,10638,7371,198,896,1348,15651,1366,1994,11177
1082,5848,1082.2320946074403,99630,200,125,253,115,89090,50113,1.3971996386630532,103,54,20749,21640,12332,7024,16362,21041,49094,38782,29995,21229,1011,185,912,3592,13044,25204,3143,304,1603,10596,7345,198,893,1351,15685,1367,2001,11196
1083,5848,1083.1440696466907,99630,199,128,253,115,89112,50127,1.397560975609756,105,54,20784,21686,12277,6996,16381,21020,49094,38782,30035,21298,1011,185,911,3593,13014,25245,3142,304,1603,10557,7325,198,890,1353,15715,1368,2009,11207
1084,5848,1084.0543439812661,99630,193,127,253,115,89129,50140,1.3978620897320084,115,53,20834,21725,12218,6976,16386,21003,49094,38782,30075,21366,1011,185,910,3594,12988,25282,3140,304,1598,10523,7298,197,888,1355,15741,1368,2025,11223
1085,5848,1085.415966904937,99630,198,115,253,115,89166,50158,1.398414132289471,118,52,20901,21800,12161,6973,16368,20944,49094,38782,30114,21433,1010,185,907,3597,12955,25335,3134,305,1599,10485,7274,197,884,1356,15766,1371,2042,11228
1086,5848,1086.3209570744662,99630,196,111,253,115,89184,50166,1.3986750978620897,129,52,20912,21858,12118,6950,16391,20913,49094,38782,30153,21499,1010,184,903,3603,12927,25376,3131,305,1597,10454,7256,195,882,1358,15786,1374,2049,11240
1087,5848,1087.2251693404369,99629,191,111,254,115,89219,50180,1.3991809613666704,111,49,20959,21900,12093,6927,16391,20897,49094,38782,30191,21564,1008,184,898,3602,12895,25424,3130,307,1597,10427,7231,195,879,1358,15802,1379,2063,11250
1088,5848,1088.1277881937935,99628,197,107,255,115,89249,50188,1.39957642429839,99,54,20982,21940,12054,6902,16412,20881,49094,38782,30228,21628,1007,184,896,3602,12859,25476,3127,308,1593,10399,7216,194,875,1360,15821,1381,2070,11260
1089,5848,1089.0293775166706,99628,187,107,255,115,89267,50198,1.3998574697876098,94,63,21015,21994,12022,6875,16426,20845,49094,38782,30265,21691,1007,184,895,3604,12827,25523,3123,308,1590,10366,7199,194,872,1362,15844,1381,2082,11267
1090,5848,1090.37916758562,99628,190,109,255,115,89302,50217,1.4003994860882483,99,62,21065,22068,11978,6859,16412,20786,49094,38782,30301,21753,1005,184,894,3604,12805,25564,3122,309,1595,10331,7172,193,870,1363,15864,1382,2092,11279
1091,5848,1091.2774072343416,99628,190,112,255,115,89330,50231,1.400821054322078,102,53,21083,22134,11952,6836,16417,20749,49094,38782,30337,21814,1003,184,892,3601,12781,25603,3122,311,1601,10293,7151,193,868,1363,15893,1384,2097,11288
1092,5848,1092.1747123579,99628,193,112,255,115,89352,50244,1.401172361183603,107,50,21128,22169,11914,6825,16402,20728,49094,38782,30372,21874,1002,184,889,3600,12761,25634,3122,312,1603,10267,7118,193,865,1365,15911,1386,2107,11309
1093,5848,1093.0704197388338,99628,198,107,255,115,89381,50250,1.401523668045128,98,61,21167,22225,11876,6800,16405,20691,49094,38782,30407,21933,1002,183,887,3603,12733,25679,3118,312,1604,10235,7098,193,863,1366,15932,1386,2114,11320
1094,5848,1094.4108219998573,99628,182,104,255,115,89408,50275,1.4020456096679648,98,49,21248,22321,11838,6791,16378,20619,49094,38782,30441,21991,1001,183,886,3602,12706,25735,3115,313,1609,10200,7077,193,858,1368,15946,1387,2122,11327
