,indexID,time,N,Inf_L,Inf_H,Dead_L,Dead_H,cum_cases_L,cum_cases_H,cum_sum_per_N,Exposed_L,Exposed_H,Sus_L,Sus_H,Rec_nat_L,Rec_nat_H,Rec_vax_L,Rec_vax_H,vaccinatedH,vaccinatedL,boostedH,boostedL,count_Naive,count_Delta,count_Delta_vaccine,count_two,count_three,count_four,count_Omicron,count_Omicron_star,count_Omicron_star_vaccine,count_Omicron_vaccine,count_Vaccine,count_WT,count_WT_vaccine,count_WT_vaccine_boost,count_Omicron_vaccine_boost,count_Delta_vaccine_boost,count_Omicron_star_vaccine_boost,count_Vaccine_boost
0,9759,1.2200116584489586,99998,7,3,0,0,7,4,0.00011000220004400088,18,22,49974,49973,0,1,0,0,0,0,0,0,99997,0,0,0,0,0,0,0,0,0,0,1,0,0,0,0,0,0
1,9759,2.144468416764002,99998,9,8,0,0,10,10,0.0002000040000800016,16,17,49973,49972,1,2,0,0,0,0,0,0,99995,0,0,0,0,0,0,0,0,0,0,3,0,0,0,0,0,0
2,9759,3.009756715104888,99998,14,9,0,0,15,11,0.00026000520010400205,11,17,49973,49971,1,2,0,0,0,0,0,0,99995,0,0,0,0,0,0,0,0,0,0,3,0,0,0,0,0,0
3,9759,4.087340506939413,99998,17,10,0,0,18,14,0.0003200064001280026,12,16,49969,49969,1,4,0,0,0,0,0,0,99993,0,0,0,0,0,0,0,0,0,0,5,0,0,0,0,0,0
4,9759,5.060576028841137,99998,17,15,0,0,22,21,0.00043000860017200347,14,10,49963,49968,5,6,0,0,0,0,0,0,99987,0,0,0,0,0,0,0,0,0,0,11,0,0,0,0,0,0
5,9759,6.0538145489772415,99998,21,14,0,0,27,23,0.000500010000200004,16,12,49956,49964,6,9,0,0,0,0,0,0,99983,0,0,0,0,0,0,0,0,0,0,15,0,0,0,0,0,0
6,9759,7.018049491635291,99998,25,15,0,0,32,26,0.0005800116002320047,12,11,49955,49962,7,11,0,0,0,0,0,0,99980,0,0,0,0,0,0,0,0,0,0,18,0,0,0,0,0,0
7,9759,8.030449789933876,99998,29,17,0,0,40,32,0.0007200144002880058,7,6,49952,49961,11,15,0,0,0,0,0,0,99972,0,0,0,0,0,0,0,0,0,0,26,0,0,0,0,0,0
8,9759,9.001270820887866,99998,28,16,0,0,42,33,0.000750015000300006,12,6,49945,49960,14,17,0,0,0,0,0,0,99967,0,0,0,0,0,0,0,0,0,0,31,0,0,0,0,0,0
9,9759,10.02206345883289,99998,33,14,0,0,48,34,0.0008200164003280065,10,7,49941,49958,15,20,0,0,0,0,0,0,99963,0,0,0,0,0,0,0,0,0,0,35,0,0,0,0,0,0
10,9759,11.004530924741944,99998,32,11,0,0,49,35,0.0008400168003360067,14,8,49936,49956,17,24,0,0,0,0,0,0,99957,0,0,0,0,0,0,0,0,0,0,41,0,0,0,0,0,0
11,9759,12.01048445674653,99998,33,9,0,0,54,36,0.0009000180003600072,17,12,49928,49951,21,27,0,0,0,0,0,0,99950,0,0,0,0,0,0,0,0,0,0,48,0,0,0,0,0,0
12,9759,13.005334274897683,99998,31,12,0,0,62,39,0.001010020200404008,10,10,49927,49951,31,26,0,0,0,0,0,0,99940,0,0,0,0,0,0,0,0,0,0,58,0,0,0,0,0,0
13,9759,14.093610016756525,99998,28,12,0,0,65,40,0.0010500210004200084,17,10,49917,49950,37,27,0,0,0,0,0,0,99933,0,0,0,0,0,0,0,0,0,0,65,0,0,0,0,0,0
14,9759,15.115138281132365,99998,29,11,0,0,70,40,0.001100022000440009,13,11,49916,49949,41,28,0,0,0,0,0,0,99928,0,0,0,0,0,0,0,0,0,0,70,0,0,0,0,0,0
15,9759,16.017535695883343,99998,30,12,0,0,73,43,0.0011600232004640094,15,8,49911,49949,43,30,0,0,0,0,0,0,99924,0,0,0,0,0,0,0,0,0,0,74,0,0,0,0,0,0
16,9759,17.171929040526333,99998,29,16,0,0,77,47,0.00124002480049601,21,5,49901,49948,48,30,0,0,0,0,0,0,99919,0,0,0,0,0,0,0,0,0,0,79,0,0,0,0,0,0
17,9759,18.052561732564705,99998,28,16,0,0,82,48,0.0013000260005200104,20,7,49897,49945,54,31,0,0,0,0,0,0,99912,0,0,0,0,0,0,0,0,0,0,86,0,0,0,0,0,0
18,9759,19.013277150450026,99998,26,16,0,0,83,50,0.0013300266005320106,25,6,49891,49944,57,33,0,0,0,0,0,0,99907,0,0,0,0,0,0,0,0,0,0,91,0,0,0,0,0,0
19,9759,20.197762698182142,99998,23,13,0,0,86,52,0.001380027600552011,30,6,49883,49942,63,38,0,0,0,0,0,0,99896,0,0,0,0,0,0,0,0,0,0,102,0,0,0,0,0,0
20,9759,21.10878328719736,99998,28,13,0,0,93,54,0.0014700294005880118,29,6,49878,49940,64,40,0,0,0,0,0,0,99892,0,0,0,0,0,0,0,0,0,0,106,0,0,0,0,0,0
21,9759,22.0808417213349,99998,35,9,0,0,102,55,0.0015700314006280125,22,8,49876,49937,66,45,0,0,0,0,0,0,99885,0,0,0,0,0,0,0,0,0,0,113,0,0,0,0,0,0
22,9759,23.06800962669528,99998,37,10,0,0,109,57,0.0016600332006640132,18,9,49873,49935,71,45,0,0,0,0,0,0,99879,0,0,0,0,0,0,0,0,0,0,119,0,0,0,0,0,0
23,9759,24.120574436244528,99998,38,15,0,0,113,63,0.001760035200704014,21,8,49867,49930,73,46,0,0,0,0,0,0,99875,0,0,0,0,0,0,0,0,0,0,123,0,0,0,0,0,0
24,9759,25.211695255126774,99998,38,14,0,0,118,63,0.0018100362007240146,21,9,49862,49929,78,47,0,0,0,0,0,0,99869,0,0,0,0,0,0,0,0,0,0,129,0,0,0,0,0,0
25,9759,26.04710021128616,99998,35,18,0,0,120,67,0.001870037400748015,21,5,49860,49929,83,47,0,0,0,0,0,0,99864,0,0,0,0,0,0,0,0,0,0,134,0,0,0,0,0,0
26,9759,27.317169222932307,99998,40,14,0,0,126,67,0.0019300386007720155,22,9,49853,49925,84,51,0,0,0,0,0,0,99859,0,0,0,0,0,0,0,0,0,0,139,0,0,0,0,0,0
27,9759,28.024763582290586,99998,45,15,0,0,133,68,0.002010040200804016,21,13,49847,49920,86,51,0,0,0,0,0,0,99857,0,0,0,0,0,0,0,0,0,0,141,0,0,0,0,0,0
28,9759,29.04737859755885,99998,39,17,0,0,136,72,0.0020800416008320164,25,13,49840,49916,95,53,0,0,0,0,0,0,99846,0,0,0,0,0,0,0,0,0,0,152,0,0,0,0,0,0
29,9759,30.098548489224882,99998,41,18,0,0,141,77,0.0021800436008720175,24,13,49837,49911,97,57,0,0,0,0,0,0,99839,0,0,0,0,0,0,0,0,0,0,159,0,0,0,0,0,0
30,9759,31.23936765294945,99998,38,19,0,0,146,81,0.002270045400908018,30,11,49826,49909,105,60,0,0,0,0,0,0,99828,0,0,0,0,0,0,0,0,0,0,170,0,0,0,0,0,0
31,9759,32.13350157698039,99998,43,16,0,0,155,83,0.002380047600952019,27,10,49820,49908,109,65,0,0,0,0,0,0,99819,0,0,0,0,0,0,0,0,0,0,179,0,0,0,0,0,0
32,9759,33.18639036301714,99998,45,15,0,0,162,83,0.0024500490009800196,25,13,49817,49905,112,66,0,0,0,0,0,0,99813,0,0,0,0,0,0,0,0,0,0,185,0,0,0,0,0,0
33,9759,34.018229038627375,99998,45,16,0,0,168,84,0.00252005040100802,28,15,49808,49902,118,66,0,0,0,0,0,0,99807,0,0,0,0,0,0,0,0,0,0,191,0,0,0,0,0,0
34,9759,35.034630237907486,99998,42,19,0,0,171,87,0.0025800516010320205,29,14,49804,49901,124,65,0,0,0,0,0,0,99801,0,0,0,0,0,0,0,0,0,0,197,0,0,0,0,0,0
35,9759,36.1134931073103,99998,38,21,0,0,175,92,0.002670053401068021,26,14,49803,49896,132,68,0,0,0,0,0,0,99790,0,0,0,0,0,0,0,0,0,0,208,0,0,0,0,0,0
36,9759,37.067484640193534,99998,44,23,0,0,184,96,0.0028000560011200225,22,13,49798,49893,135,70,0,0,0,0,0,0,99785,0,0,0,0,0,0,0,0,0,0,213,0,0,0,0,0,0
37,9759,38.04375023492455,99998,36,23,0,0,191,101,0.0029200584011680234,21,10,49793,49892,149,74,0,0,0,0,0,0,99765,0,0,0,0,0,0,0,0,0,0,233,0,0,0,0,0,0
38,9759,39.101019958800066,99998,38,21,0,0,198,101,0.002990059801196024,18,16,49789,49886,154,76,0,0,0,0,0,0,99758,0,0,0,0,0,0,0,0,0,0,240,0,0,0,0,0,0
39,9759,40.22668251704327,99998,35,22,0,0,204,103,0.0030700614012280246,20,16,49783,49884,161,77,0,0,0,0,0,0,99748,0,0,0,0,0,0,0,0,0,0,250,0,0,0,0,0,0
40,9759,41.18371263905007,99998,33,24,0,0,207,106,0.003130062601252025,22,15,49779,49882,165,78,0,0,0,0,0,0,99742,0,0,0,0,0,0,0,0,0,0,256,0,0,0,0,0,0
41,9759,42.21105779649796,99998,33,22,0,0,212,110,0.0032200644012880257,25,15,49772,49878,169,84,0,0,0,0,0,0,99731,0,0,0,0,0,0,0,0,0,0,267,0,0,0,0,0,0
42,9759,43.19771882875605,99998,38,24,0,0,219,113,0.0033200664013280264,24,13,49767,49877,170,85,0,0,0,0,0,0,99728,0,0,0,0,0,0,0,0,0,0,270,0,0,0,0,0,0
43,9759,44.183062376333396,99998,35,24,0,0,223,117,0.003400068001360027,25,15,49762,49872,177,88,0,0,0,0,0,0,99717,0,0,0,0,0,0,0,0,0,0,281,0,0,0,0,0,0
44,9759,45.10599274046097,99998,37,25,0,0,230,121,0.003510070201404028,23,17,49757,49866,182,91,0,0,0,0,0,0,99709,0,0,0,0,0,0,0,0,0,0,289,0,0,0,0,0,0
45,9759,46.07983894406821,99998,41,24,0,0,236,123,0.003590071801436029,20,15,49754,49868,184,92,0,0,0,0,0,0,99704,0,0,0,0,0,0,0,0,0,0,294,0,0,0,0,0,0
46,9759,47.25476509710193,99998,37,26,0,0,241,129,0.0037000740014800295,21,14,49749,49864,192,95,0,0,0,0,0,0,99691,0,0,0,0,0,0,0,0,0,0,307,0,0,0,0,0,0
47,9759,48.12909411301112,99998,32,26,0,0,243,132,0.00375007500150003,24,13,49744,49862,199,98,0,0,0,0,0,0,99681,0,0,0,0,0,0,0,0,0,0,317,0,0,0,0,0,0
48,9759,49.20637125467815,99998,30,22,0,0,249,134,0.0038300766015320308,21,14,49741,49859,207,104,0,0,0,0,0,0,99667,0,0,0,0,0,0,0,0,0,0,331,0,0,0,0,0,0
49,9759,50.102174002198645,99998,30,21,0,0,252,136,0.003880077601552031,21,13,49738,49858,210,107,0,0,0,0,0,0,99661,0,0,0,0,0,0,0,0,0,0,337,0,0,0,0,0,0
50,9759,51.059455295629725,99998,30,20,0,0,256,140,0.003960079201584032,22,12,49733,49855,214,112,0,0,0,0,0,0,99652,0,0,0,0,0,0,0,0,0,0,346,0,0,0,0,0,0
51,9759,52.1013262672138,99998,32,25,0,0,263,146,0.0040900818016360325,25,7,49723,49854,219,113,0,0,0,0,0,0,99646,0,0,0,0,0,0,0,0,0,0,352,0,0,0,0,0,0
52,9759,53.06337468932882,99998,38,20,0,0,273,146,0.0041900838016760335,22,8,49717,49853,222,118,0,0,0,0,0,0,99637,0,0,0,0,0,0,0,0,0,0,361,0,0,0,0,0,0
53,9759,54.169084703585334,99998,35,20,0,0,274,149,0.004230084601692034,22,11,49716,49847,226,121,0,0,0,0,0,0,99630,0,0,0,0,0,0,0,0,0,0,368,0,0,0,0,0,0
54,9759,55.003882824710146,99998,36,21,0,0,276,152,0.004280085601712034,24,11,49714,49844,225,123,0,0,0,0,0,0,99627,0,0,0,0,0,0,0,0,0,0,371,0,0,0,0,0,0
55,9759,56.17416664993848,99998,35,24,0,0,279,157,0.004360087201744035,28,10,49707,49840,229,125,0,0,0,0,0,0,99621,0,0,0,0,0,0,0,0,0,0,377,0,0,0,0,0,0
56,9759,57.282081314503856,99997,36,22,1,0,285,160,0.00445013350400512,27,11,49703,49837,232,129,0,0,0,0,0,0,99611,0,0,0,0,0,0,0,0,0,0,386,0,0,0,0,0,0
57,9759,58.20676477294916,99997,36,22,1,0,291,163,0.004540136204086122,25,9,49701,49836,236,132,0,0,0,0,0,0,99602,0,0,0,0,0,0,0,0,0,0,395,0,0,0,0,0,0
58,9759,59.010409983124745,99997,34,21,1,0,295,165,0.004600138004140124,25,9,49697,49834,242,135,0,0,0,0,0,0,99593,0,0,0,0,0,0,0,0,0,0,404,0,0,0,0,0,0
59,9759,60.16227607851594,99997,39,19,1,0,304,168,0.004720141604248128,28,10,49685,49830,246,140,0,0,0,0,0,0,99584,0,0,0,0,0,0,0,0,0,0,413,0,0,0,0,0,0
60,9759,61.255493172021175,99997,40,21,1,0,310,172,0.00482014460433813,27,7,49681,49829,250,142,0,0,0,0,0,0,99577,0,0,0,0,0,0,0,0,0,0,420,0,0,0,0,0,0
61,9759,62.123219849506064,99997,38,19,1,0,317,173,0.0049001470044101325,23,9,49680,49826,257,145,0,0,0,0,0,0,99565,0,0,0,0,0,0,0,0,0,0,432,0,0,0,0,0,0
62,9759,63.24194485154247,99997,37,17,1,0,322,175,0.004970149104473134,21,11,49677,49823,263,148,0,0,0,0,0,0,99555,0,0,0,0,0,0,0,0,0,0,442,0,0,0,0,0,0
63,9759,64.05584918692256,99997,39,19,1,0,330,179,0.005090152704581137,17,13,49674,49817,268,150,0,0,0,0,0,0,99547,0,0,0,0,0,0,0,0,0,0,450,0,0,0,0,0,0
64,9759,65.06931887692373,99997,33,19,1,0,332,181,0.005130153904617138,17,12,49674,49817,274,151,0,0,0,0,0,0,99537,0,0,0,0,0,0,0,0,0,0,460,0,0,0,0,0,0
65,9759,66.26971934399971,99997,27,19,1,0,336,184,0.00520015600468014,17,15,49672,49813,282,152,0,0,0,0,0,0,99524,0,0,0,0,0,0,0,0,0,0,473,0,0,0,0,0,0
66,9759,67.1551684685762,99997,30,21,1,0,339,188,0.005270158104743143,19,12,49668,49812,281,154,0,0,0,0,0,0,99522,0,0,0,0,0,0,0,0,0,0,475,0,0,0,0,0,0
67,9759,68.13920171592575,99997,27,21,1,0,342,191,0.005330159904797144,17,11,49668,49810,286,157,0,0,0,0,0,0,99513,0,0,0,0,0,0,0,0,0,0,484,0,0,0,0,0,0
68,9759,69.10520135477609,99997,25,21,1,0,346,194,0.005400162004860146,18,11,49666,49809,289,158,0,0,0,0,0,0,99504,0,0,0,0,0,0,0,0,0,0,493,0,0,0,0,0,0
69,9759,70.03107393429069,99997,24,20,1,0,350,197,0.005470164104923148,19,12,49664,49805,291,162,0,0,0,0,0,0,99495,0,0,0,0,0,0,0,0,0,0,502,0,0,0,0,0,0
70,9759,71.06078366380325,99997,29,21,1,0,357,200,0.00557016710501315,16,11,49661,49805,292,162,0,0,0,0,0,0,99491,0,0,0,0,0,0,0,0,0,0,506,0,0,0,0,0,0
71,9759,72.08683419759552,99997,23,22,1,0,357,204,0.005610168305049151,21,12,49656,49801,298,164,0,0,0,0,0,0,99483,0,0,1,0,0,0,0,0,0,0,513,0,0,0,0,0,0
72,9759,73.28500232097826,99997,23,20,1,0,362,208,0.005700171005130154,21,13,49653,49798,301,168,0,0,0,0,0,0,99472,0,0,1,0,0,0,0,0,0,0,524,0,0,0,0,0,0
73,9759,74.00184790774381,99997,26,19,1,0,365,210,0.005750172505175156,20,11,49651,49798,301,171,0,0,0,0,0,0,99469,0,0,1,0,0,0,0,0,0,0,527,0,0,0,0,0,0
74,9759,75.00300935077662,99997,26,17,1,0,368,214,0.005820174605238157,23,8,49647,49797,302,177,0,0,0,0,0,0,99460,0,0,1,0,0,0,0,0,0,0,536,0,0,0,0,0,0
75,9759,76.28090027133557,99997,23,16,1,0,375,215,0.005900177005310159,21,11,49642,49793,312,179,0,0,0,0,0,0,99448,0,0,1,0,0,0,0,0,0,0,548,0,0,0,0,0,0
76,9759,77.21926422918419,99997,25,16,1,0,379,215,0.00594017820534616,19,13,49642,49791,312,179,0,0,0,0,0,0,99446,0,0,1,0,0,0,0,0,0,0,550,0,0,0,0,0,0
77,9759,78.04216911950435,99997,31,18,1,0,388,219,0.006070182105463164,14,11,49640,49789,313,181,0,0,0,0,0,0,99441,0,0,1,0,0,0,0,0,0,0,555,0,0,0,0,0,0
78,9759,79.20117487641016,99997,31,20,1,0,393,223,0.006160184805544166,14,7,49635,49791,318,181,0,0,0,0,0,0,99434,0,0,1,0,0,0,0,0,0,0,562,0,0,0,0,0,0
79,9759,80.0555417601905,99997,34,20,1,0,396,224,0.006200186005580167,16,7,49631,49790,317,182,0,0,0,0,0,0,99433,0,0,1,0,0,0,0,0,0,0,563,0,0,0,0,0,0
80,9759,81.07133074305156,99997,35,19,1,0,399,227,0.006260187805634169,19,7,49626,49788,318,185,0,0,0,0,0,0,99427,0,0,1,0,0,0,0,0,0,0,569,0,0,0,0,0,0
81,9759,82.04044936782542,99997,40,17,1,0,406,228,0.006340190205706172,19,9,49621,49785,318,188,0,0,0,0,0,0,99422,0,0,1,0,0,0,0,0,0,0,574,0,0,0,0,0,0
82,9759,83.00575212217015,99997,39,13,1,0,408,230,0.006380191405742172,21,9,49617,49783,321,194,0,0,0,0,0,0,99413,0,0,1,0,0,0,0,0,0,0,583,0,0,0,0,0,0
83,9759,84.10826312010926,99997,37,11,1,0,412,230,0.006420192605778173,22,11,49614,49781,325,196,0,0,0,0,0,0,99405,0,0,1,0,0,0,0,0,0,0,591,0,0,0,0,0,0
84,9759,85.3240288446588,99997,40,13,1,0,421,232,0.006530195905877176,18,11,49611,49784,329,191,0,0,0,0,0,0,99399,0,0,1,0,0,0,0,0,0,0,597,0,0,0,0,0,0
85,9759,86.19642873222949,99997,40,14,1,0,425,233,0.006580197405922177,17,10,49609,49784,332,191,0,0,0,0,0,0,99395,0,0,1,0,0,0,0,0,0,0,601,0,0,0,0,0,0
86,9759,87.08027276916832,99997,40,19,1,0,428,238,0.00666019980599418,18,10,49605,49779,335,191,0,0,0,0,0,0,99392,0,0,1,0,0,0,0,0,0,0,604,0,0,0,0,0,0
87,9759,88.10863903856783,99997,44,19,1,0,438,240,0.006780203406102183,15,12,49598,49778,341,190,0,0,0,0,0,0,99384,0,0,1,0,0,0,0,0,0,0,612,0,0,0,0,0,0
88,9759,89.02940508588067,99997,44,18,1,0,442,242,0.006840205206156184,20,12,49590,49776,344,193,0,0,0,0,0,0,99377,0,0,1,0,0,0,0,0,0,0,619,0,0,0,0,0,0
89,9759,90.0155635826675,99997,44,15,1,0,446,245,0.006910207306219187,24,13,49582,49772,348,199,0,0,0,0,0,0,99367,0,0,1,0,0,0,0,0,0,0,629,0,0,0,0,0,0
90,9759,91.13260341927038,99996,42,16,2,0,452,246,0.006980279211168447,23,17,49578,49768,354,198,0,0,0,0,0,0,99359,0,0,1,0,0,0,0,0,0,0,636,0,0,0,0,0,0
91,9759,92.1411110165577,99996,44,17,2,0,460,248,0.007080283211328453,19,19,49575,49764,359,199,0,0,0,0,0,0,99352,0,0,1,0,0,0,0,0,0,0,643,0,0,0,0,0,0
92,9759,93.2327945694968,99996,37,20,2,0,463,252,0.007150286011440458,26,18,49566,49761,368,200,0,0,0,0,0,0,99341,0,0,1,0,0,0,0,0,0,0,654,0,0,0,0,0,0
93,9759,94.24346013288064,99996,36,24,2,0,468,256,0.007240289611584463,24,16,49564,49760,373,199,0,0,0,0,0,0,99335,0,0,1,0,0,0,0,0,0,0,660,0,0,0,0,0,0
94,9759,95.32822702771674,99996,36,21,2,0,471,260,0.007310292411696468,24,14,49564,49758,373,206,0,0,0,0,0,0,99325,0,0,1,0,0,0,0,0,0,0,670,0,0,0,0,0,0
95,9759,96.10623437802761,99996,34,18,2,0,474,261,0.0073502940117604705,27,14,49560,49757,376,210,0,0,0,0,0,0,99316,0,0,1,0,0,0,0,0,0,0,679,0,0,0,0,0,0
96,9759,97.06104361880918,99996,33,26,2,0,480,271,0.007510300412016481,30,7,49553,49754,381,212,0,0,0,0,0,0,99307,0,0,1,0,0,0,0,0,0,0,688,0,0,0,0,0,0
97,9759,98.10934801912322,99996,35,22,2,0,489,272,0.007610304412176487,24,9,49552,49752,386,216,0,0,0,0,0,0,99295,0,0,1,0,0,0,0,0,0,0,700,0,0,0,0,0,0
98,9759,99.06179867244869,99996,36,22,2,0,497,274,0.007710308412336494,22,11,49547,49748,392,218,0,0,0,0,0,0,99286,0,0,1,0,0,0,0,0,0,0,709,0,0,0,0,0,0
99,9759,100.11944588748081,99996,38,24,2,0,503,278,0.0078103124124964994,20,8,49545,49748,394,219,0,0,0,0,0,0,99280,0,0,1,0,0,0,0,0,0,0,715,0,0,0,0,0,0
100,9759,101.04468855299598,99995,40,23,3,0,511,280,0.007910395519775988,18,9,49541,49745,397,222,0,0,0,0,0,0,99271,0,0,1,0,0,0,0,0,0,0,723,0,0,0,0,0,0
101,9759,102.09389042426811,99995,41,22,3,0,517,283,0.008000400020001,20,8,49533,49743,402,226,0,0,0,0,0,0,99262,0,0,1,0,0,0,0,0,0,0,732,0,0,0,0,0,0
102,9759,103.00649516233881,99995,41,21,3,0,523,284,0.008070403520176008,17,14,49530,49737,408,227,0,0,0,0,0,0,99254,0,0,1,0,0,0,0,0,0,0,740,0,0,0,0,0,0
103,9759,104.03248648712413,99995,40,24,3,0,528,288,0.00816040802040102,21,13,49521,49735,414,227,0,0,0,0,0,0,99247,0,0,1,0,0,0,0,0,0,0,747,0,0,0,0,0,0
104,9759,105.05793436351784,99995,38,21,3,0,532,288,0.008200410020501024,22,17,49517,49733,419,228,0,0,0,0,0,0,99238,0,0,1,0,0,0,0,0,0,0,756,0,0,0,0,0,0
105,9759,106.32929869462053,99995,38,26,3,0,535,295,0.008300415020751038,26,13,49511,49731,421,229,0,0,0,0,0,0,99233,0,0,1,0,0,0,0,0,0,0,761,0,0,0,0,0,0
106,9759,107.11216554588215,99995,40,30,3,0,540,302,0.008420421021051052,23,8,49510,49729,423,232,0,0,0,0,0,0,99227,0,0,1,0,0,0,0,0,0,0,767,0,0,0,0,0,0
107,9759,108.13912042606339,99995,40,27,3,0,549,303,0.008520426021301064,19,10,49507,49728,430,234,0,0,0,0,0,0,99214,0,0,1,0,0,0,0,0,0,0,780,0,0,0,0,0,0
108,9759,109.15130175496893,99995,33,24,3,0,550,306,0.00856042802140107,22,10,49505,49726,436,239,0,0,0,0,0,0,99200,0,0,1,0,0,0,0,0,0,0,794,0,0,0,0,0,0
109,9759,110.14479931417921,99995,28,24,3,0,555,310,0.00865043252162608,24,8,49501,49725,443,242,0,0,0,0,0,0,99186,0,0,1,0,0,0,0,0,0,0,808,0,0,0,0,0,0
110,9759,111.17077180261786,99995,31,20,3,0,559,310,0.008690434521726086,24,12,49499,49722,442,245,0,0,0,0,0,0,99181,0,0,1,0,0,0,0,0,0,0,813,0,0,0,0,0,0
111,9759,112.06255875254747,99995,27,22,3,0,560,313,0.008730436521826092,28,9,49495,49722,446,246,0,0,0,0,0,0,99175,0,0,1,0,0,0,0,0,0,0,819,0,0,0,0,0,0
112,9759,113.08861400525234,99995,33,21,3,0,569,313,0.008820441022051102,21,12,49494,49721,448,245,0,0,0,0,0,0,99171,0,0,1,0,0,0,0,0,0,0,823,0,0,0,0,0,0
113,9759,114.24303970548908,99995,36,19,3,0,573,314,0.008870443522176108,20,14,49492,49718,448,248,0,0,0,0,0,0,99167,0,0,1,0,0,0,0,0,0,0,827,0,0,0,0,0,0
114,9759,115.01853799691328,99995,32,22,3,0,577,318,0.008950447522376118,25,12,49485,49718,454,247,0,0,0,0,0,0,99158,0,0,1,0,0,0,0,0,0,0,836,0,0,0,0,0,0
115,9759,116.04477020630715,99995,30,22,3,0,579,319,0.008980449022451122,27,13,49481,49718,458,246,0,0,0,0,0,0,99153,0,0,1,0,0,0,0,0,0,0,841,0,0,0,0,0,0
116,9759,117.33003437476799,99994,35,23,4,0,588,322,0.009100546032761966,26,12,49473,49717,461,247,0,0,0,0,0,0,99147,0,0,1,0,0,0,0,0,0,0,846,0,0,0,0,0,0
117,9759,118.06256756778363,99994,33,21,4,0,591,323,0.009140548432905975,27,15,49471,49713,464,250,0,0,0,0,0,0,99139,0,0,1,0,0,0,0,0,0,0,854,0,0,0,0,0,0
118,9759,119.06996036720469,99994,33,24,4,0,597,328,0.009250555033301999,27,11,49467,49712,468,252,0,0,0,0,0,0,99131,0,0,1,0,0,0,0,0,0,0,862,0,0,0,0,0,0
119,9759,120.07826055524558,99994,35,24,4,0,602,332,0.009340560433626018,34,10,49455,49709,471,256,0,0,0,0,0,0,99124,0,0,1,0,0,0,0,0,0,0,869,0,0,0,0,0,0
120,9759,121.19052073900423,99994,33,21,4,0,609,333,0.009420565233914035,38,12,49450,49707,474,259,0,0,0,0,0,0,99111,0,0,1,0,0,0,0,0,0,0,882,0,0,0,0,0,0
121,9759,122.32281350935553,99994,40,22,4,0,620,335,0.009550573034382063,31,12,49448,49705,476,260,0,0,0,0,0,0,99106,0,0,1,0,0,0,0,0,0,0,887,0,0,0,0,0,0
122,9759,123.00241283617453,99994,45,22,4,0,628,337,0.009650579034742085,30,11,49442,49704,478,262,0,0,0,0,0,0,99101,0,0,1,0,0,0,0,0,0,0,892,0,0,0,0,0,0
123,9759,124.1616240123036,99994,46,25,4,0,635,341,0.009760585635138107,29,11,49439,49700,481,263,0,0,0,0,0,0,99094,0,0,1,0,0,0,0,0,0,0,899,0,0,0,0,0,0
124,9759,125.26384921704752,99994,49,27,4,0,643,346,0.009890593435606136,28,8,49433,49698,485,266,0,0,0,0,0,0,99086,0,0,1,0,0,0,0,0,0,0,907,0,0,0,0,0,0
125,9759,126.13069472853533,99994,45,30,4,0,653,351,0.010040602436146169,27,14,49429,49689,494,266,0,0,0,0,0,0,99072,0,0,3,0,0,0,0,0,0,0,919,0,0,0,0,0,0
126,9759,127.11530469809486,99994,44,31,4,0,658,354,0.010120607236434187,29,14,49423,49686,499,268,0,0,0,0,0,0,99064,0,0,3,0,0,0,0,0,0,0,927,0,0,0,0,0,0
127,9759,128.1137173830928,99994,46,32,4,0,662,359,0.010210612636758206,30,11,49418,49685,501,271,0,0,0,0,0,0,99058,0,0,3,0,0,0,0,0,0,0,933,0,0,0,0,0,0
128,9759,129.12732586360372,99994,50,30,4,0,678,364,0.01042062523751425,23,10,49409,49681,513,278,0,0,0,0,0,0,99039,0,0,3,0,0,0,0,0,0,0,952,0,0,0,0,0,0
129,9759,130.00446253996992,99994,48,30,4,0,684,366,0.010500630037802269,23,12,49403,49677,521,280,0,0,0,0,0,0,99029,0,0,3,0,0,0,0,0,0,0,962,0,0,0,0,0,0
130,9759,131.20477098599005,99994,47,25,4,0,692,369,0.010610636638198293,25,10,49395,49676,528,288,0,0,0,0,0,0,99012,0,0,3,0,0,0,0,0,0,0,979,0,0,0,0,0,0
131,9759,132.23271795607255,99994,53,20,4,0,700,369,0.010690641438486309,25,15,49387,49671,530,293,0,0,0,0,0,0,99005,0,0,3,0,0,0,0,0,0,0,986,0,0,0,0,0,0
132,9759,133.19077642822757,99994,48,22,4,0,705,373,0.010780646838810328,29,14,49379,49669,539,294,0,0,0,0,0,0,98993,0,0,3,0,0,0,0,0,0,0,998,0,0,0,0,0,0
133,9759,134.1370425489599,99993,48,21,5,0,711,377,0.010880761653315732,26,12,49377,49668,543,298,0,0,0,0,0,0,98982,0,0,3,0,0,0,0,0,0,0,1008,0,0,0,0,0,0
134,9759,135.27595526063996,99993,42,21,5,0,716,381,0.010970767953756762,23,9,49378,49668,551,301,0,0,0,0,0,0,98967,0,0,3,0,0,0,0,0,0,0,1023,0,0,0,0,0,0
135,9759,136.29405823639428,99993,42,18,5,0,723,383,0.011060774254197794,22,11,49373,49664,557,306,0,0,0,0,0,0,98955,0,0,3,0,0,0,0,0,0,0,1035,0,0,0,0,0,0
136,9759,137.0963951021637,99993,43,20,5,0,726,386,0.011120778454491815,23,9,49372,49663,556,307,0,0,0,0,0,0,98952,0,0,3,0,0,0,0,0,0,0,1038,0,0,0,0,0,0
137,9759,138.06809430765404,99993,48,19,5,0,737,387,0.011240786855079855,17,9,49369,49663,560,308,0,0,0,0,0,0,98944,0,0,3,0,0,0,0,0,0,0,1046,0,0,0,0,0,0
138,9759,139.28111869659503,99993,47,21,5,0,743,391,0.01134079385556989,18,8,49364,49662,565,308,0,0,0,0,0,0,98935,0,0,3,0,0,0,0,0,0,0,1055,0,0,0,0,0,0
139,9759,140.012810050388,99993,43,17,5,0,745,391,0.011360795255667896,18,9,49363,49662,570,311,0,0,0,0,0,0,98925,0,0,3,0,0,0,0,0,0,0,1065,0,0,0,0,0,0
140,9759,141.0348677592454,99992,38,15,5,1,752,397,0.011490919273541884,20,6,49358,49660,578,317,0,0,0,0,0,0,98906,0,0,4,0,0,0,0,0,0,0,1082,0,0,0,0,0,0
141,9759,142.04229090657194,99992,40,14,5,1,759,398,0.011570925674053925,20,6,49353,49660,581,318,0,0,0,0,0,0,98899,0,0,4,0,0,0,0,0,0,0,1089,0,0,0,0,0,0
142,9759,143.1357285062627,99992,35,13,5,1,763,400,0.011630930474437955,23,6,49348,49658,588,321,0,0,0,0,0,0,98887,0,0,4,0,0,0,0,0,0,0,1101,0,0,0,0,0,0
143,9759,144.15138377640025,99992,35,14,5,1,768,402,0.01170093607488599,20,6,49349,49657,590,321,0,0,0,0,0,0,98881,0,0,4,0,0,0,0,0,0,0,1107,0,0,0,0,0,0
144,9759,145.0790622091308,99992,42,15,5,1,775,404,0.011790943275462037,15,6,49348,49655,589,322,0,0,0,0,0,0,98880,0,0,4,0,0,0,0,0,0,0,1108,0,0,0,0,0,0
145,9759,146.16331835751663,99992,39,15,5,1,779,405,0.011840947275782063,18,10,49344,49654,593,319,0,0,0,0,0,0,98872,0,0,4,0,0,0,0,0,0,0,1116,0,0,0,0,0,0
146,9759,147.00732851167345,99992,37,14,5,1,784,408,0.011920953676294104,19,9,49339,49655,599,320,0,0,0,0,0,0,98861,0,0,4,0,0,0,0,0,0,0,1127,0,0,0,0,0,0
147,9759,148.3211429627842,99992,32,15,5,1,788,410,0.011980958476678134,18,12,49337,49652,607,319,0,0,0,0,0,0,98851,0,0,4,0,0,0,0,0,0,0,1137,0,0,0,0,0,0
148,9759,149.09597322830373,99992,33,18,5,1,791,413,0.012040963277062165,19,10,49334,49652,608,318,0,0,0,0,0,0,98849,0,0,4,0,0,0,0,0,0,0,1139,0,0,0,0,0,0
149,9759,150.24456710681787,99992,32,17,5,1,794,414,0.012080966477318185,18,11,49334,49652,610,318,0,0,0,0,0,0,98843,0,0,4,0,0,0,0,0,0,0,1145,0,0,0,0,0,0
150,9759,151.13858933671995,99992,30,17,5,1,798,417,0.012150972077766222,16,12,49334,49648,614,321,0,0,0,0,0,0,98834,0,0,4,0,0,0,0,0,0,0,1154,0,0,0,0,0,0
151,9759,152.3333188880559,99992,30,20,5,1,800,420,0.012200976078086246,16,11,49336,49647,612,320,0,0,0,0,0,0,98832,0,0,4,0,0,0,0,0,0,0,1156,0,0,0,0,0,0
152,9759,153.0197339841505,99992,29,19,5,1,804,422,0.012260980878470277,16,11,49333,49646,616,322,0,0,0,0,0,0,98824,0,0,4,0,0,0,0,0,0,0,1164,0,0,0,0,0,0
153,9759,154.08537173889349,99992,29,21,5,1,809,428,0.012370989679174334,16,7,49331,49646,618,324,0,0,0,0,0,0,98815,0,0,4,0,0,0,0,0,0,0,1173,0,0,0,0,0,0
154,9759,155.02115605159008,99992,29,19,5,1,812,432,0.01244099527962237,18,5,49330,49646,617,328,0,0,0,0,0,0,98806,0,0,4,0,0,0,0,0,0,0,1182,0,0,0,0,0,0
155,9759,156.00064857219482,99992,31,22,5,1,820,435,0.012551004080326425,12,6,49330,49645,621,325,0,0,0,0,0,0,98800,0,0,4,0,0,0,0,0,0,0,1188,0,0,0,0,0,0
156,9759,157.08525410824055,99992,26,21,5,1,821,437,0.012581006480518441,19,9,49328,49641,621,327,0,0,0,0,0,0,98791,0,0,4,0,0,0,0,0,0,0,1197,0,0,0,0,0,0
157,9759,158.03231962663887,99991,27,22,6,1,827,439,0.01266113950255523,15,10,49331,49639,620,327,0,0,0,0,0,0,98785,0,0,4,0,0,0,0,0,0,0,1202,0,0,0,0,0,0
158,9759,159.0110009979266,99991,26,21,6,1,829,441,0.012701143102879259,17,10,49329,49639,621,328,0,0,0,0,0,0,98780,0,0,5,0,0,0,0,0,0,0,1206,0,0,0,0,0,0
159,9759,160.21445319822732,99991,29,20,6,1,836,442,0.012781150303527318,16,13,49326,49637,622,328,0,0,0,0,0,0,98774,0,0,5,0,0,0,0,0,0,0,1212,0,0,0,0,0,0
160,9759,161.06790104699786,99991,30,25,6,1,839,448,0.012871158404256382,21,10,49323,49634,619,329,0,0,0,0,0,0,98771,0,0,5,0,0,0,0,0,0,0,1215,0,0,0,0,0,0
161,9759,162.00549884067374,99991,32,25,6,1,846,453,0.01299116920522847,22,9,49315,49631,624,333,0,0,0,0,0,0,98761,0,0,5,0,0,0,0,0,0,0,1225,0,0,0,0,0,0
162,9759,163.28894150453667,99991,34,25,6,1,854,458,0.013121180906281565,24,8,49309,49628,626,337,0,0,0,0,0,0,98750,0,0,5,0,0,0,0,0,0,0,1236,0,0,0,0,0,0
163,9759,164.0710360951833,99991,33,24,6,1,859,458,0.013171185406686601,23,10,49306,49627,631,337,0,0,0,0,0,0,98743,0,0,5,0,0,0,0,0,0,0,1243,0,0,0,0,0,0
164,9759,165.07159032001252,99991,35,26,6,1,864,462,0.013261193507415668,22,9,49305,49625,631,338,0,0,0,0,0,0,98738,0,0,5,0,0,0,0,0,0,0,1248,0,0,0,0,0,0
165,9759,166.1531269053582,99991,37,23,6,1,870,464,0.013341200708063725,27,11,49295,49622,634,342,0,0,0,0,0,0,98729,0,0,5,0,0,0,0,0,0,0,1257,0,0,0,0,0,0
166,9759,167.0041760082809,99991,37,21,6,1,879,465,0.013441209708873799,27,12,49286,49622,643,343,0,0,0,0,0,0,98717,0,0,5,0,0,0,0,0,0,0,1269,0,0,0,0,0,0
167,9759,168.08184480681186,99991,35,17,6,1,881,465,0.013461211509035812,30,15,49285,49620,643,346,0,0,0,0,0,0,98709,0,0,5,0,0,0,0,0,0,0,1277,0,0,0,0,0,0
168,9759,169.10612572849405,99991,40,19,6,1,891,470,0.013611225010250923,26,13,49281,49618,646,348,0,0,0,0,0,0,98701,0,0,5,0,0,0,0,0,0,0,1285,0,0,0,0,0,0
169,9759,170.2390240215397,99991,43,21,6,1,901,477,0.013781240311628046,27,10,49274,49614,649,353,0,0,0,0,0,0,98689,0,0,5,0,0,0,0,0,0,0,1297,0,0,0,0,0,0
170,9759,171.21641780490535,99991,44,22,6,1,906,479,0.013851246612195098,28,10,49270,49612,651,354,0,0,0,0,0,0,98684,0,0,5,0,0,0,0,0,0,0,1302,0,0,0,0,0,0
171,9759,172.24073619059055,99991,45,19,6,1,914,481,0.01395125561300517,23,12,49268,49609,657,358,0,0,0,0,0,0,98672,0,0,5,0,0,0,0,0,0,0,1314,0,0,0,0,0,0
172,9759,173.14794951644635,99991,44,23,6,1,917,487,0.014041263713734237,26,15,49262,49600,661,360,0,0,0,0,0,0,98666,0,0,5,0,0,0,0,0,0,0,1320,0,0,0,0,0,0
173,9759,174.1075070226493,99991,45,21,6,1,925,488,0.014131271814463301,24,16,49258,49600,666,361,0,0,0,0,0,0,98656,0,0,5,0,0,0,0,0,0,0,1330,0,0,0,0,0,0
174,9759,175.09263673151534,99991,44,23,6,1,929,492,0.01421127901511136,29,16,49250,49598,670,361,0,0,0,0,0,0,98649,0,0,5,0,0,0,0,0,0,0,1337,0,0,0,0,0,0
175,9759,176.14833607394957,99991,41,22,6,1,938,495,0.014331289816083448,34,21,49238,49594,680,361,0,0,0,0,0,0,98634,0,0,6,0,0,0,0,0,0,0,1351,0,0,0,0,0,0
176,9759,177.1794812981998,99991,42,23,6,1,946,499,0.014451300617055535,29,25,49237,49588,685,362,0,0,0,0,0,0,98624,0,0,6,0,0,0,0,0,0,0,1361,0,0,0,0,0,0
177,9759,178.21067793506563,99991,35,29,6,1,947,506,0.014531307817703593,32,20,49238,49587,688,362,0,0,0,0,0,0,98615,0,0,6,0,0,0,0,0,0,0,1370,0,0,0,0,0,0
178,9759,179.04601093969166,99991,38,33,6,1,950,510,0.014601314118270644,30,18,49239,49585,686,362,0,0,0,0,0,0,98615,0,0,6,0,0,0,0,0,0,0,1370,0,0,0,0,0,0
179,9759,180.10823314978893,99991,34,30,6,1,957,514,0.014711324019161724,28,19,49236,49581,695,368,0,0,0,0,0,0,98597,0,0,6,0,0,0,0,0,0,0,1388,0,0,0,0,0,0
180,9759,181.11826417354428,99991,32,30,6,1,961,515,0.014761328519566762,32,20,49230,49579,699,369,0,0,0,0,0,0,98590,0,0,6,0,0,0,0,0,0,0,1395,0,0,0,0,0,0
181,9759,182.14962515999704,99991,32,28,6,1,964,518,0.014821333920052806,36,18,49228,49578,697,374,0,0,0,0,0,0,98582,0,0,6,0,0,0,0,0,0,0,1403,0,0,0,0,0,0
182,9759,183.02260690741463,99991,37,29,6,1,971,524,0.014951345621105899,36,17,49223,49575,697,377,0,0,0,0,0,0,98575,0,0,6,0,0,0,0,0,0,0,1410,0,0,0,0,0,0
183,9759,184.07940751657935,99991,43,30,6,1,983,528,0.015111360022402017,29,17,49220,49571,701,380,0,0,0,0,0,0,98566,0,0,6,0,0,0,0,0,0,0,1419,0,0,0,0,0,0
184,9759,185.05267361233606,99990,42,29,7,1,988,532,0.015201520152015202,25,14,49219,49572,706,383,0,0,0,0,0,0,98556,0,0,6,0,0,0,0,0,0,0,1428,0,0,0,0,0,0
185,9759,186.0255702061068,99990,42,26,7,1,995,536,0.015311531153115312,23,14,49215,49569,712,389,0,0,0,0,0,0,98542,0,0,6,0,0,0,0,0,0,0,1442,0,0,0,0,0,0
186,9759,187.06462256846157,99990,43,26,7,1,999,539,0.01538153815381538,26,18,49212,49563,711,391,0,0,0,0,0,0,98536,0,0,6,0,0,0,0,0,0,0,1448,0,0,0,0,0,0
187,9759,188.14912913271706,99990,51,29,7,1,1014,545,0.01559155915591559,21,15,49203,49561,717,393,0,0,0,0,0,0,98526,0,0,6,0,0,0,0,0,0,0,1458,0,0,0,0,0,0
188,9759,189.0633718549797,99990,52,28,7,1,1020,547,0.015671567156715673,24,17,49196,49559,720,394,0,0,0,0,0,0,98518,0,0,6,0,0,0,0,0,0,0,1466,0,0,0,0,0,0
189,9759,190.19254786113876,99990,46,25,7,1,1026,550,0.01576157615761576,28,24,49186,49550,732,399,0,0,0,0,0,0,98501,0,0,7,0,0,0,0,0,0,0,1482,0,0,0,0,0,0
190,9759,191.32088221606517,99990,43,27,7,1,1030,557,0.015871587158715873,31,18,49180,49552,738,401,0,0,0,0,0,0,98489,0,0,7,0,0,0,0,0,0,0,1494,0,0,0,0,0,0
191,9759,192.0291044399634,99990,46,24,7,1,1036,559,0.01595159515951595,30,18,49176,49552,740,404,0,0,0,0,0,0,98481,0,0,7,0,0,0,0,0,0,0,1502,0,0,0,0,0,0
192,9759,193.00474777783728,99990,49,25,7,1,1045,563,0.01608160816081608,31,18,49173,49551,739,404,0,0,0,0,0,0,98473,0,0,8,0,0,0,0,0,0,0,1509,0,0,0,0,0,0
193,9759,194.14971784161017,99990,58,27,7,1,1060,568,0.01628162816281628,27,23,49165,49541,742,407,0,0,0,0,0,0,98464,0,0,8,0,0,0,0,0,0,0,1518,0,0,0,0,0,0
194,9759,195.12077065282585,99989,58,30,7,2,1065,573,0.016381801998219803,28,19,49160,49540,746,408,0,0,0,0,0,0,98457,0,0,8,0,0,0,0,0,0,0,1524,0,0,0,0,0,0
195,9759,196.0832739086381,99989,57,32,7,2,1073,578,0.016511816299792977,33,22,49150,49534,752,409,0,0,0,0,0,0,98445,0,0,8,0,0,0,0,0,0,0,1536,0,0,0,0,0,0
196,9759,197.1160153829015,99988,56,33,8,2,1079,584,0.01663199583950074,35,22,49143,49531,757,411,0,0,0,0,0,0,98433,0,0,8,0,0,0,0,0,0,0,1547,0,0,0,0,0,0
197,9759,198.14884439859284,99988,61,33,8,2,1089,590,0.016792015041805018,26,22,49146,49525,758,417,0,0,0,0,0,0,98422,0,0,8,0,0,0,0,0,0,0,1558,0,0,0,0,0,0
198,9759,199.18167743060394,99988,61,34,8,2,1098,596,0.016942033043965275,22,19,49144,49524,764,420,0,0,0,0,0,0,98408,0,0,8,0,0,0,0,0,0,0,1572,0,0,0,0,0,0
199,9759,200.06805886492566,99988,56,38,8,2,1099,601,0.01700204024482938,31,16,49134,49522,770,421,0,0,0,0,0,0,98401,0,0,8,0,0,0,0,0,0,0,1579,0,0,0,0,0,0
200,9759,201.24093532350622,99988,57,35,8,2,1103,607,0.017102052246269553,39,17,49125,49517,770,428,0,0,0,0,0,0,98389,0,0,8,0,0,0,0,0,0,0,1591,0,0,0,0,0,0
201,9759,202.18195460613575,99988,57,32,8,2,1110,609,0.01719206304756571,42,21,49116,49512,776,432,0,0,0,0,0,0,98377,0,0,8,0,0,0,0,0,0,0,1603,0,0,0,0,0,0
202,9759,203.2153052401075,99988,55,31,8,2,1120,613,0.01733207984958195,40,24,49111,49506,785,436,0,0,0,0,0,0,98360,0,0,8,0,0,0,0,0,0,0,1620,0,0,0,0,0,0
203,9759,204.24880159461028,99988,59,34,8,2,1131,620,0.017512101452174262,35,25,49108,49499,789,439,0,0,0,0,0,0,98349,0,0,8,0,0,0,0,0,0,0,1631,0,0,0,0,0,0
204,9759,205.2823594454947,99988,57,35,8,2,1138,627,0.017652118254190503,34,26,49103,49492,797,444,0,0,0,0,0,0,98335,0,0,9,0,0,0,0,0,0,0,1644,0,0,0,0,0,0
205,9759,206.31602831011534,99988,54,32,8,2,1144,633,0.01777213265591871,42,28,49091,49486,804,451,0,0,0,0,0,0,98317,0,0,9,0,0,0,0,0,0,0,1662,0,0,0,0,0,0
206,9759,207.0052433295334,99988,54,37,8,2,1150,640,0.017902148257790934,43,25,49084,49484,810,451,0,0,0,0,0,0,98309,0,0,9,0,0,0,0,0,0,0,1670,0,0,0,0,0,0
207,9759,208.03924407323774,99988,57,42,8,2,1161,648,0.018092171060527264,43,21,49074,49481,817,453,0,0,0,0,0,0,98298,0,0,9,0,0,0,0,0,0,0,1681,0,0,0,0,0,0
208,9759,209.07341871526268,99988,53,43,8,2,1167,654,0.018212185462255472,47,24,49067,49474,824,456,0,0,0,0,0,0,98284,0,0,10,0,0,0,0,0,0,0,1694,0,0,0,0,0,0
209,9759,210.10770087106025,99988,56,44,8,2,1181,660,0.018412209465135818,40,23,49067,49470,828,460,0,0,0,0,0,0,98268,0,0,10,0,0,0,0,0,0,0,1710,0,0,0,0,0,0
210,9759,211.142058099435,99988,61,49,8,2,1190,668,0.01858222986758411,43,19,49057,49467,830,462,0,0,0,0,0,0,98261,0,0,10,0,0,0,0,0,0,0,1717,0,0,0,0,0,0
211,9759,212.19741268396356,99988,73,48,8,2,1211,673,0.01884226107132856,40,19,49044,49463,834,467,0,0,0,0,0,0,98246,0,0,10,0,0,0,0,0,0,0,1732,0,0,0,0,0,0
212,9759,213.23561538881137,99988,79,48,8,2,1225,679,0.019042285074208905,40,28,49032,49450,840,471,0,0,0,0,0,0,98232,0,0,10,0,0,0,0,0,0,0,1746,0,0,0,0,0,0
213,9759,214.27038122996922,99988,75,41,8,2,1235,684,0.019192303076369165,46,29,49024,49445,846,482,0,0,0,0,0,0,98206,0,0,10,0,0,0,0,0,0,0,1772,0,0,0,0,0,0
214,9759,215.30532317097553,99988,80,43,8,2,1250,693,0.019432331879825578,40,26,49017,49443,854,485,0,0,0,0,0,0,98189,0,0,10,0,0,0,0,0,0,0,1789,0,0,0,0,0,0
215,9759,216.34045078469325,99988,76,41,8,2,1258,698,0.019562347481697804,42,27,49011,49439,862,490,0,0,0,0,0,0,98170,0,0,10,0,0,0,0,0,0,0,1808,0,0,0,0,0,0
216,9759,217.0306152851605,99988,75,44,8,2,1261,703,0.01964235708284994,47,26,49004,49436,865,491,0,0,0,0,0,0,98164,0,0,10,0,0,0,0,0,0,0,1814,0,0,0,0,0,0
217,9759,218.06600207761025,99988,73,40,8,2,1270,708,0.019782373884866183,51,30,48993,49429,874,498,0,0,0,0,0,0,98144,0,0,10,0,0,0,0,0,0,0,1834,0,0,0,0,0,0
218,9759,219.10158679528294,99988,70,35,8,2,1281,715,0.019962395487458495,49,27,48988,49429,884,506,0,0,0,0,0,0,98118,0,0,10,0,0,0,0,0,0,0,1860,0,0,0,0,0,0
219,9759,220.13735370251058,99988,79,39,8,2,1299,722,0.02021242549105893,43,26,48980,49423,889,509,0,0,0,0,0,0,98106,0,0,10,0,0,0,0,0,0,0,1872,0,0,0,0,0,0
220,9759,221.1732916395664,99988,69,36,8,2,1309,730,0.020392447093651237,41,25,48973,49419,908,517,0,0,0,0,0,0,98075,0,0,10,0,0,0,0,0,0,0,1903,0,0,0,0,0,0
221,9759,222.2094858708266,99988,74,37,8,2,1321,735,0.02056246749609953,39,24,48965,49418,913,518,0,0,0,0,0,0,98064,0,0,10,0,0,0,0,0,0,0,1914,0,0,0,0,0,0
222,9759,223.24582457459525,99988,73,39,8,2,1328,742,0.020702484298115775,42,22,48962,49414,914,522,0,0,0,0,0,0,98051,0,0,10,0,0,0,0,0,0,0,1927,0,0,0,0,0,0
223,9759,224.28223956023567,99988,71,40,8,2,1339,748,0.02087250470056407,48,19,48946,49413,926,525,0,0,0,0,0,0,98033,0,0,10,0,0,0,0,0,0,0,1945,0,0,0,0,0,0
224,9759,225.0158813196752,99988,77,42,8,2,1350,752,0.02102252270272433,41,19,48947,49409,926,527,0,0,0,0,0,0,98026,0,0,10,0,0,0,0,0,0,0,1952,0,0,0,0,0,0
225,9759,226.1405765765406,99988,79,36,8,2,1364,756,0.021202544305316637,38,21,48941,49404,933,536,0,0,0,0,0,0,98004,0,0,10,0,0,0,0,0,0,0,1974,0,0,0,0,0,0
226,9759,227.03113187240098,99988,77,39,8,2,1368,762,0.02130255630675681,43,16,48934,49403,937,539,0,0,0,0,0,0,97995,0,0,10,0,0,0,0,0,0,0,1983,0,0,0,0,0,0
227,9759,228.049894742231,99988,72,39,8,2,1384,768,0.02152258270992519,44,19,48922,49396,953,543,0,0,0,0,0,0,97968,0,0,10,0,0,0,0,0,0,0,2010,0,0,0,0,0,0
228,9759,229.07001000844107,99988,67,45,8,2,1395,776,0.02171260551266152,42,21,48916,49389,966,542,0,0,0,0,0,0,97950,0,0,10,0,0,0,0,0,0,0,2028,0,0,0,0,0,0
229,9759,230.10739505813916,99988,72,40,8,2,1403,779,0.02182261871424571,47,24,48904,49383,968,550,0,0,0,0,0,0,97939,0,0,10,0,0,0,0,0,0,0,2039,0,0,0,0,0,0
230,9759,231.14497669564156,99988,72,42,8,2,1415,786,0.022012641516982036,47,27,48894,49375,978,553,0,0,0,0,0,0,97922,0,0,10,0,0,0,0,0,0,0,2056,0,0,0,0,0,0
231,9759,232.1827211235099,99988,74,45,8,2,1428,794,0.0222226667200064,47,28,48886,49371,984,553,0,0,0,0,0,0,97906,0,0,10,0,0,0,0,0,0,0,2072,0,0,0,0,0,0
232,9759,233.22059962010553,99988,80,47,8,2,1442,805,0.022472696723606835,41,21,48881,49367,989,562,0,0,0,0,0,0,97889,0,0,10,0,0,0,0,0,0,0,2089,0,0,0,0,0,0
233,9759,234.25860502164102,99988,79,39,8,2,1450,808,0.022582709925191024,46,24,48874,49364,992,570,0,0,0,0,0,0,97869,0,0,10,0,0,0,0,0,0,0,2109,0,0,0,0,0,0
234,9759,235.29673016200599,99988,78,40,8,2,1458,811,0.022692723126775213,50,27,48868,49360,995,570,0,0,0,0,0,0,97858,0,0,10,0,0,0,0,0,0,0,2120,0,0,0,0,0,0
235,9759,236.33493962379492,99988,79,39,8,2,1468,815,0.022832739928791455,50,28,48861,49355,1001,575,0,0,0,0,0,0,97844,0,0,10,0,0,0,0,0,0,0,2134,0,0,0,0,0,0
236,9759,237.02715376269742,99988,82,43,8,2,1481,822,0.0230327639316718,47,28,48852,49350,1010,576,0,0,0,0,0,0,97831,0,0,10,0,0,0,0,0,0,0,2147,0,0,0,0,0,0
237,9759,238.0656848670228,99988,83,43,8,2,1493,831,0.023242789134696164,46,27,48842,49342,1020,585,0,0,0,0,0,0,97812,0,0,11,0,0,0,0,0,0,0,2165,0,0,0,0,0,0
238,9759,239.104428941669,99988,89,48,8,2,1510,839,0.023492819138296595,44,26,48831,49336,1027,587,0,0,0,0,0,0,97798,0,0,11,0,0,0,0,0,0,0,2179,0,0,0,0,0,0
239,9759,240.14332497643827,99988,94,45,8,2,1524,843,0.023672840740888906,43,31,48821,49328,1033,593,0,0,0,0,0,0,97782,0,0,11,0,0,0,0,0,0,0,2195,0,0,0,0,0,0
240,9759,241.1823780843794,99988,91,45,8,2,1533,852,0.023852862343481218,50,30,48810,49322,1040,600,0,0,0,0,0,0,97761,0,0,11,0,0,0,0,0,0,0,2216,0,0,0,0,0,0
241,9759,242.22161511119378,99988,105,44,8,2,1552,858,0.02410289234708165,42,33,48804,49315,1040,605,0,0,0,0,0,0,97749,0,0,11,0,0,0,0,0,0,0,2228,0,0,0,0,0,0
242,9759,243.26091211735354,99988,106,42,8,2,1566,866,0.02432291875025003,49,31,48789,49311,1047,613,0,0,0,0,0,0,97726,0,0,11,0,0,0,0,0,0,0,2251,0,0,0,0,0,0
243,9759,244.30044618580212,99988,103,40,8,2,1577,871,0.024482937952554306,43,35,48790,49305,1055,617,0,0,0,0,0,0,97705,0,0,11,0,0,0,0,0,0,0,2272,0,0,0,0,0,0
244,9759,245.34009841407683,99988,105,37,8,2,1592,873,0.0246529583550026,52,40,48770,49302,1064,618,0,0,0,0,0,0,97687,0,0,11,0,0,0,0,0,0,0,2290,0,0,0,0,0,0
245,9759,246.0333613773963,99988,105,35,8,2,1601,877,0.024782973956874826,50,38,48764,49302,1072,622,0,0,0,0,0,0,97673,0,0,12,0,0,0,0,0,0,0,2303,0,0,0,0,0,0
246,9759,247.07349261615195,99988,113,36,8,2,1624,886,0.02510301236148338,45,34,48751,49302,1082,625,0,0,0,0,0,0,97650,0,0,12,0,0,0,0,0,0,0,2326,0,0,0,0,0,0
247,9759,248.11388533033252,99988,109,41,8,2,1642,894,0.025363043565227828,46,29,48735,49304,1101,623,0,0,0,0,0,0,97626,0,0,13,0,0,0,0,0,0,0,2349,0,0,0,0,0,0
248,9759,249.15462141356903,99988,106,43,8,2,1653,901,0.02554306516782014,53,29,48720,49300,1112,625,0,0,0,0,0,0,97608,0,0,14,0,0,0,0,0,0,0,2366,0,0,0,0,0,0
249,9759,250.19558877752084,99988,106,48,8,2,1666,912,0.025783093971276552,50,34,48715,49285,1120,630,0,0,0,0,0,0,97589,0,0,14,0,0,0,0,0,0,0,2385,0,0,0,0,0,0
250,9759,251.23669130574143,99988,106,49,8,2,1681,920,0.02601312157458895,52,32,48703,49281,1130,635,0,0,0,0,0,0,97567,0,0,14,0,0,0,0,0,0,0,2407,0,0,0,0,0,0
251,9759,252.27802016556842,99987,107,50,9,2,1696,928,0.026243411643513657,55,37,48692,49270,1136,640,0,0,0,0,0,0,97546,0,0,14,0,0,0,0,0,0,0,2427,0,0,0,0,0,0
252,9759,253.3195441278396,99987,101,52,9,2,1706,937,0.026433436346725073,64,38,48674,49262,1151,645,0,0,0,0,0,0,97523,0,0,14,0,0,0,0,0,0,0,2450,0,0,0,0,0,0
253,9759,254.01405957886885,99987,105,55,9,2,1722,947,0.026693470151119645,60,31,48663,49259,1162,652,0,0,0,0,0,0,97504,0,0,14,0,0,0,0,0,0,0,2469,0,0,0,0,0,0
254,9759,255.05610108268172,99987,108,53,9,2,1739,952,0.02691349875483813,62,36,48649,49253,1171,655,0,0,0,0,0,0,97483,0,0,14,0,0,0,0,0,0,0,2490,0,0,0,0,0,0
255,9759,256.09840886067445,99987,113,59,9,2,1757,966,0.027233540360246833,66,35,48631,49243,1180,660,0,0,0,0,0,0,97463,0,0,15,0,0,0,0,0,0,0,2509,0,0,0,0,0,0
256,9759,257.1409961979349,99986,111,58,10,2,1774,973,0.027473846338487387,66,35,48623,49237,1189,667,0,0,0,0,0,0,97436,0,0,15,0,0,0,0,0,0,0,2535,0,0,0,0,0,0
257,9759,258.18374332418585,99986,114,62,10,2,1789,984,0.027733882743584102,76,33,48602,49230,1197,672,0,0,0,0,0,0,97417,0,0,15,0,0,0,0,0,0,0,2554,0,0,0,0,0,0
258,9759,259.22683111975306,99986,112,63,10,2,1805,995,0.02800392054887684,78,30,48590,49225,1209,679,0,0,0,0,0,0,97389,0,0,15,0,0,0,0,0,0,0,2582,0,0,0,0,0,0
259,9759,260.2701629405935,99986,106,59,10,2,1817,1001,0.028183945752405338,83,36,48577,49216,1223,686,0,0,0,0,0,0,97361,0,0,15,0,0,0,0,0,0,0,2610,0,0,0,0,0,0
260,9759,261.31377691984716,99986,115,59,10,2,1842,1008,0.028503990558678215,69,41,48574,49204,1231,693,0,0,0,0,0,0,97338,0,0,15,0,0,0,0,0,0,0,2633,0,0,0,0,0,0
261,9759,262.0095733337427,99986,113,56,10,2,1853,1014,0.028674014362010683,70,37,48564,49205,1242,699,0,0,0,0,0,0,97316,0,0,15,0,0,0,0,0,0,0,2655,0,0,0,0,0,0
262,9759,263.05353715726494,99986,122,59,10,2,1879,1025,0.029044066169263697,71,42,48541,49192,1255,704,0,0,0,0,0,0,97292,0,0,16,0,0,0,0,0,0,0,2678,0,0,0,0,0,0
263,9759,264.0978475126644,99986,119,63,10,2,1903,1036,0.02939411517612466,72,35,48520,49191,1278,708,0,0,0,0,0,0,97258,0,0,16,0,0,0,0,0,0,0,2712,0,0,0,0,0,0
264,9759,265.1426440387913,99986,110,64,10,2,1926,1047,0.02973416278278959,69,34,48504,49185,1306,714,0,0,0,0,0,0,97216,0,0,16,0,0,0,0,0,0,0,2754,0,0,0,0,0,0
265,9759,266.18790346452096,99986,114,68,10,2,1943,1059,0.030024203388474387,67,31,48494,49178,1314,720,0,0,0,0,0,0,97196,0,0,17,0,0,0,0,0,0,0,2773,0,0,0,0,0,0
266,9759,267.23336355657017,99986,107,62,10,2,1956,1065,0.03021422999219891,68,34,48484,49169,1330,732,0,0,0,0,0,0,97164,0,0,17,0,0,0,0,0,0,0,2805,0,0,0,0,0,0
267,9759,268.27912356591537,99986,111,63,10,2,1975,1075,0.030504270597883704,69,39,48468,49157,1341,738,0,0,0,0,0,0,97140,0,0,17,0,0,0,0,0,0,0,2829,0,0,0,0,0,0
268,9759,269.3251501551287,99986,117,68,10,2,1995,1088,0.03083431680435261,64,34,48456,49153,1352,742,0,0,0,0,0,0,97119,0,0,18,0,0,0,0,0,0,0,2849,0,0,0,0,0,0
269,9759,270.0226506666127,99986,119,69,10,2,2007,1094,0.031014342007881102,66,31,48445,49152,1359,745,0,0,0,0,0,0,97106,0,0,20,0,0,0,0,0,0,0,2860,0,0,0,0,0,0
270,9759,271.0690836538735,99986,118,63,10,2,2019,1099,0.03118436581121357,68,38,48437,49143,1366,753,0,0,0,0,0,0,97082,0,0,20,0,0,0,0,0,0,0,2884,0,0,0,0,0,0
271,9759,272.11568787758085,99986,127,65,10,2,2042,1108,0.03150441061748645,67,42,48416,49133,1379,757,0,0,0,0,0,0,97061,0,0,20,0,0,0,0,0,0,0,2905,0,0,0,0,0,0
272,9759,273.1626381627627,99986,130,71,10,2,2059,1124,0.03183445682395535,68,38,48403,49121,1388,767,0,0,0,0,0,0,97037,0,0,20,0,0,0,0,0,0,0,2929,0,0,0,0,0,0
273,9759,274.20984040199244,99986,130,80,10,2,2078,1140,0.032184505830816314,72,30,48385,49117,1402,770,0,0,0,0,0,0,97011,0,0,20,0,0,0,0,0,0,0,2955,0,0,0,0,0,0
274,9759,275.2573407556882,99986,127,77,10,2,2096,1147,0.032434540835717,68,41,48375,49101,1419,778,0,0,0,0,0,0,96981,0,0,21,0,0,0,0,0,0,0,2984,0,0,0,0,0,0
275,9759,276.30511728457134,99985,130,78,10,3,2117,1160,0.032774916237435614,80,42,48347,49093,1432,783,0,0,0,0,0,0,96951,0,0,21,0,0,0,0,0,0,0,3013,0,0,0,0,0,0
276,9759,277.0038679757172,99985,129,83,10,3,2130,1172,0.03302495374306146,80,38,48335,49087,1445,788,0,0,0,0,0,0,96930,0,0,21,0,0,0,0,0,0,0,3034,0,0,0,0,0,0
277,9759,278.0523552560264,99985,132,86,10,3,2153,1185,0.033385007751162675,81,34,48313,49081,1463,795,0,0,0,0,0,0,96900,0,0,21,0,0,0,0,0,0,0,3064,0,0,0,0,0,0
278,9759,279.1012259084478,99985,143,88,10,3,2179,1195,0.03374506175926389,72,35,48299,49072,1475,801,0,0,0,0,0,0,96877,0,0,21,0,0,0,0,0,0,0,3087,0,0,0,0,0,0
279,9759,280.15038166776964,99985,140,80,10,3,2203,1204,0.03407511126669,74,37,48280,49063,1495,816,0,0,0,0,0,0,96833,0,0,21,0,0,0,0,0,0,0,3131,0,0,0,0,0,0
280,9759,281.19997430927816,99985,134,83,10,3,2222,1215,0.03437515627344102,81,34,48259,49056,1515,823,0,0,0,0,0,0,96801,0,0,22,0,0,0,0,0,0,0,3162,0,0,0,0,0,0
281,9759,282.2500286395723,99985,138,74,10,3,2243,1222,0.034655198279741964,76,38,48247,49048,1528,836,0,0,0,0,0,0,96768,0,0,22,0,0,0,0,0,0,0,3195,0,0,0,0,0,0
282,9759,283.30034247500515,99985,136,73,10,3,2261,1229,0.034905235785367805,76,40,48236,49044,1541,839,0,0,0,0,0,0,96740,0,0,22,0,0,0,0,0,0,0,3223,0,0,0,0,0,0
283,9759,284.0007312413889,99985,127,72,10,3,2269,1235,0.035045256788518275,78,43,48233,49037,1551,844,0,0,0,0,0,0,96717,0,0,23,0,0,0,0,0,0,0,3245,0,0,0,0,0,0
284,9759,285.0515594297854,99985,130,70,10,3,2295,1246,0.035415312296844526,72,43,48218,49029,1569,854,0,0,0,0,0,0,96681,0,0,23,0,0,0,0,0,0,0,3281,0,0,0,0,0,0
285,9759,286.1026516810549,99985,123,74,10,3,2308,1257,0.035655348302245336,75,48,48210,49014,1581,860,0,0,0,0,0,0,96654,0,0,23,0,0,0,0,0,0,0,3308,0,0,0,0,0,0
286,9759,287.15398684591423,99985,120,76,10,3,2329,1272,0.03601540231034655,69,43,48197,49006,1603,871,0,0,0,0,0,0,96619,0,0,25,0,0,0,0,0,0,0,3341,0,0,0,0,0,0
287,9759,288.20568874593124,99985,127,75,10,3,2350,1284,0.03634545181777266,66,40,48184,48998,1612,883,0,0,0,0,0,0,96594,0,0,27,0,0,0,0,0,0,0,3364,0,0,0,0,0,0
288,9759,289.2576530758007,99985,129,76,10,3,2369,1295,0.03664549682452368,63,35,48176,48999,1621,886,0,0,0,0,0,0,96567,0,0,27,0,0,0,0,0,0,0,3391,0,0,0,0,0,0
289,9759,290.3098062198816,99985,131,71,10,3,2385,1301,0.03686552982947442,69,37,48162,48994,1627,894,0,0,0,0,0,0,96543,0,0,28,0,0,0,0,0,0,0,3414,0,0,0,0,0,0
290,9759,291.011408313787,99985,129,74,10,3,2395,1310,0.037055558333750065,69,32,48156,48992,1635,898,0,0,0,0,0,0,96525,0,0,28,0,0,0,0,0,0,0,3432,0,0,0,0,0,0
291,9759,292.06398558415816,99985,119,73,10,3,2406,1315,0.0372155823373506,79,34,48137,48991,1654,898,0,0,0,0,0,0,96499,0,0,29,0,0,0,0,0,0,0,3457,0,0,0,0,0,0
292,9759,293.11695963016905,99985,124,69,10,3,2427,1323,0.03750562584387658,83,38,48117,48983,1665,906,0,0,0,0,0,0,96471,0,0,29,0,0,0,0,0,0,0,3485,0,0,0,0,0,0
293,9759,294.1703461718378,99985,127,66,10,3,2451,1335,0.0378656798519778,79,29,48099,48983,1684,918,0,0,0,0,0,0,96437,0,0,31,0,0,0,0,0,0,0,3517,0,0,0,0,0,0
294,9759,295.22413404441903,99985,130,61,10,3,2476,1340,0.03816572485872881,77,30,48084,48983,1698,922,0,0,0,0,0,0,96405,0,0,31,0,0,0,0,0,0,0,3549,0,0,0,0,0,0
295,9759,296.2782694542001,99985,127,63,10,3,2491,1347,0.03838575786367955,83,38,48068,48972,1711,923,0,0,0,0,0,0,96384,0,0,33,0,0,0,0,0,0,0,3568,0,0,0,0,0,0
296,9759,297.3327157713597,99985,126,55,10,3,2512,1353,0.03865579836975546,84,37,48055,48968,1724,936,0,0,0,0,0,0,96348,0,0,33,0,0,0,0,0,0,0,3604,0,0,0,0,0,0
297,9759,298.0358567166628,99985,127,54,10,3,2524,1359,0.038835825373806074,80,35,48051,48968,1731,939,0,0,0,0,0,0,96331,0,0,34,0,0,0,0,0,0,0,3620,0,0,0,0,0,0
298,9759,299.09073395116894,99985,131,55,10,3,2543,1367,0.03910586587988198,80,36,48038,48960,1740,945,0,0,0,0,0,0,96309,0,0,34,0,0,0,0,0,0,0,3642,0,0,0,0,0,0
299,9759,300.145886600815,99985,141,58,10,3,2562,1378,0.03940591088663299,79,36,48028,48954,1741,948,0,0,0,0,0,0,96292,0,0,34,0,0,0,0,0,0,0,3659,0,0,0,0,0,0
300,9759,301.2011542332305,99985,132,59,10,3,2584,1384,0.03968595289293394,88,38,48001,48950,1768,949,0,0,0,0,0,0,96256,0,0,34,0,0,0,0,0,0,0,3695,0,0,0,0,0,0
301,9759,302.2569390234696,99985,140,61,10,3,2608,1394,0.04002600390058509,83,39,47988,48941,1778,955,0,0,0,0,0,0,96232,0,0,34,0,0,0,0,0,0,0,3719,0,0,0,0,0,0
302,9759,303.312960326984,99984,146,59,11,3,2631,1401,0.040326452232357174,80,37,47971,48936,1791,964,0,0,0,0,0,0,96207,0,0,35,0,0,0,0,0,0,0,3742,0,0,0,0,0,0
303,9759,304.01717599464934,99984,150,60,11,3,2649,1408,0.0405764922387582,72,37,47967,48930,1799,969,0,0,0,0,0,0,96187,0,0,35,0,0,0,0,0,0,0,3762,0,0,0,0,0,0
304,9759,305.07368409709113,99984,137,63,11,3,2663,1416,0.0407965274443911,78,40,47951,48923,1822,970,0,0,0,0,0,0,96156,0,0,36,0,0,0,0,0,0,0,3792,0,0,0,0,0,0
305,9759,306.13061469174613,99984,140,60,11,3,2690,1425,0.04115658505360858,69,46,47942,48910,1837,980,0,0,0,0,0,0,96120,0,0,36,0,0,0,0,0,0,0,3828,0,0,0,0,0,0
306,9759,307.1877726591199,99984,134,58,11,3,2708,1432,0.041406625060009604,66,43,47933,48907,1855,988,0,0,0,0,0,0,96087,0,0,36,0,0,0,0,0,0,0,3861,0,0,0,0,0,0
307,9759,308.2452462165985,99984,133,55,11,3,2732,1443,0.041756681068971034,61,46,47925,48897,1869,998,0,0,0,0,0,0,96049,0,0,37,0,0,0,0,0,0,0,3898,0,0,0,0,0,0
308,9759,309.3029557333449,99984,130,62,11,3,2745,1454,0.04199671947511602,67,55,47917,48881,1874,998,0,0,0,0,0,0,96030,0,0,38,0,0,0,0,0,0,0,3916,0,0,0,0,0,0
309,9759,310.00813742563304,99984,125,66,11,3,2755,1464,0.04219675148023684,71,53,47909,48873,1883,1004,0,0,0,0,0,0,96009,0,0,38,0,0,0,0,0,0,0,3937,0,0,0,0,0,0
310,9759,311.06611974728753,99984,118,67,11,3,2771,1476,0.042476796287405985,66,46,47902,48872,1902,1011,0,0,0,0,0,0,95975,0,0,38,0,0,0,0,0,0,0,3971,0,0,0,0,0,0
311,9759,312.12442479365467,99984,111,73,11,3,2786,1487,0.04273683789406305,73,53,47884,48860,1920,1010,0,0,0,0,0,0,95950,0,0,40,0,0,0,0,0,0,0,3994,0,0,0,0,0,0
312,9759,313.1830436075358,99984,116,70,11,3,2808,1497,0.043056889102256364,73,57,47868,48851,1931,1018,0,0,0,0,0,0,95921,0,0,41,0,0,0,0,0,0,0,4022,0,0,0,0,0,0
313,9759,314.24196998393916,99984,124,78,11,3,2832,1518,0.043506961113778206,66,46,47856,48844,1942,1028,0,0,0,0,0,0,95893,0,0,40,1,0,0,0,0,0,0,4050,0,0,0,0,0,0
314,9759,315.30113542616874,99984,132,75,11,3,2854,1530,0.043847015522483594,75,51,47836,48829,1945,1041,0,0,0,0,0,0,95864,0,0,40,1,0,0,0,0,0,0,4079,0,0,0,0,0,0
315,9759,316.00739239152875,99984,133,74,11,3,2863,1538,0.04401704272683629,74,53,47834,48823,1947,1046,0,0,0,0,0,0,95847,0,0,40,1,0,0,0,0,0,0,4096,0,0,0,0,0,0
316,9759,317.06691695431215,99984,130,81,11,3,2881,1552,0.0443370939350296,83,52,47812,48813,1963,1050,0,0,0,0,0,0,95820,0,0,41,1,0,0,0,0,0,0,4122,0,0,0,0,0,0
317,9759,318.1267866715567,99984,139,75,11,3,2912,1565,0.04477716434629541,77,51,47793,48806,1979,1064,0,0,0,0,0,0,95781,0,0,43,1,0,0,0,0,0,0,4159,0,0,0,0,0,0
318,9759,319.18703652750094,99984,126,75,11,3,2927,1576,0.04503720595295247,84,51,47781,48798,1997,1072,0,0,0,0,0,0,95745,0,0,46,1,0,0,0,0,0,0,4192,0,0,0,0,0,0
319,9759,320.24763661974004,99984,131,70,11,3,2953,1585,0.04538726196191391,68,54,47783,48790,2005,1081,1,1,1,1,0,0,95710,0,0,48,1,0,0,0,0,0,2,4223,0,0,0,0,0,0
320,9759,321.23054634057803,99984,129,72,11,3,2969,1596,0.04565730516882701,72,47,47770,48790,2015,1085,2,2,2,2,0,0,95681,0,0,48,1,0,0,0,0,0,4,4250,0,0,0,0,0,0
321,9759,322.0622694714241,99984,133,69,11,3,2985,1599,0.04584733557369179,69,49,47760,48786,2023,1089,3,3,3,3,0,0,95661,0,0,48,1,0,0,0,0,0,6,4268,0,0,0,0,0,0
322,9759,323.18497445427283,99984,126,73,11,3,3003,1615,0.04618738998239719,78,46,47744,48779,2036,1094,4,4,4,4,0,0,95623,0,0,49,1,0,0,0,0,0,8,4303,0,0,0,0,0,0
323,9759,324.10216633930503,99984,132,73,11,3,3022,1622,0.04644743158905425,71,48,47735,48774,2045,1096,5,5,5,5,0,0,95601,0,0,49,1,0,0,0,0,0,10,4323,0,0,0,0,0,0
324,9759,325.15310398240337,99984,141,77,11,3,3046,1640,0.04686749879980797,75,41,47713,48765,2053,1107,6,6,6,6,0,0,95570,0,0,49,1,0,0,0,0,0,12,4352,0,0,0,0,0,0
325,9759,326.032624643684,99983,143,80,12,3,3061,1653,0.04714801516257764,75,36,47700,48761,2062,1111,7,8,8,7,0,0,95545,0,0,50,1,0,0,0,0,0,15,4372,0,0,0,0,0,0
326,9759,327.1185352680043,99983,147,74,12,3,3073,1657,0.04730804236720242,76,42,47692,48751,2064,1119,8,10,10,8,0,0,95525,0,0,50,1,0,0,0,0,0,17,4389,1,0,0,0,0,0
327,9759,328.0955874682396,99983,146,73,12,3,3094,1668,0.047628096776451995,75,42,47679,48741,2078,1128,9,12,12,9,0,0,95490,0,0,52,1,0,0,0,0,0,20,4419,1,0,0,0,0,0
328,9759,329.12986055776474,99983,147,79,12,3,3118,1681,0.04799815968714682,72,46,47661,48724,2097,1132,10,15,15,10,0,0,95456,0,0,52,1,0,0,0,0,0,24,4449,1,0,0,0,0,0
329,9759,330.0732349836305,99983,154,77,12,3,3135,1689,0.04824820219437304,80,43,47642,48722,2100,1136,11,18,18,11,0,0,95432,0,0,52,1,0,0,0,0,0,28,4469,1,0,0,0,0,0
330,9759,331.00655320974494,99983,166,78,12,3,3167,1701,0.048688277007091205,76,40,47619,48714,2114,1142,12,22,22,12,0,0,95398,0,0,53,1,0,0,0,0,0,32,4497,2,0,0,0,0,0
331,9759,332.0062143490219,99983,165,81,12,3,3188,1713,0.04901833311662983,78,41,47603,48700,2128,1147,13,27,27,13,0,0,95363,0,0,55,1,0,0,0,0,0,38,4524,2,0,0,0,0,0
332,9759,333.0443463054288,99983,159,80,12,3,3214,1725,0.049398397727613695,82,46,47582,48685,2150,1153,14,32,32,14,0,0,95313,0,0,56,1,0,0,0,0,0,44,4567,2,0,0,0,0,0
333,9759,334.0577599061604,99983,169,75,12,3,3237,1732,0.04969844873628517,87,51,47568,48675,2149,1157,14,38,38,15,0,0,95281,0,0,56,1,0,0,0,0,0,51,4592,2,0,0,0,0,0
334,9759,335.02955718577994,99983,174,71,12,3,3261,1743,0.05004850824640189,91,52,47547,48663,2160,1166,15,44,45,16,0,0,95241,0,0,58,1,0,0,0,0,0,59,4622,2,0,0,0,0,0
335,9759,336.10985611220474,99983,175,76,12,3,3282,1754,0.05036856265565146,101,53,47521,48651,2174,1164,16,52,53,17,0,0,95207,0,0,59,1,0,0,0,0,0,68,4646,2,0,0,0,0,0
336,9759,337.05152356140394,99983,163,87,12,3,3302,1775,0.05077863236750248,107,53,47501,48624,2200,1171,16,61,62,18,0,0,95156,0,0,60,1,0,0,0,0,0,78,4686,2,0,0,0,0,0
337,9759,338.0174870998585,99983,173,95,12,3,3335,1791,0.05126871568166588,94,48,47491,48605,2212,1177,17,71,72,19,0,0,95115,0,0,60,1,0,0,0,0,0,88,4716,3,0,0,0,0,0
338,9759,339.0679343659025,99983,175,86,12,3,3364,1804,0.05168878709380595,95,45,47469,48593,2230,1191,18,81,83,20,0,0,95057,0,0,62,1,0,0,0,0,0,99,4760,4,0,0,0,0,0
339,9759,340.1117199344518,99983,173,75,12,3,3383,1810,0.051938829601032174,110,48,47440,48576,2245,1204,19,93,95,21,0,0,95006,0,0,62,1,0,0,0,0,0,112,4798,4,0,0,0,0,0
340,9759,341.0090254465718,99983,177,76,12,3,3406,1822,0.052288889111148894,106,48,47424,48556,2260,1210,20,106,108,22,0,0,94964,0,0,63,1,0,0,0,0,0,125,4825,5,0,0,0,0,0
341,9759,342.0070450307681,99983,174,71,12,3,3429,1834,0.05263894862126561,106,55,47405,48529,2280,1221,22,120,122,24,0,0,94907,0,0,65,1,0,0,0,0,0,141,4864,5,0,0,0,0,0
342,9759,343.192281541208,99982,190,84,13,3,3472,1860,0.05332959932787902,112,46,47367,48502,2293,1229,24,135,137,26,0,0,94852,0,0,65,1,0,0,0,0,0,156,4901,7,0,0,0,0,0
343,9759,344.2610839304787,99982,190,84,13,3,3504,1871,0.05375967674181353,107,50,47345,48477,2318,1234,26,151,154,28,0,0,94791,0,0,66,1,0,0,0,0,0,175,4942,7,0,0,0,0,0
344,9759,345.3304619050597,99982,192,87,13,3,3535,1886,0.05421975955672021,100,49,47329,48453,2337,1241,28,166,172,30,0,0,94735,0,0,69,1,0,0,0,0,0,193,4975,9,0,0,0,0,0
345,9759,346.0435763288038,99982,194,79,13,3,3556,1894,0.054509811766117904,105,50,47310,48427,2347,1254,30,186,192,32,0,0,94679,0,0,70,1,0,0,0,0,0,215,5008,9,0,0,0,0,0
346,9759,347.1137520926892,99982,187,81,13,3,3575,1910,0.05485987477745994,115,50,47291,48395,2361,1264,32,206,213,34,0,0,94619,0,0,72,1,0,0,0,0,0,237,5043,10,0,0,0,0,0
347,9759,348.1843055487838,99982,185,83,13,3,3605,1929,0.0553499629933388,105,49,47277,48366,2384,1273,35,225,236,37,0,0,94545,0,0,73,1,0,0,0,0,0,263,5090,10,0,0,0,0,0
348,9759,349.2552086077959,99982,185,84,13,3,3635,1940,0.05576003680662519,97,51,47266,48334,2400,1278,38,249,260,40,0,0,94480,0,0,75,1,0,0,0,0,0,290,5126,10,0,0,0,0,0
349,9759,350.3264929678823,99982,170,81,13,3,3661,1949,0.05611009981796723,101,59,47242,48296,2432,1285,41,275,286,43,0,0,94400,0,0,77,1,0,0,0,0,0,319,5175,10,0,0,0,0,0
350,9759,351.04104700616665,99982,171,84,13,3,3679,1960,0.056400152027364925,113,59,47218,48259,2440,1291,44,303,314,46,0,0,94345,0,0,77,1,0,0,0,0,0,349,5199,11,0,0,0,0,0
351,9759,352.11339079959436,99982,172,89,13,3,3705,1976,0.05682022764097538,111,64,47196,48214,2459,1298,48,331,343,50,0,0,94280,0,0,79,1,0,0,0,0,0,380,5229,13,0,0,0,0,0
352,9759,353.1862025985571,99981,163,87,14,3,3733,1989,0.057230873866034544,117,65,47170,48172,2483,1310,52,362,374,54,0,0,94197,0,0,82,1,0,0,0,0,0,414,5273,14,0,0,0,0,0
353,9759,354.25958706083173,99981,169,88,14,3,3768,2003,0.05772096698372691,119,63,47140,48134,2501,1319,56,392,407,58,0,0,94122,0,0,85,1,0,0,0,0,0,450,5308,15,0,0,0,0,0
354,9759,355.3335805892883,99981,175,94,14,3,3803,2022,0.058261069603224615,116,62,47115,48088,2518,1327,61,425,442,63,0,0,94043,0,0,87,1,0,0,0,0,0,489,5345,16,0,0,0,0,0
355,9759,356.04988085393046,99981,179,96,14,3,3823,2033,0.05857112851441774,113,56,47103,48052,2524,1331,66,461,479,68,0,0,93979,0,0,89,1,0,0,0,0,0,530,5365,17,0,0,0,0,0
356,9759,357.12469419507886,99980,182,101,15,3,3861,2051,0.05913182636527305,104,54,47084,48002,2543,1341,71,498,518,73,0,0,93888,0,0,89,1,0,0,0,0,0,573,5411,18,0,0,0,0,0
357,9759,358.19995115864333,99980,179,100,15,3,3884,2063,0.05948189637927585,104,52,47062,47958,2563,1348,76,538,559,79,0,0,93805,0,0,90,1,0,0,0,0,0,618,5446,20,0,0,0,0,0
358,9759,359.2757940054164,99980,181,100,15,3,3911,2079,0.059911982396479296,100,52,47043,47909,2578,1358,82,577,602,85,0,0,93721,0,0,94,1,0,0,0,0,0,665,5477,22,0,0,0,0,0
359,9759,360.3521043176675,99980,183,92,15,3,3938,2089,0.06028205641128226,100,59,47018,47857,2595,1370,88,618,647,91,0,0,93628,0,0,95,1,0,0,0,0,0,716,5518,22,0,0,0,0,0
360,9759,361.06993984746487,99980,187,96,15,3,3955,2099,0.060552110422084415,106,55,46995,47805,2601,1375,95,665,695,98,0,0,93554,0,0,95,1,0,0,0,0,0,771,5537,22,0,0,0,0,0
361,9759,362.1471915598751,99980,185,90,15,3,3983,2110,0.06094218843768754,106,56,46968,47751,2623,1384,102,715,745,105,0,0,93460,0,0,101,1,0,0,0,0,0,824,5568,26,0,0,0,0,0
362,9759,363.22511352992973,99980,187,92,15,3,4019,2126,0.0614622924584917,95,52,46943,47699,2649,1390,110,763,797,113,0,0,93355,0,0,101,1,0,0,0,0,0,881,5613,29,0,0,0,0,0
363,9759,364.3036755988919,99980,187,94,15,3,4042,2141,0.06184236847369474,106,52,46910,47639,2663,1396,118,815,852,121,0,0,93261,0,0,101,1,0,0,0,0,0,939,5644,34,0,0,0,0,0
364,9759,365.0230650459671,99980,192,81,15,3,4059,2147,0.062072414482896576,114,56,46881,47581,2670,1411,127,867,909,130,0,0,93168,0,0,102,1,0,0,0,0,0,1002,5670,37,0,0,0,0,0
365,9759,366.1027995027677,99980,198,83,15,3,4094,2166,0.0626125225045009,108,56,46855,47513,2687,1423,136,921,968,139,0,0,93057,0,0,102,1,0,0,0,0,0,1067,5713,40,0,0,0,0,0
366,9759,367.18316836160454,99980,197,77,15,3,4121,2176,0.06298259651930387,107,61,46835,47446,2699,1435,146,977,1030,149,0,0,92947,0,0,105,1,0,0,0,0,0,1136,5748,43,0,0,0,0,0
367,9759,368.264070898442,99980,194,90,15,3,4145,2196,0.06342268453690739,111,52,46809,47383,2713,1436,157,1035,1094,160,0,0,92843,0,0,105,1,0,0,0,0,0,1206,5777,48,0,0,0,0,0
368,9759,369.3455152637704,99980,203,83,15,3,4186,2204,0.0639127825565113,91,58,46790,47314,2732,1444,168,1097,1161,171,0,0,92722,0,0,107,1,0,0,0,0,0,1282,5818,50,0,0,0,0,0
369,9759,370.06680507677856,99980,208,91,15,3,4202,2218,0.0642128425685137,94,56,46770,47236,2732,1446,180,1167,1231,183,0,0,92629,0,0,108,1,0,0,0,0,0,1359,5828,55,0,0,0,0,0
370,9759,371.14919573335544,99980,197,94,15,3,4227,2236,0.06464292858571714,107,53,46729,47160,2759,1454,192,1235,1303,195,0,0,92499,0,0,109,1,0,0,0,0,0,1439,5873,59,0,0,0,0,0
371,9759,372.23243803976743,99979,195,96,16,3,4256,2250,0.06507366546974865,116,61,46689,47078,2778,1457,205,1304,1378,208,0,0,92375,0,0,111,1,0,0,0,0,0,1522,5906,64,0,0,0,0,0
372,9759,373.3164932915945,99979,196,102,16,3,4284,2271,0.06556376839136219,119,61,46657,46994,2792,1464,219,1375,1456,222,0,0,92250,0,0,112,2,0,0,0,0,0,1607,5938,70,0,0,0,0,0
373,9759,374.03956729876404,99979,202,97,16,3,4306,2279,0.06586383140459497,115,55,46638,46918,2796,1473,232,1453,1536,236,0,0,92133,0,0,114,2,0,0,0,0,0,1697,5959,74,0,0,0,0,0
374,9759,375.1248120281306,99979,201,101,16,3,4340,2292,0.06633393012532632,112,58,46602,46833,2821,1473,247,1531,1619,251,0,0,91998,0,0,117,2,0,0,0,0,0,1791,5993,78,0,0,0,0,0
375,9759,376.21080060446394,99978,200,108,17,3,4368,2308,0.06677469043189502,121,56,46555,46749,2843,1472,263,1611,1705,267,0,0,91866,0,0,120,2,0,0,0,0,0,1888,6019,83,0,0,0,0,0
376,9759,377.297766141766,99978,202,103,17,3,4400,2319,0.0672047850527116,120,62,46524,46665,2857,1478,279,1688,1794,284,0,0,91724,0,0,122,2,0,0,0,0,0,1986,6053,91,0,0,0,0,0
377,9759,378.0228410060485,99978,203,100,17,3,4418,2331,0.06750485106723479,132,62,46484,46575,2866,1486,297,1773,1885,302,0,0,91592,0,0,124,2,0,0,0,0,0,2088,6074,98,0,0,0,0,0
378,9759,379.11132205741154,99978,204,97,17,3,4459,2348,0.06808497869531296,121,63,46457,46485,2887,1496,313,1855,1979,320,0,0,91429,0,0,125,2,0,0,0,0,0,2192,6124,106,0,0,0,0,0
379,9759,380.2005859770236,99978,224,94,17,3,4499,2358,0.0685850887195183,113,70,46415,46379,2899,1504,331,1949,2076,339,0,0,91288,0,0,129,2,0,0,0,0,0,2304,6145,110,0,0,0,0,0
380,9759,381.2907500128507,99977,213,99,18,3,4529,2380,0.06910589435570182,117,59,46372,46282,2929,1511,350,2045,2176,359,0,0,91115,0,0,131,2,0,0,0,0,0,2421,6195,113,0,0,0,0,0
381,9759,382.01808187279255,99977,212,100,18,3,4546,2392,0.06939596107104634,131,56,46326,46182,2941,1514,371,2144,2279,380,0,0,90973,0,0,132,4,0,0,0,0,0,2537,6212,119,0,0,0,0,0
382,9759,383.1102303722064,99977,213,107,18,3,4582,2410,0.06993608529961891,130,47,46289,46084,2957,1516,392,2242,2385,402,0,0,90810,0,0,139,4,0,0,0,0,0,2661,6240,123,0,0,0,0,0
383,9759,384.20326894487954,99977,207,105,18,3,4607,2424,0.07032617502025466,131,47,46254,45976,2975,1522,414,2346,2494,425,0,0,90643,0,0,141,4,0,0,0,0,0,2783,6273,133,0,0,0,0,0
384,9759,385.2971178438315,99977,218,104,18,3,4647,2441,0.07089630615041459,120,42,46223,45867,2985,1534,435,2449,2606,449,0,0,90464,0,0,142,4,0,0,0,0,0,2916,6315,136,0,0,0,0,0
385,9759,386.02683453841365,99977,218,95,18,3,4675,2451,0.07127639357052122,113,42,46190,45748,3001,1550,459,2561,2721,474,0,0,90283,0,0,142,5,0,0,0,0,0,3051,6356,140,0,0,0,0,0
386,9759,387.1224440803651,99977,214,91,18,3,4710,2463,0.07174650169538994,115,50,46148,45633,3020,1553,484,2669,2839,500,0,0,90095,0,0,141,7,0,0,0,0,0,3186,6400,148,0,0,0,0,0
387,9759,388.21906343171406,99976,213,83,19,3,4743,2475,0.07219732735856606,119,56,46106,45514,3032,1563,510,2780,2960,527,0,0,89903,0,0,141,7,0,0,0,0,0,3324,6443,158,0,0,0,0,0
388,9759,389.31670856192574,99976,214,87,19,3,4778,2486,0.07265743778506842,119,62,46058,45396,3058,1560,531,2891,3084,555,0,0,89721,0,0,143,7,0,0,0,0,0,3467,6471,167,0,0,0,0,0
389,9759,390.0490280734566,99976,210,92,19,3,4797,2498,0.0729675122029287,123,64,46019,45266,3070,1561,558,3013,3211,584,0,0,89546,0,0,143,8,0,0,0,0,0,3613,6490,176,0,0,0,0,0
390,9759,391.14856212877163,99975,221,91,20,3,4833,2520,0.07354838709677419,111,59,45983,45138,3076,1575,588,3133,3341,614,0,0,89347,0,0,144,8,0,0,0,0,0,3765,6527,184,0,0,0,0,0
391,9759,392.2490158406765,99975,217,91,20,3,4862,2532,0.0739584896224056,110,61,45940,45020,3098,1570,614,3254,3474,645,0,0,89151,0,0,144,8,0,0,0,0,0,3916,6559,197,0,0,0,0,0
392,9759,393.35049575620764,99975,233,96,20,3,4900,2551,0.07452863215803951,111,63,45887,44881,3103,1578,645,3378,3610,678,0,0,88954,0,0,145,8,0,0,0,0,0,4078,6586,204,0,0,0,0,0
393,9759,394.08537428737924,99974,232,97,21,3,4921,2565,0.07487946866185208,119,61,45834,44748,3117,1584,676,3506,3749,712,0,0,88761,0,0,149,9,0,0,0,0,0,4241,6601,213,0,0,0,0,0
394,9759,395.1890577613165,99974,235,90,21,3,4959,2578,0.07538960129633705,117,68,45777,44617,3141,1592,708,3629,3891,747,0,0,88540,0,0,150,9,0,0,0,0,0,4408,6644,223,0,0,0,0,0
395,9759,396.29405641509135,99974,215,93,21,3,4985,2601,0.07587972872946966,106,61,45744,44479,3171,1600,742,3763,4036,783,0,0,88306,0,0,153,9,0,0,0,0,0,4579,6694,233,0,0,0,0,0
396,9759,397.0314433441517,99974,217,98,21,3,5008,2611,0.07620981455178347,103,67,45701,44332,3179,1595,778,3904,4184,821,0,0,88103,0,0,153,9,0,0,0,0,0,4756,6711,242,0,0,0,0,0
397,9759,398.1387912380261,99974,206,103,21,3,5035,2631,0.07667993678356373,108,66,45642,44194,3206,1598,816,4035,4335,860,0,0,87872,0,0,156,9,0,0,0,0,0,4937,6749,251,0,0,0,0,0
398,9759,399.2474776097963,99974,205,104,21,3,5079,2651,0.07732010322683898,93,61,45591,44052,3236,1605,853,4174,4489,900,0,0,87631,0,0,161,9,0,0,0,0,0,5119,6791,263,0,0,0,0,0
399,9759,400.3576536581659,99974,204,97,21,3,5106,2664,0.07772020725388601,100,56,45532,43920,3248,1612,894,4311,4645,942,0,0,87396,0,0,162,9,0,0,0,0,0,5307,6827,273,0,0,0,0,0
400,9759,401.0985736946255,99974,209,100,21,3,5131,2675,0.07808030087822834,95,53,45485,43775,3253,1610,936,4458,4804,985,0,0,87184,0,0,165,9,0,0,0,0,0,5494,6834,288,0,0,0,0,0
401,9759,402.211257677832,99974,206,100,21,3,5159,2689,0.07850041010662773,103,60,45444,43628,3252,1608,973,4600,4966,1030,0,0,86950,0,0,164,10,0,0,0,0,0,5683,6862,305,0,0,0,0,0
402,9759,403.3249760765158,99974,202,108,21,3,5190,2709,0.07901054274111269,99,62,45394,43467,3269,1609,1014,4750,5131,1076,0,0,86705,0,0,165,10,0,0,0,0,0,5882,6895,317,0,0,0,0,0
403,9759,404.06808984297516,99974,202,107,21,3,5215,2717,0.0793406285634265,97,67,45340,43317,3282,1607,1057,4898,5299,1123,0,0,86476,0,0,166,11,0,0,0,0,0,6079,6908,334,0,0,0,0,0
404,9759,405.18434618146443,99974,220,116,21,3,5257,2742,0.08001080280873027,82,56,45285,43162,3291,1615,1100,5047,5470,1172,0,0,86230,0,0,168,11,0,0,0,0,0,6287,6932,346,0,0,0,0,0
405,9759,406.30186137678766,99973,210,123,22,3,5278,2763,0.08043171656347214,86,51,45238,43008,3299,1615,1144,5199,5644,1222,0,0,85980,0,0,173,11,0,0,0,0,0,6497,6952,360,0,0,0,0,0
406,9759,407.0475651074827,99973,213,123,22,3,5297,2772,0.08071179218388964,91,54,45183,42836,3299,1617,1191,5366,5820,1274,0,0,85741,0,0,174,11,0,0,0,0,0,6712,6962,373,0,0,0,0,0
407,9759,408.16758124373257,99973,204,118,22,3,5323,2792,0.08117191641743271,101,53,45115,42670,3317,1630,1240,5525,5999,1328,0,0,85467,0,0,180,11,0,0,0,0,0,6932,6997,386,0,0,0,0,0
408,9759,409.2892800552358,99972,199,116,23,3,5356,2809,0.08167286840315288,98,57,45048,42498,3340,1633,1291,5692,6181,1383,0,0,85192,0,0,181,12,0,0,0,0,0,7152,7033,402,0,0,0,0,0
409,9759,410.03799219851663,99972,199,108,23,3,5374,2819,0.08195294682511103,108,65,44979,42320,3346,1639,1344,5864,6365,1440,0,0,84937,0,0,182,12,0,0,0,0,0,7372,7046,423,0,0,0,0,0
410,9759,411.1631083779833,99972,194,109,23,3,5405,2838,0.08245308686432201,109,65,44908,42144,3369,1651,1396,6027,6552,1498,0,0,84653,0,0,182,13,0,0,0,0,0,7603,7085,436,0,0,0,0,0
411,9759,412.2899305859864,99971,195,112,24,3,5443,2855,0.08300407118064239,98,71,44846,41965,3384,1650,1452,6198,6741,1558,0,0,84372,0,0,183,15,0,0,0,0,0,7836,7115,450,0,0,0,0,0
412,9759,413.0420901356986,99971,191,110,24,3,5465,2868,0.08335417271008592,106,70,44765,41791,3401,1647,1512,6378,6933,1620,0,0,84102,0,0,184,17,0,0,0,0,0,8068,7130,470,0,0,0,0,0
413,9759,414.17251641520346,99971,201,112,24,3,5499,2885,0.08386432065298936,107,62,44691,41626,3410,1649,1566,6547,7127,1683,0,0,83823,0,0,184,18,0,0,0,0,0,8309,7152,485,0,0,0,0,0
414,9759,415.304757878673,99970,188,115,25,3,5524,2907,0.08433530059017705,107,57,44633,41444,3425,1658,1621,6722,7324,1748,0,0,83528,0,0,186,18,0,0,0,0,0,8549,7182,507,0,0,0,0,0
415,9759,416.06056324797186,99970,193,109,25,3,5549,2918,0.08469540862258677,94,54,44565,41270,3435,1666,1687,6897,7523,1815,0,0,83248,0,0,186,18,0,0,0,0,0,8792,7196,530,0,0,0,0,0
416,9759,417.1962960216059,99970,194,113,25,3,5576,2935,0.08513554066219865,97,53,44494,41088,3446,1669,1743,7073,7725,1884,0,0,82951,0,0,186,18,0,0,0,0,0,9050,7222,543,0,0,0,0,0
417,9759,418.33384642369526,99970,206,104,25,3,5619,2947,0.08568570571171351,88,53,44420,40919,3452,1678,1808,7242,7929,1954,0,0,82656,0,0,190,20,0,0,0,0,0,9299,7239,566,0,0,0,0,0
418,9759,419.09324636666145,99970,198,102,25,3,5634,2961,0.08597579273782134,90,51,44345,40741,3463,1675,1878,7427,8135,2026,0,0,82356,0,0,190,20,0,0,0,0,0,9560,7261,583,0,0,0,0,0
419,9759,420.23461329171374,99970,187,115,25,3,5657,2989,0.08648594578373513,123,72,44244,40538,3476,1674,1944,7597,8343,2100,0,0,82050,8,0,193,21,0,0,0,0,0,9821,7274,603,0,0,0,0,0
420,9759,421.09226944218665,99970,194,110,25,3,5690,3001,0.08693608082424728,133,76,44150,40349,3485,1678,2012,7783,8554,2176,0,0,81748,43,4,197,21,0,0,0,0,0,10084,7250,623,0,0,0,0,0
421,9759,422.38166247150974,99970,198,111,25,3,5724,3028,0.08754626387916375,149,80,44053,40161,3491,1696,2083,7948,8767,2253,0,0,81422,94,6,200,21,0,0,0,0,0,10357,7232,638,0,0,0,0,0
422,9759,423.2426164434149,99970,207,112,25,3,5756,3046,0.08804641392417725,158,76,43958,39964,3497,1703,2154,8141,8982,2332,0,0,81111,128,10,202,21,0,0,0,0,0,10630,7213,655,0,0,0,0,0
423,9759,424.10532396710624,99970,226,115,25,3,5798,3063,0.08863659097729319,140,79,43874,39760,3506,1709,2228,8333,9199,2413,0,0,80799,165,10,202,21,0,0,0,0,0,10905,7190,678,0,0,0,0,0
424,9759,425.4021520957305,99969,225,120,26,3,5840,3094,0.08936770398823635,147,84,43782,39562,3521,1718,2298,8512,9418,2496,0,0,80457,226,13,203,23,0,0,0,0,0,11182,7167,698,0,0,0,0,0
425,9759,426.2682238934356,99969,219,123,26,3,5867,3113,0.08982784663245606,157,85,43685,39355,3534,1726,2378,8707,9639,2581,0,0,80130,268,18,204,24,0,0,0,0,0,11462,7145,718,0,0,0,0,0
426,9759,427.13608885805024,99969,228,123,26,3,5903,3125,0.09030799547859837,172,92,43577,39162,3540,1727,2456,8892,9861,2668,0,0,79808,300,23,206,24,0,0,0,0,0,11747,7124,737,0,0,0,0,0
427,9759,428.00586353305727,99969,253,125,26,3,5947,3145,0.09094819394012144,167,96,43481,38952,3540,1732,2532,9091,10085,2757,0,0,79492,328,29,209,24,0,0,0,0,0,12029,7096,762,0,0,0,0,0
428,9759,429.31369445985337,99969,268,129,26,3,6005,3171,0.09178845442087047,171,98,43367,38761,3563,1737,2604,9271,10311,2848,0,0,79148,384,38,209,24,0,0,0,0,0,12308,7067,791,0,0,0,0,0
429,9759,430.18723421649906,99969,267,144,26,3,6045,3197,0.09244865908431614,171,88,43265,38563,3581,1731,2689,9470,10539,2941,0,0,78802,433,41,209,24,0,0,0,0,0,12602,7043,815,0,0,0,0,0
430,9759,431.06284133515834,99968,270,145,26,4,6080,3216,0.09298975672215108,194,87,43146,38351,3589,1731,2774,9681,10768,3035,0,0,78461,476,44,209,27,0,0,0,0,0,12896,7017,838,0,0,0,0,0
431,9759,432.3800931077538,99966,278,145,27,5,6137,3246,0.09386191305043715,206,90,43019,38154,3612,1741,2857,9864,10999,3131,0,0,78095,539,55,210,29,0,0,0,0,0,13186,6990,862,0,0,0,0,0
432,9759,433.260217523456,99966,288,151,27,5,6177,3274,0.09454214432907189,203,85,42915,37944,3621,1749,2945,10065,11231,3229,0,0,77745,586,59,210,30,0,0,0,0,0,13485,6963,888,0,0,0,0,0
433,9759,434.14245021473454,99965,285,153,28,5,6213,3298,0.09514330015505428,217,88,42798,37740,3631,1754,3040,10259,11464,3329,0,0,77385,640,62,212,31,0,0,0,0,0,13787,6933,915,0,0,0,0,0
434,9759,435.0269334361212,99965,301,149,28,5,6257,3315,0.09575351372980544,222,89,42679,37540,3638,1755,3131,10461,11699,3431,0,0,77034,678,69,213,34,0,0,0,0,0,14093,6908,936,0,0,0,0,0
435,9759,436.3575682716512,99965,322,161,28,5,6328,3350,0.0968138848597009,215,96,42562,37334,3658,1755,3214,10648,11935,3535,0,0,76660,742,72,218,35,0,0,0,0,0,14400,6873,965,0,0,0,0,0
436,9759,437.2465798340511,99965,342,173,28,5,6382,3379,0.09764417546141149,232,101,42425,37119,3663,1751,3309,10850,12172,3641,0,0,76301,786,79,217,36,0,0,0,0,0,14708,6846,992,0,0,0,0,0
437,9759,438.137936686141,99965,349,174,28,5,6438,3398,0.09839443805331866,231,108,42299,36912,3684,1757,3408,11043,12410,3749,0,0,75928,845,83,220,37,0,0,0,0,0,15018,6811,1023,0,0,0,0,0
438,9759,439.0318828154946,99963,348,173,30,5,6497,3417,0.0991766953772896,223,115,42163,36690,3725,1766,3510,11250,12650,3859,0,0,75537,904,95,225,39,0,0,0,0,0,15336,6786,1041,0,0,0,0,0
439,9759,440.3778368928307,99963,359,168,30,5,6580,3457,0.10040715064573892,226,104,42028,36491,3756,1787,3600,11444,12891,3971,0,0,75118,997,110,232,40,0,0,0,0,0,15646,6752,1068,0,0,0,0,0
440,9759,441.27757816301556,99962,368,172,31,5,6634,3478,0.10115844020727877,231,103,41892,36286,3771,1788,3706,11645,13133,4085,0,0,74734,1044,120,235,41,0,0,0,0,0,15972,6729,1087,0,0,0,0,0
441,9759,442.1799956365751,99962,377,183,31,5,6691,3504,0.10198875572717633,229,108,41756,36087,3797,1780,3809,11836,13375,4201,0,0,74357,1086,137,238,42,0,0,0,0,0,16290,6703,1109,0,0,0,0,0
442,9759,443.0852120249973,99962,384,173,31,5,6738,3526,0.1026790180268502,240,112,41615,35880,3818,1794,3911,12035,13618,4319,0,0,73965,1143,148,242,42,0,0,0,0,0,16614,6673,1135,0,0,0,0,0
443,9759,444.44829691102103,99961,400,182,32,5,6828,3572,0.10404057582457159,248,113,41452,35681,3856,1812,4011,12206,13862,4439,0,0,73539,1229,162,251,42,0,0,0,0,0,16939,6639,1160,0,0,0,0,0
444,9759,445.3596638384376,99961,418,176,32,5,6897,3599,0.10500095037064455,243,109,41299,35484,3890,1829,4117,12396,14107,4561,0,0,73126,1290,176,259,43,0,0,0,0,0,17277,6616,1174,0,0,0,0,0
445,9759,446.27426207243195,99961,413,173,32,5,6955,3628,0.10587128980302318,259,115,41146,35275,3927,1840,4222,12591,14352,4685,0,0,72714,1364,196,260,43,0,0,0,0,0,17595,6584,1205,0,0,0,0,0
446,9759,447.1921954415707,99961,411,177,32,5,7014,3653,0.10671161753083702,278,122,40977,35054,3966,1849,4335,12792,14598,4811,0,0,72300,1423,207,269,44,0,0,0,0,0,17937,6558,1223,0,0,0,0,0
447,9759,448.11361218604964,99961,414,193,32,5,7072,3690,0.1076619881753884,296,117,40817,34833,3995,1852,4445,12999,14845,4938,0,0,71902,1475,227,272,45,0,0,0,0,0,18263,6527,1250,0,0,0,0,0
448,9759,449.03847094615185,99961,428,202,32,5,7148,3717,0.10869239003211252,269,113,40691,34637,4032,1843,4547,13199,15092,5067,0,0,71511,1526,249,275,48,0,0,0,0,0,18581,6487,1284,0,0,0,0,0
449,9759,450.43128345561735,99960,463,189,33,5,7256,3747,0.11007402961184473,254,139,40534,34427,4068,1862,4647,13377,15339,5198,0,0,71076,1607,266,286,50,0,0,0,0,0,18913,6451,1311,0,0,0,0,0
450,9759,451.36246515010976,99960,453,182,33,5,7306,3771,0.11081432573029212,275,149,40382,34223,4098,1876,4758,13564,15587,5331,0,0,70656,1673,284,292,51,0,0,0,0,0,19249,6418,1337,0,0,0,0,0
451,9759,452.2970445030462,99960,463,190,33,5,7372,3813,0.11189475790316127,275,137,40238,34012,4116,1894,4874,13761,15835,5466,0,0,70245,1737,302,297,54,0,0,0,0,0,19578,6377,1370,0,0,0,0,0
452,9759,453.2348606011075,99960,469,195,33,5,7430,3841,0.11275510204081633,282,136,40085,33805,4143,1897,4987,13961,16083,5603,0,0,69837,1789,317,303,55,0,0,0,0,0,19918,6342,1399,0,0,0,0,0
453,9759,454.1760742681423,99960,479,193,33,5,7496,3873,0.11373549419767907,299,135,39906,33608,4171,1907,5111,14151,16332,5742,0,0,69425,1848,337,313,55,0,0,0,0,0,20250,6297,1435,0,0,0,0,0
454,9759,455.12109244026624,99960,469,191,33,5,7553,3903,0.11460584233693477,320,134,39742,33401,4209,1926,5226,14342,16581,5882,0,0,68982,1922,354,315,59,0,0,0,0,0,20601,6274,1453,0,0,0,0,0
455,9759,456.0700593550846,99960,478,197,33,5,7624,3937,0.115656262505002,324,135,39589,33192,4234,1932,5341,14538,16830,6024,0,0,68561,1981,380,319,60,0,0,0,0,0,20937,6241,1481,0,0,0,0,0
456,9759,457.0227018362403,99960,478,200,33,5,7692,3972,0.11668667466986794,338,142,39435,32976,4260,1946,5455,14730,17079,6168,0,0,68133,2051,401,326,62,0,0,0,0,0,21274,6199,1514,0,0,0,0,0
457,9759,458.45798448621883,99960,492,202,33,5,7805,4023,0.11832733093237295,340,150,39245,32777,4320,1976,5569,14889,17328,6314,0,0,67641,2168,422,328,69,0,0,0,0,0,21627,6177,1528,0,0,0,0,0
458,9759,459.4184229711571,99960,497,212,33,5,7878,4059,0.11941776710684274,350,154,39078,32561,4343,1986,5698,15081,17577,6461,0,0,67216,2232,442,335,71,0,0,0,0,0,21967,6135,1562,0,0,0,0,0
459,9759,460.3829296292179,99960,533,212,33,5,7979,4088,0.12071828731492597,324,157,38914,32362,4373,1994,5822,15269,17825,6610,0,0,66793,2287,474,340,72,0,0,0,0,0,22302,6101,1591,0,0,0,0,0
460,9759,461.35123876465656,99958,567,211,35,5,8070,4122,0.12197122791572461,323,165,38737,32145,4398,2014,5939,15459,18073,6761,0,0,66360,2343,499,345,72,1,0,0,0,0,22649,6075,1614,0,0,0,0,0
461,9759,462.32346587527366,99958,563,228,35,5,8148,4168,0.12321174893455251,325,158,38571,31949,4445,2024,6060,15635,18321,6913,0,0,65908,2422,520,351,76,1,0,0,0,0,23000,6042,1638,0,0,0,0,0
462,9759,463.2998502293725,99958,556,210,35,5,8223,4192,0.12420216490926189,335,189,38392,31726,4497,2048,6184,15821,18569,7067,0,0,65443,2510,548,358,77,1,0,0,0,0,23349,6010,1662,0,0,0,0,0
463,9759,464.28064658102704,99958,561,235,35,5,8310,4242,0.12557274055103143,333,171,38232,31528,4542,2052,6296,16008,18816,7223,0,0,64987,2582,576,361,81,1,0,0,0,0,23705,5988,1677,0,0,0,0,0
464,9759,465.2656930574388,99958,556,240,35,5,8386,4283,0.12674323215750616,333,167,38071,31324,4577,2076,6427,16187,19063,7380,0,0,64540,2657,604,368,86,1,0,0,0,0,24047,5949,1706,0,0,0,0,0
465,9759,466.2548708800558,99958,551,244,35,5,8462,4320,0.1278737069569219,348,179,37887,31118,4618,2088,6560,16365,19310,7539,0,0,64077,2742,630,365,91,1,0,0,0,0,24399,5923,1730,0,0,0,0,0
466,9759,467.24853301330785,99958,591,232,35,5,8568,4357,0.1293043078092799,349,193,37690,30921,4645,2112,6689,16536,19556,7699,0,0,63627,2809,670,366,95,1,0,0,0,0,24740,5898,1752,0,0,0,0,0
467,9759,468.24691620781186,99958,577,255,35,5,8640,4405,0.13050481202104883,383,185,37509,30726,4687,2116,6808,16712,19801,7861,0,0,63187,2878,702,368,99,1,0,0,0,0,25076,5859,1788,0,0,0,0,0
468,9759,469.24991335570047,99958,588,265,35,5,8738,4460,0.13203545489105425,361,178,37347,30540,4730,2130,6938,16881,20046,8024,0,0,62751,2942,746,384,101,1,0,0,0,0,25399,5806,1828,0,0,0,0,0
469,9759,470.25745495127376,99957,612,263,36,5,8852,4494,0.13351741248736956,356,196,37152,30336,4771,2152,7072,17047,20290,8189,0,0,62292,3011,784,395,105,1,0,0,0,0,25748,5774,1847,0,0,0,0,0
470,9759,471.26978070075944,99956,600,252,36,6,8942,4532,0.13479931169714673,356,213,36973,30135,4828,2176,7206,17217,20534,8355,0,0,61816,3103,820,408,111,1,0,0,0,0,26092,5735,1870,0,0,0,0,0
471,9759,472.28717753972796,99954,608,263,38,6,9025,4585,0.13616263481201352,357,211,36782,29928,4868,2199,7346,17392,20777,8522,0,0,61371,3171,852,412,118,1,0,0,0,0,26432,5696,1901,0,0,0,0,0
472,9759,473.30965554937166,99953,599,270,39,6,9111,4629,0.137464608365932,366,230,36588,29735,4926,2214,7481,17544,21019,8691,0,0,60918,3248,891,420,124,1,0,0,0,0,26767,5652,1932,0,0,0,0,0
473,9759,474.3374231539979,99952,593,282,39,7,9204,4678,0.13888666559948776,387,229,36408,29555,4964,2220,7608,17706,21260,8861,0,0,60471,3325,937,420,131,1,0,0,0,0,27087,5609,1971,0,0,0,0,0
474,9759,475.3703230894635,99951,607,302,40,7,9291,4742,0.14039879540975078,395,223,36225,29348,4995,2243,7737,17876,21501,9032,0,0,60025,3392,976,426,134,1,0,0,0,0,27425,5570,2002,0,0,0,0,0
475,9759,476.4080488049716,99950,637,304,40,8,9405,4794,0.14206103051525762,379,219,36030,29185,5041,2263,7872,18020,21741,9204,0,0,59570,3470,1018,436,136,1,0,0,0,0,27758,5524,2037,0,0,0,0,0
476,9759,477.4509605689956,99950,646,309,40,8,9495,4853,0.14355177588794396,391,208,35849,29011,5070,2279,8003,18184,21980,9378,0,0,59103,3552,1061,443,137,2,0,0,0,0,28099,5490,2063,0,0,0,0,0
477,9759,478.49909164527054,99948,661,317,41,9,9618,4912,0.14537559530956098,371,207,35665,28810,5126,2303,8135,18353,22218,9553,0,0,58607,3655,1101,446,146,2,0,0,0,0,28449,5464,2078,0,0,0,0,0
478,9759,479.02457114222074,99948,669,319,41,9,9677,4933,0.14617601152599352,367,216,35485,28607,5147,2301,8290,18547,22455,9729,0,0,58185,3691,1130,447,150,2,0,0,0,0,28806,5436,2101,0,0,0,0,0
479,9759,480.08313152119894,99947,664,330,42,9,9780,4989,0.1477683172081203,357,209,35295,28414,5217,2321,8424,18716,22691,9906,0,0,57702,3778,1180,457,152,2,0,0,0,0,29148,5408,2120,0,0,0,0,0
480,9759,481.14764745889727,99947,659,339,42,9,9870,5047,0.14924910202407277,368,194,35117,28246,5260,2345,8553,18866,22926,10084,0,0,57250,3846,1244,466,154,2,0,0,0,0,29467,5370,2148,0,0,0,0,0
481,9759,482.21746185286173,99947,652,350,42,9,9968,5112,0.15087996638218257,368,185,34922,28058,5327,2379,8688,19018,23160,10263,0,0,56774,3933,1294,478,160,2,0,0,0,0,29802,5334,2170,0,0,0,0,0
482,9759,483.2932181438502,99945,678,330,44,9,10074,5159,0.15241382760518285,390,195,34725,27878,5343,2416,8819,19171,23393,10443,0,0,56316,4006,1344,487,169,2,0,0,0,0,30133,5295,2193,0,0,0,0,0
483,9759,484.37480547322355,99945,683,354,44,9,10181,5222,0.15411476311971584,404,187,34522,27691,5392,2432,8954,19326,23625,10624,0,0,55845,4096,1387,491,172,2,0,0,0,0,30471,5258,2223,0,0,0,0,0
484,9759,485.4623208043468,99945,665,356,44,9,10279,5271,0.15558557206463555,419,188,34329,27540,5458,2449,9084,19457,23855,10806,0,0,55369,4195,1439,497,177,2,0,0,0,0,30795,5217,2254,0,0,0,0,0
485,9759,486.0077344474319,99945,668,346,44,9,10334,5299,0.1564160288158487,416,179,34155,27363,5472,2460,9244,19642,24084,10989,0,0,54955,4231,1481,502,181,3,0,0,0,0,31129,5179,2284,0,0,0,0,0
486,9759,487.1069982438122,99944,659,345,44,10,10435,5348,0.157918434323221,430,182,33981,27199,5518,2484,9367,19779,24312,11172,0,0,54488,4312,1540,514,183,3,0,0,0,0,31450,5141,2313,0,0,0,0,0
487,9759,488.21196832003966,99944,690,355,44,10,10563,5402,0.1597394540942928,425,168,33799,27040,5564,2509,9477,19917,24539,11356,0,0,54022,4389,1589,522,186,3,0,0,0,0,31786,5111,2336,0,0,0,0,0
488,9759,489.3225106824619,99944,712,348,44,10,10699,5446,0.16154046265908908,381,185,33629,26897,5627,2522,9606,20037,24765,11541,0,0,53563,4461,1654,533,195,4,0,0,0,0,32102,5076,2356,0,0,0,0,0
489,9759,490.4388167831866,99942,697,341,46,10,10808,5501,0.16318464709531527,393,175,33430,26754,5694,2553,9739,20166,24989,11726,0,0,53099,4551,1722,548,200,4,0,0,0,0,32400,5024,2394,0,0,0,0,0
490,9759,491.56174273781215,99941,680,326,47,10,10900,5538,0.16447704145445813,414,198,33257,26606,5733,2569,9868,20290,25212,11912,0,0,52644,4628,1786,561,203,4,0,0,0,0,32710,4979,2426,0,0,0,0,0
491,9759,492.1248564927378,99941,687,329,47,10,10951,5565,0.16525750192613642,415,190,33093,26442,5729,2568,10028,20460,25434,12099,0,0,52265,4644,1826,561,213,4,0,0,0,0,33032,4932,2464,0,0,0,0,0
492,9759,493.25944768629785,99940,674,342,48,10,11056,5620,0.1668601160696418,401,189,32918,26286,5787,2587,10171,20585,25654,12286,0,0,51824,4706,1894,574,224,4,0,0,0,0,33337,4890,2487,0,0,0,0,0
493,9759,494.4001960093853,99940,690,339,48,10,11177,5676,0.16863117870722433,395,178,32725,26130,5837,2621,10304,20721,25873,12474,0,0,51373,4775,1963,585,233,5,0,0,0,0,33646,4854,2506,0,0,0,0,0
494,9759,495.5474427598765,99939,721,344,48,11,11310,5734,0.17054403185943426,401,165,32519,25999,5879,2645,10431,20835,26091,12662,0,0,50942,4835,2030,595,242,5,0,0,0,0,33941,4808,2541,0,0,0,0,0
495,9759,496.12295366841744,99938,722,341,49,11,11371,5748,0.1712962036462607,395,182,32363,25820,5885,2643,10585,21002,26307,12851,0,0,50555,4854,2075,602,244,5,0,0,0,0,34261,4763,2579,0,0,0,0,0
496,9759,497.2829549331676,99937,734,341,49,12,11494,5798,0.1730290082752134,393,187,32191,25680,5927,2660,10705,21119,26522,13040,0,0,50112,4927,2137,613,249,6,0,0,0,0,34561,4717,2615,0,0,0,0,0
497,9759,498.44876929925044,99937,738,342,49,12,11623,5857,0.17491019342185576,386,196,32001,25541,5991,2684,10834,21224,26735,13229,0,0,49643,5014,2204,625,257,6,0,0,0,0,34867,4685,2636,0,0,0,0,0
498,9759,499.03341486735843,99936,721,346,50,12,11672,5895,0.17578250080051233,371,187,31852,25366,6008,2687,10997,21401,26947,13419,0,0,49256,5025,2270,634,262,6,0,0,0,0,35168,4650,2665,0,0,0,0,0
499,9759,500.21216073741954,99934,703,321,52,12,11771,5937,0.17719694998699143,373,189,31720,25255,6054,2728,11097,21494,27158,13609,0,0,48809,5096,2353,642,271,8,0,0,0,0,35452,4616,2687,0,0,0,0,0
500,9759,501.3963324706519,99934,731,308,52,12,11905,5989,0.17905817839774252,337,198,31562,25115,6108,2768,11209,21598,27367,13799,0,0,48360,5158,2431,657,277,9,0,0,0,0,35753,4589,2700,0,0,0,0,0
501,9759,502.5861916947817,99934,739,314,52,12,12016,6050,0.18077931434746933,328,192,31421,24996,6128,2793,11331,21692,27575,13989,0,0,47945,5197,2509,670,291,9,0,0,0,0,36038,4553,2722,0,0,0,0,0
502,9759,503.18272246383924,99934,711,304,52,12,12053,6073,0.18137971060900193,351,199,31248,24830,6151,2803,11486,21851,27781,14179,0,0,47564,5217,2567,675,303,9,0,0,0,0,36339,4512,2748,0,0,0,0,0
503,9759,504.3844742974188,99934,692,296,52,12,12163,6122,0.18297076070206336,352,204,31083,24716,6224,2823,11596,21948,27986,14369,0,0,47115,5306,2644,682,310,9,0,0,0,0,36617,4469,2782,0,0,0,0,0
504,9759,505.5929039628097,99934,692,300,52,12,12277,6191,0.18480196929973783,341,188,30923,24594,6269,2859,11722,22046,28189,14560,0,0,46680,5374,2732,690,318,9,0,0,0,0,36889,4434,2808,0,0,0,0,0
505,9759,506.19849368094896,99934,679,301,52,12,12331,6223,0.18566253727460125,350,181,30761,24451,6291,2858,11866,22196,28391,14751,0,0,46304,5392,2804,695,320,9,0,0,0,0,37174,4394,2842,0,0,0,0,0
506,9759,507.4200513151521,99934,686,290,52,12,12446,6278,0.1873636600156103,349,171,30597,24359,6324,2894,11991,22273,28591,14942,0,0,45872,5456,2885,707,327,9,0,0,0,0,37452,4358,2868,0,0,0,0,0
507,9759,508.0324431967658,99934,671,302,52,12,12498,6311,0.18821422138611485,356,165,30434,24206,6338,2891,12148,22423,28790,15133,0,0,45496,5470,2946,712,331,9,0,0,0,0,37749,4325,2896,0,0,0,0,0
508,9759,509.26722615864946,99934,649,310,52,12,12599,6355,0.18966517901815197,348,160,30299,24114,6398,2894,12253,22509,28987,15323,0,0,45080,5525,3028,717,340,9,0,0,0,0,38022,4292,2921,0,0,0,0,0
509,9759,510.50810511573775,99934,630,310,52,12,12715,6411,0.1913863149678788,317,169,30158,24013,6469,2916,12373,22579,29183,15513,0,0,44647,5597,3110,729,355,9,0,0,0,0,38293,4253,2941,0,0,0,0,0
510,9759,511.130140421446,99934,634,312,52,12,12761,6437,0.19210679048171794,319,165,30025,23867,6447,2918,12522,22725,29377,15703,0,0,44289,5591,3172,732,358,9,0,0,0,0,38591,4230,2962,0,0,0,0,0
511,9759,512.3833093593086,99934,618,304,52,12,12862,6484,0.19358776792683172,312,156,29884,23801,6506,2947,12627,22779,29570,15893,0,0,43859,5663,3247,738,371,9,0,0,0,0,38870,4197,2980,0,0,0,0,0
512,9759,513.0112532195436,99934,604,293,52,12,12913,6506,0.19431825004502973,310,153,29742,23674,6515,2959,12776,22908,29761,16083,0,0,43492,5679,3312,741,379,9,0,0,0,0,39150,4164,3008,0,0,0,0,0
513,9759,514.2766782821865,99933,585,289,53,12,13003,6555,0.19571112645472466,312,151,29601,23584,6553,2978,12895,22985,29951,16272,0,0,43092,5724,3400,749,391,9,0,0,0,0,39408,4131,3029,0,0,0,0,0
514,9759,515.5486164616127,99933,586,286,53,12,13100,6602,0.19715209190157407,313,141,29451,23476,6590,2999,13006,23085,30139,16461,0,0,42694,5774,3468,755,403,10,0,0,0,0,39679,4097,3053,0,0,0,0,0
515,9759,516.1859675844495,99933,587,291,53,12,13149,6625,0.19787257462499874,310,145,29294,23356,6593,2982,13162,23213,30325,16650,0,0,42340,5777,3523,752,411,10,0,0,0,0,39974,4074,3072,0,0,0,0,0
516,9759,517.470864573616,99932,580,281,53,13,13252,6670,0.19935556178201178,311,137,29163,23279,6624,3013,13268,23276,30510,16838,0,0,41934,5825,3610,758,423,11,0,0,0,0,40236,4052,3083,0,0,0,0,0
517,9759,518.1147183127317,99932,566,272,53,13,13296,6688,0.19997598366889485,320,141,29016,23151,6633,3022,13411,23400,30693,17026,0,0,41580,5833,3673,760,432,11,0,0,0,0,40516,4025,3102,0,0,0,0,0
518,9759,519.412380697982,99931,575,285,54,13,13414,6738,0.20165914480991884,289,124,28895,23086,6668,3022,13518,23469,30875,17214,0,0,41202,5865,3765,767,439,11,0,0,0,0,40762,3993,3127,0,0,0,0,0
519,9759,520.0625734828064,99931,569,280,54,13,13466,6764,0.20243968338153326,280,130,28747,22964,6682,3030,13667,23582,31055,17401,0,0,40855,5878,3830,766,447,11,0,0,0,0,41028,3960,3156,0,0,0,0,0
520,9759,521.3727509000498,99930,535,269,54,14,13553,6810,0.203772640848594,276,133,28610,22891,6743,3050,13781,23642,31234,17588,0,0,40452,5932,3907,778,462,12,0,0,0,0,41283,3930,3174,0,0,0,0,0
521,9759,522.029496811773,99929,541,264,55,14,13607,6835,0.20456524132133816,253,121,28474,22776,6736,3056,13940,23768,31411,17774,0,0,40115,5936,3969,777,471,12,0,0,0,0,41550,3900,3199,0,0,0,0,0
522,9759,523.3533432582174,99928,550,249,55,15,13706,6871,0.20591826114802658,232,118,28368,22711,6756,3073,14038,23833,31587,17960,0,0,39737,5974,4052,784,477,12,0,0,0,0,41800,3871,3221,0,0,0,0,0
523,9759,524.0165126255407,99928,518,239,55,15,13733,6888,0.20635857817628692,238,109,28248,22618,6764,3076,14176,23942,31761,18145,0,0,39409,5974,4121,779,494,12,0,0,0,0,42054,3845,3240,0,0,0,0,0
524,9759,525.3519666506901,99928,489,244,55,15,13821,6931,0.20766952205588024,247,118,28122,22557,6810,3083,14276,23982,31934,18329,0,0,39032,6015,4211,787,503,12,0,0,0,0,42293,3816,3259,0,0,0,0,0
525,9759,526.0210717671866,99928,468,245,55,15,13853,6950,0.20817988952045471,253,115,27975,22467,6824,3075,14424,24082,32105,18513,0,0,38707,6012,4273,787,511,12,0,0,0,0,42555,3789,3282,0,0,0,0,0
526,9759,527.3695149584373,99928,450,232,55,15,13926,6991,0.20932071091185653,239,114,27869,22407,6855,3099,14531,24132,32275,18696,0,0,38352,6042,4369,792,519,12,0,0,0,0,42778,3756,3308,0,0,0,0,0
527,9759,528.0450986070657,99928,457,241,55,15,13980,7015,0.21010127291649988,221,111,27749,22304,6843,3091,14674,24237,32443,18878,0,0,38049,6024,4429,791,532,12,0,0,0,0,43033,3726,3332,0,0,0,0,0
528,9759,529.4058811728695,99927,428,222,56,15,14047,7051,0.21113412791337677,222,105,27653,22261,6875,3109,14765,24287,32610,19060,0,0,37691,6056,4525,789,547,12,0,0,0,0,43253,3704,3350,0,0,0,0,0
529,9759,530.0873266379143,99926,408,214,57,15,14081,7065,0.21161659628124813,222,106,27540,22159,6874,3115,14898,24390,32775,19241,0,0,37370,6054,4586,793,554,12,0,0,0,0,43509,3677,3371,0,0,0,0,0
530,9759,531.4593889352178,99926,404,215,57,15,14156,7098,0.2126973960730941,215,115,27458,22128,6872,3103,14993,24423,32939,19421,0,0,37045,6064,4663,794,569,12,0,0,0,0,43739,3647,3393,0,0,0,0,0
531,9759,532.146202075106,99926,394,212,57,15,14185,7118,0.2131877589416168,214,107,27355,22047,6850,3099,15129,24519,33101,19600,0,0,36743,6056,4720,792,576,14,0,0,0,0,43987,3619,3419,0,0,0,0,0
532,9759,533.5281727083208,99926,386,214,57,15,14262,7157,0.2143486179773032,207,100,27240,22032,6879,3104,15230,24534,33262,19779,0,0,36397,6080,4792,799,588,14,0,0,0,0,44230,3594,3432,0,0,0,0,0
533,9759,534.2201314791794,99926,390,213,57,15,14306,7171,0.2149290474951464,187,98,27127,21944,6872,3097,15366,24632,33421,19957,0,0,36107,6066,4852,798,595,14,0,0,0,0,44471,3562,3461,0,0,0,0,0
534,9759,535.6139205323004,99924,380,203,59,15,14373,7200,0.21589407950042033,174,95,27067,21924,6879,3107,15440,24655,33579,20134,0,0,35784,6074,4929,805,605,15,0,0,0,0,44697,3534,3481,0,0,0,0,0
535,9759,536.3110975130328,99924,386,199,59,15,14412,7217,0.21645450542412234,169,95,26957,21838,6849,3110,15579,24742,33735,20310,0,0,35501,6048,4996,803,616,15,0,0,0,0,44935,3513,3497,0,0,0,0,0
536,9759,537.0112379907082,99924,379,194,59,15,14442,7234,0.21692486289580082,168,95,26847,21767,6835,3106,15711,24822,33890,20485,0,0,35199,6038,5058,805,618,15,0,0,0,0,45182,3493,3516,0,0,0,0,0
537,9759,538.4202156444644,99924,359,196,59,15,14510,7269,0.2179556462911813,160,86,26762,21762,6870,3099,15789,24841,34043,20659,0,0,34888,6045,5138,816,629,15,0,0,0,0,45396,3457,3540,0,0,0,0,0
538,9759,539.1256228632333,99924,348,182,59,15,14540,7282,0.2183859733397382,169,84,26655,21683,6857,3099,15911,24936,34195,20832,0,0,34606,6024,5208,821,637,17,0,0,0,0,45625,3432,3554,0,0,0,0,0
539,9759,540.5454378628731,99924,331,183,59,15,14595,7318,0.21929666546575396,177,82,26581,21651,6864,3107,15987,24961,34345,21004,0,0,34306,6034,5297,818,646,17,0,0,0,0,45824,3403,3579,0,0,0,0,0
540,9759,541.2557989554824,99923,320,181,60,15,14627,7335,0.21978923771303904,162,77,26481,21567,6860,3109,16116,25050,34494,21175,0,0,34018,6019,5355,820,655,17,0,0,0,0,46061,3383,3595,0,0,0,0,0
541,9759,542.6855739085528,99922,309,188,61,15,14674,7370,0.2206120774203879,164,75,26430,21529,6840,3112,16195,25080,34641,21345,0,0,33736,6012,5428,826,660,18,0,0,0,0,46270,3348,3624,0,0,0,0,0
542,9759,543.4009400402969,99922,313,181,61,15,14708,7378,0.22103240527611537,153,75,26332,21460,6817,3110,16323,25158,34787,21514,0,0,33479,5994,5483,819,671,18,0,0,0,0,46488,3314,3656,0,0,0,0,0
543,9759,544.1187035419628,99922,308,172,61,15,14730,7392,0.22139268629531034,155,75,26239,21394,6778,3115,16458,25228,34932,21682,0,0,33228,5967,5556,810,680,20,0,0,0,0,46692,3289,3680,0,0,0,0,0
544,9759,545.5623436582418,99922,314,155,61,15,14782,7411,0.22210324052761155,151,78,26179,21378,6757,3125,16537,25248,35075,21849,0,0,32939,5959,5627,815,686,20,0,0,0,0,46911,3270,3695,0,0,0,0,0
545,9759,546.284768451855,99922,310,162,61,15,14809,7427,0.22253357618942776,142,78,26093,21315,6744,3110,16649,25319,35217,22015,0,0,32676,5941,5678,814,691,20,0,0,0,0,47138,3244,3720,0,0,0,0,0
546,9759,547.0095958145142,99922,299,156,61,15,14836,7436,0.22289385720862273,137,86,26029,21242,6719,3101,16754,25399,35357,22180,0,0,32423,5919,5744,812,698,20,0,0,0,0,47343,3216,3747,0,0,0,0,0
547,9759,548.4660840674846,99922,283,174,61,15,14881,7482,0.2238045675626989,134,71,25983,21241,6712,3106,16826,25392,35496,22344,0,0,32149,5916,5819,813,709,20,0,0,0,0,47541,3188,3767,0,0,0,0,0
548,9759,549.1940333171743,99922,277,172,61,15,14903,7495,0.22415484077580514,137,69,25894,21175,6699,3100,16931,25468,35634,22507,0,0,31894,5901,5866,810,716,21,0,0,0,0,47759,3160,3795,0,0,0,0,0
549,9759,550.65781648929,99922,256,162,61,15,14947,7523,0.22487540281419507,140,67,25844,21175,6701,3105,16997,25475,35770,22669,0,0,31606,5917,5938,810,724,21,0,0,0,0,47954,3132,3820,0,0,0,0,0
550,9759,551.3897988365084,99922,247,159,61,15,14967,7533,0.22517563699685755,142,70,25771,21100,6674,3096,17104,25559,35905,22830,0,0,31360,5897,5997,805,731,21,0,0,0,0,48160,3107,3844,0,0,0,0,0
551,9759,552.1245806496822,99921,251,149,62,15,14996,7542,0.225558190970867,140,72,25695,21052,6650,3086,17201,25625,36039,22990,0,0,31120,5872,6058,803,736,22,0,0,0,0,48361,3080,3869,0,0,0,0,0
552,9759,553.6006299789677,99921,255,140,62,15,15047,7571,0.22635882347054173,125,58,25662,21108,6623,3078,17272,25600,36171,23149,0,0,30864,5862,6138,803,747,22,0,0,0,0,48543,3055,3887,0,0,0,0,0
553,9759,554.3383228522504,99920,245,131,63,15,15066,7579,0.22663130504403523,134,59,25582,21060,6600,3074,17375,25660,36302,23307,0,0,30611,5849,6189,803,749,23,0,0,0,0,48754,3032,3910,0,0,0,0,0
554,9759,555.0785394518083,99920,241,129,63,15,15089,7586,0.22693154523618894,128,59,25503,21001,6579,3065,17485,25730,36432,23463,0,0,30364,5832,6237,799,755,24,0,0,0,0,48969,3014,3926,0,0,0,0,0
555,9759,556.5660808674165,99920,243,121,63,15,15132,7604,0.2275420336269015,128,54,25481,21012,6546,3066,17538,25731,36560,23618,0,0,30123,5807,6316,802,760,24,0,0,0,0,49151,2994,3943,0,0,0,0,0
556,9759,557.3096938872261,99920,244,114,63,15,15157,7609,0.22784227381905525,122,62,25401,20956,6528,3057,17641,25795,36687,23772,0,0,29876,5801,6354,796,768,24,0,0,0,0,49365,2971,3965,0,0,0,0,0
557,9759,558.0553318155418,99920,250,115,63,15,15190,7621,0.22829263410728584,106,60,25326,20916,6505,3050,17749,25843,36813,23925,0,0,29637,5785,6399,791,780,24,0,0,0,0,49573,2952,3979,0,0,0,0,0
558,9759,559.5536755390312,99920,236,117,63,15,15231,7643,0.22892313851080864,95,62,25321,20918,6488,3043,17796,25844,36938,24077,0,0,29388,5776,6467,791,791,24,0,0,0,0,49758,2933,3992,0,0,0,0,0
559,9759,560.3026188232745,99920,230,113,63,15,15257,7653,0.22928342674139313,92,64,25235,20878,6475,3030,17904,25899,37061,24228,0,0,29166,5748,6532,789,799,24,0,0,0,0,49940,2911,4011,0,0,0,0,0
560,9759,561.0532579530427,99920,223,120,63,15,15267,7671,0.22956365092073658,103,53,25172,20854,6439,3018,17999,25939,37183,24378,0,0,28947,5722,6581,784,807,24,0,0,0,0,50134,2889,4032,0,0,0,0,0
561,9759,562.5616937005314,99920,215,113,63,15,15314,7689,0.23021417133706965,90,50,25156,20902,6426,3014,18049,25905,37304,24526,0,0,28705,5724,6639,787,817,25,0,0,0,0,50311,2857,4055,0,0,0,0,0
562,9759,563.3154695996363,99920,204,107,63,15,15331,7696,0.23045436349079262,88,46,25084,20878,6410,3004,18150,25949,37424,24673,0,0,28480,5706,6691,787,822,25,0,0,0,0,50500,2833,4076,0,0,0,0,0
563,9759,564.0712965940401,99920,194,96,63,15,15351,7701,0.23070456365092074,83,54,25018,20845,6395,2995,18246,25994,37542,24819,0,0,28253,5687,6740,785,833,26,0,0,0,0,50691,2818,4087,0,0,0,0,0
564,9759,565.5897193729704,99920,198,99,63,15,15389,7731,0.23138510808646917,73,36,25015,20877,6352,2998,18298,25974,37659,24964,0,0,28028,5665,6807,788,840,26,0,0,0,0,50865,2800,4101,0,0,0,0,0
565,9759,566.3485172573454,99920,192,95,63,15,15399,7735,0.2315252201761409,79,37,24967,20843,6308,2985,18390,26024,37775,25108,0,0,27822,5630,6860,787,845,26,0,0,0,0,51051,2782,4117,0,0,0,0,0
566,9759,567.1089685450385,99920,187,94,63,15,15413,7742,0.23173538831064852,83,39,24915,20825,6275,2963,18476,26063,37890,25251,0,0,27627,5596,6918,778,857,26,0,0,0,0,51222,2762,4134,0,0,0,0,0
567,9759,568.6344449697173,99920,172,79,63,15,15449,7757,0.23224579663730985,80,33,24912,20886,6256,2964,18516,26022,38004,25392,0,0,27399,5589,6986,779,867,27,0,0,0,0,51381,2742,4150,0,0,0,0,0
568,9759,569.3964594676419,99920,172,72,63,15,15467,7760,0.23245596477181746,72,39,24851,20861,6231,2955,18610,26057,38116,25532,0,0,27192,5569,7030,776,871,28,0,0,0,0,51564,2719,4171,0,0,0,0,0
569,9759,570.1603134612648,99920,169,68,63,15,15479,7770,0.23267614091273017,70,35,24797,20843,6199,2947,18701,26091,38227,25671,0,0,27002,5544,7071,769,886,28,0,0,0,0,51733,2691,4196,0,0,0,0,0
570,9759,571.6936511508474,99920,155,63,63,15,15504,7778,0.2330064051240993,66,34,24808,20870,6164,2937,18743,26080,38337,25809,0,0,26795,5519,7136,765,897,28,0,0,0,0,51896,2678,4206,0,0,0,0,0
571,9759,572.4595471416375,99920,156,67,63,15,15521,7790,0.23329663730984787,59,25,24771,20846,6130,2919,18820,26127,38446,25946,0,0,26609,5486,7186,766,900,29,0,0,0,0,52063,2651,4230,0,0,0,0,0
572,9759,573.2269111879677,99920,154,62,63,15,15536,7793,0.2334767814251401,59,30,24720,20817,6111,2907,18892,26168,38554,26081,0,0,26421,5445,7247,767,902,29,0,0,0,0,52229,2636,4244,0,0,0,0,0
573,9759,574.7656508930328,99920,145,60,63,15,15562,7804,0.2338470776621297,47,26,24723,20865,6091,2902,18930,26131,38661,26215,0,0,26207,5434,7296,762,915,29,0,0,0,0,52404,2624,4249,0,0,0,0,0
574,9759,575.5342707583,99920,144,61,63,15,15574,7809,0.2340172137710168,42,27,24672,20863,6058,2887,19020,26146,38767,26348,0,0,26021,5408,7333,756,925,29,0,0,0,0,52577,2603,4268,0,0,0,0,0
575,9759,576.3045317401959,99919,134,64,64,15,15582,7818,0.23418969365185802,44,25,24618,20835,6040,2879,19099,26181,38872,26480,0,0,25829,5384,7376,754,928,30,0,0,0,0,52749,2584,4285,0,0,0,0,0
576,9759,577.076424005974,99918,129,64,65,15,15590,7824,0.23433215236493926,46,23,24567,20812,6009,2862,19183,26223,38976,26611,0,0,25645,5353,7418,748,936,31,0,0,0,0,52918,2569,4300,0,0,0,0,0
577,9759,578.6253385204869,99918,113,56,65,15,15606,7830,0.23455233291298866,43,29,24562,20877,5995,2858,19221,26164,39078,26741,0,0,25441,5343,7466,743,947,31,0,0,0,0,53082,2556,4309,0,0,0,0,0
578,9759,579.3991137910301,99917,109,62,66,15,15618,7842,0.23479487975019267,38,20,24538,20865,5960,2840,19288,26197,39179,26869,0,0,25275,5303,7515,738,956,32,0,0,0,0,53233,2537,4328,0,0,0,0,0
579,9759,580.174713609043,99917,107,60,66,15,15623,7843,0.23485492959156098,35,21,24468,20818,5929,2826,19394,26259,39279,26996,0,0,25102,5265,7562,734,961,32,0,0,0,0,53397,2525,4339,0,0,0,0,0
580,9759,581.2958942673989,99917,103,60,66,15,15636,7855,0.23510513726392906,31,17,24500,20879,5879,2809,19420,26219,39378,27122,0,0,24922,5235,7616,733,966,32,0,0,0,0,53552,2511,4350,0,0,0,0,0
581,9759,582.0722702050413,99917,103,60,66,15,15636,7856,0.23511514557082377,31,16,24401,20796,5854,2800,19544,26312,39476,27247,0,0,24751,5206,7646,724,975,32,0,0,0,0,53722,2497,4364,0,0,0,0,0
582,9759,583.3402385506222,99917,86,53,66,15,15641,7861,0.235215228639771,34,19,24403,20828,5825,2785,19585,26299,39573,27371,0,0,24580,5174,7705,717,986,32,0,0,0,0,53863,2486,4374,0,0,0,0,0
583,9759,584.2758903653347,99916,79,49,67,15,15653,7868,0.2354077425037031,31,19,24428,20897,5771,2770,19623,26249,39669,27494,0,0,24396,5158,7745,713,994,32,0,0,0,0,54021,2470,4387,0,0,0,0,0
584,9759,585.0548940454808,99916,82,44,67,15,15657,7869,0.23545778453901278,32,21,24346,20837,5750,2764,19722,26318,39764,27615,0,0,24230,5129,7781,709,998,32,0,0,0,0,54180,2453,4404,0,0,0,0,0
585,9759,586.1467927620703,99916,74,41,67,15,15669,7874,0.2356279274590656,30,24,24404,20894,5717,2752,19707,26273,39858,27735,0,0,24050,5107,7819,714,1000,32,0,0,0,0,54340,2435,4419,0,0,0,0,0
586,9759,587.7082000742488,99916,71,40,67,15,15681,7885,0.23585812082149005,29,19,24431,20953,5675,2742,19726,26230,39951,27854,0,0,23877,5086,7859,711,1007,32,0,0,0,0,54490,2420,4434,0,0,0,0,0
587,9759,588.487386797022,99916,69,41,67,15,15681,7886,0.235868129228552,29,18,24343,20869,5647,2737,19844,26319,40043,27972,0,0,23711,5062,7885,707,1011,32,0,0,0,0,54654,2404,4450,0,0,0,0,0
588,9759,589.0020187320447,99916,71,45,67,15,15686,7891,0.2359682132991713,29,13,24296,20843,5610,2726,19926,26357,40134,28089,0,0,23546,5039,7910,702,1017,32,0,0,0,0,54816,2389,4465,0,0,0,0,0
589,9759,590.2769038467782,99916,73,33,67,15,15695,7893,0.23607830577685254,34,16,24313,20862,5564,2719,19948,26354,40224,28205,0,0,23385,5016,7949,697,1025,32,0,0,0,0,54959,2372,4481,0,0,0,0,0
590,9759,591.1742577211662,99916,70,31,67,15,15701,7895,0.23615837303334802,35,16,24291,20863,5530,2706,20006,26368,40314,28320,0,0,23229,4984,7990,690,1034,32,0,0,0,0,55104,2362,4491,0,0,0,0,0
591,9759,592.1088962582244,99916,70,26,67,15,15711,7901,0.23631850754633893,38,13,24306,20903,5496,2694,20022,26348,40403,28433,0,0,23066,4963,8026,689,1038,32,0,0,0,0,55249,2345,4508,0,0,0,0,0
592,9759,593.1739675163324,99916,69,26,67,15,15725,7904,0.23648865046639178,34,11,24336,20960,5462,2675,20031,26312,40491,28545,0,0,22909,4939,8062,686,1044,32,0,0,0,0,55391,2329,4524,0,0,0,0,0
593,9759,594.7400813038921,99916,71,26,67,15,15733,7905,0.23657872612994915,34,13,24325,20944,5433,2663,20069,26338,40578,28656,0,0,22755,4912,8093,681,1049,33,0,0,0,0,55540,2317,4536,0,0,0,0,0
594,9759,595.0032449603506,99916,71,29,67,15,15738,7908,0.2366587933864446,31,14,24305,20938,5392,2648,20133,26355,40664,28766,0,0,22616,4880,8129,673,1056,35,0,0,0,0,55675,2302,4550,0,0,0,0,0
595,9759,596.2998970367306,99916,70,33,67,15,15748,7912,0.23679891108531168,29,14,24282,20938,5376,2638,20175,26361,40749,28875,0,0,22447,4867,8151,672,1057,36,0,0,0,0,55834,2292,4560,0,0,0,0,0
596,9759,597.2906030534913,99916,68,32,67,15,15754,7917,0.2369090035629929,32,16,24265,20955,5347,2625,20220,26356,40833,28983,0,0,22302,4839,8192,669,1061,36,0,0,0,0,55966,2276,4575,0,0,0,0,0
597,9759,598.6108036709362,99916,64,31,67,15,15765,7921,0.2370591296689219,30,12,24297,21016,5311,2611,20230,26314,40916,29090,0,0,22153,4812,8232,667,1067,36,0,0,0,0,56099,2264,4586,0,0,0,0,0
598,9759,599.0483859755145,99916,61,30,67,15,15769,7923,0.2371191801112935,30,14,24265,21008,5294,2594,20282,26338,40998,29196,0,0,22008,4784,8265,663,1074,36,0,0,0,0,56237,2253,4596,0,0,0,0,0
599,9759,600.0216242491678,99916,59,33,67,15,15779,7929,0.2372793146242844,30,12,24263,21037,5275,2578,20305,26324,41079,29301,0,0,21868,4752,8306,664,1077,36,0,0,0,0,56366,2238,4609,0,0,0,0,0
600,9759,601.1542574296882,99916,54,31,67,15,15783,7933,0.23735938188077985,28,10,24203,21030,5261,2565,20386,26348,41160,29405,0,0,21713,4736,8334,662,1081,36,0,0,0,0,56508,2226,4620,0,0,0,0,0
601,9759,602.2767165211919,99915,54,30,68,15,15794,7937,0.23751188510233698,25,11,24258,21095,5225,2552,20369,26296,41240,29508,0,0,21573,4714,8363,658,1089,36,0,0,0,0,56636,2209,4637,0,0,0,0,0
602,9759,603.1874035220562,99915,48,21,68,15,15799,7939,0.237581944652955,29,11,24269,21148,5200,2545,20385,26259,41319,29610,0,0,21428,4699,8395,654,1095,37,0,0,0,0,56762,2193,4652,0,0,0,0,0
603,9759,604.0971465162012,99915,47,23,68,15,15802,7941,0.23763198718911074,26,10,24210,21104,5186,2532,20462,26315,41397,29711,0,0,21285,4674,8422,650,1100,37,0,0,0,0,56902,2186,4659,0,0,0,0,0
604,9759,605.1610375505816,99915,45,22,68,15,15814,7943,0.23777210629034679,19,9,24277,21191,5153,2516,20437,26246,41474,29811,0,0,21144,4650,8459,648,1105,37,0,0,0,0,57029,2176,4667,0,0,0,0,0
605,9759,606.1426184574393,99915,45,22,68,15,15816,7944,0.23780213181204024,19,9,24240,21158,5130,2505,20497,26290,41551,29909,0,0,21015,4621,8489,647,1107,37,0,0,0,0,57156,2160,4683,0,0,0,0,0
606,9759,607.1555360048047,99915,33,20,68,15,15819,7949,0.2378821998698894,22,7,24295,21242,5094,2490,20487,26225,41627,30006,0,0,20877,4603,8523,644,1114,37,0,0,0,0,57277,2145,4695,0,0,0,0,0
607,9759,608.1989076579839,99915,30,19,68,15,15821,7950,0.23791222539158285,21,6,24294,21263,5073,2472,20513,26224,41702,30102,0,0,20746,4578,8551,646,1115,37,0,0,0,0,57404,2128,4710,0,0,0,0,0
608,9759,609.357171243798,99915,35,19,68,15,15826,7951,0.23797227643496974,22,7,24277,21258,5046,2465,20551,26235,41776,30197,0,0,20605,4559,8571,644,1117,37,0,0,0,0,57544,2121,4717,0,0,0,0,0
609,9759,610.3773933374271,99914,39,21,69,15,15836,7953,0.2380947614948856,19,6,24303,21329,5011,2443,20558,26185,41849,30291,0,0,20482,4529,8604,638,1124,37,0,0,0,0,57662,2113,4725,0,0,0,0,0
610,9759,611.6007594904887,99914,30,17,69,15,15837,7955,0.2381247873170927,23,7,24339,21386,4986,2428,20552,26146,41922,30384,0,0,20362,4501,8646,634,1128,38,0,0,0,0,57767,2100,4738,0,0,0,0,0
611,9759,612.0033157402195,99914,30,17,69,15,15837,7956,0.23813479592449507,23,6,24282,21342,4966,2420,20629,26199,41994,30477,0,0,20242,4472,8676,628,1134,38,0,0,0,0,57886,2090,4748,0,0,0,0,0
612,9759,613.1905527809397,99914,29,13,69,15,15843,7957,0.23820485617631162,19,8,24310,21399,4933,2400,20639,26164,42065,30569,0,0,20122,4444,8711,628,1136,39,0,0,0,0,57998,2075,4761,0,0,0,0,0
613,9759,614.3889076047498,99914,28,16,69,15,15846,7960,0.23826490782072582,16,5,24338,21460,4901,2385,20647,26118,42135,30660,0,0,20000,4419,8740,626,1138,39,0,0,0,0,58116,2063,4773,0,0,0,0,0
614,9759,615.0003321581153,99914,28,15,69,15,15850,7960,0.2383049422503353,13,5,24307,21444,4876,2373,20706,26147,42205,30750,0,0,19879,4397,8764,620,1145,39,0,0,0,0,58234,2051,4785,0,0,0,0,0
615,9759,616.2715380460291,99914,27,14,69,15,15853,7961,0.23834497667994475,12,5,24366,21530,4840,2346,20685,26089,42274,30839,0,0,19758,4371,8795,620,1146,39,0,0,0,0,58350,2040,4795,0,0,0,0,0
616,9759,617.1153409628517,99914,27,15,69,15,15857,7962,0.2383950197169566,9,5,24363,21529,4809,2337,20722,26098,42342,30927,0,0,19640,4347,8822,617,1148,40,0,0,0,0,58465,2029,4806,0,0,0,0,0
617,9759,618.0581425430439,99914,28,16,69,15,15860,7964,0.2384450627539684,6,3,24362,21548,4787,2326,20747,26091,42410,31014,0,0,19520,4325,8847,616,1149,40,0,0,0,0,58582,2017,4818,0,0,0,0,0
618,9759,619.039511469544,99914,23,13,69,15,15862,7964,0.23846507996877314,10,4,24407,21648,4758,2309,20732,26010,42477,31100,0,0,19396,4309,8873,614,1150,41,0,0,0,0,58696,2007,4828,0,0,0,0,0
619,9759,620.1272041027787,99914,21,13,69,15,15863,7965,0.23848509718357788,13,3,24420,21672,4731,2298,20745,25998,42543,31185,0,0,19277,4285,8901,610,1154,41,0,0,0,0,58811,2003,4832,0,0,0,0,0
620,9759,621.4125405946644,99914,19,12,69,15,15865,7966,0.23851512300578498,15,4,24472,21750,4695,2281,20729,25937,42609,31269,0,0,19162,4262,8928,610,1154,42,0,0,0,0,58921,1992,4843,0,0,0,0,0
621,9759,622.0887771301053,99914,19,10,69,15,15865,7967,0.23852513161318734,16,5,24454,21733,4671,2273,20770,25963,42674,31352,0,0,19049,4242,8951,608,1156,42,0,0,0,0,59031,1979,4856,0,0,0,0,0
622,9759,623.0612810850045,99914,19,10,69,15,15867,7968,0.23855515743539443,16,4,24475,21778,4644,2258,20776,25934,42738,31434,0,0,18937,4223,8972,605,1160,42,0,0,0,0,59141,1967,4867,0,0,0,0,0
623,9759,624.6164154045684,99914,17,10,69,15,15871,7969,0.23860520047240627,16,3,24513,21849,4613,2241,20771,25881,42802,31515,0,0,18828,4201,9000,602,1162,43,0,0,0,0,59244,1956,4878,0,0,0,0,0
624,9759,625.0119931412163,99914,19,9,69,15,15873,7970,0.23863522629461337,14,3,24477,21814,4595,2237,20825,25921,42865,31596,0,0,18721,4180,9023,598,1166,43,0,0,0,0,59349,1944,4890,0,0,0,0,0
625,9759,626.2678071344405,99914,20,9,69,15,15876,7971,0.23867526072422282,13,3,24516,21870,4561,2229,20820,25873,42927,31676,0,0,18616,4156,9050,595,1169,43,0,0,0,0,59451,1934,4900,0,0,0,0,0
626,9759,627.231211838576,99914,22,7,69,15,15878,7971,0.23869527793902756,14,3,24530,21905,4543,2217,20821,25852,42989,31755,0,0,18504,4136,9070,596,1169,43,0,0,0,0,59562,1924,4910,0,0,0,0,0
627,9759,628.3100508620524,99914,26,6,69,15,15884,7972,0.23876533819084414,8,3,24593,21992,4509,2210,20794,25773,43050,31833,0,0,18402,4117,9093,588,1177,43,0,0,0,0,59660,1914,4920,0,0,0,0,0
628,9759,629.0923096739032,99914,24,5,69,15,15885,7972,0.2387753467982465,9,3,24582,22008,4494,2202,20821,25766,43110,31910,0,0,18288,4103,9111,587,1178,43,0,0,0,0,59770,1906,4928,0,0,0,0,0
629,9759,630.143478472854,99914,28,6,69,15,15894,7973,0.23887543287227014,26,28,24598,22028,4474,2188,20804,25734,43170,31986,0,0,18184,4080,9134,585,1182,43,1,0,0,0,59871,1898,4936,0,0,0,0,0
630,9759,631.2224934194963,99914,30,11,69,15,15900,7979,0.23899553616109853,27,22,24604,22063,4461,2178,20808,25710,43229,32062,0,0,18072,4066,9148,584,1185,43,1,0,0,2,59981,1889,4943,0,0,0,0,0
631,9759,632.3026763885342,99914,32,11,69,15,15906,7982,0.23908561362771985,25,24,24621,22084,4433,2170,20819,25695,43288,32137,0,0,17973,4045,9168,580,1190,43,1,0,0,8,60074,1879,4953,0,0,0,0,0
632,9759,633.3695751295406,99914,28,18,69,15,15908,7991,0.23919570830914585,29,17,24635,22108,4407,2163,20831,25678,43346,32211,0,0,17876,4026,9186,575,1196,43,2,0,0,14,60164,1867,4965,0,0,0,0,0
633,9759,634.280856377721,99914,27,18,69,15,15911,7993,0.2392457513461577,30,21,24643,22138,4389,2152,20841,25655,43403,32284,0,0,17773,4012,9199,572,1202,43,3,0,0,16,60264,1856,4974,0,0,0,0,0
634,9759,635.0744716754824,99914,31,18,69,15,15918,7997,0.23935584602758372,31,18,24650,22145,4357,2147,20861,25656,43460,32356,0,0,17682,3983,9228,571,1202,44,6,0,0,20,60348,1846,4984,0,0,0,0,0
635,9759,636.0766839478025,99914,39,20,69,15,15929,8000,0.23949596653121685,32,18,24656,22194,4335,2132,20868,25620,43516,32428,0,0,17580,3966,9245,568,1204,45,7,0,0,22,60447,1839,4991,0,0,0,0,0
636,9759,637.2708169229431,99914,39,23,69,15,15938,8005,0.23963608703484998,32,18,24677,22244,4318,2121,20864,25578,43572,32499,0,0,17482,3942,9268,567,1208,45,11,0,0,26,60537,1831,4997,0,0,0,0,0
637,9759,638.065741016535,99914,42,25,69,15,15946,8008,0.23974618171627599,35,18,24671,22264,4297,2112,20885,25565,43627,32569,0,0,17384,3924,9284,569,1209,45,12,0,0,28,60632,1819,5008,0,0,0,0,0
638,9759,639.2527490946463,99914,44,25,69,15,15959,8015,0.2399463538643233,33,19,24706,22323,4283,2099,20864,25518,43682,32638,0,0,17285,3901,9304,567,1214,45,17,0,0,38,60716,1814,5013,0,0,0,0,0
639,9759,640.3438301166127,99914,44,26,69,15,15968,8021,0.24009648297535882,41,22,24742,22401,4253,2081,20850,25454,43736,32706,0,0,17202,3872,9330,563,1221,45,18,0,0,47,60789,1806,5021,0,0,0,0,0
640,9759,641.1129802926183,99914,45,30,69,15,15974,8026,0.24020657765678483,44,22,24742,22407,4236,2076,20863,25449,43789,32774,0,0,17109,3849,9352,563,1222,45,20,0,0,50,60877,1799,5028,0,0,0,0,0
641,9759,642.2663028090064,99914,51,27,69,15,15988,8031,0.2403967411974298,46,25,24762,22471,4221,2067,20850,25394,43842,32841,0,0,17010,3829,9370,563,1225,45,26,0,0,57,60963,1792,5034,0,0,0,0,0
642,9759,643.0346262939593,99914,50,33,69,15,15994,8037,0.24051684448625818,54,22,24756,22489,4200,2056,20870,25384,43894,32907,0,0,16923,3807,9392,560,1228,45,27,0,0,62,61044,1784,5042,0,0,0,0,0
643,9759,644.1869255771524,99914,53,38,69,15,16007,8043,0.24070700802690315,57,31,24806,22545,4178,2042,20836,25328,43946,32973,0,0,16825,3795,9403,556,1234,45,33,0,0,65,61133,1774,5051,0,0,0,0,0
644,9759,645.3371499970044,99914,63,42,69,15,16022,8051,0.24093720599715757,60,32,24822,22620,4160,2027,20825,25263,43997,33038,0,0,16732,3780,9416,550,1242,45,33,0,0,71,61220,1771,5054,0,0,0,0,0
645,9759,646.1032267141911,99914,72,42,69,15,16041,8057,0.2411874211822167,51,34,24818,22648,4150,2025,20839,25235,44048,33102,0,0,16651,3760,9435,548,1247,45,33,0,0,84,61288,1759,5064,0,0,0,0,0
646,9759,647.2523032677742,99914,73,49,69,15,16051,8069,0.24140761054506876,59,33,24837,22699,4139,2019,20822,25184,44098,33165,0,0,16559,3750,9442,549,1249,45,37,0,0,91,61369,1743,5080,0,0,0,0,0
647,9759,648.0177867034721,99914,81,48,69,15,16064,8070,0.2415477310487019,64,37,24831,22727,4121,2012,20833,25160,44148,33228,0,0,16477,3728,9462,548,1253,45,38,0,0,94,61447,1734,5088,0,0,0,0,0
648,9759,649.1658671211101,99914,76,53,69,15,16078,8082,0.2418079548411634,72,39,24874,22764,4112,2011,20796,25117,44197,33290,0,0,16382,3716,9472,548,1256,46,46,0,0,108,61520,1723,5097,0,0,0,0,0
649,9759,650.3121097292636,99914,75,52,69,15,16093,8092,0.24205817002622254,78,47,24899,22826,4101,2009,20777,25050,44246,33351,0,0,16299,3693,9487,544,1271,46,49,0,0,121,61587,1720,5097,0,0,0,0,0
650,9759,651.0756159168413,99914,77,61,69,15,16105,8104,0.24229837660387935,84,40,24902,22849,4088,2000,20779,25034,44294,33412,0,0,16207,3676,9504,543,1274,46,53,0,0,128,61668,1717,5098,0,0,0,0,0
651,9759,652.2203325048591,99914,93,60,69,15,16135,8115,0.24270872950737635,76,44,24948,22899,4073,2001,20740,24980,44342,33472,0,0,16124,3650,9528,543,1278,47,57,0,0,144,61731,1714,5098,0,0,0,0,0
652,9759,653.3629238883516,99914,103,62,69,15,16156,8129,0.24305903076645916,86,47,24971,22955,4058,1993,20712,24927,44389,33531,0,0,16038,3634,9543,542,1281,48,61,0,0,160,61797,1708,5102,0,0,0,0,0
653,9759,654.1237792024251,99914,106,61,69,15,16170,8140,0.24330924595151832,95,49,24981,22980,4046,1997,20702,24897,44436,33590,0,0,15950,3620,9555,541,1283,49,68,0,0,174,61864,1699,5111,0,0,0,0,0
654,9759,655.2643249155608,99913,116,71,69,16,16196,8160,0.24377208171108863,96,39,25016,23061,4035,1994,20667,24818,44482,33648,0,0,15868,3601,9569,545,1287,49,72,0,0,187,61928,1688,5119,0,0,0,0,0
655,9759,656.0237656194514,99913,119,76,69,16,16211,8167,0.24399227327775164,107,46,25020,23072,4028,1989,20656,24800,44528,33705,0,0,15784,3588,9582,543,1291,49,77,0,0,194,62000,1679,5126,0,0,0,0,0
656,9759,657.1619347358225,99913,127,71,69,16,16237,8179,0.2443726041656241,115,45,25054,23106,4024,1999,20610,24762,44574,33762,0,0,15696,3571,9594,547,1294,49,82,0,0,217,62060,1672,5131,0,0,0,0,0
657,9759,658.2985502851501,99913,147,75,69,16,16278,8194,0.24493309178985717,110,48,25071,23162,4021,1997,20581,24701,44619,33818,0,0,15614,3554,9608,550,1297,50,91,0,0,232,62118,1658,5141,0,0,0,0,0
658,9759,659.0557891991125,99913,146,76,69,16,16294,8201,0.24516329206409576,111,54,25066,23181,4019,1992,20588,24680,44664,33874,0,0,15536,3534,9625,549,1301,50,94,0,0,249,62176,1653,5146,0,0,0,0,0
659,9759,660.1916632427817,99912,156,77,70,16,16326,8212,0.2455961245896389,108,53,25088,23222,4000,1995,20577,24636,44708,33929,0,0,15461,3511,9643,546,1312,50,103,0,0,263,62227,1646,5150,0,0,0,0,0
660,9759,661.3263564648516,99912,157,75,70,16,16357,8220,0.2459864680919209,113,61,25106,23276,4000,1989,20553,24582,44752,33983,0,0,15374,3496,9652,547,1321,50,113,0,0,283,62284,1639,5153,0,0,0,0,0
661,9759,662.082205901389,99912,164,81,70,16,16382,8231,0.24634678517095043,114,65,25104,23298,3999,1983,20548,24556,44795,34037,0,0,15289,3486,9659,548,1326,50,119,0,0,294,62352,1630,5159,0,0,0,0,0
662,9759,663.2159033803305,99912,173,87,70,16,16412,8248,0.246817199135239,112,69,25155,23365,3990,1977,20499,24485,44838,34090,0,0,15219,3464,9676,547,1332,50,123,0,0,317,62395,1623,5166,0,0,0,0,0
663,9759,664.3475722476943,99912,161,85,70,16,16439,8264,0.2472475778685243,126,74,25171,23408,4002,1989,20469,24427,44881,34143,0,0,15145,3443,9690,550,1341,51,130,0,0,354,62425,1613,5170,0,0,0,0,0
664,9759,665.1014160712892,99912,163,89,70,16,16465,8280,0.24766794779405876,126,72,25174,23426,4006,1992,20460,24404,44923,34195,0,0,15071,3428,9702,552,1343,52,135,0,0,380,62468,1602,5179,0,0,0,0,0
665,9759,666.2315634569162,99912,176,88,70,16,16504,8296,0.24821843222035392,149,70,25201,23468,4003,2004,20400,24353,44965,34246,0,0,14992,3409,9715,556,1348,53,141,0,0,405,62515,1597,5181,0,0,0,0,0
666,9759,667.3602378026691,99912,191,91,70,16,16546,8315,0.24882896949315397,161,72,25226,23523,4001,2009,20350,24288,45006,34297,0,0,14905,3398,9722,555,1355,53,153,0,0,430,62565,1592,5184,0,0,0,0,0
667,9759,668.1118770933758,99912,193,85,70,16,16568,8323,0.2491292337256786,172,75,25224,23551,3995,2013,20345,24259,45047,34347,0,0,14834,3382,9736,554,1360,53,156,0,0,457,62606,1586,5188,0,0,0,0,0
668,9759,669.2388851965421,99912,204,101,70,16,16618,8357,0.24996997357674755,168,70,25244,23589,4008,2022,20305,24201,45088,34397,0,0,14754,3366,9748,554,1367,53,166,0,0,497,62636,1581,5190,0,0,0,0,0
669,9759,670.3649469175449,99912,235,110,70,16,16673,8379,0.25074065177356075,179,71,25256,23626,4008,2030,20251,24146,45128,34446,0,0,14678,3349,9760,555,1371,53,172,0,0,523,62680,1578,5193,0,0,0,0,0
670,9759,671.1150011467064,99912,250,109,70,16,16713,8396,0.2513111538153575,187,77,25244,23647,4007,2040,20241,24110,45168,34495,0,0,14604,3335,9767,557,1377,55,179,0,0,547,62723,1568,5200,0,0,0,0,0
671,9759,672.2402279156032,99912,262,104,70,16,16765,8416,0.25203178797341663,200,81,25266,23699,4019,2051,20182,24048,45207,34543,0,0,14523,3323,9773,555,1386,57,194,0,0,586,62750,1561,5204,0,0,0,0,0
672,9759,673.3641890418465,99912,268,106,70,16,16831,8442,0.25295259828649214,203,84,25288,23743,4047,2064,20123,23986,45246,34591,0,0,14445,3304,9785,557,1399,58,207,0,0,637,62762,1555,5203,0,0,0,0,0
673,9759,674.1129345486218,99912,278,106,70,16,16873,8449,0.2534430298662823,197,91,25290,23773,4061,2064,20103,23949,45285,34638,0,0,14368,3295,9788,558,1404,58,215,0,0,662,62806,1546,5212,0,0,0,0,0
674,9759,675.2354588945927,99911,282,110,71,16,16925,8471,0.25418622574090943,208,99,25308,23817,4085,2069,20045,23888,45323,34685,0,0,14281,3281,9796,562,1410,58,235,0,0,697,62838,1538,5215,0,0,0,0,0
675,9759,676.3569105684752,99911,304,127,71,16,16982,8508,0.2551270630861467,219,96,25309,23865,4098,2075,19998,23820,45361,34731,0,0,14207,3267,9804,566,1418,58,242,0,0,733,62869,1531,5216,0,0,0,0,0
676,9759,677.1041871572305,99911,316,140,71,16,17021,8533,0.25576763319354223,235,90,25292,23872,4103,2079,19982,23802,45399,34777,0,0,14144,3248,9818,569,1423,59,244,0,0,760,62903,1524,5219,0,0,0,0,0
677,9759,678.2252326559554,99910,323,145,72,16,17086,8563,0.2567210489440496,250,90,25317,23917,4127,2095,19910,23736,45436,34822,0,0,14070,3235,9821,568,1435,59,258,0,0,816,62906,1516,5226,0,0,0,0,0
678,9759,679.3450829240104,99910,340,147,72,16,17157,8582,0.2576218596737063,266,110,25306,23953,4161,2106,19854,23667,45473,34867,0,0,13991,3224,9821,568,1448,61,274,0,0,853,62931,1508,5231,0,0,0,0,0
679,9759,680.0915515890567,99910,355,142,72,16,17199,8594,0.25816234611150035,272,121,25303,23976,4156,2112,19841,23632,45509,34911,0,0,13929,3204,9838,568,1453,62,280,0,0,883,62956,1504,5233,0,0,0,0,0
680,9759,681.2112773900382,99909,387,141,72,17,17279,8624,0.2592659319981183,282,126,25308,24027,4170,2124,19780,23564,45545,34955,0,0,13867,3191,9842,568,1467,64,283,0,0,939,62957,1496,5235,0,0,0,0,0
681,9759,682.3299652906435,99909,413,162,72,17,17350,8670,0.26043699766787776,310,127,25292,24067,4190,2136,19722,23490,45581,34998,0,0,13780,3181,9846,570,1475,64,302,0,0,980,62984,1493,5234,0,0,0,0,0
682,9759,683.075674867443,99906,431,176,74,18,17416,8696,0.2613656837427182,299,119,25293,24086,4218,2139,19684,23461,45616,35041,0,0,13700,3163,9854,577,1481,64,319,0,0,1007,63018,1487,5236,0,0,0,0,0
683,9759,684.1942352650922,99905,434,185,75,18,17495,8725,0.2624493268605175,314,136,25290,24131,4267,2143,19619,23386,45651,35083,0,0,13626,3148,9855,583,1496,65,335,0,0,1063,63019,1477,5238,0,0,0,0,0
684,9759,685.3124560433871,99905,441,185,75,18,17570,8761,0.2635603823632451,354,139,25263,24168,4301,2168,19565,23321,45686,35125,0,0,13554,3138,9849,590,1519,66,349,0,0,1119,63020,1460,5241,0,0,0,0,0
685,9759,686.0582065817508,99905,466,198,75,18,17631,8793,0.2644912667033682,385,128,25233,24197,4307,2176,19533,23282,45720,35166,0,0,13494,3122,9856,594,1529,68,353,0,0,1149,63043,1453,5244,0,0,0,0,0
686,9759,687.1772972769656,99905,487,203,75,18,17724,8819,0.26568239827836443,379,144,25253,24234,4346,2188,19459,23212,45754,35207,0,0,13422,3109,9858,596,1545,68,367,0,0,1210,63040,1447,5243,0,0,0,0,0
687,9759,688.2955547423913,99905,523,209,75,18,17833,8854,0.26712376757920026,392,158,25238,24297,4383,2204,19388,23113,45788,35248,0,0,13344,3094,9865,602,1559,68,393,0,0,1264,63036,1433,5247,0,0,0,0,0
688,9759,689.041010594785,99905,543,223,75,18,17912,8892,0.26829488013612934,392,159,25208,24303,4424,2218,19357,23078,45821,35288,0,0,13280,3081,9866,603,1576,68,403,0,0,1317,63036,1425,5250,0,0,0,0,0
689,9759,690.1598629826826,99905,560,229,75,18,18024,8930,0.2697963064911666,381,170,25195,24344,4498,2239,19290,22999,45854,35328,0,0,13196,3063,9867,610,1594,69,432,0,0,1388,63020,1418,5248,0,0,0,0,0
690,9759,691.279281171156,99905,577,242,75,18,18135,8980,0.2714078374455733,410,182,25166,24365,4557,2261,19214,22931,45887,35367,0,0,13126,3047,9869,615,1607,71,448,0,0,1479,62983,1409,5251,0,0,0,0,0
691,9759,692.0257835117615,99905,586,254,75,18,18209,9015,0.2724988739302337,416,194,25150,24367,4600,2273,19172,22893,45920,35406,0,0,13057,3030,9875,618,1620,71,462,0,0,1537,62980,1406,5249,0,0,0,0,0
692,9759,693.1459856026413,99905,626,274,75,18,18332,9072,0.27430058555627845,451,205,25118,24404,4644,2287,19085,22811,45952,35444,0,0,12987,3018,9869,623,1646,71,478,0,0,1607,62961,1397,5248,0,0,0,0,0
693,9759,694.2664094288384,99905,638,291,75,18,18449,9140,0.2761523447274911,485,224,25083,24415,4716,2323,19002,22728,45984,35482,0,0,12912,3006,9866,626,1669,71,501,0,0,1712,62908,1386,5248,0,0,0,0,0
694,9759,695.0136767466728,99905,649,299,75,18,18529,9184,0.27739352384765525,517,233,25048,24432,4756,2352,18954,22665,46016,35520,0,0,12844,2992,9867,631,1685,72,515,0,0,1777,62895,1378,5249,0,0,0,0,0
695,9759,696.1356934452959,99904,699,325,76,18,18683,9255,0.2796484625240231,510,215,25033,24463,4827,2381,18854,22597,46047,35557,0,0,12774,2975,9868,640,1699,76,530,0,0,1874,62849,1372,5247,0,0,0,0,0
696,9759,697.2577466375958,99904,755,331,76,18,18842,9319,0.28188060538116594,524,230,25028,24472,4886,2423,18730,22525,46078,35594,0,0,12692,2958,9870,645,1725,77,562,0,0,1969,62804,1365,5237,0,0,0,0,0
697,9759,698.0053575070756,99904,769,344,76,18,18938,9375,0.283402065983344,534,229,25014,24481,4936,2454,18670,22473,46109,35630,0,0,12627,2941,9871,649,1744,79,583,0,0,2046,62771,1355,5238,0,0,0,0,0
698,9759,699.1274827490969,99902,795,360,78,18,19088,9449,0.28564993693819946,596,254,24940,24498,5018,2503,18572,22366,46140,35666,0,0,12551,2922,9873,653,1762,82,609,0,0,2169,62694,1351,5236,0,0,0,0,0
699,9759,700.25087056724,99901,839,375,79,18,19256,9526,0.2881052241719302,626,283,24887,24511,5098,2555,18470,22257,46170,35702,0,0,12478,2904,9863,664,1799,84,633,0,0,2274,62634,1341,5227,0,0,0,0,0
700,9759,701.0003215053454,99901,851,397,79,18,19365,9581,0.2897468493808871,657,283,24842,24504,5162,2575,18408,22222,46200,35737,0,0,12407,2897,9859,664,1819,85,650,0,0,2363,62597,1337,5223,0,0,0,0,0
701,9759,702.1260376281332,99898,898,403,80,20,19540,9658,0.2922781236861599,676,295,24808,24524,5248,2632,18289,22125,46230,35772,0,0,12322,2884,9857,674,1833,86,684,0,0,2497,62510,1325,5226,0,0,0,0,0
702,9759,703.2527722050041,99898,956,419,80,20,19754,9735,0.29519109491681517,687,313,24726,24534,5370,2681,18180,22032,46259,35807,0,0,12240,2860,9854,686,1862,90,721,0,0,2626,62424,1318,5217,0,0,0,0,0
703,9759,704.0051005322217,99896,1014,432,81,21,19902,9799,0.2973192119804597,689,352,24665,24533,5426,2714,18124,21947,46288,35841,0,0,12170,2845,9855,696,1881,91,739,0,0,2715,62385,1311,5208,0,0,0,0,0
704,9759,705.1358127052176,99896,1047,465,81,21,20105,9902,0.30038239769360137,699,369,24596,24541,5543,2759,18033,21844,46317,35875,0,0,12089,2825,9843,712,1919,92,774,0,0,2861,62282,1298,5201,0,0,0,0,0
705,9759,706.2684076164438,99896,1060,480,81,21,20284,10002,0.303175302314407,769,385,24520,24556,5655,2824,17914,21733,46346,35908,0,0,12008,2801,9835,727,1953,96,810,0,0,3012,62169,1290,5195,0,0,0,0,0
706,9759,707.0247782835702,99896,1109,505,81,21,20445,10080,0.3055677905021222,774,392,24440,24545,5736,2863,17859,21673,46374,35941,0,0,11934,2785,9830,737,1983,97,835,0,0,3106,62120,1284,5185,0,0,0,0,0
707,9759,708.1623335506955,99895,1165,563,82,21,20663,10204,0.30899444416637467,828,389,24366,24561,5843,2905,17715,21560,46402,35974,0,0,11839,2771,9818,738,2023,97,882,0,0,3238,62031,1281,5177,0,0,0,0,0
708,9759,709.3018160690692,99895,1232,585,82,21,20912,10333,0.3127784173382051,848,409,24283,24548,5976,2994,17578,21442,46430,36006,0,0,11751,2747,9807,757,2064,99,924,0,0,3410,61895,1271,5170,0,0,0,0,0
709,9759,710.0627512777837,99894,1290,606,83,21,21088,10415,0.3153642861433119,868,420,24201,24537,6062,3039,17495,21376,46458,36038,0,0,11675,2738,9792,764,2095,101,953,0,0,3515,61834,1259,5168,0,0,0,0,0
710,9759,711.2069604704424,99894,1353,628,83,21,21357,10539,0.3192984563637456,908,471,24091,24498,6218,3118,17346,21263,46485,36070,0,0,11592,2712,9776,781,2145,102,996,0,0,3704,61681,1246,5159,0,0,0,0,0
711,9759,712.3545650735252,99894,1404,665,83,21,21628,10680,0.32342282819788976,950,464,23973,24489,6377,3199,17212,21161,46512,36101,0,0,11490,2698,9751,792,2189,110,1052,0,0,3893,61531,1236,5152,0,0,0,0,0
712,9759,713.1219210638654,99892,1443,689,84,22,21810,10780,0.32625235254074403,967,480,23876,24466,6475,3256,17154,21086,46539,36132,0,0,11418,2684,9736,797,2232,111,1080,0,0,4026,61436,1229,5143,0,0,0,0,0
713,9759,714.2772059225834,99891,1478,724,85,22,22090,10924,0.3305002452673414,1005,524,23768,24432,6651,3338,17012,20959,46566,36163,0,0,11307,2662,9715,819,2289,113,1140,0,0,4220,61280,1217,5129,0,0,0,0,0
714,9759,715.0493441348932,99891,1527,740,85,22,22309,11033,0.33378382436856174,1034,524,23670,24416,6774,3413,16909,20884,46592,36193,0,0,11226,2650,9694,826,2337,117,1182,0,0,4374,61162,1204,5119,0,0,0,0,0
715,9759,716.2119703665543,99890,1580,792,86,22,22639,11188,0.3386425067574332,1069,556,23559,24375,6972,3495,16733,20759,46618,36223,0,0,11115,2627,9670,842,2400,119,1241,0,0,4591,60985,1197,5103,0,0,0,0,0
716,9759,717.3784432543284,99888,1610,823,88,22,22936,11348,0.3432244113407016,1162,546,23416,24334,7153,3605,16570,20669,46644,36253,0,0,11002,2606,9655,858,2440,124,1306,0,0,4845,60771,1192,5089,0,0,0,0,0
717,9759,718.1589751477403,99887,1647,843,89,22,23142,11457,0.3463814109944237,1193,564,23316,24311,7272,3673,16482,20586,46670,36282,0,0,10917,2596,9635,862,2486,128,1345,0,0,4994,60659,1185,5080,0,0,0,0,0
718,9759,719.3343316083124,99886,1746,856,90,22,23531,11625,0.35196123580882205,1199,598,23170,24285,7478,3805,16316,20433,46695,36311,0,0,10806,2572,9605,885,2555,139,1412,0,0,5240,60441,1175,5056,0,0,0,0,0
719,9759,720.1211062372406,99884,1766,881,91,23,23765,11749,0.3555524408313644,1249,599,23070,24245,7622,3888,16201,20363,46720,36340,0,0,10726,2551,9592,898,2599,141,1452,0,0,5440,60270,1167,5048,0,0,0,0,0
720,9759,721.3059359462429,99883,1878,924,92,23,24177,11940,0.36159306388474516,1264,616,22917,24236,7829,4006,16019,20194,46745,36369,0,0,10623,2532,9560,921,2682,146,1507,0,0,5687,60048,1151,5026,0,0,0,0,0
721,9759,722.0987491806816,99883,1892,947,92,23,24408,12059,0.36509716368150735,1315,638,22795,24189,7984,4087,15921,20115,46770,36397,0,0,10543,2508,9538,935,2748,149,1543,0,0,5857,59905,1148,5009,0,0,0,0,0
722,9759,723.2944019298058,99882,1982,971,93,23,24828,12256,0.3712781081676378,1342,683,22615,24136,8217,4231,15750,19955,46795,36425,0,0,10424,2484,9499,958,2845,156,1614,0,0,6120,59660,1140,4982,0,0,0,0,0
723,9759,724.0955214080295,99881,2043,1002,94,23,25115,12409,0.37568706761045645,1377,695,22477,24090,8377,4333,15631,19856,46819,36453,0,0,10340,2462,9479,980,2899,161,1649,0,0,6323,59487,1132,4969,0,0,0,0,0
724,9759,725.3037010864217,99880,2083,1098,95,23,25523,12656,0.38224869843812576,1430,717,22327,24032,8641,4450,15423,19679,46843,36480,0,0,10218,2447,9435,999,2990,170,1730,0,0,6602,59220,1116,4953,0,0,0,0,0
725,9759,726.1127385049298,99880,2164,1116,95,23,25836,12789,0.3867140568682419,1448,763,22197,23978,8806,4544,15289,19575,46867,36507,0,0,10129,2435,9410,1005,3054,171,1778,0,0,6811,59037,1109,4941,0,0,0,0,0
726,9759,727.3322135650661,99879,2218,1175,96,23,26294,13041,0.3938265301014227,1531,751,21999,23920,9084,4710,15071,19420,46891,36534,0,0,10013,2407,9370,1035,3178,178,1846,0,0,7124,58730,1099,4899,0,0,0,0,0
727,9759,728.1498633710041,99877,2290,1195,97,24,26596,13202,0.3984701182454419,1586,759,21860,23884,9218,4806,14948,19331,46915,36561,0,0,9920,2391,9351,1049,3240,184,1892,0,0,7337,58544,1094,4875,0,0,0,0,0
728,9759,729.383656668577,99877,2400,1211,97,24,27106,13433,0.4058892437698369,1636,815,21659,23826,9480,4970,14727,19153,46938,36587,0,0,9807,2362,9314,1078,3338,196,1967,0,0,7697,58200,1077,4841,0,0,0,0,0
729,9759,730.2109024635288,99875,2435,1237,99,24,27440,13607,0.4109837296620776,1688,819,21505,23776,9686,5090,14586,19053,46961,36613,0,0,9707,2337,9280,1100,3413,205,2020,0,0,7951,57973,1072,4817,0,0,0,0,0
730,9759,731.0428069602438,99874,2504,1277,100,24,27803,13793,0.41648477081122215,1693,851,21349,23702,9884,5204,14469,18941,46984,36639,0,0,9607,2317,9263,1118,3493,212,2080,0,0,8182,57752,1058,4792,0,0,0,0,0
731,9759,732.2996253618759,99871,2620,1306,102,25,28375,14081,0.4251083898228715,1707,873,21125,23620,10202,5409,14243,18766,47007,36664,0,0,9468,2289,9218,1147,3614,231,2178,0,0,8561,57371,1043,4751,0,0,0,0,0
732,9759,733.1436618167895,99870,2688,1343,102,26,28747,14281,0.43084009211975566,1730,888,20963,23565,10415,5538,14101,18639,47030,36689,0,0,9372,2263,9188,1183,3695,239,2228,0,0,8805,57137,1027,4733,0,0,0,0,0
733,9759,734.4192804789881,99870,2720,1391,102,26,29296,14588,0.4394112346049865,1777,903,20735,23472,10768,5747,13897,18460,47052,36714,0,0,9215,2238,9119,1228,3810,262,2333,0,0,9224,56728,1008,4705,0,0,0,0,0
734,9759,735.2764389450692,99866,2767,1436,106,26,29676,14790,0.4452566439028298,1792,934,20563,23417,10998,5868,13773,18318,47074,36739,0,0,9122,2219,9080,1249,3917,266,2387,0,0,9478,56476,992,4680,0,0,0,0,0
735,9759,736.1397882227579,99862,2793,1447,108,28,30062,15008,0.4513228254991889,1826,930,20400,23355,11231,6027,13641,18212,47096,36763,0,0,9024,2197,9029,1271,4029,275,2445,0,0,9792,56166,980,4654,0,0,0,0,0
736,9759,737.0092957476704,99862,2872,1451,108,28,30466,15216,0.4574512827702229,1838,962,20255,23299,11449,6187,13477,18072,47118,36787,0,0,8921,2170,8991,1298,4120,285,2505,0,0,10078,55884,972,4638,0,0,0,0,0
737,9759,738.3235098165188,99857,3009,1472,110,31,31112,15536,0.4671480216709895,1841,986,20031,23191,11783,6426,13225,17893,47140,36811,0,0,8785,2139,8916,1332,4279,303,2592,0,0,10489,55456,959,4607,0,0,0,0,0
738,9759,739.2057059419117,99855,3085,1513,112,31,31539,15747,0.4735466426318161,1858,1036,19846,23096,12004,6558,13094,17765,47161,36835,0,0,8681,2108,8870,1364,4376,313,2656,0,0,10754,55194,949,4590,0,0,0,0,0
739,9759,740.0948818243977,99854,3090,1555,113,31,31939,15988,0.4799707573056663,1909,1049,19674,22996,12261,6711,12952,17657,47182,36858,0,0,8581,2087,8826,1392,4488,333,2712,0,0,11048,54887,935,4565,0,0,0,0,0
740,9759,741.4411714855335,99851,3135,1603,114,33,32594,16337,0.49004015983815885,1925,1076,19416,22901,12705,6942,12704,17444,47203,36881,0,0,8426,2059,8749,1442,4659,360,2811,0,0,11498,54417,915,4515,0,0,0,0,0
741,9759,742.3475577977092,99849,3166,1674,116,33,33045,16592,0.49712065218479906,1966,1057,19229,22823,12970,7089,12552,17323,47224,36904,0,0,8310,2039,8708,1465,4765,374,2878,0,0,11815,54102,903,4490,0,0,0,0,0
742,9759,743.2616815261878,99849,3218,1721,116,33,33510,16861,0.5044717523460426,1988,1039,19071,22751,13215,7256,12391,17199,47245,36927,0,0,8217,2018,8660,1499,4878,391,2917,0,0,12164,53754,889,4462,0,0,0,0,0
743,9759,744.1826342385883,99846,3282,1737,118,34,33968,17098,0.5114476293491977,1971,1050,18916,22672,13464,7414,12248,17092,47265,36950,0,0,8107,1994,8607,1524,5002,405,2981,0,0,12472,53434,884,4436,0,0,0,0,0
744,9759,745.1104836323299,99845,3296,1758,119,34,34441,17357,0.5187841153788372,1997,1062,18728,22582,13756,7605,12103,16958,47285,36972,0,0,7993,1968,8558,1554,5125,427,3051,0,0,12832,53055,875,4407,0,0,0,0,0
745,9759,746.0461636264794,99840,3322,1776,121,37,34925,17619,0.5262820512820513,2041,1073,18545,22497,14037,7799,11933,16817,47305,36994,0,0,7882,1941,8507,1588,5247,443,3118,0,0,13203,52665,859,4387,0,0,0,0,0
746,9759,747.4656729940662,99835,3337,1810,125,38,35632,17990,0.5371062252716983,2098,1116,18289,22337,14462,8043,11688,16655,47325,37016,0,0,7746,1902,8419,1648,5454,474,3194,0,0,13702,52117,843,4336,0,0,0,0,0
747,9759,748.4213830872606,99835,3355,1842,125,38,36105,18246,0.544408273651525,2111,1106,18128,22271,14745,8200,11535,16542,47345,37038,0,0,7640,1882,8377,1673,5584,501,3254,0,0,14026,51765,831,4302,0,0,0,0,0
748,9759,749.3854854553867,99832,3407,1866,125,41,36627,18521,0.5524080455164677,2117,1098,17935,22188,15040,8391,11375,16415,47365,37059,0,0,7530,1868,8322,1696,5722,527,3316,0,0,14382,51380,817,4272,0,0,0,0,0
749,9759,750.3582535961302,99830,3458,1863,127,41,37155,18792,0.5604227186216568,2079,1122,17761,22102,15349,8596,11225,16275,47384,37080,0,0,7425,1840,8277,1723,5853,559,3377,0,0,14759,50969,809,4239,0,0,0,0,0
750,9759,751.340844103188,99830,3473,1910,127,41,37675,19113,0.5688470399679455,2128,1096,17564,22025,15647,8797,11060,16130,47403,37101,0,0,7316,1823,8222,1753,6021,587,3435,0,0,15109,50560,800,4204,0,0,0,0,0
751,9759,752.3327861140242,99829,3494,1911,127,42,38202,19398,0.5769866471666549,2147,1125,17378,21940,15966,8999,10887,15982,47422,37122,0,0,7198,1796,8164,1787,6184,616,3501,0,0,15472,50155,794,4162,0,0,0,0,0
752,9759,753.334673063822,99828,3547,1907,128,42,38739,19693,0.5853267620306928,2168,1135,17186,21831,16241,9230,10729,15854,47441,37143,0,0,7090,1761,8117,1818,6307,653,3571,0,0,15868,49725,784,4134,0,0,0,0,0
753,9759,754.3468603784132,99827,3534,1913,129,42,39259,19961,0.5932262814669378,2209,1210,16992,21708,16558,9425,10577,15701,47460,37163,0,0,6988,1732,8053,1862,6473,680,3619,0,0,16245,49308,772,4095,0,0,0,0,0
754,9759,755.3700603844164,99827,3585,1958,129,42,39851,20294,0.6024923116992397,2162,1181,16823,21622,16892,9633,10408,15563,47479,37183,0,0,6874,1705,7981,1893,6640,714,3690,0,0,16631,48876,756,4067,0,0,0,0,0
755,9759,756.4012913724545,99823,3596,1967,131,44,40406,20592,0.6110615789948208,2173,1182,16647,21557,17201,9838,10251,15411,47498,37203,0,0,6758,1680,7912,1929,6840,743,3749,0,0,16975,48470,749,4018,0,0,0,0,0
756,9759,757.4189756907303,99821,3592,1937,132,45,40938,20870,0.619188347141383,2200,1232,16466,21487,17512,10055,10097,15243,47516,37223,0,0,6658,1661,7859,1960,7003,782,3793,0,0,17367,48020,736,3982,0,0,0,0,0
757,9759,758.4176636177143,99816,3631,1962,136,46,41481,21157,0.6275346637813577,2198,1257,16268,21403,17806,10230,9960,15101,47534,37243,0,0,6566,1637,7801,1990,7166,816,3831,0,0,17703,47628,728,3950,0,0,0,0,0
758,9759,759.3994566840228,99813,3647,1990,137,48,42011,21450,0.6357989440253273,2240,1273,16102,21296,18086,10417,9787,14975,47552,37262,0,0,6458,1614,7746,2029,7311,861,3881,0,0,18031,47249,719,3914,0,0,0,0,0
759,9759,760.3648884030599,99811,3693,2040,138,49,42533,21752,0.6440672871727565,2214,1279,15978,21213,18322,10584,9654,14834,47570,37281,0,0,6370,1586,7680,2062,7486,892,3921,0,0,18340,46894,713,3867,0,0,0,0,0
760,9759,761.3157405855256,99807,3734,2054,142,49,43067,22043,0.6523590529722364,2198,1278,15829,21138,18579,10782,9517,14698,47588,37300,0,0,6266,1557,7631,2098,7659,932,3979,0,0,18624,46535,699,3827,0,0,0,0,0
761,9759,762.2535487966466,99805,3770,2082,144,49,43598,22334,0.6606081859626272,2200,1265,15662,21074,18828,10963,9395,14566,47606,37319,0,0,6174,1535,7565,2133,7827,974,4018,0,0,18929,46169,689,3792,0,0,0,0,0
762,9759,763.1783725615743,99800,3763,2056,148,50,44094,22600,0.6682765531062125,2211,1258,15504,21013,19102,11161,9271,14461,47623,37338,0,0,6066,1508,7510,2169,7982,1014,4078,0,0,19255,45770,678,3770,0,0,0,0,0
763,9759,764.0902474983939,99799,3750,2109,149,50,44593,22912,0.6764095832623573,2233,1243,15373,20958,19358,11324,9136,14315,47640,37357,0,0,5962,1486,7442,2203,8182,1044,4126,0,0,19541,45413,671,3729,0,0,0,0,0
764,9759,765.4343033019368,99797,3779,2111,151,50,45390,23313,0.6884275078409171,2127,1263,15219,20854,19776,11592,8947,14129,47657,37375,0,0,5817,1451,7343,2255,8440,1110,4202,0,0,19970,44863,661,3685,0,0,0,0,0
765,9759,766.3147736049787,99795,3729,2091,152,51,45831,23554,0.6952753143945087,2129,1292,15114,20781,20056,11759,8819,14025,47674,37393,0,0,5724,1432,7291,2282,8620,1141,4246,0,0,20262,44492,650,3655,0,0,0,0,0
766,9759,767.1834560506511,99791,3720,2080,155,52,46284,23816,0.702468158451163,2150,1288,14980,20717,20288,11944,8706,13918,47691,37411,0,0,5635,1408,7240,2307,8812,1169,4288,0,0,20525,44137,643,3627,0,0,0,0,0
767,9759,768.0422255347861,99789,3720,2066,157,52,46739,24072,0.7096072713425328,2131,1290,14878,20652,20519,12123,8594,13816,47708,37429,0,0,5545,1395,7184,2329,8962,1222,4323,0,0,20797,43801,635,3596,0,0,0,0,0
768,9759,769.3119441601789,99782,3718,2064,163,53,47418,24467,0.7204205167264637,2108,1290,14720,20551,20872,12389,8418,13652,47725,37447,0,0,5424,1365,7103,2359,9236,1269,4392,0,0,21181,43273,626,3554,0,0,0,0,0
769,9759,770.1462852213049,99780,3764,2080,164,54,47885,24725,0.7277009420725596,2071,1298,14604,20477,21085,12550,8311,13540,47742,37464,0,0,5340,1342,7068,2390,9364,1316,4427,0,0,21431,42961,621,3520,0,0,0,0,0
770,9759,771.3822336880901,99777,3746,2140,166,55,48526,25136,0.738266333924652,2078,1237,14429,20373,21409,12796,8171,13398,47758,37481,0,0,5241,1319,6951,2445,9648,1369,4451,0,0,21748,42521,608,3476,0,0,0,0,0
771,9759,772.195591964073,99775,3762,2107,168,55,48951,25373,0.7449160611375595,2105,1218,14313,20320,21580,13001,8071,13298,47774,37498,0,0,5162,1298,6912,2463,9794,1409,4491,0,0,22015,42189,595,3447,0,0,0,0,0
772,9759,773.0020168568135,99774,3745,2078,169,55,49378,25580,0.7512778880269408,2071,1243,14213,20238,21821,13172,7980,13213,47790,37515,0,0,5086,1283,6863,2479,9962,1452,4519,0,0,22244,41877,589,3420,0,0,0,0,0
773,9759,774.1968887428135,99773,3735,2130,170,55,49975,25980,0.7612781012899281,2081,1227,14080,20145,22103,13378,7830,13064,47806,37532,0,0,4969,1259,6807,2534,10174,1500,4562,0,0,22577,41429,578,3384,0,0,0,0,0
774,9759,775.375790252975,99768,3727,2171,175,55,50596,26376,0.7715099029749017,2061,1201,13902,20045,22426,13595,7708,12932,47822,37549,0,0,4874,1242,6735,2567,10415,1561,4594,0,0,22894,40965,573,3348,0,0,0,0,0
775,9759,776.1525614896682,99765,3735,2189,178,55,51024,26618,0.7782488848794668,2008,1201,13843,19971,22604,13739,7631,12844,47838,37565,0,0,4807,1221,6702,2589,10549,1607,4616,0,0,23129,40663,566,3316,0,0,0,0,0
776,9759,777.3066050679474,99763,3731,2135,179,56,51595,26952,0.7873359862875013,1993,1200,13721,19896,22878,14000,7497,12712,47854,37581,0,0,4714,1196,6635,2638,10778,1669,4649,0,0,23434,40214,555,3281,0,0,0,0,0
777,9759,778.0685040833596,99761,3678,2161,180,57,51974,27173,0.7933661450867574,2021,1180,13631,19861,23071,14107,7418,12633,47869,37597,0,0,4649,1175,6589,2668,10929,1714,4661,0,0,23625,39942,550,3259,0,0,0,0,0
778,9759,779.2003465740814,99761,3674,2165,180,57,52552,27508,0.802518018063171,2002,1166,13528,19795,23323,14305,7292,12511,47884,37613,0,0,4566,1154,6510,2708,11157,1774,4690,0,0,23918,39523,535,3226,0,0,0,0,0
779,9759,780.3198621663498,99758,3670,2159,183,57,53120,27841,0.8115740091020269,1978,1146,13405,19746,23574,14495,7189,12396,47899,37629,0,0,4485,1137,6448,2741,11349,1845,4709,0,0,24225,39093,525,3201,0,0,0,0,0
780,9759,781.0598078122072,99755,3694,2159,185,58,53514,28044,0.817583078542429,1925,1117,13344,19721,23736,14609,7115,12335,47914,37645,0,0,4407,1130,6405,2770,11508,1867,4730,0,0,24395,38847,516,3180,0,0,0,0,0
781,9759,782.1607417907646,99753,3665,2153,186,59,54021,28350,0.8257496015157438,1936,1114,13235,19654,23975,14791,7002,12228,47929,37661,0,0,4320,1113,6346,2796,11726,1929,4757,0,0,24619,38491,507,3149,0,0,0,0,0
782,9759,783.25095525629,99751,3621,2138,187,60,54541,28663,0.8341169512085091,1932,1140,13144,19580,24209,14995,6906,12086,47944,37676,0,0,4244,1095,6287,2837,11925,1995,4772,0,0,24909,38072,495,3120,0,0,0,0,0
783,9759,784.3313683086787,99748,3538,2083,190,60,55044,28965,0.8422123751854674,1961,1129,13035,19532,24467,15216,6808,11979,47959,37691,0,0,4163,1085,6229,2857,12155,2067,4791,0,0,25191,37635,489,3086,0,0,0,0,0
784,9759,785.0460183796815,99745,3473,2087,193,60,55381,29176,0.8477317158754825,1960,1142,12983,19492,24652,15330,6738,11888,47974,37706,0,0,4112,1073,6179,2878,12301,2122,4793,0,0,25361,37377,483,3066,0,0,0,0,0
785,9759,786.1089226608987,99743,3456,2089,194,61,55909,29474,0.8560299970925278,1913,1120,12890,19416,24893,15517,6653,11796,47989,37721,0,0,4040,1054,6131,2900,12510,2203,4808,0,0,25547,37039,477,3034,0,0,0,0,0
786,9759,787.1626345690013,99741,3462,2044,196,61,56465,29755,0.8644388967425632,1820,1112,12824,19382,25141,15710,6556,11690,48003,37736,0,0,3967,1041,6060,2922,12730,2275,4823,0,0,25793,36658,466,3006,0,0,0,0,0
787,9759,788.2077335724471,99740,3428,2023,197,61,56925,30057,0.8720874273110086,1815,1113,12780,19318,25309,15887,6470,11597,48017,37751,0,0,3886,1026,6016,2950,12925,2337,4847,0,0,26017,36302,455,2979,0,0,0,0,0
788,9759,789.2459577699625,99739,3476,2009,198,61,57437,30350,0.8801672364872317,1754,1098,12703,19264,25490,16070,6378,11497,48031,37766,0,0,3812,1013,5959,2971,13125,2393,4866,0,0,26219,35971,446,2964,0,0,0,0,0
789,9759,790.2770204435378,99736,3367,1995,201,61,57870,30624,0.8872824256035935,1774,1087,12650,19217,25718,16237,6289,11402,48045,37780,0,0,3758,994,5911,2995,13326,2462,4867,0,0,26449,35601,438,2935,0,0,0,0,0
790,9759,791.3002814240402,99735,3328,1969,202,61,58322,30897,0.894560585551712,1718,1092,12607,19174,25928,16413,6216,11290,48059,37794,0,0,3683,976,5866,3017,13557,2519,4889,0,0,26610,35287,430,2901,0,0,0,0,0
791,9759,792.317135488025,99733,3267,1934,203,62,58721,31174,0.9013566221812239,1753,1068,12557,19104,26069,16610,6150,11221,48073,37808,0,0,3619,966,5811,3032,13760,2585,4902,0,0,26814,34955,424,2865,0,0,0,0,0
792,9759,793.3285238779062,99728,3240,1965,208,62,59143,31461,0.9085111503288946,1731,1064,12515,19061,26245,16731,6060,11116,48087,37822,0,0,3553,951,5775,3067,13940,2642,4910,0,0,26960,34678,414,2838,0,0,0,0,0
793,9759,794.3337145443819,99725,3222,1957,209,64,59568,31732,0.9155176736024067,1699,1053,12454,19017,26433,16894,5982,11014,48101,37836,0,0,3492,929,5740,3104,14124,2702,4914,0,0,27112,34385,407,2816,0,0,0,0,0
794,9759,795.0002381087214,99725,3208,1921,209,64,59840,31891,0.9198395587866633,1676,1070,12430,18980,26541,17004,5935,10960,48115,37850,0,0,3448,917,5716,3101,14251,2748,4926,0,0,27229,34190,407,2792,0,0,0,0,0
795,9759,796.325836395034,99722,3120,1904,212,64,60375,32248,0.9288120976314154,1666,1003,12393,18948,26766,17226,5842,10854,48128,37864,0,0,3365,902,5659,3131,14502,2843,4942,0,0,27443,33793,398,2744,0,0,0,0,0
796,9759,797.3142923300209,99721,3097,1872,212,65,60781,32483,0.9352493456744316,1644,998,12341,18935,26916,17355,5789,10774,48141,37878,0,0,3319,887,5607,3132,14679,2920,4942,0,0,27601,33519,395,2720,0,0,0,0,0
797,9759,798.2980534459994,99720,3032,1828,213,65,61179,32715,0.9415764139590854,1605,988,12317,18922,27118,17510,5714,10686,48154,37891,0,0,3263,875,5561,3155,14877,3002,4940,0,0,27715,33249,391,2692,0,0,0,0,0
798,9759,799.2763558242485,99718,2974,1827,215,65,61540,32969,0.9477626907880222,1595,959,12301,18893,27261,17660,5653,10595,48167,37904,0,0,3222,862,5519,3193,15025,3086,4926,0,0,27842,32993,379,2671,0,0,0,0,0
799,9759,800.250531893388,99716,2998,1786,217,65,61948,33197,0.9541598138713948,1525,929,12291,18882,27373,17809,5595,10528,48180,37917,0,0,3187,852,5476,3200,15231,3143,4924,0,0,27961,32731,373,2638,0,0,0,0,0
800,9759,801.2216970901475,99716,2976,1755,217,65,62338,33410,0.9602069878454812,1502,944,12281,18852,27492,17917,5531,10466,48193,37930,0,0,3131,845,5436,3213,15364,3223,4935,0,0,28119,32463,368,2619,0,0,0,0,0
801,9759,802.1892073208453,99712,2901,1751,220,66,62704,33638,0.9662026636713735,1457,915,12294,18827,27653,18041,5474,10399,48206,37943,0,0,3084,834,5396,3230,15531,3295,4933,0,0,28247,32202,362,2598,0,0,0,0,0
802,9759,803.1528255421633,99711,2895,1708,221,66,63074,33858,0.9721294541224138,1438,870,12259,18832,27766,18195,5420,10328,48219,37956,0,0,3031,821,5351,3245,15682,3362,4941,0,0,28393,31945,356,2584,0,0,0,0,0
803,9759,804.1128425675818,99711,2841,1668,221,66,63418,34060,0.9776052792570529,1425,870,12229,18819,27909,18333,5374,10243,48232,37969,0,0,2982,813,5316,3263,15842,3433,4935,0,0,28497,31712,349,2569,0,0,0,0,0
804,9759,805.0691511893856,99708,2755,1648,224,66,63751,34274,0.9831207124804429,1404,833,12222,18807,28068,18462,5326,10183,48245,37982,0,0,2947,804,5286,3277,16012,3511,4921,0,0,28590,31465,345,2550,0,0,0,0,0
805,9759,806.0219800977394,99707,2724,1623,225,66,64092,34450,0.9883157651920126,1375,848,12208,18807,28192,18538,5275,10117,48257,37994,0,0,2916,792,5242,3296,16139,3588,4910,0,0,28697,31250,337,2540,0,0,0,0,0
806,9759,807.2870989360056,99704,2579,1594,228,66,64466,34693,0.9945338201075182,1375,855,12199,18792,28401,18658,5217,10034,48269,38006,0,0,2863,783,5206,3299,16342,3683,4908,0,0,28810,30963,333,2514,0,0,0,0,0
807,9759,808.2313778667346,99704,2577,1582,228,66,64793,34901,0.9998997031212389,1335,831,12187,18769,28488,18776,5184,9975,48281,38018,0,0,2829,777,5171,3319,16469,3751,4897,0,0,28914,30753,325,2499,0,0,0,0,0
808,9759,809.1728909602529,99702,2582,1564,230,66,65114,35098,1.0051152434254078,1278,830,12202,18745,28570,18885,5137,9909,48293,38030,0,0,2799,765,5148,3343,16600,3809,4879,0,0,29009,30549,319,2482,0,0,0,0,0
809,9759,810.1124357752371,99701,2537,1568,230,67,65411,35310,1.0102305894624928,1228,793,12222,18746,28685,18962,5097,9863,48305,38042,0,0,2763,756,5116,3356,16752,3871,4868,0,0,29085,30348,316,2470,0,0,0,0,0
810,9759,811.0495103296818,99699,2488,1515,231,68,65690,35483,1.0147845013490606,1243,796,12204,18738,28775,19078,5058,9804,48317,38054,0,0,2728,744,5093,3369,16894,3939,4857,0,0,29160,30156,312,2447,0,0,0,0,0
811,9759,812.2956382739997,99699,2399,1455,231,68,66046,35713,1.0206621932015367,1244,802,12219,18767,28909,19189,4997,9718,48329,38066,0,0,2687,723,5038,3394,17065,4031,4857,0,0,29295,29873,307,2429,0,0,0,0,0
812,9759,813.2276470794899,99697,2379,1431,233,68,66334,35872,1.025166253748859,1194,824,12241,18744,28994,19264,4958,9668,48341,38078,0,0,2651,718,5004,3411,17183,4097,4847,0,0,29360,29706,302,2418,0,0,0,0,0
813,9759,814.1577050044906,99697,2344,1457,233,68,66616,36074,1.030020963519464,1200,776,12236,18770,29073,19314,4913,9614,48353,38090,0,0,2621,707,4979,3435,17295,4164,4830,0,0,29434,29537,297,2398,0,0,0,0,0
814,9759,815.0859244896775,99694,2327,1432,234,70,66878,36259,1.0345356791782856,1177,747,12260,18766,29130,19428,4871,9556,48365,38102,0,0,2593,700,4950,3443,17428,4228,4816,0,0,29490,29370,294,2382,0,0,0,0,0
815,9759,816.0129054883045,99694,2307,1425,234,70,67145,36440,1.0390294300559713,1173,738,12260,18761,29189,19503,4836,9502,48377,38113,0,0,2564,689,4916,3456,17552,4285,4805,0,0,29564,29207,291,2365,0,0,0,0,0
816,9759,817.2463167082568,99694,2254,1406,234,70,67492,36661,1.0447268642044656,1183,730,12270,18774,29271,19586,4787,9433,48388,38124,0,0,2525,683,4874,3461,17697,4378,4801,0,0,29655,28977,287,2356,0,0,0,0,0
817,9759,818.1698200259514,99693,2262,1422,235,70,67779,36856,1.0495721866129015,1119,676,12303,18815,29337,19635,4743,9381,48399,38135,0,0,2497,677,4837,3472,17826,4440,4788,0,0,29694,28835,284,2343,0,0,0,0,0
818,9759,819.0919521273341,99691,2202,1407,237,70,68030,37012,1.0536758584024637,1130,645,12308,18842,29412,19704,4710,9331,48410,38146,0,0,2469,668,4811,3467,17944,4508,4778,0,0,29759,28671,283,2333,0,0,0,0,0
819,9759,820.0125730209327,99688,2145,1361,239,71,68267,37151,1.0574793355268437,1113,658,12333,18857,29497,19776,4672,9276,48421,38157,0,0,2435,663,4780,3475,18052,4571,4774,0,0,29839,28499,279,2321,0,0,0,0,0
820,9759,821.2379737489872,99687,2114,1321,240,71,68605,37368,1.063057369566744,1072,627,12364,18885,29569,19887,4640,9208,48432,38168,0,0,2405,649,4749,3494,18226,4635,4762,0,0,29932,28258,271,2306,0,0,0,0,0
821,9759,822.1558200634759,99684,2104,1315,242,72,68867,37523,1.0672725813570885,1033,597,12349,18911,29657,19941,4614,9163,48443,38179,0,0,2389,641,4723,3492,18338,4686,4747,0,0,30026,28080,269,2293,0,0,0,0,0
822,9759,823.0716623798332,99683,2099,1288,242,73,69112,37655,1.0710652769278612,1031,602,12374,18924,29673,19994,4580,9118,48454,38190,0,0,2367,637,4699,3490,18440,4749,4735,0,0,30067,27948,266,2285,0,0,0,0,0
823,9759,824.2920524273676,99681,2073,1250,243,74,69445,37848,1.0763635998836287,984,599,12400,18935,29762,20088,4537,9053,48465,38201,0,0,2331,627,4666,3508,18555,4841,4725,0,0,30157,27737,263,2271,0,0,0,0,0
824,9759,825.2058098170572,99678,2017,1222,245,75,69669,37988,1.0800477537671302,964,579,12438,18957,29825,20160,4510,9006,48476,38212,0,0,2307,618,4643,3502,18698,4894,4719,0,0,30182,27595,260,2260,0,0,0,0,0
825,9759,826.1187500266542,99678,1951,1217,245,75,69871,38146,1.083659383213949,960,570,12456,18969,29905,20209,4482,8959,48487,38222,0,0,2282,613,4617,3501,18836,4952,4714,0,0,30189,27471,254,2249,0,0,0,0,0
826,9759,827.0303643845702,99677,1935,1178,245,76,70106,38273,1.0873019854128836,940,594,12488,18979,29933,20265,4458,8907,48498,38232,0,0,2255,601,4602,3511,18940,5006,4704,0,0,30236,27334,254,2234,0,0,0,0,0
827,9759,828.2449311321581,99677,1914,1168,245,76,70391,38451,1.0919469887737392,916,588,12512,19011,29992,20312,4420,8844,48509,38242,0,0,2233,595,4581,3516,19043,5093,4687,0,0,30277,27177,251,2224,0,0,0,0,0
828,9759,829.1547367498952,99675,1891,1163,247,76,70621,38603,1.095801354401806,894,561,12529,19037,30046,20362,4392,8800,48520,38252,0,0,2212,585,4561,3532,19147,5160,4668,0,0,30280,27065,247,2218,0,0,0,0,0
829,9759,830.0638480257702,99675,1876,1154,247,76,70835,38723,1.0991522447955857,858,558,12568,19069,30083,20375,4367,8767,48530,38262,0,0,2193,579,4543,3524,19251,5215,4660,0,0,30294,26964,245,2207,0,0,0,0,0
830,9759,831.2747100222097,99674,1835,1129,248,76,71108,38887,1.1035475650621025,847,571,12597,19099,30141,20417,4331,8707,48540,38272,0,0,2166,563,4513,3542,19382,5279,4653,0,0,30352,26790,242,2192,0,0,0,0,0
831,9759,832.1817953567561,99674,1813,1115,248,76,71313,39033,1.1070690450869836,805,546,12609,19129,30218,20474,4306,8659,48550,38282,0,0,2148,557,4489,3541,19498,5328,4637,0,0,30383,26668,242,2183,0,0,0,0,0
832,9759,833.0876764476876,99672,1774,1081,249,77,71504,39141,1.1100910988040773,788,543,12668,19160,30239,20515,4281,8623,48560,38292,0,0,2125,546,4471,3555,19584,5378,4630,0,0,30424,26543,237,2179,0,0,0,0,0
833,9759,834.2954633041762,99671,1737,1052,250,77,71745,39298,1.1140953737797352,836,535,12691,19191,30247,20570,4238,8574,48570,38302,0,0,2098,536,4448,3577,19708,5434,4613,0,0,30473,26389,232,2163,0,0,0,0,0
834,9759,835.2013124343983,99670,1695,1038,251,77,71931,39418,1.1171766830540784,811,538,12726,19239,30294,20582,4222,8525,48580,38312,0,0,2078,533,4426,3587,19794,5496,4595,0,0,30488,26284,231,2158,0,0,0,0,0
835,9759,836.106719337976,99670,1633,1024,251,77,72084,39522,1.1197551921340423,817,532,12760,19258,30335,20613,4203,8495,48590,38322,0,0,2058,528,4417,3597,19884,5541,4576,0,0,30504,26186,230,2149,0,0,0,0,0
836,9759,837.0117474074763,99668,1607,1006,252,78,72270,39644,1.122867921499378,804,515,12817,19297,30337,20652,4182,8451,48600,38332,0,0,2041,523,4399,3604,19971,5601,4567,0,0,30521,26079,228,2134,0,0,0,0,0
837,9759,838.218973671809,99666,1566,994,253,79,72505,39804,1.126853691329039,782,496,12877,19341,30380,20685,4141,8404,48610,38341,0,0,2023,516,4371,3610,20073,5678,4554,0,0,30558,25934,227,2122,0,0,0,0,0
838,9759,839.1240844173101,99665,1544,973,254,79,72676,39907,1.1296142075954447,751,482,12926,19376,30401,20712,4123,8377,48620,38350,0,0,2006,511,4355,3612,20166,5725,4543,0,0,30562,25845,226,2114,0,0,0,0,0
839,9759,840.0292993352767,99664,1537,963,255,79,72841,40012,1.1323346444052014,770,456,12944,19434,30386,20730,4107,8337,48630,38359,0,0,1988,507,4345,3617,20251,5759,4531,0,0,30579,25754,225,2108,0,0,0,0,0
840,9759,841.2368025023966,99660,1514,935,258,80,73077,40161,1.1362432269717038,737,444,13008,19477,30412,20781,4070,8282,48640,38368,0,0,1962,502,4313,3627,20367,5822,4518,0,0,30605,25623,223,2098,0,0,0,0,0
841,9759,842.1424159150966,99660,1463,904,258,80,73231,40269,1.1388721653622316,738,434,13047,19532,30443,20812,4050,8237,48650,38377,0,0,1947,495,4294,3631,20421,5889,4508,0,0,30661,25505,220,2089,0,0,0,0,0
842,9759,843.0478509913379,99660,1476,881,258,80,73427,40372,1.1418723660445516,696,417,13088,19543,30453,20864,4028,8214,48660,38386,0,0,1935,493,4277,3625,20520,5934,4492,0,0,30667,25417,218,2082,0,0,0,0,0
843,9759,844.2550679351245,99660,1413,862,258,80,73653,40514,1.1455649207304837,705,413,13136,19590,30493,20891,3994,8163,48669,38395,0,0,1912,489,4249,3631,20633,6000,4483,0,0,30708,25273,212,2070,0,0,0,0,0
844,9759,845.160152072557,99660,1377,855,258,80,73810,40613,1.1481336544250451,693,390,13195,19661,30498,20884,3978,8129,48678,38404,0,0,1896,486,4227,3622,20715,6045,4475,0,0,30730,25189,211,2064,0,0,0,0,0
845,9759,846.065890677303,99659,1362,829,259,80,73954,40704,1.1505032159664457,685,390,13248,19698,30480,20910,3965,8092,48687,38413,0,0,1883,482,4215,3629,20779,6093,4467,0,0,30740,25106,207,2058,0,0,0,0,0
846,9759,847.2746622821093,99659,1345,810,259,80,74172,40828,1.1539349180706209,666,374,13312,19749,30472,20945,3945,8041,48696,38422,0,0,1864,480,4190,3619,20895,6149,4455,0,0,30754,25002,205,2046,0,0,0,0,0
847,9759,848.1818889375977,99659,1356,795,259,80,74335,40911,1.156403335373624,638,380,13364,19790,30452,20954,3930,8000,48705,38431,0,0,1850,474,4186,3620,20960,6187,4448,0,0,30769,24921,204,2040,0,0,0,0,0
848,9759,849.0899966748698,99658,1327,780,259,81,74482,41001,1.158793072307291,608,376,13416,19830,30477,20957,3912,7975,48714,38440,0,0,1837,472,4173,3618,21026,6236,4430,0,0,30795,24838,201,2032,0,0,0,0,0
849,9759,850.3011620090338,99658,1281,763,259,81,74660,41121,1.161783298882177,614,357,13475,19901,30482,20970,3888,7927,48723,38449,0,0,1820,468,4158,3619,21130,6300,4417,0,0,30771,24753,200,2022,0,0,0,0,0
850,9759,851.209891025819,99658,1247,752,259,81,74804,41200,1.164020951654659,611,364,13523,19940,30490,20970,3869,7892,48732,38457,0,0,1804,463,4142,3633,21176,6349,4401,0,0,30800,24673,199,2018,0,0,0,0,0
851,9759,852.1187440371295,99658,1210,727,259,81,74935,41275,1.166088021031929,597,367,13584,19982,30505,20973,3844,7869,48741,38465,0,0,1788,457,4123,3632,21242,6394,4391,0,0,30816,24604,199,2012,0,0,0,0,0
852,9759,853.0281317954898,99657,1184,724,259,82,75049,41357,1.168066467985189,607,360,13631,20020,30493,20966,3825,7847,48750,38473,0,0,1777,452,4114,3635,21294,6438,4381,0,0,30812,24548,199,2007,0,0,0,0,0
853,9759,854.2412325150998,99657,1162,719,259,82,75238,41482,1.1712172752541217,574,337,13719,20073,30478,20976,3807,7812,48759,38481,0,0,1769,450,4099,3635,21365,6504,4362,0,0,30834,24441,199,1999,0,0,0,0,0
854,9759,855.1522251705038,99657,1164,719,259,82,75367,41560,1.1732943997912841,567,324,13782,20133,30435,20957,3792,7784,48768,38489,0,0,1758,448,4084,3632,21402,6552,4356,0,0,30848,24388,197,1992,0,0,0,0,0
855,9759,856.0644951313436,99657,1170,698,259,82,75518,41632,1.1755320750173093,550,336,13835,20183,30415,20960,3770,7740,48777,38497,0,0,1746,441,4074,3638,21468,6589,4347,0,0,30852,24321,195,1986,0,0,0,0,0
856,9759,857.2821495184929,99657,1142,684,259,82,75695,41746,1.1784520906710014,542,315,13908,20260,30406,20963,3742,7695,48786,38505,0,0,1727,437,4059,3634,21532,6654,4336,0,0,30883,24224,195,1976,0,0,0,0,0
857,9759,858.1963018508696,99657,1095,689,259,82,75788,41834,1.180268320338762,559,301,13981,20302,30383,20968,3722,7657,48795,38513,0,0,1718,434,4051,3638,21592,6700,4323,0,0,30860,24179,193,1969,0,0,0,0,0
858,9759,859.1113888513049,99656,1069,658,260,82,75915,41896,1.182176687806053,537,314,14056,20344,30367,20972,3710,7629,48804,38521,0,0,1705,430,4041,3640,21649,6739,4313,0,0,30879,24102,192,1966,0,0,0,0,0
859,9759,860.0274312177593,99655,1047,646,261,82,76048,41975,1.1843158898198787,508,313,14118,20372,30369,20980,3696,7606,48812,38529,0,0,1693,425,4028,3636,21704,6783,4307,0,0,30909,24024,192,1954,0,0,0,0,0
860,9759,861.2499244165026,99654,1003,640,262,82,76200,42089,1.1869970096534008,486,301,14221,20436,30360,20975,3667,7565,48820,38537,0,0,1678,420,4018,3637,21785,6836,4301,0,0,30898,23939,192,1950,0,0,0,0,0
861,9759,862.1675601825665,99654,975,640,262,82,76320,42164,1.1889537800790735,472,294,14270,20478,30371,20960,3649,7545,48828,38545,0,0,1672,417,4011,3642,21833,6872,4282,0,0,30927,23864,191,1943,0,0,0,0,0
862,9759,863.085634407964,99653,940,626,262,83,76412,42230,1.190551212708097,475,283,14326,20527,30355,20958,3641,7522,48836,38553,0,0,1664,416,4002,3641,21886,6907,4271,0,0,30935,23803,190,1938,0,0,0,0,0
863,9759,864.0044104147604,99651,940,620,264,83,76537,42292,1.1924516562804186,444,298,14376,20586,30344,20916,3631,7496,48844,38561,0,0,1655,414,3992,3646,21924,6944,4258,0,0,30941,23751,190,1936,0,0,0,0,0
864,9759,865.230605142638,99651,903,623,264,83,76659,42390,1.194659361170485,450,294,14457,20631,30314,20907,3611,7461,48852,38569,0,0,1639,412,3975,3640,21976,6999,4255,0,0,30952,23685,190,1928,0,0,0,0,0
865,9759,866.1515279198461,99650,879,607,265,83,76751,42458,1.196276969392875,435,282,14558,20699,30263,20892,3599,7436,48860,38576,0,0,1617,410,3971,3635,22027,7032,4260,0,0,30948,23637,189,1924,0,0,0,0,0
866,9759,867.0742989681135,99648,867,574,267,83,76855,42513,1.1978965960179833,425,297,14629,20740,30230,20889,3581,7416,48868,38583,0,0,1607,408,3958,3637,22100,7060,4247,0,0,30936,23592,188,1915,0,0,0,0,0
867,9759,868.3066845763761,99647,841,577,268,83,76991,42613,1.2002769777313917,406,264,14716,20830,30204,20856,3564,7389,48876,38590,0,0,1595,406,3952,3632,22172,7102,4233,0,0,30935,23523,188,1909,0,0,0,0,0
868,9759,869.2323117261051,99647,829,564,268,83,77084,42690,1.2019829999899645,400,240,14781,20871,30172,20870,3549,7371,48884,38597,0,0,1589,405,3944,3632,22227,7132,4217,0,0,30947,23462,187,1905,0,0,0,0,0
869,9759,870.159341582153,99647,837,543,268,83,77182,42754,1.203608738848134,376,245,14853,20938,30123,20850,3542,7340,48892,38604,0,0,1581,401,3937,3638,22257,7167,4202,0,0,30969,23408,187,1900,0,0,0,0,0
870,9759,871.0879751007976,99647,790,541,268,83,77267,42814,1.205063875480446,379,248,14910,20994,30117,20826,3535,7307,48900,38611,0,0,1567,399,3932,3645,22291,7205,4191,0,0,30978,23360,184,1895,0,0,0,0,0
871,9759,872.0175091394361,99646,776,512,268,84,77347,42864,1.2063805872789675,370,248,14956,21047,30101,20822,3528,7286,48908,38618,0,0,1557,397,3929,3644,22319,7239,4185,0,0,30994,23306,183,1893,0,0,0,0,0
872,9759,873.2585163410487,99646,761,497,268,84,77464,42942,1.2083375148024005,337,224,15057,21122,30064,20814,3512,7258,48916,38625,0,0,1548,395,3914,3640,22374,7284,4177,0,0,31000,23242,182,1890,0,0,0,0,0
873,9759,874.1908467358463,99644,730,489,269,85,77546,42996,1.2097266267913773,333,220,15136,21197,30027,20781,3504,7227,48924,38632,0,0,1539,391,3912,3637,22404,7322,4174,0,0,31008,23192,180,1885,0,0,0,0,0
874,9759,875.1247174849462,99643,705,487,270,85,77625,43051,1.21108356833897,344,213,15191,21257,29995,20750,3494,7207,48932,38639,0,0,1534,387,3900,3645,22419,7364,4157,0,0,31027,23149,179,1882,0,0,0,0,0
875,9759,876.059821950017,99643,694,478,270,85,77717,43099,1.2124885842457573,323,220,15266,21311,29959,20723,3487,7182,48940,38646,0,0,1524,387,3894,3645,22467,7389,4144,0,0,31026,23110,179,1878,0,0,0,0,0
876,9759,877.3091182563102,99643,694,476,270,85,77820,43174,1.2142749616129582,329,205,15376,21382,29866,20691,3464,7160,48948,38653,0,0,1519,385,3886,3633,22509,7426,4139,0,0,31039,23057,178,1872,0,0,0,0,0
877,9759,878.2484657730145,99643,688,465,270,85,77892,43224,1.2154993326174444,327,201,15455,21452,29808,20664,3451,7132,48956,38660,0,0,1507,382,3883,3634,22531,7458,4138,0,0,31036,23027,176,1871,0,0,0,0,0
878,9759,879.1898826415395,99643,693,460,270,85,77984,43281,1.216994670975382,306,189,15540,21531,29744,20634,3446,7100,48963,38667,0,0,1500,380,3876,3630,22565,7489,4128,0,0,31037,22992,176,1870,0,0,0,0,0
879,9759,880.1336792446689,99643,695,424,270,85,78062,43320,1.21816886284034,315,200,15607,21597,29680,20621,3432,7072,48970,38674,0,0,1492,378,3870,3636,22594,7521,4120,0,0,31038,22952,176,1866,0,0,0,0,0
880,9759,881.0794616856206,99642,678,426,270,86,78144,43372,1.2195259027317797,299,198,15694,21656,29642,20584,3416,7049,48977,38681,0,0,1480,376,3863,3634,22614,7556,4118,0,0,31045,22919,176,1861,0,0,0,0,0
881,9759,882.0269017284535,99642,669,415,270,86,78209,43420,1.2206599626663455,303,190,15751,21720,29599,20560,3407,7028,48984,38688,0,0,1472,374,3859,3633,22646,7584,4108,0,0,31040,22891,176,1859,0,0,0,0,0
882,9759,883.292399650641,99642,633,391,270,86,78305,43480,1.2222255675317637,296,176,15845,21822,29561,20539,3394,6985,48991,38695,0,0,1464,373,3850,3636,22688,7629,4093,0,0,31046,22832,175,1856,0,0,0,0,0
883,9759,884.2430886240123,99642,613,400,270,86,78371,43530,1.223389735252203,302,165,15913,21892,29520,20494,3381,6962,48998,38702,0,0,1457,373,3846,3635,22726,7653,4078,0,0,31037,22811,175,1851,0,0,0,0,0
884,9759,885.1953894437892,99641,596,382,270,87,78449,43566,1.2245461205728565,293,171,15998,21940,29467,20473,3375,6946,49005,38708,0,0,1452,370,3841,3628,22749,7693,4071,0,0,31036,22780,175,1846,0,0,0,0,0
885,9759,886.1496511758276,99641,584,387,270,87,78520,43615,1.2257504440942986,288,158,16053,21999,29441,20440,3363,6928,49012,38714,0,0,1446,370,3839,3628,22778,7715,4059,0,0,31039,22750,175,1842,0,0,0,0,0
886,9759,887.1049745469585,99641,568,378,270,87,78582,43652,1.2267440109994883,278,167,16149,22074,29387,20398,3347,6895,49019,38720,0,0,1440,369,3837,3631,22809,7739,4049,0,0,31032,22722,175,1838,0,0,0,0,0
887,9759,888.0624050468106,99641,559,356,270,87,78646,43690,1.2277676859927138,289,160,16235,22139,29317,20386,3329,6871,49026,38726,0,0,1435,365,3832,3633,22842,7763,4042,0,0,31036,22682,175,1836,0,0,0,0,0
888,9759,889.0223022123096,99640,537,340,271,87,78694,43725,1.2286130068245684,304,165,16297,22216,29266,20346,3324,6845,49033,38732,0,0,1430,365,3828,3624,22880,7782,4037,0,0,31039,22647,174,1834,0,0,0,0,0
889,9759,890.3049604329448,99640,528,324,271,87,78787,43780,1.2300983540746688,295,168,16404,22315,29198,20297,3303,6808,49040,38738,0,0,1422,365,3817,3621,22926,7812,4030,0,0,31046,22598,174,1829,0,0,0,0,0
890,9759,891.2691185339738,99640,517,320,271,87,78860,43823,1.2312625451625854,275,159,16476,22393,29172,20255,3288,6785,49047,38744,0,0,1417,364,3810,3620,22951,7837,4018,0,0,31061,22560,174,1828,0,0,0,0,0
891,9759,892.2346335593695,99639,515,304,272,87,78924,43857,1.2322584530153855,279,171,16547,22439,29111,20234,3275,6764,49054,38750,0,0,1407,362,3804,3619,22980,7856,4014,0,0,31068,22529,173,1827,0,0,0,0,0
892,9759,893.202335010792,99638,502,299,273,87,78983,43893,1.2332242718641482,274,169,16642,22502,29046,20198,3262,6744,49061,38756,0,0,1398,362,3801,3617,23012,7876,4011,0,0,31060,22505,172,1824,0,0,0,0,0
893,9759,894.1722093033601,99638,511,302,273,87,79057,43932,1.23435837732592,242,161,16706,22565,29013,20158,3254,6726,49068,38762,0,0,1390,358,3801,3617,23027,7901,4009,0,0,31060,22482,172,1821,0,0,0,0,0
894,9759,895.1435933216576,99638,497,304,273,87,79110,43970,1.2352716834942492,240,149,16798,22634,28946,20122,3245,6703,49075,38768,0,0,1383,356,3797,3611,23048,7927,4005,0,0,31060,22463,172,1816,0,0,0,0,0
895,9759,896.1171671974606,99638,483,313,273,87,79175,44016,1.2363857162929806,223,132,16867,22709,28912,20072,3241,6686,49082,38774,0,0,1376,355,3790,3608,23086,7947,3997,0,0,31056,22437,172,1814,0,0,0,0,0
896,9759,897.0926230101953,99638,456,307,273,87,79224,44050,1.2372187318091492,226,123,16957,22759,28847,20055,3240,6668,49089,38780,0,0,1373,355,3786,3599,23112,7972,3990,0,0,31061,22406,171,1813,0,0,0,0,0
897,9759,898.0706253117805,99638,452,295,273,87,79280,44085,1.2381320379774785,223,117,17046,22809,28782,20037,3223,6654,49096,38786,0,0,1366,352,3784,3605,23137,7990,3979,0,0,31066,22379,169,1811,0,0,0,0,0
898,9759,899.0509553814421,99638,451,272,273,87,79338,44112,1.238985126156687,209,123,17131,22886,28724,20001,3211,6630,49103,38792,0,0,1356,349,3780,3602,23165,8009,3977,0,0,31074,22351,168,1807,0,0,0,0,0
899,9759,900.0335607006675,99638,439,278,273,87,79365,44131,1.239446797406612,237,147,17199,22931,28651,19947,3200,6609,49103,38792,0,0,1355,348,3777,3600,23174,8022,3975,0,0,31070,22342,168,1807,0,0,0,0,0
900,9759,900.0335607006675,99637,444,277,273,88,79385,44144,1.2397904392946395,235,155,17219,22941,28631,19934,3197,6604,49103,38792,0,0,1354,348,3776,3599,23180,8028,3974,1,8,31061,22333,168,1807,0,0,0,0,0
901,9759,901.0190003330844,99637,449,271,273,88,79453,44191,1.240944629003282,242,163,17294,22993,28562,19911,3179,6573,49103,38792,0,0,1351,347,3772,3600,23203,8054,3966,4,31,31029,22310,168,1802,0,0,0,0,0
902,9759,902.0064709290122,99637,442,274,273,88,79514,44230,1.2419482722281883,244,168,17375,23070,28505,19857,3160,6542,49103,38792,0,0,1349,347,3769,3595,23221,8077,3963,6,61,30999,22280,168,1802,0,0,0,0,0
903,9759,903.3268198446218,99637,440,282,273,88,79591,44288,1.243303190581812,264,174,17471,23156,28408,19797,3143,6502,49103,38792,0,0,1345,346,3767,3598,23245,8103,3958,10,97,30958,22244,167,1799,0,0,0,0,0
904,9759,904.3195272149296,99637,451,289,273,88,79661,44332,1.2444473438582053,278,169,17544,23212,28329,19759,3124,6482,49103,38792,0,0,1344,345,3762,3594,23261,8128,3955,11,118,30932,22223,166,1798,0,0,0,0,0
905,9759,905.3146733703152,99637,463,273,273,88,79722,44367,1.2454108413541154,278,185,17631,23275,28249,19725,3105,6453,49103,38792,0,0,1342,344,3758,3597,23286,8146,3951,13,148,30898,22193,166,1795,0,0,0,0,0
906,9759,906.3124558986326,99637,492,266,273,88,79802,44411,1.2466553589529994,263,179,17694,23336,28184,19706,3093,6424,49103,38792,0,0,1341,344,3753,3599,23314,8163,3945,14,175,30863,22166,166,1794,0,0,0,0,0
907,9759,907.3125707642486,99637,487,277,273,88,79874,44453,1.2477995122293928,270,186,17778,23396,28119,19655,3072,6397,49103,38792,0,0,1340,344,3747,3601,23333,8188,3937,15,198,30833,22143,164,1794,0,0,0,0,0
908,9759,908.3146393716979,99636,487,292,274,88,79949,44509,1.2491268216307359,265,181,17861,23451,28066,19619,3046,6368,49103,38792,0,0,1337,343,3740,3603,23362,8208,3931,18,229,30798,22112,164,1791,0,0,0,0,0
909,9759,909.3186079587028,99636,473,302,274,88,80016,44555,1.2502609498574813,269,178,17924,23520,28027,19574,3032,6337,49103,38792,0,0,1336,343,3737,3603,23380,8231,3927,19,271,30768,22070,163,1788,0,0,0,0,0
910,9759,910.3241699854393,99635,468,290,275,88,80086,44585,1.251277161639986,282,185,18004,23588,27956,19541,3014,6307,49103,38792,0,0,1333,343,3730,3604,23400,8256,3922,22,304,30737,22037,162,1785,0,0,0,0,0
911,9759,911.3321739296366,99633,461,285,277,88,80154,44631,1.2524464785763754,293,178,18051,23655,27913,19516,3004,6277,49103,38792,0,0,1332,341,3723,3602,23439,8273,3915,23,338,30699,22003,162,1783,0,0,0,0,0
912,9759,912.0050417082506,99632,470,284,278,88,80210,44657,1.2532820780472138,273,184,18098,23703,27886,19487,2994,6253,49103,38792,0,0,1332,341,3717,3605,23458,8285,3909,23,361,30678,21978,162,1783,0,0,0,0,0
913,9759,913.0159968248012,99631,469,282,279,88,80269,44700,1.2543184350252432,263,182,18178,23771,27824,19451,2986,6225,49103,38792,0,0,1330,341,3712,3604,23485,8306,3905,25,385,30640,21954,162,1782,0,0,0,0,0
914,9759,914.0291254695838,99630,455,284,279,89,80330,44742,1.2553648499447958,266,187,18263,23836,27765,19408,2971,6195,49103,38792,0,0,1328,340,3704,3606,23518,8326,3901,26,415,30602,21924,161,1779,0,0,0,0,0
915,9759,915.0443313832556,99630,465,290,279,89,80392,44788,1.2564488607849043,268,188,18324,23893,27709,19379,2954,6160,49103,38792,0,0,1327,340,3701,3604,23546,8340,3898,27,446,30570,21893,161,1777,0,0,0,0,0
916,9759,916.0615203203619,99630,471,282,279,89,80458,44836,1.257593094449463,277,191,18402,23968,27636,19341,2934,6128,49103,38792,0,0,1326,340,3695,3608,23574,8362,3893,28,480,30531,21859,161,1773,0,0,0,0,0
917,9759,917.0811072182316,99630,469,303,279,89,80523,44892,1.2588075880758807,270,175,18495,24038,27570,19287,2916,6107,49103,38792,0,0,1324,340,3690,3608,23593,8383,3887,30,509,30506,21830,161,1769,0,0,0,0,0
918,9759,918.1032453086518,99629,462,307,280,89,80590,44938,1.259954430938783,267,179,18571,24088,27520,19253,2899,6083,49103,38792,0,0,1324,340,3685,3611,23623,8401,3880,29,545,30470,21794,159,1768,0,0,0,0,0
919,9759,919.1273957168783,99629,482,297,280,89,80659,44982,1.261088638850134,270,186,18640,24160,27447,19216,2880,6051,49103,38792,0,0,1323,339,3681,3616,23648,8419,3871,30,575,30441,21764,159,1763,0,0,0,0,0
920,9759,920.1537361173101,99629,482,294,280,89,80733,45028,1.26229310742856,270,178,18700,24224,27396,19192,2871,6022,49103,38792,0,0,1320,339,3668,3623,23667,8445,3859,33,605,30416,21732,159,1763,0,0,0,0,0
921,9759,921.1823462126248,99629,465,298,280,89,80786,45071,1.2632566822913007,287,185,18760,24308,27347,19132,2860,5987,49103,38792,0,0,1318,337,3662,3618,23695,8468,3857,35,628,30384,21709,159,1759,0,0,0,0,0
922,9759,922.2129205312152,99629,468,293,280,89,80856,45115,1.2644009274408055,272,188,18833,24371,27298,19105,2848,5953,49103,38792,0,0,1316,337,3658,3616,23724,8495,3854,37,653,30340,21684,159,1756,0,0,0,0,0
923,9759,923.244989559801,99629,474,294,280,89,80938,45158,1.265655582209999,266,177,18889,24447,27257,19062,2833,5930,49103,38792,0,0,1315,335,3649,3616,23759,8520,3848,38,671,30299,21665,159,1755,0,0,0,0,0
924,9759,924.2786918095861,99628,473,289,281,89,81011,45210,1.2669229533865982,258,174,18962,24493,27210,19048,2815,5906,49103,38792,0,0,1312,334,3645,3615,23773,8550,3844,41,714,30268,21622,159,1751,0,0,0,0,0
925,9759,925.3144037723414,99628,461,291,281,89,81081,45256,1.2680872846990805,263,176,19028,24537,27165,19036,2801,5870,49103,38792,0,0,1308,333,3643,3620,23803,8571,3834,45,747,30226,21589,159,1750,0,0,0,0,0
926,9759,926.0059171500923,99628,454,282,281,89,81129,45285,1.2688601597944353,261,177,19067,24572,27148,19021,2788,5858,49103,38792,0,0,1305,333,3641,3622,23832,8588,3827,48,766,30192,21569,159,1746,0,0,0,0,0
927,9759,927.0444628973054,99628,455,293,281,89,81199,45334,1.27005460312362,261,181,19140,24636,27087,18967,2775,5833,49103,38792,0,0,1304,333,3635,3622,23854,8612,3821,49,792,30161,21543,159,1743,0,0,0,0,0
928,9759,928.0851091541452,99628,466,296,281,89,81268,45380,1.2712088970972015,261,185,19214,24683,27016,18938,2761,5808,49103,38792,0,0,1304,331,3629,3626,23880,8626,3814,49,823,30137,21511,158,1740,0,0,0,0,0
929,9759,929.1282235084527,99628,467,305,281,89,81336,45426,1.2723531537318826,252,181,19292,24746,26961,18889,2746,5789,49103,38792,0,0,1303,329,3625,3628,23897,8651,3809,50,847,30106,21487,158,1738,0,0,0,0,0
930,9759,930.1735642678112,99627,469,309,281,90,81403,45477,1.273550342778564,270,178,19347,24805,26896,18852,2736,5765,49103,38792,1,1,1299,329,3623,3626,23931,8670,3804,54,876,30063,21456,158,1737,0,0,0,0,1
931,9759,931.2210110936602,99627,474,306,281,90,81476,45530,1.2748150601744508,287,168,19396,24880,26838,18816,2723,5739,49103,38792,2,2,1295,329,3615,3628,23951,8692,3793,58,920,30040,21411,158,1735,0,0,1,0,1
932,9759,932.2707579811776,99627,481,305,281,90,81559,45583,1.2761801519668363,298,158,19458,24929,26779,18801,2702,5716,49103,38792,3,3,1293,329,3613,3629,23984,8721,3784,60,944,29991,21385,158,1732,0,2,1,0,1
933,9759,933.3227184039232,99627,474,299,281,90,81637,45618,1.2773143826472744,296,174,19519,24991,26739,18757,2690,5688,49103,38792,4,4,1292,329,3611,3634,24005,8750,3774,61,976,29951,21352,158,1729,0,3,1,0,1
934,9759,934.0248937806266,99627,470,297,281,90,81694,45648,1.278187639896815,290,179,19547,25031,26724,18728,2687,5674,49103,38792,6,5,1292,329,3606,3638,24023,8773,3769,61,993,29917,21333,156,1729,0,4,1,0,3
935,9759,935.0793416689063,99627,499,292,281,90,81780,45687,1.2794423198530518,283,186,19603,25090,26655,18683,2678,5658,49103,38792,9,6,1289,329,3601,3640,24054,8789,3764,64,1020,29879,21304,156,1728,0,4,1,0,5
936,9759,936.1360316167097,99627,509,289,281,90,81852,45732,1.2806167002920894,280,186,19679,25152,26585,18645,2665,5637,49103,38792,13,7,1288,329,3598,3636,24076,8811,3758,65,1054,29849,21269,156,1725,0,6,1,0,6
937,9759,937.1954276770459,99627,511,291,281,90,81930,45789,1.2819717546448253,270,183,19776,25191,26513,18623,2648,5621,49103,38792,18,8,1286,328,3593,3636,24095,8842,3752,67,1089,29814,21230,156,1721,1,7,1,0,9
938,9759,938.2576206617497,99627,488,294,281,90,81997,45850,1.2832565469200117,287,171,19829,25259,26479,18588,2635,5597,49103,38792,25,9,1284,328,3580,3637,24141,8863,3741,69,1131,29769,21187,156,1716,1,12,3,0,9
939,9759,939.3215894796487,99627,503,282,281,90,82075,45892,1.284461039677999,287,169,19893,25321,26411,18554,2624,5583,49103,38792,33,10,1282,328,3576,3635,24172,8889,3735,71,1156,29724,21158,156,1712,1,15,4,0,13
940,9759,940.0321447078303,99627,496,289,281,90,82115,45923,1.2851736978931414,299,169,19952,25350,26358,18524,2613,5577,49103,38792,43,11,1277,328,3573,3633,24179,8905,3735,76,1181,29702,21129,156,1711,2,19,4,0,17
941,9759,941.1005405873417,99627,492,294,281,90,82195,45971,1.2864584901683278,320,172,20005,25398,26299,18484,2602,5561,49103,38792,55,12,1276,324,3566,3633,24208,8933,3727,77,1207,29660,21099,156,1711,2,23,4,0,21
942,9759,942.1709660969325,99627,517,307,281,90,82287,46016,1.2878336194003634,312,188,20054,25433,26250,18439,2585,5542,49103,38792,69,13,1274,324,3564,3635,24226,8956,3721,79,1227,29626,21070,156,1706,2,28,4,1,28
943,9759,943.2430202812113,99627,520,312,281,90,82376,46065,1.2892187860720488,300,199,20119,25466,26208,18398,2571,5534,49103,38792,85,14,1271,324,3559,3639,24242,8990,3707,82,1255,29586,21036,156,1704,2,34,5,2,33
944,9759,944.3168453097396,99626,522,309,282,90,82455,46105,1.2904261939654307,308,222,20164,25512,26163,18346,2560,5520,49103,38792,104,15,1268,322,3555,3634,24274,9017,3703,85,1271,29538,21011,155,1701,3,41,6,2,40
945,9759,945.0336103270965,99626,527,314,282,90,82509,46144,1.291359685222733,311,227,20199,25534,26124,18313,2556,5521,49103,38792,125,17,1266,322,3545,3633,24287,9038,3701,87,1294,29509,20979,155,1700,3,50,8,2,47
946,9759,946.1105258024747,99626,526,346,282,90,82594,46212,1.2928954289041013,309,225,20267,25573,26072,18255,2543,5510,49103,38792,149,19,1262,321,3538,3635,24311,9062,3694,91,1325,29471,20934,155,1695,4,57,10,3,58
947,9759,947.1893783986968,99626,527,370,282,90,82680,46282,1.294461285206673,307,225,20336,25595,26019,18213,2528,5506,49103,38792,176,21,1257,321,3526,3636,24327,9096,3684,96,1358,29436,20890,153,1693,4,65,12,5,67
948,9759,948.2703700167824,99626,545,373,282,90,82777,46346,1.2960773292112502,289,217,20393,25633,25973,18174,2517,5512,49103,38792,206,23,1254,321,3514,3634,24357,9128,3679,99,1391,29377,20848,153,1691,4,83,15,7,71
949,9759,949.3531151878436,99626,548,369,282,90,82866,46403,1.2975428101098108,296,233,20441,25662,25925,18138,2507,5507,49103,38792,240,26,1252,320,3509,3639,24375,9167,3670,101,1423,29329,20797,153,1684,5,93,16,10,83
950,9759,950.076030530058,99626,544,384,282,90,82917,46450,1.2985264890691186,307,228,20485,25681,25884,18094,2497,5522,49103,38792,277,29,1252,319,3506,3640,24374,9200,3667,101,1446,29287,20761,153,1683,5,110,16,10,96
951,9759,951.162246285791,99625,569,399,283,90,83017,46517,1.3002158092848182,286,224,20552,25701,25826,18057,2483,5528,49103,38792,318,32,1252,319,3504,3644,24389,9236,3659,101,1476,29237,20708,153,1678,6,120,17,12,114
952,9759,952.2510231861218,99625,573,419,283,90,83103,46590,1.3018117942283562,307,211,20612,25721,25746,18005,2478,5553,49103,38792,363,36,1249,319,3493,3642,24424,9272,3655,104,1496,29172,20670,152,1673,9,134,19,13,129
953,9759,953.3425504193117,99625,571,408,283,90,83181,46639,1.303086574654956,329,229,20652,25745,25697,17957,2467,5570,49103,38792,412,40,1244,319,3490,3644,24433,9317,3650,108,1527,29114,20614,152,1669,9,151,19,15,150
954,9759,954.0711453397007,99624,588,400,283,91,83244,46674,1.3040833534088172,334,240,20684,25756,25648,17923,2462,5589,49103,38792,465,45,1240,318,3483,3650,24437,9343,3646,112,1555,29073,20567,150,1663,12,169,24,15,167
955,9759,955.1660852922566,99624,572,402,283,91,83323,46731,1.30544848630852,364,261,20740,25760,25588,17871,2452,5614,49103,38792,522,50,1238,318,3468,3639,24463,9387,3640,114,1588,29022,20508,150,1657,13,185,28,17,189
956,9759,956.2634349136595,99624,585,394,283,91,83431,46788,1.3071047137236007,361,279,20790,25764,25534,17830,2446,5641,49103,38792,584,56,1232,318,3460,3633,24492,9428,3633,120,1624,28952,20450,149,1652,14,211,31,18,207
957,9759,957.3629161183806,99623,594,417,283,92,83531,46870,1.3089447216004337,370,255,20843,25788,25476,17784,2433,5663,49103,38792,650,62,1230,317,3450,3634,24512,9471,3625,122,1661,28888,20389,149,1640,17,237,33,18,230
958,9759,958.0972350737475,99623,589,422,283,92,83596,46917,1.3100689599791213,399,252,20862,25787,25438,17740,2428,5706,49103,38792,721,69,1229,316,3441,3642,24511,9512,3614,123,1684,28828,20341,148,1639,17,269,38,21,250
959,9759,959.2002327794406,99622,606,432,283,93,83710,46988,1.3119391299110639,383,232,20905,25808,25406,17694,2416,5740,49103,38792,797,77,1226,316,3439,3636,24532,9560,3607,126,1723,28749,20270,148,1631,19,301,38,23,278
960,9759,960.3045814294356,99622,589,438,283,93,83798,47061,1.313555238802674,405,223,20934,25833,25380,17643,2408,5769,49103,38792,878,86,1224,312,3430,3641,24543,9615,3598,127,1756,28671,20205,148,1623,23,336,40,27,303
961,9759,961.0414445353056,99622,597,422,283,93,83866,47102,1.3146493746361245,406,218,20957,25829,25352,17614,2404,5823,49103,38792,964,95,1221,312,3422,3640,24556,9650,3593,130,1785,28615,20134,148,1616,26,358,46,32,338
962,9759,962.1483919105041,99622,626,414,283,93,83979,47164,1.3164060147357008,394,213,21019,25825,25280,17581,2397,5873,49103,38792,1055,105,1217,311,3407,3643,24584,9695,3585,134,1815,28522,20071,147,1609,28,400,51,35,368
963,9759,963.2576956924092,99622,625,389,283,93,84082,47222,1.3180221236273113,392,232,21055,25831,25250,17529,2394,5925,49103,38792,1151,116,1213,310,3393,3637,24603,9752,3576,138,1863,28445,19981,147,1607,29,430,56,38,404
964,9759,964.3687759168808,99622,621,390,283,93,84181,47284,1.3196382325189215,392,234,21095,25827,25221,17469,2387,5986,49103,38792,1252,128,1209,309,3382,3632,24620,9804,3570,141,1898,28370,19895,147,1600,31,464,61,43,446
965,9759,965.1102476093121,99621,617,376,283,94,84252,47317,1.3206954357013079,369,246,21128,25791,25212,17428,2390,6064,49103,38792,1359,141,1204,308,3369,3628,24603,9867,3569,145,1921,28308,19825,147,1597,33,498,67,48,484
966,9759,966.2234716894878,99620,643,403,284,94,84367,47401,1.3227062838787391,359,225,21160,25786,25167,17363,2386,6128,49103,38792,1471,155,1198,308,3357,3632,24611,9920,3557,151,1951,28215,19752,147,1593,34,546,74,51,523
967,9759,967.3382343107636,99619,645,415,285,94,84475,47459,1.3243859103183129,356,237,21213,25780,25118,17275,2382,6198,49103,38792,1589,170,1195,307,3349,3631,24618,9978,3548,154,1977,28130,19674,145,1587,39,584,80,57,566
968,9759,968.0826549231681,99618,641,406,286,94,84541,47497,1.3254431929972494,363,245,21226,25743,25095,17216,2388,6295,49103,38792,1712,186,1191,307,3342,3626,24609,10037,3544,158,1997,28054,19603,145,1581,44,625,82,61,612
969,9759,969.2006348414865,99616,640,427,286,96,84637,47581,1.327276742691937,369,221,21269,25718,25041,17156,2394,6381,49103,38792,1841,203,1189,305,3330,3621,24616,10101,3541,160,2035,27949,19518,145,1579,45,677,87,62,656
970,9759,970.3206977946684,99615,644,443,287,96,84735,47660,1.3290669075942378,402,205,21301,25685,24977,17088,2388,6482,49103,38792,1975,221,1187,305,3319,3622,24604,10172,3532,162,2070,27846,19441,145,1573,49,735,94,67,692
971,9759,971.0688725832659,99615,633,437,287,96,84804,47696,1.3301209657180144,397,221,21328,25632,24962,17035,2392,6578,49103,38792,2115,241,1184,305,3309,3625,24613,10219,3522,164,2089,27743,19363,145,1568,53,797,98,72,746
972,9759,972.1923151624716,99613,614,443,288,97,84889,47772,1.3317639263951493,421,213,21380,25601,24898,16973,2398,6672,49103,38792,2261,262,1183,302,3293,3629,24611,10297,3515,165,2119,27639,19271,144,1563,55,847,105,77,798
973,9759,973.3183447558993,99613,631,431,288,97,84996,47834,1.3334604921044442,424,200,21422,25573,24829,16920,2405,6778,49103,38792,2412,284,1180,302,3280,3628,24593,10376,3512,168,2163,27530,19168,144,1560,58,910,111,80,850
974,9759,974.0709020530109,99613,637,422,288,97,85073,47867,1.3345647656430386,413,214,21430,25518,24813,16847,2418,6901,49103,38792,2569,308,1179,301,3268,3628,24575,10445,3506,169,2175,27425,19107,144,1552,62,981,117,86,893
975,9759,975.2010347956863,99613,666,401,288,97,85199,47910,1.3362613313523335,379,242,21484,25482,24760,16771,2422,7006,49103,38792,2732,333,1175,299,3253,3641,24567,10520,3493,173,2197,27314,19022,143,1545,66,1043,126,94,942
976,9759,976.3337944321164,99613,674,403,288,97,85309,47976,1.3380281690140845,374,246,21542,25426,24694,16692,2427,7135,49103,38792,2900,360,1169,299,3238,3639,24559,10590,3484,179,2227,27209,18918,143,1539,67,1112,137,99,1005
977,9759,977.090508156293,99613,670,384,288,97,85377,48013,1.3390822483009246,387,252,21563,25359,24644,16635,2447,7272,49103,38792,3074,389,1163,298,3220,3637,24560,10652,3477,185,2246,27095,18839,143,1533,70,1185,149,107,1054
978,9759,978.2279326444489,99612,662,391,289,97,85474,48089,1.3408324298277317,371,258,21616,25293,24611,16564,2450,7396,49103,38792,3253,419,1160,297,3212,3640,24540,10744,3469,188,2284,26961,18744,143,1525,73,1261,153,114,1104
979,9759,979.367276067551,99612,648,403,289,97,85578,48161,1.3425992852266795,378,252,21641,25270,24582,16451,2461,7526,49103,38792,3438,451,1154,297,3198,3640,24502,10851,3456,194,2296,26843,18661,143,1521,74,1337,160,121,1164
980,9759,980.1277429697607,99611,642,422,289,98,85645,48208,1.3437572155685618,386,247,21664,25201,24535,16356,2483,7675,49103,38792,3628,485,1153,296,3187,3638,24475,10922,3451,194,2302,26747,18572,142,1512,80,1408,168,130,1234
981,9759,981.2706727322708,99611,649,409,289,98,85752,48265,1.3454036200821193,397,261,21702,25160,24465,16256,2497,7815,49103,38792,3823,520,1150,296,3172,3640,24451,11018,3444,196,2324,26636,18469,141,1502,84,1475,171,140,1302
982,9759,982.0342648931127,99611,657,403,289,98,85836,48309,1.3466886187268474,384,261,21723,25089,24425,16182,2521,7966,49103,38792,4023,557,1147,294,3154,3638,24407,11108,3440,199,2352,26538,18366,141,1493,89,1546,185,145,1369
983,9759,983.1820314656186,99611,658,413,289,98,85946,48385,1.3485558823824677,383,236,21752,25035,24380,16100,2537,8117,49103,38792,4228,596,1142,294,3141,3641,24399,11194,3430,204,2390,26391,18252,140,1486,93,1631,194,152,1437
984,9759,984.3318543708194,99611,667,409,289,98,86071,48452,1.3504833803495597,376,221,21748,24988,24360,16012,2559,8271,49103,38792,4438,637,1138,294,3123,3635,24389,11285,3423,207,2416,26262,18129,140,1483,94,1707,206,163,1517
985,9759,985.099062445959,99611,677,409,289,98,86149,48495,1.3516981056309043,372,222,21742,24922,24324,15917,2595,8431,49103,38792,4653,680,1136,294,3111,3635,24346,11371,3419,208,2435,26137,18034,140,1479,97,1801,213,175,1580
986,9759,986.2518579432194,99610,652,405,289,99,86246,48579,1.3535287621724725,373,208,21788,24868,24274,15827,2623,8592,49103,38792,4873,725,1132,292,3090,3632,24310,11482,3414,211,2479,25996,17911,139,1475,97,1894,228,189,1639
987,9759,987.0216597923458,99610,648,400,289,99,86313,48614,1.3545527557474148,367,216,21785,24785,24249,15738,2661,8761,49103,38792,5097,773,1130,290,3074,3634,24279,11557,3408,213,2494,25873,17802,139,1467,103,1988,239,202,1718
988,9759,988.1786334881148,99610,655,402,289,99,86418,48671,1.356179098484088,374,230,21799,24697,24188,15644,2694,8927,49103,38792,5325,823,1125,289,3059,3638,24242,11650,3396,218,2518,25736,17693,139,1453,111,2087,252,211,1793
989,9759,989.3382446916474,99610,653,398,289,99,86531,48740,1.3580062242746713,367,235,21839,24612,24123,15562,2728,9093,49103,38792,5558,875,1120,287,3036,3647,24210,11757,3380,223,2546,25607,17573,137,1440,118,2174,265,216,1874
990,9759,990.113063097578,99609,647,385,290,99,86590,48777,1.3589836259775723,388,233,21845,24506,24066,15491,2763,9285,49103,38792,5795,929,1120,287,3024,3643,24168,11850,3374,223,2557,25473,17466,137,1434,124,2270,274,226,1959
991,9759,991.27832133445,99609,648,404,290,99,86712,48855,1.3609914766737945,371,228,21870,24420,24019,15413,2801,9435,49103,38792,6035,986,1115,287,3002,3641,24145,11953,3365,228,2586,25336,17337,136,1422,130,2363,283,232,2048
992,9759,992.0566082356845,99609,637,400,290,99,86782,48898,1.36212591231716,375,231,21859,24318,23994,15326,2844,9625,49103,38792,6279,1045,1112,286,2987,3636,24102,12050,3362,231,2605,25188,17230,136,1415,137,2469,296,241,2126
993,9759,993.2257957242498,99609,616,391,290,99,86888,48960,1.3638125069019869,369,227,21902,24210,23939,15255,2883,9817,49103,38792,6527,1106,1106,285,2971,3636,24060,12166,3352,237,2634,25045,17089,136,1404,144,2564,304,250,2226
994,9759,994.006560220659,99609,631,388,290,99,86962,49001,1.3649670210523146,376,211,21881,24105,23882,15183,2939,10013,49103,38792,6778,1170,1103,285,2951,3638,24013,12254,3344,240,2648,24914,16969,136,1400,147,2669,318,261,2319
995,9759,995.181115269459,99609,637,390,290,99,87068,49063,1.3666536156371412,379,203,21890,24041,23813,15071,2990,10195,49103,38792,7032,1236,1098,284,2936,3635,23970,12366,3339,244,2668,24748,16856,135,1392,151,2787,328,277,2395
996,9759,996.359035346595,99608,638,381,291,99,87180,49123,1.3683941048911734,372,191,21919,23970,23745,14982,3034,10376,49103,38792,7289,1305,1095,284,2915,3641,23914,12495,3327,246,2691,24592,16729,135,1389,152,2889,339,290,2485
997,9759,997.1462471489743,99608,654,383,291,99,87253,49166,1.3695586699863465,360,192,21923,23881,23682,14877,3089,10567,49103,38792,7549,1377,1094,284,2897,3640,23882,12579,3323,247,2701,24459,16603,135,1376,162,2988,350,301,2587
998,9759,998.330555457738,99608,658,379,291,99,87366,49215,1.3711850453778813,352,207,21939,23784,23614,14777,3145,10753,49103,38792,7811,1451,1093,282,2878,3644,23835,12692,3315,248,2730,24305,16466,134,1367,170,3092,363,310,2684
999,9759,999.1220532961897,99608,654,377,291,99,87437,49250,1.372249216930367,359,228,21936,23661,23553,14669,3206,10965,49103,38792,8076,1528,1091,282,2858,3646,23772,12798,3307,249,2745,24173,16349,134,1361,175,3196,378,322,2772
1000,9759,1000.3129044958022,99608,629,382,291,99,87543,49311,1.3739257890932455,381,221,21940,23565,23491,14571,3267,11161,49103,38792,8343,1608,1083,280,2838,3647,23722,12922,3298,257,2763,24014,16222,133,1352,180,3307,388,342,2860
1001,9759,1001.1086583690856,99608,630,386,291,99,87610,49354,1.3750301180628062,379,208,21939,23462,23420,14470,3340,11374,49103,38792,8612,1690,1081,279,2824,3653,23668,13013,3290,259,2770,23874,16095,132,1344,187,3421,400,359,2959
1002,9759,1002.3060333260855,99607,627,387,292,99,87715,49417,1.3767305510656882,395,204,21943,23381,23343,14366,3399,11562,49103,38792,8882,1775,1077,277,2809,3652,23595,13148,3285,263,2788,23720,15966,132,1332,194,3535,408,377,3049
1003,9759,1003.1064679191627,99607,641,391,292,99,87801,49459,1.3780156013131608,380,201,21935,23250,23277,14287,3474,11771,49103,38792,9154,1863,1077,276,2782,3650,23534,13260,3278,263,2794,23572,15861,132,1324,201,3649,431,390,3133
1004,9759,1004.3111412170209,99607,635,396,292,99,87917,49526,1.3798528215888441,372,192,21941,23161,23220,14192,3539,11959,49103,38792,9427,1954,1072,274,2763,3655,23497,13373,3267,267,2806,23396,15730,131,1311,209,3775,444,414,3223
1005,9759,1005.115894392116,99606,627,405,293,99,87983,49567,1.3809409071742667,370,191,21952,23049,23144,14076,3613,12179,49103,38792,9701,2047,1070,274,2739,3654,23420,13493,3262,268,2812,23261,15620,130,1303,216,3884,463,426,3311
1006,9759,1006.3276701104015,99606,659,374,293,99,88109,49613,1.382667710780475,345,203,21953,22951,23068,13991,3681,12381,49103,38792,9976,2143,1068,274,2723,3654,23372,13609,3255,269,2837,23071,15492,129,1296,218,4029,472,447,3391
1007,9759,1007.1377541806389,99606,661,381,293,99,88182,49658,1.3838523783707808,350,194,21934,22860,22998,13876,3763,12589,49103,38792,10252,2242,1067,274,2704,3647,23320,13710,3250,270,2841,22911,15381,129,1291,221,4165,482,467,3476
1008,9759,1008.3571671164867,99605,660,382,294,99,88304,49723,1.3857436875658853,338,203,21928,22769,22935,13773,3844,12773,49103,38792,10529,2344,1062,274,2688,3646,23271,13841,3242,275,2852,22731,15251,129,1278,226,4290,489,487,3573
1009,9759,1009.1720116414714,99604,636,372,294,100,88376,49755,1.3868017348700856,352,208,21916,22646,22872,13677,3929,12996,49103,38792,10806,2449,1058,274,2665,3645,23203,13963,3233,279,2859,22587,15123,129,1271,233,4400,506,506,3670
1010,9759,1010.3983933172599,99604,638,349,294,100,88491,49807,1.3884783743624753,354,214,21901,22567,22796,13597,4016,13172,49103,38792,11083,2556,1057,274,2633,3642,23134,14111,3225,280,2891,22422,14984,129,1257,242,4510,533,512,3768
1011,9759,1011.2184019653856,99604,633,351,294,100,88560,49854,1.389642986225453,359,197,21852,22478,22746,13499,4115,13374,49103,38792,11360,2666,1057,273,2617,3641,23046,14250,3218,279,2899,22285,14860,129,1242,252,4615,547,526,3868
1012,9759,1012.0402354524259,99602,635,351,296,100,88638,49886,1.3907752856368345,348,203,21825,22376,22685,13373,4210,13596,49103,38792,11637,2779,1054,273,2593,3642,22979,14365,3211,282,2884,22130,14752,128,1238,255,4739,567,550,3960
1013,9759,1013.277209170843,99602,643,350,296,100,88755,49956,1.3926527579767474,343,185,21820,22322,22601,13258,4296,13784,49103,38792,11914,2895,1051,273,2572,3643,22895,14520,3207,285,2898,21957,14628,127,1228,260,4864,579,578,4037
1014,9759,1014.1044352368234,99602,644,350,296,100,88831,49993,1.3937872733479248,345,180,21779,22231,22542,13156,4393,13982,49103,38792,12191,3014,1049,273,2552,3642,22809,14649,3202,285,2901,21820,14505,127,1218,265,4979,595,594,4137
1015,9759,1015.3492058217778,99602,658,357,296,100,88968,50054,1.3957751852372442,304,193,21777,22124,22477,13053,4487,14172,49103,38792,12467,3135,1049,273,2531,3633,22742,14790,3196,285,2908,21655,14376,126,1207,275,5094,612,618,4232
1016,9759,1016.1811179443761,99602,634,367,296,100,89035,50107,1.3969799803216802,322,187,21750,22000,22412,12962,4585,14383,49103,38792,12742,3259,1044,270,2510,3637,22673,14915,3188,290,2909,21495,14253,126,1199,281,5215,627,639,4331
1017,9759,1017.0153504779904,99601,616,376,296,101,89097,50152,1.3980682924870231,344,178,21727,21892,22335,12862,4681,14590,49103,38792,13016,3386,1041,270,2490,3632,22583,15049,3187,291,2912,21325,14145,126,1191,288,5354,643,656,4418
1018,9759,1018.2717924847939,99601,634,334,296,101,89200,50200,1.3995843415226754,338,175,21734,21835,22216,12794,4781,14760,49103,38792,13289,3516,1037,270,2473,3635,22504,15190,3178,294,2941,21161,13995,125,1180,294,5478,654,682,4510
1019,9759,1019.1131879400647,99601,617,331,296,101,89259,50236,1.4005381472073573,346,170,21712,21721,22146,12704,4882,14972,49103,38792,13561,3648,1035,268,2450,3639,22392,15340,3173,295,2954,21009,13877,125,1173,300,5605,670,701,4595
1020,9759,1020.380413289378,99601,625,302,296,101,89384,50289,1.4023252778586561,316,176,21707,21645,22074,12623,4981,15152,49103,38792,13832,3783,1033,267,2427,3643,22318,15500,3162,297,2972,20834,13747,124,1160,308,5721,685,727,4676
1021,9759,1021.2280134529468,99601,629,312,296,101,89458,50329,1.4034698446802742,298,173,21681,21547,22001,12509,5094,15357,49103,38792,14101,3921,1031,267,2403,3645,22241,15622,3156,299,2970,20673,13640,124,1153,315,5847,704,747,4764
1022,9759,1022.0782780601364,99601,627,307,296,101,89528,50369,1.4045742512625374,296,161,21660,21477,21906,12394,5214,15559,49103,38792,14368,4061,1031,267,2391,3639,22153,15759,3151,298,2974,20521,13533,123,1147,320,5970,713,772,4839
1023,9759,1023.3598910638834,99600,618,316,297,101,89628,50421,1.4061144578313254,297,167,21625,21398,21849,12286,5313,15731,49103,38792,14634,4204,1027,266,2365,3637,22070,15900,3143,302,2985,20366,13414,123,1136,329,6088,733,796,4920
1024,9759,1024.2165732917488,99600,596,302,297,101,89689,50459,1.4071084337349398,320,165,21589,21312,21763,12206,5434,15913,49103,38792,14898,4349,1022,266,2349,3639,21990,16029,3134,306,2992,20219,13279,123,1128,336,6203,748,819,5018
1025,9759,1025.0762113534308,99600,590,325,297,101,89762,50503,1.4082831325301204,308,154,21554,21219,21697,12099,5553,16101,49103,38792,15160,4497,1017,266,2330,3639,21888,16166,3131,311,2998,20079,13169,120,1111,350,6322,766,831,5106
1026,9759,1026.3711875907682,99600,580,322,297,101,89853,50548,1.4096485943775101,298,152,21553,21152,21598,11992,5673,16280,49103,38792,15420,4647,1015,266,2314,3636,21792,16320,3124,312,2994,19923,13063,120,1099,357,6441,779,865,5180
1027,9759,1027.2376826331063,99599,568,317,298,101,89910,50582,1.4105764114097532,309,157,21528,21057,21500,11909,5796,16458,49103,38792,15678,4799,1012,266,2295,3634,21693,16464,3120,315,2992,19784,12939,120,1092,362,6548,795,883,5285
1028,9759,1028.1075015112194,99599,550,310,298,101,89959,50614,1.4113896725870743,332,170,21491,20977,21412,11823,5916,16618,49103,38792,15934,4953,1007,266,2275,3639,21596,16596,3114,319,2992,19653,12820,119,1084,369,6657,810,912,5371
1029,9759,1029.4147898068888,99598,568,317,299,101,90077,50671,1.413160906845519,323,167,21480,20944,21290,11708,6039,16762,49103,38792,16187,5110,1003,266,2248,3634,21524,16741,3109,323,2986,19488,12720,118,1074,378,6773,830,933,5450
1030,9759,1030.286499514698,99597,548,324,300,101,90142,50716,1.4142795465726878,336,150,21450,20859,21184,11619,6181,16946,49103,38792,16438,5269,998,266,2226,3628,21429,16892,3105,327,2980,19337,12627,118,1065,387,6889,846,955,5522
1031,9759,1031.15962598019,99597,551,328,300,101,90220,50752,1.4154241593622299,313,151,21421,20789,21102,11517,6312,17113,49103,38792,16687,5430,997,265,2207,3628,21332,17028,3096,327,2981,19195,12524,118,1060,391,7010,860,981,5597
1032,9759,1032.0338900549418,99597,545,330,300,101,90282,50791,1.4164382461319116,315,144,21395,20700,21006,11435,6438,17289,49103,38792,16933,5593,995,265,2187,3629,21241,17162,3086,329,2975,19045,12428,118,1050,398,7135,874,1007,5673
1033,9759,1033.3472662667664,99597,560,323,300,101,90401,50841,1.4181350843900922,298,141,21387,20655,20914,11348,6540,17431,49103,38792,17177,5758,992,265,2168,3627,21170,17322,3081,331,2950,18879,12328,118,1036,407,7247,883,1038,5755
1034,9759,1034.2230528129296,99596,551,328,301,101,90470,50877,1.4192035824731917,285,149,21331,20544,20859,11273,6672,17604,49103,38792,17418,5925,992,265,2152,3625,21080,17461,3076,330,2954,18722,12222,115,1028,414,7376,894,1054,5836
1035,9759,1035.1009772602272,99596,535,321,301,101,90527,50918,1.4201875577332423,293,146,21274,20474,20784,11186,6812,17771,49103,38792,17656,6093,990,264,2131,3622,20997,17596,3070,332,2949,18581,12110,114,1021,421,7486,911,1084,5917
1036,9759,1036.4218045834964,99596,515,305,301,101,90616,50966,1.4215631149845376,313,155,21249,20426,20681,11114,6940,17898,49103,38792,17892,6263,987,263,2103,3617,20928,17736,3063,335,2962,18433,11971,113,1010,426,7595,931,1113,6010
1037,9759,1037.303384780309,99595,512,312,302,101,90681,51006,1.4226316582157739,299,150,21234,20361,20579,11025,7073,18050,49103,38792,18125,6435,987,261,2078,3612,20859,17853,3059,335,2951,18288,11866,113,1006,430,7709,951,1141,6096
1038,9759,1038.186090951178,99595,508,293,302,101,90744,51033,1.423535318038054,315,156,21193,20295,20468,10951,7213,18203,49103,38792,18355,6608,985,260,2057,3610,20765,17989,3055,337,2945,18153,11760,112,999,436,7824,964,1172,6172
1039,9759,1039.0702461767382,99595,516,280,302,101,90817,51054,1.4244791405191024,296,163,21172,20231,20362,10873,7351,18351,49103,38792,18582,6783,979,259,2047,3606,20649,18139,3051,343,2946,18020,11663,112,992,443,7941,970,1191,6244
1040,9759,1040.3984112934888,99595,508,285,302,101,90922,51112,1.4261157688638988,277,152,21167,20199,20263,10812,7482,18450,49103,38792,18807,6959,975,257,2029,3605,20572,18284,3044,346,2952,17857,11549,110,984,447,8064,982,1212,6326
1041,9759,1041.2841146198564,99595,492,280,302,101,90976,51146,1.426999347356795,282,150,21133,20156,20170,10723,7620,18589,49103,38792,19029,7136,971,257,2009,3601,20471,18423,3038,350,2950,17719,11453,110,978,453,8183,997,1237,6395
1042,9759,1042.171521289485,99595,487,267,302,101,91035,51179,1.4279230885084593,273,138,21096,20111,20080,10657,7761,18725,49103,38792,19248,7314,970,256,1990,3599,20388,18551,3034,350,2947,17572,11354,110,968,461,8301,1011,1263,6470
1043,9759,1043.0605106025448,99594,490,269,303,101,91094,51211,1.4288511356105789,271,134,21055,20057,19974,10578,7906,18860,49103,38792,19464,7493,966,256,1972,3597,20296,18674,3030,354,2936,17439,11264,110,962,464,8418,1027,1283,6546
1044,9759,1044.3968229600118,99594,491,278,303,101,91192,51264,1.4303672912022813,235,132,21067,20054,19867,10499,8036,18935,49103,38792,19677,7673,963,256,1954,3594,20217,18809,3025,357,2933,17291,11157,109,948,477,8529,1040,1315,6620
1045,9759,1045.287569671965,99594,483,294,303,101,91242,51302,1.431250878566982,234,117,21035,20013,19775,10409,8169,19065,49103,38792,19887,7854,962,256,1945,3590,20123,18935,3021,358,2927,17154,11069,109,938,486,8647,1047,1337,6690
1046,9759,1046.1794866694677,99594,466,271,303,101,91293,51323,1.4319738136835551,249,127,20984,19950,19677,10352,8320,19198,49103,38792,20094,8036,962,256,1933,3587,20052,19058,3018,358,2921,16999,10976,109,931,491,8769,1054,1365,6755
1047,9759,1047.0734023176017,99594,462,273,303,101,91341,51360,1.432827278751732,246,119,20949,19888,19578,10278,8461,19340,49103,38792,20298,8219,962,256,1916,3587,19950,19197,3009,358,2915,16875,10893,109,921,501,8872,1066,1387,6820
1048,9759,1048.4174545178723,99594,451,282,303,101,91425,51411,1.434182782095307,246,112,20947,19868,19463,10192,8589,19444,49103,38792,20500,8403,957,254,1906,3588,19862,19342,3001,361,2909,16738,10787,108,916,503,8976,1073,1408,6905
1049,9759,1049.313480781336,99594,454,264,303,101,91478,51435,1.43495592103942,239,111,20912,19815,19359,10135,8732,19573,49103,38792,20699,8587,956,253,1890,3587,19757,19480,2998,362,2906,16625,10688,107,910,507,9072,1083,1436,6977
1050,9759,1050.2111771879001,99594,463,254,303,101,91541,51461,1.4358495491696286,244,101,20872,19762,19227,10080,8890,19701,49103,38792,20895,8772,954,253,1871,3592,19672,19596,2993,364,2903,16491,10592,106,902,514,9183,1099,1464,7045
1051,9759,1051.110447199418,99594,451,236,303,101,91591,51481,1.4365524027551861,235,111,20860,19694,19110,10038,9040,19819,49103,38792,21088,8957,953,253,1860,3591,19575,19729,2990,365,2897,16365,10487,106,893,521,9285,1107,1490,7127
1052,9759,1052.010799976962,99594,444,234,303,101,91636,51505,1.4372452155752355,237,110,20821,19658,19008,9966,9186,19930,49103,38792,21278,9142,952,253,1843,3593,19486,19849,2986,366,2890,16245,10410,106,881,531,9384,1120,1512,7187
1053,9759,1053.3639897071696,99594,440,221,303,101,91710,51549,1.438430025905175,248,105,20796,19661,18895,9900,9317,20011,49103,38792,21465,9327,947,252,1832,3596,19397,19993,2977,371,2881,16097,10330,106,878,532,9493,1129,1545,7238
1054,9759,1054.2669122100992,99594,448,215,303,101,91774,51574,1.4393236540353838,232,104,20744,19618,18803,9833,9469,20128,49103,38792,21649,9513,945,251,1809,3597,19294,20123,2977,373,2876,15985,10239,104,871,539,9591,1145,1564,7311
1055,9759,1055.1721134998738,99594,447,208,303,101,91830,51599,1.4401369560415287,230,107,20717,19591,18705,9771,9597,20221,49103,38792,21830,9699,942,249,1796,3590,19196,20262,2975,376,2870,15855,10168,104,860,548,9696,1158,1582,7367
1056,9759,1056.0789276219805,99594,440,210,303,101,91877,51624,1.4408598911581019,231,110,20675,19552,18614,9706,9736,20320,49103,38792,22009,9885,940,249,1786,3586,19091,20396,2974,378,2866,15750,10081,104,853,552,9785,1166,1600,7437
1057,9759,1057.4418662347996,99594,436,208,303,101,91954,51663,1.4420246199570255,229,103,20664,19571,18499,9638,9868,20378,49103,38792,22185,10071,939,248,1769,3585,18996,20531,2969,378,2867,15614,9996,103,847,557,9895,1181,1627,7492
1058,9759,1058.3510519899485,99594,429,209,303,101,92001,51693,1.4427977589011387,232,100,20627,19529,18407,9579,10001,20481,49103,38792,22358,10256,934,248,1757,3584,18897,20659,2964,383,2864,15481,9922,103,841,563,10012,1189,1644,7549
1059,9759,1059.2619731025668,99594,447,205,303,101,92051,51715,1.4435206940177119,236,99,20587,19509,18283,9518,10143,20567,49103,38792,22528,10441,934,248,1744,3586,18781,20795,2962,383,2858,15388,9847,101,835,569,10094,1199,1661,7609
1060,9759,1060.1745401090136,99594,455,197,303,101,92108,51732,1.4442637106653011,220,104,20564,19488,18173,9447,10284,20662,49103,38792,22696,10626,932,247,1737,3583,18683,20925,2960,384,2848,15265,9787,101,829,574,10196,1205,1688,7650
1061,9759,1061.0883067675752,99594,455,187,303,101,92161,51752,1.4449966865473824,203,118,20527,19469,18086,9383,10425,20741,49103,38792,22861,10810,931,246,1722,3584,18596,21045,2955,385,2822,15163,9711,101,818,583,10281,1218,1720,7713
1062,9759,1062.0034641650798,99594,424,184,303,101,92198,51780,1.4456493363054,220,112,20477,19451,18005,9325,10570,20826,49103,38792,23023,10994,929,245,1704,3584,18510,21169,2951,387,2806,15062,9638,100,812,588,10360,1235,1744,7770
1063,9759,1063.3800393232318,99594,415,195,303,101,92269,51822,1.4467839428077998,225,102,20477,19463,17890,9268,10689,20870,49103,38792,23183,11177,928,243,1691,3579,18430,21302,2947,387,2796,14935,9568,99,806,593,10461,1241,1764,7824
1064,9759,1064.2978505202366,99594,398,195,303,101,92310,51841,1.4473863887382774,221,108,20445,19435,17787,9218,10845,20942,49103,38792,23340,11360,928,242,1673,3588,18341,21418,2936,385,2790,14831,9498,99,802,596,10550,1256,1776,7885
1065,9759,1065.2171340435325,99593,380,204,304,101,92352,51870,1.448113823260671,211,112,20428,19429,17695,9164,10981,20989,49103,38792,23494,11542,925,241,1658,3584,18250,21541,2929,388,2782,14731,9427,99,794,602,10635,1268,1795,7944
1066,9759,1066.137692255259,99593,389,203,304,101,92407,51896,1.4489271334330727,200,110,20404,19432,17582,9099,11120,21054,49103,38792,23646,11723,923,241,1651,3584,18157,21660,2926,390,2767,14631,9345,99,790,606,10719,1273,1818,8013
1067,9759,1067.0595083295036,99593,388,207,304,101,92454,51918,1.4496199532095628,190,110,20392,19431,17474,9029,11251,21121,49103,38792,23795,11903,922,241,1639,3589,18068,21774,2921,391,2753,14525,9275,97,785,611,10805,1284,1845,8068
1068,9759,1068.4428314261488,99593,393,203,304,101,92528,51954,1.4507244485054172,164,113,20374,19484,17388,8967,11376,21131,49103,38792,23942,12082,920,239,1628,3593,17983,21902,2914,393,2755,14423,9189,96,777,616,10879,1290,1867,8129
1069,9759,1069.3655027003867,99593,385,194,304,101,92572,51977,1.4513971865492554,158,107,20363,19494,17293,8915,11496,21188,49103,38792,24086,12260,917,238,1618,3597,17890,22024,2909,395,2743,14318,9122,96,770,623,10961,1300,1895,8177
1070,9759,1070.2897454258746,99593,364,186,304,101,92602,51998,1.4519092707318788,160,108,20317,19490,17219,8864,11635,21250,49103,38792,24228,12437,916,238,1610,3600,17791,22151,2904,395,2735,14215,9062,96,765,628,11043,1306,1920,8218
1071,9759,1071.2156073708124,99593,362,188,304,101,92651,52024,1.4526623357063246,161,107,20277,19489,17126,8806,11769,21308,49103,38792,24367,12613,915,238,1589,3597,17699,22276,2900,396,2726,14131,9000,96,756,636,11104,1326,1942,8266
1072,9759,1072.1435282482826,99593,368,185,304,101,92697,52042,1.4533049511511853,148,105,20247,19485,17025,8754,11907,21369,49103,38792,24504,12788,913,238,1578,3592,17613,22387,2900,398,2711,14034,8943,96,753,638,11183,1337,1968,8311
1073,9759,1073.0733154652928,99593,355,166,304,101,92732,52058,1.4538170353338087,147,102,20230,19494,16938,8704,12025,21432,49103,38792,24639,12962,911,238,1565,3594,17528,22500,2894,400,2705,13932,8882,96,748,643,11263,1348,1996,8350
1074,9759,1074.004103557629,99593,338,179,304,101,92761,52083,1.4543592421154097,146,98,20245,19487,16826,8649,12140,21485,49103,38792,24771,13135,910,238,1554,3592,17452,22600,2892,401,2689,13821,8835,96,742,648,11357,1358,2019,8389
1075,9759,1075.399922870234,99593,314,178,304,101,92804,52119,1.4551524705551595,160,89,20248,19502,16736,8600,12237,21529,49103,38792,24901,13307,909,236,1543,3592,17391,22707,2887,402,2682,13715,8773,96,736,651,11433,1366,2046,8428
1076,9759,1076.3303955598822,99593,309,177,304,101,92837,52140,1.4556946773367607,161,86,20226,19503,16643,8545,12356,21587,49103,38792,25029,13477,907,235,1530,3594,17307,22816,2886,403,2668,13619,8720,96,731,654,11512,1377,2071,8467
1077,9759,1077.2617882355496,99593,315,174,304,101,92875,52166,1.4563372927816212,148,78,20209,19511,16547,8498,12476,21637,49103,38792,25155,13646,904,235,1524,3595,17236,22909,2884,406,2659,13515,8662,96,727,658,11598,1381,2095,8509
1078,9759,1078.1940998561736,99593,295,170,304,101,92894,52182,1.4566887231030294,162,83,20202,19519,16452,8441,12584,21685,49103,38792,25279,13814,902,234,1514,3598,17154,23008,2881,408,2653,13419,8603,96,723,661,11682,1388,2114,8555
1079,9759,1079.126780615535,99593,293,167,304,101,92933,52201,1.4572710933499342,151,83,20181,19530,16368,8391,12702,21727,49103,38792,25400,13980,901,234,1503,3593,17081,23113,2878,409,2646,13322,8549,96,714,667,11761,1397,2131,8598
1080,9759,1080.0604349153698,99593,289,152,304,101,92972,52218,1.4578333818641873,146,82,20162,19543,16279,8355,12819,21766,49103,38792,25519,14145,901,234,1498,3592,17012,23215,2875,407,2634,13224,8481,96,712,668,11838,1401,2158,8647
1081,9759,1081.4619544296306,99593,304,151,304,101,93022,52248,1.4586366511702629,142,80,20217,19603,16128,8303,12904,21761,49103,38792,25636,14308,899,234,1491,3594,16911,23332,2872,408,2626,13149,8425,96,708,672,11900,1407,2187,8682
1082,9759,1082.394681720424,99593,299,141,304,101,93052,52261,1.4590684084222787,144,82,20189,19630,16044,8248,13019,21797,49103,38792,25751,14470,897,234,1487,3592,16838,23431,2872,410,2617,13054,8366,96,708,672,11976,1409,2206,8728
1083,9759,1083.3282344413817,99593,288,148,304,101,93088,52281,1.4596306969365316,154,79,20177,19647,15945,8199,13131,21825,49103,38792,25864,14630,895,234,1481,3591,16751,23537,2870,412,2613,12977,8313,96,702,677,12041,1414,2217,8772
1084,9759,1084.263023626664,99593,280,145,304,101,93118,52300,1.460122699386503,147,79,20180,19656,15853,8169,13235,21849,49103,38792,25975,14789,894,234,1470,3595,16679,23634,2866,412,2611,12872,8265,96,697,682,12127,1424,2226,8809
1085,9759,1085.1976481427266,99593,288,142,304,101,93153,52314,1.4606147018364743,139,77,20173,19673,15757,8124,13338,21882,49103,38792,26084,14946,894,234,1461,3596,16598,23732,2864,412,2596,12795,8215,96,695,683,12192,1432,2244,8854
1086,9759,1086.1323792915912,99593,280,135,304,101,93186,52328,1.461086622553794,138,82,20178,19689,15660,8090,13439,21902,49103,38792,26191,15102,893,233,1451,3597,16522,23827,2863,412,2592,12712,8162,96,691,687,12259,1441,2266,8889
1087,9759,1087.067479212413,99593,264,131,304,101,93205,52342,1.4614179711425501,147,82,20155,19708,15587,8056,13542,21921,49103,38792,26297,15256,892,233,1445,3595,16441,23926,2863,413,2585,12627,8121,96,689,688,12331,1446,2283,8919
1088,9759,1088.0031571251,99593,260,127,304,101,93236,52363,1.4619400961914994,151,77,20153,19706,15497,8032,13634,21956,49103,38792,26401,15408,891,233,1433,3597,16377,24016,2860,414,2573,12543,8075,96,681,693,12398,1457,2300,8956
1089,9759,1089.4065092188966,99593,251,133,304,101,93273,52394,1.4626228751016637,151,74,20208,19779,15375,7969,13710,21943,49103,38792,26503,15559,889,233,1422,3594,16308,24122,2859,416,2562,12459,8031,96,675,697,12462,1464,2316,8988
1090,9759,1090.3401159008652,99593,257,130,304,101,93314,52408,1.4631751227495908,134,79,20200,19784,15293,7931,13811,21974,49103,38792,26603,15708,888,233,1415,3588,16247,24206,2859,416,2552,12382,7973,96,670,701,12529,1470,2336,9032
1091,9759,1091.274097280271,99593,256,139,304,101,93351,52429,1.4637574929964958,129,76,20195,19810,15208,7879,13907,21994,49103,38792,26701,15855,888,233,1406,3590,16167,24303,2857,415,2541,12310,7924,95,666,704,12590,1477,2354,9073
1092,9759,1092.2084510730167,99593,254,129,304,101,93381,52442,1.4641892502485114,133,82,20169,19826,15129,7854,14010,22007,49103,38792,26798,16001,888,233,1397,3589,16093,24396,2855,415,2534,12245,7875,93,663,707,12643,1484,2376,9107
1093,9759,1093.1435292288238,99593,241,135,304,101,93399,52461,1.4645607623025714,133,80,20170,19864,15043,7805,14108,22014,49103,38792,26893,16145,888,232,1390,3581,16040,24472,2854,415,2526,12180,7827,93,661,709,12695,1491,2393,9146
1094,9759,1094.0790933593748,99593,236,146,304,101,93424,52486,1.4650628056188688,127,68,20176,19887,14951,7769,14205,22028,49103,38792,26986,16287,887,232,1382,3578,15981,24551,2852,416,2514,12105,7784,93,660,710,12760,1498,2411,9179
