,indexID,time,N,Inf_L,Inf_H,Dead_L,Dead_H,cum_cases_L,cum_cases_H,cum_sum_per_N,Exposed_L,Exposed_H,Sus_L,Sus_H,Rec_nat_L,Rec_nat_H,Rec_vax_L,Rec_vax_H,vaccinatedH,vaccinatedL,boostedH,boostedL,count_Naive,count_Delta,count_Delta_vaccine,count_two,count_three,count_four,count_Omicron,count_Omicron_star,count_Omicron_star_vaccine,count_Omicron_vaccine,count_Vaccine,count_WT,count_WT_vaccine,count_WT_vaccine_boost,count_Omicron_vaccine_boost,count_Delta_vaccine_boost,count_Omicron_star_vaccine_boost,count_Vaccine_boost
0,1743,1.1513003662426056,99996,7,4,0,0,7,5,0.00012000480019200768,18,20,49973,49973,0,1,0,0,0,0,0,0,99995,0,0,0,0,0,0,0,0,0,0,1,0,0,0,0,0,0
1,1743,2.0056686932369785,99996,10,6,0,0,10,8,0.00018000720028801153,17,17,49971,49973,0,2,0,0,0,0,0,0,99994,0,0,0,0,0,0,0,0,0,0,2,0,0,0,0,0,0
2,1743,3.0836882812502653,99996,14,8,0,0,16,14,0.0003000120004800192,11,11,49971,49973,2,6,0,0,0,0,0,0,99988,0,0,0,0,0,0,0,0,0,0,8,0,0,0,0,0,0
3,1743,4.013392233090244,99996,14,7,0,0,17,14,0.00031001240049601984,12,12,49969,49972,3,7,0,0,0,0,0,0,99986,0,0,0,0,0,0,0,0,0,0,10,0,0,0,0,0,0
4,1743,5.046059670869605,99996,15,9,0,0,19,16,0.0003500140005600224,11,10,49968,49972,4,7,0,0,0,0,0,0,99985,0,0,0,0,0,0,0,0,0,0,11,0,0,0,0,0,0
5,1743,6.050914830976226,99996,17,13,0,0,23,21,0.00044001760070402814,8,8,49967,49969,6,8,0,0,0,0,0,0,99982,0,0,0,0,0,0,0,0,0,0,14,0,0,0,0,0,0
6,1743,7.007002968093485,99996,19,16,0,0,26,24,0.000500020000800032,10,8,49962,49966,7,8,0,0,0,0,0,0,99981,0,0,0,0,0,0,0,0,0,0,15,0,0,0,0,0,0
7,1743,8.012344049232507,99996,17,15,0,0,28,26,0.0005400216008640345,10,9,49960,49963,11,11,0,0,0,0,0,0,99974,0,0,0,0,0,0,0,0,0,0,22,0,0,0,0,0,0
8,1743,9.003868702200316,99996,18,15,0,0,30,31,0.0006100244009760391,12,6,49956,49962,12,15,0,0,0,0,0,0,99968,0,0,0,0,0,0,0,0,0,0,28,0,0,0,0,0,0
9,1743,10.021783790374641,99996,19,18,0,0,34,37,0.0007100284011360454,12,2,49952,49960,15,18,0,0,0,0,0,0,99962,0,0,0,0,0,0,0,0,0,0,34,0,0,0,0,0,0
10,1743,11.033876975349546,99996,15,15,0,0,36,37,0.0007300292011680467,15,3,49947,49959,21,21,0,0,0,0,0,0,99953,0,0,0,0,0,0,0,0,0,0,43,0,0,0,0,0,0
11,1743,12.106727236968377,99996,17,12,0,0,40,37,0.0007700308012320492,17,4,49941,49958,23,24,0,0,0,0,0,0,99948,0,0,0,0,0,0,0,0,0,0,48,0,0,0,0,0,0
12,1743,13.10249844154989,99996,19,12,0,0,44,37,0.0008100324012960519,16,7,49939,49955,24,24,0,0,0,0,0,0,99946,0,0,0,0,0,0,0,0,0,0,50,0,0,0,0,0,0
13,1743,14.037326304087605,99996,20,12,0,0,47,38,0.0008500340013600544,14,7,49938,49954,26,25,0,0,0,0,0,0,99943,0,0,0,0,0,0,0,0,0,0,53,0,0,0,0,0,0
14,1743,15.15584429339259,99996,24,12,0,0,51,39,0.0009000360014400576,16,6,49932,49954,26,26,0,0,0,0,0,0,99942,0,0,0,0,0,0,0,0,0,0,54,0,0,0,0,0,0
15,1743,16.072673905469166,99996,23,11,0,0,54,41,0.0009500380015200608,21,8,49924,49950,30,29,0,0,0,0,0,0,99935,0,0,0,0,0,0,0,0,0,0,61,0,0,0,0,0,0
16,1743,17.0233136139745,99996,23,13,0,0,57,44,0.0010100404016160646,24,5,49918,49950,33,30,0,0,0,0,0,0,99931,0,0,0,0,0,0,0,0,0,0,65,0,0,0,0,0,0
17,1743,18.01918070325528,99996,28,11,0,0,65,45,0.0011000440017600705,18,6,49916,49948,36,33,0,0,0,0,0,0,99925,0,0,0,0,0,0,0,0,0,0,71,0,0,0,0,0,0
18,1743,19.122916856620165,99996,32,12,0,0,73,47,0.0012000480019200767,14,6,49912,49946,40,34,0,0,0,0,0,0,99920,0,0,0,0,0,0,0,0,0,0,76,0,0,0,0,0,0
19,1743,20.02981744032541,99996,26,12,0,0,75,49,0.0012400496019840794,16,6,49908,49944,48,36,0,0,0,0,0,0,99910,0,0,0,0,0,0,0,0,0,0,86,0,0,0,0,0,0
20,1743,21.046967942087495,99996,27,10,0,0,80,50,0.0013000520020800832,16,9,49903,49940,52,39,0,0,0,0,0,0,99903,0,0,0,0,0,0,0,0,0,0,93,0,0,0,0,0,0
21,1743,22.09053801063886,99996,28,9,0,0,88,52,0.0014000560022400896,16,8,49895,49939,59,42,0,0,0,0,0,0,99893,0,0,0,0,0,0,0,0,0,0,103,0,0,0,0,0,0
22,1743,23.30761231125467,99996,27,10,0,0,90,54,0.0014400576023040922,20,8,49889,49938,62,42,0,0,0,0,0,0,99889,0,0,0,0,0,0,0,0,0,0,107,0,0,0,0,0,0
23,1743,24.156877676589325,99996,28,8,0,0,93,54,0.001470058802352094,20,8,49887,49938,63,44,0,0,0,0,0,0,99885,0,0,0,0,0,0,0,0,0,0,111,0,0,0,0,0,0
24,1743,25.102083281093375,99996,26,7,0,0,96,54,0.001500060002400096,18,9,49886,49937,68,45,0,0,0,0,0,0,99879,0,0,0,0,0,0,0,0,0,0,117,0,0,0,0,0,0
25,1743,26.160538273158423,99996,28,7,0,0,100,55,0.0015500620024800993,16,8,49886,49937,68,46,0,0,0,0,0,0,99876,0,0,0,0,0,0,0,0,0,0,120,0,0,0,0,0,0
26,1743,27.260882915783235,99996,28,9,0,0,102,57,0.0015900636025441017,17,9,49883,49934,70,46,0,0,0,0,0,0,99874,0,0,0,0,0,0,0,0,0,0,122,0,0,0,0,0,0
27,1743,28.09073763509416,99996,29,9,0,0,105,59,0.001640065602624105,16,9,49881,49932,72,48,0,0,0,0,0,0,99870,0,0,0,0,0,0,0,0,0,0,126,0,0,0,0,0,0
28,1743,29.11950123217703,99996,31,8,0,0,109,61,0.0017000680027201088,16,8,49877,49931,74,51,0,0,0,0,0,0,99865,0,0,0,0,0,0,0,0,0,0,131,0,0,0,0,0,0
29,1743,30.087819151472882,99996,29,11,0,0,110,64,0.0017400696027841114,19,7,49873,49929,77,51,0,0,0,0,0,0,99862,0,0,0,0,0,0,0,0,0,0,134,0,0,0,0,0,0
30,1743,31.327436714962456,99996,28,12,0,0,114,65,0.0017900716028641146,19,9,49869,49926,82,51,0,0,0,0,0,0,99857,0,0,0,0,0,0,0,0,0,0,139,0,0,0,0,0,0
31,1743,32.05598107271864,99996,33,10,0,0,121,66,0.0018700748029921196,16,10,49866,49924,83,54,0,0,0,0,0,0,99852,0,0,0,0,0,0,0,0,0,0,144,0,0,0,0,0,0
32,1743,33.005207400018485,99996,34,9,0,0,126,67,0.0019300772030881235,16,10,49861,49923,87,56,0,0,0,0,0,0,99846,0,0,0,0,0,0,0,0,0,0,150,0,0,0,0,0,0
33,1743,34.02291807331012,99996,32,11,0,0,129,69,0.001980079203168127,18,13,49857,49918,91,56,0,0,0,0,0,0,99841,0,0,0,0,0,0,0,0,0,0,155,0,0,0,0,0,0
34,1743,35.11155939300542,99996,34,14,0,0,133,74,0.0020700828033121325,28,12,49843,49914,93,58,0,0,0,0,0,0,99837,0,0,0,0,0,0,0,0,0,0,159,0,0,0,0,0,0
35,1743,36.015304514040736,99996,38,13,0,0,143,75,0.0021800872034881394,23,15,49839,49910,98,60,0,0,0,0,0,0,99829,0,0,0,0,0,0,0,0,0,0,167,0,0,0,0,0,0
36,1743,37.17614306047343,99996,39,17,0,0,148,81,0.0022900916036641466,25,13,49832,49906,102,62,0,0,0,0,0,0,99823,0,0,0,0,0,0,0,0,0,0,173,0,0,0,0,0,0
37,1743,38.08681539535452,99996,40,18,0,0,152,84,0.002360094403776151,24,16,49829,49900,105,64,0,0,0,0,0,0,99818,0,0,0,0,0,0,0,0,0,0,178,0,0,0,0,0,0
38,1743,39.06036233949375,99996,40,22,0,0,156,90,0.0024600984039361575,26,13,49823,49897,109,66,0,0,0,0,0,0,99812,0,0,0,0,0,0,0,0,0,0,184,0,0,0,0,0,0
39,1743,40.195471908378366,99996,34,23,0,0,162,95,0.0025701028041121643,25,13,49819,49892,120,70,0,0,0,0,0,0,99796,0,0,0,0,0,0,0,0,0,0,200,0,0,0,0,0,0
40,1743,41.01492177592536,99996,39,23,0,0,170,96,0.0026601064042561704,19,13,49817,49891,123,71,0,0,0,0,0,0,99792,0,0,0,0,0,0,0,0,0,0,204,0,0,0,0,0,0
41,1743,42.00895070295555,99996,38,24,0,0,173,100,0.002730109204368175,21,9,49814,49891,125,74,0,0,0,0,0,0,99785,0,0,0,0,0,0,0,0,0,0,211,0,0,0,0,0,0
42,1743,43.036208106325795,99996,39,21,0,0,181,104,0.0028501140045601825,24,9,49804,49887,131,81,0,0,0,0,0,0,99771,0,0,0,0,0,0,0,0,0,0,225,0,0,0,0,0,0
43,1743,44.07093580884533,99996,39,18,0,0,185,106,0.002910116404656186,23,7,49803,49888,133,85,0,0,0,0,0,0,99762,0,0,0,0,0,0,0,0,0,0,234,0,0,0,0,0,0
44,1743,45.076669931458746,99996,42,17,0,0,191,108,0.0029901196047841913,25,8,49796,49885,135,88,0,0,0,0,0,0,99756,0,0,0,0,0,0,0,0,0,0,240,0,0,0,0,0,0
45,1743,46.0668612373747,99996,45,13,0,0,199,108,0.0030701228049121966,25,12,49788,49881,140,92,0,0,0,0,0,0,99747,0,0,0,0,0,0,0,0,0,0,249,0,0,0,0,0,0
46,1743,47.00323218142133,99996,42,9,0,0,200,109,0.0030901236049441978,25,12,49788,49880,143,97,0,0,0,0,0,0,99738,0,0,0,0,0,0,0,0,0,0,258,0,0,0,0,0,0
47,1743,48.20992548949457,99996,47,15,0,0,207,115,0.0032201288051522062,23,10,49783,49877,145,96,0,0,0,0,0,0,99736,0,0,0,0,0,0,0,0,0,0,260,0,0,0,0,0,0
48,1743,49.09921036258394,99996,40,12,0,0,212,117,0.0032901316052642107,22,11,49779,49874,157,101,0,0,0,0,0,0,99719,0,0,0,0,0,0,0,0,0,0,277,0,0,0,0,0,0
49,1743,50.05411348021979,99996,37,16,0,0,215,123,0.0033801352054082163,24,9,49774,49870,163,103,0,0,0,0,0,0,99711,0,0,0,0,0,0,0,0,0,0,285,0,0,0,0,0,0
50,1743,51.21553411904315,99996,40,15,0,0,223,125,0.0034801392055682227,22,10,49768,49867,168,106,0,0,0,0,0,0,99703,0,0,0,0,0,0,0,0,0,0,293,0,0,0,0,0,0
51,1743,52.21219533005487,99996,39,15,0,0,230,129,0.0035901436057442296,21,9,49762,49864,176,110,0,0,0,0,0,0,99691,0,0,0,0,0,0,0,0,0,0,305,0,0,0,0,0,0
52,1743,53.2126415743025,99996,31,11,0,0,232,131,0.0036301452058082324,23,9,49760,49862,184,116,0,0,0,0,0,0,99675,0,0,0,0,0,0,0,0,0,0,321,0,0,0,0,0,0
53,1743,54.06421092323033,99996,32,11,0,0,236,132,0.0036801472058882356,19,8,49760,49862,187,117,0,0,0,0,0,0,99671,0,0,0,0,0,0,0,0,0,0,325,0,0,0,0,0,0
54,1743,55.03046016717933,99996,27,14,0,0,240,136,0.0037601504060162405,19,8,49759,49858,193,118,0,0,0,0,0,0,99661,0,0,0,0,0,0,0,0,0,0,335,0,0,0,0,0,0
55,1743,56.097279802443985,99996,32,13,0,0,247,137,0.0038401536061442457,20,15,49751,49850,195,120,0,0,0,0,0,0,99657,0,0,0,0,0,0,0,0,0,0,339,0,0,0,0,0,0
56,1743,57.047869592983275,99996,34,14,0,0,255,140,0.003950158006320253,17,14,49746,49848,201,122,0,0,0,0,0,0,99649,0,0,0,0,0,0,0,0,0,0,347,0,0,0,0,0,0
57,1743,58.09954605800337,99996,31,14,0,0,262,146,0.004080163206528261,14,11,49743,49845,210,128,0,0,0,0,0,0,99633,0,0,0,0,0,0,0,0,0,0,363,0,0,0,0,0,0
58,1743,59.05206317148988,99996,29,12,0,0,264,146,0.004100164006560263,15,14,49740,49842,214,130,0,0,0,0,0,0,99627,0,0,0,0,0,0,0,0,0,0,369,0,0,0,0,0,0
59,1743,60.17421978886258,99996,27,15,0,0,270,151,0.004210168406736269,12,10,49737,49842,222,131,0,0,0,0,0,0,99617,0,0,0,0,0,0,0,0,0,0,379,0,0,0,0,0,0
60,1743,61.035082975936504,99996,28,17,0,0,273,154,0.004270170806832273,13,9,49735,49840,222,132,0,0,0,0,0,0,99614,0,0,0,0,0,0,0,0,0,0,382,0,0,0,0,0,0
61,1743,62.04463824585285,99996,25,18,0,0,274,156,0.0043001720068802755,15,8,49733,49840,225,132,0,0,0,0,0,0,99609,0,0,0,0,0,0,0,0,0,0,387,0,0,0,0,0,0
62,1743,63.037280607981245,99996,22,16,0,0,278,157,0.004350174006960279,15,7,49729,49840,232,135,0,0,0,0,0,0,99599,0,0,0,0,0,0,0,0,0,0,397,0,0,0,0,0,0
63,1743,64.07949745410892,99996,25,17,0,0,284,158,0.004420176807072283,14,10,49724,49837,235,134,0,0,0,0,0,0,99596,0,0,0,0,0,0,0,0,0,0,400,0,0,0,0,0,0
64,1743,65.05974487348833,99996,24,13,0,0,286,159,0.004450178007120285,15,13,49721,49833,238,139,0,0,0,0,0,0,99588,0,0,0,0,0,0,0,0,0,0,408,0,0,0,0,0,0
65,1743,66.00618667860857,99996,28,15,0,0,293,165,0.004580183207328293,12,11,49717,49829,241,143,0,0,0,0,0,0,99581,0,0,0,0,0,0,0,0,0,0,415,0,0,0,0,0,0
66,1743,67.01862911117982,99996,32,15,0,0,298,166,0.004640185607424297,15,11,49710,49828,241,144,0,0,0,0,0,0,99579,0,0,0,0,0,0,0,0,0,0,417,0,0,0,0,0,0
67,1743,68.00270866438854,99996,33,18,0,0,302,171,0.004730189207568303,19,14,49703,49821,243,145,0,0,0,0,0,0,99574,0,0,0,0,0,0,0,0,0,0,422,0,0,0,0,0,0
68,1743,69.10572379863414,99996,32,18,0,0,304,173,0.004770190807632305,25,19,49695,49815,246,146,0,0,0,0,0,0,99569,0,0,0,0,0,0,0,0,0,0,427,0,0,0,0,0,0
69,1743,70.1215059103027,99996,33,15,0,0,311,174,0.00485019400776031,26,21,49687,49812,252,150,0,0,0,0,0,0,99559,0,0,0,0,0,0,0,0,0,0,437,0,0,0,0,0,0
70,1743,71.16430567459062,99996,37,19,0,0,318,180,0.004980199207968319,24,20,49683,49808,254,151,0,0,0,0,0,0,99554,0,0,0,0,0,0,0,0,0,0,442,0,0,0,0,0,0
71,1743,72.14848776852479,99996,37,21,0,0,322,182,0.005040201608064322,21,19,49682,49807,258,151,0,0,0,0,0,0,99550,0,0,0,0,0,0,0,0,0,0,446,0,0,0,0,0,0
72,1743,73.09031893403399,99995,36,25,1,0,328,188,0.005160258012900645,21,17,49676,49804,264,152,0,0,0,0,0,0,99541,0,0,0,0,0,0,0,0,0,0,454,0,0,0,0,0,0
73,1743,74.07981126755479,99995,34,26,1,0,330,193,0.005230261513075654,26,17,49671,49799,266,156,0,0,0,0,0,0,99533,0,0,0,0,0,0,0,0,0,0,462,0,0,0,0,0,0
74,1743,75.13591388008155,99995,28,26,1,0,334,196,0.005300265013250663,25,16,49668,49798,276,158,0,0,0,0,0,0,99520,0,0,0,0,0,0,0,0,0,0,475,0,0,0,0,0,0
75,1743,76.24900982791459,99995,27,24,1,0,339,200,0.005390269513475674,25,15,49663,49796,282,163,0,0,0,0,0,0,99508,0,0,0,0,0,0,0,0,0,0,487,0,0,0,0,0,0
76,1743,77.1776126737672,99995,27,26,1,0,344,203,0.005470273513675684,25,14,49659,49796,286,162,0,0,0,0,0,0,99502,0,0,0,0,0,0,0,0,0,0,493,0,0,0,0,0,0
77,1743,78.30304516090484,99995,31,26,1,0,351,207,0.005580279013950698,24,11,49655,49795,287,166,0,0,0,0,0,0,99495,0,0,0,0,0,0,0,0,0,0,500,0,0,0,0,0,0
78,1743,79.20187990352251,99995,32,24,1,0,359,209,0.00568028401420071,26,15,49647,49790,292,169,0,0,0,0,0,0,99484,0,0,0,0,0,0,0,0,0,0,511,0,0,0,0,0,0
79,1743,80.05386102471616,99995,29,27,1,0,364,212,0.00576028801440072,22,14,49646,49788,300,169,0,0,0,0,0,0,99477,0,0,1,0,0,0,0,0,0,0,517,0,0,0,0,0,0
80,1743,81.22363236140895,99995,27,29,1,0,370,217,0.005870293514675734,25,12,49637,49785,308,172,0,0,0,0,0,0,99466,0,0,1,0,0,0,0,0,0,0,528,0,0,0,0,0,0
81,1743,82.08353032324504,99995,30,26,1,0,377,217,0.005940297014850743,25,13,49631,49785,311,174,0,0,0,0,0,0,99460,0,0,2,0,0,0,0,0,0,0,533,0,0,0,0,0,0
82,1743,83.06033199374787,99995,32,24,1,0,385,218,0.006030301515075754,22,12,49627,49785,316,177,0,0,0,0,0,0,99451,0,0,2,0,0,0,0,0,0,0,542,0,0,0,0,0,0
83,1743,84.05513312648077,99995,31,25,1,0,386,219,0.006050302515125756,29,14,49619,49784,318,175,0,0,0,0,0,0,99449,0,0,2,0,0,0,0,0,0,0,544,0,0,0,0,0,0
84,1743,85.22756505278883,99995,30,25,1,0,392,225,0.006170308515425771,29,10,49614,49782,324,181,0,0,0,0,0,0,99436,0,0,2,0,0,0,0,0,0,0,557,0,0,0,0,0,0
85,1743,86.01242878441089,99995,32,26,1,0,398,229,0.006270313515675784,30,9,49608,49780,327,183,0,0,0,0,0,0,99429,0,0,2,0,0,0,0,0,0,0,564,0,0,0,0,0,0
86,1743,87.10715154946098,99995,27,28,1,0,399,233,0.00632031601580079,34,7,49603,49778,333,185,0,0,0,0,0,0,99422,0,0,3,0,0,0,0,0,0,0,570,0,0,0,0,0,0
87,1743,88.07699574027845,99995,32,29,1,0,407,236,0.006430321516075804,32,7,49599,49775,334,187,0,0,0,0,0,0,99417,0,0,3,0,0,0,0,0,0,0,575,0,0,0,0,0,0
88,1743,89.11489404339264,99995,38,26,1,0,417,238,0.006550327516375819,25,11,49596,49769,338,192,0,0,0,0,0,0,99408,0,0,3,0,0,0,0,0,0,0,584,0,0,0,0,0,0
89,1743,90.13500645810717,99995,39,21,1,0,424,240,0.00664033201660083,28,16,49587,49763,343,198,0,0,0,0,0,0,99395,0,0,3,0,0,0,0,0,0,0,597,0,0,0,0,0,0
90,1743,91.0804867602876,99995,40,22,1,0,427,244,0.006710335516775839,29,17,49584,49758,344,201,0,0,0,0,0,0,99390,0,0,3,0,0,0,0,0,0,0,602,0,0,0,0,0,0
91,1743,92.00957190069224,99995,38,28,1,0,431,251,0.006820341017050853,30,19,49581,49750,348,201,0,0,0,0,0,0,99383,0,0,3,0,0,0,0,0,0,0,609,0,0,0,0,0,0
92,1743,93.21871076637206,99995,42,25,1,0,440,255,0.006950347517375869,30,21,49573,49747,352,205,0,0,0,0,0,0,99371,0,0,3,0,0,0,0,0,0,0,621,0,0,0,0,0,0
93,1743,94.02618248504902,99995,42,27,1,0,446,260,0.007060353017650883,36,19,49561,49744,358,208,0,0,0,0,0,0,99362,0,0,3,0,0,0,0,0,0,0,630,0,0,0,0,0,0
94,1743,95.06363804851975,99995,41,31,1,0,451,265,0.007160358017900895,39,18,49554,49742,363,207,0,0,0,0,0,0,99355,0,0,3,0,0,0,0,0,0,0,637,0,0,0,0,0,0
95,1743,96.14619334380653,99995,46,31,1,0,464,269,0.0073303665183259165,37,16,49545,49740,369,211,0,0,0,0,0,0,99343,0,0,3,0,0,0,0,0,0,0,649,0,0,0,0,0,0
96,1743,97.05674457410844,99995,52,28,1,0,480,270,0.0075003750187509375,30,18,49537,49737,378,215,0,0,0,0,0,0,99329,0,0,3,0,0,0,0,0,0,0,663,0,0,0,0,0,0
97,1743,98.30126572024332,99995,50,24,1,0,488,274,0.0076203810190509525,30,19,49532,49732,385,223,0,0,0,0,0,0,99311,0,0,3,0,0,0,0,0,0,0,681,0,0,0,0,0,0
98,1743,99.12501347337785,99995,52,25,1,0,495,276,0.0077103855192759635,32,20,49524,49730,389,223,0,0,0,0,0,0,99305,0,0,3,0,0,0,0,0,0,0,687,0,0,0,0,0,0
99,1743,100.1983930820833,99995,55,27,1,0,500,280,0.007800390019500975,32,22,49521,49725,389,224,0,0,0,0,0,0,99301,0,0,3,0,0,0,0,0,0,0,691,0,0,0,0,0,0
100,1743,101.19492846934467,99995,55,31,1,0,505,284,0.007890394519725986,34,21,49515,49722,393,224,0,0,0,0,0,0,99296,0,0,3,0,0,0,0,0,0,0,696,0,0,0,0,0,0
101,1743,102.09199983644748,99995,51,31,1,0,507,287,0.007940397019850992,40,19,49510,49721,396,227,0,0,0,0,0,0,99287,0,0,3,0,0,0,0,0,0,0,705,0,0,0,0,0,0
102,1743,103.24135176052064,99995,47,27,1,0,518,292,0.008100405020251012,44,14,49496,49723,410,234,0,0,0,0,0,0,99263,0,0,3,0,0,0,0,0,0,0,729,0,0,0,0,0,0
103,1743,104.0185071955031,99995,45,24,1,0,525,295,0.008200410020501024,47,14,49486,49720,419,240,0,0,0,0,0,0,99248,0,0,3,0,0,0,0,0,0,0,744,0,0,0,0,0,0
104,1743,105.09196148690451,99995,49,25,1,0,533,299,0.00832041602080104,42,15,49484,49717,422,241,0,0,0,0,0,0,99241,0,0,3,0,0,0,0,0,0,0,751,0,0,0,0,0,0
105,1743,106.05373093482412,99995,54,26,1,0,547,305,0.008520426021301064,41,14,49472,49712,430,246,0,0,0,0,0,0,99227,0,0,3,0,0,0,0,0,0,0,765,0,0,0,0,0,0
106,1743,107.32978065365253,99995,56,26,1,0,558,311,0.008690434521726086,44,11,49460,49711,437,250,0,0,0,0,0,0,99212,0,0,3,0,0,0,0,0,0,0,780,0,0,0,0,0,0
107,1743,108.08453786554244,99995,54,28,1,0,569,313,0.008820441022051102,35,15,49461,49706,447,249,0,0,0,0,0,0,99199,0,0,3,0,0,0,0,0,0,0,793,0,0,0,0,0,0
108,1743,109.08233121773536,99995,51,27,1,0,577,314,0.008910445522276114,41,18,49448,49705,457,248,0,0,0,0,0,0,99186,0,0,3,0,0,0,0,0,0,0,806,0,0,0,0,0,0
109,1743,110.17914685077595,99995,53,25,1,0,584,318,0.009020451022551128,41,18,49442,49702,461,253,0,0,0,0,0,0,99175,0,0,3,0,0,0,0,0,0,0,817,0,0,0,0,0,0
110,1743,111.03243776243812,99995,55,30,1,0,595,327,0.009220461023051152,38,15,49434,49698,470,255,0,0,0,0,0,0,99162,0,0,3,0,0,0,0,0,0,0,830,0,0,0,0,0,0
111,1743,112.30241263672775,99994,62,28,2,0,615,329,0.009440566433986039,31,20,49423,49691,480,259,0,0,0,0,0,0,99145,0,0,3,0,0,0,0,0,0,0,846,0,0,0,0,0,0
112,1743,113.13622665636184,99994,66,26,2,0,626,330,0.009560573634418064,31,25,49413,49685,486,262,0,0,0,0,0,0,99135,0,0,3,0,0,0,0,0,0,0,856,0,0,0,0,0,0
113,1743,114.13483112826087,99994,63,30,2,0,635,335,0.009700582034922096,33,27,49407,49679,493,262,0,0,0,0,0,0,99122,0,0,3,0,0,0,0,0,0,0,869,0,0,0,0,0,0
114,1743,115.13351956950547,99994,57,33,2,0,639,342,0.00981058863531812,38,24,49399,49677,502,264,0,0,0,0,0,0,99108,0,0,3,0,0,0,0,0,0,0,883,0,0,0,0,0,0
115,1743,116.32113695825248,99994,61,29,2,0,650,349,0.009990599435966158,43,20,49384,49675,508,274,0,0,0,0,0,0,99090,0,0,3,0,0,0,0,0,0,0,901,0,0,0,0,0,0
116,1743,117.04925962367297,99993,62,30,2,1,655,352,0.010070704949346454,41,21,49381,49672,512,274,0,0,0,0,0,0,99084,0,0,3,0,0,0,0,0,0,0,906,0,0,0,0,0,0
117,1743,118.12796784667702,99993,63,30,2,1,671,359,0.010300721050473534,38,24,49370,49665,525,278,0,0,0,0,0,0,99062,0,0,3,0,0,0,0,0,0,0,928,0,0,0,0,0,0
118,1743,119.12736533736552,99993,54,29,2,1,675,365,0.010400728050963568,45,24,49360,49659,537,285,0,0,0,0,0,0,99042,0,0,3,0,0,0,0,0,0,0,948,0,0,0,0,0,0
119,1743,120.1269759411042,99993,49,28,2,1,684,369,0.010530737151600612,46,23,49353,49656,548,290,0,0,0,0,0,0,99023,0,0,3,0,0,0,0,0,0,0,967,0,0,0,0,0,0
120,1743,121.12678198050408,99993,52,32,2,1,691,376,0.01067074695228666,49,20,49345,49652,550,293,0,0,0,0,0,0,99016,0,0,3,0,0,0,0,0,0,0,974,0,0,0,0,0,0
121,1743,122.01659126487694,99993,48,31,2,1,700,384,0.010840758853119718,50,15,49337,49649,561,302,0,0,0,0,0,0,98994,0,0,3,0,0,0,0,0,0,0,996,0,0,0,0,0,0
122,1743,123.25055989331923,99993,61,31,2,1,716,386,0.01102077145400178,44,14,49329,49649,562,303,0,0,0,0,0,0,98989,0,0,3,0,0,0,0,0,0,0,1001,0,0,0,0,0,0
123,1743,124.01405491145331,99993,64,33,2,1,720,390,0.011100777054393808,45,15,49324,49644,563,305,0,0,0,0,0,0,98986,0,0,3,0,0,0,0,0,0,0,1004,0,0,0,0,0,0
124,1743,125.30652655941739,99993,64,28,2,1,736,394,0.011300791055373877,49,25,49305,49631,578,313,0,0,0,0,0,0,98961,0,0,3,0,0,0,0,0,0,0,1029,0,0,0,0,0,0
125,1743,126.307115053634,99993,72,38,2,1,752,405,0.01157080995669697,43,17,49298,49630,583,312,0,0,0,0,0,0,98952,0,0,3,0,0,0,0,0,0,0,1038,0,0,0,0,0,0
126,1743,127.21892280873845,99993,69,34,2,1,760,406,0.011660816257138,43,22,49290,49626,594,315,0,0,0,0,0,0,98936,0,0,3,0,0,0,0,0,0,0,1054,0,0,0,0,0,0
127,1743,128.21980673607183,99993,65,35,2,1,767,409,0.011760823257628034,46,26,49284,49620,601,316,0,0,0,0,0,0,98923,0,0,3,0,0,0,0,0,0,0,1067,0,0,0,0,0,0
128,1743,129.22078856567242,99993,63,39,2,1,777,417,0.011940835858510095,42,26,49280,49613,611,319,0,0,0,0,0,0,98907,0,0,3,0,0,0,0,0,0,0,1083,0,0,0,0,0,0
129,1743,130.2218990296034,99993,64,40,2,1,782,423,0.012050843559049134,51,28,49269,49606,612,323,0,0,0,0,0,0,98898,0,0,3,0,0,0,0,0,0,0,1092,0,0,0,0,0,0
130,1743,131.22317059837007,99993,61,42,2,1,793,427,0.012200854059784185,53,26,49257,49604,625,325,0,0,0,0,0,0,98882,0,0,3,0,0,0,0,0,0,0,1108,0,0,0,0,0,0
131,1743,132.22467316019427,99993,64,36,2,1,804,434,0.012380866660666246,56,22,49244,49601,632,338,0,0,0,0,0,0,98861,0,0,3,0,0,0,0,0,0,0,1129,0,0,0,0,0,0
132,1743,133.22641437221986,99993,61,35,2,1,811,440,0.01251087576130329,67,19,49229,49600,639,343,0,0,0,0,0,0,98844,0,0,3,0,0,0,0,0,0,0,1146,0,0,0,0,0,0
133,1743,134.2283841593374,99993,81,36,2,1,837,446,0.0128308981628714,57,21,49218,49594,640,346,0,0,0,0,0,0,98833,0,0,3,0,0,0,0,0,0,0,1157,0,0,0,0,0,0
134,1743,135.23047066664896,99993,80,33,2,1,847,450,0.01297090796355745,55,24,49210,49588,651,352,0,0,0,0,0,0,98815,0,0,3,0,0,0,0,0,0,0,1175,0,0,0,0,0,0
135,1743,136.23272074485982,99993,84,32,2,1,859,457,0.013160921264488513,54,27,49202,49579,656,359,0,0,0,0,0,0,98799,0,0,3,0,0,0,0,0,0,0,1191,0,0,0,0,0,0
136,1743,137.23513465757054,99993,81,32,2,1,874,462,0.013360935265468582,50,29,49192,49574,673,362,0,0,0,0,0,0,98776,0,0,3,0,0,0,0,0,0,0,1214,0,0,0,0,0,0
137,1743,138.23779646067626,99993,79,33,2,1,883,468,0.013510945766203633,47,32,49187,49566,683,366,0,0,0,0,0,0,98760,0,0,3,0,0,0,0,0,0,0,1230,0,0,0,0,0,0
138,1743,139.2405992455379,99993,85,39,2,1,895,480,0.013750962567379716,43,24,49184,49562,684,372,0,0,0,0,0,0,98748,0,0,3,0,0,0,0,0,0,0,1242,0,0,0,0,0,0
139,1743,140.24346607827383,99993,80,45,2,1,903,490,0.013930975168261778,46,23,49176,49554,694,375,0,0,0,0,0,0,98731,0,0,3,0,0,0,0,0,0,0,1259,0,0,0,0,0,0
140,1743,141.15851186299764,99993,81,44,2,1,914,494,0.01408098566899683,42,24,49170,49552,703,377,0,0,0,0,0,0,98716,0,0,3,0,0,0,0,0,0,0,1274,0,0,0,0,0,0
141,1743,142.16166478151396,99993,78,45,2,1,918,504,0.014220995469682878,43,16,49165,49550,710,386,0,0,0,0,0,0,98700,0,0,3,0,0,0,0,0,0,0,1290,0,0,0,0,0,0
142,1743,143.07495930369927,99993,75,37,2,1,931,507,0.014381006670466932,37,18,49162,49547,722,395,0,0,0,0,0,0,98673,0,0,3,0,0,0,0,0,0,0,1317,0,0,0,0,0,0
143,1743,144.08457311753207,99993,79,38,2,1,948,515,0.014631024171692018,40,22,49147,49535,730,402,0,0,0,0,0,0,98653,0,0,3,0,0,0,0,0,0,0,1337,0,0,0,0,0,0
144,1743,145.08827179212975,99993,73,39,2,1,958,522,0.014801036072525076,44,19,49134,49532,745,407,0,0,0,0,0,0,98631,0,0,3,0,0,0,0,0,0,0,1359,0,0,0,0,0,0
145,1743,146.12988147565432,99993,77,41,2,1,969,528,0.014971047973358135,37,18,49130,49527,752,411,0,0,0,0,0,0,98620,0,0,3,0,0,0,0,0,0,0,1370,0,0,0,0,0,0
146,1743,147.08501029523447,99993,81,35,2,1,985,533,0.015181062674387208,32,23,49120,49520,763,419,0,0,0,0,0,0,98597,0,0,3,0,0,0,0,0,0,0,1393,0,0,0,0,0,0
147,1743,148.08932694616638,99993,78,33,2,1,991,539,0.015301071074975248,37,25,49114,49513,767,426,0,0,0,0,0,0,98581,0,0,4,0,0,0,0,0,0,0,1408,0,0,0,0,0,0
148,1743,149.0937668928536,99993,83,32,2,1,1004,544,0.01548108367585731,35,26,49105,49508,773,431,0,0,0,0,0,0,98567,0,0,4,0,0,0,0,0,0,0,1422,0,0,0,0,0,0
149,1743,150.0983700269854,99993,79,37,2,1,1012,552,0.015641094876641365,42,25,49090,49502,785,433,0,0,0,0,0,0,98552,0,0,4,0,0,0,0,0,0,0,1437,0,0,0,0,0,0
150,1743,151.1032202095034,99993,79,40,2,1,1025,558,0.01583110817757243,40,25,49083,49499,794,433,0,0,0,0,0,0,98537,0,0,5,0,0,0,0,0,0,0,1451,0,0,0,0,0,0
151,1743,152.1082173445109,99993,78,42,2,1,1036,565,0.016011120778454492,41,24,49077,49495,800,436,0,0,0,0,0,0,98520,0,0,5,0,0,0,0,0,0,0,1468,0,0,0,0,0,0
152,1743,153.1133454312564,99993,71,46,2,1,1045,574,0.016191133379336555,44,20,49069,49493,812,438,0,0,0,0,0,0,98499,0,0,5,0,0,0,0,0,0,0,1489,0,0,0,0,0,0
153,1743,154.14426779333886,99993,75,49,2,1,1060,584,0.01644115088056164,43,19,49059,49486,819,443,0,0,0,0,0,0,98481,0,0,5,0,0,0,0,0,0,0,1507,0,0,0,0,0,0
154,1743,155.09087983839413,99993,74,49,2,1,1069,588,0.016571159981198683,43,24,49053,49479,826,445,0,0,0,0,0,0,98467,0,0,5,0,0,0,0,0,0,0,1521,0,0,0,0,0,0
155,1743,156.09650272794372,99993,79,50,2,1,1080,594,0.016741171882031742,42,26,49045,49473,830,448,0,0,0,0,0,0,98456,0,0,5,0,0,0,0,0,0,0,1532,0,0,0,0,0,0
156,1743,157.1021894709858,99993,81,52,2,1,1094,601,0.016951186583060815,40,28,49036,49465,839,452,0,0,0,0,0,0,98439,0,0,5,0,0,0,0,0,0,0,1549,0,0,0,0,0,0
157,1743,158.10805697009607,99992,78,58,2,2,1101,611,0.017121369709576766,51,26,49021,49459,846,453,0,0,0,0,0,0,98425,0,0,5,0,0,0,0,0,0,0,1562,0,0,0,0,0,0
158,1743,159.11411171486142,99992,78,62,2,2,1107,620,0.017271381710536843,52,23,49020,49458,846,453,0,0,0,0,0,0,98414,0,0,5,0,0,0,0,0,0,0,1573,0,0,0,0,0,0
159,1743,160.12018470695574,99992,72,60,2,2,1115,623,0.0173813905112409,53,28,49016,49451,855,457,0,0,0,0,0,0,98395,0,0,5,0,0,0,0,0,0,0,1592,0,0,0,0,0,0
160,1743,161.1264035714842,99992,75,58,2,2,1126,630,0.01756140491239299,58,26,49001,49447,862,465,0,0,0,0,0,0,98378,0,0,5,0,0,0,0,0,0,0,1609,0,0,0,0,0,0
161,1743,162.13284814983433,99992,81,61,2,2,1140,639,0.017791423313865108,55,24,48992,49441,868,470,0,0,0,0,0,0,98364,0,0,5,0,0,0,0,0,0,0,1623,0,0,0,0,0,0
162,1743,163.13945541499183,99992,85,58,2,2,1152,643,0.01795143611488919,64,27,48975,49434,872,477,0,0,0,0,0,0,98349,0,0,5,0,0,0,0,0,0,0,1638,0,0,0,0,0,0
163,1743,164.14627599725867,99992,82,52,2,2,1161,645,0.018061444915593246,70,31,48960,49430,884,483,0,0,0,0,0,0,98329,0,0,5,0,0,0,0,0,0,0,1658,0,0,0,0,0,0
164,1743,165.15340184719653,99992,96,52,2,2,1185,649,0.018341467317385392,63,36,48945,49422,892,486,0,0,0,0,0,0,98317,0,0,7,0,0,0,0,0,0,0,1668,0,0,0,0,0,0
165,1743,166.16067572251634,99992,103,61,2,2,1207,663,0.018701496119689576,59,32,48930,49412,904,491,0,0,0,0,0,0,98297,0,0,7,0,0,0,0,0,0,0,1688,0,0,0,0,0,0
166,1743,167.1681955857698,99992,101,63,2,2,1217,669,0.018861508920713657,66,38,48917,49401,912,494,0,0,0,0,0,0,98281,0,0,7,0,0,0,0,0,0,0,1704,0,0,0,0,0,0
167,1743,168.17594276720197,99992,106,61,2,2,1236,674,0.01910152812224978,67,43,48898,49393,925,499,0,0,0,0,0,0,98260,0,0,7,0,0,0,0,0,0,0,1725,0,0,0,0,0,0
168,1743,169.1839900361881,99992,113,60,2,2,1253,686,0.01939155132410593,71,39,48879,49387,933,510,0,0,0,0,0,0,98237,0,0,7,0,0,0,0,0,0,0,1748,0,0,0,0,0,0
169,1743,170.19232013702702,99992,119,64,2,2,1273,694,0.019671573725898072,73,41,48859,49380,945,511,0,0,0,0,0,0,98219,0,0,7,0,0,0,0,0,0,0,1766,0,0,0,0,0,0
170,1743,171.20092172372978,99992,117,68,2,2,1291,707,0.01998159852788223,72,36,48850,49374,957,518,0,0,0,0,0,0,98191,0,0,8,0,0,0,0,0,0,0,1793,0,0,0,0,0,0
171,1743,172.20976879605112,99992,112,71,2,2,1308,718,0.020261620929674373,64,30,48846,49369,974,526,0,0,0,0,0,0,98161,0,0,8,0,0,0,0,0,0,0,1823,0,0,0,0,0,0
172,1743,173.21885021375385,99992,119,67,2,2,1330,722,0.020521641731338507,66,30,48826,49365,985,534,0,0,0,0,0,0,98138,0,0,8,0,0,0,0,0,0,0,1846,0,0,0,0,0,0
173,1743,174.22824647592157,99992,114,63,2,2,1345,733,0.02078166253300264,64,31,48815,49354,1003,548,0,0,0,0,0,0,98103,0,0,8,0,0,0,0,0,0,0,1881,0,0,0,0,0,0
174,1743,175.23796254594004,99992,114,63,2,2,1354,737,0.020911672933834707,73,33,48798,49350,1011,550,0,0,0,0,0,0,98090,0,0,8,0,0,0,0,0,0,0,1894,0,0,0,0,0,0
175,1743,176.2479574166882,99992,107,57,2,2,1368,742,0.021101688135050804,76,40,48784,49339,1029,560,0,0,0,0,0,0,98058,0,0,8,0,0,0,0,0,0,0,1926,0,0,0,0,0,0
176,1743,177.25828990698122,99992,112,59,2,2,1392,750,0.021421713737098967,68,39,48770,49334,1046,564,0,0,0,0,0,0,98033,0,0,8,0,0,0,0,0,0,0,1951,0,0,0,0,0,0
177,1743,178.26891639160448,99992,112,66,2,2,1408,762,0.02170173613889111,66,32,48759,49331,1059,567,0,0,0,0,0,0,98012,0,0,8,0,0,0,0,0,0,0,1972,0,0,0,0,0,0
178,1743,179.27979208555183,99992,113,68,2,2,1429,771,0.022001760140811264,71,30,48738,49325,1074,573,0,0,0,0,0,0,97985,0,0,8,0,0,0,0,0,0,0,1999,0,0,0,0,0,0
179,1743,180.29102887177507,99992,115,67,2,2,1444,779,0.022231778542283382,77,25,48720,49323,1084,581,0,0,0,0,0,0,97963,0,0,8,0,0,0,0,0,0,0,2021,0,0,0,0,0,0
180,1743,181.30263716519937,99992,114,65,2,2,1462,782,0.02244179534362749,72,30,48708,49317,1102,584,0,0,0,0,0,0,97939,0,0,8,0,0,0,0,0,0,0,2045,0,0,0,0,0,0
181,1743,182.3145135161112,99992,123,63,2,2,1484,789,0.02273181854548364,73,30,48688,49312,1112,591,0,0,0,0,0,0,97917,0,0,8,0,0,0,0,0,0,0,2067,0,0,0,0,0,0
182,1743,183.32670949881128,99992,128,57,2,2,1502,794,0.022961836946955756,70,34,48679,49303,1119,602,0,0,0,0,0,0,97893,0,0,8,0,0,0,0,0,0,0,2091,0,0,0,0,0,0
183,1743,184.00161167902323,99992,123,56,2,2,1512,800,0.023121849747979838,70,34,48674,49297,1129,609,0,0,0,0,0,0,97871,0,0,8,0,0,0,0,0,0,0,2113,0,0,0,0,0,0
184,1743,185.01417583428702,99992,128,55,2,2,1533,808,0.023411872949835988,70,40,48656,49285,1142,616,0,0,0,0,0,0,97846,0,0,8,0,0,0,0,0,0,0,2138,0,0,0,0,0,0
185,1743,186.02700026479073,99992,133,56,2,2,1550,815,0.02365189215137211,75,41,48640,49280,1148,619,0,0,0,0,0,0,97828,0,0,8,0,0,0,0,0,0,0,2156,0,0,0,0,0,0
186,1743,187.0400570764144,99992,129,59,2,2,1573,824,0.023971917753420273,73,42,48624,49275,1170,620,0,0,0,0,0,0,97797,0,0,10,0,0,0,0,0,0,0,2185,0,0,0,0,0,0
187,1743,188.05351635808032,99992,132,51,2,2,1596,830,0.024261940955276423,76,44,48600,49268,1188,633,0,0,0,0,0,0,97763,0,0,10,0,0,0,0,0,0,0,2219,0,0,0,0,0,0
188,1743,189.06738713493542,99992,136,53,2,2,1617,841,0.024581966557324586,69,41,48589,49262,1202,640,0,0,0,0,0,0,97737,0,0,10,0,0,0,0,0,0,0,2245,0,0,0,0,0,0
189,1743,190.08156674912712,99992,131,55,2,2,1636,850,0.02486198895911673,74,39,48571,49258,1220,644,0,0,0,0,0,0,97707,0,0,11,0,0,0,0,0,0,0,2274,0,0,0,0,0,0
190,1743,191.0960924287836,99992,129,57,2,2,1652,859,0.02511200896071686,76,39,48554,49252,1237,648,0,0,0,0,0,0,97683,0,0,12,0,0,0,0,0,0,0,2297,0,0,0,0,0,0
191,1743,192.11098036263982,99992,129,61,2,2,1666,871,0.02537202976238099,85,35,48535,49244,1247,656,0,0,0,0,0,0,97661,0,0,12,0,0,0,0,0,0,0,2319,0,0,0,0,0,0
192,1743,193.12618093127006,99991,132,66,3,2,1691,880,0.025712314108269744,73,42,48527,49229,1263,659,0,0,0,0,0,0,97636,0,0,13,0,0,0,0,0,0,0,2342,0,0,0,0,0,0
193,1743,194.141589598548,99991,133,63,3,2,1706,889,0.02595233571021392,80,38,48507,49226,1275,669,0,0,0,0,0,0,97611,0,0,14,0,0,0,0,0,0,0,2366,0,0,0,0,0,0
194,1743,195.1573400480643,99991,130,62,3,2,1726,897,0.026232360912482124,76,40,48498,49218,1291,676,0,0,0,0,0,0,97580,0,0,15,0,0,0,0,0,0,0,2396,0,0,0,0,0,0
195,1743,196.17337366897047,99991,123,65,3,2,1738,907,0.026452380714264284,83,39,48482,49210,1307,682,0,0,0,0,0,0,97555,0,0,16,0,0,0,0,0,0,0,2420,0,0,0,0,0,0
196,1743,197.18972540960715,99991,128,67,3,2,1766,916,0.026822414017261553,79,37,48469,49206,1319,686,0,0,0,0,0,0,97526,0,0,17,0,0,0,0,0,0,0,2448,0,0,0,0,0,0
197,1743,198.20629357204265,99991,123,62,3,2,1782,922,0.027042433819043712,82,46,48455,49193,1335,695,0,0,0,0,0,0,97494,0,0,17,0,0,0,0,0,0,0,2480,0,0,0,0,0,0
198,1743,199.2231716263096,99991,127,69,3,2,1802,934,0.027362462621635948,83,42,48443,49190,1342,695,0,0,0,0,0,0,97473,0,0,17,0,0,0,0,0,0,0,2501,0,0,0,0,0,0
199,1743,200.24028704025167,99991,135,74,3,2,1832,941,0.027732495924633217,78,40,48421,49186,1361,696,0,0,0,0,0,0,97451,0,0,19,0,0,0,0,0,0,0,2521,0,0,0,0,0,0
200,1743,201.25775018904906,99991,130,79,3,2,1851,953,0.028042523827144443,76,40,48407,49175,1382,702,0,0,0,0,0,0,97421,0,0,20,0,0,0,0,0,0,0,2550,0,0,0,0,0,0
201,1743,202.2755636442544,99991,137,82,3,2,1878,967,0.02845256073046574,76,39,48384,49166,1398,709,0,0,0,0,0,0,97391,0,0,21,0,0,0,0,0,0,0,2579,0,0,0,0,0,0
202,1743,203.293799949638,99989,155,83,4,3,1906,981,0.02887317604936543,71,34,48362,49158,1406,720,0,0,0,0,0,0,97368,0,0,21,0,0,0,0,0,0,0,2600,0,0,0,0,0,0
203,1743,204.3123540763389,99989,143,72,4,3,1917,985,0.02902319255118063,72,36,48354,49152,1425,735,0,0,0,0,0,0,97332,0,0,23,0,0,0,0,0,0,0,2634,0,0,0,0,0,0
204,1743,205.33127761599403,99989,150,63,4,3,1940,989,0.029293222254447988,69,41,48342,49146,1433,745,0,0,0,0,0,0,97303,0,0,23,0,0,0,0,0,0,0,2663,0,0,0,0,0,0
205,1743,206.01068693938194,99989,140,62,4,3,1950,993,0.029433237656142176,70,39,48333,49148,1451,746,0,0,0,0,0,0,97280,0,0,25,0,0,0,0,0,0,0,2684,0,0,0,0,0,0
206,1743,207.03009019044669,99989,137,66,4,3,1971,1003,0.029743271759893587,67,36,48319,49143,1471,750,0,0,0,0,0,0,97251,0,0,26,0,0,0,0,0,0,0,2712,0,0,0,0,0,0
207,1743,208.04983157456834,99989,138,70,4,3,1989,1017,0.030063306963766013,67,31,48308,49144,1481,750,0,0,0,0,0,0,97225,0,0,27,0,0,0,0,0,0,0,2737,0,0,0,0,0,0
208,1743,209.0698356431582,99989,127,71,4,3,2000,1027,0.030273330066307294,76,32,48291,49135,1500,757,0,0,0,0,0,0,97194,0,0,27,0,0,0,0,0,0,0,2768,0,0,0,0,0,0
209,1743,210.090186529954,99988,124,71,4,4,2014,1033,0.030473656838820657,90,41,48271,49123,1509,759,0,0,0,0,0,0,97171,0,0,27,0,0,0,0,0,0,0,2790,0,0,0,0,0,0
210,1743,211.11089359094095,99988,131,64,4,4,2037,1040,0.030773692843141177,101,48,48242,49115,1520,767,0,0,0,0,0,0,97141,0,0,27,0,0,0,0,0,0,0,2820,0,0,0,0,0,0
211,1743,212.13199994197166,99988,145,64,4,4,2067,1048,0.031153738448613834,92,53,48225,49104,1532,773,0,0,0,0,0,0,97117,0,0,27,0,0,0,0,0,0,0,2844,0,0,0,0,0,0
212,1743,213.1533333833792,99988,154,66,4,4,2092,1058,0.031503780453654436,88,57,48214,49094,1538,777,0,0,0,0,0,0,97094,0,0,28,0,0,0,0,0,0,0,2866,0,0,0,0,0,0
213,1743,214.17485258902425,99988,158,75,4,4,2117,1077,0.0319438332599912,87,50,48194,49085,1555,784,0,0,0,0,0,0,97064,0,0,29,0,0,0,0,0,0,0,2895,0,0,0,0,0,0
214,1743,215.1967328292408,99988,166,78,4,4,2143,1088,0.03231387766531984,90,53,48170,49072,1568,791,0,0,0,0,0,0,97038,0,0,29,0,0,0,0,0,0,0,2921,0,0,0,0,0,0
215,1743,216.21895144437417,99988,166,80,4,4,2168,1103,0.03271392567108053,84,51,48154,49060,1590,803,0,0,0,0,0,0,97000,0,0,29,0,0,0,0,0,0,0,2959,0,0,0,0,0,0
216,1743,217.24154211082012,99988,162,82,4,4,2186,1122,0.03308397007640917,85,52,48144,49044,1603,816,0,0,0,0,0,0,96963,0,0,31,0,0,0,0,0,0,0,2994,0,0,0,0,0,0
217,1743,218.26440137436464,99988,171,78,4,4,2211,1132,0.03343401208144978,83,67,48126,49020,1614,829,0,0,0,0,0,0,96933,0,0,31,0,0,0,0,0,0,0,3024,0,0,0,0,0,0
218,1743,219.28749332511367,99988,179,79,4,4,2236,1146,0.033824058887066445,78,68,48109,49008,1628,839,0,0,0,0,0,0,96903,0,0,31,0,0,0,0,0,0,0,3054,0,0,0,0,0,0
219,1743,220.3108809277444,99988,178,92,4,4,2257,1171,0.03428411409369124,80,56,48094,48995,1642,851,0,0,0,0,0,0,96869,0,0,31,0,0,0,0,0,0,0,3088,0,0,0,0,0,0
220,1743,221.3346498740184,99988,173,100,4,4,2282,1192,0.03474416930031604,97,53,48058,48979,1666,862,0,0,0,0,0,0,96827,0,0,32,0,0,0,0,0,0,0,3129,0,0,0,0,0,0
221,1743,222.01747686660966,99987,164,97,5,4,2301,1199,0.03500455059157691,96,54,48045,48973,1688,870,0,0,0,0,0,0,96789,0,0,32,0,0,0,0,0,0,0,3166,0,0,0,0,0,0
222,1743,223.04219499474866,99987,167,98,5,4,2326,1215,0.035414603898506807,95,50,48024,48963,1707,883,0,0,0,0,0,0,96752,0,0,32,0,0,0,0,0,0,0,3203,0,0,0,0,0,0
223,1743,224.067394343542,99987,166,89,5,4,2351,1225,0.035764649404422574,102,52,47999,48951,1726,902,0,0,0,0,0,0,96709,0,0,34,0,0,0,0,0,0,0,3244,0,0,0,0,0,0
224,1743,225.09307032762334,99987,167,92,5,4,2372,1241,0.03613469751067639,105,51,47981,48937,1740,914,0,0,0,0,0,0,96677,0,0,35,0,0,0,0,0,0,0,3275,0,0,0,0,0,0
225,1743,226.1190613067984,99987,161,86,5,4,2390,1253,0.036434736515747045,106,51,47972,48928,1754,929,0,0,0,0,0,0,96636,0,0,36,0,0,0,0,0,0,0,3315,0,0,0,0,0,0
226,1743,227.14536087170313,99987,179,83,5,4,2420,1263,0.036834788522507926,104,52,47951,48920,1759,939,0,0,0,0,0,0,96611,0,0,36,0,0,0,0,0,0,0,3340,0,0,0,0,0,0
227,1743,228.17196639541643,99987,182,86,5,4,2447,1278,0.03725484312960685,103,56,47931,48907,1777,945,0,0,0,0,0,0,96576,0,0,37,0,0,0,0,0,0,0,3374,0,0,0,0,0,0
228,1743,229.19890575137794,99987,185,85,5,4,2480,1289,0.03769490033704381,95,61,47915,48893,1798,955,0,0,0,0,0,0,96534,0,0,37,0,0,0,0,0,0,0,3416,0,0,0,0,0,0
229,1743,230.226245865129,99986,179,89,5,5,2504,1303,0.03807533054627648,101,68,47890,48878,1823,958,0,0,0,0,0,0,96494,0,0,37,0,0,0,0,0,0,0,3455,0,0,0,0,0,0
230,1743,231.25401533560475,99986,177,97,5,5,2529,1322,0.038515392154901684,106,63,47868,48866,1842,967,0,0,0,0,0,0,96456,0,0,37,0,0,0,0,0,0,0,3493,0,0,0,0,0,0
231,1743,232.28225824764235,99986,186,101,5,5,2558,1339,0.03897545656391895,112,55,47839,48859,1856,978,0,0,0,0,0,0,96423,0,0,37,0,0,0,0,0,0,0,3526,0,0,0,0,0,0
232,1743,233.31092611351852,99986,201,104,5,5,2590,1355,0.03945552377332827,113,59,47809,48844,1870,986,0,0,0,0,0,0,96394,0,0,38,0,0,0,0,0,0,0,3554,0,0,0,0,0,0
233,1743,234.34004657357198,99985,199,107,5,6,2624,1373,0.039975996399459916,110,54,47782,48833,1902,998,0,0,0,0,0,0,96344,0,0,39,0,0,0,0,0,0,0,3602,0,0,0,0,0,0
234,1743,235.02646464382698,99985,210,103,5,6,2647,1381,0.04028604290643596,104,55,47771,48825,1908,1009,0,0,0,0,0,0,96321,0,0,40,0,0,0,0,0,0,0,3624,0,0,0,0,0,0
235,1743,236.05646483697814,99985,219,102,5,6,2688,1396,0.040846126919037856,100,54,47742,48812,1932,1024,0,0,0,0,0,0,96273,0,0,40,0,0,0,0,0,0,0,3672,0,0,0,0,0,0
236,1743,237.08697164652972,99985,223,97,5,6,2723,1406,0.04129619442916437,98,56,47716,48805,1956,1034,0,0,0,0,0,0,96228,0,0,41,0,0,0,0,0,0,0,3716,0,0,0,0,0,0
237,1743,238.11806473935948,99985,217,101,5,6,2748,1419,0.04167625143771566,99,53,47701,48797,1976,1041,0,0,0,0,0,0,96188,0,0,41,0,0,0,0,0,0,0,3756,0,0,0,0,0,0
238,1743,239.14957391405238,99985,209,95,5,6,2777,1428,0.04205630844626694,94,68,47683,48777,2007,1052,0,0,0,0,0,0,96139,0,0,44,0,0,0,0,0,0,0,3802,0,0,0,0,0,0
239,1743,240.18155130557562,99984,207,104,6,6,2803,1449,0.04252680428868619,94,69,47662,48761,2029,1058,0,0,0,0,0,0,96100,0,0,45,0,0,0,0,0,0,0,3839,0,0,0,0,0,0
240,1743,241.21393816104086,99984,206,103,6,6,2824,1465,0.04289686349815971,97,70,47647,48750,2042,1069,0,0,0,0,0,0,96061,0,0,45,0,0,0,0,0,0,0,3878,0,0,0,0,0,0
241,1743,242.24665230316722,99984,194,110,6,6,2846,1483,0.04329692750840134,104,63,47624,48742,2070,1077,0,0,0,0,0,0,96016,0,0,45,0,0,0,0,0,0,0,3923,0,0,0,0,0,0
242,1743,243.2798920262867,99984,200,109,6,6,2876,1500,0.043767002720435266,106,56,47598,48734,2088,1093,0,0,0,0,0,0,95974,0,0,45,0,0,0,0,0,0,0,3965,0,0,0,0,0,0
243,1743,244.31370095897952,99984,201,103,6,6,2910,1514,0.044247079532725234,102,53,47575,48728,2114,1108,0,0,0,0,0,0,95922,0,0,46,0,0,0,0,0,0,0,4016,0,0,0,0,0,0
244,1743,245.00318213636226,99984,200,98,6,6,2932,1524,0.044567130740918545,103,54,47556,48723,2133,1117,0,0,0,0,0,0,95886,0,0,48,0,0,0,0,0,0,0,4050,0,0,0,0,0,0
245,1743,246.03798879977413,99984,212,98,6,6,2972,1540,0.04512722035525684,100,58,47528,48706,2152,1130,0,0,0,0,0,0,95842,0,0,48,0,0,0,0,0,0,0,4094,0,0,0,0,0,0
246,1743,247.07325808845883,99984,219,102,6,6,3006,1555,0.04561729876780285,91,59,47511,48694,2171,1137,0,0,0,0,0,0,95804,0,0,48,0,0,0,0,0,0,0,4132,0,0,0,0,0,0
247,1743,248.1089003659266,99983,208,107,7,6,3033,1573,0.046067831531360334,104,55,47479,48687,2200,1143,0,0,0,0,0,0,95754,0,0,49,0,0,0,0,0,0,0,4180,0,0,0,0,0,0
248,1743,249.14518087228203,99983,211,108,7,6,3063,1587,0.046507906344078496,107,57,47454,48674,2219,1153,0,0,0,0,0,0,95715,0,0,50,0,0,0,0,0,0,0,4218,0,0,0,0,0,0
249,1743,250.18197095244287,99983,211,110,7,6,3092,1608,0.04700799135853095,112,55,47429,48659,2239,1168,0,0,0,0,0,0,95670,0,0,53,0,0,0,0,0,0,0,4260,0,0,0,0,0,0
250,1743,251.21922723356204,99983,211,111,7,6,3120,1624,0.04744806617124911,125,53,47393,48645,2262,1183,0,0,0,0,0,0,95628,0,0,54,0,0,0,0,0,0,0,4301,0,0,0,0,0,0
251,1743,252.2571256059665,99983,221,103,7,6,3157,1632,0.04789814268425632,126,70,47366,48624,2278,1195,0,0,0,0,0,0,95587,0,0,56,0,0,0,0,0,0,0,4340,0,0,0,0,0,0
252,1743,253.29550591850227,99983,209,111,7,6,3181,1654,0.04835822089755258,135,61,47348,48617,2299,1203,0,0,0,0,0,0,95538,0,0,57,0,0,0,0,0,0,0,4388,0,0,0,0,0,0
253,1743,254.3343278911551,99983,228,106,7,6,3218,1669,0.04887830931258314,133,63,47319,48602,2311,1221,0,0,0,0,0,0,95501,0,0,58,0,0,0,0,0,0,0,4424,0,0,0,0,0,0
254,1743,255.0271198138737,99983,226,108,7,6,3242,1678,0.04920836542212176,134,70,47299,48589,2332,1225,0,0,0,0,0,0,95468,0,0,58,0,0,0,0,0,0,0,4457,0,0,0,0,0,0
255,1743,256.06674227894166,99983,234,103,7,6,3276,1693,0.04969844873628517,131,75,47276,48572,2350,1242,0,0,0,0,0,0,95423,0,0,59,0,0,0,0,0,0,0,4501,0,0,0,0,0,0
256,1743,257.1068946274002,99983,232,107,7,6,3314,1716,0.05030855245391717,134,68,47244,48561,2381,1256,0,0,0,0,0,0,95368,0,0,63,0,0,0,0,0,0,0,4552,0,0,0,0,0,0
257,1743,258.14766034399884,99982,234,102,7,7,3352,1730,0.050829149246864436,116,71,47232,48547,2409,1271,0,0,0,0,0,0,95314,0,0,64,0,0,0,0,0,0,0,4604,0,0,0,0,0,0
258,1743,259.188923394514,99982,236,102,7,7,3381,1745,0.051269228461123,125,79,47204,48532,2426,1278,0,0,0,0,0,0,95274,0,0,66,0,0,0,0,0,0,0,4642,0,0,0,0,0,0
259,1743,260.23067085374385,99982,233,102,7,7,3420,1763,0.05183933107959433,126,81,47173,48513,2459,1295,0,0,0,0,0,0,95215,0,0,67,0,0,0,0,0,0,0,4700,0,0,0,0,0,0
260,1743,261.2730552602194,99982,232,103,7,7,3452,1781,0.05233942109579724,129,85,47152,48499,2478,1304,0,0,0,0,0,0,95165,0,0,67,0,0,0,0,0,0,0,4750,0,0,0,0,0,0
261,1743,262.3159343088596,99982,230,104,7,7,3489,1796,0.05285951471264828,130,86,47133,48487,2498,1314,0,0,0,0,0,0,95114,0,0,69,0,0,0,0,0,0,0,4799,0,0,0,0,0,0
262,1743,263.01141160453886,99982,222,100,7,7,3502,1807,0.05309955792042568,145,91,47115,48475,2509,1325,0,0,0,0,0,0,95080,0,0,71,0,0,0,0,0,0,0,4831,0,0,0,0,0,0
263,1743,264.0549905694293,99982,221,118,7,7,3533,1836,0.053699665939869176,153,77,47089,48461,2528,1335,0,0,0,0,0,0,95038,0,0,72,0,0,0,0,0,0,0,4872,0,0,0,0,0,0
264,1743,265.09907309133587,99982,223,122,7,7,3572,1852,0.05424976495769238,169,84,47043,48441,2556,1344,0,0,0,0,0,0,94992,0,0,75,0,0,0,0,0,0,0,4915,0,0,0,0,0,0
265,1743,266.14385723958253,99982,231,126,7,7,3613,1877,0.05490988377908024,158,81,47031,48423,2571,1361,0,0,0,0,0,0,94938,0,0,75,0,0,0,0,0,0,0,4969,0,0,0,0,0,0
266,1743,267.189037479579,99982,246,128,7,7,3663,1896,0.05560000800144026,149,89,47000,48402,2596,1372,0,0,0,0,0,0,94889,0,0,78,0,0,0,0,0,0,0,5015,0,0,0,0,0,0
267,1743,268.23472393777325,99982,260,131,7,7,3709,1914,0.05624012322217999,154,87,46961,48391,2616,1382,0,0,0,0,0,0,94843,0,0,79,0,0,0,0,0,0,0,5060,0,0,0,0,0,0
268,1743,269.281096998692,99982,264,129,7,7,3753,1935,0.05689024024324378,157,84,46921,48376,2649,1402,0,0,0,0,0,0,94782,0,0,81,0,0,0,0,0,0,0,5119,0,0,0,0,0,0
269,1743,270.3282252165327,99982,276,135,7,7,3799,1952,0.05752035366365946,152,88,46890,48360,2673,1408,0,0,0,0,0,0,94738,0,0,82,0,0,0,0,0,0,0,5162,0,0,0,0,0,0
270,1743,271.02665438253797,99982,283,141,7,7,3831,1970,0.05802044367986237,155,90,46866,48342,2687,1418,0,0,0,0,0,0,94702,0,0,83,0,0,0,0,0,0,0,5197,0,0,0,0,0,0
271,1743,272.07474055916606,99982,289,145,7,7,3881,1991,0.05873057150287052,146,94,46830,48320,2726,1432,0,0,0,0,0,0,94643,0,0,85,0,0,0,0,0,0,0,5254,0,0,0,0,0,0
272,1743,273.12362130063457,99982,268,156,7,7,3909,2028,0.05938068852393431,157,80,46810,48300,2756,1455,0,0,0,0,0,0,94570,0,0,87,0,0,0,0,0,0,0,5325,0,0,0,0,0,0
273,1743,274.1731251127955,99981,272,149,8,7,3952,2042,0.05995139076424521,149,100,46784,48272,2785,1470,0,0,0,0,0,0,94513,0,0,90,0,0,0,0,0,0,0,5378,0,0,0,0,0,0
274,1743,275.22322035397195,99981,285,152,8,7,4001,2072,0.060741540892769626,144,93,46752,48253,2809,1493,0,0,0,0,0,0,94450,0,0,90,0,0,0,0,0,0,0,5441,0,0,0,0,0,0
275,1743,276.2739491998597,99979,275,143,10,7,4039,2095,0.06135288410566219,148,95,46715,48232,2850,1521,0,0,0,0,0,0,94374,0,0,94,0,0,0,0,0,0,0,5511,0,0,0,0,0,0
276,1743,277.32558108812873,99979,275,161,10,7,4080,2130,0.06211304373918523,152,83,46681,48215,2880,1532,0,0,0,0,0,0,94317,0,0,95,0,0,0,0,0,0,0,5567,0,0,0,0,0,0
277,1743,278.0270359879921,99979,269,159,10,7,4099,2144,0.062443113053741284,169,81,46649,48205,2901,1546,0,0,0,0,0,0,94277,0,0,96,0,0,0,0,0,0,0,5606,0,0,0,0,0,0
278,1743,279.07992742343146,99979,282,156,10,7,4148,2168,0.06317326638594105,161,83,46618,48184,2927,1568,0,0,0,0,0,0,94215,0,0,97,0,0,0,0,0,0,0,5667,0,0,0,0,0,0
279,1743,280.13347686356786,99978,285,155,11,7,4188,2194,0.0638340434895677,160,86,46588,48162,2954,1588,0,0,0,0,0,0,94153,0,0,99,0,0,0,0,0,0,0,5726,0,0,0,0,0,0
280,1743,281.1876387013568,99977,275,146,12,7,4227,2213,0.06441481540754374,155,93,46563,48144,2993,1608,0,0,0,0,0,0,94083,0,0,106,0,0,0,0,0,0,0,5788,0,0,0,0,0,0
281,1743,282.2425597087956,99977,281,154,12,7,4270,2241,0.06512497874511138,161,84,46523,48131,3021,1622,0,0,0,0,0,0,94028,0,0,108,0,0,0,0,0,0,0,5841,0,0,0,0,0,0
282,1743,283.2982648432811,99977,278,153,12,7,4311,2262,0.06574512137791692,166,84,46490,48113,3052,1641,0,0,0,0,0,0,93965,0,0,111,0,0,0,0,0,0,0,5901,0,0,0,0,0,0
283,1743,284.00252178654887,99976,279,140,12,8,4342,2269,0.06612587020885012,168,95,46466,48103,3073,1652,0,0,0,0,0,0,93917,0,0,113,0,0,0,0,0,0,0,5946,0,0,0,0,0,0
284,1743,285.0594721188709,99976,290,154,12,8,4386,2299,0.06686604785148435,162,89,46439,48087,3095,1660,0,0,0,0,0,0,93870,0,0,115,0,0,0,0,0,0,0,5991,0,0,0,0,0,0
285,1743,286.11698007201767,99975,273,158,13,8,4427,2325,0.06753688422105526,159,91,46420,48070,3133,1671,0,0,0,0,0,0,93793,0,0,118,0,0,0,0,0,0,0,6064,0,0,0,0,0,0
286,1743,287.17515213438884,99975,272,159,13,8,4470,2349,0.06820705176294073,152,91,46398,48055,3163,1685,0,0,0,0,0,0,93728,0,0,120,0,0,0,0,0,0,0,6127,0,0,0,0,0,0
287,1743,288.23385487132265,99975,278,163,13,8,4512,2375,0.06888722180545136,152,88,46374,48037,3181,1702,0,0,0,0,0,0,93673,0,0,123,0,0,0,0,0,0,0,6179,0,0,0,0,0,0
288,1743,289.2930377246164,99975,277,174,13,8,4554,2402,0.06957739434858715,148,90,46346,48013,3214,1713,0,0,0,0,0,0,93615,0,0,124,0,0,0,0,0,0,0,6236,0,0,0,0,0,0
289,1743,290.35286423810874,99975,282,174,13,8,4600,2428,0.0702975743935984,165,80,46300,48003,3238,1733,0,0,0,0,0,0,93551,0,0,127,0,0,0,0,0,0,0,6297,0,0,0,0,0,0
290,1743,291.0598385094842,99975,279,175,13,8,4627,2442,0.07070767691922981,164,86,46281,47987,3261,1742,0,0,0,0,0,0,93511,0,0,130,0,0,0,0,0,0,0,6334,0,0,0,0,0,0
291,1743,292.12094440261205,99975,278,163,13,8,4670,2456,0.07127781945486372,169,103,46250,47966,3288,1758,0,0,0,0,0,0,93443,0,0,132,0,0,0,0,0,0,0,6400,0,0,0,0,0,0
292,1743,293.1827352777035,99975,279,152,13,8,4708,2476,0.07185796449112278,175,112,46221,47940,3310,1786,0,0,0,0,0,0,93381,0,0,138,0,0,0,0,0,0,0,6456,0,0,0,0,0,0
293,1743,294.2451896054306,99975,283,153,13,8,4756,2506,0.07263815953988498,183,102,46182,47935,3337,1800,0,0,0,0,0,0,93311,0,0,141,0,0,0,0,0,0,0,6523,0,0,0,0,0,0
294,1743,295.30833318618824,99974,300,153,14,8,4811,2527,0.07339908376177806,175,103,46147,47922,3362,1812,0,0,0,0,0,0,93255,0,0,144,0,0,0,0,0,0,0,6575,0,0,0,0,0,0
295,1743,296.0174826966153,99974,297,152,14,8,4849,2541,0.0739192189969392,175,106,46112,47908,3400,1824,0,0,0,0,0,0,93204,0,0,149,0,0,0,0,0,0,0,6621,0,0,0,0,0,0
296,1743,297.0821532260479,99974,297,153,14,8,4897,2566,0.07464940884630004,175,105,46076,47892,3436,1840,0,0,0,0,0,0,93135,0,0,152,0,0,0,0,0,0,0,6687,0,0,0,0,0,0
297,1743,298.1476747590089,99972,283,156,16,8,4928,2596,0.07526107310046813,191,99,46055,47873,3453,1862,0,0,0,0,0,0,93066,0,0,155,0,0,0,0,0,0,0,6751,0,0,0,0,0,0
298,1743,299.21371294449364,99971,277,149,17,8,4971,2623,0.07596202898840664,187,92,46028,47867,3489,1882,0,0,0,0,0,0,92986,0,0,158,0,0,0,0,0,0,0,6827,0,0,0,0,0,0
299,1743,300.28052914943135,99971,273,148,17,8,5009,2644,0.07655220013804004,195,95,45993,47849,3520,1898,0,0,0,0,0,0,92924,0,0,160,0,0,0,0,0,0,0,6887,0,0,0,0,0,0
300,1743,301.3481091861252,99971,286,147,17,8,5063,2670,0.07735243220533955,182,88,45965,47838,3548,1917,0,0,0,0,0,0,92857,0,0,161,0,0,0,0,0,0,0,6953,0,0,0,0,0,0
301,1743,302.0602383427215,99971,292,154,17,8,5100,2687,0.07789258885076672,167,96,45952,47816,3570,1924,0,0,0,0,0,0,92816,0,0,161,0,0,0,0,0,0,0,6994,0,0,0,0,0,0
302,1743,303.12880713684325,99970,298,158,18,8,5143,2712,0.07857357207162148,176,96,45912,47802,3594,1934,0,0,0,0,0,0,92760,0,0,163,0,0,0,0,0,0,0,7047,0,0,0,0,0,0
303,1743,304.1980791033932,99970,293,160,18,8,5184,2739,0.07925377613283985,185,94,45877,47785,3625,1951,0,0,0,0,0,0,92692,0,0,166,0,0,0,0,0,0,0,7112,0,0,0,0,0,0
304,1743,305.26811166699224,99970,288,171,18,8,5230,2772,0.08004401320396119,183,76,45848,47776,3661,1967,0,0,0,0,0,0,92621,0,0,168,0,0,0,0,0,0,0,7181,0,0,0,0,0,0
305,1743,306.3390065389265,99969,296,168,19,8,5288,2788,0.08078504336344267,167,81,45823,47760,3693,1981,0,0,0,0,0,0,92555,0,0,171,0,0,0,0,0,0,0,7243,0,0,0,0,0,0
306,1743,307.0532515586678,99969,294,173,19,8,5317,2801,0.08120517360381718,164,78,45808,47752,3713,1987,0,0,0,0,0,0,92517,0,0,172,0,0,0,0,0,0,0,7280,0,0,0,0,0,0
307,1743,308.12514699348435,99968,285,172,20,8,5361,2820,0.0818361875800256,168,82,45776,47742,3749,1994,0,0,0,0,0,0,92445,0,0,173,0,0,0,0,0,0,0,7350,0,0,0,0,0,0
308,1743,309.19774999792253,99968,284,173,20,8,5399,2845,0.08246638924455826,171,81,45754,47727,3769,2009,0,0,0,0,0,0,92385,0,0,174,1,0,0,0,0,0,0,7408,0,0,0,0,0,0
309,1743,310.2709169539503,99967,294,161,20,9,5443,2865,0.08310742545039863,176,88,45720,47709,3788,2031,0,0,0,0,0,0,92322,0,0,177,1,0,0,0,0,0,0,7467,0,0,0,0,0,0
310,1743,311.3447387395767,99967,304,167,20,9,5500,2891,0.08393769944081547,165,84,45689,47695,3820,2043,0,0,0,0,0,0,92257,0,0,179,1,0,0,0,0,0,0,7530,0,0,0,0,0,0
311,1743,312.06101428925507,99967,296,161,20,9,5532,2904,0.08438784798983665,175,96,45657,47678,3850,2054,0,0,0,0,0,0,92198,0,0,179,1,0,0,0,0,0,0,7589,0,0,0,0,0,0
312,1743,313.1361753098722,99967,301,162,20,9,5582,2931,0.08515810217371733,172,93,45634,47661,3871,2073,0,0,0,0,0,0,92130,0,0,182,1,0,0,0,0,0,0,7654,0,0,0,0,0,0
313,1743,314.21195536675754,99966,295,163,21,9,5625,2955,0.08582918192185343,172,97,45610,47637,3900,2092,0,0,0,0,0,0,92062,0,0,186,1,0,0,0,0,0,0,7717,0,0,0,0,0,0
314,1743,315.2883530055668,99966,302,160,21,9,5674,2974,0.08650941320048816,183,103,45569,47622,3923,2104,0,0,0,0,0,0,92004,0,0,192,1,0,0,0,0,0,0,7769,0,0,0,0,0,0
315,1743,316.0063842424475,99966,304,161,21,9,5704,2994,0.08700958325830782,185,109,45549,47600,3939,2119,0,0,0,0,0,0,91961,0,0,196,1,0,0,0,0,0,0,7808,0,0,0,0,0,0
316,1743,317.08396952753225,99966,307,165,21,9,5758,3024,0.08784986895544485,196,106,45494,47577,3980,2141,0,0,0,0,0,0,91891,0,0,203,1,0,0,0,0,0,0,7871,0,0,0,0,0,0
317,1743,318.162638434544,99966,322,167,21,9,5811,3049,0.08863013424564352,200,110,45453,47559,4002,2153,0,0,0,0,0,0,91834,0,0,207,1,0,0,0,0,0,0,7924,0,0,0,0,0,0
318,1743,319.24202450008266,99966,336,164,21,9,5870,3078,0.08951043354740612,190,115,45417,47531,4034,2179,0,0,0,0,0,0,91762,0,0,212,1,0,0,0,0,0,0,7991,0,0,0,0,0,0
319,1743,320.3222812098329,99966,329,165,21,9,5926,3105,0.09034071584338675,194,116,45371,47514,4082,2193,1,1,1,1,0,0,91676,0,0,214,2,0,0,0,0,0,1,8072,1,0,0,0,0,0
320,1743,321.05135753154894,99966,326,171,21,9,5941,3117,0.09061080767460937,198,121,45355,47499,4096,2196,2,2,2,2,0,0,91650,0,0,214,2,0,0,0,0,0,3,8096,1,0,0,0,0,0
321,1743,322.0136958621344,99965,345,171,22,9,6014,3156,0.09173210623718302,187,111,45307,47484,4134,2220,3,3,3,3,0,0,91562,0,0,220,2,0,0,0,0,0,5,8175,1,0,0,0,0,0
322,1743,323.0049412076335,99965,349,169,22,9,6051,3177,0.09231230930825789,191,106,45276,47472,4156,2238,4,4,4,4,0,0,91511,0,0,227,2,0,0,0,0,0,7,8217,1,0,0,0,0,0
323,1743,324.0766150229904,99965,352,173,22,9,6118,3209,0.09330265592957535,194,104,45222,47452,4203,2255,5,5,5,5,0,0,91421,0,0,231,2,0,0,0,0,0,9,8301,1,0,0,0,0,0
324,1743,325.29760141271885,99965,350,173,22,9,6180,3237,0.09420297103986396,195,110,45183,47431,4242,2269,6,6,6,6,0,0,91336,0,0,240,2,0,0,0,0,0,11,8375,1,0,0,0,0,0
325,1743,326.01342560564837,99965,347,167,22,9,6212,3251,0.09466313209623368,194,112,45169,47422,4259,2281,7,7,7,7,0,0,91282,0,0,243,2,0,0,0,0,0,13,8424,1,0,0,0,0,0
326,1743,327.1012582870416,99965,353,172,22,9,6262,3279,0.09544340519181714,191,111,45136,47407,4288,2291,8,8,8,8,0,0,91220,0,0,250,2,0,0,0,0,0,15,8477,1,0,0,0,0,0
327,1743,328.0096634541048,99965,343,172,22,9,6299,3305,0.09607362576901916,207,111,45096,47389,4321,2308,9,9,9,9,0,0,91150,0,0,254,2,0,0,0,0,0,16,8541,2,0,0,0,0,0
328,1743,329.06086280365975,99965,358,169,22,9,6369,3328,0.09700395138298404,190,110,45065,47376,4353,2324,10,10,10,10,0,0,91078,0,0,265,2,0,0,0,0,0,18,8600,2,0,0,0,0,0
329,1743,330.0116457061179,99965,343,162,22,9,6412,3361,0.09776421747611665,196,96,45036,47363,4390,2357,11,11,11,11,0,0,90983,0,0,270,2,0,0,0,0,0,20,8688,2,0,0,0,0,0
330,1743,331.04637311720757,99964,339,178,23,9,6470,3397,0.09870553399223721,213,87,44988,47347,4423,2365,12,12,12,12,0,0,90905,0,0,276,2,0,0,0,0,0,22,8757,2,0,0,0,0,0
331,1743,332.0993166839529,99963,328,182,24,9,6499,3419,0.09921671018276762,228,89,44961,47328,4444,2377,13,13,13,13,0,0,90849,0,0,278,3,0,0,0,0,0,24,8807,2,0,0,0,0,0
332,1743,333.00242193237733,99963,328,184,24,9,6549,3443,0.09995698408411112,229,92,44923,47310,4480,2389,14,14,14,14,0,0,90782,0,0,284,3,0,0,0,0,0,25,8866,3,0,0,0,0,0
333,1743,334.03924563031705,99962,337,179,25,9,6609,3467,0.10079830335527501,207,93,44895,47295,4519,2407,15,15,15,15,0,0,90708,0,0,291,3,0,0,0,0,0,26,8930,4,0,0,0,0,0
334,1743,335.0270279995387,99962,346,165,25,9,6653,3482,0.10138852764050339,196,101,44869,47281,4546,2426,16,16,16,16,0,0,90645,0,0,294,3,0,0,0,0,0,28,8988,4,0,0,0,0,0
335,1743,336.0431493644211,99962,337,171,25,9,6702,3507,0.10212880894740001,209,107,44828,47258,4582,2436,17,17,17,17,0,0,90571,0,0,298,3,0,0,0,0,0,29,9056,5,0,0,0,0,0
336,1743,337.01977818419283,99962,322,171,25,9,6737,3533,0.10273904083551749,223,109,44792,47237,4618,2454,18,18,18,18,0,0,90496,0,0,301,3,0,0,0,0,0,31,9126,5,0,0,0,0,0
337,1743,338.0085530255803,99962,325,173,25,9,6785,3562,0.10350933354674777,217,103,44765,47222,4647,2472,19,19,19,19,0,0,90429,0,0,308,3,0,0,0,0,0,33,9184,5,0,0,0,0,0
338,1743,339.007933298411,99962,340,177,25,9,6850,3586,0.10439967187531261,209,104,44727,47204,4678,2485,19,19,20,20,0,0,90361,0,0,312,3,0,0,0,0,0,35,9246,5,0,0,0,0,0
339,1743,340.07091171419535,99962,340,179,25,9,6907,3612,0.10522998739521018,195,109,44709,47180,4709,2501,20,20,21,21,0,0,90286,0,0,320,3,0,0,0,0,0,37,9311,5,0,0,0,0,0
340,1743,341.0133710927696,99962,355,183,25,9,6958,3635,0.1059702687021068,191,108,44682,47161,4724,2516,21,21,22,22,0,0,90232,0,0,323,3,0,0,0,0,0,39,9360,5,0,0,0,0,0
341,1743,342.1534021435527,99960,340,176,26,10,7026,3668,0.1069827931172469,202,105,44628,47139,4780,2546,22,22,23,23,0,0,90111,0,0,327,3,0,0,0,0,0,41,9473,5,0,0,0,0,0
342,1743,343.2524481796193,99960,316,176,26,10,7070,3697,0.10771308523409363,219,97,44589,47131,4825,2561,23,23,24,24,0,0,90018,0,0,333,3,0,0,0,0,0,43,9558,5,0,0,0,0,0
343,1743,344.35259894697407,99960,309,180,26,10,7121,3728,0.10853341336534614,218,86,44556,47115,4865,2583,24,24,25,25,0,0,89939,0,0,339,3,0,0,0,0,0,43,9629,7,0,0,0,0,0
344,1743,345.0865314509093,99959,327,180,26,11,7166,3745,0.10915475344891405,202,86,44535,47102,4882,2594,26,25,26,27,0,0,89899,0,0,346,3,0,0,0,0,0,46,9658,7,0,0,0,0,0
345,1743,346.1881134376674,99958,329,180,26,12,7218,3774,0.10996618579803517,195,86,44508,47079,4912,2614,28,27,28,29,0,0,89821,0,0,351,3,0,0,0,0,0,50,9726,7,0,0,0,0,0
346,1743,347.29034455612094,99958,335,184,26,12,7274,3799,0.11077652614097921,178,92,44486,47061,4943,2620,30,29,30,31,0,0,89753,0,0,358,3,0,0,0,0,0,54,9783,7,0,0,0,0,0
347,1743,348.02549691803046,99958,325,180,26,12,7303,3813,0.11120670681686308,177,102,44471,47043,4967,2630,32,31,32,33,0,0,89696,0,0,362,3,0,0,0,0,0,58,9832,7,0,0,0,0,0
348,1743,349.12887392797404,99958,332,172,26,12,7360,3838,0.11202705136157186,185,103,44429,47025,4993,2653,33,33,34,35,0,0,89614,0,0,365,4,0,0,0,0,0,62,9906,7,0,0,0,0,0
349,1743,350.2331322351165,99958,332,183,26,12,7420,3873,0.11297745052922227,191,89,44384,47009,5029,2669,36,36,37,38,0,0,89528,0,0,369,4,0,0,0,0,0,68,9982,7,0,0,0,0,0
350,1743,351.33839088470563,99958,347,188,26,12,7471,3900,0.11375777826687208,189,97,44341,46978,5056,2684,39,39,40,41,0,0,89466,0,0,369,5,0,0,0,0,0,73,10038,7,0,0,0,0,0
351,1743,352.07576906664553,99958,355,184,26,12,7513,3919,0.1143680345745213,188,99,44308,46959,5079,2702,42,42,43,44,0,0,89408,0,0,374,5,0,0,0,0,0,79,10085,7,0,0,0,0,0
352,1743,353.1827265901349,99958,368,182,26,12,7584,3946,0.11534844634746594,185,100,44254,46946,5119,2713,46,45,47,48,0,0,89319,0,0,378,5,0,0,0,0,0,85,10162,9,0,0,0,0,0
353,1743,354.2908260345009,99958,361,196,26,12,7632,3984,0.11620880769923368,179,84,44222,46931,5160,2726,50,49,51,52,0,0,89237,0,0,383,5,0,0,0,0,0,93,10231,9,0,0,0,0,0
354,1743,355.03004941424285,99958,344,186,26,12,7664,3995,0.11663898837511755,180,98,44197,46907,5196,2741,55,54,56,57,0,0,89162,0,0,387,5,0,0,0,0,0,102,10292,10,0,0,0,0,0
355,1743,356.13991532078967,99957,334,182,27,12,7704,4026,0.11735046069810018,190,92,44162,46893,5226,2760,59,59,61,62,0,0,89077,0,0,392,7,0,0,0,0,0,111,10359,11,0,0,0,0,0
356,1743,357.2507229374857,99956,317,182,28,12,7752,4054,0.11811196926647725,201,97,44113,46865,5275,2777,64,65,67,67,0,0,88980,0,0,398,7,0,0,0,0,0,121,10438,12,0,0,0,0,0
357,1743,358.3627166751353,99956,307,190,28,12,7799,4083,0.11887230381367801,193,96,44096,46838,5304,2791,70,71,73,73,0,0,88897,0,0,403,7,0,0,0,0,0,131,10504,14,0,0,0,0,0
358,1743,359.10444689125245,99955,308,186,29,12,7830,4099,0.11934370466710019,195,97,44070,46821,5320,2804,76,78,80,80,0,0,88839,0,0,407,7,0,0,0,0,0,143,10543,16,0,0,0,0,0
359,1743,360.2177963203987,99955,305,182,29,12,7875,4130,0.12010404682106948,191,92,44052,46801,5339,2825,82,86,88,87,0,0,88745,0,0,411,7,0,0,0,0,0,158,10618,16,0,0,0,0,0
360,1743,361.33175229779056,99954,302,188,30,12,7920,4164,0.1208956119815115,199,88,44017,46773,5360,2842,90,95,97,95,0,0,88662,0,0,419,7,0,0,0,0,0,173,10675,18,0,0,0,0,0
361,1743,362.07477106223985,99954,312,188,30,12,7963,4183,0.12151589731276387,183,82,43996,46755,5378,2856,99,105,107,104,0,0,88597,0,0,424,7,0,0,0,0,0,191,10716,19,0,0,0,0,0
362,1743,363.19001826518246,99953,320,185,30,13,8017,4203,0.12225746100667313,180,90,43969,46733,5391,2861,108,116,118,113,0,0,88515,0,0,430,7,0,0,0,0,0,210,10771,20,0,0,0,0,0
363,1743,364.30592332151775,99953,323,178,30,13,8077,4225,0.1230778465878963,174,94,43929,46711,5424,2877,118,125,130,123,0,0,88421,0,0,440,7,0,0,0,0,0,228,10833,24,0,0,0,0,0
364,1743,365.05046843488503,99953,323,173,30,13,8106,4241,0.12352805818734805,172,91,43908,46695,5436,2889,129,137,143,134,0,0,88356,0,0,443,8,0,0,0,0,0,247,10871,28,0,0,0,0,0
365,1743,366.1680689908531,99953,312,176,30,13,8153,4266,0.12424839674647084,175,94,43869,46663,5471,2902,141,150,157,146,0,0,88258,0,0,448,8,0,0,0,0,0,270,10938,31,0,0,0,0,0
366,1743,367.2866502900646,99953,316,175,30,13,8203,4293,0.12501875881664382,175,87,43839,46636,5485,2922,153,165,172,159,0,0,88165,0,0,455,8,0,0,0,0,0,296,10996,33,0,0,0,0,0
367,1743,368.03285404687364,99953,300,166,30,13,8226,4303,0.1253489139895751,186,95,43809,46613,5506,2930,167,181,189,173,0,0,88086,0,0,461,8,0,0,0,0,0,323,11038,37,0,0,0,0,0
368,1743,369.1530773623098,99953,318,173,30,13,8285,4335,0.12625934189068863,171,84,43769,46586,5528,2944,182,198,207,188,0,0,87991,0,0,463,8,0,0,0,0,0,354,11098,39,0,0,0,0,0
369,1743,370.2742772817293,99953,315,168,30,13,8331,4356,0.1269296569387612,176,93,43724,46547,5555,2959,198,218,227,205,0,0,87886,0,0,465,8,0,0,0,0,0,386,11164,44,0,0,0,0,0
370,1743,371.0223212761857,99953,332,160,30,13,8367,4369,0.12741988734705312,168,99,43690,46513,5562,2975,216,238,249,223,0,0,87818,0,0,471,9,0,0,0,0,0,421,11186,48,0,0,0,0,0
371,1743,372.1454599347136,99953,324,169,30,13,8410,4399,0.12815023060838593,179,95,43651,46473,5579,2987,235,261,273,242,0,0,87714,0,0,478,9,0,0,0,0,0,460,11240,52,0,0,0,0,0
372,1743,373.2695856781653,99953,313,167,30,13,8457,4425,0.12888057386971877,185,93,43608,46441,5608,2998,254,286,299,263,0,0,87593,0,0,487,9,0,0,0,0,0,504,11305,55,0,0,0,0,0
373,1743,374.01962992149373,99953,316,168,30,13,8495,4442,0.1294308324912709,178,91,43579,46404,5621,3008,274,314,327,285,0,0,87503,0,0,488,10,0,0,0,0,0,545,11344,63,0,0,0,0,0
374,1743,375.14569370449675,99953,324,166,30,13,8551,4464,0.1302111992636539,170,95,43536,46358,5642,3022,296,344,357,309,0,0,87384,0,0,488,11,0,0,0,0,0,593,11409,68,0,0,0,0,0
375,1743,376.2727665711584,99953,333,164,30,13,8605,4496,0.13107160365371726,157,86,43502,46315,5656,3046,320,374,390,334,0,0,87257,0,0,494,11,0,0,0,0,0,647,11472,72,0,0,0,0,0
376,1743,377.0247279724609,99953,339,161,30,13,8642,4512,0.1316018528708493,157,87,43453,46276,5672,3054,347,407,425,361,0,0,87160,0,0,502,11,0,0,0,0,0,702,11499,79,0,0,0,0,0
377,1743,378.153997367107,99953,329,151,30,13,8686,4538,0.13230218202555202,169,83,43400,46233,5695,3074,375,444,463,390,0,0,87020,0,0,509,12,0,0,0,0,0,761,11564,87,0,0,0,0,0
378,1743,379.28465878058483,99953,333,148,30,13,8738,4562,0.13306253939351495,168,90,43341,46181,5722,3081,404,485,504,421,0,0,86889,0,0,517,13,0,0,0,0,0,827,11614,93,0,0,0,0,0
379,1743,380.03927706475434,99953,326,146,30,13,8773,4578,0.13357277920622693,157,90,43309,46137,5740,3085,436,527,548,454,0,0,86767,0,0,522,14,0,0,0,0,0,895,11654,101,0,0,0,0,0
380,1743,381.1724238150505,99953,328,155,30,13,8818,4605,0.13429311776534972,152,91,43261,46090,5758,3081,469,568,595,489,0,0,86642,0,0,529,14,0,0,0,0,0,966,11690,112,0,0,0,0,0
381,1743,382.3068378088487,99953,316,152,30,13,8858,4625,0.13489339989795204,153,92,43214,46037,5782,3087,503,617,646,526,0,0,86498,0,0,536,14,0,0,0,0,0,1042,11739,124,0,0,0,0,0
382,1743,383.06390486859453,99953,304,151,30,13,8885,4643,0.1353436114974038,159,94,43161,45973,5802,3097,542,670,700,566,0,0,86364,0,0,540,15,0,0,0,0,0,1124,11774,136,0,0,0,0,0
383,1743,384.2012173764828,99953,290,159,30,13,8927,4675,0.13608395946094665,167,88,43105,45905,5823,3107,583,726,758,608,0,0,86197,0,0,544,15,0,0,0,0,0,1215,11837,145,0,0,0,0,0
384,1743,385.3399963599057,99952,296,162,31,13,8976,4702,0.13684568592924604,172,94,43042,45826,5831,3116,626,787,820,653,0,0,86042,0,0,550,15,0,0,0,0,0,1309,11878,158,0,0,0,0,0
385,1743,386.1000129648035,99952,280,173,31,13,8995,4732,0.13733592124219626,174,89,42998,45749,5844,3124,671,850,886,700,0,0,85896,0,0,554,17,0,0,0,0,0,1407,11907,171,0,0,0,0,0
386,1743,387.2415596385609,99951,288,155,31,14,9044,4752,0.13802763354043482,172,93,42943,45668,5845,3147,719,921,957,750,0,0,85715,0,0,561,17,0,0,0,0,0,1516,11959,183,0,0,0,0,0
387,1743,388.0034519682707,99951,293,148,31,14,9074,4765,0.13845784434372843,177,92,42879,45599,5847,3151,771,994,1032,803,0,0,85561,0,0,563,19,0,0,0,0,0,1629,11983,196,0,0,0,0,0
388,1743,389.14807639717054,99951,318,143,31,14,9134,4786,0.13926824143830477,165,100,42806,45513,5856,3159,822,1069,1112,859,0,0,85386,0,0,565,20,0,0,0,0,0,1747,12019,214,0,0,0,0,0
389,1743,390.29449862968016,99951,321,151,31,14,9188,4812,0.14006863363047894,153,91,42733,45436,5880,3155,880,1151,1197,918,0,0,85200,0,0,568,20,0,0,0,0,0,1867,12058,238,0,0,0,0,0
390,1743,391.0598178819348,99951,315,150,31,14,9221,4824,0.1405188542385769,154,102,42666,45334,5894,3159,938,1239,1287,980,0,0,85016,0,0,571,21,0,0,0,0,0,2003,12087,253,0,0,0,0,0
391,1743,392.2100385849512,99951,307,150,31,14,9262,4845,0.14113915818751188,154,108,42596,45236,5912,3159,998,1331,1382,1045,0,0,84819,0,0,584,21,0,0,0,0,0,2143,12111,273,0,0,0,0,0
392,1743,393.36222455120776,99950,302,161,32,14,9306,4878,0.14191095547773888,159,92,42497,45141,5943,3159,1065,1431,1483,1114,0,0,84606,0,0,592,22,0,0,0,0,0,2294,12145,291,0,0,0,0,0
393,1743,394.1317527034935,99950,294,159,32,14,9336,4896,0.1423911955977989,165,83,42418,45040,5952,3168,1137,1534,1590,1186,0,0,84402,0,0,601,22,0,0,0,0,0,2449,12161,315,0,0,0,0,0
394,1743,395.2887972767329,99950,292,160,32,14,9398,4922,0.14327163581790894,163,89,42322,44918,5979,3171,1210,1646,1703,1262,0,0,84154,0,0,605,23,0,0,0,0,0,2613,12216,339,0,0,0,0,0
395,1743,396.0616190148696,99950,290,154,32,14,9431,4933,0.14371185592796398,160,102,42236,44798,5996,3167,1284,1763,1822,1341,0,0,83930,0,0,606,25,0,0,0,0,0,2789,12240,360,0,0,0,0,0
396,1743,397.22357835656476,99950,279,155,32,14,9465,4962,0.14434217108554276,173,96,42141,44685,6008,3165,1365,1883,1948,1424,0,0,83679,0,0,608,28,0,0,0,0,0,2973,12279,383,0,0,0,0,0
397,1743,398.38816243768485,99949,291,155,33,14,9518,4986,0.1451140081441535,178,90,42036,44561,6014,3166,1446,2012,2080,1511,0,0,83425,0,0,612,29,0,0,0,0,0,3167,12309,407,0,0,0,0,0
398,1743,399.1660456779227,99949,294,163,33,14,9557,5004,0.14568429899248617,160,86,41952,44438,6025,3152,1534,2145,2219,1602,0,0,83182,0,0,618,29,0,0,0,0,0,3370,12316,434,0,0,0,0,0
399,1743,400.3358213571794,99949,304,169,33,14,9612,5038,0.1465747531240933,161,81,41852,44295,6026,3154,1622,2285,2365,1697,0,0,82916,0,0,624,32,0,0,0,0,0,3572,12335,470,0,0,0,0,0
400,1743,401.11714386082843,99949,301,166,33,14,9639,5051,0.14697495722818638,182,84,41740,44147,6025,3153,1717,2434,2519,1796,0,0,82657,0,0,623,35,0,0,0,0,0,3788,12341,505,0,0,0,0,0
401,1743,402.29247353843664,99949,315,157,33,14,9698,5071,0.14776536033377022,182,89,41626,43992,6030,3162,1812,2584,2680,1900,0,0,82356,0,0,625,37,0,0,0,0,0,4019,12375,537,0,0,0,0,0
402,1743,403.07768894388147,99948,328,154,34,14,9741,5088,0.1483671509184776,177,89,41524,43834,6023,3163,1912,2744,2849,2008,0,0,82065,0,0,630,37,0,0,0,0,0,4265,12383,568,0,0,0,0,0
403,1743,404.2589516890058,99947,324,145,35,14,9795,5105,0.14907901187629444,171,90,41410,43669,6040,3165,2018,2915,3026,2120,0,0,81739,0,0,635,37,0,0,0,0,0,4512,12414,610,0,0,0,0,0
404,1743,405.0482818648324,99947,332,148,35,14,9840,5125,0.14972935655897626,157,87,41303,43495,6041,3164,2130,3090,3211,2237,0,0,81416,0,0,636,38,0,0,0,0,0,4784,12433,640,0,0,0,0,0
405,1743,406.23594611251923,99947,318,157,35,14,9883,5162,0.15052978078381543,169,73,41173,43321,6061,3167,2242,3266,3404,2359,0,0,81063,0,0,638,42,0,0,0,0,0,5058,12469,677,0,0,0,0,0
406,1743,407.029789695308,99947,314,151,35,14,9918,5178,0.1510400512271504,171,76,41051,43125,6069,3171,2358,3461,3606,2485,0,0,80718,0,0,638,43,0,0,0,0,0,5343,12486,719,0,0,0,0,0
407,1743,408.2246539091027,99947,293,148,35,14,9964,5205,0.15177043833231613,167,79,40947,42927,6080,3168,2476,3662,3817,2616,0,0,80342,0,0,645,47,0,0,0,0,0,5633,12513,767,0,0,0,0,0
408,1743,409.0231668656737,99946,301,149,36,14,9999,5226,0.15233225942008685,174,75,40813,42716,6075,3170,2599,3874,4036,2752,0,0,79981,0,0,646,48,0,0,0,0,0,5950,12516,805,0,0,0,0,0
409,1743,410.2250699453636,99946,311,143,36,14,10060,5247,0.15315270245932805,161,69,40701,42520,6066,3164,2723,4088,4264,2893,0,0,79601,0,0,650,53,0,0,0,0,0,6261,12523,858,0,0,0,0,0
410,1743,411.0283005363683,99946,311,143,36,14,10085,5260,0.1535329077701959,162,68,40570,42306,6054,3156,2865,4311,4501,3039,0,0,79241,0,0,651,55,0,0,0,0,0,6586,12499,914,0,0,0,0,0
411,1743,412.23760273008367,99946,313,138,36,14,10144,5285,0.15437336161527224,151,61,40425,42081,6069,3167,3004,4537,4747,3190,0,0,78808,0,0,657,56,0,0,0,0,0,6939,12529,957,0,0,0,0,0
412,1743,413.0462154730479,99946,316,137,36,14,10176,5299,0.15483361014948072,151,59,40291,41849,6055,3157,3149,4782,5003,3346,0,0,78408,0,0,655,59,0,0,0,0,0,7296,12519,1009,0,0,0,0,0
413,1743,414.2640368024693,99945,299,121,37,14,10215,5309,0.15532542898594226,156,66,40146,41617,6066,3150,3294,5030,5268,3507,0,0,77968,0,0,661,63,0,0,0,0,0,7664,12526,1063,0,0,0,0,0
414,1743,415.07839625561485,99945,291,121,37,14,10247,5323,0.15578568212516886,164,62,39989,41382,6068,3127,3449,5292,5542,3673,0,0,77543,0,0,664,66,0,0,0,0,0,8041,12508,1123,0,0,0,0,0
415,1743,416.3054492671991,99945,272,129,37,14,10295,5350,0.15653609485216868,156,57,39842,41131,6083,3120,3608,5547,5826,3845,0,0,77085,0,0,675,67,0,0,0,0,0,8425,12499,1194,0,0,0,0,0
416,1743,417.1262533342581,99945,269,122,37,14,10317,5358,0.15683625994296863,166,61,39684,40877,6071,3096,3771,5828,6119,4022,0,0,76645,0,0,677,69,0,0,0,0,0,8829,12467,1258,0,0,0,0,0
417,1743,418.3629464959862,99945,266,117,37,14,10367,5372,0.15747661213667516,163,71,39518,40615,6075,3077,3939,6104,6422,4204,0,0,76161,0,0,682,71,0,0,0,0,0,9248,12461,1322,0,0,0,0,0
418,1743,419.1902863217539,99945,261,117,37,14,10392,5390,0.15790684876682176,163,74,39371,40337,6056,3060,4110,6396,6734,4391,0,0,75705,0,0,682,74,0,0,0,0,0,9659,12418,1407,0,0,0,0,0
419,1743,420.02099200205095,99945,258,129,37,14,10415,5413,0.15836710190604833,197,94,39203,40024,6013,3035,4290,6702,7056,4584,0,0,75242,13,0,681,78,0,0,0,0,0,10088,12354,1489,0,0,0,0,0
420,1743,421.04456934739454,99944,274,133,38,14,10465,5436,0.15909909549347634,215,108,39000,39720,5999,3025,4472,6998,7387,4782,0,0,74735,56,5,682,81,0,0,0,0,0,10546,12287,1552,0,0,0,0,0
421,1743,422.0727051531308,99944,295,142,38,14,10525,5464,0.15997958856959898,225,110,38798,39400,5988,3017,4654,7315,7727,4985,0,0,74205,109,6,686,81,0,0,0,0,0,11022,12217,1618,0,0,0,0,0
422,1743,423.1058260618744,99944,318,140,38,14,10589,5484,0.16082005923317058,224,126,38593,39079,5979,3002,4846,7637,8077,5193,0,0,73671,164,9,682,90,0,0,0,0,0,11498,12142,1688,0,0,0,0,0
423,1743,424.14401278307344,99944,357,156,38,14,10663,5521,0.16193068118146162,231,134,38377,38747,5966,2993,5029,7954,8436,5406,0,0,73129,204,16,689,92,0,0,0,0,0,11993,12065,1756,0,0,0,0,0
424,1743,425.1874277386456,99943,373,161,38,15,10734,5553,0.1629628888466426,245,134,38152,38424,5966,2978,5224,8286,8804,5625,0,0,72551,274,19,692,97,0,0,0,0,0,12497,11982,1831,0,0,0,0,0
425,1743,426.23649546751886,99942,384,178,38,16,10802,5593,0.1640451461847872,275,138,37923,38086,5955,2959,5423,8621,9180,5849,0,0,71975,345,24,693,99,0,0,0,0,0,12996,11885,1925,0,0,0,0,0
426,1743,427.291401401505,99941,407,183,38,17,10879,5627,0.16515744289130588,296,148,37679,37729,5954,2943,5624,8978,9565,6078,0,0,71394,408,32,697,104,1,0,0,0,0,13505,11784,2016,0,0,0,0,0
427,1743,428.3524112621319,99941,442,221,38,17,10980,5682,0.16671836383466246,310,145,37434,37368,5953,2909,5821,9338,9958,6312,0,0,70809,472,38,702,111,1,0,0,0,0,14020,11672,2116,0,0,0,0,0
428,1743,429.06315617095584,99941,456,214,38,17,11039,5709,0.16757887153420517,327,153,37180,37003,5958,2910,6039,9701,10360,6550,0,0,70167,533,43,710,116,1,0,0,0,0,14596,11605,2170,0,0,0,0,0
429,1743,430.1370222145005,99940,489,232,38,18,11123,5755,0.16888132879727838,347,173,36928,36600,5946,2899,6250,10076,10770,6793,0,0,69534,589,57,715,118,2,0,0,0,0,15158,11524,2243,0,0,0,0,0
430,1743,431.2175692519557,99940,513,241,38,18,11215,5793,0.17018210926555932,361,204,36665,36209,5954,2887,6467,10439,11187,7041,0,0,68880,661,73,715,125,3,0,0,0,0,15724,11441,2318,0,0,0,0,0
431,1743,432.3051985531228,99940,521,269,38,18,11307,5849,0.17166299779867922,386,214,36401,35799,5973,2879,6679,10819,11612,7293,0,0,68213,749,83,721,133,3,0,0,0,0,16293,11337,2408,0,0,0,0,0
432,1743,433.03429245296616,99940,537,284,38,18,11368,5888,0.17266359815889534,414,219,36142,35403,5954,2847,6913,11227,12044,7550,0,0,67582,789,102,723,141,3,0,0,0,0,16865,11237,2498,0,0,0,0,0
433,1743,434.13634268123116,99940,554,302,38,18,11472,5948,0.1743045827496498,463,224,35839,34996,5968,2849,7136,11609,12482,7811,0,0,66880,878,126,727,150,5,0,0,0,0,17454,11148,2572,0,0,0,0,0
434,1743,435.2464844910261,99939,590,341,39,18,11602,6024,0.17636758422637808,463,230,35564,34574,5977,2844,7365,11991,12927,8076,0,0,66171,965,156,730,159,5,0,0,0,0,18045,11055,2653,0,0,0,0,0
435,1743,436.3645309391339,99939,637,360,39,18,11735,6097,0.17842884159337197,479,237,35264,34132,5990,2859,7589,12392,13378,8345,0,0,65443,1050,191,737,170,5,0,0,0,0,18653,10969,2721,0,0,0,0,0
436,1743,437.11462413958543,99939,673,358,39,18,11843,6143,0.17996978156675572,488,255,34981,33713,5986,2856,7831,12798,13835,8618,0,0,64740,1132,213,738,181,5,0,0,0,0,19251,10856,2823,0,0,0,0,0
437,1743,438.2497251107465,99939,689,370,39,18,11989,6214,0.18214110607470557,535,274,34647,33298,6036,2852,8052,13186,14297,8895,0,0,63956,1267,244,752,186,6,0,0,0,0,19868,10751,2909,0,0,0,0,0
438,1743,439.0119187094551,99938,729,384,40,18,12094,6261,0.18366387160039224,552,280,34353,32881,6035,2834,8289,13601,14764,9175,0,0,63253,1331,264,756,195,6,0,0,0,0,20486,10638,3009,0,0,0,0,0
439,1743,440.165726246958,99938,783,402,40,18,12251,6339,0.18601532950429267,584,291,34031,32442,6040,2839,8520,14006,15235,9459,0,0,62520,1433,291,772,208,6,0,0,0,0,21087,10496,3125,0,0,0,0,0
440,1743,441.3292048188829,99938,818,438,40,18,12426,6437,0.1887470231543557,640,301,33668,32001,6098,2844,8734,14396,15710,9746,0,0,61721,1574,325,785,221,7,0,0,0,0,21711,10380,3214,0,0,0,0,0
441,1743,442.1109006616749,99938,858,448,40,18,12557,6489,0.1905781584582441,656,326,33351,31554,6126,2837,8967,14815,16189,10036,0,0,60970,1661,352,790,233,8,0,0,0,0,22347,10271,3306,0,0,0,0,0
442,1743,443.2956897438399,99938,910,471,40,18,12766,6592,0.19370009405831615,680,341,32970,31084,6201,2871,9197,15213,16671,10329,0,0,60149,1805,405,813,245,8,0,0,0,0,22968,10148,3397,0,0,0,0,0
443,1743,444.0923005775018,99938,936,490,40,18,12895,6663,0.1957013348275931,699,343,32651,30656,6225,2875,9447,15616,17156,10624,0,0,59385,1901,445,816,258,9,0,0,0,0,23595,10033,3496,0,0,0,0,0
444,1743,445.3002162440296,99935,1007,484,43,18,13133,6760,0.19905938860259167,741,366,32257,30227,6303,2915,9647,15988,17643,10922,0,0,58543,2060,517,838,267,9,0,0,0,0,24198,9906,3597,0,0,0,0,0
445,1743,446.11284329032634,99935,1029,491,43,18,13276,6829,0.20118076749887426,760,385,31935,29779,6346,2925,9885,16400,18132,11222,0,0,57755,2170,568,846,278,10,0,0,0,0,24824,9787,3697,0,0,0,0,0
446,1743,447.3452979151597,99934,1109,506,44,18,13525,6936,0.2047451317869794,767,395,31577,29346,6408,2950,10093,16783,18623,11524,0,0,56913,2339,632,857,292,10,0,0,0,0,25432,9653,3806,0,0,0,0,0
447,1743,448.1739899886442,99934,1120,548,44,18,13672,7038,0.20723677627233975,793,384,31255,28886,6457,2957,10329,17205,19115,11828,0,0,56112,2439,694,876,302,11,0,0,0,0,26068,9539,3893,0,0,0,0,0
448,1743,449.0107118134546,99934,1171,587,44,18,13832,7147,0.20992855284487763,819,365,30904,28433,6495,2982,10565,17613,19607,12134,0,0,55300,2543,753,884,309,11,0,0,0,0,26716,9441,3977,0,0,0,0,0
449,1743,450.28083379178526,99934,1206,571,44,18,14085,7246,0.21345087757920228,883,415,30506,27984,6594,3040,10765,17970,20100,12441,0,0,54413,2746,837,908,325,11,0,0,0,0,27312,9299,4083,0,0,0,0,0
450,1743,451.1359282637861,99934,1251,594,44,18,14273,7340,0.21627274000840555,880,424,30185,27544,6630,3049,11008,18369,20592,12750,0,0,53600,2865,901,917,340,11,0,0,0,0,27937,9181,4182,0,0,0,0,0
451,1743,452.4338733524554,99932,1277,628,46,18,14562,7473,0.22049993995917225,900,450,29782,27092,6785,3079,11208,18731,21084,13060,0,0,52710,3060,1017,946,358,11,0,0,0,0,28513,9042,4275,0,0,0,0,0
452,1743,453.3081244180073,99932,1322,640,46,18,14771,7566,0.22352199495657046,898,464,29441,26660,6848,3102,11443,19114,21575,13370,0,0,51884,3193,1088,961,375,13,0,0,0,0,29131,8918,4369,0,0,0,0,0
453,1743,454.192098116482,99930,1354,643,48,18,14963,7670,0.22648854197938556,926,466,29094,26229,6915,3135,11661,19507,22064,13681,0,0,51067,3327,1177,974,393,14,0,0,0,0,29720,8786,4472,0,0,0,0,0
454,1743,455.0857966708169,99928,1389,650,49,19,15165,7768,0.22949523657033064,924,474,28741,25800,6991,3156,11904,19899,22551,13993,0,0,50239,3459,1267,980,416,14,0,0,0,0,30321,8673,4559,0,0,0,0,0
455,1743,456.44473100827906,99926,1432,690,50,20,15459,7928,0.23404319196205192,958,508,28351,25336,7112,3218,12095,20226,23036,14305,0,0,49373,3633,1390,1015,437,17,0,0,0,0,30878,8532,4651,0,0,0,0,0
456,1743,457.36024904312956,99926,1470,735,50,20,15687,8054,0.23758581350199148,956,489,28007,24927,7203,3227,12312,20600,23519,14617,0,0,48572,3756,1484,1039,458,17,0,0,0,0,31453,8391,4756,0,0,0,0,0
457,1743,458.28620490903336,99925,1494,737,51,20,15915,8165,0.24098073555166374,964,501,27652,24491,7304,3276,12533,20973,23999,14929,0,0,47731,3913,1598,1056,475,18,0,0,0,0,32019,8263,4852,0,0,0,0,0
458,1743,459.22353956557237,99923,1543,754,53,20,16138,8286,0.24442820972148555,986,509,27284,24059,7369,3303,12763,21353,24475,15240,0,0,46934,4029,1704,1077,492,19,0,0,0,0,32581,8131,4956,0,0,0,0,0
459,1743,460.1727102136019,99923,1579,773,53,20,16391,8414,0.24824114568217528,1007,505,26913,23665,7477,3332,12969,21703,24948,15551,0,0,46145,4155,1842,1106,512,21,0,0,0,0,33097,7981,5064,0,0,0,0,0
460,1743,461.13426044683376,99922,1617,797,53,21,16662,8536,0.25217669782430296,1006,510,26563,23248,7581,3363,13178,22059,25417,15861,0,0,45334,4305,1966,1121,547,21,0,0,0,0,33629,7845,5154,0,0,0,0,0
461,1743,462.1080531588352,99920,1622,810,55,21,16904,8664,0.25588470776621297,1035,532,26205,22834,7701,3414,13380,22387,25882,16170,0,0,44499,4449,2099,1155,570,21,0,0,0,0,34171,7724,5232,0,0,0,0,0
462,1743,463.09427285339297,99918,1681,836,57,21,17159,8812,0.2599231369723173,1027,528,25881,22448,7781,3461,13571,22704,26342,16478,0,0,43708,4571,2242,1165,599,22,0,0,0,0,34688,7610,5313,0,0,0,0,0
463,1743,464.0923299149574,99918,1706,866,57,21,17421,8962,0.2640465181448788,1039,522,25537,22079,7895,3495,13764,23015,26797,16785,0,0,42946,4705,2387,1186,638,23,0,0,0,0,35161,7449,5423,0,0,0,0,0
464,1743,465.10308504859444,99917,1709,863,58,21,17682,9088,0.26792237557172455,1075,545,25202,21685,8014,3558,13940,23326,27248,17090,0,0,42130,4849,2550,1211,665,29,0,0,0,0,35652,7341,5490,0,0,0,0,0
465,1743,466.12684098685224,99917,1748,891,58,21,17954,9228,0.27204579801235024,1086,562,24870,21322,8119,3593,14117,23609,27693,17394,0,0,41348,4994,2695,1224,696,29,0,0,0,0,36137,7212,5582,0,0,0,0,0
466,1743,467.16361913169277,99915,1775,900,60,21,18238,9383,0.2764449782314968,1093,564,24500,20965,8257,3659,14313,23889,28133,17696,0,0,40520,5154,2862,1253,722,31,0,0,0,0,36622,7106,5645,0,0,0,0,0
467,1743,468.21464287751155,99913,1803,892,62,21,18535,9516,0.2807542562028965,1086,589,24169,20633,8393,3712,14485,24151,28567,17996,0,0,39736,5295,3050,1277,753,33,0,0,0,0,37059,6985,5725,0,0,0,0,0
468,1743,469.28042424256876,99912,1836,917,63,21,18837,9665,0.28527103851389224,1080,587,23815,20304,8541,3750,14663,24419,28996,18294,0,0,38969,5409,3236,1308,788,33,0,0,0,0,37501,6877,5791,0,0,0,0,0
469,1743,470.361102287187,99912,1846,942,63,21,19132,9825,0.2898250460405157,1127,599,23479,19951,8676,3803,14807,24682,29419,18590,0,0,38196,5545,3428,1341,822,34,0,0,0,0,37928,6757,5861,0,0,0,0,0
470,1743,471.45624256362015,99912,1853,947,63,21,19445,9980,0.29450916806789973,1096,587,23183,19629,8840,3870,14963,24944,29836,18884,0,0,37405,5717,3629,1361,862,36,0,0,0,0,38330,6642,5930,0,0,0,0,0
471,1743,472.00798846456024,99912,1874,963,63,21,19597,10071,0.2969413083513492,1122,582,22909,19300,8865,3876,15165,25256,30246,19175,0,0,36785,5719,3776,1377,888,40,0,0,0,0,38792,6545,5990,0,0,0,0,0
472,1743,473.13043349675263,99911,1874,979,64,21,19909,10240,0.30175856512295945,1142,596,22577,18985,9038,3948,15303,25469,30650,19464,0,0,35993,5900,3966,1410,927,41,0,0,0,0,39196,6426,6052,0,0,0,0,0
473,1743,474.26847946720227,99909,1885,987,66,21,20253,10408,0.30688926923500387,1134,595,22253,18681,9225,4019,15435,25695,31048,19750,0,0,35230,6054,4177,1446,980,44,0,0,0,0,39567,6309,6102,0,0,0,0,0
474,1743,475.42318739767853,99909,1928,1012,66,21,20604,10575,0.3120739873284689,1117,575,21969,18365,9359,4099,15559,25926,31439,20034,0,0,34488,6202,4381,1479,1020,45,0,0,0,0,39937,6192,6165,0,0,0,0,0
475,1743,476.00475626794207,99908,1913,984,67,21,20753,10650,0.3143191736397486,1130,577,21731,18079,9405,4132,15752,26205,31824,20315,0,0,33862,6263,4533,1496,1044,47,0,0,0,0,40340,6074,6249,0,0,0,0,0
476,1743,477.1874348228014,99906,1899,996,69,21,21063,10841,0.3193401797689828,1123,581,21460,17798,9569,4210,15878,26392,32202,20593,0,0,33148,6403,4768,1533,1094,48,0,0,0,0,40645,5948,6319,0,0,0,0,0
477,1743,478.3850461432563,99906,1864,1010,69,21,21377,11022,0.3242948371469181,1112,567,21229,17517,9745,4290,15979,26593,32573,20868,0,0,32429,6559,5020,1546,1154,51,0,0,0,0,40933,5846,6368,0,0,0,0,0
478,1743,479.59719531554333,99905,1906,1007,70,21,21722,11196,0.3294930183674491,1082,545,20958,17273,9895,4373,16087,26779,32938,21140,0,0,31717,6708,5238,1576,1200,54,0,0,0,0,41250,5738,6424,0,0,0,0,0
479,1743,480.2076194156289,99904,1875,1010,71,21,21878,11281,0.3319086322869955,1089,538,20747,16997,9951,4399,16265,27033,33296,21409,0,0,31119,6764,5378,1591,1240,57,0,0,0,0,41638,5639,6478,0,0,0,0,0
480,1743,481.4479726339388,99904,1859,1012,71,21,22202,11448,0.33682335041639977,1100,558,20491,16741,10120,4483,16357,27183,33647,21674,0,0,30444,6891,5631,1642,1276,59,0,0,0,0,41901,5518,6542,0,0,0,0,0
481,1743,482.0718179650781,99904,1850,1005,71,21,22369,11535,0.33936579115951315,1072,540,20292,16483,10175,4511,16538,27438,33991,21936,0,0,29880,6926,5798,1652,1313,61,0,0,0,0,42249,5428,6597,0,0,0,0,0
482,1743,483.3407304877156,99904,1912,981,71,21,22750,11692,0.3447509609224856,1040,553,20065,16274,10318,4593,16592,27576,34329,22195,0,0,29231,7049,6062,1677,1363,64,0,0,0,0,42481,5330,6647,0,0,0,0,0
483,1743,484.62429345387915,99903,1895,980,71,22,23109,11876,0.35018968399347367,1011,510,19823,16100,10536,4684,16662,27702,34660,22450,0,0,28578,7171,6351,1712,1423,71,0,0,0,0,42686,5235,6676,0,0,0,0,0
484,1743,485.2704384862389,99903,1873,960,71,22,23283,11952,0.35269211134800754,1012,507,19613,15863,10601,4709,16828,27937,34984,22702,0,0,28055,7198,6532,1730,1465,72,0,0,0,0,42980,5136,6735,0,0,0,0,0
485,1743,486.58391713039924,99903,1828,930,71,22,23580,12107,0.3572165000050049,1020,534,19398,15687,10772,4803,16909,28022,35301,22950,0,0,27451,7300,6801,1759,1548,73,0,0,0,0,43177,5038,6756,0,0,0,0,0
486,1743,487.24549969722773,99902,1866,948,72,22,23787,12206,0.36028307741586757,970,519,19211,15452,10825,4820,17054,28237,35612,23195,0,0,26966,7296,6985,1768,1585,75,0,0,0,0,43464,4959,6804,0,0,0,0,0
487,1743,488.5880914441043,99902,1813,942,72,22,24128,12385,0.36548817841484654,984,477,18999,15288,11042,4919,17088,28350,35916,23436,0,0,26331,7443,7272,1799,1647,81,0,0,0,0,43633,4863,6833,0,0,0,0,0
488,1743,489.26438584830356,99902,1829,938,72,22,24318,12466,0.3682008368200837,953,471,18832,15097,11075,4931,17237,28539,36214,23674,0,0,25871,7451,7440,1790,1706,83,0,0,0,0,43892,4784,6885,0,0,0,0,0
489,1743,490.63577397994163,99902,1817,910,72,22,24633,12618,0.37287541790955137,987,493,18611,14965,11223,5014,17288,28594,36505,23908,0,0,25300,7550,7696,1802,1786,86,0,0,0,0,44061,4712,6909,0,0,0,0,0
490,1743,491.32515075881236,99902,1818,915,72,22,24813,12709,0.37558807631478847,966,504,18462,14783,11253,5031,17427,28743,36790,24139,0,0,24834,7566,7872,1808,1827,89,0,0,0,0,44316,4639,6951,0,0,0,0,0
491,1743,492.02201872495425,99902,1809,908,72,22,25007,12798,0.3784208524353867,926,505,18304,14611,11336,5052,17551,28900,37069,24366,0,0,24367,7588,8058,1813,1880,91,0,0,0,0,44547,4572,6986,0,0,0,0,0
492,1743,493.4336753760354,99901,1745,908,73,22,25350,12974,0.3836197835857499,906,496,18126,14505,11562,5144,17586,28923,37341,24589,0,0,23810,7693,8353,1851,1959,96,0,0,0,0,44657,4481,7001,0,0,0,0,0
493,1743,494.1439703693154,99899,1732,911,75,22,25511,13063,0.3861299912912041,867,490,17986,14372,11607,5149,17731,29054,37607,24809,0,0,23405,7660,8550,1866,2006,98,0,0,0,0,44869,4415,7030,0,0,0,0,0
494,1743,495.583465261562,99899,1691,912,75,22,25823,13248,0.3911050160662269,860,464,17866,14272,11764,5248,17742,29080,37867,25025,0,0,22868,7770,8815,1889,2081,103,0,0,0,0,44983,4337,7053,0,0,0,0,0
495,1743,496.30626193145963,99899,1663,904,75,22,25971,13346,0.39356750317821,872,442,17751,14124,11799,5284,17838,29222,38121,25238,0,0,22484,7754,9025,1897,2128,107,0,0,0,0,45150,4260,7094,0,0,0,0,0
496,1743,497.0343589124078,99899,1632,918,75,22,26126,13443,0.396090050951461,850,424,17627,13972,11850,5309,17964,29353,38369,25447,0,0,22087,7747,9215,1900,2172,112,0,0,0,0,45337,4202,7127,0,0,0,0,0
497,1743,498.488705401725,99898,1568,887,75,23,26419,13602,0.4006186310036237,828,422,17494,13891,12047,5412,17986,29363,38611,25653,0,0,21590,7819,9507,1941,2242,117,0,0,0,0,45415,4131,7136,0,0,0,0,0
498,1743,499.2178891163728,99897,1555,872,76,23,26574,13674,0.40289498183128625,821,409,17386,13799,12075,5420,18085,29475,38848,25855,0,0,21239,7790,9711,1938,2290,122,0,0,0,0,45570,4070,7167,0,0,0,0,0
499,1743,500.6638113629477,99897,1544,833,76,23,26875,13825,0.40741964223149846,749,418,17332,13725,12201,5537,18096,29462,39079,26053,0,0,20790,7840,9989,1976,2358,127,0,0,0,0,45641,3994,7182,0,0,0,0,0
500,1743,501.38926666789524,99897,1543,832,76,23,27017,13912,0.40971200336346436,746,419,17217,13596,12224,5567,18192,29561,39305,26248,0,0,20452,7821,10167,1984,2398,129,0,0,0,0,45802,3920,7224,0,0,0,0,0
501,1743,502.1107291314556,99897,1508,824,76,23,27155,13993,0.4119042613892309,730,410,17096,13486,12278,5587,18310,29668,39525,26439,0,0,20104,7819,10361,1982,2446,131,0,0,0,0,45942,3857,7255,0,0,0,0,0
502,1743,503.54197676734776,99896,1496,796,77,23,27431,14122,0.4159626011051494,696,420,17020,13453,12391,5650,18318,29656,39740,26627,0,0,19707,7843,10617,2016,2515,136,0,0,0,0,46015,3785,7262,0,0,0,0,0
503,1743,504.2594231011359,99896,1472,770,77,23,27555,14190,0.41788459998398336,684,419,16921,13348,12423,5672,18421,29766,39950,26812,0,0,19386,7819,10801,2019,2558,142,0,0,0,0,46149,3735,7287,0,0,0,0,0
504,1743,505.6832027814454,99895,1388,749,78,23,27781,14341,0.4216627458831773,694,390,16829,13321,12575,5754,18434,29761,40154,26993,0,0,18991,7868,11079,2047,2622,147,0,0,0,0,46166,3665,7310,0,0,0,0,0
505,1743,506.3968824901202,99894,1357,749,78,24,27904,14419,0.42367909984583657,676,365,16772,13250,12590,5764,18525,29846,40353,27171,0,0,18698,7835,11272,2043,2669,149,0,0,0,0,46278,3614,7336,0,0,0,0,0
506,1743,507.1072905125095,99894,1331,728,78,24,28018,14465,0.42528079764550425,689,377,16702,13159,12592,5770,18606,29940,40548,27346,0,0,18418,7794,11441,2048,2711,151,0,0,0,0,46403,3559,7369,0,0,0,0,0
507,1743,508.5191696409471,99894,1284,726,78,24,28253,14604,0.42902476625222735,646,340,16647,13153,12718,5831,18625,29924,40738,27517,0,0,18055,7827,11676,2068,2781,157,0,0,0,0,46451,3502,7377,0,0,0,0,0
508,1743,509.2267352387137,99894,1271,709,78,24,28375,14669,0.4308967505555889,621,330,16569,13081,12741,5858,18718,29996,40923,27685,0,0,17763,7809,11837,2070,2822,161,0,0,0,0,46578,3456,7398,0,0,0,0,0
509,1743,510.63286038260827,99894,1224,687,78,24,28586,14790,0.4342202734898993,633,310,16555,13069,12807,5929,18701,29979,41103,27850,0,0,17444,7821,12059,2089,2882,176,0,0,0,0,46608,3396,7419,0,0,0,0,0
510,1743,511.33805461724944,99893,1192,652,79,24,28695,14834,0.4357562591973412,627,317,16497,13019,12826,5946,18777,30040,41279,28012,0,0,17163,7805,12220,2091,2923,181,0,0,0,0,46721,3353,7436,0,0,0,0,0
511,1743,512.0406652549681,99893,1160,648,79,24,28790,14888,0.4372478552050694,616,315,16443,12952,12836,5947,18864,30112,41450,28170,0,0,16922,7756,12385,2082,2968,185,0,0,0,0,46822,3322,7451,0,0,0,0,0
512,1743,513.4381816997526,99893,1153,612,79,24,29007,14990,0.4404412721612125,563,306,16409,12948,12912,6012,18882,30096,41617,28325,0,0,16621,7769,12610,2092,3026,190,0,0,0,0,46845,3272,7468,0,0,0,0,0
513,1743,514.1385048862109,99893,1159,618,79,24,29113,15052,0.4421230716867048,535,278,16367,12917,12890,6010,18968,30151,41780,28477,0,0,16413,7714,12739,2092,3065,195,0,0,0,0,46946,3220,7509,0,0,0,0,0
514,1743,515.5301581438713,99893,1120,594,79,24,29294,15144,0.44485599591562974,505,269,16352,12944,12968,6051,18974,30116,41939,28626,0,0,16141,7688,12955,2111,3123,202,0,0,0,0,46979,3185,7509,0,0,0,0,0
515,1743,516.2274391047034,99893,1095,585,79,24,29386,15190,0.4462374740972841,493,264,16310,12904,12978,6040,19043,30181,42094,28772,0,0,15912,7648,13088,2109,3169,205,0,0,0,0,47087,3154,7521,0,0,0,0,0
516,1743,517.6148796173927,99893,1044,540,79,24,29554,15273,0.44875016267406126,468,271,16322,12923,13034,6092,19051,30148,42245,28915,0,0,15656,7645,13308,2117,3232,211,0,0,0,0,47085,3105,7534,0,0,0,0,0
517,1743,518.3102556008765,99892,1022,550,79,25,29633,15330,0.4501161254154487,459,258,16263,12876,13047,6092,19128,30197,42392,29056,0,0,15444,7606,13450,2120,3246,220,0,0,0,0,47181,3068,7557,0,0,0,0,0
518,1743,519.003353766956,99891,981,528,79,26,29713,15365,0.4512718863561282,452,259,16229,12839,13061,6100,19196,30246,42535,29194,0,0,15230,7559,13592,2128,3280,226,0,0,0,0,47270,3040,7566,0,0,0,0,0
519,1743,520.382468432628,99891,910,508,79,26,29849,15442,0.4534042105895426,464,250,16264,12864,13106,6120,19175,30230,42675,29329,0,0,15000,7551,13788,2131,3339,233,0,0,0,0,47281,2991,7577,0,0,0,0,0
520,1743,521.0740884318291,99891,913,506,79,26,29941,15481,0.4547156400476519,451,233,16235,12841,13089,6112,19231,30280,42811,29461,0,0,14800,7518,13899,2118,3377,237,0,0,0,0,47389,2965,7588,0,0,0,0,0
521,1743,522.4520390390219,99891,917,491,79,26,30101,15556,0.4570682043427336,428,235,16260,12886,13105,6129,19209,30231,42944,29590,0,0,14579,7514,14052,2122,3427,241,0,0,0,0,47427,2923,7606,0,0,0,0,0
522,1743,523.1428829360441,99890,884,495,80,26,30167,15619,0.4583642006206827,414,192,16247,12851,13108,6145,19265,30289,43073,29717,0,0,14398,7455,14199,2135,3447,247,0,0,0,0,47494,2894,7621,0,0,0,0,0
523,1743,524.5193956737296,99890,854,463,80,26,30319,15678,0.46047652417659424,377,195,16274,12913,13161,6159,19252,30242,43199,29841,0,0,14187,7435,14356,2148,3500,256,0,0,0,0,47520,2858,7630,0,0,0,0,0
524,1743,525.2095935114545,99890,822,457,80,26,30367,15709,0.4612673941335469,390,206,16237,12892,13151,6143,19318,30274,43322,29963,0,0,14028,7387,14473,2137,3531,260,0,0,0,0,47592,2830,7652,0,0,0,0,0
525,1743,526.5845633457307,99890,805,447,80,26,30495,15787,0.4633296626288918,364,193,16268,12942,13172,6170,19309,30220,43442,30082,0,0,13807,7391,14622,2139,3573,263,0,0,0,0,47634,2802,7659,0,0,0,0,0
526,1743,527.2732374948864,99890,780,440,80,26,30559,15822,0.4643207528281109,353,188,16245,12929,13176,6164,19364,30251,43559,30199,0,0,13640,7357,14736,2135,3601,268,0,0,0,0,47705,2772,7676,0,0,0,0,0
527,1743,528.6458248533087,99890,725,419,80,26,30668,15880,0.46599259185103614,347,180,16303,12999,13190,6176,19353,30198,43673,30313,0,0,13441,7350,14883,2141,3645,274,0,0,0,0,47727,2740,7689,0,0,0,0,0
528,1743,529.3339561455863,99890,719,403,80,26,30741,15915,0.4670737811592752,318,171,16282,13003,13193,6189,19406,30206,43784,30425,0,0,13288,7307,14995,2143,3677,275,0,0,0,0,47790,2708,7707,0,0,0,0,0
529,1743,530.0204134401914,99890,671,393,80,26,30781,15944,0.4677645409950946,339,166,16266,13011,13190,6176,19452,30226,43892,30535,0,0,13146,7263,15119,2142,3709,276,0,0,0,0,47839,2676,7720,0,0,0,0,0
530,1743,531.3889464669469,99890,661,380,80,26,30902,15995,0.46948643507858645,311,152,16310,13094,13202,6185,19434,30161,43997,30642,0,0,12969,7260,15243,2139,3742,287,0,0,0,0,47871,2649,7730,0,0,0,0,0
531,1743,532.0748193171871,99890,648,376,80,26,30954,16023,0.4702873160476524,290,148,16299,13095,13191,6175,19490,30178,44099,30747,0,0,12832,7216,15343,2137,3758,294,0,0,0,0,47939,2625,7746,0,0,0,0,0
532,1743,533.4423514928667,99890,629,350,80,26,31064,16072,0.47187906697367105,264,147,16355,13165,13195,6183,19475,30127,44199,30850,0,0,12678,7193,15484,2139,3798,303,0,0,0,0,47945,2601,7749,0,0,0,0,0
533,1743,534.1277408241114,99890,606,350,80,26,31098,16105,0.4725498047852638,268,145,16359,13169,13167,6175,19518,30133,44296,30951,0,0,12549,7153,15564,2132,3832,303,0,0,0,0,48014,2576,7767,0,0,0,0,0
534,1743,535.4941740044326,99890,587,320,80,26,31193,16145,0.47390129142056264,260,142,16405,13273,13163,6188,19503,30049,44391,31050,0,0,12396,7133,15684,2139,3875,307,0,0,0,0,48041,2548,7767,0,0,0,0,0
535,1743,536.1787372910399,99889,569,313,81,26,31232,16165,0.4744966913273734,258,154,16409,13276,13153,6176,19528,30053,44483,31146,0,0,12280,7089,15770,2129,3903,311,0,0,0,0,48101,2528,7778,0,0,0,0,0
536,1743,537.5448019376603,99889,514,310,81,26,31313,16211,0.4757681025938792,249,151,16478,13352,13172,6176,19504,29983,44573,31240,0,0,12132,7069,15862,2134,3954,318,0,0,0,0,48134,2507,7779,0,0,0,0,0
537,1743,538.229807653062,99889,504,292,81,26,31356,16228,0.4763687693339607,251,153,16473,13358,13156,6174,19533,29995,44661,31332,0,0,12008,7037,15934,2131,3979,324,0,0,0,0,48203,2488,7785,0,0,0,0,0
538,1743,539.5969565247221,99889,504,289,81,26,31439,16278,0.4777002472744747,239,135,16513,13450,13144,6188,19517,29910,44747,31422,0,0,11869,7029,16024,2128,4008,328,0,0,0,0,48239,2463,7801,0,0,0,0,0
539,1743,540.2819443396672,99889,492,281,81,26,31481,16304,0.4783810029132337,231,124,16518,13468,13128,6182,19548,29917,44830,31511,0,0,11754,6995,16108,2122,4035,328,0,0,0,0,48290,2443,7814,0,0,0,0,0
540,1743,541.6487733128996,99889,481,266,81,26,31567,16349,0.4796924586290783,214,111,16589,13570,13117,6190,19516,29835,44911,31598,0,0,11627,6967,16213,2126,4068,334,0,0,0,0,48312,2423,7819,0,0,0,0,0
541,1743,542.3337196315298,99889,459,249,81,26,31597,16364,0.4801429586841394,210,110,16624,13588,13092,6185,19532,29840,44990,31683,0,0,11509,6939,16291,2124,4087,337,0,0,0,0,48369,2407,7826,0,0,0,0,0
542,1743,543.0181294966543,99889,446,233,81,26,31636,16379,0.48068355875021274,206,114,16641,13603,13066,6189,19558,29833,45067,31766,0,0,11398,6911,16365,2119,4112,338,0,0,0,0,48421,2389,7836,0,0,0,0,0
543,1743,544.3856439214724,99889,438,236,81,26,31696,16427,0.4817647588823594,202,101,16700,13672,13036,6195,19541,29768,45142,31847,0,0,11287,6886,16452,2115,4139,343,0,0,0,0,48454,2371,7842,0,0,0,0,0
544,1743,545.0706993335842,99889,425,240,81,26,31725,16447,0.4822553033867593,200,90,16701,13705,13017,6181,19574,29756,45215,31927,0,0,11186,6854,16516,2113,4152,347,0,0,0,0,48514,2355,7852,0,0,0,0,0
545,1743,546.4378955392051,99889,408,222,81,26,31786,16473,0.48312627015987747,202,94,16775,13796,12996,6172,19536,29688,45287,32005,0,0,11078,6830,16603,2111,4186,350,0,0,0,0,48537,2340,7854,0,0,0,0,0
546,1743,547.1231764839675,99889,410,218,81,26,31817,16491,0.48361681466427736,199,90,16784,13794,12975,6174,19549,29696,45357,32081,0,0,10979,6801,16664,2104,4206,350,0,0,0,0,48598,2329,7858,0,0,0,0,0
547,1743,548.4919424043576,99889,407,213,81,26,31885,16528,0.48466798145941997,179,85,16862,13886,12942,6172,19527,29616,45425,32156,0,0,10883,6773,16755,2102,4233,354,0,0,0,0,48615,2311,7863,0,0,0,0,0
548,1743,549.1780243025325,99889,383,210,81,26,31910,16542,0.4850584148404729,185,82,16866,13919,12931,6153,19552,29608,45491,32229,0,0,10796,6748,16810,2089,4265,355,0,0,0,0,48658,2296,7872,0,0,0,0,0
549,1743,550.5476002987257,99889,351,199,81,26,31964,16569,0.48586931493958296,181,85,16969,14027,12910,6143,19506,29518,45556,32301,0,0,10688,6730,16879,2096,4294,360,0,0,0,0,48689,2278,7875,0,0,0,0,0
550,1743,551.2345209317484,99889,339,201,81,26,31992,16586,0.48631981499464405,166,80,16996,14058,12897,6121,19519,29512,45619,32371,0,0,10595,6706,16925,2095,4313,362,0,0,0,0,48749,2263,7881,0,0,0,0,0
551,1743,552.6069856849692,99889,338,178,81,26,32050,16608,0.4871207039814194,152,81,17070,14168,12875,6122,19482,29423,45680,32440,0,0,10510,6679,17015,2091,4336,364,0,0,0,0,48754,2248,7892,0,0,0,0,0
552,1743,553.295243145035,99889,329,173,81,26,32077,16618,0.48749111513780297,145,82,17096,14206,12853,6101,19494,29410,45740,32507,0,0,10429,6649,17070,2088,4346,370,0,0,0,0,48801,2237,7899,0,0,0,0,0
553,1743,554.6701657925549,99889,327,173,81,26,32140,16649,0.48843215969726395,116,67,17167,14343,12834,6076,19473,29313,45798,32573,0,0,10368,6607,17153,2077,4378,377,0,0,0,0,48803,2225,7901,0,0,0,0,0
554,1743,555.3587031966116,99888,321,172,82,26,32162,16662,0.48878744193496715,104,61,17192,14387,12807,6058,19492,29294,45855,32637,0,0,10300,6574,17208,2068,4393,381,0,0,0,0,48845,2214,7905,0,0,0,0,0
555,1743,556.0470302831441,99888,302,166,82,26,32187,16679,0.4892079128624059,98,58,17221,14425,12787,6054,19508,29269,45911,32700,0,0,10218,6554,17261,2062,4416,382,0,0,0,0,48880,2202,7913,0,0,0,0,0
556,1743,557.4222959854899,99887,288,153,83,26,32227,16694,0.4897634326789272,79,61,17317,14525,12759,6036,19472,29197,45965,32762,0,0,10146,6538,17329,2054,4438,384,0,0,0,0,48887,2182,7929,0,0,0,0,0
557,1743,558.1114380796627,99887,282,145,83,26,32240,16705,0.49000370418572986,84,60,17362,14548,12720,6027,19467,29192,46018,32822,0,0,10083,6503,17383,2051,4450,387,0,0,0,0,48924,2174,7932,0,0,0,0,0
558,1743,559.4896799032508,99887,255,132,83,26,32267,16728,0.49050426982490214,93,55,17460,14672,12685,6021,19422,29092,46070,32881,0,0,10011,6482,17451,2051,4473,390,0,0,0,0,48934,2157,7938,0,0,0,0,0
559,1743,560.1808416034581,99887,247,135,83,26,32281,16738,0.4907445413317048,92,56,17481,14693,12664,6008,19431,29080,46120,32939,0,0,9949,6461,17488,2042,4488,391,0,0,0,0,48974,2142,7952,0,0,0,0,0
560,1743,561.5626605574547,99887,226,132,83,26,32312,16759,0.491265129596444,85,48,17571,14828,12630,5985,19403,28979,46169,32996,0,0,9884,6440,17540,2036,4516,393,0,0,0,0,48990,2127,7961,0,0,0,0,0
561,1743,562.2549300574047,99887,211,124,83,26,32328,16767,0.49150540110324664,85,48,17600,14862,12607,5978,19412,28960,46217,33051,0,0,9824,6415,17590,2027,4534,395,0,0,0,0,49018,2116,7968,0,0,0,0,0
562,1743,563.6388046233317,99887,195,112,83,26,32354,16785,0.49194589886571827,84,39,17702,14994,12556,5974,19378,28853,46264,33105,0,0,9755,6396,17650,2026,4551,399,0,0,0,0,49039,2104,7967,0,0,0,0,0
563,1743,564.332391017038,99887,193,111,83,26,32369,16795,0.4921961816853044,78,35,17733,15032,12529,5953,19382,28841,46310,33158,0,0,9694,6373,17687,2021,4561,401,0,0,0,0,49081,2094,7975,0,0,0,0,0
564,1743,565.0256643736425,99887,196,114,83,26,32386,16802,0.4924364531921071,69,37,17771,15081,12502,5928,19377,28812,46355,33210,0,0,9641,6346,17727,2017,4565,403,0,0,0,0,49120,2081,7987,0,0,0,0,0
565,1743,566.4122731579239,99887,183,99,83,26,32412,16813,0.4928068717650946,68,40,17910,15230,12452,5901,19302,28702,46399,33261,0,0,9589,6315,17785,2018,4579,407,0,0,0,0,49132,2067,7995,0,0,0,0,0
566,1743,567.1080201472598,99887,178,91,83,26,32425,16821,0.4930171093335469,64,37,17966,15297,12411,5888,19296,28659,46441,33311,0,0,9534,6299,17823,2011,4592,407,0,0,0,0,49160,2052,8009,0,0,0,0,0
567,1743,568.500852066649,99887,167,86,83,26,32446,16836,0.49337751659375095,55,34,18101,15433,12369,5872,19223,28547,46482,33360,0,0,9482,6281,17867,2009,4601,412,0,0,0,0,49176,2036,8023,0,0,0,0,0
568,1743,569.1996141519386,99887,165,84,83,26,32458,16839,0.49352768628550264,56,38,18128,15485,12344,5848,19222,28517,46522,33408,0,0,9439,6254,17898,2000,4614,416,0,0,0,0,49210,2029,8027,0,0,0,0,0
569,1743,570.5984543264045,99887,156,81,83,26,32479,16853,0.4938780822329232,54,37,18249,15605,12294,5824,19162,28425,46562,33455,0,0,9387,6233,17941,1995,4631,418,0,0,0,0,49231,2020,8031,0,0,0,0,0
570,1743,571.2998113476858,99887,159,83,83,26,32491,16861,0.49407830848859213,53,32,18283,15640,12266,5811,19154,28406,46601,33501,0,0,9334,6209,17974,1991,4638,419,0,0,0,0,49274,2016,8032,0,0,0,0,0
571,1743,572.0015371720206,99887,154,80,83,26,32499,16867,0.4942184668675603,53,31,18350,15689,12221,5795,19137,28377,46639,33546,0,0,9280,6196,18005,1988,4641,421,0,0,0,0,49309,2005,8042,0,0,0,0,0
572,1743,573.406232698248,99887,140,79,83,26,32519,16876,0.49450879493828026,56,27,18428,15824,12195,5772,19096,28270,46676,33590,0,0,9226,6178,18033,1988,4657,423,0,0,0,0,49338,1997,8047,0,0,0,0,0
573,1743,574.1103865107114,99886,128,72,83,27,32530,16882,0.494683939691248,51,24,18460,15866,12172,5765,19104,28244,46712,33633,0,0,9171,6168,18064,1982,4669,425,0,0,0,0,49366,1989,8052,0,0,0,0,0
574,1743,575.5188529492782,99886,116,70,83,27,32547,16894,0.49497427066856214,53,25,18574,15995,12120,5747,19052,28134,46747,33675,0,0,9123,6154,18093,1973,4692,426,0,0,0,0,49388,1982,8055,0,0,0,0,0
575,1743,576.2245904408315,99886,114,72,83,27,32558,16900,0.4951444646897463,48,20,18632,16050,12076,5735,19045,28094,46781,33716,0,0,9079,6139,18118,1969,4695,430,0,0,0,0,49420,1972,8064,0,0,0,0,0
576,1743,577.5126882033256,99885,104,61,84,27,32570,16907,0.4953396405866747,52,20,18732,16149,12016,5719,19010,28022,46814,33757,0,0,9039,6115,18161,1967,4703,433,0,0,0,0,49433,1963,8071,0,0,0,0,0
577,1743,578.2201950274324,99885,104,61,84,27,32572,16908,0.49536967512639535,52,22,18737,16145,11989,5710,19032,28033,46847,33797,0,0,8999,6096,18183,1961,4709,433,0,0,0,0,49470,1955,8079,0,0,0,0,0
578,1743,579.151660894516,99885,96,56,84,27,32589,16916,0.495619962957401,44,25,18848,16282,11948,5694,18978,27914,46879,33836,0,0,8950,6076,18220,1964,4717,434,0,0,0,0,49495,1950,8079,0,0,0,0,0
579,1743,580.5696615327157,99885,92,53,84,27,32604,16924,0.4958502277619262,43,25,18965,16412,11888,5675,18926,27806,46910,33874,0,0,8913,6057,18253,1956,4734,434,0,0,0,0,49512,1944,8082,0,0,0,0,0
580,1743,581.2805836287226,99885,90,51,84,27,32608,16931,0.4959603544075687,43,22,19019,16472,11854,5663,18908,27763,46940,33911,0,0,8872,6041,18279,1950,4738,438,0,0,0,0,49543,1941,8083,0,0,0,0,0
581,1743,582.6980428476777,99885,86,40,84,27,32621,16934,0.4961205386194123,36,24,19156,16597,11796,5641,18840,27669,46970,33948,0,0,8833,6023,18305,1947,4751,439,0,0,0,0,49565,1932,8090,0,0,0,0,0
582,1743,583.4031550791265,99885,88,39,84,27,32629,16938,0.49624067677829503,34,20,19186,16666,11771,5623,18835,27623,46999,33984,0,0,8799,6006,18327,1942,4758,440,0,0,0,0,49593,1922,8098,0,0,0,0,0
583,1743,584.1059471065519,99885,84,39,84,27,32631,16939,0.4962707113180157,36,19,19192,16685,11758,5606,18844,27622,47027,34019,0,0,8758,5990,18348,1938,4762,441,0,0,0,0,49628,1921,8099,0,0,0,0,0
584,1743,585.163956575721,99885,82,36,84,27,32647,16942,0.49646093006958003,31,21,19317,16823,11710,5575,18774,27516,47055,34053,0,0,8718,5972,18372,1940,4769,442,0,0,0,0,49655,1915,8102,0,0,0,0,0
585,1743,586.559864059827,99885,79,38,84,27,32651,16948,0.4965610452019823,30,16,19364,16869,11680,5554,18761,27494,47082,34087,0,0,8679,5958,18387,1938,4776,442,0,0,0,0,49688,1909,8108,0,0,0,0,0
586,1743,587.0426313363891,99885,77,41,84,27,32655,16953,0.4966511488211443,29,13,19410,16904,11652,5540,18746,27473,47109,34120,0,0,8650,5939,18409,1932,4783,444,0,0,0,0,49712,1905,8111,0,0,0,0,0
587,1743,588.1709026340196,99885,74,37,84,27,32664,16958,0.4967913100065075,28,8,19479,16969,11618,5529,18715,27428,47135,34152,0,0,8616,5925,18433,1927,4793,445,0,0,0,0,49731,1901,8114,0,0,0,0,0
588,1743,589.1267040073521,99885,63,27,84,27,32671,16960,0.4968814136256695,21,8,19608,17111,11565,5508,18657,27317,47160,34184,0,0,8585,5915,18455,1918,4814,445,0,0,0,0,49744,1894,8115,0,0,0,0,0
589,1743,590.0647161798313,99885,63,27,84,27,32675,16963,0.4969514942183511,18,6,19658,17177,11534,5495,18641,27266,47185,34215,0,0,8551,5905,18471,1914,4819,445,0,0,0,0,49772,1886,8122,0,0,0,0,0
590,1743,591.4062020855642,99885,55,27,84,27,32681,16963,0.49701156329779245,14,7,19754,17282,11489,5463,18602,27192,47209,34246,0,0,8521,5889,18489,1909,4829,446,0,0,0,0,49796,1881,8125,0,0,0,0,0
591,1743,592.5593170163181,99885,47,26,84,27,32683,16965,0.4970516093507534,16,8,19832,17358,11449,5447,18570,27132,47233,34276,0,0,8495,5872,18510,1903,4840,446,0,0,0,0,49814,1876,8129,0,0,0,0,0
592,1743,593.051573034934,99885,49,25,84,27,32687,16965,0.49709165540371425,13,10,19856,17400,11429,5429,18567,27107,47256,34305,0,0,8469,5855,18528,1901,4842,447,0,0,0,0,49838,1870,8135,0,0,0,0,0
593,1743,594.3781697828351,99885,47,23,84,27,32695,16969,0.497211793562597,11,9,19966,17518,11372,5412,18518,27009,47279,34334,0,0,8435,5844,18545,1900,4846,449,0,0,0,0,49862,1865,8139,0,0,0,0,0
594,1743,595.150166274014,99885,43,23,84,27,32697,16970,0.49724182810231765,13,12,20034,17586,11333,5394,18491,26956,47301,34362,0,0,8405,5834,18561,1896,4850,450,0,0,0,0,49886,1860,8143,0,0,0,0,0
595,1743,596.4793641310325,99885,42,25,84,27,32703,16975,0.4973519547479602,9,11,20143,17692,11284,5365,18436,26878,47323,34390,0,0,8381,5816,18581,1891,4860,450,0,0,0,0,49905,1857,8144,0,0,0,0,0
596,1743,597.4373466740208,99885,38,21,84,27,32707,16979,0.497432046853882,11,8,20265,17820,11232,5342,18368,26780,47344,34417,0,0,8355,5798,18601,1890,4868,451,0,0,0,0,49923,1855,8144,0,0,0,0,0
597,1743,598.6302197700811,99885,38,22,84,27,32708,16980,0.4974520698803624,11,8,20335,17893,11199,5319,18331,26729,47365,34444,0,0,8328,5785,18615,1884,4874,451,0,0,0,0,49949,1853,8146,0,0,0,0,0
598,1743,599.1496601828345,99885,36,24,84,27,32710,16982,0.4974921159333233,10,7,20357,17918,11182,5307,18329,26715,47385,34470,0,0,8299,5771,18631,1883,4876,451,0,0,0,0,49975,1851,8148,0,0,0,0,0
599,1743,600.1377064192953,99885,35,23,84,27,32713,16985,0.49755218501276466,10,8,20491,18066,11109,5279,18269,26595,47405,34496,0,0,8279,5751,18659,1879,4880,451,0,0,0,0,49987,1849,8150,0,0,0,0,0
600,1743,601.0516338952335,99885,35,24,84,27,32714,16987,0.4975822195524854,10,6,20509,18088,11085,5266,18275,26587,47424,34521,0,0,8260,5734,18676,1875,4884,452,0,0,0,0,50005,1846,8153,0,0,0,0,0
601,1743,602.1933888016009,99885,35,22,84,27,32721,16994,0.4977223807378485,7,5,20627,18202,11028,5245,18217,26497,47443,34546,0,0,8236,5723,18697,1871,4890,453,0,0,0,0,50017,1842,8156,0,0,0,0,0
602,1743,603.1734517347421,99885,34,21,84,27,32721,16995,0.49773239225108873,10,5,20693,18260,10990,5231,18187,26454,47462,34570,0,0,8216,5708,18715,1866,4895,453,0,0,0,0,50034,1839,8159,0,0,0,0,0
603,1743,604.0308758903712,99885,28,15,84,27,32721,16997,0.4977524152775692,13,3,20783,18381,10949,5207,18141,26365,47480,34594,0,0,8193,5698,18731,1864,4899,455,0,0,0,0,50048,1833,8164,0,0,0,0,0
604,1743,605.0353922954314,99885,23,16,84,27,32722,16998,0.49777243830404966,13,3,20829,18424,10928,5193,18121,26335,47498,34617,0,0,8171,5689,18741,1857,4909,455,0,0,0,0,50067,1830,8166,0,0,0,0,0
605,1743,606.0203534076069,99885,26,14,84,27,32727,16999,0.497832507383491,10,2,20894,18497,10895,5183,18089,26275,47515,34640,0,0,8147,5686,18747,1851,4916,455,0,0,0,0,50087,1823,8173,0,0,0,0,0
606,1743,607.2958051964001,99885,25,11,84,27,32732,16999,0.49788256494969213,6,3,21003,18638,10840,5161,18040,26158,47532,34662,0,0,8126,5676,18762,1846,4923,455,0,0,0,0,50101,1820,8176,0,0,0,0,0
607,1743,608.0641037955388,99885,22,12,84,27,32733,17001,0.4979125994894128,7,3,21046,18700,10813,5144,18026,26112,47549,34684,0,0,8108,5662,18775,1844,4926,457,0,0,0,0,50117,1817,8179,0,0,0,0,0
608,1743,609.0635634864008,99885,21,11,84,27,32733,17002,0.49792261100265306,8,2,21182,18845,10750,5118,17953,25995,47565,34706,0,0,8087,5652,18788,1840,4930,457,0,0,0,0,50135,1814,8182,0,0,0,0,0
609,1743,610.1160348843631,99885,23,10,84,27,32735,17002,0.4979426340291335,7,2,21203,18878,10731,5106,17950,25975,47581,34727,0,0,8066,5639,18802,1839,4931,457,0,0,0,0,50155,1812,8184,0,0,0,0,0
610,1743,611.3836306262111,99885,20,9,84,27,32738,17004,0.49799269159533466,6,1,21327,19019,10677,5082,17884,25860,47597,34748,0,0,8046,5630,18811,1837,4938,457,0,0,0,0,50171,1806,8189,0,0,0,0,0
611,1743,612.0176517924045,99885,18,9,84,27,32738,17005,0.49800270310857486,7,0,21379,19084,10648,5062,17862,25816,47612,34768,0,0,8032,5614,18826,1834,4943,458,0,0,0,0,50185,1805,8188,0,0,0,0,0
612,1743,613.3873012109773,99885,18,9,84,27,32741,17005,0.49803273764829553,4,0,21456,19184,10610,5043,17826,25735,47627,34788,0,0,8018,5605,18837,1831,4947,458,0,0,0,0,50197,1796,8196,0,0,0,0,0
613,1743,614.0164574255432,99885,16,7,84,27,32742,17005,0.4980427491615358,4,0,21520,19258,10577,5028,17797,25678,47642,34808,0,0,8003,5595,18850,1827,4952,458,0,0,0,0,50208,1790,8202,0,0,0,0,0
614,1743,615.455376769282,99885,11,6,84,27,32743,17005,0.498052760674776,4,2,21602,19362,10540,5009,17757,25592,47656,34827,0,0,7982,5587,18856,1825,4959,458,0,0,0,0,50227,1788,8203,0,0,0,0,0
615,1743,616.0336680046188,99885,8,7,84,27,32744,17006,0.49807278370125646,4,1,21632,19414,10519,5000,17751,25549,47670,34846,0,0,7965,5574,18870,1822,4963,458,0,0,0,0,50242,1787,8204,0,0,0,0,0
616,1743,617.2264000206351,99885,7,5,84,27,32746,17006,0.49809280672773687,4,1,21734,19519,10473,4981,17696,25465,47684,34865,0,0,7947,5567,18879,1818,4969,458,0,0,0,0,50257,1783,8207,0,0,0,0,0
617,1743,618.1304005220098,99885,6,5,84,27,32749,17006,0.4981228412674576,4,2,21803,19593,10430,4967,17671,25404,47698,34883,0,0,7933,5556,18894,1814,4973,458,0,0,0,0,50267,1780,8210,0,0,0,0,0
618,1743,619.3132233671204,99885,7,5,84,27,32751,17006,0.498142864293938,2,2,21900,19688,10383,4943,17622,25333,47711,34901,0,0,7917,5548,18903,1810,4977,458,0,0,0,0,50282,1777,8213,0,0,0,0,0
619,1743,620.0197370007683,99885,8,6,84,27,32752,17007,0.49816288732041847,1,1,21964,19756,10348,4932,17593,25276,47724,34919,0,0,7895,5543,18908,1808,4979,458,0,0,0,0,50304,1775,8215,0,0,0,0,0
620,1743,621.1079414389177,99884,6,6,84,28,32753,17008,0.4981878979616355,0,0,22061,19845,10305,4908,17542,25211,47737,34936,0,0,7877,5537,18914,1803,4984,459,0,0,0,0,50320,1774,8216,0,0,0,0,0
621,1743,622.0228981099212,99884,4,4,84,28,32753,17008,0.4981878979616355,0,0,22184,19976,10257,4886,17469,25104,47750,34953,0,0,7859,5529,18921,1800,4988,460,0,0,0,0,50337,1773,8217,0,0,0,0,0
622,1743,623.1605666735028,99884,3,3,84,28,32753,17008,0.4981878979616355,1,0,22264,20065,10214,4873,17432,25029,47762,34970,0,0,7850,5518,18934,1796,4992,460,0,0,0,0,50344,1768,8222,0,0,0,0,0
623,1743,624.228330598474,99884,2,2,84,28,32754,17009,0.49820792118857876,0,0,22361,20150,10170,4859,17381,24959,47774,34986,0,0,7836,5508,18947,1796,4993,460,0,0,0,0,50355,1764,8225,0,0,0,0,0
624,1743,625.2697335970404,99884,1,1,84,28,32754,17009,0.49820792118857876,1,0,22490,20262,10112,4835,17310,24872,47786,35002,0,0,7821,5499,18957,1794,4994,461,0,0,0,0,50369,1762,8227,0,0,0,0,0
625,1743,626.2162434625235,99884,1,1,84,28,32755,17010,0.498227944415522,0,0,22552,20323,10075,4822,17286,24824,47798,35018,0,0,7805,5490,18968,1793,4994,462,0,0,0,0,50383,1761,8228,0,0,0,0,0
626,1743,627.2901767546776,99884,1,1,84,28,32755,17010,0.498227944415522,0,0,22655,20436,10034,4796,17224,24737,47809,35033,0,0,7794,5482,18976,1790,4997,462,0,0,0,0,50394,1757,8232,0,0,0,0,0
627,1743,628.4815130055023,99884,1,1,84,28,32755,17010,0.498227944415522,0,0,22767,20542,9976,4772,17170,24655,47820,35048,0,0,7778,5476,18982,1789,4998,462,0,0,0,0,50410,1754,8235,0,0,0,0,0
628,1743,629.0748834646416,99884,1,1,84,28,32755,17010,0.498227944415522,0,0,22808,20579,9957,4765,17148,24625,47831,35063,0,0,7763,5468,18990,1787,5000,462,0,0,0,0,50425,1754,8235,0,0,0,0,0
629,1743,630.2581569656521,99884,4,1,84,28,32759,17011,0.4982780024828801,21,24,22875,20642,9915,4743,17099,24560,47842,35078,0,0,7752,5462,18996,1784,5003,462,0,0,0,2,50434,1748,8241,0,0,0,0,0
630,1743,631.0949933661507,99884,6,5,84,28,32764,17015,0.49836810700412476,17,20,22935,20700,9884,4724,17072,24521,47852,35092,0,0,7741,5451,19007,1782,5006,462,0,0,0,4,50443,1748,8240,0,0,0,0,0
631,1743,632.2321725972488,99884,9,7,84,28,32769,17017,0.4984381882984262,15,18,22999,20778,9860,4708,17031,24459,47862,35106,0,0,7726,5441,19016,1783,5006,462,0,0,0,5,50457,1748,8240,0,0,0,0,0
632,1743,633.0283705532395,99884,12,10,84,28,32775,17020,0.4985282928196708,13,16,23077,20876,9836,4684,16976,24384,47872,35120,0,0,7714,5431,19025,1782,5007,463,0,0,0,5,50469,1746,8242,0,0,0,0,0
633,1743,634.2580257903649,99884,16,11,84,28,32780,17022,0.49859837411397223,10,16,23139,20958,9805,4669,16944,24316,47882,35134,0,0,7701,5425,19029,1780,5011,463,0,0,0,5,50482,1743,8245,0,0,0,0,0
634,1743,635.0056670584696,99884,14,15,84,28,32781,17027,0.49865844379480195,11,12,23181,21018,9782,4654,16926,24271,47892,35147,0,0,7687,5420,19033,1778,5014,464,0,0,0,6,50495,1741,8246,0,0,0,0,0
635,1743,636.0909031425862,99884,13,18,84,28,32783,17032,0.49872852508910337,17,7,23269,21110,9745,4639,16870,24196,47902,35160,0,0,7675,5410,19043,1776,5016,464,2,0,0,9,50502,1740,8247,0,0,0,0,0
636,1743,637.1371552196031,99884,15,18,84,28,32787,17034,0.49878859476993315,16,9,23337,21208,9709,4623,16837,24112,47911,35173,0,0,7665,5400,19052,1776,5017,464,3,0,0,11,50509,1737,8250,0,0,0,0,0
637,1743,638.0978963111666,99884,16,16,84,28,32791,17036,0.49884866445076287,14,9,23405,21307,9679,4611,16800,24027,47920,35186,0,0,7652,5394,19057,1775,5020,464,3,0,0,16,50517,1735,8251,0,0,0,0,0
638,1743,639.0865097825628,99884,16,12,84,28,32794,17036,0.4988786992911778,18,10,23467,21365,9657,4608,16756,23975,47929,35198,0,0,7641,5384,19065,1776,5021,464,3,0,0,21,50523,1734,8252,0,0,0,0,0
639,1743,640.039675757634,99884,20,13,84,28,32800,17039,0.4989688038124224,16,9,23544,21465,9623,4594,16711,23889,47938,35210,0,0,7631,5374,19075,1775,5023,464,3,0,0,24,50530,1734,8251,0,0,0,0,0
640,1743,641.0090000256125,99884,21,14,84,28,32801,17042,0.4990088502663089,19,9,23623,21560,9577,4574,16674,23813,47947,35222,0,0,7620,5367,19082,1775,5023,464,4,0,0,25,50539,1730,8255,0,0,0,0,0
641,1743,642.1176087438059,99884,23,13,84,28,32807,17045,0.49909895478755356,22,7,23705,21664,9539,4567,16625,23719,47955,35234,0,0,7610,5364,19083,1772,5029,465,4,0,0,29,50545,1727,8256,0,0,0,0,0
642,1743,643.0254056796595,99884,25,13,84,28,32811,17046,0.4991490128549117,27,10,23776,21760,9513,4547,16573,23640,47963,35246,0,0,7598,5360,19086,1769,5033,465,4,0,0,31,50555,1726,8257,0,0,0,0,0
643,1743,644.0620316883322,99884,27,13,84,28,32815,17049,0.49921909414921306,34,11,23835,21813,9482,4537,16536,23596,47971,35257,0,0,7589,5354,19091,1768,5033,467,4,0,0,35,50560,1725,8258,0,0,0,0,0
644,1743,645.0137324273401,99884,32,14,84,28,32825,17052,0.49934924512434425,34,10,23923,21930,9442,4515,16483,23501,47979,35268,0,0,7574,5351,19093,1768,5035,467,5,0,0,39,50570,1723,8259,0,0,0,0,0
645,1743,646.088727883233,99884,38,22,84,28,32838,17061,0.49956950062072003,31,12,24013,22020,9415,4499,16417,23417,47987,35279,0,0,7561,5347,19095,1767,5038,468,7,0,0,42,50578,1721,8260,0,0,0,0,0
646,1743,647.1804483462421,99884,31,20,84,28,32839,17062,0.4995895238476633,32,15,24090,22090,9392,4485,16369,23360,47995,35290,0,0,7548,5341,19098,1766,5042,469,10,0,0,45,50585,1719,8261,0,0,0,0,0
647,1743,648.2044309518485,99884,26,25,84,28,32845,17068,0.4997096632093228,37,16,24183,22168,9353,4465,16315,23296,48003,35301,0,0,7537,5335,19102,1766,5044,470,12,0,0,51,50588,1715,8264,0,0,0,0,0
648,1743,649.0119922962749,99884,25,23,84,28,32850,17071,0.4997897561170958,36,16,24271,22278,9313,4449,16269,23204,48010,35312,0,0,7526,5329,19105,1766,5046,471,14,0,0,57,50591,1713,8266,0,0,0,0,0
649,1743,650.1320124811709,99884,26,22,84,28,32857,17073,0.4998798606383405,32,22,24365,22377,9279,4426,16212,23123,48017,35322,0,0,7516,5322,19109,1768,5048,471,15,0,0,61,50596,1710,8268,0,0,0,0,0
650,1743,651.1087731075733,99884,33,26,84,28,32867,17078,0.5000300348404149,26,20,24443,22453,9251,4408,16161,23063,48024,35332,0,0,7509,5315,19116,1767,5049,472,15,0,0,63,50601,1708,8269,0,0,0,0,0
651,1743,652.2047687227181,99884,36,29,84,28,32877,17082,0.5001701974290177,24,23,24528,22539,9213,4391,16113,22988,48031,35342,0,0,7497,5309,19119,1767,5052,472,17,0,0,66,50608,1707,8270,0,0,0,0,0
652,1743,653.1098417605511,99884,38,28,84,28,32883,17085,0.5002603019502623,24,24,24597,22617,9180,4380,16075,22921,48038,35352,0,0,7490,5304,19121,1764,5059,472,17,0,0,70,50611,1705,8271,0,0,0,0,0
653,1743,654.160406208021,99884,41,25,84,28,32891,17089,0.5003804413119218,23,29,24698,22719,9146,4372,16006,22825,48045,35362,0,0,7479,5302,19122,1764,5062,472,17,0,0,79,50613,1701,8273,0,0,0,0,0
654,1743,655.0591748583223,99884,40,30,84,28,32894,17096,0.5004805574466381,33,28,24750,22781,9118,4358,15973,22773,48052,35372,0,0,7470,5296,19128,1763,5065,472,18,0,0,82,50618,1699,8273,0,0,0,0,0
655,1743,656.2545182001396,99884,48,29,84,28,32909,17105,0.5007208361699571,36,25,24823,22892,9093,4346,15914,22678,48059,35381,0,0,7461,5290,19133,1761,5070,472,20,0,0,93,50614,1697,8273,0,0,0,0,0
656,1743,657.1486466869779,99884,54,37,84,28,32919,17113,0.5009010452124464,41,24,24877,22963,9060,4331,15882,22615,48065,35390,0,0,7447,5288,19134,1760,5072,472,23,0,0,93,50625,1696,8274,0,0,0,0,0
657,1743,658.0406797172944,99884,51,36,84,28,32924,17116,0.5009811381202195,50,25,24933,23046,9040,4321,15840,22542,48071,35399,0,0,7435,5287,19133,1757,5078,472,25,0,0,100,50628,1695,8274,0,0,0,0,0
658,1743,659.2266302723647,99883,59,41,85,28,32942,17125,0.5012564700699819,50,26,25030,23126,8993,4307,15781,22470,48077,35408,0,0,7424,5283,19133,1757,5081,473,28,0,0,106,50629,1692,8277,0,0,0,0,0
659,1743,660.1130414992729,99883,71,39,85,28,32959,17130,0.5014767277714927,48,28,25100,23199,8959,4295,15735,22409,48083,35417,0,0,7412,5279,19132,1758,5084,474,28,0,0,112,50635,1692,8277,0,0,0,0,0
660,1743,661.2911688809401,99883,79,37,85,28,32976,17134,0.5016869737592984,51,33,25170,23300,8933,4279,15680,22321,48089,35426,0,0,7403,5273,19136,1757,5087,474,31,0,0,122,50631,1690,8279,0,0,0,0,0
661,1743,662.1723656299683,99883,77,40,85,28,32988,17139,0.5018571728922839,57,34,25220,23372,8919,4257,15640,22267,48095,35435,0,0,7392,5268,19137,1756,5091,475,32,0,0,130,50633,1689,8280,0,0,0,0,0
662,1743,663.0517158340257,99883,77,45,85,28,33004,17149,0.5021174774486149,54,29,25261,23438,8906,4250,15615,22208,48101,35443,0,0,7381,5262,19143,1755,5094,476,37,0,0,140,50629,1686,8280,0,0,0,0,0
663,1743,664.2217259792546,99883,78,51,85,28,33018,17163,0.5023978054323559,60,24,25347,23533,8881,4239,15547,22123,48107,35451,0,0,7374,5255,19144,1756,5102,476,38,0,0,151,50624,1684,8279,0,0,0,0,0
664,1743,665.0966500855498,99883,80,51,85,28,33029,17171,0.5025880279927515,69,31,25401,23602,8855,4230,15508,22056,48113,35459,0,0,7364,5250,19146,1756,5105,476,41,0,0,162,50620,1682,8281,0,0,0,0,0
665,1743,666.2599819703837,99883,80,52,85,28,33044,17180,0.5028283091216723,73,31,25489,23691,8823,4213,15448,21983,48119,35467,0,0,7356,5242,19147,1758,5111,476,43,0,0,174,50614,1679,8283,0,0,0,0,0
666,1743,667.1298555973899,99883,88,51,85,28,33063,17185,0.5030685902505931,78,33,25540,23745,8802,4204,15405,21937,48124,35475,0,0,7350,5234,19150,1760,5117,476,43,0,0,183,50611,1678,8281,0,0,0,0,0
667,1743,668.2866365851776,99883,93,62,85,28,33082,17202,0.5034290119439745,89,35,25609,23822,8773,4190,15349,21861,48129,35483,0,0,7344,5227,19154,1761,5120,476,44,0,0,197,50602,1675,8283,0,0,0,0,0
668,1743,669.1521571778559,99883,108,60,85,28,33104,17210,0.5037293633551255,97,43,25645,23871,8749,4187,15314,21809,48134,35491,0,0,7338,5225,19152,1760,5127,476,45,0,0,206,50598,1669,8287,0,0,0,0,0
669,1743,670.0160694481128,99883,119,59,85,28,33127,17217,0.5040297147662766,106,46,25689,23949,8731,4181,15268,21735,48139,35499,0,0,7324,5222,19152,1760,5129,478,50,0,0,215,50598,1668,8287,0,0,0,0,0
670,1743,671.1652963500005,99883,138,72,85,28,33165,17239,0.5046304175885786,100,41,25758,24037,8699,4169,15218,21651,48144,35506,0,0,7313,5219,19150,1762,5138,480,53,0,0,224,50597,1665,8282,0,0,0,0,0
671,1743,672.0250641774041,99883,139,80,85,28,33191,17251,0.50501086270937,110,46,25785,24096,8704,4165,15175,21583,48149,35513,0,0,7298,5216,19150,1764,5139,481,60,0,0,240,50589,1662,8284,0,0,0,0,0
672,1743,673.1694683281102,99883,141,71,85,28,33219,17261,0.5053913078301613,122,61,25841,24155,8700,4172,15109,21511,48154,35520,0,0,7288,5207,19143,1768,5154,482,65,0,0,258,50576,1659,8283,0,0,0,0,0
673,1743,674.0260314930734,99883,154,74,85,28,33245,17273,0.5057717529509527,122,67,25883,24220,8691,4169,15063,21440,48159,35527,0,0,7279,5203,19141,1767,5161,482,67,0,0,272,50569,1659,8283,0,0,0,0,0
674,1743,675.165505680738,99883,151,72,85,28,33269,17289,0.506172221499154,127,69,25966,24305,8674,4170,14995,21354,48164,35534,0,0,7269,5197,19131,1769,5179,482,71,0,0,293,50554,1657,8281,0,0,0,0,0
675,1743,676.0179581652151,99883,154,70,85,28,33293,17295,0.506472572910305,129,74,26014,24369,8669,4158,14947,21299,48169,35541,0,0,7260,5192,19122,1771,5193,483,72,0,0,302,50553,1655,8280,0,0,0,0,0
676,1743,677.1518160715568,99883,165,75,85,28,33328,17314,0.507013205450377,129,83,26064,24456,8657,4145,14898,21211,48174,35548,0,0,7251,5186,19120,1776,5198,485,75,0,0,323,50538,1650,8281,0,0,0,0,0
677,1743,678.0006626331141,99883,175,80,85,28,33356,17326,0.5074136739985783,133,84,26094,24517,8652,4139,14859,21150,48179,35555,0,0,7245,5177,19122,1777,5205,486,77,0,0,335,50530,1649,8280,0,0,0,0,0
678,1743,679.1304341976239,99883,176,85,85,28,33394,17346,0.5079943533934703,132,81,26170,24609,8646,4137,14789,21058,48183,35562,0,0,7237,5170,19116,1777,5218,490,81,0,0,361,50508,1648,8277,0,0,0,0,0
679,1743,680.2570482228788,99883,186,94,85,28,33433,17370,0.5086250913568876,140,74,26230,24677,8631,4136,14726,20989,48187,35568,0,0,7226,5163,19111,1782,5225,494,86,0,0,380,50495,1646,8275,0,0,0,0,0
680,1743,681.1002091934224,99883,202,96,85,28,33468,17382,0.5090956419010242,146,82,26275,24727,8623,4139,14667,20926,48191,35574,0,0,7221,5159,19105,1784,5236,495,86,0,0,393,50487,1642,8275,0,0,0,0,0
681,1743,682.2217592787855,99883,205,102,85,28,33505,17408,0.5097263798644414,172,90,26331,24787,8616,4140,14589,20851,48195,35580,0,0,7212,5152,19098,1788,5252,497,92,0,0,417,50466,1638,8271,0,0,0,0,0
682,1743,683.0609943471114,99883,223,106,85,28,33542,17427,0.5102870358319234,165,87,26380,24849,8601,4148,14544,20780,48199,35586,0,0,7203,5148,19093,1790,5260,497,94,0,0,439,50451,1637,8271,0,0,0,0,0
683,1743,684.177418709851,99883,238,114,85,28,33593,17451,0.511037914359801,176,92,26423,24946,8598,4142,14478,20676,48203,35592,0,0,7195,5141,19087,1795,5271,499,97,0,0,467,50427,1634,8270,0,0,0,0,0
684,1743,685.013161547872,99883,247,117,85,28,33633,17462,0.5115485117587577,177,99,26462,24995,8590,4138,14437,20621,48207,35598,0,0,7188,5134,19085,1799,5277,503,100,0,0,484,50414,1631,8268,0,0,0,0,0
685,1743,686.1254794824832,99883,272,126,85,28,33689,17491,0.5123995074236857,192,98,26491,25099,8589,4137,14369,20510,48211,35604,0,0,7181,5127,19080,1802,5287,507,103,0,0,511,50391,1629,8265,0,0,0,0,0
686,1743,687.2362051560626,99883,280,142,85,28,33740,17520,0.5132004445200885,222,103,26514,25166,8596,4128,14301,20431,48215,35610,0,0,7169,5119,19077,1806,5299,511,109,0,0,535,50373,1627,8258,0,0,0,0,0
687,1743,688.0682056045166,99883,292,149,85,28,33790,17537,0.5138712293383259,237,113,26550,25231,8595,4120,14239,20357,48219,35616,0,0,7155,5109,19073,1813,5311,513,118,0,0,551,50362,1625,8253,0,0,0,0,0
688,1743,689.1755563942233,99883,305,155,85,28,33847,17571,0.514782295285484,259,116,26572,25304,8591,4130,14186,20265,48223,35622,0,0,7139,5100,19071,1815,5326,514,129,0,0,591,50327,1625,8246,0,0,0,0,0
689,1743,690.0049172037166,99883,317,160,85,28,33902,17595,0.5155732206681818,264,122,26596,25350,8607,4133,14129,20205,48227,35628,0,0,7131,5091,19065,1821,5341,516,131,0,0,625,50299,1623,8240,0,0,0,0,0
690,1743,691.1090787342513,99883,339,168,85,28,33979,17625,0.5166444740346205,267,129,26648,25425,8607,4130,14052,20118,48231,35633,0,0,7118,5084,19056,1828,5361,517,139,0,0,664,50265,1619,8232,0,0,0,0,0
691,1743,692.2108172468961,99882,363,178,85,29,34058,17659,0.5177809815582387,277,134,26683,25487,8616,4134,13974,20036,48235,35638,0,0,7101,5079,19043,1829,5382,520,150,0,0,700,50234,1618,8226,0,0,0,0,0
692,1743,693.0358183050057,99882,386,185,85,29,34124,17690,0.5187521275104623,286,137,26702,25517,8622,4147,13917,19983,48239,35643,0,0,7088,5072,19028,1837,5398,524,157,0,0,728,50212,1614,8224,0,0,0,0,0
693,1743,694.1341221498159,99882,401,201,85,29,34207,17734,0.5200236278808995,304,137,26733,25571,8634,4158,13841,19902,48243,35648,0,0,7069,5064,19008,1841,5435,524,170,0,0,765,50180,1611,8215,0,0,0,0,0
694,1743,695.2308592469932,99882,391,204,85,29,34276,17771,0.5210848801585871,339,157,26752,25627,8671,4170,13760,19811,48247,35653,0,0,7049,5054,18990,1849,5464,528,184,0,0,814,50136,1606,8208,0,0,0,0,0
695,1743,696.052458958462,99882,409,217,85,29,34340,17811,0.5221261088083939,348,159,26784,25673,8667,4184,13705,19736,48250,35658,0,0,7040,5045,18982,1850,5486,530,190,0,0,850,50102,1606,8201,0,0,0,0,0
696,1743,697.1464324247331,99882,424,223,85,29,34426,17855,0.5234276446206524,383,167,26796,25744,8675,4202,13635,19633,48253,35663,0,0,7023,5032,18969,1860,5509,535,204,0,0,901,50054,1603,8192,0,0,0,0,0
697,1743,698.2390444830322,99882,483,228,85,29,34553,17898,0.5251296529905288,374,175,26788,25805,8700,4223,13568,19538,48256,35668,0,0,7010,5019,18952,1870,5535,539,212,0,0,951,50008,1600,8186,0,0,0,0,0
698,1743,699.0580684290908,99882,516,244,85,29,34631,17940,0.5263310706633828,386,170,26797,25844,8704,4241,13510,19470,48259,35673,0,0,6996,5013,18943,1873,5558,539,222,0,0,985,49978,1598,8177,0,0,0,0,0
699,1743,700.1491666497031,99881,542,238,86,29,34731,17976,0.5276979605730819,429,200,26795,25915,8713,4256,13433,19360,48262,35678,0,0,6978,5009,18926,1876,5585,544,236,0,0,1041,49925,1590,8171,0,0,0,0,0
700,1743,701.2392611307397,99881,565,258,86,29,34854,18033,0.5295001051250988,452,203,26798,25961,8764,4272,13333,19275,48265,35683,0,0,6955,4993,18902,1890,5618,551,255,0,0,1095,49875,1585,8162,0,0,0,0,0
701,1743,702.0562541422212,99880,601,267,87,29,34948,18075,0.5308670404485383,465,212,26783,25995,8791,4291,13271,19204,48268,35688,0,0,6940,4985,18892,1896,5634,553,265,0,0,1148,49827,1582,8158,0,0,0,0,0
702,1743,703.1452856072318,99880,640,276,87,29,35070,18128,0.5326191429715659,488,240,26772,26022,8821,4316,13190,19115,48271,35693,0,0,6926,4972,18872,1907,5665,557,275,0,0,1212,49766,1578,8150,0,0,0,0,0
703,1743,704.2337915538435,99880,651,288,87,29,35187,18196,0.5344713656387665,512,255,26754,26061,8878,4345,13116,19020,48274,35698,0,0,6902,4958,18848,1921,5703,561,293,0,0,1295,49689,1575,8135,0,0,0,0,0
704,1743,705.0502839613762,99880,678,305,87,29,35292,18257,0.5361333600320385,526,256,26731,26085,8910,4370,13066,18953,48277,35703,0,0,6885,4948,18828,1931,5736,566,306,0,0,1351,49637,1571,8121,0,0,0,0,0
705,1743,706.1388495382463,99880,731,320,87,29,35436,18329,0.5382959551461755,538,258,26741,26109,8938,4404,12963,18878,48280,35707,0,0,6867,4939,18804,1935,5771,572,317,0,0,1427,49565,1570,8113,0,0,0,0,0
706,1743,707.2263795448524,99880,766,339,87,29,35592,18398,0.540548658390068,565,279,26702,26138,9010,4436,12868,18777,48283,35711,0,0,6847,4923,18777,1948,5810,580,333,0,0,1510,49484,1568,8100,0,0,0,0,0
707,1743,708.0423959249415,99880,794,360,87,29,35716,18458,0.5423908690428514,596,278,26652,26166,9066,4454,12803,18711,48286,35715,0,0,6832,4904,18753,1968,5843,584,342,0,0,1572,49426,1565,8091,0,0,0,0,0
708,1743,709.1314119431906,99880,838,392,87,29,35896,18536,0.544973968762515,591,294,26631,26184,9135,4483,12716,18616,48289,35719,0,0,6807,4886,18723,1982,5895,587,362,0,0,1657,49346,1563,8072,0,0,0,0,0
709,1743,710.2202222905458,99880,857,411,87,29,36055,18617,0.5473768522226672,648,336,26605,26187,9202,4525,12599,18510,48292,35723,0,0,6784,4862,18700,2003,5940,595,381,0,0,1753,49252,1560,8050,0,0,0,0,0
710,1743,711.0368656124302,99879,863,428,87,30,36187,18695,0.5494848767008079,667,337,26570,26193,9283,4564,12528,18446,48295,35727,0,0,6765,4847,18678,2018,5986,599,398,0,0,1847,49158,1551,8032,0,0,0,0,0
711,1743,712.1269662566373,99879,896,448,87,30,36362,18792,0.5522081718879844,723,348,26500,26214,9359,4612,12433,18346,48298,35731,0,0,6735,4836,18641,2027,6051,603,421,0,0,1952,49057,1547,8009,0,0,0,0,0
712,1743,713.2182369000236,99879,976,456,87,30,36570,18874,0.5551116851390182,732,389,26455,26230,9414,4655,12334,18238,48301,35735,0,0,6704,4826,18600,2038,6111,608,447,0,0,2040,48968,1543,7994,0,0,0,0,0
713,1743,714.037020286206,99879,1033,470,87,30,36739,18947,0.5575346168864326,717,403,26428,26247,9474,4693,12259,18155,48304,35739,0,0,6688,4808,18579,2052,6154,614,459,0,0,2124,48888,1538,7975,0,0,0,0,0
714,1743,715.1289099014584,99879,1098,493,87,30,36956,19050,0.5607384935772285,776,432,26351,26251,9538,4742,12148,18050,48307,35743,0,0,6666,4790,18539,2071,6209,620,476,0,0,2243,48770,1530,7965,0,0,0,0,0
715,1743,716.222094109162,99879,1132,527,87,30,37155,19165,0.5638822975800719,821,433,26276,26267,9636,4803,12046,17938,48310,35747,0,0,6643,4775,18505,2083,6278,629,496,0,0,2356,48656,1522,7936,0,0,0,0,0
716,1743,717.0432380254333,99879,1199,553,87,30,37350,19243,0.5666156048819071,797,448,26229,26287,9707,4829,11979,17851,48313,35751,0,0,6619,4757,18475,2105,6320,635,516,0,0,2436,48578,1514,7924,0,0,0,0,0
717,1743,718.1392165150161,99879,1241,579,87,30,37578,19353,0.5699996996365603,844,483,26154,26281,9808,4889,11864,17736,48316,35755,0,0,6583,4739,18433,2124,6379,650,546,0,0,2560,48457,1507,7901,0,0,0,0,0
718,1743,719.2370489619653,99879,1258,640,87,30,37799,19510,0.5737842789775629,923,476,26062,26256,9918,4969,11750,17627,48319,35759,0,0,6551,4718,18383,2140,6452,663,576,0,0,2702,48311,1502,7881,0,0,0,0,0
719,1743,720.0620145562234,99878,1306,680,87,31,37995,19627,0.576923847093454,960,464,25973,26238,10002,5027,11670,17558,48321,35763,0,0,6526,4696,18352,2160,6508,668,597,0,0,2808,48203,1497,7863,0,0,0,0,0
720,1743,721.1646989569092,99878,1395,701,87,31,38283,19752,0.5810588918480546,1014,501,25844,26248,10108,5087,11550,17430,48323,35767,0,0,6489,4676,18299,2177,6591,680,631,0,0,2935,48070,1489,7841,0,0,0,0,0
721,1743,722.2709728551906,99878,1456,719,87,31,38580,19888,0.5853941809006988,1063,532,25693,26231,10263,5181,11436,17304,48325,35771,0,0,6454,4648,18246,2206,6689,694,664,0,0,3091,47910,1480,7796,0,0,0,0,0
722,1743,723.1034252678005,99878,1513,747,87,31,38804,19999,0.5887482728929294,1074,522,25604,26234,10368,5246,11352,17218,48327,35775,0,0,6429,4627,18212,2226,6747,705,686,0,0,3209,47793,1470,7774,0,0,0,0,0
723,1743,724.2162701286036,99877,1571,762,88,31,39094,20140,0.5930694754548094,1139,546,25502,26224,10473,5347,11225,17088,48329,35779,0,0,6393,4599,18155,2255,6831,724,718,0,0,3371,47625,1464,7742,0,0,0,0,0
724,1743,725.0530082364767,99877,1630,800,88,31,39344,20277,0.5969442414169428,1189,552,25370,26210,10593,5413,11128,16992,48331,35782,0,0,6365,4569,18107,2283,6902,737,740,0,0,3499,47496,1459,7720,0,0,0,0,0
725,1743,726.1728603893242,99877,1724,850,88,31,39705,20437,0.602160657608859,1217,596,25217,26174,10749,5484,11003,16863,48333,35785,0,0,6328,4547,18054,2303,6993,757,773,0,0,3674,47317,1450,7681,0,0,0,0,0
726,1743,727.0157107678705,99877,1780,891,88,31,39952,20566,0.6059252881043684,1298,644,25071,26144,10850,5543,10911,16745,48335,35788,0,0,6299,4529,18011,2320,7069,768,798,0,0,3799,47188,1445,7651,0,0,0,0,0
727,1743,728.1442675509097,99877,1882,917,88,31,40357,20738,0.6117023939445518,1334,705,24892,26099,11023,5645,10779,16601,48337,35791,0,0,6260,4503,17947,2350,7172,783,832,0,0,4026,46958,1425,7621,0,0,0,0,0
728,1743,729.2782774462362,99877,1935,969,88,31,40732,20936,0.6174394505241447,1366,722,24721,26055,11237,5756,10651,16465,48339,35794,0,0,6203,4474,17884,2378,7273,807,884,0,0,4235,46734,1418,7587,0,0,0,0,0
729,1743,730.1328638688477,99877,1974,1004,88,31,41029,21097,0.6220250908617599,1414,736,24581,26029,11397,5847,10544,16351,48341,35797,0,0,6157,4442,17826,2407,7369,825,925,0,0,4389,46571,1409,7557,0,0,0,0,0
730,1743,731.2775472030147,99875,2066,1059,89,32,41444,21321,0.6284355444305382,1473,758,24409,25966,11568,5972,10393,16211,48343,35800,0,0,6117,4406,17736,2438,7511,844,963,0,0,4608,46343,1401,7508,0,0,0,0,0
731,1743,732.139937685405,99875,2106,1056,89,32,41753,21472,0.6330413016270338,1546,814,24253,25925,11734,6085,10270,16086,48345,35803,0,0,6083,4381,17679,2464,7618,863,991,0,0,4800,46139,1388,7469,0,0,0,0,0
732,1743,733.0061108101225,99875,2190,1101,89,32,42067,21657,0.6380375469336671,1615,828,24100,25859,11850,6198,10154,15980,48347,35806,0,0,6046,4363,17619,2482,7704,884,1023,0,0,4972,45963,1378,7441,0,0,0,0,0
733,1743,734.1672203717208,99875,2275,1164,89,32,42551,21906,0.6453767209011264,1659,850,23858,25782,12107,6339,10010,15831,48349,35809,0,0,5992,4328,17523,2516,7862,910,1070,0,0,5226,45700,1359,7389,0,0,0,0,0
734,1743,735.043917351713,99875,2357,1233,89,32,42949,22098,0.6512841051314142,1657,869,23678,25746,12323,6426,9894,15692,48351,35812,0,0,5947,4294,17453,2551,7969,933,1107,0,0,5409,45506,1349,7357,0,0,0,0,0
735,1743,736.2204731279747,99875,2483,1305,89,32,43448,22372,0.6590237797246559,1733,913,23438,25656,12511,6560,9744,15532,48353,35815,0,0,5883,4248,17357,2590,8121,962,1162,0,0,5638,45263,1341,7310,0,0,0,0,0
736,1743,737.1085561791768,99875,2529,1299,89,32,43818,22555,0.6645607008760951,1818,979,23225,25569,12722,6710,9615,15409,48355,35818,0,0,5834,4213,17265,2627,8256,988,1206,0,0,5859,45032,1331,7264,0,0,0,0,0
737,1743,738.0027479071117,99875,2640,1352,89,32,44266,22798,0.6714793491864831,1799,965,23063,25504,12931,6847,9476,15298,48357,35821,0,0,5786,4180,17162,2663,8384,1016,1245,0,0,6086,44790,1318,7245,0,0,0,0,0
738,1743,739.2030456152262,99875,2717,1414,89,32,44819,23106,0.6801001251564456,1845,1001,22801,25389,13221,7038,9325,15124,48359,35824,0,0,5730,4138,17041,2701,8584,1052,1291,0,0,6392,44459,1304,7183,0,0,0,0,0
739,1743,740.1105076138992,99875,2800,1475,89,32,45235,23348,0.6866883604505633,1874,1053,22627,25301,13399,7156,9209,14981,48361,35827,0,0,5678,4100,16957,2733,8725,1068,1336,0,0,6614,44223,1294,7147,0,0,0,0,0
740,1743,741.0231828253158,99874,2829,1505,90,32,45643,23583,0.6931333480185033,1944,1093,22449,25198,13601,7313,9085,14857,48363,35830,0,0,5617,4054,16862,2767,8882,1088,1395,0,0,6867,43956,1280,7106,0,0,0,0,0
741,1743,742.2487048112173,99872,2998,1600,92,32,46298,23919,0.7030699295097725,2008,1123,22151,25082,13842,7479,8907,14682,48365,35833,0,0,5544,4007,16755,2812,9049,1128,1460,0,0,7183,43615,1267,7052,0,0,0,0,0
742,1743,743.1759385444647,99872,3108,1639,92,32,46789,24210,0.7108999519384812,2069,1132,21906,24971,14058,7677,8765,14547,48367,35836,0,0,5479,3961,16662,2855,9201,1161,1517,0,0,7442,43328,1253,7013,0,0,0,0,0
743,1743,744.1109381693312,99872,3158,1690,92,32,47288,24476,0.7185597564883051,2141,1150,21660,24879,14338,7827,8609,14420,48369,35839,0,0,5413,3917,16541,2892,9384,1200,1576,0,0,7699,43054,1238,6958,0,0,0,0,0
744,1743,745.0550025083925,99872,3254,1747,92,32,47805,24751,0.7264899070810638,2182,1191,21420,24761,14575,7973,8475,14294,48371,35842,0,0,5351,3878,16445,2924,9554,1230,1628,0,0,7963,42762,1231,6906,0,0,0,0,0
745,1743,746.0075339892637,99872,3345,1779,92,32,48347,25023,0.7346403396347324,2237,1232,21153,24645,14842,8147,8329,14163,48373,35845,0,0,5286,3836,16326,2967,9733,1269,1684,0,0,8242,42461,1213,6855,0,0,0,0,0
746,1743,747.2916138939736,99871,3426,1855,93,32,49052,25410,0.7455818005226742,2331,1289,20814,24489,15176,8370,8158,13963,48375,35848,0,0,5198,3775,16173,3011,9968,1331,1759,0,0,8606,42065,1198,6787,0,0,0,0,0
747,1743,748.2660511815702,99871,3583,1915,93,32,49659,25717,0.7547336063521943,2383,1367,20522,24344,15406,8546,8011,13794,48377,35851,0,0,5128,3719,16071,3057,10135,1376,1815,0,0,8868,41769,1190,6743,0,0,0,0,0
748,1743,749.2509822799949,99870,3700,1938,94,32,50295,26032,0.764263542605387,2415,1425,20237,24221,15689,8755,7863,13627,48379,35854,0,0,5048,3670,15933,3114,10346,1427,1886,0,0,9169,41434,1164,6679,0,0,0,0,0
749,1743,750.2467510902194,99868,3817,2060,95,33,50918,26414,0.7743421316137301,2482,1443,19967,24082,15923,8926,7714,13454,48381,35857,0,0,4989,3637,15801,3145,10571,1472,1934,0,0,9457,41101,1146,6615,0,0,0,0,0
750,1743,751.2531454342226,99868,3897,2149,95,33,51545,26786,0.7843453358433131,2556,1465,19675,23908,16205,9135,7570,13308,48383,35860,0,0,4920,3579,15663,3218,10784,1517,1987,0,0,9774,40740,1126,6560,0,0,0,0,0
751,1743,752.2713008132163,99867,3976,2196,96,33,52223,27160,0.794887199975968,2617,1511,19371,23755,16533,9368,7405,13135,48385,35863,0,0,4848,3529,15511,3259,11028,1570,2046,0,0,10158,40315,1106,6497,0,0,0,0,0
752,1743,753.3025318536685,99867,4090,2236,96,33,52963,27545,0.8061521824025955,2635,1537,19053,23588,16878,9630,7246,12974,48387,35866,0,0,4781,3487,15335,3280,11301,1641,2102,0,0,10534,39890,1093,6423,0,0,0,0,0
753,1743,754.3491092115369,99866,4182,2284,97,33,53690,27931,0.8173051889531973,2682,1586,18768,23418,17194,9869,7075,12808,48389,35868,0,0,4692,3431,15172,3324,11590,1703,2174,0,0,10850,39512,1077,6341,0,0,0,0,0
754,1743,755.0540769314794,99866,4286,2352,97,33,54207,28212,0.8252958965013117,2696,1618,18539,23307,17404,9990,6976,12698,48391,35870,0,0,4628,3399,15091,3360,11723,1755,2221,0,0,11082,39244,1068,6295,0,0,0,0,0
755,1743,756.1248264776212,99865,4343,2386,98,33,54958,28636,0.8370700445601562,2778,1669,18174,23107,17803,10286,6802,12517,48393,35872,0,0,4529,3336,14924,3429,11980,1835,2298,0,0,11481,38786,1045,6222,0,0,0,0,0
756,1743,757.213749603343,99865,4458,2502,98,33,55749,29124,0.849877334401442,2783,1661,17852,22924,18172,10544,6635,12334,48395,35874,0,0,4451,3276,14747,3493,12247,1921,2359,0,0,11838,38355,1027,6151,0,0,0,0,0
757,1743,758.3008592955653,99865,4496,2594,98,33,56454,29586,0.8615631101987683,2899,1705,17503,22727,18507,10790,6495,12149,48397,35876,0,0,4374,3213,14597,3536,12496,2008,2421,0,0,12226,37909,1014,6071,0,0,0,0,0
758,1743,759.012552266609,99865,4563,2610,98,33,56979,29864,0.8696039653532268,2880,1726,17302,22611,18747,10982,6408,12036,48399,35878,0,0,4325,3167,14485,3578,12712,2052,2453,0,0,12459,37619,1000,6015,0,0,0,0,0
759,1743,760.0627916871524,99864,4644,2685,99,33,57713,30313,0.8814587839461668,2946,1742,17009,22437,19036,11232,6264,11869,48401,35880,0,0,4253,3114,14330,3616,12981,2140,2515,0,0,12806,37187,984,5938,0,0,0,0,0
760,1743,761.093792153078,99864,4741,2700,99,33,58504,30752,0.893775534727229,2958,1757,16675,22276,19395,11550,6130,11682,48403,35882,0,0,4170,3050,14174,3677,13253,2233,2579,0,0,13182,36725,959,5862,0,0,0,0,0
761,1743,762.1039059107403,99862,4831,2733,100,34,59260,31193,0.9057799763673869,3008,1757,16359,22108,19712,11846,5988,11520,48405,35884,0,0,4085,2997,14002,3726,13537,2310,2648,0,0,13561,36266,939,5791,0,0,0,0,0
762,1743,763.095743325463,99861,4934,2734,101,34,60008,31612,0.9174752906540091,3036,1777,16074,21949,20013,12141,5840,11363,48407,35886,0,0,4003,2950,13849,3782,13801,2391,2702,0,0,13926,35810,920,5727,0,0,0,0,0
763,1743,764.0700263400761,99861,5036,2806,101,34,60776,32071,0.9297623696938745,3024,1789,15812,21774,20324,12381,5701,11214,48409,35888,0,0,3932,2904,13691,3825,14034,2491,2749,0,0,14311,35351,906,5667,0,0,0,0,0
764,1743,765.0277189757118,99861,4996,2836,101,34,61452,32490,0.940727611379818,3095,1798,15554,21619,20675,12635,5577,11076,48410,35890,0,0,3863,2837,13536,3894,14336,2571,2791,0,0,14647,34905,879,5602,0,0,0,0,0
765,1743,766.2793114681033,99861,5083,2869,101,34,62431,33060,0.9562391724497051,3080,1813,15210,21410,21109,12996,5415,10876,48411,35892,0,0,3744,2768,13339,3945,14661,2724,2875,0,0,15073,34356,863,5513,0,0,0,0,0
766,1743,767.2002496877493,99861,5164,2876,101,34,63158,33443,0.9673546229258669,3034,1863,14999,21240,21390,13257,5310,10728,48412,35894,0,0,3670,2719,13211,3975,14938,2809,2927,0,0,15370,33950,846,5446,0,0,0,0,0
767,1743,768.1076350650548,99859,5167,2960,102,35,63849,33906,0.978930291711313,3026,1805,14764,21102,21749,13506,5190,10590,48413,35896,0,0,3601,2662,13054,4025,15222,2900,2962,0,0,15688,33534,833,5378,0,0,0,0,0
768,1743,769.0008548520965,99859,5212,2974,102,35,64523,34296,0.9895853152945653,3091,1846,14514,20946,22007,13758,5072,10439,48414,35898,0,0,3545,2610,12908,4066,15466,2998,2994,0,0,16008,33126,813,5325,0,0,0,0,0
769,1743,770.1722005881678,99857,5234,3025,103,36,65420,34845,1.0040858427551398,3118,1857,14226,20737,22389,14070,4928,10273,48415,35900,0,0,3462,2546,12702,4131,15858,3116,3044,0,0,16400,32585,798,5215,0,0,0,0,0
770,1743,771.0363775434387,99855,5191,3040,104,37,66063,35257,1.0146712733463523,3166,1878,14041,20576,22687,14332,4809,10135,48416,35902,0,0,3398,2505,12571,4158,16098,3247,3072,0,0,16701,32162,787,5156,0,0,0,0,0
771,1743,772.1709750880427,99855,5217,3081,104,37,66975,35795,1.0291923288768714,3160,1910,13758,20349,23090,14647,4669,9974,48417,35904,0,0,3310,2432,12392,4221,16456,3398,3133,0,0,17030,31661,764,5058,0,0,0,0,0
772,1743,773.0082692668963,99855,5215,3103,104,37,67589,36188,1.0392769515797906,3170,1945,13602,20212,23336,14866,4571,9835,48418,35906,0,0,3250,2381,12251,4259,16676,3523,3175,0,0,17303,31290,754,4993,0,0,0,0,0
773,1743,774.1103975090695,99853,5228,3152,105,38,68424,36733,1.0531180835828668,3181,1922,13348,20029,23679,15184,4457,9673,48419,35908,0,0,3169,2329,12079,4299,17004,3658,3219,0,0,17680,30763,739,4914,0,0,0,0,0
774,1743,775.1959020037378,99852,5282,3187,106,38,69281,37240,1.0667888474942915,3111,1914,13121,19875,24036,15470,4342,9514,48420,35910,0,0,3085,2276,11909,4344,17342,3798,3263,0,0,17968,30324,717,4826,0,0,0,0,0
775,1743,776.2651232694903,99852,5374,3272,106,38,70131,37789,1.0807995833834074,3047,1871,12892,19676,24332,15761,4247,9380,48421,35912,0,0,3022,2235,11748,4376,17630,3954,3286,0,0,18272,29874,701,4754,0,0,0,0,0
776,1743,777.0581845869228,99852,5391,3320,106,38,70741,38183,1.0908544646076193,3014,1823,12720,19569,24607,15970,4160,9278,48422,35914,0,0,2963,2194,11624,4409,17864,4055,3320,0,0,18512,29525,684,4702,0,0,0,0,0
777,1743,778.1021121351893,99852,5295,3279,106,38,71502,38649,1.103142651123663,3056,1886,12491,19381,24970,16285,4080,9129,48423,35916,0,0,2882,2128,11453,4459,18217,4209,3364,0,0,18821,29037,665,4617,0,0,0,0,0
778,1743,779.1318337596573,99852,5288,3278,106,38,72279,39117,1.1156111044345631,3024,1908,12292,19204,25306,16577,3982,8993,48424,35918,0,0,2842,2082,11288,4489,18505,4393,3371,0,0,19110,28588,648,4536,0,0,0,0,0
779,1743,780.1483117123294,99852,5265,3272,106,38,73056,39612,1.1283499579377478,2982,1880,12108,19044,25646,16904,3891,8860,48425,35920,0,0,2774,2035,11104,4524,18841,4570,3402,0,0,19350,28160,633,4459,0,0,0,0,0
780,1743,781.152787994488,99852,5203,3259,106,38,73749,40065,1.139826943876938,3020,1899,11938,18885,25936,17172,3795,8745,48426,35922,0,0,2719,1979,10958,4561,19123,4733,3413,0,0,19621,27731,618,4396,0,0,0,0,0
781,1743,782.1459340292159,99852,5238,3259,106,38,74476,40516,1.1516244041180947,3036,1871,11765,18754,26153,17461,3700,8615,48427,35924,0,0,2657,1940,10796,4575,19396,4890,3438,0,0,19871,27334,608,4347,0,0,0,0,0
782,1743,783.1306380924924,99852,5284,3261,106,38,75208,40964,1.1634418940031246,2972,1849,11625,18602,26392,17742,3619,8506,48428,35926,0,0,2604,1898,10653,4610,19664,5042,3447,0,0,20108,26950,591,4285,0,0,0,0,0
783,1743,784.1069381204773,99852,5234,3259,106,38,75922,41423,1.1751892801345991,2894,1851,11514,18458,26704,18025,3546,8367,48429,35928,0,0,2538,1843,10493,4643,19963,5202,3477,0,0,20367,26535,581,4210,0,0,0,0,0
784,1743,785.0736697553359,99852,5223,3264,106,38,76650,41858,1.186836518046709,2859,1846,11334,18312,27013,18284,3463,8254,48430,35930,0,0,2483,1786,10343,4687,20281,5340,3494,0,0,20571,26151,567,4149,0,0,0,0,0
785,1743,786.0300557291802,99852,5208,3250,106,38,77311,42279,1.1976725553819654,2841,1832,11205,18182,27242,18542,3396,8154,48431,35932,0,0,2423,1749,10202,4729,20543,5496,3515,0,0,20776,25788,549,4082,0,0,0,0,0
786,1743,787.2146534087858,99851,5176,3232,107,38,78133,42797,1.2111045457732021,2818,1857,11045,18024,27537,18838,3315,8009,48432,35934,0,0,2355,1703,10038,4760,20844,5718,3537,0,0,21006,25341,530,4019,0,0,0,0,0
787,1743,788.1537897457891,99851,5154,3263,107,38,78806,43237,1.2222511542197876,2765,1851,10915,17896,27798,19033,3259,7917,48433,35936,0,0,2301,1666,9908,4806,21089,5875,3542,0,0,21215,24967,520,3962,0,0,0,0,0
788,1743,789.0845559324756,99850,5082,3263,107,39,79459,43670,1.2331397095643466,2697,1846,10802,17744,28134,19294,3176,7812,48434,35938,0,0,2260,1623,9782,4842,21354,6052,3536,0,0,21386,24602,507,3906,0,0,0,0,0
789,1743,790.0065755263659,99849,5034,3253,108,39,80045,44095,1.243277348796683,2708,1842,10695,17644,28349,19528,3104,7692,48435,35940,0,0,2203,1585,9665,4848,21589,6213,3564,0,0,21577,24239,493,3873,0,0,0,0,0
790,1743,791.1499391226754,99849,4942,3198,108,39,80787,44596,1.2557261464811866,2738,1845,10548,17512,28640,19828,3022,7576,48436,35942,0,0,2146,1531,9511,4878,21911,6443,3571,0,0,21757,23831,480,3790,0,0,0,0,0
791,1743,792.0572397272061,99849,4923,3187,108,39,81422,45029,1.266422297669481,2722,1819,10420,17413,28864,20068,2961,7472,48437,35944,0,0,2097,1489,9378,4906,22188,6603,3577,0,0,21913,23499,472,3727,0,0,0,0,0
792,1743,793.182572338462,99848,4846,3213,109,39,82169,45536,1.2789940709879015,2716,1739,10297,17305,29141,20340,2889,7362,48438,35946,0,0,2046,1440,9206,4943,22514,6802,3575,0,0,22091,23110,460,3661,0,0,0,0,0
793,1743,794.0764892040742,99846,4833,3222,111,39,82766,45949,1.2891352683132022,2678,1733,10206,17182,29345,20571,2825,7251,48439,35948,0,0,2002,1414,9076,4966,22766,6958,3573,0,0,22230,22804,451,3606,0,0,0,0,0
794,1743,795.1857522539785,99846,4786,3179,111,39,83495,46394,1.30089337579873,2590,1762,10140,17067,29602,20815,2769,7136,48440,35950,0,0,1950,1377,8949,4956,23048,7171,3576,0,0,22413,22418,445,3543,0,0,0,0,0
795,1743,796.0680297152892,99846,4817,3164,111,39,84099,46770,1.3107084910762574,2575,1743,10056,16988,29725,21013,2714,7051,48441,35952,0,0,1911,1358,8849,4939,23250,7349,3594,0,0,22552,22122,438,3484,0,0,0,0,0
796,1743,797.1657051332,99846,4770,3195,111,39,84775,47279,1.3225767682230636,2562,1678,9949,16896,29960,21241,2646,6949,48442,35954,0,0,1859,1327,8713,4935,23528,7552,3603,0,0,22703,21764,432,3430,0,0,0,0,0
797,1743,798.0385893305458,99846,4739,3150,111,39,85322,47620,1.3314704645153537,2560,1707,9885,16794,30102,21455,2601,6853,48443,35956,0,0,1812,1307,8597,4931,23746,7719,3620,0,0,22804,21482,427,3401,0,0,0,0,0
798,1743,799.1240065433192,99845,4662,3119,112,39,85972,48080,1.3426010315989785,2534,1693,9819,16702,30324,21698,2547,6747,48444,35958,0,0,1767,1277,8467,4920,24043,7917,3620,0,0,22963,21110,424,3337,0,0,0,0,0
799,1743,800.2037404887632,99845,4563,3054,112,39,86635,48531,1.3537583254043768,2530,1678,9767,16607,30543,21965,2483,6655,48445,35960,0,0,1714,1242,8326,4932,24333,8142,3617,0,0,23092,20756,418,3273,0,0,0,0,0
800,1743,801.063556531525,99845,4576,3015,112,39,87184,48867,1.3626220641995093,2489,1665,9681,16550,30690,22157,2450,6572,48446,35962,0,0,1681,1219,8222,4930,24542,8307,3622,0,0,23176,20508,411,3227,0,0,0,0,0
801,1743,802.1326589371649,99844,4541,3009,113,39,87880,49319,1.3741336484916469,2407,1586,9596,16474,30948,22401,2393,6489,48447,35964,0,0,1643,1184,8111,4959,24804,8511,3593,0,0,23282,20177,402,3178,0,0,0,0,0
802,1743,803.195177265338,99844,4475,2979,113,39,88510,49739,1.3846500540843716,2386,1549,9503,16409,31193,22625,2328,6397,48448,35966,0,0,1607,1150,8000,4968,25053,8723,3572,0,0,23364,19889,389,3129,0,0,0,0,0
803,1743,804.040769869,99843,4406,2985,114,39,88973,50073,1.3926464549342468,2346,1550,9479,16346,31358,22765,2295,6313,48449,35968,0,0,1581,1127,7925,4978,25221,8905,3567,0,0,23404,19670,384,3081,0,0,0,0,0
804,1743,805.0935158287112,99843,4344,2918,114,39,89571,50448,1.402391755055437,2333,1536,9424,16304,31532,22974,2251,6227,48450,35970,0,0,1537,1104,7826,4954,25489,9102,3580,0,0,23461,19377,378,3035,0,0,0,0,0
805,1743,806.1419318689915,99843,4308,2900,114,39,90162,50876,1.4125977785122643,2302,1488,9387,16240,31672,23190,2215,6141,48451,35972,0,0,1489,1079,7715,4975,25701,9304,3581,0,0,23561,19075,370,2993,0,0,0,0,0
806,1743,807.1866033226961,99843,4291,2812,114,39,90802,51244,1.422693628997526,2189,1491,9325,16175,31911,23413,2168,6068,48452,35973,0,0,1463,1057,7596,4987,25937,9517,3561,0,0,23652,18767,361,2945,0,0,0,0,0
807,1743,808.0186908555047,99841,4239,2733,114,41,91226,51530,1.4298334351619075,2164,1491,9273,16117,32072,23619,2136,5997,48453,35974,0,0,1430,1033,7509,4994,26134,9675,3558,0,0,23677,18569,355,2907,0,0,0,0,0
808,1743,809.0545555130183,99841,4120,2741,114,41,91748,51915,1.438917879428291,2180,1442,9246,16057,32248,23806,2090,5911,48454,35975,0,0,1397,1006,7416,4981,26360,9885,3555,0,0,23697,18332,351,2861,0,0,0,0,0
809,1743,810.0868549841235,99841,4083,2737,114,41,92309,52288,1.4482727536783486,2142,1417,9207,16019,32391,23946,2061,5838,48455,35976,0,0,1369,991,7323,4985,26521,10111,3537,0,0,23733,18104,347,2820,0,0,0,0,0
810,1743,811.115793492861,99840,4047,2738,115,41,92848,52681,1.4576221955128206,2110,1394,9198,15968,32508,24098,2020,5759,48456,35977,0,0,1337,971,7243,4964,26684,10328,3535,0,0,23797,17855,341,2785,0,0,0,0,0
811,1743,812.1423618674613,99840,4011,2695,115,41,93351,53044,1.4662960737179487,2135,1339,9159,15938,32596,24293,1982,5692,48457,35978,0,0,1317,944,7157,4946,26910,10510,3528,0,0,23838,17611,334,2745,0,0,0,0,0
812,1743,813.1664417276295,99839,3958,2663,116,41,93875,53436,1.4754855317060467,2080,1287,9128,15908,32764,24480,1952,5619,48458,35979,0,0,1282,930,7069,4933,27120,10706,3523,0,0,23895,17351,326,2704,0,0,0,0,0
813,1743,814.1876342618858,99838,3904,2667,117,41,94388,53791,1.48419439491977,2085,1242,9111,15863,32859,24629,1922,5556,48459,35980,0,0,1260,909,6966,4909,27309,10902,3519,0,0,23940,17129,321,2674,0,0,0,0,0
814,1743,815.0032464682445,99838,3873,2629,117,41,94843,54058,1.4914261102986839,1996,1222,9137,15836,32975,24762,1900,5508,48460,35981,0,0,1234,886,6892,4897,27464,11068,3522,0,0,23967,16932,317,2659,0,0,0,0,0
815,1743,816.0207424402652,99838,3803,2536,117,41,95352,54350,1.4994491075542378,1935,1223,9155,15779,33119,24974,1869,5445,48461,35982,0,0,1212,864,6811,4891,27701,11265,3499,0,0,23933,16731,311,2620,0,0,0,0,0
816,1743,817.0361026836631,99838,3660,2491,117,41,95798,54654,1.506961277269176,1922,1214,9153,15753,33309,25124,1837,5375,48462,35983,0,0,1186,839,6721,4890,27851,11487,3492,0,0,23961,16515,304,2592,0,0,0,0,0
817,1743,818.0480735416103,99838,3604,2460,117,41,96283,54972,1.5150043069773032,1854,1209,9157,15726,33458,25247,1808,5315,48463,35984,0,0,1164,827,6649,4869,28044,11681,3490,0,0,23935,16322,294,2563,0,0,0,0,0
818,1743,819.0579915286164,99838,3603,2418,117,41,96757,55259,1.5226266551813938,1817,1215,9154,15702,33523,25367,1784,5255,48464,35985,0,0,1137,808,6583,4859,28207,11857,3492,0,0,23935,16141,292,2527,0,0,0,0,0
819,1743,820.0665165398185,99837,3558,2371,118,41,97222,55558,1.5302943798391377,1793,1191,9137,15688,33629,25498,1763,5209,48465,35986,0,0,1119,792,6511,4846,28377,12050,3482,0,0,23932,15948,287,2493,0,0,0,0,0
820,1743,821.0731264597235,99837,3493,2341,118,41,97667,55852,1.5376964452056852,1793,1170,9135,15693,33720,25607,1739,5146,48466,35987,0,0,1092,774,6447,4843,28528,12241,3479,0,0,23920,15777,277,2459,0,0,0,0,0
821,1743,822.0782846516626,99837,3467,2326,118,41,98135,56170,1.5455692779230146,1719,1171,9146,15640,33836,25730,1712,5090,48467,35988,0,0,1072,759,6370,4824,28687,12423,3469,0,0,23949,15584,273,2427,0,0,0,0,0
822,1743,823.0815653564044,99837,3401,2269,118,41,98560,56473,1.552861163696826,1692,1131,9169,15630,33922,25891,1696,5036,48468,35989,0,0,1050,742,6300,4820,28811,12633,3461,0,0,23955,15392,269,2404,0,0,0,0,0
823,1743,824.0837530472761,99837,3332,2199,118,41,98996,56747,1.5599727555916143,1642,1126,9185,15632,34042,26020,1679,4980,48469,35990,0,0,1032,725,6236,4801,28945,12848,3446,0,0,23928,15235,264,2377,0,0,0,0,0
824,1743,825.0843214554454,99836,3265,2124,119,41,99420,57006,1.5668296005448936,1588,1141,9181,15609,34192,26150,1653,4933,48470,35991,0,0,1017,709,6170,4812,29086,13034,3421,0,0,23934,15039,258,2356,0,0,0,0,0
825,1743,826.0828878144705,99835,3187,2115,119,42,99813,57311,1.5738368307707717,1598,1109,9192,15605,34271,26244,1631,4883,48471,35992,0,0,1008,696,6095,4803,29221,13230,3396,0,0,23930,14876,255,2325,0,0,0,0,0
826,1743,827.0803431600971,99835,3136,2072,119,42,100211,57584,1.5805579205689388,1606,1099,9183,15623,34342,26328,1612,4834,48472,35993,0,0,991,683,6032,4792,29371,13409,3384,0,0,23907,14722,250,2294,0,0,0,0,0
827,1743,828.0770306209406,99835,3124,2056,119,42,100598,57857,1.5871688285671357,1608,1069,9193,15605,34373,26443,1581,4783,48473,35994,0,0,982,674,5983,4787,29466,13578,3356,0,0,23916,14568,247,2278,0,0,0,0,0
828,1743,829.0729803430448,99833,3135,2004,120,43,101027,58103,1.5939619164003886,1532,1070,9206,15613,34441,26538,1564,4730,48474,35995,0,0,964,665,5928,4792,29574,13745,3336,0,0,23932,14405,245,2247,0,0,0,0,0
829,1743,830.0681631523248,99833,3042,1982,120,43,101383,58366,1.6001622709925576,1515,1045,9244,15621,34537,26629,1540,4678,48475,35996,0,0,947,649,5876,4781,29692,13923,3322,0,0,23929,14261,239,2214,0,0,0,0,0
830,1743,831.062367090031,99833,2999,1941,120,43,101791,58624,1.6068334117977021,1431,1050,9274,15625,34655,26706,1519,4633,48476,35997,0,0,932,637,5808,4795,29824,14102,3295,0,0,23894,14123,235,2188,0,0,0,0,0
831,1743,832.0550000161944,99833,2963,1889,120,43,102155,58861,1.6128534652870294,1371,1060,9317,15615,34723,26805,1504,4586,48477,35998,0,0,925,626,5768,4782,29905,14289,3276,0,0,23890,13980,233,2159,0,0,0,0,0
832,1743,833.0470228673507,99833,2913,1878,120,43,102494,59127,1.6189135856880992,1385,1018,9338,15633,34766,26884,1476,4542,48478,35999,0,0,911,612,5713,4782,30000,14462,3271,0,0,23884,13836,227,2135,0,0,0,0,0
833,1743,834.0384846650454,99833,2827,1848,120,43,102815,59366,1.6245229533320646,1365,1027,9391,15638,34839,26948,1456,4494,48479,36000,0,0,900,603,5668,4780,30072,14656,3250,0,0,23853,13714,224,2113,0,0,0,0,0
834,1743,835.0295117682373,99832,2742,1871,121,43,103148,59645,1.6306695248016667,1369,952,9425,15664,34905,27013,1436,4455,48480,36001,0,0,893,593,5618,4786,30124,14848,3225,0,0,23846,13586,219,2094,0,0,0,0,0
835,1743,836.019975585212,99832,2718,1900,121,43,103510,59905,1.6368999919865375,1313,895,9467,15699,34959,27040,1420,4421,48481,36002,0,0,873,585,5579,4786,30205,14996,3216,0,0,23840,13458,217,2077,0,0,0,0,0
836,1743,837.0102710089477,99831,2641,1895,122,43,103813,60150,1.6424056655748214,1325,879,9505,15706,35005,27100,1400,4375,48482,36003,0,0,865,577,5533,4773,30300,15159,3199,0,0,23818,13336,217,2054,0,0,0,0,0
837,1743,838.000299435122,99831,2588,1838,122,43,104124,60347,1.647494265308371,1328,892,9546,15739,35031,27156,1383,4330,48483,36004,0,0,855,569,5479,4770,30398,15314,3177,0,0,23804,13218,209,2038,0,0,0,0,0
838,1743,839.188548319858,99830,2515,1788,123,43,104486,60598,1.6536512070519884,1325,899,9599,15754,35072,27229,1364,4285,48484,36005,0,0,846,558,5426,4738,30517,15500,3164,0,0,23783,13079,208,2011,0,0,0,0,0
839,1743,840.1786554617147,99830,2473,1727,123,43,104805,60812,1.6589902834819192,1316,896,9646,15765,35094,27312,1346,4255,48485,36006,1,1,834,549,5383,4738,30607,15667,3147,0,0,23761,12953,205,1986,0,0,0,0,0
840,1743,841.1692850583462,99830,2408,1687,123,43,105095,61025,1.6640288490433737,1317,864,9693,15787,35130,27392,1327,4225,48486,36007,2,2,820,540,5336,4737,30682,15836,3140,0,0,23721,12851,203,1964,0,0,0,0,0
841,1743,842.1607066695409,99830,2399,1672,123,43,105421,61246,1.6695081638785936,1280,793,9754,15841,35128,27451,1314,4198,48487,36008,3,3,814,532,5288,4725,30760,15986,3123,0,0,23709,12745,199,1948,0,0,0,0,1
842,1743,843.1528262207723,99830,2369,1596,123,43,105719,61425,1.6742862866873685,1262,801,9769,15859,35168,27538,1307,4161,48488,36009,4,4,804,524,5242,4715,30833,16136,3112,0,0,23702,12632,197,1931,0,1,0,0,1
843,1743,844.1446306554112,99830,2318,1597,123,43,106027,61624,1.67936492036462,1229,787,9816,15887,35217,27556,1295,4128,48489,36010,5,5,796,520,5208,4715,30901,16292,3087,0,0,23654,12547,194,1913,0,1,0,0,2
844,1743,845.1362155656394,99830,2282,1557,123,43,106336,61805,1.6842732645497345,1208,785,9857,15915,35246,27599,1282,4099,48490,36011,6,6,789,514,5169,4715,30951,16462,3069,0,0,23618,12449,192,1898,0,1,0,0,3
845,1743,846.1281054201309,99830,2249,1528,123,43,106660,61981,1.6892817790243413,1163,787,9897,15942,35297,27636,1269,4062,48491,36012,7,7,780,507,5132,4707,31000,16637,3054,0,0,23572,12359,192,1885,0,1,0,0,4
846,1743,847.1196935056468,99829,2199,1476,123,44,106932,62151,1.6937262719249917,1128,774,9941,15973,35351,27689,1256,4042,48492,36013,8,8,769,504,5094,4687,31075,16785,3038,0,0,23542,12269,191,1869,0,2,0,0,4
847,1743,848.1115168886499,99828,2184,1467,124,44,107216,62348,1.698561525824418,1096,738,9996,16019,35357,27713,1241,4017,48493,36014,9,9,763,497,5062,4678,31156,16917,3030,0,0,23498,12174,186,1860,0,3,0,0,4
848,1743,849.104061761484,99828,2140,1413,124,44,107514,62518,1.703249589293585,1048,719,10053,16074,35403,27765,1230,3983,48494,36015,10,10,751,497,5016,4670,31234,17074,3016,0,0,23437,12099,182,1845,0,3,0,0,4
849,1743,850.096486700754,99828,2086,1404,124,44,107774,62707,1.7077473253996875,1023,679,10101,16122,35446,27796,1218,3953,48495,36016,11,11,742,490,4974,4655,31274,17228,3006,0,0,23424,12014,180,1833,0,4,0,0,4
850,1743,851.0892503895793,99828,2053,1363,124,44,108024,62859,1.7117742517129462,1029,708,10158,16155,35424,27803,1210,3925,48496,36017,12,12,733,485,4935,4634,31335,17366,2994,0,0,23393,11938,180,1825,0,5,0,0,5
851,1743,852.0830343627663,99828,1988,1319,124,44,108258,63020,1.7157310574187603,1022,716,10219,16189,35444,27829,1201,3901,48497,36018,14,14,724,481,4906,4629,31378,17513,2980,0,0,23364,11857,177,1806,0,6,0,0,7
852,1743,853.0774811156441,99828,1964,1344,124,44,108511,63218,1.7202488279841328,989,663,10260,16222,35475,27844,1186,3881,48498,36019,16,16,718,477,4876,4623,31394,17655,2966,0,0,23355,11781,175,1795,0,6,0,0,7
853,1743,854.072128154692,99827,1936,1321,124,45,108755,63374,1.7242729922766387,967,663,10327,16260,35470,27853,1174,3856,48499,36020,19,18,712,469,4847,4614,31450,17792,2958,0,0,23285,11721,173,1791,1,7,0,0,7
854,1743,855.0675168128843,99827,1911,1306,124,45,108994,63536,1.7282899415989663,952,653,10367,16305,35470,27851,1174,3838,48500,36021,23,21,703,467,4821,4601,31492,17921,2948,0,0,23255,11646,173,1783,1,9,0,0,7
855,1743,856.0633825069655,99827,1883,1291,124,45,109240,63695,1.7323469602412174,930,627,10405,16362,35487,27870,1169,3803,48501,36022,28,25,698,464,4787,4582,31524,18063,2938,0,0,23232,11568,172,1777,1,12,1,0,8
856,1743,857.0599767506603,99827,1848,1281,124,45,109467,63875,1.7364240135434301,888,615,10470,16400,35508,27879,1160,3778,48502,36023,34,30,688,463,4752,4557,31609,18170,2932,0,0,23212,11478,171,1764,2,16,3,0,10
857,1743,858.0570086010766,99827,1793,1242,124,45,109679,64032,1.74012040830637,884,610,10537,16455,35506,27888,1154,3758,48503,36024,42,36,680,459,4718,4539,31692,18278,2924,0,0,23193,11382,169,1755,2,20,3,0,13
858,1743,859.0554738679355,99827,1770,1206,124,45,109885,64173,1.7435964218097308,876,608,10627,16489,35454,27908,1147,3742,48504,36025,51,43,677,450,4692,4542,31710,18408,2905,0,0,23165,11318,168,1749,2,25,3,0,13
859,1743,860.0554509488796,99826,1736,1174,125,45,110088,64318,1.7470999539198204,877,606,10677,16517,35438,27930,1145,3726,48505,36026,63,51,674,449,4673,4533,31713,18549,2893,0,0,23137,11247,165,1740,3,30,4,0,16
860,1743,861.0565574713263,99825,1721,1151,126,45,110299,64464,1.7506937139994991,886,609,10734,16569,35387,27908,1144,3716,48506,36027,77,61,669,447,4652,4520,31731,18678,2889,0,0,23105,11178,163,1730,4,38,5,0,16
861,1743,862.0591454434841,99825,1709,1150,126,45,110527,64629,1.7546306035562234,871,582,10771,16624,35370,27899,1151,3698,48507,36028,94,73,663,444,4624,4500,31778,18802,2880,0,0,23061,11114,162,1720,6,44,7,0,20
862,1743,863.0629353367182,99825,1706,1147,126,45,110756,64782,1.7584573002754822,843,588,10838,16660,35334,27870,1151,3688,48508,36029,115,87,653,441,4597,4493,31801,18926,2868,0,0,23039,11049,161,1707,6,51,9,0,24
863,1743,864.0680017020741,99825,1665,1142,126,45,110978,64924,1.7621036814425244,819,553,10908,16717,35333,27854,1147,3687,48509,36030,140,103,648,437,4579,4493,31814,19061,2859,0,0,22993,10976,159,1696,6,66,11,0,27
864,1743,865.0740985797113,99825,1631,1140,126,45,111184,65059,1.7655196594039568,797,542,10956,16752,35328,27824,1160,3695,48510,36031,170,122,645,437,4548,4470,31855,19177,2851,0,0,22950,10917,156,1686,7,80,14,0,32
865,1743,866.0812734860714,99825,1604,1108,126,45,111389,65196,1.768945654896068,773,523,11002,16802,35320,27814,1173,3706,48511,36032,206,143,635,433,4520,4479,31864,19316,2837,0,0,22895,10854,154,1677,7,97,18,0,39
866,1743,867.0895949839219,99825,1580,1092,126,45,111575,65349,1.7723415977961432,742,513,11071,16839,35292,27781,1187,3728,48512,36033,248,168,630,431,4500,4480,31872,19445,2819,0,0,22852,10781,153,1666,7,124,18,0,47
867,1743,868.0994729419704,99825,1512,1074,126,45,111750,65483,1.7754370147758578,746,499,11146,16867,35262,27752,1206,3761,48513,36034,297,196,623,426,4474,4470,31866,19610,2806,0,0,22783,10732,152,1658,8,139,21,0,57
868,1743,869.1111662464415,99825,1476,1028,126,45,111927,65607,1.7784522915101428,750,481,11200,16896,35217,27763,1229,3785,48514,36035,354,228,618,424,4445,4461,31858,19768,2797,0,0,22719,10663,152,1653,10,163,24,0,70
869,1743,870.1248700923036,99825,1438,979,126,45,112115,65728,1.7815477084898572,755,474,11246,16949,35176,27725,1257,3826,48515,36036,420,265,612,419,4422,4449,31856,19926,2789,0,0,22643,10599,149,1642,14,192,30,0,83
870,1743,871.1408391282891,99825,1418,942,126,45,112313,65835,1.784603055346857,718,475,11311,16990,35140,27669,1285,3877,48516,36037,496,307,600,413,4402,4444,31825,20082,2788,0,0,22599,10517,148,1634,14,223,34,0,102
871,1743,872.1583896208322,99825,1356,920,126,45,112489,65950,1.7875181567743552,713,462,11369,17023,35108,27610,1326,3938,48517,36038,583,354,596,411,4374,4432,31805,20252,2775,0,0,22523,10455,148,1621,15,257,39,0,122
872,1743,873.1780811569081,99825,1356,904,126,45,112678,66068,1.7905935386927123,684,441,11410,17049,35049,27553,1373,4006,48518,36039,682,407,596,407,4353,4429,31761,20414,2764,0,0,22453,10383,147,1609,19,299,45,0,146
873,1743,874.200231115675,99825,1325,897,126,45,112845,66186,1.7934485349361382,672,441,11480,17077,34980,27453,1415,4085,48519,36040,794,466,593,403,4331,4416,31723,20571,2754,0,0,22399,10310,147,1598,21,333,57,0,169
874,1743,875.019878609116,99825,1325,889,126,45,112993,66273,1.7958026546456298,661,429,11527,17087,34886,27363,1473,4185,48520,36041,921,532,591,402,4311,4405,31716,20682,2746,0,0,22306,10246,146,1587,25,399,66,0,197
875,1743,876.0477867710194,99825,1307,866,126,45,113158,66382,1.7985474580515903,626,428,11602,17087,34803,27276,1534,4296,48521,36042,1063,605,588,401,4283,4397,31641,20861,2735,0,0,22237,10172,146,1577,29,456,77,0,225
876,1743,877.0788676254881,99825,1274,842,126,45,113314,66477,1.8010618582519409,628,436,11673,17100,34693,27159,1604,4416,48522,36043,1222,686,583,398,4249,4393,31574,21041,2732,0,0,22139,10102,145,1570,32,517,94,0,256
877,1743,878.113631659385,99825,1261,830,126,45,113481,66589,1.8038567493112947,607,419,11732,17076,34590,27071,1682,4557,48523,36044,1399,775,580,395,4216,4375,31535,21204,2728,0,0,22030,10024,144,1563,36,594,110,0,291
878,1743,879.1521845454253,99825,1230,825,126,45,113634,66702,1.8065214124718256,594,403,11799,17053,34480,26955,1769,4717,48524,36045,1596,873,575,390,4185,4373,31476,21378,2722,0,0,21935,9925,143,1545,43,669,125,0,341
879,1743,880.1944918534431,99825,1192,826,126,45,113776,66808,1.8090057600801401,601,389,11859,17035,34356,26808,1864,4895,48525,36046,1814,980,573,385,4157,4365,31403,21556,2713,0,0,21833,9833,139,1536,46,754,140,0,392
880,1743,881.0315482392449,99825,1162,802,126,45,113895,66892,1.811039318807914,593,364,11882,17035,34272,26653,1963,5099,48526,36047,2053,1097,570,383,4129,4362,31307,21741,2703,0,0,21719,9744,138,1521,54,849,159,0,446
881,1743,882.0816393327148,99825,1149,785,126,45,114045,66978,1.813403456048084,570,358,11938,17040,34138,26448,2077,5322,48527,36048,2315,1224,569,381,4094,4351,31211,21942,2696,0,0,21606,9652,135,1501,67,949,176,0,495
882,1743,883.1364871458544,99825,1133,771,126,45,114202,67060,1.8157976458802905,530,363,11996,17006,34002,26262,2211,5551,48528,36049,2601,1362,565,381,4052,4336,31114,22156,2691,0,0,21470,9547,135,1487,73,1046,202,0,570
883,1743,884.196186782064,99825,1105,766,126,45,114344,67170,1.8183220636113198,533,340,12039,16965,33855,26076,2340,5806,48529,36050,2912,1511,562,381,4018,4322,30991,22390,2686,0,0,21310,9453,134,1464,90,1183,217,0,624
884,1743,885.0475758163205,99825,1078,744,126,45,114450,67239,1.8200751314800903,520,342,12041,16909,33743,25861,2490,6097,48530,36051,3249,1672,558,380,3979,4329,30827,22627,2674,0,0,21175,9351,131,1446,103,1316,243,0,686
885,1743,886.1166111925708,99825,1039,721,126,45,114585,67336,1.8223991985975456,525,322,12100,16836,33573,25665,2635,6409,48531,36052,3612,1845,555,374,3933,4334,30721,22845,2659,0,0,20997,9232,129,1420,119,1470,272,0,765
886,1743,887.1914958625299,99825,1018,701,126,45,114728,67425,1.8247232657150012,487,321,12143,16788,33419,25400,2805,6743,48532,36053,4002,2030,552,371,3889,4331,30574,23106,2648,0,0,20811,9122,126,1399,127,1636,300,0,833
887,1743,888.0558027989198,99825,997,687,126,45,114840,67492,1.8265164037064863,469,313,12161,16698,33264,25142,2981,7113,48533,36054,4419,2228,548,370,3847,4327,30395,23367,2639,0,0,20623,9019,125,1376,142,1811,331,0,905
888,1743,889.142136202391,99825,956,654,126,45,114962,67569,1.8285098923115453,471,319,12199,16637,33073,24853,3173,7490,48534,36055,4863,2439,540,367,3804,4319,30204,23659,2632,0,0,20409,8898,125,1365,151,1999,362,0,991
889,1743,890.0162568505833,99825,936,677,126,45,115070,67655,1.8304532932632107,462,293,12222,16527,32874,24539,3378,7917,48535,36056,5334,2663,537,365,3766,4324,29975,23943,2625,0,0,20179,8770,124,1348,162,2217,393,0,1097
890,1743,891.1165079939054,99825,914,651,126,45,115186,67741,1.8324768344603055,453,293,12237,16428,32673,24247,3595,8334,48536,36057,5832,2900,533,364,3706,4320,29743,24269,2616,0,0,19948,8654,123,1331,170,2426,445,0,1177
891,1743,892.0024417254464,99825,919,637,126,45,115287,67815,1.8342299023290758,447,272,12267,16301,32427,23953,3812,8790,48537,36058,6356,3151,532,363,3656,4314,29512,24572,2610,0,0,19707,8530,122,1310,190,2642,486,0,1279
892,1743,893.1187572585089,99825,887,617,126,45,115389,67888,1.8359829701978463,448,273,12310,16175,32173,23627,4054,9261,48538,36059,6905,3415,530,362,3611,4308,29249,24916,2604,0,0,19465,8393,121,1293,203,2870,516,0,1384
893,1743,894.0186577677481,99825,876,605,126,45,115476,67951,1.8374855997996493,448,262,12319,16033,31932,23288,4297,9765,48539,36060,7478,3693,529,361,3561,4311,28981,25252,2595,0,0,19197,8263,120,1277,219,3111,551,0,1497
894,1743,895.1531183907122,99825,858,594,126,45,115596,68030,1.8394790884047083,411,245,12359,15913,31685,22932,4559,10269,48540,36061,8073,3984,527,361,3500,4299,28694,25618,2589,0,0,18930,8126,120,1259,235,3358,598,0,1611
895,1743,896.0679520508598,99825,852,572,126,45,115695,68092,1.841091910843977,383,232,12354,15754,31438,22575,4845,10820,48541,36062,8689,4288,523,360,3454,4290,28405,25977,2586,0,0,18636,7988,120,1242,250,3635,636,0,1723
896,1743,897.2216057641328,99825,801,576,126,45,115790,68172,1.8428449787127472,391,227,12388,15624,31156,22180,5136,11346,48542,36063,9324,4604,520,360,3400,4287,28075,26387,2582,0,0,18375,7835,119,1222,264,3873,677,0,1849
897,1743,898.1526006779918,99825,776,559,126,45,115879,68220,1.8442173804157276,383,221,12367,15441,30907,21817,5439,11915,48543,36064,9976,4933,517,360,3329,4291,27768,26744,2574,0,0,18093,7688,118,1203,281,4155,737,0,1967
898,1743,899.0919197568719,99825,765,550,126,45,115982,68270,1.8457500626095666,369,233,12349,15265,30648,21412,5741,12493,48544,36065,10642,5274,515,356,3272,4291,27463,27108,2569,0,0,17796,7547,117,1175,306,4436,784,0,2090
899,1743,900.0391753186301,99825,770,528,126,45,116061,68300,1.8468419734535437,384,274,12389,15324,30610,21375,5719,12452,48544,36065,10642,5274,514,356,3272,4288,27464,27149,2564,0,0,17791,7529,117,1171,305,4433,783,0,2089
900,1743,900.0391753186301,99825,778,518,126,45,116093,68312,1.847282744803406,382,269,12305,15077,30348,21020,6059,13069,48544,36065,11321,5626,513,356,3212,4285,27130,27503,2562,1,3,17510,7391,117,1149,327,4702,840,1,2223
901,1743,901.2350969302079,99825,762,506,126,45,116215,68388,1.8492662158777862,409,283,12276,14909,30048,20597,6377,13658,48544,36065,12009,5988,511,356,3140,4279,26808,27908,2554,3,32,17143,7256,114,1131,342,5018,900,3,2327
902,1743,902.200993386435,99825,757,530,126,45,116318,68469,1.8511094415226648,423,263,12255,14708,29730,20185,6707,14267,48544,36065,12705,6360,509,356,3098,4271,26454,28314,2553,5,48,16802,7099,114,1115,357,5326,933,10,2461
903,1743,903.176641335746,99825,763,514,126,45,116428,68522,1.8527422990232907,426,275,12196,14523,29439,19781,7048,14860,48544,36065,13406,6742,508,355,3037,4280,26103,28721,2538,6,70,16469,6949,113,1095,376,5623,983,13,2586
904,1743,904.1619711930061,99824,734,520,126,46,116521,68603,1.854503926911364,447,266,12156,14332,29136,19375,7399,15459,48544,36065,14109,7132,506,353,2964,4276,25753,29147,2530,8,89,16116,6810,111,1076,393,5927,1047,16,2702
905,1743,905.1574161446003,99824,733,508,126,46,116628,68658,1.8561267831383235,429,290,12163,14117,28804,18998,7743,16039,48544,36065,14812,7529,505,349,2906,4273,25428,29544,2525,9,99,15775,6656,111,1051,416,6219,1096,21,2841
906,1743,906.1643250113516,99824,741,494,126,46,116736,68731,1.8579399743548646,425,290,12145,13941,28464,18627,8097,16600,48544,36065,15512,7933,502,348,2849,4265,25084,29957,2518,12,124,15446,6489,111,1030,432,6507,1146,27,2977
907,1743,907.183140438344,99824,746,490,126,46,116834,68800,1.859612918736977,414,295,12113,13762,28136,18221,8463,17184,48544,36065,16208,8343,500,347,2786,4257,24747,30370,2515,14,137,15134,6350,111,1004,454,6769,1199,34,3096
908,1743,908.2144733745273,99824,724,485,126,46,116930,68869,1.8612658278570284,411,292,12127,13568,27785,17856,8825,17751,48544,36065,16897,8757,500,347,2728,4248,24382,30817,2508,14,150,14822,6208,110,974,475,7038,1244,41,3218
909,1743,909.258816062797,99824,714,503,126,46,117038,68957,1.8632292835390287,401,275,12116,13363,27454,17501,9187,18310,48544,36065,17577,9175,498,344,2668,4246,24058,31218,2498,16,162,14479,6064,108,953,493,7337,1291,50,3341
910,1743,910.0508560886376,99824,712,507,126,46,117115,69016,1.8645916813591923,398,264,12046,13175,27144,17134,9572,18872,48544,36065,18246,9596,497,344,2607,4244,23688,31634,2493,17,170,14161,5935,106,942,501,7625,1348,57,3455
911,1743,911.1201956188496,99824,707,501,126,46,117207,69078,1.8661343965379067,418,268,11994,12986,26817,16797,9936,19400,48544,36065,18903,10018,497,342,2538,4240,23354,32028,2488,17,185,13860,5780,106,919,522,7887,1409,68,3584
912,1743,912.2022040225337,99824,688,505,126,46,117305,69147,1.8678073409200193,424,265,11961,12862,26501,16397,10298,19923,48544,36065,19546,10441,495,341,2481,4228,23042,32411,2484,19,194,13548,5655,104,889,547,8160,1458,79,3689
913,1743,913.0226254783075,99824,693,507,126,46,117388,69198,1.8691497034781215,410,261,11895,12676,26194,16050,10680,20458,48544,36065,20173,10864,495,338,2429,4226,22694,32815,2479,19,193,13258,5522,104,869,563,8413,1505,87,3815
914,1743,914.130848314106,99824,707,503,126,46,117506,69277,1.8711231767911525,409,270,11853,12523,25863,15719,11040,20937,48544,36065,20784,11286,494,338,2386,4221,22325,33256,2469,20,207,12959,5395,104,853,575,8669,1538,94,3921
915,1743,915.2531556010031,99824,729,485,126,46,117620,69347,1.8729664209007855,409,258,11848,12398,25509,15407,11377,21404,48544,36065,21378,11706,493,335,2330,4219,21978,33668,2462,21,229,12687,5271,104,829,596,8896,1589,103,4014
916,1743,916.1052261422124,99824,753,479,126,46,117731,69399,1.8745992947587755,404,264,11815,12249,25172,15084,11728,21876,48544,36065,21954,12123,491,332,2283,4220,21656,34052,2455,23,231,12410,5160,104,804,619,9129,1629,113,4113
917,1743,917.2575319259599,99824,771,484,126,46,117847,69485,1.8766228562269593,412,253,11793,12094,24833,14801,12063,22320,48544,36065,22511,12536,490,332,2231,4208,21356,34424,2448,24,246,12132,5037,104,779,639,9371,1670,124,4209
918,1743,918.1324720672594,99824,773,474,126,46,117949,69534,1.878135518512582,389,269,11761,11972,24532,14514,12417,22723,48544,36065,23049,12945,487,331,2186,4207,21049,34796,2440,27,252,11877,4915,104,760,653,9585,1706,136,4313
919,1743,919.0181980530381,99824,773,471,126,46,118030,69586,1.8794678634396538,386,280,11711,11847,24241,14249,12761,23105,48544,36065,23568,13349,484,331,2138,4209,20754,35136,2430,30,257,11616,4792,103,734,676,9818,1749,149,4418
920,1743,920.2146171809578,99824,771,477,126,46,118157,69668,1.881561548325052,378,274,11671,11780,23965,13964,13087,23457,48544,36065,24068,13747,483,328,2093,4205,20430,35532,2424,31,269,11368,4695,103,716,690,10017,1788,160,4492
921,1743,921.121844257273,99824,757,474,126,46,118249,69733,1.8831343163968586,371,269,11654,11661,23665,13733,13425,23815,48544,36065,24548,14138,483,326,2040,4196,20138,35905,2419,31,280,11134,4580,103,699,700,10203,1831,168,4588
922,1743,922.0405355640913,99824,737,476,126,46,118332,69792,1.8845568200032057,387,268,11619,11574,23381,13489,13748,24145,48544,36065,25009,14522,481,325,1987,4197,19839,36262,2410,33,287,10900,4486,103,692,703,10398,1878,181,4662
923,1743,923.2815005348099,99824,719,477,126,46,118443,69875,1.8865002404231448,396,279,11587,11528,23127,13241,14043,24427,48544,36065,25451,14899,478,324,1955,4195,19536,36643,2400,36,300,10671,4395,103,682,710,10574,1901,197,4724
924,1743,924.2218269974212,99824,711,469,126,46,118528,69928,1.8878826735053695,398,292,11573,11445,22858,13027,14332,24719,48544,36065,25874,15268,475,322,1906,4188,19289,36954,2393,39,303,10475,4303,103,659,731,10732,1942,211,4799
925,1743,925.1730365589497,99824,704,474,126,46,118621,70003,1.8895656355185126,384,273,11547,11384,22617,12844,14620,24977,48544,36065,26279,15629,474,320,1878,4183,19001,37302,2384,40,307,10277,4217,103,639,750,10895,1962,226,4866
926,1743,926.1351278947717,99824,695,462,126,46,118712,70062,1.8910682801731047,377,262,11542,11343,22357,12645,14901,25240,48544,36065,26666,15982,472,320,1836,4174,18752,37610,2378,42,318,10083,4137,103,627,757,11061,1993,239,4922
927,1743,927.1085207430132,99824,696,456,126,46,118810,70123,1.8926610835069724,385,250,11523,11308,22103,12468,15165,25470,48544,36065,27035,16326,469,320,1807,4166,18500,37926,2369,45,320,9907,4056,103,614,766,11199,2017,252,4988
928,1743,928.0930690365827,99824,703,456,126,46,118911,70185,1.8942939573649624,362,235,11510,11270,21865,12283,15432,25708,48544,36065,27387,16661,468,320,1767,4161,18299,38195,2362,46,318,9727,3976,103,600,774,11340,2046,269,5053
929,1743,929.088786857768,99824,679,452,126,46,118993,70245,1.8957164609713095,382,243,11505,11245,21630,12110,15676,25902,48544,36065,27723,16987,467,319,1747,4155,18094,38468,2355,47,322,9526,3899,103,591,781,11493,2062,285,5110
930,1743,930.0955924100472,99824,694,458,126,46,119100,70309,1.8974294758775445,372,243,11503,11200,21397,11966,15906,26085,48544,36065,28043,17304,467,315,1719,4149,17887,38738,2349,47,325,9365,3826,103,577,789,11619,2084,302,5163
931,1743,931.1133810106734,99824,675,439,126,46,119180,70366,1.8988018913287386,400,248,11511,11184,21156,11832,16130,26249,48544,36065,28348,17612,461,314,1696,4152,17662,39016,2339,53,338,9201,3750,103,565,797,11749,2100,316,5212
932,1743,932.1423552704232,99824,676,442,126,46,119271,70433,1.9003846770315755,397,243,11508,11156,20950,11704,16341,26407,48544,36065,28638,17911,460,313,1661,4149,17469,39271,2333,54,347,9037,3678,103,554,804,11873,2129,326,5263
933,1743,933.1816758955473,99824,688,433,126,46,119383,70498,1.9021577977239943,392,248,11492,11158,20758,11564,16542,26549,48544,36065,28914,18200,457,313,1644,4144,17282,39522,2329,56,354,8870,3612,103,548,808,11999,2137,342,5304
934,1743,934.2306845024367,99824,694,434,126,46,119498,70564,1.9039709889405354,385,245,11479,11171,20578,11435,16736,26667,48544,36065,29176,18480,455,310,1622,4135,17102,39767,2327,58,354,8725,3570,102,538,816,12106,2152,359,5326
935,1743,935.2895933843482,99824,681,439,126,46,119584,70622,1.9054135278089437,406,243,11503,11183,20368,11306,16914,26781,48544,36065,29425,18751,455,310,1593,4129,16941,39988,2321,58,361,8571,3514,102,528,822,12222,2176,368,5365
936,1743,936.0010978214184,99824,668,438,126,46,119647,70661,1.9064353261740663,402,247,11474,11160,20214,11193,17114,26914,48544,36065,29662,19013,455,310,1572,4117,16758,40213,2317,58,367,8451,3456,102,527,823,12324,2189,380,5405
937,1743,937.078920154826,99824,673,459,126,46,119748,70732,1.908158358711332,407,230,11517,11183,20026,11081,17249,26999,48544,36065,29887,19266,454,309,1543,4117,16593,40429,2309,59,378,8346,3389,101,520,826,12398,2213,389,5451
938,1743,938.1666583937475,99824,671,453,126,46,119855,70793,1.909841320724475,403,244,11545,11219,19861,10981,17392,27055,48544,36065,30101,19511,454,307,1519,4118,16451,40629,2300,57,383,8247,3333,101,513,832,12461,2230,407,5482
939,1743,939.2636018843807,99824,660,433,126,46,119951,70847,1.9113439653790671,399,236,11578,11240,19715,10902,17520,27141,48544,36065,30304,19747,451,304,1493,4117,16307,40844,2290,60,385,8133,3283,101,507,834,12534,2246,426,5509
940,1743,940.3690634578337,99824,665,432,126,46,120050,70909,1.912956803974996,393,249,11599,11275,19564,10809,17651,27187,48544,36065,30497,19975,449,304,1471,4113,16174,41040,2281,62,384,8028,3228,101,501,838,12605,2254,441,5550
941,1743,941.110903468649,99824,652,421,126,46,120120,70953,1.914098813912486,399,248,11584,11268,19435,10740,17802,27275,48544,36065,30680,20194,447,304,1456,4103,16054,41219,2278,64,385,7901,3189,101,494,841,12693,2266,458,5571
942,1743,942.2328644896228,99824,653,429,126,46,120224,71016,1.9157717582945986,390,258,11603,11298,19286,10650,17940,27317,48544,36065,30854,20405,443,302,1441,4106,15934,41397,2268,68,389,7796,3147,101,486,846,12758,2275,474,5593
943,1743,943.3630821760307,99824,622,426,126,46,120316,71084,1.9173745792594967,382,270,11660,11338,19174,10580,18034,27338,48544,36065,31019,20609,441,300,1424,4095,15824,41575,2262,70,398,7695,3098,100,483,848,12817,2288,487,5619
944,1743,944.1206780986589,99824,614,419,126,46,120380,71132,1.9184965539349255,371,259,11644,11356,19071,10519,18172,27399,48544,36065,31175,20805,438,297,1410,4089,15702,41744,2258,73,399,7618,3050,100,473,853,12873,2297,500,5650
945,1743,945.2653673956185,99824,637,424,126,46,120485,71211,1.9203397980445585,362,233,11692,11425,18918,10468,18263,27402,48544,36065,31324,20994,437,296,1392,4084,15586,41925,2252,74,394,7533,3013,99,470,854,12925,2300,513,5677
946,1743,946.0333053984074,99824,640,432,126,46,120567,71255,1.9216020195544157,327,239,11708,11461,18825,10392,18372,27428,48544,36065,31465,21176,437,296,1380,4079,15456,42089,2245,74,393,7465,2988,99,467,855,12978,2307,520,5696
947,1743,947.1931175913162,99824,660,433,126,46,120675,71332,1.9234552812950794,289,231,11741,11549,18730,10328,18452,27411,48544,36065,31599,21351,435,296,1365,4075,15359,42251,2237,76,391,7380,2963,99,459,860,13023,2314,540,5701
948,1743,948.3591079494767,99824,614,442,126,46,120743,71403,1.9248477320083346,310,221,11789,11635,18638,10260,18521,27394,48544,36065,31726,21519,434,295,1347,4060,15275,42424,2233,77,393,7289,2931,98,453,864,13061,2321,558,5711
949,1743,949.1397783919164,99824,605,450,126,46,120801,71454,1.9259396537906717,320,215,11791,11670,18543,10192,18613,27425,48544,36065,31847,21680,434,294,1326,4057,15194,42553,2228,77,390,7218,2910,98,443,871,13104,2336,566,5725
950,1743,950.3159134087716,99824,578,445,126,46,120857,71518,1.9271417695143453,369,222,11870,11744,18393,10159,18662,27382,48544,36065,31962,21835,430,294,1310,4052,15108,42703,2225,81,389,7144,2881,98,442,871,13128,2349,584,5735
951,1743,951.1000455853792,99824,572,426,126,46,120919,71557,1.9281535502484373,361,216,11902,11774,18297,10139,18740,27397,48544,36065,32071,21984,429,291,1293,4057,15010,42841,2219,82,387,7082,2863,98,435,876,13163,2360,596,5742
952,1743,952.2707642849746,99823,593,408,127,46,121023,71619,1.9298358093826071,336,208,11978,11872,18180,10118,18784,27346,48544,36065,32174,22127,429,289,1275,4054,14940,42979,2214,82,392,7014,2837,98,433,873,13188,2368,612,5746
953,1743,953.0497478230837,99823,572,417,127,46,121083,71670,1.9309477775662924,359,199,12000,11912,18096,10081,18844,27343,48544,36065,32272,22265,425,288,1268,4048,14868,43095,2209,86,394,6954,2806,96,431,874,13223,2371,623,5764
954,1743,954.2139303392405,99823,571,412,127,46,121167,71730,1.9323903308856676,367,201,12069,12012,17990,10035,18874,27292,48544,36065,32365,22397,424,287,1256,4037,14796,43228,2205,87,402,6906,2776,96,427,873,13243,2372,635,5773
955,1743,955.3763610622495,99823,567,398,127,46,121261,71780,1.933832884205043,349,206,12146,12103,17913,10002,18896,27243,48544,36065,32454,22524,423,285,1248,4035,14731,43355,2197,88,403,6849,2753,96,423,872,13264,2373,650,5778
956,1743,956.150725048318,99822,566,415,128,46,121322,71833,1.9349942898359078,340,207,12201,12163,17816,9943,18947,27224,48544,36065,32538,22646,421,285,1239,4030,14673,43451,2194,90,402,6791,2738,96,421,873,13300,2374,666,5778
957,1743,957.3087278388481,99822,547,394,128,46,121410,71889,1.9364368576065396,324,204,12275,12243,17749,9932,18975,27179,48544,36065,32618,22763,417,283,1228,4027,14605,43595,2184,94,409,6729,2718,96,413,878,13313,2378,679,5776
958,1743,958.0801107117754,99822,557,396,128,46,121476,71932,1.937528801266254,301,200,12307,12297,17675,9902,19030,27157,48544,36065,32694,22876,417,282,1221,4018,14539,43704,2181,94,412,6678,2700,96,411,877,13342,2381,682,5787
959,1743,959.2337636387208,99822,551,385,128,46,121554,71987,1.93886117288774,319,207,12380,12385,17591,9876,19029,27099,48544,36065,32767,22984,414,281,1213,4017,14480,43816,2176,97,417,6611,2683,96,410,876,13375,2382,692,5786
960,1743,960.0028298817215,99822,561,395,128,46,121622,72035,1.9400232413696379,292,195,12413,12429,17538,9858,19066,27075,48544,36065,32836,23088,413,280,1204,4016,14424,43910,2168,98,418,6578,2664,96,408,876,13387,2386,700,5796
961,1743,961.1541721441179,99822,552,382,128,46,121705,72083,1.9413355773276433,303,219,12474,12513,17469,9848,19072,26990,48544,36065,32902,23188,413,279,1193,4009,14377,44028,2160,98,422,6543,2646,96,405,877,13375,2392,711,5798
962,1743,962.3050090713413,99822,541,383,128,46,121784,72151,1.9428081985934964,294,213,12565,12618,17403,9832,19067,26906,48544,36065,32965,23284,413,277,1186,4009,14305,44152,2152,98,427,6501,2627,96,403,877,13384,2395,723,5797
963,1743,963.0726113544423,99822,536,383,128,46,121843,72191,1.9437999639358057,277,201,12604,12685,17355,9811,19098,26872,48544,36065,33025,23376,413,276,1181,4013,14252,44247,2142,98,429,6463,2610,95,399,878,13396,2396,734,5800
964,1743,964.2223259646881,99822,526,379,128,46,121914,72253,1.945132335557292,277,197,12700,12802,17286,9784,19081,26790,48544,36065,33082,23464,410,274,1170,4006,14231,44330,2137,101,432,6420,2597,95,395,880,13398,2402,750,5794
965,1743,965.372934962182,99822,510,380,128,46,121986,72317,1.9464947606739997,277,192,12765,12911,17229,9765,19089,26704,48544,36065,33136,23549,408,274,1164,4003,14175,44430,2132,103,435,6387,2584,95,391,880,13404,2404,774,5779
966,1743,966.1399683659936,99822,516,367,128,46,122046,72353,1.9474564725210874,275,195,12800,12979,17175,9754,19104,26657,48544,36065,33188,23631,407,272,1155,3998,14145,44504,2129,104,439,6346,2572,95,388,881,13422,2407,778,5780
967,1743,967.289790121675,99822,525,353,128,46,122131,72403,1.9488088798060548,277,189,12882,13083,17094,9755,19092,26572,48544,36065,33237,23709,407,272,1144,3994,14120,44588,2126,104,441,6311,2556,95,381,881,13424,2409,789,5780
968,1743,968.0567018487684,99822,508,338,128,46,122181,72428,1.9495602171865922,291,192,12931,13129,17046,9741,19094,26552,48544,36065,33284,23784,406,271,1138,3991,14072,44677,2123,105,442,6276,2541,95,377,883,13434,2410,795,5786
969,1743,969.2068593365899,99822,501,325,128,46,122263,72480,1.950902606639819,276,195,13006,13233,17006,9757,19081,26442,48544,36065,33329,23856,405,270,1124,3982,14039,44773,2119,106,449,6240,2522,95,374,882,13435,2415,811,5781
970,1743,970.3582684520154,99822,487,323,128,46,122335,72532,1.9521448177756406,287,189,13095,13333,16946,9737,19055,26370,48544,36065,33372,23926,405,267,1115,3978,14015,44863,2114,105,453,6199,2510,95,372,884,13438,2410,819,5780
971,1743,971.1267119340756,99822,509,321,128,46,122400,72564,1.953116547454469,276,181,13134,13390,16895,9728,19056,26332,48544,36065,33413,23993,403,267,1110,3975,13991,44921,2110,106,455,6165,2499,94,370,885,13455,2409,827,5780
972,1743,972.2796698083871,99822,481,312,128,46,122472,72616,1.9543587585902906,283,180,13211,13494,16878,9733,19017,26233,48544,36065,33452,24057,400,266,1105,3970,13954,45017,2105,108,457,6137,2489,93,369,884,13447,2408,838,5775
973,1743,973.0497476380457,99822,501,315,128,46,122541,72653,1.9554206487547836,258,165,13265,13563,16823,9728,19023,26181,48544,36065,33489,24119,399,266,1100,3966,13918,45079,2102,109,461,6116,2478,93,368,884,13454,2409,845,5775
974,1743,974.2049550536617,99822,507,327,128,46,122616,72712,1.9567630382080103,259,151,13355,13673,16764,9707,18985,26094,48544,36065,33525,24178,398,266,1090,3956,13893,45148,2100,109,468,6093,2464,93,365,884,13458,2411,856,5770
975,1743,975.3622073300381,99822,504,319,128,46,122700,72759,1.9580753741660155,254,149,13448,13766,16726,9706,18938,26012,48544,36065,33559,24235,397,266,1084,3954,13865,45230,2090,110,470,6061,2452,93,365,884,13458,2408,869,5766
976,1743,976.1353434806317,99822,483,306,128,46,122747,72782,1.9587766223878504,248,154,13514,13843,16697,9691,18928,25958,48544,36065,33591,24290,397,264,1074,3955,13845,45288,2083,110,471,6041,2441,93,362,883,13455,2416,876,5768
977,1743,977.2967498613963,99822,459,295,128,46,122812,72819,1.9597984412253813,238,161,13604,13948,16676,9690,18893,25858,48544,36065,33622,24343,395,263,1070,3958,13809,45368,2074,111,476,6016,2432,92,358,883,13454,2415,886,5762
978,1743,978.0724474926348,99822,458,287,128,46,122858,72846,1.9605297429424375,242,161,13667,14020,16628,9687,18875,25797,48544,36065,33652,24394,395,263,1066,3950,13784,45422,2071,111,481,5996,2420,92,355,884,13463,2414,892,5763
979,1743,979.2376477063411,99822,446,292,128,46,122921,72897,1.9616717757608544,246,164,13765,14141,16588,9668,18825,25687,48544,36065,33680,24443,393,261,1060,3948,13758,45489,2065,113,484,5978,2411,92,354,884,13454,2418,906,5754
980,1743,980.0161908867052,99822,446,292,128,46,122963,72928,1.9624030774779107,248,160,13825,14213,16550,9650,18801,25637,48544,36065,33707,24490,392,260,1056,3942,13737,45547,2064,114,485,5955,2406,92,353,881,13457,2418,911,5752
981,1743,981.1858538432452,99822,432,299,128,46,123029,72979,1.963575163791549,252,151,13938,14322,16504,9647,18744,25533,48544,36065,33733,24535,391,260,1053,3940,13701,45624,2059,115,490,5936,2395,92,350,879,13449,2419,920,5749
982,1743,982.35928802262,99822,444,299,128,46,123115,73028,1.9649275710765162,229,146,14055,14438,16456,9644,18686,25425,48544,36065,33758,24579,390,260,1047,3932,13680,45693,2056,116,495,5917,2384,91,349,879,13437,2422,926,5748
983,1743,983.1437720871758,99822,431,303,128,46,123148,73063,1.9656087836348701,244,143,14106,14502,16411,9632,18678,25372,48544,36065,33782,24621,390,259,1045,3927,13652,45752,2055,116,496,5897,2378,91,348,878,13439,2422,931,5746
984,1743,984.3214441200411,99822,441,294,128,46,123234,73094,1.9667808699485083,225,146,14183,14620,16385,9616,18636,25276,48544,36065,33805,24661,390,259,1042,3922,13628,45819,2050,116,503,5880,2365,91,346,877,13429,2422,937,5746
985,1743,985.1081778560376,99822,439,303,128,46,123282,73128,1.9676023321512293,208,141,14250,14711,16357,9597,18616,25200,48544,36065,33827,24700,390,258,1041,3918,13615,45861,2047,115,504,5858,2355,91,345,878,13433,2422,942,5749
986,1743,986.2899417076055,99822,431,291,128,46,123350,73163,1.9686341688205005,214,148,14341,14816,16320,9585,18564,25112,48544,36065,33848,24738,389,257,1036,3909,13604,45924,2044,116,509,5838,2346,91,343,879,13425,2418,948,5746
987,1743,987.0796983705354,99822,425,287,128,46,123387,73195,1.9693253992105948,231,146,14387,14875,16285,9591,18542,25053,48544,36065,33868,24774,389,257,1035,3904,13581,45974,2042,116,512,5823,2337,91,342,879,13425,2416,958,5741
988,1743,988.2661857669682,99822,408,300,128,46,123465,73250,1.9706577708320812,207,138,14473,15010,16292,9561,18490,24943,48544,36065,33887,24809,387,257,1031,3899,13568,46037,2036,118,513,5804,2332,90,340,877,13417,2414,971,5731
989,1743,989.0592336972044,99822,387,290,128,46,123504,73278,1.9713289655586945,206,138,14524,15070,16286,9564,18467,24890,48544,36065,33906,24843,386,257,1027,3898,13557,46086,2031,119,515,5785,2324,89,338,878,13409,2415,978,5730
990,1743,990.2513436689025,99822,381,278,128,46,123558,73312,1.9722105347518584,215,146,14625,15170,16239,9546,18410,24812,48544,36065,33924,24875,386,257,1024,3897,13528,46140,2027,119,516,5774,2316,88,337,879,13406,2415,990,5723
991,1743,991.0481424121666,99822,371,273,128,46,123602,73345,1.9729819077958766,200,138,14694,15264,16231,9537,18374,24740,48544,36065,33941,24906,384,257,1021,3893,13519,46191,2026,121,519,5750,2308,88,335,881,13400,2412,995,5722
992,1743,992.2465930471931,99822,359,266,128,46,123654,73382,1.973873494820781,202,148,14782,15374,16210,9529,18317,24635,48544,36065,33957,24936,384,254,1019,3890,13505,46248,2023,121,520,5731,2303,88,334,880,13398,2409,998,5717
993,1743,993.0478438329349,99822,370,266,128,46,123693,73412,1.9745647252108753,198,145,14849,15455,16174,9535,18279,24551,48544,36065,33973,24965,384,254,1018,3887,13496,46283,2022,121,519,5714,2298,88,334,880,13397,2408,1004,5715
994,1743,994.2525475149761,99822,355,273,128,46,123741,73460,1.9755264370579633,201,130,14967,15557,16138,9525,18209,24467,48544,36065,33988,24993,384,254,1016,3879,13483,46340,2021,121,521,5697,2293,87,332,880,13385,2407,1011,5711
995,1743,995.0584878216371,99822,372,269,128,46,123786,73487,1.976247720943279,197,137,15033,15620,16095,9521,18173,24405,48544,36065,34003,25020,382,254,1013,3874,13469,46381,2021,123,519,5687,2291,87,332,880,13377,2407,1019,5706
996,1743,996.2704393036481,99822,378,253,128,46,123848,73518,1.9771793792951453,214,156,15131,15745,16050,9507,18097,24291,48544,36065,34017,25046,379,253,1009,3866,13462,46435,2016,126,523,5671,2284,87,332,879,13368,2407,1022,5703
997,1743,997.0809008145211,99822,370,263,128,46,123880,73552,1.9778405561900183,218,154,15195,15814,16021,9494,18066,24227,48544,36065,34030,25071,379,253,1006,3857,13456,46465,2014,126,523,5663,2280,87,332,877,13369,2407,1028,5700
998,1743,998.2995163576479,99822,367,258,128,46,123936,73601,1.9788924285227705,213,152,15314,15917,15981,9505,17995,24120,48544,36065,34043,25095,378,253,1001,3858,13449,46519,2010,126,522,5643,2276,87,331,875,13356,2407,1037,5694
999,1743,999.1146738275872,99822,375,240,128,46,124001,73622,1.9797539620524534,178,151,15376,16011,15979,9496,17962,24054,48544,36065,34055,25118,376,253,997,3856,13446,46557,2007,128,526,5626,2269,86,328,875,13354,2406,1040,5692
1000,1743,1000.3408667250474,99822,358,262,128,46,124050,73671,1.9807357095630223,181,138,15500,16131,15933,9477,17898,23944,48544,36065,34067,25141,376,253,996,3854,13432,46606,2001,128,527,5614,2266,86,328,874,13348,2401,1040,5692
1001,1743,1001.1610534806025,99822,351,264,128,46,124090,73705,1.981477029111819,183,132,15557,16216,15913,9475,17866,23865,48544,36065,34079,25163,376,252,994,3846,13431,46640,1999,128,529,5600,2258,86,328,873,13346,2399,1050,5687
1002,1743,1002.3941270925177,99822,368,272,128,46,124164,73762,1.9827893650698243,176,109,15680,16338,15858,9468,17788,23765,48544,36065,34090,25184,376,252,992,3846,13420,46686,1994,128,531,5586,2252,86,327,872,13336,2398,1057,5683
1003,1743,1003.2188572934018,99822,352,266,128,46,124193,73781,1.9832702209933681,185,117,15752,16416,15828,9456,17753,23697,48544,36065,34101,25204,376,252,991,3844,13408,46721,1989,128,532,5576,2248,86,327,872,13333,2396,1062,5681
1004,1743,1004.045681567827,99822,341,257,128,46,124226,73798,1.9837711125803932,197,120,15808,16490,15807,9447,17717,23638,48544,36065,34111,25224,376,252,986,3846,13393,46763,1985,127,533,5570,2245,85,327,871,13323,2396,1065,5679
1005,1743,1005.2892745791169,99822,320,241,128,46,124275,73824,1.9845224499609304,198,130,15921,16602,15783,9427,17648,23552,48544,36065,34121,25243,376,252,983,3836,13386,46812,1984,127,537,5560,2240,85,326,868,13313,2393,1073,5671
1006,1743,1006.1211058837044,99822,325,243,128,46,124314,73851,1.9851836268558034,196,121,16003,16674,15742,9415,17604,23499,48544,36065,34131,25261,375,252,983,3834,13384,46840,1983,128,537,5549,2235,85,324,869,13304,2391,1078,5671
1007,1743,1007.3728522146946,99822,326,247,128,46,124365,73900,1.986185410029853,191,108,16119,16805,15703,9404,17531,23388,48544,36065,34140,25279,374,251,983,3824,13384,46883,1981,129,541,5539,2225,85,323,869,13289,2388,1088,5666
1008,1743,1008.2102699414005,99822,327,231,128,46,124411,73919,1.9868365690929854,189,114,16188,16863,15676,9407,17490,23337,48544,36065,34149,25296,374,250,980,3823,13381,46921,1978,128,541,5532,2223,85,321,868,13276,2388,1091,5662
1009,1743,1009.0497414450429,99822,332,224,128,46,124451,73932,1.9873675141752318,179,129,16250,16919,15654,9392,17455,23288,48544,36065,34158,25313,374,250,980,3825,13365,46949,1975,128,544,5523,2219,84,321,868,13279,2385,1094,5659
1010,1743,1010.3122487607706,99822,323,226,128,46,124494,73969,1.9881689407144718,184,125,16349,17050,15627,9377,17387,23174,48544,36065,34166,25329,373,248,978,3823,13364,46982,1973,128,548,5514,2211,83,321,865,13273,2383,1106,5649
1011,1743,1011.1567010654974,99822,311,223,128,46,124535,73992,1.9888100819458636,175,132,16431,17134,15615,9367,17338,23096,48544,36065,34174,25345,373,247,974,3816,13373,47008,1972,128,551,5498,2207,83,320,864,13272,2381,1109,5646
1012,1743,1012.0036421985369,99822,305,230,128,46,124563,74026,1.9894311875137745,191,123,16503,17213,15582,9358,17289,23028,48544,36065,34182,25360,372,247,973,3813,13363,47038,1970,129,552,5490,2204,83,320,862,13270,2379,1115,5642
1013,1743,1013.2786473280437,99822,318,232,128,46,124632,74066,1.9905231311734888,169,117,16602,17334,15549,9344,17232,22925,48544,36065,34189,25375,370,247,971,3808,13363,47079,1968,130,555,5477,2201,83,320,861,13256,2376,1122,5635
1014,1743,1014.1310396263783,99822,312,230,128,46,124668,74087,1.991094147582697,170,123,16663,17411,15528,9328,17197,22860,48544,36065,34196,25389,370,247,970,3807,13351,47114,1966,129,555,5472,2201,83,319,859,13249,2374,1126,5630
1015,1743,1015.4132646857493,99822,304,237,128,46,124719,74131,1.9920458415980444,185,124,16775,17516,15503,9313,17103,22762,48544,36065,34203,25403,370,246,967,3806,13346,47149,1962,129,559,5461,2195,83,319,859,13244,2372,1128,5627
1016,1743,1016.2717921501782,99822,300,230,128,46,124754,74153,1.992616858007253,186,130,16836,17593,15487,9303,17061,22696,48544,36065,34210,25416,369,246,967,3800,13341,47178,1959,130,563,5453,2188,83,319,858,13241,2370,1134,5623
1017,1743,1017.1325665044377,99822,306,235,128,46,124795,74181,1.9933080883973473,185,124,16916,17676,15445,9290,17018,22627,48544,36065,34217,25429,369,246,964,3799,13337,47201,1955,130,568,5447,2180,82,319,858,13237,2371,1139,5620
1018,1743,1018.4277808687713,99822,318,243,128,46,124868,74224,1.9944701568792451,161,122,17044,17782,15408,9270,16939,22535,48544,36065,34223,25442,368,244,961,3792,13336,47242,1952,131,568,5440,2178,82,319,857,13222,2370,1144,5616
1019,1743,1019.290788940682,99822,307,238,128,46,124894,74252,1.9950111197932319,164,118,17117,17861,15387,9264,16895,22471,48544,36065,34229,25454,367,244,955,3788,13337,47273,1951,131,571,5432,2172,82,318,856,13212,2370,1146,5617
1020,1743,1020.1500393352952,99822,291,238,128,46,124919,74278,1.9955220292119973,171,117,17206,17941,15357,9254,16845,22402,48544,36065,34235,25466,367,244,955,3785,13329,47305,1950,131,573,5427,2166,82,316,855,13204,2368,1150,5615
1021,1743,1021.0050200849892,99822,300,235,128,46,124960,74303,1.9961832061068703,162,123,17270,17999,15335,9255,16803,22340,48544,36065,34241,25477,367,244,954,3777,13324,47335,1949,131,573,5421,2163,82,316,855,13197,2368,1153,5613
1022,1743,1022.2808525904668,99822,296,236,128,46,125006,74342,1.9970347218048126,155,127,17408,18098,15282,9261,16729,22230,48544,36065,34247,25488,366,244,952,3771,13320,47371,1945,132,577,5412,2158,82,315,855,13189,2367,1162,5604
1023,1743,1023.1260158795441,99822,281,240,128,46,125029,74372,1.997565666887059,168,115,17489,18186,15264,9249,16668,22162,48544,36065,34252,25499,366,244,949,3772,13316,47396,1941,132,580,5405,2155,81,315,855,13182,2367,1167,5599
1024,1743,1024.386611340814,99822,297,241,128,46,125092,74417,1.9986475927150327,161,106,17587,18290,15226,9251,16599,22064,48544,36065,34257,25509,366,243,948,3771,13312,47433,1936,132,581,5396,2153,81,315,855,13173,2362,1177,5588
1025,1743,1025.2229265307983,99822,297,247,128,46,125129,74448,1.9993288052733866,168,107,17642,18366,15208,9239,16555,21993,48544,36065,34262,25519,366,243,947,3771,13305,47461,1934,132,585,5388,2148,81,314,853,13168,2360,1185,5581
1026,1743,1026.056500233661,99822,292,241,128,46,125153,74475,1.999839714692152,187,104,17702,18427,15179,9246,16510,21934,48544,36065,34267,25529,365,243,946,3771,13302,47487,1932,133,585,5383,2146,80,314,852,13158,2359,1191,5575
1027,1743,1027.3012353234872,99822,295,234,128,46,125209,74500,2.0006511590631324,184,110,17796,18549,15153,9224,16442,21835,48544,36065,34272,25539,365,243,945,3767,13288,47526,1929,133,585,5376,2145,79,314,852,13155,2355,1198,5567
1028,1743,1028.1273922535486,99822,318,229,128,46,125255,74525,2.001362425116708,174,104,17869,18618,15113,9230,16396,21771,48544,36065,34277,25548,365,243,943,3766,13294,47545,1927,133,589,5363,2139,79,314,852,13150,2354,1201,5565
1029,1743,1029.3608760124057,99822,303,225,128,46,125302,74555,2.002133798160726,177,104,17955,18761,15099,9219,16336,21643,48544,36065,34281,25557,363,243,941,3766,13291,47581,1923,135,587,5355,2139,79,314,852,13140,2348,1207,5558
1030,1743,1030.1797604339042,99822,308,220,128,46,125338,74581,2.002754903728637,175,102,18001,18842,15085,9214,16301,21574,48544,36065,34285,25566,363,243,940,3764,13289,47607,1922,135,588,5350,2137,77,314,851,13132,2344,1213,5553
1031,1743,1031.4039041749074,99822,309,211,128,46,125390,74611,2.003576365931358,167,101,18104,18954,15051,9216,16239,21470,48544,36065,34289,25574,363,242,939,3760,13278,47653,1919,135,590,5340,2133,77,314,851,13121,2341,1216,5550
1032,1743,1032.2162880223036,99822,319,201,128,46,125430,74627,2.004137364508826,168,112,18160,19044,15025,9208,16198,21387,48544,36065,34293,25582,363,242,937,3759,13283,47673,1916,135,591,5327,2130,77,314,850,13116,2341,1220,5548
1033,1743,1033.0262712456215,99822,311,207,128,46,125462,74648,2.004668309591072,163,107,18230,19115,15002,9194,16164,21329,48544,36065,34297,25590,363,242,936,3755,13281,47701,1914,135,594,5323,2126,77,313,850,13104,2339,1221,5548
1034,1743,1034.235691229078,99822,307,197,128,46,125513,74674,2.0054396826350906,165,112,18328,19210,14975,9196,16095,21237,48544,36065,34301,25598,363,240,933,3750,13282,47741,1912,135,596,5309,2123,77,313,850,13092,2337,1226,5543
1035,1743,1035.03840414885,99822,292,190,128,46,125544,74696,2.005970627717337,166,106,18404,19287,14956,9196,16052,21173,48544,36065,34305,25606,363,239,931,3752,13278,47768,1908,135,596,5304,2120,77,312,849,13085,2336,1232,5537
1036,1743,1036.2364012458931,99822,295,186,128,46,125594,74726,2.006772054256577,151,97,18513,19394,14929,9184,15982,21091,48544,36065,34309,25613,363,239,931,3746,13268,47809,1908,135,597,5299,2117,77,311,848,13072,2333,1234,5535
1037,1743,1037.0314768643636,99822,282,185,128,46,125622,74741,2.0072028210214183,151,98,18578,19475,14922,9165,15937,21029,48544,36065,34313,25620,363,239,929,3740,13265,47836,1908,135,597,5293,2116,77,310,848,13064,2332,1237,5533
1038,1743,1038.2188837981835,99822,268,194,128,46,125657,74771,2.0078539800845503,165,89,18663,19581,14901,9153,15873,20935,48544,36065,34316,25627,361,239,928,3733,13261,47862,1907,137,599,5290,2113,77,310,847,13057,2332,1237,5532
1039,1743,1039.007569130951,99822,286,188,128,46,125702,74788,2.0084750856524614,148,89,18722,19650,14877,9148,15837,20877,48544,36065,34319,25634,361,239,928,3733,13254,47885,1905,137,601,5283,2110,77,309,847,13053,2331,1240,5529
1040,1743,1040.1857188598995,99822,281,179,128,46,125754,74814,2.00925647652822,146,95,18825,19765,14845,9133,15773,20780,48544,36065,34322,25641,361,238,928,3730,13256,47921,1901,137,601,5273,2108,77,308,847,13042,2327,1243,5524
1041,1743,1041.3578097831335,99822,276,173,128,46,125800,74835,2.0099276712548337,148,114,18912,19870,14825,9111,15709,20684,48544,36065,34325,25647,361,237,925,3722,13256,47952,1901,136,603,5266,2104,77,307,847,13033,2327,1243,5525
1042,1743,1042.1361446222768,99822,273,183,128,46,125833,74863,2.010538758991004,149,105,18966,19953,14812,9095,15670,20616,48544,36065,34328,25653,361,237,925,3718,13256,47975,1900,136,604,5261,2100,76,307,845,13024,2326,1248,5523
1043,1743,1043.2994223093592,99822,267,178,128,46,125872,74890,2.0111999358858768,141,103,19063,20058,14792,9074,15607,20539,48544,36065,34331,25659,360,236,922,3717,13262,47997,1896,137,607,5250,2097,75,307,845,13017,2326,1254,5517
1044,1743,1044.0717045315605,99822,268,183,128,46,125894,74915,2.0116707739776802,140,91,19130,20123,14765,9070,15567,20485,48544,36065,34334,25665,360,236,922,3715,13251,48020,1896,137,608,5244,2096,75,307,844,13017,2325,1255,5514
1045,1743,1045.2254238181583,99822,267,179,128,46,125939,74939,2.0123620043677746,131,91,19208,20244,14747,9055,15517,20383,48544,36065,34337,25671,360,235,921,3712,13253,48044,1895,137,608,5236,2095,75,307,844,13007,2324,1261,5508
1046,1743,1046.3743921603989,99822,252,171,128,46,125971,74964,2.012933020776983,140,87,19301,20330,14721,9061,15456,20303,48544,36065,34340,25677,359,234,919,3714,13247,48080,1892,138,611,5228,2091,75,307,843,12994,2321,1264,5505
1047,1743,1047.1373096504185,99822,244,164,128,46,125994,74981,2.013333734046603,146,87,19352,20410,14714,9055,15414,20236,48544,36065,34343,25682,359,233,915,3710,13255,48101,1890,138,615,5221,2087,75,306,842,12984,2322,1270,5499
1048,1743,1048.2778667270145,99822,231,164,128,46,126029,75008,2.013954839614514,139,92,19457,20517,14699,9046,15344,20133,48544,36065,34346,25687,359,233,913,3707,13252,48131,1889,138,615,5215,2085,75,304,841,12977,2320,1274,5494
1049,1743,1049.0349395815504,99822,228,172,128,46,126052,75033,2.0144356955380576,142,80,19523,20584,14684,9038,15293,20078,48544,36065,34349,25692,359,233,911,3706,13256,48144,1886,138,617,5210,2083,74,304,841,12973,2320,1274,5493
1050,1743,1050.165975409084,99822,249,163,128,46,126101,75056,2.0151569794233737,129,76,19610,20673,14650,9033,15232,20007,48544,36065,34351,25697,359,233,910,3699,13260,48167,1886,138,617,5206,2081,74,302,841,12964,2317,1278,5490
1051,1743,1051.2917257596532,99822,254,157,128,46,126139,75077,2.015748031496063,130,77,19712,20764,14604,9027,15170,19927,48544,36065,34353,25702,359,233,910,3696,13259,48192,1885,138,620,5202,2077,74,302,841,12950,2317,1281,5486
1052,1743,1052.0391374005899,99822,236,153,128,46,126154,75092,2.016048566448278,135,70,19786,20830,14589,9022,15124,19877,48544,36065,34355,25707,359,233,909,3699,13251,48217,1881,138,620,5200,2077,74,302,840,12941,2315,1284,5482
1053,1743,1053.155181829765,99822,220,147,128,46,126183,75110,2.016519404540081,136,75,19872,20931,14565,9013,15077,19786,48544,36065,34357,25712,357,233,909,3698,13244,48254,1877,140,619,5193,2076,74,302,839,12927,2314,1284,5482
1054,1743,1054.2664580929988,99822,224,141,128,46,126226,75125,2.0171004387810303,116,81,19977,21038,14527,8994,15026,19698,48544,36065,34359,25717,355,233,909,3701,13231,48279,1873,142,622,5190,2072,73,302,839,12922,2313,1289,5477
1055,1743,1055.0042549897812,99822,220,137,128,46,126247,75138,2.0174410450602074,125,88,20020,21114,14510,8983,14995,19630,48544,36065,34361,25721,355,232,906,3705,13229,48299,1870,141,623,5188,2070,73,302,838,12916,2309,1290,5476
1056,1743,1056.1074110922675,99822,220,142,128,46,126282,75162,2.0180320971328967,119,83,20131,21209,14470,8963,14930,19555,48544,36065,34363,25725,355,232,905,3706,13222,48328,1867,141,623,5181,2070,73,301,838,12907,2308,1292,5473
1057,1743,1057.2048570943243,99822,219,145,128,46,126313,75180,2.018522970888181,120,82,20223,21303,14440,8943,14868,19479,48544,36065,34365,25729,355,231,905,3703,13221,48349,1865,141,624,5176,2068,73,300,838,12902,2305,1294,5472
1058,1743,1058.2975082977275,99822,214,149,128,46,126341,75207,2.0190739516339082,127,78,20319,21409,14403,8920,14807,19396,48544,36065,34367,25733,355,231,905,3703,13217,48371,1862,141,626,5172,2066,73,299,838,12896,2301,1301,5465
1059,1743,1059.0228761906735,99822,215,150,128,46,126364,75220,2.019434593576566,116,80,20393,21473,14386,8906,14760,19343,48544,36065,34369,25737,355,231,905,3699,13217,48385,1860,141,627,5169,2065,73,297,838,12893,2301,1303,5463
1060,1743,1060.1061477866888,99822,216,154,128,46,126395,75247,2.020015627817515,115,67,20481,21570,14358,8888,14700,19273,48544,36065,34371,25741,355,231,905,3697,13208,48419,1859,141,627,5164,2064,73,297,838,12879,2300,1304,5461
1061,1743,1061.1846929484138,99822,219,147,128,46,126426,75264,2.0204964837410593,110,65,20580,21668,14315,8875,14646,19197,48544,36065,34373,25745,355,231,905,3699,13206,48441,1857,141,628,5161,2063,72,297,838,12868,2297,1304,5459
1062,1743,1062.258496234695,99822,211,146,128,46,126460,75287,2.0210675001502674,104,60,20676,21767,14281,8864,14598,19115,48544,36065,34375,25749,355,231,905,3693,13209,48463,1855,141,629,5153,2061,72,297,838,12862,2295,1304,5459
1063,1743,1063.3275861425648,99822,207,133,128,46,126485,75304,2.0214882490833683,101,68,20757,21836,14262,8858,14543,19057,48544,36065,34377,25753,355,231,904,3690,13210,48486,1854,141,632,5148,2058,72,297,837,12852,2294,1312,5449
1064,1743,1064.037865910915,99822,200,131,128,46,126496,75315,2.021708641381659,101,66,20821,21889,14244,8858,14504,19008,48544,36065,34379,25757,355,230,904,3691,13207,48502,1853,141,633,5144,2057,72,296,837,12845,2294,1314,5447
1065,1743,1065.0996905289949,99822,196,131,128,46,126524,75334,2.0221794794734627,113,71,20887,21985,14230,8850,14444,18915,48544,36065,34381,25761,355,230,902,3691,13201,48527,1850,141,634,5140,2055,72,296,837,12838,2294,1315,5444
1066,1743,1066.1576054851841,99822,209,127,128,46,126561,75351,2.02272044238745,100,67,20981,22077,14193,8838,14387,18843,48544,36065,34383,25764,355,230,902,3689,13201,48544,1850,141,634,5134,2055,72,296,837,12830,2293,1319,5440
1067,1743,1067.2109912793833,99822,204,124,128,46,126589,75365,2.0231411913205504,106,78,21073,22160,14157,8815,14330,18775,48544,36065,34385,25767,355,230,902,3688,13200,48567,1848,141,638,5130,2050,72,296,836,12817,2292,1323,5437
1068,1743,1068.2598983495407,99822,203,125,128,46,126619,75385,2.0236420829075756,108,72,21160,22257,14123,8796,14276,18702,48544,36065,34387,25770,355,229,901,3692,13192,48590,1845,141,641,5127,2046,72,296,835,12809,2290,1325,5436
1069,1743,1069.3043584483012,99822,198,122,128,46,126641,75403,2.0240427961771954,113,74,21253,22338,14095,8780,14211,18638,48544,36065,34389,25773,355,229,901,3691,13183,48613,1845,141,642,5126,2044,72,295,834,12801,2289,1331,5430
1070,1743,1070.3442939943848,99822,200,122,128,46,126666,75419,2.0244535272785558,115,83,21338,22405,14054,8759,14163,18583,48544,36065,34391,25776,354,229,898,3690,13181,48627,1845,141,643,5123,2042,72,295,834,12797,2290,1331,5430
1071,1743,1071.0353705292366,99822,196,127,128,46,126685,75432,2.0247740978942517,115,81,21403,22453,14036,8742,14120,18549,48544,36065,34393,25779,354,229,898,3688,13182,48641,1844,141,643,5118,2042,72,295,834,12792,2288,1332,5429
1072,1743,1072.0681531137966,99822,207,121,128,46,126719,75451,2.0253050429764983,114,78,21479,22531,13999,8729,14071,18493,48544,36065,34395,25782,353,228,898,3687,13173,48663,1844,142,646,5115,2038,72,295,834,12786,2286,1334,5428
1073,1743,1073.0970397632668,99822,207,120,128,46,126750,75472,2.0258259702270043,102,73,21572,22600,13971,8717,14018,18442,48544,36065,34397,25785,353,227,894,3687,13175,48687,1840,142,649,5112,2034,72,294,834,12775,2285,1333,5429
1074,1743,1074.1216667268266,99822,198,118,128,46,126770,75491,2.0262166656648835,110,76,21644,22677,13945,8694,13973,18387,48544,36065,34398,25788,353,227,893,3686,13174,48706,1838,142,651,5108,2032,72,294,834,12768,2283,1338,5423
1075,1743,1075.1429534861422,99822,200,124,128,46,126800,75515,2.02675762857887,109,68,21719,22765,13919,8676,13923,18319,48544,36065,34399,25791,353,227,892,3688,13175,48723,1834,141,650,5106,2032,72,293,833,12759,2283,1341,5420
1076,1743,1076.1605047140636,99822,199,119,128,46,126830,75527,2.027178377511971,121,70,21803,22846,13892,8661,13855,18256,48544,36065,34400,25794,353,226,892,3685,13174,48743,1834,141,653,5102,2029,72,292,833,12749,2283,1341,5420
1077,1743,1077.174125428615,99822,201,115,128,46,126862,75539,2.0276191621085533,113,72,21865,22943,13875,8640,13816,18182,48544,36065,34401,25797,353,226,890,3685,13172,48759,1830,141,656,5100,2025,72,292,832,12745,2283,1347,5414
1078,1743,1078.1848473553334,99822,216,122,128,46,126896,75556,2.0281300715273187,103,72,21947,23018,13849,8616,13755,18124,48544,36065,34402,25800,353,226,890,3683,13170,48765,1830,141,657,5100,2024,72,292,832,12743,2283,1351,5410
1079,1743,1079.1917870478703,99822,213,121,128,46,126921,75575,2.0285708561239004,107,66,22030,23099,13814,8602,13706,18064,48544,36065,34403,25803,353,226,890,3685,13162,48782,1828,141,660,5096,2021,72,291,833,12739,2283,1352,5408
1080,1743,1080.1950508491152,99822,218,125,128,46,126954,75588,2.0290316763839633,107,75,22095,23176,13792,8570,13658,18006,48544,36065,34404,25806,353,226,889,3684,13160,48795,1824,140,661,5095,2020,72,291,833,12737,2282,1355,5405
1081,1743,1081.1951654168738,99822,215,128,128,46,126978,75604,2.0294323896535835,104,72,22173,23257,13767,8551,13611,17944,48544,36065,34405,25809,353,226,889,3685,13155,48812,1821,140,662,5093,2019,72,291,833,12730,2281,1359,5401
1082,1743,1082.1920126695404,99822,220,132,128,46,127007,75628,2.0299633347358297,99,62,22251,23339,13744,8543,13556,17876,48544,36065,34406,25811,353,226,886,3685,13157,48830,1819,140,662,5089,2019,72,291,831,12723,2280,1364,5395
1083,1743,1083.185268131443,99822,220,127,128,46,127035,75642,2.0303840836689306,94,65,22330,23421,13719,8530,13507,17809,48544,36065,34407,25813,353,226,886,3686,13149,48852,1816,140,662,5087,2018,72,291,830,12718,2279,1365,5392
1084,1743,1084.1749902466013,99822,214,127,128,46,127058,75657,2.0307647612750697,98,65,22410,23485,13693,8521,13455,17754,48544,36065,34408,25815,352,226,885,3685,13145,48870,1815,141,662,5085,2018,72,291,829,12711,2278,1369,5388
1085,1743,1085.1612851799819,99822,203,123,128,46,127084,75672,2.03117549237643,96,71,22472,23564,13685,8513,13414,17681,48544,36065,34409,25817,350,226,885,3680,13149,48890,1814,143,662,5080,2018,72,291,828,12701,2277,1370,5386
1086,1743,1086.1450028525749,99822,203,124,128,46,127109,75691,2.031616276973012,103,70,22539,23634,13662,8499,13363,17625,48544,36065,34410,25819,350,225,885,3681,13147,48904,1812,143,666,5077,2014,72,291,827,12696,2276,1372,5384
1087,1743,1087.1256469523587,99822,195,122,128,46,127134,75705,2.0320069724108913,96,69,22611,23720,13646,8476,13322,17565,48544,36065,34411,25821,349,224,883,3680,13149,48920,1811,144,666,5072,2014,72,291,827,12690,2274,1374,5382
1088,1743,1088.1034161440798,99822,190,113,128,46,127155,75718,2.0323475786900684,101,72,22670,23787,13633,8465,13276,17515,48544,36065,34412,25823,347,224,881,3677,13148,48939,1810,146,668,5068,2012,72,291,827,12685,2272,1374,5381
1089,1743,1089.0786374911777,99822,193,117,128,46,127180,75739,2.0328083989501313,93,65,22740,23867,13609,8453,13235,17450,48544,36065,34413,25825,347,224,881,3677,13147,48957,1808,146,667,5067,2012,71,291,827,12677,2269,1376,5378
1090,1743,1090.05082734314,99822,194,120,128,46,127203,75758,2.0332291478832323,98,63,22817,23940,13574,8443,13187,17386,48544,36065,34414,25827,347,224,881,3673,13148,48973,1808,146,669,5064,2009,71,291,826,12671,2267,1378,5376
1091,1743,1091.019832560538,99822,191,127,128,46,127231,75778,2.033710003806776,85,55,22896,24024,13554,8422,13144,17324,48544,36065,34415,25829,347,224,880,3673,13148,48988,1806,146,669,5057,2009,71,291,826,12668,2266,1379,5374
1092,1743,1092.3070279131284,99822,176,113,128,46,127257,75791,2.0341006992446555,85,66,23002,24120,13531,8410,13076,17243,48544,36065,34416,25831,347,224,880,3674,13141,49013,1803,146,671,5052,2007,70,291,824,12662,2264,1385,5368
1093,1743,1093.2685459237175,99822,170,127,128,46,127279,75820,2.034611608663421,80,53,23088,24192,13502,8395,13030,17185,48544,36065,34417,25833,347,224,880,3668,13147,49029,1801,146,669,5050,2007,70,291,824,12653,2264,1387,5365
1094,1743,1094.2265707618367,99822,168,116,128,46,127301,75835,2.0349822684378194,82,60,23157,24273,13476,8388,12987,17115,48544,36065,34418,25835,347,224,879,3668,13148,49042,1798,146,672,5046,2004,70,289,823,12650,2265,1392,5359
