,indexID,time,N,Inf_L,Inf_H,Dead_L,Dead_H,cum_cases_L,cum_cases_H,cum_sum_per_N,Exposed_L,Exposed_H,Sus_L,Sus_H,Rec_nat_L,Rec_nat_H,Rec_vax_L,Rec_vax_H,vaccinatedH,vaccinatedL,boostedH,boostedL,count_Naive,count_Delta,count_Delta_vaccine,count_two,count_three,count_four,count_Omicron,count_Omicron_star,count_Omicron_star_vaccine,count_Omicron_vaccine,count_Vaccine,count_WT,count_WT_vaccine,count_WT_vaccine_boost,count_Omicron_vaccine_boost,count_Delta_vaccine_boost,count_Omicron_star_vaccine_boost,count_Vaccine_boost
0,3507,1.260152139593168,99996,4,8,0,0,5,8,0.00013000520020800833,21,17,49972,49973,1,0,0,0,0,0,0,0,99995,0,0,0,0,0,0,0,0,0,0,1,0,0,0,0,0,0
1,3507,2.0941459838221026,99996,9,8,0,0,10,10,0.0002000080003200128,19,15,49969,49973,1,2,0,0,0,0,0,0,99993,0,0,0,0,0,0,0,0,0,0,3,0,0,0,0,0,0
2,3507,3.0374948311324523,99996,11,9,0,0,14,12,0.00026001040041601667,15,14,49969,49972,3,3,0,0,0,0,0,0,99990,0,0,0,0,0,0,0,0,0,0,6,0,0,0,0,0,0
3,3507,4.030502357218248,99996,13,10,0,0,17,15,0.0003200128005120205,15,12,49966,49971,4,5,0,0,0,0,0,0,99987,0,0,0,0,0,0,0,0,0,0,9,0,0,0,0,0,0
4,3507,5.142540794326783,99996,13,13,0,0,20,18,0.0003800152006080243,15,11,49963,49969,7,5,0,0,0,0,0,0,99984,0,0,0,0,0,0,0,0,0,0,12,0,0,0,0,0,0
5,3507,6.036910726607761,99996,13,14,0,0,23,22,0.0004500180007200288,15,9,49960,49967,10,8,0,0,0,0,0,0,99978,0,0,0,0,0,0,0,0,0,0,18,0,0,0,0,0,0
6,3507,7.023268645506001,99996,14,14,0,0,25,23,0.0004800192007680307,19,12,49954,49963,11,9,0,0,0,0,0,0,99976,0,0,0,0,0,0,0,0,0,0,20,0,0,0,0,0,0
7,3507,8.010555575277984,99996,20,13,0,0,32,23,0.0005500220008800352,18,13,49948,49962,12,10,0,0,0,0,0,0,99974,0,0,0,0,0,0,0,0,0,0,22,0,0,0,0,0,0
8,3507,9.141033665866535,99996,22,12,0,0,36,27,0.0006300252010080403,21,10,49941,49961,14,15,0,0,0,0,0,0,99967,0,0,0,0,0,0,0,0,0,0,29,0,0,0,0,0,0
9,3507,10.12405955398465,99995,22,10,1,0,41,27,0.000680034001700085,16,10,49941,49961,18,17,0,0,0,0,0,0,99960,0,0,0,0,0,0,0,0,0,0,35,0,0,0,0,0,0
10,3507,11.008379613514887,99995,19,10,1,0,42,28,0.0007000350017500875,16,10,49940,49960,22,18,0,0,0,0,0,0,99955,0,0,0,0,0,0,0,0,0,0,40,0,0,0,0,0,0
11,3507,12.294057029601975,99995,21,9,1,0,48,30,0.0007800390019500975,13,14,49937,49954,26,21,0,0,0,0,0,0,99948,0,0,0,0,0,0,0,0,0,0,47,0,0,0,0,0,0
12,3507,13.046739612234273,99995,21,12,1,0,52,33,0.0008500425021251062,13,11,49933,49954,30,21,0,0,0,0,0,0,99944,0,0,0,0,0,0,0,0,0,0,51,0,0,0,0,0,0
13,3507,14.074667292176965,99995,25,16,1,0,57,38,0.0009500475023751188,13,6,49928,49954,31,22,0,0,0,0,0,0,99942,0,0,0,0,0,0,0,0,0,0,53,0,0,0,0,0,0
14,3507,15.14963911543997,99995,24,15,1,0,60,38,0.0009800490024501226,14,10,49924,49950,35,23,0,0,0,0,0,0,99937,0,0,0,0,0,0,0,0,0,0,58,0,0,0,0,0,0
15,3507,16.059079348580923,99995,23,16,1,0,61,40,0.0010100505025251263,16,10,49921,49948,37,24,0,0,0,0,0,0,99934,0,0,0,0,0,0,0,0,0,0,61,0,0,0,0,0,0
16,3507,17.23537214435816,99995,24,16,1,0,64,43,0.0010700535026751338,19,10,49915,49945,39,27,0,0,0,0,0,0,99929,0,0,0,0,0,0,0,0,0,0,66,0,0,0,0,0,0
17,3507,18.141626089203474,99995,25,18,1,0,67,46,0.0011300565028251413,24,9,49908,49943,40,28,0,0,0,0,0,0,99926,0,0,0,0,0,0,0,0,0,0,69,0,0,0,0,0,0
18,3507,19.16852987815891,99995,28,20,1,0,71,49,0.00120006000300015,25,8,49903,49941,41,29,0,0,0,0,0,0,99924,0,0,0,0,0,0,0,0,0,0,71,0,0,0,0,0,0
19,3507,20.025046089294808,99995,28,19,1,0,73,52,0.0012500625031251563,27,8,49899,49938,43,33,0,0,0,0,0,0,99918,0,0,0,0,0,0,0,0,0,0,77,0,0,0,0,0,0
20,3507,21.02610418507157,99995,30,19,1,0,78,53,0.0013100655032751637,23,10,49898,49935,46,34,0,0,0,0,0,0,99914,0,0,0,0,0,0,0,0,0,0,81,0,0,0,0,0,0
21,3507,22.067269106187798,99995,30,18,1,0,80,54,0.0013400670033501675,29,14,49891,49930,47,36,0,0,0,0,0,0,99910,0,0,0,0,0,0,0,0,0,0,85,0,0,0,0,0,0
22,3507,23.050053206441227,99995,34,18,1,0,87,56,0.0014300715035751787,26,16,49887,49926,50,38,0,0,0,0,0,0,99905,0,0,0,0,0,0,0,0,0,0,90,0,0,0,0,0,0
23,3507,24.000131009349776,99995,36,22,1,0,96,63,0.0015900795039751987,22,12,49883,49923,56,41,0,0,0,0,0,0,99895,0,0,0,0,0,0,0,0,0,0,100,0,0,0,0,0,0
24,3507,25.206685383506073,99995,33,23,1,0,102,66,0.00168008400420021,20,13,49879,49919,65,43,0,0,0,0,0,0,99884,0,0,0,0,0,0,0,0,0,0,111,0,0,0,0,0,0
25,3507,26.256294248059326,99995,32,22,1,0,105,69,0.0017400870043502174,26,12,49870,49917,69,47,0,0,0,0,0,0,99876,0,0,0,0,0,0,0,0,0,0,119,0,0,0,0,0,0
26,3507,27.021386711801263,99995,34,22,1,0,111,71,0.0018200910045502274,27,13,49863,49914,73,49,0,0,0,0,0,0,99870,0,0,0,0,0,0,0,0,0,0,125,0,0,0,0,0,0
27,3507,28.0095145185986,99995,39,24,1,0,118,74,0.0019200960048002401,25,12,49858,49912,75,50,0,0,0,0,0,0,99867,0,0,0,0,0,0,0,0,0,0,128,0,0,0,0,0,0
28,3507,29.01564025431037,99995,44,26,1,0,123,80,0.0020301015050752536,29,10,49849,49908,75,54,0,0,0,0,0,0,99863,0,0,0,0,0,0,0,0,0,0,132,0,0,0,0,0,0
29,3507,30.170837649293137,99995,48,27,1,0,130,84,0.0021401070053502676,36,10,49836,49904,77,57,0,0,0,0,0,0,99857,0,0,0,0,0,0,0,0,0,0,138,0,0,0,0,0,0
30,3507,31.29387028108796,99995,46,27,1,0,136,86,0.0022201110055502776,37,12,49830,49900,84,59,0,0,0,0,0,0,99847,0,0,0,0,0,0,0,0,0,0,148,0,0,0,0,0,0
31,3507,32.04383588522662,99995,49,31,1,0,145,91,0.002360118005900295,39,12,49820,49895,89,60,0,0,0,0,0,0,99840,0,0,0,0,0,0,0,0,0,0,155,0,0,0,0,0,0
32,3507,33.09785134041362,99995,48,28,1,0,154,95,0.0024901245062253115,40,13,49810,49890,99,67,0,0,0,0,0,0,99823,0,0,0,0,0,0,0,0,0,0,172,0,0,0,0,0,0
33,3507,34.055467743578156,99995,47,28,1,0,159,98,0.0025701285064253215,38,13,49808,49888,104,69,0,0,0,0,0,0,99814,0,0,0,0,0,0,0,0,0,0,181,0,0,0,0,0,0
34,3507,35.01365897694563,99995,47,27,1,0,171,99,0.0027001350067503375,41,16,49794,49885,115,70,0,0,0,0,0,0,99800,0,0,0,0,0,0,0,0,0,0,195,0,0,0,0,0,0
35,3507,36.223115598001485,99995,48,30,1,0,182,105,0.002870143507175359,35,16,49790,49879,124,73,0,0,0,0,0,0,99787,0,0,0,0,0,0,0,0,0,0,208,0,0,0,0,0,0
36,3507,37.21151671747741,99995,47,29,1,0,190,108,0.0029801490074503724,37,19,49780,49874,133,76,0,0,0,0,0,0,99774,0,0,0,0,0,0,0,0,0,0,221,0,0,0,0,0,0
37,3507,38.0617091592471,99995,48,28,1,0,193,111,0.00304015200760038,45,19,49769,49871,135,80,0,0,0,0,0,0,99768,0,0,0,0,0,0,0,0,0,0,227,0,0,0,0,0,0
38,3507,39.31229119929932,99995,52,27,1,0,209,117,0.0032601630081504074,36,18,49764,49866,145,87,0,0,0,0,0,0,99749,0,0,0,0,0,0,0,0,0,0,246,0,0,0,0,0,0
39,3507,40.160371858322264,99995,61,28,1,0,220,121,0.0034101705085254263,33,18,49756,49862,147,90,0,0,0,0,0,0,99744,0,0,0,0,0,0,0,0,0,0,251,0,0,0,0,0,0
40,3507,41.0638759352939,99995,64,26,1,0,228,123,0.003510175508775439,36,19,49746,49859,151,94,0,0,0,0,0,0,99735,0,0,0,0,0,0,0,0,0,0,260,0,0,0,0,0,0
41,3507,42.16351692427782,99995,63,27,1,0,235,129,0.003640182009100455,33,20,49743,49852,158,99,0,0,0,0,0,0,99722,0,0,0,0,0,0,0,0,0,0,273,0,0,0,0,0,0
42,3507,43.13920286322017,99995,71,30,1,0,253,134,0.0038701935096754837,25,21,49733,49846,168,101,0,0,0,0,0,0,99710,0,0,0,0,0,0,0,0,0,0,285,0,0,0,0,0,0
43,3507,44.131364626260726,99995,70,32,1,0,258,143,0.004010200510025501,27,16,49726,49843,174,107,0,0,0,0,0,0,99697,0,0,0,0,0,0,0,0,0,0,298,0,0,0,0,0,0
44,3507,45.23694436012199,99995,65,28,1,0,267,146,0.004130206510325516,28,16,49716,49840,188,114,0,0,0,0,0,0,99676,0,0,0,0,0,0,0,0,0,0,319,0,0,0,0,0,0
45,3507,46.01009729919684,99995,64,25,1,0,269,148,0.004170208510425521,33,17,49710,49837,190,119,0,0,0,0,0,0,99668,0,0,0,0,0,0,0,0,0,0,327,0,0,0,0,0,0
46,3507,47.13449068021089,99995,65,27,1,0,278,153,0.004310215510775539,39,21,49695,49828,198,122,0,0,0,0,0,0,99657,0,0,0,0,0,0,0,0,0,0,338,0,0,0,0,0,0
47,3507,48.006081439893215,99995,62,30,1,0,286,158,0.004440222011100555,38,17,49688,49828,209,123,0,0,0,0,0,0,99644,0,0,0,0,0,0,0,0,0,0,351,0,0,0,0,0,0
48,3507,49.06582435706142,99995,60,36,1,0,296,165,0.004610230511525576,35,14,49681,49824,221,124,0,0,0,0,0,0,99631,0,0,0,0,0,0,0,0,0,0,364,0,0,0,0,0,0
49,3507,50.14604363011395,99995,64,33,1,0,306,167,0.004730236511825591,39,18,49670,49819,224,128,0,0,0,0,0,0,99620,0,0,0,0,0,0,0,0,0,0,375,0,0,0,0,0,0
50,3507,51.31731533973751,99995,57,35,1,0,312,172,0.004840242012100605,43,19,49660,49813,237,131,0,0,0,0,0,0,99604,0,0,0,0,0,0,0,0,0,0,391,0,0,0,0,0,0
51,3507,52.31127928491494,99995,63,35,1,0,321,175,0.00496024801240062,45,20,49649,49809,240,134,0,0,0,0,0,0,99598,0,0,0,0,0,0,0,0,0,0,397,0,0,0,0,0,0
52,3507,53.25973134181746,99995,66,35,1,0,331,179,0.005100255012750638,42,19,49642,49806,247,138,0,0,0,0,0,0,99587,0,0,0,0,0,0,0,0,0,0,408,0,0,0,0,0,0
53,3507,54.30346119214596,99995,74,38,1,0,350,186,0.00536026801340067,44,21,49622,49797,257,142,0,0,0,0,0,0,99572,0,0,0,0,0,0,0,0,0,0,423,0,0,0,0,0,0
54,3507,55.131651138594094,99995,75,40,1,0,357,192,0.005490274513725686,45,16,49615,49796,262,146,0,0,0,0,0,0,99562,0,0,0,0,0,0,0,0,0,0,433,0,0,0,0,0,0
55,3507,56.20130772961306,99995,69,35,1,0,371,197,0.00568028401420071,45,19,49602,49788,281,156,0,0,0,0,0,0,99532,0,0,0,0,0,0,0,0,0,0,463,0,0,0,0,0,0
56,3507,57.191927816145345,99995,72,37,1,0,379,201,0.005800290014500725,47,19,49594,49785,284,157,0,0,0,0,0,0,99525,0,0,0,0,0,0,0,0,0,0,470,0,0,0,0,0,0
57,3507,58.07209377494664,99995,80,37,1,0,398,207,0.006050302515125756,48,15,49576,49783,293,163,0,0,0,0,0,0,99508,0,0,0,0,0,0,0,0,0,0,487,0,0,0,0,0,0
58,3507,59.15784576417525,99995,84,36,1,0,410,210,0.006200310015500775,44,16,49568,49779,301,167,0,0,0,0,0,0,99496,0,0,0,0,0,0,0,0,0,0,499,0,0,0,0,0,0
59,3507,60.132410639569244,99995,82,33,1,0,420,213,0.006330316515825792,47,20,49557,49773,311,172,0,0,0,0,0,0,99478,0,0,0,0,0,0,0,0,0,0,517,0,0,0,0,0,0
60,3507,61.155962206466015,99995,91,36,1,0,437,219,0.00656032801640082,44,19,49544,49769,318,174,0,0,0,0,0,0,99468,0,0,1,0,0,0,0,0,0,0,526,0,0,0,0,0,0
61,3507,62.034666365853575,99995,89,37,1,0,453,226,0.006790339516975849,39,16,49534,49765,335,180,0,0,0,0,0,0,99444,0,0,1,0,0,0,0,0,0,0,550,0,0,0,0,0,0
62,3507,63.08566662778844,99995,90,30,1,0,465,228,0.006930346517325867,37,15,49526,49764,344,189,0,0,0,0,0,0,99424,0,0,1,0,0,0,0,0,0,0,570,0,0,0,0,0,0
63,3507,64.07599556144307,99995,88,28,1,0,469,231,0.007000350017500875,49,18,49511,49758,349,194,0,0,0,0,0,0,99413,0,0,1,0,0,0,0,0,0,0,581,0,0,0,0,0,0
64,3507,65.08629891979328,99995,81,28,1,0,481,236,0.0071703585179258966,47,20,49503,49752,366,198,0,0,0,0,0,0,99390,0,0,2,0,0,0,0,0,0,0,603,0,0,0,0,0,0
65,3507,66.22318924252386,99995,70,34,1,0,486,243,0.0072903645182259115,52,24,49497,49742,378,198,0,0,0,0,0,0,99373,0,0,2,0,0,0,0,0,0,0,620,0,0,0,0,0,0
66,3507,67.21978832584782,99995,75,37,1,0,500,252,0.0075203760188009405,50,25,49488,49733,384,203,0,0,0,0,0,0,99358,0,0,2,0,0,0,0,0,0,0,635,0,0,0,0,0,0
67,3507,68.21651105385641,99995,73,34,1,0,513,254,0.0076703835191759585,50,31,49476,49725,398,208,0,0,0,0,0,0,99338,0,0,2,0,0,0,0,0,0,0,655,0,0,0,0,0,0
68,3507,69.21346425272166,99994,73,36,1,1,519,262,0.007810468628117687,54,27,49469,49722,401,212,0,0,0,0,0,0,99326,0,0,2,0,0,0,0,0,0,0,666,0,0,0,0,0,0
69,3507,70.21053595785693,99993,73,36,2,1,525,270,0.007950556538957727,60,23,49463,49718,400,220,0,0,0,0,0,0,99312,0,0,2,0,0,0,0,0,0,0,679,0,0,0,0,0,0
70,3507,71.20766566844445,99993,78,36,2,1,538,275,0.008130569139839788,56,28,49456,49708,406,225,0,0,0,0,0,0,99299,0,0,2,0,0,0,0,0,0,0,692,0,0,0,0,0,0
71,3507,72.20488824304147,99993,91,35,2,1,559,280,0.008390587341113878,50,32,49445,49699,410,231,0,0,0,0,0,0,99285,0,0,2,0,0,0,0,0,0,0,706,0,0,0,0,0,0
72,3507,73.20227362404805,99993,92,42,2,1,571,290,0.008610602742191954,49,27,49435,49696,420,232,0,0,0,0,0,0,99271,0,0,2,0,0,0,0,0,0,0,720,0,0,0,0,0,0
73,3507,74.19986061925299,99993,83,47,2,1,583,301,0.008840618843319032,48,21,49425,49691,440,238,0,0,0,0,0,0,99244,0,0,2,0,0,0,0,0,0,0,747,0,0,0,0,0,0
74,3507,75.19772483801728,99993,82,39,2,1,591,301,0.00892062444371106,56,25,49411,49687,447,246,0,0,0,0,0,0,99227,0,0,2,0,0,0,0,0,0,0,764,0,0,0,0,0,0
75,3507,76.1958367353883,99993,86,38,2,1,603,309,0.009120638444691128,53,26,49403,49678,454,255,0,0,0,0,0,0,99211,0,0,3,0,0,0,0,0,0,0,779,0,0,0,0,0,0
76,3507,77.19411282765654,99992,81,35,2,2,613,314,0.009270741659332747,53,25,49396,49674,466,262,0,0,0,0,0,0,99188,0,0,3,0,0,0,0,0,0,0,801,0,0,0,0,0,0
77,3507,78.19259423464794,99992,85,29,2,2,625,317,0.009420753660292823,50,25,49387,49672,474,270,0,0,0,0,0,0,99171,0,0,3,0,0,0,0,0,0,0,818,0,0,0,0,0,0
78,3507,79.19127393237277,99992,91,31,2,2,638,324,0.009620769661572926,48,20,49376,49670,481,275,0,0,0,0,0,0,99159,0,0,3,0,0,0,0,0,0,0,830,0,0,0,0,0,0
79,3507,80.19012874119183,99992,91,30,2,2,645,328,0.009730778462276983,47,19,49371,49668,487,279,0,0,0,0,0,0,99147,0,0,3,0,0,0,0,0,0,0,842,0,0,0,0,0,0
80,3507,81.0834532222735,99992,81,36,2,2,657,335,0.009920793663493079,45,18,49363,49664,507,278,0,0,0,0,0,0,99124,0,0,3,0,0,0,0,0,0,0,865,0,0,0,0,0,0
81,3507,82.23072905674256,99992,75,32,2,2,665,339,0.010040803264261142,48,17,49354,49661,519,286,0,0,0,0,0,0,99103,0,0,4,0,0,0,0,0,0,0,885,0,0,0,0,0,0
82,3507,83.29395467940051,99992,73,32,2,2,675,344,0.010190815265221217,48,15,49344,49658,531,291,0,0,0,0,0,0,99086,0,0,4,0,0,0,0,0,0,0,902,0,0,0,0,0,0
83,3507,84.06559679533642,99992,73,29,2,2,686,347,0.01033082646611729,47,15,49336,49656,540,296,0,0,0,0,0,0,99069,0,0,4,0,0,0,0,0,0,0,919,0,0,0,0,0,0
84,3507,85.11840532638902,99992,78,30,2,2,696,351,0.010470837667013361,49,14,49328,49654,541,298,0,0,0,0,0,0,99061,0,0,4,0,0,0,0,0,0,0,927,0,0,0,0,0,0
85,3507,86.24060726307103,99991,76,31,3,2,710,356,0.010660959486353773,51,19,49312,49645,556,301,0,0,0,0,0,0,99041,0,0,4,0,0,0,0,0,0,0,946,0,0,0,0,0,0
86,3507,87.01711479979585,99991,81,28,3,2,721,358,0.010790971187406866,50,21,49304,49642,560,305,0,0,0,0,0,0,99030,0,0,4,0,0,0,0,0,0,0,957,0,0,0,0,0,0
87,3507,88.18263936535325,99991,68,27,3,2,730,363,0.010930983788540969,61,22,49285,49636,581,311,0,0,0,0,0,0,99002,0,0,4,0,0,0,0,0,0,0,985,0,0,0,0,0,0
88,3507,89.18346159875608,99991,62,27,3,2,737,368,0.011050994589513056,57,22,49282,49631,594,316,0,0,0,0,0,0,98984,0,0,4,0,0,0,0,0,0,0,1003,0,0,0,0,0,0
89,3507,90.1844907324652,99991,68,28,3,2,756,374,0.011301017091538239,49,22,49272,49625,606,321,0,0,0,0,0,0,98966,0,0,4,0,0,0,0,0,0,0,1021,0,0,0,0,0,0
90,3507,91.18572121668842,99991,63,28,3,2,763,379,0.011421027892510326,55,22,49260,49621,617,325,0,0,0,0,0,0,98949,0,0,4,0,0,0,0,0,0,0,1038,0,0,0,0,0,0
91,3507,92.27975986287957,99991,62,32,3,2,773,387,0.011601044093968458,57,17,49250,49619,626,328,0,0,0,0,0,0,98934,0,0,4,0,0,0,0,0,0,0,1053,0,0,0,0,0,0
92,3507,93.06814716882596,99991,68,33,3,2,782,390,0.011721054894940545,60,19,49242,49614,625,330,0,0,0,0,0,0,98929,0,0,4,0,0,0,0,0,0,0,1058,0,0,0,0,0,0
93,3507,94.05835441250622,99990,76,34,3,3,800,397,0.01197119711971197,55,17,49233,49611,631,333,0,0,0,0,0,0,98914,0,0,5,0,0,0,0,0,0,0,1071,0,0,0,0,0,0
94,3507,95.00097159204181,99990,84,39,3,3,811,404,0.012151215121512151,53,15,49225,49606,633,335,0,0,0,0,0,0,98909,0,0,5,0,0,0,0,0,0,0,1076,0,0,0,0,0,0
95,3507,96.13826035507232,99990,81,33,3,3,825,409,0.01234123412341234,63,19,49204,49597,647,346,0,0,0,0,0,0,98881,0,0,5,0,0,0,0,0,0,0,1104,0,0,0,0,0,0
96,3507,97.28288735918083,99990,81,31,3,3,834,412,0.012461246124612461,67,17,49192,49597,655,350,0,0,0,0,0,0,98867,0,0,5,0,0,0,0,0,0,0,1118,0,0,0,0,0,0
97,3507,98.11269281602327,99990,83,31,3,3,849,416,0.012651265126512651,65,23,49181,49587,666,354,0,0,0,0,0,0,98850,0,0,5,0,0,0,0,0,0,0,1135,0,0,0,0,0,0
98,3507,99.053916497217,99989,84,34,4,3,866,424,0.012901419156107171,56,19,49176,49583,678,359,0,0,0,0,0,0,98830,0,0,6,0,0,0,0,0,0,0,1153,0,0,0,0,0,0
99,3507,100.17651472172668,99989,98,33,4,3,889,429,0.013181449959495545,46,21,49165,49578,685,363,0,0,0,0,0,0,98815,0,0,6,0,0,0,0,0,0,0,1168,0,0,0,0,0,0
100,3507,101.04734617995197,99989,96,36,4,3,898,434,0.01332146536118973,47,18,49157,49577,694,364,0,0,0,0,0,0,98802,0,0,6,0,0,0,0,0,0,0,1181,0,0,0,0,0,0
101,3507,102.06963829733219,99989,96,34,4,3,917,436,0.01353148846373101,49,21,49139,49572,710,368,0,0,0,0,0,0,98779,0,0,6,0,0,0,0,0,0,0,1204,0,0,0,0,0,0
102,3507,103.02200003894947,99988,89,36,5,3,922,442,0.013641636996439574,57,16,49127,49572,720,371,0,0,0,0,0,0,98763,0,0,6,0,0,0,0,0,0,0,1219,0,0,0,0,0,0
103,3507,104.14205238593705,99988,94,35,5,3,945,446,0.01391166940032804,50,21,49114,49565,735,374,0,0,0,0,0,0,98740,0,0,6,0,0,0,0,0,0,0,1242,0,0,0,0,0,0
104,3507,105.14613755705466,99988,90,37,5,3,955,452,0.014071688602632316,56,26,49099,49555,748,377,0,0,0,0,0,0,98722,0,0,6,0,0,0,0,0,0,0,1260,0,0,0,0,0,0
105,3507,106.15049471597972,99988,95,32,5,3,974,457,0.01431171740608873,52,30,49087,49546,759,387,0,0,0,0,0,0,98698,0,0,6,0,0,0,0,0,0,0,1284,0,0,0,0,0,0
106,3507,107.15506220033797,99988,96,36,5,3,985,464,0.014491739008681042,50,34,49082,49535,765,390,0,0,0,0,0,0,98685,0,0,6,0,0,0,0,0,0,0,1297,0,0,0,0,0,0
107,3507,108.159720492139,99988,101,32,5,3,999,470,0.014691763011561387,49,33,49072,49535,771,395,0,0,0,0,0,0,98666,0,0,6,0,0,0,0,0,0,0,1316,0,0,0,0,0,0
108,3507,109.16457568508818,99988,106,31,5,3,1016,474,0.014901788214585751,46,37,49062,49529,779,398,0,0,0,0,0,0,98649,0,0,6,0,0,0,0,0,0,0,1333,0,0,0,0,0,0
109,3507,110.16960235674836,99988,98,34,5,3,1026,484,0.015101812217466096,50,37,49052,49520,793,404,0,0,0,0,0,0,98624,0,0,6,0,0,0,0,0,0,0,1358,0,0,0,0,0,0
110,3507,111.17486418181956,99988,99,33,5,3,1043,489,0.015321838620634477,46,38,49044,49515,804,409,0,0,0,0,0,0,98602,0,0,6,0,0,0,0,0,0,0,1380,0,0,0,0,0,0
111,3507,112.18029871301773,99988,98,36,5,3,1056,495,0.015511861423370804,51,41,49029,49506,815,412,0,0,0,0,0,0,98585,0,0,6,0,0,0,0,0,0,0,1397,0,0,0,0,0,0
112,3507,113.18595334638668,99987,100,46,6,3,1068,509,0.015772050366547653,53,35,49018,49501,821,413,0,0,0,0,0,0,98571,0,0,6,0,0,0,0,0,0,0,1410,0,0,0,0,0,0
113,3507,114.1918053202132,99987,97,57,6,3,1078,520,0.015982077670097114,61,34,49001,49493,833,411,0,0,0,0,0,0,98558,0,0,6,0,0,0,0,0,0,0,1423,0,0,0,0,0,0
114,3507,115.19789079639898,99987,103,68,6,3,1099,533,0.01632212187584386,62,28,48985,49490,842,409,0,0,0,0,0,0,98541,0,0,6,0,0,0,0,0,0,0,1440,0,0,0,0,0,0
115,3507,116.20419842172656,99987,106,63,6,3,1117,541,0.01658215568023843,67,24,48963,49488,856,420,0,0,0,0,0,0,98514,0,0,7,0,0,0,0,0,0,0,1466,0,0,0,0,0,0
116,3507,117.21087985652956,99987,105,62,6,3,1138,548,0.016862192084971046,70,32,48942,49475,875,426,0,0,0,0,0,0,98484,0,0,7,0,0,0,0,0,0,0,1496,0,0,0,0,0,0
117,3507,118.2179374648909,99987,109,65,6,3,1157,556,0.017132227189534638,67,32,48926,49468,890,430,0,0,0,0,0,0,98464,0,0,7,0,0,0,0,0,0,0,1516,0,0,0,0,0,0
118,3507,119.22531554804964,99987,108,61,6,3,1175,561,0.017362257093422144,68,39,48912,49459,904,436,0,0,0,0,0,0,98437,0,0,8,0,0,0,0,0,0,0,1542,0,0,0,0,0,0
119,3507,120.23294359464478,99987,111,59,6,3,1197,565,0.017622290897816716,61,39,48903,49457,917,440,0,0,0,0,0,0,98412,0,0,8,0,0,0,0,0,0,0,1567,0,0,0,0,0,0
120,3507,121.24084752493606,99987,116,59,6,3,1216,570,0.017862322101873242,68,42,48884,49452,924,442,0,0,0,0,0,0,98394,0,0,9,0,0,0,0,0,0,0,1584,0,0,0,0,0,0
121,3507,122.24903769271609,99987,116,57,6,3,1234,578,0.018122355906267814,66,40,48875,49448,935,450,0,0,0,0,0,0,98366,0,0,9,0,0,0,0,0,0,0,1612,0,0,0,0,0,0
122,3507,123.2574083513955,99987,122,57,6,3,1259,585,0.018442397511676516,61,41,48857,49441,952,456,0,0,0,0,0,0,98340,0,0,9,0,0,0,0,0,0,0,1638,0,0,0,0,0,0
123,3507,124.26612539150598,99986,122,56,6,4,1271,594,0.018652611365591182,71,40,48840,49435,959,463,0,0,0,0,0,0,98318,0,0,9,0,0,0,0,0,0,0,1659,0,0,0,0,0,0
124,3507,125.27510055683287,99986,126,55,6,4,1294,603,0.018972656171864062,72,36,48819,49432,975,471,0,0,0,0,0,0,98289,0,0,9,0,0,0,0,0,0,0,1688,0,0,0,0,0,0
125,3507,126.28446755318616,99986,131,50,6,4,1314,610,0.0192426939771568,71,36,48806,49426,984,482,0,0,0,0,0,0,98262,0,0,9,0,0,0,0,0,0,0,1715,0,0,0,0,0,0
126,3507,127.29410052616409,99986,133,50,6,4,1323,615,0.019382713579901185,80,45,48790,49415,989,484,0,0,0,0,0,0,98251,0,0,10,0,0,0,0,0,0,0,1725,0,0,0,0,0,0
127,3507,128.30394704960932,99986,141,49,6,4,1348,624,0.01972276118656612,74,41,48774,49413,1003,491,0,0,0,0,0,0,98224,0,0,10,0,0,0,0,0,0,0,1752,0,0,0,0,0,0
128,3507,129.31411775664944,99986,144,54,6,4,1370,637,0.02007281019342708,82,39,48745,49404,1021,497,0,0,0,0,0,0,98197,0,0,10,0,0,0,0,0,0,0,1779,0,0,0,0,0,0
129,3507,130.32472863077516,99986,142,54,6,4,1384,644,0.020282839597543657,91,46,48724,49392,1035,502,0,0,0,0,0,0,98174,0,0,10,0,0,0,0,0,0,0,1802,0,0,0,0,0,0
130,3507,131.33571079797116,99986,142,60,6,4,1408,657,0.02065289140479667,98,41,48695,49385,1057,508,0,0,0,0,0,0,98143,0,0,10,0,0,0,0,0,0,0,1833,0,0,0,0,0,0
131,3507,132.00998073672554,99986,139,64,6,4,1418,666,0.020842918008521193,110,39,48676,49379,1067,512,0,0,0,0,0,0,98125,0,0,10,0,0,0,0,0,0,0,1851,0,0,0,0,0,0
132,3507,133.02172875632743,99986,150,77,6,4,1449,685,0.021342988018322566,104,34,48656,49365,1082,518,0,0,0,0,0,0,98100,0,0,11,0,0,0,0,0,0,0,1875,0,0,0,0,0,0
133,3507,134.03383427963595,99986,153,80,6,4,1475,697,0.021723041225771608,101,37,48636,49351,1102,526,0,0,0,0,0,0,98068,0,0,11,0,0,0,0,0,0,0,1907,0,0,0,0,0,0
134,3507,135.04634752535983,99986,156,76,6,4,1503,711,0.02214310003400476,103,35,48608,49339,1125,544,0,0,0,0,0,0,98025,0,0,11,0,0,0,0,0,0,0,1950,0,0,0,0,0,0
135,3507,136.05937746539527,99986,162,74,6,4,1532,719,0.022513151841257777,105,36,48580,49332,1145,552,0,0,0,0,0,0,97992,0,0,11,0,0,0,0,0,0,0,1983,0,0,0,0,0,0
136,3507,137.07288310316468,99986,177,74,6,4,1568,729,0.022973216250275038,89,40,48564,49319,1162,561,0,0,0,0,0,0,97961,0,0,11,0,0,0,0,0,0,0,2014,0,0,0,0,0,0
137,3507,138.08673383358766,99986,164,72,6,4,1582,738,0.02320324845478367,98,41,48548,49310,1182,571,0,0,0,0,0,0,97923,0,0,11,0,0,0,0,0,0,0,2052,0,0,0,0,0,0
138,3507,139.10100409580508,99986,178,65,6,4,1612,747,0.02359330306242874,93,38,48525,49305,1196,586,0,0,0,0,0,0,97892,0,0,12,0,0,0,0,0,0,0,2082,0,0,0,0,0,0
139,3507,140.11568092160468,99986,187,61,6,4,1640,756,0.023963354869681756,96,38,48498,49297,1211,598,0,0,0,0,0,0,97860,0,0,12,0,0,0,0,0,0,0,2114,0,0,0,0,0,0
140,3507,141.1308258615568,99986,181,61,6,4,1660,765,0.024253395475366552,98,53,48482,49277,1231,603,0,0,0,0,0,0,97825,0,0,12,0,0,0,0,0,0,0,2149,0,0,0,0,0,0
141,3507,142.1463188254143,99986,174,71,6,4,1682,779,0.024613445882423538,98,52,48466,49266,1254,605,0,0,0,0,0,0,97792,0,0,12,0,0,0,0,0,0,0,2182,0,0,0,0,0,0
142,3507,143.16214425644756,99986,184,73,6,4,1717,790,0.025073510291440802,89,52,48443,49257,1276,612,0,0,0,0,0,0,97759,0,0,13,0,0,0,0,0,0,0,2214,0,0,0,0,0,0
143,3507,144.1783583435209,99986,186,76,6,4,1740,799,0.02539355509771368,86,57,48429,49245,1291,616,0,0,0,0,0,0,97732,0,0,13,0,0,0,0,0,0,0,2241,0,0,0,0,0,0
144,3507,145.19490117052,99986,185,77,6,4,1768,813,0.025813613905946834,87,55,48405,49236,1315,626,0,0,0,0,0,0,97691,0,0,14,0,0,0,0,0,0,0,2281,0,0,0,0,0,0
145,3507,146.2119294922223,99986,181,79,6,4,1791,825,0.026163662912807792,90,59,48385,49222,1336,634,0,0,0,0,0,0,97654,0,0,14,0,0,0,0,0,0,0,2318,0,0,0,0,0,0
146,3507,147.22936294699133,99986,182,84,6,4,1816,845,0.026613725921629028,88,49,48366,49216,1356,645,0,0,0,0,0,0,97615,0,0,14,0,0,0,0,0,0,0,2357,0,0,0,0,0,0
147,3507,148.24723727273857,99986,176,77,6,4,1839,853,0.02692376932770588,88,61,48350,49202,1378,654,0,0,0,0,0,0,97571,0,0,14,0,0,0,0,0,0,0,2401,0,0,0,0,0,0
148,3507,149.26549276688993,99986,166,78,6,4,1856,867,0.02723381273378273,102,58,48322,49194,1402,664,0,0,0,0,0,0,97531,0,0,14,0,0,0,0,0,0,0,2441,0,0,0,0,0,0
149,3507,150.28429043659892,99986,165,85,6,4,1877,884,0.02761386594123177,108,50,48300,49189,1419,670,0,0,0,0,0,0,97499,0,0,14,0,0,0,0,0,0,0,2473,0,0,0,0,0,0
150,3507,151.30351648962534,99986,173,86,6,4,1905,895,0.02800392054887684,112,49,48270,49179,1437,680,0,0,0,0,0,0,97470,0,0,15,0,0,0,0,0,0,0,2501,0,0,0,0,0,0
151,3507,152.32327206174477,99986,156,73,6,4,1923,903,0.028263956953973556,118,53,48251,49171,1467,697,0,0,0,0,0,0,97415,0,0,16,0,0,0,0,0,0,0,2555,0,0,0,0,0,0
152,3507,153.00341190459503,99986,169,73,6,4,1944,910,0.028543996159462324,121,52,48231,49167,1471,702,0,0,0,0,0,0,97400,0,0,16,0,0,0,0,0,0,0,2570,0,0,0,0,0,0
153,3507,154.02400508581366,99986,181,73,6,4,1978,925,0.02903406476906767,123,54,48202,49151,1486,716,0,0,0,0,0,0,97364,0,0,17,0,0,0,0,0,0,0,2605,0,0,0,0,0,0
154,3507,155.0450167172413,99986,195,80,6,4,2013,944,0.02957414037965315,109,54,48186,49133,1502,727,0,0,0,0,0,0,97331,0,0,17,0,0,0,0,0,0,0,2638,0,0,0,0,0,0
155,3507,156.06632840770405,99986,196,79,6,4,2043,958,0.03001420198827836,106,48,48166,49127,1524,740,0,0,0,0,0,0,97287,0,0,17,0,0,0,0,0,0,0,2682,0,0,0,0,0,0
156,3507,157.08809931182176,99986,199,79,6,4,2072,968,0.03040425659592343,108,50,48141,49119,1544,746,0,0,0,0,0,0,97252,0,0,18,0,0,0,0,0,0,0,2716,0,0,0,0,0,0
157,3507,158.11031864830997,99986,211,80,6,4,2104,976,0.03080431260376453,109,53,48112,49109,1560,752,0,0,0,0,0,0,97225,0,0,18,0,0,0,0,0,0,0,2743,0,0,0,0,0,0
158,3507,159.13300366297548,99986,213,89,6,4,2134,992,0.03126437701278179,107,55,48088,49095,1584,755,0,0,0,0,0,0,97190,0,0,18,0,0,0,0,0,0,0,2778,0,0,0,0,0,0
159,3507,160.15615895865554,99986,203,86,6,4,2161,1004,0.03165443162042686,108,61,48063,49080,1618,767,0,0,0,0,0,0,97139,0,0,19,0,0,0,0,0,0,0,2828,0,0,0,0,0,0
160,3507,161.17996981949992,99986,204,97,6,4,2198,1021,0.03219450723101234,103,62,48044,49065,1641,770,0,0,0,0,0,0,97097,0,0,19,0,0,0,0,0,0,0,2870,0,0,0,0,0,0
161,3507,162.20413784387858,99986,202,101,6,4,2224,1035,0.03259456323885344,101,69,48029,49046,1660,778,0,0,0,0,0,0,97059,0,0,19,0,0,0,0,0,0,0,2908,0,0,0,0,0,0
162,3507,163.2286551640339,99986,197,110,6,4,2252,1054,0.03306462904806673,104,68,48001,49032,1690,784,0,0,0,0,0,0,97017,0,0,20,0,0,0,0,0,0,0,2949,0,0,0,0,0,0
163,3507,164.2536793878951,99986,206,106,6,4,2287,1076,0.033634708859240296,104,62,47972,49019,1710,807,0,0,0,0,0,0,96966,0,0,21,0,0,0,0,0,0,0,2999,0,0,0,0,0,0
164,3507,165.27927144024193,99986,206,104,6,4,2313,1088,0.03401476206668934,106,72,47948,48999,1732,819,0,0,0,0,0,0,96926,0,0,21,0,0,0,0,0,0,0,3039,0,0,0,0,0,0
165,3507,166.3053987645476,99986,187,110,6,4,2333,1110,0.03443482087492249,119,62,47920,48989,1766,833,0,0,0,0,0,0,96872,0,0,22,0,0,0,0,0,0,0,3092,0,0,0,0,0,0
166,3507,167.33217924539093,99986,197,111,6,4,2363,1128,0.034914888084331804,112,60,47900,48978,1783,845,0,0,0,0,0,0,96835,0,0,22,0,0,0,0,0,0,0,3129,0,0,0,0,0,0
167,3507,168.0169184389685,99985,199,113,7,4,2384,1135,0.03519527929189378,113,63,47880,48970,1799,848,0,0,0,0,0,0,96813,0,0,24,0,0,0,0,0,0,0,3148,0,0,0,0,0,0
168,3507,169.04445013253047,99985,194,113,7,4,2411,1151,0.03562534380157024,119,63,47857,48957,1821,861,0,0,0,0,0,0,96766,0,0,25,0,0,0,0,0,0,0,3194,0,0,0,0,0,0
169,3507,170.07245963669385,99985,198,116,7,4,2441,1173,0.03614542181327199,120,61,47836,48942,1837,875,0,0,0,0,0,0,96721,0,0,25,0,0,0,0,0,0,0,3239,0,0,0,0,0,0
170,3507,171.10082451878162,99985,205,116,7,4,2476,1187,0.03663549532429865,113,56,47821,48936,1852,886,0,0,0,0,0,0,96679,0,0,25,0,0,0,0,0,0,0,3281,0,0,0,0,0,0
171,3507,172.12961087024345,99985,204,118,7,4,2500,1203,0.037035555333299996,124,60,47791,48921,1872,895,0,0,0,0,0,0,96640,0,0,25,0,0,0,0,0,0,0,3320,0,0,0,0,0,0
172,3507,173.15894426740653,99983,206,114,9,4,2546,1219,0.03765640158827001,115,64,47762,48903,1906,913,0,0,0,0,0,0,96578,0,0,27,0,0,0,0,0,0,0,3378,0,0,0,0,0,0
173,3507,174.18893711014974,99983,208,110,9,4,2580,1230,0.038106478101277215,127,63,47723,48898,1931,923,0,0,0,0,0,0,96533,0,0,29,0,0,0,0,0,0,0,3421,0,0,0,0,0,0
174,3507,175.21965781923973,99983,216,108,9,4,2622,1245,0.03867657501775302,126,63,47684,48887,1963,936,0,0,0,0,0,0,96483,0,0,30,0,0,0,0,0,0,0,3470,0,0,0,0,0,0
175,3507,176.25107665953942,99983,227,103,9,4,2653,1262,0.03915665663162737,136,70,47649,48866,1977,955,0,0,0,0,0,0,96442,0,0,31,0,0,0,0,0,0,0,3510,0,0,0,0,0,0
176,3507,177.2830606271318,99983,233,105,9,4,2691,1280,0.039716751847814126,138,71,47617,48851,2001,967,0,0,0,0,0,0,96394,0,0,31,0,0,0,0,0,0,0,3558,0,0,0,0,0,0
177,3507,178.31564621572284,99983,230,106,9,4,2723,1295,0.040186831761399436,148,72,47584,48835,2027,981,0,0,0,0,0,0,96348,0,0,34,0,0,0,0,0,0,0,3601,0,0,0,0,0,0
178,3507,179.00442314240894,99983,232,112,9,4,2748,1308,0.0405668963723833,144,72,47567,48823,2046,987,0,0,0,0,0,0,96319,0,0,35,0,0,0,0,0,0,0,3629,0,0,0,0,0,0
179,3507,180.0379697125911,99983,228,108,9,4,2781,1318,0.04099696948481242,141,89,47544,48801,2076,996,0,0,0,0,0,0,96268,0,0,35,0,0,0,0,0,0,0,3680,0,0,0,0,0,0
180,3507,181.07207383629196,99983,232,116,9,4,2817,1340,0.04157706810157727,143,84,47511,48788,2103,1006,0,0,0,0,0,0,96222,0,0,35,0,0,0,0,0,0,0,3726,0,0,0,0,0,0
181,3507,182.10676695357097,99983,244,119,9,4,2853,1358,0.04211715991718592,137,85,47491,48773,2117,1017,0,0,0,0,0,0,96189,0,0,41,0,0,0,0,0,0,0,3753,0,0,0,0,0,0
182,3507,183.14185050051745,99982,240,132,10,4,2885,1383,0.04268768378308095,139,79,47462,48762,2147,1021,0,0,0,0,0,0,96141,0,0,41,0,0,0,0,0,0,0,3800,0,0,0,0,0,0
183,3507,184.17750696122928,99982,245,139,10,4,2926,1400,0.04326778820187634,135,74,47436,48756,2172,1025,0,0,0,0,0,0,96095,0,0,41,0,0,0,0,0,0,0,3846,0,0,0,0,0,0
184,3507,185.2136765156705,99982,238,138,10,4,2957,1416,0.04373787281710708,145,77,47403,48743,2202,1036,0,0,0,0,0,0,96040,0,0,41,0,0,0,0,0,0,0,3901,0,0,0,0,0,0
185,3507,186.25055106399373,99982,257,142,10,4,3003,1438,0.04441799523914305,135,76,47371,48724,2225,1052,0,0,0,0,0,0,95997,0,0,43,0,0,0,0,0,0,0,3942,0,0,0,0,0,0
186,3507,187.28800624954738,99982,249,144,10,4,3038,1460,0.04498809785761437,132,77,47347,48704,2260,1069,0,0,0,0,0,0,95935,0,0,44,0,0,0,0,0,0,0,4003,0,0,0,0,0,0
187,3507,188.32608209499642,99982,239,148,10,4,3061,1483,0.04544818067252105,153,81,47311,48679,2285,1086,0,0,0,0,0,0,95885,0,0,46,0,0,0,0,0,0,0,4051,0,0,0,0,0,0
188,3507,189.01852612237062,99982,253,149,10,4,3094,1500,0.04594827068872397,147,77,47286,48668,2302,1100,0,0,0,0,0,0,95850,0,0,46,0,0,0,0,0,0,0,4086,0,0,0,0,0,0
189,3507,190.0577379967615,99982,255,146,10,4,3130,1522,0.04652837510751935,153,74,47250,48651,2330,1123,0,0,0,0,0,0,95792,0,0,47,0,0,0,0,0,0,0,4143,0,0,0,0,0,0
190,3507,191.09766828340304,99981,264,144,11,4,3172,1545,0.0471789640031606,155,74,47214,48631,2354,1145,0,0,0,0,0,0,95735,0,0,48,0,0,0,0,0,0,0,4198,0,0,0,0,0,0
191,3507,192.1382881451052,99981,258,137,11,4,3208,1561,0.047699062821936165,157,74,47184,48619,2388,1164,0,0,0,0,0,0,95671,0,0,49,0,0,0,0,0,0,0,4261,0,0,0,0,0,0
192,3507,193.1796326996767,99981,263,135,11,4,3251,1582,0.04833918444504456,154,72,47153,48605,2417,1182,0,0,0,0,0,0,95610,0,0,49,0,0,0,0,0,0,0,4322,0,0,0,0,0,0
193,3507,194.221735142505,99981,255,134,11,4,3296,1600,0.04896930416779188,157,80,47113,48584,2462,1196,0,0,0,0,0,0,95541,0,0,52,0,0,0,0,0,0,0,4388,0,0,0,0,0,0
194,3507,195.26464530066684,99981,265,136,11,4,3339,1620,0.0495994238905392,143,82,47094,48568,2485,1208,0,0,0,0,0,0,95492,0,0,54,0,0,0,0,0,0,0,4435,0,0,0,0,0,0
195,3507,196.30805373253781,99981,271,134,11,4,3380,1641,0.050219541712925454,143,77,47068,48554,2505,1229,0,0,0,0,0,0,95435,0,0,55,0,0,0,0,0,0,0,4491,0,0,0,0,0,0
196,3507,197.00392722972677,99981,275,131,11,4,3412,1652,0.050649623428451404,143,84,47045,48539,2524,1240,0,0,0,0,0,0,95393,0,0,55,0,0,0,0,0,0,0,4533,0,0,0,0,0,0
197,3507,198.04835280146392,99981,268,120,11,4,3439,1671,0.05110971084506056,153,89,47014,48519,2552,1266,0,0,0,0,0,0,95331,0,0,57,0,0,0,0,0,0,0,4593,0,0,0,0,0,0
198,3507,199.09344339864722,99981,278,124,11,4,3486,1697,0.05183984957141857,144,88,46987,48498,2578,1284,0,0,0,0,0,0,95273,0,0,58,0,0,0,0,0,0,0,4650,0,0,0,0,0,0
199,3507,200.13913908339174,99980,266,123,11,5,3519,1714,0.052340468093618725,152,96,46956,48477,2613,1297,0,0,0,0,0,0,95210,0,0,58,0,0,0,0,0,0,0,4712,0,0,0,0,0,0
200,3507,201.18553127914845,99980,284,120,11,5,3568,1738,0.053070614122824565,144,96,46919,48460,2640,1317,0,0,0,0,0,0,95153,0,0,59,0,0,0,0,0,0,0,4768,0,0,0,0,0,0
201,3507,202.23258940226603,99980,278,127,11,5,3602,1765,0.053680736147229444,148,102,46887,48430,2674,1334,0,0,0,0,0,0,95093,0,0,59,0,0,0,0,0,0,0,4828,0,0,0,0,0,0
202,3507,203.28031401926148,99979,281,124,12,5,3645,1789,0.05435141379689735,152,99,46855,48414,2698,1356,0,0,0,0,0,0,95029,0,0,62,0,0,0,0,0,0,0,4888,0,0,0,0,0,0
203,3507,204.32871580992173,99979,271,134,12,5,3681,1816,0.054981546124686184,149,92,46836,48402,2730,1365,0,0,0,0,0,0,94967,0,0,63,0,0,0,0,0,0,0,4949,0,0,0,0,0,0
204,3507,205.02797828388506,99979,268,135,12,5,3707,1834,0.05542163854409426,150,90,46817,48388,2751,1380,0,0,0,0,0,0,94923,0,0,65,0,0,0,0,0,0,0,4991,0,0,0,0,0,0
205,3507,206.07747322031278,99979,262,135,12,5,3747,1858,0.05606177297232419,158,88,46778,48367,2788,1403,0,0,0,0,0,0,94854,0,0,66,0,0,0,0,0,0,0,5059,0,0,0,0,0,0
206,3507,207.12775555770062,99979,264,134,12,5,3787,1881,0.056691905300113025,163,85,46747,48353,2812,1421,0,0,0,0,0,0,94793,0,0,67,0,0,0,0,0,0,0,5119,0,0,0,0,0,0
207,3507,208.1787029441463,99978,270,133,13,5,3833,1905,0.05739262637780312,165,79,46711,48340,2839,1441,0,0,0,0,0,0,94730,0,0,69,0,0,0,0,0,0,0,5179,0,0,0,0,0,0
208,3507,209.23035837623055,99978,269,135,13,5,3874,1924,0.057992758406849504,161,79,46697,48331,2858,1448,0,0,0,0,0,0,94672,0,0,70,0,0,0,0,0,0,0,5236,0,0,0,0,0,0
209,3507,210.28242203365056,99978,276,149,13,5,3920,1958,0.058792934445578024,161,72,46658,48309,2890,1463,0,0,0,0,0,0,94614,0,0,71,0,0,0,0,0,0,0,5293,0,0,0,0,0,0
210,3507,211.33519148091943,99978,294,154,13,5,3968,1981,0.05950309067994959,164,74,46612,48288,2915,1477,0,0,0,0,0,0,94567,0,0,72,0,0,0,0,0,0,0,5339,0,0,0,0,0,0
211,3507,212.0374419038455,99977,293,155,14,5,4001,1992,0.059943787071026336,155,81,46594,48273,2942,1484,0,0,0,0,0,0,94524,0,0,73,0,0,0,0,0,0,0,5380,0,0,0,0,0,0
212,3507,213.09146435030877,99977,307,153,14,5,4046,2018,0.060653950408593976,159,79,46559,48255,2959,1506,0,0,0,0,0,0,94465,0,0,73,0,0,0,0,0,0,0,5439,0,0,0,0,0,0
213,3507,214.14608726663735,99977,292,153,14,5,4082,2044,0.061274093041399524,178,71,46519,48242,2995,1527,0,0,0,0,0,0,94393,0,0,78,0,0,0,0,0,0,0,5506,0,0,0,0,0,0
214,3507,215.20165638963428,99977,291,149,14,5,4125,2068,0.061944247176850674,195,77,46467,48217,3031,1550,0,0,0,0,0,0,94321,0,0,78,0,0,0,0,0,0,0,5578,0,0,0,0,0,0
215,3507,216.25816568766865,99977,310,153,14,5,4184,2100,0.06285445652500075,184,73,46430,48193,3060,1574,0,0,0,0,0,0,94256,0,0,81,0,0,0,0,0,0,0,5640,0,0,0,0,0,0
216,3507,217.3154597501183,99977,325,154,14,5,4242,2126,0.06369464976944697,178,74,46392,48171,3089,1594,0,0,0,0,0,0,94189,0,0,82,0,0,0,0,0,0,0,5706,0,0,0,0,0,0
217,3507,218.02072063373356,99977,324,158,14,5,4272,2146,0.06419476479590305,176,79,46374,48148,3110,1608,0,0,0,0,0,0,94142,0,0,82,0,0,0,0,0,0,0,5753,0,0,0,0,0,0
218,3507,219.07921959370896,99977,302,151,14,5,4313,2168,0.06482490972923773,193,84,46331,48130,3158,1628,0,0,0,0,0,0,94054,0,0,86,0,0,0,0,0,0,0,5837,0,0,0,0,0,0
219,3507,220.13870814553826,99976,309,157,15,5,4367,2193,0.06561574777946708,191,85,46288,48114,3195,1637,0,0,0,0,0,0,93991,0,0,89,0,0,0,0,0,0,0,5896,0,0,0,0,0,0
220,3507,221.19913915401833,99976,310,163,15,5,4425,2226,0.06652596623189566,185,75,46248,48093,3240,1662,0,0,0,0,0,0,93908,0,0,90,0,0,0,0,0,0,0,5978,0,0,0,0,0,0
221,3507,222.26045882487043,99976,304,161,15,5,4475,2245,0.0672161318716492,172,80,46220,48074,3287,1678,0,0,0,0,0,0,93835,0,0,94,0,0,0,0,0,0,0,6047,0,0,0,0,0,0
222,3507,223.32266142392376,99976,298,161,15,5,4523,2265,0.0678962951108266,180,74,46179,48065,3326,1693,0,0,0,0,0,0,93763,0,0,96,0,0,0,0,0,0,0,6117,0,0,0,0,0,0
223,3507,224.0313485480007,99976,299,157,15,5,4553,2279,0.06833640073617668,181,78,46155,48054,3348,1704,0,0,0,0,0,0,93719,0,0,99,0,0,0,0,0,0,0,6158,0,0,0,0,0,0
224,3507,225.09503381810993,99976,282,150,15,5,4588,2299,0.06888653276786429,191,89,46125,48031,3385,1723,0,0,0,0,0,0,93641,0,0,100,0,0,0,0,0,0,0,6235,0,0,0,0,0,0
225,3507,226.15953945116408,99976,283,150,15,5,4631,2326,0.06958670080819397,202,89,46084,48009,3414,1745,0,0,0,0,0,0,93575,0,0,103,0,0,0,0,0,0,0,6298,0,0,0,0,0,0
226,3507,227.2248489578787,99976,280,155,15,5,4687,2347,0.07035688565255661,188,84,46061,48000,3454,1754,0,0,0,0,0,0,93504,0,0,107,0,0,0,0,0,0,0,6365,0,0,0,0,0,0
227,3507,228.29094505272954,99976,290,156,15,5,4744,2368,0.0711370728974954,172,85,46031,47984,3490,1768,0,0,0,0,0,0,93438,0,0,108,0,0,0,0,0,0,0,6430,0,0,0,0,0,0
228,3507,229.00203811452954,99976,289,161,15,5,4771,2386,0.07158718092342162,169,85,46014,47969,3511,1778,0,0,0,0,0,0,93397,0,0,108,0,0,0,0,0,0,0,6471,0,0,0,0,0,0
229,3507,230.06926853114308,99976,280,154,15,5,4814,2409,0.07224733936144674,168,96,45986,47940,3549,1803,0,0,0,0,0,0,93317,0,0,110,0,0,0,0,0,0,0,6549,0,0,0,0,0,0
230,3507,231.13719433302097,99976,289,156,15,5,4869,2439,0.0730975434104185,170,98,45945,47915,3579,1824,0,0,0,0,0,0,93247,0,0,114,0,0,0,0,0,0,0,6615,0,0,0,0,0,0
231,3507,232.20593087373632,99976,293,151,15,5,4912,2455,0.07368768504441066,170,105,45917,47902,3603,1835,0,0,0,0,0,0,93189,0,0,116,0,0,0,0,0,0,0,6671,0,0,0,0,0,0
232,3507,233.2752964063482,99976,288,158,15,5,4964,2484,0.07449787949107786,158,114,45890,47876,3647,1845,0,0,0,0,0,0,93113,0,0,119,0,0,0,0,0,0,0,6744,0,0,0,0,0,0
233,3507,234.34535987021377,99976,282,172,15,5,5004,2518,0.0752380571337121,154,102,45867,47861,3680,1858,0,0,0,0,0,0,93053,0,0,125,0,0,0,0,0,0,0,6798,0,0,0,0,0,0
234,3507,235.0590803722056,99975,283,170,16,5,5033,2534,0.07568892223055763,151,94,45849,47861,3699,1868,0,0,0,0,0,0,93010,0,0,126,1,0,0,0,0,0,0,6838,0,0,0,0,0,0
235,3507,236.13017349673817,99975,288,171,16,5,5082,2561,0.07644911227806951,142,87,45823,47851,3729,1884,0,0,0,0,0,0,92942,0,0,128,1,0,0,0,0,0,0,6904,0,0,0,0,0,0
236,3507,237.2019448360018,99975,290,167,16,5,5129,2579,0.07709927481870468,134,91,45808,47838,3750,1897,0,0,0,0,0,0,92879,0,0,132,1,0,0,0,0,0,0,6963,0,0,0,0,0,0
237,3507,238.27416173822522,99975,277,167,16,5,5166,2600,0.07767941985496374,142,92,45780,47823,3783,1911,0,0,0,0,0,0,92812,0,0,136,1,0,0,0,0,0,0,7026,0,0,0,0,0,0
238,3507,239.34714502374416,99974,272,153,17,5,5206,2623,0.07831036069378039,148,95,45751,47801,3810,1944,0,0,0,0,0,0,92731,0,0,137,1,0,0,0,0,0,0,7105,0,0,0,0,0,0
239,3507,240.06292668205245,99974,259,147,17,5,5225,2630,0.07857042831136095,160,106,45733,47788,3829,1952,0,0,0,0,0,0,92687,0,0,138,1,0,0,0,0,0,0,7148,0,0,0,0,0,0
240,3507,241.13705832604558,99974,260,148,17,5,5270,2659,0.07931062076139796,161,105,45704,47765,3856,1975,0,0,0,0,0,0,92617,0,0,140,1,0,0,0,0,0,0,7216,0,0,0,0,0,0
241,3507,242.21179156837368,99974,252,164,17,5,5310,2695,0.08007081841278732,158,93,45693,47744,3878,1992,0,0,0,0,0,0,92554,0,0,143,2,0,0,0,0,0,0,7275,0,0,0,0,0,0
242,3507,243.28689523571978,99973,249,169,17,6,5343,2724,0.08069178678243126,174,89,45666,47731,3892,2003,0,0,0,0,0,0,92496,0,0,145,2,0,0,0,0,0,0,7330,0,0,0,0,0,0
243,3507,244.00390250064947,99973,248,157,17,6,5362,2738,0.08102187590649475,178,90,45651,47725,3904,2020,0,0,0,0,0,0,92452,0,0,147,2,0,0,0,0,0,0,7372,0,0,0,0,0,0
244,3507,245.07994317449985,99973,273,156,17,6,5418,2762,0.0818220919648305,160,81,45625,47717,3923,2038,0,0,0,0,0,0,92396,0,0,147,2,0,0,0,0,0,0,7428,0,0,0,0,0,0
245,3507,246.15658803703838,99973,269,162,17,6,5459,2785,0.08246226481149911,159,80,45597,47704,3956,2046,0,0,0,0,0,0,92339,0,0,152,2,0,0,0,0,0,0,7480,0,0,0,0,0,0
246,3507,247.23387011459673,99973,273,169,17,6,5507,2810,0.08319246196473047,153,73,45574,47695,3981,2055,0,0,0,0,0,0,92280,0,0,155,2,0,0,0,0,0,0,7536,0,0,0,0,0,0
247,3507,248.31172402466254,99973,281,170,17,6,5553,2831,0.08386264291358667,163,73,45530,47685,4007,2064,0,0,0,0,0,0,92223,0,0,156,2,0,0,0,0,0,0,7592,0,0,0,0,0,0
248,3507,249.0307497345201,99973,293,170,17,6,5590,2849,0.0844127914536925,164,69,45503,47681,4021,2072,0,0,0,0,0,0,92182,0,0,158,2,0,0,0,0,0,0,7631,0,0,0,0,0,0
249,3507,250.10986590233117,99973,284,162,17,6,5627,2866,0.08495293729306913,181,80,45467,47664,4049,2086,0,0,0,0,0,0,92116,0,0,163,2,0,0,0,0,0,0,7692,0,0,0,0,0,0
250,3507,251.18983300157637,99973,276,162,17,6,5671,2888,0.08561311554119612,194,83,45429,47648,4082,2099,0,0,0,0,0,0,92047,0,0,168,2,0,0,0,0,0,0,7756,0,0,0,0,0,0
251,3507,252.2707041912718,99973,281,156,17,6,5728,2909,0.08639332619807348,180,87,45402,47633,4118,2116,0,0,0,0,0,0,91976,0,0,176,2,0,0,0,0,0,0,7819,0,0,0,0,0,0
252,3507,253.35226885962481,99973,289,171,17,6,5781,2939,0.08722355035859682,168,81,45379,47613,4145,2127,0,0,0,0,0,0,91920,0,0,180,2,0,0,0,0,0,0,7871,0,0,0,0,0,0
253,3507,254.07359962633447,99973,294,170,17,6,5815,2955,0.08772368539505666,175,86,45347,47597,4165,2139,0,0,0,0,0,0,91875,0,0,181,2,0,0,0,0,0,0,7915,0,0,0,0,0,0
254,3507,255.1562518338249,99973,294,163,17,6,5852,2973,0.0882738339351625,188,85,45315,47588,4184,2156,0,0,0,0,0,0,91816,0,0,184,2,0,0,0,0,0,0,7971,0,0,0,0,0,0
255,3507,256.23960186099026,99973,288,165,17,6,5901,2996,0.08899402838766467,185,81,45287,47578,4221,2168,0,0,0,0,0,0,91742,0,0,186,2,0,0,0,0,0,0,8043,0,0,0,0,0,0
256,3507,257.32379309030404,99973,298,155,17,6,5949,3013,0.08964420393506246,183,90,45264,47561,4236,2186,0,0,0,0,0,0,91679,0,0,188,2,0,0,0,0,0,0,8104,0,0,0,0,0,0
257,3507,258.04684210472095,99973,313,160,17,6,5986,3031,0.0901943524751683,183,79,45238,47561,4247,2192,0,0,0,0,0,0,91646,0,0,190,2,0,0,0,0,0,0,8135,0,0,0,0,0,0
258,3507,259.13193802634527,99973,319,168,17,6,6041,3051,0.09094455502985806,174,81,45204,47545,4284,2198,0,0,0,0,0,0,91587,0,0,192,2,0,0,0,0,0,0,8192,0,0,0,0,0,0
259,3507,260.217804217961,99972,304,162,17,7,6084,3068,0.09154563277717762,182,94,45177,47523,4318,2212,0,0,0,0,0,0,91512,0,0,198,2,0,0,0,0,0,0,8260,0,0,0,0,0,0
260,3507,261.30438700107055,99972,326,159,17,7,6142,3094,0.09238586804305206,175,98,45143,47505,4337,2229,0,0,0,0,0,0,91451,0,0,202,2,0,0,0,0,0,0,8317,0,0,0,0,0,0
261,3507,262.0291404321455,99972,330,158,17,7,6176,3106,0.09284599687912616,169,105,45126,47492,4356,2236,0,0,0,0,0,0,91411,0,0,205,2,0,0,0,0,0,0,8354,0,0,0,0,0,0
262,3507,263.1167341303684,99972,331,169,17,7,6221,3138,0.09361621253951107,165,106,45103,47471,4382,2245,0,0,0,0,0,0,91349,0,0,208,2,0,0,0,0,0,0,8413,0,0,0,0,0,0
263,3507,264.2049740854776,99972,326,166,17,7,6266,3164,0.09432641139519066,186,110,45053,47450,4416,2265,0,0,0,0,0,0,91276,0,0,214,2,0,0,0,0,0,0,8480,0,0,0,0,0,0
264,3507,265.2941087099653,99972,313,171,17,7,6314,3194,0.09510662985635979,183,105,45035,47437,4450,2278,0,0,0,0,0,0,91195,0,0,219,2,0,0,0,0,0,0,8556,0,0,0,0,0,0
265,3507,266.02054209962824,99972,312,166,17,7,6354,3207,0.09563677829792341,174,101,45017,47434,4478,2290,0,0,0,0,0,0,91140,0,0,223,2,0,0,0,0,0,0,8607,0,0,0,0,0,0
266,3507,267.11089487060724,99972,325,173,17,7,6412,3229,0.09643700236066098,167,98,44991,47422,4498,2298,0,0,0,0,0,0,91083,0,0,226,2,0,0,0,0,0,0,8661,0,0,0,0,0,0
267,3507,268.201858747292,99972,314,176,17,7,6455,3260,0.09717720961869324,166,103,44965,47390,4536,2322,0,0,0,0,0,0,91005,0,0,230,2,0,0,0,0,0,0,8735,0,0,0,0,0,0
268,3507,269.29352614130283,99972,321,179,17,7,6510,3295,0.09807746168927299,155,95,44946,47371,4559,2346,0,0,0,0,0,0,90927,0,0,232,2,0,0,0,0,0,0,8811,0,0,0,0,0,0
269,3507,270.02157828963635,99972,318,175,17,7,6539,3309,0.09850758212299444,166,99,44916,47357,4581,2360,0,0,0,0,0,0,90880,0,0,235,2,0,0,0,0,0,0,8855,0,0,0,0,0,0
270,3507,271.1143745006691,99972,300,173,17,7,6588,3338,0.09928780058416356,164,98,44893,47335,4624,2385,0,0,0,0,0,0,90791,0,0,244,2,0,0,0,0,0,0,8935,0,0,0,0,0,0
271,3507,272.20800027104343,99972,301,172,17,7,6634,3362,0.09998799663905894,176,99,44850,47318,4654,2402,0,0,0,0,0,0,90726,0,0,249,2,0,0,0,0,0,0,8995,0,0,0,0,0,0
272,3507,273.30251625087345,99972,299,188,17,7,6682,3397,0.10081822910414916,182,81,44813,47313,4687,2409,0,0,0,0,0,0,90662,0,0,254,2,0,0,0,0,0,0,9054,0,0,0,0,0,0
273,3507,274.03267374091985,99972,302,181,17,7,6710,3409,0.10121834113551795,182,91,44798,47297,4699,2422,0,0,0,0,0,0,90620,0,0,256,2,0,0,0,0,0,0,9094,0,0,0,0,0,0
274,3507,275.1283892600387,99972,292,175,17,7,6745,3430,0.10177849797943424,192,94,44774,47283,4723,2439,0,0,0,0,0,0,90555,0,0,263,2,0,0,0,0,0,0,9152,0,0,0,0,0,0
275,3507,276.22474189017476,99972,296,181,17,7,6794,3462,0.10258872484295603,186,91,44750,47267,4749,2452,0,0,0,0,0,0,90485,0,0,264,2,0,0,0,0,0,0,9221,0,0,0,0,0,0
276,3507,277.3216738766025,99972,307,179,17,7,6849,3485,0.10336894330412516,183,97,44711,47249,4780,2466,0,0,0,0,0,0,90423,0,0,271,2,0,0,0,0,0,0,9276,0,0,0,0,0,0
277,3507,278.05341481400654,99972,294,182,17,7,6872,3506,0.10380906653863081,192,86,44696,47244,4799,2479,0,0,0,0,0,0,90373,0,0,275,2,0,0,0,0,0,0,9322,0,0,0,0,0,0
278,3507,279.15166540320746,99972,300,181,17,7,6930,3527,0.10459928780058417,190,94,44658,47226,4833,2490,0,0,0,0,0,0,90301,0,0,277,2,0,0,0,0,0,0,9392,0,0,0,0,0,0
279,3507,280.25077560359045,99971,305,184,18,7,6980,3554,0.10537055746166388,195,95,44621,47204,4859,2508,0,0,0,0,0,0,90238,0,0,283,2,0,0,0,0,0,0,9448,0,0,0,0,0,0
280,3507,281.35065721022755,99971,303,188,18,7,7034,3584,0.10621080113232838,201,90,44579,47187,4897,2526,0,0,0,0,0,0,90164,0,0,291,2,0,0,0,0,0,0,9514,0,0,0,0,0,0
281,3507,282.0843911712378,99971,305,191,18,7,7069,3601,0.10673095197607306,200,90,44558,47176,4917,2534,0,0,0,0,0,0,90119,0,0,293,2,0,0,0,0,0,0,9557,0,0,0,0,0,0
282,3507,283.1857025214344,99970,326,189,18,8,7123,3636,0.1076222866860058,195,88,44526,47150,4933,2563,0,0,0,0,0,0,90058,0,0,302,2,0,0,0,0,0,0,9608,0,0,0,0,0,0
283,3507,284.2876812191145,99969,320,186,19,8,7174,3657,0.10834358651181866,196,92,44492,47132,4971,2580,0,0,0,0,0,0,89981,0,0,306,2,0,0,0,0,0,0,9680,0,0,0,0,0,0
284,3507,285.0227740292443,99969,325,175,19,8,7208,3672,0.10883373845892226,201,95,44464,47124,4989,2596,0,0,0,0,0,0,89928,0,0,308,2,0,0,0,0,0,0,9731,0,0,0,0,0,0
285,3507,286.1261964467426,99969,333,158,19,8,7260,3690,0.10953395552621313,185,108,44445,47104,5016,2620,0,0,0,0,0,0,89851,0,0,310,2,0,0,0,0,0,0,9806,0,0,0,0,0,0
286,3507,287.23026775888917,99969,329,156,19,8,7324,3717,0.11044423771369125,171,102,44425,47094,5054,2638,0,0,0,0,0,0,89765,0,0,321,2,0,0,0,0,0,0,9881,0,0,0,0,0,0
287,3507,288.3351786983421,99969,307,153,19,8,7365,3742,0.11110444237713692,183,102,44383,47086,5106,2649,0,0,0,0,0,0,89679,0,0,326,2,0,0,0,0,0,0,9962,0,0,0,0,0,0
288,3507,289.07237569758513,99969,302,155,19,8,7395,3760,0.11158459122327921,192,104,44357,47076,5128,2655,0,0,0,0,0,0,89631,0,0,329,2,0,0,0,0,0,0,10007,0,0,0,0,0,0
289,3507,290.178947832041,99968,308,155,20,8,7453,3788,0.11244598271446862,182,94,44334,47075,5154,2666,0,0,0,0,0,0,89558,0,0,336,2,0,0,0,0,0,0,10072,0,0,0,0,0,0
290,3507,291.28617250501566,99968,316,158,20,8,7503,3820,0.11326624519846351,180,85,44311,47060,5171,2687,0,0,0,0,0,0,89495,0,0,344,2,0,0,0,0,0,0,10127,0,0,0,0,0,0
291,3507,292.02463207568434,99968,324,161,20,8,7542,3833,0.11378641165172855,186,88,44282,47049,5186,2692,0,0,0,0,0,0,89455,0,0,345,2,0,0,0,0,0,0,10166,0,0,0,0,0,0
292,3507,293.13288021029757,99968,322,167,20,8,7596,3868,0.11467669654289372,187,77,44255,47038,5214,2708,0,0,0,0,0,0,89378,0,0,353,2,0,0,0,0,0,0,10235,0,0,0,0,0,0
293,3507,294.24189230869604,99968,335,160,20,8,7658,3888,0.1154969590268886,165,82,44231,47021,5247,2727,0,0,0,0,0,0,89309,0,0,358,3,0,0,0,0,0,0,10298,0,0,0,0,0,0
294,3507,295.3516234224725,99968,339,148,20,8,7709,3910,0.11622719270166454,174,85,44190,47011,5275,2746,0,0,0,0,0,0,89234,0,0,364,3,0,0,0,0,0,0,10367,0,0,0,0,0,0
295,3507,296.0919451962402,99968,336,146,20,8,7737,3922,0.11662732074263764,180,90,44173,47001,5289,2753,0,0,0,0,0,0,89191,0,0,366,3,0,0,0,0,0,0,10408,0,0,0,0,0,0
296,3507,297.2030961652221,99967,315,150,21,8,7781,3950,0.11734872507927616,187,85,44146,46987,5329,2768,0,0,0,0,0,0,89109,0,0,373,3,0,0,0,0,0,0,10482,0,0,0,0,0,0
297,3507,298.31498296534005,99967,306,161,21,8,7835,3982,0.11820900897296108,193,78,44114,46972,5364,2779,0,0,0,0,0,0,89032,0,0,380,3,0,0,0,0,0,0,10552,0,0,0,0,0,0
298,3507,299.05669923517115,99967,310,153,21,8,7874,3996,0.11873918393069713,196,73,44088,46968,5383,2796,0,0,0,0,0,0,88976,0,0,381,3,0,0,0,0,0,0,10607,0,0,0,0,0,0
299,3507,300.169965126244,99967,318,152,21,8,7939,4018,0.1196094711254714,175,74,44065,46959,5419,2805,0,0,0,0,0,0,88900,0,0,385,3,0,0,0,0,0,0,10679,0,0,0,0,0,0
300,3507,301.2840190013505,99967,327,150,21,8,7990,4035,0.12028969559954784,172,88,44044,46940,5434,2812,0,0,0,0,0,0,88847,0,0,393,3,0,0,0,0,0,0,10724,0,0,0,0,0,0
301,3507,302.02693345824383,99967,318,150,21,8,8022,4053,0.12078986065401583,180,84,44011,46938,5468,2818,0,0,0,0,0,0,88791,0,0,396,3,0,0,0,0,0,0,10777,0,0,0,0,0,0
302,3507,303.1421971357131,99967,305,158,21,8,8075,4082,0.12161013134334331,176,79,43987,46924,5509,2829,0,0,0,0,0,0,88705,0,0,397,3,0,0,0,0,0,0,10862,0,0,0,0,0,0
303,3507,304.2583069926102,99967,313,160,21,8,8127,4102,0.12233036902177719,177,83,43959,46914,5528,2833,0,0,0,0,0,0,88644,0,0,396,4,0,0,0,0,0,0,10923,0,0,0,0,0,0
304,3507,305.0026970096046,99967,317,155,21,8,8162,4113,0.12279052087188773,178,92,43943,46899,5539,2844,0,0,0,0,0,0,88598,0,0,397,4,0,0,0,0,0,0,10968,0,0,0,0,0,0
305,3507,306.11976496635936,99967,325,159,21,8,8220,4140,0.12364080146448328,179,86,43911,46891,5562,2854,0,0,0,0,0,0,88532,0,0,404,4,0,0,0,0,0,0,11027,0,0,0,0,0,0
306,3507,307.23747734829055,99967,318,171,21,8,8274,4169,0.12447107545490012,174,86,43881,46874,5604,2859,0,0,0,0,0,0,88458,0,0,408,4,0,0,0,0,0,0,11097,0,0,0,0,0,0
307,3507,308.3561359195792,99967,317,164,21,8,8326,4192,0.12522132303660208,180,89,43841,46865,5639,2872,0,0,0,0,0,0,88382,0,0,415,4,0,0,0,0,0,0,11166,0,0,0,0,0,0
308,3507,309.10247923777195,99966,327,155,21,9,8364,4205,0.1257327491347058,175,89,43823,46861,5652,2884,0,0,0,0,0,0,88335,0,0,418,4,0,0,0,0,0,0,11209,0,0,0,0,0,0
309,3507,310.22253851288656,99966,336,148,21,9,8423,4222,0.1264930076225917,155,95,43804,46848,5682,2898,0,0,0,0,0,0,88266,0,0,423,4,0,0,0,0,0,0,11273,0,0,0,0,0,0
310,3507,311.34325028068434,99966,321,151,21,9,8458,4241,0.1270331912850369,172,100,43775,46839,5709,2899,0,0,0,0,0,0,88203,0,0,426,4,0,0,0,0,0,0,11333,0,0,0,0,0,0
311,3507,312.09075438338965,99966,318,152,21,9,8488,4263,0.12755336814516935,173,100,43755,46824,5731,2913,0,0,0,0,0,0,88153,0,0,430,4,0,0,0,0,0,0,11379,0,0,0,0,0,0
312,3507,313.2126589331573,99966,309,154,21,9,8539,4289,0.12832363003421163,176,110,43717,46798,5775,2927,0,0,0,0,0,0,88079,0,0,440,4,0,0,0,0,0,0,11443,0,0,0,0,0,0
313,3507,314.3354756932562,99966,295,171,21,9,8586,4324,0.12914390892903588,176,110,43687,46776,5819,2932,0,0,0,0,0,0,88001,0,0,441,4,0,0,0,0,0,0,11520,0,0,0,0,0,0
314,3507,315.08450077223193,99966,305,181,21,9,8620,4348,0.12972410619610666,182,110,43665,46767,5825,2931,0,0,0,0,0,0,87964,0,0,442,4,0,0,0,0,0,0,11556,0,0,0,0,0,0
315,3507,316.20854710689537,99965,292,170,22,9,8674,4369,0.13047566648326914,175,111,43648,46760,5861,2948,0,0,0,0,0,0,87869,0,0,446,4,0,0,0,0,0,0,11646,0,0,0,0,0,0
316,3507,317.3333149337008,99965,289,169,22,9,8726,4401,0.13131596058620518,171,100,43623,46748,5893,2972,0,0,0,0,0,0,87787,0,0,452,4,0,0,0,0,0,0,11722,0,0,0,0,0,0
317,3507,318.08355715094905,99965,292,163,22,9,8756,4419,0.13179612864502577,171,97,43605,46741,5908,2988,0,0,0,0,0,0,87739,0,0,453,5,0,0,0,0,0,0,11768,0,0,0,0,0,0
318,3507,319.209566047277,99964,305,181,23,9,8805,4451,0.13260773878596294,163,98,43594,46720,5913,2990,0,0,0,0,0,0,87694,0,0,458,5,0,0,0,0,0,0,11807,0,0,0,0,0,0
319,3507,320.33565766805833,99964,304,188,23,9,8848,4477,0.13329798727541914,171,101,43566,46709,5933,2990,1,1,1,1,0,0,87635,0,0,462,6,0,0,0,0,0,2,11859,0,0,0,0,0,0
320,3507,321.08671635778916,99964,299,180,23,9,8876,4495,0.1337581529350566,181,107,43540,46694,5953,3006,2,2,2,2,0,0,87577,0,0,464,6,0,0,0,0,0,3,11913,1,0,0,0,0,0
321,3507,322.0441606309094,99964,307,180,23,9,8910,4514,0.13428834380376936,178,100,43521,46686,5966,3020,3,3,3,3,0,0,87533,0,0,467,6,0,0,0,0,0,5,11952,1,0,0,0,0,0
322,3507,323.1102893567412,99964,304,186,23,9,8954,4545,0.13503861390100436,185,103,43496,46662,5986,3034,4,4,4,4,0,0,87469,0,0,474,7,0,0,0,0,0,6,12006,2,0,0,0,0,0
323,3507,324.00421682623187,99962,311,176,24,10,8994,4569,0.13568155899241713,181,104,43488,46644,5989,3059,5,5,5,5,0,0,87403,0,0,477,7,0,0,0,0,0,8,12065,2,0,0,0,0,0
324,3507,325.0440720733642,99962,319,181,24,10,9047,4609,0.13661191252676017,179,97,43466,46625,6004,3079,6,6,6,6,0,0,87329,0,0,485,7,0,0,0,0,0,10,12129,2,0,0,0,0,0
325,3507,326.0147074237657,99962,311,176,24,10,9084,4633,0.13722214441487765,187,96,43432,46610,6037,3099,7,7,7,7,0,0,87258,0,0,490,7,0,0,0,0,0,12,12193,2,0,0,0,0,0
326,3507,327.00002873368607,99961,331,183,25,10,9135,4659,0.13799381758885965,184,93,43405,46598,6045,3106,8,8,8,8,0,0,87211,0,0,493,8,0,0,0,0,0,14,12233,2,0,0,0,0,0
327,3507,328.11160399341315,99961,332,182,25,10,9183,4696,0.1388441492181951,174,89,43396,46583,6062,3125,9,9,9,9,0,0,87131,0,0,500,8,0,0,0,0,0,16,12304,2,0,0,0,0,0
328,3507,329.0164608835521,99961,316,187,25,10,9214,4721,0.13940436770340434,187,87,43372,46566,6088,3138,10,10,10,10,0,0,87069,0,0,507,8,0,0,0,0,0,18,12357,2,0,0,0,0,0
329,3507,330.01120718916104,99961,311,192,25,10,9253,4743,0.14001460569622154,178,79,43356,46563,6117,3143,11,11,11,11,0,0,87011,0,0,512,8,0,0,0,0,0,20,12408,2,0,0,0,0,0
330,3507,331.1353887572254,99961,309,189,25,10,9299,4767,0.14071487880273306,188,82,43319,46558,6145,3147,12,12,12,12,0,0,86937,0,0,514,8,0,0,0,0,0,21,12478,3,0,0,0,0,0
331,3507,332.0438501508858,99961,325,192,25,10,9345,4793,0.1414351597122878,191,85,43292,46542,6152,3156,13,13,13,13,0,0,86891,0,0,523,8,0,0,0,0,0,23,12513,3,0,0,0,0,0
332,3507,333.011104658435,99960,318,192,26,10,9386,4820,0.14211684673869548,184,90,43276,46518,6180,3174,14,14,14,14,0,0,86816,0,0,525,8,0,0,0,0,0,25,12583,3,0,0,0,0,0
333,3507,334.00623150377504,99959,300,192,27,10,9424,4842,0.1427185145909823,188,91,43253,46505,6215,3185,15,15,15,15,0,0,86742,0,0,529,9,0,0,0,0,0,27,12649,3,0,0,0,0,0
334,3507,335.0183932011721,99959,306,189,27,10,9476,4868,0.1434988345221541,186,88,43228,46495,6235,3200,16,16,16,16,0,0,86672,0,0,536,9,0,0,0,0,0,29,12710,3,0,0,0,0,0
335,3507,336.06693794799355,99959,299,190,27,10,9521,4898,0.1442491421482808,192,83,43204,46480,6259,3218,17,17,17,17,0,0,86599,0,0,544,10,0,0,0,0,0,31,12772,3,0,0,0,0,0
336,3507,337.036728318581,99959,309,186,27,10,9568,4917,0.1449094128592723,191,79,43177,46476,6276,3229,18,18,18,18,0,0,86545,0,0,552,10,0,0,0,0,0,33,12816,3,0,0,0,0,0
337,3507,338.0348054956043,99959,312,180,27,10,9613,4938,0.1455696835702638,191,80,43152,46468,6297,3241,19,19,19,19,0,0,86479,0,0,557,10,0,0,0,0,0,35,12875,3,0,0,0,0,0
338,3507,339.0129612460783,99959,294,182,27,10,9648,4956,0.14609990095939335,189,80,43137,46458,6331,3248,20,20,20,20,0,0,86413,0,0,561,10,0,0,0,0,0,36,12935,4,0,0,0,0,0
339,3507,340.013454280093,99959,288,169,27,10,9693,4973,0.1467201552636581,176,85,43127,46448,6359,3265,21,21,21,21,0,0,86339,0,0,570,10,0,0,0,0,0,38,12998,4,0,0,0,0,0
340,3507,341.16664052421766,99959,295,172,27,10,9759,5011,0.1477605818385538,188,81,43090,46428,6376,3285,22,22,22,22,0,0,86254,0,0,581,10,0,0,0,0,0,40,13070,4,0,0,0,0,0
341,3507,342.3057862075111,99959,306,173,27,10,9818,5040,0.1486409427865425,177,81,43071,46413,6394,3298,23,23,23,23,0,0,86181,0,0,586,10,0,0,0,0,0,42,13136,4,0,0,0,0,0
342,3507,343.0655302635857,99959,297,167,27,10,9848,5061,0.14915115197230866,190,78,43054,46397,6406,3322,24,24,24,24,0,0,86118,0,0,591,10,0,0,0,0,0,44,13192,4,0,0,0,0,0
343,3507,344.2056834124362,99957,315,162,29,10,9913,5082,0.1500145062376822,168,80,43042,46385,6419,3336,25,25,25,25,0,0,86051,0,0,598,10,0,0,0,0,0,45,13248,5,0,0,0,0,0
344,3507,345.3462305700171,99957,311,161,29,10,9963,5104,0.15073481597086746,160,81,43024,46375,6447,3346,27,25,26,27,0,0,85981,0,0,608,10,0,0,0,0,0,48,13305,5,0,0,0,0,0
345,3507,346.1069523354227,99957,314,163,29,10,9999,5121,0.15126504396890664,148,82,43018,46365,6460,3351,29,27,28,29,0,0,85937,0,0,614,10,0,0,0,0,0,50,13339,7,0,0,0,0,0
346,3507,347.2483577734805,99957,299,156,29,10,10038,5148,0.15192532789099314,152,80,42996,46349,6491,3374,31,29,30,31,0,0,85859,0,0,626,11,0,0,0,0,0,54,13400,7,0,0,0,0,0
347,3507,348.00964029430276,99957,282,157,29,10,10062,5167,0.15235551287053434,159,86,42987,46332,6508,3382,33,31,32,33,0,0,85804,0,0,633,11,0,0,0,0,0,57,13444,8,0,0,0,0,0
348,3507,349.1521654757995,99957,295,167,29,10,10112,5193,0.1531158398111188,165,78,42964,46333,6511,3377,34,33,34,35,0,0,85753,0,0,639,11,0,0,0,0,0,61,13485,8,0,0,0,0,0
349,3507,350.2951646010675,99957,294,163,29,10,10152,5216,0.15374611082765588,172,78,42934,46318,6532,3393,37,36,37,38,0,0,85683,0,0,641,12,0,0,0,0,0,67,13546,8,0,0,0,0,0
350,3507,351.0574809771041,99956,279,161,30,10,10173,5230,0.15409780303333467,190,78,42912,46315,6547,3396,40,38,40,41,0,0,85630,0,0,645,12,0,0,0,0,0,72,13588,9,0,0,0,0,0
351,3507,352.20168999737405,99956,280,163,30,10,10227,5257,0.1549081595902197,176,82,42895,46291,6574,3411,43,41,43,44,0,0,85554,0,0,649,13,0,0,0,0,0,75,13654,11,0,0,0,0,0
352,3507,353.34644778115523,99956,270,157,30,10,10267,5277,0.15550842370643084,172,82,42890,46283,6589,3421,47,45,47,48,0,0,85482,0,0,659,13,0,0,0,0,0,81,13708,13,0,0,0,0,0
353,3507,354.1097866150306,99956,280,152,30,10,10303,5290,0.1559986394013366,162,80,42880,46272,6596,3435,50,49,51,52,0,0,85432,0,0,661,13,0,0,0,0,0,89,13748,13,0,0,0,0,0
354,3507,355.2551370387537,99956,280,161,30,10,10343,5322,0.15671895634078994,167,74,42868,46258,6598,3441,55,54,56,57,0,0,85365,0,0,665,14,0,0,0,0,0,99,13800,13,0,0,0,0,0
355,3507,356.01884600175913,99956,278,149,30,10,10370,5333,0.15709912361439032,172,79,42851,46250,6607,3451,60,59,61,62,0,0,85309,0,0,669,14,0,0,0,0,0,107,13842,15,0,0,0,0,0
356,3507,357.1649022050367,99955,271,157,31,10,10419,5358,0.15784102846280826,155,83,42836,46231,6640,3454,65,63,67,67,0,0,85238,0,0,680,14,0,0,0,0,0,116,13890,17,0,0,0,0,0
357,3507,358.31159329036217,99954,275,159,32,10,10473,5381,0.15861296196250274,133,85,42825,46208,6662,3467,71,69,73,73,0,0,85160,0,0,684,14,0,0,0,0,0,127,13951,18,0,0,0,0,0
358,3507,359.07629225397864,99953,282,155,33,10,10504,5396,0.15907476513961563,129,88,42812,46194,6665,3475,77,76,80,80,0,0,85109,0,0,687,15,0,0,0,0,0,140,13983,19,0,0,0,0,0
359,3507,360.2237808004302,99953,270,152,33,10,10539,5425,0.1597150660810581,140,89,42792,46165,6680,3498,83,84,88,87,0,0,85023,0,0,691,16,0,0,0,0,0,152,14050,21,0,0,0,0,0
360,3507,361.37178559791414,99953,273,150,33,10,10579,5446,0.16032535291587047,152,92,42762,46154,6687,3499,91,93,97,95,0,0,84953,0,0,696,16,0,0,0,0,0,167,14098,23,0,0,0,0,0
361,3507,362.13746966372605,99953,265,145,33,10,10601,5457,0.16065550808880175,152,99,42753,46131,6695,3510,100,103,107,104,0,0,84893,0,0,695,17,0,0,0,0,0,182,14139,27,0,0,0,0,0
362,3507,363.2864503241786,99953,272,158,33,10,10648,5487,0.16142587015897472,146,84,42726,46117,6712,3515,109,114,118,113,0,0,84825,0,0,703,17,0,0,0,0,0,201,14179,28,0,0,0,0,0
363,3507,364.05281013214557,99953,265,148,33,10,10675,5500,0.16182605824737625,138,83,42713,46106,6730,3525,119,126,130,123,0,0,84751,0,0,704,18,0,0,0,0,0,220,14230,30,0,0,0,0,0
364,3507,365.20304354558175,99953,264,144,33,10,10716,5520,0.16243634508218863,137,90,42695,46081,6739,3534,130,139,143,134,0,0,84675,0,0,713,18,0,0,0,0,0,239,14273,35,0,0,0,0,0
365,3507,366.35390859193797,99953,247,133,33,10,10755,5540,0.1630266225125809,136,93,42663,46059,6777,3550,142,153,157,146,0,0,84573,0,0,719,19,0,0,0,0,0,262,14342,38,0,0,0,0,0
366,3507,367.1216901212144,99953,243,134,33,10,10778,5551,0.16336678238772223,139,99,42646,46035,6782,3553,155,167,172,159,0,0,84514,0,0,723,19,0,0,0,0,0,288,14369,40,0,0,0,0,0
367,3507,368.2740043216898,99953,246,143,33,10,10819,5580,0.16406711154242493,129,89,42640,46015,6781,3558,169,183,189,173,0,0,84432,0,0,727,19,0,0,0,0,0,316,14416,43,0,0,0,0,0
368,3507,369.04232757403656,99953,245,137,33,10,10844,5590,0.1644172761197763,128,86,42615,46003,6793,3561,184,201,207,188,0,0,84366,0,0,730,21,0,0,0,0,0,346,14445,45,0,0,0,0,0
369,3507,370.195648215741,99953,246,138,33,10,10884,5619,0.16510760057226898,133,82,42582,45972,6803,3575,201,221,227,205,0,0,84273,0,0,734,22,0,0,0,0,0,378,14496,50,0,0,0,0,0
370,3507,371.34974226425004,99953,229,146,33,10,10917,5643,0.16567786859824118,135,89,42560,45937,6823,3576,218,240,249,223,0,0,84183,0,0,742,23,0,0,0,0,0,411,14538,56,0,0,0,0,0
371,3507,372.11948583968405,99953,227,142,33,10,10941,5657,0.16605804728222265,132,89,42542,45912,6827,3582,237,263,273,242,0,0,84108,0,0,746,23,0,0,0,0,0,446,14566,64,0,0,0,0,0
372,3507,373.274832878253,99953,223,139,33,10,10979,5683,0.1666983482236651,124,86,42523,45878,6838,3597,257,288,299,263,0,0,84007,0,0,751,23,0,0,0,0,0,481,14615,76,0,0,0,0,0
373,3507,374.04544894066504,99953,213,154,33,10,10996,5707,0.16710854101427672,131,81,42494,45841,6850,3596,277,316,327,285,0,0,83933,0,0,758,23,0,0,0,0,0,526,14632,81,0,0,0,0,0
374,3507,375.2022681262564,99953,216,151,33,10,11043,5728,0.16778886076455934,130,80,42460,45811,6858,3601,301,345,357,309,0,0,83825,0,0,762,25,0,0,0,0,0,574,14680,87,0,0,0,0,0
375,3507,376.35982869795106,99953,220,154,33,10,11080,5753,0.16840915230158174,120,74,42447,45776,6853,3606,325,378,390,334,0,0,83727,0,0,767,26,0,0,0,0,0,624,14714,95,0,0,0,0,0
376,3507,377.1318142671994,99953,228,159,33,10,11100,5767,0.16874931217672307,125,69,42419,45750,6841,3597,352,413,425,361,0,0,83660,0,0,770,26,0,0,0,0,0,673,14716,108,0,0,0,0,0
377,3507,378.2906518412364,99953,218,161,33,10,11136,5793,0.16936960371374546,124,67,42390,45702,6854,3607,379,451,463,390,0,0,83540,0,0,776,26,0,0,0,0,0,729,14763,119,0,0,0,0,0
378,3507,379.06370969093683,99953,220,147,33,10,11159,5800,0.16966974478004662,122,78,42362,45660,6852,3613,409,490,504,421,0,0,83444,0,0,780,28,0,0,0,0,0,790,14782,129,0,0,0,0,0
379,3507,380.2241384905401,99953,237,145,33,10,11203,5824,0.17035006453032925,118,74,42330,45613,6841,3623,439,533,548,454,0,0,83326,0,0,786,28,0,0,0,0,0,861,14817,135,0,0,0,0,0
380,3507,381.3853565132702,99953,226,136,33,10,11234,5842,0.17084029493862116,122,71,42299,45579,6845,3629,473,573,595,489,0,0,83197,0,0,795,28,0,0,0,0,0,930,14855,148,0,0,0,0,0
381,3507,382.16010661290954,99953,217,148,33,10,11254,5864,0.17126049243144278,126,73,42264,45522,6850,3621,508,624,646,526,0,0,83088,0,0,797,29,0,0,0,0,0,1003,14874,162,0,0,0,0,0
382,3507,383.3232823182651,99953,234,158,33,10,11300,5897,0.17205086390603583,121,60,42221,45458,6846,3636,543,676,700,566,0,0,82954,0,0,799,30,0,0,0,0,0,1088,14912,170,0,0,0,0,0
383,3507,384.09922056077295,99951,240,151,35,10,11328,5911,0.17247451251113047,121,58,42183,45404,6836,3642,583,733,758,608,0,0,82831,0,0,800,31,0,0,0,0,0,1170,14932,187,0,0,0,0,0
384,3507,385.26427239876267,99951,230,138,35,10,11360,5928,0.17296475272883713,126,55,42146,45348,6836,3653,625,794,820,653,0,0,82667,0,0,804,31,0,0,0,0,0,1266,14985,198,0,0,0,0,0
385,3507,386.04164504868663,99951,221,139,35,10,11381,5944,0.1733349341177177,133,59,42108,45285,6833,3653,668,852,886,700,0,0,82530,0,0,808,32,0,0,0,0,0,1363,15005,213,0,0,0,0,0
386,3507,387.2089972569586,99951,217,139,35,10,11408,5959,0.17375514001860912,137,63,42069,45214,6825,3653,715,919,957,750,0,0,82390,0,0,810,34,0,0,0,0,0,1461,15022,234,0,0,0,0,0
387,3507,388.3774669864874,99951,212,149,35,10,11445,5984,0.1743754439675441,137,66,42022,45133,6831,3652,761,988,1032,803,0,0,82232,0,0,814,36,0,0,0,0,0,1568,15048,253,0,0,0,0,0
388,3507,389.1571061593623,99951,214,138,35,10,11473,6001,0.17482566457564205,131,64,41978,45070,6825,3651,815,1065,1112,859,0,0,82076,0,0,818,38,0,0,0,0,0,1677,15063,279,0,0,0,0,0
389,3507,390.3280549568179,99951,219,144,35,10,11508,6025,0.17541595381737052,131,56,41938,44991,6805,3649,870,1148,1197,918,0,0,81909,0,0,820,41,0,0,0,0,0,1801,15084,296,0,0,0,0,0
390,3507,391.1092438365251,99950,217,144,36,10,11533,6035,0.175767883941971,129,54,41885,44918,6801,3637,930,1235,1287,980,0,0,81746,0,0,823,43,0,0,0,0,0,1932,15091,315,0,0,0,0,0
391,3507,392.28278880928593,99950,225,136,36,10,11574,6050,0.17632816408204102,118,60,41818,44833,6807,3632,994,1327,1382,1045,0,0,81564,0,0,831,43,0,0,0,0,0,2066,15105,341,0,0,0,0,0
392,3507,393.0661886639773,99950,225,130,36,10,11599,6057,0.17664832416208104,115,69,41769,44730,6794,3635,1059,1424,1483,1114,0,0,81393,0,0,836,44,0,0,0,0,0,2205,15101,371,0,0,0,0,0
393,3507,394.24298674636725,99950,226,136,36,10,11643,6084,0.17735867933966984,106,63,41708,44628,6796,3636,1126,1525,1590,1186,0,0,81195,0,0,844,46,0,0,0,0,0,2349,15112,404,0,0,0,0,0
394,3507,395.02852501936786,99950,215,138,36,10,11661,6098,0.17767883941970986,119,60,41638,44530,6789,3625,1201,1635,1703,1262,0,0,81004,0,0,847,48,0,0,0,0,0,2504,15111,436,0,0,0,0,0
395,3507,396.2090332273209,99950,216,134,36,10,11692,6114,0.17814907453726864,118,56,41573,44425,6777,3622,1278,1751,1822,1341,0,0,80799,0,0,851,50,0,0,0,0,0,2665,15114,471,0,0,0,0,0
396,3507,397.3913591804387,99950,217,129,36,10,11723,6132,0.1786393196598299,115,54,41508,44318,6768,3620,1354,1867,1948,1424,0,0,80577,0,0,858,50,0,0,0,0,0,2841,15120,504,0,0,0,0,0
397,3507,398.180658710497,99949,205,126,37,10,11742,6142,0.1789312549400194,118,58,41429,44196,6775,3616,1434,1992,2080,1511,0,0,80346,0,0,863,50,0,0,0,0,0,3034,15126,530,0,0,0,0,0
398,3507,399.36722229739513,99949,206,117,37,10,11774,6160,0.17943151007013577,121,55,41343,44080,6772,3615,1519,2121,2219,1602,0,0,80095,0,0,871,50,0,0,0,0,0,3235,15139,559,0,0,0,0,0
399,3507,400.15967809778596,99949,205,118,37,10,11793,6169,0.17971165294300093,129,61,41257,43939,6758,3606,1612,2264,2365,1697,0,0,79864,0,0,870,50,1,0,0,0,0,3439,15130,595,0,0,0,0,0
400,3507,401.3511939590111,99949,210,114,37,10,11825,6189,0.18023191827832194,124,56,41178,43809,6742,3599,1707,2410,2519,1796,0,0,79600,0,0,874,51,1,0,0,0,0,3657,15137,629,0,0,0,0,0
401,3507,402.1467443190017,99949,212,116,37,10,11853,6199,0.18061211217721038,116,61,41087,43650,6739,3596,1807,2565,2680,1900,0,0,79331,0,0,873,54,1,0,0,0,0,3894,15142,654,0,0,0,0,0
402,3507,403.3430882141265,99949,199,112,37,10,11885,6219,0.1811323775125314,109,60,41002,43497,6744,3600,1907,2719,2849,2008,0,0,79031,0,0,879,56,1,0,0,0,0,4133,15159,690,0,0,0,0,0
403,3507,404.1422346460807,99949,197,118,37,10,11906,6238,0.18153258161662447,108,50,40919,43342,6726,3594,2011,2884,3026,2120,0,0,78759,0,0,884,59,1,0,0,0,0,4377,15137,732,0,0,0,0,0
404,3507,405.34388552266483,99949,186,110,37,10,11937,6254,0.18200282143893384,106,49,40825,43179,6721,3591,2123,3059,3211,2237,0,0,78439,0,0,890,59,2,0,0,0,0,4638,15150,771,0,0,0,0,0
405,3507,406.1465603507987,99949,175,108,37,10,11947,6262,0.18218291328577574,116,51,40725,43005,6711,3578,2234,3246,3404,2359,0,0,78133,0,0,891,60,2,0,0,0,0,4915,15140,808,0,0,0,0,0
406,3507,407.35408805653964,99949,182,103,37,10,11980,6277,0.18266315821068746,110,51,40619,42830,6702,3564,2348,3440,3606,2485,0,0,77816,0,0,888,65,2,0,0,0,0,5188,15132,858,0,0,0,0,0
407,3507,408.1608031297899,99949,192,95,37,10,12005,6284,0.18298332149396193,108,57,40498,42652,6689,3545,2474,3639,3817,2616,0,0,77498,0,0,888,68,2,0,0,0,0,5479,15108,906,0,0,0,0,0
408,3507,409.3748397752651,99949,190,98,37,10,12033,6300,0.1834235460084643,108,53,40381,42463,6681,3534,2601,3840,4036,2752,0,0,77147,0,0,887,72,2,0,0,0,0,5790,15105,946,0,0,0,0,0
409,3507,410.186171068544,99948,187,97,38,10,12054,6310,0.18373554248209067,112,58,40275,42263,6660,3509,2726,4061,4264,2893,0,0,76803,0,0,886,75,2,0,0,0,0,6101,15080,1001,0,0,0,0,0
410,3507,411.4070657222823,99948,187,97,38,10,12083,6327,0.1841957818065394,116,51,40160,42062,6640,3493,2857,4285,4501,3039,0,0,76442,0,0,887,78,2,0,0,0,0,6420,15057,1062,0,0,0,0,0
411,3507,412.22292301862456,99948,186,95,38,10,12102,6337,0.1844859326849962,113,54,40044,41842,6617,3475,3000,4522,4747,3190,0,0,76087,0,0,887,82,2,0,0,0,0,6747,15015,1128,0,0,0,0,0
412,3507,413.0411403402893,99948,196,92,38,10,12135,6344,0.18488614079321247,103,57,39930,41621,6585,3455,3146,4763,5003,3346,0,0,75730,0,0,889,83,2,0,0,0,0,7074,14958,1212,0,0,0,0,0
413,3507,414.27253674308787,99948,203,92,38,10,12177,6356,0.18542642173930443,92,53,39807,41392,6564,3438,3294,5013,5268,3507,0,0,75333,0,0,889,88,2,0,0,0,0,7429,14929,1278,0,0,0,0,0
414,3507,415.09556494315206,99948,202,99,38,10,12194,6371,0.18574658822587745,89,44,39684,41158,6539,3421,3446,5266,5542,3673,0,0,74948,0,0,895,89,2,0,0,0,0,7795,14868,1351,0,0,0,0,0
415,3507,416.3345752225866,99948,187,81,38,10,12220,6377,0.18606675471245046,80,50,39567,40912,6530,3412,3596,5533,5826,3845,0,0,74506,0,0,897,92,2,0,0,0,0,8177,14852,1422,0,0,0,0,0
416,3507,417.1628212417589,99948,191,83,38,10,12242,6390,0.18641693680713972,76,49,39422,40665,6506,3385,3765,5806,6119,4022,0,0,74091,0,0,894,99,2,0,0,0,0,8567,14800,1495,0,0,0,0,0
417,3507,418.410336673922,99948,186,77,38,10,12267,6400,0.18676711890182895,73,49,39274,40433,6496,3355,3931,6074,6422,4204,0,0,73637,0,0,897,102,2,0,0,0,0,8981,14766,1563,0,0,0,0,0
418,3507,419.244545980114,99948,194,83,38,10,12286,6413,0.18708728538840197,77,46,39120,40170,6466,3322,4103,6367,6734,4391,0,0,73205,0,0,893,108,2,0,0,0,0,9398,14702,1640,0,0,0,0,0
419,3507,420.0819769000764,99948,180,87,38,10,12297,6423,0.18729739464521553,113,76,38936,39875,6452,3290,4279,6660,7056,4584,0,0,72749,5,1,893,113,2,0,0,0,0,9830,14636,1719,0,0,0,0,0
420,3507,421.1145914674278,99948,172,84,38,10,12319,6436,0.18764757673990476,135,80,38745,39585,6442,3270,4466,6969,7387,4782,0,0,72261,41,3,896,118,2,0,0,0,0,10280,14556,1791,0,0,0,0,0
421,3507,422.1519076249987,99948,171,96,38,10,12346,6461,0.18816784728058591,144,78,38579,39287,6414,3246,4652,7281,7727,4985,0,0,71768,77,5,897,120,2,0,0,0,0,10735,14469,1875,0,0,0,0,0
422,3507,423.1937051301289,99948,183,93,38,10,12384,6478,0.1887181334293833,155,83,38400,38977,6381,3228,4841,7607,8077,5193,0,0,71272,108,11,902,124,2,0,0,0,0,11194,14371,1964,0,0,0,0,0
423,3507,424.23999302343185,99948,204,105,38,10,12430,6501,0.18940849241605634,166,87,38208,38663,6348,3193,5034,7940,8436,5406,0,0,70761,137,15,896,133,2,0,0,0,0,11672,14287,2045,0,0,0,0,0
424,3507,425.2910310098972,99948,217,101,38,10,12474,6519,0.19002881498379157,168,90,38022,38344,6324,3182,5229,8271,8804,5625,0,0,70231,173,22,900,138,2,0,0,0,0,12159,14189,2134,0,0,0,0,0
425,3507,426.3471551150757,99948,218,107,38,10,12511,6543,0.19063913234882138,188,85,37821,38041,6310,3145,5423,8610,9180,5849,0,0,69689,212,27,908,137,5,0,0,0,0,12657,14087,2226,0,0,0,0,0
426,3507,427.0541062094301,99948,228,110,38,10,12545,6558,0.19112938728138631,180,85,37629,37713,6285,3117,5638,8963,9565,6078,0,0,69148,242,30,905,142,6,0,0,0,0,13165,13988,2322,0,0,0,0,0
427,3507,428.1209385274942,99948,231,117,38,10,12592,6579,0.19180974106535398,195,90,37400,37372,6277,3085,5857,9324,9958,6312,0,0,68576,281,38,909,148,6,0,0,0,0,13690,13889,2411,0,0,0,0,0
428,3507,429.1938523338236,99948,260,117,38,10,12653,6603,0.19266018329531356,199,90,37200,37025,6234,3070,6067,9686,10360,6550,0,0,68024,315,48,916,153,6,0,0,0,0,14198,13760,2528,0,0,0,0,0
429,3507,430.272348643625,99948,277,118,38,10,12700,6626,0.19336054748469203,201,100,36983,36663,6208,3053,6291,10054,10770,6793,0,0,67441,352,56,918,158,6,0,0,0,0,14736,13651,2630,0,0,0,0,0
430,3507,431.35668858463987,99948,281,125,38,10,12746,6647,0.1940308960659543,219,115,36766,36278,6184,3032,6510,10438,11187,7041,0,0,66846,390,62,925,161,6,0,0,0,0,15285,13536,2737,0,0,0,0,0
431,3507,432.0829583320753,99948,298,134,38,10,12783,6669,0.19462120302557329,226,104,36561,35909,6134,3003,6741,10838,11612,7293,0,0,66277,414,67,914,175,7,0,0,0,0,15825,13416,2853,0,0,0,0,0
432,3507,433.1791622193084,99947,314,143,39,10,12844,6698,0.19552362752258698,236,113,36322,35531,6119,2979,6968,11222,12044,7550,0,0,65639,455,79,916,184,7,0,0,0,0,16409,13321,2937,0,0,0,0,0
433,3507,434.2819683719986,99947,336,150,39,10,12918,6731,0.19659419492330935,236,118,36102,35161,6090,2949,7195,11610,12482,7811,0,0,65033,511,92,918,191,7,0,0,0,0,16946,13170,3079,0,0,0,0,0
434,3507,435.02079610825393,99947,356,153,39,10,12969,6749,0.19728456081723314,240,128,35873,34784,6052,2912,7438,12011,12927,8076,0,0,64402,550,96,905,207,7,0,0,0,0,17534,13065,3181,0,0,0,0,0
435,3507,436.1367511410885,99946,347,169,39,11,13039,6788,0.19837712364676927,264,136,35617,34389,6063,2891,7668,12402,13378,8345,0,0,63713,618,113,913,213,8,0,0,0,0,18137,12957,3274,0,0,0,0,0
436,3507,437.2603038917346,99945,367,179,40,11,13112,6822,0.19944969733353343,285,148,35348,33995,6053,2866,7905,12799,13835,8618,0,0,63049,668,125,914,224,8,0,0,0,0,18737,12838,3382,0,0,0,0,0
437,3507,438.0136428912829,99945,369,183,40,11,13157,6844,0.20012006603632,305,153,35111,33580,6025,2848,8148,13223,14297,8895,0,0,62388,699,146,914,233,8,0,0,0,0,19346,12729,3482,0,0,0,0,0
438,3507,439.1523791064215,99945,398,204,40,11,13253,6892,0.20156085847215968,332,155,34847,33185,6013,2827,8368,13616,14764,9175,0,0,61688,766,156,919,244,8,0,0,0,0,19969,12609,3586,0,0,0,0,0
439,3507,440.29878902095123,99945,444,212,40,11,13355,6936,0.20302166191405274,339,153,34587,32791,5986,2816,8602,14015,15235,9459,0,0,61005,817,181,924,254,8,0,0,0,0,20576,12480,3700,0,0,0,0,0
440,3507,441.0675390272949,99945,476,215,40,11,13431,6959,0.20401220671369252,346,173,34325,32382,5961,2785,8850,14432,15710,9746,0,0,60331,855,201,923,260,9,0,0,0,0,21192,12356,3818,0,0,0,0,0
441,3507,442.23002284183167,99945,478,224,40,11,13525,7007,0.2054329881434789,362,166,34056,31991,5980,2769,9082,14837,16189,10036,0,0,59597,949,220,927,272,9,0,0,0,0,21811,12223,3937,0,0,0,0,0
442,3507,443.0100301613514,99945,490,235,40,11,13589,7051,0.2065135824703587,374,151,33794,31580,5973,2760,9327,15261,16671,10329,0,0,58881,1003,234,935,279,9,0,0,0,0,22458,12101,4045,0,0,0,0,0
443,3507,444.1901687444914,99944,533,224,41,11,13698,7090,0.2079964780276955,395,181,33518,31167,5957,2753,9554,15662,17156,10624,0,0,58162,1076,260,934,295,9,0,0,0,0,23078,11966,4164,0,0,0,0,0
444,3507,445.3789956142268,99944,553,229,41,11,13815,7142,0.20968742495797646,402,186,33255,30746,5953,2752,9794,16074,17643,10922,0,0,57424,1156,300,939,311,11,0,0,0,0,23696,11835,4272,0,0,0,0,0
445,3507,446.17660902623857,99944,580,240,41,11,13906,7178,0.21095813655647164,398,195,32980,30322,5950,2730,10049,16500,18132,11222,0,0,56701,1210,322,938,324,11,0,0,0,0,24343,11715,4380,0,0,0,0,0
446,3507,447.3841413512755,99944,604,268,41,11,14038,7257,0.21306931881853838,390,182,32692,29904,5977,2730,10294,16903,18623,11524,0,0,55938,1300,357,953,341,11,0,0,0,0,24980,11579,4485,0,0,0,0,0
447,3507,448.19478908725,99943,618,276,42,11,14111,7296,0.21419208949100987,418,191,32421,29488,5957,2699,10542,17333,19115,11828,0,0,55244,1341,384,957,358,11,0,0,0,0,25605,11431,4612,0,0,0,0,0
448,3507,449.011809249973,99943,616,275,42,11,14187,7322,0.21521267122259688,425,208,32138,29072,5974,2673,10803,17759,19608,12134,0,0,54511,1393,415,963,371,12,0,0,0,0,26254,11307,4717,0,0,0,0,0
449,3507,450.2495245415774,99943,610,287,42,11,14320,7389,0.21721381187276748,420,211,31870,28654,6021,2676,11035,18159,20101,12441,0,0,53716,1500,471,980,382,13,0,0,0,0,26884,11179,4818,0,0,0,0,0
450,3507,451.080443122667,99941,627,288,44,11,14420,7425,0.21857896158733653,418,207,31574,28243,6037,2661,11298,18588,20593,12750,0,0,52995,1551,505,994,396,13,0,0,0,0,27517,11030,4940,0,0,0,0,0
451,3507,452.3399116283185,99941,636,286,44,11,14554,7481,0.22048008324911697,435,233,31282,27838,6064,2658,11537,18972,21085,13060,0,0,52234,1645,561,1003,418,14,0,0,0,0,28128,10886,5052,0,0,0,0,0
452,3507,453.18585609681475,99941,688,296,44,11,14680,7531,0.22224112226213466,413,239,30991,27427,6066,2646,11796,19379,21576,13370,0,0,51494,1700,602,1001,436,14,0,0,0,0,28770,10772,5152,0,0,0,0,0
453,3507,454.0392122705564,99941,693,307,44,11,14773,7581,0.22367196646021154,425,233,30695,27045,6088,2615,12053,19787,22065,13681,0,0,50766,1768,637,1006,455,14,0,0,0,0,29395,10627,5273,0,0,0,0,0
454,3507,455.3334564570591,99940,702,323,45,11,14907,7658,0.22578547128276966,460,224,30390,26660,6122,2619,12279,20161,22552,13993,0,0,50014,1859,704,1011,472,16,0,0,0,0,29987,10483,5394,0,0,0,0,0
455,3507,456.20317778177247,99940,740,325,45,11,15027,7705,0.2274564738843306,454,235,30120,26256,6116,2608,12523,20563,23037,14305,0,0,49286,1915,749,1025,483,17,0,0,0,0,30614,10345,5506,0,0,0,0,0
456,3507,457.08034119663887,99940,748,337,45,11,15120,7767,0.2290074044426656,492,240,29842,25874,6108,2590,12763,20946,23520,14617,0,0,48580,1963,812,1025,505,17,0,0,0,0,31207,10208,5623,0,0,0,0,0
457,3507,458.40957774504864,99939,792,361,46,11,15307,7848,0.23169133171234452,500,246,29540,25499,6154,2584,12966,21297,24000,14929,0,0,47817,2062,880,1040,517,17,0,0,0,0,31799,10065,5742,0,0,0,0,0
458,3507,459.30275652736435,99939,822,363,46,11,15428,7896,0.23338236324157735,494,257,29266,25098,6161,2584,13209,21685,24476,15240,0,0,47093,2118,937,1046,529,20,0,0,0,0,32408,9942,5846,0,0,0,0,0
459,3507,460.20386732383935,99938,836,378,47,11,15556,7952,0.2352258400208129,489,263,28980,24716,6184,2556,13462,22074,24949,15551,0,0,46382,2194,993,1045,548,20,0,0,0,0,32984,9791,5981,0,0,0,0,0
460,3507,461.1136729628259,99938,850,398,47,11,15684,8029,0.2372771118093218,503,255,28704,24325,6211,2564,13683,22445,25418,15861,0,0,45659,2261,1064,1054,570,20,0,0,0,0,33568,9658,6084,0,0,0,0,0
461,3507,462.0318940241736,99937,860,404,48,11,15795,8087,0.23897055144741186,543,252,28413,23948,6228,2568,13906,22815,25883,16170,0,0,44934,2337,1118,1056,587,20,0,0,0,0,34160,9529,6196,0,0,0,0,0
462,3507,463.4248244101954,99936,885,418,49,11,16001,8182,0.2419848703170029,570,258,28103,23605,6305,2581,14086,23125,26343,16478,0,0,44180,2443,1227,1067,614,21,0,0,0,0,34693,9396,6295,0,0,0,0,0
463,3507,464.36138411991107,99936,895,420,49,11,16134,8248,0.24397614473262888,561,278,27846,23239,6326,2583,14321,23467,26799,16785,0,0,43479,2508,1312,1076,635,24,0,0,0,0,35242,9261,6399,0,0,0,0,0
464,3507,465.3066899421823,99936,914,438,49,11,16274,8316,0.2460574767851425,567,278,27561,22880,6361,2578,14546,23813,27250,17090,0,0,42772,2558,1394,1090,657,24,0,0,0,0,35814,9148,6479,0,0,0,0,0
465,3507,466.26139275843275,99936,933,460,49,11,16406,8386,0.24807877041306436,590,276,27280,22524,6386,2565,14760,24162,27695,17394,0,0,42086,2612,1469,1096,678,24,0,0,0,0,36366,9025,6580,0,0,0,0,0
466,3507,467.2252645937991,99935,955,459,50,11,16544,8454,0.2501425926852454,608,282,26995,22163,6407,2582,14983,24501,28135,17696,0,0,41400,2674,1552,1115,695,24,0,0,0,0,36903,8887,6685,0,0,0,0,0
467,3507,468.1989007223639,99935,994,449,50,11,16724,8511,0.2525141341872217,596,302,26727,21817,6449,2587,15182,24832,28569,17996,0,0,40706,2755,1642,1115,726,24,0,0,0,0,37423,8764,6780,0,0,0,0,0
468,3507,469.1819498562459,99934,1010,459,51,11,16873,8586,0.25475814037264594,614,313,26463,21482,6483,2594,15377,25139,28998,18294,0,0,40007,2828,1736,1125,743,24,0,0,0,0,37951,8652,6868,0,0,0,0,0
469,3507,470.1742942965398,99934,1029,458,51,11,17023,8657,0.25696959993595775,624,311,26174,21164,6521,2611,15599,25443,29421,18590,0,0,39339,2895,1831,1131,772,24,0,0,0,0,38451,8528,6963,0,0,0,0,0
470,3507,471.1769345632276,99932,1058,470,53,11,17197,8737,0.25951647120041627,639,305,25902,20848,6560,2631,15786,25733,29838,18884,0,0,38677,2960,1936,1136,801,25,0,0,0,0,38937,8407,7053,0,0,0,0,0
471,3507,472.1898465710809,99931,1094,465,53,12,17374,8810,0.2620207943481002,638,300,25625,20557,6610,2652,15978,26012,30248,19176,0,0,38023,3025,2045,1140,835,26,0,0,0,0,39414,8287,7136,0,0,0,0,0
472,3507,473.2130869154399,99931,1076,454,53,12,17539,8876,0.26433238934865055,632,325,25350,20254,6719,2674,16168,26279,30652,19465,0,0,37329,3126,2163,1153,857,26,0,0,0,0,39883,8174,7220,0,0,0,0,0
473,3507,474.24767181992354,99931,1077,475,53,12,17688,8966,0.2667240395873152,643,317,25100,19947,6776,2697,16349,26550,31050,19751,0,0,36663,3199,2261,1167,884,26,0,0,0,0,40373,8069,7289,0,0,0,0,0
474,3507,475.29269886897293,99930,1086,485,53,13,17867,9056,0.26941859301511056,649,303,24834,19660,6856,2718,16520,26819,31441,20035,0,0,35999,3290,2373,1186,907,26,0,0,0,0,40831,7945,7373,0,0,0,0,0
475,3507,476.34831936393863,99928,1106,488,54,14,18030,9136,0.2718557361300136,670,308,24589,19386,6906,2737,16673,27065,31826,20316,0,0,35365,3367,2477,1194,932,27,0,0,0,0,41280,7827,7459,0,0,0,0,0
476,3507,477.41462409783657,99928,1107,515,54,14,18204,9229,0.2745276599151389,667,289,24364,19112,6977,2745,16829,27323,32204,20594,0,0,34744,3447,2579,1204,965,29,0,0,0,0,41709,7702,7549,0,0,0,0,0
477,3507,478.4908080884334,99928,1153,540,54,14,18395,9315,0.27729965575214155,640,295,24140,18838,7024,2744,16987,27567,32575,20869,0,0,34168,3479,2701,1229,986,31,0,0,0,0,42129,7576,7629,0,0,0,0,0
478,3507,479.03129813618557,99928,1164,523,54,14,18489,9341,0.27850052037466977,637,319,23901,18548,7034,2733,17208,27861,32940,21141,0,0,33620,3502,2783,1226,1005,31,0,0,0,0,42568,7466,7727,0,0,0,0,0
479,3507,480.12711243418664,99925,1130,514,57,14,18654,9425,0.2810007505629222,646,305,23682,18296,7135,2779,17348,28090,33298,21410,0,0,33000,3604,2914,1245,1029,32,0,0,0,0,42943,7333,7825,0,0,0,0,0
480,3507,481.23393624446436,99924,1132,530,58,14,18838,9517,0.2837656619030463,645,298,23461,18066,7203,2809,17499,28281,33649,21675,0,0,32407,3680,3041,1263,1052,34,0,0,0,0,43325,7213,7909,0,0,0,0,0
481,3507,482.35099617103754,99924,1130,530,58,14,19022,9599,0.2864276850406309,631,312,23249,17830,7288,2835,17642,28477,33993,21937,0,0,31832,3739,3191,1273,1080,36,0,0,0,0,43679,7109,7985,0,0,0,0,0
482,3507,483.4785014195912,99923,1130,537,59,14,19209,9700,0.28931277083354184,644,300,23021,17623,7371,2871,17773,28653,34331,22196,0,0,31276,3811,3346,1289,1104,39,0,0,0,0,44001,6978,8079,0,0,0,0,0
483,3507,484.04531265358224,99923,1116,522,59,14,19306,9735,0.2906337880167729,648,302,22799,17372,7417,2876,17959,28912,34662,22451,0,0,30751,3830,3450,1296,1128,39,0,0,0,0,44398,6889,8142,0,0,0,0,0
484,3507,485.194688221437,99923,1128,527,59,14,19506,9836,0.29364610750277714,614,285,22630,17176,7497,2913,18070,29083,34986,22703,0,0,30213,3894,3618,1312,1156,40,0,0,0,0,44699,6770,8221,0,0,0,0,0
485,3507,486.3537828966545,99923,1120,518,59,14,19679,9912,0.2961380262802358,641,304,22416,16978,7579,2939,18183,29245,35304,22951,0,0,29673,3954,3767,1326,1189,41,0,0,0,0,45024,6668,8281,0,0,0,0,0
486,3507,487.5234638529506,99923,1091,517,59,14,19859,9995,0.29877005294076436,639,326,22236,16783,7663,2973,18310,29385,35615,23196,0,0,29114,4045,3916,1332,1219,43,0,0,0,0,45332,6572,8350,0,0,0,0,0
487,3507,488.1109552205639,99923,1108,522,59,14,19960,10046,0.30029122424266685,632,319,22076,16564,7662,2983,18461,29596,35919,23437,0,0,28646,4056,4017,1322,1240,44,0,0,0,0,45685,6492,8421,0,0,0,0,0
488,3507,489.2998964516706,99923,1150,540,59,14,20153,10137,0.3031334127278004,629,323,21928,16406,7692,2997,18540,29718,36217,23675,0,0,28184,4087,4150,1338,1271,44,0,0,0,0,45972,6369,8508,0,0,0,0,0
489,3507,490.4962892897306,99923,1132,519,59,14,20344,10232,0.30599561662480107,620,304,21762,16266,7787,3063,18638,29832,36508,23909,0,0,27679,4162,4322,1353,1314,47,0,0,0,0,46219,6256,8571,0,0,0,0,0
490,3507,491.0964671504563,99923,1109,521,59,14,20423,10276,0.3072265644546301,627,301,21603,16065,7823,3057,18777,30040,36793,24140,0,0,27222,4162,4426,1358,1337,48,0,0,0,0,46562,6192,8616,0,0,0,0,0
491,3507,492.31138763500206,99923,1101,528,59,14,20628,10362,0.3101388068812986,596,303,21454,15914,7914,3089,18874,30150,37072,24367,0,0,26745,4213,4594,1375,1375,50,0,0,0,0,46808,6093,8670,0,0,0,0,0
492,3507,493.5353131751781,99921,1082,536,61,14,20789,10461,0.3127470701854465,620,288,21305,15776,7982,3127,18948,30257,37344,24591,0,0,26292,4250,4759,1394,1408,53,0,0,0,0,47047,5993,8725,0,0,0,0,0
493,3507,494.1496334379857,99921,1048,526,61,14,20878,10501,0.314038090091172,599,310,21157,15597,8034,3133,19099,30418,37610,24811,0,0,25874,4263,4880,1382,1444,55,0,0,0,0,47324,5920,8779,0,0,0,0,0
494,3507,495.391318307493,99921,1045,525,61,14,21063,10597,0.31685031174627953,589,309,21011,15458,8107,3177,19185,30515,37870,25027,0,0,25411,4328,5028,1390,1486,57,0,0,0,0,47558,5832,8831,0,0,0,0,0
495,3507,496.0141968845029,99920,1043,510,62,14,21150,10639,0.31814451561248996,594,307,20873,15295,8117,3192,19309,30680,38124,25240,0,0,25019,4333,5134,1383,1521,58,0,0,0,0,47834,5758,8880,0,0,0,0,0
496,3507,497.2736232793541,99919,1040,526,63,14,21339,10748,0.3211301153934687,568,284,20750,15198,8213,3244,19364,30732,38372,25449,0,0,24559,4394,5286,1406,1549,59,0,0,0,0,48064,5674,8928,0,0,0,0,0
497,3507,498.54056257335054,99919,1028,522,63,14,21512,10840,0.3237822636335432,584,281,20590,15082,8282,3294,19451,30805,38614,25655,0,0,24133,4445,5439,1415,1592,61,0,0,0,0,48268,5589,8977,0,0,0,0,0
498,3507,499.1766602253843,99919,1008,504,63,14,21593,10881,0.32500325263463403,589,275,20461,14937,8303,3311,19574,30957,38851,25857,0,0,23757,4443,5551,1424,1617,62,0,0,0,0,48520,5519,9026,0,0,0,0,0
499,3507,500.46233175792406,99918,1023,487,64,14,21785,10952,0.3276386637042375,560,285,20342,14849,8371,3335,19638,31028,39082,26056,0,0,23348,4476,5708,1434,1657,64,0,0,0,0,48721,5451,9059,0,0,0,0,0
500,3507,501.1068961962745,99918,1011,484,64,14,21877,10995,0.3289897716127224,572,275,20209,14711,8388,3323,19754,31191,39308,26251,0,0,23017,4463,5833,1437,1685,64,0,0,0,0,48935,5369,9115,0,0,0,0,0
501,3507,502.40892356165904,99918,1012,497,64,14,22063,11090,0.33180207770371706,555,268,20109,14651,8468,3351,19790,31217,39528,26443,0,0,22611,4516,5974,1451,1726,67,0,0,0,0,49136,5295,9142,0,0,0,0,0
502,3507,503.0613422966616,99918,1015,496,64,14,22148,11129,0.33304309533817733,557,267,20000,14540,8463,3351,19899,31330,39743,26631,0,0,22305,4512,6069,1449,1751,68,0,0,0,0,49346,5203,9215,0,0,0,0,0
503,3507,504.3779172185824,99917,1008,502,64,15,22334,11221,0.3358287378524175,531,260,19894,14471,8552,3389,19949,31361,39953,26816,0,0,21919,4571,6219,1456,1792,73,0,0,0,0,49512,5126,9249,0,0,0,0,0
504,3507,505.03765556364425,99917,1005,494,64,15,22430,11267,0.3372499174314681,519,244,19774,14372,8566,3398,20070,31475,40157,26997,0,0,21605,4564,6323,1453,1828,74,0,0,0,0,49713,5060,9297,0,0,0,0,0
505,3507,506.35782736112293,99917,987,475,64,15,22618,11343,0.3398921104516749,516,247,19676,14344,8659,3429,20096,31488,40356,27175,0,0,21252,4599,6501,1466,1871,80,0,0,0,0,49835,4986,9327,0,0,0,0,0
506,3507,507.0184720584784,99917,984,466,64,15,22705,11380,0.34113314050662047,491,241,19590,14254,8667,3433,20202,31589,40551,27350,0,0,20962,4580,6607,1473,1900,80,0,0,0,0,50027,4916,9372,0,0,0,0,0
507,3507,508.33039923510995,99916,949,466,65,15,22859,11463,0.34350854717963086,494,225,19516,14221,8751,3472,20223,31599,40741,27521,0,0,20606,4628,6751,1488,1938,83,0,0,0,0,50172,4845,9405,0,0,0,0,0
508,3507,509.6415408374109,99916,964,469,65,15,23028,11543,0.34600064053805196,487,232,19439,14188,8799,3499,20244,31595,40926,27689,0,0,20280,4645,6891,1501,1971,87,0,0,0,0,50321,4788,9432,0,0,0,0,0
509,3507,510.2977480772567,99916,964,463,65,15,23111,11580,0.3472016493854838,497,237,19339,14099,8810,3507,20323,31677,41106,27854,0,0,19987,4640,6989,1498,1991,90,0,0,0,0,50512,4743,9466,0,0,0,0,0
510,3507,511.601551358667,99916,956,460,65,15,23280,11645,0.3495436166379759,466,238,19292,14079,8883,3530,20336,31676,41282,28016,0,0,19674,4673,7141,1507,2021,92,0,0,0,0,50622,4677,9509,0,0,0,0,0
511,3507,512.2544367506166,99915,943,451,66,15,23361,11682,0.3507281189010659,451,236,19227,14010,8897,3537,20414,31749,41453,28174,0,0,19424,4658,7256,1501,2050,97,0,0,0,0,50766,4618,9545,0,0,0,0,0
512,3507,513.5531259855052,99914,921,453,67,15,23495,11760,0.35285345397041457,456,223,19184,14002,8947,3576,20423,31729,41620,28329,0,0,19136,4666,7399,1509,2090,102,0,0,0,0,50881,4567,9564,0,0,0,0,0
513,3507,514.2041687567985,99914,892,441,67,15,23556,11791,0.35377424585143225,478,223,19113,13935,8959,3580,20489,31804,41783,28481,0,0,18886,4655,7507,1509,2114,104,0,0,0,0,51026,4513,9600,0,0,0,0,0
514,3507,515.4983808136376,99914,871,427,67,15,23707,11874,0.35611625998358587,449,191,19106,13950,9035,3632,20470,31783,41942,28630,0,0,18601,4686,7674,1514,2149,109,0,0,0,0,51094,4453,9634,0,0,0,0,0
515,3507,516.1472928358266,99914,863,420,67,15,23781,11908,0.3571971895830414,436,197,19023,13898,9055,3634,20554,31834,42097,28776,0,0,18351,4672,7765,1520,2172,110,0,0,0,0,51253,4409,9662,0,0,0,0,0
516,3507,517.4392671128375,99914,829,399,67,15,23915,11962,0.3590788077746862,415,192,19001,13914,9123,3662,20563,31816,42248,28919,0,0,18075,4698,7907,1533,2207,115,0,0,0,0,51346,4350,9683,0,0,0,0,0
517,3507,518.0862527568131,99914,828,404,67,15,23991,11997,0.3601897631963489,397,178,18940,13860,9131,3665,20635,31876,42395,29060,0,0,17845,4687,7993,1537,2223,117,0,0,0,0,51492,4300,9720,0,0,0,0,0
518,3507,519.3740656765272,99914,831,398,67,15,24121,12063,0.3621514502472126,360,165,18919,13860,9161,3698,20660,31862,42538,29198,0,0,17604,4689,8128,1537,2266,119,0,0,0,0,51585,4254,9732,0,0,0,0,0
519,3507,520.0189931989215,99914,820,398,67,15,24184,12093,0.36308225073563266,365,164,18863,13816,9168,3693,20715,31912,42678,29333,0,0,17394,4668,8209,1539,2292,120,0,0,0,0,51721,4208,9763,0,0,0,0,0
520,3507,521.3020857044875,99914,794,379,67,15,24309,12142,0.36482374842364435,357,173,18857,13828,9221,3724,20702,31879,42814,29465,0,0,17164,4679,8342,1543,2335,123,0,0,0,0,51788,4152,9788,0,0,0,0,0
521,3507,522.586672335666,99914,775,361,67,15,24412,12193,0.3663650739636087,365,158,18838,13883,9251,3746,20702,31835,42947,29594,0,0,16954,4674,8474,1557,2360,130,0,0,0,0,51859,4092,9814,0,0,0,0,0
522,3507,523.2303760864444,99914,749,351,67,15,24452,12213,0.3669655904077507,371,166,18782,13839,9252,3753,20777,31874,43076,29721,0,0,16751,4658,8554,1558,2381,130,0,0,0,0,51990,4052,9840,0,0,0,0,0
523,3507,524.511457008663,99914,733,341,67,15,24575,12270,0.36876713974017655,327,165,18805,13855,9288,3794,20778,31828,43202,29845,0,0,16528,4667,8676,1566,2411,134,0,0,0,0,52057,4004,9871,0,0,0,0,0
524,3507,525.1531480781148,99914,705,338,67,15,24612,12295,0.36938767339912326,339,165,18761,13806,9290,3798,20836,31876,43325,29967,0,0,16334,4656,8748,1569,2429,135,0,0,0,0,52180,3962,9901,0,0,0,0,0
525,3507,526.4312808405365,99914,676,333,67,15,24693,12354,0.3707888784354545,354,161,18747,13850,9318,3828,20836,31811,43445,30086,0,0,16139,4652,8864,1569,2466,137,0,0,0,0,52244,3920,9923,0,0,0,0,0
526,3507,527.071615324374,99914,684,330,67,15,24753,12389,0.37173969613867924,340,144,18717,13819,9308,3842,20882,31848,43562,30203,0,0,15968,4632,8949,1564,2484,140,0,0,0,0,52345,3881,9951,0,0,0,0,0
527,3507,528.3470881308701,99913,687,310,68,15,24867,12429,0.37328475773923314,324,155,18723,13844,9333,3871,20863,31803,43676,30317,0,0,15776,4631,9070,1567,2509,144,0,0,0,0,52405,3840,9971,0,0,0,0,0
528,3507,529.6240119017898,99912,678,288,69,15,24982,12465,0.37479982384498356,288,162,18735,13907,9374,3894,20854,31732,43787,30429,0,0,15580,4636,9198,1570,2535,147,0,0,0,0,52457,3801,9988,0,0,0,0,0
529,3507,530.2642801261726,99912,660,291,69,15,25037,12489,0.37559051965729845,271,160,18687,13880,9394,3891,20917,31761,43895,30539,0,0,15414,4622,9269,1559,2566,150,0,0,0,0,52557,3772,10003,0,0,0,0,0
530,3507,531.5394265369501,99911,638,286,70,15,25124,12543,0.37700553492608424,262,152,18716,13916,9420,3909,20892,31720,44000,30646,0,0,15242,4615,9397,1567,2589,152,0,0,0,0,52596,3731,10022,0,0,0,0,0
531,3507,532.1782995824097,99911,633,275,70,15,25167,12562,0.3776260872176237,267,149,18671,13900,9411,3924,20946,31735,44102,30751,0,0,15083,4597,9467,1562,2611,153,0,0,0,0,52699,3703,10036,0,0,0,0,0
532,3507,533.4522104637372,99911,608,279,70,15,25267,12624,0.3792475303019687,249,144,18680,13974,9462,3937,20929,31649,44202,30854,0,0,14887,4609,9589,1566,2642,154,0,0,0,0,52750,3679,10035,0,0,0,0,0
533,3507,534.0903587961469,99911,592,279,70,15,25309,12649,0.3799181271331485,251,135,18657,13965,9463,3938,20965,31666,44299,30955,0,0,14732,4593,9656,1565,2665,155,0,0,0,0,52847,3652,10046,0,0,0,0,0
534,3507,535.3633550375964,99910,565,270,71,15,25388,12688,0.38110299269342407,256,133,18684,14011,9491,3952,20931,31617,44394,31054,0,0,14568,4595,9759,1568,2690,159,0,0,0,0,52894,3615,10062,0,0,0,0,0
535,3507,536.0014133708563,99910,554,272,71,15,25428,12718,0.38180362326093487,255,119,18672,14013,9480,3953,20966,31626,44486,31150,0,0,14440,4574,9831,1567,2708,162,0,0,0,0,52963,3580,10085,0,0,0,0,0
536,3507,537.2749635981581,99910,543,252,71,15,25506,12760,0.38300470423381044,252,114,18692,14076,9499,3979,20941,31562,44576,31244,0,0,14280,4586,9921,1567,2739,165,0,0,0,0,53009,3544,10099,0,0,0,0,0
537,3507,538.5504460133286,99910,526,245,71,15,25583,12797,0.38414573115804224,243,104,18720,14141,9514,3994,20924,31499,44664,31336,0,0,14130,4577,10012,1567,2772,167,0,0,0,0,53059,3522,10104,0,0,0,0,0
538,3507,539.1896800410179,99910,515,235,71,15,25627,12811,0.38472625362826546,236,107,18710,14147,9514,3992,20952,31502,44750,31426,0,0,13996,4568,10073,1562,2795,167,0,0,0,0,53134,3492,10123,0,0,0,0,0
539,3507,540.4650072620118,99910,463,236,71,15,25680,12844,0.38558702832549296,242,104,18754,14226,9535,3990,20933,31427,44833,31515,0,0,13859,4557,10175,1565,2820,169,0,0,0,0,53168,3463,10134,0,0,0,0,0
540,3507,541.1042576507407,99910,453,229,71,15,25724,12856,0.38614753277950153,225,110,18732,14220,9547,3979,20970,31445,44914,31602,0,0,13734,4545,10235,1556,2847,169,0,0,0,0,53239,3442,10143,0,0,0,0,0
541,3507,542.379799096761,99909,450,214,72,15,25806,12887,0.3872824270085778,211,107,18770,14309,9566,3985,20929,31368,44993,31687,0,0,13590,4546,10319,1552,2879,169,0,0,0,0,53282,3423,10149,0,0,0,0,0
542,3507,543.0190640891675,99909,429,212,72,15,25835,12906,0.38776286420642786,216,109,18766,14303,9562,3982,20953,31377,45070,31770,0,0,13475,4539,10378,1541,2898,170,0,0,0,0,53338,3394,10176,0,0,0,0,0
543,3507,544.295901147313,99909,387,218,72,15,25889,12942,0.3886636839523967,225,97,18846,14357,9581,3990,20887,31321,45145,31851,0,0,13342,4538,10450,1546,2922,174,0,0,0,0,53385,3364,10188,0,0,0,0,0
544,3507,545.5768707746626,99909,379,206,72,15,25956,12968,0.38959453102323116,206,101,18901,14415,9584,4005,20856,31256,45218,31931,0,0,13214,4535,10529,1545,2948,175,0,0,0,0,53429,3341,10193,0,0,0,0,0
545,3507,546.2192635615462,99909,359,216,72,15,25987,12988,0.3901049955459468,202,92,18904,14424,9587,3985,20874,31266,45290,32009,0,0,13107,4513,10581,1544,2968,177,0,0,0,0,53498,3321,10200,0,0,0,0,0
546,3507,547.501988658939,99909,349,192,72,15,26050,13005,0.3909057242090302,195,104,18965,14526,9585,3991,20832,31170,45360,32085,0,0,12986,4509,10667,1543,2989,179,0,0,0,0,53530,3300,10206,0,0,0,0,0
547,3507,548.1448132831295,99909,356,187,72,15,26088,13018,0.3914161887317459,178,101,18974,14545,9567,3989,20851,31161,45428,32160,0,0,12895,4485,10723,1544,2999,181,0,0,0,0,53586,3272,10224,0,0,0,0,0
548,3507,549.4295789879988,99909,335,187,72,15,26138,13047,0.39220690828654076,195,93,19028,14644,9563,3988,20805,31071,45494,32233,0,0,12794,4474,10796,1547,3018,183,0,0,0,0,53615,3240,10242,0,0,0,0,0
549,3507,550.0734393627262,99909,336,189,72,15,26163,13065,0.3926372999429481,194,90,19024,14677,9549,3973,20823,31054,45559,32305,0,0,12703,4453,10843,1538,3036,183,0,0,0,0,53675,3224,10254,0,0,0,0,0
550,3507,551.3601186362564,99909,347,186,72,15,26225,13094,0.39354812879720547,175,79,19085,14787,9523,3967,20796,30964,45622,32375,0,0,12609,4443,10913,1533,3050,186,0,0,0,0,53703,3198,10274,0,0,0,0,0
551,3507,552.0048353172375,99909,346,182,72,15,26252,13109,0.39396851134532423,164,72,19100,14818,9503,3963,20813,30948,45683,32444,0,0,12517,4432,10950,1523,3070,187,0,0,0,0,53762,3179,10289,0,0,0,0,0
552,3507,553.2923961959484,99909,320,161,72,15,26300,13129,0.39464913070894514,160,76,19169,14918,9506,3970,20771,30858,45743,32511,0,0,12417,4417,11043,1528,3085,191,0,0,0,0,53774,3163,10291,0,0,0,0,0
553,3507,554.5830368260663,99909,299,153,72,15,26343,13160,0.3953898047222973,165,61,19248,15012,9497,3987,20717,30770,45801,32577,0,0,12310,4422,11101,1529,3108,191,0,0,0,0,53804,3138,10306,0,0,0,0,0
554,3507,555.2301873034929,99909,295,155,72,15,26366,13170,0.3957201052958192,156,59,19264,15027,9477,3984,20734,30758,45858,32641,0,0,12231,4409,11139,1525,3116,193,0,0,0,0,53855,3115,10326,0,0,0,0,0
555,3507,556.5238194115205,99909,304,141,72,15,26418,13189,0.3964307519843057,149,57,19333,15116,9444,3990,20696,30679,45914,32704,0,0,12138,4402,11203,1520,3131,194,0,0,0,0,53885,3100,10336,0,0,0,0,0
556,3507,557.1719011750474,99909,294,143,72,15,26443,13200,0.39679107988269324,143,59,19352,15158,9435,3970,20702,30653,45968,32766,0,0,12063,4383,11241,1516,3150,194,0,0,0,0,53932,3081,10349,0,0,0,0,0
557,3507,558.4674504054482,99909,289,139,72,15,26492,13219,0.39747169924631415,123,67,19414,15299,9431,3955,20669,30523,46021,32826,0,0,11979,4375,11296,1512,3170,197,0,0,0,0,53961,3064,10355,0,0,0,0,0
558,3507,559.1170611752852,99909,282,140,72,15,26507,13229,0.3977219269535277,122,66,19427,15332,9402,3946,20693,30499,46073,32885,0,0,11906,4361,11328,1504,3185,197,0,0,0,0,54010,3048,10370,0,0,0,0,0
559,3507,560.4142083078978,99909,280,144,72,15,26548,13253,0.398372518992283,114,58,19499,15457,9387,3937,20646,30387,46123,32943,0,0,11833,4353,11379,1494,3208,197,0,0,0,0,54033,3031,10381,0,0,0,0,0
560,3507,561.0639489776373,99909,270,145,72,15,26562,13264,0.39862274669949654,118,53,19521,15496,9367,3927,20650,30362,46172,33000,0,0,11757,4344,11409,1488,3221,198,0,0,0,0,54084,3016,10392,0,0,0,0,0
561,3507,562.3634323063721,99909,263,137,72,15,26599,13282,0.3991732476553664,117,57,19583,15614,9357,3914,20606,30261,46220,33055,0,0,11690,4331,11474,1488,3227,202,0,0,0,0,54093,2995,10409,0,0,0,0,0
562,3507,563.0146907206472,99909,260,135,72,15,26619,13288,0.3994334844708685,111,65,19598,15650,9350,3901,20607,30232,46267,33109,0,0,11614,4324,11501,1486,3236,202,0,0,0,0,54145,2979,10422,0,0,0,0,0
563,3507,564.3170391958627,99909,254,123,72,15,26651,13305,0.39992393077700705,114,62,19663,15758,9325,3908,20570,30132,46313,33162,0,0,11534,4321,11546,1484,3250,205,0,0,0,0,54175,2966,10428,0,0,0,0,0
564,3507,565.6224265580255,99909,244,117,72,15,26682,13319,0.4003743406499915,122,60,19745,15881,9302,3904,20513,30021,46358,33214,0,0,11466,4310,11597,1482,3265,206,0,0,0,0,54196,2951,10436,0,0,0,0,0
565,3507,566.2767504052379,99909,235,115,72,15,26700,13328,0.40064458657378216,113,62,19774,15926,9293,3897,20511,29983,46402,33265,0,0,11395,4307,11619,1483,3275,206,0,0,0,0,54240,2929,10455,0,0,0,0,0
566,3507,567.5855159154291,99909,218,114,72,15,26726,13342,0.4010449509053238,121,63,19854,16019,9278,3888,20455,29899,46444,33315,0,0,11323,4304,11657,1480,3291,207,0,0,0,0,54270,2914,10463,0,0,0,0,0
567,3507,568.2417077813749,99909,230,109,72,15,26751,13352,0.40139526969542283,114,60,19870,16052,9257,3892,20455,29870,46485,33364,0,0,11266,4292,11687,1477,3301,207,0,0,0,0,54307,2896,10476,0,0,0,0,0
568,3507,569.5543739013182,99909,213,110,72,15,26777,13375,0.4018857160015614,106,50,19972,16159,9246,3892,20389,29772,46525,33412,0,0,11201,4281,11739,1475,3315,209,0,0,0,0,54322,2887,10480,0,0,0,0,0
569,3507,570.2126274490637,99909,212,117,72,15,26797,13387,0.4022060074667948,99,40,19990,16200,9239,3872,20386,29754,46565,33459,0,0,11151,4262,11770,1473,3323,211,0,0,0,0,54355,2872,10492,0,0,0,0,0
570,3507,571.5300953796276,99909,217,121,72,15,26839,13402,0.4027765266392417,87,36,20072,16316,9233,3855,20317,29655,46604,33505,0,0,11083,4258,11808,1476,3329,212,0,0,0,0,54386,2856,10501,0,0,0,0,0
571,3507,572.190798142607,99909,209,113,72,15,26854,13407,0.4029767088050126,89,36,20107,16374,9216,3847,20305,29613,46642,33550,0,0,11022,4248,11845,1473,3337,213,0,0,0,0,54418,2847,10506,0,0,0,0,0
572,3507,573.5134376732656,99909,202,105,72,15,26885,13418,0.40339709135313134,83,42,20176,16466,9203,3833,20262,29537,46679,33594,0,0,10965,4244,11888,1470,3351,214,0,0,0,0,54430,2831,10516,0,0,0,0,0
573,3507,574.1767154714515,99909,199,104,72,15,26902,13427,0.4036573281686335,78,37,20205,16516,9191,3826,20253,29500,46715,33637,0,0,10904,4239,11913,1465,3360,216,0,0,0,0,54469,2823,10520,0,0,0,0,0
574,3507,575.5032045182147,99909,181,96,72,15,26925,13438,0.4039976378504439,80,37,20299,16635,9177,3817,20189,29398,46750,33679,0,0,10846,4232,11960,1460,3373,220,0,0,0,0,54482,2817,10519,0,0,0,0,0
575,3507,576.1663677208979,99909,178,90,72,15,26940,13441,0.4041778017996377,74,42,20319,16674,9167,3810,20188,29367,46784,33720,0,0,10792,4222,11989,1462,3377,220,0,0,0,0,54515,2804,10528,0,0,0,0,0
576,3507,577.4899353886643,99909,167,79,72,15,26963,13453,0.40452812058973664,71,38,20413,16802,9151,3805,20124,29259,46817,33761,0,0,10742,4212,12035,1460,3386,225,0,0,0,0,54526,2791,10532,0,0,0,0,0
577,3507,578.1497366861805,99909,163,77,72,15,26975,13456,0.4046782572140648,67,38,20430,16831,9144,3801,20122,29236,46850,33801,0,0,10684,4207,12052,1461,3390,226,0,0,0,0,54570,2780,10539,0,0,0,0,0
578,3507,579.4664535509335,99909,156,77,72,15,26997,13465,0.4049885395710096,69,36,20525,16932,9113,3791,20063,29147,46882,33840,0,0,10629,4203,12080,1458,3401,227,0,0,0,0,54598,2770,10543,0,0,0,0,0
579,3507,580.1227100721159,99909,160,75,72,15,27012,13470,0.40518872173678044,56,34,20553,16973,9095,3787,20062,29114,46913,33878,0,0,10590,4186,12106,1455,3406,229,0,0,0,0,54625,2760,10552,0,0,0,0,0
580,3507,581.4321104778253,99909,157,63,72,15,27039,13475,0.4055090132020138,51,41,20650,17091,9076,3787,19992,29001,46943,33915,0,0,10546,4175,12149,1453,3415,230,0,0,0,0,54633,2748,10560,0,0,0,0,0
581,3507,582.0842138969216,99909,150,60,72,15,27053,13478,0.40567916804291904,41,41,20686,17135,9061,3777,19988,28970,46973,33952,0,0,10503,4167,12178,1453,3419,230,0,0,0,0,54653,2732,10574,0,0,0,0,0
582,3507,583.385791586473,99909,128,49,72,15,27074,13486,0.4059694321832868,37,37,20770,17274,9048,3770,19943,28853,47002,33988,0,0,10446,4167,12214,1453,3436,231,0,0,0,0,54668,2723,10571,0,0,0,0,0
583,3507,584.0345080133745,99909,122,53,72,15,27077,13494,0.40607953237446076,41,34,20795,17330,9029,3765,19939,28801,47030,34023,0,0,10404,4159,12233,1450,3438,232,0,0,0,0,54699,2712,10582,0,0,0,0,0
584,3507,585.3295296538058,99909,97,52,72,15,27084,13505,0.40625969632365455,50,27,20870,17452,9015,3753,19894,28699,47058,34057,0,0,10362,4153,12269,1449,3447,233,0,0,0,0,54707,2699,10590,0,0,0,0,0
585,3507,586.620111029336,99909,95,57,72,15,27101,13518,0.4065599695723108,40,20,20975,17583,8988,3738,19828,28585,47085,34091,0,0,10321,4141,12297,1449,3455,233,0,0,0,0,54729,2691,10593,0,0,0,0,0
586,3507,587.2630022124368,99909,91,52,72,15,27105,13518,0.406600006005465,42,25,21024,17613,8963,3736,19806,28557,47112,34124,0,0,10283,4131,12313,1447,3461,234,0,0,0,0,54759,2682,10599,0,0,0,0,0
587,3507,588.5451157046255,99909,90,46,72,15,27121,13525,0.40683021549610143,34,22,21118,17722,8926,3732,19758,28461,47138,34156,0,0,10247,4119,12342,1446,3468,235,0,0,0,0,54773,2673,10606,0,0,0,0,0
588,3507,589.183516955093,99909,88,46,72,15,27125,13530,0.40692029747069836,34,21,21147,17767,8901,3728,19756,28421,47163,34188,0,0,10214,4105,12363,1445,3472,235,0,0,0,0,54798,2664,10613,0,0,0,0,0
589,3507,590.4577685974647,99909,78,49,72,15,27128,13540,0.40705041587844937,35,16,21201,17816,8878,3720,19734,28382,47188,34219,0,0,10171,4101,12382,1443,3477,235,0,0,0,0,54825,2656,10619,0,0,0,0,0
590,3507,591.1670881530251,99909,74,50,72,15,27133,13543,0.4071304887447577,34,15,21261,17875,8854,3706,19703,28337,47212,34250,0,0,10131,4095,12396,1441,3480,235,0,0,0,0,54856,2648,10627,0,0,0,0,0
591,3507,592.0699020509174,99909,63,50,72,15,27135,13547,0.40719054339448896,37,14,21327,17941,8836,3699,19663,28279,47236,34280,0,0,10097,4084,12417,1439,3488,235,0,0,0,0,54879,2641,10629,0,0,0,0,0
592,3507,593.0574647337762,99909,63,50,72,15,27147,13551,0.40735068912710565,29,14,21421,18028,8800,3689,19613,28202,47259,34309,0,0,10056,4084,12423,1435,3495,237,0,0,0,0,54911,2634,10634,0,0,0,0,0
593,3507,594.106524222689,99909,59,48,72,15,27158,13555,0.4075008257514338,27,11,21510,18173,8777,3668,19553,28083,47282,34338,0,0,10021,4080,12442,1436,3497,239,0,0,0,0,54931,2622,10641,0,0,0,0,0
594,3507,595.0903529537132,99909,60,45,72,15,27166,13556,0.4075909077260307,23,12,21550,18244,8760,3656,19533,28026,47304,34366,0,0,9990,4074,12455,1433,3503,239,0,0,0,0,54954,2612,10649,0,0,0,0,0
595,3507,596.1698406920463,99909,58,42,72,15,27170,13559,0.4076609714840505,26,13,21624,18327,8726,3650,19492,27951,47326,34394,0,0,9958,4067,12470,1428,3507,241,0,0,0,0,54977,2606,10655,0,0,0,0,0
596,3507,597.1012007681647,99909,53,42,72,15,27177,13565,0.4077910898918015,22,10,21722,18413,8688,3633,19441,27885,47347,34421,0,0,9927,4055,12495,1426,3511,241,0,0,0,0,54994,2601,10659,0,0,0,0,0
597,3507,598.0750291333912,99909,51,41,72,15,27182,13566,0.4078511445415328,17,9,21769,18449,8671,3627,19418,27857,47368,34448,0,0,9893,4046,12508,1424,3515,242,0,0,0,0,55023,2598,10660,0,0,0,0,0
598,3507,599.0294628056438,99909,48,32,72,15,27185,13570,0.4079212082995526,18,6,21879,18545,8626,3625,19355,27775,47388,34474,0,0,9865,4038,12532,1422,3517,244,0,0,0,0,55035,2591,10665,0,0,0,0,0
599,3507,600.0551707467075,99909,45,29,72,15,27187,13570,0.4079412265161297,19,7,21946,18633,8594,3610,19322,27704,47408,34500,0,0,9836,4027,12548,1421,3520,244,0,0,0,0,55058,2586,10669,0,0,0,0,0
600,3507,601.0170161529443,99909,46,26,72,15,27191,13570,0.40798126294928383,17,9,21998,18717,8565,3590,19300,27641,47427,34525,0,0,9806,4017,12559,1421,3521,245,0,0,0,0,55085,2582,10673,0,0,0,0,0
601,3507,602.0507476904053,99909,48,23,72,15,27196,13572,0.40805132670730365,15,10,22080,18832,8528,3577,19255,27541,47446,34550,0,0,9777,4009,12572,1419,3523,246,0,0,0,0,55108,2577,10678,0,0,0,0,0
602,3507,603.0755211351878,99909,39,21,72,15,27199,13575,0.4081113813570349,17,10,22148,18912,8510,3569,19212,27471,47465,34574,0,0,9752,3997,12597,1419,3526,246,0,0,0,0,55119,2571,10682,0,0,0,0,0
603,3507,604.0289540990414,99909,42,22,72,15,27206,13577,0.40820146333163176,13,9,22240,19017,8468,3549,19163,27386,47483,34598,0,0,9729,3987,12610,1417,3529,246,0,0,0,0,55138,2564,10689,0,0,0,0,0
604,3507,605.0146093686075,99909,38,20,72,15,27209,13579,0.4082515088730745,13,9,22301,19079,8446,3542,19128,27333,47501,34621,0,0,9705,3974,12628,1417,3532,246,0,0,0,0,55155,2559,10693,0,0,0,0,0
605,3507,606.130672885283,99909,29,18,72,15,27211,13581,0.4082915453062287,16,9,22378,19170,8428,3535,19075,27251,47518,34644,0,0,9680,3966,12638,1418,3539,247,0,0,0,0,55175,2551,10695,0,0,0,0,0
606,3507,607.1002312045446,99909,26,15,72,15,27216,13583,0.40836160906424845,13,8,22453,19250,8399,3528,19035,27182,47535,34666,0,0,9655,3961,12654,1417,3542,247,0,0,0,0,55189,2543,10701,0,0,0,0,0
607,3507,608.3442783466651,99909,19,13,72,15,27216,13585,0.40838162728082555,14,6,22550,19354,8361,3512,18982,27098,47552,34688,0,0,9629,3955,12665,1416,3546,247,0,0,0,0,55207,2537,10707,0,0,0,0,0
608,3507,609.0224131651507,99909,19,13,72,15,27218,13586,0.4084116546056912,12,5,22593,19402,8339,3504,18963,27059,47568,34710,0,0,9603,3948,12674,1415,3547,248,0,0,0,0,55231,2534,10709,0,0,0,0,0
609,3507,610.0556296232845,99909,14,13,72,15,27219,13588,0.4084416819305568,12,5,22667,19476,8313,3492,18920,26997,47584,34731,0,0,9583,3941,12688,1413,3549,249,0,0,0,0,55244,2527,10715,0,0,0,0,0
610,3507,611.2253338180856,99909,14,10,72,15,27221,13589,0.4084717092554224,11,6,22766,19591,8272,3479,18863,26897,47600,34752,0,0,9563,3929,12704,1410,3552,250,0,0,0,0,55260,2526,10715,0,0,0,0,0
611,3507,612.14133427753,99909,14,10,72,15,27224,13590,0.4085117456885766,13,7,22841,19663,8244,3465,18814,26838,47615,34772,0,0,9542,3922,12714,1407,3555,251,0,0,0,0,55278,2523,10717,0,0,0,0,0
612,3507,613.0709442353101,99909,15,11,72,15,27228,13591,0.40856179123001934,12,7,22916,19732,8215,3450,18768,26783,47630,34792,0,0,9524,3912,12727,1406,3555,252,0,0,0,0,55293,2518,10722,0,0,0,0,0
613,3507,614.0038640328917,99909,17,12,72,15,27233,13593,0.4086318549880391,9,5,23018,19828,8172,3434,18710,26704,47645,34812,0,0,9511,3904,12739,1402,3559,252,0,0,0,0,55302,2508,10732,0,0,0,0,0
614,3507,615.1062629046147,99909,13,12,72,15,27234,13594,0.4086518732046162,13,5,23083,19907,8151,3421,18666,26638,47659,34831,0,0,9489,3900,12749,1400,3561,252,0,0,0,0,55318,2503,10737,0,0,0,0,0
615,3507,616.0418902887386,99909,14,11,72,15,27238,13596,0.40871192785434746,11,3,23154,19981,8125,3416,18622,26572,47673,34850,0,0,9469,3892,12760,1399,3565,252,0,0,0,0,55335,2499,10738,0,0,0,0,0
616,3507,617.2051720782166,99909,15,9,72,15,27240,13596,0.40873194607092456,13,3,23255,20075,8080,3404,18563,26492,47687,34869,0,0,9452,3883,12772,1397,3567,252,0,0,0,0,55349,2494,10743,0,0,0,0,0
617,3507,618.0072823241729,99909,17,9,72,15,27243,13597,0.4087719825040787,12,2,23311,20120,8056,3400,18530,26452,47701,34887,0,0,9432,3878,12779,1395,3569,252,0,0,0,0,55367,2489,10748,0,0,0,0,0
618,3507,619.1303565245871,99909,15,8,72,15,27245,13597,0.4087920007206558,12,4,23405,20235,8028,3392,18466,26344,47714,34905,0,0,9413,3877,12785,1394,3569,253,0,0,0,0,55381,2480,10757,0,0,0,0,0
619,3507,620.1627097485265,99909,14,9,72,15,27247,13598,0.4088220280455214,13,3,23475,20324,8000,3378,18424,26269,47727,34923,0,0,9392,3873,12790,1393,3570,254,0,0,0,0,55400,2476,10761,0,0,0,0,0
620,3507,621.0643119261036,99909,14,9,72,15,27249,13599,0.40885205537038705,14,3,23575,20457,7967,3364,18356,26150,47740,34940,0,0,9375,3865,12795,1393,3573,254,0,0,0,0,55417,2471,10766,0,0,0,0,0
621,3507,622.0637581049973,99909,13,9,72,15,27250,13600,0.40887207358696415,14,3,23641,20517,7942,3353,18316,26101,47753,34957,0,0,9357,3858,12803,1390,3577,254,0,0,0,0,55433,2469,10768,0,0,0,0,0
622,3507,623.0727037994304,99909,13,9,72,15,27252,13601,0.40890210091182977,12,4,23704,20578,7916,3349,18281,26043,47765,34974,0,0,9342,3855,12808,1387,3581,254,0,0,0,0,55446,2461,10775,0,0,0,0,0
623,3507,624.0807752924256,99909,16,9,72,15,27256,13602,0.4089521464532725,10,6,23783,20667,7889,3337,18228,25964,47777,34990,0,0,9324,3847,12818,1387,3581,254,0,0,0,0,55462,2459,10777,0,0,0,0,0
624,3507,625.011265243003,99909,18,8,72,15,27258,13603,0.4089821737781381,11,6,23853,20766,7860,3323,18184,25880,47789,35006,0,0,9308,3840,12827,1385,3583,254,0,0,0,0,55476,2456,10780,0,0,0,0,0
625,3507,626.0846346710754,99909,16,8,72,15,27259,13604,0.4090021919947152,11,5,23921,20860,7835,3310,18143,25800,47801,35022,0,0,9288,3836,12835,1384,3584,254,0,0,0,0,55492,2453,10783,0,0,0,0,0
626,3507,627.0663354255813,99909,14,9,72,15,27260,13605,0.40902221021129226,12,5,23986,20941,7805,3301,18109,25727,47812,35037,0,0,9272,3830,12843,1384,3583,255,0,0,0,0,55506,2449,10787,0,0,0,0,0
627,3507,628.0827720699568,99909,13,9,72,15,27263,13607,0.409072255752735,9,3,24070,21019,7771,3289,18063,25663,47823,35052,0,0,9255,3826,12849,1380,3590,255,0,0,0,0,55520,2448,10786,0,0,0,0,0
628,3507,629.1209838941394,99909,16,7,72,15,27268,13608,0.4091323104024662,8,3,24163,21102,7724,3281,18015,25590,47834,35067,0,0,9238,3819,12857,1380,3592,255,0,0,0,0,55534,2446,10788,0,0,0,0,0
629,3507,630.1616530895695,99909,14,7,72,15,27271,13610,0.40918235594390895,31,26,24242,21179,7683,3274,17956,25497,47845,35082,0,0,9220,3813,12862,1381,3596,255,0,0,0,1,55550,2443,10788,0,0,0,0,0
630,3507,631.150237365803,99909,17,8,72,15,27275,13614,0.4092624288102173,31,22,24300,21235,7653,3272,17925,25446,47855,35096,0,0,9206,3809,12865,1380,3600,255,0,0,0,2,55563,2438,10791,0,0,0,0,0
631,3507,632.0207684455794,99909,24,11,72,15,27285,13618,0.4094025563262569,21,20,24383,21314,7620,3258,17878,25380,47865,35110,0,0,9192,3804,12869,1378,3602,257,1,0,0,3,55575,2436,10792,0,0,0,0,0
632,3507,633.0584924620697,99909,28,13,72,15,27296,13624,0.4095727111671621,23,18,24479,21436,7585,3238,17811,25278,47875,35124,0,0,9178,3799,12873,1376,3608,257,2,0,0,9,55582,2432,10793,0,0,0,0,0
633,3507,634.0255252844845,99909,32,17,72,15,27305,13628,0.40970282957491316,19,18,24533,21514,7558,3224,17784,25210,47885,35138,0,0,9165,3793,12878,1375,3611,257,2,0,0,12,55592,2428,10796,0,0,0,0,0
634,3507,635.0521393644807,99909,34,18,72,15,27314,13635,0.40986297530752985,23,18,24606,21619,7534,3212,17729,25116,47895,35151,0,0,9152,3789,12881,1373,3617,257,3,0,0,20,55596,2423,10798,0,0,0,0,0
635,3507,636.0553063936204,99909,35,20,72,15,27319,13639,0.4099530572821267,25,18,24654,21690,7514,3205,17698,25050,47905,35164,0,0,9139,3783,12887,1372,3620,257,3,0,0,24,55605,2420,10799,0,0,0,0,0
636,3507,637.0014707313318,99909,35,20,72,15,27321,13642,0.41000310282356944,30,19,24723,21787,7492,3196,17646,24961,47914,35177,0,0,9127,3777,12892,1371,3624,257,4,0,0,25,55615,2416,10801,0,0,0,0,0
637,3507,638.0454871904847,99909,37,23,72,15,27327,13645,0.4100931847981663,29,18,24786,21878,7468,3185,17606,24879,47923,35190,0,0,9113,3773,12895,1371,3625,258,4,0,0,27,55627,2413,10803,0,0,0,0,0
638,3507,639.1699116539527,99909,44,23,72,15,27342,13652,0.41031338518051425,31,22,24875,22003,7432,3172,17544,24763,47932,35202,0,0,9098,3768,12899,1371,3628,258,7,0,0,36,55630,2409,10805,0,0,0,0,0
639,3507,640.143729931662,99909,44,27,72,15,27347,13658,0.4104234853716882,33,18,24916,22062,7418,3165,17515,24711,47941,35214,0,0,9079,3766,12899,1372,3629,258,9,0,0,39,55644,2406,10808,0,0,0,0,0
640,3507,641.2565061953977,99909,43,25,72,15,27355,13663,0.4105536037794393,44,15,25026,22185,7396,3161,17417,24597,47950,35226,0,0,9067,3764,12898,1366,3636,260,10,0,0,49,55645,2404,10810,0,0,0,0,0
641,3507,642.1473684761667,99909,44,27,72,15,27364,13666,0.4106737130789018,43,19,25097,22267,7370,3148,17372,24522,47958,35238,0,0,9057,3762,12899,1363,3642,262,10,0,0,53,55651,2401,10809,0,0,0,0,0
642,3507,643.0437878922992,99909,46,30,72,15,27369,13671,0.4107738041617872,47,17,25146,22318,7350,3146,17337,24472,47966,35250,0,0,9041,3760,12900,1362,3645,262,10,0,0,56,55664,2400,10809,0,0,0,0,0
643,3507,644.1592724612367,99909,55,34,72,15,27388,13676,0.41101402276071225,50,21,25228,22409,7320,3135,17273,24384,47974,35261,0,0,9029,3754,12904,1360,3649,262,12,0,0,63,55667,2399,10810,0,0,0,0,0
644,3507,645.2100448678402,99909,57,40,72,15,27400,13685,0.41122421403477166,64,19,25300,22495,7299,3121,17206,24308,47982,35272,0,0,9016,3749,12905,1359,3655,262,17,0,0,66,55672,2394,10814,0,0,0,0,0
645,3507,646.1491975345285,99909,68,37,72,15,27415,13687,0.4113943688756769,67,28,25370,22594,7266,3109,17155,24215,47990,35283,0,0,9007,3740,12913,1358,3659,262,18,0,0,71,55675,2393,10813,0,0,0,0,0
646,3507,647.023647326663,99909,64,38,72,15,27419,13693,0.41149445995856226,89,31,25425,22660,7243,3097,17105,24157,47998,35294,0,0,8996,3734,12918,1356,3662,263,20,0,0,80,55675,2392,10813,0,0,0,0,0
647,3507,648.186464640291,99909,85,40,72,15,27447,13701,0.41185478785694984,87,32,25482,22775,7221,3092,17051,24044,48006,35305,0,0,8982,3729,12922,1354,3667,263,25,0,0,85,55679,2389,10814,0,0,0,0,0
648,3507,649.0567750820977,99909,94,39,72,15,27464,13705,0.4120649791310092,96,37,25507,22826,7209,3090,17020,23991,48013,35316,0,0,8972,3725,12922,1355,3672,264,25,0,0,90,55684,2384,10816,0,0,0,0,0
649,3507,650.2148315963433,99909,100,44,72,15,27483,13719,0.4123952797045311,100,40,25588,22919,7174,3086,16964,23894,48020,35326,0,0,8964,3721,12924,1354,3677,264,28,0,0,105,55674,2377,10821,0,0,0,0,0
650,3507,651.0810812185246,99909,114,45,72,15,27508,13723,0.41268554384489886,99,45,25632,22999,7165,3074,16916,23820,48027,35336,0,0,8953,3715,12926,1354,3681,265,31,0,0,110,55677,2374,10823,0,0,0,0,0
651,3507,652.2335361103221,99909,120,53,72,15,27534,13733,0.4130458717432864,101,53,25688,23066,7154,3066,16863,23745,48034,35346,0,0,8946,3709,12927,1353,3689,266,32,0,0,122,55671,2370,10824,0,0,0,0,0
652,3507,653.0961211954673,99909,129,55,72,15,27556,13743,0.41336616320851977,114,61,25725,23119,7142,3066,16816,23682,48041,35356,0,0,8933,3705,12931,1351,3691,267,35,0,0,138,55665,2369,10824,0,0,0,0,0
653,3507,654.2437104153677,99908,149,60,73,15,27593,13758,0.4138907795171558,127,71,25766,23201,7123,3061,16760,23590,48048,35366,0,0,8920,3701,12933,1352,3693,267,40,0,0,156,55654,2363,10829,0,0,0,0,0
654,3507,655.1028282431132,99908,158,61,73,15,27620,13769,0.41427112943908395,145,77,25798,23244,7111,3065,16713,23536,48055,35376,0,0,8904,3699,12933,1353,3700,268,45,0,0,167,55653,2357,10829,0,0,0,0,0
655,3507,656.2460150960388,99908,175,74,73,15,27669,13790,0.41497177403210955,136,83,25865,23325,7105,3064,16644,23437,48062,35385,0,0,8887,3696,12931,1353,3712,269,53,0,0,184,55645,2352,10826,0,0,0,0,0
656,3507,657.101416281703,99908,185,79,73,15,27697,13806,0.4154121792048685,152,84,25902,23382,7100,3062,16586,23376,48068,35394,0,0,8873,3692,12931,1355,3721,269,59,0,0,196,55641,2347,10824,0,0,0,0,0
657,3507,658.2395243582589,99908,196,90,73,15,27734,13832,0.41604275933859153,174,84,25938,23453,7098,3073,16519,23283,48074,35403,0,0,8857,3687,12928,1359,3729,270,65,0,0,217,55630,2343,10823,0,0,0,0,0
658,3507,659.0918311883119,99908,209,97,73,15,27773,13851,0.4166232934299556,181,93,25963,23523,7101,3071,16471,23199,48080,35412,0,0,8847,3681,12924,1361,3736,272,67,0,0,240,55615,2340,10825,0,0,0,0,0
659,3507,660.2262735584777,99908,209,116,73,15,27809,13882,0.41729391039756575,210,98,26026,23594,7089,3069,16391,23106,48086,35421,0,0,8831,3680,12919,1362,3745,272,73,0,0,271,55594,2334,10827,0,0,0,0,0
660,3507,661.0750565513569,99908,229,119,73,15,27856,13901,0.41795451815670415,208,104,26053,23648,7090,3078,16345,23034,48092,35430,0,0,8819,3673,12917,1367,3754,275,77,0,0,290,55583,2329,10824,0,0,0,0,0
661,3507,662.2045794038942,99908,248,131,73,15,27917,13934,0.4188953837530528,217,93,26107,23748,7094,3085,16259,22926,48098,35439,0,0,8799,3665,12916,1370,3765,279,88,0,0,317,55564,2326,10819,0,0,0,0,0
662,3507,663.05013388401,99908,286,134,73,15,27982,13950,0.4197061296392681,197,107,26134,23789,7092,3092,16216,22861,48104,35447,0,0,8786,3662,12914,1372,3775,279,93,0,0,340,55549,2321,10817,0,0,0,0,0
663,3507,664.1759317363885,99908,300,143,73,15,28052,13980,0.4207070504864475,214,109,26153,23889,7109,3097,16149,22745,48110,35455,0,0,8765,3654,12907,1380,3786,280,104,0,0,385,55514,2317,10816,0,0,0,0,0
664,3507,665.0194128581478,99908,322,148,73,15,28107,14000,0.4214577411218321,221,111,26170,23954,7112,3101,16100,22669,48116,35463,0,0,8751,3646,12904,1381,3803,281,110,0,0,403,55503,2315,10811,0,0,0,0,0
665,3507,666.1427996619269,99908,328,148,73,15,28166,14025,0.4222985146334628,244,109,26193,24017,7130,3115,16030,22594,48122,35471,0,0,8735,3636,12894,1392,3820,283,116,0,0,443,55473,2310,10806,0,0,0,0,0
666,3507,667.2644829401991,99908,351,150,73,15,28244,14053,0.42335949073147294,266,136,26216,24090,7144,3122,15948,22485,48127,35479,0,0,8713,3629,12887,1398,3840,284,129,0,0,481,55444,2305,10798,0,0,0,0,0
667,3507,668.1046683956212,99908,368,161,73,15,28298,14078,0.42415021820074467,292,146,26232,24132,7150,3125,15883,22419,48132,35487,0,0,8699,3624,12879,1400,3855,284,135,0,0,508,55425,2302,10797,0,0,0,0,0
668,3507,669.223370402716,99908,406,181,73,15,28385,14125,0.42549145213596506,317,159,26243,24179,7170,3142,15789,22322,48137,35495,0,0,8684,3621,12871,1404,3869,287,142,0,0,552,55389,2295,10794,0,0,0,0,0
669,3507,670.0613680422318,99908,435,190,73,15,28474,14165,0.42678264002882654,318,169,26234,24217,7203,3161,15735,22246,48142,35503,0,0,8662,3614,12865,1407,3890,288,154,0,0,600,55351,2292,10785,0,0,0,0,0
670,3507,671.1783599105457,99908,470,216,73,15,28578,14218,0.42835408575889816,348,179,26247,24278,7226,3174,15634,22136,48147,35510,0,0,8639,3610,12857,1408,3912,291,168,0,0,650,55310,2289,10774,0,0,0,0,0
671,3507,672.0151503273518,99908,497,232,73,15,28652,14261,0.4295251631500981,370,174,26235,24316,7249,3187,15574,22074,48152,35517,0,0,8622,3597,12855,1415,3924,292,179,0,0,691,55275,2288,10770,0,0,0,0,0
672,3507,673.1303142626788,99908,526,239,73,15,28777,14307,0.43123673779877486,395,190,26219,24382,7300,3211,15485,21961,48157,35524,0,0,8589,3586,12844,1426,3949,299,205,0,0,746,55225,2282,10757,0,0,0,0,0
673,3507,674.2450201888846,99908,560,239,73,15,28889,14345,0.43273811906954396,421,226,26228,24433,7333,3234,15383,21851,48162,35531,0,0,8566,3579,12834,1434,3972,302,221,0,0,807,55171,2275,10747,0,0,0,0,0
674,3507,675.0802541911851,99908,590,254,73,15,28984,14395,0.43418945429795414,439,232,26231,24468,7356,3259,15309,21770,48167,35538,0,0,8547,3568,12819,1439,4003,303,232,0,0,855,55131,2274,10737,0,0,0,0,0
675,3507,676.1931236701519,99908,646,280,73,15,29128,14460,0.43628137886855906,456,249,26186,24518,7406,3279,15231,21657,48172,35545,0,0,8524,3562,12803,1444,4034,307,247,0,0,922,55072,2270,10723,0,0,0,0,0
676,3507,677.0280974303829,99908,670,298,73,15,29241,14510,0.4379128798494615,470,282,26163,24532,7457,3299,15165,21572,48177,35552,0,0,8500,3557,12788,1448,4071,307,261,0,0,982,55022,2263,10709,0,0,0,0,0
677,3507,678.141699217473,99908,687,335,73,15,29370,14599,0.44009488729631263,512,285,26140,24575,7520,3330,15066,21458,48182,35559,0,0,8466,3549,12772,1456,4113,308,287,0,0,1068,54944,2259,10686,0,0,0,0,0
678,3507,679.2550197601934,99908,725,354,73,15,29523,14677,0.44240701445329705,569,309,26106,24604,7567,3370,14958,21346,48186,35566,0,0,8438,3538,12759,1468,4148,316,306,0,0,1153,54865,2252,10665,0,0,0,0,0
679,3507,680.0899961093588,99908,774,388,73,15,29660,14744,0.444448892981543,620,325,26052,24618,7615,3389,14864,21263,48190,35572,0,0,8410,3533,12748,1470,4176,318,328,0,0,1214,54810,2248,10653,0,0,0,0,0
680,3507,681.2040312404237,99908,866,396,73,15,29859,14830,0.4473015173960043,680,357,25971,24651,7654,3451,14754,21128,48194,35578,0,0,8380,3523,12737,1480,4212,324,351,0,0,1315,54715,2244,10627,0,0,0,0,0
681,3507,682.040100707912,99907,908,441,74,15,30018,14915,0.4497482658872752,685,360,25949,24675,7720,3475,14662,21032,48198,35584,0,0,8343,3505,12725,1496,4249,326,382,0,0,1380,54655,2238,10608,0,0,0,0,0
682,3507,683.1552059915796,99906,962,459,75,15,30210,15002,0.452545392669109,746,392,25870,24707,7803,3521,14542,20904,48202,35590,0,0,8304,3494,12704,1504,4293,332,412,0,0,1486,54557,2234,10586,0,0,0,0,0
683,3507,684.2720433484976,99905,994,478,76,15,30423,15104,0.45570291777188326,779,425,25792,24703,7923,3588,14434,20789,48206,35596,0,0,8257,3479,12683,1521,4340,342,453,0,0,1619,54427,2225,10559,0,0,0,0,0
684,3507,685.1110210184629,99905,1018,526,76,15,30575,15209,0.45827536159351384,837,412,25745,24734,7998,3631,14324,20680,48210,35602,0,0,8229,3463,12672,1539,4371,351,474,0,0,1714,54339,2218,10535,0,0,0,0,0
685,3507,686.2307906226271,99905,1102,560,76,15,30813,15333,0.4618988038636705,885,422,25662,24736,8081,3699,14192,20566,48214,35608,0,0,8189,3455,12634,1552,4442,356,507,0,0,1830,54230,2209,10501,0,0,0,0,0
686,3507,687.0714378095589,99905,1167,575,76,15,30995,15427,0.4646614283569391,938,441,25597,24748,8140,3764,14080,20455,48218,35614,0,0,8167,3444,12612,1565,4484,363,523,0,0,1938,54127,2201,10481,0,0,0,0,0
687,3507,688.1939564849803,99904,1227,600,77,15,31254,15552,0.46850976937860345,996,469,25478,24756,8281,3838,13939,20320,48222,35620,0,0,8123,3430,12586,1585,4554,367,557,0,0,2089,53978,2187,10448,0,0,0,0,0
688,3507,689.0379554391154,99904,1262,626,77,15,31452,15665,0.47162275784753366,1053,494,25386,24746,8386,3902,13834,20215,48226,35626,0,0,8083,3423,12550,1590,4617,377,590,0,0,2209,53863,2179,10423,0,0,0,0,0
689,3507,690.166200577084,99904,1339,631,77,15,31753,15777,0.4757567264573991,1069,528,25285,24757,8535,3989,13693,20078,48230,35632,0,0,8041,3401,12514,1621,4690,383,622,0,0,2385,53695,2166,10386,0,0,0,0,0
690,3507,691.0141173983408,99904,1408,657,77,15,31994,15887,0.4792700992953235,1118,542,25200,24775,8629,4057,13566,19952,48234,35637,0,0,8006,3393,12463,1632,4759,389,651,0,0,2515,53570,2156,10370,0,0,0,0,0
691,3507,692.1472477682314,99904,1494,691,77,15,32307,16019,0.4837243754003844,1161,580,25061,24778,8772,4132,13433,19802,48238,35642,0,0,7964,3375,12433,1650,4829,395,688,0,0,2696,53391,2148,10335,0,0,0,0,0
692,3507,693.2842006965607,99904,1590,740,77,15,32645,16175,0.4886691223574632,1242,641,24885,24751,8923,4216,13281,19635,48242,35647,0,0,7917,3360,12388,1671,4923,406,728,0,0,2853,53235,2132,10291,0,0,0,0,0
693,3507,694.1400968408274,99904,1667,786,77,15,32920,16312,0.4927930813581038,1281,637,24747,24743,9063,4290,13163,19527,48246,35652,0,0,7882,3342,12353,1696,4998,418,753,0,0,2980,53111,2120,10251,0,0,0,0,0
694,3507,695.2859700933029,99904,1723,828,77,15,33272,16491,0.49810818385650224,1380,708,24563,24676,9257,4399,12998,19372,48250,35657,0,0,7822,3316,12314,1721,5099,425,808,0,0,3198,52890,2106,10205,0,0,0,0,0
695,3507,696.1493632286783,99904,1808,878,77,15,33566,16644,0.5025824791800129,1404,720,24423,24654,9394,4474,12892,19257,48253,35662,0,0,7776,3295,12278,1740,5169,435,846,0,0,3350,52745,2096,10174,0,0,0,0,0
696,3507,697.016210441781,99904,1897,909,77,15,33878,16800,0.5072669762972454,1471,732,24242,24631,9537,4573,12774,19138,48256,35667,0,0,7735,3278,12239,1756,5253,445,882,0,0,3533,52563,2089,10131,0,0,0,0,0
697,3507,698.1782158554506,99904,2025,974,77,15,34317,17019,0.5138532991672005,1537,765,24046,24579,9727,4686,12586,18979,48259,35672,0,0,7681,3256,12193,1788,5359,458,930,0,0,3767,52328,2067,10077,0,0,0,0,0
698,3507,699.0539012298195,99904,2121,1014,77,15,34666,17182,0.5189782190903267,1576,765,23887,24557,9883,4791,12454,18856,48262,35677,0,0,7625,3231,12163,1816,5417,473,979,0,0,3967,52129,2058,10046,0,0,0,0,0
699,3507,700.2275094275924,99903,2260,1074,78,15,35158,17404,0.526130346436043,1641,797,23694,24506,10086,4916,12239,18690,48265,35682,0,0,7562,3202,12094,1857,5533,490,1033,0,0,4216,51877,2038,10001,0,0,0,0,0
700,3507,701.1116857827357,99902,2352,1124,78,16,35510,17604,0.5316610278072511,1748,827,23507,24438,10219,5039,12094,18554,48268,35687,0,0,7513,3188,12041,1880,5621,499,1073,0,0,4440,51653,2022,9972,0,0,0,0,0
701,3507,702.0000505737459,99902,2431,1174,78,16,35920,17790,0.5376268743368501,1787,862,23339,24384,10427,5143,11936,18419,48271,35692,0,0,7450,3170,11984,1908,5738,512,1127,0,0,4658,51431,2002,9922,0,0,0,0,0
702,3507,703.1919065199828,99902,2594,1232,78,16,36476,18048,0.545774859362175,1835,927,23066,24313,10673,5300,11752,18210,48274,35697,0,0,7361,3131,11924,1953,5860,535,1205,0,0,4932,51156,1984,9861,0,0,0,0,0
703,3507,704.0924288395441,99902,2663,1293,78,16,36895,18256,0.55205100998979,1898,982,22842,24250,10909,5406,11608,18051,48277,35702,0,0,7304,3100,11866,1991,5963,556,1256,0,0,5176,50904,1970,9816,0,0,0,0,0
704,3507,705.3030528622306,99900,2816,1394,79,17,37494,18585,0.5613513513513514,2009,1035,22522,24132,11198,5579,11374,17841,48280,35707,0,0,7219,3063,11797,2031,6134,572,1335,0,0,5490,50579,1946,9734,0,0,0,0,0
705,3507,706.219227914702,99899,2901,1490,80,17,37944,18856,0.5685742600026026,2135,1042,22256,24044,11435,5724,11191,17681,48283,35711,0,0,7156,3048,11736,2060,6268,588,1387,0,0,5749,50305,1928,9674,0,0,0,0,0
706,3507,707.1430717091897,99898,2996,1528,80,18,38456,19107,0.5762177420969389,2186,1069,22014,23992,11707,5892,11015,17499,48286,35715,0,0,7084,3017,11665,2098,6404,613,1449,0,0,6055,49985,1911,9617,0,0,0,0,0
707,3507,708.0750158224528,99898,3110,1577,80,18,38972,19370,0.5840156960099301,2269,1113,21751,23891,11961,6057,10827,17342,48289,35719,0,0,7013,2984,11598,2135,6540,637,1513,0,0,6353,49671,1899,9555,0,0,0,0,0
708,3507,709.0151679542556,99898,3168,1671,80,18,39471,19648,0.5917936295020921,2379,1128,21483,23810,12246,6184,10642,17187,48292,35723,0,0,6946,2950,11525,2168,6695,657,1572,0,0,6648,49357,1887,9493,0,0,0,0,0
709,3507,710.2819898882818,99898,3363,1724,80,18,40262,19995,0.603185248953933,2457,1224,21122,23660,12596,6411,10380,16961,48295,35727,0,0,6838,2923,11432,2204,6892,703,1670,0,0,7052,48923,1860,9401,0,0,0,0,0
710,3507,711.2427767426469,99898,3507,1797,80,18,40851,20300,0.6121343770646059,2531,1278,20850,23525,12844,6592,10186,16788,48298,35731,0,0,6769,2895,11361,2248,7030,736,1729,0,0,7379,48577,1834,9340,0,0,0,0,0
711,3507,712.2129098936576,99896,3658,1840,82,18,41492,20595,0.6215163770321134,2567,1324,20540,23418,13140,6790,10011,16608,48301,35735,0,0,6697,2858,11289,2289,7192,768,1791,0,0,7730,48192,1817,9273,0,0,0,0,0
712,3507,713.1942353533914,99896,3791,1898,82,18,42152,20918,0.6313566108753104,2646,1405,20208,23280,13460,6995,9811,16402,48304,35739,0,0,6597,2823,11196,2338,7374,802,1875,0,0,8081,47816,1796,9198,0,0,0,0,0
713,3507,714.1877439113016,99895,3931,1996,83,18,42836,21291,0.6419440412433055,2687,1426,19884,23161,13800,7201,9613,16196,48307,35743,0,0,6507,2791,11093,2384,7568,831,1953,0,0,8464,47409,1767,9128,0,0,0,0,0
714,3507,715.1946838021197,99895,4058,2079,83,18,43516,21675,0.6525952249862356,2766,1486,19543,23010,14115,7418,9433,15987,48310,35747,0,0,6421,2746,11014,2444,7745,876,2026,0,0,8852,46991,1738,9042,0,0,0,0,0
715,3507,716.2154395102006,99895,4172,2143,83,18,44237,22064,0.6637068922368486,2851,1535,19205,22835,14472,7676,9215,15791,48313,35751,0,0,6315,2706,10915,2499,7977,910,2115,0,0,9262,46547,1710,8939,0,0,0,0,0
716,3507,717.2508123315189,99893,4302,2227,84,19,45009,22492,0.675733034346751,2947,1563,18840,22637,14824,7963,9001,15589,48316,35755,0,0,6223,2660,10814,2572,8190,960,2184,0,0,9698,46063,1680,8849,0,0,0,0,0
717,3507,718.3022136407029,99893,4417,2286,84,19,45816,22894,0.6878359845034187,2980,1608,18516,22489,15240,8220,8761,15376,48319,35759,0,0,6119,2602,10715,2650,8435,1011,2270,0,0,10119,45587,1646,8739,0,0,0,0,0
718,3507,719.0117241457527,99893,4468,2377,84,19,46321,23210,0.696054778613116,3060,1651,18275,22337,15503,8385,8608,15229,48322,35763,0,0,6037,2576,10644,2681,8588,1036,2340,0,0,10438,45245,1627,8681,0,0,0,0,0
719,3507,720.0896381458167,99893,4612,2480,84,19,47170,23673,0.7091888320502938,3103,1740,17925,22128,15902,8633,8372,14998,48324,35767,0,0,5927,2536,10513,2737,8886,1074,2429,0,0,10870,44748,1602,8571,0,0,0,0,0
720,3507,721.1838188707175,99893,4753,2573,84,19,48023,24133,0.7223328961989328,3128,1848,17595,21911,16273,8889,8165,14758,48326,35771,0,0,5819,2493,10406,2797,9129,1136,2515,0,0,11324,44241,1567,8466,0,0,0,0,0
721,3507,722.2951833025528,99893,4893,2671,84,19,48932,24656,0.7366682350114623,3103,1889,17245,21696,16715,9197,7958,14526,48328,35775,0,0,5730,2443,10271,2876,9413,1207,2575,0,0,11822,43673,1532,8351,0,0,0,0,0
722,3507,723.0469703357203,99893,4948,2736,84,19,49528,25015,0.746228464456969,3182,1868,16984,21580,16996,9424,7804,14371,48330,35779,0,0,5652,2412,10191,2928,9629,1245,2636,0,0,12156,43283,1506,8255,0,0,0,0,0
723,3507,724.1865455518348,99892,5062,2838,84,20,50440,25565,0.7608717414807993,3271,1920,16594,21361,17397,9741,7590,14118,48332,35783,0,0,5550,2355,10076,2994,9929,1321,2715,0,0,12649,42698,1478,8127,0,0,0,0,0
724,3507,725.3015055536795,99891,5179,2914,84,21,51347,26103,0.7753451261875445,3312,1987,16234,21133,17814,10070,7375,13873,48334,35786,0,0,5414,2302,9952,3054,10220,1392,2826,0,0,13139,42116,1456,8020,0,0,0,0,0
725,3507,726.0281121503402,99891,5211,3006,84,21,51937,26491,0.7851357980198417,3388,1991,15980,20999,18097,10285,7238,13696,48336,35789,0,0,5346,2256,9865,3099,10407,1456,2882,0,0,13465,41720,1442,7953,0,0,0,0,0
726,3507,727.0939552513345,99891,5320,3100,84,21,52857,27032,0.7997617402969236,3500,2022,15606,20761,18472,10620,7016,13474,48338,35792,0,0,5235,2207,9736,3154,10694,1552,2972,0,0,13926,41162,1405,7848,0,0,0,0,0
727,3507,728.133313481735,99891,5414,3154,84,21,53734,27544,0.8136668969176403,3537,2055,15277,20529,18870,10967,6816,13272,48340,35795,0,0,5134,2164,9620,3207,10999,1623,3048,0,0,14415,40573,1370,7738,0,0,0,0,0
728,3507,729.1482074086583,99891,5545,3202,84,21,54658,28051,0.8279925118379033,3492,2094,14956,20339,19290,11302,6631,13040,48342,35798,0,0,5031,2116,9481,3274,11293,1719,3128,0,0,14868,40020,1334,7627,0,0,0,0,0
729,3507,730.1396086986432,99891,5618,3276,84,21,55594,28595,0.8428086614409707,3440,2122,14646,20119,19775,11618,6435,12842,48344,35801,0,0,4913,2071,9336,3331,11643,1808,3213,0,0,15329,39444,1302,7501,0,0,0,0,0
730,3507,731.1062871507593,99891,5692,3322,84,21,56425,29112,0.8563033706740347,3457,2157,14331,19920,20159,11939,6275,12639,48346,35804,0,0,4814,2027,9222,3390,11937,1890,3274,0,0,15789,38878,1281,7389,0,0,0,0,0
731,3507,732.0521175451746,99890,5715,3329,84,22,57247,29572,0.8691460606667334,3501,2234,14010,19714,20583,12260,6105,12439,48348,35807,0,0,4702,1981,9100,3452,12240,1984,3352,0,0,16205,38343,1255,7276,0,0,0,0,0
732,3507,733.2825551432974,99887,5784,3380,87,22,58319,30235,0.8865417922252145,3537,2245,13659,19493,21047,12668,5884,12190,48350,35810,0,0,4572,1927,8949,3522,12654,2091,3443,0,0,16773,37614,1219,7123,0,0,0,0,0
733,3507,734.185163307197,99886,5777,3475,87,23,59063,30742,0.8990749454377991,3625,2240,13375,19324,21404,12936,5730,12000,48352,35813,0,0,4470,1884,8846,3584,12922,2172,3506,0,0,17183,37097,1194,7028,0,0,0,0,0
734,3507,735.0716011755515,99886,5799,3548,87,23,59865,31214,0.9118294856135996,3646,2259,13127,19159,21756,13190,5583,11819,48354,35816,0,0,4383,1834,8739,3649,13164,2284,3562,0,0,17582,36591,1163,6935,0,0,0,0,0
735,3507,736.2303315483673,99884,5807,3637,87,25,60875,31881,0.9286372191742421,3729,2250,12763,18940,22212,13559,5400,11587,48356,35819,0,0,4241,1792,8588,3708,13549,2409,3653,0,0,18083,35923,1124,6814,0,0,0,0,0
736,3507,737.0818368013968,99883,5831,3694,88,25,61607,32368,0.9408507954306539,3718,2271,12529,18755,22552,13842,5280,11411,48358,35822,0,0,4152,1757,8476,3762,13842,2503,3699,0,0,18409,35464,1097,6722,0,0,0,0,0
737,3507,738.1970908494851,99881,5885,3731,89,26,62624,32996,0.9573392336880888,3715,2270,12243,18520,22936,14246,5130,11205,48360,35825,0,0,4041,1699,8340,3845,14191,2642,3769,0,0,18906,34798,1053,6597,0,0,0,0,0
738,3507,739.0201356075636,99881,5922,3775,89,26,63348,33481,0.9694436379291357,3681,2286,12028,18334,23258,14538,5020,11039,48362,35828,0,0,3958,1661,8225,3893,14499,2727,3818,0,0,19242,34329,1030,6499,0,0,0,0,0
739,3507,740.1003626503789,99880,5977,3821,89,27,64301,34096,0.985152182619143,3689,2268,11760,18151,23606,14907,4877,10824,48364,35831,0,0,3846,1628,8085,3938,14873,2848,3869,0,0,19683,33716,1003,6391,0,0,0,0,0
740,3507,741.163436771676,99879,6084,3848,90,27,65253,34685,1.0005907147648654,3663,2274,11526,17957,23907,15270,4728,10622,48366,35834,0,0,3767,1587,7956,3976,15244,2980,3901,0,0,20059,33150,976,6283,0,0,0,0,0
741,3507,742.2104229675855,99879,6092,3879,90,27,66213,35301,1.016369807467035,3641,2274,11252,17728,24323,15644,4600,10446,48368,35837,0,0,3677,1537,7811,4039,15626,3120,3946,0,0,20496,32508,937,6182,0,0,0,0,0
742,3507,743.2408296517414,99879,6169,3891,90,27,67155,35880,1.0315982338629741,3573,2288,11033,17520,24681,15989,4452,10283,48370,35840,0,0,3573,1480,7694,4089,15981,3273,3998,0,0,20827,31972,920,6072,0,0,0,0,0
743,3507,744.0029156771403,99879,6198,3879,90,27,67873,36327,1.0432623474404028,3531,2285,10856,17384,24962,16271,4361,10152,48372,35843,0,0,3498,1446,7595,4139,16272,3386,4030,0,0,21103,31526,898,5986,0,0,0,0,0
744,3507,745.006180485118,99879,6181,3894,90,27,68744,36938,1.0581003013646513,3545,2265,10666,17229,25297,16626,4219,9957,48374,35846,0,0,3391,1406,7465,4182,16635,3536,4086,0,0,21487,30931,880,5880,0,0,0,0,0
745,3507,746.2419812990739,99878,6166,3861,90,28,69819,37606,1.0755621858667574,3546,2308,10424,17016,25698,17044,4074,9741,48376,35849,0,0,3255,1352,7315,4239,17132,3698,4166,0,0,21876,30267,837,5741,0,0,0,0,0
746,3507,747.2169881699573,99878,6120,3903,90,28,70637,38184,1.0895392378702016,3503,2265,10236,16864,26075,17367,3974,9571,48378,35852,0,0,3165,1318,7193,4275,17460,3878,4209,0,0,22167,29761,817,5635,0,0,0,0,0
747,3507,748.1799134654277,99876,6131,3882,92,28,71501,38702,1.1033982137850935,3433,2275,10075,16718,26393,17684,3874,9411,48380,35855,0,0,3078,1287,7074,4315,17774,4047,4241,0,0,22511,29228,795,5526,0,0,0,0,0
748,3507,749.1320983798832,99875,6120,3881,93,28,72303,39269,1.117116395494368,3441,2211,9918,16585,26662,18023,3764,9270,48382,35858,0,0,3002,1254,6967,4354,18113,4209,4264,0,0,22798,28711,773,5430,0,0,0,0,0
749,3507,750.0748066199953,99874,6077,3881,94,28,73110,39797,1.130494422972946,3367,2172,9792,16430,27003,18364,3665,9123,48384,35861,0,0,2913,1220,6867,4392,18460,4366,4299,0,0,23064,28213,747,5333,0,0,0,0,0
750,3507,751.0075601066867,99874,5989,3861,94,28,73826,40311,1.1428099405250616,3423,2167,9626,16292,27292,18658,3574,8992,48386,35864,0,0,2837,1199,6735,4426,18830,4518,4314,0,0,23306,27744,725,5240,0,0,0,0,0
751,3507,752.1608603433388,99874,5998,3851,94,28,74814,40943,1.1590303782766285,3350,2161,9462,16117,27622,19021,3472,8820,48388,35867,0,0,2750,1158,6616,4473,19228,4723,4339,0,0,23596,27175,697,5119,0,0,0,0,0
752,3507,753.0745667862326,99874,6028,3833,94,28,75583,41442,1.1717263752327933,3306,2150,9338,15982,27853,19316,3379,8689,48390,35870,0,0,2679,1123,6513,4519,19528,4884,4351,0,0,23805,26745,676,5051,0,0,0,0,0
753,3507,754.2058816879885,99872,5976,3810,96,28,76500,42049,1.187009371996155,3247,2132,9189,15805,28223,19693,3267,8530,48392,35872,0,0,2595,1089,6382,4549,19930,5090,4365,0,0,24060,26197,656,4959,0,0,0,0,0
754,3507,755.1019067772377,99869,5898,3815,99,28,77218,42521,1.1989606384363516,3294,2152,9038,15667,28479,19939,3190,8397,48394,35874,0,0,2521,1059,6279,4588,20242,5257,4375,0,0,24259,25796,631,4862,0,0,0,0,0
755,3507,756.211638783968,99869,5854,3804,99,28,78136,43119,1.2141405240865535,3249,2112,8945,15524,28770,20290,3081,8240,48396,35876,0,0,2437,1031,6146,4581,20620,5496,4402,0,0,24490,25298,608,4760,0,0,0,0,0
756,3507,757.0920314949254,99869,5805,3801,99,28,78828,43590,1.2257857793709759,3159,2054,8840,15406,29074,20591,3021,8118,48398,35878,0,0,2374,1001,6052,4606,20911,5668,4413,0,0,24674,24898,594,4678,0,0,0,0,0
757,3507,758.182219351026,99869,5728,3795,99,28,79678,44161,1.2400144188887443,3134,2056,8690,15254,29417,20900,2930,7965,48400,35880,0,0,2293,973,5949,4627,21229,5908,4430,0,0,24883,24413,577,4587,0,0,0,0,0
758,3507,759.0464937889948,99869,5665,3756,99,28,80346,44601,1.2511089527280739,3122,2054,8573,15139,29691,21152,2848,7869,48402,35882,0,0,2238,946,5855,4671,21519,6085,4428,0,0,25030,24014,563,4520,0,0,0,0,0
759,3507,760.1177157853338,99869,5677,3746,99,28,81195,45138,1.2649871331444191,3060,2023,8428,15035,29958,21442,2776,7724,48404,35884,0,0,2175,922,5749,4696,21887,6277,4429,0,0,25184,23568,545,4437,0,0,0,0,0
760,3507,761.1801051710337,99869,5615,3706,99,28,82006,45686,1.2785949593968098,3019,2031,8307,14913,30259,21751,2699,7569,48406,35886,0,0,2111,899,5657,4724,22217,6507,4423,0,0,25355,23100,529,4347,0,0,0,0,0
761,3507,762.0241624095692,99869,5563,3704,99,28,82644,46117,1.2892989816659823,2984,1977,8246,14826,30462,21985,2644,7478,48408,35888,0,0,2053,862,5593,4761,22452,6680,4426,0,0,25497,22746,512,4287,0,0,0,0,0
762,3507,763.0732909557702,99869,5542,3660,99,28,83416,46621,1.3020757191921417,2913,1967,8172,14700,30686,22273,2586,7370,48410,35890,0,0,1990,835,5495,4779,22777,6886,4428,0,0,25644,22341,498,4196,0,0,0,0,0
763,3507,764.1161492623413,99869,5511,3642,99,28,84175,47142,1.314892509187035,2867,1926,8102,14567,30890,22563,2529,7272,48412,35892,0,0,1925,808,5401,4801,23105,7083,4426,0,0,25766,21959,475,4120,0,0,0,0,0
764,3507,765.1536586735975,99869,5385,3613,99,28,84860,47636,1.3266979743463938,2908,1916,8008,14464,31127,22827,2471,7150,48413,35894,0,0,1865,787,5300,4834,23412,7294,4418,0,0,25900,21545,464,4050,0,0,0,0,0
765,3507,766.1848752264191,99869,5314,3550,99,28,85579,48103,1.3385735313260372,2864,1904,7929,14377,31365,23090,2427,7049,48414,35896,0,0,1810,766,5194,4846,23692,7525,4419,0,0,26038,21145,454,3980,0,0,0,0,0
766,3507,767.0060015869009,99867,5256,3485,100,29,86168,48478,1.3482531767250443,2781,1893,7895,14318,31591,23323,2375,6950,48415,35898,0,0,1761,745,5111,4856,23989,7685,4415,0,0,26112,20841,438,3914,0,0,0,0,0
767,3507,768.0274119017329,99867,5186,3426,100,29,86853,48954,1.3598786385893238,2802,1836,7817,14268,31781,23583,2312,6856,48416,35900,0,0,1708,727,5030,4883,24274,7907,4398,0,0,26200,20466,428,3846,0,0,0,0,0
768,3507,769.043863533709,99867,5196,3380,100,29,87566,49380,1.371283807463927,2744,1797,7745,14221,31956,23831,2257,6740,48417,35902,0,0,1667,702,4951,4907,24517,8112,4381,0,0,26314,20107,421,3788,0,0,0,0,0
769,3507,770.0559380312151,99867,5127,3326,100,29,88272,49832,1.382879229375069,2638,1741,7701,14150,32214,24104,2218,6648,48418,35904,0,0,1617,683,4873,4907,24799,8348,4369,0,0,26389,19759,410,3713,0,0,0,0,0
770,3507,771.063414765287,99867,5081,3238,100,29,88947,50244,1.393763705728619,2585,1697,7662,14098,32405,24376,2165,6560,48419,35906,0,0,1578,663,4786,4921,25123,8544,4341,0,0,26435,19430,403,3643,0,0,0,0,0
771,3507,772.0666983353273,99867,4989,3227,100,29,89574,50690,1.4045079956341935,2538,1663,7610,14018,32644,24621,2117,6440,48420,35908,0,0,1539,643,4709,4919,25383,8769,4316,0,0,26475,19132,394,3588,0,0,0,0,0
772,3507,773.0650334600339,99867,4919,3200,100,29,90215,51111,1.4151421390449297,2484,1634,7564,13944,32873,24833,2058,6358,48421,35910,0,0,1509,624,4636,4919,25630,8996,4299,0,0,26521,18825,383,3525,0,0,0,0,0
773,3507,774.0586996462454,99867,4836,3197,100,29,90797,51513,1.4249952436740865,2471,1624,7526,13923,33045,24966,2020,6259,48422,35912,0,0,1472,610,4568,4925,25849,9208,4284,0,0,26544,18548,376,3483,0,0,0,0,0
774,3507,775.0484098962844,99867,4740,3142,100,29,91399,51899,1.4348884015740935,2398,1640,7498,13869,33290,25142,1972,6176,48423,35914,0,0,1434,590,4512,4931,26110,9415,4271,0,0,26565,18246,368,3425,0,0,0,0,0
775,3507,776.0335363137356,99866,4703,3135,101,29,92026,52320,1.4453968317545511,2314,1571,7490,13818,33469,25331,1921,6114,48424,35916,0,0,1401,576,4451,4934,26353,9608,4246,0,0,26619,17953,359,3366,0,0,0,0,0
776,3507,777.0156615560238,99866,4668,3123,101,29,92634,52746,1.4557507059459676,2282,1532,7479,13800,33582,25476,1886,6038,48425,35918,0,0,1363,558,4397,4944,26556,9827,4228,0,0,26657,17677,354,3305,0,0,0,0,0
777,3507,778.1908374292292,99866,4580,3064,101,29,93354,53206,1.4675665391624777,2171,1519,7476,13767,33827,25690,1843,5929,48426,35920,0,0,1317,539,4316,4956,26753,10138,4218,0,0,26680,17356,342,3251,0,0,0,0,0
778,3507,779.166816570333,99866,4455,2995,101,29,93862,53574,1.4763382933130396,2157,1529,7477,13714,33997,25889,1811,5842,48427,35922,0,0,1280,531,4252,4942,26972,10369,4206,0,0,26670,17109,337,3198,0,0,0,0,0
779,3507,780.1402587094761,99865,4374,2915,102,29,94391,53940,1.4853151754869074,2113,1536,7477,13665,34156,26099,1776,5754,48428,35924,0,0,1247,524,4185,4920,27235,10573,4192,0,0,26669,16851,328,3141,0,0,0,0,0
780,3507,781.1110541133787,99863,4258,2889,102,31,94907,54312,1.494237104833622,2091,1461,7475,13639,34335,26279,1737,5699,48429,35926,0,0,1220,509,4137,4925,27443,10794,4162,0,0,26647,16625,315,3086,0,0,0,0,0
781,3507,782.0791159479788,99862,4186,2815,103,31,95419,54679,1.5030542148164467,2044,1379,7446,13620,34521,26512,1698,5641,48430,35928,0,0,1197,495,4073,4936,27618,11018,4130,0,0,26686,16365,306,3038,0,0,0,0,0
782,3507,783.0449016339089,99862,4119,2770,103,31,95889,55029,1.5112655464541067,2101,1341,7424,13595,34579,26689,1672,5572,48431,35930,0,0,1165,481,4018,4944,27804,11216,4113,0,0,26670,16150,301,3000,0,0,0,0,0
783,3507,784.0094257073213,99861,4050,2699,104,31,96382,55336,1.519291815623717,2059,1343,7442,13598,34705,26831,1638,5496,48432,35932,0,0,1146,472,3967,4941,28015,11408,4078,0,0,26642,15942,293,2957,0,0,0,0,0
784,3507,785.1649281873521,99861,4003,2575,104,31,96968,55685,1.5286548302139975,1984,1354,7459,13580,34840,27026,1608,5432,48433,35934,0,0,1122,456,3907,4920,28255,11644,4061,0,0,26615,15689,284,2908,0,0,0,0,0
785,3507,786.1263170873145,99860,3929,2570,105,31,97424,56019,1.5365812136991788,1945,1302,7440,13571,34991,27137,1588,5387,48434,35936,0,0,1102,452,3861,4922,28385,11852,4039,0,0,26614,15480,276,2877,0,0,0,0,0
786,3507,787.0855896418175,99860,3870,2550,105,31,97898,56338,1.5445223312637693,1885,1280,7472,13583,35107,27227,1559,5327,48435,35938,0,0,1083,440,3813,4914,28540,12063,4014,0,0,26590,15294,273,2836,0,0,0,0,0
787,3507,788.0435428172746,99860,3841,2557,105,31,98356,56669,1.5524233927498499,1820,1237,7506,13569,35189,27318,1537,5286,48436,35940,0,0,1067,435,3775,4883,28724,12241,3992,0,0,26549,15124,270,2800,0,0,0,0,0
788,3507,789.0006289790084,99860,3723,2481,105,31,98768,56951,1.5593731223713199,1807,1226,7529,13563,35325,27466,1509,5231,48437,35942,0,0,1046,424,3719,4864,28905,12446,3975,0,0,26505,14949,265,2762,0,0,0,0,0
789,3507,790.1473453640853,99860,3580,2453,105,31,99226,57312,1.5675746044462247,1815,1181,7574,13575,35441,27587,1483,5171,48438,35944,0,0,1027,416,3671,4842,29076,12678,3951,0,0,26500,14724,258,2717,0,0,0,0,0
790,3507,791.1020155797653,99860,3550,2374,105,31,99673,57569,1.5746244742639695,1734,1207,7608,13557,35543,27704,1458,5125,48439,35946,0,0,1007,410,3623,4830,29258,12865,3938,0,0,26429,14570,252,2678,0,0,0,0,0
791,3507,792.0558405590314,99860,3517,2307,105,31,100114,57851,1.5818646104546366,1637,1199,7648,13553,35652,27839,1439,5069,48440,35948,0,0,992,403,3584,4817,29402,13055,3912,0,0,26424,14376,248,2647,0,0,0,0,0
792,3507,793.0087934081478,99860,3469,2274,105,31,100533,58152,1.589074704586421,1631,1189,7658,13560,35722,27941,1413,5003,48441,35950,0,0,969,394,3546,4824,29535,13256,3890,0,0,26351,14228,244,2623,0,0,0,0,0
793,3507,794.1508237052033,99858,3338,2228,105,33,100996,58480,1.5970277794468144,1601,1180,7708,13574,35859,28032,1387,4951,48442,35952,0,0,946,388,3493,4814,29665,13510,3864,0,0,26312,14038,238,2590,0,0,0,0,0
794,3507,795.101322076832,99858,3328,2201,105,33,101401,58754,1.6038274349576398,1536,1157,7761,13604,35904,28100,1364,4903,48443,35954,0,0,933,380,3459,4804,29764,13696,3845,0,0,26299,13883,237,2558,0,0,0,0,0
795,3507,796.0520094155414,99858,3244,2156,105,33,101757,59002,1.6098760239540146,1553,1156,7774,13630,35967,28170,1355,4853,48444,35956,0,0,916,373,3415,4797,29886,13875,3827,0,0,26265,13742,235,2527,0,0,0,0,0
796,3507,797.0020122823498,99858,3224,2132,105,33,102149,59279,1.6165755372629134,1519,1149,7779,13630,36033,28255,1338,4799,48445,35958,0,0,902,368,3385,4782,29990,14063,3811,0,0,26220,13600,230,2507,0,0,0,0,0
797,3507,798.1416317043847,99858,3152,2063,105,33,102589,59575,1.623946003324721,1523,1128,7827,13634,36071,28397,1320,4743,48446,35960,0,0,886,363,3354,4753,30171,14276,3786,0,0,26138,13442,225,2464,0,0,0,0,0
798,3507,799.0914597734538,99858,3134,2078,105,33,102993,59854,1.6307857157163173,1436,1094,7878,13637,36143,28457,1302,4699,48447,35962,0,0,879,359,3322,4752,30289,14449,3755,0,0,26062,13330,220,2441,0,0,0,0,0
799,3507,800.0403859526341,99858,3066,2092,105,33,103344,60139,1.6371547597588576,1442,1080,7903,13652,36201,28500,1281,4641,48448,35964,0,0,864,357,3282,4734,30436,14616,3735,0,0,25981,13215,218,2420,0,0,0,0,0
800,3507,801.1775901580193,99857,2901,2047,106,33,103726,60430,1.6439107924331795,1445,1070,7927,13655,36355,28595,1264,4598,48449,35966,0,0,846,349,3245,4727,30555,14846,3701,0,0,25930,13051,217,2390,0,0,0,0,0
801,3507,802.1242317960804,99857,2912,2018,106,33,104109,60670,1.6501497140911503,1375,1063,7958,13665,36391,28662,1256,4557,48450,35968,0,0,830,342,3215,4716,30649,15007,3688,0,0,25919,12908,215,2368,0,0,0,0,0
802,3507,803.0707406155925,99857,2805,2000,106,33,104409,60924,1.6556976476361196,1341,1040,7997,13696,36505,28708,1244,4521,48451,35970,0,0,818,336,3173,4708,30706,15216,3672,0,0,25879,12794,213,2342,0,0,0,0,0
803,3507,804.0164516741851,99857,2725,1963,106,33,104734,61149,1.6612055238991759,1315,1009,8036,13723,36582,28791,1234,4479,48452,35972,0,0,802,333,3147,4705,30802,15385,3651,0,0,25833,12669,207,2323,0,0,0,0,0
804,3507,805.1509207693002,99856,2690,1924,106,34,105121,61416,1.6677715910911712,1290,993,8085,13732,36609,28889,1218,4426,48453,35974,0,0,793,328,3116,4692,30864,15601,3628,0,0,25793,12539,205,2297,0,0,0,0,0
805,3507,806.0970504142106,99855,2660,1910,106,35,105432,61667,1.6734164538580942,1285,952,8135,13763,36604,28945,1208,4393,48454,35976,0,0,782,319,3089,4681,30946,15759,3614,0,0,25759,12424,202,2280,0,0,0,0,0
806,3507,807.044030644162,99855,2622,1883,106,35,105729,61900,1.6787241500175254,1296,911,8173,13781,36606,29020,1195,4368,48455,35977,0,0,770,315,3061,4660,31032,15917,3599,0,0,25726,12321,199,2255,0,0,0,0,0
807,3507,808.1811021045563,99855,2564,1826,106,35,106130,62146,1.6852035451404537,1218,907,8227,13835,36709,29073,1174,4322,48456,35978,0,0,758,309,3030,4640,31139,16120,3574,0,0,25668,12197,195,2225,0,0,0,0,0
808,3507,809.1281145490613,99855,2535,1803,106,35,106437,62364,1.6904611686946072,1176,892,8296,13869,36728,29109,1157,4290,48457,35979,0,0,742,304,3008,4628,31220,16270,3569,0,0,25622,12090,193,2209,0,0,0,0,0
809,3507,810.0755773721299,99855,2447,1749,106,35,106698,62568,1.6951179209854288,1222,878,8343,13906,36734,29178,1146,4252,48458,35980,0,0,736,300,2969,4623,31334,16423,3541,0,0,25552,11994,190,2193,0,0,0,0,0
810,3507,811.0236247871632,99855,2372,1709,106,35,106972,62762,1.6998047168394173,1211,879,8384,13933,36787,29228,1138,4214,48459,35981,0,0,725,298,2943,4619,31427,16575,3523,0,0,25480,11897,188,2180,0,0,0,0,0
811,3507,812.1614636877713,99855,2291,1693,106,35,107284,62997,1.7052826598567923,1236,845,8439,13964,36812,29286,1114,4175,48460,35982,0,0,710,293,2917,4618,31517,16744,3499,0,0,25421,11794,184,2158,0,0,0,0,0
812,3507,813.109997085493,99855,2293,1682,106,35,107572,63209,1.7102899203845576,1191,830,8509,13993,36795,29314,1104,4144,48461,35983,0,0,698,289,2897,4602,31578,16887,3489,0,0,25382,11706,184,2143,0,0,0,0,0
813,3507,814.059568599684,99855,2260,1629,106,35,107865,63388,1.715016774322768,1138,793,8553,14034,36853,29392,1088,4115,48462,35984,0,0,689,286,2867,4591,31653,17037,3477,0,0,25335,11609,179,2132,0,0,0,0,0
814,3507,815.0093805934185,99855,2220,1587,106,35,108146,63565,1.7196034249662009,1100,783,8618,14080,36880,29432,1074,4081,48463,35985,0,0,684,285,2849,4578,31713,17199,3452,0,0,25283,11521,178,2113,0,0,0,0,0
815,3507,816.1496251577216,99855,2182,1542,106,35,108452,63769,1.7247108307045216,1068,765,8701,14133,36880,29477,1061,4046,48464,35986,0,0,673,282,2820,4572,31761,17377,3428,0,0,25248,11420,176,2098,0,0,0,0,0
816,3507,817.1009760266999,99854,2134,1540,106,36,108689,63965,1.7290644340737478,1023,726,8766,14174,36917,29498,1052,4024,48465,35987,0,0,665,281,2797,4563,31832,17505,3417,0,0,25209,11335,171,2079,0,0,0,0,0
817,3507,818.0528396767402,99854,2108,1507,106,36,108950,64141,1.7334408236024597,1016,706,8815,14240,36906,29528,1047,3981,48466,35988,0,0,655,277,2778,4557,31885,17643,3399,0,0,25178,11248,169,2065,0,0,0,0,0
818,3507,819.0055944820174,99854,2062,1459,106,36,109185,64304,1.737426642898632,1024,711,8869,14258,36896,29578,1041,3956,48467,35989,0,0,651,275,2761,4563,31954,17771,3371,0,0,25137,11156,167,2048,0,0,0,0,0
819,3507,820.1504538201272,99852,2008,1417,108,36,109474,64505,1.7423687056844128,977,669,8962,14303,36909,29638,1034,3935,48468,35990,0,0,636,271,2742,4557,32011,17936,3355,0,0,25093,11049,165,2037,0,0,0,0,0
820,3507,821.1056140509809,99852,1962,1373,108,36,109686,64659,1.7460341305131595,987,664,9022,14368,36897,29650,1022,3907,48469,35991,0,0,627,270,2726,4539,32069,18060,3345,0,0,25057,10973,164,2022,0,0,0,0,0
821,3507,822.0620294774928,99851,1924,1343,109,36,109915,64815,1.7499073619693344,967,641,9087,14421,36900,29681,1011,3876,48470,35992,0,0,615,265,2716,4533,32121,18190,3337,0,0,25000,10901,163,2010,0,0,0,0,0
822,3507,823.0194299385378,99850,1926,1308,110,36,110162,64960,1.7538507761642463,915,653,9176,14488,36874,29670,997,3843,48471,35993,0,0,610,265,2696,4514,32172,18310,3328,0,0,24958,10832,162,2003,0,0,0,0,0
823,3507,824.1699164049284,99850,1885,1299,110,36,110429,65156,1.7584877315973961,887,630,9255,14559,36875,29665,986,3809,48472,35994,0,0,605,263,2684,4506,32221,18460,3305,0,0,24918,10739,161,1988,0,0,0,0,0
824,3507,825.1296274705827,99850,1824,1280,110,36,110646,65319,1.7622934401602404,893,608,9321,14600,36870,29684,980,3790,48473,35995,0,0,602,257,2666,4493,32247,18607,3285,0,0,24887,10673,161,1972,0,0,0,0,0
825,3507,826.0904033023537,99850,1793,1242,110,36,110867,65459,1.7659088632949425,858,603,9399,14650,36866,29699,972,3768,48474,35996,0,0,598,254,2651,4492,32260,18738,3269,0,0,24871,10599,159,1959,0,0,0,0,0
826,3507,827.0523441633718,99850,1766,1217,110,36,111069,65596,1.7693039559339008,841,571,9465,14705,36851,29725,965,3744,48475,35997,0,0,592,250,2640,4472,32278,18867,3263,0,0,24833,10543,159,1953,0,0,0,0,0
827,3507,828.0155946871282,99850,1682,1157,110,36,111242,65733,1.772408612919379,826,544,9565,14765,36853,29779,962,3717,48476,35998,0,0,584,247,2623,4458,32320,18998,3254,0,0,24800,10468,156,1942,0,0,0,0,0
828,3507,829.1734273513014,99850,1665,1136,110,36,111508,65906,1.7768052078117176,799,544,9647,14840,36820,29755,957,3687,48477,35999,0,0,575,244,2594,4451,32381,19131,3236,0,0,24758,10398,156,1926,0,0,0,0,0
829,3507,830.1397304980726,99850,1644,1127,110,36,111716,66045,1.7802804206309464,766,522,9720,14878,36806,29775,952,3660,48478,36000,0,0,567,242,2581,4449,32436,19230,3225,0,0,24713,10336,155,1916,0,0,0,0,0
830,3507,831.1072042521118,99850,1632,1099,110,36,111911,66166,1.7834451677516274,743,525,9797,14938,36771,29772,945,3628,48479,36001,0,0,557,240,2573,4444,32472,19333,3219,0,0,24667,10289,153,1903,0,0,0,0,0
831,3507,832.0759985628148,99850,1608,1072,110,36,112116,66291,1.7867501251877818,727,511,9859,15012,36763,29767,931,3600,48480,36002,0,0,552,240,2562,4419,32527,19447,3212,0,0,24601,10247,152,1891,0,0,0,0,0
832,3507,833.0459338298963,99850,1577,1034,110,36,112313,66375,1.7895643465197797,695,535,9933,15102,36756,29730,927,3561,48481,36003,0,0,547,239,2552,4410,32561,19555,3201,0,0,24548,10206,149,1882,0,0,0,0,0
833,3507,834.017018820474,99850,1519,1029,110,36,112470,66495,1.7923385077616425,725,514,9993,15152,36731,29727,920,3540,48482,36004,0,0,544,237,2538,4395,32582,19668,3194,0,0,24506,10163,148,1875,0,0,0,0,0
834,3507,835.1833865178793,99850,1418,980,110,36,112655,66625,1.7954932398597896,739,511,10067,15257,36754,29699,910,3515,48483,36005,0,0,540,234,2527,4383,32584,19820,3171,0,0,24484,10095,148,1864,0,0,0,0,0
835,3507,836.1562465129645,99849,1399,980,111,36,112836,66746,1.7985357890414526,717,479,10144,15328,36727,29684,900,3491,48484,36006,0,0,537,230,2511,4375,32631,19907,3159,0,0,24438,10056,148,1857,0,0,0,0,0
836,3507,837.1306021056465,99849,1347,911,111,36,112985,66840,1.8009694638904745,702,468,10217,15403,36726,29712,895,3468,48485,36007,0,0,534,227,2501,4371,32656,20022,3140,0,0,24408,10002,147,1841,0,0,0,0,0
837,3507,838.1064468238538,99849,1346,899,111,36,113165,66950,1.8038738495127642,679,471,10297,15475,36676,29674,889,3443,48486,36008,0,0,530,226,2493,4360,32684,20106,3130,0,0,24387,9952,147,1834,0,0,0,0,0
838,3507,839.0837468990139,99849,1305,904,111,36,113323,67065,1.8066079780468507,666,448,10372,15553,36659,29636,885,3421,48487,36009,0,0,527,224,2480,4354,32700,20202,3116,0,0,24363,9909,147,1827,0,0,0,0,0
839,3507,840.0624022584606,99849,1272,891,111,36,113490,67175,1.8093821670722792,641,444,10451,15613,36644,29607,879,3407,48488,36010,1,1,522,222,2465,4350,32724,20299,3108,0,0,24333,9862,144,1819,0,0,1,0,0
840,3507,841.0421314874128,99849,1225,893,111,36,113650,67300,1.8122364770803914,624,401,10527,15692,36638,29587,873,3389,48489,36011,2,2,518,221,2453,4341,32742,20405,3096,0,0,24302,9816,143,1811,0,0,1,0,0
841,3507,842.0231977265456,99849,1205,860,111,36,113798,67390,1.814620076315236,599,408,10623,15742,36594,29579,866,3373,48490,36012,3,3,512,219,2447,4344,32767,20487,3082,0,0,24282,9765,143,1799,1,0,1,0,0
842,3507,843.0059788884197,99849,1183,848,111,36,113954,67500,1.817284098989474,590,371,10706,15827,36545,29563,863,3353,48491,36013,4,4,507,218,2441,4329,32810,20563,3076,0,0,24254,9714,143,1792,1,0,1,0,0
843,3507,844.1880717719189,99849,1131,824,111,36,114104,67594,1.8197277889613317,609,373,10802,15912,36484,29519,861,3334,48492,36014,5,5,506,217,2435,4325,32828,20671,3061,0,0,24207,9675,143,1778,1,0,1,0,1
844,3507,845.1753575645258,99849,1135,790,111,36,114263,67695,1.8223317208985568,574,371,10879,15993,36443,29497,856,3311,48493,36015,6,6,504,215,2425,4311,32850,20757,3056,0,0,24194,9623,142,1768,1,1,1,0,1
845,3507,846.1640586965918,99849,1138,754,111,36,114400,67775,1.8245050025538563,557,391,10954,16052,36383,29469,855,3296,48494,36016,7,7,501,214,2412,4308,32850,20848,3049,0,0,24158,9599,140,1765,1,2,1,0,1
846,3507,847.154733197514,99849,1138,734,111,36,114546,67865,1.82686857154303,529,398,11033,16106,36332,29441,855,3283,48495,36017,8,8,500,213,2401,4309,32905,20907,3032,0,0,24113,9567,140,1757,1,2,1,0,1
847,3507,848.1474126656743,99849,1106,720,111,36,114674,67950,1.8290017927069875,529,397,11116,16181,36286,29402,850,3262,48496,36018,9,9,495,212,2394,4299,32920,20991,3025,0,0,24080,9539,138,1750,1,3,1,0,1
848,3507,849.1416581069253,99849,1089,730,111,36,114813,68068,1.8315756792757063,504,360,11207,16260,36239,29364,848,3248,48497,36019,10,10,491,210,2382,4302,32949,21062,3012,0,0,24056,9500,136,1743,1,3,1,0,1
849,3507,850.1380150998426,99849,1084,731,111,36,114957,68151,1.8338491121593605,494,353,11310,16342,36156,29299,843,3237,48498,36020,11,11,487,209,2376,4288,32961,21138,3005,0,0,24036,9468,136,1738,1,3,1,0,2
850,3507,851.1365186789677,99849,1063,697,111,36,115077,68230,1.8358421216036214,479,364,11398,16420,36108,29260,839,3221,48499,36021,12,12,483,209,2368,4289,32974,21217,2992,0,0,24010,9434,135,1731,1,3,1,0,2
851,3507,852.1370661353562,99849,1011,698,111,36,115174,68330,1.8378151008022114,492,357,11496,16497,36052,29207,836,3203,48500,36022,14,14,482,207,2362,4288,32988,21292,2977,0,0,23987,9398,135,1725,1,4,1,0,2
852,3507,853.1399217352003,99849,970,689,111,36,115289,68427,1.8399383068433335,512,339,11591,16551,35980,29196,834,3187,48501,36023,16,16,479,206,2355,4278,33019,21368,2967,0,0,23947,9367,132,1721,1,5,1,0,3
853,3507,854.1449835945195,99848,955,675,111,37,115408,68512,1.8419998397564297,489,332,11678,16580,35935,29199,830,3175,48502,36024,19,18,478,203,2352,4286,33027,21439,2950,0,0,23922,9328,132,1718,1,8,1,0,3
854,3507,855.152038425409,99848,940,664,111,37,115529,68596,1.84405296049996,479,317,11773,16677,35864,29136,831,3167,48503,36025,23,21,476,203,2340,4279,33050,21508,2945,0,0,23896,9294,132,1709,2,8,2,0,4
855,3507,856.1613877265053,99848,884,654,111,37,115640,68670,1.8459057767807068,467,312,11869,16752,35838,29087,829,3156,48504,36026,28,25,474,201,2333,4268,33066,21589,2939,0,0,23861,9259,131,1706,2,10,2,0,7
856,3507,857.1727226109781,99848,861,644,111,37,115747,68753,1.8478086691771494,450,289,11987,16825,35760,29054,829,3149,48505,36027,34,30,472,200,2324,4261,33082,21659,2929,0,0,23846,9221,131,1700,2,11,2,0,8
857,3507,858.1866537261017,99848,836,637,111,37,115848,68826,1.8495513180033651,435,275,12078,16918,35703,28989,835,3142,48506,36028,42,36,469,198,2317,4256,33100,21719,2924,0,0,23821,9191,130,1697,2,13,2,0,9
858,3507,859.202806511818,99848,832,610,111,37,115962,68898,1.851414149507251,413,276,12155,17001,35652,28939,835,3135,48507,36029,51,43,468,198,2313,4256,33101,21797,2913,0,0,23790,9157,130,1692,2,19,2,0,10
859,3507,860.0174928009579,99848,808,584,111,37,116033,68950,1.8526460219533691,411,272,12249,17077,35577,28894,842,3134,48508,36030,63,51,467,197,2309,4250,33110,21851,2908,0,0,23770,9126,128,1689,2,26,2,0,13
860,3507,861.0384518162466,99848,772,568,111,37,116128,69026,1.8543586251101674,415,262,12343,17159,35506,28840,851,3132,48509,36031,77,61,465,197,2301,4245,33093,21944,2902,0,0,23731,9103,126,1687,2,33,4,0,15
861,3507,862.0618707194752,99848,780,557,111,37,116249,69094,1.856251502283471,380,248,12434,17251,35431,28775,862,3130,48510,36032,94,73,458,196,2289,4243,33097,22008,2901,0,0,23712,9071,126,1684,2,38,7,0,16
862,3507,863.0882807916921,99848,764,567,111,37,116343,69162,1.8578739684320167,376,245,12537,17331,35339,28677,871,3141,48511,36033,115,87,455,195,2286,4233,33098,22072,2897,0,0,23680,9044,125,1680,3,49,8,0,23
863,3507,864.117392331894,99848,751,531,111,37,116442,69212,1.8593662366797532,380,255,12624,17399,35245,28634,887,3142,48512,36034,140,103,453,194,2277,4222,33117,22137,2892,0,0,23637,9014,125,1674,5,64,9,0,28
864,3507,865.1495505344241,99848,749,518,111,37,116553,69277,1.8611289159522475,363,253,12717,17456,35154,28578,904,3156,48513,36035,170,122,453,192,2268,4220,33100,22224,2883,0,0,23603,8986,124,1669,6,77,11,0,32
865,3507,866.1845635837924,99848,749,506,111,37,116651,69333,1.8626712603156799,354,253,12811,17521,35053,28501,920,3180,48514,36036,206,143,451,189,2264,4214,33085,22293,2882,0,0,23572,8958,124,1665,6,97,12,0,36
866,3507,867.0149264780503,99848,746,503,111,37,116733,69397,1.8641334828939988,345,234,12897,17569,34957,28450,942,3205,48515,36037,248,168,449,187,2259,4212,33062,22368,2879,0,0,23530,8931,124,1663,6,121,13,0,44
867,3507,868.0562393888003,99848,711,485,111,37,116796,69461,1.8654054162326736,364,222,12984,17636,34864,28388,964,3230,48516,36038,297,196,448,187,2252,4205,33038,22457,2870,0,0,23502,8893,124,1657,8,135,14,0,58
868,3507,869.1007372298304,99848,689,454,111,37,116883,69510,1.866767486579601,346,226,13064,17705,34793,28307,995,3269,48517,36039,354,228,447,187,2241,4202,33022,22547,2863,0,0,23453,8859,124,1653,9,158,17,0,66
869,3507,870.1480874519309,99848,703,453,111,37,116985,69567,1.8683599070587293,308,215,13154,17760,34692,28216,1030,3317,48518,36040,420,265,442,186,2231,4198,32997,22630,2861,0,0,23408,8824,124,1644,12,191,20,0,80
870,3507,871.1986868430124,99848,653,458,111,37,117068,69629,1.869812114413909,321,217,13217,17822,34625,28093,1071,3371,48519,36041,496,307,441,184,2219,4195,32950,22743,2855,0,0,23353,8801,121,1638,15,220,25,0,88
871,3507,872.0409005632774,99848,640,450,111,37,117141,69670,1.8709538498517746,308,207,13259,17859,34570,28007,1110,3438,48520,36042,583,354,439,184,2213,4191,32915,22829,2849,0,0,23290,8771,121,1634,16,265,26,0,105
872,3507,873.0960196131388,99848,616,448,111,37,117215,69723,1.8722257831904494,291,208,13341,17920,34479,27869,1160,3516,48521,36043,682,407,438,184,2205,4190,32859,22935,2843,0,0,23239,8733,120,1630,17,299,31,0,125
873,3507,874.1547377415208,99848,606,431,111,37,117298,69771,1.873537777421681,293,209,13433,17973,34343,27749,1212,3599,48522,36044,794,466,438,182,2190,4181,32822,23046,2834,0,0,23168,8697,120,1625,19,343,37,0,146
874,3507,875.004873420442,99848,602,423,111,37,117363,69817,1.874649467190129,282,194,13490,18034,34239,27618,1274,3692,48523,36045,921,532,436,182,2182,4177,32753,23159,2832,0,0,23086,8666,120,1616,24,403,42,0,170
875,3507,876.0713815570913,99848,597,410,111,37,117445,69865,1.8759514461982214,267,204,13562,18079,34122,27468,1339,3800,48524,36046,1063,605,435,181,2173,4177,32679,23283,2821,0,0,23011,8618,120,1611,27,466,47,0,199
876,3507,877.1419795700727,99848,574,399,111,37,117519,69914,1.8771833186443394,257,213,13654,18098,33993,27315,1409,3936,48525,36047,1222,686,434,181,2166,4176,32586,23425,2817,0,0,22921,8576,119,1599,34,545,49,0,220
877,3507,878.001533558089,99848,575,386,111,37,117572,69949,1.8780646582805864,253,204,13682,18118,33884,27162,1493,4091,48526,36048,1399,775,433,181,2157,4173,32496,23550,2814,0,0,22844,8531,118,1590,42,615,55,0,249
878,3507,879.0800337286692,99848,560,372,111,37,117638,70003,1.879266485057287,242,185,13737,18127,33766,27012,1582,4265,48527,36049,1596,873,431,181,2142,4162,32395,23708,2812,0,0,22746,8486,118,1579,51,694,64,0,279
879,3507,880.1628725389131,99848,525,368,111,37,117692,70053,1.880308068263761,244,163,13825,18129,33607,26845,1686,4456,48528,36050,1814,980,430,181,2135,4165,32234,23901,2803,0,0,22653,8435,117,1574,54,784,70,0,312
880,3507,881.0332196153305,99848,509,359,111,37,117742,70081,1.8810892556686163,238,173,13894,18125,33451,26640,1795,4664,48529,36051,2053,1097,428,181,2120,4158,32113,24053,2799,0,0,22557,8378,117,1567,60,883,83,0,351
881,3507,882.1269822517074,99848,485,346,111,37,117798,70120,1.8820407018668377,228,177,13960,18107,33302,26447,1912,4884,48530,36052,2315,1224,428,180,2110,4159,32015,24205,2789,0,0,22413,8309,116,1554,72,1002,92,0,404
882,3507,883.0059970594696,99848,480,348,111,37,117850,70158,1.882942071949363,232,175,13997,18073,33141,26227,2037,5138,48531,36053,2601,1362,427,180,2093,4158,31860,24387,2786,0,0,22286,8251,115,1540,84,1125,107,0,449
883,3507,884.1103627836632,99848,458,340,111,37,117913,70207,1.8840637769409503,227,164,14051,18064,32976,25982,2175,5411,48532,36054,2912,1511,425,180,2078,4157,31685,24604,2781,0,0,22152,8173,114,1532,91,1254,118,0,504
884,3507,885.2209908002186,99848,442,325,111,37,117978,70256,1.8852055123788158,206,155,14153,18030,32770,25745,2316,5706,48533,36055,3249,1672,425,180,2066,4150,31524,24823,2777,0,0,21959,8094,114,1527,94,1422,125,0,568
885,3507,886.1150807546315,99847,433,324,112,37,118031,70292,1.8861157571083758,191,161,14204,17961,32577,25489,2481,6026,48534,36056,3612,1845,425,179,2046,4149,31341,25045,2772,0,0,21800,8017,114,1520,101,1565,143,0,630
886,3507,887.0146483154482,99847,433,326,112,37,118082,70328,1.8869870902480796,176,149,14249,17901,32377,25213,2651,6372,48535,36057,4002,2030,424,179,2026,4147,31168,25252,2769,0,0,21602,7946,113,1507,113,1744,161,0,696
887,3507,888.1465705203686,99847,403,310,112,37,118129,70365,1.8878283774174487,200,145,14287,17847,32158,24920,2838,6739,48536,36058,4419,2228,422,178,2007,4144,30954,25514,2768,0,0,21408,7864,113,1493,124,1920,176,0,762
888,3507,889.0580825687767,99847,382,307,112,37,118168,70399,1.8885594960289243,199,134,14312,17761,31957,24617,3036,7142,48537,36059,4863,2439,421,178,1984,4140,30725,25777,2764,0,0,21231,7776,113,1476,138,2093,196,0,835
889,3507,890.2055419604865,99847,372,293,112,37,118219,70434,1.8894208138451831,199,127,14340,17702,31726,24280,3249,7559,48538,36060,5334,2663,421,178,1955,4134,30492,26050,2760,0,0,21011,7697,113,1462,150,2308,222,0,894
890,3507,891.1298240222984,99847,369,280,112,37,118266,70460,1.8901519324566587,180,119,14361,17560,31509,23986,3467,8016,48539,36061,5832,2900,421,177,1928,4127,30245,26337,2757,0,0,20788,7598,113,1441,168,2515,247,0,985
891,3507,892.0608578297931,99847,363,282,112,37,118314,70499,1.8910232655963624,162,107,14389,17456,31267,23626,3705,8490,48540,36062,6356,3151,418,177,1906,4129,29974,26636,2753,0,0,20573,7489,113,1421,183,2727,267,0,1081
892,3507,893.2346521993275,99847,346,273,112,37,118351,70535,1.891754384207838,163,116,14447,17331,30979,23268,3951,8973,48541,36063,6905,3415,418,177,1885,4128,29679,26967,2746,0,0,20329,7391,113,1407,195,2959,284,0,1169
893,3507,894.1819423450124,99847,325,262,112,37,118387,70558,1.8923452882910854,158,117,14470,17194,30722,22898,4211,9490,48542,36064,7478,3693,416,177,1857,4124,29395,27279,2739,0,0,20069,7285,113,1387,214,3218,307,0,1267
894,3507,895.1374789681782,99847,319,253,112,37,118424,70589,1.8930263302853365,155,108,14467,17059,30464,22525,4481,10016,48543,36065,8073,3984,415,176,1831,4126,29107,27593,2734,0,0,19787,7180,113,1359,241,3490,330,0,1365
895,3507,896.1011933841389,99846,306,242,113,37,118456,70613,1.8936061534763535,152,106,14477,16883,30199,22154,4751,10576,48544,36066,8689,4288,415,175,1805,4121,28811,27924,2732,0,0,19478,7082,113,1334,260,3789,352,0,1455
896,3507,897.0736251824499,99846,294,235,113,37,118490,70638,1.8941970634777558,152,107,14477,16719,29920,21758,5042,11142,48545,36067,9324,4604,414,175,1780,4118,28513,28249,2731,0,0,19175,6963,113,1310,282,4084,373,0,1566
897,3507,898.0552925902699,99846,292,213,113,37,118521,70658,1.8947078500891372,148,107,14478,16530,29614,21387,5353,11724,48546,36068,9976,4933,411,175,1757,4118,28179,28613,2728,0,0,18893,6842,112,1286,305,4356,394,0,1677
898,3507,899.0472115946723,99846,282,213,113,37,118552,70685,1.8952887446667868,151,98,14464,16372,29322,20970,5666,12308,48547,36069,10642,5274,409,174,1722,4116,27847,28970,2729,0,0,18580,6714,112,1266,322,4664,429,0,1792
899,3507,900.0493237009892,99846,295,209,113,37,118588,70704,1.8958395929731786,169,116,14535,16424,29238,20931,5648,12281,48547,36069,10642,5274,409,174,1722,4116,27856,28982,2727,0,0,18566,6710,112,1266,322,4663,429,0,1792
900,3507,900.0493237009892,99846,286,210,113,37,118595,70716,1.8960298860244778,175,119,14459,16164,28977,20561,5988,12907,48547,36069,11321,5626,409,174,1692,4114,27498,29353,2727,0,1,18263,6595,112,1241,347,4955,459,0,1906
901,3507,901.0622661964996,99846,302,216,113,37,118645,70744,1.8968110890771788,163,120,14442,15980,28663,20144,6315,13501,48547,36069,12009,5988,408,174,1655,4114,27139,29730,2725,1,7,17944,6492,111,1213,375,5262,493,0,2003
902,3507,902.0866554303973,99846,298,227,113,37,118683,70781,1.8975622458586223,167,117,14444,15781,28319,19739,6657,14097,48547,36069,12705,6360,407,173,1624,4113,26797,30101,2722,2,13,17593,6370,111,1191,396,5592,522,0,2119
903,3507,903.1230731641177,99846,285,212,113,37,118716,70804,1.8981231095887667,169,115,14419,15561,28011,19361,7001,14712,48547,36069,13406,6742,407,173,1595,4111,26454,30473,2719,2,22,17246,6247,110,1171,414,5918,551,3,2230
904,3507,904.1712608845095,99846,279,213,113,37,118756,70838,1.8988642509464575,176,108,14390,15377,27682,18936,7358,15327,48547,36069,14109,7132,406,170,1556,4110,26072,30885,2717,3,28,16901,6148,110,1157,426,6242,589,7,2319
905,3507,905.2317330155954,99846,292,210,113,37,118810,70867,1.8996955311179216,168,108,14382,15190,27332,18528,7711,15925,48547,36069,14812,7529,406,170,1530,4111,25676,31301,2713,3,37,16562,6023,110,1128,454,6567,613,10,2432
906,3507,906.0361328991808,99846,302,218,113,37,118856,70891,1.900396610780602,160,105,14323,14990,27020,18102,8080,16546,48547,36069,15512,7933,406,170,1499,4108,25306,31691,2711,3,40,16237,5909,110,1102,479,6880,642,11,2542
907,3507,907.1221395316855,99846,287,210,113,37,118903,70917,1.9011277367145405,171,112,14271,14804,26711,17696,8445,17139,48547,36069,16208,8343,406,168,1470,4112,24945,32088,2704,3,45,15888,5778,110,1084,495,7202,669,13,2666
908,3507,908.2212330128082,99846,296,198,113,37,118955,70947,1.9019490014622518,171,105,14218,14645,26380,17286,8820,17727,48547,36069,16897,8757,404,168,1440,4106,24612,32460,2702,5,55,15548,5651,109,1058,519,7518,695,15,2781
909,3507,909.0549329232844,99846,295,196,113,37,118990,70969,1.902519880616149,178,100,14169,14425,26048,16911,9195,18329,48547,36069,17577,9175,404,168,1410,4101,24253,32844,2701,5,57,15216,5525,109,1037,538,7835,723,21,2899
910,3507,910.1816136654406,99846,301,191,113,37,119040,70993,1.9032610219738397,174,100,14111,14258,25717,16522,9582,18890,48547,36069,18246,9596,404,168,1367,4099,23888,33232,2699,5,67,14914,5394,109,1023,550,8122,764,26,3015
911,3507,911.0364920774514,99846,311,186,113,37,119076,71014,1.9038319011277367,166,93,14031,14077,25414,16141,9963,19464,48547,36069,18903,10018,404,168,1345,4096,23543,33596,2699,5,71,14581,5271,109,1002,568,8442,786,31,3129
912,3507,912.1913239923306,99846,309,190,113,37,119119,71043,1.9045530116379223,167,87,14000,13951,25083,15742,10326,19991,48547,36069,19546,10441,403,168,1307,4097,23201,33965,2695,6,72,14261,5169,109,981,588,8743,820,39,3222
913,3507,913.0677542100485,99846,303,188,113,37,119158,71058,1.9050938445205616,163,91,13955,13774,24759,15398,10705,20510,48547,36069,20173,10864,403,168,1277,4092,22848,34341,2693,6,75,13970,5066,109,959,608,9020,850,44,3317
914,3507,914.2533476431752,99846,295,193,113,37,119204,71089,1.9058650321495103,173,93,13925,13626,24421,15043,11071,21006,48547,36069,20784,11286,403,168,1254,4085,22503,34719,2689,6,76,13670,4961,108,936,630,9302,871,49,3416
915,3507,915.1535990080038,99846,305,195,113,37,119243,71114,1.9065060192696752,174,91,13868,13450,24094,14716,11444,21509,48547,36069,21378,11706,402,167,1230,4081,22159,35080,2689,7,77,13373,4855,108,913,651,9590,894,55,3515
916,3507,916.0657925451201,99846,318,185,113,37,119291,71133,1.907177052661098,165,91,13832,13320,23757,14388,11813,21977,48547,36069,21954,12123,401,167,1208,4082,21830,35432,2686,8,80,13071,4754,107,897,665,9876,914,61,3607
917,3507,917.3004827297385,99846,326,178,113,37,119351,71160,1.9080483945275724,169,109,13785,13219,23445,14053,12160,22402,48547,36069,22511,12536,401,167,1187,4080,21496,35794,2684,8,86,12793,4647,107,874,685,10134,934,68,3701
918,3507,918.2380346733948,99846,330,181,113,37,119399,71189,1.908819582156521,177,111,13702,13089,23158,13735,12518,22845,48547,36069,23049,12945,401,167,1158,4081,21167,36151,2682,8,85,12541,4549,107,858,701,10363,959,74,3794
919,3507,919.1871486664205,99846,314,190,113,37,119428,71220,1.9094205075816757,180,102,13667,13004,22855,13411,12869,23254,48547,36069,23568,13349,400,166,1138,4077,20834,36505,2679,9,85,12281,4466,107,845,712,10613,978,80,3871
920,3507,920.1484402489449,99846,323,194,113,37,119474,71246,1.9101416180918616,167,101,13629,12881,22562,13145,13204,23640,48547,36069,24068,13747,400,165,1121,4079,20543,36814,2675,9,89,12036,4343,107,821,734,10845,995,84,3986
921,3507,921.1225636609095,99846,319,180,113,37,119518,71268,1.9108026360595316,164,114,13588,12777,22283,12896,13531,23994,48547,36069,24548,14138,400,165,1095,4077,20239,37146,2673,9,97,11812,4249,107,806,748,11046,1021,87,4069
922,3507,922.1089502708419,99846,318,181,113,37,119563,71290,1.9114736694509544,149,113,13541,12684,22019,12628,13858,24355,48547,36069,25009,14522,397,164,1082,4080,19953,37455,2672,12,99,11565,4178,105,793,759,11277,1030,92,4133
923,3507,923.1072675597497,99846,306,184,113,37,119595,71314,1.9120345331810988,154,107,13501,12606,21758,12373,14166,24691,48547,36069,25451,14899,397,163,1062,4077,19653,37779,2670,12,101,11354,4101,105,780,771,11472,1049,95,4205
924,3507,924.118081227005,99846,307,177,113,37,119641,71343,1.9127856899625424,148,98,13499,12534,21468,12155,14463,24997,48547,36069,25874,15268,397,162,1045,4081,19399,38060,2664,12,100,11120,4040,105,768,781,11686,1064,102,4260
925,3507,925.1422960598293,99846,300,184,113,37,119681,71371,1.9134667387777178,143,101,13497,12446,21183,11939,14762,25291,48547,36069,26279,15629,396,162,1029,4081,19106,38372,2663,13,99,10922,3975,104,752,795,11870,1079,106,4322
926,3507,926.1801778179586,99846,291,207,113,37,119717,71406,1.9141778338641509,147,93,13457,12400,20939,11708,15051,25553,48547,36069,26666,15982,394,162,1011,4079,18851,38649,2660,15,101,10728,3905,104,745,801,12051,1094,110,4386
927,3507,927.2305346360525,99846,296,213,113,37,119757,71438,1.9148989443743365,163,81,13403,12368,20683,11500,15340,25799,48547,36069,27036,16326,394,162,995,4074,18615,38912,2660,15,101,10524,3836,104,736,809,12236,1108,114,4451
928,3507,928.2937028372455,99846,300,196,113,37,119806,71455,1.9155599623420068,151,90,13395,12324,20444,11313,15595,26038,48547,36069,27389,16661,394,162,972,4073,18382,39177,2655,15,101,10348,3768,104,726,815,12394,1127,122,4511
929,3507,929.0095972164177,99846,309,197,113,37,119843,71476,1.9161408569196563,142,88,13327,12259,20232,11129,15875,26288,48547,36069,27725,16987,393,162,962,4075,18163,39413,2651,16,98,10150,3707,104,717,824,12577,1137,129,4568
930,3507,930.0969402900023,99846,302,192,113,37,119880,71501,1.916761813192316,153,92,13333,12245,19995,10939,16102,26493,48547,36069,28045,17304,393,162,947,4075,17943,39662,2647,16,103,9977,3648,104,706,831,12731,1150,133,4618
931,3507,931.1969902874646,99846,290,174,113,37,119922,71520,1.9173727540412235,154,101,13357,12227,19752,10769,16332,26690,48547,36069,28350,17612,392,162,937,4071,17728,39910,2641,17,114,9810,3583,104,697,838,12878,1159,136,4669
932,3507,932.3107135747309,99846,286,162,113,37,119958,71541,1.9179436331951205,170,116,13364,12238,19520,10597,16545,26848,48547,36069,28640,17911,392,162,925,4069,17513,40150,2639,17,116,9662,3519,103,683,852,13008,1169,141,4726
933,3507,933.0605760761208,99846,282,159,113,37,119991,71554,1.918404342687739,162,121,13337,12190,19322,10451,16782,27040,48547,36069,28916,18200,391,161,908,4064,17320,40367,2638,18,115,9522,3466,103,676,859,13135,1183,143,4777
934,3507,934.1994628660606,99846,283,175,113,37,120045,71592,1.9193257616729764,146,110,13343,12187,19125,10298,16988,27191,48547,36069,29178,18480,391,161,898,4067,17126,40584,2633,18,115,9376,3427,103,664,869,13265,1190,149,4810
935,3507,935.3501602220014,99846,283,180,113,37,120086,71621,1.920026841335657,149,99,13363,12226,18909,10149,17181,27307,48547,36069,29427,18751,389,160,889,4071,16926,40803,2629,20,113,9244,3386,103,656,876,13383,1197,155,4846
936,3507,936.1245561033787,99846,278,173,113,37,120109,71640,1.9204474891332652,146,98,13327,12214,18731,10029,17403,27447,48547,36069,29664,19013,389,160,883,4069,16772,40977,2627,20,114,9102,3339,103,645,885,13512,1202,159,4888
937,3507,937.3000974398443,99846,256,170,113,37,120153,71668,1.9211685996434509,161,101,13349,12244,18554,9908,17565,27538,48547,36069,29889,19266,389,160,873,4068,16592,41186,2622,20,122,8975,3295,103,640,889,13620,1209,165,4918
938,3507,938.0901348800863,99846,273,171,113,37,120193,71687,1.921759509644853,137,99,13331,12229,18382,9790,17762,27672,48547,36069,30103,19511,389,160,860,4069,16452,41346,2619,20,122,8860,3251,103,633,896,13717,1222,168,4959
939,3507,939.2882015901773,99846,258,169,113,37,120230,71715,1.9224105121887707,143,98,13367,12283,18198,9677,17919,27734,48547,36069,30306,19747,388,160,848,4069,16302,41534,2611,21,124,8757,3211,103,623,901,13800,1229,170,4995
940,3507,940.0938191555948,99846,256,169,113,37,120258,71734,1.922881237105142,148,97,13347,12289,18047,9564,18087,27842,48547,36069,30499,19975,386,159,836,4071,16158,41696,2608,23,127,8651,3175,103,609,914,13893,1239,172,5026
941,3507,941.3128910224796,99846,242,169,113,37,120298,71766,1.9236023476153277,151,93,13377,12338,17888,9455,18227,27906,48547,36069,30682,20195,385,158,822,4072,16015,41872,2604,24,128,8550,3140,103,600,920,13971,1250,181,5051
942,3507,942.124719596459,99846,247,172,113,37,120329,71785,1.9241031188029565,148,86,13374,12367,17732,9343,18384,27993,48547,36069,30856,20407,385,158,811,4071,15882,42025,2604,24,127,8454,3115,103,589,930,14050,1260,185,5073
943,3507,943.330693287339,99846,247,163,113,37,120374,71804,1.9247441059231216,144,83,13415,12428,17576,9251,18503,28036,48547,36069,31021,20611,384,158,801,4067,15771,42169,2603,25,129,8345,3072,103,579,939,14134,1268,189,5110
944,3507,944.1302403371537,99846,243,165,113,37,120400,71826,1.9252248462632453,135,77,13438,12443,17430,9174,18639,28102,48547,36069,31177,20807,384,157,795,4070,15663,42300,2599,25,126,8240,3040,103,571,945,14221,1273,195,5139
945,3507,945.3196348505909,99846,235,156,113,37,120436,71846,1.9257857099933897,130,76,13487,12504,17285,9091,18748,28134,48547,36069,31326,20996,384,157,786,4064,15541,42449,2598,25,128,8161,3005,103,568,948,14282,1280,203,5164
946,3507,946.108880881042,99846,240,148,113,37,120467,71857,1.9262063577909982,125,79,13497,12532,17150,9014,18873,28188,48547,36069,31467,21178,384,157,780,4064,15416,42585,2596,25,133,8087,2979,103,563,953,14349,1285,205,5182
947,3507,947.2833525403149,99846,231,141,113,37,120502,71876,1.9267471906736373,129,84,13547,12612,17011,8931,18967,28193,48547,36069,31601,21353,384,157,771,4065,15320,42700,2592,25,131,8009,2946,102,560,955,14416,1292,218,5203
948,3507,948.0630460511535,99846,215,147,113,37,120522,71894,1.9271277767762354,137,81,13559,12624,16903,8866,19071,28243,48547,36069,31728,21521,384,157,765,4062,15199,42836,2589,25,133,7939,2919,102,555,959,14478,1298,221,5225
949,3507,949.2250034168965,99846,226,153,113,37,120566,71919,1.9278188410151633,127,73,13641,12707,16754,8788,19137,28240,48547,36069,31849,21683,383,156,759,4059,15102,42955,2587,26,132,7871,2892,102,549,962,14533,1304,227,5247
950,3507,950.3827551686401,99846,227,144,113,37,120604,71940,1.9284097510165654,128,81,13682,12788,16631,8727,19217,28221,48547,36069,31964,21838,383,155,756,4057,14987,43102,2583,26,135,7811,2862,102,545,965,14573,1303,231,5270
951,3507,951.1520019855016,99846,225,147,113,37,120630,71959,1.9288604450854316,123,76,13692,12822,16532,8667,19313,28249,48547,36069,32073,21987,383,155,753,4056,14891,43212,2582,26,136,7743,2842,102,539,969,14632,1305,236,5284
952,3507,952.2991462620316,99846,221,145,113,37,120657,71977,1.9293111391542976,142,76,13738,12908,16409,8601,19375,28231,48547,36069,32176,22130,383,154,746,4057,14806,43318,2579,26,134,7685,2829,102,537,971,14676,1308,246,5289
953,3507,953.0617242487476,99846,230,134,113,37,120689,71993,1.9297918794944213,135,78,13754,12949,16306,8559,19460,28241,48547,36069,32274,22268,383,154,741,4056,14716,43425,2577,26,135,7628,2811,102,534,973,14724,1310,249,5302
954,3507,954.1999576768342,99846,225,137,113,37,120721,72018,1.9303627586483183,147,79,13831,13032,16178,8502,19504,28211,48547,36069,32367,22400,383,154,738,4054,14654,43513,2570,26,140,7582,2779,102,531,975,14754,1313,251,5327
955,3507,955.3353700613496,99846,223,132,113,37,120754,72037,1.9308835606834525,152,78,13910,13133,16066,8451,19534,28167,48547,36069,32456,22527,382,154,730,4051,14580,43606,2568,27,142,7525,2759,102,529,977,14800,1318,254,5342
956,3507,956.0913855749075,99846,219,139,113,37,120771,72051,1.9311940388197824,156,75,13955,13208,15964,8393,19591,28146,48547,36069,32540,22649,382,154,727,4049,14499,43696,2568,27,142,7468,2742,102,525,981,14850,1321,255,5358
957,3507,957.2214681045226,99846,209,137,113,37,120804,72073,1.9317448871261742,146,65,14012,13283,15889,8354,19629,28122,48547,36069,32620,22766,381,154,719,4044,14430,43790,2567,28,145,7412,2726,102,522,983,14893,1324,261,5365
958,3507,958.3496009061156,99846,214,136,113,37,120847,72094,1.9323858742463393,134,64,14096,13339,15796,8316,19645,28106,48547,36069,32696,22879,381,154,713,4042,14364,43876,2565,28,149,7367,2702,102,520,984,14923,1330,268,5378
959,3507,959.1011508980398,99846,210,135,113,37,120867,72108,1.9327263986539271,135,60,14151,13388,15701,8276,19688,28102,48547,36069,32769,22987,381,154,703,4038,14310,43947,2563,28,151,7321,2691,102,519,985,14958,1340,273,5382
960,3507,960.2259316719484,99846,212,128,113,37,120899,72126,1.933227169841556,126,60,14244,13507,15602,8227,19701,28039,48547,36069,32838,23091,381,154,701,4037,14254,44027,2560,28,150,7281,2671,102,517,987,14980,1340,279,5397
961,3507,961.3500269203839,99846,214,128,113,37,120938,72145,1.9338080644192055,118,57,14309,13578,15524,8200,19720,27998,48547,36069,32904,23191,381,154,697,4035,14201,44102,2557,27,152,7238,2660,102,512,990,15011,1342,284,5401
962,3507,962.0988539534181,99846,209,124,113,37,120958,72153,1.9340884962842777,123,60,14359,13634,15445,8161,19749,27982,48547,36069,32967,23287,381,154,689,4038,14158,44160,2551,27,152,7195,2648,101,506,995,15045,1349,286,5411
963,3507,963.2199126838631,99846,214,124,113,37,120997,72172,1.9346693908619275,118,62,14422,13733,15360,8123,19771,27919,48547,36069,33027,23379,380,154,685,4039,14100,44232,2546,28,154,7158,2636,101,503,997,15073,1353,289,5418
964,3507,964.3400056160059,99846,203,124,113,37,121040,72189,1.9352703162870821,109,58,14494,13830,15301,8083,19778,27866,48547,36069,33084,23467,380,154,682,4034,14048,44308,2543,28,158,7114,2621,100,499,1001,15102,1356,293,5425
965,3507,965.0866367257058,99846,205,120,113,37,121063,72201,1.9356208561184223,101,60,14524,13905,15244,8042,19811,27834,48547,36069,33138,23552,380,154,680,4034,14007,44365,2542,28,158,7076,2606,100,496,1003,15128,1357,296,5436
966,3507,966.2047861144035,99846,205,120,113,37,121106,72224,1.9362818740860925,80,50,14628,14013,15164,8007,19808,27771,48547,36069,33190,23634,380,154,674,4032,13949,44445,2540,28,160,7044,2594,100,494,1003,15147,1360,300,5442
967,3507,967.323191595305,99846,193,116,113,37,121130,72236,1.9366424293411855,85,56,14698,14108,15102,7964,19807,27717,48547,36069,33239,23712,379,153,671,4033,13891,44519,2536,29,160,7022,2587,100,493,1004,15157,1363,301,5448
968,3507,968.0689018037582,99846,189,120,113,37,121146,72251,1.9369529074775154,90,51,14737,14200,15040,7925,19829,27665,48547,36069,33286,23787,378,152,667,4037,13852,44569,2531,30,162,6995,2574,100,491,1004,15180,1364,302,5458
969,3507,969.1860707916145,99846,184,118,113,37,121170,72271,1.9373935861226288,94,44,14826,14305,14963,7889,19818,27605,48547,36069,33331,23859,378,151,664,4032,13817,44623,2531,30,165,6963,2559,99,489,1004,15202,1367,306,5466
970,3507,970.3038909799697,99846,180,111,113,37,121189,72284,1.9377140796827115,97,42,14920,14401,14892,7864,19796,27543,48547,36069,33374,23929,378,151,663,4026,13788,44675,2531,30,165,6928,2553,99,484,1009,15221,1368,310,5467
971,3507,971.0498748172105,99846,173,106,113,37,121208,72286,1.9379244035815155,93,51,14965,14458,14835,7844,19819,27502,48547,36069,33415,23996,378,151,660,4024,13763,44715,2528,30,166,6902,2545,99,483,1010,15238,1370,310,5474
972,3507,972.1679831611385,99846,169,94,113,37,121226,72295,1.9381948200228352,96,54,15073,14572,14753,7813,19794,27428,48547,36069,33454,24060,377,151,658,4023,13730,44765,2526,31,168,6876,2535,99,482,1010,15252,1371,314,5478
973,3507,973.2872038298929,99846,162,98,113,37,121248,72310,1.9385653907016807,85,53,15179,14665,14687,7786,19772,27359,48547,36069,33491,24122,377,150,657,4024,13701,44810,2524,31,168,6849,2525,98,478,1013,15267,1372,315,5487
974,3507,974.0340451586011,99846,160,93,113,37,121261,72316,1.9387556837529796,77,53,15235,14743,14629,7760,19784,27312,48547,36069,33527,24181,375,150,655,4022,13675,44848,2523,33,168,6829,2520,98,476,1015,15280,1372,318,5489
975,3507,975.1542999106834,99846,159,104,113,37,121284,72342,1.939246439516856,71,40,15338,14846,14564,7738,19753,27233,48547,36069,33561,24238,374,150,653,4020,13646,44891,2520,34,173,6804,2509,98,475,1016,15297,1373,319,5494
976,3507,976.2761853953803,99846,142,102,113,37,121297,72351,1.9394667788394127,78,48,15435,14974,14501,7705,19729,27132,48547,36069,33593,24293,373,150,651,4019,13616,44936,2518,35,172,6777,2506,98,473,1017,15314,1374,325,5492
977,3507,977.024950741953,99846,137,92,113,37,121308,72358,1.939647056466959,84,46,15502,15028,14443,7693,19719,27102,48547,36069,33624,24346,373,150,650,4020,13591,44976,2516,35,171,6759,2498,98,468,1020,15320,1375,330,5496
978,3507,978.1489032988278,99846,138,89,113,37,121334,72366,1.9399875808745468,76,50,15592,15150,14392,7659,19687,27013,48547,36069,33654,24397,373,150,646,4019,13565,45018,2513,35,174,6735,2490,98,467,1020,15335,1377,331,5500
979,3507,979.2747920142206,99846,136,86,113,37,121358,72377,1.940338120705887,81,53,15703,15266,14326,7629,19639,26927,48547,36069,33682,24446,373,150,640,4015,13551,45048,2512,35,176,6714,2485,98,466,1021,15347,1381,333,5501
980,3507,980.0268622724469,99846,141,88,113,37,121381,72390,1.94069867596098,83,55,15751,15326,14271,7613,19639,26879,48547,36069,33709,24493,373,150,637,4014,13523,45087,2512,35,178,6700,2476,98,464,1023,15355,1380,334,5507
981,3507,981.1554448420592,99846,145,87,113,37,121407,72405,1.9411093083348356,81,53,15858,15426,14206,7603,19595,26792,48547,36069,33735,24538,373,150,636,4012,13496,45130,2509,35,180,6687,2465,98,462,1023,15360,1380,338,5512
982,3507,982.2862086734115,99846,148,90,113,37,121426,72420,1.9414498327424234,82,55,15973,15525,14131,7575,19551,26716,48547,36069,33760,24582,373,150,635,4010,13482,45158,2508,35,180,6668,2454,98,459,1026,15369,1380,340,5521
983,3507,983.0413161104317,99846,156,82,113,37,121443,72430,1.9417202491837429,87,53,16051,15602,14068,7561,19523,26663,48547,36069,33784,24624,373,150,634,4008,13450,45205,2508,35,180,6650,2450,98,458,1025,15376,1381,344,5521
984,3507,984.1759226332546,99846,147,82,113,37,121462,72447,1.9420808044388358,85,48,16158,15701,14015,7549,19480,26581,48547,36069,33807,24664,373,150,633,4008,13423,45245,2506,35,182,6635,2443,98,456,1027,15380,1382,351,5519
985,3507,985.3132998903465,99846,153,79,113,37,121486,72454,1.9423912825751657,81,51,16250,15786,13950,7522,19451,26523,48547,36069,33829,24703,373,150,630,4004,13408,45274,2506,35,181,6617,2441,98,455,1026,15390,1385,354,5519
986,3507,986.0727045989715,99846,150,73,113,37,121498,72460,1.9425715602027123,80,60,16301,15864,13903,7503,19451,26461,48547,36069,33850,24741,372,150,629,3999,13381,45314,2506,36,182,6604,2435,98,454,1025,15397,1386,356,5522
987,3507,987.2119368419502,99846,151,80,113,37,121524,72483,1.9430623159665885,69,51,16402,15977,13860,7478,19403,26375,48547,36069,33870,24777,372,150,627,3998,13357,45354,2504,36,183,6590,2433,98,454,1025,15399,1387,360,5519
988,3507,988.3538751780591,99846,145,87,113,37,121546,72499,1.9434429020691866,63,48,16508,16103,13799,7443,19370,26280,48547,36069,33889,24812,372,150,626,3996,13339,45385,2502,36,184,6580,2425,98,452,1027,15401,1387,361,5525
989,3507,989.1162565839867,99846,137,83,113,37,121555,72505,1.9435931334254752,68,55,16567,16193,13761,7416,19352,26214,48547,36069,33908,24846,372,150,624,3995,13320,45418,2502,36,183,6568,2423,98,452,1026,15403,1388,363,5525
990,3507,990.2612014694363,99846,144,84,113,37,121578,72522,1.9439937503755784,66,51,16672,16306,13697,7397,19306,26123,48547,36069,33926,24878,372,150,623,3993,13307,45445,2502,36,186,6553,2419,98,448,1027,15410,1388,365,5524
991,3507,991.0261934975092,99846,149,90,113,37,121597,72534,1.9443042285119083,65,55,16730,16384,13659,7379,19282,26053,48547,36069,33943,24909,372,150,621,3991,13288,45470,2501,36,187,6546,2414,98,448,1027,15414,1390,366,5527
992,3507,992.1754809458703,99846,142,90,113,37,121619,72552,1.9447048454620115,70,47,16831,16514,13615,7349,19227,25961,48547,36069,33959,24939,372,149,618,3991,13274,45504,2498,36,190,6526,2411,98,446,1027,15422,1391,369,5524
993,3507,993.3278744867216,99846,136,88,113,37,121636,72566,1.9450153235983414,70,45,16935,16633,13560,7323,19184,25872,48547,36069,33975,24968,371,149,618,3989,13251,45540,2497,37,191,6513,2409,98,445,1026,15428,1390,370,5524
994,3507,994.0976627682368,99846,132,87,113,37,121647,72573,1.945195601225888,71,47,16996,16700,13532,7313,19154,25814,48547,36069,33990,24996,370,149,618,3987,13235,45565,2497,38,191,6502,2406,98,445,1026,15433,1389,370,5527
995,3507,995.254513475213,99846,133,85,113,37,121666,72584,1.9454960639384653,74,51,17093,16829,13485,7291,19100,25705,48547,36069,34005,25023,370,149,617,3987,13218,45597,2495,38,191,6491,2401,98,445,1026,15432,1389,374,5528
996,3507,996.0275973737268,99846,132,85,113,37,121680,72595,1.9457464495322798,70,51,17158,16892,13455,7280,19070,25653,48547,36069,34019,25049,370,149,616,3984,13207,45621,2494,38,190,6483,2398,98,444,1027,15434,1388,376,5529
997,3507,997.1892624918927,99846,134,89,113,37,121705,72612,1.9461670973298881,59,50,17263,17005,13405,7247,19024,25570,48547,36069,34032,25074,370,149,614,3981,13192,45654,2494,38,189,6472,2397,98,443,1027,15433,1389,379,5527
998,3507,998.3541507062928,99846,123,96,113,37,121719,72630,1.9464875908899706,56,51,17383,17123,13354,7233,18969,25458,48547,36069,34045,25098,370,149,613,3979,13187,45676,2491,38,188,6464,2394,98,441,1028,15431,1390,382,5527
999,3507,999.1326702402671,99846,116,92,113,37,121731,72640,1.9467079302125272,55,48,17459,17197,13313,7223,18942,25401,48547,36069,34057,25121,370,149,612,3978,13178,45702,2489,38,188,6459,2390,98,441,1027,15423,1391,386,5527
1000,3507,1000.3029236738323,99846,115,86,113,37,121745,72650,1.9469483003825891,62,51,17553,17307,13270,7205,18885,25312,48547,36069,34069,25144,370,149,611,3979,13172,45724,2487,38,190,6444,2385,98,441,1026,15424,1392,386,5530
1001,3507,1001.0850996315955,99846,115,86,113,37,121756,72657,1.9471285780101355,58,51,17636,17364,13228,7189,18848,25271,48547,36069,34081,25166,370,149,608,3977,13164,45742,2486,38,191,6435,2383,98,441,1026,15429,1392,388,5529
1002,3507,1002.2610667117586,99846,117,84,113,37,121768,72667,1.9473489173326923,54,53,17741,17491,13178,7171,18795,25162,48547,36069,34092,25187,370,149,606,3974,13154,45761,2486,38,191,6426,2379,98,440,1027,15433,1393,391,5530
1003,3507,1003.0470310430252,99846,118,81,113,37,121784,72677,1.9476093183502594,52,51,17834,17574,13138,7149,18743,25106,48547,36069,34103,25207,370,149,602,3973,13149,45783,2485,38,191,6416,2379,98,439,1028,15431,1395,391,5529
1004,3507,1004.229524244608,99846,118,76,113,37,121795,72689,1.9478396730965688,60,48,17937,17705,13076,7131,18694,25001,48547,36069,34113,25227,369,149,600,3972,13137,45806,2485,39,192,6409,2374,98,439,1027,15431,1395,396,5528
1005,3507,1005.0196221439087,99846,123,80,113,37,121811,72696,1.948070027842878,53,45,18018,17776,13037,7113,18654,24947,48547,36069,34123,25246,369,149,599,3972,13128,45820,2485,39,192,6402,2374,97,439,1027,15434,1396,396,5528
1006,3507,1006.2077058914832,99846,122,83,113,37,121827,72710,1.9483704905554553,58,42,18137,17892,12976,7086,18592,24858,48547,36069,34133,25264,369,149,599,3973,13118,45840,2483,39,196,6394,2367,97,439,1027,15434,1395,396,5531
1007,3507,1007.0019312438911,99846,112,77,113,37,121834,72717,1.9485107064879914,62,47,18194,17961,12954,7079,18563,24797,48547,36069,34142,25282,369,149,598,3968,13114,45860,2483,39,196,6384,2366,97,439,1026,15434,1396,397,5531
1008,3507,1008.1960157996526,99846,103,78,113,37,121847,72731,1.948781122929311,66,44,18318,18067,12897,7067,18501,24705,48547,36069,34151,25299,369,149,598,3968,13098,45889,2482,39,196,6373,2363,97,439,1026,15434,1395,399,5532
1009,3507,1009.3944745564585,99846,114,79,113,37,121874,72751,1.9492518478456824,59,41,18431,18200,12849,7044,18432,24597,48547,36069,34160,25316,369,149,597,3968,13083,45918,2481,39,198,6364,2360,97,439,1025,15433,1394,403,5529
1010,3507,1010.1956526511474,99846,109,78,113,37,121883,72764,1.949472187168239,64,35,18522,18272,12817,7030,18373,24546,48547,36069,34168,25332,369,149,596,3969,13070,45937,2479,39,202,6358,2355,97,437,1027,15436,1393,404,5529
1011,3507,1011.391876129738,99846,111,70,113,37,121901,72770,1.949712557338301,58,37,18639,18390,12759,7009,18318,24455,48547,36069,34176,25348,369,149,596,3964,13067,45952,2479,39,202,6352,2353,97,436,1027,15436,1393,410,5525
1012,3507,1012.1852841319069,99846,103,69,113,37,121906,72777,1.949832742423332,61,41,18712,18472,12732,6996,18277,24383,48547,36069,34184,25363,369,149,594,3964,13059,45969,2477,39,202,6343,2352,97,436,1027,15438,1395,412,5524
1013,3507,1013.369629202744,99846,105,69,113,37,121926,72788,1.9501432205596618,58,39,18812,18600,12684,6973,18226,24280,48547,36069,34191,25378,369,149,594,3960,13059,45986,2476,39,203,6333,2350,97,435,1026,15441,1393,413,5523
1014,3507,1014.155486574879,99846,105,75,113,37,121935,72802,1.9503735753059712,59,34,18890,18663,12652,6958,18179,24231,48547,36069,34198,25392,369,149,591,3962,13050,46001,2474,39,204,6331,2347,97,435,1026,15437,1396,413,5525
1015,3507,1015.3286829659429,99846,107,72,113,37,121951,72811,1.9506239608997857,64,37,18983,18756,12615,6944,18116,24152,48547,36069,34205,25406,368,149,591,3961,13044,46021,2473,40,205,6324,2344,97,435,1026,15434,1394,413,5527
1016,3507,1016.1075220555705,99846,107,67,113,37,121962,72816,1.950784207679827,66,38,19050,18807,12580,6935,18082,24114,48547,36069,34212,25419,368,148,590,3959,13039,46035,2473,40,205,6316,2344,97,435,1026,15438,1393,415,5525
1017,3507,1017.2708570921391,99846,112,68,113,37,121981,72824,1.9510546241211466,61,43,19137,18890,12541,6918,18034,24042,48547,36069,34219,25432,368,148,589,3956,13037,46048,2472,40,206,6309,2341,97,435,1026,15439,1393,416,5526
1018,3507,1018.0434679047455,99846,116,73,113,37,121990,72834,1.9512449171724455,60,43,19201,18956,12503,6907,18005,23982,48547,36069,34225,25445,368,148,588,3958,13026,46061,2470,40,207,6305,2340,97,435,1026,15441,1394,418,5524
1019,3507,1019.1975518718223,99846,109,79,113,37,122004,72849,1.9515353644612703,64,37,19316,19066,12458,6888,17938,23891,48547,36069,34231,25457,368,148,588,3956,13020,46082,2469,40,207,6303,2339,97,434,1025,15434,1393,419,5524
1020,3507,1020.3444857404376,99846,110,74,113,37,122024,72858,1.951825811750095,56,36,19444,19184,12409,6870,17866,23797,48547,36069,34237,25469,368,148,588,3957,13007,46106,2468,40,210,6300,2335,97,433,1024,15428,1393,422,5522
1021,3507,1021.1049668395926,99846,115,74,113,37,122033,72868,1.9520161048013942,58,36,19502,19247,12372,6858,17838,23746,48547,36069,34243,25480,368,148,588,3958,13001,46119,2467,40,210,6296,2333,97,433,1024,15425,1393,425,5521
1022,3507,1022.2407552926675,99846,116,73,113,37,122048,72877,1.952256474971456,60,39,19613,19337,12323,6844,17773,23668,48547,36069,34249,25491,367,147,588,3957,13001,46129,2467,41,210,6290,2331,97,433,1024,15423,1393,428,5520
1023,3507,1023.3702423505267,99846,113,69,113,37,122064,72885,1.952496845141518,57,42,19724,19446,12272,6829,17719,23575,48547,36069,34254,25502,367,147,588,3957,12989,46153,2465,41,211,6286,2329,97,433,1024,15418,1393,428,5520
1024,3507,1024.1198279292903,99846,109,71,113,37,122072,72895,1.9526771227690645,60,37,19780,19512,12246,6824,17690,23517,48547,36069,34259,25512,367,147,587,3953,12989,46163,2465,41,211,6283,2327,97,432,1024,15416,1394,431,5519
1025,3507,1025.2398945115144,99846,106,72,113,37,122088,72910,1.9529876009053944,60,34,19902,19615,12197,6809,17620,23431,48547,36069,34264,25522,366,147,587,3949,12988,46179,2465,42,211,6276,2326,97,431,1024,15413,1394,435,5516
1026,3507,1026.3534757516077,99846,101,66,113,37,122099,72918,1.9531778939566933,63,34,19988,19714,12162,6804,17571,23343,48547,36069,34269,25532,366,147,585,3948,12986,46195,2465,42,212,6266,2323,97,431,1024,15411,1395,440,5513
1027,3507,1027.0931635343838,99846,97,70,113,37,122114,72926,1.9534082487030027,54,30,20054,19768,12153,6786,17527,23307,48547,36069,34274,25542,366,147,583,3946,12977,46213,2465,42,212,6264,2322,97,431,1023,15408,1396,440,5514
1028,3507,1028.1985189364261,99846,91,64,113,37,122122,72936,1.953588526330549,57,24,20143,19871,12117,6775,17477,23227,48547,36069,34279,25551,366,147,583,3944,12972,46232,2464,42,215,6261,2318,97,430,1023,15401,1396,442,5513
1029,3507,1029.299019310328,99846,86,62,113,37,122132,72944,1.9537688039580954,58,27,20244,19961,12077,6757,17420,23154,48547,36069,34283,25560,366,147,582,3944,12976,46238,2463,41,217,6254,2315,97,430,1023,15401,1397,443,5512
1030,3507,1030.0295728808148,99846,83,61,113,37,122138,72948,1.9538689581956212,62,26,20287,20026,12054,6748,17399,23100,48547,36069,34287,25569,366,147,582,3943,12974,46248,2462,41,217,6248,2315,97,430,1023,15401,1397,444,5511
1031,3507,1031.1220528105441,99846,85,59,113,37,122155,72955,1.9541093283656832,56,27,20394,20117,12010,6732,17340,23026,48547,36069,34291,25577,366,147,580,3943,12970,46259,2460,41,216,6246,2314,97,430,1023,15401,1397,446,5510
1032,3507,1032.2091370321377,99846,89,56,113,37,122175,72961,1.9543697293832503,51,31,20486,20214,11975,6717,17284,22943,48547,36069,34295,25585,366,147,578,3941,12961,46275,2460,41,220,6243,2309,97,430,1023,15399,1399,447,5510
1033,3507,1033.291277119764,99846,83,54,113,37,122185,72968,1.954539991587044,54,30,20588,20313,11935,6701,17225,22863,48547,36069,34299,25593,366,147,578,3939,12954,46293,2459,41,220,6241,2308,97,430,1023,15395,1398,448,5509
1034,3507,1034.0097343636824,99846,86,55,113,37,122194,72975,1.9547002383670853,53,31,20645,20382,11911,6689,17190,22804,48547,36069,34303,25601,365,147,578,3939,12950,46303,2459,42,220,6239,2307,97,430,1023,15391,1398,448,5510
1035,3507,1035.0836716664528,99846,87,50,113,37,122206,72984,1.9549105622658896,53,29,20731,20494,11871,6671,17143,22717,48547,36069,34307,25609,363,147,578,3940,12949,46313,2457,43,223,6235,2303,97,430,1023,15388,1398,449,5510
1036,3507,1036.1531716579352,99846,89,47,113,37,122224,72990,1.9551509324359513,54,32,20822,20609,11833,6646,17087,22627,48547,36069,34311,25616,362,147,578,3935,12950,46324,2457,44,224,6231,2301,97,430,1023,15385,1398,451,5509
1037,3507,1037.2177740369777,99846,92,44,113,37,122237,72995,1.9553312100634979,59,34,20907,20714,11803,6629,17024,22540,48547,36069,34315,25623,362,147,578,3933,12943,46335,2457,44,227,6229,2298,97,430,1023,15385,1398,454,5506
1038,3507,1038.277889171711,99846,89,48,113,37,122247,73000,1.9554814414197865,60,35,21000,20812,11769,6607,16967,22459,48547,36069,34318,25630,361,147,578,3933,12942,46340,2455,45,227,6224,2298,97,430,1022,15389,1398,455,5505
1039,3507,1039.3333805847524,99846,87,48,113,37,122259,73008,1.955681749894838,57,33,21106,20904,11729,6582,16906,22394,48547,36069,34321,25637,361,147,577,3932,12938,46354,2454,45,229,6218,2296,97,430,1022,15387,1399,455,5505
1040,3507,1040.0339791274741,99846,91,51,113,37,122268,73018,1.9558720429461371,56,33,21163,20966,11707,6568,16868,22343,48547,36069,34324,25644,360,147,577,3931,12936,46360,2454,46,230,6216,2294,97,430,1021,15387,1399,457,5504
1041,3507,1041.081681971416,99846,91,51,113,37,122282,73026,1.9560923822686938,59,36,21241,21068,11669,6546,16825,22260,48547,36069,34327,25650,360,147,577,3931,12928,46377,2453,46,230,6213,2294,97,430,1021,15383,1399,458,5502
1042,3507,1042.1254889178124,99846,80,58,113,37,122290,73040,1.9563127215912506,64,26,21317,21168,11654,6531,16770,22178,48547,36069,34330,25656,360,147,577,3932,12924,46392,2452,46,230,6207,2292,97,430,1021,15380,1399,456,5504
1043,3507,1043.1656048396287,99846,78,51,113,37,122303,73045,1.956492999218797,59,27,21401,21270,11626,6511,16721,22102,48547,36069,34333,25662,360,147,577,3934,12925,46400,2449,46,231,6202,2289,97,430,1019,15379,1399,459,5503
1044,3507,1044.201566886768,99846,87,53,113,37,122323,73053,1.9567734310838691,44,20,21489,21368,11590,6497,16675,22023,48547,36069,34336,25668,360,147,577,3934,12921,46409,2449,46,230,6200,2288,97,430,1019,15376,1399,462,5502
1045,3507,1045.323931606765,99846,93,46,113,37,122332,73057,1.9569036315926527,43,19,21558,21433,11554,6495,16637,21968,48547,36069,34339,25674,360,147,577,3934,12919,46417,2449,46,231,6196,2287,97,429,1019,15376,1398,465,5499
1046,3507,1046.266243843851,99846,86,43,113,37,122344,73061,1.957063878372694,51,24,21676,21555,11502,6477,16570,21862,48547,36069,34342,25680,360,147,577,3934,12920,46423,2445,46,232,6192,2285,97,429,1019,15377,1398,467,5498
1047,3507,1047.2890685304637,99846,78,41,113,37,122354,73066,1.9572141097289826,47,20,21777,21645,11477,6467,16506,21788,48547,36069,34345,25685,360,147,576,3934,12916,46438,2444,46,232,6185,2285,97,429,1017,15378,1397,467,5498
1048,3507,1048.3255946654315,99846,72,39,113,37,122362,73069,1.957324279390261,53,23,21865,21744,11448,6442,16447,21713,48547,36069,34348,25690,360,147,576,3932,12914,46446,2443,46,232,6181,2284,97,429,1017,15379,1397,468,5498
1049,3507,1049.002265147497,99846,74,40,113,37,122369,73072,1.9574244336277868,49,22,21916,21805,11427,6423,16419,21671,48547,36069,34351,25695,360,147,576,3931,12912,46451,2443,46,232,6178,2284,97,429,1017,15380,1397,469,5497
1050,3507,1050.0140609461125,99846,75,36,113,37,122381,73076,1.957584680407828,46,25,22012,21906,11395,6409,16357,21585,48547,36069,34353,25700,360,147,576,3930,12908,46462,2442,46,233,6177,2281,97,429,1017,15377,1396,471,5497
1051,3507,1051.021413776273,99846,71,37,113,37,122384,73083,1.957684834645354,46,23,22114,21998,11356,6391,16298,21512,48547,36069,34355,25705,360,147,576,3930,12911,46466,2440,46,233,6173,2281,97,429,1016,15378,1395,473,5495
1052,3507,1052.0242443958157,99846,73,39,113,37,122395,73090,1.9578651122729003,40,26,22208,22080,11315,6376,16249,21440,48547,36069,34357,25710,360,147,576,3929,12910,46475,2440,46,233,6171,2281,97,429,1015,15375,1394,473,5495
1053,3507,1053.022792392918,99846,75,38,113,37,122406,73095,1.9580253590529415,36,27,22287,22169,11287,6359,16200,21368,48547,36069,34359,25715,360,147,576,3929,12906,46484,2439,46,232,6168,2281,97,429,1015,15374,1394,475,5494
1054,3507,1054.0177874748395,99846,73,41,113,37,122416,73105,1.9582256675279932,40,21,22354,22257,11258,6345,16160,21297,48547,36069,34361,25720,360,147,576,3929,12899,46495,2437,46,233,6168,2280,97,429,1015,15372,1394,480,5489
1055,3507,1055.0098578826012,99846,71,38,113,37,122422,73108,1.9583158063417663,44,22,22430,22353,11221,6332,16119,21216,48547,36069,34363,25724,360,147,576,3927,12899,46500,2437,46,233,6166,2280,97,429,1015,15371,1394,481,5488
1056,3507,1056.3274592484172,99846,78,39,113,37,122436,73117,1.9585461610880757,41,26,22522,22454,11193,6317,16051,21125,48547,36069,34365,25728,360,147,576,3924,12898,46509,2437,46,235,6164,2278,97,429,1013,15370,1394,481,5488
1057,3507,1057.3120697214838,99846,84,41,113,37,122448,73123,1.958726438715622,38,25,22600,22555,11165,6296,15998,21044,48547,36069,34367,25732,360,147,576,3924,12894,46515,2437,46,235,6160,2277,97,429,1013,15372,1394,482,5488
1058,3507,1058.293362606978,99846,81,41,113,37,122462,73125,1.9588866854956632,37,27,22672,22654,11144,6270,15951,20969,48547,36069,34369,25736,360,147,576,3919,12893,46525,2437,46,233,6160,2276,97,429,1013,15370,1394,482,5489
1059,3507,1059.2714675695802,99846,78,42,113,37,122469,73131,1.9590168860044468,39,28,22749,22736,11113,6251,15906,20904,48547,36069,34371,25740,360,147,576,3921,12886,46535,2435,46,234,6160,2275,97,429,1013,15367,1394,482,5489
1060,3507,1060.246292539481,99846,77,43,113,37,122477,73137,1.959157101936983,39,30,22818,22821,11094,6234,15857,20833,48547,36069,34373,25744,360,147,576,3918,12886,46541,2434,46,234,6157,2274,97,429,1013,15368,1394,482,5490
1061,3507,1061.2180923938085,99846,80,46,113,37,122492,73146,1.9593974721070448,38,29,22895,22918,11063,6216,15809,20752,48547,36069,34375,25748,360,147,576,3915,12885,46552,2433,46,235,6156,2273,97,429,1013,15363,1394,483,5489
1062,3507,1062.1864787436173,99846,73,43,113,37,122498,73151,1.9595076417683233,32,29,22984,23026,11039,6199,15757,20664,48547,36069,34377,25752,360,146,576,3914,12886,46561,2433,46,235,6152,2272,97,428,1013,15360,1394,486,5487
1063,3507,1063.151318290621,99846,74,46,113,37,122503,73154,1.9595877651583438,43,33,23061,23121,11006,6177,15701,20584,48547,36069,34379,25756,360,146,575,3914,12883,46566,2433,46,235,6150,2272,97,428,1013,15360,1395,486,5487
1064,3507,1064.1129160210203,99846,74,44,113,37,122513,73161,1.9597580273621378,42,33,23140,23215,10980,6171,15649,20498,48547,36069,34381,25760,360,146,575,3912,12883,46575,2433,46,236,6147,2271,97,427,1013,15357,1395,486,5487
1065,3507,1065.0712973437662,99846,79,44,113,37,122525,73168,1.9599483204134367,38,32,23203,23291,10965,6158,15600,20436,48547,36069,34383,25764,359,146,575,3914,12881,46584,2431,47,236,6146,2270,97,426,1013,15352,1395,487,5487
1066,3507,1066.0267941772636,99846,76,45,113,37,122533,73174,1.9600885363459728,40,31,23293,23363,10924,6140,15552,20382,48547,36069,34385,25767,357,146,575,3913,12879,46593,2431,49,236,6145,2270,97,426,1013,15348,1394,487,5487
1067,3507,1067.2955836533333,99846,82,49,113,37,122548,73185,1.9603489373635399,34,26,23393,23491,10896,6110,15480,20285,48547,36069,34387,25770,357,146,574,3911,12879,46600,2431,49,236,6144,2270,97,426,1013,15345,1394,489,5485
1068,3507,1068.2434844811253,99846,77,53,113,37,122552,73195,1.960489153296076,38,19,23451,23547,10876,6106,15443,20236,48547,36069,34389,25773,357,146,573,3911,12878,46607,2429,49,237,6143,2268,97,426,1012,15343,1395,492,5483
1069,3507,1069.107264719073,99846,74,53,113,37,122560,73200,1.9606193538048595,43,19,23532,23627,10845,6090,15391,20172,48547,36069,34391,25776,357,146,573,3909,12876,46612,2429,49,236,6140,2268,97,426,1012,15346,1395,492,5483
1070,3507,1070.1343011495255,99846,70,48,113,37,122570,73203,1.960749554313643,44,23,23645,23716,10804,6076,15322,20098,48547,36069,34393,25779,356,146,573,3911,12874,46622,2427,50,237,6135,2267,97,426,1012,15344,1394,492,5483
1071,3507,1071.1644201687318,99846,69,54,113,37,122576,73210,1.9608797548224266,48,19,23713,23784,10778,6066,15277,20038,48547,36069,34395,25782,356,146,573,3909,12871,46627,2427,50,237,6132,2266,97,426,1012,15347,1394,492,5484
1072,3507,1072.16672382907,99846,72,53,113,37,122592,73217,1.9611101095687358,42,19,23818,23878,10750,6053,15203,19958,48547,36069,34397,25785,356,145,573,3909,12872,46635,2425,50,237,6128,2266,97,426,1012,15345,1394,495,5481
1073,3507,1073.0106887962131,99846,70,49,113,37,122600,73222,1.9612403100775193,43,23,23906,23968,10736,6036,15130,19885,48547,36069,34399,25788,356,145,573,3909,12872,46643,2423,50,238,6126,2265,97,426,1012,15342,1393,495,5481
1074,3507,1074.2469000438011,99846,67,49,113,37,122610,73234,1.9614606494000761,42,19,23994,24079,10702,6020,15080,19794,48547,36069,34400,25791,356,144,573,3909,12868,46657,2422,50,239,6126,2263,97,426,1012,15335,1393,495,5481
1075,3507,1075.1712090946455,99846,66,47,113,37,122620,73240,1.9616208961801174,38,21,24058,24152,10678,6015,15045,19726,48547,36069,34401,25794,356,144,573,3908,12865,46667,2422,50,241,6124,2260,97,425,1013,15331,1393,495,5482
1076,3507,1076.0930728528542,99846,67,48,113,37,122628,73246,1.9617611121126535,36,19,24109,24220,10659,6003,15014,19671,48547,36069,34402,25797,356,143,572,3907,12865,46671,2422,50,241,6122,2260,97,425,1013,15331,1394,497,5480
1077,3507,1077.274672957456,99846,69,39,113,37,122638,73251,1.9619113434689421,44,20,24232,24338,10603,5988,14937,19576,48547,36069,34403,25800,356,143,571,3908,12865,46681,2421,50,241,6119,2259,97,425,1013,15326,1393,497,5481
1078,3507,1078.0299179144135,99846,66,37,113,37,122644,73255,1.962011497706468,47,21,24286,24396,10586,5984,14900,19523,48547,36069,34404,25803,356,143,571,3908,12864,46687,2421,50,243,6116,2257,97,425,1013,15324,1393,497,5481
1079,3507,1079.2466800850393,99846,69,36,113,37,122656,73259,1.9621717444865092,41,21,24391,24497,10547,5961,14837,19446,48547,36069,34405,25806,355,143,571,3908,12863,46692,2420,51,243,6115,2257,97,424,1013,15323,1393,498,5480
1080,3507,1080.1559410271327,99846,65,34,113,37,122662,73261,1.96225186787653,43,22,24460,24585,10522,5947,14795,19373,48547,36069,34406,25809,355,143,571,3905,12866,46698,2419,51,243,6112,2257,97,424,1012,15322,1393,498,5480
1081,3507,1081.212684132054,99846,78,37,113,37,122681,73268,1.9625122688940968,34,23,24542,24671,10487,5931,14744,19299,48547,36069,34407,25812,355,143,570,3907,12864,46704,2417,51,243,6111,2257,97,424,1012,15320,1393,499,5479
1082,3507,1082.116283464996,99846,78,35,113,37,122691,73270,1.9626324539791278,31,24,24622,24747,10459,5922,14695,19233,48547,36069,34408,25814,355,143,570,3909,12862,46711,2415,51,243,6109,2257,97,424,1012,15317,1393,501,5477
1083,3507,1083.0170045103268,99846,77,40,113,37,122697,73276,1.9627526390641588,40,22,24689,24829,10428,5901,14651,19169,48547,36069,34409,25816,355,143,570,3908,12863,46713,2415,51,243,6106,2256,97,424,1012,15318,1393,501,5478
1084,3507,1084.2557970060586,99846,72,40,113,37,122705,73280,1.9628728241491897,45,22,24783,24912,10396,5887,14589,19100,48547,36069,34410,25818,355,143,569,3909,12858,46723,2413,51,243,6105,2255,97,424,1012,15315,1394,501,5479
1085,3507,1085.1505333504695,99846,69,45,113,37,122714,73288,1.9630430863529835,41,21,24872,24988,10369,5867,14534,19040,48547,36069,34411,25820,355,143,569,3910,12855,46729,2412,51,243,6103,2255,97,424,1012,15314,1394,501,5479
1086,3507,1086.012213340749,99846,72,42,113,37,122725,73294,1.9632133485567775,37,19,24930,25062,10339,5864,14507,18974,48547,36069,34412,25822,355,143,569,3910,12856,46735,2411,51,244,6101,2253,97,424,1011,15311,1394,502,5479
1087,3507,1087.1016494145667,99846,77,41,113,37,122738,73300,1.9634036416080765,34,17,24994,25122,10311,5857,14469,18924,48547,36069,34413,25824,355,143,569,3908,12853,46742,2411,51,244,6101,2253,97,424,1011,15309,1394,504,5477
1088,3507,1088.0257591744144,99846,76,36,113,37,122750,73304,1.9635638883881177,30,23,25088,25216,10280,5833,14411,18853,48547,36069,34414,25826,355,143,569,3910,12852,46751,2409,51,245,6097,2252,97,424,1011,15305,1394,506,5475
1089,3507,1089.2039189657198,99846,74,33,113,37,122761,73309,1.963724135168159,34,27,25173,25321,10252,5804,14352,18776,48547,36069,34415,25828,355,143,569,3909,12849,46761,2409,51,246,6096,2251,97,424,1010,15301,1394,508,5473
1090,3507,1090.0848822218838,99846,69,29,113,37,122767,73312,1.9638142739819322,35,25,25231,25387,10236,5797,14314,18723,48547,36069,34416,25830,354,143,569,3907,12851,46766,2409,52,246,6094,2250,97,424,1009,15299,1394,509,5473
1091,3507,1091.2563998226276,99846,70,29,113,37,122778,73316,1.9639645053382209,37,25,25326,25500,10205,5766,14247,18641,48547,36069,34417,25832,354,143,569,3906,12848,46774,2409,52,246,6092,2250,97,424,1009,15298,1393,510,5472
1092,3507,1092.132078976581,99846,68,31,113,37,122786,73321,1.9640947058470044,39,23,25403,25570,10181,5752,14194,18585,48547,36069,34418,25834,354,143,569,3905,12847,46780,2409,52,247,6092,2249,97,424,1008,15296,1392,512,5470
1093,3507,1093.0050745245778,99846,73,34,113,37,122794,73328,1.964244937203293,34,19,25468,25623,10158,5738,14152,18547,48547,36069,34419,25836,354,143,569,3905,12844,46787,2409,52,247,6090,2249,97,424,1008,15294,1392,512,5470
1094,3507,1094.0636645214977,99846,69,34,113,37,122809,73330,1.9644151994070869,28,24,25547,25700,10145,5713,14096,18490,48547,36069,34420,25838,353,143,569,3901,12847,46794,2408,53,247,6088,2249,97,424,1008,15292,1392,512,5469
