,indexID,time,N,Inf_L,Inf_H,Dead_L,Dead_H,cum_cases_L,cum_cases_H,cum_sum_per_N,Exposed_L,Exposed_H,Sus_L,Sus_H,Rec_nat_L,Rec_nat_H,Rec_vax_L,Rec_vax_H,vaccinatedH,vaccinatedL,boostedH,boostedL,count_Naive,count_Delta,count_Delta_vaccine,count_two,count_three,count_four,count_Omicron,count_Omicron_star,count_Omicron_star_vaccine,count_Omicron_vaccine,count_Vaccine,count_WT,count_WT_vaccine,count_WT_vaccine_boost,count_Omicron_vaccine_boost,count_Delta_vaccine_boost,count_Omicron_star_vaccine_boost,count_Vaccine_boost
0,2738,1.0310958723773829,99996,10,10,0,0,11,11,0.00022000880035201407,14,14,49973,49973,1,1,0,0,0,0,0,0,99994,0,0,0,0,0,0,0,0,0,0,2,0,0,0,0,0,0
1,2738,2.018501000377713,99996,12,10,0,0,13,12,0.000250010000400016,14,14,49971,49972,1,2,0,0,0,0,0,0,99993,0,0,0,0,0,0,0,0,0,0,3,0,0,0,0,0,0
2,2738,3.032617740664187,99996,15,15,0,0,19,18,0.00037001480059202366,9,9,49970,49971,4,3,0,0,0,0,0,0,99989,0,0,0,0,0,0,0,0,0,0,7,0,0,0,0,0,0
3,2738,4.116218407730739,99996,15,15,0,0,25,23,0.0004800192007680307,7,7,49966,49968,10,8,0,0,0,0,0,0,99978,0,0,0,0,0,0,0,0,0,0,18,0,0,0,0,0,0
4,2738,5.034382032982913,99996,14,14,0,0,30,27,0.0005700228009120365,5,3,49963,49968,16,13,0,0,0,0,0,0,99967,0,0,0,0,0,0,0,0,0,0,29,0,0,0,0,0,0
5,2738,6.0457653252705565,99996,8,9,0,0,31,28,0.0005900236009440378,5,3,49962,49967,23,19,0,0,0,0,0,0,99954,0,0,0,0,0,0,0,0,0,0,42,0,0,0,0,0,0
6,2738,7.0315222536443756,99996,10,10,0,0,34,30,0.000640025601024041,3,2,49961,49966,24,20,0,0,0,0,0,0,99952,0,0,0,0,0,0,0,0,0,0,44,0,0,0,0,0,0
7,2738,8.198007925727124,99996,8,8,0,0,35,31,0.0006600264010560422,4,2,49959,49965,27,23,0,0,0,0,0,0,99946,0,0,0,0,0,0,0,0,0,0,50,0,0,0,0,0,0
8,2738,9.10287267202079,99996,6,6,0,0,35,31,0.0006600264010560422,5,2,49958,49965,29,25,0,0,0,0,0,0,99942,0,0,0,0,0,0,0,0,0,0,54,0,0,0,0,0,0
9,2738,10.064144576967314,99996,7,6,0,0,38,32,0.0007000280011200448,2,1,49958,49965,31,26,0,0,0,0,0,0,99939,0,0,0,0,0,0,0,0,0,0,57,0,0,0,0,0,0
10,2738,11.1568483335555,99996,3,3,0,0,38,32,0.0007000280011200448,3,1,49957,49965,35,29,0,0,0,0,0,0,99932,0,0,0,0,0,0,0,0,0,0,64,0,0,0,0,0,0
11,2738,12.180629216699746,99996,2,2,0,0,38,32,0.0007000280011200448,4,1,49956,49966,36,29,0,0,0,0,0,0,99930,0,0,0,0,0,0,0,0,0,0,66,0,0,0,0,0,0
12,2738,13.255129339733521,99996,3,2,0,0,39,32,0.0007100284011360454,4,1,49955,49966,36,29,0,0,0,0,0,0,99930,0,0,0,0,0,0,0,0,0,0,66,0,0,0,0,0,0
13,2738,14.2440547658084,99996,4,2,0,0,40,32,0.0007200288011520461,6,1,49952,49966,36,29,0,0,0,0,0,0,99930,0,0,0,0,0,0,0,0,0,0,66,0,0,0,0,0,0
14,2738,15.16900303828225,99996,6,2,0,0,42,32,0.0007400296011840473,5,1,49951,49966,36,29,0,0,0,0,0,0,99930,0,0,0,0,0,0,0,0,0,0,66,0,0,0,0,0,0
15,2738,16.157965357874964,99996,7,2,0,0,43,32,0.000750030001200048,4,1,49951,49966,36,29,0,0,0,0,0,0,99930,0,0,0,0,0,0,0,0,0,0,66,0,0,0,0,0,0
16,2738,17.127694108134722,99996,9,2,0,0,45,32,0.0007700308012320492,3,3,49950,49964,36,29,0,0,0,0,0,0,99930,0,0,0,0,0,0,0,0,0,0,66,0,0,0,0,0,0
17,2738,18.16618333901878,99996,9,2,0,0,46,32,0.00078003120124805,3,3,49949,49964,37,29,0,0,0,0,0,0,99929,0,0,0,0,0,0,0,0,0,0,67,0,0,0,0,0,0
18,2738,19.077762807878695,99996,9,3,0,0,46,33,0.0007900316012640506,5,3,49947,49963,37,29,0,0,0,0,0,0,99929,0,0,0,0,0,0,0,0,0,0,67,0,0,0,0,0,0
19,2738,20.253131615191897,99996,8,3,0,0,47,33,0.0008000320012800512,7,4,49944,49962,39,29,0,0,0,0,0,0,99927,0,0,0,0,0,0,0,0,0,0,69,0,0,0,0,0,0
20,2738,21.166415190861944,99996,7,3,0,0,47,33,0.0008000320012800512,7,5,49944,49961,40,29,0,0,0,0,0,0,99926,0,0,0,0,0,0,0,0,0,0,70,0,0,0,0,0,0
21,2738,22.24944125900185,99996,10,3,0,0,50,34,0.0008400336013440538,5,4,49943,49961,40,30,0,0,0,0,0,0,99925,0,0,0,0,0,0,0,0,0,0,71,0,0,0,0,0,0
22,2738,23.188593545310358,99996,8,3,0,0,50,34,0.0008400336013440538,7,4,49941,49962,42,29,0,0,0,0,0,0,99923,0,0,0,0,0,0,0,0,0,0,73,0,0,0,0,0,0
23,2738,24.04071729232901,99996,8,1,0,0,51,34,0.0008500340013600544,6,6,49941,49960,43,31,0,0,0,0,0,0,99920,0,0,0,0,0,0,0,0,0,0,76,0,0,0,0,0,0
24,2738,25.02778755218732,99996,10,3,0,0,54,36,0.0009000360014400576,5,4,49939,49960,44,31,0,0,0,0,0,0,99919,0,0,0,0,0,0,0,0,0,0,77,0,0,0,0,0,0
25,2738,26.207946088141817,99996,12,2,0,0,56,37,0.0009300372014880595,6,4,49937,49959,43,33,0,0,0,0,0,0,99917,0,0,0,0,0,0,0,0,0,0,79,0,0,0,0,0,0
26,2738,27.29491450188023,99996,13,2,0,0,57,37,0.0009400376015040601,7,4,49935,49959,43,33,0,0,0,0,0,0,99917,0,0,0,0,0,0,0,0,0,0,79,0,0,0,0,0,0
27,2738,28.038360926817937,99996,14,2,0,0,59,38,0.0009700388015520621,7,3,49933,49960,44,33,0,0,0,0,0,0,99915,0,0,0,0,0,0,0,0,0,0,81,0,0,0,0,0,0
28,2738,29.12030749362888,99996,15,2,0,0,62,38,0.001000040001600064,5,3,49932,49960,46,33,0,0,0,0,0,0,99913,0,0,0,0,0,0,0,0,0,0,83,0,0,0,0,0,0
29,2738,30.02040909065446,99996,13,2,0,0,63,38,0.0010100404016160646,5,3,49931,49960,49,33,0,0,0,0,0,0,99910,0,0,0,0,0,0,0,0,0,0,86,0,0,0,0,0,0
30,2738,31.052678343016947,99996,13,3,0,0,65,39,0.0010400416016640667,6,2,49928,49960,51,33,0,0,0,0,0,0,99908,0,0,0,0,0,0,0,0,0,0,88,0,0,0,0,0,0
31,2738,32.126071602191956,99996,10,5,0,0,66,41,0.0010700428017120685,7,2,49926,49958,55,33,0,0,0,0,0,0,99904,0,0,0,0,0,0,0,0,0,0,92,0,0,0,0,0,0
32,2738,33.14295377004369,99996,12,4,0,0,68,41,0.0010900436017440697,5,3,49926,49958,55,33,0,0,0,0,0,0,99903,0,0,0,0,0,0,0,0,0,0,93,0,0,0,0,0,0
33,2738,34.08992269599648,99996,11,5,0,0,69,43,0.0011200448017920717,6,3,49924,49956,57,34,0,0,0,0,0,0,99900,0,0,0,0,0,0,0,0,0,0,96,0,0,0,0,0,0
34,2738,35.070475331783214,99996,12,5,0,0,71,43,0.001140045601824073,4,3,49924,49956,58,34,0,0,0,0,0,0,99899,0,0,0,0,0,0,0,0,0,0,97,0,0,0,0,0,0
35,2738,36.142436832076065,99995,10,6,1,0,72,45,0.0011700585029251463,6,3,49921,49954,60,35,0,0,0,0,0,0,99895,0,0,0,0,0,0,0,0,0,0,100,0,0,0,0,0,0
36,2738,37.07158057866087,99995,9,6,1,0,73,45,0.0011800590029501475,6,3,49921,49954,61,35,0,0,0,0,0,0,99893,0,0,0,0,0,0,0,0,0,0,102,0,0,0,0,0,0
37,2738,38.24675789732834,99995,11,6,1,0,77,45,0.0012200610030501525,4,3,49919,49954,63,35,0,0,0,0,0,0,99891,0,0,0,0,0,0,0,0,0,0,104,0,0,0,0,0,0
38,2738,39.03014610453027,99995,13,6,1,0,79,45,0.001240062003100155,5,4,49916,49953,63,35,0,0,0,0,0,0,99891,0,0,0,0,0,0,0,0,0,0,104,0,0,0,0,0,0
39,2738,40.01660958853561,99995,13,6,1,0,79,47,0.0012600630031501575,6,3,49915,49952,63,37,0,0,0,0,0,0,99889,0,0,0,0,0,0,0,0,0,0,106,0,0,0,0,0,0
40,2738,41.32597177125823,99995,13,5,1,0,80,47,0.0012700635031751588,7,4,49914,49951,63,38,0,0,0,0,0,0,99887,0,0,0,0,0,0,0,0,0,0,108,0,0,0,0,0,0
41,2738,42.325043207484875,99995,16,5,1,0,84,48,0.001320066003300165,5,4,49912,49950,64,39,0,0,0,0,0,0,99885,0,0,0,0,0,0,0,0,0,0,110,0,0,0,0,0,0
42,2738,43.23951655964861,99995,17,6,1,0,86,49,0.0013500675033751687,3,3,49912,49950,65,39,0,0,0,0,0,0,99884,0,0,0,0,0,0,0,0,0,0,111,0,0,0,0,0,0
43,2738,44.03492282233349,99995,13,5,1,0,87,50,0.0013700685034251712,6,2,49909,49950,69,41,0,0,0,0,0,0,99877,0,0,0,0,0,0,0,0,0,0,118,0,0,0,0,0,0
44,2738,45.24927180700528,99995,12,6,1,0,89,51,0.001400070003500175,6,1,49907,49950,72,41,0,0,0,0,0,0,99874,0,0,0,0,0,0,0,0,0,0,121,0,0,0,0,0,0
45,2738,46.09091706867342,99995,11,5,1,0,91,51,0.0014200710035501775,5,2,49906,49949,75,42,0,0,0,0,0,0,99870,0,0,0,0,0,0,0,0,0,0,125,0,0,0,0,0,0
46,2738,47.00503935482075,99995,10,4,1,0,93,51,0.00144007200360018,5,2,49905,49949,77,43,0,0,0,0,0,0,99866,0,0,0,0,0,0,0,0,0,0,129,0,0,0,0,0,0
47,2738,48.04048831552536,99995,8,4,1,0,94,51,0.0014500725036251812,4,2,49906,49949,79,43,0,0,0,0,0,0,99863,0,0,0,0,0,0,0,0,0,0,132,0,0,0,0,0,0
48,2738,49.16027951855583,99995,7,5,1,0,94,52,0.0014600730036501825,5,1,49905,49949,80,43,0,0,0,0,0,0,99862,0,0,0,0,0,0,0,0,0,0,133,0,0,0,0,0,0
49,2738,50.17842025289832,99995,7,5,1,0,95,52,0.0014700735036751837,5,1,49905,49949,80,43,0,0,0,0,0,0,99861,0,0,0,0,0,0,0,0,0,0,134,0,0,0,0,0,0
50,2738,51.03102329965082,99995,8,5,1,0,97,52,0.0014900745037251862,3,1,49905,49949,81,43,0,0,0,0,0,0,99860,0,0,0,0,0,0,0,0,0,0,135,0,0,0,0,0,0
51,2738,52.097644401121705,99995,6,6,1,0,97,54,0.0015100755037751887,5,0,49903,49948,83,44,0,0,0,0,0,0,99857,0,0,0,0,0,0,0,0,0,0,138,0,0,0,0,0,0
52,2738,53.19434422088208,99995,5,4,1,0,98,54,0.00152007600380019,4,1,49905,49947,83,46,0,0,0,0,0,0,99853,0,0,0,0,0,0,0,0,0,0,142,0,0,0,0,0,0
53,2738,54.02665070628165,99995,4,3,1,0,98,54,0.00152007600380019,4,2,49906,49946,83,47,0,0,0,0,0,0,99851,0,0,0,0,0,0,0,0,0,0,144,0,0,0,0,0,0
54,2738,55.28947005576263,99995,3,4,1,0,98,55,0.0015300765038251912,5,1,49905,49946,84,47,0,0,0,0,0,0,99850,0,0,0,0,0,0,0,0,0,0,145,0,0,0,0,0,0
55,2738,56.189936961458905,99995,5,5,1,0,100,56,0.001560078003900195,4,0,49904,49946,84,47,0,0,0,0,0,0,99850,0,0,0,0,0,0,0,0,0,0,145,0,0,0,0,0,0
56,2738,57.19200573612877,99995,7,5,1,0,102,56,0.0015800790039501974,3,1,49903,49945,84,47,0,0,0,0,0,0,99850,0,0,0,0,0,0,0,0,0,0,145,0,0,0,0,0,0
57,2738,58.06470864982348,99995,6,4,1,0,103,56,0.0015900795039751987,2,4,49903,49943,86,47,0,0,0,0,0,0,99847,0,0,0,0,0,0,0,0,0,0,148,0,0,0,0,0,0
58,2738,59.02753304386184,99995,7,7,1,0,104,59,0.0016300815040752037,1,1,49903,49943,86,47,0,0,0,0,0,0,99847,0,0,0,0,0,0,0,0,0,0,148,0,0,0,0,0,0
59,2738,60.3229753498906,99995,3,3,1,0,104,59,0.0016300815040752037,3,1,49901,49943,90,51,0,0,0,0,0,0,99839,0,0,0,0,0,0,0,0,0,0,156,0,0,0,0,0,0
60,2738,61.26102152885343,99995,3,3,1,0,105,59,0.001640082004100205,2,1,49901,49945,91,49,0,0,0,0,0,0,99838,0,0,0,0,0,0,0,0,0,0,157,0,0,0,0,0,0
61,2738,62.250095833537614,99995,4,3,1,0,106,59,0.0016500825041252062,2,2,49900,49944,91,49,0,0,0,0,0,0,99838,0,0,0,0,0,0,0,0,0,0,157,0,0,0,0,0,0
62,2738,63.16526905473955,99995,3,3,1,0,106,59,0.0016500825041252062,2,3,49900,49943,92,49,0,0,0,0,0,0,99837,0,0,0,0,0,0,0,0,0,0,158,0,0,0,0,0,0
63,2738,64.21716144360511,99995,2,4,1,0,106,60,0.0016600830041502074,3,4,49899,49941,93,49,0,0,0,0,0,0,99836,0,0,0,0,0,0,0,0,0,0,159,0,0,0,0,0,0
64,2738,65.20717877980246,99995,2,5,1,0,106,61,0.0016700835041752087,3,3,49901,49941,91,49,0,0,0,0,0,0,99836,0,0,0,0,0,0,0,0,0,0,159,0,0,0,0,0,0
65,2738,66.30458208432482,99995,3,5,1,0,107,62,0.0016900845042252112,4,3,49900,49941,90,49,0,0,0,0,0,0,99835,0,0,0,0,0,0,0,0,0,0,160,0,0,0,0,0,0
66,2738,67.19394725713029,99995,3,5,1,0,107,63,0.0017000850042502124,5,3,49899,49941,90,49,0,0,0,0,0,0,99834,0,0,0,0,0,0,0,0,0,0,161,0,0,0,0,0,0
67,2738,68.29949374409273,99995,3,5,1,0,107,64,0.0017100855042752137,5,2,49900,49941,89,50,0,0,0,0,0,0,99833,0,0,0,0,0,0,0,0,0,0,162,0,0,0,0,0,0
68,2738,69.02394512297691,99995,2,5,1,0,107,64,0.0017100855042752137,5,2,49900,49941,90,50,0,0,0,0,0,0,99832,0,0,0,0,0,0,0,0,0,0,163,0,0,0,0,0,0
69,2738,70.20122202291925,99995,3,3,1,0,108,64,0.001720086004300215,4,3,49900,49940,90,52,0,0,0,0,0,0,99830,0,0,0,0,0,0,0,0,0,0,165,0,0,0,0,0,0
70,2738,71.00218630376126,99995,4,3,1,0,109,64,0.0017300865043252162,4,3,49899,49940,90,52,0,0,0,0,0,0,99830,0,0,0,0,0,0,0,0,0,0,165,0,0,0,0,0,0
71,2738,72.0051918210963,99995,3,2,1,0,110,64,0.0017400870043502174,4,3,49899,49940,91,53,0,0,0,0,0,0,99827,0,0,0,0,0,0,0,0,0,0,168,0,0,0,0,0,0
72,2738,73.29039017553062,99995,2,1,1,0,110,64,0.0017400870043502174,4,4,49900,49940,91,53,0,0,0,0,0,0,99825,0,0,0,0,0,0,0,0,0,0,170,0,0,0,0,0,0
73,2738,74.18803260674049,99995,2,1,1,0,110,64,0.0017400870043502174,4,4,49900,49940,91,53,0,0,0,0,0,0,99825,0,0,0,0,0,0,0,0,0,0,170,0,0,0,0,0,0
74,2738,75.1780422774826,99995,2,1,1,0,110,64,0.0017400870043502174,4,4,49901,49940,90,53,0,0,0,0,0,0,99825,0,0,0,0,0,0,0,0,0,0,170,0,0,0,0,0,0
75,2738,76.01222491339736,99995,5,3,1,0,113,66,0.0017900895044752237,2,2,49900,49940,90,53,0,0,0,0,0,0,99825,0,0,0,0,0,0,0,0,0,0,170,0,0,0,0,0,0
76,2738,77.08796905139232,99995,4,4,1,0,115,69,0.00184009200460023,0,0,49900,49939,93,55,0,0,0,0,0,0,99820,0,0,0,0,0,0,0,0,0,0,175,0,0,0,0,0,0
77,2738,78.07799600249773,99995,3,3,1,0,115,69,0.00184009200460023,0,0,49900,49939,94,56,0,0,0,0,0,0,99818,0,0,0,0,0,0,0,0,0,0,177,0,0,0,0,0,0
78,2738,79.21350863332007,99995,2,2,1,0,115,69,0.00184009200460023,2,0,49899,49939,94,57,0,0,0,0,0,0,99816,0,0,0,0,0,0,0,0,0,0,179,0,0,0,0,0,0
79,2738,80.20356428375918,99995,2,2,1,0,115,69,0.00184009200460023,2,1,49901,49938,92,57,0,0,0,0,0,0,99816,0,0,0,0,0,0,0,0,0,0,179,0,0,0,0,0,0
80,2738,81.10500100246244,99995,1,3,1,0,115,70,0.0018500925046252312,3,1,49900,49937,93,57,0,0,0,0,0,0,99815,0,0,0,0,0,0,0,0,0,0,180,0,0,0,0,0,0
81,2738,82.09105977788406,99995,1,3,1,0,115,70,0.0018500925046252312,4,1,49899,49938,93,56,0,0,0,0,0,0,99815,0,0,0,0,0,0,0,0,0,0,180,0,0,0,0,0,0
82,2738,83.00868678844773,99995,1,3,1,0,116,70,0.0018600930046502326,5,1,49897,49938,94,56,0,0,0,0,0,0,99814,0,0,0,0,0,0,0,0,0,0,181,0,0,0,0,0,0
83,2738,84.25970048854145,99995,3,3,1,0,118,70,0.0018800940047002351,3,1,49897,49938,94,56,0,0,0,0,0,0,99814,0,0,0,0,0,0,0,0,0,0,181,0,0,0,0,0,0
84,2738,85.15403416977884,99995,3,4,1,0,118,71,0.0018900945047252364,3,1,49897,49937,94,56,0,0,0,0,0,0,99814,0,0,0,0,0,0,0,0,0,0,181,0,0,0,0,0,0
85,2738,86.10482869586544,99995,4,5,1,0,119,72,0.0019100955047752389,2,0,49897,49937,94,56,0,0,0,0,0,0,99814,0,0,0,0,0,0,0,0,0,0,181,0,0,0,0,0,0
86,2738,87.06517693395341,99995,5,8,1,0,121,75,0.001960098004900245,0,0,49897,49934,95,56,0,0,0,0,0,0,99813,0,0,0,0,0,0,0,0,0,0,182,0,0,0,0,0,0
87,2738,88.20895768685324,99995,5,9,1,0,121,76,0.001970098504925246,3,0,49895,49933,94,56,0,0,0,0,0,0,99813,0,0,0,0,0,0,0,0,0,0,182,0,0,0,0,0,0
88,2738,89.15252287871668,99995,7,9,1,0,123,76,0.0019900995049752486,2,0,49894,49933,94,56,0,0,0,0,0,0,99813,0,0,0,0,0,0,0,0,0,0,182,0,0,0,0,0,0
89,2738,90.19703148461916,99995,5,5,1,0,123,76,0.0019900995049752486,7,0,49889,49933,96,60,0,0,0,0,0,0,99807,0,0,0,0,0,0,0,0,0,0,188,0,0,0,0,0,0
90,2738,91.06892468752784,99995,3,3,1,0,123,76,0.0019900995049752486,7,0,49889,49933,98,62,0,0,0,0,0,0,99803,0,0,0,0,0,0,0,0,0,0,192,0,0,0,0,0,0
91,2738,92.05912279445235,99995,4,3,1,0,124,76,0.00200010000500025,7,1,49888,49933,98,61,0,0,0,0,0,0,99803,0,0,0,0,0,0,0,0,0,0,192,0,0,0,0,0,0
92,2738,93.15240264612684,99995,5,3,1,0,125,77,0.0020201010050502526,7,1,49887,49933,98,61,0,0,0,0,0,0,99802,0,0,0,0,0,0,0,0,0,0,193,0,0,0,0,0,0
93,2738,94.08459297933373,99995,6,2,1,0,126,77,0.0020301015050752536,9,2,49885,49932,97,62,0,0,0,0,0,0,99801,0,0,0,0,0,0,0,0,0,0,194,0,0,0,0,0,0
94,2738,95.00534872109634,99995,5,1,1,0,127,77,0.002040102005100255,8,2,49886,49932,98,63,0,0,0,0,0,0,99798,0,0,0,0,0,0,0,0,0,0,197,0,0,0,0,0,0
95,2738,96.0005121649283,99995,7,2,1,0,129,78,0.0020701035051752586,7,3,49885,49930,98,63,0,0,0,0,0,0,99798,0,0,0,0,0,0,0,0,0,0,197,0,0,0,0,0,0
96,2738,97.08560734846384,99995,6,4,1,0,129,80,0.002090104505225261,8,3,49884,49928,99,63,0,0,0,0,0,0,99797,0,0,0,0,0,0,0,0,0,0,198,0,0,0,0,0,0
97,2738,98.24408581583872,99995,8,5,1,0,133,81,0.0021401070053502676,8,6,49880,49924,101,63,0,0,0,0,0,0,99795,0,0,0,0,0,0,0,0,0,0,200,0,0,0,0,0,0
98,2738,99.17253974719793,99995,8,5,1,0,134,81,0.0021501075053752686,8,6,49880,49924,101,63,0,0,0,0,0,0,99794,0,0,0,0,0,0,0,0,0,0,201,0,0,0,0,0,0
99,2738,100.0707248580597,99994,4,4,2,0,134,81,0.0021501290077404643,10,8,49878,49922,104,64,0,0,0,0,0,0,99789,0,0,0,0,0,0,0,0,0,0,205,0,0,0,0,0,0
100,2738,101.00280491966701,99994,4,6,2,0,135,83,0.002180130807848471,13,6,49874,49923,105,63,0,0,0,0,0,0,99788,0,0,0,0,0,0,0,0,0,0,206,0,0,0,0,0,0
101,2738,102.01096637877848,99994,6,6,2,0,139,87,0.002260135608136488,10,3,49875,49922,105,67,0,0,0,0,0,0,99782,0,0,0,0,0,0,0,0,0,0,212,0,0,0,0,0,0
102,2738,103.08074123897967,99994,3,5,2,0,140,88,0.0022801368082084926,10,2,49874,49922,109,69,0,0,0,0,0,0,99776,0,0,0,0,0,0,0,0,0,0,218,0,0,0,0,0,0
103,2738,104.2932420137562,99994,4,4,2,0,143,88,0.002310138608316499,8,3,49873,49921,111,70,0,0,0,0,0,0,99773,0,0,0,0,0,0,0,0,0,0,221,0,0,0,0,0,0
104,2738,105.2836972296345,99994,5,4,2,0,144,88,0.002320139208352501,7,4,49874,49920,110,70,0,0,0,0,0,0,99773,0,0,0,0,0,0,0,0,0,0,221,0,0,0,0,0,0
105,2738,106.07734510748838,99994,6,4,2,0,145,89,0.0023401404084245053,6,3,49874,49920,110,71,0,0,0,0,0,0,99772,0,0,0,0,0,0,0,0,0,0,222,0,0,0,0,0,0
106,2738,107.21802624879031,99994,6,3,2,0,146,89,0.0023501410084605075,8,3,49871,49920,111,72,0,0,0,0,0,0,99770,0,0,0,0,0,0,0,0,0,0,224,0,0,0,0,0,0
107,2738,108.26699536729788,99994,9,4,2,0,149,91,0.0024001440086405183,8,2,49868,49920,111,72,0,0,0,0,0,0,99769,0,0,0,0,0,0,0,0,0,0,225,0,0,0,0,0,0
108,2738,109.0701376601259,99994,10,3,2,0,152,91,0.002430145808748525,6,2,49867,49920,113,73,0,0,0,0,0,0,99766,0,0,0,0,0,0,0,0,0,0,228,0,0,0,0,0,0
109,2738,110.0305707556255,99994,9,3,2,0,153,91,0.002440146408784527,8,2,49864,49920,115,73,0,0,0,0,0,0,99764,0,0,0,0,0,0,0,0,0,0,230,0,0,0,0,0,0
110,2738,111.26617884544643,99994,11,5,2,0,155,93,0.002480148808928536,9,0,49861,49920,115,73,0,0,0,0,0,0,99764,0,0,0,0,0,0,0,0,0,0,230,0,0,0,0,0,0
111,2738,112.01735062583866,99994,8,4,2,0,156,94,0.00250015000900054,8,0,49861,49919,119,75,0,0,0,0,0,0,99758,0,0,0,0,0,0,0,0,0,0,236,0,0,0,0,0,0
112,2738,113.0237756727795,99994,9,2,2,0,160,94,0.0025401524091445485,4,0,49861,49920,122,76,0,0,0,0,0,0,99753,0,0,0,0,0,0,0,0,0,0,241,0,0,0,0,0,0
113,2738,114.05346852694483,99994,9,2,2,0,161,94,0.0025501530091805507,5,0,49860,49920,122,76,0,0,0,0,0,0,99752,0,0,0,0,0,0,0,0,0,0,242,0,0,0,0,0,0
114,2738,115.16803343710662,99994,10,2,2,0,162,94,0.002560153609216553,5,1,49860,49919,121,76,0,0,0,0,0,0,99752,0,0,0,0,0,0,0,0,0,0,242,0,0,0,0,0,0
115,2738,116.01281274198573,99994,12,2,2,0,164,94,0.0025801548092885575,3,3,49861,49917,120,76,0,0,0,0,0,0,99752,0,0,0,0,0,0,0,0,0,0,242,0,0,0,0,0,0
116,2738,117.29681283299556,99994,14,5,2,0,166,97,0.0026301578094685683,3,1,49859,49918,120,74,0,0,0,0,0,0,99752,0,0,0,0,0,0,0,0,0,0,242,0,0,0,0,0,0
117,2738,118.08421808514385,99994,12,6,2,0,166,98,0.00264015840950457,4,1,49860,49918,120,73,0,0,0,0,0,0,99750,0,0,0,0,0,0,0,0,0,0,244,0,0,0,0,0,0
118,2738,119.08553624677003,99994,14,6,2,0,168,99,0.002670160209612577,4,1,49858,49917,120,74,0,0,0,0,0,0,99749,0,0,0,0,0,0,0,0,0,0,245,0,0,0,0,0,0
119,2738,120.0997375700607,99994,12,4,2,0,168,99,0.002670160209612577,5,1,49857,49917,122,76,0,0,0,0,0,0,99745,0,0,0,0,0,0,0,0,0,0,249,0,0,0,0,0,0
120,2738,121.20055314783188,99994,12,3,2,0,169,99,0.002680160809648579,5,2,49856,49917,123,76,0,0,0,0,0,0,99743,0,0,0,0,0,0,0,0,0,0,251,0,0,0,0,0,0
121,2738,122.02853929852789,99994,14,3,2,0,171,100,0.0027101626097565854,6,2,49853,49916,123,77,0,0,0,0,0,0,99742,0,0,0,0,0,0,0,0,0,0,252,0,0,0,0,0,0
122,2738,123.11369320501076,99994,15,2,2,0,172,100,0.0027201632097925877,6,3,49853,49915,122,78,0,0,0,0,0,0,99741,0,0,0,0,0,0,0,0,0,0,253,0,0,0,0,0,0
123,2738,124.1004333838746,99994,12,1,2,0,172,100,0.0027201632097925877,8,4,49851,49915,125,78,0,0,0,0,0,0,99737,0,0,0,0,0,0,0,0,0,0,257,0,0,0,0,0,0
124,2738,125.00040241746629,99994,9,2,2,0,172,101,0.00273016380982859,8,3,49851,49915,128,78,0,0,0,0,0,0,99734,0,0,0,0,0,0,0,0,0,0,260,0,0,0,0,0,0
125,2738,126.01865724744901,99994,9,2,2,0,176,102,0.0027801668100086007,5,3,49850,49914,132,79,0,0,0,0,0,0,99729,0,0,0,0,0,0,0,0,0,0,265,0,0,0,0,0,0
126,2738,127.20899564482447,99994,9,4,2,0,178,104,0.0028201692101526093,4,3,49850,49912,133,79,0,0,0,0,0,0,99727,0,0,0,0,0,0,0,0,0,0,267,0,0,0,0,0,0
127,2738,128.04594032574275,99994,8,4,2,0,178,104,0.0028201692101526093,5,3,49849,49912,134,79,0,0,0,0,0,0,99726,0,0,0,0,0,0,0,0,0,0,268,0,0,0,0,0,0
128,2738,129.15270998146707,99994,10,4,2,0,181,105,0.002860171610296618,3,5,49848,49909,135,80,0,0,0,0,0,0,99724,0,0,0,0,0,0,0,0,0,0,270,0,0,0,0,0,0
129,2738,130.0086767274837,99994,11,4,2,0,183,106,0.002890173410404624,3,4,49846,49909,136,81,0,0,0,0,0,0,99722,0,0,0,0,0,0,0,0,0,0,272,0,0,0,0,0,0
130,2738,131.01026381754366,99994,10,5,2,0,184,107,0.0029101746104766286,4,4,49844,49908,138,81,0,0,0,0,0,0,99720,0,0,0,0,0,0,0,0,0,0,274,0,0,0,0,0,0
131,2738,132.32524092804303,99994,8,4,2,0,184,107,0.0029101746104766286,7,4,49841,49908,140,82,0,0,0,0,0,0,99717,0,0,0,0,0,0,0,0,0,0,277,0,0,0,0,0,0
132,2738,133.22809300099328,99994,9,4,2,0,186,107,0.002930175810548633,6,4,49840,49908,141,82,0,0,0,0,0,0,99716,0,0,0,0,0,0,0,0,0,0,278,0,0,0,0,0,0
133,2738,134.2713480497854,99994,9,5,2,0,187,108,0.002950177010620637,5,3,49840,49908,142,82,0,0,0,0,0,0,99715,0,0,0,0,0,0,0,0,0,0,279,0,0,0,0,0,0
134,2738,135.01704590571075,99994,6,4,2,0,187,109,0.0029601776106566394,7,2,49838,49908,145,84,0,0,0,0,0,0,99710,0,0,0,0,0,0,0,0,0,0,284,0,0,0,0,0,0
135,2738,136.03665935549262,99994,8,4,2,0,189,110,0.0029901794107646457,5,3,49839,49906,144,85,0,0,0,0,0,0,99709,0,0,0,0,0,0,0,0,0,0,285,0,0,0,0,0,0
136,2738,137.0550841968002,99994,10,5,2,0,191,111,0.0030201812108726525,4,2,49839,49907,143,84,0,0,0,0,0,0,99709,0,0,0,0,0,0,0,0,0,0,285,0,0,0,0,0,0
137,2738,138.14701805350938,99994,10,5,2,0,193,111,0.0030401824109446566,4,3,49837,49906,145,84,0,0,0,0,0,0,99707,0,0,0,0,0,0,0,0,0,0,287,0,0,0,0,0,0
138,2738,139.00476496634707,99994,9,4,2,0,193,111,0.0030401824109446566,5,4,49837,49906,145,84,0,0,0,0,0,0,99705,0,0,0,0,0,0,0,0,0,0,289,0,0,0,0,0,0
139,2738,140.01551338549356,99994,9,4,2,0,194,111,0.003050183010980659,5,4,49836,49906,146,84,0,0,0,0,0,0,99704,0,0,0,0,0,0,0,0,0,0,290,0,0,0,0,0,0
140,2738,141.024134044569,99994,8,5,2,0,194,112,0.003060183611016661,5,5,49836,49904,147,84,0,0,0,0,0,0,99703,0,0,0,0,0,0,0,0,0,0,291,0,0,0,0,0,0
141,2738,142.03758116041928,99994,11,4,2,0,198,114,0.003120187211232674,4,4,49833,49903,148,87,0,0,0,0,0,0,99699,0,0,0,0,0,0,0,0,0,0,295,0,0,0,0,0,0
142,2738,143.01309308615313,99994,11,5,2,0,199,115,0.003140188411304678,3,5,49835,49901,147,87,0,0,0,0,0,0,99698,0,0,0,0,0,0,0,0,0,0,296,0,0,0,0,0,0
143,2738,144.21947527200362,99994,12,7,2,0,201,118,0.003190191411484689,3,3,49833,49900,148,88,0,0,0,0,0,0,99696,0,0,0,0,0,0,0,0,0,0,298,0,0,0,0,0,0
144,2738,145.163482059212,99994,13,7,2,0,202,120,0.0032201932115926957,4,3,49832,49898,147,90,0,0,0,0,0,0,99694,0,0,0,0,0,0,0,0,0,0,300,0,0,0,0,0,0
145,2738,146.3282670514905,99994,13,5,2,0,204,120,0.0032401944116647,6,3,49830,49898,147,92,0,0,0,0,0,0,99690,0,0,0,0,0,0,0,0,0,0,304,0,0,0,0,0,0
146,2738,147.26309489754806,99994,14,5,2,0,206,120,0.0032601956117367043,5,4,49830,49898,147,91,0,0,0,0,0,0,99689,0,0,0,0,0,0,0,0,0,0,305,0,0,0,0,0,0
147,2738,148.0196802912835,99994,15,8,2,0,210,124,0.0033402004120247214,2,0,49830,49898,149,92,0,0,0,0,0,0,99685,0,0,0,0,0,0,0,0,0,0,309,0,0,0,0,0,0
148,2738,149.1323770425315,99994,15,6,2,0,211,124,0.0033502010120607236,4,0,49829,49898,148,94,0,0,0,0,0,0,99682,0,0,0,0,0,0,0,0,0,0,312,0,0,0,0,0,0
149,2738,150.1989529938476,99994,15,5,2,0,214,124,0.00338020281216873,1,1,49830,49897,150,95,0,0,0,0,0,0,99678,0,0,0,0,0,0,0,0,0,0,316,0,0,0,0,0,0
150,2738,151.0890926491951,99994,15,5,2,0,215,125,0.0034002040122407345,2,0,49828,49898,151,95,0,0,0,0,0,0,99676,0,0,0,0,0,0,0,0,0,0,318,0,0,0,0,0,0
151,2738,152.0221210202426,99994,13,5,2,0,215,125,0.0034002040122407345,5,1,49825,49897,153,95,0,0,0,0,0,0,99674,0,0,0,0,0,0,0,0,0,0,320,0,0,0,0,0,0
152,2738,153.16597819230586,99994,11,5,2,0,216,125,0.0034102046122767367,6,4,49823,49895,156,94,0,0,0,0,0,0,99671,0,0,0,0,0,0,0,0,0,0,323,0,0,0,0,0,0
153,2738,154.11418597608196,99993,12,6,3,0,218,127,0.0034502415169061834,6,2,49821,49895,156,95,0,0,0,0,0,0,99669,0,0,0,0,0,0,0,0,0,0,324,0,0,0,0,0,0
154,2738,155.1099022783068,99993,11,5,3,0,218,128,0.003460242216955187,9,4,49819,49892,156,97,0,0,0,0,0,0,99666,0,0,0,0,0,0,0,0,0,0,327,0,0,0,0,0,0
155,2738,156.17979135022924,99993,10,5,3,0,221,129,0.0035002450171512005,7,3,49818,49892,160,98,0,0,0,0,0,0,99661,0,0,0,0,0,0,0,0,0,0,332,0,0,0,0,0,0
156,2738,157.02813117445456,99993,11,5,3,0,223,129,0.0035202464172492073,7,4,49816,49891,161,98,0,0,0,0,0,0,99660,0,0,0,0,0,0,0,0,0,0,333,0,0,0,0,0,0
157,2738,158.19865158270846,99993,10,6,3,0,226,130,0.0035602492174452213,6,6,49814,49888,165,98,0,0,0,0,0,0,99656,0,0,0,0,0,0,0,0,0,0,337,0,0,0,0,0,0
158,2738,159.21143921801385,99993,10,8,3,0,229,132,0.0036102527176902384,6,6,49812,49887,167,97,0,0,0,0,0,0,99653,0,0,0,0,0,0,0,0,0,0,340,0,0,0,0,0,0
159,2738,160.13292320441266,99993,7,7,3,0,230,133,0.003630254117788245,5,5,49812,49888,171,98,0,0,0,0,0,0,99647,0,0,0,0,0,0,0,0,0,0,346,0,0,0,0,0,0
160,2738,161.0691764472049,99993,9,9,3,0,234,136,0.003700259018131269,2,3,49811,49888,173,98,0,0,0,0,0,0,99644,0,0,0,0,0,0,0,0,0,0,349,0,0,0,0,0,0
161,2738,162.19468946146156,99993,5,5,3,0,235,137,0.003720260418229276,2,2,49810,49888,178,103,0,0,0,0,0,0,99634,0,0,0,0,0,0,0,0,0,0,359,0,0,0,0,0,0
162,2738,163.18313105087503,99993,4,4,3,0,235,137,0.003720260418229276,2,2,49811,49889,178,103,0,0,0,0,0,0,99632,0,0,0,0,0,0,0,0,0,0,361,0,0,0,0,0,0
163,2738,164.2818431809986,99993,4,4,3,0,235,137,0.003720260418229276,3,2,49811,49889,177,103,0,0,0,0,0,0,99632,0,0,0,0,0,0,0,0,0,0,361,0,0,0,0,0,0
164,2738,165.15471373880777,99993,4,4,3,0,235,138,0.0037302611182782794,5,1,49809,49889,177,104,0,0,0,0,0,0,99631,0,0,0,0,0,0,0,0,0,0,362,0,0,0,0,0,0
165,2738,166.25061278755047,99993,3,3,3,0,235,138,0.0037302611182782794,6,1,49808,49892,178,102,0,0,0,0,0,0,99629,0,0,0,0,0,0,0,0,0,0,364,0,0,0,0,0,0
166,2738,167.2424027254059,99993,4,3,3,0,236,138,0.003740261818327283,5,1,49809,49892,177,102,0,0,0,0,0,0,99629,0,0,0,0,0,0,0,0,0,0,364,0,0,0,0,0,0
167,2738,168.32537281024312,99993,4,3,3,0,237,138,0.003750262518376286,4,3,49810,49890,177,102,0,0,0,0,0,0,99628,0,0,0,0,0,0,0,0,0,0,365,0,0,0,0,0,0
168,2738,169.02271662726605,99993,3,3,3,0,237,138,0.003750262518376286,4,3,49810,49890,178,102,0,0,0,0,0,0,99627,0,0,0,0,0,0,0,0,0,0,366,0,0,0,0,0,0
169,2738,170.05170939042745,99993,3,2,3,0,238,139,0.0037702639184742934,3,2,49810,49890,179,104,0,0,0,0,0,0,99624,0,0,0,0,0,0,0,0,0,0,369,0,0,0,0,0,0
170,2738,171.08039050539475,99993,3,3,3,0,239,140,0.0037902653185723,3,3,49809,49889,180,103,0,0,0,0,0,0,99623,0,0,0,0,0,0,0,0,0,0,370,0,0,0,0,0,0
171,2738,172.02504383584002,99993,3,3,3,0,240,141,0.003810266718670307,2,2,49810,49889,180,104,0,0,0,0,0,0,99621,0,0,0,0,0,0,0,0,0,0,372,0,0,0,0,0,0
172,2738,173.1413619653184,99993,4,4,3,0,242,143,0.0038502695188663205,0,0,49811,49890,180,104,0,0,0,0,0,0,99619,0,0,0,0,0,0,0,0,0,0,374,0,0,0,0,0,0
173,2738,174.11081891199098,99993,3,3,3,0,242,143,0.0038502695188663205,0,0,49812,49891,180,104,0,0,0,0,0,0,99617,0,0,0,0,0,0,0,0,0,0,376,0,0,0,0,0,0
174,2738,175.16519435703637,99993,1,1,3,0,242,143,0.0038502695188663205,0,0,49812,49891,182,106,0,0,0,0,0,0,99613,0,0,0,0,0,0,0,0,0,0,380,0,0,0,0,0,0
175,2738,176.15699328420885,99993,1,1,3,0,242,143,0.0038502695188663205,0,0,49813,49892,181,105,0,0,0,0,0,0,99613,0,0,0,0,0,0,0,0,0,0,380,0,0,0,0,0,0
176,2738,177.14877223491968,99993,1,1,3,0,242,143,0.0038502695188663205,0,0,49815,49892,179,105,0,0,0,0,0,0,99613,0,0,0,0,0,0,0,0,0,0,380,0,0,0,0,0,0
177,2738,178.14051793732057,99993,1,1,3,0,242,143,0.0038502695188663205,0,0,49815,49892,179,105,0,0,0,0,0,0,99613,0,0,0,0,0,0,0,0,0,0,380,0,0,0,0,0,0
178,2738,179.3048217838716,99993,0,0,3,0,242,143,0.0038502695188663205,0,0,49815,49892,180,106,0,0,0,0,0,0,99611,0,0,0,0,0,0,0,0,0,0,382,0,0,0,0,0,0
179,2738,180.29658400027554,99993,0,0,3,0,242,143,0.0038502695188663205,0,0,49815,49892,180,106,0,0,0,0,0,0,99611,0,0,0,0,0,0,0,0,0,0,382,0,0,0,0,0,0
180,2738,181.2883462034497,99993,0,0,3,0,242,143,0.0038502695188663205,0,0,49817,49893,178,105,0,0,0,0,0,0,99611,0,0,0,0,0,0,0,0,0,0,382,0,0,0,0,0,0
181,2738,182.28007513370582,99993,0,0,3,0,242,143,0.0038502695188663205,0,0,49817,49893,178,105,0,0,0,0,0,0,99611,0,0,0,0,0,0,0,0,0,0,382,0,0,0,0,0,0
182,2738,183.27179741483044,99993,0,0,3,0,242,143,0.0038502695188663205,0,0,49818,49894,177,104,0,0,0,0,0,0,99611,0,0,0,0,0,0,0,0,0,0,382,0,0,0,0,0,0
183,2738,184.26349970994136,99993,0,0,3,0,242,143,0.0038502695188663205,0,0,49819,49894,176,104,0,0,0,0,0,0,99611,0,0,0,0,0,0,0,0,0,0,382,0,0,0,0,0,0
184,2738,185.25518205899314,99993,0,0,3,0,242,143,0.0038502695188663205,0,0,49820,49894,175,104,0,0,0,0,0,0,99611,0,0,0,0,0,0,0,0,0,0,382,0,0,0,0,0,0
185,2738,186.24684446305352,99993,0,0,3,0,242,143,0.0038502695188663205,0,0,49820,49894,175,104,0,0,0,0,0,0,99611,0,0,0,0,0,0,0,0,0,0,382,0,0,0,0,0,0
186,2738,187.2385068671139,99993,0,0,3,0,242,143,0.0038502695188663205,0,0,49820,49895,175,103,0,0,0,0,0,0,99611,0,0,0,0,0,0,0,0,0,0,382,0,0,0,0,0,0
187,2738,188.23016258342557,99993,0,0,3,0,242,143,0.0038502695188663205,0,0,49821,49895,174,103,0,0,0,0,0,0,99611,0,0,0,0,0,0,0,0,0,0,382,0,0,0,0,0,0
188,2738,189.22180500361057,99993,0,0,3,0,242,143,0.0038502695188663205,0,0,49822,49895,173,103,0,0,0,0,0,0,99611,0,0,0,0,0,0,0,0,0,0,382,0,0,0,0,0,0
189,2738,190.2134274804062,99993,0,0,3,0,242,143,0.0038502695188663205,0,0,49822,49895,173,103,0,0,0,0,0,0,99611,0,0,0,0,0,0,0,0,0,0,382,0,0,0,0,0,0
190,2738,191.20504995720185,99993,0,0,3,0,242,143,0.0038502695188663205,0,0,49823,49896,172,102,0,0,0,0,0,0,99611,0,0,0,0,0,0,0,0,0,0,382,0,0,0,0,0,0
191,2738,192.19664581769095,99993,0,0,3,0,242,143,0.0038502695188663205,0,0,49824,49896,171,102,0,0,0,0,0,0,99611,0,0,0,0,0,0,0,0,0,0,382,0,0,0,0,0,0
192,2738,193.1882283572,99993,0,0,3,0,242,143,0.0038502695188663205,0,0,49824,49899,171,99,0,0,0,0,0,0,99611,0,0,0,0,0,0,0,0,0,0,382,0,0,0,0,0,0
193,2738,194.17981080411727,99993,0,0,3,0,242,143,0.0038502695188663205,0,0,49825,49899,170,99,0,0,0,0,0,0,99611,0,0,0,0,0,0,0,0,0,0,382,0,0,0,0,0,0
194,2738,195.1713732968226,99993,0,0,3,0,242,143,0.0038502695188663205,0,0,49826,49899,169,99,0,0,0,0,0,0,99611,0,0,0,0,0,0,0,0,0,0,382,0,0,0,0,0,0
195,2738,196.16291584934368,99993,0,0,3,0,242,143,0.0038502695188663205,0,0,49827,49900,168,98,0,0,0,0,0,0,99611,0,0,0,0,0,0,0,0,0,0,382,0,0,0,0,0,0
196,2738,197.15444506926215,99993,0,0,3,0,242,143,0.0038502695188663205,0,0,49827,49901,168,97,0,0,0,0,0,0,99611,0,0,0,0,0,0,0,0,0,0,382,0,0,0,0,0,0
197,2738,198.14596760303988,99993,0,0,3,0,242,143,0.0038502695188663205,0,0,49828,49901,167,97,0,0,0,0,0,0,99611,0,0,0,0,0,0,0,0,0,0,382,0,0,0,0,0,0
198,2738,199.13747019823575,99993,0,0,3,0,242,143,0.0038502695188663205,0,0,49828,49901,167,97,0,0,0,0,0,0,99611,0,0,0,0,0,0,0,0,0,0,382,0,0,0,0,0,0
199,2738,200.12897279343161,99993,0,0,3,0,242,143,0.0038502695188663205,0,0,49829,49901,166,97,0,0,0,0,0,0,99611,0,0,0,0,0,0,0,0,0,0,382,0,0,0,0,0,0
200,2738,201.12046209677305,99993,0,0,3,0,242,143,0.0038502695188663205,0,0,49829,49901,166,97,0,0,0,0,0,0,99611,0,0,0,0,0,0,0,0,0,0,382,0,0,0,0,0,0
201,2738,202.11194475418728,99993,0,0,3,0,242,143,0.0038502695188663205,0,0,49830,49901,165,97,0,0,0,0,0,0,99611,0,0,0,0,0,0,0,0,0,0,382,0,0,0,0,0,0
202,2738,203.1034141202806,99993,0,0,3,0,242,143,0.0038502695188663205,0,0,49830,49901,165,97,0,0,0,0,0,0,99611,0,0,0,0,0,0,0,0,0,0,382,0,0,0,0,0,0
203,2738,204.09487684071348,99993,0,0,3,0,242,143,0.0038502695188663205,0,0,49830,49901,165,97,0,0,0,0,0,0,99611,0,0,0,0,0,0,0,0,0,0,382,0,0,0,0,0,0
204,2738,205.08633291575262,99993,0,0,3,0,242,143,0.0038502695188663205,0,0,49832,49901,163,97,0,0,0,0,0,0,99611,0,0,0,0,0,0,0,0,0,0,382,0,0,0,0,0,0
205,2738,206.0777557646232,99993,0,0,3,0,242,143,0.0038502695188663205,0,0,49833,49901,162,97,0,0,0,0,0,0,99611,0,0,0,0,0,0,0,0,0,0,382,0,0,0,0,0,0
206,2738,207.0691586789128,99993,0,0,3,0,242,143,0.0038502695188663205,0,0,49834,49901,161,97,0,0,0,0,0,0,99611,0,0,0,0,0,0,0,0,0,0,382,0,0,0,0,0,0
207,2738,208.0605416594215,99993,0,0,3,0,242,143,0.0038502695188663205,0,0,49835,49901,160,97,0,0,0,0,0,0,99611,0,0,0,0,0,0,0,0,0,0,382,0,0,0,0,0,0
208,2738,209.0519113512762,99993,0,0,3,0,242,143,0.0038502695188663205,0,0,49835,49902,160,96,0,0,0,0,0,0,99611,0,0,0,0,0,0,0,0,0,0,382,0,0,0,0,0,0
209,2738,210.0432743591305,99993,0,0,3,0,242,143,0.0038502695188663205,0,0,49835,49902,160,96,0,0,0,0,0,0,99611,0,0,0,0,0,0,0,0,0,0,382,0,0,0,0,0,0
210,2738,211.03463736698478,99993,0,0,3,0,242,143,0.0038502695188663205,0,0,49836,49902,159,96,0,0,0,0,0,0,99611,0,0,0,0,0,0,0,0,0,0,382,0,0,0,0,0,0
211,2738,212.02597379886546,99993,0,0,3,0,242,143,0.0038502695188663205,0,0,49837,49902,158,96,0,0,0,0,0,0,99611,0,0,0,0,0,0,0,0,0,0,382,0,0,0,0,0,0
212,2738,213.01729694315924,99993,0,0,3,0,242,143,0.0038502695188663205,0,0,49837,49902,158,96,0,0,0,0,0,0,99611,0,0,0,0,0,0,0,0,0,0,382,0,0,0,0,0,0
213,2738,214.008620087453,99993,0,0,3,0,242,143,0.0038502695188663205,0,0,49837,49902,158,96,0,0,0,0,0,0,99611,0,0,0,0,0,0,0,0,0,0,382,0,0,0,0,0,0
214,2738,215.3303709927911,99993,0,0,3,0,242,143,0.0038502695188663205,0,0,49838,49902,157,96,0,0,0,0,0,0,99611,0,0,0,0,0,0,0,0,0,0,382,0,0,0,0,0,0
215,2738,216.32167419328078,99993,0,0,3,0,242,143,0.0038502695188663205,0,0,49838,49904,157,94,0,0,0,0,0,0,99611,0,0,0,0,0,0,0,0,0,0,382,0,0,0,0,0,0
216,2738,217.31297732765205,99993,0,0,3,0,242,143,0.0038502695188663205,0,0,49840,49904,155,94,0,0,0,0,0,0,99611,0,0,0,0,0,0,0,0,0,0,382,0,0,0,0,0,0
217,2738,218.30425388951772,99993,0,0,3,0,242,143,0.0038502695188663205,0,0,49840,49904,155,94,0,0,0,0,0,0,99611,0,0,0,0,0,0,0,0,0,0,382,0,0,0,0,0,0
218,2738,219.29551715190746,99993,0,0,3,0,242,143,0.0038502695188663205,0,0,49841,49905,154,93,0,0,0,0,0,0,99611,0,0,0,0,0,0,0,0,0,0,382,0,0,0,0,0,0
219,2738,220.28676710239836,99993,0,0,3,0,242,143,0.0038502695188663205,0,0,49841,49906,154,92,0,0,0,0,0,0,99611,0,0,0,0,0,0,0,0,0,0,382,0,0,0,0,0,0
220,2738,221.27801038371726,99993,0,0,3,0,242,143,0.0038502695188663205,0,0,49842,49906,153,92,0,0,0,0,0,0,99611,0,0,0,0,0,0,0,0,0,0,382,0,0,0,0,0,0
221,2738,222.26923372443486,99993,0,0,3,0,242,143,0.0038502695188663205,0,0,49842,49906,153,92,0,0,0,0,0,0,99611,0,0,0,0,0,0,0,0,0,0,382,0,0,0,0,0,0
222,2738,223.26045706515245,99993,0,0,3,0,242,143,0.0038502695188663205,0,0,49843,49906,152,92,0,0,0,0,0,0,99611,0,0,0,0,0,0,0,0,0,0,382,0,0,0,0,0,0
223,2738,224.251647195705,99993,0,0,3,0,242,143,0.0038502695188663205,0,0,49846,49906,149,92,0,0,0,0,0,0,99611,0,0,0,0,0,0,0,0,0,0,382,0,0,0,0,0,0
224,2738,225.24279747629814,99993,0,0,3,0,242,143,0.0038502695188663205,0,0,49846,49907,149,91,0,0,0,0,0,0,99611,0,0,0,0,0,0,0,0,0,0,382,0,0,0,0,0,0
225,2738,226.23394108905475,99993,0,0,3,0,242,143,0.0038502695188663205,0,0,49847,49907,148,91,0,0,0,0,0,0,99611,0,0,0,0,0,0,0,0,0,0,382,0,0,0,0,0,0
226,2738,227.2250647652098,99993,0,0,3,0,242,143,0.0038502695188663205,0,0,49847,49907,148,91,0,0,0,0,0,0,99611,0,0,0,0,0,0,0,0,0,0,382,0,0,0,0,0,0
227,2738,228.21618844136484,99993,0,0,3,0,242,143,0.0038502695188663205,0,0,49847,49907,148,91,0,0,0,0,0,0,99611,0,0,0,0,0,0,0,0,0,0,382,0,0,0,0,0,0
228,2738,229.20731211751988,99993,0,0,3,0,242,143,0.0038502695188663205,0,0,49848,49908,147,90,0,0,0,0,0,0,99611,0,0,0,0,0,0,0,0,0,0,382,0,0,0,0,0,0
229,2738,230.19842248551245,99993,0,0,3,0,242,143,0.0038502695188663205,0,0,49849,49908,146,90,0,0,0,0,0,0,99611,0,0,0,0,0,0,0,0,0,0,382,0,0,0,0,0,0
230,2738,231.18951291823672,99993,0,0,3,0,242,143,0.0038502695188663205,0,0,49851,49908,144,90,0,0,0,0,0,0,99611,0,0,0,0,0,0,0,0,0,0,382,0,0,0,0,0,0
231,2738,232.1805635092648,99993,0,0,3,0,242,143,0.0038502695188663205,0,0,49852,49908,143,90,0,0,0,0,0,0,99611,0,0,0,0,0,0,0,0,0,0,382,0,0,0,0,0,0
232,2738,233.1715941806436,99993,0,0,3,0,242,143,0.0038502695188663205,0,0,49852,49909,143,89,0,0,0,0,0,0,99611,0,0,0,0,0,0,0,0,0,0,382,0,0,0,0,0,0
233,2738,234.16261817256824,99993,0,0,3,0,242,143,0.0038502695188663205,0,0,49852,49909,143,89,0,0,0,0,0,0,99611,0,0,0,0,0,0,0,0,0,0,382,0,0,0,0,0,0
234,2738,235.15364216449288,99993,0,0,3,0,242,143,0.0038502695188663205,0,0,49853,49909,142,89,0,0,0,0,0,0,99611,0,0,0,0,0,0,0,0,0,0,382,0,0,0,0,0,0
235,2738,236.14465286414253,99993,0,0,3,0,242,143,0.0038502695188663205,0,0,49853,49910,142,88,0,0,0,0,0,0,99611,0,0,0,0,0,0,0,0,0,0,382,0,0,0,0,0,0
236,2738,237.13565689782513,99993,0,0,3,0,242,143,0.0038502695188663205,0,0,49853,49910,142,88,0,0,0,0,0,0,99611,0,0,0,0,0,0,0,0,0,0,382,0,0,0,0,0,0
237,2738,238.12666093150773,99993,0,0,3,0,242,143,0.0038502695188663205,0,0,49855,49911,140,87,0,0,0,0,0,0,99611,0,0,0,0,0,0,0,0,0,0,382,0,0,0,0,0,0
238,2738,239.11763172976035,99993,0,0,3,0,242,143,0.0038502695188663205,0,0,49855,49912,140,86,0,0,0,0,0,0,99611,0,0,0,0,0,0,0,0,0,0,382,0,0,0,0,0,0
239,2738,240.1085958493608,99993,0,0,3,0,242,143,0.0038502695188663205,0,0,49855,49912,140,86,0,0,0,0,0,0,99611,0,0,0,0,0,0,0,0,0,0,382,0,0,0,0,0,0
240,2738,241.09955996896124,99993,0,0,3,0,242,143,0.0038502695188663205,0,0,49856,49912,139,86,0,0,0,0,0,0,99611,0,0,0,0,0,0,0,0,0,0,382,0,0,0,0,0,0
241,2738,242.09051081110604,99993,0,0,3,0,242,143,0.0038502695188663205,0,0,49857,49912,138,86,0,0,0,0,0,0,99611,0,0,0,0,0,0,0,0,0,0,382,0,0,0,0,0,0
242,2738,243.0814350991384,99993,0,0,3,0,242,143,0.0038502695188663205,0,0,49857,49912,138,86,0,0,0,0,0,0,99611,0,0,0,0,0,0,0,0,0,0,382,0,0,0,0,0,0
243,2738,244.07235938717074,99993,0,0,3,0,242,143,0.0038502695188663205,0,0,49858,49912,137,86,0,0,0,0,0,0,99611,0,0,0,0,0,0,0,0,0,0,382,0,0,0,0,0,0
244,2738,245.0632637606174,99993,0,0,3,0,242,143,0.0038502695188663205,0,0,49859,49912,136,86,0,0,0,0,0,0,99611,0,0,0,0,0,0,0,0,0,0,382,0,0,0,0,0,0
245,2738,246.05415484498806,99993,0,0,3,0,242,143,0.0038502695188663205,0,0,49859,49913,136,85,0,0,0,0,0,0,99611,0,0,0,0,0,0,0,0,0,0,382,0,0,0,0,0,0
246,2738,247.04503926499362,99993,0,0,3,0,242,143,0.0038502695188663205,0,0,49859,49913,136,85,0,0,0,0,0,0,99611,0,0,0,0,0,0,0,0,0,0,382,0,0,0,0,0,0
247,2738,248.03592368499918,99993,0,0,3,0,242,143,0.0038502695188663205,0,0,49860,49914,135,84,0,0,0,0,0,0,99611,0,0,0,0,0,0,0,0,0,0,382,0,0,0,0,0,0
248,2738,249.0267881658483,99993,0,0,3,0,242,143,0.0038502695188663205,0,0,49861,49914,134,84,0,0,0,0,0,0,99611,0,0,0,0,0,0,0,0,0,0,382,0,0,0,0,0,0
249,2738,250.01763272102536,99993,0,0,3,0,242,143,0.0038502695188663205,0,0,49862,49914,133,84,0,0,0,0,0,0,99611,0,0,0,0,0,0,0,0,0,0,382,0,0,0,0,0,0
250,2738,251.00845736481332,99993,0,0,3,0,242,143,0.0038502695188663205,0,0,49862,49914,133,84,0,0,0,0,0,0,99611,0,0,0,0,0,0,0,0,0,0,382,0,0,0,0,0,0
251,2738,252.32955688986394,99993,0,0,3,0,242,143,0.0038502695188663205,0,0,49862,49915,133,83,0,0,0,0,0,0,99611,0,0,0,0,0,0,0,0,0,0,382,0,0,0,0,0,0
252,2738,253.32038150721732,99993,0,0,3,0,242,143,0.0038502695188663205,0,0,49864,49916,131,82,0,0,0,0,0,0,99611,0,0,0,0,0,0,0,0,0,0,382,0,0,0,0,0,0
253,2738,254.31117288845158,99993,0,0,3,0,242,143,0.0038502695188663205,0,0,49866,49916,129,82,0,0,0,0,0,0,99611,0,0,0,0,0,0,0,0,0,0,382,0,0,0,0,0,0
254,2738,255.3019244514363,99993,0,0,3,0,242,143,0.0038502695188663205,0,0,49866,49916,129,82,0,0,0,0,0,0,99611,0,0,0,0,0,0,0,0,0,0,382,0,0,0,0,0,0
255,2738,256.2926693783566,99993,0,0,3,0,242,143,0.0038502695188663205,0,0,49866,49916,129,82,0,0,0,0,0,0,99611,0,0,0,0,0,0,0,0,0,0,382,0,0,0,0,0,0
256,2738,257.283414305277,99993,0,0,3,0,242,143,0.0038502695188663205,0,0,49866,49916,129,82,0,0,0,0,0,0,99611,0,0,0,0,0,0,0,0,0,0,382,0,0,0,0,0,0
257,2738,258.2741592321974,99993,0,0,3,0,242,143,0.0038502695188663205,0,0,49867,49917,128,81,0,0,0,0,0,0,99611,0,0,0,0,0,0,0,0,0,0,382,0,0,0,0,0,0
258,2738,259.264884225291,99993,0,0,3,0,242,143,0.0038502695188663205,0,0,49868,49917,127,81,0,0,0,0,0,0,99611,0,0,0,0,0,0,0,0,0,0,382,0,0,0,0,0,0
259,2738,260.255595934105,99993,0,0,3,0,242,143,0.0038502695188663205,0,0,49868,49917,127,81,0,0,0,0,0,0,99611,0,0,0,0,0,0,0,0,0,0,382,0,0,0,0,0,0
260,2738,261.24630100738716,99993,0,0,3,0,242,143,0.0038502695188663205,0,0,49868,49917,127,81,0,0,0,0,0,0,99611,0,0,0,0,0,0,0,0,0,0,382,0,0,0,0,0,0
261,2738,262.23700608066935,99993,0,0,3,0,242,143,0.0038502695188663205,0,0,49869,49917,126,81,0,0,0,0,0,0,99611,0,0,0,0,0,0,0,0,0,0,382,0,0,0,0,0,0
262,2738,263.2276912481544,99993,0,0,3,0,242,143,0.0038502695188663205,0,0,49869,49917,126,81,0,0,0,0,0,0,99611,0,0,0,0,0,0,0,0,0,0,382,0,0,0,0,0,0
263,2738,264.2183764156394,99993,0,0,3,0,242,143,0.0038502695188663205,0,0,49870,49917,125,81,0,0,0,0,0,0,99611,0,0,0,0,0,0,0,0,0,0,382,0,0,0,0,0,0
264,2738,265.20904831312515,99993,0,0,3,0,242,143,0.0038502695188663205,0,0,49870,49917,125,81,0,0,0,0,0,0,99611,0,0,0,0,0,0,0,0,0,0,382,0,0,0,0,0,0
265,2738,266.19971357561127,99993,0,0,3,0,242,143,0.0038502695188663205,0,0,49871,49918,124,80,0,0,0,0,0,0,99611,0,0,0,0,0,0,0,0,0,0,382,0,0,0,0,0,0
266,2738,267.190358907467,99993,0,0,3,0,242,143,0.0038502695188663205,0,0,49871,49918,124,80,0,0,0,0,0,0,99611,0,0,0,0,0,0,0,0,0,0,382,0,0,0,0,0,0
267,2738,268.18099759164056,99993,0,0,3,0,242,143,0.0038502695188663205,0,0,49873,49918,122,80,0,0,0,0,0,0,99611,0,0,0,0,0,0,0,0,0,0,382,0,0,0,0,0,0
268,2738,269.17160973847757,99993,0,0,3,0,242,143,0.0038502695188663205,0,0,49873,49918,122,80,0,0,0,0,0,0,99611,0,0,0,0,0,0,0,0,0,0,382,0,0,0,0,0,0
269,2738,270.16220861717835,99993,0,0,3,0,242,143,0.0038502695188663205,0,0,49874,49918,121,80,0,0,0,0,0,0,99611,0,0,0,0,0,0,0,0,0,0,382,0,0,0,0,0,0
270,2738,271.15278759433977,99993,0,0,3,0,242,143,0.0038502695188663205,0,0,49875,49918,120,80,0,0,0,0,0,0,99611,0,0,0,0,0,0,0,0,0,0,382,0,0,0,0,0,0
271,2738,272.143353304163,99993,0,0,3,0,242,143,0.0038502695188663205,0,0,49875,49918,120,80,0,0,0,0,0,0,99611,0,0,0,0,0,0,0,0,0,0,382,0,0,0,0,0,0
272,2738,273.1339190007724,99993,0,0,3,0,242,143,0.0038502695188663205,0,0,49875,49921,120,77,0,0,0,0,0,0,99611,0,0,0,0,0,0,0,0,0,0,382,0,0,0,0,0,0
273,2738,274.12448459167086,99993,0,0,3,0,242,143,0.0038502695188663205,0,0,49875,49922,120,76,0,0,0,0,0,0,99611,0,0,0,0,0,0,0,0,0,0,382,0,0,0,0,0,0
274,2738,275.1150435095257,99993,0,0,3,0,242,143,0.0038502695188663205,0,0,49876,49923,119,75,0,0,0,0,0,0,99611,0,0,0,0,0,0,0,0,0,0,382,0,0,0,0,0,0
275,2738,276.1055891209358,99993,0,0,3,0,242,143,0.0038502695188663205,0,0,49876,49923,119,75,0,0,0,0,0,0,99611,0,0,0,0,0,0,0,0,0,0,382,0,0,0,0,0,0
276,2738,277.0961347323459,99993,0,0,3,0,242,143,0.0038502695188663205,0,0,49876,49923,119,75,0,0,0,0,0,0,99611,0,0,0,0,0,0,0,0,0,0,382,0,0,0,0,0,0
277,2738,278.086680343756,99993,0,0,3,0,242,143,0.0038502695188663205,0,0,49876,49923,119,75,0,0,0,0,0,0,99611,0,0,0,0,0,0,0,0,0,0,382,0,0,0,0,0,0
278,2738,279.07722595516606,99993,0,0,3,0,242,143,0.0038502695188663205,0,0,49877,49923,118,75,0,0,0,0,0,0,99611,0,0,0,0,0,0,0,0,0,0,382,0,0,0,0,0,0
279,2738,280.0677516671689,99993,0,0,3,0,242,143,0.0038502695188663205,0,0,49877,49923,118,75,0,0,0,0,0,0,99611,0,0,0,0,0,0,0,0,0,0,382,0,0,0,0,0,0
280,2738,281.0582773791718,99993,0,0,3,0,242,143,0.0038502695188663205,0,0,49877,49923,118,75,0,0,0,0,0,0,99611,0,0,0,0,0,0,0,0,0,0,382,0,0,0,0,0,0
281,2738,282.04880309117465,99993,0,0,3,0,242,143,0.0038502695188663205,0,0,49877,49924,118,74,0,0,0,0,0,0,99611,0,0,0,0,0,0,0,0,0,0,382,0,0,0,0,0,0
282,2738,283.0393287635374,99993,0,0,3,0,242,143,0.0038502695188663205,0,0,49877,49924,118,74,0,0,0,0,0,0,99611,0,0,0,0,0,0,0,0,0,0,382,0,0,0,0,0,0
283,2738,284.0298544359002,99993,0,0,3,0,242,143,0.0038502695188663205,0,0,49877,49924,118,74,0,0,0,0,0,0,99611,0,0,0,0,0,0,0,0,0,0,382,0,0,0,0,0,0
284,2738,285.02038010826294,99993,0,0,3,0,242,143,0.0038502695188663205,0,0,49877,49924,118,74,0,0,0,0,0,0,99611,0,0,0,0,0,0,0,0,0,0,382,0,0,0,0,0,0
285,2738,286.0109057806257,99993,0,0,3,0,242,143,0.0038502695188663205,0,0,49877,49924,118,74,0,0,0,0,0,0,99611,0,0,0,0,0,0,0,0,0,0,382,0,0,0,0,0,0
286,2738,287.00143145298847,99993,0,0,3,0,242,143,0.0038502695188663205,0,0,49877,49924,118,74,0,0,0,0,0,0,99611,0,0,0,0,0,0,0,0,0,0,382,0,0,0,0,0,0
287,2738,288.32213234947216,99993,0,0,3,0,242,143,0.0038502695188663205,0,0,49877,49924,118,74,0,0,0,0,0,0,99611,0,0,0,0,0,0,0,0,0,0,382,0,0,0,0,0,0
288,2738,289.3126580218349,99993,0,0,3,0,242,143,0.0038502695188663205,0,0,49877,49924,118,74,0,0,0,0,0,0,99611,0,0,0,0,0,0,0,0,0,0,382,0,0,0,0,0,0
289,2738,290.3031770481151,99993,0,0,3,0,242,143,0.0038502695188663205,0,0,49879,49925,116,73,0,0,0,0,0,0,99611,0,0,0,0,0,0,0,0,0,0,382,0,0,0,0,0,0
290,2738,291.2936628844203,99993,0,0,3,0,242,143,0.0038502695188663205,0,0,49879,49925,116,73,0,0,0,0,0,0,99611,0,0,0,0,0,0,0,0,0,0,382,0,0,0,0,0,0
291,2738,292.2841487207255,99993,0,0,3,0,242,143,0.0038502695188663205,0,0,49879,49925,116,73,0,0,0,0,0,0,99611,0,0,0,0,0,0,0,0,0,0,382,0,0,0,0,0,0
292,2738,293.2746345570307,99993,0,0,3,0,242,143,0.0038502695188663205,0,0,49879,49926,116,72,0,0,0,0,0,0,99611,0,0,0,0,0,0,0,0,0,0,382,0,0,0,0,0,0
293,2738,294.2651203536975,99993,0,0,3,0,242,143,0.0038502695188663205,0,0,49879,49926,116,72,0,0,0,0,0,0,99611,0,0,0,0,0,0,0,0,0,0,382,0,0,0,0,0,0
294,2738,295.2556061503643,99993,0,0,3,0,242,143,0.0038502695188663205,0,0,49879,49926,116,72,0,0,0,0,0,0,99611,0,0,0,0,0,0,0,0,0,0,382,0,0,0,0,0,0
295,2738,296.2460919470311,99993,0,0,3,0,242,143,0.0038502695188663205,0,0,49881,49926,114,72,0,0,0,0,0,0,99611,0,0,0,0,0,0,0,0,0,0,382,0,0,0,0,0,0
296,2738,297.2365512148814,99993,0,0,3,0,242,143,0.0038502695188663205,0,0,49881,49927,114,71,0,0,0,0,0,0,99611,0,0,0,0,0,0,0,0,0,0,382,0,0,0,0,0,0
297,2738,298.22699717868653,99993,0,0,3,0,242,143,0.0038502695188663205,0,0,49882,49927,113,71,0,0,0,0,0,0,99611,0,0,0,0,0,0,0,0,0,0,382,0,0,0,0,0,0
298,2738,299.21742324707674,99993,0,0,3,0,242,143,0.0038502695188663205,0,0,49883,49928,112,70,0,0,0,0,0,0,99611,0,0,0,0,0,0,0,0,0,0,382,0,0,0,0,0,0
299,2738,300.20783602596526,99993,0,0,3,0,242,143,0.0038502695188663205,0,0,49884,49929,111,69,0,0,0,0,0,0,99611,0,0,0,0,0,0,0,0,0,0,382,0,0,0,0,0,0
300,2738,301.1982222266497,99993,0,0,3,0,242,143,0.0038502695188663205,0,0,49884,49929,111,69,0,0,0,0,0,0,99611,0,0,0,0,0,0,0,0,0,0,382,0,0,0,0,0,0
301,2738,302.18860842733415,99993,0,0,3,0,242,143,0.0038502695188663205,0,0,49884,49929,111,69,0,0,0,0,0,0,99611,0,0,0,0,0,0,0,0,0,0,382,0,0,0,0,0,0
302,2738,303.1789946280186,99993,0,0,3,0,242,143,0.0038502695188663205,0,0,49885,49929,110,69,0,0,0,0,0,0,99611,0,0,0,0,0,0,0,0,0,0,382,0,0,0,0,0,0
303,2738,304.16936756668935,99993,0,0,3,0,242,143,0.0038502695188663205,0,0,49885,49929,110,69,0,0,0,0,0,0,99611,0,0,0,0,0,0,0,0,0,0,382,0,0,0,0,0,0
304,2738,305.15973387435326,99993,0,0,3,0,242,143,0.0038502695188663205,0,0,49885,49929,110,69,0,0,0,0,0,0,99611,0,0,0,0,0,0,0,0,0,0,382,0,0,0,0,0,0
305,2738,306.1501001820172,99993,0,0,3,0,242,143,0.0038502695188663205,0,0,49885,49929,110,69,0,0,0,0,0,0,99611,0,0,0,0,0,0,0,0,0,0,382,0,0,0,0,0,0
306,2738,307.1404664896811,99993,0,0,3,0,242,143,0.0038502695188663205,0,0,49885,49929,110,69,0,0,0,0,0,0,99611,0,0,0,0,0,0,0,0,0,0,382,0,0,0,0,0,0
307,2738,308.1308261533931,99993,0,0,3,0,242,143,0.0038502695188663205,0,0,49886,49931,109,67,0,0,0,0,0,0,99611,0,0,0,0,0,0,0,0,0,0,382,0,0,0,0,0,0
308,2738,309.12117248956855,99993,0,0,3,0,242,143,0.0038502695188663205,0,0,49886,49931,109,67,0,0,0,0,0,0,99611,0,0,0,0,0,0,0,0,0,0,382,0,0,0,0,0,0
309,2738,310.111518825744,99993,0,0,3,0,242,143,0.0038502695188663205,0,0,49887,49931,108,67,0,0,0,0,0,0,99611,0,0,0,0,0,0,0,0,0,0,382,0,0,0,0,0,0
310,2738,311.1018452704956,99993,0,0,3,0,242,143,0.0038502695188663205,0,0,49887,49932,108,66,0,0,0,0,0,0,99611,0,0,0,0,0,0,0,0,0,0,382,0,0,0,0,0,0
311,2738,312.09216505861724,99993,0,0,3,0,242,143,0.0038502695188663205,0,0,49889,49932,106,66,0,0,0,0,0,0,99611,0,0,0,0,0,0,0,0,0,0,382,0,0,0,0,0,0
312,2738,313.08244505360597,99993,0,0,3,0,242,143,0.0038502695188663205,0,0,49891,49932,104,66,0,0,0,0,0,0,99611,0,0,0,0,0,0,0,0,0,0,382,0,0,0,0,0,0
313,2738,314.07269190100715,99993,0,0,3,0,242,143,0.0038502695188663205,0,0,49891,49932,104,66,0,0,0,0,0,0,99611,0,0,0,0,0,0,0,0,0,0,382,0,0,0,0,0,0
314,2738,315.0629387484083,99993,0,0,3,0,242,143,0.0038502695188663205,0,0,49891,49932,104,66,0,0,0,0,0,0,99611,0,0,0,0,0,0,0,0,0,0,382,0,0,0,0,0,0
315,2738,316.0531855958095,99993,0,0,3,0,242,143,0.0038502695188663205,0,0,49891,49932,104,66,0,0,0,0,0,0,99611,0,0,0,0,0,0,0,0,0,0,382,0,0,0,0,0,0
316,2738,317.0434324432107,99993,0,0,3,0,242,143,0.0038502695188663205,0,0,49891,49932,104,66,0,0,0,0,0,0,99611,0,0,0,0,0,0,0,0,0,0,382,0,0,0,0,0,0
317,2738,318.0336726614665,99993,0,0,3,0,242,143,0.0038502695188663205,0,0,49892,49932,103,66,0,0,0,0,0,0,99611,0,0,0,0,0,0,0,0,0,0,382,0,0,0,0,0,0
318,2738,319.0238929925518,99993,0,0,3,0,242,143,0.0038502695188663205,0,0,49893,49933,102,65,0,0,0,0,0,0,99611,0,0,0,0,0,0,0,0,0,0,382,0,0,0,0,0,0
319,2738,320.0141000394595,99993,0,0,3,0,242,143,0.0038502695188663205,0,0,49892,49933,102,64,1,1,1,1,0,0,99609,0,0,0,0,0,0,0,0,0,2,382,0,0,0,0,0,0
320,2738,321.0411878467956,99993,0,0,3,0,242,143,0.0038502695188663205,0,0,49892,49932,101,64,2,2,2,2,0,0,99607,0,0,0,0,0,0,0,0,0,4,382,0,0,0,0,0,0
321,2738,322.13530320211345,99993,0,0,3,0,242,143,0.0038502695188663205,0,0,49892,49932,100,63,3,3,3,3,0,0,99605,0,0,0,0,0,0,0,0,0,6,382,0,0,0,0,0,0
322,2738,323.10161492747966,99993,0,0,3,0,242,143,0.0038502695188663205,0,0,49891,49931,100,63,4,4,4,4,0,0,99603,0,0,0,0,0,0,0,0,0,8,382,0,0,0,0,0,0
323,2738,324.0784196338625,99993,0,0,3,0,242,143,0.0038502695188663205,0,0,49890,49930,100,63,5,5,5,5,0,0,99601,0,0,0,0,0,0,0,0,0,10,382,0,0,0,0,0,0
324,2738,325.08237952052554,99993,0,0,3,0,242,143,0.0038502695188663205,0,0,49889,49930,100,62,6,6,6,6,0,0,99599,0,0,0,0,0,0,0,0,0,12,382,0,0,0,0,0,0
325,2738,326.16996317481943,99993,0,0,3,0,242,143,0.0038502695188663205,0,0,49888,49929,100,62,7,7,7,7,0,0,99597,0,0,0,0,0,0,0,0,0,14,382,0,0,0,0,0,0
326,2738,327.06889104770954,99993,0,0,3,0,242,143,0.0038502695188663205,0,0,49888,49928,99,62,8,8,8,8,0,0,99595,0,0,0,0,0,0,0,0,0,16,382,0,0,0,0,0,0
327,2738,328.11841804469674,99993,0,0,3,0,242,143,0.0038502695188663205,0,0,49887,49927,99,62,9,9,9,9,0,0,99593,0,0,0,0,0,0,0,0,0,18,382,0,0,0,0,0,0
328,2738,329.1563156513719,99993,0,0,3,0,242,143,0.0038502695188663205,0,0,49888,49928,97,60,10,10,10,10,0,0,99591,0,0,0,0,0,0,0,0,0,20,382,0,0,0,0,0,0
329,2738,330.0932174367431,99993,0,0,3,0,242,143,0.0038502695188663205,0,0,49888,49928,96,59,11,11,11,11,0,0,99589,0,0,0,0,0,0,0,0,0,22,382,0,0,0,0,0,0
330,2738,331.057609978326,99993,0,0,3,0,242,143,0.0038502695188663205,0,0,49887,49929,96,57,12,12,12,12,0,0,99587,0,0,0,0,0,0,0,0,0,24,382,0,0,0,0,0,0
331,2738,332.0967185199799,99993,0,0,3,0,242,143,0.0038502695188663205,0,0,49886,49928,96,57,13,13,13,13,0,0,99585,0,0,0,0,0,0,0,0,0,26,382,0,0,0,0,0,0
332,2738,333.01937573455467,99993,0,0,3,0,242,143,0.0038502695188663205,0,0,49885,49927,96,57,14,14,14,14,0,0,99583,0,0,0,0,0,0,0,0,0,28,382,0,0,0,0,0,0
333,2738,334.0181389195063,99993,0,0,3,0,242,143,0.0038502695188663205,0,0,49884,49927,96,56,15,15,15,15,0,0,99581,0,0,0,0,0,0,0,0,0,30,382,0,0,0,0,0,0
334,2738,335.003433703811,99993,0,0,3,0,242,143,0.0038502695188663205,0,0,49883,49927,96,55,16,16,16,16,0,0,99579,0,0,0,0,0,0,0,0,0,32,382,0,0,0,0,0,0
335,2738,336.0067969173893,99993,0,0,3,0,242,143,0.0038502695188663205,0,0,49882,49926,96,55,17,17,17,17,0,0,99577,0,0,0,0,0,0,0,0,0,34,382,0,0,0,0,0,0
336,2738,337.0139430256622,99993,0,0,3,0,242,143,0.0038502695188663205,0,0,49882,49926,95,54,18,18,18,18,0,0,99575,0,0,0,0,0,0,0,0,0,36,382,0,0,0,0,0,0
337,2738,338.0187078766254,99993,0,0,3,0,242,143,0.0038502695188663205,0,0,49882,49925,94,54,19,19,19,19,0,0,99573,0,0,0,0,0,0,0,0,0,38,382,0,0,0,0,0,0
338,2738,339.0321936911363,99993,0,0,3,0,242,143,0.0038502695188663205,0,0,49881,49924,94,54,20,20,20,20,0,0,99571,0,0,0,0,0,0,0,0,0,40,382,0,0,0,0,0,0
339,2738,340.0568960107572,99993,0,0,3,0,242,143,0.0038502695188663205,0,0,49880,49923,94,54,21,21,21,21,0,0,99569,0,0,0,0,0,0,0,0,0,42,382,0,0,0,0,0,0
340,2738,341.0806096519134,99993,0,0,3,0,242,143,0.0038502695188663205,0,0,49879,49922,94,54,22,22,22,22,0,0,99567,0,0,0,0,0,0,0,0,0,44,382,0,0,0,0,0,0
341,2738,342.0710889615831,99993,0,0,3,0,242,143,0.0038502695188663205,0,0,49879,49921,94,54,22,23,23,23,0,0,99565,0,0,0,0,0,0,0,0,0,46,382,0,0,0,0,0,0
342,2738,343.06157494322906,99993,0,0,3,0,242,143,0.0038502695188663205,0,0,49878,49920,94,54,23,24,24,24,0,0,99563,0,0,0,0,0,0,0,0,0,48,382,0,0,0,0,0,0
343,2738,344.05207422972273,99993,0,0,3,0,242,143,0.0038502695188663205,0,0,49877,49919,94,54,24,25,25,25,0,0,99561,0,0,0,0,0,0,0,0,0,50,382,0,0,0,0,0,0
344,2738,345.0425934542017,99993,0,0,3,0,242,143,0.0038502695188663205,0,0,49875,49918,94,54,26,26,26,27,0,0,99558,0,0,0,0,0,0,0,0,0,53,382,0,0,0,0,0,0
345,2738,346.0331392508685,99993,0,0,3,0,242,143,0.0038502695188663205,0,0,49874,49916,94,54,27,28,28,29,0,0,99554,0,0,0,0,0,0,0,0,0,57,382,0,0,0,0,0,0
346,2738,347.0237116474834,99993,0,0,3,0,242,143,0.0038502695188663205,0,0,49872,49914,94,54,29,30,30,31,0,0,99550,0,0,0,0,0,0,0,0,0,61,382,0,0,0,0,0,0
347,2738,348.01432392673195,99993,0,0,3,0,242,143,0.0038502695188663205,0,0,49871,49914,93,53,31,31,32,33,0,0,99546,0,0,0,0,0,0,0,0,0,65,382,0,0,0,0,0,0
348,2738,349.00495610885264,99993,0,0,3,0,242,143,0.0038502695188663205,0,0,49870,49913,92,52,33,33,34,35,0,0,99542,0,0,0,0,0,0,0,0,0,69,382,0,0,0,0,0,0
349,2738,350.3258300410449,99993,0,0,3,0,242,143,0.0038502695188663205,0,0,49868,49910,91,52,36,36,37,38,0,0,99536,0,0,0,0,0,0,0,0,0,75,382,0,0,0,0,0,0
350,2738,351.316515447208,99993,0,0,3,0,242,143,0.0038502695188663205,0,0,49865,49907,91,52,39,39,40,41,0,0,99530,0,0,0,0,0,0,0,0,0,81,382,0,0,0,0,0,0
351,2738,352.30726069211835,99993,0,0,3,0,242,143,0.0038502695188663205,0,0,49862,49904,91,52,42,42,43,44,0,0,99524,0,0,0,0,0,0,0,0,0,87,382,0,0,0,0,0,0
352,2738,353.29806576975903,99993,0,0,3,0,242,143,0.0038502695188663205,0,0,49859,49901,90,51,46,46,47,48,0,0,99516,0,0,0,0,0,0,0,0,0,95,382,0,0,0,0,0,0
353,2738,354.28892406368317,99993,0,0,3,0,242,143,0.0038502695188663205,0,0,49855,49897,90,51,50,50,51,52,0,0,99508,0,0,0,0,0,0,0,0,0,103,382,0,0,0,0,0,0
354,2738,355.2798555332124,99993,0,0,3,0,242,143,0.0038502695188663205,0,0,49852,49892,89,51,54,55,56,57,0,0,99498,0,0,0,0,0,0,0,0,0,113,382,0,0,0,0,0,0
355,2738,356.2708535767301,99993,0,0,3,0,242,143,0.0038502695188663205,0,0,49848,49888,89,50,58,60,61,62,0,0,99488,0,0,0,0,0,0,0,0,0,123,382,0,0,0,0,0,0
356,2738,357.261924830694,99993,0,0,3,0,242,143,0.0038502695188663205,0,0,49843,49882,89,50,63,66,67,67,0,0,99477,0,0,0,0,0,0,0,0,0,134,382,0,0,0,0,0,0
357,2738,358.2530892685842,99993,0,0,3,0,242,143,0.0038502695188663205,0,0,49838,49876,88,50,69,72,73,73,0,0,99465,0,0,0,0,0,0,0,0,0,146,382,0,0,0,0,0,0
358,2738,359.24435357880753,99993,0,0,3,0,242,143,0.0038502695188663205,0,0,49831,49869,88,50,76,79,80,80,0,0,99451,0,0,0,0,0,0,0,0,0,160,382,0,0,0,0,0,0
359,2738,360.2357510297961,99993,0,0,3,0,242,143,0.0038502695188663205,0,0,49824,49863,88,50,83,85,88,87,0,0,99437,0,0,0,0,0,0,0,0,0,174,381,1,0,0,0,0,0
360,2738,361.22728828926256,99993,0,0,3,0,242,143,0.0038502695188663205,0,0,49816,49854,88,50,91,94,97,95,0,0,99420,0,0,0,0,0,0,0,0,0,191,381,1,0,0,0,0,0
361,2738,362.21897876092703,99993,0,0,3,0,242,143,0.0038502695188663205,0,0,49808,49844,87,50,100,104,107,104,0,0,99402,0,0,0,0,0,0,0,0,0,209,380,2,0,0,0,0,0
362,2738,363.210822556145,99993,0,0,3,0,242,143,0.0038502695188663205,0,0,49800,49833,87,50,108,115,118,113,0,0,99382,0,0,0,0,0,0,0,0,0,229,380,2,0,0,0,0,0
363,2738,364.2028264172911,99993,0,0,3,0,242,143,0.0038502695188663205,0,0,49790,49823,87,49,118,126,130,123,0,0,99360,0,0,0,0,0,0,0,0,0,251,380,2,0,0,0,0,0
364,2738,365.19502365768994,99993,0,0,3,0,242,143,0.0038502695188663205,0,0,49779,49810,87,49,129,139,143,134,0,0,99336,0,0,0,0,0,0,0,0,0,275,380,2,0,0,0,0,0
365,2738,366.18743439299664,99993,0,0,3,0,242,143,0.0038502695188663205,0,0,49767,49796,87,49,141,153,157,146,0,0,99310,0,0,0,0,0,0,0,0,0,301,380,2,0,0,0,0,0
366,2738,367.18007876465794,99993,0,0,3,0,242,143,0.0038502695188663205,0,0,49755,49782,87,49,153,167,172,159,0,0,99283,0,0,0,0,0,0,0,0,0,328,379,3,0,0,0,0,0
367,2738,368.1729568824123,99993,0,0,3,0,242,143,0.0038502695188663205,0,0,49741,49765,87,49,167,184,189,173,0,0,99252,0,0,0,0,0,0,0,0,0,359,379,3,0,0,0,0,0
368,2738,369.1661089691318,99993,0,0,3,0,242,143,0.0038502695188663205,0,0,49726,49747,87,49,182,202,207,188,0,0,99219,0,0,0,0,0,0,0,0,0,392,379,3,0,0,0,0,0
369,2738,370.15955523108016,99993,0,0,3,0,242,143,0.0038502695188663205,0,0,49709,49730,87,48,199,220,227,205,0,0,99183,0,0,0,0,0,0,0,0,0,428,378,4,0,0,0,0,0
370,2738,371.1533291995402,99993,0,0,3,0,242,143,0.0038502695188663205,0,0,49693,49712,87,47,215,239,249,223,0,0,99143,0,0,0,0,0,0,0,0,0,468,378,4,0,0,0,0,0
371,2738,372.14743113426425,99993,0,0,3,0,242,143,0.0038502695188663205,0,0,49675,49688,87,47,233,263,273,242,0,0,99101,0,0,0,0,0,0,0,0,0,510,377,5,0,0,0,0,0
372,2738,373.14187481965354,99993,0,0,3,0,242,143,0.0038502695188663205,0,0,49655,49662,86,47,254,289,299,263,0,0,99054,0,0,0,0,0,0,0,0,0,557,377,5,0,0,0,0,0
373,2738,374.1367007333991,99993,0,0,3,0,242,143,0.0038502695188663205,0,0,49634,49634,86,47,275,317,327,285,0,0,99004,0,0,0,0,0,0,0,0,0,607,377,5,0,0,0,0,0
374,2738,375.13194272558343,99993,0,0,3,0,242,143,0.0038502695188663205,0,0,49611,49606,86,46,298,346,357,309,0,0,98950,0,0,0,0,0,0,0,0,0,661,377,5,0,0,0,0,0
375,2738,376.1276279793207,99993,0,0,3,0,242,143,0.0038502695188663205,0,0,49589,49574,86,46,320,378,390,335,0,0,98891,0,0,0,0,0,0,0,0,0,720,377,5,0,0,0,0,0
376,2738,377.12376369111576,99993,0,0,3,0,242,143,0.0038502695188663205,0,0,49563,49542,86,46,346,410,425,362,0,0,98829,0,0,0,0,0,0,0,0,0,782,377,5,0,0,0,0,0
377,2738,378.1204107654221,99993,0,0,3,0,242,143,0.0038502695188663205,0,0,49535,49505,85,46,375,447,463,391,0,0,98762,0,0,0,0,0,0,0,0,0,849,377,5,0,0,0,0,0
378,2738,379.1176101916895,99993,0,0,3,0,242,143,0.0038502695188663205,0,0,49506,49464,85,46,404,488,504,422,0,0,98690,0,0,0,0,0,0,0,0,0,921,377,5,0,0,0,0,0
379,2738,380.11538294851664,99993,0,0,3,0,242,143,0.0038502695188663205,0,0,49475,49421,84,46,436,531,548,455,0,0,98613,0,0,0,0,0,0,0,0,0,998,377,5,0,0,0,0,0
380,2738,381.1137769504719,99993,0,0,3,0,242,143,0.0038502695188663205,0,0,49441,49377,84,46,470,575,595,490,0,0,98531,0,0,0,0,0,0,0,0,0,1080,377,5,0,0,0,0,0
381,2738,382.11284021980896,99993,0,0,3,0,242,143,0.0038502695188663205,0,0,49405,49329,84,46,506,623,646,527,0,0,98443,0,0,0,0,0,0,0,0,0,1168,377,5,0,0,0,0,0
382,2738,383.1126211348538,99993,0,0,3,0,242,143,0.0038502695188663205,0,0,49366,49279,84,46,545,673,700,567,0,0,98349,0,0,0,0,0,0,0,0,0,1262,377,5,0,0,0,0,0
383,2738,384.1131749788113,99993,0,0,3,0,242,143,0.0038502695188663205,0,0,49325,49222,84,46,586,730,758,609,0,0,98249,0,0,0,0,0,0,0,0,0,1362,377,5,0,0,0,0,0
384,2738,385.1145505847299,99993,0,0,3,0,242,143,0.0038502695188663205,0,0,49282,49162,84,46,629,790,820,654,0,0,98142,0,0,0,0,0,0,0,0,0,1469,377,5,0,0,0,0,0
385,2738,386.11679015997214,99993,0,0,3,0,242,143,0.0038502695188663205,0,0,49237,49098,83,46,675,854,886,701,0,0,98029,0,0,0,0,0,0,0,0,0,1582,377,5,0,0,0,0,0
386,2738,387.11992939512743,99993,0,0,3,0,242,143,0.0038502695188663205,0,0,49190,49030,82,45,723,923,957,751,0,0,97909,0,0,0,0,0,0,0,0,0,1702,376,6,0,0,0,0,0
387,2738,388.12401091083143,99993,0,0,3,0,242,143,0.0038502695188663205,0,0,49141,48960,82,44,772,994,1032,804,0,0,97781,0,0,0,0,0,0,0,0,0,1830,376,6,0,0,0,0,0
388,2738,389.12908440837106,99993,0,0,3,0,242,143,0.0038502695188663205,0,0,49087,48886,82,43,826,1069,1112,860,0,0,97645,0,0,0,0,0,0,0,0,0,1966,376,6,0,0,0,0,0
389,2738,390.1352341306536,99993,0,0,3,0,242,143,0.0038502695188663205,0,0,49032,48804,81,42,882,1152,1197,919,0,0,97501,0,0,0,0,0,0,0,0,0,2110,376,6,0,0,0,0,0
390,2738,391.142517445795,99993,0,0,3,0,242,143,0.0038502695188663205,0,0,48973,48719,81,42,941,1237,1287,981,0,0,97349,0,0,0,0,0,0,0,0,0,2262,376,6,0,0,0,0,0
391,2738,392.1509989921527,99993,0,0,3,0,242,143,0.0038502695188663205,0,0,48910,48628,81,42,1004,1328,1382,1046,0,0,97190,0,0,0,0,0,0,0,0,0,2421,375,7,0,0,0,0,0
392,2738,393.16075761462946,99993,0,0,3,0,242,143,0.0038502695188663205,0,0,48844,48531,81,42,1070,1425,1483,1115,0,0,97021,0,0,0,0,0,0,0,0,0,2590,374,8,0,0,0,0,0
393,2738,394.17185206477546,99993,0,0,3,0,242,143,0.0038502695188663205,0,0,48777,48432,81,40,1137,1526,1590,1187,0,0,96843,0,0,0,0,0,0,0,0,0,2768,373,9,0,0,0,0,0
394,2738,395.1843137134252,99993,0,0,3,0,242,143,0.0038502695188663205,0,0,48706,48327,81,40,1208,1631,1703,1263,0,0,96654,0,0,0,0,0,0,0,0,0,2957,373,9,0,0,0,0,0
395,2738,396.198243727011,99993,0,0,3,0,242,143,0.0038502695188663205,0,0,48632,48214,80,39,1283,1745,1822,1342,0,0,96458,0,0,0,0,0,0,0,0,0,3153,371,11,0,0,0,0,0
396,2738,397.2136954641517,99993,0,0,3,0,242,143,0.0038502695188663205,0,0,48554,48094,79,39,1362,1865,1948,1425,0,0,96249,0,0,0,0,0,0,0,0,0,3362,371,11,0,0,0,0,0
397,2738,398.23075763731686,99993,0,0,3,0,242,143,0.0038502695188663205,0,0,48472,47967,78,39,1445,1992,2080,1512,0,0,96031,0,0,0,0,0,0,0,0,0,3580,370,12,0,0,0,0,0
398,2738,399.2495268540816,99993,0,0,3,0,242,143,0.0038502695188663205,0,0,48389,47830,78,39,1528,2129,2219,1603,0,0,95802,0,0,0,0,0,0,0,0,0,3809,369,13,0,0,0,0,0
399,2738,400.2699950889882,99993,0,0,3,0,242,143,0.0038502695188663205,0,0,48301,47692,78,39,1616,2267,2365,1698,0,0,95563,0,0,0,0,0,0,0,0,0,4048,367,15,0,0,0,0,0
400,2738,401.29233061435053,99993,0,0,3,0,242,143,0.0038502695188663205,0,0,48207,47547,77,39,1711,2412,2519,1797,0,0,95311,0,0,0,0,0,0,0,0,0,4300,366,16,0,0,0,0,0
401,2738,402.3166182945745,99993,0,0,3,0,242,143,0.0038502695188663205,0,0,48114,47396,77,38,1804,2564,2680,1901,0,0,95048,0,0,0,0,0,0,0,0,0,4563,364,18,0,0,0,0,0
402,2738,403.00055518459493,99993,0,0,3,0,242,143,0.0038502695188663205,0,0,48009,47231,77,38,1909,2729,2849,2009,0,0,94772,0,0,0,0,0,0,0,0,0,4839,363,19,0,0,0,0,0
403,2738,404.0290426595472,99993,0,0,3,0,242,143,0.0038502695188663205,0,0,47901,47064,77,38,2017,2896,3026,2121,0,0,94484,0,0,0,0,0,0,0,0,0,5127,362,20,0,0,0,0,0
404,2738,405.0597940068255,99993,0,0,3,0,242,143,0.0038502695188663205,0,0,47794,46892,77,37,2124,3069,3211,2238,0,0,94184,0,0,0,0,0,0,0,0,0,5427,360,22,0,0,0,0,0
405,2738,406.09287698389915,99993,0,0,3,0,242,143,0.0038502695188663205,0,0,47676,46709,76,37,2243,3252,3404,2360,0,0,93870,0,0,0,0,0,0,0,0,0,5741,359,23,0,0,0,0,0
406,2738,407.128425906705,99993,0,0,3,0,242,143,0.0038502695188663205,0,0,47563,46517,75,36,2357,3445,3606,2486,0,0,93543,0,0,0,0,0,0,0,0,0,6068,358,24,0,0,0,0,0
407,2738,408.16646735263174,99993,0,0,3,0,242,143,0.0038502695188663205,0,0,47438,46314,75,36,2482,3648,3817,2617,0,0,93201,0,0,0,0,0,0,0,0,0,6410,358,24,0,0,0,0,0
408,2738,409.2071967778345,99993,0,0,3,0,242,143,0.0038502695188663205,0,0,47313,46108,74,36,2608,3854,4036,2753,0,0,92848,0,0,0,0,0,0,0,0,0,6763,356,26,0,0,0,0,0
409,2738,410.250664922107,99993,0,0,3,0,242,143,0.0038502695188663205,0,0,47181,45893,74,36,2740,4069,4264,2894,0,0,92482,0,0,0,0,0,0,0,0,0,7129,353,29,0,0,0,0,0
410,2738,411.29700504036765,99993,0,0,3,0,242,143,0.0038502695188663205,0,0,47040,45671,74,34,2881,4293,4501,3040,0,0,92102,0,0,0,0,0,0,0,0,0,7509,350,32,0,0,0,0,0
411,2738,412.34644903077674,99993,0,0,3,0,242,143,0.0038502695188663205,0,0,46901,45440,73,34,3021,4524,4747,3191,0,0,91708,0,0,0,0,0,0,0,0,0,7903,347,35,0,0,0,0,0
412,2738,413.0478148594776,99993,0,0,3,0,242,143,0.0038502695188663205,0,0,46752,45192,73,34,3170,4772,5003,3347,0,0,91299,0,0,0,0,0,0,0,0,0,8312,344,38,0,0,0,0,0
413,2738,414.1037188874133,99993,0,0,3,0,242,143,0.0038502695188663205,0,0,46599,44940,72,34,3324,5024,5268,3508,0,0,90874,0,0,0,0,0,0,0,0,0,8737,343,39,0,0,0,0,0
414,2738,415.16303504538854,99993,0,0,3,0,242,143,0.0038502695188663205,0,0,46440,44684,71,34,3484,5280,5542,3675,0,0,90434,0,0,0,0,0,0,0,0,0,9177,342,40,0,0,0,0,0
415,2738,416.22594561804976,99993,0,0,3,0,242,143,0.0038502695188663205,0,0,46286,44419,70,33,3639,5546,5826,3847,0,0,89979,0,0,0,0,0,0,0,0,0,9632,341,41,0,0,0,0,0
416,2738,417.2923830970509,99993,0,0,3,0,242,143,0.0038502695188663205,0,0,46125,44140,70,32,3800,5826,6119,4024,0,0,89509,0,0,0,0,0,0,0,0,0,10102,341,41,0,0,0,0,0
417,2738,418.00540361394854,99993,0,0,3,0,242,143,0.0038502695188663205,0,0,45946,43857,70,32,3979,6109,6422,4206,0,0,89025,0,0,0,0,0,0,0,0,0,10586,340,42,0,0,0,0,0
418,2738,419.07967630909866,99993,0,0,3,0,242,143,0.0038502695188663205,0,0,45766,43565,70,31,4159,6402,6734,4394,0,0,88528,0,0,0,0,0,0,0,0,0,11083,337,45,0,0,0,0,0
419,2738,420.15808676533265,99993,3,0,3,0,245,143,0.003880271619013331,22,25,45564,43247,69,31,4337,6695,7056,4587,0,0,88013,0,0,0,0,0,0,0,0,0,11598,337,45,0,0,0,0,0
420,2738,421.0439507758649,99993,4,6,3,0,246,149,0.003950276519356355,21,19,45377,42935,69,31,4524,7007,7387,4785,0,0,87485,0,0,0,0,0,0,0,0,0,12126,336,46,0,0,0,0,0
421,2738,422.2784640848113,99993,8,9,3,0,253,155,0.0040802856199934,15,15,45188,42621,71,34,4713,7319,7727,4988,0,0,86940,5,1,0,0,0,0,0,0,0,12665,333,49,0,0,0,0,0
422,2738,423.0701049375883,99993,13,15,3,0,258,161,0.004190293320532437,15,15,44987,42289,70,34,4910,7645,8077,5196,0,0,86384,5,1,0,0,0,0,0,0,0,13221,331,51,0,0,0,0,0
423,2738,424.27387331253664,99993,17,16,3,0,263,163,0.004260298220875461,17,17,44786,41957,70,34,5105,7974,8436,5410,0,0,85810,7,1,0,0,0,0,0,0,0,13793,330,52,0,0,0,0,0
424,2738,425.1319173196955,99993,17,17,3,0,264,166,0.004300301021071475,23,15,44569,41614,71,35,5315,8317,8804,5629,0,0,85224,9,2,0,0,0,0,0,0,0,14376,327,55,0,0,0,0,0
425,2738,426.0210899190368,99993,17,16,3,0,268,168,0.0043603052213654955,33,14,44352,41260,74,38,5519,8670,9181,5853,0,0,84619,16,2,0,0,0,0,0,0,0,14974,324,58,0,0,0,0,0
426,2738,427.00518220403393,99993,19,17,3,0,272,172,0.004440310821757523,35,13,44149,40902,76,41,5716,9025,9566,6082,0,0,84003,21,2,0,0,0,0,0,0,0,15585,321,61,0,0,0,0,0
427,2738,428.1585167447787,99993,32,17,3,0,286,175,0.004610322722590581,26,16,43939,40536,77,43,5921,9386,9960,6316,0,0,83375,25,2,0,0,0,0,0,0,0,16209,317,65,0,0,0,0,0
428,2738,429.01295880628425,99993,37,18,3,0,296,180,0.0047603332233256326,28,13,43711,40153,82,47,6137,9767,10362,6555,0,0,82726,34,2,0,0,0,0,0,0,0,16849,316,66,0,0,0,0,0
429,2738,430.10194546944587,99993,42,18,3,0,305,182,0.0048703409238646704,29,19,43488,39763,84,48,6352,10150,10772,6798,0,0,82072,37,5,0,0,0,0,0,0,0,17497,314,68,0,0,0,0,0
430,2738,431.20537738833923,99992,42,23,4,0,316,190,0.005060404832386591,29,17,43262,39387,94,51,6567,10520,11189,7046,0,0,81396,49,6,0,0,0,0,0,0,0,18159,312,70,0,0,0,0,0
431,2738,432.243335932979,99992,46,24,4,0,326,195,0.0052104168333466675,25,17,43019,38992,98,55,6806,10910,11614,7298,0,0,80713,58,7,0,0,0,0,0,0,0,18832,309,73,0,0,0,0,0
432,2738,433.21946321375236,99992,46,24,4,0,333,198,0.005310424833986719,39,24,42776,38602,105,57,7028,11291,12046,7555,0,0,80015,68,7,0,0,0,0,0,0,0,19520,308,74,0,0,0,0,0
433,2738,434.1620030820644,99992,51,24,4,0,347,200,0.005470437635010801,40,26,42522,38197,112,58,7269,11693,12485,7816,0,0,79306,79,7,0,0,0,0,0,0,0,20218,306,76,0,0,0,0,0
434,2738,435.11003399484684,99992,51,26,4,0,355,206,0.005610448835906873,39,26,42273,37784,120,60,7511,12102,12930,8081,0,0,78587,88,10,0,0,0,0,0,0,0,20925,306,76,0,0,0,0,0
435,2738,436.0636683451732,99992,52,31,4,0,365,215,0.00580046403712297,41,24,42011,37369,128,64,7762,12510,13381,8350,0,0,77859,99,12,0,0,0,0,0,0,0,21640,303,79,0,0,0,0,0
436,2738,437.02308973125577,99992,59,27,4,0,380,218,0.005980478438275062,42,25,41754,36951,135,69,8004,12926,13838,8623,0,0,77116,112,14,0,0,0,0,0,0,0,22368,303,79,0,0,0,0,0
437,2738,438.31088926822787,99992,51,26,4,0,387,224,0.006110488839107128,54,24,41491,36549,150,74,8248,13325,14300,8900,0,0,76367,123,25,0,0,0,0,0,0,0,23095,302,80,0,0,0,0,0
438,2738,439.28225307009683,99992,59,29,4,0,400,230,0.006300504040323226,57,22,41224,36130,152,73,8502,13744,14767,9180,0,0,75621,130,26,0,0,0,0,0,0,0,23833,294,88,0,0,0,0,0
439,2738,440.25984036855084,99992,61,29,4,0,413,234,0.006470517641411313,60,25,40951,35704,161,77,8761,14163,15238,9464,0,0,74859,142,29,0,0,0,0,0,0,0,24580,289,93,0,0,0,0,0
440,2738,441.24388658873744,99992,67,25,4,0,426,237,0.006630530442435395,55,35,40681,35255,165,84,9026,14599,15714,9751,0,0,74087,154,31,0,0,0,0,0,0,0,25338,286,96,0,0,0,0,0
441,2738,442.23433029789214,99992,64,31,4,0,436,248,0.0068405472437795024,66,34,40401,34830,176,87,9287,15016,16193,10041,0,0,73310,166,37,0,0,0,0,0,0,0,26097,282,100,0,0,0,0,0
442,2738,443.2315092217148,99992,65,40,4,0,451,263,0.007140571245699656,69,35,40123,34386,190,90,9547,15447,16675,10334,0,0,72524,181,42,0,0,0,0,0,0,0,26863,278,104,0,0,0,0,0
443,2738,444.2354865077747,99992,75,40,4,0,471,271,0.007420593647491799,70,39,39848,33937,198,96,9803,15886,17160,10630,0,0,71732,195,46,0,0,0,0,0,0,0,27637,275,107,0,0,0,0,0
444,2738,445.2462601112434,99992,88,42,4,0,491,279,0.007700616049283943,65,40,39582,33488,202,98,10057,16330,17648,10928,0,0,70943,201,53,0,0,0,0,0,0,0,28413,272,110,0,0,0,0,0
445,2738,446.26378476547063,99992,101,44,4,0,513,287,0.008000640051204096,72,38,39300,33048,207,104,10314,16764,18137,11228,0,0,70148,211,58,0,0,0,0,0,0,0,29193,268,114,0,0,0,0,0
446,2738,447.2883117262036,99992,100,43,4,0,530,295,0.008250660052804224,82,38,39014,32608,223,112,10575,17197,18628,11530,0,0,69339,230,66,0,0,0,0,0,0,0,29975,265,117,0,0,0,0,0
447,2738,448.320191077435,99991,110,47,5,0,556,303,0.008590773169585262,81,42,38721,32164,238,113,10843,17632,19120,11834,0,0,68534,241,74,0,0,0,0,0,0,0,30760,262,120,0,0,0,0,0
448,2738,449.01230621824664,99991,115,47,5,0,567,308,0.00875078757088138,85,52,38426,31706,243,116,11124,18077,19613,12140,0,0,67735,246,80,0,0,0,0,0,0,0,31548,257,125,0,0,0,0,0
449,2738,450.0596516551736,99991,111,51,5,0,582,319,0.009010810972987568,105,50,38117,31274,260,121,11400,18502,20106,12447,0,0,66922,264,88,0,0,0,0,0,0,0,32335,252,130,0,0,0,0,0
450,2738,451.1152215577305,99991,126,54,5,0,614,332,0.009460851476632897,100,55,37824,30838,274,130,11669,18921,20599,12756,0,0,66100,286,92,1,0,0,0,0,0,0,33131,249,132,0,0,0,0,0
451,2738,452.17881882406726,99991,132,67,5,0,635,351,0.009860887479873189,109,48,37530,30405,284,132,11938,19346,21091,13066,0,0,65289,297,102,1,0,0,0,0,0,0,33921,247,134,0,0,0,0,0
452,2738,453.2504936347875,99991,143,60,5,0,664,357,0.010210918982708444,119,55,37240,29978,301,145,12190,19760,21582,13377,0,0,64471,317,113,1,0,0,0,0,0,0,34708,243,138,0,0,0,0,0
453,2738,454.3302824713355,99991,157,70,5,0,703,370,0.010730965786920822,116,57,36951,29557,324,147,12445,20167,22071,13688,0,0,63652,338,118,1,1,0,0,0,0,0,35500,241,140,0,0,0,0,0
454,2738,455.0547097753794,99991,169,71,5,0,726,382,0.011080997289756077,125,59,36637,29118,334,157,12728,20593,22559,14000,0,0,62843,353,125,1,1,0,0,0,0,0,36287,235,146,0,0,0,0,0
455,2738,456.1517451458244,99990,175,74,6,0,766,397,0.01163116311631163,125,67,36354,28699,365,164,12973,20994,23044,14312,0,0,62018,383,140,1,1,0,0,0,0,0,37066,232,149,0,0,0,0,0
456,2738,457.2571618072333,99990,186,68,6,0,805,406,0.012111211121112112,129,72,36067,28275,387,178,13223,21405,23527,14624,0,0,61198,411,155,1,1,0,0,0,0,0,37843,229,152,0,0,0,0,0
457,2738,458.37124559553354,99990,192,70,6,0,835,425,0.012601260126012601,139,74,35781,27866,411,193,13469,21795,24007,14936,0,0,60381,437,170,1,1,0,0,0,0,0,38619,228,153,0,0,0,0,0
458,2738,459.11880584570764,99990,202,73,6,0,861,438,0.012991299129912991,152,81,35490,27443,421,202,13727,22199,24484,15248,0,0,59586,449,184,1,1,0,0,0,0,0,39388,222,159,0,0,0,0,0
459,2738,460.25050339983693,99990,213,88,6,0,908,462,0.013701370137013702,156,86,35197,27035,450,209,13976,22580,24957,15559,0,0,58775,479,199,1,1,0,0,0,0,0,40154,219,162,0,0,0,0,0
460,2738,461.0099835946214,99990,220,95,6,0,941,478,0.01419141914191419,164,86,34898,26594,471,218,14239,23005,25426,15869,0,0,57978,501,212,1,1,0,0,0,0,0,40916,215,166,0,0,0,0,0
461,2738,462.16030981793637,99990,242,102,6,0,1000,502,0.015021502150215022,168,89,34616,26206,504,234,14462,23367,25891,16178,0,0,57169,537,230,1,1,0,0,0,0,0,41671,214,167,0,0,0,0,0
462,2738,463.31968170213844,99990,242,111,6,0,1050,525,0.01575157515751575,191,90,34327,25840,547,245,14685,23712,26351,16486,0,0,56360,578,253,1,1,0,0,0,0,0,42416,214,167,0,0,0,0,0
463,2738,464.09781906967453,99990,237,119,6,0,1074,540,0.016141614161416143,201,95,34045,25449,569,247,14940,24088,26807,16793,0,0,55587,594,273,1,1,0,0,0,0,0,43153,208,173,0,0,0,0,0
464,2738,465.2761320239428,99988,261,122,8,0,1144,567,0.017112053446413568,187,98,33775,25091,604,269,15163,24418,27258,17099,0,0,54799,629,306,1,1,0,0,0,0,0,43871,202,179,0,0,0,0,0
465,2738,466.06681417382663,99988,284,116,8,0,1183,580,0.01763211585390247,199,100,33487,24713,611,281,15409,24788,27704,17403,0,0,54041,639,331,1,1,0,0,0,0,0,44594,200,181,0,0,0,0,0
466,2738,467.2642491940612,99988,285,119,8,0,1241,605,0.018462215465855903,214,105,33195,24374,657,297,15639,25103,28144,17705,0,0,53255,686,363,1,1,0,0,0,0,0,45301,197,184,0,0,0,0,0
467,2738,468.0681860754758,99988,295,126,8,0,1280,621,0.019012281473776853,205,102,32916,24000,679,301,15895,25469,28579,18006,0,0,52506,700,385,2,1,0,0,0,0,0,46013,195,186,0,0,0,0,0
468,2738,469.28606626097877,99988,314,133,8,0,1344,648,0.019922390686882428,208,109,32623,23667,719,311,16126,25778,29008,18305,0,0,51749,732,418,2,1,0,0,0,0,0,46705,192,189,0,0,0,0,0
469,2738,470.10375042677884,99988,315,134,8,0,1386,668,0.020542465095811497,214,104,32339,23315,751,327,16371,26118,29431,18601,0,0,51003,760,450,2,1,0,0,0,0,0,47391,191,190,0,0,0,0,0
470,2738,471.3430444868137,99987,314,138,9,0,1443,705,0.021482792763059196,235,101,32059,22992,799,355,16582,26412,29848,18895,0,0,50249,804,496,2,1,0,0,0,0,0,48054,189,192,0,0,0,0,0
471,2738,472.17500575272845,99987,319,142,9,0,1485,725,0.02210287337353856,238,109,31798,22629,827,361,16807,26757,30259,19187,0,0,49520,832,520,3,1,0,0,0,0,0,48731,186,194,0,0,0,0,0
472,2738,473.01361823232924,99987,330,153,9,0,1541,752,0.022932981287567385,239,107,31520,22302,860,369,17040,27067,30663,19476,0,0,48808,853,558,3,2,0,0,0,0,0,49383,184,196,0,0,0,0,0
473,2738,474.2842775417316,99987,319,160,9,0,1597,785,0.02382309700261034,255,97,31275,22001,913,384,17227,27356,31061,19763,0,0,48077,902,602,3,2,0,0,0,0,0,50021,181,199,0,0,0,0,0
474,2738,475.13697296247153,99987,323,160,9,0,1647,805,0.024523188014441876,256,101,31023,21703,953,396,17434,27638,31452,20047,0,0,47371,936,632,4,3,0,0,0,0,0,50663,177,201,0,0,0,0,0
475,2738,476.42795773669866,99987,356,168,9,0,1730,836,0.025663336233710383,273,113,30772,21421,987,412,17601,27884,31837,20328,0,0,46680,965,676,4,3,0,0,0,0,0,51281,173,205,0,0,0,0,0
476,2738,477.29397378168056,99987,366,172,9,0,1784,859,0.026433436346725073,273,118,30513,21121,1022,425,17815,28162,32215,20606,0,0,45999,993,711,4,3,0,0,0,0,0,51899,170,208,0,0,0,0,0
477,2738,478.16715405456165,99987,383,175,9,0,1842,879,0.027213537759908788,279,130,30277,20832,1052,437,17998,28424,32586,20881,0,0,45334,1014,748,4,3,0,0,0,0,0,52506,168,210,0,0,0,0,0
478,2738,479.04698187380376,99986,405,185,9,1,1909,911,0.02820394855279739,293,134,30024,20554,1087,448,18180,28676,32951,21153,0,0,44675,1038,790,4,3,0,0,0,0,0,53098,165,213,0,0,0,0,0
479,2738,480.3789259966969,99986,411,195,9,1,2001,956,0.02957414037965315,298,145,29786,20295,1164,474,18330,28888,33309,21422,0,0,43979,1108,841,4,3,0,0,0,0,0,53673,164,214,0,0,0,0,0
480,2738,481.272524107555,99986,437,205,9,1,2080,986,0.030664293001020144,299,146,29529,20032,1203,482,18521,29132,33660,21688,0,0,43334,1137,883,4,4,0,0,0,0,0,54246,163,215,0,0,0,0,0
481,2738,482.17356216105424,99986,435,205,9,1,2135,1016,0.03151441201768247,313,145,29283,19777,1248,505,18710,29365,34004,21950,0,0,42689,1177,928,5,4,0,0,0,0,0,54805,161,217,0,0,0,0,0
482,2738,483.08208268300365,99985,448,213,10,1,2210,1049,0.03259488923338501,329,160,29021,19514,1296,522,18894,29588,34342,22209,0,0,42056,1213,977,6,4,0,0,0,0,0,55352,159,218,0,0,0,0,0
483,2738,484.45843237407803,99985,502,227,10,1,2352,1106,0.03458518777816672,298,147,28788,19283,1368,557,19032,29783,34673,22465,0,0,41416,1266,1053,7,4,0,0,0,0,0,55862,158,219,0,0,0,0,0
484,2738,485.3820993879766,99982,503,221,13,1,2418,1132,0.035506391150407074,303,162,28575,19034,1414,585,19190,29995,34997,22717,0,0,40800,1303,1108,8,4,0,0,0,0,0,56382,157,220,0,0,0,0,0
485,2738,486.3126969680088,99982,474,237,13,1,2478,1179,0.036576583785081315,339,148,28323,18808,1496,608,19353,30196,35315,22966,0,0,40174,1363,1166,9,4,0,0,0,0,0,56889,155,222,0,0,0,0,0
486,2738,487.251047709953,99982,476,249,13,1,2573,1220,0.03793682862915325,336,144,28097,18559,1570,630,19506,30415,35626,23211,0,0,39563,1420,1231,9,4,0,0,0,0,0,57378,153,224,0,0,0,0,0
487,2738,488.1973737046748,99982,487,246,13,1,2644,1252,0.03896701406253125,338,144,27889,18351,1612,659,19659,30597,35930,23453,0,0,38985,1453,1290,11,4,0,0,0,0,0,57863,150,226,0,0,0,0,0
488,2738,489.15072264843013,99982,491,240,13,1,2711,1277,0.03988717969234462,352,157,27671,18136,1664,680,19807,30784,36228,23691,0,0,38410,1493,1344,11,4,0,0,0,0,0,58344,149,227,0,0,0,0,0
489,2738,490.11140485677674,99982,504,266,13,1,2792,1321,0.041137404732851914,356,156,27479,17944,1716,688,19930,30943,36519,23926,0,0,37850,1530,1392,11,5,0,0,0,0,0,58819,146,229,0,0,0,0,0
490,2738,491.0786932968407,99982,516,269,13,1,2856,1365,0.042217599167850214,377,154,27264,17751,1758,718,20070,31105,36804,24157,0,0,37300,1566,1446,11,7,0,0,0,0,0,59278,144,230,0,0,0,0,0
491,2738,492.05294440468515,99982,556,263,13,1,2953,1398,0.0435178332099778,357,156,27065,17593,1792,743,20215,31242,37083,24384,0,0,36777,1583,1519,13,8,0,0,0,0,0,59708,142,232,0,0,0,0,0
492,2738,493.0343357947839,99982,558,277,13,1,3038,1443,0.04481806725210538,374,151,26853,17390,1862,769,20338,31410,37355,24608,0,0,36235,1630,1584,14,8,0,0,0,0,0,60137,140,234,0,0,0,0,0
493,2738,494.02296076228043,99982,571,281,13,1,3128,1489,0.046178312096177315,385,152,26659,17221,1915,798,20455,31545,37621,24828,0,0,35705,1677,1654,13,10,0,0,0,0,0,60549,138,236,0,0,0,0,0
494,2738,495.0189672168628,99982,579,276,13,1,3219,1528,0.04747854613830489,394,151,26470,17071,1978,831,20564,31668,37881,25045,0,0,35190,1716,1740,14,10,0,0,0,0,0,60938,136,238,0,0,0,0,0
495,2738,496.02183346921555,99981,576,285,14,1,3312,1572,0.048849281363459056,417,155,26277,16923,2051,856,20663,31778,38135,25258,0,0,34689,1750,1829,16,12,0,0,0,0,0,61312,133,240,0,0,0,0,0
496,2738,497.031878916574,99981,624,286,14,1,3439,1609,0.050489593022674306,375,168,26103,16788,2112,882,20770,31873,38383,25467,0,0,34188,1792,1897,19,12,0,0,0,0,0,61701,132,240,0,0,0,0,0
497,2738,498.04873306478663,99980,627,293,15,1,3537,1666,0.05204040808161632,394,151,25926,16641,2180,923,20856,31989,38625,25673,0,0,33692,1840,1993,19,12,0,0,0,0,0,62052,131,241,0,0,0,0,0
498,2738,499.0722463189959,99980,650,298,15,1,3648,1711,0.05360072014402881,393,167,25729,16506,2250,950,20961,32076,38862,25875,0,0,33225,1866,2079,22,17,0,0,0,0,0,62399,130,242,0,0,0,0,0
499,2738,500.1031316529835,99979,678,319,16,1,3763,1766,0.055301613338801146,398,171,25557,16357,2310,974,21039,32176,39093,26074,0,0,32763,1902,2161,22,18,0,0,0,0,0,62741,125,247,0,0,0,0,0
500,2738,501.1407080708562,99978,673,312,16,2,3867,1806,0.05674248334633619,412,185,25402,16241,2385,1011,21110,32247,39319,26269,0,0,32295,1949,2265,23,20,0,0,0,0,0,63056,124,246,0,0,0,0,0
501,2738,502.1847179555722,99978,683,333,16,2,3978,1865,0.0584428574286343,423,185,25226,16130,2463,1037,21187,32311,39539,26461,0,0,31845,1986,2363,25,20,0,0,0,0,0,63369,123,247,0,0,0,0,0
502,2738,503.2352614076381,99978,695,331,16,2,4084,1914,0.05999319850367081,439,172,25061,16022,2541,1078,21246,32393,39754,26649,0,0,31384,2042,2442,28,22,0,0,0,0,0,63690,122,248,0,0,0,0,0
503,2738,504.29246751683445,99978,734,340,16,2,4224,1961,0.06186360999419872,426,177,24899,15913,2623,1105,21300,32461,39964,26834,0,0,30949,2080,2533,32,23,0,0,0,0,0,63991,120,250,0,0,0,0,0
504,2738,505.3564232275494,99976,732,321,18,2,4335,2005,0.06341521965271665,426,188,24734,15820,2715,1149,21373,32518,40169,27015,0,0,30509,2131,2644,35,26,0,0,0,0,0,64261,118,252,0,0,0,0,0
505,2738,506.4272181364767,99974,743,316,20,2,4459,2059,0.0651969512073139,429,192,24588,15733,2803,1197,21415,32558,40369,27193,0,0,30086,2172,2751,40,32,0,0,0,0,0,64523,116,254,0,0,0,0,0
506,2738,507.50416257969624,99973,773,320,21,2,4601,2112,0.06714812999509867,416,181,24445,15658,2890,1236,21453,32601,40564,27368,0,0,29662,2226,2855,40,33,0,0,0,0,0,64787,115,255,0,0,0,0,0
507,2738,508.0445179162004,99972,780,312,22,2,4666,2136,0.06803905093426159,413,184,24285,15528,2926,1258,21572,32714,40754,27539,0,0,29282,2246,2918,40,36,0,0,0,0,0,65080,113,257,0,0,0,0,0
508,2738,509.1349054011453,99972,787,320,22,2,4783,2193,0.0697795382707158,414,171,24130,15451,3018,1297,21627,32757,40939,27707,0,0,28883,2289,3024,43,38,0,0,0,0,0,65325,113,257,0,0,0,0,0
509,2738,510.2322872910149,99972,756,321,22,2,4890,2244,0.0713599807946225,432,177,23984,15378,3128,1335,21676,32785,41119,27872,0,0,28476,2349,3144,45,40,0,0,0,0,0,65548,113,257,0,0,0,0,0
510,2738,511.336485937638,99972,720,324,22,2,5001,2289,0.07292041771696076,412,179,23900,15320,3246,1361,21698,32812,41295,28034,0,0,28073,2412,3263,47,41,0,0,0,0,0,65766,112,258,0,0,0,0,0
511,2738,512.4458264232816,99972,726,316,22,2,5114,2351,0.07467090785419918,413,173,23790,15289,3315,1419,21732,32799,41467,28193,0,0,27708,2444,3395,50,45,0,0,0,0,0,65961,111,258,0,0,0,0,0
512,2738,513.0017567904001,99972,715,331,22,2,5158,2381,0.07541111511223142,436,174,23651,15189,3350,1420,21824,32882,41634,28349,0,0,27373,2457,3452,50,45,0,0,0,0,0,66226,110,259,0,0,0,0,0
513,2738,514.1224026838299,99972,728,345,22,2,5283,2437,0.07722162205417517,457,182,23505,15152,3438,1446,21848,32871,41797,28501,0,0,27006,2508,3540,54,49,0,0,0,0,0,66447,107,261,0,0,0,0,0
514,2738,515.2493518832003,99972,725,369,22,2,5411,2494,0.07907214019925579,440,183,23393,15110,3548,1469,21870,32865,41956,28650,0,0,26638,2568,3634,56,53,0,0,0,0,0,66657,105,261,0,0,0,0,0
515,2738,516.3818298027295,99972,728,365,22,2,5537,2548,0.08087264434041531,419,184,23292,15060,3638,1512,21899,32875,42111,28796,0,0,26295,2610,3763,56,58,0,0,0,0,0,66824,105,261,0,0,0,0,0
516,2738,517.519746959177,99971,740,361,23,2,5653,2604,0.08259395224615139,426,190,23195,15012,3706,1560,21908,32873,42262,28940,0,0,25948,2661,3867,58,60,0,0,0,0,0,67011,103,263,0,0,0,0,0
517,2738,518.0898357940963,99971,733,354,23,2,5718,2628,0.0834842104210221,422,199,23087,14932,3756,1581,21977,32930,42409,29081,0,0,25643,2677,3949,59,62,0,0,0,0,0,67216,103,262,0,0,0,0,0
518,2738,519.2380014285616,99971,722,363,23,2,5831,2683,0.08516469776235108,424,210,23004,14913,3848,1609,21977,32901,42552,29219,0,0,25319,2720,4064,61,66,0,0,0,0,0,67376,101,264,0,0,0,0,0
519,2738,520.3904921314485,99971,749,369,23,2,5967,2744,0.08713526922807614,398,199,22915,14891,3922,1650,21991,32887,42692,29354,0,0,25013,2750,4186,64,69,0,0,0,0,0,67524,99,266,0,0,0,0,0
520,2738,521.5471681701467,99971,752,374,23,2,6074,2805,0.08881575656940513,404,177,22853,14885,3988,1695,21978,32865,42828,29486,0,0,24708,2785,4294,66,76,0,0,0,0,0,67678,99,265,0,0,0,0,0
521,2738,522.1260344437405,99970,733,368,23,3,6139,2825,0.08966690007002101,401,193,22755,14825,4050,1705,22036,32904,42961,29616,0,0,24423,2803,4373,70,78,0,0,0,0,0,67859,99,265,0,0,0,0,0
522,2738,523.2913217435122,99969,740,372,24,3,6262,2884,0.09148836139203154,398,184,22665,14833,4125,1746,22046,32860,43090,29743,0,0,24116,2853,4478,73,83,0,0,0,0,0,68003,97,266,0,0,0,0,0
523,2738,524.461337044014,99969,733,363,24,3,6373,2940,0.0931588792525683,401,175,22591,14833,4219,1791,22030,32833,43216,29867,0,0,23819,2898,4594,75,92,0,0,0,0,0,68128,97,266,0,0,0,0,0
524,2738,525.0469227926044,99968,747,355,25,3,6439,2967,0.09409010883482714,391,175,22511,14790,4249,1814,22075,32861,43339,29989,0,0,23557,2916,4655,75,96,0,0,0,0,0,68307,96,266,0,0,0,0,0
525,2738,526.2255223960292,99968,735,335,25,3,6556,3017,0.09576064340588988,392,171,22457,14805,4335,1868,22054,32816,43459,30108,0,0,23283,2953,4809,75,100,0,0,0,0,0,68386,94,268,0,0,0,0,0
526,2738,527.4072035273073,99968,717,315,25,3,6672,3062,0.09737115877080665,393,199,22401,14795,4431,1914,22031,32772,43576,30225,0,0,23008,2991,4954,78,105,0,0,0,0,0,68470,94,268,0,0,0,0,0
527,2738,528.5921958890517,99968,705,311,25,3,6789,3112,0.0990416933418694,385,181,22338,14829,4513,1948,22032,32726,43690,30339,0,0,22742,3027,5083,82,110,0,0,0,0,0,68562,92,270,0,0,0,0,0
528,2738,529.1856772428476,99967,688,303,26,3,6841,3127,0.09971290525873538,382,183,22258,14797,4552,1955,22092,32757,43801,30451,0,0,22517,3024,5167,86,111,0,0,0,0,0,68700,92,270,0,0,0,0,0
529,2738,530.3787271920536,99966,687,301,27,3,6956,3195,0.1015445251385471,405,168,22217,14844,4616,2006,22046,32676,43909,30561,0,0,22265,3055,5311,89,113,0,0,0,0,0,68771,91,271,0,0,0,0,0
530,2738,531.574132968268,99966,688,297,27,3,7062,3247,0.10312506252125722,414,160,22168,14876,4691,2051,22010,32611,44014,30668,0,0,22023,3080,5431,94,116,0,0,0,0,0,68860,91,271,0,0,0,0,0
531,2738,532.1720104545127,99966,681,299,27,3,7114,3277,0.10394534141608147,414,150,22089,14829,4725,2074,22062,32643,44116,30773,0,0,21800,3093,5495,97,118,0,0,0,0,0,69001,91,271,0,0,0,0,0
532,2738,533.3741880100724,99966,716,287,27,3,7263,3316,0.10582598083348338,372,152,22041,14869,4802,2097,22040,32590,44216,30876,0,0,21581,3109,5630,99,123,0,0,0,0,0,69062,89,273,0,0,0,0,0
533,2738,534.5794292414382,99966,684,290,27,3,7364,3362,0.10729648080347318,374,153,22008,14902,4904,2124,22001,32526,44313,30977,0,0,21347,3137,5748,108,129,0,0,0,0,0,69135,88,274,0,0,0,0,0
534,2738,535.1823543561388,99966,674,291,27,3,7417,3384,0.10804673589020267,370,149,21950,14881,4940,2138,22037,32536,44408,31076,0,0,21143,3147,5812,109,133,0,0,0,0,0,69260,87,275,0,0,0,0,0
535,2738,536.391003174231,99966,670,290,27,3,7530,3430,0.10963727667406918,348,169,21934,14903,5022,2171,21997,32462,44500,31173,0,0,20924,3175,5933,112,138,0,0,0,0,0,69323,86,275,0,0,0,0,0
536,2738,537.6017693479354,99966,657,282,27,3,7635,3474,0.11112778344637177,355,169,21913,14936,5093,2207,21953,32401,44590,31268,0,0,20714,3195,6063,117,143,0,0,0,0,0,69373,86,275,0,0,0,0,0
537,2738,538.2078340951834,99966,657,279,27,3,7685,3502,0.11190804873657044,347,170,21868,14905,5122,2230,21977,32411,44678,31361,0,0,20525,3204,6127,117,147,0,0,0,0,0,69485,85,276,0,0,0,0,0
538,2738,539.4201835652935,99966,626,301,27,3,7783,3560,0.11346857931696777,363,155,21840,14971,5213,2253,21929,32315,44764,31452,0,0,20321,3229,6244,119,157,0,0,0,0,0,69536,85,275,0,0,0,0,0
539,2738,540.0279866059168,99966,627,308,27,3,7835,3582,0.11420883100254087,354,156,21798,14961,5240,2252,21952,32318,44847,31541,0,0,20149,3227,6300,121,161,0,0,0,0,0,69648,85,275,0,0,0,0,0
540,2738,541.2419308349611,99966,618,300,27,3,7937,3637,0.1157793649840946,337,148,21786,15001,5320,2304,21910,32242,44928,31628,0,0,19960,3244,6434,126,168,0,0,0,0,0,69675,84,275,0,0,0,0,0
541,2738,542.4583579326973,99966,617,289,27,3,8036,3685,0.11724986495408439,313,140,21777,15046,5381,2348,21883,32172,45007,31713,0,0,19766,3274,6553,127,173,0,0,0,0,0,69716,83,274,0,0,0,0,0
542,2738,543.0680316545306,99966,613,292,27,3,8084,3709,0.1179701098373447,313,132,21728,15038,5401,2356,21916,32177,45084,31796,0,0,19603,3278,6616,126,177,0,0,0,0,0,69809,83,274,0,0,0,0,0
543,2738,544.2852043406225,99966,604,293,27,3,8175,3751,0.11930056219114499,314,139,21723,15090,5464,2375,21866,32098,45159,31877,0,0,19420,3305,6718,126,183,0,0,0,0,0,69857,83,274,0,0,0,0,0
544,2738,545.5048302534592,99966,595,281,27,3,8270,3801,0.120751055358822,305,130,21716,15141,5522,2422,21833,32021,45232,31957,0,0,19238,3329,6836,132,189,0,0,0,0,0,69885,82,275,0,0,0,0,0
545,2738,546.1158460099836,99966,595,281,27,3,8322,3825,0.12151131384670788,289,130,21700,15125,5547,2435,21840,32024,45304,32035,0,0,19090,3331,6902,129,196,0,0,0,0,0,69961,81,276,0,0,0,0,0
546,2738,547.3371167258074,99966,571,259,27,3,8399,3863,0.1226617049796931,298,126,21691,15174,5605,2480,21806,31956,45374,32111,0,0,18919,3354,7018,131,205,0,0,0,0,0,69982,81,276,0,0,0,0,0
547,2738,548.5608677947732,99966,563,231,27,3,8484,3894,0.1238220995138347,291,130,21705,15230,5653,2524,21759,31880,45442,32186,0,0,18754,3371,7127,137,212,0,0,0,0,0,70008,80,277,0,0,0,0,0
548,2738,549.1741766440852,99966,570,236,27,3,8532,3918,0.12454234439709501,288,131,21668,15221,5671,2532,21774,31875,45508,32259,0,0,18618,3366,7181,140,215,0,0,0,0,0,70090,79,277,0,0,0,0,0
549,2738,550.4002127285847,99966,555,230,27,3,8618,3956,0.12578276614048778,274,135,21687,15274,5723,2555,21732,31801,45573,32331,0,0,18459,3384,7279,143,226,0,0,0,0,0,70119,79,277,0,0,0,0,0
550,2738,551.0147516675809,99966,555,226,27,3,8667,3979,0.12650301102374809,266,132,21660,15270,5751,2573,21739,31794,45636,32401,0,0,18327,3379,7344,148,229,0,0,0,0,0,70183,78,278,0,0,0,0,0
551,2738,552.2429681546838,99966,538,223,27,3,8761,4013,0.1277834463717664,279,138,21652,15343,5822,2599,21680,31692,45697,32470,0,0,18172,3400,7453,152,234,0,0,0,0,0,70199,78,278,0,0,0,0,0
552,2738,553.4745042132032,99966,502,235,27,3,8834,4060,0.12898385451053357,284,124,21663,15417,5891,2622,21631,31597,45757,32537,0,0,18018,3428,7558,151,241,0,0,0,0,0,70215,78,277,0,0,0,0,0
553,2738,554.0900156937109,99966,512,228,27,3,8888,4079,0.12971410279495027,268,124,21653,15447,5911,2636,21627,31560,45815,32603,0,0,17895,3425,7619,154,244,0,0,0,0,0,70274,77,278,0,0,0,0,0
554,2738,555.3232543617249,99966,518,227,27,3,8977,4110,0.13091451093371748,257,122,21673,15521,5964,2652,21559,31473,45872,32667,0,0,17753,3445,7710,155,245,0,0,0,0,0,70303,77,278,0,0,0,0,0
555,2738,556.5551828627489,99965,508,218,28,3,9066,4146,0.13216625819036662,246,131,21695,15597,6025,2679,21496,31370,45928,32730,0,0,17616,3461,7822,158,250,0,0,0,0,0,70304,76,278,0,0,0,0,0
556,2738,557.1704567919294,99965,514,225,28,3,9098,4169,0.13271645075776523,250,130,21683,15615,6014,2682,21509,31343,45982,32792,0,0,17502,3460,7856,158,255,0,0,0,0,0,70381,75,278,0,0,0,0,0
557,2738,558.4022448230738,99965,485,214,28,3,9173,4200,0.13377682188766069,250,127,21716,15703,6082,2709,21437,31242,46035,32852,0,0,17367,3478,7961,161,263,0,0,0,0,0,70382,75,278,0,0,0,0,0
558,2738,559.0173441711943,99965,489,215,28,3,9222,4219,0.13445705997098983,242,121,21716,15730,6095,2716,21428,31213,46087,32911,0,0,17253,3483,8015,161,265,0,0,0,0,0,70435,73,280,0,0,0,0,0
559,2738,560.2480492629878,99965,482,207,28,3,9299,4257,0.13560746261191417,246,121,21750,15800,6128,2753,21364,31114,46137,32969,0,0,17132,3497,8110,160,275,1,0,0,0,0,70437,73,280,0,0,0,0,0
560,2738,561.4769740613053,99965,465,212,28,3,9371,4299,0.13674786175161308,263,109,21758,15887,6186,2780,21298,31007,46186,33026,0,0,17009,3512,8200,164,282,1,0,0,0,0,70445,71,281,0,0,0,0,0
561,2738,562.0906891830805,99965,456,207,28,3,9411,4313,0.13728805081778622,263,114,21759,15912,6196,2788,21296,30974,46234,33081,0,0,16910,3502,8258,170,286,1,0,0,0,0,70486,71,281,0,0,0,0,0
562,2738,563.3192486734171,99965,435,210,28,3,9481,4349,0.13834842194768168,248,102,21809,16006,6248,2807,21230,30870,46281,33135,0,0,16786,3522,8350,173,289,1,0,0,0,0,70492,71,281,0,0,0,0,0
563,2738,564.5456889331305,99965,438,195,28,3,9561,4372,0.13937878257390088,229,108,21845,16101,6288,2829,21170,30762,46327,33188,0,0,16669,3538,8437,175,293,1,0,0,0,0,70500,71,281,0,0,0,0,0
564,2738,565.1576546338148,99965,434,200,28,3,9595,4390,0.13989896463762316,233,106,21835,16124,6304,2833,21164,30732,46372,33240,0,0,16578,3530,8484,178,295,2,0,0,0,0,70547,70,281,0,0,0,0,0
565,2738,566.3824822539103,99965,433,212,28,3,9672,4426,0.14102936027609664,211,92,21863,16203,6350,2840,21113,30648,46416,33291,0,0,16468,3544,8564,179,298,2,0,0,0,0,70559,70,281,0,0,0,0,0
566,2738,567.6059550363465,99964,432,192,29,3,9747,4447,0.14199111680204873,194,105,21898,16298,6390,2869,21055,30531,46458,33341,0,0,16362,3556,8646,181,307,2,0,0,0,0,70559,70,281,0,0,0,0,0
567,2738,568.2168973370684,99963,438,190,30,3,9785,4465,0.14255274451547073,199,101,21885,16320,6400,2880,21046,30504,46499,33390,0,0,16277,3550,8697,182,309,2,0,0,0,0,70595,70,281,0,0,0,0,0
568,2738,569.4393327455523,99963,427,195,30,3,9839,4497,0.1434130628332483,193,97,21923,16415,6430,2891,20995,30397,46539,33438,0,0,16175,3560,8769,186,310,2,0,0,0,0,70610,70,281,0,0,0,0,0
569,2738,570.0496390967935,99963,425,186,30,3,9871,4509,0.1438532256935066,185,100,21930,16441,6444,2903,20984,30365,46579,33485,0,0,16088,3562,8815,185,315,2,0,0,0,0,70646,69,281,0,0,0,0,0
570,2738,571.2703601603362,99963,383,172,30,3,9919,4541,0.14465352180306715,197,97,21950,16524,6501,2928,20937,30274,46618,33531,0,0,15991,3575,8905,184,331,3,0,0,0,0,70624,69,281,0,0,0,0,0
571,2738,572.4898286161623,99963,398,177,30,3,9985,4565,0.14555385492632275,188,102,21983,16626,6513,2929,20886,30161,46656,33576,0,0,15907,3575,8965,185,335,3,0,0,0,0,70643,69,281,0,0,0,0,0
572,2738,573.0989411083101,99963,394,192,30,3,10014,4592,0.14611406220301512,187,81,21988,16658,6525,2930,20874,30134,46693,33620,0,0,15832,3567,9012,187,336,3,0,0,0,0,70676,69,281,0,0,0,0,0
573,2738,574.3168969062551,99963,385,181,30,3,10072,4616,0.14693436571531468,190,79,22028,16722,6551,2956,20814,30057,46729,33663,0,0,15737,3580,9081,191,342,3,0,0,0,0,70679,68,282,0,0,0,0,0
574,2738,575.5324372275453,99963,367,173,30,3,10119,4635,0.14759461000570212,192,84,22072,16790,6582,2972,20755,29976,46764,33705,0,0,15639,3601,9141,191,348,3,0,0,0,0,70691,68,281,0,0,0,0,0
575,2738,576.1392651499534,99963,369,167,30,3,10147,4652,0.14804477656732992,185,81,22085,16831,6586,2989,20743,29927,46798,33746,0,0,15566,3598,9189,192,349,3,0,0,0,0,70717,68,281,0,0,0,0,0
576,2738,577.3526135678163,99963,348,177,30,3,10199,4687,0.148915098586477,191,69,22141,16914,6621,2997,20667,29838,46831,33787,0,0,15480,3610,9254,192,360,3,0,0,0,0,70716,68,280,0,0,0,0,0
577,2738,578.5631393156499,99963,356,167,30,3,10253,4713,0.14971539469603753,182,71,22179,17006,6638,3020,20613,29731,46864,33827,0,0,15407,3608,9320,194,367,3,0,0,0,0,70716,68,280,0,0,0,0,0
578,2738,579.1674312311322,99963,348,168,30,3,10277,4728,0.1501055390494483,180,64,22184,17039,6652,3026,20604,29698,46896,33866,0,0,15333,3610,9355,194,371,3,0,0,0,0,70749,68,280,0,0,0,0,0
579,2738,580.3755538256588,99962,341,152,31,3,10330,4749,0.1508473219823533,162,62,22233,17142,6670,3041,20561,29598,46927,33904,0,0,15255,3615,9426,197,378,3,0,0,0,0,70740,68,280,0,0,0,0,0
580,2738,581.5814941516514,99962,331,135,31,3,10376,4761,0.15142754246613713,167,70,22286,17239,6691,3047,20492,29504,46957,33941,0,0,15175,3625,9487,199,381,4,0,0,0,0,70743,68,280,0,0,0,0,0
581,2738,582.1833486516805,99962,324,131,31,3,10402,4768,0.15175766791380724,164,77,22286,17258,6702,3052,20491,29477,46987,33978,0,0,15105,3629,9522,199,384,4,0,0,0,0,70772,67,280,0,0,0,0,0
582,2738,583.3865184541377,99962,317,137,31,3,10464,4792,0.15261799483803845,146,78,22333,17360,6741,3054,20430,29366,47016,34014,0,0,15022,3643,9581,203,387,4,0,0,0,0,70775,67,280,0,0,0,0,0
583,2738,584.5874302294769,99962,324,145,31,3,10522,4825,0.1535283407694924,133,58,22376,17473,6762,3062,20372,29257,47044,34049,0,0,14940,3663,9631,201,391,4,0,0,0,0,70785,66,281,0,0,0,0,0
584,2738,585.1870222959955,99962,320,150,31,3,10546,4842,0.15393849662871892,137,42,22389,17521,6764,3067,20357,29215,47072,34083,0,0,14882,3660,9672,200,393,4,0,0,0,0,70804,66,281,0,0,0,0,0
585,2738,586.3854790487408,99962,296,132,31,3,10580,4848,0.15433864868650088,153,51,22430,17608,6784,3078,20304,29126,47099,34117,0,0,14804,3676,9723,200,400,4,0,0,0,0,70808,66,281,0,0,0,0,0
586,2738,587.5817326196717,99962,301,124,31,3,10627,4865,0.154978891978952,149,52,22487,17690,6788,3086,20242,29043,47126,34150,0,0,14734,3687,9769,199,406,4,0,0,0,0,70816,66,281,0,0,0,0,0
587,2738,588.1783410552389,99962,300,111,31,3,10650,4869,0.15524899461795483,143,58,22507,17737,6789,3089,20228,29000,47152,34182,0,0,14685,3679,9813,199,407,5,0,0,0,0,70827,65,282,0,0,0,0,0
588,2738,589.3710250946152,99962,309,103,31,3,10701,4876,0.15582921510173867,133,63,22561,17832,6794,3093,20170,28904,47177,34214,0,0,14625,3679,9858,202,410,5,0,0,0,0,70836,65,282,0,0,0,0,0
589,2738,590.5604765506208,99962,267,110,31,3,10727,4895,0.15627938616674336,145,62,22646,17936,6825,3089,20084,28798,47202,34245,0,0,14563,3685,9922,203,414,5,0,0,0,0,70823,64,283,0,0,0,0,0
590,2738,591.1537290520935,99962,257,112,31,3,10746,4905,0.1565694964086353,146,57,22665,17973,6831,3086,20068,28767,47226,34276,0,0,14510,3683,9947,204,420,5,0,0,0,0,70846,63,284,0,0,0,0,0
591,2738,592.3385993003261,99962,260,103,31,3,10796,4915,0.15716972449530822,127,59,22718,18073,6849,3093,20013,28667,47250,34306,0,0,14450,3687,9988,207,428,5,0,0,0,0,70851,62,284,0,0,0,0,0
592,2738,593.5205232618882,99962,258,101,31,3,10828,4929,0.15762989936175748,118,65,22784,18193,6860,3089,19947,28547,47273,34335,0,0,14395,3688,10025,209,432,5,0,0,0,0,70862,62,284,0,0,0,0,0
593,2738,594.1105253598594,99962,253,104,31,3,10839,4934,0.15778996018487024,128,68,22800,18245,6851,3083,19935,28495,47296,34364,0,0,14349,3682,10045,209,434,5,0,0,0,0,70892,62,284,0,0,0,0,0
594,2738,595.2886645562769,99961,241,103,32,3,10873,4950,0.1582917337761727,126,60,22851,18349,6865,3093,19883,28390,47318,34392,0,0,14293,3688,10092,208,439,5,0,0,0,0,70890,62,284,0,0,0,0,0
595,2738,596.4642485937607,99961,242,103,32,3,10912,4964,0.15882194055681717,120,63,22932,18449,6856,3090,19816,28290,47340,34420,0,0,14247,3683,10140,209,443,5,0,0,0,0,70889,62,283,0,0,0,0,0
596,2738,597.0506078814416,99961,235,99,32,3,10927,4972,0.1590520302918138,114,62,22963,18491,6861,3095,19793,28248,47361,34447,0,0,14201,3680,10173,210,444,5,0,0,0,0,70903,62,283,0,0,0,0,0
597,2738,598.2210658301714,99961,231,100,32,3,10967,4992,0.15965226438310942,108,54,23013,18605,6870,3098,19744,28138,47382,34474,0,0,14149,3680,10224,214,446,5,0,0,0,0,70898,62,283,0,0,0,0,0
598,2738,599.3887546217877,99961,219,101,32,3,10995,5003,0.16004241654245155,110,49,23082,18718,6882,3099,19673,28028,47402,34500,0,0,14099,3683,10265,215,448,5,0,0,0,0,70901,62,283,0,0,0,0,0
599,2738,600.5534964932207,99961,215,98,32,3,11023,5017,0.16046258040635847,100,46,23143,18820,6886,3107,19622,27924,47422,34526,0,0,14051,3684,10305,216,451,5,0,0,0,0,70904,62,283,0,0,0,0,0
600,2738,601.1346798529851,99961,210,102,32,3,11035,5024,0.16065265453526875,99,46,23156,18854,6892,3107,19609,27886,47441,34551,0,0,14007,3684,10321,216,453,5,0,0,0,0,70930,62,283,0,0,0,0,0
601,2738,602.2955561619433,99960,209,99,33,3,11067,5036,0.16109443777511004,104,44,23205,18967,6893,3109,19554,27776,47460,34576,0,0,13959,3685,10358,218,454,6,0,0,0,0,70935,62,283,0,0,0,0,0
602,2738,603.453931914881,99960,208,90,33,3,11098,5046,0.16150460184073628,97,42,23279,19067,6900,3110,19481,27686,47479,34600,0,0,13913,3688,10395,218,460,6,0,0,0,0,70936,62,282,0,0,0,0,0
603,2738,604.0315400827709,99959,201,89,34,3,11105,5053,0.1616462749727388,116,44,23303,19106,6890,3112,19454,27644,47497,34624,0,0,13876,3683,10419,217,462,6,0,0,0,0,70952,62,282,0,0,0,0,0
604,2738,605.1854372233527,99959,206,85,34,3,11142,5064,0.1621264718534599,108,45,23376,19206,6889,3111,19385,27548,47515,34647,0,0,13829,3685,10451,222,464,6,0,0,0,0,70959,61,282,0,0,0,0,0
605,2738,606.3358299602073,99959,213,89,34,3,11174,5074,0.16254664412409087,103,50,23437,19315,6882,3107,19329,27434,47532,34670,0,0,13794,3682,10479,222,467,6,0,0,0,0,70966,59,284,0,0,0,0,0
606,2738,607.4829077041466,99959,199,87,34,3,11204,5091,0.1630168369031303,93,40,23483,19411,6901,3114,19288,27343,47549,34692,0,0,13754,3683,10533,222,471,6,0,0,0,0,70947,59,284,0,0,0,0,0
607,2738,608.0555322803383,99959,195,81,34,3,11220,5093,0.1631969107334007,84,46,23494,19445,6910,3111,19281,27312,47566,34714,0,0,13718,3678,10561,225,471,6,0,0,0,0,70958,58,284,0,0,0,0,0
608,2738,609.2000469460169,99959,179,82,34,3,11236,5105,0.163477025580488,97,52,23552,19543,6906,3105,19230,27213,47582,34736,0,0,13676,3684,10588,223,478,6,0,0,0,0,70962,58,284,0,0,0,0,0
609,2738,610.3422363014148,99959,181,92,34,3,11271,5120,0.16397723066457248,83,42,23639,19632,6897,3096,19164,27133,47598,34757,0,0,13636,3687,10615,223,482,6,0,0,0,0,70968,58,284,0,0,0,0,0
610,2738,611.4806005794115,99959,172,93,34,3,11290,5133,0.16429736191838654,83,39,23711,19716,6900,3089,19098,27058,47614,34778,0,0,13600,3685,10653,224,483,6,0,0,0,0,70966,58,284,0,0,0,0,0
611,2738,612.0480284337759,99959,165,88,34,3,11299,5135,0.1644074070368851,86,40,23730,19755,6902,3092,19081,27020,47629,34798,0,0,13567,3683,10673,224,486,6,0,0,0,0,70979,58,283,0,0,0,0,0
612,2738,613.1817194094249,99959,170,82,34,3,11328,5148,0.16482757930751607,75,38,23807,19839,6895,3097,19017,26939,47644,34818,0,0,13533,3682,10713,224,488,6,0,0,0,0,70972,58,283,0,0,0,0,0
613,2738,614.312211464741,99959,168,82,34,3,11348,5156,0.16510769415460338,70,36,23884,19942,6882,3092,18960,26843,47659,34838,0,0,13499,3681,10738,224,491,6,0,0,0,0,70979,58,283,0,0,0,0,0
614,2738,615.4389737950698,99959,163,80,34,3,11368,5167,0.16541782130673577,69,35,23955,20023,6869,3093,18908,26764,47673,34857,0,0,13467,3681,10770,223,495,6,0,0,0,0,70976,58,283,0,0,0,0,0
615,2738,616.0010850886629,99959,159,79,34,3,11382,5174,0.16562790744205125,69,35,23980,20051,6866,3098,18890,26732,47687,34876,0,0,13437,3678,10794,223,496,7,0,0,0,0,70983,58,283,0,0,0,0,0
616,2738,617.1234455196352,99959,154,66,34,3,11404,5182,0.16592803049250193,62,35,24060,20144,6855,3105,18833,26645,47701,34895,0,0,13404,3679,10839,222,498,7,0,0,0,0,70969,58,283,0,0,0,0,0
617,2738,618.242361376049,99959,143,62,34,3,11417,5191,0.16614812072949908,65,31,24128,20227,6847,3107,18781,26568,47715,34913,0,0,13374,3675,10870,224,501,7,0,0,0,0,70967,58,283,0,0,0,0,0
618,2738,619.3583271463971,99959,137,54,34,3,11431,5194,0.16631819045808782,70,36,24201,20308,6837,3106,18719,26491,47728,34931,0,0,13342,3676,10894,224,504,7,0,0,0,0,70971,58,283,0,0,0,0,0
619,2738,620.4709780353281,99959,132,62,34,3,11446,5206,0.16658830120349344,63,37,24286,20401,6818,3093,18665,26402,47741,34949,0,0,13312,3674,10916,225,505,7,0,0,0,0,70979,58,283,0,0,0,0,0
620,2738,621.0259903709904,99959,138,64,34,3,11455,5209,0.1667083504236737,59,39,24318,20433,6804,3086,18645,26373,47754,34966,0,0,13283,3672,10920,226,505,7,0,0,0,0,71005,58,283,0,0,0,0,0
621,2738,622.133387297298,99959,140,68,34,3,11474,5219,0.1669984693724427,57,39,24386,20523,6789,3082,18592,26283,47767,34983,0,0,13254,3671,10938,226,508,7,0,0,0,0,71014,58,283,0,0,0,0,0
622,2738,623.2375185595977,99959,126,64,34,3,11486,5226,0.1671885473043948,60,38,24465,20601,6778,3074,18535,26218,47779,35000,0,0,13225,3669,10967,228,511,7,0,0,0,0,71011,58,283,0,0,0,0,0
623,2738,624.3383375090501,99959,121,60,34,3,11501,5235,0.16742864574475536,57,36,24557,20696,6760,3078,18469,26125,47791,35016,0,0,13196,3670,10995,228,513,7,0,0,0,0,71009,58,283,0,0,0,0,0
624,2738,625.4351926190244,99959,110,66,34,3,11513,5245,0.1676487359817525,55,31,24635,20794,6750,3071,18414,26033,47803,35032,0,0,13171,3666,11018,229,516,7,0,0,0,0,71011,58,283,0,0,0,0,0
625,2738,626.5287304116197,99959,105,64,34,3,11520,5255,0.16781880571034125,60,23,24722,20891,6729,3068,18348,25949,47815,35048,0,0,13145,3665,11041,229,517,7,0,0,0,0,71014,57,284,0,0,0,0,0
626,2738,627.0738315051506,99959,108,60,34,3,11529,5257,0.16792885082883982,53,24,24762,20929,6713,3069,18328,25913,47826,35063,0,0,13126,3657,11059,230,517,7,0,0,0,0,71022,57,284,0,0,0,0,0
627,2738,628.1619880217095,99959,108,53,34,3,11543,5262,0.16811892876079193,46,30,24832,21027,6693,3062,18285,25823,47837,35078,0,0,13107,3650,11092,230,517,7,0,0,0,0,71015,57,284,0,0,0,0,0
628,2738,629.2469791144994,99959,106,52,34,3,11560,5267,0.16833901899778908,41,32,24901,21113,6692,3059,18224,25739,47848,35093,0,0,13077,3653,11106,231,520,7,0,0,0,0,71024,57,284,0,0,0,0,0
629,2738,630.3289706558669,99959,105,53,34,3,11572,5275,0.1685391010314229,65,55,24951,21184,6678,3050,18165,25653,47859,35108,0,0,13050,3652,11119,231,521,7,2,0,0,4,71032,57,284,0,0,0,0,0
630,2738,631.2181334095844,99959,107,60,34,3,11587,5288,0.16881921587851018,83,56,24985,21252,6670,3054,18119,25573,47869,35122,0,0,13023,3652,11117,231,523,7,5,0,0,18,71042,57,284,0,0,0,0,0
631,2738,632.1056347635578,99959,115,67,34,3,11608,5302,0.16916935943736933,100,59,25022,21332,6656,3047,18071,25490,47879,35136,0,0,13009,3643,11125,230,525,7,5,0,0,37,71037,57,284,0,0,0,0,0
632,2738,633.2862742592077,99959,121,77,34,3,11643,5323,0.16972958913154393,111,63,25089,21430,6648,3048,17995,25377,47889,35150,0,0,12980,3637,11129,231,526,7,15,0,0,65,71028,57,284,0,0,0,0,0
633,2738,634.1695858157096,99959,128,82,34,3,11666,5337,0.17009974089376645,126,70,25132,21509,6631,3044,17947,25290,47899,35164,0,0,12958,3632,11132,231,528,7,18,0,0,85,71027,57,284,0,0,0,0,0
634,2738,635.0511201894286,99959,149,85,34,3,11699,5346,0.1705199131643974,131,80,25171,21577,6621,3034,17892,25219,47909,35177,0,0,12935,3625,11135,232,531,7,24,0,0,93,71036,57,284,0,0,0,0,0
635,2738,636.2240838095798,99959,173,90,34,3,11747,5370,0.17124020848547905,138,90,25208,21668,6618,3039,17827,25108,47919,35190,0,0,12905,3622,11133,231,537,7,35,0,0,120,71028,57,284,0,0,0,0,0
636,2738,637.102081050178,99959,183,101,34,3,11772,5391,0.17170039716283678,161,97,25249,21723,6603,3041,17768,25033,47928,35203,0,0,12882,3618,11134,230,541,7,41,0,0,136,71029,57,284,0,0,0,0,0
637,2738,638.2698416051225,99959,203,117,34,3,11827,5423,0.17257075400914376,170,97,25310,21800,6598,3042,17683,24939,47937,35216,0,0,12855,3612,11134,231,546,7,51,0,0,171,71011,57,284,0,0,0,0,0
638,2738,639.1435771838914,99959,222,127,34,3,11865,5446,0.1731810042117268,196,98,25338,21869,6590,3044,17618,24857,47946,35229,0,0,12833,3606,11137,233,547,7,55,0,0,196,71004,57,284,0,0,0,0,0
639,2738,640.0159829261095,99959,253,131,34,3,11918,5468,0.17393131183785351,209,107,25364,21921,6584,3053,17554,24783,47955,35241,0,0,12809,3599,11139,235,550,7,63,0,0,223,70993,57,284,0,0,0,0,0
640,2738,641.1765056167039,99959,275,139,34,3,11982,5499,0.17488170149761403,237,119,25423,21991,6574,3066,17455,24680,47964,35253,0,0,12781,3590,11139,240,553,8,74,0,0,267,70966,57,284,0,0,0,0,0
641,2738,642.0448355843265,99959,295,148,34,3,12036,5525,0.17568202963214918,268,129,25425,22044,6578,3071,17398,24603,47973,35265,0,0,12753,3587,11138,240,557,8,84,0,0,304,70947,57,284,0,0,0,0,0
642,2738,643.2012563691079,99959,317,155,34,3,12112,5564,0.17683250132554348,297,146,25460,22131,6593,3084,17297,24479,47981,35277,0,0,12720,3581,11133,242,566,8,101,0,0,362,70905,57,284,0,0,0,0,0
643,2738,644.0669910867599,99959,348,166,34,3,12183,5594,0.1778429155953941,291,147,25486,22193,6603,3094,17236,24395,47989,35288,0,0,12694,3572,11132,246,572,8,112,0,0,399,70883,57,284,0,0,0,0,0
644,2738,645.2193886188261,99959,359,179,34,3,12263,5633,0.17903340369551515,333,152,25502,22274,6627,3104,17143,24286,47997,35299,0,0,12656,3563,11125,253,582,8,133,0,0,455,70843,57,284,0,0,0,0,0
645,2738,646.0828161168031,99959,391,196,34,3,12338,5669,0.1801438589821827,356,156,25483,22325,6643,3111,17091,24207,48005,35310,0,0,12624,3558,11123,256,586,8,148,0,0,495,70820,57,284,0,0,0,0,0
646,2738,647.2338509388642,99959,422,209,34,3,12436,5711,0.18154443321761923,401,191,25462,22371,6673,3120,17006,24104,48013,35321,0,0,12594,3550,11116,261,597,8,161,0,0,560,70771,57,284,0,0,0,0,0
647,2738,648.0967787993291,99959,439,229,34,3,12513,5754,0.18274492541942197,449,198,25449,22412,6707,3136,16920,24020,48021,35332,0,0,12569,3540,11110,268,605,10,170,0,0,614,70732,57,284,0,0,0,0,0
648,2738,649.2465635157776,99959,504,248,34,3,12652,5817,0.18476575395912323,472,202,25452,22466,6735,3170,16801,23909,48028,35343,0,0,12530,3534,11101,273,615,10,192,0,0,695,70668,57,284,0,0,0,0,0
649,2738,650.108093568638,99959,548,260,34,3,12756,5860,0.18623635690633158,502,228,25434,22513,6756,3184,16724,23810,48035,35353,0,0,12499,3529,11097,274,623,11,209,0,0,757,70620,57,283,0,0,0,0,0
650,2738,651.2560955574112,99959,605,284,34,3,12908,5932,0.18847727568303005,552,251,25411,22553,6795,3212,16601,23695,48042,35363,0,0,12466,3518,11088,281,639,11,229,0,0,855,70533,57,282,0,0,0,0,0
651,2738,652.1167733166662,99959,644,301,34,3,13029,5986,0.1902279934773257,605,261,25363,22580,6838,3234,16514,23619,48049,35373,0,0,12424,3504,11078,293,651,12,256,0,0,920,70482,57,282,0,0,0,0,0
652,2738,653.2646416702061,99959,709,325,34,3,13207,6074,0.1928890845246551,616,288,25348,22624,6902,3281,16389,23477,48056,35383,0,0,12381,3493,11062,299,672,13,287,0,0,1037,70377,57,281,0,0,0,0,0
653,2738,654.1251170619221,99959,757,334,34,3,13349,6129,0.19485989255594793,646,321,25317,22645,6946,3312,16298,23383,48063,35393,0,0,12348,3482,11047,304,692,14,308,0,0,1128,70298,57,281,0,0,0,0,0
654,2738,655.2726864045566,99959,823,366,34,3,13540,6217,0.1976510369251393,690,360,25240,22672,7020,3349,16191,23248,48070,35403,0,0,12298,3473,11043,307,702,14,345,0,0,1257,70182,57,281,0,0,0,0,0
655,2738,656.1341862757641,99959,880,404,34,3,13688,6301,0.19997198851529127,743,354,25183,22708,7058,3382,16100,23147,48077,35412,0,0,12265,3460,11034,315,717,14,366,0,0,1348,70102,57,281,0,0,0,0,0
656,2738,657.283818284143,99959,925,441,34,3,13897,6402,0.20307326003661502,809,389,25101,22749,7175,3428,15954,22988,48083,35421,0,0,12210,3445,11020,327,736,15,408,0,0,1497,69963,57,281,0,0,0,0,0
657,2738,658.1474824801045,99959,990,466,34,3,14070,6485,0.2056343100671275,869,414,25003,22763,7247,3471,15855,22881,48089,35430,0,0,12174,3439,11000,331,758,16,431,0,0,1612,69861,57,280,0,0,0,0,0
658,2738,659.0126024082128,99959,1064,508,34,3,14256,6578,0.20842545443631888,919,437,24949,22775,7300,3509,15732,22766,48095,35439,0,0,12129,3432,10981,336,781,16,463,0,0,1714,69771,57,279,0,0,0,0,0
659,2738,660.1669731798983,99958,1135,574,35,3,14515,6719,0.21242922027251446,995,478,24864,22789,7411,3560,15558,22594,48101,35448,0,0,12068,3414,10962,350,803,19,512,0,0,1883,69611,57,279,0,0,0,0,0
660,2738,661.0335044910845,99958,1206,626,35,3,14741,6846,0.2159607034954681,1019,480,24774,22806,7525,3607,15439,22476,48107,35457,0,0,12024,3392,10946,366,826,20,547,0,0,2035,69466,57,279,0,0,0,0,0
661,2738,662.1913862533027,99958,1269,673,35,3,15034,6989,0.22032253546489525,1086,516,24649,22819,7670,3675,15289,22312,48113,35466,0,0,11962,3377,10916,380,861,22,594,0,0,2255,69256,57,278,0,0,0,0,0
662,2738,663.062114855269,99958,1350,700,35,3,15278,7096,0.2238340102843194,1157,559,24536,22799,7769,3742,15151,22195,48119,35474,0,0,11912,3364,10901,389,884,22,630,0,0,2422,69099,57,278,0,0,0,0,0
663,2738,664.2259125538758,99958,1479,756,35,3,15630,7262,0.22901618679845534,1257,593,24377,22779,7907,3821,14943,22046,48125,35482,0,0,11843,3348,10871,398,920,26,691,0,0,2638,68889,57,277,0,0,0,0,0
664,2738,665.1012227401277,99957,1593,798,36,3,15922,7397,0.2332903148353792,1311,626,24264,22752,8006,3894,14788,21925,48131,35490,0,0,11779,3338,10845,406,948,28,743,0,0,2815,68722,56,277,0,0,0,0,0
665,2738,666.2717008180869,99957,1735,838,36,3,16327,7570,0.23907280130456096,1381,700,24089,22720,8158,4007,14599,21730,48137,35498,0,0,11711,3317,10811,422,991,28,800,0,0,3090,68455,56,276,0,0,0,0,0
666,2738,667.1526799040255,99957,1796,879,36,3,16629,7726,0.24365477155176726,1468,771,23937,22688,8323,4092,14438,21565,48142,35506,0,0,11647,3293,10776,442,1032,30,854,0,0,3323,68229,56,275,0,0,0,0,0
667,2738,668.0368520771268,99957,1891,919,36,3,16960,7887,0.2485768880618666,1538,839,23751,22661,8484,4189,14298,21387,48147,35514,0,0,11586,3275,10746,455,1072,33,906,0,0,3563,67994,55,272,0,0,0,0,0
668,2738,669.2224143860171,99956,2031,1001,36,4,17451,8145,0.2560726719756693,1661,859,23521,22617,8712,4332,14037,21185,48152,35522,0,0,11481,3250,10694,482,1136,35,996,0,0,3889,67667,55,271,0,0,0,0,0
669,2738,670.1167765723728,99955,2146,1086,37,4,17830,8359,0.2620079035566005,1764,883,23297,22563,8887,4423,13867,21039,48157,35530,0,0,11411,3227,10660,501,1180,38,1055,0,0,4145,67415,54,269,0,0,0,0,0
670,2738,671.0161838340896,99954,2295,1131,38,4,18263,8557,0.2683234287772375,1877,942,23060,22507,9038,4535,13690,20879,48162,35537,0,0,11334,3203,10625,522,1223,41,1117,0,0,4436,67131,53,269,0,0,0,0,0
671,2738,672.2239817378552,99954,2491,1232,38,4,18870,8856,0.2773875982952158,2017,988,22728,22428,9274,4700,13450,20646,48167,35544,0,0,11214,3173,10572,553,1287,45,1223,0,0,4821,66747,53,266,0,0,0,0,0
672,2738,673.1371152593117,99954,2684,1288,38,4,19368,9074,0.28455089341096906,2054,1046,22505,22356,9453,4823,13264,20481,48172,35551,0,0,11133,3140,10529,582,1347,48,1294,0,0,5108,66458,53,262,0,0,0,0,0
673,2738,674.0560990487021,99952,2768,1363,40,4,19851,9325,0.2919001120537858,2208,1120,22201,22254,9724,4966,13057,20291,48177,35558,0,0,11031,3103,10478,615,1421,51,1381,0,0,5454,66105,53,260,0,0,0,0,0
674,2738,675.29478094392,99951,2961,1484,41,4,20542,9685,0.3024181849106062,2357,1171,21830,22135,10047,5165,12762,20039,48182,35565,0,0,10903,3064,10420,653,1498,54,1494,0,0,5933,65622,52,258,0,0,0,0,0
675,2738,676.2335346138129,99950,3140,1549,42,4,21127,9959,0.31101550775387693,2421,1232,21538,22053,10301,5331,12556,19829,48187,35572,0,0,10797,3033,10370,691,1569,56,1579,0,0,6319,65228,51,257,0,0,0,0,0
676,2738,677.1810203189241,99950,3287,1613,42,4,21704,10237,0.3195697848924462,2589,1320,21175,21944,10572,5498,12333,19619,48192,35579,0,0,10683,3003,10315,718,1655,57,1679,0,0,6717,64819,51,253,0,0,0,0,0
677,2738,678.1397396139546,99950,3436,1671,42,4,22361,10531,0.3290845422711356,2687,1439,20859,21821,10898,5674,12076,19389,48197,35586,0,0,10558,2954,10246,768,1744,66,1788,0,0,7163,64360,51,252,0,0,0,0,0
678,2738,679.1091006150386,99949,3578,1795,43,4,22981,10891,0.3388928353460265,2850,1528,20522,21654,11197,5855,11808,19162,48201,35593,0,0,10443,2915,10178,803,1834,73,1892,0,0,7604,63906,49,252,0,0,0,0,0
679,2738,680.0889895934017,99947,3755,1919,45,4,23649,11302,0.3496953385294206,3036,1548,20155,21504,11473,6075,11534,18948,48205,35599,0,0,10319,2878,10119,845,1915,84,1994,0,0,8090,63404,49,250,0,0,0,0,0
680,2738,681.0809690887221,99946,3918,2008,46,4,24365,11681,0.36065475356692617,3220,1609,19734,21372,11823,6298,11257,18707,48209,35605,0,0,10175,2843,10036,883,2042,91,2117,0,0,8571,62891,49,248,0,0,0,0,0
681,2738,682.0876168221972,99946,4195,2076,46,4,25236,12081,0.3733716206751646,3259,1712,19375,21196,12157,6550,10966,18460,48213,35611,0,0,10011,2802,9953,923,2164,101,2267,0,0,9115,62316,49,245,0,0,0,0,0
682,2738,683.1087780086832,99945,4412,2178,47,4,26085,12504,0.3861023562959628,3410,1787,18916,21021,12538,6811,10675,18197,48217,35617,0,0,9870,2750,9844,978,2318,111,2391,0,0,9656,61738,48,241,0,0,0,0,0
683,2738,684.1480437955264,99944,4681,2296,47,5,27034,12973,0.40029416473225005,3486,1861,18488,20841,12920,7077,10376,17918,48221,35623,0,0,9716,2712,9741,1025,2454,123,2522,0,0,10291,61074,47,239,0,0,0,0,0
684,2738,685.2045734010022,99943,4889,2457,48,5,28005,13479,0.4150765936583853,3596,1960,18028,20617,13376,7337,10061,17622,48225,35629,0,0,9540,2678,9625,1070,2641,133,2665,0,0,10900,60406,47,238,0,0,0,0,0
685,2738,686.2818618056921,99943,5076,2633,48,5,28957,14033,0.43014518275416985,3790,2053,17507,20395,13826,7630,9751,17282,48229,35635,0,0,9350,2634,9532,1117,2808,144,2832,0,0,11544,59699,47,236,0,0,0,0,0
686,2738,687.01339231066,99943,5290,2678,48,5,29671,14375,0.44071120538707065,3884,2141,17173,20261,14088,7848,9515,17065,48233,35641,0,0,9232,2607,9464,1147,2926,152,2931,0,0,12010,59192,46,236,0,0,0,0,0
687,2738,688.1306936372907,99942,5479,2817,49,5,30725,14946,0.45697504552640533,4067,2231,16650,20029,14562,8178,9191,16738,48237,35647,0,0,9055,2570,9348,1186,3128,172,3085,0,0,12755,58364,46,233,0,0,0,0,0
688,2738,689.2748981894932,99940,5759,3034,51,5,31869,15589,0.47486491895137084,4208,2306,16103,19746,15035,8478,8842,16429,48241,35653,0,0,8851,2529,9243,1242,3321,185,3256,0,0,13476,57564,42,231,0,0,0,0,0
689,2738,690.0539357887741,99938,5899,3136,53,5,32668,16039,0.4873721707458624,4250,2366,15756,19545,15415,8735,8625,16211,48245,35659,0,0,8706,2494,9146,1296,3485,199,3360,0,0,14019,56963,42,228,0,0,0,0,0
690,2738,691.2486838258261,99936,6173,3295,55,5,33978,16739,0.5074947966698687,4299,2449,15227,19230,15950,9128,8294,15891,48249,35664,0,0,8475,2421,9004,1380,3750,222,3553,0,0,14837,56030,41,223,0,0,0,0,0
691,2738,692.0359081183858,99934,6343,3409,57,5,34851,17238,0.5212340144495367,4370,2462,14837,19036,16304,9417,8087,15669,48253,35669,0,0,8324,2383,8905,1431,3911,248,3674,0,0,15430,55365,41,222,0,0,0,0,0
692,2738,693.1783268986175,99931,6573,3549,59,6,36080,17930,0.5404729263191602,4428,2603,14326,18727,16846,9813,7766,15300,48257,35674,0,0,8101,2320,8768,1511,4185,279,3857,0,0,16186,54471,38,215,0,0,0,0,0
693,2738,694.2780871083672,99930,6718,3718,59,7,37242,18650,0.5593115180626439,4576,2677,13809,18411,17338,10212,7498,14973,48261,35679,0,0,7911,2251,8623,1604,4446,309,3999,0,0,17011,53523,38,215,0,0,0,0,0
694,2738,695.3387636420225,99930,6856,3833,59,7,38450,19352,0.5784248974281997,4595,2746,13337,18118,17931,10651,7220,14643,48265,35684,0,0,7681,2189,8477,1690,4720,345,4172,0,0,17852,52555,37,212,0,0,0,0,0
695,2738,696.0242062687948,99929,6978,3975,60,7,39255,19842,0.591389886819642,4625,2755,13059,17932,18259,10898,7017,14431,48268,35689,0,0,7528,2151,8382,1748,4907,366,4287,0,0,18338,51975,36,211,0,0,0,0,0
696,2738,697.0249035892368,99929,7148,4099,60,7,40403,20543,0.6098930240470735,4724,2790,12596,17665,18734,11310,6736,14127,48271,35694,0,0,7297,2092,8237,1824,5179,399,4472,0,0,19098,51088,36,207,0,0,0,0,0
697,2738,698.3128690148361,99928,7460,4266,61,7,41936,21448,0.634296693619406,4770,2816,12062,17356,19252,11813,6393,13740,48274,35699,0,0,7068,2016,8053,1904,5577,438,4646,0,0,20030,49959,36,201,0,0,0,0,0
698,2738,699.2504804460118,99928,7587,4351,61,7,43064,22099,0.6520995116483869,4850,2842,11664,17138,19701,12197,6135,13463,48277,35704,0,0,6890,1976,7917,1963,5891,478,4775,0,0,20758,49046,35,199,0,0,0,0,0
699,2738,700.1633333734375,99928,7707,4422,61,7,44158,22733,0.6693919622127932,4901,2933,11289,16895,20146,12566,5894,13175,48280,35709,0,0,6726,1937,7778,2025,6193,530,4884,0,0,21461,48166,35,193,0,0,0,0,0
700,2738,701.0526790681781,99926,7763,4507,62,8,45199,23418,0.6866781418249505,4973,2946,10955,16632,20571,12994,5674,12911,48283,35714,0,0,6550,1890,7649,2116,6503,582,4991,0,0,22138,47281,34,192,0,0,0,0,0
701,2738,702.206498992944,99926,8005,4608,62,8,46691,24246,0.7098953225386786,4894,3009,10519,16366,21138,13462,5380,12545,48286,35719,0,0,6318,1835,7485,2214,6913,634,5137,0,0,22981,46189,33,187,0,0,0,0,0
702,2738,703.0489223099213,99925,8032,4697,63,8,47685,24867,0.7260645484113085,4884,3014,10209,16169,21606,13810,5204,12300,48289,35724,0,0,6139,1792,7374,2302,7190,688,5236,0,0,23617,45371,31,185,0,0,0,0,0
703,2738,704.1434089227893,99925,8200,4810,63,8,49074,25676,0.7480610457843383,4880,3052,9802,15925,22083,14229,4970,11974,48292,35729,0,0,5917,1732,7230,2418,7587,766,5367,0,0,24313,44379,31,185,0,0,0,0,0
704,2738,705.2104452519634,99923,8275,4868,65,8,50371,26472,0.769022147053231,4879,3119,9442,15650,22573,14707,4764,11646,48295,35734,0,0,5690,1683,7066,2516,8002,836,5502,0,0,25078,43339,28,183,0,0,0,0,0
705,2738,706.2517491758484,99923,8271,4955,65,8,51614,27258,0.7893277823924422,4887,3180,9119,15361,23125,15130,4531,11364,48298,35738,0,0,5500,1610,6918,2623,8404,938,5611,0,0,25774,42337,28,180,0,0,0,0,0
706,2738,707.0162092313466,99922,8315,5001,66,8,52513,27870,0.8044574768319289,4945,3174,8857,15144,23429,15501,4386,11170,48301,35742,0,0,5349,1575,6795,2688,8728,997,5696,0,0,26281,41607,28,178,0,0,0,0,0
707,2738,708.016688239995,99921,8377,5116,67,8,53757,28716,0.8253820518209385,4911,3207,8571,14832,23878,15939,4194,10896,48304,35746,0,0,5145,1535,6639,2761,9146,1089,5812,0,0,26966,40628,26,174,0,0,0,0,0
708,2738,709.2401496570643,99920,8450,5155,68,8,55238,29645,0.8495096076861489,4931,3227,8191,14527,24398,16490,3960,10591,48307,35750,0,0,4912,1456,6464,2889,9650,1193,5926,0,0,27767,39471,26,166,0,0,0,0,0
709,2738,710.1985157390496,99919,8498,5202,69,8,56415,30381,0.8686636175301995,4874,3194,7906,14302,24848,16934,3803,10358,48310,35754,0,0,4738,1398,6322,3014,10075,1270,5984,0,0,28357,38576,25,160,0,0,0,0,0
710,2738,711.1394473888212,99919,8517,5298,69,8,57539,31153,0.8876389875799398,4861,3146,7677,14085,25241,17345,3633,10116,48313,35758,0,0,4565,1355,6184,3088,10484,1369,6072,0,0,28916,37707,23,156,0,0,0,0,0
711,2738,712.0648504295467,99915,8497,5273,72,9,58697,31860,0.9063403893309313,4792,3112,7452,13902,25702,17790,3483,9912,48316,35762,0,0,4407,1297,6026,3194,10956,1469,6122,0,0,29477,36793,21,153,0,0,0,0,0
712,2738,713.2014719803713,99915,8484,5325,72,9,60032,32742,0.928529249862383,4809,3141,7175,13632,26145,18267,3313,9624,48319,35766,0,0,4196,1231,5886,3304,11476,1591,6217,0,0,30074,35770,18,152,0,0,0,0,0
713,2738,714.0969143767481,99913,8489,5338,73,10,61122,33433,0.9463733448099847,4816,3116,6985,13433,26462,18684,3173,9417,48322,35770,0,0,4046,1189,5741,3375,11914,1709,6279,0,0,30535,34957,18,150,0,0,0,0,0
714,2738,715.2010531918975,99913,8418,5331,73,10,62389,34283,0.9675617787475104,4813,3106,6779,13212,26908,19164,3007,9175,48325,35774,0,0,3876,1135,5583,3495,12456,1844,6317,0,0,31112,33932,17,146,0,0,0,0,0
715,2738,716.0715211604893,99911,8383,5360,75,10,63442,34973,0.9850266737396283,4694,3069,6646,13008,27301,19555,2899,8996,48328,35778,0,0,3722,1093,5467,3563,12872,1971,6369,0,0,31549,33150,15,140,0,0,0,0,0
716,2738,717.1445972221612,99911,8248,5380,75,10,64649,35790,1.0052847033860135,4684,3031,6431,12799,27800,20012,2760,8766,48331,35782,0,0,3573,1034,5327,3664,13425,2131,6397,0,0,31994,32215,15,136,0,0,0,0,0
717,2738,718.2021448174813,99911,8275,5376,75,10,65890,36571,1.0255227152165427,4551,3017,6286,12608,28165,20436,2646,8551,48334,35786,0,0,3414,1008,5198,3725,13922,2278,6439,0,0,32465,31314,15,133,0,0,0,0,0
718,2738,719.0396455990393,99911,8291,5363,75,10,66875,37213,1.0418072084154897,4444,2994,6163,12443,28462,20813,2563,8375,48337,35790,0,0,3300,973,5112,3804,14318,2405,6453,0,0,32816,30586,15,129,0,0,0,0,0
719,2738,720.0760123390404,99911,8186,5405,75,10,68020,38003,1.0611744452562781,4352,2915,6043,12254,28890,21216,2452,8198,48339,35794,0,0,3172,925,4993,3908,14810,2583,6440,0,0,33172,29769,15,124,0,0,0,0,0
720,2738,721.1001903887317,99911,8213,5333,75,10,69196,38740,1.080321486122649,4221,2871,5891,12129,29233,21657,2365,7998,48341,35798,0,0,3040,903,4885,3983,15360,2747,6426,0,0,33438,28994,15,120,0,0,0,0,0
721,2738,722.1146048850704,99911,8110,5297,75,10,70282,39450,1.0982974847614377,4180,2868,5773,11985,29592,22031,2268,7807,48343,35802,0,0,2891,883,4765,4042,15881,2922,6444,0,0,33717,28240,13,113,0,0,0,0,0
722,2738,723.119866117035,99911,8011,5308,75,10,71344,40195,1.1163835813874348,4136,2833,5659,11832,29924,22398,2193,7617,48345,35806,0,0,2765,850,4641,4123,16389,3099,6441,0,0,33977,27505,13,108,0,0,0,0,0
723,2738,724.1162806868631,99911,7850,5232,75,10,72335,40871,1.1330684309035042,4107,2870,5566,11675,30271,22786,2129,7425,48347,35810,0,0,2670,820,4530,4183,16916,3291,6423,0,0,34190,26775,12,101,0,0,0,0,0
724,2738,725.1042364204905,99910,7785,5175,76,10,73355,41570,1.150285256731058,4016,2802,5464,11545,30598,23208,2059,7258,48349,35813,0,0,2570,790,4417,4270,17382,3495,6403,0,0,34412,26060,12,99,0,0,0,0,0
725,2738,726.0846798879562,99910,7728,5187,76,10,74360,42255,1.1672004804323892,3886,2713,5390,11415,30934,23566,1984,7107,48351,35816,0,0,2476,760,4304,4339,17863,3689,6367,0,0,34537,25465,12,98,0,0,0,0,0
726,2738,727.0577582162144,99910,7628,5180,76,10,75335,42948,1.1838955059553598,3801,2706,5310,11262,31267,23893,1916,6947,48353,35819,0,0,2383,734,4209,4404,18327,3893,6342,0,0,34695,24819,12,92,0,0,0,0,0
727,2738,728.02359362497,99909,7492,5113,77,10,76213,43610,1.1993213824580369,3801,2676,5231,11117,31550,24275,1847,6807,48355,35822,0,0,2294,712,4109,4458,18836,4083,6318,0,0,34790,24209,12,88,0,0,0,0,0
728,2738,729.1749156479235,99909,7411,4989,77,10,77346,44348,1.2180484240659,3701,2623,5158,11001,31878,24737,1773,6638,48357,35825,0,0,2191,691,4003,4516,19387,4346,6291,0,0,34902,23488,10,84,0,0,0,0,0
729,2738,730.1287591025686,99908,7287,4885,78,10,78243,44917,1.2327341153861553,3661,2573,5094,10935,32163,25090,1715,6505,48359,35828,0,0,2114,661,3910,4546,19855,4556,6275,0,0,35001,22898,10,82,0,0,0,0,0
730,2738,731.0773684692376,99908,7156,4842,78,10,79111,45525,1.2475077070905234,3617,2499,5036,10873,32445,25417,1666,6357,48361,35831,0,0,2050,632,3822,4593,20271,4763,6229,0,0,35155,22304,10,79,0,0,0,0,0
731,2738,732.0209617013566,99908,7038,4793,78,10,79929,46099,1.2614405252832606,3601,2456,5014,10804,32658,25687,1609,6248,48363,35834,0,0,1991,614,3741,4637,20706,4978,6186,0,0,35152,21817,9,77,0,0,0,0,0
732,2738,733.148152992482,99907,7030,4667,78,11,81010,46776,1.2790495160499264,3413,2408,4952,10708,32967,26083,1558,6121,48365,35837,0,0,1918,586,3634,4685,21229,5225,6137,0,0,35217,21191,9,76,0,0,0,0,0
733,2738,734.082738776271,99906,6887,4590,79,11,81806,47331,1.2925850299281325,3428,2346,4926,10644,33182,26385,1496,6022,48367,35840,0,0,1847,562,3547,4712,21652,5456,6102,0,0,35220,20725,9,74,0,0,0,0,0
734,2738,735.0143513163473,99906,6769,4587,79,11,82608,47889,1.306197825956399,3348,2299,4904,10560,33438,26624,1460,5917,48369,35843,0,0,1782,543,3468,4749,22037,5663,6068,0,0,35265,20249,9,73,0,0,0,0,0
735,2738,736.1271570804987,99905,6654,4503,80,11,83555,48504,1.3218457534657926,3254,2247,4897,10499,33702,26936,1411,5802,48371,35846,0,0,1705,518,3386,4816,22537,5894,5997,0,0,35243,19729,9,71,0,0,0,0,0
736,2738,737.0512390551934,99904,6484,4434,81,11,84260,49045,1.3343309577194107,3236,2208,4883,10458,33933,27184,1381,5703,48373,35849,0,0,1642,500,3321,4832,22928,6125,5964,0,0,35213,19300,8,71,0,0,0,0,0
737,2738,738.1559061348313,99903,6348,4343,82,11,85150,49630,1.349108635376315,3168,2157,4875,10384,34192,27509,1333,5594,48375,35852,0,0,1566,483,3241,4875,23351,6397,5907,0,0,35175,18832,7,69,0,0,0,0,0
738,2738,739.0736372733109,99903,6241,4277,82,11,85893,50117,1.3614205779606219,3094,2101,4883,10363,34402,27741,1296,5505,48377,35855,0,0,1526,465,3169,4908,23750,6613,5851,0,0,35109,18438,7,67,0,0,0,0,0
739,2738,740.1718249377834,99903,6151,4182,82,11,86725,50672,1.3753040449235758,3029,2110,4905,10272,34572,28037,1259,5386,48379,35858,0,0,1481,445,3094,4953,24129,6880,5771,0,0,35074,18002,7,67,0,0,0,0,0
740,2738,741.0853642799212,99901,6012,4154,83,12,87386,51156,1.3867929249957458,3018,2062,4912,10247,34740,28228,1233,5295,48381,35861,0,0,1412,432,3024,4964,24481,7103,5753,0,0,34977,17682,7,66,0,0,0,0,0
741,2738,742.1786257077441,99901,5907,3999,83,12,88238,51659,1.4003563527892613,2931,2020,4897,10242,34994,28515,1186,5210,48383,35864,0,0,1357,414,2945,4968,24880,7386,5712,0,0,34917,17250,7,65,0,0,0,0,0
742,2738,743.0871969840416,99899,5828,3897,84,13,88878,52070,1.4109050140642048,2930,1969,4888,10245,35108,28743,1160,5131,48385,35867,0,0,1305,404,2890,4980,25203,7595,5688,0,0,34831,16932,7,64,0,0,0,0,0
743,2738,744.1760053097602,99899,5686,3807,84,13,89644,52600,1.423878116898067,2870,1904,4923,10255,35297,28973,1138,5046,48387,35870,0,0,1265,380,2837,5028,25569,7867,5620,0,0,34745,16517,7,64,0,0,0,0,0
744,2738,745.0819567161166,99898,5620,3712,85,13,90299,53036,1.4348135097799757,2726,1835,4940,10248,35510,29206,1117,4984,48389,35873,0,0,1229,364,2790,5047,25893,8087,5573,0,0,34659,16187,7,62,0,0,0,0,0
745,2738,746.1670199880311,99898,5523,3628,85,13,91043,53528,1.4471861298524495,2674,1809,4975,10245,35658,29421,1083,4882,48391,35876,0,0,1193,348,2740,5065,26260,8336,5513,0,0,34538,15836,7,62,0,0,0,0,0
746,2738,747.0698270404077,99898,5420,3585,85,13,91674,53934,1.4575667180524134,2618,1790,4996,10226,35815,29576,1064,4808,48393,35879,0,0,1153,332,2697,5093,26527,8570,5462,0,0,34429,15568,7,60,0,0,0,0,0
747,2738,748.151890116981,99898,5285,3500,85,13,92355,54389,1.4689383170834251,2571,1749,5045,10220,35966,29777,1046,4739,48395,35882,0,0,1121,313,2655,5112,26839,8838,5394,0,0,34306,15254,7,59,0,0,0,0,0
748,2738,749.0525670804165,99898,5138,3459,85,13,92875,54783,1.4780876494023905,2534,1703,5073,10209,36145,29936,1023,4678,48397,35885,0,0,1101,301,2606,5134,27095,9064,5327,0,0,34197,15007,7,59,0,0,0,0,0
749,2738,750.1310980712311,99897,5010,3428,85,14,93541,55259,1.4895342202468542,2456,1658,5104,10196,36347,30087,996,4615,48399,35888,0,0,1062,287,2557,5117,27432,9313,5289,0,0,34069,14707,7,57,0,0,0,0,0
750,2738,751.0282469890207,99897,4917,3391,85,14,94065,55642,1.4986135719791385,2409,1606,5128,10233,36483,30198,976,4556,48401,35891,0,0,1039,282,2516,5114,27640,9544,5238,0,0,33987,14473,7,57,0,0,0,0,0
751,2738,752.1031122591173,99897,4806,3300,85,14,94746,56079,1.5098050992522298,2320,1555,5168,10210,36668,30418,951,4501,48403,35894,0,0,1008,272,2464,5114,27940,9821,5195,0,0,33855,14166,7,55,0,0,0,0,0
752,2738,753.176745697612,99897,4698,3231,85,14,95342,56500,1.5199855851527073,2354,1540,5202,10201,36732,30586,927,4426,48405,35897,0,0,984,263,2428,5114,28169,10096,5141,0,0,33740,13900,7,55,0,0,0,0,0
753,2738,754.0714178966133,99897,4606,3140,85,14,95864,56830,1.528514369800895,2297,1532,5231,10218,36864,30739,915,4355,48407,35899,0,0,962,257,2392,5109,28377,10330,5090,0,0,33634,13687,7,52,0,0,0,0,0
754,2738,755.1438648067442,99897,4571,3059,85,14,96511,57225,1.5389451134668708,2197,1508,5260,10192,36989,30921,896,4304,48409,35901,0,0,939,251,2358,5117,28615,10592,5027,0,0,33490,13451,7,50,0,0,0,0,0
755,2738,756.037001341002,99896,4475,2979,86,14,96975,57562,1.546978858012333,2191,1474,5275,10185,37086,31085,885,4261,48411,35903,0,0,920,245,2330,5101,28818,10809,4988,0,0,33389,13239,7,50,0,0,0,0,0
756,2738,757.1084529916283,99896,4384,2916,86,14,97550,57932,1.556438696244094,2153,1445,5323,10211,37188,31205,864,4207,48413,35905,0,0,895,240,2298,5097,28993,11088,4930,0,0,33255,13045,7,48,0,0,0,0,0
757,2738,758.0008740379355,99896,4323,2863,86,14,98036,58242,1.564406983262593,2064,1434,5382,10245,37291,31286,852,4156,48415,35907,0,0,870,233,2275,5101,29170,11297,4888,0,0,33125,12882,7,48,0,0,0,0,0
758,2738,759.0709348208687,99896,4213,2800,86,14,98589,58612,1.5736465924561545,2004,1413,5435,10261,37420,31396,840,4114,48417,35909,0,0,848,228,2242,5105,29363,11574,4840,0,0,32959,12682,7,48,0,0,0,0,0
759,2738,760.1404765021292,99896,4049,2777,86,14,99100,59009,1.5827360454873067,1987,1358,5482,10257,37574,31537,820,4055,48419,35911,0,0,832,218,2214,5100,29529,11856,4785,0,0,32841,12468,7,46,0,0,0,0,0
760,2738,761.0309307430864,99896,3965,2698,86,14,99527,59319,1.5901137182669978,1939,1326,5535,10282,37668,31667,805,4011,48421,35913,0,0,806,214,2190,5081,29678,12081,4766,0,0,32745,12283,7,45,0,0,0,0,0
761,2738,762.0996624687028,99896,3917,2582,86,14,100032,59614,1.598122046928806,1938,1363,5588,10301,37682,31784,787,3954,48423,35915,0,0,785,210,2169,5077,29842,12315,4727,0,0,32631,12089,7,44,0,0,0,0,0
762,2738,763.1690423081702,99896,3834,2550,86,14,100554,59982,1.6070313125650677,1818,1269,5664,10308,37818,31945,778,3912,48425,35917,0,0,776,206,2141,5060,30013,12579,4672,0,0,32487,11911,7,44,0,0,0,0,0
763,2738,764.0601214822949,99896,3747,2533,86,14,100960,60289,1.6141687354849044,1764,1218,5716,10345,37919,32024,766,3864,48427,35919,0,0,766,201,2112,5055,30160,12787,4627,0,0,32364,11774,7,43,0,0,0,0,0
764,2738,765.128868302224,99896,3619,2469,86,14,101416,60603,1.6218767518218948,1725,1174,5769,10397,38045,32124,754,3820,48428,35921,0,0,746,200,2089,5023,30359,13024,4595,0,0,32203,11608,6,43,0,0,0,0,0
765,2738,766.0194201715346,99896,3560,2428,86,14,101803,60870,1.6284235605029231,1696,1136,5817,10434,38091,32206,748,3780,48429,35923,0,0,735,197,2064,5015,30495,13209,4564,0,0,32105,11464,6,42,0,0,0,0,0
766,2738,767.0887681207313,99894,3504,2323,87,15,102262,61137,1.6357238672993373,1669,1137,5877,10465,38123,32315,738,3743,48430,35925,0,0,716,194,2034,5004,30598,13459,4526,0,0,32001,11314,6,42,0,0,0,0,0
767,2738,768.158870728192,99894,3465,2268,87,15,102714,61446,1.6433419424590066,1594,1118,5929,10517,38190,32385,733,3695,48431,35927,0,0,701,193,2013,4993,30744,13680,4491,0,0,31870,11162,6,41,0,0,0,0,0
768,2738,769.050975946288,99894,3401,2252,87,15,103068,61710,1.649528500210223,1541,1062,6012,10569,38236,32442,721,3658,48432,35929,0,0,691,190,1990,4981,30893,13852,4453,0,0,31735,11062,6,41,0,0,0,0,0
769,2738,770.1221581704978,99894,3337,2182,87,15,103503,61992,1.6567061084749835,1521,1043,6073,10604,38279,32540,701,3614,48433,35931,0,0,675,182,1970,4983,31012,14073,4407,0,0,31632,10913,6,41,0,0,0,0,0
770,2738,771.0151894015011,99893,3249,2155,88,15,103862,62215,1.662548927352267,1486,1030,6144,10645,38339,32563,692,3590,48434,35933,0,0,661,178,1954,4977,31092,14264,4374,0,0,31551,10795,6,41,0,0,0,0,0
771,2738,772.0868423403081,99893,3208,2089,88,15,104296,62478,1.6695263932407676,1425,1018,6191,10719,38403,32622,683,3535,48435,35935,0,0,649,176,1931,4979,31224,14474,4328,0,0,31429,10656,6,41,0,0,0,0,0
772,2738,773.1593073292512,99893,3070,2042,88,15,104681,62761,1.6762135484968916,1440,973,6241,10769,38485,32700,674,3499,48436,35937,0,0,630,171,1907,4963,31311,14726,4296,0,0,31313,10529,6,41,0,0,0,0,0
773,2738,774.0529274788756,99893,3011,2006,88,15,105023,62982,1.681849579049583,1398,942,6293,10813,38548,32745,660,3477,48437,35939,0,0,625,165,1893,4933,31423,14905,4272,0,0,31206,10424,6,41,0,0,0,0,0
774,2738,775.1254030047586,99893,2901,1987,88,15,105365,63235,1.687805952369035,1396,936,6377,10899,38582,32725,654,3436,48438,35941,0,0,617,162,1873,4924,31527,15113,4231,0,0,31078,10323,5,40,0,0,0,0,0
775,2738,776.0198067481587,99893,2856,1920,88,15,105684,63409,1.6927412331194378,1365,962,6431,10931,38611,32762,647,3408,48439,35943,0,0,606,159,1861,4918,31619,15282,4199,0,0,30966,10239,5,39,0,0,0,0,0
776,2738,777.093521525011,99893,2753,1876,88,15,106055,63660,1.6989678956483438,1339,918,6496,11013,38688,32802,634,3374,48440,35945,0,0,596,157,1844,4895,31685,15518,4165,0,0,30870,10119,5,39,0,0,0,0,0
777,2738,778.1676286439222,99893,2698,1815,88,15,106421,63902,1.705054408216792,1322,905,6562,11058,38705,32865,623,3340,48441,35947,0,0,592,151,1819,4892,31793,15719,4126,0,0,30746,10011,5,39,0,0,0,0,0
778,2738,779.0634891500462,99893,2618,1774,88,15,106698,64097,1.7097794640265083,1310,903,6629,11124,38736,32868,617,3314,48442,35949,0,0,581,148,1807,4874,31891,15882,4109,0,0,30628,9929,5,39,0,0,0,0,0
779,2738,780.1392027763413,99893,2583,1761,88,15,107058,64343,1.715845955172034,1240,852,6699,11189,38778,32904,610,3277,48443,35951,0,0,574,143,1790,4859,31953,16083,4083,0,0,30525,9840,5,38,0,0,0,0,0
780,2738,781.0363633660113,99893,2508,1755,88,15,107318,64550,1.7205209574244442,1228,816,6768,11250,38801,32906,605,3256,48444,35953,0,0,565,141,1775,4836,32018,16245,4059,0,0,30450,9761,5,38,0,0,0,0,0
781,2738,782.1137445960363,99893,2418,1731,88,15,107639,64794,1.7261770094000581,1177,776,6862,11321,38854,32924,599,3231,48445,35955,0,0,548,136,1755,4831,32081,16447,4041,0,0,30347,9664,5,38,0,0,0,0,0
782,2738,783.0123313801871,99893,2384,1670,88,15,107922,64969,1.7307619152493168,1135,753,6939,11362,38860,32991,592,3207,48446,35957,0,0,542,133,1737,4809,32173,16598,4018,0,0,30261,9580,5,37,0,0,0,0,0
783,2738,784.0919836772232,99893,2273,1640,88,15,108217,65194,1.7359674852091738,1108,723,7034,11443,38905,32996,590,3181,48447,35959,0,0,526,131,1713,4807,32260,16791,3993,0,0,30127,9503,5,37,0,0,0,0,0
784,2738,785.1728406791287,99893,2226,1573,88,15,108517,65377,1.740802658844964,1082,747,7119,11487,38900,33019,583,3157,48448,35961,0,0,511,128,1697,4804,32321,16967,3971,0,0,30032,9421,5,36,0,0,0,0,0
785,2738,786.0746324358616,99893,2153,1561,88,15,108734,65554,1.744746879160702,1081,705,7198,11577,38898,33002,580,3138,48449,35963,0,0,504,126,1686,4788,32380,17113,3952,0,0,29937,9366,5,36,0,0,0,0,0
786,2738,787.158498779035,99892,2094,1518,88,16,109014,65741,1.7494393945461097,1069,715,7296,11681,38875,32956,576,3112,48450,35965,0,0,497,125,1677,4787,32438,17281,3917,0,0,29835,9294,5,36,0,0,0,0,0
787,2738,788.0630701288236,99892,2039,1483,88,16,109242,65895,1.753263524606575,1047,700,7367,11760,38882,32946,575,3093,48451,35967,0,0,485,123,1666,4778,32488,17423,3903,0,0,29749,9236,5,36,0,0,0,0,0
788,2738,789.1497676819612,99892,1996,1458,88,16,109524,66072,1.7578584871661393,995,686,7463,11838,38886,32936,570,3064,48452,35969,0,0,479,122,1652,4776,32545,17577,3871,0,0,29671,9159,5,35,0,0,0,0,0
789,2738,790.0565597153995,99892,1951,1404,88,16,109725,66219,1.7613422496296,978,689,7531,11893,38881,32954,569,3042,48453,35971,0,0,475,120,1640,4771,32621,17699,3846,0,0,29583,9097,5,35,0,0,0,0,0
790,2738,791.1461548108033,99892,1925,1391,88,16,109986,66417,1.7659372121891643,975,654,7599,11931,38846,32990,565,3016,48454,35973,0,0,468,120,1629,4756,32682,17848,3827,0,0,29500,9022,5,35,0,0,0,0,0
791,2738,792.0554663026604,99892,1888,1324,88,16,110192,66567,1.7695010611460378,929,615,7687,12015,38845,33032,561,2996,48455,35975,0,0,464,119,1622,4741,32723,17995,3813,0,0,29420,8955,5,35,0,0,0,0,0
792,2738,793.1489628247306,99892,1868,1272,88,16,110429,66723,1.7734353101349458,909,599,7781,12100,38797,33040,555,2971,48456,35977,0,0,461,119,1607,4728,32784,18138,3791,0,0,29324,8900,5,35,0,0,0,0,0
793,2738,794.0617819201382,99892,1833,1243,88,16,110637,66865,1.7769390942217596,885,576,7842,12164,38797,33045,553,2954,48457,35979,0,0,458,117,1602,4719,32791,18285,3773,0,0,29266,8841,5,35,0,0,0,0,0
794,2738,795.1585419597491,99892,1794,1194,88,16,110887,67018,1.7809734513274336,829,576,7941,12254,38797,33034,549,2924,48458,35981,0,0,453,114,1589,4706,32867,18414,3751,0,0,29185,8773,5,35,0,0,0,0,0
795,2738,796.0736244519566,99892,1721,1145,88,16,111073,67146,1.7841168461938894,810,564,8018,12320,38813,33047,548,2906,48459,35983,0,0,449,111,1580,4679,32934,18533,3740,0,0,29119,8707,5,35,0,0,0,0,0
796,2738,797.1733650784266,99892,1673,1141,88,16,111285,67310,1.787880911384295,803,549,8115,12407,38773,33001,546,2884,48460,35985,0,0,443,110,1574,4670,32968,18670,3724,0,0,29043,8651,5,34,0,0,0,0,0
797,2738,798.0915946747534,99892,1651,1103,88,16,111472,67451,1.7911644576142234,787,523,8204,12481,38726,33009,542,2866,48461,35987,0,0,438,109,1567,4661,32996,18791,3711,0,0,28986,8594,5,34,0,0,0,0,0
798,2738,799.0113411157814,99892,1607,1075,88,16,111644,67560,1.793977495695351,806,512,8267,12569,38691,32976,539,2850,48462,35989,0,0,434,108,1559,4652,33055,18892,3697,0,0,28898,8558,5,34,0,0,0,0,0
799,2738,800.1172076046473,99892,1592,1013,88,16,111861,67681,1.7973611500420454,780,505,8385,12651,38620,32981,533,2832,48463,35991,0,0,430,106,1553,4643,33085,19017,3676,0,0,28852,8491,5,34,0,0,0,0,0
800,2738,801.0411449038355,99892,1569,997,88,16,112043,67796,1.800334361109999,740,480,8495,12725,38574,32960,532,2820,48464,35993,0,0,428,106,1540,4633,33128,19114,3657,0,0,28796,8451,5,34,0,0,0,0,0
801,2738,802.1520934515879,99892,1518,983,88,16,112267,67945,1.8040683938653745,691,443,8573,12813,38598,32943,530,2800,48465,35995,0,0,426,106,1531,4637,33151,19261,3633,0,0,28707,8401,5,34,0,0,0,0,0
802,2738,803.078910421154,99892,1447,946,88,16,112417,68039,1.8065110319144677,671,443,8670,12874,38593,32930,529,2789,48466,35997,0,0,423,105,1523,4621,33208,19364,3617,0,0,28627,8365,5,34,0,0,0,0,0
803,2738,804.0071030193322,99892,1401,926,88,16,112557,68133,1.8088535618467945,653,421,8768,12968,38561,32896,527,2771,48467,35999,0,0,420,104,1519,4612,33238,19452,3597,0,0,28583,8328,5,34,0,0,0,0,0
804,2738,805.123305012366,99892,1381,893,88,16,112736,68247,1.8117867296680414,647,424,8864,13044,38495,32869,523,2752,48468,36001,0,0,415,104,1515,4603,33284,19553,3580,0,0,28510,8289,5,34,0,0,0,0,0
805,2738,806.0551157595737,99892,1366,889,88,16,112893,68357,1.8144596163856965,599,407,8948,13093,38475,32854,522,2739,48469,36003,0,0,414,104,1513,4602,33299,19650,3560,0,0,28454,8258,5,33,0,0,0,0,0
806,2738,807.1754318776851,99892,1331,871,88,16,113071,68488,1.8175529571937692,559,388,9064,13189,38438,32814,518,2720,48470,36004,0,0,411,104,1506,4586,33341,19751,3543,0,0,28410,8202,5,33,0,0,0,0,0
807,2738,808.1106987685326,99892,1299,842,88,16,113199,68561,1.819565130340768,560,408,9150,13271,38384,32756,517,2705,48471,36005,0,0,409,104,1496,4567,33364,19837,3533,0,0,28371,8173,5,33,0,0,0,0,0
808,2738,809.0473696738513,99892,1223,812,88,16,113318,68657,1.8217174548512394,571,401,9222,13351,38380,32720,514,2698,48472,36006,0,0,407,102,1487,4561,33365,19957,3517,0,0,28321,8137,5,33,0,0,0,0,0
809,2738,810.173389516493,99892,1203,793,88,16,113471,68760,1.8242802226404518,564,387,9325,13461,38313,32663,505,2678,48473,36007,0,0,405,102,1483,4550,33391,20052,3503,0,0,28264,8104,5,33,0,0,0,0,0
810,2738,811.1134119879539,99892,1160,787,88,16,113607,68838,1.8264225363392463,548,382,9392,13540,38306,32611,504,2662,48474,36008,0,0,402,102,1477,4543,33393,20149,3496,0,0,28209,8084,4,33,0,0,0,0,0
811,2738,812.0545661925855,99892,1139,772,88,16,113754,68918,1.828694990589837,534,391,9479,13619,38254,32553,504,2647,48475,36009,0,0,399,100,1471,4538,33406,20236,3485,0,0,28157,8063,4,33,0,0,0,0,0
812,2738,813.1865215052645,99892,1109,740,88,16,113898,69020,1.8311576502622833,536,369,9596,13733,38166,32512,503,2628,48476,36010,0,0,393,100,1465,4532,33422,20340,3476,0,0,28105,8022,4,33,0,0,0,0,0
813,2738,814.132281465059,99892,1105,731,88,16,114047,69114,1.8335902774996997,501,350,9692,13845,38113,32446,499,2610,48477,36011,0,0,391,100,1459,4532,33441,20422,3464,0,0,28047,7999,4,33,0,0,0,0,0
814,2738,815.0799730482333,99892,1093,695,88,16,114173,69183,1.8355423857766389,477,348,9786,13926,38055,32412,499,2601,48478,36012,0,0,389,100,1458,4515,33464,20499,3457,0,0,28009,7964,4,33,0,0,0,0,0
815,2738,816.0295383021063,99892,1062,704,88,16,114294,69273,1.8376546670404037,468,342,9863,14018,38019,32329,498,2589,48479,36013,0,0,386,99,1454,4497,33497,20571,3453,0,0,27952,7946,4,33,0,0,0,0,0
816,2738,817.1710653083184,99892,1054,713,88,16,114439,69387,1.8402474672646458,465,302,9958,14134,37937,32264,496,2569,48480,36014,0,0,384,98,1451,4502,33514,20654,3437,0,0,27900,7915,4,33,0,0,0,0,0
817,2738,818.124239165912,99892,1011,693,88,16,114543,69471,1.8421294998598485,443,301,10044,14218,37917,32214,495,2556,48481,36015,0,0,381,97,1444,4493,33522,20735,3430,0,0,27866,7887,4,33,0,0,0,0,0
818,2738,819.0791513071185,99892,987,679,88,16,114644,69541,1.843841348656549,428,289,10145,14293,37855,32177,495,2544,48482,36016,0,0,379,97,1440,4490,33548,20795,3421,0,0,27825,7860,4,33,0,0,0,0,0
819,2738,820.0361857427453,99892,966,669,88,16,114755,69605,1.845593240699956,411,300,10249,14366,37791,32119,493,2528,48483,36017,0,0,378,96,1437,4481,33559,20863,3411,0,0,27788,7842,4,33,0,0,0,0,0
820,2738,821.1873856525907,99892,960,656,88,16,114882,69700,1.8478156408921635,392,292,10363,14438,37704,32079,491,2517,48484,36018,0,0,374,96,1432,4485,33566,20938,3399,0,0,27761,7805,4,32,0,0,0,0,0
821,2738,822.149045471523,99892,924,645,88,16,114967,69772,1.8493873383253914,406,287,10450,14518,37638,32028,492,2504,48485,36019,0,0,372,96,1426,4479,33576,21006,3391,0,0,27724,7786,4,32,0,0,0,0,0
822,2738,823.1127490197736,99892,891,647,88,16,115056,69847,1.8510291114403556,410,278,10545,14594,37572,31964,492,2499,48486,36020,0,0,370,96,1419,4470,33579,21080,3388,0,0,27685,7769,4,32,0,0,0,0,0
823,2738,824.0787023727736,99892,878,624,88,16,115167,69911,1.8527810034837624,389,280,10640,14703,37513,31888,490,2487,48487,36021,0,0,367,94,1415,4466,33598,21140,3380,0,0,27653,7743,4,32,0,0,0,0,0
824,2738,825.0467612942498,99892,897,601,88,16,115290,69973,1.8546330036439354,369,276,10729,14803,37426,31826,489,2476,48488,36022,0,0,366,93,1412,4462,33622,21196,3366,0,0,27612,7727,4,32,0,0,0,0,0
825,2738,826.0172778464257,99892,886,569,88,16,115392,70031,1.8562347335121931,346,289,10851,14888,37340,31770,487,2466,48489,36023,0,0,363,92,1409,4455,33629,21265,3362,0,0,27579,7702,4,32,0,0,0,0,0
826,2738,827.1853504093874,99892,856,572,88,16,115489,70128,1.8581768309774556,363,270,10952,15001,37258,31684,481,2455,48490,36024,0,0,363,92,1406,4451,33638,21342,3351,0,0,27536,7677,4,32,0,0,0,0,0
827,2738,828.1608234714117,99892,813,583,88,16,115567,70212,1.8597985824690666,378,249,11056,15087,37185,31623,478,2440,48491,36025,0,0,360,91,1405,4443,33649,21410,3343,0,0,27494,7661,4,32,0,0,0,0,0
828,2738,829.1384425547922,99892,767,545,88,16,115655,70267,1.861230128538822,363,234,11153,15156,37150,31617,477,2430,48492,36026,0,0,357,91,1404,4439,33665,21483,3332,0,0,27454,7632,4,31,0,0,0,0,0
829,2738,830.1183458229873,99892,741,528,88,16,115734,70320,1.8625515556801346,367,230,11259,15255,37066,31552,477,2417,48493,36027,0,0,352,91,1399,4438,33675,21540,3325,0,0,27419,7618,4,31,0,0,0,0,0
830,2738,831.1005127058263,99892,741,480,88,16,115846,70371,1.8641833179834222,317,225,11338,15350,37039,31520,475,2407,48494,36028,0,0,349,91,1395,4433,33693,21610,3321,0,0,27375,7590,4,31,0,0,0,0,0
831,2738,832.0846344412813,99891,725,483,89,16,115924,70434,1.8656135187354217,308,204,11446,15424,36955,31469,475,2402,48495,36029,0,0,346,90,1392,4435,33684,21665,3313,0,0,27359,7572,4,31,0,0,0,0,0
832,2738,833.0712484958971,99891,698,482,89,16,115998,70492,1.866934959105425,300,210,11559,15515,36879,31386,473,2389,48496,36030,0,0,345,90,1389,4435,33689,21721,3302,0,0,27328,7557,4,31,0,0,0,0,0
833,2738,834.0605256451952,99891,676,484,89,16,116064,70553,1.8682063449159585,308,187,11687,15600,36768,31332,470,2379,48497,36031,0,0,343,90,1386,4436,33679,21775,3294,0,0,27313,7540,4,31,0,0,0,0,0
834,2738,835.0527845152011,99891,656,473,89,16,116144,70609,1.8695678289335376,291,190,11783,15673,36710,31268,469,2378,48498,36032,0,0,343,89,1384,4427,33692,21828,3287,0,0,27282,7524,4,31,0,0,0,0,0
835,2738,836.0470374039176,99891,629,456,89,16,116207,70655,1.8706590183299796,298,190,11860,15752,36656,31214,466,2370,48499,36033,0,0,343,89,1380,4427,33675,21894,3280,0,0,27262,7506,4,31,0,0,0,0,0
836,2738,837.0436362982377,99891,620,454,89,16,116281,70708,1.8719304041405131,290,182,11986,15840,36549,31149,464,2357,48500,36034,0,0,343,89,1377,4426,33669,21946,3273,0,0,27242,7491,4,31,0,0,0,0,0
837,2738,838.0431342482531,99891,594,448,89,16,116351,70764,1.8731917790391526,290,170,12098,15944,36465,31072,462,2348,48501,36035,0,0,340,88,1373,4420,33683,21997,3268,0,0,27209,7478,4,31,0,0,0,0,0
838,2738,839.0453462204589,99891,570,413,89,16,116419,70812,1.8743530448188526,286,163,12197,16019,36396,31047,460,2340,48502,36036,0,0,337,88,1371,4418,33687,22057,3265,0,0,27175,7458,4,31,0,0,0,0,0
839,2738,840.0500748432843,99890,540,397,90,16,116476,70851,1.875332866152768,290,156,12295,16098,36322,30997,461,2334,48503,36037,1,1,337,87,1368,4416,33694,22105,3257,0,0,27147,7443,4,31,0,1,0,0,0
840,2738,841.0572014379562,99890,546,380,90,16,116550,70887,1.8764340774852337,268,165,12395,16194,36239,30924,460,2319,48504,36038,2,2,336,87,1367,4413,33685,22150,3251,0,0,27140,7425,4,31,0,1,0,0,0
841,2738,842.0668379817458,99890,552,369,90,16,116617,70934,1.8775753328661529,269,162,12490,16270,36136,30871,461,2310,48505,36039,3,3,335,85,1365,4410,33697,22185,3245,0,0,27119,7414,4,30,0,1,0,0,0
842,2738,843.0795190846281,99890,530,361,90,16,116690,70975,1.8787165882470718,257,169,12619,16386,36043,30762,459,2304,48506,36040,4,4,334,85,1364,4410,33701,22237,3238,0,0,27083,7402,4,30,0,2,0,0,0
843,2738,844.0949860595136,99889,512,358,90,17,116746,71020,1.8797465186356856,252,165,12710,16492,35974,30676,460,2290,48507,36041,5,5,334,85,1362,4405,33701,22277,3229,0,0,27075,7384,4,30,0,3,0,0,0
844,2738,845.1128641637441,99889,509,340,90,17,116811,71057,1.8807676520938241,244,157,12815,16584,35881,30615,459,2285,48508,36042,6,6,332,85,1361,4401,33713,22314,3226,0,0,27049,7371,4,30,0,3,0,0,0
845,2738,846.1335740752511,99889,479,336,90,17,116866,71096,1.8817086966532852,238,161,12912,16674,35819,30535,460,2275,48509,36043,7,7,331,85,1358,4396,33734,22351,3221,0,0,27013,7364,3,30,0,3,0,0,0
846,2738,847.1566609881478,99889,481,315,90,17,116937,71132,1.882779885673097,235,159,13021,16772,35712,30470,459,2265,48510,36044,8,8,330,83,1354,4393,33759,22382,3216,0,0,26989,7346,3,30,0,3,0,0,1
847,2738,848.1830378105526,99889,472,307,90,17,116992,71170,1.8837109191202235,227,169,13119,16848,35631,30398,459,2259,48511,36045,9,9,329,83,1352,4389,33756,22424,3213,0,0,26971,7334,3,30,0,4,0,0,1
848,2738,849.0057448403563,99889,455,305,90,17,117033,71202,1.884441730320656,223,166,13196,16909,35577,30348,457,2253,48512,36046,10,10,329,83,1352,4390,33754,22454,3207,0,0,26957,7325,3,30,0,4,0,0,1
849,2738,850.0364331650746,99889,455,305,90,17,117093,71242,1.8854428415541251,227,147,13290,17006,35480,30275,456,2248,48513,36047,11,11,329,83,1351,4388,33757,22492,3198,0,0,26938,7315,3,30,0,4,0,0,1
850,2738,851.0698897148225,99889,438,302,90,17,117154,71281,1.8864439527875942,215,140,13390,17091,35412,30205,453,2243,48514,36048,12,12,328,83,1351,4380,33755,22538,3195,0,0,26920,7301,3,30,0,4,0,0,1
851,2738,852.1058986990978,99889,430,287,90,17,117204,71321,1.8873449528977164,206,120,13501,17210,35319,30124,452,2240,48515,36049,14,14,327,83,1349,4380,33758,22576,3189,0,0,26901,7286,3,30,0,5,0,0,2
852,2738,853.1450258217646,99889,429,287,90,17,117254,71363,1.8882659752325082,204,115,13616,17294,35204,30053,455,2232,48516,36050,16,16,327,83,1348,4383,33764,22602,3180,0,0,26890,7272,3,30,0,5,0,0,2
853,2738,854.187634944342,99889,434,267,90,17,117312,71392,1.8891369420056263,200,116,13724,17386,35097,29981,453,2231,48517,36051,19,18,326,83,1346,4383,33781,22629,3176,0,0,26867,7257,3,30,0,6,0,0,2
854,2738,855.0239895700697,99889,428,260,90,17,117362,71411,1.88982770875672,192,115,13802,17476,35031,29899,455,2231,48518,36052,23,21,325,83,1342,4378,33786,22660,3172,0,0,26849,7251,3,30,0,7,0,0,3
855,2738,856.0718228491392,99889,402,250,90,17,117413,71432,1.8905485088448177,183,118,13896,17590,34969,29795,458,2228,48519,36053,28,25,325,82,1339,4369,33794,22697,3170,0,0,26828,7239,3,30,0,10,0,0,3
856,2738,857.1224539657188,99889,403,245,90,17,117460,71466,1.8913594089439278,171,117,14024,17681,34847,29712,463,2226,48520,36054,34,30,324,82,1338,4364,33793,22732,3166,0,0,26814,7228,3,30,0,11,0,0,4
857,2738,858.1766196325029,99889,377,240,90,17,117512,71490,1.8921202534813644,164,116,14115,17789,34782,29606,470,2230,48521,36055,42,36,323,82,1337,4356,33790,22775,3163,0,0,26788,7221,3,30,0,17,0,0,4
858,2738,859.0217595834508,99889,366,235,90,17,117546,71519,1.89275095355845,164,111,14194,17851,34706,29547,478,2237,48522,36056,51,43,323,82,1335,4353,33802,22801,3158,0,0,26762,7213,3,29,0,23,0,0,5
859,2738,860.0809182542437,99889,349,233,90,17,117589,71549,1.8934817647588824,160,98,14302,17944,34612,29468,485,2238,48523,36057,63,51,322,82,1333,4352,33800,22837,3153,0,0,26737,7200,3,29,0,34,0,0,7
860,2738,861.1434178542324,99889,326,220,90,17,117626,71574,1.8941024537236333,174,104,14409,18037,34505,29378,494,2242,48524,36058,77,61,321,82,1331,4345,33798,22876,3151,0,0,26715,7188,3,29,0,41,0,0,9
861,2738,862.2090765193051,99889,320,221,90,17,117669,71606,1.8948532871487351,170,100,14495,18137,34416,29271,507,2252,48525,36059,94,73,321,82,1329,4342,33776,22927,3149,0,0,26690,7180,3,29,0,51,0,0,10
862,2738,863.0640136866828,99889,307,209,90,17,117693,71625,1.8952837649791268,176,97,14608,18202,34299,29202,518,2271,48526,36060,115,87,319,82,1326,4340,33772,22960,3146,0,0,26668,7166,3,29,0,60,3,0,15
863,2738,864.1367618043594,99889,311,200,90,17,117742,71649,1.8960145761795593,157,92,14729,18302,34179,29102,532,2285,48527,36061,140,103,319,82,1322,4337,33758,23002,3141,0,0,26641,7158,3,29,0,74,4,0,19
864,2738,865.2133856028445,99889,291,201,90,17,117769,71680,1.8965952206949714,162,78,14847,18402,34059,28994,549,2306,48528,36062,170,122,318,82,1319,4330,33736,23055,3140,0,0,26607,7153,3,29,0,90,7,0,20
865,2738,866.077607841668,99889,303,201,90,17,117804,71700,1.8971458318733794,163,77,14923,18503,33950,28869,569,2331,48529,36063,206,144,318,82,1318,4330,33718,23094,3136,0,0,26578,7147,3,29,0,105,7,0,24
866,2738,867.1616811587733,99889,285,183,90,17,117846,71718,1.897746498613461,148,75,15021,18603,33862,28763,592,2357,48530,36064,248,169,317,82,1316,4323,33705,23144,3130,0,0,26551,7125,3,29,0,123,8,0,33
867,2738,868.031376424278,99889,279,170,90,17,117866,71730,1.8980668542081711,147,73,15090,18669,33771,28671,621,2398,48531,36065,297,197,316,81,1313,4322,33688,23179,3130,0,0,26503,7114,3,29,0,159,10,0,42
868,2738,869.1219729191715,99889,275,170,90,17,117904,71758,1.8987275876222607,132,65,15195,18764,33652,28538,654,2444,48532,36066,354,229,314,81,1311,4317,33666,23231,3130,0,0,26461,7097,3,29,0,189,11,0,49
869,2738,870.2164875280641,99889,266,166,90,17,117933,71780,1.89923815435133,137,65,15276,18827,33541,28422,688,2501,48533,36067,420,266,314,81,1309,4314,33624,23298,3126,0,0,26414,7090,3,29,0,220,12,0,55
870,2738,871.0948890286711,99889,262,169,90,17,117958,71801,1.8996986655187258,135,64,15347,18880,33437,28298,727,2570,48534,36068,496,308,313,81,1307,4311,33583,23355,3125,0,0,26366,7077,3,29,0,263,13,0,63
871,2738,872.1967546472114,99889,272,162,90,17,118009,71819,1.9003894322698196,109,66,15450,18956,33306,28155,771,2642,48535,36069,583,355,313,81,1306,4310,33528,23430,3120,0,0,26319,7060,3,29,0,301,14,0,75
872,2738,873.0814522878898,99889,266,152,90,17,118032,71831,1.9007398212015336,102,70,15504,19003,33213,28023,823,2733,48536,36070,682,408,312,80,1302,4312,33483,23493,3117,0,0,26253,7047,3,29,0,357,17,0,84
873,2738,874.191112590844,99889,264,147,90,17,118060,71850,1.9012103434812642,101,63,15602,19066,33059,27877,882,2828,48537,36071,794,467,312,80,1296,4313,33433,23559,3111,0,0,26201,7012,3,29,0,410,22,0,108
874,2738,875.0827404300577,99889,251,159,90,17,118080,71868,1.9015907657499824,114,58,15672,19098,32924,27721,947,2945,48538,36072,921,533,312,80,1286,4310,33374,23630,3109,0,0,26137,6990,3,28,1,473,30,0,126
875,2738,876.2021466139414,99889,239,160,90,17,118105,71888,1.9020412658050436,116,53,15762,19152,32775,27551,1016,3065,48539,36073,1063,606,311,80,1281,4308,33304,23721,3105,0,0,26051,6964,3,28,1,550,33,0,149
876,2738,877.1015580149971,99889,234,147,90,17,118133,71898,1.9024216880737619,113,49,15858,19196,32613,27382,1090,3207,48540,36074,1222,687,310,80,1278,4308,33239,23809,3101,0,0,25957,6932,3,28,1,632,35,0,176
877,2738,878.0054179954734,99889,243,150,90,17,118165,71917,1.9029322548028311,95,44,15934,19202,32463,27214,1173,3371,48541,36075,1400,776,310,80,1273,4306,33145,23918,3100,0,0,25858,6902,3,28,1,724,40,0,201
878,2738,879.1410651979272,99889,226,140,90,17,118189,71936,1.903362732633223,106,49,16021,19237,32286,27006,1269,3549,48542,36076,1597,874,309,80,1264,4302,33042,24053,3097,0,0,25751,6874,3,28,1,812,49,0,224
879,2738,880.0542346986734,99889,232,130,90,17,118217,71950,1.90378319935128,105,53,16084,19243,32116,26812,1371,3743,48543,36077,1815,981,308,80,1254,4298,32952,24163,3098,0,0,25621,6838,3,28,1,931,58,0,256
880,2738,881.2021296192947,99889,222,121,90,17,118248,71968,1.9042737438556798,103,55,16172,19245,31928,26601,1483,3959,48544,36078,2054,1098,308,80,1246,4300,32833,24306,3089,0,0,25498,6795,3,28,1,1044,66,0,292
881,2738,882.1254586217701,99889,212,119,90,17,118263,71978,1.904524021664047,113,57,16223,19216,31756,26388,1604,4201,48545,36079,2316,1225,308,80,1242,4296,32712,24444,3086,0,0,25345,6758,3,28,1,1194,69,0,323
882,2738,883.0539656741817,99889,207,122,90,17,118291,71998,1.9050045550561123,102,50,16298,19172,31566,26172,1735,4465,48546,36080,2602,1363,307,80,1237,4293,32563,24613,3083,0,0,25204,6718,3,28,1,1326,73,0,360
883,2738,884.2222715904737,99889,209,118,90,17,118320,72013,1.9054450439988386,97,56,16361,19137,31368,25923,1873,4747,48547,36081,2913,1512,307,80,1227,4286,32411,24789,3082,0,0,25036,6667,3,28,1,1486,80,0,406
884,2738,885.1622727208539,99889,196,117,90,17,118346,72025,1.905825466267557,93,58,16382,19102,31213,25652,2024,5052,48548,36082,3250,1673,307,80,1214,4285,32255,24967,3077,0,0,24853,6610,3,28,1,1661,90,0,458
885,2738,886.1073560574567,99889,196,109,90,17,118362,72034,1.9060757440759242,103,58,16419,19048,31002,25386,2188,5380,48549,36083,3613,1846,307,80,1202,4285,32072,25165,3073,0,0,24673,6547,3,28,1,1833,102,0,518
886,2738,887.0584940730319,99889,190,104,90,17,118382,72045,1.9063860885582997,101,55,16474,18967,30775,25118,2368,5737,48550,36084,4003,2031,307,80,1194,4281,31882,25372,3071,0,0,24482,6482,3,28,1,2019,109,0,578
887,2738,888.0165640483638,99889,187,100,90,17,118407,72061,1.906796544164022,94,50,16482,18882,30584,24832,2561,6117,48551,36085,4420,2229,307,80,1184,4278,31657,25617,3069,0,0,24275,6422,3,27,2,2217,119,0,632
888,2738,889.2226617060364,99889,182,96,90,17,118434,72072,1.9071769664327403,91,52,16525,18825,30349,24497,2761,6511,48552,36086,4864,2440,307,80,1171,4277,31450,25845,3067,0,0,24030,6357,3,27,2,2448,131,0,694
889,2738,890.1944745049904,99889,193,96,90,17,118467,72082,1.9076074442631321,81,53,16513,18708,30146,24176,2975,6948,48553,36087,5335,2664,307,80,1156,4276,31206,26100,3065,0,0,23799,6293,3,27,2,2674,146,0,755
890,2738,891.1729210543766,99889,184,89,90,17,118486,72098,1.9079578331948464,81,55,16540,18596,29903,23844,3200,7397,48554,36088,5833,2902,306,80,1142,4277,30974,26349,3062,0,0,23526,6220,3,27,2,2938,160,0,823
891,2738,892.159269650022,99889,180,93,90,17,118505,72109,1.908258166564887,80,58,16557,18469,29648,23489,3443,7872,48555,36089,6357,3153,305,80,1127,4273,30734,26604,3062,0,0,23246,6145,3,27,2,3210,175,0,896
892,2738,893.1539997130029,99889,171,102,90,17,118526,72124,1.908618566608936,84,52,16566,18347,29388,23117,3699,8363,48556,36090,6906,3417,304,80,1123,4271,30430,26921,3062,0,0,22960,6074,3,26,3,3490,179,0,963
893,2738,894.1573564545018,99889,160,92,90,17,118539,72138,1.9088888666419725,85,52,16589,18209,29108,22746,3966,8882,48557,36091,7479,3695,304,80,1110,4264,30174,27202,3060,0,0,22647,5992,3,26,3,3796,190,0,1038
894,2738,895.1706041952806,99889,158,87,90,17,118565,72146,1.9092292444613521,76,52,16605,18071,28827,22341,4242,9430,48558,36092,8074,3986,304,80,1093,4263,29900,27494,3057,0,0,22324,5904,3,25,4,4111,204,0,1123
895,2738,896.1939103074761,99889,150,96,90,17,118580,72163,1.9095496000560623,83,47,16609,17922,28537,21920,4529,9996,48559,36093,8690,4290,302,80,1080,4264,29571,27831,3057,0,0,22006,5838,3,25,4,4427,215,0,1186
896,2738,897.2275457134283,99889,137,98,90,17,118597,72176,1.909849933426103,85,44,16611,17744,28240,21522,4835,10573,48560,36094,9325,4607,301,79,1066,4259,29249,28167,3056,0,0,21692,5743,3,25,4,4738,230,0,1277
897,2738,898.0100439276825,99889,136,101,90,17,118615,72190,1.9101702890208132,75,36,16575,17510,27975,21155,5147,11179,48561,36095,9977,4936,300,79,1055,4261,28918,28503,3053,0,0,21360,5645,3,25,4,5069,241,0,1373
898,2738,899.0644966144774,99889,129,92,90,17,118634,72197,1.9104305779415152,67,41,16567,17325,27677,20738,5468,11785,48562,36096,10643,5277,300,79,1038,4257,28572,28864,3049,0,0,21050,5548,3,25,4,5374,258,0,1468
899,2738,900.1304666732343,99889,118,91,90,17,118647,72206,1.9106508224128782,86,63,16632,17403,27619,20678,5453,11746,48562,36096,10643,5277,300,79,1038,4256,28571,28877,3047,0,0,21046,5544,3,25,4,5373,258,0,1468
900,2738,900.1304666732343,99889,120,87,90,17,118652,72209,1.9107309113115558,84,57,16525,17141,27385,20313,5794,12383,48562,36096,11322,5629,300,79,1025,4255,28195,29256,3047,0,3,20711,5452,3,24,5,5706,271,0,1557
901,2738,901.2076483550769,99889,119,87,90,17,118673,72224,1.9110913113556047,78,50,16509,16932,27076,19908,6126,13004,48562,36096,12011,5992,300,79,1007,4252,27845,29621,3047,0,6,20346,5359,3,23,6,6059,289,2,1645
902,2738,902.0239388211664,99889,117,88,90,17,118683,72234,1.9112915336022986,87,53,16442,16734,26797,19477,6465,13629,48562,36096,12707,6365,300,79,992,4252,27499,29974,3046,0,8,19961,5254,3,23,6,6438,304,3,1747
903,2738,903.1247557113026,99889,124,90,90,17,118704,72246,1.9116219003093433,84,56,16403,16524,26481,19079,6816,14232,48562,36096,13408,6747,300,79,972,4251,27122,30363,3045,0,8,19603,5144,3,23,6,6786,324,3,1857
904,2738,904.2384202203983,99889,129,99,90,17,118727,72267,1.9120623892520698,88,47,16381,16319,26146,18660,7164,14856,48562,36096,14111,7137,300,79,958,4250,26742,30755,3044,0,10,19249,5029,3,23,6,7131,337,3,1970
905,2738,905.0832186652848,99889,136,95,90,17,118749,72278,1.9123927559591145,87,45,16285,16076,25865,18272,7535,15493,48562,36096,14814,7535,299,79,949,4255,26345,31158,3039,1,11,18876,4921,3,22,7,7498,346,4,2076
906,2738,906.2232961025692,99889,127,88,90,17,118769,72289,1.91270310044149,92,44,16242,15877,25539,17874,7908,16098,48562,36096,15515,7939,299,79,933,4256,25974,31551,3035,1,12,18494,4807,3,22,7,7861,362,5,2188
907,2738,907.0881979705603,99889,135,90,90,17,118791,72301,1.9130434782608696,85,41,16145,15694,25251,17429,8292,16727,48562,36096,16211,8349,299,79,913,4257,25598,31938,3032,1,16,18115,4721,3,22,7,8231,382,5,2270
908,2738,908.2559970460309,99889,129,89,90,17,118810,72310,1.913323789406241,92,49,16102,15533,24910,16998,8675,17312,48562,36096,16900,8764,299,79,898,4256,25197,32349,3030,1,18,17774,4634,3,21,8,8565,397,5,2355
909,2738,909.1423350552636,99889,123,86,90,17,118825,72321,1.9135840783269429,91,48,16053,15332,24589,16599,9052,17916,48562,36096,17580,9182,299,79,881,4254,24827,32731,3029,1,22,17410,4541,3,21,8,8921,413,6,2443
910,2738,910.0401620001832,99889,135,91,90,17,118844,72332,1.9138844116969838,85,46,15972,15136,24275,16221,9441,18487,48562,36096,18249,9603,298,79,859,4254,24433,33129,3029,2,22,17070,4435,3,21,8,9258,434,7,2548
911,2738,911.2545096125792,99889,141,95,90,17,118879,72353,1.9144450339877264,75,40,15917,15012,23938,15798,9837,19036,48562,36096,18906,10026,298,79,843,4254,24072,33509,3027,2,26,16706,4340,3,20,9,9605,450,7,2639
912,2738,912.1768627498433,99889,145,91,90,17,118902,72358,1.9147253451330977,68,44,15846,14804,23625,15443,10224,19599,48562,36096,19549,10449,298,79,825,4251,23742,33852,3025,2,26,16337,4250,3,20,9,9967,467,8,2728
913,2738,913.1116592421794,99889,146,99,90,17,118920,72376,1.9150857451771466,71,38,15781,14600,23307,15095,10603,20149,48562,36096,20177,10872,298,79,808,4252,23427,34176,3023,2,26,15972,4154,3,18,11,10324,484,10,2822
914,2738,914.0589370329999,99889,151,93,90,17,118936,72385,1.9153360229855139,79,43,15678,14440,23001,14734,10999,20671,48562,36096,20788,11294,298,79,793,4253,23090,34522,3022,2,29,15629,4058,3,18,11,10658,499,12,2913
915,2738,915.0185185315997,99889,154,94,90,17,118959,72398,1.9156964230295628,76,41,15607,14273,22692,14381,11379,21192,48562,36096,21382,11714,298,79,773,4251,22755,34868,3020,2,30,15308,3981,3,17,12,10974,517,14,2987
916,2738,916.317252991684,99889,147,87,90,17,118977,72411,1.9160067675119383,82,47,15574,14151,22377,14046,11728,21650,48562,36096,21958,12131,298,79,757,4255,22418,35221,3015,2,32,14997,3900,3,17,12,11271,532,14,3066
917,2738,917.3039177447831,99889,140,85,90,17,118995,72421,1.9162870786573096,84,52,15500,14017,22084,13713,12100,22114,48562,36096,22515,12544,298,79,743,4254,22086,35564,3014,2,36,14689,3823,3,17,12,11570,546,15,3138
918,2738,918.3035876745331,99889,152,86,90,17,119026,72435,1.9167375787123708,79,57,15436,13877,21784,13402,12457,22559,48562,36096,23053,12953,297,79,728,4258,21771,35885,3010,3,38,14393,3748,3,17,12,11860,561,20,3206
919,2738,919.3168668127721,99889,153,94,90,17,119049,72450,1.917118000981089,83,53,15399,13759,21462,13102,12811,22973,48562,36096,23572,13357,296,79,716,4256,21450,36215,3009,4,41,14100,3658,3,17,12,12147,573,21,3292
920,2738,920.000559329476,99889,150,96,90,17,119072,72460,1.9174483676881338,69,47,15309,13611,21215,12838,13165,23389,48562,36096,24072,13755,295,79,705,4258,21161,36514,3006,5,39,13796,3576,3,17,12,12442,584,24,3373
921,2738,921.0413026464086,99889,139,95,90,17,119083,72471,1.917668612159497,75,48,15253,13524,20944,12536,13497,23778,48562,36096,24553,14147,294,79,689,4255,20842,36843,3006,6,40,13524,3509,3,17,12,12708,599,26,3437
922,2738,922.095610794298,99889,149,94,90,17,119103,72486,1.9180190010912113,78,44,15221,13424,20635,12280,13825,24139,48562,36096,25014,14532,294,79,675,4255,20545,37148,3005,6,41,13261,3427,3,17,12,12964,613,27,3517
923,2738,923.1650281889143,99889,143,91,90,17,119119,72499,1.9183093233489172,76,51,15186,13314,20365,12032,14138,24493,48562,36096,25456,14909,294,79,662,4254,20274,37432,3003,6,42,12998,3365,3,17,12,13220,624,29,3575
924,2738,924.249153501858,99889,143,96,90,17,119143,72515,1.918709767842305,71,49,15133,13240,20110,11775,14451,24821,48562,36096,25880,15279,294,79,652,4256,19991,37726,3000,6,44,12746,3307,3,17,12,13463,633,31,3629
925,2738,925.3474854318328,99889,151,94,90,17,119164,72531,1.9190801789986884,75,44,15096,13190,19836,11548,14750,25105,48562,36096,26285,15640,294,79,642,4256,19744,37981,2999,6,45,12489,3241,3,17,12,13713,643,33,3692
926,2738,926.0879608350007,99889,144,89,90,17,119176,72536,1.9192503679083783,76,46,15006,13088,19616,11352,15066,25406,48562,36096,26672,15993,294,79,630,4254,19482,38255,2998,6,45,12255,3183,3,17,12,13939,654,34,3749
927,2738,927.2139650709995,99889,141,87,90,17,119193,72548,1.9195406901660843,86,46,14949,13044,19377,11148,15355,25656,48562,36096,27042,16337,294,79,624,4253,19238,38513,2997,6,44,12033,3131,3,17,12,14149,660,37,3799
928,2738,928.3540149821758,99889,129,86,90,17,119211,72563,1.9198710568731292,82,44,14929,13008,19139,10964,15629,25879,48562,36096,27395,16672,293,79,609,4250,19007,38765,2995,7,48,11814,3073,3,16,13,14353,674,38,3852
929,2738,929.1218659430987,99889,131,89,90,17,119225,72574,1.9201213346814965,78,43,14892,12908,18907,10795,15900,26146,48562,36096,27731,16998,293,79,602,4254,18775,39004,2991,7,46,11607,3022,3,16,13,14553,681,42,3901
930,2738,930.2900621252473,99889,124,85,90,17,119244,72587,1.9204416902762065,77,43,14892,12898,18682,10610,16133,26345,48562,36096,28051,17315,292,79,593,4253,18540,39255,2989,8,46,11431,2979,3,15,14,14717,689,44,3942
931,2738,931.0769889561757,99889,129,84,90,17,119257,72594,1.9206419125229004,82,48,14855,12844,18445,10442,16397,26563,48562,36096,28356,17623,292,79,583,4254,18321,39480,2988,8,44,11245,2927,3,15,14,14897,699,47,3993
932,2738,932.274239957482,99889,134,82,90,17,119283,72605,1.921012323679284,81,45,14857,12832,18217,10279,16619,26743,48562,36096,28646,17922,291,79,573,4255,18113,39700,2987,9,45,11054,2886,3,14,15,15078,707,51,4029
933,2738,933.0809974795457,99889,143,80,90,17,119305,72616,1.9213426903863289,74,44,14812,12790,18021,10127,16858,26940,48562,36096,28922,18212,290,79,561,4254,17917,39906,2987,10,45,10895,2849,3,14,15,15229,718,53,4064
934,2738,934.306928474665,99889,134,81,90,17,119329,72630,1.9217231126550471,66,39,14833,12807,17825,9974,17050,27080,48562,36096,29184,18492,290,79,552,4254,17727,40112,2984,10,46,10741,2806,3,14,15,15370,727,55,4104
935,2738,935.1320634358275,99889,130,81,90,17,119337,72641,1.9219133237894062,70,36,14812,12792,17631,9840,17265,27232,48562,36096,29433,18763,290,79,544,4253,17536,40311,2984,10,47,10597,2774,3,14,15,15508,734,57,4133
936,2738,936.3857612139426,99889,124,80,90,17,119355,72651,1.9221936349347777,72,38,14820,12829,17434,9699,17458,27335,48562,36096,29670,19025,289,79,536,4251,17346,40512,2983,11,47,10454,2739,3,14,15,15644,741,60,4165
937,2738,937.2288523276698,99889,118,82,90,17,119369,72662,1.922443912743145,70,38,14810,12812,17268,9578,17642,27471,48562,36096,29895,19279,289,79,531,4249,17175,40694,2982,11,48,10314,2708,3,14,15,15776,746,63,4192
938,2738,938.0716620136031,99889,119,78,90,17,119389,72669,1.9227142127761816,62,40,14778,12803,17113,9459,17836,27601,48562,36096,30109,19524,288,79,526,4248,17007,40873,2980,12,51,10201,2671,3,14,15,15881,751,65,4224
939,2738,939.3205872456417,99889,124,72,90,17,119413,72683,1.9230946350448999,56,36,14816,12856,16918,9340,17994,27677,48562,36096,30312,19760,287,79,519,4246,16868,41027,2979,13,50,10076,2626,3,14,15,15996,756,73,4262
940,2738,940.1469058509665,99889,117,71,90,17,119420,72688,1.9232147683929162,60,44,14801,12871,16764,9221,18166,27774,48562,36096,30505,19988,287,79,515,4247,16717,41184,2977,13,54,9951,2595,3,14,15,16116,760,73,4289
941,2738,941.3725177985317,99889,109,65,90,17,119434,72696,1.9234350128642794,60,51,14859,12935,16573,9112,18307,27818,48562,36096,30688,20208,287,79,509,4248,16578,41335,2973,13,57,9831,2560,3,14,15,16227,766,75,4319
942,2738,942.1843113682089,99889,108,72,90,17,119447,72711,1.9237153240096507,55,45,14846,12920,16425,9027,18474,27917,48562,36096,30862,20420,287,79,503,4250,16433,41484,2970,13,58,9718,2530,3,13,16,16337,772,76,4347
943,2738,943.389312781246,99889,108,72,90,17,119467,72726,1.924065712941365,56,42,14867,12960,16287,8930,18590,27977,48562,36096,31027,20624,287,79,501,4247,16304,41626,2968,13,60,9616,2508,3,13,16,16432,773,79,4364
944,2738,944.1882360605645,99889,108,73,90,17,119476,72734,1.9242359018510546,60,40,14865,12989,16141,8848,18734,28031,48562,36096,31184,20820,287,79,496,4244,16178,41759,2968,13,62,9519,2477,3,13,16,16526,777,79,4393
945,2738,945.3759336927291,99889,99,73,90,17,119487,72746,1.9244661574347526,63,39,14938,13074,15984,8750,18824,28045,48562,36096,31333,21009,287,79,489,4239,16046,41909,2968,13,62,9441,2456,3,13,16,16592,783,82,4411
946,2738,946.1645429978631,99889,99,73,90,17,119498,72755,1.9246663796814465,61,39,14935,13071,15845,8694,18968,28104,48562,36096,31474,21191,287,79,482,4242,15930,42030,2964,13,62,9352,2436,3,13,16,16678,789,85,4428
947,2738,947.3375915843261,99889,100,75,90,17,119518,72768,1.9249967463884912,58,36,14980,13135,15716,8611,19054,28124,48562,36096,31608,21366,287,79,477,4242,15815,42156,2962,13,63,9269,2411,3,13,16,16752,794,86,4451
948,2738,948.1163851688372,99889,98,67,90,17,119528,72769,1.9251068686241728,56,42,15003,13164,15588,8536,19163,28172,48562,36096,31735,21534,286,79,474,4241,15708,42269,2962,14,66,9190,2378,3,13,16,16827,796,87,4480
949,2738,949.276832734865,99889,106,65,90,17,119547,72779,1.925397190881879,60,37,15055,13238,15445,8470,19242,28171,48562,36096,31856,21696,286,79,471,4242,15622,42367,2959,14,66,9104,2354,3,13,16,16903,799,91,4500
950,2738,950.0477511083182,99889,106,60,90,17,119555,72785,1.9255373464545646,60,38,15069,13264,15321,8408,19352,28211,48562,36096,31971,21851,286,79,466,4243,15553,42444,2957,14,67,9027,2330,3,13,16,16975,802,94,4520
951,2738,951.197028453388,99889,102,64,90,17,119580,72797,1.9259077576109482,50,36,15118,13331,15217,8328,19421,28222,48562,36096,32080,22000,286,78,463,4240,15459,42553,2954,14,67,8951,2312,3,13,16,17044,804,95,4537
952,2738,952.3419898079441,99889,99,62,90,17,119594,72806,1.926138013194646,54,33,15181,13396,15093,8261,19481,28229,48562,36096,32184,22143,286,78,458,4240,15372,42650,2952,14,70,8881,2292,3,12,17,17106,809,98,4551
953,2738,953.1031318813389,99889,97,55,90,17,119604,72815,1.9263282243290052,53,33,15193,13436,14997,8203,19568,28254,48562,36096,32282,22281,285,78,453,4239,15276,42757,2951,15,70,8824,2283,3,12,17,17155,813,100,4558
954,2738,954.2395259711399,99889,101,52,90,17,119619,72823,1.9265584799127031,55,33,15253,13526,14885,8133,19614,28237,48562,36096,32376,22413,285,78,449,4239,15200,42845,2949,15,70,8768,2267,3,12,17,17201,817,101,4573
955,2738,955.3731281267459,99889,100,53,90,17,119632,72829,1.9267486910470621,57,34,15290,13658,14795,8048,19666,28188,48562,36096,32465,22540,285,78,446,4236,15130,42925,2949,15,68,8712,2249,3,12,17,17251,819,103,4591
956,2738,956.12703915771,99889,106,53,90,17,119641,72835,1.9268988577320827,53,31,15300,13685,14708,8004,19741,28208,48562,36096,32550,22662,285,78,440,4235,15056,43002,2949,15,68,8655,2237,3,12,17,17307,824,104,4602
957,2738,957.2529566038858,99889,106,53,90,17,119654,72842,1.9270990799787764,62,31,15392,13745,14575,7958,19773,28194,48562,36096,32630,22779,285,78,437,4231,14990,43082,2949,15,67,8599,2221,3,12,17,17354,826,105,4618
958,2738,958.0023404560117,99889,105,53,90,17,119662,72848,1.927239235551462,65,30,15426,13805,14478,7907,19834,28186,48562,36096,32706,22892,285,78,435,4229,14925,43155,2948,15,67,8551,2214,3,12,17,17398,827,105,4625
959,2738,959.1227352314448,99889,111,51,90,17,119682,72855,1.927509535584499,54,30,15514,13889,14375,7849,19854,28162,48562,36096,32779,23000,285,78,433,4230,14855,43229,2947,15,68,8500,2197,3,12,17,17446,828,106,4640
960,2738,960.2420575874179,99889,108,53,90,17,119696,72866,1.9277598133928662,60,25,15595,13976,14279,7786,19866,28141,48562,36096,32848,23104,285,78,430,4227,14786,43310,2946,15,70,8454,2185,3,12,17,17484,831,108,4648
961,2738,961.3602175157918,99889,108,53,90,17,119714,72874,1.9280201023135681,54,26,15654,14062,14199,7737,19893,28103,48562,36096,32914,23204,285,78,425,4225,14734,43374,2946,15,70,8408,2174,3,12,17,17521,835,110,4657
962,2738,962.1049529255815,99889,101,55,90,17,119717,72882,1.9281302245492498,59,22,15687,14140,14122,7687,19939,28077,48562,36096,32977,23300,285,78,424,4224,14684,43430,2945,15,71,8362,2166,3,12,17,17563,836,111,4663
963,2738,963.219049089051,99889,98,51,90,17,119733,72887,1.9283404579082781,52,25,15768,14213,14039,7640,19951,28052,48562,36096,33037,23392,284,77,420,4227,14631,43496,2942,16,71,8324,2156,3,12,17,17589,840,113,4671
964,2738,964.3325512486728,99889,102,57,90,17,119742,72895,1.928510646817968,50,20,15818,14294,13956,7587,19982,28023,48562,36096,33094,23480,284,77,418,4228,14587,43541,2941,16,72,8270,2150,3,12,17,17642,842,113,4676
965,2738,965.3255302831241,99889,111,56,90,17,119766,72901,1.9288109801880087,43,23,15928,14403,13849,7549,19977,27950,48562,36096,33148,23565,284,77,417,4227,14531,43603,2940,16,72,8227,2141,3,12,17,17682,842,115,4683
966,2738,966.0666198929916,99889,113,56,90,17,119778,72904,1.928961146873029,35,25,15996,14473,13761,7506,20003,27921,48562,36096,33200,23647,284,77,417,4228,14482,43654,2938,16,72,8186,2135,3,12,17,17723,841,116,4688
967,2738,967.1772319722888,99889,102,56,90,17,119789,72912,1.9291513580073882,34,30,16061,14566,13697,7462,20014,27867,48562,36096,33249,23725,284,77,415,4225,14432,43715,2937,16,72,8148,2124,3,12,16,17755,843,117,4698
968,2738,968.2872162188598,99889,96,48,90,17,119799,72917,1.9293015246924086,40,32,16157,14659,13615,7425,20000,27817,48562,36096,33296,23800,284,77,411,4224,14389,43768,2936,16,74,8111,2117,3,12,16,17784,847,119,4701
969,2738,969.0274370064571,99889,100,48,90,17,119808,72921,1.9294316691527595,36,36,16204,14711,13550,7402,20018,27784,48562,36096,33341,23872,284,77,410,4223,14341,43820,2935,16,74,8082,2109,3,12,16,17811,848,119,4709
970,2738,970.1369041485761,99889,99,48,90,17,119821,72931,1.9296619247364575,33,30,16291,14836,13480,7365,20005,27702,48562,36096,33384,23942,284,77,409,4224,14305,43863,2933,16,74,8056,2097,3,12,16,17831,849,122,4718
971,2738,971.2471214728803,99889,106,46,90,17,119839,72937,1.92990219143249,29,29,16368,14941,13399,7325,20006,27640,48562,36096,33425,24009,283,77,409,4227,14271,43905,2930,17,74,8020,2091,3,12,16,17860,848,123,4723
972,2738,972.357559852526,99889,98,49,90,17,119847,72946,1.9300723803421798,31,25,16444,15048,13342,7295,19993,27564,48562,36096,33464,24073,283,77,407,4227,14236,43948,2927,17,75,7998,2078,3,12,16,17877,850,123,4735
973,2738,973.0981364750843,99889,102,49,90,17,119853,72951,1.9301825025778614,35,25,16496,15106,13278,7268,19997,27533,48562,36096,33501,24135,283,77,406,4227,14197,43990,2927,17,76,7977,2072,3,12,16,17895,851,123,4740
974,2738,974.2086989621693,99889,96,44,90,17,119863,72956,1.9303326692628817,42,30,16579,15207,13215,7243,19976,27457,48562,36096,33537,24194,282,77,406,4222,14168,44029,2926,18,76,7950,2068,3,12,16,17918,851,125,4742
975,2738,975.3202765975343,99889,99,49,90,17,119881,72967,1.930622991520588,43,27,16688,15316,13132,7198,19946,27391,48562,36096,33571,24251,282,77,405,4223,14129,44077,2925,18,77,7926,2060,3,12,16,17934,851,126,4748
976,2738,976.0622668567842,99889,99,53,90,17,119888,72974,1.9307631470932736,47,25,16751,15372,13066,7172,19945,27359,48562,36096,33603,24306,282,77,403,4222,14092,44117,2925,18,77,7903,2053,3,12,16,17955,853,127,4754
977,2738,977.1755030200596,99889,99,47,90,17,119903,72980,1.9309733804523022,37,29,16838,15495,13013,7139,19921,27271,48562,36096,33634,24359,282,77,402,4222,14060,44157,2925,18,77,7885,2049,3,12,16,17966,853,130,4755
978,2738,978.2899280762932,99889,96,48,90,17,119913,72988,1.9311535804743265,40,30,16921,15609,12943,7118,19908,27176,48562,36096,33664,24410,282,77,402,4223,14030,44194,2924,18,77,7854,2046,3,12,16,17991,852,130,4758
979,2738,979.0333627582675,99889,96,49,90,17,119921,72997,1.9313237693840162,36,24,16977,15675,12884,7093,19915,27140,48562,36096,33692,24459,282,77,402,4222,14001,44229,2924,18,78,7830,2044,3,12,16,18010,852,131,4758
980,2738,980.1482535870381,99889,92,48,90,17,119928,73004,1.931463924956702,50,23,17072,15768,12808,7070,19886,27072,48562,36096,33719,24506,282,77,401,4221,13972,44265,2924,18,79,7806,2039,3,12,16,18030,851,132,4761
981,2738,981.2646816176765,99889,89,45,90,17,119939,73011,1.9316441249787264,45,27,17178,15868,12748,7040,19848,27001,48562,36096,33745,24551,282,77,399,4220,13945,44302,2923,18,80,7787,2032,3,12,16,18041,853,132,4767
982,2738,982.0103018992874,99889,90,44,90,17,119949,73014,1.9317742694390774,42,27,17239,15958,12697,7011,19840,26941,48562,36096,33770,24595,282,77,399,4220,13923,44327,2923,18,80,7769,2028,3,12,16,18056,853,134,4769
983,2738,983.1293585412487,99889,84,44,90,17,119960,73020,1.931944458348767,38,26,17339,16076,12643,6975,19804,26860,48562,36096,33794,24637,282,77,399,4218,13891,44365,2921,18,80,7752,2023,3,12,16,18071,853,136,4772
984,2738,984.2505282623588,99889,83,47,90,17,119969,73028,1.932114647258457,44,26,17454,16180,12567,6935,19760,26793,48562,36096,33817,24677,282,77,399,4217,13870,44390,2921,18,80,7732,2019,3,12,16,18088,853,139,4773
985,2738,985.3740159992202,99889,81,42,90,17,119980,73035,1.9322948472804813,52,27,17539,16283,12512,6918,19724,26711,48562,36096,33839,24716,282,77,399,4214,13848,44421,2921,18,81,7715,2014,3,12,16,18100,853,142,4773
986,2738,986.1240869135939,99889,86,45,90,17,119993,73039,1.9324650361901712,45,28,17588,16350,12472,6901,19717,26657,48562,36096,33860,24754,282,77,398,4214,13833,44441,2920,18,81,7693,2012,3,12,16,18118,854,142,4775
987,2738,987.2501996958382,99889,68,49,90,17,120002,73051,1.9326752695491995,48,28,17694,16471,12428,6873,19670,26560,48562,36096,33880,24790,281,77,398,4212,13811,44476,2918,19,83,7677,2007,3,12,16,18125,854,145,4775
988,2738,988.0024670681624,99889,60,52,90,17,120007,73055,1.9327653695602118,50,32,17728,16536,12401,6849,19669,26512,48562,36096,33899,24825,281,77,394,4212,13790,44501,2916,19,83,7666,2003,3,12,16,18134,858,145,4779
989,2738,989.1314983407414,99889,60,50,90,17,120014,73061,1.9328955140205628,49,30,17819,16655,12347,6820,19633,26426,48562,36096,33918,24859,279,77,394,4212,13771,44523,2915,21,83,7644,2003,3,12,16,18155,857,145,4779
990,2738,990.2624591318912,99889,60,52,90,17,120021,73070,1.9330556918179178,50,30,17920,16757,12291,6799,19587,26343,48562,36096,33936,24891,279,77,394,4212,13757,44542,2915,21,83,7626,2000,3,12,16,18168,857,146,4781
991,2738,991.0178412838218,99889,64,48,90,17,120033,73075,1.9332258807276077,44,25,17977,16814,12256,6790,19567,26304,48562,36096,33953,24922,279,77,393,4212,13737,44570,2915,21,83,7614,1998,3,12,16,18173,857,147,4782
992,2738,992.1525081089599,99889,64,52,90,17,120040,73088,1.9334261029743014,51,18,18082,16935,12201,6777,19510,26199,48562,36096,33969,24952,279,77,393,4211,13722,44590,2914,21,83,7600,1991,3,12,16,18184,857,147,4789
993,2738,993.2603038491773,99889,59,53,90,17,120051,73091,1.933566258546987,49,19,18142,17015,12165,6750,19493,26144,48562,36096,33985,24981,279,77,393,4206,13703,44617,2913,21,83,7592,1988,3,12,16,18190,857,147,4792
994,2738,994.0741454346862,99889,58,51,90,17,120065,73094,1.933736447456677,48,26,18249,17118,12114,6725,19439,26061,48562,36096,34000,25009,279,77,393,4206,13689,44637,2912,21,83,7580,1981,3,12,16,18197,857,148,4798
995,2738,995.2162640252852,99889,65,49,90,17,120077,73100,1.9339166474787013,43,27,18354,17250,12056,6697,19390,25958,48562,36096,34015,25036,279,77,392,4205,13668,44663,2912,21,83,7568,1979,3,12,16,18206,857,150,4798
996,2738,996.3612940411485,99889,65,50,90,17,120088,73110,1.9341268808377299,36,22,18436,17366,12025,6682,19346,25861,48562,36096,34029,25062,279,77,392,4205,13654,44682,2910,21,86,7555,1973,3,12,16,18216,857,152,4799
997,2738,997.126068520672,99889,69,53,90,17,120096,73117,1.9342770475227502,36,19,18487,17446,11988,6659,19328,25804,48562,36096,34042,25087,279,77,392,4205,13645,44691,2910,21,87,7540,1968,3,12,16,18231,857,153,4802
998,2738,998.3782262524145,99889,73,46,90,17,120108,73123,1.9344572475447748,36,20,18583,17582,11947,6632,19269,25701,48562,36096,34055,25111,279,77,391,4203,13639,44710,2910,21,87,7526,1968,3,12,16,18234,858,156,4799
999,2738,999.1516669742532,99889,71,41,90,17,120113,73124,1.9345173142187828,35,22,18650,17650,11902,6619,19250,25649,48562,36096,34067,25135,277,77,391,4202,13624,44728,2910,23,87,7517,1967,3,12,16,18241,858,157,4799
1000,2738,1000.305198303183,99889,72,40,90,17,120124,73129,1.9346774920161378,37,25,18735,17769,11864,6597,19200,25550,48562,36096,34079,25158,277,77,391,4202,13609,44747,2909,23,87,7511,1967,3,12,16,18244,858,159,4797
1001,2738,1001.0757637651001,99889,66,43,90,17,120128,73134,1.93476759202715,38,27,18810,17834,11823,6586,19171,25491,48562,36096,34091,25180,277,77,391,4200,13603,44759,2908,23,87,7502,1964,3,12,16,18250,858,159,4800
1002,2738,1002.2338119265071,99889,67,47,90,17,120139,73143,1.934967814273844,39,24,18918,17948,11777,6559,19107,25403,48562,36096,34102,25201,277,77,391,4201,13589,44775,2907,23,87,7491,1964,3,12,16,18259,858,161,4798
1003,2738,1003.0081184376911,99889,63,47,90,17,120142,73148,1.9350479031725214,46,21,18991,18030,11743,6542,19065,25341,48562,36096,34113,25221,277,77,390,4201,13574,44792,2907,23,87,7484,1960,3,12,16,18264,859,162,4801
1004,2738,1004.1722493336017,99889,66,48,90,17,120156,73157,1.9352781587562193,43,19,19092,18149,11702,6515,19005,25250,48562,36096,34123,25241,277,77,390,4198,13569,44808,2907,23,87,7470,1958,3,12,16,18270,859,163,4802
1005,2738,1005.0490280994258,99889,64,44,90,17,120160,73160,1.9353482365425623,48,16,19128,18213,11678,6505,18990,25203,48562,36096,34133,25260,277,77,389,4199,13554,44826,2905,23,88,7464,1955,3,12,16,18274,860,163,4804
1006,2738,1006.1488202538238,99889,70,35,90,17,120173,73165,1.9355284365645866,44,12,19226,18297,11623,6492,18945,25145,48562,36096,34143,25278,277,77,389,4198,13542,44847,2904,23,90,7462,1951,3,12,16,18269,860,164,4805
1007,2738,1007.0284364266839,99889,69,30,90,17,120185,73168,1.9356786032496072,44,16,19322,18417,11588,6468,18885,25050,48562,36096,34152,25296,277,77,389,4197,13541,44860,2901,23,90,7456,1947,3,12,16,18267,860,164,4809
1008,2738,1008.0274610312492,99889,71,28,90,17,120195,73169,1.9357887254852886,37,19,19413,18502,11551,6446,18836,24986,48562,36096,34161,25313,277,77,389,4197,13531,44872,2900,23,91,7446,1944,3,12,16,18276,860,166,4809
1009,2738,1009.2787177402474,99889,72,26,90,17,120207,73173,1.9359489032826438,34,18,19543,18652,11505,6413,18754,24872,48562,36096,34170,25330,277,76,389,4199,13522,44885,2899,23,91,7440,1941,3,12,16,18278,860,166,4812
1010,2738,1010.2044270705313,99889,73,26,90,17,120215,73176,1.9360590255183254,40,24,19633,18759,11464,6384,18698,24788,48562,36096,34178,25346,277,76,389,4198,13511,44900,2898,23,91,7434,1938,3,12,16,18282,860,166,4815
1011,2738,1011.0336053156559,99889,76,30,90,17,120225,73184,1.9362392255403498,36,17,19707,18836,11431,6366,18658,24732,48562,36096,34186,25362,277,76,388,4196,13501,44914,2898,23,92,7428,1937,3,12,16,18286,861,168,4813
1012,2738,1012.1767559425386,99889,76,31,90,17,120233,73187,1.9363493477760314,30,17,19780,18910,11408,6350,18614,24673,48562,36096,34194,25377,277,76,387,4196,13490,44927,2898,23,92,7425,1935,3,12,16,18288,861,168,4815
1013,2738,1013.0035488102935,99889,69,32,90,17,120240,73191,1.936459470011713,31,20,19901,18994,11350,6333,18557,24602,48562,36096,34201,25392,277,76,387,4195,13485,44937,2896,23,92,7416,1934,3,12,16,18296,860,168,4816
1014,2738,1014.3022398845626,99889,70,32,90,17,120250,73195,1.9365996255843987,38,23,20004,19123,11313,6311,18483,24492,48562,36096,34208,25406,276,76,385,4197,13482,44942,2894,24,92,7412,1934,3,11,17,18300,860,169,4815
1015,2738,1015.0420929040338,99889,67,33,90,17,120253,73197,1.936649681146072,38,25,20077,19198,11282,6294,18444,24431,48562,36096,34215,25420,276,76,385,4195,13477,44949,2894,24,92,7404,1933,3,11,17,18308,860,169,4816
1016,2738,1016.1474675245942,99889,67,31,90,17,120265,73202,1.936819870055762,34,26,20177,19296,11249,6275,18381,24353,48562,36096,34222,25433,275,76,384,4194,13469,44962,2893,25,92,7398,1933,3,11,17,18312,861,170,4814
1017,2738,1017.247214581339,99889,61,33,90,17,120268,73211,1.9369400034037783,34,19,20275,19392,11216,6259,18322,24278,48562,36096,34229,25446,275,76,383,4194,13464,44971,2892,25,92,7392,1930,3,11,17,18315,862,171,4816
1018,2738,1018.3415557293644,99889,65,30,90,17,120276,73212,1.9370301034147903,30,19,20355,19469,11176,6245,18282,24218,48562,36096,34235,25459,275,76,383,4194,13456,44980,2892,25,93,7385,1929,3,11,17,18321,862,171,4816
1019,2738,1019.1676041710349,99889,62,28,90,17,120286,73214,1.9371502367628066,27,21,20464,19581,11134,6225,18221,24126,48562,36096,34241,25471,274,76,383,4194,13450,44989,2891,26,94,7379,1927,3,11,17,18325,862,173,4815
1020,2738,1020.2521163092599,99889,61,28,90,17,120294,73219,1.9372803812231576,24,21,20570,19684,11084,6205,18169,24043,48562,36096,34247,25483,274,76,383,4192,13444,45000,2891,26,95,7374,1926,3,11,17,18327,862,175,4813
1021,2738,1021.1324683519546,99889,58,30,90,17,120297,73223,1.9373504590095005,25,18,20612,19728,11067,6192,18146,24013,48562,36096,34253,25494,274,76,383,4192,13437,45008,2891,26,95,7367,1924,3,11,17,18333,862,176,4814
1022,2738,1022.1972324315547,99889,56,32,90,17,120303,73229,1.9374705923575168,25,17,20711,19838,11026,6170,18090,23924,48562,36096,34259,25505,274,76,383,4194,13430,45018,2889,26,95,7363,1923,3,11,17,18334,862,176,4815
1023,2738,1023.2593150735636,99889,48,32,90,17,120307,73238,1.9376007368178678,33,17,20838,19954,10979,6154,18010,23824,48562,36096,34264,25516,274,76,383,4195,13423,45030,2887,26,97,7357,1921,3,11,17,18336,862,178,4813
1024,2738,1024.1772939970012,99889,49,39,90,17,120312,73246,1.9377308812782188,34,15,20885,19999,10955,6139,17985,23789,48562,36096,34269,25526,274,76,383,4195,13414,45043,2887,26,97,7355,1920,3,11,17,18334,862,178,4814
1025,2738,1025.112253971458,99889,49,37,90,17,120322,73252,1.9378910590755738,33,16,20980,20124,10914,6113,17932,23691,48562,36096,34274,25536,274,76,383,4196,13408,45055,2886,26,97,7350,1918,3,11,17,18334,861,179,4815
1026,2738,1026.085775803254,99889,51,34,90,17,120329,73254,1.937981159086586,32,17,21028,20193,10898,6101,17899,23636,48562,36096,34279,25546,274,76,383,4194,13404,45062,2886,26,98,7344,1917,3,11,17,18339,861,181,4813
1027,2738,1027.155643300131,99889,59,33,90,17,120344,73258,1.9381713702209453,26,15,21114,20292,10862,6080,17847,23561,48562,36096,34284,25556,274,76,383,4192,13401,45072,2886,26,98,7339,1916,3,11,17,18339,861,182,4813
1028,2738,1028.045895023931,99889,58,32,90,17,120349,73261,1.9382514591196227,30,16,21186,20392,10840,6054,17794,23487,48562,36096,34289,25565,274,76,382,4190,13397,45080,2886,26,99,7335,1915,3,11,17,18342,861,182,4813
1029,2738,1029.3479567694337,99889,57,35,90,17,120358,73265,1.9383816035799737,28,19,21296,20512,10800,6025,17727,23390,48562,36096,34293,25574,274,76,382,4191,13392,45087,2885,26,100,7334,1913,3,11,17,18341,861,182,4814
1030,2738,1030.0231555404248,99889,54,35,90,17,120366,73269,1.93850173692799,31,20,21355,20598,10782,6011,17686,23317,48562,36096,34297,25583,274,76,382,4190,13388,45095,2884,26,100,7330,1912,3,11,17,18343,861,183,4814
1031,2738,1031.0999558845092,99889,51,34,90,17,120371,73271,1.938571814714333,34,19,21431,20666,10756,6002,17636,23260,48562,36096,34301,25591,274,76,382,4189,13383,45103,2884,26,100,7325,1912,3,11,17,18346,861,186,4811
1032,2738,1032.2280955731596,99889,45,37,90,17,120379,73280,1.9387420036240226,34,21,21548,20808,10714,5979,17567,23136,48562,36096,34305,25599,274,76,381,4189,13374,45120,2884,26,100,7320,1912,3,11,17,18346,859,187,4810
1033,2738,1033.258362816645,99889,40,33,90,17,120384,73284,1.9388321036350349,37,22,21629,20905,10685,5966,17517,23055,48562,36096,34309,25607,274,76,380,4190,13371,45132,2882,26,100,7314,1911,3,11,17,18345,859,188,4810
1034,2738,1034.0497091739896,99889,44,33,90,17,120391,73289,1.9389522369830512,35,19,21695,20976,10657,5955,17477,22998,48562,36096,34313,25615,274,76,380,4188,13371,45135,2882,26,101,7308,1910,3,11,17,18350,859,191,4807
1035,2738,1035.2581522634662,99889,46,29,90,17,120405,73292,1.9391224258927409,24,22,21796,21110,10630,5932,17412,22888,48562,36096,34317,25623,274,76,380,4186,13368,45145,2882,26,103,7304,1908,3,11,17,18349,859,191,4807
1036,2738,1036.074575208049,99889,51,30,90,17,120413,73296,1.9392425592407572,25,19,21857,21183,10603,5916,17372,22833,48562,36096,34321,25630,274,76,380,4185,13364,45152,2882,26,103,7301,1908,3,11,17,18350,859,191,4807
1037,2738,1037.2658185177254,99889,49,30,90,17,120417,73299,1.9393126370271,24,21,21952,21292,10571,5897,17312,22741,48562,36096,34325,25637,274,76,380,4185,13361,45158,2882,26,103,7296,1907,3,11,17,18352,859,191,4808
1038,2738,1038.2771549997506,99889,47,32,90,17,120424,73302,1.939412748150447,24,23,22035,21377,10544,5879,17258,22670,48562,36096,34328,25644,274,76,380,4185,13358,45163,2881,26,103,7295,1907,3,11,17,18352,859,191,4808
1039,2738,1039.2848388384336,99889,48,31,90,17,120432,73306,1.9395328814984634,24,22,22115,21470,10512,5862,17209,22596,48562,36096,34331,25651,274,76,380,4183,13359,45169,2881,26,104,7291,1906,3,11,17,18351,859,192,4807
1040,2738,1040.2885711239694,99889,47,28,90,17,120443,73309,1.939673037071149,22,24,22211,21564,10476,5844,17152,22521,48562,36096,34334,25658,274,76,380,4183,13358,45177,2879,26,105,7285,1905,3,11,17,18352,859,193,4806
1041,2738,1041.0198861748743,99889,47,32,90,17,120445,73315,1.9397531259698264,25,19,22235,21611,10462,5828,17139,22491,48562,36096,34337,25664,274,76,380,4183,13353,45184,2879,26,105,7282,1903,3,11,17,18354,858,193,4808
1042,2738,1042.1469948779177,99889,46,30,90,17,120453,73319,1.9398732593178427,22,18,22337,21698,10428,5814,17075,22421,48562,36096,34340,25670,274,76,379,4181,13354,45190,2879,26,105,7277,1903,3,11,17,18354,859,194,4807
1043,2738,1043.012869880856,99889,45,33,90,17,120456,73324,1.9399533482165203,21,15,22408,21768,10405,5802,17029,22363,48562,36096,34343,25676,274,76,379,4181,13352,45192,2879,26,106,7274,1902,3,11,17,18357,859,194,4807
1044,2738,1044.006093563803,99889,48,33,90,17,120464,73329,1.9400834926768713,19,15,22487,21854,10375,5787,16979,22292,48562,36096,34346,25682,274,76,379,4182,13348,45199,2878,26,107,7271,1901,3,11,17,18357,859,197,4804
1045,2738,1045.1914427733043,99889,36,28,90,17,120466,73332,1.940133548238545,24,19,22593,21961,10332,5767,16923,22206,48562,36096,34349,25688,274,76,379,4181,13346,45210,2878,26,108,7267,1899,3,11,17,18353,859,200,4802
1046,2738,1046.3020507771405,99889,35,29,90,17,120472,73336,1.9402336593618916,28,22,22691,22101,10303,5737,16851,22092,48562,36096,34352,25694,274,76,379,4181,13343,45216,2877,26,109,7264,1897,3,11,17,18354,859,200,4803
1047,2738,1047.280410937467,99889,38,32,90,17,120480,73342,1.9403738149345773,25,18,22777,22187,10269,5717,16799,22027,48562,36096,34355,25699,274,76,379,4180,13340,45221,2877,26,109,7261,1897,3,11,17,18356,859,200,4803
1048,2738,1048.2199330229664,99889,42,28,90,17,120486,73344,1.940453903833255,24,23,22861,22297,10232,5688,16749,21945,48562,36096,34358,25704,274,76,379,4180,13337,45226,2876,26,109,7257,1897,3,11,17,18359,859,202,4801
1049,2738,1049.1911327285243,99889,42,31,90,17,120492,73350,1.9405740371812712,23,19,22961,22375,10198,5672,16684,21884,48562,36096,34361,25709,274,75,379,4180,13335,45231,2876,26,110,7254,1896,3,11,17,18360,859,202,4801
1050,2738,1050.0154754297598,99889,42,29,90,17,120497,73352,1.9406441149676141,21,21,23029,22444,10176,5660,16640,21827,48562,36096,34363,25714,274,75,379,4179,13333,45238,2876,26,109,7251,1896,3,11,17,18360,859,203,4800
1051,2738,1051.1557478730238,99889,44,32,90,17,120505,73358,1.9407842705402998,20,17,23119,22554,10147,5644,16578,21734,48562,36096,34365,25719,274,75,379,4177,13329,45247,2876,26,109,7249,1896,3,11,17,18359,859,203,4800
1052,2738,1052.0975007274117,99889,36,31,90,17,120509,73364,1.9408843816636467,21,16,23210,22653,10126,5621,16515,21660,48562,36096,34367,25724,274,75,379,4177,13329,45257,2876,26,110,7242,1894,3,11,17,18357,858,203,4801
1053,2738,1053.1122979916274,99889,39,30,90,17,120519,73367,1.9410145261239977,14,14,23262,22725,10100,5601,16493,21611,48562,36096,34369,25729,274,75,379,4178,13327,45261,2873,26,111,7240,1893,3,11,17,18359,858,203,4801
1054,2738,1054.0797990249534,99889,37,28,90,17,120523,73371,1.941094615022675,19,11,23357,22811,10062,5586,16433,21545,48562,36096,34371,25734,274,75,379,4178,13328,45266,2872,26,111,7234,1893,3,11,17,18361,857,204,4800
1055,2738,1055.0000251152587,99889,41,25,90,17,120529,73373,1.9411747039213527,15,12,23417,22881,10044,5574,16391,21489,48562,36096,34373,25738,274,75,379,4178,13326,45270,2872,26,112,7232,1892,3,11,17,18361,857,206,4798
1056,2738,1056.0447102597454,99889,37,24,90,17,120531,73377,1.9412347705953608,15,12,23502,22966,10009,5561,16345,21418,48562,36096,34375,25742,274,75,379,4178,13328,45273,2871,26,112,7226,1892,3,11,17,18363,857,206,4798
1057,2738,1057.2093005265008,99889,33,26,90,17,120536,73383,1.9413448928310424,13,8,23589,23069,9984,5545,16289,21333,48562,36096,34377,25746,274,75,379,4177,13326,45280,2870,26,113,7223,1890,3,11,17,18364,856,206,4799
1058,2738,1058.0121736481651,99889,32,30,90,17,120538,73387,1.9414049595050507,14,4,23656,23132,9963,5529,16243,21286,48562,36096,34379,25750,274,75,378,4177,13326,45281,2870,26,113,7221,1890,3,11,17,18365,857,206,4799
1059,2738,1059.2027539836545,99889,28,25,90,17,120538,73389,1.94142498172972,18,6,23757,23248,9932,5512,16173,21190,48562,36096,34381,25754,274,75,378,4175,13326,45287,2870,26,114,7217,1889,3,11,17,18365,857,206,4799
1060,2738,1060.0149948535875,99889,25,26,90,17,120540,73391,1.9414650261790587,19,5,23801,23315,9920,5502,16143,21133,48562,36096,34383,25758,274,75,378,4176,13325,45289,2869,26,114,7214,1888,3,11,17,18367,857,206,4800
1061,2738,1061.1914790936664,99889,26,21,90,17,120546,73394,1.941555126190071,15,3,23875,23423,9891,5488,16101,21046,48562,36096,34385,25762,274,75,378,4175,13326,45293,2869,26,114,7210,1888,3,11,17,18367,857,209,4797
1062,2738,1062.1571760807562,99889,24,21,90,17,120546,73395,1.9415651373024057,22,5,23971,23539,9856,5457,16035,20959,48562,36096,34387,25766,274,75,378,4174,13324,45297,2869,26,114,7207,1888,3,11,17,18369,857,209,4797
1063,2738,1063.0475554442103,99889,27,17,90,17,120550,73395,1.9416051817517443,18,9,24036,23584,9823,5449,16004,20922,48562,36096,34389,25770,274,75,378,4174,13321,45303,2869,26,113,7206,1888,3,11,17,18368,856,210,4797
1064,2738,1064.0511566940222,99889,23,17,90,17,120554,73396,1.941655237313418,17,11,24127,23685,9789,5434,15952,20834,48562,36096,34391,25774,274,75,378,4174,13321,45306,2869,26,113,7204,1887,3,11,17,18367,856,212,4796
1065,2738,1065.0668036294373,99889,23,18,90,17,120559,73398,1.9417253150997607,14,13,24201,23754,9766,5419,15904,20777,48562,36096,34393,25778,274,75,378,4172,13324,45307,2869,26,113,7201,1886,3,11,17,18368,856,212,4797
1066,2738,1066.0684242367315,99889,26,15,90,17,120563,73400,1.941785381773769,12,14,24287,23850,9729,5406,15854,20696,48562,36096,34395,25781,274,75,378,4172,13322,45310,2869,26,113,7199,1886,3,11,17,18369,856,212,4797
1067,2738,1067.1244004687505,99889,28,15,90,17,120569,73403,1.9418754817847812,12,12,24379,23930,9689,5391,15800,20633,48562,36096,34397,25784,274,75,378,4172,13319,45314,2869,26,115,7198,1884,3,11,17,18369,856,212,4797
1068,2738,1068.1213929927706,99889,26,20,90,17,120576,73410,1.9420156373574669,8,8,24486,24033,9656,5367,15732,20553,48562,36096,34399,25787,274,75,378,4172,13319,45317,2868,26,116,7196,1882,3,11,17,18369,856,212,4798
1069,2738,1069.0422450636086,99889,23,20,90,17,120580,73412,1.942075704031475,8,6,24555,24103,9628,5360,15694,20492,48562,36096,34401,25790,274,75,378,4171,13319,45320,2867,26,116,7192,1881,3,11,17,18372,856,212,4799
1070,2738,1070.0501139572864,99889,22,17,90,17,120581,73412,1.9420857151438096,9,8,24629,24183,9600,5346,15648,20427,48562,36096,34403,25793,274,75,378,4171,13316,45324,2867,26,116,7189,1881,3,11,17,18374,856,212,4799
1071,2738,1071.1200942067064,99889,20,16,90,17,120582,73412,1.9420957262561442,12,11,24705,24243,9569,5335,15602,20376,48562,36096,34405,25796,274,75,378,4171,13312,45330,2867,26,116,7188,1881,3,11,17,18373,856,212,4799
1072,2738,1072.0982843313827,99889,16,13,90,17,120583,73413,1.9421157484808138,12,10,24796,24324,9533,5325,15551,20309,48562,36096,34407,25799,274,75,377,4171,13307,45336,2867,26,116,7188,1881,3,11,17,18372,857,213,4798
1073,2738,1073.1259333494404,99889,15,13,90,17,120584,73417,1.9421658040424872,13,7,24884,24434,9502,5307,15494,20220,48562,36096,34409,25802,274,75,377,4171,13304,45342,2867,26,116,7187,1881,3,11,17,18370,857,214,4797
1074,2738,1074.0501461855172,99889,15,10,90,17,120585,73417,1.9421758151548218,14,9,24946,24494,9478,5299,15455,20169,48562,36096,34410,25805,274,75,377,4172,13303,45344,2866,26,116,7186,1881,3,11,17,18370,857,215,4796
1075,2738,1075.0325676568843,99889,20,9,90,17,120591,73420,1.9422659151658341,10,8,25009,24576,9460,5283,15409,20105,48562,36096,34411,25808,274,75,377,4172,13300,45347,2866,26,117,7186,1880,3,11,17,18370,857,215,4796
1076,2738,1076.1815127741468,99889,17,9,90,17,120592,73421,1.9422859373905035,12,9,25115,24679,9417,5262,15347,20022,48562,36096,34412,25811,274,75,377,4171,13300,45348,2866,26,117,7185,1880,3,11,17,18371,857,215,4796
1077,2738,1077.0761506448007,99889,19,7,90,17,120594,73421,1.9423059596151728,11,9,25152,24741,9400,5250,15326,19974,48562,36096,34413,25814,274,75,377,4171,13298,45352,2866,26,117,7184,1880,3,11,17,18370,857,215,4796
1078,2738,1078.1796366217238,99889,20,10,90,17,120600,73425,1.9424060707385198,8,9,25276,24861,9354,5230,15250,19871,48562,36096,34414,25817,274,75,377,4170,13298,45355,2866,26,117,7182,1879,3,11,17,18370,857,215,4797
1079,2738,1079.0567715492475,99889,21,11,90,17,120603,73427,1.9424561263001932,7,7,25363,24937,9321,5215,15196,19811,48562,36096,34415,25820,274,75,377,4171,13296,45358,2865,26,117,7180,1879,3,11,17,18371,857,215,4797
1080,2738,1080.2667608347979,99889,21,13,90,17,120606,73430,1.9425161929742014,8,6,25446,25037,9292,5193,15141,19732,48562,36096,34416,25823,274,75,377,4171,13297,45361,2865,26,117,7178,1878,3,11,17,18369,857,215,4798
1081,2738,1081.0330131283488,99889,23,16,90,17,120610,73433,1.9425862707605441,4,4,25515,25101,9266,5182,15100,19678,48562,36096,34417,25826,274,75,377,4171,13294,45365,2865,26,117,7178,1878,3,11,17,18368,857,215,4798
1082,2738,1082.0500274577093,99889,22,16,90,17,120611,73434,1.9426062929852135,8,4,25574,25170,9248,5166,15056,19625,48562,36096,34418,25828,274,75,377,4170,13294,45368,2865,26,117,7177,1878,3,11,17,18367,857,215,4798
1083,2738,1083.0260131608186,99889,22,14,90,17,120613,73434,1.942626315209883,7,5,25651,25249,9223,5155,15005,19558,48562,36096,34419,25830,274,75,377,4171,13293,45371,2864,26,117,7176,1878,3,11,17,18366,857,215,4798
1084,2738,1084.1080346355454,99889,17,15,90,17,120613,73436,1.9426463374345524,9,5,25759,25345,9187,5136,14936,19480,48562,36096,34420,25832,274,75,377,4172,13291,45374,2863,26,118,7176,1877,3,11,17,18365,857,215,4798
1085,2738,1085.1534328431771,99889,15,15,90,17,120614,73437,1.9426663596592217,10,9,25827,25400,9158,5123,14898,19434,48562,36096,34421,25834,274,75,377,4172,13291,45375,2863,26,118,7174,1877,3,11,17,18366,857,215,4798
1086,2738,1086.0400941927644,99889,11,11,90,17,120614,73439,1.942686381883891,14,9,25924,25478,9123,5113,14836,19370,48562,36096,34422,25836,274,75,377,4173,13290,45377,2862,26,118,7173,1877,3,11,17,18366,857,217,4796
1087,2738,1087.250896748219,99889,10,11,90,17,120614,73440,1.9426963929962258,16,8,26013,25571,9094,5096,14775,19295,48562,36096,34423,25838,274,75,377,4173,13288,45381,2862,26,118,7173,1877,3,11,17,18364,857,217,4796
1088,2738,1088.0758038649838,99889,11,13,90,17,120616,73443,1.9427464485578994,17,7,26066,25642,9070,5084,14744,19235,48562,36096,34424,25840,274,75,377,4173,13289,45381,2862,26,118,7171,1876,3,11,17,18365,857,218,4796
1089,2738,1089.2003939764209,99889,11,14,90,17,120617,73446,1.942786493007238,17,7,26172,25731,9033,5072,14675,19157,48562,36096,34425,25842,274,75,377,4173,13288,45382,2862,26,118,7170,1875,3,11,17,18366,857,218,4797
1090,2738,1090.0896607305501,99889,11,16,90,17,120618,73448,1.942816526344242,19,5,26241,25795,9008,5061,14629,19104,48562,36096,34426,25844,274,75,377,4172,13287,45384,2862,26,118,7170,1875,3,11,17,18366,857,218,4797
1091,2738,1091.1180055264638,99889,13,14,90,17,120622,73448,1.942856570793581,17,6,26294,25875,8988,5043,14596,19043,48562,36096,34427,25846,274,75,376,4173,13287,45385,2861,26,118,7169,1874,3,11,17,18366,858,219,4797
1092,2738,1092.0203022429569,99889,18,15,90,17,120627,73449,1.942916637467589,15,8,26366,25934,8960,5034,14549,18990,48562,36096,34428,25848,274,75,376,4173,13284,45388,2861,26,118,7169,1874,3,11,17,18366,858,219,4797
1093,2738,1093.0023729067025,99889,19,14,90,17,120630,73451,1.9429666930292624,15,6,26448,26016,8922,5020,14504,18925,48562,36096,34429,25850,274,75,376,4173,13284,45390,2861,26,118,7167,1874,3,11,17,18366,858,219,4797
1094,2738,1094.0211997986933,99889,18,15,90,17,120632,73453,1.9430067374786013,16,7,26519,26097,8891,5006,14464,18856,48562,36096,34430,25852,274,75,376,4173,13281,45393,2861,26,118,7167,1874,3,11,17,18366,858,220,4796
