,indexID,time,N,Inf_L,Inf_H,Dead_L,Dead_H,cum_cases_L,cum_cases_H,cum_sum_per_N,Exposed_L,Exposed_H,Sus_L,Sus_H,Rec_nat_L,Rec_nat_H,Rec_vax_L,Rec_vax_H,vaccinatedH,vaccinatedL,boostedH,boostedL,count_Naive,count_Delta,count_Delta_vaccine,count_two,count_three,count_four,count_Omicron,count_Omicron_star,count_Omicron_star_vaccine,count_Omicron_vaccine,count_Vaccine,count_WT,count_WT_vaccine,count_WT_vaccine_boost,count_Omicron_vaccine_boost,count_Delta_vaccine_boost,count_Omicron_star_vaccine_boost,count_Vaccine_boost
0,390,1.0058707887021956,99998,5,6,0,0,6,7,0.00013000260005200103,20,18,49973,49974,1,1,0,0,0,0,0,0,99996,0,0,0,0,0,0,0,0,0,0,2,0,0,0,0,0,0
1,390,2.0001800658895963,99998,8,10,0,0,11,13,0.00024000480009600192,17,13,49971,49973,3,3,0,0,0,0,0,0,99992,0,0,0,0,0,0,0,0,0,0,6,0,0,0,0,0,0
2,390,3.0294149800065595,99998,11,9,0,0,14,16,0.0003000060001200024,16,10,49969,49973,3,7,0,0,0,0,0,0,99988,0,0,0,0,0,0,0,0,0,0,10,0,0,0,0,0,0
3,390,4.071374025247198,99998,14,13,0,0,18,20,0.00038000760015200304,15,9,49966,49970,4,7,0,0,0,0,0,0,99987,0,0,0,0,0,0,0,0,0,0,11,0,0,0,0,0,0
4,390,5.117898654787809,99998,11,14,0,0,18,22,0.0004000080001600032,17,7,49964,49970,7,8,0,0,0,0,0,0,99983,0,0,0,0,0,0,0,0,0,0,15,0,0,0,0,0,0
5,390,6.1439604579799525,99998,13,11,0,0,22,23,0.0004500090001800036,15,7,49962,49969,9,12,0,0,0,0,0,0,99977,0,0,0,0,0,0,0,0,0,0,21,0,0,0,0,0,0
6,390,7.028748435239143,99998,15,12,0,0,26,26,0.0005200104002080041,12,5,49961,49968,11,14,0,0,0,0,0,0,99973,0,0,0,0,0,0,0,0,0,0,25,0,0,0,0,0,0
7,390,8.083690206676144,99998,17,12,0,0,29,27,0.0005600112002240045,12,6,49958,49966,12,15,0,0,0,0,0,0,99971,0,0,0,0,0,0,0,0,0,0,27,0,0,0,0,0,0
8,390,9.006506700436441,99998,15,12,0,0,30,29,0.0005900118002360047,12,4,49957,49966,15,17,0,0,0,0,0,0,99966,0,0,0,0,0,0,0,0,0,0,32,0,0,0,0,0,0
9,390,10.006896209316988,99998,16,10,0,0,32,30,0.000620012400248005,12,6,49955,49963,16,20,0,0,0,0,0,0,99962,0,0,0,0,0,0,0,0,0,0,36,0,0,0,0,0,0
10,390,11.080018685349303,99998,19,6,0,0,36,30,0.0006600132002640052,11,6,49952,49963,17,24,0,0,0,0,0,0,99957,0,0,0,0,0,0,0,0,0,0,41,0,0,0,0,0,0
11,390,12.081343500422093,99997,20,8,1,0,40,32,0.0007200216006480194,9,6,49950,49961,19,24,0,0,0,0,0,0,99954,0,0,0,0,0,0,0,0,0,0,43,0,0,0,0,0,0
12,390,13.116030471868253,99997,17,10,1,0,40,34,0.0007400222006660199,11,5,49948,49960,22,24,0,0,0,0,0,0,99951,0,0,0,0,0,0,0,0,0,0,46,0,0,0,0,0,0
13,390,14.069482446029435,99997,19,8,1,0,44,34,0.0007800234007020211,8,6,49947,49959,24,26,0,0,0,0,0,0,99947,0,0,0,0,0,0,0,0,0,0,50,0,0,0,0,0,0
14,390,15.019073700343487,99997,12,9,1,0,45,35,0.0008000240007200216,9,6,49945,49959,32,25,0,0,0,0,0,0,99939,0,0,0,0,0,0,0,0,0,0,58,0,0,0,0,0,0
15,390,16.114916389915344,99997,13,8,1,0,47,37,0.0008400252007560227,8,4,49944,49959,33,28,0,0,0,0,0,0,99935,0,0,0,0,0,0,0,0,0,0,62,0,0,0,0,0,0
16,390,17.103184267760753,99997,11,9,1,0,49,38,0.0008700261007830235,10,3,49940,49960,37,27,0,0,0,0,0,0,99931,0,0,0,0,0,0,0,0,0,0,66,0,0,0,0,0,0
17,390,18.072726963381182,99997,13,10,1,0,52,39,0.0009100273008190245,9,4,49938,49958,38,27,0,0,0,0,0,0,99930,0,0,0,0,0,0,0,0,0,0,67,0,0,0,0,0,0
18,390,19.13614502423232,99997,13,10,1,0,53,41,0.0009400282008460253,15,3,49931,49957,39,29,0,0,0,0,0,0,99927,0,0,0,0,0,0,0,0,0,0,70,0,0,0,0,0,0
19,390,20.04603180424472,99997,16,9,1,0,58,42,0.001000030000900027,11,4,49930,49955,41,31,0,0,0,0,0,0,99923,0,0,0,0,0,0,0,0,0,0,74,0,0,0,0,0,0
20,390,21.004448749350377,99997,19,9,1,0,63,43,0.0010600318009540287,10,5,49926,49954,43,31,0,0,0,0,0,0,99920,0,0,0,0,0,0,0,0,0,0,77,0,0,0,0,0,0
21,390,22.08821270019545,99997,18,10,1,0,66,45,0.00111003330099903,13,6,49920,49951,47,32,0,0,0,0,0,0,99915,0,0,0,0,0,0,0,0,0,0,82,0,0,0,0,0,0
22,390,23.00648328688144,99997,20,10,1,0,69,47,0.0011600348010440313,15,4,49915,49951,48,34,0,0,0,0,0,0,99912,0,0,0,0,0,0,0,0,0,0,85,0,0,0,0,0,0
23,390,24.22837963850427,99997,20,12,1,0,72,49,0.0012100363010890327,18,5,49910,49948,50,34,0,0,0,0,0,0,99909,0,0,0,0,0,0,0,0,0,0,88,0,0,0,0,0,0
24,390,25.149713155566094,99996,18,13,2,0,76,51,0.0012700508020320814,15,4,49909,49948,55,34,0,0,0,0,0,0,99902,0,0,0,0,0,0,0,0,0,0,94,0,0,0,0,0,0
25,390,26.039696886955756,99996,20,14,2,0,80,52,0.0013200528021120844,15,3,49905,49948,57,34,0,0,0,0,0,0,99900,0,0,0,0,0,0,0,0,0,0,96,0,0,0,0,0,0
26,390,27.0917509996646,99996,24,15,2,0,84,55,0.001390055602224089,20,2,49897,49946,56,36,0,0,0,0,0,0,99898,0,0,0,0,0,0,0,0,0,0,98,0,0,0,0,0,0
27,390,28.081955897526957,99996,27,13,2,0,90,57,0.001470058802352094,18,2,49894,49944,58,40,0,0,0,0,0,0,99891,0,0,0,0,0,0,0,0,0,0,105,0,0,0,0,0,0
28,390,29.164065798223405,99996,27,14,2,0,93,59,0.0015200608024320973,18,3,49891,49942,61,40,0,0,0,0,0,0,99887,0,0,0,0,0,0,0,0,0,0,109,0,0,0,0,0,0
29,390,30.151932622458027,99996,29,14,2,0,96,59,0.0015500620024800993,19,4,49887,49941,62,40,0,0,0,0,0,0,99886,0,0,0,0,0,0,0,0,0,0,110,0,0,0,0,0,0
30,390,31.256200108709585,99996,27,12,2,0,100,59,0.0015900636025441017,22,10,49880,49935,68,42,0,0,0,0,0,0,99878,0,0,0,0,0,0,0,0,0,0,118,0,0,0,0,0,0
31,390,32.196718321915455,99996,25,13,2,0,104,61,0.0016500660026401055,19,9,49879,49935,74,42,0,0,0,0,0,0,99871,0,0,0,0,0,0,0,0,0,0,125,0,0,0,0,0,0
32,390,33.28434392953388,99996,28,13,2,0,110,64,0.0017400696027841114,18,7,49874,49934,77,45,0,0,0,0,0,0,99865,0,0,0,0,0,0,0,0,0,0,131,0,0,0,0,0,0
33,390,34.00397825101921,99996,28,11,2,0,113,64,0.0017700708028321132,20,9,49869,49933,80,46,0,0,0,0,0,0,99860,0,0,0,0,0,0,0,0,0,0,136,0,0,0,0,0,0
34,390,35.10312916125509,99996,28,8,2,0,115,66,0.0018100724028961158,21,11,49866,49929,82,51,0,0,0,0,0,0,99853,0,0,0,0,0,0,0,0,0,0,143,0,0,0,0,0,0
35,390,36.013436594624956,99996,33,10,2,0,124,69,0.0019300772030881235,16,11,49862,49926,86,52,0,0,0,0,0,0,99848,0,0,0,0,0,0,0,0,0,0,148,0,0,0,0,0,0
36,390,37.09291334573132,99996,35,13,2,0,129,72,0.0020100804032161285,13,10,49860,49924,89,52,0,0,0,0,0,0,99845,0,0,0,0,0,0,0,0,0,0,151,0,0,0,0,0,0
37,390,38.037214219499184,99996,34,10,2,0,131,73,0.0020400816032641305,14,11,49857,49922,92,56,0,0,0,0,0,0,99838,0,0,0,0,0,0,0,0,0,0,158,0,0,0,0,0,0
38,390,39.112181303820854,99996,32,11,2,0,137,76,0.002130085203408136,13,11,49852,49919,100,58,0,0,0,0,0,0,99828,0,0,0,0,0,0,0,0,0,0,168,0,0,0,0,0,0
39,390,40.03768959510026,99996,34,21,2,0,146,87,0.002330093203728149,14,2,49842,49917,107,59,0,0,0,0,0,0,99820,0,0,0,0,0,0,0,0,0,0,176,0,0,0,0,0,0
40,390,41.184478755856745,99996,30,19,2,0,148,88,0.002360094403776151,15,3,49839,49915,113,62,0,0,0,0,0,0,99811,0,0,0,0,0,0,0,0,0,0,185,0,0,0,0,0,0
41,390,42.081275509650816,99996,31,18,2,0,154,89,0.0024300972038881555,12,3,49837,49914,117,64,0,0,0,0,0,0,99804,0,0,0,0,0,0,0,0,0,0,192,0,0,0,0,0,0
42,390,43.03742192187411,99996,28,14,2,0,157,89,0.0024600984039361575,14,4,49832,49913,123,68,0,0,0,0,0,0,99794,0,0,0,0,0,0,0,0,0,0,202,0,0,0,0,0,0
43,390,44.09063771298324,99996,23,10,2,0,159,89,0.0024800992039681587,16,5,49829,49912,129,72,0,0,0,0,0,0,99783,0,0,0,0,0,0,0,0,0,0,213,0,0,0,0,0,0
44,390,45.227498862427765,99996,20,8,2,0,160,89,0.0024900996039841595,20,7,49825,49910,132,74,0,0,0,0,0,0,99777,0,0,0,0,0,0,0,0,0,0,219,0,0,0,0,0,0
45,390,46.00095295645169,99996,17,9,2,0,160,91,0.0025101004040161607,22,5,49824,49910,134,75,0,0,0,0,0,0,99773,0,0,0,0,0,0,0,0,0,0,223,0,0,0,0,0,0
46,390,47.19022074441095,99996,18,8,2,0,164,93,0.0025701028041121643,22,4,49821,49909,136,78,0,0,0,0,0,0,99767,0,0,0,0,0,0,0,0,0,0,229,0,0,0,0,0,0
47,390,48.218038927885324,99996,18,8,2,0,168,94,0.0026201048041921676,21,6,49819,49906,139,79,0,0,0,0,0,0,99762,0,0,0,0,0,0,0,0,0,0,234,0,0,0,0,0,0
48,390,49.01572130020359,99996,23,7,2,0,173,95,0.0026801072042881716,18,5,49817,49906,139,81,0,0,0,0,0,0,99760,0,0,0,0,0,0,0,0,0,0,236,0,0,0,0,0,0
49,390,50.24302620695195,99996,17,9,2,0,175,97,0.002720108804352174,21,7,49813,49902,146,81,0,0,0,0,0,0,99752,0,0,0,0,0,0,0,0,0,0,244,0,0,0,0,0,0
50,390,51.02160532720405,99996,19,11,2,0,180,99,0.0027901116044641784,17,6,49813,49901,148,81,0,0,0,0,0,0,99749,0,0,0,0,0,0,0,0,0,0,247,0,0,0,0,0,0
51,390,52.134089081768884,99996,20,12,2,0,185,100,0.0028501140045601825,13,7,49813,49899,151,81,0,0,0,0,0,0,99745,0,0,0,0,0,0,0,0,0,0,251,0,0,0,0,0,0
52,390,53.01950548514758,99996,23,11,2,0,188,100,0.0028801152046081845,10,8,49813,49898,151,82,0,0,0,0,0,0,99744,0,0,0,0,0,0,0,0,0,0,252,0,0,0,0,0,0
53,390,54.28919455900685,99996,22,11,2,0,193,101,0.002940117604704188,10,11,49808,49894,157,83,0,0,0,0,0,0,99737,0,0,0,0,0,0,0,0,0,0,259,0,0,0,0,0,0
54,390,55.017154201877894,99996,20,12,2,0,194,102,0.0029601184047361893,11,10,49806,49895,160,82,0,0,0,0,0,0,99734,0,0,0,0,0,0,0,0,0,0,262,0,0,0,0,0,0
55,390,56.135185764307856,99996,21,12,2,0,197,105,0.0030201208048321933,11,7,49803,49895,162,85,0,0,0,0,0,0,99729,0,0,0,0,0,0,0,0,0,0,267,0,0,0,0,0,0
56,390,57.09202187528309,99996,25,12,2,0,203,107,0.0031001240049601986,11,8,49797,49892,164,87,0,0,0,0,0,0,99725,0,0,0,0,0,0,0,0,0,0,271,0,0,0,0,0,0
57,390,58.01337969599559,99996,25,10,2,0,205,107,0.0031201248049922,10,9,49796,49893,166,87,0,0,0,0,0,0,99721,0,0,0,0,0,0,0,0,0,0,275,0,0,0,0,0,0
58,390,59.29692337816978,99996,19,11,2,0,206,109,0.003150126005040202,14,7,49791,49893,173,88,0,0,0,0,0,0,99713,0,0,0,0,0,0,0,0,0,0,283,0,0,0,0,0,0
59,390,60.104190096524974,99996,18,10,2,0,207,112,0.0031901276051042042,14,6,49790,49891,175,92,0,0,0,0,0,0,99707,0,0,0,0,0,0,0,0,0,0,289,0,0,0,0,0,0
60,390,61.06699032142768,99996,23,10,2,0,213,114,0.0032701308052322095,12,5,49786,49890,176,94,0,0,0,0,0,0,99704,0,0,0,0,0,0,0,0,0,0,292,0,0,0,0,0,0
61,390,62.20420283723341,99996,24,9,2,0,218,114,0.0033201328053122127,11,5,49785,49890,177,95,0,0,0,0,0,0,99699,0,0,0,0,0,0,0,0,0,0,297,0,0,0,0,0,0
62,390,63.05342671579826,99996,22,10,2,0,219,115,0.003340133605344214,11,7,49784,49887,180,95,0,0,0,0,0,0,99696,0,0,0,0,0,0,0,0,0,0,300,0,0,0,0,0,0
63,390,64.0735341883505,99996,18,9,2,0,220,116,0.003360134405376215,10,8,49785,49888,184,94,0,0,0,0,0,0,99689,0,0,0,0,0,0,0,0,0,0,307,0,0,0,0,0,0
64,390,65.29990648354195,99996,20,7,2,0,222,116,0.0033801352054082163,13,10,49781,49887,183,95,0,0,0,0,0,0,99687,0,0,0,0,0,0,0,0,0,0,309,0,0,0,0,0,0
65,390,66.23330410121886,99996,23,9,2,0,226,118,0.0034401376055042203,11,9,49780,49886,183,95,0,0,0,0,0,0,99686,0,0,0,0,0,0,0,0,0,0,310,0,0,0,0,0,0
66,390,67.14888906500386,99996,24,10,2,0,229,120,0.0034901396055842236,15,9,49773,49884,185,96,0,0,0,0,0,0,99683,0,0,0,0,0,0,0,0,0,0,313,0,0,0,0,0,0
67,390,68.01593196816344,99996,28,10,2,0,234,121,0.003550142005680227,11,8,49772,49884,186,97,0,0,0,0,0,0,99681,0,0,0,0,0,0,0,0,0,0,315,0,0,0,0,0,0
68,390,69.04751238520434,99996,25,10,2,0,236,122,0.003580143205728229,11,10,49770,49881,191,98,0,0,0,0,0,0,99675,0,0,0,0,0,0,0,0,0,0,321,0,0,0,0,0,0
69,390,70.04021522897843,99996,27,13,2,0,239,125,0.003640145605824233,16,9,49762,49879,192,98,0,0,0,0,0,0,99674,0,0,0,0,0,0,0,0,0,0,322,0,0,0,0,0,0
70,390,71.00646935175811,99996,27,15,2,0,244,127,0.0037101484059362372,15,9,49758,49879,197,96,0,0,0,0,0,0,99669,0,0,0,0,0,0,0,0,0,0,327,0,0,0,0,0,0
71,390,72.04195674051935,99996,28,17,2,0,249,130,0.0037901516060642425,12,6,49757,49879,200,97,0,0,0,0,0,0,99664,0,0,0,0,0,0,0,0,0,0,332,0,0,0,0,0,0
72,390,73.04539102101188,99996,26,17,2,0,254,132,0.003860154406176247,11,9,49754,49874,206,99,0,0,0,0,0,0,99655,0,0,0,0,0,0,0,0,0,0,341,0,0,0,0,0,0
73,390,74.13825661910371,99996,26,14,2,0,257,134,0.0039101564062562506,14,8,49748,49873,209,104,0,0,0,0,0,0,99647,0,0,0,0,0,0,0,0,0,0,349,0,0,0,0,0,0
74,390,75.23602506758249,99996,26,13,2,0,259,137,0.003960158406336254,17,9,49744,49869,210,108,0,0,0,0,0,0,99641,0,0,0,0,0,0,0,0,0,0,355,0,0,0,0,0,0
75,390,76.0174469538156,99996,26,16,2,0,260,140,0.004000160006400256,19,7,49741,49868,211,108,0,0,0,0,0,0,99640,0,0,0,0,0,0,0,0,0,0,356,0,0,0,0,0,0
76,390,77.10102012959632,99996,31,15,2,0,266,141,0.00407016280651226,15,8,49740,49867,211,109,0,0,0,0,0,0,99637,0,0,0,0,0,0,0,0,0,0,359,0,0,0,0,0,0
77,390,78.06793373659698,99996,36,15,2,0,273,143,0.004160166406656267,10,10,49738,49865,213,109,0,0,0,0,0,0,99633,0,0,0,0,0,0,0,0,0,0,363,0,0,0,0,0,0
78,390,79.17386036802046,99996,34,20,2,0,278,149,0.004270170806832273,8,8,49737,49861,218,110,0,0,0,0,0,0,99625,0,0,0,0,0,0,0,0,0,0,371,0,0,0,0,0,0
79,390,80.12564832830286,99996,26,26,2,0,279,156,0.004350174006960279,15,6,49729,49857,227,110,0,0,0,0,0,0,99615,0,0,0,0,0,0,0,0,0,0,381,0,0,0,0,0,0
80,390,81.02623300384337,99996,28,23,2,0,284,156,0.004400176007040282,18,8,49721,49855,230,113,0,0,0,0,0,0,99609,0,0,0,0,0,0,0,0,0,0,387,0,0,0,0,0,0
81,390,82.28594682008145,99996,28,20,2,0,289,158,0.004470178807152286,26,12,49711,49849,232,118,0,0,0,0,0,0,99599,0,0,0,0,0,0,0,0,0,0,397,0,0,0,0,0,0
82,390,83.20588930463367,99996,27,21,2,0,294,159,0.00453018120724829,27,17,49705,49843,238,118,0,0,0,0,0,0,99593,0,0,0,0,0,0,0,0,0,0,403,0,0,0,0,0,0
83,390,84.27802900839274,99996,30,22,2,0,300,162,0.004620184807392296,23,17,49703,49840,241,120,0,0,0,0,0,0,99588,0,0,0,0,0,0,0,0,0,0,408,0,0,0,0,0,0
84,390,85.25815888713524,99996,35,23,2,0,307,164,0.004710188407536301,19,15,49701,49840,242,121,0,0,0,0,0,0,99585,0,0,0,0,0,0,0,0,0,0,411,0,0,0,0,0,0
85,390,86.06995970787082,99996,41,22,2,0,316,168,0.00484019360774431,16,17,49695,49834,245,126,0,0,0,0,0,0,99577,0,0,0,0,0,0,0,0,0,0,419,0,0,0,0,0,0
86,390,87.21739736515794,99996,35,21,2,0,319,173,0.004920196807872315,18,13,49690,49834,254,131,0,0,0,0,0,0,99562,0,0,0,0,0,0,0,0,0,0,434,0,0,0,0,0,0
87,390,88.02074998580127,99996,34,23,2,0,323,175,0.004980199207968319,23,13,49681,49833,259,130,0,0,0,0,0,0,99557,0,0,0,0,0,0,0,0,0,0,439,0,0,0,0,0,0
88,390,89.20762430457046,99996,40,21,2,0,331,177,0.0050802032081283255,17,13,49680,49832,260,133,0,0,0,0,0,0,99551,0,0,0,0,0,0,0,0,0,0,445,0,0,0,0,0,0
89,390,90.02029640798688,99996,41,17,2,0,336,180,0.00516020640825633,16,11,49677,49831,263,140,0,0,0,0,0,0,99540,0,0,0,0,0,0,0,0,0,0,456,0,0,0,0,0,0
90,390,91.0331661901597,99996,38,17,2,0,339,183,0.005220208808352334,22,10,49669,49829,268,143,0,0,0,0,0,0,99531,0,0,0,0,0,0,0,0,0,0,465,0,0,0,0,0,0
91,390,92.00856319644457,99996,41,15,2,0,345,183,0.0052802112084483375,27,10,49658,49830,271,144,0,0,0,0,0,0,99526,0,0,0,0,0,0,0,0,0,0,470,0,0,0,0,0,0
92,390,93.12549308922824,99996,44,14,2,0,358,188,0.00546021840873635,24,9,49648,49826,281,150,0,0,0,0,0,0,99510,0,0,0,0,0,0,0,0,0,0,486,0,0,0,0,0,0
93,390,94.01308897284224,99996,41,15,2,0,362,189,0.005510220408816353,24,12,49646,49822,286,150,0,0,0,0,0,0,99503,0,0,0,0,0,0,0,0,0,0,493,0,0,0,0,0,0
94,390,95.1637760599978,99996,41,13,2,0,367,192,0.005590223608944358,24,11,49642,49821,290,154,0,0,0,0,0,0,99493,0,0,0,0,0,0,0,0,0,0,503,0,0,0,0,0,0
95,390,96.0254443841144,99996,39,13,2,0,373,194,0.0056702268090723625,21,12,49640,49819,297,155,0,0,0,0,0,0,99484,0,0,1,0,0,0,0,0,0,0,511,0,0,0,0,0,0
96,390,97.30439911124947,99996,41,16,2,0,384,198,0.005820232809312372,23,14,49630,49813,303,156,0,0,0,0,0,0,99474,0,0,1,0,0,0,0,0,0,0,521,0,0,0,0,0,0
97,390,98.09651296879622,99996,41,18,2,0,386,202,0.005880235209408376,28,12,49623,49811,305,158,0,0,0,0,0,0,99470,0,0,1,0,0,0,0,0,0,0,525,0,0,0,0,0,0
98,390,99.05866305267237,99995,45,18,3,0,398,204,0.006020301015050753,22,11,49620,49810,309,160,0,0,0,0,0,0,99460,0,0,1,0,0,0,0,0,0,0,534,0,0,0,0,0,0
99,390,100.07614409931584,99995,44,16,3,0,401,206,0.006070303515175759,32,13,49607,49807,313,163,0,0,0,0,0,0,99452,0,0,1,0,0,0,0,0,0,0,542,0,0,0,0,0,0
100,390,101.01998068125059,99995,45,13,3,0,407,206,0.006130306515325766,36,16,49598,49804,317,166,0,0,0,0,0,0,99444,0,0,1,0,0,0,0,0,0,0,550,0,0,0,0,0,0
101,390,102.13196318893642,99995,48,13,3,0,414,208,0.006220311015550778,36,18,49592,49801,320,167,0,0,0,0,0,0,99438,0,0,1,0,0,0,0,0,0,0,556,0,0,0,0,0,0
102,390,103.0185805067244,99995,53,13,3,0,422,212,0.006340317015850793,33,17,49588,49798,322,171,0,0,0,0,0,0,99431,0,0,1,0,0,0,0,0,0,0,563,0,0,0,0,0,0
103,390,104.08287452483816,99995,59,14,3,0,433,215,0.00648032401620081,27,16,49584,49796,326,173,0,0,0,0,0,0,99424,0,0,1,0,0,0,0,0,0,0,570,0,0,0,0,0,0
104,390,105.12336949783217,99995,55,13,3,0,439,219,0.006580329016450823,28,13,49578,49795,335,178,0,0,0,0,0,0,99409,0,0,1,0,0,0,0,0,0,0,585,0,0,0,0,0,0
105,390,106.16361638045758,99995,44,16,3,0,449,222,0.006710335516775839,35,18,49563,49788,354,177,0,0,0,0,0,0,99388,0,0,1,0,0,0,0,0,0,0,606,0,0,0,0,0,0
106,390,107.10875475471664,99995,50,17,3,0,459,226,0.006850342517125857,30,15,49560,49787,356,180,0,0,0,0,0,0,99381,0,0,1,0,0,0,0,0,0,0,613,0,0,0,0,0,0
107,390,108.26322596988801,99995,59,21,3,0,473,230,0.007030351517575879,22,15,49556,49784,359,179,0,0,0,0,0,0,99376,0,0,1,0,0,0,0,0,0,0,618,0,0,0,0,0,0
108,390,109.0134293009044,99995,52,24,3,0,475,234,0.007090354517725887,25,13,49553,49782,366,180,0,0,0,0,0,0,99366,0,0,1,0,0,0,0,0,0,0,628,0,0,0,0,0,0
109,390,110.03803874235932,99995,52,21,3,0,483,235,0.007180359017950898,25,15,49548,49779,371,184,0,0,0,0,0,0,99354,0,0,1,0,0,0,0,0,0,0,640,0,0,0,0,0,0
110,390,111.01599122531691,99995,51,23,3,0,489,240,0.0072903645182259115,29,20,49539,49769,377,187,0,0,0,0,0,0,99344,0,0,1,0,0,0,0,0,0,0,650,0,0,0,0,0,0
111,390,112.12381124918517,99995,48,21,3,0,493,242,0.007350367518375919,36,20,49531,49767,381,191,0,0,0,0,0,0,99333,0,0,1,0,0,0,0,0,0,0,661,0,0,0,0,0,0
112,390,113.02474593147552,99995,47,23,3,0,498,246,0.0074403720186009305,34,18,49529,49765,386,193,0,0,0,0,0,0,99325,0,0,1,0,0,0,0,0,0,0,669,0,0,0,0,0,0
113,390,114.19914426952798,99995,53,27,3,0,506,251,0.0075703785189259465,40,19,49520,49759,383,194,0,0,0,0,0,0,99322,0,0,1,0,0,0,0,0,0,0,672,0,0,0,0,0,0
114,390,115.0896696732814,99995,52,26,3,0,512,253,0.0076503825191259565,43,21,49513,49755,388,197,0,0,0,0,0,0,99312,0,0,1,0,0,0,0,0,0,0,682,0,0,0,0,0,0
115,390,116.16645319447683,99995,48,27,3,0,516,256,0.007720386019300965,43,18,49509,49756,396,198,0,0,0,0,0,0,99302,0,0,1,0,0,0,0,0,0,0,692,0,0,0,0,0,0
116,390,117.10120526372367,99995,49,29,3,0,523,265,0.007880394019700985,47,18,49498,49747,402,205,0,0,0,0,0,0,99289,0,0,1,0,0,0,0,0,0,0,705,0,0,0,0,0,0
117,390,118.03179704679052,99995,50,29,3,0,531,270,0.008010400520026,47,17,49491,49744,408,209,0,0,0,0,0,0,99278,0,0,2,0,0,0,0,0,0,0,715,0,0,0,0,0,0
118,390,119.01635610074815,99995,56,30,3,0,544,274,0.008180409020451022,43,16,49483,49741,414,212,0,0,0,0,0,0,99268,0,0,2,0,0,0,0,0,0,0,725,0,0,0,0,0,0
119,390,120.3135461878467,99995,60,30,3,0,558,277,0.008350417520876044,38,18,49477,49738,421,213,0,0,0,0,0,0,99255,0,0,2,0,0,0,0,0,0,0,738,0,0,0,0,0,0
120,390,121.32848358954135,99995,55,31,3,0,570,282,0.008520426021301064,45,19,49459,49734,437,215,0,0,0,0,0,0,99234,0,0,2,0,0,0,0,0,0,0,759,0,0,0,0,0,0
121,390,122.28487312644202,99995,60,33,3,0,579,285,0.00864043202160108,41,19,49454,49732,441,215,0,0,0,0,0,0,99229,0,0,2,0,0,0,0,0,0,0,764,0,0,0,0,0,0
122,390,123.11586984730441,99995,61,34,3,0,589,291,0.0088004400220011,40,18,49445,49727,450,220,0,0,0,0,0,0,99215,0,0,2,0,0,0,0,0,0,0,778,0,0,0,0,0,0
123,390,124.168422961363,99995,61,37,3,0,598,298,0.00896044802240112,42,17,49442,49721,451,224,0,0,0,0,0,0,99202,0,0,2,0,0,0,0,0,0,0,791,0,0,0,0,0,0
124,390,125.08328236945243,99995,70,38,3,0,611,304,0.009150457522876144,37,20,49436,49714,453,227,0,0,0,0,0,0,99193,0,0,2,0,0,0,0,0,0,0,800,0,0,0,0,0,0
125,390,126.02615187667612,99995,69,37,3,0,621,309,0.009300465023251162,41,19,49424,49710,462,233,0,0,0,0,0,0,99176,0,0,2,0,0,0,0,0,0,0,817,0,0,0,0,0,0
126,390,127.06822912887695,99995,66,38,3,0,625,312,0.009370468523426172,43,17,49419,49709,468,235,0,0,0,0,0,0,99167,0,0,2,0,0,0,0,0,0,0,826,0,0,0,0,0,0
127,390,128.11324718800424,99995,67,38,3,0,636,322,0.009580479023951198,52,18,49401,49702,476,241,0,0,0,0,0,0,99147,0,0,2,0,0,0,0,0,0,0,846,0,0,0,0,0,0
128,390,129.34165256557873,99995,67,39,3,0,651,328,0.009790489524476224,51,20,49390,49696,488,244,0,0,0,0,0,0,99127,0,0,2,0,0,0,0,0,0,0,866,0,0,0,0,0,0
129,390,130.02468275223862,99995,77,36,3,0,666,331,0.009970498524926246,42,25,49386,49690,491,248,0,0,0,0,0,0,99116,0,0,2,0,0,0,0,0,0,0,877,0,0,0,0,0,0
130,390,131.05220129139235,99994,79,38,3,1,680,336,0.010160609636578194,37,29,49379,49682,501,249,0,0,0,0,0,0,99101,0,0,2,0,0,0,0,0,0,0,891,0,0,0,0,0,0
131,390,132.0798346670769,99994,75,43,3,1,688,346,0.010340620437226234,36,27,49372,49674,513,254,0,0,0,0,0,0,99084,0,0,2,0,0,0,0,0,0,0,908,0,0,0,0,0,0
132,390,133.10767519610653,99994,72,46,3,1,695,353,0.010480628837730264,40,24,49362,49670,522,258,0,0,0,0,0,0,99070,0,0,2,0,0,0,0,0,0,0,922,0,0,0,0,0,0
133,390,134.13569093907088,99994,72,46,3,1,702,357,0.010590635438126288,42,25,49355,49665,527,262,0,0,0,0,0,0,99059,0,0,2,0,0,0,0,0,0,0,933,0,0,0,0,0,0
134,390,135.1638513424055,99994,76,44,3,1,715,362,0.010770646238774327,43,30,49343,49655,534,269,0,0,0,0,0,0,99043,0,0,2,0,0,0,0,0,0,0,949,0,0,0,0,0,0
135,390,136.192163852384,99994,79,47,3,1,729,370,0.010990659439566374,41,30,49333,49648,543,273,0,0,0,0,0,0,99028,0,0,3,0,0,0,0,0,0,0,963,0,0,0,0,0,0
136,390,137.2206314786783,99994,87,44,3,1,743,373,0.01116066964017841,39,34,49324,49643,546,277,0,0,0,0,0,0,99016,0,0,3,0,0,0,0,0,0,0,975,0,0,0,0,0,0
137,390,138.24922992512845,99994,80,46,3,1,750,379,0.011290677440646438,43,36,49315,49636,558,280,0,0,0,0,0,0,98998,0,0,3,0,0,0,0,0,0,0,993,0,0,0,0,0,0
138,390,139.27803697239085,99994,83,51,3,1,765,391,0.011560693641618497,44,34,49300,49627,569,286,0,0,0,0,0,0,98979,0,0,3,0,0,0,0,0,0,0,1012,0,0,0,0,0,0
139,390,140.30710313294512,99994,94,51,3,1,783,399,0.011820709242554553,44,29,49282,49626,576,292,0,0,0,0,0,0,98964,0,0,3,0,0,0,0,0,0,0,1027,0,0,0,0,0,0
140,390,141.33645156779147,99994,84,54,3,1,792,409,0.012010720643238595,48,31,49269,49615,595,298,0,0,0,0,0,0,98938,0,0,3,0,0,0,0,0,0,0,1053,0,0,0,0,0,0
141,390,142.02285588228762,99994,82,55,3,1,800,414,0.012140728443706622,47,33,49263,49608,604,302,0,0,0,0,0,0,98924,0,0,3,0,0,0,0,0,0,0,1067,0,0,0,0,0,0
142,390,143.05264555055507,99994,80,53,3,1,811,423,0.012340740444426665,48,31,49257,49602,611,312,0,0,0,0,0,0,98900,0,0,3,0,0,0,0,0,0,0,1091,0,0,0,0,0,0
143,390,144.08259990996234,99994,78,51,3,1,821,427,0.012480748844930696,52,30,49246,49600,620,317,0,0,0,0,0,0,98882,0,0,3,0,0,0,0,0,0,0,1109,0,0,0,0,0,0
144,390,145.11278014672402,99994,76,52,3,1,835,435,0.012700762045722744,54,32,49234,49591,632,323,0,0,0,0,0,0,98859,0,0,3,0,0,0,0,0,0,0,1132,0,0,0,0,0,0
145,390,146.14321999792986,99994,75,57,3,1,847,445,0.01292077524651479,56,31,49222,49583,643,327,0,0,0,0,0,0,98842,0,0,4,0,0,0,0,0,0,0,1148,0,0,0,0,0,0
146,390,147.1738816646961,99994,77,56,3,1,861,452,0.013130787847270836,56,27,49211,49582,652,333,0,0,0,0,0,0,98822,0,0,4,0,0,0,0,0,0,0,1168,0,0,0,0,0,0
147,390,148.2047736432868,99994,79,55,3,1,876,458,0.013340800448026881,57,22,49198,49581,662,340,0,0,0,0,0,0,98802,0,0,4,0,0,0,0,0,0,0,1188,0,0,0,0,0,0
148,390,149.23593543689046,99994,76,49,3,1,886,460,0.013460807648458908,64,25,49181,49578,675,346,0,0,0,0,0,0,98782,0,0,5,0,0,0,0,0,0,0,1207,0,0,0,0,0,0
149,390,150.2674318666039,99994,77,49,3,1,899,463,0.013620817249034942,63,29,49170,49572,686,348,0,0,0,0,0,0,98767,0,0,5,0,0,0,0,0,0,0,1222,0,0,0,0,0,0
150,390,151.2991406340644,99993,79,47,4,1,916,469,0.01385096956786975,55,29,49161,49568,700,354,0,0,0,0,0,0,98745,0,0,6,0,0,0,0,0,0,0,1242,0,0,0,0,0,0
151,390,152.33107035973185,99993,81,48,4,1,927,474,0.014010980768653807,55,30,49152,49564,707,356,0,0,0,0,0,0,98732,0,0,6,0,0,0,0,0,0,0,1255,0,0,0,0,0,0
152,390,153.01912233798305,99993,74,55,4,1,931,481,0.014120988469192844,61,26,49144,49562,716,355,0,0,0,0,0,0,98721,0,0,6,0,0,0,0,0,0,0,1266,0,0,0,0,0,0
153,390,154.05140906351846,99993,84,53,4,1,950,486,0.014361005270368927,54,28,49133,49557,724,360,0,0,0,0,0,0,98705,0,0,6,0,0,0,0,0,0,0,1282,0,0,0,0,0,0
154,390,155.0838963807143,99993,91,53,4,1,968,495,0.014631024171692018,55,30,49115,49546,734,369,0,0,0,0,0,0,98685,0,0,6,0,0,0,0,0,0,0,1302,0,0,0,0,0,0
155,390,156.1166279862241,99993,92,47,4,1,985,499,0.01484103887272109,51,32,49104,49541,748,378,0,0,0,0,0,0,98659,0,0,6,0,0,0,0,0,0,0,1328,0,0,0,0,0,0
156,390,157.14965155601098,99993,90,45,4,1,998,503,0.01501105077355415,47,32,49096,49540,762,381,0,0,0,0,0,0,98638,0,0,6,0,0,0,0,0,0,0,1349,0,0,0,0,0,0
157,390,158.1829586002573,99993,91,48,4,1,1009,515,0.015241066874681228,51,27,49083,49534,770,389,0,0,0,0,0,0,98619,0,0,6,0,0,0,0,0,0,0,1368,0,0,0,0,0,0
158,390,159.21646121247102,99993,96,54,4,1,1026,523,0.015491084375906313,45,23,49073,49530,781,391,0,0,0,0,0,0,98605,0,0,6,0,0,0,0,0,0,0,1382,0,0,0,0,0,0
159,390,160.25016950458487,99993,96,47,4,1,1037,526,0.01563109417659236,46,25,49062,49527,791,399,0,0,0,0,0,0,98585,0,0,7,0,0,0,0,0,0,0,1401,0,0,0,0,0,0
160,390,161.28415523498498,99993,95,46,4,1,1047,532,0.015791105377376418,49,27,49051,49519,800,406,0,0,0,0,0,0,98567,0,0,7,0,0,0,0,0,0,0,1419,0,0,0,0,0,0
161,390,162.3183114262458,99993,93,46,4,1,1065,538,0.016031122178552498,45,33,49040,49509,817,410,0,0,0,0,0,0,98541,0,0,7,0,0,0,0,0,0,0,1445,0,0,0,0,0,0
162,390,163.007919851454,99992,89,48,5,1,1074,542,0.016161292903432274,49,38,49027,49502,829,410,0,0,0,0,0,0,98526,0,0,7,0,0,0,0,0,0,0,1459,0,0,0,0,0,0
163,390,164.04255767916027,99992,89,47,5,1,1087,549,0.016361308904712376,50,43,49016,49493,839,415,0,0,0,0,0,0,98505,0,0,7,0,0,0,0,0,0,0,1480,0,0,0,0,0,0
164,390,165.07743203808153,99991,87,51,6,1,1099,557,0.016561490534148075,48,42,49012,49488,846,417,0,0,0,0,0,0,98487,0,0,7,0,0,0,0,0,0,0,1497,0,0,0,0,0,0
165,390,166.1124083811094,99991,85,46,6,1,1109,569,0.016781510335930235,53,37,49006,49482,849,433,0,0,0,0,0,0,98458,0,0,7,0,0,0,0,0,0,0,1526,0,0,0,0,0,0
166,390,167.14755337496405,99991,92,50,6,1,1127,578,0.01705153463811743,50,37,48995,49476,856,435,0,0,0,0,0,0,98443,0,0,8,0,0,0,0,0,0,0,1540,0,0,0,0,0,0
167,390,168.18284928789782,99991,84,58,6,1,1141,591,0.017321558940304627,52,28,48983,49474,874,438,0,0,0,0,0,0,98416,0,0,8,0,0,0,0,0,0,0,1567,0,0,0,0,0,0
168,390,169.21843238160412,99991,83,56,6,1,1157,600,0.01757158144232981,53,25,48970,49468,887,449,0,0,0,0,0,0,98388,0,0,8,0,0,0,0,0,0,0,1595,0,0,0,0,0,0
169,390,170.2543543781446,99991,81,58,6,1,1170,604,0.017741596743706935,57,28,48958,49462,897,450,0,0,0,0,0,0,98371,0,0,8,0,0,0,0,0,0,0,1612,0,0,0,0,0,0
170,390,171.2904899208074,99991,79,60,6,1,1180,614,0.01794161474532708,66,24,48940,49459,908,455,0,0,0,0,0,0,98351,0,0,8,0,0,0,0,0,0,0,1632,0,0,0,0,0,0
171,390,172.32692189925893,99991,81,66,6,1,1195,623,0.018181636347271254,58,21,48933,49453,921,458,0,0,0,0,0,0,98335,0,0,8,0,0,0,0,0,0,0,1648,0,0,0,0,0,0
172,390,173.01798976657915,99991,84,67,6,1,1205,627,0.018321648948405357,56,24,48927,49448,926,459,0,0,0,0,0,0,98325,0,0,8,0,0,0,0,0,0,0,1658,0,0,0,0,0,0
173,390,174.05469204557406,99991,86,65,6,1,1217,633,0.018501665149863487,54,27,48921,49440,932,466,0,0,0,0,0,0,98308,0,0,9,0,0,0,0,0,0,0,1674,0,0,0,0,0,0
174,390,175.09154214602427,99991,88,66,6,1,1232,641,0.018731685851726656,50,25,48912,49436,943,471,0,0,0,0,0,0,98290,0,0,11,0,0,0,0,0,0,0,1690,0,0,0,0,0,0
175,390,176.12858126741742,99991,90,70,6,1,1245,651,0.01896170655358982,64,28,48888,49423,951,477,0,0,0,0,0,0,98273,0,0,11,0,0,0,0,0,0,0,1707,0,0,0,0,0,0
176,390,177.16595069905406,99991,88,65,6,1,1258,659,0.019171725455290976,63,25,48878,49419,964,489,0,0,0,0,0,0,98247,0,0,13,0,0,0,0,0,0,0,1731,0,0,0,0,0,0
177,390,178.20362926659973,99991,93,57,6,1,1279,664,0.019431748857397166,64,30,48860,49410,976,501,0,0,0,0,0,0,98218,0,0,13,0,0,0,0,0,0,0,1760,0,0,0,0,0,0
178,390,179.24162172339774,99991,92,57,6,1,1292,675,0.01967177045934134,62,31,48850,49399,989,511,0,0,0,0,0,0,98194,0,0,14,0,0,0,0,0,0,0,1783,0,0,0,0,0,0
179,390,180.27985794563043,99991,97,53,6,1,1311,681,0.019921792961366522,53,36,48843,49391,1000,518,0,0,0,0,0,0,98170,0,0,14,0,0,0,0,0,0,0,1807,0,0,0,0,0,0
180,390,181.31831998884,99991,100,52,6,1,1327,687,0.02014181276314868,60,35,48823,49390,1010,521,0,0,0,0,0,0,98150,0,0,14,0,0,0,0,0,0,0,1827,0,0,0,0,0,0
181,390,182.0107711743245,99991,106,51,6,1,1343,690,0.02033182986468782,55,38,48816,49385,1016,524,0,0,0,0,0,0,98136,0,0,14,0,0,0,0,0,0,0,1841,0,0,0,0,0,0
182,390,183.0496736144773,99991,103,55,6,1,1357,701,0.020581852366713005,63,36,48799,49376,1028,531,0,0,0,0,0,0,98112,0,0,14,0,0,0,0,0,0,0,1865,0,0,0,0,0,0
183,390,184.08883678234622,99991,106,59,6,1,1374,715,0.02089188026922423,64,27,48787,49374,1036,538,0,0,0,0,0,0,98088,0,0,14,0,0,0,0,0,0,0,1889,0,0,0,0,0,0
184,390,185.12826124865597,99991,103,54,6,1,1389,720,0.021091898270844376,69,31,48772,49366,1049,547,0,0,0,0,0,0,98060,0,0,14,0,0,0,0,0,0,0,1917,0,0,0,0,0,0
185,390,186.16795622074164,99991,110,55,6,1,1414,731,0.02145193067376064,63,27,48756,49360,1064,556,0,0,0,0,0,0,98033,0,0,15,0,0,0,0,0,0,0,1943,0,0,0,0,0,0
186,390,187.2079859159834,99991,111,52,6,1,1428,736,0.021641947775299777,65,33,48743,49354,1074,559,0,0,0,0,0,0,98012,0,0,15,0,0,0,0,0,0,0,1964,0,0,0,0,0,0
187,390,188.24829411097073,99991,115,53,6,1,1450,742,0.021921972977567983,60,32,48729,49352,1089,561,0,0,0,0,0,0,97990,0,0,16,0,0,0,0,0,0,0,1985,0,0,0,0,0,0
188,390,189.28887263952905,99991,120,49,6,1,1468,748,0.022161994579512154,56,39,48719,49341,1098,569,0,0,0,0,0,0,97968,0,0,17,0,0,0,0,0,0,0,2006,0,0,0,0,0,0
189,390,190.32962232572632,99991,118,48,6,1,1481,754,0.022352011681051293,55,44,48709,49333,1111,573,0,0,0,0,0,0,97946,0,0,17,0,0,0,0,0,0,0,2028,0,0,0,0,0,0
190,390,191.0235903790303,99991,118,50,6,1,1491,759,0.022502025182266405,55,44,48701,49328,1119,576,0,0,0,0,0,0,97933,0,0,17,0,0,0,0,0,0,0,2041,0,0,0,0,0,0
191,390,192.0648054675037,99990,107,51,6,2,1505,767,0.02272227222722272,59,46,48689,49318,1138,582,0,0,0,0,0,0,97901,0,0,17,0,0,0,0,0,0,0,2072,0,0,0,0,0,0
192,390,193.10630562519538,99989,101,55,7,2,1518,779,0.022972526977967575,63,38,48677,49317,1151,587,0,0,0,0,0,0,97874,0,0,17,0,0,0,0,0,0,0,2098,0,0,0,0,0,0
193,390,194.14808028407626,99989,106,59,7,2,1534,793,0.023272559981597975,62,35,48669,49307,1155,596,0,0,0,0,0,0,97853,0,0,17,0,0,0,0,0,0,0,2119,0,0,0,0,0,0
194,390,195.1900005235666,99989,120,59,7,2,1558,802,0.023602596285591415,54,30,48655,49303,1163,605,0,0,0,0,0,0,97834,0,0,17,0,0,0,0,0,0,0,2138,0,0,0,0,0,0
195,390,196.2321483588983,99989,118,61,7,2,1571,811,0.023822620488253708,54,29,48647,49297,1173,610,0,0,0,0,0,0,97812,0,0,17,0,0,0,0,0,0,0,2160,0,0,0,0,0,0
196,390,197.27448669251567,99989,117,57,7,2,1585,815,0.024002640290431948,67,33,48626,49289,1182,618,0,0,0,0,0,0,97789,0,0,17,0,0,0,0,0,0,0,2183,0,0,0,0,0,0
197,390,198.31715464613643,99989,124,56,7,2,1613,823,0.024362679894788426,65,30,48602,49286,1201,625,0,0,0,0,0,0,97759,0,0,17,0,0,0,0,0,0,0,2213,0,0,0,0,0,0
198,390,199.0125165301381,99989,120,58,7,2,1621,826,0.024472691996119574,71,29,48591,49285,1210,625,0,0,0,0,0,0,97747,0,0,18,0,0,0,0,0,0,0,2224,0,0,0,0,0,0
199,390,200.05586114401763,99989,116,61,7,2,1637,834,0.024712718399023892,77,34,48573,49275,1226,627,0,0,0,0,0,0,97722,0,0,18,0,0,0,0,0,0,0,2249,0,0,0,0,0,0
200,390,201.0995694298498,99989,112,59,7,2,1655,840,0.024952744801928214,76,36,48560,49268,1244,634,0,0,0,0,0,0,97694,0,0,20,0,0,0,0,0,0,0,2275,0,0,0,0,0,0
201,390,202.1436296000548,99989,116,56,7,2,1679,850,0.025292782206042665,66,36,48550,49260,1260,645,0,0,0,0,0,0,97663,0,0,22,0,0,0,0,0,0,0,2304,0,0,0,0,0,0
202,390,203.18795984513775,99988,117,51,7,3,1699,855,0.02554306516782014,67,41,48530,49253,1278,651,0,0,0,0,0,0,97634,0,0,22,0,0,0,0,0,0,0,2332,0,0,0,0,0,0
203,390,204.23268934027183,99988,117,54,7,3,1717,868,0.025853102372284675,59,36,48522,49249,1294,657,0,0,0,0,0,0,97606,0,0,22,0,0,0,0,0,0,0,2360,0,0,0,0,0,0
204,390,205.277708626176,99988,116,54,7,3,1733,875,0.026083129975597072,60,41,48508,49239,1308,662,0,0,0,0,0,0,97582,0,0,22,0,0,0,0,0,0,0,2384,0,0,0,0,0,0
205,390,206.32299890518678,99988,120,60,7,3,1751,886,0.026373164779773573,69,35,48484,49236,1319,665,0,0,0,0,0,0,97563,0,0,22,0,0,0,0,0,0,0,2403,0,0,0,0,0,0
206,390,207.02005456338267,99987,115,56,7,4,1763,890,0.026533449348415294,68,39,48482,49228,1327,672,0,0,0,0,0,0,97539,0,0,23,0,0,0,0,0,0,0,2425,0,0,0,0,0,0
207,390,208.06578441322608,99987,116,58,7,4,1786,901,0.02687349355416204,65,44,48472,49214,1339,679,0,0,0,0,0,0,97510,0,0,25,0,0,0,0,0,0,0,2452,0,0,0,0,0,0
208,390,209.11176227575478,99987,123,58,7,4,1808,912,0.027203536459739767,67,44,48451,49203,1351,690,0,0,0,0,0,0,97484,0,0,25,0,0,0,0,0,0,0,2478,0,0,0,0,0,0
209,390,210.158135897334,99987,118,64,7,4,1824,927,0.027513576764979446,72,36,48434,49199,1368,696,0,0,0,0,0,0,97454,0,0,25,0,0,0,0,0,0,0,2508,0,0,0,0,0,0
210,390,211.2048008558953,99987,114,66,7,4,1838,938,0.027763609269204997,76,35,48423,49190,1379,704,0,0,0,0,0,0,97427,0,0,25,0,0,0,0,0,0,0,2535,0,0,0,0,0,0
211,390,212.25171710983022,99987,111,66,7,4,1853,947,0.028003640473261524,82,39,48409,49180,1390,710,0,0,0,0,0,0,97401,0,0,26,0,0,0,0,0,0,0,2560,0,0,0,0,0,0
212,390,213.29890637707058,99987,123,73,7,4,1874,959,0.02833368337883925,82,37,48392,49171,1395,714,0,0,0,0,0,0,97387,0,0,26,0,0,0,0,0,0,0,2574,0,0,0,0,0,0
213,390,214.34629162326755,99987,131,76,7,4,1900,975,0.028753737985938173,75,32,48376,49162,1410,725,0,0,0,0,0,0,97356,0,0,26,0,0,0,0,0,0,0,2605,0,0,0,0,0,0
214,390,215.04471926931498,99987,137,79,7,4,1917,984,0.029013771790332744,75,30,48363,49157,1417,729,0,0,0,0,0,0,97339,0,0,26,0,0,0,0,0,0,0,2622,0,0,0,0,0,0
215,390,216.0926388546746,99987,139,72,7,4,1937,995,0.029323812095572423,80,37,48340,49140,1433,746,0,0,0,0,0,0,97304,0,0,27,0,0,0,0,0,0,0,2656,0,0,0,0,0,0
216,390,217.14095442579205,99987,145,66,7,4,1960,1001,0.029613849800474063,77,47,48330,49129,1440,753,0,0,0,0,0,0,97275,0,0,27,0,0,0,0,0,0,0,2685,0,0,0,0,0,0
217,390,218.18954164727612,99987,142,61,7,4,1979,1010,0.029893886205206676,85,49,48306,49123,1459,762,0,0,0,0,0,0,97240,0,0,28,0,0,0,0,0,0,0,2719,0,0,0,0,0,0
218,390,219.2385276435122,99987,140,64,7,4,1996,1021,0.030173922609939292,89,50,48291,49115,1472,766,0,0,0,0,0,0,97213,0,0,28,0,0,0,0,0,0,0,2746,0,0,0,0,0,0
219,390,220.2878294830647,99987,144,64,7,4,2022,1028,0.03050396551551702,78,52,48283,49108,1487,771,0,0,0,0,0,0,97184,0,0,28,0,0,0,0,0,0,0,2775,0,0,0,0,0,0
220,390,221.33742524469542,99987,136,62,7,4,2046,1039,0.030854011021432787,80,46,48257,49106,1519,781,0,0,0,0,0,0,97140,0,0,29,0,0,0,0,0,0,0,2818,0,0,0,0,0,0
221,390,222.03750174932128,99987,145,59,7,4,2066,1042,0.031084040925320293,74,47,48245,49104,1528,785,0,0,0,0,0,0,97124,0,0,30,0,0,0,0,0,0,0,2833,0,0,0,0,0,0
222,390,223.08791526266148,99987,143,63,7,4,2090,1057,0.03147409163191215,63,41,48235,49102,1551,789,0,0,0,0,0,0,97087,0,0,30,0,0,0,0,0,0,0,2870,0,0,0,0,0,0
223,390,224.13873884362812,99987,140,66,7,4,2106,1067,0.03173412543630672,75,46,48211,49089,1566,794,0,0,0,0,0,0,97061,0,0,30,0,0,0,0,0,0,0,2896,0,0,0,0,0,0
224,390,225.18990402201587,99987,145,68,7,4,2129,1081,0.03210417354256053,70,46,48198,49079,1579,802,0,0,0,0,0,0,97034,0,0,33,0,0,0,0,0,0,0,2920,0,0,0,0,0,0
225,390,226.24137421245106,99987,140,61,7,4,2147,1087,0.03234420474661706,82,49,48173,49074,1597,811,0,0,0,0,0,0,96998,0,0,33,0,0,0,0,0,0,0,2956,0,0,0,0,0,0
226,390,227.2933052258924,99987,141,69,7,4,2168,1103,0.03271425285287087,78,40,48162,49068,1611,818,0,0,0,0,0,0,96972,0,0,35,0,0,0,0,0,0,0,2980,0,0,0,0,0,0
227,390,228.3454996377043,99987,149,69,7,4,2196,1116,0.033124306159800776,73,41,48151,49058,1619,827,0,0,0,0,0,0,96939,0,0,35,0,0,0,0,0,0,0,3013,0,0,0,0,0,0
228,390,229.04710133594702,99987,145,65,7,4,2204,1123,0.0332743256623361,81,42,48140,49053,1626,835,0,0,0,0,0,0,96916,0,0,35,0,0,0,0,0,0,0,3036,0,0,0,0,0,0
229,390,230.09978240734705,99987,140,60,7,4,2223,1131,0.0335443607668997,82,49,48124,49042,1646,844,0,0,0,0,0,0,96880,0,0,36,0,0,0,0,0,0,0,3071,0,0,0,0,0,0
230,390,231.15282788121056,99987,136,64,7,4,2247,1141,0.03388440497264644,80,45,48107,49037,1669,849,0,0,0,0,0,0,96846,0,0,36,0,0,0,0,0,0,0,3105,0,0,0,0,0,0
231,390,232.2062931354144,99987,138,68,7,4,2272,1157,0.03429445827957635,83,44,48085,49024,1686,859,0,0,0,0,0,0,96812,0,0,37,0,0,0,0,0,0,0,3138,0,0,0,0,0,0
232,390,233.2601991933326,99987,154,69,7,4,2306,1170,0.03476451938752038,73,42,48065,49020,1700,864,0,0,0,0,0,0,96783,0,0,38,0,0,0,0,0,0,0,3166,0,0,0,0,0,0
233,390,234.3144873551036,99987,157,73,7,4,2329,1184,0.035134567493774194,69,33,48053,49017,1713,872,0,0,0,0,0,0,96753,0,0,38,0,0,0,0,0,0,0,3196,0,0,0,0,0,0
234,390,235.01749207970758,99987,145,74,7,4,2337,1191,0.03528458699630952,79,36,48044,49008,1724,877,0,0,0,0,0,0,96727,0,0,38,0,0,0,0,0,0,0,3222,0,0,0,0,0,0
235,390,236.07231646301838,99987,142,66,7,4,2360,1197,0.03557462470121116,78,37,48029,49003,1743,889,0,0,0,0,0,0,96687,0,0,38,0,0,0,0,0,0,0,3262,0,0,0,0,0,0
236,390,237.1274844131985,99986,147,61,8,4,2387,1203,0.035905026703738525,69,43,48024,48995,1751,896,0,0,0,0,0,0,96655,0,0,39,0,0,0,0,0,0,0,3292,0,0,0,0,0,0
237,390,238.18281556905075,99986,143,69,8,4,2407,1224,0.03631508411177565,75,35,48005,48988,1768,903,0,0,0,0,0,0,96618,0,0,39,0,0,0,0,0,0,0,3329,0,0,0,0,0,0
238,390,239.23854105787956,99986,137,66,8,4,2427,1231,0.03658512191706839,78,33,47991,48987,1785,909,0,0,0,0,0,0,96582,0,0,39,0,0,0,0,0,0,0,3365,0,0,0,0,0,0
239,390,240.29456962180473,99986,126,59,8,4,2441,1236,0.03677514852079291,78,43,47983,48974,1804,919,0,0,0,0,0,0,96545,0,0,39,0,0,0,0,0,0,0,3402,0,0,0,0,0,0
240,390,241.35093208958816,99986,136,68,8,4,2465,1251,0.03716520312843798,73,39,47971,48968,1811,920,0,0,0,0,0,0,96525,0,0,39,0,0,0,0,0,0,0,3422,0,0,0,0,0,0
241,390,242.05528387747867,99986,139,70,8,4,2479,1255,0.037345228331966476,75,41,47962,48963,1815,921,0,0,0,0,0,0,96513,0,0,40,0,0,0,0,0,0,0,3433,0,0,0,0,0,0
242,390,243.11193670747147,99986,148,71,8,4,2501,1265,0.03766527313823936,68,43,47958,48952,1817,929,0,0,0,0,0,0,96492,0,0,41,0,0,0,0,0,0,0,3453,0,0,0,0,0,0
243,390,244.16870082826955,99986,138,82,8,4,2516,1284,0.038005320744904286,75,33,47949,48946,1829,934,0,0,0,0,0,0,96459,0,0,41,0,0,0,0,0,0,0,3486,0,0,0,0,0,0
244,390,245.22566886144858,99986,138,78,8,4,2529,1296,0.03825535574980497,97,31,47916,48941,1840,945,0,0,0,0,0,0,96430,0,0,41,0,0,0,0,0,0,0,3515,0,0,0,0,0,0
245,390,246.28307723257834,99986,145,80,8,4,2555,1305,0.038605404756665934,93,39,47905,48930,1848,946,0,0,0,0,0,0,96405,0,0,42,0,0,0,0,0,0,0,3539,0,0,0,0,0,0
246,390,247.34072420438847,99986,155,86,8,4,2585,1319,0.03904546636529114,87,42,47884,48919,1865,948,0,0,0,0,0,0,96378,0,0,43,0,0,0,0,0,0,0,3565,0,0,0,0,0,0
247,390,248.04599835284168,99986,158,85,8,4,2598,1329,0.03927549856979977,89,46,47876,48910,1868,954,0,0,0,0,0,0,96357,0,0,43,0,0,0,0,0,0,0,3586,0,0,0,0,0,0
248,390,249.10413593604116,99985,155,84,9,4,2629,1339,0.03968595289293394,85,45,47855,48903,1895,963,0,0,0,0,0,0,96312,0,0,43,0,0,0,0,0,0,0,3630,0,0,0,0,0,0
249,390,250.16275964603875,99985,143,74,9,4,2647,1352,0.039995999399909984,94,50,47836,48889,1917,982,0,0,0,0,0,0,96260,0,0,44,0,0,0,0,0,0,0,3681,0,0,0,0,0,0
250,390,251.22188582723663,99985,134,79,9,4,2664,1365,0.040296044406661,109,50,47813,48882,1934,984,0,0,0,0,0,0,96228,0,0,46,0,0,0,0,0,0,0,3711,0,0,0,0,0,0
251,390,252.28145041495728,99985,140,76,9,4,2693,1374,0.04067610141521228,118,55,47784,48876,1948,988,0,0,0,0,0,0,96193,0,0,46,0,0,0,0,0,0,0,3746,0,0,0,0,0,0
252,390,253.34148547359257,99985,152,80,9,4,2720,1390,0.041106165924888735,117,49,47762,48869,1959,997,0,0,0,0,0,0,96167,0,0,47,0,0,0,0,0,0,0,3771,0,0,0,0,0,0
253,390,254.0484053980439,99985,158,80,9,4,2740,1398,0.041386207931189675,109,47,47752,48864,1971,1004,0,0,0,0,0,0,96147,0,0,49,0,0,0,0,0,0,0,3789,0,0,0,0,0,0
254,390,255.1090540301924,99985,172,85,9,4,2770,1409,0.04179626944041606,107,54,47731,48850,1980,1006,0,0,0,0,0,0,96125,0,0,49,0,0,0,0,0,0,0,3811,0,0,0,0,0,0
255,390,256.1699291174927,99985,182,79,9,4,2806,1419,0.042256338450767615,94,55,47715,48845,1999,1016,0,0,0,0,0,0,96084,0,0,50,0,0,0,0,0,0,0,3851,0,0,0,0,0,0
256,390,257.2312937586302,99983,175,80,11,4,2826,1431,0.042577238130482184,101,60,47694,48831,2018,1024,0,0,0,0,0,0,96046,0,0,50,0,0,0,0,0,0,0,3887,0,0,0,0,0,0
257,390,258.2930426125809,99983,175,85,11,4,2850,1445,0.04295730274146605,110,55,47667,48825,2036,1030,0,0,0,0,0,0,96013,0,0,50,0,0,0,0,0,0,0,3920,0,0,0,0,0,0
258,390,259.0011401239458,99983,178,82,11,4,2870,1452,0.04322734864927038,105,56,47656,48819,2049,1038,0,0,0,0,0,0,95987,0,0,51,0,0,0,0,0,0,0,3945,0,0,0,0,0,0
259,390,260.0636988858058,99983,187,84,11,4,2898,1469,0.043677425162277586,108,54,47630,48810,2063,1047,0,0,0,0,0,0,95954,0,0,52,0,0,0,0,0,0,0,3977,0,0,0,0,0,0
260,390,261.12664366572113,99983,178,98,11,4,2925,1489,0.044147505075862896,108,57,47611,48789,2091,1051,0,0,0,0,0,0,95913,0,0,53,0,0,0,0,0,0,0,4017,0,0,0,0,0,0
261,390,262.1900163594805,99983,168,100,11,4,2943,1500,0.04443755438424532,114,55,47596,48784,2110,1056,0,0,0,0,0,0,95878,0,0,55,0,0,0,0,0,0,0,4050,0,0,0,0,0,0
262,390,263.2537898595577,99982,182,99,12,4,2983,1514,0.044978096057290314,103,56,47571,48774,2131,1066,0,0,0,0,0,0,95837,0,0,55,0,0,0,0,0,0,0,4090,0,0,0,0,0,0
263,390,264.31808839832485,99982,185,101,12,4,3015,1525,0.04540817347122482,95,55,47551,48766,2156,1073,0,0,0,0,0,0,95799,0,0,55,0,0,0,0,0,0,0,4128,0,0,0,0,0,0
264,390,265.0279023983445,99982,181,98,12,4,3031,1533,0.04564821667900222,104,56,47532,48760,2170,1081,0,0,0,0,0,0,95770,0,0,57,0,0,0,0,0,0,0,4155,0,0,0,0,0,0
265,390,266.0930734326669,99981,192,89,13,4,3063,1544,0.046078754963443054,113,58,47499,48751,2182,1097,0,0,0,0,0,0,95732,0,0,60,0,0,0,0,0,0,0,4189,0,0,0,0,0,0
266,390,267.1587721124541,99981,185,93,13,4,3088,1564,0.04652884047969114,118,51,47472,48741,2211,1110,0,0,0,0,0,0,95684,0,0,60,0,0,0,0,0,0,0,4237,0,0,0,0,0,0
267,390,268.2251015091094,99980,187,91,14,4,3128,1576,0.047049409881976395,105,52,47454,48735,2239,1117,0,0,0,0,0,0,95635,0,0,63,0,0,0,0,0,0,0,4282,0,0,0,0,0,0
268,390,269.29199796982147,99980,192,92,14,4,3162,1588,0.04750950190038008,105,53,47429,48723,2259,1127,0,0,0,0,0,0,95597,0,0,65,0,0,0,0,0,0,0,4318,0,0,0,0,0,0
269,390,270.00352635466953,99980,192,90,14,4,3179,1595,0.047749549909981995,112,58,47410,48713,2271,1134,0,0,0,0,0,0,95571,0,0,65,0,0,0,0,0,0,0,4344,0,0,0,0,0,0
270,390,271.0712211675768,99980,189,93,14,4,3210,1610,0.04820964192838568,116,60,47386,48698,2294,1144,0,0,0,0,0,0,95526,0,0,66,0,0,0,0,0,0,0,4388,0,0,0,0,0,0
271,390,272.13939851989727,99980,197,101,14,4,3244,1631,0.048759751950390076,106,55,47367,48689,2315,1150,0,0,0,0,0,0,95488,0,0,67,0,0,0,0,0,0,0,4425,0,0,0,0,0,0
272,390,273.2080636386248,99980,194,104,14,4,3275,1642,0.04917983596719344,105,54,47352,48683,2334,1154,0,0,0,0,0,0,95448,0,0,69,0,0,0,0,0,0,0,4463,0,0,0,0,0,0
273,390,274.2771482572545,99980,196,91,14,4,3308,1654,0.04962992598519704,110,59,47331,48671,2348,1174,0,0,0,0,0,0,95394,0,0,71,0,0,0,0,0,0,0,4515,0,0,0,0,0,0
274,390,275.34663288516873,99980,214,93,14,4,3341,1668,0.0501000200040008,109,52,47306,48671,2356,1179,0,0,0,0,0,0,95367,0,0,71,0,0,0,0,0,0,0,4542,0,0,0,0,0,0
275,390,276.059816818333,99980,211,89,14,4,3363,1677,0.05041008201640328,114,56,47290,48661,2370,1189,0,0,0,0,0,0,95329,0,0,71,0,0,0,0,0,0,0,4580,0,0,0,0,0,0
276,390,277.1300048376776,99980,201,92,14,4,3384,1689,0.05074014802960592,117,56,47277,48652,2390,1195,0,0,0,0,0,0,95291,0,0,73,0,0,0,0,0,0,0,4616,0,0,0,0,0,0
277,390,278.20062368735177,99980,190,95,14,4,3413,1704,0.05118023604720944,114,53,47254,48645,2427,1202,0,0,0,0,0,0,95239,0,0,73,0,0,0,0,0,0,0,4668,0,0,0,0,0,0
278,390,279.2718259490646,99979,202,98,14,5,3446,1718,0.051650846677802335,113,52,47230,48634,2440,1210,0,0,0,0,0,0,95207,0,0,73,0,0,0,0,0,0,0,4699,0,0,0,0,0,0
279,390,280.34341152908735,99978,203,99,15,5,3477,1732,0.05210146232171078,116,55,47208,48621,2457,1219,0,0,0,0,0,0,95166,0,0,75,0,0,0,0,0,0,0,4737,0,0,0,0,0,0
280,390,281.05803318455304,99977,195,103,16,5,3496,1743,0.052402052472068576,121,52,47194,48615,2473,1224,0,0,0,0,0,0,95132,0,0,75,0,0,0,0,0,0,0,4770,0,0,0,0,0,0
281,390,282.13048243826296,99977,184,109,16,5,3520,1763,0.05284215369534993,127,47,47170,48606,2502,1232,0,0,0,0,0,0,95085,0,0,77,0,0,0,0,0,0,0,4815,0,0,0,0,0,0
282,390,283.2035040667422,99977,188,100,16,5,3554,1773,0.05328225491863128,130,63,47147,48588,2518,1243,0,0,0,0,0,0,95037,0,0,78,0,0,0,0,0,0,0,4862,0,0,0,0,0,0
283,390,284.2769274706744,99977,195,105,16,5,3585,1792,0.05378236994508737,126,63,47129,48573,2533,1253,0,0,0,0,0,0,95002,0,0,81,0,0,0,0,0,0,0,4894,0,0,0,0,0,0
284,390,285.35074425070906,99976,203,108,16,6,3622,1815,0.05438305193246379,127,59,47097,48560,2556,1266,0,0,0,0,0,0,94954,0,0,82,0,0,0,0,0,0,0,4940,0,0,0,0,0,0
285,390,286.0669228545866,99976,206,107,16,6,3646,1826,0.05473313595262863,118,68,47090,48547,2569,1271,0,0,0,0,0,0,94924,0,0,85,0,0,0,0,0,0,0,4967,0,0,0,0,0,0
286,390,287.1414938744075,99976,207,103,16,6,3679,1841,0.055213251180283265,119,72,47062,48530,2595,1288,0,0,0,0,0,0,94874,0,0,86,0,0,0,0,0,0,0,5016,0,0,0,0,0,0
287,390,288.216676456055,99976,204,107,16,6,3702,1860,0.05563335200448107,129,68,47039,48519,2611,1299,0,0,0,0,0,0,94834,0,0,87,0,0,0,0,0,0,0,5055,0,0,0,0,0,0
288,390,289.2923033294323,99976,207,121,16,6,3731,1881,0.05613347203328799,126,63,47023,48510,2627,1299,0,0,0,0,0,0,94801,0,0,87,0,0,0,0,0,0,0,5088,0,0,0,0,0,0
289,390,290.0095607477917,99976,198,121,16,6,3747,1894,0.056423541649996,130,63,47009,48501,2646,1308,0,0,0,0,0,0,94764,0,0,88,0,0,0,0,0,0,0,5124,0,0,0,0,0,0
290,390,291.0858853331236,99976,194,122,16,6,3780,1915,0.056963671281107464,131,56,46987,48489,2671,1326,0,0,0,0,0,0,94709,0,0,90,0,0,0,0,0,0,0,5177,0,0,0,0,0,0
291,390,292.1627944276626,99976,197,120,16,6,3814,1937,0.05752380571337121,134,52,46964,48476,2688,1345,0,0,0,0,0,0,94655,0,0,91,0,0,0,0,0,0,0,5230,0,0,0,0,0,0
292,390,293.2401968003917,99976,212,116,16,6,3851,1953,0.05805393294390654,119,60,46952,48455,2700,1362,0,0,0,0,0,0,94614,0,0,92,0,0,0,0,0,0,0,5270,0,0,0,0,0,0
293,390,294.3178819088169,99976,213,113,16,6,3885,1967,0.05853404817156117,113,63,46929,48443,2728,1374,0,0,0,0,0,0,94565,0,0,93,0,0,0,0,0,0,0,5318,0,0,0,0,0,0
294,390,295.0366487378571,99976,209,121,16,6,3899,1982,0.05882411778826918,124,60,46910,48433,2740,1379,0,0,0,0,0,0,94542,0,0,95,0,0,0,0,0,0,0,5339,0,0,0,0,0,0
295,390,296.1151826522489,99976,214,121,16,6,3931,1996,0.05928422821477154,133,74,46877,48408,2759,1390,0,0,0,0,0,0,94503,0,0,97,0,0,0,0,0,0,0,5376,0,0,0,0,0,0
296,390,297.1942646468336,99976,220,125,16,6,3967,2014,0.05982435784588301,133,81,46851,48389,2779,1398,0,0,0,0,0,0,94460,0,0,98,0,0,0,0,0,0,0,5418,0,0,0,0,0,0
297,390,298.273859350913,99976,223,126,16,6,4006,2036,0.060434504281027444,140,84,46817,48370,2803,1413,0,0,0,0,0,0,94405,0,0,100,0,0,0,0,0,0,0,5471,0,0,0,0,0,0
298,390,299.3540754558067,99975,235,125,17,6,4053,2057,0.061115278819704924,131,81,46799,48354,2817,1433,0,0,0,0,0,0,94350,0,0,102,0,0,0,0,0,0,0,5523,0,0,0,0,0,0
299,390,300.07443627248637,99975,227,129,17,6,4075,2072,0.06148537134283571,131,72,46788,48353,2836,1439,0,0,0,0,0,0,94310,0,0,103,0,0,0,0,0,0,0,5562,0,0,0,0,0,0
300,390,301.1554487288512,99975,217,128,17,6,4106,2091,0.06198549637409352,136,74,46762,48342,2867,1449,0,0,0,0,0,0,94250,0,0,104,0,0,0,0,0,0,0,5621,0,0,0,0,0,0
301,390,302.23709188633575,99975,231,127,17,6,4154,2107,0.06262565641410353,121,70,46740,48332,2890,1464,0,0,0,0,0,0,94203,0,0,108,0,0,0,0,0,0,0,5664,0,0,0,0,0,0
302,390,303.31930744328844,99975,240,120,17,6,4199,2122,0.06322580645161291,122,71,46709,48323,2911,1479,0,0,0,0,0,0,94148,0,0,111,0,0,0,0,0,0,0,5716,0,0,0,0,0,0
303,390,304.04109655763807,99975,234,117,17,6,4221,2133,0.06355588897224305,127,75,46688,48312,2933,1489,0,0,0,0,0,0,94107,0,0,112,0,0,0,0,0,0,0,5756,0,0,0,0,0,0
304,390,305.1243678114854,99975,245,122,17,6,4258,2152,0.06411602900725182,117,75,46676,48302,2944,1494,0,0,0,0,0,0,94070,0,0,115,0,0,0,0,0,0,0,5790,0,0,0,0,0,0
305,390,306.20795179577885,99975,249,124,17,6,4294,2172,0.06467616904226056,122,74,46643,48285,2968,1510,0,0,0,0,0,0,94023,0,0,118,0,0,0,0,0,0,0,5834,0,0,0,0,0,0
306,390,307.29219407143523,99974,261,113,17,7,4341,2184,0.06526696941204713,123,80,46605,48278,2993,1521,0,0,0,0,0,0,93966,0,0,119,0,0,0,0,0,0,0,5889,0,0,0,0,0,0
307,390,308.01542937485016,99972,245,109,18,8,4358,2195,0.06554835353899091,136,85,46582,48270,3018,1527,0,0,0,0,0,0,93923,0,0,124,0,0,0,0,0,0,0,5925,0,0,0,0,0,0
308,390,309.10091745652466,99972,254,112,18,8,4399,2213,0.06613851878525988,144,82,46550,48260,3033,1537,0,0,0,0,0,0,93878,0,0,126,0,0,0,0,0,0,0,5968,0,0,0,0,0,0
309,390,310.1870117662075,99971,256,120,18,9,4434,2242,0.06677936601614468,146,69,46528,48248,3051,1553,0,0,0,0,0,0,93827,0,0,129,0,0,0,0,0,0,0,6015,0,0,0,0,0,0
310,390,311.27364163639373,99970,239,119,19,9,4470,2260,0.06732019605881764,157,63,46496,48245,3088,1563,0,0,0,0,0,0,93756,0,0,130,0,0,0,0,0,0,0,6084,0,0,0,0,0,0
311,390,312.3610653171642,99970,251,119,19,9,4512,2276,0.06790037011103331,154,60,46467,48236,3108,1575,0,0,0,0,0,0,93713,0,0,133,0,0,0,0,0,0,0,6124,0,0,0,0,0,0
312,390,313.086353788131,99970,256,120,19,9,4543,2289,0.06834050215064519,161,68,46435,48218,3128,1584,0,0,0,0,0,0,93675,0,0,133,0,0,0,0,0,0,0,6162,0,0,0,0,0,0
313,390,314.17488423518364,99970,271,127,19,9,4590,2311,0.06903070921276383,163,55,46400,48219,3146,1589,0,0,0,0,0,0,93629,0,0,134,0,0,0,0,0,0,0,6207,0,0,0,0,0,0
314,390,315.2641159135025,99970,259,119,19,9,4627,2321,0.06950085025507652,170,64,46371,48208,3180,1599,0,0,0,0,0,0,93563,0,0,135,0,0,0,0,0,0,0,6272,0,0,0,0,0,0
315,390,316.35406621745955,99970,266,111,19,9,4675,2334,0.07011103330999299,170,68,46336,48201,3208,1610,0,0,0,0,0,0,93504,0,0,138,0,0,0,0,0,0,0,6328,0,0,0,0,0,0
316,390,317.0811322863384,99970,282,106,19,9,4714,2341,0.07057117135140542,165,77,46315,48185,3218,1622,0,0,0,0,0,0,93470,0,0,139,0,0,0,0,0,0,0,6361,0,0,0,0,0,0
317,390,318.1722630133084,99970,286,108,19,9,4762,2358,0.07122136640992298,157,81,46285,48171,3252,1630,0,0,0,0,0,0,93414,0,0,142,0,0,0,0,0,0,0,6414,0,0,0,0,0,0
318,390,319.26404794982136,99968,287,118,21,9,4810,2382,0.07194302176696543,147,77,46264,48158,3280,1637,0,0,0,0,0,0,93353,0,0,142,0,0,0,0,0,0,0,6473,0,0,0,0,0,0
319,390,320.35641021721267,99968,280,132,21,9,4858,2408,0.07268325864276569,150,71,46224,48142,3323,1644,1,1,1,1,0,0,93285,0,0,142,0,0,0,0,0,0,1,6539,1,0,0,0,0,0
320,390,321.1729318901838,99968,268,136,21,9,4882,2428,0.07312339948783611,154,69,46208,48130,3346,1653,2,2,2,2,0,0,93234,0,0,145,0,0,0,0,0,0,3,6585,1,0,0,0,0,0
321,390,322.18544638838733,99968,256,140,21,9,4905,2444,0.0735135243277849,157,68,46188,48121,3374,1658,3,3,3,3,0,0,93186,0,0,146,0,0,0,0,0,0,5,6630,1,0,0,0,0,0
322,390,323.33261355535103,99967,260,133,22,9,4967,2462,0.07431452379285164,140,72,46161,48110,3412,1671,4,4,4,4,0,0,93104,0,0,147,1,0,0,0,0,0,7,6707,1,0,0,0,0,0
323,390,324.0761892685969,99967,256,131,22,9,4992,2473,0.07467464263206858,135,74,46147,48100,3434,1680,5,5,5,5,0,0,93061,0,0,148,1,0,0,0,0,0,9,6747,1,0,0,0,0,0
324,390,325.23361148417075,99967,246,131,22,9,5032,2495,0.07529484729960888,149,82,46109,48074,3467,1697,6,6,6,6,0,0,92992,0,0,153,1,0,0,0,0,0,11,6809,1,0,0,0,0,0
325,390,326.08450373781346,99967,242,135,22,9,5044,2508,0.07554492982684285,152,81,46102,48063,3474,1703,7,8,8,7,0,0,92968,0,0,156,1,0,0,0,0,0,13,6827,2,0,0,0,0,0
326,390,327.0643625253943,99967,243,138,22,9,5087,2535,0.07624516090309802,165,77,46057,48050,3504,1715,8,10,10,8,0,0,92901,0,0,158,1,0,0,0,0,0,16,6889,2,0,0,0,0,0
327,390,328.0056125404152,99967,235,136,22,9,5120,2549,0.07671531605429792,162,89,46035,48027,3536,1726,9,12,12,9,0,0,92845,0,0,161,1,0,0,0,0,0,18,6939,3,0,0,0,0,0
328,390,329.0830178379143,99967,257,141,22,9,5171,2569,0.07742555043164244,147,79,46011,48024,3552,1731,10,15,15,10,0,0,92799,0,0,163,1,0,0,0,0,0,22,6979,3,0,0,0,0,0
329,390,330.0110238565202,99966,248,143,23,9,5204,2583,0.07789648480483365,156,89,45980,48003,3581,1737,11,18,18,11,0,0,92743,0,0,165,1,0,0,0,0,0,26,7028,3,0,0,0,0,0
330,390,331.02961392630357,99966,256,153,23,9,5237,2608,0.07847668207190445,145,86,45969,47986,3594,1743,12,22,22,12,0,0,92699,0,0,166,1,0,0,0,0,0,31,7066,3,0,0,0,0,0
331,390,332.1704366935157,99966,252,151,23,9,5278,2628,0.07908688954244443,157,85,45932,47974,3622,1753,13,27,27,13,0,0,92632,0,0,171,1,0,0,0,0,0,36,7122,4,0,0,0,0,0
332,390,333.0138226477569,99966,261,154,23,9,5315,2650,0.07967709021067163,148,88,45915,47952,3638,1764,14,32,32,14,0,0,92580,0,0,172,1,0,0,0,0,0,42,7167,4,0,0,0,0,0
333,390,334.1361322084712,99965,269,154,24,9,5366,2676,0.08044815685489921,158,84,45868,47931,3665,1783,15,38,38,15,0,0,92506,0,0,174,1,0,0,0,0,0,49,7231,4,0,0,0,0,0
334,390,335.07187492908247,99965,270,161,24,9,5403,2701,0.0810683739308758,179,81,45827,47913,3683,1790,16,45,45,16,0,0,92447,0,0,175,2,0,0,0,0,0,57,7280,4,0,0,0,0,0
335,390,336.00485741849303,99965,269,165,24,9,5432,2718,0.08152853498724554,191,82,45791,47888,3707,1802,17,53,53,17,0,0,92397,0,0,176,2,0,0,0,0,0,65,7320,5,0,0,0,0,0
336,390,337.0887173857254,99964,281,169,24,10,5485,2742,0.08229962786603177,175,71,45770,47871,3731,1816,18,62,62,18,0,0,92331,0,0,181,2,0,0,0,0,0,75,7370,5,0,0,0,0,0
337,390,338.048737119299,99964,296,155,24,10,5544,2764,0.08310991957104558,189,75,45718,47842,3753,1846,19,71,72,19,0,0,92241,0,0,182,2,0,0,0,0,0,86,7448,5,0,0,0,0,0
338,390,339.0208890901966,99964,294,153,24,10,5564,2781,0.08348005281901484,188,76,45710,47821,3763,1858,20,81,83,20,0,0,92190,0,0,183,2,0,0,0,0,0,97,7486,6,0,0,0,0,0
339,390,340.0129711487685,99964,301,164,24,10,5596,2809,0.08408026889680285,190,73,45690,47795,3773,1864,21,93,95,21,0,0,92139,0,0,186,2,0,0,0,0,0,109,7521,7,0,0,0,0,0
340,390,341.13854729111176,99963,300,157,25,10,5667,2840,0.08510148755039365,179,75,45644,47755,3829,1896,22,106,108,22,0,0,92022,0,0,191,2,0,0,0,0,0,121,7618,9,0,0,0,0,0
341,390,342.24497452566385,99962,298,159,26,10,5708,2867,0.08578259738700707,172,77,45621,47721,3858,1913,24,119,122,24,0,0,91941,0,0,194,2,0,0,0,0,0,137,7679,9,0,0,0,0,0
342,390,343.35200606085886,99962,289,157,26,10,5754,2891,0.08648286348812549,166,80,45593,47692,3899,1929,26,131,137,26,0,0,91844,0,0,195,2,0,0,0,0,0,154,7758,9,0,0,0,0,0
343,390,344.09050359405455,99961,281,162,26,11,5779,2909,0.08691389641960365,175,74,45570,47671,3919,1934,28,147,154,28,0,0,91780,0,0,195,2,0,0,0,0,0,172,7802,10,0,0,0,0,0
344,390,345.1989499463777,99960,267,154,26,12,5818,2933,0.08754501800720288,178,84,45541,47626,3957,1958,30,165,172,30,0,0,91682,0,0,202,2,0,0,0,0,0,192,7872,10,0,0,0,0,0
345,390,346.308175154845,99960,277,151,26,12,5869,2960,0.08832533013205282,169,82,45518,47596,3977,1976,32,182,192,32,0,0,91592,0,0,204,2,0,0,0,0,0,213,7938,11,0,0,0,0,0
346,390,347.0479607807792,99960,276,151,26,12,5900,2974,0.08877551020408163,164,82,45500,47569,3999,1983,34,202,213,34,0,0,91527,0,0,205,2,0,0,0,0,0,233,7979,14,0,0,0,0,0
347,390,348.1582913585611,99960,270,154,26,12,5941,3002,0.08946578631452581,171,77,45468,47529,4027,2002,37,225,236,37,0,0,91433,0,0,208,2,0,0,0,0,0,258,8044,15,0,0,0,0,0
348,390,349.2694364370175,99960,287,153,26,12,5997,3022,0.09022609043617447,163,86,45432,47485,4051,2015,40,248,260,40,0,0,91350,0,0,211,2,0,0,0,0,0,284,8097,16,0,0,0,0,0
349,390,350.0106282417639,99960,286,157,26,12,6027,3041,0.09071628651460584,165,80,45403,47453,4076,2023,43,274,286,43,0,0,91281,0,0,214,2,0,0,0,0,0,310,8134,19,0,0,0,0,0
350,390,351.12312411188327,99960,279,168,26,12,6068,3071,0.0914265706282513,180,79,45367,47408,4103,2031,44,301,314,46,0,0,91193,0,0,219,2,0,0,0,0,0,336,8186,24,0,0,0,0,0
351,390,352.23640817432806,99959,298,157,27,12,6122,3092,0.09217779289508699,160,81,45351,47369,4115,2052,48,328,343,50,0,0,91096,0,0,221,2,0,0,0,0,0,368,8247,25,0,0,0,0,0
352,390,353.35023831612574,99959,290,160,27,12,6165,3123,0.09291809641953201,167,75,45310,47324,4153,2071,52,357,374,54,0,0,90990,0,0,227,2,0,0,0,0,0,401,8312,27,0,0,0,0,0
353,390,354.0932721353308,99959,308,139,27,12,6205,3134,0.09342830560529818,159,78,45286,47286,4163,2096,56,388,407,58,0,0,90904,0,0,227,2,0,0,0,0,0,433,8361,32,0,0,0,0,0
354,390,355.2086109574502,99957,303,138,28,13,6254,3152,0.09410046319917564,157,78,45254,47243,4196,2105,61,422,442,63,0,0,90799,0,0,233,2,0,0,0,0,0,472,8418,33,0,0,0,0,0
355,390,356.3248396820918,99957,301,140,28,13,6295,3174,0.09473073421571275,167,82,45210,47191,4227,2116,66,457,479,68,0,0,90699,0,0,236,2,0,0,0,0,0,512,8473,35,0,0,0,0,0
356,390,357.0694854075671,99957,295,135,28,13,6319,3187,0.09510089338415519,165,86,45191,47151,4249,2119,71,495,518,73,0,0,90620,0,0,238,2,0,0,0,0,0,545,8506,46,0,0,0,0,0
357,390,358.18725938971846,99957,296,142,28,13,6370,3218,0.09592124613583841,154,71,45165,47111,4279,2130,77,532,559,79,0,0,90507,0,0,241,2,0,0,0,0,0,587,8569,51,0,0,0,0,0
358,390,359.3058176751835,99957,293,135,28,13,6413,3237,0.09654151285052573,152,68,45138,47066,4305,2145,83,572,602,85,0,0,90393,0,0,244,3,0,0,0,0,0,633,8631,53,0,0,0,0,0
359,390,360.05195334869916,99957,291,132,28,13,6441,3249,0.09694168492451755,153,74,45116,47008,4322,2156,89,616,647,91,0,0,90300,0,0,245,3,0,0,0,0,0,682,8672,55,0,0,0,0,0
360,390,361.1718006055694,99956,278,124,29,13,6482,3259,0.09745287926687743,154,85,45083,46955,4359,2159,96,663,695,98,0,0,90180,0,0,251,3,0,0,0,0,0,736,8730,56,0,0,0,0,0
361,390,362.29247114275637,99956,277,131,29,13,6522,3286,0.09812317419664653,156,82,45057,46893,4377,2169,103,711,745,105,0,0,90069,0,0,254,3,0,0,0,0,0,789,8781,60,0,0,0,0,0
362,390,363.0399806908991,99955,274,139,30,13,6548,3303,0.09855434945725576,151,77,45044,46837,4389,2173,111,760,797,113,0,0,89976,0,0,257,3,0,0,0,0,0,847,8810,62,0,0,0,0,0
363,390,364.161890980066,99955,270,147,30,13,6596,3324,0.09924466009704366,143,79,45015,46770,4422,2176,119,814,852,121,0,0,89856,0,0,260,4,0,0,0,0,0,906,8864,65,0,0,0,0,0
364,390,365.28451008522273,99955,273,143,30,13,6633,3342,0.09979490770846881,144,85,44990,46702,4434,2190,128,866,909,130,0,0,89739,0,0,264,4,0,0,0,0,0,971,8911,66,0,0,0,0,0
365,390,366.0332246831907,99955,274,140,30,13,6668,3357,0.10029513280976439,137,86,44964,46639,4457,2199,137,922,968,139,0,0,89626,0,0,265,4,0,0,0,0,0,1033,8955,72,0,0,0,0,0
366,390,367.1570073654323,99955,263,151,30,13,6703,3383,0.100905407433345,135,87,44948,46566,4476,2204,147,978,1030,149,0,0,89502,0,0,267,4,0,0,0,0,0,1098,9005,79,0,0,0,0,0
367,390,368.28138988112613,99953,263,150,32,13,6744,3412,0.10160775564515322,135,83,44913,46498,4500,2218,156,1037,1094,160,0,0,89368,0,0,271,4,0,0,0,0,0,1165,9058,87,0,0,0,0,0
368,390,369.0314665386417,99953,253,143,32,13,6764,3427,0.10195792022250458,136,85,44893,46425,4518,2230,167,1103,1161,171,0,0,89244,0,0,272,4,0,0,0,0,0,1238,9103,92,0,0,0,0,0
369,390,370.15733719026167,99952,245,145,32,14,6791,3456,0.1025192092204258,152,79,44863,46355,4529,2243,178,1163,1231,183,0,0,89112,0,0,277,4,0,0,0,0,0,1314,9147,98,0,0,0,0,0
370,390,371.28393902720865,99952,238,139,32,14,6835,3474,0.1031395069633424,145,87,44842,46276,4553,2255,189,1228,1303,195,0,0,88967,0,0,282,4,0,0,0,0,0,1389,9203,107,0,0,0,0,0
371,390,372.03536458327886,99952,231,133,32,14,6859,3491,0.10354970385785177,156,87,44807,46196,4573,2269,200,1300,1378,208,0,0,88833,0,0,286,4,0,0,0,0,0,1473,9245,111,0,0,0,0,0
372,390,373.16345943150714,99952,229,140,32,14,6894,3514,0.10412998239154794,165,84,44772,46113,4589,2273,212,1375,1456,222,0,0,88699,0,0,289,5,0,0,0,0,0,1558,9284,117,0,0,0,0,0
373,390,374.29239942658353,99951,238,143,33,14,6941,3536,0.10482136246760913,165,80,44727,46035,4610,2280,226,1447,1536,236,0,0,88560,0,0,291,5,0,0,0,0,0,1642,9326,127,0,0,0,0,0
374,390,375.04560551375533,99951,251,137,33,14,6980,3548,0.10533161249012016,148,78,44707,45960,4619,2285,241,1525,1619,251,0,0,88434,0,0,295,5,0,0,0,0,0,1728,9350,139,0,0,0,0,0
375,390,376.1761864938358,99951,244,155,33,14,7015,3586,0.10606197036547908,154,54,44662,45877,4649,2292,257,1607,1705,267,0,0,88283,0,0,300,5,0,0,0,0,0,1822,9394,147,0,0,0,0,0
376,390,377.30785848826605,99951,245,158,33,14,7054,3602,0.10661223999759882,152,57,44629,45790,4667,2292,273,1688,1794,284,0,0,88137,0,0,302,6,0,0,0,0,0,1920,9432,154,0,0,0,0,0
377,390,378.0628076267143,99951,254,149,33,14,7084,3605,0.10694240177687067,158,71,44593,45702,4673,2292,288,1771,1885,302,0,0,88004,0,0,303,6,0,0,0,0,0,2021,9455,162,0,0,0,0,0
378,390,379.196083800285,99951,249,147,33,14,7128,3621,0.1075426959210013,161,74,44563,45607,4690,2300,303,1857,1979,320,0,0,87835,0,0,306,6,0,0,0,0,0,2126,9509,169,0,0,0,0,0
379,390,380.33014026079326,99951,247,155,33,14,7166,3641,0.10812298026032756,159,72,44536,45524,4705,2291,319,1943,2076,339,0,0,87681,0,0,310,6,0,0,0,0,0,2232,9543,179,0,0,0,0,0
380,390,381.0865856094732,99951,249,155,33,14,7195,3654,0.108543186161219,157,74,44511,45426,4712,2297,337,2033,2176,359,0,0,87532,0,0,311,6,0,0,0,0,0,2342,9571,189,0,0,0,0,0
381,390,382.2219664316899,99951,258,165,33,14,7242,3682,0.10929355384138227,163,78,44461,45310,4727,2303,357,2129,2279,380,0,0,87362,0,0,313,6,0,0,0,0,0,2458,9615,197,0,0,0,0,0
382,390,383.3582390361938,99951,277,166,33,14,7296,3715,0.11016398035037168,161,65,44409,45210,4743,2318,376,2226,2385,402,0,0,87181,0,0,315,6,0,0,0,0,0,2574,9666,209,0,0,0,0,0
383,390,384.11639328188085,99951,274,165,33,14,7321,3726,0.11052415683685006,165,71,44374,45107,4755,2317,398,2325,2494,425,0,0,87022,0,0,318,6,0,0,0,0,0,2696,9690,219,0,0,0,0,0
384,390,385.2547620274493,99951,288,171,33,14,7367,3752,0.11124450980980681,161,64,44329,45004,4767,2320,421,2426,2606,449,0,0,86847,0,0,321,6,0,0,0,0,0,2822,9726,229,0,0,0,0,0
385,390,386.0142364048744,99951,285,162,33,14,7394,3763,0.11162469610108953,172,70,44289,44897,4777,2323,443,2533,2721,474,0,0,86674,0,0,324,6,0,0,0,0,0,2948,9756,243,0,0,0,0,0
386,390,387.15460232050276,99951,298,180,33,14,7452,3798,0.112555152024492,148,57,44258,44784,4795,2322,467,2642,2839,500,0,0,86493,0,0,327,7,0,0,0,0,0,3072,9789,263,0,0,0,0,0
387,390,388.29588848588554,99951,299,164,33,14,7500,3814,0.11319546577823134,171,63,44183,44665,4820,2342,493,2751,2960,527,0,0,86283,0,0,333,7,0,0,0,0,0,3209,9845,274,0,0,0,0,0
388,390,389.0576429786357,99951,297,163,33,14,7532,3830,0.11367570109353584,166,68,44143,44540,4840,2348,520,2866,3084,555,0,0,86103,0,0,339,7,0,0,0,0,0,3344,9867,291,0,0,0,0,0
389,390,390.2016756480058,99951,302,167,33,14,7582,3864,0.11451611289531871,153,58,44100,44420,4865,2359,546,2981,3211,584,0,0,85892,0,0,346,7,0,0,0,0,0,3487,9915,304,0,0,0,0,0
390,390,391.34691307910197,99951,294,159,33,14,7620,3879,0.11504637272263409,167,66,44047,44292,4887,2367,571,3101,3341,614,0,0,85679,0,0,348,8,0,0,0,0,0,3634,9966,316,0,0,0,0,0
391,390,392.11116397811145,99950,298,153,33,15,7653,3886,0.11544772386193096,159,78,44009,44160,4900,2369,600,3224,3474,645,0,0,85488,0,0,348,9,0,0,0,0,0,3784,9992,329,0,0,0,0,0
392,390,393.2587869202845,99950,293,137,33,15,7691,3896,0.115927963981991,153,87,43964,44038,4926,2375,630,3347,3610,678,0,0,85274,0,0,354,11,0,0,0,0,0,3937,10031,343,0,0,0,0,0
393,390,394.02465474730406,99950,295,141,33,15,7716,3909,0.11630815407703853,154,90,43921,43897,4936,2376,660,3480,3749,712,0,0,85084,0,0,358,11,0,0,0,0,0,4099,10044,354,0,0,0,0,0
394,390,395.1746702771947,99950,295,152,33,15,7764,3941,0.11710855427713857,157,77,43877,43762,4947,2389,690,3604,3891,747,0,0,84854,0,0,360,14,0,0,0,0,0,4268,10092,362,0,0,0,0,0
395,390,396.3258505470147,99950,259,145,33,15,7780,3961,0.1174687343671836,186,82,43822,43618,4977,2401,722,3738,4036,783,0,0,84613,0,0,360,16,0,0,0,0,0,4433,10151,377,0,0,0,0,0
396,390,397.0941809759889,99950,263,143,33,15,7808,3979,0.11792896448224112,187,77,43771,43489,4986,2402,759,3873,4184,821,0,0,84399,0,0,359,17,0,0,0,0,0,4604,10179,392,0,0,0,0,0
397,390,398.248247680035,99950,287,138,33,15,7876,4005,0.11886943471735868,153,74,43720,43344,5010,2420,796,4008,4335,860,0,0,84157,0,0,361,18,0,0,0,0,0,4774,10229,411,0,0,0,0,0
398,390,399.0184595279471,99950,291,140,33,15,7912,4023,0.11940970485242622,147,73,43667,43211,5026,2418,835,4142,4489,900,0,0,83937,0,0,364,19,0,0,0,0,0,4950,10252,428,0,0,0,0,0
399,390,400.17531138904934,99949,279,120,34,15,7949,4037,0.11992115979149366,148,77,43622,43068,5043,2437,873,4282,4645,942,0,0,83685,0,0,371,19,0,0,0,0,0,5126,10298,450,0,0,0,0,0
400,390,401.33366891380865,99949,284,115,34,15,7990,4053,0.12049145063982632,148,88,43562,42912,5061,2443,910,4426,4804,985,0,0,83446,0,0,374,20,0,0,0,0,0,5313,10331,465,0,0,0,0,0
401,390,402.1067449902696,99949,287,122,34,15,8021,4071,0.12098170066734035,154,80,43506,42759,5064,2440,954,4583,4966,1030,0,0,83222,0,0,377,20,0,0,0,0,0,5501,10345,484,0,0,0,0,0
402,390,403.26794058250124,99949,286,126,34,15,8071,4095,0.12172207825991256,155,79,43446,42600,5082,2442,996,4737,5131,1076,0,0,82969,0,0,383,20,0,0,0,0,0,5689,10381,507,0,0,0,0,0
403,390,404.0430088892747,99949,285,123,34,15,8104,4110,0.12220232318482425,155,72,43381,42450,5102,2440,1042,4899,5299,1123,0,0,82725,0,0,389,20,0,0,0,0,0,5887,10404,524,0,0,0,0,0
404,390,405.20752149637445,99949,276,118,34,15,8150,4131,0.12287266505918018,156,71,43324,42306,5121,2443,1088,5046,5470,1172,0,0,82458,0,0,394,22,0,0,0,0,0,6081,10445,549,0,0,0,0,0
405,390,406.3737889757041,99948,274,123,35,15,8195,4153,0.12354424300636331,147,67,43271,42152,5135,2447,1137,5195,5643,1222,0,0,82204,0,0,403,22,0,0,0,0,0,6280,10466,573,0,0,0,0,0
406,390,407.15219614401866,99948,272,112,35,15,8219,4161,0.12386440949293633,140,72,43217,41991,5149,2451,1186,5358,5819,1274,0,0,81953,0,0,405,23,0,0,0,0,0,6489,10487,591,0,0,0,0,0
407,390,408.3215868580004,99948,273,119,35,15,8265,4189,0.12460479449313643,138,67,43161,41816,5157,2458,1235,5524,5998,1328,0,0,81679,0,0,407,25,0,0,0,0,0,6701,10526,610,0,0,0,0,0
408,390,409.1020158486122,99947,270,125,35,16,8292,4208,0.1250662851311195,136,60,43121,41657,5150,2460,1287,5681,6180,1383,0,0,81431,0,0,408,25,0,0,0,0,0,6907,10535,641,0,0,0,0,0
409,390,410.2742450073297,99947,278,117,35,16,8338,4225,0.12569661920818034,139,67,43043,41497,5167,2467,1337,5835,6364,1440,0,0,81157,0,0,415,25,0,0,0,0,0,7125,10561,664,0,0,0,0,0
410,390,411.05674183664024,99947,271,124,35,16,8362,4243,0.12611684192622089,145,60,42993,41335,5165,2454,1390,6010,6551,1498,0,0,80906,0,0,419,25,0,0,0,0,0,7338,10563,696,0,0,0,0,0
411,390,412.23225517297897,99947,261,114,35,16,8402,4257,0.12665712827798734,151,70,42924,41170,5183,2453,1445,6176,6740,1558,0,0,80621,0,0,428,26,0,0,0,0,0,7560,10589,723,0,0,0,0,0
412,390,413.01692409988794,99947,271,121,35,16,8437,4268,0.12711737220726985,138,66,42877,41003,5175,2439,1503,6354,6932,1620,0,0,80373,0,0,432,27,0,0,0,0,0,7784,10579,752,0,0,0,0,0
413,390,414.1957579417493,99947,270,130,35,16,8471,4292,0.12769767977027824,148,64,42801,40829,5185,2434,1560,6526,7126,1683,0,0,80095,0,0,435,27,0,0,0,0,0,8015,10597,778,0,0,0,0,0
414,390,415.37644204691475,99946,253,128,36,16,8508,4310,0.12824925459748265,148,60,42726,40662,5217,2435,1619,6698,7323,1748,0,0,79788,0,0,439,28,0,0,0,0,0,8253,10637,801,0,0,0,0,0
415,390,416.16481722299477,99945,262,120,37,16,8546,4317,0.1287007854319876,141,70,42658,40487,5221,2432,1680,6874,7522,1815,0,0,79515,0,0,443,27,1,0,0,0,0,8486,10640,833,0,0,0,0,0
416,390,417.34958885938556,99945,259,123,37,16,8588,4339,0.12934113762569413,134,73,42595,40312,5239,2433,1735,7042,7724,1883,0,0,79214,0,0,445,28,1,0,0,0,0,8726,10669,862,0,0,0,0,0
417,390,418.1404760069455,99945,251,121,37,16,8616,4349,0.1297213467407074,129,70,42538,40138,5244,2427,1800,7227,7928,1953,0,0,78934,0,0,449,30,1,0,0,0,0,8965,10670,896,0,0,0,0,0
418,390,419.3288863093329,99945,254,116,37,16,8650,4365,0.13022162189204062,141,66,42458,39975,5243,2423,1866,7403,8134,2025,0,0,78636,0,0,451,32,1,0,0,0,0,9215,10688,922,0,0,0,0,0
419,390,420.12225787922745,99945,258,118,37,16,8684,4388,0.1307919355645605,162,82,42356,39783,5250,2420,1936,7580,8342,2099,0,0,78340,29,1,456,33,1,0,0,0,0,9466,10668,951,0,0,0,0,0
420,390,421.0168123605485,99945,262,120,37,16,8723,4403,0.1313322327280004,159,81,42274,39611,5260,2408,2007,7763,8553,2175,0,0,78043,70,2,458,37,1,0,0,0,0,9721,10635,978,0,0,0,0,0
421,390,422.3618229566563,99945,275,125,37,16,8785,4428,0.13220271149132024,146,92,42192,39421,5275,2408,2074,7937,8766,2252,0,0,77720,130,5,461,39,1,0,0,0,0,9981,10604,1004,0,0,0,0,0
422,390,423.2598973864049,99945,280,130,37,16,8828,4448,0.1328330581820001,145,84,42109,39245,5282,2398,2146,8126,8981,2331,0,0,77412,178,7,462,41,1,0,0,0,0,10239,10569,1036,0,0,0,0,0
423,390,424.15965649980717,99945,288,125,37,16,8860,4464,0.13331332232728,166,91,42016,39060,5276,2399,2216,8308,9198,2412,0,0,77104,218,8,466,41,1,0,0,0,0,10506,10535,1066,0,0,0,0,0
424,390,425.0610873602669,99945,292,131,37,16,8906,4483,0.1339636800240132,168,98,41924,38860,5285,2391,2293,8503,9417,2495,0,0,76787,262,14,471,41,1,0,0,0,0,10773,10501,1095,0,0,0,0,0
425,390,426.41658023424435,99945,296,137,37,16,8969,4512,0.13488418630246635,163,100,41841,38667,5295,2390,2367,8689,9638,2580,0,0,76455,329,18,481,42,1,0,0,0,0,11034,10450,1135,0,0,0,0,0
426,390,427.3217563068544,99945,295,150,37,16,9002,4533,0.13542448346590624,182,106,41730,38474,5305,2377,2450,8876,9860,2667,0,0,76141,362,20,484,46,1,0,0,0,0,11313,10419,1159,0,0,0,0,0
427,390,428.2289263739247,99945,298,159,37,16,9048,4562,0.1361748961929061,185,104,41634,38277,5314,2381,2531,9062,10084,2756,0,0,75800,417,23,485,49,1,0,0,0,0,11596,10390,1184,0,0,0,0,0
428,390,429.13817410870945,99945,308,165,37,16,9102,4589,0.13698534193806594,189,98,41535,38081,5317,2381,2613,9258,10310,2847,0,0,75459,473,30,486,50,1,0,0,0,0,11874,10357,1215,0,0,0,0,0
429,390,430.0494299231894,99944,312,165,37,17,9144,4602,0.1375370207316097,215,112,41427,37886,5316,2374,2692,9445,10537,2940,0,0,75125,518,34,486,51,1,0,0,0,0,12158,10325,1246,0,0,0,0,0
430,390,431.42001691964816,99944,303,181,37,17,9208,4653,0.13868766509245178,228,109,41306,37690,5352,2384,2773,9618,10766,3034,0,0,74752,603,46,495,52,1,0,0,0,0,12434,10280,1281,0,0,0,0,0
431,390,432.3358074415403,99944,322,187,37,17,9269,4686,0.13962819178740093,226,108,41187,37473,5369,2390,2858,9824,10997,3130,0,0,74404,656,51,504,54,1,0,0,0,0,12724,10239,1311,0,0,0,0,0
432,390,433.2541030440517,99944,335,197,37,17,9326,4725,0.14058872968862562,211,88,41089,37279,5387,2398,2940,10020,11229,3228,0,0,74050,711,61,510,56,1,0,0,0,0,13013,10202,1340,0,0,0,0,0
433,390,434.1747002407511,99944,339,190,37,17,9368,4738,0.14113903786120227,230,103,40962,37069,5403,2400,3028,10220,11462,3328,0,0,73704,752,72,514,56,2,0,0,0,0,13307,10170,1367,0,0,0,0,0
434,390,435.097795128902,99944,348,191,37,17,9427,4761,0.14195949731849836,221,114,40855,36860,5416,2396,3122,10421,11697,3430,0,0,73361,810,77,521,58,2,0,0,0,0,13587,10111,1417,0,0,0,0,0
435,390,436.0233981671162,99944,339,202,37,17,9476,4795,0.1427899623789322,239,100,40725,36671,5445,2399,3214,10610,11933,3534,0,0,72996,874,86,528,59,2,0,0,0,0,13879,10065,1455,0,0,0,0,0
436,390,437.41650413548547,99944,346,203,37,17,9556,4833,0.14397062354918755,254,113,40587,36463,5469,2408,3306,10795,12170,3640,0,0,72607,952,102,539,61,2,0,0,0,0,14172,10021,1488,0,0,0,0,0
437,390,438.3477995997356,99944,353,202,37,17,9615,4860,0.14483110541903466,244,102,40475,36277,5486,2407,3404,10994,12408,3748,0,0,72238,1014,111,546,63,2,0,0,0,0,14470,9975,1525,0,0,0,0,0
438,390,439.281705516264,99944,380,202,37,17,9680,4884,0.14572160409829504,248,113,40347,36063,5486,2408,3501,11196,12648,3858,0,0,71883,1053,123,554,65,2,0,0,0,0,14773,9933,1558,0,0,0,0,0
439,390,440.2182182136735,99944,385,218,37,17,9747,4919,0.14674217561834627,244,112,40221,35857,5514,2400,3598,11395,12889,3970,0,0,71512,1110,135,562,66,2,0,0,0,0,15073,9885,1599,0,0,0,0,0
440,390,441.1575267198374,99943,377,206,38,17,9801,4937,0.1474640545110713,240,133,40107,35631,5538,2410,3699,11602,13131,4084,0,0,71116,1178,145,570,69,2,0,0,0,0,15389,9847,1627,0,0,0,0,0
441,390,442.0995950461036,99943,406,212,38,17,9872,4972,0.14852465905566173,223,131,39986,35432,5545,2413,3801,11794,13373,4200,0,0,70751,1227,158,574,73,2,0,0,0,0,15692,9800,1666,0,0,0,0,0
442,390,443.0444171938755,99943,412,212,38,17,9933,5003,0.1494451837547402,229,137,39860,35229,5552,2413,3908,11991,13616,4318,0,0,70369,1295,171,574,78,2,0,0,0,0,15993,9753,1708,0,0,0,0,0
443,390,444.4667401360995,99943,419,222,38,17,10022,5064,0.15094603924236816,238,132,39711,35031,5594,2439,3999,12158,13860,4438,0,0,69950,1399,192,581,79,2,0,0,0,0,16287,9697,1756,0,0,0,0,0
444,390,445.41761449139017,99943,411,230,38,17,10066,5099,0.15173648979918553,247,143,39587,34821,5608,2446,4108,12342,14105,4560,0,0,69564,1457,202,587,83,2,0,0,0,0,16605,9651,1792,0,0,0,0,0
445,390,446.37141903261295,99943,412,233,38,17,10141,5135,0.15284712286003022,234,149,39458,34609,5639,2456,4218,12535,14350,4684,0,0,69160,1536,214,599,87,2,0,0,0,0,16918,9595,1832,0,0,0,0,0
446,390,447.3283902828605,99942,413,249,39,17,10199,5179,0.15386924416161374,248,136,39309,34398,5669,2455,4321,12744,14596,4810,0,0,68765,1596,227,605,91,2,0,0,0,0,17238,9551,1867,0,0,0,0,0
447,390,448.2885988948169,99941,439,248,40,17,10271,5203,0.1548313504967931,247,144,39172,34190,5673,2453,4428,12947,14843,4937,0,0,68375,1645,239,612,90,4,0,0,0,0,17566,9511,1899,0,0,0,0,0
448,390,449.2521765126756,99940,441,259,41,17,10330,5245,0.1558435061036622,258,145,39025,33971,5691,2463,4543,13144,15090,5066,0,0,67972,1712,252,614,94,4,0,0,0,0,17888,9467,1937,0,0,0,0,0
449,390,450.21901519461017,99939,464,269,42,17,10402,5286,0.15697575521067852,266,138,38884,33759,5691,2467,4652,13349,15337,5197,0,0,67581,1769,267,615,99,4,0,0,0,0,18206,9420,1978,0,0,0,0,0
450,390,451.1890870105328,99939,458,260,42,17,10466,5311,0.15786629844204966,267,153,38747,33563,5721,2472,4764,13534,15585,5330,0,0,67175,1834,291,624,103,4,0,0,0,0,18521,9371,2016,0,0,0,0,0
451,390,452.1625629478933,99939,461,258,42,17,10530,5345,0.15884689660693022,283,156,38586,33353,5746,2481,4881,13734,15833,5465,0,0,66749,1909,301,628,109,4,0,0,0,0,18861,9334,2044,0,0,0,0,0
452,390,453.1397885291326,99939,465,266,42,17,10600,5384,0.15993756191276678,285,159,38450,33142,5766,2487,4991,13928,16081,5602,0,0,66332,1976,319,637,110,4,0,0,0,0,19191,9290,2080,0,0,0,0,0
453,390,454.120630185851,99939,489,278,42,17,10679,5424,0.16112828825583606,278,154,38292,32946,5787,2476,5111,14128,16330,5741,0,0,65936,2026,343,642,113,4,0,0,0,0,19513,9242,2120,0,0,0,0,0
454,390,455.10513201819845,99939,488,280,42,17,10752,5463,0.16224897187284243,285,160,38133,32742,5818,2483,5233,14317,16579,5881,0,0,65510,2102,361,649,122,4,0,0,0,0,19845,9195,2151,0,0,0,0,0
455,390,456.09358296384073,99939,493,282,42,17,10818,5512,0.1633996738010186,304,147,37975,32543,5837,2504,5348,14506,16828,6023,0,0,65093,2171,391,655,125,4,0,0,0,0,20163,9146,2191,0,0,0,0,0
456,390,457.085961669694,99938,504,293,42,18,10892,5557,0.1645920470691829,303,139,37824,32342,5862,2506,5464,14701,17077,6167,0,0,64680,2228,417,663,128,4,0,0,0,0,20491,9099,2228,0,0,0,0,0
457,390,458.08223100702844,99938,521,292,42,18,10962,5589,0.16561267986151415,315,144,37668,32123,5868,2516,5585,14906,17326,6313,0,0,64281,2275,443,670,132,4,0,0,0,0,20815,9049,2269,0,0,0,0,0
458,390,459.0821944647903,99938,527,286,42,18,11039,5630,0.16679341191538755,322,140,37505,31917,5894,2538,5709,15100,17575,6460,0,0,63846,2353,469,679,137,4,0,0,0,0,21146,9001,2303,0,0,0,0,0
459,390,460.0864453982766,99938,536,272,42,18,11128,5657,0.16795413156156816,327,148,37341,31722,5926,2539,5827,15300,17823,6609,0,0,63429,2423,502,683,147,4,0,0,0,0,21457,8946,2347,0,0,0,0,0
460,390,461.0950618132899,99938,529,267,42,18,11213,5689,0.1691248574115952,350,153,37165,31529,5964,2551,5949,15481,18071,6760,0,0,62992,2505,525,697,153,4,0,0,0,0,21786,8887,2389,0,0,0,0,0
461,390,462.1081852330789,99936,545,251,43,19,11293,5720,0.17023895292987512,356,156,37013,31341,5974,2568,6068,15664,18319,6912,0,0,62565,2575,553,702,158,4,0,0,0,0,22112,8837,2430,0,0,0,0,0
462,390,463.12539033015935,99936,539,249,43,19,11374,5766,0.17150976625040026,364,150,36843,31145,6015,2587,6195,15849,18567,7066,0,0,62115,2658,589,708,166,4,0,0,0,0,22443,8794,2459,0,0,0,0,0
463,390,464.1471490165616,99936,557,245,43,19,11474,5798,0.17283061159141852,334,153,36698,30981,6047,2582,6320,16019,18814,7222,0,0,61691,2734,618,713,174,4,0,0,0,0,22762,8734,2506,0,0,0,0,0
464,390,465.17330839560935,99936,558,265,43,19,11566,5847,0.17424151456932438,333,156,36535,30783,6087,2585,6443,16191,19061,7379,0,0,61250,2805,644,726,180,4,0,0,0,0,23103,8686,2538,0,0,0,0,0
465,390,466.2037831153794,99935,569,270,44,19,11662,5891,0.1756441687096613,319,165,36379,30610,6120,2580,6568,16355,19307,7538,0,0,60838,2865,682,736,190,5,0,0,0,0,23413,8622,2584,0,0,0,0,0
466,390,467.23865825936934,99935,557,266,44,19,11743,5931,0.1768549557212188,336,167,36190,30410,6179,2601,6693,16536,19553,7698,0,0,60378,2966,709,740,193,5,0,0,0,0,23744,8570,2630,0,0,0,0,0
467,390,468.278555890877,99935,567,268,44,19,11842,5967,0.17820583379196478,321,172,36019,30222,6221,2601,6827,16717,19798,7860,0,0,59951,3041,734,755,200,5,0,0,0,0,24070,8500,2679,0,0,0,0,0
468,390,469.3235853622788,99935,585,267,44,19,11933,6007,0.17951668584579977,322,174,35848,30041,6247,2598,6953,16900,20043,8023,0,0,59540,3093,777,762,207,5,0,0,0,0,24383,8442,2726,0,0,0,0,0
469,390,470.37336333368944,99935,571,285,44,19,12002,6056,0.18069745334467405,347,174,35686,29855,6275,2595,7076,17071,20287,8188,0,0,59120,3153,816,767,216,5,0,0,0,0,24704,8387,2767,0,0,0,0,0
470,390,471.42794495070916,99935,576,281,44,19,12101,6103,0.18215840296192526,349,174,35494,29669,6318,2622,7218,17234,20531,8354,0,0,58669,3240,856,781,218,5,0,0,0,0,25026,8327,2813,0,0,0,0,0
471,390,472.4879545728513,99935,576,295,44,19,12193,6156,0.18360934607494872,362,164,35300,29485,6360,2630,7357,17406,20774,8521,0,0,58229,3311,895,796,221,5,0,0,0,0,25354,8270,2854,0,0,0,0,0
472,390,473.0194631210958,99934,565,293,45,19,12236,6177,0.1842516060599996,358,170,35155,29273,6370,2633,7506,17611,21016,8690,0,0,57823,3347,931,797,224,5,0,0,0,0,25687,8227,2893,0,0,0,0,0
473,390,474.0898373242279,99934,578,297,45,19,12346,6236,0.18594272219664978,333,151,34999,29085,6413,2660,7631,17787,21257,8860,0,0,57396,3419,980,813,234,5,0,0,0,0,25989,8154,2944,0,0,0,0,0
474,390,475.16518874663876,99934,557,277,45,19,12433,6266,0.1871134949066384,350,172,34817,28905,6464,2677,7766,17949,21497,9031,0,0,56943,3500,1034,824,244,5,0,0,0,0,26306,8103,2975,0,0,0,0,0
475,390,476.24592138006903,99933,596,280,46,19,12547,6310,0.1886964266058259,330,177,34656,28725,6468,2692,7903,18106,21737,9203,0,0,56524,3544,1081,835,250,7,0,0,0,0,26631,8053,3008,0,0,0,0,0
476,390,477.33164864626764,99930,603,284,49,19,12658,6353,0.1902431702191534,320,187,34470,28545,6520,2699,8037,18265,21976,9377,0,0,56079,3618,1128,840,259,8,0,0,0,0,26951,8003,3044,0,0,0,0,0
477,390,478.4229781883125,99930,596,289,49,19,12737,6406,0.1915640948664065,330,168,34289,28375,6558,2718,8177,18430,22214,9552,0,0,55644,3688,1164,855,267,8,0,0,0,0,27275,7940,3089,0,0,0,0,0
478,390,479.5199691198339,99930,592,299,49,19,12831,6459,0.19303512458721106,337,162,34115,28198,6596,2733,8310,18588,22451,9728,0,0,55195,3760,1211,864,276,8,0,0,0,0,27602,7894,3120,0,0,0,0,0
479,390,480.0699831450599,99930,587,289,49,19,12874,6475,0.19362553787651357,351,170,33962,28005,6587,2735,8463,18781,22687,9905,0,0,54816,3778,1250,871,283,8,0,0,0,0,27923,7833,3168,0,0,0,0,0
480,390,481.17775224278694,99930,597,292,49,19,12982,6520,0.19515660962673873,322,163,33820,27839,6615,2746,8596,18940,22922,10083,0,0,54387,3843,1297,886,290,8,0,0,0,0,28234,7769,3216,0,0,0,0,0
481,390,482.29043606739685,99930,608,305,49,19,13076,6571,0.1966076253377364,320,161,33657,27676,6638,2754,8727,19084,23156,10262,0,0,53964,3899,1343,893,298,9,0,0,0,0,28552,7717,3255,0,0,0,0,0
482,390,483.40827598754566,99930,596,306,49,19,13169,6619,0.19801861302912038,330,154,33474,27508,6683,2766,8867,19246,23389,10442,0,0,53512,3981,1391,898,308,9,0,0,0,0,28868,7668,3295,0,0,0,0,0
483,390,484.5319620555374,99928,587,308,51,19,13249,6664,0.19927347690337044,341,156,33321,27356,6711,2772,8988,19388,23620,10623,0,0,53074,4045,1434,907,316,10,0,0,0,0,29192,7620,3330,0,0,0,0,0
484,390,485.0952848665537,99928,599,309,51,19,13303,6694,0.20011408213914017,324,154,33167,27165,6712,2779,9146,19573,23850,10805,0,0,52685,4073,1466,912,320,10,0,0,0,0,29519,7564,3379,0,0,0,0,0
485,390,486.22962576682204,99927,599,314,52,19,13407,6738,0.20159716593112972,323,164,33012,27016,6753,2781,9260,19705,24079,10988,0,0,52235,4146,1515,921,328,10,0,0,0,0,29843,7519,3410,0,0,0,0,0
486,390,487.36933182017697,99927,580,318,52,19,13483,6789,0.20286809370840714,344,162,32865,26847,6775,2803,9383,19850,24307,11171,0,0,51795,4213,1571,922,339,10,0,0,0,0,30153,7480,3444,0,0,0,0,0
487,390,488.5143578208102,99925,578,284,54,19,13590,6829,0.20434325744308232,328,164,32721,26716,6804,2837,9514,19979,24534,11355,0,0,51357,4291,1643,931,352,11,0,0,0,0,30432,7418,3490,0,0,0,0,0
488,390,489.0881769162139,99925,574,279,54,19,13626,6855,0.20496372279209407,344,160,32564,26533,6795,2848,9668,20160,24760,11540,0,0,50973,4314,1682,926,363,11,0,0,0,0,30753,7371,3532,0,0,0,0,0
489,390,490.24375564386446,99924,605,289,55,19,13745,6900,0.20660702133621553,320,155,32402,26382,6816,2847,9801,20307,24984,11725,0,0,50538,4374,1723,938,368,11,0,0,0,0,31082,7324,3566,0,0,0,0,0
490,390,491.40496277075374,99924,607,287,55,19,13838,6944,0.20797806332812938,311,165,32238,26245,6850,2859,9938,20424,25207,11911,0,0,50124,4429,1784,948,378,11,0,0,0,0,31380,7263,3607,0,0,0,0,0
491,390,492.5718509457041,99924,620,289,55,19,13936,6993,0.20944918137784715,326,159,32069,26108,6864,2866,10065,20558,25429,12098,0,0,49728,4473,1842,955,390,12,0,0,0,0,31666,7198,3660,0,0,0,0,0
492,390,493.1568885748533,99923,608,287,56,19,13986,7018,0.21020185542868008,337,147,31899,25948,6876,2870,10223,20728,25649,12285,0,0,49325,4514,1881,953,394,15,0,0,0,0,31986,7156,3699,0,0,0,0,0
493,390,494.33586818033365,99923,628,270,56,19,14109,7048,0.21173303443651612,314,162,31738,25810,6901,2887,10362,20851,25868,12473,0,0,48905,4575,1938,967,404,16,0,0,0,0,32282,7094,3742,0,0,0,0,0
494,390,495.52116259057334,99923,608,278,56,19,14181,7101,0.21298399767821222,345,166,31588,25657,6914,2904,10488,20975,26086,12661,0,0,48499,4616,2004,981,414,16,0,0,0,0,32575,7039,3779,0,0,0,0,0
495,390,496.1151922210001,99923,616,287,56,19,14240,7127,0.21383465268256557,337,162,31442,25496,6893,2897,10655,21138,26302,12850,0,0,48130,4631,2052,977,422,16,0,0,0,0,32880,6992,3823,0,0,0,0,0
496,390,497.3116623396856,99922,600,290,57,19,14323,7188,0.21527791677508457,353,150,31289,25363,6916,2922,10784,21255,26517,13039,0,0,47717,4690,2123,986,434,16,0,0,0,0,33158,6931,3867,0,0,0,0,0
497,390,498.5138539399921,99921,614,265,58,19,14437,7227,0.21681128091192042,339,159,31116,25248,6959,2951,10913,21357,26730,13228,0,0,47280,4756,2183,1003,444,17,0,0,0,0,33459,6883,3896,0,0,0,0,0
498,390,499.11664130781594,99921,612,281,58,19,14499,7257,0.21773200828654637,332,154,30950,25103,6976,2934,11071,21508,26942,13418,0,0,46906,4775,2231,1006,452,17,0,0,0,0,33766,6833,3935,0,0,0,0,0
499,390,500.33186320033803,99921,622,285,58,19,14601,7303,0.21921317841094465,313,155,30811,24983,6985,2942,11210,21615,27153,13608,0,0,46513,4825,2293,1009,460,19,0,0,0,0,34040,6772,3990,0,0,0,0,0
500,390,501.55296774209637,99919,607,277,60,19,14707,7342,0.22066874168076142,306,171,30643,24861,7037,2950,11346,21721,27362,13798,0,0,46085,4893,2357,1023,470,19,0,0,0,0,34326,6715,4031,0,0,0,0,0
501,390,502.1652174914029,99919,615,274,60,19,14771,7359,0.22147939831263325,297,176,30493,24707,7036,2952,11498,21871,27570,13988,0,0,45707,4921,2398,1021,478,19,0,0,0,0,34635,6668,4072,0,0,0,0,0
502,390,503.3992645512417,99919,600,271,60,19,14872,7415,0.22305067104354528,287,165,30361,24604,7077,2983,11614,21957,27776,14178,0,0,45292,4979,2474,1035,495,19,0,0,0,0,34908,6613,4104,0,0,0,0,0
503,390,504.0176518788091,99919,582,268,60,19,14915,7437,0.22370119797035598,270,160,30225,24452,7088,2987,11774,22113,27981,14368,0,0,44921,4999,2519,1042,501,20,0,0,0,0,35208,6562,4147,0,0,0,0,0
504,390,505.2635660912035,99919,547,271,60,19,14986,7492,0.22496221939771216,291,146,30083,24356,7121,3007,11897,22200,28184,14559,0,0,44514,5074,2576,1043,517,22,0,0,0,0,35478,6499,4196,0,0,0,0,0
505,390,506.5154234183311,99919,525,268,60,19,15081,7534,0.2263333299972978,275,150,29939,24236,7178,3016,12022,22310,28386,14750,0,0,44091,5145,2639,1054,529,22,0,0,0,0,35762,6447,4230,0,0,0,0,0
506,390,507.14290397879114,99919,518,266,60,19,15130,7560,0.22708393798977172,273,143,29776,24106,7190,3014,12182,22451,28586,14941,0,0,43734,5155,2694,1052,545,22,0,0,0,0,36051,6403,4263,0,0,0,0,0
507,390,508.40814692436834,99917,525,270,62,19,15207,7610,0.22835953841688603,294,127,29621,24025,7188,3020,12309,22538,28785,15131,0,0,43359,5185,2766,1060,547,23,0,0,0,0,36321,6350,4306,0,0,0,0,0
508,390,509.0425831978859,99916,520,272,63,19,15241,7635,0.22895231994875695,296,119,29480,23882,7171,3019,12469,22688,28982,15321,0,0,43017,5192,2803,1064,555,23,0,0,0,0,36613,6293,4356,0,0,0,0,0
509,390,510.3207816702258,99916,526,279,63,19,15330,7682,0.2303134633091797,289,118,29339,23788,7190,3020,12592,22775,29178,15511,0,0,42622,5234,2860,1072,565,23,0,0,0,0,36904,6251,4385,0,0,0,0,0
510,390,511.60494700959947,99915,529,254,64,19,15429,7712,0.23160686583596057,284,125,29219,23722,7199,3037,12704,22842,29372,15701,0,0,42227,5280,2946,1076,573,24,0,0,0,0,37162,6211,4416,0,0,0,0,0
511,390,512.2481171417652,99915,526,251,64,19,15468,7734,0.2322173847770605,296,126,29093,23589,7180,3033,12840,22981,29565,15891,0,0,41888,5283,2988,1079,584,24,0,0,0,0,37450,6159,4460,0,0,0,0,0
512,390,513.5437325939394,99914,527,233,65,19,15575,7769,0.2336409312008327,267,133,28967,23486,7213,3060,12960,23068,29756,16081,0,0,41498,5332,3069,1092,594,24,0,0,0,0,37704,6105,4496,0,0,0,0,0
513,390,514.1927128781673,99914,521,218,65,19,15628,7790,0.2343815681486078,258,128,28836,23357,7198,3071,13121,23206,29946,16270,0,0,41156,5338,3140,1089,608,25,0,0,0,0,37964,6065,4529,0,0,0,0,0
514,390,515.5003030170054,99914,486,215,65,19,15702,7826,0.23548251496286807,258,123,28717,23271,7236,3080,13237,23291,30134,16459,0,0,40770,5383,3211,1095,620,26,0,0,0,0,38224,6021,4564,0,0,0,0,0
515,390,516.1556718141492,99914,479,215,65,19,15745,7844,0.2360930400144124,254,122,28592,23134,7227,3073,13382,23436,30320,16648,0,0,40453,5378,3270,1093,632,27,0,0,0,0,38484,5971,4606,0,0,0,0,0
516,390,517.4753527761185,99912,497,225,67,19,15843,7886,0.23749899911922492,226,116,28497,23077,7219,3078,13493,23484,30505,16836,0,0,40120,5389,3338,1094,650,29,0,0,0,0,38728,5917,4647,0,0,0,0,0
517,390,518.1364304818942,99912,482,224,67,19,15876,7904,0.23800944831451679,223,115,28360,22959,7218,3068,13649,23614,30688,17024,0,0,39802,5383,3390,1089,667,29,0,0,0,0,38993,5873,4686,0,0,0,0,0
518,390,519.4668550868947,99912,473,210,67,19,15948,7939,0.2390803907438546,223,110,28256,22919,7227,3082,13753,23659,30870,17212,0,0,39438,5416,3461,1092,680,29,0,0,0,0,39245,5829,4722,0,0,0,0,0
519,390,520.1329934083291,99912,466,211,67,19,15989,7955,0.23965089278565138,209,110,28132,22815,7223,3068,13902,23776,31050,17399,0,0,39129,5409,3521,1093,684,31,0,0,0,0,39500,5777,4768,0,0,0,0,0
520,390,521.4750346362147,99912,441,203,67,19,16066,7989,0.24076187044599248,211,115,28036,22740,7246,3082,13998,23840,31229,17586,0,0,38761,5453,3592,1098,698,32,0,0,0,0,39745,5730,4803,0,0,0,0,0
521,390,522.146813747281,99912,441,202,67,19,16105,8008,0.2413423812955401,200,118,27901,22621,7238,3078,14152,23961,31406,17772,0,0,38452,5441,3641,1096,714,33,0,0,0,0,40011,5690,4834,0,0,0,0,0
522,390,523.5002788325647,99912,408,199,67,19,16173,8044,0.24238329730162542,195,103,27827,22605,7258,3084,14244,23989,31582,17957,0,0,38090,5471,3721,1102,726,35,0,0,0,0,40254,5656,4857,0,0,0,0,0
523,390,524.1781677436954,99912,392,203,67,19,16205,8064,0.2429037553046681,198,104,27720,22504,7246,3067,14376,24102,31756,18142,0,0,37788,5450,3792,1098,741,35,0,0,0,0,40504,5623,4881,0,0,0,0,0
524,390,525.5419547182827,99912,372,202,67,19,16270,8102,0.24393466250300264,194,100,27626,22475,7259,3060,14481,24143,31929,18326,0,0,37458,5475,3863,1094,759,38,0,0,0,0,40729,5576,4920,0,0,0,0,0
525,390,526.2246155065299,99912,359,199,67,19,16300,8118,0.2443950676595404,196,95,27512,22370,7241,3058,14624,24258,32100,18510,0,0,37144,5473,3922,1089,768,38,0,0,0,0,40985,5542,4951,0,0,0,0,0
526,390,527.5991106315305,99911,355,183,68,19,16364,8146,0.24531833331665182,181,89,27435,22324,7231,3081,14729,24303,32270,18693,0,0,36807,5493,3984,1099,779,39,0,0,0,0,41237,5492,4981,0,0,0,0,0
527,390,528.2870633175023,99911,350,179,68,19,16389,8161,0.24571868963377405,179,84,27333,22227,7202,3071,14867,24419,32438,18875,0,0,36524,5467,4047,1099,788,40,0,0,0,0,41481,5452,5013,0,0,0,0,0
528,390,529.6714397482926,99911,326,174,68,19,16449,8190,0.24660948243937103,170,95,27248,22171,7211,3076,14976,24464,32605,19057,0,0,36188,5491,4117,1096,808,40,0,0,0,0,41719,5415,5037,0,0,0,0,0
529,390,530.3641375265756,99911,332,181,68,19,16487,8213,0.24722002582298244,159,87,27121,22077,7193,3063,15126,24572,32770,19238,0,0,35894,5477,4173,1095,812,42,0,0,0,0,41971,5379,5068,0,0,0,0,0
530,390,531.0600541725947,99911,343,175,68,19,16525,8221,0.24768043558767303,140,94,27014,21984,7167,3049,15267,24678,32934,19418,0,0,35615,5458,4224,1092,819,43,0,0,0,0,42215,5336,5109,0,0,0,0,0
531,390,532.4612835271693,99910,329,176,68,20,16580,8262,0.24864377940146132,157,87,26910,21943,7175,3058,15360,24715,33096,19597,0,0,35293,5480,4291,1093,832,43,0,0,0,0,42442,5293,5143,0,0,0,0,0
532,390,533.1627851464812,99910,312,183,68,20,16611,8283,0.24916424782304072,147,75,26799,21891,7175,3037,15498,24793,33257,19775,0,0,35007,5464,4359,1089,843,43,0,0,0,0,42674,5259,5172,0,0,0,0,0
533,390,534.575408292513,99910,299,186,68,20,16667,8320,0.2500950855770193,143,70,26729,21858,7167,3041,15593,24824,33416,19953,0,0,34686,5483,4421,1096,849,45,0,0,0,0,42909,5217,5204,0,0,0,0,0
534,390,535.2822925996795,99910,301,178,68,20,16692,8333,0.2504754278850966,137,68,26624,21783,7142,3039,15727,24911,33574,20130,0,0,34416,5458,4478,1097,853,46,0,0,0,0,43143,5175,5244,0,0,0,0,0
535,390,536.7048812246235,99910,288,177,68,20,16740,8365,0.2512761485336803,147,58,26568,21782,7117,3039,15811,24923,33730,20306,0,0,34121,5456,4552,1101,861,48,0,0,0,0,43361,5135,5275,0,0,0,0,0
536,390,537.4166009430645,99910,280,169,68,20,16765,8370,0.25157641877689924,151,67,26469,21709,7095,3034,15936,25000,33885,20481,0,0,33837,5446,4599,1096,872,48,0,0,0,0,43606,5103,5303,0,0,0,0,0
537,390,538.1308977883348,99910,290,167,68,20,16808,8388,0.2521869682714443,133,58,26378,21641,7066,3021,16064,25092,34038,20655,0,0,33567,5431,4659,1092,882,48,0,0,0,0,43830,5064,5337,0,0,0,0,0
538,390,539.5674831776594,99909,274,157,68,21,16853,8409,0.25285009358516247,126,58,26304,21631,7057,3018,16170,25114,34190,20828,0,0,33285,5423,4735,1099,890,48,0,0,0,0,44035,5021,5373,0,0,0,0,0
539,390,540.2866128346858,99909,270,156,68,21,16874,8421,0.25318039415868443,130,50,26200,21560,7034,3011,16297,25201,34340,21000,0,0,33025,5399,4788,1098,898,48,0,0,0,0,44264,4984,5405,0,0,0,0,0
540,390,541.0084155995006,99909,272,146,68,21,16898,8425,0.2534606491907636,125,57,26121,21488,6992,3003,16421,25284,34489,21171,0,0,32774,5374,4842,1095,907,48,0,0,0,0,44485,4943,5441,0,0,0,0,0
541,390,542.4600588017491,99909,246,129,68,21,16931,8441,0.2539510954969022,141,60,26060,21497,6981,3011,16503,25281,34636,21341,0,0,32484,5379,4902,1100,918,49,0,0,0,0,44701,4906,5470,0,0,0,0,0
542,390,543.1860296938138,99909,239,125,68,21,16959,8450,0.25432143250357825,138,60,25956,21440,6969,2998,16629,25355,34782,21510,0,0,32218,5362,4955,1099,926,50,0,0,0,0,44927,4876,5496,0,0,0,0,0
543,390,544.6466395657039,99909,220,117,68,21,16998,8468,0.2548919516760252,142,57,25907,21435,6950,2993,16712,25376,34927,21678,0,0,31946,5352,5030,1094,945,50,0,0,0,0,45129,4850,5513,0,0,0,0,0
544,390,545.3771450322441,99909,222,112,68,21,17021,8474,0.25518221581639294,137,60,25838,21361,6913,2990,16821,25455,35070,21845,0,0,31686,5334,5070,1095,952,50,0,0,0,0,45365,4817,5540,0,0,0,0,0
545,390,546.1105078716703,99909,216,101,68,21,17039,8480,0.2554224344153179,142,59,25756,21286,6878,2982,16939,25550,35212,22011,0,0,31437,5311,5119,1092,964,51,0,0,0,0,45583,4785,5567,0,0,0,0,0
546,390,547.583625594551,99909,226,102,68,21,17092,8505,0.2562031448618243,118,49,25730,21276,6849,2981,17008,25570,35352,22176,0,0,31173,5307,5175,1088,978,51,0,0,0,0,45790,4752,5595,0,0,0,0,0
547,390,548.319977042165,99909,221,99,68,21,17110,8514,0.25647339078561493,118,51,25656,21225,6815,2962,17121,25641,35491,22340,0,0,30946,5277,5232,1083,989,51,0,0,0,0,45988,4711,5632,0,0,0,0,0
548,390,549.0585957545952,99909,216,96,68,21,17128,8523,0.25674363670940553,118,49,25568,21159,6786,2953,17243,25721,35629,22503,0,0,30693,5256,5281,1081,995,52,0,0,0,0,46211,4687,5653,0,0,0,0,0
549,390,550.5428079716711,99909,223,95,68,21,17176,8541,0.2574042378564494,105,43,25535,21189,6761,2940,17307,25711,35765,22665,0,0,30442,5245,5338,1082,1001,54,0,0,0,0,46412,4651,5684,0,0,0,0,0
550,390,551.2848081178686,99909,212,92,68,21,17196,8549,0.25768449288852857,99,40,25460,21140,6744,2934,17416,25772,35900,22826,0,0,30204,5219,5395,1082,1007,55,0,0,0,0,46617,4618,5712,0,0,0,0,0
551,390,552.0292365911847,99909,203,91,68,21,17210,8556,0.25789468416258793,102,37,25388,21096,6716,2914,17522,25840,36034,22986,0,0,29969,5194,5443,1078,1018,56,0,0,0,0,46829,4589,5733,0,0,0,0,0
552,390,553.5249769640013,99909,201,87,68,21,17241,8571,0.2583551031438609,99,40,25387,21106,6667,2906,17577,25839,36166,23145,0,0,29740,5176,5496,1077,1030,57,0,0,0,0,47018,4547,5768,0,0,0,0,0
553,390,554.2719984626269,99909,185,81,68,21,17261,8580,0.25864536728422866,96,39,25321,21066,6640,2902,17689,25890,36297,23303,0,0,29513,5150,5557,1075,1046,57,0,0,0,0,47208,4513,5790,0,0,0,0,0
554,390,555.0210355891579,99909,186,87,68,21,17278,8595,0.25896565874946204,97,28,25240,21021,6616,2889,17792,25953,36427,23459,0,0,29283,5119,5605,1071,1055,57,0,0,0,0,47418,4492,5809,0,0,0,0,0
555,390,556.5257855155539,99908,201,85,69,21,17324,8608,0.2595587940905633,72,29,25216,21020,6589,2877,17852,25967,36555,23614,0,0,29051,5098,5659,1073,1060,57,0,0,0,0,47611,4459,5840,0,0,0,0,0
556,390,557.27765811795,99908,186,87,69,21,17336,8616,0.2597589782599992,71,34,25162,20975,6564,2863,17947,26019,36682,23768,0,0,28836,5070,5706,1064,1077,57,0,0,0,0,47802,4429,5867,0,0,0,0,0
557,390,558.0320039493947,99907,178,87,70,21,17348,8622,0.25994174582361596,72,35,25087,20940,6543,2845,18049,26071,36808,23921,0,0,28612,5047,5747,1056,1089,57,0,0,0,0,48005,4403,5891,0,0,0,0,0
558,390,559.5464644208564,99906,165,83,71,21,17379,8643,0.26046483694672995,69,26,25056,20974,6510,2843,18128,26052,36933,24073,0,0,28389,5032,5799,1055,1107,60,0,0,0,0,48181,4365,5918,0,0,0,0,0
559,390,560.3037357311126,99906,156,81,71,21,17398,8647,0.26069505335014914,62,32,24997,20926,6492,2826,18221,26113,37056,24224,0,0,28175,5002,5857,1052,1114,61,0,0,0,0,48366,4339,5940,0,0,0,0,0
560,390,561.0632199654589,99906,144,82,71,21,17406,8655,0.26085520389165817,66,31,24942,20892,6467,2810,18309,26163,37178,24374,0,0,27959,4986,5895,1044,1125,61,0,0,0,0,48559,4307,5970,0,0,0,0,0
561,390,562.5877610917006,99906,124,73,71,21,17423,8669,0.2611654955658319,67,27,24960,20924,6432,2810,18345,26144,37299,24522,0,0,27734,4972,5958,1044,1132,61,0,0,0,0,48731,4277,5997,0,0,0,0,0
562,390,563.3492594506629,99906,121,66,71,21,17437,8672,0.2613356555161852,66,28,24891,20880,6406,2792,18444,26212,37419,24669,0,0,27532,4943,6011,1036,1143,61,0,0,0,0,48909,4249,6022,0,0,0,0,0
563,390,564.1120597088469,99906,112,59,71,21,17445,8677,0.2614657778311613,71,25,24821,20856,6384,2776,18540,26262,37537,24815,0,0,27333,4918,6060,1028,1154,62,0,0,0,0,49083,4218,6050,0,0,0,0,0
564,390,565.644249545796,99906,116,45,71,21,17469,8684,0.261776069505335,72,23,24798,20900,6339,2770,18603,26240,37654,24960,0,0,27116,4902,6110,1027,1160,62,0,0,0,0,49265,4189,6075,0,0,0,0,0
565,390,566.4099096195307,99906,116,41,71,21,17480,8687,0.26191620122915543,68,25,24741,20864,6302,2747,18701,26301,37770,25104,0,0,26910,4874,6150,1025,1166,62,0,0,0,0,49457,4165,6097,0,0,0,0,0
566,390,567.1778569235494,99906,107,43,71,21,17490,8695,0.26209637058835306,65,21,24705,20817,6262,2741,18789,26356,37885,25246,0,0,26701,4851,6188,1023,1174,62,0,0,0,0,49647,4142,6118,0,0,0,0,0
567,390,568.718599731564,99905,112,40,71,22,17515,8703,0.26242930784245033,55,21,24729,20884,6219,2721,18813,26311,37999,25387,0,0,26503,4830,6233,1021,1181,62,0,0,0,0,49819,4107,6149,0,0,0,0,0
568,390,569.4877463184994,99905,101,46,71,22,17526,8712,0.26262949802312197,61,17,24670,20859,6196,2706,18900,26349,38111,25527,0,0,26293,4823,6261,1017,1188,62,0,0,0,0,50007,4076,6178,0,0,0,0,0
569,390,570.2580153790409,99905,101,46,71,22,17527,8713,0.2626495170411891,61,16,24571,20768,6162,2695,19033,26452,38222,25666,0,0,26112,4797,6289,1009,1195,63,0,0,0,0,50186,4042,6212,0,0,0,0,0
570,390,571.2065018544278,99905,96,41,71,22,17539,8717,0.26280966918572646,59,13,24563,20789,6131,2683,19079,26451,38332,25804,0,0,25920,4772,6336,1001,1207,63,0,0,0,0,50356,4019,6231,0,0,0,0,0
571,390,572.1913168290862,99905,101,39,71,22,17558,8718,0.2630098593663981,46,17,24556,20810,6094,2664,19131,26447,38441,25941,0,0,25729,4751,6369,996,1214,63,0,0,0,0,50533,3989,6261,0,0,0,0,0
572,390,573.0390038823326,99905,102,39,71,22,17563,8721,0.2630899354386667,42,14,24486,20756,6061,2653,19237,26515,38549,26076,0,0,25535,4730,6395,993,1218,64,0,0,0,0,50722,3965,6283,0,0,0,0,0
573,390,574.1431143508252,99905,94,35,71,22,17575,8723,0.26323006856513687,37,19,24485,20768,6036,2638,19276,26517,38656,26210,0,0,25350,4711,6433,984,1231,65,0,0,0,0,50887,3937,6307,0,0,0,0,0
574,390,575.0519202229428,99905,91,35,71,22,17587,8729,0.26341023972774136,34,20,24481,20773,6001,2622,19321,26527,38762,26343,0,0,25159,4689,6473,979,1238,66,0,0,0,0,51060,3917,6324,0,0,0,0,0
575,390,576.0794026431925,99905,89,38,71,22,17591,8735,0.2635103348180772,36,17,24429,20734,5960,2608,19414,26580,38867,26475,0,0,24991,4656,6509,976,1243,67,0,0,0,0,51222,3885,6356,0,0,0,0,0
576,390,577.0684148833511,99905,85,36,71,22,17596,8738,0.26359041089034585,38,16,24396,20736,5932,2585,19477,26604,38971,26606,0,0,24815,4632,6544,970,1251,67,0,0,0,0,51386,3856,6384,0,0,0,0,0
577,390,578.1924577468329,99905,84,33,71,22,17606,8741,0.2637205345077824,37,18,24412,20786,5886,2564,19509,26576,39073,26735,0,0,24647,4601,6589,967,1256,67,0,0,0,0,51539,3827,6412,0,0,0,0,0
578,390,579.0955477949693,99905,82,37,71,22,17609,8745,0.2637906010710175,37,15,24351,20742,5860,2547,19598,26636,39174,26863,0,0,24470,4586,6607,960,1263,69,0,0,0,0,51713,3799,6438,0,0,0,0,0
579,390,580.1809928412476,99905,74,39,71,22,17618,8750,0.26393073419748764,38,15,24336,20768,5827,2535,19653,26620,39274,26990,0,0,24294,4568,6638,958,1268,70,0,0,0,0,51873,3769,6467,0,0,0,0,0
580,390,581.0983030251591,99905,75,33,71,22,17630,8754,0.26409088634202493,31,15,24306,20779,5796,2530,19720,26620,39373,27116,0,0,24118,4541,6681,951,1277,70,0,0,0,0,52031,3753,6483,0,0,0,0,0
581,390,582.2237416037215,99905,68,32,71,22,17635,8758,0.2641809719233272,34,15,24271,20784,5771,2518,19784,26628,39471,27241,0,0,23946,4520,6716,946,1282,71,0,0,0,0,52188,3728,6508,0,0,0,0,0
582,390,583.0174318844954,99905,77,26,71,22,17648,8761,0.2643411240678645,30,13,24242,20820,5732,2502,19847,26616,39568,27365,0,0,23784,4493,6749,940,1294,71,0,0,0,0,52343,3702,6529,0,0,0,0,0
583,390,584.4701642107169,99905,70,31,71,22,17658,8767,0.26450127621240177,24,14,24223,20847,5708,2485,19903,26600,39664,27488,0,0,23612,4475,6780,939,1298,71,0,0,0,0,52500,3674,6556,0,0,0,0,0
584,390,585.7134695186624,99905,69,28,71,22,17669,8769,0.26463139982983835,22,17,24222,20882,5670,2466,19945,26584,39759,27609,0,0,23443,4448,6824,933,1303,72,0,0,0,0,52652,3661,6569,0,0,0,0,0
585,390,586.1748667952265,99905,68,26,71,22,17676,8771,0.2647214854111406,20,18,24189,20882,5641,2461,20010,26590,39853,27729,0,0,23283,4431,6848,927,1311,73,0,0,0,0,52803,3631,6598,0,0,0,0,0
586,390,587.1038367768177,99905,65,27,71,22,17683,8774,0.2648215805014764,15,19,24198,20895,5599,2446,20051,26590,39946,27848,0,0,23126,4399,6891,926,1311,74,0,0,0,0,52949,3609,6620,0,0,0,0,0
587,390,588.0177665810107,99905,64,27,71,22,17684,8775,0.26484159951954356,16,18,24115,20842,5576,2435,20157,26655,40038,27966,0,0,22969,4369,6924,920,1317,74,0,0,0,0,53103,3592,6637,0,0,0,0,0
588,390,589.3326804114248,99905,58,30,71,22,17691,8783,0.2649917421550473,14,12,24105,20892,5554,2411,20197,26632,40129,28083,0,0,22814,4349,6955,912,1329,74,0,0,0,0,53244,3567,6661,0,0,0,0,0
589,390,590.0376135841451,99905,58,33,71,22,17694,8786,0.26505179920924876,16,10,24073,20886,5522,2392,20259,26656,40219,28199,0,0,22659,4326,6981,909,1331,75,0,0,0,0,53396,3543,6685,0,0,0,0,0
590,390,591.0970109633186,99905,54,34,71,22,17698,8789,0.26512186577248387,16,11,24065,20906,5486,2376,20307,26650,40309,28314,0,0,22506,4310,7003,903,1340,75,0,0,0,0,53542,3513,6713,0,0,0,0,0
591,390,592.0111360907108,99905,51,31,71,22,17702,8791,0.26518192282668535,19,12,24081,20950,5446,2367,20331,26617,40398,28427,0,0,22351,4288,7034,900,1345,75,0,0,0,0,53688,3490,6734,0,0,0,0,0
592,390,593.1259012874341,99905,49,28,71,22,17704,8794,0.26523197037185325,22,9,24067,20971,5419,2353,20371,26616,40486,28539,0,0,22194,4274,7057,895,1351,75,0,0,0,0,53836,3466,6757,0,0,0,0,0
593,390,594.1713960049543,99905,53,28,71,22,17717,8798,0.2654021320254242,15,7,24111,21052,5383,2333,20366,26557,40573,28650,0,0,22044,4248,7089,894,1357,75,0,0,0,0,53978,3445,6775,0,0,0,0,0
594,390,595.2016845801713,99905,52,29,71,22,17718,8799,0.2654221510434913,15,6,24060,21028,5354,2326,20447,26588,40659,28760,0,0,21902,4225,7111,884,1369,75,0,0,0,0,54120,3424,6795,0,0,0,0,0
595,390,596.2082911923908,99905,55,27,71,22,17725,8799,0.26549221760672637,16,6,24065,21059,5320,2311,20472,26574,40744,28869,0,0,21756,4199,7141,879,1375,75,0,0,0,0,54261,3407,6812,0,0,0,0,0
596,390,597.0775667468548,99905,57,25,71,22,17729,8799,0.2655322556428607,13,7,24056,21066,5283,2298,20519,26581,40828,28977,0,0,21623,4173,7170,872,1383,75,0,0,0,0,54391,3381,6837,0,0,0,0,0
597,390,598.007900894501,99905,52,26,71,22,17732,8801,0.2655823031880286,17,7,24065,21099,5249,2282,20545,26563,40911,29084,0,0,21484,4151,7200,868,1388,75,0,0,0,0,54522,3356,6861,0,0,0,0,0
598,390,599.0846806041931,99905,46,22,71,22,17735,8801,0.2656123317151294,19,8,24136,21192,5196,2263,20531,26492,40993,29190,0,0,21349,4131,7229,856,1402,76,0,0,0,0,54648,3335,6879,0,0,0,0,0
599,390,600.3633035793611,99905,40,19,71,22,17741,8803,0.26569240778739805,23,6,24136,21236,5173,2255,20556,26461,41074,29295,0,0,21195,4118,7252,853,1409,76,0,0,0,0,54790,3318,6894,0,0,0,0,0
600,390,601.1521647488328,99905,41,18,71,22,17742,8803,0.2657024172964316,22,6,24054,21163,5155,2253,20656,26537,41155,29399,0,0,21053,4094,7277,847,1415,76,0,0,0,0,54931,3305,6907,0,0,0,0,0
601,390,602.0504219324481,99905,39,15,71,22,17747,8805,0.2657724838596667,20,7,24034,21184,5133,2239,20702,26532,41235,29502,0,0,20920,4070,7311,846,1418,76,0,0,0,0,55054,3280,6930,0,0,0,0,0
602,390,603.0863809993281,99905,35,14,71,22,17753,8807,0.26585255993193535,16,6,24079,21235,5096,2224,20702,26498,41314,29604,0,0,20777,4056,7336,845,1420,77,0,0,0,0,55186,3258,6950,0,0,0,0,0
603,390,604.1568642899255,99905,36,14,71,22,17758,8809,0.2659226264951704,13,4,24065,21266,5074,2208,20740,26485,41392,29705,0,0,20642,4033,7364,842,1423,77,0,0,0,0,55316,3239,6969,0,0,0,0,0
604,390,605.2875706230105,99905,32,13,71,22,17759,8810,0.2659426455132376,15,4,24053,21259,5049,2198,20779,26503,41469,29804,0,0,20510,4015,7387,838,1428,77,0,0,0,0,55442,3217,6991,0,0,0,0,0
605,390,606.1115171964756,99905,34,10,71,22,17762,8810,0.2659726740403383,13,6,24034,21267,5018,2189,20829,26505,41546,29902,0,0,20386,3995,7411,832,1432,79,0,0,0,0,55562,3194,7014,0,0,0,0,0
606,390,607.1428482568607,99905,30,10,71,22,17766,8813,0.2660427406035734,12,6,24042,21284,4993,2178,20851,26499,41622,29999,0,0,20261,3976,7440,827,1436,80,0,0,0,0,55677,3170,7038,0,0,0,0,0
607,390,608.1109278457094,99905,33,10,71,22,17771,8814,0.2661027976577749,8,6,24043,21298,4966,2167,20878,26496,41697,30095,0,0,20123,3959,7459,825,1439,80,0,0,0,0,55813,3156,7051,0,0,0,0,0
608,390,609.5543340675493,99905,27,11,71,22,17772,8817,0.26614283569390923,12,5,24093,21372,4928,2154,20868,26435,41771,30190,0,0,19999,3943,7483,820,1444,81,0,0,0,0,55929,3133,7073,0,0,0,0,0
609,390,610.1203689445067,99905,24,11,71,22,17772,8820,0.26617286422100994,13,2,24075,21362,4903,2144,20913,26458,41844,30284,0,0,19876,3921,7509,813,1452,81,0,0,0,0,56047,3118,7088,0,0,0,0,0
610,390,611.061147959564,99905,26,11,71,22,17775,8821,0.2662129022571443,13,2,24082,21403,4871,2130,20936,26431,41917,30377,0,0,19760,3896,7536,808,1457,81,0,0,0,0,56161,3098,7108,0,0,0,0,0
611,390,612.1362473833493,99905,29,10,71,22,17779,8821,0.2662529402932786,11,2,24105,21422,4826,2117,20957,26426,41989,30470,0,0,19631,3880,7553,803,1463,81,0,0,0,0,56289,3083,7122,0,0,0,0,0
612,390,613.2929106824025,99905,30,7,71,22,17784,8821,0.2663029878384465,10,4,24141,21475,4794,2109,20953,26382,42060,30562,0,0,19504,3870,7570,799,1467,81,0,0,0,0,56409,3061,7144,0,0,0,0,0
613,390,614.204862994646,99905,30,5,71,22,17787,8823,0.26635303538361443,9,3,24167,21507,4757,2095,20965,26367,42130,30653,0,0,19390,3852,7592,794,1474,81,0,0,0,0,56518,3037,7167,0,0,0,0,0
614,390,615.1962800169954,99905,30,5,71,22,17788,8823,0.266363044892648,9,4,24171,21537,4721,2083,20997,26348,42200,30743,0,0,19279,3824,7621,788,1480,81,0,0,0,0,56628,3022,7182,0,0,0,0,0
615,390,616.2373599982344,99905,24,6,71,22,17791,8824,0.26640308292878234,8,5,24207,21621,4698,2069,20991,26276,42269,30832,0,0,19156,3813,7639,784,1484,82,0,0,0,0,56744,3002,7201,0,0,0,0,0
616,390,617.0130102399125,99905,23,4,71,22,17791,8824,0.26640308292878234,8,5,24145,21576,4687,2060,21065,26332,42337,30920,0,0,19041,3792,7663,779,1489,82,0,0,0,0,56856,2987,7216,0,0,0,0,0
617,390,618.0345188420938,99905,21,5,71,22,17793,8825,0.2664331114558831,11,5,24186,21655,4649,2044,21061,26268,42405,31007,0,0,18935,3769,7688,774,1495,82,0,0,0,0,56959,2966,7237,0,0,0,0,0
618,390,619.0124760683111,99905,19,7,71,22,17793,8827,0.26645313047395025,12,3,24174,21664,4623,2034,21100,26269,42472,31093,0,0,18819,3754,7705,769,1500,82,0,0,0,0,57073,2949,7254,0,0,0,0,0
619,390,620.0066147375385,99905,20,7,71,22,17797,8829,0.26651318752815173,12,4,24168,21695,4602,2019,21126,26252,42538,31178,0,0,18700,3737,7727,765,1504,82,0,0,0,0,57187,2938,7265,0,0,0,0,0
620,390,621.7435111114698,99905,21,6,71,22,17801,8829,0.26655322556428607,8,5,24241,21838,4567,1988,21091,26140,42604,31262,0,0,18595,3711,7757,764,1505,82,0,0,0,0,57288,2920,7283,0,0,0,0,0
621,390,622.5705559880803,99905,17,6,71,22,17802,8829,0.26656323507331964,8,6,24260,21885,4539,1973,21104,26107,42669,31345,0,0,18481,3696,7777,762,1507,82,0,0,0,0,57397,2903,7300,0,0,0,0,0
622,390,623.0734951182765,99905,16,7,71,22,17802,8830,0.2665732445823532,8,7,24248,21869,4521,1964,21135,26130,42733,31427,0,0,18374,3675,7797,760,1510,82,0,0,0,0,57504,2887,7316,0,0,0,0,0
623,390,624.1150109551645,99905,16,7,71,22,17804,8831,0.266603273109454,6,6,24263,21921,4494,1950,21149,26093,42797,31508,0,0,18262,3657,7818,759,1510,83,0,0,0,0,57613,2874,7329,0,0,0,0,0
624,390,625.1131187263574,99905,15,8,71,22,17806,8833,0.2666433111455883,4,4,24317,22019,4466,1935,21126,26011,42860,31589,0,0,18160,3634,7845,757,1512,83,0,0,0,0,57711,2857,7346,0,0,0,0,0
625,390,626.0051189803108,99905,17,7,71,22,17808,8835,0.26668334918172265,2,2,24277,21990,4449,1927,21183,26051,42922,31669,0,0,18056,3621,7860,756,1514,83,0,0,0,0,57813,2833,7369,0,0,0,0,0
626,390,627.7274126498843,99905,14,7,71,22,17810,8837,0.266723387217857,0,1,24364,22080,4406,1918,21144,25971,42984,31748,0,0,17952,3607,7877,754,1518,83,0,0,0,0,57912,2812,7390,0,0,0,0,0
627,390,628.1553089723839,99905,12,6,71,22,17810,8837,0.266723387217857,1,1,24353,22052,4393,1913,21169,26005,43045,31826,0,0,17849,3591,7894,751,1523,83,0,0,0,0,58014,2795,7405,0,0,0,0,0
628,390,629.4878368402847,99905,10,6,71,22,17810,8837,0.266723387217857,2,3,24467,22185,4357,1897,21092,25886,43105,31903,0,0,17736,3575,7911,748,1525,84,0,0,0,0,58126,2790,7410,0,0,0,0,0
629,390,630.2677913004069,99905,10,6,71,22,17811,8837,0.26673339672689056,26,28,24407,22139,4338,1886,21147,25918,43165,31979,0,0,17636,3558,7928,743,1530,84,1,0,0,0,58225,2775,7425,0,0,0,0,0
630,390,631.0718693757701,99905,13,12,71,22,17816,8843,0.26684350132625995,29,24,24435,22171,4314,1875,21137,25895,43224,32054,0,0,17533,3542,7944,740,1532,85,1,0,0,2,58326,2764,7436,0,0,0,0,0
631,390,632.0058864557946,99905,15,12,71,22,17822,8845,0.2669235773985286,27,23,24432,22200,4298,1863,21156,25879,43283,32129,0,0,17434,3524,7962,735,1537,85,3,0,0,6,58419,2750,7450,0,0,0,0,0
632,390,633.0864617967244,99905,22,16,71,22,17833,8852,0.26710374856113306,17,16,24426,22210,4283,1857,21180,25878,43341,32203,0,0,17332,3512,7972,731,1543,85,3,0,0,11,58516,2736,7464,0,0,0,0,0
633,390,634.0654329672956,99905,26,23,71,22,17838,8859,0.26722386266953607,17,13,24455,22250,4257,1842,21173,25849,43398,32276,0,0,17242,3491,7993,728,1545,86,3,0,0,12,58605,2721,7479,0,0,0,0,0
634,390,635.1741361881517,99905,26,16,71,22,17842,8860,0.267273910214704,20,13,24496,22304,4233,1838,21153,25806,43455,32348,0,0,17160,3469,8013,722,1553,86,3,0,0,22,58677,2702,7498,0,0,0,0,0
635,390,636.0312781429727,99905,26,15,71,22,17847,8860,0.2673239577598719,17,15,24497,22322,4219,1831,21169,25794,43511,32420,0,0,17068,3449,8032,720,1558,86,5,0,0,23,58766,2686,7512,0,0,0,0,0
636,390,637.0528102254273,99905,26,16,71,22,17853,8866,0.26744407186827485,18,11,24508,22376,4205,1824,21171,25750,43567,32491,0,0,16973,3429,8051,717,1561,87,8,0,0,30,58851,2675,7523,0,0,0,0,0
637,390,638.0521976760147,99905,33,21,71,22,17864,8871,0.2676042240128122,18,16,24531,22411,4182,1806,21164,25723,43622,32561,0,0,16890,3408,8071,714,1563,89,8,0,0,32,58932,2658,7540,0,0,0,0,0
638,390,639.0522246777728,99905,33,27,71,22,17871,8879,0.2677543666483159,22,13,24581,22471,4159,1795,21133,25671,43677,32630,0,0,16805,3383,8095,712,1567,89,9,0,0,38,59010,2645,7552,0,0,0,0,0
639,390,640.1671325249193,99905,31,29,71,22,17878,8883,0.2678644712476853,25,17,24640,22534,4142,1786,21090,25611,43731,32698,0,0,16707,3369,8109,710,1569,89,12,0,0,46,59097,2634,7563,0,0,0,0,0
640,390,641.0355202378244,99905,32,28,71,22,17882,8887,0.26794454731995393,28,17,24656,22570,4122,1783,21090,25579,43784,32766,0,0,16612,3358,8118,711,1572,89,14,0,0,48,59188,2616,7579,0,0,0,0,0
641,390,642.0947359990223,99905,35,30,71,22,17889,8891,0.2680546519193234,26,15,24694,22607,4101,1775,21072,25550,43837,32833,0,0,16527,3343,8132,707,1575,92,14,0,0,51,59270,2602,7592,0,0,0,0,0
642,390,643.1622010446752,99905,34,29,71,22,17896,8893,0.2681447375006256,29,20,24715,22645,4079,1767,21071,25516,43889,32899,0,0,16440,3327,8147,703,1578,94,18,0,0,57,59347,2590,7604,0,0,0,0,0
643,390,644.0993968388452,99905,38,26,71,22,17902,8894,0.26821480406386067,34,22,24753,22688,4051,1763,21052,25478,43941,32965,0,0,16339,3316,8158,700,1583,94,20,0,0,59,59444,2585,7607,0,0,0,0,0
644,390,645.2525098907051,99905,41,26,71,22,17915,8901,0.2684149942445323,33,20,24784,22753,4035,1754,21035,25424,43992,33030,0,0,16251,3299,8173,701,1587,94,21,0,0,69,59521,2571,7618,0,0,0,0,0
645,390,646.2300280650917,99905,44,30,71,22,17924,8908,0.2685751463890696,32,19,24834,22797,4003,1745,21015,25386,44043,33094,0,0,16161,3284,8187,699,1592,94,23,0,0,73,59605,2561,7626,0,0,0,0,0
646,390,647.2136179814893,99905,44,35,71,22,17930,8913,0.26868525098843904,39,19,24863,22869,3973,1732,21009,25322,44093,33157,0,0,16079,3266,8204,695,1599,94,24,0,0,75,59684,2551,7634,0,0,0,0,0
647,390,648.2875696301405,99905,43,36,71,22,17934,8917,0.26876532706070766,53,17,24868,22887,3965,1726,20999,25311,44143,33220,0,0,15986,3253,8217,690,1605,94,29,0,0,77,59770,2544,7640,0,0,0,0,0
648,390,649.2620278518332,99905,48,29,71,22,17950,8919,0.26894549822331215,51,23,24909,22957,3940,1721,20980,25247,44192,33282,0,0,15895,3240,8228,686,1610,97,35,0,0,85,59847,2536,7646,0,0,0,0,0
649,390,650.0257317019889,99905,57,29,71,22,17963,8923,0.269115659876883,50,23,24915,22985,3927,1715,20979,25225,44241,33343,0,0,15814,3223,8244,685,1613,97,35,0,0,91,59922,2525,7656,0,0,0,0,0
650,390,651.1705897997571,99905,65,28,71,22,17981,8929,0.269355888093689,44,25,24966,23050,3910,1712,20943,25162,44289,33404,0,0,15735,3205,8258,684,1619,98,38,0,0,99,59990,2512,7667,0,0,0,0,0
651,390,652.3133042414487,99905,68,33,71,22,17993,8938,0.26956608778339425,51,25,25003,23129,3889,1701,20917,25089,44337,33464,0,0,15657,3191,8271,681,1625,98,41,0,0,106,60058,2496,7681,0,0,0,0,0
652,390,653.0740348904218,99905,67,35,71,22,17997,8942,0.26964616385566287,64,28,25016,23147,3871,1697,20910,25070,44384,33523,0,0,15585,3171,8289,682,1626,98,41,0,0,111,60125,2481,7696,0,0,0,0,0
653,390,654.2141771466264,99905,68,36,71,22,18012,8951,0.26988639207246884,70,28,25058,23188,3866,1693,20866,25032,44431,33582,0,0,15501,3151,8307,683,1629,98,46,0,0,124,60191,2473,7702,0,0,0,0,0
654,390,655.3521802568189,99905,81,34,71,22,18033,8956,0.27014663930734195,67,29,25107,23254,3845,1688,20828,24972,44477,33640,0,0,15424,3134,8322,680,1636,98,50,0,0,131,60257,2462,7711,0,0,0,0,0
655,390,656.1095701108,99905,83,36,71,22,18043,8959,0.27027676292477854,71,27,25111,23273,3830,1684,20833,24957,44523,33697,0,0,15351,3125,8330,678,1640,99,50,0,0,137,60324,2444,7727,0,0,0,0,0
656,390,657.2451577965275,99905,88,40,71,22,18059,8969,0.27053701015965165,79,28,25123,23336,3819,1682,20819,24891,44569,33754,0,0,15277,3113,8342,673,1645,99,54,0,0,149,60382,2427,7744,0,0,0,0,0
657,390,658.0017625313219,99905,93,37,71,22,18074,8971,0.27070717181322257,82,32,25115,23353,3816,1680,20822,24875,44614,33810,0,0,15193,3098,8356,671,1648,99,60,0,0,156,60453,2420,7751,0,0,0,0,0
658,390,659.1367509834344,99905,99,44,71,22,18097,8982,0.27104749512036436,75,34,25160,23406,3807,1672,20787,24821,44659,33866,0,0,15115,3077,8374,672,1652,100,66,0,0,165,60516,2412,7756,0,0,0,0,0
659,390,660.2698098284101,99905,100,48,71,22,18117,8991,0.27133777088233824,83,32,25190,23455,3804,1674,20751,24768,44703,33921,0,0,15035,3064,8386,668,1658,101,73,0,0,178,60576,2403,7763,0,0,0,0,0
660,390,661.0244104865711,99905,107,48,71,22,18135,8996,0.2715679895901106,76,36,25199,23487,3797,1670,20749,24736,44747,33975,0,0,14957,3048,8400,669,1662,101,76,0,0,186,60643,2395,7768,0,0,0,0,0
661,390,662.1555127995939,99905,113,49,71,22,18154,9007,0.2718682748611181,77,36,25238,23529,3786,1675,20714,24688,44790,34029,0,0,14876,3041,8403,668,1671,101,77,0,0,200,60709,2386,7773,0,0,0,0,0
662,390,663.2846804600853,99905,119,53,71,22,18175,9020,0.2722085981682599,78,41,25291,23579,3772,1679,20668,24625,44833,34082,0,0,14798,3028,8413,668,1677,101,81,0,0,214,60769,2377,7779,0,0,0,0,0
663,390,664.0361421376737,99905,119,55,71,22,18187,9025,0.27237875982183074,83,45,25301,23585,3766,1673,20659,24619,44876,34135,0,0,14718,3019,8422,666,1681,101,85,0,0,223,60836,2368,7786,0,0,0,0,0
664,390,665.1623304110724,99905,129,55,71,22,18216,9032,0.27273910214703967,92,49,25339,23641,3763,1669,20605,24563,44918,34187,0,0,14641,3003,8436,665,1688,101,93,0,0,235,60893,2360,7790,0,0,0,0,0
665,390,666.2866793085733,99905,136,60,71,22,18247,9047,0.27319953956258447,82,49,25373,23705,3755,1668,20582,24495,44960,34238,0,0,14573,2983,8454,666,1690,102,101,0,0,257,60931,2347,7801,0,0,0,0,0
666,390,667.0352769473566,99905,141,63,71,22,18264,9053,0.2734297582703568,81,56,25400,23732,3741,1667,20565,24459,45001,34289,0,0,14503,2967,8469,663,1694,102,104,0,0,267,60988,2340,7808,0,0,0,0,0
667,390,668.1568416206312,99905,135,72,71,22,18282,9072,0.27380011010459937,94,47,25431,23796,3739,1664,20529,24398,45042,34339,0,0,14431,2955,8478,665,1698,102,110,0,0,289,61032,2325,7820,0,0,0,0,0
668,390,669.2768364240569,99905,144,69,71,22,18308,9083,0.2741704619388419,99,56,25449,23818,3741,1667,20495,24367,45083,34389,0,0,14361,2939,8490,665,1703,103,114,0,0,310,61077,2317,7826,0,0,0,0,0
669,390,670.0228680204091,99905,154,74,71,22,18334,9095,0.274550823282118,102,56,25442,23836,3736,1665,20494,24346,45123,34438,0,0,14294,2922,8506,665,1706,103,116,0,0,328,61124,2310,7831,0,0,0,0,0
670,390,671.1419494361575,99905,158,83,71,22,18364,9114,0.2750412892247635,108,53,25461,23892,3743,1669,20458,24280,45163,34487,0,0,14219,2909,8518,665,1710,103,121,0,0,355,61167,2304,7834,0,0,0,0,0
671,390,672.2601271436519,99905,159,81,71,22,18392,9130,0.2754817076222411,126,50,25464,23946,3746,1682,20433,24218,45202,34535,0,0,14145,2897,8526,664,1719,103,128,0,0,385,61204,2297,7837,0,0,0,0,0
672,390,673.0054296312755,99905,173,86,71,22,18421,9140,0.2758720784745508,132,49,25455,23977,3745,1676,20423,24189,45241,34583,0,0,14074,2883,8538,662,1725,103,132,0,0,397,61259,2293,7839,0,0,0,0,0
673,390,674.1232199613095,99905,171,76,71,22,18449,9148,0.2762324207997598,157,58,25483,24023,3755,1681,20362,24139,45280,34630,0,0,13998,2873,8543,665,1731,103,141,0,0,427,61296,2281,7847,0,0,0,0,0
674,390,675.2394568380935,99905,190,81,71,22,18494,9161,0.2768129723237075,151,67,25509,24084,3753,1674,20325,24071,45318,34677,0,0,13933,2856,8556,668,1734,103,151,0,0,445,61333,2265,7861,0,0,0,0,0
675,390,676.354301840742,99905,184,91,71,22,18524,9184,0.27734347630248735,159,63,25540,24146,3756,1673,20289,24004,45356,34723,0,0,13860,2842,8566,666,1744,104,162,0,0,471,61369,2257,7864,0,0,0,0,0
676,390,677.0968295581142,99905,207,99,71,22,18564,9198,0.27788398979030077,151,60,25537,24163,3754,1674,20279,23981,45394,34769,0,0,13792,2829,8576,669,1747,104,165,0,0,485,61420,2248,7870,0,0,0,0,0
677,390,678.210089245036,99905,212,101,71,22,18602,9213,0.2784144937690806,169,79,25559,24218,3761,1676,20227,23903,45431,34814,0,0,13723,2815,8582,667,1762,105,175,0,0,506,61458,2241,7871,0,0,0,0,0
678,390,679.3223859932525,99905,233,103,71,22,18645,9230,0.2790150643110955,171,93,25559,24265,3766,1684,20199,23832,45468,34859,0,0,13657,2806,8587,665,1772,105,178,0,0,532,61495,2233,7875,0,0,0,0,0
679,390,680.0634389608728,99905,233,108,71,22,18675,9242,0.279435463690506,178,93,25548,24287,3781,1685,20188,23804,45504,34903,0,0,13587,2798,8590,670,1777,106,184,0,0,551,61540,2220,7882,0,0,0,0,0
680,390,681.1751558549347,99905,240,122,71,22,18728,9273,0.28027626244932685,201,84,25565,24344,3803,1688,20119,23739,45540,34947,0,0,13509,2786,8592,674,1788,106,200,0,0,582,61571,2209,7888,0,0,0,0,0
681,390,682.2857908057782,99905,250,128,71,22,18775,9303,0.2810469946449127,204,83,25593,24393,3822,1704,20059,23669,45576,34990,0,0,13436,2774,8599,676,1800,106,213,0,0,616,61597,2200,7888,0,0,0,0,0
682,390,683.0255814634468,99905,261,129,71,22,18815,9316,0.2815774986236925,205,88,25586,24406,3832,1712,20044,23642,45611,35033,0,0,13370,2766,8598,674,1816,106,221,0,0,635,61636,2190,7893,0,0,0,0,0
683,390,684.1348360820782,99905,276,146,71,22,18875,9341,0.28242830689154697,204,102,25609,24450,3853,1706,19986,23573,45646,35075,0,0,13303,2756,8603,673,1827,107,233,0,0,664,61662,2179,7898,0,0,0,0,0
684,390,685.2428548238631,99905,291,147,71,22,18938,9365,0.2832991341774686,207,116,25618,24520,3879,1712,19933,23482,45681,35117,0,0,13236,2741,8606,679,1837,108,238,0,0,712,61676,2173,7899,0,0,0,0,0
685,390,686.3501772167283,99905,293,147,71,22,19001,9400,0.28428006606275963,207,110,25623,24585,3913,1732,19892,23403,45715,35158,0,0,13168,2729,8605,682,1855,110,249,0,0,772,61673,2164,7898,0,0,0,0,0
686,390,687.0883154223087,99905,299,138,71,22,19037,9418,0.28482057955057305,214,109,25629,24607,3919,1746,19867,23377,45749,35199,0,0,13110,2717,8611,688,1859,111,253,0,0,813,61686,2149,7908,0,0,0,0,0
687,390,688.1954582475164,99905,313,159,71,22,19103,9457,0.2858715779990991,223,114,25622,24645,3943,1749,19827,23310,45783,35240,0,0,13054,2705,8612,689,1874,111,258,0,0,860,61689,2135,7918,0,0,0,0,0
688,390,689.3022227528835,99905,338,170,71,22,19171,9491,0.2868925479205245,237,115,25636,24687,3956,1766,19761,23239,45816,35280,0,0,12991,2696,8615,687,1890,111,269,0,0,901,61700,2125,7920,0,0,0,0,0
689,390,690.0394246630717,99905,342,164,71,22,19213,9503,0.2874330614083379,252,129,25601,24720,3984,1773,19749,23191,45849,35320,0,0,12927,2685,8619,690,1903,111,276,0,0,934,61724,2117,7919,0,0,0,0,0
690,390,691.1459263573702,99905,368,179,71,22,19287,9538,0.2885240978929983,259,128,25610,24769,4004,1782,19687,23119,45882,35359,0,0,12868,2675,8621,690,1919,111,288,0,0,974,61731,2102,7926,0,0,0,0,0
691,390,692.2514967583523,99905,383,191,71,22,19353,9577,0.28957509634152445,269,135,25641,24806,4028,1801,19607,23044,45915,35398,0,0,12801,2663,8628,691,1934,112,302,0,0,1019,61738,2094,7923,0,0,0,0,0
692,390,693.3554379097255,99905,402,198,71,22,19431,9613,0.2907161803713528,278,143,25648,24844,4057,1821,19543,22971,45947,35436,0,0,12731,2654,8625,699,1946,113,318,0,0,1069,61741,2080,7929,0,0,0,0,0
693,390,694.090955596931,99905,410,191,71,22,19474,9633,0.29134677944046844,287,154,25622,24857,4080,1839,19529,22936,45979,35474,0,0,12660,2645,8629,702,1955,114,329,0,0,1105,61765,2075,7926,0,0,0,0,0
694,390,695.195108064482,99905,440,205,71,22,19557,9666,0.29250788248836396,306,172,25601,24900,4103,1845,19478,22855,46011,35512,0,0,12601,2631,8635,705,1966,116,336,0,0,1150,61771,2067,7927,0,0,0,0,0
695,390,696.299048087715,99905,459,228,71,22,19646,9710,0.29383914718983034,323,174,25602,24935,4153,1854,19391,22786,46042,35549,0,0,12539,2619,8637,703,1987,118,349,0,0,1202,61767,2060,7924,0,0,0,0,0
696,390,697.0347654443525,99905,484,231,71,22,19705,9740,0.2947299934938191,351,171,25589,24963,4161,1876,19343,22736,46073,35586,0,0,12487,2603,8642,704,1998,119,354,0,0,1244,61772,2054,7928,0,0,0,0,0
697,390,698.1382717435266,99905,480,239,71,22,19790,9778,0.2959611631049497,367,182,25599,24998,4224,1895,19258,22663,46104,35622,0,0,12413,2588,8644,708,2019,121,380,0,0,1307,61757,2045,7923,0,0,0,0,0
698,390,699.2414093305526,99905,519,257,71,22,19896,9834,0.29758270356838995,402,190,25567,25011,4258,1923,19182,22596,46135,35658,0,0,12344,2577,8641,707,2034,124,399,0,0,1372,61742,2039,7926,0,0,0,0,0
699,390,700.344309053368,99905,553,276,71,22,20017,9888,0.2993343676492668,398,190,25572,25050,4312,1945,19093,22516,46165,35694,0,0,12270,2564,8644,710,2053,124,424,0,0,1445,61718,2030,7923,0,0,0,0,0
700,390,701.0792818074766,99905,567,282,71,22,20084,9926,0.3003853660977929,420,201,25556,25053,4337,1968,19048,22473,46195,35729,0,0,12210,2553,8647,711,2070,124,437,0,0,1499,61711,2022,7921,0,0,0,0,0
701,390,702.1817307367744,99905,582,295,71,22,20185,9983,0.30196686852509885,458,203,25530,25082,4386,1997,18972,22400,46225,35764,0,0,12141,2542,8647,716,2088,126,456,0,0,1580,61677,2013,7919,0,0,0,0,0
702,390,703.2843926007132,99905,618,299,71,22,20307,10038,0.30373855162404284,490,224,25502,25105,4443,2029,18875,22320,46254,35799,0,0,12068,2534,8646,720,2114,128,475,0,0,1662,61648,2006,7904,0,0,0,0,0
703,390,704.019725600341,99904,637,311,72,22,20397,10083,0.30509288917360666,509,222,25486,25119,4492,2056,18803,22269,46283,35833,0,0,11995,2529,8643,722,2131,129,495,0,0,1722,61638,1998,7902,0,0,0,0,0
704,390,705.1228981518262,99904,687,315,72,22,20549,10133,0.30711483023702757,509,255,25451,25136,4562,2092,18718,22179,46312,35867,0,0,11925,2518,8638,730,2151,132,519,0,0,1809,61595,1983,7904,0,0,0,0,0
705,390,706.2267540394953,99904,722,344,72,22,20689,10204,0.30922685778347214,541,269,25404,25146,4639,2121,18621,22097,46341,35900,0,0,11854,2503,8640,735,2176,132,546,0,0,1893,61552,1972,7901,0,0,0,0,0
706,390,707.331453997603,99904,771,366,72,22,20848,10283,0.3116091447789878,593,276,25365,25170,4714,2168,18484,21997,46369,35933,0,0,11778,2489,8628,746,2202,136,573,0,0,1986,61507,1962,7897,0,0,0,0,0
707,390,708.067987184732,99904,793,390,72,22,20956,10340,0.31326073030108903,609,291,25327,25175,4776,2189,18422,21932,46397,35966,0,0,11712,2473,8629,760,2220,139,593,0,0,2045,61494,1948,7891,0,0,0,0,0
708,390,709.1739067444564,99904,843,390,72,22,21135,10415,0.3158031710442024,617,299,25272,25202,4873,2243,18322,21843,46425,35998,0,0,11641,2461,8620,767,2257,143,621,0,0,2163,61414,1935,7882,0,0,0,0,0
709,390,710.2814554128108,99904,873,398,72,22,21300,10491,0.3182154868673927,634,325,25232,25224,4969,2297,18219,21733,46453,36030,0,0,11562,2451,8612,773,2288,149,660,0,0,2276,61340,1918,7875,0,0,0,0,0
710,390,711.0203803138452,99904,902,426,72,22,21415,10560,0.32005725496476617,647,325,25200,25218,5025,2328,18153,21680,46480,36062,0,0,11501,2441,8607,783,2305,150,675,0,0,2359,61303,1905,7875,0,0,0,0,0
711,390,712.1291264427845,99904,931,443,72,22,21594,10637,0.3226197149263293,676,345,25140,25239,5142,2368,18038,21582,46507,36093,0,0,11436,2427,8591,792,2347,154,698,0,0,2481,61220,1891,7867,0,0,0,0,0
712,390,713.2393961736282,99904,964,496,72,22,21759,10748,0.3253823670723895,705,333,25106,25242,5229,2409,17923,21497,46534,36124,0,0,11357,2419,8585,799,2385,158,730,0,0,2577,61164,1880,7850,0,0,0,0,0
713,390,714.3504611152488,99904,1004,512,72,22,21947,10840,0.3281850576553491,753,365,25024,25252,5340,2465,17806,21383,46561,36155,0,0,11285,2402,8573,808,2422,162,761,0,0,2707,61069,1868,7847,0,0,0,0,0
714,390,715.0922871365257,99904,1043,511,72,22,22102,10904,0.3303771620755926,756,366,24974,25256,5422,2517,17732,21327,46587,36185,0,0,11220,2386,8565,819,2452,164,785,0,0,2815,60999,1857,7842,0,0,0,0,0
715,390,716.2070758407629,99904,1067,538,72,22,22322,11009,0.3336302850736707,776,356,24916,25261,5567,2571,17601,21251,46613,36215,0,0,11151,2366,8551,838,2499,169,812,0,0,2976,60873,1841,7828,0,0,0,0,0
716,390,717.323873688657,99903,1099,528,73,22,22540,11099,0.3367166151166632,785,400,24866,25254,5705,2650,17471,21145,46639,36245,0,0,11072,2353,8529,847,2557,172,849,0,0,3147,60740,1830,7807,0,0,0,0,0
717,390,718.069242898515,99902,1115,553,74,22,22675,11182,0.3389021240816,841,409,24786,25235,5789,2696,17394,21084,46665,36274,0,0,11006,2339,8515,854,2584,175,871,0,0,3258,60670,1824,7806,0,0,0,0,0
718,390,719.1898325076025,99902,1180,576,74,22,22919,11299,0.34251566535204503,852,417,24712,25247,5922,2772,17259,20965,46690,36303,0,0,10921,2327,8500,863,2633,176,914,0,0,3417,60545,1812,7794,0,0,0,0,0
719,390,720.3125814223135,99900,1226,629,76,22,23149,11441,0.3462462462462462,878,416,24639,25244,6047,2843,17133,20845,46715,36332,0,0,10837,2308,8480,880,2681,179,957,0,0,3565,60430,1799,7784,0,0,0,0,0
720,390,721.0622582054025,99900,1259,632,76,22,23312,11521,0.3486786786786787,903,432,24577,25227,6145,2903,17039,20783,46740,36361,0,0,10762,2298,8468,888,2724,183,990,0,0,3672,60358,1788,7769,0,0,0,0,0
721,390,722.1891186722382,99900,1324,637,76,22,23575,11643,0.3525325325325325,923,458,24471,25182,6282,3007,16923,20693,46765,36389,0,0,10672,2284,8454,896,2775,190,1041,0,0,3856,60206,1780,7746,0,0,0,0,0
722,390,723.3194492408901,99900,1344,638,76,22,23834,11767,0.35636636636636637,995,486,24335,25167,6460,3108,16789,20578,46790,36417,0,0,10574,2268,8435,916,2824,199,1094,0,0,4069,60033,1764,7724,0,0,0,0,0
723,390,724.0753089746564,99900,1415,656,76,22,24041,11851,0.3592792792792793,995,515,24257,25135,6542,3161,16714,20510,46814,36445,0,0,10512,2256,8421,924,2861,204,1114,0,0,4186,59952,1755,7715,0,0,0,0,0
724,390,725.2125642524866,99900,1437,694,76,22,24294,11998,0.3632832832832833,1054,538,24158,25113,6710,3254,16564,20378,46838,36472,0,0,10421,2243,8399,940,2923,211,1164,0,0,4374,59797,1740,7688,0,0,0,0,0
725,390,726.3532201966176,99899,1524,700,77,22,24599,12134,0.3677013783921761,1067,561,24061,25094,6849,3357,16421,20265,46862,36499,0,0,10341,2230,8377,956,2978,217,1200,0,0,4588,59614,1727,7671,0,0,0,0,0
726,390,727.1154741882449,99898,1586,730,78,22,24809,12240,0.37086828565136437,1079,563,24001,25089,6946,3407,16309,20188,46886,36526,0,0,10272,2216,8363,966,3022,221,1231,0,0,4710,59523,1715,7659,0,0,0,0,0
727,390,728.2609670187732,99898,1597,785,78,22,25109,12412,0.3755931049670664,1130,568,23887,25053,7151,3503,16156,20068,46910,36553,0,0,10167,2193,8342,982,3094,228,1299,0,0,4925,59329,1704,7635,0,0,0,0,0
728,390,729.0267853598964,99898,1624,810,78,22,25319,12521,0.37878636208933114,1158,568,23787,25040,7295,3571,16057,19988,46933,36579,0,0,10093,2182,8320,992,3151,232,1332,0,0,5072,59215,1694,7615,0,0,0,0,0
729,390,730.1798589892187,99898,1700,842,78,22,25674,12678,0.38391158982161805,1168,586,23657,25010,7495,3666,15901,19873,46956,36605,0,0,10008,2159,8295,1016,3231,236,1377,0,0,5299,59014,1678,7585,0,0,0,0,0
730,390,731.3380908932324,99898,1744,871,78,22,26003,12838,0.38880658271436863,1247,619,23487,24979,7703,3770,15740,19738,46979,36631,0,0,9917,2141,8267,1036,3311,244,1432,0,0,5531,58811,1657,7551,0,0,0,0,0
731,390,732.1135795771876,99898,1767,910,78,22,26235,12952,0.3922701155178282,1258,662,23383,24946,7862,3823,15651,19636,47002,36657,0,0,9846,2128,8244,1048,3370,251,1469,0,0,5684,58685,1641,7532,0,0,0,0,0
732,390,733.2817873356837,99898,1894,952,78,22,26638,13150,0.39828625197701656,1248,660,23228,24935,8050,3940,15501,19490,47025,36682,0,0,9758,2110,8219,1065,3450,259,1518,0,0,5928,58462,1627,7502,0,0,0,0,0
733,390,734.0637520269369,99897,1922,966,79,22,26889,13276,0.4020641260498313,1267,692,23108,24902,8225,4030,15398,19387,47047,36707,0,0,9688,2090,8198,1080,3516,268,1553,0,0,6102,58305,1611,7486,0,0,0,0,0
734,390,735.2426494266203,99897,1987,1004,79,22,27268,13470,0.4078000340350561,1308,731,22967,24880,8446,4149,15212,19213,47069,36732,0,0,9594,2070,8165,1103,3598,278,1608,0,0,6363,58058,1596,7464,0,0,0,0,0
735,390,736.031713658762,99897,2036,1029,79,22,27547,13606,0.4119543129423306,1308,740,22828,24827,8611,4238,15137,19143,47091,36756,0,0,9509,2058,8152,1111,3667,284,1661,0,0,6543,57893,1584,7435,0,0,0,0,0
736,390,737.2222387035457,99896,2100,1087,80,22,27951,13834,0.4182850164170738,1367,726,22635,24785,8852,4386,14965,18993,47113,36780,0,0,9408,2041,8111,1135,3772,290,1725,0,0,6813,57630,1564,7407,0,0,0,0,0
737,390,738.0203805749401,99896,2111,1114,80,22,28208,13970,0.4222191078721871,1421,766,22521,24723,9016,4473,14850,18901,47135,36804,0,0,9339,2019,8086,1161,3841,298,1753,0,0,7004,57458,1552,7385,0,0,0,0,0
738,390,739.2236718397128,99895,2184,1154,80,23,28633,14211,0.42889033485159417,1509,779,22337,24665,9255,4637,14634,18741,47156,36828,0,0,9237,1995,8051,1189,3945,304,1823,0,0,7311,57155,1531,7354,0,0,0,0,0
739,390,740.0297230416156,99894,2243,1146,81,23,28947,14361,0.43353955192504057,1532,803,22213,24623,9410,4768,14520,18636,47177,36852,0,0,9162,1976,8026,1199,4041,307,1862,0,0,7545,56940,1520,7316,0,0,0,0,0
740,390,741.2454538105898,99893,2303,1188,82,23,29415,14590,0.4405213578529026,1526,835,22046,24552,9707,4912,14335,18489,47198,36875,0,0,9054,1954,7984,1226,4140,327,1928,0,0,7869,56626,1508,7277,0,0,0,0,0
741,390,742.0603394680164,99893,2345,1202,82,23,29742,14749,0.4453865636230767,1567,849,21924,24516,9909,5018,14172,18391,47219,36898,0,0,8962,1942,7951,1241,4221,339,1979,0,0,8101,56413,1498,7246,0,0,0,0,0
742,390,743.2899732463821,99892,2429,1253,83,23,30236,15023,0.4530793256717255,1605,878,21690,24415,10202,5194,13990,18236,47240,36921,0,0,8862,1919,7908,1262,4339,350,2044,0,0,8472,56049,1483,7204,0,0,0,0,0
743,390,744.1152748671931,99892,2477,1298,83,23,30587,15215,0.45851519641212507,1609,868,21551,24385,10403,5309,13876,18116,47260,36944,0,0,8774,1900,7883,1284,4419,364,2092,0,0,8703,55826,1470,7177,0,0,0,0,0
744,390,745.3619708012963,99892,2518,1339,83,23,31067,15482,0.4659932727345533,1660,889,21355,24329,10713,5495,13670,17924,47280,36966,0,0,8670,1875,7843,1317,4552,383,2160,0,0,9045,55474,1451,7122,0,0,0,0,0
745,390,746.1984084651091,99891,2566,1347,84,23,31410,15665,0.4712636774083751,1696,893,21212,24266,10902,5640,13539,17830,47300,36988,0,0,8594,1857,7808,1338,4654,390,2198,0,0,9301,55225,1438,7088,0,0,0,0,0
746,390,747.0397301521193,99889,2616,1388,86,23,31760,15857,0.4766991360410055,1711,889,21102,24196,11076,5760,13408,17743,47320,37010,0,0,8505,1844,7783,1356,4729,405,2252,0,0,9546,54990,1420,7059,0,0,0,0,0
747,390,748.3089781307597,99888,2709,1402,87,23,32304,16134,0.48492311388755405,1764,890,20878,24126,11355,5973,13206,17585,47340,37032,0,0,8393,1828,7730,1386,4874,422,2322,0,0,9928,54603,1400,7002,0,0,0,0,0
748,390,749.1615549700446,99888,2741,1422,87,23,32674,16327,0.49055942655774465,1771,908,20760,24049,11567,6114,13073,17483,47360,37053,0,0,8310,1808,7703,1410,4960,439,2364,0,0,10207,54329,1387,6971,0,0,0,0,0
749,390,750.0178735461463,99888,2785,1443,87,23,33064,16540,0.4965961877302579,1767,903,20618,23972,11799,6273,12943,17385,47379,37074,0,0,8229,1787,7673,1432,5062,452,2406,0,0,10507,54030,1377,6933,0,0,0,0,0
750,390,751.3120750884623,99887,2882,1457,88,23,33626,16827,0.5051007638631654,1796,934,20405,23881,12092,6492,12736,17212,47398,37095,0,0,8125,1766,7619,1460,5201,479,2469,0,0,10899,53627,1361,6881,0,0,0,0,0
751,390,752.1808296056207,99887,2857,1499,88,23,33973,17050,0.5108072121497292,1900,940,20226,23814,12342,6618,12586,17105,47417,37116,0,0,8034,1737,7573,1498,5323,491,2525,0,0,11171,53352,1344,6839,0,0,0,0,0
752,390,753.0561297215287,99887,2907,1534,88,23,34400,17258,0.517164395767217,1863,976,20080,23739,12599,6746,12462,16981,47436,37137,0,0,7935,1720,7539,1522,5431,512,2587,0,0,11437,53080,1329,6795,0,0,0,0,0
753,390,754.380328652808,99887,3003,1548,88,23,35004,17586,0.526494939281388,1915,988,19843,23623,12916,6989,12234,16828,47455,37157,0,0,7817,1693,7470,1558,5620,540,2660,0,0,11815,52667,1317,6730,0,0,0,0,0
754,390,755.2704651800511,99886,3076,1631,89,23,35457,17838,0.53355825641231,1927,985,19652,23537,13162,7109,12093,16714,47474,37177,0,0,7737,1676,7431,1573,5727,566,2698,0,0,12092,52390,1304,6692,0,0,0,0,0
755,390,756.1673622613469,99886,3133,1649,89,23,35900,18046,0.5400756862823619,1922,1033,19499,23461,13407,7247,11949,16586,47493,37197,0,0,7666,1655,7392,1605,5847,587,2732,0,0,12376,52085,1287,6654,0,0,0,0,0
756,390,757.0708175678928,99886,3093,1668,89,23,36294,18276,0.5463228080011213,2009,1062,19310,23376,13695,7407,11803,16463,47511,37217,0,0,7571,1633,7347,1639,5980,609,2779,0,0,12679,51758,1275,6616,0,0,0,0,0
757,390,758.4399922635276,99886,3175,1755,89,23,36966,18672,0.5570149970966902,2092,1079,19024,23241,14071,7633,11548,16268,47529,37237,0,0,7435,1594,7296,1683,6156,638,2876,0,0,13108,51287,1259,6554,0,0,0,0,0
758,390,759.3621190943535,99886,3218,1755,89,23,37435,18926,0.564253248703522,2130,1077,18841,23154,14332,7833,11389,16157,47547,37256,0,0,7338,1569,7261,1714,6269,666,2931,0,0,13453,50914,1250,6521,0,0,0,0,0
759,390,760.2923809148626,99885,3285,1743,89,24,37945,19171,0.5718175902287631,2100,1086,18679,23079,14611,8037,11235,16030,47565,37275,0,0,7237,1553,7207,1742,6432,692,2988,0,0,13765,50572,1232,6465,0,0,0,0,0
760,390,761.2301427293427,99884,3348,1778,90,24,38444,19434,0.5794521645108326,2047,1110,18507,22996,14906,8201,11101,15890,47583,37294,0,0,7139,1543,7156,1767,6572,715,3048,0,0,14090,50225,1212,6417,0,0,0,0,0
761,390,762.176309822708,99884,3371,1820,90,24,38899,19701,0.5866805494373474,2067,1097,18346,22948,15176,8373,10949,15737,47601,37313,0,0,7039,1522,7101,1796,6731,740,3104,0,0,14364,49921,1196,6370,0,0,0,0,0
762,390,763.1301671342278,99883,3420,1857,91,24,39417,19972,0.5945856652283171,2069,1112,18158,22850,15444,8540,10817,15616,47618,37332,0,0,6940,1502,7053,1821,6889,766,3165,0,0,14687,49562,1184,6314,0,0,0,0,0
763,390,764.0928169139397,99882,3480,1856,92,24,39923,20234,0.6022806912156344,2108,1135,17946,22758,15706,8734,10667,15492,47635,37351,0,0,6843,1485,6995,1854,7044,788,3212,0,0,15017,49195,1171,6278,0,0,0,0,0
764,390,765.0649983341375,99881,3543,1867,92,25,40464,20490,0.6102662167979896,2086,1166,17782,22677,15977,8910,10519,15354,47652,37369,0,0,6756,1458,6951,1890,7215,816,3266,0,0,15322,48832,1151,6224,0,0,0,0,0
765,390,766.045532859022,99880,3589,1883,93,25,40976,20757,0.6180716860232279,2133,1177,17584,22602,16237,9094,10363,15218,47669,37387,0,0,6639,1436,6909,1925,7350,854,3339,0,0,15633,48490,1136,6169,0,0,0,0,0
766,390,767.0354334889685,99878,3598,1936,94,26,41525,21078,0.6267946895212159,2139,1162,17445,22504,16536,9287,10187,15084,47686,37405,0,0,6525,1409,6850,1968,7499,894,3405,0,0,16007,48082,1123,6116,0,0,0,0,0
767,390,768.0337944889151,99877,3622,1972,95,26,42069,21378,0.6352513591717813,2150,1187,17271,22401,16835,9466,10026,14947,47703,37423,0,0,6422,1385,6803,1997,7668,931,3468,0,0,16348,47687,1110,6058,0,0,0,0,0
768,390,769.0405836124875,99877,3665,1985,95,26,42624,21696,0.6439921102956636,2175,1178,17081,22287,17120,9705,9863,14818,47720,37441,0,0,6327,1367,6747,2018,7855,971,3517,0,0,16690,47277,1097,6011,0,0,0,0,0
769,390,770.0564133053837,99877,3700,2007,95,26,43201,22003,0.65284299688617,2163,1180,16935,22228,17417,9888,9689,14670,47737,37458,0,0,6221,1338,6696,2054,8034,1008,3580,0,0,17040,46866,1080,5960,0,0,0,0,0
770,390,771.0605017141438,99877,3735,2038,95,26,43747,22329,0.6615737356949047,2139,1146,16774,22152,17732,10104,9524,14533,47753,37475,0,0,6123,1319,6639,2092,8225,1042,3632,0,0,17366,46470,1059,5910,0,0,0,0,0
771,390,772.0465110220996,99876,3792,2048,96,26,44299,22611,0.669930714085466,2137,1154,16590,22066,18023,10300,9361,14405,47769,37492,0,0,6029,1301,6589,2122,8388,1083,3685,0,0,17687,46087,1040,5865,0,0,0,0,0
772,390,773.0161723714807,99876,3783,2063,96,26,44820,22875,0.6777904601706115,2154,1209,16430,21978,18319,10451,9217,14272,47785,37509,0,0,5932,1279,6533,2164,8548,1123,3731,0,0,18018,45708,1023,5817,0,0,0,0,0
773,390,774.438872562664,99876,3849,2080,96,26,45623,23292,0.6900056069526213,2177,1212,16155,21864,18725,10717,8997,14100,47801,37526,0,0,5810,1260,6456,2192,8787,1201,3802,0,0,18474,45142,1008,5744,0,0,0,0,0
774,390,775.3688630509416,99876,3936,2092,96,26,46172,23579,0.6983759862229164,2136,1207,15992,21783,18964,10916,8875,13975,47817,37543,0,0,5727,1239,6417,2222,8936,1238,3842,0,0,18796,44759,994,5706,0,0,0,0,0
775,390,776.2868210545264,99876,3912,2134,96,26,46642,23878,0.7060755336617406,2161,1212,15849,21653,19232,11110,8749,13864,47833,37560,0,0,5633,1221,6362,2256,9100,1283,3892,0,0,19090,44404,977,5658,0,0,0,0,0
776,390,777.1911999226337,99875,3852,2084,97,26,47136,24127,0.7135219023779724,2134,1232,15708,21583,19579,11316,8629,13758,47849,37576,0,0,5539,1207,6314,2279,9291,1331,3940,0,0,19434,43981,959,5600,0,0,0,0,0
777,390,778.0814706173919,99875,3790,2100,97,26,47576,24398,0.7206408010012516,2195,1276,15554,21466,19841,11475,8522,13656,47864,37592,0,0,5434,1184,6267,2302,9453,1374,4003,0,0,19734,43625,948,5551,0,0,0,0,0
778,390,779.3939824065524,99875,3800,2124,97,26,48283,24807,0.7318147684605757,2211,1259,15333,21368,20194,11735,8364,13487,47879,37608,0,0,5308,1154,6183,2356,9699,1432,4078,0,0,20148,43110,925,5482,0,0,0,0,0
779,390,780.255841911782,99871,3802,2106,100,27,48730,25064,0.7388931721921278,2237,1254,15219,21296,20394,11935,8247,13381,47894,37624,0,0,5217,1141,6143,2381,9880,1473,4122,0,0,20389,42794,909,5422,0,0,0,0,0
780,390,781.1087092323793,99871,3855,2113,100,27,49248,25327,0.7467132601055362,2181,1224,15088,21234,20635,12104,8140,13297,47909,37640,0,0,5133,1127,6098,2411,10041,1512,4162,0,0,20667,42449,887,5384,0,0,0,0,0
781,390,782.3699465044024,99870,3823,2106,101,27,49937,25687,0.757224391709222,2101,1254,14952,21112,21013,12360,8009,13140,47924,37656,0,0,5043,1102,6035,2463,10298,1584,4192,0,0,21050,41933,864,5306,0,0,0,0,0
782,390,783.1989848942897,99869,3857,2119,102,27,50394,25944,0.7643813395548168,2107,1210,14816,21069,21207,12519,7910,13055,47939,37671,0,0,4978,1085,6000,2488,10467,1619,4215,0,0,21286,41611,854,5266,0,0,0,0,0
783,390,784.0198927115606,99869,3809,2107,102,27,50817,26180,0.7709799837787502,2100,1204,14711,21016,21455,12683,7822,12962,47954,37686,0,0,4897,1063,5953,2511,10646,1664,4248,0,0,21522,41292,848,5225,0,0,0,0,0
784,390,785.2353622308163,99868,3743,2118,103,27,51448,26517,0.7806804982577001,2129,1231,14564,20937,21803,12875,7657,12811,47969,37701,0,0,4793,1043,5889,2549,10875,1739,4295,0,0,21861,40820,833,5171,0,0,0,0,0
785,390,786.0347349583185,99868,3785,2103,103,27,51870,26743,0.7871690631633756,2079,1242,14481,20881,21963,13027,7588,12719,47984,37716,0,0,4722,1031,5855,2566,11033,1779,4317,0,0,22052,40557,820,5136,0,0,0,0,0
786,390,787.2218175196655,99866,3802,2096,105,27,52492,27126,0.7972483127390704,2041,1204,14351,20816,22237,13277,7463,12579,47998,37731,0,0,4640,1006,5790,2598,11316,1838,4349,0,0,22353,40109,804,5063,0,0,0,0,0
787,390,788.0054453047105,99866,3797,2137,105,27,52895,27378,0.8038071015160315,2048,1205,14248,20741,22420,13402,7381,12487,48012,37746,0,0,4573,990,5755,2616,11476,1882,4375,0,0,22537,39847,792,5023,0,0,0,0,0
788,390,789.1689472963449,99865,3778,2101,106,27,53506,27727,0.8134281279727632,2063,1212,14096,20650,22701,13644,7255,12365,48026,37761,0,0,4490,972,5691,2652,11755,1954,4397,0,0,22802,39410,775,4967,0,0,0,0,0
789,390,790.318010307746,99865,3748,2056,106,27,54104,28062,0.8227707404996746,1987,1238,14006,20557,23013,13903,7139,12218,48040,37775,0,0,4397,950,5624,2687,11960,2040,4438,0,0,23153,38936,764,4916,0,0,0,0,0
790,390,791.0762608312542,99865,3699,2049,106,27,54477,28305,0.828939067741451,1963,1218,13937,20524,23232,14048,7062,12133,48054,37789,0,0,4342,934,5586,2719,12138,2084,4441,0,0,23353,38644,751,4873,0,0,0,0,0
791,390,792.2025758902344,99865,3663,2068,106,27,55027,28652,0.8379211936113754,1930,1186,13855,20451,23489,14252,6956,12015,48068,37803,0,0,4262,914,5540,2747,12388,2142,4471,0,0,23613,38233,742,4813,0,0,0,0,0
792,390,793.3171781988525,99865,3627,2080,106,27,55563,28979,0.8465628598608121,1906,1160,13741,20395,23756,14450,6863,11887,48082,37817,0,0,4192,895,5491,2781,12601,2219,4482,0,0,23859,37851,729,4765,0,0,0,0,0
793,390,794.053680629623,99865,3575,2067,106,27,55906,29207,0.8522805787813549,1908,1138,13679,20347,23927,14606,6804,11814,48096,37831,0,0,4126,888,5454,2796,12765,2276,4507,0,0,24018,37597,715,4723,0,0,0,0,0
794,390,795.1495694414392,99865,3548,2063,106,27,56463,29507,0.8608621639212938,1879,1156,13568,20283,24206,14790,6692,11680,48110,37845,0,0,4044,873,5394,2816,13001,2350,4542,0,0,24263,37223,705,4654,0,0,0,0,0
795,390,796.2337514642786,99865,3489,2077,106,27,56962,29827,0.8690632353677464,1844,1151,13491,20197,24477,14960,6592,11587,48123,37859,0,0,3966,859,5347,2855,13218,2414,4563,0,0,24498,36852,689,4604,0,0,0,0,0
796,390,797.3076367965983,99865,3409,2039,106,27,57416,30128,0.8766234416462224,1867,1131,13412,20149,24701,15166,6504,11487,48136,37873,0,0,3901,847,5298,2891,13409,2506,4569,0,0,24723,36486,674,4561,0,0,0,0,0
797,390,798.0184573091068,99865,3392,2074,106,27,57708,30355,0.881820457617784,1878,1089,13370,20092,24801,15282,6452,11435,48149,37886,0,0,3856,839,5276,2914,13529,2556,4577,0,0,24834,36286,663,4535,0,0,0,0,0
798,390,799.0787741932049,99865,3363,2044,106,27,58213,30639,0.8897211235167476,1823,1092,13276,20042,25070,15465,6361,11329,48162,37899,0,0,3789,824,5229,2958,13739,2627,4580,0,0,25052,35925,653,4489,0,0,0,0,0
799,390,800.1296389338977,99865,3331,2007,106,27,58673,30944,0.8973814649777199,1797,1053,13229,19990,25262,15686,6274,11236,48175,37912,0,0,3704,812,5190,2967,13968,2690,4617,0,0,25250,35582,642,4443,0,0,0,0,0
800,390,801.1733124678915,99865,3273,1992,106,27,59156,31219,0.9049717118109448,1750,1024,13157,19944,25514,15860,6199,11152,48188,37925,0,0,3641,803,5143,2989,14170,2780,4627,0,0,25431,35251,632,4398,0,0,0,0,0
801,390,802.2084661221492,99865,3259,1959,106,27,59631,31468,0.912221499023682,1678,1021,13109,19890,25722,16037,6125,11065,48201,37938,0,0,3574,793,5104,3009,14340,2868,4648,0,0,25604,34942,619,4364,0,0,0,0,0
802,390,803.2365918946346,99864,3209,1961,106,28,60069,31732,0.9192601938636545,1649,1037,13066,19838,25918,16168,6051,10967,48214,37951,0,0,3508,786,5061,3021,14542,2938,4664,0,0,25777,34645,610,4312,0,0,0,0,0
803,390,804.2580592101118,99864,3194,1938,106,28,60504,31997,0.9262697268284867,1582,1017,13037,19787,26095,16331,5985,10898,48227,37964,0,0,3445,776,5012,3043,14728,3014,4676,0,0,25934,34357,602,4277,0,0,0,0,0
804,390,805.2735758924823,99864,3190,1897,106,28,60932,32229,0.9328787150524713,1558,1028,12973,19736,26252,16485,5920,10825,48240,37977,0,0,3394,771,4974,3041,14919,3088,4681,0,0,26084,34079,596,4237,0,0,0,0,0
805,390,806.2834239496572,99864,3101,1875,106,28,61315,32507,0.9394977168949772,1568,966,12933,19699,26456,16679,5835,10752,48252,37990,0,0,3337,757,4932,3047,15098,3175,4696,0,0,26271,33760,588,4203,0,0,0,0,0
806,390,807.2875351978403,99864,3077,1815,106,28,61698,32747,0.9457362012336779,1574,944,12891,19657,26580,16869,5771,10686,48264,38002,0,0,3298,750,4888,3062,15286,3245,4686,0,0,26437,33469,580,4163,0,0,0,0,0
807,390,808.2873503440981,99864,2991,1775,106,28,62071,32966,0.9516642633982216,1565,946,12843,19631,26778,17010,5716,10609,48276,38014,0,0,3243,736,4852,3080,15457,3325,4695,0,0,26587,33189,570,4130,0,0,0,0,0
808,390,809.2813805781533,99864,2964,1714,106,28,62459,33169,0.9575823119442441,1507,969,12814,19607,26948,17149,5660,10532,48288,38026,0,0,3195,726,4818,3101,15615,3405,4693,0,0,26734,32924,566,4087,0,0,0,0,0
809,390,810.2703185826226,99864,2937,1727,106,28,62859,33418,0.9640811503644957,1462,928,12784,19579,27107,17268,5603,10469,48300,38038,0,0,3150,715,4788,3114,15768,3484,4696,0,0,26883,32660,558,4048,0,0,0,0,0
810,390,811.2546977505771,99864,2882,1770,106,28,63228,33674,0.9703396619402387,1450,893,12772,19569,27243,17350,5546,10389,48312,38050,0,0,3104,707,4755,3123,15922,3565,4700,0,0,26996,32421,551,4020,0,0,0,0,0
811,390,812.2345964615297,99863,2834,1765,107,28,63617,33901,0.976517829426314,1416,873,12775,19546,27391,17463,5476,10324,48324,38062,0,0,3051,698,4734,3138,16087,3638,4703,0,0,27118,32165,547,3984,0,0,0,0,0
812,390,813.2103991869471,99863,2806,1726,107,28,63976,34121,0.9823157726084736,1390,859,12749,19524,27538,17616,5409,10246,48336,38074,0,0,3009,693,4701,3160,16263,3716,4696,0,0,27190,31945,534,3956,0,0,0,0,0
813,390,814.1822057759307,99862,2756,1666,107,29,64288,34325,0.987492739981174,1417,862,12725,19501,27641,17766,5353,10175,48348,38086,0,0,2968,688,4666,3161,16432,3785,4701,0,0,27309,31699,527,3926,0,0,0,0,0
814,390,815.150833521497,99862,2702,1646,107,29,64622,34532,0.9929102160982155,1372,838,12716,19492,27803,17873,5299,10121,48360,38098,0,0,2925,674,4646,3175,16577,3858,4698,0,0,27415,31468,523,3903,0,0,0,0,0
815,390,816.1149833510246,99862,2630,1607,107,29,64943,34738,0.9981874987482726,1325,813,12712,19516,27963,17995,5262,10039,48372,38109,0,0,2885,665,4618,3185,16743,3931,4693,0,0,27519,31233,515,3875,0,0,0,0,0
816,390,817.0756440243931,99862,2573,1571,107,29,65250,34926,1.0031443391880797,1343,808,12705,19501,28062,18103,5209,9987,48383,38120,0,0,2846,654,4594,3201,16872,4006,4698,0,0,27625,31003,507,3856,0,0,0,0,0
817,390,818.033736479794,99862,2572,1516,107,29,65593,35117,1.008491718571629,1273,794,12699,19487,28182,18242,5166,9931,48394,38131,0,0,2812,648,4559,3199,17031,4078,4694,0,0,27729,30784,502,3826,0,0,0,0,0
818,390,819.3066242735404,99862,2493,1461,107,29,65975,35353,1.0146802587570847,1271,801,12693,19478,28332,18372,5103,9858,48405,38142,0,0,2760,639,4517,3213,17214,4158,4695,0,0,27890,30487,495,3794,0,0,0,0,0
819,390,820.2580707376645,99862,2479,1465,107,29,66261,35544,1.019456850453626,1243,804,12688,19465,28430,18442,5052,9794,48416,38153,0,0,2734,631,4488,3230,17345,4214,4685,0,0,27971,30309,487,3768,0,0,0,0,0
820,390,821.2067181798811,99862,2422,1488,107,29,66560,35738,1.0243936632552924,1214,775,12679,19478,28564,18495,5013,9734,48427,38164,0,0,2713,623,4467,3242,17482,4287,4664,0,0,28034,30133,480,3737,0,0,0,0,0
821,390,822.1519573496944,99862,2364,1477,107,29,66835,35915,1.0289199094750756,1205,766,12668,19476,28674,18578,4981,9673,48438,38175,0,0,2676,611,4449,3259,17601,4359,4665,0,0,28107,29950,477,3708,0,0,0,0,0
822,390,823.094388239651,99862,2306,1450,107,29,67117,36089,1.0334862109711402,1187,754,12659,19479,28808,18664,4932,9623,48449,38186,0,0,2646,607,4420,3260,17742,4433,4661,0,0,28182,29760,471,3680,0,0,0,0,0
823,390,824.0338834160959,99862,2245,1431,107,29,67388,36255,1.0378622499048686,1160,750,12685,19489,28904,18742,4898,9558,48460,38197,0,0,2614,601,4396,3279,17866,4501,4651,0,0,28261,29575,463,3655,0,0,0,0,0
824,390,825.2828778214243,99862,2181,1396,107,29,67732,36486,1.043620195870301,1133,731,12717,19491,29004,18882,4857,9470,48471,38208,0,0,2575,594,4359,3287,18031,4595,4655,0,0,28356,29338,451,3621,0,0,0,0,0
825,390,826.218003889935,99861,2141,1375,108,29,67990,36649,1.0478465066442355,1109,741,12722,19498,29089,18948,4830,9408,48482,38218,0,0,2547,591,4327,3296,18177,4650,4643,0,0,28405,29177,446,3602,0,0,0,0,0
826,390,827.1515352919346,99861,2141,1368,108,29,68267,36808,1.052212575479917,1086,729,12724,19500,29140,19011,4800,9362,48493,38228,0,0,2514,584,4307,3304,18265,4717,4643,0,0,28471,29024,439,3593,0,0,0,0,0
827,390,828.0837307042224,99861,2098,1371,108,29,68510,36989,1.056458477283424,1061,694,12757,19523,29205,19076,4770,9306,48504,38238,0,0,2482,583,4285,3315,18346,4793,4633,0,0,28552,28861,434,3577,0,0,0,0,0
828,390,829.0147835906394,99861,2073,1345,108,29,68759,37147,1.0605341424580166,1044,669,12762,19536,29284,19161,4728,9259,48515,38248,0,0,2453,575,4262,3335,18437,4863,4626,0,0,28626,28699,426,3559,0,0,0,0,0
829,390,830.2536822963833,99861,2056,1312,108,29,69077,37366,1.0659116171478356,997,637,12817,19569,29344,19267,4677,9185,48525,38258,0,0,2416,569,4237,3351,18573,4941,4625,0,0,28717,28482,417,3533,0,0,0,0,0
830,390,831.1818998492557,99861,1993,1274,108,29,69304,37511,1.069636795145252,995,657,12821,19589,29431,19328,4651,9122,48535,38268,0,0,2393,560,4219,3367,18692,5004,4610,0,0,28778,28318,412,3508,0,0,0,0,0
831,390,832.1087928688992,99861,1988,1231,108,29,69546,37664,1.0735922932876698,973,642,12861,19600,29450,19427,4619,9070,48545,38278,0,0,2367,554,4201,3368,18812,5061,4608,0,0,28830,28158,411,3491,0,0,0,0,0
832,390,833.0351662602715,99861,1958,1201,108,29,69757,37788,1.0769469562692142,973,640,12883,19604,29490,19495,4587,9030,48555,38288,0,0,2346,548,4182,3377,18920,5111,4598,0,0,28880,28023,406,3470,0,0,0,0,0
833,390,834.2693460108725,99861,1929,1188,108,29,70058,38001,1.0820941108140314,975,608,12897,19611,29544,19587,4546,8976,48565,38298,0,0,2313,542,4155,3381,19072,5180,4591,0,0,28955,27829,402,3441,0,0,0,0,0
834,390,835.1939257767912,99861,1895,1168,108,29,70280,38135,1.0856590661018817,957,597,12926,19640,29597,19636,4516,8929,48575,38308,0,0,2281,539,4140,3383,19168,5232,4587,0,0,29024,27679,402,3426,0,0,0,0,0
835,390,836.117657317285,99860,1857,1144,109,29,70484,38284,1.0892048868415782,933,568,12965,19665,29644,19705,4491,8888,48585,38318,0,0,2261,536,4127,3392,19263,5290,4571,0,0,29087,27532,396,3405,0,0,0,0,0
836,390,837.041053641118,99860,1859,1127,109,29,70704,38423,1.092799919887843,903,563,12983,19677,29678,19758,4467,8845,48595,38328,0,0,2242,530,4110,3401,19359,5348,4560,0,0,29114,27418,392,3386,0,0,0,0,0
837,390,838.2712545843423,99860,1828,1106,109,29,70972,38587,1.0971259763669137,899,579,13017,19707,29727,19818,4419,8760,48605,38337,0,0,2211,525,4084,3418,19470,5415,4547,0,0,29188,27253,387,3362,0,0,0,0,0
838,390,839.1929385016869,99860,1838,1096,109,29,71207,38721,1.1008211496094533,889,561,13057,19718,29719,19867,4387,8728,48615,38346,0,0,2191,513,4077,3428,19551,5471,4542,0,0,29227,27130,382,3348,0,0,0,0,0
839,390,840.1147949949412,99859,1800,1075,109,30,71410,38864,1.1042970588529828,893,537,13065,19742,29775,19926,4357,8689,48625,38355,1,1,2170,511,4054,3428,19670,5515,4525,0,0,29286,26987,380,3331,0,1,0,0,1
840,390,841.0356794827259,99859,1753,1051,109,30,71609,38992,1.1075716760632492,865,516,13084,19761,29845,19985,4343,8656,48635,38364,2,2,2140,508,4038,3427,19770,5569,4519,0,0,29334,26858,376,3316,0,1,0,0,3
841,390,842.2619426770631,99859,1748,1021,109,30,71897,39142,1.1119578605834226,794,515,13113,19798,29932,20034,4303,8601,48645,38373,3,3,2109,503,4017,3438,19871,5641,4515,0,0,29388,26698,373,3301,0,2,0,0,3
842,390,843.1801737121903,99858,1705,985,109,31,72081,39253,1.1149231909311221,786,523,13143,19808,29983,20094,4273,8558,48655,38382,4,4,2092,497,3993,3451,19960,5694,4503,0,0,29438,26562,370,3291,0,3,0,0,4
843,390,844.0976481609241,99857,1644,995,109,32,72256,39376,1.1179186236317935,777,510,13194,19824,30025,20115,4250,8523,48664,38391,6,5,2071,491,3982,3459,20055,5743,4487,0,0,29462,26462,369,3266,0,5,0,0,5
844,390,845.0144949456526,99857,1606,980,109,32,72432,39495,1.1208728481728871,752,520,13231,19856,30066,20128,4235,8483,48673,38400,9,6,2053,486,3975,3465,20126,5802,4474,0,0,29501,26349,366,3248,0,6,0,0,6
845,390,846.2362005606304,99857,1561,961,109,32,72657,39640,1.1245781467498523,763,510,13294,19908,30077,20154,4195,8434,48682,38409,13,7,2034,483,3960,3452,20263,5861,4468,0,0,29511,26217,361,3231,0,8,0,0,8
846,390,847.1527461843442,99857,1527,948,109,32,72814,39758,1.1273320848813804,783,498,13332,19921,30073,20194,4175,8406,48691,38418,18,8,2017,480,3952,3453,20348,5903,4455,0,0,29552,26102,359,3215,0,11,0,0,10
847,390,848.0696430630746,99857,1503,954,109,32,72997,39879,1.1303764383067787,745,468,13383,19969,30102,20206,4157,8370,48700,38427,25,9,1998,474,3940,3449,20426,5947,4450,0,0,29600,25982,356,3207,0,17,0,0,11
848,390,849.2923706228086,99856,1464,923,110,32,73226,40010,1.1339929498477808,736,463,13443,20005,30123,20255,4123,8321,48709,38436,33,10,1979,468,3917,3453,20541,6014,4445,0,0,29616,25843,350,3193,0,20,2,0,15
849,390,850.2094365586522,99856,1435,894,110,32,73394,40095,1.1365265983015542,711,486,13497,20015,30144,20278,4102,8294,48718,38445,43,11,1961,466,3903,3453,20632,6060,4439,0,0,29616,25752,344,3184,0,26,3,0,17
850,390,851.1265540223711,99855,1371,885,110,33,73537,40205,1.1390716538981522,704,470,13582,20047,30156,20301,4076,8263,48727,38453,55,12,1941,463,3891,3448,20716,6117,4440,0,0,29614,25654,342,3172,0,31,5,0,21
851,390,852.043768555996,99854,1356,841,111,33,73704,40296,1.1416668335770224,672,462,13625,20074,30179,20342,4056,8247,48736,38461,69,13,1926,459,3870,3460,20800,6157,4423,0,0,29654,25539,339,3159,0,35,5,0,28
852,390,853.2670241975982,99854,1346,822,111,33,73941,40415,1.145232038776614,611,440,13708,20138,30196,20341,4027,8225,48745,38469,85,14,1903,456,3856,3461,20891,6216,4418,0,0,29686,25405,336,3144,1,42,5,0,34
853,390,854.1849479640977,99854,1305,812,111,33,74078,40509,1.1475454163078094,624,420,13745,20170,30208,20345,4006,8219,48754,38477,104,15,1890,453,3839,3462,20952,6277,4407,0,0,29682,25325,334,3138,2,49,5,0,39
854,390,855.1031959521979,99854,1281,804,111,33,74234,40609,1.1501091593726842,606,400,13800,20222,30215,20344,3986,8196,48763,38485,125,17,1881,450,3825,3461,21015,6331,4391,0,0,29699,25233,332,3121,2,62,7,0,44
855,390,856.0217670472379,99854,1247,804,111,33,74370,40708,1.1524625953892684,587,385,13850,20236,30233,20358,3971,8183,48772,38493,149,19,1870,447,3811,3457,21058,6387,4376,0,0,29733,25141,332,3105,3,69,8,0,57
856,390,857.2466906592476,99854,1191,779,111,33,74549,40825,1.1554269233080297,570,388,13940,20281,30246,20350,3941,8168,48781,38501,176,21,1847,444,3794,3478,21117,6456,4358,0,0,29764,25013,326,3097,3,82,9,0,66
857,390,858.1655695308922,99854,1150,763,111,33,74677,40915,1.157610110761712,557,367,13996,20331,30260,20350,3925,8155,48790,38509,206,23,1833,443,3783,3477,21185,6507,4347,0,0,29766,24922,325,3081,4,92,10,0,79
858,390,859.0852004132762,99854,1124,747,111,33,74807,41000,1.159763254351353,552,363,14056,20371,30242,20347,3914,8138,48799,38517,239,26,1824,439,3771,3471,21243,6549,4339,0,0,29798,24807,324,3072,4,101,15,0,97
859,390,860.0058281749959,99854,1087,740,111,33,74934,41087,1.1619063833196466,540,339,14111,20432,30256,20323,3894,8132,48807,38525,276,29,1812,433,3764,3488,21296,6592,4327,0,0,29805,24703,321,3065,4,110,20,0,114
860,390,861.2335865138001,99854,1074,699,111,33,75111,41179,1.1646003164620347,495,355,14163,20473,30279,20316,3877,8123,48815,38533,317,32,1802,429,3736,3504,21344,6660,4310,0,0,29840,24571,319,3053,5,124,22,0,135
861,390,862.1544162773746,99854,1030,687,111,33,75212,41261,1.166432992168566,499,348,14220,20508,30275,20291,3864,8132,48823,38541,361,36,1789,427,3729,3498,21388,6704,4308,0,0,29864,24458,318,3046,7,139,23,0,156
862,390,863.0759032911536,99854,1007,703,111,33,75317,41354,1.1684158871953052,501,336,14260,20537,30259,20261,3861,8129,48831,38549,409,40,1782,424,3717,3501,21423,6752,4295,0,0,29856,24383,316,3040,7,157,25,0,176
863,390,864.3062496091422,99854,990,668,111,33,75468,41459,1.1709796302601798,522,321,14338,20599,30203,20257,3835,8121,48839,38557,462,45,1773,421,3700,3500,21488,6819,4283,0,0,29857,24266,315,3020,8,176,27,0,201
864,390,865.2305864331331,99854,986,661,111,33,75590,41535,1.172962525286919,507,319,14402,20639,30169,20215,3824,8132,48847,38565,519,50,1758,418,3692,3505,21527,6864,4275,0,0,29842,24192,315,3008,10,203,29,0,216
865,390,866.1558968237136,99854,973,639,111,33,75705,41597,1.1747351132653674,486,320,14468,20656,30142,20211,3819,8140,48855,38573,580,56,1751,416,3681,3495,21570,6915,4263,0,0,29845,24102,314,2991,18,211,31,0,251
866,390,867.0825784244855,99854,959,645,111,33,75818,41668,1.1765778035932462,471,312,14507,20691,30137,20156,3814,8162,48863,38580,646,62,1743,414,3669,3501,21604,6961,4250,0,0,29818,24028,311,2984,18,240,35,0,278
867,390,868.0098578087809,99854,938,635,111,33,75917,41743,1.1783203477076531,472,309,14596,20706,30074,20120,3808,8196,48871,38587,716,69,1736,411,3654,3495,21643,7011,4244,0,0,29813,23935,310,2971,22,265,37,0,307
868,390,869.2494636075539,99854,911,625,111,33,76060,41840,1.1807238568309733,478,311,14709,20735,30007,20078,3783,8217,48879,38594,791,77,1719,407,3635,3501,21688,7076,4237,0,0,29790,23835,309,2960,25,297,45,0,330
869,390,870.1812554847655,99854,897,617,111,33,76171,41910,1.1825365032948105,461,295,14794,20749,29964,20048,3772,8257,48887,38601,871,86,1707,406,3615,3505,21716,7124,4225,0,0,29779,23744,309,2953,27,333,54,0,357
870,390,871.1146735666706,99854,888,598,111,33,76288,41975,1.1843591643799949,436,298,14823,20767,29969,20019,3772,8284,48895,38608,956,95,1695,401,3602,3503,21763,7170,4221,0,0,29750,23647,307,2946,32,366,57,0,394
871,390,872.0487526299611,99854,891,587,111,33,76404,42036,1.1861317523584434,408,289,14892,20786,29924,19969,3773,8335,48903,38615,1046,105,1686,397,3589,3501,21788,7223,4219,0,0,29723,23558,304,2937,34,400,62,0,433
872,390,873.2961595475135,99854,842,587,111,33,76529,42127,1.1882949105694314,405,282,14944,20797,29930,19920,3767,8380,48911,38622,1142,116,1677,396,3575,3498,21845,7293,4204,0,0,29656,23464,302,2923,39,444,67,0,471
873,390,874.2324198231424,99854,835,588,111,33,76626,42194,1.1899373084703668,410,274,15013,20800,29870,19871,3760,8433,48919,38629,1243,128,1666,394,3568,3493,21874,7341,4195,0,0,29628,23376,301,2911,44,482,70,0,511
874,390,875.1703205475438,99854,794,571,111,33,76717,42270,1.1916097502353435,404,252,15061,20806,29865,19860,3764,8477,48927,38636,1349,141,1659,392,3558,3501,21907,7404,4179,0,0,29591,23268,299,2894,49,522,74,0,557
875,390,876.1096482609669,99854,789,552,111,33,76793,42328,1.192951709495864,416,236,15126,20838,29794,19804,3763,8536,48935,38643,1461,155,1651,391,3554,3500,21918,7450,4169,0,0,29577,23156,298,2887,53,565,77,0,608
876,390,877.0510358398433,99854,782,524,111,33,76884,42382,1.1944038295912032,408,231,15184,20858,29748,19740,3766,8613,48943,38650,1578,170,1641,387,3540,3498,21945,7496,4167,0,0,29543,23054,296,2875,59,620,83,0,650
877,390,878.3087324918121,99854,785,514,111,33,77021,42455,1.1965069000741082,374,230,15277,20899,29680,19656,3772,8667,48951,38657,1701,186,1631,384,3529,3505,21953,7576,4157,0,0,29488,22955,290,2866,62,663,87,0,708
878,390,879.2541620907601,99854,778,489,111,33,77116,42508,1.197989064033489,355,232,15348,20897,29630,19599,3777,8749,48958,38664,1829,203,1625,383,3518,3500,21946,7649,4150,0,0,29475,22845,287,2853,71,705,91,0,756
879,390,880.2019437970634,99854,769,495,111,33,77198,42576,1.1994912572355638,356,221,15418,20892,29560,19534,3785,8824,48965,38671,1963,221,1608,380,3502,3501,21949,7702,4153,0,0,29441,22743,286,2846,74,754,103,0,812
880,390,881.1518439038239,99854,768,495,111,33,77290,42638,1.2010335089230275,343,213,15482,20883,29506,19451,3789,8924,48972,38678,2103,241,1597,379,3492,3500,21956,7761,4144,0,0,29382,22657,286,2835,79,815,110,0,861
881,390,882.1039671670096,99854,751,495,111,33,77369,42692,1.2023654535622008,349,206,15552,20892,29440,19363,3796,9010,48979,38685,2248,262,1587,379,3479,3493,21957,7827,4138,0,0,29335,22561,286,2820,87,865,119,0,921
882,390,883.0582582960438,99853,716,470,111,34,77449,42734,1.2035992909577078,343,210,15616,20879,29417,19288,3796,9118,48986,38692,2399,284,1576,378,3469,3498,21964,7888,4131,0,0,29284,22441,283,2812,91,930,125,0,983
883,390,884.0139211471677,99853,709,451,111,34,77534,42781,1.204921234214295,318,206,15673,20857,29378,19226,3810,9225,48993,38699,2556,308,1566,377,3458,3496,21961,7958,4124,0,0,29224,22342,282,2802,96,992,132,0,1043
884,390,885.290949950471,99853,679,418,111,34,77620,42833,1.206303265800727,335,196,15781,20879,29285,19138,3808,9334,49000,38705,2718,333,1554,375,3442,3489,21963,8042,4124,0,0,29164,22230,281,2793,101,1052,140,0,1103
885,390,886.2515325274861,99853,657,412,111,34,77694,42878,1.2074950176759838,324,185,15833,20875,29243,19048,3831,9445,49007,38711,2886,360,1549,371,3429,3488,21957,8118,4114,0,0,29104,22131,279,2779,107,1109,147,0,1171
886,390,887.2143494039126,99853,631,409,111,34,77764,42925,1.2086667401079587,331,178,15909,20876,29181,18938,3836,9564,49014,38717,3059,388,1540,369,3410,3487,21971,8174,4111,0,0,29022,22030,277,2767,114,1187,160,0,1234
887,390,888.179419032838,99853,632,382,111,34,77842,42956,1.2097583447668072,320,184,15984,20865,29097,18847,3855,9687,49021,38723,3238,418,1532,366,3397,3484,21950,8252,4108,0,0,28956,21929,277,2755,123,1247,168,0,1309
888,390,889.147234382317,99853,602,385,111,34,77923,43009,1.2111003174666761,281,172,16055,20853,29076,18733,3874,9822,49028,38729,3422,450,1523,363,3379,3483,21952,8322,4100,0,0,28878,21828,277,2741,130,1328,179,0,1370
889,390,890.1168947477819,99853,601,379,111,34,77998,43061,1.2123721871150592,269,158,16109,20818,29017,18654,3892,9956,49035,38735,3612,484,1516,363,3365,3478,21960,8376,4090,0,0,28796,21723,277,2726,137,1415,187,0,1444
890,390,891.0887051029391,99853,605,363,111,34,78080,43100,1.2135839684335974,237,164,16206,20788,28928,18573,3912,10077,49042,38741,3807,519,1511,363,3346,3473,21949,8451,4080,0,0,28713,21630,276,2713,142,1494,200,0,1512
891,390,892.063621357794,99853,574,340,111,34,78143,43135,1.2145654111543969,227,160,16291,20759,28864,18493,3932,10213,49049,38747,4007,556,1505,361,3336,3473,21932,8528,4070,0,0,28644,21499,274,2702,145,1575,206,0,1603
892,390,893.0413285709686,99853,558,320,111,34,78202,43169,1.2154967802669925,225,163,16352,20750,28797,18384,3956,10348,49056,38753,4212,595,1498,360,3320,3476,21917,8603,4064,0,0,28557,21396,272,2683,154,1658,218,0,1677
893,390,894.0214875704746,99853,539,312,111,34,78258,43210,1.2164682082661513,220,156,16393,20716,28754,18284,3982,10497,49063,38759,4422,636,1496,357,3306,3473,21894,8673,4057,0,0,28481,21273,271,2669,164,1754,226,0,1759
894,390,895.0037161314484,99852,532,300,112,34,78326,43237,1.2174317990626127,228,163,16448,20710,28677,18164,4002,10628,49070,38765,4637,679,1491,357,3291,3465,21877,8746,4053,0,0,28398,21154,269,2652,176,1838,238,0,1847
895,390,896.3175418097887,99852,505,312,112,34,78412,43292,1.2188438889556543,204,166,16559,20687,28595,18026,4024,10774,49077,38771,4856,724,1484,357,3283,3466,21876,8817,4040,0,0,28292,21029,267,2637,185,1941,242,0,1936
896,390,897.3059719263558,99852,502,300,112,34,78474,43334,1.2198854304370468,194,158,16642,20664,28494,17911,4055,10932,49084,38777,5080,772,1479,355,3262,3460,21842,8908,4036,0,0,28192,20932,265,2624,190,2041,260,0,2006
897,390,898.2976911217124,99852,475,308,112,34,78520,43376,1.2207667347674558,213,145,16700,20629,28414,17789,4085,11094,49091,38783,5308,822,1472,353,3249,3452,21806,9000,4033,0,0,28091,20829,264,2610,199,2129,271,0,2094
898,390,899.2926457624584,99852,455,295,112,34,78561,43404,1.2214577574810719,227,140,16751,20608,28331,17677,4123,11245,49098,38789,5541,874,1466,350,3233,3447,21776,9072,4028,0,0,27997,20714,263,2597,208,2234,287,0,2180
899,390,900.2907879392765,99852,467,285,112,34,78605,43424,1.2220987060850057,242,169,16811,20654,28266,17648,4101,11209,49098,38789,5541,874,1466,350,3232,3448,21790,9085,4025,0,0,27995,20696,263,2593,208,2234,287,0,2180
900,390,900.2907879392765,99852,452,285,112,34,78626,43438,1.222449224852782,247,163,16825,20578,28221,17553,4142,11386,49098,38789,5778,928,1464,350,3219,3451,21740,9150,4021,2,14,27889,20585,263,2574,224,2331,298,0,2277
901,390,901.292245824919,99852,451,280,112,34,78687,43472,1.2234006329367464,259,167,16904,20537,28100,17436,4173,11545,49098,38789,6018,985,1462,350,3203,3451,21714,9215,4014,4,43,27753,20455,263,2559,237,2442,309,0,2378
902,390,902.2977030166854,99852,447,269,112,34,78759,43510,1.2245022633497575,242,179,16966,20470,28024,17348,4208,11699,49098,38789,6262,1044,1456,350,3196,3457,21670,9301,4003,10,77,27613,20323,262,2544,251,2549,314,1,2475
903,390,903.3062933527156,99852,437,286,112,34,78813,43561,1.2255538196530866,256,160,17011,20435,27940,17214,4243,11870,49098,38789,6510,1105,1453,349,3179,3452,21629,9389,4000,13,99,27475,20207,262,2523,269,2659,324,2,2568
904,390,904.3179026955202,99852,438,283,112,34,78881,43596,1.2265853463125425,246,173,17068,20412,27848,17062,4287,12035,49098,38789,6761,1169,1450,348,3159,3454,21571,9479,3995,16,127,27333,20092,262,2505,282,2782,340,3,2654
905,390,905.3328213862428,99852,431,295,112,34,78948,43639,1.2276869767255538,256,164,17102,20369,27777,16932,4321,12205,49098,38789,7015,1235,1446,347,3142,3454,21516,9581,3988,20,147,27209,19971,262,2487,294,2880,350,6,2752
906,390,906.0107575082344,99852,426,298,112,34,78994,43674,1.2284981773024075,251,154,17122,20298,27715,16824,4373,12391,49098,38789,7272,1304,1442,347,3128,3452,21460,9665,3987,24,168,27068,19850,261,2475,305,2999,363,8,2850
907,390,907.0307105996748,99852,416,301,112,34,79059,43715,1.229559748427673,263,142,17176,20261,27615,16693,4417,12568,49098,38789,7532,1376,1438,347,3108,3458,21424,9748,3975,28,190,26918,19717,261,2459,315,3117,380,10,2959
908,390,908.0544874198401,99852,435,297,112,34,79140,43753,1.2307515122381123,238,145,17249,20206,27507,16562,4458,12755,49098,38789,7794,1450,1435,345,3091,3463,21359,9849,3967,31,214,26785,19586,260,2445,327,3226,393,12,3064
909,390,909.0821771977872,99852,454,292,112,34,79214,43790,1.23186315747306,232,156,17303,20141,27386,16430,4512,12946,49098,38789,8059,1527,1434,343,3068,3470,21297,9955,3962,32,232,26643,19463,260,2434,336,3333,409,15,3166
910,390,910.1140811672927,99852,455,295,112,34,79277,43832,1.232914713776389,235,161,17354,20106,27275,16283,4568,13120,49098,38789,8326,1607,1434,341,3051,3468,21242,10051,3959,32,263,26493,19332,259,2420,348,3455,423,18,3263
911,390,911.1502088875344,99852,468,292,112,34,79338,43876,1.233966270079718,245,158,17387,20048,27156,16171,4631,13296,49098,38789,8595,1689,1431,341,3035,3466,21186,10150,3956,35,286,26353,19190,259,2405,359,3566,434,20,3380
912,390,912.1904787786449,99852,471,282,112,34,79411,43919,1.235127989424348,242,163,17444,19982,27042,16053,4688,13485,49098,38789,8865,1774,1428,341,3018,3469,21139,10251,3949,38,308,26179,19074,259,2386,371,3701,447,30,3464
913,390,913.2351724588186,99852,459,295,112,34,79461,43957,1.236009293754757,258,166,17495,19925,26928,15913,4747,13666,49098,38789,9137,1862,1426,341,3006,3466,21087,10342,3943,40,324,26039,18932,259,2368,384,3817,458,31,3589
914,390,914.2843331252913,99852,478,301,112,34,79544,44018,1.2374514281136082,259,151,17549,19858,26806,15810,4795,13845,49098,38789,9410,1953,1425,340,2992,3468,21020,10450,3939,41,361,25886,18774,258,2359,391,3939,468,33,3708
915,390,915.3380346378351,99852,473,298,112,34,79618,44058,1.2385931178143652,247,163,17616,19808,26698,15674,4853,14022,49098,38789,9684,2046,1421,339,2972,3469,20950,10572,3934,45,386,25741,18644,257,2340,404,4050,483,38,3807
916,390,916.0429902177405,99852,467,297,112,34,79666,44091,1.239404318391219,244,162,17625,19729,26627,15562,4924,14215,49098,38789,9959,2142,1419,339,2953,3466,20908,10659,3932,47,405,25578,18513,257,2323,415,4182,499,42,3915
917,390,917.1039569953286,99852,477,296,112,34,79750,44132,1.2406561711332773,245,181,17672,19670,26502,15434,4991,14384,49098,38789,10235,2241,1413,337,2936,3460,20861,10756,3930,53,431,25416,18362,257,2309,423,4313,513,45,4037
918,390,918.1695033181229,99852,476,291,112,34,79821,44172,1.2417678163682249,239,193,17709,19600,26398,15300,5065,14581,49098,38789,10512,2343,1410,337,2913,3464,20805,10859,3922,56,457,25249,18222,257,2298,429,4447,531,49,4147
919,390,919.2395071270203,99852,468,301,112,34,79871,44221,1.242759283739935,256,199,17742,19534,26285,15181,5136,14750,49098,38789,10789,2448,1408,337,2885,3463,20744,10962,3919,58,482,25106,18075,256,2286,438,4560,555,50,4268
920,390,920.3138189767161,99852,477,327,112,34,79942,44278,1.2440411809478027,277,187,17786,19516,26147,15019,5200,14916,49098,38789,11066,2555,1408,337,2870,3463,20686,11060,3911,58,491,24923,17971,256,2270,452,4713,570,60,4353
921,390,921.0328099285331,99852,468,318,112,34,79987,44313,1.24484236670272,288,186,17809,19442,26041,14917,5281,15102,49098,38789,11343,2665,1404,335,2849,3467,20615,11164,3906,62,515,24772,17838,256,2250,468,4839,590,65,4457
922,390,922.1165121347809,99852,457,331,112,34,80054,44365,1.2460341305131595,307,173,17843,19406,25933,14776,5347,15279,49098,38789,11620,2778,1399,333,2825,3475,20562,11264,3896,67,538,24617,17695,255,2227,484,4962,611,73,4569
923,390,923.2046316235824,99852,455,333,112,34,80134,44410,1.2472859832552177,302,188,17879,19355,25820,14644,5431,15445,49098,38789,11897,2894,1397,332,2806,3482,20495,11384,3888,69,558,24457,17565,252,2204,499,5085,627,83,4669
924,390,924.2976189421136,99852,464,335,112,34,80215,44462,1.2486179545727676,299,181,17913,19315,25699,14521,5512,15613,49098,38789,12173,3013,1393,329,2781,3487,20423,11500,3881,73,590,24312,17409,251,2191,509,5199,649,87,4788
925,390,925.0291189548695,99852,476,332,112,34,80273,44491,1.2494892440812402,288,180,17926,19214,25592,14419,5605,15820,49098,38789,12449,3134,1393,329,2764,3485,20348,11600,3878,73,610,24182,17260,251,2172,528,5313,662,93,4911
926,390,926.1318043620805,99852,468,337,112,34,80351,44544,1.2508011857549173,305,169,17946,19187,25495,14284,5673,15988,49098,38789,12724,3258,1388,328,2746,3489,20268,11727,3871,78,638,24012,17119,251,2155,539,5451,675,99,5018
927,390,927.238916419886,99852,505,332,112,34,80449,44588,1.2522232904698956,292,176,17974,19139,25354,14162,5762,16156,49098,38789,12998,3385,1386,327,2724,3490,20194,11851,3866,80,655,23860,16981,250,2141,551,5568,693,108,5127
928,390,928.3514108569743,99852,499,308,112,34,80518,44633,1.2533649801706526,304,179,17993,19069,25240,14076,5851,16333,49098,38789,13271,3515,1386,326,2701,3493,20136,11970,3860,80,686,23692,16838,249,2123,566,5692,708,118,5228
929,390,929.0957796303635,99852,510,303,112,34,80582,44667,1.2543464327204263,298,175,17990,19011,25133,13961,5956,16515,49098,38789,13543,3647,1386,326,2677,3498,20045,12095,3853,80,708,23542,16709,248,2108,575,5821,728,123,5330
930,390,930.2182026611794,99852,524,306,112,34,80672,44725,1.2558286263670233,292,170,18026,18965,24995,13846,6050,16678,49098,38789,13813,3782,1382,326,2647,3497,19970,12226,3847,84,726,23380,16590,246,2091,586,5950,751,131,5422
931,390,931.3466170474962,99852,538,301,112,34,80756,44773,1.2571505828626368,291,180,18054,18930,24866,13715,6138,16839,49098,38789,14082,3920,1380,325,2630,3496,19912,12354,3843,86,738,23203,16460,245,2074,598,6074,764,140,5530
932,390,932.1020349688737,99852,532,303,112,34,80806,44813,1.2580519168369186,302,184,18046,18852,24760,13609,6247,17017,49098,38789,14349,4060,1379,325,2610,3502,19853,12449,3837,87,755,23027,16325,243,2057,612,6221,782,149,5639
933,390,933.2409279239846,99852,540,312,112,34,80883,44886,1.2595541401273886,314,170,18060,18812,24624,13505,6349,17166,49098,38789,14615,4203,1377,325,2586,3506,19783,12574,3828,89,780,22863,16189,243,2034,632,6348,796,163,5736
934,390,934.0034993295884,99852,538,305,112,34,80942,44920,1.26048551856748,316,163,18053,18755,24531,13398,6449,17344,49098,38789,14879,4348,1374,324,2570,3508,19728,12669,3819,92,804,22696,16042,243,2021,643,6491,806,165,5857
935,390,935.152890032254,99852,568,306,112,34,81034,44976,1.2619677122140769,312,170,18091,18714,24360,13292,6556,17483,49098,38789,15141,4496,1367,324,2557,3511,19646,12801,3815,99,822,22526,15913,240,2008,654,6621,815,179,5954
936,390,936.309220039523,99852,578,299,112,34,81123,45023,1.2633297279974363,322,171,18124,18675,24207,13194,6656,17626,49098,38789,15401,4646,1365,323,2528,3508,19575,12930,3813,100,846,22379,15772,237,1987,667,6732,840,191,6059
937,390,937.0842398529219,99852,560,292,112,34,81173,45058,1.2641809878620358,328,173,18107,18612,24113,13088,6779,17800,49098,38789,15659,4798,1363,322,2508,3506,19502,13056,3811,102,864,22208,15642,235,1973,678,6864,857,199,6162
938,390,938.2528414566989,99852,561,298,112,34,81269,45117,1.265733285262188,325,165,18145,18598,23968,12968,6888,17936,49098,38789,15915,4952,1360,322,2487,3510,19431,13189,3801,105,891,22063,15491,235,1944,696,6975,870,208,6274
939,390,939.0356280244528,99852,554,312,112,34,81324,45160,1.2667147378119616,326,174,18134,18531,23863,12863,7010,18085,49098,38789,16168,5109,1360,322,2466,3508,19343,13322,3795,105,893,21915,15367,235,1938,700,7095,888,218,6382
940,390,940.2164308542725,99852,564,297,112,34,81432,45206,1.2682570203901775,301,189,18145,18515,23747,12772,7130,18192,49098,38789,16419,5268,1356,320,2440,3507,19267,13459,3792,108,918,21743,15227,234,1927,710,7222,908,230,6484
941,390,941.0069998612497,99852,560,302,112,34,81488,45246,1.2692184432960782,305,189,18126,18447,23643,12676,7253,18351,49098,38789,16668,5429,1354,319,2423,3505,19192,13566,3790,109,932,21567,15113,234,1910,723,7380,922,244,6569
942,390,942.1991359000798,99851,544,311,113,34,81576,45302,1.2706733032218005,312,188,18136,18400,23532,12588,7362,18478,49098,38789,16914,5592,1351,318,2396,3505,19131,13692,3780,111,954,21391,14971,234,1895,734,7509,946,258,6675
943,390,943.3966406871949,99851,538,326,113,34,81664,45370,1.2722356310903247,309,169,18157,18373,23415,12492,7467,18605,49098,38789,17158,5757,1347,317,2379,3509,19058,13823,3770,115,987,21227,14825,233,1877,747,7631,961,266,6779
944,390,944.1982416584963,99851,538,324,113,34,81724,45408,1.2732170934692693,313,158,18167,18310,23281,12409,7587,18764,49098,38789,17399,5924,1346,315,2359,3515,18978,13940,3766,116,999,21067,14703,231,1863,759,7761,978,280,6875
945,390,945.0043214237701,99851,543,327,113,34,81779,45441,1.2740984066258725,315,160,18159,18246,23149,12319,7720,18913,49098,38789,17637,6092,1346,314,2340,3516,18884,14071,3762,116,1010,20919,14585,231,1849,770,7882,994,290,6972
946,390,946.2214791222356,99851,547,337,113,34,81873,45500,1.2756306897276943,327,173,18160,18213,23012,12216,7840,19026,49098,38789,17873,6262,1340,314,2322,3524,18795,14214,3752,122,1033,20747,14458,231,1831,784,8013,1007,302,7062
947,390,947.0369087497527,99851,557,341,113,34,81934,45542,1.2766622267178096,333,173,18137,18160,22889,12126,7970,19165,49098,38789,18106,6434,1338,314,2304,3521,18714,14333,3748,124,1048,20591,14333,231,1820,795,8141,1022,317,7157
948,390,948.2675025928011,99851,553,325,113,34,82024,45592,1.2780643158305875,343,177,18142,18149,22755,12045,8093,19269,49098,38789,18336,6607,1336,313,2285,3515,18646,14469,3743,126,1075,20427,14202,228,1798,807,8268,1035,333,7245
949,390,949.0918036665772,99851,590,312,113,34,82108,45626,1.2792460766542149,325,177,18132,18120,22608,11962,8231,19394,49098,38789,18563,6782,1334,313,2269,3519,18549,14597,3735,128,1089,20281,14080,227,1787,816,8394,1047,346,7340
950,390,950.336731162397,99851,557,305,113,34,82192,45683,1.280658180689227,323,178,18143,18112,22516,11874,8347,19496,49098,38789,18788,6958,1330,313,2251,3514,18483,14742,3730,132,1112,20109,13945,226,1774,818,8515,1061,372,7424
951,390,951.1701910981561,99851,542,303,113,34,82250,45712,1.2815294789235963,351,186,18103,18065,22412,11785,8478,19626,49098,38789,19010,7135,1326,313,2239,3506,18407,14865,3727,136,1124,19946,13823,225,1765,825,8650,1070,383,7521
952,390,952.007220544854,99851,537,306,113,34,82319,45752,1.2826211054471162,352,179,18102,18013,22281,11710,8614,19757,49098,38789,19229,7313,1325,311,2219,3509,18314,14998,3723,137,1140,19798,13713,225,1748,840,8770,1084,400,7597
953,390,953.2712266272475,99851,540,306,113,34,82428,45805,1.284243522849045,342,173,18103,18002,22160,11622,8741,19862,49098,38789,19445,7492,1322,311,2200,3511,18229,15148,3714,140,1166,19635,13585,224,1731,850,8888,1098,417,7682
954,390,954.1181162757242,99851,535,316,113,34,82490,45844,1.285255029994692,343,172,18083,17967,22050,11517,8875,19993,49098,38789,19658,7672,1321,311,2187,3514,18146,15273,3708,140,1164,19476,13483,222,1723,854,9019,1110,433,7767
955,390,955.395912200072,99851,537,297,113,34,82603,45887,1.2868173578632163,318,185,18105,17954,21932,11457,8994,20072,49098,38789,19868,7853,1319,310,2160,3516,18082,15410,3696,142,1196,19306,13359,220,1708,865,9143,1128,448,7843
956,390,956.2519054513432,99851,529,298,113,34,82653,45927,1.2877187008642879,320,171,18088,17907,21827,11382,9122,20207,49098,38789,20075,8035,1317,310,2144,3521,18015,15518,3688,144,1198,19156,13257,219,1690,880,9265,1142,474,7913
957,390,957.1118837006672,99851,527,310,113,34,82730,45972,1.2889405213768514,310,160,18066,17889,21725,11287,9258,20319,49098,38789,20279,8218,1311,307,2124,3527,17925,15640,3681,150,1214,19010,13149,218,1677,890,9389,1160,490,7989
958,390,958.4093041080986,99850,506,311,114,34,82821,46023,1.2903755633450176,309,175,18056,17902,21652,11203,9362,20374,49098,38789,20481,8402,1309,304,2108,3527,17848,15781,3675,152,1238,18856,13030,215,1659,901,9504,1169,509,8065
959,390,959.2768941516106,99850,501,314,114,34,82877,46074,1.2914471707561341,305,175,18041,17879,21531,11133,9507,20464,49098,38789,20680,8586,1305,304,2098,3529,17781,15889,3668,156,1255,18693,12910,215,1641,913,9641,1177,526,8149
960,390,960.1486986801875,99850,496,312,114,34,82940,46116,1.2924987481221832,312,165,18024,17845,21409,11071,9644,20572,49098,38789,20876,8771,1303,303,2085,3524,17717,16000,3663,158,1276,18541,12794,215,1628,923,9765,1187,538,8230
961,390,961.0255591276292,99850,501,307,114,34,83002,46150,1.2934601902854281,315,163,17998,17817,21284,11003,9787,20675,49098,38789,21069,8956,1300,301,2073,3528,17644,16120,3658,161,1284,18394,12695,214,1607,937,9879,1196,552,8307
962,390,962.3498693751088,99850,516,295,114,34,83111,46201,1.2950625938908362,297,158,18005,17829,21160,10938,9907,20745,49098,38789,21259,9141,1294,301,2060,3523,17563,16264,3653,167,1302,18244,12591,214,1595,945,9989,1200,575,8370
963,390,963.2371806522166,99850,515,277,114,34,83175,46225,1.2959439158738106,300,170,17990,17798,21040,10886,10040,20834,49098,38789,21446,9326,1293,301,2045,3527,17457,16409,3647,168,1304,18106,12498,214,1576,957,10104,1211,589,8444
964,390,964.1294711252606,99850,534,280,114,34,83259,46258,1.2971156735102654,271,172,17971,17757,20939,10812,10170,20944,49098,38789,21630,9512,1288,301,2030,3527,17348,16561,3644,172,1304,17970,12407,214,1569,960,10210,1223,605,8517
965,390,965.0266517626732,99850,509,280,114,34,83313,46301,1.298087130696044,270,172,17942,17737,20858,10750,10306,21026,49098,38789,21811,9698,1284,301,2008,3529,17248,16708,3638,176,1319,17840,12300,213,1563,962,10311,1238,619,8593
966,390,966.3789853515185,99850,505,289,114,34,83407,46355,1.2995693540310467,269,186,17965,17728,20733,10679,10413,21083,49098,38789,21990,9884,1283,300,1993,3534,17186,16845,3626,177,1332,17674,12213,212,1546,970,10424,1249,634,8652
967,390,967.2849822960526,99850,497,285,114,34,83456,46397,1.3004807210816225,294,182,17966,17713,20589,10618,10539,21167,49098,38789,22166,10069,1282,295,1980,3541,17111,16968,3620,178,1332,17548,12114,212,1535,979,10514,1258,655,8728
968,390,968.1968001091564,99850,491,279,114,34,83519,46428,1.3014221331997997,296,198,17961,17728,20465,10534,10672,21226,49098,38789,22339,10254,1281,294,1966,3542,17047,17079,3616,179,1347,17407,12004,212,1528,981,10618,1272,669,8808
969,390,969.1143155755675,99850,487,288,114,34,83578,46467,1.302403605408112,294,187,17957,17702,20336,10478,10811,21310,49098,38789,22509,10439,1279,294,1947,3540,16954,17201,3613,181,1359,17287,11904,212,1513,993,10721,1288,683,8881
970,390,970.0374742398108,99850,479,294,114,34,83640,46502,1.303375062593891,277,193,17944,17687,20245,10402,10940,21389,49098,38789,22677,10624,1277,293,1935,3544,16868,17327,3604,182,1366,17158,11815,212,1497,1007,10824,1297,698,8946
971,390,971.4306769945247,99850,470,298,114,34,83727,46566,1.3048873309964948,278,187,17993,17690,20106,10360,11038,21430,49098,38789,22842,10808,1274,293,1927,3548,16802,17466,3597,184,1382,17009,11711,212,1486,1014,10917,1300,715,9013
972,390,972.3645830735547,99850,464,293,114,34,83782,46602,1.3057986980470706,271,180,18005,17717,19969,10296,11176,21479,49098,38789,23004,10992,1271,292,1912,3546,16725,17593,3593,186,1388,16885,11629,211,1471,1025,11008,1311,732,9072
973,390,973.3050923080134,99850,464,290,114,34,83850,46648,1.306940410615924,265,172,17996,17713,19859,10244,11301,21546,49098,38789,23164,11175,1269,290,1896,3548,16661,17705,3585,187,1399,16753,11534,211,1463,1029,11111,1322,750,9137
974,390,974.2515018228006,99850,465,285,114,34,83917,46679,1.3079218828242363,254,180,17994,17712,19740,10181,11432,21607,49098,38789,23321,11358,1264,290,1885,3551,16581,17828,3581,192,1407,16627,11445,210,1446,1043,11205,1328,766,9201
975,390,975.2035360781496,99850,458,285,114,34,83980,46725,1.3090135202804207,254,167,17972,17725,19644,10138,11557,21650,49098,38789,23475,11540,1261,290,1868,3557,16494,17955,3575,194,1420,16513,11354,208,1430,1052,11297,1340,783,9259
976,390,976.1604772640771,99850,456,278,114,34,84040,46758,1.309944917376064,266,173,17948,17738,19527,10081,11688,21695,49098,38789,23627,11721,1260,290,1855,3557,16421,18072,3571,195,1423,16379,11266,208,1416,1065,11399,1348,805,9320
977,390,977.1230668830274,99849,451,273,115,34,84110,46796,1.3110396699015514,258,181,17935,17737,19435,10043,11805,21731,49098,38789,23776,11901,1257,288,1842,3567,16343,18191,3559,198,1435,16261,11168,208,1407,1073,11486,1357,821,9388
978,390,978.0904670401596,99849,449,269,115,34,84172,46838,1.3120812426764414,262,170,17923,17738,19333,10003,11917,21785,49098,38789,23923,12080,1255,288,1830,3567,16275,18305,3554,200,1446,16141,11078,208,1397,1079,11572,1367,840,9447
979,390,979.0628214510114,99849,428,280,115,34,84221,46876,1.3129525583631283,265,157,17911,17732,19245,9942,12035,21854,49098,38789,24067,12258,1252,287,1819,3570,16195,18422,3551,203,1444,16037,10994,205,1378,1093,11654,1375,863,9507
980,390,980.0405581746278,99848,442,285,116,34,84282,46914,1.3139572149667496,262,164,17903,17732,19132,9879,12144,21905,49098,38789,24209,12435,1248,287,1806,3568,16115,18533,3550,207,1451,15920,10917,205,1365,1101,11753,1386,882,9554
981,390,981.0231923311615,99848,442,290,116,34,84341,46961,1.3150188286195017,264,149,17927,17750,18997,9837,12253,21939,49098,38789,24348,12611,1247,287,1792,3566,16041,18650,3545,208,1462,15801,10835,205,1355,1108,11845,1395,900,9606
982,390,982.0124517569317,99848,450,273,116,34,84401,46991,1.315920198702027,273,151,17908,17769,18884,9803,12368,21969,49098,38789,24485,12786,1246,287,1776,3568,15963,18766,3540,209,1462,15695,10758,205,1344,1114,11929,1407,921,9658
983,390,983.0078790991257,99848,440,277,116,34,84472,47033,1.3170519189167536,264,146,17899,17765,18798,9755,12482,22022,49098,38789,24620,12960,1242,286,1765,3570,15901,18881,3534,212,1470,15562,10681,205,1333,1121,12023,1414,942,9706
984,390,984.0082067888821,99848,440,268,116,34,84532,47068,1.3180033651149747,269,152,17897,17773,18688,9712,12589,22060,49098,38789,24752,13133,1239,286,1749,3571,15832,18997,3532,213,1484,15431,10603,205,1326,1127,12120,1423,955,9755
985,390,985.0144829583196,99848,440,276,116,34,84596,47107,1.3190349330983093,268,152,17884,17789,18598,9651,12693,22097,49098,38789,24882,13305,1237,285,1738,3567,15755,19115,3529,214,1491,15325,10531,205,1316,1135,12200,1432,965,9808
986,390,986.0259074911071,99848,453,257,116,34,84672,47141,1.3201366076436183,251,154,17888,17806,18488,9621,12803,22127,49098,38789,25010,13475,1233,285,1729,3573,15675,19242,3521,216,1497,15216,10452,205,1309,1137,12273,1439,983,9863
987,390,987.0427154121855,99848,452,256,116,34,84729,47184,1.3211381299575355,258,133,17917,17816,18378,9594,12878,22166,49098,38789,25136,13644,1232,285,1719,3577,15596,19362,3515,217,1498,15108,10378,204,1304,1140,12353,1446,1004,9910
988,390,988.066036119272,99848,433,253,116,34,84800,47218,1.3221897283871484,234,140,17941,17843,18294,9548,12981,22181,49098,38789,25260,13812,1227,285,1704,3576,15528,19482,3507,222,1505,14986,10304,204,1300,1142,12438,1457,1021,9960
989,390,989.0948137562701,99848,419,246,116,34,84857,47248,1.3230610528002564,231,153,17949,17872,18205,9498,13079,22196,49098,38789,25381,13978,1222,285,1694,3572,15447,19612,3501,227,1507,14878,10242,204,1295,1147,12517,1461,1031,10006
990,390,990.1287703931295,99848,433,250,116,34,84922,47281,1.3240425446678952,227,159,17949,17895,18096,9435,13178,22226,49098,38789,25500,14143,1220,283,1684,3574,15370,19722,3497,229,1510,14775,10178,204,1288,1152,12596,1470,1046,10050
991,390,991.1685139300264,99848,429,256,116,34,84977,47324,1.325024036535534,225,157,17950,17923,18006,9387,13273,22242,49098,38789,25617,14306,1219,283,1673,3573,15294,19834,3492,230,1518,14676,10107,204,1284,1155,12669,1479,1060,10098
992,390,992.2136293534296,99847,427,259,117,34,85037,47366,1.326058870071209,243,145,17946,17969,17904,9350,13362,22242,49098,38789,25732,14468,1217,280,1658,3575,15224,19947,3489,230,1522,14579,10040,204,1279,1160,12736,1489,1076,10142
993,390,993.2632486507398,99847,417,261,117,34,85099,47399,1.3270103257984716,234,145,17953,18023,17813,9294,13465,22242,49098,38789,25845,14628,1214,277,1652,3574,15164,20058,3486,233,1524,14474,9979,204,1272,1162,12808,1490,1091,10185
994,390,994.3132001497324,99847,394,246,117,34,85146,47433,1.3278215669975062,239,150,17972,18053,17714,9270,13563,22246,49098,38789,25956,14787,1211,277,1642,3575,15109,20160,3481,235,1531,14376,9903,203,1262,1168,12876,1495,1111,10232
995,390,995.3622881607065,99847,410,268,117,34,85227,47485,1.329153605015674,212,145,17992,18097,17622,9215,13646,22240,49098,38789,26065,14944,1209,276,1627,3574,15047,20269,3479,237,1530,14285,9848,202,1248,1178,12937,1503,1126,10272
996,390,996.4105301733604,99847,407,258,117,34,85286,47515,1.3300449688022675,208,147,17989,18145,17537,9187,13741,22228,49098,38789,26172,15100,1204,275,1618,3577,14978,20373,3475,242,1536,14185,9772,201,1241,1182,13013,1509,1144,10322
997,390,997.4583135389137,99847,409,264,117,34,85351,47553,1.3310765471170891,210,132,18002,18184,17447,9135,13814,22250,49098,38789,26278,15254,1204,271,1604,3584,14926,20470,3467,242,1535,14094,9712,200,1235,1187,13075,1518,1162,10361
998,390,998.5056482294524,99847,409,272,117,34,85407,47594,1.3320480334912417,207,125,18018,18205,17351,9103,13897,22260,49098,38789,26382,15406,1201,271,1593,3578,14855,20579,3465,244,1545,14007,9647,200,1229,1193,13141,1524,1172,10403
999,390,999.0285618768579,99847,411,265,117,34,85434,47609,1.3324686770759262,204,126,17995,18192,17266,9076,14006,22306,49098,38789,26484,15557,1201,270,1586,3578,14787,20667,3462,244,1541,13920,9600,200,1218,1201,13216,1531,1190,10435
1000,390,1000.076691697029,99847,392,255,117,34,85492,47641,1.3333700561859645,221,136,18012,18246,17180,9029,14077,22299,49098,38789,26584,15706,1200,269,1576,3581,14731,20782,3457,245,1541,13818,9549,199,1204,1212,13275,1536,1206,10466
1001,390,1001.123923491834,99847,387,252,117,34,85545,47671,1.3342013280318887,240,141,18013,18294,17091,8988,14151,22290,49098,38789,26682,15853,1200,268,1559,3583,14660,20895,3450,245,1541,13733,9500,198,1200,1215,13332,1550,1222,10496
1002,390,1002.1706559673502,99847,388,260,117,34,85612,47710,1.3352629523170452,228,131,18039,18325,16994,8957,14233,22292,49098,38789,26779,15999,1193,267,1546,3583,14621,20972,3443,252,1550,13635,9446,196,1193,1221,13405,1561,1238,10525
1003,390,1003.21627635705,99847,388,258,117,34,85668,47746,1.3361843620739733,233,131,18059,18358,16899,8920,14303,22298,49098,38789,26874,16143,1191,266,1533,3588,14559,21072,3437,253,1559,13563,9382,194,1185,1226,13451,1571,1252,10565
1004,390,1004.2609604392989,99847,398,259,117,34,85726,47781,1.3371157871543462,229,122,18069,18412,16811,8890,14375,22282,49098,38789,26967,16285,1190,265,1529,3587,14500,21170,3435,254,1567,13480,9328,194,1174,1232,13509,1572,1266,10595
1005,390,1005.3045947755851,99847,391,245,117,34,85789,47808,1.3380171662643845,216,122,18078,18456,16758,8860,14439,22282,49098,38789,27059,16426,1190,265,1522,3582,14470,21253,3429,254,1574,13377,9272,194,1162,1241,13578,1576,1287,10621
1006,390,1006.3480340502964,99847,385,238,117,34,85847,47841,1.3389285606978678,208,120,18083,18489,16705,8835,14501,22283,49098,38789,27149,16565,1190,264,1512,3593,14401,21359,3417,254,1573,13302,9213,194,1155,1245,13626,1585,1312,10652
1007,390,1007.3909695328775,99847,388,234,117,34,85900,47876,1.3398099091610163,217,114,18101,18511,16605,8804,14571,22302,49098,38789,27237,16702,1188,264,1504,3594,14353,21445,3413,256,1577,13212,9162,194,1145,1253,13689,1591,1330,10677
1008,390,1008.4332542308491,99847,413,240,117,34,85973,47916,1.3409416407102868,204,111,18120,18525,16498,8788,14647,22301,49098,38789,27324,16837,1188,264,1493,3597,14292,21542,3408,256,1574,13133,9115,194,1138,1254,13743,1600,1350,10706
1009,390,1009.4744718253205,99847,415,240,117,34,86023,47953,1.3418129738499904,215,107,18118,18566,16427,8749,14707,22303,49098,38789,27409,16971,1184,263,1480,3598,14249,21615,3406,260,1578,13057,9058,194,1131,1258,13799,1609,1375,10733
1010,390,1010.5155908610814,99847,409,242,117,34,86076,47986,1.3426742916662493,222,113,18132,18600,16359,8723,14760,22287,49098,38789,27493,17103,1183,263,1472,3598,14199,21709,3401,259,1586,12981,8997,193,1131,1258,13845,1613,1384,10775
1011,390,1011.035542798232,99847,421,245,117,34,86110,48007,1.3432251344557173,218,107,18112,18602,16277,8699,14854,22312,49098,38789,27575,17233,1183,263,1465,3598,14142,21786,3400,259,1580,12909,8960,192,1127,1261,13902,1619,1398,10803
1012,390,1012.0770062068059,99847,423,245,117,34,86166,48032,1.3440363756547518,216,118,18142,18656,16191,8669,14910,22277,49098,38789,27656,17362,1182,261,1455,3596,14092,21868,3399,260,1584,12839,8909,192,1122,1264,13953,1624,1415,10832
1013,390,1013.1168250668366,99847,416,231,117,34,86218,48059,1.3448275862068966,221,121,18145,18720,16130,8637,14970,22256,49098,38789,27736,17489,1179,259,1451,3604,14041,21958,3391,262,1584,12750,8854,192,1121,1262,14016,1625,1434,10864
1014,390,1014.1558692701087,99847,411,224,117,34,86276,48093,1.3457489959638247,211,117,18163,18757,16063,8631,15034,22236,49098,38789,27814,17614,1177,259,1443,3597,13989,22055,3388,264,1588,12678,8810,190,1112,1266,14065,1629,1455,10882
1015,390,1015.1949515008572,99847,398,216,117,34,86334,48119,1.3465902831331937,208,122,18192,18816,16001,8601,15083,22210,49098,38789,27891,17738,1173,258,1435,3597,13946,22155,3384,268,1587,12596,8765,190,1105,1269,14106,1634,1462,10917
1016,390,1016.2324982353803,99847,388,205,117,34,86387,48150,1.347431570302563,204,122,18218,18864,15938,8590,15134,22184,49098,38789,27967,17860,1171,256,1428,3602,13916,22235,3378,269,1591,12511,8715,190,1098,1272,14153,1638,1480,10944
1017,390,1017.2689181911295,99847,388,220,117,34,86442,48187,1.3483529800594911,205,118,18235,18915,15872,8548,15182,22164,49098,38789,28041,17980,1169,256,1423,3598,13862,22317,3376,271,1596,12444,8672,189,1092,1276,14204,1642,1491,10969
1018,390,1018.304066064429,99847,406,218,117,34,86513,48214,1.3493344817570883,186,116,18272,18950,15784,8518,15234,22163,49098,38789,28114,18099,1167,256,1414,3597,13801,22411,3374,273,1593,12398,8627,189,1084,1281,14228,1648,1507,10999
1019,390,1019.3376020226216,99847,406,222,117,34,86562,48247,1.3501557382795677,184,112,18304,19002,15694,8499,15294,22130,49098,38789,28186,18216,1166,256,1407,3601,13766,22479,3367,274,1594,12330,8581,187,1074,1288,14274,1653,1525,11025
1020,390,1020.3691515614709,99847,402,222,117,34,86611,48277,1.3509469488317125,186,126,18347,19032,15625,8476,15322,22109,49098,38789,28256,18331,1164,255,1399,3598,13717,22560,3365,276,1596,12269,8546,186,1064,1295,14318,1658,1542,11039
1021,390,1021.3984970840394,99847,408,217,117,34,86667,48308,1.3518182819714162,197,126,18373,19082,15542,8458,15362,22082,49098,38789,28325,18445,1162,255,1394,3602,13679,22626,3358,277,1601,12211,8490,186,1058,1300,14358,1659,1561,11070
1022,390,1022.4255358609789,99847,408,223,117,34,86726,48345,1.352779753022124,191,129,18378,19135,15486,8427,15419,22051,49098,38789,28393,18557,1161,254,1385,3604,13622,22713,3352,278,1606,12154,8447,185,1047,1307,14401,1665,1576,11090
1023,390,1023.4522107274236,99847,392,230,117,34,86773,48379,1.3535909942211584,200,134,18399,19189,15431,8388,15460,22024,49098,38789,28460,18667,1156,254,1378,3604,13571,22802,3349,282,1611,12092,8404,185,1042,1309,14438,1666,1594,11110
1024,390,1024.478407295905,99846,367,230,118,34,86819,48416,1.3544358311800173,199,126,18443,19233,15393,8368,15479,22008,49098,38789,28526,18776,1154,253,1370,3604,13539,22883,3344,284,1618,12013,8359,184,1035,1312,14491,1667,1608,11128
1025,390,1025.5022980358838,99846,357,217,118,34,86877,48439,1.355247080503976,195,129,18462,19299,15360,8353,15507,21967,49098,38789,28591,18883,1151,253,1359,3606,13494,22970,3339,287,1619,11952,8321,183,1030,1315,14522,1674,1627,11144
1026,390,1026.0133894341968,99846,354,210,118,34,86894,48454,1.3555675740640587,193,131,18462,19307,15303,8331,15569,21986,49098,38789,28655,18989,1150,253,1355,3606,13447,23036,3338,288,1614,11890,8291,183,1024,1320,14570,1675,1645,11161
1027,390,1027.0367329754367,99846,349,209,118,34,86931,48490,1.356298699997997,200,119,18493,19358,15246,8321,15593,21958,49098,38789,28717,19093,1149,252,1347,3605,13420,23099,3335,289,1618,11815,8251,183,1018,1324,14622,1679,1663,11177
1028,390,1028.0581381982886,99846,365,207,118,34,86988,48518,1.357150011016966,182,120,18531,19416,15182,8306,15621,21916,49098,38789,28778,19195,1146,252,1338,3605,13385,23168,3330,292,1622,11761,8203,183,1015,1326,14653,1683,1673,11211
1029,390,1029.0774717164943,99846,362,204,118,34,87039,48548,1.357961260340925,181,117,18541,19445,15133,8296,15664,21903,49098,38789,28838,19296,1144,251,1328,3603,13352,23242,3327,294,1623,11708,8166,183,1008,1329,14680,1691,1690,11227
1030,390,1030.0960909874627,99846,347,191,118,34,87079,48573,1.3586122628848427,207,118,18556,19494,15081,8293,15690,21869,49098,38789,28897,19395,1142,251,1319,3604,13319,23314,3322,295,1633,11649,8115,183,1000,1336,14711,1696,1702,11255
1031,390,1031.1140482615908,99846,329,200,118,34,87121,48609,1.3593934659375437,204,109,18592,19550,15042,8271,15714,21835,49098,38789,28955,19493,1142,251,1306,3607,13277,23397,3315,295,1634,11605,8085,183,995,1334,14734,1702,1716,11268
1032,390,1032.1304705618538,99846,339,194,118,34,87173,48630,1.3601245918714822,195,113,18623,19611,14984,8246,15740,21801,49098,38789,29012,19589,1142,251,1301,3610,13238,23459,3310,295,1636,11550,8044,183,990,1336,14778,1703,1733,11287
1033,390,1033.1449003785203,99846,328,192,118,34,87219,48666,1.3609458566191937,192,109,18657,19673,14945,8235,15759,21756,49098,38789,29068,19684,1137,249,1295,3612,13206,23535,3306,299,1635,11495,8004,182,986,1338,14804,1705,1749,11309
1034,390,1034.1576291701817,99846,331,186,118,34,87275,48696,1.3618071830619154,169,97,18709,19732,14884,8223,15788,21727,49098,38789,29123,19777,1137,249,1291,3613,13155,23622,3302,299,1635,11449,7968,180,979,1342,14826,1708,1765,11326
1035,390,1035.168451745481,99846,328,180,118,34,87315,48722,1.3624682010295857,175,96,18745,19791,14822,8206,15811,21692,49098,38789,29177,19869,1137,249,1285,3616,13118,23686,3297,298,1638,11403,7933,180,977,1344,14855,1712,1777,11341
1036,390,1036.1769245866196,99846,338,190,118,34,87366,48748,1.3632393886585341,165,99,18781,19836,14761,8179,15836,21661,49098,38789,29231,19960,1135,249,1282,3617,13078,23751,3292,300,1636,11352,7905,180,974,1345,14889,1713,1792,11356
1037,390,1037.1838120188916,99846,329,182,118,34,87411,48766,1.3638703603549467,169,103,18797,19903,14711,8161,15875,21616,49098,38789,29284,20049,1134,249,1278,3613,13037,23826,3290,301,1646,11304,7864,180,969,1349,14911,1716,1807,11372
1038,390,1038.1894787682618,99846,318,190,118,34,87453,48799,1.36462151713639,156,94,18829,19954,14684,8134,15894,21593,49098,38789,29336,20137,1133,249,1271,3615,12996,23894,3284,302,1651,11263,7825,180,965,1350,14937,1719,1820,11392
1039,390,1039.1935496338906,99846,324,175,118,34,87503,48817,1.3653025659515654,143,107,18873,19996,14629,8131,15912,21556,49098,38789,29387,20223,1130,248,1261,3615,12978,23949,3280,305,1652,11206,7795,180,960,1353,14972,1723,1833,11406
1040,390,1040.19595284773,99846,312,172,118,34,87539,48842,1.3659135068004726,149,105,18919,20050,14572,8116,15929,21522,49098,38789,29437,20308,1129,247,1255,3616,12938,24023,3277,305,1654,11168,7763,180,953,1358,14992,1724,1850,11414
1041,390,1041.196108647654,99846,296,174,118,34,87573,48870,1.3665344630731326,159,104,18957,20098,14516,8095,15953,21494,49098,38789,29486,20392,1126,247,1250,3612,12915,24077,3276,308,1651,11114,7736,180,952,1358,15023,1727,1870,11424
1042,390,1042.1942456298173,99846,299,174,118,34,87610,48898,1.3671854656170503,159,101,18995,20153,14452,8083,15976,21454,49098,38789,29534,20474,1124,246,1246,3613,12894,24123,3273,310,1652,11079,7700,180,943,1363,15043,1729,1884,11444
1043,390,1043.190392752569,99846,284,167,118,34,87638,48914,1.3676261442621638,179,96,19052,20211,14385,8061,15981,21430,49098,38789,29582,20555,1123,246,1239,3616,12859,24187,3269,311,1654,11031,7679,178,938,1365,15071,1734,1894,11452
1044,390,1044.1837525284532,99846,288,154,118,34,87685,48934,1.3682971776535866,166,91,19098,20286,14341,8054,15988,21380,49098,38789,29629,20635,1122,246,1234,3619,12826,24258,3261,312,1652,10985,7653,178,934,1368,15091,1736,1907,11464
1045,390,1045.1743302899272,99846,277,167,118,34,87716,48961,1.3688780722312361,168,90,19113,20346,14316,8018,16007,21344,49098,38789,29675,20714,1120,246,1232,3616,12783,24320,3260,314,1656,10937,7623,178,932,1369,15128,1735,1910,11487
1046,390,1046.1638940039431,99846,286,163,118,34,87761,48986,1.3695791518939167,166,83,19148,20393,14272,8010,16009,21316,49098,38789,29720,20791,1118,244,1227,3617,12743,24386,3259,316,1662,10896,7589,178,932,1368,15150,1737,1919,11505
1047,390,1047.1516528721236,99846,272,164,118,34,87793,49008,1.370119984776556,165,90,19193,20452,14232,7983,16019,21276,49098,38789,29765,20867,1115,244,1221,3619,12710,24445,3252,319,1663,10859,7561,178,931,1369,15170,1741,1930,11519
1048,390,1048.1379065701174,99846,266,155,118,34,87830,49028,1.370690863930453,166,88,19234,20537,14184,7953,16031,21232,49098,38789,29809,20942,1112,244,1210,3621,12678,24506,3247,322,1665,10819,7540,178,923,1376,15192,1747,1940,11526
1049,390,1049.1219288751095,99846,264,149,118,34,87868,49045,1.3712417122368448,161,97,19285,20595,14125,7920,16046,21204,49098,38789,29852,21016,1111,244,1204,3622,12648,24557,3245,323,1669,10768,7520,177,919,1379,15226,1752,1953,11529
1050,390,1050.103702479227,99846,266,150,118,34,87907,49067,1.371852653085752,156,94,19346,20664,14065,7901,16048,21156,49098,38789,29895,21089,1110,244,1199,3621,12617,24612,3239,324,1667,10743,7492,177,914,1384,15235,1757,1966,11545
1051,390,1051.082639331856,99846,272,156,118,34,87946,49094,1.3725136710534223,152,84,19366,20727,14025,7884,16066,21114,49098,38789,29937,21160,1110,244,1190,3621,12590,24662,3236,323,1670,10709,7462,176,910,1387,15258,1763,1973,11562
1052,390,1052.0600902237456,99846,284,163,118,34,87985,49122,1.373184704444845,154,74,19404,20808,13978,7859,16061,21061,49098,38789,29978,21230,1110,244,1187,3620,12560,24707,3234,323,1669,10664,7437,176,908,1389,15294,1763,1990,11571
1053,390,1053.0357382167495,99846,282,151,118,34,88019,49137,1.3736754602087213,149,82,19441,20867,13943,7842,16066,21023,49098,38789,30018,21299,1108,244,1178,3622,12547,24750,3232,325,1669,10617,7415,176,902,1393,15320,1770,2001,11577
1054,390,1054.0092141948073,99846,274,141,118,34,88057,49156,1.3742463393626185,156,77,19465,20931,13902,7827,16084,20989,49098,38789,30058,21367,1108,242,1175,3623,12519,24811,3230,325,1669,10583,7390,176,898,1393,15334,1771,2014,11585
1055,390,1055.4670992988365,99846,268,146,118,34,88110,49185,1.3750676041103298,158,75,19533,21040,13859,7787,16063,20917,49098,38789,30097,21434,1108,242,1171,3621,12496,24875,3227,325,1675,10541,7364,176,891,1397,15347,1773,2024,11593
1056,390,1056.4364254441666,99846,270,149,118,34,88147,49208,1.3756685295354847,150,67,19572,21101,13819,7768,16070,20880,49098,38789,30136,21500,1107,242,1167,3619,12481,24920,3226,326,1673,10497,7342,176,889,1398,15369,1776,2031,11607
1057,390,1057.4037554430327,99846,268,140,118,34,88179,49225,1.376159285299361,156,70,19616,21172,13781,7752,16060,20831,49098,38789,30174,21565,1104,242,1161,3617,12458,24966,3226,329,1668,10461,7325,176,885,1398,15391,1780,2055,11604
1058,390,1058.3691204509328,99846,276,129,118,34,88214,49238,1.3766400256394848,153,71,19650,21221,13746,7741,16056,20803,49098,38789,30211,21629,1102,242,1160,3618,12435,25012,3222,331,1671,10420,7303,176,884,1398,15417,1780,2062,11613
1059,390,1059.3326766334985,99846,272,124,118,34,88249,49250,1.377110750555856,147,86,19700,21280,13702,7707,16060,20768,49098,38789,30248,21692,1100,242,1155,3616,12410,25061,3221,333,1665,10390,7284,175,880,1401,15432,1782,2080,11619
1060,390,1060.2941589053378,99846,277,122,118,34,88286,49265,1.3776315525909901,148,84,19758,21342,13657,7684,16041,20733,49098,38789,30284,21754,1099,242,1149,3615,12385,25108,3218,334,1668,10358,7265,175,877,1402,15450,1787,2088,11626
1061,390,1061.2528627789422,99846,272,140,118,34,88318,49299,1.3782925705586604,154,71,19819,21395,13605,7660,16031,20699,49098,38789,30320,21815,1099,242,1145,3616,12359,25153,3215,334,1666,10327,7238,175,877,1401,15468,1788,2103,11640
1062,390,1062.208452434556,99846,269,125,118,34,88350,49309,1.3787132183562687,150,85,19865,21463,13567,7644,16030,20648,49098,38789,30355,21875,1096,241,1142,3614,12344,25199,3213,337,1663,10281,7223,175,875,1401,15496,1787,2115,11644
1063,390,1063.1621442256856,99846,266,126,118,34,88388,49323,1.3792340203914029,136,89,19927,21516,13521,7615,16031,20619,49098,38789,30390,21934,1096,241,1138,3614,12312,25252,3211,337,1661,10253,7201,174,873,1402,15510,1790,2123,11658
1064,390,1064.1130358697653,99846,272,135,118,34,88437,49347,1.379965146325341,112,80,19970,21592,13497,7580,16030,20578,49098,38789,30424,21992,1094,241,1135,3612,12287,25306,3209,338,1658,10215,7185,174,871,1402,15528,1793,2129,11669
1065,390,1065.0614720096778,99846,264,128,118,34,88464,49364,1.3804058249704545,114,80,20010,21665,13462,7568,16031,20524,49098,38789,30457,22049,1092,241,1133,3612,12263,25362,3207,340,1662,10176,7164,174,867,1405,15543,1793,2136,11676
1066,390,1066.0081517124383,99846,249,136,118,34,88488,49384,1.380846503615568,113,71,20069,21721,13419,7556,16031,20481,49098,38789,30490,22105,1091,240,1128,3612,12239,25407,3205,341,1666,10147,7144,174,864,1407,15559,1795,2142,11685
1067,390,1067.4239611895862,99846,254,126,118,34,88534,49406,1.3815275524307433,109,81,20159,21821,13358,7532,16001,20405,49098,38789,30522,22160,1090,239,1125,3611,12222,25453,3203,342,1670,10109,7126,174,861,1408,15580,1795,2157,11681
1068,390,1068.3639879966345,99845,247,118,118,35,88560,49422,1.3819620411638038,117,79,20185,21876,13331,7526,16001,20365,49098,38789,30554,22214,1088,239,1116,3613,12201,25499,3199,344,1675,10079,7110,174,860,1408,15594,1798,2165,11683
1069,390,1069.302706611023,99845,249,123,118,35,88585,49445,1.382442786318794,118,78,20246,21946,13275,7502,15993,20315,49098,38789,30585,22267,1088,238,1113,3618,12173,25542,3195,344,1672,10050,7093,174,859,1409,15613,1799,2174,11691
1070,390,1070.238638529949,99845,238,138,118,35,88610,49474,1.3829836246181582,127,64,20303,22007,13237,7479,15976,20276,49098,38789,30616,22319,1088,238,1110,3621,12158,25582,3189,343,1670,10015,7079,173,856,1412,15631,1800,2182,11698
1071,390,1071.1721306505021,99845,233,138,118,35,88648,49492,1.3835444939656467,116,61,20349,22080,13210,7462,15973,20223,49098,38789,30647,22371,1087,238,1105,3619,12125,25640,3184,344,1675,9995,7058,172,854,1412,15638,1804,2189,11706
1072,390,1072.1036822252754,99845,237,129,118,35,88682,49504,1.3840052080725125,106,65,20405,22141,13174,7445,15959,20184,49098,38789,30677,22422,1085,237,1101,3623,12104,25682,3180,345,1671,9977,7036,172,851,1413,15646,1804,2198,11720
1073,390,1073.0327951482964,99845,230,129,118,35,88705,49525,1.3844458911312534,107,60,20445,22205,13147,7422,15952,20148,49098,38789,30707,22472,1083,237,1100,3623,12084,25722,3179,346,1666,9954,7021,172,848,1413,15656,1804,2215,11722
1074,390,1074.4226146920403,99845,224,123,118,35,88754,49544,1.3851269467674896,95,71,20551,22303,13107,7401,15904,20066,49098,38789,30736,22521,1083,237,1094,3625,12060,25786,3175,346,1669,9921,7006,171,844,1414,15666,1805,2219,11724
1075,390,1075.3455250260906,99845,209,116,118,35,88771,49558,1.3854374280134207,101,70,20609,22353,13072,7400,15890,20025,49098,38789,30765,22569,1081,237,1086,3625,12043,25825,3169,348,1669,9898,6987,171,841,1416,15676,1811,2230,11732
1076,390,1076.2658862140472,99845,210,126,118,35,88796,49575,1.3858580800240372,103,71,20654,22415,13044,7366,15870,19986,49098,38789,30793,22617,1080,237,1084,3626,12023,25863,3167,349,1667,9871,6973,171,835,1422,15690,1810,2237,11740
1077,390,1077.1841296340112,99845,205,122,118,35,88822,49589,1.386258700986529,92,74,20717,22459,13004,7353,15863,19956,49098,38789,30821,22664,1079,237,1081,3622,12011,25899,3167,349,1672,9837,6953,171,835,1422,15710,1811,2240,11749
1078,390,1078.0998984649507,99845,185,122,118,35,88840,49603,1.3865791977565227,98,73,20778,22504,12973,7337,15847,19928,49098,38789,30848,22710,1079,237,1075,3620,11993,25942,3165,349,1674,9814,6935,171,831,1423,15718,1816,2243,11760
1079,390,1079.0130370598213,99845,192,123,118,35,88866,49617,1.3869798187190145,99,70,20825,22560,12937,7319,15828,19892,49098,38789,30875,22755,1079,237,1072,3620,11964,25985,3165,348,1674,9793,6919,171,829,1425,15728,1818,2246,11772
1080,390,1080.3784635828677,99845,200,122,118,35,88903,49640,1.3875807501627522,105,69,20905,22684,12873,7295,15798,19794,49098,38789,30902,22800,1077,236,1069,3621,11946,26026,3163,350,1674,9766,6902,171,828,1424,15738,1819,2256,11779
1081,390,1081.2858949958527,99845,185,127,118,35,88917,49659,1.387911262456808,114,69,20947,22750,12840,7275,15795,19743,49098,38789,30928,22844,1075,236,1064,3620,11938,26056,3160,352,1672,9747,6884,171,825,1423,15749,1821,2262,11790
1082,390,1082.191337167779,99845,179,122,118,35,88941,49675,1.3883118834193,101,67,21001,22801,12824,7273,15776,19701,49098,38789,30954,22887,1072,236,1061,3621,11924,26089,3158,355,1672,9712,6870,170,824,1422,15775,1820,2268,11796
1083,390,1083.0945241056318,99845,182,124,118,35,88966,49688,1.3886924733336672,96,60,21051,22850,12795,7258,15757,19672,49098,38789,30979,22929,1071,236,1056,3621,11910,26117,3156,356,1673,9688,6853,169,824,1421,15790,1825,2276,11803
1084,390,1084.4454765542541,99845,192,133,118,35,88999,49712,1.389263358205218,89,55,21144,22961,12722,7229,15734,19586,49098,38789,31004,22971,1069,235,1052,3620,11889,26157,3155,358,1672,9668,6840,169,822,1421,15801,1828,2281,11808
1085,390,1085.3428408939071,99845,190,129,118,35,89023,49727,1.3896539636436476,78,53,21196,23008,12691,7220,15726,19554,49098,38789,31029,23012,1068,235,1051,3619,11876,26195,3152,358,1667,9641,6829,169,821,1422,15811,1829,2289,11813
1086,390,1086.2381047468161,99845,186,123,118,35,89041,49737,1.389934398317392,77,57,21275,23067,12642,7203,15701,19514,49098,38789,31053,23052,1067,235,1049,3618,11867,26226,3149,359,1663,9622,6818,169,817,1422,15818,1830,2299,11817
1087,390,1087.1303812285464,99845,176,123,118,35,89060,49752,1.39027492613551,82,54,21331,23121,12614,7189,15678,19477,49098,38789,31077,23092,1064,235,1048,3617,11852,26258,3147,362,1663,9603,6800,169,815,1423,15825,1831,2310,11823
1088,390,1088.020211983165,99845,158,119,118,35,89078,49761,1.3905453452851921,88,63,21383,23178,12592,7172,15660,19432,49098,38789,31101,23131,1063,235,1045,3611,11840,26292,3145,363,1662,9584,6790,169,813,1424,15834,1833,2319,11823
1089,390,1089.351008124107,99845,154,116,118,35,89111,49778,1.391046121488307,87,56,21462,23269,12563,7150,15615,19373,49098,38789,31124,23170,1062,235,1044,3610,11833,26321,3143,364,1671,9554,6767,169,810,1425,15849,1833,2326,11829
1090,390,1090.2352894842734,99845,150,125,118,35,89129,49797,1.3914166958786118,87,49,21525,23332,12520,7133,15599,19325,49098,38789,31147,23208,1061,235,1041,3608,11816,26355,3142,365,1666,9533,6761,169,807,1426,15860,1835,2333,11832
1091,390,1091.117410655773,99845,149,119,118,35,89146,49808,1.3916971305523562,84,51,21592,23379,12472,7131,15584,19284,49098,38789,31170,23245,1061,235,1039,3608,11801,26383,3142,365,1667,9514,6745,169,806,1425,15869,1836,2344,11836
1092,390,1092.4354250020124,99845,140,105,118,35,89166,49822,1.3920376583704743,99,48,21689,23477,12418,7113,15535,19221,49098,38789,31192,23282,1058,234,1036,3608,11792,26415,3141,368,1670,9488,6730,168,805,1424,15884,1833,2356,11835
1093,390,1093.310827882058,99845,137,105,118,35,89183,49833,1.3923180930442185,96,55,21731,23511,12396,7103,15521,19190,49098,38789,31214,23318,1057,232,1032,3610,11785,26438,3139,369,1670,9465,6717,167,803,1425,15899,1834,2359,11844
1094,390,1094.1844761647033,99845,151,102,118,35,89203,49844,1.3926285742901496,86,55,21777,23580,12355,7089,15512,19138,49098,38789,31236,23354,1057,232,1031,3611,11775,26456,3138,369,1671,9445,6702,167,801,1426,15915,1833,2367,11849
