,indexID,time,N,Inf_L,Inf_H,Dead_L,Dead_H,cum_cases_L,cum_cases_H,cum_sum_per_N,Exposed_L,Exposed_H,Sus_L,Sus_H,Rec_nat_L,Rec_nat_H,Rec_vax_L,Rec_vax_H,vaccinatedH,vaccinatedL,boostedH,boostedL,count_Naive,count_Delta,count_Delta_vaccine,count_two,count_three,count_four,count_Omicron,count_Omicron_star,count_Omicron_star_vaccine,count_Omicron_vaccine,count_Vaccine,count_WT,count_WT_vaccine,count_WT_vaccine_boost,count_Omicron_vaccine_boost,count_Delta_vaccine_boost,count_Omicron_star_vaccine_boost,count_Vaccine_boost
0,112,1.144097622896923,99998,8,2,0,0,10,2,0.00012000240004800096,16,23,49973,49974,2,0,0,0,0,0,0,0,99996,0,0,0,0,0,0,0,0,0,0,2,0,0,0,0,0,0
1,112,2.009620825529588,99998,12,5,0,0,14,6,0.0002000040000800016,13,19,49972,49974,2,1,0,0,0,0,0,0,99995,0,0,0,0,0,0,0,0,0,0,3,0,0,0,0,0,0
2,112,3.007297636409873,99998,12,10,0,0,17,12,0.00029000580011600234,14,13,49968,49974,5,2,0,0,0,0,0,0,99991,0,0,0,0,0,0,0,0,0,0,7,0,0,0,0,0,0
3,112,4.144867708989977,99998,15,12,0,0,24,16,0.0004000080001600032,10,12,49965,49971,9,4,0,0,0,0,0,0,99985,0,0,0,0,0,0,0,0,0,0,13,0,0,0,0,0,0
4,112,5.073406955926101,99998,13,13,0,0,26,19,0.0004500090001800036,10,11,49963,49969,13,6,0,0,0,0,0,0,99979,0,0,0,0,0,0,0,0,0,0,19,0,0,0,0,0,0
5,112,6.105190811439884,99998,15,17,0,0,31,24,0.0005500110002200045,7,9,49961,49966,16,7,0,0,0,0,0,0,99975,0,0,0,0,0,0,0,0,0,0,23,0,0,0,0,0,0
6,112,7.0331626769570175,99998,13,16,0,0,31,24,0.0005500110002200045,11,13,49957,49962,18,8,0,0,0,0,0,0,99972,0,0,0,0,0,0,0,0,0,0,26,0,0,0,0,0,0
7,112,8.004284913144176,99998,16,17,0,0,35,27,0.000620012400248005,10,12,49954,49960,19,10,0,0,0,0,0,0,99969,0,0,0,0,0,0,0,0,0,0,29,0,0,0,0,0,0
8,112,9.087990926383373,99998,17,21,0,0,40,31,0.0007100142002840057,9,8,49950,49960,23,10,0,0,0,0,0,0,99965,0,0,0,0,0,0,0,0,0,0,33,0,0,0,0,0,0
9,112,10.298957782867022,99998,16,21,0,0,43,33,0.0007600152003040061,12,8,49944,49958,27,12,0,0,0,0,0,0,99959,0,0,0,0,0,0,0,0,0,0,39,0,0,0,0,0,0
10,112,11.03120725223835,99998,17,19,0,0,46,35,0.0008100162003240065,10,6,49943,49958,29,16,0,0,0,0,0,0,99953,0,0,0,0,0,0,0,0,0,0,45,0,0,0,0,0,0
11,112,12.030351268318523,99998,15,15,0,0,48,37,0.0008500170003400068,16,7,49936,49956,32,21,0,0,0,0,0,0,99943,0,0,0,0,0,0,0,0,0,0,55,0,0,0,0,0,0
12,112,13.250374800059339,99998,14,16,0,0,49,39,0.000880017600352007,16,6,49935,49955,34,22,0,0,0,0,0,0,99940,0,0,0,0,0,0,0,0,0,0,58,0,0,0,0,0,0
13,112,14.261089112962626,99998,13,17,0,0,51,40,0.0009100182003640072,14,7,49935,49953,37,22,0,0,0,0,0,0,99937,0,0,0,0,0,0,0,0,0,0,61,0,0,0,0,0,0
14,112,15.075840016331165,99998,13,18,0,0,55,43,0.0009800196003920078,14,6,49931,49951,41,24,0,0,0,0,0,0,99931,0,0,0,0,0,0,0,0,0,0,67,0,0,0,0,0,0
15,112,16.327099993603966,99998,15,15,0,0,60,43,0.0010300206004120083,10,8,49931,49949,43,27,0,0,0,0,0,0,99925,0,0,0,0,0,0,0,0,0,0,73,0,0,0,0,0,0
16,112,17.277472034594208,99998,14,15,0,0,62,46,0.0010800216004320086,9,9,49930,49945,46,30,0,0,0,0,0,0,99919,0,0,0,0,0,0,0,0,0,0,79,0,0,0,0,0,0
17,112,18.05507074765961,99998,11,11,0,0,62,46,0.0010800216004320086,11,9,49928,49945,49,34,0,0,0,0,0,0,99912,0,0,0,0,0,0,0,0,0,0,86,0,0,0,0,0,0
18,112,19.309933067652718,99998,12,13,0,0,66,48,0.001140022800456009,11,10,49924,49942,52,34,0,0,0,0,0,0,99909,0,0,0,0,0,0,0,0,0,0,89,0,0,0,0,0,0
19,112,20.11882739968423,99998,13,13,0,0,70,51,0.0012100242004840097,7,7,49924,49944,55,35,0,0,0,0,0,0,99903,0,0,0,0,0,0,0,0,0,0,95,0,0,0,0,0,0
20,112,21.122745763506074,99998,12,10,0,0,75,53,0.0012800256005120103,5,5,49921,49945,61,39,0,0,0,0,0,0,99892,0,0,0,0,0,0,0,0,0,0,106,0,0,0,0,0,0
21,112,22.229047562613328,99998,12,10,0,0,76,54,0.0013000260005200104,6,7,49919,49942,62,40,0,0,0,0,0,0,99890,0,0,0,0,0,0,0,0,0,0,108,0,0,0,0,0,0
22,112,23.11028626031865,99998,8,8,0,0,77,56,0.0013300266005320106,5,6,49919,49941,67,44,0,0,0,0,0,0,99881,0,0,0,0,0,0,0,0,0,0,117,0,0,0,0,0,0
23,112,24.01198139464748,99998,7,7,0,0,78,57,0.0013500270005400107,5,5,49918,49941,69,46,0,0,0,0,0,0,99877,0,0,0,0,0,0,0,0,0,0,121,0,0,0,0,0,0
24,112,25.017829703503086,99998,6,6,0,0,79,58,0.001370027400548011,5,6,49917,49939,71,48,0,0,0,0,0,0,99873,0,0,0,0,0,0,0,0,0,0,125,0,0,0,0,0,0
25,112,26.05345161071335,99998,4,5,0,0,79,60,0.001390027800556011,6,6,49916,49937,73,51,0,0,0,0,0,0,99868,0,0,0,0,0,0,0,0,0,0,130,0,0,0,0,0,0
26,112,27.063225794128158,99998,4,4,0,0,80,61,0.0014100282005640114,5,5,49917,49937,73,53,0,0,0,0,0,0,99865,0,0,0,0,0,0,0,0,0,0,133,0,0,0,0,0,0
27,112,28.20728585472976,99998,4,3,0,0,81,61,0.0014200284005680113,5,8,49916,49934,74,54,0,0,0,0,0,0,99863,0,0,0,0,0,0,0,0,0,0,135,0,0,0,0,0,0
28,112,29.229013208860632,99998,5,4,0,0,82,62,0.0014400288005760116,5,8,49917,49933,72,54,0,0,0,0,0,0,99863,0,0,0,0,0,0,0,0,0,0,135,0,0,0,0,0,0
29,112,30.27990538110186,99998,3,10,0,0,82,68,0.001500030000600012,7,3,49915,49933,74,53,0,0,0,0,0,0,99861,0,0,0,0,0,0,0,0,0,0,137,0,0,0,0,0,0
30,112,31.026152831484655,99998,4,9,0,0,84,68,0.0015200304006080122,5,3,49915,49933,75,54,0,0,0,0,0,0,99859,0,0,0,0,0,0,0,0,0,0,139,0,0,0,0,0,0
31,112,32.14882091774221,99998,2,10,0,0,84,70,0.0015400308006160122,7,3,49915,49932,75,54,0,0,0,0,0,0,99856,0,0,0,0,0,0,0,0,0,0,142,0,0,0,0,0,0
32,112,33.058566117062576,99998,3,9,0,0,86,70,0.0015600312006240125,9,3,49911,49932,76,55,0,0,0,0,0,0,99854,0,0,0,0,0,0,0,0,0,0,144,0,0,0,0,0,0
33,112,34.06589159598349,99998,3,6,0,0,86,70,0.0015600312006240125,9,5,49911,49930,76,58,0,0,0,0,0,0,99851,0,0,0,0,0,0,0,0,0,0,147,0,0,0,0,0,0
34,112,35.235689837555704,99998,2,6,0,0,86,71,0.0015700314006280125,9,4,49912,49930,76,59,0,0,0,0,0,0,99849,0,0,0,0,0,0,0,0,0,0,149,0,0,0,0,0,0
35,112,36.036740570002486,99998,4,6,0,0,90,72,0.001620032400648013,5,3,49912,49930,78,60,0,0,0,0,0,0,99846,0,0,0,0,0,0,0,0,0,0,152,0,0,0,0,0,0
36,112,37.24132936067996,99998,5,6,0,0,91,73,0.001640032800656013,5,2,49911,49930,78,61,0,0,0,0,0,0,99845,0,0,0,0,0,0,0,0,0,0,153,0,0,0,0,0,0
37,112,38.13818010607367,99998,6,3,0,0,92,73,0.0016500330006600132,4,2,49911,49930,78,64,0,0,0,0,0,0,99842,0,0,0,0,0,0,0,0,0,0,156,0,0,0,0,0,0
38,112,39.131957081454416,99998,6,3,0,0,93,73,0.0016600332006640132,4,2,49910,49930,79,64,0,0,0,0,0,0,99841,0,0,0,0,0,0,0,0,0,0,157,0,0,0,0,0,0
39,112,40.141824038182556,99998,6,3,0,0,94,73,0.0016700334006680133,4,3,49909,49930,80,63,0,0,0,0,0,0,99840,0,0,0,0,0,0,0,0,0,0,158,0,0,0,0,0,0
40,112,41.177833262971134,99998,7,4,0,0,96,74,0.0017000340006800136,2,2,49909,49930,81,63,0,0,0,0,0,0,99839,0,0,0,0,0,0,0,0,0,0,159,0,0,0,0,0,0
41,112,42.311965847960984,99998,7,4,0,0,97,74,0.0017100342006840137,3,2,49907,49931,82,62,0,0,0,0,0,0,99838,0,0,0,0,0,0,0,0,0,0,160,0,0,0,0,0,0
42,112,43.0349020926026,99998,7,6,0,0,98,76,0.001740034800696014,2,0,49907,49931,83,62,0,0,0,0,0,0,99837,0,0,0,0,0,0,0,0,0,0,161,0,0,0,0,0,0
43,112,44.01001173325784,99998,7,5,0,0,99,76,0.001750035000700014,3,1,49905,49930,84,63,0,0,0,0,0,0,99835,0,0,0,0,0,0,0,0,0,0,163,0,0,0,0,0,0
44,112,45.24574942967597,99998,6,6,0,0,99,77,0.001760035200704014,3,5,49905,49925,85,63,0,0,0,0,0,0,99834,0,0,0,0,0,0,0,0,0,0,164,0,0,0,0,0,0
45,112,46.04819660863387,99998,5,5,0,0,99,79,0.0017800356007120143,3,3,49905,49925,86,66,0,0,0,0,0,0,99830,0,0,0,0,0,0,0,0,0,0,168,0,0,0,0,0,0
46,112,47.00222522682837,99998,7,5,0,0,103,81,0.0018400368007360148,1,1,49903,49925,88,68,0,0,0,0,0,0,99826,0,0,0,0,0,0,0,0,0,0,172,0,0,0,0,0,0
47,112,48.04186399050224,99998,4,4,0,0,103,81,0.0018400368007360148,2,2,49902,49924,91,69,0,0,0,0,0,0,99822,0,0,0,0,0,0,0,0,0,0,176,0,0,0,0,0,0
48,112,49.24995230579738,99998,4,5,0,0,103,82,0.0018500370007400147,4,1,49900,49924,91,69,0,0,0,0,0,0,99822,0,0,0,0,0,0,0,0,0,0,176,0,0,0,0,0,0
49,112,50.140558757705726,99998,3,3,0,0,104,82,0.0018600372007440149,4,1,49899,49924,93,71,0,0,0,0,0,0,99818,0,0,0,0,0,0,0,0,0,0,180,0,0,0,0,0,0
50,112,51.20091989836647,99998,4,4,0,0,106,83,0.0018900378007560151,2,4,49902,49920,91,71,0,0,0,0,0,0,99817,0,0,0,0,0,0,0,0,0,0,181,0,0,0,0,0,0
51,112,52.111019143548184,99998,5,5,0,0,107,85,0.0019200384007680153,3,3,49901,49919,90,72,0,0,0,0,0,0,99816,0,0,0,0,0,0,0,0,0,0,182,0,0,0,0,0,0
52,112,53.04404850223638,99998,4,4,0,0,107,86,0.0019300386007720155,4,3,49900,49918,91,74,0,0,0,0,0,0,99813,0,0,0,0,0,0,0,0,0,0,185,0,0,0,0,0,0
53,112,54.277765849259225,99998,5,6,0,0,110,89,0.0019900398007960157,2,0,49899,49918,93,75,0,0,0,0,0,0,99810,0,0,0,0,0,0,0,0,0,0,188,0,0,0,0,0,0
54,112,55.02100390026937,99998,4,6,0,0,110,89,0.0019900398007960157,2,2,49899,49916,94,75,0,0,0,0,0,0,99809,0,0,0,0,0,0,0,0,0,0,189,0,0,0,0,0,0
55,112,56.06246627129072,99998,6,7,0,0,112,91,0.0020300406008120163,2,0,49898,49917,93,75,0,0,0,0,0,0,99808,0,0,0,0,0,0,0,0,0,0,190,0,0,0,0,0,0
56,112,57.024423364378514,99998,4,4,0,0,112,91,0.0020300406008120163,3,1,49897,49917,95,77,0,0,0,0,0,0,99803,0,0,0,0,0,0,0,0,0,0,195,0,0,0,0,0,0
57,112,58.0428967299759,99998,4,4,0,0,112,91,0.0020300406008120163,4,1,49896,49917,95,77,0,0,0,0,0,0,99803,0,0,0,0,0,0,0,0,0,0,195,0,0,0,0,0,0
58,112,59.000527828806455,99998,3,5,0,0,112,92,0.0020400408008160163,4,0,49896,49918,96,76,0,0,0,0,0,0,99802,0,0,0,0,0,0,0,0,0,0,196,0,0,0,0,0,0
59,112,60.172726944385936,99998,3,3,0,0,112,92,0.0020400408008160163,4,1,49896,49917,96,78,0,0,0,0,0,0,99800,0,0,0,0,0,0,0,0,0,0,198,0,0,0,0,0,0
60,112,61.131750982404476,99998,3,3,0,0,113,93,0.0020600412008240166,4,0,49895,49917,97,79,0,0,0,0,0,0,99798,0,0,0,0,0,0,0,0,0,0,200,0,0,0,0,0,0
61,112,62.150271596646974,99998,3,3,0,0,113,93,0.0020600412008240166,4,1,49895,49916,97,79,0,0,0,0,0,0,99798,0,0,0,0,0,0,0,0,0,0,200,0,0,0,0,0,0
62,112,63.13638279225013,99998,2,2,0,0,113,93,0.0020600412008240166,4,1,49896,49916,97,80,0,0,0,0,0,0,99796,0,0,0,0,0,0,0,0,0,0,202,0,0,0,0,0,0
63,112,64.26099591818979,99998,3,2,0,0,114,93,0.0020700414008280165,4,3,49895,49914,97,80,0,0,0,0,0,0,99796,0,0,0,0,0,0,0,0,0,0,202,0,0,0,0,0,0
64,112,65.27950728528282,99998,3,1,0,0,114,93,0.0020700414008280165,5,3,49894,49914,97,81,0,0,0,0,0,0,99795,0,0,0,0,0,0,0,0,0,0,203,0,0,0,0,0,0
65,112,66.31593438933137,99998,4,1,0,0,115,93,0.0020800416008320164,4,3,49895,49914,96,81,0,0,0,0,0,0,99795,0,0,0,0,0,0,0,0,0,0,203,0,0,0,0,0,0
66,112,67.06527475671973,99998,1,2,0,0,115,95,0.0021000420008400167,5,2,49894,49913,99,82,0,0,0,0,0,0,99791,0,0,0,0,0,0,0,0,0,0,207,0,0,0,0,0,0
67,112,68.27344475683026,99998,2,3,0,0,116,96,0.002120042400848017,4,1,49894,49914,99,81,0,0,0,0,0,0,99791,0,0,0,0,0,0,0,0,0,0,207,0,0,0,0,0,0
68,112,69.01125043367725,99998,2,2,0,0,117,96,0.002130042600852017,3,1,49895,49914,99,82,0,0,0,0,0,0,99789,0,0,0,0,0,0,0,0,0,0,209,0,0,0,0,0,0
69,112,70.01275268679031,99998,3,2,0,0,118,96,0.002140042800856017,3,1,49894,49915,99,81,0,0,0,0,0,0,99789,0,0,0,0,0,0,0,0,0,0,209,0,0,0,0,0,0
70,112,71.0313029396835,99998,3,1,0,0,118,96,0.002140042800856017,3,1,49894,49915,99,82,0,0,0,0,0,0,99788,0,0,0,0,0,0,0,0,0,0,210,0,0,0,0,0,0
71,112,72.20520426372657,99998,3,1,0,0,119,96,0.0021500430008600173,2,1,49894,49915,100,82,0,0,0,0,0,0,99787,0,0,0,0,0,0,0,0,0,0,211,0,0,0,0,0,0
72,112,73.2606530315515,99998,3,1,0,0,119,96,0.0021500430008600173,2,1,49894,49915,100,82,0,0,0,0,0,0,99787,0,0,0,0,0,0,0,0,0,0,211,0,0,0,0,0,0
73,112,74.27922090963959,99998,4,2,0,0,120,97,0.0021700434008680176,2,1,49893,49914,100,82,0,0,0,0,0,0,99787,0,0,0,0,0,0,0,0,0,0,211,0,0,0,0,0,0
74,112,75.17091173355284,99998,4,2,0,0,120,97,0.0021700434008680176,2,1,49893,49914,100,82,0,0,0,0,0,0,99787,0,0,0,0,0,0,0,0,0,0,211,0,0,0,0,0,0
75,112,76.18948466872848,99998,4,3,0,0,120,98,0.0021800436008720175,3,0,49892,49914,100,82,0,0,0,0,0,0,99787,0,0,0,0,0,0,0,0,0,0,211,0,0,0,0,0,0
76,112,77.14035929071669,99998,4,3,0,0,120,98,0.0021800436008720175,3,1,49893,49913,99,82,0,0,0,0,0,0,99787,0,0,0,0,0,0,0,0,0,0,211,0,0,0,0,0,0
77,112,78.13586689879044,99998,4,3,0,0,121,98,0.0021900438008760174,2,2,49893,49912,100,82,0,0,0,0,0,0,99786,0,0,0,0,0,0,0,0,0,0,212,0,0,0,0,0,0
78,112,79.240144391223,99998,3,3,0,0,122,99,0.0022100442008840177,1,1,49894,49912,101,83,0,0,0,0,0,0,99783,0,0,0,0,0,0,0,0,0,0,215,0,0,0,0,0,0
79,112,80.23504146235194,99998,4,3,0,0,123,99,0.0022200444008880177,1,1,49893,49912,101,83,0,0,0,0,0,0,99783,0,0,0,0,0,0,0,0,0,0,215,0,0,0,0,0,0
80,112,81.22073222946324,99998,2,2,0,0,123,99,0.0022200444008880177,1,1,49894,49912,102,84,0,0,0,0,0,0,99780,0,0,0,0,0,0,0,0,0,0,218,0,0,0,0,0,0
81,112,82.23931707244107,99998,1,1,0,0,123,99,0.0022200444008880177,2,1,49893,49912,103,85,0,0,0,0,0,0,99778,0,0,0,0,0,0,0,0,0,0,220,0,0,0,0,0,0
82,112,83.29738322931959,99998,1,1,0,0,123,99,0.0022200444008880177,2,1,49893,49913,103,84,0,0,0,0,0,0,99778,0,0,0,0,0,0,0,0,0,0,220,0,0,0,0,0,0
83,112,84.33304696529913,99998,2,1,0,0,124,99,0.002230044600892018,1,1,49893,49913,103,84,0,0,0,0,0,0,99778,0,0,0,0,0,0,0,0,0,0,220,0,0,0,0,0,0
84,112,85.29090891010392,99998,2,2,0,0,125,100,0.002250045000900018,0,0,49893,49914,104,83,0,0,0,0,0,0,99777,0,0,0,0,0,0,0,0,0,0,221,0,0,0,0,0,0
85,112,86.27685602194883,99998,1,1,0,0,125,100,0.002250045000900018,0,0,49894,49914,104,84,0,0,0,0,0,0,99775,0,0,0,0,0,0,0,0,0,0,223,0,0,0,0,0,0
86,112,87.10499635887984,99998,0,0,0,0,125,100,0.002250045000900018,0,0,49894,49914,105,85,0,0,0,0,0,0,99773,0,0,0,0,0,0,0,0,0,0,225,0,0,0,0,0,0
87,112,88.12362901047682,99998,0,0,0,0,125,100,0.002250045000900018,0,0,49894,49914,105,85,0,0,0,0,0,0,99773,0,0,0,0,0,0,0,0,0,0,225,0,0,0,0,0,0
88,112,89.14226166207379,99998,0,0,0,0,125,100,0.002250045000900018,0,0,49895,49915,104,84,0,0,0,0,0,0,99773,0,0,0,0,0,0,0,0,0,0,225,0,0,0,0,0,0
89,112,90.16088064741352,99998,0,0,0,0,125,100,0.002250045000900018,0,0,49897,49915,102,84,0,0,0,0,0,0,99773,0,0,0,0,0,0,0,0,0,0,225,0,0,0,0,0,0
90,112,91.17944506884307,99998,0,0,0,0,125,100,0.002250045000900018,0,0,49898,49915,101,84,0,0,0,0,0,0,99773,0,0,0,0,0,0,0,0,0,0,225,0,0,0,0,0,0
91,112,92.19799585360924,99998,0,0,0,0,125,100,0.002250045000900018,0,0,49898,49915,101,84,0,0,0,0,0,0,99773,0,0,0,0,0,0,0,0,0,0,225,0,0,0,0,0,0
92,112,93.21654663837542,99998,0,0,0,0,125,100,0.002250045000900018,0,0,49898,49915,101,84,0,0,0,0,0,0,99773,0,0,0,0,0,0,0,0,0,0,225,0,0,0,0,0,0
93,112,94.2350974231416,99998,0,0,0,0,125,100,0.002250045000900018,0,0,49898,49915,101,84,0,0,0,0,0,0,99773,0,0,0,0,0,0,0,0,0,0,225,0,0,0,0,0,0
94,112,95.25364820790777,99998,0,0,0,0,125,100,0.002250045000900018,0,0,49898,49915,101,84,0,0,0,0,0,0,99773,0,0,0,0,0,0,0,0,0,0,225,0,0,0,0,0,0
95,112,96.27219899267395,99998,0,0,0,0,125,100,0.002250045000900018,0,0,49898,49915,101,84,0,0,0,0,0,0,99773,0,0,0,0,0,0,0,0,0,0,225,0,0,0,0,0,0
96,112,97.29074977744013,99998,0,0,0,0,125,100,0.002250045000900018,0,0,49899,49915,100,84,0,0,0,0,0,0,99773,0,0,0,0,0,0,0,0,0,0,225,0,0,0,0,0,0
97,112,98.30928010803112,99998,0,0,0,0,125,100,0.002250045000900018,0,0,49899,49915,100,84,0,0,0,0,0,0,99773,0,0,0,0,0,0,0,0,0,0,225,0,0,0,0,0,0
98,112,99.32781043862211,99998,0,0,0,0,125,100,0.002250045000900018,0,0,49900,49915,99,84,0,0,0,0,0,0,99773,0,0,0,0,0,0,0,0,0,0,225,0,0,0,0,0,0
99,112,100.00682384123097,99998,0,0,0,0,125,100,0.002250045000900018,0,0,49900,49915,99,84,0,0,0,0,0,0,99773,0,0,0,0,0,0,0,0,0,0,225,0,0,0,0,0,0
100,112,101.02533371846656,99998,0,0,0,0,125,100,0.002250045000900018,0,0,49900,49915,99,84,0,0,0,0,0,0,99773,0,0,0,0,0,0,0,0,0,0,225,0,0,0,0,0,0
101,112,102.04384359570214,99998,0,0,0,0,125,100,0.002250045000900018,0,0,49900,49915,99,84,0,0,0,0,0,0,99773,0,0,0,0,0,0,0,0,0,0,225,0,0,0,0,0,0
102,112,103.06235347293773,99998,0,0,0,0,125,100,0.002250045000900018,0,0,49900,49916,99,83,0,0,0,0,0,0,99773,0,0,0,0,0,0,0,0,0,0,225,0,0,0,0,0,0
103,112,104.08085650471111,99998,0,0,0,0,125,100,0.002250045000900018,0,0,49901,49916,98,83,0,0,0,0,0,0,99773,0,0,0,0,0,0,0,0,0,0,225,0,0,0,0,0,0
104,112,105.099345887486,99998,0,0,0,0,125,100,0.002250045000900018,0,0,49901,49916,98,83,0,0,0,0,0,0,99773,0,0,0,0,0,0,0,0,0,0,225,0,0,0,0,0,0
105,112,106.11783527026088,99998,0,0,0,0,125,100,0.002250045000900018,0,0,49901,49916,98,83,0,0,0,0,0,0,99773,0,0,0,0,0,0,0,0,0,0,225,0,0,0,0,0,0
106,112,107.13632462508572,99998,0,0,0,0,125,100,0.002250045000900018,0,0,49901,49918,98,81,0,0,0,0,0,0,99773,0,0,0,0,0,0,0,0,0,0,225,0,0,0,0,0,0
107,112,108.15481392401045,99998,0,0,0,0,125,100,0.002250045000900018,0,0,49901,49919,98,80,0,0,0,0,0,0,99773,0,0,0,0,0,0,0,0,0,0,225,0,0,0,0,0,0
108,112,109.17330319498514,99998,0,0,0,0,125,100,0.002250045000900018,0,0,49901,49919,98,80,0,0,0,0,0,0,99773,0,0,0,0,0,0,0,0,0,0,225,0,0,0,0,0,0
109,112,110.1917924519848,99998,0,0,0,0,125,100,0.002250045000900018,0,0,49901,49919,98,80,0,0,0,0,0,0,99773,0,0,0,0,0,0,0,0,0,0,225,0,0,0,0,0,0
110,112,111.21028170898445,99998,0,0,0,0,125,100,0.002250045000900018,0,0,49901,49919,98,80,0,0,0,0,0,0,99773,0,0,0,0,0,0,0,0,0,0,225,0,0,0,0,0,0
111,112,112.22877096598411,99998,0,0,0,0,125,100,0.002250045000900018,0,0,49901,49920,98,79,0,0,0,0,0,0,99773,0,0,0,0,0,0,0,0,0,0,225,0,0,0,0,0,0
112,112,113.24726018105869,99998,0,0,0,0,125,100,0.002250045000900018,0,0,49901,49920,98,79,0,0,0,0,0,0,99773,0,0,0,0,0,0,0,0,0,0,225,0,0,0,0,0,0
113,112,114.26574938215825,99998,0,0,0,0,125,100,0.002250045000900018,0,0,49901,49921,98,78,0,0,0,0,0,0,99773,0,0,0,0,0,0,0,0,0,0,225,0,0,0,0,0,0
114,112,115.28423855530775,99998,0,0,0,0,125,100,0.002250045000900018,0,0,49901,49921,98,78,0,0,0,0,0,0,99773,0,0,0,0,0,0,0,0,0,0,225,0,0,0,0,0,0
115,112,116.30272772845726,99998,0,0,0,0,125,100,0.002250045000900018,0,0,49901,49921,98,78,0,0,0,0,0,0,99773,0,0,0,0,0,0,0,0,0,0,225,0,0,0,0,0,0
116,112,117.32121690160676,99998,0,0,0,0,125,100,0.002250045000900018,0,0,49901,49922,98,77,0,0,0,0,0,0,99773,0,0,0,0,0,0,0,0,0,0,225,0,0,0,0,0,0
117,112,118.0002096697314,99998,0,0,0,0,125,100,0.002250045000900018,0,0,49901,49922,98,77,0,0,0,0,0,0,99773,0,0,0,0,0,0,0,0,0,0,225,0,0,0,0,0,0
118,112,119.01869198371915,99998,0,0,0,0,125,100,0.002250045000900018,0,0,49902,49922,97,77,0,0,0,0,0,0,99773,0,0,0,0,0,0,0,0,0,0,225,0,0,0,0,0,0
119,112,120.03716066323354,99998,0,0,0,0,125,100,0.002250045000900018,0,0,49902,49922,97,77,0,0,0,0,0,0,99773,0,0,0,0,0,0,0,0,0,0,225,0,0,0,0,0,0
120,112,121.05562932877318,99998,0,0,0,0,125,100,0.002250045000900018,0,0,49903,49923,96,76,0,0,0,0,0,0,99773,0,0,0,0,0,0,0,0,0,0,225,0,0,0,0,0,0
121,112,122.07408433243695,99998,0,0,0,0,125,100,0.002250045000900018,0,0,49903,49923,96,76,0,0,0,0,0,0,99773,0,0,0,0,0,0,0,0,0,0,225,0,0,0,0,0,0
122,112,123.09253251913754,99998,0,0,0,0,125,100,0.002250045000900018,0,0,49904,49924,95,75,0,0,0,0,0,0,99773,0,0,0,0,0,0,0,0,0,0,225,0,0,0,0,0,0
123,112,124.11096021384563,99998,0,0,0,0,125,100,0.002250045000900018,0,0,49904,49925,95,74,0,0,0,0,0,0,99773,0,0,0,0,0,0,0,0,0,0,225,0,0,0,0,0,0
124,112,125.12938786663116,99998,0,0,0,0,125,100,0.002250045000900018,0,0,49905,49925,94,74,0,0,0,0,0,0,99773,0,0,0,0,0,0,0,0,0,0,225,0,0,0,0,0,0
125,112,126.14779507016804,99998,0,0,0,0,125,100,0.002250045000900018,0,0,49905,49926,94,73,0,0,0,0,0,0,99773,0,0,0,0,0,0,0,0,0,0,225,0,0,0,0,0,0
126,112,127.16620224575709,99998,0,0,0,0,125,100,0.002250045000900018,0,0,49906,49926,93,73,0,0,0,0,0,0,99773,0,0,0,0,0,0,0,0,0,0,225,0,0,0,0,0,0
127,112,128.1845889589439,99998,0,0,0,0,125,100,0.002250045000900018,0,0,49906,49926,93,73,0,0,0,0,0,0,99773,0,0,0,0,0,0,0,0,0,0,225,0,0,0,0,0,0
128,112,129.20297567213066,99998,0,0,0,0,125,100,0.002250045000900018,0,0,49906,49927,93,72,0,0,0,0,0,0,99773,0,0,0,0,0,0,0,0,0,0,225,0,0,0,0,0,0
129,112,130.2213623573702,99998,0,0,0,0,125,100,0.002250045000900018,0,0,49906,49927,93,72,0,0,0,0,0,0,99773,0,0,0,0,0,0,0,0,0,0,225,0,0,0,0,0,0
130,112,131.2397490286361,99998,0,0,0,0,125,100,0.002250045000900018,0,0,49906,49927,93,72,0,0,0,0,0,0,99773,0,0,0,0,0,0,0,0,0,0,225,0,0,0,0,0,0
131,112,132.25813569990203,99998,0,0,0,0,125,100,0.002250045000900018,0,0,49906,49927,93,72,0,0,0,0,0,0,99773,0,0,0,0,0,0,0,0,0,0,225,0,0,0,0,0,0
132,112,133.27652237116794,99998,0,0,0,0,125,100,0.002250045000900018,0,0,49907,49927,92,72,0,0,0,0,0,0,99773,0,0,0,0,0,0,0,0,0,0,225,0,0,0,0,0,0
133,112,134.29489541069518,99998,0,0,0,0,125,100,0.002250045000900018,0,0,49910,49927,89,72,0,0,0,0,0,0,99773,0,0,0,0,0,0,0,0,0,0,225,0,0,0,0,0,0
134,112,135.3132139268183,99998,0,0,0,0,125,100,0.002250045000900018,0,0,49910,49928,89,71,0,0,0,0,0,0,99773,0,0,0,0,0,0,0,0,0,0,225,0,0,0,0,0,0
135,112,136.3315187706508,99998,0,0,0,0,125,100,0.002250045000900018,0,0,49910,49928,89,71,0,0,0,0,0,0,99773,0,0,0,0,0,0,0,0,0,0,225,0,0,0,0,0,0
136,112,137.01038866653914,99998,0,0,0,0,125,100,0.002250045000900018,0,0,49910,49928,89,71,0,0,0,0,0,0,99773,0,0,0,0,0,0,0,0,0,0,225,0,0,0,0,0,0
137,112,138.02869351037165,99998,0,0,0,0,125,100,0.002250045000900018,0,0,49911,49928,88,71,0,0,0,0,0,0,99773,0,0,0,0,0,0,0,0,0,0,225,0,0,0,0,0,0
138,112,139.04697790987433,99998,0,0,0,0,125,100,0.002250045000900018,0,0,49911,49928,88,71,0,0,0,0,0,0,99773,0,0,0,0,0,0,0,0,0,0,225,0,0,0,0,0,0
139,112,140.06525549487347,99998,0,0,0,0,125,100,0.002250045000900018,0,0,49912,49928,87,71,0,0,0,0,0,0,99773,0,0,0,0,0,0,0,0,0,0,225,0,0,0,0,0,0
140,112,141.08351945086554,99998,0,0,0,0,125,100,0.002250045000900018,0,0,49912,49928,87,71,0,0,0,0,0,0,99773,0,0,0,0,0,0,0,0,0,0,225,0,0,0,0,0,0
141,112,142.1017834068576,99998,0,0,0,0,125,100,0.002250045000900018,0,0,49913,49930,86,69,0,0,0,0,0,0,99773,0,0,0,0,0,0,0,0,0,0,225,0,0,0,0,0,0
142,112,143.12002685029984,99998,0,0,0,0,125,100,0.002250045000900018,0,0,49913,49930,86,69,0,0,0,0,0,0,99773,0,0,0,0,0,0,0,0,0,0,225,0,0,0,0,0,0
143,112,144.1382702797704,99998,0,0,0,0,125,100,0.002250045000900018,0,0,49913,49930,86,69,0,0,0,0,0,0,99773,0,0,0,0,0,0,0,0,0,0,225,0,0,0,0,0,0
144,112,145.15651370924098,99998,0,0,0,0,125,100,0.002250045000900018,0,0,49914,49930,85,69,0,0,0,0,0,0,99773,0,0,0,0,0,0,0,0,0,0,225,0,0,0,0,0,0
145,112,146.17474351079775,99998,0,0,0,0,125,100,0.002250045000900018,0,0,49915,49931,84,68,0,0,0,0,0,0,99773,0,0,0,0,0,0,0,0,0,0,225,0,0,0,0,0,0
146,112,147.1929528291163,99998,0,0,0,0,125,100,0.002250045000900018,0,0,49915,49931,84,68,0,0,0,0,0,0,99773,0,0,0,0,0,0,0,0,0,0,225,0,0,0,0,0,0
147,112,148.21115533375126,99998,0,0,0,0,125,100,0.002250045000900018,0,0,49915,49931,84,68,0,0,0,0,0,0,99773,0,0,0,0,0,0,0,0,0,0,225,0,0,0,0,0,0
148,112,149.22935783838622,99998,0,0,0,0,125,100,0.002250045000900018,0,0,49916,49931,83,68,0,0,0,0,0,0,99773,0,0,0,0,0,0,0,0,0,0,225,0,0,0,0,0,0
149,112,150.24754671620002,99998,0,0,0,0,125,100,0.002250045000900018,0,0,49917,49931,82,68,0,0,0,0,0,0,99773,0,0,0,0,0,0,0,0,0,0,225,0,0,0,0,0,0
150,112,151.26571515432806,99998,0,0,0,0,125,100,0.002250045000900018,0,0,49917,49931,82,68,0,0,0,0,0,0,99773,0,0,0,0,0,0,0,0,0,0,225,0,0,0,0,0,0
151,112,152.28387677931852,99998,0,0,0,0,125,100,0.002250045000900018,0,0,49917,49931,82,68,0,0,0,0,0,0,99773,0,0,0,0,0,0,0,0,0,0,225,0,0,0,0,0,0
152,112,153.30203840430897,99998,0,0,0,0,125,100,0.002250045000900018,0,0,49917,49931,82,68,0,0,0,0,0,0,99773,0,0,0,0,0,0,0,0,0,0,225,0,0,0,0,0,0
153,112,154.32020002929943,99998,0,0,0,0,125,100,0.002250045000900018,0,0,49917,49931,82,68,0,0,0,0,0,0,99773,0,0,0,0,0,0,0,0,0,0,225,0,0,0,0,0,0
154,112,155.33836165428988,99998,0,0,0,0,125,100,0.002250045000900018,0,0,49917,49931,82,68,0,0,0,0,0,0,99773,0,0,0,0,0,0,0,0,0,0,225,0,0,0,0,0,0
155,112,156.0171360709502,99998,0,0,0,0,125,100,0.002250045000900018,0,0,49917,49931,82,68,0,0,0,0,0,0,99773,0,0,0,0,0,0,0,0,0,0,225,0,0,0,0,0,0
156,112,157.0352976819701,99998,0,0,0,0,125,100,0.002250045000900018,0,0,49917,49932,82,67,0,0,0,0,0,0,99773,0,0,0,0,0,0,0,0,0,0,225,0,0,0,0,0,0
157,112,158.0534592650489,99998,0,0,0,0,125,100,0.002250045000900018,0,0,49917,49932,82,67,0,0,0,0,0,0,99773,0,0,0,0,0,0,0,0,0,0,225,0,0,0,0,0,0
158,112,159.07162083415716,99998,0,0,0,0,125,100,0.002250045000900018,0,0,49918,49934,81,65,0,0,0,0,0,0,99773,0,0,0,0,0,0,0,0,0,0,225,0,0,0,0,0,0
159,112,160.08976189482135,99998,0,0,0,0,125,100,0.002250045000900018,0,0,49918,49934,81,65,0,0,0,0,0,0,99773,0,0,0,0,0,0,0,0,0,0,225,0,0,0,0,0,0
160,112,161.10790295548554,99998,0,0,0,0,125,100,0.002250045000900018,0,0,49918,49934,81,65,0,0,0,0,0,0,99773,0,0,0,0,0,0,0,0,0,0,225,0,0,0,0,0,0
161,112,162.12604401614973,99998,0,0,0,0,125,100,0.002250045000900018,0,0,49918,49934,81,65,0,0,0,0,0,0,99773,0,0,0,0,0,0,0,0,0,0,225,0,0,0,0,0,0
162,112,163.14418507681393,99998,0,0,0,0,125,100,0.002250045000900018,0,0,49918,49934,81,65,0,0,0,0,0,0,99773,0,0,0,0,0,0,0,0,0,0,225,0,0,0,0,0,0
163,112,164.16232613747812,99998,0,0,0,0,125,100,0.002250045000900018,0,0,49918,49934,81,65,0,0,0,0,0,0,99773,0,0,0,0,0,0,0,0,0,0,225,0,0,0,0,0,0
164,112,165.1804671981423,99998,0,0,0,0,125,100,0.002250045000900018,0,0,49918,49934,81,65,0,0,0,0,0,0,99773,0,0,0,0,0,0,0,0,0,0,225,0,0,0,0,0,0
165,112,166.1986082588065,99998,0,0,0,0,125,100,0.002250045000900018,0,0,49918,49934,81,65,0,0,0,0,0,0,99773,0,0,0,0,0,0,0,0,0,0,225,0,0,0,0,0,0
166,112,167.2167493194707,99998,0,0,0,0,125,100,0.002250045000900018,0,0,49919,49934,80,65,0,0,0,0,0,0,99773,0,0,0,0,0,0,0,0,0,0,225,0,0,0,0,0,0
167,112,168.23487672701327,99998,0,0,0,0,125,100,0.002250045000900018,0,0,49919,49937,80,62,0,0,0,0,0,0,99773,0,0,0,0,0,0,0,0,0,0,225,0,0,0,0,0,0
168,112,169.2529972381451,99998,0,0,0,0,125,100,0.002250045000900018,0,0,49919,49938,80,61,0,0,0,0,0,0,99773,0,0,0,0,0,0,0,0,0,0,225,0,0,0,0,0,0
169,112,170.271117693397,99998,0,0,0,0,125,100,0.002250045000900018,0,0,49919,49938,80,61,0,0,0,0,0,0,99773,0,0,0,0,0,0,0,0,0,0,225,0,0,0,0,0,0
170,112,171.2892381486489,99998,0,0,0,0,125,100,0.002250045000900018,0,0,49919,49938,80,61,0,0,0,0,0,0,99773,0,0,0,0,0,0,0,0,0,0,225,0,0,0,0,0,0
171,112,172.3073586039008,99998,0,0,0,0,125,100,0.002250045000900018,0,0,49919,49938,80,61,0,0,0,0,0,0,99773,0,0,0,0,0,0,0,0,0,0,225,0,0,0,0,0,0
172,112,173.3254790591527,99998,0,0,0,0,125,100,0.002250045000900018,0,0,49919,49938,80,61,0,0,0,0,0,0,99773,0,0,0,0,0,0,0,0,0,0,225,0,0,0,0,0,0
173,112,174.00422602932065,99998,0,0,0,0,125,100,0.002250045000900018,0,0,49919,49938,80,61,0,0,0,0,0,0,99773,0,0,0,0,0,0,0,0,0,0,225,0,0,0,0,0,0
174,112,175.02234648457255,99998,0,0,0,0,125,100,0.002250045000900018,0,0,49919,49938,80,61,0,0,0,0,0,0,99773,0,0,0,0,0,0,0,0,0,0,225,0,0,0,0,0,0
175,112,176.04046693982446,99998,0,0,0,0,125,100,0.002250045000900018,0,0,49919,49938,80,61,0,0,0,0,0,0,99773,0,0,0,0,0,0,0,0,0,0,225,0,0,0,0,0,0
176,112,177.0585805827596,99998,0,0,0,0,125,100,0.002250045000900018,0,0,49921,49938,78,61,0,0,0,0,0,0,99773,0,0,0,0,0,0,0,0,0,0,225,0,0,0,0,0,0
177,112,178.0766669769735,99998,0,0,0,0,125,100,0.002250045000900018,0,0,49921,49938,78,61,0,0,0,0,0,0,99773,0,0,0,0,0,0,0,0,0,0,225,0,0,0,0,0,0
178,112,179.0947465591436,99998,0,0,0,0,125,100,0.002250045000900018,0,0,49921,49938,78,61,0,0,0,0,0,0,99773,0,0,0,0,0,0,0,0,0,0,225,0,0,0,0,0,0
179,112,180.1128261413137,99998,0,0,0,0,125,100,0.002250045000900018,0,0,49921,49938,78,61,0,0,0,0,0,0,99773,0,0,0,0,0,0,0,0,0,0,225,0,0,0,0,0,0
180,112,181.13089891171285,99998,0,0,0,0,125,100,0.002250045000900018,0,0,49923,49938,76,61,0,0,0,0,0,0,99773,0,0,0,0,0,0,0,0,0,0,225,0,0,0,0,0,0
181,112,182.14894443557404,99998,0,0,0,0,125,100,0.002250045000900018,0,0,49923,49938,76,61,0,0,0,0,0,0,99773,0,0,0,0,0,0,0,0,0,0,225,0,0,0,0,0,0
182,112,183.16698314793717,99998,0,0,0,0,125,100,0.002250045000900018,0,0,49924,49938,75,61,0,0,0,0,0,0,99773,0,0,0,0,0,0,0,0,0,0,225,0,0,0,0,0,0
183,112,184.18500823785,99998,0,0,0,0,125,100,0.002250045000900018,0,0,49924,49938,75,61,0,0,0,0,0,0,99773,0,0,0,0,0,0,0,0,0,0,225,0,0,0,0,0,0
184,112,185.2030265165377,99998,0,0,0,0,125,100,0.002250045000900018,0,0,49924,49938,75,61,0,0,0,0,0,0,99773,0,0,0,0,0,0,0,0,0,0,225,0,0,0,0,0,0
185,112,186.2210447952254,99998,0,0,0,0,125,100,0.002250045000900018,0,0,49924,49938,75,61,0,0,0,0,0,0,99773,0,0,0,0,0,0,0,0,0,0,225,0,0,0,0,0,0
186,112,187.2390630739131,99998,0,0,0,0,125,100,0.002250045000900018,0,0,49924,49938,75,61,0,0,0,0,0,0,99773,0,0,0,0,0,0,0,0,0,0,225,0,0,0,0,0,0
187,112,188.25708135260078,99998,0,0,0,0,125,100,0.002250045000900018,0,0,49924,49938,75,61,0,0,0,0,0,0,99773,0,0,0,0,0,0,0,0,0,0,225,0,0,0,0,0,0
188,112,189.27509963128847,99998,0,0,0,0,125,100,0.002250045000900018,0,0,49925,49939,74,60,0,0,0,0,0,0,99773,0,0,0,0,0,0,0,0,0,0,225,0,0,0,0,0,0
189,112,190.29309743521426,99998,0,0,0,0,125,100,0.002250045000900018,0,0,49925,49939,74,60,0,0,0,0,0,0,99773,0,0,0,0,0,0,0,0,0,0,225,0,0,0,0,0,0
190,112,191.31109523914006,99998,0,0,0,0,125,100,0.002250045000900018,0,0,49925,49940,74,59,0,0,0,0,0,0,99773,0,0,0,0,0,0,0,0,0,0,225,0,0,0,0,0,0
191,112,192.32909300116094,99998,0,0,0,0,125,100,0.002250045000900018,0,0,49925,49940,74,59,0,0,0,0,0,0,99773,0,0,0,0,0,0,0,0,0,0,225,0,0,0,0,0,0
192,112,193.00775817584153,99998,0,0,0,0,125,100,0.002250045000900018,0,0,49925,49940,74,59,0,0,0,0,0,0,99773,0,0,0,0,0,0,0,0,0,0,225,0,0,0,0,0,0
193,112,194.0257491271835,99998,0,0,0,0,125,100,0.002250045000900018,0,0,49927,49940,72,59,0,0,0,0,0,0,99773,0,0,0,0,0,0,0,0,0,0,225,0,0,0,0,0,0
194,112,195.04371283635552,99998,0,0,0,0,125,100,0.002250045000900018,0,0,49927,49940,72,59,0,0,0,0,0,0,99773,0,0,0,0,0,0,0,0,0,0,225,0,0,0,0,0,0
195,112,196.06166973512148,99998,0,0,0,0,125,100,0.002250045000900018,0,0,49927,49940,72,59,0,0,0,0,0,0,99773,0,0,0,0,0,0,0,0,0,0,225,0,0,0,0,0,0
196,112,197.07962663388744,99998,0,0,0,0,125,100,0.002250045000900018,0,0,49927,49940,72,59,0,0,0,0,0,0,99773,0,0,0,0,0,0,0,0,0,0,225,0,0,0,0,0,0
197,112,198.0975835326534,99998,0,0,0,0,125,100,0.002250045000900018,0,0,49928,49940,71,59,0,0,0,0,0,0,99773,0,0,0,0,0,0,0,0,0,0,225,0,0,0,0,0,0
198,112,199.11552000101955,99998,0,0,0,0,125,100,0.002250045000900018,0,0,49928,49940,71,59,0,0,0,0,0,0,99773,0,0,0,0,0,0,0,0,0,0,225,0,0,0,0,0,0
199,112,200.1334564693857,99998,0,0,0,0,125,100,0.002250045000900018,0,0,49928,49940,71,59,0,0,0,0,0,0,99773,0,0,0,0,0,0,0,0,0,0,225,0,0,0,0,0,0
200,112,201.15139293775184,99998,0,0,0,0,125,100,0.002250045000900018,0,0,49928,49940,71,59,0,0,0,0,0,0,99773,0,0,0,0,0,0,0,0,0,0,225,0,0,0,0,0,0
201,112,202.16932940611798,99998,0,0,0,0,125,100,0.002250045000900018,0,0,49928,49942,71,57,0,0,0,0,0,0,99773,0,0,0,0,0,0,0,0,0,0,225,0,0,0,0,0,0
202,112,203.1872590087543,99998,0,0,0,0,125,100,0.002250045000900018,0,0,49929,49942,70,57,0,0,0,0,0,0,99773,0,0,0,0,0,0,0,0,0,0,225,0,0,0,0,0,0
203,112,204.20517496373583,99998,0,0,0,0,125,100,0.002250045000900018,0,0,49929,49942,70,57,0,0,0,0,0,0,99773,0,0,0,0,0,0,0,0,0,0,225,0,0,0,0,0,0
204,112,205.22309090475017,99998,0,0,0,0,125,100,0.002250045000900018,0,0,49929,49943,70,56,0,0,0,0,0,0,99773,0,0,0,0,0,0,0,0,0,0,225,0,0,0,0,0,0
205,112,206.24100000824325,99998,0,0,0,0,125,100,0.002250045000900018,0,0,49930,49943,69,56,0,0,0,0,0,0,99773,0,0,0,0,0,0,0,0,0,0,225,0,0,0,0,0,0
206,112,207.2588954925626,99998,0,0,0,0,125,100,0.002250045000900018,0,0,49930,49943,69,56,0,0,0,0,0,0,99773,0,0,0,0,0,0,0,0,0,0,225,0,0,0,0,0,0
207,112,208.27679097688195,99998,0,0,0,0,125,100,0.002250045000900018,0,0,49930,49943,69,56,0,0,0,0,0,0,99773,0,0,0,0,0,0,0,0,0,0,225,0,0,0,0,0,0
208,112,209.2946864612013,99998,0,0,0,0,125,100,0.002250045000900018,0,0,49930,49943,69,56,0,0,0,0,0,0,99773,0,0,0,0,0,0,0,0,0,0,225,0,0,0,0,0,0
209,112,210.31258194552066,99998,0,0,0,0,125,100,0.002250045000900018,0,0,49930,49943,69,56,0,0,0,0,0,0,99773,0,0,0,0,0,0,0,0,0,0,225,0,0,0,0,0,0
210,112,211.33047742984002,99998,0,0,0,0,125,100,0.002250045000900018,0,0,49931,49943,68,56,0,0,0,0,0,0,99773,0,0,0,0,0,0,0,0,0,0,225,0,0,0,0,0,0
211,112,212.00906761007215,99998,0,0,0,0,125,100,0.002250045000900018,0,0,49931,49943,68,56,0,0,0,0,0,0,99773,0,0,0,0,0,0,0,0,0,0,225,0,0,0,0,0,0
212,112,213.0269426664492,99998,0,0,0,0,125,100,0.002250045000900018,0,0,49932,49943,67,56,0,0,0,0,0,0,99773,0,0,0,0,0,0,0,0,0,0,225,0,0,0,0,0,0
213,112,214.04479729570215,99998,0,0,0,0,125,100,0.002250045000900018,0,0,49932,49943,67,56,0,0,0,0,0,0,99773,0,0,0,0,0,0,0,0,0,0,225,0,0,0,0,0,0
214,112,215.0626519249551,99998,0,0,0,0,125,100,0.002250045000900018,0,0,49932,49943,67,56,0,0,0,0,0,0,99773,0,0,0,0,0,0,0,0,0,0,225,0,0,0,0,0,0
215,112,216.08050655420806,99998,0,0,0,0,125,100,0.002250045000900018,0,0,49932,49943,67,56,0,0,0,0,0,0,99773,0,0,0,0,0,0,0,0,0,0,225,0,0,0,0,0,0
216,112,217.098361183461,99998,0,0,0,0,125,100,0.002250045000900018,0,0,49933,49943,66,56,0,0,0,0,0,0,99773,0,0,0,0,0,0,0,0,0,0,225,0,0,0,0,0,0
217,112,218.1162021951767,99998,0,0,0,0,125,100,0.002250045000900018,0,0,49933,49943,66,56,0,0,0,0,0,0,99773,0,0,0,0,0,0,0,0,0,0,225,0,0,0,0,0,0
218,112,219.13403639812375,99998,0,0,0,0,125,100,0.002250045000900018,0,0,49933,49943,66,56,0,0,0,0,0,0,99773,0,0,0,0,0,0,0,0,0,0,225,0,0,0,0,0,0
219,112,220.1518706010708,99998,0,0,0,0,125,100,0.002250045000900018,0,0,49933,49943,66,56,0,0,0,0,0,0,99773,0,0,0,0,0,0,0,0,0,0,225,0,0,0,0,0,0
220,112,221.16969799552197,99998,0,0,0,0,125,100,0.002250045000900018,0,0,49935,49943,64,56,0,0,0,0,0,0,99773,0,0,0,0,0,0,0,0,0,0,225,0,0,0,0,0,0
221,112,222.18749815653484,99998,0,0,0,0,125,100,0.002250045000900018,0,0,49936,49943,63,56,0,0,0,0,0,0,99773,0,0,0,0,0,0,0,0,0,0,225,0,0,0,0,0,0
222,112,223.20527789342339,99998,0,0,0,0,125,100,0.002250045000900018,0,0,49936,49943,63,56,0,0,0,0,0,0,99773,0,0,0,0,0,0,0,0,0,0,225,0,0,0,0,0,0
223,112,224.2230508223614,99998,0,0,0,0,125,100,0.002250045000900018,0,0,49936,49943,63,56,0,0,0,0,0,0,99773,0,0,0,0,0,0,0,0,0,0,225,0,0,0,0,0,0
224,112,225.24082373733415,99998,0,0,0,0,125,100,0.002250045000900018,0,0,49936,49944,63,55,0,0,0,0,0,0,99773,0,0,0,0,0,0,0,0,0,0,225,0,0,0,0,0,0
225,112,226.25858981669884,99998,0,0,0,0,125,100,0.002250045000900018,0,0,49937,49944,62,55,0,0,0,0,0,0,99773,0,0,0,0,0,0,0,0,0,0,225,0,0,0,0,0,0
226,112,227.27634228070832,99998,0,0,0,0,125,100,0.002250045000900018,0,0,49937,49945,62,54,0,0,0,0,0,0,99773,0,0,0,0,0,0,0,0,0,0,225,0,0,0,0,0,0
227,112,228.2940947167879,99998,0,0,0,0,125,100,0.002250045000900018,0,0,49937,49945,62,54,0,0,0,0,0,0,99773,0,0,0,0,0,0,0,0,0,0,225,0,0,0,0,0,0
228,112,229.31184713890252,99998,0,0,0,0,125,100,0.002250045000900018,0,0,49937,49945,62,54,0,0,0,0,0,0,99773,0,0,0,0,0,0,0,0,0,0,225,0,0,0,0,0,0
229,112,230.32959956101715,99998,0,0,0,0,125,100,0.002250045000900018,0,0,49937,49945,62,54,0,0,0,0,0,0,99773,0,0,0,0,0,0,0,0,0,0,225,0,0,0,0,0,0
230,112,231.00810117576023,99998,0,0,0,0,125,100,0.002250045000900018,0,0,49937,49945,62,54,0,0,0,0,0,0,99773,0,0,0,0,0,0,0,0,0,0,225,0,0,0,0,0,0
231,112,232.02585359787486,99998,0,0,0,0,125,100,0.002250045000900018,0,0,49937,49945,62,54,0,0,0,0,0,0,99773,0,0,0,0,0,0,0,0,0,0,225,0,0,0,0,0,0
232,112,233.04360601998948,99998,0,0,0,0,125,100,0.002250045000900018,0,0,49937,49945,62,54,0,0,0,0,0,0,99773,0,0,0,0,0,0,0,0,0,0,225,0,0,0,0,0,0
233,112,234.06135842813916,99998,0,0,0,0,125,100,0.002250045000900018,0,0,49937,49946,62,53,0,0,0,0,0,0,99773,0,0,0,0,0,0,0,0,0,0,225,0,0,0,0,0,0
234,112,235.07911080835893,99998,0,0,0,0,125,100,0.002250045000900018,0,0,49937,49946,62,53,0,0,0,0,0,0,99773,0,0,0,0,0,0,0,0,0,0,225,0,0,0,0,0,0
235,112,236.0968631885787,99998,0,0,0,0,125,100,0.002250045000900018,0,0,49937,49946,62,53,0,0,0,0,0,0,99773,0,0,0,0,0,0,0,0,0,0,225,0,0,0,0,0,0
236,112,237.11461556879848,99998,0,0,0,0,125,100,0.002250045000900018,0,0,49937,49946,62,53,0,0,0,0,0,0,99773,0,0,0,0,0,0,0,0,0,0,225,0,0,0,0,0,0
237,112,238.13236794901826,99998,0,0,0,0,125,100,0.002250045000900018,0,0,49937,49946,62,53,0,0,0,0,0,0,99773,0,0,0,0,0,0,0,0,0,0,225,0,0,0,0,0,0
238,112,239.15012032923804,99998,0,0,0,0,125,100,0.002250045000900018,0,0,49937,49946,62,53,0,0,0,0,0,0,99773,0,0,0,0,0,0,0,0,0,0,225,0,0,0,0,0,0
239,112,240.1678727094578,99998,0,0,0,0,125,100,0.002250045000900018,0,0,49938,49946,61,53,0,0,0,0,0,0,99773,0,0,0,0,0,0,0,0,0,0,225,0,0,0,0,0,0
240,112,241.18561147486875,99998,0,0,0,0,125,100,0.002250045000900018,0,0,49939,49946,60,53,0,0,0,0,0,0,99773,0,0,0,0,0,0,0,0,0,0,225,0,0,0,0,0,0
241,112,242.20332981861173,99998,0,0,0,0,125,100,0.002250045000900018,0,0,49939,49946,60,53,0,0,0,0,0,0,99773,0,0,0,0,0,0,0,0,0,0,225,0,0,0,0,0,0
242,112,243.22104135522295,99998,0,0,0,0,125,100,0.002250045000900018,0,0,49939,49946,60,53,0,0,0,0,0,0,99773,0,0,0,0,0,0,0,0,0,0,225,0,0,0,0,0,0
243,112,244.23875289183417,99998,0,0,0,0,125,100,0.002250045000900018,0,0,49939,49946,60,53,0,0,0,0,0,0,99773,0,0,0,0,0,0,0,0,0,0,225,0,0,0,0,0,0
244,112,245.25646442844538,99998,0,0,0,0,125,100,0.002250045000900018,0,0,49939,49946,60,53,0,0,0,0,0,0,99773,0,0,0,0,0,0,0,0,0,0,225,0,0,0,0,0,0
245,112,246.2741759650566,99998,0,0,0,0,125,100,0.002250045000900018,0,0,49940,49946,59,53,0,0,0,0,0,0,99773,0,0,0,0,0,0,0,0,0,0,225,0,0,0,0,0,0
246,112,247.29187388794952,99998,0,0,0,0,125,100,0.002250045000900018,0,0,49940,49947,59,52,0,0,0,0,0,0,99773,0,0,0,0,0,0,0,0,0,0,225,0,0,0,0,0,0
247,112,248.30956496209092,99998,0,0,0,0,125,100,0.002250045000900018,0,0,49940,49947,59,52,0,0,0,0,0,0,99773,0,0,0,0,0,0,0,0,0,0,225,0,0,0,0,0,0
248,112,249.3272560362323,99998,0,0,0,0,125,100,0.002250045000900018,0,0,49940,49947,59,52,0,0,0,0,0,0,99773,0,0,0,0,0,0,0,0,0,0,225,0,0,0,0,0,0
249,112,250.00571675232658,99998,0,0,0,0,125,100,0.002250045000900018,0,0,49941,49947,58,52,0,0,0,0,0,0,99773,0,0,0,0,0,0,0,0,0,0,225,0,0,0,0,0,0
250,112,251.02339421329538,99998,0,0,0,0,125,100,0.002250045000900018,0,0,49941,49947,58,52,0,0,0,0,0,0,99773,0,0,0,0,0,0,0,0,0,0,225,0,0,0,0,0,0
251,112,252.04106486767787,99998,0,0,0,0,125,100,0.002250045000900018,0,0,49941,49947,58,52,0,0,0,0,0,0,99773,0,0,0,0,0,0,0,0,0,0,225,0,0,0,0,0,0
252,112,253.05873550809656,99998,0,0,0,0,125,100,0.002250045000900018,0,0,49942,49949,57,50,0,0,0,0,0,0,99773,0,0,0,0,0,0,0,0,0,0,225,0,0,0,0,0,0
253,112,254.07638565975668,99998,0,0,0,0,125,100,0.002250045000900018,0,0,49942,49949,57,50,0,0,0,0,0,0,99773,0,0,0,0,0,0,0,0,0,0,225,0,0,0,0,0,0
254,112,255.0940358114168,99998,0,0,0,0,125,100,0.002250045000900018,0,0,49942,49949,57,50,0,0,0,0,0,0,99773,0,0,0,0,0,0,0,0,0,0,225,0,0,0,0,0,0
255,112,256.1116859630769,99998,0,0,0,0,125,100,0.002250045000900018,0,0,49942,49949,57,50,0,0,0,0,0,0,99773,0,0,0,0,0,0,0,0,0,0,225,0,0,0,0,0,0
256,112,257.12933611473704,99998,0,0,0,0,125,100,0.002250045000900018,0,0,49942,49949,57,50,0,0,0,0,0,0,99773,0,0,0,0,0,0,0,0,0,0,225,0,0,0,0,0,0
257,112,258.14698626639716,99998,0,0,0,0,125,100,0.002250045000900018,0,0,49942,49949,57,50,0,0,0,0,0,0,99773,0,0,0,0,0,0,0,0,0,0,225,0,0,0,0,0,0
258,112,259.1646364180573,99998,0,0,0,0,125,100,0.002250045000900018,0,0,49942,49950,57,49,0,0,0,0,0,0,99773,0,0,0,0,0,0,0,0,0,0,225,0,0,0,0,0,0
259,112,260.18228652782665,99998,0,0,0,0,125,100,0.002250045000900018,0,0,49942,49950,57,49,0,0,0,0,0,0,99773,0,0,0,0,0,0,0,0,0,0,225,0,0,0,0,0,0
260,112,261.199936637596,99998,0,0,0,0,125,100,0.002250045000900018,0,0,49942,49950,57,49,0,0,0,0,0,0,99773,0,0,0,0,0,0,0,0,0,0,225,0,0,0,0,0,0
261,112,262.21758673340184,99998,0,0,0,0,125,100,0.002250045000900018,0,0,49942,49951,57,48,0,0,0,0,0,0,99773,0,0,0,0,0,0,0,0,0,0,225,0,0,0,0,0,0
262,112,263.2352368012806,99998,0,0,0,0,125,100,0.002250045000900018,0,0,49942,49951,57,48,0,0,0,0,0,0,99773,0,0,0,0,0,0,0,0,0,0,225,0,0,0,0,0,0
263,112,264.2528868691594,99998,0,0,0,0,125,100,0.002250045000900018,0,0,49942,49951,57,48,0,0,0,0,0,0,99773,0,0,0,0,0,0,0,0,0,0,225,0,0,0,0,0,0
264,112,265.2705369370382,99998,0,0,0,0,125,100,0.002250045000900018,0,0,49942,49951,57,48,0,0,0,0,0,0,99773,0,0,0,0,0,0,0,0,0,0,225,0,0,0,0,0,0
265,112,266.28818700491695,99998,0,0,0,0,125,100,0.002250045000900018,0,0,49943,49951,56,48,0,0,0,0,0,0,99773,0,0,0,0,0,0,0,0,0,0,225,0,0,0,0,0,0
266,112,267.3058234607157,99998,0,0,0,0,125,100,0.002250045000900018,0,0,49943,49951,56,48,0,0,0,0,0,0,99773,0,0,0,0,0,0,0,0,0,0,225,0,0,0,0,0,0
267,112,268.3234531104745,99998,0,0,0,0,125,100,0.002250045000900018,0,0,49943,49951,56,48,0,0,0,0,0,0,99773,0,0,0,0,0,0,0,0,0,0,225,0,0,0,0,0,0
268,112,269.0018728769803,99998,0,0,0,0,125,100,0.002250045000900018,0,0,49943,49951,56,48,0,0,0,0,0,0,99773,0,0,0,0,0,0,0,0,0,0,225,0,0,0,0,0,0
269,112,270.0195025267391,99998,0,0,0,0,125,100,0.002250045000900018,0,0,49943,49951,56,48,0,0,0,0,0,0,99773,0,0,0,0,0,0,0,0,0,0,225,0,0,0,0,0,0
270,112,271.03713217649783,99998,0,0,0,0,125,100,0.002250045000900018,0,0,49943,49952,56,47,0,0,0,0,0,0,99773,0,0,0,0,0,0,0,0,0,0,225,0,0,0,0,0,0
271,112,272.05476179833,99998,0,0,0,0,125,100,0.002250045000900018,0,0,49943,49952,56,47,0,0,0,0,0,0,99773,0,0,0,0,0,0,0,0,0,0,225,0,0,0,0,0,0
272,112,273.07239140619885,99998,0,0,0,0,125,100,0.002250045000900018,0,0,49943,49952,56,47,0,0,0,0,0,0,99773,0,0,0,0,0,0,0,0,0,0,225,0,0,0,0,0,0
273,112,274.0900142083005,99998,0,0,0,0,125,100,0.002250045000900018,0,0,49944,49952,55,47,0,0,0,0,0,0,99773,0,0,0,0,0,0,0,0,0,0,225,0,0,0,0,0,0
274,112,275.1076233988677,99998,0,0,0,0,125,100,0.002250045000900018,0,0,49945,49952,54,47,0,0,0,0,0,0,99773,0,0,0,0,0,0,0,0,0,0,225,0,0,0,0,0,0
275,112,276.1252053677288,99998,0,0,0,0,125,100,0.002250045000900018,0,0,49946,49952,53,47,0,0,0,0,0,0,99773,0,0,0,0,0,0,0,0,0,0,225,0,0,0,0,0,0
276,112,277.14277372614566,99998,0,0,0,0,125,100,0.002250045000900018,0,0,49946,49952,53,47,0,0,0,0,0,0,99773,0,0,0,0,0,0,0,0,0,0,225,0,0,0,0,0,0
277,112,278.1603420845625,99998,0,0,0,0,125,100,0.002250045000900018,0,0,49946,49952,53,47,0,0,0,0,0,0,99773,0,0,0,0,0,0,0,0,0,0,225,0,0,0,0,0,0
278,112,279.17791044297934,99998,0,0,0,0,125,100,0.002250045000900018,0,0,49946,49952,53,47,0,0,0,0,0,0,99773,0,0,0,0,0,0,0,0,0,0,225,0,0,0,0,0,0
279,112,280.1954788013962,99998,0,0,0,0,125,100,0.002250045000900018,0,0,49946,49953,53,46,0,0,0,0,0,0,99773,0,0,0,0,0,0,0,0,0,0,225,0,0,0,0,0,0
280,112,281.2130471318881,99998,0,0,0,0,125,100,0.002250045000900018,0,0,49946,49953,53,46,0,0,0,0,0,0,99773,0,0,0,0,0,0,0,0,0,0,225,0,0,0,0,0,0
281,112,282.2306154484176,99998,0,0,0,0,125,100,0.002250045000900018,0,0,49947,49953,52,46,0,0,0,0,0,0,99773,0,0,0,0,0,0,0,0,0,0,225,0,0,0,0,0,0
282,112,283.24816335009905,99998,0,0,0,0,125,100,0.002250045000900018,0,0,49947,49953,52,46,0,0,0,0,0,0,99773,0,0,0,0,0,0,0,0,0,0,225,0,0,0,0,0,0
283,112,284.2657112517805,99998,0,0,0,0,125,100,0.002250045000900018,0,0,49947,49953,52,46,0,0,0,0,0,0,99773,0,0,0,0,0,0,0,0,0,0,225,0,0,0,0,0,0
284,112,285.2832591534619,99998,0,0,0,0,125,100,0.002250045000900018,0,0,49947,49953,52,46,0,0,0,0,0,0,99773,0,0,0,0,0,0,0,0,0,0,225,0,0,0,0,0,0
285,112,286.30080705514337,99998,0,0,0,0,125,100,0.002250045000900018,0,0,49947,49953,52,46,0,0,0,0,0,0,99773,0,0,0,0,0,0,0,0,0,0,225,0,0,0,0,0,0
286,112,287.31835494286264,99998,0,0,0,0,125,100,0.002250045000900018,0,0,49947,49955,52,44,0,0,0,0,0,0,99773,0,0,0,0,0,0,0,0,0,0,225,0,0,0,0,0,0
287,112,288.33590277473326,99998,0,0,0,0,125,100,0.002250045000900018,0,0,49947,49955,52,44,0,0,0,0,0,0,99773,0,0,0,0,0,0,0,0,0,0,225,0,0,0,0,0,0
288,112,289.0142679866722,99998,0,0,0,0,125,100,0.002250045000900018,0,0,49947,49955,52,44,0,0,0,0,0,0,99773,0,0,0,0,0,0,0,0,0,0,225,0,0,0,0,0,0
289,112,290.0318158045807,99998,0,0,0,0,125,100,0.002250045000900018,0,0,49948,49955,51,44,0,0,0,0,0,0,99773,0,0,0,0,0,0,0,0,0,0,225,0,0,0,0,0,0
290,112,291.04934320846013,99998,0,0,0,0,125,100,0.002250045000900018,0,0,49948,49955,51,44,0,0,0,0,0,0,99773,0,0,0,0,0,0,0,0,0,0,225,0,0,0,0,0,0
291,112,292.0668706123396,99998,0,0,0,0,125,100,0.002250045000900018,0,0,49948,49955,51,44,0,0,0,0,0,0,99773,0,0,0,0,0,0,0,0,0,0,225,0,0,0,0,0,0
292,112,293.08439801621904,99998,0,0,0,0,125,100,0.002250045000900018,0,0,49948,49955,51,44,0,0,0,0,0,0,99773,0,0,0,0,0,0,0,0,0,0,225,0,0,0,0,0,0
293,112,294.1019254200985,99998,0,0,0,0,125,100,0.002250045000900018,0,0,49948,49955,51,44,0,0,0,0,0,0,99773,0,0,0,0,0,0,0,0,0,0,225,0,0,0,0,0,0
294,112,295.11945282397795,99998,0,0,0,0,125,100,0.002250045000900018,0,0,49948,49955,51,44,0,0,0,0,0,0,99773,0,0,0,0,0,0,0,0,0,0,225,0,0,0,0,0,0
295,112,296.1369802278574,99998,0,0,0,0,125,100,0.002250045000900018,0,0,49948,49955,51,44,0,0,0,0,0,0,99773,0,0,0,0,0,0,0,0,0,0,225,0,0,0,0,0,0
296,112,297.15450763173686,99998,0,0,0,0,125,100,0.002250045000900018,0,0,49948,49955,51,44,0,0,0,0,0,0,99773,0,0,0,0,0,0,0,0,0,0,225,0,0,0,0,0,0
297,112,298.1720350356163,99998,0,0,0,0,125,100,0.002250045000900018,0,0,49948,49955,51,44,0,0,0,0,0,0,99773,0,0,0,0,0,0,0,0,0,0,225,0,0,0,0,0,0
298,112,299.1895624394958,99998,0,0,0,0,125,100,0.002250045000900018,0,0,49949,49955,50,44,0,0,0,0,0,0,99773,0,0,0,0,0,0,0,0,0,0,225,0,0,0,0,0,0
299,112,300.20707623456747,99998,0,0,0,0,125,100,0.002250045000900018,0,0,49949,49955,50,44,0,0,0,0,0,0,99773,0,0,0,0,0,0,0,0,0,0,225,0,0,0,0,0,0
300,112,301.2245832112737,99998,0,0,0,0,125,100,0.002250045000900018,0,0,49949,49956,50,43,0,0,0,0,0,0,99773,0,0,0,0,0,0,0,0,0,0,225,0,0,0,0,0,0
301,112,302.2420901600567,99998,0,0,0,0,125,100,0.002250045000900018,0,0,49949,49956,50,43,0,0,0,0,0,0,99773,0,0,0,0,0,0,0,0,0,0,225,0,0,0,0,0,0
302,112,303.2595971088397,99998,0,0,0,0,125,100,0.002250045000900018,0,0,49949,49956,50,43,0,0,0,0,0,0,99773,0,0,0,0,0,0,0,0,0,0,225,0,0,0,0,0,0
303,112,304.27710405762275,99998,0,0,0,0,125,100,0.002250045000900018,0,0,49949,49956,50,43,0,0,0,0,0,0,99773,0,0,0,0,0,0,0,0,0,0,225,0,0,0,0,0,0
304,112,305.2946110064058,99998,0,0,0,0,125,100,0.002250045000900018,0,0,49949,49956,50,43,0,0,0,0,0,0,99773,0,0,0,0,0,0,0,0,0,0,225,0,0,0,0,0,0
305,112,306.3121179551888,99998,0,0,0,0,125,100,0.002250045000900018,0,0,49949,49956,50,43,0,0,0,0,0,0,99773,0,0,0,0,0,0,0,0,0,0,225,0,0,0,0,0,0
306,112,307.3296249039718,99998,0,0,0,0,125,100,0.002250045000900018,0,0,49949,49956,50,43,0,0,0,0,0,0,99773,0,0,0,0,0,0,0,0,0,0,225,0,0,0,0,0,0
307,112,308.00796286982717,99998,0,0,0,0,125,100,0.002250045000900018,0,0,49949,49956,50,43,0,0,0,0,0,0,99773,0,0,0,0,0,0,0,0,0,0,225,0,0,0,0,0,0
308,112,309.0254698186102,99998,0,0,0,0,125,100,0.002250045000900018,0,0,49949,49956,50,43,0,0,0,0,0,0,99773,0,0,0,0,0,0,0,0,0,0,225,0,0,0,0,0,0
309,112,310.0429767673932,99998,0,0,0,0,125,100,0.002250045000900018,0,0,49949,49956,50,43,0,0,0,0,0,0,99773,0,0,0,0,0,0,0,0,0,0,225,0,0,0,0,0,0
310,112,311.06048371617624,99998,0,0,0,0,125,100,0.002250045000900018,0,0,49949,49956,50,43,0,0,0,0,0,0,99773,0,0,0,0,0,0,0,0,0,0,225,0,0,0,0,0,0
311,112,312.07799066495926,99998,0,0,0,0,125,100,0.002250045000900018,0,0,49949,49956,50,43,0,0,0,0,0,0,99773,0,0,0,0,0,0,0,0,0,0,225,0,0,0,0,0,0
312,112,313.0954976137423,99998,0,0,0,0,125,100,0.002250045000900018,0,0,49949,49956,50,43,0,0,0,0,0,0,99773,0,0,0,0,0,0,0,0,0,0,225,0,0,0,0,0,0
313,112,314.1130045485637,99998,0,0,0,0,125,100,0.002250045000900018,0,0,49949,49957,50,42,0,0,0,0,0,0,99773,0,0,0,0,0,0,0,0,0,0,225,0,0,0,0,0,0
314,112,315.13051145546194,99998,0,0,0,0,125,100,0.002250045000900018,0,0,49949,49957,50,42,0,0,0,0,0,0,99773,0,0,0,0,0,0,0,0,0,0,225,0,0,0,0,0,0
315,112,316.1480183623602,99998,0,0,0,0,125,100,0.002250045000900018,0,0,49949,49957,50,42,0,0,0,0,0,0,99773,0,0,0,0,0,0,0,0,0,0,225,0,0,0,0,0,0
316,112,317.1655252692584,99998,0,0,0,0,125,100,0.002250045000900018,0,0,49949,49957,50,42,0,0,0,0,0,0,99773,0,0,0,0,0,0,0,0,0,0,225,0,0,0,0,0,0
317,112,318.18303217615664,99998,0,0,0,0,125,100,0.002250045000900018,0,0,49949,49957,50,42,0,0,0,0,0,0,99773,0,0,0,0,0,0,0,0,0,0,225,0,0,0,0,0,0
318,112,319.2005390830549,99998,0,0,0,0,125,100,0.002250045000900018,0,0,49949,49957,50,42,0,0,0,0,0,0,99773,0,0,0,0,0,0,0,0,0,0,225,0,0,0,0,0,0
319,112,320.2180459899531,99998,0,0,0,0,125,100,0.002250045000900018,0,0,49949,49956,49,42,1,1,1,1,0,0,99771,0,0,0,0,0,0,0,0,0,2,225,0,0,0,0,0,0
320,112,321.26109587921536,99998,0,0,0,0,125,100,0.002250045000900018,0,0,49948,49955,49,42,2,2,2,2,0,0,99769,0,0,0,0,0,0,0,0,0,4,225,0,0,0,0,0,0
321,112,322.1746348484937,99998,0,0,0,0,125,100,0.002250045000900018,0,0,49948,49954,48,42,3,3,3,3,0,0,99767,0,0,0,0,0,0,0,0,0,6,225,0,0,0,0,0,0
322,112,323.1615240756607,99998,0,0,0,0,125,100,0.002250045000900018,0,0,49947,49953,48,42,4,4,4,4,0,0,99765,0,0,0,0,0,0,0,0,0,8,225,0,0,0,0,0,0
323,112,324.06252015734117,99998,0,0,0,0,125,100,0.002250045000900018,0,0,49947,49953,47,41,5,5,5,5,0,0,99763,0,0,0,0,0,0,0,0,0,10,225,0,0,0,0,0,0
324,112,325.2198504389429,99998,0,0,0,0,125,100,0.002250045000900018,0,0,49946,49952,47,41,6,6,6,6,0,0,99761,0,0,0,0,0,0,0,0,0,12,225,0,0,0,0,0,0
325,112,326.0178293130582,99998,0,0,0,0,125,100,0.002250045000900018,0,0,49945,49950,47,41,7,8,8,7,0,0,99758,0,0,0,0,0,0,0,0,0,15,225,0,0,0,0,0,0
326,112,327.11045055368186,99998,0,0,0,0,125,100,0.002250045000900018,0,0,49944,49948,47,41,8,10,10,8,0,0,99755,0,0,0,0,0,0,0,0,0,18,225,0,0,0,0,0,0
327,112,328.00178597504737,99998,0,0,0,0,125,100,0.002250045000900018,0,0,49943,49946,47,41,9,12,12,9,0,0,99752,0,0,0,0,0,0,0,0,0,21,225,0,0,0,0,0,0
328,112,329.04208722477046,99998,0,0,0,0,125,100,0.002250045000900018,0,0,49942,49943,47,41,10,15,15,10,0,0,99748,0,0,0,0,0,0,0,0,0,25,225,0,0,0,0,0,0
329,112,330.0105968087018,99998,0,0,0,0,125,100,0.002250045000900018,0,0,49941,49940,47,41,11,18,18,11,0,0,99744,0,0,0,0,0,0,0,0,0,29,225,0,0,0,0,0,0
330,112,331.0439360172073,99998,0,0,0,0,125,100,0.002250045000900018,0,0,49940,49936,47,41,12,22,22,12,0,0,99739,0,0,0,0,0,0,0,0,0,34,225,0,0,0,0,0,0
331,112,332.11706762802464,99998,0,0,0,0,125,100,0.002250045000900018,0,0,49939,49931,47,41,13,27,27,13,0,0,99733,0,0,0,0,0,0,0,0,0,40,225,0,0,0,0,0,0
332,112,333.1366001262091,99998,0,0,0,0,125,100,0.002250045000900018,0,0,49938,49926,47,41,14,32,32,14,0,0,99727,0,0,0,0,0,0,0,0,0,46,225,0,0,0,0,0,0
333,112,334.0145334493363,99998,0,0,0,0,125,100,0.002250045000900018,0,0,49937,49920,47,41,15,38,38,15,0,0,99720,0,0,0,0,0,0,0,0,0,53,225,0,0,0,0,0,0
334,112,335.03322154176254,99998,0,0,0,0,125,100,0.002250045000900018,0,0,49938,49913,45,41,16,45,45,16,0,0,99712,0,0,0,0,0,0,0,0,0,61,225,0,0,0,0,0,0
335,112,336.0061807906278,99998,0,0,0,0,125,100,0.002250045000900018,0,0,49937,49905,45,41,17,53,53,17,0,0,99703,0,0,0,0,0,0,0,0,0,70,225,0,0,0,0,0,0
336,112,337.0569423301391,99998,0,0,0,0,125,100,0.002250045000900018,0,0,49936,49896,45,41,18,62,62,18,0,0,99694,0,0,0,0,0,0,0,0,0,79,224,1,0,0,0,0,0
337,112,338.0173001660043,99998,0,0,0,0,125,100,0.002250045000900018,0,0,49935,49886,45,41,19,72,72,19,0,0,99683,0,0,0,0,0,0,0,0,0,90,224,1,0,0,0,0,0
338,112,339.04324656320904,99998,0,0,0,0,125,100,0.002250045000900018,0,0,49934,49875,45,41,20,83,83,20,0,0,99671,0,0,0,0,0,0,0,0,0,102,224,1,0,0,0,0,0
339,112,340.05243882693856,99998,0,0,0,0,125,100,0.002250045000900018,0,0,49933,49863,45,41,21,95,95,21,0,0,99658,0,0,0,0,0,0,0,0,0,115,224,1,0,0,0,0,0
340,112,341.1010259280671,99998,0,0,0,0,125,100,0.002250045000900018,0,0,49932,49850,45,41,22,108,108,22,0,0,99644,0,0,0,0,0,0,0,0,0,129,224,1,0,0,0,0,0
341,112,342.1188774635779,99998,0,0,0,0,125,100,0.002250045000900018,0,0,49930,49837,45,41,24,121,122,24,0,0,99628,0,0,0,0,0,0,0,0,0,145,224,1,0,0,0,0,0
342,112,343.136763589397,99998,0,0,0,0,125,100,0.002250045000900018,0,0,49928,49823,45,40,26,136,137,26,0,0,99612,0,0,0,0,0,0,0,0,0,161,223,2,0,0,0,0,0
343,112,344.15468433540093,99998,0,0,0,0,125,100,0.002250045000900018,0,0,49927,49807,44,40,28,152,154,28,0,0,99593,0,0,0,0,0,0,0,0,0,180,223,2,0,0,0,0,0
344,112,345.1726329637552,99998,0,0,0,0,125,100,0.002250045000900018,0,0,49926,49789,43,40,30,170,172,30,0,0,99573,0,0,0,0,0,0,0,0,0,200,223,2,0,0,0,0,0
345,112,346.1906027492177,99998,0,0,0,0,125,100,0.002250045000900018,0,0,49924,49769,43,40,32,190,192,32,0,0,99551,0,0,0,0,0,0,0,0,0,222,223,2,0,0,0,0,0
346,112,347.2086142088923,99998,0,0,0,0,125,100,0.002250045000900018,0,0,49922,49748,43,40,34,211,213,34,0,0,99528,0,0,0,0,0,0,0,0,0,245,223,2,0,0,0,0,0
347,112,348.2266674019935,99998,0,0,0,0,125,100,0.002250045000900018,0,0,49919,49726,43,39,37,234,236,37,0,0,99502,0,0,0,0,0,0,0,0,0,271,223,2,0,0,0,0,0
348,112,349.244775998526,99998,0,0,0,0,125,100,0.002250045000900018,0,0,49916,49704,43,38,40,257,260,40,0,0,99476,0,0,0,0,0,0,0,0,0,297,222,3,0,0,0,0,0
349,112,350.26294683093755,99998,0,0,0,0,125,100,0.002250045000900018,0,0,49913,49679,43,38,43,282,286,43,0,0,99447,0,0,0,0,0,0,0,0,0,326,222,3,0,0,0,0,0
350,112,351.28117999053933,99998,0,0,0,0,125,100,0.002250045000900018,0,0,49911,49651,42,38,46,310,314,46,0,0,99416,0,0,0,0,0,0,0,0,0,357,222,3,0,0,0,0,0
351,112,352.29946198086566,99998,0,0,0,0,125,100,0.002250045000900018,0,0,49908,49623,42,38,49,338,343,50,0,0,99383,0,0,0,0,0,0,0,0,0,390,222,3,0,0,0,0,0
352,112,353.31779283599,99998,0,0,0,0,125,100,0.002250045000900018,0,0,49904,49595,42,37,53,367,374,54,0,0,99349,0,0,0,0,0,0,0,0,0,424,221,4,0,0,0,0,0
353,112,354.33620661168436,99998,0,0,0,0,125,100,0.002250045000900018,0,0,49901,49563,42,37,56,399,407,58,0,0,99313,0,0,0,0,0,0,0,0,0,460,220,5,0,0,0,0,0
354,112,355.0151884875622,99998,0,0,0,0,125,100,0.002250045000900018,0,0,49896,49530,42,37,61,432,442,63,0,0,99273,0,0,0,0,0,0,0,0,0,500,220,5,0,0,0,0,0
355,112,356.03376175992696,99998,0,0,0,0,125,100,0.002250045000900018,0,0,49892,49496,41,37,66,466,479,68,0,0,99231,0,0,0,0,0,0,0,0,0,542,220,5,0,0,0,0,0
356,112,357.05242506198846,99998,0,0,0,0,125,100,0.002250045000900018,0,0,49887,49460,41,36,71,503,518,73,0,0,99187,0,0,0,0,0,0,0,0,0,586,220,5,0,0,0,0,0
357,112,358.0711853436893,99998,0,0,0,0,125,100,0.002250045000900018,0,0,49881,49419,41,36,77,544,559,79,0,0,99140,0,0,0,0,0,0,0,0,0,633,220,5,0,0,0,0,0
358,112,359.0900632719809,99998,0,0,0,0,125,100,0.002250045000900018,0,0,49875,49376,41,36,83,587,602,85,0,0,99091,0,0,0,0,0,0,0,0,0,682,220,5,0,0,0,0,0
359,112,360.109058969996,99998,0,0,0,0,125,100,0.002250045000900018,0,0,49870,49333,40,36,89,630,647,91,0,0,99040,0,0,0,0,0,0,0,0,0,733,220,5,0,0,0,0,0
360,112,361.1281656399056,99998,0,0,0,0,125,100,0.002250045000900018,0,0,49863,49289,40,36,96,674,695,98,0,0,98986,0,0,0,0,0,0,0,0,0,787,219,6,0,0,0,0,0
361,112,362.1474106426331,99998,0,0,0,0,125,100,0.002250045000900018,0,0,49856,49241,40,35,103,723,745,105,0,0,98929,0,0,0,0,0,0,0,0,0,844,219,6,0,0,0,0,0
362,112,363.1667941952549,99998,0,0,0,0,125,100,0.002250045000900018,0,0,49849,49190,40,35,110,774,797,113,0,0,98870,0,0,0,0,0,0,0,0,0,903,218,7,0,0,0,0,0
363,112,364.18632330822476,99998,0,0,0,0,125,100,0.002250045000900018,0,0,49841,49138,40,35,118,826,852,121,0,0,98807,0,0,0,0,0,0,0,0,0,966,218,7,0,0,0,0,0
364,112,365.20601853392003,99998,0,0,0,0,125,100,0.002250045000900018,0,0,49832,49082,40,35,127,882,909,130,0,0,98741,0,0,0,0,0,0,0,0,0,1032,218,7,0,0,0,0,0
365,112,366.2258937663186,99998,0,0,0,0,125,100,0.002250045000900018,0,0,49823,49026,40,35,136,938,968,139,0,0,98673,0,0,0,0,0,0,0,0,0,1100,218,7,0,0,0,0,0
366,112,367.2459559185857,99998,0,0,0,0,125,100,0.002250045000900018,0,0,49813,48965,40,35,146,999,1030,149,0,0,98601,0,0,0,0,0,0,0,0,0,1172,218,7,0,0,0,0,0
367,112,368.26621892347134,99998,0,0,0,0,125,100,0.002250045000900018,0,0,49802,48904,40,34,157,1061,1094,160,0,0,98527,0,0,0,0,0,0,0,0,0,1246,217,8,0,0,0,0,0
368,112,369.2867034320433,99998,0,0,0,0,125,100,0.002250045000900018,0,0,49792,48840,40,34,167,1125,1161,171,0,0,98449,0,0,0,0,0,0,0,0,0,1324,217,8,0,0,0,0,0
369,112,370.30738910612257,99998,0,0,0,0,125,100,0.002250045000900018,0,0,49782,48771,40,34,177,1194,1231,183,0,0,98367,0,0,0,0,0,0,0,0,0,1406,217,8,0,0,0,0,0
370,112,371.32828300801935,99998,0,0,0,0,125,100,0.002250045000900018,0,0,49771,48707,40,34,188,1258,1303,195,0,0,98283,0,0,0,0,0,0,0,0,0,1490,217,8,0,0,0,0,0
371,112,372.00901060592633,99998,0,0,0,0,125,100,0.002250045000900018,0,0,49758,48634,40,34,201,1331,1378,208,0,0,98195,0,0,0,0,0,0,0,0,0,1578,217,8,0,0,0,0,0
372,112,373.03039679589597,99998,0,0,0,0,125,100,0.002250045000900018,0,0,49744,48559,40,34,215,1406,1456,222,0,0,98103,0,0,0,0,0,0,0,0,0,1670,217,8,0,0,0,0,0
373,112,374.0520672643768,99998,0,0,0,0,125,100,0.002250045000900018,0,0,49732,48484,40,33,227,1482,1536,236,0,0,98010,0,0,0,0,0,0,0,0,0,1763,216,9,0,0,0,0,0
374,112,375.07400155662333,99998,0,0,0,0,125,100,0.002250045000900018,0,0,49718,48409,40,33,241,1557,1619,251,0,0,97913,0,0,0,0,0,0,0,0,0,1860,215,10,0,0,0,0,0
375,112,376.0962067140642,99998,0,0,0,0,125,100,0.002250045000900018,0,0,49703,48332,39,33,257,1634,1705,267,0,0,97811,0,0,0,0,0,0,0,0,0,1962,215,10,0,0,0,0,0
376,112,377.118717324615,99998,0,0,0,0,125,100,0.002250045000900018,0,0,49686,48244,39,33,274,1722,1794,284,0,0,97706,0,0,0,0,0,0,0,0,0,2067,214,11,0,0,0,0,0
377,112,378.1415752124303,99998,0,0,0,0,125,100,0.002250045000900018,0,0,49668,48162,39,33,292,1804,1885,302,0,0,97597,0,0,0,0,0,0,0,0,0,2176,214,11,0,0,0,0,0
378,112,379.1647941869037,99998,0,0,0,0,125,100,0.002250045000900018,0,0,49651,48076,39,33,309,1890,1979,320,0,0,97485,0,0,0,0,0,0,0,0,0,2288,214,11,0,0,0,0,0
379,112,380.1883746264256,99998,0,0,0,0,125,100,0.002250045000900018,0,0,49633,47985,38,33,328,1981,2076,339,0,0,97369,0,0,0,0,0,0,0,0,0,2404,214,11,0,0,0,0,0
380,112,381.2123100749283,99998,0,0,0,0,125,100,0.002250045000900018,0,0,49615,47895,38,32,346,2072,2176,359,0,0,97250,0,0,0,0,0,0,0,0,0,2523,213,12,0,0,0,0,0
381,112,382.2366284172754,99998,0,0,0,0,125,100,0.002250045000900018,0,0,49595,47795,38,31,366,2173,2279,380,0,0,97126,0,0,0,0,0,0,0,0,0,2647,213,12,0,0,0,0,0
382,112,383.26135098365916,99998,0,0,0,0,125,100,0.002250045000900018,0,0,49574,47699,38,31,387,2269,2385,402,0,0,96998,0,0,0,0,0,0,0,0,0,2775,213,12,0,0,0,0,0
383,112,384.2865124964108,99998,0,0,0,0,125,100,0.002250045000900018,0,0,49552,47597,38,31,409,2371,2494,425,0,0,96866,0,0,0,0,0,0,0,0,0,2907,213,12,0,0,0,0,0
384,112,385.3121204328979,99998,0,0,0,0,125,100,0.002250045000900018,0,0,49532,47494,37,30,430,2475,2606,449,0,0,96730,0,0,0,0,0,0,0,0,0,3043,213,12,0,0,0,0,0
385,112,386.33814758810394,99998,0,0,0,0,125,100,0.002250045000900018,0,0,49508,47386,37,30,454,2583,2721,474,0,0,96590,0,0,0,0,0,0,0,0,0,3183,213,12,0,0,0,0,0
386,112,387.02243810519826,99998,0,0,0,0,125,100,0.002250045000900018,0,0,49484,47275,37,30,478,2694,2839,500,0,0,96446,0,0,0,0,0,0,0,0,0,3327,213,12,0,0,0,0,0
387,112,388.0494646103916,99998,0,0,0,0,125,100,0.002250045000900018,0,0,49457,47162,37,30,505,2807,2960,527,0,0,96298,0,0,0,0,0,0,0,0,0,3475,213,12,0,0,0,0,0
388,112,389.07704372998114,99998,0,0,0,0,125,100,0.002250045000900018,0,0,49430,47050,37,30,532,2919,3084,555,0,0,96146,0,0,0,0,0,0,0,0,0,3627,213,12,0,0,0,0,0
389,112,390.10517607369405,99998,0,0,0,0,125,100,0.002250045000900018,0,0,49402,46936,37,30,560,3033,3211,584,0,0,95990,0,0,0,0,0,0,0,0,0,3783,213,12,0,0,0,0,0
390,112,391.13389693432987,99998,0,0,0,0,125,100,0.002250045000900018,0,0,49374,46816,37,30,588,3153,3341,614,0,0,95830,0,0,0,0,0,0,0,0,0,3943,213,12,0,0,0,0,0
391,112,392.1632003316924,99998,0,0,0,0,125,100,0.002250045000900018,0,0,49344,46695,37,30,618,3274,3474,645,0,0,95666,0,0,0,0,0,0,0,0,0,4107,213,12,0,0,0,0,0
392,112,393.19312183825144,99998,0,0,0,0,125,100,0.002250045000900018,0,0,49315,46577,37,29,647,3393,3610,678,0,0,95498,0,0,0,0,0,0,0,0,0,4275,212,13,0,0,0,0,0
393,112,394.2236481374568,99998,0,0,0,0,125,100,0.002250045000900018,0,0,49281,46447,37,29,681,3523,3749,712,0,0,95325,0,0,0,0,0,0,0,0,0,4448,212,13,0,0,0,0,0
394,112,395.2548851118609,99998,0,0,0,0,125,100,0.002250045000900018,0,0,49250,46313,36,29,713,3657,3891,747,0,0,95148,0,0,0,0,0,0,0,0,0,4625,212,13,0,0,0,0,0
395,112,396.28677102001205,99998,0,0,0,0,125,100,0.002250045000900018,0,0,49219,46181,36,29,744,3789,4036,783,0,0,94968,0,0,0,0,0,0,0,0,0,4805,211,14,0,0,0,0,0
396,112,397.3193275873412,99998,0,0,0,0,125,100,0.002250045000900018,0,0,49182,46046,36,29,781,3924,4184,821,0,0,94783,0,0,0,0,0,0,0,0,0,4990,210,15,0,0,0,0,0
397,112,398.00811544398994,99998,0,0,0,0,125,100,0.002250045000900018,0,0,49146,45903,36,29,817,4067,4335,860,0,0,94593,0,0,0,0,0,0,0,0,0,5180,210,15,0,0,0,0,0
398,112,399.04218505402514,99998,0,0,0,0,125,100,0.002250045000900018,0,0,49106,45765,36,29,857,4205,4489,900,0,0,94399,0,0,0,0,0,0,0,0,0,5374,210,15,0,0,0,0,0
399,112,400.077076260346,99998,0,0,0,0,125,100,0.002250045000900018,0,0,49067,45625,36,29,896,4345,4645,942,0,0,94201,0,0,0,0,0,0,0,0,0,5572,210,15,0,0,0,0,0
400,112,401.1128044898258,99998,0,0,0,0,125,100,0.002250045000900018,0,0,49025,45484,36,29,938,4486,4804,985,0,0,94000,0,0,0,0,0,0,0,0,0,5773,209,16,0,0,0,0,0
401,112,402.14941346285,99998,0,0,0,0,125,100,0.002250045000900018,0,0,48981,45338,36,29,982,4632,4966,1030,0,0,93794,0,0,0,0,0,0,0,0,0,5979,208,17,0,0,0,0,0
402,112,403.18693308595954,99998,0,0,0,0,125,100,0.002250045000900018,0,0,48939,45189,36,29,1024,4781,5131,1076,0,0,93584,0,0,0,0,0,0,0,0,0,6189,207,18,0,0,0,0,0
403,112,404.2253722668911,99998,0,0,0,0,125,100,0.002250045000900018,0,0,48895,45038,36,29,1068,4932,5299,1123,0,0,93371,0,0,0,0,0,0,0,0,0,6402,205,20,0,0,0,0,0
404,112,405.2647183599156,99998,0,0,0,0,125,100,0.002250045000900018,0,0,48850,44885,36,29,1113,5085,5470,1172,0,0,93151,0,0,0,0,0,0,0,0,0,6622,205,20,0,0,0,0,0
405,112,406.30502292698213,99998,0,0,0,0,125,100,0.002250045000900018,0,0,48804,44722,36,29,1159,5248,5644,1222,0,0,92927,0,0,0,0,0,0,0,0,0,6846,205,20,0,0,0,0,0
406,112,407.346316635738,99998,0,0,0,0,125,100,0.002250045000900018,0,0,48756,44565,36,29,1207,5405,5820,1274,0,0,92699,0,0,0,0,0,0,0,0,0,7074,205,20,0,0,0,0,0
407,112,408.0410818711452,99998,0,0,0,0,125,100,0.002250045000900018,0,0,48707,44397,36,29,1256,5573,5999,1328,0,0,92466,0,0,0,0,0,0,0,0,0,7307,205,20,0,0,0,0,0
408,112,409.0844309299113,99998,0,0,0,0,125,100,0.002250045000900018,0,0,48656,44237,35,29,1308,5733,6181,1383,0,0,92229,0,0,0,0,0,0,0,0,0,7544,205,20,0,0,0,0,0
409,112,410.1288752041629,99998,0,0,0,0,125,100,0.002250045000900018,0,0,48605,44068,35,28,1359,5903,6365,1440,0,0,91990,0,0,0,0,0,0,0,0,0,7783,203,22,0,0,0,0,0
410,112,411.1744171026971,99998,0,0,0,0,125,100,0.002250045000900018,0,0,48553,43906,35,28,1411,6065,6552,1498,0,0,91745,0,0,0,0,0,0,0,0,0,8028,203,22,0,0,0,0,0
411,112,412.2210587759424,99998,0,0,0,0,125,100,0.002250045000900018,0,0,48503,43743,35,28,1461,6228,6741,1558,0,0,91496,0,0,0,0,0,0,0,0,0,8277,203,22,0,0,0,0,0
412,112,413.2687953704863,99998,0,0,0,0,125,100,0.002250045000900018,0,0,48448,43577,35,28,1516,6394,6933,1620,0,0,91242,0,0,0,0,0,0,0,0,0,8531,203,22,0,0,0,0,0
413,112,414.3177014339679,99998,0,0,0,0,125,100,0.002250045000900018,0,0,48391,43414,34,28,1574,6557,7127,1683,0,0,90985,0,0,0,0,0,0,0,0,0,8788,203,22,0,0,0,0,0
414,112,415.01765375418194,99998,0,0,0,0,125,100,0.002250045000900018,0,0,48330,43230,34,28,1635,6741,7324,1748,0,0,90723,0,0,0,0,0,0,0,0,0,9050,203,22,0,0,0,0,0
415,112,416.06913974212455,99998,0,0,0,0,125,100,0.002250045000900018,0,0,48270,43049,34,27,1695,6923,7523,1815,0,0,90457,0,0,0,0,0,0,0,0,0,9316,203,22,0,0,0,0,0
416,112,417.1219352879789,99998,0,0,0,0,125,100,0.002250045000900018,0,0,48207,42876,34,26,1758,7097,7725,1884,0,0,90186,0,0,0,0,0,0,0,0,0,9587,203,22,0,0,0,0,0
417,112,418.17610174977426,99998,0,0,0,0,125,100,0.002250045000900018,0,0,48145,42700,34,26,1820,7273,7929,1954,0,0,89912,0,0,0,0,0,0,0,0,0,9861,203,22,0,0,0,0,0
418,112,419.23162819415575,99998,0,0,0,0,125,100,0.002250045000900018,0,0,48075,42515,34,26,1890,7458,8135,2026,0,0,89634,0,0,0,0,0,0,0,0,0,10139,203,22,0,0,0,0,0
419,112,420.28865786556634,99998,3,1,0,0,128,101,0.0022900458009160185,22,24,47982,42318,34,26,1958,7630,8343,2100,0,0,89352,0,0,0,0,0,0,0,0,0,10421,203,22,0,0,0,0,0
420,112,421.0825623405584,99998,7,3,0,0,132,104,0.002360047200944019,19,21,47908,42119,34,27,2031,7829,8554,2176,0,0,89064,1,0,0,0,0,0,0,0,0,10708,203,22,0,0,0,0,0
421,112,422.04048296994966,99998,10,6,0,0,136,108,0.0024400488009760197,16,18,47831,41926,35,28,2107,8021,8767,2254,0,0,88771,3,0,0,0,0,0,0,0,0,10999,203,22,0,0,0,0,0
422,112,423.10172967875684,99998,15,10,0,0,143,113,0.0025600512010240206,11,15,47755,41743,37,28,2181,8203,8982,2333,0,0,88475,6,0,0,0,0,0,0,0,0,11292,202,23,0,0,0,0,0
423,112,424.0992587729908,99998,17,13,0,0,146,117,0.002630052601052021,10,11,47685,41555,37,27,2250,8393,9199,2414,0,0,88176,7,1,0,0,0,0,0,0,0,11589,202,23,0,0,0,0,0
424,112,425.01646195909467,99998,16,16,0,0,148,121,0.0026900538010760215,13,9,47609,41353,39,28,2322,8593,9418,2497,0,0,87871,11,1,0,0,0,0,0,0,0,11890,201,24,0,0,0,0,0
425,112,426.1212732182797,99998,15,15,0,0,150,123,0.0027300546010920216,18,8,47521,41166,41,31,2404,8779,9639,2582,0,0,87561,15,3,0,0,0,0,0,0,0,12194,201,24,0,0,0,0,0
426,112,427.01285963959236,99998,14,15,0,0,154,125,0.0027900558011160225,14,6,47446,40966,46,33,2479,8979,9861,2669,0,0,87246,22,3,0,0,0,0,0,0,0,12502,200,25,0,0,0,0,0
427,112,428.00433665832026,99997,13,11,0,1,157,125,0.0028200846025380763,14,11,47360,40772,50,36,2562,9168,10085,2758,0,0,86928,27,5,0,0,0,0,0,0,0,12812,199,26,0,0,0,0,0
428,112,429.1743612961583,99997,15,9,0,1,161,125,0.002860085802574077,13,11,47273,40581,52,38,2646,9359,10311,2849,0,0,86608,31,5,0,0,0,0,0,0,0,13128,198,27,0,0,0,0,0
429,112,430.0890084434132,99997,17,11,0,1,164,127,0.0029100873026190787,11,12,47187,40376,53,38,2731,9561,10539,2942,0,0,86286,32,5,0,0,0,0,0,0,0,13449,198,27,0,0,0,0,0
430,112,431.0042614356262,99997,18,14,0,1,168,131,0.0029900897026910807,9,10,47096,40166,55,39,2821,9769,10768,3037,0,0,85959,35,6,0,0,0,0,0,0,0,13772,198,27,0,0,0,0,0
431,112,432.194620161387,99997,19,15,0,1,172,134,0.0030600918027540824,8,8,47010,39979,58,41,2904,9955,10999,3133,0,0,85629,39,7,0,0,0,0,0,0,0,14097,197,28,0,0,0,0,0
432,112,433.33683630705934,99997,21,16,0,1,175,137,0.0031200936028080843,9,6,46921,39785,59,43,2989,10148,11231,3231,0,0,85297,41,8,0,0,0,0,0,0,0,14426,197,28,0,0,0,0,0
433,112,434.14707099857753,99997,22,14,0,1,179,138,0.003170095102853086,12,7,46825,39573,62,46,3078,10358,11464,3331,0,0,84963,44,11,0,0,0,0,0,0,0,14754,195,30,0,0,0,0,0
434,112,435.1857570120505,99997,23,16,0,1,182,140,0.003220096602898087,13,7,46731,39371,64,46,3168,10558,11699,3433,0,0,84624,46,11,0,0,0,0,0,0,0,15091,195,30,0,0,0,0,0
435,112,436.0156752998763,99997,25,18,0,1,186,143,0.0032900987029610886,16,7,46629,39164,66,47,3263,10762,11935,3537,0,0,84281,49,11,0,0,0,0,0,0,0,15431,195,30,0,0,0,0,0
436,112,437.021430483791,99997,32,18,0,1,194,144,0.0033801014030420914,12,11,46530,38965,67,47,3358,10957,12172,3643,0,0,83937,51,11,0,0,0,0,0,0,0,15773,194,31,0,0,0,0,0
437,112,438.21919691527745,99997,31,19,0,1,199,150,0.0034901047031410943,14,13,46428,38775,72,51,3454,11140,12410,3751,0,0,83585,59,14,0,0,0,0,0,0,0,16114,192,33,0,0,0,0,0
438,112,439.03833409303,99997,34,19,0,1,203,153,0.003560106803204096,10,10,46323,38561,73,54,3559,11354,12650,3861,0,0,83233,62,15,0,0,0,0,0,0,0,16462,191,34,0,0,0,0,0
439,112,440.17305425365504,99996,32,18,1,1,206,157,0.0036301452058082324,20,7,46217,38359,75,59,3654,11555,12891,3973,0,0,82872,70,16,0,0,0,0,0,0,0,16813,190,35,0,0,0,0,0
440,112,441.130861980644,99996,33,19,1,1,212,159,0.0037101484059362372,23,9,46112,38149,78,60,3752,11761,13133,4087,0,0,82510,76,16,0,0,0,0,0,0,0,17169,190,35,0,0,0,0,0
441,112,442.29799467703174,99996,32,18,1,1,216,162,0.003780151206048242,21,10,46012,37958,83,63,3850,11949,13375,4203,0,0,82145,84,17,0,0,0,0,0,0,0,17525,189,36,0,0,0,0,0
442,112,443.1641393556509,99996,32,21,1,1,221,166,0.0038701548061922477,25,13,45894,37753,88,64,3959,12147,13618,4321,0,0,81780,89,18,0,0,0,0,0,0,0,17884,188,37,0,0,0,0,0
443,112,444.0993015609099,99996,35,20,1,1,226,168,0.003940157606304252,24,12,45782,37546,89,67,4068,12353,13862,4441,0,0,81414,94,18,0,0,0,0,0,0,0,18245,185,40,0,0,0,0,0
444,112,445.21708016632306,99996,34,19,1,1,233,170,0.004030161206448258,31,15,45667,37355,97,68,4169,12541,14107,4563,0,0,81037,104,19,0,0,0,0,0,0,0,18611,185,40,0,0,0,0,0
445,112,446.08390670703716,99996,34,17,1,1,239,170,0.004090163606544262,30,17,45550,37138,102,69,4282,12757,14352,4687,0,0,80662,110,21,0,0,0,0,0,0,0,18978,185,40,0,0,0,0,0
446,112,447.16492102204944,99996,45,22,1,1,252,179,0.0043101724068962755,26,9,45433,36937,104,73,4390,12957,14598,4813,0,0,80284,116,21,0,0,0,0,0,0,0,19350,185,40,0,0,0,0,0
447,112,448.12988672954503,99996,44,22,1,1,257,182,0.004390175607024281,31,9,45311,36725,108,75,4504,13167,14845,4941,0,0,79903,122,24,0,0,0,0,0,0,0,19722,185,40,0,0,0,0,0
448,112,449.08108953710837,99996,49,22,1,1,264,185,0.004490179607184288,32,10,45187,36520,109,77,4621,13369,15092,5070,0,0,79527,125,26,0,0,0,0,0,0,0,20093,182,43,0,0,0,0,0
449,112,450.04817986377526,99996,47,17,1,1,271,186,0.004570182807312292,34,15,45064,36300,118,82,4735,13584,15340,5201,0,0,79138,137,29,0,0,0,0,0,0,0,20467,180,45,0,0,0,0,0
450,112,451.08794476474213,99996,58,22,1,1,286,193,0.004790191607664307,31,16,44935,36086,122,84,4852,13790,15588,5334,0,0,78752,142,30,0,0,0,0,0,0,0,20847,180,45,0,0,0,0,0
451,112,452.2485856216658,99996,56,22,1,1,294,196,0.004900196007840313,38,23,44819,35901,130,87,4955,13965,15836,5469,0,0,78360,153,32,0,0,0,0,0,0,0,21226,178,47,0,0,0,0,0
452,112,453.0975916426217,99995,54,24,2,1,305,200,0.005050252512625631,35,23,44687,35690,141,89,5080,14172,16084,5606,0,0,77963,165,34,0,0,0,0,0,0,0,21608,177,48,0,0,0,0,0
453,112,454.3754052876665,99994,53,29,3,1,312,208,0.005200312018721123,46,21,44555,35500,145,91,5197,14357,16333,5745,0,0,77567,172,37,0,0,0,0,0,0,0,21993,177,48,0,0,0,0,0
454,112,455.2293117951462,99994,48,33,3,1,316,213,0.0052903174190451424,43,23,44434,35290,154,91,5317,14561,16582,5885,0,0,77169,181,38,0,0,0,0,0,0,0,22381,177,48,0,0,0,0,0
455,112,456.0856041654167,99994,53,37,3,1,324,220,0.005440326419585175,42,21,44305,35079,156,92,5440,14769,16831,6027,0,0,76775,186,39,0,0,0,0,0,0,0,22769,175,50,0,0,0,0,0
456,112,457.17169401997495,99994,52,39,3,1,330,225,0.005550333019981199,41,18,44172,34864,163,93,5568,14984,17080,6171,0,0,76375,194,41,0,0,0,0,0,0,0,23159,174,51,0,0,0,0,0
457,112,458.0066826510656,99994,58,36,3,1,342,228,0.005700342020521231,40,21,44037,34669,169,94,5692,15178,17329,6317,0,0,75973,201,46,0,0,0,0,0,0,0,23549,174,51,0,0,0,0,0
458,112,459.20449708986035,99994,65,33,3,1,357,233,0.005900354021241274,39,26,43909,34469,176,102,5807,15368,17578,6465,0,0,75563,215,48,0,0,0,0,0,0,0,23943,173,52,0,0,0,0,0
459,112,460.07086721553657,99994,59,33,3,1,361,237,0.0059803588215292915,50,28,43759,34262,185,105,5943,15570,17826,6614,0,0,75153,228,49,0,0,0,0,0,0,0,24339,173,52,0,0,0,0,0
460,112,461.3754061773004,99994,62,41,3,1,373,246,0.006190371422285337,47,24,43631,34084,192,106,6064,15743,18074,6765,0,0,74747,236,51,0,0,0,0,0,0,0,24735,172,53,0,0,0,0,0
461,112,462.2472997825725,99994,69,43,3,1,388,252,0.0064003840230413825,49,23,43490,33863,200,108,6188,15961,18322,6918,0,0,74336,247,52,0,0,0,0,0,0,0,25134,171,54,0,0,0,0,0
462,112,463.1219002223125,99994,70,47,3,1,399,262,0.006610396623797428,52,26,43347,33656,210,110,6317,16159,18570,7072,0,0,73923,259,55,1,0,0,0,0,0,0,25532,169,55,0,0,0,0,0
463,112,464.43860119316344,99994,72,48,3,1,415,273,0.006880412824769486,57,24,43199,33489,224,119,6444,16318,18817,7228,0,0,73504,275,62,2,0,0,0,0,0,0,25928,168,55,0,0,0,0,0
464,112,465.3188595255491,99993,83,44,4,1,436,278,0.007140499834988449,53,30,43055,33293,232,125,6572,16506,19064,7385,0,0,73087,288,67,2,0,0,0,0,0,0,26326,167,56,0,0,0,0,0
465,112,466.20202498196556,99993,89,44,4,1,452,289,0.007410518736311542,48,26,42904,33095,242,136,6712,16697,19311,7544,0,0,72667,303,73,2,0,0,0,0,0,0,26725,166,57,0,0,0,0,0
466,112,467.08821463525794,99993,88,43,4,1,465,297,0.007620533437340614,45,24,42752,32899,253,144,6857,16888,19557,7704,0,0,72249,317,82,2,0,0,0,0,0,0,27120,164,59,0,0,0,0,0
467,112,468.42315786139454,99993,91,41,4,1,482,306,0.007880551638614702,54,25,42603,32720,264,153,6983,17059,19803,7866,0,0,71827,332,92,2,0,0,0,0,0,0,27517,163,60,0,0,0,0,0
468,112,469.31563575411866,99993,96,43,4,1,497,313,0.008100567039692778,50,28,42447,32504,273,156,7129,17267,20048,8029,0,0,71406,345,94,2,0,0,0,0,0,0,27923,163,60,0,0,0,0,0
469,112,470.21128926659344,99993,90,48,4,1,509,321,0.008300581040672847,51,29,42287,32308,288,155,7279,17458,20292,8194,0,0,70981,363,97,2,0,0,0,0,0,0,28327,161,62,0,0,0,0,0
470,112,471.11027548862586,99993,85,54,4,1,519,332,0.00851059574170192,54,25,42131,32111,301,160,7424,17648,20536,8360,0,0,70553,381,99,2,0,0,0,0,0,0,28735,161,62,0,0,0,0,0
471,112,472.0127070266631,99993,86,53,4,1,531,339,0.008700609042632984,55,21,41976,31915,309,168,7569,17841,20779,8528,0,0,70126,397,102,2,0,0,0,0,0,0,29143,161,62,0,0,0,0,0
472,112,473.3719925480151,99992,87,54,5,1,550,347,0.008970717657412593,48,26,41830,31754,325,173,7704,17991,21021,8697,0,0,69697,414,109,2,0,0,0,0,0,0,29547,161,62,0,0,0,0,0
473,112,474.280854914782,99992,100,56,5,1,570,355,0.009250740059204737,41,29,41666,31558,330,178,7857,18177,21262,8867,0,0,69282,420,114,3,0,0,0,0,0,0,29950,158,65,0,0,0,0,0
474,112,475.1932531415967,99992,102,56,5,1,582,362,0.009440755260420835,45,30,41506,31373,338,185,8003,18354,21503,9038,0,0,68858,434,117,3,0,0,0,0,0,0,30357,156,67,0,0,0,0,0
475,112,476.10911092083256,99992,107,49,5,1,597,367,0.009640771261700936,48,33,41351,31195,344,196,8144,18525,21743,9211,0,0,68432,447,126,3,0,0,0,0,0,0,30761,156,67,0,0,0,0,0
476,112,477.0284794278908,99992,102,47,5,1,606,372,0.009780782462597008,62,40,41174,30994,357,197,8299,18720,21982,9385,0,0,68010,457,137,3,0,0,0,0,0,0,31162,155,68,0,0,0,0,0
477,112,478.4138805316917,99992,110,59,5,1,629,392,0.010210816865349227,70,34,41024,30829,368,201,8422,18875,22220,9560,0,0,67582,474,143,3,0,0,0,0,0,0,31567,153,70,0,0,0,0,0
478,112,479.3402395072955,99992,118,66,5,1,647,404,0.010510840867269382,79,28,40855,30651,377,206,8565,19047,22457,9736,0,0,67158,484,146,4,0,0,0,0,0,0,31977,153,70,0,0,0,0,0
479,112,480.2702035801702,99992,131,65,5,1,672,412,0.01084086726938155,68,31,40695,30472,388,213,8712,19217,22693,9913,0,0,66729,500,151,4,0,0,0,0,0,0,32385,153,70,0,0,0,0,0
480,112,481.2037411142332,99992,131,68,5,1,693,421,0.011140891271301703,67,35,40523,30294,408,218,8865,19383,22928,10091,0,0,66297,519,159,4,0,0,0,0,0,0,32790,153,70,0,0,0,0,0
481,112,482.1411813683378,99992,127,71,5,1,705,430,0.011350908072645811,68,46,40372,30108,423,220,9004,19553,23162,10270,0,0,65874,531,169,4,0,0,0,0,0,0,33191,151,72,0,0,0,0,0
482,112,483.08219771638267,99992,139,75,5,1,733,440,0.011730938475078006,60,51,40207,29916,434,224,9154,19732,23395,10450,0,0,65445,547,175,4,0,0,0,0,0,0,33598,151,72,0,0,0,0,0
483,112,484.02692127684406,99992,135,70,5,1,746,449,0.011950956076486118,75,52,40036,29743,449,238,9299,19895,23627,10631,0,0,65013,566,187,4,0,0,0,0,0,0,33999,151,72,0,0,0,0,0
484,112,485.4509463083539,99992,149,68,5,1,780,458,0.01238099047923834,78,56,39869,29594,467,248,9431,20032,23857,10813,0,0,64579,588,196,4,0,0,0,0,0,0,34402,151,72,0,0,0,0,0
485,112,486.40348900408355,99992,156,80,5,1,806,477,0.01283102648211857,73,52,39709,29414,484,253,9572,20199,24086,10996,0,0,64147,609,201,4,0,0,0,0,0,0,34808,150,73,0,0,0,0,0
486,112,487.35978717829613,99992,164,86,5,1,830,491,0.013211056884550765,77,51,39528,29251,498,260,9727,20350,24314,11179,0,0,63717,628,206,4,0,0,0,0,0,0,35214,150,73,0,0,0,0,0
487,112,488.3202651862436,99992,173,77,5,1,853,498,0.013511080886470917,79,53,39348,29084,508,274,9886,20510,24541,11363,0,0,63287,647,217,4,0,0,0,0,0,0,35614,150,73,0,0,0,0,0
488,112,489.28503859623754,99991,173,84,5,2,873,515,0.013881249312438119,88,45,39166,28921,527,279,10040,20668,24767,11548,0,0,62859,664,229,4,0,0,0,0,0,0,36012,149,74,0,0,0,0,0
489,112,490.25419833210407,99991,163,86,5,2,894,525,0.014191277214949345,94,44,38992,28766,555,284,10190,20817,24991,11734,0,0,62425,688,244,4,0,0,0,0,0,0,36407,149,74,0,0,0,0,0
490,112,491.22769386148525,99989,159,86,6,3,919,539,0.014581603976437409,97,37,38812,28611,582,293,10343,20969,25214,11920,0,0,61987,716,257,4,0,0,0,0,0,0,36802,148,75,0,0,0,0,0
491,112,492.2056040477286,99989,159,80,6,3,938,548,0.01486163477982578,103,34,38649,28455,595,306,10487,21121,25436,12107,0,0,61559,736,271,4,0,0,0,0,0,0,37196,147,76,0,0,0,0,0
492,112,493.1878807687484,99989,155,75,6,3,965,556,0.015211673284061247,100,36,38486,28304,622,313,10630,21268,25656,12294,0,0,61127,761,290,4,0,0,0,0,0,0,37584,147,76,0,0,0,0,0
493,112,494.174342113798,99989,158,65,6,3,996,562,0.01558171398853874,90,39,38322,28152,645,329,10778,21411,25875,12482,0,0,60688,793,302,4,0,0,0,0,0,0,37979,147,76,0,0,0,0,0
494,112,495.1651431506215,99989,155,61,6,3,1017,567,0.015841742591685085,92,41,38151,28021,662,336,10933,21537,26093,12670,0,0,60263,813,314,4,1,0,0,0,0,0,38372,146,76,0,0,0,0,0
495,112,496.16045863448596,99989,153,71,6,3,1039,583,0.016221784396283592,96,38,37996,27878,677,337,11071,21672,26309,12859,0,0,59846,827,330,3,2,0,0,0,0,0,38759,145,77,0,0,0,0,0
496,112,497.15978754083426,99989,151,65,6,3,1063,592,0.01655182070027703,102,37,37824,27743,699,349,11217,21802,26524,13048,0,0,59416,857,341,2,3,0,0,0,0,0,39148,142,80,0,0,0,0,0
497,112,498.16347332355775,99989,153,70,6,3,1086,605,0.01691186030463351,95,32,37657,27590,710,355,11378,21949,26737,13237,0,0,59000,872,355,2,3,0,0,0,0,0,39535,141,81,0,0,0,0,0
498,112,499.1718001052849,99989,155,75,6,3,1113,616,0.017291902109232017,91,32,37490,27452,731,355,11526,22082,26949,13427,0,0,58580,890,366,3,3,0,0,0,0,0,39925,140,82,0,0,0,0,0
499,112,500.1846522080337,99988,163,62,7,3,1140,619,0.0175921110533264,93,45,37318,27316,744,369,11674,22204,27160,13617,0,0,58161,907,381,4,3,0,0,0,0,0,40310,139,83,0,0,0,0,0
500,112,501.2020197343807,99988,155,68,7,3,1162,633,0.017952154258511023,101,49,37153,27167,764,375,11819,22337,27369,13807,0,0,57744,925,398,6,3,0,0,0,0,0,40691,137,84,0,0,0,0,0
501,112,502.22392547453944,99988,158,74,7,3,1193,648,0.018412209465135818,94,42,37000,27015,789,381,11951,22484,27577,13997,0,0,57324,949,410,7,3,0,0,0,0,0,41075,134,86,0,0,0,0,0
502,112,503.24998731367725,99987,166,69,8,3,1214,660,0.018742436516747178,107,44,36826,26885,793,392,12099,22606,27783,14188,0,0,56915,960,426,8,3,0,0,0,0,0,41455,133,87,0,0,0,0,0
503,112,504.2808448292342,99987,180,67,8,3,1243,668,0.01911248462300099,107,45,36660,26768,801,397,12243,22719,27988,14379,0,0,56514,967,444,8,3,0,0,0,0,0,41831,131,89,0,0,0,0,0
504,112,505.3161476951373,99987,170,64,8,3,1265,677,0.019422524928240672,108,49,36493,26633,826,405,12394,22845,28191,14570,0,0,56093,995,460,8,3,0,0,0,0,0,42208,130,90,0,0,0,0,0
505,112,506.35621070180025,99987,172,69,8,3,1294,696,0.019902587336353725,109,39,36312,26507,848,414,12550,22967,28393,14761,0,0,55686,1009,487,8,3,0,0,0,0,0,42574,130,90,0,0,0,0,0
506,112,507.4013936692325,99987,168,69,8,3,1319,703,0.020222628941762428,108,45,36147,26385,867,418,12701,23079,28593,14952,0,0,55283,1023,509,8,3,0,0,0,0,0,42941,128,92,0,0,0,0,0
507,112,508.4515777937936,99987,171,71,8,3,1350,717,0.02067268744936842,105,47,35985,26280,889,424,12841,23174,28792,15143,0,0,54874,1043,529,8,3,0,0,0,0,0,43310,127,93,0,0,0,0,0
508,112,509.5064193931996,99987,169,70,8,3,1382,726,0.021082740756298318,99,53,35822,26165,915,428,12986,23280,28989,15334,0,0,54466,1063,553,8,3,0,0,0,0,0,43674,127,93,0,0,0,0,0
509,112,510.03494835133426,99987,174,69,8,3,1392,732,0.02124276155900267,105,54,35659,26007,913,429,13140,23437,29185,15524,0,0,54078,1066,562,8,3,0,0,0,0,0,44050,126,94,0,0,0,0,0
510,112,511.0996123016361,99987,172,69,8,3,1417,743,0.02160280836508746,105,51,35498,25872,932,438,13284,23566,29379,15714,0,0,53680,1080,584,9,3,0,0,0,0,0,44411,125,95,0,0,0,0,0
511,112,512.1689322244026,99985,166,70,10,3,1441,753,0.02194329149372406,113,53,35340,25758,953,442,13417,23673,29572,15904,0,0,53273,1103,596,10,3,0,0,0,0,0,44780,123,97,0,0,0,0,0
512,112,513.2430423251111,99985,163,71,10,3,1461,766,0.022273341001150172,112,52,35185,25654,972,453,13557,23766,29763,16094,0,0,52874,1120,612,11,3,0,0,0,0,0,45145,123,97,0,0,0,0,0
513,112,514.3218632665877,99985,171,73,10,3,1496,778,0.02274341151172676,107,53,35026,25518,991,460,13694,23892,29953,16284,0,0,52477,1137,632,11,3,0,0,0,0,0,45505,123,97,0,0,0,0,0
514,112,515.4056110319718,99985,171,79,10,3,1519,796,0.023153473020953143,111,50,34887,25411,1006,470,13814,23986,30141,16473,0,0,52083,1154,650,11,3,0,0,0,0,0,45864,123,97,0,0,0,0,0
515,112,516.4937695711759,99985,175,78,10,3,1551,812,0.023633545031754764,106,48,34738,25301,1022,481,13948,24088,30328,16662,0,0,51690,1172,677,11,3,0,0,0,0,0,46212,122,98,0,0,0,0,0
516,112,517.0387542796793,99984,176,83,11,3,1565,820,0.023853816610657705,108,43,34573,25166,1026,482,14105,24222,30513,16851,0,0,51311,1176,688,11,3,0,0,0,0,0,46575,122,98,0,0,0,0,0
517,112,518.1366857318607,99984,187,88,11,3,1596,829,0.024253880620899344,105,45,34432,25076,1037,481,14227,24306,30696,17039,0,0,50934,1182,706,11,3,0,0,0,0,0,46928,122,98,0,0,0,0,0
518,112,519.2391380657548,99983,182,82,12,3,1624,840,0.024644189512217078,115,49,34275,24967,1060,494,14355,24404,30878,17227,0,0,50541,1204,731,11,4,0,0,0,0,0,47272,122,98,0,0,0,0,0
519,112,520.3463090139528,99983,200,79,12,3,1664,850,0.025144274526669536,111,49,34126,24863,1067,500,14483,24505,31058,17414,0,0,50165,1213,757,11,4,0,0,0,0,0,47613,122,98,0,0,0,0,0
520,112,521.4584487670372,99983,195,79,12,3,1687,865,0.025524339137653403,122,54,33967,24770,1090,509,14613,24584,31237,17601,0,0,49785,1228,785,11,4,0,0,0,0,0,47950,121,99,0,0,0,0,0
521,112,522.0155802860405,99983,184,84,12,3,1699,877,0.02576437994459058,126,55,33804,24633,1108,510,14765,24714,31414,17787,0,0,49412,1239,804,11,4,0,0,0,0,0,48293,120,100,0,0,0,0,0
522,112,523.1381145074791,99982,180,78,13,3,1734,891,0.026254725850653117,121,55,33673,24560,1136,525,14876,24778,31590,17973,0,0,49018,1272,829,11,4,0,0,0,0,0,48628,118,102,0,0,0,0,0
523,112,524.2652425659371,99982,176,80,13,3,1763,908,0.0267148086655598,130,57,33533,24484,1153,536,14994,24839,31764,18158,0,0,48645,1286,861,12,4,0,0,0,0,0,48954,117,103,0,0,0,0,0
524,112,525.3970373964147,99981,178,81,14,3,1798,923,0.02721517088246767,120,52,33395,24392,1175,548,15117,24923,31937,18342,0,0,48272,1301,890,12,5,0,0,0,0,0,49281,117,103,0,0,0,0,0
525,112,526.5335640703912,99981,170,82,14,3,1828,937,0.027655254498354688,130,46,33249,24342,1199,552,15237,24974,32108,18526,0,0,47895,1323,919,12,5,0,0,0,0,0,49607,117,103,0,0,0,0,0
526,112,527.1027336810413,99981,183,76,14,3,1851,943,0.027945309608825675,121,46,33098,24204,1200,564,15383,25106,32278,18709,0,0,47535,1330,934,12,5,0,0,0,0,0,49945,117,103,0,0,0,0,0
527,112,528.249589312611,99981,183,75,14,3,1884,956,0.028405397025434834,116,44,32967,24137,1225,570,15494,25170,32446,18891,0,0,47161,1354,957,12,5,0,0,0,0,0,50272,117,103,0,0,0,0,0
528,112,529.4009717056257,99981,173,79,14,3,1904,972,0.028765465438433304,127,50,32827,24056,1248,581,15610,25230,32613,19073,0,0,46794,1374,975,14,5,0,0,0,0,0,50599,113,107,0,0,0,0,0
529,112,530.5570772780789,99981,176,88,14,3,1939,988,0.029275562356847803,113,46,32705,23985,1271,584,15720,25293,32778,19254,0,0,46438,1383,1001,16,5,0,0,0,0,0,50918,112,108,0,0,0,0,0
530,112,531.1361106823438,99981,171,85,14,3,1949,994,0.029435592762624897,121,45,32548,23866,1279,589,15866,25411,32942,19434,0,0,46089,1389,1019,16,5,0,0,0,0,0,51243,111,109,0,0,0,0,0
531,112,532.3023287545976,99981,182,86,14,3,1982,1008,0.02990568207959512,113,46,32413,23803,1288,594,15989,25467,33104,19613,0,0,45744,1393,1048,17,5,0,0,0,0,0,51554,110,110,0,0,0,0,0
532,112,533.4734401956426,99981,180,79,14,3,2010,1020,0.030305758094037866,119,50,32293,23742,1313,606,16080,25519,33265,19792,0,0,45379,1418,1072,17,5,0,0,0,0,0,51870,110,110,0,0,0,0,0
533,112,534.0597466184342,99981,188,81,14,3,2033,1031,0.0306458227063142,111,50,32146,23642,1318,613,16222,25610,33424,19970,0,0,45032,1428,1084,17,6,0,0,0,0,0,52194,110,110,0,0,0,0,0
534,112,535.2406393729818,99981,183,83,14,3,2062,1043,0.031055900621118012,109,47,32037,23594,1341,618,16315,25654,33582,20147,0,0,44679,1446,1110,17,6,0,0,0,0,0,52503,110,110,0,0,0,0,0
535,112,536.4255978405831,99981,185,74,14,3,2087,1048,0.03135595763195007,107,56,31927,23564,1352,628,16414,25674,33738,20323,0,0,44334,1460,1133,16,7,0,0,0,0,0,52811,110,110,0,0,0,0,0
536,112,537.0187994415024,99981,193,63,14,3,2107,1056,0.03163601084205999,97,56,31781,23458,1356,645,16558,25774,33893,20498,0,0,43996,1468,1154,17,7,0,0,0,0,0,53119,109,111,0,0,0,0,0
537,112,538.2133984150497,99981,198,70,14,3,2140,1075,0.03215610966083556,100,44,31639,23414,1370,648,16678,25820,34046,20672,0,0,43667,1470,1190,18,7,0,0,0,0,0,53409,108,112,0,0,0,0,0
538,112,539.4130669840039,99981,207,72,14,3,2174,1087,0.03261619707744472,101,48,31524,23353,1379,651,16774,25872,34198,20845,0,0,43338,1476,1217,17,9,0,0,0,0,0,53704,107,113,0,0,0,0,0
539,112,540.0139416709834,99981,194,69,14,3,2184,1091,0.032756223682499676,109,51,31384,23256,1388,652,16910,25968,34348,21017,0,0,43017,1477,1246,16,10,0,0,0,0,0,53995,106,114,0,0,0,0,0
540,112,541.2235992098011,99981,194,73,14,3,2222,1107,0.03329632630199738,94,49,31291,23209,1414,660,16992,26005,34497,21188,0,0,42680,1494,1277,16,11,0,0,0,0,0,54283,106,114,0,0,0,0,0
541,112,542.4372142788125,99981,195,80,14,3,2252,1122,0.03374641181824547,84,44,31179,23171,1431,660,17096,26041,34644,21359,0,0,42354,1502,1304,17,11,0,0,0,0,0,54573,105,115,0,0,0,0,0
542,112,543.0448836577332,99981,197,76,14,3,2270,1125,0.03395645172582791,79,49,31044,23062,1441,666,17224,26143,34790,21529,0,0,42036,1505,1322,17,12,0,0,0,0,0,54869,104,116,0,0,0,0,0
543,112,544.2681801889744,99981,182,79,14,3,2291,1138,0.03429651633810424,91,49,30939,23040,1460,673,17313,26155,34935,21697,0,0,41706,1524,1349,16,13,0,0,0,0,0,55153,103,117,0,0,0,0,0
544,112,545.4957382813518,99981,185,90,14,3,2325,1157,0.034826617057240876,82,45,30850,22989,1479,671,17389,26201,35078,21864,0,0,41382,1539,1373,16,13,0,0,0,0,0,55438,102,118,0,0,0,0,0
545,112,546.1099214116764,99981,184,94,14,3,2336,1166,0.035026655064462245,85,45,30720,22899,1482,672,17514,26286,35220,22030,0,0,41074,1539,1390,16,13,0,0,0,0,0,55729,102,118,0,0,0,0,0
546,112,547.3462654835951,99981,178,89,14,3,2361,1184,0.035456736779988195,87,46,30629,22860,1496,690,17595,26311,35360,22195,0,0,40751,1558,1425,16,13,0,0,0,0,0,55998,101,119,0,0,0,0,0
547,112,548.586551986582,99980,167,96,15,3,2385,1199,0.03584716943388678,86,43,30525,22826,1521,691,17685,26340,35499,22359,0,0,40431,1576,1449,16,13,0,0,0,0,0,56275,100,120,0,0,0,0,0
548,112,549.2072245431848,99980,168,94,15,3,2399,1203,0.036027205441088214,89,51,30389,22739,1523,688,17815,26424,35637,22522,0,0,40132,1575,1469,16,13,0,0,0,0,0,56555,99,121,0,0,0,0,0
549,112,550.4570494970222,99980,165,90,15,3,2422,1214,0.036367273454690936,102,49,30312,22726,1536,695,17869,26436,35773,22684,0,0,39824,1587,1498,16,13,0,0,0,0,0,56822,97,123,0,0,0,0,0
550,112,551.0825735865374,99980,169,95,15,3,2440,1225,0.036657331466293255,96,41,30210,22649,1533,695,17976,26516,35908,22845,0,0,39534,1580,1523,17,13,0,0,0,0,0,57093,97,123,0,0,0,0,0
551,112,552.3404065651615,99979,162,87,15,4,2462,1233,0.036957761129837265,100,48,30117,22626,1547,704,18058,26530,36042,23005,0,0,39230,1589,1556,17,14,0,0,0,0,0,57353,97,123,0,0,0,0,0
552,112,553.6017639691859,99979,189,82,15,4,2512,1246,0.0375878934576261,76,47,30024,22594,1559,719,18136,26553,36174,23164,0,0,38928,1600,1586,17,14,0,0,0,0,0,57614,97,123,0,0,0,0,0
553,112,554.2330988548338,99979,188,85,15,4,2527,1254,0.03781794176777123,85,46,29898,22502,1565,723,18248,26639,36305,23322,0,0,38638,1602,1605,17,14,0,0,0,0,0,57883,96,124,0,0,0,0,0
554,112,555.5035225276639,99979,180,84,15,4,2556,1271,0.03827803838806149,91,47,29800,22491,1592,732,18321,26641,36435,23479,0,0,38339,1616,1644,17,15,0,0,0,0,0,58128,94,126,0,0,0,0,0
555,112,556.1395116491065,99979,185,91,15,4,2573,1284,0.03857810140129427,91,36,29688,22413,1593,736,18427,26719,36563,23634,0,0,38060,1613,1665,17,15,0,0,0,0,0,58389,93,127,0,0,0,0,0
556,112,557.419176425753,99979,172,91,15,4,2602,1295,0.03897818541893798,88,39,29596,22416,1620,741,18508,26708,36690,23788,0,0,37766,1627,1704,17,15,0,0,0,0,0,58630,92,128,0,0,0,0,0
557,112,558.0598139354223,99979,178,89,15,4,2619,1299,0.039188229528200925,90,40,29479,22342,1621,744,18616,26780,36816,23941,0,0,37485,1632,1716,17,15,0,0,0,0,0,58894,89,131,0,0,0,0,0
558,112,559.3485632902349,99979,183,85,15,4,2659,1310,0.03969833665069664,83,40,29388,22317,1645,751,18685,26802,36941,24093,0,0,37196,1643,1753,18,15,0,0,0,0,0,59134,89,131,0,0,0,0,0
559,112,560.6412591712326,99979,166,78,15,4,2682,1322,0.04004841016613489,100,37,29302,22304,1669,766,18747,26810,37064,24244,0,0,36907,1656,1791,20,17,0,0,0,0,0,59368,89,131,0,0,0,0,0
560,112,561.2881683732021,99979,161,78,15,4,2697,1326,0.040238450074515646,99,39,29185,22240,1681,767,18858,26871,37186,24394,0,0,36629,1662,1809,20,17,0,0,0,0,0,59622,89,131,0,0,0,0,0
561,112,562.5900240639822,99979,178,79,15,4,2736,1342,0.04078856559877574,93,39,29121,22214,1690,777,18902,26886,37307,24543,0,0,36346,1675,1833,20,17,0,0,0,0,0,59868,89,131,0,0,0,0,0
562,112,563.2412342829472,99979,190,75,15,4,2755,1349,0.04104862021024415,85,35,29032,22157,1684,781,18993,26947,37427,24690,0,0,36085,1672,1854,19,18,0,0,0,0,0,60111,87,133,0,0,0,0,0
563,112,564.550430370682,99979,186,67,15,4,2780,1357,0.041378689524800207,83,39,28957,22161,1698,792,19060,26936,37545,24836,0,0,35807,1685,1884,20,18,0,0,0,0,0,60345,87,133,0,0,0,0,0
564,112,565.2052986314575,99979,181,68,15,4,2795,1364,0.04159873573450425,89,33,28841,22098,1712,792,19161,27004,37662,24981,0,0,35543,1687,1907,21,18,0,0,0,0,0,60584,86,133,0,0,0,0,0
565,112,566.5226682684183,99979,198,64,15,4,2836,1374,0.04210884285699997,82,31,28782,22093,1721,799,19201,27008,37778,25125,0,0,35277,1694,1936,20,20,0,0,0,0,0,60813,86,133,0,0,0,0,0
566,112,567.1817993740888,99979,198,63,15,4,2850,1380,0.04230888486582182,85,30,28691,22046,1720,799,19290,27057,37893,25268,0,0,35020,1693,1958,20,20,0,0,0,0,0,61049,86,133,0,0,0,0,0
567,112,568.5065098094215,99979,197,56,15,4,2876,1390,0.04266896048170116,95,35,28641,22052,1726,807,19325,27045,38007,25409,0,0,34759,1698,1993,21,21,0,0,0,0,0,61268,86,133,0,0,0,0,0
568,112,569.1689654324905,99979,194,53,15,4,2892,1391,0.04283899618919973,96,37,28552,22002,1734,806,19408,27097,38120,25549,0,0,34503,1700,2010,22,22,0,0,0,0,0,61503,86,133,0,0,0,0,0
569,112,570.5000954486966,99979,182,52,15,4,2920,1402,0.04322907810640234,91,30,28491,22024,1770,814,19450,27075,38231,25688,0,0,34232,1721,2040,23,22,0,0,0,0,0,61723,85,133,0,0,0,0,0
570,112,571.1658997710056,99979,181,55,15,4,2937,1409,0.043469128516988566,84,26,28402,21980,1776,816,19541,27118,38341,25826,0,0,33991,1716,2065,23,23,0,0,0,0,0,61943,83,135,0,0,0,0,0
571,112,572.5044103266996,99979,168,60,15,4,2960,1418,0.043789195731103535,88,30,28351,21981,1794,817,19583,27107,38450,25963,0,0,33741,1720,2095,24,25,0,0,0,0,0,62156,82,136,0,0,0,0,0
572,112,573.1737741996561,99979,172,58,15,4,2976,1425,0.04401924404124866,88,27,28254,21938,1794,820,19676,27152,38558,26099,0,0,33504,1713,2121,24,26,0,0,0,0,0,62373,82,136,0,0,0,0,0
573,112,574.5192258732751,99979,157,55,15,4,3000,1433,0.044339311255363625,83,27,28203,21962,1816,824,19725,27127,38665,26233,0,0,33249,1727,2157,24,26,0,0,0,0,0,62578,82,136,0,0,0,0,0
574,112,575.1921349933497,99979,159,55,15,4,3015,1439,0.04454935536462657,74,24,28103,21942,1820,824,19828,27150,38771,26366,0,0,33016,1722,2181,24,26,0,0,0,0,0,62792,81,137,0,0,0,0,0
575,112,576.5450810625875,99979,156,51,15,4,3040,1449,0.04489942888006481,76,25,28063,21960,1830,830,19859,27129,38876,26498,0,0,32766,1735,2210,24,26,0,0,0,0,0,63000,81,137,0,0,0,0,0
576,112,577.2215715295935,99979,154,53,15,4,3056,1454,0.045109472989327756,71,23,27979,21902,1830,831,19950,27186,38980,26629,0,0,32533,1734,2232,24,26,0,0,0,0,0,63212,80,138,0,0,0,0,0
577,112,578.5810362815561,99979,141,47,15,4,3074,1459,0.04533952129947289,75,26,27939,21913,1844,838,19985,27171,39083,26759,0,0,32292,1742,2266,24,26,0,0,0,0,0,63411,80,138,0,0,0,0,0
578,112,579.2609261844237,99979,135,48,15,4,3083,1465,0.04548955280608928,78,25,27858,21865,1848,840,20065,27217,39184,26887,0,0,32065,1740,2288,24,26,0,0,0,0,0,63618,80,138,0,0,0,0,0
579,112,580.6266078121465,99979,131,37,15,4,3102,1473,0.04575960951799878,73,25,27834,21895,1858,855,20088,27183,39284,27014,0,0,31832,1746,2322,25,26,0,0,0,0,0,63810,79,139,0,0,0,0,0
580,112,581.3094960338829,99979,136,38,15,4,3119,1479,0.04598965782814391,62,22,27767,21861,1858,852,20161,27222,39383,27140,0,0,31616,1738,2347,24,27,0,0,0,0,0,64009,79,139,0,0,0,0,0
581,112,582.6802629049495,99979,131,35,15,4,3147,1483,0.04630972504225887,49,27,27725,21892,1879,853,20200,27188,39481,27265,0,0,31384,1749,2374,23,29,0,0,0,0,0,64202,78,140,0,0,0,0,0
582,112,583.3655924856353,99979,130,34,15,4,3158,1486,0.046449754448434175,53,30,27650,21871,1885,853,20266,27207,39578,27389,0,0,31161,1751,2388,23,29,0,0,0,0,0,64409,78,140,0,0,0,0,0
583,112,584.052980009148,99979,114,34,15,4,3163,1490,0.046539773352404,55,29,27576,21841,1895,849,20344,27242,39674,27512,0,0,30942,1752,2410,24,29,0,0,0,0,0,64604,76,142,0,0,0,0,0
584,112,585.4334072563668,99978,113,39,16,4,3181,1501,0.04683030266658665,56,25,27543,21885,1896,849,20375,27197,39769,27633,0,0,30731,1746,2440,24,29,0,0,0,0,0,64790,76,142,0,0,0,0,0
585,112,586.1236108201344,99978,111,41,16,4,3191,1507,0.04699033787433235,54,24,27472,21851,1897,844,20449,27235,39863,27753,0,0,30525,1736,2460,27,29,0,0,0,0,0,64983,75,143,0,0,0,0,0
586,112,587.5094393596581,99978,105,40,16,4,3208,1515,0.047240392886435015,56,28,27441,21879,1909,847,20472,27201,39956,27872,0,0,30312,1736,2490,28,29,0,0,0,0,0,65165,75,143,0,0,0,0,0
587,112,588.2021459271982,99978,109,43,16,4,3221,1520,0.047420432495148934,51,25,27361,21840,1912,843,20550,27244,40048,27990,0,0,30113,1728,2509,27,30,0,0,0,0,0,65353,73,145,0,0,0,0,0
588,112,589.5934414392083,99978,96,45,16,4,3236,1528,0.047650483106283385,58,25,27354,21865,1919,842,20556,27218,40139,28107,0,0,29898,1735,2536,27,30,0,0,0,0,0,65534,73,145,0,0,0,0,0
589,112,590.2886619465618,99978,103,45,16,4,3252,1533,0.04786052931644962,49,23,27296,21843,1917,846,20618,27238,40229,28223,0,0,29693,1735,2550,27,30,0,0,0,0,0,65725,72,146,0,0,0,0,0
590,112,591.6839312379587,99978,112,45,16,4,3270,1544,0.04815059313048871,47,22,27280,21876,1914,848,20630,27204,40319,28338,0,0,29493,1732,2573,26,31,0,0,0,0,0,65905,71,147,0,0,0,0,0
591,112,592.3809293424905,99978,114,47,16,4,3280,1549,0.048300626137750304,46,18,27238,21854,1907,847,20678,27229,40408,28452,0,0,29298,1724,2590,27,31,0,0,0,0,0,66090,70,148,0,0,0,0,0
592,112,593.0796681166042,99978,111,46,16,4,3286,1550,0.04837064154113905,48,20,27161,21804,1908,842,20755,27283,40496,28564,0,0,29106,1715,2608,28,31,0,0,0,0,0,66272,70,148,0,0,0,0,0
593,112,594.1773732778463,99978,92,42,16,4,3298,1555,0.04854067894936886,54,24,27148,21855,1929,846,20760,27228,40583,28675,0,0,28896,1727,2636,28,31,0,0,0,0,0,66442,70,148,0,0,0,0,0
594,112,595.5803197148495,99977,84,42,17,4,3313,1563,0.0487712173799974,48,25,27140,21887,1937,849,20773,27192,40669,28785,0,0,28694,1733,2658,28,32,0,0,0,0,0,66614,69,149,0,0,0,0,0
595,112,596.2812626398269,99977,79,44,17,4,3318,1569,0.04888124268581774,47,25,27090,21850,1934,849,20832,27227,40754,28894,0,0,28508,1724,2679,29,32,0,0,0,0,0,66787,69,149,0,0,0,0,0
596,112,597.6876934491175,99977,88,41,17,4,3338,1573,0.04912129789851666,38,25,27079,21899,1931,849,20846,27181,40838,29002,0,0,28319,1723,2698,28,33,0,0,0,0,0,66958,68,150,0,0,0,0,0
597,112,598.3903575242081,99977,93,47,17,4,3346,1581,0.04928133470698261,35,20,27034,21894,1922,845,20898,27189,40921,29109,0,0,28144,1710,2716,26,35,0,0,0,0,0,67128,68,150,0,0,0,0,0
598,112,599.0945277133769,99977,93,48,17,4,3346,1582,0.049291337007511725,35,20,26938,21818,1915,844,21001,27265,41003,29215,0,0,27968,1698,2728,26,35,0,0,0,0,0,67304,68,150,0,0,0,0,0
599,112,600.398535268443,99976,98,44,18,4,3366,1592,0.04959190205649356,40,21,26956,21887,1911,853,20976,27190,41085,29320,0,0,27780,1698,2754,26,36,0,0,0,0,0,67464,68,150,0,0,0,0,0
600,112,601.4591352083975,99976,95,39,18,4,3376,1600,0.04977194526686405,40,24,26953,21931,1917,856,20976,27145,41166,29424,0,0,27593,1701,2777,26,36,0,0,0,0,0,67625,67,151,0,0,0,0,0
601,112,602.1652256745374,99976,94,47,18,4,3381,1609,0.049911978874929985,37,19,26914,21911,1916,854,21020,27164,41246,29527,0,0,27416,1696,2789,25,37,0,0,0,0,0,67795,67,151,0,0,0,0,0
602,112,603.1552913522929,99976,96,45,18,4,3389,1611,0.05001200288069137,33,22,26868,21908,1912,850,21072,27170,41325,29629,0,0,27245,1687,2808,25,37,0,0,0,0,0,67956,66,152,0,0,0,0,0
603,112,604.2175629552024,99976,87,40,18,4,3399,1618,0.05018204369048572,29,18,26866,21936,1919,861,21080,27140,41403,29730,0,0,27061,1693,2833,25,37,0,0,0,0,0,68109,65,153,0,0,0,0,0
604,112,605.2998557177569,99976,84,41,18,4,3403,1620,0.05024205809394255,32,18,26803,21915,1916,861,21146,27160,41480,29830,0,0,26893,1686,2846,23,40,0,0,0,0,0,68270,65,153,0,0,0,0,0
605,112,606.5658770650514,99976,75,41,18,4,3412,1628,0.0504120989037369,34,19,26812,21932,1916,866,21144,27137,41557,29929,0,0,26723,1680,2876,24,40,0,0,0,0,0,68415,64,154,0,0,0,0,0
606,112,607.0781743369971,99976,77,43,18,4,3420,1633,0.05054213011122669,29,15,26760,21899,1913,863,21202,27175,41633,30027,0,0,26553,1676,2889,24,40,0,0,0,0,0,68576,64,154,0,0,0,0,0
607,112,608.5832532299414,99976,77,41,18,4,3435,1638,0.05074217812274946,30,17,26777,21936,1907,866,21190,27135,41708,30124,0,0,26382,1675,2912,24,40,0,0,0,0,0,68725,64,154,0,0,0,0,0
608,112,609.3917738800069,99976,70,41,18,4,3440,1644,0.05085220452908698,31,17,26738,21943,1907,868,21235,27126,41782,30220,0,0,26212,1674,2929,25,40,0,0,0,0,0,68878,64,154,0,0,0,0,0
609,112,610.0135269994447,99976,66,40,18,4,3444,1647,0.05092222133311995,32,16,26707,21950,1907,868,21269,27121,41855,30315,0,0,26050,1668,2947,25,40,0,0,0,0,0,69028,64,154,0,0,0,0,0
610,112,611.0562657747946,99976,66,40,18,4,3451,1650,0.051022245338881334,30,18,26684,21963,1896,867,21305,27107,41928,30409,0,0,25887,1664,2961,25,40,0,0,0,0,0,69181,64,154,0,0,0,0,0
611,112,612.0084130352593,99976,64,39,18,4,3456,1655,0.051122269344642715,30,16,26663,21969,1894,870,21330,27101,42000,30502,0,0,25731,1655,2983,25,40,0,0,0,0,0,69324,64,154,0,0,0,0,0
612,112,613.2127815774892,99976,59,35,18,4,3463,1657,0.05121229094982796,34,19,26653,22005,1897,869,21338,27067,42071,30594,0,0,25567,1656,3000,25,40,0,0,0,0,0,69470,64,154,0,0,0,0,0
613,112,614.2010663641429,99976,61,37,18,4,3470,1663,0.05134232215731776,33,13,26666,22042,1890,868,21331,27035,42141,30685,0,0,25414,1650,3015,24,41,0,0,0,0,0,69614,63,155,0,0,0,0,0
614,112,615.5803877946997,99976,57,34,18,4,3478,1667,0.051462350964231414,35,12,26675,22075,1888,871,21326,27003,42211,30775,0,0,25259,1646,3037,25,41,0,0,0,0,0,69751,61,156,0,0,0,0,0
615,112,616.0964124126572,99976,51,31,18,4,3483,1669,0.051532367768264385,37,10,26671,22103,1888,872,21334,26979,42280,30864,0,0,25105,1642,3053,26,42,0,0,0,0,0,69891,60,157,0,0,0,0,0
616,112,617.6241164896527,99976,53,24,18,4,3495,1670,0.051662398975754184,37,10,26686,22199,1885,873,21320,26889,42348,30952,0,0,24950,1641,3071,26,43,0,0,0,0,0,70029,60,156,0,0,0,0,0
617,112,618.3380147939165,99976,52,24,18,4,3497,1671,0.051692406177482594,38,12,26636,22185,1881,869,21374,26905,42416,31039,0,0,24804,1633,3083,26,43,0,0,0,0,0,70171,59,157,0,0,0,0,0
618,112,619.0470698068106,99976,51,26,18,4,3499,1673,0.05173241577978715,37,10,26572,22147,1878,865,21443,26947,42483,31125,0,0,24659,1626,3093,26,43,0,0,0,0,0,70313,58,158,0,0,0,0,0
619,112,620.0696939663906,99976,52,21,18,4,3513,1676,0.0519024565895815,28,11,26629,22245,1874,870,21398,26848,42549,31210,0,0,24509,1625,3115,26,43,0,0,0,0,0,70442,58,158,0,0,0,0,0
620,112,621.3061872676083,99976,53,24,18,4,3519,1680,0.05200248059534288,24,7,26597,22244,1871,862,21436,26858,42615,31294,0,0,24371,1614,3132,25,44,0,0,0,0,0,70574,58,158,0,0,0,0,0
621,112,622.167902158782,99976,44,20,18,4,3523,1680,0.05204249019764744,27,11,26628,22322,1869,858,21413,26784,42680,31377,0,0,24225,1611,3150,26,44,0,0,0,0,0,70704,58,158,0,0,0,0,0
622,112,623.1599735375487,99976,44,20,18,4,3527,1681,0.05209250220052813,24,10,26589,22300,1862,857,21462,26808,42744,31459,0,0,24087,1604,3162,26,44,0,0,0,0,0,70837,57,159,0,0,0,0,0
623,112,624.0967701221273,99976,40,21,18,4,3528,1682,0.0521125070016804,23,10,26552,22318,1859,850,21507,26796,42808,31541,0,0,23949,1596,3173,26,45,0,0,0,0,0,70971,57,159,0,0,0,0,0
624,112,625.1937513708025,99976,40,18,18,4,3538,1684,0.05223253580859406,21,8,26565,22387,1851,849,21504,26733,42871,31622,0,0,23810,1592,3190,25,47,0,0,0,0,0,71096,57,159,0,0,0,0,0
625,112,626.1388451522433,99976,39,16,18,4,3542,1685,0.052282547811474754,20,8,26537,22402,1848,849,21537,26720,42933,31702,0,0,23674,1587,3203,25,47,0,0,0,0,0,71224,56,160,0,0,0,0,0
626,112,627.0845968628937,99976,40,16,18,4,3548,1688,0.05237256941666,16,8,26528,22427,1841,850,21556,26694,42995,31781,0,0,23540,1582,3216,25,47,0,0,0,0,0,71350,54,162,0,0,0,0,0
627,112,628.1538577651986,99976,42,16,18,4,3553,1689,0.052432583820116827,13,12,26545,22490,1830,844,21551,26633,43056,31859,0,0,23414,1569,3233,25,47,0,0,0,0,0,71472,54,162,0,0,0,0,0
628,112,629.0260195097169,99976,41,19,18,4,3557,1693,0.052512603024725935,11,9,26522,22493,1829,841,21578,26633,43116,31936,0,0,23282,1564,3242,25,48,0,0,0,0,0,71599,54,162,0,0,0,0,0
629,112,630.0981704511195,99976,44,20,18,4,3565,1696,0.05262262943106345,33,35,26545,22543,1824,837,21535,26560,43176,32012,0,0,23157,1554,3257,25,48,0,0,0,0,2,71717,53,163,0,0,0,0,0
630,112,631.1738128527583,99976,43,32,18,4,3571,1710,0.05282267744258622,40,27,26560,22594,1821,834,21517,26508,43235,32088,0,0,23030,1545,3266,25,48,0,2,0,0,9,71835,52,164,0,0,0,0,0
631,112,632.2488035984811,99976,50,36,18,4,3587,1717,0.053052732655837403,32,31,26582,22640,1811,835,21506,26453,43294,32163,0,0,22900,1537,3274,24,49,0,8,0,0,15,71953,51,165,0,0,0,0,0
632,112,633.3229440157049,99976,55,40,18,4,3600,1725,0.0532627830679363,39,34,26586,22670,1810,831,21491,26420,43352,32237,0,0,22773,1528,3283,24,49,0,12,0,0,23,72068,51,165,0,0,0,0,0
633,112,634.0387554408557,99976,61,42,18,4,3610,1731,0.05342282147715452,42,37,26572,22677,1807,832,21499,26407,43409,32310,0,0,22642,1525,3286,24,49,0,16,0,0,27,72191,51,165,0,0,0,0,0
634,112,635.1127900694624,99976,57,48,18,4,3619,1741,0.053612867088101146,58,34,26576,22713,1811,830,21479,26370,43466,32382,0,0,22518,1517,3294,23,50,0,20,0,0,40,72298,51,165,0,0,0,0,0
635,112,636.1864036788995,99976,58,56,18,4,3633,1760,0.05394294630711371,70,26,26588,22742,1816,839,21449,26332,43522,32454,0,0,22391,1511,3300,23,50,0,25,0,0,59,72401,51,165,0,0,0,0,0
636,112,637.2595350160414,99976,63,53,18,4,3650,1768,0.05419300632151716,75,35,26592,22806,1818,844,21433,26257,43578,32525,0,0,22267,1503,3307,23,51,0,30,0,0,76,72503,51,165,0,0,0,0,0
637,112,638.332435421684,99976,79,53,18,4,3674,1777,0.054523085540529724,78,40,26580,22849,1817,850,21427,26203,43633,32595,0,0,22143,1495,3315,23,51,0,37,0,0,86,72610,51,165,0,0,0,0,0
638,112,639.0478968065589,99976,81,55,18,4,3686,1784,0.05471313115147636,81,37,26564,22846,1819,852,21436,26205,43688,32664,0,0,22026,1485,3325,23,51,0,40,0,0,98,72712,51,165,0,0,0,0,0
639,112,640.1217306892278,99976,86,54,18,4,3706,1790,0.05497319356645595,85,53,26559,22879,1826,856,21425,26153,43742,32733,0,0,21902,1481,3327,24,52,0,44,0,0,114,72816,51,165,0,0,0,0,0
640,112,641.1953324817283,99976,106,55,18,4,3735,1799,0.0553532847883492,88,58,26563,22907,1821,857,21403,26118,43795,32801,0,0,21782,1475,3333,24,52,0,49,0,0,126,72919,51,165,0,0,0,0,0
641,112,642.2684855590893,99976,123,65,18,4,3766,1815,0.055823397615427706,85,61,26567,22946,1824,857,21382,26066,43848,32868,0,0,21668,1464,3343,24,53,0,54,0,0,140,73014,51,165,0,0,0,0,0
642,112,643.3412248780654,99976,122,73,18,4,3791,1832,0.05624349843962551,93,62,26572,22983,1840,862,21354,26015,43900,32934,0,0,21542,1462,3344,23,55,0,65,0,0,163,73106,51,165,0,0,0,0,0
643,112,644.0562778443115,99976,127,79,18,4,3807,1843,0.05651356325518125,103,61,26552,23009,1844,862,21355,25984,43952,33000,0,0,21430,1451,3354,24,55,0,69,0,0,174,73203,51,165,0,0,0,0,0
644,112,645.1293462957593,99976,124,81,18,4,3831,1857,0.0568936544770745,124,55,26544,23053,1861,866,21328,25940,44003,33065,0,0,21311,1443,3359,25,57,0,79,0,0,200,73286,51,165,0,0,0,0,0
645,112,646.202632156618,99976,142,83,18,4,3863,1875,0.057393774505881415,138,56,26537,23096,1859,876,21305,25884,44054,33129,0,0,21196,1435,3367,25,57,0,87,0,0,222,73371,51,165,0,0,0,0,0
646,112,647.2755886856241,99976,152,89,18,4,3893,1890,0.05784388253180763,160,69,26539,23108,1861,882,21269,25847,44104,33192,0,0,21083,1425,3376,26,57,0,96,0,0,241,73456,51,165,0,0,0,0,0
647,112,648.3482465783642,99976,176,95,18,4,3940,1909,0.05850404096983276,169,70,26536,23147,1867,885,21233,25798,44154,33255,0,0,20969,1418,3382,25,59,0,105,0,0,267,73535,51,165,0,0,0,0,0
648,112,649.0631583285317,99976,173,98,18,4,3965,1917,0.058834120188845325,178,74,26513,23153,1883,884,21234,25786,44203,33317,0,0,20852,1412,3386,26,59,1,116,0,0,286,73622,51,165,0,0,0,0,0
649,112,650.1362123368925,99976,199,104,18,4,4016,1938,0.05955429303032728,173,82,26499,23208,1898,894,21212,25707,44252,33378,0,0,20738,1407,3388,27,61,1,125,0,0,314,73699,50,166,0,0,0,0,0
650,112,651.209484928748,99976,218,126,18,4,4066,1974,0.06041449947987517,190,76,26503,23225,1917,902,21153,25666,44300,33439,0,0,20627,1399,3392,29,63,1,133,0,0,347,73769,50,166,0,0,0,0,0
651,112,652.2821719045166,99976,240,139,18,4,4119,1995,0.0611546771225094,210,97,26490,23251,1939,900,21102,25608,44348,33499,0,0,20516,1390,3398,30,65,1,145,0,0,371,73844,49,167,0,0,0,0,0
652,112,653.3546175562926,99976,263,149,18,4,4177,2023,0.0620148835720573,219,104,26475,23278,1961,913,21063,25551,44395,33558,0,0,20408,1383,3402,30,68,1,157,0,0,409,73902,46,170,0,0,0,0,0
653,112,654.0696054346926,99976,277,153,18,4,4219,2040,0.06260502520604945,218,111,26457,23301,1977,920,21052,25510,44442,33617,0,0,20302,1371,3412,32,69,1,168,0,0,436,73970,45,170,0,0,0,0,0
654,112,655.142789168493,99976,298,157,18,4,4286,2062,0.06349523885732576,251,122,26421,23354,2011,933,21000,25429,44488,33675,0,0,20189,1361,3419,34,70,1,185,0,0,480,74022,45,170,0,0,0,0,0
655,112,656.2164142955701,99976,310,174,18,4,4345,2097,0.06443546451148276,277,135,26397,23389,2047,945,20950,25352,44534,33733,0,0,20072,1354,3424,36,69,2,203,0,0,524,74077,45,170,0,0,0,0,0
656,112,657.2901723296917,99976,317,191,18,4,4411,2136,0.06548571657197727,304,142,26381,23401,2092,963,20887,25298,44580,33790,0,0,19951,1352,3422,37,72,2,222,0,0,582,74121,45,170,0,0,0,0,0
657,112,658.0061468627434,99976,342,199,18,4,4462,2164,0.0662759062174922,325,143,26341,23412,2106,975,20867,25266,44625,33846,0,0,19846,1345,3429,37,72,2,233,0,0,617,74180,45,170,0,0,0,0,0
658,112,659.0814072231528,99975,374,215,19,4,4565,2209,0.0677569392348087,321,139,26305,23451,2162,997,20818,25193,44670,33902,0,0,19722,1337,3431,40,75,2,260,0,0,683,74210,45,170,0,0,0,0,0
659,112,660.1574453014341,99975,402,232,19,4,4650,2252,0.06903725931482871,347,142,26256,23471,2210,1021,20765,25129,44714,33957,0,0,19609,1329,3434,44,77,2,278,0,0,741,74246,45,170,0,0,0,0,0
660,112,661.2347695396492,99975,416,225,19,4,4727,2295,0.07023755938984746,377,158,26200,23502,2261,1066,20726,25044,44758,34011,0,0,19493,1325,3433,46,80,2,298,0,0,829,74254,45,170,0,0,0,0,0
661,112,662.3136838323204,99975,457,226,19,4,4833,2337,0.07171792948237059,404,171,26165,23517,2315,1102,20639,24979,44801,34065,0,0,19376,1323,3431,48,83,2,318,0,0,909,74270,45,170,0,0,0,0,0
662,112,663.0333015656964,99975,475,226,19,4,4906,2358,0.07265816454113529,431,176,26115,23537,2360,1119,20599,24937,44844,34118,0,0,19260,1317,3432,51,86,2,341,0,0,955,74316,45,170,0,0,0,0,0
663,112,664.1143576648611,99975,517,226,19,4,5014,2403,0.0741885471367842,468,199,26062,23549,2413,1159,20520,24862,44887,34171,0,0,19147,1314,3432,51,89,2,361,0,0,1043,74321,45,170,0,0,0,0,0
664,112,665.1963952448357,99975,558,235,19,4,5146,2450,0.07597899474868718,486,218,26010,23594,2490,1191,20436,24757,44929,34223,0,0,19018,1309,3433,53,92,2,399,0,0,1128,74326,45,170,0,0,0,0,0
665,112,666.2796887391579,99975,603,255,19,4,5279,2510,0.07790947736934234,502,225,25957,23633,2564,1224,20354,24658,44971,34275,0,0,18892,1307,3430,53,98,2,433,0,0,1215,74330,45,170,0,0,0,0,0
666,112,667.002550114064,99975,636,273,19,4,5367,2548,0.07916979244811202,521,235,25908,23632,2605,1235,20310,24620,45012,34326,0,0,18787,1297,3438,54,99,2,455,0,0,1266,74362,45,170,0,0,0,0,0
667,112,668.0886788990365,99974,659,301,19,5,5514,2629,0.08145117730609959,545,240,25831,23641,2710,1284,20235,24528,45053,34376,0,0,18658,1291,3441,54,104,2,498,0,0,1392,74319,45,170,0,0,0,0,0
668,112,669.176821450762,99974,710,314,19,5,5659,2689,0.08350171044471563,550,256,25767,23670,2783,1324,20170,24430,45094,34426,0,0,18535,1284,3440,56,111,2,535,0,0,1486,74310,45,170,0,0,0,0,0
669,112,670.2668099270946,99974,781,336,19,5,5824,2762,0.08588232940564547,572,281,25702,23677,2853,1369,20072,24331,45134,34475,0,0,18422,1271,3444,61,118,2,567,0,0,1584,74290,45,170,0,0,0,0,0
670,112,671.3580403236912,99974,826,363,19,5,5997,2843,0.08842298997739412,606,295,25632,23689,2953,1414,19963,24233,45174,34524,0,0,18301,1263,3442,64,125,2,605,0,0,1718,74239,44,171,0,0,0,0,0
671,112,672.0864268608782,99974,833,371,19,5,6101,2891,0.08994338528017284,654,311,25557,23682,3041,1450,19895,24180,45213,34572,0,0,18192,1261,3442,64,128,2,629,0,0,1827,74214,44,171,0,0,0,0,0
672,112,673.1815712994879,99974,861,389,19,5,6254,2977,0.09233400684177887,716,332,25486,23685,3148,1504,19769,24084,45252,34620,0,0,18069,1256,3440,68,134,2,666,0,0,1970,74154,44,171,0,0,0,0,0
673,112,674.2788005393878,99974,914,409,19,5,6447,3066,0.09515474023246044,763,337,25370,23701,3261,1560,19672,23987,45291,34667,0,0,17938,1246,3440,73,143,2,716,0,0,2111,74090,44,171,0,0,0,0,0
674,112,675.0120884072551,99974,957,414,19,5,6571,3130,0.09703522915958149,806,357,25286,23682,3320,1611,19611,23930,45329,34714,0,0,17829,1236,3442,77,148,2,746,0,0,2211,74068,44,171,0,0,0,0,0
675,112,676.1154521180121,99974,1048,439,19,5,6789,3212,0.10003600936243423,837,388,25175,23687,3421,1655,19499,23825,45367,34760,0,0,17702,1230,3443,79,154,2,793,0,0,2337,74019,44,171,0,0,0,0,0
676,112,677.2214650036864,99974,1073,469,19,5,7011,3313,0.10326684938083902,865,408,25088,23673,3578,1720,19376,23724,45405,34806,0,0,17556,1222,3432,86,168,2,856,0,0,2519,73918,44,171,0,0,0,0,0
677,112,678.3300362228476,99974,1127,530,19,5,7237,3446,0.10685778302358613,935,413,24973,23669,3710,1779,19235,23603,45442,34851,0,0,17434,1213,3429,89,182,2,903,0,0,2697,73813,43,169,0,0,0,0,0
678,112,679.0708625640889,99974,1180,552,19,5,7425,3523,0.10950847220277272,919,441,24886,23646,3819,1825,19176,23530,45479,34896,0,0,17312,1207,3427,91,194,2,947,0,0,2824,73759,43,168,0,0,0,0,0
679,112,680.1855658974141,99973,1256,590,20,5,7698,3636,0.11337061006471748,981,501,24746,23632,3975,1881,19021,23390,45515,34940,0,0,17176,1198,3427,94,205,2,1009,0,0,3014,73637,43,168,0,0,0,0,0
680,112,681.3044531031262,99972,1326,620,21,5,7991,3776,0.11770295682791182,1062,553,24567,23595,4156,1977,18867,23249,45551,34984,0,0,17028,1191,3421,102,220,3,1075,0,0,3245,73477,43,167,0,0,0,0,0
681,112,682.0533437979691,99972,1377,667,21,5,8185,3891,0.12079382227023566,1121,561,24447,23562,4268,2030,18765,23174,45587,35027,0,0,16895,1184,3421,105,227,4,1133,0,0,3382,73411,43,167,0,0,0,0,0
682,112,683.1810434287108,99972,1478,732,21,5,8519,4074,0.1259652702756772,1156,586,24313,23518,4441,2136,18590,23022,45622,35070,0,0,16751,1168,3421,112,241,4,1208,0,0,3633,73225,43,166,0,0,0,0,0
683,112,684.3131433109064,99972,1557,779,21,5,8833,4231,0.13067658944504462,1248,634,24105,23483,4630,2231,18438,22867,45657,35112,0,0,16599,1159,3405,116,270,5,1287,0,0,3853,73070,41,167,0,0,0,0,0
684,112,685.0715360291473,99972,1629,784,21,5,9073,4333,0.13409754731324772,1274,655,23994,23445,4758,2320,18323,22790,45692,35154,0,0,16477,1152,3404,122,275,5,1333,0,0,4058,72938,41,167,0,0,0,0,0
685,112,686.2140949695533,99972,1727,813,21,5,9430,4506,0.1393990317288841,1386,693,23790,23399,4956,2445,18119,22644,45726,35195,0,0,16331,1147,3400,122,288,7,1409,0,0,4362,72698,41,167,0,0,0,0,0
686,112,687.36287274056,99970,1823,876,23,5,9833,4700,0.1453736120836251,1440,727,23585,23337,5215,2554,17913,22500,45760,35236,0,0,16158,1139,3386,129,317,7,1508,0,0,4649,72469,40,168,0,0,0,0,0
687,112,688.1324905741436,99970,1896,918,23,5,10097,4851,0.14952485745723718,1494,747,23430,23286,5365,2643,17791,22400,45794,35277,0,0,16027,1136,3382,136,324,8,1560,0,0,4873,72316,40,168,0,0,0,0,0
688,112,689.2935810349023,99970,2036,983,23,5,10572,5070,0.1564669400820246,1540,760,23216,23223,5637,2766,17547,22262,45827,35317,0,0,15844,1120,3377,151,349,9,1671,0,0,5190,72052,40,167,0,0,0,0,0
689,112,690.0716188950462,99970,2135,1026,23,5,10909,5235,0.1614884465339602,1575,776,23038,23177,5822,2864,17406,22151,45860,35357,0,0,15697,1111,3369,158,371,9,1747,0,0,5434,71868,40,166,0,0,0,0,0
690,112,691.2470907231481,99970,2218,1082,23,5,11364,5469,0.16838051415424626,1690,822,22788,23091,6112,3022,17168,21977,45893,35396,0,0,15532,1099,3359,169,401,10,1840,0,0,5827,71527,40,166,0,0,0,0,0
691,112,692.0359456037447,99970,2308,1101,23,5,11700,5612,0.17317195158547563,1733,877,22598,23025,6300,3120,17037,21871,45926,35435,0,0,15400,1091,3348,178,427,11,1897,0,0,6085,71328,40,165,0,0,0,0,0
692,112,693.2281609035805,99969,2433,1120,24,5,12215,5841,0.18061599095719674,1830,928,22299,22973,6612,3293,16801,21680,45958,35473,0,0,15217,1075,3338,198,467,12,2004,0,0,6481,70974,40,163,0,0,0,0,0
693,112,694.0297544880997,99969,2543,1183,24,5,12598,6022,0.1862577398993688,1882,980,22096,22881,6811,3396,16643,21554,45990,35511,0,0,15062,1064,3322,211,491,13,2087,0,0,6739,70777,40,163,0,0,0,0,0
694,112,695.2421118137315,99968,2649,1307,25,5,13165,6354,0.19525248079385404,1987,950,21815,22813,7154,3568,16369,21356,46022,35549,0,0,14872,1051,3303,226,531,15,2206,0,0,7205,70357,39,163,0,0,0,0,0
695,112,696.0565204733507,99967,2711,1319,26,5,13561,6540,0.2010763551972151,2060,973,21596,22757,7398,3721,16208,21224,46053,35586,0,0,14710,1036,3299,239,561,18,2302,0,0,7541,70060,39,162,0,0,0,0,0
696,112,697.2902798113187,99967,2855,1377,26,5,14181,6851,0.21038942851140877,2134,1025,21301,22666,7754,3929,15929,20997,46084,35623,0,0,14504,1024,3276,252,603,21,2439,0,0,8049,69599,38,162,0,0,0,0,0
697,112,698.1200234233272,99967,2926,1415,26,5,14586,7059,0.21652145207918613,2181,1044,21102,22591,8007,4075,15757,20869,46115,35659,0,0,14346,1014,3270,260,648,21,2529,0,0,8371,69309,38,161,0,0,0,0,0
698,112,699.37633878151,99966,3011,1483,27,5,15224,7387,0.22618690354720605,2299,1114,20777,22437,8422,4299,15463,20661,46146,35695,0,0,14117,990,3249,289,709,23,2683,0,0,8887,68821,38,160,0,0,0,0,0
699,112,700.2222153094883,99966,3103,1539,27,5,15703,7605,0.23315927415321208,2313,1190,20541,22314,8718,4443,15297,20508,46176,35731,0,0,13947,983,3235,295,742,28,2785,0,0,9262,68495,38,156,0,0,0,0,0
700,112,701.0760133035304,99966,3203,1566,27,5,16211,7835,0.24054178420663025,2295,1246,20329,22207,9020,4618,15125,20357,46206,35766,0,0,13769,970,3226,311,790,30,2897,0,0,9651,68129,37,156,0,0,0,0,0
701,112,702.3714160162168,99964,3372,1703,28,6,16983,8250,0.2524208715137449,2394,1274,19954,22069,9458,4836,14793,20111,46236,35801,0,0,13534,954,3207,335,860,33,3057,0,0,10209,67584,37,154,0,0,0,0,0
702,112,703.2452407775788,99964,3451,1778,28,6,17495,8520,0.26024368772758194,2490,1312,19683,21963,9758,5000,14589,19940,46265,35836,0,0,13356,943,3185,355,914,35,3162,0,0,10612,67213,36,153,0,0,0,0,0
703,112,704.1277505547237,99964,3574,1867,28,6,18071,8825,0.2690568604697691,2543,1366,19401,21826,10080,5176,14373,19758,46294,35870,0,0,13173,921,3174,378,975,37,3280,0,0,11022,66817,35,152,0,0,0,0,0
704,112,705.0199237142546,99964,3652,1945,28,6,18630,9132,0.2777199791925093,2618,1408,19129,21683,10420,5360,14152,19597,46323,35904,0,0,12982,906,3152,394,1045,41,3404,0,0,11458,66396,34,152,0,0,0,0,0
705,112,706.3780838955848,99963,3822,2054,29,6,19550,9616,0.2917679541430329,2675,1426,18717,21537,10946,5665,13810,19311,46352,35937,0,0,12723,893,3116,420,1155,43,3581,0,0,12170,65678,33,151,0,0,0,0,0
706,112,707.2968985933383,99963,3926,2120,29,6,20182,9948,0.3014115222632374,2759,1440,18424,21428,11288,5874,13573,19131,46380,35970,0,0,12542,880,3096,450,1214,52,3684,0,0,12690,65172,33,150,0,0,0,0,0
707,112,708.2280744009704,99962,4047,2215,30,6,20841,10316,0.31168844160781095,2769,1466,18145,21272,11671,6090,13337,18950,46408,36003,0,0,12337,866,3081,469,1287,59,3815,0,0,13189,64679,33,147,0,0,0,0,0
708,112,709.1711961678849,99962,4112,2265,30,6,21455,10679,0.32146215561913527,2897,1516,17845,21123,12038,6339,13077,18750,46436,36035,0,0,12135,858,3063,487,1353,68,3945,0,0,13753,64123,33,144,0,0,0,0,0
709,112,710.1266574619921,99962,4201,2310,30,6,22119,11054,0.33185610532002163,2943,1564,17571,20978,12433,6593,12821,18548,46464,36067,0,0,11915,846,3031,522,1444,71,4081,0,0,14305,63571,33,143,0,0,0,0,0
710,112,711.0946667178418,99962,4334,2375,30,6,22843,11452,0.3430803705408055,2979,1595,17261,20824,12789,6862,12606,18337,46491,36099,0,0,11697,830,3005,561,1550,75,4214,0,0,14835,63021,33,141,0,0,0,0,0
711,112,712.0770798740092,99960,4496,2404,30,8,23563,11817,0.3539415766306523,3068,1636,16957,20675,13111,7140,12337,18136,46518,36130,0,0,11493,820,2986,591,1618,81,4338,0,0,15419,62442,33,139,0,0,0,0,0
712,112,713.0738273604072,99960,4627,2460,30,8,24278,12227,0.36519607843137253,3145,1662,16656,20500,13462,7430,12079,17939,46545,36161,0,0,11298,813,2961,617,1726,87,4456,0,0,15986,61846,32,138,0,0,0,0,0
713,112,714.0852988154508,99958,4785,2491,32,8,25106,12631,0.37752856199603835,3133,1716,16378,20362,13887,7729,11784,17693,46572,36192,0,0,11061,799,2938,652,1857,90,4608,0,0,16568,61217,31,137,0,0,0,0,0
714,112,715.1113058456295,99958,4877,2516,32,8,25922,13048,0.38986374277196423,3141,1789,16026,20205,14369,8014,11554,17467,46598,36222,0,0,10827,784,2908,694,1991,100,4755,0,0,17197,60536,30,136,0,0,0,0,0
715,112,716.1563443335972,99958,4999,2626,32,8,26782,13526,0.40324936473318795,3166,1791,15726,20025,14823,8304,11253,17245,46624,36252,0,0,10585,771,2886,741,2134,110,4903,0,0,17778,59887,29,134,0,0,0,0,0
716,112,717.2189781001264,99957,5077,2686,33,8,27623,13999,0.41639905159218465,3206,1854,15427,19827,15262,8614,10994,17010,46650,36282,0,0,10359,759,2861,785,2280,119,5034,0,0,18447,59153,28,132,0,0,0,0,0
717,112,718.3000438562729,99956,5193,2757,34,8,28528,14501,0.43047941094081393,3178,1866,15113,19669,15742,8948,10739,16751,46676,36311,0,0,10133,742,2836,822,2439,129,5173,0,0,19140,58388,27,127,0,0,0,0,0
718,112,719.3705217518204,99956,5295,2833,34,8,29397,14980,0.44396534475169075,3240,1917,14748,19489,16212,9235,10470,16517,46701,36340,0,0,9928,723,2809,866,2603,139,5287,0,0,19785,57663,27,126,0,0,0,0,0
719,112,720.4072801749294,99956,5360,2906,34,8,30224,15490,0.45734123014126216,3296,1925,14410,19314,16686,9564,10213,16282,46726,36369,0,0,9710,712,2781,918,2758,154,5404,0,0,20441,56926,27,125,0,0,0,0,0
720,112,721.4114398170543,99954,5413,2946,35,9,31058,15941,0.470206294895652,3337,1953,14104,19143,17139,9858,9971,16090,46751,36398,0,0,9503,703,2746,974,2926,170,5502,0,0,21076,56204,27,123,0,0,0,0,0
721,112,722.3866272105699,99953,5462,2997,36,9,31864,16409,0.482956989785199,3390,1968,13825,18998,17540,10151,9746,15876,46776,36426,0,0,9278,691,2719,1013,3107,181,5640,0,0,21672,55503,27,122,0,0,0,0,0
722,112,723.3371530877849,99952,5560,3047,37,9,32691,16895,0.4960981271010085,3369,1960,13554,18852,17955,10475,9524,15656,46801,36454,0,0,9099,677,2692,1048,3276,198,5735,0,0,22313,54769,24,121,0,0,0,0,0
723,112,724.2646745880627,99949,5605,3063,39,10,33473,17321,0.5081991815826071,3388,1947,13279,18704,18377,10783,9311,15492,46825,36482,0,0,8898,660,2658,1111,3434,218,5831,0,0,22907,54089,24,119,0,0,0,0,0
724,112,725.170301728115,99946,5613,3112,42,10,34181,17766,0.519750665359294,3420,1961,13049,18550,18752,11053,9123,15313,46849,36509,0,0,8719,647,2623,1134,3604,235,5938,0,0,23500,53409,23,114,0,0,0,0,0
725,112,726.055634769167,99945,5608,3122,43,10,34944,18161,0.5313422382310271,3397,2000,12819,18417,19220,11319,8912,15131,46873,36536,0,0,8519,630,2594,1175,3799,255,6054,0,0,24043,52741,23,112,0,0,0,0,0
726,112,727.3448975253067,99945,5679,3159,43,10,36057,18765,0.5485216869278103,3325,2005,12503,18240,19819,11719,8630,14866,46897,36563,0,0,8266,616,2553,1237,4072,279,6194,0,0,24812,51783,23,110,0,0,0,0,0
727,112,728.182343613957,99945,5663,3163,43,10,36728,19171,0.5592976136875282,3289,2010,12351,18095,20181,12011,8472,14710,46921,36590,0,0,8061,605,2520,1278,4269,294,6306,0,0,25299,51180,23,110,0,0,0,0,0
728,112,729.0045520668406,99944,5669,3203,44,10,37384,19614,0.5702993676458817,3284,1966,12170,17972,20513,12306,8319,14542,46944,36616,0,0,7887,596,2495,1318,4423,319,6395,0,0,25831,50550,22,108,0,0,0,0,0
729,112,730.2128131576449,99944,5668,3272,44,10,38319,20232,0.5858380693188185,3331,1935,11874,17768,21031,12699,8051,14315,46967,36642,0,0,7678,573,2466,1378,4691,356,6502,0,0,26479,49694,21,106,0,0,0,0,0
730,112,731.0011512759595,99944,5697,3302,44,10,38955,20600,0.5958836948691267,3333,1951,11679,17618,21313,12924,7933,14194,46990,36668,0,0,7514,557,2446,1426,4873,364,6579,0,0,26893,49165,21,106,0,0,0,0,0
731,112,732.1616550221858,99942,5781,3267,46,10,39933,21121,0.6108943187048488,3256,1991,11489,17465,21742,13312,7685,13954,47013,36694,0,0,7297,551,2413,1490,5134,391,6676,0,0,27536,48328,19,107,0,0,0,0,0
732,112,733.298880352146,99941,5758,3310,47,10,40859,21671,0.6256691447954293,3241,1967,11272,17320,22197,13661,7484,13731,47036,36719,0,0,7073,535,2366,1544,5424,420,6804,0,0,28144,47507,19,105,0,0,0,0,0
733,112,734.0445354546,99940,5738,3333,48,10,41447,22038,0.6352311386832099,3250,1955,11141,17204,22446,13890,7376,13607,47058,36744,0,0,6925,523,2337,1588,5627,443,6862,0,0,28504,47009,19,103,0,0,0,0,0
734,112,735.1468065677822,99940,5765,3330,48,10,42363,22560,0.6496197718631179,3232,1989,10930,17031,22833,14229,7191,13410,47080,36769,0,0,6743,511,2289,1659,5902,492,6922,0,0,29063,46237,19,103,0,0,0,0,0
735,112,736.2302600753028,99939,5777,3348,49,10,43226,23121,0.663874963727874,3197,1949,10738,16851,23237,14598,7001,13243,47102,36793,0,0,6559,499,2262,1709,6216,526,7006,0,0,29567,45474,19,102,0,0,0,0,0
736,112,737.2951909030628,99939,5670,3359,49,10,44057,23612,0.6771030328500385,3156,1955,10560,16717,23720,14897,6844,13061,47124,36817,0,0,6381,483,2218,1786,6540,566,7051,0,0,30053,44743,19,99,0,0,0,0,0
737,112,738.3408086410659,99937,5603,3369,51,10,44871,24128,0.6904249677296697,3091,1947,10402,16579,24180,15206,6672,12888,47146,36841,0,0,6212,467,2187,1855,6835,630,7108,0,0,30495,44031,18,99,0,0,0,0,0
738,112,739.0276190268823,99936,5565,3374,52,10,45410,24447,0.6990173711175152,3027,1931,10305,16481,24472,15409,6578,12794,47167,36865,0,0,6080,462,2168,1865,7049,665,7171,0,0,30773,43586,18,99,0,0,0,0,0
739,112,740.0440070096502,99936,5512,3379,52,10,46185,24925,0.71155539545309,2981,1931,10144,16361,24871,15714,6439,12604,47188,36889,0,0,5905,452,2137,1935,7346,702,7226,0,0,31201,42917,18,97,0,0,0,0,0
740,112,741.0455848710376,99935,5484,3361,53,10,46956,25382,0.7238505028268375,2988,1913,9988,16264,25187,16009,6299,12442,47209,36912,0,0,5758,442,2114,1977,7653,743,7276,0,0,31609,42249,18,96,0,0,0,0,0
741,112,742.0346189436856,99935,5460,3365,53,10,47728,25853,0.7362885875819283,2886,1918,9840,16135,25582,16285,6178,12286,47230,36935,0,0,5623,434,2088,2041,7938,803,7286,0,0,31997,41615,18,92,0,0,0,0,0
742,112,743.0105251179242,99935,5359,3356,53,10,48394,26299,0.7474158202831841,2927,1892,9698,16019,25910,16561,6052,12161,47251,36958,0,0,5480,420,2058,2094,8176,862,7328,0,0,32441,40969,16,91,0,0,0,0,0
743,112,744.2939088257772,99935,5239,3315,53,10,49250,26883,0.7618251863711413,2892,1875,9587,15895,26327,16960,5901,11944,47271,36981,0,0,5281,408,2030,2164,8558,934,7397,0,0,32863,40194,15,91,0,0,0,0,0
744,112,745.2454466692755,99935,5292,3302,53,10,49978,27313,0.7734127182668735,2805,1843,9479,15794,26562,17246,5808,11804,47291,37003,0,0,5179,404,1993,2203,8826,997,7406,0,0,33190,39632,15,90,0,0,0,0,0
745,112,746.1889111429932,99933,5205,3245,55,10,50652,27703,0.7840753304714159,2739,1834,9413,15694,26890,17519,5697,11697,47311,37025,0,0,5037,396,1965,2267,9105,1060,7425,0,0,33510,39064,15,89,0,0,0,0,0
746,112,747.1232178814467,99933,5137,3298,55,10,51256,28155,0.7946424104149781,2739,1775,9286,15608,27172,17743,5610,11565,47331,37047,0,0,4915,389,1946,2315,9354,1113,7435,0,0,33814,38549,15,88,0,0,0,0,0
747,112,748.0487330309458,99933,5077,3291,55,10,51889,28578,0.8052094903585402,2672,1750,9213,15514,27455,17977,5527,11457,47351,37069,0,0,4794,379,1933,2372,9646,1175,7448,0,0,34045,38042,14,85,0,0,0,0,0
748,112,749.2708255752633,99932,5031,3236,56,10,52723,29100,0.8187867750070048,2598,1666,9113,15438,27791,18333,5410,11316,47371,37090,0,0,4665,368,1886,2419,10068,1235,7461,0,0,34390,37345,14,81,0,0,0,0,0
749,112,750.1800307045538,99930,4992,3180,57,11,53324,29460,0.828419893925748,2582,1653,9036,15362,28010,18580,5322,11213,47390,37111,0,0,4539,361,1863,2456,10334,1290,7497,0,0,34643,36853,14,80,0,0,0,0,0
750,112,751.0829076428937,99930,4960,3088,57,11,53928,29819,0.8380566396477535,2547,1636,8984,15309,28206,18848,5245,11107,47409,37132,0,0,4442,351,1843,2512,10607,1348,7487,0,0,34916,36331,14,79,0,0,0,0,0
751,112,752.2788408247236,99929,4859,3006,57,12,54635,30306,0.8500135095918102,2527,1581,8905,15226,28505,19206,5146,10968,47428,37153,0,0,4326,345,1814,2567,10965,1428,7483,0,0,35231,35681,12,77,0,0,0,0,0
752,112,753.169448587865,99929,4763,2953,57,12,55181,30649,0.8589098259764433,2461,1555,8854,15202,28777,19420,5087,10857,47447,37174,0,0,4221,336,1798,2615,11238,1492,7483,0,0,35432,35225,12,77,0,0,0,0,0
753,112,754.0542793247993,99929,4718,2960,57,12,55736,31001,0.8679862702518788,2409,1508,8806,15159,28996,19594,5013,10766,47466,37194,0,0,4131,323,1776,2664,11492,1553,7469,0,0,35613,34827,11,70,0,0,0,0,0
754,112,755.2253886460217,99929,4634,2870,57,12,56437,31379,0.8787839365949824,2378,1565,8742,15086,29270,19839,4918,10627,47485,37214,0,0,4022,316,1744,2713,11808,1641,7463,0,0,35882,34261,11,68,0,0,0,0,0
755,112,756.0978817437144,99929,4525,2850,57,12,56925,31729,0.8871698906223419,2363,1512,8693,15064,29518,20051,4843,10510,47504,37234,0,0,3950,311,1726,2743,12063,1720,7443,0,0,36055,33839,11,68,0,0,0,0,0
756,112,757.2532041923923,99927,4448,2850,59,12,57598,32186,0.8984959020084662,2328,1460,8665,15007,29743,20292,4756,10378,47522,37254,0,0,3841,301,1699,2797,12371,1818,7432,0,0,36244,33345,11,68,0,0,0,0,0
757,112,758.1150649626319,99924,4402,2801,60,14,58118,32499,0.9068592130018814,2242,1446,8619,14965,29971,20484,4705,10289,47540,37274,0,0,3766,293,1678,2838,12640,1885,7411,0,0,36368,32968,11,66,0,0,0,0,0
758,112,759.2574907791955,99922,4356,2796,62,14,58761,32934,0.9176657793078601,2194,1389,8597,14927,30168,20717,4622,10156,47558,37293,0,0,3668,285,1656,2878,12935,1980,7407,0,0,36534,32502,11,66,0,0,0,0,0
759,112,760.1102000913553,99921,4276,2754,63,14,59207,33225,0.9250507901241981,2198,1374,8564,14895,30342,20899,4556,10063,47576,37312,0,0,3598,278,1639,2915,13188,2045,7380,0,0,36628,32173,11,66,0,0,0,0,0
760,112,761.24121070638,99920,4195,2723,63,15,59835,33613,0.9352281825460368,2148,1351,8529,14842,30598,21105,4466,9963,47594,37331,0,0,3503,274,1620,2982,13493,2142,7348,0,0,36745,31737,11,65,0,0,0,0,0
761,112,762.0850911565284,99920,4180,2661,63,15,60316,33880,0.9427141713370697,2057,1354,8517,14806,30757,21279,4425,9884,47612,37350,0,0,3428,271,1597,3016,13721,2209,7333,0,0,36859,31411,10,65,0,0,0,0,0
762,112,763.2053973421309,99917,4077,2640,65,16,60902,34263,0.9524405256362781,2038,1305,8474,14812,30992,21448,4353,9778,47629,37369,0,0,3346,261,1582,3046,14043,2312,7317,0,0,36928,31009,10,63,0,0,0,0,0
763,112,764.0415661105708,99917,3998,2594,65,16,61309,34529,0.9591761161764264,2016,1287,8465,14783,31144,21599,4311,9720,47646,37388,0,0,3265,252,1572,3095,14253,2378,7311,0,0,37014,30704,10,63,0,0,0,0,0
764,112,765.1524739914539,99917,3959,2539,65,16,61891,34872,0.9684338000540449,1945,1276,8473,14750,31291,21798,4266,9620,47663,37406,0,0,3206,242,1554,3143,14525,2475,7267,0,0,37136,30297,10,62,0,0,0,0,0
765,112,766.2599078721075,99916,3846,2491,65,17,62390,35245,0.977170823491733,1932,1212,8488,14746,31474,22007,4194,9526,47680,37424,0,0,3125,230,1535,3196,14815,2568,7240,0,0,37222,29914,10,61,0,0,0,0,0
766,112,767.0877547737824,99916,3800,2492,65,17,62797,35516,0.983956523479723,1889,1180,8477,14726,31616,22110,4152,9474,47697,37442,0,0,3065,227,1525,3236,14985,2649,7210,0,0,37302,29647,10,60,0,0,0,0,0
767,112,768.1881318133692,99916,3751,2467,65,17,63331,35873,0.9928740141719044,1877,1151,8459,14730,31759,22271,4088,9363,47714,37460,0,0,2992,222,1512,3267,15268,2735,7189,0,0,37383,29280,10,58,0,0,0,0,0
768,112,769.0106995351586,99916,3666,2436,65,17,63694,36103,0.9988089995596301,1816,1144,8458,14740,31931,22374,4063,9288,47731,37478,0,0,2937,217,1492,3291,15481,2806,7161,0,0,37420,29043,10,58,0,0,0,0,0
769,112,770.1034925305443,99916,3574,2360,65,17,64174,36394,1.0065254814043796,1803,1153,8471,14724,32072,22539,4014,9206,47748,37495,0,0,2877,213,1478,3310,15742,2909,7137,0,0,37486,28697,10,57,0,0,0,0,0
770,112,771.1938765365095,99916,3542,2304,65,17,64684,36729,1.0149825853717123,1714,1066,8501,14724,32214,22749,3963,9139,47764,37512,0,0,2812,211,1470,3348,16004,3004,7103,0,0,37535,28362,10,57,0,0,0,0,0
771,112,772.0102143602105,99916,3467,2230,65,17,65031,36907,1.0202369990792266,1702,1088,8532,14723,32318,22852,3915,9089,47780,37529,0,0,2762,204,1463,3381,16212,3062,7075,0,0,37569,28121,10,57,0,0,0,0,0
772,112,773.0960655626701,99916,3352,2187,65,17,65472,37215,1.0277332959686136,1681,1022,8559,14753,32468,23014,3874,9006,47796,37546,0,0,2695,204,1448,3401,16459,3157,7052,0,0,37650,27784,10,56,0,0,0,0,0
773,112,774.1800064892628,99916,3306,2121,65,17,65928,37503,1.035179550822691,1625,1002,8573,14763,32594,23170,3836,8926,47812,37563,0,0,2650,199,1429,3421,16680,3263,7026,0,0,37725,27460,10,53,0,0,0,0,0
774,112,775.2614236228169,99916,3244,2044,65,17,66354,37773,1.0421454021377958,1604,988,8597,14777,32699,23327,3790,8846,47828,37580,0,0,2603,196,1408,3439,16907,3361,7002,0,0,37793,27145,10,52,0,0,0,0,0
775,112,776.0712086395667,99916,3209,2006,65,17,66679,37946,1.047129588854638,1585,981,8585,14784,32786,23410,3769,8801,47844,37597,0,0,2560,193,1397,3455,17072,3432,6975,0,0,37801,26970,10,51,0,0,0,0,0
776,112,777.1489739094753,99916,3115,1934,65,17,67098,38194,1.0538051963649466,1530,959,8625,14804,32939,23545,3725,8740,47860,37613,0,0,2518,190,1389,3482,17290,3537,6926,0,0,37849,26676,9,50,0,0,0,0,0
777,112,778.2246722828434,99916,3003,1883,65,17,67493,38438,1.060200568477521,1489,937,8657,14818,33091,23675,3694,8669,47875,37629,0,0,2464,189,1367,3490,17510,3639,6908,0,0,37888,26402,9,50,0,0,0,0,0
778,112,779.0298037911023,99916,2951,1851,65,17,67769,38626,1.0648444693542576,1454,913,8684,14821,33174,23764,3671,8633,47890,37645,0,0,2434,188,1359,3501,17642,3718,6878,0,0,37919,26218,9,50,0,0,0,0,0
779,112,780.1022064066514,99916,2871,1796,65,17,68141,38860,1.0709095640337885,1407,893,8732,14838,33287,23887,3637,8568,47905,37661,0,0,2387,181,1347,3528,17837,3810,6849,0,0,37949,25969,9,50,0,0,0,0,0
780,112,781.1726420245191,99916,2795,1774,65,17,68497,39103,1.0769045998638858,1368,858,8783,14857,33388,23981,3600,8512,47920,37677,0,0,2340,180,1335,3565,18023,3892,6804,0,0,37974,25744,9,50,0,0,0,0,0
781,112,782.242239228787,99915,2731,1738,66,17,68882,39318,1.0829204824100485,1320,846,8832,14890,33489,24057,3561,8451,47935,37693,0,0,2309,178,1324,3559,18232,3982,6772,0,0,37992,25508,9,50,0,0,0,0,0
782,112,783.0433539473489,99915,2690,1699,66,17,69160,39479,1.0873142170845218,1284,828,8859,14917,33557,24121,3543,8417,47950,37708,0,0,2280,175,1313,3564,18400,4038,6743,0,0,38003,25340,9,50,0,0,0,0,0
783,112,784.1105845179761,99914,2596,1653,67,17,69469,39693,1.092559601257081,1263,784,8920,14965,33635,24232,3518,8348,47965,37723,0,0,2249,168,1306,3581,18576,4133,6703,0,0,38006,25133,9,50,0,0,0,0,0
784,112,785.1772474374699,99914,2525,1637,67,17,69795,39919,1.0980843525431871,1265,754,8965,14995,33687,24307,3490,8289,47980,37738,0,0,2217,167,1293,3619,18729,4221,6653,0,0,38036,24921,8,50,0,0,0,0,0
785,112,786.2435986128221,99914,2467,1590,67,17,70136,40099,1.1032988369998198,1216,767,9023,15041,33761,24348,3465,8236,47995,37753,0,0,2187,166,1281,3628,18900,4316,6614,0,0,38023,24742,7,50,0,0,0,0,0
786,112,787.0430162183173,99914,2454,1580,67,17,70378,40248,1.1072122024941449,1179,750,9082,15064,33768,24378,3449,8210,48009,37768,0,0,2165,166,1277,3640,19018,4371,6577,0,0,38024,24619,7,50,0,0,0,0,0
787,112,788.109262468098,99914,2432,1556,67,17,70703,40444,1.1124266869507777,1134,710,9152,15114,33788,24443,3426,8159,48023,37783,0,0,2135,164,1270,3672,19147,4456,6530,0,0,38043,24440,7,50,0,0,0,0,0
788,112,789.1762385446606,99914,2333,1518,67,17,70996,40646,1.1173809476149488,1129,689,9222,15174,33858,24505,3390,8096,48037,37798,0,0,2103,164,1265,3680,19353,4536,6497,0,0,38006,24254,6,50,0,0,0,0,0
789,112,790.2428597114431,99914,2292,1467,67,17,71317,40826,1.1223952599235343,1077,658,9279,15201,33909,24599,3375,8057,48051,37812,0,0,2079,164,1257,3697,19493,4631,6455,0,0,38013,24070,6,49,0,0,0,0,0
790,112,791.0428396822899,99914,2287,1431,67,17,71554,40944,1.125948315551374,1042,662,9324,15230,33903,24633,3376,8026,48065,37826,0,0,2055,161,1253,3698,19615,4673,6431,0,0,38038,23935,6,49,0,0,0,0,0
791,112,792.1100318055925,99914,2259,1401,67,17,71869,41119,1.1308525331785335,998,670,9376,15244,33952,24687,3347,7980,48079,37840,0,0,2029,160,1249,3709,19753,4755,6391,0,0,38050,23764,5,49,0,0,0,0,0
792,112,793.1774375114502,99914,2176,1375,67,17,72138,41305,1.13540644954661,987,638,9454,15292,33993,24740,3322,7937,48093,37854,0,0,1997,159,1238,3704,19945,4831,6367,0,0,37999,23620,5,49,0,0,0,0,0
793,112,794.2451276572433,99914,2114,1333,67,17,72400,41461,1.1395900474407992,988,631,9511,15348,34024,24777,3295,7893,48107,37868,0,0,1976,155,1229,3730,20094,4898,6318,0,0,38002,23460,4,48,0,0,0,0,0
794,112,795.0458618342673,99914,2066,1285,67,17,72607,41573,1.142782793202154,961,643,9555,15369,34062,24834,3288,7851,48121,37882,0,0,1944,154,1223,3734,20196,4961,6302,0,0,38017,23331,4,48,0,0,0,0,0
795,112,796.1134967984269,99914,2045,1273,67,17,72860,41754,1.1471265288147807,942,608,9608,15386,34072,24899,3265,7816,48134,37896,0,0,1918,153,1215,3745,20341,5021,6275,0,0,38003,23192,4,47,0,0,0,0,0
796,112,797.1820315016088,99913,1965,1229,67,18,73096,41911,1.151071432145967,944,599,9682,15450,34088,24936,3253,7767,48147,37910,0,0,1892,150,1206,3755,20475,5100,6251,0,0,38000,23033,4,47,0,0,0,0,0
797,112,798.2513643113084,99911,1935,1175,69,18,73351,42061,1.1551480817927955,905,567,9744,15532,34103,24993,3243,7714,48160,37923,0,0,1874,149,1193,3772,20629,5164,6210,0,0,37980,22890,4,46,0,0,0,0,0
798,112,799.0540671536347,99911,1883,1194,69,18,73537,42185,1.158250843250493,890,535,9796,15579,34126,24986,3235,7687,48173,37936,0,0,1851,146,1188,3774,20721,5224,6192,0,0,37953,22812,4,46,0,0,0,0,0
799,112,800.124576755924,99910,1798,1178,70,18,73786,42330,1.1622059853868483,857,510,9880,15658,34173,24981,3221,7654,48186,37949,0,0,1825,145,1178,3766,20871,5304,6163,0,0,37903,22705,4,46,0,0,0,0,0
800,112,801.1951377760249,99910,1763,1142,70,18,74022,42475,1.1660194174757281,826,513,9944,15720,34185,25001,3211,7605,48199,37962,0,0,1801,142,1174,3773,20971,5383,6139,0,0,37906,22571,4,46,0,0,0,0,0
801,112,802.2664553805556,99910,1734,1095,70,18,74254,42628,1.1698728855970373,788,491,10027,15779,34184,25050,3196,7566,48212,37975,0,0,1782,140,1168,3771,21080,5470,6111,0,0,37892,22446,4,46,0,0,0,0,0
802,112,803.0708954423577,99910,1698,1054,70,18,74403,42713,1.1722149934941448,798,509,10084,15820,34160,25067,3189,7531,48225,37988,0,0,1766,140,1163,3762,21173,5525,6091,0,0,37871,22370,4,45,0,0,0,0,0
803,112,804.1448999406937,99910,1649,1014,70,18,74612,42830,1.1754779301371234,796,506,10152,15872,34157,25086,3175,7503,48238,38001,0,0,1741,139,1151,3772,21273,5601,6067,0,0,37854,22263,4,45,0,0,0,0,0
804,112,805.2199232003535,99910,1616,980,70,18,74844,42963,1.1791312180962867,758,487,10227,15935,34173,25119,3155,7460,48251,38014,0,0,1725,138,1143,3778,21371,5683,6032,0,0,37847,22144,4,45,0,0,0,0,0
805,112,806.0267250408251,99909,1586,961,71,18,74998,43062,1.1816753245453362,757,475,10282,15973,34161,25140,3142,7432,48263,38027,0,0,1713,136,1142,3790,21443,5732,5999,0,0,37855,22050,4,45,0,0,0,0,0
806,112,807.1035364593795,99909,1567,918,71,18,75207,43192,1.1850684122551522,731,443,10368,16044,34130,25178,3132,7398,48275,38039,0,0,1687,133,1141,3791,21545,5798,5992,0,0,37845,21928,4,45,0,0,0,0,0
807,112,808.1823060127148,99909,1545,889,71,18,75399,43300,1.188071144741715,726,452,10440,16109,34100,25155,3117,7376,48287,38051,0,0,1671,130,1136,3789,21631,5857,5965,0,0,37855,21826,4,45,0,0,0,0,0
808,112,809.2624908488802,99909,1504,880,71,18,75594,43418,1.1912039956360287,701,445,10513,16181,34101,25131,3109,7344,48299,38063,0,0,1649,129,1133,3791,21719,5925,5942,0,0,37834,21738,4,45,0,0,0,0,0
809,112,810.073300691188,99909,1477,852,71,18,75739,43493,1.193405999459508,686,466,10568,16225,34095,25118,3102,7320,48311,38075,0,0,1631,129,1132,3788,21795,5971,5925,0,0,37825,21664,4,45,0,0,0,0,0
810,112,811.1553607265786,99909,1419,866,71,18,75939,43624,1.1967190143030157,659,440,10645,16306,34120,25085,3085,7284,48323,38087,0,0,1608,128,1130,3794,21885,6041,5906,0,0,37795,21573,4,45,0,0,0,0,0
811,112,812.2378330063873,99908,1367,867,72,18,76117,43744,1.1997137366377066,637,436,10726,16375,34123,25046,3074,7257,48335,38099,0,0,1590,127,1125,3800,21978,6104,5882,0,0,37765,21488,4,45,0,0,0,0,0
812,112,813.0501031408514,99908,1310,854,72,18,76224,43839,1.201735596749009,633,416,10794,16436,34117,25035,3073,7240,48347,38111,0,0,1574,127,1122,3805,22033,6157,5862,0,0,37765,21414,4,45,0,0,0,0,0
813,112,814.1344251927449,99908,1268,843,72,18,76396,43959,1.204658285622773,631,424,10874,16486,34100,25015,3054,7213,48359,38123,0,0,1558,127,1120,3819,22122,6210,5834,0,0,37758,21311,4,45,0,0,0,0,0
814,112,815.2201410573947,99908,1230,788,72,18,76557,44055,1.207230652200024,624,430,10958,16572,34067,25020,3048,7171,48371,38135,0,0,1543,125,1114,3824,22224,6269,5808,0,0,37724,21228,4,45,0,0,0,0,0
815,112,816.0355069910981,99908,1200,796,72,18,76672,44148,1.2093125675621572,614,396,11021,16616,34049,25018,3043,7155,48383,38146,0,0,1531,125,1110,3830,22299,6302,5783,0,0,37707,21172,4,45,0,0,0,0,0
816,112,817.124436072119,99908,1164,780,72,18,76816,44249,1.2117648236377467,608,369,11121,16713,34000,25003,3034,7116,48394,38157,0,0,1515,125,1107,3829,22380,6352,5760,0,0,37696,21095,4,45,0,0,0,0,0
817,112,818.2156957054365,99908,1164,766,72,18,76997,44354,1.2146274572606799,559,367,11223,16786,33954,24984,3027,7078,48405,38168,0,0,1501,125,1104,3837,22458,6405,5732,0,0,37672,21025,4,45,0,0,0,0,0
818,112,819.0355964682385,99908,1141,753,72,18,77118,44421,1.2165091884533772,552,363,11286,16835,33925,24967,3023,7063,48416,38179,0,0,1487,125,1102,3841,22498,6456,5715,0,0,37663,20972,4,45,0,0,0,0,0
819,112,820.1308409547917,99908,1107,726,72,18,77261,44519,1.2189214076950794,556,350,11386,16926,33864,24950,3014,7029,48427,38190,0,0,1474,125,1097,3843,22548,6523,5694,0,0,37667,20889,4,44,0,0,0,0,0
820,112,821.2285343090969,99908,1109,697,72,18,77428,44611,1.221513792689274,508,353,11495,16993,33816,24951,2999,6987,48438,38201,0,0,1461,124,1096,3835,22608,6580,5671,0,0,37669,20816,4,44,0,0,0,0,0
821,112,822.0532010959517,99908,1042,688,72,18,77530,44678,1.2232053489210073,509,343,11551,17058,33831,24928,2994,6964,48449,38212,0,0,1453,123,1094,3838,22665,6638,5650,0,0,37633,20766,4,44,0,0,0,0,0
822,112,823.1538951585204,99907,1041,646,72,19,77682,44768,1.225639845055902,476,333,11628,17127,33791,24939,2991,6935,48460,38223,0,0,1440,120,1090,3841,22730,6696,5628,0,0,37618,20697,4,43,0,0,0,0,0
823,112,824.2564600565155,99907,1018,620,72,19,77815,44855,1.2278418929604533,470,321,11722,17217,33734,24923,2983,6899,48471,38234,0,0,1430,120,1082,3836,22792,6749,5607,0,0,37619,20625,4,43,0,0,0,0,0
824,112,825.0848904182803,99906,990,615,73,19,77908,44910,1.2293355754409145,468,337,11789,17268,33697,24878,2982,6882,48482,38245,0,0,1419,119,1082,3823,22840,6784,5595,0,0,37612,20585,4,43,0,0,0,0,0
825,112,826.1914738365325,99906,989,607,73,19,78034,44998,1.2314775889335976,456,328,11890,17336,33632,24863,2959,6846,48493,38255,0,0,1410,117,1079,3812,22914,6824,5587,0,0,37585,20531,4,43,0,0,0,0,0
826,112,827.0228556160554,99906,963,604,73,19,78133,45062,1.2331091225752207,440,320,11966,17400,33605,24835,2952,6821,48504,38265,0,0,1402,115,1076,3812,22965,6860,5571,0,0,37576,20482,4,43,0,0,0,0,0
827,112,828.1331611448971,99906,893,598,73,19,78235,45164,1.2351510419794607,442,296,12057,17469,33592,24831,2942,6786,48515,38275,0,0,1391,115,1071,3806,23044,6911,5550,0,0,37553,20418,4,43,0,0,0,0,0
828,112,829.2449928757737,99906,828,575,73,19,78341,45240,1.2369727543891258,426,280,12160,17551,33578,24806,2934,6768,48526,38285,0,0,1379,114,1067,3798,23103,6966,5538,0,0,37547,20347,4,43,0,0,0,0,0
829,112,830.0802148313273,99906,810,560,73,19,78425,45287,1.238283986947731,424,276,12254,17601,33510,24784,2928,6759,48536,38295,0,0,1371,114,1066,3797,23144,6999,5521,0,0,37541,20306,4,43,0,0,0,0,0
830,112,831.1968447780558,99906,799,533,73,19,78532,45361,1.2400956899485516,402,270,12372,17685,33429,24773,2924,6719,48546,38305,0,0,1365,114,1062,3797,23193,7039,5502,0,0,37554,20235,4,41,0,0,0,0,0
831,112,832.0364734496189,99906,786,535,73,19,78615,45430,1.2416171200928874,384,252,12459,17741,33380,24754,2917,6698,48556,38315,0,0,1351,114,1058,3798,23242,7069,5485,0,0,37535,20209,4,41,0,0,0,0,0
832,112,833.158322262501,99906,765,518,73,19,78723,45495,1.2433487478229537,377,243,12541,17823,33331,24717,2912,6679,48566,38325,0,0,1341,114,1055,3802,23258,7132,5464,0,0,37532,20163,4,41,0,0,0,0,0
833,112,834.001166918764,99906,751,486,73,19,78813,45530,1.2445999239284928,351,245,12612,17885,33298,24696,2914,6668,48576,38335,0,0,1335,114,1054,3791,23301,7168,5449,0,0,37528,20121,4,41,0,0,0,0,0
834,112,835.1270330811699,99906,707,491,73,19,78899,45605,1.2462114387524272,360,222,12681,17983,33272,24645,2906,6639,48586,38345,0,0,1326,114,1052,3788,23348,7211,5432,0,0,37516,20074,4,41,0,0,0,0,0
835,112,836.2544626388135,99906,702,472,73,19,78999,45663,1.2477929253498288,338,223,12788,18067,33199,24602,2899,6616,48596,38355,0,0,1318,114,1051,3785,23372,7254,5418,0,0,37528,20021,4,41,0,0,0,0,0
836,112,837.1019811041858,99906,693,467,73,19,79066,45712,1.2489540167757691,326,224,12878,18130,33134,24560,2895,6599,48606,38365,0,0,1313,113,1049,3784,23395,7284,5402,0,0,37534,19987,4,41,0,0,0,0,0
837,112,838.2348788306173,99906,684,457,73,19,79163,45773,1.2505355033731709,319,228,12973,18205,33066,24515,2884,6575,48616,38374,0,0,1308,113,1046,3793,23447,7316,5378,0,0,37515,19946,4,40,0,0,0,0,0
838,112,839.0864037221212,99906,664,427,73,19,79221,45804,1.2514263407603148,324,244,13064,18259,32997,24491,2877,6559,48626,38383,0,0,1298,113,1046,3788,23501,7333,5367,0,0,37503,19913,4,40,0,0,0,0,0
839,112,840.2246468503416,99906,650,444,73,19,79295,45875,1.2528777050427402,329,219,13161,18327,32913,24452,2873,6538,48636,38392,1,1,1294,113,1046,3786,23527,7366,5349,0,0,37509,19872,4,39,0,0,0,0,1
840,112,841.0803000914134,99906,620,463,73,19,79352,45930,1.2539987588333033,341,201,13243,18375,32852,24406,2870,6535,48646,38401,2,2,1285,110,1046,3788,23554,7393,5333,0,0,37499,19853,4,39,0,1,0,0,1
841,112,842.2236048036466,99906,605,443,73,19,79447,45981,1.2554601325245731,315,210,13345,18474,32796,24345,2865,6508,48656,38410,3,3,1282,109,1043,3783,23623,7420,5313,0,0,37478,19808,4,39,0,2,0,0,2
842,112,843.0829807210908,99906,602,432,73,19,79513,46033,1.256641242768202,299,189,13425,18551,32737,24317,2863,6491,48666,38419,4,4,1274,109,1042,3780,23666,7442,5302,0,0,37467,19775,4,39,0,4,0,0,2
843,112,844.2315193428329,99906,573,424,73,19,79596,46093,1.2580725882329389,291,192,13507,18620,32693,24275,2862,6469,48675,38428,6,5,1263,109,1041,3772,23714,7473,5294,0,0,37466,19724,4,39,0,5,0,0,2
844,112,845.094532314731,99906,569,406,73,19,79664,46130,1.259123576161592,289,181,13585,18686,32617,24246,2866,6461,48684,38437,9,6,1258,109,1041,3764,23736,7504,5284,0,0,37472,19686,4,39,0,7,0,0,2
845,112,846.2482002293076,99906,563,395,73,19,79740,46178,1.2603647428582867,280,174,13696,18780,32524,24183,2863,6448,48693,38446,13,7,1255,109,1040,3762,23757,7543,5269,0,0,37467,19651,4,39,0,8,0,0,2
846,112,847.1159268218311,99906,566,396,73,19,79809,46228,1.2615558625107601,272,163,13775,18840,32456,24142,2857,6439,48702,38455,18,8,1249,109,1039,3755,23767,7577,5259,0,0,37474,19619,4,39,0,12,0,0,3
847,112,848.275958176652,99906,564,372,73,19,79898,46272,1.2628871138870539,252,161,13876,18939,32383,24073,2851,6435,48711,38464,25,9,1241,108,1036,3751,23789,7622,5247,0,0,37464,19584,4,39,0,16,1,0,4
848,112,849.1480259949797,99906,552,357,73,19,79953,46306,1.2637779512741978,257,158,13962,19032,32313,24013,2842,6420,48720,38473,33,10,1234,108,1036,3741,23810,7652,5242,0,0,37463,19550,4,39,0,18,1,0,8
849,112,850.0221153099526,99906,530,348,73,19,80012,46345,1.2647588733409405,243,140,14056,19094,32260,23990,2837,6408,48729,38482,43,11,1227,108,1035,3740,23837,7680,5225,0,0,37462,19514,4,39,0,23,1,0,11
850,112,851.1907325267457,99906,528,311,73,19,80100,46372,1.2659099553580366,220,150,14173,19197,32171,23930,2834,6392,48738,38490,55,12,1218,108,1032,3736,23868,7713,5215,0,0,37460,19469,4,39,0,30,1,0,13
851,112,852.0697779739945,99906,518,305,73,19,80143,46409,1.2667107080655817,222,139,14273,19246,32081,23897,2832,6393,48747,38498,69,13,1212,107,1031,3730,23885,7740,5207,0,0,37457,19443,4,39,0,35,1,0,15
852,112,853.2456913363542,99905,502,299,74,19,80215,46444,1.2677944046844503,221,145,14386,19336,31992,23814,2824,6386,48756,38506,85,14,1209,106,1030,3724,23918,7767,5192,0,0,37446,19406,4,39,0,41,1,0,22
853,112,854.1298106054957,99905,482,279,74,19,80257,46469,1.2684650417897003,222,136,14456,19402,31939,23772,2826,6391,48765,38514,104,15,1206,106,1027,3714,23955,7789,5181,0,0,37428,19375,4,39,0,51,3,0,27
854,112,855.0157175098906,99905,476,270,74,19,80301,46491,1.2691256693859165,222,141,14533,19483,31871,23694,2823,6392,48774,38522,125,17,1203,106,1024,3710,23981,7806,5168,0,0,37417,19347,4,39,0,61,4,0,35
855,112,856.1998148391448,99905,476,257,74,19,80363,46528,1.2701166107802413,207,143,14635,19577,31786,23611,2821,6392,48783,38530,149,19,1196,105,1025,3711,23995,7836,5156,0,0,37409,19311,4,38,0,73,4,0,42
856,112,857.0902095626304,99905,467,258,74,19,80413,46561,1.2709474000300285,200,137,14703,19648,31739,23534,2816,6403,48792,38538,176,21,1190,105,1021,3705,24012,7863,5149,0,0,37395,19284,4,38,0,87,5,0,47
857,112,858.280101886312,99905,468,242,74,19,80487,46599,1.2720684650417897,176,128,14814,19742,31645,23465,2822,6403,48801,38546,206,23,1186,105,1015,3701,24046,7889,5136,0,0,37381,19238,4,38,0,101,6,0,59
858,112,859.1750394901105,99904,447,233,75,19,80522,46626,1.2727017937219731,181,131,14899,19793,31566,23412,2831,6411,48810,38554,239,26,1181,105,1012,3696,24062,7918,5132,0,0,37357,19203,4,38,0,114,8,0,74
859,112,860.072558658469,99904,421,247,75,19,80566,46666,1.2735426008968609,169,115,15005,19855,31493,23334,2836,6429,48818,38562,276,29,1177,105,1010,3691,24082,7948,5119,0,0,37326,19178,4,38,0,134,8,0,84
860,112,861.2729914255615,99904,379,252,75,19,80607,46702,1.274313340807175,173,108,15129,19940,31410,23237,2833,6443,48826,38570,317,32,1169,105,1010,3690,24101,7978,5105,0,0,37303,19141,3,37,0,154,8,0,100
861,112,862.175887044042,99904,375,242,75,19,80655,46725,1.2750240230621397,169,109,15226,19996,31322,23170,2832,6463,48834,38578,361,36,1169,105,1008,3678,24114,8016,5097,0,0,37272,19112,3,37,0,169,8,0,116
862,112,863.0812899412127,99904,373,232,75,19,80690,46751,1.2756346092248558,172,109,15322,20044,31229,23100,2828,6495,48842,38586,409,40,1161,105,1006,3678,24117,8040,5089,0,0,37259,19075,3,36,1,188,9,0,137
863,112,864.2924826760517,99904,355,234,75,19,80730,46780,1.276325272261371,176,100,15429,20119,31135,23008,2829,6519,48850,38594,462,45,1155,105,1005,3672,24138,8062,5080,0,0,37232,19029,3,36,1,211,10,0,165
864,112,865.2036033284091,99904,366,233,75,19,80772,46807,1.277015935297886,175,95,15503,20171,31050,22925,2830,6556,48858,38602,519,50,1151,105,1003,3668,24134,8091,5068,0,0,37210,19000,3,36,1,241,11,0,182
865,112,866.1169609268068,99904,356,218,75,19,80807,46822,1.2775164157591288,163,98,15599,20228,30973,22839,2833,6597,48866,38610,580,56,1145,105,1001,3667,24136,8129,5055,0,0,37169,18977,3,36,1,269,12,0,199
866,112,867.0329518486617,99904,346,212,75,19,80849,46845,1.2781670403587444,145,98,15693,20307,30899,22739,2841,6624,48874,38617,646,62,1141,105,997,3667,24140,8161,5042,0,0,37141,18932,3,36,1,298,14,0,226
867,112,868.258138776012,99904,324,198,75,19,80885,46876,1.2788376841768097,150,84,15818,20376,30803,22658,2829,6664,48882,38624,716,69,1132,105,994,3659,24151,8201,5039,0,0,37102,18889,3,36,1,331,16,0,245
868,112,869.1799308570835,99904,314,186,75,19,80913,46896,1.2793181454196028,160,82,15908,20424,30713,22572,2829,6716,48890,38631,791,77,1130,105,994,3649,24171,8228,5033,0,0,37049,18848,3,36,1,369,16,0,272
869,112,870.1043504682588,99904,318,176,75,19,80951,46910,1.2798386450992953,164,83,15989,20472,30616,22478,2837,6771,48898,38638,871,86,1127,105,993,3642,24171,8258,5025,0,0,37014,18809,3,36,1,408,17,0,295
870,112,871.0317413688099,99904,314,170,75,19,80981,46927,1.2803090967328636,157,84,16090,20507,30521,22388,2842,6831,48906,38645,956,95,1122,104,990,3644,24166,8287,5015,0,0,36979,18766,3,36,1,447,19,0,325
871,112,872.2729905159284,99904,305,158,75,19,81031,46956,1.2810998558616271,140,73,16210,20575,30416,22286,2853,6888,48914,38652,1046,105,1118,104,987,3641,24174,8329,5005,0,0,36922,18718,3,36,1,493,19,0,354
872,112,873.2069391807531,99904,301,159,75,19,81070,46969,1.2816203555413197,131,79,16294,20599,30345,22176,2853,6967,48922,38659,1142,116,1115,104,982,3632,24178,8357,4998,0,0,36867,18678,3,36,1,543,24,0,386
873,112,874.1433019140329,99904,289,172,75,19,81101,46996,1.2822009128763614,132,71,16380,20646,30263,22051,2860,7040,48930,38666,1243,128,1113,104,979,3631,24170,8391,4985,0,0,36822,18635,3,36,1,596,25,0,413
874,112,875.0821660628076,99904,288,161,75,19,81136,47013,1.2827214125560538,133,72,16451,20667,30180,21962,2872,7118,48938,38673,1349,141,1111,103,978,3629,24167,8432,4977,0,0,36754,18590,3,36,1,647,26,0,450
875,112,876.0235730066311,99904,276,151,75,19,81168,47030,1.2832118834080717,127,77,16531,20721,30106,21839,2884,7192,48946,38680,1461,155,1110,103,976,3622,24165,8473,4966,0,0,36696,18540,3,36,1,701,27,0,485
876,112,877.2828658696442,99904,265,152,75,19,81204,47052,1.2837924407431134,125,81,16646,20786,29998,21680,2890,7281,48954,38687,1578,170,1107,103,973,3619,24149,8522,4957,0,0,36628,18495,3,36,1,763,30,0,518
877,112,878.2304013993156,99904,266,157,75,19,81235,47076,1.2843429692504804,120,77,16738,20797,29900,21570,2900,7379,48962,38694,1701,186,1104,103,969,3618,24132,8562,4947,0,0,36575,18444,3,36,1,820,33,0,557
878,112,879.1810389561487,99904,271,159,75,19,81276,47101,1.2850036034593209,112,69,16800,20803,29834,21474,2907,7475,48969,38701,1830,203,1096,103,968,3616,24113,8610,4944,0,0,36502,18397,3,36,1,885,33,0,597
879,112,880.1339264570903,99904,249,165,75,19,81296,47124,1.2854340166559897,116,60,16887,20821,29752,21360,2920,7574,48976,38708,1964,221,1094,103,965,3611,24107,8653,4936,0,0,36431,18336,3,36,1,948,33,0,647
880,112,881.0895354629882,99904,248,157,75,19,81321,47134,1.2857843529788597,119,61,16954,20840,29668,21241,2935,7681,48983,38715,2104,241,1091,102,964,3609,24077,8705,4927,0,0,36365,18281,3,35,2,1012,34,0,697
881,112,882.0479636398233,99904,231,158,75,19,81347,47154,1.286244795003203,116,55,17054,20860,29581,21116,2942,7791,48990,38722,2249,262,1087,102,963,3606,24055,8756,4919,0,0,36293,18223,3,35,2,1083,34,0,743
882,112,883.0093207998808,99904,216,155,75,19,81368,47170,1.2866151505445227,120,56,17131,20892,29499,20981,2958,7896,48997,38729,2400,284,1085,101,962,3599,24027,8812,4913,0,0,36224,18159,3,35,2,1150,36,0,796
883,112,884.2953538592816,99904,212,143,75,19,81407,47186,1.2871656790518897,108,57,17238,20915,29389,20863,2977,8002,49004,38736,2557,308,1082,101,960,3599,24014,8857,4901,0,0,36128,18098,3,35,2,1241,38,0,845
884,112,885.263416789846,99904,209,130,75,19,81438,47196,1.287576073030109,98,55,17316,20930,29305,20730,2996,8135,49011,38742,2719,333,1078,101,955,3597,23994,8903,4892,0,0,36040,18041,3,35,2,1331,42,0,890
885,112,886.2345404751596,99904,199,125,75,19,81463,47208,1.2879464285714286,97,58,17389,20941,29217,20580,3022,8276,49018,38748,2887,360,1070,101,953,3590,23968,8956,4887,0,0,35944,17989,3,35,2,1425,43,0,938
886,112,887.2087386642497,99904,190,117,75,19,81483,47215,1.2882166880204997,102,62,17471,20951,29111,20449,3050,8401,49025,38754,3060,389,1068,101,951,3585,23944,9007,4880,0,0,35837,17933,3,34,3,1526,45,0,987
887,112,888.1863406686962,99904,190,119,75,19,81513,47230,1.2886671204356182,94,58,17543,20971,29022,20279,3075,8553,49032,38760,3239,419,1066,101,948,3588,23893,9070,4869,0,0,35744,17872,3,34,3,1626,48,0,1039
888,112,889.1672342523742,99904,190,121,75,19,81541,47244,1.2890875240230621,95,57,17605,20979,28934,20128,3100,8695,49039,38766,3423,451,1063,100,948,3585,23863,9120,4863,0,0,35642,17802,3,34,3,1726,49,0,1103
889,112,890.1510344463791,99904,184,119,75,19,81561,47254,1.289387812299808,99,63,17688,20976,28825,19984,3128,8838,49046,38772,3613,485,1060,100,945,3587,23827,9177,4853,0,0,35535,17742,3,34,3,1826,51,0,1161
890,112,891.1385361027092,99904,189,114,75,19,81587,47266,1.2897681774503524,94,69,17774,20989,28715,19825,3152,8983,49053,38778,3808,520,1058,100,942,3582,23783,9244,4846,0,0,35430,17676,3,34,3,1927,54,0,1222
891,112,892.1298125165567,99904,168,107,75,19,81606,47282,1.2901185137732223,96,61,17857,20992,28623,19682,3180,9138,49060,38784,4008,557,1056,100,934,3582,23737,9321,4835,0,0,35328,17604,3,34,3,2026,61,0,1280
892,112,893.1247316400655,99904,167,112,75,19,81633,47302,1.2905889654067906,93,51,17926,21006,28527,19518,3211,9293,49067,38790,4213,596,1054,100,931,3578,23699,9380,4825,0,0,35210,17536,3,34,3,2149,63,0,1339
893,112,894.1229530671675,99904,167,111,75,19,81654,47314,1.2909192825112108,91,46,17994,21000,28431,19359,3241,9464,49074,38796,4423,637,1048,100,930,3583,23637,9452,4815,0,0,35107,17468,3,34,3,2259,64,0,1401
894,112,895.1246686391787,99904,164,115,75,19,81675,47328,1.2912696188340806,88,41,18089,21002,28314,19196,3269,9626,49081,38802,4638,680,1043,99,929,3578,23594,9514,4811,0,0,34977,17402,3,34,3,2385,66,0,1466
895,112,896.1303591096304,99904,152,108,75,19,81691,47338,1.291529868673927,89,42,18170,20981,28208,19053,3305,9796,49088,38808,4857,725,1037,99,927,3577,23556,9572,4806,0,0,34857,17315,3,34,3,2506,68,0,1544
896,112,897.1398369755726,99904,139,105,75,19,81710,47348,1.291820147341448,90,44,18232,20959,28109,18896,3354,9976,49095,38814,5081,773,1034,99,926,3578,23502,9646,4791,0,0,34739,17239,3,34,3,2627,69,0,1614
897,112,898.1533215067316,99904,150,106,75,19,81741,47366,1.2923106181934658,73,36,18294,20949,28013,18746,3394,10143,49102,38820,5309,823,1031,98,923,3580,23447,9715,4780,0,0,34621,17158,3,34,3,2754,72,0,1685
898,112,899.1704050263065,99904,148,98,75,19,81760,47373,1.292570868033312,70,39,18358,20921,27912,18599,3436,10323,49109,38826,5542,875,1027,98,920,3578,23399,9782,4775,0,0,34492,17068,3,33,4,2881,75,0,1769
899,112,900.1913357221495,99904,148,93,75,19,81775,47381,1.2928010890454837,88,62,18441,20962,27824,18566,3423,10297,49109,38826,5542,875,1027,98,920,3580,23402,9790,4772,0,0,34487,17063,3,33,4,2881,75,0,1769
900,112,900.1913357221495,99904,149,98,75,19,81782,47391,1.2929712524023063,93,57,18456,20883,27757,18458,3469,10484,49109,38826,5779,929,1027,98,916,3581,23337,9859,4771,0,4,34346,16988,3,33,4,3018,79,0,1840
901,112,901.2173853481454,99904,152,104,75,19,81807,47411,1.2934216848174247,94,54,18531,20876,27633,18291,3514,10655,49109,38826,6019,986,1024,98,909,3582,23297,9920,4770,3,11,34180,16911,3,33,4,3164,85,0,1910
902,112,902.2479016240976,99904,144,93,75,19,81819,47419,1.2936218770019219,104,58,18581,20840,27547,18152,3548,10837,49109,38826,6263,1045,1023,98,905,3581,23249,9986,4770,4,20,34037,16806,3,33,4,3290,89,0,2006
903,112,903.2818200704872,99904,141,102,75,19,81836,47440,1.2940022421524664,102,53,18664,20829,27431,17987,3586,11009,49109,38826,6511,1107,1023,98,901,3581,23185,10060,4767,4,33,33894,16711,3,32,4,3427,93,0,2088
904,112,904.3199354587872,99904,158,100,75,19,81869,47457,1.2945027226137091,93,48,18724,20800,27321,17831,3628,11201,49109,38826,6762,1171,1023,98,898,3582,23136,10123,4765,4,42,33734,16617,3,32,4,3574,96,0,2173
905,112,905.0142868342875,99904,166,99,75,19,81896,47464,1.2948430493273542,89,53,18773,20740,27215,17694,3681,11394,49109,38826,7016,1238,1022,98,893,3581,23061,10209,4763,5,47,33600,16524,3,31,5,3700,101,0,2261
906,112,906.060449319309,99904,178,103,75,19,81926,47480,1.2953034913516976,83,52,18848,20720,27082,17543,3733,11562,49109,38826,7273,1307,1021,98,889,3581,22992,10293,4761,6,50,33449,16434,3,31,5,3839,104,0,2348
907,112,907.1116064975155,99904,166,101,75,19,81950,47492,1.2956638372837925,99,53,18895,20688,26978,17391,3786,11747,49109,38826,7533,1379,1020,98,883,3586,22938,10368,4753,7,59,33296,16328,3,31,5,3976,108,2,2443
908,112,908.166826037502,99904,162,96,75,19,81977,47503,1.296044202434337,95,63,18935,20666,26884,17227,3848,11928,49109,38826,7795,1453,1020,98,880,3592,22892,10436,4745,7,66,33107,16235,3,31,5,4145,111,3,2528
909,112,909.2260080698602,99904,164,99,75,19,81998,47520,1.2964245675848816,99,66,18997,20625,26758,17083,3906,12107,49109,38826,8060,1530,1019,98,878,3591,22818,10523,4744,8,75,32947,16137,3,31,5,4294,113,4,2616
910,112,910.2898244447083,99904,155,97,75,19,82018,47536,1.2967849135169762,106,64,19080,20594,26623,16918,3960,12307,49109,38826,8327,1610,1018,98,870,3594,22745,10613,4741,9,81,32786,16035,3,31,5,4439,120,7,2709
911,112,911.0021131858762,99904,165,105,75,19,82039,47553,1.2971652786675207,104,61,19096,20518,26536,16785,4023,12511,49109,38826,8596,1692,1018,98,869,3595,22648,10715,4740,9,86,32635,15946,3,31,5,4585,121,7,2793
912,112,912.0748992109443,99904,170,98,75,19,82064,47566,1.2975456438180653,102,64,19167,20476,26394,16638,4091,12704,49109,38826,8866,1777,1017,98,864,3594,22585,10794,4736,10,96,32458,15843,3,31,5,4751,126,8,2885
913,112,913.1531492252296,99904,170,85,75,19,82095,47579,1.297986066623959,98,63,19223,20447,26275,16493,4158,12892,49109,38826,9138,1865,1015,98,856,3595,22509,10888,4733,12,110,32299,15723,3,31,5,4895,133,9,2990
914,112,914.2366364425767,99904,165,89,75,19,82114,47596,1.2983464125560538,111,60,19269,20415,26150,16336,4229,13080,49109,38826,9411,1956,1015,98,847,3596,22425,10990,4730,12,119,32139,15625,3,31,5,5039,142,9,3079
915,112,915.3251022724436,99904,167,80,75,19,82137,47603,1.2986467008327995,115,63,19335,20366,26009,16193,4298,13278,49109,38826,9686,2049,1015,98,844,3597,22346,11084,4728,12,126,31960,15527,3,31,5,5204,145,10,3169
916,112,916.0537601594242,99903,168,75,76,19,82163,47613,1.2990200494479645,105,64,19358,20278,25912,16070,4380,13493,49109,38826,9961,2145,1015,98,836,3599,22278,11166,4725,12,134,31784,15425,3,31,5,5366,153,12,3261
917,112,917.1522646991433,99903,182,86,76,19,82197,47637,1.2996006125942163,97,52,19419,20251,25766,15906,4459,13685,49109,38826,10237,2244,1013,98,831,3597,22181,11278,4723,14,138,31609,15340,3,30,6,5530,158,13,3341
918,112,918.257017191056,99903,178,83,76,19,82221,47646,1.2999309330050148,92,58,19480,20227,25635,15732,4538,13880,49109,38826,10514,2346,1013,98,827,3601,22096,11379,4716,14,146,31446,15232,3,30,6,5681,161,14,3440
919,112,919.3672491316238,99903,182,76,76,19,82246,47660,1.3003213116723222,99,62,19511,20187,25515,15587,4616,14068,49109,38826,10791,2451,1013,98,819,3602,22001,11486,4715,14,160,31281,15121,3,30,6,5836,167,16,3535
920,112,920.1102216275453,99903,184,83,76,19,82264,47671,1.300611593245448,93,60,19543,20110,25394,15445,4709,14282,49109,38826,11068,2559,1013,98,816,3603,21919,11581,4713,14,161,31097,15030,3,30,6,6009,169,16,3625
921,112,921.230786719886,99903,184,91,76,19,82292,47690,1.3010820495881004,87,55,19598,20089,25263,15279,4791,14466,49109,38826,11345,2669,1013,98,815,3600,21836,11683,4711,14,165,30907,14931,3,30,6,6185,170,18,3718
922,112,922.3573722664651,99903,183,85,76,19,82316,47705,1.3014724282554078,90,52,19636,20060,25131,15112,4883,14671,49109,38826,11622,2782,1011,98,809,3600,21743,11793,4709,16,175,30718,14837,3,30,6,6359,176,20,3800
923,112,923.1117758301398,99903,178,90,76,19,82334,47718,1.30178272924737,91,44,19639,19990,25029,14961,4986,14895,49109,38826,11899,2898,1011,98,804,3598,21661,11891,4707,16,178,30529,14740,3,30,6,6536,181,22,3892
924,112,924.2490884863569,99903,185,87,76,19,82362,47733,1.3022131467523497,98,46,19679,19961,24877,14811,5084,15075,49109,38826,12176,3017,1011,98,801,3601,21572,11994,4704,16,191,30348,14621,3,30,6,6703,184,23,3997
925,112,925.0107573866038,99903,179,83,76,19,82377,47739,1.3024233506501306,114,46,19675,19909,24776,14675,5179,15267,49109,38826,12452,3139,1011,98,797,3603,21484,12094,4701,16,197,30183,14497,3,30,6,6857,188,24,4114
926,112,926.1596092770129,99903,188,78,76,19,82413,47753,1.3029238361210373,116,54,19721,19853,24621,14541,5277,15454,49109,38826,12727,3263,1011,98,792,3604,21398,12195,4697,16,209,29996,14386,3,30,6,7032,193,28,4209
927,112,927.3150551543288,99903,193,88,76,19,82448,47775,1.3034943895578712,109,50,19781,19840,24464,14384,5376,15618,49109,38826,13001,3390,1009,98,787,3600,21319,12299,4695,18,212,29805,14282,3,29,7,7205,197,29,4309
928,112,928.0894518840004,99903,187,89,76,19,82466,47786,1.303784671130997,111,56,19776,19751,24357,14268,5492,15816,49109,38826,13274,3520,1009,97,777,3598,21229,12403,4694,18,218,29628,14171,3,29,7,7372,207,31,4412
929,112,929.2575153535096,99903,188,91,76,19,82500,47803,1.304295166311322,112,57,19818,19708,24207,14109,5598,16015,49109,38826,13546,3652,1007,97,774,3597,21130,12523,4692,20,221,29455,14058,3,29,7,7527,210,39,4514
930,112,930.0399692359341,99902,189,88,77,19,82519,47814,1.304608516346019,123,57,19836,19640,24066,13995,5708,16200,49109,38826,13817,3787,1007,97,770,3597,21042,12626,4691,20,229,29279,13939,3,28,8,7690,213,40,4623
931,112,931.2216226573208,99902,203,92,77,19,82560,47830,1.305179075493984,112,54,19866,19602,23926,13853,5815,16379,49109,38826,14086,3925,1005,97,767,3600,20944,12737,4686,22,235,29105,13825,3,28,8,7853,216,43,4728
932,112,932.0132019421236,99902,199,95,77,19,82581,47841,1.3054993894016136,112,53,19879,19538,23805,13715,5927,16579,49109,38826,14353,4065,1005,97,757,3604,20844,12847,4681,22,237,28936,13721,3,27,9,8013,226,46,4827
933,112,933.208022903961,99902,201,94,77,19,82617,47855,1.3059998798822847,113,52,19922,19533,23660,13583,6026,16718,49109,38826,14619,4208,1004,97,751,3606,20762,12950,4678,23,244,28737,13620,3,27,9,8192,232,49,4918
934,112,934.0085067654436,99902,197,96,77,19,82639,47867,1.3063402134091409,113,46,19918,19467,23540,13456,6154,16915,49109,38826,14883,4353,1004,97,747,3609,20670,13057,4675,23,249,28537,13525,3,27,9,8377,236,51,5006
935,112,935.2167464922819,99902,216,86,77,19,82678,47875,1.3068106744609718,118,46,19938,19450,23389,13310,6261,17088,49109,38826,15145,4501,1004,97,746,3607,20579,13168,4674,23,250,28348,13427,3,27,9,8550,236,57,5097
936,112,936.0265490561712,99902,213,87,77,19,82706,47884,1.3071810374166684,109,47,19945,19372,23285,13184,6370,17290,49109,38826,15405,4651,1001,97,739,3607,20480,13281,4671,26,250,28180,13320,3,27,9,8707,243,62,5199
937,112,937.2479740053075,99902,209,85,77,19,82737,47897,1.3076214690396588,113,53,19972,19363,23148,13027,6480,17452,49109,38826,15663,4803,999,97,735,3607,20385,13394,4669,28,257,27986,13220,3,27,9,8885,247,65,5289
938,112,938.0660925086875,99902,200,90,77,19,82754,47913,1.3079517927569018,120,53,19987,19310,23021,12900,6594,17627,49109,38826,15919,4958,998,97,727,3609,20281,13512,4666,29,260,27808,13124,3,26,10,9051,254,68,5379
939,112,939.3014457839895,99902,201,87,77,19,82784,47925,1.3083722047606654,133,62,20022,19279,22854,12773,6712,17779,49109,38826,16172,5115,998,97,723,3606,20192,13621,4664,29,269,27627,13015,3,26,10,9218,257,70,5477
940,112,940.1297236659299,99902,201,87,77,19,82812,47939,1.308792616764429,129,60,20034,19224,22717,12657,6841,17952,49109,38826,16423,5274,997,97,716,3609,20093,13734,4660,30,273,27439,12922,3,24,12,9395,262,73,5563
941,112,941.381186351261,99902,206,83,77,19,82850,47956,1.3093431562931672,121,59,20078,19214,22553,12526,6964,18098,49109,38826,16672,5435,995,97,708,3616,20003,13844,4652,32,279,27245,12826,3,23,12,9571,270,77,5649
942,112,942.2205964614157,99902,201,73,77,19,82874,47958,1.3096034113431163,123,65,20076,19167,22428,12414,7094,18261,49109,38826,16918,5598,993,96,702,3620,19913,13949,4647,34,285,27041,12738,3,23,12,9762,276,78,5730
943,112,943.0648071010465,99902,201,72,77,19,82899,47968,1.309953754679586,109,66,20081,19113,22304,12294,7227,18435,49109,38826,17162,5763,991,96,696,3618,19830,14049,4645,36,285,26850,12639,3,22,13,9940,282,83,5824
944,112,944.3396830152581,99902,201,85,77,19,82933,47994,1.3105543432563913,117,57,20115,19096,22148,12169,7341,18573,49109,38826,17403,5930,990,96,693,3618,19739,14160,4642,37,290,26668,12535,3,22,13,10105,285,88,5918
945,112,945.1944464908731,99902,207,84,77,19,82959,48001,1.3108846669736343,108,62,20133,19066,21998,12041,7476,18727,49109,38826,17641,6098,990,96,685,3620,19640,14273,4640,37,290,26483,12448,3,22,13,10276,293,93,6000
946,112,946.0548120245558,99902,212,92,77,19,82990,48019,1.3113751476446918,89,58,20144,18997,21868,11947,7609,18886,49109,38826,17877,6268,990,96,679,3623,19534,14392,4634,37,297,26295,12364,3,22,13,10454,299,96,6074
947,112,947.3551541782899,99902,204,88,77,19,83019,48036,1.3118355988869093,92,62,20181,18990,21708,11821,7737,19019,49109,38826,18110,6440,988,96,675,3624,19465,14492,4630,39,306,26079,12275,3,22,13,10645,301,99,6150
948,112,948.2273924222725,99902,193,93,77,19,83036,48053,1.3121759324137654,98,56,20192,18942,21573,11713,7866,19176,49109,38826,18340,6613,988,96,669,3621,19372,14607,4628,39,313,25902,12185,3,22,13,10805,307,101,6231
949,112,949.1052413867367,99902,192,93,77,19,83062,48066,1.3125663149886888,98,52,20177,18902,21451,11609,8004,19324,49109,38826,18567,6788,987,96,665,3625,19269,14723,4624,40,323,25721,12095,3,22,13,10973,311,104,6308
950,112,950.4311211225332,99902,180,94,77,19,83094,48088,1.3131068447078136,92,50,20214,18892,21313,11495,8123,19449,49109,38826,18792,6964,985,96,663,3624,19185,14845,4621,42,329,25521,12000,3,22,13,11139,313,107,6394
951,112,951.3199072717888,99902,176,92,77,19,83117,48098,1.3134371684250565,89,47,20200,18865,21191,11382,8266,19594,49109,38826,19014,7141,985,96,658,3625,19097,14950,4618,42,337,25330,11903,3,22,13,11315,318,109,6481
952,112,952.2140794715017,99902,172,83,77,19,83136,48103,1.3136774038557786,81,54,20210,18829,21052,11286,8407,19728,49109,38826,19233,7319,983,96,651,3627,18999,15061,4614,44,339,25144,11829,3,22,13,11491,324,113,6549
953,112,953.1136863172136,99902,162,88,77,19,83156,48115,1.3139977177634081,84,51,20207,18779,20919,11190,8550,19872,49109,38826,19449,7499,982,96,649,3624,18898,15182,4613,45,345,24955,11750,3,22,13,11664,326,114,6621
954,112,954.0192717758213,99902,162,90,77,19,83178,48124,1.3143080218614243,85,52,20203,18748,20780,11095,8692,19995,49109,38826,19662,7680,982,96,645,3626,18824,15272,4609,45,341,24778,11659,3,22,13,11828,330,120,6709
955,112,955.3883868421811,99902,162,90,77,19,83210,48141,1.3147985025324818,83,50,20246,18785,20625,10986,8806,20069,49109,38826,19872,7861,981,96,642,3630,18723,15391,4603,46,346,24611,11563,3,22,13,11980,332,124,6796
956,112,956.3069366689572,99902,157,87,77,19,83227,48150,1.3150587575824308,83,47,20229,18780,20499,10869,8954,20197,49109,38826,20079,8043,980,96,638,3632,18631,15495,4600,47,350,24443,11468,3,22,13,12138,336,130,6880
957,112,957.23139493634,99902,157,83,77,19,83251,48158,1.3153790714900602,73,48,20238,18779,20369,10764,9085,20306,49109,38826,20283,8226,980,96,632,3636,18510,15630,4595,47,353,24280,11395,3,22,13,12288,342,135,6945
958,112,958.1618113555451,99902,152,77,77,19,83270,48164,1.3156293167303958,70,48,20252,18745,20220,10681,9228,20429,49109,38826,20485,8410,980,96,628,3636,18407,15748,4593,47,356,24107,11323,3,22,13,12449,346,141,7007
959,112,959.0978021960535,99902,153,82,77,19,83288,48181,1.3159796600668656,73,38,20242,18739,20080,10593,9374,20528,49109,38826,20684,8594,980,96,624,3640,18317,15850,4587,47,358,23942,11232,3,22,13,12604,350,144,7093
960,112,960.0353227545629,99902,141,71,77,19,83302,48187,1.316179856259134,76,39,20231,18735,19965,10493,9509,20642,49109,38826,20880,8779,980,96,624,3636,18221,15968,4585,47,365,23766,11160,3,22,13,12764,350,147,7155
961,112,961.4419870702278,99902,140,77,77,19,83330,48204,1.316630297691738,70,39,20259,18774,19816,10374,9637,20716,49109,38826,21073,8964,979,96,621,3636,18129,16078,4582,48,373,23597,11077,3,22,13,12919,352,151,7226
962,112,962.378648528886,99902,137,80,77,19,83347,48216,1.3169205821705272,73,40,20262,18807,19681,10263,9769,20790,49109,38826,21263,9149,979,96,617,3638,18023,16197,4580,47,379,23446,10991,3,22,13,13058,356,151,7306
963,112,963.315655255255,99902,139,71,77,19,83364,48221,1.3171407979820224,79,41,20239,18791,19552,10181,9913,20896,49109,38826,21450,9335,978,96,610,3639,17922,16307,4579,48,381,23280,10919,3,21,14,13216,362,156,7371
964,112,964.2532375528638,99902,140,73,77,19,83382,48230,1.3174110628415847,76,41,20213,18782,19435,10086,10058,20998,49109,38826,21634,9521,977,96,605,3639,17827,16415,4576,49,382,23105,10845,3,21,14,13381,367,157,7443
965,112,965.192055096683,99902,139,78,77,19,83405,48242,1.3177614061780545,71,39,20207,18780,19306,9990,10199,21093,49109,38826,21815,9707,975,96,602,3638,17737,16518,4575,51,384,22937,10770,3,21,14,13539,369,160,7513
966,112,966.1314546826783,99902,136,68,77,19,83425,48252,1.3180617004664572,69,40,20199,18782,19183,9912,10335,21178,49109,38826,21994,9893,975,96,599,3640,17640,16630,4572,51,391,22773,10694,3,21,14,13689,372,167,7575
967,112,967.0712517943248,99902,121,68,77,19,83433,48263,1.3182518868491122,71,35,20203,18765,19056,9830,10471,21282,49109,38826,22170,10079,975,95,597,3640,17550,16735,4569,51,395,22609,10621,3,21,14,13842,374,171,7640
968,112,968.011290227689,99902,122,65,77,19,83446,48268,1.3184320634221538,70,35,20180,18753,18926,9753,10624,21374,49109,38826,22343,10264,975,94,594,3640,17461,16833,4569,51,396,22449,10558,3,21,14,13994,377,176,7697
969,112,969.4219276840441,99902,112,62,77,19,83463,48279,1.3187123380913295,64,40,20240,18768,18748,9668,10758,21442,49109,38826,22513,10449,974,94,589,3640,17363,16947,4566,52,399,22292,10490,3,20,15,14138,382,183,7755
970,112,970.3605139225626,99902,117,67,77,19,83481,48292,1.3190226421893456,62,34,20224,18767,18620,9580,10899,21532,49109,38826,22681,10634,974,94,583,3642,17260,17058,4564,52,402,22145,10424,3,20,15,14277,388,186,7815
971,112,971.2996103561446,99902,123,57,77,19,83502,48297,1.3192828972392945,53,32,20214,18772,18497,9504,11035,21615,49109,38826,22846,10818,974,94,576,3642,17188,17146,4563,52,400,21994,10347,3,20,15,14415,394,192,7887
972,112,972.2391125364596,99902,125,61,77,19,83519,48302,1.3195031130507897,46,35,20209,18770,18364,9416,11178,21698,49109,38826,23008,11002,973,94,571,3642,17084,17258,4562,53,399,21856,10288,3,20,15,14546,399,196,7943
973,112,973.178917947946,99902,122,64,77,19,83529,48310,1.3196832896238313,52,30,20219,18761,18214,9346,11315,21779,49109,38826,23168,11185,971,94,571,3643,16985,17363,4561,55,399,21718,10216,3,20,15,14678,399,198,8013
974,112,974.1187200758255,99902,115,64,77,19,83541,48315,1.3198534563872595,63,35,20212,18752,18079,9271,11453,21858,49109,38826,23325,11368,971,94,570,3641,16897,17464,4561,55,397,21576,10145,3,20,15,14810,400,203,8080
975,112,975.0584636146385,99902,122,62,77,19,83556,48323,1.3200836820083681,62,33,20221,18750,17928,9207,11589,21928,49109,38826,23479,11550,970,94,567,3641,16805,17566,4560,56,399,21446,10072,3,20,15,14932,402,205,8149
976,112,976.4667236027119,99902,127,60,77,19,83584,48338,1.3205141038217454,57,27,20278,18811,17768,9130,11692,21952,49109,38826,23631,11731,969,94,563,3640,16721,17669,4556,57,400,21296,10003,3,20,15,15070,404,211,8211
977,112,977.4034762435404,99902,115,55,77,19,83594,48342,1.3206542411563331,59,31,20276,18802,17648,9061,11824,22031,49109,38826,23780,11911,969,94,556,3641,16638,17763,4553,57,403,21152,9937,3,20,15,15205,411,213,8272
978,112,978.340105538517,99902,116,58,77,19,83605,48351,1.3208544373486015,61,31,20276,18823,17519,8982,11950,22086,49109,38826,23927,12091,968,94,551,3642,16554,17854,4552,58,404,21030,9860,3,20,15,15320,416,215,8346
979,112,979.2768314466506,99902,110,58,77,19,83621,48358,1.3210846629697104,64,34,20265,18839,17403,8903,12080,22146,49109,38826,24071,12270,968,94,548,3639,16472,17952,4551,58,408,20890,9793,3,20,15,15448,419,216,8408
980,112,980.2139003430269,99902,107,52,77,19,83637,48364,1.3213048787812056,57,36,20287,18853,17262,8836,12209,22203,49109,38826,24213,12448,968,94,544,3637,16381,18056,4548,58,407,20766,9731,3,20,15,15566,421,225,8462
981,112,981.1507412938748,99902,104,51,77,19,83649,48369,1.3214750455446338,53,39,20289,18854,17137,8765,12339,22271,49109,38826,24352,12625,968,94,541,3636,16284,18164,4546,58,407,20631,9682,3,20,15,15694,424,228,8507
982,112,982.0870805942801,99902,94,51,77,19,83656,48376,1.3216151828792215,64,38,20275,18849,17027,8714,12462,22328,49109,38826,24489,12800,967,94,538,3635,16207,18251,4545,59,407,20481,9627,3,20,15,15836,427,234,8556
983,112,983.0241444842186,99902,96,52,77,19,83671,48381,1.3218153790714902,61,36,20297,18859,16895,8653,12573,22380,49109,38826,24624,12974,967,94,534,3634,16116,18348,4545,59,407,20346,9572,3,20,15,15966,431,239,8606
984,112,984.4280822218317,99902,105,55,77,19,83688,48392,1.3220956537406658,59,32,20354,18933,16726,8582,12678,22378,49109,38826,24756,13147,967,93,526,3635,16034,18434,4545,59,407,20220,9523,3,19,16,16090,437,246,8648
985,112,985.3616442186808,99902,106,60,77,19,83706,48403,1.3223859382194552,55,27,20344,18949,16619,8514,12798,22430,49109,38826,24886,13319,967,93,520,3636,15951,18528,4542,59,403,20095,9475,3,19,16,16207,442,253,8693
986,112,986.2954243104962,99902,109,59,77,19,83724,48412,1.3226562030790174,48,28,20335,18977,16512,8455,12918,22461,49109,38826,25014,13490,966,93,517,3635,15880,18610,4541,60,399,19964,9415,3,19,16,16329,445,261,8749
987,112,987.2296874142032,99902,108,61,77,19,83736,48418,1.322836379652059,42,30,20340,19003,16395,8386,13037,22500,49109,38826,25140,13659,966,93,514,3635,15801,18694,4540,60,401,19852,9346,3,19,16,16437,448,265,8812
988,112,988.1638003861293,99902,106,64,77,19,83750,48427,1.3230666052731677,37,28,20336,19039,16285,8318,13158,22531,49109,38826,25264,13827,966,93,506,3637,15707,18797,4537,60,404,19742,9293,3,19,16,16539,456,267,8860
989,112,989.0982434512865,99902,104,63,77,19,83759,48435,1.3232367720365958,42,25,20337,19062,16166,8262,13273,22568,49109,38826,25385,13993,965,93,506,3635,15618,18897,4536,61,405,19614,9242,3,19,16,16659,456,269,8908
990,112,990.0324398552402,99902,99,59,77,19,83772,48439,1.323406938800024,44,25,20340,19096,16067,8203,13372,22597,49109,38826,25504,14158,965,93,502,3636,15534,18992,4535,61,406,19491,9196,3,19,16,16771,460,274,8948
991,112,991.4331496079765,99902,96,56,77,19,83790,48448,1.3236772036595863,44,26,20387,19172,15940,8129,13455,22597,49109,38826,25621,14322,963,93,498,3638,15461,19078,4532,63,407,19378,9140,3,19,16,16872,464,276,9001
992,112,992.3651803095515,99902,100,57,77,19,83802,48454,1.323857380232628,41,28,20383,19206,15832,8054,13566,22635,49109,38826,25736,14484,963,93,494,3638,15383,19161,4532,63,407,19252,9094,3,18,17,16993,468,278,9045
993,112,993.2973605333325,99902,91,57,77,19,83809,48460,1.3239875077576024,49,28,20383,19247,15729,7998,13670,22650,49109,38826,25849,14644,963,93,494,3642,15307,19244,4528,63,409,19154,9024,3,18,17,17085,468,280,9110
994,112,994.229619957653,99902,85,58,77,19,83820,48468,1.3241776941402574,49,25,20381,19279,15641,7938,13766,22680,49109,38826,25960,14803,962,93,493,3644,15232,19329,4524,64,411,19040,8972,3,18,17,17191,469,282,9158
995,112,995.1621243325592,99902,82,54,77,19,83830,48476,1.324357870713299,51,27,20387,19304,15537,7885,13865,22710,49109,38826,26069,14960,960,93,491,3645,15168,19400,4523,66,412,18924,8913,3,18,17,17301,470,290,9208
996,112,996.094306500364,99902,83,53,77,19,83841,48484,1.324548057095954,49,26,20397,19332,15433,7839,13960,22730,49109,38826,26176,15116,960,93,489,3648,15080,19493,4520,66,412,18822,8875,3,17,18,17398,472,293,9243
997,112,997.0262457459075,99902,84,47,77,19,83852,48489,1.3247082140497688,51,28,20389,19353,15329,7794,14069,22758,49109,38826,26282,15270,960,93,488,3648,15023,19559,4519,66,415,18689,8824,3,17,18,17524,473,294,9289
998,112,998.4237846026399,99902,99,47,77,19,83879,48500,1.3250885868150788,40,26,20447,19435,15193,7731,14143,22741,49109,38826,26386,15423,960,93,486,3646,14973,19622,4519,66,419,18570,8768,3,17,18,17634,473,297,9338
999,112,999.3533723995818,99902,96,47,77,19,83889,48505,1.3252387339592802,49,26,20440,19470,15095,7681,14242,22756,49109,38826,26488,15574,960,93,483,3647,14900,19702,4517,66,421,18466,8717,3,17,18,17732,476,299,9385
1000,112,1000.2830658296724,99902,99,44,77,19,83901,48511,1.3254189105323217,50,30,20437,19504,14993,7630,14343,22772,49109,38826,26588,15723,960,93,482,3646,14837,19772,4517,66,424,18351,8671,3,16,19,17841,477,302,9425
1001,112,1001.2127833099639,99902,94,46,77,19,83909,48520,1.32558907729575,53,30,20431,19553,14899,7579,14445,22772,49109,38826,26686,15871,957,93,480,3645,14767,19848,4517,69,425,18250,8629,3,16,19,17937,479,306,9462
1002,112,1002.1428790017023,99902,89,53,77,19,83919,48531,1.3257992832976317,48,22,20443,19585,14800,7529,14542,22791,49109,38826,26783,16017,956,93,478,3647,14707,19918,4515,70,426,18145,8589,3,16,19,18033,480,308,9499
1003,112,1003.0728510811275,99902,84,49,77,19,83926,48536,1.3259194010129927,51,22,20435,19636,14710,7479,14642,22794,49109,38826,26878,16161,956,93,476,3650,14632,20001,4512,70,428,18056,8539,3,16,19,18114,482,313,9542
1004,112,1004.0030212139282,99902,84,43,77,19,83939,48538,1.326069548157194,44,28,20460,19693,14605,7419,14729,22797,49109,38826,26971,16303,955,93,475,3650,14565,20078,4510,71,430,17965,8500,3,16,19,18197,483,316,9576
1005,112,1005.3966413555011,99902,86,46,77,19,83954,48550,1.3263398130167565,46,26,20511,19788,14491,7372,14788,22748,49109,38826,27063,16444,954,93,473,3651,14509,20142,4509,72,433,17862,8452,3,16,19,18294,484,319,9617
1006,112,1006.3235643309926,99902,90,49,77,19,83966,48557,1.3265299993994115,40,26,20528,19823,14397,7325,14867,22757,49109,38826,27153,16583,954,93,471,3651,14440,20216,4508,72,434,17779,8409,3,16,19,18373,486,320,9658
1007,112,1007.2499051920594,99902,84,49,77,19,83975,48563,1.3266801465436127,49,26,20549,19861,14298,7280,14942,22764,49109,38826,27241,16720,954,93,469,3648,14374,20295,4506,72,434,17687,8372,3,16,19,18457,488,321,9694
1008,112,1008.1751513114724,99902,75,54,77,19,83983,48573,1.3268603231166542,50,19,20577,19913,14203,7243,15017,22751,49109,38826,27328,16856,953,93,466,3647,14317,20361,4504,73,433,17593,8329,3,16,19,18545,491,325,9734
1009,112,1009.4425570997811,99902,71,47,77,19,83996,48575,1.3270104702608556,52,23,20629,19973,14092,7194,15078,22743,49109,38826,27413,16990,953,93,465,3650,14253,20433,4500,73,429,17491,8296,3,16,19,18641,491,335,9761
1010,112,1010.3645154112398,99902,70,51,77,19,83999,48581,1.3271005585473765,61,21,20637,20024,13991,7141,15163,22743,49109,38826,27497,17122,953,93,465,3650,14199,20490,4500,73,429,17396,8253,3,16,19,18733,491,336,9803
1011,112,1011.2858774839327,99902,72,48,77,19,84007,48586,1.3272306860723508,62,25,20651,20076,13894,7087,15243,22744,49109,38826,27579,17252,953,93,464,3651,14144,20549,4498,73,432,17303,8209,3,16,19,18823,492,337,9843
1012,112,1012.2065555595461,99902,77,41,77,19,84026,48588,1.3274408920742327,56,29,20643,20121,13819,7037,15327,22752,49109,38826,27660,17381,951,93,462,3649,14089,20616,4497,75,431,17204,8180,3,16,19,18914,493,340,9870
1013,112,1013.1271901352695,99902,81,45,77,19,84042,48596,1.327681127504955,45,21,20674,20145,13726,7003,15396,22766,49109,38826,27740,17508,951,93,458,3648,14041,20673,4497,75,429,17113,8147,3,16,19,18998,496,346,9899
1014,112,1014.0471861563905,99902,76,44,77,19,84051,48602,1.327831274649156,50,19,20694,20198,13638,6960,15464,22759,49109,38826,27818,17633,951,93,454,3649,13982,20739,4495,75,430,17031,8116,3,16,19,19074,500,351,9924
1015,112,1015.0260800857526,99902,82,43,77,19,84062,48606,1.3279814217933574,51,16,20683,20213,13557,6924,15549,22784,49109,38826,27895,17757,951,93,453,3650,13912,20815,4494,75,427,16960,8085,3,16,19,19139,501,355,9954
1016,112,1016.3430024566183,99902,72,45,77,19,84077,48610,1.3281716081760124,49,19,20741,20280,13466,6872,15594,22764,49109,38826,27971,17879,950,93,452,3646,13855,20882,4494,76,428,16884,8046,3,16,19,19209,502,356,9991
1017,112,1017.0002840037911,99902,72,44,77,19,84086,48616,1.3283217553202138,48,18,20741,20299,13395,6849,15666,22770,49109,38826,28045,17999,950,93,449,3647,13808,20933,4493,76,434,16802,7999,3,16,19,19287,505,357,10031
1018,112,1018.2886585281311,99902,75,37,77,19,84109,48622,1.328612039799003,44,17,20823,20405,13285,6802,15695,22719,49109,38826,28118,18118,949,93,447,3647,13753,21002,4490,77,434,16720,7964,3,16,19,19359,506,363,10060
1019,112,1019.2429295574913,99902,72,32,77,19,84115,48626,1.3287121378951372,41,18,20853,20467,13208,6757,15748,22706,49109,38826,28190,18235,949,93,445,3649,13688,21075,4488,77,432,16639,7938,3,16,19,19433,507,371,10080
1020,112,1020.1321478849445,99902,69,33,77,19,84118,48627,1.3287521771335908,45,18,20819,20452,13154,6732,15835,22745,49109,38826,28260,18350,949,93,443,3650,13627,21140,4487,77,431,16574,7902,3,16,19,19494,509,372,10116
1021,112,1021.0807719260156,99902,72,32,77,19,84134,48632,1.3289623831354727,36,18,20850,20509,13068,6691,15896,22730,49109,38826,28329,18464,948,93,438,3650,13589,21186,4487,78,431,16488,7874,3,16,19,19572,514,378,10138
1022,112,1022.2985057778185,99902,73,35,77,19,84145,48638,1.3291325498989008,33,19,20909,20587,12977,6636,15930,22703,49109,38826,28397,18576,947,93,438,3650,13531,21247,4486,79,433,16427,7839,3,16,19,19631,514,379,10170
1023,112,1023.003987233745,99902,74,33,77,19,84154,48642,1.3292626774238754,31,17,20927,20630,12902,6610,15988,22690,49109,38826,28464,18686,947,93,437,3649,13484,21301,4486,79,436,16350,7810,3,16,19,19702,515,380,10195
1024,112,1024.0813532612776,99902,74,36,77,19,84165,48647,1.3294228343776902,28,15,20960,20674,12823,6577,16037,22678,49109,38826,28530,18795,947,93,435,3648,13430,21363,4485,79,436,16285,7774,3,16,19,19761,517,382,10229
1025,112,1025.2585850489822,99902,71,36,77,19,84176,48653,1.3295930011411183,29,19,21009,20758,12752,6545,16061,22622,49109,38826,28595,18902,946,93,433,3649,13383,21420,4483,80,438,16225,7728,3,16,19,19812,519,384,10271
1026,112,1026.4229566359186,99902,70,36,77,19,84188,48658,1.3297631679045465,35,18,21064,20856,12667,6493,16086,22577,49109,38826,28659,19008,946,93,432,3650,13340,21472,4481,80,437,16151,7692,3,16,19,19878,520,388,10304
1027,112,1027.3260314557706,99902,67,34,77,19,84197,48659,1.3298632660006806,28,21,21082,20888,12608,6465,16137,22572,49109,38826,28721,19112,946,93,430,3649,13291,21526,4480,80,434,16081,7673,3,16,19,19946,522,393,10320
1028,112,1028.0799206281297,99902,63,37,77,19,84201,48664,1.3299533542872015,26,16,21077,20902,12557,6445,16199,22580,49109,38826,28782,19215,946,93,428,3649,13238,21583,4480,80,433,16013,7652,3,16,19,20010,524,397,10338
1029,112,1029.3597989886546,99902,66,38,77,19,84214,48671,1.33015355047947,26,14,21162,20998,12445,6409,16223,22521,49109,38826,28842,19316,943,93,425,3649,13193,21635,4480,83,433,15950,7619,3,16,19,20066,527,399,10369
1030,112,1030.025300124327,99902,69,32,77,19,84221,48672,1.3302336289563772,25,17,21177,21033,12374,6377,16277,22521,49109,38826,28901,19415,943,93,423,3648,13144,21689,4480,83,433,15882,7591,3,16,19,20130,529,401,10395
1031,112,1031.0746037284484,99902,59,36,77,19,84227,48678,1.3303537466717383,30,17,21210,21099,12311,6336,16312,22492,49109,38826,28959,19513,943,93,422,3647,13080,21758,4480,83,433,15827,7574,3,16,19,20181,530,403,10410
1032,112,1032.084919588831,99902,62,33,77,19,84233,48680,1.3304338251486456,32,16,21213,21125,12253,6314,16362,22492,49109,38826,29016,19609,943,93,419,3647,13039,21802,4480,83,433,15770,7548,3,16,19,20235,533,405,10434
1033,112,1033.0097081691508,99902,63,32,77,19,84243,48685,1.330583972292847,36,17,21289,21219,12165,6278,16369,22434,49109,38826,29072,19704,943,93,418,3645,13005,21846,4480,83,431,15711,7519,3,16,19,20286,534,408,10462
1034,112,1034.0959265067058,99902,61,32,77,19,84248,48688,1.3306640507697545,36,16,21308,21245,12109,6251,16408,22436,49109,38826,29127,19798,943,93,416,3647,12946,21908,4478,83,432,15660,7498,3,16,19,20335,535,410,10480
1035,112,1035.1857326450595,99902,60,31,77,19,84259,48693,1.330824207723569,31,18,21394,21386,12027,6196,16410,22349,49109,38826,29182,19890,943,93,416,3647,12906,21958,4478,83,431,15596,7473,3,16,19,20389,535,415,10501
1036,112,1036.295951422177,99902,58,31,77,19,84269,48695,1.3309443254389302,29,17,21451,21458,11950,6171,16434,22303,49109,38826,29236,19981,943,93,414,3648,12857,22012,4477,83,431,15544,7443,3,16,19,20437,537,416,10529
1037,112,1037.1575720464825,99902,56,34,77,19,84272,48698,1.3310043842966106,28,18,21454,21469,11900,6143,16484,22316,49109,38826,29289,20070,942,93,414,3648,12802,22069,4477,84,430,15495,7418,3,16,19,20484,537,418,10553
1038,112,1038.073587352198,99902,52,33,77,19,84278,48702,1.331104482392745,28,19,21474,21530,11844,6119,16524,22279,49109,38826,29341,20158,941,93,411,3647,12763,22114,4477,85,431,15442,7398,3,16,19,20533,539,420,10570
1039,112,1039.2441669942666,99902,54,34,77,19,84289,48708,1.331274649156173,34,15,21568,21617,11751,6084,16515,22230,49109,38826,29392,20245,940,93,411,3652,12729,22151,4472,86,431,15384,7368,3,16,19,20588,539,423,10597
1040,112,1040.1547165278007,99902,49,30,77,19,84293,48713,1.3313647374426938,35,11,21585,21665,11705,6063,16548,22211,49109,38826,29442,20330,940,93,410,3652,12693,22195,4471,86,431,15319,7346,3,16,19,20647,539,426,10616
1041,112,1041.2089393565582,99902,49,29,77,19,84302,48717,1.3314948649676683,35,9,21628,21713,11644,6039,16566,22190,49109,38826,29491,20414,940,93,409,3653,12644,22250,4468,86,429,15274,7327,3,16,19,20688,540,430,10633
1042,112,1042.0825000889693,99902,58,30,77,19,84314,48721,1.331655021921483,29,11,21671,21784,11578,6003,16586,22152,49109,38826,29539,20497,940,93,409,3653,12615,22282,4467,86,430,15221,7297,3,16,19,20739,540,431,10661
1043,112,1043.366578495836,99902,61,30,77,19,84327,48723,1.3318051690656845,28,11,21747,21881,11486,5964,16600,22094,49109,38826,29587,20578,940,93,407,3654,12573,22329,4466,86,430,15167,7279,3,16,19,20788,542,432,10678
1044,112,1044.1058438516047,99902,60,31,77,19,84336,48728,1.3319453064002722,25,8,21773,21932,11432,5942,16632,22067,49109,38826,29634,20658,940,93,405,3654,12530,22375,4466,86,428,15119,7255,3,16,19,20834,543,437,10699
1045,112,1045.3642074362833,99902,53,27,77,19,84339,48729,1.331985345638726,25,10,21794,21998,11381,5920,16669,22025,49109,38826,29680,20737,940,93,404,3654,12492,22421,4465,86,430,15068,7232,3,16,19,20879,544,440,10716
1046,112,1046.400127502165,99902,56,27,77,19,84350,48731,1.3321154731637004,17,12,21861,22071,11302,5878,16686,21992,49109,38826,29725,20814,940,93,404,3656,12460,22456,4463,86,429,15013,7217,3,16,19,20931,544,442,10730
1047,112,1047.209743643465,99902,55,24,77,19,84354,48731,1.332155512402154,17,15,21904,22132,11245,5846,16701,21963,49109,38826,29770,20890,940,93,402,3656,12421,22498,4463,86,430,14969,7189,3,16,19,20972,546,443,10756
1048,112,1048.1401589741067,99902,51,21,77,19,84358,48736,1.332245600688675,16,13,21981,22204,11178,5819,16696,21923,49109,38826,29814,20965,939,93,402,3657,12393,22532,4462,87,433,14907,7173,3,16,19,21028,546,445,10767
1049,112,1049.0912041966974,99902,51,25,77,19,84362,48742,1.332345698784809,13,8,22017,22251,11121,5794,16720,21902,49109,38826,29857,21039,939,93,401,3656,12354,22574,4462,87,433,14853,7162,3,16,19,21080,547,446,10777
1050,112,1050.0930583103745,99902,47,21,77,19,84365,48744,1.3323957478328763,14,8,22088,22327,11052,5766,16721,21858,49109,38826,29900,21112,939,93,400,3657,12327,22606,4460,87,434,14806,7137,3,16,19,21123,548,450,10797
1051,112,1051.0629828392923,99902,43,23,77,19,84368,48747,1.3324558066905567,13,6,22128,22361,11004,5740,16734,21850,49109,38826,29942,21183,938,93,398,3659,12300,22633,4458,88,433,14752,7119,3,16,19,21177,550,452,10814
1052,112,1052.1057094711907,99902,35,17,77,19,84369,48749,1.332485836119397,14,9,22202,22421,10938,5716,16733,21817,49109,38826,29983,21253,938,93,395,3659,12275,22665,4457,88,432,14716,7096,3,16,19,21208,553,457,10832
1053,112,1053.0709117521121,99902,36,17,77,19,84374,48750,1.3325458949770774,13,8,22280,22500,10871,5686,16722,21769,49109,38826,30024,21322,938,93,394,3659,12238,22704,4457,88,431,14675,7081,3,16,19,21247,554,459,10846
1054,112,1054.0654792373102,99902,32,19,77,19,84375,48754,1.3325959440251447,19,6,22311,22528,10826,5665,16734,21762,49109,38826,30064,21390,937,93,392,3659,12212,22732,4456,89,432,14623,7068,3,16,19,21298,556,461,10856
1055,112,1055.036267036847,99902,31,18,77,19,84379,48755,1.3326459930732117,19,6,22357,22588,10769,5642,16746,21726,49109,38826,30103,21457,937,93,391,3659,12183,22762,4456,88,433,14586,7048,3,16,19,21335,557,463,10873
1056,112,1056.0132113475536,99902,33,17,77,19,84385,48756,1.3327160617405056,15,7,22416,22637,10711,5618,16747,21701,49109,38826,30142,21523,936,93,390,3659,12161,22785,4455,89,430,14541,7033,3,16,19,21380,558,467,10887
1057,112,1057.1095456195462,99902,29,17,77,19,84386,48760,1.3327661107885729,14,5,22508,22725,10649,5592,16722,21641,49109,38826,30180,21588,936,93,389,3662,12137,22812,4452,89,430,14495,7014,3,15,20,21423,559,470,10903
1058,112,1058.0288960778419,99902,32,15,77,19,84390,48760,1.3328061500270265,14,5,22548,22786,10601,5572,16727,21602,49109,38826,30217,21652,936,93,388,3662,12103,22847,4452,89,430,14456,6998,3,15,20,21461,560,472,10917
1059,112,1059.1611178909232,99902,31,14,77,19,84396,48761,1.3328762186943204,12,7,22601,22868,10544,5533,16734,21558,49109,38826,30254,21715,936,93,387,3662,12077,22876,4452,89,429,14417,6980,3,15,20,21497,561,476,10932
1060,112,1060.0496844334596,99902,32,14,77,19,84398,48762,1.3329062481231606,16,10,22648,22917,10484,5506,16742,21533,49109,38826,30290,21777,936,93,385,3662,12045,22908,4452,89,428,14380,6964,3,15,20,21534,563,478,10947
1061,112,1061.0680644942388,99902,25,13,77,19,84401,48764,1.3329562971712279,15,9,22750,23023,10424,5476,16708,21459,49109,38826,30326,21838,936,93,385,3662,12014,22943,4451,89,430,14337,6947,3,15,20,21575,563,478,10961
1062,112,1062.3170623151932,99902,24,13,77,19,84403,48767,1.333006346219295,15,11,22825,23094,10369,5446,16689,21416,49109,38826,30361,21898,936,93,385,3660,11995,22965,4451,89,430,14295,6931,3,14,21,21616,563,480,10975
1063,112,1063.0361117118364,99902,26,15,77,19,84408,48769,1.3330764148865888,12,11,22820,23103,10339,5431,16725,21420,49109,38826,30396,21957,936,93,385,3660,11964,22998,4451,89,430,14259,6918,3,14,21,21650,563,480,10988
1064,112,1064.0310337798505,99902,25,19,77,19,84414,48773,1.333176512982723,13,9,22886,23179,10285,5406,16713,21367,49109,38826,30430,22015,936,93,382,3660,11932,23033,4451,89,430,14227,6904,3,14,21,21679,566,481,11001
1065,112,1065.3696355624375,99902,19,20,77,19,84416,48775,1.3332165522211767,17,9,22978,23302,10215,5360,16693,21289,49109,38826,30463,22072,936,93,381,3661,11901,23067,4450,89,430,14194,6886,3,14,21,21709,567,483,11017
1066,112,1066.0122794908239,99902,18,21,77,19,84416,48776,1.3332265620307902,17,8,22977,23308,10186,5347,16724,21296,49109,38826,30496,22128,936,93,380,3661,11869,23099,4450,89,428,14161,6876,3,14,21,21742,568,485,11027
1067,112,1067.1016015378743,99902,15,20,77,19,84417,48779,1.3332666012692438,18,7,23065,23381,10131,5320,16693,21252,49109,38826,30528,22183,936,93,378,3661,11846,23124,4449,89,427,14126,6862,3,14,21,21776,570,490,11037
1068,112,1068.102476870098,99902,19,19,77,19,84422,48781,1.3333366699365379,18,12,23143,23473,10068,5291,16674,21185,49109,38826,30560,22237,936,93,377,3661,11823,23149,4449,89,426,14087,6853,3,14,21,21813,571,492,11045
1069,112,1069.1467659326208,99902,19,18,77,19,84426,48782,1.333386718984605,15,12,23170,23508,10035,5277,16683,21165,49109,38826,30591,22290,935,93,377,3661,11805,23170,4449,90,426,14053,6833,3,14,21,21844,571,493,11064
1070,112,1070.1845414984696,99902,17,18,77,19,84429,48787,1.3334667974615122,18,8,23224,23578,9990,5251,16673,21125,49109,38826,30622,22342,935,93,377,3663,11789,23190,4447,90,425,14013,6818,3,14,21,21881,571,494,11078
1071,112,1071.1083009925226,99902,17,17,77,19,84432,48787,1.3334968268903526,17,8,23309,23662,9937,5225,16642,21068,49109,38826,30653,22394,935,93,375,3664,11765,23215,4446,90,424,13977,6807,3,14,21,21916,573,496,11088
1072,112,1072.0225400331944,99902,21,15,77,19,84438,48787,1.333556885748033,13,12,23343,23711,9895,5202,16650,21040,49109,38826,30683,22445,935,93,374,3664,11741,23242,4446,90,422,13940,6798,3,14,21,21950,574,498,11097
1073,112,1073.0409768008753,99902,21,17,77,19,84440,48790,1.3336069347961002,13,10,23414,23778,9845,5172,16629,21003,49109,38826,30713,22495,935,93,374,3664,11715,23269,4446,90,420,13908,6789,3,14,21,21981,574,501,11105
1074,112,1074.0271042187655,99902,22,13,77,19,84442,48791,1.3336369642249404,13,10,23477,23871,9795,5147,16615,20939,49109,38826,30742,22544,935,93,373,3664,11691,23296,4446,90,420,13879,6773,3,14,21,22007,575,502,11120
1075,112,1075.1712829534572,99902,19,16,77,19,84443,48794,1.333677003463394,17,7,23527,23957,9754,5113,16605,20887,49109,38826,30771,22592,935,93,373,3663,11666,23324,4446,90,419,13850,6758,3,14,21,22034,575,503,11135
1076,112,1076.2525365586225,99902,20,16,77,19,84448,48795,1.3337370623210747,17,6,23579,24020,9705,5088,16601,20850,49109,38826,30799,22640,935,93,372,3663,11641,23351,4445,90,420,13825,6746,3,14,21,22058,576,503,11146
1077,112,1077.0954786556572,99902,19,12,77,19,84450,48796,1.333767091749915,18,6,23626,24084,9653,5071,16606,20807,49109,38826,30827,22687,935,93,371,3664,11620,23374,4444,90,420,13793,6732,3,14,21,22089,576,505,11158
1078,112,1078.1083555774514,99902,22,13,77,19,84454,48797,1.333817140797982,19,8,23681,24133,9612,5045,16588,20781,49109,38826,30854,22733,935,93,371,3664,11601,23394,4444,90,420,13759,6724,3,14,21,22122,576,505,11166
1079,112,1079.0818920723316,99902,23,11,77,19,84460,48798,1.333887209465276,13,8,23744,24214,9573,5027,16569,20720,49109,38826,30881,22778,935,93,371,3665,11577,23419,4443,90,423,13728,6707,3,14,21,22152,576,505,11180
1080,112,1080.2581992518326,99902,21,11,77,19,84464,48799,1.333937258513343,10,9,23803,24288,9537,5005,16551,20667,49109,38826,30908,22823,935,92,371,3666,11555,23444,4443,90,423,13704,6685,3,14,21,22173,576,507,11200
1081,112,1081.0230698726798,99902,19,14,77,19,84465,48802,1.3339772977517967,10,8,23865,24339,9494,4990,16534,20629,49109,38826,30934,22867,935,92,370,3666,11525,23475,4443,90,422,13679,6676,3,14,21,22197,577,508,11209
1082,112,1082.018753974093,99902,18,14,77,19,84467,48805,1.3340273467998638,12,7,23909,24413,9452,4967,16531,20579,49109,38826,30960,22910,935,92,370,3666,11496,23505,4443,90,422,13658,6663,3,14,21,22217,577,509,11221
1083,112,1083.1095710669144,99902,18,15,77,19,84472,48806,1.3340874056575445,9,7,23995,24470,9400,4948,16500,20540,49109,38826,30985,22952,935,92,370,3666,11474,23528,4443,90,421,13631,6653,3,14,21,22243,577,511,11230
1084,112,1084.1672366298087,99902,18,14,77,19,84474,48807,1.3341174350863847,7,7,24081,24543,9338,4926,16478,20490,49109,38826,31010,22994,935,92,369,3665,11457,23548,4443,90,421,13604,6641,3,13,22,22268,578,512,11241
1085,112,1085.025201128254,99902,16,13,77,19,84475,48807,1.334127444895998,10,7,24122,24589,9302,4911,16472,20460,49109,38826,31035,23035,935,92,369,3666,11443,23564,4442,90,421,13571,6630,3,13,22,22299,578,512,11252
1086,112,1086.015628008704,99902,15,15,77,19,84476,48809,1.3341574743248383,13,6,24194,24672,9255,4878,16445,20409,49109,38826,31059,23075,935,92,369,3666,11423,23584,4442,90,420,13545,6616,3,13,22,22325,578,513,11266
1087,112,1087.0299177581237,99902,18,12,77,19,84479,48810,1.334197513563292,14,8,24262,24754,9205,4848,16423,20358,49109,38826,31083,23115,935,92,366,3666,11399,23612,4442,90,420,13524,6606,3,13,22,22342,581,513,11276
1088,112,1088.0676028571438,99902,23,14,77,19,84487,48815,1.3343276410882665,6,8,24328,24833,9168,4824,16397,20301,49109,38826,31107,23154,935,92,366,3667,11382,23630,4441,90,419,13501,6591,3,13,22,22364,581,516,11289
1089,112,1089.0597215958876,99902,25,14,77,19,84491,48818,1.3343977097555604,4,6,24378,24883,9132,4806,16383,20271,49109,38826,31130,23193,934,92,366,3666,11364,23650,4441,91,418,13477,6578,3,13,22,22387,581,518,11301
1090,112,1090.0712701043042,99902,26,13,77,19,84496,48821,1.3344777882324679,4,7,24457,24971,9089,4784,16346,20205,49109,38826,31153,23231,934,92,365,3664,11353,23664,4441,91,417,13451,6568,3,13,22,22412,582,522,11308
1091,112,1091.1852594920526,99902,24,13,77,19,84497,48822,1.3344978078516947,7,6,24542,25042,9042,4767,16307,20152,49109,38826,31176,23268,934,92,364,3665,11334,23683,4440,91,418,13430,6554,3,13,22,22433,583,522,11321
1092,112,1092.0812386198972,99902,23,15,77,19,84501,48825,1.3345678765189886,7,4,24616,25129,8999,4742,16277,20090,49109,38826,31198,23305,934,92,363,3666,11319,23700,4439,91,419,13402,6542,3,13,21,22461,583,523,11331
1093,112,1093.1274852175216,99902,20,13,77,19,84503,48825,1.3345878961382154,8,5,24696,25219,8964,4720,16234,20023,49109,38826,31220,23341,934,92,363,3666,11300,23722,4439,91,419,13377,6534,3,13,21,22483,583,523,11339
1094,112,1094.0368128170662,99902,18,12,77,19,84504,48826,1.3346079157574422,11,5,24732,25256,8925,4710,16236,19997,49109,38826,31242,23377,934,92,363,3666,11279,23745,4438,91,418,13358,6525,3,13,21,22501,583,525,11347
