,indexID,time,N,Inf_L,Inf_H,Dead_L,Dead_H,cum_cases_L,cum_cases_H,cum_sum_per_N,Exposed_L,Exposed_H,Sus_L,Sus_H,Rec_nat_L,Rec_nat_H,Rec_vax_L,Rec_vax_H,vaccinatedH,vaccinatedL,boostedH,boostedL,count_Naive,count_Delta,count_Delta_vaccine,count_two,count_three,count_four,count_Omicron,count_Omicron_star,count_Omicron_star_vaccine,count_Omicron_vaccine,count_Vaccine,count_WT,count_WT_vaccine,count_WT_vaccine_boost,count_Omicron_vaccine_boost,count_Delta_vaccine_boost,count_Omicron_star_vaccine_boost,count_Vaccine_boost
0,2593,1.0949565034985966,99996,5,5,0,0,6,6,0.00012000480019200768,19,19,49973,49973,1,1,0,0,0,0,0,0,99994,0,0,0,0,0,0,0,0,0,0,2,0,0,0,0,0,0
1,2593,2.0074260917466016,99996,5,5,0,0,10,11,0.00021000840033601344,15,15,49973,49972,5,6,0,0,0,0,0,0,99985,0,0,0,0,0,0,0,0,0,0,11,0,0,0,0,0,0
2,2593,3.019409765140187,99996,8,10,0,0,15,18,0.0003300132005280211,12,8,49971,49972,7,8,0,0,0,0,0,0,99981,0,0,0,0,0,0,0,0,0,0,15,0,0,0,0,0,0
3,2593,4.006735429755672,99996,10,10,0,0,18,19,0.00037001480059202366,10,7,49970,49972,8,9,0,0,0,0,0,0,99979,0,0,0,0,0,0,0,0,0,0,17,0,0,0,0,0,0
4,2593,5.014343199533306,99996,9,7,0,0,19,20,0.000390015600624025,11,6,49968,49972,10,13,0,0,0,0,0,0,99973,0,0,0,0,0,0,0,0,0,0,23,0,0,0,0,0,0
5,2593,6.0538517236146525,99996,10,7,0,0,21,22,0.00043001720068802754,12,7,49965,49970,11,14,0,0,0,0,0,0,99970,0,0,0,0,0,0,0,0,0,0,26,0,0,0,0,0,0
6,2593,7.184054208533814,99996,11,7,0,0,22,22,0.00044001760070402814,12,7,49964,49970,11,14,0,0,0,0,0,0,99970,0,0,0,0,0,0,0,0,0,0,26,0,0,0,0,0,0
7,2593,8.002375241843113,99996,12,10,0,0,23,26,0.0004900196007840313,12,4,49963,49969,11,15,0,0,0,0,0,0,99969,0,0,0,0,0,0,0,0,0,0,27,0,0,0,0,0,0
8,2593,9.020807535061104,99996,13,8,0,0,26,28,0.0005400216008640345,12,2,49960,49969,13,19,0,0,0,0,0,0,99963,0,0,0,0,0,0,0,0,0,0,33,0,0,0,0,0,0
9,2593,10.033819194417275,99996,14,7,0,0,28,29,0.0005700228009120365,12,3,49958,49967,14,21,0,0,0,0,0,0,99960,0,0,0,0,0,0,0,0,0,0,36,0,0,0,0,0,0
10,2593,11.123694794444102,99996,16,7,0,0,31,29,0.0006000240009600384,12,4,49955,49966,15,21,0,0,0,0,0,0,99959,0,0,0,0,0,0,0,0,0,0,37,0,0,0,0,0,0
11,2593,12.030302347156256,99996,16,5,0,0,35,29,0.000640025601024041,9,6,49954,49964,19,23,0,0,0,0,0,0,99953,0,0,0,0,0,0,0,0,0,0,43,0,0,0,0,0,0
12,2593,13.014826261443522,99996,18,4,0,0,39,30,0.0006900276011040442,8,6,49951,49963,21,25,0,0,0,0,0,0,99949,0,0,0,0,0,0,0,0,0,0,47,0,0,0,0,0,0
13,2593,14.044697684236585,99996,17,4,0,0,41,30,0.0007100284011360454,8,6,49949,49963,24,25,0,0,0,0,0,0,99946,0,0,0,0,0,0,0,0,0,0,50,0,0,0,0,0,0
14,2593,15.273996528372457,99996,19,5,0,0,45,32,0.0007700308012320492,7,6,49946,49961,26,26,0,0,0,0,0,0,99943,0,0,0,0,0,0,0,0,0,0,53,0,0,0,0,0,0
15,2593,16.042726593912562,99996,16,5,0,0,45,32,0.0007700308012320492,11,7,49942,49960,29,26,0,0,0,0,0,0,99940,0,0,0,0,0,0,0,0,0,0,56,0,0,0,0,0,0
16,2593,17.023686709502062,99996,16,5,0,0,47,33,0.0008000320012800512,12,7,49939,49959,31,27,0,0,0,0,0,0,99937,0,0,0,0,0,0,0,0,0,0,59,0,0,0,0,0,0
17,2593,18.049627024831885,99996,18,6,0,0,50,35,0.0008500340013600544,12,5,49936,49959,32,28,0,0,0,0,0,0,99935,0,0,0,0,0,0,0,0,0,0,61,0,0,0,0,0,0
18,2593,19.061892779818834,99996,18,7,0,0,52,37,0.000890035601424057,12,5,49934,49957,34,29,0,0,0,0,0,0,99932,0,0,0,0,0,0,0,0,0,0,64,0,0,0,0,0,0
19,2593,20.135167731208735,99996,19,9,0,0,56,39,0.0009500380015200608,13,4,49929,49956,37,29,0,0,0,0,0,0,99929,0,0,0,0,0,0,0,0,0,0,67,0,0,0,0,0,0
20,2593,21.321537408098052,99996,21,12,0,0,60,42,0.0010200408016320653,15,4,49923,49953,39,29,0,0,0,0,0,0,99927,0,0,0,0,0,0,0,0,0,0,69,0,0,0,0,0,0
21,2593,22.221623617572405,99996,23,12,0,0,64,44,0.001080043201728069,17,5,49918,49950,40,31,0,0,0,0,0,0,99923,0,0,0,0,0,0,0,0,0,0,73,0,0,0,0,0,0
22,2593,23.226997069401246,99996,21,15,0,0,66,47,0.0011300452018080723,17,4,49916,49948,44,31,0,0,0,0,0,0,99919,0,0,0,0,0,0,0,0,0,0,77,0,0,0,0,0,0
23,2593,24.10384011071928,99996,25,14,0,0,71,48,0.0011900476019040761,13,5,49915,49947,45,32,0,0,0,0,0,0,99916,0,0,0,0,0,0,0,0,0,0,80,0,0,0,0,0,0
24,2593,25.07113656097611,99996,27,14,0,0,75,48,0.0012300492019680787,14,7,49910,49945,47,32,0,0,0,0,0,0,99914,0,0,0,0,0,0,0,0,0,0,82,0,0,0,0,0,0
25,2593,26.075938852256183,99996,24,13,0,0,77,48,0.00125005000200008,22,9,49901,49943,51,33,0,0,0,0,0,0,99908,0,0,0,0,0,0,0,0,0,0,88,0,0,0,0,0,0
26,2593,27.011505203276343,99996,26,12,0,0,81,49,0.0013000520020800832,25,10,49894,49941,53,35,0,0,0,0,0,0,99904,0,0,0,0,0,0,0,0,0,0,92,0,0,0,0,0,0
27,2593,28.04182776249174,99996,31,8,0,0,89,50,0.001390055602224089,22,11,49889,49939,56,40,0,0,0,0,0,0,99896,0,0,0,0,0,0,0,0,0,0,100,0,0,0,0,0,0
28,2593,29.030963523870227,99996,33,8,0,0,98,51,0.0014900596023840955,17,14,49885,49935,63,41,0,0,0,0,0,0,99888,0,0,0,0,0,0,0,0,0,0,108,0,0,0,0,0,0
29,2593,30.026860188362445,99996,35,14,0,0,105,57,0.0016200648025921037,19,9,49876,49934,68,41,0,0,0,0,0,0,99883,0,0,0,0,0,0,0,0,0,0,113,0,0,0,0,0,0
30,2593,31.21102658829213,99996,38,11,0,0,110,59,0.0016900676027041082,26,12,49865,49929,69,46,0,0,0,0,0,0,99876,0,0,0,0,0,0,0,0,0,0,120,0,0,0,0,0,0
31,2593,32.069610842460115,99996,42,10,0,0,116,60,0.0017600704028161126,25,11,49860,49929,71,48,0,0,0,0,0,0,99872,0,0,0,0,0,0,0,0,0,0,124,0,0,0,0,0,0
32,2593,33.050812670149206,99996,47,9,0,0,126,61,0.0018700748029921196,24,12,49851,49927,76,50,0,0,0,0,0,0,99865,0,0,0,0,0,0,0,0,0,0,131,0,0,0,0,0,0
33,2593,34.03131473628205,99996,45,10,0,0,133,63,0.0019600784031361253,26,14,49842,49923,85,51,0,0,0,0,0,0,99855,0,0,0,0,0,0,0,0,0,0,141,0,0,0,0,0,0
34,2593,35.11168507414035,99996,44,12,0,0,136,69,0.0020500820032801313,29,9,49836,49923,89,54,0,0,0,0,0,0,99847,0,0,0,0,0,0,0,0,0,0,149,0,0,0,0,0,0
35,2593,36.078875143014535,99996,41,14,0,0,143,73,0.002160086403456138,32,8,49826,49920,99,56,0,0,0,0,0,0,99835,0,0,0,0,0,0,0,0,0,0,161,0,0,0,0,0,0
36,2593,37.22439609767848,99996,39,14,0,0,148,77,0.0022500900036001442,35,7,49819,49917,105,60,0,0,0,0,0,0,99824,0,0,0,0,0,0,0,0,0,0,172,0,0,0,0,0,0
37,2593,38.28317163745324,99996,36,14,0,0,156,79,0.0023500940037601502,35,10,49812,49915,115,59,0,0,0,0,0,0,99811,0,0,0,0,0,0,0,0,0,0,185,0,0,0,0,0,0
38,2593,39.260857965219806,99996,38,12,0,0,164,79,0.0024300972038881555,33,11,49806,49914,121,61,0,0,0,0,0,0,99803,0,0,0,0,0,0,0,0,0,0,193,0,0,0,0,0,0
39,2593,40.041575282591246,99996,44,13,0,0,173,81,0.0025401016040641627,36,11,49794,49912,124,62,0,0,0,0,0,0,99799,0,0,0,0,0,0,0,0,0,0,197,0,0,0,0,0,0
40,2593,41.124390457360896,99996,48,14,0,0,178,84,0.0026201048041921676,36,11,49789,49909,125,64,0,0,0,0,0,0,99796,0,0,0,0,0,0,0,0,0,0,200,0,0,0,0,0,0
41,2593,42.08667901023873,99995,46,13,1,0,187,86,0.0027301365068253414,33,10,49785,49908,133,67,0,0,0,0,0,0,99782,0,0,0,0,0,0,0,0,0,0,213,0,0,0,0,0,0
42,2593,43.098609549659855,99995,45,13,1,0,190,87,0.0027701385069253464,35,11,49780,49906,137,68,0,0,0,0,0,0,99777,0,0,0,0,0,0,0,0,0,0,218,0,0,0,0,0,0
43,2593,44.15018469531738,99995,44,13,1,0,198,89,0.002870143507175359,35,9,49773,49907,145,69,0,0,0,0,0,0,99766,0,0,0,0,0,0,0,0,0,0,229,0,0,0,0,0,0
44,2593,45.06068315054452,99995,44,13,1,0,207,91,0.0029801490074503724,32,8,49767,49906,154,71,0,0,0,0,0,0,99755,0,0,0,0,0,0,0,0,0,0,240,0,0,0,0,0,0
45,2593,46.03684532089851,99995,49,14,1,0,217,95,0.00312015600780039,29,9,49760,49901,159,74,0,0,0,0,0,0,99747,0,0,0,0,0,0,0,0,0,0,248,0,0,0,0,0,0
46,2593,47.151354800075474,99995,45,16,1,0,225,98,0.003230161508075404,27,9,49756,49898,169,75,0,0,0,0,0,0,99734,0,0,0,0,0,0,0,0,0,0,261,0,0,0,0,0,0
47,2593,48.14345040189829,99995,47,17,1,0,230,99,0.0032901645082254113,31,9,49747,49898,172,74,0,0,0,0,0,0,99731,0,0,0,0,0,0,0,0,0,0,264,0,0,0,0,0,0
48,2593,49.00308983458887,99995,51,16,1,0,240,100,0.003400170008500425,24,11,49745,49895,177,76,0,0,0,0,0,0,99723,0,0,0,0,0,0,0,0,0,0,272,0,0,0,0,0,0
49,2593,50.059482122698185,99995,52,18,1,0,248,107,0.003550177508875444,20,9,49741,49890,184,81,0,0,0,0,0,0,99711,0,0,0,0,0,0,0,0,0,0,284,0,0,0,0,0,0
50,2593,51.05395650580204,99995,51,15,1,0,250,108,0.0035801790089504473,29,13,49730,49885,187,85,0,0,0,0,0,0,99704,0,0,0,0,0,0,0,0,0,0,291,0,0,0,0,0,0
51,2593,52.04614106877551,99995,48,12,1,0,257,109,0.0036601830091504573,29,14,49724,49883,196,89,0,0,0,0,0,0,99690,0,0,0,0,0,0,0,0,0,0,305,0,0,0,0,0,0
52,2593,53.00637666923234,99995,47,15,1,0,266,113,0.0037901895094754738,31,12,49713,49882,206,89,0,0,0,0,0,0,99679,0,0,0,0,0,0,0,0,0,0,316,0,0,0,0,0,0
53,2593,54.01644447766916,99995,48,15,1,0,273,114,0.0038701935096754837,31,18,49707,49875,211,90,0,0,0,0,0,0,99672,0,0,0,0,0,0,0,0,0,0,323,0,0,0,0,0,0
54,2593,55.009383921954374,99995,47,17,1,0,279,119,0.003980199009950497,31,16,49701,49873,218,92,0,0,0,0,0,0,99662,0,0,0,0,0,0,0,0,0,0,333,0,0,0,0,0,0
55,2593,56.05422437868494,99995,45,20,1,0,284,123,0.004070203510175509,37,16,49690,49869,225,93,0,0,0,0,0,0,99654,0,0,0,0,0,0,0,0,0,0,341,0,0,0,0,0,0
56,2593,57.070582277506816,99995,47,19,1,0,292,127,0.004190209510475524,37,14,49685,49867,228,98,0,0,0,0,0,0,99643,0,0,0,0,0,0,0,0,0,0,352,0,0,0,0,0,0
57,2593,58.22788218562234,99995,48,20,1,0,299,129,0.004280214010700535,37,15,49678,49864,234,99,0,0,0,0,0,0,99636,0,0,0,0,0,0,0,0,0,0,359,0,0,0,0,0,0
58,2593,59.17861608780159,99995,52,23,1,0,306,134,0.00440022001100055,37,14,49672,49861,236,100,0,0,0,0,0,0,99631,0,0,0,0,0,0,0,0,0,0,364,0,0,0,0,0,0
59,2593,60.062195816677495,99995,53,17,1,0,312,134,0.004460223011150557,36,18,49668,49857,240,106,0,0,0,0,0,0,99620,0,0,0,0,0,0,0,0,0,0,375,0,0,0,0,0,0
60,2593,61.128878521188305,99995,55,18,1,0,327,139,0.004660233011650582,29,19,49663,49851,250,110,0,0,0,0,0,0,99603,0,0,0,0,0,0,0,0,0,0,392,0,0,0,0,0,0
61,2593,62.13693472225301,99995,59,23,1,0,338,145,0.004830241512075604,29,16,49654,49848,255,111,0,0,0,0,0,0,99595,0,0,0,0,0,0,0,0,0,0,400,0,0,0,0,0,0
62,2593,63.001820371898695,99995,61,20,1,0,346,146,0.004920246012300615,28,16,49648,49847,260,115,0,0,0,0,0,0,99585,0,0,0,0,0,0,0,0,0,0,410,0,0,0,0,0,0
63,2593,64.01199659125312,99995,55,19,1,0,349,150,0.004990249512475624,30,14,49644,49845,268,120,0,0,0,0,0,0,99571,0,0,0,0,0,0,0,0,0,0,424,0,0,0,0,0,0
64,2593,65.17712584350515,99995,57,26,1,0,363,159,0.005220261013050653,24,14,49636,49837,280,121,0,0,0,0,0,0,99558,0,0,1,0,0,0,0,0,0,0,436,0,0,0,0,0,0
65,2593,66.05773696616798,99995,57,28,1,0,372,162,0.005340267013350668,20,13,49631,49835,289,122,0,0,0,0,0,0,99548,0,0,1,0,0,0,0,0,0,0,446,0,0,0,0,0,0
66,2593,67.00292737258918,99995,59,29,1,0,379,166,0.005450272513625681,20,11,49625,49833,293,125,0,0,0,0,0,0,99540,0,0,1,0,0,0,0,0,0,0,454,0,0,0,0,0,0
67,2593,68.19599144892918,99995,60,25,1,0,390,167,0.005570278513925696,20,13,49615,49831,302,129,0,0,0,0,0,0,99525,0,0,1,0,0,0,0,0,0,0,469,0,0,0,0,0,0
68,2593,69.07748047605341,99994,56,22,2,0,396,170,0.005660339620377223,21,13,49609,49828,310,135,0,0,0,0,0,0,99509,0,0,1,0,0,0,0,0,0,0,484,0,0,0,0,0,0
69,2593,70.04445528834692,99994,55,16,2,0,401,172,0.005730343820629238,21,16,49605,49823,315,143,0,0,0,0,0,0,99495,0,0,1,0,0,0,0,0,0,0,498,0,0,0,0,0,0
70,2593,71.20175958552008,99994,55,19,2,0,408,175,0.0058303498209892595,22,15,49598,49822,321,142,0,0,0,0,0,0,99488,0,0,1,0,0,0,0,0,0,0,505,0,0,0,0,0,0
71,2593,72.15017220438335,99994,52,17,2,0,413,181,0.005940356421385283,24,14,49594,49817,326,150,0,0,0,0,0,0,99472,0,0,1,0,0,0,0,0,0,0,521,0,0,0,0,0,0
72,2593,73.06346432407491,99994,52,19,2,0,415,184,0.005990359421565294,28,11,49589,49817,327,151,0,0,0,0,0,0,99469,0,0,1,0,0,0,0,0,0,0,524,0,0,0,0,0,0
73,2593,74.04909943750756,99994,49,18,2,0,422,187,0.006090365421925315,33,9,49580,49816,334,155,0,0,0,0,0,0,99455,0,0,1,0,0,0,0,0,0,0,538,0,0,0,0,0,0
74,2593,75.17911883643983,99994,54,17,2,0,434,190,0.006240374422465348,30,9,49573,49814,339,158,0,0,0,0,0,0,99444,0,0,1,0,0,0,0,0,0,0,549,0,0,0,0,0,0
75,2593,76.17083924160632,99994,55,19,2,0,442,193,0.006350381022861372,32,9,49564,49811,345,159,0,0,0,0,0,0,99436,0,0,1,0,0,0,0,0,0,0,557,0,0,0,0,0,0
76,2593,77.13762980891467,99994,58,20,2,0,454,195,0.006490389423365402,32,8,49552,49813,354,157,0,0,0,0,0,0,99426,0,0,1,0,0,0,0,0,0,0,567,0,0,0,0,0,0
77,2593,78.11444560945887,99994,61,16,2,0,461,197,0.006580394823689421,33,9,49544,49810,358,163,0,0,0,0,0,0,99416,0,0,1,0,0,0,0,0,0,0,577,0,0,0,0,0,0
78,2593,79.05707288825703,99994,67,15,2,0,477,198,0.006750405024301458,24,13,49537,49805,368,165,0,0,0,0,0,0,99404,0,0,1,0,0,0,0,0,0,0,589,0,0,0,0,0,0
79,2593,80.0987655045972,99994,57,15,2,0,485,202,0.006870412224733484,32,13,49521,49804,386,166,0,0,0,0,0,0,99383,0,0,2,0,0,0,0,0,0,0,609,0,0,0,0,0,0
80,2593,81.12773085290786,99994,62,16,2,0,497,204,0.007010420625237514,30,15,49513,49802,391,165,0,0,0,0,0,0,99375,0,0,2,0,0,0,0,0,0,0,617,0,0,0,0,0,0
81,2593,82.17423620978632,99994,60,16,2,0,507,208,0.007150429025741544,29,14,49504,49800,403,168,0,0,0,0,0,0,99360,0,0,3,0,0,0,0,0,0,0,631,0,0,0,0,0,0
82,2593,83.15825553212863,99994,50,18,2,0,515,211,0.007260435626137568,28,16,49498,49795,420,169,0,0,0,0,0,0,99341,0,0,3,0,0,0,0,0,0,0,650,0,0,0,0,0,0
83,2593,84.04594831733037,99994,50,16,2,0,517,211,0.0072804368262095725,32,20,49493,49791,421,171,0,0,0,0,0,0,99337,0,0,3,0,0,0,0,0,0,0,654,0,0,0,0,0,0
84,2593,85.10905781438483,99994,57,19,2,0,531,218,0.007490449426965618,24,19,49488,49785,427,175,0,0,0,0,0,0,99326,0,0,3,0,0,0,0,0,0,0,665,0,0,0,0,0,0
85,2593,86.0055515035217,99994,55,20,2,0,538,223,0.007610456627397644,22,15,49484,49786,435,177,0,0,0,0,0,0,99313,0,0,3,0,0,0,0,0,0,0,678,0,0,0,0,0,0
86,2593,87.08998682859794,99994,46,20,2,0,543,227,0.0077004620277216634,22,15,49479,49783,449,180,0,0,0,0,0,0,99295,0,0,3,0,0,0,0,0,0,0,696,0,0,0,0,0,0
87,2593,88.04922781940166,99994,48,18,2,0,549,231,0.007800468028081685,23,14,49473,49780,452,186,0,0,0,0,0,0,99285,0,0,3,0,0,0,0,0,0,0,706,0,0,0,0,0,0
88,2593,89.10241040055834,99994,47,17,2,0,552,232,0.007840470428225693,23,16,49475,49778,451,187,0,0,0,0,0,0,99279,0,0,3,0,0,0,0,0,0,0,712,0,0,0,0,0,0
89,2593,90.12008908536895,99994,52,19,2,0,564,237,0.00801048062883773,19,15,49469,49775,456,189,0,0,0,0,0,0,99269,0,0,3,0,0,0,0,0,0,0,722,0,0,0,0,0,0
90,2593,91.10009800002558,99994,52,22,2,0,571,240,0.008110486629197751,22,15,49459,49772,463,189,0,0,0,0,0,0,99262,0,0,3,0,0,0,0,0,0,0,729,0,0,0,0,0,0
91,2593,92.0706482098601,99994,49,20,2,0,573,243,0.008160489629377763,30,15,49450,49770,467,193,0,0,0,0,0,0,99252,0,0,3,0,0,0,0,0,0,0,739,0,0,0,0,0,0
92,2593,93.05704899304813,99994,42,24,2,0,574,250,0.00824049442966578,34,14,49445,49765,475,195,0,0,0,0,0,0,99241,0,0,3,0,0,0,0,0,0,0,750,0,0,0,0,0,0
93,2593,94.20588765819166,99994,48,22,2,0,584,255,0.008390503430205812,31,13,49440,49762,477,201,0,0,0,0,0,0,99230,0,0,3,0,0,0,0,0,0,0,761,0,0,0,0,0,0
94,2593,95.14774686165622,99994,55,25,2,0,597,260,0.008570514230853851,25,12,49435,49758,481,203,0,0,0,0,0,0,99222,0,0,3,0,0,0,0,0,0,0,769,0,0,0,0,0,0
95,2593,96.07720793461182,99994,47,28,2,0,599,265,0.008640518431105866,33,15,49428,49752,488,203,0,0,0,0,0,0,99210,0,0,3,0,0,0,0,0,0,0,781,0,0,0,0,0,0
96,2593,97.20626222114093,99994,48,29,2,0,608,270,0.008780526831609896,33,15,49419,49747,496,207,0,0,0,0,0,0,99198,0,0,3,0,0,0,0,0,0,0,793,0,0,0,0,0,0
97,2593,98.13035685085714,99994,52,29,2,0,622,273,0.008950537032221933,29,13,49410,49746,505,210,0,0,0,0,0,0,99185,0,0,3,0,0,0,0,0,0,0,806,0,0,0,0,0,0
98,2593,99.06845682076967,99994,48,33,2,0,628,278,0.009060543632617957,30,11,49404,49744,514,210,0,0,0,0,0,0,99174,0,0,3,0,0,0,0,0,0,0,817,0,0,0,0,0,0
99,2593,100.00699668032003,99994,52,31,2,0,637,281,0.009180550833049982,32,10,49394,49743,518,214,0,0,0,0,0,0,99164,0,0,3,0,0,0,0,0,0,0,827,0,0,0,0,0,0
100,2593,101.28312139711551,99994,56,28,2,0,649,284,0.009330559833590015,27,18,49392,49735,521,217,0,0,0,0,0,0,99150,0,0,3,0,0,0,0,0,0,0,841,0,0,0,0,0,0
101,2593,102.00113313963567,99994,60,28,2,0,656,286,0.009420565233914035,29,20,49385,49731,522,219,0,0,0,0,0,0,99145,0,0,3,0,0,0,0,0,0,0,846,0,0,0,0,0,0
102,2593,103.0386659725614,99994,63,29,2,0,665,290,0.009550573034382063,32,17,49375,49730,526,222,0,0,0,0,0,0,99136,0,0,3,0,0,0,0,0,0,0,855,0,0,0,0,0,0
103,2593,104.1403831032878,99994,60,30,2,0,672,295,0.009670580234814088,39,19,49363,49725,534,224,0,0,0,0,0,0,99122,0,0,3,0,0,0,0,0,0,0,869,0,0,0,0,0,0
104,2593,105.02581271333092,99994,62,32,2,0,683,299,0.009820589235354121,33,15,49359,49725,542,226,0,0,0,0,0,0,99111,0,0,3,0,0,0,0,0,0,0,880,0,0,0,0,0,0
105,2593,106.03428579537507,99994,68,34,2,0,699,304,0.010030601836110167,31,18,49347,49719,550,227,0,0,0,0,0,0,99098,0,0,3,0,0,0,0,0,0,0,893,0,0,0,0,0,0
106,2593,107.14081979531278,99994,60,32,2,0,701,309,0.010100606036362182,41,16,49338,49716,557,234,0,0,0,0,0,0,99081,0,0,3,0,0,0,0,0,0,0,910,0,0,0,0,0,0
107,2593,108.20375477293494,99994,58,26,2,0,708,314,0.010220613236794207,46,15,49332,49713,560,244,0,0,0,0,0,0,99061,0,0,3,0,0,0,0,0,0,0,930,0,0,0,0,0,0
108,2593,109.03943756284835,99994,57,22,2,0,716,315,0.010310618637118227,45,15,49325,49712,569,249,0,0,0,0,0,0,99047,0,0,3,0,0,0,0,0,0,0,944,0,0,0,0,0,0
109,2593,110.2894046429695,99994,56,24,2,0,724,320,0.010440626437586255,49,15,49315,49710,576,249,0,0,0,0,0,0,99035,0,0,3,0,0,0,0,0,0,0,956,0,0,0,0,0,0
110,2593,111.05340277915231,99994,58,22,2,0,738,323,0.010610636638198293,42,17,49309,49705,587,254,0,0,0,0,0,0,99018,0,0,3,0,0,0,0,0,0,0,973,0,0,0,0,0,0
111,2593,112.03958632286569,99993,50,22,2,1,743,326,0.010690748352384667,46,17,49304,49703,596,255,0,0,0,0,0,0,99002,0,0,3,0,0,0,0,0,0,0,988,0,0,0,0,0,0
112,2593,113.00328227021176,99993,50,24,2,1,746,329,0.010750752552678688,50,16,49299,49701,597,256,0,0,0,0,0,0,98998,0,0,3,0,0,0,0,0,0,0,992,0,0,0,0,0,0
113,2593,114.24293644108864,99993,55,26,2,1,757,335,0.010920764453511745,48,16,49292,49695,601,260,0,0,0,0,0,0,98988,0,0,3,0,0,0,0,0,0,0,1002,0,0,0,0,0,0
114,2593,115.2638520008389,99993,59,21,2,1,772,337,0.011090776354344804,43,21,49283,49690,611,265,0,0,0,0,0,0,98970,0,0,3,0,0,0,0,0,0,0,1020,0,0,0,0,0,0
115,2593,116.26507112154233,99993,60,22,2,1,777,340,0.011170781954736832,49,20,49273,49688,614,267,0,0,0,0,0,0,98964,0,0,3,0,0,0,0,0,0,0,1026,0,0,0,0,0,0
116,2593,117.07159633655942,99993,63,25,2,1,785,345,0.011300791055373877,49,18,49268,49685,616,269,0,0,0,0,0,0,98957,0,0,3,0,0,0,0,0,0,0,1033,0,0,0,0,0,0
117,2593,118.10586408377495,99993,71,22,2,1,805,348,0.011530807156500955,43,18,49259,49682,623,275,0,0,0,0,0,0,98939,0,0,3,0,0,0,0,0,0,0,1051,0,0,0,0,0,0
118,2593,119.01656317032594,99993,70,25,2,1,814,352,0.011660816257138,44,24,49250,49672,632,276,0,0,0,0,0,0,98928,0,0,3,0,0,0,0,0,0,0,1062,0,0,0,0,0,0
119,2593,120.10016788077215,99992,75,27,3,1,825,358,0.011830946475718057,45,18,49241,49672,634,280,0,0,0,0,0,0,98918,0,0,3,0,0,0,0,0,0,0,1071,0,0,0,0,0,0
120,2593,121.28369174874535,99992,77,30,3,1,840,363,0.01203096247699816,39,17,49235,49670,644,280,0,0,0,0,0,0,98903,0,0,3,0,0,0,0,0,0,0,1086,0,0,0,0,0,0
121,2593,122.10504846300456,99992,78,30,3,1,845,368,0.012130970477638212,41,16,49228,49666,648,285,0,0,0,0,0,0,98894,0,0,3,0,0,0,0,0,0,0,1095,0,0,0,0,0,0
122,2593,123.0674865300848,99992,82,34,3,1,857,375,0.01232098567885431,38,17,49222,49659,653,287,0,0,0,0,0,0,98883,0,0,3,0,0,0,0,0,0,0,1106,0,0,0,0,0,0
123,2593,124.17903160599839,99992,73,30,3,1,867,380,0.012470997679814385,45,17,49208,49655,669,295,0,0,0,0,0,0,98855,0,0,3,0,0,0,0,0,0,0,1134,0,0,0,0,0,0
124,2593,125.00369245588234,99992,73,30,3,1,874,384,0.012581006480518441,48,20,49201,49648,673,299,0,0,0,0,0,0,98844,0,0,3,0,0,0,0,0,0,0,1145,0,0,0,0,0,0
125,2593,126.14302953738776,99992,74,31,3,1,888,388,0.012761020881670533,46,27,49189,49638,686,301,0,0,0,0,0,0,98828,0,0,3,0,0,0,0,0,0,0,1161,0,0,0,0,0,0
126,2593,127.14585591268508,99992,75,35,3,1,901,399,0.013001040083206657,37,17,49189,49639,694,306,0,0,0,0,0,0,98809,0,0,3,0,0,0,0,0,0,0,1180,0,0,0,0,0,0
127,2593,128.20824229262607,99991,74,31,4,1,908,401,0.013091178206038544,41,19,49183,49637,696,310,0,0,0,0,0,0,98795,0,0,3,0,0,0,0,0,0,0,1193,0,0,0,0,0,0
128,2593,129.21129159828735,99991,75,30,4,1,917,406,0.013231190807172645,44,20,49176,49633,699,314,0,0,0,0,0,0,98781,0,0,3,0,0,0,0,0,0,0,1207,0,0,0,0,0,0
129,2593,130.00885442244257,99991,73,33,4,1,923,409,0.013321198907901712,48,19,49168,49636,705,309,0,0,0,0,0,0,98773,0,0,3,0,0,0,0,0,0,0,1215,0,0,0,0,0,0
130,2593,131.0916754524459,99991,74,29,4,1,934,411,0.013451210608954807,51,23,49155,49630,714,315,0,0,0,0,0,0,98757,0,0,3,0,0,0,0,0,0,0,1231,0,0,0,0,0,0
131,2593,132.09520043327865,99991,66,30,4,1,944,415,0.013591223210088908,51,22,49148,49628,729,317,0,0,0,0,0,0,98736,0,0,3,0,0,0,0,0,0,0,1252,0,0,0,0,0,0
132,2593,133.07260829624263,99991,69,34,4,1,950,422,0.013721234911142003,50,18,49144,49626,731,319,0,0,0,0,0,0,98730,0,0,3,0,0,0,0,0,0,0,1258,0,0,0,0,0,0
133,2593,134.01100937916894,99991,73,23,4,1,964,424,0.013881249312438119,46,24,49135,49619,740,331,0,0,0,0,0,0,98707,0,0,3,0,0,0,0,0,0,0,1281,0,0,0,0,0,0
134,2593,135.01500556192826,99991,76,28,4,1,971,433,0.014041263713734237,46,19,49130,49615,742,335,0,0,0,0,0,0,98699,0,0,3,0,0,0,0,0,0,0,1289,0,0,0,0,0,0
135,2593,136.27960245533558,99991,77,28,4,1,985,438,0.014231280815273374,45,24,49123,49606,749,339,0,0,0,0,0,0,98681,0,0,3,0,0,0,0,0,0,0,1307,0,0,0,0,0,0
136,2593,137.28379622009493,99991,69,26,4,1,993,445,0.014381294316488484,49,22,49114,49602,762,347,0,0,0,0,0,0,98656,0,0,3,0,0,0,0,0,0,0,1332,0,0,0,0,0,0
137,2593,138.2882102210823,99991,68,29,4,1,998,451,0.014491304217379564,51,20,49110,49598,765,350,0,0,0,0,0,0,98647,0,0,3,0,0,0,0,0,0,0,1341,0,0,0,0,0,0
138,2593,139.32615588849552,99990,64,36,5,1,1009,462,0.014711471147114711,55,16,49095,49592,779,353,0,0,0,0,0,0,98628,0,0,3,0,0,0,0,0,0,0,1359,0,0,0,0,0,0
139,2593,140.32749661932468,99990,67,26,5,1,1022,464,0.014861486148614862,56,21,49081,49585,789,365,0,0,0,0,0,0,98606,0,0,3,0,0,0,0,0,0,0,1381,0,0,0,0,0,0
140,2593,141.33255785956655,99990,80,27,5,1,1041,468,0.01509150915091509,48,23,49073,49580,792,367,0,0,0,0,0,0,98597,0,0,3,0,0,0,0,0,0,0,1390,0,0,0,0,0,0
141,2593,142.00264815774165,99990,85,30,5,1,1051,472,0.015231523152315232,41,24,49072,49577,795,366,0,0,0,0,0,0,98591,0,0,3,0,0,0,0,0,0,0,1396,0,0,0,0,0,0
142,2593,143.00782533885575,99990,81,35,5,1,1059,482,0.015411541154115412,42,23,49066,49571,804,368,0,0,0,0,0,0,98574,0,0,3,0,0,0,0,0,0,0,1413,0,0,0,0,0,0
143,2593,144.10600587946018,99990,86,40,5,1,1074,489,0.01563156315631563,35,21,49061,49567,811,369,0,0,0,0,0,0,98562,0,0,3,0,0,0,0,0,0,0,1425,0,0,0,0,0,0
144,2593,145.32873540176692,99990,83,36,5,1,1084,495,0.01579157915791579,41,26,49047,49560,822,375,0,0,0,0,0,0,98539,0,0,3,0,0,0,0,0,0,0,1448,0,0,0,0,0,0
145,2593,146.3343829655279,99990,74,37,5,1,1093,500,0.015931593159315933,41,24,49043,49558,835,378,0,0,0,0,0,0,98518,0,0,4,0,0,0,0,0,0,0,1468,0,0,0,0,0,0
146,2593,147.00489962761515,99990,77,33,5,1,1102,506,0.01608160816081608,39,21,49036,49557,841,386,0,0,0,0,0,0,98504,0,0,6,0,0,0,0,0,0,0,1480,0,0,0,0,0,0
147,2593,148.01088312229336,99990,78,32,5,1,1112,513,0.016251625162516253,33,19,49036,49553,846,393,0,0,0,0,0,0,98487,0,0,6,0,0,0,0,0,0,0,1497,0,0,0,0,0,0
148,2593,149.02196630591462,99990,74,36,5,1,1118,518,0.016361636163616362,36,16,49030,49552,853,393,0,0,0,0,0,0,98476,0,0,6,0,0,0,0,0,0,0,1508,0,0,0,0,0,0
149,2593,150.01452518258122,99990,73,37,5,1,1128,523,0.016511651165116513,30,15,49030,49548,860,397,0,0,0,0,0,0,98461,0,0,6,0,0,0,0,0,0,0,1523,0,0,0,0,0,0
150,2593,151.05154647184492,99990,77,27,5,1,1141,529,0.0167016701670167,40,17,49008,49540,868,413,0,0,0,0,0,0,98437,0,0,7,0,0,0,0,0,0,0,1546,0,0,0,0,0,0
151,2593,152.04079335212936,99990,74,28,5,1,1151,533,0.016841684168416842,40,17,49002,49537,877,415,0,0,0,0,0,0,98421,0,0,7,0,0,0,0,0,0,0,1562,0,0,0,0,0,0
152,2593,153.00149434719188,99990,72,32,5,1,1162,538,0.017001700170017002,38,14,48996,49537,887,414,0,0,0,0,0,0,98407,0,0,7,0,0,0,0,0,0,0,1576,0,0,0,0,0,0
153,2593,154.03361368681186,99990,76,34,5,1,1181,541,0.01722172217221722,35,18,48981,49531,901,414,0,0,0,0,0,0,98391,0,0,7,0,0,0,0,0,0,0,1592,0,0,0,0,0,0
154,2593,155.0776242903202,99990,72,29,5,1,1189,543,0.017321732173217322,37,22,48975,49525,909,421,0,0,0,0,0,0,98372,0,0,7,0,0,0,0,0,0,0,1611,0,0,0,0,0,0
155,2593,156.08500907334263,99990,72,27,5,1,1196,547,0.01743174317431743,44,25,48966,49521,911,424,0,0,0,0,0,0,98359,0,0,7,0,0,0,0,0,0,0,1624,0,0,0,0,0,0
156,2593,157.09250284233795,99990,78,28,5,1,1210,554,0.01764176417641764,38,25,48960,49515,917,429,0,0,0,0,0,0,98345,0,0,7,0,0,0,0,0,0,0,1638,0,0,0,0,0,0
157,2593,158.1000977248436,99990,75,36,5,1,1220,563,0.017831783178317833,41,21,48949,49512,928,428,0,0,0,0,0,0,98331,0,0,7,0,0,0,0,0,0,0,1652,0,0,0,0,0,0
158,2593,159.10787930940612,99990,73,40,5,1,1225,569,0.017941794179417943,42,18,48947,49509,931,430,0,0,0,0,0,0,98322,0,0,7,0,0,0,0,0,0,0,1661,0,0,0,0,0,0
159,2593,160.14763773434274,99990,75,33,5,1,1239,573,0.01812181218121812,49,22,48931,49505,938,437,0,0,0,0,0,0,98300,0,0,8,0,0,0,0,0,0,0,1682,0,0,0,0,0,0
160,2593,161.15573725733347,99989,72,34,6,1,1250,578,0.018282011021212335,48,27,48928,49497,944,439,0,0,0,0,0,0,98282,0,0,8,0,0,0,0,0,0,0,1699,0,0,0,0,0,0
161,2593,162.16390350589558,99989,77,33,6,1,1263,582,0.01845202972326956,48,29,48918,49492,949,443,0,0,0,0,0,0,98269,0,0,8,0,0,0,0,0,0,0,1712,0,0,0,0,0,0
162,2593,163.17220292583724,99989,77,43,6,1,1276,593,0.01869205612617388,46,21,48910,49490,959,443,0,0,0,0,0,0,98255,0,0,8,0,0,0,0,0,0,0,1726,0,0,0,0,0,0
163,2593,164.02351803162253,99989,72,46,6,1,1282,598,0.018802068227505027,45,19,48905,49487,970,445,0,0,0,0,0,0,98242,0,0,8,0,0,0,0,0,0,0,1739,0,0,0,0,0,0
164,2593,165.16756444768592,99989,71,46,6,1,1298,607,0.01905209573053036,40,18,48897,49481,984,452,0,0,0,0,0,0,98217,0,0,9,0,0,0,0,0,0,0,1763,0,0,0,0,0,0
165,2593,166.05621154622736,99989,73,43,6,1,1309,613,0.019222114432587586,43,23,48887,49471,989,460,0,0,0,0,0,0,98199,0,0,9,0,0,0,0,0,0,0,1781,0,0,0,0,0,0
166,2593,167.0652359064939,99989,70,45,6,1,1318,624,0.019422136435007852,50,18,48875,49466,997,468,0,0,0,0,0,0,98178,0,0,9,0,0,0,0,0,0,0,1802,0,0,0,0,0,0
167,2593,168.00402165335404,99988,75,41,7,1,1331,627,0.019582349881985837,48,21,48873,49461,995,474,0,0,0,0,0,0,98163,0,0,9,0,0,0,0,0,0,0,1816,0,0,0,0,0,0
168,2593,169.01328909732086,99988,75,38,7,1,1341,632,0.019732367884146097,49,24,48867,49456,1000,479,0,0,0,0,0,0,98146,0,0,10,0,0,0,0,0,0,0,1832,0,0,0,0,0,0
169,2593,170.02266739203606,99988,72,37,7,1,1350,638,0.019882385886306357,58,27,48853,49448,1008,485,0,0,0,0,0,0,98127,0,0,10,0,0,0,0,0,0,0,1851,0,0,0,0,0,0
170,2593,171.03224688433824,99988,73,40,7,1,1361,646,0.020072408689042684,58,22,48844,49445,1016,490,0,0,0,0,0,0,98112,0,0,10,0,0,0,0,0,0,0,1866,0,0,0,0,0,0
171,2593,172.04200019233718,99988,74,40,7,1,1372,652,0.020242429091490977,60,22,48834,49443,1023,492,0,0,0,0,0,0,98097,0,0,11,0,0,0,0,0,0,0,1880,0,0,0,0,0,0
172,2593,173.0519525465817,99988,78,39,7,1,1384,657,0.020412449493939274,58,18,48826,49442,1029,498,0,0,0,0,0,0,98084,0,0,12,0,0,0,0,0,0,0,1892,0,0,0,0,0,0
173,2593,174.0784841901283,99988,78,36,7,1,1398,659,0.02057246869624355,63,19,48812,49441,1038,501,0,0,0,0,0,0,98065,0,0,12,0,0,0,0,0,0,0,1911,0,0,0,0,0,0
174,2593,175.14304783597632,99988,85,31,7,1,1419,662,0.020812497499699965,54,22,48803,49436,1049,508,0,0,0,0,0,0,98044,0,0,13,0,0,0,0,0,0,0,1931,0,0,0,0,0,0
175,2593,176.1280515696246,99988,90,28,7,1,1434,664,0.020982517902148258,51,27,48791,49430,1059,512,0,0,0,0,0,0,98029,0,0,13,0,0,0,0,0,0,0,1946,0,0,0,0,0,0
176,2593,177.13883144883906,99987,88,34,8,1,1444,672,0.021162751157650494,51,27,48783,49424,1068,512,0,0,0,0,0,0,98015,0,0,13,0,0,0,0,0,0,0,1959,0,0,0,0,0,0
177,2593,178.14979316693083,99987,88,35,8,1,1457,676,0.02133277326052387,49,28,48777,49423,1076,511,0,0,0,0,0,0,97999,0,0,13,0,0,0,0,0,0,0,1975,0,0,0,0,0,0
178,2593,179.1608654274398,99987,95,35,8,1,1473,684,0.021572804464580396,47,31,48767,49416,1081,515,0,0,0,0,0,0,97982,0,0,13,0,0,0,0,0,0,0,1992,0,0,0,0,0,0
179,2593,180.17205396455086,99987,95,39,8,1,1486,694,0.021802834368467902,44,28,48760,49411,1091,519,0,0,0,0,0,0,97963,0,0,13,0,0,0,0,0,0,0,2011,0,0,0,0,0,0
180,2593,181.18343659476324,99987,88,33,8,1,1493,695,0.021882844769820078,61,31,48738,49410,1103,523,0,0,0,0,0,0,97943,0,0,14,0,0,0,0,0,0,0,2030,0,0,0,0,0,0
181,2593,182.19518205190616,99987,88,28,8,1,1507,697,0.02204286557252443,58,38,48734,49403,1110,528,0,0,0,0,0,0,97922,0,0,14,0,0,0,0,0,0,0,2051,0,0,0,0,0,0
182,2593,183.2070382369597,99987,89,37,8,1,1523,711,0.022342904577595087,52,29,48728,49399,1121,532,0,0,0,0,0,0,97902,0,0,14,0,0,0,0,0,0,0,2071,0,0,0,0,0,0
183,2593,184.21907437608448,99987,94,42,8,1,1535,721,0.022562933181313572,51,25,48719,49395,1126,535,0,0,0,0,0,0,97891,0,0,15,0,0,0,0,0,0,0,2081,0,0,0,0,0,0
184,2593,185.2312505705737,99987,87,49,8,1,1543,733,0.02276295918469401,56,21,48708,49388,1139,539,0,0,0,0,0,0,97871,0,0,15,0,0,0,0,0,0,0,2101,0,0,0,0,0,0
185,2593,186.32104219130315,99987,92,44,8,1,1563,738,0.02301299168891956,53,24,48694,49382,1151,547,0,0,0,0,0,0,97846,0,0,15,0,0,0,0,0,0,0,2126,0,0,0,0,0,0
186,2593,187.33371334912738,99987,94,48,8,1,1580,746,0.023263024193145108,60,22,48682,49380,1154,547,0,0,0,0,0,0,97827,0,0,15,0,0,0,0,0,0,0,2145,0,0,0,0,0,0
187,2593,188.00890438282215,99987,98,47,8,1,1591,748,0.023393041095342394,57,25,48679,49377,1156,548,0,0,0,0,0,0,97817,0,0,15,0,0,0,0,0,0,0,2155,0,0,0,0,0,0
188,2593,189.02178000189951,99987,96,44,8,1,1603,752,0.023553061898046745,62,27,48667,49373,1165,553,0,0,0,0,0,0,97797,0,0,16,0,0,0,0,0,0,0,2174,0,0,0,0,0,0
189,2593,190.03486157403398,99987,90,46,8,1,1616,760,0.023763089201596206,63,26,48655,49367,1182,558,0,0,0,0,0,0,97772,0,0,16,0,0,0,0,0,0,0,2199,0,0,0,0,0,0
190,2593,191.04823665718177,99986,87,46,9,1,1633,770,0.024033364671053947,63,23,48646,49362,1193,566,0,0,0,0,0,0,97742,0,0,16,0,0,0,0,0,0,0,2228,0,0,0,0,0,0
191,2593,192.06185089501224,99986,85,42,9,1,1649,773,0.024223391274778468,60,26,48634,49358,1210,571,0,0,0,0,0,0,97718,0,0,17,0,0,0,0,0,0,0,2251,0,0,0,0,0,0
192,2593,193.0757530716738,99986,90,45,9,1,1663,781,0.024443422079091073,61,21,48624,49356,1214,575,0,0,0,0,0,0,97705,0,0,18,0,0,0,0,0,0,0,2263,0,0,0,0,0,0
193,2593,194.08980078819397,99985,99,43,10,1,1681,785,0.02466369955493324,59,24,48612,49350,1218,580,0,0,0,0,0,0,97690,0,0,18,0,0,0,0,0,0,0,2277,0,0,0,0,0,0
194,2593,195.10404231785319,99985,105,40,10,1,1699,788,0.024873731059658948,53,28,48603,49343,1227,586,0,0,0,0,0,0,97672,0,0,18,0,0,0,0,0,0,0,2295,0,0,0,0,0,0
195,2593,196.1184583764242,99985,106,43,10,1,1718,796,0.02514377156573486,49,27,48591,49337,1242,590,0,0,0,0,0,0,97649,0,0,18,0,0,0,0,0,0,0,2318,0,0,0,0,0,0
196,2593,197.13310515140512,99985,112,49,10,1,1733,806,0.025393809071360705,50,23,48577,49332,1249,593,0,0,0,0,0,0,97636,0,0,18,0,0,0,0,0,0,0,2331,0,0,0,0,0,0
197,2593,198.14799211425182,99985,104,49,10,1,1743,814,0.02557383607541131,57,26,48565,49322,1262,600,0,0,0,0,0,0,97610,0,0,18,0,0,0,0,0,0,0,2357,0,0,0,0,0,0
198,2593,199.16309289230995,99985,108,51,10,1,1757,821,0.02578386758013702,60,30,48554,49312,1266,604,0,0,0,0,0,0,97595,0,0,18,0,0,0,0,0,0,0,2372,0,0,0,0,0,0
199,2593,200.1783637169117,99985,94,53,10,1,1766,829,0.025953893083962596,63,31,48544,49304,1287,609,0,0,0,0,0,0,97566,0,0,18,0,0,0,0,0,0,0,2401,0,0,0,0,0,0
200,2593,201.19392073171565,99985,90,59,10,1,1777,839,0.026163924588688305,74,29,48529,49296,1295,613,0,0,0,0,0,0,97547,0,0,18,0,0,0,0,0,0,0,2420,0,0,0,0,0,0
201,2593,202.2096991557657,99985,85,61,10,1,1791,847,0.026383957593639047,74,35,48520,49284,1309,617,0,0,0,0,0,0,97522,0,0,18,0,0,0,0,0,0,0,2445,0,0,0,0,0,0
202,2593,203.22573242262087,99985,93,66,10,1,1812,858,0.026704005600840127,69,33,48509,49279,1317,619,0,0,0,0,0,0,97503,0,0,18,0,0,0,0,0,0,0,2464,0,0,0,0,0,0
203,2593,204.2419014808326,99985,92,62,10,1,1827,864,0.026914037105565836,64,40,48506,49268,1326,627,0,0,0,0,0,0,97477,0,0,18,0,0,0,0,0,0,0,2490,0,0,0,0,0,0
204,2593,205.25820905423583,99985,101,61,10,1,1843,871,0.027144071610741612,66,44,48492,49257,1329,635,0,0,0,0,0,0,97462,0,0,18,0,0,0,0,0,0,0,2505,0,0,0,0,0,0
205,2593,206.27466522106099,99985,97,70,10,1,1855,887,0.027424113617042556,74,34,48481,49253,1336,640,0,0,0,0,0,0,97439,0,0,18,0,0,0,0,0,0,0,2528,0,0,0,0,0,0
206,2593,207.29133856041506,99985,94,69,10,1,1868,900,0.027684152622893435,78,34,48470,49244,1346,650,0,0,0,0,0,0,97409,0,0,18,0,0,0,0,0,0,0,2558,0,0,0,0,0,0
207,2593,208.30821491379,99985,102,78,10,1,1895,914,0.028094214132119818,71,27,48453,49239,1362,653,0,0,0,0,0,0,97386,0,0,19,0,0,0,0,0,0,0,2580,0,0,0,0,0,0
208,2593,209.32537226724494,99985,108,72,10,1,1911,918,0.028294244136620492,70,31,48442,49233,1368,661,0,0,0,0,0,0,97366,0,0,19,0,0,0,0,0,0,0,2600,0,0,0,0,0,0
209,2593,210.00361033204788,99985,103,70,10,1,1924,922,0.028464269640446068,71,34,48430,49228,1384,665,0,0,0,0,0,0,97342,0,0,19,0,0,0,0,0,0,0,2624,0,0,0,0,0,0
210,2593,211.02126942045768,99985,119,71,10,1,1950,931,0.028814322148322247,57,35,48421,49221,1391,670,0,0,0,0,0,0,97324,0,0,19,0,0,0,0,0,0,0,2642,0,0,0,0,0,0
211,2593,212.03910068965513,99984,115,69,11,1,1963,939,0.029024643943030885,60,41,48408,49211,1404,676,0,0,0,0,0,0,97297,0,0,19,0,0,0,0,0,0,0,2668,0,0,0,0,0,0
212,2593,213.0572109782281,99984,110,73,11,1,1980,948,0.02928468554968795,64,45,48395,49201,1418,678,0,0,0,0,0,0,97270,0,0,19,0,0,0,0,0,0,0,2695,0,0,0,0,0,0
213,2593,214.0755506880368,99984,102,84,11,1,1992,967,0.02959473515762522,72,38,48383,49191,1430,684,0,0,0,0,0,0,97243,0,0,20,0,0,0,0,0,0,0,2721,0,0,0,0,0,0
214,2593,215.0941539613685,99984,104,79,11,1,2007,972,0.02979476716274604,83,39,48360,49185,1440,694,0,0,0,0,0,0,97220,0,0,20,0,0,0,0,0,0,0,2744,0,0,0,0,0,0
215,2593,216.11308878603836,99984,110,77,11,1,2026,983,0.03009481517042727,80,38,48349,49176,1448,706,0,0,0,0,0,0,97194,0,0,20,0,0,0,0,0,0,0,2770,0,0,0,0,0,0
216,2593,217.1322878980383,99984,110,73,11,1,2045,991,0.030364858377340376,80,38,48338,49169,1459,717,0,0,0,0,0,0,97164,0,0,21,0,0,0,0,0,0,0,2799,0,0,0,0,0,0
217,2593,218.15174114750192,99983,104,71,12,1,2058,1003,0.030615204584779412,90,43,48320,49157,1472,726,0,0,0,0,0,0,97131,0,0,21,0,0,0,0,0,0,0,2831,0,0,0,0,0,0
218,2593,219.1714808186446,99983,118,73,12,1,2091,1015,0.031065281097786623,74,44,48307,49147,1487,733,0,0,0,0,0,0,97102,0,0,21,0,0,0,0,0,0,0,2860,0,0,0,0,0,0
219,2593,220.19149948637255,99983,113,77,12,1,2102,1030,0.0313253253053019,81,40,48299,49139,1493,741,0,0,0,0,0,0,97075,0,0,21,0,0,0,0,0,0,0,2887,0,0,0,0,0,0
220,2593,221.21165859530944,99983,114,75,12,1,2121,1039,0.031605372913395276,72,41,48295,49132,1505,749,0,0,0,0,0,0,97046,0,0,21,0,0,0,0,0,0,0,2916,0,0,0,0,0,0
221,2593,222.23201296693958,99983,109,72,12,1,2137,1052,0.0318954222217777,71,38,48283,49124,1523,763,0,0,0,0,0,0,97009,0,0,21,0,0,0,0,0,0,0,2953,0,0,0,0,0,0
222,2593,223.25267533509123,99983,114,69,12,1,2156,1065,0.03221547663102727,76,33,48261,49116,1535,779,0,0,0,0,0,0,96979,0,0,21,0,0,0,0,0,0,0,2983,0,0,0,0,0,0
223,2593,224.2737165863758,99983,116,76,12,1,2173,1077,0.032505525939409696,73,27,48252,49112,1545,782,0,0,0,0,0,0,96959,0,0,21,0,0,0,0,0,0,0,3003,0,0,0,0,0,0
224,2593,225.29498145891498,99983,121,73,12,1,2191,1087,0.032785573547503076,66,26,48243,49105,1556,793,0,0,0,0,0,0,96935,0,0,23,0,0,0,0,0,0,0,3025,0,0,0,0,0,0
225,2593,226.31646993652635,99983,115,65,12,1,2202,1091,0.032935599051838814,81,38,48221,49092,1569,802,0,0,0,0,0,0,96906,0,0,23,0,0,0,0,0,0,0,3054,0,0,0,0,0,0
226,2593,227.3382882407471,99983,117,71,12,1,2225,1104,0.033295660262244585,77,34,48207,49087,1585,805,0,0,0,0,0,0,96878,0,0,23,0,0,0,0,0,0,0,3082,0,0,0,0,0,0
227,2593,228.01968206743268,99983,127,67,12,1,2248,1111,0.033595711270916054,67,29,48197,49086,1595,815,0,0,0,0,0,0,96854,0,0,23,0,0,0,0,0,0,0,3106,0,0,0,0,0,0
228,2593,229.04206499462117,99983,117,63,12,1,2259,1118,0.03377574187611894,85,30,48173,49079,1611,825,0,0,0,0,0,0,96823,0,0,24,0,0,0,0,0,0,0,3136,0,0,0,0,0,0
229,2593,230.06490748935784,99983,118,60,12,1,2274,1127,0.03401578268305612,90,31,48156,49072,1622,834,0,0,0,0,0,0,96797,0,0,24,0,0,0,0,0,0,0,3162,0,0,0,0,0,0
230,2593,231.08808012967927,99983,125,59,12,1,2298,1132,0.034305831991438544,81,33,48145,49068,1635,837,0,0,0,0,0,0,96775,0,0,25,0,0,0,0,0,0,0,3183,0,0,0,0,0,0
231,2593,232.1114946542162,99983,125,65,12,1,2314,1142,0.03456587619895382,80,38,48140,49059,1641,835,0,0,0,0,0,0,96755,0,0,25,0,0,0,0,0,0,0,3203,0,0,0,0,0,0
232,2593,233.13499689896855,99983,120,59,12,1,2338,1148,0.0348659272076253,71,41,48130,49052,1665,845,0,0,0,0,0,0,96714,0,0,25,0,0,0,0,0,0,0,3244,0,0,0,0,0,0
233,2593,234.158863832234,99983,113,63,12,1,2350,1161,0.03511596971485152,83,39,48116,49046,1674,849,0,0,0,0,0,0,96686,0,0,25,0,0,0,0,0,0,0,3272,0,0,0,0,0,0
234,2593,235.1829869186343,99983,111,62,12,1,2365,1167,0.035326005420921555,86,42,48102,49039,1687,854,0,0,0,0,0,0,96663,0,0,26,0,0,0,0,0,0,0,3294,0,0,0,0,0,0
235,2593,236.20740198482713,99983,116,59,12,1,2387,1175,0.03562605642959303,92,46,48080,49031,1698,861,0,0,0,0,0,0,96636,0,0,27,0,0,0,0,0,0,0,3320,0,0,0,0,0,0
236,2593,237.23210483369576,99983,122,67,12,1,2412,1185,0.03597611593970975,83,48,48072,49020,1709,862,0,0,0,0,0,0,96615,0,0,27,0,0,0,0,0,0,0,3341,0,0,0,0,0,0
237,2593,238.2570238889085,99982,121,65,12,2,2432,1195,0.03627652977535956,84,46,48057,49017,1724,868,0,0,0,0,0,0,96583,0,0,28,0,0,0,0,0,0,0,3371,0,0,0,0,0,0
238,2593,239.28223327103564,99981,122,63,12,3,2450,1205,0.03655694581970574,88,47,48040,49010,1736,875,0,0,0,0,0,0,96555,0,0,29,0,0,0,0,0,0,0,3397,0,0,0,0,0,0
239,2593,240.30776446564929,99981,130,71,12,3,2475,1219,0.03694701993378742,77,40,48033,49007,1746,877,0,0,0,0,0,0,96533,0,0,30,0,0,0,0,0,0,0,3418,0,0,0,0,0,0
240,2593,241.33348621235848,99981,119,70,12,3,2489,1233,0.03722707314389734,74,36,48027,49000,1766,889,0,0,0,0,0,0,96496,0,0,33,0,0,0,0,0,0,0,3452,0,0,0,0,0,0
241,2593,242.01745359024233,99981,128,74,12,3,2507,1245,0.0375271301547294,66,30,48021,48996,1771,895,0,0,0,0,0,0,96480,0,0,34,0,0,0,0,0,0,0,3467,0,0,0,0,0,0
242,2593,243.04359663785928,99980,111,74,12,4,2515,1253,0.0376875375075015,78,37,48011,48983,1786,900,0,0,0,0,0,0,96448,0,0,35,0,0,0,0,0,0,0,3497,0,0,0,0,0,0
243,2593,244.0699350638748,99980,115,74,12,4,2534,1267,0.038017603520704144,77,36,47999,48978,1795,906,0,0,0,0,0,0,96420,0,0,36,0,0,0,0,0,0,0,3524,0,0,0,0,0,0
244,2593,245.09653292954224,99980,121,69,12,4,2555,1279,0.03834766953390678,87,32,47976,48972,1802,921,0,0,0,0,0,0,96389,0,0,37,0,0,0,0,0,0,0,3554,0,0,0,0,0,0
245,2593,246.12344514879027,99980,132,65,12,4,2579,1285,0.038647729545909185,80,40,47970,48960,1804,929,0,0,0,0,0,0,96366,0,0,37,0,0,0,0,0,0,0,3577,0,0,0,0,0,0
246,2593,247.15056035018654,99980,129,65,12,4,2598,1294,0.03892778555711142,88,37,47946,48956,1823,936,0,0,0,0,0,0,96337,0,0,39,0,0,0,0,0,0,0,3604,0,0,0,0,0,0
247,2593,248.1780322554231,99980,134,65,12,4,2622,1301,0.0392378475695139,87,42,47935,48946,1830,941,0,0,0,0,0,0,96311,0,0,39,0,0,0,0,0,0,0,3630,0,0,0,0,0,0
248,2593,249.20569931016266,99980,146,55,12,4,2650,1307,0.03957791558311662,79,44,47919,48940,1842,955,0,0,0,0,0,0,96279,0,0,39,0,0,0,0,0,0,0,3662,0,0,0,0,0,0
249,2593,250.23370560964273,99980,141,60,12,4,2668,1322,0.03990798159631927,82,38,47908,48933,1855,963,0,0,0,0,0,0,96248,0,0,41,0,0,0,0,0,0,0,3691,0,0,0,0,0,0
250,2593,251.26199868362866,99980,146,60,12,4,2697,1331,0.04028805761152231,79,37,47889,48927,1872,970,0,0,0,0,0,0,96216,0,0,42,0,0,0,0,0,0,0,3722,0,0,0,0,0,0
251,2593,252.29063204731924,99980,146,59,12,4,2722,1339,0.040618123624724944,74,40,47877,48919,1889,976,0,0,0,0,0,0,96186,0,0,46,0,0,0,0,0,0,0,3748,0,0,0,0,0,0
252,2593,253.31957981848433,99980,138,69,12,4,2740,1356,0.040968193638727744,77,36,47866,48907,1905,982,0,0,0,0,0,0,96154,0,0,47,0,0,0,0,0,0,0,3779,0,0,0,0,0,0
253,2593,254.00569175616317,99980,135,71,12,4,2749,1365,0.04114822964592919,80,36,47855,48901,1916,986,0,0,0,0,0,0,96136,0,0,48,0,0,0,0,0,0,0,3796,0,0,0,0,0,0
254,2593,255.0351280963453,99980,137,72,12,4,2768,1375,0.041438287657531506,84,37,47836,48891,1929,994,0,0,0,0,0,0,96112,0,0,50,0,0,0,0,0,0,0,3818,0,0,0,0,0,0
255,2593,256.0649147742494,99980,141,72,12,4,2788,1386,0.04174834966993399,90,35,47819,48884,1936,1003,0,0,0,0,0,0,96085,0,0,50,0,0,0,0,0,0,0,3845,0,0,0,0,0,0
256,2593,257.09498869810875,99980,143,76,12,4,2811,1396,0.042078415683136625,98,38,47795,48871,1950,1009,0,0,0,0,0,0,96058,0,0,50,0,0,0,0,0,0,0,3872,0,0,0,0,0,0
257,2593,258.12540650782466,99980,146,75,12,4,2840,1404,0.04244848969793959,91,40,47778,48863,1971,1016,0,0,0,0,0,0,96023,0,0,50,0,0,0,0,0,0,0,3907,0,0,0,0,0,0
258,2593,259.1561422860925,99980,153,69,12,4,2862,1412,0.04274854970994199,92,39,47762,48861,1979,1025,0,0,0,0,0,0,95995,0,0,51,0,0,0,0,0,0,0,3934,0,0,0,0,0,0
259,2593,260.1872544267936,99980,165,60,12,4,2888,1419,0.04307861572314463,87,44,47745,48851,1989,1039,0,0,0,0,0,0,95966,0,0,52,0,0,0,0,0,0,0,3962,0,0,0,0,0,0
260,2593,261.2187020994381,99980,177,61,12,4,2920,1429,0.04349869973994799,72,46,47737,48843,2000,1044,0,0,0,0,0,0,95938,0,0,53,0,0,0,0,0,0,0,3989,0,0,0,0,0,0
261,2593,262.2503741443317,99980,171,63,12,4,2943,1440,0.04383876775355071,74,42,47719,48841,2022,1048,0,0,0,0,0,0,95901,0,0,54,0,0,0,0,0,0,0,4025,0,0,0,0,0,0
262,2593,263.28240826287316,99980,174,59,12,4,2970,1444,0.04414882976595319,77,49,47700,48832,2035,1054,0,0,0,0,0,0,95869,0,0,54,0,0,0,0,0,0,0,4057,0,0,0,0,0,0
263,2593,264.3148096453771,99980,161,57,12,4,2986,1454,0.04440888177635527,93,47,47678,48827,2054,1063,0,0,0,0,0,0,95829,0,0,55,0,0,0,0,0,0,0,4096,0,0,0,0,0,0
264,2593,265.0033677787713,99980,153,63,12,4,2999,1464,0.044638927785557114,95,42,47666,48826,2072,1063,0,0,0,0,0,0,95806,0,0,57,0,0,0,0,0,0,0,4117,0,0,0,0,0,0
265,2593,266.03655710131403,99980,148,61,12,4,3021,1470,0.04491898379675935,105,46,47641,48822,2092,1065,0,0,0,0,0,0,95771,0,0,57,0,0,0,0,0,0,0,4152,0,0,0,0,0,0
266,2593,267.07024134543457,99980,147,62,12,4,3045,1481,0.045269053810762155,101,47,47627,48813,2111,1072,0,0,0,0,0,0,95736,0,0,57,0,0,0,0,0,0,0,4187,0,0,0,0,0,0
267,2593,268.1042439741298,99980,144,67,12,4,3065,1495,0.04560912182436487,96,51,47615,48803,2131,1073,0,0,0,0,0,0,95704,0,0,57,0,0,0,0,0,0,0,4219,0,0,0,0,0,0
268,2593,269.13855470291753,99980,141,69,12,4,3082,1507,0.045899179835967197,94,51,47608,48796,2143,1078,0,0,0,0,0,0,95676,0,0,59,0,0,0,0,0,0,0,4245,0,0,0,0,0,0
269,2593,270.17309157704796,99980,137,73,12,4,3109,1522,0.046319263852770555,89,45,47595,48788,2165,1088,0,0,0,0,0,0,95634,0,0,59,0,0,0,0,0,0,0,4287,0,0,0,0,0,0
270,2593,271.2080007466467,99980,142,75,12,4,3138,1538,0.046769353870774154,83,42,47580,48778,2181,1099,0,0,0,0,0,0,95597,0,0,60,0,0,0,0,0,0,0,4323,0,0,0,0,0,0
271,2593,272.2432570961883,99980,139,80,12,4,3160,1553,0.047139427885577116,86,42,47562,48766,2199,1106,0,0,0,0,0,0,95564,0,0,62,0,0,0,0,0,0,0,4354,0,0,0,0,0,0
272,2593,273.2788246982636,99980,138,72,12,4,3184,1560,0.0474494898979796,87,48,47548,48757,2213,1117,0,0,0,0,0,0,95528,0,0,64,1,0,0,0,0,0,0,4387,0,0,0,0,0,0
273,2593,274.3147585627685,99980,138,81,12,4,3202,1575,0.047779555911182235,90,42,47535,48751,2223,1120,0,0,0,0,0,0,95504,0,0,64,1,0,0,0,0,0,0,4411,0,0,0,0,0,0
274,2593,275.0055112837739,99980,139,81,12,4,3220,1583,0.048039607921584314,83,41,47528,48748,2236,1124,0,0,0,0,0,0,95480,0,0,65,1,0,0,0,0,0,0,4434,0,0,0,0,0,0
275,2593,276.041874707601,99980,131,83,12,4,3240,1593,0.04833966793358672,82,37,47515,48748,2258,1126,0,0,0,0,0,0,95444,0,0,65,1,0,0,0,0,0,0,4470,0,0,0,0,0,0
276,2593,277.07863599909496,99980,144,88,12,4,3261,1601,0.04862972594518904,82,39,47498,48738,2262,1129,0,0,0,0,0,0,95434,0,0,66,1,0,0,0,0,0,0,4479,0,0,0,0,0,0
277,2593,278.11560897831134,99980,142,90,12,4,3279,1614,0.04893978795759152,85,41,47484,48728,2275,1135,0,0,0,0,0,0,95404,0,0,67,1,0,0,0,0,0,0,4508,0,0,0,0,0,0
278,2593,279.15288513410377,99979,142,87,13,4,3307,1623,0.049310355174586665,82,42,47466,48722,2295,1143,0,0,0,0,0,0,95365,0,0,68,1,0,0,0,0,0,0,4545,0,0,0,0,0,0
279,2593,280.19051432288956,99979,139,91,13,4,3320,1635,0.049560407685613976,87,43,47453,48715,2306,1145,0,0,0,0,0,0,95343,0,0,70,1,0,0,0,0,0,0,4565,0,0,0,0,0,0
280,2593,281.2284342504319,99979,138,87,13,4,3338,1640,0.04979045599575911,89,44,47440,48712,2318,1151,0,0,0,0,0,0,95316,0,0,71,1,0,0,0,0,0,0,4591,0,0,0,0,0,0
281,2593,282.2666195972119,99979,138,88,13,4,3357,1650,0.050080516908550796,86,43,47435,48704,2326,1159,0,0,0,0,0,0,95288,0,0,71,1,0,0,0,0,0,0,4619,0,0,0,0,0,0
282,2593,283.30498457012607,99979,146,82,13,4,3382,1658,0.05041058622310685,84,46,47425,48696,2330,1170,0,0,0,0,0,0,95258,0,0,72,1,0,0,0,0,0,0,4648,0,0,0,0,0,0
283,2593,284.3435231399916,99979,160,84,13,4,3412,1675,0.050880684943838204,85,36,47401,48691,2339,1183,0,0,0,0,0,0,95227,0,0,72,1,0,0,0,0,0,0,4679,0,0,0,0,0,0
284,2593,285.0360489780032,99979,163,87,13,4,3426,1683,0.051100731153542245,83,41,47399,48682,2340,1184,0,0,0,0,0,0,95211,0,0,72,1,0,0,0,0,0,0,4695,0,0,0,0,0,0
285,2593,286.07497823510556,99979,159,90,13,4,3445,1696,0.05142079836765721,91,41,47381,48674,2354,1189,0,0,0,0,0,0,95181,0,0,75,1,0,0,0,0,0,0,4722,0,0,0,0,0,0
286,2593,287.11422025444637,99979,166,83,13,4,3469,1709,0.05179087608397764,91,41,47366,48662,2362,1208,0,0,0,0,0,0,95146,0,0,77,1,0,0,0,0,0,0,4755,0,0,0,0,0,0
287,2593,288.1537753031665,99979,170,82,13,4,3496,1720,0.052170955900739155,86,41,47354,48653,2375,1218,0,0,0,0,0,0,95112,0,0,78,1,0,0,0,0,0,0,4788,0,0,0,0,0,0
288,2593,289.1935829680205,99979,169,82,13,4,3525,1732,0.05258104201882395,82,45,47338,48639,2396,1228,0,0,0,0,0,0,95071,0,0,79,1,0,0,0,0,0,0,4828,0,0,0,0,0,0
289,2593,290.23375240222737,99979,162,86,13,4,3545,1745,0.05291111133338001,92,44,47319,48636,2412,1228,0,0,0,0,0,0,95036,0,0,80,1,0,0,0,0,0,0,4862,0,0,0,0,0,0
290,2593,291.2742876830242,99979,164,88,13,4,3564,1761,0.053261184848818255,100,44,47303,48622,2418,1240,0,0,0,0,0,0,95006,0,0,81,1,0,0,0,0,0,0,4891,0,0,0,0,0,0
291,2593,292.3150647689212,99979,170,82,13,4,3594,1773,0.053681273067344146,84,44,47294,48611,2437,1257,0,0,0,0,0,0,94965,0,0,82,1,0,0,0,0,0,0,4931,0,0,0,0,0,0
292,2593,293.009128457068,99979,170,79,13,4,3613,1778,0.05392132347793036,87,44,47283,48609,2445,1262,0,0,0,0,0,0,94939,0,0,83,1,0,0,0,0,0,0,4956,0,0,0,0,0,0
293,2593,294.05046679247073,99979,170,77,13,4,3635,1786,0.05422138649116314,83,47,47277,48602,2455,1268,0,0,0,0,0,0,94908,0,0,84,1,0,0,0,0,0,0,4986,0,0,0,0,0,0
294,2593,295.09200185210113,99979,169,79,13,4,3652,1799,0.05452144950439592,95,54,47257,48588,2464,1273,0,0,0,0,0,0,94880,0,0,85,1,0,0,0,0,0,0,5013,0,0,0,0,0,0
295,2593,296.13384056435683,99979,165,77,13,4,3672,1808,0.05481151041718761,97,51,47246,48587,2477,1279,0,0,0,0,0,0,94846,0,0,86,1,0,0,0,0,0,0,5046,0,0,0,0,0,0
296,2593,297.1759308978673,99979,166,74,13,4,3693,1820,0.05514157973174367,97,48,47236,48588,2486,1284,0,0,0,0,0,0,94811,0,0,86,1,0,0,0,0,0,0,5081,0,0,0,0,0,0
297,2593,298.2182854365967,99979,164,81,13,4,3714,1833,0.055481651146740814,98,45,47227,48579,2496,1289,0,0,0,0,0,0,94783,0,0,87,1,0,0,0,0,0,0,5108,0,0,0,0,0,0
298,2593,299.2608809664617,99978,166,75,14,4,3734,1839,0.055742263297925546,114,53,47196,48567,2508,1299,0,0,0,0,0,0,94754,0,0,88,1,0,0,0,0,0,0,5135,0,0,0,0,0,0
299,2593,300.3038568702071,99978,160,78,14,4,3759,1852,0.05612234691632159,110,63,47188,48551,2526,1302,0,0,0,0,0,0,94714,0,0,89,1,0,0,0,0,0,0,5174,0,0,0,0,0,0
300,2593,301.34716668139214,99978,167,84,14,4,3789,1869,0.0565924503390746,110,56,47165,48544,2542,1310,0,0,0,0,0,0,94684,0,0,93,1,0,0,0,0,0,0,5200,0,0,0,0,0,0
301,2593,302.04292299682527,99977,168,86,15,4,3811,1884,0.05696310151334807,96,52,47164,48537,2555,1319,0,0,0,0,0,0,94651,0,0,94,1,0,0,0,0,0,0,5231,0,0,0,0,0,0
302,2593,303.08678493966397,99977,168,92,15,4,3835,1898,0.05734318893345469,101,47,47145,48529,2569,1326,0,0,0,0,0,0,94621,0,0,96,1,0,0,0,0,0,0,5259,0,0,0,0,0,0
303,2593,304.13095561270217,99977,168,86,15,4,3856,1908,0.057653260249857466,108,50,47124,48520,2583,1338,0,0,0,0,0,0,94584,0,0,96,1,0,0,0,0,0,0,5296,0,0,0,0,0,0
304,2593,305.1755003250349,99975,172,94,17,4,3891,1927,0.05819454863715929,95,49,47117,48507,2597,1344,0,0,0,0,0,0,94543,0,0,97,1,0,0,0,0,0,0,5334,0,0,0,0,0,0
305,2593,306.22031404263123,99975,181,97,17,4,3923,1946,0.058704676169042264,92,43,47099,48499,2609,1355,0,0,0,0,0,0,94504,0,0,97,1,0,0,0,0,0,0,5373,0,0,0,0,0,0
306,2593,307.26543880471195,99975,172,87,17,4,3950,1957,0.0590847711927982,88,52,47088,48487,2633,1368,0,0,0,0,0,0,94452,0,0,102,1,0,0,0,0,0,0,5420,0,0,0,0,0,0
307,2593,308.31099841135295,99975,160,88,17,4,3977,1971,0.059494873718429604,89,53,47067,48483,2665,1370,0,0,0,0,0,0,94403,0,0,105,1,0,0,0,0,0,0,5466,0,0,0,0,0,0
308,2593,309.0083550073762,99975,161,92,17,4,3994,1982,0.059774943735933984,87,47,47060,48479,2673,1376,0,0,0,0,0,0,94380,0,0,105,1,0,0,0,0,0,0,5489,0,0,0,0,0,0
309,2593,310.0546782142857,99975,155,93,17,4,4014,1994,0.06009502375593898,88,46,47046,48472,2692,1383,0,0,0,0,0,0,94343,0,0,105,1,0,0,0,0,0,0,5526,0,0,0,0,0,0
310,2593,311.10130307893655,99974,150,84,18,4,4036,2004,0.06041570808410187,91,43,47041,48473,2698,1394,0,0,0,0,0,0,94298,0,0,106,1,0,0,0,0,0,0,5569,0,0,0,0,0,0
311,2593,312.14815032105133,99974,160,89,18,4,4057,2018,0.06076579910776802,100,46,47020,48464,2700,1395,0,0,0,0,0,0,94279,0,0,107,1,0,0,0,0,0,0,5587,0,0,0,0,0,0
312,2593,313.1952054588882,99974,166,86,18,4,4085,2029,0.06115590053413888,93,48,47003,48463,2718,1397,0,0,0,0,0,0,94245,0,0,109,1,0,0,0,0,0,0,5619,0,0,0,0,0,0
313,2593,314.2426188884115,99974,171,92,18,4,4103,2049,0.06153599935983356,97,46,46986,48448,2726,1408,0,0,0,0,0,0,94219,0,0,110,1,0,0,0,0,0,0,5644,0,0,0,0,0,0
314,2593,315.2903631815631,99974,174,89,18,4,4130,2060,0.061916098185528234,94,53,46971,48434,2741,1418,0,0,0,0,0,0,94184,0,0,113,1,0,0,0,0,0,0,5676,0,0,0,0,0,0
315,2593,316.3383962292797,99974,164,88,18,4,4152,2070,0.062236181407165865,88,55,46967,48427,2761,1424,0,0,0,0,0,0,94145,0,0,117,1,0,0,0,0,0,0,5711,0,0,0,0,0,0
316,2593,317.0372211611106,99974,163,91,18,4,4169,2079,0.06249624902474643,97,55,46945,48420,2775,1428,0,0,0,0,0,0,94121,0,0,117,1,0,0,0,0,0,0,5735,0,0,0,0,0,0
317,2593,318.0858923669525,99974,172,93,18,4,4195,2099,0.06295636865585053,103,43,46917,48426,2788,1432,0,0,0,0,0,0,94086,0,0,117,1,0,0,0,0,0,0,5770,0,0,0,0,0,0
318,2593,319.1350360729261,99974,186,96,18,4,4233,2113,0.06347650389101166,92,41,46905,48416,2797,1441,0,0,0,0,0,0,94052,0,0,118,1,0,0,0,0,0,0,5803,0,0,0,0,0,0
319,2593,320.18445353424465,99974,180,95,18,4,4259,2125,0.06385660271670635,94,43,46887,48406,2818,1449,1,1,1,1,0,0,94005,0,0,118,1,0,0,0,0,0,2,5848,0,0,0,0,0,0
320,2593,321.22219301077354,99974,180,90,18,4,4279,2134,0.06414667813631544,99,47,46868,48396,2831,1459,2,2,2,2,0,0,93972,0,0,121,1,0,0,0,0,0,4,5876,0,0,0,0,0,0
321,2593,322.3423322786018,99973,180,78,18,5,4301,2139,0.06441739269602793,104,56,46854,48386,2839,1470,3,3,3,3,0,0,93932,0,0,121,1,0,0,0,0,0,5,5913,1,0,0,0,0,0
322,2593,323.04875879835646,99972,176,82,19,5,4332,2157,0.06490817428880087,97,58,46839,48376,2863,1473,4,4,4,4,0,0,93885,0,0,124,1,0,0,0,0,0,6,5954,2,0,0,0,0,0
323,2593,324.02402690095164,99972,178,94,19,5,4350,2172,0.06523826671468011,102,50,46821,48376,2873,1468,5,5,5,5,0,0,93865,0,0,125,1,0,0,0,0,0,8,5971,2,0,0,0,0,0
324,2593,325.2542351280007,99971,183,93,20,5,4386,2192,0.06579908173370277,103,47,46799,48365,2887,1482,6,6,6,6,0,0,93812,0,0,126,1,0,0,0,0,0,10,6020,2,0,0,0,0,0
325,2593,326.0804113377161,99971,176,91,20,5,4405,2198,0.06604915425473387,105,49,46786,48359,2904,1487,7,7,7,7,0,0,93778,0,0,128,1,0,0,0,0,0,12,6050,2,0,0,0,0,0
326,2593,327.00485156744776,99970,182,93,20,6,4431,2208,0.06640992297689306,99,48,46774,48356,2915,1487,8,8,8,8,0,0,93751,0,0,130,1,0,0,0,0,0,13,6072,3,0,0,0,0,0
327,2593,328.0437925233354,99970,173,98,20,6,4457,2221,0.0668000400120036,96,55,46766,48342,2935,1489,8,8,9,9,0,0,93708,0,0,132,1,0,0,0,0,0,15,6111,3,0,0,0,0,0
328,2593,329.0187785952261,99969,179,101,21,6,4493,2238,0.06733087257049686,86,52,46749,48334,2954,1496,9,9,10,10,0,0,93663,0,0,133,1,0,0,0,0,0,17,6152,3,0,0,0,0,0
329,2593,330.0147582339065,99969,185,96,21,6,4524,2250,0.06776100591183266,87,62,46730,48320,2966,1505,9,9,11,11,0,0,93619,0,0,133,1,0,0,0,0,0,19,6194,3,0,0,0,0,0
330,2593,331.05689811494545,99969,181,91,21,6,4548,2264,0.068141123748362,85,62,46718,48311,2983,1518,10,10,12,12,0,0,93573,0,0,136,1,0,0,0,0,0,21,6235,3,0,0,0,0,0
331,2593,332.0288893620654,99969,171,93,21,6,4559,2276,0.06837119507047185,95,58,46701,48306,2999,1524,11,11,13,13,0,0,93541,0,0,137,1,0,0,0,0,0,23,6264,3,0,0,0,0,0
332,2593,333.0087353770463,99969,180,85,21,6,4585,2287,0.06874130980603987,93,55,46683,48307,3010,1534,11,11,14,14,0,0,93506,0,0,140,1,0,0,0,0,0,25,6294,3,0,0,0,0,0
333,2593,334.11437986978666,99969,184,82,21,6,4614,2302,0.06918144624833698,90,57,46668,48293,3023,1548,12,12,15,15,0,0,93462,0,0,141,1,0,0,0,0,0,27,6335,3,0,0,0,0,0
334,2593,335.0371550428128,99969,183,87,21,6,4637,2320,0.0695915733877502,83,53,46662,48281,3036,1558,13,13,16,16,0,0,93424,0,0,141,1,0,0,0,0,0,28,6371,4,0,0,0,0,0
335,2593,336.12457659296336,99968,171,87,21,7,4660,2338,0.07000240076824583,89,51,46647,48268,3056,1571,14,14,17,17,0,0,93371,0,0,143,1,0,0,0,0,0,30,6419,4,0,0,0,0,0
336,2593,337.05776829642963,99968,164,81,21,7,4678,2344,0.0702424775928297,89,56,46641,48259,3069,1581,14,14,18,18,0,0,93334,0,0,145,1,0,0,0,0,0,32,6452,4,0,0,0,0,0
337,2593,338.00224866471547,99968,159,79,21,7,4693,2353,0.07048255441741358,97,66,46626,48244,3080,1587,15,15,19,19,0,0,93303,0,0,147,1,0,0,0,0,0,34,6479,4,0,0,0,0,0
338,2593,339.0515013748745,99968,162,81,21,7,4722,2374,0.07098271446862996,96,60,46612,48235,3091,1599,16,16,20,20,0,0,93256,0,0,147,1,0,0,0,0,0,36,6524,4,0,0,0,0,0
339,2593,340.0176227070168,99967,174,97,22,7,4748,2395,0.07145357968129483,100,52,46592,48227,3093,1598,17,17,21,21,0,0,93236,0,0,148,1,0,0,0,0,0,38,6540,4,0,0,0,0,0
340,2593,341.0453276071714,99967,167,100,22,7,4772,2413,0.07187371832704792,107,53,46574,48211,3110,1609,18,18,22,22,0,0,93190,0,0,150,1,0,0,0,0,0,40,6582,4,0,0,0,0,0
341,2593,342.0124102005642,99967,175,99,22,7,4797,2424,0.07223383716626487,109,50,46553,48202,3120,1621,19,19,23,23,0,0,93162,0,0,153,1,0,0,0,0,0,42,6605,4,0,0,0,0,0
342,2593,343.0114629316717,99966,180,97,22,8,4828,2439,0.07269471620350919,105,50,46536,48190,3135,1633,20,20,24,24,0,0,93117,0,0,153,1,0,0,0,0,0,44,6647,4,0,0,0,0,0
343,2593,344.008966886523,99966,172,94,22,8,4849,2453,0.07304483524398295,115,54,46516,48177,3152,1644,21,21,25,25,0,0,93071,0,0,155,1,0,0,0,0,0,46,6689,4,0,0,0,0,0
344,2593,345.11916493874423,99966,169,93,22,8,4887,2472,0.07361502910989737,112,54,46494,48165,3178,1656,23,22,26,27,0,0,93015,0,0,162,1,0,0,0,0,0,48,6735,5,0,0,0,0,0
345,2593,346.17771539190045,99966,166,93,22,8,4906,2490,0.07398515495268392,115,50,46486,48156,3185,1668,24,23,28,29,0,0,92973,0,0,164,1,0,0,0,0,0,52,6771,5,0,0,0,0,0
346,2593,347.2364506802312,99966,170,86,22,8,4934,2500,0.07436528419662686,116,52,46467,48150,3197,1677,26,25,30,31,0,0,92928,0,0,164,1,0,0,0,0,0,56,6812,5,0,0,0,0,0
347,2593,348.2956091320789,99966,179,85,22,8,4965,2513,0.07480543384750815,114,54,46444,48142,3211,1682,28,27,32,33,0,0,92891,0,0,167,1,0,0,0,0,0,60,6842,5,0,0,0,0,0
348,2593,349.0019427538516,99966,176,84,22,8,4981,2519,0.0750255086729488,113,59,46434,48134,3223,1684,30,29,34,35,0,0,92861,0,0,167,1,0,0,0,0,0,64,6868,5,0,0,0,0,0
349,2593,350.06181230947794,99966,177,90,22,8,5006,2533,0.07541564131804813,122,61,46414,48127,3230,1680,33,32,37,38,0,0,92824,0,0,168,1,0,0,0,0,0,70,6898,5,0,0,0,0,0
350,2593,351.1219673334619,99966,175,93,22,8,5037,2548,0.07587579777124222,118,59,46396,48120,3252,1683,35,35,40,41,0,0,92776,0,0,169,2,0,0,0,0,0,76,6938,5,0,0,0,0,0
351,2593,352.1825410077311,99966,190,97,22,8,5072,2567,0.07641598143368745,113,54,46381,48108,3254,1693,38,38,43,44,0,0,92736,0,0,170,2,0,0,0,0,0,82,6971,5,0,0,0,0,0
352,2593,353.2434013998621,99966,202,100,22,8,5106,2583,0.07691615149150711,120,57,46352,48096,3260,1695,42,42,47,48,0,0,92695,0,0,171,2,0,0,0,0,0,89,7003,6,0,0,0,0,0
353,2593,354.30470028007795,99966,209,98,22,8,5144,2599,0.07745633515395234,114,63,46331,48079,3276,1704,46,46,51,52,0,0,92641,0,0,173,2,0,0,0,0,0,96,7047,7,0,0,0,0,0
354,2593,355.0124687169627,99965,196,95,23,8,5158,2610,0.0777071975191317,122,61,46313,48069,3293,1714,51,51,56,57,0,0,92591,0,0,173,2,0,0,0,0,0,105,7086,8,0,0,0,0,0
355,2593,356.0745458577079,99965,200,93,23,8,5196,2627,0.07825739008653028,105,62,46305,48054,3310,1725,55,56,61,62,0,0,92534,0,0,179,2,0,0,0,0,0,115,7127,8,0,0,0,0,0
356,2593,357.1370132218755,99965,194,90,23,8,5226,2643,0.07871755114290002,108,63,46279,48041,3334,1734,60,62,67,67,0,0,92473,0,0,183,2,0,0,0,0,0,125,7173,9,0,0,0,0,0
357,2593,358.2001511250088,99965,196,86,23,8,5255,2652,0.07909768418946632,109,72,46249,48028,3355,1736,66,68,73,73,0,0,92423,0,0,185,2,0,0,0,0,0,137,7209,9,0,0,0,0,0
358,2593,359.26392398513246,99965,183,90,23,8,5281,2668,0.07951783124093433,99,71,46240,48008,3380,1746,73,75,80,80,0,0,92361,0,0,188,2,0,0,0,0,0,151,7254,9,0,0,0,0,0
359,2593,360.3281533544464,99965,186,101,23,8,5307,2686,0.07995798529485319,104,69,46216,47995,3390,1743,79,82,88,87,0,0,92322,0,0,190,3,0,0,0,0,0,164,7275,11,0,0,0,0,0
360,2593,361.03787584195044,99965,189,109,23,8,5326,2701,0.08029810433651778,100,60,46202,47984,3397,1746,87,91,97,95,0,0,92285,0,0,191,3,0,0,0,0,0,179,7294,13,0,0,0,0,0
361,2593,362.10281474295545,99965,177,106,23,8,5347,2713,0.08062821987695694,115,63,46172,47967,3415,1753,96,101,107,104,0,0,92220,0,0,192,3,0,0,0,0,0,197,7339,14,0,0,0,0,0
362,2593,363.16834216452656,99965,184,112,23,8,5377,2733,0.08112839493822838,114,59,46154,47951,3420,1758,103,110,118,113,0,0,92168,0,0,193,3,0,0,0,0,0,213,7370,18,0,0,0,0,0
363,2593,364.23435176329224,99965,189,113,23,8,5408,2746,0.08156854899214726,117,62,46121,47929,3435,1764,113,122,130,123,0,0,92113,0,0,197,3,0,0,0,0,0,234,7399,19,0,0,0,0,0
364,2593,365.3010056456254,99965,191,116,23,8,5444,2769,0.08215875556444756,114,55,46089,47910,3457,1775,124,134,143,134,0,0,92037,0,0,199,3,0,0,0,0,0,258,7449,19,0,0,0,0,0
365,2593,366.0125205501121,99965,199,120,23,8,5465,2782,0.08249887460611213,114,54,46060,47889,3466,1779,136,148,157,146,0,0,91994,0,0,202,3,0,0,0,0,0,282,7463,21,0,0,0,0,0
366,2593,367.0804029315816,99964,200,113,24,8,5495,2791,0.08288984034252331,115,65,46028,47864,3482,1786,149,162,172,159,0,0,91930,0,0,205,3,0,0,0,0,0,304,7495,27,0,0,0,0,0
367,2593,368.148974987649,99964,202,109,24,8,5517,2812,0.08331999519827138,122,67,45996,47837,3491,1800,163,177,189,173,0,0,91859,0,0,206,3,0,0,0,0,0,331,7534,31,0,0,0,0,0
368,2593,369.2182308969034,99964,202,107,24,8,5548,2825,0.08376015365531592,125,74,45958,47807,3511,1807,178,195,207,188,0,0,91784,0,0,209,3,0,0,0,0,0,363,7573,32,0,0,0,0,0
369,2593,370.2883231110191,99964,207,110,24,8,5579,2850,0.08432035532791805,129,62,45921,47780,3522,1824,195,214,227,205,0,0,91705,0,0,210,3,0,0,0,0,0,395,7614,37,0,0,0,0,0
370,2593,371.00215258608927,99964,212,112,24,8,5605,2862,0.08470049217718378,126,60,45893,47757,3530,1825,213,236,249,223,0,0,91641,0,0,213,3,0,0,0,0,0,431,7635,41,0,0,0,0,0
371,2593,372.0736107216156,99964,215,112,24,8,5640,2876,0.08519066864071066,133,66,45855,47720,3540,1832,231,260,273,242,0,0,91557,0,0,215,3,0,0,0,0,0,471,7674,44,0,0,0,0,0
372,2593,373.14583521516226,99964,235,119,24,8,5685,2901,0.08589092073146333,131,59,45821,47688,3537,1840,250,284,299,263,0,0,91473,0,0,218,3,0,0,0,0,0,515,7708,47,0,0,0,0,0
373,2593,374.21870373247816,99964,223,123,24,8,5712,2919,0.08634108278980433,145,58,45772,47649,3562,1848,272,312,327,285,0,0,91380,0,0,221,3,0,0,0,0,0,558,7748,54,0,0,0,0,0
374,2593,375.29260255455733,99964,229,121,24,8,5762,2934,0.08699131687407467,131,66,45733,47600,3587,1862,294,341,357,309,0,0,91270,0,0,222,3,0,0,0,0,0,608,7803,58,0,0,0,0,0
375,2593,376.00909013460813,99964,221,130,24,8,5779,2952,0.087341442919451,143,62,45694,47563,3599,1863,317,372,390,334,0,0,91190,0,0,224,3,0,0,0,0,0,656,7823,68,0,0,0,0,0
376,2593,377.0847820066041,99964,221,124,24,8,5811,2974,0.0878816373894602,149,59,45648,47520,3613,1883,343,404,425,361,0,0,91077,0,0,229,3,0,0,0,0,0,714,7869,72,0,0,0,0,0
377,2593,378.16162069320245,99963,223,113,25,8,5850,2990,0.08843272010643938,150,60,45595,47474,3634,1902,371,441,463,390,0,0,90956,0,0,231,3,0,0,0,0,0,773,7920,80,0,0,0,0,0
378,2593,379.23964578173593,99963,230,108,25,8,5897,3010,0.08910296809819633,130,70,45557,47411,3658,1920,398,481,504,421,0,0,90828,0,0,232,4,0,0,0,0,0,838,7975,86,0,0,0,0,0
379,2593,380.3186369156286,99963,238,111,25,8,5933,3032,0.08968318277762773,121,69,45521,47358,3665,1929,428,523,548,454,0,0,90715,0,0,237,4,0,0,0,0,0,909,8006,92,0,0,0,0,0
380,2593,381.0384533025951,99962,235,110,26,8,5951,3042,0.08996418639082851,136,71,45466,47311,3673,1930,462,568,595,489,0,0,90611,0,0,240,4,0,0,0,0,0,984,8024,99,0,0,0,0,0
381,2593,382.11948385652806,99962,224,123,26,8,5990,3070,0.09063444108761329,139,73,45403,47239,3709,1937,497,618,646,526,0,0,90468,0,0,242,4,0,0,0,0,0,1064,8077,107,0,0,0,0,0
382,2593,383.20195689812056,99962,232,126,26,8,6028,3097,0.09128468818150898,133,58,45349,47187,3723,1948,535,671,700,566,0,0,90335,0,0,243,5,0,0,0,0,0,1145,8115,119,0,0,0,0,0
383,2593,384.28575520768607,99962,235,122,26,8,6064,3111,0.09178487825373642,130,59,45290,47126,3742,1955,575,728,758,608,0,0,90194,0,0,246,5,0,0,0,0,0,1238,8153,126,0,0,0,0,0
384,2593,385.0090756070425,99962,245,123,26,8,6099,3124,0.09226506072307476,122,58,45230,47060,3756,1959,619,790,820,653,0,0,90060,0,0,247,5,0,0,0,0,0,1336,8179,135,0,0,0,0,0
385,2593,386.0957065578289,99962,228,126,26,8,6125,3139,0.09267521658230128,133,59,45172,46998,3777,1959,662,848,886,700,0,0,89906,0,0,252,5,0,0,0,0,0,1440,8215,144,0,0,0,0,0
386,2593,387.18374632489304,99962,228,128,26,8,6156,3151,0.09310538004441687,139,68,45109,46918,3787,1961,709,915,957,750,0,0,89755,0,0,254,5,0,0,0,0,0,1552,8243,153,0,0,0,0,0
387,2593,388.27322610404605,99962,230,132,26,8,6194,3172,0.09369560432964527,136,63,45039,46843,3807,1965,760,987,1032,803,0,0,89582,0,0,256,5,0,0,0,0,0,1674,8286,159,0,0,0,0,0
388,2593,389.0004297873677,99962,228,136,26,8,6212,3184,0.09399571837298173,140,65,44980,46755,3809,1968,815,1066,1112,859,0,0,89428,0,0,257,5,0,0,0,0,0,1801,8303,168,0,0,0,0,0
389,2593,390.0930300266987,99962,234,131,26,8,6257,3197,0.09457593885676557,123,74,44919,46663,3830,1975,866,1147,1197,918,0,0,89239,0,0,259,5,0,0,0,0,0,1935,8346,178,0,0,0,0,0
390,2593,391.1871012167107,99962,223,126,26,8,6287,3218,0.09508613273043756,127,79,44847,46562,3852,1989,923,1234,1287,980,0,0,89037,0,0,263,5,0,0,0,0,0,2074,8392,191,0,0,0,0,0
391,2593,392.28298745061073,99962,227,114,26,8,6326,3224,0.09553630379544227,112,97,44774,46468,3874,1990,985,1321,1382,1045,0,0,88842,0,0,269,5,0,0,0,0,0,2222,8421,203,0,0,0,0,0
392,2593,393.0146211583439,99962,215,119,26,8,6345,3236,0.09584642164022328,119,95,44698,46367,3890,1989,1050,1420,1483,1114,0,0,88647,0,0,272,6,0,0,0,0,0,2383,8443,211,0,0,0,0,0
393,2593,394.11429805624454,99962,209,139,26,8,6379,3266,0.09648666493267441,104,86,44636,46259,3906,1982,1117,1524,1590,1186,0,0,88444,0,0,274,8,0,0,0,0,0,2540,8465,231,0,0,0,0,0
394,2593,395.21565453062635,99962,222,147,26,8,6421,3290,0.09714691582801464,103,80,44545,46145,3913,1989,1189,1629,1703,1262,0,0,88225,0,0,276,8,0,0,0,0,0,2716,8493,244,0,0,0,0,0
395,2593,396.3191327373599,99962,214,149,26,8,6450,3319,0.09772713631179848,116,85,44450,46013,3928,2001,1264,1742,1822,1341,0,0,87984,0,0,277,8,0,0,0,0,0,2894,8535,264,0,0,0,0,0
396,2593,397.0560184647039,99962,210,140,26,8,6467,3331,0.0980172465536904,121,86,44374,45887,3929,2013,1338,1864,1948,1424,0,0,87751,0,0,280,8,0,0,0,0,0,3088,8556,279,0,0,0,0,0
397,2593,398.163692017928,99962,215,143,26,8,6503,3356,0.09862747844180789,115,79,44283,45751,3941,2025,1418,1992,2080,1511,0,0,87499,0,0,281,9,0,0,0,0,0,3290,8587,296,0,0,0,0,0
398,2593,399.27361600154586,99962,213,140,26,8,6540,3376,0.09919769512414718,124,78,44174,45615,3956,2033,1505,2124,2219,1602,0,0,87235,0,0,285,9,0,0,0,0,0,3496,8617,320,0,0,0,0,0
399,2593,400.0150270692979,99962,215,137,26,8,6565,3387,0.09955783197615094,127,84,44069,45462,3968,2040,1593,2267,2365,1697,0,0,86971,0,0,285,9,0,0,0,0,0,3723,8640,334,0,0,0,0,0
400,2593,401.1300190608948,99962,218,153,26,8,6595,3420,0.10018807146715752,134,77,43960,45302,3973,2041,1687,2417,2519,1796,0,0,86689,0,0,287,9,0,0,0,0,0,3963,8667,347,0,0,0,0,0
401,2593,402.2476454942091,99962,226,142,26,8,6642,3439,0.10084832236249774,119,81,43856,45151,3989,2055,1782,2561,2680,1900,0,0,86385,0,0,292,9,0,0,0,0,0,4203,8701,372,0,0,0,0,0
402,2593,403.36805682381294,99962,215,145,26,8,6672,3462,0.10137852383905885,121,72,43752,44998,4004,2056,1880,2719,2849,2008,0,0,86077,0,0,290,13,0,0,0,0,0,4453,8733,396,0,0,0,0,0
403,2593,404.1165537100291,99962,219,141,26,8,6694,3472,0.10169864548528441,117,73,43644,44830,4005,2055,1987,2891,3026,2120,0,0,85792,0,0,293,13,0,0,0,0,0,4709,8726,429,0,0,0,0,0
404,2593,405.2424989821044,99962,226,140,26,8,6734,3489,0.1022688621676237,114,69,43528,44660,4010,2058,2094,3063,3211,2237,0,0,85478,0,0,295,14,0,0,0,0,0,4975,8736,464,0,0,0,0,0
405,2593,406.37147111653525,99962,215,141,26,8,6757,3512,0.10272903703407295,128,66,43398,44482,4021,2059,2210,3242,3404,2359,0,0,85151,0,0,302,15,0,0,0,0,0,5254,8741,499,0,0,0,0,0
406,2593,407.1258923012089,99962,227,140,26,8,6791,3522,0.1031692042976331,122,68,43273,44292,4021,2063,2329,3427,3606,2485,0,0,84816,0,0,305,16,0,0,0,0,0,5560,8745,520,0,0,0,0,0
407,2593,408.2613237064892,99962,216,143,26,8,6822,3541,0.10366939436986054,125,79,43143,44073,4036,2070,2452,3625,3817,2616,0,0,84444,0,0,304,20,0,0,0,0,0,5877,8776,541,0,0,0,0,0
408,2593,409.0202046968821,99962,214,147,26,8,6847,3563,0.10413957303775434,116,72,43015,43861,4048,2071,2579,3839,4036,2752,0,0,84074,0,0,305,22,0,0,0,0,0,6205,8790,566,0,0,0,0,0
409,2593,410.1624913177888,99962,206,145,26,8,6882,3583,0.10468978211720453,116,66,42888,43653,4058,2073,2704,4053,4264,2893,0,0,83684,0,0,310,24,0,0,0,0,0,6537,8806,601,0,0,0,0,0
410,2593,411.30833663539033,99962,199,146,26,8,6924,3602,0.10530001400532202,115,65,42751,43425,4069,2079,2838,4275,4501,3039,0,0,83274,0,0,313,26,0,0,0,0,0,6885,8830,634,0,0,0,0,0
411,2593,412.07430107624094,99962,202,148,26,8,6946,3615,0.10565014705588123,117,65,42604,43196,4069,2069,2980,4512,4747,3190,0,0,82903,0,0,314,29,0,0,0,0,0,7230,8803,683,0,0,0,0,0
412,2593,413.2277304828499,99962,201,139,26,8,6979,3637,0.10620035613533142,121,67,42443,42957,4088,2081,3119,4746,5003,3346,0,0,82458,0,0,316,29,0,0,0,0,0,7612,8834,713,0,0,0,0,0
413,2593,414.38538104773954,99962,214,139,26,8,7019,3648,0.10671055000900342,115,75,42287,42714,4089,2076,3267,4986,5268,3507,0,0,82027,0,0,319,31,0,0,0,0,0,8010,8836,739,0,0,0,0,0
414,2593,415.1594393207889,99962,203,127,26,8,7043,3658,0.10705067925811808,120,73,42126,42466,4104,2078,3419,5246,5542,3674,0,0,81566,0,0,321,31,0,0,0,0,0,8416,8854,774,0,0,0,0,0
415,2593,416.32578033656625,99962,211,125,26,8,7079,3678,0.10761089213901283,122,69,41966,42211,4096,2080,3577,5505,5826,3846,0,0,81105,0,0,324,33,0,0,0,0,0,8832,8856,812,0,0,0,0,0
416,2593,417.10578310184513,99962,224,117,26,8,7113,3688,0.10805105940257298,105,69,41829,41943,4076,2080,3738,5781,6119,4023,0,0,80650,0,0,326,34,0,0,0,0,0,9251,8839,862,0,0,0,0,0
417,2593,418.2805496461795,99962,221,117,26,8,7142,3709,0.10855124947480042,115,63,41654,41682,4077,2078,3905,6050,6422,4205,0,0,80160,0,0,328,36,1,0,0,0,0,9693,8843,901,0,0,0,0,0
418,2593,419.06630585046634,99961,218,122,26,9,7162,3726,0.10892247976710917,122,58,41476,41390,4075,2072,4081,6347,6734,4392,0,0,79671,0,0,325,39,1,0,0,0,0,10148,8834,943,0,0,0,0,0
419,2593,420.25080923730854,99961,208,120,26,9,7195,3744,0.10943267874471044,156,95,41271,41052,4083,2074,4254,6648,7056,4585,0,0,79138,14,2,326,40,1,0,0,0,0,10620,8837,983,0,0,0,0,0
420,2593,421.2239771759393,99960,219,128,27,9,7235,3763,0.11002400960384154,169,114,41079,40730,4077,2053,4427,6964,7387,4783,0,0,78625,48,5,325,43,1,0,0,0,0,11095,8787,1031,0,0,0,0,0
421,2593,422.20129258753303,99960,232,139,27,9,7277,3793,0.11074429771908763,181,116,40874,40420,4072,2042,4612,7272,7727,4986,0,0,78101,89,8,328,44,1,0,0,0,0,11575,8724,1090,0,0,0,0,0
422,2593,423.1831418480957,99960,250,146,27,9,7319,3822,0.11145458183273309,201,116,40658,40093,4061,2039,4801,7595,8077,5194,0,0,77566,131,10,329,45,1,0,0,0,0,12066,8658,1154,0,0,0,0,0
423,2593,424.1698030225295,99960,275,145,27,9,7379,3843,0.11226490596238495,210,127,40423,39763,4064,2036,4999,7918,8436,5408,0,0,76995,179,15,328,49,1,0,0,0,0,12584,8608,1201,0,0,0,0,0
424,2593,425.1617535066739,99959,265,157,28,9,7425,3873,0.11302634079972788,240,126,40193,39428,4078,2024,5194,8254,8804,5627,0,0,76405,237,23,332,52,1,0,0,0,0,13107,8548,1254,0,0,0,0,0
425,2593,426.1590203435341,99959,303,162,28,9,7496,3909,0.11409677967966866,238,126,39955,39064,4081,2028,5393,8609,9180,5851,0,0,75803,289,30,336,53,1,0,0,0,0,13650,8494,1303,0,0,0,0,0
426,2593,427.1617878848934,99958,318,159,28,10,7556,3935,0.11495828247864102,267,149,39711,38702,4082,2035,5592,8943,9565,6080,0,0,75183,348,38,340,55,1,0,0,0,0,14202,8436,1355,0,0,0,0,0
427,2593,428.1701595102884,99958,340,186,28,10,7620,3979,0.11603873626923308,305,148,39435,38327,4085,2026,5805,9301,9958,6314,0,0,74564,396,45,341,58,1,0,0,0,0,14766,8379,1408,0,0,0,0,0
428,2593,429.1846621072652,99958,369,201,28,10,7703,4025,0.11732927829688469,296,154,39182,37944,4106,2030,6017,9659,10360,6552,0,0,73910,466,55,344,60,1,0,0,0,0,15340,8320,1462,0,0,0,0,0
429,2593,430.20539913864263,99958,383,207,28,10,7778,4058,0.11840973208747674,321,165,38909,37550,4125,2033,6232,10033,10770,6795,0,0,73245,534,68,349,62,1,0,0,0,0,15924,8259,1516,0,0,0,0,0
430,2593,431.2325728528045,99958,409,229,28,10,7859,4117,0.1198103203345405,338,167,38649,37152,4137,2043,6437,10397,11187,7043,0,0,72569,604,83,353,65,1,0,0,0,0,16515,8196,1572,0,0,0,0,0
431,2593,432.2661487933654,99958,455,249,28,10,7964,4165,0.1213409632045459,333,178,38366,36741,4158,2035,6658,10785,11612,7295,0,0,71884,665,103,356,67,1,0,0,0,0,17118,8140,1624,0,0,0,0,0
432,2593,433.3066486199802,99958,479,262,28,10,8054,4217,0.12276155985513916,380,195,38058,36310,4174,2046,6879,11175,12044,7552,0,0,71185,741,131,355,69,1,0,0,0,0,17713,8075,1688,0,0,0,0,0
433,2593,434.0044393422853,99958,506,266,28,10,8125,4251,0.12381200104043698,387,210,37776,35884,4184,2050,7117,11578,12482,7813,0,0,70495,796,143,357,73,1,0,0,0,0,18335,8009,1749,0,0,0,0,0
434,2593,435.059622356462,99958,548,286,28,10,8240,4306,0.12551271534044298,406,216,37473,35456,4205,2057,7338,11973,12927,8078,0,0,69770,875,164,357,79,2,0,0,0,0,18960,7945,1806,0,0,0,0,0
435,2593,436.1224653902349,99958,583,298,28,10,8353,4372,0.12730346745633167,442,216,37163,35022,4227,2090,7555,12362,13378,8347,0,0,69020,968,190,362,85,2,0,0,0,0,19590,7876,1865,0,0,0,0,0
436,2593,437.1933175482079,99957,616,301,29,10,8484,4426,0.12915553688085876,476,238,36822,34579,4264,2102,7791,12768,13835,8620,0,0,68245,1082,210,367,93,2,0,0,0,0,20229,7801,1928,0,0,0,0,0
437,2593,438.2727968660025,99957,653,312,29,10,8616,4484,0.1310563542323199,499,258,36512,34149,4299,2111,8006,13158,14297,8897,0,0,67483,1180,243,369,101,2,0,0,0,0,20859,7724,1996,0,0,0,0,0
438,2593,439.3608730506368,99956,692,324,30,10,8746,4555,0.1330685501620713,545,271,36150,33712,4344,2126,8237,13555,14764,9177,0,0,66695,1273,286,380,103,2,0,0,0,0,21511,7660,2046,0,0,0,0,0
439,2593,440.09148677991317,99956,695,329,30,10,8841,4596,0.1344291488254832,576,283,35827,33272,4385,2122,8485,13982,15235,9461,0,0,65935,1359,315,388,108,2,0,0,0,0,22156,7571,2122,0,0,0,0,0
440,2593,441.1983251389258,99956,747,364,30,10,8997,4684,0.13687022289807516,592,294,35493,32847,4424,2125,8712,14358,15710,9748,0,0,65153,1456,360,397,112,2,0,0,0,0,22795,7484,2197,0,0,0,0,0
441,2593,442.31458370192297,99956,812,396,30,10,9160,4775,0.1394113409900356,595,302,35141,32387,4475,2136,8945,14767,16189,10038,0,0,64355,1555,399,406,120,2,0,0,0,0,23453,7405,2261,0,0,0,0,0
442,2593,443.0642016973759,99955,835,418,31,10,9273,4831,0.14110349657345805,630,327,34799,31941,4514,2121,9189,15181,16671,10331,0,0,63578,1638,428,411,125,2,0,0,0,0,24116,7318,2339,0,0,0,0,0
443,2593,444.2003202338455,99954,889,459,31,11,9461,4941,0.14408627968865678,654,337,34437,31473,4578,2149,9409,15569,17156,10626,0,0,62737,1774,479,419,131,2,0,0,0,0,24768,7234,2410,0,0,0,0,0
444,2593,445.3473578255028,99954,919,488,31,11,9643,5038,0.14687756367929247,702,353,34047,31020,4655,2169,9644,15957,17643,10924,0,0,61909,1891,559,433,139,2,0,0,0,0,25398,7146,2477,0,0,0,0,0
445,2593,446.1185282538938,99954,955,525,31,11,9784,5113,0.14903855773655883,699,356,33705,30546,4709,2169,9899,16391,18132,11224,0,0,61093,1977,601,440,144,2,0,0,0,0,26083,7080,2534,0,0,0,0,0
446,2593,447.28813499544935,99953,1045,530,32,11,10010,5222,0.15239162406330975,700,366,33319,30071,4779,2230,10123,16790,18623,11526,0,0,60225,2129,666,450,153,3,0,0,0,0,26733,6991,2603,0,0,0,0,0
447,2593,448.0747124355142,99951,1044,530,34,11,10152,5287,0.15446568818721174,764,391,32932,29610,4859,2245,10365,17211,19115,11830,0,0,59389,2242,727,464,166,3,0,0,0,0,27388,6902,2670,0,0,0,0,0
448,2593,449.2690677784945,99949,1133,570,35,12,10385,5405,0.1579805700907463,824,389,32497,29153,4925,2279,10584,17595,19608,12136,0,0,58540,2367,800,479,172,3,0,0,0,0,28037,6809,2742,0,0,0,0,0
449,2593,450.0730849423872,99949,1195,586,35,12,10558,5487,0.1605318712543397,847,403,32126,28680,4981,2296,10814,18021,20101,12443,0,0,57716,2461,868,487,176,4,0,0,0,0,28698,6731,2808,0,0,0,0,0
450,2593,451.2939533378598,99947,1261,596,36,13,10829,5596,0.16433709866229101,883,453,31701,28213,5104,2342,11013,18381,20593,12752,0,0,56822,2634,959,511,186,4,0,0,0,0,29323,6624,2884,0,0,0,0,0
451,2593,452.1159249631384,99947,1292,617,36,13,11005,5681,0.1669484826958288,905,487,31341,27731,5174,2369,11250,18781,21085,13062,0,0,55988,2743,1035,517,200,4,0,0,0,0,29968,6541,2951,0,0,0,0,0
452,2593,453.3647132166975,99947,1319,665,36,13,11274,5835,0.17118072578466587,980,490,30896,27250,5329,2424,11438,19156,21576,13372,0,0,55057,2951,1134,541,213,4,0,0,0,0,30589,6438,3020,0,0,0,0,0
453,2593,454.20607979054824,99947,1397,697,36,13,11494,5935,0.17438242268402254,1002,505,30493,26833,5400,2439,11670,19511,22065,13683,0,0,54235,3057,1205,561,222,4,0,0,0,0,31231,6333,3099,0,0,0,0,0
454,2593,455.05733060186674,99946,1474,718,36,14,11713,6043,0.1776559342044704,1029,527,30100,26364,5454,2481,11905,19894,22552,13995,0,0,53390,3177,1292,572,230,4,0,0,0,0,31867,6246,3168,0,0,0,0,0
455,2593,456.35166947408965,99942,1541,736,39,15,12055,6199,0.18264593464209242,1057,547,29637,25911,5636,2570,12088,20219,23037,14307,0,0,52394,3426,1404,599,241,6,0,0,0,0,32491,6166,3215,0,0,0,0,0
456,2593,457.2248056800721,99941,1571,762,40,15,12290,6323,0.18623988153010276,1067,560,29262,25456,5744,2622,12314,20583,23520,14619,0,0,51500,3597,1509,605,256,6,0,0,0,0,33105,6085,3278,0,0,0,0,0
457,2593,458.1085734906242,99940,1613,806,41,15,12531,6453,0.18995397238343006,1077,548,28897,25008,5853,2648,12517,20973,24000,14931,0,0,50642,3749,1611,618,269,6,0,0,0,0,33704,5985,3356,0,0,0,0,0
458,2593,459.0030502919895,99940,1695,852,41,15,12802,6595,0.19408645187112267,1077,547,28494,24536,5977,2704,12714,21344,24476,15242,0,0,49788,3878,1719,642,282,6,0,0,0,0,34310,5899,3416,0,0,0,0,0
459,2593,460.36495165447025,99937,1714,903,43,16,13144,6798,0.1995457137996938,1122,597,28058,24069,6192,2795,12869,21618,24949,15553,0,0,48803,4140,1867,661,311,6,0,0,0,0,34870,5814,3465,0,0,0,0,0
460,2593,461.2835744974508,99935,1781,932,44,17,13409,6926,0.2034822634712563,1157,618,27636,23636,6299,2831,13081,21964,25418,15863,0,0,47985,4266,1996,670,333,7,0,0,0,0,35425,5716,3537,0,0,0,0,0
461,2593,462.21487540740765,99934,1807,982,45,17,13692,7091,0.20796725839053776,1155,597,27248,23225,6450,2888,13293,22289,25883,16172,0,0,47120,4435,2143,685,360,8,0,0,0,0,35964,5620,3599,0,0,0,0,0
462,2593,463.15874677281766,99933,1830,1002,46,17,13965,7229,0.21208209500365244,1210,622,26830,22795,6598,2942,13484,22620,26343,16480,0,0,46229,4623,2280,696,383,8,0,0,0,0,36522,5542,3650,0,0,0,0,0
463,2593,464.11596899136265,99933,1845,994,46,17,14252,7366,0.21632493770826453,1217,630,26466,22416,6757,3024,13667,22917,26799,16787,0,0,45361,4807,2459,715,407,8,0,0,0,0,37018,5442,3716,0,0,0,0,0
464,2593,465.0864061282463,99933,1876,1005,46,17,14529,7518,0.22061781393533667,1227,651,26086,21999,6898,3110,13865,23216,27250,17093,0,0,44487,4978,2630,744,412,8,0,0,0,0,37541,5357,3776,0,0,0,0,0
465,2593,466.0704464381252,99928,1891,1039,50,18,14828,7684,0.22528220318629413,1243,667,25709,21589,7078,3173,14027,23512,27695,17397,0,0,43627,5156,2808,763,435,9,0,0,0,0,38029,5266,3835,0,0,0,0,0
466,2593,467.0678752826604,99928,1945,1038,50,18,15133,7836,0.2298554959570891,1249,664,25353,21212,7204,3269,14197,23797,28135,17699,0,0,42807,5301,3001,789,458,10,0,0,0,0,38498,5171,3893,0,0,0,0,0
467,2593,468.07927489929216,99928,1990,1069,50,18,15483,8003,0.2350292210391482,1208,649,24989,20846,7404,3328,14357,24088,28569,17999,0,0,41958,5469,3194,829,478,10,0,0,0,0,38967,5077,3946,0,0,0,0,0
468,2593,469.10459970446203,99923,1976,1077,52,21,15788,8170,0.23976461875644245,1217,684,24618,20472,7605,3416,14530,24328,28998,18297,0,0,41102,5656,3413,846,512,10,0,0,0,0,39398,4995,3991,0,0,0,0,0
469,2593,470.1451223358291,99923,2062,1088,52,21,16134,8341,0.24493860272409756,1222,686,24237,20124,7742,3497,14683,24582,29421,18593,0,0,40258,5847,3583,859,540,10,0,0,0,0,39866,4913,4047,0,0,0,0,0
470,2593,471.20108700463265,99922,2095,1109,53,21,16468,8529,0.2501651288004644,1210,680,23895,19786,7907,3593,14838,24809,29838,18887,0,0,39461,5988,3842,891,561,10,0,0,0,0,40249,4824,4096,0,0,0,0,0
471,2593,472.2723272555609,99919,2114,1134,54,23,16809,8739,0.2556871065563106,1218,672,23546,19435,8081,3706,14985,25028,30248,19179,0,0,38651,6169,4081,917,598,11,0,0,0,0,40618,4722,4152,0,0,0,0,0
472,2593,473.3585732240434,99919,2095,1129,54,23,17134,8920,0.2607512084788679,1197,667,23214,19147,8299,3797,15139,25235,30652,19468,0,0,37829,6354,4337,955,627,11,0,0,0,0,40978,4627,4201,0,0,0,0,0
473,2593,474.46062228574164,99915,2105,1152,58,23,17469,9112,0.26603613071110443,1248,663,22868,18827,8474,3893,15245,25440,31050,19754,0,0,37041,6510,4576,982,667,12,0,0,0,0,41345,4541,4241,0,0,0,0,0
474,2593,475.01655122082923,99915,2111,1148,58,23,17649,9200,0.2687184106490517,1207,657,22627,18506,8539,3925,15456,25739,31441,20038,0,0,36392,6532,4755,1002,690,14,0,0,0,0,41776,4472,4282,0,0,0,0,0
475,2593,476.14728723242445,99914,2109,1153,58,24,17989,9405,0.27417579118041513,1237,641,22315,18216,8716,4038,15563,25926,31826,20319,0,0,35637,6673,5047,1039,728,15,0,0,0,0,42066,4382,4327,0,0,0,0,0
476,2593,477.293649065355,99914,2114,1112,58,24,18326,9572,0.27922012931120765,1282,643,21990,17943,8899,4154,15655,26122,32204,20597,0,0,34872,6821,5338,1079,757,18,0,0,0,0,42367,4302,4360,0,0,0,0,0
477,2593,478.45589680353214,99912,2130,1140,60,24,18704,9773,0.2850208183201217,1278,633,21634,17667,9131,4250,15765,26284,32575,20872,0,0,34103,6987,5607,1101,795,21,0,0,0,0,42670,4232,4396,0,0,0,0,0
478,2593,479.0421979731088,99911,2097,1121,61,24,18859,9844,0.2872856842589905,1285,666,21407,17361,9201,4265,15947,26561,32940,21144,0,0,33514,7004,5794,1108,838,22,0,0,0,0,43035,4157,4439,0,0,0,0,0
479,2593,480.2368838165685,99911,2131,1129,61,24,19232,10029,0.29287065488284575,1302,675,21108,17100,9366,4362,16030,26708,33298,21413,0,0,32790,7160,6061,1127,883,23,0,0,0,0,43311,4077,4479,0,0,0,0,0
480,2593,481.44740364075676,99908,2117,1140,64,24,19594,10238,0.29859470713056013,1276,689,20828,16834,9585,4482,16128,26829,33649,21678,0,0,32047,7317,6362,1163,923,25,0,0,0,0,43562,4007,4502,0,0,0,0,0
481,2593,482.05754683397265,99908,2101,1165,64,24,19775,10361,0.30163750650598553,1246,653,20610,16597,9670,4498,16307,27061,33993,21940,0,0,31464,7340,6573,1168,957,26,0,0,0,0,43894,3953,4533,0,0,0,0,0
482,2593,483.2984957837289,99906,2099,1162,66,24,20155,10568,0.3075190679238484,1245,644,20320,16363,9887,4620,16381,27185,34331,22199,0,0,30723,7527,6863,1205,999,26,0,0,0,0,44124,3869,4570,0,0,0,0,0
483,2593,484.5566848332336,99904,2182,1172,67,25,20573,10793,0.31396140294682895,1208,636,20048,16128,10043,4751,16450,27286,34662,22454,0,0,30040,7655,7174,1228,1045,28,0,0,0,0,44334,3809,4591,0,0,0,0,0
484,2593,485.19108546607424,99904,2163,1175,67,25,20764,10904,0.31698430493273544,1212,636,19813,15880,10137,4795,16606,27487,34986,22706,0,0,29478,7696,7390,1242,1070,30,0,0,0,0,44620,3741,4637,0,0,0,0,0
485,2593,486.48093951838206,99903,2149,1148,67,26,21132,11115,0.32278309960661844,1244,608,19554,15714,10348,4928,16636,27574,35303,22954,0,0,28797,7861,7705,1288,1110,36,0,0,0,0,44782,3642,4682,0,0,0,0,0
486,2593,487.13097389270325,99903,2145,1149,67,26,21329,11224,0.3258460706885679,1224,594,19359,15479,10426,4954,16777,27796,35614,23199,0,0,28270,7885,7906,1292,1154,40,0,0,0,0,45058,3583,4715,0,0,0,0,0
487,2593,488.45276706586304,99901,2157,1116,69,26,21740,11427,0.33199867869190497,1199,603,19119,15321,10643,5089,16811,27843,35918,23440,0,0,27616,8019,8260,1334,1203,42,0,0,0,0,45178,3508,4741,0,0,0,0,0
488,2593,489.11860531964805,99899,2145,1118,70,27,21931,11540,0.3350483988828717,1209,605,18907,15108,10712,5124,16955,28016,36216,23678,0,0,27105,8031,8460,1351,1246,44,0,0,0,0,45442,3450,4770,0,0,0,0,0
489,2593,490.47184239976536,99898,2130,1143,71,27,22350,11764,0.34148831808444613,1183,567,18655,14973,10996,5225,16963,28063,36507,23912,0,0,26464,8177,8773,1396,1312,46,0,0,0,0,45568,3371,4791,0,0,0,0,0
490,2593,491.1540690710443,99897,2153,1126,72,27,22576,11857,0.3446850255763436,1155,585,18453,14759,11068,5278,17097,28223,36792,24143,0,0,25966,8187,8969,1417,1349,50,0,0,0,0,45821,3319,4819,0,0,0,0,0
491,2593,492.5415053057577,99893,2132,1135,75,28,22957,12079,0.3507352867568298,1163,536,18239,14622,11278,5391,17111,28286,37071,24370,0,0,25369,8309,9294,1452,1418,51,0,0,0,0,45917,3242,4841,0,0,0,0,0
492,2593,493.23994798654036,99890,2152,1133,77,29,23180,12192,0.35410952047251976,1114,526,18085,14432,11345,5454,17225,28424,37343,24593,0,0,24883,8323,9513,1465,1456,52,0,0,0,0,46138,3203,4857,0,0,0,0,0
493,2593,494.6580345099426,99886,2077,1078,81,29,23563,12380,0.35984021784834713,1062,569,17920,14325,11626,5600,17232,28397,37609,24813,0,0,24267,8471,9892,1501,1523,56,0,0,0,0,46171,3138,4867,0,0,0,0,0
494,2593,495.37118967640794,99885,2071,1050,82,29,23774,12471,0.3628672973920008,1038,561,17760,14181,11703,5638,17344,28539,37869,25029,0,0,23852,8459,10163,1512,1558,59,0,0,0,0,46304,3076,4902,0,0,0,0,0
495,2593,496.0910127716369,99884,2051,1052,83,29,23969,12580,0.3659144607744984,1037,549,17616,14037,11778,5675,17433,28656,38123,25242,0,0,23399,8485,10380,1519,1597,59,0,0,0,0,46484,3025,4936,0,0,0,0,0
496,2593,497.5505677099123,99884,2017,1042,83,29,24357,12791,0.37191141724400306,1018,530,17455,13942,12013,5800,17412,28655,38371,25451,0,0,22856,8601,10720,1552,1669,66,0,0,0,0,46510,2955,4955,0,0,0,0,0
497,2593,498.2843760280907,99884,1975,1004,83,29,24534,12867,0.3744443554523247,1008,561,17296,13821,12105,5824,17531,28759,38613,25657,0,0,22432,8610,10949,1564,1718,66,0,0,0,0,46665,2907,4973,0,0,0,0,0
498,2593,499.0245629899938,99884,1942,979,83,29,24706,12963,0.3771274678627208,997,548,17176,13697,12177,5876,17623,28869,38850,25859,0,0,22036,8588,11196,1576,1762,69,0,0,0,0,46801,2870,4986,0,0,0,0,0
499,2593,500.49622900331724,99882,1941,949,84,30,25092,13132,0.3826915760597505,949,550,17041,13599,12371,5998,17612,28872,39081,26057,0,0,21544,8669,11536,1611,1822,74,0,0,0,0,46814,2813,4999,0,0,0,0,0
500,2593,501.23465474323666,99881,1961,960,85,30,25284,13240,0.3856989817883281,912,522,16910,13477,12435,6024,17695,28985,39306,26252,0,0,21160,8659,11726,1623,1862,78,0,0,0,0,46989,2774,5010,0,0,0,0,0
501,2593,502.7016591967975,99879,1861,950,86,31,25612,13436,0.3909530531943652,884,519,16792,13401,12686,6138,17689,28959,39526,26443,0,0,20683,8739,12080,1657,1933,86,0,0,0,0,46958,2719,5024,0,0,0,0,0
502,2593,503.43841798558407,99879,1832,956,86,31,25761,13534,0.39342604551507326,881,494,16673,13318,12745,6158,17781,29041,39741,26631,0,0,20331,8709,12300,1666,1969,89,0,0,0,0,47094,2688,5033,0,0,0,0,0
503,2593,504.1716588087454,99879,1825,946,86,31,25935,13618,0.3960091710970274,880,488,16557,13222,12785,6185,17865,29126,39951,26816,0,0,19990,8680,12513,1670,2009,93,0,0,0,0,47214,2657,5053,0,0,0,0,0
504,2593,505.6279469520902,99878,1752,929,87,31,26232,13816,0.4009691824025311,893,452,16466,13193,12947,6321,17853,29072,40155,26997,0,0,19533,8762,12846,1693,2075,100,0,0,0,0,47193,2619,5057,0,0,0,0,0
505,2593,506.35881194570396,99878,1747,906,87,31,26403,13895,0.40347223612807626,857,451,16356,13110,13001,6351,17950,29149,40354,27175,0,0,19206,8736,13043,1712,2118,104,0,0,0,0,47312,2576,5071,0,0,0,0,0
506,2593,507.08652382602406,99877,1704,917,88,31,26564,13974,0.4058792314546893,838,442,16270,13027,13065,6351,18033,29230,40548,27349,0,0,18902,8706,13232,1723,2169,108,0,0,0,0,47416,2528,5093,0,0,0,0,0
507,2593,508.53210201753296,99875,1664,870,89,32,26877,14127,0.4105531914893617,791,430,16179,12996,13248,6472,18027,29198,40738,27520,0,0,18468,8788,13533,1753,2239,110,0,0,0,0,47410,2478,5096,0,0,0,0,0
508,2593,509.2575183431553,99875,1629,886,89,32,27020,14216,0.4128760951188986,789,423,16113,12913,13288,6483,18090,29261,40923,27688,0,0,18173,8758,13733,1759,2280,113,0,0,0,0,47509,2442,5108,0,0,0,0,0
509,2593,510.70036785075877,99874,1551,858,90,32,27296,14379,0.41727576746700845,755,378,16059,12910,13467,6579,18076,29241,41103,27853,0,0,17802,8801,14024,1786,2364,120,0,0,0,0,47467,2390,5120,0,0,0,0,0
510,2593,511.4244968587354,99873,1518,842,91,32,27448,14456,0.4195728575290619,699,368,15981,12828,13546,6611,18163,29317,41279,28015,0,0,17512,8783,14209,1792,2415,124,0,0,0,0,47546,2351,5141,0,0,0,0,0
511,2593,512.1465556232462,99871,1486,822,93,32,27565,14522,0.421413623574411,700,364,15939,12773,13561,6635,18219,29372,41450,28173,0,0,17244,8738,14396,1803,2453,128,0,0,0,0,47638,2321,5150,0,0,0,0,0
512,2593,513.5835041538675,99870,1404,787,94,32,27794,14646,0.4249524381696205,711,362,15873,12762,13711,6703,18205,29352,41617,28328,0,0,16914,8749,14682,1826,2523,134,0,0,0,0,47607,2290,5145,0,0,0,0,0
513,2593,514.3049806887457,99869,1374,780,95,32,27924,14708,0.42687921176741533,683,347,15827,12708,13751,6715,18268,29416,41780,28480,0,0,16652,8705,14855,1837,2567,136,0,0,0,0,47702,2267,5148,0,0,0,0,0
514,2593,515.02383218496,99869,1348,757,95,32,28049,14773,0.4287817040322823,671,335,15772,12661,13774,6743,18338,29470,41939,28629,0,0,16404,8662,15030,1844,2621,138,0,0,0,0,47776,2243,5151,0,0,0,0,0
515,2593,516.4553757813791,99869,1312,734,95,32,28298,14890,0.4324465049214471,634,331,15774,12685,13896,6793,18287,29423,42094,28775,0,0,16109,8654,15282,1873,2682,148,0,0,0,0,47759,2214,5148,0,0,0,0,0
516,2593,517.174265301385,99869,1285,738,95,32,28399,14964,0.4341988004285614,634,307,15731,12649,13912,6807,18341,29465,42245,28918,0,0,15853,8637,15437,1866,2723,150,0,0,0,0,47857,2198,5148,0,0,0,0,0
517,2593,518.6070863048935,99869,1262,683,95,32,28639,15076,0.43772341767715706,631,297,15675,12697,14021,6898,18314,29391,42392,29058,0,0,15573,8628,15690,1900,2791,155,0,0,0,0,47825,2160,5147,0,0,0,0,0
518,2593,519.3259314194436,99869,1253,661,95,32,28747,15130,0.43934554266088577,615,302,15626,12645,14029,6917,18380,29441,42535,29196,0,0,15359,8582,15849,1900,2833,158,0,0,0,0,47895,2139,5154,0,0,0,0,0
519,2593,520.0429781365772,99869,1255,647,95,32,28868,15173,0.44098769387898146,572,308,15597,12632,14038,6915,18441,29464,42675,29331,0,0,15152,8534,15992,1897,2881,158,0,0,0,0,47975,2118,5162,0,0,0,0,0
520,2593,521.4704562588524,99869,1169,652,95,32,29047,15292,0.4439716027996676,595,282,15574,12665,14142,6948,18423,29419,42811,29463,0,0,14859,8558,16202,1919,2933,164,0,0,0,0,47981,2091,5162,0,0,0,0,0
521,2593,522.186708490538,99869,1155,634,95,32,29150,15343,0.44551362284592816,583,266,15560,12639,14146,6959,18459,29468,42944,29592,0,0,14676,8498,16358,1913,2985,165,0,0,0,0,48030,2074,5170,0,0,0,0,0
522,2593,523.6137341328853,99869,1124,587,95,32,29342,15438,0.44838738747759566,569,277,15607,12693,14189,7014,18414,29395,43073,29719,0,0,14452,8482,16589,1924,3060,168,0,0,0,0,47983,2045,5166,0,0,0,0,0
523,2593,524.3304253496862,99869,1120,566,95,32,29453,15481,0.44992940752385624,551,280,15606,12671,14181,7035,18445,29414,43199,29843,0,0,14261,8440,16724,1920,3100,174,0,0,0,0,48045,2030,5175,0,0,0,0,0
524,2593,525.0456797635229,99868,1106,540,96,32,29562,15528,0.4514959746865863,528,265,15584,12678,14200,7055,18484,29428,43322,29965,0,0,14075,8397,16866,1922,3145,181,0,0,0,0,48095,2012,5175,0,0,0,0,0
525,2593,526.473220211046,99868,1051,533,96,32,29730,15626,0.45415949052749627,507,248,15616,12736,14265,7089,18463,29360,43442,30084,0,0,13846,8393,17057,1940,3204,185,0,0,0,0,48086,1983,5174,0,0,0,0,0
526,2593,527.1898977512853,99868,1030,511,96,32,29825,15665,0.45550126166539834,471,251,15616,12716,14274,7100,18511,29388,43559,30201,0,0,13679,8343,17215,1937,3232,194,0,0,0,0,48117,1971,5180,0,0,0,0,0
527,2593,528.6180768329187,99868,941,501,96,32,29970,15757,0.4578743942003445,472,237,15639,12790,14368,7140,18482,29298,43673,30315,0,0,13466,8328,17412,1954,3298,196,0,0,0,0,48084,1951,5179,0,0,0,0,0
528,2593,529.3344962815739,99867,912,492,96,33,30046,15802,0.4590905904853455,462,225,15630,12796,14382,7139,18516,29313,43784,30427,0,0,13291,8309,17525,1944,3337,201,0,0,0,0,48143,1928,5189,0,0,0,0,0
529,2593,530.0498622228768,99867,909,481,96,33,30136,15846,0.4604323750588282,422,216,15618,12806,14390,7143,18563,29319,43892,30536,0,0,13126,8281,17647,1940,3371,203,0,0,0,0,48194,1908,5197,0,0,0,0,0
530,2593,531.4773416843719,99867,889,473,96,33,30292,15927,0.46280553135670444,374,215,15660,12876,14451,7148,18528,29253,43997,30643,0,0,12950,8256,17819,1946,3423,207,0,0,0,0,48174,1888,5204,0,0,0,0,0
531,2593,532.1931936495032,99866,845,462,97,33,30356,15964,0.46382152083792283,377,216,15644,12877,14462,7141,18573,29269,44099,30748,0,0,12800,8218,17945,1943,3458,209,0,0,0,0,48204,1871,5218,0,0,0,0,0
532,2593,533.621723691132,99866,806,439,97,33,30470,16029,0.46561392265635954,376,205,15696,12970,14477,7157,18546,29194,44199,30851,0,0,12638,8206,18068,1945,3516,219,0,0,0,0,48204,1842,5228,0,0,0,0,0
533,2593,534.3381312269116,99866,781,439,97,33,30530,16068,0.4666052510363888,367,192,15705,12965,14474,7160,18574,29209,44296,30952,0,0,12481,8184,18149,1938,3550,226,0,0,0,0,48277,1831,5230,0,0,0,0,0
534,2593,535.0532196442498,99866,772,436,97,33,30612,16103,0.4677768209400597,331,181,15712,12975,14480,7158,18606,29215,44391,31050,0,0,12347,8147,18254,1938,3578,230,0,0,0,0,48319,1809,5244,0,0,0,0,0
535,2593,536.48104349659,99866,711,391,97,33,30721,16152,0.4693589409809144,305,182,15795,13056,14522,7204,18568,29132,44483,31146,0,0,12174,8139,18417,1951,3619,235,0,0,0,0,48292,1789,5250,0,0,0,0,0
536,2593,537.197730559431,99866,703,375,97,33,30779,16183,0.4702501351811427,288,174,15798,13075,14515,7205,18597,29136,44573,31240,0,0,12047,8101,18532,1942,3644,238,0,0,0,0,48326,1781,5255,0,0,0,0,0
537,2593,538.6285774905472,99866,687,347,97,33,30888,16237,0.4718823223118979,261,168,15869,13178,14519,7233,18565,29039,44661,31332,0,0,11923,8060,18665,1953,3697,239,0,0,0,0,48312,1752,5265,0,0,0,0,0
538,2593,539.3461845682353,99866,654,341,97,33,30932,16262,0.4725732481525244,263,159,15866,13191,14518,7222,18600,29052,44747,31422,0,0,11800,8025,18756,1951,3728,241,0,0,0,0,48360,1736,5269,0,0,0,0,0
539,2593,540.0628974962377,99866,636,333,97,33,30977,16293,0.47333426791901145,262,154,15902,13214,14485,7227,18616,29037,44830,31511,0,0,11691,7978,18862,1947,3752,243,0,0,0,0,48393,1722,5278,0,0,0,0,0
540,2593,541.4938439356995,99866,577,316,97,33,31062,16349,0.47474615985420465,258,141,15956,13310,14519,7243,18591,28955,44911,31598,0,0,11556,7965,19004,1937,3798,250,0,0,0,0,48366,1708,5282,0,0,0,0,0
541,2593,542.2117109762139,99866,587,315,97,33,31125,16380,0.47568742114433343,216,130,15980,13328,14493,7244,18625,28948,44990,31683,0,0,11448,7927,19086,1932,3826,250,0,0,0,0,48414,1693,5290,0,0,0,0,0
542,2593,543.644396754167,99866,549,323,97,33,31210,16427,0.4770091923177057,202,128,16055,13425,14501,7230,18594,28859,45067,31766,0,0,11322,7911,19189,1928,3865,255,0,0,0,0,48425,1679,5292,0,0,0,0,0
543,2593,544.3623964261392,99866,529,317,97,33,31247,16446,0.47756994372459094,208,121,16076,13458,14480,7217,18608,28852,45142,31847,0,0,11225,7870,19268,1923,3889,259,0,0,0,0,48467,1666,5299,0,0,0,0,0
544,2593,545.0798008597513,99866,503,315,97,33,31274,16473,0.478110668295516,212,109,16110,13491,14450,7199,18626,28851,45215,31927,0,0,11141,7818,19360,1919,3908,264,0,0,0,0,48495,1653,5308,0,0,0,0,0
545,2593,546.5134074627776,99866,481,288,97,33,31344,16513,0.47921214427332626,218,112,16187,13605,14435,7209,18580,28751,45287,32005,0,0,11042,7781,19482,1915,3946,269,0,0,0,0,48480,1643,5308,0,0,0,0,0
546,2593,547.2325687787151,99866,480,286,97,33,31389,16536,0.4798930566959726,207,110,16202,13652,14406,7182,18606,28735,45357,32081,0,0,10959,7732,19571,1909,3968,271,0,0,0,0,48511,1636,5309,0,0,0,0,0
547,2593,548.6688374278285,99866,459,253,97,33,31459,16569,0.48092443874792223,197,110,16322,13767,14369,7188,18554,28647,45425,32156,0,0,10850,7709,19679,1909,3999,278,0,0,0,0,48510,1626,5306,0,0,0,0,0
548,2593,549.3889129208519,99865,446,243,98,33,31495,16581,0.48140990336954886,195,110,16353,13798,14335,7174,18571,28640,45491,32229,0,0,10776,7662,19766,1903,4018,280,0,0,0,0,48531,1613,5316,0,0,0,0,0
549,2593,550.1089926963484,99864,445,228,98,34,31532,16596,0.48193543218777535,179,110,16385,13836,14305,7170,18586,28620,45556,32300,0,0,10686,7631,19826,1896,4036,286,0,0,0,0,48578,1603,5322,0,0,0,0,0
550,2593,551.5477465202895,99864,409,207,98,34,31597,16627,0.4828967395658095,175,106,16466,13970,14299,7163,18551,28518,45619,32370,0,0,10585,7610,19914,1899,4074,292,0,0,0,0,48578,1590,5322,0,0,0,0,0
551,2593,552.2693720492827,99864,394,197,98,34,31638,16644,0.48347752944003847,151,102,16501,14010,14289,7156,18565,28499,45680,32439,0,0,10497,7577,19979,1902,4093,297,0,0,0,0,48616,1577,5326,0,0,0,0,0
552,2593,553.7111103165487,99864,371,186,98,34,31692,16675,0.4843286870143395,141,93,16596,14119,14249,7157,18543,28409,45740,32506,0,0,10395,7564,20047,1903,4123,300,0,0,0,0,48636,1564,5332,0,0,0,0,0
553,2593,554.4338499691185,99863,344,182,98,35,31709,16696,0.48471405825981595,144,86,16621,14152,14231,7147,18560,28396,45798,32572,0,0,10309,7532,20112,1904,4140,301,0,0,0,0,48674,1555,5336,0,0,0,0,0
554,2593,555.1558202977554,99863,330,186,98,35,31732,16717,0.4851546618867849,139,74,16652,14185,14208,7130,18571,28388,45855,32636,0,0,10230,7500,20171,1902,4150,305,0,0,0,0,48716,1547,5342,0,0,0,0,0
555,2593,556.5986578901756,99863,318,169,98,35,31788,16740,0.48594574567157006,115,78,16751,14302,14183,7116,18533,28298,45911,32699,0,0,10139,7485,20245,1897,4177,308,0,0,0,0,48728,1538,5346,0,0,0,0,0
556,2593,557.3221889932776,99863,291,169,98,35,31803,16758,0.48627619839179675,125,70,16771,14338,14168,7104,18545,28282,45965,32761,0,0,10062,7457,20292,1888,4205,310,0,0,0,0,48771,1533,5345,0,0,0,0,0
557,2593,558.0452938027105,99863,279,164,98,35,31825,16769,0.48660665111202345,126,68,16798,14384,14146,7089,18551,28258,46018,32821,0,0,9997,7418,20352,1880,4227,312,0,0,0,0,48806,1530,5341,0,0,0,0,0
558,2593,559.4908016656502,99863,265,164,98,35,31869,16798,0.48733765258404016,114,49,16918,14504,14103,7072,18500,28174,46070,32880,0,0,9926,7385,20418,1885,4249,314,0,0,0,0,48821,1518,5347,0,0,0,0,0
559,2593,560.2156002717946,99863,272,168,98,35,31897,16809,0.48772818761703535,106,42,16926,14551,14071,7049,18525,28153,46120,32938,0,0,9856,7360,20461,1880,4259,315,0,0,0,0,48870,1510,5352,0,0,0,0,0
560,2593,561.6645417399363,99863,262,144,98,35,31933,16821,0.4882088461191833,101,49,17062,14679,14005,7040,18470,28051,46169,32995,0,0,9789,7338,20528,1875,4280,318,0,0,0,0,48879,1496,5360,0,0,0,0,0
561,2593,562.3906773657679,99863,256,131,98,35,31956,16824,0.4884692028078467,92,57,17091,14709,13972,7028,18489,28038,46217,33050,0,0,9729,7303,20575,1874,4296,320,0,0,0,0,48915,1487,5364,0,0,0,0,0
562,2593,563.1170117004559,99863,248,131,98,35,31976,16833,0.4887596006528945,89,53,17144,14753,13945,7006,18474,28020,46264,33104,0,0,9664,7275,20624,1867,4310,320,0,0,0,0,48953,1484,5366,0,0,0,0,0
563,2593,564.5691644369163,99863,240,121,98,35,32008,16849,0.48924025915504243,80,53,17265,14894,13883,6984,18432,27911,46310,33157,0,0,9594,7254,20671,1871,4325,323,0,0,0,0,48979,1475,5371,0,0,0,0,0
564,2593,565.297745189393,99862,229,115,99,35,32028,16856,0.48951553143337806,74,53,17314,14942,13847,6971,18435,27882,46355,33209,0,0,9540,7220,20722,1868,4340,325,0,0,0,0,49006,1467,5374,0,0,0,0,0
565,2593,566.0259928666457,99862,218,116,99,35,32038,16870,0.48975586309106567,76,48,17362,14983,13799,6951,18444,27865,46399,33260,0,0,9493,7186,20778,1862,4353,326,0,0,0,0,49028,1459,5377,0,0,0,0,0
566,2593,567.482284796869,99861,202,112,100,35,32072,16891,0.49031153303091296,63,36,17474,15113,13768,6944,18391,27758,46441,33310,0,0,9435,7162,20838,1862,4370,329,0,0,0,0,49035,1449,5381,0,0,0,0,0
567,2593,568.2127194510801,99861,182,112,100,35,32079,16899,0.4904617418211314,76,35,17532,15161,13732,6922,18376,27733,46482,33359,0,0,9384,7138,20875,1854,4390,331,0,0,0,0,49067,1442,5380,0,0,0,0,0
568,2593,569.6741572124038,99860,175,104,101,35,32113,16908,0.49089725615862206,63,39,17649,15284,13679,6902,18331,27634,46522,33407,0,0,9320,7122,20923,1850,4407,332,0,0,0,0,49088,1437,5381,0,0,0,0,0
569,2593,570.4072551585917,99860,167,106,101,35,32125,16916,0.49109753655117167,60,45,17690,15348,13654,6868,18326,27596,46562,33454,0,0,9272,7097,20957,1844,4419,334,0,0,0,0,49121,1428,5388,0,0,0,0,0
570,2593,571.1402636390379,99860,168,106,101,35,32144,16923,0.4913579010614861,50,40,17735,15411,13613,6843,18331,27563,46601,33500,0,0,9224,7065,20999,1846,4425,334,0,0,0,0,49153,1420,5394,0,0,0,0,0
571,2593,572.606677061909,99860,142,103,101,35,32163,16939,0.4917083917484478,56,34,17858,15539,13556,6822,18285,27465,46639,33545,0,0,9161,7049,21040,1848,4440,337,0,0,0,0,49174,1415,5396,0,0,0,0,0
572,2593,573.3417853845601,99860,138,96,101,35,32170,16945,0.49183857400360503,60,31,17902,15598,13509,6802,18288,27436,46676,33589,0,0,9118,7018,21083,1844,4450,337,0,0,0,0,49200,1411,5399,0,0,0,0,0
573,2593,574.0769782785461,99860,133,90,101,35,32181,16948,0.49197877027838977,58,37,17941,15645,13477,6780,18288,27411,46712,33632,0,0,9072,6994,21127,1843,4454,338,0,0,0,0,49225,1404,5403,0,0,0,0,0
574,2593,575.5472660232602,99860,121,87,101,35,32195,16962,0.4922591628279591,59,35,18044,15794,13440,6759,18233,27288,46747,33674,0,0,9020,6979,21162,1837,4472,339,0,0,0,0,49248,1400,5403,0,0,0,0,0
575,2593,576.2845026694267,99860,118,82,101,35,32205,16967,0.4924093731223713,63,33,18087,15842,13409,6747,18220,27259,46781,33715,0,0,8967,6963,21192,1832,4482,339,0,0,0,0,49283,1399,5403,0,0,0,0,0
576,2593,577.0220012600288,99860,117,78,101,35,32218,16970,0.492569597436411,58,34,18123,15904,13376,6733,18223,27214,46814,33756,0,0,8919,6945,21227,1830,4486,340,0,0,0,0,49314,1394,5405,0,0,0,0,0
577,2593,578.4980303661613,99860,111,77,101,35,32240,16986,0.49295013018225514,51,29,18238,16040,13321,6708,18176,27109,46847,33796,0,0,8873,6922,21269,1832,4496,342,0,0,0,0,49331,1388,5407,0,0,0,0,0
578,2593,579.2376616096454,99860,111,73,101,35,32249,16988,0.4930602843981574,49,29,18285,16087,13277,6692,18175,27082,46879,33835,0,0,8833,6901,21293,1827,4507,342,0,0,0,0,49363,1382,5412,0,0,0,0,0
579,2593,580.7107876244763,99860,112,66,101,35,32266,16998,0.49333066292809935,47,29,18424,16210,13207,6679,18107,26979,46910,33873,0,0,8790,6885,21327,1820,4522,342,0,0,0,0,49382,1378,5414,0,0,0,0,0
580,2593,581.4431054904649,99860,113,58,101,35,32280,17002,0.49351091528139396,40,28,18483,16262,13171,6670,18090,26945,46940,33910,0,0,8749,6866,21361,1818,4530,343,0,0,0,0,49406,1373,5414,0,0,0,0,0
581,2593,582.173216564944,99860,101,48,101,35,32284,17004,0.4935709993991588,41,30,18527,16319,13144,6653,18084,26913,46970,33947,0,0,8711,6848,21394,1817,4537,345,0,0,0,0,49424,1365,5419,0,0,0,0,0
582,2593,583.6273332304359,99860,92,53,101,35,32301,17015,0.49385139194872824,37,28,18652,16483,13100,6612,18016,26787,46999,33983,0,0,8673,6827,21431,1816,4543,347,0,0,0,0,49440,1359,5424,0,0,0,0,0
583,2593,584.3507298767457,99860,83,56,101,35,32301,17022,0.4939214900861206,42,25,18716,16528,13064,6596,17992,26758,47027,34018,0,0,8640,6803,21461,1813,4549,347,0,0,0,0,49464,1355,5428,0,0,0,0,0
584,2593,585.0722017749423,99860,83,57,101,35,32307,17026,0.4940216302823954,41,23,18763,16598,13025,6567,17985,26718,47055,34052,0,0,8604,6784,21485,1809,4554,348,0,0,0,0,49494,1352,5430,0,0,0,0,0
585,2593,586.5084809207547,99860,75,59,101,35,32315,17037,0.49421189665531745,42,17,18899,16739,12961,6540,17920,26608,47082,34086,0,0,8572,6760,21518,1807,4565,348,0,0,0,0,49510,1349,5431,0,0,0,0,0
586,2593,587.223098223663,99860,73,59,101,35,32315,17038,0.4942219106749449,43,16,18882,16724,12951,6532,17948,26632,47109,34119,0,0,8537,6744,21536,1801,4570,349,0,0,0,0,49543,1346,5434,0,0,0,0,0
587,2593,588.473564175846,99860,81,51,101,35,32333,17043,0.4944522331263769,31,15,19002,16849,12895,6510,17888,26538,47135,34151,0,0,8511,6723,21570,1795,4580,350,0,0,0,0,49552,1341,5438,0,0,0,0,0
588,2593,589.3019339136216,99860,84,47,101,35,32343,17045,0.49457240136190667,24,17,19069,16900,12857,6491,17863,26508,47160,34183,0,0,8484,6703,21598,1789,4588,352,0,0,0,0,49571,1338,5437,0,0,0,0,0
589,2593,590.040229196921,99860,82,47,101,35,32347,17051,0.49467254155818147,29,15,19160,16977,12806,6476,17820,26448,47185,34214,0,0,8449,6688,21619,1785,4595,353,0,0,0,0,49598,1337,5436,0,0,0,0,0
590,2593,591.1773230183362,99860,82,40,101,35,32362,17055,0.49486280793110354,25,14,19297,17125,12731,6452,17762,26332,47209,34245,0,0,8417,6673,21640,1780,4608,355,0,0,0,0,49616,1334,5437,0,0,0,0,0
591,2593,592.0116677091233,99860,80,43,101,35,32362,17059,0.4949028640096135,25,11,19291,17131,12716,6446,17785,26332,47233,34275,0,0,8390,6653,21661,1777,4612,355,0,0,0,0,49641,1330,5441,0,0,0,0,0
592,2593,593.6516328159646,99860,74,37,101,35,32373,17063,0.4950530743040256,26,13,19433,17282,12654,6418,17710,26213,47256,34304,0,0,8364,6631,21693,1776,4619,357,0,0,0,0,49650,1327,5443,0,0,0,0,0
593,2593,594.0507044844368,99860,69,37,101,35,32377,17065,0.4951131584217905,27,15,19533,17367,12600,6394,17668,26150,47279,34333,0,0,8337,6616,21715,1767,4629,357,0,0,0,0,49669,1324,5446,0,0,0,0,0
594,2593,595.0379342216374,99860,65,40,101,35,32377,17068,0.49514320048067295,30,13,19542,17383,12581,6379,17679,26148,47301,34361,0,0,8312,6595,21734,1768,4630,358,0,0,0,0,49693,1320,5450,0,0,0,0,0
595,2593,596.1682861049833,99860,59,43,101,35,32383,17074,0.4952633687162027,29,9,19655,17508,12520,6355,17634,26048,47323,34389,0,0,8285,6581,21756,1762,4639,359,0,0,0,0,49710,1317,5451,0,0,0,0,0
596,2593,597.0158036722535,99860,61,34,101,35,32394,17076,0.4953935509713599,27,10,19764,17635,12457,6336,17588,25948,47344,34416,0,0,8259,6567,21778,1758,4648,360,0,0,0,0,49723,1313,5454,0,0,0,0,0
597,2593,598.1550465328644,99860,54,31,101,35,32399,17079,0.4954736631283797,26,7,19821,17718,12431,6322,17565,25885,47365,34443,0,0,8230,6553,21797,1754,4660,360,0,0,0,0,49743,1311,5452,0,0,0,0,0
598,2593,599.3161527643858,99860,51,31,101,35,32403,17080,0.4955237332265171,27,8,19872,17797,12401,6288,17546,25839,47385,34469,0,0,8209,6532,21819,1751,4667,360,0,0,0,0,49760,1310,5452,0,0,0,0,0
599,2593,600.4269530179223,99860,42,29,101,35,32411,17083,0.4956338874424194,27,7,20012,17984,12350,6239,17466,25704,47405,34495,0,0,8178,6523,21834,1748,4676,362,0,0,0,0,49779,1307,5453,0,0,0,0,0
600,2593,601.1015127051691,99860,43,29,101,35,32412,17084,0.49565391548167437,26,6,20014,17993,12332,6232,17482,25703,47424,34520,0,0,8159,6506,21852,1742,4682,362,0,0,0,0,49797,1305,5455,0,0,0,0,0
601,2593,602.5925101339352,99860,45,28,101,35,32419,17088,0.4957640696975766,28,7,20138,18113,12264,6200,17422,25615,47443,34545,0,0,8132,6495,21868,1738,4689,362,0,0,0,0,49817,1303,5456,0,0,0,0,0
602,2593,603.3012383481064,99860,46,26,101,35,32426,17089,0.49584418185459644,25,10,20226,18197,12217,6182,17383,25548,47462,34569,0,0,8116,6473,21893,1737,4692,363,0,0,0,0,49827,1300,5459,0,0,0,0,0
603,2593,604.0945160851124,99860,39,23,101,35,32430,17091,0.4959042659723613,25,9,20328,18320,12176,6153,17329,25458,47480,34593,0,0,8094,6464,21906,1733,4700,365,0,0,0,0,49840,1294,5464,0,0,0,0,0
604,2593,605.1280453722902,99860,41,26,101,35,32437,17094,0.4960044061686361,19,9,20421,18410,12121,6123,17295,25395,47498,34616,0,0,8079,6445,21925,1729,4706,366,0,0,0,0,49853,1292,5465,0,0,0,0,0
605,2593,606.1082356331566,99860,42,26,101,35,32440,17096,0.49605447626677346,19,8,20441,18444,12097,6116,17298,25369,47515,34639,0,0,8053,6434,21938,1727,4709,366,0,0,0,0,49876,1291,5466,0,0,0,0,0
606,2593,607.0954604913933,99860,40,23,101,35,32446,17096,0.49611456038453833,17,12,20530,18530,12052,6102,17258,25296,47532,34661,0,0,8033,6423,21953,1726,4714,366,0,0,0,0,49889,1284,5472,0,0,0,0,0
607,2593,608.0279008941247,99860,37,21,101,35,32449,17097,0.49615461646304826,14,11,20630,18658,12007,6078,17209,25195,47549,34683,0,0,8009,6413,21965,1723,4719,367,0,0,0,0,49908,1282,5474,0,0,0,0,0
608,2593,609.0846058434046,99860,33,17,101,35,32452,17101,0.4962247146004406,19,10,20737,18766,11949,6065,17159,25105,47565,34705,0,0,7992,6398,21986,1721,4726,367,0,0,0,0,49915,1278,5477,0,0,0,0,0
609,2593,610.0586572334918,99860,34,14,101,35,32455,17103,0.496274784698578,18,9,20796,18829,11916,6051,17133,25060,47581,34726,0,0,7972,6387,22001,1718,4729,368,0,0,0,0,49930,1275,5480,0,0,0,0,0
610,2593,611.0240948492495,99860,37,15,101,35,32461,17106,0.49636491087522533,12,7,20865,18915,11875,6030,17108,24996,47597,34747,0,0,7954,6379,22011,1713,4733,370,0,0,0,0,49945,1270,5485,0,0,0,0,0
611,2593,612.0508609348169,99860,32,12,101,35,32463,17107,0.49639495293410774,10,8,20944,19001,11840,6013,17071,24929,47612,34767,0,0,7931,6369,22024,1712,4737,371,0,0,0,0,49962,1269,5485,0,0,0,0,0
612,2593,613.065159677595,99860,32,12,101,35,32470,17110,0.49649509313038254,7,6,21021,19093,11801,5998,17036,24854,47627,34787,0,0,7913,6360,22042,1709,4741,371,0,0,0,0,49971,1264,5489,0,0,0,0,0
613,2593,614.4851099808131,99860,28,11,101,35,32472,17112,0.49653514920889247,10,6,21142,19218,11740,5962,16977,24766,47642,34807,0,0,7892,6348,22056,1708,4746,371,0,0,0,0,49987,1263,5489,0,0,0,0,0
614,2593,615.0188007133615,99860,24,12,101,35,32473,17113,0.4965551772481474,12,6,21231,19334,11702,5927,16928,24684,47656,34826,0,0,7875,6335,22067,1709,4747,372,0,0,0,0,50003,1259,5493,0,0,0,0,0
615,2593,616.0528252556403,99860,23,14,101,35,32474,17115,0.49658521930702987,11,4,21255,19364,11683,5918,16925,24663,47670,34845,0,0,7860,6321,22081,1708,4749,372,0,0,0,0,50017,1256,5496,0,0,0,0,0
616,2593,617.1402058887991,99860,20,15,101,35,32476,17117,0.49662527538553974,11,4,21374,19488,11629,5890,16863,24566,47684,34864,0,0,7848,6303,22100,1707,4753,372,0,0,0,0,50026,1254,5497,0,0,0,0,0
617,2593,618.0294663751014,99860,22,12,101,35,32482,17117,0.4966853595033046,6,4,21444,19542,11594,5882,16831,24523,47698,34882,0,0,7830,6292,22112,1704,4759,372,0,0,0,0,50041,1253,5497,0,0,0,0,0
618,2593,619.0276007175802,99860,17,10,101,35,32483,17118,0.4967053875425596,7,4,21521,19644,11559,5861,16793,24444,47711,34900,0,0,7811,6278,22126,1707,4761,372,0,0,0,0,50056,1252,5497,0,0,0,0,0
619,2593,620.0533423959363,99860,14,12,101,35,32485,17120,0.4967454436210695,8,5,21625,19788,11504,5829,16746,24329,47724,34918,0,0,7798,6264,22143,1705,4762,374,0,0,0,0,50065,1252,5497,0,0,0,0,0
620,2593,621.2754621248938,99860,15,9,101,35,32487,17120,0.4967654716603245,7,6,21739,19920,11450,5797,16686,24231,47737,34935,0,0,7783,6254,22156,1703,4762,376,0,0,0,0,50077,1250,5499,0,0,0,0,0
621,2593,622.1228710050565,99860,15,8,101,35,32488,17121,0.4967854996995794,6,6,21762,19964,11434,5785,16680,24200,47750,34952,0,0,7765,6246,22167,1703,4762,376,0,0,0,0,50092,1246,5503,0,0,0,0,0
622,2593,623.1535784902647,99860,16,8,101,35,32489,17122,0.49680552773883435,6,6,21828,20042,11398,5769,16649,24138,47762,34969,0,0,7749,6235,22179,1702,4763,376,0,0,0,0,50107,1245,5504,0,0,0,0,0
623,2593,624.1860450508711,99860,13,9,101,35,32490,17124,0.4968355697977168,6,4,21917,20135,11352,5754,16609,24061,47774,34985,0,0,7730,6228,22189,1701,4765,376,0,0,0,0,50122,1244,5505,0,0,0,0,0
624,2593,625.2639276916561,99860,11,11,101,35,32492,17126,0.4968756258762267,4,3,22004,20239,11311,5735,16567,23975,47786,35001,0,0,7716,6216,22204,1699,4766,377,0,0,0,0,50133,1244,5505,0,0,0,0,0
625,2593,626.5181920140082,99860,11,11,101,35,32494,17128,0.4969156819547366,2,2,22114,20371,11268,5701,16502,23878,47798,35017,0,0,7699,6208,22214,1698,4768,377,0,0,0,0,50147,1242,5507,0,0,0,0,0
626,2593,627.0073882599971,99860,9,9,101,35,32495,17129,0.4969357099939916,1,1,22145,20400,11248,5696,16494,23857,47809,35032,0,0,7689,6198,22220,1698,4774,377,0,0,0,0,50157,1236,5511,0,0,0,0,0
627,2593,628.471680054947,99860,5,5,101,35,32495,17129,0.4969357099939916,2,2,22297,20552,11173,5666,16420,23738,47820,35047,0,0,7673,6192,22232,1694,4779,377,0,0,0,0,50166,1236,5511,0,0,0,0,0
628,2593,629.1395374357764,99860,4,4,101,35,32496,17130,0.49695573803324655,2,2,22349,20611,11140,5658,16402,23688,47831,35062,0,0,7656,6186,22240,1694,4779,378,0,0,0,0,50181,1233,5513,0,0,0,0,0
629,2593,630.2353717388373,99860,8,8,101,35,32500,17134,0.49703585019026636,24,23,22394,20683,11104,5637,16367,23612,47842,35077,0,0,7645,6174,22252,1693,4780,378,0,0,0,0,50192,1231,5515,0,0,0,0,0
630,2593,631.0760910638228,99860,10,7,101,35,32503,17135,0.4970759062687763,23,22,22459,20760,11069,5623,16336,23551,47852,35091,0,0,7632,6168,22258,1691,4782,378,0,0,0,2,50203,1227,5519,0,0,0,0,0
631,2593,632.0630547961755,99860,13,12,101,35,32507,17141,0.4971760464650511,19,16,22543,20826,11021,5613,16301,23496,47862,35105,0,0,7618,6163,22263,1688,4784,379,0,0,0,4,50215,1226,5520,0,0,0,0,0
632,2593,633.0669215906479,99860,14,14,101,35,32510,17145,0.49724614460244343,20,16,22619,20911,10981,5592,16263,23430,47872,35119,0,0,7604,6159,22267,1684,4787,380,0,0,0,7,50226,1224,5522,0,0,0,0,0
633,2593,634.0285054777846,99860,17,12,101,35,32514,17148,0.49731624273983577,21,15,22664,20987,10950,5570,16245,23379,47882,35133,0,0,7596,6149,22276,1683,4789,381,0,0,0,11,50230,1220,5525,0,0,0,0,0
634,2593,635.154678090484,99860,23,14,101,35,32522,17154,0.49745643901462044,18,10,22749,21092,10910,5543,16197,23304,47892,35146,0,0,7584,6142,22281,1679,4795,381,0,0,0,15,50238,1220,5525,0,0,0,0,0
635,2593,636.0487925071782,99860,23,17,101,35,32527,17157,0.4975365511716403,17,11,22827,21166,10879,5522,16151,23247,47902,35159,0,0,7569,6134,22286,1680,4797,381,0,0,0,17,50251,1219,5526,0,0,0,0,0
636,2593,637.2359813662545,99860,27,21,101,35,32532,17162,0.4976366913679151,19,11,22946,21275,10825,5502,16080,23154,47911,35172,0,0,7553,6130,22289,1680,4797,382,0,0,0,18,50266,1218,5527,0,0,0,0,0
637,2593,638.2011838904555,99860,29,21,101,35,32537,17165,0.4977168035249349,19,10,23011,21346,10790,5479,16048,23107,47920,35185,0,0,7538,6124,22293,1680,4800,382,0,0,0,21,50278,1217,5527,0,0,0,0,0
638,2593,639.1531871197569,99860,26,21,101,35,32539,17169,0.4977768876426998,26,10,23088,21444,10745,5459,16012,23029,47929,35197,0,0,7526,6114,22299,1680,4805,382,0,0,0,24,50287,1217,5526,0,0,0,0,0
639,2593,640.0476317485156,99860,31,24,101,35,32547,17172,0.49788704185860205,28,8,23164,21550,10702,5430,15972,22951,47938,35209,0,0,7516,6107,22306,1677,4808,382,0,0,0,27,50294,1216,5527,0,0,0,0,0
640,2593,641.2069924935628,99860,28,21,101,35,32553,17173,0.4979571399959944,30,12,23267,21658,10651,5414,15921,22858,47947,35221,0,0,7502,6097,22310,1678,4814,382,2,0,0,31,50302,1216,5526,0,0,0,0,0
641,2593,642.0537242621505,99860,32,19,101,35,32558,17176,0.4980372521530142,37,15,23331,21712,10606,5405,15891,22812,47955,35233,0,0,7491,6091,22313,1677,4819,382,2,0,0,33,50311,1214,5527,0,0,0,0,0
642,2593,643.0092689085283,99860,36,19,101,35,32569,17180,0.4981874624474264,34,16,23423,21802,10564,5390,15840,22736,47963,35245,0,0,7477,6086,22316,1677,4821,382,3,0,0,41,50316,1212,5529,0,0,0,0,0
643,2593,644.0739744674727,99860,38,17,101,35,32576,17183,0.4982876026437012,36,20,23491,21894,10533,5370,15799,22662,47971,35256,0,0,7470,6077,22320,1676,4825,384,4,0,0,43,50320,1209,5532,0,0,0,0,0
644,2593,645.1790986305988,99860,44,24,101,35,32588,17191,0.49848788303625075,39,19,23559,21980,10501,5348,15754,22592,47979,35267,0,0,7457,6072,22324,1673,4829,384,6,0,0,47,50327,1209,5532,0,0,0,0,0
645,2593,646.0114829322044,99860,48,27,101,35,32595,17196,0.4986080512717805,45,21,23636,22070,10466,5331,15702,22514,47987,35278,0,0,7446,6068,22328,1672,4829,385,6,0,0,51,50334,1206,5535,0,0,0,0,0
646,2593,647.262405675059,99860,58,28,101,35,32612,17199,0.4988083316643301,39,30,23734,22162,10426,5310,15640,22433,47995,35289,0,0,7436,6064,22328,1667,4836,387,7,0,0,54,50340,1206,5535,0,0,0,0,0
647,2593,648.1970694119456,99860,66,33,101,35,32628,17206,0.4990386541157621,35,32,23802,22227,10394,5293,15600,22378,48003,35300,0,0,7426,6053,22337,1670,4841,387,8,0,0,55,50348,1204,5531,0,0,0,0,0
648,2593,649.1290605204101,99860,69,39,101,35,32637,17216,0.49922892048868417,42,32,23866,22314,10363,5277,15557,22301,48010,35311,0,0,7410,6050,22338,1669,4845,387,10,0,0,60,50357,1204,5530,0,0,0,0,0
649,2593,650.0582562292797,99860,75,46,101,35,32651,17224,0.4994492289204887,42,38,23934,22386,10343,5264,15503,22229,48017,35321,0,0,7401,6045,22341,1668,4846,389,10,0,0,65,50361,1202,5532,0,0,0,0,0
650,2593,651.2928923500338,99860,84,49,101,35,32665,17234,0.4996895653915482,51,35,24037,22498,10294,5245,15431,22136,48024,35331,0,0,7392,6038,22348,1667,4847,389,13,0,0,73,50359,1199,5535,0,0,0,0,0
651,2593,652.2153412495691,99860,89,46,101,35,32682,17242,0.49993991588223513,60,36,24098,22559,10260,5241,15390,22081,48031,35341,0,0,7380,6029,22350,1667,4854,389,16,0,0,85,50356,1199,5535,0,0,0,0,0
652,2593,653.1352369951657,99860,87,53,101,35,32692,17255,0.5001702383336671,71,33,24137,22633,10245,5225,15357,22019,48038,35351,0,0,7372,6017,22357,1668,4857,390,18,0,0,95,50352,1199,5535,0,0,0,0,0
653,2593,654.0534741972588,99860,99,56,101,35,32714,17260,0.5004406168636091,74,33,24188,22709,10217,5202,15319,21963,48045,35361,0,0,7362,6008,22362,1669,4858,392,19,0,0,100,50356,1199,5535,0,0,0,0,0
654,2593,655.2743670883156,99860,105,54,101,35,32739,17269,0.5007810935309434,74,42,24275,22824,10191,5186,15252,21857,48052,35371,0,0,7350,6001,22366,1670,4858,395,21,0,0,121,50345,1198,5535,0,0,0,0,0
655,2593,656.1870583540613,99860,99,55,101,35,32755,17271,0.5009613458842379,83,43,24360,22899,10159,5170,15196,21796,48059,35380,0,0,7334,5994,22365,1671,4865,395,29,0,0,128,50346,1196,5537,0,0,0,0,0
656,2593,657.0967962309251,99860,110,55,101,35,32775,17282,0.5012717804926897,79,43,24408,22962,10139,5163,15161,21740,48065,35389,0,0,7324,5989,22365,1671,4871,395,30,0,0,141,50342,1195,5537,0,0,0,0,0
657,2593,658.0043496191051,99860,103,53,101,35,32788,17287,0.5014520328459844,85,46,24488,23030,10120,5152,15101,21682,48071,35398,0,0,7319,5978,22367,1674,4881,395,31,0,0,154,50333,1192,5536,0,0,0,0,0
658,2593,659.210569639285,99860,110,61,101,35,32815,17302,0.5018726216703385,85,38,24542,23128,10106,5136,15054,21600,48077,35407,0,0,7313,5965,22369,1677,4894,395,31,0,0,163,50330,1192,5531,0,0,0,0,0
659,2593,660.1130333544663,99860,111,64,101,35,32826,17310,0.5020628880432606,99,44,24593,23219,10082,5118,15012,21518,48083,35416,0,0,7303,5960,22369,1677,4899,395,34,0,0,170,50330,1189,5534,0,0,0,0,0
660,2593,661.0134881812718,99860,125,64,101,35,32847,17318,0.5023532946124575,98,51,24657,23295,10056,5105,14961,21448,48089,35425,0,0,7291,5956,22370,1678,4902,396,36,0,0,178,50332,1188,5533,0,0,0,0,0
661,2593,662.2105889545325,99860,125,62,101,35,32867,17330,0.5026737432405367,116,56,24709,23400,10035,5094,14912,21351,48095,35434,0,0,7282,5945,22373,1680,4911,398,40,0,0,192,50323,1186,5530,0,0,0,0,0
662,2593,663.1065708035954,99860,134,69,101,35,32893,17342,0.503054275986381,116,66,24745,23455,10026,5083,14876,21290,48101,35442,0,0,7274,5938,22371,1681,4921,398,41,0,0,202,50320,1185,5529,0,0,0,0,0
663,2593,664.0008182906213,99860,148,71,101,35,32921,17353,0.5034448227518525,116,69,24809,23520,9991,5075,14833,21228,48107,35450,0,0,7265,5929,22373,1683,4929,398,44,0,0,212,50316,1184,5527,0,0,0,0,0
664,2593,665.1899464088564,99860,156,79,101,35,32954,17373,0.503975565792109,115,67,24871,23612,9979,5065,14776,21140,48113,35458,0,0,7251,5922,22370,1686,4938,399,49,0,0,230,50307,1183,5525,0,0,0,0,0
665,2593,666.0795858183849,99860,157,81,101,35,32980,17381,0.5043160424594432,118,75,24927,23660,9962,5056,14733,21091,48119,35466,0,0,7244,5913,22369,1688,4949,399,50,0,0,247,50296,1182,5523,0,0,0,0,0
666,2593,667.262222328576,99860,151,97,101,35,33004,17408,0.5048267574604446,133,70,25010,23755,9956,5032,14647,21009,48124,35474,0,0,7235,5903,22368,1692,4958,400,53,0,0,269,50280,1180,5522,0,0,0,0,0
667,2593,668.1467996084314,99860,160,96,101,35,33032,17417,0.5051972761866613,140,75,25050,23818,9937,5023,14610,20951,48129,35482,0,0,7226,5896,22370,1690,4967,402,56,0,0,282,50273,1180,5518,0,0,0,0,0
668,2593,669.029706693176,99860,182,106,101,35,33070,17436,0.5057680753054276,143,79,25093,23869,9912,5019,14567,20890,48134,35490,0,0,7216,5889,22373,1688,4974,403,60,0,0,292,50268,1179,5518,0,0,0,0,0
669,2593,670.2038638199506,99860,195,112,101,35,33102,17461,0.5063388744241939,167,73,25166,23954,9870,5022,14499,20802,48139,35498,0,0,7207,5879,22365,1693,4989,405,63,0,0,303,50263,1178,5515,0,0,0,0,0
670,2593,671.0820260319385,99860,197,123,101,35,33137,17482,0.5068996595233327,185,75,25202,24006,9866,5014,14447,20745,48144,35505,0,0,7200,5871,22362,1693,4998,408,66,0,0,327,50243,1177,5515,0,0,0,0,0
671,2593,672.2505470107432,99860,222,133,101,35,33193,17504,0.507680753054276,188,85,25249,24104,9854,5001,14384,20640,48149,35512,0,0,7187,5868,22347,1695,5012,411,70,0,0,344,50235,1175,5516,0,0,0,0,0
672,2593,673.125047844635,99860,233,133,101,35,33231,17521,0.5082315241337872,204,91,25278,24160,9839,4993,14343,20586,48154,35519,0,0,7178,5860,22342,1700,5024,412,73,0,0,366,50219,1172,5514,0,0,0,0,0
673,2593,674.2890016957564,99860,242,133,101,35,33281,17544,0.5089625475665932,208,103,25333,24234,9825,4996,14289,20497,48159,35526,0,0,7165,5853,22330,1704,5038,414,79,0,0,402,50190,1170,5515,0,0,0,0,0
674,2593,675.1601573475931,99860,262,133,101,35,33339,17569,0.509793711195674,196,109,25367,24294,9825,5004,14247,20423,48164,35533,0,0,7155,5847,22322,1706,5052,417,80,0,0,439,50161,1169,5512,0,0,0,0,0
675,2593,676.0300238772946,99860,279,132,101,35,33378,17589,0.5103845383536951,217,116,25385,24344,9815,5012,14201,20359,48169,35540,0,0,7149,5839,22319,1711,5062,417,80,0,0,467,50139,1166,5511,0,0,0,0,0
676,2593,677.1882233442049,99860,274,135,101,35,33439,17624,0.5113458842379331,239,118,25427,24406,9819,5025,14138,20279,48174,35547,0,0,7131,5822,22308,1722,5083,420,91,0,0,514,50099,1165,5505,0,0,0,0,0
677,2593,678.0552941928271,99860,307,141,101,35,33504,17644,0.5121970759062687,244,130,25448,24469,9804,5020,14094,20203,48179,35554,0,0,7123,5813,22305,1727,5091,424,94,0,0,535,50082,1162,5504,0,0,0,0,0
678,2593,679.2095770595356,99860,321,151,101,35,33575,17678,0.513248547967154,260,134,25486,24543,9802,5020,14028,20115,48183,35561,0,0,7105,5804,22290,1731,5111,429,106,0,0,568,50055,1161,5500,0,0,0,0,0
679,2593,680.0737905894243,99860,339,168,101,35,33623,17718,0.5141297816943721,277,132,25525,24594,9793,5030,13963,20039,48187,35567,0,0,7093,5801,22278,1735,5122,434,109,0,0,592,50040,1158,5498,0,0,0,0,0
680,2593,681.2232055854578,99860,343,182,101,35,33700,17762,0.515341478069297,290,127,25568,24665,9811,5031,13885,19958,48191,35573,0,0,7078,5786,22261,1742,5153,436,122,0,0,638,49996,1156,5492,0,0,0,0,0
681,2593,682.0839842507092,99860,369,178,101,35,33767,17790,0.5162928099339075,296,141,25586,24709,9815,5045,13831,19890,48195,35579,0,0,7068,5777,22249,1746,5177,438,129,0,0,671,49966,1153,5486,0,0,0,0,0
682,2593,683.2302036605406,99860,400,190,101,35,33857,17838,0.5176747446424995,314,152,25619,24773,9823,5051,13741,19797,48199,35585,0,0,7057,5764,22234,1755,5202,439,138,0,0,720,49919,1149,5483,0,0,0,0,0
683,2593,684.0883335095727,99860,414,206,101,35,33919,17878,0.5186961746445024,329,149,25656,24827,9825,5052,13673,19729,48203,35591,0,0,7044,5751,22225,1763,5215,443,146,0,0,753,49891,1147,5482,0,0,0,0,0
684,2593,685.23000699303,99859,417,223,101,36,34013,17924,0.5201033457174616,340,182,25677,24868,9861,5059,13602,19630,48207,35597,0,0,7026,5737,22201,1772,5245,448,159,0,0,808,49841,1145,5477,0,0,0,0,0
685,2593,686.0854175251083,99859,419,234,101,36,34081,17961,0.5211548283079142,350,178,25699,24920,9883,5070,13546,19560,48211,35603,0,0,7010,5721,22193,1781,5262,449,169,0,0,858,49797,1144,5475,0,0,0,0,0
686,2593,687.2246516766648,99859,437,253,101,36,34174,18012,0.5225968615748205,367,186,25714,24998,9901,5069,13478,19456,48215,35609,0,0,6998,5709,22187,1783,5283,454,180,0,0,917,49739,1141,5468,0,0,0,0,0
687,2593,688.07805325476,99859,460,264,101,36,34250,18057,0.5238085700838182,380,186,25729,25026,9909,5095,13419,19391,48219,35615,0,0,6986,5698,22174,1788,5300,460,189,0,0,959,49700,1138,5467,0,0,0,0,0
688,2593,689.2142854593204,99859,488,293,101,36,34350,18119,0.5254308575090878,410,189,25752,25073,9921,5095,13326,19312,48223,35621,0,0,6966,5690,22149,1796,5334,462,203,0,0,1006,49659,1136,5458,0,0,0,0,0
689,2593,690.0654339230495,99859,523,309,101,36,34441,18167,0.5268228201764488,418,192,25741,25106,9938,5112,13277,19243,48227,35627,0,0,6952,5684,22125,1802,5369,462,210,0,0,1044,49628,1131,5452,0,0,0,0,0
690,2593,691.199924726639,99859,567,299,101,36,34571,18216,0.5286153476401726,458,223,25727,25147,9958,5153,13187,19140,48231,35632,0,0,6935,5671,22098,1815,5405,464,221,0,0,1124,49553,1128,5445,0,0,0,0,0
691,2593,692.050350720222,99859,588,294,101,36,34667,18255,0.5299672538278973,475,254,25725,25175,9986,5179,13123,19060,48235,35637,0,0,6924,5659,22070,1824,5440,468,228,0,0,1181,49499,1124,5442,0,0,0,0,0
692,2593,693.1834471797272,99859,629,320,101,36,34811,18331,0.5321703602078931,496,263,25724,25229,10023,5197,13025,18953,48239,35642,0,0,6899,5644,22045,1831,5479,471,250,0,0,1255,49428,1121,5436,0,0,0,0,0
693,2593,694.032628176121,99859,656,350,101,36,34915,18401,0.5339128170720716,515,263,25720,25254,10045,5218,12961,18877,48243,35647,0,0,6885,5633,22027,1842,5500,478,260,0,0,1316,49371,1116,5431,0,0,0,0,0
694,2593,695.1641946436272,99859,709,368,101,36,35073,18477,0.5362561211307945,523,268,25700,25291,10086,5255,12879,18780,48247,35652,0,0,6862,5621,21989,1851,5541,486,278,0,0,1392,49299,1113,5427,0,0,0,0,0
695,2593,696.0128483405855,99859,739,377,101,36,35190,18526,0.5379184650357003,555,281,25664,25329,10112,5276,12827,18699,48250,35657,0,0,6847,5611,21959,1860,5582,490,290,0,0,1446,49246,1108,5420,0,0,0,0,0
696,2593,697.1447262991285,99858,787,382,101,37,35350,18596,0.5402271225139699,600,324,25630,25353,10160,5301,12720,18601,48253,35662,0,0,6825,5593,21928,1874,5618,498,307,0,0,1533,49161,1105,5416,0,0,0,0,0
697,2593,698.2769450716372,99858,827,427,101,37,35532,18693,0.5430210899477258,638,329,25568,25399,10225,5319,12639,18487,48256,35667,0,0,6801,5572,21895,1891,5667,501,326,0,0,1628,49069,1100,5408,0,0,0,0,0
698,2593,699.1268852242731,99858,880,446,101,37,35681,18761,0.545194175729536,649,346,25540,25415,10267,5348,12561,18406,48259,35672,0,0,6775,5558,21869,1903,5706,504,348,0,0,1690,49010,1096,5399,0,0,0,0,0
699,2593,700.2602623480715,99858,933,477,101,37,35882,18865,0.5482485128883013,683,337,25475,25433,10339,5392,12467,18322,48262,35677,0,0,6740,5537,21839,1923,5751,510,378,0,0,1799,48906,1090,5385,0,0,0,0,0
700,2593,701.1113896921026,99858,964,508,101,37,36030,18937,0.5504516413306896,730,365,25407,25448,10400,5408,12396,18232,48265,35682,0,0,6718,5521,21810,1933,5795,514,397,0,0,1870,48838,1087,5375,0,0,0,0,0
701,2593,702.2478786305376,99858,1026,536,101,37,36245,19044,0.5536762202327304,788,388,25326,25463,10476,5448,12281,18126,48268,35687,0,0,6689,5502,21760,1952,5858,521,421,0,0,1978,48734,1081,5362,0,0,0,0,0
702,2593,703.1013926668619,99858,1082,542,101,37,36425,19117,0.556209817941477,815,428,25271,25457,10524,5490,12205,18044,48271,35692,0,0,6669,5485,21716,1966,5911,530,434,0,0,2064,48654,1078,5351,0,0,0,0,0
703,2593,704.2407701156733,99858,1138,559,101,37,36669,19236,0.5598449798714175,858,442,25172,25475,10637,5551,12092,17934,48274,35697,0,0,6636,5456,21672,1994,5975,539,462,0,0,2209,48511,1073,5331,0,0,0,0,0
704,2593,705.0968968870245,99858,1193,591,101,37,36861,19329,0.5626990326263294,895,467,25108,25467,10693,5582,12008,17854,48277,35702,0,0,6611,5438,21634,2012,6029,546,482,0,0,2297,48425,1069,5315,0,0,0,0,0
705,2593,706.2402553249107,99857,1247,641,102,37,37113,19473,0.5666703385841754,934,461,25024,25456,10798,5645,11893,17758,48280,35706,0,0,6573,5404,21585,2041,6100,551,516,0,0,2429,48291,1062,5305,0,0,0,0,0
706,2593,707.0993869745394,99857,1290,674,102,37,37309,19580,0.5697046776890954,972,487,24938,25444,10878,5694,11818,17662,48283,35710,0,0,6555,5386,21541,2061,6163,555,529,0,0,2545,48178,1056,5288,0,0,0,0,0
707,2593,708.247047599407,99857,1371,713,102,37,37607,19737,0.5742611935067146,987,515,24860,25421,10999,5775,11679,17537,48286,35714,0,0,6513,5356,21482,2091,6247,565,565,0,0,2699,48024,1050,5265,0,0,0,0,0
708,2593,709.1091921080349,99857,1427,744,102,37,37804,19846,0.5773255755730695,1042,538,24769,25412,11060,5813,11598,17454,48289,35718,0,0,6486,5335,21446,2110,6300,572,587,0,0,2804,47921,1047,5249,0,0,0,0,0
709,2593,710.2612100728435,99857,1507,791,102,37,38126,19998,0.5820723634797761,1036,559,24693,25417,11188,5869,11472,17325,48292,35722,0,0,6452,5305,21362,2137,6411,581,616,0,0,2950,47770,1042,5231,0,0,0,0,0
710,2593,711.1267576328072,99857,1539,821,102,37,38342,20115,0.5854071321990446,1103,583,24578,25404,11299,5930,11377,17223,48295,35726,0,0,6420,5276,21308,2163,6477,589,643,0,0,3075,47645,1038,5223,0,0,0,0,0
711,2593,712.2846130230088,99857,1613,869,102,37,38685,20283,0.5905244499634478,1173,610,24425,25379,11437,6010,11248,17093,48298,35730,0,0,6374,5247,21227,2191,6582,605,686,0,0,3246,47471,1031,5197,0,0,0,0,0
712,2593,713.1558598805445,99856,1688,881,102,38,38945,20420,0.5945060887678256,1205,640,24311,25337,11523,6100,11169,17002,48301,35734,0,0,6341,5225,21178,2211,6653,613,716,0,0,3407,47306,1025,5181,0,0,0,0,0
713,2593,714.0300171535431,99855,1750,923,103,38,39219,20577,0.598828301036503,1246,631,24190,25336,11640,6179,11069,16891,48304,35738,0,0,6310,5194,21117,2235,6739,628,744,0,0,3549,47156,1022,5161,0,0,0,0,0
714,2593,715.2001674834472,99855,1819,965,103,38,39598,20768,0.6045365780381553,1296,659,24025,25321,11803,6271,10952,16744,48307,35742,0,0,6276,5152,21040,2275,6840,653,772,0,0,3767,46933,1014,5133,0,0,0,0,0
715,2593,716.081598249829,99855,1897,972,103,38,39913,20910,0.6091132141605328,1350,677,23879,25290,11926,6377,10843,16644,48310,35746,0,0,6238,5121,20972,2299,6934,668,807,0,0,3939,46759,1005,5113,0,0,0,0,0
716,2593,717.2626253849149,99855,1991,990,103,38,40314,21117,0.6152020429622953,1400,723,23698,25244,12087,6515,10719,16488,48313,35750,0,0,6199,5092,20871,2322,7078,686,839,0,0,4172,46518,999,5079,0,0,0,0,0
717,2593,718.1527682577803,99855,2041,1028,103,38,40618,21300,0.6200791147163387,1490,732,23537,25189,12229,6621,10598,16390,48316,35754,0,0,6162,5060,20794,2344,7181,708,871,0,0,4343,46337,996,5059,0,0,0,0,0
718,2593,719.0467270003836,99855,2110,1074,103,38,40944,21463,0.6249762155124932,1536,745,23397,25153,12376,6697,10476,16291,48319,35758,0,0,6132,5023,20711,2382,7275,726,895,0,0,4510,46167,989,5045,0,0,0,0,0
719,2593,720.2448317289761,99854,2212,1101,104,38,41433,21690,0.6321529432972139,1579,813,23179,25102,12600,6829,10324,16115,48321,35762,0,0,6073,4972,20604,2420,7437,752,950,0,0,4746,45914,978,5008,0,0,0,0,0
720,2593,721.148921140028,99853,2248,1155,104,39,41786,21879,0.6375872532622956,1631,841,23035,25051,12783,6921,10197,15991,48323,35766,0,0,6016,4937,20516,2444,7544,775,1005,0,0,4935,45715,966,5000,0,0,0,0,0
721,2593,722.0573685785131,99853,2360,1197,104,39,42168,22059,0.643215526824432,1668,869,22840,24994,12935,7026,10091,15873,48325,35770,0,0,5972,4911,20446,2466,7638,794,1043,0,0,5130,45516,959,4978,0,0,0,0,0
722,2593,723.2771310098788,99852,2390,1231,104,40,42644,22322,0.6506229219244481,1796,908,22602,24916,13175,7188,9931,15715,48327,35774,0,0,5902,4855,20325,2516,7791,824,1106,0,0,5440,45199,945,4949,0,0,0,0,0
723,2593,724.198612549647,99852,2471,1310,104,40,43053,22551,0.6570123783199134,1813,950,22432,24846,13366,7284,9812,15568,48329,35778,0,0,5846,4825,20238,2533,7923,846,1156,0,0,5644,44988,940,4913,0,0,0,0,0
724,2593,725.1254265898381,99850,2571,1343,106,40,43472,22756,0.6632749123685528,1885,991,22229,24759,13537,7408,9670,15457,48331,35781,0,0,5789,4784,20138,2572,8046,871,1206,0,0,5846,44779,933,4886,0,0,0,0,0
725,2593,726.0578958753114,99850,2621,1403,106,40,43885,22997,0.6698247371056585,1932,989,22055,24715,13736,7515,9548,15336,48333,35784,0,0,5746,4741,20024,2607,8191,898,1244,0,0,6087,44528,926,4858,0,0,0,0,0
726,2593,727.3100756370046,99850,2762,1468,106,40,44522,23303,0.6792689033550325,1961,1002,21821,24635,13984,7690,9364,15163,48335,35787,0,0,5681,4683,19883,2677,8377,934,1295,0,0,6389,44197,912,4822,0,0,0,0,0
727,2593,728.255994953086,99850,2848,1529,106,40,44994,23552,0.6864897346019029,2018,1041,21603,24549,14189,7823,9234,15016,48337,35790,0,0,5624,4631,19787,2719,8526,957,1345,0,0,6633,43938,905,4785,0,0,0,0,0
728,2593,729.2091368780686,99849,2951,1544,107,40,45502,23791,0.6939779066390249,2043,1099,21384,24444,14416,7983,9097,14888,48339,35793,0,0,5557,4573,19672,2769,8681,995,1403,0,0,6867,43680,897,4755,0,0,0,0,0
729,2593,730.1699118009641,99849,3055,1590,107,40,46027,24053,0.701859808310549,2051,1141,21167,24339,14654,8140,8964,14748,48341,35796,0,0,5510,4533,19550,2803,8856,1024,1444,0,0,7143,43376,887,4723,0,0,0,0,0
730,2593,731.1386005244415,99849,3109,1620,107,40,46489,24318,0.709140802611944,2143,1171,20951,24249,14866,8322,8822,14596,48343,35799,0,0,5447,4486,19419,2842,9011,1064,1499,0,0,7410,43091,879,4701,0,0,0,0,0
731,2593,732.1151385952916,99849,3195,1683,107,40,47031,24615,0.717543490670913,2170,1201,20739,24134,15098,8481,8689,14459,48345,35802,0,0,5372,4445,19282,2888,9188,1105,1555,0,0,7675,42804,869,4666,0,0,0,0,0
732,2593,733.0996228263828,99847,3265,1754,109,40,47563,24913,0.7258705819904454,2279,1257,20473,24007,15330,8638,8542,14302,48347,35805,0,0,5326,4397,19168,2928,9366,1144,1590,0,0,7956,42486,858,4628,0,0,0,0,0
733,2593,734.0937066858065,99846,3333,1819,110,40,48132,25245,0.7349017486929872,2327,1239,20193,23902,15623,8836,8412,14162,48349,35808,0,0,5249,4332,19021,2995,9548,1188,1656,0,0,8263,42156,844,4594,0,0,0,0,0
734,2593,735.0995629641865,99844,3391,1882,112,40,48698,25561,0.7437502503906094,2391,1328,19942,23754,15894,9001,8268,13993,48351,35811,0,0,5189,4290,18876,3036,9763,1220,1699,0,0,8587,41801,833,4550,0,0,0,0,0
735,2593,736.1157824892708,99842,3440,1918,114,40,49285,25895,0.7529897237635464,2464,1338,19667,23630,16192,9217,8121,13855,48353,35814,0,0,5121,4240,18705,3072,9993,1275,1753,0,0,8913,41440,826,4504,0,0,0,0,0
736,2593,737.1434906868317,99842,3502,1961,114,40,49885,26244,0.7624947416918731,2471,1354,19422,23534,16502,9422,7987,13687,48355,35817,0,0,5038,4191,18552,3111,10202,1327,1821,0,0,9257,41066,815,4462,0,0,0,0,0
737,2593,738.1831353269994,99842,3608,2011,114,40,50534,26603,0.7725906932954067,2499,1379,19150,23410,16804,9630,7823,13528,48357,35820,0,0,4965,4137,18399,3147,10406,1394,1886,0,0,9586,40695,804,4423,0,0,0,0,0
738,2593,739.2351234492975,99841,3721,2052,114,41,51167,26962,0.7825342294247855,2571,1415,18880,23278,17059,9847,7653,13365,48359,35823,0,0,4893,4081,18252,3184,10611,1461,1946,0,0,9889,40341,796,4387,0,0,0,0,0
739,2593,740.2986983806561,99839,3820,2123,114,43,51877,27337,0.7934174020172478,2563,1424,18635,23162,17386,10055,7480,13191,48361,35826,0,0,4817,4019,18105,3236,10806,1532,2007,0,0,10262,39929,783,4343,0,0,0,0,0
740,2593,741.0146504603441,99839,3861,2156,114,43,52343,27590,0.8006189965845011,2596,1438,18454,23069,17604,10211,7369,13081,48363,35829,0,0,4752,3976,17994,3287,10951,1580,2056,0,0,10491,39660,769,4323,0,0,0,0,0
741,2593,742.0997476947686,99839,3934,2204,114,43,53026,27999,0.8115566061358788,2609,1431,18196,22922,17933,10491,7212,12907,48365,35832,0,0,4682,3909,17817,3353,11206,1643,2107,0,0,10851,39237,759,4275,0,0,0,0,0
742,2593,743.1987123461547,99838,4001,2226,115,43,53731,28378,0.8224223241651475,2647,1487,17942,22767,18248,10739,7045,12736,48367,35835,0,0,4597,3828,17641,3427,11453,1717,2174,0,0,11203,38835,741,4222,0,0,0,0,0
743,2593,744.2927776594579,99838,4046,2271,115,43,54431,28779,0.8334501893066768,2686,1529,17689,22624,18589,10969,6873,12562,48369,35838,0,0,4533,3751,17469,3497,11710,1796,2220,0,0,11552,38413,727,4170,0,0,0,0,0
744,2593,745.0095561869604,99838,4083,2302,115,43,54890,29040,0.8406618722330175,2718,1575,17497,22517,18803,11119,6782,12442,48371,35841,0,0,4479,3714,17367,3526,11864,1841,2258,0,0,11811,38117,719,4142,0,0,0,0,0
745,2593,746.0688736623554,99838,4071,2352,115,43,55527,29447,0.8511188124762115,2841,1574,17232,22362,19096,11365,6643,12302,48373,35844,0,0,4399,3650,17194,3593,12108,1922,2314,0,0,12155,37696,706,4101,0,0,0,0,0
746,2593,747.1094481304992,99838,4236,2456,115,43,56298,29871,0.8630882028886797,2758,1573,16992,22211,19404,11575,6493,12140,48375,35847,0,0,4331,3579,17035,3659,12347,1973,2360,0,0,12506,37286,694,4068,0,0,0,0,0
747,2593,748.131074230481,99838,4308,2488,115,43,57017,30275,0.8743364250085138,2786,1576,16711,22055,19723,11842,6355,11994,48377,35850,0,0,4258,3519,16854,3713,12600,2053,2409,0,0,12886,36844,686,4016,0,0,0,0,0
748,2593,749.1347531662974,99838,4471,2528,115,43,57759,30678,0.8858050041066527,2753,1606,16449,21864,19981,12102,6229,11855,48379,35853,0,0,4202,3449,16685,3784,12837,2122,2441,0,0,13224,36443,674,3977,0,0,0,0,0
749,2593,750.122553668276,99836,4545,2502,116,44,58465,31030,0.896420129011579,2716,1715,16223,21676,20290,12363,6108,11698,48381,35856,0,0,4135,3393,16527,3825,13095,2196,2489,0,0,13597,35994,664,3921,0,0,0,0,0
750,2593,751.0945151441299,99836,4535,2567,116,44,59080,31452,0.9068071637485476,2815,1712,15991,21531,20582,12595,5959,11549,48383,35859,0,0,4077,3335,16347,3866,13342,2293,2525,0,0,13924,35599,656,3872,0,0,0,0,0
751,2593,752.0517165612089,99836,4598,2663,116,44,59740,31872,0.9176249048439441,2903,1699,15737,21388,20811,12779,5833,11425,48385,35862,0,0,4016,3275,16179,3911,13604,2358,2572,0,0,14234,35220,641,3826,0,0,0,0,0
752,2593,753.3079651058523,99836,4673,2716,116,44,60642,32416,0.9321086581994471,2931,1753,15423,21175,21163,13113,5692,11197,48387,35865,0,0,3934,3199,15938,3974,13947,2478,2633,0,0,14645,34689,625,3774,0,0,0,0,0
753,2593,754.2342407296745,99836,4679,2745,116,44,61286,32833,0.9427360871829801,2979,1769,15203,21026,21466,13355,5555,11059,48389,35867,0,0,3861,3149,15752,4006,14228,2566,2686,0,0,14964,34281,616,3727,0,0,0,0,0
754,2593,755.146578600218,99836,4736,2780,116,44,61944,33248,0.9534837132897953,2989,1772,15011,20888,21713,13607,5433,10907,48391,35869,0,0,3796,3092,15589,4051,14469,2642,2731,0,0,15316,33851,606,3693,0,0,0,0,0
755,2593,756.0475981948692,99835,4788,2811,116,45,62604,33635,0.9639805679370962,3019,1794,14805,20759,21955,13825,5315,10764,48393,35871,0,0,3741,3037,15450,4084,14731,2734,2764,0,0,15587,33477,594,3636,0,0,0,0,0
756,2593,757.2313400516016,99834,4880,2891,117,45,63476,34194,0.9783240178696636,3041,1794,14522,20555,22271,14129,5167,10584,48395,35873,0,0,3660,2966,15242,4155,15056,2847,2816,0,0,15960,32978,571,3583,0,0,0,0,0
757,2593,758.106890187449,99834,5009,2919,117,45,64180,34559,0.9890317927760082,2961,1854,14350,20405,22498,14333,5063,10442,48397,35875,0,0,3596,2913,15094,4205,15274,2934,2854,0,0,16242,32621,558,3543,0,0,0,0,0
758,2593,759.2572411102099,99833,5028,2982,118,45,65018,35080,1.0026544329029479,2984,1904,14109,20173,22857,14615,4902,10279,48399,35877,0,0,3514,2845,14886,4222,15625,3064,2909,0,0,16572,32150,550,3496,0,0,0,0,0
759,2593,760.1071198470983,99833,5008,3057,118,45,65646,35504,1.0131920306912543,2979,1904,13893,20032,23188,14805,4812,10155,48401,35879,0,0,3444,2799,14728,4251,15867,3173,2960,0,0,16848,31766,540,3457,0,0,0,0,0
760,2593,761.2223115897514,99830,5049,3124,120,46,66491,36055,1.0272062506260644,3002,1867,13592,19886,23553,15075,4682,10000,48403,35881,0,0,3360,2732,14495,4299,16224,3307,3015,0,0,17174,31302,529,3393,0,0,0,0,0
761,2593,762.0466780372923,99830,5080,3171,120,46,67134,36445,1.037553841530602,3009,1883,13400,19715,23803,15285,4586,9898,48405,35883,0,0,3303,2684,14354,4346,16455,3412,3036,0,0,17413,30947,518,3362,0,0,0,0,0
762,2593,763.131404749637,99829,5141,3227,121,46,67955,36953,1.0508769996694347,3006,1868,13190,19584,24054,15540,4486,9733,48407,35885,0,0,3234,2627,14152,4371,16756,3556,3079,0,0,17721,30500,511,3322,0,0,0,0,0
763,2593,764.2031316736051,99829,5142,3277,121,46,68730,37438,1.0634985825762053,3055,1894,12944,19425,24362,15780,4374,9576,48409,35887,0,0,3166,2560,13971,4418,17054,3694,3119,0,0,18019,30062,497,3269,0,0,0,0,0
764,2593,765.260850023126,99828,5201,3320,122,46,69538,37942,1.076651841166807,3053,1910,12729,19248,24640,16059,4253,9415,48410,35889,0,0,3106,2497,13791,4463,17382,3824,3146,0,0,18295,29619,484,3221,0,0,0,0,0
765,2593,766.0451462707659,99828,5283,3311,122,46,70180,38303,1.086699122490684,3020,1918,12552,19127,24843,16296,4178,9300,48411,35891,0,0,3064,2452,13650,4484,17644,3929,3171,0,0,18520,29282,476,3156,0,0,0,0,0
766,2593,767.0798959304304,99828,5240,3300,122,46,70940,38786,1.0991505389269545,3094,1911,12327,18971,25155,16598,4060,9172,48412,35893,0,0,2980,2392,13454,4531,17978,4075,3213,0,0,18804,28826,467,3108,0,0,0,0,0
767,2593,768.1022018755356,99827,5263,3296,123,46,71739,39268,1.1119937491860918,3080,1908,12132,18817,25450,16880,3950,9051,48413,35895,0,0,2912,2332,13266,4564,18281,4248,3252,0,0,19060,28399,454,3059,0,0,0,0,0
768,2593,769.112552998197,99827,5273,3326,123,46,72516,39746,1.1245654983120799,3121,1851,11930,18694,25728,17158,3823,8923,48414,35897,0,0,2847,2268,13085,4590,18614,4396,3280,0,0,19295,27999,449,3004,0,0,0,0,0
769,2593,770.1111437160416,99827,5304,3296,123,46,73284,40169,1.1364961383192924,3070,1879,11731,18551,26036,17430,3734,8796,48415,35899,0,0,2779,2209,12922,4640,18904,4548,3311,0,0,19521,27596,434,2963,0,0,0,0,0
770,2593,771.0983886391344,99826,5307,3259,123,47,74058,40615,1.1487287880912789,2988,1929,11568,18372,26358,17714,3654,8677,48416,35901,0,0,2712,2151,12731,4675,19272,4692,3346,0,0,19746,27187,415,2899,0,0,0,0,0
771,2593,772.074482933258,99826,5287,3265,123,47,74757,41080,1.1603890769939695,2964,1919,11417,18227,26625,17980,3582,8560,48417,35903,0,0,2666,2096,12553,4715,19591,4846,3351,0,0,19950,26808,406,2844,0,0,0,0,0
772,2593,773.0414615023209,99825,5239,3261,123,48,75451,41533,1.1718908089156024,2936,1961,11267,18050,26919,18240,3514,8438,48418,35905,0,0,2601,2049,12380,4737,19888,5000,3383,0,0,20206,26388,394,2799,0,0,0,0,0
773,2593,774.2370708348411,99823,5235,3253,125,48,76374,42113,1.1869709385612535,2894,1932,11078,17911,27256,18575,3410,8279,48419,35907,0,0,2507,1994,12150,4750,20315,5194,3430,0,0,20449,25914,382,2738,0,0,0,0,0
774,2593,775.183501503132,99823,5224,3273,125,48,77055,42558,1.1982509041002574,2867,1950,10942,17780,27513,18790,3327,8157,48420,35909,0,0,2458,1949,11985,4774,20604,5349,3440,0,0,20649,25552,372,2691,0,0,0,0,0
775,2593,776.1208041496275,99821,5182,3315,126,49,77699,43047,1.2096252291601968,2861,1896,10785,17656,27799,19036,3245,8046,48421,35911,0,0,2396,1908,11825,4780,20890,5512,3469,0,0,20845,25190,364,2642,0,0,0,0,0
776,2593,777.0495642490084,99820,5114,3285,127,49,78318,43449,1.2198657583650572,2892,1952,10656,17516,28038,19286,3171,7910,48422,35913,0,0,2341,1856,11677,4805,21157,5684,3480,0,0,20998,24856,357,2609,0,0,0,0,0
777,2593,778.1997347409657,99819,5082,3282,127,50,79127,43988,1.2333824221841534,2939,1918,10489,17379,28302,19586,3059,7783,48423,35915,0,0,2280,1811,11470,4833,21511,5887,3497,0,0,21208,24414,347,2561,0,0,0,0,0
778,2593,779.1124465377131,99819,5086,3281,127,50,79800,44407,1.2443222232240354,2881,1924,10388,17260,28513,19808,3003,7675,48424,35917,0,0,2226,1773,11308,4844,21788,6062,3516,0,0,21333,24107,336,2526,0,0,0,0,0
779,2593,780.0190073574264,99818,5073,3302,128,50,80455,44835,1.2551844356729247,2819,1897,10266,17147,28769,20019,2943,7583,48425,35919,0,0,2178,1739,11166,4890,22017,6239,3511,0,0,21485,23776,328,2489,0,0,0,0,0
780,2593,781.1425680513779,99818,5124,3299,128,50,81297,45361,1.268889378669178,2693,1905,10162,16981,29020,20296,2871,7467,48426,35921,0,0,2128,1697,10985,4904,22344,6452,3514,0,0,21648,23385,322,2439,0,0,0,0,0
781,2593,782.0351370718856,99818,5109,3306,128,50,81915,45779,1.2792682682482117,2696,1857,10028,16877,29230,20515,2807,7393,48427,35923,0,0,2078,1652,10854,4935,22613,6599,3521,0,0,21781,23070,313,2402,0,0,0,0,0
782,2593,783.1424310623717,99818,5012,3295,128,50,82658,46296,1.2918912420605502,2677,1827,9889,16739,29546,20804,2746,7283,48428,35925,0,0,2017,1609,10669,4960,22899,6833,3524,0,0,21979,22656,305,2367,0,0,0,0,0
783,2593,784.0212280768744,99818,4997,3297,128,50,83256,46687,1.3017992746799174,2653,1803,9792,16645,29735,21005,2693,7198,48429,35927,0,0,1992,1583,10530,4968,23105,7008,3509,0,0,22145,22333,298,2347,0,0,0,0,0
784,2593,785.1123430700014,99817,4930,3318,129,50,83997,47179,1.3141649218069067,2582,1746,9701,16553,30034,21249,2622,7082,48430,35929,0,0,1927,1536,10357,4989,23389,7234,3529,0,0,22267,21996,291,2302,0,0,0,0,0
785,2593,786.195425339534,99817,4919,3287,129,50,84721,47672,1.32635723373774,2548,1698,9591,16421,30249,21561,2562,6981,48431,35931,0,0,1878,1493,10202,5011,23657,7453,3530,0,0,22428,21629,284,2252,0,0,0,0,0
786,2593,787.0569073476287,99816,4867,3244,130,50,85281,48021,1.3354772781918731,2523,1700,9511,16344,30455,21754,2512,6906,48432,35933,0,0,1844,1461,10081,5041,23890,7626,3511,0,0,22511,21357,275,2219,0,0,0,0,0
787,2593,788.127192977993,99815,4823,3207,131,50,85991,48475,1.3471522316285127,2534,1705,9401,16262,30661,21979,2448,6795,48433,35935,0,0,1780,1426,9930,5046,24154,7845,3530,0,0,22665,20990,270,2179,0,0,0,0,0
788,2593,789.1911294355868,99814,4732,3157,132,50,86668,48928,1.3584867854208829,2499,1671,9310,16157,30922,22268,2403,6695,48434,35937,0,0,1724,1399,9771,5033,24412,8092,3548,0,0,22802,20629,265,2139,0,0,0,0,0
789,2593,790.037474512089,99814,4634,3128,132,50,87193,49267,1.3671428857675276,2434,1642,9261,16095,31175,22466,2362,6617,48435,35939,0,0,1684,1361,9656,5053,24578,8293,3547,0,0,22911,20365,258,2108,0,0,0,0,0
790,2593,791.0889801830003,99814,4475,3101,132,50,87788,49695,1.377391949025187,2479,1614,9193,16025,31409,22688,2310,6520,48436,35941,0,0,1638,1322,9498,5045,24883,8498,3548,0,0,23020,20041,250,2071,0,0,0,0,0
791,2593,792.1354658657165,99814,4527,3046,132,50,88461,50126,1.388452521690344,2378,1573,9125,15958,31573,22946,2263,6425,48437,35943,0,0,1603,1295,9361,5040,25174,8678,3554,0,0,23113,19730,236,2030,0,0,0,0,0
792,2593,793.1775962998202,99813,4510,2953,133,50,89063,50486,1.3981044553314699,2344,1582,9079,15881,31728,23180,2204,6352,48438,35945,0,0,1579,1263,9228,5050,25410,8889,3542,0,0,23178,19444,231,1999,0,0,0,0,0
793,2593,794.0086007061211,99813,4445,2950,133,50,89539,50815,1.406169537034254,2304,1541,9054,15847,31884,23336,2178,6274,48439,35947,0,0,1550,1241,9128,5056,25590,9054,3534,0,0,23252,19212,225,1971,0,0,0,0,0
794,2593,795.0437277461945,99812,4415,2895,133,51,90141,51193,1.4160020839177654,2233,1541,9013,15771,32069,23553,2135,6187,48440,35949,0,0,1515,1219,9000,5066,25837,9243,3521,0,0,23335,18921,221,1934,0,0,0,0,0
795,2593,796.0749665181029,99812,4366,2834,133,51,90699,51583,1.4254999398869876,2239,1499,8948,15716,32222,23792,2090,6106,48441,35951,0,0,1484,1186,8865,5084,26076,9427,3503,0,0,23426,18638,217,1906,0,0,0,0,0
796,2593,797.1023654836661,99811,4334,2787,133,52,91280,51962,1.435132400236447,2191,1491,8912,15657,32380,23986,2048,6025,48442,35953,0,0,1442,1161,8754,5079,26261,9645,3519,0,0,23493,18367,211,1879,0,0,0,0,0
797,2593,798.1262908894043,99810,4294,2782,134,52,91836,52342,1.4445245967337943,2210,1436,8843,15610,32504,24164,2013,5954,48443,35955,0,0,1411,1134,8643,5087,26458,9844,3502,0,0,23542,18128,205,1856,0,0,0,0,0
798,2593,799.147402393669,99809,4260,2713,135,52,92412,52711,1.4540071536634973,2180,1411,8807,15566,32640,24379,1976,5877,48444,35957,0,0,1387,1110,8513,5091,26672,10072,3494,0,0,23567,17879,196,1828,0,0,0,0,0
799,2593,800.1653169593892,99808,4229,2679,136,52,92948,53075,1.4630390349470985,2143,1414,8764,15501,32782,24547,1944,5805,48445,35959,0,0,1363,1090,8399,5076,26888,10271,3476,0,0,23580,17664,191,1810,0,0,0,0,0
800,2593,801.180110589564,99808,4150,2637,136,52,93493,53417,1.4719260981083682,2084,1410,8750,15454,32968,24701,1910,5744,48446,35961,0,0,1332,1061,8307,5068,27074,10496,3464,0,0,23609,17432,187,1778,0,0,0,0,0
801,2593,802.191269699586,99808,4069,2625,136,52,94015,53812,1.4811137383776851,2058,1331,8740,15435,33125,24883,1870,5672,48447,35963,0,0,1302,1029,8209,5086,27244,10723,3451,0,0,23631,17199,184,1750,0,0,0,0,0
802,2593,803.1999473000687,99808,3997,2615,136,52,94541,54164,1.4899106284065406,1977,1282,8758,15413,33287,25031,1843,5605,48448,35965,0,0,1279,1006,8124,5070,27450,10931,3437,0,0,23622,16986,181,1722,0,0,0,0,0
803,2593,804.0049476927718,99808,3911,2571,136,52,94939,54418,1.4964431708881052,1955,1291,8751,15381,33434,25149,1811,5554,48449,35967,0,0,1248,994,8037,5048,27588,11112,3443,0,0,23658,16796,181,1703,0,0,0,0,0
804,2593,805.0079940428833,99808,3834,2521,136,52,95438,54736,1.5046288874639306,1862,1319,8742,15345,33638,25289,1786,5472,48450,35969,0,0,1221,967,7938,5034,27808,11298,3438,0,0,23672,16578,177,1677,0,0,0,0,0
805,2593,806.0076187099371,99806,3770,2493,136,54,95896,55044,1.5123339278199708,1827,1305,8736,15317,33766,25407,1763,5422,48451,35971,0,0,1193,939,7854,5037,27936,11492,3429,0,0,23726,16372,173,1655,0,0,0,0,0
806,2593,807.0051055230581,99806,3667,2463,136,54,96330,55360,1.5198485061018376,1846,1263,8723,15294,33894,25556,1732,5368,48452,35972,0,0,1172,924,7771,5024,28079,11696,3414,0,0,23763,16163,168,1632,0,0,0,0,0
807,2593,808.0005473786752,99804,3596,2423,138,54,96756,55684,1.5273936916356057,1850,1255,8737,15264,33968,25697,1709,5305,48453,35973,0,0,1155,907,7678,5006,28300,11873,3401,0,0,23731,15981,165,1607,0,0,0,0,0
808,2593,809.1936396012376,99804,3554,2420,138,54,97299,56072,1.5367219750711394,1854,1218,8722,15265,34049,25817,1681,5224,48454,35974,0,0,1127,893,7579,5014,28476,12094,3374,0,0,23744,15763,159,1581,0,0,0,0,0
809,2593,810.1861658334016,99804,3513,2381,138,54,97774,56357,1.5443369003246363,1810,1188,8724,15248,34168,25954,1645,5173,48455,35975,0,0,1111,871,7501,5031,28609,12299,3356,0,0,23730,15586,153,1557,0,0,0,0,0
810,2593,811.1765820682459,99803,3415,2362,139,54,98221,56656,1.55182709938579,1731,1160,8728,15246,34364,26048,1621,5128,48456,35976,0,0,1087,855,7417,4998,28769,12502,3356,0,0,23726,15405,149,1539,0,0,0,0,0
811,2593,812.1642001124466,99803,3325,2314,139,54,98634,56960,1.5590112521667685,1687,1127,8734,15233,34506,26190,1607,5080,48457,35977,0,0,1065,842,7335,4991,28920,12696,3345,0,0,23743,15200,147,1519,0,0,0,0,0
812,2593,813.1501863078915,99803,3223,2274,139,54,99035,57221,1.5656443193090388,1712,1123,8725,15196,34618,26312,1581,5039,48458,35978,0,0,1043,826,7254,4960,29052,12898,3341,0,0,23741,15038,145,1505,0,0,0,0,0
813,2593,814.1342937921107,99803,3181,2227,139,54,99480,57497,1.5728685510455598,1680,1130,8742,15170,34699,26431,1557,4986,48459,35979,0,0,1026,806,7180,4966,29157,13114,3320,0,0,23712,14888,140,1494,0,0,0,0,0
814,2593,815.1175689825187,99803,3165,2176,139,54,99884,57770,1.579651914271114,1627,1094,8767,15148,34765,26584,1535,4942,48460,35980,0,0,1011,795,7114,4950,29297,13287,3311,0,0,23708,14719,137,1474,0,0,0,0,0
815,2593,816.1000533001294,99803,3133,2152,139,54,100294,58038,1.586445297235554,1562,1091,8774,15147,34881,26655,1509,4899,48461,35981,0,0,995,781,7047,4939,29433,13451,3295,0,0,23709,14554,133,1466,0,0,0,0,0
816,2593,817.0807675029627,99802,3041,2132,140,54,100661,58309,1.592853850624236,1543,1086,8803,15143,34982,26740,1489,4843,48462,35982,0,0,976,763,6959,4931,29565,13633,3282,0,0,23695,14414,132,1452,0,0,0,0,0
817,2593,818.0603546240997,99800,3031,2142,142,54,101033,58580,1.5993286573146293,1473,1061,8824,15123,35057,26831,1471,4787,48463,35983,0,0,960,750,6896,4926,29680,13784,3273,0,0,23687,14280,129,1435,0,0,0,0,0
818,2593,819.0387211028991,99800,2952,2114,142,54,101379,58849,1.6054909819639278,1491,1052,8845,15140,35133,26902,1435,4736,48464,35984,0,0,942,743,6826,4913,29830,13948,3263,0,0,23657,14133,124,1421,0,0,0,0,0
819,2593,820.0160147915258,99799,2935,2104,143,54,101779,59111,1.612140402208439,1446,1024,8873,15135,35190,26981,1411,4700,48465,35985,0,0,937,735,6754,4900,29929,14129,3234,0,0,23656,13999,121,1405,0,0,0,0,0
820,2593,821.1880491622335,99799,2853,2035,143,54,102190,59397,1.6191244401246505,1400,1004,8906,15145,35307,27117,1389,4643,48466,35986,0,0,917,723,6677,4888,30049,14353,3219,0,0,23627,13844,117,1385,0,0,0,0,0
821,2593,822.1637617414661,99799,2797,1994,143,54,102532,59631,1.6248960410424955,1383,999,8937,15149,35354,27205,1384,4597,48467,35987,0,0,896,718,6606,4868,30158,14520,3214,0,0,23614,13713,116,1376,0,0,0,0,0
822,2593,823.1396266594304,99799,2753,1916,143,54,102872,59846,1.6304572190102105,1361,998,8988,15147,35387,27321,1366,4562,48468,35988,0,0,872,704,6551,4875,30276,14671,3201,0,0,23597,13575,115,1362,0,0,0,0,0
823,2593,824.1160010908417,99799,2702,1913,143,54,103197,60084,1.6360985581017846,1378,987,9014,15155,35414,27376,1347,4513,48469,35989,0,0,864,697,6507,4860,30338,14842,3187,0,0,23584,13456,114,1350,0,0,0,0,0
824,2593,825.0922295865743,99799,2655,1918,143,54,103527,60328,1.6418501187386647,1395,983,9053,15179,35421,27399,1331,4465,48470,35990,0,0,854,692,6460,4851,30443,14996,3162,0,0,23550,13345,113,1333,0,0,0,0,0
825,2593,826.0685033144583,99798,2653,1905,143,55,103868,60588,1.6478887352451952,1357,912,9095,15210,35435,27480,1315,4436,48471,35991,0,0,839,679,6418,4856,30507,15157,3151,0,0,23550,13215,109,1317,0,0,0,0,0
826,2593,827.045352251981,99798,2625,1858,143,55,104203,60804,1.653409887973707,1302,871,9149,15241,35487,27572,1292,4401,48472,35992,0,0,821,668,6378,4857,30577,15318,3141,0,0,23537,13086,108,1307,0,0,0,0,0
827,2593,828.022371004888,99798,2576,1805,143,55,104505,61003,1.658430028657889,1320,859,9170,15261,35509,27648,1280,4370,48473,35993,0,0,809,654,6320,4858,30686,15463,3128,0,0,23496,12981,106,1297,0,0,0,0,0
828,2593,829.194635453876,99798,2566,1769,143,55,104910,61239,1.6648530030661937,1257,860,9204,15266,35566,27727,1262,4321,48474,35994,0,0,799,644,6252,4853,30781,15641,3103,0,0,23495,12843,103,1284,0,0,0,0,0
829,2593,830.1712640761688,99798,2510,1745,143,55,105201,61450,1.6698831639912624,1255,824,9227,15281,35619,27801,1244,4292,48475,35995,0,0,791,634,6209,4844,30863,15793,3089,0,0,23465,12735,101,1274,0,0,0,0,0
830,2593,831.1476838581186,99798,2509,1714,143,55,105516,61656,1.6751037094931762,1216,820,9267,15291,35636,27871,1227,4247,48476,35996,0,0,780,632,6158,4825,30971,15926,3073,0,0,23428,12642,101,1262,0,0,0,0,0
831,2593,832.1240113810788,99798,2454,1679,143,55,105807,61855,1.6800136275276059,1186,806,9313,15307,35689,27949,1213,4202,48477,35997,0,0,772,620,6118,4835,31018,16086,3048,0,0,23418,12531,99,1253,0,0,0,0,0
832,2593,833.1004328555268,99798,2406,1647,143,55,106094,62034,1.6846830597807572,1177,813,9371,15347,35706,27964,1195,4172,48478,35998,0,0,766,614,6086,4836,31027,16262,3026,0,0,23398,12438,96,1249,0,0,0,0,0
833,2593,834.0774164549664,99797,2335,1619,144,55,106368,62233,1.6894395623114924,1154,804,9421,15367,35759,28013,1185,4140,48479,35999,0,0,751,603,6041,4825,31075,16431,3020,0,0,23379,12337,95,1240,0,0,0,0,0
834,2593,835.0540878372991,99796,2273,1605,145,55,106632,62436,1.6941360375165337,1166,793,9468,15406,35777,28040,1169,4099,48480,36000,0,0,734,594,6005,4825,31131,16578,3007,0,0,23358,12237,94,1233,0,0,0,0,0
835,2593,836.0312539549964,99796,2239,1583,145,55,106902,62620,1.6986853180488195,1134,778,9530,15434,35798,28080,1152,4068,48481,36001,0,0,725,589,5963,4819,31163,16730,2996,0,0,23353,12144,93,1221,0,0,0,0,0
836,2593,837.0088902970788,99796,2188,1547,145,55,107171,62811,1.7032947212313119,1115,753,9571,15486,35839,28123,1140,4034,48482,36002,0,0,714,583,5924,4812,31241,16874,2986,0,0,23310,12049,90,1213,0,0,0,0,0
837,2593,838.1825213555089,99796,2164,1497,145,55,107530,63017,1.7089562707924166,1045,751,9656,15538,35860,28159,1128,3998,48483,36003,0,0,703,573,5874,4791,31312,17058,2979,0,0,23270,11945,88,1203,0,0,0,0,0
838,2593,839.1610526554803,99796,2079,1478,145,55,107788,63200,1.7133752855825886,1005,735,9727,15586,35927,28174,1115,3970,48484,36004,0,0,697,564,5836,4772,31412,17195,2967,0,0,23225,11849,86,1193,0,0,0,0,0
839,2593,840.1396035304062,99796,2009,1413,145,55,108031,63365,1.7174636257966251,975,688,9813,15638,35951,28265,1105,3939,48485,36005,1,1,686,557,5797,4765,31447,17360,2956,0,0,23204,11752,84,1188,0,0,0,0,0
840,2593,841.1193064385872,99795,1951,1390,146,55,108278,63550,1.7218097099053058,927,678,9871,15692,36009,28279,1094,3904,48486,36006,2,2,679,552,5761,4748,31511,17496,2945,0,0,23184,11656,82,1181,0,0,0,0,0
841,2593,842.0991620158131,99795,1932,1349,146,55,108514,63710,1.7257778445813918,929,687,9923,15735,35981,28301,1087,3871,48487,36007,3,3,672,546,5727,4732,31552,17641,2937,0,0,23152,11582,81,1173,0,0,0,0,0
842,2593,843.080093964202,99795,1849,1309,146,55,108719,63861,1.7293451575730248,943,663,9987,15777,35993,28346,1080,3848,48488,36008,4,4,662,538,5686,4715,31616,17766,2930,0,0,23130,11503,81,1167,0,0,1,0,0
843,2593,844.0619883093328,99795,1820,1282,146,55,108966,64019,1.7334034771281126,893,642,10060,15817,36007,28383,1072,3819,48489,36009,5,5,654,533,5660,4709,31649,17905,2916,0,0,23094,11435,80,1158,0,0,1,0,1
844,2593,845.045117825724,99794,1810,1276,147,55,109188,64179,1.7372487323887207,883,615,10125,15864,35967,28387,1066,3801,48490,36010,6,6,649,522,5630,4705,31674,18024,2908,0,0,23090,11360,79,1150,0,1,1,0,1
845,2593,846.0293506595297,99794,1756,1236,147,55,109400,64323,1.7408160811271218,862,610,10201,15916,35977,28404,1055,3777,48491,36011,7,7,641,515,5601,4688,31725,18154,2900,0,0,23059,11292,78,1137,0,2,1,0,1
846,2593,847.0148750085085,99794,1702,1219,147,55,109609,64466,1.7443433472954286,820,586,10285,15989,35995,28388,1049,3761,48492,36012,8,8,638,513,5573,4669,31774,18278,2888,0,0,23021,11227,78,1130,0,3,1,0,1
847,2593,848.0013653560138,99794,1678,1222,147,55,109807,64626,1.7479307373188768,806,556,10368,16048,35950,28380,1049,3737,48493,36013,9,9,634,507,5547,4663,31837,18366,2879,0,0,22995,11153,78,1128,0,4,2,0,1
848,2593,849.1871917239408,99793,1648,1170,148,55,110033,64773,1.7516859899992985,822,590,10436,16115,35913,28362,1031,3706,48494,36014,10,10,623,502,5519,4645,31911,18486,2870,0,0,22946,11088,76,1120,0,4,2,0,1
849,2593,850.176598830775,99793,1644,1159,148,55,110258,64936,1.7555740382591964,811,568,10481,16172,35893,28361,1021,3683,48495,36015,11,11,616,499,5498,4623,31942,18610,2864,0,0,22922,11020,76,1114,0,5,2,0,2
850,2593,851.1670467917714,99793,1602,1114,148,55,110449,65074,1.7588708626857594,806,570,10540,16215,35885,28393,1017,3651,48496,36016,12,12,614,495,5471,4617,31986,18740,2843,0,0,22874,10965,75,1103,0,6,2,0,2
851,2593,852.1586775661871,99793,1582,1077,148,55,110639,65194,1.7619772929965027,787,586,10611,16255,35857,28396,1013,3629,48497,36017,14,14,607,492,5442,4616,32003,18860,2837,0,0,22844,10913,74,1093,0,7,2,0,3
852,2593,853.1514815929615,99793,1548,1100,148,55,110833,65356,1.7655446774823886,779,540,10680,16318,35835,28379,1008,3606,48498,36018,16,16,601,488,5410,4600,32070,18962,2830,0,0,22797,10862,74,1087,0,7,2,0,3
853,2593,854.1455923092576,99793,1488,1097,148,55,110996,65493,1.768550900363753,804,519,10751,16366,35804,28373,1003,3588,48499,36019,19,18,595,483,5386,4581,32120,19065,2825,0,0,22756,10811,74,1083,0,8,2,0,4
854,2593,855.1414013461547,99793,1437,1103,148,55,111177,65630,1.7717374966179993,835,489,10807,16426,35774,28358,997,3567,48500,36020,23,21,589,481,5365,4571,32152,19175,2821,0,0,22720,10754,72,1077,0,8,2,0,6
855,2593,856.1387038143547,99793,1467,1054,148,55,111396,65748,1.7751144869880653,797,491,10890,16490,35703,28364,993,3544,48501,36021,28,25,583,477,5340,4571,32192,19280,2810,0,0,22672,10706,72,1072,0,9,2,0,7
856,2593,857.1378920994672,99793,1437,1025,148,55,111598,65887,1.7785315603298828,771,473,10953,16543,35699,28371,990,3531,48502,36022,34,30,577,472,5307,4554,32251,19397,2803,0,0,22620,10652,72,1066,0,10,2,0,10
857,2593,858.1381779797383,99793,1380,1001,148,55,111763,66009,1.781407513553055,756,457,11036,16590,35691,28372,987,3523,48503,36023,42,36,574,469,5287,4542,32278,19513,2797,0,0,22590,10586,72,1058,0,13,3,0,11
858,2593,859.1400625218578,99793,1348,971,148,55,111943,66117,1.7842934875191647,732,449,11108,16647,35673,28362,989,3514,48504,36024,51,43,566,466,5261,4523,32319,19615,2796,0,0,22549,10531,72,1058,0,17,8,0,12
859,2593,860.1431218362977,99793,1312,945,148,55,112118,66239,1.7872696481717154,693,429,11185,16702,35672,28363,988,3504,48505,36025,63,51,559,463,5227,4515,32363,19719,2785,0,0,22521,10474,72,1052,1,20,9,0,13
860,2593,861.1476010556077,99793,1304,933,148,55,112297,66349,1.790165642880763,660,431,11262,16760,35631,28321,993,3498,48506,36026,77,61,556,461,5204,4507,32384,19813,2773,0,0,22495,10427,72,1048,1,27,10,0,15
861,2593,862.1536125423976,99793,1250,921,148,55,112436,66458,1.7926507871293578,662,426,11335,16818,35606,28292,997,3486,48507,36027,94,73,553,460,5185,4497,32411,19916,2765,0,0,22442,10381,71,1046,1,36,11,0,18
862,2593,863.1610490276059,99793,1257,895,148,55,112600,66574,1.7954565951519645,626,405,11374,16877,35584,28277,1009,3489,48508,36028,115,87,549,457,5165,4488,32435,20015,2755,0,0,22398,10334,71,1042,1,48,13,0,22
863,2593,864.1699496764445,99793,1255,859,148,55,112766,66675,1.798132133516379,607,423,11451,16918,35520,28262,1017,3481,48509,36029,140,103,544,452,5149,4483,32441,20123,2748,0,0,22363,10280,70,1038,1,58,14,0,29
864,2593,865.1811038976881,99793,1239,828,148,55,112922,66776,1.8007074644514145,588,436,11541,16956,35451,28223,1031,3500,48510,36030,170,122,540,452,5120,4473,32456,20226,2741,0,0,22332,10230,70,1032,1,69,16,0,35
865,2593,866.1947080109803,99793,1214,801,148,55,113069,66874,1.8031625464711953,570,428,11621,17002,35401,28196,1044,3516,48511,36031,206,143,540,446,5094,4484,32435,20351,2722,0,0,22287,10194,69,1030,1,81,19,0,40
866,2593,867.0072311235318,99793,1164,788,148,55,113175,66961,1.8050965498582066,567,407,11683,17059,35375,28146,1061,3543,48512,36032,248,168,538,440,5075,4485,32419,20456,2713,0,0,22239,10160,69,1025,3,101,24,0,46
867,2593,868.024623301908,99793,1189,784,148,55,113336,67066,1.807762067479683,529,399,11746,17098,35306,28084,1080,3578,48513,36033,297,196,535,440,5054,4469,32420,20559,2708,0,0,22194,10115,69,1019,7,121,27,0,56
868,2593,869.0441686929344,99793,1167,766,148,55,113482,67156,1.810126962813023,500,388,11821,17151,35252,28022,1110,3616,48514,36034,354,228,530,432,5017,4468,32406,20679,2704,0,0,22142,10071,69,1016,8,149,34,0,68
869,2593,870.0661183506802,99793,1141,764,148,55,113626,67260,1.8126121070616175,492,370,11890,17199,35193,27954,1134,3656,48515,36035,420,265,528,429,4996,4453,32401,20794,2698,0,0,22092,10012,69,1009,9,181,41,0,81
870,2593,871.0903214728208,99793,1080,743,148,55,113756,67356,1.8148767949655789,500,363,11968,17246,35135,27889,1167,3702,48516,36036,496,307,524,427,4966,4446,32386,20924,2688,0,0,22034,9954,69,1007,9,218,49,0,92
871,2593,872.1169814012171,99793,1055,726,148,55,113889,67441,1.817061316926037,475,358,12052,17284,35062,27802,1206,3773,48517,36037,583,354,521,424,4941,4440,32353,21053,2680,0,0,21968,9906,69,1004,9,253,60,0,112
872,2593,873.146429983585,99793,1036,698,148,55,114024,67527,1.8192759011153088,462,355,12135,17298,34972,27749,1245,3843,48518,36038,682,407,519,421,4925,4430,32337,21168,2673,0,0,21909,9832,69,999,12,298,64,0,137
873,2593,874.1792124791816,99793,1015,679,148,55,114145,67609,1.8213101119316986,454,351,12192,17314,34895,27667,1294,3932,48519,36039,794,466,513,419,4904,4427,32294,21295,2669,0,0,21835,9774,69,993,14,354,74,0,159
874,2593,875.0074081177373,99793,982,683,148,55,114219,67685,1.8228132233723808,464,324,12220,17325,34826,27581,1358,4030,48520,36040,921,532,513,419,4880,4417,32258,21403,2662,0,0,21762,9718,69,989,16,409,87,0,191
875,2593,876.0455990782662,99793,958,671,148,55,114347,67771,1.8249576623610875,458,309,12298,17361,34716,27463,1420,4139,48521,36041,1063,605,510,418,4854,4406,32188,21558,2655,0,0,21692,9660,69,983,17,475,99,0,209
876,2593,877.0874574593444,99793,940,672,148,55,114475,67857,1.8271021013497941,450,302,12347,17386,34619,27313,1494,4270,48522,36042,1222,686,509,416,4823,4396,32116,21716,2649,0,0,21614,9600,69,979,19,535,116,0,236
877,2593,878.132565911232,99793,938,628,148,55,114613,67908,1.8289960217650536,424,316,12403,17409,34511,27176,1574,4414,48523,36043,1399,775,502,416,4791,4391,32038,21886,2648,0,0,21508,9535,68,976,21,608,130,0,275
878,2593,879.1816539329394,99793,923,617,148,55,114725,67995,1.830990149609692,417,287,12464,17411,34379,27052,1667,4576,48524,36044,1596,873,500,414,4755,4381,31971,22039,2642,0,0,21408,9468,67,970,25,701,145,0,307
879,2593,880.0243683307565,99793,919,608,148,55,114816,68047,1.8324231158498092,415,297,12520,17421,34231,26859,1765,4758,48525,36045,1814,980,497,410,4721,4382,31858,22204,2640,0,0,21294,9423,67,961,30,802,169,0,335
880,2593,881.0824315355833,99793,911,574,148,55,114932,68110,1.83421682883569,410,312,12590,17387,34068,26709,1871,4961,48526,36046,2053,1097,496,407,4687,4380,31777,22384,2633,0,0,21159,9356,66,949,38,901,184,0,376
881,2593,882.1459612684973,99793,874,576,148,55,115022,68199,1.8360105418215706,418,296,12667,17385,33900,26503,1991,5183,48527,36047,2315,1224,495,407,4640,4372,31683,22567,2625,0,0,21024,9286,66,940,43,1019,210,0,416
882,2593,883.0010791451139,99793,858,551,148,55,115119,68253,1.8375236740051908,396,293,12723,17347,33754,26327,2119,5425,48528,36048,2601,1362,493,407,4597,4357,31574,22757,2619,0,0,20919,9187,66,932,48,1115,242,0,480
883,2593,884.0753765243751,99793,839,538,148,55,115242,68326,1.8394877396210154,382,274,12780,17331,33600,26113,2249,5687,48529,36049,2912,1511,492,405,4546,4348,31426,22989,2616,0,0,20786,9106,64,921,56,1234,274,0,530
884,2593,885.155424363011,99793,814,516,148,55,115346,68382,1.8410910584910765,392,285,12830,17265,33415,25902,2399,5975,48530,36050,3249,1672,490,402,4519,4339,31275,23214,2613,0,0,20641,8995,64,913,59,1373,295,0,601
885,2593,886.0239795016134,99793,796,506,148,55,115434,68434,1.84249396250238,372,287,12840,17178,33282,25672,2560,6300,48531,36051,3612,1845,487,401,4481,4336,31127,23427,2606,0,0,20464,8909,64,897,70,1534,325,0,665
886,2593,887.1149088973905,99793,766,519,148,55,115531,68517,1.8442976962311985,392,266,12869,17109,33091,25414,2732,6635,48532,36052,4002,2030,486,400,4428,4327,30979,23661,2598,0,0,20279,8807,63,887,78,1691,366,0,743
887,2593,888.2120072582745,99793,757,520,148,55,115639,68602,1.8462316996182098,371,240,12890,17036,32911,25148,2921,6999,48533,36053,4419,2228,486,400,4376,4324,30799,23916,2588,0,0,20093,8697,63,880,84,1855,407,0,825
888,2593,889.0947988587377,99793,727,524,148,55,115707,68652,1.8474141472848797,368,236,12910,16950,32729,24850,3116,7383,48534,36054,4863,2439,481,400,4337,4320,30581,24183,2587,0,0,19896,8603,63,865,94,2036,442,0,905
889,2593,890.2052916289165,99793,718,506,148,55,115809,68723,1.8491477358131332,353,229,12941,16860,32510,24565,3328,7783,48535,36055,5334,2663,480,398,4281,4310,30359,24471,2584,0,0,19707,8486,62,854,105,2214,489,0,993
890,2593,891.099590911742,99793,674,502,148,55,115876,68769,1.8502800797651138,355,238,12959,16748,32323,24242,3539,8213,48536,36056,5832,2900,476,397,4230,4299,30121,24771,2583,0,0,19481,8368,62,843,112,2423,534,0,1093
891,2593,892.2251446990375,99793,661,489,148,55,115978,68831,1.8519234816069263,336,237,12986,16657,32098,23895,3769,8665,48537,36057,6356,3151,472,392,4177,4292,29889,25067,2583,0,0,19228,8251,62,831,123,2653,581,0,1192
892,2593,893.1317324320771,99793,643,475,148,55,116052,68873,1.8530858877877205,319,234,13015,16532,31857,23552,4016,9150,48538,36058,6905,3415,470,390,4121,4284,29614,25398,2581,0,0,19005,8150,62,819,135,2858,632,0,1274
893,2593,894.0454922832163,99793,629,467,148,55,116136,68929,1.854488791799024,300,210,13022,16402,31625,23203,4274,9661,48539,36059,7478,3693,468,389,4069,4276,29343,25732,2576,0,0,18750,8037,62,805,145,3097,678,0,1366
894,2593,895.1975399598688,99793,588,474,148,55,116226,68992,1.85602196546852,283,212,13059,16269,31383,22831,4537,10157,48540,36060,8073,3984,465,387,4017,4272,29067,26074,2572,0,0,18498,7885,62,791,157,3328,721,0,1497
895,2593,896.1261647880909,99793,574,457,148,55,116299,69039,1.8572244546210657,286,201,13036,16105,31132,22481,4822,10699,48541,36061,8689,4288,465,386,3940,4265,28795,26413,2563,0,0,18235,7759,62,780,168,3572,788,0,1602
896,2593,897.0623589593916,99793,563,450,148,55,116362,69082,1.8582866533724811,278,200,13021,15913,30871,22117,5117,11263,48542,36062,9324,4604,465,384,3884,4259,28499,26750,2561,0,0,17989,7613,62,766,182,3817,840,0,1722
897,2593,898.0069441702884,99793,554,424,148,55,116428,69121,1.8593388313809587,275,192,13032,15748,30569,21744,5420,11835,48543,36063,9976,4933,464,383,3825,4251,28185,27117,2558,0,0,17718,7460,62,754,189,4084,891,0,1852
898,2593,899.2000874436537,99793,545,408,148,55,116511,69174,1.8607016524205104,248,192,13049,15596,30275,21332,5733,12415,48544,36064,10642,5274,462,382,3770,4248,27860,27498,2554,0,0,17426,7318,61,741,202,4366,939,0,1966
899,2593,900.1637459846735,99793,532,391,148,55,116542,69205,1.861322938482659,267,212,13118,15662,30221,21302,5712,12376,48544,36064,10642,5274,462,382,3764,4243,27866,27529,2552,0,0,17414,7308,61,739,202,4367,939,0,1965
900,2593,900.1637459846735,99793,537,381,148,55,116559,69216,1.8616035192849198,270,210,13022,15440,29969,20905,6052,13007,48544,36064,11321,5626,461,382,3702,4243,27513,27889,2551,1,6,17112,7185,61,732,208,4664,1001,1,2081
901,2593,901.1371928352521,99793,526,369,148,55,116627,69261,1.8627358632369004,286,214,12979,15234,29679,20526,6380,13600,48544,36064,12009,5988,461,381,3622,4236,27178,28270,2547,1,24,16795,7043,61,725,213,4955,1075,2,2204
902,2593,902.1200966507813,99793,527,372,148,55,116698,69316,1.8639984768470734,282,212,12942,15049,29373,20116,6726,14194,48544,36064,12705,6360,460,381,3551,4235,26800,28684,2542,2,38,16479,6895,61,716,222,5245,1142,3,2337
903,2593,903.1129554194963,99793,525,370,148,55,116770,69382,1.8653813393725012,286,204,12923,14841,29040,19726,7076,14802,48544,36064,13406,6742,460,381,3483,4225,26487,29059,2537,2,54,16173,6733,61,704,232,5515,1201,4,2482
904,2593,904.1172242275723,99793,523,379,148,55,116849,69448,1.8668343470984938,299,185,12868,14693,28731,19293,7429,15393,48544,36064,14109,7132,457,381,3422,4224,26106,29489,2528,5,69,15852,6591,61,693,242,5809,1251,7,2606
905,2593,905.1322172062694,99793,533,370,148,55,116931,69495,1.8681270229374807,294,183,12841,14512,28395,18890,7787,15988,48544,36064,14812,7529,454,379,3355,4228,25744,29893,2518,8,82,15540,6436,61,677,258,6095,1310,13,2742
906,2593,906.1587927361609,99793,525,364,148,55,117001,69543,1.8693094706041506,303,197,12797,14299,28081,18485,8144,16598,48544,36064,15512,7933,452,378,3299,4222,25366,30317,2515,10,90,15208,6317,61,666,268,6398,1360,16,2850
907,2593,907.1973714632317,99793,531,352,148,55,117078,69587,1.8705219804996343,322,200,12787,14090,27711,18099,8499,17202,48544,36064,16208,8343,451,377,3213,4209,25036,30710,2513,11,99,14904,6201,61,650,281,6668,1436,19,2954
908,2593,908.2493939014602,99793,549,351,148,55,117160,69635,1.8718246770815588,303,197,12793,13935,27348,17680,8857,17780,48544,36064,16897,8757,447,373,3144,4207,24672,31109,2510,15,107,14604,6048,60,641,288,6950,1500,25,3093
909,2593,909.0477911190707,99793,554,353,148,55,117224,69679,1.87290691731885,298,185,12714,13738,27049,17286,9235,18381,48544,36064,17577,9175,447,373,3089,4207,24296,31513,2504,15,119,14303,5927,60,628,301,7234,1550,29,3198
910,2593,910.1257602901459,99793,555,347,148,55,117304,69731,1.8742296553866504,301,164,12682,13558,26703,16925,9609,18949,48544,36064,18246,9596,444,370,3017,4205,23935,31925,2497,18,132,14023,5786,60,614,314,7486,1612,36,3319
911,2593,911.2174818943396,99793,541,348,148,55,117383,69785,1.8755624141973886,306,148,12643,13416,26382,16552,9978,19479,48544,36064,18903,10018,442,368,2946,4201,23576,32335,2488,20,145,13709,5652,60,601,324,7771,1679,39,3437
912,2593,912.0454403602516,99793,546,343,148,55,117451,69818,1.8765745092341146,295,153,12604,13226,26044,16215,10361,20006,48544,36064,19546,10441,441,367,2875,4202,23229,32711,2481,21,146,13434,5535,60,595,329,8030,1745,49,3543
913,2593,913.1647903478879,99793,541,331,148,55,117528,69856,1.877726894671971,308,148,12547,13117,25718,15830,10736,20517,48544,36064,20173,10864,441,366,2807,4194,22867,33128,2478,20,153,13143,5401,60,586,337,8292,1801,53,3666
914,2593,914.0140681677364,99793,537,324,148,55,117591,69892,1.8787189482228213,295,146,12474,12975,25429,15487,11115,21011,48544,36064,20784,11286,440,365,2749,4193,22534,33508,2469,21,156,12867,5268,60,572,347,8542,1853,61,3788
915,2593,915.1610626479238,99793,527,326,148,55,117663,69942,1.8799414788612427,298,135,12418,12859,25127,15142,11480,21481,48544,36064,21378,11706,439,364,2696,4190,22203,33889,2462,22,166,12552,5158,59,559,357,8830,1898,63,3886
916,2593,916.030858042727,99793,531,331,148,55,117732,69981,1.881023719098534,296,131,12367,12752,24806,14773,11850,21956,48544,36064,21954,12123,439,363,2645,4186,21892,34231,2458,22,170,12281,5049,59,550,365,9084,1945,71,3983
917,2593,917.2063720714365,99793,528,323,148,55,117821,70025,1.8823564779092723,303,141,12324,12643,24508,14465,12187,22371,48544,36064,22511,12536,437,363,2586,4177,21573,34601,2452,24,190,11999,4919,59,544,371,9339,1995,78,4086
918,2593,918.0981581668349,99793,528,315,148,55,117883,70056,1.8832884070024951,294,147,12268,12515,24202,14162,12558,22804,48544,36064,23049,12945,437,363,2545,4170,21256,34962,2449,24,196,11748,4811,59,527,386,9565,2029,83,4183
919,2593,919.0010447868923,99793,532,315,148,55,117950,70094,1.8843405850109727,294,131,12227,12419,23895,13857,12902,23221,48544,36064,23568,13349,436,362,2491,4166,20947,35308,2445,25,200,11479,4711,59,517,395,9810,2080,90,4272
920,2593,920.2220207524225,99793,544,305,148,55,118061,70142,1.8859338831380958,266,143,12219,12317,23598,13584,13223,23594,48544,36064,24068,13747,434,360,2446,4164,20617,35685,2436,27,203,11225,4615,59,504,407,10037,2119,101,4354
921,2593,921.1484930402579,99793,527,296,148,55,118114,70176,1.8868056877736916,275,147,12184,12255,23309,13310,13555,23935,48544,36064,24548,14138,434,358,2394,4154,20326,36016,2434,27,217,11007,4515,59,497,412,10238,2164,107,4434
922,2593,922.086416618451,99793,515,302,148,55,118182,70209,1.8878177828104175,268,149,12133,12197,23059,13032,13875,24263,48544,36064,25009,14522,433,356,2351,4149,20061,36324,2429,28,217,10783,4422,59,487,421,10437,2202,115,4519
923,2593,923.0348122453867,99793,512,287,148,55,118240,70239,1.888699608188951,278,147,12085,12097,22790,12808,14185,24604,48544,36064,25451,14899,432,354,2303,4151,19802,36622,2423,29,221,10547,4336,58,478,430,10649,2242,124,4592
924,2593,924.3157273601731,99793,531,277,148,55,118346,70277,1.8901425951720061,258,174,12092,12051,22497,12567,14472,24874,48544,36064,25874,15268,430,352,2245,4151,19548,36921,2418,31,228,10346,4237,57,468,437,10824,2292,132,4676
925,2593,925.2875016561497,99793,501,277,148,55,118388,70328,1.891074524265229,288,164,12068,11982,22219,12359,14774,25161,48544,36064,26279,15629,428,352,2204,4143,19268,37251,2412,33,227,10161,4159,57,454,448,10984,2327,143,4742
926,2593,926.27147702447,99793,515,257,148,55,118467,70369,1.8922770134177749,268,162,12045,11927,21968,12162,15054,25435,48544,36064,26666,15982,427,351,2157,4149,19020,37547,2405,34,235,9958,4072,56,443,456,11151,2368,154,4810
927,2593,927.2672746021781,99793,509,251,148,55,118533,70405,1.8932991291974386,262,156,12020,11889,21723,11956,15336,25691,48544,36064,27035,16326,426,351,2112,4145,18807,37801,2400,35,240,9777,3978,56,434,465,11309,2404,169,4884
928,2593,928.274549853804,99793,505,246,148,55,118603,70436,1.8943112242341646,250,150,11992,11833,21496,11760,15607,25954,48544,36064,27387,16661,425,349,2070,4144,18563,38079,2397,36,242,9624,3895,56,424,474,11442,2439,180,4954
929,2593,929.2926107912846,99793,501,243,148,55,118677,70476,1.895453588929083,223,136,11985,11823,21279,11580,15862,26161,48544,36064,27723,16987,424,347,2029,4140,18351,38331,2390,37,243,9462,3813,56,418,477,11583,2477,191,5024
930,2593,930.3219607826705,99793,477,244,148,55,118728,70511,1.896315372821741,219,130,12026,11801,21025,11399,16103,26369,48544,36064,28043,17304,423,347,1996,4129,18148,38578,2383,38,246,9299,3740,56,414,480,11725,2506,200,5085
931,2593,931.0150079291042,99793,467,252,148,55,118767,70535,1.8969466796268275,214,117,11988,11743,20810,11223,16371,26608,48544,36064,28348,17612,423,346,1959,4129,17943,38806,2379,38,243,9144,3684,55,411,482,11869,2538,204,5140
932,2593,932.0681037945413,99793,464,258,148,55,118830,70571,1.8979387331776778,221,120,11992,11720,20589,11069,16584,26776,48544,36064,28638,17911,422,345,1927,4128,17761,39026,2374,39,246,8985,3620,55,407,486,12002,2565,210,5195
933,2593,933.1326854367867,99793,442,253,148,55,118887,70608,1.8988806830138387,222,115,12007,11710,20378,10932,16801,26933,48544,36064,28914,18200,420,344,1894,4116,17590,39247,2368,41,248,8830,3572,55,398,493,12136,2590,220,5231
934,2593,934.2082371775106,99793,455,239,148,55,118959,70640,1.8999228402793784,207,103,12016,11737,20169,10777,17003,27087,48544,36064,29176,18480,418,344,1861,4107,17422,39463,2365,43,253,8690,3515,55,394,495,12248,2617,226,5277
935,2593,935.2952500947017,99793,429,230,148,55,119006,70671,1.900704458228533,216,105,12054,11737,19950,10649,17201,27222,48544,36064,29425,18751,417,341,1819,4112,17235,39684,2358,44,256,8569,3458,55,392,497,12351,2649,238,5318
936,2593,936.026674545999,99793,422,230,148,55,119040,70692,1.9012555990901165,227,108,12028,11718,19770,10506,17403,27381,48544,36064,29662,19013,416,341,1791,4109,17051,39886,2354,45,256,8459,3413,54,387,502,12453,2675,244,5357
937,2593,937.1364321414425,99793,425,224,148,55,119099,70718,1.9021073622398366,228,107,12047,11732,19572,10394,17578,27486,48544,36064,29887,19266,416,341,1762,4105,16886,40083,2351,45,259,8356,3365,54,383,505,12537,2699,250,5396
938,2593,938.2569716100486,99793,419,224,148,55,119167,70757,1.9031795817341897,228,113,12073,11768,19402,10267,17728,27571,48544,36064,30101,19511,416,340,1724,4103,16760,40251,2345,45,263,8241,3320,54,379,508,12624,2733,252,5435
939,2593,939.0097562345849,99793,403,222,148,55,119202,70780,1.903760784824587,225,107,12076,11786,19243,10149,17903,27679,48544,36064,30304,19747,416,340,1697,4100,16618,40421,2342,45,265,8138,3277,54,376,509,12711,2756,259,5469
940,2593,940.1502056916303,99793,405,226,148,55,119265,70822,1.9048129628330643,210,99,12144,11858,19063,10028,18028,27732,48544,36064,30497,19975,416,339,1673,4104,16476,40597,2334,45,266,8036,3226,54,373,512,12792,2772,269,5509
941,2593,941.3014770893475,99793,413,216,148,55,119326,70850,1.9057048089545359,195,102,12195,11919,18887,9919,18160,27787,48544,36064,30680,20194,416,339,1656,4100,16350,40754,2331,45,272,7931,3176,54,367,516,12877,2787,274,5548
942,2593,942.0751214531866,99793,407,217,148,55,119373,70875,1.9064263024460633,190,97,12213,11918,18736,9844,18304,27867,48544,36064,30854,20405,415,339,1634,4098,16209,40921,2328,46,276,7835,3135,54,364,519,12957,2805,279,5579
943,2593,943.2475614321422,99793,393,211,148,55,119431,70902,1.9072780655957833,192,102,12256,11985,18588,9749,18421,27896,48544,36064,31019,20609,414,338,1617,4089,16085,41091,2325,47,277,7730,3108,54,357,525,13039,2814,287,5596
944,2593,944.0345384465232,99793,398,205,148,55,119479,70927,1.9080095798302485,185,108,12262,12004,18449,9677,18556,27949,48544,36064,31175,20805,412,337,1597,4089,15958,41238,2323,49,280,7642,3080,54,353,528,13112,2833,294,5614
945,2593,945.2208801781508,99793,383,201,148,55,119532,70961,1.9088813844658443,191,101,12331,12074,18293,9596,18652,27971,48544,36064,31324,20994,411,335,1581,4090,15844,41392,2315,50,282,7563,3048,53,349,528,13175,2840,301,5636
946,2593,946.0110828251753,99793,376,193,148,55,119578,70981,1.9095427534997444,191,98,12324,12086,18169,9522,18790,28044,48544,36064,31465,21176,410,335,1566,4087,15719,41540,2312,51,283,7492,3018,53,346,531,13234,2850,308,5658
947,2593,947.1873313202494,99793,366,177,148,55,119637,71002,1.910344412934775,193,103,12407,12185,18018,9443,18866,28035,48544,36064,31599,21351,409,333,1552,4088,15605,41676,2305,52,291,7417,2985,53,341,536,13297,2862,316,5675
948,2593,948.3584511509808,99793,361,189,148,55,119694,71037,1.91126632128506,189,90,12442,12260,17893,9355,18965,28049,48544,36064,31726,21519,407,332,1526,4085,15503,41808,2302,54,292,7340,2961,53,337,538,13360,2881,323,5691
949,2593,949.1358987407741,99793,363,181,148,55,119734,71051,1.9118074414037056,176,103,12478,12289,17775,9280,19058,28090,48544,36064,31847,21680,406,331,1511,4081,15408,41920,2300,55,290,7261,2944,53,333,541,13431,2895,330,5703
950,2593,950.2948468779315,99793,365,198,148,55,119792,71094,1.9128195364404317,177,92,12536,12365,17638,9213,19134,28075,48544,36064,31962,21835,406,331,1496,4075,15329,42033,2295,55,288,7191,2923,53,327,543,13484,2908,339,5717
951,2593,951.0648300806727,99793,367,193,148,55,119830,71108,1.9133406150732015,174,98,12551,12402,17529,9152,19229,28098,48544,36064,32071,21984,406,330,1479,4071,15242,42140,2293,55,291,7147,2894,53,325,545,13518,2922,343,5739
952,2593,952.213596674917,99792,352,179,148,56,119872,71134,1.9140412057078724,191,105,12621,12481,17415,9098,19271,28079,48544,36064,32174,22127,402,330,1464,4075,15141,42260,2285,58,296,7093,2871,53,322,548,13560,2934,350,5750
953,2593,953.3594294148479,99792,361,188,148,56,119933,71162,1.9149330607663941,170,109,12692,12545,17304,9024,19323,28076,48544,36064,32272,22265,401,328,1453,4070,15057,42368,2281,59,294,7045,2850,53,320,550,13599,2941,358,5765
954,2593,954.1215569984811,99792,362,186,148,56,119967,71177,1.9154240820907487,155,123,12727,12600,17206,8963,19400,28070,48544,36064,32365,22397,401,327,1446,4073,14978,42459,2277,59,295,6985,2827,53,318,552,13652,2946,361,5783
955,2593,955.2599570402922,99792,348,199,148,56,120014,71219,1.9163159371492704,152,115,12807,12685,17119,8916,19424,28027,48544,36064,32454,22524,401,325,1440,4073,14891,42568,2272,59,300,6936,2804,53,314,556,13689,2949,367,5795
956,2593,956.0180766931431,99792,340,198,148,56,120043,71241,1.9168270001603336,154,118,12835,12723,17034,8869,19487,28034,48544,36064,32538,22646,400,325,1433,4067,14822,42661,2271,60,299,6898,2784,53,312,557,13711,2956,376,5807
957,2593,957.1513311731441,99792,327,203,148,56,120089,71275,1.9176286676286676,150,107,12896,12818,16948,8822,19529,27992,48544,36064,32618,22763,398,324,1425,4065,14737,42770,2269,62,302,6847,2771,53,307,560,13748,2961,383,5810
958,2593,958.2824689113228,99792,326,203,148,56,120142,71312,1.9185305435305435,129,94,12986,12899,16850,8790,19559,27956,48544,36064,32694,22876,396,320,1416,4071,14688,42849,2262,64,306,6794,2755,53,307,560,13779,2968,390,5814
959,2593,959.0356536222737,99792,307,193,148,56,120166,71327,1.9189213564213565,132,98,13020,12938,16767,8759,19624,27954,48544,36064,32767,22984,395,320,1407,4064,14633,42923,2261,65,312,6758,2732,53,304,563,13807,2974,398,5823
960,2593,960.1620891511209,99792,292,191,148,56,120202,71362,1.919632836299503,138,91,13099,13033,16687,8729,19634,27898,48544,36064,32836,23088,394,319,1400,4058,14563,43018,2258,66,314,6718,2714,53,302,565,13839,2974,405,5832
961,2593,961.2875648746078,99792,289,191,148,56,120234,71389,1.9202240660573995,153,84,13196,13122,16576,8694,19636,27851,48544,36064,32902,23188,392,319,1388,4058,14511,43091,2255,68,315,6686,2702,53,300,567,13858,2982,413,5834
962,2593,962.0376086352882,99792,286,188,148,56,120261,71406,1.9206649831649831,154,76,13229,13169,16495,8666,19686,27843,48544,36064,32965,23284,391,319,1381,4054,14460,43163,2252,69,316,6644,2689,53,299,568,13889,2986,417,5842
963,2593,963.1601396560939,99792,295,185,148,56,120310,71429,1.9213864838864838,162,77,13321,13258,16396,8622,19676,27800,48544,36064,33025,23376,390,318,1377,4049,14413,43238,2250,70,317,6605,2677,53,298,569,13911,2987,424,5846
964,2593,964.2827328867381,99792,270,188,148,56,120348,71457,1.9220478595478596,171,65,13402,13351,16332,8581,19675,27757,48544,36064,33082,23464,388,318,1369,4039,14367,43319,2248,72,320,6561,2666,52,297,570,13940,2988,429,5849
965,2593,965.0313365526704,99792,281,182,148,56,120383,71468,1.9225088183421517,168,65,13453,13420,16253,8545,19695,27730,48544,36064,33136,23549,388,317,1363,4038,14324,43379,2245,72,324,6524,2653,52,293,574,13966,2993,431,5856
966,2593,966.1529684914374,99792,297,187,148,56,120435,71490,1.9232503607503608,156,62,13521,13539,16185,8502,19691,27652,48544,36064,33188,23631,388,316,1357,4037,14275,43446,2242,72,328,6488,2641,52,293,574,13991,2997,432,5863
967,2593,967.2745455767114,99792,295,168,148,56,120484,71506,1.9239017155683822,152,69,13576,13639,16133,8473,19694,27593,48544,36064,33237,23709,388,315,1350,4040,14234,43513,2237,72,329,6451,2631,52,289,577,14013,2997,443,5861
968,2593,968.0223525813128,99792,302,161,148,56,120522,71516,1.9243827160493827,141,71,13617,13698,16081,8448,19709,27564,48544,36064,33284,23784,385,314,1346,4035,14197,43567,2235,75,331,6416,2620,52,288,577,14042,2999,445,5868
969,2593,969.143188515268,99792,297,157,148,56,120568,71534,1.92502405002405,134,85,13705,13806,16020,8416,19694,27478,48544,36064,33329,23856,385,313,1342,4030,14152,43638,2231,75,334,6390,2609,52,284,581,14055,3002,446,5873
970,2593,970.264825320026,99792,294,150,148,56,120605,71556,1.9256152797819464,144,77,13786,13915,15933,8397,19693,27403,48544,36064,33372,23926,385,312,1336,4028,14127,43690,2228,75,334,6356,2590,51,283,581,14073,3006,452,5885
971,2593,971.0126422693456,99792,282,151,148,56,120633,71568,1.9260161135161136,139,76,13828,13980,15886,8363,19715,27372,48544,36064,33413,23993,385,312,1333,4024,14084,43751,2226,75,335,6339,2579,51,282,582,14082,3005,456,5891
972,2593,972.1334275172896,99792,273,139,148,56,120674,71586,1.9266073432740098,149,82,13920,14077,15819,8344,19689,27300,48544,36064,33452,24057,385,311,1327,4018,14049,43810,2221,75,336,6315,2565,51,281,581,14102,3007,463,5895
973,2593,973.2556429871642,99792,261,135,148,56,120710,71604,1.9271484688151355,144,84,14020,14169,15768,8320,19657,27234,48544,36064,33489,24119,381,311,1317,4024,14023,43861,2213,79,339,6279,2559,51,277,581,14120,3016,467,5894
974,2593,974.0048207435691,99792,255,134,148,56,120735,71619,1.9275493025493025,137,81,14077,14241,15725,8301,19656,27185,48544,36064,33525,24178,381,311,1314,4023,13991,43907,2211,79,341,6250,2551,51,273,583,14141,3018,471,5896
975,2593,975.1289273622119,99792,264,126,148,56,120780,71641,1.9282206990540325,133,80,14162,14339,15657,8272,19634,27125,48544,36064,33559,24235,381,310,1307,4017,13968,43959,2211,79,342,6225,2545,51,272,583,14150,3020,478,5894
976,2593,976.2544271903042,99792,255,134,148,56,120809,71665,1.9287518037518037,137,71,14248,14453,15602,8239,19608,27045,48544,36064,33591,24290,380,310,1300,4011,13950,43996,2210,80,341,6202,2540,51,271,584,14165,3025,482,5894
977,2593,977.005633815018,99792,262,124,148,56,120838,71675,1.9291426166426167,129,81,14313,14523,15551,8218,19595,26996,48544,36064,33622,24343,380,310,1295,4012,13921,44042,2206,80,344,6186,2533,51,270,585,14169,3028,486,5894
978,2593,978.1333324667396,99792,254,136,148,56,120872,71702,1.9297538880872214,129,75,14390,14643,15502,8188,19575,26900,48544,36064,33652,24394,380,310,1292,4007,13901,44082,2203,80,344,6160,2525,51,268,586,14186,3029,491,5897
979,2593,979.262174915035,99792,251,132,148,56,120908,71719,1.9302849927849928,125,76,14489,14767,15439,8166,19546,26801,48544,36064,33680,24443,378,309,1288,4009,13869,44131,2198,82,347,6145,2513,51,268,586,14195,3026,495,5902
980,2593,980.0158280343619,99792,240,144,148,56,120927,71746,1.9307459515792849,123,57,14559,14830,15398,8145,19530,26766,48544,36064,33707,24490,377,308,1282,4014,13846,44172,2193,82,351,6126,2505,51,266,587,14204,3027,495,5906
981,2593,981.1475567176141,99792,254,134,148,56,120979,71756,1.9313672438672438,99,63,14676,14946,15341,8121,19480,26678,48544,36064,33733,24535,377,308,1281,4014,13832,44211,2190,82,350,6102,2497,51,263,588,14212,3025,501,5908
982,2593,982.2823473130017,99792,241,132,148,56,121003,71776,1.9318081609748277,100,63,14786,15041,15282,8111,19441,26595,48544,36064,33758,24579,377,307,1278,4010,13812,44258,2188,82,350,6078,2492,50,262,588,14219,3027,504,5910
983,2593,983.0401370295158,99792,234,126,148,56,121021,71788,1.932108786275453,103,71,14862,15124,15233,8087,19418,26534,48544,36064,33782,24621,377,307,1275,4011,13788,44295,2186,82,351,6059,2482,49,259,589,14230,3029,508,5915
984,2593,984.1786777925279,99792,234,130,148,56,121060,71811,1.9327300785634118,101,62,14967,15231,15167,8065,19381,26454,48544,36064,33805,24661,377,307,1272,4009,13758,44339,2184,82,354,6042,2473,49,259,589,14238,3032,512,5916
985,2593,985.3193596346562,99792,231,124,148,56,121087,71827,1.9331609748276415,103,61,15053,15340,15120,8058,19343,26359,48544,36064,33827,24700,377,306,1267,4003,13732,44385,2183,82,357,6028,2466,49,259,589,14246,3031,516,5916
986,2593,986.0810572498518,99792,225,123,148,56,121103,71834,1.9333914542247876,102,61,15116,15413,15073,8040,19334,26305,48544,36064,33848,24738,377,305,1266,4001,13717,44411,2181,82,357,6011,2462,49,259,588,14260,3030,520,5916
987,2593,987.2247796804118,99792,224,116,148,56,121140,71847,1.9338924963924964,98,63,15220,15547,15025,8020,19283,26196,48544,36064,33868,24774,377,304,1264,3997,13705,44449,2177,82,357,5990,2458,49,259,588,14266,3030,525,5915
988,2593,988.3713658303097,99792,217,101,148,56,121171,71859,1.934323392656726,92,66,15321,15682,14976,8000,19244,26093,48544,36064,33887,24809,377,302,1259,3992,13689,44493,2175,82,359,5972,2454,49,259,588,14269,3031,531,5911
989,2593,989.1372205016904,99792,212,111,148,56,121193,71875,1.9347041847041848,89,53,15378,15768,14944,7981,19227,26029,48544,36064,33906,24843,377,301,1257,3991,13669,44524,2175,82,359,5955,2453,49,259,588,14277,3033,533,5910
990,2593,990.2878070296022,99792,204,106,148,56,121220,71889,1.935115039281706,86,54,15486,15872,14900,7963,19174,25947,48544,36064,33924,24875,377,298,1256,3990,13661,44557,2173,82,360,5936,2447,49,258,588,14279,3033,536,5912
991,2593,991.0567470256019,99792,212,106,148,56,121242,71898,1.9354256854256855,82,52,15542,15963,14847,7937,19167,25884,48544,36064,33941,24906,377,298,1256,3988,13641,44585,2173,82,361,5920,2443,49,258,588,14291,3031,536,5915
992,2593,992.2111284361496,99792,202,105,148,56,121269,71916,1.9358766233766234,76,45,15677,16066,14782,7922,19113,25804,48544,36064,33957,24936,376,297,1253,3986,13628,44617,2171,83,364,5908,2435,49,256,588,14295,3031,539,5916
993,2593,993.3687806746342,99792,183,101,148,56,121286,71929,1.9361772486772486,85,48,15796,16175,14727,7905,19059,25713,48544,36064,33973,24965,376,295,1253,3982,13616,44649,2169,83,364,5891,2430,49,255,589,14302,3029,542,5918
994,2593,994.1424999060118,99791,181,93,148,57,121306,71935,1.9364571955386758,76,51,15866,16244,14692,7892,19035,25661,48544,36064,33988,24993,376,295,1251,3981,13594,44682,2167,83,365,5879,2427,49,255,589,14309,3027,545,5917
995,2593,995.3049847633979,99791,173,92,148,57,121326,71950,1.9368079285707127,81,50,15950,16349,14654,7868,18992,25582,48544,36064,34003,25020,376,295,1246,3982,13580,44709,2166,83,366,5865,2421,48,255,589,14313,3030,550,5917
996,2593,996.0815583835714,99791,173,93,148,57,121347,71960,1.9371185778276598,73,44,16020,16433,14622,7859,18962,25512,48544,36064,34017,25046,376,294,1245,3976,13574,44730,2164,83,367,5856,2415,48,254,589,14317,3031,551,5921
997,2593,997.2485910236495,99791,162,97,148,57,121373,71977,1.9375494784098766,73,53,16135,16523,14574,7841,18906,25427,48544,36064,34030,25071,376,294,1242,3982,13569,44751,2154,83,369,5841,2406,48,253,590,14322,3032,553,5926
998,2593,998.0287513600815,99791,161,95,148,57,121383,71986,1.9377398763415539,75,62,16222,16591,14524,7818,18868,25375,48544,36064,34043,25095,374,294,1241,3981,13557,44773,2154,85,370,5833,2403,48,252,591,14322,3032,554,5927
999,2593,999.2017414862834,99791,153,96,148,57,121404,72006,1.9381507350362257,74,52,16326,16716,14476,7793,18821,25284,48544,36064,34055,25118,374,294,1240,3981,13543,44803,2151,85,373,5826,2397,48,250,591,14319,3032,558,5926
1000,2593,1000.3778655625521,99791,153,97,148,57,121428,72020,1.93853153089958,72,49,16442,16842,14420,7767,18763,25186,48544,36064,34067,25141,374,294,1239,3980,13528,44830,2150,85,375,5816,2393,48,250,591,14320,3032,561,5925
1001,2593,1001.1639709244656,99791,161,90,148,57,121447,72026,1.9387820544938923,66,47,16519,16928,14368,7742,18736,25134,48544,36064,34079,25163,374,293,1238,3981,13517,44849,2149,85,376,5802,2392,48,250,591,14329,3031,563,5923
1002,2593,1002.3456342007365,99791,149,82,148,57,121464,72039,1.9390826828070669,66,45,16622,17042,14331,7736,18682,25036,48544,36064,34090,25184,374,292,1237,3983,13505,44878,2145,84,379,5791,2387,48,249,591,14329,3031,570,5918
1003,2593,1003.1354597174354,99791,152,81,148,57,121476,72049,1.9393031435700614,71,44,16702,17103,14283,7729,18642,24984,48544,36064,34101,25204,374,292,1237,3983,13491,44899,2145,84,382,5778,2382,48,248,592,14335,3031,571,5919
1004,2593,1004.3231038068812,99791,152,77,148,57,121505,72058,1.9396839394334158,57,49,16831,17208,14235,7705,18575,24902,48544,36064,34111,25224,372,291,1234,3982,13478,44920,2143,86,383,5773,2376,48,247,592,14337,3034,574,5921
1005,2593,1005.1173014928158,99791,143,78,148,57,121519,72072,1.9399645258590454,57,43,16908,17268,14200,7693,18542,24859,48544,36064,34121,25243,372,291,1233,3981,13468,44940,2141,86,384,5763,2373,48,246,592,14344,3032,577,5920
1006,2593,1006.3115278134225,99791,131,79,148,57,121533,72085,1.9402350913409026,69,41,17043,17394,14143,7666,18464,24761,48544,36064,34131,25261,372,291,1232,3981,13463,44953,2139,86,386,5753,2370,47,246,592,14351,3031,580,5918
1007,2593,1007.1105386362843,99791,129,72,148,57,121546,72090,1.9404154683288073,63,44,17107,17476,14118,7650,18433,24699,48544,36064,34140,25279,372,291,1232,3984,13454,44973,2135,86,387,5740,2368,47,245,593,14354,3031,581,5918
1008,2593,1008.3119555184091,99791,118,74,148,57,121563,72100,1.9406860338106642,67,43,17216,17593,14087,7627,18362,24604,48544,36064,34149,25296,371,291,1231,3985,13441,44997,2132,87,387,5734,2365,47,244,593,14354,3030,585,5917
1009,2593,1009.1155717936132,99791,112,77,148,57,121574,72113,1.9409265364612038,73,34,17286,17674,14052,7613,18327,24543,48544,36064,34158,25313,371,291,1230,3983,13429,45017,2132,87,388,5723,2363,47,244,593,14360,3030,587,5916
1010,2593,1010.3240448481458,99791,124,80,148,57,121605,72124,1.9413474160996482,64,33,17397,17808,14002,7583,18263,24437,48544,36064,34166,25329,371,291,1227,3983,13423,45034,2130,87,388,5718,2361,47,244,592,14359,3031,590,5915
1011,2593,1011.1320919450069,99791,124,72,148,57,121617,72130,1.941527793087553,65,35,17472,17896,13967,7570,18222,24368,48544,36064,34174,25345,371,291,1225,3979,13419,45048,2130,87,388,5707,2359,47,243,593,14367,3030,596,5911
1012,2593,1012.3474817517247,99791,122,74,148,57,121637,72143,1.941858484232045,68,29,17599,18036,13906,7540,18155,24262,48544,36064,34182,25360,371,290,1224,3981,13419,45062,2126,87,388,5696,2355,47,242,593,14368,3031,597,5914
1013,2593,1013.1602240480919,99791,113,71,148,57,121652,72150,1.9420789449950395,62,24,17681,18121,13878,7526,18116,24199,48544,36064,34189,25375,371,289,1223,3981,13408,45083,2125,87,388,5688,2354,47,242,593,14370,3030,603,5909
1014,2593,1014.3829738347449,99791,117,63,148,57,121667,72156,1.9422893848142617,71,26,17815,18262,13805,7504,18042,24086,48544,36064,34196,25389,371,289,1222,3981,13403,45097,2125,85,388,5683,2351,47,242,592,14371,3030,605,5909
1015,2593,1015.2008117565834,99791,116,59,148,57,121681,72162,1.9424898036897116,66,31,17887,18334,13773,7494,18008,24023,48544,36064,34203,25403,370,289,1222,3980,13394,45113,2124,86,388,5677,2350,47,242,591,14373,3030,607,5908
1016,2593,1016.020535403822,99791,118,61,148,57,121693,72171,1.9427002435089338,68,31,17968,18407,13738,7482,17958,23960,48544,36064,34210,25416,370,288,1220,3979,13389,45123,2124,86,390,5671,2347,47,242,591,14377,3031,608,5908
1017,2593,1017.2519788837869,99791,118,51,148,57,121708,72176,1.9429006623843834,70,41,18072,18521,13692,7454,17898,23874,48544,36064,34217,25429,369,288,1219,3978,13382,45140,2122,87,392,5667,2343,47,242,591,14375,3031,610,5908
1018,2593,1018.0695034961998,99791,117,58,148,57,121720,72186,1.943121123147378,63,34,18154,18603,13657,7432,17859,23814,48544,36064,34223,25442,369,288,1219,3976,13380,45150,2122,87,394,5658,2341,47,241,591,14380,3030,610,5908
1019,2593,1019.2895746070172,99791,118,57,148,57,121740,72195,1.9434117305167802,67,37,18265,18731,13601,7404,17799,23712,48544,36064,34229,25454,369,287,1219,3977,13375,45167,2118,87,394,5652,2340,47,241,590,14381,3028,612,5907
1020,2593,1020.0987740863885,99791,109,61,148,57,121750,72206,1.9436221703360022,62,30,18340,18802,13568,7395,17771,23653,48544,36064,34235,25466,369,287,1218,3976,13360,45185,2118,87,394,5650,2340,47,240,590,14382,3029,615,5904
1021,2593,1021.3062242217876,99791,112,59,148,57,121771,72212,1.9438927358178593,58,40,18452,18921,13518,7369,17710,23552,48544,36064,34241,25477,369,286,1216,3973,13356,45198,2117,87,396,5648,2338,47,239,590,14383,3029,615,5904
1022,2593,1022.1072432664038,99791,109,57,148,57,121782,72220,1.9440831337495366,56,38,18541,18998,13482,7353,17662,23495,48544,36064,34247,25488,367,286,1216,3971,13354,45210,2116,89,397,5639,2335,47,239,590,14387,3027,616,5905
1023,2593,1023.3017293077781,99791,104,61,148,57,121796,72233,1.9443536992313937,51,38,18674,19104,13419,7324,17602,23414,48544,36064,34252,25499,367,286,1214,3970,13349,45222,2114,89,397,5635,2334,47,239,590,14387,3029,620,5902
1024,2593,1024.0934569097092,99791,98,57,148,57,121805,72236,1.9444739505566635,51,40,18735,19182,13394,7308,17572,23354,48544,36064,34257,25509,367,286,1213,3969,13344,45235,2113,89,397,5628,2333,47,239,590,14389,3029,622,5901
1025,2593,1025.2757180934816,99791,94,60,148,57,121817,72246,1.944694411319658,57,39,18848,19320,13345,7272,17506,23250,48544,36064,34262,25519,367,286,1211,3963,13341,45248,2113,89,398,5622,2332,47,239,590,14392,3030,626,5897
1026,2593,1026.0601520113134,99791,89,54,148,57,121826,72252,1.9448447254762453,55,38,18910,19398,13322,7262,17474,23189,48544,36064,34267,25529,367,286,1207,3963,13338,45258,2111,89,401,5619,2329,47,239,590,14391,3033,628,5895
1027,2593,1027.2314085923763,99791,89,57,148,57,121841,72265,1.945125311901875,59,34,19014,19506,13274,7231,17414,23113,48544,36064,34272,25539,367,286,1206,3962,13334,45273,2109,89,401,5617,2326,47,239,589,14389,3032,630,5895
1028,2593,1028.0086763746635,99791,93,54,148,57,121853,72269,1.9452856470022346,53,34,19081,19577,13246,7213,17377,23063,48544,36064,34277,25548,367,286,1206,3961,13329,45282,2109,89,401,5613,2323,47,239,589,14391,3031,632,5896
1029,2593,1029.169980564394,99791,97,56,148,57,121870,72279,1.9455562124840917,55,28,19167,19699,13213,7182,17318,22976,48544,36064,34281,25557,367,286,1206,3962,13324,45294,2106,89,401,5610,2323,47,239,589,14391,3029,632,5896
1030,2593,1030.3258009345466,99791,104,53,148,57,121886,72286,1.9457866941908588,54,33,19269,19802,13169,7163,17254,22890,48544,36064,34285,25566,365,286,1204,3961,13322,45303,2105,91,399,5608,2323,47,239,589,14388,3031,637,5893
1031,2593,1031.0929347093388,99791,107,52,148,57,121901,72294,1.9460171758976261,48,33,19330,19870,13142,7158,17223,22828,48544,36064,34289,25574,365,286,1204,3960,13313,45314,2105,91,401,5603,2321,47,239,589,14392,3031,639,5891
1032,2593,1032.2388709451839,99791,96,53,148,57,121908,72304,1.9461875319417583,56,28,19435,19978,13103,7133,17160,22749,48544,36064,34293,25582,364,286,1203,3963,13303,45330,2102,92,401,5599,2321,47,239,589,14391,3031,641,5889
1033,2593,1033.3783179029058,99791,95,50,148,57,121921,72313,1.9464079927047528,55,26,19565,20079,13052,7118,17083,22668,48544,36064,34297,25590,364,286,1201,3963,13302,45339,2100,92,401,5595,2320,47,239,589,14391,3031,644,5887
1034,2593,1034.133890616917,99791,94,50,148,57,121929,72321,1.9465683278051127,59,21,19628,20159,13029,7106,17040,22605,48544,36064,34301,25598,364,286,1200,3960,13296,45352,2100,92,402,5594,2319,47,239,589,14388,3032,644,5887
1035,2593,1035.2626297047073,99791,91,45,148,57,121943,72327,1.9467687466805623,60,29,19716,20262,13007,7086,16976,22519,48544,36064,34305,25606,364,286,1198,3958,13293,45365,2099,92,404,5591,2316,47,239,589,14387,3031,648,5884
1036,2593,1036.0121727781273,99791,98,44,148,57,121953,72330,1.9468990189496047,56,29,19792,20325,12976,7072,16928,22471,48544,36064,34309,25613,363,286,1196,3958,13292,45368,2099,93,405,5588,2314,47,239,589,14389,3032,648,5885
1037,2593,1037.131197862121,99791,97,42,148,57,121969,72337,1.9471295006563718,55,25,19910,20444,12928,7049,16860,22381,48544,36064,34313,25620,363,286,1195,3958,13288,45378,2096,93,405,5583,2314,47,239,589,14393,3031,651,5882
1038,2593,1038.2439791226748,99791,97,44,148,57,121987,72347,1.9474100870820015,52,25,20004,20544,12894,7029,16803,22299,48544,36064,34316,25627,362,286,1194,3957,13283,45392,2094,94,405,5580,2314,47,239,589,14393,3029,651,5882
1039,2593,1039.3516272824445,99791,100,41,148,57,122002,72351,1.9476004850136786,47,25,20101,20653,12854,7010,16748,22212,48544,36064,34319,25634,362,286,1194,3957,13273,45407,2093,94,405,5577,2314,47,239,589,14395,3027,651,5881
1040,2593,1040.0870799211584,99791,95,44,148,57,122008,72357,1.9477207363389484,58,21,20166,20727,12826,6985,16705,22164,48544,36064,34322,25641,362,286,1193,3956,13268,45416,2093,94,406,5576,2312,47,239,589,14394,3027,653,5880
1041,2593,1041.018819055574,99791,95,43,148,57,122016,72364,1.9478710504955357,56,19,20218,20771,12812,6973,16669,22135,48544,36064,34325,25647,362,286,1193,3955,13265,45427,2093,94,407,5573,2310,47,239,589,14392,3025,654,5880
1042,2593,1042.0462872476091,99791,95,43,148,57,122032,72372,1.9481115531460753,54,24,20341,20892,12753,6951,16607,22031,48544,36064,34328,25653,361,286,1193,3955,13263,45434,2090,95,407,5569,2308,47,239,589,14394,3025,658,5878
1043,2593,1043.1354689756984,99791,95,42,148,57,122046,72379,1.9483219929652975,55,27,20427,20974,12712,6936,16561,21962,48544,36064,34331,25659,361,286,1193,3953,13253,45450,2090,95,407,5566,2307,47,238,589,14396,3023,659,5878
1044,2593,1044.2200031402208,99791,93,45,148,57,122059,72387,1.9485324327845197,55,27,20520,21078,12675,6911,16507,21880,48544,36064,34334,25665,361,286,1193,3950,13254,45456,2089,95,407,5560,2307,47,238,589,14399,3023,659,5878
1045,2593,1045.2996411850045,99791,91,49,148,57,122072,72395,1.948742872603742,54,26,20617,21201,12636,6886,16452,21779,48544,36064,34337,25671,361,286,1192,3950,13249,45465,2089,95,408,5557,2305,46,238,589,14401,3022,661,5877
1046,2593,1046.01681880923,99791,83,45,148,57,122080,72402,1.9488931867603292,54,25,20681,21251,12622,6881,16410,21739,48544,36064,34340,25677,361,286,1191,3948,13252,45475,2086,95,408,5551,2305,46,238,589,14399,3023,661,5877
1047,2593,1047.0882787816977,99791,80,44,148,57,122094,72406,1.9490735637482337,48,25,20772,21347,12585,6861,16365,21664,48544,36064,34343,25682,361,285,1190,3949,13244,45485,2085,95,409,5549,2303,46,238,589,14400,3024,664,5875
1048,2593,1048.154916658781,99791,79,44,148,57,122104,72410,1.9492138569610487,47,26,20873,21450,12538,6834,16313,21587,48544,36064,34346,25687,361,285,1189,3949,13236,45495,2084,95,410,5547,2302,46,238,589,14402,3024,665,5874
1049,2593,1049.216433374455,99791,62,45,148,57,122106,72416,1.9492940245112285,59,26,20974,21538,12496,6817,16259,21515,48544,36064,34349,25692,360,284,1188,3949,13235,45503,2084,96,410,5543,2301,46,238,589,14402,3024,665,5874
1050,2593,1050.2729323694998,99791,61,46,148,57,122117,72426,1.9495044643304507,56,20,21051,21621,12472,6800,16210,21454,48544,36064,34351,25697,359,284,1188,3948,13233,45513,2083,97,412,5537,2299,46,238,589,14402,3024,667,5872
1051,2593,1051.1469645576826,99791,65,48,148,57,122126,72432,1.949654778487038,53,17,21105,21672,12443,6789,16184,21415,48544,36064,34353,25702,359,284,1187,3946,13235,45517,2083,97,412,5532,2299,46,238,589,14403,3025,668,5871
1052,2593,1052.0372263744164,99791,75,42,148,57,122145,72439,1.9499153230251225,53,15,21213,21782,12398,6774,16111,21328,48544,36064,34355,25707,358,284,1187,3947,13233,45523,2082,98,413,5531,2298,46,238,588,14402,3024,670,5869
1053,2593,1053.0222417576385,99791,77,47,148,57,122157,72445,1.9500957000130272,48,13,21285,21847,12368,6760,16072,21274,48544,36064,34357,25712,358,284,1186,3949,13232,45526,2079,98,413,5529,2298,46,238,588,14403,3025,670,5869
1054,2593,1054.236286504754,99791,75,42,148,57,122168,72448,1.950235993225842,47,18,21395,21955,12326,6741,16007,21185,48544,36064,34359,25717,358,284,1186,3948,13224,45541,2078,98,414,5528,2297,46,238,588,14401,3023,671,5868
1055,2593,1055.2021710218519,99791,79,43,148,57,122180,72454,1.9504163702137467,40,17,21485,22048,12289,6722,15957,21111,48544,36064,34361,25721,358,284,1186,3948,13221,45549,2078,98,414,5527,2297,46,238,588,14398,3022,673,5866
1056,2593,1056.0806918314227,99791,76,45,148,57,122191,72460,1.9505867262578789,35,15,21606,22154,12240,6707,15893,21020,48544,36064,34363,25725,358,284,1186,3946,13221,45557,2078,98,415,5526,2295,46,238,588,14395,3020,674,5866
1057,2593,1057.19936793305,99791,71,43,148,57,122195,72463,1.9506568728642864,39,16,21680,22229,12206,6691,15854,20962,48544,36064,34365,25729,358,284,1186,3946,13216,45565,2077,98,418,5525,2292,46,238,588,14396,3018,675,5865
1058,2593,1058.3121567981443,99791,68,40,148,57,122206,72468,1.9508172079646462,36,21,21809,22348,12144,6666,15793,20866,48544,36064,34367,25733,358,284,1186,3947,13214,45574,2074,98,420,5523,2289,46,238,588,14394,3017,675,5866
1059,2593,1059.328828056267,99791,68,41,148,57,122211,72472,1.9509073964585986,34,18,21861,22408,12121,6655,15766,20819,48544,36064,34369,25737,358,284,1186,3946,13212,45578,2074,98,421,5522,2288,46,238,588,14394,3017,676,5865
1060,2593,1060.1765392054792,99791,71,41,148,57,122218,72477,1.9510276477838684,32,16,21946,22491,12092,6634,15709,20759,48544,36064,34371,25741,358,284,1186,3944,13212,45582,2074,98,421,5520,2287,46,238,588,14394,3017,677,5865
1061,2593,1061.1447302818283,99791,70,37,148,57,122225,72480,1.951127857221593,34,14,22016,22571,12070,6622,15660,20697,48544,36064,34373,25745,358,284,1186,3941,13212,45589,2073,98,422,5519,2285,46,238,588,14392,3017,678,5865
1062,2593,1062.2067658866024,99791,70,33,148,57,122237,72482,1.9512681504344078,35,18,22122,22677,12018,6602,15605,20611,48544,36064,34375,25749,358,284,1185,3940,13212,45593,2072,98,422,5517,2284,46,238,587,14394,3017,682,5862
1063,2593,1063.158653393663,99791,63,32,148,57,122245,72486,1.9513884017596776,38,18,22193,22779,11998,6582,15558,20530,48544,36064,34377,25753,358,284,1185,3936,13211,45603,2072,98,424,5512,2282,46,238,587,14394,3017,683,5861
1064,2593,1064.1365524515413,99791,63,35,148,57,122251,72491,1.9514986321411751,42,17,22254,22829,11970,6567,15521,20493,48544,36064,34379,25757,358,284,1185,3934,13213,45607,2072,98,425,5510,2279,46,238,587,14392,3017,684,5862
1065,2593,1065.0773994423344,99791,63,34,148,57,122266,72496,1.9516990510166248,34,16,22335,22931,11947,6551,15471,20409,48544,36064,34381,25761,358,284,1184,3936,13213,45611,2070,98,425,5507,2278,46,238,587,14392,3018,684,5862
1066,2593,1066.0174594365758,99791,65,35,148,57,122274,72501,1.951829323285667,30,13,22409,23001,11921,6535,15425,20357,48544,36064,34383,25764,358,284,1184,3936,13210,45619,2069,98,425,5507,2278,46,238,587,14389,3018,683,5862
1067,2593,1067.1169018053706,99791,66,36,148,57,122284,72507,1.9519896583860268,29,10,22504,23112,11879,6508,15372,20275,48544,36064,34385,25767,358,284,1184,3936,13207,45624,2069,98,426,5506,2276,46,238,587,14389,3017,683,5863
1068,2593,1068.0382370522168,99791,68,37,148,57,122295,72511,1.952139972542614,29,10,22598,23196,11834,6490,15321,20208,48544,36064,34387,25770,358,284,1184,3937,13205,45631,2068,98,426,5504,2276,46,238,587,14386,3017,683,5863
1069,2593,1069.0192573393174,99791,62,29,148,57,122300,72511,1.9521900772614764,33,14,22680,23287,11799,6475,15276,20136,48544,36064,34389,25773,357,284,1184,3936,13205,45636,2067,99,426,5501,2275,46,238,587,14386,3017,685,5862
1070,2593,1070.04041968445,99791,63,28,148,57,122309,72514,1.9523103285867462,36,15,22754,23366,11768,6457,15229,20075,48544,36064,34391,25776,356,284,1184,3933,13203,45642,2066,100,427,5501,2274,46,238,587,14386,3017,685,5862
1071,2593,1071.079812391524,99791,55,30,148,57,122313,72518,1.9523904961369263,35,16,22832,23446,11739,6441,15189,20008,48544,36064,34393,25779,356,284,1184,3933,13202,45645,2065,100,428,5500,2272,46,238,586,14387,3017,685,5863
1072,2593,1072.1608240546666,99791,49,31,148,57,122319,72524,1.9525107474621959,35,17,22914,23517,11714,6419,15138,19957,48544,36064,34395,25782,356,284,1183,3932,13201,45651,2065,100,429,5497,2270,46,238,586,14386,3018,687,5862
1073,2593,1073.1146726735608,99791,52,29,148,57,122333,72527,1.9526811035063283,27,17,23011,23627,11682,6402,15078,19866,48544,36064,34397,25785,356,284,1183,3935,13200,45657,2063,100,428,5494,2269,45,238,586,14385,3018,688,5862
1074,2593,1074.0345360238255,99791,53,26,148,57,122341,72530,1.9527913338878256,26,14,23096,23711,11651,6387,15024,19803,48544,36064,34398,25788,356,284,1181,3937,13201,45660,2061,100,428,5493,2268,45,238,586,14385,3017,688,5863
1075,2593,1075.2004855268337,99791,52,29,148,57,122347,72535,1.9529015642693228,25,12,23171,23813,11623,6372,14979,19715,48544,36064,34399,25791,356,284,1181,3939,13201,45663,2059,100,428,5490,2268,45,238,586,14385,3017,690,5861
1076,2593,1076.1009285816956,99791,55,24,148,57,122354,72537,1.9529917527632752,28,15,23241,23888,11588,6357,14938,19657,48544,36064,34400,25794,356,284,1181,3940,13199,45670,2058,100,428,5490,2267,45,238,586,14383,3015,691,5860
1077,2593,1077.2319341500013,99791,54,25,148,57,122362,72544,1.9531420669198625,28,11,23318,23986,11556,6335,14894,19584,48544,36064,34401,25797,356,284,1180,3940,13197,45676,2057,100,429,5488,2266,45,238,586,14384,3014,691,5860
1078,2593,1078.2640133719894,99791,57,16,148,57,122369,72544,1.95321221352627,31,15,23412,24061,11516,6317,14834,19532,48544,36064,34402,25800,356,284,1178,3940,13193,45682,2057,100,429,5488,2266,45,238,586,14384,3014,693,5858
1079,2593,1079.3084697675572,99791,51,20,148,57,122379,72551,1.9533825695704021,28,12,23504,24159,11487,6297,14780,19453,48544,36064,34403,25803,356,284,1178,3942,13190,45688,2055,100,430,5483,2265,45,238,586,14386,3014,694,5857
1080,2593,1080.1678103157858,99791,56,20,148,57,122390,72552,1.953502820895672,25,14,23576,24232,11452,6280,14741,19395,48544,36064,34404,25806,356,284,1178,3941,13190,45692,2055,100,429,5480,2265,45,238,586,14386,3014,695,5857
1081,2593,1081.023171275059,99791,53,16,148,57,122395,72554,1.9535729675020794,25,13,23647,24291,11421,6264,14704,19357,48544,36064,34405,25809,356,284,1178,3938,13191,45695,2055,100,430,5479,2264,45,238,586,14386,3014,697,5855
1082,2593,1082.0682011603317,99791,55,20,148,57,122400,72558,1.9536631559960318,25,10,23707,24377,11390,6241,14673,19293,48544,36064,34406,25811,356,284,1178,3936,13192,45697,2055,100,430,5478,2264,45,238,586,14386,3014,697,5855
1083,2593,1083.0586680359304,99791,58,24,148,57,122405,72562,1.9537533444899842,26,12,23783,24438,11369,6220,14614,19247,48544,36064,34407,25813,356,284,1178,3936,13190,45699,2055,100,430,5477,2263,45,238,586,14387,3014,697,5856
1084,2593,1084.0659368178585,99791,51,21,148,57,122415,72563,1.9538635748714814,25,15,23877,24545,11335,6193,14562,19167,48544,36064,34408,25815,356,284,1178,3932,13191,45709,2054,100,429,5476,2263,45,237,587,14382,3014,699,5855
1085,2593,1085.0234806234741,99791,52,22,148,57,122421,72567,1.9539637843092061,21,16,23946,24599,11303,6176,14528,19128,48544,36064,34409,25817,356,284,1178,3932,13186,45716,2054,100,429,5475,2263,45,237,587,14382,3014,698,5855
1086,2593,1086.268425278213,99791,53,22,148,57,122427,72569,1.9540439518593862,22,17,24049,24700,11253,6154,14473,19048,48544,36064,34410,25819,356,284,1178,3932,13185,45718,2054,100,428,5475,2263,45,237,587,14381,3014,700,5854
1087,2593,1087.0784702657968,99791,54,22,148,57,122433,72573,1.9541441612971109,21,18,24123,24771,11212,6132,14440,18998,48544,36064,34411,25821,356,284,1177,3932,13181,45723,2054,100,430,5475,2261,45,237,587,14380,3015,700,5854
1088,2593,1088.1420756760497,99791,51,24,148,57,122439,72578,1.9542543916786084,22,14,24205,24865,11175,6105,14397,18933,48544,36064,34412,25823,356,284,1177,3932,13177,45729,2054,100,430,5474,2261,45,237,586,14380,3015,701,5853
1089,2593,1089.1778306865676,99791,46,29,148,57,122444,72583,1.954354601116333,17,13,24279,24951,11148,6086,14360,18862,48544,36064,34413,25825,356,284,1177,3932,13173,45735,2054,100,430,5472,2261,45,237,585,14381,3015,701,5853
1090,2593,1090.0045375085906,99791,46,24,148,57,122451,72584,1.9544347686665131,15,12,24336,25035,11124,6070,14329,18800,48544,36064,34414,25827,356,284,1176,3933,13172,45738,2053,100,430,5472,2260,45,237,585,14380,3015,701,5854
1091,2593,1091.1603295267946,99791,43,20,148,57,122454,72587,1.954494894329148,24,14,24445,25145,11067,6045,14271,18717,48544,36064,34415,25829,356,284,1175,3933,13174,45740,2053,100,431,5470,2259,45,237,585,14379,3015,703,5852
1092,2593,1092.0642322526608,99791,40,21,148,57,122458,72591,1.9545750618793278,20,16,24530,25209,11045,6025,14215,18670,48544,36064,34416,25831,356,284,1175,3934,13173,45742,2052,100,431,5468,2259,45,237,585,14380,3015,704,5851
1093,2593,1093.1267373619567,99791,39,20,148,57,122462,72593,1.9546351875419627,21,17,24581,25261,11030,6009,14179,18634,48544,36064,34417,25833,356,284,1175,3933,13176,45743,2052,100,432,5466,2257,45,237,585,14379,3015,705,5851
1094,2593,1094.0570191988652,99791,37,21,148,57,122467,72597,1.9547253760359151,20,14,24670,25343,10995,5994,14128,18569,48544,36064,34418,25835,355,284,1174,3932,13175,45747,2052,101,433,5465,2256,45,237,585,14378,3016,705,5851
