,indexID,time,N,Inf_L,Inf_H,Dead_L,Dead_H,cum_cases_L,cum_cases_H,cum_sum_per_N,Exposed_L,Exposed_H,Sus_L,Sus_H,Rec_nat_L,Rec_nat_H,Rec_vax_L,Rec_vax_H,vaccinatedH,vaccinatedL,boostedH,boostedL,count_Naive,count_Delta,count_Delta_vaccine,count_two,count_three,count_four,count_Omicron,count_Omicron_star,count_Omicron_star_vaccine,count_Omicron_vaccine,count_Vaccine,count_WT,count_WT_vaccine,count_WT_vaccine_boost,count_Omicron_vaccine_boost,count_Delta_vaccine_boost,count_Omicron_star_vaccine_boost,count_Vaccine_boost
0,1070,1.053829629879319,99996,9,9,0,0,10,10,0.0002000080003200128,15,15,49973,49973,1,1,0,0,0,0,0,0,99994,0,0,0,0,0,0,0,0,0,0,2,0,0,0,0,0,0
1,1070,2.127826900154236,99996,11,14,0,0,12,16,0.0002800112004480179,16,9,49970,49973,1,2,0,0,0,0,0,0,99993,0,0,0,0,0,0,0,0,0,0,3,0,0,0,0,0,0
2,1070,3.023010926402451,99996,11,13,0,0,14,18,0.0003200128005120205,15,7,49969,49973,3,5,0,0,0,0,0,0,99988,0,0,0,0,0,0,0,0,0,0,8,0,0,0,0,0,0
3,1070,4.101773094939281,99996,11,9,0,0,16,18,0.00034001360054402175,19,7,49963,49973,5,9,0,0,0,0,0,0,99982,0,0,0,0,0,0,0,0,0,0,14,0,0,0,0,0,0
4,1070,5.004411577709618,99996,15,9,0,0,20,18,0.0003800152006080243,16,7,49962,49973,5,9,0,0,0,0,0,0,99982,0,0,0,0,0,0,0,0,0,0,14,0,0,0,0,0,0
5,1070,6.003460910217351,99996,17,11,0,0,23,21,0.00044001760070402814,16,6,49959,49971,6,10,0,0,0,0,0,0,99980,0,0,0,0,0,0,0,0,0,0,16,0,0,0,0,0,0
6,1070,7.000497243504376,99996,16,10,0,0,24,22,0.00046001840073602946,17,6,49958,49970,7,12,0,0,0,0,0,0,99976,0,0,0,0,0,0,0,0,0,0,20,0,0,0,0,0,0
7,1070,8.010694172574084,99996,20,12,0,0,29,24,0.0005300212008480339,14,6,49956,49969,8,11,0,0,0,0,0,0,99975,0,0,0,0,0,0,0,0,0,0,21,0,0,0,0,0,0
8,1070,9.127110503614823,99996,19,10,0,0,33,24,0.0005700228009120365,14,6,49952,49969,13,13,0,0,0,0,0,0,99968,0,0,0,0,0,0,0,0,0,0,28,0,0,0,0,0,0
9,1070,10.01735432666594,99996,19,12,0,0,35,26,0.0006100244009760391,13,5,49951,49968,15,13,0,0,0,0,0,0,99966,0,0,0,0,0,0,0,0,0,0,30,0,0,0,0,0,0
10,1070,11.025201355257124,99996,22,11,0,0,39,28,0.0006700268010720429,12,3,49948,49968,16,16,0,0,0,0,0,0,99962,0,0,0,0,0,0,0,0,0,0,34,0,0,0,0,0,0
11,1070,12.002041451656044,99996,19,10,0,0,40,29,0.0006900276011040442,13,3,49946,49967,20,18,0,0,0,0,0,0,99956,0,0,0,0,0,0,0,0,0,0,40,0,0,0,0,0,0
12,1070,13.005511561149223,99996,20,8,0,0,44,29,0.0007300292011680467,13,5,49942,49965,23,20,0,0,0,0,0,0,99951,0,0,0,0,0,0,0,0,0,0,45,0,0,0,0,0,0
13,1070,14.02312118115075,99996,20,8,0,0,48,29,0.0007700308012320492,12,5,49940,49965,26,20,0,0,0,0,0,0,99947,0,0,0,0,0,0,0,0,0,0,49,0,0,0,0,0,0
14,1070,15.0263160911763,99996,23,5,0,0,54,29,0.0008300332013280532,11,6,49935,49964,29,23,0,0,0,0,0,0,99941,0,0,0,0,0,0,0,0,0,0,55,0,0,0,0,0,0
15,1070,16.06401313341035,99995,20,3,1,0,58,31,0.0008900445022251112,9,7,49933,49961,35,27,0,0,0,0,0,0,99930,0,0,0,0,0,0,0,0,0,0,65,0,0,0,0,0,0
16,1070,17.148221885155802,99995,19,4,1,0,59,33,0.000920046002300115,11,5,49930,49961,37,28,0,0,0,0,0,0,99927,0,0,0,0,0,0,0,0,0,0,68,0,0,0,0,0,0
17,1070,18.00692147703719,99995,18,4,1,0,61,33,0.0009400470023501176,10,5,49929,49961,40,28,0,0,0,0,0,0,99924,0,0,0,0,0,0,0,0,0,0,71,0,0,0,0,0,0
18,1070,19.142272723557962,99995,19,7,1,0,64,36,0.001000050002500125,9,2,49927,49961,42,28,0,0,0,0,0,0,99922,0,0,0,0,0,0,0,0,0,0,73,0,0,0,0,0,0
19,1070,20.09230093780246,99995,20,7,1,0,67,37,0.00104005200260013,8,2,49925,49960,44,29,0,0,0,0,0,0,99919,0,0,0,0,0,0,0,0,0,0,76,0,0,0,0,0,0
20,1070,21.01176638006275,99995,16,7,1,0,68,37,0.0010500525026251313,7,2,49926,49960,48,29,0,0,0,0,0,0,99914,0,0,0,0,0,0,0,0,0,0,81,0,0,0,0,0,0
21,1070,22.08502424143112,99995,14,8,1,0,69,39,0.001080054002700135,9,0,49925,49960,49,30,0,0,0,0,0,0,99910,0,0,0,0,0,0,0,0,0,0,85,0,0,0,0,0,0
22,1070,23.039050510030975,99995,16,8,1,0,72,39,0.0011100555027751388,9,4,49922,49956,50,30,0,0,0,0,0,0,99909,0,0,0,0,0,0,0,0,0,0,86,0,0,0,0,0,0
23,1070,24.085604083092765,99995,17,11,1,0,74,42,0.001160058002900145,12,1,49917,49956,51,30,0,0,0,0,0,0,99908,0,0,0,0,0,0,0,0,0,0,87,0,0,0,0,0,0
24,1070,25.024847570014902,99995,17,8,1,0,76,42,0.0011800590029501475,13,1,49914,49956,53,33,0,0,0,0,0,0,99903,0,0,0,0,0,0,0,0,0,0,92,0,0,0,0,0,0
25,1070,26.105549048355783,99995,18,7,1,0,79,43,0.0012200610030501525,13,2,49911,49954,55,35,0,0,0,0,0,0,99899,0,0,0,0,0,0,0,0,0,0,96,0,0,0,0,0,0
26,1070,27.040551299748223,99995,21,7,1,0,83,43,0.0012600630031501575,10,3,49910,49953,56,35,0,0,0,0,0,0,99898,0,0,0,0,0,0,0,0,0,0,97,0,0,0,0,0,0
27,1070,28.178319741120507,99995,14,7,1,0,85,45,0.0013000650032501625,12,3,49906,49951,65,37,0,0,0,0,0,0,99887,0,0,0,0,0,0,0,0,0,0,108,0,0,0,0,0,0
28,1070,29.240424906144113,99995,15,7,1,0,90,45,0.0013500675033751687,10,3,49903,49951,69,37,0,0,0,0,0,0,99883,0,0,0,0,0,0,0,0,0,0,112,0,0,0,0,0,0
29,1070,30.020101634047503,99995,16,6,1,0,91,46,0.0013700685034251712,10,2,49902,49951,69,39,0,0,0,0,0,0,99881,0,0,0,0,0,0,0,0,0,0,114,0,0,0,0,0,0
30,1070,31.10701507945627,99995,18,6,1,0,94,46,0.001400070003500175,10,2,49899,49951,70,39,0,0,0,0,0,0,99880,0,0,0,0,0,0,0,0,0,0,115,0,0,0,0,0,0
31,1070,32.0594030677823,99995,20,6,1,0,98,47,0.0014500725036251812,12,3,49893,49949,72,40,0,0,0,0,0,0,99877,0,0,0,0,0,0,0,0,0,0,118,0,0,0,0,0,0
32,1070,33.08084309604199,99995,22,4,1,0,104,48,0.00152007600380019,10,3,49889,49948,76,43,0,0,0,0,0,0,99870,0,0,0,0,0,0,0,0,0,0,125,0,0,0,0,0,0
33,1070,34.03934254829578,99995,20,3,1,0,106,49,0.0015500775038751937,10,4,49887,49946,80,45,0,0,0,0,0,0,99864,0,0,0,0,0,0,0,0,0,0,131,0,0,0,0,0,0
34,1070,35.05222715886648,99995,19,4,1,0,107,50,0.0015700785039251962,9,3,49888,49946,81,45,0,0,0,0,0,0,99862,0,0,0,0,0,0,0,0,0,0,133,0,0,0,0,0,0
35,1070,36.2797036748837,99995,18,4,1,0,109,50,0.0015900795039751987,12,3,49883,49947,84,44,0,0,0,0,0,0,99859,0,0,0,0,0,0,0,0,0,0,136,0,0,0,0,0,0
36,1070,37.19353342939977,99995,18,4,1,0,111,50,0.0016100805040252012,10,3,49884,49947,85,44,0,0,0,0,0,0,99857,0,0,0,0,0,0,0,0,0,0,138,0,0,0,0,0,0
37,1070,38.02864306763687,99995,22,4,1,0,116,51,0.0016700835041752087,8,3,49881,49946,86,45,0,0,0,0,0,0,99855,0,0,0,0,0,0,0,0,0,0,140,0,0,0,0,0,0
38,1070,39.184479865774634,99995,23,3,1,0,119,51,0.0017000850042502124,11,4,49876,49945,87,46,0,0,0,0,0,0,99852,0,0,0,0,0,0,0,0,0,0,143,0,0,0,0,0,0
39,1070,40.021620808985574,99995,19,3,1,0,120,51,0.0017100855042752137,13,4,49873,49945,92,46,0,0,0,0,0,0,99847,0,0,0,0,0,0,0,0,0,0,148,0,0,0,0,0,0
40,1070,41.025368023977684,99995,16,4,1,0,121,52,0.0017300865043252162,13,4,49872,49944,96,46,0,0,0,0,0,0,99843,0,0,0,0,0,0,0,0,0,0,152,0,0,0,0,0,0
41,1070,42.127990127165276,99995,13,5,1,0,123,54,0.0017700885044252212,12,3,49872,49943,100,47,0,0,0,0,0,0,99837,0,0,0,0,0,0,0,0,0,0,158,0,0,0,0,0,0
42,1070,43.03725745730119,99995,15,4,1,0,126,54,0.001800090004500225,10,4,49871,49942,101,48,0,0,0,0,0,0,99835,0,0,0,0,0,0,0,0,0,0,160,0,0,0,0,0,0
43,1070,44.0218769858199,99995,12,7,1,0,127,58,0.0018500925046252312,14,2,49866,49940,105,49,0,0,0,0,0,0,99830,0,0,0,0,0,0,0,0,0,0,165,0,0,0,0,0,0
44,1070,45.086122131667466,99995,10,5,1,0,128,58,0.0018600930046502326,15,4,49865,49938,107,51,0,0,0,0,0,0,99825,0,0,0,0,0,0,0,0,0,0,170,0,0,0,0,0,0
45,1070,46.08638501862997,99995,13,4,1,0,132,58,0.0019000950047502376,11,4,49865,49938,108,52,0,0,0,0,0,0,99823,0,0,0,0,0,0,0,0,0,0,172,0,0,0,0,0,0
46,1070,47.256919855958294,99995,15,3,1,0,136,58,0.0019400970048502426,11,5,49861,49937,110,53,0,0,0,0,0,0,99820,0,0,0,0,0,0,0,0,0,0,175,0,0,0,0,0,0
47,1070,48.09293500307356,99995,17,5,1,0,140,60,0.00200010000500025,8,4,49860,49936,112,53,0,0,0,0,0,0,99818,0,0,0,0,0,0,0,0,0,0,177,0,0,0,0,0,0
48,1070,49.122377701809754,99995,17,6,1,0,144,61,0.002050102505125256,9,4,49856,49935,115,53,0,0,0,0,0,0,99814,0,0,0,0,0,0,0,0,0,0,181,0,0,0,0,0,0
49,1070,50.220729449186535,99995,16,7,1,0,145,62,0.0020701035051752586,11,4,49853,49934,117,53,0,0,0,0,0,0,99812,0,0,0,0,0,0,0,0,0,0,183,0,0,0,0,0,0
50,1070,51.21027312370441,99995,16,7,1,0,148,63,0.0021101055052752636,11,5,49851,49932,119,54,0,0,0,0,0,0,99808,0,0,0,0,0,0,0,0,0,0,187,0,0,0,0,0,0
51,1070,52.122039938580436,99995,14,5,1,0,150,63,0.002130106505325266,10,5,49850,49932,123,56,0,0,0,0,0,0,99802,0,0,0,0,0,0,0,0,0,0,193,0,0,0,0,0,0
52,1070,53.0074015319989,99995,15,6,1,0,154,66,0.002200110005500275,9,2,49847,49932,126,58,0,0,0,0,0,0,99797,0,0,0,0,0,0,0,0,0,0,198,0,0,0,0,0,0
53,1070,54.05384628815701,99995,18,7,1,0,158,67,0.002250112505625281,9,2,49843,49931,127,58,0,0,0,0,0,0,99796,0,0,0,0,0,0,0,0,0,0,199,0,0,0,0,0,0
54,1070,55.052810341406506,99995,17,7,1,0,162,68,0.0023001150057502875,6,2,49842,49930,132,59,0,0,0,0,0,0,99790,0,0,0,0,0,0,0,0,0,0,205,0,0,0,0,0,0
55,1070,56.11809184554513,99995,16,6,1,0,162,68,0.0023001150057502875,6,2,49842,49930,133,60,0,0,0,0,0,0,99788,0,0,0,0,0,0,0,0,0,0,207,0,0,0,0,0,0
56,1070,57.09619455267047,99995,16,5,1,0,164,68,0.00232011600580029,6,5,49840,49928,135,60,0,0,0,0,0,0,99785,0,0,0,0,0,0,0,0,0,0,210,0,0,0,0,0,0
57,1070,58.17437179142699,99995,17,7,1,0,167,70,0.002370118505925296,4,8,49839,49924,137,59,0,0,0,0,0,0,99783,0,0,0,0,0,0,0,0,0,0,212,0,0,0,0,0,0
58,1070,59.0863782506386,99995,14,7,1,0,167,70,0.002370118505925296,9,10,49834,49922,140,59,0,0,0,0,0,0,99780,0,0,0,0,0,0,0,0,0,0,215,0,0,0,0,0,0
59,1070,60.018218861539,99995,14,9,1,0,168,72,0.0024001200060003,8,8,49834,49922,141,59,0,0,0,0,0,0,99779,0,0,0,0,0,0,0,0,0,0,216,0,0,0,0,0,0
60,1070,61.00352446842152,99995,12,12,1,0,171,76,0.0024701235061753085,7,7,49832,49919,146,60,0,0,0,0,0,0,99773,0,0,0,0,0,0,0,0,0,0,222,0,0,0,0,0,0
61,1070,62.06326659311169,99995,10,10,1,0,174,79,0.0025301265063253165,9,7,49828,49916,150,65,0,0,0,0,0,0,99763,0,0,0,0,0,0,0,0,0,0,232,0,0,0,0,0,0
62,1070,63.041174869593064,99995,10,10,1,0,176,80,0.00256012800640032,9,6,49826,49916,152,66,0,0,0,0,0,0,99760,0,0,0,0,0,0,0,0,0,0,235,0,0,0,0,0,0
63,1070,64.01239780853761,99995,11,9,1,0,180,81,0.0026101305065253265,7,6,49824,49915,155,68,0,0,0,0,0,0,99755,0,0,0,0,0,0,0,0,0,0,240,0,0,0,0,0,0
64,1070,65.11359128409833,99995,14,12,1,0,183,84,0.002670133506675334,6,4,49823,49915,154,67,0,0,0,0,0,0,99755,0,0,0,0,0,0,0,0,0,0,240,0,0,0,0,0,0
65,1070,66.25511105941516,99995,15,11,1,0,184,85,0.0026901345067253364,10,5,49819,49913,153,69,0,0,0,0,0,0,99753,0,0,0,0,0,0,0,0,0,0,242,0,0,0,0,0,0
66,1070,67.2138631850593,99995,16,8,1,0,187,85,0.00272013600680034,7,6,49820,49912,154,72,0,0,0,0,0,0,99748,0,0,0,0,0,0,0,0,0,0,247,0,0,0,0,0,0
67,1070,68.0034378720881,99995,18,10,1,0,189,87,0.002760138006900345,5,5,49820,49911,154,72,0,0,0,0,0,0,99748,0,0,0,0,0,0,0,0,0,0,247,0,0,0,0,0,0
68,1070,69.02915666937672,99995,19,12,1,0,192,90,0.0028201410070503525,4,4,49819,49909,155,73,0,0,0,0,0,0,99745,0,0,0,0,0,0,0,0,0,0,250,0,0,0,0,0,0
69,1070,70.03368638107663,99995,14,12,1,0,193,92,0.0028501425071253564,7,5,49816,49906,160,75,0,0,0,0,0,0,99737,0,0,0,0,0,0,0,0,0,0,258,0,0,0,0,0,0
70,1070,71.24829045291476,99995,14,10,1,0,196,92,0.00288014400720036,8,7,49814,49904,161,77,0,0,0,0,0,0,99732,0,0,0,0,0,0,0,0,0,0,263,0,0,0,0,0,0
71,1070,72.08069282102554,99995,14,11,1,0,196,94,0.0029001450072503624,9,5,49814,49904,160,78,0,0,0,0,0,0,99731,0,0,0,0,0,0,0,0,0,0,264,0,0,0,0,0,0
72,1070,73.0022301093951,99995,18,12,1,0,201,96,0.0029701485074253714,9,3,49811,49905,159,78,0,0,0,0,0,0,99729,0,0,0,0,0,0,0,0,0,0,266,0,0,0,0,0,0
73,1070,74.23001115919277,99995,17,13,1,0,202,98,0.003000150007500375,10,4,49809,49903,161,78,0,0,0,0,0,0,99726,0,0,0,0,0,0,0,0,0,0,269,0,0,0,0,0,0
74,1070,75.03328122047866,99995,16,12,1,0,203,98,0.0030101505075253764,14,7,49805,49900,162,79,0,0,0,0,0,0,99723,0,0,0,0,0,0,0,0,0,0,272,0,0,0,0,0,0
75,1070,76.06659641245881,99995,17,11,1,0,207,99,0.0030601530076503824,16,7,49799,49899,165,81,0,0,0,0,0,0,99718,0,0,0,0,0,0,0,0,0,0,277,0,0,0,0,0,0
76,1070,77.10068782507192,99995,18,14,1,0,209,102,0.003110155507775389,16,6,49797,49897,166,81,0,0,0,0,0,0,99717,0,0,0,0,0,0,0,0,0,0,278,0,0,0,0,0,0
77,1070,78.02947615250005,99995,19,13,1,0,212,104,0.003160158007900395,15,5,49796,49896,167,84,0,0,0,0,0,0,99712,0,0,0,0,0,0,0,0,0,0,283,0,0,0,0,0,0
78,1070,79.27371268383052,99995,21,14,1,0,217,106,0.003230161508075404,13,5,49793,49895,170,84,0,0,0,0,0,0,99708,0,0,0,0,0,0,0,0,0,0,287,0,0,0,0,0,0
79,1070,80.09101956961969,99995,21,14,1,0,218,107,0.0032501625081254064,13,6,49792,49893,171,85,0,0,0,0,0,0,99706,0,0,0,0,0,0,0,0,0,0,289,0,0,0,0,0,0
80,1070,81.12788324307107,99995,18,12,1,0,222,107,0.0032901645082254113,12,8,49789,49892,178,86,0,0,0,0,0,0,99697,0,0,0,0,0,0,0,0,0,0,298,0,0,0,0,0,0
81,1070,82.02659857707363,99995,17,14,1,0,224,109,0.0033301665083254163,13,6,49786,49892,181,86,0,0,0,0,0,0,99694,0,0,0,0,0,0,0,0,0,0,301,0,0,0,0,0,0
82,1070,83.00972686282086,99995,18,12,1,0,227,109,0.00336016800840042,14,8,49782,49890,183,88,0,0,0,0,0,0,99690,0,0,0,0,0,0,0,0,0,0,305,0,0,0,0,0,0
83,1070,84.0263616410771,99995,15,11,1,0,231,111,0.0034201710085504274,11,7,49781,49889,190,91,0,0,0,0,0,0,99680,0,0,0,0,0,0,0,0,0,0,315,0,0,0,0,0,0
84,1070,85.25771323502958,99995,15,11,1,0,233,111,0.00344017200860043,16,7,49775,49889,191,91,0,0,0,0,0,0,99678,0,0,0,0,0,0,0,0,0,0,317,0,0,0,0,0,0
85,1070,86.23550970502696,99995,17,10,1,0,237,113,0.0035001750087504373,16,6,49771,49888,193,94,0,0,0,0,0,0,99673,0,0,0,0,0,0,0,0,0,0,322,0,0,0,0,0,0
86,1070,87.11174645676311,99995,17,12,1,0,241,115,0.003560178008900445,15,5,49769,49887,196,94,0,0,0,0,0,0,99669,0,0,0,0,0,0,0,0,0,0,326,0,0,0,0,0,0
87,1070,88.02772310767928,99995,20,13,1,0,247,117,0.003640182009100455,10,5,49768,49885,199,95,0,0,0,0,0,0,99665,0,0,0,0,0,0,0,0,0,0,330,0,0,0,0,0,0
88,1070,89.24974171232846,99995,23,12,1,0,252,118,0.0037001850092504623,13,7,49762,49882,199,97,0,0,0,0,0,0,99661,0,0,0,0,0,0,0,0,0,0,334,0,0,0,0,0,0
89,1070,90.26906992450452,99995,23,13,1,0,257,119,0.0037601880094004702,9,8,49761,49880,204,97,0,0,0,0,0,0,99656,0,0,0,0,0,0,0,0,0,0,339,0,0,0,0,0,0
90,1070,91.1262354504524,99995,21,14,1,0,258,120,0.0037801890094504727,12,8,49759,49879,205,97,0,0,0,0,0,0,99653,0,0,0,0,0,0,0,0,0,0,342,0,0,0,0,0,0
91,1070,92.12527602379113,99995,22,14,1,0,261,120,0.0038101905095254763,12,12,49758,49875,205,97,0,0,0,0,0,0,99651,0,0,0,0,0,0,0,0,0,0,344,0,0,0,0,0,0
92,1070,93.12421809177233,99995,22,16,1,0,264,124,0.003880194009700485,14,8,49754,49876,207,98,0,0,0,0,0,0,99646,0,0,0,0,0,0,0,0,0,0,349,0,0,0,0,0,0
93,1070,94.11963038952774,99995,24,15,1,0,269,126,0.003950197509875494,13,8,49751,49875,209,100,0,0,0,0,0,0,99640,0,0,0,0,0,0,0,0,0,0,355,0,0,0,0,0,0
94,1070,95.01487866140248,99995,21,18,1,0,270,131,0.004010200510025501,15,7,49749,49872,212,101,0,0,0,0,0,0,99634,0,0,0,0,0,0,0,0,0,0,361,0,0,0,0,0,0
95,1070,96.0550517208311,99995,22,17,1,0,274,133,0.004070203510175509,18,6,49742,49872,215,103,0,0,0,0,0,0,99628,0,0,0,0,0,0,0,0,0,0,367,0,0,0,0,0,0
96,1070,97.1178810538152,99995,24,17,1,0,279,133,0.004120206010300515,15,7,49740,49872,218,102,0,0,0,0,0,0,99625,0,0,0,0,0,0,0,0,0,0,370,0,0,0,0,0,0
97,1070,98.18281704212488,99995,28,17,1,0,284,135,0.004190209510475524,17,8,49733,49869,219,104,0,0,0,0,0,0,99622,0,0,0,0,0,0,0,0,0,0,373,0,0,0,0,0,0
98,1070,99.21734739929167,99995,29,18,1,0,288,136,0.00424021201060053,15,8,49731,49869,222,103,0,0,0,0,0,0,99619,0,0,0,0,0,0,0,0,0,0,376,0,0,0,0,0,0
99,1070,100.03545147141769,99995,28,19,1,0,292,139,0.004310215510775539,15,6,49728,49868,226,105,0,0,0,0,0,0,99612,0,0,0,0,0,0,0,0,0,0,383,0,0,0,0,0,0
100,1070,101.10009605506323,99995,31,20,1,0,297,142,0.004390219510975549,12,10,49726,49862,228,106,0,0,0,0,0,0,99608,0,0,0,0,0,0,0,0,0,0,387,0,0,0,0,0,0
101,1070,102.0641332128087,99995,31,22,1,0,300,146,0.004460223011150557,16,10,49721,49858,229,108,0,0,0,0,0,0,99603,0,0,0,0,0,0,0,0,0,0,392,0,0,0,0,0,0
102,1070,103.261760193609,99995,32,23,1,0,306,149,0.004550227511375569,15,11,49718,49855,232,109,0,0,0,0,0,0,99596,0,0,0,0,0,0,0,0,0,0,399,0,0,0,0,0,0
103,1070,104.11264294907372,99995,33,21,1,0,310,150,0.004600230011500575,15,12,49714,49853,235,112,0,0,0,0,0,0,99590,0,0,0,0,0,0,0,0,0,0,405,0,0,0,0,0,0
104,1070,105.08470703699636,99995,35,21,1,0,314,153,0.004670233511675584,20,12,49705,49850,237,115,0,0,0,0,0,0,99585,0,0,0,0,0,0,0,0,0,0,410,0,0,0,0,0,0
105,1070,106.07446611612632,99995,38,23,1,0,323,159,0.004820241012050602,21,16,49695,49842,243,117,0,0,0,0,0,0,99575,0,0,0,0,0,0,0,0,0,0,420,0,0,0,0,0,0
106,1070,107.05186460223658,99995,37,26,1,0,323,162,0.004850242512125606,30,15,49686,49840,244,117,0,0,0,0,0,0,99574,0,0,0,0,0,0,0,0,0,0,421,0,0,0,0,0,0
107,1070,108.09160384099434,99995,33,25,1,0,326,165,0.004910245512275614,35,14,49678,49840,251,119,0,0,0,0,0,0,99563,0,0,0,0,0,0,0,0,0,0,432,0,0,0,0,0,0
108,1070,109.0508533159628,99995,38,29,1,0,335,170,0.005050252512625631,33,13,49673,49836,253,120,0,0,0,0,0,0,99558,0,0,0,0,0,0,0,0,0,0,437,0,0,0,0,0,0
109,1070,110.12734292069511,99995,43,30,1,0,346,176,0.005220261013050653,28,13,49668,49830,258,125,0,0,0,0,0,0,99547,0,0,0,0,0,0,0,0,0,0,448,0,0,0,0,0,0
110,1070,111.02498780925211,99995,42,31,1,0,349,179,0.00528026401320066,33,13,49661,49827,261,127,0,0,0,0,0,0,99542,0,0,1,0,0,0,0,0,0,0,452,0,0,0,0,0,0
111,1070,112.03816691554304,99995,38,27,1,0,354,181,0.005350267513375669,29,17,49661,49821,269,133,0,0,0,0,0,0,99527,0,0,1,0,0,0,0,0,0,0,467,0,0,0,0,0,0
112,1070,113.03491466754437,99995,38,24,1,0,361,183,0.00544027201360068,25,19,49660,49817,274,138,0,0,0,0,0,0,99515,0,0,1,0,0,0,0,0,0,0,479,0,0,0,0,0,0
113,1070,114.04634705720612,99995,36,27,1,0,363,188,0.005510275513775689,29,20,49655,49812,277,139,0,0,0,0,0,0,99509,0,0,1,0,0,0,0,0,0,0,485,0,0,0,0,0,0
114,1070,115.08745430403519,99995,34,30,1,0,367,194,0.005610280514025701,35,17,49646,49810,282,141,0,0,0,0,0,0,99500,0,0,1,0,0,0,0,0,0,0,494,0,0,0,0,0,0
115,1070,116.24858415567753,99995,36,25,1,0,377,196,0.005730286514325716,32,20,49641,49805,288,148,0,0,0,0,0,0,99485,0,0,1,0,0,0,0,0,0,0,509,0,0,0,0,0,0
116,1070,117.22167802134148,99995,39,25,1,0,382,197,0.005790289514475724,29,19,49639,49805,290,149,0,0,0,0,0,0,99482,0,0,1,0,0,0,0,0,0,0,512,0,0,0,0,0,0
117,1070,118.0091637401228,99995,39,26,1,0,387,201,0.005880294014700735,30,17,49633,49804,295,151,0,0,0,0,0,0,99474,0,0,1,0,0,0,0,0,0,0,520,0,0,0,0,0,0
118,1070,119.02978904695537,99995,42,25,1,0,395,203,0.005980299014950748,30,22,49625,49798,300,153,0,0,0,0,0,0,99467,0,0,2,0,0,0,0,0,0,0,526,0,0,0,0,0,0
119,1070,120.02439257454321,99995,44,28,1,0,401,208,0.006090304515225761,36,22,49614,49793,303,155,0,0,0,0,0,0,99461,0,0,2,0,0,0,0,0,0,0,532,0,0,0,0,0,0
120,1070,121.01911855308995,99995,49,25,1,0,411,210,0.006210310515525777,41,21,49599,49792,308,160,0,0,0,0,0,0,99451,0,0,2,0,0,0,0,0,0,0,542,0,0,0,0,0,0
121,1070,122.01405500845108,99995,56,27,1,0,425,215,0.0064003200160008,32,23,49595,49786,314,162,0,0,0,0,0,0,99441,0,0,2,0,0,0,0,0,0,0,552,0,0,0,0,0,0
122,1070,123.00907833668404,99995,60,26,1,0,436,217,0.006530326516325817,29,25,49587,49782,321,165,0,0,0,0,0,0,99431,0,0,2,0,0,0,0,0,0,0,562,0,0,0,0,0,0
123,1070,124.00423360103686,99995,55,27,1,0,441,222,0.006630331516575829,33,26,49580,49777,329,168,0,0,0,0,0,0,99417,0,0,2,0,0,0,0,0,0,0,576,0,0,0,0,0,0
124,1070,125.3313446997658,99995,56,31,1,0,452,229,0.006810340517025852,32,25,49573,49771,336,171,0,0,0,0,0,0,99404,0,0,2,0,0,0,0,0,0,0,589,0,0,0,0,0,0
125,1070,126.32679023513381,99995,64,28,1,0,469,235,0.00704035201760088,18,20,49571,49772,344,178,0,0,0,0,0,0,99386,0,0,2,0,0,0,0,0,0,0,607,0,0,0,0,0,0
126,1070,127.00830612261208,99995,65,27,1,0,473,236,0.007090354517725887,16,21,49570,49770,346,180,0,0,0,0,0,0,99381,0,0,2,0,0,0,0,0,0,0,612,0,0,0,0,0,0
127,1070,128.07808418612717,99995,60,27,1,0,478,242,0.0072003600180009,26,22,49556,49765,355,184,0,0,0,0,0,0,99366,0,0,3,0,0,0,0,0,0,0,626,0,0,0,0,0,0
128,1070,129.07390426626273,99995,61,31,1,0,484,249,0.0073303665183259165,26,18,49551,49762,359,187,0,0,0,0,0,0,99358,0,0,3,0,0,0,0,0,0,0,634,0,0,0,0,0,0
129,1070,130.00059685367265,99995,56,24,1,0,489,251,0.007400370018500925,30,22,49544,49757,367,195,0,0,0,0,0,0,99339,0,0,3,0,0,0,0,0,0,0,653,0,0,0,0,0,0
130,1070,131.32873013040864,99995,56,27,1,0,497,257,0.0075403770188509425,36,22,49530,49752,375,197,0,0,0,0,0,0,99328,0,0,3,0,0,0,0,0,0,0,664,0,0,0,0,0,0
131,1070,132.32499534567503,99995,56,31,1,0,502,262,0.0076403820191009554,39,20,49525,49751,377,196,0,0,0,0,0,0,99322,0,0,3,0,0,0,0,0,0,0,670,0,0,0,0,0,0
132,1070,133.3209018214027,99995,62,30,1,0,513,268,0.0078103905195259764,36,20,49517,49746,382,202,0,0,0,0,0,0,99310,0,0,3,0,0,0,0,0,0,0,682,0,0,0,0,0,0
133,1070,134.2779571243478,99995,69,32,1,0,522,271,0.00793039651982599,35,19,49509,49744,384,203,0,0,0,0,0,0,99307,0,0,3,0,0,0,0,0,0,0,685,0,0,0,0,0,0
134,1070,135.01706712998603,99995,68,35,1,0,525,277,0.008020401020051002,45,15,49497,49742,387,206,0,0,0,0,0,0,99300,0,0,3,0,0,0,0,0,0,0,692,0,0,0,0,0,0
135,1070,136.14472914390797,99995,80,35,1,0,542,281,0.008230411520576028,41,16,49486,49737,390,210,0,0,0,0,0,0,99291,0,0,3,0,0,0,0,0,0,0,701,0,0,0,0,0,0
136,1070,137.09798244364555,99995,77,34,1,0,556,287,0.008430421521076054,39,13,49478,49735,403,216,0,0,0,0,0,0,99267,0,0,3,0,0,0,0,0,0,0,725,0,0,0,0,0,0
137,1070,138.00450807835188,99995,77,36,1,0,564,290,0.008540427021351068,39,12,49470,49734,411,216,0,0,0,0,0,0,99258,0,0,3,0,0,0,0,0,0,0,734,0,0,0,0,0,0
138,1070,139.04865050575162,99995,78,36,1,0,581,294,0.008750437521876094,37,17,49457,49725,425,220,0,0,0,0,0,0,99238,0,0,3,0,0,0,0,0,0,0,754,0,0,0,0,0,0
139,1070,140.120861189404,99995,75,37,1,0,590,298,0.00888044402220111,43,17,49444,49722,435,222,0,0,0,0,0,0,99223,0,0,3,0,0,0,0,0,0,0,769,0,0,0,0,0,0
140,1070,141.11547409879006,99995,69,40,1,0,598,304,0.009020451022551128,52,19,49428,49716,448,223,0,0,0,0,0,0,99206,0,0,3,0,0,0,0,0,0,0,786,0,0,0,0,0,0
141,1070,142.23828668336182,99995,74,37,1,0,615,310,0.009250462523126156,56,23,49407,49708,460,230,0,0,0,0,0,0,99185,0,0,3,0,0,0,0,0,0,0,807,0,0,0,0,0,0
142,1070,143.00433965031166,99995,78,40,1,0,623,318,0.009410470523526176,57,19,49399,49704,463,235,0,0,0,0,0,0,99176,0,0,3,0,0,0,0,0,0,0,816,0,0,0,0,0,0
143,1070,144.28371071801783,99995,81,39,1,0,644,326,0.009700485024251212,53,23,49384,49694,479,242,0,0,0,0,0,0,99149,0,0,3,0,0,0,0,0,0,0,843,0,0,0,0,0,0
144,1070,145.28243975226474,99995,83,40,1,0,654,330,0.00984049202460123,57,26,49372,49687,485,245,0,0,0,0,0,0,99138,0,0,3,0,0,0,0,0,0,0,854,0,0,0,0,0,0
145,1070,146.2813661035193,99995,76,42,1,0,666,337,0.010030501525076254,59,22,49358,49685,504,249,0,0,0,0,0,0,99114,0,0,3,0,0,0,0,0,0,0,878,0,0,0,0,0,0
146,1070,147.05385116942773,99995,78,41,1,0,675,341,0.01016050802540127,60,19,49351,49685,508,253,0,0,0,0,0,0,99102,0,0,3,0,0,0,0,0,0,0,890,0,0,0,0,0,0
147,1070,148.1376170791103,99995,87,41,1,0,691,345,0.010360518025901296,59,19,49338,49682,513,256,0,0,0,0,0,0,99091,0,0,3,0,0,0,0,0,0,0,901,0,0,0,0,0,0
148,1070,149.16846737408412,99995,90,33,1,0,712,349,0.010610530526526326,58,26,49319,49672,530,267,0,0,0,0,0,0,99061,0,0,3,0,0,0,0,0,0,0,931,0,0,0,0,0,0
149,1070,150.168362601781,99995,101,28,1,0,736,349,0.010850542527126356,49,31,49306,49668,541,271,0,0,0,0,0,0,99043,0,0,3,0,0,0,0,0,0,0,949,0,0,0,0,0,0
150,1070,151.1685077808191,99995,93,30,1,0,747,354,0.011010550527526376,54,34,49290,49660,560,274,0,0,0,0,0,0,99021,0,0,3,0,0,0,0,0,0,0,971,0,0,0,0,0,0
151,1070,152.16898730560783,99995,91,35,1,0,758,361,0.0111905595279764,58,33,49278,49654,570,276,0,0,0,0,0,0,99006,0,0,3,0,0,0,0,0,0,0,986,0,0,0,0,0,0
152,1070,153.16970216905636,99995,91,32,1,0,772,367,0.011390569528476424,56,33,49270,49651,580,282,0,0,0,0,0,0,98984,0,0,4,0,0,0,0,0,0,0,1007,0,0,0,0,0,0
153,1070,154.17062687594412,99995,92,38,1,0,790,374,0.011640582029101456,55,34,49254,49643,596,283,0,0,0,0,0,0,98966,0,0,4,0,0,0,0,0,0,0,1025,0,0,0,0,0,0
154,1070,155.17181801474976,99995,89,41,1,0,798,384,0.011820591029551478,62,29,49241,49638,605,290,0,0,0,0,0,0,98948,0,0,4,0,0,0,0,0,0,0,1043,0,0,0,0,0,0
155,1070,156.17324976634293,99995,100,43,1,0,820,391,0.012110605530276514,51,28,49231,49633,615,294,0,0,0,0,0,0,98932,0,0,4,0,0,0,0,0,0,0,1059,0,0,0,0,0,0
156,1070,157.17486590148744,99995,101,49,1,0,832,405,0.012370618530926546,64,23,49209,49624,623,302,0,0,0,0,0,0,98913,0,0,4,0,0,0,0,0,0,0,1078,0,0,0,0,0,0
157,1070,158.17678505957247,99995,98,44,1,0,845,411,0.01256062803140157,68,22,49194,49621,637,311,0,0,0,0,0,0,98887,0,0,5,0,0,0,0,0,0,0,1103,0,0,0,0,0,0
158,1070,159.17904408437025,99995,100,36,1,0,858,414,0.01272063603180159,71,22,49179,49620,647,320,0,0,0,0,0,0,98865,0,0,5,0,0,0,0,0,0,0,1125,0,0,0,0,0,0
159,1070,160.181605933178,99995,98,35,1,0,872,421,0.012930646532326616,73,19,49165,49618,661,326,0,0,0,0,0,0,98841,0,0,5,0,0,0,0,0,0,0,1149,0,0,0,0,0,0
160,1070,161.13592548423773,99995,103,35,1,0,890,427,0.013170658532926646,66,22,49157,49611,671,330,0,0,0,0,0,0,98822,0,0,5,0,0,0,0,0,0,0,1168,0,0,0,0,0,0
161,1070,162.1389415898769,99995,93,38,1,0,899,433,0.013320666033301665,66,26,49149,49603,689,331,0,0,0,0,0,0,98800,0,0,5,0,0,0,0,0,0,0,1190,0,0,0,0,0,0
162,1070,163.14218832160466,99995,98,42,1,0,918,440,0.013580679033951697,58,26,49139,49597,702,333,0,0,0,0,0,0,98783,0,0,5,0,0,0,0,0,0,0,1207,0,0,0,0,0,0
163,1070,164.14565976767693,99995,97,51,1,0,928,455,0.01383069153457673,59,16,49132,49595,709,336,0,0,0,0,0,0,98766,0,0,5,0,0,0,0,0,0,0,1224,0,0,0,0,0,0
164,1070,165.01791636924222,99995,93,51,1,0,940,461,0.014010700535026751,59,16,49123,49589,722,342,0,0,0,0,0,0,98744,0,0,5,0,0,0,0,0,0,0,1246,0,0,0,0,0,0
165,1070,166.13113923382872,99995,89,38,1,0,955,464,0.014190709535476773,65,17,49104,49585,739,358,0,0,0,0,0,0,98709,0,0,5,0,0,0,0,0,0,0,1281,0,0,0,0,0,0
166,1070,167.1354029705281,99995,89,42,1,0,973,470,0.014430721536076803,59,23,49093,49574,756,359,0,0,0,0,0,0,98689,0,0,5,0,0,0,0,0,0,0,1301,0,0,0,0,0,0
167,1070,168.22419868146667,99995,90,43,1,0,988,479,0.014670733536676833,63,21,49077,49569,767,365,0,0,0,0,0,0,98667,0,0,5,0,0,0,0,0,0,0,1323,0,0,0,0,0,0
168,1070,169.2289617589518,99995,93,47,1,0,1000,486,0.014860743037151857,60,17,49069,49567,775,367,0,0,0,0,0,0,98655,0,0,5,0,0,0,0,0,0,0,1335,0,0,0,0,0,0
169,1070,170.1793210704287,99995,94,44,1,0,1017,490,0.015070753537676883,64,22,49051,49558,788,374,0,0,0,0,0,0,98632,0,0,5,0,0,0,0,0,0,0,1358,0,0,0,0,0,0
170,1070,171.1845990735563,99995,104,48,1,0,1038,497,0.015350767538376919,56,19,49040,49556,797,375,0,0,0,0,0,0,98618,0,0,5,0,0,0,0,0,0,0,1372,0,0,0,0,0,0
171,1070,172.0866524638398,99995,108,50,1,0,1050,501,0.015510775538776939,64,22,49022,49550,803,376,0,0,0,0,0,0,98608,0,0,5,0,0,0,0,0,0,0,1382,0,0,0,0,0,0
172,1070,173.09233328675674,99995,114,50,1,0,1066,509,0.01575078753937697,64,20,49009,49544,810,384,0,0,0,0,0,0,98590,0,0,5,0,0,0,0,0,0,0,1400,0,0,0,0,0,0
173,1070,174.231110948774,99995,104,44,1,0,1085,512,0.015970798539926997,74,30,48984,49533,835,391,0,0,0,0,0,0,98552,0,0,5,0,0,0,0,0,0,0,1438,0,0,0,0,0,0
174,1070,175.23752347725474,99995,115,42,1,0,1113,516,0.016290814540727037,65,29,48967,49530,850,397,0,0,0,0,0,0,98529,0,0,5,0,0,0,0,0,0,0,1461,0,0,0,0,0,0
175,1070,176.24424653950737,99995,110,40,1,0,1131,524,0.01655082754137707,61,26,48954,49526,872,406,0,0,0,0,0,0,98496,0,0,5,0,0,0,0,0,0,0,1494,0,0,0,0,0,0
176,1070,177.25136610947155,99995,109,41,1,0,1143,533,0.016760838041902097,71,25,48932,49518,885,414,0,0,0,0,0,0,98475,0,0,5,0,0,0,0,0,0,0,1515,0,0,0,0,0,0
177,1070,178.25883467843326,99995,115,41,1,0,1167,542,0.017090854542727137,64,26,48919,49508,899,423,0,0,0,0,0,0,98448,0,0,5,0,0,0,0,0,0,0,1542,0,0,0,0,0,0
178,1070,179.2665572520827,99995,118,44,1,0,1185,549,0.01734086704335217,61,25,48904,49503,914,426,0,0,0,0,0,0,98429,0,0,5,0,0,0,0,0,0,0,1561,0,0,0,0,0,0
179,1070,180.2745743619486,99995,119,40,1,0,1200,553,0.017530876543827192,66,26,48889,49500,923,432,0,0,0,0,0,0,98407,0,0,5,0,0,0,0,0,0,0,1583,0,0,0,0,0,0
180,1070,181.28289062376646,99994,119,44,2,0,1218,565,0.01783106986419185,75,17,48865,49500,937,437,0,0,0,0,0,0,98381,0,0,5,0,0,0,0,0,0,0,1608,0,0,0,0,0,0
181,1070,182.01051494714505,99994,118,44,2,0,1229,566,0.01795107706462388,73,20,48859,49498,946,436,0,0,0,0,0,0,98368,0,0,5,0,0,0,0,0,0,0,1621,0,0,0,0,0,0
182,1070,183.09746474722613,99994,112,45,2,0,1245,576,0.018211092665559935,70,15,48851,49494,963,444,0,0,0,0,0,0,98337,0,0,5,0,0,0,0,0,0,0,1652,0,0,0,0,0,0
183,1070,184.1770133861193,99994,118,45,2,0,1266,578,0.018441106466387983,70,21,48834,49486,974,446,0,0,0,0,0,0,98320,0,0,5,0,0,0,0,0,0,0,1669,0,0,0,0,0,0
184,1070,185.18639634835756,99994,113,47,2,0,1283,584,0.018671120267216033,75,23,48816,49478,992,450,0,0,0,0,0,0,98294,0,0,5,0,0,0,0,0,0,0,1695,0,0,0,0,0,0
185,1070,186.00368391985558,99994,121,46,2,0,1301,588,0.01889113346800808,66,22,48809,49477,1000,453,0,0,0,0,0,0,98279,0,0,5,0,0,0,0,0,0,0,1710,0,0,0,0,0,0
186,1070,187.01357959784337,99994,122,45,2,0,1318,593,0.01911114666880013,64,26,48799,49469,1011,458,0,0,0,0,0,0,98258,0,0,6,0,0,0,0,0,0,0,1730,0,0,0,0,0,0
187,1070,188.02367510461997,99994,121,48,2,0,1330,599,0.019291157469448168,67,28,48792,49463,1016,459,0,0,0,0,0,0,98242,0,0,6,0,0,0,0,0,0,0,1746,0,0,0,0,0,0
188,1070,189.0339534207954,99993,116,49,2,1,1349,608,0.01957136999589971,77,29,48766,49457,1037,462,0,0,0,0,0,0,98210,0,0,6,0,0,0,0,0,0,0,1777,0,0,0,0,0,0
189,1070,190.04460001882453,99993,112,41,2,1,1362,612,0.01974138189673277,79,33,48753,49449,1052,474,0,0,0,0,0,0,98181,0,0,6,0,0,0,0,0,0,0,1806,0,0,0,0,0,0
190,1070,191.05559986360151,99993,116,43,2,1,1384,622,0.020061404298300882,73,28,48740,49446,1067,480,0,0,0,0,0,0,98155,0,0,6,0,0,0,0,0,0,0,1832,0,0,0,0,0,0
191,1070,192.06689010385722,99993,111,42,2,1,1395,627,0.020221415499084936,71,28,48735,49442,1079,485,0,0,0,0,0,0,98133,0,0,6,0,0,0,0,0,0,0,1854,0,0,0,0,0,0
192,1070,193.07837402460285,99993,116,42,2,1,1416,635,0.020511435800506034,64,28,48723,49436,1093,491,0,0,0,0,0,0,98110,0,0,7,0,0,0,0,0,0,0,1876,0,0,0,0,0,0
193,1070,194.0901282613484,99993,120,48,2,1,1436,651,0.02087146100227016,57,21,48715,49429,1104,499,0,0,0,0,0,0,98084,0,0,7,0,0,0,0,0,0,0,1902,0,0,0,0,0,0
194,1070,195.10206883168215,99993,119,45,2,1,1449,655,0.021041472903103216,61,32,48703,49415,1113,505,0,0,0,0,0,0,98064,0,0,8,0,0,0,0,0,0,0,1921,0,0,0,0,0,0
195,1070,196.11420975602775,99993,117,52,2,1,1462,668,0.021301491104377308,72,31,48682,49403,1125,511,0,0,0,0,0,0,98043,0,0,8,0,0,0,0,0,0,0,1942,0,0,0,0,0,0
196,1070,197.1266802836806,99993,114,56,2,1,1479,680,0.021591511405798406,72,36,48671,49388,1139,517,0,0,0,0,0,0,98016,0,0,9,0,0,0,0,0,0,0,1968,0,0,0,0,0,0
197,1070,198.1393353457947,99993,117,66,2,1,1497,698,0.02195153660756253,80,35,48654,49373,1145,523,0,0,0,0,0,0,97993,0,0,9,0,0,0,0,0,0,0,1991,0,0,0,0,0,0
198,1070,199.1522359499104,99993,125,65,2,1,1521,710,0.02231156180932665,77,35,48636,49365,1158,532,0,0,0,0,0,0,97964,0,0,9,0,0,0,0,0,0,0,2020,0,0,0,0,0,0
199,1070,200.16544180811496,99993,127,63,2,1,1538,719,0.022571580010600743,76,33,48622,49362,1171,539,0,0,0,0,0,0,97938,0,0,9,0,0,0,0,0,0,0,2046,0,0,0,0,0,0
200,1070,201.17892615795617,99993,129,69,2,1,1565,730,0.02295160661246287,79,30,48598,49355,1190,543,0,0,0,0,0,0,97908,0,0,9,0,0,0,0,0,0,0,2076,0,0,0,0,0,0
201,1070,202.19281567762982,99993,127,71,2,1,1582,738,0.02320162411368796,89,34,48573,49344,1207,548,0,0,0,0,0,0,97883,0,0,9,0,0,0,0,0,0,0,2101,0,0,0,0,0,0
202,1070,203.20713393705466,99992,129,65,2,2,1602,746,0.023481878550284024,90,42,48557,49329,1220,560,0,0,0,0,0,0,97852,0,0,10,0,0,0,0,0,0,0,2130,0,0,0,0,0,0
203,1070,204.22177653653614,99992,131,64,2,2,1632,757,0.023891911352908232,76,38,48543,49323,1246,571,0,0,0,0,0,0,97812,0,0,10,0,0,0,0,0,0,0,2170,0,0,0,0,0,0
204,1070,205.23683842973517,99992,126,64,2,2,1649,764,0.024131930554444354,76,34,48531,49321,1263,577,0,0,0,0,0,0,97783,0,0,10,0,0,0,0,0,0,0,2199,0,0,0,0,0,0
205,1070,206.25221464332034,99992,125,71,2,2,1662,780,0.024421953756300505,84,28,48515,49311,1272,586,0,0,0,0,0,0,97760,0,0,10,0,0,0,0,0,0,0,2222,0,0,0,0,0,0
206,1070,207.2678572137018,99992,124,71,2,2,1682,790,0.02472197775822066,84,29,48502,49300,1286,596,0,0,0,0,0,0,97729,0,0,10,0,0,0,0,0,0,0,2253,0,0,0,0,0,0
207,1070,208.2837735463288,99992,138,67,2,2,1709,798,0.025072005760460838,75,34,48489,49289,1294,606,0,0,0,0,0,0,97704,0,0,10,0,0,0,0,0,0,0,2278,0,0,0,0,0,0
208,1070,209.2999152057812,99992,146,68,2,2,1728,810,0.025382030562444997,76,37,48470,49277,1304,614,0,0,0,0,0,0,97682,0,0,10,0,0,0,0,0,0,0,2300,0,0,0,0,0,0
209,1070,210.31631396006043,99992,147,67,2,2,1746,822,0.025682054564365148,85,46,48450,49258,1314,625,0,0,0,0,0,0,97652,0,0,10,0,0,0,0,0,0,0,2330,0,0,0,0,0,0
210,1070,211.33301930150822,99992,140,72,2,2,1761,834,0.025952076166093286,98,45,48426,49249,1332,630,0,0,0,0,0,0,97623,0,0,10,0,0,0,0,0,0,0,2359,0,0,0,0,0,0
211,1070,212.01102896328112,99992,152,79,2,2,1782,847,0.02629210336826946,98,36,48408,49247,1338,634,0,0,0,0,0,0,97608,0,0,10,0,0,0,0,0,0,0,2374,0,0,0,0,0,0
212,1070,213.02839741505548,99992,163,74,2,2,1811,855,0.02666213297063765,99,40,48381,49239,1353,643,0,0,0,0,0,0,97577,0,0,10,0,0,0,0,0,0,0,2405,0,0,0,0,0,0
213,1070,214.04616833365344,99992,162,70,2,2,1835,863,0.026982158572685815,99,38,48364,49236,1371,652,0,0,0,0,0,0,97541,0,0,11,0,0,0,0,0,0,0,2440,0,0,0,0,0,0
214,1070,215.06436128416044,99992,160,69,2,2,1858,874,0.02732218577486199,99,42,48343,49225,1394,660,0,0,0,0,0,0,97505,0,0,12,0,0,0,0,0,0,0,2475,0,0,0,0,0,0
215,1070,216.08302541161373,99992,167,77,2,2,1891,894,0.027852228178254262,85,35,48328,49214,1416,670,0,0,0,0,0,0,97468,0,0,13,0,0,0,0,0,0,0,2511,0,0,0,0,0,0
216,1070,217.10207500781328,99992,169,77,2,2,1910,904,0.02814225138011041,98,40,48297,49200,1432,679,0,0,0,0,0,0,97441,0,0,13,0,0,0,0,0,0,0,2538,0,0,0,0,0,0
217,1070,218.12160274175343,99992,174,72,2,2,1938,911,0.028492279382350588,88,48,48287,49185,1447,691,0,0,0,0,0,0,97408,0,0,15,0,0,0,0,0,0,0,2569,0,0,0,0,0,0
218,1070,219.14140069647894,99992,166,74,2,2,1958,921,0.028792303384270742,92,53,48266,49175,1472,694,0,0,0,0,0,0,97372,0,0,15,0,0,0,0,0,0,0,2605,0,0,0,0,0,0
219,1070,220.16161019503645,99991,164,75,2,3,1981,934,0.02915262373613625,92,53,48249,49164,1491,703,0,0,0,0,0,0,97335,0,0,15,0,0,0,0,0,0,0,2641,0,0,0,0,0,0
220,1070,221.18218423327136,99991,165,77,2,3,2002,949,0.029512656139052514,87,50,48235,49154,1509,714,0,0,0,0,0,0,97302,0,0,15,0,0,0,0,0,0,0,2674,0,0,0,0,0,0
221,1070,222.20313000759876,99991,159,77,2,3,2029,963,0.029922693042373813,82,52,48220,49141,1535,725,0,0,0,0,0,0,97257,0,0,17,0,0,0,0,0,0,0,2717,0,0,0,0,0,0
222,1070,223.22447201211935,99991,154,78,2,3,2041,977,0.030182716444480003,92,50,48202,49130,1548,737,0,0,0,0,0,0,97228,0,0,18,0,0,0,0,0,0,0,2745,0,0,0,0,0,0
223,1070,224.2461728691757,99991,160,83,2,3,2066,990,0.03056275064755828,91,54,48181,49116,1564,742,0,0,0,0,0,0,97201,0,0,18,0,0,0,0,0,0,0,2772,0,0,0,0,0,0
224,1070,225.26821091436764,99990,162,82,2,4,2088,1001,0.030893089308930893,95,59,48162,49102,1577,751,0,0,0,0,0,0,97170,0,0,19,0,0,0,0,0,0,0,2801,0,0,0,0,0,0
225,1070,226.2905922823948,99990,167,90,2,4,2113,1020,0.03133313331333133,94,53,48143,49095,1592,756,0,0,0,0,0,0,97139,0,0,19,0,0,0,0,0,0,0,2832,0,0,0,0,0,0
226,1070,227.31330396405042,99990,169,87,2,4,2140,1033,0.031733173317331734,85,49,48129,49090,1613,768,0,0,0,0,0,0,97099,0,0,20,0,0,0,0,0,0,0,2871,0,0,0,0,0,0
227,1070,228.33639685249645,99990,161,95,2,4,2154,1050,0.03204320432043204,91,43,48114,49086,1630,770,0,0,0,0,0,0,97069,0,0,21,0,0,0,0,0,0,0,2900,0,0,0,0,0,0
228,1070,229.01862454212798,99990,159,98,2,4,2167,1060,0.03227322732273227,96,42,48099,49078,1642,776,0,0,0,0,0,0,97048,0,0,22,0,0,0,0,0,0,0,2920,0,0,0,0,0,0
229,1070,230.04235469000537,99990,166,101,2,4,2193,1070,0.03263326332633263,105,44,48071,49072,1654,777,0,0,0,0,0,0,97022,0,0,22,0,0,0,0,0,0,0,2946,0,0,0,0,0,0
230,1070,231.06644886625602,99990,167,101,2,4,2222,1089,0.03311331133113311,108,41,48045,49058,1676,794,0,0,0,0,0,0,96977,0,0,24,0,0,0,0,0,0,0,2989,0,0,0,0,0,0
231,1070,232.09106555848436,99990,175,94,2,4,2251,1099,0.0335033503350335,107,47,48024,49047,1690,806,0,0,0,0,0,0,96939,0,0,24,0,0,0,0,0,0,0,3027,0,0,0,0,0,0
232,1070,233.11609071864547,99990,170,97,2,4,2276,1112,0.033883388338833885,114,48,48001,49035,1711,814,0,0,0,0,0,0,96899,0,0,24,0,0,0,0,0,0,0,3067,0,0,0,0,0,0
233,1070,234.14155544523987,99990,159,96,2,4,2291,1123,0.03414341434143414,132,56,47970,49017,1735,825,0,0,0,0,0,0,96861,0,0,24,0,0,0,0,0,0,0,3105,0,0,0,0,0,0
234,1070,235.16762611899335,99990,173,95,2,4,2325,1138,0.03463346334633463,124,55,47953,49009,1746,835,0,0,0,0,0,0,96826,0,0,25,0,0,0,0,0,0,0,3139,0,0,0,0,0,0
235,1070,236.19403435351427,99990,169,91,2,4,2353,1146,0.034993499349934995,127,56,47927,49002,1773,845,0,0,0,0,0,0,96784,0,0,27,0,0,0,0,0,0,0,3179,0,0,0,0,0,0
236,1070,237.22094704613173,99990,166,109,2,4,2381,1170,0.035513551355135516,122,46,47910,48992,1798,847,0,0,0,0,0,0,96747,0,0,27,0,0,0,0,0,0,0,3216,0,0,0,0,0,0
237,1070,238.24824270245202,99990,173,112,2,4,2404,1188,0.03592359235923592,118,38,47897,48986,1808,858,0,0,0,0,0,0,96717,0,0,28,0,0,0,0,0,0,0,3245,0,0,0,0,0,0
238,1070,239.2758627337329,99990,175,105,2,4,2431,1197,0.03628362836283628,119,50,47876,48971,1826,868,0,0,0,0,0,0,96678,0,0,30,0,0,0,0,0,0,0,3282,0,0,0,0,0,0
239,1070,240.3038748535528,99989,172,101,3,4,2457,1208,0.036654031943513785,123,53,47854,48961,1846,879,0,0,0,0,0,0,96635,0,0,31,0,0,0,0,0,0,0,3323,0,0,0,0,0,0
240,1070,241.33235711051552,99989,180,95,3,4,2488,1215,0.037034073748112295,123,62,47826,48948,1866,889,0,0,0,0,0,0,96599,0,0,31,0,0,0,0,0,0,0,3359,0,0,0,0,0,0
241,1070,242.01827773480002,99989,183,100,3,4,2511,1229,0.03740411445258979,124,59,47803,48940,1885,895,0,0,0,0,0,0,96570,0,0,31,0,0,0,0,0,0,0,3388,0,0,0,0,0,0
242,1070,243.04764659939315,99989,187,108,3,4,2542,1245,0.03787416615827741,128,63,47773,48922,1907,901,0,0,0,0,0,0,96535,0,0,31,0,0,0,0,0,0,0,3423,0,0,0,0,0,0
243,1070,244.07759019343558,99989,189,97,3,4,2575,1256,0.038314214563602,125,64,47749,48919,1932,914,0,0,0,0,0,0,96482,0,0,31,0,0,0,0,0,0,0,3476,0,0,0,0,0,0
244,1070,245.1080702351935,99989,204,93,3,4,2613,1268,0.038814269569652664,118,67,47723,48910,1950,924,0,0,0,0,0,0,96443,0,0,31,0,0,0,0,0,0,0,3515,0,0,0,0,0,0
245,1070,246.1390704580346,99989,209,94,3,4,2647,1287,0.03934432787606637,121,65,47690,48895,1975,940,0,0,0,0,0,0,96397,0,0,32,0,0,0,0,0,0,0,3560,0,0,0,0,0,0
246,1070,247.17065321115695,99989,212,94,3,4,2677,1308,0.03985438398223805,120,62,47673,48881,1990,957,0,0,0,0,0,0,96350,0,0,33,0,0,0,0,0,0,0,3606,0,0,0,0,0,0
247,1070,248.20260811935745,99988,211,100,3,5,2714,1325,0.040394847381685806,124,58,47641,48869,2019,966,0,0,0,0,0,0,96304,0,0,36,0,0,0,0,0,0,0,3648,0,0,0,0,0,0
248,1070,249.23520147635313,99988,211,99,3,5,2742,1343,0.0408549025883106,139,53,47605,48860,2040,981,0,0,0,0,0,0,96257,0,0,36,0,0,0,0,0,0,0,3695,0,0,0,0,0,0
249,1070,250.26840428353023,99988,234,101,3,5,2787,1358,0.04145497459695163,128,51,47580,48850,2053,991,0,0,0,0,0,0,96222,0,0,36,0,0,0,0,0,0,0,3730,0,0,0,0,0,0
250,1070,251.30206341786842,99988,235,100,3,5,2816,1375,0.04191502980357643,140,47,47544,48842,2076,1004,0,0,0,0,0,0,96177,0,0,37,0,0,0,0,0,0,0,3774,0,0,0,0,0,0
251,1070,252.33637825908815,99988,231,109,3,5,2852,1391,0.042435092211065326,130,48,47523,48827,2111,1009,0,0,0,0,0,0,96131,0,0,38,0,0,0,0,0,0,0,3819,0,0,0,0,0,0
252,1070,253.0262387928372,99988,228,108,3,5,2868,1401,0.04269512341480978,136,50,47506,48815,2125,1020,0,0,0,0,0,0,96101,0,0,38,0,0,0,0,0,0,0,3849,0,0,0,0,0,0
253,1070,254.06146861112936,99988,236,101,3,5,2912,1409,0.04321518582229868,138,60,47468,48801,2153,1031,0,0,0,0,0,0,96052,0,0,40,0,0,0,0,0,0,0,3896,0,0,0,0,0,0
254,1070,255.09738586711538,99988,233,108,3,5,2943,1433,0.04376525183021963,135,54,47446,48789,2181,1042,0,0,0,0,0,0,96001,0,0,40,0,0,0,0,0,0,0,3947,0,0,0,0,0,0
255,1070,256.13386764634714,99988,230,109,3,5,2978,1448,0.04426531183742049,134,55,47423,48776,2208,1053,0,0,0,0,0,0,95950,0,0,41,0,0,0,0,0,0,0,3997,0,0,0,0,0,0
256,1070,257.17089177993563,99988,224,111,3,5,3005,1458,0.04463535624274913,146,62,47392,48764,2233,1056,0,0,0,0,0,0,95909,0,0,41,0,0,0,0,0,0,0,4038,0,0,0,0,0,0
257,1070,258.20846286496,99988,238,115,3,5,3043,1478,0.04521542585110213,150,68,47357,48740,2250,1070,0,0,0,0,0,0,95872,0,0,44,0,0,0,0,0,0,0,4072,0,0,0,0,0,0
258,1070,259.2465568676396,99988,232,112,3,5,3075,1499,0.04574548945873505,158,60,47331,48729,2274,1092,0,0,0,0,0,0,95812,0,0,46,0,0,0,0,0,0,0,4130,0,0,0,0,0,0
259,1070,260.2852887540742,99988,229,116,3,5,3109,1517,0.04626555186622395,148,66,47313,48711,2305,1100,0,0,0,0,0,0,95763,0,0,48,0,0,0,0,0,0,0,4177,0,0,0,0,0,0
260,1070,261.32452106735343,99988,230,128,3,5,3143,1541,0.04684562147457695,155,59,47279,48697,2331,1109,0,0,0,0,0,0,95720,0,0,50,0,0,0,0,0,0,0,4218,0,0,0,0,0,0
261,1070,262.017669194247,99988,237,125,3,5,3171,1551,0.047225667080049605,150,66,47264,48683,2344,1119,0,0,0,0,0,0,95687,0,0,51,0,0,0,0,0,0,0,4250,0,0,0,0,0,0
262,1070,263.0577867679062,99988,242,121,3,5,3213,1571,0.047845741488978674,142,61,47246,48670,2365,1141,0,0,0,0,0,0,95629,0,0,54,0,0,0,0,0,0,0,4305,0,0,0,0,0,0
263,1070,264.0983950078773,99988,236,118,3,5,3241,1583,0.04824578949473937,155,69,47213,48652,2391,1154,0,0,0,0,0,0,95581,0,0,55,0,0,0,0,0,0,0,4352,0,0,0,0,0,0
264,1070,265.13966229585355,99988,251,119,3,5,3290,1601,0.04891586990438853,149,74,47178,48632,2417,1168,0,0,0,0,0,0,95530,0,0,55,0,0,0,0,0,0,0,4403,0,0,0,0,0,0
265,1070,266.1815773528888,99988,245,127,3,5,3323,1624,0.049475937112453496,155,68,47142,48618,2453,1180,0,0,0,0,0,0,95477,0,0,56,0,0,0,0,0,0,0,4455,0,0,0,0,0,0
266,1070,267.2242667542272,99988,246,135,3,5,3363,1645,0.05008601032123855,162,64,47101,48607,2486,1187,0,0,0,0,0,0,95426,0,0,57,0,0,0,0,0,0,0,4505,0,0,0,0,0,0
267,1070,268.26767621646127,99988,263,129,3,5,3422,1657,0.050796095531463775,148,71,47066,48594,2518,1199,0,0,0,0,0,0,95369,0,0,60,0,0,0,0,0,0,0,4559,0,0,0,0,0,0
268,1070,269.3118861222911,99988,254,134,3,5,3450,1682,0.05132615913909669,161,65,47028,48582,2552,1212,0,0,0,0,0,0,95313,0,0,61,0,0,0,0,0,0,0,4614,0,0,0,0,0,0
269,1070,270.00847701360595,99988,250,134,3,5,3471,1695,0.05166619994399328,157,68,47018,48570,2570,1221,0,0,0,0,0,0,95275,0,0,61,0,0,0,0,0,0,0,4652,0,0,0,0,0,0
270,1070,271.0537538028132,99988,259,131,3,5,3512,1711,0.05223626835220226,149,70,46998,48556,2589,1236,0,0,0,0,0,0,95225,0,0,62,0,0,0,0,0,0,0,4701,0,0,0,0,0,0
271,1070,272.09946620727413,99987,278,134,4,5,3565,1730,0.05295688439497134,131,71,46975,48540,2610,1248,0,0,0,0,0,0,95175,0,0,62,0,0,0,0,0,0,0,4750,0,0,0,0,0,0
272,1070,273.1456241631593,99987,270,138,4,5,3589,1756,0.053456949403422445,151,68,46944,48518,2629,1269,0,0,0,0,0,0,95123,0,0,64,0,0,0,0,0,0,0,4800,0,0,0,0,0,0
273,1070,274.1923597931522,99987,271,131,4,5,3626,1771,0.05397701701221159,158,68,46907,48507,2658,1287,0,0,0,0,0,0,95065,0,0,64,0,0,0,0,0,0,0,4858,0,0,0,0,0,0
274,1070,275.2399053154849,99987,264,134,4,5,3666,1790,0.054567093722183886,158,75,46869,48485,2703,1299,0,0,0,0,0,0,95009,0,0,71,0,0,0,0,0,0,0,4907,0,0,0,0,0,0
275,1070,276.2882430007744,99986,260,133,5,5,3702,1811,0.0551377192806993,161,78,46838,48462,2734,1320,0,0,0,0,0,0,94948,0,0,72,0,0,0,0,0,0,0,4966,0,0,0,0,0,0
276,1070,277.3373457515101,99986,262,135,5,5,3743,1833,0.05576780749304903,162,82,46803,48438,2766,1338,0,0,0,0,0,0,94891,0,0,72,1,0,0,0,0,0,0,5022,0,0,0,0,0,0
277,1070,278.03708341637554,99986,254,125,5,5,3772,1838,0.05610785509971396,161,95,46782,48422,2796,1351,0,0,0,0,0,0,94840,0,0,73,1,0,0,0,0,0,0,5072,0,0,0,0,0,0
278,1070,279.0874177074067,99986,261,130,5,5,3810,1864,0.05674794471225972,165,83,46750,48413,2817,1367,0,0,0,0,0,0,94788,0,0,73,1,0,0,0,0,0,0,5124,0,0,0,0,0,0
279,1070,280.13841680759265,99986,257,138,5,5,3848,1887,0.05735803012421739,164,78,46725,48397,2847,1380,0,0,0,0,0,0,94733,0,0,75,1,0,0,0,0,0,0,5177,0,0,0,0,0,0
280,1070,281.19001540526847,99985,253,143,6,5,3886,1908,0.05794869230384558,175,80,46694,48381,2870,1389,0,0,0,0,0,0,94678,0,0,78,1,0,0,0,0,0,0,5228,0,0,0,0,0,0
281,1070,282.24226012264586,99985,246,135,6,5,3925,1923,0.0584887733159974,175,89,46664,48362,2907,1407,0,0,0,0,0,0,94614,0,0,83,1,0,0,0,0,0,0,5287,0,0,0,0,0,0
282,1070,283.29520686297445,99985,251,142,6,5,3958,1945,0.05903885582837426,193,93,46623,48342,2925,1416,0,0,0,0,0,0,94572,0,0,84,1,0,0,0,0,0,0,5328,0,0,0,0,0,0
283,1070,284.3487505423152,99985,257,154,6,5,4010,1968,0.05978896834525179,173,88,46603,48330,2959,1421,0,0,0,0,0,0,94516,0,0,85,1,0,0,0,0,0,0,5383,0,0,0,0,0,0
284,1070,285.05142151823264,99984,242,154,7,5,4031,1984,0.060159625540086414,168,81,46592,48323,2989,1435,0,0,0,0,0,0,94466,0,0,87,1,0,0,0,0,0,0,5430,0,0,0,0,0,0
285,1070,286.1060363661085,99984,254,160,7,5,4084,2010,0.06094975196031365,157,79,46562,48305,3018,1449,0,0,0,0,0,0,94406,0,0,88,1,0,0,0,0,0,0,5489,0,0,0,0,0,0
286,1070,287.1613261564655,99984,251,157,7,5,4128,2028,0.06156985117618819,152,80,46534,48291,3054,1465,0,0,0,0,0,0,94342,0,0,90,2,0,0,0,0,0,0,5550,0,0,0,0,0,0
287,1070,288.2172747693057,99984,238,163,7,5,4162,2053,0.062159945591294605,164,77,46499,48275,3090,1478,0,0,0,0,0,0,94280,0,0,94,2,0,0,0,0,0,0,5608,0,0,0,0,0,0
288,1070,289.2739971967427,99983,251,150,8,5,4209,2067,0.0627706710140724,153,81,46476,48264,3110,1498,0,0,0,0,0,0,94222,0,0,97,2,0,0,0,0,0,0,5662,0,0,0,0,0,0
289,1070,290.3312937067605,99983,254,146,8,5,4249,2090,0.06340077813228248,147,75,46456,48251,3133,1521,0,0,0,0,0,0,94161,0,0,100,2,0,0,0,0,0,0,5720,0,0,0,0,0,0
290,1070,291.036442295435,99982,245,140,9,5,4272,2101,0.06374147346522374,151,76,46436,48240,3157,1537,0,0,0,0,0,0,94115,0,0,103,2,0,0,0,0,0,0,5762,0,0,0,0,0,0
291,1070,292.0947711646008,99982,263,151,9,5,4317,2125,0.06443159768758376,149,71,46406,48227,3171,1544,0,0,0,0,0,0,94075,0,0,103,2,0,0,0,0,0,0,5802,0,0,0,0,0,0
292,1070,293.1536726916531,99982,267,157,9,5,4366,2143,0.06510171830929568,149,71,46365,48218,3208,1547,0,0,0,0,0,0,94019,0,0,104,2,0,0,0,0,0,0,5857,0,0,0,0,0,0
293,1070,294.21330780740203,99982,269,159,9,5,4399,2162,0.0656218119261467,149,75,46344,48197,3227,1562,0,0,0,0,0,0,93975,0,0,108,2,0,0,0,0,0,0,5897,0,0,0,0,0,0
294,1070,295.2734771041421,99982,271,152,9,5,4440,2186,0.0662719289472105,145,74,46319,48184,3254,1583,0,0,0,0,0,0,93905,0,0,108,2,0,0,0,0,0,0,5967,0,0,0,0,0,0
295,1070,296.33422024382116,99982,277,146,9,5,4480,2211,0.0669220459682743,156,76,46278,48162,3278,1609,0,0,0,0,0,0,93842,0,0,110,2,0,0,0,0,0,0,6028,0,0,0,0,0,0
296,1070,297.0417969048925,99982,274,143,9,5,4505,2225,0.06731211618091257,161,75,46257,48153,3297,1622,0,0,0,0,0,0,93797,0,0,110,2,0,0,0,0,0,0,6073,0,0,0,0,0,0
297,1070,298.1038854086195,99982,278,139,9,5,4549,2247,0.06797223500230042,167,80,46220,48130,3324,1644,0,0,0,0,0,0,93734,0,0,113,2,0,0,0,0,0,0,6133,0,0,0,0,0,0
298,1070,299.16672220051464,99982,278,140,9,5,4578,2269,0.06848232681882739,187,75,46180,48117,3344,1661,0,0,0,0,0,0,93686,0,0,115,2,0,0,0,0,0,0,6179,0,0,0,0,0,0
299,1070,300.2302451168708,99982,290,140,9,5,4627,2287,0.06915244744053929,172,78,46162,48104,3365,1671,0,0,0,0,0,0,93632,0,0,116,2,0,0,0,0,0,0,6232,0,0,0,0,0,0
300,1070,301.29421169704233,99981,294,139,9,6,4672,2307,0.06980326261989778,172,79,46127,48092,3396,1682,0,0,0,0,0,0,93575,0,0,121,2,0,0,0,0,0,0,6283,0,0,0,0,0,0
301,1070,302.00390115557576,99980,298,145,9,7,4699,2325,0.07025405081016203,181,81,46097,48075,3413,1690,0,0,0,0,0,0,93540,0,0,121,2,0,0,0,0,0,0,6317,0,0,0,0,0,0
302,1070,303.06901721834294,99980,308,143,9,7,4747,2348,0.07096419283856771,190,83,46061,48059,3430,1706,0,0,0,0,0,0,93478,0,0,122,2,0,0,0,0,0,0,6378,0,0,0,0,0,0
303,1070,304.13481969656965,99980,313,148,9,7,4799,2368,0.07168433686737348,189,91,46030,48036,3457,1716,0,0,0,0,0,0,93418,0,0,124,2,0,0,0,0,0,0,6436,0,0,0,0,0,0
304,1070,305.201243788098,99980,327,140,9,7,4851,2390,0.07242448489697939,194,87,45984,48025,3484,1739,0,0,0,0,0,0,93351,0,0,125,2,0,0,0,0,0,0,6502,0,0,0,0,0,0
305,1070,306.26855153308645,99980,314,142,9,7,4901,2407,0.07309461892378476,186,95,45957,48005,3532,1749,0,0,0,0,0,0,93276,0,0,128,2,0,0,0,0,0,0,6574,0,0,0,0,0,0
306,1070,307.33667836529077,99979,330,142,9,8,4965,2434,0.07400554116364437,186,94,45911,47986,3562,1768,0,0,0,0,0,0,93204,0,0,131,2,0,0,0,0,0,0,6642,0,0,0,0,0,0
307,1070,308.04926250169376,99979,328,142,9,8,4997,2449,0.07447563988437572,176,102,45892,47968,3593,1778,0,0,0,0,0,0,93158,0,0,134,2,0,0,0,0,0,0,6685,0,0,0,0,0,0
308,1070,309.11882047696406,99978,328,147,10,8,5040,2476,0.07517653883854448,191,93,45859,47954,3610,1796,0,0,0,0,0,0,93094,0,0,135,2,0,0,0,0,0,0,6747,0,0,0,0,0,0
309,1070,310.1890091529466,99978,326,157,10,8,5097,2504,0.07602672587969353,190,93,45826,47932,3646,1808,0,0,0,0,0,0,93020,0,0,138,2,0,0,0,0,0,0,6818,0,0,0,0,0,0
310,1070,311.2599840616263,99978,319,149,10,8,5134,2526,0.07661685570825581,202,101,45786,47907,3681,1833,0,0,0,0,0,0,92949,0,0,141,2,0,0,0,0,0,0,6886,0,0,0,0,0,0
311,1070,312.33177168557944,99976,355,157,12,8,5206,2551,0.07758862126910458,194,96,45740,47894,3697,1843,0,0,0,0,0,0,92899,0,0,144,2,0,0,0,0,0,0,6931,0,0,0,0,0,0
312,1070,313.04671297328474,99976,367,154,12,8,5253,2563,0.07817876290309675,176,104,45723,47880,3720,1852,0,0,0,0,0,0,92850,0,0,145,2,0,0,0,0,0,0,6979,0,0,0,0,0,0
313,1070,314.11974915539116,99976,335,163,12,8,5288,2592,0.0788189165399696,193,107,45681,47853,3777,1867,0,0,0,0,0,0,92766,0,0,148,2,0,0,0,0,0,0,7060,0,0,0,0,0,0
314,1070,315.1937511651637,99976,323,159,12,8,5330,2620,0.07951908458029927,210,106,45642,47835,3811,1890,0,0,0,0,0,0,92682,0,0,150,2,0,0,0,0,0,0,7142,0,0,0,0,0,0
315,1070,316.26871262174484,99976,338,152,12,8,5395,2644,0.08040929823157558,198,104,45604,47820,3846,1914,0,0,0,0,0,0,92604,0,0,153,2,0,0,0,0,0,0,7217,0,0,0,0,0,0
316,1070,317.3445421372706,99975,335,165,13,8,5436,2680,0.08118029507376844,209,103,45568,47789,3873,1933,0,0,0,0,0,0,92542,0,0,158,2,0,0,0,0,0,0,7273,0,0,0,0,0,0
317,1070,318.0621423747491,99975,343,166,13,8,5473,2698,0.08173043260815203,211,116,45539,47763,3892,1945,0,0,0,0,0,0,92498,0,0,160,2,0,0,0,0,0,0,7315,0,0,0,0,0,0
318,1070,319.1392503886599,99974,351,160,14,8,5530,2720,0.08252145557845039,200,114,45511,47749,3922,1967,0,0,0,0,0,0,92423,0,0,162,2,0,0,0,0,0,0,7387,0,0,0,0,0,0
319,1070,320.2170797204649,99974,356,160,14,8,5589,2745,0.08336167403524916,203,118,45462,47724,3962,1987,1,1,1,1,0,0,92346,0,0,166,2,0,0,0,0,0,2,7458,0,0,0,0,0,0
320,1070,321.2958094291791,99974,335,168,14,8,5640,2780,0.08422189769340029,206,116,45433,47701,4008,2003,2,2,2,2,0,0,92254,0,0,175,2,0,0,0,0,0,4,7539,0,0,0,0,0,0
321,1070,322.01453108504154,99974,331,163,14,8,5664,2792,0.08458199131774262,202,116,45420,47693,4028,2015,3,3,3,3,0,0,92209,0,0,176,2,0,0,0,0,0,5,7581,1,0,0,0,0,0
322,1070,323.09299061795895,99974,331,158,14,8,5730,2816,0.08548222537859844,210,117,45361,47674,4078,2037,4,4,4,4,0,0,92117,0,0,181,2,0,0,0,0,0,7,7666,1,0,0,0,0,0
323,1070,324.05355761981787,99974,318,155,14,8,5760,2834,0.08596235021105487,216,119,45332,47660,4113,2051,5,5,5,5,0,0,92052,0,0,182,2,0,0,0,0,0,9,7728,1,0,0,0,0,0
324,1070,325.08700864545057,99974,343,169,14,8,5842,2870,0.08714265709084362,204,109,45284,47648,4147,2058,6,6,6,6,0,0,91977,0,0,186,3,0,0,0,0,0,11,7796,1,0,0,0,0,0
325,1070,326.1897884844213,99974,327,164,14,8,5870,2893,0.08765278972532858,211,112,45258,47632,4181,2075,7,7,7,7,0,0,91906,0,0,189,3,0,0,0,0,0,13,7862,1,0,0,0,0,0
326,1070,327.0679163011127,99973,317,169,14,9,5907,2915,0.08824382583297491,211,115,45237,47615,4211,2082,8,8,8,8,0,0,91846,0,0,194,3,0,0,0,0,0,14,7914,2,0,0,0,0,0
327,1070,328.33882021015415,99973,325,176,14,9,5978,2954,0.08934412291318657,228,111,45170,47594,4252,2099,9,9,9,9,0,0,91757,0,0,202,3,0,0,0,0,0,16,7993,2,0,0,0,0,0
328,1070,329.0480477602078,99972,342,173,15,9,6026,2969,0.08997519305405513,210,113,45147,47581,4275,2113,9,9,10,10,0,0,91706,0,0,202,3,0,0,0,0,0,18,8041,2,0,0,0,0,0
329,1070,330.07942065627395,99971,345,179,15,10,6083,3008,0.09093637154774885,214,102,45098,47563,4316,2134,10,10,11,11,0,0,91623,0,0,208,3,0,0,0,0,0,20,8115,2,0,0,0,0,0
330,1070,331.02525687413186,99971,337,176,15,10,6114,3032,0.09148653109401726,220,110,45078,47534,4337,2157,11,11,12,12,0,0,91557,0,0,210,3,0,0,0,0,0,22,8177,2,0,0,0,0,0
331,1070,332.1821350672508,99971,332,175,15,10,6167,3064,0.092336777665523,213,106,45061,47520,4365,2175,12,12,13,13,0,0,91470,0,0,216,3,0,0,0,0,0,24,8256,2,0,0,0,0,0
332,1070,333.17807200546133,99971,342,168,15,10,6225,3087,0.09314701263366376,205,106,45029,47502,4394,2199,13,13,14,14,0,0,91395,0,0,221,3,0,0,0,0,0,26,8324,2,0,0,0,0,0
333,1070,334.01414092328315,99971,330,178,15,10,6253,3115,0.09370717508077342,208,104,45004,47485,4427,2207,14,14,15,15,0,0,91338,0,0,224,3,0,0,0,0,0,28,8376,2,0,0,0,0,0
334,1070,335.00974516286624,99970,349,190,15,11,6317,3141,0.09460838251475442,197,109,44965,47462,4457,2211,15,15,16,16,0,0,91278,0,0,225,3,0,0,0,0,0,30,8432,2,0,0,0,0,0
335,1070,336.0105061701804,99969,351,191,16,11,6366,3171,0.09539957386789905,196,111,44939,47438,4480,2231,16,16,17,17,0,0,91203,0,0,228,3,0,0,0,0,0,32,8501,2,0,0,0,0,0
336,1070,337.0027562458771,99969,344,194,16,11,6423,3199,0.09624983744960938,193,124,44904,47404,4524,2248,17,17,18,18,0,0,91116,0,0,232,3,0,0,0,0,0,34,8582,2,0,0,0,0,0
337,1070,338.0641189661829,99969,334,201,16,11,6468,3230,0.09701007312266803,198,127,44878,47380,4555,2262,17,17,19,19,0,0,91038,0,0,235,3,0,0,0,0,0,36,8655,2,0,0,0,0,0
338,1070,339.2045700743382,99969,335,209,16,11,6521,3273,0.09797037081495263,204,112,44837,47362,4588,2286,18,18,20,20,0,0,90955,0,0,241,3,0,0,0,0,0,38,8730,2,0,0,0,0,0
339,1070,340.06754550247035,99969,338,200,16,11,6565,3292,0.09860056617551441,204,114,44809,47345,4612,2309,19,19,21,21,0,0,90886,0,0,241,4,0,0,0,0,0,40,8796,2,0,0,0,0,0
340,1070,341.0111285445583,99969,337,205,16,11,6605,3320,0.09928077704088267,204,109,44782,47329,4639,2324,20,20,22,22,0,0,90821,0,0,242,4,0,0,0,0,0,42,8858,2,0,0,0,0,0
341,1070,342.0030995982612,99968,339,205,17,11,6662,3344,0.10009202944942382,200,113,44750,47304,4671,2344,21,21,23,23,0,0,90742,0,0,244,4,0,0,0,0,0,44,8932,2,0,0,0,0,0
342,1070,343.14990618732696,99968,346,212,17,11,6730,3395,0.10128241037131883,216,101,44690,47286,4707,2366,22,22,24,24,0,0,90640,0,0,249,4,0,0,0,0,0,46,9027,2,0,0,0,0,0
343,1070,344.24711140898637,99968,346,200,17,11,6797,3420,0.10220270486555698,217,113,44641,47259,4754,2392,23,23,25,25,0,0,90541,0,0,256,4,0,0,0,0,0,48,9117,2,0,0,0,0,0
344,1070,345.3454920264655,99968,375,192,17,11,6863,3449,0.10315300896286812,206,126,44597,47228,4778,2417,25,24,26,27,0,0,90467,0,0,258,4,0,0,0,0,0,50,9186,3,0,0,0,0,0
345,1070,346.07825567995525,99968,377,197,17,11,6906,3471,0.10380321702944942,208,124,44559,47213,4810,2428,27,25,28,29,0,0,90411,0,0,263,4,0,0,0,0,0,53,9233,4,0,0,0,0,0
346,1070,347.1783171857786,99968,391,204,17,11,6980,3505,0.10488356274007682,187,119,44518,47194,4856,2443,29,27,30,31,0,0,90325,0,0,268,4,0,0,0,0,0,57,9310,4,0,0,0,0,0
347,1070,348.2794655908925,99968,394,211,17,11,7038,3539,0.10580385723431499,198,115,44467,47172,4892,2460,30,29,32,33,0,0,90246,0,0,273,5,0,0,0,0,0,61,9379,4,0,0,0,0,0
348,1070,349.0142018395767,99968,378,216,17,11,7073,3561,0.10637403969270166,202,118,44446,47153,4923,2469,32,31,34,35,0,0,90177,0,0,276,5,0,0,0,0,0,65,9441,4,0,0,0,0,0
349,1070,350.1170427850287,99968,373,215,17,11,7127,3590,0.10720430537772087,221,124,44392,47128,4960,2487,35,33,37,38,0,0,90088,0,0,282,5,0,0,0,0,0,71,9518,4,0,0,0,0,0
350,1070,351.22115511288195,99968,369,218,17,11,7197,3635,0.10835467349551857,211,119,44344,47099,5019,2516,38,35,40,41,0,0,89976,0,0,291,5,0,0,0,0,0,76,9615,5,0,0,0,0,0
351,1070,352.32654966067093,99968,376,223,17,11,7259,3669,0.10931498079385403,202,129,44308,47062,5054,2536,41,37,43,44,0,0,89891,0,0,296,5,0,0,0,0,0,82,9689,5,0,0,0,0,0
352,1070,353.0639791215584,99968,376,229,17,11,7295,3694,0.10992517605633803,209,131,44277,47037,5074,2549,45,41,47,48,0,0,89834,0,0,300,5,0,0,0,0,0,88,9734,7,0,0,0,0,0
353,1070,354.17091133186557,99968,377,231,17,11,7346,3726,0.11075544174135724,211,117,44244,47022,5100,2572,49,45,51,52,0,0,89752,0,0,306,5,0,0,0,0,0,96,9802,7,0,0,0,0,0
354,1070,355.27869370445006,99968,370,234,17,11,7403,3760,0.11166573303457106,195,119,44214,46990,5148,2594,54,50,56,57,0,0,89649,0,0,306,5,0,0,0,0,0,104,9895,9,0,0,0,0,0
355,1070,356.01774443219756,99968,367,232,17,11,7439,3783,0.1122559218950064,208,120,44183,46968,5165,2612,58,55,61,62,0,0,89579,0,0,309,5,0,0,0,0,0,113,9952,10,0,0,0,0,0
356,1070,357.12713820874615,99968,347,231,17,11,7485,3822,0.11310619398207426,220,127,44135,46924,5216,2644,63,61,67,67,0,0,89472,0,0,316,6,0,0,0,0,0,123,10040,11,0,0,0,0,0
357,1070,358.2377675005645,99968,340,216,17,11,7547,3849,0.11399647887323944,209,125,44114,46907,5250,2672,68,67,73,73,0,0,89358,0,0,322,6,0,0,0,0,0,132,10136,14,0,0,0,0,0
358,1070,359.3492618790457,99968,350,230,17,11,7600,3888,0.11491677336747759,218,124,44074,46873,5266,2686,73,74,80,80,0,0,89282,0,0,327,6,0,0,0,0,0,145,10193,15,0,0,0,0,0
359,1070,360.0906758488204,99968,368,230,17,11,7650,3908,0.11561699743918054,210,117,44044,46858,5281,2700,78,82,88,87,0,0,89220,0,0,332,6,0,0,0,0,0,160,10235,15,0,0,0,0,0
360,1070,361.2036259374928,99968,368,225,17,11,7710,3934,0.11647727272727272,228,121,43979,46836,5320,2715,86,90,97,95,0,0,89115,0,0,334,6,0,0,0,0,0,176,10321,16,0,0,0,0,0
361,1070,362.3178821325634,99968,371,224,17,11,7770,3972,0.11745758642765686,225,125,43936,46798,5354,2741,95,99,107,104,0,0,89004,0,0,336,6,0,0,0,0,0,193,10411,18,0,0,0,0,0
362,1070,363.06141528371376,99968,372,229,17,11,7804,4002,0.11809779129321382,235,119,43900,46771,5371,2758,103,110,118,113,0,0,88931,0,0,340,6,0,0,0,0,0,212,10460,19,0,0,0,0,0
363,1070,364.1776383563405,99967,385,224,18,11,7881,4033,0.11917932917862895,204,118,43862,46737,5416,2786,113,122,130,123,0,0,88820,0,0,348,7,0,0,0,0,0,233,10539,20,0,0,0,0,0
364,1070,365.2950404945485,99967,390,229,18,11,7948,4064,0.12015965268538618,206,127,43802,46697,5458,2801,124,133,143,134,0,0,88721,0,0,356,7,0,0,0,0,0,252,10606,25,0,0,0,0,0
365,1070,366.04070338363766,99967,382,226,18,11,7976,4087,0.12066982104094351,213,136,43773,46657,5476,2821,136,147,157,146,0,0,88635,0,0,358,7,0,0,0,0,0,278,10664,25,0,0,0,0,0
366,1070,367.1602045581567,99967,386,216,18,11,8040,4119,0.12163013794552202,221,132,43710,46624,5514,2853,149,162,172,159,0,0,88512,0,0,362,7,0,0,0,0,0,303,10755,28,0,0,0,0,0
367,1070,368.2812367237902,99967,373,222,18,11,8102,4159,0.12265047465663668,215,122,43664,46588,5567,2877,161,178,189,173,0,0,88382,0,0,370,7,0,0,0,0,0,332,10846,30,0,0,0,0,0
368,1070,369.0293406273534,99967,370,217,18,11,8140,4188,0.12332069582962378,214,107,43627,46566,5593,2901,176,196,207,188,0,0,88284,0,0,375,7,0,0,0,0,0,360,10906,35,0,0,0,0,0
369,1070,370.152909069654,99967,362,212,18,11,8199,4219,0.12422099292766613,211,107,43578,46526,5637,2926,192,216,227,205,0,0,88158,0,0,381,8,0,0,0,0,0,391,10988,41,0,0,0,0,0
370,1070,371.2778758244619,99967,365,212,18,11,8263,4257,0.1252413296387808,198,101,43532,46484,5676,2953,209,237,249,223,0,0,88031,0,0,390,8,0,0,0,0,0,428,11066,44,0,0,0,0,0
371,1070,372.02859688091763,99967,345,210,18,11,8292,4278,0.12574149469324877,203,112,43500,46438,5704,2967,228,260,273,242,0,0,87926,0,0,393,8,0,0,0,0,0,464,11125,51,0,0,0,0,0
372,1070,373.1559026290399,99967,348,219,18,11,8345,4314,0.12663178849020176,200,103,43454,46393,5730,2988,248,284,299,263,0,0,87809,0,0,397,8,0,0,0,0,0,508,11191,54,0,0,0,0,0
373,1070,374.28432811966576,99966,336,219,19,11,8396,4350,0.1275033511393874,202,105,43418,46341,5754,3011,269,311,327,285,0,0,87676,0,0,402,9,0,0,0,0,0,549,11267,63,0,0,0,0,0
374,1070,375.037248879203,99966,328,215,19,11,8435,4374,0.12813356541224016,202,99,43375,46302,5782,3032,292,339,357,309,0,0,87559,0,0,409,9,0,0,0,0,0,598,11323,68,0,0,0,0,0
375,1070,376.167974175593,99966,341,211,19,11,8494,4403,0.12901386471400275,205,101,43320,46251,5797,3055,316,369,390,334,0,0,87438,0,0,418,9,0,0,0,0,0,649,11377,75,0,0,0,0,0
376,1070,377.2998129377804,99966,356,211,19,11,8561,4440,0.13005421843426765,201,101,43266,46191,5814,3080,342,404,425,361,0,0,87305,0,0,427,10,0,0,0,0,0,703,11439,82,0,0,0,0,0
377,1070,378.0551223546556,99965,364,204,19,12,8601,4460,0.13065572950532686,192,105,43221,46141,5831,3094,371,442,463,390,0,0,87191,0,0,428,10,0,0,0,0,0,759,11484,93,0,0,0,0,0
378,1070,379.18955481794234,99965,356,214,19,12,8652,4495,0.13151603061071376,193,106,43160,46083,5869,3100,401,483,504,421,0,0,87049,0,0,435,10,0,0,0,0,0,824,11547,100,0,0,0,0,0
379,1070,380.32554534519574,99965,356,204,19,12,8706,4520,0.13230630720752262,198,112,43098,46028,5894,3116,433,526,548,454,0,0,86897,0,0,440,10,0,0,0,0,0,892,11617,109,0,0,0,0,0
380,1070,381.0837610761418,99965,345,193,19,12,8739,4542,0.13285649977492123,212,116,43036,45967,5919,3138,467,572,595,489,0,0,86755,0,0,447,10,0,0,0,0,0,964,11670,119,0,0,0,0,0
381,1070,382.22299979889596,99965,346,181,19,12,8794,4564,0.13362676936927925,207,119,42980,45910,5945,3156,501,620,646,526,0,0,86595,0,0,451,11,0,0,0,0,0,1041,11738,129,0,0,0,0,0
382,1070,383.36385026661634,99964,361,186,19,13,8858,4598,0.13460845904525628,198,110,42911,45852,5969,3166,540,671,700,566,0,0,86443,0,0,459,11,0,0,0,0,0,1123,11787,141,0,0,0,0,0
383,1070,384.1254039472622,99964,360,180,19,13,8888,4618,0.13510863911007964,207,111,42857,45788,5977,3179,578,727,758,608,0,0,86302,0,0,463,12,0,0,0,0,0,1212,11824,151,0,0,0,0,0
384,1070,385.2693568666869,99963,346,188,20,13,8947,4657,0.1360903534307694,203,101,42796,45722,6017,3185,616,789,820,653,0,0,86115,0,0,466,16,0,0,0,0,0,1303,11899,164,0,0,0,0,0
385,1070,386.03308033120766,99963,348,189,20,13,8991,4679,0.13675059772115683,197,105,42740,45644,6032,3196,661,851,886,700,0,0,85960,0,0,466,20,0,0,0,0,0,1399,11941,177,0,0,0,0,0
386,1070,387.18034163428916,99963,349,195,20,13,9045,4718,0.13768094194852096,215,94,42663,45568,6046,3209,705,919,957,750,0,0,85775,0,0,472,21,0,0,0,0,0,1505,11999,191,0,0,0,0,0
387,1070,388.32950081528355,99963,343,192,20,13,9099,4744,0.1384812380580815,219,90,42584,45497,6077,3216,755,990,1032,803,0,0,85584,0,0,476,23,0,0,0,0,0,1613,12058,209,0,0,0,0,0
388,1070,389.0968171551804,99962,347,193,20,14,9139,4763,0.1390728476821192,211,94,42518,45412,6091,3217,811,1068,1112,859,0,0,85422,0,0,482,25,0,0,0,0,0,1730,12076,227,0,0,0,0,0
389,1070,390.24995058236334,99962,357,190,20,14,9197,4794,0.13996318601068405,203,104,42446,45308,6108,3232,864,1150,1197,918,0,0,85220,0,0,487,27,0,0,0,0,0,1858,12128,242,0,0,0,0,0
390,1070,391.0197441991969,99962,353,186,20,14,9233,4812,0.1405033912886897,206,116,42372,45209,6122,3235,925,1238,1287,980,0,0,85037,0,0,494,28,0,0,0,0,0,1987,12152,264,0,0,0,0,0
391,1070,392.17673276063795,99962,341,179,20,14,9281,4848,0.14134371061003181,206,112,42301,45118,6143,3251,987,1324,1382,1045,0,0,84804,0,0,500,29,0,0,0,0,0,2124,12219,286,0,0,0,0,0
392,1070,393.3358760335016,99962,346,177,20,14,9343,4878,0.14226406034293032,196,111,42228,45013,6157,3264,1051,1419,1483,1114,0,0,84571,0,0,504,31,0,0,0,0,0,2275,12277,304,0,0,0,0,0
393,1070,394.109745991502,99962,339,165,20,14,9383,4893,0.1428142694223805,193,113,42145,44920,6182,3265,1119,1521,1590,1186,0,0,84351,0,0,512,31,0,0,0,0,0,2429,12310,329,0,0,0,0,0
394,1070,395.27336472056453,99962,338,169,20,14,9443,4920,0.14368460014805626,177,115,42079,44803,6195,3271,1189,1626,1703,1262,0,0,84118,0,0,521,33,0,0,0,0,0,2589,12345,356,0,0,0,0,0
395,1070,396.05033890270204,99962,334,187,20,14,9477,4952,0.14434485104339648,179,95,41994,44690,6206,3272,1265,1740,1822,1341,0,0,83894,0,0,525,33,0,0,0,0,0,2765,12367,378,0,0,0,0,0
396,1070,397.2183105455562,99962,360,174,20,14,9549,4983,0.14537524259218504,157,96,41899,44565,6215,3290,1347,1859,1948,1424,0,0,83632,0,0,530,35,0,0,0,0,0,2944,12415,406,0,0,0,0,0
397,1070,398.3889814004155,99962,344,173,20,14,9601,5010,0.1461655429063044,166,94,41801,44439,6239,3296,1428,1982,2080,1511,0,0,83356,0,0,545,36,0,0,0,0,0,3140,12457,428,0,0,0,0,0
398,1070,399.17099728041904,99962,331,159,20,14,9626,5025,0.14656569496408636,174,88,41704,44311,6253,3308,1516,2118,2219,1602,0,0,83092,0,0,553,37,0,0,0,0,0,3346,12483,451,0,0,0,0,0
399,1070,400.34727266840787,99961,333,152,21,14,9688,5042,0.1473574694130711,146,92,41613,44182,6279,3302,1606,2256,2365,1697,0,0,82799,0,0,557,38,0,0,0,0,0,3560,12530,477,0,0,0,0,0
400,1070,401.13309723075196,99961,335,155,21,14,9722,5057,0.1478476605876292,146,96,41525,44045,6270,3287,1701,2401,2519,1796,0,0,82545,0,0,561,39,0,0,0,0,0,3775,12527,514,0,0,0,0,0
401,1070,402.31482080325503,99961,315,164,21,14,9761,5094,0.14860795710327027,155,79,41439,43890,6273,3297,1795,2554,2680,1900,0,0,82236,0,0,569,39,0,0,0,0,0,4005,12563,549,0,0,0,0,0
402,1070,403.10407285469825,99961,304,164,21,14,9785,5112,0.14902812096717719,155,79,41336,43737,6284,3289,1898,2715,2849,2008,0,0,81942,0,0,571,42,0,0,0,0,0,4251,12578,577,0,0,0,0,0
403,1070,404.29125342040703,99961,312,166,21,14,9841,5134,0.1498084252858615,145,80,41232,43572,6288,3285,2000,2881,3026,2120,0,0,81631,0,0,579,42,0,0,0,0,0,4502,12592,615,0,0,0,0,0
404,1070,405.0843606086254,99960,332,155,21,15,9883,5146,0.1503501400560224,140,88,41111,43393,6285,3289,2109,3058,3211,2237,0,0,81319,0,0,578,45,0,0,0,0,0,4771,12602,645,0,0,0,0,0
405,1070,406.2778827012746,99960,318,173,21,15,9932,5187,0.15125050020008005,146,71,40992,43219,6303,3289,2218,3231,3404,2359,0,0,80971,0,0,586,48,0,0,0,0,0,5044,12627,684,0,0,0,0,0
406,1070,407.0755237245469,99960,302,167,21,15,9952,5201,0.1515906362545018,155,69,40887,43035,6298,3288,2335,3424,3606,2485,0,0,80635,0,0,587,53,0,0,0,0,0,5330,12634,721,0,0,0,0,0
407,1070,408.27573240307765,99959,298,139,22,15,9992,5220,0.15218239478186057,159,68,40764,42863,6302,3297,2453,3616,3817,2616,0,0,80256,0,0,598,53,0,0,0,0,0,5629,12659,764,0,0,0,0,0
408,1070,409.0778744808509,99959,293,121,22,15,10017,5225,0.15248251783231126,170,82,40633,42662,6301,3291,2579,3827,4036,2752,0,0,79910,0,0,606,55,0,0,0,0,0,5932,12642,814,0,0,0,0,0
409,1070,410.2856619247917,99959,305,127,22,15,10071,5249,0.15326283776348304,158,77,40493,42468,6306,3267,2714,4044,4264,2893,0,0,79527,0,0,609,55,0,0,0,0,0,6258,12653,857,0,0,0,0,0
410,1070,411.09315758673773,99958,304,132,22,16,10106,5267,0.15379459372936632,159,72,40362,42260,6299,3250,2852,4268,4501,3039,0,0,79159,0,0,613,58,0,0,0,0,0,6584,12633,911,0,0,0,0,0
411,1070,412.30914267051054,99958,271,128,22,16,10148,5288,0.15442485844054502,162,81,40220,42033,6329,3249,2994,4491,4747,3190,0,0,78721,0,0,624,63,0,0,0,0,0,6938,12663,949,0,0,0,0,0
412,1070,413.1222951487052,99958,282,131,22,16,10178,5306,0.1549050601252526,163,79,40087,41807,6300,3233,3144,4732,5003,3346,0,0,78343,0,0,620,70,0,0,0,0,0,7285,12633,1007,0,0,0,0,0
413,1070,414.34674883139013,99958,298,141,22,16,10229,5335,0.1557053962664319,149,77,39968,41569,6270,3221,3291,4974,5268,3507,0,0,77921,0,0,622,73,0,0,0,0,0,7658,12627,1057,0,0,0,0,0
414,1070,415.16501115127056,99958,293,138,22,16,10254,5344,0.1560455391264331,149,83,39831,41320,6254,3201,3449,5240,5542,3674,0,0,77512,0,0,622,77,0,0,0,0,0,8029,12595,1123,0,0,0,0,0
415,1070,416.3972299217676,99958,286,131,22,16,10304,5364,0.156745833249965,143,85,39687,41059,6254,3204,3606,5503,5826,3846,0,0,77041,0,0,629,78,0,0,0,0,0,8424,12603,1183,0,0,0,0,0
416,1070,417.2212306767899,99957,293,139,23,16,10346,5388,0.15740768530468102,128,73,39547,40804,6239,3189,3768,5777,6119,4023,0,0,76587,0,0,629,80,0,0,0,0,0,8829,12586,1246,0,0,0,0,0
417,1070,418.0481743660133,99957,286,136,23,16,10363,5401,0.15770781436017486,142,69,39398,40534,6212,3177,3937,6066,6422,4205,0,0,76128,0,0,628,84,0,0,0,0,0,9251,12561,1305,0,0,0,0,0
418,1070,419.29414954690753,99957,277,138,23,16,10406,5424,0.15836809828226137,152,70,39227,40266,6222,3156,4097,6352,6734,4392,0,0,75622,0,0,631,89,0,0,0,0,0,9692,12565,1358,0,0,0,0,0
419,1070,420.12765673827545,99957,277,146,23,16,10438,5443,0.15887831767660093,174,88,39049,39957,6200,3134,4275,6657,7056,4585,0,0,75130,20,1,635,91,0,0,0,0,0,10147,12518,1415,0,0,0,0,0
420,1070,421.15519712489225,99956,286,143,24,16,10488,5469,0.1596402417063508,196,96,38866,39650,6179,3129,4447,6964,7387,4783,0,0,74618,76,5,642,93,0,0,0,0,0,10598,12437,1487,0,0,0,0,0
421,1070,422.187120124805,99956,302,144,24,16,10540,5492,0.1603905718516147,203,123,38686,39328,6154,3109,4629,7278,7727,4986,0,0,74101,126,6,647,95,0,0,0,0,0,11064,12356,1561,0,0,0,0,0
422,1070,423.22351167236184,99956,314,160,24,16,10602,5531,0.16140101644723678,212,117,38489,39001,6142,3106,4817,7598,8077,5194,0,0,73552,186,10,654,97,0,0,0,0,0,11549,12280,1628,0,0,0,0,0
423,1070,424.2648590013363,99956,338,170,24,16,10658,5567,0.1623214214254272,240,122,38277,38670,6115,3099,5004,7921,8436,5408,0,0,73003,235,16,650,103,0,0,0,0,0,12043,12210,1696,0,0,0,0,0
424,1070,425.31123032845414,99956,350,172,24,16,10735,5600,0.16342190563848094,252,141,38054,38321,6114,3093,5204,8255,8804,5627,0,0,72422,309,22,661,108,0,0,0,0,0,12544,12119,1771,0,0,0,0,0
425,1070,426.01202875757616,99956,360,179,24,16,10780,5626,0.16413221817599744,265,147,37834,37983,6103,3073,5412,8600,9180,5851,0,0,71859,349,27,666,112,0,0,0,0,0,13062,12037,1844,0,0,0,0,0
426,1070,427.06980616056717,99954,366,201,25,17,10848,5666,0.16521599935970546,289,153,37599,37629,6105,3055,5614,8943,9565,6080,0,0,71268,402,33,679,118,0,0,0,0,0,13593,11946,1915,0,0,0,0,0
427,1070,428.13367389337424,99954,375,202,25,17,10916,5700,0.1662364687756368,319,155,37386,37279,6085,3046,5808,9299,9958,6314,0,0,70655,472,45,684,121,1,0,0,0,0,14124,11857,1995,0,0,0,0,0
428,1070,429.2031708519498,99954,418,208,25,17,11019,5738,0.1676471176741301,320,169,37142,36896,6079,3034,6014,9674,10360,6552,0,0,70040,541,60,684,129,1,0,0,0,0,14655,11763,2081,0,0,0,0,0
429,1070,430.2788914813518,99953,441,212,26,17,11106,5776,0.16889938270987365,320,193,36904,36511,6081,3024,6226,10041,10770,6795,0,0,69403,612,72,692,135,1,0,0,0,0,15209,11667,2162,0,0,0,0,0
430,1070,431.3612176725177,99953,461,232,26,17,11195,5829,0.17032005042369913,339,199,36631,36117,6097,3017,6444,10416,11187,7043,0,0,68751,684,84,703,141,1,0,0,0,0,15776,11571,2242,0,0,0,0,0
431,1070,432.0868845618419,99953,482,235,26,17,11260,5866,0.17134053004912309,347,200,36385,35717,6084,3013,6674,10816,11612,7295,0,0,68102,734,97,713,145,1,0,0,0,0,16361,11483,2317,0,0,0,0,0
432,1070,433.18348308936766,99953,497,261,26,17,11358,5923,0.17289125889167908,373,203,36118,35339,6102,3005,6882,11173,12044,7552,0,0,67429,816,118,715,153,1,0,0,0,0,16931,11382,2408,0,0,0,0,0
433,1070,434.28755925344296,99953,533,270,26,17,11467,5974,0.1744920112452853,376,218,35856,34931,6103,3004,7104,11558,12482,7813,0,0,66742,892,136,728,159,1,0,0,0,0,17523,11280,2492,0,0,0,0,0
434,1070,435.0276944236241,99953,557,278,26,17,11542,6009,0.17559252848838955,385,221,35594,34529,6088,2989,7348,11964,12927,8078,0,0,66083,943,153,736,161,1,0,0,0,0,18114,11170,2592,0,0,0,0,0
435,1070,436.1468405462989,99953,589,292,26,17,11664,6067,0.17739337488619653,418,221,35292,34119,6103,2988,7570,12361,13378,8347,0,0,65378,1028,180,745,172,1,0,0,0,0,18706,11060,2683,0,0,0,0,0
436,1070,437.2745500327994,99953,624,299,26,17,11792,6119,0.17919422128400347,425,228,35018,33723,6118,2983,7787,12748,13835,8620,0,0,64650,1116,209,758,180,1,0,0,0,0,19317,10957,2765,0,0,0,0,0
437,1070,438.03102195687063,99953,651,308,26,17,11874,6161,0.1804348043580483,439,244,34749,33298,6103,2966,8030,13165,14297,8897,0,0,63960,1171,231,763,186,1,0,0,0,0,19930,10848,2863,0,0,0,0,0
438,1070,439.17521212661137,99953,684,319,26,17,12012,6227,0.18247576360889617,482,269,34429,32867,6126,2971,8251,13555,14764,9177,0,0,63209,1286,260,765,200,1,0,0,0,0,20537,10735,2960,0,0,0,0,0
439,1070,440.3287658302455,99953,731,345,26,17,12176,6304,0.18488689684151552,489,250,34112,32464,6158,2963,8482,13959,15235,9461,0,0,62465,1398,296,774,209,1,0,0,0,0,21133,10601,3076,0,0,0,0,0
440,1070,441.1033112307172,99952,743,347,27,17,12268,6343,0.18619937570033615,523,257,33791,32035,6177,2954,8737,14388,15710,9748,0,0,61727,1468,322,784,217,2,0,0,0,0,21774,10496,3162,0,0,0,0,0
441,1070,442.27710414173936,99951,779,348,27,18,12434,6406,0.18849236125701593,560,273,33453,31616,6213,2954,8966,14789,16189,10038,0,0,60934,1599,361,795,225,2,0,0,0,0,22395,10376,3264,0,0,0,0,0
442,1070,443.0656454607182,99951,807,357,27,18,12541,6458,0.1900831407389621,579,293,33151,31175,6220,2946,9214,15209,16671,10331,0,0,60193,1674,393,798,235,2,0,0,0,0,23028,10263,3365,0,0,0,0,0
443,1070,444.26017394885133,99948,863,384,30,18,12711,6554,0.19275023011966222,596,287,32831,30741,6237,2956,9441,15612,17156,10626,0,0,59418,1779,441,813,245,2,0,0,0,0,23645,10135,3470,0,0,0,0,0
444,1070,445.0623548425035,99948,881,413,30,18,12841,6620,0.19471124984992197,615,291,32502,30288,6284,2940,9686,16048,17643,10924,0,0,58636,1869,477,818,259,2,0,0,0,0,24300,10034,3553,0,0,0,0,0
445,1070,446.2786342136485,99948,919,443,30,18,13056,6733,0.19799295633729538,632,276,32152,29832,6371,2970,9894,16459,18132,11224,0,0,57781,2032,532,830,279,3,0,0,0,0,24932,9922,3637,0,0,0,0,0
446,1070,447.09632195726965,99948,952,468,30,18,13188,6799,0.19997398647296594,678,284,31819,29409,6381,2944,10138,16875,18623,11526,0,0,57049,2093,588,839,292,3,0,0,0,0,25546,9791,3747,0,0,0,0,0
447,1070,448.3365302325739,99948,1012,476,30,18,13395,6894,0.2029955576899988,715,319,31466,28946,6418,2972,10357,17267,19115,11830,0,0,56221,2231,654,854,304,5,0,0,0,0,26169,9672,3838,0,0,0,0,0
448,1070,449.1701748603468,99947,1074,497,31,18,13578,6967,0.205558946241508,708,327,31140,28487,6447,2969,10598,17700,19607,12136,0,0,55458,2310,728,858,316,6,0,0,0,0,26776,9554,3941,0,0,0,0,0
449,1070,450.01179918344,99947,1099,505,31,18,13738,7030,0.20779012876824718,697,351,30817,28030,6515,2966,10839,18128,20100,12443,0,0,54657,2399,794,873,328,7,0,0,0,0,27417,9450,4022,0,0,0,0,0
450,1070,451.28909263312846,99946,1110,527,32,18,13961,7139,0.21111400156084287,779,360,30428,27588,6612,2984,11037,18521,20592,12752,0,0,53826,2561,877,899,351,7,0,0,0,0,28000,9290,4135,0,0,0,0,0
451,1070,452.1487281774785,99945,1167,532,33,18,14144,7214,0.21369753364350394,803,372,30084,27149,6645,2995,11266,18932,21084,13062,0,0,53032,2672,931,912,364,7,0,0,0,0,28624,9157,4246,0,0,0,0,0
452,1070,453.01746326146207,99945,1165,541,33,18,14316,7282,0.21609885436990345,821,395,29755,26704,6719,2995,11505,19345,21575,13373,0,0,52209,2807,986,929,384,9,0,0,0,0,29255,9026,4340,0,0,0,0,0
453,1070,454.3369262712594,99944,1200,569,34,18,14590,7412,0.2201432802369327,846,403,29370,26269,6843,3033,11705,19706,22064,13684,0,0,51316,2995,1072,957,414,9,0,0,0,0,29866,8901,4414,0,0,0,0,0
454,1070,455.2254225526214,99943,1228,583,34,19,14785,7505,0.22302712546151307,863,387,29016,25860,6917,3047,11940,20102,22551,13996,0,0,50488,3120,1145,988,424,9,0,0,0,0,30490,8773,4506,0,0,0,0,0
455,1070,456.1242754184773,99943,1272,597,34,19,14978,7594,0.2258487337782536,864,395,28697,25431,6955,3067,12176,20489,23036,14308,0,0,49686,3233,1227,1002,434,10,0,0,0,0,31095,8650,4606,0,0,0,0,0
456,1070,457.0329891962189,99941,1316,601,35,20,15192,7675,0.22880499494701875,904,421,28338,25005,7027,3086,12378,20865,23519,14620,0,0,48852,3360,1303,1016,453,10,0,0,0,0,31717,8544,4686,0,0,0,0,0
457,1070,458.4138295313088,99941,1340,623,35,20,15508,7815,0.23336768693529183,938,434,27938,24608,7194,3129,12553,21184,23999,14932,0,0,47973,3558,1430,1057,478,11,0,0,0,0,32254,8392,4788,0,0,0,0,0
458,1070,459.344876296911,99940,1394,642,36,20,15754,7920,0.23688212927756655,932,436,27590,24199,7286,3152,12760,21549,24475,15243,0,0,47148,3688,1531,1081,495,11,0,0,0,0,32843,8274,4869,0,0,0,0,0
459,1070,460.2870593323924,99940,1467,637,36,20,15992,8018,0.24024414648789275,915,463,27275,23797,7346,3192,12959,21889,24948,15554,0,0,46357,3807,1647,1083,522,11,0,0,0,0,33396,8159,4958,0,0,0,0,0
460,1070,461.2394094800176,99939,1502,661,36,21,16248,8125,0.24387876604728884,916,459,26910,23414,7466,3207,13168,22236,25417,15864,0,0,45574,3923,1773,1111,547,11,0,0,0,0,33929,8017,5054,0,0,0,0,0
461,1070,462.2039255738684,99939,1543,684,36,21,16485,8238,0.24738090235043375,942,470,26565,23017,7539,3230,13373,22576,25882,16173,0,0,44792,4038,1900,1130,566,12,0,0,0,0,34464,7892,5145,0,0,0,0,0
462,1070,463.18035016549646,99938,1548,714,37,21,16717,8350,0.25082551181732676,947,480,26249,22644,7646,3223,13571,22916,26342,16481,0,0,44009,4169,2024,1146,592,14,0,0,0,0,34987,7756,5241,0,0,0,0,0
463,1070,464.16816770523144,99938,1529,740,37,21,16942,8470,0.25427765214432946,996,489,25877,22265,7781,3261,13778,23222,26797,16788,0,0,43178,4328,2142,1167,618,17,0,0,0,0,35532,7646,5310,0,0,0,0,0
464,1070,465.16911768913184,99938,1557,743,37,21,17186,8593,0.2579499289559527,1031,489,25534,21875,7876,3310,13963,23560,27248,17094,0,0,42392,4458,2283,1198,639,18,0,0,0,0,36036,7514,5400,0,0,0,0,0
465,1070,466.18319235406375,99935,1584,763,39,22,17439,8712,0.2616800920598389,1017,501,25221,21485,7977,3349,14160,23878,27693,17398,0,0,41595,4588,2413,1222,663,20,0,0,0,0,36562,7403,5469,0,0,0,0,0
466,1070,467.2098071511839,99934,1615,765,40,22,17704,8829,0.26550523345407967,1009,496,24912,21149,8100,3398,14322,24168,28133,17700,0,0,40826,4695,2580,1247,693,21,0,0,0,0,37043,7293,5536,0,0,0,0,0
467,1070,468.24863768826566,99933,1653,786,40,23,17976,8962,0.26956060560575584,1013,530,24580,20798,8203,3432,14509,24429,28567,18000,0,0,40054,4825,2734,1269,718,24,0,0,0,0,37520,7180,5609,0,0,0,0,0
468,1070,469.3005226171058,99933,1695,823,40,23,18250,9097,0.27365334774298783,1038,553,24285,20432,8295,3467,14645,24700,28996,18298,0,0,39299,4954,2887,1287,740,25,0,0,0,0,37987,7061,5693,0,0,0,0,0
469,1070,470.36462182575497,99933,1732,868,40,23,18519,9259,0.27796623737904397,1088,531,23951,20088,8380,3509,14807,24979,29419,18594,0,0,38553,5082,3045,1301,773,27,0,0,0,0,38436,6945,5771,0,0,0,0,0
470,1070,471.44190510049657,99931,1741,886,41,24,18801,9416,0.28236483173389637,1101,521,23641,19760,8516,3571,14958,25236,29836,18888,0,0,37782,5242,3230,1301,815,28,0,0,0,0,38847,6835,5851,0,0,0,0,0
471,1070,472.5330719543527,99929,1765,886,43,24,19097,9554,0.28671356663230896,1096,529,23335,19451,8646,3625,15113,25483,30246,19180,0,0,37060,5377,3443,1324,844,29,0,0,0,0,39215,6693,5944,0,0,0,0,0
472,1070,473.0824998594858,99929,1759,897,43,24,19237,9631,0.2888851084269832,1124,528,23092,19126,8657,3621,15323,25802,30650,19469,0,0,36438,5400,3590,1327,866,33,0,0,0,0,39659,6595,6021,0,0,0,0,0
473,1070,474.19918595785015,99928,1767,890,43,25,19534,9774,0.29329116964214236,1134,542,22815,18812,8784,3689,15455,26040,31048,19755,0,0,35720,5528,3797,1351,919,34,0,0,0,0,40023,6471,6085,0,0,0,0,0
474,1070,475.3291760021019,99928,1803,919,43,25,19862,9928,0.2981146425426307,1089,555,22549,18506,8915,3746,15599,26247,31439,20039,0,0,35015,5659,4003,1371,962,35,0,0,0,0,40380,6346,6157,0,0,0,0,0
475,1070,476.47281628082834,99926,1822,950,45,25,20160,10106,0.3028841342593519,1112,541,22273,18228,9039,3813,15707,26441,31824,20320,0,0,34279,5800,4192,1388,1006,38,0,0,0,0,40760,6253,6210,0,0,0,0,0
476,1070,477.04799955692874,99926,1877,965,45,25,20343,10194,0.3055961411444469,1078,544,22050,17923,9045,3815,15903,26726,32202,20598,0,0,33706,5814,4337,1386,1040,38,0,0,0,0,41164,6158,6283,0,0,0,0,0
477,1070,478.2161651861937,99926,1847,965,45,25,20653,10361,0.31036967355843326,1106,524,21765,17665,9236,3897,15999,26922,32573,20873,0,0,32977,5970,4572,1412,1095,42,0,0,0,0,41483,6051,6324,0,0,0,0,0
478,1070,479.39933705347244,99925,1879,952,46,25,20982,10523,0.3152864648486365,1077,508,21490,17429,9378,3991,16128,27093,32938,21145,0,0,32293,6099,4802,1459,1135,45,0,0,0,0,41787,5922,6383,0,0,0,0,0
479,1070,480.5978480756975,99924,1931,923,46,26,21330,10679,0.3203334534246027,1059,516,21222,17195,9507,4090,16233,27248,33296,21414,0,0,31608,6228,5039,1490,1179,50,0,0,0,0,42079,5817,6434,0,0,0,0,0
480,1070,481.2013630226187,99924,1963,914,46,26,21503,10759,0.32286537768704215,1036,506,21017,16948,9525,4098,16411,27506,33647,21679,0,0,31082,6222,5226,1494,1209,51,0,0,0,0,42412,5728,6500,0,0,0,0,0
481,1070,482.4269230782964,99924,1962,941,46,26,21839,10932,0.3279592490292622,1076,490,20735,16710,9694,4172,16485,27659,33991,21941,0,0,30410,6373,5440,1521,1266,51,0,0,0,0,42690,5611,6562,0,0,0,0,0
482,1070,483.0439681313915,99922,1962,911,48,26,22007,10995,0.33027761654090193,1065,513,20528,16464,9746,4198,16649,27886,34329,22200,0,0,29847,6405,5609,1532,1294,53,0,0,0,0,43036,5531,6615,0,0,0,0,0
483,1070,484.2980143149739,99921,1932,894,49,26,22315,11152,0.3349345983326828,1086,518,20276,16264,9917,4292,16738,28004,34660,22455,0,0,29195,6524,5844,1598,1335,58,0,0,0,0,43298,5406,6663,0,0,0,0,0
484,1070,485.56746879800806,99920,1945,895,50,26,22675,11332,0.34034227381905524,1052,496,20050,16067,10104,4395,16797,28119,34984,22707,0,0,28558,6647,6099,1639,1396,59,0,0,0,0,43518,5297,6707,0,0,0,0,0
485,1070,486.2067107572699,99919,1965,917,51,26,22857,11422,0.3430678849868393,1025,471,19849,15842,10133,4398,16975,28344,35301,22956,0,0,28061,6651,6264,1636,1432,63,0,0,0,0,43828,5224,6760,0,0,0,0,0
486,1070,487.50445609219173,99918,1912,913,52,26,23193,11574,0.34795532336515944,983,457,19635,15680,10353,4477,17063,28445,35612,23201,0,0,27454,6775,6518,1674,1495,73,0,0,0,0,44017,5106,6806,0,0,0,0,0
487,1070,488.15762248427416,99918,1895,914,52,26,23353,11652,0.35033727656678476,965,462,19455,15482,10410,4482,17221,28632,35916,23442,0,0,26964,6781,6696,1685,1533,74,0,0,0,0,44305,5033,6847,0,0,0,0,0
488,1070,489.4840523324242,99918,1874,905,52,26,23688,11806,0.35523128965751916,962,448,19239,15326,10602,4577,17269,28716,36214,23680,0,0,26360,6901,6970,1702,1588,81,0,0,0,0,44485,4955,6876,0,0,0,0,0
489,1070,490.1512577295854,99918,1854,893,52,26,23851,11872,0.35752316899857883,993,461,19041,15151,10647,4580,17411,28887,36505,23914,0,0,25909,6901,7160,1703,1629,86,0,0,0,0,44729,4879,6922,0,0,0,0,0
490,1070,491.50653073671,99918,1854,873,52,26,24197,12026,0.3625272723633379,961,460,18852,15005,10813,4676,17466,28958,36790,24145,0,0,25346,7002,7441,1719,1700,89,0,0,0,0,44867,4807,6947,0,0,0,0,0
491,1070,492.18872455835987,99917,1815,867,52,27,24341,12114,0.3648528278471131,978,466,18696,14819,10866,4700,17591,29119,37069,24372,0,0,24901,7011,7644,1722,1731,94,0,0,0,0,45079,4733,7002,0,0,0,0,0
492,1070,493.57121976521773,99916,1824,847,52,28,24716,12275,0.37022098562792743,927,455,18522,14691,11062,4802,17611,29175,37341,24596,0,0,24352,7108,7933,1752,1800,98,0,0,0,0,45195,4652,7026,0,0,0,0,0
493,1070,494.2663506328139,99916,1807,851,52,28,24889,12359,0.372793146242844,911,454,18363,14504,11121,4828,17744,29333,37607,24816,0,0,23899,7127,8102,1757,1847,99,0,0,0,0,45437,4590,7058,0,0,0,0,0
494,1070,495.67503003214017,99916,1769,828,52,28,25223,12525,0.37779734977381,899,433,18184,14402,11317,4943,17777,29364,37867,25032,0,0,23357,7223,8405,1809,1908,104,0,0,0,0,45547,4502,7061,0,0,0,0,0
495,1070,496.38307070521716,99916,1765,794,52,28,25385,12597,0.3801393170263021,908,424,18016,14267,11364,4981,17893,29504,38121,25245,0,0,22934,7234,8581,1809,1961,106,0,0,0,0,45760,4442,7089,0,0,0,0,0
496,1070,497.0981335042089,99914,1743,792,54,28,25542,12679,0.3825389835258322,880,421,17883,14104,11426,5000,18012,29653,38369,25454,0,0,22537,7229,8779,1814,1999,111,0,0,0,0,45948,4379,7118,0,0,0,0,0
497,1070,498.5424755854237,99914,1679,768,54,28,25843,12837,0.38713293432351825,856,407,17773,14032,11600,5100,18036,29663,38611,25660,0,0,22034,7327,9053,1844,2080,116,0,0,0,0,46029,4302,7129,0,0,0,0,0
498,1070,499.2693121381825,99914,1666,756,54,28,26009,12907,0.3894949656704766,823,408,17659,13903,11663,5113,18133,29790,38848,25862,0,0,21669,7311,9256,1834,2135,119,0,0,0,0,46186,4252,7152,0,0,0,0,0
499,1070,500.710633128893,99912,1644,748,56,28,26318,13046,0.3939867083033069,813,388,17571,13826,11801,5194,18113,29814,39079,26061,0,0,21221,7369,9527,1867,2189,125,0,0,0,0,46257,4175,7182,0,0,0,0,0
500,1070,501.4341752803005,99912,1608,750,56,28,26460,13107,0.39601849627672353,808,387,17434,13753,11866,5169,18226,29911,39304,26256,0,0,20871,7356,9692,1876,2229,130,0,0,0,0,46431,4108,7219,0,0,0,0,0
501,1070,502.15426099041764,99912,1608,742,56,28,26607,13164,0.3980602930578909,792,403,17328,13625,11884,5184,18330,30016,39524,26448,0,0,20535,7330,9851,1876,2270,135,0,0,0,0,46609,4055,7251,0,0,0,0,0
502,1070,503.58222635452523,99912,1541,728,56,28,26863,13302,0.40200376331171433,780,406,17211,13562,12063,5249,18347,30025,39739,26636,0,0,20108,7390,10118,1905,2334,140,0,0,0,0,46670,3984,7263,0,0,0,0,0
503,1070,504.29784399312337,99912,1499,746,56,28,27007,13386,0.40428577147890143,756,389,17095,13465,12146,5251,18446,30119,39949,26821,0,0,19755,7391,10264,1917,2378,147,0,0,0,0,46842,3929,7289,0,0,0,0,0
504,1070,505.00989209354407,99910,1487,732,58,28,27137,13464,0.4063757381643479,752,374,16988,13383,12165,5278,18548,30203,40153,27002,0,0,19438,7374,10441,1918,2415,152,0,0,0,0,46972,3876,7324,0,0,0,0,0
505,1070,506.42370901004386,99907,1480,739,61,28,27412,13597,0.4104717387170068,724,354,16904,13364,12277,5338,18552,30175,40352,27180,0,0,19060,7413,10650,1943,2484,156,0,0,0,0,47053,3801,7347,0,0,0,0,0
506,1070,507.13232815205043,99907,1471,748,61,28,27520,13666,0.41224338634930485,724,341,16817,13283,12281,5335,18644,30263,40546,27355,0,0,18775,7383,10789,1944,2523,158,0,0,0,0,47206,3745,7384,0,0,0,0,0
507,1070,508.5393412041915,99906,1438,751,62,28,27768,13808,0.4161511821111845,711,323,16728,13265,12396,5391,18663,30240,40736,27526,0,0,18428,7410,11028,1957,2600,162,0,0,0,0,47237,3684,7400,0,0,0,0,0
508,1070,509.24423507733263,99906,1420,712,62,28,27899,13862,0.41800292274738254,687,324,16670,13179,12419,5430,18740,30325,40921,27694,0,0,18128,7421,11186,1950,2650,165,0,0,0,0,47346,3625,7435,0,0,0,0,0
509,1070,510.6448539111719,99903,1375,678,65,28,28128,13970,0.4213887470846721,693,318,16633,13154,12517,5517,18715,30303,41101,27859,0,0,17790,7447,11438,1960,2718,171,0,0,0,0,47364,3575,7440,0,0,0,0,0
510,1070,511.3472988299558,99902,1415,668,66,28,28282,14016,0.4233949270284879,645,324,16551,13091,12532,5519,18789,30368,41277,28021,0,0,17511,7427,11576,1965,2740,174,0,0,0,0,47508,3529,7472,0,0,0,0,0
511,1070,512.0478088540563,99901,1411,684,67,28,28406,14084,0.4253210678571786,625,303,16478,13015,12551,5518,18866,30450,41448,28179,0,0,17257,7392,11725,1966,2775,178,0,0,0,0,47627,3486,7495,0,0,0,0,0
512,1070,513.4407316231127,99900,1342,648,67,29,28632,14192,0.42866866866866865,613,302,16448,12997,12693,5598,18835,30424,41615,28334,0,0,16930,7422,11956,1993,2853,187,0,0,0,0,47635,3436,7488,0,0,0,0,0
513,1070,514.1397208808456,99899,1292,642,68,29,28733,14244,0.4302045065516171,600,311,16386,12948,12743,5594,18909,30474,41778,28486,0,0,16692,7398,12116,1990,2893,192,0,0,0,0,47713,3383,7522,0,0,0,0,0
514,1070,515.5316238357369,99898,1241,619,69,29,28950,14336,0.43330196800736753,582,299,16322,12981,12876,5628,18908,30442,41937,28635,0,0,16391,7420,12323,2020,2961,194,0,0,0,0,47736,3321,7532,0,0,0,0,0
515,1070,516.2295380790773,99898,1253,601,69,29,29064,14381,0.43489359146329254,563,301,16258,12929,12875,5639,18980,30499,42092,28781,0,0,16164,7387,12455,2016,3001,198,0,0,0,0,47844,3282,7551,0,0,0,0,0
516,1070,517.6180988660201,99898,1165,582,69,29,29257,14494,0.43795671585016716,537,270,16239,12976,13017,5693,18971,30448,42243,28924,0,0,15875,7400,12701,2048,3056,207,0,0,0,0,47829,3228,7554,0,0,0,0,0
517,1070,518.3141844235814,99897,1114,555,70,29,29332,14525,0.4390221928586444,543,282,16225,12928,13023,5706,19023,30498,42390,29065,0,0,15654,7368,12829,2049,3103,210,0,0,0,0,47921,3190,7573,0,0,0,0,0
518,1070,519.0086170266487,99897,1112,558,70,29,29427,14569,0.4404136260348159,527,271,16167,12907,13029,5692,19093,30541,42533,29203,0,0,15446,7334,12944,2043,3141,211,0,0,0,0,48028,3154,7596,0,0,0,0,0
519,1070,520.392165573193,99895,1088,550,72,29,29626,14656,0.4432854497222083,492,245,16135,12931,13117,5732,19094,30511,42673,29338,0,0,15199,7330,13127,2054,3202,221,0,0,0,0,48050,3116,7596,0,0,0,0,0
520,1070,521.0851667095187,99895,1069,504,72,29,29720,14689,0.44455678462385506,470,253,16111,12915,13140,5765,19136,30532,42809,29470,0,0,14993,7302,13278,2055,3239,224,0,0,0,0,48112,3077,7615,0,0,0,0,0
521,1070,522.4663239420336,99895,1006,495,72,29,29883,14781,0.4471094649381851,461,234,16123,12965,13216,5808,19120,30467,42942,29599,0,0,14761,7295,13465,2077,3303,229,0,0,0,0,48117,3028,7620,0,0,0,0,0
522,1070,523.1600414380517,99895,986,476,72,29,29974,14814,0.44835076830672205,437,230,16088,12949,13236,5806,19179,30508,43071,29726,0,0,14564,7263,13597,2077,3342,230,0,0,0,0,48196,2997,7629,0,0,0,0,0
523,1070,524.5409544771878,99895,951,463,72,29,30138,14886,0.45071324891135695,409,234,16097,12987,13292,5833,19177,30452,43197,29850,0,0,14354,7241,13788,2099,3381,235,0,0,0,0,48197,2953,7647,0,0,0,0,0
524,1070,525.2333090877978,99895,930,465,72,29,30215,14926,0.45188447870263776,399,229,16077,12959,13292,5825,19228,30491,43320,29972,0,0,14170,7212,13905,2096,3413,238,0,0,0,0,48279,2926,7656,0,0,0,0,0
525,1070,526.6121272163244,99895,858,453,72,29,30357,15003,0.4540767806196506,379,213,16117,13021,13377,5846,19195,30436,43440,30091,0,0,13964,7205,14068,2114,3475,245,0,0,0,0,48281,2877,7666,0,0,0,0,0
526,1070,527.3039782822008,99895,842,452,72,29,30426,15042,0.4551579158116022,362,213,16092,12997,13384,5845,19246,30462,43557,30208,0,0,13802,7172,14172,2107,3503,251,0,0,0,0,48353,2843,7692,0,0,0,0,0
527,1070,528.683648785481,99895,792,429,72,29,30539,15108,0.4569497972871515,360,217,16109,13055,13433,5870,19232,30398,43671,30322,0,0,13604,7166,14338,2116,3548,253,0,0,0,0,48361,2807,7702,0,0,0,0,0
528,1070,529.3754846852348,99895,762,435,72,29,30600,15149,0.4579708694128835,354,199,16103,13041,13433,5869,19274,30425,43782,30434,0,0,13445,7132,14448,2116,3573,255,0,0,0,0,48427,2774,7725,0,0,0,0,0
529,1070,530.0655261534281,99895,768,400,72,29,30681,15175,0.4590419940937985,321,197,16082,13014,13425,5896,19330,30462,43890,30544,0,0,13289,7090,14560,2116,3610,258,0,0,0,0,48495,2750,7727,0,0,0,0,0
530,1070,531.4415838091,99895,721,376,72,29,30795,15242,0.460853896591421,316,186,16124,13094,13465,5929,19300,30384,43995,30651,0,0,13114,7082,14710,2116,3673,261,0,0,0,0,48491,2717,7731,0,0,0,0,0
531,1070,532.1318887879385,99895,701,375,72,29,30842,15276,0.46166474798538465,314,174,16099,13098,13465,5925,19347,30397,44097,30756,0,0,12962,7058,14802,2114,3699,263,0,0,0,0,48567,2690,7740,0,0,0,0,0
532,1070,533.5080569140615,99895,672,387,72,29,30956,15354,0.46358676610440963,294,146,16144,13164,13487,5931,19329,30341,44197,30859,0,0,12796,7040,14936,2118,3749,264,0,0,0,0,48586,2661,7745,0,0,0,0,0
533,1070,534.1977751369672,99895,645,382,72,29,30999,15385,0.4643275439211172,297,134,16138,13158,13467,5928,19379,30367,44294,30960,0,0,12650,7013,15028,2109,3775,271,0,0,0,0,48654,2648,7747,0,0,0,0,0
534,1070,535.5730766481639,99895,607,349,72,29,31092,15439,0.46579908904349565,305,138,16193,13243,13473,5962,19348,30277,44389,31059,0,0,12491,6993,15165,2116,3813,279,0,0,0,0,48659,2623,7756,0,0,0,0,0
535,1070,536.2627681527979,99895,608,343,72,29,31151,15463,0.4666299614595325,274,138,16190,13260,13450,5947,19404,30281,44481,31155,0,0,12382,6946,15254,2111,3842,281,0,0,0,0,48708,2596,7775,0,0,0,0,0
536,1070,537.6377233989695,99895,580,324,72,29,31246,15507,0.4680214224936183,253,127,16252,13336,13451,5958,19390,30224,44571,31249,0,0,12252,6896,15399,2126,3868,288,0,0,0,0,48712,2573,7781,0,0,0,0,0
537,1070,538.3266890368908,99895,564,321,72,29,31293,15532,0.4687421792882527,239,119,16273,13331,13438,5959,19412,30239,44659,31341,0,0,12131,6862,15468,2120,3902,292,0,0,0,0,48780,2552,7788,0,0,0,0,0
538,1070,539.0142714525542,99895,549,298,72,29,31334,15547,0.4693027679063016,236,118,16270,13360,13422,5957,19449,30236,44745,31431,0,0,12019,6825,15558,2119,3921,296,0,0,0,0,48824,2526,7807,0,0,0,0,0
539,1070,540.3873372332154,99895,514,282,72,29,31412,15588,0.4704940187196556,216,108,16348,13441,13429,5968,19419,30170,44828,31520,0,0,11882,6810,15675,2121,3956,300,0,0,0,0,48836,2504,7811,0,0,0,0,0
540,1070,541.0758141657028,99895,490,286,72,29,31444,15615,0.47108463887081437,223,104,16362,13450,13407,5951,19444,30178,44909,31607,0,0,11774,6773,15760,2117,3977,303,0,0,0,0,48886,2487,7818,0,0,0,0,0
541,1070,542.4502089077604,99895,460,271,72,29,31520,15644,0.4721357425296561,192,117,16425,13525,13413,5945,19436,30111,44988,31692,0,0,11641,6762,15859,2112,4009,308,0,0,0,0,48910,2468,7826,0,0,0,0,0
542,1070,543.1389458715453,99895,452,259,72,29,31555,15665,0.4726963311477051,190,113,16423,13533,13394,5945,19467,30119,45065,31775,0,0,11535,6725,15942,2111,4028,308,0,0,0,0,48959,2452,7835,0,0,0,0,0
543,1070,544.5131464079474,99895,437,251,72,29,31634,15703,0.4738675609389859,164,108,16508,13626,13370,5948,19447,30036,45140,31856,0,0,11426,6696,16056,2106,4057,312,0,0,0,0,48966,2433,7843,0,0,0,0,0
544,1070,545.2019666481085,99894,413,247,73,29,31660,15726,0.4743628245940697,162,103,16533,13640,13342,5944,19475,30035,45213,31936,0,0,11327,6673,16122,2101,4075,319,0,0,0,0,49011,2410,7856,0,0,0,0,0
545,1070,546.5765598946685,99894,394,233,73,29,31708,15752,0.475103609826416,150,113,16626,13746,13312,5934,19443,29943,45285,32014,0,0,11215,6651,16189,2098,4110,322,0,0,0,0,49055,2396,7858,0,0,0,0,0
546,1070,547.2657915421971,99893,386,227,74,29,31732,15775,0.47557886939024757,145,105,16643,13782,13278,5935,19472,29920,45355,32090,0,0,11125,6622,16248,2093,4132,322,0,0,0,0,49101,2373,7877,0,0,0,0,0
547,1070,548.6415069584502,99892,343,232,75,29,31779,15815,0.47645457093661153,145,90,16737,13895,13259,5929,19439,29823,45423,32165,0,0,11013,6606,16341,2097,4152,325,0,0,0,0,49118,2353,7887,0,0,0,0,0
548,1070,549.330788735241,99892,334,238,75,29,31804,15832,0.47687502502702916,145,85,16761,13922,13225,5909,19458,29815,45489,32238,0,0,10921,6587,16380,2087,4172,327,0,0,0,0,49182,2333,7903,0,0,0,0,0
549,1070,550.019725732073,99892,313,226,75,29,31825,15849,0.4772554358707404,141,79,16783,13939,13208,5912,19478,29813,45554,32310,0,0,10821,6563,16446,2090,4183,330,0,0,0,0,49230,2318,7911,0,0,0,0,0
550,1070,551.3959330519792,99892,297,209,75,29,31868,15882,0.4780162575581628,137,74,16853,14052,13185,5916,19451,29718,45617,32380,0,0,10711,6561,16509,2088,4208,334,0,0,0,0,49262,2299,7920,0,0,0,0,0
551,1070,552.0857831698703,99892,290,202,75,29,31891,15894,0.4783666359668442,130,70,16879,14069,13155,5915,19469,29713,45678,32449,0,0,10621,6535,16562,2084,4221,337,0,0,0,0,49317,2290,7925,0,0,0,0,0
552,1070,553.4634372716396,99892,254,192,75,29,31924,15918,0.478937252232411,131,67,16955,14170,13131,5908,19452,29632,45738,32516,0,0,10533,6509,16644,2083,4246,338,0,0,0,0,49331,2275,7933,0,0,0,0,0
553,1070,554.1532572123201,99892,249,181,75,29,31945,15929,0.47925759820606256,125,59,16994,14211,13098,5904,19457,29614,45796,32582,0,0,10464,6477,16706,2075,4263,340,0,0,0,0,49365,2260,7942,0,0,0,0,0
554,1070,555.5322448337155,99892,231,173,75,29,31980,15951,0.4798282144716294,128,54,17085,14330,13068,5887,19411,29525,45853,32646,0,0,10374,6462,16765,2077,4281,342,0,0,0,0,49397,2241,7953,0,0,0,0,0
555,1070,556.2237892960542,99892,238,165,75,29,32008,15959,0.48018860369198735,120,59,17123,14369,13022,5874,19420,29502,45909,32709,0,0,10305,6428,16813,2074,4296,344,0,0,0,0,49443,2230,7959,0,0,0,0,0
556,1070,557.6060461816105,99892,238,152,75,29,32047,15984,0.48082929563929044,119,46,17213,14491,12973,5869,19380,29411,45963,32771,0,0,10224,6410,16875,2067,4320,345,0,0,0,0,49468,2219,7964,0,0,0,0,0
557,1070,558.2990599965326,99892,227,152,75,29,32067,15991,0.48109958755455895,115,47,17225,14522,12953,5851,19403,29397,46016,32831,0,0,10149,6386,16921,2064,4331,347,0,0,0,0,49516,2209,7969,0,0,0,0,0
558,1070,559.6833542782973,99892,234,130,75,29,32113,16006,0.4817102470668322,100,43,17324,14633,12905,5849,19360,29314,46068,32890,0,0,10081,6359,16991,2057,4356,348,0,0,0,0,49529,2199,7972,0,0,0,0,0
559,1070,560.3770293291034,99892,223,127,75,29,32130,16018,0.4820005606054539,96,44,17344,14667,12882,5831,19378,29300,46118,32948,0,0,10019,6335,17038,2051,4368,352,0,0,0,0,49563,2182,7984,0,0,0,0,0
560,1070,561.0705094143646,99892,213,127,75,29,32142,16029,0.48223080927401596,95,43,17391,14704,12851,5822,19373,29273,46167,33005,0,0,9954,6307,17077,2046,4387,352,0,0,0,0,49609,2174,7986,0,0,0,0,0
561,1070,562.456694204491,99892,195,113,75,29,32177,16039,0.4826812957994634,87,48,17499,14821,12814,5810,19328,29177,46215,33060,0,0,9893,6286,17133,2038,4416,355,0,0,0,0,49619,2162,7990,0,0,0,0,0
562,1070,563.1517336372432,99892,197,123,75,29,32199,16053,0.4830416850198214,79,38,17535,14863,12772,5789,19340,29156,46262,33114,0,0,9835,6254,17170,2036,4427,357,0,0,0,0,49664,2155,7994,0,0,0,0,0
563,1070,564.5414852032052,99892,193,112,75,29,32238,16071,0.48361230128538824,64,38,17635,15002,12737,5779,19294,29038,46308,33167,0,0,9774,6226,17235,2035,4441,361,0,0,0,0,49675,2145,8000,0,0,0,0,0
564,1070,565.2381231467583,99892,193,117,75,29,32253,16081,0.4838625715773035,60,32,17666,15044,12701,5762,19303,29014,46353,33219,0,0,9717,6201,17272,2028,4451,362,0,0,0,0,49716,2138,8007,0,0,0,0,0
565,1070,566.6308495527546,99892,165,105,75,29,32274,16089,0.4841528851159252,52,38,17757,15146,12683,5751,19266,28929,46397,33270,0,0,9652,6185,17326,2021,4469,366,0,0,0,0,49733,2129,8011,0,0,0,0,0
566,1070,567.3287551736673,99892,158,101,75,29,32284,16096,0.48432306891442756,51,37,17799,15174,12642,5747,19273,28910,46439,33320,0,0,9592,6169,17359,2010,4487,366,0,0,0,0,49772,2124,8013,0,0,0,0,0
567,1070,568.0266113075536,99892,158,92,75,29,32298,16101,0.48451327433628316,48,36,17827,15220,12611,5742,19279,28879,46480,33369,0,0,9535,6152,17395,2001,4500,367,0,0,0,0,49807,2117,8018,0,0,0,0,0
568,1070,569.4218221102191,99892,146,80,75,29,32321,16109,0.48482360949825815,40,37,17964,15326,12544,5730,19229,28796,46520,33417,0,0,9483,6134,17452,1998,4507,372,0,0,0,0,49816,2104,8026,0,0,0,0,0
569,1070,570.1213850908226,99892,132,75,75,29,32325,16118,0.48495375005005403,44,30,18004,15383,12516,5717,19227,28764,46560,33464,0,0,9429,6119,17486,1991,4518,374,0,0,0,0,49845,2094,8036,0,0,0,0,0
570,1070,571.5206520797785,99892,125,72,75,29,32337,16128,0.4851739879069395,52,36,18101,15501,12462,5699,19183,28661,46599,33510,0,0,9379,6090,17538,1992,4520,375,0,0,0,0,49869,2086,8043,0,0,0,0,0
571,1070,572.2219896455597,99892,123,66,75,29,32345,16133,0.48530412845873544,50,32,18148,15539,12428,5687,19174,28645,46637,33555,0,0,9332,6071,17566,1981,4537,375,0,0,0,0,49902,2079,8049,0,0,0,0,0
572,1070,573.6250303209704,99892,124,61,75,29,32362,16140,0.4855443879389741,45,37,18253,15684,12379,5668,19122,28519,46674,33599,0,0,9277,6057,17596,1977,4548,375,0,0,0,0,49937,2070,8055,0,0,0,0,0
573,1070,574.3287217398973,99892,119,61,75,29,32367,16145,0.4856444960557402,45,38,18305,15731,12347,5652,19107,28487,46710,33642,0,0,9232,6036,17625,1973,4556,375,0,0,0,0,49972,2060,8063,0,0,0,0,0
574,1070,575.0323746619981,99892,118,60,75,29,32377,16152,0.4858146798542426,41,33,18340,15802,12316,5636,19108,28438,46745,33684,0,0,9186,6019,17653,1968,4566,375,0,0,0,0,50004,2051,8070,0,0,0,0,0
575,1070,576.4408730304599,99892,121,57,75,29,32394,16165,0.4861150042045409,45,27,18442,15936,12262,5612,19053,28337,46779,33725,0,0,9139,6004,17694,1961,4576,375,0,0,0,0,50024,2045,8074,0,0,0,0,0
576,1070,577.1468903940631,99892,109,55,75,29,32402,16169,0.4862351339446602,47,29,18488,15980,12235,5596,19044,28309,46812,33766,0,0,9103,5980,17736,1959,4583,375,0,0,0,0,50039,2033,8084,0,0,0,0,0
577,1070,578.5598375521173,99892,111,51,75,29,32420,16179,0.48651543667160535,35,24,18610,16123,12173,5583,18994,28188,46845,33806,0,0,9062,5960,17776,1954,4591,377,0,0,0,0,50058,2025,8089,0,0,0,0,0
578,1070,579.2682983612683,99892,106,52,75,29,32424,16183,0.4865955231650182,37,21,18647,16177,12145,5568,18988,28151,46877,33845,0,0,9025,5939,17801,1947,4602,377,0,0,0,0,50088,2018,8095,0,0,0,0,0
579,1070,580.6858335239937,99892,86,50,75,29,32431,16190,0.48673567452849076,40,20,18764,16312,12096,5533,18937,28054,46908,33883,0,0,8980,5930,17829,1939,4618,379,0,0,0,0,50108,2012,8097,0,0,0,0,0
580,1070,581.3965044187819,99892,86,50,75,29,32432,16191,0.486755696151844,43,19,18754,16303,12080,5525,18960,28072,46938,33920,0,0,8942,5914,17847,1933,4624,379,0,0,0,0,50144,2005,8104,0,0,0,0,0
581,1070,582.4959006587537,99892,89,49,75,29,32445,16197,0.4869459015736996,41,17,18847,16392,12028,5514,18918,27997,46968,33957,0,0,8905,5902,17862,1927,4637,381,0,0,0,0,50173,1995,8110,0,0,0,0,0
582,1070,583.0279546919428,99892,86,49,75,29,32449,16200,0.4870159772554359,39,17,18873,16412,12000,5501,18925,27990,46997,33993,0,0,8871,5881,17884,1925,4643,382,0,0,0,0,50202,1988,8116,0,0,0,0,0
583,1070,584.0104441577917,99892,83,54,75,29,32456,16207,0.48715612861890845,39,15,18951,16480,11954,5481,18896,27939,47025,34028,0,0,8835,5860,17911,1923,4646,384,0,0,0,0,50229,1986,8118,0,0,0,0,0
584,1070,585.0895325275524,99892,82,48,75,29,32465,16209,0.48726624754735115,39,19,19032,16581,11913,5467,18857,27854,47053,34062,0,0,8802,5843,17936,1918,4656,384,0,0,0,0,50249,1979,8125,0,0,0,0,0
585,1070,586.2056239147917,99892,69,49,75,29,32472,16215,0.4873963880991471,39,20,19156,16707,11863,5429,18796,27764,47080,34096,0,0,8763,5828,17958,1916,4668,385,0,0,0,0,50274,1975,8125,0,0,0,0,0
586,1070,587.0037965327209,99892,72,48,75,29,32480,16218,0.4875065070275898,35,17,19223,16764,11824,5418,18769,27722,47107,34129,0,0,8732,5809,17984,1912,4673,385,0,0,0,0,50297,1969,8131,0,0,0,0,0
587,1070,588.0570587253964,99892,68,48,75,29,32492,16224,0.4876867016377688,41,19,19352,16922,11765,5388,18697,27592,47133,34161,0,0,8700,5798,18003,1907,4684,387,0,0,0,0,50316,1960,8137,0,0,0,0,0
588,1070,589.3266566150144,99892,66,47,75,29,32501,16229,0.48782685300124135,44,18,19421,17028,11726,5378,18666,27498,47158,34193,0,0,8667,5784,18025,1902,4692,388,0,0,0,0,50337,1955,8142,0,0,0,0,0
589,1070,590.2255118579695,99892,68,48,75,29,32509,16234,0.4879569935530373,39,13,19455,17068,11702,5371,18659,27469,47183,34224,0,0,8639,5762,18051,1901,4694,390,0,0,0,0,50359,1951,8145,0,0,0,0,0
590,1070,591.6750945806389,99892,57,37,75,29,32516,16236,0.48804709085812675,39,16,19577,17211,11656,5349,18594,27356,47207,34255,0,0,8600,5752,18072,1901,4703,391,0,0,0,0,50381,1943,8149,0,0,0,0,0
591,1070,592.0184634035637,99892,57,34,75,29,32522,16238,0.48812717735153965,37,14,19635,17267,11626,5340,18568,27314,47231,34285,0,0,8570,5738,18092,1897,4710,391,0,0,0,0,50403,1937,8154,0,0,0,0,0
592,1070,593.0970256356981,99892,58,29,75,29,32529,16239,0.48820726384495255,34,15,19685,17364,11584,5324,18562,27237,47254,34314,0,0,8537,5728,18108,1894,4715,393,0,0,0,0,50428,1933,8156,0,0,0,0,0
593,1070,594.6187945426465,99892,59,27,75,29,32538,16243,0.4883374043967485,35,12,19809,17521,11528,5298,18492,27111,47277,34343,0,0,8513,5706,18135,1891,4720,395,0,0,0,0,50444,1930,8158,0,0,0,0,0
594,1070,595.1214770689458,99892,59,29,75,29,32541,16245,0.48838745845513154,33,11,19830,17549,11507,5290,18494,27090,47299,34371,0,0,8484,5691,18153,1887,4723,396,0,0,0,0,50470,1929,8159,0,0,0,0,0
595,1070,596.2713594915789,99892,48,31,75,29,32545,16250,0.48847755576022106,38,8,19926,17674,11462,5265,18449,26991,47321,34399,0,0,8450,5680,18174,1887,4728,396,0,0,0,0,50491,1924,8162,0,0,0,0,0
596,1070,597.1300947046295,99892,47,25,75,29,32555,16251,0.48858767468866376,33,9,20031,17799,11422,5246,18390,26890,47342,34426,0,0,8417,5673,18192,1882,4735,397,0,0,0,0,50511,1920,8165,0,0,0,0,0
597,1070,598.3173154122304,99892,44,24,75,29,32561,16253,0.48866776118207667,28,7,20102,17863,11382,5230,18367,26845,47363,34453,0,0,8396,5653,18220,1878,4738,399,0,0,0,0,50524,1916,8168,0,0,0,0,0
598,1070,599.0150362814948,99892,43,26,75,29,32563,16255,0.4887078044287831,28,5,20122,17905,11362,5222,18368,26811,47383,34479,0,0,8366,5644,18231,1874,4740,401,0,0,0,0,50552,1914,8170,0,0,0,0,0
599,1070,600.145129882836,99892,46,24,75,29,32574,16257,0.48883794498057903,25,7,20250,18072,11310,5192,18292,26674,47403,34505,0,0,8338,5633,18249,1871,4744,403,0,0,0,0,50573,1910,8171,0,0,0,0,0
600,1070,601.4260742932796,99892,53,21,75,29,32584,16259,0.48895807472069835,17,10,20326,18156,11257,5182,18270,26600,47422,34530,0,0,8310,5623,18265,1868,4748,403,0,0,0,0,50594,1907,8174,0,0,0,0,0
601,1070,602.021524854373,99892,52,21,75,29,32586,16260,0.4889881071557282,15,11,20362,18193,11235,5170,18259,26574,47441,34555,0,0,8284,5616,18273,1865,4753,403,0,0,0,0,50618,1899,8181,0,0,0,0,0
602,1070,603.0138374605331,99892,41,21,75,29,32587,16262,0.489018139590758,16,10,20522,18344,11179,5151,18165,26443,47460,34579,0,0,8261,5603,18289,1865,4756,405,0,0,0,0,50634,1892,8187,0,0,0,0,0
603,1070,604.0587210648025,99892,39,24,75,29,32587,16265,0.4890481720257879,17,8,20571,18413,11150,5134,18146,26390,47478,34603,0,0,8237,5594,18300,1860,4761,405,0,0,0,0,50656,1888,8191,0,0,0,0,0
604,1070,605.295942845331,99892,37,21,75,29,32590,16265,0.4890782044608177,15,10,20641,18508,11120,5105,18110,26325,47496,34626,0,0,8218,5579,18321,1857,4765,405,0,0,0,0,50668,1884,8195,0,0,0,0,0
605,1070,606.0391568649201,99892,33,22,75,29,32591,16268,0.4891182477075241,14,8,20690,18566,11094,5093,18092,26280,47513,34649,0,0,8189,5572,18330,1855,4770,405,0,0,0,0,50694,1881,8196,0,0,0,0,0
606,1070,607.1615976098507,99892,28,21,75,29,32594,16269,0.4891582909542306,12,8,20778,18684,11053,5070,18052,26186,47530,34671,0,0,8171,5559,18347,1851,4777,405,0,0,0,0,50705,1877,8200,0,0,0,0,0
607,1070,608.3703195897546,99892,23,26,75,29,32596,16274,0.48922836663596686,17,4,20932,18827,10981,5034,17970,26078,47547,34693,0,0,8149,5548,18362,1846,4784,405,0,0,0,0,50722,1876,8200,0,0,0,0,0
608,1070,609.0265645662992,99892,24,25,75,29,32598,16275,0.48925839907099666,17,3,20955,18854,10968,5021,17959,26066,47563,34715,0,0,8127,5541,18372,1844,4785,406,0,0,0,0,50741,1870,8206,0,0,0,0,0
609,1070,610.0134273003835,99892,24,21,75,29,32602,16275,0.48929844231770314,16,4,21066,18963,10918,4998,17899,25983,47579,34736,0,0,8103,5537,18379,1841,4789,407,0,0,0,0,50760,1864,8212,0,0,0,0,0
610,1070,611.0335864046925,99892,27,21,75,29,32606,16276,0.4893484963760862,12,5,21116,19011,10888,4983,17880,25949,47595,34757,0,0,8081,5531,18387,1837,4791,409,0,0,0,0,50780,1861,8215,0,0,0,0,0
611,1070,612.1359268600147,99892,24,18,75,29,32608,16277,0.489378528811116,12,4,21209,19105,10841,4965,17837,25877,47610,34777,0,0,8058,5522,18405,1837,4791,409,0,0,0,0,50794,1858,8218,0,0,0,0,0
612,1070,613.1435124823504,99892,25,15,75,29,32610,16278,0.48940856124614585,14,4,21309,19222,10799,4948,17776,25780,47625,34797,0,0,8036,5512,18417,1837,4793,409,0,0,0,0,50813,1855,8220,0,0,0,0,0
613,1070,614.0475833575692,99892,27,12,75,29,32615,16278,0.4894586153045289,10,4,21369,19288,10772,4941,17745,25724,47640,34817,0,0,8012,5504,18429,1835,4795,410,0,0,0,0,50832,1855,8220,0,0,0,0,0
614,1070,615.5852207768442,99892,21,11,75,29,32618,16279,0.4894986585512353,13,4,21471,19431,10721,4919,17697,25604,47654,34836,0,0,7994,5495,18440,1833,4801,411,0,0,0,0,50845,1851,8222,0,0,0,0,0
615,1070,616.118801439722,99892,22,9,75,29,32620,16280,0.48952869098626517,13,3,21536,19489,10687,4908,17665,25560,47668,34855,0,0,7976,5487,18451,1830,4803,412,0,0,0,0,50860,1847,8226,0,0,0,0,0
616,1070,617.0347347310814,99892,23,8,75,29,32624,16280,0.4895687342329716,10,3,21594,19555,10659,4896,17637,25507,47682,34874,0,0,7957,5478,18461,1827,4808,412,0,0,0,0,50877,1845,8227,0,0,0,0,0
617,1070,618.0686463128174,99892,20,5,75,29,32627,16280,0.48959876666800145,9,4,21724,19701,10615,4871,17555,25388,47696,34892,0,0,7935,5474,18474,1824,4811,412,0,0,0,0,50890,1842,8230,0,0,0,0,0
618,1070,619.0445347247917,99892,19,5,75,29,32628,16280,0.48960877747967807,8,4,21743,19735,10597,4861,17556,25364,47709,34910,0,0,7919,5468,18478,1820,4817,412,0,0,0,0,50906,1837,8235,0,0,0,0,0
619,1070,620.3815411554368,99892,23,3,75,29,32632,16281,0.4896588315380611,6,3,21826,19835,10548,4843,17520,25285,47722,34928,0,0,7899,5459,18489,1818,4820,412,0,0,0,0,50924,1837,8234,0,0,0,0,0
620,1070,621.1778415462963,99892,23,3,75,29,32633,16282,0.48967885316141435,7,2,21909,19894,10504,4831,17480,25239,47735,34945,0,0,7883,5449,18500,1816,4821,413,0,0,0,0,50939,1835,8236,0,0,0,0,0
621,1070,622.0030148512267,99892,18,2,75,29,32635,16282,0.48969887478476753,6,3,21986,19975,10471,4812,17442,25177,47748,34962,0,0,7869,5436,18518,1816,4823,413,0,0,0,0,50947,1833,8237,0,0,0,0,0
622,1070,623.1179310580602,99892,18,4,75,29,32636,16284,0.4897289072197974,6,2,22048,20065,10440,4796,17411,25102,47760,34979,0,0,7854,5426,18528,1814,4824,414,0,0,0,0,50962,1831,8239,0,0,0,0,0
623,1070,624.3514492020915,99892,17,3,75,29,32638,16284,0.4897489288431506,7,2,22185,20221,10372,4760,17342,24983,47772,34995,0,0,7843,5417,18539,1813,4827,414,0,0,0,0,50971,1824,8244,0,0,0,0,0
624,1070,625.0672401923918,99892,16,3,75,29,32639,16284,0.4897589396548272,6,2,22222,20255,10349,4751,17330,24958,47784,35011,0,0,7832,5408,18548,1810,4827,417,0,0,0,0,50982,1820,8248,0,0,0,0,0
625,1070,626.0795308626755,99892,17,3,75,29,32640,16285,0.48977896127818044,6,1,22308,20354,10304,4728,17288,24883,47796,35027,0,0,7816,5403,18554,1807,4830,417,0,0,0,0,50997,1816,8252,0,0,0,0,0
626,1070,627.1387574851307,99892,17,3,75,29,32642,16286,0.4898089937132103,5,1,22373,20427,10272,4716,17256,24822,47807,35042,0,0,7805,5394,18566,1804,4833,417,0,0,0,0,51005,1813,8255,0,0,0,0,0
627,1070,628.4198311634773,99892,16,3,75,29,32642,16287,0.48981900452488686,6,0,22481,20565,10221,4689,17199,24712,47818,35057,0,0,7789,5387,18573,1803,4834,418,0,0,0,0,51020,1812,8256,0,0,0,0,0
628,1070,629.5700591448604,99892,13,3,75,29,32646,16287,0.48985904777159334,4,0,22582,20665,10177,4673,17147,24628,47829,35072,0,0,7771,5382,18583,1800,4838,418,0,0,0,0,51033,1811,8256,0,0,0,0,0
629,1070,630.3238431264454,99892,20,5,75,29,32654,16289,0.4899591558883594,24,23,22630,20740,10142,4653,17107,24548,47840,35087,0,0,7759,5374,18590,1797,4842,418,0,0,0,0,51045,1808,8259,0,0,0,0,0
630,1070,631.2176020360287,99892,23,12,75,29,32657,16297,0.4900692748168021,25,16,22676,20796,10111,4643,17088,24502,47850,35101,0,0,7747,5363,18601,1798,4842,418,0,0,0,0,51057,1806,8260,0,0,0,0,0
631,1070,632.0322279696263,99892,23,12,75,29,32660,16300,0.4901293396868618,28,13,22726,20859,10078,4628,17068,24457,47860,35115,0,0,7735,5352,18610,1797,4845,418,0,0,0,4,51065,1806,8260,0,0,0,0,0
632,1070,633.1010467089674,99892,23,13,75,29,32663,16303,0.49018940455692145,32,13,22795,20947,10046,4612,17027,24384,47870,35129,0,0,7722,5341,18620,1797,4846,418,2,0,0,6,51074,1804,8262,0,0,0,0,0
633,1070,634.0340033191053,99892,29,12,75,29,32675,16306,0.49033956673207063,32,12,22899,21067,10001,4600,16962,24278,47880,35143,0,0,7708,5335,18626,1797,4845,419,2,0,0,14,51080,1800,8266,0,0,0,0,0
634,1070,635.0054047521365,99892,34,14,75,29,32685,16309,0.4904697072838666,37,10,22957,21151,9969,4577,16926,24217,47890,35156,0,0,7691,5331,18629,1796,4848,419,3,0,0,17,51093,1798,8267,0,0,0,0,0
635,1070,636.0706866128926,99892,34,15,75,29,32692,16312,0.49056981540063266,39,10,23028,21231,9937,4569,16885,24144,47900,35169,0,0,7677,5324,18632,1797,4852,419,3,0,0,21,51103,1795,8269,0,0,0,0,0
636,1070,637.2639873347289,99892,34,15,75,29,32699,16316,0.4906799343290754,42,10,23120,21312,9897,4561,16830,24071,47909,35182,0,0,7664,5317,18639,1797,4854,419,5,0,0,28,51107,1791,8271,0,0,0,0,0
637,1070,638.019766185656,99892,39,17,75,29,32709,16318,0.49080006406919474,40,9,23172,21396,9873,4545,16799,24002,47918,35195,0,0,7649,5311,18643,1796,4857,419,6,0,0,30,51119,1790,8272,0,0,0,0,0
638,1070,639.0419157177965,99892,42,16,75,29,32718,16320,0.49091018299763745,38,8,23241,21491,9853,4531,16749,23923,47927,35207,0,0,7639,5305,18649,1794,4861,419,6,0,0,37,51122,1787,8273,0,0,0,0,0
639,1070,640.2056329629639,99892,40,16,75,29,32724,16322,0.49099026949105035,37,10,23307,21569,9822,4518,16717,23856,47936,35219,0,0,7627,5298,18654,1793,4864,419,9,0,0,41,51127,1782,8278,0,0,0,0,0
640,1070,641.2187732307656,99892,49,16,75,29,32737,16325,0.4911504424778761,36,11,23407,21686,9774,4490,16657,23766,47945,35231,0,0,7613,5293,18657,1793,4866,419,9,0,0,46,51136,1780,8280,0,0,0,0,0
641,1070,642.1358427622808,99892,54,20,75,29,32748,16329,0.4913006046530253,40,10,23457,21752,9749,4478,16623,23709,47953,35243,0,0,7606,5285,18664,1791,4871,419,10,0,0,48,51140,1776,8282,0,0,0,0,0
642,1070,643.0174432969874,99892,60,16,75,29,32762,16330,0.4914507668281744,33,15,23523,21848,9726,4460,16581,23630,47961,35255,0,0,7591,5278,18667,1792,4875,420,12,0,0,52,51149,1775,8281,0,0,0,0,0
643,1070,644.1218434494406,99892,62,17,75,29,32772,16332,0.4915708965682938,35,20,23614,21948,9699,4440,16513,23544,47969,35266,0,0,7581,5273,18670,1790,4879,421,15,0,0,54,51154,1770,8285,0,0,0,0,0
644,1070,645.1160002996928,99892,60,17,75,29,32776,16334,0.49163096143835344,38,19,23669,22011,9675,4432,16481,23490,47977,35277,0,0,7571,5266,18675,1791,4882,421,15,0,0,58,51160,1767,8286,0,0,0,0,0
645,1070,646.0172811548191,99892,60,19,75,29,32785,16338,0.4917611019901494,42,18,23741,22124,9642,4407,16438,23401,47985,35288,0,0,7559,5261,18678,1790,4888,421,17,0,0,62,51166,1764,8286,0,0,0,0,0
646,1070,647.0167339409758,99892,67,22,75,29,32796,16344,0.49193128578865175,43,16,23786,22200,9619,4396,16408,23335,47993,35299,0,0,7551,5254,18685,1788,4891,421,17,0,0,68,51168,1762,8287,0,0,0,0,0
647,1070,648.054938994925,99892,72,25,75,29,32806,16349,0.4920814479638009,43,18,23845,22289,9597,4377,16366,23260,48001,35310,0,0,7543,5248,18688,1787,4895,421,17,0,0,71,51173,1757,8292,0,0,0,0,0
648,1070,649.2672189258586,99892,79,23,75,29,32828,16354,0.4923517398790694,45,26,23954,22427,9556,4356,16289,23137,48008,35321,0,0,7528,5242,18686,1790,4900,421,19,0,0,83,51174,1755,8294,0,0,0,0,0
649,1070,650.1933812448465,99892,75,24,75,29,32840,16357,0.49250190205421857,45,36,24016,22486,9542,4343,16245,23080,48015,35331,0,0,7516,5236,18686,1792,4905,422,20,0,0,91,51177,1753,8294,0,0,0,0,0
650,1070,651.1171632429949,99892,79,25,75,29,32852,16360,0.4926520642293677,45,40,24081,22559,9513,4331,16205,23014,48022,35341,0,0,7506,5232,18685,1791,4911,422,21,0,0,95,51182,1750,8297,0,0,0,0,0
651,1070,652.0383653041596,99892,80,32,75,29,32863,16370,0.49286229127457654,48,34,24147,22643,9490,4319,16158,22941,48029,35351,0,0,7500,5219,18693,1792,4916,423,21,0,0,99,51184,1750,8295,0,0,0,0,0
652,1070,653.2625981641232,99892,80,37,75,29,32875,16380,0.493082529131462,65,35,24230,22744,9454,4304,16094,22849,48036,35361,0,0,7483,5214,18694,1794,4920,423,26,0,0,105,51190,1748,8295,0,0,0,0,0
653,1070,654.1778770110218,99892,100,44,75,29,32905,16391,0.493492972410203,60,32,24287,22828,9434,4295,16042,22770,48043,35371,0,0,7473,5209,18695,1795,4923,425,28,0,0,109,51194,1743,8298,0,0,0,0,0
654,1070,655.0907395513855,99892,102,49,75,29,32920,16403,0.4937632643254715,68,37,24344,22900,9411,4285,15998,22698,48050,35381,0,0,7458,5204,18698,1798,4927,425,31,0,0,119,51196,1740,8296,0,0,0,0,0
655,1070,656.0013314689461,99892,107,53,75,29,32933,16410,0.49396348055900374,78,40,24395,22966,9382,4275,15961,22635,48057,35390,0,0,7452,5197,18703,1797,4930,426,31,0,0,126,51195,1738,8297,0,0,0,0,0
656,1070,657.2123169601565,99892,120,60,75,29,32962,16425,0.4944039562727746,85,41,24467,23057,9353,4266,15898,22545,48063,35399,0,0,7442,5194,18700,1798,4939,427,32,0,0,136,51194,1733,8297,0,0,0,0,0
657,1070,658.1180308295895,99892,127,69,75,29,32983,16440,0.4947643454931326,89,41,24529,23125,9330,4256,15848,22478,48069,35408,0,0,7430,5187,18702,1800,4943,428,35,0,0,146,51193,1733,8295,0,0,0,0,0
658,1070,659.0213358273933,99892,132,67,75,29,33008,16448,0.49509470227846075,86,49,24594,23190,9316,4250,15795,22413,48075,35417,0,0,7420,5185,18699,1800,4951,429,38,0,0,164,51182,1728,8296,0,0,0,0,0
659,1070,660.2220456223835,99892,130,65,75,29,33033,16461,0.49547511312217196,85,54,24664,23284,9305,4249,15739,22317,48081,35426,0,0,7412,5174,18701,1801,4965,429,40,0,0,187,51165,1727,8291,0,0,0,0,0
660,1070,661.1201668177071,99892,143,67,75,29,33061,16468,0.4958254915308533,90,62,24724,23339,9282,4242,15684,22259,48087,35435,0,0,7403,5166,18703,1802,4971,430,42,0,0,196,51163,1726,8290,0,0,0,0,0
661,1070,662.0158307286393,99892,135,65,75,29,33078,16476,0.4960757618227686,101,69,24798,23411,9254,4234,15635,22190,48093,35444,0,0,7396,5158,18700,1802,4988,430,43,0,0,210,51155,1722,8288,0,0,0,0,0
662,1070,663.2062572634511,99892,140,75,75,29,33107,16497,0.4965763024065991,115,71,24865,23499,9229,4220,15574,22104,48099,35452,0,0,7385,5148,18702,1805,4993,433,47,0,0,226,51146,1721,8286,0,0,0,0,0
663,1070,664.096650324332,99892,148,81,75,29,33136,16515,0.49704681055539984,119,76,24908,23569,9217,4214,15531,22029,48105,35460,0,0,7375,5140,18700,1808,5002,434,52,0,0,239,51138,1716,8288,0,0,0,0,0
664,1070,665.2808625581356,99892,162,83,75,29,33174,16531,0.4975873943859368,125,80,24986,23657,9197,4203,15453,21946,48111,35468,0,0,7363,5133,18700,1811,5011,435,58,0,0,257,51126,1712,8286,0,0,0,0,0
665,1070,666.1664881005896,99892,161,101,75,29,33203,16556,0.4981279782164738,139,75,25043,23734,9188,4193,15392,21866,48117,35476,0,0,7350,5123,18698,1818,5019,435,64,0,0,272,51118,1709,8286,0,0,0,0,0
666,1070,667.0500973084279,99892,165,102,75,29,33236,16572,0.4986185079886277,138,78,25083,23810,9190,4189,15347,21790,48122,35484,0,0,7337,5118,18692,1819,5032,437,69,0,0,293,51105,1708,8282,0,0,0,0,0
667,1070,668.2257199863444,99892,167,115,75,29,33273,16598,0.4992491891242542,154,73,25143,23891,9177,4182,15282,21708,48127,35492,0,0,7321,5114,18681,1818,5049,438,77,0,0,314,51092,1707,8281,0,0,0,0,0
668,1070,669.1053467673094,99892,176,125,75,29,33304,16621,0.49978977295479116,161,73,25189,23951,9165,4185,15232,21635,48132,35500,0,0,7312,5109,18682,1819,5056,438,79,0,0,339,51074,1705,8279,0,0,0,0,0
669,1070,670.275320902988,99892,194,124,75,29,33352,16645,0.5005105513955072,160,67,25256,24025,9144,4195,15169,21558,48137,35508,0,0,7303,5105,18679,1817,5068,441,80,0,0,374,51047,1703,8275,0,0,0,0,0
670,1070,671.1506590260312,99892,204,119,75,29,33384,16657,0.500951027109278,170,78,25305,24076,9126,4196,15118,21500,48142,35515,0,0,7293,5102,18674,1814,5080,443,82,0,0,396,51033,1703,8272,0,0,0,0,0
671,1070,672.0241363325126,99892,227,116,75,29,33434,16671,0.5015917190565811,167,85,25339,24149,9110,4193,15080,21426,48147,35522,0,0,7278,5095,18672,1818,5089,444,88,0,0,419,51019,1703,8267,0,0,0,0,0
672,1070,673.1863366325883,99892,253,132,75,29,33487,16702,0.5024326272374164,181,97,25392,24231,9080,4188,15017,21321,48152,35529,0,0,7267,5091,18668,1819,5102,444,93,0,0,442,51002,1700,8264,0,0,0,0,0
673,1070,674.0558866453747,99892,251,146,75,29,33524,16725,0.5030332759380131,191,101,25421,24281,9082,4188,14978,21253,48157,35536,0,0,7256,5087,18658,1822,5117,446,96,0,0,463,50989,1695,8263,0,0,0,0,0
674,1070,675.2132475181735,99892,261,141,75,29,33573,16748,0.503754054378729,187,109,25491,24374,9075,4197,14909,21148,48162,35543,0,0,7245,5078,18645,1823,5147,447,101,0,0,490,50968,1695,8253,0,0,0,0,0
675,1070,676.0791870084208,99892,254,157,75,29,33607,16770,0.5043146598326192,210,118,25517,24422,9084,4189,14858,21083,48167,35550,0,0,7233,5070,18644,1824,5160,448,107,0,0,512,50952,1693,8249,0,0,0,0,0
676,1070,677.2317660593055,99892,275,172,75,29,33669,16813,0.5053657950586633,224,113,25567,24499,9071,4205,14786,20980,48172,35557,0,0,7221,5057,18644,1831,5174,449,112,0,0,552,50919,1693,8240,0,0,0,0,0
677,1070,678.0944127049188,99892,291,179,75,29,33706,16847,0.5060765626877027,252,104,25599,24556,9051,4215,14730,20915,48177,35564,0,0,7209,5053,18637,1832,5188,450,115,0,0,578,50902,1691,8237,0,0,0,0,0
678,1070,679.2424900472982,99892,299,194,75,29,33774,16883,0.5071176871020703,275,112,25620,24629,9071,4211,14658,20823,48181,35571,0,0,7196,5038,18624,1842,5215,450,123,0,0,609,50875,1687,8233,0,0,0,0,0
679,1070,680.1022893941807,99892,323,193,75,29,33830,16899,0.5078384655427862,277,131,25665,24695,9060,4210,14598,20740,48185,35577,0,0,7186,5032,18621,1845,5219,456,128,0,0,634,50855,1685,8231,0,0,0,0,0
680,1070,681.2464169683954,99892,327,218,75,29,33908,16948,0.5091098386257158,282,125,25701,24750,9091,4219,14522,20657,48189,35583,0,0,7169,5028,18607,1847,5243,461,138,0,0,682,50814,1680,8223,0,0,0,0,0
681,1070,682.1032669134369,99892,360,222,75,29,33979,16976,0.5101009089817002,292,129,25702,24807,9101,4230,14468,20581,48193,35589,0,0,7157,5022,18596,1848,5262,465,144,0,0,707,50795,1678,8218,0,0,0,0,0
682,1070,683.2444755091494,99892,392,221,75,29,34077,17012,0.511442357746366,283,148,25736,24869,9124,4256,14388,20475,48197,35595,0,0,7148,5009,18585,1859,5293,465,148,0,0,758,50749,1672,8206,0,0,0,0,0
683,1070,684.0991359471551,99892,391,229,75,29,34144,17051,0.5125035037840868,296,153,25779,24912,9153,4272,14304,20403,48201,35601,0,0,7130,5005,18571,1862,5318,468,160,0,0,808,50704,1667,8199,0,0,0,0,0
684,1070,685.2365365339434,99892,422,232,75,29,34249,17096,0.5140051255355784,332,154,25771,24980,9175,4291,14223,20312,48205,35607,0,0,7116,4993,18553,1866,5348,472,172,0,0,868,50646,1665,8193,0,0,0,0,0
685,1070,686.0891500100349,99892,438,233,75,29,34329,17125,0.515096304008329,326,173,25782,25021,9199,4306,14178,20236,48209,35613,0,0,7102,4983,18542,1876,5373,472,180,0,0,912,50606,1659,8187,0,0,0,0,0
686,1070,687.2250739952342,99892,484,242,75,29,34443,17170,0.5166880230649101,332,197,25794,25082,9210,4315,14103,20133,48213,35619,0,0,7088,4972,18522,1883,5403,474,190,0,0,964,50558,1657,8181,0,0,0,0,0
687,1070,688.07610170114,99892,523,255,75,29,34529,17207,0.5179193529011332,350,212,25795,25115,9207,4318,14048,20069,48217,35625,0,0,7075,4964,18514,1890,5421,476,196,0,0,999,50529,1655,8173,0,0,0,0,0
688,1070,689.2094916398408,99892,512,279,75,29,34607,17269,0.5193208665358587,416,221,25813,25180,9229,4327,13953,19962,48221,35631,0,0,7053,4954,18499,1893,5455,477,213,0,0,1065,50467,1654,8162,0,0,0,0,0
689,1070,690.0583892874118,99891,533,290,76,29,34693,17315,0.5206475057813016,425,229,25833,25214,9249,4349,13882,19887,48225,35637,0,0,7036,4944,18486,1902,5480,478,225,0,0,1112,50423,1647,8158,0,0,0,0,0
690,1070,691.1888041466342,99891,548,309,76,29,34797,17388,0.5224194371865333,464,238,25838,25255,9274,4377,13798,19790,48229,35642,0,0,7018,4933,18468,1913,5507,481,237,0,0,1198,50342,1644,8150,0,0,0,0,0
691,1070,692.0358849995898,99891,577,326,76,29,34892,17436,0.5238509975873702,474,245,25828,25287,9297,4396,13746,19715,48233,35647,0,0,7007,4926,18452,1914,5532,482,242,0,0,1258,50288,1643,8147,0,0,0,0,0
692,1070,693.1647890977016,99891,620,339,76,29,35022,17499,0.5257831035829054,497,269,25823,25323,9327,4410,13655,19628,48237,35652,0,0,6993,4912,18426,1928,5571,489,249,0,0,1319,50234,1640,8130,0,0,0,0,0
693,1070,694.0108590881981,99891,658,345,76,29,35141,17544,0.5274248931335155,488,270,25830,25359,9361,4441,13585,19554,48241,35657,0,0,6980,4894,18408,1941,5596,497,259,0,0,1374,50182,1639,8121,0,0,0,0,0
694,1070,695.1384947445105,99891,688,361,76,29,35272,17611,0.5294070536885205,558,282,25788,25396,9397,4467,13491,19463,48245,35662,0,0,6958,4880,18384,1951,5633,506,276,0,0,1439,50121,1635,8108,0,0,0,0,0
695,1070,696.2661942941264,99891,727,367,76,29,35422,17693,0.5317295852479202,585,296,25765,25450,9445,4526,13400,19330,48248,35667,0,0,6931,4868,18343,1965,5680,514,296,0,0,1526,50041,1629,8098,0,0,0,0,0
696,1070,697.1120437368079,99891,760,377,76,29,35546,17749,0.5335315493888338,588,308,25745,25457,9498,4560,13331,19267,48251,35672,0,0,6918,4857,18310,1973,5727,519,303,0,0,1587,49986,1627,8084,0,0,0,0,0
697,1070,698.2397642916411,99891,788,415,76,29,35714,17836,0.5360843319217947,622,306,25724,25504,9554,4579,13234,19165,48254,35677,0,0,6889,4845,18275,1978,5780,525,327,0,0,1673,49904,1624,8071,0,0,0,0,0
698,1070,699.0854974201708,99891,830,425,76,29,35864,17905,0.5382767216265729,622,316,25699,25515,9600,4615,13171,19098,48257,35682,0,0,6861,4833,18252,1993,5817,533,347,0,0,1748,49834,1620,8053,0,0,0,0,0
699,1070,700.2135228657397,99891,884,449,76,29,36047,18004,0.5410997987806709,690,331,25629,25539,9664,4660,13055,18990,48260,35687,0,0,6843,4820,18214,2006,5872,540,360,0,0,1850,49736,1611,8039,0,0,0,0,0
700,1070,701.0603750432033,99891,934,475,76,29,36192,18071,0.5432221121021914,715,354,25588,25551,9702,4681,12983,18908,48263,35692,0,0,6827,4801,18191,2022,5907,545,372,0,0,1910,49680,1607,8029,0,0,0,0,0
701,1070,702.1900778778803,99891,972,500,76,29,36386,18173,0.5461853420228049,749,355,25553,25571,9773,4729,12875,18814,48266,35697,0,0,6793,4789,18151,2038,5966,554,402,0,0,2014,49578,1595,8011,0,0,0,0,0
702,1070,703.0377905154404,99891,1027,505,76,29,36567,18245,0.5487181027319779,737,378,25505,25580,9851,4780,12802,18726,48269,35702,0,0,6771,4767,18111,2057,6021,560,419,0,0,2096,49500,1589,8000,0,0,0,0,0
703,1070,704.1694129101172,99891,1081,546,76,29,36800,18367,0.5522719764543352,788,385,25425,25595,9944,4829,12684,18614,48272,35707,0,0,6737,4750,18059,2070,6096,572,449,0,0,2199,49395,1581,7983,0,0,0,0,0
704,1070,705.0191178023304,99890,1103,571,76,30,36960,18456,0.5547702472719992,843,401,25378,25604,10006,4870,12592,18522,48275,35712,0,0,6712,4733,18034,2085,6140,581,469,0,0,2295,49301,1575,7965,0,0,0,0,0
705,1070,706.1532679298809,99890,1162,611,76,30,37206,18580,0.5584743217539293,864,416,25310,25610,10117,4927,12469,18404,48278,35716,0,0,6690,4713,17994,2099,6204,590,486,0,0,2438,49158,1570,7948,0,0,0,0,0
706,1070,707.0048433097836,99890,1181,603,76,30,37378,18651,0.5609069976974672,907,448,25253,25594,10203,4995,12378,18328,48281,35720,0,0,6664,4697,17954,2107,6269,594,507,0,0,2554,49043,1567,7934,0,0,0,0,0
707,1070,708.1421059971658,99889,1252,612,77,30,37658,18778,0.56498713572065,914,491,25179,25576,10320,5089,12256,18200,48284,35724,0,0,6628,4673,17896,2136,6342,607,538,0,0,2711,48888,1556,7914,0,0,0,0,0
708,1070,709.2815338751016,99889,1304,652,77,30,37918,18915,0.5689615473175225,982,512,25057,25584,10439,5158,12139,18062,48287,35728,0,0,6588,4643,17836,2163,6414,622,574,0,0,2842,48759,1550,7898,0,0,0,0,0
709,1070,710.1383715358575,99888,1362,685,78,30,38139,19022,0.5722509210315554,1008,528,24968,25570,10524,5204,12058,17981,48290,35732,0,0,6555,4622,17796,2184,6474,632,603,0,0,2940,48659,1543,7880,0,0,0,0,0
710,1070,711.2834648629331,99888,1459,728,78,30,38427,19179,0.5767059106198943,1094,551,24843,25557,10613,5291,11911,17841,48293,35736,0,0,6522,4602,17743,2212,6551,638,631,0,0,3088,48510,1528,7863,0,0,0,0,0
711,1070,712.1441118315063,99888,1501,760,78,30,38663,19298,0.5802598910780074,1171,553,24748,25572,10704,5353,11796,17730,48296,35740,0,0,6475,4585,17713,2227,6610,644,675,0,0,3228,48368,1521,7842,0,0,0,0,0
712,1070,713.0066399460787,99888,1559,788,78,30,38928,19429,0.5842243312510011,1196,543,24654,25558,10822,5429,11689,17650,48299,35744,0,0,6443,4558,17661,2253,6689,657,702,0,0,3364,48232,1509,7820,0,0,0,0,0
713,1070,714.1603877181117,99888,1664,787,78,30,39283,19558,0.5890697581291046,1231,622,24510,25542,10974,5517,11541,17500,48302,35748,0,0,6383,4536,17608,2276,6769,668,756,0,0,3550,48045,1501,7796,0,0,0,0,0
714,1070,715.028500612113,99888,1719,807,78,30,39557,19703,0.5932644561909338,1290,617,24374,25517,11105,5619,11432,17408,48305,35752,0,0,6353,4511,17556,2302,6840,686,780,0,0,3720,47871,1493,7776,0,0,0,0,0
715,1070,716.191014370653,99887,1824,847,78,31,39946,19879,0.5989267872696147,1346,676,24219,25443,11260,5722,11271,17279,48308,35756,0,0,6305,4482,17506,2330,6931,702,823,0,0,3919,47669,1475,7745,0,0,0,0,0
716,1070,717.0658756214666,99887,1887,902,78,31,40261,20039,0.6036821608417512,1351,681,24093,25399,11421,5796,11168,17189,48311,35760,0,0,6272,4457,17440,2355,7030,721,849,0,0,4066,47518,1465,7714,0,0,0,0,0
717,1070,718.2381032735117,99887,2009,944,78,31,40678,20242,0.6098891747674873,1430,733,23886,25337,11571,5915,11024,17038,48314,35764,0,0,6224,4425,17352,2390,7152,741,891,0,0,4263,47314,1456,7679,0,0,0,0,0
718,1070,719.1213674232362,99886,2059,984,79,31,40996,20399,0.6146507018000521,1469,760,23728,25289,11744,6001,10919,16933,48317,35768,0,0,6185,4402,17302,2405,7239,765,926,0,0,4439,47132,1447,7644,0,0,0,0,0
719,1070,720.0090702018728,99886,2154,1035,79,31,41352,20583,0.6200568648259015,1512,785,23558,25240,11890,6103,10805,16804,48319,35772,0,0,6150,4374,17243,2436,7310,795,959,0,0,4624,46938,1438,7619,0,0,0,0,0
720,1070,721.1996248750953,99886,2205,1091,79,31,41790,20830,0.6269146827383217,1603,808,23369,25190,12122,6243,10620,16635,48321,35776,0,0,6090,4338,17150,2481,7458,815,1011,0,0,4885,46665,1419,7574,0,0,0,0,0
721,1070,722.0967143938642,99886,2323,1139,79,31,42151,21018,0.6324109484812687,1625,861,23235,25118,12234,6338,10502,16511,48323,35780,0,0,6050,4312,17086,2504,7544,839,1047,0,0,5059,46486,1413,7546,0,0,0,0,0
722,1070,723.2980873476944,99886,2391,1201,79,31,42638,21291,0.6400196223695013,1730,878,22982,25058,12476,6485,10340,16345,48325,35784,0,0,5991,4277,16996,2540,7694,873,1097,0,0,5338,46191,1397,7492,0,0,0,0,0
723,1070,724.205491652303,99885,2461,1238,80,31,43023,21491,0.6458827651799569,1776,902,22818,25021,12650,6604,10213,16202,48327,35788,0,0,5938,4245,16914,2575,7794,899,1140,0,0,5555,45969,1385,7471,0,0,0,0,0
724,1070,725.1180302141674,99884,2560,1291,81,31,43459,21705,0.6523967802651075,1792,931,22623,24946,12842,6722,10100,16077,48329,35791,0,0,5897,4200,16840,2622,7904,927,1173,0,0,5769,45737,1374,7441,0,0,0,0,0
725,1070,726.0366128829068,99884,2672,1343,81,31,43895,21932,0.6590344799967963,1842,960,22419,24861,13015,6851,9969,15952,48331,35794,0,0,5841,4169,16743,2649,8045,952,1226,0,0,5966,45528,1360,7405,0,0,0,0,0
726,1070,727.2708010649391,99884,2737,1418,81,31,44483,22240,0.6680048856673741,1893,980,22147,24782,13347,7017,9793,15770,48333,35797,0,0,5757,4115,16632,2699,8218,988,1303,0,0,6300,45177,1344,7351,0,0,0,0,0
727,1070,728.2044503641315,99883,2756,1449,81,32,44908,22501,0.674879609142697,1985,970,21931,24709,13585,7204,9660,15634,48335,35800,0,0,5686,4078,16546,2734,8366,1019,1365,0,0,6576,44882,1329,7302,0,0,0,0,0
728,1070,729.1457732605529,99883,2851,1491,81,32,45375,22752,0.682068019582912,1989,1013,21737,24638,13802,7355,9538,15469,48337,35803,0,0,5631,4041,16460,2760,8514,1051,1411,0,0,6819,44618,1320,7258,0,0,0,0,0
729,1070,730.0939908770798,99883,2914,1542,81,32,45867,23016,0.6896368751439184,2058,1057,21539,24536,14045,7509,9361,15322,48339,35806,0,0,5567,3997,16352,2794,8696,1085,1469,0,0,7057,44348,1311,7207,0,0,0,0,0
730,1070,731.0484873020158,99883,3004,1583,81,32,46354,23260,0.6969554378622989,2105,1117,21329,24419,14248,7654,9231,15193,48341,35809,0,0,5514,3960,16255,2835,8845,1126,1514,0,0,7293,44094,1292,7155,0,0,0,0,0
731,1070,732.0101457119058,99883,3105,1646,81,32,46842,23539,0.7046344222740607,2169,1146,21109,24331,14434,7804,9100,15039,48343,35812,0,0,5457,3926,16148,2871,9014,1155,1563,0,0,7531,43826,1280,7112,0,0,0,0,0
732,1070,733.3042059604991,99882,3286,1728,81,33,47581,23913,0.715784625858513,2255,1201,20782,24185,14728,8009,8866,14842,48345,35815,0,0,5362,3872,16022,2928,9214,1202,1649,0,0,7877,43446,1262,7048,0,0,0,0,0
733,1070,734.2844985953626,99882,3391,1782,81,33,48139,24234,0.7245850103121684,2315,1228,20507,24056,14984,8216,8720,14683,48347,35818,0,0,5301,3824,15897,2974,9410,1244,1703,0,0,8158,43135,1247,6989,0,0,0,0,0
734,1070,735.2748989073501,99882,3500,1820,81,33,48726,24539,0.7335155483470496,2346,1316,20275,23904,15233,8397,8563,14528,48349,35821,0,0,5235,3774,15769,3024,9585,1285,1758,0,0,8478,42789,1232,6953,0,0,0,0,0
735,1070,736.274344475459,99881,3596,1913,82,33,49297,24874,0.7425936864869195,2388,1352,20030,23759,15485,8572,8417,14369,48351,35824,0,0,5173,3728,15672,3055,9775,1326,1809,0,0,8748,42477,1214,6904,0,0,0,0,0
736,1070,737.2834396339467,99881,3640,1999,82,33,49912,25240,0.7524153742954115,2447,1354,19761,23643,15813,8760,8255,14209,48353,35827,0,0,5105,3669,15543,3107,10001,1371,1863,0,0,9077,42098,1198,6849,0,0,0,0,0
737,1070,738.3040724939099,99881,3660,2069,82,33,50513,25608,0.7621169191337692,2514,1389,19485,23516,16149,8976,8108,14015,48355,35830,0,0,5024,3618,15411,3138,10247,1419,1934,0,0,9407,41714,1188,6781,0,0,0,0,0
738,1070,739.3369066432888,99881,3749,2113,82,33,51155,25958,0.7720487379982178,2575,1447,19200,23362,16447,9190,7945,13853,48357,35833,0,0,4947,3568,15268,3183,10487,1467,2002,0,0,9736,41347,1168,6708,0,0,0,0,0
739,1070,740.0329482374743,99881,3810,2150,82,33,51595,26222,0.7790971255794396,2636,1450,19014,23258,16627,9365,7829,13742,48359,35836,0,0,4890,3542,15181,3206,10619,1506,2044,0,0,10007,41058,1157,6671,0,0,0,0,0
740,1070,741.086502175882,99881,3846,2199,82,33,52275,26605,0.7897397903505171,2627,1499,18784,23096,17002,9607,7657,13564,48361,35839,0,0,4804,3478,15050,3254,10857,1566,2116,0,0,10397,40619,1139,6601,0,0,0,0,0
741,1070,742.1522152784744,99879,3995,2233,83,34,52994,27003,0.8009391363549896,2608,1516,18512,22948,17298,9868,7502,13399,48363,35842,0,0,4719,3420,14922,3309,11117,1614,2190,0,0,10726,40216,1117,6529,0,0,0,0,0
742,1070,743.2312972683117,99878,4115,2264,84,34,53720,27403,0.8122209095096017,2650,1543,18210,22819,17592,10146,7347,13192,48365,35845,0,0,4640,3376,14769,3347,11343,1696,2248,0,0,11107,39787,1100,6465,0,0,0,0,0
743,1070,744.3257313271578,99878,4185,2348,84,34,54444,27838,0.8238250665812291,2719,1552,17906,22662,17932,10385,7172,13017,48367,35848,0,0,4567,3321,14626,3393,11597,1756,2302,0,0,11516,39319,1084,6397,0,0,0,0,0
744,1070,745.0636552580619,99878,4258,2373,84,34,54942,28118,0.8316145697751256,2775,1586,17698,22531,18137,10560,7046,12914,48369,35851,0,0,4510,3288,14531,3421,11797,1797,2348,0,0,11748,39029,1076,6333,0,0,0,0,0
745,1070,746.1565681654337,99878,4335,2435,84,34,55725,28553,0.8438094475259817,2779,1599,17382,22352,18530,10837,6888,12741,48371,35854,0,0,4426,3223,14359,3471,12095,1876,2409,0,0,12114,38598,1057,6250,0,0,0,0,0
746,1070,747.2246905936664,99877,4387,2544,84,35,56437,28988,0.8553020214864283,2849,1624,17094,22192,18859,11045,6725,12558,48373,35857,0,0,4353,3166,14207,3524,12356,1954,2463,0,0,12431,38193,1042,6188,0,0,0,0,0
747,1070,748.2718465118156,99875,4471,2622,85,36,57172,29430,0.8671038798498123,2874,1618,16809,22063,19183,11274,6576,12385,48375,35860,0,0,4280,3109,14069,3570,12618,2036,2515,0,0,12776,37768,1027,6107,0,0,0,0,0
748,1070,749.299680084367,99875,4514,2649,85,36,57880,29810,0.8779974968710889,2989,1696,16499,21905,19487,11506,6424,12206,48377,35863,0,0,4220,3056,13919,3617,12897,2106,2549,0,0,13139,37328,1008,6036,0,0,0,0,0
749,1070,750.3087070363916,99874,4594,2721,85,37,58623,30254,0.8898912629913691,2951,1669,16253,21746,19831,11774,6284,12051,48379,35866,0,0,4137,2987,13754,3672,13156,2195,2615,0,0,13482,36915,996,5965,0,0,0,0,0
750,1070,751.2988632829258,99874,4600,2775,85,37,59307,30680,0.9010052666359614,2981,1678,16002,21590,20171,12038,6159,11880,48381,35869,0,0,4048,2931,13602,3739,13434,2264,2682,0,0,13848,36478,969,5879,0,0,0,0,0
751,1070,752.272043729884,99874,4633,2792,85,37,59994,31097,0.9120591945851774,2982,1706,15752,21454,20497,12301,6049,11708,48383,35872,0,0,3977,2876,13446,3799,13697,2352,2719,0,0,14196,36040,953,5819,0,0,0,0,0
752,1070,753.2290317139286,99874,4732,2809,85,37,60701,31496,0.9231331477661854,2984,1768,15503,21286,20769,12552,5925,11546,48385,35875,0,0,3917,2826,13300,3861,13957,2437,2749,0,0,14505,35638,936,5748,0,0,0,0,0
753,1070,754.1707858656686,99874,4745,2875,85,37,61382,31933,0.9343272523379458,3041,1779,15255,21134,21094,12780,5778,11393,48387,35877,0,0,3849,2784,13142,3898,14212,2541,2796,0,0,14833,35217,921,5681,0,0,0,0,0
754,1070,755.0972843481,99873,4831,2816,86,37,62088,32285,0.9449300611776956,3042,1825,15017,21003,21382,13073,5640,11244,48389,35879,0,0,3774,2730,13008,3967,14483,2605,2837,0,0,15191,34775,902,5601,0,0,0,0,0
755,1070,756.0101508070062,99872,4903,2825,87,37,62793,32678,0.955933595001602,2955,1836,14825,20860,21707,13334,5521,11106,48391,35881,0,0,3711,2680,12835,4021,14764,2692,2873,0,0,15498,34376,887,5535,0,0,0,0,0
756,1070,757.2067003946111,99870,4944,2913,88,38,63701,33242,0.9706918994693101,2941,1825,14541,20670,22091,13622,5393,10930,48393,35883,0,0,3610,2617,12644,4066,15109,2817,2942,0,0,15887,33851,870,5457,0,0,0,0,0
757,1070,758.0895095961042,99869,4889,2938,88,39,64293,33634,0.9805545264296228,2985,1858,14340,20501,22404,13849,5292,10813,48395,35885,0,0,3546,2572,12502,4073,15380,2919,2989,0,0,16177,33467,855,5389,0,0,0,0,0
758,1070,759.2479822719745,99869,5026,2958,88,39,65189,34186,0.9950535201113458,2980,1913,14082,20279,22685,14184,5137,10625,48397,35887,0,0,3465,2521,12339,4115,15699,3040,3045,0,0,16587,32925,831,5302,0,0,0,0,0
759,1070,760.1055171295491,99869,5012,2961,88,39,65802,34586,1.0051968078182418,3002,1902,13891,20152,22974,14449,5031,10495,48399,35889,0,0,3398,2475,12191,4154,15971,3142,3079,0,0,16857,32543,818,5241,0,0,0,0,0
760,1070,761.2325219051833,99867,5035,3027,88,41,66609,35131,1.0187549440756205,3060,1855,13610,20010,23304,14754,4901,10311,48401,35891,0,0,3317,2407,12014,4224,16302,3258,3122,0,0,17209,32056,802,5156,0,0,0,0,0
761,1070,762.0660941171918,99867,5106,3057,88,41,67286,35512,1.0293490342155067,2992,1832,13439,19882,23555,14989,4818,10197,48403,35893,0,0,3255,2359,11902,4266,16538,3366,3160,0,0,17446,31705,780,5090,0,0,0,0,0
762,1070,763.1629780157834,99867,5107,3083,88,41,68103,36040,1.0428169465388968,3011,1817,13204,19694,23922,15330,4666,10033,48405,35895,0,0,3164,2311,11739,4295,16874,3492,3218,0,0,17836,31181,753,5004,0,0,0,0,0
763,1070,764.2437932327879,99867,5091,3102,88,41,68852,36538,1.0553035537264561,3067,1835,12978,19488,24236,15644,4538,9888,48407,35897,0,0,3086,2254,11588,4360,17150,3651,3253,0,0,18135,30749,730,4911,0,0,0,0,0
764,1070,765.0444692777695,99867,5106,3118,88,41,69479,36939,1.0655972443349655,3058,1776,12804,19374,24481,15898,4461,9791,48408,35899,0,0,3027,2212,11463,4397,17403,3767,3285,0,0,18373,30382,716,4842,0,0,0,0,0
765,1070,766.0993937763621,99866,5155,3136,89,41,70298,37406,1.0784851701279714,2970,1831,12618,19195,24819,16155,4347,9640,48409,35901,0,0,2944,2163,11282,4431,17749,3894,3337,0,0,18637,29957,697,4775,0,0,0,0,0
766,1070,767.1409368554752,99866,5173,3149,89,41,71085,37889,1.09120221096269,2988,1832,12397,19030,25123,16444,4228,9502,48410,35903,0,0,2875,2104,11123,4474,18087,4041,3370,0,0,18883,29551,672,4686,0,0,0,0,0
767,1070,768.1689237282495,99866,5154,3206,89,41,71826,38385,1.1035888090040655,2986,1848,12189,18887,25446,16690,4134,9326,48411,35905,0,0,2817,2062,10958,4496,18417,4188,3395,0,0,19131,29139,658,4605,0,0,0,0,0
768,1070,769.1838704039452,99865,5165,3239,90,41,72581,38820,1.1155159465278126,2949,1887,12012,18728,25742,16902,4040,9201,48412,35907,0,0,2753,2015,10801,4532,18707,4323,3422,0,0,19390,28738,642,4542,0,0,0,0,0
769,1070,770.1860084951197,99865,5099,3250,90,41,73305,39291,1.1274821008361289,2948,1890,11835,18559,26094,17189,3932,9069,48413,35909,0,0,2686,1969,10662,4595,18952,4502,3441,0,0,19668,28300,621,4469,0,0,0,0,0
770,1070,771.1764416888504,99865,5092,3217,90,41,74025,39731,1.1390977820057078,2913,1885,11697,18437,26378,17476,3828,8942,48414,35911,0,0,2629,1919,10509,4626,19274,4656,3461,0,0,19883,27901,611,4396,0,0,0,0,0
771,1070,772.1568665177919,99862,5060,3156,92,42,74720,40159,1.1503775209789509,2884,1904,11528,18315,26678,17786,3756,8795,48415,35913,0,0,2575,1883,10363,4649,19518,4830,3475,0,0,20199,27433,597,4340,0,0,0,0,0
772,1070,773.1268256255833,99861,4987,3170,93,42,75399,40605,1.161654700033046,2857,1868,11373,18197,27024,18035,3664,8686,48416,35915,0,0,2521,1831,10214,4694,19816,4979,3484,0,0,20429,27033,584,4276,0,0,0,0,0
773,1070,774.0863514737009,99860,5033,3148,94,42,76112,41047,1.17323252553575,2779,1838,11243,18061,27272,18342,3577,8567,48417,35917,0,0,2465,1792,10050,4722,20099,5133,3505,0,0,20660,26653,567,4214,0,0,0,0,0
774,1070,775.0375213485372,99860,5000,3134,94,42,76761,41459,1.1838574003605047,2771,1862,11132,17942,27512,18561,3489,8457,48418,35919,0,0,2407,1761,9911,4732,20380,5282,3533,0,0,20867,26280,552,4155,0,0,0,0,0
775,1070,776.2154835800965,99859,4941,3119,95,42,77591,41991,1.197508486966623,2773,1813,10960,17818,27844,18879,3385,8327,48419,35921,0,0,2336,1706,9746,4787,20688,5480,3551,0,0,21175,25775,530,4085,0,0,0,0,0
776,1070,777.1489452769342,99859,4966,3141,95,42,78270,42409,1.2084939765068747,2686,1790,10837,17715,28099,19094,3315,8216,48420,35923,0,0,2283,1661,9635,4814,20944,5623,3566,0,0,21363,25425,515,4030,0,0,0,0,0
777,1070,778.0748444466487,99859,4947,3110,95,42,78887,42810,1.2186883505743098,2687,1754,10728,17623,28290,19362,3251,8107,48421,35925,0,0,2236,1627,9506,4822,21202,5773,3582,0,0,21568,25058,507,3978,0,0,0,0,0
778,1070,779.224389347299,99857,4913,3083,96,43,79621,43300,1.230970287511141,2725,1730,10558,17491,28539,19670,3167,7981,48422,35927,0,0,2178,1594,9358,4837,21511,5957,3597,0,0,21792,24627,491,3915,0,0,0,0,0
779,1070,780.13713779663,99857,4885,3066,96,43,80224,43686,1.2408744504641638,2712,1787,10470,17370,28735,19872,3100,7860,48423,35929,0,0,2145,1567,9234,4830,21770,6106,3592,0,0,21992,24278,483,3860,0,0,0,0,0
780,1070,781.0440726913484,99856,4881,3077,97,43,80850,44081,1.2511116007050151,2680,1777,10369,17266,28930,20080,3041,7755,48424,35931,0,0,2097,1536,9106,4844,22007,6265,3605,0,0,22146,23969,473,3808,0,0,0,0,0
781,1070,782.1697303295826,99856,4881,3040,97,43,81623,44567,1.263719756449287,2668,1756,10240,17115,29151,20387,2961,7657,48425,35933,0,0,2042,1491,8962,4855,22315,6473,3620,0,0,22316,23568,465,3749,0,0,0,0,0
782,1070,783.0647900888277,99855,4898,3083,98,43,82222,44955,1.2736167442792048,2607,1762,10175,17030,29308,20538,2912,7542,48426,35935,0,0,2008,1457,8848,4888,22526,6623,3613,0,0,22453,23289,453,3697,0,0,0,0,0
783,1070,784.1765611790303,99855,4838,3066,98,43,82925,45409,1.2852035451404538,2588,1759,10079,16957,29573,20763,2822,7410,48427,35937,0,0,1949,1420,8699,4913,22826,6809,3621,0,0,22625,22910,444,3639,0,0,0,0,0
784,1070,785.0597737576626,99855,4794,3105,98,43,83474,45830,1.2949176305643182,2566,1696,9985,16863,29784,20952,2771,7339,48428,35939,0,0,1910,1388,8591,4941,23039,6968,3615,0,0,22748,22624,437,3594,0,0,0,0,0
785,1070,786.1560974339045,99853,4705,3071,100,43,84152,46276,1.3062001141678268,2519,1669,9917,16786,30062,21190,2695,7239,48429,35941,0,0,1860,1355,8474,4954,23339,7162,3608,0,0,22895,22246,425,3535,0,0,0,0,0
786,1070,787.0282580084111,99853,4705,3076,100,43,84670,46647,1.3151032017065085,2537,1668,9853,16697,30157,21365,2646,7149,48430,35943,0,0,1832,1327,8384,4964,23587,7289,3599,0,0,22976,21976,419,3500,0,0,0,0,0
787,1070,788.1133858354646,99853,4669,3088,100,43,85346,47121,1.3266201315934423,2475,1632,9760,16624,30425,21567,2569,7044,48431,35945,0,0,1794,1299,8253,4983,23851,7494,3579,0,0,23114,21645,410,3431,0,0,0,0,0
788,1070,789.1914785008664,99853,4625,3029,100,43,86005,47549,1.337506134017005,2495,1591,9675,16563,30588,21822,2515,6950,48432,35947,0,0,1754,1267,8142,4990,24087,7720,3575,0,0,23246,21291,404,3377,0,0,0,0,0
789,1070,790.0503989613403,99853,4555,2996,100,43,86543,47899,1.346399206834046,2512,1534,9587,16499,30770,22051,2474,6875,48433,35949,0,0,1723,1246,8050,4996,24280,7918,3562,0,0,23324,21020,395,3339,0,0,0,0,0
790,1070,791.1188804072725,99853,4571,2969,100,43,87228,48333,1.3576056803501146,2469,1492,9523,16406,30920,22289,2415,6799,48434,35951,0,0,1691,1212,7917,5015,24536,8125,3549,0,0,23441,20704,380,3283,0,0,0,0,0
791,1070,792.1830563649585,99852,4530,2901,101,43,87856,48721,1.3677943356167128,2436,1461,9487,16328,31086,22537,2358,6728,48435,35953,0,0,1658,1193,7822,4996,24786,8337,3540,0,0,23526,20401,371,3222,0,0,0,0,0
792,1070,793.0315307788018,99852,4511,2872,101,43,88376,49051,1.3763069342627088,2416,1462,9441,16251,31209,22708,2320,6662,48436,35955,0,0,1620,1170,7726,5012,24980,8504,3537,0,0,23586,20170,362,3185,0,0,0,0,0
793,1070,794.0879177581859,99852,4515,2856,101,43,89048,49455,1.3870828826663462,2347,1435,9378,16180,31385,22900,2272,6584,48437,35957,0,0,1581,1152,7596,5019,25245,8708,3527,0,0,23639,19908,350,3127,0,0,0,0,0
794,1070,795.1397087330373,99852,4497,2788,101,43,89690,49831,1.3972779713976686,2302,1485,9337,16081,31536,23103,2225,6498,48438,35959,0,0,1547,1126,7499,5014,25478,8922,3517,0,0,23698,19617,342,3092,0,0,0,0,0
795,1070,796.1871741046741,99851,4421,2770,102,43,90327,50219,1.4075572603178736,2249,1474,9282,16014,31769,23279,2175,6418,48439,35961,0,0,1509,1098,7385,5018,25721,9150,3512,0,0,23727,19359,330,3042,0,0,0,0,0
796,1070,797.0211600753244,99851,4363,2782,102,43,90781,50530,1.4152186758269822,2201,1454,9237,15989,31952,23383,2143,6347,48440,35963,0,0,1480,1081,7333,5005,25857,9327,3513,0,0,23780,19145,324,3006,0,0,0,0,0
797,1070,798.0589959237998,99851,4330,2754,102,43,91400,50889,1.4250132697719602,2119,1482,9200,15917,32146,23547,2101,6255,48441,35965,0,0,1435,1053,7224,5015,26080,9536,3521,0,0,23821,18903,318,2945,0,0,0,0,0
798,1070,799.0918332679056,99851,4279,2772,102,43,91965,51287,1.4346576398834263,2082,1425,9157,15890,32313,23694,2065,6174,48442,35967,0,0,1403,1032,7132,5007,26272,9744,3518,0,0,23887,18642,312,2902,0,0,0,0,0
799,1070,800.1211905616952,99850,4230,2739,102,44,92507,51638,1.443615423134702,2055,1432,9130,15844,32453,23851,2028,6088,48443,35969,0,0,1382,1008,7037,4999,26442,9965,3503,0,0,23947,18400,307,2860,0,0,0,0,0
800,1070,801.1472214562724,99850,4087,2670,102,44,93037,51983,1.4523785678517778,2058,1430,9094,15783,32670,24061,1987,6010,48444,35971,0,0,1354,978,6937,5025,26643,10185,3482,0,0,24017,18116,297,2816,0,0,0,0,0
801,1070,802.16936577718,99849,3995,2653,103,44,93523,52357,1.4610061192400525,2075,1387,9081,15734,32790,24238,1954,5942,48445,35973,0,0,1317,959,6854,5020,26834,10389,3484,0,0,24039,17877,293,2783,0,0,0,0,0
802,1070,803.1885851131909,99849,3986,2621,103,44,94078,52708,1.4700798205289989,2023,1376,9047,15687,32930,24396,1909,5874,48446,35975,0,0,1294,941,6772,5015,26989,10603,3478,0,0,24096,17619,289,2753,0,0,0,0,0
803,1070,804.0020241532288,99849,3946,2598,103,44,94473,52987,1.4768300133201133,2031,1372,9051,15655,32987,24522,1880,5807,48447,35977,0,0,1276,921,6703,5015,27110,10763,3472,0,0,24164,17418,282,2725,0,0,0,0,0
804,1070,805.0169924870548,99848,3884,2575,103,45,94982,53316,1.4852375610928612,2037,1365,9016,15634,33107,24647,1851,5732,48448,35979,0,0,1252,909,6620,4996,27316,10953,3452,0,0,24180,17201,278,2691,0,0,0,0,0
805,1070,806.0291970522788,99848,3834,2551,103,45,95535,53652,1.4941410944635847,1942,1336,9026,15615,33272,24792,1821,5659,48449,35981,0,0,1228,893,6529,4986,27488,11171,3436,0,0,24191,16988,273,2665,0,0,0,0,0
806,1070,807.0392044902488,99847,3794,2486,104,45,96010,53972,1.5021182409085903,1912,1340,9029,15582,33380,24954,1779,5591,48450,35982,0,0,1208,878,6446,4998,27689,11353,3420,0,0,24174,16789,266,2626,0,0,0,0,0
807,1070,808.0470379891163,99846,3754,2494,105,45,96511,54311,1.5105462412114656,1873,1311,9017,15545,33495,25066,1754,5537,48451,35983,0,0,1169,860,6385,5012,27807,11562,3417,0,0,24187,16593,257,2597,0,0,0,0,0
808,1070,809.0527447476055,99846,3693,2453,105,45,96961,54632,1.518268132924704,1839,1285,9024,15545,33606,25197,1731,5473,48452,35984,0,0,1143,851,6300,4991,28004,11750,3418,0,0,24195,16385,253,2556,0,0,0,0,0
809,1070,810.0566270739338,99846,3625,2405,105,45,97380,54927,1.5254191454840453,1856,1272,9003,15521,33712,25340,1697,5415,48453,35985,0,0,1121,826,6232,4998,28127,11945,3417,0,0,24213,16189,249,2529,0,0,0,0,0
810,1070,811.0586100096264,99846,3581,2412,105,45,97853,55254,1.5334314844861086,1814,1256,8992,15486,33833,25445,1673,5354,48454,35986,0,0,1100,811,6176,4986,28250,12148,3408,0,0,24218,16005,245,2499,0,0,0,0,0
811,1070,812.058242216518,99846,3544,2400,105,45,98286,55587,1.5411032990805842,1853,1196,8980,15471,33872,25596,1644,5290,48455,35987,0,0,1087,797,6117,4986,28334,12366,3384,0,0,24233,15828,241,2473,0,0,0,0,0
812,1070,813.057236091441,99846,3532,2328,105,45,98755,55877,1.5487050057087914,1802,1193,8986,15468,33960,25739,1613,5225,48456,35988,0,0,1063,784,6057,4985,28455,12582,3381,0,0,24194,15661,237,2447,0,0,0,0,0
813,1070,814.0549370429286,99845,3485,2271,106,45,99208,56169,1.5561820822274526,1745,1190,9020,15449,34061,25872,1581,5171,48457,35989,0,0,1037,771,5988,4957,28612,12772,3384,0,0,24224,15463,231,2406,0,0,0,0,0
814,1070,815.0509829576964,99844,3381,2285,106,46,99633,56483,1.563599214775049,1679,1163,9050,15427,34222,25959,1560,5118,48458,35990,0,0,1012,759,5924,4953,28760,12967,3370,0,0,24193,15306,225,2375,0,0,0,0,0
815,1070,816.0452506923555,99844,3347,2249,106,46,100051,56771,1.5706702455831096,1630,1133,9074,15428,34299,26079,1542,5063,48459,35991,0,0,995,743,5856,4950,28908,13140,3354,0,0,24186,15134,224,2354,0,0,0,0,0
816,1070,817.0387879037592,99844,3266,2211,106,46,100434,57043,1.577230479548095,1615,1143,9114,15409,34373,26176,1524,5013,48460,35992,0,0,976,727,5802,4920,29057,13320,3351,0,0,24185,14964,219,2323,0,0,0,0,0
817,1070,818.0314532713212,99844,3185,2227,106,46,100831,57346,1.5842414166099115,1576,1077,9135,15394,34492,26290,1504,4964,48461,35993,0,0,960,718,5737,4899,29190,13504,3339,0,0,24176,14807,216,2298,0,0,0,0,0
818,1070,819.0223691695566,99844,3132,2183,106,46,101202,57611,1.5906113537117903,1571,1082,9146,15384,34558,26392,1485,4911,48462,35994,0,0,944,705,5685,4886,29311,13676,3333,0,0,24174,14642,213,2275,0,0,0,0,0
819,1070,820.0127298026057,99844,3096,2148,106,46,101578,57875,1.5970213533111655,1577,1047,9150,15387,34589,26508,1480,4862,48463,35995,0,0,927,691,5639,4877,29407,13858,3326,0,0,24158,14499,211,2251,0,0,0,0,0
820,1070,821.0029872722776,99843,3021,2110,106,47,101944,58153,1.603487475336278,1542,1002,9163,15388,34702,26636,1464,4815,48464,35996,0,0,905,679,5588,4863,29517,14048,3315,0,0,24162,14332,209,2225,0,0,0,0,0
821,1070,822.189892527398,99843,2959,2050,106,47,102392,58471,1.6111595204471019,1527,991,9178,15390,34794,26772,1434,4748,48465,35997,0,0,891,665,5532,4845,29686,14251,3290,0,0,24117,14157,208,2201,0,0,0,0,0
822,1070,823.1777378982508,99843,2921,2038,106,47,102744,58721,1.6171889867091334,1516,961,9191,15384,34854,26866,1410,4702,48466,35998,0,0,888,650,5487,4833,29776,14420,3268,0,0,24109,14026,205,2181,0,0,0,0,0
823,1070,824.1648358922041,99843,2901,1963,106,47,103110,58951,1.6231583586230383,1478,945,9215,15408,34907,26970,1391,4665,48467,35999,0,0,879,646,5444,4799,29871,14603,3258,0,0,24089,13885,201,2168,0,0,0,0,0
824,1070,825.151638177695,99843,2852,1909,106,47,103483,59164,1.6290275732900654,1421,980,9243,15408,35011,27042,1365,4612,48468,36000,0,0,862,632,5397,4809,29994,14762,3234,0,0,24063,13750,198,2142,0,0,0,0,0
825,1070,826.1366946577974,99843,2846,1903,106,47,103880,59415,1.6355177628877338,1346,942,9238,15431,35111,27111,1351,4564,48469,36001,0,0,854,617,5349,4796,30104,14937,3211,0,0,24019,13639,195,2122,0,0,0,0,0
826,1070,827.1203337705061,99843,2767,1865,106,47,104191,59654,1.6410264114660016,1347,908,9266,15482,35176,27185,1336,4511,48470,36002,0,0,842,610,5297,4798,30202,15114,3190,0,0,23967,13528,193,2102,0,0,0,0,0
827,1070,828.1038532191527,99842,2728,1816,107,47,104525,59852,1.64637126660123,1333,908,9318,15496,35193,27266,1319,4465,48471,36003,0,0,829,604,5251,4773,30330,15268,3184,0,0,23903,13430,186,2084,0,0,0,0,0
828,1070,829.0876694836262,99842,2675,1790,107,47,104866,60067,1.651940065303179,1329,894,9330,15514,35256,27327,1301,4426,48472,36004,0,0,818,596,5206,4766,30426,15425,3162,0,0,23889,13307,184,2063,0,0,0,0,0
829,1070,830.0708447557867,99841,2593,1777,108,47,105190,60287,1.6574052743862742,1290,877,9379,15542,35340,27379,1288,4376,48473,36005,0,0,808,582,5154,4767,30525,15596,3136,0,0,23840,13209,182,2042,0,0,0,0,0
830,1070,831.0535301598862,99840,2544,1714,109,47,105502,60493,1.6626101762820513,1276,864,9416,15558,35381,27479,1272,4336,48474,36006,0,0,794,577,5104,4763,30622,15750,3121,0,0,23816,13085,180,2028,0,0,0,0,0
831,1070,832.0363395238429,99840,2508,1696,109,47,105798,60715,1.6677984775641026,1250,848,9479,15546,35395,27561,1257,4300,48475,36007,0,0,785,566,5059,4754,30711,15898,3109,0,0,23785,12984,176,2013,0,0,0,0,0
832,1070,833.0194181126035,99840,2439,1693,109,47,106091,60939,1.6729767628205128,1222,795,9506,15567,35476,27624,1246,4272,48476,36008,0,0,776,552,5035,4742,30780,16057,3094,0,0,23756,12882,172,1994,0,0,0,0,0
833,1070,834.0020903573028,99840,2390,1632,109,47,106374,61128,1.677704326923077,1206,791,9559,15603,35503,27685,1231,4240,48477,36009,0,0,767,544,5009,4732,30826,16224,3081,0,0,23738,12772,169,1978,0,0,0,0,0
834,1070,835.181897682698,99839,2368,1580,110,47,106760,61366,1.683971193621731,1134,765,9630,15647,35540,27769,1216,4190,48478,36010,0,0,756,536,4969,4722,30889,16426,3063,0,0,23714,12645,168,1951,0,0,0,0,0
835,1070,836.1657171385158,99839,2324,1593,110,47,107045,61572,1.6888891114694657,1106,717,9678,15688,35579,27794,1201,4159,48479,36011,0,0,735,529,4934,4704,30922,16582,3066,0,0,23708,12561,166,1932,0,0,0,0,0
836,1070,837.1495263480622,99839,2301,1540,110,47,107335,61745,1.6935265777902422,1058,699,9722,15749,35615,27832,1192,4131,48480,36012,0,0,726,523,4898,4702,30962,16737,3052,0,0,23704,12454,164,1917,0,0,0,0,0
837,1070,838.1335610033024,99839,2197,1481,110,47,107598,61909,1.697803463576358,1045,689,9775,15808,35688,27874,1183,4099,48481,36013,0,0,715,516,4857,4687,31042,16902,3042,0,0,23656,12354,162,1906,0,0,0,0,0
838,1070,839.1176047510339,99839,2162,1473,110,47,107852,62085,1.702110397740362,1024,691,9819,15833,35708,27877,1175,4077,48482,36014,0,0,711,511,4814,4680,31105,17035,3023,0,0,23628,12280,159,1893,0,0,0,0,0
839,1070,840.1020803882005,99839,2103,1443,110,47,108092,62265,1.706317170644738,1026,668,9887,15854,35707,27933,1165,4053,48483,36015,1,1,704,506,4788,4669,31140,17192,3006,0,0,23599,12191,158,1886,0,0,0,0,0
840,1070,841.0871318212771,99839,2066,1423,110,47,108339,62440,1.7105439758010397,1012,674,9914,15911,35742,27930,1154,4013,48484,36016,2,2,697,502,4759,4660,31223,17314,2992,0,0,23556,12111,156,1867,1,0,0,0,1
841,1070,842.0720163560848,99838,2056,1401,111,47,108599,62593,1.7146978104529338,959,676,9981,15958,35750,27930,1141,3986,48485,36017,3,3,690,497,4733,4655,31262,17439,2977,0,0,23541,12035,155,1851,1,1,0,0,1
842,1070,843.0574855999613,99838,1995,1349,111,47,108851,62748,1.7187744145515735,923,697,10029,15994,35802,27953,1138,3958,48486,36018,4,4,680,492,4703,4627,31292,17604,2972,0,0,23529,11944,153,1839,1,1,0,0,1
843,1070,844.0433447945818,99837,1944,1331,111,48,109089,62920,1.7228983242685578,905,657,10088,16033,35825,28001,1125,3928,48487,36019,5,5,673,482,4674,4625,31317,17753,2959,0,0,23493,11875,151,1830,1,2,1,0,1
844,1070,845.029613084251,99837,1859,1297,111,48,109308,63073,1.7266243977683624,917,666,10140,16067,35854,28017,1117,3903,48488,36020,6,6,668,477,4650,4616,31336,17902,2944,0,0,23487,11785,148,1818,1,3,1,0,1
845,1070,846.0161565675817,99837,1815,1277,111,48,109532,63242,1.730560814127027,892,631,10195,16114,35881,28056,1104,3872,48489,36021,7,7,656,476,4630,4605,31347,18051,2941,0,0,23467,11700,148,1808,1,5,1,0,1
846,1070,847.0032830569777,99837,1759,1237,111,48,109736,63389,1.7340765447679718,906,628,10275,16145,35856,28102,1091,3838,48490,36022,8,8,655,472,4601,4597,31377,18182,2928,0,0,23462,11612,145,1796,1,6,1,0,2
847,1070,848.1894414852361,99837,1707,1213,111,48,109991,63568,1.7384236305177438,892,620,10357,16176,35856,28128,1075,3813,48491,36023,9,9,648,467,4561,4574,31461,18315,2918,0,0,23439,11521,141,1781,1,7,1,0,2
848,1070,849.1789304940709,99837,1660,1205,111,48,110215,63714,1.742129671364324,854,608,10424,16219,35884,28130,1065,3788,48492,36024,10,10,646,461,4532,4569,31499,18445,2902,0,0,23405,11457,138,1772,1,7,1,0,2
849,1070,850.1687964307354,99837,1676,1180,111,48,110444,63857,1.7458557448641285,818,594,10477,16247,35859,28164,1057,3765,48493,36025,11,11,640,453,4509,4569,31533,18551,2889,0,0,23395,11383,138,1765,1,8,1,0,2
850,1070,851.1600847277042,99837,1647,1153,111,48,110647,64001,1.7493314101986237,797,573,10548,16301,35844,28182,1051,3741,48494,36026,12,12,635,449,4489,4559,31548,18677,2887,0,0,23377,11308,138,1757,1,9,1,0,2
851,1070,852.1525246092855,99837,1647,1115,111,48,110873,64147,1.7530574836984285,726,540,10621,16375,35853,28198,1040,3722,48495,36027,14,14,628,440,4466,4545,31591,18795,2884,0,0,23356,11232,136,1749,1,11,1,0,2
852,1070,853.1460310120926,99837,1582,1113,111,48,111053,64278,1.756172561274878,722,520,10701,16438,35852,28180,1030,3699,48496,36028,16,16,621,439,4445,4542,31587,18923,2872,0,0,23343,11173,133,1740,1,14,2,0,2
853,1070,854.1408006294903,99837,1551,1075,111,48,111248,64406,1.7594078347706763,707,507,10776,16481,35829,28205,1024,3682,48497,36029,19,18,618,435,4425,4547,31613,19042,2855,0,0,23305,11110,131,1735,1,15,2,0,3
854,1070,855.1369074044561,99837,1512,1038,111,48,111409,64528,1.7622424552019793,729,500,10846,16544,35781,28206,1019,3662,48498,36030,23,21,615,427,4390,4534,31666,19143,2843,0,0,23287,11056,131,1721,3,15,3,0,3
855,1070,856.1348006310084,99837,1446,1002,111,48,111581,64646,1.765147189919569,736,492,10900,16596,35790,28214,1015,3646,48499,36031,28,25,613,424,4368,4535,31691,19262,2824,0,0,23257,10995,127,1713,3,18,3,0,4
856,1070,857.1336261707997,99837,1422,976,111,48,111763,64773,1.7682422348427937,741,477,10971,16635,35742,28227,1011,3635,48500,36032,34,30,605,422,4351,4523,31717,19367,2817,0,0,23244,10925,127,1704,3,24,3,0,5
857,1070,858.1342833468839,99837,1403,967,111,48,111954,64890,1.7713272634394062,713,453,11049,16708,35711,28203,1011,3619,48501,36033,42,36,601,417,4332,4511,31741,19476,2813,0,0,23204,10881,127,1693,5,25,4,0,7
858,1070,859.1365151059974,99836,1373,940,112,48,112136,64992,1.7741896710605394,678,463,11127,16756,35693,28182,1015,3609,48502,36034,51,43,597,413,4319,4500,31755,19584,2807,0,0,23192,10817,125,1677,7,30,4,0,9
859,1070,860.1399072726193,99836,1340,909,112,48,112319,65093,1.7770343363115508,656,464,11208,16795,35670,28178,1012,3604,48503,36035,63,51,592,409,4301,4489,31787,19696,2798,0,0,23146,10776,121,1663,7,37,4,0,10
860,1070,861.1451837041648,99836,1320,882,112,48,112468,65202,1.7796185744621178,655,447,11280,16858,35619,28163,1012,3600,48504,36036,77,61,587,407,4286,4477,31813,19798,2792,0,0,23092,10736,121,1656,8,46,6,0,11
861,1070,862.1525023340723,99835,1278,861,112,49,112619,65314,1.782270746732108,640,438,11366,16922,35588,28141,1014,3587,48505,36037,94,73,582,406,4257,4463,31861,19889,2781,0,0,23053,10690,120,1648,9,57,8,0,11
862,1070,863.1614147195335,99835,1299,868,112,49,112798,65440,1.7853257875494566,603,405,11431,16969,35531,28131,1022,3576,48506,36038,115,87,579,401,4235,4455,31893,19973,2777,0,0,23008,10649,120,1642,10,70,10,0,13
863,1070,864.1722332830799,99835,1254,841,112,49,112957,65542,1.7879401011669254,578,398,11512,17032,35510,28105,1032,3573,48507,36039,140,103,569,400,4215,4449,31914,20078,2774,0,0,22973,10586,119,1638,10,79,12,0,19
864,1070,865.1846157555559,99835,1197,817,112,49,113092,65637,1.7902439024390244,590,402,11578,17100,35477,28062,1044,3568,48508,36040,170,122,564,395,4195,4444,31933,20174,2769,0,0,22933,10533,118,1631,13,95,13,0,25
865,1070,866.1986914951203,99835,1196,818,112,49,113254,65754,1.7930385135473532,555,377,11653,17145,35426,28025,1056,3584,48509,36041,206,143,562,394,4182,4435,31928,20281,2760,0,0,22902,10479,118,1620,15,109,16,0,34
866,1070,867.011346843726,99835,1170,800,112,49,113367,65827,1.7949015876195722,559,386,11688,17175,35393,27980,1076,3608,48510,36042,248,168,559,393,4167,4426,31915,20377,2754,0,0,22873,10435,117,1614,17,128,18,0,42
867,1070,868.0287484702252,99835,1134,781,112,49,113499,65932,1.7972755045825612,544,379,11763,17196,35347,27961,1098,3632,48511,36043,297,196,551,390,4147,4408,31931,20486,2753,0,0,22822,10383,116,1606,19,148,19,0,56
868,1070,869.0483233152986,99835,1123,775,112,49,113642,66031,1.7996995041819002,522,364,11832,17254,35284,27892,1125,3664,48512,36044,354,228,547,388,4130,4399,31918,20606,2748,0,0,22767,10337,116,1600,19,176,19,0,65
869,1070,870.0703685820512,99835,1108,743,112,49,113784,66126,1.802073421144889,493,357,11915,17316,35216,27827,1154,3706,48513,36045,420,265,543,386,4109,4402,31895,20728,2740,0,0,22705,10287,113,1593,21,213,24,0,76
870,1070,871.095146253446,99835,1092,715,112,49,113921,66216,1.804347172835178,495,348,11980,17364,35138,27761,1181,3761,48514,36046,496,307,541,384,4086,4391,31882,20840,2734,0,0,22662,10222,113,1583,25,250,29,0,93
871,1070,872.1225052622816,99835,1052,683,112,49,114036,66289,1.8062302799619372,506,364,12061,17394,35050,27680,1217,3828,48515,36047,583,354,537,382,4070,4381,31841,20976,2728,0,0,22616,10161,113,1570,28,289,33,0,110
872,1070,873.1526949420718,99835,1031,685,112,49,114181,66376,1.8085541142885762,483,355,12107,17437,35005,27570,1260,3902,48516,36048,682,407,537,381,4052,4373,31802,21108,2715,0,0,22547,10105,113,1563,29,345,41,0,124
873,1070,874.1849432401392,99835,1013,693,112,49,114316,66479,1.810938047778835,467,335,12184,17464,34917,27465,1305,3992,48517,36049,794,466,533,380,4024,4362,31774,21242,2705,0,0,22474,10055,113,1553,33,394,49,0,144
874,1070,875.0131041608641,99835,992,700,112,49,114406,66545,1.8125006260329544,460,340,12269,17469,34806,27347,1359,4093,48518,36050,921,532,533,378,3997,4359,31726,21356,2698,0,0,22409,10006,113,1544,39,447,62,0,168
875,1070,876.0519908637258,99835,966,683,112,49,114521,66636,1.8145640306505735,476,317,12344,17505,34684,27253,1416,4191,48519,36051,1063,605,531,378,3978,4356,31666,21509,2690,0,0,22324,9935,113,1534,45,501,69,0,206
876,1070,877.0949672938942,99835,956,678,112,49,114643,66725,1.8166775179045425,455,315,12430,17509,34555,27123,1490,4324,48520,36052,1222,686,527,375,3957,4358,31604,21651,2684,0,0,22245,9867,112,1527,46,566,79,0,237
877,1070,878.1422356373768,99835,968,674,112,49,114771,66806,1.8187709721039715,432,317,12508,17503,34411,26983,1567,4472,48521,36053,1399,775,527,374,3938,4354,31553,21776,2672,0,0,22160,9790,111,1517,50,646,91,0,276
878,1070,879.1941404648277,99835,950,646,112,49,114883,66876,1.8205939800671107,434,322,12585,17514,34267,26833,1650,4634,48522,36054,1596,873,521,373,3914,4344,31475,21938,2670,0,0,22065,9716,111,1509,54,724,106,0,315
879,1070,880.0390583883084,99835,934,625,112,49,114973,66937,1.8221064756848802,416,307,12637,17516,34153,26694,1746,4807,48523,36055,1814,980,518,372,3886,4344,31402,22087,2662,0,0,21947,9637,111,1499,61,816,123,0,370
880,1070,881.0999039268631,99835,927,589,112,49,115092,67016,1.8240897480843392,407,300,12715,17483,33984,26572,1853,5005,48524,36056,2053,1097,517,368,3859,4338,31301,22271,2658,0,0,21844,9537,111,1485,70,910,138,0,428
881,1070,882.1662583912678,99835,881,585,112,49,115180,67096,1.8257725246656984,432,278,12763,17455,33835,26406,1975,5225,48525,36057,2315,1224,513,364,3826,4340,31194,22464,2650,0,0,21710,9447,110,1473,78,1020,155,0,491
882,1070,883.0231045915192,99835,840,572,112,49,115275,67153,1.8272950368107377,415,281,12791,17410,33736,26215,2104,5471,48526,36058,2601,1362,511,363,3802,4340,31038,22682,2637,0,0,21599,9355,108,1462,88,1122,173,0,555
883,1070,884.0986252667236,99835,819,562,112,49,115381,67230,1.829128061301147,423,269,12853,17341,33552,26032,2239,5745,48527,36059,2912,1511,503,360,3774,4329,30927,22870,2636,0,0,21447,9254,108,1453,95,1263,194,0,622
884,1070,885.1800349561597,99835,805,553,112,49,115487,67304,1.8309310362097462,417,260,12914,17302,33366,25815,2384,6019,48528,36060,3249,1672,503,359,3742,4322,30774,23101,2630,0,0,21286,9162,107,1438,103,1401,218,0,689
885,1070,886.0498047620517,99835,782,546,112,49,115572,67352,1.8322632343366554,406,261,12935,17235,33217,25573,2546,6334,48529,36061,3612,1845,503,358,3708,4316,30605,23335,2624,0,0,21119,9069,107,1428,110,1552,243,0,758
886,1070,887.1430136537235,99835,748,542,112,49,115671,67423,1.8339660439725547,394,243,12962,17172,33073,25318,2709,6674,48530,36062,4002,2030,502,357,3665,4310,30451,23570,2613,0,0,20932,8960,107,1410,124,1727,275,0,832
887,1070,888.021698429742,99835,727,521,112,49,115756,67473,1.835318275154004,379,262,13001,17052,32892,25073,2887,7041,48531,36063,4419,2228,501,354,3631,4301,30239,23840,2610,0,0,20759,8849,107,1391,140,1894,303,0,916
888,1070,889.1270828805939,99835,720,522,112,49,115858,67547,1.8370811839535233,368,234,13049,16971,32676,24783,3073,7439,48532,36064,4863,2439,498,353,3582,4295,30044,24116,2608,0,0,20546,8744,107,1373,156,2073,339,0,1001
889,1070,890.0170445561338,99835,722,515,112,49,115945,67601,1.8384935142985928,363,232,13072,16858,32457,24500,3272,7844,48533,36065,5334,2663,498,352,3541,4291,29822,24395,2601,0,0,20323,8637,105,1359,167,2282,373,0,1089
890,1070,891.1373757863299,99835,695,493,112,49,116033,67668,1.840046076025442,339,231,13106,16760,32251,24186,3495,8279,48534,36066,5832,2900,495,350,3494,4286,29619,24673,2599,0,0,20092,8517,104,1341,177,2499,411,0,1178
891,1070,892.0395376645007,99835,669,477,112,49,116115,67729,1.8414784394250514,331,215,13127,16622,32035,23894,3724,8741,48535,36067,6356,3151,491,348,3443,4287,29353,25004,2591,0,0,19863,8389,104,1328,186,2718,451,0,1279
892,1070,893.1760981741838,99835,644,462,112,49,116201,67797,1.8430209846246306,340,204,13142,16502,31796,23558,3964,9223,48536,36068,6905,3415,489,348,3384,4278,29124,25316,2588,0,0,19606,8265,104,1301,207,2950,497,0,1378
893,1070,894.0923936738166,99835,648,451,112,49,116271,67843,1.84418290178795,326,205,13164,16351,31531,23195,4217,9747,48537,36069,7478,3693,487,346,3334,4267,28884,25616,2586,0,0,19330,8158,104,1279,226,3200,541,0,1477
894,1070,895.0161436380084,99835,644,422,112,49,116352,67881,1.8453748685330795,314,214,13155,16249,31290,22805,4483,10259,48538,36070,8073,3984,485,343,3294,4260,28614,25937,2580,0,0,19078,8013,103,1267,236,3461,574,0,1590
895,1070,896.1806441565064,99835,644,426,112,49,116454,67957,1.8471578103871389,294,194,13158,16112,31026,22448,4764,10769,48539,36071,8689,4288,484,343,3252,4255,28329,26278,2573,0,0,18781,7867,103,1238,259,3752,609,0,1712
896,1070,897.1200340516655,99835,632,417,112,49,116538,68006,1.848490008514048,260,177,13174,15952,30769,22078,5051,11325,48540,36072,9324,4605,483,342,3205,4251,28020,26642,2572,0,0,18488,7730,102,1214,279,4029,647,0,1831
897,1070,898.067706719469,99835,604,404,112,49,116596,68048,1.8494916612410477,261,178,13145,15761,30521,21706,5355,11900,48541,36073,9976,4934,482,341,3149,4247,27736,26977,2567,0,0,18214,7570,101,1193,297,4291,698,0,1972
898,1070,899.0234513168897,99835,593,401,112,49,116667,68095,1.8506736114589073,260,174,13118,15600,30252,21301,5663,12473,48542,36074,10642,5275,479,341,3077,4246,27421,27334,2562,0,0,17926,7431,101,1168,318,4572,763,0,2096
899,1070,900.2300887573745,99835,582,376,112,49,116731,68132,1.8516852807131767,293,212,13205,15682,30178,21260,5628,12419,48542,36074,10642,5275,479,341,3071,4240,27427,27378,2557,0,0,17913,7414,101,1166,318,4573,763,0,2094
900,1070,900.2300887573745,99835,578,374,112,49,116745,68141,1.8519156608403866,298,217,13101,15439,29939,20895,5970,13024,48542,36074,11321,5627,479,341,3023,4239,27114,27709,2557,0,4,17622,7270,101,1141,343,4852,806,1,2233
901,1070,901.2041995983031,99835,566,371,112,49,116825,68186,1.853167726749136,299,231,13096,15238,29640,20502,6285,13607,48542,36074,12009,5990,475,339,2963,4239,26787,28088,2550,4,17,17307,7133,101,1115,368,5135,856,2,2356
902,1070,902.1882395977806,99835,551,377,112,49,116887,68244,1.8543697100215355,304,237,13096,15044,29306,20088,6629,14203,48542,36074,12705,6362,475,338,2910,4233,26426,28493,2546,4,34,16985,6992,99,1089,392,5435,902,3,2479
903,1070,903.1831406856736,99835,550,382,112,49,116966,68300,1.8557219412029848,300,227,13069,14877,28987,19659,6980,14804,48542,36074,13406,6744,474,337,2855,4226,26082,28889,2542,5,56,16653,6856,99,1073,406,5733,953,4,2592
904,1070,904.1891879597626,99835,567,373,112,49,117050,68350,1.8570641558571643,292,220,13036,14675,28661,19276,7330,15405,48542,36074,14109,7134,472,335,2810,4221,25748,29272,2538,7,72,16331,6702,99,1042,432,6027,993,8,2726
905,1070,905.2065864297336,99835,569,371,112,49,117139,68404,1.8584965192567737,282,213,13011,14481,28337,18878,7687,16006,48542,36074,14812,7531,472,334,2761,4220,25401,29677,2533,7,90,15980,6536,99,1019,452,6336,1036,13,2869
906,1070,906.2357393810729,99835,536,368,112,49,117200,68454,1.8596083537837431,287,209,12991,14314,28038,18465,8034,16593,48542,36074,15512,7935,470,331,2704,4220,25027,30103,2527,9,100,15658,6391,99,997,471,6627,1084,18,2999
907,1070,907.0154602225743,99835,524,364,112,49,117248,68493,1.8604797916562328,291,205,12957,14094,27713,18092,8401,17194,48542,36074,16208,8345,470,331,2653,4219,24667,30499,2523,9,100,15328,6261,98,983,485,6939,1123,25,3122
908,1070,908.0682033534434,99835,547,368,112,49,117335,68551,1.861932188110382,291,194,12910,13900,27360,17707,8778,17780,48542,36074,16897,8759,469,330,2591,4218,24324,30886,2518,10,116,14988,6126,98,955,509,7252,1179,29,3237
909,1070,909.1346384884807,99835,534,358,112,49,117401,68599,1.8630740722191617,297,209,12873,13755,27036,17297,9146,18330,48542,36074,17577,9177,467,328,2528,4220,23962,31291,2510,12,125,14676,5985,98,923,538,7540,1234,35,3363
910,1070,910.2136911138076,99835,513,362,112,49,117473,68652,1.864326138127911,289,209,12840,13583,26719,16915,9525,18880,48542,36074,18246,9598,464,328,2481,4215,23572,31721,2504,15,136,14348,5866,97,902,557,7847,1277,40,3465
911,1070,911.0317953370726,99835,518,372,112,49,117535,68700,1.8654279561276106,286,193,12800,13437,26382,16522,9900,19425,48542,36074,18902,10020,464,328,2428,4207,23245,32087,2503,15,146,14033,5734,97,884,573,8143,1321,45,3582
912,1070,912.1373111084271,99835,489,367,112,49,117609,68742,1.86658987329093,290,198,12769,13309,26072,16151,10266,19924,48542,36074,19545,10443,464,327,2360,4203,22903,32483,2499,15,150,13741,5597,95,859,595,8405,1379,55,3705
913,1070,913.2569160646427,99835,462,369,112,49,117678,68803,1.8678920218360295,295,178,12758,13193,25743,15784,10628,20425,48542,36074,20172,10866,463,327,2307,4199,22558,32879,2493,16,166,13434,5463,94,845,606,8677,1430,66,3812
914,1070,914.1064271778507,99835,475,349,112,49,117757,68833,1.868983823308459,279,192,12701,13007,25430,15474,11001,20927,48542,36074,20783,11288,460,327,2256,4198,22226,33252,2484,19,175,13145,5343,94,819,628,8942,1478,75,3914
915,1070,915.254572736151,99835,454,349,112,49,117845,68893,1.8704662693444183,281,194,12668,12870,25127,15160,11356,21376,48542,36074,21377,11708,457,326,2210,4196,21891,33662,2469,22,175,12859,5220,94,796,649,9183,1514,91,4021
916,1070,916.1252593168313,99835,450,352,112,49,117903,68932,1.871437872489608,287,187,12617,12764,24798,14824,11734,21822,48542,36074,21953,12125,457,325,2164,4196,21559,34026,2466,22,180,12558,5113,94,784,661,9463,1553,98,4116
917,1070,917.0074195637719,99835,455,350,112,49,117959,68974,1.8724194921620674,285,185,12550,12613,24491,14530,12105,22271,48542,36074,22510,12538,457,325,2110,4193,21245,34381,2464,22,184,12315,4988,94,766,677,9681,1598,109,4226
918,1070,918.20019085543,99835,466,347,112,49,118043,69026,1.8737817398707868,276,199,12554,12525,24149,14201,12441,22677,48542,36074,23048,12947,456,325,2054,4190,20949,34729,2458,23,192,12046,4877,94,747,692,9920,1645,118,4320
919,1070,919.1062166130554,99835,474,337,112,49,118107,69059,1.8747533430159764,260,207,12511,12370,23855,13923,12786,23112,48542,36074,23567,13351,455,323,2012,4190,20642,35075,2456,24,198,11756,4786,91,732,707,10186,1679,127,4396
920,1070,920.0233626675121,99835,468,325,112,49,118169,69101,1.8757950618520558,255,201,12497,12224,23559,13704,13107,23495,48542,36074,24067,13749,455,320,1961,4193,20337,35422,2451,24,204,11502,4696,91,713,722,10415,1722,135,4472
921,1070,921.2630871977032,99835,478,325,112,49,118255,69161,1.8772574748334752,239,191,12473,12154,23261,13459,13435,23820,48542,36074,24547,14140,454,320,1923,4191,20062,35748,2445,25,212,11249,4597,91,696,736,10636,1752,149,4549
922,1070,922.2039808204495,99835,470,326,112,49,118303,69207,1.8781990283968548,245,185,12446,12045,22966,13224,13759,24169,48542,36074,25008,14525,452,320,1892,4195,19748,36093,2438,27,218,11020,4513,91,682,749,10842,1779,158,4618
923,1070,923.1568678922883,99835,457,333,112,49,118362,69256,1.8792808133420142,253,188,12424,11943,22693,12984,14059,24501,48542,36074,25450,14902,452,320,1853,4190,19489,36395,2434,27,225,10815,4401,91,666,763,11021,1813,164,4716
924,1070,924.1213938554723,99835,469,332,112,49,118425,69295,1.880302499123554,262,187,12393,11870,22406,12757,14356,24803,48542,36074,25873,15271,451,318,1815,4189,19237,36681,2430,28,228,10601,4306,91,651,774,11215,1848,171,4801
925,1070,925.097956610707,99834,471,339,113,49,118484,69348,1.88144319570487,255,175,12375,11833,22133,12533,14651,25069,48542,36074,26278,15632,451,318,1782,4182,18959,36995,2427,28,232,10407,4225,91,645,779,11389,1875,182,4867
926,1070,926.0867282291208,99833,483,335,114,49,118558,69388,1.8826039485941521,250,174,12362,11779,21853,12320,14936,25341,48542,36074,26665,15985,449,316,1748,4181,18714,37276,2422,29,235,10226,4142,91,632,790,11546,1907,197,4932
927,1070,927.0879848849976,99833,476,337,114,49,118618,69431,1.8836356715715243,243,177,12358,11742,21595,12110,15212,25583,48542,36074,27034,16329,449,316,1719,4175,18497,37535,2419,29,242,10035,4059,91,621,800,11708,1933,205,5000
928,1070,928.1016015570742,99833,482,316,114,49,118684,69465,1.8846373443650897,229,187,12334,11703,21358,11927,15481,25816,48542,36074,27386,16664,447,316,1683,4173,18270,37803,2413,31,246,9850,3986,90,606,811,11870,1964,215,5059
929,1070,929.1267932745551,99833,456,321,114,49,118738,69518,1.8857091342542045,232,172,12333,11666,21136,11750,15727,26040,48542,36074,27722,16990,447,315,1656,4172,18057,38062,2408,30,249,9661,3910,89,591,821,12036,1982,226,5121
930,1070,930.1630827987324,99833,445,323,114,49,118786,69561,1.8866206564963488,243,165,12325,11661,20892,11567,15979,26233,48542,36074,28042,17307,447,314,1628,4171,17837,38318,2403,30,255,9499,3849,89,578,832,12179,2002,233,5169
931,1070,931.2111912340962,99833,440,315,114,49,118839,69607,1.8876123125619786,264,160,12328,11652,20640,11403,16212,26419,48542,36074,28347,17615,447,314,1599,4166,17658,38548,2398,30,256,9311,3790,88,570,839,12338,2022,241,5218
932,1070,932.2724419832638,99833,465,301,114,49,118927,69646,1.8888844370098063,240,173,12333,11622,20412,11263,16434,26590,48542,36074,28637,17914,445,313,1574,4156,17477,38777,2395,32,265,9158,3718,88,563,843,12465,2043,252,5269
933,1070,933.3455779866324,99833,478,313,114,49,119011,69698,1.8902467120090551,221,164,12332,11618,20209,11110,16644,26744,48542,36074,28913,18203,442,313,1545,4152,17289,39007,2390,35,265,9003,3678,88,555,846,12599,2065,264,5297
934,1070,934.067081288613,99833,471,312,114,49,119048,69728,1.8909178327807439,219,162,12298,11595,20025,10973,16871,26907,48542,36074,29175,18483,442,311,1513,4151,17115,39209,2387,35,274,8870,3611,88,550,851,12714,2093,270,5349
935,1070,935.1613267725762,99833,443,313,114,49,119105,69773,1.8919395390301803,234,158,12324,11584,19835,10860,17048,27034,48542,36074,29424,18754,439,310,1482,4155,16952,39421,2376,38,279,8727,3556,88,543,855,12828,2115,283,5386
936,1070,936.266342788176,99833,435,333,114,49,119169,69830,1.8931515631103943,237,161,12345,11573,19648,10738,17219,27144,48542,36074,29661,19016,438,309,1456,4156,16773,39641,2368,39,284,8601,3495,88,535,862,12929,2134,286,5439
937,1070,937.0091560203127,99833,445,343,114,49,119214,69866,1.8939629180731823,241,154,12318,11552,19459,10618,17421,27282,48542,36074,29886,19269,437,309,1432,4154,16622,39816,2366,40,281,8488,3440,88,529,867,13028,2154,296,5486
938,1070,938.1353610260509,99833,446,335,114,49,119280,69915,1.8951148417857822,234,153,12341,11602,19285,10504,17578,27355,48542,36074,30100,19514,436,307,1409,4153,16486,39997,2360,40,287,8365,3395,88,524,870,13125,2170,307,5514
939,1070,939.2720754490554,99833,454,315,114,49,119352,69951,1.8961966484028328,232,165,12371,11643,19094,10411,17733,27415,48542,36074,30303,19750,435,306,1381,4149,16326,40199,2357,41,292,8251,3351,88,516,875,13217,2190,320,5539
940,1070,940.03610088132,99833,449,310,114,49,119398,69982,1.896967936453878,219,159,12381,11658,18947,10308,17888,27514,48542,36074,30496,19978,435,304,1360,4152,16181,40373,2353,40,285,8138,3317,88,515,875,13312,2206,335,5564
941,1070,941.1933829716329,99833,453,307,114,49,119460,70030,1.8980697765267998,232,159,12414,11689,18766,10222,18019,27572,48542,36074,30679,20198,435,301,1341,4150,16058,40546,2347,40,285,8026,3271,88,509,878,13396,2217,349,5596
942,1070,942.3611479047314,99833,426,311,114,49,119519,70076,1.8991215329600433,253,152,12462,11730,18608,10144,18135,27612,48542,36074,30853,20410,433,300,1326,4145,15933,40724,2341,42,289,7936,3213,88,503,879,13459,2225,359,5638
943,1070,943.1457536589917,99833,430,301,114,49,119562,70103,1.8998227039155389,255,146,12457,11759,18467,10049,18275,27694,48542,36074,31018,20614,432,298,1311,4144,15809,40877,2337,43,291,7842,3173,88,498,883,13538,2234,367,5668
944,1070,944.3334898084318,99833,428,299,114,49,119628,70146,1.900914527260525,268,139,12502,11829,18318,9968,18368,27714,48542,36074,31174,20810,432,297,1297,4136,15679,41050,2334,43,296,7773,3131,88,488,889,13587,2242,376,5695
945,1070,945.1296961036428,99833,435,303,114,49,119682,70178,1.9017759658629911,254,135,12539,11845,18187,9895,18469,27771,48542,36074,31323,20999,432,296,1281,4141,15559,41196,2325,43,297,7703,3094,88,482,893,13640,2256,385,5722
946,1070,946.3238012374983,99833,453,293,114,49,119761,70215,1.902937906303527,232,145,12615,11919,18042,9830,18542,27762,48542,36074,31464,21181,431,295,1263,4135,15468,41327,2322,44,304,7612,3054,88,475,895,13708,2272,396,5744
947,1070,947.1172164828118,99833,457,283,114,49,119817,70240,1.9037492612663147,224,150,12638,11940,17904,9771,18661,27805,48542,36074,31598,21356,430,294,1246,4135,15356,41469,2315,45,300,7535,3029,88,472,896,13770,2285,407,5761
948,1070,948.2988314240401,99833,457,273,114,49,119890,70287,1.904951268618593,217,138,12680,12017,17785,9713,18745,27808,48542,36074,31725,21524,430,294,1235,4131,15265,41615,2309,45,298,7458,3002,87,467,899,13814,2289,421,5774
949,1070,949.0837089067238,99833,451,264,114,49,119932,70311,1.9056123726623462,224,137,12702,12027,17678,9670,18829,27851,48542,36074,31846,21686,430,294,1217,4124,15176,41734,2308,45,297,7392,2976,87,459,904,13866,2302,431,5791
950,1070,950.2547635953232,99833,431,258,114,49,119996,70345,1.90659401200004,230,136,12753,12114,17584,9601,18886,27840,48542,36074,31961,21841,430,293,1205,4118,15094,41863,2303,45,301,7315,2950,87,454,905,13916,2311,436,5807
951,1070,951.0336280911981,99833,460,255,114,49,120059,70373,1.9075055342421845,210,143,12755,12160,17486,9532,18973,27859,48542,36074,32070,21990,430,293,1197,4121,14998,41981,2298,45,301,7241,2934,86,451,905,13979,2314,448,5811
952,1070,952.1956170919736,99833,446,246,114,49,120130,70409,1.9085773241312993,208,145,12803,12237,17395,9487,19032,27834,48542,36074,32173,22133,430,292,1185,4114,14927,42104,2294,45,308,7165,2908,86,443,910,14026,2318,454,5824
953,1070,953.3543531163889,99833,422,243,114,49,120194,70450,1.9096290805645428,204,145,12881,12330,17289,9434,19088,27797,48542,36074,32271,22271,429,292,1172,4108,14859,42218,2287,46,311,7096,2886,85,440,909,14076,2322,464,5833
954,1070,954.1251597004283,99833,423,237,114,49,120244,70473,1.9103603017038455,186,144,12896,12366,17207,9389,19172,27813,48542,36074,32364,22403,429,292,1163,4105,14762,42341,2283,46,314,7046,2865,85,436,912,14111,2328,468,5847
955,1070,955.2760151450088,99833,412,235,114,49,120303,70504,1.911261807218054,197,145,12961,12455,17115,9343,19199,27771,48542,36074,32453,22530,428,289,1148,4102,14684,42458,2280,47,316,6997,2838,85,433,911,14140,2338,472,5867
956,1070,956.0422008737264,99833,401,235,114,49,120338,70535,1.9119229112618072,201,140,13013,12500,17018,9315,19251,27759,48542,36074,32537,22652,426,288,1141,4099,14625,42539,2280,49,318,6938,2810,85,428,916,14184,2342,478,5887
957,1070,957.187882831848,99833,387,237,114,49,120399,70578,1.912964650967115,198,134,13079,12589,16936,9270,19284,27719,48542,36074,32617,22769,425,286,1133,4094,14571,42639,2276,50,321,6881,2794,84,422,920,14215,2345,481,5896
958,1070,958.3319573225549,99833,375,249,114,49,120464,70628,1.914116574679715,192,110,13157,12686,16855,9239,19305,27665,48542,36074,32693,22882,422,286,1122,4089,14504,42740,2273,53,323,6839,2777,83,414,924,14244,2348,494,5898
959,1070,959.0940402296316,99833,368,238,114,49,120497,70645,1.9146174110764977,184,113,13219,12752,16771,9200,19342,27646,48542,36074,32766,22990,421,285,1115,4091,14440,42828,2267,54,322,6798,2770,83,409,927,14274,2350,499,5900
960,1070,960.23479051129,99833,360,214,114,49,120549,70662,1.9153085653040578,193,128,13290,12858,16689,9169,19352,27580,48542,36074,32835,23094,420,283,1104,4096,14359,42940,2262,55,325,6763,2743,83,408,926,14288,2357,504,5917
961,1070,961.3749775450126,99833,359,220,114,49,120613,70703,1.9163603217373013,174,106,13371,12965,16618,9134,19362,27524,48542,36074,32901,23194,419,283,1093,4097,14295,43039,2257,56,324,6725,2732,83,407,925,14303,2363,509,5923
962,1070,962.1349476547795,99833,355,203,114,49,120644,70717,1.9168110744944056,175,108,13409,13015,16549,9114,19396,27509,48542,36074,32964,23290,419,283,1086,4095,14240,43126,2254,56,325,6684,2714,83,405,926,14326,2364,511,5936
963,1070,963.2731377771383,99833,344,202,114,49,120689,70753,1.9176224294571935,185,99,13505,13117,16459,9075,19391,27456,48542,36074,33024,23382,418,280,1077,4096,14189,43208,2249,57,324,6653,2699,83,401,930,14342,2365,522,5940
964,1070,964.0320275631957,99833,338,199,114,49,120726,70771,1.9181733494936544,186,103,13569,13167,16388,9046,19403,27434,48542,36074,33081,23470,417,279,1067,4096,14145,43278,2244,58,322,6628,2685,83,400,931,14353,2370,527,5950
965,1070,965.1696639003392,99833,343,202,114,49,120794,70804,1.9191850390151552,173,102,13653,13287,16315,9003,19400,27355,48542,36074,33135,23555,416,278,1061,4093,14101,43359,2240,58,324,6591,2673,83,397,933,14372,2369,531,5954
966,1070,966.3076213085841,99833,342,201,114,49,120852,70829,1.9200164274338145,170,99,13720,13389,16253,8963,19399,27297,48542,36074,33187,23637,415,278,1050,4087,14052,43436,2238,59,329,6549,2661,83,395,934,14397,2378,534,5958
967,1070,967.066184345036,99833,337,192,114,49,120880,70849,1.9204972303747259,170,102,13750,13456,16198,8942,19429,27257,48542,36074,33236,23715,415,278,1046,4083,14022,43495,2237,59,327,6517,2650,83,392,934,14414,2377,545,5959
968,1070,968.2024689734935,99833,319,203,114,49,120924,70884,1.9212885518816423,174,96,13828,13564,16138,8904,19425,27182,48542,36074,33283,23790,414,276,1041,4082,13980,43566,2232,60,332,6486,2640,83,387,936,14431,2378,551,5958
969,1070,969.3391937294608,99833,309,188,114,49,120964,70912,1.9219696893812668,188,99,13909,13666,16067,8890,19411,27106,48542,36074,33328,23862,413,275,1038,4081,13934,43641,2230,61,338,6451,2620,83,383,937,14447,2378,560,5963
970,1070,970.0973485014715,99833,311,181,114,49,120998,70924,1.9224304588663068,172,106,13954,13736,16022,8856,19425,27070,48542,36074,33371,23932,413,275,1034,4078,13891,43700,2228,61,338,6429,2607,83,382,938,14460,2380,566,5970
971,1070,971.2343334421612,99833,294,173,114,49,121036,70949,1.923061512726253,179,105,14046,13840,15972,8839,19393,26992,48542,36074,33412,23999,412,274,1028,4073,13860,43762,2224,62,344,6400,2589,83,381,939,14472,2383,571,5976
972,1070,972.3731716649703,99833,299,177,114,49,121091,70984,1.9239630182404617,170,102,14149,13938,15899,8826,19367,26906,48542,36074,33451,24063,411,273,1022,4076,13820,43829,2218,63,347,6378,2577,82,378,940,14480,2384,576,5979
973,1070,973.1331589910463,99833,293,175,114,49,121125,71002,1.9244838880931154,167,96,14213,14010,15852,8804,19359,26864,48542,36074,33488,24125,410,273,1018,4074,13796,43873,2215,64,345,6348,2568,82,377,941,14499,2385,586,5979
974,1070,974.2740067994126,99833,296,182,114,49,121174,71033,1.9252852263279676,160,87,14299,14133,15794,8770,19335,26777,48542,36074,33524,24184,408,272,1018,4078,13767,43920,2207,66,346,6326,2557,82,375,942,14510,2384,591,5984
975,1070,975.0354367632336,99833,290,193,114,49,121195,71056,1.9257259623571363,166,78,14360,14218,15741,8728,19327,26732,48542,36074,33558,24241,408,272,1017,4074,13735,43968,2205,66,344,6310,2549,82,373,944,14519,2382,595,5990
976,1070,976.178049861837,99833,277,188,114,49,121231,71084,1.9263670329450182,185,77,14464,14317,15658,8717,19300,26650,48542,36074,33590,24296,407,271,1009,4068,13709,44022,2203,67,348,6286,2541,82,371,944,14533,2383,603,5986
977,1070,977.3222232722391,99833,280,185,114,49,121279,71114,1.927148337723999,188,80,14543,14423,15601,8695,19272,26566,48542,36074,33621,24349,407,271,1008,4064,13683,44081,2199,67,352,6258,2530,82,370,942,14540,2383,609,5987
978,1070,978.0857642812572,99833,275,184,114,49,121307,71132,1.927609107209039,188,84,14592,14481,15561,8673,19268,26527,48542,36074,33651,24400,407,271,1003,4059,13649,44131,2198,67,351,6249,2519,82,369,942,14542,2386,619,5989
979,1070,979.2318117275131,99833,280,176,114,49,121355,71158,1.9283503450762773,185,87,14695,14591,15487,8657,19237,26438,48542,36074,33679,24449,406,269,998,4057,13629,44176,2192,68,355,6233,2510,81,366,944,14549,2389,625,5986
980,1070,980.379976175859,99833,272,171,114,49,121401,71176,1.9289914156641592,180,89,14788,14711,15456,8626,19188,26352,48542,36074,33706,24496,404,265,994,4060,13589,44241,2186,70,357,6218,2505,81,365,942,14555,2387,629,5985
981,1070,981.1468944355125,99833,273,161,114,49,121437,71188,1.9294722186050706,172,90,14859,14773,15411,8614,19169,26311,48542,36074,33732,24541,404,265,992,4056,13560,44290,2184,70,359,6195,2502,80,364,943,14567,2387,636,5979
982,1070,982.2989763392028,99833,275,156,114,49,121486,71212,1.930203439744373,154,96,14950,14869,15378,8602,19127,26226,48542,36074,33757,24585,404,265,988,4054,13528,44346,2180,70,359,6177,2495,80,362,941,14573,2389,641,5981
983,1070,983.0685570535205,99833,290,161,114,49,121528,71231,1.9308144601484478,131,86,15035,14934,15325,8589,19103,26179,48542,36074,33781,24627,404,263,986,4053,13509,44376,2178,70,361,6162,2486,80,361,940,14585,2390,643,5986
984,1070,984.2249755079584,99833,279,151,114,49,121562,71252,1.9313653801849089,127,96,15146,15051,15281,8567,19051,26084,48542,36074,33804,24667,402,262,981,4053,13482,44431,2176,72,362,6142,2481,80,358,939,14588,2391,651,5982
985,1070,985.3846418675433,99833,270,149,114,49,121592,71274,1.9318862500375626,132,93,15241,15172,15238,8550,19003,25985,48542,36074,33826,24706,402,261,975,4051,13472,44462,2174,72,361,6127,2475,80,356,940,14593,2393,662,5977
986,1070,986.1595112541735,99833,263,153,114,49,121619,71293,1.9323470195226027,144,85,15293,15250,15205,8536,18979,25925,48542,36074,33847,24744,402,261,972,4042,13455,44503,2174,72,359,6113,2471,80,356,940,14596,2392,667,5978
987,1070,987.3238826369129,99833,264,153,114,49,121666,71318,1.9330682239339698,137,81,15395,15393,15164,8514,18924,25808,48542,36074,33867,24780,402,261,969,4039,13441,44542,2171,72,360,6096,2464,80,353,942,14599,2391,673,5978
988,1070,988.1018736483657,99833,259,158,114,49,121696,71338,1.9335690603307523,125,76,15450,15462,15136,8497,18914,25756,48542,36074,33886,24815,402,261,967,4034,13420,44583,2170,72,360,6087,2462,80,352,940,14598,2392,676,5977
989,1070,989.2703047161185,99833,264,151,114,49,121738,71363,1.934240181102441,123,64,15535,15599,15095,8472,18867,25663,48542,36074,33905,24849,402,260,965,4030,13413,44621,2167,72,362,6069,2456,80,352,934,14604,2391,685,5970
990,1070,990.0508701529936,99833,266,145,114,49,121766,71375,1.934640850219867,116,63,15587,15686,15065,8453,18850,25602,48542,36074,33923,24881,402,260,964,4030,13392,44659,2162,72,363,6059,2454,80,352,931,14606,2391,687,5969
991,1070,991.2235473982681,99833,269,136,114,49,121803,71393,1.9351917702563282,110,74,15693,15808,15016,8433,18796,25498,48542,36074,33940,24912,401,258,962,4026,13384,44695,2161,73,365,6041,2448,80,350,929,14610,2390,695,5965
992,1070,992.0069826737696,99833,255,125,114,49,121813,71403,1.935392104815041,123,75,15758,15885,14975,8425,18773,25439,48542,36074,33956,24942,400,258,960,4023,13371,44725,2161,73,365,6032,2443,80,350,928,14609,2390,703,5962
993,1070,993.1846764926062,99833,249,116,114,49,121848,71423,1.935943024851502,130,76,15869,15996,14929,8410,18707,25351,48542,36074,33972,24971,399,258,957,4018,13362,44758,2159,74,369,6018,2436,80,350,927,14611,2391,709,5957
994,1070,994.3662746376317,99833,259,132,114,49,121891,71457,1.9367143129025473,126,77,15973,16106,14866,8385,18660,25249,48542,36074,33987,24999,399,257,956,4015,13342,44792,2158,74,371,6008,2429,80,350,927,14612,2392,714,5957
995,1070,995.1555850241457,99833,256,128,114,49,121918,71472,1.9371350154758447,126,74,16023,16187,14840,8376,18639,25184,48542,36074,34002,25026,399,257,955,4011,13334,44818,2156,74,369,5993,2425,80,349,928,14619,2391,720,5955
996,1070,996.3414375038149,99833,259,127,114,49,121957,71490,1.9377059689681768,117,81,16123,16307,14789,8346,18596,25088,48542,36074,34016,25052,399,257,953,4007,13334,44849,2154,74,367,5974,2422,80,347,929,14619,2389,725,5954
997,1070,997.1334197207924,99833,251,126,114,49,121982,71507,1.9381266715414742,124,76,16210,16398,14745,8329,18554,25020,48542,36074,34029,25077,399,257,949,4005,13326,44877,2153,74,369,5965,2417,79,347,926,14619,2389,729,5953
998,1070,998.3243961500026,99833,249,125,114,49,122016,71526,1.9386575581220638,119,85,16322,16522,14694,8304,18500,24913,48542,36074,34042,25101,399,257,945,4003,13319,44905,2152,74,367,5952,2415,79,346,927,14622,2385,738,5948
999,1070,999.1204920030727,99833,248,125,114,49,122040,71540,1.9390381937836187,116,89,16383,16604,14669,8288,18468,24843,48542,36074,34054,25124,399,257,943,4000,13311,44927,2151,74,369,5940,2413,79,344,929,14626,2385,740,5946
1000,1070,1000.3174164230455,99833,248,131,114,49,122077,71564,1.9396492141876935,118,88,16500,16704,14623,8276,18395,24750,48542,36074,34066,25147,399,257,942,4000,13303,44960,2146,74,371,5925,2408,79,343,928,14625,2384,740,5949
1001,1070,1001.1179212913783,99833,241,141,114,49,122100,71583,1.940069916760991,115,89,16564,16768,14596,8261,18368,24690,48542,36074,34078,25169,399,256,940,3999,13293,44981,2144,74,370,5916,2407,79,343,928,14628,2385,743,5948
1002,1070,1002.321551925006,99833,245,137,114,49,122139,71609,1.9407210040768084,119,85,16695,16910,14547,8247,18278,24570,48542,36074,34089,25190,398,256,936,3994,13286,45015,2143,75,372,5907,2403,79,342,927,14624,2383,748,5945
1003,1070,1003.1271932341774,99833,240,137,114,49,122163,71623,1.9411016397383631,110,88,16768,16977,14530,8233,18236,24514,48542,36074,34100,25210,397,256,936,3994,13278,45036,2141,76,377,5894,2397,79,342,925,14630,2382,749,5944
1004,1070,1004.3390649669641,99833,233,142,114,49,122199,71647,1.9417026434145022,109,84,16883,17100,14490,8212,18169,24411,48542,36074,34110,25230,396,256,936,3989,13262,45073,2139,77,379,5883,2394,79,342,924,14630,2381,749,5944
1005,1070,1005.149547235544,99833,232,137,114,49,122219,71663,1.9420632456201856,115,78,16953,17194,14453,8204,18131,24336,48542,36074,34120,25249,395,256,936,3986,13255,45095,2138,78,380,5873,2391,79,342,924,14630,2380,751,5944
1006,1070,1006.3687098574082,99833,216,126,114,49,122257,71680,1.9426141656566467,117,81,17047,17322,14431,8183,18073,24237,48542,36074,34130,25267,394,255,933,3984,13239,45136,2137,79,378,5860,2389,79,342,922,14628,2380,759,5939
1007,1070,1007.1837763797814,99833,231,126,114,49,122288,71695,1.9430749351416867,113,79,17141,17394,14381,8170,18018,24180,48542,36074,34139,25285,393,255,933,3983,13227,45158,2135,80,379,5852,2384,79,342,922,14630,2379,764,5938
1008,1070,1008.0010486462677,99833,219,130,114,49,122307,71710,1.9434155038914989,116,85,17225,17466,14353,8144,17971,24124,48542,36074,34148,25302,392,255,932,3981,13218,45182,2133,81,381,5844,2381,78,342,922,14628,2380,764,5939
1009,1070,1009.2310837539059,99833,208,127,114,49,122334,71736,1.9439463904720884,126,72,17349,17583,14294,8141,17907,24026,48542,36074,34157,25319,391,254,930,3979,13207,45214,2130,82,385,5837,2373,78,342,921,14622,2381,771,5936
1010,1070,1010.0536409204287,99833,216,135,114,49,122367,71764,1.9445574108761632,114,55,17419,17664,14263,8135,17872,23960,48542,36074,34165,25335,391,254,929,3980,13197,45239,2129,82,385,5827,2372,78,341,921,14622,2379,776,5931
1011,1070,1011.2908994296914,99833,214,128,114,49,122408,71784,1.945168431280238,107,54,17540,17773,14210,8124,17813,23870,48542,36074,34173,25351,391,254,928,3976,13186,45278,2129,82,385,5813,2369,78,341,919,14617,2378,784,5925
1012,1070,1012.1179653833207,99833,194,127,114,49,122417,71799,1.9454088327506938,117,51,17614,17836,14180,8107,17779,23828,48542,36074,34181,25366,391,253,925,3972,13187,45298,2126,82,386,5803,2365,78,340,919,14616,2380,788,5924
1013,1070,1013.361934237725,99833,184,119,114,49,122452,71815,1.945919685875412,115,57,17724,17957,14139,8095,17722,23721,48542,36074,34188,25381,390,253,924,3972,13177,45328,2122,83,389,5798,2360,78,340,917,14610,2380,791,5921
1014,1070,1014.1935863092307,99833,201,119,114,49,122483,71823,1.9463103382649023,113,65,17791,18065,14101,8060,17678,23640,48542,36074,34195,25395,390,253,923,3969,13167,45344,2122,83,391,5791,2356,78,339,918,14615,2380,795,5919
1015,1070,1015.0228472728878,99833,198,115,114,49,122504,71831,1.9466008233750363,115,63,17847,18138,14075,8050,17649,23583,48542,36074,34202,25409,390,253,921,3968,13161,45364,2121,83,391,5784,2352,78,339,918,14613,2379,798,5920
1016,1070,1016.2616552039378,99833,189,115,114,49,122541,71849,1.947151743411497,108,61,17952,18259,14044,8037,17591,23477,48542,36074,34209,25422,389,251,918,3964,13159,45388,2119,84,393,5777,2346,78,339,916,14611,2379,803,5919
1017,1070,1017.0836872391455,99833,186,114,114,49,122559,71866,1.947502328889245,109,58,18017,18333,14012,8022,17560,23422,48542,36074,34216,25435,388,251,917,3963,13159,45400,2117,85,395,5769,2342,78,339,916,14613,2378,808,5915
1018,1070,1018.3112545876342,99833,200,114,114,49,122600,71885,1.9481033325653843,100,58,18116,18450,13975,8005,17493,23322,48542,36074,34222,25448,387,251,914,3959,13157,45418,2117,86,395,5760,2341,78,338,915,14615,2378,813,5911
1019,1070,1019.1256948804624,99833,200,110,114,49,122618,71896,1.9483938176755182,98,59,18180,18541,13950,7994,17456,23245,48542,36074,34228,25460,386,250,914,3958,13152,45436,2116,87,395,5755,2338,78,338,913,14614,2376,816,5911
1020,1070,1020.3417969824152,99833,191,114,114,49,122640,71917,1.9488245369767512,107,55,18303,18655,13904,7972,17379,23153,48542,36074,34234,25472,386,250,912,3956,13143,45456,2114,87,396,5753,2333,78,337,913,14612,2376,821,5910
1021,1070,1021.1482369368445,99833,188,118,114,49,122659,71927,1.9491150220868851,116,58,18363,18721,13886,7958,17331,23094,48542,36074,34240,25483,385,250,912,3952,13139,45473,2114,88,395,5748,2333,78,337,913,14611,2373,824,5908
1022,1070,1022.3522493796604,99833,187,117,114,49,122689,71944,1.9495858082998607,112,56,18458,18839,13865,7944,17262,22993,48542,36074,34246,25494,384,250,909,3951,13134,45495,2111,89,398,5744,2330,78,337,912,14607,2372,829,5903
1023,1070,1023.1513971302916,99832,194,120,114,50,122708,71957,1.9499258754707909,113,59,18520,18909,13825,7931,17232,22929,48542,36074,34251,25505,383,250,908,3950,13127,45506,2111,90,397,5740,2328,78,337,912,14610,2371,833,5901
1024,1070,1024.345220016785,99832,184,125,114,50,122733,71977,1.9503766327430083,110,53,18641,19036,13778,7908,17171,22826,48542,36074,34256,25515,383,250,907,3946,13123,45527,2110,90,397,5731,2327,78,336,912,14610,2370,838,5897
1025,1070,1025.136960455535,99832,180,120,114,50,122751,71986,1.9506470871063386,113,50,18726,19109,13750,7897,17115,22772,48542,36074,34261,25525,383,250,907,3951,13116,45538,2105,90,399,5727,2324,77,334,914,14611,2370,846,5890
1026,1070,1026.3180662930747,99832,183,118,114,50,122786,72001,1.9511479285199134,100,43,18843,19224,13724,7869,17034,22694,48542,36074,34266,25535,383,250,906,3949,13111,45563,2102,90,403,5724,2319,77,334,914,14602,2368,850,5887
1027,1070,1027.1014344546481,99832,194,100,114,50,122816,72004,1.951478483852873,93,49,18897,19302,13699,7861,17001,22636,48542,36074,34271,25545,383,250,906,3945,13108,45587,2102,90,403,5721,2319,77,332,913,14595,2364,852,5885
1028,1070,1028.2718454536853,99832,190,92,114,50,122839,72016,1.9518290728423753,94,47,19021,19423,13661,7844,16918,22542,48542,36074,34276,25554,383,250,902,3947,13099,45609,2100,90,404,5717,2317,77,331,913,14591,2364,856,5882
1029,1070,1029.0478334203972,99832,192,90,114,50,122852,72027,1.952069476720891,104,44,19091,19486,13626,7836,16871,22492,48542,36074,34280,25563,383,250,901,3946,13095,45623,2099,90,404,5713,2316,77,331,913,14588,2364,858,5881
1030,1070,1030.206620354313,99832,188,85,114,50,122889,72039,1.9525603013061945,88,46,19199,19598,13598,7817,16811,22402,48542,36074,34284,25572,383,249,901,3944,13086,45647,2098,90,406,5704,2314,77,331,912,14587,2364,861,5878
1031,1070,1031.3589321328889,99832,180,90,114,50,122911,72056,1.9529509576087827,84,38,19322,19706,13550,7792,16748,22322,48542,36074,34288,25580,383,249,900,3942,13078,45671,2096,90,407,5699,2312,77,331,911,14584,2363,864,5875
1032,1070,1032.1231586913773,99832,179,85,114,50,122928,72061,1.9531713278307556,76,40,19393,19767,13520,7781,16716,22275,48542,36074,34292,25588,383,249,900,3937,13068,45691,2096,90,408,5696,2311,77,331,909,14584,2363,866,5873
1033,1070,1033.2643706488568,99832,176,84,114,50,122946,72072,1.953461815850629,90,43,19491,19860,13491,7753,16636,22208,48542,36074,34296,25596,383,249,899,3936,13069,45704,2094,90,411,5688,2308,77,331,909,14583,2363,867,5871
1034,1070,1034.0219359740636,99832,177,87,114,50,122964,72082,1.953742287042231,84,42,19554,19930,13460,7738,16609,22151,48542,36074,34300,25604,383,248,899,3938,13066,45716,2092,90,411,5684,2307,77,331,909,14581,2361,869,5870
1035,1070,1035.1536493682158,99832,167,82,114,50,122984,72095,1.9540728423751903,95,47,19658,20029,13416,7714,16548,22076,48542,36074,34304,25612,383,248,899,3937,13063,45737,2089,90,411,5677,2307,77,331,907,14579,2358,873,5866
1036,1070,1036.2794844868995,99832,172,83,114,50,123009,72109,1.9544634986777787,85,48,19761,20147,13374,7684,16492,21986,48542,36074,34308,25619,383,248,898,3939,13059,45752,2087,90,411,5674,2304,77,331,907,14576,2355,878,5863
1037,1070,1037.0266744885,99832,164,79,114,50,123025,72116,1.9546938857280232,82,46,19831,20216,13361,7674,16446,21933,48542,36074,34312,25626,383,248,898,3938,13058,45763,2083,90,414,5670,2299,77,330,907,14578,2354,881,5861
1038,1070,1038.1426357948621,99832,167,85,114,50,123053,72131,1.9551246093436974,75,55,19961,20317,13310,7654,16371,21837,48542,36074,34315,25633,383,248,897,3934,13052,45785,2083,90,415,5665,2298,77,330,906,14577,2351,882,5859
1039,1070,1039.2515608183176,99832,160,86,114,50,123062,72149,1.9553950637070279,85,52,20057,20387,13268,7645,16314,21778,48542,36074,34318,25640,382,248,896,3930,13052,45796,2083,91,416,5661,2296,77,330,905,14577,2350,888,5854
1040,1070,1040.355132364055,99832,162,95,114,50,123090,72174,1.9559259556054172,76,42,20144,20484,13246,7627,16256,21700,48542,36074,34321,25647,382,248,894,3929,13046,45816,2082,91,417,5654,2294,77,330,905,14574,2350,895,5848
1041,1070,1041.0881567259953,99832,163,88,114,50,123102,72178,1.956086224857761,83,41,20188,20545,13220,7626,16230,21648,48542,36074,34324,25653,382,248,893,3926,13044,45826,2082,91,418,5652,2292,77,330,905,14572,2350,898,5846
1042,1070,1042.1844192879041,99832,159,72,114,50,123123,72184,1.9563566792210914,73,47,20283,20660,13190,7620,16179,21549,48542,36074,34327,25659,382,247,893,3924,13044,45845,2080,91,419,5646,2290,77,330,903,14569,2349,900,5843
1043,1070,1043.2756698437784,99832,147,70,114,50,123139,72193,1.9566070999278788,70,51,20395,20758,13158,7603,16114,21466,48542,36074,34330,25665,381,247,893,3920,13053,45855,2077,92,419,5639,2286,77,330,902,14568,2347,901,5845
1044,1070,1044.0001188335646,99832,146,74,114,50,123150,72204,1.9568274701498518,69,45,20449,20828,13131,7590,16089,21411,48542,36074,34333,25671,381,247,893,3918,13049,45863,2077,92,421,5635,2284,77,330,901,14571,2347,903,5843
1045,1070,1045.0826227830414,99832,143,76,114,50,123169,72215,1.9571279749979966,66,41,20574,20937,13085,7566,16016,21328,48542,36074,34336,25677,381,247,892,3916,13044,45879,2076,92,422,5631,2282,77,329,900,14569,2348,904,5843
1046,1070,1046.158914738859,99832,140,76,114,50,123187,72226,1.95741846301787,61,44,20665,21007,13049,7549,15969,21272,48542,36074,34339,25683,381,247,890,3918,13032,45898,2074,92,422,5628,2282,77,329,900,14567,2348,908,5839
1047,1070,1047.2305377583027,99832,139,72,114,50,123204,72237,1.957698934209472,55,41,20769,21109,13011,7533,15910,21193,48542,36074,34342,25688,381,246,888,3920,13025,45913,2072,92,422,5627,2282,77,329,899,14564,2348,914,5833
1048,1070,1048.2971286283175,99832,138,79,114,50,123218,72254,1.9580094558858883,55,33,20860,21189,12975,7515,15856,21132,48542,36074,34345,25693,381,246,886,3919,13026,45922,2070,92,422,5624,2280,77,329,899,14564,2347,918,5830
1049,1070,1049.005349342619,99832,138,82,114,50,123225,72259,1.9581296578251461,57,32,20921,21256,12944,7497,15824,21081,48542,36074,34348,25698,381,246,886,3918,13020,45932,2070,92,422,5622,2279,77,328,899,14564,2347,918,5831
1050,1070,1050.0638498097321,99832,131,73,114,50,123236,72263,1.9582799102492188,59,37,21022,21339,12906,7481,15766,21018,48542,36074,34350,25703,381,246,884,3917,13023,45941,2069,92,424,5616,2277,77,326,899,14564,2347,920,5829
1051,1070,1051.1175019911866,99832,130,67,114,50,123255,72272,1.9585603814408206,60,43,21093,21425,12886,7464,15715,20949,48542,36074,34352,25708,381,246,884,3915,13020,45957,2069,92,423,5613,2276,77,326,899,14559,2346,922,5827
1052,1070,1052.1675147301764,99832,126,62,114,50,123269,72278,1.9587607180062505,62,46,21179,21531,12858,7442,15659,20867,48542,36074,34354,25713,381,246,884,3910,13019,45971,2069,92,423,5610,2276,77,326,899,14555,2345,924,5825
1053,1070,1053.2133417397883,99832,117,65,114,50,123282,72293,1.9590411891978523,62,38,21285,21607,12820,7428,15600,20810,48542,36074,34356,25718,381,246,883,3909,13014,45984,2066,92,424,5607,2275,77,326,899,14556,2344,927,5822
1054,1070,1054.2542597174565,99832,115,73,114,50,123299,72307,1.9593517108742688,60,39,21369,21673,12794,7409,15546,20754,48542,36074,34358,25723,381,246,881,3908,13009,45998,2065,92,423,5606,2273,77,326,899,14552,2345,927,5824
1055,1070,1055.291070150502,99832,115,74,114,50,123316,72322,1.9596722493789567,56,36,21443,21761,12762,7399,15508,20678,48542,36074,34360,25727,381,246,880,3908,13014,46009,2065,92,422,5598,2273,77,326,899,14546,2345,930,5821
1056,1070,1056.3241105593002,99832,108,73,114,50,123327,72331,1.9598725859443866,53,35,21541,21849,12726,7387,15456,20604,48542,36074,34362,25731,381,246,880,3908,13007,46020,2064,92,424,5596,2271,77,326,898,14546,2345,933,5818
1057,1070,1057.010329512688,99832,104,70,114,50,123334,72337,1.960002804711916,57,35,21583,21915,12711,7375,15429,20553,48542,36074,34364,25735,381,246,880,3908,13005,46027,2063,92,424,5595,2271,77,325,897,14545,2345,935,5816
1058,1070,1058.0368218124195,99832,99,59,114,50,123346,72338,1.9601330234794454,58,43,21674,21994,12679,7362,15374,20490,48542,36074,34366,25739,381,246,880,3908,13001,46037,2060,92,426,5595,2269,77,324,897,14543,2345,936,5815
1059,1070,1059.0592615072494,99832,104,64,114,50,123364,72350,1.9604335283275904,58,41,21764,22099,12637,7339,15321,20405,48542,36074,34368,25743,380,246,880,3907,13002,46043,2059,93,426,5590,2269,77,323,896,14545,2345,937,5814
1060,1070,1060.0773548671816,99832,102,64,114,50,123378,72362,1.9606939658626492,52,39,21851,22205,12608,7315,15271,20325,48542,36074,34370,25747,379,246,880,3907,13000,46054,2058,94,427,5586,2268,77,323,896,14542,2344,939,5812
1061,1070,1061.091457970629,99832,101,67,114,50,123392,72375,1.9609644202259797,49,34,21956,22286,12569,7305,15209,20256,48542,36074,34372,25751,378,246,880,3906,13000,46062,2056,95,427,5584,2266,77,323,894,14541,2344,943,5810
1062,1070,1062.100926793429,99832,107,66,114,50,123405,72386,1.9612048241044955,57,33,22037,22375,12523,7289,15160,20185,48542,36074,34374,25755,378,246,879,3905,13000,46072,2055,95,428,5579,2265,77,323,894,14539,2344,943,5810
1063,1070,1063.1065816354585,99832,97,65,114,50,123417,72392,1.9613851270133824,61,31,22122,22459,12492,7278,15112,20115,48542,36074,34376,25759,378,246,877,3905,12995,46085,2053,95,428,5578,2264,77,322,895,14537,2343,944,5810
1064,1070,1064.1082783802328,99832,89,61,114,50,123431,72399,1.9615954804070839,67,29,22216,22537,12457,7269,15055,20052,48542,36074,34378,25763,378,245,876,3904,12987,46105,2053,95,428,5573,2264,77,322,894,14537,2340,945,5809
1065,1070,1065.106020646054,99832,93,58,114,50,123449,72406,1.9618459011138714,59,31,22282,22632,12433,7249,15017,19978,48542,36074,34380,25767,378,245,875,3901,12988,46117,2053,95,428,5569,2264,77,322,894,14533,2339,947,5807
1066,1070,1066.1005893648182,99832,94,61,114,50,123460,72419,1.9620863049923871,59,26,22352,22722,12403,7228,14976,19911,48542,36074,34382,25770,378,245,875,3901,12989,46124,2052,95,429,5566,2263,77,322,894,14530,2338,949,5805
1067,1070,1067.0920180689714,99832,92,58,114,50,123470,72429,1.962286641557817,59,28,22421,22805,12381,7221,14931,19836,48542,36074,34384,25773,378,245,875,3901,12986,46133,2050,95,431,5563,2261,77,322,894,14530,2337,953,5801
1068,1070,1068.0804260380612,99832,91,44,114,50,123480,72429,1.9623868098405322,58,34,22504,22885,12344,7207,14887,19778,48542,36074,34386,25776,377,244,874,3901,12984,46142,2050,96,431,5559,2261,77,322,894,14529,2337,956,5798
1069,1070,1069.0655339460313,99832,98,49,114,50,123495,72442,1.962667281032134,55,30,22579,22961,12312,7193,14840,19715,48542,36074,34388,25779,377,244,874,3901,12980,46149,2050,96,431,5556,2261,77,321,895,14530,2336,959,5795
1070,1070,1070.04710306145,99832,91,47,114,50,123507,72446,1.9628275502844779,53,35,22663,23053,12296,7174,14781,19639,48542,36074,34390,25782,377,244,874,3901,12974,46164,2049,96,432,5552,2260,77,320,896,14528,2334,959,5795
1071,1070,1071.0249572005496,99832,95,42,114,50,123524,72452,1.9630579373347223,51,32,22746,23125,12261,7170,14731,19579,48542,36074,34392,25785,377,244,874,3903,12976,46171,2046,96,432,5548,2259,77,320,895,14527,2333,961,5793
1072,1070,1072.3232264489213,99832,94,48,114,50,123539,72465,1.9633384085263241,52,32,22879,23240,12198,7138,14661,19490,48542,36074,34394,25788,377,243,873,3903,12975,46180,2045,96,434,5547,2256,77,320,895,14523,2333,961,5794
1073,1070,1073.29211363877,99832,88,51,114,50,123549,72472,1.9635086946069396,56,31,22964,23327,12173,7118,14603,19421,48542,36074,34396,25791,377,242,873,3903,12974,46187,2044,96,434,5545,2256,77,320,893,14523,2333,961,5794
1074,1070,1074.257209325624,99832,86,48,114,50,123563,72477,1.963699014344098,50,33,23049,23409,12143,7110,14556,19348,48542,36074,34397,25794,376,242,873,3902,12967,46201,2044,97,434,5543,2256,76,320,893,14522,2331,962,5793
1075,1070,1075.2188928684632,99832,86,50,114,50,123573,72487,1.963899350909528,53,35,23130,23483,12115,7097,14500,19283,48542,36074,34398,25797,376,242,873,3901,12963,46208,2044,97,435,5540,2255,76,320,893,14523,2331,966,5789
1076,1070,1076.1772293289207,99832,95,52,114,50,123588,72496,1.964139754788044,47,35,23201,23577,12082,7069,14459,19215,48542,36074,34399,25800,376,242,873,3902,12960,46213,2043,97,436,5539,2254,76,320,892,14523,2331,967,5788
1077,1070,1077.1324509549995,99832,96,57,114,50,123598,72508,1.9643601250100169,51,27,23275,23665,12050,7046,14412,19153,48542,36074,34400,25803,375,241,872,3901,12960,46220,2043,98,436,5539,2254,76,320,891,14520,2331,968,5787
1078,1070,1078.0847366869361,99832,90,52,114,50,123608,72512,1.9645003606058178,54,26,23353,23757,12015,7028,14372,19085,48542,36074,34401,25806,374,241,872,3899,12958,46231,2042,99,436,5536,2254,76,319,891,14519,2330,970,5785
1079,1070,1079.0339847969929,99832,90,50,114,50,123620,72518,1.9646806635147047,52,30,23427,23850,11984,7004,14331,19014,48542,36074,34402,25809,373,241,872,3896,12959,46237,2042,100,437,5534,2253,76,319,891,14517,2330,971,5784
1080,1070,1080.2946292854851,99832,98,50,114,50,123644,72525,1.964991185191121,39,31,23536,23939,11946,6986,14265,18942,48542,36074,34403,25812,373,241,871,3893,12958,46250,2042,100,437,5529,2253,76,319,890,14515,2330,971,5784
1081,1070,1081.2364661515353,99832,97,45,114,50,123658,72529,1.965171488100008,46,37,23608,24011,11919,6971,14214,18884,48542,36074,34404,25815,373,241,871,3892,12954,46257,2042,100,439,5528,2250,76,319,890,14515,2329,973,5783
1082,1070,1082.1752861779175,99832,88,49,114,50,123669,72542,1.965411891978524,42,30,23687,24079,11898,6964,14169,18826,48542,36074,34405,25817,373,240,871,3892,12948,46270,2042,100,440,5525,2249,76,319,890,14512,2329,976,5780
1083,1070,1083.1110581003754,99832,84,48,114,50,123677,72546,1.9655320939177818,44,33,23770,24167,11870,6943,14116,18757,48542,36074,34406,25819,372,240,870,3892,12945,46276,2042,101,442,5524,2247,76,318,891,14511,2329,976,5780
1084,1070,1084.0436865748638,99832,86,50,114,50,123687,72554,1.9657123968266688,39,29,23846,24241,11833,6927,14080,18701,48542,36074,34407,25821,371,240,870,3892,12944,46279,2042,102,443,5523,2246,76,318,891,14510,2329,977,5779
1085,1070,1085.282488883939,99832,80,49,114,50,123695,72565,1.9659027165638272,44,29,23955,24341,11786,6909,14019,18620,48542,36074,34408,25823,370,240,868,3892,12942,46291,2041,103,444,5521,2245,76,318,890,14508,2328,979,5776
1086,1070,1086.2078682264475,99832,83,44,114,50,123704,72569,1.9660329353313566,44,33,24036,24417,11749,6896,13972,18558,48542,36074,34409,25825,370,240,868,3892,12939,46300,2041,103,444,5519,2245,76,318,889,14505,2328,980,5775
1087,1070,1087.1301689320553,99832,81,49,114,50,123709,72577,1.9661631540988862,50,31,24104,24507,11712,6875,13937,18486,48542,36074,34410,25827,370,240,867,3891,12939,46306,2040,103,444,5519,2245,76,318,889,14502,2328,980,5775
1088,1070,1088.0497666891818,99832,84,55,114,50,123723,72586,1.9663935411491305,46,25,24172,24588,11678,6853,13904,18427,48542,36074,34411,25829,370,240,867,3889,12939,46311,2040,103,444,5517,2245,76,318,889,14502,2328,980,5774
1089,1070,1089.2718874707655,99832,81,50,114,50,123736,72593,1.9665938777145604,55,28,24259,24681,11633,6834,13856,18355,48542,36074,34412,25831,370,240,867,3886,12938,46321,2040,103,446,5514,2243,75,318,889,14501,2327,984,5770
1090,1070,1090.1856179383476,99832,81,50,114,50,123748,72598,1.9667641637951758,50,29,24326,24749,11612,6818,13815,18302,48542,36074,34413,25833,370,240,867,3886,12934,46330,2040,103,447,5513,2241,75,318,888,14499,2326,985,5770
1091,1070,1091.097030017596,99832,81,49,114,50,123760,72600,1.966904399390977,49,31,24390,24826,11591,6801,13773,18241,48542,36074,34414,25835,370,240,867,3887,12933,46335,2038,103,447,5512,2241,75,318,888,14498,2325,986,5769
1092,1070,1092.0059126297433,99832,85,49,114,50,123771,72606,1.9670746854715924,48,27,24455,24898,11571,6789,13725,18185,48542,36074,34415,25837,370,240,867,3884,12936,46340,2038,103,448,5509,2240,75,318,888,14498,2323,986,5769
1093,1070,1093.2137720573635,99832,93,55,114,50,123789,72619,1.9673852071480087,43,28,24548,24953,11521,6775,13679,18137,48542,36074,34416,25839,370,240,867,3885,12934,46347,2036,103,449,5507,2239,75,318,888,14496,2323,986,5769
1094,1070,1094.116634128105,99832,89,57,114,50,123796,72628,1.9675454764003526,50,24,24611,25010,11497,6767,13637,18090,48542,36074,34417,25841,369,239,867,3887,12932,46355,2035,104,449,5504,2239,75,318,888,14494,2323,985,5769
