,indexID,time,N,Inf_L,Inf_H,Dead_L,Dead_H,cum_cases_L,cum_cases_H,cum_sum_per_N,Exposed_L,Exposed_H,Sus_L,Sus_H,Rec_nat_L,Rec_nat_H,Rec_vax_L,Rec_vax_H,vaccinatedH,vaccinatedL,boostedH,boostedL,count_Naive,count_Delta,count_Delta_vaccine,count_two,count_three,count_four,count_Omicron,count_Omicron_star,count_Omicron_star_vaccine,count_Omicron_vaccine,count_Vaccine,count_WT,count_WT_vaccine,count_WT_vaccine_boost,count_Omicron_vaccine_boost,count_Delta_vaccine_boost,count_Omicron_star_vaccine_boost,count_Vaccine_boost
0,3938,1.0062241385951114,99996,11,6,0,0,11,6,0.00017000680027201088,14,20,49973,49972,0,0,0,0,0,0,0,0,99996,0,0,0,0,0,0,0,0,0,0,0,0,0,0,0,0,0
1,3938,2.0552331752259083,99996,12,12,0,0,14,12,0.00026001040041601667,13,14,49971,49972,2,0,0,0,0,0,0,0,99994,0,0,0,0,0,0,0,0,0,0,2,0,0,0,0,0,0
2,3938,3.063743150085283,99996,13,13,0,0,15,13,0.0002800112004480179,15,14,49968,49971,2,0,0,0,0,0,0,0,99994,0,0,0,0,0,0,0,0,0,0,2,0,0,0,0,0,0
3,3938,4.226664463760866,99996,16,16,0,0,19,18,0.00037001480059202366,20,10,49959,49970,3,2,0,0,0,0,0,0,99991,0,0,0,0,0,0,0,0,0,0,5,0,0,0,0,0,0
4,3938,5.019302189479284,99996,18,17,0,0,23,20,0.00043001720068802754,16,11,49959,49967,5,3,0,0,0,0,0,0,99988,0,0,0,0,0,0,0,0,0,0,8,0,0,0,0,0,0
5,3938,6.068238136722633,99996,20,18,0,0,26,23,0.0004900196007840313,16,9,49956,49966,6,5,0,0,0,0,0,0,99985,0,0,0,0,0,0,0,0,0,0,11,0,0,0,0,0,0
6,3938,7.001704769147489,99996,24,19,0,0,30,25,0.0005500220008800352,17,7,49951,49966,6,6,0,0,0,0,0,0,99984,0,0,0,0,0,0,0,0,0,0,12,0,0,0,0,0,0
7,3938,8.021350542831518,99996,22,17,0,0,33,27,0.0006000240009600384,19,10,49946,49961,11,10,0,0,0,0,0,0,99975,0,0,0,0,0,0,0,0,0,0,21,0,0,0,0,0,0
8,3938,9.024313036849774,99996,22,19,0,0,37,29,0.0006600264010560422,22,12,49939,49957,15,10,0,0,0,0,0,0,99971,0,0,0,0,0,0,0,0,0,0,25,0,0,0,0,0,0
9,3938,10.015808137765843,99996,25,18,0,0,43,31,0.0007400296011840473,22,10,49933,49957,18,13,0,0,0,0,0,0,99965,0,0,0,0,0,0,0,0,0,0,31,0,0,0,0,0,0
10,3938,11.034112175437295,99996,26,16,0,0,47,32,0.0007900316012640506,21,10,49930,49956,21,16,0,0,0,0,0,0,99959,0,0,0,0,0,0,0,0,0,0,37,0,0,0,0,0,0
11,3938,12.325291234786581,99996,24,14,0,0,50,36,0.0008600344013760551,23,8,49925,49954,26,22,0,0,0,0,0,0,99948,0,0,0,0,0,0,0,0,0,0,48,0,0,0,0,0,0
12,3938,13.00997256208892,99996,25,12,0,0,51,38,0.000890035601424057,24,6,49923,49954,26,26,0,0,0,0,0,0,99944,0,0,0,0,0,0,0,0,0,0,52,0,0,0,0,0,0
13,3938,14.18402481612282,99996,30,13,0,0,58,42,0.001000040001600064,18,7,49923,49949,27,29,0,0,0,0,0,0,99939,0,0,0,0,0,0,0,0,0,0,57,0,0,0,0,0,0
14,3938,15.08850168905642,99995,31,12,1,0,62,45,0.0010700535026751338,20,8,49917,49945,29,33,0,0,0,0,0,0,99932,0,0,0,0,0,0,0,0,0,0,63,0,0,0,0,0,0
15,3938,16.107173777424542,99995,25,12,1,0,64,46,0.0011000550027501375,24,8,49912,49944,36,34,0,0,0,0,0,0,99923,0,0,0,0,0,0,0,0,0,0,72,0,0,0,0,0,0
16,3938,17.112116150250767,99995,20,12,1,0,67,49,0.001160058002900145,26,5,49907,49944,44,37,0,0,0,0,0,0,99912,0,0,0,0,0,0,0,0,0,0,83,0,0,0,0,0,0
17,3938,18.151370979994585,99995,22,13,1,0,73,51,0.001240062003100155,25,8,49902,49939,48,38,0,0,0,0,0,0,99907,0,0,0,0,0,0,0,0,0,0,88,0,0,0,0,0,0
18,3938,19.224784684771084,99995,30,14,1,0,82,54,0.00136006800340017,22,7,49896,49937,49,40,0,0,0,0,0,0,99904,0,0,0,0,0,0,0,0,0,0,91,0,0,0,0,0,0
19,3938,20.24840154141912,99995,30,15,1,0,86,56,0.0014200710035501775,24,9,49891,49933,52,41,0,0,0,0,0,0,99899,0,0,0,0,0,0,0,0,0,0,96,0,0,0,0,0,0
20,3938,21.146515678323517,99995,36,16,1,0,94,58,0.00152007600380019,20,9,49887,49931,54,42,0,0,0,0,0,0,99896,0,0,0,0,0,0,0,0,0,0,99,0,0,0,0,0,0
21,3938,22.099746487196793,99995,32,19,1,0,97,61,0.0015800790039501974,18,9,49886,49928,61,42,0,0,0,0,0,0,99889,0,0,0,0,0,0,0,0,0,0,106,0,0,0,0,0,0
22,3938,23.016507635572708,99995,29,17,1,0,100,63,0.0016300815040752037,19,7,49882,49928,67,46,0,0,0,0,0,0,99879,0,0,0,0,0,0,0,0,0,0,116,0,0,0,0,0,0
23,3938,24.164116138461424,99995,28,19,1,0,106,66,0.001720086004300215,17,7,49878,49925,74,47,0,0,0,0,0,0,99871,0,0,0,0,0,0,0,0,0,0,124,0,0,0,0,0,0
24,3938,25.181776111373335,99995,26,18,1,0,108,67,0.0017500875043752187,17,8,49876,49923,78,49,0,0,0,0,0,0,99865,0,0,0,0,0,0,0,0,0,0,130,0,0,0,0,0,0
25,3938,26.228236181219152,99995,29,14,1,0,115,67,0.0018200910045502274,13,11,49873,49920,82,53,0,0,0,0,0,0,99857,0,0,0,0,0,0,0,0,0,0,138,0,0,0,0,0,0
26,3938,27.073447370818016,99995,27,16,1,0,119,69,0.0018800940047002351,16,9,49866,49920,88,53,0,0,0,0,0,0,99851,0,0,0,0,0,0,0,0,0,0,144,0,0,0,0,0,0
27,3938,28.018354174843658,99995,30,16,1,0,125,72,0.001970098504925246,14,7,49862,49919,91,56,0,0,0,0,0,0,99845,0,0,0,0,0,0,0,0,0,0,150,0,0,0,0,0,0
28,3938,29.26003502184432,99995,29,17,1,0,129,76,0.002050102505125256,13,5,49860,49919,95,57,0,0,0,0,0,0,99837,0,0,0,0,0,0,0,0,0,0,158,0,0,0,0,0,0
29,3938,30.193380255651224,99995,25,16,1,0,131,76,0.0020701035051752586,15,6,49856,49918,101,58,0,0,0,0,0,0,99830,0,0,0,0,0,0,0,0,0,0,165,0,0,0,0,0,0
30,3938,31.011956245670714,99995,27,14,1,0,135,78,0.002130106505325266,13,4,49854,49918,103,62,0,0,0,0,0,0,99824,0,0,0,0,0,0,0,0,0,0,171,0,0,0,0,0,0
31,3938,32.10732225666581,99995,22,14,1,0,136,79,0.0021501075053752686,16,6,49850,49916,109,62,0,0,0,0,0,0,99818,0,0,1,0,0,0,0,0,0,0,176,0,0,0,0,0,0
32,3938,33.01373866135663,99995,26,12,1,0,142,80,0.0022201110055502776,13,7,49847,49915,111,64,0,0,0,0,0,0,99813,0,0,1,0,0,0,0,0,0,0,181,0,0,0,0,0,0
33,3938,34.12597411481615,99995,24,12,1,0,145,81,0.0022601130056502826,15,6,49843,49916,115,64,0,0,0,0,0,0,99807,0,0,1,0,0,0,0,0,0,0,187,0,0,0,0,0,0
34,3938,35.1198114108941,99995,29,15,1,0,152,84,0.002360118005900295,10,6,49841,49913,117,64,0,0,0,0,0,0,99805,0,0,1,0,0,0,0,0,0,0,189,0,0,0,0,0,0
35,3938,36.267917631411606,99995,30,17,1,0,154,88,0.0024201210060503025,10,4,49839,49911,118,66,0,0,0,0,0,0,99802,0,0,1,0,0,0,0,0,0,0,192,0,0,0,0,0,0
36,3938,37.059883271498826,99995,31,16,1,0,155,88,0.0024301215060753036,16,4,49832,49912,118,66,0,0,0,0,0,0,99801,0,0,1,0,0,0,0,0,0,0,193,0,0,0,0,0,0
37,3938,38.22140911230293,99995,28,14,1,0,157,89,0.0024601230061503075,18,4,49829,49912,122,68,0,0,0,0,0,0,99793,0,0,1,0,0,0,0,0,0,0,201,0,0,0,0,0,0
38,3938,39.20763476204554,99995,28,13,1,0,160,92,0.002520126006300315,17,5,49827,49908,125,72,0,0,0,0,0,0,99786,0,0,1,0,0,0,0,0,0,0,208,0,0,0,0,0,0
39,3938,40.10980862406692,99995,29,15,1,0,164,94,0.0025801290064503225,19,5,49821,49906,128,72,0,0,0,0,0,0,99783,0,0,1,0,0,0,0,0,0,0,211,0,0,0,0,0,0
40,3938,41.023059966087814,99995,29,13,1,0,169,96,0.0026501325066253315,17,10,49818,49899,133,76,0,0,0,0,0,0,99774,0,0,1,0,0,0,0,0,0,0,220,0,0,0,0,0,0
41,3938,42.328378080837716,99995,29,18,1,0,175,101,0.002760138006900345,20,12,49811,49892,137,76,0,0,0,0,0,0,99768,0,0,1,0,0,0,0,0,0,0,226,0,0,0,0,0,0
42,3938,43.310340203061884,99995,32,21,1,0,180,105,0.0028501425071253564,18,11,49809,49889,138,77,0,0,0,0,0,0,99765,0,0,1,0,0,0,0,0,0,0,229,0,0,0,0,0,0
43,3938,44.10712046444244,99995,31,20,1,0,183,106,0.0028901445072253614,18,14,49807,49885,141,79,0,0,0,0,0,0,99759,0,0,1,0,0,0,0,0,0,0,235,0,0,0,0,0,0
44,3938,45.01988793124792,99995,38,19,1,0,192,108,0.003000150007500375,13,13,49804,49885,142,81,0,0,0,0,0,0,99754,0,0,1,0,0,0,0,0,0,0,240,0,0,0,0,0,0
45,3938,46.01458556928023,99995,40,22,1,0,199,113,0.00312015600780039,14,14,49796,49879,147,83,0,0,0,0,0,0,99747,0,0,1,0,0,0,0,0,0,0,247,0,0,0,0,0,0
46,3938,47.04544021364384,99995,39,20,1,0,204,115,0.003190159507975399,15,13,49790,49878,153,87,0,0,0,0,0,0,99737,0,0,1,0,0,0,0,0,0,0,257,0,0,0,0,0,0
47,3938,48.32007721504406,99995,35,18,1,0,209,118,0.003270163508175409,19,12,49781,49878,162,90,0,0,0,0,0,0,99723,0,0,1,0,0,0,0,0,0,0,271,0,0,0,0,0,0
48,3938,49.03988853118207,99995,33,16,1,0,209,118,0.003270163508175409,22,12,49778,49878,164,92,0,0,0,0,0,0,99719,0,0,1,0,0,0,0,0,0,0,275,0,0,0,0,0,0
49,3938,50.05995518284574,99995,39,14,1,0,219,119,0.0033801690084504224,19,12,49771,49877,168,95,0,0,0,0,0,0,99712,0,0,1,0,0,0,0,0,0,0,282,0,0,0,0,0,0
50,3938,51.201309236893415,99995,41,13,1,0,232,121,0.0035301765088254413,20,13,49757,49875,179,97,0,0,0,0,0,0,99698,0,0,1,0,0,0,0,0,0,0,296,0,0,0,0,0,0
51,3938,52.218545896998215,99995,42,14,1,0,235,123,0.0035801790089504473,24,16,49751,49870,180,98,0,0,0,0,0,0,99695,0,0,1,0,0,0,0,0,0,0,299,0,0,0,0,0,0
52,3938,53.03100292594592,99995,41,16,1,0,239,125,0.003640182009100455,21,17,49750,49867,185,98,0,0,0,0,0,0,99690,0,0,1,0,0,0,0,0,0,0,304,0,0,0,0,0,0
53,3938,54.06116873251989,99995,39,15,1,0,244,128,0.0037201860093004652,24,15,49747,49866,187,102,0,0,0,0,0,0,99679,0,0,1,0,0,0,0,0,0,0,315,0,0,0,0,0,0
54,3938,55.20228410057529,99995,39,12,1,0,254,131,0.0038501925096254812,20,14,49744,49864,194,108,0,0,0,0,0,0,99663,0,0,1,0,0,0,0,0,0,0,331,0,0,0,0,0,0
55,3938,56.31851866553477,99995,40,14,1,0,260,133,0.003930196509825491,19,18,49742,49858,196,108,0,0,0,0,0,0,99658,0,0,1,0,0,0,0,0,0,0,336,0,0,0,0,0,0
56,3938,57.00045579436552,99995,37,16,1,0,263,137,0.0040002000100005,20,18,49738,49854,202,110,0,0,0,0,0,0,99650,0,0,1,0,0,0,0,0,0,0,344,0,0,0,0,0,0
57,3938,58.09205254505395,99994,40,19,1,1,269,142,0.004110246614796888,21,14,49731,49854,205,110,0,0,0,0,0,0,99645,0,0,1,0,0,0,0,0,0,0,348,0,0,0,0,0,0
58,3938,59.32633662336128,99994,40,18,1,1,274,145,0.004190251415084905,24,14,49724,49851,209,114,0,0,0,0,0,0,99636,0,0,1,0,0,0,0,0,0,0,357,0,0,0,0,0,0
59,3938,60.096774900481606,99994,39,16,1,1,277,146,0.004230253815228914,25,18,49721,49846,212,117,0,0,0,0,0,0,99629,0,0,1,0,0,0,0,0,0,0,364,0,0,0,0,0,0
60,3938,61.29594576024335,99994,39,20,1,1,282,151,0.004330259815588935,29,18,49713,49841,216,118,0,0,0,0,0,0,99623,0,0,1,0,0,0,0,0,0,0,370,0,0,0,0,0,0
61,3938,62.050779191136385,99994,38,18,1,1,288,153,0.004410264615876952,28,20,49708,49838,223,121,0,0,0,0,0,0,99612,0,0,1,0,0,0,0,0,0,0,381,0,0,0,0,0,0
62,3938,63.021729249073005,99994,38,19,1,1,290,157,0.004470268216092966,29,19,49706,49836,224,123,0,0,0,0,0,0,99607,0,0,1,0,0,0,0,0,0,0,386,0,0,0,0,0,0
63,3938,64.15591171643732,99994,46,18,1,1,301,161,0.004620277216632998,29,18,49695,49833,227,128,0,0,0,0,0,0,99599,0,0,1,0,0,0,0,0,0,0,394,0,0,0,0,0,0
64,3938,65.14694756147784,99994,54,20,1,1,312,167,0.004790287417245034,31,17,49682,49828,230,132,0,0,0,0,0,0,99592,0,0,1,0,0,0,0,0,0,0,401,0,0,0,0,0,0
65,3938,66.00257751131821,99994,64,23,1,1,325,171,0.004960297617857072,27,20,49673,49822,233,132,0,0,0,0,0,0,99588,0,0,1,0,0,0,0,0,0,0,405,0,0,0,0,0,0
66,3938,67.00247398415075,99994,65,27,1,1,330,179,0.005090305418325099,30,16,49667,49818,235,136,0,0,0,0,0,0,99580,0,0,1,0,0,0,0,0,0,0,413,0,0,0,0,0,0
67,3938,68.03082182692752,99994,72,26,1,1,341,180,0.005210312618757125,44,21,49643,49813,238,137,0,0,0,0,0,0,99574,0,0,1,0,0,0,0,0,0,0,419,0,0,0,0,0,0
68,3938,69.02459862417946,99994,77,28,1,1,356,187,0.005430325819549173,40,19,49633,49808,247,142,0,0,0,0,0,0,99559,0,0,1,0,0,0,0,0,0,0,434,0,0,0,0,0,0
69,3938,70.23798273168603,99994,72,30,1,1,364,194,0.005580334820089205,49,18,49616,49802,260,147,0,0,0,0,0,0,99541,0,0,1,0,0,0,0,0,0,0,452,0,0,0,0,0,0
70,3938,71.32232901232716,99994,74,28,1,1,382,196,0.005780346820809248,55,25,49594,49794,274,150,0,0,0,0,0,0,99521,0,0,1,0,0,0,0,0,0,0,472,0,0,0,0,0,0
71,3938,72.31691990821373,99994,76,35,1,1,391,204,0.005950357021421286,57,18,49583,49793,281,151,0,0,0,0,0,0,99513,0,0,1,0,0,0,0,0,0,0,480,0,0,0,0,0,0
72,3938,73.13525133028207,99994,80,32,1,1,401,206,0.006070364221853311,56,17,49575,49792,286,156,0,0,0,0,0,0,99502,0,0,1,0,0,0,0,0,0,0,491,0,0,0,0,0,0
73,3938,74.14489200431994,99994,78,33,1,1,412,210,0.006220373222393344,55,16,49566,49790,298,158,0,0,0,0,0,0,99486,0,0,1,0,0,0,0,0,0,0,507,0,0,0,0,0,0
74,3938,75.11355707785737,99994,86,33,1,1,430,215,0.006450387023221394,49,23,49556,49778,306,163,0,0,0,0,0,0,99471,0,0,1,0,0,0,0,0,0,0,522,0,0,0,0,0,0
75,3938,76.10881308699703,99994,89,34,1,1,442,219,0.006610396623797428,50,24,49544,49773,314,166,0,0,0,0,0,0,99459,0,0,1,0,0,0,0,0,0,0,534,0,0,0,0,0,0
76,3938,77.10426602270176,99994,88,34,1,1,453,223,0.00676040562433746,55,29,49530,49764,324,170,0,0,0,0,0,0,99443,0,0,1,0,0,0,0,0,0,0,550,0,0,0,0,0,0
77,3938,78.09994052369117,99994,82,33,1,1,461,228,0.006890413424805488,54,30,49523,49758,338,176,0,0,0,0,0,0,99423,0,0,1,0,0,0,0,0,0,0,570,0,0,0,0,0,0
78,3938,79.09584165398238,99994,75,36,1,1,468,236,0.007040422425345521,61,24,49510,49756,351,181,0,0,0,0,0,0,99404,0,0,1,0,0,0,0,0,0,0,589,0,0,0,0,0,0
79,3938,80.02015148716666,99994,80,41,1,1,480,244,0.007240434426065564,53,19,49507,49753,357,184,0,0,0,0,0,0,99394,0,0,1,0,0,0,0,0,0,0,599,0,0,0,0,0,0
80,3938,81.28262170830753,99994,73,42,1,1,491,252,0.007430445826749605,54,15,49498,49750,372,190,0,0,0,0,0,0,99369,0,0,1,0,0,0,0,0,0,0,624,0,0,0,0,0,0
81,3938,82.13100537769478,99994,75,37,1,1,508,253,0.007610456627397644,54,21,49482,49743,386,196,0,0,0,0,0,0,99348,0,0,1,0,0,0,0,0,0,0,645,0,0,0,0,0,0
82,3938,83.12781451000194,99994,76,39,1,1,522,258,0.007800468028081685,55,20,49469,49740,397,198,0,0,0,0,0,0,99332,0,0,1,0,0,0,0,0,0,0,661,0,0,0,0,0,0
83,3938,84.12490227636545,99994,76,37,1,1,531,264,0.007950477028621717,66,23,49449,49732,406,205,0,0,0,0,0,0,99315,0,0,1,0,0,0,0,0,0,0,678,0,0,0,0,0,0
84,3938,85.12222528686975,99994,84,38,1,1,545,270,0.00815048902934176,62,18,49440,49731,411,210,0,0,0,0,0,0,99304,0,0,1,0,0,0,0,0,0,0,689,0,0,0,0,0,0
85,3938,86.06301610495994,99994,82,37,1,1,559,277,0.008360501630097807,61,19,49427,49725,427,216,0,0,0,0,0,0,99280,0,0,1,0,0,0,0,0,0,0,713,0,0,0,0,0,0
86,3938,87.28913986299486,99993,91,37,2,1,578,280,0.008580600642044944,56,20,49416,49721,433,219,0,0,0,0,0,0,99268,0,0,2,0,0,0,0,0,0,0,723,0,0,0,0,0,0
87,3938,88.30206501302659,99993,88,40,2,1,595,287,0.008820617443221025,59,21,49400,49713,449,223,0,0,0,0,0,0,99244,0,0,2,0,0,0,0,0,0,0,747,0,0,0,0,0,0
88,3938,89.06442307021813,99993,86,38,2,1,601,293,0.008940625843809067,59,19,49394,49711,457,229,0,0,0,0,0,0,99228,0,0,2,0,0,0,0,0,0,0,763,0,0,0,0,0,0
89,3938,90.05207591894188,99993,84,43,2,1,620,299,0.009190643345034152,58,16,49378,49709,476,229,0,0,0,0,0,0,99207,0,0,3,0,0,0,0,0,0,0,783,0,0,0,0,0,0
90,3938,91.06267966066588,99993,84,40,2,1,628,302,0.00930065104557319,60,14,49369,49709,483,234,0,0,0,0,0,0,99193,0,0,3,0,0,0,0,0,0,0,797,0,0,0,0,0,0
91,3938,92.00156909791382,99993,91,32,2,1,643,308,0.009510665746602262,55,15,49362,49703,488,247,0,0,0,0,0,0,99171,0,0,3,0,0,0,0,0,0,0,819,0,0,0,0,0,0
92,3938,93.09748640207722,99993,92,28,2,1,661,311,0.009720680447631334,50,16,49349,49700,505,253,0,0,0,0,0,0,99147,0,0,3,0,0,0,0,0,0,0,843,0,0,0,0,0,0
93,3938,94.04895468874473,99993,90,25,2,1,667,313,0.009800686048023362,59,16,49334,49699,513,257,0,0,0,0,0,0,99134,0,0,3,0,0,0,0,0,0,0,856,0,0,0,0,0,0
94,3938,95.08602681195018,99993,86,30,2,1,686,320,0.010060704249297451,64,12,49312,49696,534,259,0,0,0,0,0,0,99109,0,0,3,0,0,0,0,0,0,0,881,0,0,0,0,0,0
95,3938,96.12591495504613,99993,92,32,2,1,699,322,0.010210714750032502,63,18,49302,49689,539,258,0,0,0,0,0,0,99102,0,0,3,0,0,0,0,0,0,0,888,0,0,0,0,0,0
96,3938,97.0427999869313,99991,86,35,4,1,710,328,0.010380934284085567,61,20,49295,49682,552,260,0,0,0,0,0,0,99082,0,0,3,0,0,0,0,0,0,0,906,0,0,0,0,0,0
97,3938,98.12868632570978,99991,88,39,4,1,729,338,0.010670960386434778,56,21,49283,49671,567,266,0,0,0,0,0,0,99060,0,0,4,0,0,0,0,0,0,0,927,0,0,0,0,0,0
98,3938,99.00658436721196,99991,90,40,4,1,739,344,0.010830974787730896,54,18,49278,49670,572,269,0,0,0,0,0,0,99047,0,0,4,0,0,0,0,0,0,0,940,0,0,0,0,0,0
99,3938,100.00400928238386,99991,83,41,4,1,750,349,0.010990989189027012,61,21,49261,49663,589,272,0,0,0,0,0,0,99025,0,0,4,0,0,0,0,0,0,0,962,0,0,0,0,0,0
100,3938,101.00507227386623,99991,81,39,4,1,758,354,0.011121000890080108,64,21,49252,49659,597,278,0,0,0,0,0,0,99008,0,0,4,0,0,0,0,0,0,0,979,0,0,0,0,0,0
101,3938,102.20181701830235,99991,85,41,4,1,773,361,0.011341020691862267,63,18,49239,49657,607,281,0,0,0,0,0,0,98992,0,0,4,0,0,0,0,0,0,0,995,0,0,0,0,0,0
102,3938,103.09151190682844,99991,94,42,4,1,794,366,0.011601044093968458,55,20,49230,49651,615,284,0,0,0,0,0,0,98976,0,0,4,0,0,0,0,0,0,0,1011,0,0,0,0,0,0
103,3938,104.31186358618504,99991,99,43,4,1,815,376,0.011911071996479684,56,27,49211,49634,628,293,0,0,0,0,0,0,98951,0,0,4,0,0,0,0,0,0,0,1036,0,0,0,0,0,0
104,3938,105.31379321371894,99991,105,44,4,1,832,383,0.012151093598423857,54,28,49198,49626,637,299,0,0,0,0,0,0,98934,0,0,4,0,0,0,0,0,0,0,1053,0,0,0,0,0,0
105,3938,106.31596383846242,99991,103,43,4,1,849,388,0.012371113400206019,51,29,49187,49621,653,304,0,0,0,0,0,0,98909,0,0,4,0,0,0,0,0,0,0,1078,0,0,0,0,0,0
106,3938,107.31837207522486,99991,102,48,4,1,863,400,0.012631136802312207,45,26,49186,49613,661,310,0,0,0,0,0,0,98887,0,0,4,0,0,0,0,0,0,0,1100,0,0,0,0,0,0
107,3938,108.32092887105571,99991,94,47,4,1,871,405,0.012761148503365303,59,33,49165,49605,676,312,0,0,0,0,0,0,98865,0,0,4,0,0,0,0,0,0,0,1122,0,0,0,0,0,0
108,3938,109.32378040467411,99991,96,49,4,1,889,417,0.013061175505795521,57,27,49152,49599,689,322,0,0,0,0,0,0,98839,0,0,4,0,0,0,0,0,0,0,1148,0,0,0,0,0,0
109,3938,110.32689988503135,99991,96,50,4,1,901,424,0.01325119260733466,58,28,49142,49593,698,326,0,0,0,0,0,0,98821,0,0,4,0,0,0,0,0,0,0,1166,0,0,0,0,0,0
110,3938,111.33021729792821,99991,90,47,4,1,914,428,0.013421207908711784,67,35,49124,49583,713,332,0,0,0,0,0,0,98796,0,0,5,0,0,0,0,0,0,0,1190,0,0,0,0,0,0
111,3938,112.33384968198334,99991,88,54,4,1,925,438,0.013631226810412938,71,32,49116,49578,719,333,0,0,0,0,0,0,98781,0,0,6,0,0,0,0,0,0,0,1204,0,0,0,0,0,0
112,3938,113.00303171282752,99991,97,56,4,1,936,445,0.01381124301187107,71,29,49107,49574,719,338,0,0,0,0,0,0,98774,0,0,6,0,0,0,0,0,0,0,1211,0,0,0,0,0,0
113,3938,114.00691822168012,99991,103,53,4,1,955,450,0.014051264613815244,69,34,49093,49566,729,344,0,0,0,0,0,0,98753,0,0,6,0,0,0,0,0,0,0,1232,0,0,0,0,0,0
114,3938,115.01104560102766,99991,98,53,4,1,970,460,0.014301287115840425,69,34,49081,49556,746,354,0,0,0,0,0,0,98723,0,0,6,0,0,0,0,0,0,0,1262,0,0,0,0,0,0
115,3938,116.01544823370867,99991,101,58,4,1,985,471,0.014561310517946615,74,31,49064,49551,755,357,0,0,0,0,0,0,98705,0,0,6,0,0,0,0,0,0,0,1280,0,0,0,0,0,0
116,3938,117.02006648539934,99991,108,55,4,1,1007,477,0.014841335720214819,68,33,49049,49545,769,364,0,0,0,0,0,0,98682,0,0,7,0,0,0,0,0,0,0,1302,0,0,0,0,0,0
117,3938,118.02501787385658,99991,107,56,4,1,1029,484,0.01513136182256403,68,31,49031,49544,788,366,0,0,0,0,0,0,98653,0,0,7,0,0,0,0,0,0,0,1331,0,0,0,0,0,0
118,3938,119.03035539039476,99991,114,62,4,1,1053,497,0.0155013951255613,61,25,49016,49543,803,367,0,0,0,0,0,0,98629,0,0,7,0,0,0,0,0,0,0,1355,0,0,0,0,0,0
119,3938,120.03599438233762,99991,112,60,4,1,1065,500,0.01565140862677641,67,29,49001,49537,814,371,0,0,0,0,0,0,98610,0,0,7,0,0,0,0,0,0,0,1374,0,0,0,0,0,0
120,3938,121.04188337495665,99991,115,52,4,1,1084,501,0.015851426628396555,65,38,48986,49528,828,379,0,0,0,0,0,0,98585,0,0,7,0,0,0,0,0,0,0,1399,0,0,0,0,0,0
121,3938,122.04810849945798,99991,116,54,4,1,1106,510,0.01616145453090778,66,34,48965,49525,847,384,0,0,0,0,0,0,98557,0,0,7,0,0,0,0,0,0,0,1427,0,0,0,0,0,0
122,3938,123.05468263558883,99991,117,55,4,1,1127,517,0.016441479733175987,70,41,48942,49512,865,389,0,0,0,0,0,0,98531,0,0,7,0,0,0,0,0,0,0,1453,0,0,0,0,0,0
123,3938,124.06167075565365,99991,117,56,4,1,1140,527,0.016671500435039153,74,42,48926,49501,877,398,0,0,0,0,0,0,98509,0,0,7,0,0,0,0,0,0,0,1475,0,0,0,0,0,0
124,3938,125.06892892384286,99991,133,63,4,1,1168,543,0.017111540038603473,68,41,48906,49486,887,407,0,0,0,0,0,0,98488,0,0,7,0,0,0,0,0,0,0,1496,0,0,0,0,0,0
125,3938,126.07647416456156,99991,136,62,4,1,1187,552,0.017391565240871678,68,41,48891,49478,899,416,0,0,0,0,0,0,98462,0,0,7,0,0,0,0,0,0,0,1522,0,0,0,0,0,0
126,3938,127.08432925119789,99991,129,60,4,1,1202,558,0.017601584142572832,76,48,48872,49466,917,423,0,0,0,0,0,0,98432,0,0,7,0,0,0,0,0,0,0,1552,0,0,0,0,0,0
127,3938,128.092516118369,99990,126,59,5,1,1221,567,0.017881788178817883,72,45,48861,49461,934,432,0,0,0,0,0,0,98400,0,0,7,0,0,0,0,0,0,0,1583,0,0,0,0,0,0
128,3938,129.1010272822861,99990,126,61,5,1,1244,578,0.018221822182218222,71,44,48841,49452,955,440,0,0,0,0,0,0,98369,0,0,8,0,0,0,0,0,0,0,1613,0,0,0,0,0,0
129,3938,130.1099637833011,99990,126,59,5,1,1257,584,0.018411841184118413,78,49,48822,49441,967,448,0,0,0,0,0,0,98348,0,0,8,0,0,0,0,0,0,0,1634,0,0,0,0,0,0
130,3938,131.11920119532718,99990,129,68,5,1,1276,599,0.01875187518751875,82,39,48804,49436,978,454,0,0,0,0,0,0,98326,0,0,8,0,0,0,0,0,0,0,1656,0,0,0,0,0,0
131,3938,132.12872035863094,99990,133,69,5,1,1296,610,0.019061906190619062,92,36,48779,49428,989,464,0,0,0,0,0,0,98301,0,0,9,0,0,0,0,0,0,0,1680,0,0,0,0,0,0
132,3938,133.138608774565,99990,135,69,5,1,1324,622,0.01946194619461946,92,41,48752,49413,1014,474,0,0,0,0,0,0,98263,0,0,9,0,0,0,0,0,0,0,1718,0,0,0,0,0,0
133,3938,134.1490003261521,99990,144,72,5,1,1353,635,0.01988198819881988,85,41,48732,49402,1032,482,0,0,0,0,0,0,98233,0,0,9,0,0,0,0,0,0,0,1748,0,0,0,0,0,0
134,3938,135.1597593816901,99990,142,76,5,1,1374,645,0.02019201920192019,84,43,48719,49390,1048,488,0,0,0,0,0,0,98205,0,0,10,0,0,0,0,0,0,0,1775,0,0,0,0,0,0
135,3938,136.17081493845524,99990,142,71,5,1,1390,656,0.02046204620462046,95,43,48699,49381,1057,502,0,0,0,0,0,0,98173,0,0,10,0,0,0,0,0,0,0,1807,0,0,0,0,0,0
136,3938,137.1822078564583,99990,149,68,5,1,1410,662,0.02072207220722072,97,46,48678,49373,1069,510,0,0,0,0,0,0,98151,0,0,10,0,0,0,0,0,0,0,1829,0,0,0,0,0,0
137,3938,138.19396198119037,99990,152,71,5,1,1431,669,0.021002100210021003,101,50,48659,49363,1081,513,0,0,0,0,0,0,98129,0,0,10,0,0,0,0,0,0,0,1851,0,0,0,0,0,0
138,3938,139.2060051723997,99989,160,63,5,2,1457,676,0.021332346558121395,99,58,48641,49348,1093,527,0,0,0,0,0,0,98097,0,0,11,0,0,0,0,0,0,0,1881,0,0,0,0,0,0
139,3938,140.21835256274142,99989,154,70,5,2,1479,694,0.021732390562961924,89,54,48632,49334,1118,538,0,0,0,0,0,0,98058,0,0,11,0,0,0,0,0,0,0,1920,0,0,0,0,0,0
140,3938,141.2310119125879,99989,152,80,5,2,1498,711,0.022092430167318405,100,47,48609,49325,1132,544,0,0,0,0,0,0,98030,0,0,11,0,0,0,0,0,0,0,1948,0,0,0,0,0,0
141,3938,142.24403411833873,99989,153,82,5,2,1528,720,0.022482473072037924,91,55,48593,49310,1156,549,0,0,0,0,0,0,97994,0,0,11,0,0,0,0,0,0,0,1984,0,0,0,0,0,0
142,3938,143.2574551049051,99988,151,79,6,2,1553,727,0.022802736328359403,93,60,48570,49303,1178,554,0,0,0,0,0,0,97957,0,0,11,0,0,0,0,0,0,0,2020,0,0,0,0,0,0
143,3938,144.2713321774101,99988,146,84,6,2,1576,741,0.02317278073368804,92,57,48551,49297,1203,558,0,0,0,0,0,0,97920,0,0,11,0,0,0,0,0,0,0,2057,0,0,0,0,0,0
144,3938,145.28563753332284,99988,140,88,6,2,1595,754,0.023492819138296595,90,56,48540,49289,1222,563,0,0,0,0,0,0,97886,0,0,11,0,0,0,0,0,0,0,2091,0,0,0,0,0,0
145,3938,146.3002589548201,99987,149,91,7,2,1620,766,0.023863102203286427,92,54,48515,49280,1235,571,0,0,0,0,0,0,97861,0,0,11,0,0,0,0,0,0,0,2115,0,0,0,0,0,0
146,3938,147.3152617574221,99987,147,99,7,2,1645,784,0.024293158110554373,90,54,48497,49262,1257,581,0,0,0,0,0,0,97824,0,0,11,0,0,0,0,0,0,0,2152,0,0,0,0,0,0
147,3938,148.3306294500621,99987,159,100,7,2,1676,800,0.024763219218498406,87,47,48471,49254,1274,595,0,0,0,0,0,0,97790,0,0,11,0,0,0,0,0,0,0,2186,0,0,0,0,0,0
148,3938,149.0077950080619,99987,167,95,7,2,1695,810,0.025053256923400043,84,47,48459,49246,1281,608,0,0,0,0,0,0,97765,0,0,12,0,0,0,0,0,0,0,2210,0,0,0,0,0,0
149,3938,150.0238379428913,99987,168,93,7,2,1716,825,0.025413303729484832,85,53,48439,49225,1299,625,0,0,0,0,0,0,97728,0,0,12,0,0,0,0,0,0,0,2247,0,0,0,0,0,0
150,3938,151.04027854128037,99987,168,92,7,2,1740,837,0.025773350535569624,90,63,48415,49203,1318,638,0,0,0,0,0,0,97692,0,0,13,0,0,0,0,0,0,0,2282,0,0,0,0,0,0
151,3938,152.05714668925953,99987,169,95,7,2,1761,857,0.026183403842499526,101,55,48388,49195,1333,651,0,0,0,0,0,0,97655,0,0,13,0,0,0,0,0,0,0,2319,0,0,0,0,0,0
152,3938,153.07448638271325,99986,168,91,8,2,1779,867,0.026463704918688616,103,53,48371,49190,1348,662,0,0,0,0,0,0,97623,0,0,14,0,0,0,0,0,0,0,2349,0,0,0,0,0,0
153,3938,154.0922178880511,99986,177,93,8,2,1812,881,0.026933770727901905,90,53,48356,49180,1367,670,0,0,0,0,0,0,97589,0,0,16,0,0,0,0,0,0,0,2381,0,0,0,0,0,0
154,3938,155.11026397027976,99986,175,93,8,2,1837,893,0.027303822535154922,94,60,48333,49164,1388,679,0,0,0,0,0,0,97550,0,0,16,0,0,0,0,0,0,0,2420,0,0,0,0,0,0
155,3938,156.12876558901223,99986,179,101,8,2,1861,912,0.027733882743584102,96,56,48309,49149,1406,690,0,0,0,0,0,0,97519,0,0,16,0,0,0,0,0,0,0,2451,0,0,0,0,0,0
156,3938,157.14769044697402,99986,168,100,8,2,1886,926,0.028123937351229172,97,58,48289,49135,1436,703,0,0,0,0,0,0,97468,0,0,16,0,0,0,0,0,0,0,2502,0,0,0,0,0,0
157,3938,158.1671010854808,99985,168,97,9,2,1910,934,0.028444266639996,96,64,48269,49124,1456,711,0,0,0,0,0,0,97434,0,0,17,0,0,0,0,0,0,0,2534,0,0,0,0,0,0
158,3938,159.1869339552265,99985,177,106,9,2,1940,961,0.029014352152822925,106,55,48231,49109,1475,726,0,0,0,0,0,0,97395,0,0,17,0,0,0,0,0,0,0,2573,0,0,0,0,0,0
159,3938,160.2072898015714,99984,170,106,10,2,1965,971,0.029364698351736277,105,58,48213,49097,1500,735,0,0,0,0,0,0,97354,0,0,18,0,0,0,0,0,0,0,2612,0,0,0,0,0,0
160,3938,161.22812288283848,99984,170,109,10,2,1988,987,0.029754760761721875,110,54,48190,49087,1518,746,0,0,0,0,0,0,97320,0,0,20,0,0,0,0,0,0,0,2644,0,0,0,0,0,0
161,3938,162.24939725189174,99984,171,107,10,2,2008,997,0.030054808769403106,119,57,48163,49076,1535,756,0,0,0,0,0,0,97289,0,0,20,0,0,0,0,0,0,0,2675,0,0,0,0,0,0
162,3938,163.2711640390159,99984,175,111,10,2,2038,1016,0.030544887181949112,114,61,48143,49055,1556,769,0,0,0,0,0,0,97249,0,0,21,0,0,0,0,0,0,0,2714,0,0,0,0,0,0
163,3938,164.2933434775711,99984,181,108,10,2,2062,1028,0.030904944791166587,114,58,48128,49047,1565,783,0,0,0,0,0,0,97216,0,0,21,0,0,0,0,0,0,0,2747,0,0,0,0,0,0
164,3938,165.31584369698197,99982,182,110,12,2,2093,1047,0.03140565301754316,116,52,48101,49035,1587,799,0,0,0,0,0,0,97170,0,0,22,0,0,0,0,0,0,0,2790,0,0,0,0,0,0
165,3938,166.33881176418174,99982,191,104,12,2,2127,1062,0.031895741233422016,113,52,48079,49022,1603,818,0,0,0,0,0,0,97124,0,0,22,0,0,0,0,0,0,0,2836,0,0,0,0,0,0
166,3938,167.02101170898231,99982,189,99,12,2,2148,1068,0.03216578984217159,116,60,48061,49012,1620,825,0,0,0,0,0,0,97091,0,0,23,0,0,0,0,0,0,0,2868,0,0,0,0,0,0
167,3938,168.04474987662647,99982,186,101,12,2,2178,1083,0.032615870856754214,113,67,48038,48994,1649,834,0,0,0,0,0,0,97049,0,0,27,0,0,0,0,0,0,0,2906,0,0,0,0,0,0
168,3938,169.06903428110115,99982,193,102,12,2,2216,1098,0.03314596627392931,100,61,48017,48988,1676,845,0,0,0,0,0,0,97004,0,0,27,0,0,0,0,0,0,0,2951,0,0,0,0,0,0
169,3938,170.09386933831524,99981,194,101,12,3,2240,1109,0.03349636430921875,111,63,47994,48979,1687,852,0,0,0,0,0,0,96970,0,0,28,0,0,0,0,0,0,0,2983,0,0,0,0,0,0
170,3938,171.11905599580496,99981,193,105,12,3,2264,1126,0.033906442224022566,118,59,47976,48970,1699,861,0,0,0,0,0,0,96932,0,0,28,0,0,0,0,0,0,0,3021,0,0,0,0,0,0
171,3938,172.14457568908696,99981,189,102,12,3,2292,1137,0.03429651633810424,121,68,47953,48953,1723,872,0,0,0,0,0,0,96887,0,0,29,0,0,0,0,0,0,0,3065,0,0,0,0,0,0
172,3938,173.1705871384183,99981,186,95,12,3,2324,1150,0.03474660185435233,110,70,47936,48944,1754,886,0,0,0,0,0,0,96834,0,0,31,0,0,0,0,0,0,0,3116,0,0,0,0,0,0
173,3938,174.19710139176786,99980,198,103,13,3,2362,1169,0.03531706341268254,104,69,47912,48929,1771,894,0,0,0,0,0,0,96799,0,0,33,0,0,0,0,0,0,0,3148,0,0,0,0,0,0
174,3938,175.2240131032042,99979,201,107,14,3,2393,1188,0.035817521679552704,102,67,47887,48917,1794,904,0,0,0,0,0,0,96757,0,0,34,0,0,0,0,0,0,0,3188,0,0,0,0,0,0
175,3938,176.25141039957796,99979,214,106,14,3,2426,1204,0.036307624601166245,102,65,47862,48905,1806,919,0,0,0,0,0,0,96720,0,0,34,0,0,0,0,0,0,0,3225,0,0,0,0,0,0
176,3938,177.279260649165,99979,200,118,14,3,2446,1226,0.036727712819692136,113,55,47835,48894,1836,928,0,0,0,0,0,0,96676,0,0,34,0,0,0,0,0,0,0,3269,0,0,0,0,0,0
177,3938,178.307696418359,99979,207,106,14,3,2478,1237,0.037157803138659115,113,61,47809,48879,1855,949,0,0,0,0,0,0,96628,0,0,34,0,0,0,0,0,0,0,3317,0,0,0,0,0,0
178,3938,179.3366377889907,99979,210,101,14,3,2511,1252,0.03763790395983156,119,65,47776,48865,1879,964,0,0,0,0,0,0,96578,0,0,34,0,0,0,0,0,0,0,3367,0,0,0,0,0,0
179,3938,180.02294196547052,99979,206,107,14,3,2532,1264,0.03796797327438762,121,63,47757,48856,1900,969,0,0,0,0,0,0,96548,0,0,35,0,0,0,0,0,0,0,3396,0,0,0,0,0,0
180,3938,181.05289945978103,99979,217,104,14,3,2570,1277,0.038478080396883343,112,62,47731,48847,1924,982,0,0,0,0,0,0,96505,0,0,35,0,0,0,0,0,0,0,3439,0,0,0,0,0,0
181,3938,182.08344653569876,99978,213,104,15,3,2597,1288,0.03885854888075377,119,62,47704,48839,1947,990,0,0,0,0,0,0,96463,0,0,35,0,0,0,0,0,0,0,3480,0,0,0,0,0,0
182,3938,183.1145229329495,99978,217,106,15,3,2626,1308,0.03934865670447498,141,65,47657,48818,1968,1006,0,0,0,0,0,0,96421,0,0,36,0,0,0,0,0,0,0,3521,0,0,0,0,0,0
183,3938,184.1462609681145,99978,221,102,15,3,2655,1322,0.039778751325291566,148,71,47631,48800,1983,1022,0,0,0,0,0,0,96379,0,0,37,0,0,0,0,0,0,0,3562,0,0,0,0,0,0
184,3938,185.17851516338123,99978,228,107,15,3,2693,1337,0.040308867950949206,146,78,47602,48782,2007,1028,0,0,0,0,0,0,96340,0,0,39,0,0,0,0,0,0,0,3599,0,0,0,0,0,0
185,3938,186.2112825763085,99978,236,113,15,3,2729,1363,0.040929004380963814,139,68,47579,48767,2029,1047,0,0,0,0,0,0,96293,0,0,40,0,0,0,0,0,0,0,3645,0,0,0,0,0,0
186,3938,187.24451686168868,99978,233,121,15,3,2761,1391,0.0415291364100102,151,60,47542,48751,2057,1063,0,0,0,0,0,0,96240,0,0,42,0,0,0,0,0,0,0,3696,0,0,0,0,0,0
187,3938,188.27846344984908,99976,243,123,16,4,2800,1408,0.04209010162438985,145,61,47514,48738,2080,1072,0,0,0,0,0,0,96197,0,0,43,0,0,0,0,0,0,0,3736,0,0,0,0,0,0
188,3938,189.31293818126395,99976,252,122,16,4,2835,1422,0.04258021925262063,153,72,47480,48716,2097,1084,0,0,0,0,0,0,96157,0,0,44,0,0,0,0,0,0,0,3775,0,0,0,0,0,0
189,3938,190.00285262203778,99976,258,128,16,4,2873,1438,0.0431203488837321,152,74,47450,48702,2122,1090,0,0,0,0,0,0,96115,0,0,44,0,0,0,0,0,0,0,3817,0,0,0,0,0,0
190,3938,191.0383778102106,99976,260,127,16,4,2911,1458,0.04370048811714811,140,72,47433,48690,2149,1105,0,0,0,0,0,0,96058,0,0,44,0,0,0,0,0,0,0,3874,0,0,0,0,0,0
191,3938,192.07447465668523,99975,242,124,17,4,2942,1477,0.04420105026256564,152,76,47395,48674,2192,1120,0,0,0,0,0,0,95987,0,0,44,0,0,0,0,0,0,0,3944,0,0,0,0,0,0
192,3938,193.11140681819091,99975,241,123,17,4,2975,1497,0.044731182795698925,163,70,47355,48663,2222,1138,0,0,0,0,0,0,95932,0,0,44,0,0,0,0,0,0,0,3999,0,0,0,0,0,0
193,3938,194.14912236531413,99975,247,122,17,4,3016,1511,0.045281320330082524,161,80,47323,48643,2250,1149,0,0,0,0,0,0,95882,0,0,44,0,0,0,0,0,0,0,4049,0,0,0,0,0,0
194,3938,195.18747338981666,99975,246,127,17,4,3054,1530,0.04585146286571643,155,84,47295,48625,2285,1158,0,0,0,0,0,0,95831,0,0,46,0,0,0,0,0,0,0,4098,0,0,0,0,0,0
195,3938,196.22647248844248,99975,250,123,17,4,3093,1553,0.04647161790447612,161,80,47258,48607,2312,1184,0,0,0,0,0,0,95769,0,0,46,0,0,0,0,0,0,0,4160,0,0,0,0,0,0
196,3938,197.26617989096314,99975,260,128,17,4,3138,1573,0.047121780445111276,155,79,47229,48591,2337,1196,0,0,0,0,0,0,95719,0,0,46,0,0,0,0,0,0,0,4210,0,0,0,0,0,0
197,3938,198.30653360684894,99975,256,133,17,4,3179,1595,0.047751937984496125,156,81,47198,48568,2371,1212,0,0,0,0,0,0,95658,0,0,47,0,0,0,0,0,0,0,4270,0,0,0,0,0,0
198,3938,199.00044696733528,99975,259,136,17,4,3205,1608,0.04814203550887722,156,85,47176,48558,2390,1215,0,0,0,0,0,0,95626,0,0,48,0,0,0,0,0,0,0,4301,0,0,0,0,0,0
199,3938,200.0418418895322,99975,275,126,17,4,3260,1622,0.048832208052013,141,90,47144,48542,2421,1236,0,0,0,0,0,0,95565,0,0,50,0,0,0,0,0,0,0,4360,0,0,0,0,0,0
200,3938,201.0839492023059,99975,269,129,17,4,3303,1642,0.04946236559139785,138,91,47114,48529,2460,1245,0,0,0,0,0,0,95501,0,0,52,0,0,0,0,0,0,0,4422,0,0,0,0,0,0
201,3938,202.1268180923033,99974,256,140,18,4,3335,1667,0.05003300858223138,141,84,47088,48514,2495,1256,0,0,0,0,0,0,95442,0,0,52,0,0,0,0,0,0,0,4480,0,0,0,0,0,0
202,3938,203.1703276182302,99974,245,146,18,4,3361,1689,0.05051313341468782,166,77,47048,48505,2521,1266,0,0,0,0,0,0,95391,0,0,54,0,0,0,0,0,0,0,4529,0,0,0,0,0,0
203,3938,204.2145669657209,99974,261,147,18,4,3402,1713,0.051163302458639245,174,77,47008,48489,2537,1281,0,0,0,0,0,0,95344,0,0,55,0,0,0,0,0,0,0,4575,0,0,0,0,0,0
204,3938,205.2594521367321,99974,260,134,18,4,3440,1734,0.05175345589853362,172,75,46980,48475,2568,1310,0,0,0,0,0,0,95275,0,0,59,0,0,0,0,0,0,0,4640,0,0,0,0,0,0
205,3938,206.3051020161139,99974,247,128,18,4,3475,1748,0.05224358333166623,180,79,46943,48465,2610,1322,0,0,0,0,0,0,95208,0,0,60,0,0,0,0,0,0,0,4706,0,0,0,0,0,0
206,3938,207.0026920458828,99974,255,125,18,4,3501,1758,0.05260367695600856,178,83,46924,48451,2623,1335,0,0,0,0,0,0,95178,0,0,61,0,0,0,0,0,0,0,4735,0,0,0,0,0,0
207,3938,208.04961866292805,99973,249,126,18,5,3542,1777,0.05320436517859822,170,84,46899,48434,2662,1349,0,0,0,0,0,0,95116,0,0,64,0,0,0,0,0,0,0,4793,0,0,0,0,0,0
208,3938,209.09723117944907,99973,238,125,18,5,3580,1796,0.05377451912016244,169,80,46871,48421,2702,1367,0,0,0,0,0,0,95050,0,0,67,0,0,0,0,0,0,0,4856,0,0,0,0,0,0
209,3938,210.14562036323585,99972,235,132,19,5,3623,1820,0.054445244668507184,147,81,46854,48400,2743,1380,0,0,0,0,0,0,94992,0,0,72,0,0,0,0,0,0,0,4908,0,0,0,0,0,0
210,3938,211.19459629454522,99972,239,137,19,5,3657,1848,0.05506541831712879,158,73,46816,48386,2766,1397,0,0,0,0,0,0,94940,0,0,73,0,0,0,0,0,0,0,4959,0,0,0,0,0,0
211,3938,212.24428322746127,99972,238,124,19,5,3698,1857,0.05556555835633978,169,78,46780,48375,2792,1416,0,0,0,0,0,0,94879,0,0,76,0,0,0,0,0,0,0,5017,0,0,0,0,0,0
212,3938,213.29464242384552,99972,253,135,19,5,3741,1883,0.056255751610450926,169,77,46751,48352,2806,1429,0,0,0,0,0,0,94838,0,0,78,0,0,0,0,0,0,0,5056,0,0,0,0,0,0
213,3938,214.34548704904006,99971,262,135,19,6,3786,1910,0.0569765231917256,170,75,46713,48339,2834,1443,0,0,0,0,0,0,94776,0,0,79,0,0,0,0,0,0,0,5116,0,0,0,0,0,0
214,3938,215.04647041761365,99971,267,130,19,6,3816,1917,0.057346630522851626,169,86,46696,48324,2847,1452,0,0,0,0,0,0,94739,0,0,79,0,0,0,0,0,0,0,5153,0,0,0,0,0,0
215,3938,216.0983352181903,99971,270,151,19,6,3862,1950,0.0581368596893099,163,67,46665,48318,2881,1456,0,0,0,0,0,0,94687,0,0,82,0,0,0,0,0,0,0,5202,0,0,0,0,0,0
216,3938,217.15081157239882,99971,270,143,19,6,3903,1970,0.058747036640625784,169,68,46633,48304,2907,1477,0,0,0,0,0,0,94620,0,0,84,0,0,0,0,0,0,0,5267,0,0,0,0,0,0
217,3938,218.2041095254424,99970,273,141,20,6,3951,1992,0.05944783435030509,167,68,46598,48289,2940,1494,0,0,0,0,0,0,94553,0,0,86,0,0,0,0,0,0,0,5331,0,0,0,0,0,0
218,3938,219.2582220359411,99970,258,134,20,6,3984,2008,0.059937981394418326,183,75,46561,48276,2976,1507,0,0,0,0,0,0,94485,0,0,89,0,0,0,0,0,0,0,5396,0,0,0,0,0,0
219,3938,220.31318216594107,99970,249,137,20,6,4020,2030,0.06051815544663399,188,68,46528,48268,3013,1519,0,0,0,0,0,0,94424,0,0,92,0,0,0,0,0,0,0,5454,0,0,0,0,0,0
220,3938,221.0169223609066,99970,248,144,20,6,4045,2050,0.060968290487146144,189,66,46509,48252,3032,1530,0,0,0,0,0,0,94385,0,0,92,0,0,0,0,0,0,0,5493,0,0,0,0,0,0
221,3938,222.07305563064625,99970,254,142,20,6,4086,2066,0.06153846153846154,186,75,46484,48236,3054,1539,0,0,0,0,0,0,94333,0,0,93,0,0,0,0,0,0,0,5544,0,0,0,0,0,0
222,3938,223.12974471169025,99970,257,138,20,6,4138,2087,0.062268680604181254,178,76,46457,48221,3086,1557,0,0,0,0,0,0,94259,0,0,93,0,0,0,0,0,0,0,5618,0,0,0,0,0,0
223,3938,224.1870592139356,99970,257,130,20,6,4174,2103,0.0627888366509953,174,79,46437,48210,3110,1573,0,0,0,0,0,0,94201,0,0,95,0,0,0,0,0,0,0,5674,0,0,0,0,0,0
224,3938,225.24493121671827,99970,265,133,20,6,4224,2125,0.06350905271581475,160,87,46418,48190,3135,1582,0,0,0,0,0,0,94143,0,0,98,0,0,0,0,0,0,0,5729,0,0,0,0,0,0
225,3938,226.303245293701,99970,270,141,20,6,4262,2147,0.06410923276983095,172,91,46381,48173,3155,1587,0,0,0,0,0,0,94098,0,0,100,0,0,0,0,0,0,0,5772,0,0,0,0,0,0
226,3938,227.0091382795324,99970,273,143,20,6,4293,2165,0.06459937981394419,170,87,46360,48164,3175,1598,0,0,0,0,0,0,94055,0,0,101,0,0,0,0,0,0,0,5814,0,0,0,0,0,0
227,3938,228.06846872861922,99970,287,154,20,6,4341,2200,0.0654296288886666,161,72,46339,48151,3191,1615,0,0,0,0,0,0,93999,0,0,103,0,0,0,0,0,0,0,5868,0,0,0,0,0,0
228,3938,229.12830505328077,99970,280,148,20,6,4389,2219,0.0660998299489847,168,81,46297,48133,3233,1630,0,0,0,0,0,0,93921,0,0,105,0,0,0,0,0,0,0,5944,0,0,0,0,0,0
229,3938,230.1890141182617,99970,285,159,20,6,4437,2245,0.06684005201560468,160,74,46267,48123,3266,1636,0,0,0,0,0,0,93866,0,0,108,0,0,0,0,0,0,0,5996,0,0,0,0,0,0
230,3938,231.25039936559588,99969,294,165,21,6,4481,2270,0.06753093458972281,164,71,46233,48104,3286,1652,0,0,0,0,0,0,93817,0,0,113,0,0,0,0,0,0,0,6039,0,0,0,0,0,0
231,3938,232.31245341333369,99969,272,159,21,6,4514,2291,0.0680711020416329,182,77,46200,48084,3323,1672,0,0,0,0,0,0,93737,0,0,115,0,0,0,0,0,0,0,6117,0,0,0,0,0,0
232,3938,233.02094758444463,99969,290,152,21,6,4559,2300,0.068611269493543,168,83,46177,48071,3342,1686,0,0,0,0,0,0,93695,0,0,116,0,0,0,0,0,0,0,6158,0,0,0,0,0,0
233,3938,234.0843163638543,99969,289,143,21,6,4601,2322,0.06925146795506607,163,78,46163,48059,3362,1712,0,0,0,0,0,0,93623,0,0,118,0,0,0,0,0,0,0,6228,0,0,0,0,0,0
234,3938,235.14826374625977,99968,292,141,22,6,4648,2340,0.06990236875800256,161,78,46133,48048,3390,1725,0,0,0,0,0,0,93560,0,0,119,0,0,0,0,0,0,0,6289,0,0,0,0,0,0
235,3938,236.21281601212684,99968,286,129,22,6,4690,2353,0.07045254481434059,158,74,46114,48046,3418,1743,0,0,0,0,0,0,93490,0,0,122,0,0,0,0,0,0,0,6356,0,0,0,0,0,0
236,3938,237.27798135990574,99968,286,135,22,6,4734,2373,0.07109274967989757,155,82,46080,48028,3455,1747,0,0,0,0,0,0,93436,0,0,126,0,0,0,0,0,0,0,6406,0,0,0,0,0,0
237,3938,238.3438320929454,99968,282,146,22,6,4780,2399,0.07181298015364916,148,77,46052,48017,3494,1752,0,0,0,0,0,0,93373,0,0,128,0,0,0,0,0,0,0,6467,0,0,0,0,0,0
238,3938,239.05481705853163,99968,284,142,22,6,4810,2415,0.07227312740076824,154,72,46027,48011,3511,1767,0,0,0,0,0,0,93326,0,0,129,0,0,0,0,0,0,0,6513,0,0,0,0,0,0
239,3938,240.12194777352002,99968,290,131,22,6,4863,2428,0.07293333866837388,150,77,45988,47996,3548,1788,0,0,0,0,0,0,93257,0,0,131,0,0,0,0,0,0,0,6580,0,0,0,0,0,0
240,3938,241.18993135516206,99968,287,134,22,6,4907,2452,0.07361355633802817,141,75,45968,47977,3580,1806,0,0,0,0,0,0,93194,0,0,136,0,0,0,0,0,0,0,6638,0,0,0,0,0,0
241,3938,242.2585848549523,99968,285,137,22,6,4945,2477,0.07424375800256082,151,65,45932,47974,3608,1816,0,0,0,0,0,0,93133,0,0,137,0,0,0,0,0,0,0,6698,0,0,0,0,0,0
242,3938,243.32810463888626,99968,292,126,22,6,4989,2492,0.07483394686299616,153,67,45894,47965,3637,1834,0,0,0,0,0,0,93071,0,0,138,0,0,0,0,0,0,0,6759,0,0,0,0,0,0
243,3938,244.04155631097512,99968,290,123,22,6,5016,2505,0.07523407490396927,158,75,45872,47947,3656,1847,0,0,0,0,0,0,93027,0,0,139,0,0,0,0,0,0,0,6802,0,0,0,0,0,0
244,3938,245.11241698123584,99968,281,128,22,6,5062,2524,0.07588428297055058,162,71,45829,47937,3704,1856,0,0,0,0,0,0,92963,0,0,144,0,0,0,0,0,0,0,6861,0,0,0,0,0,0
245,3938,246.184248328113,99968,284,130,22,6,5101,2545,0.07648447503201024,159,69,45803,47923,3730,1870,0,0,0,0,0,0,92911,0,0,147,0,0,0,0,0,0,0,6910,0,0,0,0,0,0
246,3938,247.25668226331834,99968,290,120,22,6,5150,2562,0.07714468629961588,151,68,45774,47912,3761,1892,0,0,0,0,0,0,92844,0,0,150,0,0,0,0,0,0,0,6974,0,0,0,0,0,0
247,3938,248.32988240075554,99968,284,127,22,6,5195,2587,0.07784491037131883,157,58,45742,47901,3793,1906,0,0,0,0,0,0,92776,0,0,151,0,0,0,0,0,0,0,7041,0,0,0,0,0,0
248,3938,249.04574713320878,99968,268,122,22,6,5221,2595,0.07818501920614597,152,62,45732,47895,3824,1913,0,0,0,0,0,0,92724,0,0,154,0,0,0,0,0,0,0,7090,0,0,0,0,0,0
249,3938,250.12016119707843,99967,268,115,23,6,5264,2609,0.07875598947652726,152,68,45703,47881,3852,1928,0,0,0,0,0,0,92662,0,0,156,0,0,0,0,0,0,0,7149,0,0,0,0,0,0
250,3938,251.19520446738878,99966,273,122,24,6,5303,2625,0.07930696436788508,148,77,45683,47868,3870,1925,0,0,0,0,0,0,92621,0,0,158,0,0,0,0,0,0,0,7187,0,0,0,0,0,0
251,3938,252.270690544169,99966,276,122,24,6,5345,2645,0.07992717523958145,151,80,45657,47852,3890,1938,0,0,0,0,0,0,92565,0,0,161,0,0,0,0,0,0,0,7240,0,0,0,0,0,0
252,3938,253.34672543639982,99965,265,131,25,6,5392,2668,0.08062821987695694,151,73,45620,47844,3937,1944,0,0,0,0,0,0,92495,0,0,163,0,0,0,0,0,0,0,7307,0,0,0,0,0,0
253,3938,254.0646068052464,99964,264,129,26,6,5414,2681,0.08097915249489816,157,73,45603,47837,3948,1953,0,0,0,0,0,0,92458,0,0,164,0,0,0,0,0,0,0,7342,0,0,0,0,0,0
254,3938,255.14192269864,99964,259,133,26,6,5455,2701,0.08158937217398263,148,77,45585,47819,3980,1963,0,0,0,0,0,0,92399,0,0,167,0,0,0,0,0,0,0,7398,0,0,0,0,0,0
255,3938,256.2197769097925,99964,263,125,26,6,5496,2718,0.08216958104917771,150,83,45554,47801,4005,1983,0,0,0,0,0,0,92338,0,0,168,0,0,0,0,0,0,0,7458,0,0,0,0,0,0
256,3938,257.298325353222,99963,254,131,27,6,5532,2742,0.08277062513129858,163,82,45522,47785,4032,1994,0,0,0,0,0,0,92278,0,0,171,0,0,0,0,0,0,0,7514,0,0,0,0,0,0
257,3938,258.01771626294453,99963,252,126,27,6,5563,2755,0.08321078799155687,159,81,45503,47779,4057,2006,0,0,0,0,0,0,92227,0,0,171,0,0,0,0,0,0,0,7565,0,0,0,0,0,0
258,3938,259.09745115204777,99962,260,128,28,6,5614,2779,0.08396190552409916,143,79,45485,47761,4082,2024,0,0,0,0,0,0,92166,0,0,175,0,0,0,0,0,0,0,7621,0,0,0,0,0,0
259,3938,260.1777403797191,99962,258,141,28,6,5649,2806,0.08458214121366119,156,76,45454,47746,4102,2029,0,0,0,0,0,0,92116,0,0,176,0,0,0,0,0,0,0,7670,0,0,0,0,0,0
260,3938,261.25856968961295,99961,259,137,29,6,5694,2823,0.08520322925941116,147,76,45436,47737,4127,2042,0,0,0,0,0,0,92055,0,0,180,0,0,0,0,0,0,0,7726,0,0,0,0,0,0
261,3938,262.3399570866565,99961,256,139,29,6,5740,2847,0.08590350236592272,133,73,45421,47729,4159,2051,0,0,0,0,0,0,91990,0,0,186,0,0,0,0,0,0,0,7785,0,0,0,0,0,0
262,3938,263.06117285577994,99961,254,138,29,6,5771,2864,0.08638368963895919,132,71,45405,47717,4178,2066,0,0,0,0,0,0,91939,0,0,186,0,0,0,0,0,0,0,7836,0,0,0,0,0,0
263,3938,264.1435365888365,99961,248,133,29,6,5805,2882,0.08690389251808205,140,68,45377,47709,4204,2082,0,0,0,0,0,0,91879,0,0,189,0,0,0,0,0,0,0,7893,0,0,0,0,0,0
264,3938,265.22657303128364,99961,264,120,29,6,5863,2896,0.08762417342763677,126,75,45346,47695,4233,2102,0,0,0,0,0,0,91815,0,0,194,0,0,0,0,0,0,0,7952,0,0,0,0,0,0
265,3938,266.3103380099951,99961,263,123,29,6,5895,2921,0.08819439581436761,137,74,45311,47678,4258,2117,0,0,0,0,0,0,91760,0,0,194,0,0,0,0,0,0,0,8007,0,0,0,0,0,0
266,3938,267.033282274889,99961,273,123,29,6,5929,2933,0.0886545752843609,134,75,45291,47668,4271,2126,0,0,0,0,0,0,91729,0,0,199,0,0,0,0,0,0,0,8033,0,0,0,0,0,0
267,3938,268.118230576775,99959,270,121,30,7,5967,2948,0.08918656649226182,130,77,45271,47658,4297,2135,0,0,0,0,0,0,91673,0,0,199,1,0,0,0,0,0,0,8086,0,0,0,0,0,0
268,3938,269.2036681510499,99959,272,123,30,7,6004,2967,0.08974679618643644,132,78,45246,47650,4318,2140,0,0,0,0,0,0,91623,0,0,201,1,0,0,0,0,0,0,8134,0,0,0,0,0,0
269,3938,270.28956603640245,99959,271,119,30,7,6041,2982,0.09026700947388429,135,79,45227,47643,4335,2150,0,0,0,0,0,0,91568,0,0,203,1,0,0,0,0,0,0,8187,0,0,0,0,0,0
270,3938,271.01378136034424,99959,272,113,30,7,6069,2990,0.09062715713442511,147,84,45198,47632,4351,2162,0,0,0,0,0,0,91529,0,0,203,2,0,0,0,0,0,0,8225,0,0,0,0,0,0
271,3938,272.1007198910597,99959,274,118,30,7,6109,3012,0.09124741143868986,156,72,45180,47631,4358,2170,0,0,0,0,0,0,91478,0,0,207,2,0,0,0,0,0,0,8272,0,0,0,0,0,0
272,3938,273.18806232483126,99958,277,116,31,7,6151,3028,0.0918285679985594,151,75,45164,47617,4375,2183,0,0,0,0,0,0,91422,0,0,206,3,0,0,0,0,0,0,8327,0,0,0,0,0,0
273,3938,274.2758463788532,99958,279,126,31,7,6193,3055,0.09251885792032653,150,72,45140,47603,4398,2190,0,0,0,0,0,0,91367,0,0,208,3,0,0,0,0,0,0,8380,0,0,0,0,0,0
274,3938,275.00129456062336,99958,282,118,31,7,6231,3066,0.09300906380679885,134,81,45132,47589,4419,2203,0,0,0,0,0,0,91316,0,0,211,3,0,0,0,0,0,0,8428,0,0,0,0,0,0
275,3938,276.08978395374396,99958,262,126,31,7,6257,3089,0.09349926969327117,141,75,45124,47582,4440,2208,0,0,0,0,0,0,91259,0,0,215,3,0,0,0,0,0,0,8481,0,0,0,0,0,0
276,3938,277.17861634255786,99958,258,123,31,7,6292,3112,0.09407951339562616,146,72,45100,47572,4463,2224,0,0,0,0,0,0,91200,0,0,221,3,0,0,0,0,0,0,8534,0,0,0,0,0,0
277,3938,278.2681375582071,99957,257,118,32,7,6335,3133,0.09472072991386296,147,74,45073,47564,4489,2235,0,0,0,0,0,0,91132,0,0,223,3,0,0,0,0,0,0,8599,0,0,0,0,0,0
278,3938,279.3583622294891,99957,246,125,32,7,6367,3156,0.09527096651560171,158,69,45052,47555,4510,2242,0,0,0,0,0,0,91078,0,0,228,3,0,0,0,0,0,0,8648,0,0,0,0,0,0
279,3938,280.08547575923257,99957,248,124,32,7,6394,3170,0.09568114289144332,156,63,45043,47553,4519,2251,0,0,0,0,0,0,91039,0,0,229,3,0,0,0,0,0,0,8686,0,0,0,0,0,0
280,3938,281.1764583035506,99957,242,126,32,7,6433,3187,0.09624138379503186,147,73,45024,47535,4553,2257,0,0,0,0,0,0,90983,0,0,233,3,0,0,0,0,0,0,8738,0,0,0,0,0,0
281,3938,282.2678881956622,99957,237,117,32,7,6470,3199,0.09673159458567183,144,85,45012,47523,4573,2266,0,0,0,0,0,0,90927,0,0,240,3,0,0,0,0,0,0,8787,0,0,0,0,0,0
282,3938,283.3597276978906,99957,242,122,32,7,6505,3227,0.09736186560220896,147,75,44995,47512,4582,2282,0,0,0,0,0,0,90879,0,0,245,3,0,0,0,0,0,0,8830,0,0,0,0,0,0
283,3938,284.0878379916465,99957,240,124,32,7,6530,3238,0.09772202046880159,152,84,44976,47497,4598,2286,0,0,0,0,0,0,90848,0,0,250,3,0,0,0,0,0,0,8856,0,0,0,0,0,0
284,3938,285.18050580231744,99957,230,140,32,7,6562,3268,0.0983422871834889,164,73,44945,47482,4627,2296,0,0,0,0,0,0,90795,0,0,253,3,0,0,0,0,0,0,8906,0,0,0,0,0,0
285,3938,286.2738366899562,99957,233,153,32,7,6604,3298,0.09906259691667417,167,63,44916,47476,4650,2299,0,0,0,0,0,0,90739,0,0,253,3,0,0,0,0,0,0,8962,0,0,0,0,0,0
286,3938,287.00302249490636,99957,233,146,32,7,6633,3312,0.09949278189621537,167,65,44893,47469,4673,2311,0,0,0,0,0,0,90691,0,0,255,3,0,0,0,0,0,0,9008,0,0,0,0,0,0
287,3938,288.0974943322649,99957,247,134,32,7,6673,3327,0.10004301849795412,162,74,44872,47454,4685,2329,0,0,0,0,0,0,90641,0,0,258,3,0,0,0,0,0,0,9055,0,0,0,0,0,0
288,3938,289.192473226124,99956,256,126,33,7,6712,3348,0.10064428348473328,158,71,44854,47441,4697,2353,0,0,0,0,0,0,90585,0,0,261,3,0,0,0,0,0,0,9107,0,0,0,0,0,0
289,3938,290.28780518630265,99954,269,129,34,8,6772,3364,0.10140664705764652,145,73,44828,47429,4722,2359,0,0,0,0,0,0,90527,0,0,263,3,0,0,0,0,0,0,9161,0,0,0,0,0,0
290,3938,291.0183590440947,99954,261,131,34,8,6795,3374,0.10173679892750666,145,72,44818,47424,4740,2363,0,0,0,0,0,0,90489,0,0,264,3,0,0,0,0,0,0,9198,0,0,0,0,0,0
291,3938,292.11473329801083,99954,265,132,34,8,6840,3394,0.10238709806510995,146,67,44794,47413,4759,2378,0,0,0,0,0,0,90432,0,0,267,3,0,0,0,0,0,0,9252,0,0,0,0,0,0
292,3938,293.2116128439609,99953,267,133,34,9,6881,3416,0.10301841865676868,165,72,44753,47394,4779,2390,0,0,0,0,0,0,90377,0,0,272,3,0,0,0,0,0,0,9301,0,0,0,0,0,0
293,3938,294.30914394914186,99952,270,130,34,10,6923,3433,0.10360973267168241,166,77,44727,47377,4801,2404,0,0,0,0,0,0,90319,0,0,273,3,0,0,0,0,0,0,9357,0,0,0,0,0,0
294,3938,295.0411986405082,99952,262,130,34,10,6947,3448,0.10399991996158156,179,79,44711,47368,4812,2411,0,0,0,0,0,0,90272,0,0,273,3,0,0,0,0,0,0,9404,0,0,0,0,0,0
295,3938,296.13975815794646,99952,272,127,34,10,7002,3470,0.10477028973907476,170,83,44678,47347,4844,2431,0,0,0,0,0,0,90206,0,0,277,3,0,0,0,0,0,0,9466,0,0,0,0,0,0
296,3938,297.2389974415474,99951,281,128,35,10,7046,3492,0.10543166151414193,166,90,44659,47329,4857,2441,0,0,0,0,0,0,90156,0,0,283,3,0,0,0,0,0,0,9509,0,0,0,0,0,0
297,3938,298.33862603871376,99950,276,128,36,10,7084,3519,0.10608304152076038,167,82,44642,47316,4877,2462,0,0,0,0,0,0,90091,0,0,288,3,0,0,0,0,0,0,9568,0,0,0,0,0,0
298,3938,299.0720224539764,99950,266,121,36,10,7106,3526,0.10637318659329664,177,85,44624,47311,4895,2471,0,0,0,0,0,0,90049,0,0,292,3,0,0,0,0,0,0,9606,0,0,0,0,0,0
299,3938,300.17258627778614,99950,280,128,36,10,7158,3551,0.10714357178589294,181,84,44589,47298,4912,2478,0,0,0,0,0,0,89996,0,0,295,3,0,0,0,0,0,0,9656,0,0,0,0,0,0
300,3938,301.2738186035532,99950,286,133,36,10,7213,3577,0.10795397698849425,171,80,44557,47281,4948,2494,0,0,0,0,0,0,89931,0,0,298,4,0,0,0,0,0,0,9717,0,0,0,0,0,0
301,3938,302.00845002557503,99950,276,129,36,10,7235,3596,0.10836418209104552,173,79,44547,47269,4966,2511,0,0,0,0,0,0,89878,0,0,300,4,0,0,0,0,0,0,9768,0,0,0,0,0,0
302,3938,303.11085547257863,99949,276,132,36,11,7278,3619,0.10902560305755936,186,87,44515,47246,4985,2522,0,0,0,0,0,0,89820,0,0,303,5,0,0,0,0,0,0,9821,0,0,0,0,0,0
303,3938,304.2138368810527,99949,295,131,36,11,7347,3638,0.10990605208656415,144,92,44510,47231,5013,2533,0,0,0,0,0,0,89757,0,0,310,5,0,0,0,0,0,0,9877,0,0,0,0,0,0
304,3938,305.3171927089486,99948,282,135,37,11,7391,3672,0.11068755752991556,141,79,44491,47223,5047,2550,0,0,0,0,0,0,89674,0,0,314,5,0,0,0,0,0,0,9955,0,0,0,0,0,0
305,3938,306.05311996498045,99948,271,133,37,11,7412,3684,0.11101772921919398,151,82,44473,47216,5066,2556,0,0,0,0,0,0,89632,0,0,318,5,0,0,0,0,0,0,9993,0,0,0,0,0,0
306,3938,307.157587907649,99948,277,130,37,11,7453,3709,0.11167807259775082,151,76,44450,47206,5083,2575,0,0,0,0,0,0,89574,0,0,321,6,0,0,0,0,0,0,10047,0,0,0,0,0,0
307,3938,308.26258170363207,99948,272,126,37,11,7503,3727,0.11235842638171849,146,82,44428,47194,5115,2585,0,0,0,0,0,0,89501,0,0,325,6,0,0,0,0,0,0,10116,0,0,0,0,0,0
308,3938,309.36820868459205,99948,266,125,37,11,7542,3744,0.11291871773322128,152,80,44415,47187,5128,2595,0,0,0,0,0,0,89446,0,0,333,6,0,0,0,0,0,0,10163,0,0,0,0,0,0
309,3938,310.10556883844765,99948,270,128,37,11,7570,3761,0.11336895185496458,149,78,44400,47176,5142,2605,0,0,0,0,0,0,89411,0,0,336,6,0,0,0,0,0,0,10195,0,0,0,0,0,0
310,3938,311.21190556963427,99948,272,129,37,11,7612,3782,0.11399927962540521,155,83,44378,47161,5156,2614,0,0,0,0,0,0,89356,0,0,341,6,0,0,0,0,0,0,10245,0,0,0,0,0,0
311,3938,312.31870792971057,99947,293,127,38,11,7662,3806,0.11474081263069427,154,82,44354,47146,5159,2632,0,0,0,0,0,0,89306,0,0,346,6,0,0,0,0,0,0,10289,0,0,0,0,0,0
312,3938,313.0567937080785,99947,281,141,38,11,7687,3826,0.1151910512571663,156,75,44338,47143,5185,2628,0,0,0,0,0,0,89266,0,0,349,6,0,0,0,0,0,0,10326,0,0,0,0,0,0
313,3938,314.1644772397286,99947,279,148,38,11,7735,3851,0.11592143836233204,152,80,44307,47125,5222,2634,0,0,0,0,0,0,89203,0,0,354,6,0,0,0,0,0,0,10384,0,0,0,0,0,0
314,3938,315.27286770782064,99947,282,145,38,11,7783,3868,0.11657178304501385,150,89,44281,47112,5247,2641,0,0,0,0,0,0,89139,0,0,355,6,0,0,0,0,0,0,10447,0,0,0,0,0,0
315,3938,316.01213696029777,99947,279,154,38,11,7810,3888,0.11704203227710687,149,87,44267,47102,5265,2644,0,0,0,0,0,0,89099,0,0,354,7,0,0,0,0,0,0,10487,0,0,0,0,0,0
316,3938,317.1215990967509,99947,277,140,38,11,7843,3906,0.11755230272044183,156,92,44255,47086,5272,2669,0,0,0,0,0,0,89037,0,0,359,7,0,0,0,0,0,0,10544,0,0,0,0,0,0
317,3938,318.2313768233505,99946,267,148,39,11,7890,3933,0.11829387869449502,153,92,44229,47070,5310,2677,0,0,0,0,0,0,88969,0,0,367,7,0,0,0,0,0,0,10603,0,0,0,0,0,0
318,3938,319.3418516617911,99946,277,140,39,11,7938,3954,0.11898425149580774,155,89,44208,47063,5319,2695,0,0,0,0,0,0,88905,0,0,368,8,0,0,0,0,0,0,10665,0,0,0,0,0,0
319,3938,320.0824088335102,99946,277,144,39,11,7965,3966,0.11937446220959318,154,92,44204,47051,5323,2699,1,1,1,1,0,0,88870,0,0,369,8,0,0,0,0,0,1,10697,1,0,0,0,0,0
320,3938,321.1976838778623,99945,268,156,40,11,7998,3993,0.11997598679273601,162,86,44183,47040,5343,2703,2,2,2,2,0,0,88814,0,0,372,8,0,0,0,0,0,3,10747,1,0,0,0,0,0
321,3938,322.1016175462305,99945,275,160,40,11,8038,4014,0.12058632247736255,154,76,44163,47035,5363,2713,3,3,3,3,0,0,88763,0,0,373,8,0,0,0,0,0,5,10795,1,0,0,0,0,0
322,3938,323.1047008097488,99945,277,167,40,11,8071,4035,0.12112661964080244,161,76,44134,47025,5382,2715,4,4,4,4,0,0,88720,0,0,377,8,0,0,0,0,0,7,10832,1,0,0,0,0,0
323,3938,324.0785240432039,99945,291,165,40,11,8123,4056,0.12185702136174896,160,86,44109,47007,5393,2724,5,5,5,5,0,0,88663,0,0,381,9,0,0,0,0,0,9,10882,1,0,0,0,0,0
324,3938,325.10807159707923,99945,296,166,40,11,8167,4081,0.12254740107058883,149,88,44095,46989,5413,2738,5,6,6,6,0,0,88602,0,0,385,9,0,0,0,0,0,11,10937,1,0,0,0,0,0
325,3938,326.04553325662016,99945,295,158,40,11,8207,4102,0.12315773675521537,150,88,44073,46977,5434,2757,6,7,7,7,0,0,88532,0,0,387,9,0,0,0,0,0,13,11003,1,0,0,0,0,0
326,3938,327.177317621827,99945,292,167,40,11,8244,4132,0.1238281054580019,156,88,44049,46954,5454,2770,7,8,8,8,0,0,88475,0,0,393,9,0,0,0,0,0,15,11052,1,0,0,0,0,0
327,3938,328.1664743384821,99945,299,175,40,11,8285,4162,0.12453849617289509,158,86,44028,46939,5465,2778,8,9,9,9,0,0,88420,0,0,395,9,0,0,0,0,0,16,11103,2,0,0,0,0,0
328,3938,329.02987622566474,99945,304,169,40,11,8320,4179,0.12505878233028164,161,91,44002,46923,5482,2794,9,10,10,10,0,0,88369,0,0,399,9,0,0,0,0,0,18,11148,2,0,0,0,0,0
329,3938,330.058767509313,99945,295,162,40,11,8362,4198,0.1256691180149082,157,97,43992,46909,5504,2808,10,11,11,11,0,0,88297,0,0,406,9,0,0,0,0,0,20,11211,2,0,0,0,0,0
330,3938,331.01028969302655,99945,288,168,40,11,8394,4227,0.12627945369953475,164,97,43960,46888,5535,2822,11,12,12,12,0,0,88237,0,0,410,9,0,0,0,0,0,22,11265,2,0,0,0,0,0
331,3938,332.0084239455219,99944,281,167,41,11,8428,4254,0.1268910589930361,169,91,43940,46877,5555,2839,12,13,13,13,0,0,88170,0,0,414,9,0,0,0,0,0,24,11325,2,0,0,0,0,0
332,3938,333.0319411959766,99944,285,174,41,11,8472,4282,0.1276114624189546,162,86,43919,46863,5578,2850,13,14,14,14,0,0,88115,0,0,422,9,0,0,0,0,0,26,11370,2,0,0,0,0,0
333,3938,334.1455037350796,99944,285,174,41,11,8520,4303,0.12830184903545985,161,91,43907,46844,5590,2863,14,15,15,15,0,0,88049,0,0,426,9,0,0,0,0,0,27,11430,3,0,0,0,0,0
334,3938,335.0087906263957,99944,265,179,41,11,8550,4328,0.1288521572080365,168,91,43888,46831,5621,2870,15,16,16,16,0,0,87985,0,0,434,9,0,0,0,0,0,29,11484,3,0,0,0,0,0
335,3938,336.02135078661036,99943,273,183,42,11,8591,4350,0.1294838057692885,156,93,43875,46813,5636,2881,16,17,17,17,0,0,87938,0,0,439,9,0,0,0,0,0,30,11523,4,0,0,0,0,0
336,3938,337.03452656818934,99943,280,179,42,11,8640,4372,0.13019421070009907,156,95,43845,46798,5658,2898,17,17,18,18,0,0,87871,0,0,442,9,0,0,0,0,0,32,11585,4,0,0,0,0,0
337,3938,338.04880439044825,99943,285,182,42,11,8677,4397,0.13081456430165195,156,88,43826,46790,5671,2909,18,18,19,19,0,0,87819,0,0,446,9,0,0,0,0,0,34,11631,4,0,0,0,0,0
338,3938,339.00212356469785,99942,285,184,43,11,8716,4422,0.13145624462188069,151,83,43815,46782,5685,2919,19,19,20,20,0,0,87758,0,0,449,9,0,0,0,0,0,36,11686,4,0,0,0,0,0
339,3938,340.0437598172096,99942,273,186,43,11,8755,4450,0.1321266334473995,155,77,43790,46765,5717,2939,20,20,21,21,0,0,87687,0,0,456,9,0,0,0,0,0,37,11748,5,0,0,0,0,0
340,3938,341.0073409600116,99942,271,185,43,11,8795,4472,0.13274699325608852,151,81,43771,46757,5741,2943,21,21,22,22,0,0,87627,0,0,462,9,0,0,0,0,0,38,11800,6,0,0,0,0,0
341,3938,342.2140550715598,99942,287,182,43,11,8861,4509,0.1337775910027816,152,74,43734,46740,5760,2969,22,22,23,23,0,0,87542,0,0,469,9,0,0,0,0,0,40,11876,6,0,0,0,0,0
342,3938,343.3366823977605,99942,289,173,43,11,8914,4529,0.13450801464849613,145,75,43715,46726,5783,2990,23,23,24,24,0,0,87463,0,0,472,9,0,0,0,0,0,42,11950,6,0,0,0,0,0
343,3938,344.0853928603399,99942,290,173,43,11,8946,4546,0.13499829901342777,147,75,43700,46718,5794,2997,24,24,25,25,0,0,87421,0,0,480,9,0,0,0,0,0,44,11982,6,0,0,0,0,0
344,3938,345.20900261465704,99942,287,177,43,11,8999,4570,0.13576874587260612,146,73,43668,46704,5828,3008,26,25,26,27,0,0,87350,0,0,486,10,0,0,0,0,0,47,12043,6,0,0,0,0,0
345,3938,346.33342519908075,99942,291,165,43,11,9038,4592,0.1363790998779292,162,83,43645,46684,5830,3028,27,27,28,29,0,0,87282,0,0,489,10,0,0,0,0,0,49,12104,8,0,0,0,0,0
346,3938,347.0832735963362,99941,296,174,43,12,9071,4614,0.13693078916560772,164,85,43626,46669,5840,3029,29,29,30,31,0,0,87240,0,0,492,10,0,0,0,0,0,53,12138,8,0,0,0,0,0
347,3938,348.20841005721445,99940,299,170,44,12,9125,4639,0.13772263358014808,164,89,43593,46652,5867,3044,31,31,32,33,0,0,87164,0,0,497,11,0,0,0,0,0,56,12203,9,0,0,0,0,0
348,3938,349.33437760816696,99940,294,178,44,12,9172,4669,0.13849309585751451,164,89,43569,46633,5894,3053,33,33,34,35,0,0,87097,0,0,507,11,0,0,0,0,0,59,12256,10,0,0,0,0,0
349,3938,350.08542745921164,99940,291,164,44,12,9200,4677,0.1388533119871923,163,97,43558,46622,5906,3067,36,36,37,38,0,0,87042,0,0,511,11,0,0,0,0,0,65,12301,10,0,0,0,0,0
350,3938,351.2123707134573,99940,291,166,44,12,9245,4702,0.13955373223934361,158,93,43548,46606,5919,3082,38,39,40,41,0,0,86973,0,0,513,12,0,0,0,0,0,70,12361,11,0,0,0,0,0
351,3938,352.33969851782865,99940,275,164,44,12,9283,4723,0.14014408645187112,166,104,43524,46585,5950,3091,39,42,43,44,0,0,86895,0,0,518,12,0,0,0,0,0,76,12428,11,0,0,0,0,0
352,3938,353.09162775642153,99940,278,179,44,12,9313,4749,0.14070442265359215,171,106,43509,46560,5953,3095,43,46,47,48,0,0,86852,0,0,520,12,0,0,0,0,0,83,12461,12,0,0,0,0,0
353,3938,354.2198650400404,99940,290,180,44,12,9369,4780,0.1415749449669802,162,105,43494,46544,5961,3107,47,50,51,52,0,0,86776,0,0,526,12,0,0,0,0,0,91,12523,12,0,0,0,0,0
354,3938,355.3484045494483,99940,299,187,44,12,9421,4812,0.14241544926956173,157,94,43472,46530,5974,3121,52,54,56,57,0,0,86703,0,0,531,12,0,0,0,0,0,101,12581,12,0,0,0,0,0
355,3938,356.10102161659125,99940,297,180,44,12,9453,4826,0.14287572543526117,159,89,43452,46525,5989,3133,57,59,61,62,0,0,86644,0,0,537,12,0,0,0,0,0,111,12624,12,0,0,0,0,0
356,3938,357.2306388816488,99940,287,175,44,12,9494,4849,0.14351610966579947,162,98,43430,46500,6014,3148,61,65,67,67,0,0,86561,0,0,543,12,0,0,0,0,0,121,12690,13,0,0,0,0,0
357,3938,358.36089909905587,99940,288,182,44,12,9539,4890,0.14437662597558534,155,94,43419,46466,6025,3173,67,71,73,73,0,0,86483,0,0,550,12,0,0,0,0,0,128,12749,18,0,0,0,0,0
358,3938,359.11455636361404,99940,280,178,44,12,9567,4906,0.14481689013408044,161,88,43396,46456,6043,3186,74,78,80,80,0,0,86417,0,0,551,12,0,0,0,0,0,139,12800,21,0,0,0,0,0
359,3938,360.2458660249206,99939,270,173,44,13,9611,4930,0.14549875424008646,164,92,43367,46440,6072,3194,81,86,88,87,0,0,86330,0,0,557,13,0,0,0,0,0,151,12864,24,0,0,0,0,0
360,3938,361.0005778223119,99939,277,165,44,13,9649,4944,0.14601907163369657,151,94,43347,46422,6090,3209,89,95,97,95,0,0,86264,0,0,560,13,0,0,0,0,0,167,12910,25,0,0,0,0,0
361,3938,362.1333731517511,99939,251,156,44,13,9685,4970,0.14663945006453938,167,95,43316,46398,6122,3231,98,105,107,104,0,0,86162,0,0,572,13,0,0,0,0,0,184,12981,27,0,0,0,0,0
362,3938,363.26713930657814,99938,257,169,45,13,9734,5005,0.14748143849186496,149,79,43299,46381,6141,3241,107,115,118,113,0,0,86088,0,0,580,14,0,0,0,0,0,203,13025,28,0,0,0,0,0
363,3938,364.0233123832299,99938,256,174,45,13,9772,5021,0.14802177349956974,135,76,43282,46361,6163,3247,117,127,130,123,0,0,86024,0,0,584,14,0,0,0,0,0,221,13063,32,0,0,0,0,0
364,3938,365.15826108367463,99938,233,162,45,13,9801,5041,0.1485120774880426,144,75,43268,46343,6181,3265,127,140,143,134,0,0,85925,0,0,589,14,0,0,0,0,0,241,13133,36,0,0,0,0,0
365,3938,366.2938714970654,99938,230,153,45,13,9839,5071,0.14919249934959675,144,62,43235,46326,6206,3291,138,153,157,146,0,0,85828,0,0,596,14,0,0,0,0,0,265,13197,38,0,0,0,0,0
366,3938,367.051483197129,99938,229,149,45,13,9861,5082,0.14952270407652746,140,71,43220,46302,6213,3295,151,168,172,159,0,0,85768,0,0,597,14,0,0,0,0,0,288,13228,43,0,0,0,0,0
367,3938,368.18847048238695,99938,233,136,45,13,9906,5098,0.15013308251115692,127,72,43201,46281,6229,3312,163,184,189,173,0,0,85676,0,0,605,14,0,0,0,0,0,318,13281,44,0,0,0,0,0
368,3938,369.3260950227285,99938,233,137,45,13,9940,5116,0.15065340511116893,127,75,43187,46257,6228,3318,178,198,207,188,0,0,85606,0,0,614,14,0,0,0,0,0,346,13309,49,0,0,0,0,0
369,3938,370.08469381094466,99938,231,125,45,13,9963,5127,0.150993616041946,125,80,43169,46228,6234,3334,194,218,227,205,0,0,85527,0,0,617,14,0,0,0,0,0,380,13348,52,0,0,0,0,0
370,3938,371.22320901349434,99937,236,126,46,13,10001,5150,0.1516055114722275,124,71,43137,46207,6243,3343,212,238,249,223,0,0,85445,0,0,626,14,0,0,0,0,0,416,13380,56,0,0,0,0,0
371,3938,372.36258641762333,99937,233,124,46,13,10031,5166,0.1520658014549166,137,74,43115,46182,6237,3344,230,261,273,242,0,0,85360,0,0,629,14,0,0,0,0,0,453,13419,62,0,0,0,0,0
372,3938,373.1223828476807,99937,248,125,46,13,10064,5177,0.1525060788296627,127,71,43092,46157,6235,3345,250,287,299,263,0,0,85293,0,0,630,14,0,0,0,0,0,493,13438,69,0,0,0,0,0
373,3938,374.26272957026646,99937,243,126,46,13,10101,5198,0.1530864444600098,125,66,43064,46130,6249,3349,271,314,327,285,0,0,85188,0,0,631,15,0,0,0,0,0,538,13492,73,0,0,0,0,0
374,3938,375.02340287162247,99937,238,120,46,13,10125,5213,0.15347669031489838,138,69,43026,46091,6255,3361,295,344,357,309,0,0,85098,0,0,640,15,0,0,0,0,0,587,13519,78,0,0,0,0,0
375,3938,376.1654766426285,99937,255,118,46,13,10181,5229,0.15419714420084654,129,79,42982,46050,6267,3363,319,375,390,334,0,0,84994,0,0,644,15,0,0,0,0,0,638,13561,85,0,0,0,0,0
376,3938,377.3085129989681,99937,252,125,46,13,10221,5253,0.15483754765502267,124,79,42954,46010,6276,3363,346,408,425,361,0,0,84886,0,0,652,15,0,0,0,0,0,694,13599,91,0,0,0,0,0
377,3938,378.07099237697304,99937,250,130,46,13,10239,5271,0.15519777459799675,130,81,42916,45961,6281,3368,375,445,463,390,0,0,84801,0,0,658,16,0,0,0,0,0,753,13611,98,0,0,0,0,0
378,3938,379.21583709449334,99937,233,142,46,13,10264,5301,0.15574812131642934,148,74,42887,45907,6280,3378,404,484,504,421,0,0,84684,0,0,664,17,0,0,0,0,0,818,13649,105,0,0,0,0,0
379,3938,380.36143249560655,99937,252,152,46,13,10311,5326,0.1564685752023775,145,62,42851,45870,6270,3373,434,528,548,454,0,0,84581,0,0,667,17,0,0,0,0,0,881,13672,119,0,0,0,0,0
380,3938,381.12563750787876,99937,256,153,46,13,10341,5341,0.15691885888109508,147,60,42813,45824,6268,3376,468,572,595,489,0,0,84478,0,0,670,17,0,0,0,0,0,947,13690,135,0,0,0,0,0
381,3938,382.27288022127374,99937,247,157,46,13,10378,5364,0.1575192371193852,140,57,42778,45775,6283,3377,504,619,646,526,0,0,84342,0,0,677,17,0,0,0,0,0,1025,13731,145,0,0,0,0,0
382,3938,383.0383026184052,99937,244,162,46,13,10410,5381,0.1580095460139888,136,49,42736,45726,6293,3376,543,672,700,566,0,0,84220,0,0,679,18,0,0,0,0,0,1103,13757,160,0,0,0,0,0
383,3938,384.18788721441103,99937,246,145,46,13,10451,5395,0.15855989273242144,144,61,42679,45671,6299,3380,584,728,758,608,0,0,84062,0,0,683,19,0,0,0,0,0,1197,13810,166,0,0,0,0,0
384,3938,385.3389416784149,99937,267,142,46,13,10505,5414,0.1592903529223411,124,66,42636,45606,6302,3382,623,789,820,653,0,0,83928,0,0,689,21,0,0,0,0,0,1284,13831,184,0,0,0,0,0
385,3938,386.1069193786493,99937,263,143,46,13,10535,5432,0.15977065551297318,118,59,42590,45541,6313,3391,668,851,886,700,0,0,83779,0,0,695,22,0,0,0,0,0,1389,13861,191,0,0,0,0,0
386,3938,387.2604396842736,99937,256,141,46,13,10575,5449,0.1603410148393488,124,56,42531,45487,6327,3380,714,921,957,750,0,0,83611,0,0,700,22,0,0,0,0,0,1496,13903,205,0,0,0,0,0
387,3938,388.03033318148476,99937,255,145,46,13,10603,5466,0.1607912985180664,125,55,42482,45416,6325,3376,765,993,1032,803,0,0,83465,0,0,704,23,0,0,0,0,0,1605,13917,223,0,0,0,0,0
388,3938,389.18678725341056,99937,247,123,46,13,10642,5478,0.161301620020613,131,62,42416,45347,6338,3384,820,1069,1112,859,0,0,83282,0,0,714,24,0,0,0,0,0,1719,13953,245,0,0,0,0,0
389,3938,390.3450917026033,99937,242,127,46,13,10680,5500,0.1619019982589031,136,60,42357,45262,6343,3383,874,1153,1197,918,0,0,83106,0,0,717,26,0,0,0,0,0,1840,13981,267,0,0,0,0,0
390,3938,391.1182268959974,99936,244,122,46,14,10706,5515,0.1623138808837656,125,58,42308,45184,6341,3380,934,1240,1287,980,0,0,82932,0,0,720,26,0,0,0,0,0,1973,13999,286,0,0,0,0,0
391,3938,392.27956319032165,99936,248,126,46,14,10746,5539,0.16295429074607748,123,56,42250,45093,6337,3380,994,1329,1382,1045,0,0,82742,0,0,720,27,0,0,0,0,0,2108,14029,310,0,0,0,0,0
392,3938,393.05462196345303,99936,242,117,46,14,10766,5549,0.16325448286903618,137,58,42178,45003,6333,3383,1062,1423,1483,1114,0,0,82549,0,0,723,27,0,0,0,0,0,2259,14049,329,0,0,0,0,0
393,3938,394.219379434279,99936,233,115,46,14,10804,5566,0.16380483509446045,131,60,42117,44906,6340,3378,1131,1525,1590,1186,0,0,82340,0,0,730,30,0,0,0,0,0,2413,14071,352,0,0,0,0,0
394,3938,395.3860782078112,99936,237,113,46,14,10853,5582,0.16445525136087097,127,61,42041,44801,6343,3376,1204,1633,1703,1262,0,0,82116,0,0,736,31,0,0,0,0,0,2581,14100,372,0,0,0,0,0
395,3938,396.1650409768857,99936,230,105,46,14,10877,5595,0.16482548831252,127,61,41963,44691,6352,3378,1280,1749,1822,1341,0,0,81892,0,0,737,32,0,0,0,0,0,2755,14125,395,0,0,0,0,0
396,3938,397.3360870057494,99936,239,107,46,14,10928,5617,0.1655559558117195,116,63,41884,44571,6354,3383,1359,1860,1948,1424,0,0,81653,0,0,737,35,0,0,0,0,0,2935,14155,421,0,0,0,0,0
397,3938,398.11802925082947,99936,240,114,46,14,10954,5633,0.16597622478386168,115,58,41801,44449,6354,3372,1442,1991,2080,1511,0,0,81441,0,0,739,37,0,0,0,0,0,3117,14146,456,0,0,0,0,0
398,3938,399.29357499937345,99936,212,109,46,14,10975,5642,0.16627641690682035,128,64,41720,44328,6363,3362,1529,2121,2219,1602,0,0,81187,0,0,745,37,0,0,0,0,0,3314,14164,489,0,0,0,0,0
399,3938,400.0786454765046,99936,219,113,46,14,11004,5657,0.16671669868715977,116,63,41645,44189,6352,3356,1620,2263,2365,1697,0,0,80952,0,0,741,42,0,0,0,0,0,3517,14162,522,0,0,0,0,0
400,3938,401.2588543200123,99935,216,114,47,14,11042,5674,0.16726872467103618,116,80,41548,44036,6356,3346,1715,2408,2519,1796,0,0,80687,0,0,744,44,0,0,0,0,0,3730,14170,560,0,0,0,0,0
401,3938,402.04705564961006,99935,208,109,47,14,11060,5686,0.16756891979786862,116,83,41464,43888,6351,3344,1812,2560,2680,1900,0,0,80414,0,0,743,47,0,0,0,0,0,3962,14179,590,0,0,0,0,0
402,3938,403.2324081912343,99934,205,113,48,14,11096,5711,0.16818099945964338,119,69,41370,43748,6341,3336,1915,2718,2849,2008,0,0,80134,0,0,747,50,0,0,0,0,0,4189,14177,637,0,0,0,0,0
403,3938,404.0240985053497,99934,201,114,48,14,11118,5720,0.16849120419476854,123,69,41268,43592,6334,3324,2024,2885,3026,2120,0,0,79859,0,0,751,52,0,0,0,0,0,4436,14159,677,0,0,0,0,0
404,3938,405.21497087204307,99934,194,126,48,14,11149,5744,0.16904156743450677,124,63,41172,43420,6326,3315,2134,3060,3211,2237,0,0,79555,0,0,756,51,1,0,0,0,0,4696,14156,719,0,0,0,0,0
405,3938,406.01040085986915,99934,191,129,48,14,11164,5762,0.1693717853783497,135,60,41063,43238,6307,3307,2254,3250,3404,2359,0,0,79254,0,0,759,52,1,0,0,0,0,4969,14138,761,0,0,0,0,0
406,3938,407.2071617798369,99934,209,123,48,14,11210,5780,0.17001220805731784,122,61,40955,43052,6294,3305,2370,3443,3606,2485,0,0,78928,0,0,760,55,1,0,0,0,0,5247,14135,808,0,0,0,0,0
407,3938,408.00669072821785,99934,211,119,48,14,11233,5793,0.17037244581423738,120,56,40850,42865,6278,3296,2491,3648,3817,2616,0,0,78607,0,0,759,59,1,0,0,0,0,5533,14115,860,0,0,0,0,0
408,3938,409.20972046262284,99934,213,111,48,14,11275,5809,0.17095282886705226,112,61,40730,42680,6278,3279,2617,3853,4036,2752,0,0,78255,0,0,761,62,1,0,0,0,0,5826,14110,919,0,0,0,0,0
409,3938,410.0137014968829,99934,215,111,48,14,11299,5824,0.17134308643704846,110,53,40614,42488,6262,3263,2749,4069,4264,2893,0,0,77920,0,0,761,66,1,0,0,0,0,6128,14076,982,0,0,0,0,0
410,3938,411.22368580581247,99934,212,105,48,14,11332,5840,0.1718334100506334,111,56,40480,42286,6259,3244,2888,4293,4501,3039,0,0,77545,0,0,765,69,1,0,0,0,0,6452,14064,1038,0,0,0,0,0
411,3938,412.0325496634783,99934,205,107,48,14,11353,5853,0.17217363459883522,114,54,40346,42068,6250,3227,3035,4528,4747,3190,0,0,77172,0,0,771,69,1,0,0,0,0,6792,14034,1095,0,0,0,0,0
412,3938,413.25065479315975,99934,192,96,48,14,11381,5867,0.17259391198190807,119,58,40211,41849,6252,3215,3176,4766,5003,3346,0,0,76769,0,0,780,70,1,0,0,0,0,7139,14016,1159,0,0,0,0,0
413,3938,414.0650265690632,99934,184,91,48,14,11399,5875,0.17285408369523886,119,60,40081,41622,6237,3195,3329,5016,5268,3507,0,0,76379,0,0,786,71,1,0,0,0,0,7497,13974,1226,0,0,0,0,0
414,3938,415.2913308430513,99934,200,101,48,14,11445,5896,0.17352452618728362,105,61,39956,41388,6218,3168,3471,5266,5542,3673,0,0,75974,0,0,783,76,1,0,0,0,0,7863,13942,1295,0,0,0,0,0
415,3938,416.1108864393376,99934,201,107,48,14,11474,5914,0.17399483659215081,96,59,39821,41142,6201,3144,3631,5532,5826,3845,0,0,75547,0,0,780,80,1,0,0,0,0,8251,13916,1359,0,0,0,0,0
416,3938,417.345119015454,99934,207,109,48,14,11510,5930,0.17451518001881242,99,56,39672,40891,6181,3125,3791,5803,6119,4022,0,0,75113,0,0,781,83,1,0,0,0,0,8645,13879,1432,0,0,0,0,0
417,3938,418.17038895368324,99934,212,102,48,14,11535,5941,0.17487541777573198,94,55,39519,40620,6166,3117,3959,6090,6422,4204,0,0,74668,0,0,776,90,2,0,0,0,0,9056,13844,1498,0,0,0,0,0
418,3938,419.4138977546034,99933,218,103,49,14,11575,5964,0.17550759008535718,78,55,39376,40344,6144,3102,4133,6380,6734,4391,0,0,74189,0,0,776,94,2,0,0,0,0,9483,13823,1566,0,0,0,0,0
419,3938,420.2454459129874,99933,213,102,49,14,11596,5977,0.17584781803808552,112,81,39192,40040,6114,3079,4318,6682,7056,4584,0,0,73725,11,1,773,98,2,0,0,0,0,9908,13764,1651,0,0,0,0,0
420,3938,421.2706576404714,99933,209,112,49,14,11622,6006,0.17639818678514604,132,81,39021,39741,6088,3060,4499,6990,7387,4782,0,0,73244,47,6,773,105,2,0,0,0,0,10348,13679,1729,0,0,0,0,0
421,3938,422.3000802503992,99933,205,124,49,14,11661,6032,0.17704862257712667,150,92,38827,39433,6085,3029,4682,7306,7727,4985,0,0,72742,99,7,772,110,2,0,0,0,0,10797,13587,1817,0,0,0,0,0
422,3938,423.33428864919676,99933,217,141,49,14,11703,6058,0.17772907848258332,162,101,38631,39114,6068,3005,4871,7623,8077,5193,0,0,72227,128,11,770,116,2,0,0,0,0,11279,13515,1885,0,0,0,0,0
423,3938,424.0264167668483,99933,236,142,49,14,11739,6074,0.17824942711616784,160,102,38446,38789,6038,2989,5069,7962,8436,5406,0,0,71709,156,11,768,121,2,0,0,0,0,11769,13434,1963,0,0,0,0,0
424,3938,425.07028654898266,99933,241,149,49,14,11776,6099,0.17886984279467244,185,100,38255,38452,6001,2978,5267,8305,8804,5625,0,0,71171,196,14,767,129,2,0,0,0,0,12264,13346,2044,0,0,0,0,0
425,3938,426.1190545415566,99933,249,146,49,14,11826,6127,0.1796503657450492,196,104,38057,38104,5979,2978,5468,8652,9180,5849,0,0,70603,255,22,768,134,2,0,0,0,0,12765,13254,2130,0,0,0,0,0
426,3938,427.17293193247696,99933,269,129,49,14,11884,6143,0.1803908618774579,205,117,37851,37770,5952,2965,5672,9003,9565,6078,0,0,70033,310,28,775,137,2,0,0,0,0,13274,13148,2226,0,0,0,0,0
427,3938,428.2321847691854,99933,287,146,49,14,11950,6178,0.18140153903115086,208,112,37633,37418,5940,2942,5881,9366,9958,6311,0,0,69448,361,33,777,143,3,0,0,0,0,13803,13054,2311,0,0,0,0,0
428,3938,429.29713638981275,99933,307,162,49,14,12007,6208,0.18227212232195572,225,118,37406,37079,5924,2894,6087,9731,10360,6549,0,0,68880,397,39,778,151,3,0,0,0,0,14329,12945,2411,0,0,0,0,0
429,3938,430.01040231688,99933,307,167,49,14,12052,6227,0.18291255140944432,220,124,37195,36712,5928,2871,6299,10110,10770,6792,0,0,68278,439,44,780,157,4,0,0,0,0,14884,12848,2499,0,0,0,0,0
430,3938,431.08729583837646,99933,308,182,49,14,12101,6264,0.18377312799575715,246,122,36967,36351,5912,2852,6516,10477,11187,7040,0,0,67655,485,58,780,167,4,0,0,0,0,15447,12760,2577,0,0,0,0,0
431,3938,432.170546533795,99933,326,196,49,14,12175,6304,0.18491389230784624,259,133,36731,35975,5898,2830,6735,10850,11612,7292,0,0,67028,544,71,775,179,5,0,0,0,0,16002,12655,2674,0,0,0,0,0
432,3938,433.260224230973,99932,345,213,50,14,12236,6345,0.18593643677700836,293,146,36484,35591,5874,2806,6952,11228,12044,7549,0,0,66393,589,79,778,187,5,0,0,0,0,16583,12551,2767,0,0,0,0,0
433,3938,434.3562573077704,99932,376,224,50,14,12325,6392,0.18729736220630028,301,138,36240,35203,5860,2798,7171,11621,12482,7810,0,0,65755,652,90,784,199,5,0,0,0,0,17147,12419,2881,0,0,0,0,0
434,3938,435.090822930271,99932,389,237,50,14,12378,6428,0.1881879678181163,311,153,35992,34789,5845,2782,7411,12023,12927,8075,0,0,65104,695,103,785,205,5,0,0,0,0,17742,12316,2977,0,0,0,0,0
435,3938,436.2009347209647,99932,415,247,50,14,12469,6466,0.1894788456150182,321,169,35733,34403,5850,2761,7629,12404,13378,8344,0,0,64431,756,118,789,216,5,0,0,0,0,18339,12202,3076,0,0,0,0,0
436,3938,437.3183702712616,99931,429,241,51,14,12553,6504,0.19070158409302418,325,173,35488,34001,5846,2765,7859,12804,13835,8617,0,0,63718,835,136,794,224,6,0,0,0,0,18953,12100,3165,0,0,0,0,0
437,3938,438.06739687942996,99931,434,249,51,14,12615,6539,0.19167225385516007,343,174,35215,33593,5850,2746,8105,13222,14297,8894,0,0,63043,891,147,801,234,6,0,0,0,0,19561,11973,3275,0,0,0,0,0
438,3938,439.2005519478597,99931,469,266,51,14,12718,6595,0.19326335171268175,357,166,34927,33191,5855,2741,8339,13620,14764,9174,0,0,62320,966,168,801,244,6,0,0,0,0,20188,11873,3365,0,0,0,0,0
439,3938,440.3423693688149,99931,493,260,51,14,12822,6627,0.19462429076062482,379,203,34650,32765,5854,2730,8571,14026,15235,9458,0,0,61597,1035,200,812,249,6,0,0,0,0,20810,11760,3462,0,0,0,0,0
440,3938,441.1082229618162,99931,514,267,51,14,12902,6661,0.19576507790375358,367,203,34388,32352,5855,2708,8823,14454,15710,9745,0,0,60896,1092,216,816,257,7,0,0,0,0,21438,11639,3570,0,0,0,0,0
441,3938,442.266983631823,99931,524,277,51,14,13000,6712,0.19725610671363242,390,214,34110,31928,5860,2700,9063,14865,16189,10035,0,0,60164,1168,241,831,268,7,0,0,0,0,22068,11510,3674,0,0,0,0,0
442,3938,443.0444155290779,99931,526,277,51,14,13064,6746,0.19823678338053258,408,219,33870,31501,5840,2689,9303,15298,16671,10328,0,0,59454,1228,266,834,276,7,0,0,0,0,22693,11382,3791,0,0,0,0,0
443,3938,444.22029299214387,99931,568,299,51,14,13185,6817,0.20015810909527573,417,213,33588,31099,5837,2673,9537,15700,17156,10623,0,0,58740,1293,309,842,285,7,0,0,0,0,23298,11241,3916,0,0,0,0,0
444,3938,445.0092179624902,99930,583,294,52,14,13271,6845,0.2013009106374462,431,224,33301,30686,5844,2655,9787,16125,17643,10921,0,0,58017,1354,337,844,295,8,0,0,0,0,23931,11115,4029,0,0,0,0,0
445,3938,446.2036323199302,99930,599,296,52,14,13388,6895,0.20297208045631943,459,234,32996,30251,5875,2656,10017,16547,18132,11221,0,0,57255,1433,372,857,311,9,0,0,0,0,24578,10993,4122,0,0,0,0,0
446,3938,447.00563985520375,99929,623,295,53,14,13494,6935,0.2044351489557586,458,231,32712,29832,5890,2646,10262,16980,18623,11523,0,0,56520,1506,398,870,320,9,0,0,0,0,25213,10847,4246,0,0,0,0,0
447,3938,448.2207050997534,99929,637,311,53,14,13624,7004,0.20642656285963035,471,245,32413,29416,5912,2648,10512,17364,19115,11827,0,0,55754,1606,441,881,333,10,0,0,0,0,25836,10707,4361,0,0,0,0,0
448,3938,449.03669829203807,99929,644,307,53,14,13714,7044,0.20772748651542594,494,262,32126,28996,5917,2639,10764,17780,19607,12133,0,0,55026,1668,484,883,351,10,0,0,0,0,26457,10573,4477,0,0,0,0,0
449,3938,450.2729013109433,99929,678,348,53,14,13871,7130,0.21015921304125929,489,254,31838,28595,5941,2612,10999,18175,20100,12440,0,0,54272,1756,540,892,363,11,0,0,0,0,27067,10429,4599,0,0,0,0,0
450,3938,451.1029886337586,99929,691,369,53,14,13962,7190,0.2116702859029911,520,251,31530,28144,5935,2612,11269,18608,20592,12748,0,0,53524,1816,580,894,374,12,0,0,0,0,27714,10314,4701,0,0,0,0,0
451,3938,452.36088412518416,99929,742,405,53,14,14135,7272,0.21422209768935946,535,266,31206,27722,5962,2610,11500,18981,21084,13058,0,0,52736,1913,626,903,386,12,0,0,0,0,28357,10192,4804,0,0,0,0,0
452,3938,453.20613382679653,99929,757,416,53,14,14246,7330,0.21591329844189375,572,264,30891,27281,5985,2609,11740,19414,21575,13368,0,0,51967,2002,658,905,403,13,0,0,0,0,29004,10069,4908,0,0,0,0,0
453,3938,454.0592190845197,99929,797,430,53,14,14371,7386,0.217724584454963,598,271,30575,26843,5988,2606,11987,19834,22064,13679,0,0,51224,2059,709,909,417,13,0,0,0,0,29639,9950,5009,0,0,0,0,0
454,3938,455.35343021411353,99928,848,435,54,14,14568,7479,0.22062885277399727,616,282,30225,26468,6051,2615,12204,20184,22551,13990,0,0,50430,2189,783,909,439,16,0,0,0,0,30227,9815,5120,0,0,0,0,0
455,3938,456.2238766931283,99926,870,455,55,15,14685,7540,0.22241458679422774,632,293,29931,26052,6062,2601,12448,20582,23036,14302,0,0,49701,2252,835,908,459,16,0,0,0,0,30839,9683,5233,0,0,0,0,0
456,3938,457.10243135667145,99926,880,449,55,15,14822,7600,0.2243860456737986,647,299,29621,25650,6096,2607,12699,20978,23519,14614,0,0,48939,2349,899,924,473,16,0,0,0,0,31439,9536,5351,0,0,0,0,0
457,3938,458.43552042767607,99926,923,456,55,15,15027,7696,0.22739827472329524,630,315,29318,25245,6164,2656,12908,21311,23999,14926,0,0,48127,2471,979,949,490,16,0,0,0,0,32044,9407,5443,0,0,0,0,0
458,3938,459.331612720915,99925,922,463,55,16,15170,7763,0.2295021265949462,649,326,29005,24849,6227,2658,13140,21686,24475,15237,0,0,47378,2559,1058,959,511,17,0,0,0,0,32623,9269,5551,0,0,0,0,0
459,3938,460.23701870632766,99925,943,462,55,16,15316,7824,0.23157368026019515,655,339,28712,24463,6261,2662,13372,22056,24948,15548,0,0,46613,2632,1134,979,520,19,0,0,0,0,33234,9157,5637,0,0,0,0,0
460,3938,461.1515794078342,99925,977,488,55,16,15479,7906,0.23402551913935452,664,327,28383,24072,6316,2660,13603,22435,25417,15858,0,0,45862,2717,1192,997,538,20,0,0,0,0,33839,9025,5735,0,0,0,0,0
461,3938,462.07568759407394,99925,983,502,55,16,15618,7985,0.2362071553665249,684,330,28094,23696,6349,2652,13833,22802,25882,16167,0,0,45153,2794,1274,1009,557,21,0,0,0,0,34386,8868,5863,0,0,0,0,0
462,3938,463.00965789118334,99925,1007,507,55,16,15769,8070,0.23856892669502128,687,338,27803,23315,6395,2672,14051,23150,26342,16475,0,0,44420,2880,1365,1016,576,21,0,0,0,0,34938,8740,5969,0,0,0,0,0
463,3938,464.42676090330696,99923,1037,523,57,16,16007,8191,0.24216646818049897,715,330,27465,22973,6488,2708,14236,23448,26798,16782,0,0,43638,3010,1484,1040,602,23,0,0,0,0,35464,8601,6061,0,0,0,0,0
464,3938,465.3807076438457,99923,1095,534,57,16,16208,8269,0.2449586181359647,691,351,27175,22599,6535,2715,14445,23783,27249,17087,0,0,42924,3081,1579,1059,619,23,0,0,0,0,36005,8468,6165,0,0,0,0,0
465,3938,466.344308033509,99922,1103,528,58,16,16373,8340,0.24732291187125957,707,353,26876,22238,6592,2736,14662,24127,27694,17391,0,0,42190,3170,1681,1074,632,27,0,0,0,0,36540,8349,6259,0,0,0,0,0
466,3938,467.31826257284877,99920,1130,517,59,17,16548,8406,0.24973979183346678,707,401,26601,21872,6645,2744,14856,24447,28134,17693,0,0,41497,3232,1789,1095,658,27,0,0,0,0,37056,8215,6351,0,0,0,0,0
467,3938,468.30223619748017,99920,1144,537,59,17,16726,8506,0.25252201761409127,730,383,26305,21530,6699,2763,15061,24768,28568,17993,0,0,40817,3304,1917,1108,682,28,0,0,0,0,37531,8076,6457,0,0,0,0,0
468,3938,469.29692135291356,99920,1145,559,59,17,16904,8612,0.25536429143314654,739,367,26015,21208,6787,2785,15253,25062,28997,18291,0,0,40102,3396,2032,1126,708,30,0,0,0,0,38034,7953,6539,0,0,0,0,0
469,3938,470.3022295415977,99920,1170,574,59,17,17082,8705,0.2580764611689351,767,367,25709,20878,6844,2813,15449,25349,29420,18587,0,0,39403,3480,2140,1141,723,33,0,0,0,0,38538,7834,6628,0,0,0,0,0
470,3938,471.3186700852552,99920,1182,608,59,17,17249,8808,0.26077862289831866,801,368,25431,20550,6891,2832,15634,25623,29837,18881,0,0,38730,3546,2260,1149,745,35,0,0,0,0,39021,7722,6712,0,0,0,0,0
471,3938,472.34581249220287,99920,1197,635,59,17,17449,8919,0.26389111289031225,771,376,25177,20226,6979,2854,15815,25890,30247,19172,0,0,38056,3632,2387,1165,773,36,0,0,0,0,39476,7589,6806,0,0,0,0,0
472,3938,473.38292423724477,99919,1240,637,60,17,17662,9014,0.26697625076311815,800,386,24874,19911,7049,2889,15975,26158,30651,19461,0,0,37375,3709,2519,1179,802,38,0,0,0,0,39940,7486,6871,0,0,0,0,0
473,3938,474.43155458424195,99918,1246,617,61,17,17862,9099,0.2698312616345403,818,399,24608,19610,7134,2934,16131,26421,31049,19747,0,0,36684,3823,2657,1184,835,39,0,0,0,0,40372,7373,6951,0,0,0,0,0
474,3938,475.49193089575016,99916,1282,633,62,18,18085,9215,0.2732295127907442,812,374,24326,19339,7215,2961,16301,26673,31440,20031,0,0,35988,3938,2775,1202,863,39,0,0,0,0,40827,7259,7025,0,0,0,0,0
475,3938,476.02504258720944,99916,1287,635,62,18,18192,9263,0.2747808158853437,790,374,24098,19035,7231,2950,16530,26986,31825,20312,0,0,35408,3959,2875,1197,888,40,0,0,0,0,41282,7156,7111,0,0,0,0,0
476,3938,477.10752476843055,99916,1315,643,62,18,18410,9371,0.27804355658753355,800,405,23801,18735,7332,3001,16688,27196,32203,20590,0,0,34722,4068,3003,1209,914,42,0,0,0,0,41722,7063,7173,0,0,0,0,0
477,3938,478.20229918757366,99914,1308,665,64,18,18633,9484,0.2814120143323258,795,399,23554,18472,7450,3032,16827,27412,32574,20865,0,0,34071,4168,3158,1220,954,42,0,0,0,0,42103,6955,7243,0,0,0,0,0
478,3938,479.30894615358727,99913,1312,656,64,19,18878,9580,0.28482780018616194,774,401,23310,18224,7572,3071,16966,27627,32939,21137,0,0,33438,4269,3326,1241,981,45,0,0,0,0,42449,6823,7341,0,0,0,0,0
479,3938,480.42748795363804,99912,1327,680,65,19,19114,9711,0.2885038834174073,767,383,23048,17986,7686,3109,17105,27821,33297,21406,0,0,32812,4361,3495,1254,1015,49,0,0,0,0,42806,6713,7407,0,0,0,0,0
480,3938,481.5582534308893,99909,1350,692,66,21,19319,9822,0.29167542463641916,796,384,22810,17739,7751,3137,17225,28025,33648,21671,0,0,32210,4441,3638,1274,1039,50,0,0,0,0,43173,6597,7487,0,0,0,0,0
481,3938,482.1266077118872,99909,1340,678,66,21,19425,9875,0.2932668728542974,806,386,22594,17489,7778,3151,17414,28273,33992,21933,0,0,31679,4469,3759,1274,1062,51,0,0,0,0,43548,6492,7575,0,0,0,0,0
482,3938,483.2798872649751,99909,1384,668,66,21,19659,9987,0.29673002432213313,773,386,22355,17253,7862,3222,17558,28448,34330,22192,0,0,31075,4556,3916,1302,1089,52,0,0,0,0,43898,6383,7638,0,0,0,0,0
483,3938,484.44511665909573,99909,1377,671,66,21,19886,10101,0.3001431302485262,780,394,22123,17045,7969,3261,17683,28606,34661,22447,0,0,30492,4640,4088,1327,1132,53,0,0,0,0,44208,6269,7700,0,0,0,0,0
484,3938,485.03075301575234,99908,1370,672,67,21,20005,10158,0.30190775513472395,785,391,21901,16811,8012,3274,17863,28829,34985,22699,0,0,29955,4670,4204,1327,1153,56,0,0,0,0,44593,6196,7754,0,0,0,0,0
485,3938,486.22012453463094,99907,1359,682,68,21,20232,10291,0.30551412813916945,801,375,21685,16631,8132,3332,17953,28957,35302,22947,0,0,29384,4759,4388,1352,1195,57,0,0,0,0,44874,6085,7813,0,0,0,0,0
486,3938,487.42171549390326,99907,1338,676,68,21,20468,10400,0.30896733962585204,791,381,21461,16465,8280,3377,18060,29078,35613,23192,0,0,28833,4837,4562,1389,1241,62,0,0,0,0,45153,5958,7872,0,0,0,0,0
487,3938,488.0261987284629,99906,1326,669,69,21,20577,10453,0.3105919564390527,782,389,21281,16256,8294,3380,18246,29283,35917,23433,0,0,28368,4854,4683,1394,1265,65,0,0,0,0,45470,5857,7950,0,0,0,0,0
488,3938,489.2518337393284,99905,1339,688,70,21,20816,10585,0.31430859316350535,769,385,21084,16098,8403,3421,18333,29385,36215,23671,0,0,27823,4936,4861,1403,1312,66,0,0,0,0,45737,5771,7996,0,0,0,0,0
489,3938,490.48882581335823,99903,1296,683,72,21,21037,10691,0.31758806041860604,761,399,20911,15943,8556,3467,18402,29485,36506,23905,0,0,27294,5023,5061,1434,1340,71,0,0,0,0,45963,5653,8064,0,0,0,0,0
490,3938,491.1103976641562,99903,1295,689,72,21,21155,10762,0.31947989549863365,764,382,20732,15759,8585,3481,18550,29666,36791,24136,0,0,26843,5045,5175,1442,1366,72,0,0,0,0,46268,5556,8136,0,0,0,0,0
491,3938,492.36908486014346,99901,1288,700,73,22,21390,10887,0.3230898589603708,738,356,20581,15653,8701,3524,18617,29743,37070,24363,0,0,26324,5125,5369,1464,1398,75,0,0,0,0,46495,5463,8188,0,0,0,0,0
492,3938,493.0012001085377,99901,1266,689,73,22,21493,10943,0.32468143462027405,737,365,20434,15480,8722,3530,18766,29912,37342,24586,0,0,25889,5141,5500,1466,1427,76,0,0,0,0,46771,5385,8246,0,0,0,0,0
493,3938,494.2798923455006,99901,1311,675,73,22,21742,11064,0.32838510125023773,719,346,20267,15343,8801,3606,18827,30006,37608,24806,0,0,25403,5213,5699,1475,1467,76,0,0,0,0,46970,5301,8297,0,0,0,0,0
494,3938,495.56858578662855,99901,1288,695,73,22,21965,11198,0.33195863905266215,697,312,20119,15259,8926,3658,18895,30052,37868,25022,0,0,24932,5279,5910,1490,1513,77,0,0,0,0,47145,5214,8341,0,0,0,0,0
495,3938,496.21590310603244,99900,1275,678,74,22,22081,11242,0.33356356356356354,699,320,19951,15095,8969,3665,19030,30218,38122,25235,0,0,24529,5279,6055,1493,1536,80,0,0,0,0,47390,5146,8392,0,0,0,0,0
496,3938,497.5256196726158,99900,1283,654,74,22,22322,11346,0.33701701701701703,677,346,19807,14990,9068,3743,19089,30243,38370,25444,0,0,24084,5334,6266,1507,1588,83,0,0,0,0,47548,5063,8427,0,0,0,0,0
497,3938,498.1834007506471,99900,1284,646,74,22,22445,11393,0.3387187187187187,668,350,19646,14845,9110,3756,19216,30379,38612,25650,0,0,23700,5327,6397,1513,1616,83,0,0,0,0,47793,4996,8475,0,0,0,0,0
498,3938,499.51402529993345,99900,1259,655,74,22,22663,11526,0.34223223223223226,678,318,19522,14778,9223,3814,19242,30411,38849,25852,0,0,23269,5376,6601,1529,1677,85,0,0,0,0,47941,4920,8502,0,0,0,0,0
499,3938,500.18152475271904,99900,1279,656,74,22,22787,11578,0.343993993993994,644,331,19406,14645,9240,3812,19355,30532,39080,26050,0,0,22915,5370,6723,1529,1709,85,0,0,0,0,48175,4848,8546,0,0,0,0,0
500,3938,501.53061018027944,99900,1210,623,74,22,22998,11672,0.34704704704704703,646,325,19320,14571,9384,3876,19364,30581,39306,26245,0,0,22495,5424,6956,1550,1765,92,0,0,0,0,48282,4769,8567,0,0,0,0,0
501,3938,502.2069365473033,99900,1192,634,74,22,23102,11734,0.3487087087087087,625,318,19206,14445,9424,3872,19477,30707,39526,26437,0,0,22153,5414,7081,1556,1796,96,0,0,0,0,48498,4702,8604,0,0,0,0,0
502,3938,503.5607383360377,99899,1188,620,74,23,23319,11850,0.3520455660216819,617,293,19115,14396,9502,3943,19502,30723,39741,26625,0,0,21754,5461,7273,1587,1843,99,0,0,0,0,48632,4617,8633,0,0,0,0,0
503,3938,504.2388725608951,99899,1181,632,74,23,23431,11907,0.35373727464739385,609,279,18994,14300,9542,3942,19598,30822,39951,26810,0,0,21397,5480,7383,1582,1874,100,0,0,0,0,48853,4565,8665,0,0,0,0,0
504,3938,505.584546121316,99899,1162,615,74,23,23642,12003,0.3568103784822671,572,271,18922,14230,9642,4007,19626,30852,40155,26991,0,0,21031,5522,7579,1597,1927,105,0,0,0,0,48958,4485,8695,0,0,0,0,0
505,3938,506.2586017957753,99899,1148,598,74,23,23732,12045,0.35813171303016045,581,271,18812,14113,9651,4029,19732,30964,40354,27169,0,0,20715,5513,7700,1599,1950,109,0,0,0,0,49144,4431,8738,0,0,0,0,0
506,3938,507.59670323801515,99898,1131,564,74,24,23919,12138,0.3609381569200585,593,268,18719,14066,9725,4090,19756,30986,40549,27344,0,0,20349,5554,7886,1617,2001,114,0,0,0,0,49258,4367,8752,0,0,0,0,0
507,3938,508.2669857426834,99898,1108,568,74,24,24014,12186,0.36236961700934955,599,259,18608,13973,9745,4097,19864,31077,40739,27515,0,0,20057,5539,8017,1615,2031,117,0,0,0,0,49422,4315,8785,0,0,0,0,0
508,3938,509.5968943930606,99898,1118,558,74,24,24222,12264,0.3652325371879317,570,257,18521,13954,9820,4140,19895,31065,40924,27683,0,0,19713,5588,8162,1630,2085,118,0,0,0,0,49551,4242,8809,0,0,0,0,0
509,3938,510.26250008242835,99898,1115,546,74,24,24314,12308,0.36659392580432043,575,261,18426,13864,9832,4147,19976,31156,41104,27848,0,0,19441,5561,8296,1623,2120,119,0,0,0,0,49703,4202,8833,0,0,0,0,0
510,3938,511.5845604791907,99898,1106,524,74,24,24508,12396,0.3694168051412441,558,271,18365,13861,9910,4198,19985,31120,41280,28010,0,0,19117,5577,8476,1651,2167,125,0,0,0,0,49804,4141,8840,0,0,0,0,0
511,3938,512.2468457882208,99898,1097,513,74,24,24604,12441,0.3708282448097059,540,261,18303,13794,9926,4207,20058,31199,41451,28168,0,0,18843,5564,8601,1650,2200,127,0,0,0,0,49954,4099,8860,0,0,0,0,0
512,3938,513.5640113754612,99898,1083,493,74,24,24780,12519,0.3733708382550201,515,263,18249,13781,10015,4248,20062,31189,41618,28323,0,0,18546,5582,8772,1665,2252,128,0,0,0,0,50036,4037,8880,0,0,0,0,0
513,3938,514.2242163179919,99898,1096,488,74,24,24883,12573,0.3749424412901159,489,252,18166,13721,10029,4261,20144,31252,41781,28475,0,0,18314,5550,8903,1666,2282,131,0,0,0,0,50157,3984,8911,0,0,0,0,0
514,3938,515.5371609507604,99898,1058,485,74,24,25053,12657,0.37748503473543016,498,235,18116,13725,10119,4299,20133,31230,41940,28624,0,0,18033,5561,9077,1679,2336,135,0,0,0,0,50225,3926,8926,0,0,0,0,0
515,3938,516.1949700832429,99898,1048,476,74,24,25132,12701,0.37871629061642875,506,217,18030,13655,10138,4315,20202,31311,42095,28770,0,0,17787,5554,9193,1675,2363,136,0,0,0,0,50354,3882,8954,0,0,0,0,0
516,3938,517.5045596102742,99898,1034,463,74,24,25299,12780,0.381178802378426,485,214,17997,13641,10203,4368,20205,31288,42246,28913,0,0,17515,5549,9370,1692,2407,138,0,0,0,0,50422,3844,8961,0,0,0,0,0
517,3938,518.1604560148313,99898,1008,458,74,24,25375,12821,0.3823499969969369,495,211,17912,13595,10234,4376,20275,31334,42393,29054,0,0,17286,5542,9485,1687,2436,139,0,0,0,0,50530,3796,8997,0,0,0,0,0
518,3938,519.4662557876652,99896,998,452,75,25,25546,12910,0.38496035877312407,489,190,17863,13597,10313,4430,20260,31304,42536,29192,0,0,17006,5574,9668,1686,2472,143,0,0,0,0,50582,3757,9008,0,0,0,0,0
519,3938,520.1208099851841,99895,970,439,76,25,25614,12940,0.38594524250462986,495,190,17787,13550,10330,4439,20340,31355,42676,29327,0,0,16792,5561,9768,1682,2507,144,0,0,0,0,50691,3711,9039,0,0,0,0,0
520,3938,521.4235166198328,99895,978,413,76,25,25778,12997,0.3881575654437159,448,210,17804,13573,10361,4478,20331,31299,42812,29459,0,0,16568,5562,9931,1679,2557,147,0,0,0,0,50731,3667,9053,0,0,0,0,0
521,3938,522.0761383011163,99895,937,410,76,25,25838,13032,0.3891085639921918,446,209,17745,13527,10393,4478,20401,31349,42945,29588,0,0,16368,5535,10043,1673,2593,150,0,0,0,0,50830,3636,9067,0,0,0,0,0
522,3938,523.3757689169566,99894,931,403,77,25,25999,13093,0.391334814903798,417,208,17723,13565,10447,4497,20403,31300,43074,29715,0,0,16143,5541,10194,1685,2629,154,0,0,0,0,50878,3585,9085,0,0,0,0,0
523,3938,524.0270603251898,99894,908,402,77,25,26068,13129,0.39238592908482994,420,201,17662,13523,10463,4504,20468,31343,43200,29839,0,0,15943,5527,10288,1680,2665,156,0,0,0,0,50984,3554,9097,0,0,0,0,0
524,3938,525.3233161455091,99894,897,397,77,25,26194,13200,0.39435801950067073,413,186,17670,13569,10508,4538,20433,31283,43323,29961,0,0,15723,5527,10426,1693,2700,158,0,0,0,0,51045,3514,9108,0,0,0,0,0
525,3938,526.6218366927657,99894,866,377,77,25,26320,13250,0.3961198870803051,398,192,17665,13628,10569,4553,20423,31223,43443,30080,0,0,15513,5533,10558,1705,2743,161,0,0,0,0,51091,3465,9125,0,0,0,0,0
526,3938,527.2726369345312,99894,848,370,77,25,26386,13281,0.39709091637135363,389,187,17637,13604,10580,4552,20467,31260,43560,30197,0,0,15349,5506,10654,1702,2769,166,0,0,0,0,51166,3426,9156,0,0,0,0,0
527,3938,528.5698840983105,99894,824,359,77,25,26508,13338,0.39888281578473184,380,190,17626,13654,10629,4572,20462,31198,43674,30311,0,0,15145,5514,10785,1711,2801,172,0,0,0,0,51208,3386,9172,0,0,0,0,0
528,3938,529.2199578409015,99894,838,366,77,25,26578,13373,0.3999339299657637,352,185,17601,13628,10619,4565,20511,31229,43785,30423,0,0,14966,5505,10852,1692,2836,172,0,0,0,0,51321,3368,9182,0,0,0,0,0
529,3938,530.5154375775772,99894,779,369,77,25,26683,13440,0.4016557551004064,383,171,17613,13678,10674,4586,20472,31169,43893,30533,0,0,14771,5506,10984,1710,2869,177,0,0,0,0,51352,3323,9202,0,0,0,0,0
530,3938,531.1652530106692,99894,760,360,77,25,26737,13471,0.40250665705647987,376,169,17599,13668,10681,4580,20505,31196,43998,30640,0,0,14619,5485,11080,1701,2900,179,0,0,0,0,51417,3294,9219,0,0,0,0,0
531,3938,532.4614359651688,99894,720,358,77,25,26848,13529,0.40419845035737884,361,158,17624,13740,10731,4589,20485,31128,44100,30745,0,0,14449,5476,11216,1703,2948,183,0,0,0,0,51436,3262,9221,0,0,0,0,0
532,3938,533.1113520678066,99894,688,341,77,25,26895,13552,0.40489919314473344,358,159,17606,13735,10749,4590,20520,31148,44200,30848,0,0,14303,5449,11330,1698,2969,186,0,0,0,0,51485,3238,9236,0,0,0,0,0
533,3938,534.4080851634743,99893,684,336,78,25,27011,13603,0.4065750352877579,349,152,17636,13798,10758,4608,20493,31079,44297,30949,0,0,14150,5438,11458,1691,3005,189,0,0,0,0,51500,3208,9254,0,0,0,0,0
534,3938,535.0583566997354,99893,660,333,78,25,27062,13622,0.40727578509004636,348,159,17613,13793,10762,4604,20537,31084,44392,31048,0,0,14014,5417,11528,1686,3033,192,0,0,0,0,51570,3174,9279,0,0,0,0,0
535,3938,536.355042380809,99893,634,322,78,25,27166,13668,0.4087773918092359,328,161,17675,13870,10799,4619,20484,31001,44484,31144,0,0,13857,5418,11654,1686,3064,197,0,0,0,0,51583,3141,9293,0,0,0,0,0
536,3938,537.0051963062107,99892,648,322,79,25,27235,13697,0.4097625435470308,300,149,17656,13862,10801,4623,20514,31017,44574,31238,0,0,13721,5397,11733,1682,3081,201,0,0,0,0,51653,3120,9304,0,0,0,0,0
537,3938,538.3039106164775,99892,619,301,79,25,27335,13742,0.41121411124013935,265,144,17674,13913,10846,4649,20515,30966,44662,31330,0,0,13569,5388,11863,1688,3107,209,0,0,0,0,51661,3092,9315,0,0,0,0,0
538,3938,539.604078840482,99892,594,288,79,25,27420,13788,0.41252552756977534,254,140,17712,13983,10870,4657,20489,30905,44748,31420,0,0,13421,5375,11979,1694,3136,212,0,0,0,0,51685,3068,9322,0,0,0,0,0
539,3938,540.2554480271799,99892,578,285,79,25,27459,13811,0.4131461978937252,256,138,17707,13981,10859,4661,20519,30908,44831,31509,0,0,13296,5355,12042,1692,3164,213,0,0,0,0,51756,3044,9330,0,0,0,0,0
540,3938,541.5558278331539,99892,550,277,79,25,27552,13852,0.41448764665839105,229,122,17766,14062,10890,4665,20484,30847,44912,31596,0,0,13169,5347,12161,1695,3197,215,0,0,0,0,51754,3007,9347,0,0,0,0,0
541,3938,542.2079593950598,99892,527,264,79,25,27580,13867,0.4149181115604853,232,117,17756,14065,10891,4665,20513,30862,44991,31681,0,0,13061,5316,12237,1689,3223,215,0,0,0,0,51805,2986,9360,0,0,0,0,0
542,3938,543.5099719103008,99892,504,241,79,25,27655,13892,0.4159191927281464,224,120,17794,14144,10910,4682,20487,30786,45068,31764,0,0,12921,5321,12330,1685,3251,220,0,0,0,0,51832,2966,9366,0,0,0,0,0
543,3938,544.1623875792535,99892,491,246,79,25,27692,13916,0.41652985224041966,216,114,17803,14153,10905,4671,20504,30789,45143,31845,0,0,12819,5291,12407,1682,3267,220,0,0,0,0,51879,2944,9383,0,0,0,0,0
544,3938,545.4655650880267,99892,465,246,79,25,27755,13957,0.41757097665478715,211,107,17874,14259,10909,4670,20460,30691,45216,31925,0,0,12699,5281,12503,1679,3296,221,0,0,0,0,51900,2921,9392,0,0,0,0,0
545,3938,546.119085088435,99892,457,237,79,25,27783,13974,0.41802146318023464,210,102,17880,14272,10894,4671,20478,30691,45288,32003,0,0,12592,5265,12564,1672,3314,222,0,0,0,0,51957,2902,9404,0,0,0,0,0
546,3938,547.4247113718652,99892,448,211,79,25,27853,14001,0.4189925119128659,198,97,17947,14334,10895,4693,20431,30638,45358,32079,0,0,12469,5261,12647,1672,3344,225,0,0,0,0,51983,2884,9407,0,0,0,0,0
547,3938,548.0794096403135,99892,437,209,79,25,27878,14020,0.4194329876266368,205,89,17943,14354,10881,4689,20453,30632,45426,32154,0,0,12374,5241,12700,1671,3358,227,0,0,0,0,52038,2857,9426,0,0,0,0,0
548,3938,549.3874721195737,99892,412,191,79,25,27939,14042,0.4202638849957955,210,96,18004,14427,10889,4700,20404,30559,45492,32227,0,0,12262,5240,12779,1670,3379,237,0,0,0,0,52061,2835,9429,0,0,0,0,0
549,3938,550.043357892956,99891,390,190,80,25,27965,14055,0.42065851778438496,204,92,18018,14456,10878,4681,20428,30554,45557,32299,0,0,12167,5224,12836,1663,3395,240,0,0,0,0,52109,2815,9442,0,0,0,0,0
550,3938,551.3537635585197,99891,389,192,80,25,28037,14087,0.4216996526213573,177,86,18072,14577,10879,4664,20401,30454,45620,32369,0,0,12074,5208,12915,1663,3416,244,0,0,0,0,52127,2792,9452,0,0,0,0,0
551,3938,552.010010548635,99891,363,189,80,25,28061,14102,0.4220900781852219,181,75,18082,14622,10873,4654,20419,30433,45681,32438,0,0,11979,5197,12963,1664,3429,248,0,0,0,0,52175,2769,9467,0,0,0,0,0
552,3938,553.3216254866206,99891,353,192,80,25,28111,14135,0.42292098387242094,183,66,18150,14720,10856,4644,20376,30351,45741,32505,0,0,11884,5186,13026,1664,3445,253,0,0,0,0,52207,2747,9479,0,0,0,0,0
553,3938,554.6361697746479,99891,356,175,80,25,28185,14155,0.4238620095904536,153,74,18236,14818,10846,4646,20327,30260,45799,32571,0,0,11789,5179,13103,1661,3469,256,0,0,0,0,52225,2724,9485,0,0,0,0,0
554,3938,555.2954367965167,99890,355,165,80,26,28214,14164,0.4242466713384723,150,76,18261,14832,10833,4651,20319,30248,45856,32635,0,0,11704,5164,13146,1654,3489,256,0,0,0,0,52274,2710,9493,0,0,0,0,0
555,3938,556.6135247263373,99890,338,156,80,26,28261,14186,0.4249374311742917,147,80,18352,14929,10809,4652,20272,30155,45912,32698,0,0,11617,5156,13216,1645,3513,260,0,0,0,0,52292,2692,9499,0,0,0,0,0
556,3938,557.2746112468445,99889,322,149,81,26,28280,14199,0.42526204086536057,148,83,18378,14955,10798,4650,20271,30135,45966,32760,0,0,11525,5145,13265,1643,3519,263,0,0,0,0,52339,2680,9510,0,0,0,0,0
557,3938,558.5965594467124,99889,318,149,81,26,28337,14227,0.4261129854138093,131,73,18451,15056,10781,4652,20236,30042,46019,32820,0,0,11431,5138,13322,1650,3538,263,0,0,0,0,52372,2659,9516,0,0,0,0,0
558,3938,559.2595496696865,99889,312,152,81,26,28360,14242,0.4264934076825276,134,70,18467,15098,10769,4633,20235,30019,46071,32879,0,0,11351,5122,13364,1647,3545,266,0,0,0,0,52422,2647,9525,0,0,0,0,0
559,3938,560.5843442421635,99889,305,142,81,26,28402,14257,0.42706404108560503,134,73,18568,15214,10726,4624,20184,29919,46121,32937,0,0,11273,5110,13412,1644,3567,267,0,0,0,0,52450,2629,9537,0,0,0,0,0
560,3938,561.2483899953364,99889,304,145,81,26,28424,14272,0.4274344522419886,127,71,18588,15234,10705,4616,20193,29906,46170,32994,0,0,11204,5092,13455,1643,3573,268,0,0,0,0,52491,2612,9551,0,0,0,0,0
561,3938,562.5764958049633,99889,290,144,81,26,28468,14296,0.42811520788074764,114,65,18653,15322,10696,4620,20164,29821,46218,33049,0,0,11118,5084,13517,1646,3589,269,0,0,0,0,52516,2600,9550,0,0,0,0,0
562,3938,563.2417802080085,99889,284,138,81,26,28486,14303,0.4283654856891149,113,73,18689,15347,10677,4617,20154,29797,46265,33103,0,0,11056,5061,13559,1644,3602,269,0,0,0,0,52553,2585,9560,0,0,0,0,0
563,3938,564.5723597119777,99889,272,128,81,26,28524,14318,0.42889607464285356,111,74,18787,15468,10646,4613,20101,29689,46311,33156,0,0,10982,5049,13611,1638,3624,270,0,0,0,0,52575,2573,9567,0,0,0,0,0
564,3938,565.239678960282,99889,268,127,81,26,28544,14331,0.4292264413498984,104,73,18822,15506,10625,4604,20098,29662,46356,33208,0,0,10922,5029,13652,1635,3636,272,0,0,0,0,52611,2558,9574,0,0,0,0,0
565,3938,566.574604046967,99889,253,120,81,26,28587,14346,0.42980708586531047,92,69,18912,15626,10605,4593,20055,29564,46400,33259,0,0,10850,5019,13702,1641,3656,274,0,0,0,0,52633,2539,9575,0,0,0,0,0
566,3938,567.2435135043029,99889,246,126,81,26,28601,14359,0.43007738589834715,95,63,18927,15674,10584,4580,20065,29529,46442,33309,0,0,10785,5007,13728,1638,3665,277,0,0,0,0,52679,2530,9580,0,0,0,0,0
567,3938,568.581646155527,99889,236,119,81,26,28645,14376,0.43068806375076335,81,59,19058,15808,10553,4570,19989,29416,46483,33358,0,0,10708,4998,13776,1642,3681,279,0,0,0,0,52703,2521,9581,0,0,0,0,0
568,3938,569.2525765908094,99889,225,115,81,26,28652,14385,0.4308482415481184,86,60,19100,15854,10515,4566,19991,29377,46523,33406,0,0,10658,4974,13822,1636,3691,280,0,0,0,0,52729,2513,9586,0,0,0,0,0
569,3938,570.5959000146837,99889,209,104,81,26,28678,14397,0.43122866381683667,92,62,19189,15979,10488,4552,19939,29275,46563,33453,0,0,10597,4962,13862,1634,3711,283,0,0,0,0,52748,2502,9590,0,0,0,0,0
570,3938,571.2689472531557,99889,205,99,81,26,28690,14407,0.43144890828819993,91,58,19216,16011,10465,4548,19940,29256,46602,33499,0,0,10543,4944,13899,1628,3725,283,0,0,0,0,52779,2495,9593,0,0,0,0,0
571,3938,572.616029807706,99889,194,106,81,26,28723,14429,0.4319995194666079,87,43,19296,16146,10445,4529,19895,29148,46640,33544,0,0,10476,4938,13931,1627,3739,287,0,0,0,0,52809,2485,9597,0,0,0,0,0
572,3938,573.2914112067141,99889,190,110,81,26,28736,14442,0.43225980838730993,83,36,19322,16194,10422,4517,19900,29115,46677,33588,0,0,10419,4927,13959,1625,3746,288,0,0,0,0,52848,2473,9604,0,0,0,0,0
573,3938,574.6417288869983,99889,182,91,81,26,28764,14454,0.4326602528806976,80,29,19419,16325,10398,4511,19838,29016,46713,33631,0,0,10358,4917,14008,1626,3762,288,0,0,0,0,52860,2464,9606,0,0,0,0,0
574,3938,575.3185980442385,99889,170,89,81,26,28772,14457,0.43277037511637917,83,31,19462,16375,10373,4501,19829,28976,46748,33673,0,0,10307,4905,14040,1620,3770,289,0,0,0,0,52889,2457,9612,0,0,0,0,0
575,3938,576.6737621097261,99889,158,80,81,26,28799,14467,0.43314078627276276,70,30,19571,16510,10350,4490,19768,28862,46782,33714,0,0,10251,4902,14075,1619,3787,290,0,0,0,0,52907,2441,9617,0,0,0,0,0
576,3938,577.3532863278334,99889,151,78,81,26,28813,14475,0.43336103074412596,63,24,19593,16576,10345,4481,19765,28813,46815,33755,0,0,10204,4887,14108,1616,3797,291,0,0,0,0,52932,2432,9622,0,0,0,0,0
577,3938,578.0333673139681,99889,148,79,81,26,28822,14478,0.43348116409214227,62,27,19645,16612,10312,4469,19750,28785,46848,33795,0,0,10160,4873,14127,1617,3803,291,0,0,0,0,52969,2416,9633,0,0,0,0,0
578,3938,579.3945253789323,99889,132,67,81,26,28835,14486,0.4336913974511708,70,27,19753,16736,10287,4448,19675,28694,46880,33834,0,0,10113,4862,14172,1615,3813,292,0,0,0,0,52977,2405,9640,0,0,0,0,0
579,3938,580.0764746660026,99889,134,70,81,26,28850,14491,0.4338916196978646,65,26,19782,16782,10258,4436,19678,28658,46911,33872,0,0,10072,4843,14198,1614,3818,292,0,0,0,0,53007,2397,9648,0,0,0,0,0
580,3938,581.4371897643717,99889,121,71,81,26,28871,14501,0.43420196418024004,63,25,19877,16883,10232,4421,19624,28572,46941,33909,0,0,10017,4836,14230,1615,3827,292,0,0,0,0,53029,2391,9652,0,0,0,0,0
581,3938,582.1151265740023,99889,126,63,81,26,28886,14504,0.4343821642022645,53,26,19931,16935,10201,4408,19606,28540,46971,33946,0,0,9975,4822,14258,1611,3836,292,0,0,0,0,53055,2384,9656,0,0,0,0,0
582,3938,583.4667961689046,99889,126,59,81,26,28901,14515,0.4346424531229665,51,30,20036,17045,10156,4396,19548,28442,47000,33982,0,0,9933,4808,14289,1610,3841,294,0,0,0,0,53075,2376,9663,0,0,0,0,0
583,3938,584.1396111705944,99889,124,58,81,26,28908,14519,0.4347525753586481,46,29,20076,17078,10135,4388,19536,28419,47028,34017,0,0,9895,4796,14308,1607,3848,294,0,0,0,0,53103,2366,9672,0,0,0,0,0
584,3938,585.4811722476165,99889,114,59,81,26,28921,14531,0.43500285316701537,43,27,20178,17195,10091,4376,19491,28315,47056,34051,0,0,9854,4788,14336,1604,3858,296,0,0,0,0,53120,2357,9676,0,0,0,0,0
585,3938,586.149492021727,99889,102,56,81,26,28927,14535,0.4351029642903623,45,27,20228,17254,10074,4362,19468,28273,47083,34085,0,0,9810,4776,14363,1604,3863,297,0,0,0,0,53146,2352,9678,0,0,0,0,0
586,3938,587.4816222705336,99889,103,59,81,26,28940,14546,0.4353432309863949,46,21,20317,17356,10040,4348,19411,28188,47110,34118,0,0,9777,4762,14384,1602,3872,297,0,0,0,0,53166,2341,9688,0,0,0,0,0
587,3938,588.1451919853782,99888,99,56,82,26,28946,14549,0.43543769021303863,44,22,20356,17414,10014,4336,19403,28144,47136,34150,0,0,9737,4752,14399,1599,3880,297,0,0,0,0,53197,2334,9693,0,0,0,0,0
588,3938,589.4686824863626,99888,92,57,82,26,28958,14560,0.4356679481018741,37,22,20444,17534,9989,4324,19354,28035,47161,34182,0,0,9697,4743,14423,1598,3886,299,0,0,0,0,53218,2326,9698,0,0,0,0,0
589,3938,590.1279196480631,99888,89,50,82,26,28964,14561,0.43573802658978056,33,22,20483,17579,9968,4320,19343,28001,47186,34213,0,0,9662,4728,14449,1600,3889,299,0,0,0,0,53241,2318,9702,0,0,0,0,0
590,3938,591.4434956697424,99888,78,47,82,26,28973,14564,0.4358581611404773,33,25,20593,17700,9928,4297,19284,27903,47210,34244,0,0,9631,4707,14474,1604,3895,301,0,0,0,0,53259,2312,9705,0,0,0,0,0
591,3938,592.0986617021092,99888,79,41,82,26,28979,14569,0.4359682844786161,32,25,20638,17753,9901,4295,19266,27858,47234,34274,0,0,9594,4698,14493,1600,3903,302,0,0,0,0,53286,2308,9704,0,0,0,0,0
592,3938,593.404790608789,99888,76,40,82,26,28990,14576,0.43614848630466124,26,25,20749,17866,9858,4280,19207,27761,47257,34303,0,0,9560,4688,14514,1600,3910,302,0,0,0,0,53305,2300,9709,0,0,0,0,0
593,3938,594.0547912945161,99888,76,44,82,26,28995,14584,0.43627863206791606,25,17,20783,17923,9833,4263,19199,27725,47280,34332,0,0,9526,4678,14530,1596,3916,302,0,0,0,0,53333,2295,9712,0,0,0,0,0
594,3938,595.3374391985255,99888,71,42,82,26,29006,14587,0.436418789043729,25,21,20907,18035,9787,4250,19126,27624,47302,34360,0,0,9494,4667,14552,1593,3922,304,0,0,0,0,53351,2291,9714,0,0,0,0,0
595,3938,596.6271125939647,99888,65,40,82,26,29010,14593,0.43651890116930964,24,16,20964,18092,9756,4233,19107,27591,47324,34388,0,0,9467,4654,14570,1588,3933,305,0,0,0,0,53368,2286,9717,0,0,0,0,0
596,3938,597.0772093719237,99888,60,42,82,26,29013,14597,0.4365889796572161,22,13,21011,18158,9725,4224,19098,27535,47345,34415,0,0,9436,4644,14584,1588,3935,306,0,0,0,0,53393,2279,9723,0,0,0,0,0
597,3938,598.0397692767717,99888,54,42,82,26,29016,14600,0.43664904693256446,21,10,21047,18217,9711,4214,19083,27489,47366,34442,0,0,9407,4635,14600,1587,3937,308,0,0,0,0,53414,2271,9729,0,0,0,0,0
598,3938,599.6231264449265,99888,51,36,82,26,29025,14603,0.43676918148326127,18,10,21181,18345,9666,4200,19000,27381,47386,34468,0,0,9378,4623,14621,1586,3942,311,0,0,0,0,53431,2268,9728,0,0,0,0,0
599,3938,600.0471373464289,99888,47,34,82,26,29026,14604,0.4367892039083774,21,9,21223,18419,9645,4182,18980,27328,47406,34494,0,0,9346,4615,14633,1585,3946,311,0,0,0,0,53458,2263,9731,0,0,0,0,0
600,3938,601.0752434097395,99888,49,31,82,26,29030,14605,0.4368392599711677,22,10,21263,18460,9625,4177,18957,27294,47425,34519,0,0,9321,4603,14645,1581,3953,311,0,0,0,0,53480,2260,9734,0,0,0,0,0
601,3938,602.0028299697509,99888,52,27,82,26,29037,14606,0.4369193496716322,19,10,21336,18555,9589,4168,18920,27212,47444,34544,0,0,9295,4596,14657,1575,3962,311,0,0,0,0,53500,2255,9737,0,0,0,0,0
602,3938,603.0322686744476,99888,46,24,82,26,29040,14608,0.43696940573442256,20,11,21453,18711,9541,4142,18856,27084,47463,34568,0,0,9267,4586,14672,1574,3967,311,0,0,0,0,53519,2250,9742,0,0,0,0,0
603,3938,604.0105481667426,99888,41,20,82,26,29040,14610,0.4369894281595387,22,12,21506,18771,9519,4133,18828,27036,47481,34592,0,0,9241,4579,14685,1573,3970,312,0,0,0,0,53538,2242,9748,0,0,0,0,0
604,3938,605.0504965873895,99888,43,16,82,26,29044,14611,0.437039484222329,22,16,21566,18842,9482,4119,18803,26979,47499,34615,0,0,9217,4570,14700,1569,3975,312,0,0,0,0,53556,2238,9751,0,0,0,0,0
605,3938,606.1005923243137,99888,39,17,82,26,29051,14616,0.4371596187730258,18,12,21657,18949,9450,4106,18752,26888,47516,34638,0,0,9196,4560,14720,1567,3980,312,0,0,0,0,53565,2231,9757,0,0,0,0,0
606,3938,607.2592100026637,99888,37,11,82,26,29054,14617,0.4371996636232581,17,13,21744,19023,9412,4096,18706,26829,47533,34660,0,0,9171,4552,14739,1566,3982,312,0,0,0,0,53579,2226,9761,0,0,0,0,0
607,3938,608.0129618155414,99888,41,15,82,26,29059,14622,0.4372997757488387,14,11,21774,19079,9391,4080,18696,26787,47550,34682,0,0,9152,4544,14749,1561,3986,313,0,0,0,0,53596,2220,9767,0,0,0,0,0
608,3938,609.0195692868978,99888,42,18,82,26,29061,14626,0.43735984302418707,13,10,21897,19188,9335,4057,18629,26699,47566,34704,0,0,9129,4539,14754,1559,3988,314,0,0,0,0,53618,2213,9774,0,0,0,0,0
609,3938,610.4105738444312,99888,36,19,82,26,29067,14632,0.4374799775748839,10,9,22016,19315,9297,4038,18557,26591,47582,34725,0,0,9103,4536,14769,1557,3991,316,0,0,0,0,53631,2208,9777,0,0,0,0,0
610,3938,611.265576362194,99888,32,19,82,26,29069,14633,0.43751001121255806,10,8,22073,19361,9269,4031,18532,26553,47598,34746,0,0,9079,4529,14780,1555,3993,317,0,0,0,0,53650,2204,9781,0,0,0,0,0
611,3938,612.0497855390122,99888,32,18,82,26,29075,14635,0.4375901009130226,8,7,22135,19432,9246,4021,18495,26494,47613,34766,0,0,9055,4525,14787,1552,3996,319,0,0,0,0,53669,2200,9785,0,0,0,0,0
612,3938,613.3077879594774,99888,24,18,82,26,29077,14636,0.43762013455069676,11,11,22262,19579,9200,3996,18419,26368,47628,34786,0,0,9039,4509,14806,1551,3998,321,0,0,0,0,53679,2198,9787,0,0,0,0,0
613,3938,614.3774925285513,99888,23,20,82,26,29078,14638,0.437650168188371,14,10,22292,19648,9181,3985,18406,26309,47643,34806,0,0,9012,4505,14812,1551,3997,322,0,0,0,0,53704,2195,9790,0,0,0,0,0
614,3938,615.1930925910654,99888,23,17,82,26,29081,14640,0.4377002242511613,11,11,22339,19718,9147,3979,18396,26247,47657,34825,0,0,8997,4493,14827,1549,4002,322,0,0,0,0,53714,2191,9793,0,0,0,0,0
615,3938,616.0278850245811,99888,25,20,82,26,29087,14646,0.4378203588018581,9,8,22457,19856,9106,3970,18319,26118,47671,34844,0,0,8977,4487,14839,1546,4006,322,0,0,0,0,53728,2187,9796,0,0,0,0,0
616,3938,617.0986536876572,99888,27,19,82,26,29089,14647,0.4378503924395323,7,7,22496,19896,9081,3964,18305,26086,47685,34863,0,0,8962,4475,14853,1543,4009,322,0,0,0,0,53741,2184,9799,0,0,0,0,0
617,3938,618.2355908743848,99888,26,20,82,26,29092,14650,0.4379104597148807,5,6,22614,20006,9025,3944,18246,25996,47699,34881,0,0,8942,4469,14863,1542,4009,324,0,0,0,0,53756,2181,9802,0,0,0,0,0
618,3938,619.1973781429429,99888,24,17,82,26,29092,14651,0.43792047092743874,6,7,22667,20074,9001,3932,18218,25942,47712,34899,0,0,8916,4465,14871,1542,4011,324,0,0,0,0,53778,2180,9801,0,0,0,0,0
619,3938,620.0155147753076,99888,24,17,82,26,29095,14653,0.43797052699022904,4,6,22727,20145,8975,3920,18186,25884,47725,34917,0,0,8898,4461,14878,1542,4009,327,0,0,0,0,53792,2174,9807,0,0,0,0,0
620,3938,621.4984419892608,99888,22,17,82,26,29097,14655,0.4380105718404613,6,4,22865,20264,8916,3902,18107,25785,47738,34934,0,0,8880,4453,14890,1540,4012,327,0,0,0,0,53805,2172,9809,0,0,0,0,0
621,3938,622.0561314624372,99888,24,19,82,26,29099,14657,0.43805061669069356,5,5,22896,20291,8896,3897,18095,25760,47751,34951,0,0,8867,4448,14895,1534,4018,327,0,0,0,0,53818,2166,9815,0,0,0,0,0
622,3938,623.4972204594396,99888,23,19,82,26,29103,14660,0.43812069517860003,3,4,23021,20428,8854,3875,18015,25646,47763,34968,0,0,8850,4440,14905,1535,4020,327,0,0,0,0,53830,2161,9820,0,0,0,0,0
623,3938,624.294649132208,99888,19,16,82,26,29104,14660,0.4381307063911581,4,8,23143,20554,8805,3847,17945,25547,47775,34984,0,0,8833,4433,14916,1534,4022,328,0,0,0,0,53842,2158,9822,0,0,0,0,0
624,3938,625.1113797450532,99888,17,16,82,26,29104,14660,0.4381307063911581,5,9,23156,20574,8790,3843,17948,25530,47787,35000,0,0,8820,4421,14928,1534,4022,329,0,0,0,0,53855,2155,9824,0,0,0,0,0
625,3938,626.0364981053722,99888,18,15,82,26,29107,14661,0.4381707512413904,5,9,23216,20640,8764,3834,17913,25474,47799,35016,0,0,8799,4419,14931,1533,4024,330,0,0,0,0,53874,2152,9826,0,0,0,0,0
626,3938,627.1014863283264,99888,13,16,82,26,29108,14664,0.4382107960916226,4,7,23306,20735,8735,3820,17858,25394,47810,35031,0,0,8783,4411,14943,1531,4028,330,0,0,0,0,53884,2152,9826,0,0,0,0,0
627,3938,628.0518810084535,99888,13,14,82,26,29109,14666,0.4382408297292968,4,5,23395,20824,8699,3811,17805,25318,47821,35046,0,0,8766,4406,14952,1529,4031,330,0,0,0,0,53897,2150,9827,0,0,0,0,0
628,3938,629.0223825328942,99888,11,11,82,26,29110,14667,0.43826085215441296,3,5,23462,20913,8669,3798,17771,25245,47832,35061,0,0,8746,4404,14957,1527,4034,331,0,0,0,0,53913,2148,9828,0,0,0,0,0
629,3938,630.1875201063883,99888,10,10,82,26,29111,14669,0.43829088579208714,27,28,23523,21011,8639,3784,17717,25139,47843,35076,0,0,8732,4398,14966,1525,4037,331,0,0,0,1,53923,2144,9831,0,0,0,0,0
630,3938,631.1009179084269,99888,12,17,82,26,29114,14679,0.43842103155534196,27,21,23587,21079,8611,3778,17679,25077,47853,35090,0,0,8720,4391,14971,1525,4039,331,0,0,0,3,53933,2139,9836,0,0,0,0,0
631,3938,632.1671423912521,99888,19,23,82,26,29122,14685,0.4385611885311549,26,15,23662,21165,8570,3763,17639,25006,47863,35104,0,0,8706,4387,14975,1523,4041,331,1,0,0,3,53946,2134,9841,0,0,0,0,0
632,3938,633.0466860260436,99888,24,25,82,26,29129,14690,0.43868132308185165,25,12,23736,21258,8535,3750,17596,24927,47873,35118,0,0,8690,4381,14979,1523,4042,332,1,0,0,6,53959,2133,9842,0,0,0,0,0
633,3938,634.0316284378537,99888,24,22,82,26,29135,14693,0.43877142399487423,26,9,23817,21346,8504,3741,17545,24854,47883,35132,0,0,8678,4374,14985,1523,4043,334,2,0,0,12,53964,2127,9846,0,0,0,0,0
634,3938,635.0430016914556,99888,24,19,82,26,29140,14695,0.4388415024827807,28,9,23871,21409,8482,3739,17511,24796,47893,35145,0,0,8664,4370,14988,1522,4046,334,2,0,0,20,53970,2123,9849,0,0,0,0,0
635,3938,636.0915229909536,99888,25,21,82,26,29145,14699,0.4389316033958033,27,6,23948,21510,8458,3728,17458,24707,47903,35158,0,0,8652,4365,14993,1517,4053,334,2,0,0,24,53978,2122,9848,0,0,0,0,0
636,3938,637.000159809192,99888,26,17,82,26,29150,14700,0.4389916706711517,31,7,24032,21620,8417,3716,17410,24612,47912,35171,0,0,8640,4362,14995,1515,4058,334,2,0,0,29,53985,2116,9852,0,0,0,0,0
637,3938,638.145956919953,99888,30,18,82,26,29159,14702,0.4391017940092904,26,10,24100,21694,8398,3703,17362,24547,47921,35184,0,0,8627,4356,15001,1514,4060,334,2,0,0,33,53994,2113,9854,0,0,0,0,0
638,3938,639.084464546076,99888,30,18,82,26,29165,14706,0.43920190613487103,29,10,24177,21804,8365,3689,17315,24451,47930,35196,0,0,8615,4349,15004,1513,4065,335,3,0,0,37,54001,2112,9854,0,0,0,0,0
639,3938,640.1739829859984,99888,32,18,82,26,29175,14708,0.43932204068556785,22,12,24245,21879,8348,3682,17269,24381,47939,35208,0,0,8604,4340,15007,1514,4070,336,3,0,0,39,54010,2110,9855,0,0,0,0,0
640,3938,641.0486473923228,99888,34,13,82,26,29184,14709,0.4394221528111485,19,18,24303,21959,8324,3679,17236,24303,47948,35220,0,0,8594,4332,15013,1516,4071,336,4,0,0,48,54010,2104,9860,0,0,0,0,0
641,3938,642.0049064440786,99888,35,15,82,26,29186,14713,0.4394822200864969,24,17,24359,22031,8293,3673,17205,24236,47956,35232,0,0,8581,4327,15018,1516,4072,336,4,0,0,50,54021,2102,9861,0,0,0,0,0
642,3938,643.2940413951252,99888,41,14,82,26,29196,14717,0.4396223770623098,24,19,24437,22140,8266,3660,17148,24139,47964,35244,0,0,8566,4326,15016,1513,4079,336,6,0,0,52,54032,2098,9864,0,0,0,0,0
643,3938,644.0019489191765,99888,42,16,82,26,29198,14719,0.43966242191254207,26,18,24484,22198,8237,3648,17127,24092,47972,35255,0,0,8557,4320,15022,1512,4080,336,7,0,0,52,54040,2094,9868,0,0,0,0,0
644,3938,645.2664725880101,99888,38,20,82,26,29205,14724,0.4397825564632388,32,23,24603,22301,8200,3631,17043,23997,47980,35266,0,0,8549,4309,15030,1513,4084,337,7,0,0,56,54044,2092,9867,0,0,0,0,0
645,3938,646.1578478445622,99888,40,23,82,26,29210,14730,0.43989267980137753,33,19,24658,22354,8183,3626,17002,23950,47988,35277,0,0,8540,4299,15038,1514,4084,338,8,0,0,59,54049,2091,9868,0,0,0,0,0
646,3938,647.1024389876932,99888,37,24,82,26,29217,14736,0.4400228255646324,39,15,24720,22420,8161,3619,16959,23894,47996,35288,0,0,8530,4289,15045,1515,4089,339,10,0,0,64,54052,2089,9866,0,0,0,0,0
647,3938,648.1089105865636,99888,34,27,82,26,29221,14740,0.44010291526509693,43,14,24775,22520,8143,3603,16921,23808,48004,35299,0,0,8517,4286,15047,1513,4093,339,11,0,0,69,54059,2087,9867,0,0,0,0,0
648,3938,649.0934710930007,99888,41,22,82,26,29238,14744,0.44031315072881627,34,21,24867,22617,8104,3597,16870,23715,48011,35310,0,0,8510,4284,15046,1512,4096,342,12,0,0,81,54053,2080,9872,0,0,0,0,0
649,3938,650.1435718500028,99888,47,22,82,26,29248,14747,0.44044329649207115,39,23,24945,22705,8071,3587,16814,23635,48018,35320,0,0,8503,4280,15050,1508,4099,343,12,0,0,86,54055,2077,9875,0,0,0,0,0
650,3938,651.0334132119435,99888,46,20,82,26,29254,14749,0.4405233861925356,39,23,25025,22779,8055,3571,16751,23579,48025,35330,0,0,8492,4274,15056,1506,4102,343,14,0,0,94,54056,2077,9874,0,0,0,0,0
651,3938,652.289608880123,99888,45,21,82,26,29264,14755,0.44068356559346467,46,23,25103,22894,8032,3557,16690,23477,48032,35340,0,0,8480,4269,15058,1504,4112,343,18,0,0,98,54060,2075,9871,0,0,0,0,0
652,3938,653.1735809751285,99888,48,22,82,26,29273,14759,0.44081371135671954,43,21,25189,22966,8004,3546,16632,23417,48039,35350,0,0,8473,4263,15063,1502,4115,343,18,0,0,106,54059,2073,9873,0,0,0,0,0
653,3938,654.0546727865304,99888,50,24,82,26,29283,14763,0.4409538683325324,45,27,25244,23047,7984,3538,16593,23336,48046,35360,0,0,8466,4258,15066,1499,4120,344,20,0,0,110,54060,2069,9876,0,0,0,0,0
654,3938,655.2262675217776,99888,56,23,82,26,29294,14769,0.4411240589460195,45,28,25324,23136,7949,3531,16542,23254,48053,35370,0,0,8455,4256,15067,1497,4123,345,20,0,0,119,54062,2067,9877,0,0,0,0,0
655,3938,656.1024483669213,99888,58,26,82,26,29302,14775,0.44126421592183246,44,29,25385,23195,7923,3525,16506,23197,48060,35379,0,0,8444,4253,15069,1496,4127,345,21,0,0,124,54067,2065,9877,0,0,0,0,0
656,3938,657.2673980405207,99888,66,29,82,26,29317,14783,0.441494473810668,38,28,25465,23270,7889,3515,16458,23130,48066,35388,0,0,8436,4246,15072,1497,4130,347,21,0,0,128,54071,2064,9876,0,0,0,0,0
657,3938,658.1387282312778,99888,64,33,82,26,29324,14789,0.4416246195739228,41,31,25516,23333,7876,3509,16419,23066,48072,35397,0,0,8426,4241,15077,1497,4130,348,22,0,0,136,54072,2063,9876,0,0,0,0,0
658,3938,659.0082178162181,99888,64,39,82,26,29332,14796,0.4417747877622938,38,31,25585,23424,7857,3495,16372,22983,48078,35406,0,0,8418,4237,15078,1495,4137,348,22,0,0,139,54077,2061,9876,0,0,0,0,0
659,3938,660.1640565764582,99888,70,42,82,26,29344,14807,0.44200504565112925,45,32,25655,23505,7836,3486,16310,22907,48084,35415,0,0,8405,4232,15080,1496,4138,349,23,0,0,147,54081,2061,9876,0,0,0,0,0
660,3938,661.0288508658232,99888,72,45,82,26,29353,14812,0.4421452026269422,56,39,25699,23558,7819,3481,16270,22849,48090,35424,0,0,8396,4228,15081,1497,4142,349,23,0,0,151,54086,2058,9877,0,0,0,0,0
661,3938,662.1790443617671,99888,80,54,82,26,29369,14827,0.44245555021624217,57,41,25784,23670,7792,3460,16203,22747,48096,35433,0,0,8385,4225,15083,1498,4144,349,25,0,0,160,54086,2054,9879,0,0,0,0,0
662,3938,663.0392191889283,99888,84,64,82,26,29382,14843,0.4427458753804261,66,35,25828,23741,7772,3453,16166,22679,48102,35441,0,0,8377,4223,15082,1495,4153,350,26,0,0,166,54087,2052,9877,0,0,0,0,0
663,3938,664.1833024976183,99888,85,64,82,26,29398,14854,0.44301617811949384,86,39,25906,23813,7750,3453,16089,22603,48108,35449,0,0,8364,4220,15078,1497,4160,351,28,0,0,179,54085,2050,9876,0,0,0,0,0
664,3938,665.0389562996829,99888,97,72,82,26,29421,14866,0.4433665705590261,90,40,25948,23893,7740,3436,16041,22531,48114,35457,0,0,8355,4214,15082,1497,4164,351,29,0,0,188,54084,2049,9875,0,0,0,0,0
665,3938,666.1772593348072,99888,104,75,82,26,29443,14879,0.4437169629985584,98,43,26006,23984,7715,3431,15993,22439,48120,35465,0,0,8341,4208,15085,1498,4170,351,36,0,0,199,54080,2047,9873,0,0,0,0,0
666,3938,667.0291029710365,99888,108,80,82,26,29465,14892,0.44406735543809067,103,40,26054,24042,7705,3427,15946,22383,48125,35473,0,0,8331,4206,15083,1495,4177,353,41,0,0,213,54071,2045,9873,0,0,0,0,0
667,3938,668.1623509564729,99888,116,72,82,26,29497,14902,0.4444878263655294,104,45,26110,24137,7689,3432,15897,22286,48130,35481,0,0,8319,4201,15085,1497,4181,355,47,0,0,240,54050,2042,9871,0,0,0,0,0
668,3938,669.0105894851844,99888,126,71,82,26,29520,14910,0.4447981739548294,98,45,26148,24201,7685,3428,15859,22227,48135,35489,0,0,8311,4193,15089,1499,4184,356,49,0,0,253,54043,2041,9870,0,0,0,0,0
669,3938,670.1393366719716,99887,132,73,83,26,29542,14927,0.44519306816702875,118,43,26214,24300,7661,3423,15790,22133,48140,35497,0,0,8302,4187,15086,1500,4193,357,52,0,0,268,54033,2039,9870,0,0,0,0,0
670,3938,671.2649812743182,99887,143,80,83,26,29573,14945,0.4456836224934176,111,50,26286,24368,7652,3422,15723,22052,48145,35504,0,0,8294,4186,15084,1500,4200,358,54,0,0,288,54019,2034,9870,0,0,0,0,0
671,3938,672.107183527481,99887,136,85,83,26,29589,14956,0.4459539279385706,121,56,26330,24438,7653,3416,15675,21977,48150,35511,0,0,8281,4183,15084,1501,4204,359,58,0,0,306,54010,2033,9868,0,0,0,0,0
672,3938,673.2277187939343,99887,147,84,83,26,29618,14968,0.4463643917626918,146,63,26386,24529,7635,3410,15601,21886,48155,35518,0,0,8272,4178,15085,1503,4209,362,60,0,0,321,54002,2030,9865,0,0,0,0,0
673,3938,674.0662620664335,99887,158,89,83,26,29647,14984,0.4468149008379469,149,66,26426,24595,7625,3408,15557,21814,48160,35525,0,0,8264,4174,15080,1503,4226,362,60,0,0,332,53999,2029,9858,0,0,0,0,0
674,3938,675.1821211319758,99887,157,96,83,26,29683,15000,0.44733548910268606,171,69,26468,24687,7623,3404,15496,21716,48165,35532,0,0,8252,4167,15078,1503,4241,363,68,0,0,351,53984,2026,9854,0,0,0,0,0
675,3938,676.0174850494884,99887,177,94,83,26,29715,15015,0.44780602080350795,163,72,26526,24727,7594,3414,15455,21665,48170,35539,0,0,8242,4165,15077,1502,4246,364,69,0,0,373,53971,2026,9852,0,0,0,0,0
676,3938,677.1287054726068,99887,194,106,83,26,29755,15040,0.4484567561344319,183,66,26577,24788,7570,3416,15391,21596,48175,35546,0,0,8232,4158,15074,1507,4257,365,71,0,0,388,53963,2024,9848,0,0,0,0,0
677,3938,678.23731300443,99887,218,114,83,26,29810,15064,0.4492476498443241,188,87,26623,24851,7556,3416,15330,21504,48180,35553,0,0,8220,4148,15071,1512,4267,367,80,0,0,407,53947,2020,9848,0,0,0,0,0
678,3938,679.0671350227923,99887,234,123,83,26,29847,15082,0.44979827204741357,189,90,26659,24913,7554,3411,15279,21435,48184,35560,0,0,8211,4143,15068,1519,4274,368,83,0,0,418,53942,2013,9848,0,0,0,0,0
679,3938,680.1713943427052,99887,250,127,83,26,29895,15100,0.450459018691121,197,97,26707,24987,7544,3412,15217,21349,48188,35566,0,0,8198,4133,15066,1527,4285,369,91,0,0,435,53930,2010,9843,0,0,0,0,0
680,3938,681.273279716868,99887,254,140,83,26,29938,15129,0.45117983321152905,215,101,26753,25054,7548,3413,15145,21264,48192,35572,0,0,8183,4128,15058,1529,4299,371,99,0,0,462,53910,2010,9838,0,0,0,0,0
681,3938,682.0981291727993,99887,281,144,83,26,29983,15149,0.45183056854245296,234,121,26771,25091,7538,3417,15091,21199,48196,35578,0,0,8173,4123,15057,1532,4309,372,103,0,0,476,53902,2007,9833,0,0,0,0,0
682,3938,683.1961583546638,99887,308,159,83,26,30051,15179,0.45281167719523063,248,126,26790,25161,7542,3419,15027,21107,48200,35584,0,0,8160,4118,15052,1536,4322,373,111,0,0,504,53879,2002,9830,0,0,0,0,0
683,3938,684.0186084202892,99887,334,160,83,26,30109,15201,0.45361258221790624,249,133,26820,25202,7541,3425,14971,21052,48204,35590,0,0,8146,4116,15046,1539,4338,374,118,0,0,528,53862,1997,9823,0,0,0,0,0
684,3938,685.1136698121784,99887,353,163,83,26,30183,15235,0.45469380399851833,269,141,26834,25277,7559,3436,14900,20955,48208,35596,0,0,8130,4108,15033,1545,4361,375,129,0,0,571,53824,1993,9818,0,0,0,0,0
685,3938,686.2075466809333,99887,344,179,83,26,30249,15280,0.45580505971748075,302,150,26857,25325,7591,3453,14821,20865,48212,35602,0,0,8114,4101,15021,1549,4387,379,139,0,0,623,53777,1989,9808,0,0,0,0,0
686,3938,687.0269938199459,99887,371,198,83,26,30311,15318,0.45680619099582526,312,154,26872,25358,7592,3460,14768,20802,48216,35608,0,0,8106,4094,15020,1551,4398,381,142,0,0,656,53749,1988,9802,0,0,0,0,0
687,3938,688.1180932181342,99887,387,219,83,26,30399,15362,0.4581276842832401,348,170,26901,25401,7615,3475,14664,20707,48220,35614,0,0,8088,4084,15010,1563,4417,383,155,0,0,702,53708,1980,9797,0,0,0,0,0
688,3938,689.2073637897904,99887,406,243,83,26,30490,15421,0.45962938120075686,375,167,26906,25453,7641,3495,14587,20614,48224,35620,0,0,8068,4077,14995,1569,4444,388,168,0,0,752,53665,1977,9784,0,0,0,0,0
689,3938,690.0235858501493,99887,431,253,83,26,30567,15457,0.46076065954528617,388,177,26916,25476,7647,3508,14533,20558,48228,35626,0,0,8047,4072,14987,1574,4459,390,183,0,0,789,53632,1973,9781,0,0,0,0,0
690,3938,691.1105794777724,99887,480,265,83,26,30680,15506,0.4623824922162043,394,199,26935,25520,7670,3525,14436,20463,48232,35631,0,0,8022,4064,14977,1581,4479,393,201,0,0,837,53590,1971,9772,0,0,0,0,0
691,3938,692.1960900714197,99887,522,277,83,26,30793,15562,0.46407440407660655,414,206,26923,25557,7701,3552,14355,20380,48236,35636,0,0,8003,4057,14966,1585,4511,397,215,0,0,888,53540,1968,9757,0,0,0,0,0
692,3938,693.0099526219684,99887,545,275,83,26,30874,15596,0.4652257050467028,437,235,26919,25583,7725,3580,14289,20299,48240,35641,0,0,7985,4046,14959,1596,4526,399,228,0,0,939,53494,1964,9751,0,0,0,0,0
693,3938,694.0946295698153,99887,566,300,83,26,30993,15663,0.4670878092244236,493,244,26882,25626,7775,3602,14199,20200,48244,35646,0,0,7959,4039,14935,1605,4559,406,245,0,0,1002,53437,1961,9739,0,0,0,0,0
694,3938,695.1793261358102,99887,614,309,83,26,31129,15732,0.4691401283450299,516,246,26859,25676,7809,3645,14117,20096,48248,35651,0,0,7938,4029,14916,1608,4593,412,261,0,0,1078,53364,1960,9728,0,0,0,0,0
695,3938,696.2641629076322,99887,667,346,83,26,31275,15807,0.4713526284701713,559,247,26828,25694,7854,3666,14007,20019,48251,35656,0,0,7910,4024,14897,1614,4626,417,282,0,0,1136,53313,1955,9713,0,0,0,0,0
696,3938,697.0775986804334,99887,705,361,83,26,31390,15858,0.4730145063922232,582,260,26798,25715,7890,3683,13940,19953,48254,35661,0,0,7892,4016,14884,1617,4659,421,298,0,0,1188,53263,1953,9696,0,0,0,0,0
697,3938,698.1623514698023,99887,749,387,83,26,31549,15924,0.4752670517684984,611,296,26760,25740,7957,3705,13838,19844,48257,35666,0,0,7859,3999,14871,1627,4696,424,327,0,0,1253,53201,1950,9680,0,0,0,0,0
698,3938,699.2472002304734,99887,827,410,83,26,31736,16010,0.478000140158379,626,332,26701,25750,8009,3742,13752,19738,48260,35671,0,0,7841,3980,14848,1644,4741,429,340,0,0,1331,53124,1945,9664,0,0,0,0,0
699,3938,700.0614503624757,99887,861,428,83,26,31875,16081,0.4801025158429025,658,345,26633,25762,8077,3780,13686,19657,48263,35676,0,0,7815,3965,14833,1658,4776,433,362,0,0,1406,53050,1941,9648,0,0,0,0,0
700,3938,701.1488844985615,99887,889,456,83,26,32055,16172,0.48281558160721616,692,345,26593,25800,8171,3824,13570,19547,48266,35681,0,0,7778,3956,14814,1670,4822,437,392,0,0,1516,52944,1932,9626,0,0,0,0,0
701,3938,702.2372814937224,99887,944,474,83,26,32250,16266,0.48570885100163186,731,366,26516,25833,8254,3877,13470,19422,48269,35686,0,0,7748,3947,14785,1674,4875,446,419,0,0,1622,52840,1926,9605,0,0,0,0,0
702,3938,703.0546176298961,99887,979,487,83,26,32411,16333,0.48799143031625736,759,377,26452,25842,8342,3919,13383,19347,48272,35691,0,0,7725,3935,14761,1687,4922,447,436,0,0,1719,52748,1920,9587,0,0,0,0,0
703,3938,704.146015192043,99887,1058,516,83,26,32621,16439,0.4911550051558261,804,390,26378,25852,8413,3973,13262,19241,48275,35696,0,0,7704,3925,14732,1696,4977,450,452,0,0,1837,52634,1915,9565,0,0,0,0,0
704,3938,705.238843035105,99886,1111,553,84,26,32847,16563,0.49466391686522637,860,420,26284,25844,8512,4034,13147,19121,48278,35701,0,0,7676,3911,14682,1711,5051,455,475,0,0,1967,52506,1906,9546,0,0,0,0,0
705,3938,706.0596557101182,99886,1140,587,84,26,33004,16653,0.49713673587890195,888,428,26227,25852,8596,4064,13063,19041,48281,35705,0,0,7650,3897,14661,1724,5086,462,497,0,0,2064,52412,1902,9531,0,0,0,0,0
706,3938,707.1555999794189,99886,1201,598,84,26,33251,16758,0.500660753258715,960,476,26116,25867,8688,4125,12949,18906,48284,35709,0,0,7610,3885,14620,1735,5157,468,530,0,0,2201,52279,1890,9511,0,0,0,0,0
707,3938,708.2538090047226,99886,1305,629,84,26,33528,16887,0.5047253869411129,1005,503,26019,25861,8788,4190,12797,18789,48287,35713,0,0,7580,3868,14577,1754,5233,477,557,0,0,2326,52157,1880,9477,0,0,0,0,0
708,3938,709.0787795696993,99886,1368,687,84,26,33739,17014,0.5081092445387742,1042,507,25932,25839,8871,4248,12701,18691,48290,35717,0,0,7552,3855,14555,1772,5265,488,581,0,0,2444,52042,1870,9462,0,0,0,0,0
709,3938,710.1809592250365,99886,1444,726,84,26,34020,17172,0.5125042548505296,1143,524,25796,25823,8972,4342,12559,18557,48293,35721,0,0,7505,3834,14526,1797,5320,501,622,0,0,2611,51875,1862,9433,0,0,0,0,0
710,3938,711.0095308362817,99886,1450,729,84,26,34238,17278,0.5157479526660392,1216,570,25696,25795,9118,4426,12434,18452,48296,35725,0,0,7464,3816,14491,1816,5372,516,659,0,0,2779,51708,1853,9412,0,0,0,0,0
711,3938,712.1176195504878,99886,1559,755,84,26,34575,17421,0.5205534309112388,1248,624,25559,25772,9252,4510,12296,18311,48299,35729,0,0,7415,3790,14456,1842,5442,523,703,0,0,2961,51530,1843,9381,0,0,0,0,0
712,3938,713.2289463300718,99885,1663,812,85,26,34912,17611,0.5258347099164039,1275,634,25419,25754,9391,4610,12165,18162,48302,35733,0,0,7380,3766,14414,1870,5523,537,728,0,0,3146,51344,1834,9343,0,0,0,0,0
713,3938,714.0651458950133,99885,1718,856,85,26,35145,17750,0.529558992841768,1355,664,25305,25718,9483,4681,12052,18053,48305,35737,0,0,7341,3751,14378,1885,5599,544,764,0,0,3269,51219,1827,9308,0,0,0,0,0
714,3938,715.1834425959765,99885,1810,907,85,26,35523,17936,0.5352054863092557,1420,686,25133,25687,9660,4782,11890,17910,48308,35741,0,0,7294,3732,14324,1907,5698,561,803,0,0,3477,51014,1812,9263,0,0,0,0,0
715,3938,716.025571876766,99884,1926,933,86,26,35832,18084,0.539786151936246,1442,680,25004,25676,9762,4877,11778,17806,48311,35745,0,0,7263,3714,14275,1934,5770,569,828,0,0,3638,50852,1796,9245,0,0,0,0,0
716,3938,717.1528265512036,99884,1991,1020,86,26,36218,18299,0.5458031316326939,1535,718,24781,25633,9965,4970,11640,17631,48314,35749,0,0,7198,3684,14227,1967,5877,582,886,0,0,3844,50644,1784,9191,0,0,0,0,0
717,3938,718.0026146717232,99884,2074,1053,86,26,36547,18458,0.550688799006848,1594,756,24616,25587,10115,5068,11513,17508,48317,35753,0,0,7153,3653,14174,1996,5977,596,928,0,0,4004,50479,1777,9147,0,0,0,0,0
718,3938,719.1420217680294,99884,2184,1080,86,26,37007,18662,0.5573365103520084,1646,809,24387,25526,10337,5207,11358,17350,48320,35757,0,0,7102,3622,14103,2030,6097,613,972,0,0,4272,50204,1764,9105,0,0,0,0,0
719,3938,720.0015777313736,99884,2258,1119,86,26,37358,18836,0.5625926074246126,1725,820,24181,25485,10514,5314,11234,17234,48322,35761,0,0,7046,3591,14053,2065,6184,626,1020,0,0,4468,50006,1752,9073,0,0,0,0,0
720,3938,721.1557065771965,99882,2408,1156,86,28,37857,19050,0.5697422959091728,1801,879,23933,25411,10702,5445,11068,17079,48324,35765,0,0,6991,3562,13975,2101,6313,641,1070,0,0,4720,49741,1734,9034,0,0,0,0,0
721,3938,722.0265761279802,99882,2548,1193,86,28,38254,19250,0.5757193488316213,1829,921,23741,25346,10854,5575,10940,16935,48326,35769,0,0,6951,3544,13920,2125,6414,653,1103,0,0,4936,49523,1716,8997,0,0,0,0,0
722,3938,723.1955831598401,99881,2659,1282,87,28,38827,19535,0.5843153352489463,1899,959,23445,25256,11150,5713,10758,16760,48328,35773,0,0,6896,3511,13824,2169,6580,675,1148,0,0,5258,49192,1694,8934,0,0,0,0,0
723,3938,724.0792517498928,99881,2774,1338,87,28,39249,19758,0.5907730198936735,1976,1014,23251,25143,11331,5842,10579,16633,48330,35777,0,0,6843,3491,13752,2197,6690,694,1194,0,0,5483,48955,1682,8900,0,0,0,0,0
724,3938,725.2654722441448,99881,2851,1417,87,28,39825,20075,0.5997136592545129,2096,1067,22943,25024,11634,6025,10387,16437,48332,35780,0,0,6767,3433,13650,2263,6863,724,1262,0,0,5816,48603,1667,8833,0,0,0,0,0
725,3938,726.1629269427829,99881,2946,1461,87,28,40282,20300,0.6065417847238214,2194,1115,22684,24946,11847,6156,10240,16292,48334,35783,0,0,6701,3405,13577,2293,6985,752,1320,0,0,6060,48350,1654,8784,0,0,0,0,0
726,3938,727.0679438091433,99881,3056,1496,87,28,40803,20559,0.6143510777825613,2224,1122,22417,24838,12125,6334,10089,16180,48336,35786,0,0,6637,3365,13504,2338,7138,774,1376,0,0,6357,48041,1633,8718,0,0,0,0,0
727,3938,728.2877517655527,99880,3199,1597,88,28,41512,20933,0.625200240288346,2279,1170,22101,24719,12474,6542,9857,15942,48338,35789,0,0,6558,3306,13403,2417,7334,810,1442,0,0,6731,47646,1603,8630,0,0,0,0,0
728,3938,729.2111919237518,99879,3328,1637,89,28,42033,21204,0.6331360946745562,2361,1211,21839,24604,12696,6717,9685,15801,48340,35792,0,0,6499,3272,13313,2452,7507,832,1494,0,0,6997,47352,1588,8573,0,0,0,0,0
729,3938,730.1429153634274,99879,3469,1686,89,28,42629,21487,0.6419367434595861,2406,1265,21537,24485,12977,6899,9520,15635,48342,35795,0,0,6427,3245,13215,2480,7663,867,1558,0,0,7323,47006,1576,8519,0,0,0,0,0
730,3938,731.0841026931594,99878,3551,1776,90,28,43170,21811,0.6506037365586015,2476,1279,21277,24369,13257,7082,9347,15464,48344,35798,0,0,6352,3203,13120,2521,7827,903,1627,0,0,7626,46685,1562,8452,0,0,0,0,0
731,3938,732.0351228418449,99877,3632,1852,91,28,43703,22133,0.6591707800594732,2658,1300,20942,24257,13508,7269,9167,15292,48346,35801,0,0,6286,3169,13034,2559,7992,938,1685,0,0,7929,46347,1544,8394,0,0,0,0,0
732,3938,733.3200865149637,99876,3772,1869,92,28,44556,22514,0.6715327005486804,2681,1433,20578,24066,13954,7544,8921,15058,48348,35804,0,0,6178,3112,12923,2603,8248,990,1783,0,0,8400,45828,1518,8293,0,0,0,0,0
733,3938,734.2961879395383,99876,3839,1948,92,28,45199,22852,0.6813548800512635,2769,1478,20277,23931,14266,7736,8755,14877,48350,35807,0,0,6083,3071,12828,2648,8446,1028,1865,0,0,8749,45433,1500,8225,0,0,0,0,0
734,3938,735.2836077281781,99876,3984,2037,92,28,45891,23218,0.6919480155392687,2838,1519,19955,23760,14566,7946,8563,14708,48352,35810,0,0,5980,3026,12721,2718,8633,1064,1949,0,0,9099,45053,1480,8153,0,0,0,0,0
735,3938,736.2835985457702,99876,4154,2085,92,28,46586,23586,0.7025912131042493,2875,1563,19635,23581,14854,8192,8388,14549,48354,35813,0,0,5894,2989,12626,2744,8843,1105,2027,0,0,9468,44643,1470,8067,0,0,0,0,0
736,3938,737.2963232004514,99876,4237,2154,92,28,47300,23969,0.7135748327926629,2915,1623,19307,23435,15240,8399,8207,14359,48356,35816,0,0,5799,2943,12504,2799,9064,1149,2107,0,0,9884,44184,1447,7996,0,0,0,0,0
737,3938,738.3234665756979,99875,4388,2289,93,28,48024,24403,0.7251764705882353,3044,1604,18921,23311,15532,8594,8020,14172,48358,35819,0,0,5713,2903,12400,2844,9250,1203,2179,0,0,10265,43766,1426,7926,0,0,0,0,0
738,3938,739.017032727076,99872,4446,2335,94,30,48566,24676,0.7333586991348927,3078,1664,18653,23193,15844,8748,7883,14028,48360,35822,0,0,5640,2860,12310,2891,9452,1236,2241,0,0,10517,43464,1409,7852,0,0,0,0,0
739,3938,740.0732988964185,99872,4604,2404,94,30,49418,25141,0.7465455783402756,3061,1701,18302,22990,16238,9046,7699,13827,48362,35825,0,0,5522,2813,12184,2959,9683,1301,2340,0,0,10970,42949,1382,7769,0,0,0,0,0
740,3938,741.1475574822554,99870,4713,2449,95,31,50247,25577,0.7592269950936217,3116,1811,17900,22760,16666,9325,7508,13622,48364,35828,0,0,5426,2768,12030,3014,9965,1368,2414,0,0,11413,42439,1355,7678,0,0,0,0,0
741,3938,742.2418432773158,99870,4864,2555,95,31,51108,26068,0.7727645939721638,3132,1818,17539,22577,17050,9618,7318,13399,48366,35831,0,0,5322,2725,11895,3076,10214,1440,2490,0,0,11838,41939,1328,7603,0,0,0,0,0
742,3938,743.3555344927365,99870,4990,2668,95,31,52004,26599,0.7870531691198558,3176,1818,17151,22369,17460,9924,7126,13188,48368,35834,0,0,5225,2672,11756,3129,10503,1513,2560,0,0,12334,41373,1314,7491,0,0,0,0,0
743,3938,744.1021244762857,99870,5045,2779,95,31,52612,26973,0.7968859517372584,3220,1819,16866,22226,17782,10105,6990,13038,48370,35837,0,0,5146,2623,11635,3189,10732,1561,2617,0,0,12605,41055,1292,7415,0,0,0,0,0
744,3938,745.1949182527809,99870,5142,2778,95,31,53510,27424,0.8103935115650346,3247,1955,16517,21982,18207,10440,6790,12812,48372,35840,0,0,5034,2559,11485,3259,11057,1620,2705,0,0,13091,40475,1261,7324,0,0,0,0,0
745,3938,746.2585400659002,99869,5252,2847,95,32,54383,27938,0.8242898196637595,3254,1968,16155,21791,18608,10762,6634,12598,48374,35843,0,0,4913,2506,11344,3315,11341,1703,2798,0,0,13543,39944,1236,7226,0,0,0,0,0
746,3938,747.2972261275021,99867,5356,2909,95,34,55228,28433,0.8377241731502899,3280,1958,15820,21643,18988,11053,6459,12401,48376,35846,0,0,4807,2461,11215,3358,11617,1800,2882,0,0,13950,39439,1211,7127,0,0,0,0,0
747,3938,748.3136338247378,99866,5329,2974,96,34,56018,28933,0.850649870826908,3371,2000,15497,21406,19409,11369,6296,12215,48378,35849,0,0,4685,2401,11063,3431,11934,1883,2973,0,0,14378,38907,1185,7026,0,0,0,0,0
748,3938,749.3066778620293,99865,5473,3029,96,35,56869,29401,0.8638662193961848,3405,2021,15179,21210,19745,11656,6100,12047,48380,35852,0,0,4596,2361,10919,3470,12228,1971,3042,0,0,14750,38435,1163,6930,0,0,0,0,0
749,3938,750.2787677345324,99865,5559,3093,96,35,57719,29858,0.8769538877484604,3411,2082,14873,21026,20131,11906,5928,11856,48382,35855,0,0,4501,2327,10771,3524,12518,2059,3104,0,0,15150,37938,1131,6842,0,0,0,0,0
750,3938,751.2302838879178,99865,5656,3147,96,35,58552,30381,0.8905322184949682,3405,2074,14596,20812,20475,12240,5770,11690,48384,35858,0,0,4409,2285,10641,3554,12813,2163,3171,0,0,15566,37418,1112,6733,0,0,0,0,0
751,3938,752.1641153704599,99865,5723,3198,96,35,59342,30854,0.9031792920442597,3450,2110,14283,20626,20836,12516,5610,11513,48386,35861,0,0,4311,2240,10522,3603,13099,2250,3235,0,0,15948,36936,1088,6633,0,0,0,0,0
752,3938,753.079599553339,99863,5741,3286,98,35,60117,31347,0.9158947758429048,3472,2142,14014,20432,21219,12768,5454,11335,48388,35864,0,0,4228,2193,10389,3655,13386,2354,3278,0,0,16316,36458,1073,6533,0,0,0,0,0
753,3938,754.2727996224997,99862,5808,3301,99,35,61188,31940,0.9325669423804851,3464,2215,13632,20175,21735,13160,5260,11112,48390,35866,0,0,4099,2123,10201,3732,13806,2470,3373,0,0,16825,35805,1034,6394,0,0,0,0,0
754,3938,755.1485617606396,99861,5839,3339,99,36,61936,32421,0.9448833879091938,3485,2216,13386,19986,22053,13465,5136,10956,48392,35868,0,0,4003,2083,10078,3761,14095,2561,3441,0,0,17206,35302,1017,6314,0,0,0,0,0
755,3938,756.0109729528607,99861,5923,3403,99,36,62705,32892,0.9573006479005818,3468,2218,13174,19807,22328,13731,5006,10803,48394,35870,0,0,3929,2034,9958,3814,14341,2657,3493,0,0,17575,34833,993,6234,0,0,0,0,0
756,3938,757.141425704339,99861,5931,3439,99,36,63680,33472,0.9728722924865563,3506,2297,12862,19540,22759,14086,4841,10600,48396,35872,0,0,3811,1973,9776,3899,14719,2786,3563,0,0,18023,34222,964,6125,0,0,0,0,0
757,3938,758.2496975419991,99861,5947,3552,99,36,64634,34105,0.9887643824916634,3472,2269,12612,19330,23180,14401,4688,10410,48398,35874,0,0,3713,1924,9617,3948,15059,2942,3623,0,0,18460,33636,936,6003,0,0,0,0,0
758,3938,759.0673001271921,99860,5973,3603,99,37,65330,34586,1.0005607850991387,3474,2226,12389,19160,23479,14699,4584,10273,48400,35876,0,0,3635,1883,9497,3986,15363,3048,3663,0,0,18729,33232,919,5905,0,0,0,0,0
759,3938,760.1409080559232,99860,5985,3644,99,37,66248,35161,1.0155117164029641,3472,2231,12151,18950,23859,15044,4432,10092,48402,35878,0,0,3533,1824,9363,4044,15685,3193,3724,0,0,19157,32645,892,5800,0,0,0,0,0
760,3938,761.1972626619204,99860,6060,3660,99,37,67172,35729,1.030452633687162,3472,2251,11869,18728,24187,15400,4311,9922,48404,35880,0,0,3427,1784,9203,4099,16024,3339,3783,0,0,19530,32098,869,5704,0,0,0,0,0
761,3938,762.237157930466,99859,6065,3701,100,37,68041,36291,1.0447931583532781,3476,2265,11627,18562,24543,15707,4187,9726,48406,35882,0,0,3339,1736,9048,4152,16368,3481,3825,0,0,19889,31559,841,5621,0,0,0,0,0
762,3938,763.0069728076778,99859,6100,3745,100,37,68754,36723,1.0562593256491652,3404,2236,11469,18424,24832,15942,4093,9614,48408,35884,0,0,3257,1704,8936,4185,16632,3600,3867,0,0,20147,31164,830,5537,0,0,0,0,0
763,3938,764.0206489213756,99858,6138,3747,100,38,69613,37296,1.0706102665785415,3372,2259,11266,18225,25142,16292,3980,9437,48410,35886,0,0,3173,1665,8802,4224,16957,3754,3911,0,0,20523,30613,799,5437,0,0,0,0,0
764,3938,765.0209143049697,99858,6103,3748,100,38,70473,37846,1.0847303170502114,3372,2293,11033,18032,25529,16624,3861,9263,48411,35888,0,0,3108,1621,8638,4271,17315,3926,3924,0,0,20874,30056,785,5340,0,0,0,0,0
765,3938,766.0064797857717,99858,6092,3812,100,38,71281,38411,1.098479841374752,3404,2310,10838,17809,25835,16919,3729,9110,48412,35890,0,0,3013,1581,8508,4313,17635,4076,3984,0,0,21161,29562,758,5267,0,0,0,0,0
766,3938,767.2209364552101,99858,5974,3816,100,38,72256,39119,1.115333773959022,3463,2309,10623,17573,26235,17363,3603,8899,48413,35892,0,0,2907,1535,8333,4364,18085,4277,4028,0,0,21582,28871,739,5137,0,0,0,0,0
767,3938,768.1796596220688,99858,5941,3823,100,38,73034,39647,1.1284123455306536,3473,2275,10428,17408,26548,17701,3508,8753,48414,35894,0,0,2831,1495,8226,4403,18387,4453,4053,0,0,21850,28389,719,5052,0,0,0,0,0
768,3938,769.1278869719679,99857,5953,3822,100,39,73866,40167,1.1419630071001532,3420,2249,10258,17232,26863,18024,3404,8632,48415,35896,0,0,2749,1446,8088,4470,18722,4610,4074,0,0,22119,27919,704,4956,0,0,0,0,0
769,3938,770.0661522906718,99856,6008,3830,101,39,74661,40687,1.1551434065053676,3433,2254,10053,17062,27090,18305,3313,8508,48416,35898,0,0,2661,1397,7968,4527,19033,4750,4117,0,0,22379,27470,689,4865,0,0,0,0,0
770,3938,771.2263880966372,99854,5946,3870,102,40,75587,41379,1.1713702004927193,3420,2123,9848,16920,27458,18710,3224,8335,48417,35900,0,0,2562,1350,7825,4547,19411,4955,4162,0,0,22747,26858,671,4766,0,0,0,0,0
771,3938,772.1450505636516,99854,5947,3822,102,40,76351,41829,1.18352795080818,3370,2129,9704,16764,27741,19036,3134,8207,48418,35902,0,0,2495,1313,7696,4597,19724,5125,4177,0,0,22944,26439,652,4692,0,0,0,0,0
772,3938,773.0553353368947,99852,5960,3785,104,40,77103,42291,1.195709650282418,3337,2119,9559,16658,27986,19316,3052,8080,48419,35904,0,0,2434,1279,7569,4622,20054,5265,4192,0,0,23196,25990,635,4616,0,0,0,0,0
773,3938,774.1824145148761,99851,5903,3741,105,40,78044,42852,1.2107640384172418,3324,2126,9409,16500,28305,19667,2952,7924,48420,35906,0,0,2360,1236,7426,4658,20421,5509,4201,0,0,23442,25467,611,4520,0,0,0,0,0
774,3938,775.0758418516887,99851,5880,3743,105,40,78770,43335,1.2228720793983034,3289,2110,9287,16383,28570,19920,2867,7802,48421,35908,0,0,2315,1205,7309,4682,20723,5685,4192,0,0,23632,25059,597,4452,0,0,0,0,0
775,3938,776.1823598338364,99850,5927,3738,106,40,79733,43898,1.2381672508763144,3119,2139,9147,16237,28912,20207,2787,7637,48422,35910,0,0,2240,1176,7158,4703,21115,5882,4196,0,0,23862,24576,585,4357,0,0,0,0,0
776,3938,777.0594194985503,99850,5854,3701,106,40,80389,44327,1.2490335503254881,3107,2122,9082,16128,29141,20467,2708,7540,48423,35912,0,0,2187,1147,7046,4737,21380,6066,4193,0,0,24047,24191,571,4285,0,0,0,0,0
777,3938,778.1472757989122,99849,5720,3662,106,41,81201,44897,1.2628869593085559,3066,2053,8975,15985,29502,20847,2629,7410,48424,35914,0,0,2120,1111,6907,4762,21759,6298,4191,0,0,24251,23705,550,4195,0,0,0,0,0
778,3938,779.010339315098,99849,5645,3669,106,41,81850,45370,1.2741239271299662,3013,1973,8872,15917,29793,21095,2569,7303,48425,35916,0,0,2073,1085,6797,4783,22024,6493,4190,0,0,24404,23336,533,4131,0,0,0,0,0
779,3938,780.0804812329367,99849,5529,3640,106,41,82594,45890,1.286783042394015,2999,1988,8741,15777,30117,21374,2506,7178,48426,35918,0,0,2014,1053,6672,4820,22373,6710,4191,0,0,24541,22909,515,4051,0,0,0,0,0
780,3938,781.1416640113879,99849,5501,3525,106,41,83432,46395,1.3002333523620668,2916,1977,8621,15629,30413,21775,2441,7051,48427,35920,0,0,1955,1018,6545,4847,22715,6941,4198,0,0,24738,22423,504,3965,0,0,0,0,0
781,3938,782.1951016051827,99847,5390,3520,107,42,84187,46942,1.3132993480024437,2865,1936,8513,15491,30747,22082,2376,6927,48428,35922,0,0,1900,985,6416,4851,23069,7157,4201,0,0,24910,21984,486,3888,0,0,0,0,0
782,3938,783.0313524575764,99845,5356,3514,108,43,84802,47344,1.323511442736241,2800,1896,8449,15426,30952,22266,2333,6853,48429,35924,0,0,1857,963,6343,4855,23330,7318,4200,0,0,25018,21654,479,3828,0,0,0,0,0
783,3938,784.0711093304583,99844,5277,3490,109,43,85532,47814,1.3355434477785346,2735,1879,8392,15348,31192,22493,2293,6745,48430,35926,0,0,1799,937,6252,4870,23566,7550,4193,0,0,25211,21239,464,3763,0,0,0,0,0
784,3938,785.1052887873445,99843,5158,3439,109,44,86208,48289,1.3470849233296276,2734,1869,8305,15241,31448,22772,2244,6633,48431,35928,0,0,1741,904,6136,4899,23871,7771,4189,0,0,25318,20870,449,3695,0,0,0,0,0
785,3938,786.1333525541771,99843,5098,3441,109,44,86915,48776,1.3590436986068126,2694,1828,8250,15150,31668,23008,2179,6527,48432,35930,0,0,1683,880,6050,4909,24132,7991,4194,0,0,25430,20510,432,3632,0,0,0,0,0
786,3938,787.1556558417259,99842,4998,3407,110,44,87553,49238,1.370074718054526,2685,1802,8159,15067,31918,23250,2128,6428,48433,35932,0,0,1640,864,5949,4910,24402,8212,4188,0,0,25536,20144,420,3577,0,0,0,0,0
787,3938,788.1718569270862,99841,4937,3416,111,44,88226,49699,1.3814464999348965,2620,1773,8090,14966,32150,23457,2090,6342,48434,35934,0,0,1588,841,5858,4923,24644,8437,4186,0,0,25591,19845,405,3523,0,0,0,0,0
788,3938,789.1828923383181,99841,4868,3357,111,44,88886,50159,1.3926643362947086,2526,1721,8065,14883,32387,23726,2041,6267,48435,35936,0,0,1545,816,5778,4924,24917,8673,4179,0,0,25659,19502,394,3454,0,0,0,0,0
789,3938,790.1894404185317,99841,4798,3303,111,44,89515,50583,1.4032111056579961,2481,1709,8029,14829,32572,23946,2007,6167,48436,35938,0,0,1508,793,5699,4933,25187,8885,4158,0,0,25706,19191,381,3400,0,0,0,0,0
790,3938,791.1924000811227,99841,4790,3262,111,44,90148,50993,1.4136577157680712,2436,1712,7980,14765,32719,24142,1962,6073,48437,35940,0,0,1470,776,5608,4935,25388,9108,4152,0,0,25802,18883,370,3349,0,0,0,0,0
791,3938,792.1921970703801,99841,4747,3198,111,44,90787,51376,1.4238939914463997,2418,1662,7946,14725,32855,24381,1921,5988,48438,35942,0,0,1433,747,5520,4948,25636,9320,4130,0,0,25861,18594,364,3288,0,0,0,0,0
792,3938,793.1887205066199,99841,4660,3195,111,44,91370,51800,1.4339800282449093,2428,1601,7916,14676,33006,24565,1877,5917,48439,35944,0,0,1397,729,5433,4954,25874,9533,4119,0,0,25911,18316,351,3224,0,0,0,0,0
793,3938,794.1826552845081,99839,4562,3132,112,45,91977,52208,1.4441751219463337,2429,1571,7879,14612,33181,24798,1835,5840,48440,35946,0,0,1366,713,5350,4946,26124,9769,4098,0,0,25949,18009,344,3171,0,0,0,0,0
794,3938,795.1736294273073,99838,4549,3075,112,46,92575,52591,1.4540155051182917,2360,1547,7861,14561,33313,24995,1803,5774,48441,35948,0,0,1332,695,5265,4965,26341,9979,4080,0,0,25995,17726,341,3119,0,0,0,0,0
795,3938,796.1618572038584,99837,4468,3040,112,47,93127,52976,1.4634153670482888,2331,1522,7874,14502,33461,25191,1752,5696,48442,35950,0,0,1295,678,5184,4963,26604,10169,4068,0,0,25986,17484,332,3074,0,0,0,0,0
796,3938,797.1474468474148,99837,4404,2986,112,47,93708,53314,1.4726203712050643,2259,1538,7853,14469,33652,25337,1718,5621,48443,35952,0,0,1259,663,5118,4968,26751,10418,4042,0,0,26015,17244,326,3033,0,0,0,0,0
797,3938,798.1298825732421,99837,4387,2984,112,47,94245,53710,1.4819656039344131,2229,1488,7821,14426,33769,25512,1680,5541,48444,35954,0,0,1239,649,5055,4971,26942,10610,4012,0,0,26037,17009,319,2994,0,0,0,0,0
798,3938,799.1097913723685,99837,4324,2960,112,47,94787,54093,1.491230706050863,2206,1438,7783,14417,33927,25666,1646,5470,48445,35956,0,0,1212,629,4994,4982,27105,10841,3989,0,0,26046,16768,315,2956,0,0,0,0,0
799,3938,800.0864561240636,99837,4250,2914,112,47,95331,54451,1.500265432655228,2129,1450,7761,14343,34140,25833,1606,5411,48446,35958,0,0,1191,619,4917,4979,27332,11050,3958,0,0,26033,16531,307,2920,0,0,0,0,0
800,3938,801.0593534655824,99837,4062,2820,112,47,95810,54781,1.508368640884642,2115,1462,7764,14303,34363,26026,1582,5340,48447,35960,0,0,1153,602,4859,4975,27512,11300,3946,0,0,26031,16286,300,2873,0,0,0,0,0
801,3938,802.0295437185151,99836,4006,2820,112,48,96308,55162,1.5171881886293521,2061,1394,7766,14263,34491,26197,1562,5276,48448,35962,0,0,1131,591,4785,4965,27728,11490,3922,0,0,26035,16070,292,2827,0,0,0,0,0
802,3938,803.1907660203728,99835,3903,2778,112,49,96858,55578,1.5268793509290328,2052,1358,7745,14225,34650,26396,1536,5192,48449,35964,0,0,1095,579,4730,4964,27870,11764,3906,0,0,26044,15811,286,2786,0,0,0,0,0
803,3938,804.1565785423188,99833,3857,2668,113,50,97343,55876,1.5347530375727465,1987,1342,7774,14197,34752,26600,1515,5141,48450,35966,0,0,1077,567,4672,4958,28041,11971,3874,0,0,26055,15585,280,2753,0,0,0,0,0
804,3938,805.1217350081778,99833,3787,2637,113,50,97809,56207,1.5427363697374616,1959,1304,7790,14173,34851,26755,1498,5079,48451,35968,0,0,1056,550,4613,4953,28240,12158,3847,0,0,26031,15393,274,2718,0,0,0,0,0
805,3938,806.0859278266781,99833,3733,2588,113,50,98264,56525,1.550479300431721,1943,1273,7835,14154,34901,26904,1473,5029,48452,35970,0,0,1040,538,4558,4947,28375,12369,3822,0,0,26033,15195,271,2685,0,0,0,0,0
806,3938,807.0499221946011,99833,3733,2553,113,50,98736,56815,1.5581120471186882,1890,1252,7843,14133,34966,27023,1453,4987,48453,35971,0,0,1023,529,4503,4933,28499,12562,3817,0,0,26035,15013,263,2656,0,0,0,0,0
807,3938,808.0134742804266,99833,3718,2504,113,50,99204,57123,1.5658850279967547,1862,1226,7868,14107,35012,27179,1425,4932,48454,35972,0,0,997,521,4462,4930,28656,12749,3811,0,0,26005,14827,253,2622,0,0,0,0,0
808,3938,809.1686462186647,99833,3634,2423,113,50,99741,57455,1.5745895645728367,1812,1188,7869,14118,35170,27364,1400,4855,48455,35973,0,0,963,505,4404,4937,28843,12983,3799,0,0,25959,14615,243,2582,0,0,0,0,0
809,3938,810.1298640262828,99833,3586,2347,113,50,100166,57738,1.5816814079512787,1763,1184,7878,14083,35280,27522,1378,4812,48456,35974,0,0,937,498,4352,4937,28978,13165,3784,0,0,25970,14421,237,2554,0,0,0,0,0
810,3938,811.0899744227833,99833,3511,2326,113,50,100568,58036,1.5886931175062353,1734,1152,7922,14099,35360,27612,1358,4759,48457,35975,0,0,924,487,4306,4921,29117,13356,3755,0,0,25955,14260,232,2520,0,0,0,0,0
811,3938,812.0496235428793,99832,3441,2283,113,51,100971,58324,1.5956306595079734,1722,1152,7938,14094,35443,27709,1341,4709,48458,35976,0,0,907,478,4258,4910,29257,13549,3732,0,0,25921,14102,225,2493,0,0,0,0,0
812,3938,813.0081490824487,99832,3390,2236,113,51,101410,58598,1.6027726580655501,1657,1133,7961,14092,35549,27827,1328,4659,48459,35977,0,0,890,468,4204,4907,29403,13730,3705,0,0,25915,13921,222,2467,0,0,0,0,0
813,3938,814.1569969249799,99832,3327,2193,113,51,101910,58914,1.6109463899350909,1584,1113,7992,14119,35678,27920,1304,4602,48460,35978,0,0,873,459,4159,4882,29536,13973,3683,0,0,25869,13745,218,2435,0,0,0,0,0
814,3938,815.1134050403882,99832,3266,2104,113,51,102284,59168,1.6172369580895904,1545,1108,8027,14130,35759,28054,1288,4551,48461,35979,0,0,859,449,4125,4860,29648,14175,3672,0,0,25836,13583,215,2410,0,0,0,0,0
815,3938,816.0694540073911,99832,3209,2078,113,51,102663,59446,1.6238180142639635,1523,1072,8045,14152,35835,28140,1273,4505,48462,35980,0,0,848,443,4085,4859,29775,14367,3646,0,0,25780,13446,208,2375,0,0,0,0,0
816,3938,817.0246481077318,99832,3119,2046,113,51,103029,59716,1.630188717044635,1506,1053,8085,14142,35925,28252,1250,4454,48463,35981,0,0,833,435,4050,4838,29899,14553,3618,0,0,25748,13301,205,2352,0,0,0,0,0
817,3938,818.1700068586686,99832,3064,1998,113,51,103461,60016,1.63752103533937,1466,1047,8123,14159,36000,28345,1232,4398,48464,35982,0,0,819,427,4002,4824,30043,14765,3592,0,0,25699,13141,201,2319,0,0,0,0,0
818,3938,819.1236990058953,99832,2998,1984,113,51,103848,60272,1.643961855917942,1419,1009,8153,14187,36097,28407,1218,4360,48465,35983,0,0,805,415,3976,4812,30120,14965,3572,0,0,25668,13006,195,2298,0,0,0,0,0
819,3938,820.0767425505111,99832,2951,1939,113,51,104190,60507,1.6497415658305954,1392,996,8189,14196,36155,28493,1198,4323,48466,35984,0,0,791,407,3926,4798,30220,15130,3556,0,0,25666,12867,194,2277,0,0,0,0,0
820,3938,821.0297917381719,99832,2870,1935,113,51,104495,60773,1.6554611747736196,1367,928,8243,14205,36221,28595,1184,4284,48467,35985,0,0,778,402,3887,4781,30318,15301,3538,0,0,25621,12754,193,2259,0,0,0,0,0
821,3938,822.1732255447238,99832,2770,1881,113,51,104889,61024,1.6619220290087346,1325,935,8298,14228,36324,28668,1168,4235,48468,35986,0,0,766,397,3851,4759,30423,15529,3514,0,0,25547,12627,191,2228,0,0,0,0,0
822,3938,823.125535718774,99832,2738,1840,113,51,105203,61256,1.6673912172449716,1291,910,8327,14261,36379,28730,1150,4206,48469,35987,0,0,758,395,3818,4740,30546,15674,3493,0,0,25507,12507,187,2207,0,0,0,0,0
823,3938,824.0779410217389,99831,2677,1829,114,51,105490,61490,1.6726267391892298,1294,876,8396,14271,36383,28800,1134,4171,48470,35988,0,0,742,390,3787,4736,30625,15838,3481,0,0,25449,12415,184,2184,0,0,0,0,0
824,3938,825.0307284551469,99831,2581,1784,114,51,105799,61690,1.677725355851389,1281,873,8420,14306,36480,28854,1122,4130,48471,35989,0,0,726,384,3753,4725,30732,15990,3468,0,0,25419,12286,179,2169,0,0,0,0,0
825,3938,826.1730951590899,99831,2503,1761,114,51,106153,61946,1.6838356823030922,1238,845,8481,14344,36549,28901,1113,4096,48472,35990,0,0,713,380,3711,4715,30827,16172,3441,0,0,25402,12145,175,2150,0,0,0,0,0
826,3938,827.1250118702161,99831,2428,1719,114,51,106434,62132,1.6885135879636586,1203,855,8557,14385,36597,28927,1099,4061,48473,35991,0,0,706,372,3686,4698,30882,16335,3423,0,0,25388,12036,174,2131,0,0,0,0,0
827,3938,828.0770999115554,99831,2396,1718,114,51,106724,62333,1.6934318999108493,1173,820,8598,14431,36630,28952,1087,4026,48474,35992,0,0,698,367,3659,4678,30965,16481,3406,0,0,25332,11963,174,2108,0,0,0,0,0
828,3938,829.0295412159296,99831,2393,1719,114,51,107028,62550,1.6986507197163205,1154,758,8631,14466,36635,29011,1071,3993,48475,35993,0,0,692,363,3633,4676,31047,16629,3384,0,0,25250,11893,174,2090,0,0,0,0,0
829,3938,830.1727765665861,99831,2314,1655,114,51,107337,62758,1.7038294718073543,1153,773,8670,14494,36685,29071,1062,3954,48476,35994,0,0,683,356,3606,4670,31136,16814,3355,0,0,25177,11794,173,2067,0,0,0,0,0
830,3938,831.1258615062875,99830,2296,1602,115,51,107601,62937,1.7082840829409998,1139,760,8712,14543,36682,29116,1054,3926,48477,35995,0,0,677,353,3577,4678,31205,16940,3333,0,0,25162,11682,171,2052,0,0,0,0,0
831,3938,832.0796809909086,99830,2250,1542,115,51,107855,63106,1.712521286186517,1130,745,8773,14576,36685,29183,1045,3901,48478,35996,0,0,670,347,3554,4669,31264,17089,3318,0,0,25135,11584,168,2032,0,0,0,0,0
832,3938,833.0343683311162,99830,2218,1499,115,51,108128,63282,1.717018932184714,1103,738,8795,14611,36731,29222,1036,3877,48479,35997,0,0,656,343,3528,4657,31326,17227,3312,0,0,25120,11480,166,2015,0,0,0,0,0
833,3938,834.1801961196799,99830,2141,1474,115,51,108423,63496,1.7221175999198637,1068,710,8886,14647,36760,29273,1028,3843,48480,35998,0,0,650,336,3495,4656,31380,17401,3286,0,0,25087,11375,163,2001,0,0,0,0,0
834,3938,835.1359196161038,99830,2133,1451,115,51,108687,63670,1.7265050585996193,1036,672,8938,14701,36755,29308,1021,3815,48481,35999,0,0,645,334,3477,4651,31424,17536,3263,0,0,25050,11297,162,1991,0,0,0,0,0
835,3938,836.0922918239929,99830,2064,1418,115,51,108931,63833,1.7305819893819494,1023,650,8986,14776,36798,29309,1012,3794,48482,36000,0,0,640,330,3446,4636,31457,17697,3245,0,0,25022,11218,159,1980,0,0,0,0,0
836,3938,837.0491562886175,99830,2013,1388,115,51,109170,63990,1.734548732845838,1028,668,9057,14847,36782,29281,1003,3763,48483,36001,0,0,631,329,3426,4612,31521,17824,3235,0,0,25004,11128,158,1962,0,0,0,0,0
837,3938,838.0069357654163,99830,1954,1374,115,51,109407,64162,1.7386456976860662,981,660,9114,14873,36837,29302,997,3738,48484,36002,0,0,621,325,3403,4602,31566,17955,3223,0,0,24992,11044,154,1945,0,0,0,0,0
838,3938,839.1563714957514,99830,1883,1355,115,51,109685,64364,1.743453871581689,970,630,9175,14921,36868,29331,987,3710,48485,36003,0,0,614,320,3373,4573,31649,18109,3211,0,0,24952,10946,152,1931,0,0,0,0,0
839,3938,840.1147241209122,99829,1879,1298,115,52,109934,64506,1.7473880335373488,914,627,9229,14968,36885,29367,976,3686,48486,36004,1,1,610,312,3350,4569,31695,18245,3199,0,0,24900,10879,151,1917,0,1,1,0,0
840,3938,841.0736955354932,99829,1855,1291,115,52,110144,64646,1.7508940287892296,895,634,9297,15016,36869,29345,967,3660,48487,36005,2,2,601,309,3328,4566,31728,18360,3191,0,0,24859,10826,149,1908,1,2,1,0,0
841,3938,842.0336114210787,99829,1817,1260,115,52,110351,64783,1.7543399212653639,868,614,9366,15064,36871,29366,961,3642,48488,36006,3,3,595,307,3305,4547,31786,18470,3183,0,0,24835,10752,145,1900,1,2,1,0,0
842,3938,843.1867036170831,99829,1776,1250,115,52,110601,64979,1.7588075609291889,855,602,9431,15141,36865,29348,956,3605,48489,36007,4,4,586,301,3287,4540,31829,18614,3171,0,0,24801,10671,141,1882,1,4,1,0,0
843,3938,844.1488030190892,99829,1728,1229,115,52,110804,65127,1.7623235733103608,849,582,9514,15193,36839,29364,953,3578,48490,36008,5,5,582,297,3270,4546,31863,18741,3145,0,0,24754,10613,140,1870,1,5,1,0,1
844,3938,845.1123307148503,99829,1688,1186,115,52,110988,65262,1.7655190375542178,846,572,9579,15250,36820,29383,950,3555,48491,36009,6,6,577,294,3254,4538,31909,18859,3127,0,0,24712,10552,140,1859,1,5,1,0,1
845,3938,846.0772934977836,99829,1650,1138,115,52,111174,65380,1.7685642448587084,863,594,9649,15294,36778,29380,943,3540,48492,36010,7,7,567,290,3239,4542,31938,18977,3112,0,0,24670,10500,139,1846,1,6,1,0,1
846,3938,847.0437988311453,99829,1647,1104,115,52,111380,65497,1.7717997776197298,839,612,9717,15349,36741,29364,939,3517,48493,36011,8,8,565,289,3219,4541,31980,19074,3087,0,0,24646,10444,138,1837,1,6,1,0,1
847,3938,848.0116975459564,99829,1593,1095,115,52,111560,65648,1.7751154474150799,855,587,9784,15391,36717,29372,934,3501,48494,36012,9,9,556,285,3196,4539,32023,19187,3076,0,0,24602,10387,137,1832,1,6,1,0,1
848,3938,849.1745965025871,99827,1562,1047,117,52,111814,65803,1.7792480992116362,795,577,9870,15443,36726,29402,928,3477,48495,36013,10,10,554,281,3182,4538,32060,19327,3057,0,0,24554,10308,135,1821,1,7,1,0,1
849,3938,850.1446920239557,99827,1545,1019,117,52,112032,65914,1.7825438007753414,753,557,9927,15505,36732,29402,924,3463,48496,36014,11,11,548,279,3170,4527,32082,19444,3042,0,0,24524,10252,135,1812,1,9,1,0,1
850,3938,851.1158120686248,99827,1490,1011,117,52,112212,66045,1.785659190399391,732,544,9997,15575,36740,29377,922,3439,48497,36015,12,12,542,275,3153,4522,32096,19562,3032,0,0,24494,10199,134,1805,1,9,2,0,1
851,3938,852.088012827414,99827,1434,1010,117,52,112360,66175,1.788444008134072,756,523,10070,15639,36706,29353,915,3421,48498,36016,14,14,540,272,3143,4506,32132,19663,3019,0,0,24463,10146,134,1794,2,9,2,0,2
852,3938,853.0611983339311,99827,1414,1008,117,52,112537,66307,1.7915393630981598,740,495,10126,15715,36687,29324,914,3404,48499,36017,16,16,533,271,3128,4501,32174,19755,3011,0,0,24423,10096,134,1784,2,10,2,0,3
853,3938,854.0356767057297,99827,1430,986,117,52,112738,66420,1.794684804712152,692,483,10185,15790,36663,29297,911,3390,48500,36018,19,18,528,270,3112,4489,32214,19846,3007,0,0,24393,10043,133,1774,2,11,2,0,3
854,3938,855.011622101007,99827,1392,956,117,52,112900,66518,1.7972893105071774,675,483,10270,15874,36632,29259,912,3374,48501,36019,23,21,526,267,3103,4498,32214,19957,2991,0,0,24352,9997,131,1770,4,12,2,0,3
855,3938,856.1848682270737,99827,1365,914,117,52,113094,66639,1.8004447694511505,660,480,10359,15969,36596,29233,901,3350,48502,36020,28,25,520,264,3084,4498,32223,20086,2982,0,0,24321,9935,129,1759,4,17,2,0,3
856,3938,857.164220535576,99827,1313,932,117,52,113239,66766,1.8031694832059464,686,442,10438,16060,36544,29176,900,3336,48503,36021,34,30,517,257,3075,4484,32228,20191,2975,0,0,24291,9891,128,1756,4,22,2,0,6
857,3938,858.1453888172322,99826,1309,909,118,52,113417,66872,1.8060324965439865,657,434,10508,16131,36506,29145,900,3327,48504,36022,42,36,510,253,3062,4478,32202,20317,2970,0,0,24267,9851,126,1751,4,25,2,0,8
858,3938,859.1279843017487,99826,1286,884,118,52,113579,66984,1.80877727245407,632,429,10581,16187,36480,29127,901,3319,48505,36023,51,43,504,250,3043,4471,32240,20416,2966,0,0,24216,9806,125,1741,5,28,3,0,12
859,3938,860.1121840997829,99826,1265,859,118,52,113724,67090,1.8112916474665919,619,410,10676,16246,36417,29115,903,3316,48506,36024,63,51,503,250,3023,4466,32273,20512,2954,0,0,24162,9770,124,1731,6,33,5,0,14
860,3938,861.0987116965835,99826,1222,850,118,52,113850,67182,1.8134754472782642,625,394,10754,16313,36372,29074,907,3315,48507,36025,77,61,502,250,3010,4452,32270,20614,2945,0,0,24126,9738,123,1722,7,44,7,0,16
861,3938,862.0871877031585,99826,1199,828,118,52,114002,67281,1.815989822290786,616,391,10847,16373,36304,29042,914,3312,48508,36026,94,73,502,249,3001,4434,32283,20721,2934,0,0,24087,9693,122,1715,7,51,8,0,19
862,3938,863.0779496045586,99826,1197,795,118,52,114155,67370,1.8184140404303488,581,386,10930,16437,36253,29013,919,3315,48509,36027,115,87,498,248,2987,4416,32330,20794,2925,0,0,24050,9644,122,1711,7,63,9,0,22
863,3938,864.0707453766336,99826,1166,774,118,52,114291,67467,1.8207481016969527,599,369,11016,16504,36172,28974,927,3325,48510,36028,140,103,497,242,2978,4415,32355,20887,2912,0,0,24001,9597,122,1703,7,75,11,0,24
864,3938,865.0656907764962,99826,1128,779,118,52,114447,67567,1.8233125638611183,556,365,11083,16558,36174,28920,939,3324,48511,36029,170,122,489,242,2964,4398,32361,20989,2907,0,0,23962,9549,122,1699,8,89,12,0,35
865,3938,866.0620473695548,99826,1064,768,118,52,114570,67666,1.8255364333941058,566,351,11156,16620,36140,28869,954,3338,48512,36030,206,143,486,240,2952,4384,32357,21107,2896,0,0,23914,9503,122,1693,9,105,13,0,45
866,3938,867.0601084150417,99826,1064,755,118,52,114708,67770,1.8279606515336686,549,342,11230,16673,36062,28820,975,3356,48513,36031,248,168,483,240,2939,4369,32370,21195,2886,0,0,23890,9450,122,1681,12,118,16,0,55
867,3938,868.0605389509195,99825,1045,737,119,52,114834,67853,1.8300726270974206,539,337,11317,16723,35986,28759,992,3390,48514,36032,297,196,483,239,2928,4358,32349,21307,2875,0,0,23846,9407,121,1674,14,142,16,0,66
868,3938,869.063259954519,99825,1011,719,119,52,114975,67946,1.8324167292762334,518,327,11380,16782,35954,28698,1016,3420,48515,36033,354,228,481,234,2918,4356,32350,21423,2860,0,0,23770,9368,120,1662,16,172,18,0,77
869,3938,870.0681609183952,99825,986,712,119,52,115105,68025,1.834510393188079,486,334,11473,16840,35883,28597,1051,3463,48516,36034,420,265,479,233,2900,4356,32312,21539,2847,0,0,23721,9327,120,1659,17,203,22,0,90
870,3938,871.0757569009359,99825,991,690,119,52,115241,68113,1.836754320060105,450,320,11558,16878,35792,28542,1088,3516,48517,36035,496,307,479,233,2892,4357,32290,21649,2836,0,0,23658,9273,119,1650,20,239,25,0,105
871,3938,872.0862627114449,99825,964,671,119,52,115373,68189,1.8388379664412722,435,311,11634,16939,35719,28447,1127,3578,48518,36036,583,354,474,231,2871,4357,32262,21770,2830,0,0,23597,9231,116,1641,22,277,32,0,114
872,3938,873.0996183390596,99825,920,665,119,52,115477,68273,1.8407212622088656,425,307,11721,16974,35643,28343,1170,3657,48519,36037,682,407,473,229,2857,4361,32219,21889,2816,0,0,23532,9181,114,1634,24,331,33,0,132
873,3938,874.1158742496738,99825,889,653,119,52,115579,68344,1.8424542950162786,422,304,11796,17004,35548,28234,1224,3751,48520,36038,794,466,471,229,2845,4355,32155,22028,2808,0,0,23464,9134,113,1630,26,374,38,0,155
874,3938,875.1353667545613,99825,859,625,119,52,115673,68413,1.8440871525169047,424,310,11860,17045,35458,28108,1278,3858,48521,36039,921,532,470,228,2832,4347,32127,22156,2799,0,0,23351,9094,113,1621,28,449,40,0,170
875,3938,876.1582882659341,99825,859,613,119,52,115787,68485,1.8459504132231406,411,307,11955,17090,35317,27963,1337,3973,48522,36040,1063,605,466,227,2819,4345,32072,22285,2790,0,0,23258,9042,113,1616,32,516,47,0,197
876,3938,877.1851600949226,99825,849,609,119,52,115889,68571,1.8478337089907337,406,283,12025,17109,35191,27844,1408,4101,48523,36041,1222,686,465,226,2804,4336,32000,22426,2787,0,0,23176,8981,113,1606,38,586,54,0,227
877,3938,878.0096425185496,99825,795,602,119,52,115952,68629,1.849045830202855,428,269,12094,17108,35072,27711,1490,4256,48524,36042,1399,775,462,226,2786,4328,31929,22563,2784,0,0,23066,8932,112,1600,40,674,66,0,257
878,3938,879.0445334058983,99825,797,590,119,52,116067,68702,1.8509291259704483,399,252,12173,17101,34931,27576,1579,4427,48525,36043,1596,873,456,223,2764,4331,31844,22726,2778,0,0,22952,8875,111,1594,41,759,78,0,293
879,3938,880.0838594372555,99825,771,560,119,52,116180,68761,1.8526521412471826,370,264,12231,17111,34827,27398,1680,4613,48526,36044,1814,980,453,223,2747,4326,31749,22901,2770,0,0,22828,8815,111,1578,47,863,89,0,325
880,3938,881.1275140157607,99825,753,541,119,52,116277,68825,1.8542649636864512,367,255,12304,17107,34668,27234,1787,4809,48527,36045,2053,1097,451,223,2730,4313,31637,23082,2768,0,0,22721,8741,107,1562,56,961,101,0,372
881,3938,882.1761082049594,99825,721,522,119,52,116370,68890,1.855847733533684,363,251,12367,17099,34528,27035,1900,5039,48528,36046,2315,1224,448,222,2715,4297,31515,23291,2765,0,0,22562,8682,106,1550,63,1085,109,0,415
882,3938,883.0186082764475,99825,707,525,119,52,116458,68944,1.8572702228900575,355,239,12397,17091,34387,26804,2033,5287,48529,36047,2601,1362,445,222,2692,4287,31398,23472,2765,0,0,22410,8622,106,1541,68,1215,121,0,461
883,3938,884.076714289928,99825,685,531,119,52,116556,69025,1.8590633608815428,328,217,12466,17056,34230,26583,2170,5559,48530,36048,2912,1511,445,220,2665,4267,31282,23669,2762,0,0,22248,8547,106,1528,80,1355,141,0,510
884,3938,885.1402804496244,99825,636,528,119,52,116621,69088,1.8603456048084148,338,198,12513,17035,34076,26331,2316,5854,48531,36049,3249,1672,440,220,2647,4259,31146,23872,2760,0,0,22073,8468,105,1510,91,1508,157,0,569
885,3938,886.2094800266387,99825,640,502,119,52,116721,69142,1.8618883045329326,340,184,12553,16999,33866,26085,2480,6176,48532,36050,3612,1845,439,219,2618,4251,31001,24092,2756,0,0,21879,8398,104,1489,107,1680,179,0,613
886,3938,887.0697363123375,99825,624,494,119,52,116797,69191,1.8631404958677686,324,185,12572,16920,33708,25820,2651,6527,48533,36051,4002,2030,439,219,2598,4238,30819,24332,2752,0,0,21690,8318,104,1473,120,1851,195,0,677
887,3938,888.1510127489552,99825,626,472,119,52,116896,69238,1.864603055346857,297,183,12624,16840,33502,25564,2830,6887,48534,36052,4419,2228,438,218,2571,4227,30638,24574,2745,0,0,21506,8211,103,1455,133,2030,215,0,761
888,3938,889.0211616775044,99825,597,458,119,52,116956,69287,1.865694966190834,297,176,12654,16769,33305,25271,3026,7272,48535,36053,4863,2439,438,216,2540,4211,30433,24845,2743,0,0,21317,8117,102,1437,145,2205,242,0,834
889,3938,890.1167074371258,99825,601,436,119,52,117037,69340,1.867037315301778,295,163,12712,16693,33038,24968,3233,7686,48536,36054,5334,2663,437,216,2511,4209,30194,25140,2736,0,0,21109,8016,102,1423,155,2399,266,0,912
890,3938,891.2210324238707,99825,597,417,119,52,117113,69384,1.8682394189832205,285,170,12749,16578,32792,24645,3456,8136,48537,36055,5832,2900,436,213,2487,4204,29991,25399,2728,0,0,20860,7911,101,1406,171,2629,285,0,1004
891,3938,892.1108146949377,99825,563,400,119,52,117179,69421,1.8692712246431256,278,160,12761,16483,32585,24309,3692,8594,48538,36056,6356,3151,434,212,2447,4202,29740,25705,2724,0,0,20625,7805,100,1382,190,2846,318,0,1095
892,3938,893.006871083796,99825,544,396,119,52,117229,69455,1.8701126972201352,284,155,12774,16393,32333,23943,3944,9059,48539,36057,6905,3415,433,212,2420,4199,29504,25980,2719,0,0,20377,7680,100,1354,215,3088,339,0,1205
893,3938,894.1365796955142,99825,517,384,119,52,117295,69497,1.8711945905334335,289,163,12828,16289,32053,23560,4192,9550,48540,36058,7478,3693,429,211,2388,4197,29216,26318,2718,0,0,20109,7554,100,1326,240,3336,366,0,1317
894,3938,895.0477391520378,99825,512,371,119,52,117354,69527,1.8720861507638367,287,174,12835,16142,31786,23199,4459,10060,48541,36059,8073,3984,427,211,2355,4195,28911,26664,2714,0,0,19854,7434,98,1302,263,3574,395,0,1428
895,3938,896.1967057038374,99825,518,364,119,52,117446,69576,1.8734986225895316,254,158,12841,16015,31532,22809,4734,10600,48542,36060,8689,4288,424,211,2319,4185,28616,27012,2714,0,0,19574,7304,97,1282,281,3840,427,0,1539
896,3938,897.1234344095545,99825,521,345,119,52,117508,69605,1.8744102178812923,243,161,12854,15861,31235,22414,5026,11165,48543,36061,9324,4604,423,210,2282,4184,28289,27372,2708,0,0,19294,7176,97,1266,295,4113,463,0,1653
897,3938,898.0588483577684,99825,510,348,119,52,117563,69644,1.875351865765089,236,155,12832,15688,30970,22028,5331,11727,48544,36062,9976,4933,423,210,2244,4177,27978,27726,2702,0,0,18985,7054,95,1256,303,4407,499,0,1766
898,3938,899.0027842698313,99825,503,331,119,52,117612,69681,1.876213373403456,228,149,12842,15504,30660,21649,5646,12313,48545,36063,10642,5274,422,210,2206,4178,27633,28111,2697,0,0,18714,6942,94,1226,330,4665,535,0,1862
899,3938,900.1952786351095,99825,502,329,119,52,117670,69724,1.8772251440020036,231,167,12938,15594,30589,21600,5619,12256,48545,36063,10642,5274,421,209,2204,4175,27635,28146,2693,0,0,18702,6931,94,1223,330,4666,535,0,1861
900,3938,900.1952786351095,99825,499,325,119,52,117687,69730,1.8774555472076133,229,171,12874,15353,30318,21209,5959,12888,48545,36063,11321,5626,420,209,2163,4180,27299,28490,2688,1,2,18391,6817,94,1208,344,4971,575,0,1973
901,3938,901.159364109218,99825,476,320,119,52,117736,69772,1.878367142499374,244,168,12853,15160,30013,20812,6293,13486,48545,36063,12009,5988,420,208,2126,4178,26954,28873,2683,1,16,18070,6668,94,1185,367,5265,609,0,2108
902,3938,902.1334532217458,99825,465,319,119,52,117794,69816,1.8793889306286,255,162,12840,14994,29686,20386,6633,14085,48545,36063,12705,6360,418,207,2080,4178,26592,29274,2678,3,25,17744,6542,93,1158,390,5565,653,5,2220
903,3938,903.1182616171366,99825,475,303,119,52,117869,69851,1.8804908590032556,230,177,12819,14830,29365,19954,6990,14682,48545,36063,13406,6742,417,207,2037,4173,26245,29667,2674,4,41,17396,6402,92,1136,408,5883,694,9,2340
904,3938,904.1139969088642,99825,480,307,119,52,117933,69894,1.8815627347858752,236,178,12816,14654,29011,19505,7336,15302,48545,36063,14109,7132,416,206,2002,4175,25896,30056,2666,5,49,17050,6269,92,1114,427,6202,726,10,2464
905,3938,905.1214034490298,99825,468,319,119,52,117992,69942,1.8826346105684948,243,174,12789,14501,28675,19058,7704,15894,48545,36063,14812,7529,414,206,1965,4169,25544,30452,2662,7,59,16736,6126,92,1092,445,6489,760,12,2595
906,3938,906.1406639917745,99825,451,319,119,52,118053,69985,1.8836764337590783,233,176,12743,14308,28386,18655,8066,16488,48545,36063,15512,7933,414,206,1928,4173,25170,30872,2651,7,64,16383,6004,91,1068,466,6811,793,16,2708
907,3938,907.170947570705,99825,446,330,119,52,118117,70038,1.8848484848484848,230,174,12737,14126,28026,18234,8440,17082,48545,36063,16208,8343,412,206,1883,4168,24862,31219,2647,9,74,16023,5879,91,1046,487,7144,836,19,2820
908,3938,908.2137157006947,99825,431,312,119,52,118183,70076,1.8858903080390683,231,181,12700,13950,27717,17845,8800,17658,48545,36063,16897,8757,411,205,1846,4164,24535,31597,2642,10,86,15674,5738,91,1025,504,7462,867,28,2940
909,3938,909.0039584738032,99825,420,312,119,52,118231,70111,1.8867217630853994,235,175,12679,13753,27375,17455,9170,18251,48545,36063,17577,9175,411,205,1797,4166,24205,31960,2632,10,91,15338,5614,91,1000,528,7777,913,31,3056
910,3938,910.0718112727558,99825,416,320,119,52,118299,70161,1.8879038317054846,239,166,12657,13601,27026,17047,9541,18812,48545,36063,18246,9596,411,204,1754,4161,23852,32352,2628,10,105,15001,5498,90,977,551,8094,948,33,3156
911,3938,911.1537576293132,99825,433,320,119,52,118374,70211,1.8891560230403206,238,147,12616,13432,26691,16684,9901,19363,48545,36063,18903,10018,410,201,1726,4156,23533,32712,2627,11,120,14675,5352,89,953,572,8395,973,39,3281
912,3938,912.2494413442795,99825,429,305,119,52,118442,70246,1.8901878287002254,222,152,12599,13297,26355,16321,10274,19871,48545,36063,19546,10441,409,201,1692,4151,23179,33115,2623,12,135,14343,5224,89,934,588,8695,1002,42,3391
913,3938,913.0808725128488,99825,436,299,119,52,118487,70277,1.8909491610318057,215,145,12548,13136,26029,15956,10651,20410,48545,36063,20173,10864,409,201,1657,4148,22802,33522,2621,12,135,14047,5114,89,906,615,8972,1032,52,3491
914,3938,914.204644900749,99825,423,289,119,52,118557,70316,1.8920410718757825,224,141,12514,13043,25694,15577,11024,20896,48545,36063,20784,11286,409,201,1618,4151,22480,33887,2613,12,139,13728,5004,88,889,628,9261,1068,61,3588
915,3938,915.0576172404517,99825,420,279,119,52,118602,70346,1.8927923866766843,220,144,12468,12896,25381,15250,11390,21377,48545,36063,21378,11706,409,201,1582,4146,22151,34250,2609,12,143,13435,4885,88,868,648,9536,1098,66,3698
916,3938,916.2105679901679,99825,418,286,119,52,118659,70393,1.8938342098672678,236,144,12429,12782,25045,14927,11751,21807,48545,36063,21954,12123,409,200,1550,4147,21840,34602,2603,12,149,13145,4751,86,845,668,9798,1128,71,3821
917,3938,917.0855484369247,99825,406,296,119,52,118708,70434,1.8947357876283497,234,137,12396,12644,24723,14616,12120,22253,48545,36063,22511,12536,409,200,1518,4150,21516,34953,2597,12,156,12880,4633,86,828,685,10040,1159,78,3925
918,3938,918.2690714493841,99825,425,289,119,52,118789,70481,1.8960180315552215,220,129,12400,12529,24382,14332,12452,22667,48545,36063,23049,12945,408,200,1477,4145,21206,35309,2594,13,164,12602,4522,86,811,700,10287,1195,85,4021
919,3938,919.1678063127105,99825,421,278,119,52,118832,70508,1.8967192587027297,228,140,12368,12413,24061,14047,12801,23068,48545,36063,23568,13348,408,199,1450,4141,20893,35653,2593,13,168,12315,4424,86,795,715,10550,1222,95,4105
920,3938,920.0784432638821,99825,424,266,119,52,118882,70536,1.8975006260956675,227,151,12333,12304,23756,13761,13139,23464,48545,36063,24068,13746,408,199,1425,4138,20609,35972,2591,13,166,12069,4324,86,777,732,10770,1244,108,4194
921,3938,921.0008938762453,99825,421,261,119,52,118938,70571,1.898412221387428,222,143,12290,12190,23462,13507,13484,23845,48545,36063,24548,14137,407,198,1400,4142,20330,36288,2581,14,170,11819,4224,86,758,749,10996,1266,112,4285
922,3938,922.2477705669102,99825,423,253,119,52,119011,70610,1.899534184823441,211,138,12319,12142,23150,13261,13776,24152,48545,36063,25009,14521,405,197,1377,4139,20065,36598,2573,16,179,11580,4125,86,744,762,11206,1286,118,4369
923,3938,923.1946510665716,99825,406,255,119,52,119054,70637,1.9002354119709493,231,145,12292,12043,22867,13017,14083,24486,48545,36063,25451,14898,405,196,1341,4132,19788,36907,2572,16,179,11352,4038,86,729,776,11415,1319,127,4447
924,3938,924.153478808684,99825,375,253,119,52,119098,70681,1.9011169546706737,230,137,12276,11984,22599,12775,14399,24797,48545,36063,25874,15267,404,196,1313,4123,19545,37202,2568,17,174,11110,3968,86,724,780,11625,1342,145,4503
925,3938,925.1241802045346,99825,380,246,119,52,119159,70721,1.9021287252692212,203,131,12268,11905,22325,12565,14703,25099,48545,36063,26279,15628,404,196,1287,4122,19289,37498,2559,17,176,10923,3888,85,706,797,11789,1363,152,4574
926,3938,926.1067252098356,99825,367,252,119,52,119212,70756,1.9030102679689456,211,126,12256,11848,22059,12351,14986,25369,48545,36063,26666,15981,402,196,1268,4119,19015,37801,2555,19,178,10757,3802,85,687,813,11939,1379,159,4651
927,3938,927.1013757404716,99825,354,256,119,52,119249,70787,1.9036914600550965,237,133,12228,11787,21785,12144,15275,25626,48545,36063,27036,16325,402,196,1245,4116,18775,38071,2552,19,181,10576,3722,85,674,824,12100,1400,163,4724
928,3938,928.1083039479295,99825,357,262,119,52,119306,70827,1.9046631605309292,235,126,12224,11733,21518,11972,15545,25853,48545,36063,27388,16660,402,195,1219,4110,18552,38330,2549,19,187,10375,3665,85,662,835,12280,1422,170,4768
929,3938,929.1278913556087,99825,338,258,119,52,119347,70858,1.9053844227397947,229,122,12244,11716,21265,11780,15803,26070,48545,36063,27724,16986,402,194,1195,4112,18340,38575,2539,19,195,10187,3604,85,647,848,12448,1444,175,4816
930,3938,930.1597806661971,99825,348,239,119,52,119397,70886,1.9061657901327322,233,129,12241,11720,21006,11608,16051,26250,48545,36063,28044,17303,402,193,1174,4110,18111,38841,2536,19,198,10027,3543,84,634,856,12586,1463,184,4864
931,3938,931.2045429301688,99825,342,242,119,52,119454,70921,1.9070874029551717,221,124,12271,11727,20760,11423,16285,26430,48545,36063,28349,17611,402,192,1158,4099,17916,39077,2533,19,201,9870,3481,83,625,864,12722,1476,192,4915
932,3938,932.2617525123102,99825,354,241,119,52,119514,70956,1.9080390683696469,210,131,12264,11734,20531,11246,16520,26594,48545,36063,28639,17910,402,192,1141,4098,17722,39299,2529,19,199,9712,3423,83,621,866,12859,1493,210,4957
933,3938,933.3312389114111,99825,365,250,119,52,119570,70993,1.9089706987227648,203,121,12288,11712,20298,11100,16725,26763,48545,36063,28915,18199,400,192,1123,4097,17542,39504,2524,21,195,9561,3378,83,603,883,12992,1511,220,4996
934,3938,934.0509790979362,99825,359,244,119,52,119609,71015,1.9095817680941647,204,122,12259,11683,20105,10963,16952,26934,48545,36063,29177,18479,400,192,1107,4090,17364,39711,2522,21,196,9424,3322,83,590,895,13115,1522,231,5040
935,3938,935.1432319409333,99825,348,247,119,52,119655,71046,1.9103531179564237,210,122,12268,11694,19902,10814,17151,27069,48545,36063,29426,18750,398,192,1092,4086,17200,39912,2518,23,201,9286,3264,83,584,900,13229,1533,235,5089
936,3938,936.2467940436719,99825,341,248,119,52,119708,71082,1.9112446781868269,204,116,12314,11702,19689,10694,17331,27186,48545,36063,29663,19012,397,192,1075,4086,17033,40110,2510,24,197,9151,3218,82,575,904,13350,1547,248,5126
937,3938,937.3623275743779,99825,347,252,119,52,119771,71119,1.9122464312546956,202,106,12324,11734,19488,10570,17518,27284,48545,36063,29888,19265,395,192,1064,4086,16854,40313,2503,26,199,9020,3178,82,565,913,13469,1554,255,5157
938,3938,938.1123383665232,99825,337,256,119,52,119806,71147,1.912877535687453,196,99,12328,11706,19302,10464,17716,27421,48545,36063,30102,19510,395,191,1052,4086,16696,40498,2499,26,201,8890,3144,81,561,917,13580,1564,258,5186
939,3938,939.2504592247651,99825,345,255,119,52,119860,71175,1.9136989732031053,198,104,12366,11765,19097,10333,17873,27489,48545,36063,30305,19746,395,191,1036,4079,16536,40693,2497,26,203,8777,3104,81,555,922,13672,1576,262,5220
940,3938,940.0160769956428,99825,346,252,119,52,119896,71201,1.914320060105184,197,101,12394,11744,18903,10238,18039,27611,48545,36063,30498,19974,395,191,1022,4083,16401,40850,2491,26,207,8654,3061,81,547,929,13779,1587,267,5254
941,3938,941.1781298384533,99825,356,254,119,52,119960,71234,1.9152917605810167,192,102,12435,11824,18717,10104,18179,27662,48545,36063,30681,20193,394,191,1010,4085,16236,41038,2484,27,211,8567,3027,81,539,937,13850,1597,273,5278
942,3938,942.3519975327889,99825,351,244,119,52,120019,71264,1.91618332081142,188,121,12491,11891,18541,10009,18308,27681,48545,36063,30855,20404,394,190,997,4083,16100,41203,2480,27,219,8462,2978,81,532,941,13940,1606,280,5312
943,3938,943.1408253746715,99825,362,245,119,52,120061,71287,1.9168344603055347,171,126,12505,11912,18387,9914,18454,27749,48545,36063,31020,20608,393,189,984,4080,15980,41342,2480,28,218,8369,2941,81,529,944,14019,1618,290,5340
944,3938,944.3335271632667,99825,364,248,119,52,120117,71328,1.9178061607813675,181,120,12571,12003,18195,9814,18568,27761,48545,36063,31176,20804,392,189,975,4078,15867,41487,2479,29,224,8273,2901,81,523,948,14093,1622,295,5369
945,3938,945.1280072690984,99824,364,237,120,52,120152,71347,1.9183663247315275,187,117,12581,12029,18053,9740,18693,27823,48545,36063,31325,20993,392,189,966,4073,15746,41630,2478,29,224,8194,2875,81,515,956,14158,1628,304,5386
946,3938,946.3103734042658,99824,359,242,120,52,120212,71383,1.9193280173104663,187,107,12623,12095,17928,9665,18781,27837,48545,36063,31466,21175,392,187,956,4070,15637,41773,2478,29,228,8106,2843,79,508,959,14226,1635,309,5409
947,3938,947.0954337230992,99824,360,233,120,52,120245,71406,1.919889004648181,199,112,12652,12135,17789,9598,18878,27868,48545,36063,31600,21350,392,186,947,4070,15541,41889,2475,29,230,8024,2818,79,501,963,14296,1643,317,5424
948,3938,948.2656152897746,99824,369,231,120,52,120303,71455,1.9209608911684566,192,110,12710,12217,17641,9532,18966,27856,48545,36063,31727,21518,391,184,934,4060,15462,42004,2473,30,231,7951,2785,79,498,964,14355,1652,334,5437
949,3938,949.0427593765855,99824,364,226,120,52,120338,71476,1.921521878506171,199,105,12745,12235,17519,9485,19051,27895,48545,36063,31848,21679,391,184,927,4054,15365,42124,2472,30,233,7881,2753,79,497,964,14412,1657,338,5463
950,3938,950.201998619884,99824,366,233,120,52,120396,71508,1.922423465298926,208,102,12813,12314,17380,9405,19111,27892,48545,36063,31963,21834,391,184,919,4049,15280,42241,2469,30,232,7797,2733,79,493,967,14475,1663,346,5476
951,3938,951.3575112746463,99824,360,212,120,52,120445,71531,1.9231447347331303,203,112,12892,12383,17254,9357,19169,27882,48545,36063,32072,21983,391,184,909,4042,15178,42373,2466,30,242,7741,2701,79,490,969,14513,1672,355,5489
952,3938,952.1258832647455,99824,383,220,120,52,120493,71563,1.9239461452155795,186,105,12934,12413,17119,9300,19256,27908,48545,36063,32175,22126,391,184,902,4044,15092,42478,2462,30,242,7692,2680,78,486,973,14548,1677,360,5505
953,3938,953.2724829572171,99824,364,217,120,52,120537,71593,1.924687449911845,192,115,12991,12505,17019,9235,19312,27874,48545,36063,32273,22264,388,184,896,4041,15011,42595,2457,33,244,7629,2658,77,482,975,14588,1681,368,5517
954,3938,954.0349027665249,99824,351,211,120,52,120561,71617,1.9251682962013144,204,109,13006,12569,16935,9183,19382,27874,48545,36063,32366,22396,387,184,888,4039,14945,42689,2452,34,246,7570,2643,77,477,977,14633,1685,374,5524
955,3938,955.1740843566984,99824,357,203,120,52,120618,71648,1.9260498477320083,197,114,13074,12660,16831,9124,19419,27845,48545,36063,32455,22523,386,184,883,4036,14865,42806,2450,35,245,7521,2626,77,475,977,14661,1685,377,5535
956,3938,956.3108769000048,99824,344,203,120,52,120666,71674,1.9267911524282737,204,113,13149,12753,16737,9079,19444,27798,48545,36063,32539,22645,384,184,875,4034,14787,42912,2447,37,244,7463,2609,76,473,977,14705,1688,385,5544
957,3938,957.068061795934,99824,350,199,120,52,120702,71697,1.92738219265908,198,124,13180,12793,16646,9029,19504,27801,48545,36063,32619,22762,384,183,870,4032,14717,43003,2447,37,244,7406,2599,76,468,979,14749,1691,394,5545
958,3938,958.2001626084839,99824,353,202,120,52,120755,71735,1.9282937970828657,195,118,13260,12895,16545,8989,19525,27742,48545,36063,32695,22875,383,183,866,4031,14656,43097,2443,38,245,7356,2577,76,465,982,14776,1691,397,5562
959,3938,959.3305447855078,99824,341,195,120,52,120807,71765,1.9291152428273761,192,118,13326,12984,16470,8960,19549,27689,48545,36063,32768,22983,380,183,857,4022,14600,43195,2440,41,245,7305,2565,76,460,983,14809,1694,405,5564
960,3938,960.0835139038057,99824,337,195,120,52,120837,71792,1.9296862477961212,199,115,13372,13043,16384,8928,19586,27665,48545,36063,32837,23087,380,183,851,4021,14547,43270,2437,41,247,7260,2551,76,458,984,14844,1693,412,5569
961,3938,961.2104998393586,99824,360,196,120,52,120897,71819,1.9305577816957846,192,112,13455,13137,16274,8880,19597,27621,48545,36063,32903,23187,380,182,843,4020,14499,43343,2433,41,247,7208,2538,76,454,985,14883,1699,417,5576
962,3938,962.3364989888307,99824,355,182,120,52,120953,71844,1.9313692098092643,186,114,13522,13264,16209,8844,19606,27542,48545,36063,32966,23283,380,182,836,4016,14444,43435,2428,41,252,7169,2523,76,450,987,14899,1703,426,5577
963,3938,963.0868894495364,99824,355,175,120,52,120991,71860,1.9319101618849175,174,119,13559,13321,16150,8818,19640,27513,48545,36063,33026,23375,379,182,833,4011,14406,43498,2428,42,251,7120,2513,76,447,988,14933,1704,433,5580
964,3938,964.2109395239353,99824,351,186,120,52,121036,71895,1.9327115723673665,176,115,13634,13416,16069,8768,19648,27461,48545,36063,33083,23463,378,182,826,4007,14353,43577,2424,43,255,7078,2497,76,446,987,14962,1708,440,5585
965,3938,965.3342209423805,99824,360,177,120,52,121089,71926,1.9335530533739382,160,121,13726,13510,15983,8744,19649,27394,48545,36063,33137,23548,377,182,822,4007,14318,43642,2418,44,259,7036,2484,76,439,989,14988,1709,445,5589
966,3938,966.0830200652122,99824,337,181,120,52,121118,71939,1.933973793877224,165,123,13777,13570,15927,8705,19672,27367,48545,36063,33189,23630,375,181,821,4001,14282,43699,2417,46,257,6998,2473,75,438,990,15015,1710,447,5599
967,3938,967.2051544233371,99823,347,178,121,52,121171,71970,1.934834657343498,157,120,13855,13668,15857,8685,19661,27295,48545,36063,33238,23708,374,181,816,4003,14232,43769,2412,46,257,6967,2459,75,438,990,15031,1713,459,5601
968,3938,968.3277895184831,99823,340,184,121,52,121226,72001,1.9356961822425693,155,111,13942,13782,15795,8648,19645,27221,48545,36063,33285,23783,374,181,812,3995,14195,43842,2410,46,257,6933,2451,75,436,991,15044,1713,469,5599
969,3938,969.076817720979,99823,318,189,121,52,121246,72015,1.936036785109644,167,119,14002,13840,15737,8604,19653,27194,48545,36063,33330,23855,374,181,806,3999,14156,43899,2404,46,257,6900,2444,75,433,993,15064,1717,473,5602
970,3938,970.200050646422,99823,321,197,121,52,121303,72050,1.9369584163970228,145,107,14076,13953,15689,8573,19646,27116,48545,36063,33373,23925,373,181,805,4004,14104,43974,2395,47,258,6879,2435,75,429,995,15069,1717,478,5605
971,3938,971.3241790216524,99823,320,199,121,52,121347,72084,1.9377397994450176,142,103,14154,14079,15638,8551,19623,27014,48545,36063,33414,23992,373,181,802,3999,14059,44044,2395,47,262,6848,2423,74,429,995,15084,1718,482,5608
972,3938,972.0741416033266,99823,317,199,121,52,121377,72104,1.9382406860142452,138,100,14213,14137,15588,8538,19621,26972,48545,36063,33453,24056,373,180,798,4003,14031,44091,2391,47,263,6821,2411,74,424,1000,15097,1718,490,5611
973,3938,973.1994268509186,99823,306,191,121,52,121414,72130,1.938871803091472,148,99,14298,14253,15543,8525,19582,26878,48545,36063,33490,24118,371,180,795,4002,13999,44151,2387,49,263,6793,2395,74,421,999,15109,1718,498,5619
974,3938,974.3269576332111,99823,289,196,121,52,121450,72160,1.9395329733628524,152,101,14386,14354,15496,8501,19554,26794,48545,36063,33526,24177,370,179,790,4001,13982,44201,2381,50,264,6754,2384,74,421,996,15129,1720,504,5623
975,3938,975.0798471022039,99823,290,197,121,52,121480,72181,1.9400438776634643,152,94,14436,14433,15436,8484,19563,26738,48545,36063,33560,24234,369,179,786,4001,13951,44252,2379,51,266,6729,2376,74,417,998,15141,1721,508,5625
976,3938,976.2089901739887,99823,295,192,121,52,121530,72205,1.9407851897859212,152,102,14564,14524,15366,8470,19500,26658,48545,36063,33592,24289,369,179,781,3997,13931,44303,2375,51,272,6701,2362,74,417,996,15150,1724,511,5630
977,3938,977.34111950035,99823,301,192,121,52,121577,72234,1.941546537371147,148,101,14663,14602,15297,8458,19468,26593,48545,36063,33623,24342,369,178,778,3992,13919,44343,2371,51,273,6674,2353,74,416,997,15161,1725,518,5631
978,3938,978.0971011256615,99823,276,186,121,52,121604,72247,1.941947246626529,152,105,14734,14664,15264,8442,19451,26549,48545,36063,33653,24393,369,178,776,3999,13896,44391,2361,51,275,6651,2343,73,412,997,15169,1725,522,5635
979,3938,979.2323815079991,99823,275,176,121,52,121642,72274,1.9425983991665248,155,98,14832,14765,15205,8437,19410,26470,48545,36063,33681,24442,368,178,774,3998,13879,44438,2353,52,277,6626,2337,73,409,997,15181,1722,528,5633
980,3938,980.3703331413109,99823,281,175,121,52,121694,72298,1.9433597467517505,138,103,14926,14882,15156,8411,19376,26375,48545,36063,33708,24489,368,178,774,3997,13847,44492,2348,52,276,6605,2333,73,408,995,15195,1719,532,5631
981,3938,981.1302010369228,99823,284,168,121,52,121727,72319,1.9439007042465164,127,100,14985,14937,15120,8410,19361,26331,48545,36063,33734,24534,366,177,772,3999,13818,44538,2344,54,281,6585,2322,73,406,995,15204,1720,539,5630
982,3938,982.2709716225902,99823,266,164,121,52,121753,72346,1.9444316440098974,142,102,15086,15043,15071,8389,19312,26248,48545,36063,33759,24578,365,177,772,3997,13792,44588,2340,55,287,6557,2311,73,406,994,15217,1719,544,5629
983,3938,983.0331831326412,99823,255,162,121,52,121779,72367,1.9449024773849715,132,107,15154,15117,15044,8374,19292,26186,48545,36063,33783,24620,364,177,772,3995,13755,44641,2338,56,289,6538,2307,73,405,993,15227,1718,547,5628
984,3938,984.1781658363208,99823,247,183,121,52,121818,72409,1.94571391362712,135,90,15238,15217,14993,8353,19264,26103,48545,36063,33806,24660,364,177,771,3988,13739,44686,2335,56,288,6519,2303,73,403,992,15233,1718,550,5628
985,3938,985.3251929421771,99823,239,171,121,52,121854,72432,1.9463049597788085,135,90,15336,15327,14953,8337,19214,26021,48545,36063,33828,24699,363,177,770,3986,13715,44740,2330,57,288,6502,2297,73,402,990,15233,1717,558,5625
986,3938,986.0916353935075,99823,243,177,121,52,121881,72451,1.9467657754224978,124,85,15421,15407,14902,8310,19187,25967,48545,36063,33849,24737,363,177,769,3982,13695,44771,2330,57,289,6483,2292,73,402,990,15246,1717,562,5625
987,3938,987.2432919080687,99823,238,169,121,52,121912,72477,1.9473367861114173,122,83,15531,15510,14845,8295,19141,25889,48545,36063,33869,24773,362,177,768,3980,13669,44817,2328,58,295,6468,2283,72,401,990,15247,1718,569,5621
988,3938,988.0128264999478,99823,240,162,121,52,121939,72488,1.9477174599040301,126,87,15588,15593,14795,8285,19128,25819,48545,36063,33888,24808,362,177,768,3979,13648,44854,2325,58,295,6450,2279,72,399,990,15256,1718,572,5621
989,3938,989.1685034829023,99823,238,177,121,52,121974,72520,1.9483886479067951,117,77,15709,15716,14752,8254,19061,25722,48545,36063,33907,24842,362,177,767,3978,13621,44893,2322,58,297,6439,2274,72,399,989,15260,1719,576,5620
990,3938,990.3282068833854,99823,240,160,121,52,122010,72538,1.9489296054015608,116,80,15821,15827,14701,8244,18999,25635,48545,36063,33925,24874,362,176,765,3977,13600,44939,2320,58,301,6418,2267,71,398,990,15264,1718,580,5619
991,3938,991.1034863858697,99823,239,169,121,52,122037,72555,1.949370385582481,110,81,15862,15914,14677,8213,18989,25569,48545,36063,33942,24905,360,176,765,3974,13583,44967,2319,60,301,6402,2264,71,397,991,15274,1717,581,5621
992,3938,992.2675458041816,99823,227,167,121,52,122073,72581,1.949991484928323,105,80,15973,16012,14644,8200,18928,25487,48545,36063,33958,24935,360,175,762,3975,13562,45013,2314,60,303,6388,2261,71,395,989,15274,1718,586,5617
993,3938,993.0457079895713,99823,218,169,121,52,122088,72597,1.9503020346012443,115,75,16029,16085,14607,8183,18908,25434,48545,36063,33974,24964,360,175,758,3977,13544,45041,2311,59,307,6377,2254,71,395,988,15278,1722,588,5618
994,3938,994.2148292755026,99823,227,151,121,52,122126,72611,1.950822956633241,113,79,16131,16206,14556,8169,18850,25341,48545,36063,33989,24992,360,175,757,3973,13530,45076,2310,59,310,6362,2247,71,394,986,15280,1723,597,5613
995,3938,995.3875814953905,99823,223,154,121,52,122159,72637,1.9514140027849294,114,80,16233,16303,14513,8152,18794,25257,48545,36063,34004,25019,360,175,757,3970,13515,45117,2309,59,310,6352,2244,71,393,984,15272,1722,604,5609
996,3938,996.1713193945544,99823,223,156,121,52,122184,72657,1.9518648006972341,114,72,16300,16384,14481,8140,18759,25194,48545,36063,34018,25045,360,175,755,3968,13501,45147,2306,59,311,6342,2242,71,392,984,15274,1722,607,5607
997,3938,997.3499363180747,99823,222,144,121,52,122217,72676,1.9523857227292307,113,71,16416,16511,14444,8130,18682,25090,48545,36063,34031,25070,360,175,754,3966,13490,45182,2303,59,311,6322,2238,71,392,982,15281,1719,611,5607
998,3938,998.1383607897056,99823,222,144,121,52,122239,72691,1.9527563787904592,115,72,16485,16579,14405,8115,18650,25036,48545,36063,34044,25094,360,175,754,3966,13482,45205,2301,59,312,6310,2234,71,390,982,15282,1719,616,5605
999,3938,999.3235067418983,99823,220,149,121,52,122272,72719,1.9533674604049167,118,69,16573,16694,14372,8084,18594,24950,48545,36063,34056,25117,360,175,754,3963,13471,45238,2298,59,315,6298,2229,71,390,982,15281,1716,624,5599
1000,3938,1000.115701660135,99823,214,143,121,52,122300,72733,1.9537882051230677,119,72,16646,16785,14348,8070,18550,24876,48545,36063,34068,25140,360,174,751,3960,13464,45257,2297,59,319,6287,2223,71,389,982,15288,1717,632,5593
1001,3938,1001.3073650951038,99823,208,142,121,52,122327,72759,1.954319144886449,129,72,16731,16921,14315,8050,18494,24761,48545,36063,34080,25162,360,173,750,3957,13454,45290,2295,59,327,6272,2214,71,388,983,15287,1717,638,5588
1002,3938,1002.1038406786283,99823,208,131,121,52,122347,72768,1.954609659096601,126,77,16792,16990,14276,8040,18475,24708,48545,36063,34091,25183,360,173,748,3952,13440,45316,2294,59,330,6265,2210,71,388,982,15291,1717,642,5585
1003,3938,1003.3006043039306,99823,212,125,121,52,122383,72789,1.9551806697855203,123,88,16912,17070,14222,8037,18408,24626,48545,36063,34102,25203,359,172,745,3951,13433,45347,2292,60,333,6251,2207,71,386,981,15290,1718,647,5580
1004,3938,1004.1008231239066,99823,214,122,121,52,122404,72803,1.9555312903839797,120,89,16980,17144,14185,8025,18378,24566,48545,36063,34112,25223,359,172,743,3947,13424,45372,2292,60,334,6241,2205,71,384,982,15291,1718,652,5576
1005,3938,1005.3038318918633,99823,212,129,121,52,122440,72833,1.95619246065536,112,82,17094,17254,14147,8017,18312,24464,48545,36063,34122,25242,359,172,742,3945,13418,45402,2288,60,335,6225,2204,71,383,982,15291,1719,655,5572
1006,3938,1006.1082730067113,99823,213,120,121,52,122464,72847,1.9565731344479729,105,75,17179,17325,14110,8012,18270,24414,48545,36063,34132,25260,359,172,741,3947,13399,45435,2284,60,337,6221,2197,71,382,983,15285,1718,656,5576
1007,3938,1007.3184072514013,99823,218,117,121,52,122500,72867,1.9571341274055079,97,69,17275,17430,14080,7999,18207,24331,48545,36063,34141,25278,359,172,739,3944,13395,45457,2284,60,340,6211,2193,71,382,983,15284,1716,661,5572
1008,3938,1008.1277051590548,99823,224,110,121,52,122525,72874,1.9574546948098133,92,78,17346,17496,14048,7982,18167,24280,48545,36063,34150,25295,359,172,739,3948,13387,45475,2279,60,339,6200,2193,71,382,983,15286,1716,665,5569
1009,3938,1009.34489525908,99823,226,115,121,52,122571,72900,1.958175971469501,88,66,17458,17614,14000,7955,18105,24196,48545,36063,34159,25312,359,172,738,3948,13381,45507,2274,60,339,6188,2189,71,382,982,15281,1715,670,5567
1010,3938,1010.158820417073,99823,226,120,121,52,122588,72922,1.9585666629934986,89,61,17533,17694,13959,7946,18070,24125,48545,36063,34167,25328,359,172,738,3946,13371,45529,2273,60,342,6176,2184,71,382,982,15286,1714,673,5565
1011,3938,1011.3824684875061,99823,221,114,121,52,122621,72940,1.9590775672941105,84,64,17640,17818,13918,7931,18014,24019,48545,36063,34175,25344,359,172,737,3948,13364,45557,2268,60,343,6161,2181,71,382,980,15288,1712,679,5561
1012,3938,1012.2004443610371,99823,209,116,121,52,122634,72958,1.9593881169670317,88,60,17689,17899,13903,7915,17988,23956,48545,36063,34183,25359,358,172,736,3946,13355,45578,2266,61,346,6154,2176,71,382,980,15289,1711,681,5561
1013,3938,1013.0198335154931,99823,198,122,121,52,122649,72969,1.95964857798303,95,59,17751,17971,13881,7895,17952,23899,48545,36063,34190,25374,358,172,735,3944,13350,45594,2266,61,346,6146,2172,71,382,980,15288,1712,682,5564
1014,3938,1014.2522587415806,99823,178,131,121,52,122675,72991,1.9601294290894884,90,48,17872,18089,13858,7873,17879,23805,48545,36063,34197,25388,357,172,734,3939,13348,45611,2262,62,346,6138,2171,71,382,980,15290,1713,686,5561
1015,3938,1015.0767375205402,99823,182,118,121,52,122697,72995,1.9603898901054868,91,53,17942,18160,13826,7869,17836,23746,48545,36063,34204,25402,357,172,734,3937,13346,45629,2261,61,346,6124,2169,71,382,979,15293,1713,689,5560
1016,3938,1016.3093201195361,99823,173,117,121,52,122721,73008,1.960760546166715,89,56,18052,18276,13788,7843,17775,23654,48545,36063,34211,25415,357,172,733,3938,13334,45653,2258,60,350,6119,2163,71,381,979,15292,1712,691,5560
1017,3938,1017.1270516817219,99823,169,105,121,52,122737,73019,1.9610310249140979,92,54,18128,18355,13763,7839,17725,23593,48545,36063,34218,25428,357,172,732,3932,13333,45675,2257,60,353,6111,2160,71,381,975,15291,1713,696,5554
1018,3938,1018.3474883063841,99823,179,107,121,52,122766,73036,1.9614918405577872,93,49,18229,18468,13698,7822,17678,23500,48545,36063,34224,25441,356,172,732,3933,13323,45694,2256,61,356,6105,2156,71,380,975,15290,1712,702,5549
1019,3938,1019.1572543945243,99823,175,100,121,52,122784,73041,1.961722248379632,94,57,18303,18533,13671,7811,17634,23445,48545,36063,34230,25453,355,172,731,3933,13320,45707,2255,62,357,6098,2154,71,379,975,15290,1712,706,5546
1020,3938,1020.3659158486629,99823,177,101,121,52,122806,73059,1.9621229576350139,109,54,18419,18658,13619,7792,17553,23341,48545,36063,34236,25465,355,172,731,3934,13303,45734,2252,62,355,6094,2153,71,379,973,15290,1711,711,5543
1021,3938,1021.1671714333148,99823,172,98,121,52,122831,73070,1.9624835959648579,106,53,18482,18727,13606,7786,17511,23282,48545,36063,34242,25476,355,172,730,3933,13294,45758,2251,62,356,6089,2150,71,379,972,15284,1712,713,5542
1022,3938,1022.3640068345875,99823,179,100,121,52,122863,73086,1.9629644470713161,108,56,18588,18826,13552,7769,17450,23195,48545,36063,34248,25487,355,172,729,3932,13292,45778,2248,62,355,6082,2150,71,378,972,15280,1711,718,5538
1023,3938,1023.1579929792409,99823,167,102,121,52,122881,73099,1.9632749967442373,112,49,18656,18895,13530,7761,17412,23139,48545,36063,34253,25498,354,172,729,3930,13282,45802,2247,63,355,6073,2149,71,378,972,15280,1709,720,5537
1024,3938,1024.3435783651018,99823,180,103,121,52,122918,73117,1.9638259719703877,99,47,18771,19007,13481,7739,17346,23050,48545,36063,34258,25508,354,172,729,3929,13280,45815,2245,63,356,6065,2148,71,378,972,15280,1709,726,5531
1025,3938,1025.1298339226225,99823,180,99,121,52,122939,73126,1.964126503911924,102,50,18840,19079,13444,7725,17311,22993,48545,36063,34263,25518,354,172,727,3929,13278,45833,2242,63,355,6061,2148,71,376,970,15278,1710,726,5530
1026,3938,1026.3036561474428,99823,173,100,121,52,122966,73141,1.9645472486300752,103,54,18951,19181,13415,7707,17235,22904,48545,36063,34268,25528,354,172,726,3931,13265,45859,2240,63,355,6054,2146,71,376,969,15275,1709,730,5528
1027,3938,1027.0824442906276,99823,169,97,121,52,122985,73150,1.9648277451088427,100,52,19034,19268,13369,7691,17205,22838,48545,36063,34273,25538,354,171,724,3929,13261,45879,2238,63,353,6050,2144,71,374,970,15272,1710,731,5529
1028,3938,1028.2446246332056,99823,171,91,121,52,123011,73162,1.9652084189014556,98,57,19147,19380,13329,7677,17132,22741,48545,36063,34278,25547,352,171,723,3926,13253,45902,2238,65,354,6044,2140,71,374,969,15269,1710,732,5530
1029,3938,1029.0157303951044,99823,169,94,121,52,123031,73176,1.9655490217685303,94,54,19218,19455,13308,7665,17088,22678,48545,36063,34282,25556,352,171,723,3924,13250,45913,2237,65,353,6043,2137,71,374,969,15266,1710,738,5527
1030,3938,1030.1668069922262,99823,167,89,121,52,123052,73186,1.9658595714414513,96,59,19310,19587,13272,7649,17032,22562,48545,36063,34286,25565,352,170,723,3926,13243,45931,2237,64,356,6038,2133,71,374,968,15261,1710,741,5525
1031,3938,1031.3125517421586,99823,153,94,121,52,123078,73205,1.9663103693537562,91,55,19415,19709,13241,7632,16977,22456,48545,36063,34290,25573,352,170,723,3923,13239,45953,2232,64,358,6031,2131,71,374,968,15261,1708,744,5521
1032,3938,1032.0731441696405,99823,152,89,121,52,123092,73208,1.9664806707872935,90,59,19471,19774,13220,7626,16944,22398,48545,36063,34294,25581,351,170,722,3920,13236,45963,2232,65,358,6029,2130,71,374,968,15259,1709,745,5521
1033,3938,1033.2095789469531,99823,161,88,121,52,123123,73220,1.9669114332368292,76,56,19575,19882,13180,7603,16885,22317,48545,36063,34298,25589,351,170,722,3919,13233,45976,2230,65,359,6025,2129,71,374,966,15258,1709,748,5518
1034,3938,1034.340065770434,99823,169,90,121,52,123148,73235,1.9673121424922113,76,54,19672,19987,13142,7580,16818,22235,48545,36063,34302,25597,351,170,721,3919,13234,45984,2229,65,358,6019,2129,71,374,966,15259,1707,754,5513
1035,3938,1035.0906347664975,99823,167,95,121,52,123167,73247,1.9676226921651323,72,47,19741,20047,13113,7576,16784,22181,48545,36063,34306,25605,351,170,721,3918,13224,45999,2228,65,358,6016,2129,71,374,965,15260,1707,756,5511
1036,3938,1036.2115079191433,99823,163,88,121,52,123186,73261,1.9679532773008224,75,53,19838,20128,13076,7567,16725,22110,48545,36063,34310,25612,351,170,720,3916,13223,46024,2226,65,361,6010,2125,70,374,965,15252,1703,757,5511
1037,3938,1037.3267950067,99823,171,104,121,52,123214,73286,1.9684842170642036,76,45,19941,20229,13043,7549,16646,22019,48545,36063,34314,25619,351,170,719,3915,13220,46040,2225,65,363,6003,2123,70,374,964,15253,1700,758,5510
1038,3938,1038.0671135052696,99823,168,102,121,52,123228,73293,1.9686945894232792,74,47,20010,20289,13013,7537,16612,21971,48545,36063,34317,25626,351,169,719,3916,13217,46054,2224,65,363,5999,2123,70,373,964,15251,1697,759,5509
1039,3938,1039.1730495395573,99823,162,98,121,52,123253,73306,1.969075263215892,73,45,20108,20385,12983,7529,16551,21889,48545,36063,34320,25633,350,169,719,3914,13213,46072,2223,66,364,5994,2119,70,372,964,15248,1696,763,5507
1040,3938,1040.2737572503645,99823,142,103,121,52,123269,73323,1.9694058483515824,70,39,20207,20491,12956,7514,16502,21799,48545,36063,34323,25640,349,169,719,3919,13198,46098,2218,66,364,5991,2119,70,371,963,15243,1696,765,5505
1041,3938,1041.0047249746551,99823,134,99,121,52,123275,73329,1.9695260611281968,72,37,20257,20568,12934,7501,16480,21741,48545,36063,34326,25646,349,169,719,3918,13195,46109,2218,66,365,5986,2118,70,370,963,15243,1695,769,5501
1042,3938,1042.097541111506,99823,138,94,121,52,123295,73338,1.969816575338349,78,33,20351,20671,12889,7480,16421,21668,48545,36063,34329,25652,349,169,719,3914,13190,46125,2218,66,365,5982,2117,70,370,963,15240,1695,770,5501
1043,3938,1043.1853532430894,99823,136,92,121,52,123318,73353,1.9701972491309618,77,32,20435,20772,12862,7467,16367,21583,48545,36063,34332,25658,349,168,719,3913,13186,46139,2217,66,366,5979,2116,70,369,963,15239,1693,774,5497
1044,3938,1044.268847173827,99823,124,84,121,52,123328,73358,1.97034751510173,86,42,20514,20862,12840,7455,16313,21503,48545,36063,34335,25664,349,168,719,3908,13185,46153,2216,66,367,5974,2115,70,369,963,15237,1693,777,5494
1045,3938,1045.3478430206683,99823,131,93,121,52,123354,73377,1.9707983130140347,78,38,20620,20965,12795,7434,16253,21416,48545,36063,34338,25670,349,168,717,3910,13184,46164,2211,66,367,5968,2115,70,369,963,15238,1693,778,5493
1046,3938,1046.0643081493267,99823,128,91,121,52,123365,73384,1.9709786321789569,77,46,20686,21019,12768,7420,16218,21370,48545,36063,34341,25676,349,168,717,3908,13181,46176,2210,66,368,5966,2114,70,369,961,15236,1693,781,5490
1047,3938,1047.1344740738998,99823,134,86,121,52,123392,73396,1.9713693237029541,72,45,20787,21118,12730,7410,16154,21287,48545,36063,34344,25681,349,167,717,3909,13181,46193,2209,66,369,5958,2112,70,369,959,15232,1692,783,5488
1048,3938,1048.1995377477833,99823,127,87,121,52,123417,73413,1.9717900684211054,68,43,20886,21205,12710,7396,16086,21215,48545,36063,34347,25686,348,167,717,3909,13176,46214,2207,67,369,5954,2110,69,368,959,15227,1690,787,5485
1049,3938,1049.259778055605,99823,119,91,121,52,123435,73423,1.9720705648998729,69,45,20979,21304,12679,7373,16031,21133,48545,36063,34350,25691,348,167,717,3906,13178,46224,2207,67,371,5946,2108,68,368,959,15229,1688,789,5483
1050,3938,1050.3153470953175,99823,121,98,121,52,123454,73440,1.9724312032297167,73,39,21057,21387,12647,7358,15979,21064,48545,36063,34352,25696,348,167,717,3906,13173,46237,2206,67,373,5944,2106,68,368,959,15226,1688,788,5482
1051,3938,1051.016755394424,99823,126,102,121,52,123469,73448,1.9726616110515613,69,41,21114,21444,12626,7345,15942,21014,48545,36063,34354,25701,348,167,717,3909,13172,46244,2203,67,373,5941,2105,68,368,959,15224,1688,788,5482
1052,3938,1052.0653365611272,99823,126,95,121,52,123490,73454,1.9729320897989442,74,47,21201,21532,12588,7334,15888,20938,48545,36063,34356,25706,348,167,716,3909,13179,46252,2201,67,374,5934,2104,68,367,957,15222,1688,790,5480
1053,3938,1053.109555976881,99823,116,92,121,52,123505,73468,1.973222604009096,80,41,21305,21621,12542,7320,15834,20872,48545,36063,34358,25711,348,167,716,3906,13176,46268,2201,67,375,5930,2102,68,367,954,15219,1688,794,5477
1054,3938,1054.1491317759107,99823,118,95,121,52,123525,73476,1.9735031004878636,79,45,21386,21726,12516,7295,15778,20785,48545,36063,34360,25716,348,167,715,3906,13171,46277,2200,67,375,5929,2102,68,367,954,15217,1689,797,5474
1055,3938,1055.1844965140053,99823,114,91,121,52,123540,73487,1.9737635615038618,81,48,21468,21803,12490,7286,15724,20718,48545,36063,34362,25720,348,167,713,3903,13172,46293,2199,67,375,5926,2102,68,366,954,15211,1688,799,5472
1056,3938,1056.215661374214,99823,112,87,121,52,123556,73496,1.9740140047884756,80,59,21556,21889,12464,7274,15665,20637,48545,36063,34364,25724,348,166,713,3904,13168,46303,2198,67,377,5923,2100,68,366,954,15209,1688,802,5469
1057,3938,1057.242780865206,99823,119,92,121,52,123575,73511,1.9743546076555503,79,58,21651,21985,12424,7251,15604,20560,48545,36063,34366,25728,348,166,713,3903,13163,46314,2198,67,378,5920,2099,68,365,954,15208,1688,804,5467
1058,3938,1058.265423628805,99823,125,85,121,52,123600,73526,1.9747553169109324,75,56,21741,22081,12393,7245,15543,20479,48545,36063,34368,25732,348,166,713,3900,13166,46328,2196,67,378,5917,2098,68,363,954,15202,1687,812,5460
1059,3938,1059.2838697789205,99823,127,87,121,52,123617,73535,1.9750157779269306,73,55,21810,22168,12368,7226,15499,20410,48545,36063,34370,25736,347,166,713,3896,13167,46336,2194,68,378,5915,2098,68,363,954,15201,1687,814,5458
1060,3938,1060.2987461777398,99823,128,79,121,52,123638,73548,1.9753563807940053,69,47,21908,22264,12332,7219,15440,20337,48545,36063,34372,25740,347,166,712,3896,13170,46346,2194,68,382,5908,2093,68,363,954,15198,1686,817,5455
1061,3938,1061.3092682578902,99823,130,82,121,52,123654,73562,1.975656912735542,75,42,21991,22351,12293,7209,15388,20262,48545,36063,34374,25744,346,166,710,3895,13168,46356,2194,69,383,5904,2092,68,363,953,15197,1687,819,5453
1062,3938,1062.3158982463885,99823,124,88,121,52,123673,73572,1.9759474269456938,79,40,22072,22442,12258,7194,15344,20182,48545,36063,34376,25748,346,166,710,3892,13165,46368,2194,69,384,5900,2091,68,363,952,15197,1686,820,5452
1063,3938,1063.3188111876211,99823,124,81,121,52,123694,73582,1.976257976618615,73,41,22156,22513,12239,7194,15285,20117,48545,36063,34378,25752,346,165,708,3889,13165,46380,2194,69,385,5897,2088,68,363,952,15195,1685,821,5453
1064,3938,1064.3180953317217,99823,125,81,121,52,123711,73594,1.976548490828767,71,40,22235,22604,12212,7168,15234,20053,48545,36063,34380,25756,345,165,706,3889,13165,46388,2192,70,386,5896,2087,68,363,952,15192,1685,825,5449
1065,3938,1065.3139148350872,99823,117,80,121,52,123726,73601,1.976768880919227,70,43,22323,22684,12183,7149,15184,19990,48545,36063,34382,25760,344,165,705,3888,13166,46399,2188,71,386,5892,2087,68,363,952,15190,1685,826,5448
1066,3938,1066.3061326127565,99823,127,83,121,52,123747,73615,1.9771195015176863,63,40,22398,22762,12154,7130,15135,19931,48545,36063,34384,25763,344,165,705,3890,13161,46412,2186,71,389,5889,2084,68,363,952,15185,1685,827,5447
1067,3938,1067.2948662305819,99823,127,85,121,52,123764,73626,1.9773999979964538,70,40,22460,22842,12130,7116,15090,19863,48545,36063,34386,25766,344,165,703,3889,13160,46419,2186,71,391,5888,2082,68,363,952,15183,1685,830,5444
1068,3938,1068.2806797702601,99823,124,83,121,52,123782,73637,1.9776905122066057,70,41,22561,22946,12106,7104,15016,19772,48545,36063,34388,25769,343,165,703,3885,13161,46431,2186,72,393,5885,2080,68,363,952,15178,1684,835,5439
1069,3938,1069.26221019243,99823,127,81,121,52,123808,73642,1.9780010618795267,59,48,22670,23024,12070,7083,14951,19710,48545,36063,34390,25772,341,164,703,3883,13162,46440,2186,74,393,5881,2079,68,362,952,15178,1682,837,5438
1070,3938,1070.239418385122,99823,126,72,121,52,123829,73649,1.9782815583582942,53,47,22754,23102,12043,7082,14901,19643,48545,36063,34392,25775,341,164,702,3880,13163,46455,2186,74,393,5875,2078,68,362,951,15175,1682,840,5434
1071,3938,1071.212764988518,99823,114,63,121,52,123839,73656,1.9784518597918315,57,47,22833,23197,12022,7070,14851,19569,48545,36063,34394,25778,341,164,701,3879,13156,46479,2185,74,393,5871,2078,68,361,951,15168,1680,842,5432
1072,3938,1072.182753860787,99823,115,72,121,52,123855,73671,1.9787624094647527,57,43,22917,23282,11988,7051,14800,19498,48545,36063,34396,25781,341,164,701,3879,13152,46487,2182,74,393,5869,2078,68,361,951,15169,1680,842,5432
1073,3938,1073.1493720590497,99823,123,72,121,52,123873,73678,1.9790128527493664,61,48,22974,23352,11961,7035,14758,19439,48545,36063,34398,25784,341,164,700,3879,13148,46496,2182,74,394,5867,2077,68,361,951,15168,1679,843,5431
1074,3938,1074.1132676907062,99823,123,71,121,52,123897,73689,1.9793634733478256,58,44,23043,23427,11944,7021,14709,19383,48545,36063,34399,25787,339,164,699,3873,13151,46503,2182,76,396,5867,2074,68,361,951,15165,1679,847,5428
1075,3938,1075.0743256818625,99823,125,70,121,52,123908,73696,1.9795437925127475,55,47,23115,23515,11916,7002,14666,19312,48545,36063,34400,25790,339,164,699,3873,13149,46509,2182,75,398,5866,2072,68,360,950,15165,1679,849,5426
1076,3938,1076.0323027312327,99823,121,71,121,52,123921,73703,1.9797441471404387,59,49,23206,23588,11879,6983,14612,19255,48545,36063,34401,25793,338,164,699,3874,13148,46518,2180,76,399,5863,2071,68,360,950,15162,1678,849,5426
1077,3938,1077.3040509511013,99823,122,85,121,52,123940,73726,1.9801648918585897,56,40,23309,23674,11844,6964,14546,19183,48545,36063,34402,25796,338,163,698,3873,13146,46527,2180,76,402,5861,2068,68,360,949,15162,1677,850,5425
1078,3938,1078.2541048520145,99823,116,83,121,52,123948,73737,1.9803552287548962,60,40,23405,23756,11807,6949,14489,19118,48545,36063,34403,25799,338,163,697,3871,13148,46540,2179,76,402,5858,2068,68,360,947,15156,1677,852,5423
1079,3938,1079.200483413936,99823,116,77,121,52,123962,73745,1.9805756188453563,65,42,23479,23824,11784,6946,14433,19057,48545,36063,34404,25802,338,163,696,3868,13147,46552,2179,76,402,5857,2067,68,360,947,15153,1675,854,5421
1080,3938,1080.143618594218,99823,123,69,121,52,123981,73749,1.980806026667201,57,48,23561,23910,11752,6932,14384,18987,48545,36063,34405,25805,338,163,696,3866,13149,46563,2179,76,402,5851,2067,68,360,946,15151,1674,855,5419
1081,3938,1081.0836421021966,99823,112,80,121,52,123991,73766,1.9810765054145838,73,46,23629,23983,11723,6915,14340,18922,48545,36063,34406,25808,338,163,696,3866,13143,46577,2178,76,402,5848,2066,68,360,946,15148,1674,855,5419
1082,3938,1082.020582714484,99823,122,78,121,52,124016,73775,1.9814171082816585,56,44,23708,24055,11699,6907,14292,18862,48545,36063,34407,25810,338,163,696,3861,13146,46585,2178,76,403,5844,2065,68,359,945,15148,1674,855,5419
1083,3938,1083.26551226461,99823,114,84,121,52,124032,73788,1.9817076224918104,55,45,23796,24153,11666,6889,14246,18775,48545,36063,34408,25812,338,163,695,3861,13141,46597,2175,76,403,5842,2065,68,359,945,15148,1673,858,5416
1084,3938,1084.1962378653698,99823,115,77,121,52,124047,73796,1.9819380303136551,52,45,23876,24216,11646,6882,14188,18726,48545,36063,34409,25814,338,163,693,3857,13142,46609,2174,76,403,5841,2065,68,359,945,15145,1671,859,5415
1085,3938,1085.1240719080927,99823,113,77,121,52,124060,73807,1.9821784558668845,51,42,23952,24292,11617,6866,14144,18669,48545,36063,34410,25816,338,163,692,3857,13142,46617,2172,76,403,5838,2065,68,359,945,15143,1671,862,5412
1086,3938,1086.0488653932468,99823,113,75,121,52,124076,73812,1.9823888282259599,52,47,24023,24379,11589,6843,14100,18602,48545,36063,34411,25818,338,163,692,3857,13142,46625,2171,76,404,5836,2064,68,359,943,15141,1670,864,5410
1087,3938,1087.2777410203682,99823,109,71,121,52,124091,73826,1.982679342436112,55,42,24099,24486,11564,6830,14050,18517,48545,36063,34412,25820,338,163,691,3856,13136,46641,2170,76,407,5835,2061,68,359,942,15136,1670,873,5401
1088,3938,1088.1968375335089,99823,114,75,121,52,124104,73833,1.982879697063803,62,41,24168,24566,11540,6813,13993,18451,48545,36063,34413,25822,337,163,691,3855,13136,46643,2169,77,407,5833,2061,68,359,942,15138,1670,874,5400
1089,3938,1089.1131202757979,99823,127,73,121,52,124125,73840,1.9831601935425704,59,46,24242,24621,11498,6803,13951,18403,48545,36063,34414,25824,337,163,690,3853,13136,46649,2169,77,407,5831,2061,68,358,943,15137,1670,877,5397
1090,3938,1090.026558783326,99823,129,73,121,52,124136,73852,1.983390601364415,65,42,24319,24686,11467,6795,13897,18350,48545,36063,34415,25826,337,162,690,3854,13137,46655,2167,77,409,5829,2059,68,358,943,15136,1669,877,5396
1091,3938,1091.2403134039648,99823,115,66,121,52,124153,73862,1.983661080111798,71,38,24386,24773,11454,6794,13851,18275,48545,36063,34416,25828,337,161,690,3853,13138,46672,2165,77,410,5825,2058,68,358,942,15129,1668,881,5391
1092,3938,1092.1483866076628,99823,120,58,121,52,124173,73863,1.9838714524708734,63,42,24469,24854,11417,6779,13808,18213,48545,36063,34417,25830,336,161,689,3855,13132,46682,2164,78,413,5825,2054,67,357,942,15126,1669,882,5391
1093,3938,1093.053708919453,99823,123,47,121,52,124188,73865,1.9840417539044108,61,47,24528,24920,11391,6771,13774,18161,48545,36063,34418,25832,336,161,687,3852,13134,46692,2164,78,413,5825,2053,67,357,941,15122,1667,883,5391
1094,3938,1094.2572653183136,99823,120,50,121,52,124208,73877,1.9843623213087165,56,47,24622,25022,11358,6749,13721,18078,48545,36063,34419,25834,336,161,685,3850,13133,46706,2162,78,414,5822,2052,67,357,941,15118,1667,884,5390
