,indexID,time,N,Inf_L,Inf_H,Dead_L,Dead_H,cum_cases_L,cum_cases_H,cum_sum_per_N,Exposed_L,Exposed_H,Sus_L,Sus_H,Rec_nat_L,Rec_nat_H,Rec_vax_L,Rec_vax_H,vaccinatedH,vaccinatedL,boostedH,boostedL,count_Naive,count_Delta,count_Delta_vaccine,count_two,count_three,count_four,count_Omicron,count_Omicron_star,count_Omicron_star_vaccine,count_Omicron_vaccine,count_Vaccine,count_WT,count_WT_vaccine,count_WT_vaccine_boost,count_Omicron_vaccine_boost,count_Delta_vaccine_boost,count_Omicron_star_vaccine_boost,count_Vaccine_boost
0,1789,1.0306756586799037,99996,6,7,0,0,6,8,0.00014000560022400896,20,18,49972,49972,0,1,0,0,0,0,0,0,99995,0,0,0,0,0,0,0,0,0,0,1,0,0,0,0,0,0
1,1789,2.061406860584578,99996,13,10,0,0,17,15,0.0003200128005120205,10,12,49971,49971,4,5,0,0,0,0,0,0,99987,0,0,0,0,0,0,0,0,0,0,9,0,0,0,0,0,0
2,1789,3.0269652865494123,99996,15,14,0,0,21,20,0.00041001640065602623,9,7,49968,49971,6,6,0,0,0,0,0,0,99984,0,0,0,0,0,0,0,0,0,0,12,0,0,0,0,0,0
3,1789,4.184746425305661,99995,15,15,1,0,24,24,0.00048002400120006003,12,4,49962,49970,8,9,0,0,0,0,0,0,99978,0,0,0,0,0,0,0,0,0,0,17,0,0,0,0,0,0
4,1789,5.0036324652352295,99995,14,14,1,0,26,24,0.0005000250012500625,12,5,49960,49969,11,10,0,0,0,0,0,0,99974,0,0,0,0,0,0,0,0,0,0,21,0,0,0,0,0,0
5,1789,6.02939731288339,99995,11,12,1,0,29,27,0.00056002800140007,11,3,49958,49968,17,15,0,0,0,0,0,0,99963,0,0,0,0,0,0,0,0,0,0,32,0,0,0,0,0,0
6,1789,7.068122835847746,99995,9,10,1,0,29,28,0.0005700285014250713,12,2,49957,49968,19,18,0,0,0,0,0,0,99958,0,0,0,0,0,0,0,0,0,0,37,0,0,0,0,0,0
7,1789,8.01637167072554,99995,12,10,1,0,32,29,0.0006100305015250763,13,1,49953,49968,19,19,0,0,0,0,0,0,99957,0,0,0,0,0,0,0,0,0,0,38,0,0,0,0,0,0
8,1789,9.25051837971326,99995,14,7,1,0,38,30,0.000680034001700085,11,1,49949,49967,23,23,0,0,0,0,0,0,99949,0,0,0,0,0,0,0,0,0,0,46,0,0,0,0,0,0
9,1789,10.055770358244418,99995,12,8,1,0,40,31,0.0007100355017750887,11,2,49947,49965,27,23,0,0,0,0,0,0,99945,0,0,0,0,0,0,0,0,0,0,50,0,0,0,0,0,0
10,1789,11.035357650255724,99995,12,7,1,0,41,31,0.00072003600180009,11,2,49946,49965,28,24,0,0,0,0,0,0,99943,0,0,0,0,0,0,0,0,0,0,52,0,0,0,0,0,0
11,1789,12.1496971039064,99995,15,7,1,0,46,31,0.0007700385019250962,9,4,49943,49963,30,24,0,0,0,0,0,0,99941,0,0,0,0,0,0,0,0,0,0,54,0,0,0,0,0,0
12,1789,13.223895698255989,99995,15,8,1,0,47,34,0.0008100405020251012,10,2,49941,49962,31,26,0,0,0,0,0,0,99938,0,0,0,0,0,0,0,0,0,0,57,0,0,0,0,0,0
13,1789,14.096475583381878,99995,14,8,1,0,49,34,0.0008300415020751037,8,3,49942,49961,33,26,0,0,0,0,0,0,99935,0,0,0,0,0,0,0,0,0,0,60,0,0,0,0,0,0
14,1789,15.016097672672807,99995,12,8,1,0,52,35,0.0008700435021751087,7,2,49940,49961,38,27,0,0,0,0,0,0,99929,0,0,0,0,0,0,0,0,0,0,66,0,0,0,0,0,0
15,1789,16.055896213716427,99995,15,7,1,0,55,36,0.0009100455022751137,8,1,49936,49961,38,29,0,0,0,0,0,0,99927,0,0,0,0,0,0,0,0,0,0,68,0,0,0,0,0,0
16,1789,17.27290928698885,99995,12,6,1,0,56,36,0.000920046002300115,8,2,49935,49960,42,30,0,0,0,0,0,0,99922,0,0,0,0,0,0,0,0,0,0,73,0,0,0,0,0,0
17,1789,18.11422657485329,99995,11,7,1,0,56,37,0.0009300465023251163,10,2,49933,49959,43,30,0,0,0,0,0,0,99921,0,0,0,0,0,0,0,0,0,0,74,0,0,0,0,0,0
18,1789,19.09339184028491,99995,11,7,1,0,57,40,0.0009700485024251213,12,0,49930,49958,44,33,0,0,0,0,0,0,99917,0,0,0,0,0,0,0,0,0,0,78,0,0,0,0,0,0
19,1789,20.164210613432537,99995,13,7,1,0,59,40,0.0009900495024751238,11,0,49930,49958,43,33,0,0,0,0,0,0,99917,0,0,0,0,0,0,0,0,0,0,78,0,0,0,0,0,0
20,1789,21.11754718185176,99995,16,5,1,0,63,40,0.0010300515025751288,9,1,49929,49957,43,35,0,0,0,0,0,0,99914,0,0,0,0,0,0,0,0,0,0,81,0,0,0,0,0,0
21,1789,22.0238160846049,99995,16,4,1,0,65,40,0.0010500525026251313,8,1,49928,49957,45,36,0,0,0,0,0,0,99911,0,0,0,0,0,0,0,0,0,0,84,0,0,0,0,0,0
22,1789,23.032321264623864,99995,14,4,1,0,67,41,0.001080054002700135,11,2,49923,49955,49,37,0,0,0,0,0,0,99906,0,0,0,0,0,0,0,0,0,0,89,0,0,0,0,0,0
23,1789,24.090200087481307,99995,11,3,1,0,67,41,0.001080054002700135,12,3,49922,49954,52,38,0,0,0,0,0,0,99902,0,0,0,0,0,0,0,0,0,0,93,0,0,0,0,0,0
24,1789,25.137015540932587,99995,11,3,1,0,69,41,0.0011000550027501375,12,3,49920,49955,54,37,0,0,0,0,0,0,99900,0,0,0,0,0,0,0,0,0,0,95,0,0,0,0,0,0
25,1789,26.03888905207278,99995,13,5,1,0,74,43,0.0011700585029251463,7,3,49920,49953,57,37,0,0,0,0,0,0,99897,0,0,0,0,0,0,0,0,0,0,98,0,0,0,0,0,0
26,1789,27.24952319326616,99995,12,4,1,0,74,43,0.0011700585029251463,7,5,49921,49951,57,38,0,0,0,0,0,0,99895,0,0,0,0,0,0,0,0,0,0,100,0,0,0,0,0,0
27,1789,28.007264856170234,99995,12,5,1,0,77,44,0.0012100605030251513,4,4,49921,49951,60,38,0,0,0,0,0,0,99892,0,0,0,0,0,0,0,0,0,0,103,0,0,0,0,0,0
28,1789,29.052605249781504,99995,15,5,1,0,80,46,0.0012600630031501575,2,2,49920,49951,60,40,0,0,0,0,0,0,99890,0,0,0,0,0,0,0,0,0,0,105,0,0,0,0,0,0
29,1789,30.321525788993217,99995,15,5,1,0,81,47,0.00128006400320016,6,3,49915,49949,61,41,0,0,0,0,0,0,99888,0,0,0,0,0,0,0,0,0,0,107,0,0,0,0,0,0
30,1789,31.080560161634427,99995,15,4,1,0,82,47,0.0012900645032251612,8,4,49912,49948,62,42,0,0,0,0,0,0,99886,0,0,0,0,0,0,0,0,0,0,109,0,0,0,0,0,0
31,1789,32.10184572266961,99995,17,4,1,0,85,47,0.001320066003300165,6,5,49912,49947,62,42,0,0,0,0,0,0,99885,0,0,0,0,0,0,0,0,0,0,110,0,0,0,0,0,0
32,1789,33.011691360797315,99995,15,4,1,0,88,47,0.0013500675033751687,7,6,49909,49946,66,42,0,0,0,0,0,0,99880,0,0,0,0,0,0,0,0,0,0,115,0,0,0,0,0,0
33,1789,34.122072878678715,99995,15,7,1,0,91,50,0.0014100705035251762,4,3,49909,49946,69,42,0,0,0,0,0,0,99877,0,0,0,0,0,0,0,0,0,0,118,0,0,0,0,0,0
34,1789,35.21644280657854,99995,13,8,1,0,93,53,0.0014600730036501825,5,5,49906,49941,73,44,0,0,0,0,0,0,99871,0,0,0,0,0,0,0,0,0,0,124,0,0,0,0,0,0
35,1789,36.09430523394819,99995,11,8,1,0,94,55,0.0014900745037251862,7,4,49903,49940,76,46,0,0,0,0,0,0,99866,0,0,0,0,0,0,0,0,0,0,129,0,0,0,0,0,0
36,1789,37.147166141962536,99995,11,8,1,0,95,57,0.00152007600380019,9,2,49900,49940,77,48,0,0,0,0,0,0,99863,0,0,0,0,0,0,0,0,0,0,132,0,0,0,0,0,0
37,1789,38.062186196511135,99995,11,8,1,0,97,58,0.0015500775038751937,7,4,49900,49937,79,49,0,0,0,0,0,0,99860,0,0,0,0,0,0,0,0,0,0,135,0,0,0,0,0,0
38,1789,39.090903450332654,99995,8,9,1,0,97,60,0.0015700785039251962,9,4,49898,49935,82,50,0,0,0,0,0,0,99856,0,0,0,0,0,0,0,0,0,0,139,0,0,0,0,0,0
39,1789,40.31148115071954,99995,6,8,1,0,98,61,0.0015900795039751987,8,5,49898,49933,85,52,0,0,0,0,0,0,99851,0,0,0,0,0,0,0,0,0,0,144,0,0,0,0,0,0
40,1789,41.21629612450514,99995,8,7,1,0,101,63,0.001640082004100205,6,3,49897,49933,86,55,0,0,0,0,0,0,99847,0,0,0,0,0,0,0,0,0,0,148,0,0,0,0,0,0
41,1789,42.027670583175244,99995,9,7,1,0,102,65,0.0016700835041752087,7,2,49896,49932,85,57,0,0,0,0,0,0,99845,0,0,0,0,0,0,0,0,0,0,150,0,0,0,0,0,0
42,1789,43.01397040137317,99995,9,6,1,0,103,65,0.00168008400420021,6,2,49896,49932,86,58,0,0,0,0,0,0,99843,0,0,0,0,0,0,0,0,0,0,152,0,0,0,0,0,0
43,1789,44.01267940494349,99995,7,6,1,0,104,66,0.0017000850042502124,5,3,49896,49930,89,59,0,0,0,0,0,0,99839,0,0,0,0,0,0,0,0,0,0,156,0,0,0,0,0,0
44,1789,45.1602081809829,99995,9,6,1,0,106,66,0.001720086004300215,3,3,49896,49930,89,59,0,0,0,0,0,0,99839,0,0,0,0,0,0,0,0,0,0,156,0,0,0,0,0,0
45,1789,46.02951465602166,99995,9,6,1,0,106,66,0.001720086004300215,5,3,49894,49930,89,59,0,0,0,0,0,0,99839,0,0,0,0,0,0,0,0,0,0,156,0,0,0,0,0,0
46,1789,47.019534284394524,99995,9,6,1,0,106,66,0.001720086004300215,6,5,49893,49928,89,59,0,0,0,0,0,0,99839,0,0,0,0,0,0,0,0,0,0,156,0,0,0,0,0,0
47,1789,48.14812316442679,99995,9,7,1,0,108,67,0.0017500875043752187,5,5,49892,49927,91,59,0,0,0,0,0,0,99837,0,0,0,0,0,0,0,0,0,0,158,0,0,0,0,0,0
48,1789,49.01436664524129,99995,9,7,1,0,110,67,0.0017700885044252212,7,6,49888,49926,93,59,0,0,0,0,0,0,99835,0,0,0,0,0,0,0,0,0,0,160,0,0,0,0,0,0
49,1789,50.04665207900647,99995,10,8,1,0,112,69,0.0018100905045252262,8,5,49885,49926,94,59,0,0,0,0,0,0,99833,0,0,0,0,0,0,0,0,0,0,162,0,0,0,0,0,0
50,1789,51.07785540408428,99995,10,7,1,0,114,71,0.0018500925046252312,6,4,49885,49925,96,62,0,0,0,0,0,0,99828,0,0,0,0,0,0,0,0,0,0,167,0,0,0,0,0,0
51,1789,52.09822959514228,99995,10,7,1,0,115,73,0.0018800940047002351,8,3,49883,49924,96,64,0,0,0,0,0,0,99825,0,0,0,0,0,0,0,0,0,0,170,0,0,0,0,0,0
52,1789,53.23042309638713,99995,11,8,1,0,117,75,0.0019200960048002401,8,3,49881,49922,97,65,0,0,0,0,0,0,99823,0,0,0,0,0,0,0,0,0,0,172,0,0,0,0,0,0
53,1789,54.1126862203818,99995,10,6,1,0,117,75,0.0019200960048002401,14,3,49875,49922,98,67,0,0,0,0,0,0,99820,0,0,0,0,0,0,0,0,0,0,175,0,0,0,0,0,0
54,1789,55.16887733046463,99995,13,5,1,0,120,76,0.001960098004900245,12,2,49875,49923,97,68,0,0,0,0,0,0,99818,0,0,0,0,0,0,0,0,0,0,177,0,0,0,0,0,0
55,1789,56.12304984627716,99995,14,5,1,0,123,76,0.0019900995049752486,12,3,49872,49922,99,68,0,0,0,0,0,0,99816,0,0,0,0,0,0,0,0,0,0,179,0,0,0,0,0,0
56,1789,57.04628861737937,99995,14,7,1,0,125,78,0.0020301015050752536,11,3,49872,49920,100,68,0,0,0,0,0,0,99814,0,0,0,0,0,0,0,0,0,0,181,0,0,0,0,0,0
57,1789,58.088291426830196,99995,9,6,1,0,126,80,0.0020601030051502576,14,2,49868,49919,106,71,0,0,0,0,0,0,99805,0,0,0,0,0,0,0,0,0,0,190,0,0,0,0,0,0
58,1789,59.05280773128409,99995,14,6,1,0,131,81,0.002120106005300265,12,1,49866,49919,105,72,0,0,0,0,0,0,99804,0,0,0,0,0,0,0,0,0,0,191,0,0,0,0,0,0
59,1789,60.185670299216085,99995,13,5,1,0,133,81,0.0021401070053502676,12,2,49865,49918,107,73,0,0,0,0,0,0,99800,0,0,0,0,0,0,0,0,0,0,195,0,0,0,0,0,0
60,1789,61.11847656199666,99995,16,3,1,0,137,81,0.0021801090054502726,10,5,49863,49915,108,75,0,0,0,0,0,0,99797,0,0,0,0,0,0,0,0,0,0,198,0,0,0,0,0,0
61,1789,62.16808346384382,99995,17,3,1,0,141,82,0.0022301115055752786,7,6,49863,49914,110,75,0,0,0,0,0,0,99793,0,0,0,0,0,0,0,0,0,0,202,0,0,0,0,0,0
62,1789,63.123770295722785,99995,17,2,1,0,142,83,0.002250112505625281,9,5,49861,49914,110,77,0,0,0,0,0,0,99790,0,0,0,0,0,0,0,0,0,0,205,0,0,0,0,0,0
63,1789,64.06079805939213,99995,17,4,1,0,143,85,0.002280114005700285,11,3,49858,49914,111,77,0,0,0,0,0,0,99789,0,0,0,0,0,0,0,0,0,0,206,0,0,0,0,0,0
64,1789,65.2591382903393,99995,13,4,1,0,145,85,0.0023001150057502875,12,3,49855,49914,117,77,0,0,0,0,0,0,99783,0,0,0,0,0,0,0,0,0,0,212,0,0,0,0,0,0
65,1789,66.26576384708666,99995,13,6,1,0,147,87,0.0023401170058502925,11,1,49854,49914,119,77,0,0,0,0,0,0,99781,0,0,0,0,0,0,0,0,0,0,214,0,0,0,0,0,0
66,1789,67.08856388389547,99995,14,6,1,0,148,87,0.0023501175058752936,10,2,49854,49913,119,77,0,0,0,0,0,0,99781,0,0,0,0,0,0,0,0,0,0,214,0,0,0,0,0,0
67,1789,68.24669467253628,99995,16,5,1,0,151,88,0.0023901195059752986,10,2,49851,49912,120,79,0,0,0,0,0,0,99778,0,0,0,0,0,0,0,0,0,0,217,0,0,0,0,0,0
68,1789,69.01482931461334,99995,22,4,1,0,158,88,0.0024601230061503075,7,2,49848,49913,120,79,0,0,0,0,0,0,99776,0,0,0,0,0,0,0,0,0,0,219,0,0,0,0,0,0
69,1789,70.0107755854842,99995,21,4,1,0,162,89,0.002510125506275314,7,3,49845,49911,124,80,0,0,0,0,0,0,99770,0,0,0,0,0,0,0,0,0,0,225,0,0,0,0,0,0
70,1789,71.32146504508854,99995,19,4,1,0,163,89,0.002520126006300315,10,3,49842,49911,126,80,0,0,0,0,0,0,99767,0,0,0,0,0,0,0,0,0,0,228,0,0,0,0,0,0
71,1789,72.02991818207478,99995,17,6,1,0,164,91,0.002550127506375319,11,3,49840,49909,129,80,0,0,0,0,0,0,99764,0,0,0,0,0,0,0,0,0,0,231,0,0,0,0,0,0
72,1789,73.141408375767,99995,14,5,1,0,165,91,0.00256012800640032,14,5,49837,49907,132,81,0,0,0,0,0,0,99759,0,0,0,0,0,0,0,0,0,0,236,0,0,0,0,0,0
73,1789,74.15251474435769,99995,14,3,1,0,166,91,0.0025701285064253215,13,6,49837,49906,133,83,0,0,0,0,0,0,99756,0,0,0,0,0,0,0,0,0,0,239,0,0,0,0,0,0
74,1789,75.01710196922475,99995,15,2,1,0,168,91,0.002590129506475324,11,6,49837,49906,134,84,0,0,0,0,0,0,99754,0,0,0,0,0,0,0,0,0,0,241,0,0,0,0,0,0
75,1789,76.09796123808607,99995,14,2,1,0,169,92,0.0026101305065253265,11,7,49836,49904,136,85,0,0,0,0,0,0,99751,0,0,0,0,0,0,0,0,0,0,244,0,0,0,0,0,0
76,1789,77.08905249932452,99995,14,2,1,0,170,93,0.002630131506575329,11,7,49835,49904,137,85,0,0,0,0,0,0,99749,0,0,0,0,0,0,0,0,0,0,246,0,0,0,0,0,0
77,1789,78.03738166403451,99995,12,1,1,0,172,93,0.0026501325066253315,10,7,49835,49906,140,84,0,0,0,0,0,0,99744,0,0,0,0,0,0,0,0,0,0,251,0,0,0,0,0,0
78,1789,79.02209420219316,99995,11,3,1,0,173,96,0.0026901345067253364,10,4,49834,49907,142,84,0,0,0,0,0,0,99741,0,0,0,0,0,0,0,0,0,0,254,0,0,0,0,0,0
79,1789,80.04005392142591,99995,14,3,1,0,177,96,0.0027301365068253414,8,5,49834,49906,141,84,0,0,0,0,0,0,99740,0,0,0,0,0,0,0,0,0,0,255,0,0,0,0,0,0
80,1789,81.29399184464411,99995,15,2,1,0,182,96,0.0027801390069503475,9,5,49829,49906,144,85,0,0,0,0,0,0,99735,0,0,0,0,0,0,0,0,0,0,260,0,0,0,0,0,0
81,1789,82.01281179246863,99995,16,4,1,0,183,98,0.0028101405070253514,9,3,49828,49906,144,85,0,0,0,0,0,0,99735,0,0,0,0,0,0,0,0,0,0,260,0,0,0,0,0,0
82,1789,83.14136275946223,99995,15,4,1,0,184,98,0.0028201410070503525,9,4,49828,49905,145,85,0,0,0,0,0,0,99733,0,0,0,0,0,0,0,0,0,0,262,0,0,0,0,0,0
83,1789,84.0449272485664,99995,17,5,1,0,188,99,0.002870143507175359,6,3,49827,49906,147,84,0,0,0,0,0,0,99731,0,0,0,0,0,0,0,0,0,0,264,0,0,0,0,0,0
84,1789,85.00312256046266,99995,14,6,1,0,191,100,0.002910145507275364,5,2,49825,49906,153,84,0,0,0,0,0,0,99725,0,0,0,0,0,0,0,0,0,0,270,0,0,0,0,0,0
85,1789,86.15757551949059,99995,11,5,1,0,191,101,0.002920146007300365,6,2,49824,49905,156,86,0,0,0,0,0,0,99720,0,0,0,0,0,0,0,0,0,0,275,0,0,0,0,0,0
86,1789,87.0889317517703,99995,12,4,1,0,195,101,0.00296014800740037,2,2,49825,49905,158,87,0,0,0,0,0,0,99716,0,0,0,0,0,0,0,0,0,0,279,0,0,0,0,0,0
87,1789,88.06369655983626,99995,10,5,1,0,196,102,0.0029801490074503724,3,1,49824,49905,160,87,0,0,0,0,0,0,99713,0,0,0,0,0,0,0,0,0,0,282,0,0,0,0,0,0
88,1789,89.03192551950076,99995,9,5,1,0,198,102,0.003000150007500375,1,1,49826,49906,161,86,0,0,0,0,0,0,99710,0,0,0,0,0,0,0,0,0,0,285,0,0,0,0,0,0
89,1789,90.10877293689477,99995,7,3,1,0,198,102,0.003000150007500375,2,2,49825,49905,163,88,0,0,0,0,0,0,99706,0,0,0,0,0,0,0,0,0,0,289,0,0,0,0,0,0
90,1789,91.30549198046862,99995,7,2,1,0,198,102,0.003000150007500375,3,2,49826,49905,161,89,0,0,0,0,0,0,99705,0,0,0,0,0,0,0,0,0,0,290,0,0,0,0,0,0
91,1789,92.05446401442114,99995,6,2,1,0,199,102,0.0030101505075253764,3,2,49825,49905,163,89,0,0,0,0,0,0,99703,0,0,0,0,0,0,0,0,0,0,292,0,0,0,0,0,0
92,1789,93.16543532695054,99995,4,2,1,0,199,102,0.0030101505075253764,3,3,49826,49905,164,88,0,0,0,0,0,0,99701,0,0,0,0,0,0,0,0,0,0,294,0,0,0,0,0,0
93,1789,94.1569061567052,99995,3,2,1,0,199,102,0.0030101505075253764,3,3,49826,49905,165,88,0,0,0,0,0,0,99700,0,0,0,0,0,0,0,0,0,0,295,0,0,0,0,0,0
94,1789,95.20152365294778,99995,5,3,1,0,201,104,0.0030501525076253814,2,1,49825,49905,165,89,0,0,0,0,0,0,99699,0,0,0,0,0,0,0,0,0,0,296,0,0,0,0,0,0
95,1789,96.01411053161166,99995,5,4,1,0,202,105,0.003070153507675384,1,1,49826,49904,165,89,0,0,0,0,0,0,99698,0,0,0,0,0,0,0,0,0,0,297,0,0,0,0,0,0
96,1789,97.2151056192652,99995,5,5,1,0,203,106,0.0030901545077253864,1,0,49825,49904,166,89,0,0,0,0,0,0,99697,0,0,0,0,0,0,0,0,0,0,298,0,0,0,0,0,0
97,1789,98.16442857473311,99995,3,3,1,0,203,106,0.0030901545077253864,1,0,49826,49904,167,91,0,0,0,0,0,0,99693,0,0,0,0,0,0,0,0,0,0,302,0,0,0,0,0,0
98,1789,99.16883019111665,99995,1,1,1,0,203,106,0.0030901545077253864,1,0,49826,49904,169,93,0,0,0,0,0,0,99689,0,0,0,0,0,0,0,0,0,0,306,0,0,0,0,0,0
99,1789,100.25151982903651,99995,1,1,1,0,203,106,0.0030901545077253864,1,0,49826,49904,169,93,0,0,0,0,0,0,99689,0,0,0,0,0,0,0,0,0,0,306,0,0,0,0,0,0
100,1789,101.24306129577867,99995,1,1,1,0,203,106,0.0030901545077253864,1,0,49826,49905,169,92,0,0,0,0,0,0,99689,0,0,0,0,0,0,0,0,0,0,306,0,0,0,0,0,0
101,1789,102.23459608961328,99995,1,1,1,0,203,106,0.0030901545077253864,1,0,49827,49905,168,92,0,0,0,0,0,0,99689,0,0,0,0,0,0,0,0,0,0,306,0,0,0,0,0,0
102,1789,103.10544516149311,99995,0,0,1,0,203,106,0.0030901545077253864,1,0,49827,49905,169,93,0,0,0,0,0,0,99687,0,0,0,0,0,0,0,0,0,0,308,0,0,0,0,0,0
103,1789,104.09698317244596,99995,0,0,1,0,203,106,0.0030901545077253864,1,0,49829,49905,167,93,0,0,0,0,0,0,99687,0,0,0,0,0,0,0,0,0,0,308,0,0,0,0,0,0
104,1789,105.08848130641411,99995,0,0,1,0,203,106,0.0030901545077253864,1,0,49829,49905,167,93,0,0,0,0,0,0,99687,0,0,0,0,0,0,0,0,0,0,308,0,0,0,0,0,0
105,1789,106.07997942715619,99995,0,0,1,0,203,106,0.0030901545077253864,1,0,49829,49906,167,92,0,0,0,0,0,0,99687,0,0,0,0,0,0,0,0,0,0,308,0,0,0,0,0,0
106,1789,107.07147750822007,99995,0,0,1,0,203,106,0.0030901545077253864,1,0,49829,49907,167,91,0,0,0,0,0,0,99687,0,0,0,0,0,0,0,0,0,0,308,0,0,0,0,0,0
107,1789,108.06297556283184,99995,1,0,1,0,204,106,0.0031001550077503874,0,0,49829,49907,167,91,0,0,0,0,0,0,99687,0,0,0,0,0,0,0,0,0,0,308,0,0,0,0,0,0
108,1789,109.22505168751435,99995,1,0,1,0,204,106,0.0031001550077503874,0,0,49829,49907,167,91,0,0,0,0,0,0,99687,0,0,0,0,0,0,0,0,0,0,308,0,0,0,0,0,0
109,1789,110.21654846675561,99995,1,0,1,0,204,106,0.0031001550077503874,0,0,49829,49907,167,91,0,0,0,0,0,0,99687,0,0,0,0,0,0,0,0,0,0,308,0,0,0,0,0,0
110,1789,111.20804524599687,99995,1,0,1,0,204,106,0.0031001550077503874,0,0,49829,49907,167,91,0,0,0,0,0,0,99687,0,0,0,0,0,0,0,0,0,0,308,0,0,0,0,0,0
111,1789,112.19954544334912,99995,1,0,1,0,204,106,0.0031001550077503874,1,0,49828,49907,167,91,0,0,0,0,0,0,99687,0,0,0,0,0,0,0,0,0,0,308,0,0,0,0,0,0
112,1789,113.19105247692336,99995,1,0,1,0,204,106,0.0031001550077503874,1,0,49828,49907,167,91,0,0,0,0,0,0,99687,0,0,0,0,0,0,0,0,0,0,308,0,0,0,0,0,0
113,1789,114.18255286454071,99995,1,0,1,0,204,106,0.0031001550077503874,1,0,49829,49907,166,91,0,0,0,0,0,0,99687,0,0,0,0,0,0,0,0,0,0,308,0,0,0,0,0,0
114,1789,115.09032970047306,99995,0,0,1,0,204,106,0.0031001550077503874,1,0,49830,49907,166,91,0,0,0,0,0,0,99686,0,0,0,0,0,0,0,0,0,0,309,0,0,0,0,0,0
115,1789,116.08180781779444,99995,0,0,1,0,204,106,0.0031001550077503874,1,0,49831,49907,165,91,0,0,0,0,0,0,99686,0,0,0,0,0,0,0,0,0,0,309,0,0,0,0,0,0
116,1789,117.07325935339564,99995,0,0,1,0,204,106,0.0031001550077503874,1,0,49833,49908,163,90,0,0,0,0,0,0,99686,0,0,0,0,0,0,0,0,0,0,309,0,0,0,0,0,0
117,1789,118.06468426893494,99995,0,0,1,0,204,106,0.0031001550077503874,1,0,49834,49908,162,90,0,0,0,0,0,0,99686,0,0,0,0,0,0,0,0,0,0,309,0,0,0,0,0,0
118,1789,119.05608260568877,99995,0,0,1,0,204,106,0.0031001550077503874,1,0,49837,49908,159,90,0,0,0,0,0,0,99686,0,0,0,0,0,0,0,0,0,0,309,0,0,0,0,0,0
119,1789,120.04742114497513,99995,0,0,1,0,204,106,0.0031001550077503874,1,0,49838,49908,158,90,0,0,0,0,0,0,99686,0,0,0,0,0,0,0,0,0,0,309,0,0,0,0,0,0
120,1789,121.01003182646878,99995,1,0,1,0,205,106,0.003110155507775389,1,0,49837,49908,158,90,0,0,0,0,0,0,99686,0,0,0,0,0,0,0,0,0,0,309,0,0,0,0,0,0
121,1789,122.00135599204597,99995,1,0,1,0,205,106,0.003110155507775389,1,0,49837,49908,158,90,0,0,0,0,0,0,99686,0,0,0,0,0,0,0,0,0,0,309,0,0,0,0,0,0
122,1789,123.17283891256366,99995,1,0,1,0,206,106,0.00312015600780039,0,0,49837,49909,159,89,0,0,0,0,0,0,99685,0,0,0,0,0,0,0,0,0,0,310,0,0,0,0,0,0
123,1789,124.16417614996973,99995,1,0,1,0,206,106,0.00312015600780039,0,0,49837,49909,159,89,0,0,0,0,0,0,99685,0,0,0,0,0,0,0,0,0,0,310,0,0,0,0,0,0
124,1789,125.15550673053087,99995,1,0,1,0,206,106,0.00312015600780039,0,0,49839,49909,157,89,0,0,0,0,0,0,99685,0,0,0,0,0,0,0,0,0,0,310,0,0,0,0,0,0
125,1789,126.14681073714127,99995,1,0,1,0,206,106,0.00312015600780039,0,0,49840,49909,156,89,0,0,0,0,0,0,99685,0,0,0,0,0,0,0,0,0,0,310,0,0,0,0,0,0
126,1789,127.13809823011123,99995,1,0,1,0,206,106,0.00312015600780039,1,0,49839,49909,156,89,0,0,0,0,0,0,99685,0,0,0,0,0,0,0,0,0,0,310,0,0,0,0,0,0
127,1789,128.1293859117725,99995,1,0,1,0,206,106,0.00312015600780039,1,0,49839,49909,156,89,0,0,0,0,0,0,99685,0,0,0,0,0,0,0,0,0,0,310,0,0,0,0,0,0
128,1789,129.1206735934338,99995,1,0,1,0,206,106,0.00312015600780039,1,0,49840,49909,155,89,0,0,0,0,0,0,99685,0,0,0,0,0,0,0,0,0,0,310,0,0,0,0,0,0
129,1789,130.11194134602593,99995,1,0,1,0,206,106,0.00312015600780039,1,0,49840,49910,155,88,0,0,0,0,0,0,99685,0,0,0,0,0,0,0,0,0,0,310,0,0,0,0,0,0
130,1789,131.10320907217178,99995,1,0,1,0,206,106,0.00312015600780039,1,0,49840,49910,155,88,0,0,0,0,0,0,99685,0,0,0,0,0,0,0,0,0,0,310,0,0,0,0,0,0
131,1789,132.31403666882943,99995,2,0,1,0,207,106,0.0031301565078253914,2,0,49838,49910,155,88,0,0,0,0,0,0,99685,0,0,0,0,0,0,0,0,0,0,310,0,0,0,0,0,0
132,1789,133.30532018601733,99995,3,0,1,0,208,106,0.0031401570078503924,1,0,49838,49910,155,88,0,0,0,0,0,0,99685,0,0,0,0,0,0,0,0,0,0,310,0,0,0,0,0,0
133,1789,134.13500459156765,99995,3,0,1,0,208,106,0.0031401570078503924,1,0,49840,49911,153,87,0,0,0,0,0,0,99685,0,0,0,0,0,0,0,0,0,0,310,0,0,0,0,0,0
134,1789,135.12626223959356,99995,3,0,1,0,208,106,0.0031401570078503924,1,1,49840,49910,153,87,0,0,0,0,0,0,99685,0,0,0,0,0,0,0,0,0,0,310,0,0,0,0,0,0
135,1789,136.1175037653962,99995,4,1,1,0,209,107,0.003160158007900395,0,0,49840,49910,153,87,0,0,0,0,0,0,99685,0,0,0,0,0,0,0,0,0,0,310,0,0,0,0,0,0
136,1789,137.31632777683052,99995,5,1,1,0,210,107,0.0031701585079253964,2,0,49837,49910,153,87,0,0,0,0,0,0,99685,0,0,0,0,0,0,0,0,0,0,310,0,0,0,0,0,0
137,1789,138.2620135701501,99995,5,1,1,0,210,107,0.0031701585079253964,2,0,49837,49910,153,87,0,0,0,0,0,0,99685,0,0,0,0,0,0,0,0,0,0,310,0,0,0,0,0,0
138,1789,139.2532820125337,99995,5,1,1,0,210,107,0.0031701585079253964,2,0,49838,49910,152,87,0,0,0,0,0,0,99685,0,0,0,0,0,0,0,0,0,0,310,0,0,0,0,0,0
139,1789,140.25596730990816,99995,4,1,1,0,211,107,0.0031801590079503974,1,1,49838,49909,154,87,0,0,0,0,0,0,99683,0,0,0,0,0,0,0,0,0,0,312,0,0,0,0,0,0
140,1789,141.29860963601706,99995,4,1,1,0,211,107,0.0031801590079503974,1,1,49839,49910,153,86,0,0,0,0,0,0,99683,0,0,0,0,0,0,0,0,0,0,312,0,0,0,0,0,0
141,1789,142.28985135711375,99995,5,1,1,0,212,107,0.003190159507975399,1,1,49839,49910,152,86,0,0,0,0,0,0,99683,0,0,0,0,0,0,0,0,0,0,312,0,0,0,0,0,0
142,1789,143.22023416343256,99995,6,1,1,0,213,107,0.0032001600080004,3,1,49836,49910,152,86,0,0,0,0,0,0,99683,0,0,0,0,0,0,0,0,0,0,312,0,0,0,0,0,0
143,1789,144.1240250358555,99995,7,2,1,0,214,108,0.0032201610080504024,2,2,49836,49908,152,86,0,0,0,0,0,0,99683,0,0,0,0,0,0,0,0,0,0,312,0,0,0,0,0,0
144,1789,145.0883924440242,99995,5,2,1,0,214,108,0.0032201610080504024,4,2,49834,49908,154,86,0,0,0,0,0,0,99681,0,0,0,0,0,0,0,0,0,0,314,0,0,0,0,0,0
145,1789,146.30168465724597,99995,4,3,1,0,215,109,0.003240162008100405,3,2,49834,49908,156,85,0,0,0,0,0,0,99679,0,0,0,0,0,0,0,0,0,0,316,0,0,0,0,0,0
146,1789,147.14277570052624,99995,5,3,1,0,216,109,0.0032501625081254064,3,2,49834,49909,155,84,0,0,0,0,0,0,99679,0,0,0,0,0,0,0,0,0,0,316,0,0,0,0,0,0
147,1789,148.00686417071722,99995,5,2,1,0,217,109,0.0032601630081504074,3,2,49833,49909,156,85,0,0,0,0,0,0,99677,0,0,0,0,0,0,0,0,0,0,318,0,0,0,0,0,0
148,1789,149.24699590206077,99995,7,3,1,0,219,110,0.0032901645082254113,1,1,49833,49909,156,85,0,0,0,0,0,0,99677,0,0,0,0,0,0,0,0,0,0,318,0,0,0,0,0,0
149,1789,150.2120995603187,99995,6,2,1,0,219,110,0.0032901645082254113,3,1,49833,49909,155,86,0,0,0,0,0,0,99675,0,0,0,0,0,0,0,0,0,0,320,0,0,0,0,0,0
150,1789,151.09279482327426,99995,7,2,1,0,220,110,0.0033001650082504124,3,1,49832,49909,155,86,0,0,0,0,0,0,99675,0,0,0,0,0,0,0,0,0,0,320,0,0,0,0,0,0
151,1789,152.07797288358898,99995,9,2,1,0,222,110,0.003320166008300415,3,2,49830,49908,155,86,0,0,0,0,0,0,99675,0,0,0,0,0,0,0,0,0,0,320,0,0,0,0,0,0
152,1789,153.17766909975148,99995,9,3,1,0,223,111,0.0033401670083504174,4,1,49828,49908,156,86,0,0,0,0,0,0,99674,0,0,0,0,0,0,0,0,0,0,321,0,0,0,0,0,0
153,1789,154.22617257402803,99995,9,3,1,0,224,111,0.003350167508375419,8,1,49825,49909,155,85,0,0,0,0,0,0,99673,0,0,0,0,0,0,0,0,0,0,322,0,0,0,0,0,0
154,1789,155.1359130112919,99995,9,3,1,0,225,112,0.0033701685084254213,7,1,49825,49908,156,86,0,0,0,0,0,0,99671,0,0,0,0,0,0,0,0,0,0,324,0,0,0,0,0,0
155,1789,156.20462026533517,99995,10,2,1,0,228,113,0.0034101705085254263,5,0,49824,49908,158,88,0,0,0,0,0,0,99667,0,0,0,0,0,0,0,0,0,0,328,0,0,0,0,0,0
156,1789,157.29284046061824,99995,10,2,1,0,229,113,0.0034201710085504274,6,0,49824,49909,157,87,0,0,0,0,0,0,99666,0,0,0,0,0,0,0,0,0,0,329,0,0,0,0,0,0
157,1789,158.03614740037503,99995,8,2,1,0,229,113,0.0034201710085504274,7,0,49823,49909,159,87,0,0,0,0,0,0,99664,0,0,0,0,0,0,0,0,0,0,331,0,0,0,0,0,0
158,1789,159.20957926392958,99995,6,2,1,0,229,113,0.0034201710085504274,9,0,49821,49909,161,87,0,0,0,0,0,0,99662,0,0,0,0,0,0,0,0,0,0,333,0,0,0,0,0,0
159,1789,160.07831734152555,99995,6,2,1,0,230,113,0.003430171508575429,8,0,49821,49909,162,87,0,0,0,0,0,0,99661,0,0,0,0,0,0,0,0,0,0,334,0,0,0,0,0,0
160,1789,161.21553682488286,99995,5,1,1,0,230,113,0.003430171508575429,8,0,49821,49909,163,88,0,0,0,0,0,0,99659,0,0,0,0,0,0,0,0,0,0,336,0,0,0,0,0,0
161,1789,162.15051228638575,99995,8,1,1,0,233,113,0.0034601730086504323,6,0,49820,49910,163,87,0,0,0,0,0,0,99659,0,0,0,0,0,0,0,0,0,0,336,0,0,0,0,0,0
162,1789,163.29652411196872,99995,8,1,1,0,234,113,0.003470173508675434,5,0,49820,49913,164,84,0,0,0,0,0,0,99658,0,0,0,0,0,0,0,0,0,0,337,0,0,0,0,0,0
163,1789,164.2477428410358,99995,7,1,1,0,234,113,0.003470173508675434,8,0,49817,49913,165,84,0,0,0,0,0,0,99657,0,0,0,0,0,0,0,0,0,0,338,0,0,0,0,0,0
164,1789,165.23932646431732,99995,7,1,1,0,234,113,0.003470173508675434,8,0,49818,49913,164,84,0,0,0,0,0,0,99657,0,0,0,0,0,0,0,0,0,0,338,0,0,0,0,0,0
165,1789,166.23264307316086,99995,8,1,1,0,237,113,0.0035001750087504373,5,0,49818,49913,166,84,0,0,0,0,0,0,99655,0,0,0,0,0,0,0,0,0,0,340,0,0,0,0,0,0
166,1789,167.27276457135721,99995,9,1,1,0,238,113,0.003510175508775439,6,0,49818,49914,164,83,0,0,0,0,0,0,99655,0,0,0,0,0,0,0,0,0,0,340,0,0,0,0,0,0
167,1789,168.04496411013116,99995,10,1,1,0,240,113,0.0035301765088254413,4,0,49818,49914,165,83,0,0,0,0,0,0,99654,0,0,0,0,0,0,0,0,0,0,341,0,0,0,0,0,0
168,1789,169.292160862422,99995,10,1,1,0,242,113,0.003550177508875444,3,0,49819,49914,165,83,0,0,0,0,0,0,99652,0,0,0,0,0,0,0,0,0,0,343,0,0,0,0,0,0
169,1789,170.27143355612606,99995,10,1,1,0,242,113,0.003550177508875444,3,4,49820,49910,164,83,0,0,0,0,0,0,99652,0,0,0,0,0,0,0,0,0,0,343,0,0,0,0,0,0
170,1789,171.11291920334097,99995,10,3,1,0,243,115,0.0035801790089504473,2,2,49820,49910,165,83,0,0,0,0,0,0,99651,0,0,0,0,0,0,0,0,0,0,344,0,0,0,0,0,0
171,1789,172.30707827228727,99995,11,5,1,0,245,117,0.0036201810090504523,4,0,49816,49910,166,83,0,0,0,0,0,0,99650,0,0,0,0,0,0,0,0,0,0,345,0,0,0,0,0,0
172,1789,173.26383251865957,99995,10,3,1,0,245,117,0.0036201810090504523,4,0,49817,49910,166,85,0,0,0,0,0,0,99647,0,0,0,0,0,0,0,0,0,0,348,0,0,0,0,0,0
173,1789,174.22254587474632,99995,9,4,1,0,245,118,0.003630181509075454,5,0,49816,49910,167,84,0,0,0,0,0,0,99646,0,0,0,0,0,0,0,0,0,0,349,0,0,0,0,0,0
174,1789,175.2742521200837,99995,11,4,1,0,247,118,0.0036501825091254563,4,1,49815,49910,167,83,0,0,0,0,0,0,99646,0,0,0,0,0,0,0,0,0,0,349,0,0,0,0,0,0
175,1789,176.32707012371887,99995,11,4,1,0,249,119,0.00368018400920046,4,2,49813,49908,169,84,0,0,0,0,0,0,99643,0,0,0,0,0,0,0,0,0,0,352,0,0,0,0,0,0
176,1789,177.1196932512362,99995,10,4,1,0,249,120,0.0036901845092254613,4,2,49813,49907,170,85,0,0,0,0,0,0,99641,0,0,0,0,0,0,0,0,0,0,354,0,0,0,0,0,0
177,1789,178.14824055423387,99995,11,6,1,0,251,122,0.0037301865093254663,5,4,49812,49904,169,84,0,0,0,0,0,0,99640,0,0,0,0,0,0,0,0,0,0,355,0,0,0,0,0,0
178,1789,179.13987266915402,99995,12,7,1,0,252,123,0.0037501875093754688,6,5,49811,49902,168,84,0,0,0,0,0,0,99640,0,0,0,0,0,0,0,0,0,0,355,0,0,0,0,0,0
179,1789,180.12637376025143,99995,13,9,1,0,254,126,0.0038001900095004752,4,4,49812,49900,168,85,0,0,0,0,0,0,99638,0,0,0,0,0,0,0,0,0,0,357,0,0,0,0,0,0
180,1789,181.01774955471885,99995,15,6,1,0,256,127,0.0038301915095754788,3,4,49812,49899,167,89,0,0,0,0,0,0,99634,0,0,0,0,0,0,0,0,0,0,361,0,0,0,0,0,0
181,1789,182.18769639033343,99995,15,9,1,0,259,130,0.0038901945097254862,1,1,49811,49900,170,88,0,0,0,0,0,0,99631,0,0,0,0,0,0,0,0,0,0,364,0,0,0,0,0,0
182,1789,183.18888450668084,99995,16,9,1,0,261,131,0.00392019600980049,4,0,49807,49900,170,89,0,0,0,0,0,0,99629,0,0,0,0,0,0,0,0,0,0,366,0,0,0,0,0,0
183,1789,184.1805740443795,99995,15,9,1,0,261,131,0.00392019600980049,7,0,49804,49900,171,89,0,0,0,0,0,0,99628,0,0,0,0,0,0,0,0,0,0,367,0,0,0,0,0,0
184,1789,185.0512623999736,99995,15,8,1,0,263,131,0.003940197009850492,8,0,49803,49901,171,89,0,0,0,0,0,0,99625,0,0,0,0,0,0,0,0,0,0,370,0,0,0,0,0,0
185,1789,186.24258453389166,99995,16,7,1,0,265,131,0.003960198009900495,9,0,49801,49902,171,89,0,0,0,0,0,0,99623,0,0,0,0,0,0,0,0,0,0,372,0,0,0,0,0,0
186,1789,187.06016607198518,99995,17,6,1,0,266,131,0.003970198509925496,9,1,49801,49901,170,90,0,0,0,0,0,0,99622,0,0,0,0,0,0,0,0,0,0,373,0,0,0,0,0,0
187,1789,188.0115415073133,99995,17,4,1,0,269,131,0.0040002000100005,10,4,49797,49898,173,92,0,0,0,0,0,0,99617,0,0,0,0,0,0,0,0,0,0,378,0,0,0,0,0,0
188,1789,189.20662073896824,99995,19,5,1,0,273,133,0.004060203010150507,10,4,49794,49896,174,93,0,0,0,0,0,0,99614,0,0,0,0,0,0,0,0,0,0,381,0,0,0,0,0,0
189,1789,190.03546305504267,99995,19,6,1,0,276,134,0.004100205010250512,11,6,49792,49894,175,92,0,0,0,0,0,0,99611,0,0,0,0,0,0,0,0,0,0,384,0,0,0,0,0,0
190,1789,191.00750334505878,99995,17,6,1,0,278,134,0.004120206010300515,10,7,49791,49893,179,92,0,0,0,0,0,0,99607,0,0,0,0,0,0,0,0,0,0,388,0,0,0,0,0,0
191,1789,192.0465058547991,99995,12,8,1,0,279,136,0.004150207510375519,14,6,49790,49892,181,92,0,0,0,0,0,0,99601,0,0,0,0,0,0,0,0,0,0,394,0,0,0,0,0,0
192,1789,193.05810511042085,99995,14,9,1,0,282,137,0.004190209510475524,12,6,49790,49891,181,92,0,0,0,0,0,0,99600,0,0,0,0,0,0,0,0,0,0,395,0,0,0,0,0,0
193,1789,194.19593045733222,99995,17,7,1,0,287,137,0.00424021201060053,10,11,49788,49887,182,93,0,0,0,0,0,0,99596,0,0,0,0,0,0,0,0,0,0,399,0,0,0,0,0,0
194,1789,195.2807434578573,99995,18,9,1,0,291,141,0.00432021601080054,9,9,49787,49886,183,94,0,0,0,0,0,0,99591,0,0,0,0,0,0,0,0,0,0,404,0,0,0,0,0,0
195,1789,196.03824009006175,99995,19,10,1,0,293,143,0.004360218010900545,7,7,49787,49886,184,95,0,0,0,0,0,0,99589,0,0,0,0,0,0,0,0,0,0,406,0,0,0,0,0,0
196,1789,197.0097452550569,99995,19,10,1,0,296,146,0.004420221011050552,6,5,49785,49885,187,98,0,0,0,0,0,0,99584,0,0,1,0,0,0,0,0,0,0,410,0,0,0,0,0,0
197,1789,198.08033721294646,99995,21,10,1,0,299,148,0.004470223511175559,8,7,49780,49881,188,100,0,0,0,0,0,0,99581,0,0,1,0,0,0,0,0,0,0,413,0,0,0,0,0,0
198,1789,199.24617312173413,99995,21,9,1,0,301,149,0.004500225011250562,8,8,49779,49879,189,102,0,0,0,0,0,0,99577,0,0,1,0,0,0,0,0,0,0,417,0,0,0,0,0,0
199,1789,200.004496887889,99995,19,8,1,0,301,150,0.004510225511275564,10,8,49777,49878,191,104,0,0,0,0,0,0,99573,0,0,1,0,0,0,0,0,0,0,421,0,0,0,0,0,0
200,1789,201.00301265262715,99995,18,8,1,0,303,151,0.004540227011350567,9,9,49776,49877,194,104,0,0,0,0,0,0,99569,0,0,1,0,0,0,0,0,0,0,425,0,0,0,0,0,0
201,1789,202.00612788631796,99995,19,11,1,0,307,155,0.004620231011550577,8,9,49773,49873,197,105,0,0,0,0,0,0,99565,0,0,1,0,0,0,0,0,0,0,429,0,0,0,0,0,0
202,1789,203.19787046947175,99995,22,14,1,0,311,160,0.004710235511775589,6,6,49771,49872,198,106,0,0,0,0,0,0,99562,0,0,1,0,0,0,0,0,0,0,432,0,0,0,0,0,0
203,1789,204.31735570127773,99995,21,14,1,0,312,161,0.004730236511825591,7,8,49769,49869,200,107,0,0,0,0,0,0,99559,0,0,1,0,0,0,0,0,0,0,435,0,0,0,0,0,0
204,1789,205.3243197863719,99995,21,14,1,0,314,162,0.004760238011900595,8,10,49766,49866,202,108,0,0,0,0,0,0,99556,0,0,1,0,0,0,0,0,0,0,438,0,0,0,0,0,0
205,1789,206.05987984196153,99995,22,17,1,0,317,165,0.004820241012050602,7,8,49764,49865,204,108,0,0,0,0,0,0,99554,0,0,1,0,0,0,0,0,0,0,440,0,0,0,0,0,0
206,1789,207.13020685597476,99995,21,17,1,0,320,166,0.004860243012150607,6,8,49764,49864,206,109,0,0,0,0,0,0,99549,0,0,1,0,0,0,0,0,0,0,445,0,0,0,0,0,0
207,1789,208.2318240403234,99995,19,19,1,0,321,170,0.004910245512275614,7,7,49765,49864,206,108,0,0,0,0,0,0,99544,0,0,1,0,0,0,0,0,0,0,450,0,0,0,0,0,0
208,1789,209.10348736763328,99995,19,16,1,0,324,170,0.004940247012350617,6,8,49764,49863,208,111,0,0,0,0,0,0,99538,0,0,1,0,0,0,0,0,0,0,456,0,0,0,0,0,0
209,1789,210.29088622313972,99995,14,14,1,0,325,170,0.004950247512375619,7,13,49763,49859,213,112,0,0,0,0,0,0,99530,0,0,1,0,0,0,0,0,0,0,464,0,0,0,0,0,0
210,1789,211.00955182101976,99995,16,15,1,0,327,171,0.004980249012450623,9,14,49760,49857,212,112,0,0,0,0,0,0,99530,0,0,1,0,0,0,0,0,0,0,464,0,0,0,0,0,0
211,1789,212.02278584521756,99995,12,12,1,0,329,173,0.005020251012550628,10,15,49758,49854,217,117,0,0,0,0,0,0,99519,0,0,1,0,0,0,0,0,0,0,475,0,0,0,0,0,0
212,1789,213.12439640861527,99995,10,14,1,0,332,177,0.005090254512725636,8,11,49758,49854,221,119,0,0,0,0,0,0,99512,0,0,1,0,0,0,0,0,0,0,482,0,0,0,0,0,0
213,1789,214.0644084336476,99995,11,15,1,0,335,180,0.005150257512875644,8,9,49756,49854,222,120,0,0,0,0,0,0,99508,0,0,1,0,0,0,0,0,0,0,486,0,0,0,0,0,0
214,1789,215.026175211022,99995,9,9,1,0,337,180,0.005170258512925646,7,10,49756,49854,225,125,0,0,0,0,0,0,99498,0,0,1,0,0,0,0,0,0,0,496,0,0,0,0,0,0
215,1789,216.25821958818028,99995,9,9,1,0,339,182,0.005210260513025651,7,8,49755,49855,226,126,0,0,0,0,0,0,99494,0,0,1,0,0,0,0,0,0,0,500,0,0,0,0,0,0
216,1789,217.1598558492946,99995,11,11,1,0,342,184,0.005260263013150658,8,10,49751,49851,227,126,0,0,0,0,0,0,99493,0,0,1,0,0,0,0,0,0,0,501,0,0,0,0,0,0
217,1789,218.27435412145084,99995,11,13,1,0,345,188,0.005330266513325666,7,7,49750,49850,229,128,0,0,0,0,0,0,99488,0,0,1,0,0,0,0,0,0,0,506,0,0,0,0,0,0
218,1789,219.15437697019075,99995,13,11,1,0,347,188,0.005350267513375669,8,10,49749,49848,227,129,0,0,0,0,0,0,99486,0,0,1,0,0,0,0,0,0,0,508,0,0,0,0,0,0
219,1789,220.02907274762538,99995,12,13,1,0,348,192,0.005400270013500675,8,6,49751,49848,226,131,0,0,0,0,0,0,99482,0,0,1,0,0,0,0,0,0,0,512,0,0,0,0,0,0
220,1789,221.25108090290746,99995,9,9,1,0,351,193,0.00544027201360068,6,6,49750,49847,232,136,0,0,0,0,0,0,99471,0,0,1,0,0,0,0,0,0,0,523,0,0,0,0,0,0
221,1789,222.04740089985836,99995,8,8,1,0,353,194,0.005470273513675684,8,5,49746,49848,235,137,0,0,0,0,0,0,99466,0,0,1,0,0,0,0,0,0,0,528,0,0,0,0,0,0
222,1789,223.1946990367008,99995,9,8,1,0,357,195,0.00552027601380069,7,5,49744,49848,237,137,0,0,0,0,0,0,99462,0,0,1,0,0,0,0,0,0,0,532,0,0,0,0,0,0
223,1789,224.09376960577396,99995,9,9,1,0,359,198,0.005570278513925696,5,2,49745,49849,238,138,0,0,0,0,0,0,99458,0,0,1,0,0,0,0,0,0,0,536,0,0,0,0,0,0
224,1789,225.0360596601518,99995,10,9,1,0,360,198,0.005580279013950698,5,5,49744,49848,238,136,0,0,0,0,0,0,99458,0,0,1,0,0,0,0,0,0,0,536,0,0,0,0,0,0
225,1789,226.01145716489492,99995,7,7,1,0,362,199,0.005610280514025701,5,5,49742,49847,243,139,0,0,0,0,0,0,99450,0,0,1,0,0,0,0,0,0,0,544,0,0,0,0,0,0
226,1789,227.024509542843,99995,4,6,1,0,363,200,0.005630281514075704,6,6,49742,49846,245,140,0,0,0,0,0,0,99444,0,0,1,0,0,0,0,0,0,0,550,0,0,0,0,0,0
227,1789,228.17031992680234,99995,7,9,1,0,366,203,0.005690284514225711,3,3,49742,49847,245,139,0,0,0,0,0,0,99444,0,0,1,0,0,0,0,0,0,0,550,0,0,0,0,0,0
228,1789,229.1817498831626,99995,5,9,1,0,366,203,0.005690284514225711,4,6,49742,49844,246,139,0,0,0,0,0,0,99442,0,0,1,0,0,0,0,0,0,0,552,0,0,0,0,0,0
229,1789,230.2610066562275,99995,7,8,1,0,368,203,0.005710285514275714,2,7,49744,49843,244,140,0,0,0,0,0,0,99441,0,0,1,0,0,0,0,0,0,0,553,0,0,0,0,0,0
230,1789,231.3017145589523,99995,7,6,1,0,369,204,0.005730286514325716,4,7,49741,49842,245,143,0,0,0,0,0,0,99437,0,0,1,0,0,0,0,0,0,0,557,0,0,0,0,0,0
231,1789,232.05717796347076,99995,7,7,1,0,370,206,0.00576028801440072,4,6,49742,49841,244,144,0,0,0,0,0,0,99435,0,0,1,0,0,0,0,0,0,0,559,0,0,0,0,0,0
232,1789,233.09938057410542,99995,5,5,1,0,371,209,0.005800290014500725,4,3,49742,49843,246,147,0,0,0,0,0,0,99427,0,0,1,0,0,0,0,0,0,0,567,0,0,0,0,0,0
233,1789,234.0227617467576,99995,5,3,1,0,372,209,0.005810290514525726,5,3,49740,49843,247,149,0,0,0,0,0,0,99424,0,0,1,0,0,0,0,0,0,0,570,0,0,0,0,0,0
234,1789,235.28371911254334,99995,7,2,1,0,374,210,0.00584029201460073,4,2,49740,49844,246,150,0,0,0,0,0,0,99422,0,0,1,0,0,0,0,0,0,0,572,0,0,0,0,0,0
235,1789,236.0056201754657,99995,7,2,1,0,375,210,0.005850292514625731,4,2,49740,49844,246,150,0,0,0,0,0,0,99421,0,0,1,0,0,0,0,0,0,0,573,0,0,0,0,0,0
236,1789,237.21120452926152,99995,6,4,1,0,376,212,0.005880294014700735,4,1,49741,49843,246,150,0,0,0,0,0,0,99419,0,0,1,0,0,0,0,0,0,0,575,0,0,0,0,0,0
237,1789,238.12963224279443,99995,9,4,1,0,379,212,0.005910295514775739,3,1,49740,49844,245,149,0,0,0,0,0,0,99419,0,0,1,0,0,0,0,0,0,0,575,0,0,0,0,0,0
238,1789,239.12627506594453,99995,7,4,1,0,379,212,0.005910295514775739,5,1,49738,49845,247,148,0,0,0,0,0,0,99417,0,0,1,0,0,0,0,0,0,0,577,0,0,0,0,0,0
239,1789,240.24491413975267,99995,8,3,1,0,381,213,0.005940297014850743,4,0,49737,49846,248,149,0,0,0,0,0,0,99414,0,0,1,0,0,0,0,0,0,0,580,0,0,0,0,0,0
240,1789,241.05157663430546,99995,7,3,1,0,382,213,0.005950297514875744,4,1,49737,49845,249,149,0,0,0,0,0,0,99412,0,0,1,0,0,0,0,0,0,0,582,0,0,0,0,0,0
241,1789,242.00529765325018,99995,8,3,1,0,384,213,0.005970298514925746,2,1,49737,49846,250,148,0,0,0,0,0,0,99411,0,0,1,0,0,0,0,0,0,0,583,0,0,0,0,0,0
242,1789,243.2716878233693,99995,7,4,1,0,384,214,0.005980299014950748,3,0,49737,49846,250,148,0,0,0,0,0,0,99410,0,0,1,0,0,0,0,0,0,0,584,0,0,0,0,0,0
243,1789,244.26490746321033,99995,7,3,1,0,384,214,0.005980299014950748,3,0,49739,49846,248,149,0,0,0,0,0,0,99409,0,0,1,0,0,0,0,0,0,0,585,0,0,0,0,0,0
244,1789,245.21232973748744,99995,8,2,1,0,386,214,0.00600030001500075,3,2,49738,49844,248,150,0,0,0,0,0,0,99407,0,0,1,0,0,0,0,0,0,0,587,0,0,0,0,0,0
245,1789,246.18029360432251,99995,6,3,1,0,386,215,0.006010300515025751,3,2,49741,49843,247,150,0,0,0,0,0,0,99405,0,0,1,0,0,0,0,0,0,0,589,0,0,0,0,0,0
246,1789,247.0328200423689,99995,6,3,1,0,386,216,0.006020301015050753,3,2,49742,49842,246,151,0,0,0,0,0,0,99404,0,0,1,0,0,0,0,0,0,0,590,0,0,0,0,0,0
247,1789,248.17632193550602,99995,6,3,1,0,387,217,0.006040302015100755,3,1,49742,49843,246,151,0,0,0,0,0,0,99402,0,0,1,0,0,0,0,0,0,0,592,0,0,0,0,0,0
248,1789,249.03050640493734,99995,5,2,1,0,387,217,0.006040302015100755,3,1,49742,49843,247,152,0,0,0,0,0,0,99400,0,0,1,0,0,0,0,0,0,0,594,0,0,0,0,0,0
249,1789,250.16628169270223,99995,6,2,1,0,388,217,0.006050302515125756,3,1,49742,49843,246,152,0,0,0,0,0,0,99400,0,0,1,0,0,0,0,0,0,0,594,0,0,0,0,0,0
250,1789,251.2576797894401,99995,4,2,1,0,388,217,0.006050302515125756,3,1,49742,49845,248,150,0,0,0,0,0,0,99398,0,0,1,0,0,0,0,0,0,0,596,0,0,0,0,0,0
251,1789,252.1320213909285,99995,4,1,1,0,388,217,0.006050302515125756,5,1,49740,49845,248,151,0,0,0,0,0,0,99397,0,0,1,0,0,0,0,0,0,0,597,0,0,0,0,0,0
252,1789,253.00004852361988,99995,4,1,1,0,388,217,0.006050302515125756,7,1,49738,49846,248,150,0,0,0,0,0,0,99397,0,0,1,0,0,0,0,0,0,0,597,0,0,0,0,0,0
253,1789,254.12197171140744,99995,5,1,1,0,389,217,0.006060303015150758,7,1,49738,49847,247,149,0,0,0,0,0,0,99397,0,0,1,0,0,0,0,0,0,0,597,0,0,0,0,0,0
254,1789,255.02676642745024,99995,7,1,1,0,392,217,0.006090304515225761,5,1,49737,49847,248,149,0,0,0,0,0,0,99396,0,0,1,0,0,0,0,0,0,0,598,0,0,0,0,0,0
255,1789,256.11489605062417,99995,6,1,1,0,392,217,0.006090304515225761,6,2,49736,49846,249,149,0,0,0,0,0,0,99395,0,0,1,0,0,0,0,0,0,0,599,0,0,0,0,0,0
256,1789,257.0863550501652,99995,8,1,1,0,395,217,0.006120306015300765,4,2,49737,49847,248,148,0,0,0,0,0,0,99394,0,0,1,0,0,0,0,0,0,0,600,0,0,0,0,0,0
257,1789,258.11515978138806,99995,8,1,1,0,395,217,0.006120306015300765,4,2,49737,49848,248,147,0,0,0,0,0,0,99394,0,0,1,0,0,0,0,0,0,0,600,0,0,0,0,0,0
258,1789,259.2295743991087,99995,8,1,1,0,396,217,0.006130306515325766,4,2,49736,49851,249,144,0,0,0,0,0,0,99393,0,0,1,0,0,0,0,0,0,0,601,0,0,0,0,0,0
259,1789,260.01425889663767,99995,8,1,1,0,397,217,0.006140307015350768,4,2,49735,49852,250,143,0,0,0,0,0,0,99392,0,0,1,0,0,0,0,0,0,0,602,0,0,0,0,0,0
260,1789,261.21572917481967,99995,8,1,1,0,398,217,0.006150307515375769,4,2,49737,49854,248,141,0,0,0,0,0,0,99391,0,0,1,0,0,0,0,0,0,0,603,0,0,0,0,0,0
261,1789,262.0415656075567,99995,7,1,1,0,399,218,0.006170308515425771,4,3,49736,49852,250,142,0,0,0,0,0,0,99388,0,0,1,0,0,0,0,0,0,0,606,0,0,0,0,0,0
262,1789,263.1540317089137,99995,7,4,1,0,400,221,0.006210310515525777,4,1,49736,49851,250,142,0,0,0,0,0,0,99387,0,0,1,0,0,0,0,0,0,0,607,0,0,0,0,0,0
263,1789,264.1661871138093,99995,7,2,1,0,400,221,0.006210310515525777,5,1,49735,49851,250,144,0,0,0,0,0,0,99385,0,0,1,0,0,0,0,0,0,0,609,0,0,0,0,0,0
264,1789,265.26203349766797,99995,7,2,1,0,401,221,0.006220311015550778,6,2,49734,49851,250,143,0,0,0,0,0,0,99384,0,0,1,0,0,0,0,0,0,0,610,0,0,0,0,0,0
265,1789,266.0189011045278,99995,7,2,1,0,402,222,0.00624031201560078,6,2,49733,49850,251,144,0,0,0,0,0,0,99382,0,0,1,0,0,0,0,0,0,0,612,0,0,0,0,0,0
266,1789,267.2661817443136,99995,9,1,1,0,404,222,0.006260313015650783,6,2,49733,49850,249,145,0,0,0,0,0,0,99381,0,0,1,0,0,0,0,0,0,0,613,0,0,0,0,0,0
267,1789,268.126419780877,99995,9,1,1,0,405,222,0.006270313515675784,7,5,49731,49847,250,145,0,0,0,0,0,0,99380,0,0,1,0,0,0,0,0,0,0,614,0,0,0,0,0,0
268,1789,269.1343656408418,99995,10,2,1,0,407,223,0.006300315015750788,6,4,49731,49847,250,145,0,0,0,0,0,0,99379,0,0,1,0,0,0,0,0,0,0,615,0,0,0,0,0,0
269,1789,270.01251202488044,99995,11,1,1,0,409,224,0.006330316515825792,5,4,49730,49847,251,146,0,0,0,0,0,0,99376,0,0,1,0,0,0,0,0,0,0,618,0,0,0,0,0,0
270,1789,271.09061180226206,99995,14,4,1,0,414,227,0.006410320516025802,2,2,49728,49846,253,146,0,0,0,0,0,0,99374,0,0,1,0,0,0,0,0,0,0,620,0,0,0,0,0,0
271,1789,272.1665257462131,99995,13,7,1,0,416,230,0.006460323016150808,0,0,49728,49845,256,146,0,0,0,0,0,0,99371,0,0,1,0,0,0,0,0,0,0,623,0,0,0,0,0,0
272,1789,273.1839011940289,99995,14,6,1,0,418,231,0.006490324516225812,2,2,49726,49842,255,148,0,0,0,0,0,0,99368,0,0,1,0,0,0,0,0,0,0,626,0,0,0,0,0,0
273,1789,274.0948205640079,99995,13,6,1,0,418,231,0.006490324516225812,3,2,49725,49843,256,147,0,0,0,0,0,0,99367,0,0,1,0,0,0,0,0,0,0,627,0,0,0,0,0,0
274,1789,275.0881949082668,99995,12,6,1,0,418,231,0.006490324516225812,7,3,49722,49842,256,147,0,0,0,0,0,0,99366,0,0,1,0,0,0,0,0,0,0,628,0,0,0,0,0,0
275,1789,276.194155649103,99995,12,6,1,0,420,232,0.006520326016300815,10,6,49717,49840,258,146,0,0,0,0,0,0,99363,0,0,1,0,0,0,0,0,0,0,631,0,0,0,0,0,0
276,1789,277.10044271163963,99995,12,5,1,0,420,233,0.006530326516325817,11,5,49716,49841,258,147,0,0,0,0,0,0,99361,0,0,1,0,0,0,0,0,0,0,633,0,0,0,0,0,0
277,1789,278.02849526568974,99995,11,4,1,0,424,233,0.006570328516425822,8,7,49718,49840,260,147,0,0,0,0,0,0,99355,0,0,1,0,0,0,0,0,0,0,639,0,0,0,0,0,0
278,1789,279.3119483842269,99995,12,7,1,0,426,236,0.006620331016550828,11,6,49714,49839,260,146,0,0,0,0,0,0,99354,0,0,1,0,0,0,0,0,0,0,640,0,0,0,0,0,0
279,1789,280.32775864435547,99995,13,5,1,0,427,236,0.006630331516575829,13,6,49712,49839,259,148,0,0,0,0,0,0,99352,0,0,1,0,0,0,0,0,0,0,642,0,0,0,0,0,0
280,1789,281.203086618282,99995,17,6,1,0,433,238,0.006710335516775839,7,5,49712,49838,261,149,0,0,0,0,0,0,99349,0,0,1,0,0,0,0,0,0,0,645,0,0,0,0,0,0
281,1789,282.00926453380765,99995,19,5,1,0,435,240,0.006750337516875844,9,6,49709,49835,260,152,0,0,0,0,0,0,99346,0,0,1,0,0,0,0,0,0,0,648,0,0,0,0,0,0
282,1789,283.1941462496704,99995,17,6,1,0,435,243,0.006780339016950848,10,4,49708,49834,262,154,0,0,0,0,0,0,99342,0,0,1,0,0,0,0,0,0,0,652,0,0,0,0,0,0
283,1789,284.115691441103,99995,18,8,1,0,436,245,0.006810340517025852,10,2,49710,49835,259,153,0,0,0,0,0,0,99342,0,0,1,0,0,0,0,0,0,0,652,0,0,0,0,0,0
284,1789,285.2640819553916,99995,16,6,1,0,439,245,0.006840342017100855,13,3,49706,49835,262,154,0,0,0,0,0,0,99335,0,0,1,0,0,0,0,0,0,0,659,0,0,0,0,0,0
285,1789,286.04796484572637,99995,20,6,1,0,443,245,0.00688034401720086,11,5,49706,49834,260,153,0,0,0,0,0,0,99335,0,0,1,0,0,0,0,0,0,0,659,0,0,0,0,0,0
286,1789,287.0467982052584,99995,18,6,1,0,445,245,0.006900345017250863,13,8,49703,49833,263,151,0,0,0,0,0,0,99331,0,0,1,0,0,0,0,0,0,0,663,0,0,0,0,0,0
287,1789,288.0118219143867,99995,20,6,1,0,448,246,0.006940347017350868,12,8,49702,49833,263,151,0,0,0,0,0,0,99329,0,0,1,0,0,0,0,0,0,0,665,0,0,0,0,0,0
288,1789,289.12509806833094,99995,21,5,1,0,450,247,0.006970348517425872,12,7,49702,49834,262,152,0,0,0,0,0,0,99326,0,0,1,0,0,0,0,0,0,0,668,0,0,0,0,0,0
289,1789,290.0005951201662,99995,22,6,1,0,452,249,0.007010350517525877,12,9,49701,49830,262,153,0,0,0,0,0,0,99324,0,0,1,0,0,0,0,0,0,0,670,0,0,0,0,0,0
290,1789,291.10092132246007,99995,23,8,1,0,455,252,0.007070353517675884,13,7,49697,49829,264,154,0,0,0,0,0,0,99321,0,0,1,0,0,0,0,0,0,0,673,0,0,0,0,0,0
291,1789,292.2721277661745,99995,23,6,1,0,459,252,0.007110355517775889,16,12,49690,49826,268,154,0,0,0,0,0,0,99315,0,0,1,0,0,0,0,0,0,0,679,0,0,0,0,0,0
292,1789,293.01535225697086,99995,22,8,1,0,462,255,0.0071703585179258966,17,10,49687,49826,271,154,0,0,0,0,0,0,99310,0,0,1,0,0,0,0,0,0,0,684,0,0,0,0,0,0
293,1789,294.14383599475167,99995,22,11,1,0,468,258,0.007260363018150908,17,9,49684,49824,274,154,0,0,0,0,0,0,99304,0,0,1,0,0,0,0,0,0,0,690,0,0,0,0,0,0
294,1789,295.1614233522767,99995,24,13,1,0,474,262,0.00736036801840092,18,8,49679,49822,276,155,0,0,0,0,0,0,99299,0,0,2,0,0,0,0,0,0,0,694,0,0,0,0,0,0
295,1789,296.0492267066513,99995,22,12,1,0,475,262,0.0073703685184259215,19,9,49677,49821,279,156,0,0,0,0,0,0,99295,0,0,2,0,0,0,0,0,0,0,698,0,0,0,0,0,0
296,1789,297.0590284797795,99995,26,12,1,0,479,265,0.0074403720186009305,17,8,49675,49819,279,159,0,0,0,0,0,0,99292,0,0,2,0,0,0,0,0,0,0,701,0,0,0,0,0,0
297,1789,298.23735119716656,99995,20,13,1,0,482,269,0.0075103755187759386,17,8,49672,49818,288,159,0,0,0,0,0,0,99280,0,0,2,0,0,0,0,0,0,0,713,0,0,0,0,0,0
298,1789,299.0092736356762,99995,20,15,1,0,483,273,0.0075603780189009455,16,5,49672,49817,289,161,0,0,0,0,0,0,99277,0,0,2,0,0,0,0,0,0,0,716,0,0,0,0,0,0
299,1789,300.08290254208185,99995,24,13,1,0,487,273,0.0076003800190009504,17,6,49669,49817,287,162,0,0,0,0,0,0,99275,0,0,2,0,0,0,0,0,0,0,718,0,0,0,0,0,0
300,1789,301.2609478757466,99995,25,15,1,0,493,275,0.0076803840192009604,14,6,49666,49815,292,162,0,0,0,0,0,0,99270,0,0,2,0,0,0,0,0,0,0,723,0,0,0,0,0,0
301,1789,302.06163038957817,99995,25,14,1,0,494,276,0.0077003850192509625,19,6,49661,49814,292,164,0,0,0,0,0,0,99267,0,0,2,0,0,0,0,0,0,0,726,0,0,0,0,0,0
302,1789,303.0710835901735,99995,25,16,1,0,497,279,0.00776038801940097,24,8,49654,49809,294,165,0,0,0,0,0,0,99263,0,0,2,0,0,0,0,0,0,0,730,0,0,0,0,0,0
303,1789,304.11638948472597,99995,28,17,1,0,503,282,0.00785039251962598,22,9,49651,49805,296,167,0,0,0,0,0,0,99258,0,0,2,0,0,0,0,0,0,0,735,0,0,0,0,0,0
304,1789,305.1004644878142,99995,30,16,1,0,508,283,0.007910395519775988,23,16,49645,49799,299,167,0,0,0,0,0,0,99253,0,0,2,0,0,0,0,0,0,0,740,0,0,0,0,0,0
305,1789,306.0641862842092,99995,35,19,1,0,516,289,0.008050402520126006,21,11,49640,49798,301,170,0,0,0,0,0,0,99247,0,0,2,0,0,0,0,0,0,0,746,0,0,0,0,0,0
306,1789,307.16047458095,99995,37,17,1,0,520,290,0.008100405020251012,18,12,49640,49796,302,173,0,0,0,0,0,0,99242,0,0,2,0,0,0,0,0,0,0,751,0,0,0,0,0,0
307,1789,308.3304367810825,99995,39,17,1,0,525,294,0.008190409520476024,19,12,49637,49792,302,177,0,0,0,0,0,0,99235,0,0,2,0,0,0,0,0,0,0,758,0,0,0,0,0,0
308,1789,309.00229181273954,99995,38,19,1,0,525,297,0.008220411020551028,22,13,49636,49789,301,177,0,0,0,0,0,0,99233,0,0,2,0,0,0,0,0,0,0,760,0,0,0,0,0,0
309,1789,310.01644036520855,99995,38,21,1,0,528,300,0.008280414020701034,23,13,49632,49786,304,178,0,0,0,0,0,0,99229,0,0,2,0,0,0,0,0,0,0,764,0,0,0,0,0,0
310,1789,311.31344033624976,99995,39,24,1,0,536,305,0.00841042052102605,23,14,49625,49781,310,179,0,0,0,0,0,0,99220,0,0,2,0,0,0,0,0,0,0,773,0,0,0,0,0,0
311,1789,312.0743772396409,99995,42,26,1,0,545,309,0.008540427021351068,19,13,49620,49779,316,180,0,0,0,0,0,0,99212,0,0,2,0,0,0,0,0,0,0,781,0,0,0,0,0,0
312,1789,313.0789722325998,99995,44,32,1,0,552,315,0.008670433521676084,16,16,49619,49771,318,179,0,0,0,0,0,0,99207,0,0,2,0,0,0,0,0,0,0,786,0,0,0,0,0,0
313,1789,314.18372270645517,99995,41,34,1,0,556,323,0.008790439521976098,25,14,49607,49766,324,184,0,0,0,0,0,0,99194,0,0,2,0,0,0,0,0,0,0,799,0,0,0,0,0,0
314,1789,315.0739763816094,99995,42,34,1,0,559,328,0.008870443522176108,27,13,49602,49762,326,189,0,0,0,0,0,0,99187,0,0,2,0,0,0,0,0,0,0,806,0,0,0,0,0,0
315,1789,316.2902249774348,99995,43,31,1,0,565,333,0.008980449022451122,36,9,49588,49763,330,195,0,0,0,0,0,0,99174,0,0,2,0,0,0,0,0,0,0,819,0,0,0,0,0,0
316,1789,317.09577634702237,99995,47,28,1,0,572,335,0.009070453522676134,34,7,49585,49764,331,199,0,0,0,0,0,0,99167,0,0,3,0,0,0,0,0,0,0,825,0,0,0,0,0,0
317,1789,318.330959569902,99995,49,26,1,0,583,336,0.009190459522976148,32,14,49579,49756,337,202,0,0,0,0,0,0,99155,0,0,3,0,0,0,0,0,0,0,837,0,0,0,0,0,0
318,1789,319.11055703781454,99995,48,23,1,0,590,337,0.009270463523176158,34,17,49570,49752,345,206,0,0,0,0,0,0,99143,0,0,3,0,0,0,0,0,0,0,849,0,0,0,0,0,0
319,1789,320.03245993041185,99995,51,21,1,0,596,340,0.00936046802340117,32,19,49567,49747,346,210,1,1,1,1,0,0,99133,0,0,3,0,0,0,0,0,0,2,857,0,0,0,0,0,0
320,1789,321.0143318121849,99995,54,20,1,0,607,342,0.009490474523726186,26,18,49564,49745,351,213,2,2,2,2,0,0,99120,0,0,3,0,0,0,0,0,0,4,868,0,0,0,0,0,0
321,1789,322.1798783943371,99995,55,18,1,0,615,344,0.009590479523976198,25,20,49557,49742,357,215,3,3,3,3,0,0,99107,0,0,3,0,0,0,0,0,0,6,879,0,0,0,0,0,0
322,1789,323.00014596411745,99995,58,17,1,0,625,345,0.009700485024251212,19,19,49552,49742,364,216,4,4,4,4,0,0,99096,0,0,3,0,0,0,0,0,0,8,888,0,0,0,0,0,0
323,1789,324.12069700450166,99995,49,19,1,0,630,351,0.009810490524526226,24,14,49544,49743,376,218,4,4,5,5,0,0,99076,0,0,3,0,0,0,0,0,0,10,906,0,0,0,0,0,0
324,1789,325.0105829984078,99995,44,19,1,0,636,353,0.009890494524726236,27,14,49534,49741,387,219,5,5,6,6,0,0,99061,0,0,3,0,0,0,0,0,0,12,919,0,0,0,0,0,0
325,1789,326.025091617164,99995,41,17,1,0,642,354,0.009960498024901246,28,17,49526,49736,396,222,6,6,7,7,0,0,99047,0,0,3,0,0,0,0,0,0,14,931,0,0,0,0,0,0
326,1789,327.07180663795776,99995,48,20,1,0,655,360,0.010150507525376268,23,14,49519,49733,400,224,7,7,8,8,0,0,99036,0,0,3,0,0,0,0,0,0,16,940,0,0,0,0,0,0
327,1789,328.0233891677632,99995,48,22,1,0,658,364,0.010220511025551278,29,15,49509,49727,403,226,8,8,9,9,0,0,99029,0,0,3,0,0,0,0,0,0,18,945,0,0,0,0,0,0
328,1789,329.0681904602712,99995,50,24,1,0,666,368,0.010340517025851292,32,16,49499,49723,408,227,8,8,10,10,0,0,99019,0,0,3,0,0,0,0,0,0,20,953,0,0,0,0,0,0
329,1789,330.0033067472232,99995,52,22,1,0,673,373,0.010460523026151308,31,17,49494,49716,411,234,9,9,11,11,0,0,99005,0,0,3,0,0,0,0,0,0,22,965,0,0,0,0,0,0
330,1789,331.033976366478,99995,47,25,1,0,681,380,0.010610530526526326,31,17,49487,49708,422,238,10,10,12,12,0,0,98986,0,0,3,0,0,0,0,0,0,24,982,0,0,0,0,0,0
331,1789,332.074752337159,99995,51,20,1,0,690,382,0.01072053602680134,30,20,49480,49703,425,244,11,11,13,13,0,0,98972,0,0,3,0,0,0,0,0,0,26,994,0,0,0,0,0,0
332,1789,333.0675404033038,99995,55,17,1,0,697,383,0.01080054002700135,28,19,49476,49702,426,248,12,12,14,14,0,0,98963,0,0,3,0,0,0,0,0,0,28,1001,0,0,0,0,0,0
333,1789,334.13302831965336,99995,55,19,1,0,704,389,0.010930546527326366,32,20,49464,49694,433,252,13,13,15,15,0,0,98950,0,0,3,0,0,0,0,0,0,30,1012,0,0,0,0,0,0
334,1789,335.0575284520243,99995,59,17,1,0,713,391,0.01104055202760138,33,20,49454,49692,437,255,14,14,16,16,0,0,98940,0,0,3,0,0,0,0,0,0,31,1020,1,0,0,0,0,0
335,1789,336.04392834553147,99995,52,20,1,0,719,395,0.011140557027851392,36,20,49446,49691,449,253,14,14,17,17,0,0,98924,0,0,3,0,0,0,0,0,0,33,1034,1,0,0,0,0,0
336,1789,337.0636750420486,99995,54,18,1,0,730,398,0.01128056402820141,40,20,49432,49688,456,257,15,15,18,18,0,0,98908,0,0,3,0,0,0,0,0,0,35,1048,1,0,0,0,0,0
337,1789,338.0270138133425,99995,61,23,1,0,744,405,0.011490574528726436,41,16,49418,49685,461,258,16,16,19,19,0,0,98897,0,0,3,0,0,0,0,0,0,37,1057,1,0,0,0,0,0
338,1789,339.00539620877026,99995,67,24,1,0,752,409,0.011610580529026452,45,17,49407,49679,461,261,17,17,20,20,0,0,98890,0,0,3,0,0,0,0,0,0,39,1062,1,0,0,0,0,0
339,1789,340.0128657415582,99995,67,26,1,0,763,412,0.01175058752937647,45,19,49396,49675,472,261,17,17,21,21,0,0,98876,0,0,3,0,0,0,0,0,0,41,1074,1,0,0,0,0,0
340,1789,341.03438635987266,99995,75,25,1,0,780,416,0.011960598029901496,39,21,49387,49669,478,265,18,18,22,22,0,0,98860,0,0,3,0,0,0,0,0,0,43,1088,1,0,0,0,0,0
341,1789,342.00725019682176,99995,78,24,1,0,789,421,0.012100605030251512,42,23,49374,49663,484,269,19,19,23,23,0,0,98846,0,0,3,0,0,0,0,0,0,45,1100,1,0,0,0,0,0
342,1789,343.00844799610854,99995,78,23,1,0,807,424,0.01231061553077654,36,25,49361,49657,502,273,20,20,24,24,0,0,98822,0,0,3,0,0,0,0,0,0,47,1122,1,0,0,0,0,0
343,1789,344.0024500124677,99995,73,22,1,0,815,427,0.012420621031051553,40,25,49349,49653,514,277,21,21,25,25,0,0,98803,0,0,3,0,0,0,0,0,0,49,1139,1,0,0,0,0,0
344,1789,345.0136705947049,99995,75,28,1,0,827,438,0.012650632531626581,38,22,49341,49645,520,281,23,22,26,27,0,0,98785,0,0,3,0,0,0,0,0,0,52,1154,1,0,0,0,0,0
345,1789,346.0135603854081,99995,74,35,1,0,830,447,0.012770638531926596,42,17,49333,49639,523,283,25,24,28,29,0,0,98775,0,0,3,0,0,0,0,0,0,56,1160,1,0,0,0,0,0
346,1789,347.0534432698464,99995,72,31,1,0,838,450,0.01288064403220161,38,19,49328,49634,532,288,27,26,30,31,0,0,98754,0,0,3,0,0,0,0,0,0,60,1177,1,0,0,0,0,0
347,1789,348.03301577921076,99995,71,30,1,0,850,458,0.013080654032701635,41,21,49314,49625,542,294,29,28,32,33,0,0,98728,0,0,3,0,0,0,0,0,0,64,1199,1,0,0,0,0,0
348,1789,349.10792626088465,99995,74,29,1,0,861,465,0.013260663033151657,37,20,49309,49619,546,301,31,29,34,35,0,0,98708,0,0,3,0,0,0,0,0,0,68,1215,1,0,0,0,0,0
349,1789,350.17417752734656,99995,77,33,1,0,869,471,0.013400670033501675,37,16,49300,49614,549,303,34,32,37,38,0,0,98695,0,0,3,0,0,0,0,0,0,74,1222,1,0,0,0,0,0
350,1789,351.2117993551377,99995,77,31,1,0,880,477,0.013570678533926695,41,16,49287,49605,556,311,36,35,40,41,0,0,98670,0,0,3,0,0,0,0,0,0,80,1241,1,0,0,0,0,0
351,1789,352.029739125375,99995,74,30,1,0,886,481,0.01367068353417671,39,18,49280,49596,565,316,39,38,43,44,0,0,98650,0,0,3,0,0,0,0,0,0,86,1255,1,0,0,0,0,0
352,1789,353.0143318902266,99995,75,34,1,0,896,487,0.01383069153457673,43,19,49263,49585,573,318,43,42,47,48,0,0,98632,0,0,4,0,0,0,0,0,0,94,1264,1,0,0,0,0,0
353,1789,354.05901048819504,99995,78,38,1,0,912,495,0.01407070353517676,40,17,49249,49577,583,321,47,45,51,52,0,0,98609,0,0,6,0,0,0,0,0,0,102,1277,1,0,0,0,0,0
354,1789,355.0809155295742,99995,74,36,1,0,921,498,0.014190709535476773,40,21,49237,49566,594,325,52,50,56,57,0,0,98581,0,0,6,0,0,0,0,0,0,112,1295,1,0,0,0,0,0
355,1789,356.0866038398538,99995,73,39,1,0,927,504,0.01431071553577679,41,16,49225,49560,601,328,57,55,61,62,0,0,98561,0,0,6,0,0,0,0,0,0,122,1305,1,0,0,0,0,0
356,1789,357.0644954014603,99995,67,39,1,0,935,508,0.014430721536076803,47,17,49206,49552,615,329,62,61,67,67,0,0,98532,0,0,6,0,0,0,0,0,0,133,1323,1,0,0,0,0,0
357,1789,358.016900908555,99995,66,39,1,0,942,513,0.014550727536376819,51,17,49191,49543,621,332,68,67,73,73,0,0,98507,0,0,6,0,0,0,0,0,0,145,1336,1,0,0,0,0,0
358,1789,359.0134654456198,99995,82,39,1,0,965,520,0.014850742537126857,47,18,49167,49530,627,337,74,74,80,80,0,0,98479,0,0,6,0,0,0,0,0,0,159,1350,1,0,0,0,0,0
359,1789,360.2766266665853,99994,76,36,1,1,977,526,0.015030901854111246,53,18,49144,49518,643,343,81,82,88,87,0,0,98437,0,0,6,0,0,0,0,0,0,174,1376,1,0,0,0,0,0
360,1789,361.1490712555898,99994,76,39,1,1,985,533,0.01518091085465128,58,19,49126,49501,648,347,89,91,97,95,0,0,98408,0,0,6,0,0,0,0,0,0,191,1388,1,0,0,0,0,0
361,1789,362.0120473107219,99994,76,40,1,1,995,537,0.015320919255155309,63,18,49103,49488,657,350,98,101,107,104,0,0,98376,0,0,6,0,0,0,0,0,0,210,1401,1,0,0,0,0,0
362,1789,363.04178913994474,99993,73,38,2,1,1006,542,0.01548108367585731,66,15,49082,49477,668,355,107,112,118,113,0,0,98337,0,0,6,0,0,0,0,0,0,228,1419,3,0,0,0,0,0
363,1789,364.02086915290425,99993,74,36,2,1,1023,545,0.01568109767683738,61,22,49062,49457,683,358,116,124,130,123,0,0,98295,0,0,6,0,0,0,0,0,0,249,1439,4,0,0,0,0,0
364,1789,365.0261224831566,99993,71,37,2,1,1035,550,0.015851109577670438,61,23,49041,49439,696,361,127,137,143,134,0,0,98252,0,0,6,0,0,0,0,0,0,273,1458,4,0,0,0,0,0
365,1789,366.0317894505262,99993,75,39,2,1,1047,557,0.016041122878601502,59,24,49023,49418,701,365,138,151,157,146,0,0,98214,0,0,6,0,0,0,0,0,0,298,1470,5,0,0,0,0,0
366,1789,367.0378325204044,99993,69,39,2,1,1055,563,0.01618113267928755,65,21,48997,49400,714,371,151,166,172,159,0,0,98166,0,0,6,0,0,0,0,0,0,326,1490,5,0,0,0,0,0
367,1789,368.04437289457553,99993,75,41,2,1,1070,569,0.016391147380316624,60,22,48974,49378,722,373,165,183,189,173,0,0,98122,0,0,6,0,0,0,0,0,0,357,1503,5,0,0,0,0,0
368,1789,369.0513802506354,99993,77,41,2,1,1084,572,0.01656115928114968,58,23,48949,49357,732,375,180,201,207,188,0,0,98074,0,0,6,0,0,0,0,0,0,390,1518,5,0,0,0,0,0
369,1789,370.05890820040446,99993,74,43,2,1,1099,580,0.01679117538227676,55,22,48922,49330,748,381,197,221,227,205,0,0,98014,0,0,7,0,0,0,0,0,0,427,1540,5,0,0,0,0,0
370,1789,371.0670105857103,99993,78,42,2,1,1117,585,0.01702119148340384,48,23,48896,49303,759,386,215,243,249,223,0,0,97955,0,0,7,0,0,0,0,0,0,466,1559,6,0,0,0,0,0
371,1789,372.07565954283496,99993,74,43,2,1,1126,590,0.017161201284089888,54,23,48864,49278,770,387,234,266,273,242,0,0,97895,0,0,7,0,0,0,0,0,0,509,1576,6,0,0,0,0,0
372,1789,373.08494457781234,99993,74,42,2,1,1139,595,0.017341213884971948,56,24,48831,49249,780,391,255,291,299,263,0,0,97830,0,0,7,0,0,0,0,0,0,555,1594,7,0,0,0,0,0
373,1789,374.09488516236115,99993,75,40,2,1,1148,600,0.017481223685657996,55,25,48804,49217,785,397,277,318,327,285,0,0,97766,0,0,7,0,0,0,0,0,0,604,1608,8,0,0,0,0,0
374,1789,375.1053864660136,99993,81,43,2,1,1162,606,0.017681237686638065,52,26,48771,49184,791,400,301,344,357,309,0,0,97703,0,0,7,0,0,0,0,0,0,656,1617,10,0,0,0,0,0
375,1789,376.1165245112346,99993,88,39,2,1,1176,614,0.01790125308771614,50,22,48736,49148,795,411,327,377,390,335,0,0,97625,0,0,7,0,0,0,0,0,0,715,1636,10,0,0,0,0,0
376,1789,377.12835009260135,99993,93,42,2,1,1190,620,0.018101267088696207,52,25,48696,49109,802,412,353,409,425,362,0,0,97553,0,0,8,0,0,0,0,0,0,776,1645,11,0,0,0,0,0
377,1789,378.14085618718974,99993,95,40,2,1,1201,625,0.018261278289480265,48,27,48662,49070,809,417,382,443,463,391,0,0,97471,0,0,8,0,0,0,0,0,0,842,1660,12,0,0,0,0,0
378,1789,379.15413058248424,99993,92,38,2,1,1211,632,0.018431290190313324,54,27,48619,49026,818,426,413,480,504,422,0,0,97380,0,0,9,0,0,0,0,0,0,912,1678,14,0,0,0,0,0
379,1789,380.1682663771046,99993,99,37,2,1,1226,636,0.018621303491244388,55,31,48575,48977,822,429,445,523,548,455,0,0,97291,0,0,9,0,0,0,0,0,0,988,1690,15,0,0,0,0,0
380,1789,381.18323507216314,99993,99,36,2,1,1241,645,0.01886132029242047,57,33,48530,48922,832,437,478,569,595,490,0,0,97187,0,0,9,0,0,0,0,0,0,1067,1712,18,0,0,0,0,0
381,1789,382.199095566103,99993,99,39,2,1,1257,654,0.019111337793645555,55,29,48481,48868,847,442,514,619,646,527,0,0,97077,0,0,9,0,0,0,0,0,0,1155,1734,18,0,0,0,0,0
382,1789,383.21598508505895,99993,93,39,2,1,1272,661,0.019331353194723632,53,31,48431,48808,866,447,553,672,700,567,0,0,96955,0,0,9,0,0,0,0,0,0,1249,1762,18,0,0,0,0,0
383,1789,384.23397444680995,99993,92,42,2,1,1283,670,0.0195313671957037,57,31,48377,48742,877,452,593,730,758,609,0,0,96837,0,0,9,0,0,0,0,0,0,1349,1780,18,0,0,0,0,0
384,1789,385.25305051873124,99993,90,49,2,1,1296,683,0.01979138539697779,58,29,48324,48674,889,455,635,790,820,654,0,0,96710,0,0,9,0,0,0,0,0,0,1455,1800,19,0,0,0,0,0
385,1789,386.273203487964,99993,89,45,2,1,1306,692,0.019981398697908853,62,30,48269,48605,897,465,679,852,886,701,0,0,96576,0,0,9,0,0,0,0,0,0,1565,1821,22,0,0,0,0,0
386,1789,387.29450583811035,99993,96,37,2,1,1325,698,0.02023141619913394,51,30,48216,48531,907,478,726,921,957,751,0,0,96432,0,0,10,0,0,0,0,0,0,1684,1843,24,0,0,0,0,0
387,1789,388.31699176162823,99993,92,45,2,1,1334,711,0.020451431600212015,61,26,48146,48451,919,481,778,994,1032,804,0,0,96289,0,0,10,0,0,0,0,0,0,1809,1858,27,0,0,0,0,0
388,1789,389.34079903384736,99993,94,45,2,1,1344,719,0.020631444201094078,63,24,48082,48371,924,489,833,1068,1112,860,0,0,96137,0,0,10,0,0,0,0,0,0,1945,1874,27,0,0,0,0,0
389,1789,390.02410263679286,99993,104,47,2,1,1361,727,0.02088146170231916,56,21,48017,48287,929,490,890,1152,1197,919,0,0,95984,0,0,10,0,0,0,0,0,0,2085,1883,31,0,0,0,0,0
390,1789,391.05062249679156,99993,106,46,2,1,1377,729,0.021061474303201225,52,29,47950,48195,938,489,950,1238,1287,981,0,0,95820,0,0,10,0,0,0,0,0,0,2232,1895,36,0,0,0,0,0
391,1789,392.07860179100084,99993,104,48,2,1,1390,735,0.02125148760413229,60,31,47869,48100,950,490,1013,1328,1382,1046,0,0,95644,0,0,10,0,0,0,0,0,0,2389,1911,39,0,0,0,0,0
392,1789,393.10818444607924,99993,104,55,2,1,1401,746,0.021471503005210366,71,28,47785,47999,957,489,1079,1426,1483,1115,0,0,95464,0,0,12,0,0,0,0,0,0,2556,1919,42,0,0,0,0,0
393,1789,394.1394526886026,99993,108,59,2,1,1419,754,0.021731521206484455,76,25,47695,47893,970,489,1147,1531,1590,1187,0,0,95273,0,0,12,0,0,0,0,0,0,2729,1931,48,0,0,0,0,0
394,1789,395.1724772908935,99993,113,57,2,1,1438,760,0.02198153870770954,73,31,47609,47774,980,495,1221,1640,1703,1263,0,0,95067,0,0,13,0,0,0,0,0,0,2914,1947,52,0,0,0,0,0
395,1789,396.2072917894502,99992,117,65,2,2,1454,773,0.022271781742539402,70,28,47524,47655,986,495,1299,1753,1822,1342,0,0,94853,0,0,13,0,0,0,0,0,0,3111,1962,53,0,0,0,0,0
396,1789,397.2439379682742,99991,117,64,3,2,1476,781,0.022572031482833457,76,31,47429,47525,997,500,1376,1876,1948,1425,0,0,94616,0,0,13,0,0,0,0,0,0,3317,1989,56,0,0,0,0,0
397,1789,398.28260049109014,99990,113,51,3,3,1489,787,0.022762276227622762,82,36,47333,47389,1008,517,1459,2002,2080,1512,0,0,94366,0,0,14,0,0,0,0,0,0,3532,2018,60,0,0,0,0,0
398,1789,399.32335984515703,99990,117,56,3,3,1507,797,0.02304230423042304,87,36,47231,47252,1017,520,1543,2131,2219,1603,0,0,94120,0,0,14,0,0,0,0,0,0,3759,2034,63,0,0,0,0,0
399,1789,400.01835563850926,99990,122,55,3,3,1523,804,0.023272327232723274,84,36,47131,47109,1024,522,1634,2273,2365,1698,0,0,93867,0,0,14,0,0,0,0,0,0,3993,2046,70,0,0,0,0,0
400,1789,401.0633338256946,99990,130,49,3,3,1551,808,0.023592359235923593,73,41,47028,46959,1038,530,1726,2416,2519,1797,0,0,93588,0,0,15,0,0,0,0,0,0,4243,2071,73,0,0,0,0,0
401,1789,402.11061623682747,99989,133,52,3,4,1573,815,0.02388262708897979,77,45,46911,46801,1054,530,1820,2566,2680,1901,0,0,93303,0,0,15,0,0,0,0,0,0,4505,2090,76,0,0,0,0,0
402,1789,403.1603511551538,99989,117,50,3,4,1588,824,0.024122653491884107,76,43,46801,46640,1081,534,1920,2727,2849,2009,0,0,92993,0,0,15,0,0,0,0,0,0,4773,2123,85,0,0,0,0,0
403,1789,404.21278520740356,99989,114,53,3,4,1604,834,0.024382682095030455,78,43,46693,46469,1085,537,2025,2892,3026,2121,0,0,92692,0,0,15,1,0,0,0,0,0,5049,2135,97,0,0,0,0,0
404,1789,405.26771501279865,99989,118,58,3,4,1623,848,0.024712718399023892,78,37,46571,46290,1093,544,2135,3065,3211,2238,0,0,92373,0,0,16,1,0,0,0,0,0,5345,2151,103,0,0,0,0,0
405,1789,406.3252162790817,99989,119,55,3,4,1637,859,0.024962745902049225,81,39,46452,46099,1095,553,2248,3248,3404,2360,0,0,92042,0,0,16,1,0,0,0,0,0,5649,2167,114,0,0,0,0,0
406,1789,407.0317321294276,99989,124,57,3,4,1648,865,0.02513276460410645,87,37,46324,45904,1095,555,2365,3441,3606,2486,0,0,91709,0,0,17,1,0,0,0,0,0,5973,2171,118,0,0,0,0,0
407,1789,408.09472175878545,99989,124,56,3,4,1668,871,0.0253927932072528,92,44,46181,45700,1111,553,2487,3641,3817,2617,0,0,91352,0,0,18,1,0,0,0,0,0,6304,2185,129,0,0,0,0,0
408,1789,409.1608055514713,99989,128,57,3,4,1689,880,0.025692826210883198,90,42,46039,45485,1123,558,2615,3852,4036,2753,0,0,90981,0,0,18,1,0,0,0,0,0,6650,2201,138,0,0,0,0,0
409,1789,410.2301743123706,99989,138,64,3,4,1719,891,0.026102871315844742,81,40,45892,45265,1137,560,2747,4065,4264,2894,0,0,90595,0,0,18,1,0,0,0,0,0,7012,2218,145,0,0,0,0,0
410,1789,411.3029043721478,99988,145,64,3,5,1745,902,0.026473176781213744,75,40,45742,45037,1149,568,2884,4284,4501,3040,0,0,90190,0,0,18,1,0,0,0,0,0,7387,2239,153,0,0,0,0,0
411,1789,412.0199481688364,99988,141,66,3,5,1755,914,0.026693203184382126,80,37,45589,44796,1160,573,3025,4521,4747,3191,0,0,89781,0,0,18,1,0,0,0,0,0,7772,2251,165,0,0,0,0,0
412,1789,413.09971512913256,99988,139,73,3,5,1767,930,0.02697323678841461,86,35,45429,44552,1168,576,3173,4757,5003,3347,0,0,89355,0,0,18,1,0,0,0,0,0,8175,2265,174,0,0,0,0,0
413,1789,414.18318457750536,99988,143,78,3,5,1786,941,0.02727327279273513,81,35,45268,44304,1179,578,3324,4998,5268,3508,0,0,88917,0,0,18,1,0,0,0,0,0,8592,2277,183,0,0,0,0,0
414,1789,415.27053996106156,99988,134,76,3,5,1803,951,0.027543305196623596,85,42,45100,44035,1201,583,3475,5257,5542,3675,0,0,88450,0,0,19,1,0,0,0,0,0,9022,2302,194,0,0,0,0,0
415,1789,416.36186591989434,99987,132,74,4,5,1824,960,0.027843619670557172,93,52,44911,43757,1216,586,3642,5524,5826,3847,0,0,87975,0,0,20,1,0,0,0,0,0,9464,2319,208,0,0,0,0,0
416,1789,417.0918968558432,99986,134,72,5,5,1843,967,0.028103934550837116,88,54,44732,43470,1227,591,3812,5806,6119,4024,0,0,87490,0,0,23,1,0,0,0,0,0,9926,2330,216,0,0,0,0,0
417,1789,418.1920255088851,99986,128,71,5,5,1856,981,0.02837397235612986,101,46,44550,43188,1235,599,3979,6089,6422,4206,0,0,86984,0,0,24,1,0,0,0,0,0,10399,2350,228,0,0,0,0,0
418,1789,419.2966005810585,99986,135,79,5,5,1883,998,0.028814033964755067,91,39,44375,42898,1237,602,4155,6375,6734,4394,0,0,86474,0,0,27,1,0,0,0,0,0,10883,2357,244,0,0,0,0,0
419,1789,420.03541776912886,99986,128,79,5,5,1896,1006,0.02902406336887164,132,74,44148,42559,1247,604,4338,6677,7056,4587,0,0,85944,10,0,26,2,0,0,0,0,0,11385,2363,256,0,0,0,0,0
420,1789,421.2509213826246,99986,148,81,5,5,1951,1023,0.029744164182985616,131,78,43931,42245,1271,616,4512,6973,7387,4785,0,0,85378,56,3,26,3,0,0,0,0,0,11902,2354,264,0,0,0,0,0
421,1789,422.16646464752574,99986,161,89,5,5,1980,1042,0.030224231392394937,152,80,43705,41907,1278,623,4697,7294,7727,4988,0,0,84822,83,3,26,3,0,0,0,0,0,12431,2340,278,0,0,0,0,0
422,1789,423.08635330558275,99986,171,99,5,5,2009,1061,0.030704298601804254,167,75,43483,41566,1287,626,4885,7627,8077,5196,0,0,84254,107,7,26,3,0,0,0,0,0,12971,2326,292,0,0,0,0,0
423,1789,424.0106182657008,99986,177,98,5,5,2042,1077,0.0311943672114096,175,74,43267,41223,1301,638,5073,7960,8436,5410,0,0,83660,144,13,27,3,0,0,0,0,0,13522,2309,308,0,0,0,0,0
424,1789,425.2495088232404,99986,187,116,5,5,2083,1109,0.0319244694257196,184,81,43028,40876,1316,641,5278,8279,8804,5629,0,0,83052,184,18,27,3,0,0,0,0,0,14085,2290,327,0,0,0,0,0
425,1789,426.1830201504973,99986,216,124,5,5,2133,1125,0.03258456183865741,196,99,42779,40505,1318,637,5484,8628,9180,5853,0,0,82444,208,22,27,4,0,0,0,0,0,14665,2274,342,0,0,0,0,0
426,1789,427.1214045449165,99986,235,133,5,5,2185,1156,0.03341467805492769,206,94,42528,40131,1339,652,5685,8983,9565,6082,0,0,81797,253,32,27,4,0,0,0,0,0,15257,2262,354,0,0,0,0,0
427,1789,428.06504555709927,99986,252,139,5,5,2232,1186,0.0341847858700218,214,91,42271,39752,1360,668,5896,9343,9959,6316,0,0,81131,301,37,27,5,0,0,0,0,0,15870,2252,363,0,0,0,0,0
428,1789,429.01405185506127,99986,279,153,5,5,2292,1214,0.035064909087272216,217,86,42001,39373,1379,669,6117,9712,10361,6555,0,0,80478,333,50,28,6,0,0,0,0,0,16478,2231,382,0,0,0,0,0
429,1789,430.2876882578777,99986,299,150,5,5,2364,1239,0.03603504490628688,227,105,41725,38995,1415,687,6327,10056,10771,6798,0,0,79778,402,59,30,6,0,0,0,0,0,17100,2207,404,0,0,0,0,0
430,1789,431.24839526180125,99986,299,160,5,5,2413,1271,0.0368451583221651,246,117,41451,38581,1444,704,6553,10431,11188,7046,0,0,79072,462,69,31,6,0,0,0,0,0,17736,2187,423,0,0,0,0,0
431,1789,432.2150139539813,99985,321,167,5,6,2475,1300,0.03775566334950243,260,127,41167,38174,1473,709,6772,10815,11613,7298,0,0,78363,507,85,31,6,0,0,0,0,0,18383,2173,437,0,0,0,0,0
432,1789,433.18772879373955,99985,339,182,5,6,2540,1335,0.0387558133720058,279,142,40876,37749,1506,718,6993,11201,12045,7555,0,0,77638,560,97,32,6,0,0,0,0,0,19042,2155,455,0,0,0,0,0
433,1789,434.1669153627151,99985,362,186,5,6,2605,1369,0.03974596189428414,323,162,40549,37311,1534,737,7225,11596,12484,7816,0,0,76896,614,114,33,6,0,0,0,0,0,19713,2142,467,0,0,0,0,0
434,1789,435.15305899942456,99985,398,208,5,6,2696,1421,0.04117617642646397,340,161,40233,36888,1570,755,7452,11980,12929,8081,0,0,76137,680,131,35,6,0,0,0,0,0,20389,2123,484,0,0,0,0,0
435,1789,436.1462541621204,99984,427,212,6,6,2785,1460,0.0424567930868939,348,164,39914,36456,1613,778,7690,12382,13380,8350,0,0,75357,754,151,35,6,0,0,0,0,0,21074,2108,499,0,0,0,0,0
436,1789,437.1469501283603,99982,448,212,8,6,2865,1492,0.04357784401192215,384,192,39583,36007,1648,797,7927,12784,13837,8623,0,0,74576,822,168,36,7,0,0,0,0,0,21766,2090,517,0,0,0,0,0
437,1789,438.1551493374896,99982,481,226,8,6,2967,1529,0.044968094256966254,391,218,39254,35544,1703,802,8161,13202,14299,8900,0,0,73781,892,189,37,7,0,0,0,0,0,22470,2075,531,0,0,0,0,0
438,1789,439.1710850209823,99982,511,254,8,6,3061,1588,0.04649836970654718,415,213,38917,35080,1754,825,8393,13620,14766,9180,0,0,72971,969,204,40,7,0,0,0,0,0,23188,2058,545,0,0,0,0,0
439,1789,440.1948724238228,99982,548,277,8,6,3174,1656,0.04830869556520174,425,206,38593,34632,1799,859,8625,14018,15237,9464,0,0,72138,1063,227,42,9,0,0,0,0,0,23904,2040,559,0,0,0,0,0
440,1789,441.22673521920035,99980,579,289,9,7,3288,1704,0.04992998599719944,450,239,38242,34167,1864,874,8854,14422,15712,9751,0,0,71304,1157,249,43,9,0,0,0,0,0,24620,2015,583,0,0,0,0,0
441,1789,442.26724189020314,99979,579,312,10,7,3396,1771,0.05168085297912561,494,241,37877,33696,1946,901,9092,14841,16191,10041,0,0,70456,1260,292,47,9,0,0,0,0,0,25320,1987,608,0,0,0,0,0
442,1789,443.3169687682467,99978,596,325,11,7,3504,1831,0.05336173958270819,515,252,37531,33224,2013,936,9332,15254,16673,10334,0,0,69588,1366,321,48,10,0,0,0,0,0,26052,1972,621,0,0,0,0,0
443,1789,444.0218699604886,99978,602,321,11,7,3576,1870,0.05447198383644402,533,255,37189,32754,2062,966,9601,15695,17158,10630,0,0,68745,1440,352,50,12,0,0,0,0,0,26790,1958,631,0,0,0,0,0
444,1789,445.0901155856909,99978,645,341,11,7,3718,1938,0.05657244593810638,557,275,36812,32283,2133,994,9840,16098,17645,10928,0,0,67876,1543,388,53,15,0,0,0,0,0,27518,1936,649,0,0,0,0,0
445,1789,446.16834125324885,99978,713,357,11,7,3881,2003,0.058852947648482666,591,288,36407,31817,2204,1030,10072,16499,18134,11228,0,0,66997,1648,424,55,16,0,0,0,0,0,28256,1919,663,0,0,0,0,0
446,1789,447.2571635279023,99978,759,372,11,7,4033,2074,0.06108343835643842,618,303,36018,31351,2281,1065,10311,16900,18625,11530,0,0,66120,1752,477,55,20,0,0,0,0,0,28976,1898,680,0,0,0,0,0
447,1789,448.3566575086988,99978,802,378,11,7,4206,2146,0.06353397747504451,666,341,35599,30859,2385,1115,10535,17298,19117,11834,0,0,65201,1892,530,56,22,0,0,0,0,0,29702,1880,695,0,0,0,0,0
448,1789,449.0960277681149,99977,867,411,12,7,4345,2210,0.06556507996839273,660,341,35234,30394,2439,1122,10786,17723,19610,12140,0,0,64352,1962,562,57,23,0,0,0,0,0,30448,1858,715,0,0,0,0,0
449,1789,450.2174814034515,99976,906,460,13,7,4521,2309,0.06831639593502441,679,334,34838,29922,2548,1152,11014,18123,20103,12447,0,0,63443,2077,623,64,23,0,0,0,0,0,31177,1844,725,0,0,0,0,0
450,1789,451.3505701501901,99976,955,495,13,7,4726,2417,0.07144714731535569,718,339,34426,29453,2662,1206,11224,18498,20596,12756,0,0,62499,2236,686,69,25,0,0,0,0,0,31899,1822,740,0,0,0,0,0
451,1789,452.1127416075134,99976,983,514,13,7,4864,2485,0.07350764183404017,724,348,34050,28981,2752,1228,11476,18920,21088,13066,0,0,61609,2335,741,73,25,0,0,0,0,0,32634,1807,752,0,0,0,0,0
452,1789,453.26998216399227,99976,1026,518,13,7,5073,2577,0.0765183644074578,773,359,33612,28521,2885,1294,11689,19299,21579,13377,0,0,60669,2496,821,82,26,0,0,0,0,0,33330,1775,777,0,0,0,0,0
453,1789,454.04917131765376,99975,1069,547,14,7,5234,2658,0.07893973493373344,798,379,33219,28047,2965,1327,11933,19691,22068,13688,0,0,59777,2598,882,85,27,0,0,0,0,0,34056,1761,789,0,0,0,0,0
454,1789,455.2330023091897,99973,1151,586,16,7,5503,2780,0.08285237013993778,815,396,32764,27577,3103,1384,12149,20048,22555,14000,0,0,58833,2763,970,89,32,0,0,0,0,0,34739,1736,811,0,0,0,0,0
455,1789,456.0303126936213,99973,1170,606,16,7,5657,2865,0.08524301561421584,853,413,32377,27101,3193,1424,12389,20447,23040,14312,0,0,57947,2879,1050,90,34,0,0,0,0,0,35428,1708,837,0,0,0,0,0
456,1789,457.2422316493118,99973,1225,636,16,7,5911,2994,0.08907404999349824,913,439,31924,26645,3339,1491,12581,20780,23523,14624,0,0,57009,3043,1171,91,42,0,0,0,0,0,36077,1686,854,0,0,0,0,0
457,1789,458.0586866613634,99973,1289,665,16,7,6116,3105,0.09223490342392446,908,433,31554,26169,3429,1551,12802,21173,24003,14936,0,0,56124,3159,1269,93,46,0,0,0,0,0,36745,1661,876,0,0,0,0,0
458,1789,459.29926673957846,99971,1359,695,18,7,6403,3249,0.09654799891968671,961,457,31107,25715,3587,1628,12966,21496,24479,15248,0,0,55176,3332,1415,98,49,0,0,0,0,0,37370,1641,890,0,0,0,0,0
459,1789,460.13475677430495,99969,1402,706,19,8,6594,3343,0.09940081425241824,1018,483,30710,25267,3676,1674,13173,21860,24952,15559,0,0,54297,3448,1523,100,51,0,0,0,0,0,38022,1616,912,0,0,0,0,0
460,1789,461.4056793879812,99967,1468,741,20,9,6926,3489,0.10418438084567908,1052,533,30242,24837,3877,1743,13339,22135,25421,15869,0,0,53335,3649,1675,108,58,0,0,0,0,0,38623,1588,931,0,0,0,0,0
461,1789,462.2624325904291,99964,1525,771,22,10,7152,3605,0.10760873914609259,1069,543,29840,24400,3986,1795,13556,22479,25886,16178,0,0,52450,3774,1792,115,60,0,0,0,0,0,39262,1564,947,0,0,0,0,0
462,1789,463.1298543064314,99962,1587,807,23,11,7394,3730,0.11128228726916228,1143,529,29416,23987,4104,1847,13725,22817,26346,16486,0,0,51565,3907,1912,122,62,0,0,0,0,0,39887,1540,967,0,0,0,0,0
463,1789,464.00835451281944,99961,1631,830,23,12,7641,3861,0.11506487530136754,1182,513,29026,23585,4224,1915,13912,23143,26802,16793,0,0,50696,4033,2077,127,69,0,0,0,0,0,40457,1514,988,0,0,0,0,0
464,1789,465.3455436190595,99959,1696,841,25,12,8023,4047,0.12074950729799218,1228,529,28533,23174,4469,2049,14047,23393,27253,17099,0,0,49693,4286,2286,140,74,0,0,0,0,0,40986,1492,1002,0,0,0,0,0
465,1789,466.2484877548751,99958,1787,847,26,12,8323,4155,0.12483242962044058,1191,554,28132,22771,4620,2112,14242,23702,27698,17403,0,0,48821,4420,2437,152,80,0,0,0,0,0,41565,1468,1015,0,0,0,0,0
466,1789,467.1638264199999,99958,1837,907,26,12,8611,4299,0.1291542447828088,1190,555,27717,22370,4798,2150,14430,24004,28138,17705,0,0,47956,4554,2589,166,89,0,0,0,0,0,42131,1443,1030,0,0,0,0,0
467,1789,468.0918727259189,99958,1867,912,26,12,8883,4422,0.13310590447988155,1224,582,27315,21951,4949,2229,14617,24312,28572,18005,0,0,47061,4730,2747,175,99,0,0,0,0,0,42685,1419,1042,0,0,0,0,0
468,1789,469.032804801062,99957,1850,937,27,12,9119,4552,0.13676881058855309,1285,587,26907,21571,5128,2288,14801,24603,29001,18303,0,0,46179,4899,2903,184,111,0,0,0,0,0,43230,1395,1056,0,0,0,0,0
469,1789,470.4685090003763,99956,1922,964,28,12,9577,4782,0.14365320741126095,1339,580,26432,21207,5414,2430,14863,24805,29424,18599,0,0,45199,5163,3178,209,115,1,0,0,0,0,43652,1366,1073,0,0,0,0,0
470,1789,471.4387934392968,99955,1991,981,29,12,9912,4919,0.14837676954629583,1377,633,26007,20814,5580,2508,15014,25050,29841,18893,0,0,44349,5309,3381,223,124,1,0,0,0,0,44140,1344,1084,0,0,0,0,0
471,1789,472.4230270507456,99955,2030,1022,29,12,10231,5082,0.15319893952278527,1369,651,25632,20421,5777,2580,15161,25312,30251,19185,0,0,43474,5489,3569,232,134,1,0,0,0,0,44632,1328,1096,0,0,0,0,0
472,1789,473.4214251442503,99954,2102,1042,29,13,10583,5257,0.15847289753286511,1364,677,25250,20053,5959,2688,15294,25525,30655,19474,0,0,42613,5661,3778,257,142,1,0,0,0,0,45091,1299,1112,0,0,0,0,0
473,1789,474.4335349834463,99952,2117,1093,31,13,10911,5455,0.16373859452537218,1367,663,24872,19709,6185,2782,15426,25738,31053,19760,0,0,41735,5860,3994,269,153,1,0,0,0,0,45533,1280,1127,0,0,0,0,0
474,1789,475.4604736096411,99950,2167,1141,32,14,11270,5650,0.16928464232116058,1392,675,24481,19364,6399,2875,15527,25929,31444,20044,0,0,40876,6035,4216,290,164,1,0,0,0,0,45969,1265,1134,0,0,0,0,0
475,1789,476.50236718346883,99946,2174,1150,35,15,11624,5836,0.17469433494086806,1413,683,24085,19035,6643,2987,15648,26128,31829,20325,0,0,40006,6235,4468,316,178,1,0,0,0,0,46356,1240,1146,0,0,0,0,0
476,1789,477.02846385894736,99946,2206,1131,35,15,11802,5916,0.17727572889360255,1415,701,23773,18696,6720,3030,15849,26425,32207,20603,0,0,39307,6288,4646,317,187,1,0,0,0,0,46820,1229,1151,0,0,0,0,0
477,1789,478.100402997121,99943,2239,1153,38,15,12172,6113,0.18295428394184685,1409,719,23427,18366,6945,3142,15940,26603,32578,20878,0,0,38482,6474,4906,339,203,2,0,0,0,0,47174,1197,1166,0,0,0,0,0
478,1789,479.18809178899,99943,2223,1206,38,15,12535,6339,0.18884764315659927,1455,701,23038,18063,7222,3248,16022,26765,32943,21150,0,0,37634,6688,5182,355,224,2,0,0,0,0,47507,1178,1173,0,0,0,0,0
479,1789,480.2928056607933,99942,2249,1212,39,15,12943,6521,0.19475295671489465,1442,729,22685,17779,7486,3364,16097,26899,33301,21419,0,0,36804,6892,5464,373,247,2,0,0,0,0,47821,1157,1182,0,0,0,0,0
480,1789,481.4150777329105,99942,2270,1244,39,15,13335,6719,0.20065638070080646,1448,748,22317,17500,7745,3469,16179,27022,33652,21684,0,0,35995,7080,5726,400,269,2,0,0,0,0,48142,1135,1193,0,0,0,0,0
481,1789,482.55454843613387,99941,2307,1262,39,16,13753,6941,0.2070621666783402,1447,725,21944,17217,8010,3610,16251,27168,33996,21946,0,0,35189,7276,6040,422,289,2,0,0,0,0,48405,1117,1201,0,0,0,0,0
482,1789,483.1303060408393,99941,2339,1262,39,16,13967,7046,0.21025404988943477,1412,717,21685,16962,8114,3655,16409,27386,34334,22205,0,0,34564,7309,6238,434,306,3,0,0,0,0,48774,1100,1213,0,0,0,0,0
483,1789,484.30310438663827,99939,2365,1263,40,17,14384,7256,0.21653208457158868,1422,716,21353,16720,8384,3792,16434,27490,34665,22460,0,0,33771,7503,6545,468,327,3,0,0,0,0,49023,1078,1221,0,0,0,0,0
484,1789,485.4933338702205,99937,2380,1260,42,17,14815,7469,0.2229804777009516,1432,744,21038,16447,8646,3943,16460,27587,34989,22712,0,0,32995,7698,6887,489,355,4,0,0,0,0,49222,1056,1231,0,0,0,0,0
485,1789,486.0938617542495,99935,2407,1240,44,17,15035,7564,0.22613698904287788,1448,760,20763,16195,8752,3999,16584,27787,35307,22961,0,0,32384,7753,7097,503,367,4,0,0,0,0,49551,1030,1246,0,0,0,0,0
486,1789,487.31667683337645,99928,2419,1243,50,18,15468,7781,0.23265751340965496,1463,765,20426,15979,9029,4141,16611,27852,35618,23206,0,0,31639,7939,7444,516,401,6,0,0,0,0,49717,1010,1256,0,0,0,0,0
487,1789,488.55923033845534,99927,2456,1305,50,19,15911,8046,0.23974501386011787,1468,723,20119,15751,9284,4278,16621,27922,35922,23447,0,0,30910,8120,7772,538,438,6,0,0,0,0,49896,991,1256,0,0,0,0,0
488,1789,489.1858326628317,99926,2484,1270,51,19,16141,8148,0.24306987170506175,1436,736,19897,15514,9372,4358,16758,28101,36220,23685,0,0,30334,8160,8025,551,449,8,0,0,0,0,50160,978,1261,0,0,0,0,0
489,1789,490.4616137722891,99924,2498,1275,51,21,16626,8368,0.2501300988751451,1425,749,19596,15346,9676,4495,16752,28112,36511,23919,0,0,29588,8366,8389,580,480,8,0,0,0,0,50284,959,1270,0,0,0,0,0
490,1789,491.10435507236696,99922,2522,1250,53,21,16877,8481,0.25377794679850285,1405,758,19375,15128,9786,4584,16857,28257,36796,24150,0,0,29028,8411,8647,591,502,8,0,0,0,0,50513,945,1277,0,0,0,0,0
491,1789,492.41428432625634,99920,2512,1235,54,22,17337,8714,0.2607185748598879,1354,771,19103,14971,10087,4745,16888,28254,37075,24377,0,0,28327,8586,9060,619,541,9,0,0,0,0,50568,933,1277,0,0,0,0,0
492,1789,493.0749360519419,99918,2482,1256,56,22,17560,8843,0.2642466822794692,1362,765,18885,14787,10218,4790,16995,28378,37347,24601,0,0,27789,8618,9310,644,558,9,0,0,0,0,50787,916,1287,0,0,0,0,0
493,1789,494.4198236167741,99917,2456,1278,57,22,17985,9099,0.27106498393666745,1347,744,18660,14656,10480,4922,16998,28376,37613,24821,0,0,27164,8727,9730,684,597,11,0,0,0,0,50813,903,1288,0,0,0,0,0
494,1789,495.0980709422598,99916,2452,1268,58,22,18212,9216,0.2745105888946715,1337,752,18472,14471,10585,4988,17094,28497,37873,25037,0,0,26644,8766,9981,697,618,13,0,0,0,0,51014,894,1289,0,0,0,0,0
495,1789,496.4747944313448,99913,2457,1267,60,23,18660,9458,0.2814248396104611,1341,700,18233,14346,10839,5153,17068,28509,38127,25250,0,0,26029,8894,10381,735,665,13,0,0,0,0,51031,871,1294,0,0,0,0,0
496,1789,497.16867777571355,99911,2480,1272,62,23,18904,9587,0.28516379577824263,1294,675,18056,14167,10942,5218,17164,28643,38375,25459,0,0,25523,8945,10603,738,694,15,0,0,0,0,51229,864,1300,0,0,0,0,0
497,1789,498.5779357975374,99909,2421,1204,64,23,19377,9812,0.29215586183426917,1268,648,17819,14071,11293,5434,17133,28618,38617,25665,0,0,24867,9111,11059,789,746,17,0,0,0,0,51168,853,1299,0,0,0,0,0
498,1789,499.2887846536924,99907,2408,1213,65,24,19623,9948,0.2959852662976568,1238,613,17637,13923,11432,5494,17218,28731,38854,25867,0,0,24392,9153,11317,802,777,18,0,0,0,0,51305,832,1311,0,0,0,0,0
499,1789,500.00748209181717,99906,2367,1191,66,24,19851,10057,0.2993613997157328,1229,606,17467,13779,11588,5560,17281,28838,39085,26066,0,0,23907,9211,11579,811,809,19,0,0,0,0,51433,819,1318,0,0,0,0,0
500,1789,501.4681981760575,99905,2271,1110,66,25,20279,10285,0.3059306341023973,1230,588,17294,13725,11898,5778,17239,28772,39311,26261,0,0,23299,9369,12071,846,863,22,0,0,0,0,51309,806,1320,0,0,0,0,0
501,1789,502.20425668350566,99905,2257,1104,66,25,20501,10395,0.3092537911015465,1203,579,17146,13583,12023,5841,17303,28866,39531,26453,0,0,22854,9396,12310,858,897,23,0,0,0,0,51453,797,1317,0,0,0,0,0
502,1789,503.68987496035055,99904,2207,1059,67,25,20963,10585,0.31578315182575273,1119,580,16992,13533,12349,5985,17264,28816,39746,26641,0,0,22317,9498,12758,905,949,26,0,0,0,0,51352,778,1321,0,0,0,0,0
503,1789,504.43837039269897,99904,2195,1052,67,25,21174,10694,0.3189862267777066,1095,574,16854,13391,12459,6041,17328,28915,39956,26826,0,0,21901,9513,12980,923,984,27,0,0,0,0,51484,767,1325,0,0,0,0,0
504,1789,505.1841867233747,99903,2157,1042,68,25,21383,10794,0.32208241994734893,1114,558,16698,13324,12586,6084,17375,28965,40160,27007,0,0,21494,9526,13212,939,1025,29,0,0,0,0,51596,758,1324,0,0,0,0,0
505,1789,506.6693040721401,99902,2145,1036,69,25,21793,11020,0.3284518828451883,1098,554,16570,13269,12793,6230,17323,28884,40359,27185,0,0,21024,9598,13614,978,1074,35,0,0,0,0,51511,741,1327,0,0,0,0,0
506,1789,507.4163430816305,99901,2141,1029,69,26,22017,11130,0.3317984804956907,1053,535,16436,13164,12907,6297,17392,28947,40553,27360,0,0,20640,9610,13850,993,1111,36,0,0,0,0,51604,728,1329,0,0,0,0,0
507,1789,508.1605365925902,99901,2128,1044,69,26,22212,11245,0.33490155253701165,1030,515,16324,13083,13003,6334,17444,28996,40743,27531,0,0,20289,9598,14081,1002,1147,37,0,0,0,0,51697,718,1332,0,0,0,0,0
508,1789,509.6421126511319,99900,2071,1015,69,27,22615,11441,0.3409009009009009,973,490,16229,13070,13269,6472,17387,28924,40928,27699,0,0,19808,9685,14485,1049,1198,38,0,0,0,0,51593,712,1332,0,0,0,0,0
509,1789,510.38714060153694,99899,2060,1011,69,28,22827,11536,0.34397741719136327,925,476,16143,12998,13360,6492,17441,28993,41108,27864,0,0,19486,9660,14730,1063,1235,40,0,0,0,0,51650,698,1337,0,0,0,0,0
510,1789,511.1305833517121,99898,2004,1000,70,28,23012,11632,0.3467937296041963,906,482,16042,12918,13472,6532,17504,29038,41284,28026,0,0,19143,9668,14975,1064,1276,45,0,0,0,0,51700,690,1337,0,0,0,0,0
511,1789,512.6119538004015,99897,1913,966,71,28,23330,11822,0.35188243891207943,882,454,15993,12916,13674,6672,17465,28962,41455,28184,0,0,18749,9699,15340,1112,1351,48,0,0,0,0,51594,671,1333,0,0,0,0,0
512,1789,513.3560061117901,99896,1872,963,72,28,23484,11906,0.35426843917674383,871,452,15934,12869,13727,6681,17522,29005,41622,28339,0,0,18457,9671,15578,1114,1383,50,0,0,0,0,51645,663,1335,0,0,0,0,0
513,1789,514.0985788688057,99895,1827,935,72,29,23654,11979,0.3567045397667551,863,462,15823,12804,13845,6713,17568,29055,41785,28491,0,0,18127,9670,15792,1137,1409,52,0,0,0,0,51713,655,1340,0,0,0,0,0
514,1789,515.5784158593531,99893,1777,903,73,30,23975,12151,0.3616469622496071,819,420,15758,12813,14036,6846,17535,28986,41944,28640,0,0,17749,9712,16156,1170,1458,54,0,0,0,0,51606,645,1343,0,0,0,0,0
515,1789,516.3221141509057,99893,1752,891,73,30,24146,12229,0.36413962940346173,767,414,15704,12769,14112,6875,17590,29019,42099,28786,0,0,17490,9667,16376,1178,1505,56,0,0,0,0,51640,638,1343,0,0,0,0,0
516,1789,517.0637984467097,99893,1731,881,73,30,24289,12307,0.36635199663640095,747,413,15642,12713,14164,6911,17641,29050,42250,28929,0,0,17222,9643,16581,1177,1536,59,0,0,0,0,51695,634,1346,0,0,0,0,0
517,1789,518.5421946281683,99891,1644,838,73,32,24579,12456,0.37075412199297236,697,390,15624,12729,14383,7025,17577,28984,42397,29070,0,0,16852,9691,16892,1217,1596,63,0,0,0,0,51608,623,1349,0,0,0,0,0
518,1789,519.2857344541559,99891,1629,820,73,32,24735,12526,0.3730165880810083,675,373,15602,12698,14419,7051,17600,29024,42540,29208,0,0,16614,9645,17108,1230,1627,65,0,0,0,0,51635,613,1354,0,0,0,0,0
519,1789,520.0281681340925,99889,1578,804,75,32,24869,12589,0.3749962458328745,670,379,15545,12656,14498,7076,17632,29051,42680,29343,0,0,16349,9629,17292,1246,1651,73,0,0,0,0,51690,604,1355,0,0,0,0,0
520,1789,521.5111630450943,99889,1515,796,75,32,25099,12740,0.37881047963239195,717,360,15545,12693,14595,7149,17551,28968,42816,29475,0,0,16065,9628,17596,1261,1702,78,0,0,0,0,51604,600,1355,0,0,0,0,0
521,1789,522.2571620637976,99887,1510,768,77,32,25244,12803,0.3809004174717431,700,351,15506,12665,14626,7181,17579,29001,42949,29604,0,0,15855,9586,17798,1261,1740,80,0,0,0,0,51617,589,1361,0,0,0,0,0
522,1789,523.0019474729089,99886,1483,748,78,32,25376,12881,0.38300662755541315,680,329,15451,12642,14667,7221,17639,29026,43078,29731,0,0,15627,9564,17989,1263,1777,83,0,0,0,0,51636,579,1368,0,0,0,0,0
523,1789,524.4878109099443,99885,1463,691,78,33,25651,12990,0.3868548831155829,640,335,15431,12710,14795,7298,17591,28931,43204,29855,0,0,15356,9559,18280,1302,1825,87,0,0,0,0,51541,566,1369,0,0,0,0,0
524,1789,525.234106530822,99885,1447,684,78,33,25785,13053,0.3888271512239075,613,335,15412,12711,14839,7304,17609,28931,43327,29977,0,0,15150,9517,18442,1309,1868,89,0,0,0,0,51580,563,1367,0,0,0,0,0
525,1789,526.7231035795369,99883,1345,667,80,33,25996,13170,0.3921187789713965,594,321,15412,12764,14991,7365,17576,28848,43447,30096,0,0,14868,9541,18684,1337,1921,97,0,0,0,0,51513,552,1370,0,0,0,0,0
526,1789,527.4711244213305,99883,1316,671,80,33,26109,13240,0.39395092257941794,567,289,15394,12740,15023,7385,17618,28880,43564,30213,0,0,14674,9493,18850,1352,1950,100,0,0,0,0,51548,546,1370,0,0,0,0,0
527,1789,528.2179781202008,99881,1276,641,81,34,26206,13283,0.3953604789699743,559,297,15374,12727,15056,7408,17652,28891,43678,30327,0,0,14480,9452,19017,1362,1979,102,0,0,0,0,51575,543,1371,0,0,0,0,0
528,1789,529.708321968049,99881,1194,601,81,34,26399,13389,0.3983540413091579,539,291,15391,12824,15180,7467,17613,28781,43789,30439,0,0,14233,9459,19280,1379,2032,105,0,0,0,0,51485,535,1373,0,0,0,0,0
529,1789,530.4569305408129,99881,1181,601,81,34,26498,13445,0.399905888006728,524,281,15387,12823,15182,7473,17643,28786,43897,30549,0,0,14056,9420,19425,1382,2059,107,0,0,0,0,51529,529,1374,0,0,0,0,0
530,1789,531.2043538902931,99881,1141,582,81,34,26612,13494,0.4015378300177211,499,257,15393,12816,15223,7500,17661,28809,44002,30656,0,0,13871,9392,19574,1391,2099,110,0,0,0,0,51547,521,1376,0,0,0,0,0
531,1789,532.6971515182662,99880,1082,563,82,34,26793,13598,0.40439527432919503,481,241,15443,12885,15296,7545,17614,28730,44104,30761,0,0,13660,9384,19792,1415,2150,112,0,0,0,0,51475,507,1385,0,0,0,0,0
532,1789,533.4470220847944,99879,1058,563,83,34,26881,13659,0.4058911282652009,462,226,15437,12904,15308,7558,17650,28713,44204,30864,0,0,13490,9346,19919,1422,2177,117,0,0,0,0,51517,503,1388,0,0,0,0,0
533,1789,534.1961777855397,99878,1036,549,84,34,26967,13704,0.4072067922865896,455,217,15429,12905,15327,7579,17667,28714,44301,30965,0,0,13322,9321,20050,1427,2202,118,0,0,0,0,51550,493,1395,0,0,0,0,0
534,1789,535.6918517603748,99876,989,509,84,36,27132,13786,0.409688013136289,426,211,15495,12982,15376,7631,17628,28629,44396,31064,0,0,13131,9299,20255,1448,2256,119,0,0,0,0,51489,486,1393,0,0,0,0,0
535,1789,536.4430504339905,99876,965,479,84,36,27216,13824,0.41090952781448997,415,209,15485,12997,15398,7642,17651,28635,44488,31160,0,0,12973,9266,20393,1454,2285,121,0,0,0,0,51509,484,1391,0,0,0,0,0
536,1789,537.1931721825779,99876,927,470,84,36,27281,13864,0.4119608314309744,416,200,15482,13008,15421,7643,17668,28641,44578,31254,0,0,12825,9225,20526,1458,2305,125,0,0,0,0,51539,483,1390,0,0,0,0,0
537,1789,538.6920085706892,99875,892,444,85,36,27441,13945,0.414377972465582,386,189,15532,13113,15486,7682,17617,28534,44666,31346,0,0,12648,9213,20688,1468,2367,128,0,0,0,0,51493,481,1389,0,0,0,0,0
538,1789,539.4444927765512,99875,873,431,85,36,27506,13982,0.41539924906132664,390,184,15520,13128,15487,7697,17643,28522,44751,31436,0,0,12512,9179,20810,1465,2393,129,0,0,0,0,51521,478,1388,0,0,0,0,0
539,1789,540.1966018582943,99875,861,421,85,36,27588,14024,0.41664080100125156,368,168,15516,13163,15491,7699,17677,28511,44834,31525,0,0,12375,9147,20928,1466,2417,133,0,0,0,0,51544,475,1390,0,0,0,0,0
540,1789,541.6979592214702,99873,819,384,86,37,27720,14083,0.4185615731979614,358,168,15596,13266,15529,7726,17610,28417,44915,31612,0,0,12206,9139,21082,1472,2466,137,0,0,0,0,51512,471,1388,0,0,0,0,0
541,1789,542.4516175640209,99873,797,378,86,37,27792,14106,0.41951278123216484,329,176,15615,13287,15537,7722,17634,28398,44994,31697,0,0,12081,9104,21194,1469,2491,138,0,0,0,0,51539,469,1388,0,0,0,0,0
542,1789,543.2052088835062,99873,758,370,86,37,27849,14143,0.42045397655021877,319,159,15625,13307,15558,7726,17652,28399,45071,31780,0,0,11954,9079,21287,1468,2529,139,0,0,0,0,51564,462,1391,0,0,0,0,0
543,1789,544.7109187744171,99873,704,353,86,37,27963,14198,0.42214612557948594,310,163,15685,13414,15604,7735,17609,28296,45146,31861,0,0,11804,9067,21418,1476,2576,143,0,0,0,0,51540,457,1392,0,0,0,0,0
544,1789,545.4667953957246,99873,684,360,86,37,28027,14239,0.4231974607751845,279,137,15730,13451,15603,7733,17616,28280,45219,31941,0,0,11682,9040,21519,1475,2595,146,0,0,0,0,51570,453,1393,0,0,0,0,0
545,1789,546.2219600520906,99873,673,362,86,37,28074,14273,0.4240084907832948,272,123,15743,13471,15586,7723,17638,28282,45291,32019,0,0,11576,8999,21607,1474,2616,147,0,0,0,0,51610,449,1395,0,0,0,0,0
546,1789,547.7319014100498,99871,642,341,88,37,28189,14325,0.42568913898929617,241,118,15820,13574,15608,7746,17599,28182,45361,32095,0,0,11436,8986,21734,1480,2657,150,0,0,0,0,51588,445,1395,0,0,0,0,0
547,1789,548.489020296733,99871,614,344,88,37,28226,14360,0.4264100689889958,243,108,15857,13612,15582,7744,17614,28153,45429,32170,0,0,11331,8951,21803,1476,2686,154,0,0,0,0,51631,444,1395,0,0,0,0,0
548,1789,549.2458919599454,99871,600,327,88,37,28279,14381,0.4271510248220204,232,112,15883,13673,15565,7732,17630,28117,45495,32243,0,0,11246,8900,21899,1473,2716,156,0,0,0,0,51642,444,1395,0,0,0,0,0
549,1789,550.0023682534923,99871,566,315,88,37,28308,14398,0.42761161898849515,238,124,15901,13704,15547,7723,17658,28095,45560,32315,0,0,11149,8861,21982,1476,2732,160,0,0,0,0,51675,439,1397,0,0,0,0,0
550,1789,551.5135404807113,99871,538,290,88,37,28388,14440,0.4288331948213195,226,119,15996,13831,15532,7732,17618,27989,45623,32385,0,0,11023,8847,22092,1483,2760,164,0,0,0,0,51670,438,1394,0,0,0,0,0
551,1789,552.2711688197845,99870,531,282,88,38,28441,14460,0.4295684389706619,211,120,16026,13860,15507,7717,17635,27981,45684,32454,0,0,10939,8805,22186,1479,2778,166,0,0,0,0,51686,436,1395,0,0,0,0,0
552,1789,553.0284614929775,99870,509,287,88,38,28479,14484,0.4301892460198258,208,117,16054,13916,15488,7676,17651,27964,45744,32521,0,0,10858,8756,22276,1480,2792,168,0,0,0,0,51709,436,1395,0,0,0,0,0
553,1789,554.541509953512,99870,488,277,88,38,28559,14531,0.4314608991689196,196,100,16158,14053,15454,7675,17614,27855,45802,32587,0,0,10762,8726,22388,1487,2821,170,0,0,0,0,51688,430,1398,0,0,0,0,0
554,1789,555.3001231892965,99870,480,275,88,38,28596,14553,0.4320516671673175,183,95,16205,14084,15420,7667,17622,27839,45859,32651,0,0,10687,8681,22459,1489,2839,171,0,0,0,0,51717,426,1401,0,0,0,0,0
555,1789,556.0583727202551,99869,459,267,88,39,28630,14572,0.43258668856201626,181,97,16237,14106,15407,7659,17626,27830,45915,32714,0,0,10592,8656,22524,1492,2854,172,0,0,0,0,51753,422,1404,0,0,0,0,0
556,1789,557.5746261553178,99869,432,254,88,39,28700,14611,0.43367811833501885,171,93,16359,14213,15389,7663,17559,27736,45969,32776,0,0,10502,8619,22647,1503,2869,177,0,0,0,0,51731,421,1400,0,0,0,0,0
557,1789,558.3363167858447,99869,424,249,88,39,28739,14630,0.4342588791316625,156,87,16379,14259,15369,7651,17582,27713,46022,32836,0,0,10428,8583,22719,1501,2889,178,0,0,0,0,51754,420,1397,0,0,0,0,0
558,1789,559.0977426839845,99868,422,238,89,39,28775,14640,0.4347238354628109,148,93,16442,14303,15325,7631,17572,27694,46074,32895,0,0,10368,8542,22787,1495,2909,179,0,0,0,0,51772,415,1401,0,0,0,0,0
559,1789,560.6195935796309,99868,383,231,89,39,28839,14678,0.435745183642408,147,84,16562,14395,15306,7624,17511,27625,46124,32953,0,0,10280,8523,22877,1502,2939,181,0,0,0,0,51753,407,1406,0,0,0,0,0
560,1789,561.3835874381393,99868,367,225,89,39,28864,14698,0.4361957784275243,147,69,16608,14432,15279,7623,17508,27610,46173,33010,0,0,10204,8500,22934,1496,2962,181,0,0,0,0,51779,406,1406,0,0,0,0,0
561,1789,562.1478375661817,99868,354,209,89,39,28893,14714,0.43664637321264066,146,67,16657,14478,15244,7610,17508,27595,46221,33065,0,0,10130,8469,22986,1497,2987,181,0,0,0,0,51807,405,1406,0,0,0,0,0
562,1789,563.6772410574782,99868,333,191,89,39,28952,14745,0.4375475627828734,130,69,16784,14603,15217,7602,17445,27494,46268,33119,0,0,10058,8440,23096,1499,3006,183,0,0,0,0,51775,403,1408,0,0,0,0,0
563,1789,564.4445805694493,99868,310,180,89,39,28973,14755,0.4378579725237313,133,72,16829,14650,15191,7585,17446,27472,46314,33172,0,0,9985,8417,23145,1497,3028,183,0,0,0,0,51803,402,1408,0,0,0,0,0
564,1789,565.2125237031711,99868,293,183,89,39,28989,14768,0.4381483558296952,146,66,16863,14713,15159,7564,17448,27433,46359,33224,0,0,9913,8392,23190,1498,3038,184,0,0,0,0,51845,402,1406,0,0,0,0,0
565,1789,566.7487147947504,99868,289,159,89,39,29038,14786,0.4388192413986462,138,74,16948,14844,15118,7549,17416,27333,46403,33275,0,0,9850,8359,23267,1504,3055,187,0,0,0,0,51841,398,1407,0,0,0,0,0
566,1789,567.51864980372,99868,285,153,89,39,29060,14797,0.4391496775743982,136,75,16997,14896,15068,7533,17423,27302,46445,33325,0,0,9802,8321,23332,1501,3064,189,0,0,0,0,51855,396,1408,0,0,0,0,0
567,1789,568.2883116196235,99867,262,150,90,39,29080,14810,0.43948451440415753,133,70,17059,14939,15040,7525,17414,27275,46486,33374,0,0,9747,8291,23391,1501,3074,192,0,0,0,0,51868,390,1413,0,0,0,0,0
568,1789,569.0577363629873,99867,257,145,90,39,29099,14822,0.4397949272532468,137,67,17102,15004,15007,7508,17405,27235,46526,33422,0,0,9690,8270,23429,1496,3087,195,0,0,0,0,51898,385,1417,0,0,0,0,0
569,1789,570.5983147371886,99867,264,140,90,39,29157,14851,0.44066608589423933,114,55,17212,15158,14959,7503,17359,27103,46566,33469,0,0,9627,8252,23490,1489,3113,196,0,0,0,0,51899,384,1417,0,0,0,0,0
570,1789,571.3707128053585,99867,262,139,90,39,29181,14863,0.44102656533189144,112,50,17262,15226,14918,7480,17354,27064,46605,33515,0,0,9573,8230,23529,1484,3129,196,0,0,0,0,51925,380,1421,0,0,0,0,0
571,1789,572.1434482338013,99867,252,137,90,39,29193,14872,0.4412368450038551,119,50,17301,15271,14881,7466,17355,27035,46643,33560,0,0,9524,8199,23579,1483,3138,196,0,0,0,0,51949,378,1421,0,0,0,0,0
572,1789,573.6894671326384,99867,262,140,90,39,29242,14900,0.44200787046772205,101,40,17406,15425,14833,7442,17306,26912,46680,33604,0,0,9460,8181,23629,1485,3151,196,0,0,0,0,51968,373,1424,0,0,0,0,0
573,1789,574.4617521264594,99867,257,130,90,39,29260,14910,0.44228824336367367,96,36,17468,15495,14789,7435,17298,26863,46716,33647,0,0,9414,8148,23684,1484,3160,197,0,0,0,0,51984,371,1425,0,0,0,0,0
574,1789,575.2325669223023,99867,236,127,90,39,29274,14919,0.4425185496710625,108,35,17537,15560,14760,7421,17267,26816,46751,33689,0,0,9355,8133,23729,1481,3168,199,0,0,0,0,52006,370,1426,0,0,0,0,0
575,1789,576.0007865385487,99866,239,121,91,39,29297,14927,0.44283339675164723,100,33,17587,15624,14716,7405,17265,26776,46785,33730,0,0,9304,8108,23776,1481,3172,200,0,0,0,0,52030,369,1426,0,0,0,0,0
576,1789,577.5292682261244,99866,210,109,91,39,29324,14936,0.44319387979893055,99,35,17690,15763,14693,7380,17215,26672,46818,33771,0,0,9256,8078,23844,1485,3185,202,0,0,0,0,52023,368,1425,0,0,0,0,0
577,1789,578.2898144980279,99866,209,103,91,39,29348,14944,0.4435143091742936,86,34,17757,15822,14652,7367,17203,26633,46851,33811,0,0,9210,8052,23889,1485,3194,203,0,0,0,0,52041,367,1425,0,0,0,0,0
578,1789,579.0488525783572,99866,208,96,91,39,29360,14950,0.44369455069793523,87,36,17804,15865,14612,7358,17196,26604,46883,33850,0,0,9164,8027,23924,1486,3201,203,0,0,0,0,52069,366,1426,0,0,0,0,0
579,1789,580.5595021269444,99866,200,90,91,39,29393,14962,0.44414515450703945,78,39,17957,16000,14558,7343,17114,26487,46914,33888,0,0,9115,8007,23977,1488,3211,204,0,0,0,0,52073,364,1427,0,0,0,0,0
580,1789,581.3100630096111,99866,197,86,91,39,29406,14973,0.4443854765385617,80,36,17998,16052,14524,7338,17108,26447,46944,33925,0,0,9075,7987,24010,1482,3225,205,0,0,0,0,52092,363,1427,0,0,0,0,0
581,1789,582.0581198792122,99866,196,74,91,39,29423,14976,0.44458574489816355,72,38,18036,16120,14486,7326,17117,26401,46974,33962,0,0,9028,7969,24041,1480,3238,205,0,0,0,0,52117,363,1425,0,0,0,0,0
582,1789,583.5494387456531,99865,197,78,91,40,29454,15000,0.4451409402693636,62,27,18165,16269,14412,7297,17071,26287,47003,33998,0,0,8986,7951,24087,1474,3250,207,0,0,0,0,52122,362,1426,0,0,0,0,0
583,1789,584.2918494030187,99865,190,77,91,40,29469,15007,0.44536123767085567,60,27,18210,16336,14391,7271,17056,26247,47031,34033,0,0,8947,7926,24111,1474,3265,207,0,0,0,0,52147,362,1426,0,0,0,0,0
584,1789,585.0315668633272,99865,186,69,91,40,29479,15011,0.4455014269263506,66,28,18247,16398,14359,7258,17049,26205,47059,34067,0,0,8910,7903,24146,1476,3269,208,0,0,0,0,52165,359,1429,0,0,0,0,0
585,1789,586.5060176990281,99865,169,59,91,40,29499,15018,0.4457717919190908,70,30,18352,16524,14318,7234,16998,26111,47086,34101,0,0,8861,7892,24188,1476,3281,209,0,0,0,0,52174,358,1426,0,0,0,0,0
586,1789,587.2400863038853,99864,161,59,92,40,29509,15024,0.4459364736041016,69,28,18394,16601,14292,7217,16990,26053,47113,34134,0,0,8829,7869,24220,1471,3292,210,0,0,0,0,52189,358,1426,0,0,0,0,0
587,1789,588.7033109645572,99864,144,51,92,40,29527,15030,0.44617680044861013,69,27,18500,16741,14247,7188,16946,25951,47139,34166,0,0,8794,7844,24263,1472,3305,211,0,0,0,0,52192,358,1425,0,0,0,0,0
588,1789,589.4317852303745,99864,147,51,92,40,29544,15032,0.4463670592005127,62,30,18549,16790,14209,7168,16939,25919,47164,34198,0,0,8759,7825,24286,1470,3313,211,0,0,0,0,52217,357,1426,0,0,0,0,0
589,1789,590.1585812211766,99864,134,51,92,40,29554,15035,0.4464972362412882,64,35,18590,16838,14184,7151,16934,25883,47189,34229,0,0,8716,7809,24308,1475,3316,213,0,0,0,0,52244,357,1426,0,0,0,0,0
590,1789,591.606836466875,99864,137,50,92,40,29581,15043,0.44684771288952974,58,37,18715,16970,14118,7131,16878,25770,47213,34260,0,0,8677,7797,24341,1474,3321,215,0,0,0,0,52257,355,1427,0,0,0,0,0
591,1789,592.3276041181773,99864,125,44,92,40,29586,15050,0.44696787631178403,58,31,18765,17031,14096,7117,16862,25735,47237,34290,0,0,8645,7779,24374,1472,3330,216,0,0,0,0,52267,354,1427,0,0,0,0,0
592,1789,593.0461483100732,99864,120,48,92,40,29598,15055,0.44713810782664426,50,32,18827,17099,14062,7094,16847,25685,47260,34319,0,0,8615,7757,24403,1474,3334,216,0,0,0,0,52285,352,1428,0,0,0,0,0
593,1789,594.4774064767776,99864,113,46,92,40,29618,15065,0.4474385163822799,42,32,18962,17236,14006,7063,16783,25581,47283,34348,0,0,8580,7737,24440,1477,3339,218,0,0,0,0,52294,351,1428,0,0,0,0,0
594,1789,595.1892199249719,99864,115,47,92,40,29628,15069,0.44757870704157654,41,30,18995,17279,13975,7047,16780,25555,47305,34376,0,0,8545,7721,24461,1479,3340,218,0,0,0,0,52321,350,1429,0,0,0,0,0
595,1789,596.6070140568958,99864,98,49,92,40,29639,15081,0.44780902026756386,38,26,19126,17411,13916,7011,16728,25461,47327,34404,0,0,8505,7711,24496,1479,3344,220,0,0,0,0,52331,350,1428,0,0,0,0,0
596,1789,597.3124855627262,99864,92,53,92,40,29641,15086,0.4478791155972122,44,24,19173,17459,13881,6993,16716,25429,47348,34431,0,0,8483,7690,24520,1474,3352,220,0,0,0,0,52347,350,1428,0,0,0,0,0
597,1789,598.0160682440204,99864,79,50,92,40,29643,15091,0.4479492109268605,44,21,19240,17510,13839,6979,16704,25398,47369,34458,0,0,8453,7674,24549,1472,3359,220,0,0,0,0,52359,350,1428,0,0,0,0,0
598,1789,599.4174482964346,99864,84,46,92,40,29659,15097,0.4481695105343267,36,22,19356,17647,13767,6948,16663,25295,47389,34484,0,0,8423,7663,24571,1467,3368,220,0,0,0,0,52374,348,1430,0,0,0,0,0
599,1789,600.1145952869184,99864,77,45,92,40,29662,15100,0.44822959224545383,40,23,19401,17712,13738,6929,16650,25249,47409,34510,0,0,8406,7642,24604,1461,3376,220,0,0,0,0,52379,346,1430,0,0,0,0,0
600,1789,601.5037322723557,99864,75,40,92,40,29678,15102,0.4484098373788352,33,26,19526,17860,13678,6897,16594,25135,47428,34535,0,0,8381,7626,24635,1459,3383,220,0,0,0,0,52384,345,1431,0,0,0,0,0
601,1789,602.1952350955477,99864,75,41,92,40,29682,15107,0.44849995994552594,31,23,19575,17923,13639,6881,16586,25090,47447,34560,0,0,8357,7607,24658,1459,3385,220,0,0,0,0,52402,344,1432,0,0,0,0,0
602,1789,603.572332451532,99864,74,41,92,40,29688,15112,0.44861010974925897,29,21,19654,17991,13591,6862,16558,25043,47466,34584,0,0,8336,7582,24685,1463,3386,220,0,0,0,0,52416,343,1433,0,0,0,0,0
603,1789,604.4015077775109,99864,73,40,92,40,29693,15117,0.4487102459344709,26,18,19716,18068,13559,6852,16532,24980,47484,34608,0,0,8315,7563,24711,1463,3389,220,0,0,0,0,52428,341,1434,0,0,0,0,0
604,1789,605.1912812102116,99864,77,38,92,40,29700,15121,0.448820395738204,27,18,19794,18140,13510,6829,16498,24933,47502,34631,0,0,8290,7548,24732,1462,3390,221,0,0,0,0,52446,341,1434,0,0,0,0,0
605,1789,606.6471297133095,99864,75,32,92,40,29714,15129,0.4490406953456701,22,11,19938,18304,13442,6799,16429,24812,47519,34654,0,0,8262,7541,24754,1457,3402,221,0,0,0,0,52452,340,1435,0,0,0,0,0
606,1789,607.0011924368437,99864,75,33,92,40,29714,15130,0.4490507089641913,22,10,19935,18301,13429,6792,16445,24822,47536,34676,0,0,8243,7525,24770,1454,3405,221,0,0,0,0,52471,339,1436,0,0,0,0,0
607,1789,608.068838681636,99864,62,26,92,40,29720,15134,0.4491508451494032,22,10,20078,18443,13358,6760,16386,24719,47553,34698,0,0,8218,7512,24801,1454,3410,222,0,0,0,0,52472,339,1436,0,0,0,0,0
608,1789,609.3244179545352,99864,58,14,92,40,29727,15135,0.4492309540975727,24,13,20166,18586,13306,6741,16352,24604,47569,34720,0,0,8202,7494,24825,1449,3424,222,0,0,0,0,52474,339,1435,0,0,0,0,0
609,1789,610.0355623338571,99864,58,14,92,40,29727,15136,0.4492409677160939,24,12,20163,18581,13293,6738,16368,24613,47585,34741,0,0,8181,7481,24839,1447,3426,222,0,0,0,0,52494,338,1436,0,0,0,0,0
610,1789,611.051190479452,99864,60,12,92,40,29738,15137,0.44936113113834814,19,14,20241,18681,13249,6717,16337,24534,47601,34762,0,0,8161,7464,24862,1447,3426,224,0,0,0,0,52506,338,1436,0,0,0,0,0
611,1789,612.1576391441243,99864,55,16,92,40,29744,15142,0.4494712809420812,14,9,20353,18774,13186,6701,16298,24458,47616,34782,0,0,8143,7447,24881,1447,3431,224,0,0,0,0,52517,338,1436,0,0,0,0,0
612,1789,613.1244942313912,99864,47,16,92,40,29747,15144,0.44952134903468716,15,9,20428,18852,13150,6673,16266,24408,47631,34802,0,0,8126,7428,24906,1447,3434,224,0,0,0,0,52525,338,1436,0,0,0,0,0
613,1789,614.1107970819323,99864,48,17,92,40,29751,15147,0.4495914443643355,12,9,20517,18952,13099,6639,16230,24341,47646,34822,0,0,8109,7412,24923,1445,3438,224,0,0,0,0,52539,338,1436,0,0,0,0,0
614,1789,615.407174432059,99864,46,18,92,40,29757,15151,0.4496915805495474,7,7,20633,19076,13045,6611,16175,24246,47660,34841,0,0,8093,7396,24944,1445,3440,225,0,0,0,0,52547,338,1436,0,0,0,0,0
615,1789,616.2243518674551,99864,40,15,92,40,29758,15152,0.44971160778658975,8,7,20707,19166,13004,6587,16147,24183,47674,34860,0,0,8073,7384,24963,1445,3442,225,0,0,0,0,52558,337,1437,0,0,0,0,0
616,1789,617.0653667137321,99864,39,12,92,40,29759,15152,0.44972162140511096,7,8,20765,19240,12963,6574,16132,24124,47688,34879,0,0,8056,7374,24976,1442,3445,226,0,0,0,0,52571,335,1439,0,0,0,0,0
617,1789,618.1615603414963,99864,39,13,92,40,29761,15156,0.4497817031162381,6,6,20859,19353,12919,6555,16083,24031,47702,34897,0,0,8035,7366,24988,1440,3446,227,0,0,0,0,52588,334,1440,0,0,0,0,0
618,1789,619.0864318382344,99864,37,12,92,40,29761,15156,0.4497817031162381,8,6,20914,19412,12884,6536,16063,23992,47715,34915,0,0,8017,7353,25002,1440,3447,227,0,0,0,0,52604,334,1440,0,0,0,0,0
619,1789,620.3417162146608,99864,26,12,92,40,29761,15157,0.44979171673475926,12,8,21042,19532,12831,6503,15995,23903,47728,34933,0,0,7998,7344,25016,1439,3452,227,0,0,0,0,52615,332,1441,0,0,0,0,0
620,1789,621.3501069349031,99864,26,10,92,40,29764,15157,0.44982175759032283,10,10,21104,19624,12798,6479,15968,23835,47741,34950,0,0,7982,7332,25031,1438,3453,228,0,0,0,0,52627,332,1441,0,0,0,0,0
621,1789,622.099739316035,99864,24,11,92,40,29767,15160,0.44988183930145,8,8,21160,19679,12763,6467,15951,23793,47754,34967,0,0,7962,7325,25043,1435,3457,228,0,0,0,0,52641,332,1441,0,0,0,0,0
622,1789,623.2093645664963,99864,24,12,92,40,29770,15162,0.4499319073940559,11,6,21246,19752,12716,6446,15909,23742,47766,34984,0,0,7939,7321,25051,1433,3459,228,0,0,0,0,52660,332,1441,0,0,0,0,0
623,1789,624.1603063223185,99863,21,15,93,40,29772,15166,0.44999649519842183,11,2,21357,19858,12665,6424,15851,23659,47778,35000,0,0,7923,7310,25061,1431,3463,228,0,0,0,0,52674,332,1441,0,0,0,0,0
624,1789,625.1391918795221,99863,22,15,93,40,29774,15167,0.4500265363548061,11,1,21401,19929,12632,6408,15839,23605,47790,35016,0,0,7903,7303,25068,1430,3465,228,0,0,0,0,52693,332,1441,0,0,0,0,0
625,1789,626.419883552006,99863,23,14,93,40,29776,15167,0.4500465637923956,12,1,21539,20046,12566,6378,15765,23519,47802,35032,0,0,7888,7293,25078,1428,3467,229,0,0,0,0,52707,332,1441,0,0,0,0,0
626,1789,627.1306780861793,99863,25,13,93,40,29779,15167,0.4500766049487798,9,2,21578,20103,12537,6359,15756,23481,47813,35047,0,0,7871,7284,25089,1428,3467,229,0,0,0,0,52722,332,1441,0,0,0,0,0
627,1789,628.0355580756502,99863,20,14,93,40,29782,15169,0.4501266735427536,10,3,21713,20247,12467,6325,15695,23369,47824,35062,0,0,7856,7274,25103,1427,3469,230,0,0,0,0,52731,332,1441,0,0,0,0,0
628,1789,629.0252268950427,99863,19,12,93,40,29782,15169,0.4501266735427536,10,3,21762,20277,12436,6320,15678,23346,47835,35077,0,0,7842,7263,25117,1427,3469,230,0,0,0,0,52742,331,1442,0,0,0,0,0
629,1789,630.1222139003943,99863,18,13,93,40,29784,15171,0.4501667284179326,34,26,21839,20372,12386,6293,15628,23254,47846,35092,0,0,7825,7255,25126,1425,3472,230,1,0,0,0,52756,331,1442,0,0,0,0,0
630,1789,631.0672997637738,99863,21,16,93,40,29789,15177,0.4502768793246748,39,24,21929,20466,12334,6272,15582,23180,47856,35106,0,0,7813,7245,25135,1423,3475,230,1,0,0,4,52764,331,1442,0,0,0,0,0
631,1789,632.0794965187231,99863,27,21,93,40,29796,15182,0.4503970439502118,39,21,22027,20576,12269,6245,15543,23095,47866,35120,0,0,7802,7232,25148,1422,3476,230,2,0,0,4,52774,331,1442,0,0,0,0,0
632,1789,633.0874171392322,99863,35,25,93,40,29808,15188,0.4505772908885173,33,19,22104,20675,12235,6216,15498,23023,47876,35134,0,0,7790,7221,25157,1420,3479,231,2,0,0,6,52784,331,1442,0,0,0,0,0
633,1789,634.0956171511201,99863,37,26,93,40,29815,15191,0.45067742807646477,34,19,22156,20729,12203,6199,15475,22985,47886,35148,0,0,7778,7211,25165,1417,3484,231,3,0,0,10,52791,331,1442,0,0,0,0,0
634,1789,635.1412175306698,99863,45,22,93,40,29829,15193,0.45083764757718076,38,23,22251,20849,12153,6181,15418,22883,47896,35161,0,0,7764,7204,25171,1414,3487,232,4,0,0,19,52795,331,1442,0,0,0,0,0
635,1789,636.1385347607361,99863,46,27,93,40,29837,15199,0.45097783964030724,40,19,22312,20899,12118,6164,15389,22849,47906,35174,0,0,7752,7194,25180,1411,3491,232,6,0,0,24,52800,331,1442,0,0,0,0,0
636,1789,637.1480434620638,99863,54,33,93,40,29854,15208,0.45123819632897066,39,27,22429,21003,12069,6134,15314,22761,47915,35187,0,0,7734,7188,25182,1410,3495,233,9,0,0,28,52811,331,1442,0,0,0,0,0
637,1789,638.1372408423498,99863,51,36,93,40,29859,15215,0.45135836095450765,44,27,22498,21081,12031,6117,15281,22697,47924,35200,0,0,7720,7181,25186,1409,3498,234,10,0,0,36,52816,331,1442,0,0,0,0,0
638,1789,639.1233378421479,99863,61,34,93,40,29877,15217,0.45155863533040264,42,29,22572,21155,11992,6108,15238,22632,47933,35212,0,0,7709,7173,25189,1408,3504,235,10,0,0,42,52821,331,1441,0,0,0,0,0
639,1789,640.1062154272872,99863,60,32,93,40,29884,15221,0.4516687862371449,60,32,22646,21247,11949,6092,15190,22555,47942,35224,0,0,7700,7160,25196,1406,3512,235,13,0,0,47,52822,331,1441,0,0,0,0,0
640,1789,641.0854630568583,99863,68,39,93,40,29901,15231,0.4519391566446031,59,32,22722,21338,11912,6071,15144,22478,47951,35236,0,0,7687,7151,25202,1406,3515,235,15,0,0,54,52826,330,1442,0,0,0,0,0
641,1789,642.0613358254925,99863,66,37,93,40,29912,15236,0.4520993761453191,70,32,22810,21417,11873,6056,15086,22416,47959,35248,0,0,7675,7141,25208,1407,3518,235,16,0,0,69,52822,330,1442,0,0,0,0,0
642,1789,643.0335964119234,99863,65,42,93,40,29926,15247,0.4523497191151878,67,30,22889,21488,11837,6039,15047,22359,47967,35260,0,0,7658,7131,25211,1409,3523,235,21,0,0,78,52825,330,1442,0,0,0,0,0
643,1789,644.0023406978908,99863,66,43,93,40,29938,15255,0.45254999349108277,70,30,22954,21565,11807,6027,15008,22293,47975,35271,0,0,7643,7125,25207,1411,3530,236,21,0,0,85,52833,330,1442,0,0,0,0,0
644,1789,645.2893403786614,99863,76,42,93,40,29961,15264,0.45287043249251474,72,28,23060,21677,11752,6011,14945,22200,47983,35282,0,0,7626,7117,25210,1412,3533,237,27,0,0,97,52832,330,1442,0,0,0,0,0
645,1789,646.2508423517825,99863,82,48,93,40,29978,15275,0.4531508166187677,68,28,23123,21746,11728,5991,14904,22145,47991,35293,0,0,7612,7112,25207,1412,3541,237,27,0,0,105,52838,330,1442,0,0,0,0,0
646,1789,647.2096207556654,99863,92,51,93,40,30001,15283,0.4534612419014049,69,29,23186,21832,11694,5973,14864,22073,47999,35304,0,0,7599,7103,25209,1414,3546,237,28,0,0,115,52840,330,1442,0,0,0,0,0
647,1789,648.1657450642518,99863,94,50,93,40,30019,15287,0.4536815437148894,73,36,23233,21917,11673,5954,14832,22001,48007,35315,0,0,7583,7099,25204,1414,3553,239,30,0,0,123,52846,329,1443,0,0,0,0,0
648,1789,649.1195572255723,99863,97,44,93,40,30033,15297,0.45392187296596337,85,30,23298,21989,11636,5953,14789,21942,48014,35326,0,0,7573,7089,25209,1416,3554,241,31,0,0,142,52836,328,1444,0,0,0,0,0
649,1789,650.0707058039485,99863,108,44,93,40,30055,15304,0.45421227081101107,89,34,23379,22080,11586,5933,14743,21867,48021,35336,0,0,7567,7076,25214,1417,3561,241,32,0,0,151,52832,328,1444,0,0,0,0,0
650,1789,651.0184878133177,99863,117,48,93,40,30076,15313,0.45451268237485354,82,42,23443,22165,11553,5920,14710,21783,48028,35346,0,0,7557,7066,25220,1417,3566,241,35,0,0,160,52830,328,1443,0,0,0,0,0
651,1789,652.2780728439045,99863,133,56,93,40,30108,15324,0.4549432722830277,91,41,23528,22274,11513,5889,14640,21698,48035,35356,0,0,7545,7058,25217,1420,3575,241,35,0,0,167,52835,328,1442,0,0,0,0,0
652,1789,653.2194492108632,99863,134,54,93,40,30129,15335,0.4552637112844597,87,44,23595,22330,11494,5885,14595,21645,48042,35366,0,0,7533,7051,25216,1419,3584,241,37,0,0,189,52823,328,1442,0,0,0,0,0
653,1789,654.1583788031513,99863,130,50,93,40,30150,15343,0.45555410912950745,96,55,23642,22411,11474,5868,14563,21574,48049,35376,0,0,7519,7043,25213,1419,3596,242,43,0,0,207,52813,328,1440,0,0,0,0,0
654,1789,655.0952501919534,99863,140,46,93,40,30175,15351,0.45588456184973414,97,57,23696,22487,11446,5858,14526,21510,48056,35386,0,0,7509,7033,25216,1418,3604,242,46,0,0,223,52804,328,1440,0,0,0,0,0
655,1789,656.0299190462738,99863,155,45,93,40,30203,15359,0.4562450557263451,90,59,23740,22560,11419,5851,14501,21443,48063,35395,0,0,7497,7024,25221,1420,3606,243,49,0,0,235,52801,327,1440,0,0,0,0,0
656,1789,657.2724788892787,99863,152,51,93,40,30231,15374,0.4566756456345193,100,66,23831,22659,11391,5831,14431,21351,48069,35404,0,0,7488,7016,25217,1417,3617,247,54,0,0,253,52787,326,1441,0,0,0,0,0
657,1789,658.2013112964348,99863,160,58,93,40,30254,15392,0.457086208105104,108,67,23893,22731,11359,5822,14385,21280,48075,35413,0,0,7475,7012,25211,1418,3626,247,55,0,0,268,52784,326,1441,0,0,0,0,0
658,1789,659.1277001994051,99863,164,61,93,40,30279,15404,0.4574567157005097,107,78,23947,22801,11349,5813,14338,21205,48081,35422,0,0,7463,7003,25210,1422,3631,248,57,0,0,285,52777,326,1441,0,0,0,0,0
659,1789,660.0518624595138,99863,165,68,93,40,30303,15422,0.4578772918898891,117,77,23995,22861,11335,5804,14293,21148,48087,35431,0,0,7454,6996,25208,1416,3646,248,61,0,0,303,52764,326,1441,0,0,0,0,0
660,1789,661.2806909277089,99863,177,83,93,40,30348,15454,0.4586483482370848,114,70,24083,22958,11308,5794,14223,21053,48093,35440,0,0,7443,6986,25206,1419,3654,249,63,0,0,337,52739,326,1441,0,0,0,0,0
661,1789,662.1993637654542,99863,182,84,93,40,30376,15469,0.459078938145259,125,74,24122,23018,11288,5784,14188,20998,48099,35449,0,0,7431,6976,25205,1421,3663,249,68,0,0,358,52725,326,1441,0,0,0,0,0
662,1789,663.116191755757,99863,187,88,93,40,30401,15486,0.4594995143346385,137,77,24180,23086,11260,5780,14141,20927,48105,35457,0,0,7420,6968,25200,1424,3672,251,71,0,0,373,52718,326,1440,0,0,0,0,0
663,1789,664.0307241454053,99863,200,93,93,40,30434,15504,0.46001021399317066,151,73,24226,23157,11230,5770,14098,20865,48111,35465,0,0,7408,6962,25199,1424,3680,252,76,0,0,391,52707,325,1439,0,0,0,0,0
664,1789,665.247004111206,99863,205,99,93,40,30482,15530,0.46075122918398204,170,76,24281,23249,11215,5765,14034,20769,48117,35473,0,0,7397,6947,25189,1430,3699,253,80,0,0,421,52684,325,1438,0,0,0,0,0
665,1789,666.1571235612595,99863,219,94,93,40,30525,15539,0.461271942561309,168,88,24316,23330,11205,5754,13997,20692,48123,35481,0,0,7390,6938,25186,1431,3709,254,81,0,0,450,52661,325,1438,0,0,0,0,0
666,1789,667.065673835209,99863,224,98,93,40,30560,15554,0.46177262850104644,175,100,24346,23381,11198,5751,13962,20628,48128,35489,0,0,7377,6928,25179,1435,3721,256,87,0,0,464,52654,324,1438,0,0,0,0,0
667,1789,668.2748211972851,99863,246,109,93,40,30623,15581,0.4626738631925738,193,104,24407,23449,11167,5739,13892,20557,48133,35497,0,0,7364,6920,25168,1436,3738,258,92,0,0,492,52634,324,1437,0,0,0,0,0
668,1789,669.1794244105132,99863,264,116,93,40,30669,15602,0.46334478235182197,208,110,24443,23531,11140,5732,13850,20469,48138,35505,0,0,7350,6912,25164,1439,3749,258,98,0,0,514,52620,324,1435,0,0,0,0,0
669,1789,670.0822314023143,99863,283,132,93,40,30718,15633,0.4641458798554019,230,107,24484,23581,11114,5732,13794,20406,48143,35513,0,0,7338,6908,25153,1437,3767,258,103,0,0,537,52604,323,1435,0,0,0,0,0
670,1789,671.2827178149784,99863,302,140,93,40,30782,15662,0.46507715570331354,262,122,24529,23662,11094,5728,13718,20306,48148,35520,0,0,7324,6898,25139,1443,3784,259,108,0,0,572,52578,323,1435,0,0,0,0,0
671,1789,672.1810781322343,99863,309,155,93,40,30833,15690,0.4658682394880987,274,132,24556,23718,11088,5716,13678,20237,48153,35527,0,0,7304,6889,25133,1449,3791,262,118,0,0,599,52561,323,1434,0,0,0,0,0
672,1789,673.0780966443544,99862,324,156,94,40,30890,15709,0.46663395485770365,300,136,24581,23786,11070,5711,13629,20169,48158,35534,0,0,7294,6878,25125,1453,3805,262,122,0,0,635,52531,323,1434,0,0,0,0,0
673,1789,674.2719811412481,99862,358,174,94,40,30981,15758,0.46803588952754804,310,135,24614,23866,11069,5706,13553,20077,48163,35541,0,0,7283,6865,25110,1454,3834,263,129,0,0,680,52490,323,1431,0,0,0,0,0
674,1789,675.1658665205578,99862,389,183,94,40,31056,15794,0.46914742344435323,308,150,24649,23914,11063,5710,13495,20001,48168,35548,0,0,7269,6851,25101,1465,3845,265,134,0,0,719,52460,322,1431,0,0,0,0,0
675,1789,676.0579354411775,99862,410,197,94,40,31135,15828,0.47027898499929904,318,167,24667,23964,11064,5707,13445,19923,48173,35555,0,0,7254,6840,25085,1468,3869,267,142,0,0,755,52431,322,1429,0,0,0,0,0
676,1789,677.2453533031528,99860,426,221,95,41,31226,15885,0.4717704786701382,346,172,24717,24024,11058,5709,13356,19831,48178,35562,0,0,7236,6825,25066,1475,3895,271,158,0,0,802,52383,320,1429,0,0,0,0,0
677,1789,678.1340868470127,99860,439,219,95,41,31297,15920,0.4728319647506509,358,178,24731,24078,11073,5723,13302,19759,48183,35569,0,0,7217,6810,25049,1486,3913,275,169,0,0,848,52345,320,1428,0,0,0,0,0
678,1789,679.0219023991651,99860,469,234,95,41,31369,15961,0.47396354896855597,397,180,24715,24128,11071,5733,13251,19682,48187,35576,0,0,7206,6796,25040,1493,3929,275,176,0,0,886,52311,320,1428,0,0,0,0,0
679,1789,680.2047836516776,99860,523,260,95,41,31495,16021,0.47582615661926697,412,194,24744,24198,11060,5738,13164,19567,48191,35582,0,0,7188,6783,25020,1498,3959,276,190,0,0,939,52262,320,1425,0,0,0,0,0
680,1789,681.0902367585794,99860,557,260,95,41,31589,16059,0.47714800721009415,420,207,24753,24272,11059,5748,13114,19470,48195,35588,0,0,7170,6774,24996,1501,3992,277,202,0,0,984,52223,319,1422,0,0,0,0,0
681,1789,682.2695254539176,99859,581,285,96,41,31714,16125,0.47906548233008545,442,220,24769,24334,11078,5749,13032,19369,48199,35594,0,0,7152,6761,24962,1507,4030,285,215,0,0,1046,52161,318,1422,0,0,0,0,0
682,1789,683.1529938399271,99859,622,294,96,41,31822,16167,0.4805676003164462,461,236,24756,24365,11087,5764,12976,19298,48203,35600,0,0,7136,6749,24940,1514,4058,286,225,0,0,1098,52115,318,1420,0,0,0,0,0
683,1789,684.0359610346934,99859,635,318,96,41,31926,16219,0.4821298030222614,472,243,24755,24402,11128,5768,12912,19226,48207,35606,0,0,7121,6738,24916,1519,4091,290,233,0,0,1158,52061,317,1415,0,0,0,0,0
684,1789,685.212953463683,99859,680,336,96,41,32077,16285,0.48430286704252995,517,265,24723,24446,11153,5785,12829,19125,48211,35612,0,0,7101,6725,24886,1526,4124,296,245,0,0,1243,51983,317,1413,0,0,0,0,0
685,1789,686.0957098730539,99859,728,347,96,41,32212,16341,0.4862155639451627,524,286,24711,24480,11166,5810,12773,19034,48215,35618,0,0,7080,6714,24869,1532,4146,299,260,0,0,1324,51908,316,1411,0,0,0,0,0
686,1789,687.2721322574533,99859,724,349,96,41,32340,16404,0.48812826084779537,610,323,24679,24535,11205,5834,12684,18916,48219,35624,0,0,7051,6699,24818,1544,4197,305,281,0,0,1418,51821,315,1410,0,0,0,0,0
687,1789,688.1545170641618,99858,779,387,96,42,32482,16491,0.490426405495804,612,326,24667,24563,11219,5856,12625,18824,48223,35630,0,0,7027,6683,24795,1554,4228,308,299,0,0,1484,51759,314,1407,0,0,0,0,0
688,1789,689.0366875530647,99858,811,402,96,42,32618,16557,0.4924492779747241,626,335,24644,24588,11265,5887,12556,18744,48227,35636,0,0,7009,6664,24764,1568,4263,313,310,0,0,1563,51685,312,1407,0,0,0,0,0
689,1789,690.2131499714022,99858,860,436,96,42,32805,16650,0.4952532596286727,637,343,24628,24640,11318,5903,12459,18634,48231,35642,0,0,6986,6641,24724,1582,4311,320,328,0,0,1660,51592,311,1403,0,0,0,0,0
690,1789,691.0950617302447,99856,878,443,98,42,32952,16718,0.497416279442397,665,363,24606,24658,11385,5936,12366,18556,48235,35647,0,0,6965,6613,24690,1601,4349,329,346,0,0,1751,51502,310,1400,0,0,0,0,0
691,1789,692.2711828649506,99856,945,487,98,42,33187,16832,0.5009113122896972,682,362,24552,24701,11457,5958,12264,18448,48239,35652,0,0,6943,6585,24628,1626,4407,338,362,0,0,1870,51388,309,1400,0,0,0,0,0
692,1789,693.1539327946213,99855,958,512,99,42,33331,16928,0.5033198137299084,728,366,24522,24720,11508,5992,12183,18366,48243,35657,0,0,6919,6560,24597,1643,4446,345,382,0,0,1972,51284,309,1398,0,0,0,0,0
693,1789,694.0369493194107,99853,975,539,100,43,33481,17010,0.5056533103662384,771,388,24475,24744,11575,6011,12102,18273,48247,35662,0,0,6884,6536,24565,1662,4479,352,411,0,0,2058,51200,309,1397,0,0,0,0,0
694,1789,695.2156483183306,99852,1085,602,100,44,33750,17146,0.509714377278372,777,400,24407,24745,11640,6047,11989,18160,48251,35667,0,0,6861,6509,24505,1688,4536,363,426,0,0,2165,51098,307,1394,0,0,0,0,0
695,1789,696.1003495113962,99852,1108,609,100,44,33919,17230,0.5122481272282979,819,427,24353,24757,11710,6091,11908,18070,48254,35672,0,0,6836,6485,24464,1708,4579,371,447,0,0,2285,50981,305,1391,0,0,0,0,0
696,1789,697.2816554370645,99852,1181,642,100,44,34166,17359,0.5160137002764091,891,448,24258,24757,11762,6144,11806,17963,48257,35677,0,0,6806,6453,24406,1737,4634,383,471,0,0,2418,50851,304,1389,0,0,0,0,0
697,1789,698.1691139899924,99851,1234,647,100,45,34360,17455,0.5189231955613864,951,486,24191,24747,11800,6205,11722,17868,48260,35682,0,0,6778,6424,24351,1759,4697,389,495,0,0,2521,50747,304,1386,0,0,0,0,0
698,1789,699.0576318749436,99851,1292,668,100,45,34574,17575,0.5222681795875855,956,486,24125,24753,11884,6272,11641,17774,48263,35687,0,0,6747,6395,24299,1783,4758,394,521,0,0,2646,50621,304,1383,0,0,0,0,0
699,1789,700.2447245487617,99851,1336,705,100,45,34852,17739,0.5266947752150705,1017,509,24020,24773,12008,6339,11517,17627,48266,35692,0,0,6713,6357,24207,1808,4869,406,551,0,0,2796,50466,301,1377,0,0,0,0,0
700,1789,701.1370792013158,99851,1359,726,100,45,35057,17851,0.5298695055632893,1052,522,23942,24786,12117,6390,11428,17529,48269,35697,0,0,6686,6332,24144,1826,4934,418,571,0,0,2930,50336,299,1375,0,0,0,0,0
701,1789,702.0314886312623,99850,1413,733,100,46,35306,17961,0.533470205307962,1069,566,23871,24780,12210,6450,11335,17423,48272,35702,0,0,6658,6303,24080,1852,5012,424,592,0,0,3075,50187,296,1371,0,0,0,0,0
702,1789,703.2264821266218,99849,1512,774,100,47,35650,18118,0.5384931246181734,1079,609,23760,24743,12340,6528,11207,17297,48275,35707,0,0,6615,6270,23995,1881,5103,432,627,0,0,3253,50011,295,1367,0,0,0,0,0
703,1789,704.1251916346054,99848,1577,791,101,47,35912,18243,0.5423744091018348,1120,635,23659,24705,12433,6617,11108,17203,48278,35712,0,0,6582,6248,23933,1901,5162,445,655,0,0,3418,49846,292,1366,0,0,0,0,0
704,1789,705.0260800520634,99845,1609,852,103,48,36155,18383,0.5462266513095297,1162,648,23570,24692,12534,6662,11020,17096,48281,35717,0,0,6549,6218,23871,1921,5234,454,683,0,0,3550,49710,290,1365,0,0,0,0,0
705,1789,706.2308285560013,99844,1672,900,103,49,36515,18586,0.5518709186330676,1243,672,23421,24654,12679,6773,10880,16950,48284,35721,0,0,6506,6179,23777,1957,5341,467,717,0,0,3776,49480,288,1356,0,0,0,0,0
706,1789,707.1373966226233,99844,1770,937,103,49,36834,18734,0.5565482152157365,1214,686,23338,24627,12795,6843,10778,16856,48287,35725,0,0,6468,6145,23705,1976,5430,474,753,0,0,3935,49318,288,1352,0,0,0,0,0
707,1789,708.0463696741364,99841,1821,977,106,49,37115,18892,0.5609619294678538,1245,718,23233,24585,12912,6914,10681,16755,48290,35729,0,0,6436,6101,23641,2014,5507,482,782,0,0,4110,49136,286,1346,0,0,0,0,0
708,1789,709.2629006731735,99840,1848,1046,107,49,37514,19131,0.5673577724358975,1327,768,23046,24528,13121,7015,10549,16592,48293,35733,0,0,6387,6032,23502,2075,5660,497,821,0,0,4342,48901,284,1339,0,0,0,0,0
709,1789,710.1801058206862,99839,1896,1119,108,49,37837,19323,0.5725217600336542,1408,776,22865,24496,13276,7091,10445,16467,48296,35737,0,0,6336,5985,23422,2120,5746,508,864,0,0,4525,48717,282,1334,0,0,0,0,0
710,1789,711.1023646201329,99838,1973,1129,108,50,38177,19485,0.577555640137022,1428,817,22741,24462,13421,7190,10327,16350,48299,35741,0,0,6296,5943,23343,2151,5847,523,900,0,0,4714,48520,278,1323,0,0,0,0,0
711,1789,712.0281963800163,99837,2033,1177,108,51,38504,19678,0.5827699149613871,1497,834,22619,24415,13532,7285,10209,16236,48302,35745,0,0,6249,5903,23257,2179,5951,536,946,0,0,4902,48322,275,1317,0,0,0,0,0
712,1789,713.2682603023923,99837,2139,1224,108,51,38968,19934,0.5899816701222993,1594,852,22401,24348,13707,7438,10049,16085,48305,35749,0,0,6191,5858,23131,2215,6082,561,997,0,0,5176,48043,272,1311,0,0,0,0,0
713,1789,714.2032998147221,99835,2223,1251,110,51,39345,20144,0.5958731907647619,1630,866,22245,24334,13860,7560,9930,15936,48308,35753,0,0,6136,5817,23037,2248,6181,582,1045,0,0,5406,47808,271,1304,0,0,0,0,0
714,1789,715.1434861547255,99831,2302,1279,112,53,39729,20338,0.6016868507778145,1712,924,22069,24266,14007,7666,9796,15810,48311,35757,0,0,6080,5777,22940,2277,6295,597,1097,0,0,5625,47575,271,1297,0,0,0,0,0
715,1789,716.0889156763376,99830,2364,1319,113,53,40144,20578,0.608254031854152,1763,921,21889,24207,14205,7810,9664,15688,48314,35761,0,0,6019,5727,22828,2320,6424,615,1150,0,0,5884,47305,269,1289,0,0,0,0,0
716,1789,717.0400239994232,99829,2437,1357,114,53,40531,20816,0.6145208306203608,1825,945,21715,24146,14366,7948,9541,15549,48317,35765,0,0,5968,5699,22706,2337,6547,644,1195,0,0,6126,47054,268,1285,0,0,0,0,0
717,1789,718.3169281661989,99826,2577,1420,117,53,41129,21111,0.6234848636627732,1871,1004,21485,24062,14588,8094,9360,15365,48320,35769,0,0,5909,5638,22565,2389,6700,677,1246,0,0,6447,46716,261,1278,0,0,0,0,0
718,1789,719.2809906573443,99825,2682,1447,118,53,41586,21347,0.6304332582018533,1895,1028,21330,23984,14755,8241,9218,15245,48323,35773,0,0,5853,5597,22449,2415,6834,699,1296,0,0,6719,46431,260,1272,0,0,0,0,0
719,1789,720.2503727184142,99822,2792,1461,121,53,42046,21594,0.6375348119652983,1986,1043,21139,23934,14875,8406,9085,15101,48325,35777,0,0,5806,5537,22317,2458,6998,708,1340,0,0,6995,46137,259,1267,0,0,0,0,0
720,1789,721.2257902322679,99821,2887,1502,122,53,42533,21849,0.6449745043628095,2080,1076,20919,23853,15066,8559,8924,14955,48327,35781,0,0,5752,5492,22180,2492,7146,745,1385,0,0,7260,45861,253,1255,0,0,0,0,0
721,1789,722.2083064427228,99820,3014,1549,123,53,43074,22127,0.6531857343217792,2090,1096,20706,23771,15269,8735,8796,14794,48329,35785,0,0,5698,5446,22033,2520,7318,777,1432,0,0,7543,45553,253,1247,0,0,0,0,0
722,1789,723.1989221683222,99820,3161,1613,123,53,43646,22388,0.6615307553596473,2090,1171,20470,23668,15511,8850,8643,14643,48331,35789,0,0,5627,5407,21890,2561,7473,809,1489,0,0,7805,45272,250,1237,0,0,0,0,0
723,1789,724.1985541868873,99818,3247,1672,124,54,44179,22672,0.6697289066100303,2173,1206,20200,23572,15753,9008,8501,14486,48333,35793,0,0,5568,5352,21733,2600,7661,840,1539,0,0,8077,44970,249,1229,0,0,0,0,0
724,1789,725.2080281807711,99816,3329,1724,126,54,44734,22953,0.6781177366354092,2264,1260,19953,23452,15998,9168,8328,14340,48335,35796,0,0,5509,5295,21597,2645,7835,872,1589,0,0,8379,44628,248,1219,0,0,0,0,0
725,1789,726.2271052192481,99812,3429,1804,130,54,45316,23278,0.6872319961527672,2322,1284,19698,23355,16247,9329,8172,14172,48337,35799,0,0,5443,5234,21443,2699,8011,906,1641,0,0,8696,44282,246,1211,0,0,0,0,0
726,1789,727.256854766832,99812,3531,1844,130,54,45898,23613,0.6964192682242616,2388,1306,19440,23207,16475,9560,8034,14027,48339,35802,0,0,5374,5155,21280,2770,8206,942,1694,0,0,9007,43938,242,1204,0,0,0,0,0
727,1789,728.2975466877637,99812,3622,1911,130,54,46517,23949,0.7059872560413577,2458,1363,19138,23073,16758,9735,7892,13862,48341,35805,0,0,5300,5074,21115,2841,8402,988,1757,0,0,9307,43593,239,1196,0,0,0,0,0
728,1789,729.3508800465228,99808,3706,1972,133,55,47170,24302,0.7160949022122475,2501,1428,18908,22940,17028,9921,7722,13682,48343,35808,0,0,5228,5009,20929,2902,8614,1029,1814,0,0,9683,43179,237,1184,0,0,0,0,0
729,1789,730.0588703571769,99808,3776,2024,133,55,47606,24565,0.7230983488297531,2532,1450,18714,22856,17227,10068,7616,13545,48345,35811,0,0,5183,4968,20813,2930,8763,1055,1853,0,0,9942,42893,235,1173,0,0,0,0,0
730,1789,731.1318643877357,99807,3845,2114,133,56,48273,24988,0.7340266714759486,2618,1458,18436,22716,17508,10281,7458,13373,48347,35814,0,0,5106,4895,20613,2989,9001,1104,1918,0,0,10327,42460,232,1162,0,0,0,0,0
731,1789,732.2180423601075,99805,4012,2191,135,56,49005,25383,0.745333400130254,2653,1508,18126,22559,17767,10495,7305,13189,48349,35817,0,0,5035,4824,20437,3044,9243,1144,1972,0,0,10663,42062,229,1152,0,0,0,0,0
732,1789,733.3184956113982,99799,4105,2208,141,56,49735,25781,0.75668092866662,2696,1573,17860,22388,18076,10765,7120,13008,48351,35820,0,0,4952,4751,20206,3095,9554,1184,2043,0,0,11050,41605,224,1135,0,0,0,0,0
733,1789,734.0546051130289,99798,4194,2284,142,56,50250,26074,0.7647848654281649,2765,1578,17641,22294,18262,10890,6994,12896,48353,35823,0,0,4895,4698,20071,3135,9727,1219,2091,0,0,11293,41326,219,1124,0,0,0,0,0
734,1789,735.1413889581976,99798,4275,2395,142,56,51016,26518,0.7769093569009399,2816,1561,17355,22130,18574,11118,6836,12738,48355,35826,0,0,4817,4595,19840,3225,10007,1273,2149,0,0,11665,40900,217,1110,0,0,0,0,0
735,1789,736.2076015116751,99795,4343,2477,145,56,51744,26965,0.7887068490405331,2776,1593,17118,21967,18913,11341,6703,12564,48357,35829,0,0,4727,4536,19615,3263,10309,1327,2214,0,0,12034,40455,215,1100,0,0,0,0,0
736,1789,737.2537868122993,99793,4437,2546,146,57,52492,27408,0.800657360736725,2837,1592,16839,21831,19200,11580,6539,12392,48359,35832,0,0,4638,4451,19397,3328,10594,1387,2285,0,0,12392,40025,211,1085,0,0,0,0,0
737,1789,738.2809120273001,99791,4501,2620,148,57,53223,27834,0.8122676393662756,2888,1623,16539,21674,19522,11827,6400,12197,48361,35835,0,0,4547,4357,19204,3410,10846,1446,2357,0,0,12761,39579,208,1076,0,0,0,0,0
738,1789,739.2887667246406,99789,4573,2663,148,59,53942,28263,0.8237881930874145,2957,1694,16271,21482,19791,12079,6258,12021,48363,35838,0,0,4482,4279,18999,3470,11116,1507,2402,0,0,13158,39106,203,1067,0,0,0,0,0
739,1789,740.2808013288526,99786,4696,2682,150,60,54708,28668,0.8355480728759546,2956,1735,15994,21327,20068,12328,6134,11866,48365,35841,0,0,4404,4202,18813,3540,11347,1572,2455,0,0,13578,38620,201,1054,0,0,0,0,0
740,1789,741.2572589004888,99785,4739,2715,151,60,55394,29092,0.8466803627799769,2998,1762,15722,21177,20346,12567,6042,11717,48367,35844,0,0,4313,4132,18595,3596,11648,1623,2520,0,0,13942,38178,199,1039,0,0,0,0,0
741,1789,742.2184974660922,99782,4815,2739,153,61,56117,29520,0.8582409653043636,2983,1800,15485,21004,20663,12823,5899,11571,48369,35847,0,0,4229,4061,18391,3641,11908,1698,2584,0,0,14330,37711,198,1031,0,0,0,0,0
742,1789,743.1642246790059,99780,4862,2795,155,61,56796,29951,0.8693826418119863,3047,1789,15201,20868,20957,13069,5776,11416,48371,35850,0,0,4161,3999,18183,3694,12188,1772,2632,0,0,14658,37288,192,1013,0,0,0,0,0
743,1789,744.094796850609,99779,4939,2814,155,62,57539,30332,0.8806562503131922,3040,1821,14979,20737,21251,13289,5634,11275,48373,35853,0,0,4082,3931,17981,3750,12455,1857,2680,0,0,14976,36878,186,1003,0,0,0,0,0
744,1789,745.011162664607,99778,5028,2923,155,63,58260,30759,0.8921706187736775,3043,1840,14743,20586,21524,13463,5505,11123,48375,35856,0,0,4002,3854,17803,3809,12702,1941,2742,0,0,15234,36522,179,990,0,0,0,0,0
745,1789,746.2119144366961,99777,5071,2954,156,63,59184,31293,0.9067921464866653,3081,1879,14426,20394,21921,13770,5343,10938,48377,35859,0,0,3908,3754,17541,3883,13068,2061,2807,0,0,15624,35985,172,974,0,0,0,0,0
746,1789,747.096688893099,99777,5091,3015,156,63,59861,31697,0.9176263066638604,3129,1891,14197,20230,22207,13995,5218,10804,48379,35862,0,0,3823,3681,17377,3936,13303,2147,2868,0,0,15929,35584,166,963,0,0,0,0,0
747,1789,748.2572435260794,99774,5145,3092,158,64,60756,32253,0.9321967646881953,3160,1964,13921,20040,22544,14261,5070,10577,48381,35865,0,0,3728,3587,17133,3991,13654,2257,2936,0,0,16314,35060,164,950,0,0,0,0,0
748,1789,749.1145556215439,99770,5201,3127,161,65,61433,32645,0.9429487821990579,3193,1948,13675,19915,22801,14489,4967,10454,48383,35868,0,0,3648,3511,16953,4051,13906,2342,2994,0,0,16576,34687,161,941,0,0,0,0,0
749,1789,750.2402849135353,99767,5250,3150,164,65,62337,33145,0.9570499263283451,3199,1983,13384,19708,23181,14814,4820,10278,48385,35871,0,0,3553,3424,16720,4133,14242,2461,3047,0,0,16934,34167,154,932,0,0,0,0,0
750,1789,751.071839345586,99766,5242,3186,164,66,62949,33531,0.9670629272497645,3183,2008,13195,19588,23478,15014,4736,10136,48387,35874,0,0,3497,3363,16535,4187,14507,2548,3073,0,0,17196,33793,148,919,0,0,0,0,0
751,1789,752.1646547177886,99765,5309,3239,165,66,63834,34075,0.9813962812609632,3134,2051,12982,19374,23796,15324,4612,9944,48389,35877,0,0,3417,3299,16281,4214,14874,2670,3126,0,0,17559,33277,145,903,0,0,0,0,0
752,1789,753.2410967111091,99761,5347,3310,168,67,64658,34622,0.995178476558976,3175,2000,12720,19214,24102,15614,4486,9793,48391,35880,0,0,3349,3222,16075,4273,15188,2772,3152,0,0,17969,32730,141,890,0,0,0,0,0
753,1789,754.0387371944089,99760,5366,3344,169,67,65296,35032,1.0056936647955093,3189,1992,12547,19084,24337,15857,4390,9654,48393,35882,0,0,3277,3172,15914,4302,15426,2881,3191,0,0,18232,32351,139,875,0,0,0,0,0
754,1789,755.0898636143344,99755,5384,3363,174,67,66136,35575,1.0196080396972582,3181,1985,12322,18914,24693,16196,4244,9473,48395,35884,0,0,3183,3085,15684,4371,15749,3015,3247,0,0,18594,31832,133,862,0,0,0,0,0
755,1789,756.1257127336244,99752,5423,3396,177,67,66983,36116,1.033553211965675,3162,1960,12096,18734,24993,16512,4147,9329,48397,35886,0,0,3104,3005,15480,4423,16063,3156,3294,0,0,18934,31317,128,848,0,0,0,0,0
756,1789,757.1483414177796,99751,5427,3344,177,68,67788,36593,1.0464155747812052,3161,2015,11887,18541,25297,16845,4049,9185,48399,35888,0,0,3024,2928,15243,4468,16417,3281,3339,0,0,19299,30789,127,836,0,0,0,0,0
757,1789,758.1587483512477,99749,5408,3390,178,69,68564,37113,1.0594291672096963,3150,2003,11711,18367,25608,17126,3943,9043,48401,35890,0,0,2958,2851,15023,4529,16728,3427,3357,0,0,19595,30327,125,829,0,0,0,0,0
758,1789,759.1574088664352,99746,5433,3391,180,70,69367,37600,1.072393880456359,3113,2012,11555,18195,25883,17422,3834,8908,48403,35892,0,0,2894,2779,14809,4560,17111,3550,3389,0,0,19843,29875,123,813,0,0,0,0,0
759,1789,760.1456681799883,99745,5466,3343,181,70,70127,38090,1.0849365883001654,3085,2034,11405,18039,26126,17737,3735,8775,48405,35894,0,0,2815,2700,14621,4630,17409,3682,3420,0,0,20150,29394,117,807,0,0,0,0,0
760,1789,761.1241345295819,99743,5500,3351,183,70,70886,38577,1.0974504476504616,3088,2001,11217,17917,26359,18019,3651,8640,48407,35896,0,0,2758,2627,14418,4665,17722,3823,3437,0,0,20416,28964,116,797,0,0,0,0,0
761,1789,762.0935345758797,99741,5463,3385,184,71,71622,39059,1.109684081771789,3068,1986,11055,17811,26678,18242,3550,8503,48409,35898,0,0,2675,2569,14189,4688,18044,3974,3495,0,0,20656,28549,113,789,0,0,0,0,0
762,1789,763.0528425654242,99740,5478,3349,185,71,72364,39525,1.1218066974132745,3060,2017,10881,17641,26927,18560,3467,8360,48411,35900,0,0,2616,2516,13956,4698,18409,4095,3520,0,0,20952,28089,112,777,0,0,0,0,0
763,1789,764.0033753937048,99738,5449,3332,185,73,73079,39980,1.133559927008763,3047,2010,10737,17501,27185,18835,3395,8247,48413,35902,0,0,2568,2446,13772,4741,18711,4241,3526,0,0,21213,27649,108,763,0,0,0,0,0
764,1789,765.1800962756984,99732,5427,3299,189,75,73947,40568,1.1482272490273935,3086,1985,10547,17375,27461,19188,3288,8076,48414,35904,0,0,2498,2378,13524,4782,19111,4419,3534,0,0,21525,27110,107,744,0,0,0,0,0
765,1789,766.1122013685226,99729,5425,3357,191,76,74668,41064,1.1604648597699767,3062,1961,10381,17231,27737,19409,3202,7964,48415,35906,0,0,2433,2315,13344,4824,19379,4574,3557,0,0,21748,26715,105,735,0,0,0,0,0
766,1789,767.035820478662,99727,5414,3384,193,76,75321,41498,1.1713878889367975,3093,1969,10226,17120,27948,19631,3124,7818,48416,35908,0,0,2389,2265,13174,4845,19641,4710,3561,0,0,21976,26337,104,725,0,0,0,0,0
767,1789,768.1799144135649,99723,5407,3395,197,76,76217,42070,1.1861556511536957,3016,1935,10088,16969,28254,19946,3036,7677,48417,35910,0,0,2333,2181,12918,4894,20061,4889,3561,0,0,22208,25868,100,710,0,0,0,0,0
768,1789,769.0870218910788,99721,5330,3357,197,78,76860,42493,1.1968692652500477,3020,1916,9968,16881,28528,20195,2955,7571,48418,35912,0,0,2281,2144,12710,4907,20344,5052,3573,0,0,22464,25441,97,708,0,0,0,0,0
769,1789,770.2107854838841,99718,5297,3334,200,78,77713,43019,1.2107342706432138,2971,1891,9833,16769,28836,20478,2861,7448,48419,35914,0,0,2207,2090,12477,4927,20716,5239,3600,0,0,22718,24959,92,693,0,0,0,0,0
770,1789,771.1026871073979,99717,5315,3304,201,78,78405,43420,1.2217074320326524,2926,1881,9752,16670,29006,20714,2798,7351,48420,35916,0,0,2157,2035,12303,4967,20969,5387,3613,0,0,22946,24568,89,683,0,0,0,0,0
771,1789,772.2096829874395,99715,5229,3311,202,79,79196,43945,1.2349295492152634,2912,1829,9628,16562,29309,20989,2718,7228,48421,35918,0,0,2097,1969,12099,5001,21307,5596,3620,0,0,23135,24134,87,670,0,0,0,0,0
772,1789,773.0886249377222,99710,5203,3296,205,81,79841,44340,1.2454217229966904,2859,1831,9538,16474,29529,21197,2664,7119,48422,35920,0,0,2048,1932,11950,5005,21584,5741,3630,0,0,23300,23774,85,661,0,0,0,0,0
773,1789,774.1795611690818,99706,5151,3286,207,83,80600,44834,1.2580386335827332,2859,1838,9416,16353,29773,21441,2592,6997,48423,35922,0,0,1982,1869,11760,5042,21941,5912,3649,0,0,23455,23365,83,648,0,0,0,0,0
774,1789,775.0468595572365,99704,5095,3271,208,84,81173,45226,1.2677425178528445,2864,1834,9361,16278,29927,21627,2543,6904,48424,35924,0,0,1932,1834,11601,5048,22209,6067,3664,0,0,23581,23044,82,642,0,0,0,0,0
775,1789,776.125774514493,99702,5069,3225,210,84,81932,45710,1.2802351005997874,2780,1769,9295,16196,30169,21921,2475,6803,48425,35926,0,0,1895,1783,11392,5073,22536,6257,3652,0,0,23801,22604,79,630,0,0,0,0,0
776,1789,777.1976683326438,99699,4986,3206,211,86,82644,46193,1.2922597017021233,2764,1763,9208,16094,30428,22162,2401,6687,48426,35928,0,0,1838,1727,11196,5083,22879,6460,3667,0,0,23914,22244,77,614,0,0,0,0,0
777,1789,778.0496058977686,99695,4939,3196,215,86,83230,46570,1.3019710115853353,2697,1745,9133,16040,30660,22320,2354,6611,48427,35930,0,0,1804,1681,11045,5099,23147,6607,3654,0,0,24032,21942,76,608,0,0,0,0,0
778,1789,779.1079058958674,99690,4884,3181,220,86,83965,47021,1.3139331928979838,2634,1744,9065,15958,30905,22518,2290,6511,48428,35932,0,0,1753,1639,10853,5109,23468,6821,3647,0,0,24108,21619,74,599,0,0,0,0,0
779,1789,780.15995410802,99688,4870,3163,222,86,84710,47516,1.3263983628922238,2512,1697,9013,15874,31137,22771,2244,6407,48429,35934,0,0,1703,1591,10676,5112,23763,7038,3649,0,0,24245,21253,73,585,0,0,0,0,0
780,1789,781.2065852943523,99682,4871,3111,227,87,85408,47949,1.3378242812142613,2425,1664,8946,15826,31340,22998,2189,6312,48430,35936,0,0,1658,1556,10515,5133,24066,7226,3642,0,0,24330,20914,72,570,0,0,0,0,0
781,1789,782.0400389554741,99676,4768,3129,231,89,85895,48324,1.3465528311730006,2405,1613,8895,15764,31543,23165,2156,6238,48431,35938,0,0,1627,1523,10403,5139,24267,7405,3634,0,0,24384,20663,71,560,0,0,0,0,0
782,1789,783.0762421724099,99673,4668,3076,233,90,86534,48733,1.3571077423173779,2354,1633,8823,15681,31806,23379,2114,6139,48432,35940,0,0,1596,1483,10246,5134,24562,7621,3620,0,0,24452,20338,69,552,0,0,0,0,0
783,1789,784.106906378302,99670,4601,3039,235,91,87134,49147,1.3673221631383565,2349,1589,8779,15615,31963,23609,2071,6055,48433,35942,0,0,1561,1454,10108,5126,24829,7815,3599,0,0,24549,20020,68,541,0,0,0,0,0
784,1789,785.133816852856,99666,4597,2974,237,93,87804,49559,1.3782332992193929,2251,1544,8755,15581,32130,23843,2028,5963,48434,35944,0,0,1527,1421,9950,5138,25087,8027,3577,0,0,24635,19708,64,532,0,0,0,0,0
785,1789,786.1575481663492,99662,4551,2952,240,94,88413,49984,1.3886636832493828,2223,1517,8732,15499,32275,24058,1977,5878,48435,35946,0,0,1500,1391,9806,5146,25321,8250,3551,0,0,24688,19423,61,525,0,0,0,0,0
786,1789,787.177756903172,99660,4451,2941,241,95,88991,50396,1.3986253261087698,2238,1490,8671,15443,32455,24243,1942,5786,48436,35948,0,0,1475,1356,9668,5128,25541,8472,3542,0,0,24789,19115,57,517,0,0,0,0,0
787,1789,788.1937596266471,99659,4354,2920,241,96,89536,50783,1.407991250163056,2245,1496,8624,15392,32634,24391,1900,5703,48437,35950,0,0,1441,1329,9543,5116,25765,8679,3531,0,0,24841,18848,56,510,0,0,0,0,0
788,1789,789.003665391189,99656,4350,2846,242,98,90004,51071,1.415619731877659,2209,1481,8579,15358,32748,24570,1870,5645,48438,35952,0,0,1406,1306,9427,5141,25956,8821,3524,0,0,24900,18615,55,505,0,0,0,0,0
789,1789,790.013577786152,99654,4315,2797,244,98,90568,51430,1.4249101892548217,2191,1466,8546,15277,32874,24777,1828,5583,48439,35954,0,0,1381,1270,9293,5156,26181,9011,3505,0,0,24950,18352,54,501,0,0,0,0,0
790,1789,791.0207933847252,99652,4267,2758,246,98,91121,51800,1.434201019548027,2147,1427,8523,15235,33016,24960,1799,5520,48440,35956,0,0,1351,1249,9158,5162,26401,9213,3492,0,0,24986,18096,49,495,0,0,0,0,0
791,1789,792.0253613214364,99652,4119,2733,246,98,91638,52166,1.443061855256292,2146,1395,8515,15195,33202,25133,1770,5444,48441,35958,0,0,1320,1209,9036,5173,26591,9443,3476,0,0,25031,17837,48,488,0,0,0,0,0
792,1789,793.0266779353254,99651,4024,2655,246,99,92170,52478,1.4515458951741578,2091,1382,8517,15154,33389,25329,1731,5379,48442,35960,0,0,1294,1182,8923,5164,26795,9653,3464,0,0,25063,17587,44,482,0,0,0,0,0
793,1789,794.025161640455,99648,3985,2612,247,101,92684,52804,1.460019267822736,2068,1377,8531,15128,33478,25465,1689,5315,48443,35962,0,0,1278,1159,8837,5134,26968,9853,3448,0,0,25106,17345,44,476,0,0,0,0,0
794,1789,795.0222240858386,99647,3980,2556,248,101,93230,53153,1.4690156251568036,2001,1316,8519,15090,33590,25678,1660,5257,48444,35964,0,0,1248,1145,8736,5127,27144,10066,3436,0,0,25121,17117,41,466,0,0,0,0,0
795,1789,796.0175129805378,99646,3894,2526,249,101,93711,53493,1.4772695341508941,1988,1298,8525,15049,33710,25830,1632,5194,48445,35966,0,0,1227,1123,8619,5117,27343,10263,3414,0,0,25140,16900,40,460,0,0,0,0,0
796,1789,797.0111163109339,99645,3878,2506,250,101,94208,53798,1.4853329319082744,1986,1294,8515,15005,33763,25951,1606,5141,48446,35968,0,0,1200,1101,8542,5109,27492,10440,3405,0,0,25184,16679,39,454,0,0,0,0,0
797,1789,798.0029279171586,99645,3809,2491,250,101,94695,54118,1.4934316824727785,1950,1266,8497,14999,33897,26059,1595,5082,48447,35970,0,0,1178,1083,8437,5099,27674,10634,3383,0,0,25195,16481,38,443,0,0,0,0,0
798,1789,799.1908548492429,99643,3717,2458,252,101,95257,54501,1.5029455154903004,1983,1242,8490,14948,33997,26232,1559,5017,48448,35972,0,0,1150,1056,8317,5085,27882,10874,3373,0,0,25194,16240,37,435,0,0,0,0,0
799,1789,800.1791693659022,99643,3713,2429,252,101,95737,54805,1.510813604568309,1947,1237,8480,14909,34070,26350,1536,4972,48449,35974,0,0,1127,1034,8226,5064,28025,11065,3373,0,0,25209,16053,36,431,0,0,0,0,0
800,1789,801.1658716285934,99642,3642,2398,253,101,96188,55099,1.5183055338110436,1915,1216,8475,14887,34194,26475,1519,4921,48450,35976,0,0,1104,1012,8136,5034,28208,11252,3371,0,0,25198,15867,35,425,0,0,0,0,0
801,1789,802.150854347406,99637,3612,2369,258,101,96669,55396,1.5261900699539328,1847,1223,8490,14876,34284,26566,1507,4863,48451,35978,0,0,1085,987,8053,5019,28360,11448,3357,0,0,25178,15696,35,419,0,0,0,0,0
802,1789,803.1344701661469,99634,3558,2331,259,103,97137,55698,1.5339643093723025,1815,1191,8491,14874,34399,26696,1476,4803,48452,35980,0,0,1058,973,7973,4988,28497,11660,3350,0,0,25179,15504,35,417,0,0,0,0,0
803,1789,804.1163263249802,99633,3491,2337,259,104,97547,56030,1.5414270372266217,1790,1129,8523,14873,34490,26809,1445,4746,48453,35982,0,0,1039,956,7890,4994,28607,11858,3339,0,0,25196,15307,35,412,0,0,0,0,0
804,1789,805.0968125233258,99630,3448,2296,261,105,98001,56314,1.5488808591789622,1717,1121,8550,14849,34605,26937,1417,4690,48454,35984,0,0,1016,936,7819,4975,28759,12050,3335,0,0,25168,15135,33,404,0,0,0,0,0
805,1789,806.0758330917406,99628,3334,2258,262,106,98415,56580,1.5557373429156462,1670,1117,8579,14831,34760,27038,1393,4648,48455,35986,0,0,993,913,7735,4960,28895,12250,3326,0,0,25158,14964,32,402,0,0,0,0,0
806,1789,807.052933523322,99625,3256,2216,265,106,98814,56863,1.5626298619824341,1654,1080,8595,14844,34866,27154,1362,4598,48456,35987,0,0,978,894,7654,4942,29046,12441,3303,0,0,25128,14806,32,401,0,0,0,0,0
807,1789,808.0284477692783,99625,3187,2176,265,106,99240,57125,1.5695357590966124,1571,1100,8599,14823,35032,27235,1344,4558,48457,35988,0,0,956,884,7583,4912,29165,12649,3295,0,0,25112,14645,31,393,0,0,0,0,0
808,1789,809.0019625804383,99625,3107,2134,265,106,99604,57381,1.575759096612296,1584,1092,8626,14844,35088,27301,1328,4521,48458,35989,0,0,941,869,7504,4903,29288,12829,3279,0,0,25107,14484,30,391,0,0,0,0,0
809,1789,810.1696862474166,99622,3065,2108,266,108,100083,57675,1.5835658790227058,1537,1084,8661,14872,35159,27366,1310,4460,48459,35990,0,0,922,860,7419,4892,29427,13030,3256,0,0,25078,14317,30,391,0,0,0,0,0
810,1789,811.1421343879013,99621,3027,2047,267,108,100441,57920,1.5896347155720179,1520,1076,8686,14851,35213,27487,1285,4429,48460,35991,0,0,907,845,7362,4880,29546,13199,3251,0,0,25050,14167,30,384,0,0,0,0,0
811,1789,812.1140699761339,99620,2973,2037,267,109,100790,58191,1.5958743224252159,1517,1045,8699,14856,35275,27570,1267,4381,48461,35992,0,0,893,838,7294,4879,29665,13352,3226,0,0,25049,14015,30,379,0,0,0,0,0
812,1789,813.0856131892364,99619,2926,1988,267,110,101152,58423,1.6018530601592065,1463,1044,8745,14855,35346,27652,1251,4349,48462,35993,0,0,879,825,7236,4861,29765,13518,3210,0,0,25060,13857,30,378,0,0,0,0,0
813,1789,814.0564729931342,99619,2881,2000,267,110,101474,58696,1.607825816360333,1458,1009,8767,14854,35395,27712,1230,4313,48463,35994,0,0,866,810,7178,4860,29859,13671,3195,0,0,25048,13727,30,375,0,0,0,0,0
814,1789,815.026806522753,99615,2842,1939,270,111,101822,58908,1.6135120212819354,1422,989,8817,14863,35434,27811,1213,4285,48464,35995,0,0,855,800,7114,4853,29944,13844,3179,0,0,25036,13589,29,372,0,0,0,0,0
815,1789,816.1909270076094,99614,2752,1905,271,111,102211,59196,1.6203244523862108,1382,951,8841,14886,35553,27905,1199,4240,48465,35996,0,0,837,786,7049,4844,30024,14071,3163,0,0,25015,13431,29,365,0,0,0,0,0
816,1789,817.1607303367298,99614,2713,1892,271,111,102528,59444,1.6259963458951554,1376,895,8895,14902,35555,27989,1188,4209,48466,35997,0,0,828,773,6984,4828,30154,14211,3153,0,0,24985,13306,29,363,0,0,0,0,0
817,1789,818.1311246560646,99614,2675,1867,271,111,102874,59683,1.631869014395567,1315,862,8922,14936,35638,28050,1177,4172,48467,35998,0,0,822,762,6909,4797,30295,14377,3139,0,0,24917,13208,29,359,0,0,0,0,0
818,1789,819.1007267612889,99613,2607,1794,271,112,103182,59878,1.636934938210876,1276,887,8944,14947,35732,28117,1168,4141,48468,35999,0,0,809,755,6844,4781,30403,14544,3129,0,0,24876,13088,27,357,0,0,0,0,0
819,1789,820.0696364240207,99611,2568,1758,272,113,103487,60092,1.642178072702814,1212,879,8991,14952,35803,28182,1152,4114,48469,36000,0,0,798,743,6787,4761,30501,14691,3120,0,0,24864,12964,27,355,0,0,0,0,0
820,1789,821.0382596870166,99610,2491,1751,273,113,103759,60297,1.6469832346149984,1192,869,9056,14962,35845,28229,1141,4074,48470,36001,0,0,778,729,6729,4755,30590,14842,3124,0,0,24812,12877,27,347,0,0,0,0,0
821,1789,822.0068705151738,99610,2434,1750,273,113,104053,60495,1.6519224977411906,1202,858,9107,15005,35861,28231,1121,4041,48471,36002,0,0,766,715,6685,4747,30646,14993,3111,0,0,24802,12772,27,346,0,0,0,0,0
822,1789,823.1698742664432,99610,2344,1740,273,113,104372,60774,1.657925911053107,1221,792,9175,15043,35875,28313,1110,3997,48472,36003,0,0,745,697,6621,4731,30796,15157,3107,0,0,24719,12672,26,339,0,0,0,0,0
823,1789,824.1398164947,99606,2313,1689,275,115,104651,60961,1.662670923438347,1214,773,9223,15085,35880,28371,1093,3965,48473,36004,0,0,737,692,6565,4713,30869,15298,3090,0,0,24722,12559,25,336,0,0,0,0,0
824,1789,825.110731902314,99606,2250,1623,275,115,104917,61145,1.6671887235708693,1223,772,9299,15118,35867,28432,1084,3938,48474,36005,0,0,724,680,6516,4705,30951,15450,3084,0,0,24684,12453,25,334,0,0,0,0,0
825,1789,826.0827600688928,99606,2202,1595,275,115,105196,61358,1.6721281850490934,1189,721,9335,15154,35920,28503,1077,3910,48475,36006,0,0,717,671,6471,4697,31027,15603,3072,0,0,24637,12355,25,331,0,0,0,0,0
826,1789,827.054832950287,99606,2181,1575,275,115,105474,61536,1.6767062225167157,1162,720,9383,15203,35926,28502,1071,3883,48476,36007,0,0,707,666,6431,4691,31087,15741,3062,0,0,24608,12257,25,331,0,0,0,0,0
827,1789,828.0275943569573,99604,2159,1562,276,116,105760,61706,1.6813180193566524,1138,713,9424,15245,35942,28505,1059,3857,48477,36008,0,0,696,656,6399,4683,31130,15887,3054,0,0,24570,12176,24,329,0,0,0,0,0
828,1789,829.0009327749631,99603,2135,1521,276,117,106040,61880,1.6858929951909079,1088,697,9491,15285,35956,28550,1052,3828,48478,36009,0,0,694,653,6351,4658,31223,16025,3038,0,0,24524,12088,24,325,0,0,0,0,0
829,1789,830.1695948876882,99602,2084,1461,276,118,106353,62078,1.6910403405554106,1065,689,9539,15335,35990,28600,1044,3795,48479,36010,0,0,682,645,6303,4652,31322,16181,3015,0,0,24484,11974,23,321,0,0,0,0,0
830,1789,831.1439384812672,99602,2044,1409,276,118,106595,62235,1.6950462842111604,1052,694,9586,15357,36005,28654,1035,3766,48480,36011,0,0,676,638,6252,4647,31408,16310,3001,0,0,24435,11894,23,318,0,0,0,0,0
831,1789,832.1189406837497,99602,2031,1368,276,118,106857,62399,1.6993233067609084,1014,681,9642,15387,36017,28694,1018,3750,48481,36012,0,0,667,631,6214,4633,31466,16440,2989,0,0,24417,11804,23,318,0,0,0,0,0
832,1789,833.0940936645719,99602,1995,1355,276,118,107140,62572,1.7039015280817655,936,650,9682,15420,36097,28737,1012,3718,48482,36013,0,0,661,622,6181,4622,31525,16583,2972,0,0,24369,11727,23,317,0,0,0,0,0
833,1789,834.0691939380567,99601,1934,1340,277,118,107364,62746,1.7079145791708918,935,629,9752,15463,36093,28752,1007,3696,48483,36014,0,0,654,616,6141,4611,31583,16717,2960,0,0,24328,11653,22,316,0,0,0,0,0
834,1789,835.0454677344799,99601,1900,1291,277,118,107590,62907,1.7118000823284907,913,614,9819,15503,36096,28811,993,3661,48484,36015,0,0,649,612,6102,4609,31640,16840,2940,0,0,24310,11564,22,313,0,0,0,0,0
835,1789,836.0224165905012,99600,1839,1283,278,118,107809,63056,1.715512048192771,903,607,9857,15533,36132,28827,989,3630,48485,36016,0,0,644,607,6068,4596,31728,16946,2921,0,0,24251,11507,22,310,0,0,0,0,0
836,1789,837.1954042193784,99597,1834,1257,280,119,108094,63226,1.7201321324939507,876,594,9945,15585,36092,28844,971,3599,48486,36017,0,0,638,603,6033,4586,31761,17090,2906,0,0,24236,11414,22,308,0,0,0,0,0
837,1789,838.1745900993894,99595,1812,1197,282,119,108309,63357,1.7236407450173201,881,612,10027,15630,36030,28869,966,3571,48487,36018,0,0,631,596,5998,4569,31821,17207,2898,0,0,24205,11340,22,308,0,0,0,0,0
838,1789,839.1555830207352,99594,1792,1184,282,120,108529,63500,1.727302849569251,852,588,10099,15702,36014,28864,959,3540,48488,36019,0,0,622,592,5959,4566,31852,17316,2885,0,0,24203,11269,22,308,0,0,0,0,0
839,1789,840.1375976876112,99594,1733,1174,282,120,108723,63641,1.7306665060144186,850,570,10146,15737,36035,28876,952,3521,48489,36020,1,1,617,586,5928,4559,31862,17449,2874,0,0,24183,11205,21,308,0,2,0,0,0
840,1789,841.1202164516206,99591,1705,1140,285,120,108932,63763,1.7340422327318734,815,563,10218,15788,36031,28885,944,3502,48490,36021,2,2,612,581,5896,4557,31912,17560,2858,0,0,24134,11150,21,307,0,3,0,0,0
841,1789,842.103861981546,99590,1685,1124,285,121,109141,63905,1.7375840947886334,772,543,10311,15853,36010,28880,935,3477,48491,36022,3,3,607,577,5876,4555,31929,17686,2847,0,0,24101,11083,21,305,0,3,0,0,0
842,1789,843.089115804976,99590,1652,1124,285,121,109348,64044,1.7410583391906818,777,537,10378,15904,35976,28851,930,3461,48492,36023,4,4,604,574,5842,4547,31952,17803,2835,0,0,24090,11014,21,305,0,3,0,0,0
843,1789,844.075588403797,99590,1601,1075,285,121,109521,64162,1.7439803193091676,766,546,10453,15954,35966,28864,927,3438,48493,36024,5,5,597,570,5817,4536,31989,17922,2826,0,0,24056,10948,21,305,0,3,0,0,0
844,1789,845.0635522443473,99590,1556,1034,285,121,109697,64285,1.7469826287779897,757,553,10530,15978,35947,28893,923,3419,48494,36025,6,6,594,567,5781,4525,32078,18017,2811,0,0,23994,10899,18,302,0,4,0,0,0
845,1789,846.052955705692,99589,1552,1031,286,121,109887,64422,1.7502836658667122,729,542,10620,16016,35894,28893,917,3395,48495,36026,7,7,592,559,5756,4516,32122,18111,2801,0,0,23962,10846,18,301,0,5,0,0,0
846,1789,847.0441293328352,99588,1513,1025,286,122,110062,64552,1.75336385909949,736,504,10694,16085,35857,28884,912,3378,48496,36027,8,8,589,554,5730,4512,32140,18226,2789,0,0,23923,10800,18,300,0,6,0,0,1
847,1789,848.0369021915,99588,1460,1012,286,122,110239,64665,1.7562758565288992,729,510,10762,16143,35853,28851,908,3360,48497,36028,9,9,583,547,5710,4500,32160,18340,2784,0,0,23884,10754,18,300,0,7,0,0,1
848,1789,849.0304992849206,99586,1439,979,286,124,110435,64784,1.7594742232843974,709,510,10813,16195,35850,28843,901,3347,48498,36029,10,10,581,545,5681,4491,32180,18460,2774,0,0,23853,10694,18,300,0,8,0,0,1
849,1789,850.0250888439705,99586,1411,948,286,124,110613,64919,1.762617235354367,667,494,10888,16241,35857,28862,889,3329,48499,36030,11,11,574,540,5646,4481,32226,18562,2766,0,0,23836,10628,18,299,0,9,0,0,1
850,1789,851.020640141444,99586,1388,945,286,124,110777,65036,1.7654389171168638,639,475,10975,16318,35828,28821,882,3315,48500,36031,12,12,572,536,5622,4475,32237,18663,2752,0,0,23827,10577,18,297,0,9,0,0,1
851,1789,852.0179565084562,99585,1372,924,286,125,110939,65150,1.7682281468092584,657,485,11048,16362,35757,28796,878,3306,48501,36032,14,14,568,531,5602,4468,32280,18753,2740,0,0,23779,10538,18,295,0,11,0,0,2
852,1789,853.017311007789,99585,1335,876,286,125,111091,65255,1.7708088567555356,656,475,11122,16423,35724,28804,875,3295,48502,36033,16,16,563,529,5571,4459,32312,18859,2735,0,0,23756,10475,18,293,0,11,0,0,4
853,1789,854.018430717658,99585,1351,875,286,125,111283,65376,1.7739519003866044,621,448,11202,16510,35670,28765,868,3275,48503,36034,19,18,559,525,5548,4452,32341,18957,2729,0,0,23706,10441,18,292,0,12,0,0,5
854,1789,855.0215449464406,99585,1332,842,286,125,111440,65494,1.7767133604458503,613,436,11289,16572,35609,28766,869,3257,48504,36035,23,21,554,524,5526,4447,32356,19068,2719,0,0,23672,10388,18,292,0,13,0,0,8
855,1789,856.0267253952304,99585,1301,808,286,125,111600,65584,1.7792237786815284,608,443,11349,16632,35587,28748,867,3242,48505,36036,28,25,549,520,5503,4440,32376,19163,2705,0,0,23645,10350,18,290,0,15,2,0,9
856,1789,857.033152407041,99584,1267,814,287,125,111756,65704,1.782013174807198,609,413,11424,16712,35546,28708,865,3226,48506,36037,34,30,549,517,5477,4419,32365,19279,2697,0,0,23641,10302,18,289,0,18,2,0,11
857,1789,858.0412079098166,99584,1264,812,287,125,111928,65808,1.7847847043701799,589,396,11491,16789,35505,28666,862,3210,48507,36038,42,36,544,514,5461,4410,32360,19376,2690,0,0,23638,10249,18,286,0,22,2,0,14
858,1789,859.050955203918,99583,1232,819,288,125,112069,65921,1.787353263107157,607,373,11577,16861,35430,28614,864,3206,48508,36039,51,43,541,509,5442,4400,32389,19466,2680,0,0,23598,10209,17,286,0,26,3,0,17
859,1789,860.0630757460608,99583,1212,785,288,125,112211,66002,1.789592601146782,598,390,11655,16904,35376,28595,869,3199,48509,36040,63,51,537,506,5415,4402,32426,19551,2671,0,0,23539,10176,17,286,0,30,6,0,21
860,1789,861.0773021804827,99581,1198,777,289,126,112360,66096,1.7920687681385004,576,375,11736,16984,35325,28539,874,3197,48510,36041,77,61,533,501,5394,4397,32432,19644,2665,0,0,23502,10140,17,286,0,37,8,0,25
861,1789,862.0934445165341,99581,1167,756,289,126,112503,66202,1.7945692451371245,554,359,11835,17047,35270,28515,883,3195,48511,36042,94,73,532,500,5370,4393,32451,19748,2654,0,0,23455,10091,17,285,0,44,9,0,32
862,1789,863.112088955832,99580,1187,739,290,126,112662,66292,1.7970877686282387,530,372,11908,17112,35194,28447,889,3202,48512,36043,115,87,526,497,5344,4389,32447,19839,2654,0,0,23438,10050,17,280,1,51,11,0,36
863,1789,864.1328810047827,99579,1124,724,291,126,112792,66390,1.7993954548649815,508,370,11992,17175,35187,28399,896,3204,48513,36044,140,103,521,494,5323,4383,32438,19955,2646,0,0,23404,10000,17,280,1,60,14,0,43
864,1789,865.1552356784244,99579,1115,699,291,126,112948,66472,1.8017855170266823,489,372,12048,17250,35144,28335,911,3216,48514,36045,170,122,519,489,5311,4378,32416,20069,2637,0,0,23367,9961,17,279,1,71,17,0,47
865,1789,866.1790398820965,99579,1063,692,291,126,113076,66562,1.8039747336285763,473,369,12122,17281,35121,28291,928,3239,48515,36046,206,143,513,487,5282,4373,32424,20165,2627,0,0,23325,9919,17,278,1,91,22,0,55
866,1789,867.2047053997338,99579,1002,677,291,126,113179,66652,1.8059128932807118,485,355,12193,17335,35078,28237,949,3268,48516,36047,248,168,511,480,5262,4378,32422,20264,2613,0,0,23286,9868,17,276,1,110,29,0,62
867,1789,868.0267859835749,99578,977,658,292,126,113279,66721,1.807628190965876,492,347,12265,17378,35005,28189,967,3300,48517,36048,297,196,510,479,5248,4376,32411,20360,2603,0,0,23231,9831,16,275,1,134,34,0,69
868,1789,869.0569155248573,99578,961,637,292,126,113417,66806,1.809867641446906,476,326,12340,17443,34932,28133,997,3333,48518,36049,354,228,508,474,5223,4367,32414,20463,2600,0,0,23169,9794,16,271,2,158,43,0,76
869,1789,870.0899776650313,99578,940,619,292,126,113540,66893,1.8119765410030328,471,313,12408,17480,34859,28084,1028,3376,48519,36050,420,265,507,471,5197,4356,32405,20574,2592,0,0,23116,9749,16,269,2,186,50,0,88
870,1789,871.1256298166562,99578,917,603,292,126,113665,66978,1.8140854405591595,455,283,12481,17529,34791,28022,1062,3435,48520,36051,496,307,503,467,5179,4349,32382,20689,2589,0,0,23063,9699,16,269,2,216,54,0,101
871,1789,872.164334140219,99578,905,572,292,126,113789,67052,1.8160738315692222,447,280,12557,17575,34694,27950,1103,3495,48521,36052,583,354,502,465,5150,4349,32372,20793,2576,0,0,23001,9650,16,269,2,247,65,0,121
872,1789,873.206013173898,99578,866,571,292,126,113895,67128,1.8179015445178655,464,269,12616,17613,34610,27853,1150,3566,48522,36053,682,407,497,463,5126,4342,32338,20911,2572,0,0,22926,9610,16,269,2,290,78,0,138
873,1789,874.0417135484984,99578,866,564,292,126,113981,67186,1.819347647070638,455,261,12660,17642,34522,27749,1203,3656,48523,36054,794,466,495,461,5110,4335,32297,21007,2569,0,0,22868,9560,16,268,2,350,82,0,158
874,1789,875.0894675956515,99578,855,529,292,126,114099,67240,1.8210749362308944,452,275,12729,17671,34406,27639,1264,3758,48524,36055,921,532,491,460,5078,4338,32270,21123,2558,0,0,22786,9508,15,266,4,408,94,0,179
875,1789,876.1408810845154,99578,853,542,292,126,114211,67315,1.8229528610737311,431,262,12799,17706,34291,27484,1332,3878,48525,36056,1063,605,491,458,5055,4330,32200,21262,2554,0,0,22710,9457,14,265,4,467,104,0,207
876,1789,877.1964098593229,99578,828,503,292,126,114322,67370,1.8246198959609552,409,271,12887,17709,34174,27374,1408,4015,48526,36057,1222,686,486,458,5025,4320,32130,21423,2552,0,0,22608,9405,14,264,4,535,118,0,236
877,1789,878.0440991377144,99578,815,499,292,126,114408,67419,1.8259756171041797,401,267,12938,17738,34061,27202,1491,4166,48527,36058,1399,775,485,457,5006,4313,32058,21563,2545,0,0,22515,9351,14,262,5,606,124,0,274
878,1789,879.1077771062251,99578,804,487,292,126,114517,67482,1.8277029062644359,397,277,13021,17733,33905,27042,1579,4333,48528,36059,1596,873,484,451,4975,4310,31991,21710,2538,0,0,22401,9294,14,258,8,691,144,0,309
879,1789,880.1761218677609,99578,786,473,292,126,114630,67544,1.8294603225612083,361,267,13090,17710,33792,26907,1677,4515,48529,36060,1814,980,483,450,4933,4304,31879,21895,2535,0,0,22305,9218,14,258,8,772,165,0,359
880,1789,881.0342550366638,99578,772,468,292,126,114710,67599,1.8308160437044327,345,273,13152,17677,33646,26727,1791,4727,48530,36061,2053,1097,481,450,4901,4298,31777,22056,2530,0,0,22178,9164,14,256,10,880,185,0,398
881,1789,882.111971762543,99578,743,484,292,126,114791,67679,1.8324328666974632,338,248,13209,17671,33504,26523,1912,4946,48531,36062,2315,1224,480,448,4848,4288,31675,22225,2525,0,0,22055,9088,14,255,11,989,223,0,454
882,1789,883.1946809155504,99578,705,472,292,126,114872,67738,1.8338387997348813,332,236,13290,17650,33337,26324,2042,5190,48532,36063,2601,1362,477,446,4812,4290,31551,22417,2517,0,0,21902,9024,14,254,12,1117,245,0,500
883,1789,884.0655683578285,99578,699,468,292,126,114947,67790,1.835114181847396,335,229,13330,17577,33166,26138,2176,5460,48533,36064,2912,1511,476,445,4766,4286,31412,22611,2516,0,0,21747,8959,13,251,15,1250,283,0,548
884,1789,885.1601150839545,99577,671,456,293,126,115021,67851,1.836488345702321,332,224,13392,17539,32993,25896,2317,5757,48534,36065,3249,1672,473,442,4725,4287,31247,22840,2510,0,0,21599,8869,13,250,16,1381,317,0,608
885,1789,886.0405509031214,99577,655,455,293,126,115084,67904,1.8376532733462547,339,220,13429,17488,32798,25627,2484,6082,48535,36066,3612,1845,472,441,4676,4280,31100,23049,2503,0,0,21402,8800,13,248,18,1549,359,0,667
886,1789,887.1480750036886,99577,640,453,293,126,115171,67976,1.839250027616819,329,197,13491,17436,32588,25369,2657,6417,48536,36067,4002,2030,471,440,4629,4275,30919,23298,2498,0,0,21204,8714,13,244,20,1726,392,0,734
887,1789,888.0396516322422,99577,602,442,293,126,115236,68021,1.8403547003826184,335,177,13492,17345,32435,25131,2841,6777,48537,36068,4419,2228,470,438,4574,4262,30752,23527,2495,0,0,21015,8608,13,243,21,1901,442,0,816
888,1789,889.1608872412965,99576,597,413,294,126,115328,68066,1.841749015827107,323,170,13542,17276,32215,24845,3027,7168,48538,36069,4863,2439,465,434,4521,4261,30555,23789,2490,0,0,20797,8510,13,239,25,2101,483,0,893
889,1789,890.063823333608,99575,590,387,294,127,115404,68095,1.8428219934722572,297,182,13549,17177,32035,24542,3233,7583,48539,36070,5334,2663,463,432,4462,4260,30340,24049,2488,0,0,20586,8411,13,235,29,2306,527,0,974
890,1789,891.2000064926847,99575,576,364,294,127,115503,68148,1.8443484810444388,275,179,13577,17085,31823,24215,3453,8028,48540,36071,5832,2900,460,430,4411,4251,30114,24348,2483,0,0,20329,8299,13,232,32,2538,570,0,1065
891,1789,892.1151274885449,99574,566,349,295,127,115564,68185,1.8453511960953664,258,181,13617,16949,31580,23899,3682,8493,48541,36072,6356,3151,460,428,4356,4246,29871,24635,2478,0,0,20105,8180,13,228,35,2753,618,0,1168
892,1789,893.0373911154511,99574,536,340,295,127,115608,68226,1.8462048325868199,271,166,13611,16811,31360,23552,3925,9002,48542,36073,6905,3415,459,425,4291,4246,29593,24961,2477,0,0,19856,8075,13,226,36,2989,670,0,1257
893,1789,894.1992015366632,99574,510,324,295,127,115673,68268,1.847279410287826,273,174,13644,16678,31102,23192,4174,9503,48543,36074,7478,3693,458,422,4235,4241,29297,25301,2473,0,0,19619,7946,13,217,45,3223,721,0,1363
894,1789,895.1360859540996,99574,513,319,295,127,115735,68299,1.848213389037299,253,168,13634,16527,30856,22830,4447,10027,48544,36075,8073,3984,458,422,4193,4235,29009,25623,2471,0,0,19357,7816,13,213,49,3478,762,0,1475
895,1789,896.0808254698842,99574,501,311,295,127,115791,68345,1.8492377528270432,245,160,13633,16368,30594,22456,4730,10576,48545,36076,8689,4288,457,417,4131,4237,28698,25978,2467,0,0,19106,7682,13,211,51,3718,813,0,1595
896,1789,897.0336664034104,99574,499,295,295,127,115852,68372,1.850121517665254,233,169,13608,16195,30340,22063,5023,11149,48546,36077,9324,4605,454,415,4067,4233,28379,26340,2466,0,0,18799,7571,13,208,54,4003,869,0,1703
897,1789,898.2359155190971,99574,479,279,295,127,115925,68419,1.8513266515355413,206,158,13653,16074,30039,21645,5326,11715,48547,36078,9976,4934,450,415,4012,4230,28043,26731,2462,0,0,18504,7449,13,202,60,4284,913,0,1806
898,1789,899.2070453337678,99574,474,275,295,127,115977,68457,1.852230501938257,216,144,13629,15874,29748,21270,5636,12308,48548,36079,10642,5275,449,412,3940,4228,27699,27107,2461,0,0,18217,7321,13,200,62,4574,979,0,1912
899,1789,900.187807828034,99574,468,268,295,127,116019,68477,1.8528531544379054,246,167,13701,15954,29677,21227,5611,12255,48548,36079,10642,5275,448,412,3936,4220,27701,27134,2462,0,0,18205,7316,13,200,62,4574,979,0,1912
900,1789,900.187807828034,99574,467,273,295,127,116031,68489,1.853094181211963,251,160,13631,15695,29405,20859,5949,12884,48548,36079,11321,5627,448,412,3872,4220,27357,27484,2461,0,3,17926,7176,13,195,66,4851,1041,1,2048
901,1789,901.1791821238342,99573,484,286,295,128,116103,68539,1.8543380233597462,253,157,13604,15530,29088,20414,6274,13483,48548,36079,12009,5990,448,412,3818,4213,27035,27842,2460,0,24,17587,7022,13,190,71,5164,1092,1,2181
902,1789,902.1811896655173,99573,479,280,295,128,116166,68573,1.8553121830215018,254,165,13576,15339,28786,20002,6608,14084,48548,36079,12705,6362,448,412,3752,4208,26706,28217,2454,0,34,17243,6878,13,181,78,5480,1153,2,2314
903,1789,903.1938470872204,99572,467,290,296,128,116237,68617,1.8564857590487285,252,158,13527,15118,28503,19586,6953,14718,48548,36079,13406,6744,447,412,3675,4200,26358,28612,2451,1,46,16924,6733,13,181,78,5771,1221,5,2444
904,1789,904.2167613341309,99572,473,305,296,128,116298,68668,1.857610573253525,261,150,13492,14932,28169,19159,7307,15324,48548,36079,14109,7134,446,410,3602,4200,25992,29007,2448,2,58,16603,6593,13,179,80,6072,1290,8,2569
905,1789,905.2511933676567,99571,485,294,297,128,116372,68707,1.8587640979803357,250,154,13453,14746,27845,18736,7668,15940,48548,36079,14812,7532,446,410,3534,4193,25646,29389,2445,2,73,16256,6444,13,177,82,6397,1354,8,2702
906,1789,906.0353036608869,99571,484,287,297,128,116432,68731,1.8596077171063865,253,173,13391,14551,27534,18299,8039,16560,48548,36079,15512,7936,446,409,3471,4186,25257,29811,2440,2,83,15968,6314,13,175,84,6673,1409,9,2821
907,1789,907.093388834692,99571,486,284,297,128,116510,68776,1.8608430165409606,232,174,13328,14380,27241,17871,8414,17161,48548,36079,16208,8346,446,408,3405,4181,24897,30216,2433,2,89,15615,6195,13,171,88,7000,1469,16,2927
908,1789,908.1633200671728,99571,478,293,297,128,116577,68816,1.861917626618192,241,177,13300,14226,26898,17434,8784,17740,48548,36079,16897,8760,445,408,3338,4177,24545,30606,2429,3,98,15296,6045,13,169,90,7294,1531,19,3065
909,1789,909.246535275322,99571,451,298,297,128,116639,68873,1.8631127537134307,254,173,13248,14018,26582,17060,9166,18321,48548,36079,17577,9178,442,406,3260,4175,24181,31023,2422,6,109,14968,5900,13,165,94,7588,1601,22,3196
910,1789,910.0680489071624,99571,454,305,297,128,116696,68908,1.864036717518153,234,174,13201,13828,26262,16657,9550,18906,48548,36079,18246,9599,441,405,3200,4172,23824,31412,2418,7,114,14648,5759,13,161,98,7892,1653,25,3329
911,1789,911.1782509964588,99571,449,309,297,128,116757,68960,1.8651715861043878,251,176,13191,13645,25902,16286,9908,19454,48548,36079,18903,10021,441,404,3129,4172,23500,31780,2410,7,130,14317,5618,13,159,99,8197,1716,29,3450
912,1789,912.0209039060435,99571,441,309,297,128,116807,68993,1.8660051621456046,249,171,13138,13455,25577,15956,10296,19979,48548,36079,19546,10444,440,403,3063,4170,23115,32189,2409,8,140,14035,5484,13,159,98,8465,1777,35,3568
913,1789,913.1604777096547,99571,439,309,297,128,116880,69044,1.867250504665013,231,174,13134,13311,25231,15590,10666,20486,48548,36079,20173,10867,438,403,3012,4168,22757,32592,2404,10,155,13748,5355,13,153,104,8719,1824,40,3676
914,1789,914.0259228021449,99570,429,302,297,129,116923,69077,1.868032539921663,235,166,13090,13183,24913,15216,11034,21002,48548,36079,20784,11289,437,403,2945,4169,22417,32959,2400,11,169,13440,5240,13,149,107,9006,1888,45,3772
915,1789,915.1963298720493,99570,424,306,297,129,116998,69119,1.869207592648388,229,183,13094,13054,24570,14861,11384,21465,48548,36079,21378,11709,436,402,2870,4169,22057,33352,2393,12,177,13165,5126,13,146,110,9261,1958,56,3867
916,1789,916.0850488686627,99570,419,316,297,129,117053,69166,1.8702319975896355,220,162,13029,12894,24286,14566,11747,21931,48548,36079,21954,12126,435,401,2791,4163,21726,33719,2390,13,182,12884,5032,13,144,111,9524,2030,59,3953
917,1789,917.2858376366889,99570,413,300,297,129,117129,69207,1.8714070503163605,221,153,13007,12813,23969,14258,12091,22345,48548,36079,22511,12539,434,400,2726,4161,21395,34097,2385,14,187,12621,4914,13,140,115,9755,2088,68,4057
918,1789,918.1974076573786,99570,420,290,297,129,117189,69238,1.872320980214924,214,150,12973,12677,23641,13990,12453,22762,48548,36079,23049,12948,433,400,2683,4154,21061,34462,2384,15,192,12351,4802,13,136,119,10008,2125,75,4157
919,1789,919.1214188591032,99570,417,273,297,129,117236,69261,1.8730240032138195,226,159,12931,12543,23306,13711,12821,23183,48548,36079,23568,13352,432,398,2627,4155,20770,34792,2378,16,192,12086,4710,13,134,121,10248,2174,79,4245
920,1789,920.0587440181808,99569,399,276,298,129,117276,69301,1.8738462774558347,236,156,12878,12399,23019,13455,13168,23583,48548,36079,24068,13750,432,398,2566,4151,20497,35107,2372,16,196,11843,4600,13,130,125,10466,2228,84,4345
921,1789,921.0083958428985,99569,397,275,298,129,117327,69341,1.8747602165332584,235,146,12831,12291,22735,13203,13502,23954,48548,36079,24548,14142,428,398,2519,4147,20196,35438,2370,20,205,11611,4497,13,129,126,10682,2267,88,4435
922,1789,922.2919894394448,99568,396,269,298,130,117404,69391,1.87605455568054,221,130,12845,12254,22422,12936,13816,24279,48548,36079,25009,14527,428,397,2474,4136,19936,35755,2367,20,211,11346,4409,13,124,129,10914,2304,98,4507
923,1789,923.2668864867217,99568,407,270,298,130,117466,69420,1.8769685039370079,203,145,12822,12154,22129,12684,14139,24615,48548,36079,25451,14904,428,397,2436,4134,19652,36073,2363,20,209,11089,4338,13,124,129,11148,2337,105,4573
924,1789,924.2546110590418,99568,401,274,298,130,117516,69458,1.8778523220311747,203,136,12791,12082,21848,12444,14457,24932,48548,36079,25874,15273,426,396,2378,4130,19395,36360,2361,22,216,10878,4245,13,122,130,11347,2385,112,4652
925,1789,925.2551831659637,99568,381,268,298,130,117560,69491,1.8786256628635707,206,136,12755,12018,21615,12228,14743,25218,48548,36079,26279,15634,426,393,2326,4122,19159,36641,2357,22,216,10679,4165,13,121,131,11523,2430,122,4722
926,1789,926.267371633921,99567,386,259,299,130,117614,69525,1.8795283577892274,210,137,12728,11952,21359,12021,15016,25499,48548,36079,26666,15987,425,391,2275,4117,18917,36917,2355,23,210,10489,4092,13,115,137,11693,2475,139,4784
927,1789,927.2915716030459,99567,394,253,299,130,117679,69557,1.88050257615475,199,138,12707,11881,21103,11850,15296,25746,48548,36079,27036,16331,424,390,2234,4111,18675,37196,2354,24,213,10277,4009,13,114,138,11883,2511,146,4855
928,1789,928.3282127072638,99567,381,253,299,130,117729,69597,1.8814064901021423,213,125,12703,11847,20835,11664,15567,25979,48548,36079,27389,16666,423,388,2197,4110,18440,37466,2347,25,216,10097,3938,13,112,139,12041,2546,153,4916
929,1789,929.0265172814624,99567,380,247,299,130,117762,69621,1.8819789689354907,208,118,12644,11779,20616,11502,15851,26222,48548,36079,27725,16992,422,388,2162,4105,18207,37721,2346,26,216,9941,3868,13,109,141,12187,2576,159,4980
930,1789,930.0878958002368,99567,373,247,299,130,117811,69656,1.8828226219530568,211,113,12643,11774,20381,11315,16091,26419,48548,36079,28045,17309,422,387,2135,4110,17985,37967,2338,26,224,9743,3811,13,107,143,12368,2600,167,5021
931,1789,931.1613997291239,99567,368,237,299,130,117871,69682,1.8836863619472315,205,129,12628,11776,20172,11134,16326,26592,48548,36079,28350,17617,421,385,2099,4110,17775,38206,2333,27,226,9584,3750,13,105,145,12510,2631,178,5069
932,1789,932.246749230959,99567,359,227,299,130,117917,69712,1.8844496670583628,206,118,12655,11789,19930,10972,16549,26762,48548,36079,28640,17916,419,385,2064,4107,17567,38451,2331,29,227,9428,3687,13,103,146,12641,2660,191,5118
933,1789,933.3450256301403,99567,344,225,299,130,117971,69742,1.8852933200759288,192,112,12666,11800,19739,10830,16758,26901,48548,36079,28916,18206,418,385,2018,4109,17383,38664,2323,30,238,9281,3621,13,103,146,12771,2700,197,5167
934,1789,934.0837364611061,99567,348,227,299,130,118003,69763,1.8858256249560597,184,113,12652,11765,19535,10683,16980,27080,48548,36079,29178,18486,418,384,1988,4108,17203,38860,2322,30,237,9153,3558,13,99,150,12890,2726,203,5225
935,1789,935.2051626934467,99567,336,214,299,130,118051,69787,1.8865487561139735,180,111,12653,11797,19337,10546,17193,27200,48548,36079,29427,18757,418,383,1969,4097,17014,39089,2319,30,238,9019,3508,13,98,151,13002,2742,215,5262
936,1789,936.3386515292814,99567,328,214,299,130,118098,69825,1.8874024526198439,185,101,12691,11833,19113,10419,17382,27301,48548,36079,29664,19019,418,381,1932,4098,16858,39277,2313,30,239,8894,3455,13,95,154,13109,2772,226,5303
937,1789,937.101615340803,99567,333,217,299,130,118141,69848,1.8880653228479316,175,97,12677,11839,18943,10297,17571,27418,48548,36079,29889,19272,418,381,1913,4095,16691,39466,2311,30,237,8753,3421,13,94,155,13234,2790,234,5331
938,1789,938.258694855061,99567,328,206,299,130,118199,69871,1.8888788454005845,183,108,12700,11874,18755,10171,17733,27509,48548,36079,30103,19517,417,379,1886,4095,16548,39643,2304,31,236,8623,3369,13,91,158,13341,2815,241,5377
939,1789,939.0366211041104,99567,310,197,299,130,118230,69887,1.8893508893508892,171,102,12697,11872,18617,10069,17904,27628,48548,36079,30306,19753,417,378,1860,4092,16395,39824,2302,31,237,8513,3327,13,90,159,13435,2836,247,5411
940,1789,940.2151416970617,99566,290,180,300,130,118272,69912,1.890042785689894,163,110,12730,11904,18477,9967,18038,27707,48548,36079,30499,19981,416,378,1822,4088,16263,40001,2298,32,240,8394,3278,13,88,161,13525,2865,253,5451
941,1789,941.0060717261426,99566,285,187,300,130,118306,69938,1.8906454010405158,160,102,12721,11894,18322,9880,18210,27805,48548,36079,30682,20201,415,377,1801,4085,16110,40177,2297,33,238,8307,3232,13,88,161,13596,2884,259,5493
942,1789,942.203749667066,99566,288,177,300,130,118351,69964,1.8913584958720848,152,100,12766,11960,18155,9782,18337,27849,48548,36079,30856,20413,414,376,1782,4087,15989,40317,2292,34,238,8191,3187,13,87,162,13700,2901,272,5524
943,1789,943.004495578902,99565,282,178,300,131,118373,69988,1.8918395018329734,157,92,12800,11977,17985,9696,18474,27924,48548,36079,31021,20617,413,375,1755,4084,15862,40461,2290,35,236,8098,3156,13,86,163,13783,2926,279,5550
944,1789,944.1998786309895,99565,283,173,300,131,118426,70012,1.8926128659669563,148,93,12842,12042,17848,9602,18577,27957,48548,36079,31177,20813,412,374,1737,4080,15727,40616,2289,36,238,8008,3126,13,85,164,13865,2938,292,5565
945,1789,945.388398833426,99565,291,177,300,131,118478,70043,1.8934464922412495,140,95,12868,12099,17700,9511,18699,27985,48548,36079,31326,21002,412,372,1719,4074,15618,40755,2288,36,244,7926,3092,13,84,165,13931,2951,295,5590
946,1789,946.1764598612532,99564,286,169,301,131,118505,70055,1.8938572174681612,140,93,12873,12110,17573,9445,18825,28050,48548,36079,31467,21184,410,372,1693,4074,15519,40870,2285,38,244,7856,3063,13,84,165,13993,2971,303,5611
947,1789,947.3493408498354,99564,284,161,301,131,118552,70081,1.894590414205938,142,91,12939,12199,17420,9365,18912,28051,48548,36079,31601,21359,410,371,1676,4071,15410,41008,2281,38,248,7776,3037,13,83,166,14055,2985,310,5626
948,1789,948.1282853820073,99564,272,165,301,131,118573,70100,1.8949921658430757,149,89,12960,12230,17296,9300,19020,28083,48548,36079,31728,21527,410,371,1661,4071,15299,41132,2278,38,248,7711,3001,13,82,166,14112,2999,316,5656
949,1789,949.2889298718555,99564,268,155,301,131,118616,70120,1.895624924671568,144,89,12998,12297,17182,9237,19105,28089,48548,36079,31849,21689,409,369,1644,4070,15211,41248,2275,39,248,7626,2975,13,82,166,14179,3012,322,5676
950,1789,950.0599258928218,99564,275,153,301,131,118645,70139,1.8961070266361335,143,86,13017,12332,17063,9182,19199,28114,48548,36079,31964,21844,409,369,1633,4071,15116,41352,2272,39,248,7566,2946,13,82,166,14235,3020,329,5698
951,1789,951.2095188514751,99564,262,153,301,131,118682,70164,1.8967297416736972,147,89,13072,12415,16955,9105,19261,28105,48548,36079,32073,21993,408,368,1621,4066,15017,41473,2270,40,248,7506,2920,13,82,166,14282,3031,339,5714
952,1789,952.3555293103271,99564,248,161,301,131,118719,70197,1.8974328070386888,144,81,13149,12524,16833,9036,19323,28065,48548,36079,32177,22136,408,367,1607,4062,14936,41585,2267,40,246,7438,2894,13,82,165,14331,3042,348,5733
953,1789,953.1173987095159,99564,251,150,301,131,118750,70206,1.8978345586758265,133,82,13181,12565,16729,8988,19403,28082,48548,36079,32275,22274,408,367,1593,4063,14848,41685,2264,40,249,7388,2867,13,81,166,14376,3051,352,5753
954,1789,954.2550050798935,99564,250,149,301,131,118791,70228,1.8984673175043187,129,75,13261,12665,16608,8926,19449,28052,48548,36079,32368,22406,408,365,1587,4061,14763,41790,2262,40,248,7326,2842,13,79,168,14424,3057,359,5772
955,1789,955.0119534133626,99564,245,144,301,131,118818,70242,1.8988791129323852,121,76,13298,12721,16512,8874,19521,28052,48548,36079,32457,22533,407,365,1576,4065,14694,41871,2258,41,251,7270,2819,13,79,168,14469,3067,363,5788
956,1789,956.1428345046234,99564,247,135,301,131,118852,70261,1.899411433851593,124,66,13355,12806,16414,8826,19557,28034,48548,36079,32541,22655,407,365,1563,4062,14628,41963,2257,41,252,7214,2801,13,75,170,14507,3078,373,5795
957,1789,957.2715376804841,99564,247,133,301,131,118895,70279,1.9000241050982283,116,67,13446,12914,16304,8758,19584,27995,48548,36079,32621,22772,407,364,1553,4062,14552,42057,2254,41,248,7174,2782,13,74,171,14539,3082,389,5802
958,1789,958.0232028175383,99564,241,127,301,131,118916,70288,1.9003254188260816,120,72,13472,12954,16237,8718,19627,27996,48548,36079,32697,22885,407,364,1541,4056,14510,42121,2252,41,247,7116,2766,13,74,171,14585,3092,390,5818
959,1789,959.1479408075687,99564,225,139,301,131,118934,70313,1.9007573018360049,139,73,13579,13036,16122,8654,19632,27965,48548,36079,32770,22993,407,361,1530,4058,14437,42202,2251,40,248,7071,2752,13,74,171,14626,3102,392,5829
960,1789,960.2721179968479,99564,239,139,301,131,118980,70336,1.901450323410068,122,69,13667,13131,16030,8608,19639,27920,48548,36079,32839,23097,405,361,1519,4056,14381,42276,2249,42,250,7026,2734,13,73,172,14661,3109,399,5838
961,1789,961.0213225151689,99564,236,133,301,131,119003,70343,1.9017516371379213,125,77,13713,13186,15950,8566,19673,27905,48548,36079,32905,23197,405,361,1512,4051,14330,42342,2249,42,248,6986,2719,13,73,172,14692,3116,402,5851
962,1789,962.1431434926441,99564,238,137,301,131,119043,70368,1.9024044835482705,114,69,13816,13316,15865,8506,19664,27839,48548,36079,32968,23293,405,360,1498,4048,14279,42420,2247,41,249,6945,2712,13,73,172,14719,3124,409,5850
963,1789,963.2652815020572,99563,229,132,302,131,119067,70383,1.9028153028735575,126,76,13900,13403,15778,8451,19663,27805,48548,36079,33028,23385,404,360,1487,4045,14215,42499,2244,42,249,6913,2700,13,73,172,14742,3134,413,5858
964,1789,964.013483300807,99563,228,140,302,131,119092,70401,1.9032471902212669,121,64,13930,13456,15716,8405,19701,27802,48548,36079,33085,23473,403,360,1479,4047,14169,42557,2240,43,247,6878,2684,13,73,172,14770,3139,418,5871
965,1789,965.13353849036,99563,227,138,302,131,119129,70418,1.9037895603788555,120,66,14042,13580,15613,8349,19694,27734,48548,36079,33139,23558,403,359,1467,4041,14132,42614,2238,43,250,6840,2668,13,73,171,14801,3148,423,5879
966,1789,966.2541106317409,99563,233,129,302,131,119166,70439,1.9043721061036731,120,69,14141,13676,15526,8320,19676,27673,48548,36079,33191,23640,403,359,1464,4041,14085,42682,2233,43,251,6811,2654,13,73,171,14816,3149,431,5884
967,1789,967.0015838446545,99563,226,136,302,131,119183,70457,1.904723642316925,121,61,14183,13779,15468,8276,19698,27615,48548,36079,33240,23718,403,359,1459,4039,14046,42735,2232,43,251,6778,2643,13,73,171,14841,3152,434,5891
968,1789,968.1216872050269,99562,212,126,303,131,119216,70470,1.9052047970109078,122,66,14273,13891,15410,8244,19678,27540,48548,36079,33287,23793,402,359,1455,4037,13999,42810,2230,43,252,6747,2633,13,73,169,14855,3151,439,5895
969,1789,969.2431300941099,99562,206,128,303,131,119243,70485,1.9056266447038026,122,70,14373,14005,15331,8197,19663,27467,48548,36079,33332,23865,402,359,1451,4033,13955,42869,2229,43,252,6717,2623,13,73,169,14875,3155,444,5900
970,1789,970.3654241338588,99561,216,128,303,132,119283,70505,1.9062484306103795,110,58,14465,14137,15263,8156,19641,27387,48548,36079,33375,23935,402,358,1444,4028,13930,42912,2228,43,254,6690,2613,13,73,169,14893,3160,450,5901
971,1789,971.114248301577,99561,223,126,303,132,119304,70515,1.9065597975110735,108,61,14520,14188,15199,8128,19645,27363,48548,36079,33416,24002,402,358,1440,4027,13897,42956,2227,43,253,6658,2606,13,73,169,14918,3162,456,5903
972,1789,972.2374393573884,99561,218,121,303,132,119330,70530,1.9069716053474755,98,61,14622,14303,15129,8085,19628,27296,48548,36079,33455,24066,402,357,1436,4025,13869,43004,2226,43,254,6630,2590,13,73,169,14934,3163,459,5914
973,1789,973.3616708428996,99561,207,113,303,132,119354,70548,1.907393457277448,98,61,14726,14413,15052,8060,19612,27219,48548,36079,33492,24128,402,357,1431,4023,13828,43063,2223,43,256,6604,2580,13,73,169,14950,3165,463,5918
974,1789,974.1117466843683,99561,200,112,303,132,119366,70559,1.9076244714295758,109,58,14771,14464,15002,8035,19613,27197,48548,36079,33528,24187,401,357,1424,4020,13786,43120,2223,44,255,6588,2577,13,72,169,14959,3169,464,5920
975,1789,975.2369883987882,99561,208,107,303,132,119404,70580,1.9082170729502517,91,59,14867,14587,14944,8011,19585,27102,48548,36079,33562,24244,400,357,1418,4020,13747,43173,2220,45,258,6563,2570,13,72,169,14975,3173,471,5917
976,1789,976.363879625063,99560,199,102,304,132,119429,70597,1.9086580956207313,95,55,14936,14697,14895,7986,19569,27026,48548,36079,33594,24299,400,356,1416,4018,13710,43225,2218,45,264,6547,2556,13,72,169,14984,3171,476,5920
977,1789,977.1157147089549,99560,213,101,304,132,119452,70607,1.9089895540377662,91,50,15002,14766,14829,7962,19559,26987,48548,36079,33625,24352,400,356,1410,4019,13680,43259,2217,45,267,6529,2547,13,72,169,14999,3176,481,5921
978,1789,978.2441102744714,99560,199,105,304,132,119475,70620,1.909351145038168,94,44,15113,14875,14764,7933,19524,26909,48548,36079,33655,24403,399,356,1405,4013,13652,43304,2216,46,267,6507,2544,13,72,169,15012,3180,486,5919
979,1789,979.3743826189788,99560,191,102,304,132,119503,70630,1.909732824427481,92,46,15214,14992,14692,7900,19505,26826,48548,36079,33683,24452,398,355,1403,4011,13627,43351,2213,47,268,6486,2539,13,72,169,15018,3181,488,5921
980,1789,980.1287524033991,99560,181,99,304,132,119512,70640,1.9099236641221373,98,42,15274,15066,14642,7881,19499,26778,48548,36079,33710,24499,398,355,1400,4009,13589,43398,2212,47,267,6466,2537,13,72,168,15035,3183,489,5922
981,1789,981.2609643756947,99560,181,93,304,132,119540,70650,1.9103053435114503,96,43,15388,15170,14576,7859,19453,26701,48548,36079,33736,24544,398,355,1398,4011,13566,43434,2206,47,265,6449,2533,13,71,169,15045,3183,499,5918
982,1789,982.017272176301,99560,178,90,304,132,119558,70659,1.9105765367617518,91,45,15460,15227,14522,7844,19443,26660,48548,36079,33761,24588,398,355,1396,4007,13531,43478,2205,47,267,6436,2527,13,71,169,15055,3184,501,5920
983,1789,983.1530046789054,99560,180,90,304,132,119583,70672,1.9109582161510648,93,46,15572,15355,14455,7814,19394,26561,48548,36079,33785,24630,398,354,1392,4006,13520,43501,2204,47,267,6413,2522,13,71,169,15071,3187,506,5919
984,1789,984.2914253861443,99560,177,95,304,132,119612,70687,1.9114001607071114,82,42,15691,15466,14405,7778,19339,26485,48548,36079,33808,24670,398,353,1388,4006,13499,43536,2203,47,268,6391,2517,13,70,169,15084,3189,510,5919
985,1789,985.0523250879854,99560,182,92,304,132,119627,70693,1.911611088790679,81,46,15769,15536,14345,7756,19317,26436,48548,36079,33830,24709,398,353,1381,4006,13480,43562,2201,47,268,6380,2508,13,70,169,15092,3194,513,5925
986,1789,986.1954546376787,99560,168,91,304,132,119652,70707,1.9120028123744475,90,45,15876,15649,14298,7738,19262,26343,48548,36079,33851,24747,398,353,1378,4002,13476,43588,2197,47,271,6356,2500,13,70,169,15103,3197,516,5926
987,1789,987.3416194823733,99560,168,94,304,132,119676,70722,1.9123945359582162,95,43,15966,15772,14249,7706,19216,26251,48548,36079,33871,24783,398,353,1372,4001,13453,43621,2195,47,270,6349,2498,13,69,170,15103,3203,518,5927
988,1789,988.1073349620675,99560,167,93,304,132,119691,70732,1.9126456408196062,85,43,16044,15838,14204,7691,19194,26201,48548,36079,33890,24818,397,353,1372,3999,13432,43650,2195,48,272,6338,2491,13,69,170,15108,3203,519,5931
989,1789,989.2574592954637,99560,160,94,304,132,119708,70747,1.9129670550421856,92,40,16128,15947,14146,7671,19168,26114,48548,36079,33909,24852,397,352,1368,4000,13407,43686,2194,48,276,6325,2483,13,68,171,15114,3205,520,5933
990,1789,990.0252951236761,99560,162,94,304,132,119729,70757,1.9132784250703094,85,42,16196,16026,14110,7646,19141,26058,48548,36079,33927,24884,397,352,1365,3997,13390,43719,2192,48,275,6310,2480,13,68,171,15123,3203,522,5935
991,1789,991.178675430289,99559,166,86,305,132,119748,70768,1.913598971464157,94,43,16286,16144,14053,7629,19094,25964,48548,36079,33944,24915,397,352,1361,3997,13377,43745,2191,48,277,6293,2476,13,68,171,15130,3205,525,5933
992,1789,992.3350687276642,99559,160,85,305,132,119772,70785,1.9140107875731978,96,37,16395,16255,14005,7619,19037,25870,48548,36079,33960,24945,396,352,1356,3996,13366,43770,2187,49,279,6282,2472,13,68,171,15134,3209,529,5930
993,1789,993.1078733872667,99559,155,80,305,132,119789,70788,1.914211673480047,92,46,16463,16338,13960,7595,19023,25807,48548,36079,33976,24974,396,352,1356,3989,13351,43795,2187,49,278,6271,2470,13,68,171,15143,3208,532,5930
994,1789,994.2686511525255,99559,150,88,305,132,119814,70804,1.914623489589088,82,44,16561,16451,13923,7564,18977,25719,48548,36079,33991,25002,395,351,1353,3984,13342,43816,2186,50,278,6263,2466,13,67,172,15146,3211,535,5931
995,1789,995.0439883635039,99559,147,82,305,132,119826,70811,1.9148143312005945,87,43,16639,16503,13878,7549,18942,25689,48548,36079,34006,25029,394,351,1351,3984,13326,43840,2186,51,279,6251,2461,13,67,172,15152,3211,536,5934
996,1789,996.2096447061194,99559,153,75,305,132,119858,70820,1.9152261473096355,76,52,16735,16618,13833,7524,18896,25597,48548,36079,34020,25055,394,351,1347,3985,13306,43871,2184,51,285,6240,2454,13,67,172,15157,3211,538,5933
997,1789,997.3785072761557,99559,147,77,305,132,119880,70835,1.9155977862373066,74,48,16841,16722,13786,7501,18845,25518,48548,36079,34033,25080,394,351,1344,3982,13297,43894,2182,51,285,6228,2449,13,67,172,15162,3212,543,5933
998,1789,998.1594036213002,99559,151,77,305,132,119896,70842,1.915828805030183,73,50,16906,16822,13746,7483,18817,25434,48548,36079,34046,25104,394,351,1339,3978,13282,43917,2182,51,285,6222,2448,13,67,172,15166,3215,545,5932
999,1789,999.3330482678732,99559,150,82,305,132,119916,70860,1.9162104882531965,73,45,17021,16968,13689,7449,18760,25322,48548,36079,34058,25127,392,351,1337,3977,13266,43940,2182,53,287,6211,2444,13,67,172,15172,3216,548,5931
1000,1789,1000.1174281402509,99559,161,73,305,132,119937,70867,1.9164917285227854,69,43,17086,17045,13645,7447,18732,25258,48548,36079,34070,25150,391,351,1336,3976,13255,43962,2181,54,288,6198,2439,13,67,172,15179,3214,552,5931
1001,1789,1001.296484779792,99559,156,73,305,132,119957,70878,1.9168031016784017,71,44,17192,17171,13597,7424,18677,25154,48548,36079,34082,25172,391,351,1336,3974,13247,43982,2179,54,290,6187,2434,13,67,172,15182,3214,555,5931
1002,1789,1002.0845445987,99559,143,78,305,132,119964,70889,1.916983898994566,82,47,17266,17244,13556,7405,18646,25092,48548,36079,34093,25193,391,351,1334,3974,13226,44011,2178,54,292,6180,2430,13,67,172,15184,3214,556,5932
1003,1789,1003.2688323670477,99559,146,77,305,132,119987,70902,1.9173454936268945,76,50,17355,17374,13500,7380,18616,24985,48548,36079,34104,25213,391,350,1331,3971,13220,44029,2177,54,292,6176,2428,13,67,171,15182,3217,560,5930
1004,1789,1004.0594904647731,99559,153,74,305,132,120006,70911,1.9176267338964834,66,47,17440,17458,13457,7373,18577,24914,48548,36079,34114,25233,391,350,1329,3969,13206,44049,2176,54,294,6169,2424,13,67,171,15187,3218,562,5930
1005,1789,1005.2481569988612,99558,141,85,305,133,120024,70928,1.9179975491673196,67,46,17554,17599,13424,7333,18507,24802,48548,36079,34124,25252,391,349,1328,3967,13189,44075,2176,54,293,6164,2420,13,66,172,15188,3216,565,5932
1006,1789,1006.0431448050043,99558,145,86,305,133,120037,70937,1.918218525884409,64,44,17623,17668,13387,7312,18474,24755,48548,36079,34134,25270,391,349,1325,3965,13181,44091,2175,54,295,6157,2418,13,66,172,15192,3217,566,5931
1007,1789,1007.2385682446027,99558,140,83,305,133,120056,70945,1.9184897245826553,62,42,17725,17792,13351,7282,18415,24666,48548,36079,34143,25288,391,348,1325,3964,13167,44113,2174,54,298,6149,2415,13,66,172,15195,3217,569,5928
1008,1789,1008.0376742040523,99558,134,79,305,133,120064,70951,1.9186303461298941,69,48,17816,17873,13312,7270,18362,24595,48548,36079,34152,25305,391,348,1323,3962,13162,44128,2174,54,298,6142,2410,13,66,172,15197,3216,571,5931
1009,1789,1009.2399029015806,99558,129,91,305,133,120082,70971,1.9190120331866851,67,38,17912,17982,13269,7241,18316,24513,48548,36079,34161,25322,391,348,1322,3956,13158,44145,2174,54,297,6136,2408,13,66,172,15197,3216,573,5932
1010,1789,1010.0435204424363,99558,123,90,305,133,120093,70976,1.9191727435263866,74,44,17995,18077,13236,7215,18265,24439,48548,36079,34169,25338,391,347,1320,3956,13152,44159,2173,54,298,6127,2406,13,66,172,15203,3216,576,5929
1011,1789,1011.2524907993215,99558,114,86,305,133,120110,70987,1.9194539866208642,73,42,18091,18188,13208,7194,18207,24355,48548,36079,34177,25354,391,347,1318,3953,13143,44185,2173,54,299,6115,2403,13,66,172,15203,3216,577,5930
1012,1789,1012.0607110023849,99558,120,84,305,133,120126,70991,1.919654874545491,66,47,18177,18266,13173,7168,18157,24300,48548,36079,34185,25369,391,347,1317,3952,13133,44198,2173,54,299,6112,2400,13,66,172,15204,3217,579,5931
1013,1789,1013.2744265480637,99558,125,77,305,133,120151,71004,1.920036561602282,64,42,18289,18392,13123,7165,18092,24189,48548,36079,34192,25384,389,345,1316,3955,13123,44217,2171,56,302,6102,2395,13,65,172,15207,3218,584,5928
1014,1789,1014.07994343335,99557,121,76,306,133,120160,71011,1.9202165593579557,67,41,18355,18458,13086,7151,18063,24139,48548,36079,34199,25398,388,345,1315,3953,13121,44229,2170,57,304,6091,2390,13,65,172,15212,3217,584,5931
1015,1789,1015.2830253725667,99557,113,74,306,133,120178,71023,1.9205178942716232,69,41,18465,18585,13056,7128,17989,24037,48548,36079,34206,25412,387,344,1312,3951,13123,44246,2168,58,304,6081,2387,13,64,173,15211,3218,585,5932
1016,1789,1016.0810981215403,99557,112,73,306,133,120188,71031,1.9206986952198237,70,44,18540,18652,13017,7113,17953,23983,48548,36079,34213,25425,387,343,1310,3950,13121,44255,2168,58,305,6071,2385,13,64,172,15217,3220,586,5932
1017,1789,1017.2724776057298,99557,126,72,306,133,120211,71043,1.9210502526191027,60,39,18650,18764,12969,7094,17887,23896,48548,36079,34220,25438,387,343,1308,3949,13121,44267,2167,58,305,6060,2384,13,64,172,15220,3222,585,5932
1018,1789,1018.062662019089,99557,126,71,306,133,120225,71046,1.921221009070181,61,39,18723,18859,12936,7066,17846,23830,48548,36079,34226,25451,387,343,1307,3949,13117,44274,2166,58,305,6054,2381,13,64,172,15224,3223,586,5934
1019,1789,1019.2420067727178,99557,123,70,306,133,120244,71058,1.9215323884809707,52,38,18818,18958,12901,7049,17798,23750,48548,36079,34232,25463,386,343,1306,3950,13103,44297,2164,59,308,6048,2376,13,64,172,15224,3222,587,5935
1020,1789,1020.025020856255,99557,118,69,306,133,120251,71063,1.9216529224464378,52,39,18904,19014,12863,7031,17755,23712,48548,36079,34238,25475,386,343,1304,3949,13098,44307,2164,59,308,6044,2375,13,64,172,15224,3224,589,5934
1021,1789,1021.1936062396261,99557,117,68,306,133,120269,71071,1.9219140793716163,50,48,18993,19137,12828,7009,17704,23603,48548,36079,34244,25486,385,342,1302,3949,13093,44320,2162,60,311,6036,2371,13,64,172,15228,3225,589,5935
1022,1789,1022.3562913613368,99557,109,68,306,133,120281,71083,1.9221551473025502,53,48,19090,19254,12794,6986,17646,23509,48548,36079,34250,25497,385,342,1301,3948,13101,44327,2160,60,311,6019,2370,13,64,172,15233,3226,594,5931
1023,1789,1023.1282213889164,99557,107,72,306,133,120292,71096,1.9223962152334844,53,42,19164,19326,12760,6968,17608,23457,48548,36079,34255,25508,385,341,1299,3948,13105,44334,2160,59,311,6012,2367,13,64,172,15235,3224,596,5932
1024,1789,1024.2810655895587,99557,105,69,306,133,120304,71110,1.9226573721586628,55,39,19268,19445,12718,6955,17546,23357,48548,36079,34260,25518,384,340,1298,3952,13097,44352,2156,60,313,6008,2363,13,64,172,15231,3224,598,5932
1025,1789,1025.0461494141534,99557,100,67,306,133,120313,71117,1.922818084112619,55,38,19340,19516,12689,6946,17508,23298,48548,36079,34265,25528,384,340,1296,3951,13096,44364,2155,60,313,6004,2363,13,64,172,15229,3223,599,5931
1026,1789,1026.1882636467874,99557,104,65,306,133,120330,71128,1.923099330032042,61,35,19443,19625,12634,6924,17450,23216,48548,36079,34270,25538,384,340,1293,3950,13089,44380,2155,60,316,5999,2358,13,64,172,15229,3223,600,5932
1027,1789,1027.3243764515037,99557,107,59,306,133,120353,71137,1.923420753939954,54,36,19552,19719,12598,6907,17381,23144,48548,36079,34275,25548,384,340,1292,3948,13082,44399,2155,60,320,5993,2354,13,64,172,15225,3224,604,5928
1028,1789,1028.0784911701294,99557,100,61,306,133,120362,71142,1.9235613768996656,55,35,19626,19789,12566,6892,17345,23088,48548,36079,34280,25557,384,339,1290,3950,13074,44408,2153,60,320,5992,2353,13,64,172,15226,3226,605,5928
1029,1789,1029.204205827152,99557,98,57,306,133,120373,71148,1.9237321333507438,58,36,19722,19910,12515,6873,17299,22989,48548,36079,34284,25566,384,339,1290,3947,13067,44422,2153,60,321,5990,2350,13,63,172,15227,3225,607,5927
1030,1789,1030.3245815007879,99557,98,59,306,133,120389,71160,1.9240133792701668,53,27,19810,20010,12475,6851,17256,22918,48548,36079,34288,25575,384,339,1289,3947,13064,44435,2152,60,322,5984,2349,13,63,172,15224,3226,608,5926
1031,1789,1031.0687555127693,99557,102,58,306,133,120401,71163,1.9241640467270007,50,28,19866,20090,12449,6829,17225,22860,48548,36079,34292,25583,384,339,1289,3945,13060,44444,2152,60,323,5983,2347,13,63,172,15222,3226,608,5927
1032,1789,1032.1808951628416,99557,98,57,306,133,120412,71170,1.9243448476752012,51,29,19950,20186,12418,6809,17175,22784,48548,36079,34296,25591,384,339,1288,3941,13055,44457,2152,60,325,5980,2345,13,63,171,15223,3226,609,5926
1033,1789,1033.2886312543562,99557,99,52,306,133,120423,71174,1.9244955151320349,57,32,20032,20298,12385,6781,17119,22702,48548,36079,34300,25599,384,339,1285,3941,13055,44466,2152,60,326,5974,2344,13,63,171,15223,3226,610,5925
1034,1789,1034.024532864982,99557,94,54,306,133,120433,71179,1.9246461825888688,52,38,20089,20362,12360,6763,17097,22648,48548,36079,34304,25607,383,339,1285,3938,13053,44474,2152,61,326,5969,2343,13,63,171,15225,3226,611,5925
1035,1789,1035.1242278100938,99556,88,56,306,134,120443,71189,1.924866406846398,58,36,20194,20470,12309,6736,17043,22566,48548,36079,34308,25615,383,338,1285,3933,13047,44489,2152,61,329,5965,2340,13,63,171,15226,3225,612,5924
1036,1789,1036.2184063607301,99556,87,59,306,134,120458,71198,1.9251074771987624,57,35,20287,20578,12273,6714,16988,22478,48548,36079,34312,25622,383,338,1283,3933,13040,44502,2151,61,331,5962,2338,13,63,171,15226,3225,614,5922
1037,1789,1037.3075000276453,99556,91,61,306,134,120478,71208,1.9254088151392181,50,33,20375,20678,12238,6701,16938,22391,48548,36079,34316,25629,383,338,1283,3929,13041,44509,2151,61,334,5958,2333,13,63,171,15226,3225,616,5922
1038,1789,1038.0309550944157,99556,87,63,306,134,120483,71215,1.9255293503154003,56,36,20452,20742,12210,6685,16887,22338,48548,36079,34319,25636,383,337,1282,3930,13038,44517,2151,61,334,5955,2332,13,63,171,15226,3224,618,5921
1039,1789,1039.111465009638,99556,83,60,306,134,120493,71223,1.9257101530796739,55,30,20543,20837,12172,6666,16839,22271,48548,36079,34322,25643,383,337,1282,3932,13030,44528,2149,61,336,5952,2330,13,63,171,15226,3224,620,5919
1040,1789,1040.1871732960722,99556,87,51,306,134,120508,71228,1.9259110450399775,55,34,20626,20938,12138,6644,16786,22197,48548,36079,34325,25650,383,337,1280,3932,13035,44534,2148,61,336,5943,2329,13,63,171,15228,3223,623,5917
1041,1789,1041.2582901936983,99556,95,51,306,134,120525,71237,1.9261722045883725,56,31,20733,21047,12089,6620,16719,22115,48548,36079,34328,25656,383,337,1279,3932,13026,44545,2148,61,336,5941,2329,13,63,171,15229,3223,625,5915
1042,1789,1042.32404069308,99556,92,57,306,134,120538,71247,1.9264032303427217,57,27,20823,21148,12065,6594,16655,22038,48548,36079,34331,25662,381,337,1279,3931,13022,44553,2147,63,336,5940,2328,13,63,171,15229,3222,626,5915
1043,1789,1043.0319198926554,99556,80,50,306,134,120545,71249,1.9264936317248584,58,29,20887,21211,12053,6588,16614,21986,48548,36079,34334,25668,381,336,1278,3932,13014,44566,2147,63,337,5932,2327,13,63,171,15232,3223,628,5913
1044,1789,1044.089923078805,99556,84,43,306,134,120559,71254,1.926684479087147,56,31,20969,21305,12018,6569,16565,21916,48548,36079,34337,25674,381,336,1277,3932,13009,44579,2146,63,338,5929,2325,13,63,171,15230,3222,632,5910
1045,1789,1045.143613801472,99556,92,42,306,134,120572,71261,1.9268853710474507,51,29,21081,21415,11975,6547,16493,21831,48548,36079,34340,25680,381,336,1276,3933,13007,44585,2145,63,339,5926,2324,13,63,171,15229,3223,634,5908
1046,1789,1046.19190655114,99556,95,49,306,134,120586,71272,1.9271364859978304,48,25,21174,21512,11934,6526,16441,21752,48548,36079,34343,25686,380,335,1274,3934,13008,44589,2144,64,339,5924,2324,13,63,171,15229,3223,637,5905
1047,1789,1047.2356709445016,99556,102,47,306,134,120601,71276,1.9273273333601189,55,27,21247,21608,11899,6511,16389,21671,48548,36079,34346,25691,380,335,1273,3934,13005,44596,2143,64,340,5920,2323,13,63,171,15230,3224,637,5905
1048,1789,1048.2755342738337,99556,106,44,306,134,120620,71282,1.9275784483104985,51,24,21339,21694,11863,6493,16333,21609,48548,36079,34349,25696,380,335,1273,3934,12998,44607,2143,64,341,5915,2322,13,63,171,15233,3222,639,5903
1049,1789,1049.3111008698531,99556,104,40,306,134,120634,71286,1.927759251074772,52,25,21415,21780,11831,6474,16290,21545,48548,36079,34352,25701,380,335,1272,3933,12997,44619,2141,64,341,5912,2321,13,63,171,15230,3221,644,5899
1050,1789,1050.3429863205026,99556,106,40,306,134,120646,71291,1.92793000924103,51,26,21498,21873,11794,6453,16243,21472,48548,36079,34354,25706,379,335,1271,3931,12998,44623,2141,65,342,5908,2320,13,63,171,15232,3221,646,5897
1051,1789,1051.0286636529183,99556,108,44,306,134,120658,71296,1.9281007674072883,46,25,21555,21922,11771,6439,16212,21434,48548,36079,34356,25711,378,335,1270,3930,12995,44629,2141,66,342,5906,2320,13,63,171,15232,3222,646,5897
1052,1789,1052.0295736912362,99556,110,48,306,134,120672,71306,1.9283418377596528,45,19,21640,22011,11740,6418,16157,21368,48548,36079,34358,25716,378,334,1270,3930,12988,44639,2141,66,344,5902,2318,13,63,171,15235,3221,647,5896
1053,1789,1053.0013287172742,99556,108,51,306,134,120681,71314,1.928512595925911,41,13,21708,22084,11714,6404,16121,21312,48548,36079,34360,25721,378,334,1270,3929,12984,44647,2141,66,345,5901,2316,13,63,171,15233,3221,649,5895
1054,1789,1054.2614277603477,99556,104,41,306,134,120696,71318,1.9287034432881995,47,23,21813,22211,11674,6386,16054,21203,48548,36079,34362,25726,378,334,1270,3926,12983,44657,2141,66,345,5898,2314,13,63,171,15233,3220,652,5892
1055,1789,1055.274421899145,99555,98,37,307,134,120709,71324,1.9289136658128672,40,22,21912,22289,11638,6378,16003,21138,48548,36079,34364,25730,378,334,1270,3925,12977,44669,2140,66,345,5896,2313,13,63,171,15231,3219,653,5892
1056,1789,1056.2831938720753,99555,96,37,307,134,120721,71328,1.9290743809954296,40,22,21991,22385,11609,6353,15955,21067,48548,36079,34366,25734,378,334,1269,3921,12980,44676,2140,66,345,5892,2312,13,63,171,15230,3219,653,5893
1057,1789,1057.2881703432886,99555,95,40,307,134,120731,71333,1.9292250514790819,39,22,22078,22462,11586,6342,15893,20998,48548,36079,34368,25738,378,334,1267,3918,12982,44681,2140,66,345,5889,2311,13,63,171,15230,3220,653,5894
1058,1789,1058.2890757790733,99555,95,47,307,134,120743,71342,1.929435990156195,40,21,22165,22538,11554,6320,15837,20938,48548,36079,34370,25742,378,334,1267,3916,12975,44692,2140,66,345,5888,2311,13,63,171,15229,3220,654,5893
1059,1789,1059.2863214766762,99555,97,49,307,134,120755,71349,1.9296268394354879,36,23,22237,22617,11515,6302,15806,20873,48548,36079,34372,25746,378,333,1265,3916,12976,44700,2139,66,345,5885,2311,13,63,171,15227,3221,653,5893
1060,1789,1060.2801085060482,99555,91,46,307,134,120762,71354,1.9297473758224097,42,26,22307,22693,11494,6286,15757,20813,48548,36079,34374,25750,378,333,1265,3916,12979,44705,2137,66,345,5878,2311,13,63,171,15229,3220,656,5890
1061,1789,1061.270841145621,99555,87,48,307,134,120775,71362,1.929958314499523,47,21,22394,22788,11460,6266,15703,20741,48548,36079,34376,25754,377,333,1265,3913,12981,44714,2137,67,346,5874,2309,13,63,170,15226,3220,658,5889
1062,1789,1062.2578060781007,99555,84,44,307,134,120784,71366,1.9300888955853548,45,21,22477,22877,11431,6254,15654,20668,48548,36079,34378,25758,377,333,1265,3909,12983,44722,2137,67,347,5869,2308,13,63,170,15225,3220,658,5889
1063,1789,1063.2410122584545,99555,83,46,307,134,120791,71372,1.9302194766711869,49,21,22547,22948,11405,6231,15607,20618,48548,36079,34380,25762,377,333,1265,3909,12982,44727,2137,67,347,5865,2307,13,63,170,15225,3220,659,5889
1064,1789,1064.048391401513,99555,81,41,307,134,120800,71377,1.930360102455929,50,22,22647,23053,11360,6219,15553,20529,48548,36079,34382,25766,375,333,1265,3908,12983,44733,2137,69,349,5859,2305,13,63,170,15226,3219,663,5885
1065,1789,1065.0243748365049,99555,76,44,307,134,120808,71385,1.9305208176384914,55,19,22720,23144,11337,6201,15503,20456,48548,36079,34384,25770,375,333,1265,3908,12984,44739,2135,69,348,5856,2304,13,63,170,15225,3219,663,5886
1066,1789,1066.0822971744572,99555,84,39,307,134,120821,71387,1.9306714881221436,48,20,22797,23207,11308,6195,15454,20403,48548,36079,34386,25773,375,333,1264,3908,12978,44749,2135,69,348,5856,2304,13,62,171,15222,3220,663,5885
1067,1789,1067.1294215155742,99555,77,33,307,134,120835,71393,1.9308723821003466,48,24,22882,23313,11283,6182,15401,20312,48548,36079,34388,25776,375,332,1264,3907,12972,44762,2133,69,349,5853,2303,13,62,171,15224,3218,665,5883
1068,1789,1068.0952694069956,99555,81,38,307,134,120848,71400,1.9310732760785496,40,22,22965,23386,11256,6162,15349,20256,48548,36079,34390,25779,375,332,1264,3907,12968,44769,2132,69,349,5852,2303,13,62,171,15224,3217,665,5883
1069,1789,1069.0578215186265,99555,72,42,307,134,120851,71408,1.931183767766561,50,20,23037,23461,11223,6143,15309,20198,48548,36079,34392,25782,375,332,1263,3906,12969,44774,2131,69,349,5850,2301,13,62,171,15223,3217,666,5884
1070,1789,1070.1736843042645,99555,76,40,307,134,120865,71412,1.931364572346944,45,25,23139,23546,11179,6127,15252,20126,48548,36079,34394,25785,375,332,1263,3906,12965,44781,2130,69,350,5848,2300,13,62,171,15223,3217,667,5883
1071,1789,1071.1289380689127,99555,79,43,307,134,120877,71417,1.9315353322284166,38,24,23231,23612,11149,6108,15194,20077,48548,36079,34396,25788,375,332,1262,3905,12968,44783,2129,69,350,5845,2300,13,61,172,15224,3217,667,5883
1072,1789,1072.08040491627,99555,82,37,307,134,120887,71420,1.9316659133142484,31,26,23309,23694,11117,6099,15152,20008,48548,36079,34398,25791,375,332,1262,3904,12961,44795,2129,69,350,5843,2300,13,61,172,15222,3217,669,5881
1073,1789,1073.0288393646624,99555,74,42,307,134,120892,71428,1.9317964944000803,34,26,23368,23761,11098,6079,15117,19956,48548,36079,34400,25794,375,332,1262,3901,12961,44801,2128,69,348,5842,2299,13,61,172,15223,3217,670,5881
1074,1789,1074.289367675505,99555,69,46,307,134,120907,71438,1.932047611872834,29,19,23468,23882,11064,6055,15061,19862,48548,36079,34401,25797,375,332,1262,3896,12964,44810,2128,69,348,5837,2299,13,61,172,15221,3217,674,5877
1075,1789,1075.2315042820853,99555,69,50,307,134,120913,71442,1.9321480588619355,35,22,23544,23949,11032,6040,15011,19803,48548,36079,34402,25800,375,332,1261,3897,12962,44813,2128,68,348,5836,2299,13,61,172,15222,3217,674,5877
1076,1789,1076.1705099144583,99555,69,50,307,134,120921,71447,1.9322786399477676,29,23,23626,24014,11004,6026,14963,19751,48548,36079,34403,25803,375,332,1260,3897,12961,44819,2128,68,349,5833,2298,13,61,172,15221,3217,675,5876
1077,1789,1077.1063076003738,99555,71,47,307,134,120930,71451,1.9324092210335995,28,24,23696,24093,10977,6013,14919,19687,48548,36079,34404,25806,375,332,1258,3897,12958,44826,2128,68,349,5832,2298,13,61,172,15220,3217,676,5875
1078,1789,1078.0393105031471,99555,65,54,307,134,120933,71461,1.9325398021194315,31,16,23744,24148,10963,6002,14888,19644,48548,36079,34405,25809,375,332,1258,3897,12954,44833,2128,68,349,5830,2297,13,61,172,15219,3217,677,5875
1079,1789,1079.013249678502,99555,62,55,307,134,120942,71467,1.9326904726030838,32,14,23836,24230,10938,5991,14823,19574,48548,36079,34406,25812,375,332,1257,3897,12953,44840,2127,68,349,5827,2296,13,61,172,15218,3217,679,5874
1080,1789,1080.0730112134709,99555,57,48,307,134,120955,71472,1.9328712771834664,29,15,23944,24342,10900,5975,14761,19484,48548,36079,34407,25815,375,332,1256,3896,12949,44853,2126,68,350,5822,2295,13,61,172,15217,3217,680,5873
1081,1789,1081.010044214658,99555,58,42,307,134,120962,71474,1.9329616794736577,28,14,24007,24399,10869,5968,14729,19441,48548,36079,34408,25818,375,332,1256,3897,12943,44862,2126,67,350,5822,2295,13,61,172,15215,3216,681,5872
1082,1789,1082.1127545913923,99555,51,40,307,134,120967,71479,1.9330621264627592,27,13,24094,24496,10840,5946,14679,19369,48548,36079,34409,25820,375,332,1256,3897,12942,44871,2125,67,350,5819,2294,13,61,172,15212,3215,683,5871
1083,1789,1083.016993694916,99555,52,40,307,134,120971,71482,1.9331324393551303,33,11,24160,24554,10810,5937,14636,19322,48548,36079,34410,25822,375,332,1256,3898,12938,44875,2124,67,350,5819,2294,13,61,172,15212,3215,684,5870
1084,1789,1084.1736740728675,99555,50,37,307,134,120982,71487,1.9332931545376928,31,12,24279,24689,10770,5914,14561,19212,48548,36079,34411,25824,375,332,1255,3897,12942,44882,2122,67,350,5817,2293,13,61,172,15207,3215,687,5868
1085,1789,1085.1449997611583,99555,53,35,307,134,120990,71491,1.9334136909246145,25,10,24341,24756,10743,5902,14529,19161,48548,36079,34412,25826,375,332,1255,3897,12940,44890,2121,67,350,5817,2293,13,61,172,15204,3213,687,5868
1086,1789,1086.1147938259496,99555,58,35,307,134,121000,71493,1.9335342273115363,24,15,24414,24842,10706,5888,14489,19084,48548,36079,34413,25828,375,332,1254,3897,12937,44895,2121,67,350,5816,2293,13,61,172,15204,3213,687,5868
1087,1789,1087.01257140102,99555,54,38,307,134,121008,71501,1.9336949424940988,23,9,24486,24924,10686,5867,14442,19026,48548,36079,34414,25830,375,332,1253,3894,12939,44901,2121,67,351,5812,2292,13,61,172,15204,3213,688,5867
1088,1789,1088.1652244894183,99555,51,37,307,134,121013,71505,1.93378534478429,25,11,24584,25003,10643,5855,14388,18958,48548,36079,34415,25832,375,332,1253,3893,12938,44906,2121,67,353,5812,2289,13,61,172,15201,3213,688,5868
1089,1789,1089.1402833258578,99555,48,35,307,134,121014,71507,1.9338154788810205,29,13,24646,25059,10616,5839,14352,18918,48548,36079,34416,25834,375,332,1253,3894,12935,44911,2120,67,353,5811,2289,13,61,172,15200,3213,688,5868
1090,1789,1090.030910001854,99555,46,36,307,134,121020,71511,1.933915925870122,30,12,24750,25148,10576,5827,14289,18841,48548,36079,34417,25836,375,332,1253,3894,12932,44916,2120,67,354,5810,2288,13,61,172,15200,3212,689,5867
1091,1789,1091.0555431675612,99555,47,37,307,134,121026,71515,1.9340163728592235,30,10,24803,25210,10560,5811,14251,18796,48548,36079,34418,25838,375,332,1253,3893,12931,44919,2120,67,354,5809,2288,13,61,172,15200,3212,689,5867
1092,1789,1092.2789561926643,99555,43,33,307,134,121031,71519,1.934106775149415,34,8,24897,25306,10528,5795,14189,18722,48548,36079,34419,25840,375,332,1252,3893,12931,44924,2118,67,353,5808,2288,13,60,172,15199,3213,692,5865
1093,1789,1093.0392752970492,99555,46,31,307,134,121040,71520,1.9342072221385165,31,8,24937,25367,10517,5779,14160,18679,48548,36079,34420,25842,375,332,1252,3893,12929,44927,2118,67,354,5807,2287,13,60,172,15200,3213,691,5865
1094,1789,1094.240450862788,99555,45,28,307,134,121045,71521,1.9342674903319772,33,10,25023,25504,10477,5753,14113,18569,48548,36079,34421,25844,375,332,1252,3890,12931,44930,2118,67,356,5805,2285,13,60,172,15200,3213,691,5865
