,indexID,time,N,Inf_L,Inf_H,Dead_L,Dead_H,cum_cases_L,cum_cases_H,cum_sum_per_N,Exposed_L,Exposed_H,Sus_L,Sus_H,Rec_nat_L,Rec_nat_H,Rec_vax_L,Rec_vax_H,vaccinatedH,vaccinatedL,boostedH,boostedL,count_Naive,count_Delta,count_Delta_vaccine,count_two,count_three,count_four,count_Omicron,count_Omicron_star,count_Omicron_star_vaccine,count_Omicron_vaccine,count_Vaccine,count_WT,count_WT_vaccine,count_WT_vaccine_boost,count_Omicron_vaccine_boost,count_Delta_vaccine_boost,count_Omicron_star_vaccine_boost,count_Vaccine_boost
0,5956,1.2198138512282872,99998,4,6,0,0,4,8,0.00012000240004800096,21,19,49974,49972,0,2,0,0,0,0,0,0,99996,0,0,0,0,0,0,0,0,0,0,2,0,0,0,0,0,0
1,5956,2.0968974412044945,99998,7,7,0,0,8,11,0.00019000380007600152,17,18,49974,49970,1,4,0,0,0,0,0,0,99993,0,0,0,0,0,0,0,0,0,0,5,0,0,0,0,0,0
2,5956,3.0007598770883956,99998,12,12,0,0,14,17,0.0003100062001240025,12,13,49973,49969,2,5,0,0,0,0,0,0,99991,0,0,0,0,0,0,0,0,0,0,7,0,0,0,0,0,0
3,5956,4.007916722596311,99998,13,11,0,0,17,20,0.00037000740014800295,15,10,49967,49969,4,9,0,0,0,0,0,0,99985,0,0,0,0,0,0,0,0,0,0,13,0,0,0,0,0,0
4,5956,5.066535347913711,99998,11,10,0,0,18,22,0.0004000080001600032,16,8,49965,49969,7,12,0,0,0,0,0,0,99979,0,0,0,0,0,0,0,0,0,0,19,0,0,0,0,0,0
5,5956,6.003815256120632,99998,14,9,0,0,22,23,0.0004500090001800036,14,10,49963,49966,8,14,0,0,0,0,0,0,99976,0,0,0,0,0,0,0,0,0,0,22,0,0,0,0,0,0
6,5956,7.0156468622061166,99998,14,12,0,0,25,26,0.0005100102002040041,12,7,49962,49966,11,14,0,0,0,0,0,0,99973,0,0,0,0,0,0,0,0,0,0,25,0,0,0,0,0,0
7,5956,8.006327596231362,99998,14,13,0,0,28,28,0.0005600112002240045,11,7,49960,49964,14,15,0,0,0,0,0,0,99969,0,0,0,0,0,0,0,0,0,0,29,0,0,0,0,0,0
8,5956,9.016769409543194,99998,11,11,0,0,30,31,0.0006100122002440049,10,7,49960,49961,18,20,0,0,0,0,0,0,99959,0,0,0,0,0,0,0,0,0,0,39,0,0,0,0,0,0
9,5956,10.044625834139744,99998,8,13,0,0,30,35,0.0006500130002600052,13,4,49957,49960,21,22,0,0,0,0,0,0,99954,0,0,0,0,0,0,0,0,0,0,44,0,0,0,0,0,0
10,5956,11.001256217085823,99998,10,10,0,0,34,35,0.0006900138002760055,9,4,49957,49960,23,25,0,0,0,0,0,0,99949,0,0,0,0,0,0,0,0,0,0,49,0,0,0,0,0,0
11,5956,12.066170098700686,99998,12,11,0,0,36,36,0.0007200144002880058,11,6,49953,49957,23,25,0,0,0,0,0,0,99949,0,0,0,0,0,0,0,0,0,0,49,0,0,0,0,0,0
12,5956,13.065764519455243,99998,15,9,0,0,39,36,0.000750015000300006,9,8,49952,49955,23,27,0,0,0,0,0,0,99947,0,0,0,0,0,0,0,0,0,0,51,0,0,0,0,0,0
13,5956,14.071541578123158,99998,17,11,0,0,42,39,0.0008100162003240065,8,6,49950,49954,24,28,0,0,0,0,0,0,99945,0,0,0,0,0,0,0,0,0,0,53,0,0,0,0,0,0
14,5956,15.000227533406905,99998,18,11,0,0,45,41,0.0008600172003440069,7,9,49948,49949,26,30,0,0,0,0,0,0,99941,0,0,0,0,0,0,0,0,0,0,57,0,0,0,0,0,0
15,5956,16.201081822845065,99998,14,13,0,0,47,46,0.0009300186003720074,7,7,49946,49946,32,33,0,0,0,0,0,0,99932,0,0,0,0,0,0,0,0,0,0,66,0,0,0,0,0,0
16,5956,17.20532420343701,99998,16,11,0,0,50,47,0.0009700194003880077,9,6,49941,49947,33,35,0,0,0,0,0,0,99928,0,0,0,0,0,0,0,0,0,0,70,0,0,0,0,0,0
17,5956,18.227361809338564,99998,15,10,0,0,51,47,0.0009800196003920078,10,7,49939,49947,35,35,0,0,0,0,0,0,99925,0,0,0,0,0,0,0,0,0,0,73,0,0,0,0,0,0
18,5956,19.19009756880667,99998,17,13,0,0,53,51,0.0010400208004160082,12,6,49935,49944,35,36,0,0,0,0,0,0,99924,0,0,0,0,0,0,0,0,0,0,74,0,0,0,0,0,0
19,5956,20.05375601980137,99998,18,15,0,0,55,53,0.0010800216004320086,10,6,49935,49942,36,36,0,0,0,0,0,0,99923,0,0,0,0,0,0,0,0,0,0,75,0,0,0,0,0,0
20,5956,21.053859429803214,99998,18,16,0,0,59,58,0.0011700234004680093,9,4,49932,49939,40,40,0,0,0,0,0,0,99915,0,0,0,0,0,0,0,0,0,0,83,0,0,0,0,0,0
21,5956,22.254554151184013,99998,13,13,0,0,60,59,0.0011900238004760096,12,3,49928,49939,46,44,0,0,0,0,0,0,99905,0,0,0,0,0,0,0,0,0,0,93,0,0,0,0,0,0
22,5956,23.101036628100434,99998,16,14,0,0,64,60,0.00124002480049601,9,3,49927,49938,47,44,0,0,0,0,0,0,99904,0,0,0,0,0,0,0,0,0,0,94,0,0,0,0,0,0
23,5956,24.018998769582108,99998,17,13,0,0,66,61,0.0012700254005080102,7,4,49927,49936,48,46,0,0,0,0,0,0,99901,0,0,0,0,0,0,0,0,0,0,97,0,0,0,0,0,0
24,5956,25.01973509552596,99998,15,14,0,0,68,64,0.0013200264005280105,7,2,49925,49935,52,48,0,0,0,0,0,0,99895,0,0,0,0,0,0,0,0,0,0,103,0,0,0,0,0,0
25,5956,26.020648980423626,99998,13,13,0,0,69,66,0.0013500270005400107,7,3,49924,49933,55,50,0,0,0,0,0,0,99889,0,0,0,0,0,0,0,0,0,0,109,0,0,0,0,0,0
26,5956,27.015627541718917,99998,13,8,0,0,72,66,0.001380027600552011,6,5,49922,49931,58,55,0,0,0,0,0,0,99881,0,0,0,0,0,0,0,0,0,0,117,0,0,0,0,0,0
27,5956,28.15701459275626,99998,13,9,0,0,74,67,0.0014100282005640114,4,6,49922,49929,60,55,0,0,0,0,0,0,99879,0,0,0,0,0,0,0,0,0,0,119,0,0,0,0,0,0
28,5956,29.020988654671736,99998,12,12,0,0,74,70,0.0014400288005760116,6,4,49920,49928,61,55,0,0,0,0,0,0,99878,0,0,0,0,0,0,0,0,0,0,120,0,0,0,0,0,0
29,5956,30.002678944452057,99998,12,10,0,0,75,71,0.0014600292005840117,6,4,49919,49928,62,57,0,0,0,0,0,0,99874,0,0,0,0,0,0,0,0,0,0,124,0,0,0,0,0,0
30,5956,31.012082391992692,99998,12,11,0,0,76,72,0.0014800296005920118,7,4,49918,49927,62,57,0,0,0,0,0,0,99873,0,0,0,0,0,0,0,0,0,0,125,0,0,0,0,0,0
31,5956,32.15662648084747,99998,6,7,0,0,76,73,0.001490029800596012,9,4,49917,49926,67,62,0,0,0,0,0,0,99862,0,0,0,0,0,0,0,0,0,0,136,0,0,0,0,0,0
32,5956,33.050241681331826,99998,6,9,0,0,77,76,0.0015300306006120123,8,1,49917,49926,68,63,0,0,0,0,0,0,99860,0,0,0,0,0,0,0,0,0,0,138,0,0,0,0,0,0
33,5956,34.05137716101383,99998,5,8,0,0,78,77,0.0015500310006200124,7,2,49920,49924,67,65,0,0,0,0,0,0,99856,0,0,0,0,0,0,0,0,0,0,142,0,0,0,0,0,0
34,5956,35.14943091918659,99998,5,8,0,0,79,77,0.0015600312006240125,7,4,49919,49922,68,65,0,0,0,0,0,0,99855,0,0,0,0,0,0,0,0,0,0,143,0,0,0,0,0,0
35,5956,36.08323409989323,99998,5,8,0,0,80,77,0.0015700314006280125,6,5,49919,49921,69,65,0,0,0,0,0,0,99854,0,0,0,0,0,0,0,0,0,0,144,0,0,0,0,0,0
36,5956,37.04462532943078,99998,4,11,0,0,82,80,0.001620032400648013,4,3,49919,49920,72,65,0,0,0,0,0,0,99851,0,0,0,0,0,0,0,0,0,0,147,0,0,0,0,0,0
37,5956,38.06269727629593,99998,6,12,0,0,85,82,0.0016700334006680133,5,4,49915,49917,73,66,0,0,0,0,0,0,99849,0,0,0,0,0,0,0,0,0,0,149,0,0,0,0,0,0
38,5956,39.29299769671078,99998,7,10,0,0,86,82,0.0016800336006720135,7,6,49912,49916,73,67,0,0,0,0,0,0,99847,0,0,0,0,0,0,0,0,0,0,151,0,0,0,0,0,0
39,5956,40.2421048479863,99998,8,11,0,0,87,83,0.0017000340006800136,7,5,49912,49916,72,67,0,0,0,0,0,0,99847,0,0,0,0,0,0,0,0,0,0,151,0,0,0,0,0,0
40,5956,41.086485005093564,99998,9,10,0,0,88,83,0.0017100342006840137,7,6,49912,49915,71,68,0,0,0,0,0,0,99846,0,0,0,0,0,0,0,0,0,0,152,0,0,0,0,0,0
41,5956,42.00509889854383,99998,8,9,0,0,88,83,0.0017100342006840137,7,7,49912,49914,72,69,0,0,0,0,0,0,99844,0,0,0,0,0,0,0,0,0,0,154,0,0,0,0,0,0
42,5956,43.15271266156985,99998,14,10,0,0,94,86,0.0018000360007200144,9,8,49904,49910,72,71,0,0,0,0,0,0,99842,0,0,0,0,0,0,0,0,0,0,156,0,0,0,0,0,0
43,5956,44.107446045324444,99998,14,10,0,0,96,88,0.0018400368007360148,9,7,49902,49909,74,73,0,0,0,0,0,0,99838,0,0,0,0,0,0,0,0,0,0,160,0,0,0,0,0,0
44,5956,45.1533710057102,99998,16,11,0,0,99,89,0.001880037600752015,8,7,49901,49909,74,72,0,0,0,0,0,0,99837,0,0,0,0,0,0,0,0,0,0,161,0,0,0,0,0,0
45,5956,46.121025101667854,99998,15,14,0,0,99,92,0.0019100382007640152,13,4,49896,49909,75,72,0,0,0,0,0,0,99836,0,0,0,0,0,0,0,0,0,0,162,0,0,0,0,0,0
46,5956,47.20718730202567,99998,16,13,0,0,101,93,0.0019400388007760154,13,7,49895,49906,75,73,0,0,0,0,0,0,99833,0,0,0,0,0,0,0,0,0,0,165,0,0,0,0,0,0
47,5956,48.0921738958048,99998,16,15,0,0,103,95,0.001980039600792016,14,6,49892,49905,77,73,0,0,0,0,0,0,99831,0,0,0,0,0,0,0,0,0,0,167,0,0,0,0,0,0
48,5956,49.27521241080406,99998,17,14,0,0,108,97,0.002050041000820016,16,9,49885,49900,81,76,0,0,0,0,0,0,99824,0,0,0,0,0,0,0,0,0,0,174,0,0,0,0,0,0
49,5956,50.00161684234682,99998,19,13,0,0,110,97,0.0020700414008280165,16,12,49884,49897,80,77,0,0,0,0,0,0,99823,0,0,0,0,0,0,0,0,0,0,175,0,0,0,0,0,0
50,5956,51.04020344072964,99998,20,15,0,0,113,99,0.002120042400848017,16,10,49881,49897,82,77,0,0,0,0,0,0,99821,0,0,0,0,0,0,0,0,0,0,177,0,0,0,0,0,0
51,5956,52.018294041154135,99998,22,15,0,0,115,100,0.0021500430008600173,17,13,49878,49893,82,78,0,0,0,0,0,0,99820,0,0,0,0,0,0,0,0,0,0,178,0,0,0,0,0,0
52,5956,53.01022279994581,99998,28,13,0,0,122,103,0.002250045000900018,12,14,49876,49889,83,83,0,0,0,0,0,0,99814,0,0,0,0,0,0,0,0,0,0,184,0,0,0,0,0,0
53,5956,54.032996476899086,99998,31,13,0,0,126,107,0.0023300466009320187,14,10,49870,49889,84,87,0,0,0,0,0,0,99809,0,0,0,0,0,0,0,0,0,0,189,0,0,0,0,0,0
54,5956,55.26529742549977,99998,33,16,0,0,129,111,0.002400048000960019,14,9,49867,49886,85,88,0,0,0,0,0,0,99807,0,0,0,0,0,0,0,0,0,0,191,0,0,0,0,0,0
55,5956,56.03809981554959,99998,29,16,0,0,133,113,0.0024600492009840195,11,11,49866,49882,93,90,0,0,0,0,0,0,99797,0,0,0,0,0,0,0,0,0,0,201,0,0,0,0,0,0
56,5956,57.15371673076525,99998,26,16,0,0,135,115,0.00250005000100002,13,10,49862,49881,98,92,0,0,0,0,0,0,99790,0,0,0,0,0,0,0,0,0,0,208,0,0,0,0,0,0
57,5956,58.225411974625736,99998,22,16,0,0,137,116,0.0025300506010120204,15,12,49860,49879,102,92,0,0,0,0,0,0,99783,0,0,0,0,0,0,0,0,0,0,215,0,0,0,0,0,0
58,5956,59.16446708047059,99998,26,16,0,0,142,119,0.0026100522010440207,13,13,49857,49875,103,95,0,0,0,0,0,0,99779,0,0,0,0,0,0,0,0,0,0,219,0,0,0,0,0,0
59,5956,60.060858825114536,99997,25,15,1,0,145,120,0.0026500795023850715,13,13,49854,49874,106,97,0,0,0,0,0,0,99773,0,0,0,0,0,0,0,0,0,0,224,0,0,0,0,0,0
60,5956,61.14260859335846,99997,26,18,1,0,151,124,0.002750082502475074,17,11,49844,49873,111,97,0,0,0,0,0,0,99767,0,0,0,0,0,0,0,0,0,0,230,0,0,0,0,0,0
61,5956,62.094361975390385,99997,28,19,1,0,157,126,0.002830084902547076,16,10,49839,49872,115,98,0,0,0,0,0,0,99762,0,0,0,0,0,0,0,0,0,0,235,0,0,0,0,0,0
62,5956,63.09215007625934,99996,31,19,2,0,166,129,0.002950118004720189,12,12,49836,49867,118,101,0,0,0,0,0,0,99753,0,0,0,0,0,0,0,0,0,0,243,0,0,0,0,0,0
63,5956,64.15667008382128,99996,27,19,2,0,168,132,0.003000120004800192,13,11,49833,49865,124,104,0,0,0,0,0,0,99744,0,0,0,0,0,0,0,0,0,0,252,0,0,0,0,0,0
64,5956,65.04664103757668,99996,28,18,2,0,171,134,0.0030501220048801954,16,10,49827,49865,126,106,0,0,0,0,0,0,99739,0,0,0,0,0,0,0,0,0,0,257,0,0,0,0,0,0
65,5956,66.08567362627652,99996,29,20,2,0,176,139,0.003150126005040202,15,7,49824,49863,129,109,0,0,0,0,0,0,99732,0,0,0,0,0,0,0,0,0,0,264,0,0,0,0,0,0
66,5956,67.07288356013252,99996,28,16,2,0,179,140,0.0031901276051042042,14,8,49823,49861,132,114,0,0,0,0,0,0,99723,0,0,0,0,0,0,0,0,0,0,273,0,0,0,0,0,0
67,5956,68.0312238930315,99996,26,15,2,0,183,143,0.0032601304052162087,14,7,49820,49859,137,118,0,0,0,0,0,0,99713,0,0,0,0,0,0,0,0,0,0,283,0,0,0,0,0,0
68,5956,69.07528508606461,99996,29,14,2,0,187,145,0.0033201328053122127,15,7,49816,49857,137,121,0,0,0,0,0,0,99709,0,0,0,0,0,0,0,0,0,0,287,0,0,0,0,0,0
69,5956,70.1025255117569,99996,30,14,2,0,188,146,0.003340133605344214,17,8,49814,49857,136,120,0,0,0,0,0,0,99708,0,0,0,0,0,0,0,0,0,0,288,0,0,0,0,0,0
70,5956,71.11432032662314,99996,31,14,2,0,193,149,0.0034201368054722187,20,7,49806,49855,140,123,0,0,0,0,0,0,99701,0,0,0,0,0,0,0,0,0,0,295,0,0,0,0,0,0
71,5956,72.05104945274007,99996,33,14,2,0,198,149,0.003470138805552222,20,10,49803,49852,141,123,0,0,0,0,0,0,99698,0,0,0,0,0,0,0,0,0,0,298,0,0,0,0,0,0
72,5956,73.05876806018702,99996,35,11,2,0,205,152,0.0035701428057122284,23,8,49793,49851,146,129,0,0,0,0,0,0,99687,0,0,0,0,0,0,0,0,0,0,309,0,0,0,0,0,0
73,5956,74.01985501683689,99996,37,8,2,0,210,153,0.0036301452058082324,23,9,49789,49849,148,133,0,0,0,0,0,0,99680,0,0,0,0,0,0,0,0,0,0,316,0,0,0,0,0,0
74,5956,75.03990917035186,99996,37,9,2,0,215,154,0.003690147605904236,21,9,49786,49848,153,133,0,0,0,0,0,0,99675,0,0,0,0,0,0,0,0,0,0,321,0,0,0,0,0,0
75,5956,76.32886105674508,99996,37,10,2,0,221,157,0.003780151206048242,22,12,49779,49842,159,135,0,0,0,0,0,0,99667,0,0,0,0,0,0,0,0,0,0,329,0,0,0,0,0,0
76,5956,77.13588704355406,99996,37,13,2,0,224,162,0.003860154406176247,23,9,49776,49841,161,136,0,0,0,0,0,0,99662,0,0,0,0,0,0,0,0,0,0,334,0,0,0,0,0,0
77,5956,78.29116842353702,99995,34,12,3,0,232,164,0.003960198009900495,24,9,49768,49840,170,138,0,0,0,0,0,0,99648,0,0,0,0,0,0,0,0,0,0,347,0,0,0,0,0,0
78,5956,79.06813534515433,99995,35,13,3,0,240,165,0.004050202510125506,18,11,49767,49839,176,136,0,0,0,0,0,0,99641,0,0,0,0,0,0,0,0,0,0,354,0,0,0,0,0,0
79,5956,80.052505921981,99995,37,15,3,0,246,168,0.004140207010350517,18,10,49762,49838,179,136,0,0,0,0,0,0,99636,0,0,0,0,0,0,0,0,0,0,359,0,0,0,0,0,0
80,5956,81.0727376722376,99995,32,13,3,0,247,171,0.004180209010450522,21,7,49758,49838,185,141,0,0,0,0,0,0,99625,0,0,0,0,0,0,0,0,0,0,370,0,0,0,0,0,0
81,5956,82.12016801195843,99995,33,12,3,0,251,173,0.00424021201060053,22,8,49754,49835,187,144,0,0,0,0,0,0,99619,0,0,0,0,0,0,0,0,0,0,376,0,0,0,0,0,0
82,5956,83.1433217960339,99995,34,17,3,0,257,179,0.004360218010900545,24,3,49746,49835,192,144,0,0,0,0,0,0,99613,0,0,0,0,0,0,0,0,0,0,382,0,0,0,0,0,0
83,5956,84.04108821057744,99995,38,16,3,0,261,181,0.004420221011050552,22,4,49744,49833,192,146,0,0,0,0,0,0,99610,0,0,0,0,0,0,0,0,0,0,385,0,0,0,0,0,0
84,5956,85.12096238940674,99995,36,15,3,0,267,183,0.004500225011250562,21,5,49739,49831,200,148,0,0,0,0,0,0,99599,0,0,0,0,0,0,0,0,0,0,396,0,0,0,0,0,0
85,5956,86.0044096773669,99995,38,14,3,0,271,184,0.004550227511375569,17,5,49739,49830,202,150,0,0,0,0,0,0,99595,0,0,0,0,0,0,0,0,0,0,400,0,0,0,0,0,0
86,5956,87.09784568945993,99995,37,17,3,0,274,187,0.004610230511525576,18,5,49735,49827,206,150,0,0,0,0,0,0,99591,0,0,0,0,0,0,0,0,0,0,404,0,0,0,0,0,0
87,5956,88.20697938226299,99995,34,18,3,0,279,191,0.004700235011750587,21,7,49728,49821,213,153,0,0,0,0,0,0,99580,0,0,0,0,0,0,0,0,0,0,415,0,0,0,0,0,0
88,5956,89.23476339740704,99995,36,16,3,0,284,191,0.004750237511875594,20,10,49724,49818,216,155,0,0,0,0,0,0,99575,0,0,0,0,0,0,0,0,0,0,420,0,0,0,0,0,0
89,5956,90.18191506524269,99995,39,15,3,0,289,192,0.004810240512025601,19,10,49721,49817,217,157,0,0,0,0,0,0,99571,0,0,0,0,0,0,0,0,0,0,424,0,0,0,0,0,0
90,5956,91.02090444605908,99995,32,14,3,0,293,192,0.004850242512125606,21,12,49715,49817,228,156,0,0,0,0,0,0,99559,0,0,0,0,0,0,0,0,0,0,436,0,0,0,0,0,0
91,5956,92.05022450313518,99995,36,14,3,0,300,194,0.004940247012350617,19,11,49710,49816,231,158,0,0,0,0,0,0,99554,0,0,0,0,0,0,0,0,0,0,441,0,0,0,0,0,0
92,5956,93.03650193414043,99995,36,18,3,0,306,199,0.005050252512625631,23,13,49701,49810,236,158,0,0,0,0,0,0,99547,0,0,0,0,0,0,0,0,0,0,448,0,0,0,0,0,0
93,5956,94.02986515055547,99995,36,20,3,0,309,201,0.005100255012750638,23,12,49698,49809,239,158,0,0,0,0,0,0,99544,0,0,0,0,0,0,0,0,0,0,451,0,0,0,0,0,0
94,5956,95.19163202652193,99995,35,20,3,0,316,205,0.005210260513025651,27,12,49689,49805,245,162,0,0,0,0,0,0,99532,0,0,0,0,0,0,0,0,0,0,463,0,0,0,0,0,0
95,5956,96.10224492225224,99995,34,22,3,0,321,209,0.005300265013250663,29,11,49682,49802,251,164,0,0,0,0,0,0,99524,0,0,0,0,0,0,0,0,0,0,471,0,0,0,0,0,0
96,5956,97.31229305533752,99995,38,20,3,0,330,210,0.005400270013500675,30,15,49676,49798,252,166,0,0,0,0,0,0,99516,0,0,0,0,0,0,0,0,0,0,479,0,0,0,0,0,0
97,5956,98.25925083761726,99995,41,21,3,0,343,214,0.005570278513925696,22,18,49671,49791,262,169,0,0,0,0,0,0,99503,0,0,0,0,0,0,0,0,0,0,492,0,0,0,0,0,0
98,5956,99.03265804708366,99995,36,24,3,0,344,218,0.005620281014050703,26,16,49666,49789,268,170,0,0,0,0,0,0,99496,0,0,0,0,0,0,0,0,0,0,499,0,0,0,0,0,0
99,5956,100.22329446621994,99995,35,24,3,0,347,221,0.00568028401420071,26,15,49664,49788,271,172,0,0,0,0,0,0,99489,0,0,0,0,0,0,0,0,0,0,506,0,0,0,0,0,0
100,5956,101.14385848328402,99995,34,24,3,0,351,223,0.005740287014350718,32,16,49654,49785,276,174,0,0,0,0,0,0,99482,0,0,0,0,0,0,0,0,0,0,513,0,0,0,0,0,0
101,5956,102.10738066703298,99995,35,27,3,0,357,228,0.005850292514625731,30,17,49650,49779,281,176,0,0,0,0,0,0,99475,0,0,0,0,0,0,0,0,0,0,520,0,0,0,0,0,0
102,5956,103.17394307871997,99995,39,24,3,0,363,231,0.005940297014850743,33,17,49643,49776,281,182,0,0,0,0,0,0,99467,0,0,0,0,0,0,0,0,0,0,528,0,0,0,0,0,0
103,5956,104.30148225819265,99995,43,26,3,0,374,235,0.006090304515225761,30,17,49636,49772,287,184,0,0,0,0,0,0,99458,0,0,0,0,0,0,0,0,0,0,537,0,0,0,0,0,0
104,5956,105.05019900458642,99995,44,28,3,0,377,240,0.006170308515425771,34,13,49632,49771,286,187,0,0,0,0,0,0,99453,0,0,0,0,0,0,0,0,0,0,542,0,0,0,0,0,0
105,5956,106.31564417391036,99995,42,29,3,0,385,242,0.006270313515675784,35,17,49623,49765,296,188,0,0,0,0,0,0,99442,0,0,0,0,0,0,0,0,0,0,553,0,0,0,0,0,0
106,5956,107.02236419925995,99995,43,29,3,0,389,244,0.006330316515825792,33,19,49621,49762,299,189,0,0,0,0,0,0,99437,0,0,0,0,0,0,0,0,0,0,558,0,0,0,0,0,0
107,5956,108.07365326875036,99995,42,34,3,0,397,252,0.006490324516225812,38,21,49608,49752,308,192,0,0,0,0,0,0,99425,0,0,0,0,0,0,0,0,0,0,570,0,0,0,0,0,0
108,5956,109.14328576346298,99995,47,36,3,0,404,256,0.006600330016500825,36,19,49604,49750,309,194,0,0,0,0,0,0,99421,0,0,0,0,0,0,0,0,0,0,574,0,0,0,0,0,0
109,5956,110.14262392184455,99995,43,35,3,0,409,259,0.006680334016700835,44,19,49591,49747,318,198,0,0,0,0,0,0,99408,0,0,0,0,0,0,0,0,0,0,587,0,0,0,0,0,0
110,5956,111.16622097405418,99995,55,32,3,0,424,261,0.006850342517125857,41,27,49579,49738,321,202,0,0,0,0,0,0,99400,0,0,0,0,0,0,0,0,0,0,595,0,0,0,0,0,0
111,5956,112.18997627012905,99995,61,36,3,0,434,274,0.007080354017700885,38,21,49573,49731,324,211,0,0,0,0,0,0,99387,0,0,0,0,0,0,0,0,0,0,608,0,0,0,0,0,0
112,5956,113.21383373471511,99995,62,37,3,0,443,279,0.007220361018050903,42,21,49561,49726,331,215,0,0,0,0,0,0,99375,0,0,0,0,0,0,0,0,0,0,620,0,0,0,0,0,0
113,5956,114.23785158676647,99995,69,38,3,0,457,285,0.0074203710185509275,36,21,49554,49721,337,219,0,0,0,0,0,0,99363,0,0,0,0,0,0,0,0,0,0,632,0,0,0,0,0,0
114,5956,115.13801710838605,99995,68,37,3,0,458,289,0.007470373518675934,46,19,49547,49720,335,223,0,0,0,0,0,0,99356,0,0,0,0,0,0,0,0,0,0,639,0,0,0,0,0,0
115,5956,116.18797275039185,99994,66,37,4,0,470,292,0.007620457227433646,51,23,49532,49713,346,226,0,0,0,0,0,0,99339,0,0,0,0,0,0,0,0,0,0,655,0,0,0,0,0,0
116,5956,117.21248746224755,99994,65,36,4,0,476,297,0.00773046382782967,57,23,49520,49708,353,232,0,0,0,0,0,0,99326,0,0,0,0,0,0,0,0,0,0,668,0,0,0,0,0,0
117,5956,118.23717588521689,99994,65,34,4,0,486,301,0.0078704722283337,59,27,49510,49701,361,237,0,0,0,0,0,0,99310,0,0,0,0,0,0,0,0,0,0,684,0,0,0,0,0,0
118,5956,119.2620496720734,99994,75,41,4,0,504,311,0.00815048902934176,56,22,49495,49697,369,239,0,0,0,0,0,0,99299,0,0,0,0,0,0,0,0,0,0,695,0,0,0,0,0,0
119,5956,120.00320653401404,99994,70,41,4,0,505,317,0.008220493229593775,62,19,49489,49694,374,245,0,0,0,0,0,0,99287,0,0,0,0,0,0,0,0,0,0,707,0,0,0,0,0,0
120,5956,121.01765894929177,99994,76,41,4,0,518,325,0.008430505830349821,65,15,49474,49690,380,253,0,0,0,0,0,0,99272,0,0,0,0,0,0,0,0,0,0,722,0,0,0,0,0,0
121,5956,122.34000806024096,99994,90,38,4,0,544,331,0.00875052503150189,57,21,49458,49679,390,261,0,0,0,0,0,0,99251,0,0,0,0,0,0,0,0,0,0,743,0,0,0,0,0,0
122,5956,123.02379626108903,99994,92,36,4,0,551,331,0.008820529231753905,59,28,49449,49672,395,263,0,0,0,0,0,0,99244,0,0,0,0,0,0,0,0,0,0,750,0,0,0,0,0,0
123,5956,124.04962424969595,99994,95,36,4,0,566,336,0.009020541232473948,58,28,49435,49669,407,266,0,0,0,0,0,0,99227,0,0,0,0,0,0,0,0,0,0,767,0,0,0,0,0,0
124,5956,125.075690219183,99994,94,32,4,0,580,342,0.009220553233193991,59,33,49424,49658,418,276,0,0,0,0,0,0,99202,0,0,0,0,0,0,0,0,0,0,792,0,0,0,0,0,0
125,5956,126.1019945069734,99994,98,31,4,0,600,348,0.009480568834130048,54,32,49411,49653,432,283,0,0,0,0,0,0,99179,0,0,0,0,0,0,0,0,0,0,815,0,0,0,0,0,0
126,5956,127.12863010757431,99994,91,32,4,0,613,356,0.009690581434886093,57,29,49397,49648,450,290,0,0,0,0,0,0,99152,0,0,0,0,0,0,0,0,0,0,842,0,0,0,0,0,0
127,5956,128.1555606416919,99994,95,37,4,0,628,366,0.009940596435786148,52,31,49391,49637,457,294,0,0,0,0,0,0,99137,0,0,1,0,0,0,0,0,0,0,856,0,0,0,0,0,0
128,5956,129.18264633837634,99993,99,36,4,1,644,373,0.010170711949836488,54,33,49373,49628,469,301,0,0,0,0,0,0,99118,0,0,2,0,0,0,0,0,0,0,873,0,0,0,0,0,0
129,5956,130.2099867960614,99993,107,40,4,1,660,381,0.010410728751012571,55,29,49357,49624,476,305,0,0,0,0,0,0,99106,0,0,2,0,0,0,0,0,0,0,885,0,0,0,0,0,0
130,5956,131.2375636164052,99992,110,41,5,1,676,388,0.010640851268101449,64,28,49332,49618,488,311,0,0,0,0,0,0,99087,0,0,2,0,0,0,0,0,0,0,903,0,0,0,0,0,0
131,5956,132.26552044994196,99992,106,41,5,1,688,393,0.010810864869189534,70,31,49315,49610,503,316,0,0,0,0,0,0,99066,0,0,2,0,0,0,0,0,0,0,924,0,0,0,0,0,0
132,5956,133.29380210805243,99992,109,41,5,1,708,402,0.011100888071045683,73,30,49293,49604,519,323,0,0,0,0,0,0,99040,0,0,2,0,0,0,0,0,0,0,950,0,0,0,0,0,0
133,5956,134.3224748083577,99992,104,45,5,1,722,409,0.01131090487238979,69,31,49284,49598,537,324,0,0,0,0,0,0,99018,0,0,2,0,0,0,0,0,0,0,972,0,0,0,0,0,0
134,5956,135.00842924113743,99992,104,48,5,1,735,416,0.011510920873669894,64,28,49276,49594,550,328,0,0,0,0,0,0,99001,0,0,2,0,0,0,0,0,0,0,989,0,0,0,0,0,0
135,5956,136.03758922303203,99992,104,47,5,1,757,423,0.011800944075526043,54,25,49267,49591,569,335,0,0,0,0,0,0,98971,0,0,2,0,0,0,0,0,0,0,1019,0,0,0,0,0,0
136,5956,137.06706425155915,99992,107,43,5,1,769,427,0.011960956876550124,63,26,49249,49587,575,342,0,0,0,0,0,0,98954,0,0,2,0,0,0,0,0,0,0,1036,0,0,0,0,0,0
137,5956,138.0968138104351,99992,105,47,5,1,789,437,0.012260980878470277,60,26,49232,49579,597,346,0,0,0,0,0,0,98926,0,0,2,0,0,0,0,0,0,0,1064,0,0,0,0,0,0
138,5956,139.12691160132397,99992,103,44,5,1,803,443,0.01246099687975038,57,30,49222,49570,612,354,0,0,0,0,0,0,98901,0,0,2,0,0,0,0,0,0,0,1089,0,0,0,0,0,0
139,5956,140.15732420526479,99992,95,40,5,1,813,451,0.012641011280902472,64,28,49208,49564,627,366,0,0,0,0,0,0,98872,0,0,3,0,0,0,0,0,0,0,1117,0,0,0,0,0,0
140,5956,141.1880670958509,99992,104,41,5,1,835,459,0.012941035282822626,57,27,49193,49559,640,371,0,0,0,0,0,0,98852,0,0,3,0,0,0,0,0,0,0,1137,0,0,0,0,0,0
141,5956,142.21909039434357,99992,107,43,5,1,851,466,0.013171053684294744,62,31,49176,49549,649,375,0,0,0,0,0,0,98834,0,0,3,0,0,0,0,0,0,0,1155,0,0,0,0,0,0
142,5956,143.25037880343365,99992,110,53,5,1,871,480,0.013511080886470917,65,34,49154,49533,665,378,0,0,0,0,0,0,98813,0,0,3,0,0,0,0,0,0,0,1176,0,0,0,0,0,0
143,5956,144.28194056904238,99992,107,59,5,1,883,493,0.013761100888071046,70,27,49141,49529,676,383,0,0,0,0,0,0,98791,0,0,3,0,0,0,0,0,0,0,1198,0,0,0,0,0,0
144,5956,145.31375781485346,99992,116,55,5,1,903,497,0.014001120089607168,69,29,49125,49524,684,390,0,0,0,0,0,0,98772,0,0,3,0,0,0,0,0,0,0,1217,0,0,0,0,0,0
145,5956,146.00179960395914,99992,115,52,5,1,915,500,0.014151132090567245,68,33,49115,49518,696,395,0,0,0,0,0,0,98753,0,0,3,0,0,0,0,0,0,0,1236,0,0,0,0,0,0
146,5956,147.03410563518977,99992,112,54,5,1,931,509,0.014401152092167373,69,35,49101,49510,712,399,0,0,0,0,0,0,98728,0,0,4,0,0,0,0,0,0,0,1260,0,0,0,0,0,0
147,5956,148.06670581872675,99992,111,57,5,1,950,523,0.014731178494279542,62,30,49091,49502,730,409,0,0,0,0,0,0,98697,0,0,4,0,0,0,0,0,0,0,1291,0,0,0,0,0,0
148,5956,149.09962926321168,99992,107,53,5,1,962,527,0.014891191295303625,65,30,49078,49498,744,417,0,0,0,0,0,0,98673,0,0,4,0,0,0,0,0,0,0,1315,0,0,0,0,0,0
149,5956,150.13285428044696,99992,113,54,5,1,985,536,0.015211216897351788,65,27,49059,49492,757,425,0,0,0,0,0,0,98648,0,0,4,0,0,0,0,0,0,0,1340,0,0,0,0,0,0
150,5956,151.1664578391329,99992,118,51,5,1,1008,543,0.015511240899271942,60,27,49042,49486,774,434,0,0,0,0,0,0,98620,0,0,4,0,0,0,0,0,0,0,1368,0,0,0,0,0,0
151,5956,152.2004074773015,99991,112,51,6,1,1026,550,0.01576141852766749,63,36,49023,49471,795,440,0,0,0,0,0,0,98589,0,0,4,0,0,0,0,0,0,0,1398,0,0,0,0,0,0
152,5956,153.2347253348672,99991,108,50,6,1,1037,558,0.015951435629206628,68,37,49010,49463,807,448,0,0,0,0,0,0,98565,0,0,4,0,0,0,0,0,0,0,1422,0,0,0,0,0,0
153,5956,154.26935345854622,99991,109,48,6,1,1050,564,0.016141452730745767,73,35,48993,49462,818,453,0,0,0,0,0,0,98545,0,0,4,0,0,0,0,0,0,0,1442,0,0,0,0,0,0
154,5956,155.30429987080007,99991,104,49,6,1,1066,572,0.01638147433268994,75,32,48976,49458,838,459,0,0,0,0,0,0,98517,0,0,4,0,0,0,0,0,0,0,1470,0,0,0,0,0,0
155,5956,156.33963532405068,99991,106,49,6,1,1086,581,0.016671500435039153,74,31,48961,49451,852,467,0,0,0,0,0,0,98490,0,0,4,0,0,0,0,0,0,0,1497,0,0,0,0,0,0
156,5956,157.03002509674067,99991,104,43,6,1,1099,584,0.01683151483633527,67,37,48958,49443,864,475,0,0,0,0,0,0,98466,0,0,4,0,0,0,0,0,0,0,1521,0,0,0,0,0,0
157,5956,158.06580091758218,99991,105,45,6,1,1113,589,0.01702153193787441,65,36,48950,49443,873,474,0,0,0,0,0,0,98450,0,0,4,0,0,0,0,0,0,0,1537,0,0,0,0,0,0
158,5956,159.10176972476475,99991,104,45,6,1,1126,601,0.01727155443989959,65,31,48943,49436,881,486,0,0,0,0,0,0,98424,0,0,4,0,0,0,0,0,0,0,1563,0,0,0,0,0,0
159,5956,160.13797077708676,99991,104,38,6,1,1143,607,0.01750157514176276,66,33,48926,49429,897,498,0,0,0,0,0,0,98394,0,0,4,0,0,0,0,0,0,0,1593,0,0,0,0,0,0
160,5956,161.17450485190602,99991,105,48,6,1,1159,621,0.017801602144192977,70,29,48906,49421,912,500,0,0,0,0,0,0,98375,0,0,4,0,0,0,0,0,0,0,1612,0,0,0,0,0,0
161,5956,162.21137754187947,99991,110,43,6,1,1179,626,0.01805162464621816,67,34,48895,49415,921,506,0,0,0,0,0,0,98350,0,0,4,0,0,0,0,0,0,0,1637,0,0,0,0,0,0
162,5956,163.248491551769,99991,115,47,6,1,1195,637,0.018321648948405357,66,27,48884,49412,928,512,0,0,0,0,0,0,98332,0,0,4,0,0,0,0,0,0,0,1655,0,0,0,0,0,0
163,5956,164.28579630551465,99991,106,46,6,1,1207,646,0.01853166785010651,70,24,48871,49410,946,518,0,0,0,0,0,0,98301,0,0,4,0,0,0,0,0,0,0,1686,0,0,0,0,0,0
164,5956,165.32342958732374,99991,110,45,6,1,1229,652,0.018811693052374713,64,25,48858,49406,961,522,0,0,0,0,0,0,98276,0,0,4,0,0,0,0,0,0,0,1711,0,0,0,0,0,0
165,5956,166.01535034377997,99990,108,40,6,2,1238,654,0.01892189218921892,64,28,48849,49402,972,527,0,0,0,0,0,0,98258,0,0,4,0,0,0,0,0,0,0,1728,0,0,0,0,0,0
166,5956,167.05351021966177,99990,107,40,6,2,1256,661,0.019171917191719172,61,29,48837,49395,988,533,0,0,0,0,0,0,98233,0,0,5,0,0,0,0,0,0,0,1752,0,0,0,0,0,0
167,5956,168.0919723794258,99990,97,41,6,2,1267,668,0.01935193519351935,67,29,48825,49388,1004,539,0,0,0,0,0,0,98207,0,0,6,0,0,0,0,0,0,0,1777,0,0,0,0,0,0
168,5956,169.1307234358813,99990,100,42,6,2,1282,672,0.019541954195419542,71,30,48812,49384,1010,541,0,0,0,0,0,0,98192,0,0,6,0,0,0,0,0,0,0,1792,0,0,0,0,0,0
169,5956,170.16965215478254,99990,111,48,6,2,1310,683,0.01993199319931993,60,29,48796,49377,1026,543,0,0,0,0,0,0,98170,0,0,6,0,0,0,0,0,0,0,1814,0,0,0,0,0,0
170,5956,171.20888229210126,99990,112,45,6,2,1325,688,0.02013201320132013,59,30,48788,49373,1034,549,0,0,0,0,0,0,98148,0,0,6,0,0,0,0,0,0,0,1836,0,0,0,0,0,0
171,5956,172.2483230582382,99990,116,45,6,2,1339,694,0.020332033203320332,58,29,48775,49370,1044,553,0,0,0,0,0,0,98132,0,0,6,0,0,0,0,0,0,0,1852,0,0,0,0,0,0
172,5956,173.2880049565854,99990,112,44,6,2,1354,699,0.020532053205320533,61,36,48761,49361,1059,556,0,0,0,0,0,0,98107,0,0,6,0,0,0,0,0,0,0,1877,0,0,0,0,0,0
173,5956,174.327972132648,99989,115,43,6,3,1371,709,0.020802288251707688,60,32,48750,49358,1068,563,0,0,0,0,0,0,98084,0,0,8,0,0,0,0,0,0,0,1897,0,0,0,0,0,0
174,5956,175.0214181417781,99989,122,45,6,3,1383,713,0.0209623058536439,55,34,48745,49352,1071,565,0,0,0,0,0,0,98077,0,0,8,0,0,0,0,0,0,0,1904,0,0,0,0,0,0
175,5956,176.06168573676624,99989,124,50,6,3,1399,723,0.021222334456790247,54,30,48737,49347,1078,569,0,0,0,0,0,0,98058,0,0,8,0,0,0,0,0,0,0,1923,0,0,0,0,0,0
176,5956,177.1021057194979,99989,125,50,6,3,1416,731,0.02147236195981558,54,25,48724,49346,1090,575,0,0,0,0,0,0,98034,0,0,8,0,0,0,0,0,0,0,1947,0,0,0,0,0,0
177,5956,178.1427951368681,99989,130,49,6,3,1434,739,0.021732390562961924,62,28,48703,49336,1098,583,0,0,0,0,0,0,98012,0,0,8,0,0,0,0,0,0,0,1969,0,0,0,0,0,0
178,5956,179.18384191824205,99989,136,50,6,3,1456,751,0.02207242796707638,58,29,48690,49328,1109,589,0,0,0,0,0,0,97986,0,0,9,0,0,0,0,0,0,0,1994,0,0,0,0,0,0
179,5956,180.22509843418658,99988,136,52,7,3,1477,760,0.02237268472216666,58,30,48671,49325,1127,589,0,0,0,0,0,0,97959,0,0,10,0,0,0,0,0,0,0,2019,0,0,0,0,0,0
180,5956,181.2667063141994,99987,132,59,8,3,1491,771,0.022622940982327703,61,30,48657,49317,1141,590,0,0,0,0,0,0,97937,0,0,10,0,0,0,0,0,0,0,2040,0,0,0,0,0,0
181,5956,182.30859770229193,99987,128,50,8,3,1504,778,0.022822966985708144,65,33,48645,49311,1153,602,0,0,0,0,0,0,97905,0,0,11,0,0,0,0,0,0,0,2071,0,0,0,0,0,0
182,5956,183.0033615053058,99987,123,46,8,3,1513,785,0.022982987788412495,67,32,48635,49305,1166,613,0,0,0,0,0,0,97880,0,0,11,0,0,0,0,0,0,0,2096,0,0,0,0,0,0
183,5956,184.04581250246048,99987,123,50,8,3,1533,794,0.023273025493314132,68,33,48619,49298,1181,615,0,0,0,0,0,0,97855,0,0,11,0,0,0,0,0,0,0,2121,0,0,0,0,0,0
184,5956,185.0885465919891,99987,124,49,8,3,1547,798,0.023453048896356528,71,40,48610,49287,1186,620,0,0,0,0,0,0,97837,0,0,11,0,0,0,0,0,0,0,2139,0,0,0,0,0,0
185,5956,186.13143327341973,99987,108,50,8,3,1555,808,0.02363307229939892,78,41,48598,49279,1207,626,0,0,0,0,0,0,97805,0,0,12,0,0,0,0,0,0,0,2170,0,0,0,0,0,0
186,5956,187.1746712933184,99987,118,50,8,3,1582,818,0.024003120405652736,65,37,48588,49273,1220,636,0,0,0,0,0,0,97780,0,0,14,0,0,0,0,0,0,0,2193,0,0,0,0,0,0
187,5956,188.2181611217725,99987,111,53,8,3,1596,829,0.024253152909878284,67,35,48578,49266,1235,642,0,0,0,0,0,0,97751,0,0,14,0,0,0,0,0,0,0,2222,0,0,0,0,0,0
188,5956,189.2619204951424,99986,116,53,8,4,1616,837,0.02453343468085532,67,28,48561,49268,1247,646,0,0,0,0,0,0,97728,0,0,14,0,0,0,0,0,0,0,2244,0,0,0,0,0,0
189,5956,190.3060172173178,99985,113,51,9,4,1629,842,0.02471370705605841,67,31,48553,49264,1257,649,0,0,0,0,0,0,97706,0,0,15,0,0,0,0,0,0,0,2264,0,0,0,0,0,0
190,5956,191.00220023265473,99985,110,54,9,4,1638,850,0.02488373255988398,75,37,48537,49256,1268,648,0,0,0,0,0,0,97690,0,0,16,0,0,0,0,0,0,0,2279,0,0,0,0,0,0
191,5956,192.04672955552988,99985,110,55,9,4,1656,856,0.025123768565284792,80,37,48523,49254,1277,649,0,0,0,0,0,0,97668,0,0,17,0,0,0,0,0,0,0,2300,0,0,0,0,0,0
192,5956,193.09150255683278,99985,122,59,9,4,1680,870,0.025503825573836077,74,34,48510,49246,1284,656,0,0,0,0,0,0,97646,0,0,17,0,0,0,0,0,0,0,2322,0,0,0,0,0,0
193,5956,194.13649831020288,99985,122,57,9,4,1698,882,0.02580387058058709,77,29,48494,49240,1297,669,0,0,0,0,0,0,97614,0,0,17,0,0,0,0,0,0,0,2354,0,0,0,0,0,0
194,5956,195.18184382494633,99985,116,57,9,4,1710,891,0.026013902085312797,82,33,48478,49230,1314,675,0,0,0,0,0,0,97588,0,0,18,0,0,0,0,0,0,0,2379,0,0,0,0,0,0
195,5956,196.22752858781843,99985,124,55,9,4,1731,897,0.02628394259138871,77,36,48465,49225,1324,679,0,0,0,0,0,0,97567,0,0,18,0,0,0,0,0,0,0,2400,0,0,0,0,0,0
196,5956,197.27347571074932,99985,123,59,9,4,1749,905,0.026543981597239585,79,38,48448,49219,1340,679,0,0,0,0,0,0,97545,0,0,19,0,0,0,0,0,0,0,2421,0,0,0,0,0,0
197,5956,198.31973353787535,99985,128,51,9,4,1769,911,0.026804020603090464,78,45,48434,49210,1350,689,0,0,0,0,0,0,97516,0,0,19,0,0,0,0,0,0,0,2450,0,0,0,0,0,0
198,5956,199.01738479999767,99985,123,51,9,4,1777,919,0.026964044606691003,84,39,48422,49210,1361,695,0,0,0,0,0,0,97497,0,0,21,0,0,0,0,0,0,0,2467,0,0,0,0,0,0
199,5956,200.06414605298596,99985,128,53,9,4,1796,933,0.027294094114117116,87,29,48403,49207,1372,706,0,0,0,0,0,0,97473,0,0,23,0,0,0,0,0,0,0,2489,0,0,0,0,0,0
200,5956,201.11127984408253,99985,128,54,9,4,1812,944,0.02756413462019303,88,28,48393,49200,1381,713,0,0,0,0,0,0,97448,0,0,24,0,0,0,0,0,0,0,2513,0,0,0,0,0,0
201,5956,202.1586444713166,99985,137,61,9,4,1839,958,0.027974196129419412,81,24,48381,49192,1391,718,0,0,0,0,0,0,97425,0,0,26,0,0,0,0,0,0,0,2534,0,0,0,0,0,0
202,5956,203.2062251922146,99985,144,64,9,4,1862,968,0.028304245636845526,83,25,48360,49184,1403,722,0,0,0,0,0,0,97402,0,0,26,0,0,0,0,0,0,0,2557,0,0,0,0,0,0
203,5956,204.25416014906094,99985,139,64,9,4,1880,974,0.028544281642246337,90,25,48337,49181,1424,725,0,0,0,0,0,0,97374,0,0,27,0,0,0,0,0,0,0,2584,0,0,0,0,0,0
204,5956,205.30254714939187,99985,145,66,9,4,1900,980,0.028804320648097216,101,33,48308,49171,1436,725,0,0,0,0,0,0,97356,0,0,27,0,0,0,0,0,0,0,2602,0,0,0,0,0,0
205,5956,206.00170247008126,99985,154,69,9,4,1924,986,0.029104365654848228,96,32,48292,49168,1448,726,0,0,0,0,0,0,97339,0,0,28,0,0,0,0,0,0,0,2618,0,0,0,0,0,0
206,5956,207.0507403736994,99985,162,69,9,4,1951,998,0.029494424163624543,91,32,48274,49159,1463,735,0,0,0,0,0,0,97308,0,0,28,0,0,0,0,0,0,0,2649,0,0,0,0,0,0
207,5956,208.10017162760158,99984,156,63,10,4,1973,1003,0.029764762361977917,98,40,48254,49147,1481,745,0,0,0,0,0,0,97270,0,0,29,0,0,0,0,0,0,0,2685,0,0,0,0,0,0
208,5956,209.14999490002154,99984,159,65,10,4,1995,1012,0.030074811969915186,94,43,48239,49136,1497,751,0,0,0,0,0,0,97244,0,0,29,0,0,0,0,0,0,0,2711,0,0,0,0,0,0
209,5956,210.20014311993805,99984,164,63,10,4,2026,1021,0.030474875980156826,83,44,48227,49127,1515,761,0,0,0,0,0,0,97209,0,0,31,0,0,0,0,0,0,0,2744,0,0,0,0,0,0
210,5956,211.25061876413494,99984,165,66,10,4,2052,1036,0.030884941590654504,87,45,48205,49114,1532,770,0,0,0,0,0,0,97172,0,0,31,0,0,0,0,0,0,0,2781,0,0,0,0,0,0
211,5956,212.3014902650962,99984,160,61,10,4,2070,1046,0.03116498639782365,82,44,48197,49106,1550,784,0,0,0,0,0,0,97135,0,0,32,0,0,0,0,0,0,0,2817,0,0,0,0,0,0
212,5956,213.00226346681228,99984,153,65,10,4,2088,1057,0.03145503280524884,80,39,48189,49101,1567,790,0,0,0,0,0,0,97103,0,0,32,0,0,0,0,0,0,0,2849,0,0,0,0,0,0
213,5956,214.0537355824545,99984,157,69,10,4,2116,1066,0.031825092014722355,76,45,48173,49091,1583,790,0,0,0,0,0,0,97076,0,0,34,0,0,0,0,0,0,0,2874,0,0,0,0,0,0
214,5956,215.1055339930635,99983,157,71,11,4,2141,1079,0.03220547493073823,75,39,48154,49085,1602,800,0,0,0,0,0,0,97041,0,0,35,0,0,0,0,0,0,0,2907,0,0,0,0,0,0
215,5956,216.15774445138064,99983,142,72,11,4,2159,1089,0.0324855225388316,75,38,48138,49081,1633,804,0,0,0,0,0,0,96999,0,0,35,0,0,0,0,0,0,0,2949,0,0,0,0,0,0
216,5956,217.21047306637692,99983,147,71,11,4,2182,1099,0.032815578648370224,77,34,48119,49078,1645,812,0,0,0,0,0,0,96970,0,0,35,0,0,0,0,0,0,0,2978,0,0,0,0,0,0
217,5956,218.26358464951412,99983,148,60,11,4,2199,1108,0.0330756228558855,94,37,48091,49067,1655,831,0,0,0,0,0,0,96934,0,0,35,0,0,0,0,0,0,0,3014,0,0,0,0,0,0
218,5956,219.31712596581687,99983,143,61,11,4,2219,1117,0.033365672164267925,97,38,48075,49059,1673,837,0,0,0,0,0,0,96901,0,0,35,0,0,0,0,0,0,0,3047,0,0,0,0,0,0
219,5956,220.0197226007632,99983,149,55,11,4,2237,1121,0.03358570957062701,95,42,48066,49053,1678,845,0,0,0,0,0,0,96881,0,0,37,0,0,0,0,0,0,0,3065,0,0,0,0,0,0
220,5956,221.07382115571158,99983,148,63,11,4,2258,1139,0.03397577588189992,101,41,48046,49037,1693,854,0,0,0,0,0,0,96849,0,0,37,0,0,0,0,0,0,0,3097,0,0,0,0,0,0
221,5956,222.12823350558804,99983,164,65,11,4,2290,1149,0.03439584729403999,96,49,48031,49023,1697,858,0,0,0,0,0,0,96826,0,0,38,0,0,0,0,0,0,0,3119,0,0,0,0,0,0
222,5956,223.1828799985988,99983,170,79,11,4,2318,1169,0.03487592890791435,95,48,48014,49008,1709,860,0,0,0,0,0,0,96798,0,0,38,0,0,0,0,0,0,0,3147,0,0,0,0,0,0
223,5956,224.2377504500826,99983,183,82,11,4,2350,1181,0.03531600372063251,97,48,47985,48996,1723,869,0,0,0,0,0,0,96770,0,0,38,0,0,0,0,0,0,0,3175,0,0,0,0,0,0
224,5956,225.29304208776352,99982,179,80,12,4,2370,1191,0.035616410953971715,112,52,47961,48986,1735,877,0,0,0,0,0,0,96734,0,0,38,0,0,0,0,0,0,0,3210,0,0,0,0,0,0
225,5956,226.34874354671175,99982,169,84,12,4,2394,1202,0.03596647396531376,108,51,47944,48979,1766,881,0,0,0,0,0,0,96694,0,0,39,0,0,0,0,0,0,0,3249,0,0,0,0,0,0
226,5956,227.05283825936203,99982,177,83,12,4,2416,1209,0.03625652617471145,102,47,47933,48980,1775,885,0,0,0,0,0,0,96672,0,0,39,0,0,0,0,0,0,0,3271,0,0,0,0,0,0
227,5956,228.1092640192188,99982,180,90,12,4,2443,1222,0.03665659818767378,103,46,47912,48970,1792,889,0,0,0,0,0,0,96642,0,0,39,0,0,0,0,0,0,0,3301,0,0,0,0,0,0
228,5956,229.16605722345156,99982,171,84,12,4,2469,1230,0.03699665939869176,101,52,47895,48959,1820,900,0,0,0,0,0,0,96596,0,0,40,1,0,0,0,0,0,0,3345,0,0,0,0,0,0
229,5956,230.22330372935326,99982,183,86,12,4,2506,1242,0.037486747614570624,87,52,47882,48953,1835,904,0,0,0,0,0,0,96561,0,0,40,1,0,0,0,0,0,0,3380,0,0,0,0,0,0
230,5956,231.2808922892611,99982,179,83,12,4,2532,1253,0.03785681422656078,87,53,47868,48944,1853,915,0,0,0,0,0,0,96518,0,0,41,1,0,0,0,0,0,0,3422,0,0,0,0,0,0
231,5956,232.338869619439,99982,169,91,12,4,2549,1274,0.038236882638874994,95,45,47851,48934,1872,925,0,0,0,0,0,0,96480,0,0,41,2,0,0,0,0,0,0,3459,0,0,0,0,0,0
232,5956,233.04440992856362,99982,163,87,12,4,2564,1281,0.038456922246004284,97,49,47836,48927,1891,932,0,0,0,0,0,0,96449,0,0,40,3,0,0,0,0,0,0,3490,0,0,0,0,0,0
233,5956,234.10317588157946,99981,160,84,13,4,2589,1290,0.03879737150058511,102,58,47813,48911,1911,942,0,0,0,0,0,0,96411,0,0,42,3,0,0,0,0,0,0,3525,0,0,0,0,0,0
234,5956,235.16233546270036,99981,171,89,13,4,2624,1307,0.03931747031936068,91,66,47802,48891,1922,949,0,0,0,0,0,0,96376,0,0,43,3,0,0,0,0,0,0,3559,0,0,0,0,0,0
235,5956,236.2217354048466,99981,162,93,13,4,2643,1327,0.039707544433442356,95,51,47793,48889,1936,962,0,0,0,0,0,0,96333,0,0,44,3,0,0,0,0,0,0,3601,0,0,0,0,0,0
236,5956,237.28146552717027,99981,154,100,13,4,2663,1348,0.04011762234824617,99,45,47773,48874,1960,976,0,0,0,0,0,0,96293,0,0,46,3,0,0,0,0,0,0,3639,0,0,0,0,0,0
237,5956,238.34164911203143,99981,145,95,13,4,2682,1363,0.0404576869605225,111,41,47749,48865,1981,994,0,0,0,0,0,0,96249,0,0,50,3,0,0,0,0,0,0,3679,0,0,0,0,0,0
238,5956,239.04873225299394,99981,144,87,13,4,2700,1365,0.04065772496774387,107,51,47741,48854,1994,1003,0,0,0,0,0,0,96220,0,0,50,3,0,0,0,0,0,0,3708,0,0,0,0,0,0
239,5956,240.1096908760522,99981,160,83,13,4,2733,1379,0.0411278142847141,94,48,47728,48846,2004,1018,0,0,0,0,0,0,96186,0,0,51,3,0,0,0,0,0,0,3741,0,0,0,0,0,0
240,5956,241.17096388000354,99981,169,81,13,4,2762,1390,0.04152789029915684,97,48,47704,48839,2016,1027,0,0,0,0,0,0,96154,0,0,52,3,0,0,0,0,0,0,3772,0,0,0,0,0,0
241,5956,242.23265988427056,99981,157,91,13,4,2778,1410,0.04188795871215531,112,39,47681,48832,2036,1033,0,0,0,0,0,0,96118,0,0,54,3,0,0,0,0,0,0,3806,0,0,0,0,0,0
242,5956,243.29478991273825,99981,171,82,13,4,2815,1419,0.042348046128764465,100,44,47667,48819,2048,1050,0,0,0,0,0,0,96078,0,0,55,3,0,0,0,0,0,0,3845,0,0,0,0,0,0
243,5956,244.0030251140025,99981,167,80,13,4,2831,1424,0.04255808603634691,96,47,47664,48813,2059,1055,0,0,0,0,0,0,96052,0,0,56,3,0,0,0,0,0,0,3870,0,0,0,0,0,0
244,5956,245.0656438097355,99981,164,87,13,4,2855,1438,0.04293815825006751,96,46,47653,48802,2073,1060,0,0,0,0,0,0,96019,0,0,57,3,0,0,0,0,0,0,3902,0,0,0,0,0,0
245,5956,246.12849150273289,99981,171,86,13,4,2886,1446,0.04332823236414919,99,50,47632,48794,2084,1065,0,0,0,0,0,0,95989,0,0,60,3,0,0,0,0,0,0,3929,0,0,0,0,0,0
246,5956,247.1916789806493,99980,174,90,14,4,2914,1456,0.04370874174834967,101,49,47611,48790,2099,1066,0,0,0,0,0,0,95958,0,0,60,3,0,0,0,0,0,0,3959,0,0,0,0,0,0
247,5956,248.25526283739256,99980,170,84,14,4,2935,1464,0.04399879975995199,110,54,47586,48781,2119,1076,0,0,0,0,0,0,95920,0,0,61,3,0,0,0,0,0,0,3996,0,0,0,0,0,0
248,5956,249.3193616263791,99980,180,88,14,4,2970,1479,0.04449889977995599,104,52,47569,48774,2132,1081,0,0,0,0,0,0,95887,0,0,64,3,0,0,0,0,0,0,4026,0,0,0,0,0,0
249,5956,250.02895374592114,99980,183,89,14,4,2989,1487,0.044768953790758154,108,55,47550,48767,2144,1084,0,0,0,0,0,0,95865,0,0,65,3,0,0,0,0,0,0,4047,0,0,0,0,0,0
250,5956,251.09369676386333,99980,173,104,14,4,3014,1510,0.04524904980996199,117,57,47525,48752,2170,1082,0,0,0,0,0,0,95824,0,0,67,3,0,0,0,0,0,0,4086,0,0,0,0,0,0
251,5956,252.1589432503696,99980,178,104,14,4,3046,1525,0.045719143828765754,119,55,47497,48744,2191,1092,0,0,0,0,0,0,95784,0,0,69,3,0,0,0,0,0,0,4124,0,0,0,0,0,0
252,5956,253.22470410554632,99980,198,99,14,4,3083,1534,0.04617923584716943,115,63,47471,48732,2201,1101,0,0,0,0,0,0,95754,0,0,70,3,0,0,0,0,0,0,4153,0,0,0,0,0,0
253,5956,254.29088888594165,99980,190,86,14,4,3111,1543,0.04654930986197239,112,76,47456,48715,2227,1118,0,0,0,0,0,0,95699,0,0,73,3,0,0,0,0,0,0,4205,0,0,0,0,0,0
254,5956,255.00192427378988,99980,193,95,14,4,3136,1560,0.04696939387877575,109,70,47438,48710,2245,1120,0,0,0,0,0,0,95669,0,0,73,3,0,0,0,0,0,0,4235,0,0,0,0,0,0
255,5956,256.0689853870148,99979,196,93,15,4,3173,1579,0.04752998129607217,111,66,47407,48696,2270,1140,0,0,0,0,0,0,95617,0,0,76,3,0,0,0,0,0,0,4283,0,0,0,0,0,0
256,5956,257.13665282347426,99979,206,91,15,4,3209,1594,0.0480400884185679,113,65,47378,48688,2287,1151,0,0,0,0,0,0,95574,0,0,76,3,0,0,0,0,0,0,4326,0,0,0,0,0,0
257,5956,258.2048387452657,99979,212,84,15,4,3238,1613,0.048520189239740344,116,52,47357,48689,2299,1170,0,0,0,0,0,0,95525,0,0,76,3,0,0,0,0,0,0,4375,0,0,0,0,0,0
258,5956,259.2735379383392,99979,203,88,15,4,3263,1628,0.04892027325738405,123,52,47331,48680,2327,1175,0,0,0,0,0,0,95482,0,0,78,3,0,0,0,0,0,0,4416,0,0,0,0,0,0
259,5956,260.34279986945756,99979,206,93,15,4,3297,1646,0.049440382480320864,120,48,47311,48670,2347,1184,0,0,0,0,0,0,95439,0,0,79,3,0,0,0,0,0,0,4458,0,0,0,0,0,0
260,5956,261.0559065730905,99979,219,89,15,4,3327,1654,0.04982046229708239,115,51,47293,48662,2357,1193,0,0,0,0,0,0,95410,0,0,79,3,0,0,0,0,0,0,4487,0,0,0,0,0,0
261,5956,262.1259206690033,99979,218,87,15,4,3364,1666,0.050310565218695924,102,56,47277,48649,2387,1203,0,0,0,0,0,0,95359,0,0,80,3,0,0,0,0,0,0,4537,0,0,0,0,0,0
262,5956,263.19649794474446,99979,222,85,15,4,3400,1683,0.05084067654207384,100,60,47244,48631,2418,1219,0,0,0,0,0,0,95312,0,0,84,3,0,0,0,0,0,0,4580,0,0,0,0,0,0
263,5956,264.2677368217636,99979,215,90,15,4,3417,1702,0.051200752157953174,111,55,47222,48622,2436,1228,0,0,0,0,0,0,95274,0,0,84,3,0,0,0,0,0,0,4618,0,0,0,0,0,0
264,5956,265.3394912659114,99979,203,95,15,4,3447,1718,0.05166084877824343,120,51,47191,48617,2470,1232,0,0,0,0,0,0,95221,0,0,84,3,0,0,0,0,0,0,4671,0,0,0,0,0,0
265,5956,266.054366976256,99979,200,93,15,4,3467,1723,0.05191090128927075,117,64,47179,48601,2488,1237,0,0,0,0,0,0,95193,0,0,86,3,0,0,0,0,0,0,4697,0,0,0,0,0,0
266,5956,267.12710486379683,99979,209,97,15,4,3501,1744,0.05246101681353084,110,54,47174,48596,2491,1248,0,0,0,0,0,0,95154,0,0,89,3,0,0,0,0,0,0,4733,0,0,0,0,0,0
267,5956,268.2000218968048,99978,223,87,15,5,3540,1751,0.05292164276140751,109,68,47146,48581,2506,1258,0,0,0,0,0,0,95113,0,0,90,3,0,0,0,0,0,0,4772,0,0,0,0,0,0
268,5956,269.273400665455,99978,219,89,15,5,3572,1769,0.053421752785612835,119,65,47110,48572,2536,1268,0,0,0,0,0,0,95065,0,0,94,3,0,0,0,0,0,0,4816,0,0,0,0,0,0
269,5956,270.3474657815396,99978,209,89,15,5,3593,1777,0.05371181659965192,135,69,47086,48566,2554,1270,0,0,0,0,0,0,95030,0,0,98,3,0,0,0,0,0,0,4847,0,0,0,0,0,0
270,5956,271.063782936954,99978,217,91,15,5,3617,1787,0.054051891416111546,139,68,47066,48559,2562,1276,0,0,0,0,0,0,95007,0,0,99,3,0,0,0,0,0,0,4869,0,0,0,0,0,0
271,5956,272.1386482691706,99978,237,98,15,5,3660,1805,0.05466202564564204,126,61,47046,48550,2575,1285,0,0,0,0,0,0,94973,0,0,99,3,0,0,0,0,0,0,4903,0,0,0,0,0,0
272,5956,273.21387745779424,99978,236,98,15,5,3691,1815,0.055072115865490406,126,67,47025,48540,2597,1289,0,0,0,0,0,0,94933,0,0,101,3,0,0,0,0,0,0,4941,0,0,0,0,0,0
273,5956,274.2896397437427,99978,232,97,15,5,3729,1828,0.05558222809017984,126,66,46995,48533,2631,1298,0,0,0,0,0,0,94879,0,0,103,3,0,0,0,0,0,0,4993,0,0,0,0,0,0
274,5956,275.00717876798706,99978,227,96,15,5,3751,1835,0.055872291904218926,129,65,46973,48528,2655,1305,0,0,0,0,0,0,94844,0,0,103,3,0,0,0,0,0,0,5028,0,0,0,0,0,0
275,5956,276.0841253618951,99978,230,101,15,5,3786,1850,0.05637240192842426,125,60,46952,48521,2677,1312,0,0,0,0,0,0,94803,0,0,104,3,0,0,0,0,0,0,5068,0,0,0,0,0,0
276,5956,277.1616423365213,99978,227,98,15,5,3820,1861,0.05682250095020905,121,64,46931,48512,2705,1320,0,0,0,0,0,0,94754,0,0,106,3,0,0,0,0,0,0,5115,0,0,0,0,0,0
277,5956,278.23970566837926,99978,217,98,15,5,3851,1876,0.057282602172477944,138,63,46899,48511,2730,1322,0,0,0,0,0,0,94701,0,0,109,3,0,0,0,0,0,0,5165,0,0,0,0,0,0
278,5956,279.31841351046364,99978,210,106,15,5,3877,1895,0.057732701194262735,144,63,46876,48497,2754,1328,0,0,0,0,0,0,94661,0,0,113,3,0,0,0,0,0,0,5201,0,0,0,0,0,0
279,5956,280.03785239131173,99978,220,103,15,5,3902,1908,0.05811278481265879,155,65,46850,48484,2759,1342,0,0,0,0,0,0,94631,0,0,114,3,0,0,0,0,0,0,5230,0,0,0,0,0,0
280,5956,281.11742823586866,99978,217,108,15,5,3930,1928,0.0585928904358959,163,67,46820,48463,2784,1356,0,0,0,0,0,0,94586,0,0,115,3,0,0,0,0,0,0,5274,0,0,0,0,0,0
281,5956,282.19762872214955,99977,231,105,15,6,3973,1948,0.05922362143292957,144,60,46803,48452,2806,1376,0,0,0,0,0,0,94535,0,0,116,3,0,0,0,0,0,0,5323,0,0,0,0,0,0
282,5956,283.2782814449767,99977,249,117,15,6,4017,1969,0.059873770967322486,126,51,46786,48447,2823,1378,0,0,0,0,0,0,94501,0,0,117,3,0,0,0,0,0,0,5356,0,0,0,0,0,0
283,5956,284.3593136068547,99977,244,111,15,6,4045,1983,0.060293867589545594,143,58,46755,48434,2842,1390,0,0,0,0,0,0,94448,0,0,117,3,0,0,0,0,0,0,5409,0,0,0,0,0,0
284,5956,285.08032293765814,99977,246,107,15,6,4074,1993,0.06068395731018134,134,68,46739,48422,2865,1396,0,0,0,0,0,0,94411,0,0,121,3,0,0,0,0,0,0,5442,0,0,0,0,0,0
285,5956,286.16237261396543,99977,240,109,15,6,4109,2009,0.06119407463716655,139,71,46711,48410,2894,1403,0,0,0,0,0,0,94359,0,0,124,3,0,0,0,0,0,0,5491,0,0,0,0,0,0
286,5956,287.2450215345866,99977,247,103,15,6,4150,2022,0.06173419886573912,127,77,46695,48396,2915,1417,0,0,0,0,0,0,94309,0,0,127,3,0,0,0,0,0,0,5538,0,0,0,0,0,0
287,5956,288.32818237362227,99977,241,110,15,6,4177,2045,0.062234313892195206,128,69,46675,48387,2940,1427,0,0,0,0,0,0,94263,0,0,130,3,0,0,0,0,0,0,5581,0,0,0,0,0,0
288,5956,289.05053059581564,99977,250,111,15,6,4208,2061,0.06270442201706393,131,69,46647,48374,2956,1439,0,0,0,0,0,0,94227,0,0,131,3,0,0,0,0,0,0,5616,0,0,0,0,0,0
289,5956,290.13467134362395,99977,241,113,15,6,4238,2081,0.06320453704352001,132,67,46626,48361,2985,1452,0,0,0,0,0,0,94172,0,0,133,3,0,0,0,0,0,0,5669,0,0,0,0,0,0
290,5956,291.2193720634657,99976,241,123,16,6,4277,2101,0.0637953108746099,123,68,46604,48346,3015,1456,0,0,0,0,0,0,94126,0,0,136,3,0,0,0,0,0,0,5711,0,0,0,0,0,0
291,5956,292.3046500437153,99976,244,120,16,6,4314,2121,0.06436544770744979,118,63,46586,48335,3035,1475,0,0,0,0,0,0,94069,0,0,136,3,0,0,0,0,0,0,5768,0,0,0,0,0,0
292,5956,293.028423304676,99976,233,117,16,6,4336,2129,0.06466551972473393,117,69,46571,48325,3062,1482,0,0,0,0,0,0,94027,0,0,138,3,0,0,0,0,0,0,5808,0,0,0,0,0,0
293,5956,294.11459267622377,99976,238,124,16,6,4366,2147,0.06514563495238858,138,63,46530,48318,3077,1488,0,0,0,0,0,0,93991,0,0,138,3,0,0,0,0,0,0,5844,0,0,0,0,0,0
294,5956,295.2014703312353,99976,230,123,16,6,4402,2163,0.06566575978234776,143,65,46497,48306,3113,1499,0,0,0,0,0,0,93932,0,0,140,3,0,0,0,0,0,0,5901,0,0,0,0,0,0
295,5956,296.28912357725744,99974,242,117,18,6,4444,2176,0.06621721647628383,145,71,46465,48292,3129,1513,0,0,0,0,0,0,93884,0,0,141,3,0,0,0,0,0,0,5946,0,0,0,0,0,0
296,5956,297.0145236314926,99974,240,124,18,6,4468,2193,0.06662732310400704,143,62,46446,48286,3152,1521,0,0,0,0,0,0,93853,0,0,146,3,0,0,0,0,0,0,5972,0,0,0,0,0,0
297,5956,298.10322748921254,99974,249,118,18,6,4515,2209,0.06725748694660612,145,67,46410,48272,3177,1536,0,0,0,0,0,0,93794,0,0,147,3,0,0,0,0,0,0,6030,0,0,0,0,0,0
298,5956,299.192656640957,99974,231,123,18,6,4550,2229,0.06780762998379579,141,72,46401,48251,3208,1547,0,0,0,0,0,0,93727,0,0,148,3,0,0,0,0,0,0,6096,0,0,0,0,0,0
299,5956,300.28251035104637,99974,236,122,18,6,4593,2249,0.06843779382639487,135,73,46384,48238,3226,1560,0,0,0,0,0,0,93672,0,0,152,3,0,0,0,0,0,0,6147,0,0,0,0,0,0
300,5956,301.00930623114294,99974,237,119,18,6,4621,2265,0.06887790825614659,127,72,46368,48228,3249,1574,0,0,0,0,0,0,93630,0,0,156,3,0,0,0,0,0,0,6185,0,0,0,0,0,0
301,5956,302.1000711235002,99974,225,124,18,6,4655,2290,0.06946806169604097,129,65,46340,48215,3287,1589,0,0,0,0,0,0,93569,0,0,161,3,0,0,0,0,0,0,6241,0,0,0,0,0,0
302,5956,303.1915541064278,99973,232,130,19,6,4692,2313,0.07006891860802417,140,52,46309,48209,3299,1602,0,0,0,0,0,0,93524,0,0,163,3,0,0,0,0,0,0,6283,0,0,0,0,0,0
303,5956,304.28368460711454,99973,231,120,19,6,4731,2320,0.07052904284156722,157,63,46269,48195,3323,1615,0,0,0,0,0,0,93470,0,0,166,3,0,0,0,0,0,0,6334,0,0,0,0,0,0
304,5956,305.01221782554035,99973,241,118,19,6,4760,2330,0.0709191481700059,150,61,46253,48190,3336,1624,0,0,0,0,0,0,93440,0,0,167,3,0,0,0,0,0,0,6363,0,0,0,0,0,0
305,5956,306.1054287088479,99973,236,131,19,6,4793,2351,0.07145929400938253,156,66,46238,48169,3350,1627,0,0,0,0,0,0,93396,0,0,169,3,0,0,0,0,0,0,6405,0,0,0,0,0,0
306,5956,307.19892098209647,99972,236,132,19,7,4821,2367,0.07190013203697035,170,73,46204,48155,3370,1632,0,0,0,0,0,0,93354,0,0,170,3,0,0,0,0,0,0,6445,0,0,0,0,0,0
307,5956,308.2929188898794,99972,238,140,19,7,4857,2391,0.07250030008402353,167,70,46193,48139,3382,1643,0,0,0,0,0,0,93305,0,0,171,3,0,0,0,0,0,0,6493,0,0,0,0,0,0
308,5956,309.02243028442774,99972,234,141,19,7,4880,2404,0.07286040091225543,164,73,46180,48125,3402,1653,0,0,0,0,0,0,93267,0,0,172,3,0,0,0,0,0,0,6530,0,0,0,0,0,0
309,5956,310.1171378408583,99972,245,144,19,7,4923,2425,0.07350058016244548,163,76,46156,48107,3416,1665,0,0,0,0,0,0,93220,0,0,175,3,0,0,0,0,0,0,6574,0,0,0,0,0,0
310,5956,311.2122770017136,99972,253,142,19,7,4977,2442,0.07421077901812508,151,81,46131,48094,3445,1675,0,0,0,0,0,0,93157,0,0,177,3,0,0,0,0,0,0,6635,0,0,0,0,0,0
311,5956,312.3079615634292,99971,267,145,20,7,5021,2467,0.07490172149923478,143,74,46110,48081,3459,1692,0,0,0,0,0,0,93107,0,0,179,3,0,0,0,0,0,0,6682,0,0,0,0,0,0
312,5956,313.0386545561438,99971,265,133,20,7,5045,2475,0.07522181432615459,151,79,46093,48076,3470,1704,0,0,0,0,0,0,93064,0,0,182,3,0,0,0,0,0,0,6722,0,0,0,0,0,0
313,5956,314.13526822305005,99971,261,128,20,7,5078,2493,0.07573196226905803,161,81,46059,48065,3498,1718,0,0,0,0,0,0,93010,0,0,188,3,0,0,0,0,0,0,6770,0,0,0,0,0,0
314,5956,315.23256454502894,99970,257,125,21,7,5114,2515,0.07631289386816045,177,82,46022,48048,3522,1737,0,0,0,0,0,0,92948,0,0,191,3,0,0,0,0,0,0,6828,0,0,0,0,0,0
315,5956,316.3305309305885,99970,267,133,21,7,5167,2538,0.07707312193658097,168,84,45994,48028,3549,1747,0,0,0,0,0,0,92893,0,0,194,3,0,0,0,0,0,0,6880,0,0,0,0,0,0
316,5956,317.0629044705102,99970,271,134,21,7,5193,2554,0.07749324797439232,179,88,45966,48011,3562,1759,0,0,0,0,0,0,92857,0,0,195,3,0,0,0,0,0,0,6915,0,0,0,0,0,0
317,5956,318.1620049489962,99970,267,148,21,7,5239,2580,0.07821346403921177,169,81,45950,47997,3592,1766,0,0,0,0,0,0,92798,0,0,198,3,0,0,0,0,0,0,6971,0,0,0,0,0,0
318,5956,319.261615261749,99969,271,143,22,7,5273,2593,0.07868439216157008,187,87,45911,47987,3608,1775,0,0,0,0,0,0,92750,0,0,198,3,0,0,0,0,0,0,7018,0,0,0,0,0,0
319,5956,320.36197231604285,99968,302,144,23,7,5341,2615,0.07958546734955185,178,89,45863,47969,3632,1789,1,1,1,1,0,0,92691,0,0,199,3,0,0,0,0,0,2,7073,0,0,0,0,0,0
320,5956,321.0316165404094,99968,310,152,23,7,5369,2633,0.08004561459667094,181,81,45843,47963,3640,1794,2,2,2,2,0,0,92659,0,0,199,3,0,0,0,0,0,4,7103,0,0,0,0,0,0
321,5956,322.02611474426834,99967,302,150,24,7,5401,2648,0.08051657046825453,190,87,45812,47948,3668,1804,3,3,3,3,0,0,92604,0,0,203,3,0,0,0,0,0,6,7151,0,0,0,0,0,0
322,5956,323.01529917857204,99966,315,150,25,7,5444,2663,0.08109757317487946,187,82,45789,47943,3679,1813,4,4,4,4,0,0,92560,0,0,205,3,0,0,0,0,0,7,7190,1,0,0,0,0,0
323,5956,324.0527675381886,99964,320,137,27,7,5506,2679,0.08187947661158017,180,100,45748,47917,3719,1833,5,5,5,5,0,0,92477,0,0,208,3,0,0,0,0,0,7,7266,3,0,0,0,0,0
324,5956,325.01176030418185,99964,319,136,27,7,5547,2696,0.08245968548677524,171,98,45726,47907,3750,1845,6,6,6,6,0,0,92416,0,0,209,3,0,0,0,0,0,9,7324,3,0,0,0,0,0
325,5956,326.03380548810276,99964,331,150,27,7,5603,2729,0.08335000600216078,164,83,45691,47896,3779,1855,7,8,8,7,0,0,92354,0,0,213,3,0,0,0,0,0,12,7379,3,0,0,0,0,0
326,5956,327.1629504918757,99963,308,157,28,7,5638,2756,0.08397106929563938,172,76,45662,47884,3821,1865,8,10,10,8,0,0,92277,0,0,217,3,0,0,0,0,0,15,7448,3,0,0,0,0,0
327,5956,328.0574119830578,99963,300,159,28,7,5672,2773,0.08448125806548423,181,78,45632,47867,3849,1876,9,12,12,9,0,0,92218,0,0,218,3,0,0,0,0,0,18,7503,3,0,0,0,0,0
328,5956,329.0004629465188,99963,291,165,28,7,5709,2794,0.08506147274491561,185,80,45603,47846,3882,1886,10,15,15,10,0,0,92159,0,0,222,4,0,0,0,0,0,22,7553,3,0,0,0,0,0
329,5956,330.0498287010736,99963,291,172,28,7,5764,2822,0.08589177995858467,171,82,45576,47820,3922,1900,11,18,18,11,0,0,92082,0,0,224,4,0,0,0,0,0,25,7624,4,0,0,0,0,0
330,5956,331.0242763143339,99963,288,165,28,7,5796,2843,0.08642197613116853,186,74,45546,47807,3939,1924,12,22,22,12,0,0,92016,0,0,226,4,0,0,0,0,0,30,7683,4,0,0,0,0,0
331,5956,332.1473934935797,99963,301,160,28,7,5852,2860,0.08715224633114252,186,78,45506,47790,3965,1937,13,27,27,13,0,0,91947,0,0,227,4,0,0,0,0,0,35,7745,5,0,0,0,0,0
332,5956,333.2563764241333,99962,299,152,29,7,5913,2884,0.08800344130769693,180,76,45469,47777,4008,1955,14,32,32,14,0,0,91850,0,0,231,4,0,0,0,0,0,41,7831,5,0,0,0,0,0
333,5956,334.03378282098663,99962,318,149,29,7,5949,2893,0.08845361237270162,175,80,45453,47766,4009,1959,15,38,38,15,0,0,91816,0,0,233,4,0,0,0,0,0,48,7856,5,0,0,0,0,0
334,5956,335.1929067239302,99962,317,149,29,7,5994,2913,0.08910385946659731,181,89,45425,47738,4031,1971,16,45,45,16,0,0,91747,0,0,238,4,0,0,0,0,0,56,7912,5,0,0,0,0,0
335,5956,336.2575735211648,99962,316,146,29,7,6034,2932,0.08969408375182569,184,93,45397,47710,4056,1990,17,53,53,17,0,0,91678,0,0,241,4,0,0,0,0,0,65,7969,5,0,0,0,0,0
336,5956,337.0019049081667,99961,318,138,29,8,6069,2947,0.09019517611868628,176,94,45387,47691,4071,2006,18,62,62,18,0,0,91615,0,0,243,4,0,0,0,0,0,74,8019,6,0,0,0,0,0
337,5956,338.11716336625557,99961,324,138,29,8,6120,2966,0.09089544922519782,163,92,45365,47670,4099,2020,19,71,72,19,0,0,91545,0,0,245,5,0,0,0,0,0,84,8075,7,0,0,0,0,0
338,5956,339.0881600490861,99961,304,143,29,8,6149,2984,0.09136563259671272,176,102,45338,47639,4132,2025,20,82,83,20,0,0,91477,0,0,249,5,0,0,0,0,0,94,8127,9,0,0,0,0,0
339,5956,340.04321326537627,99960,294,153,30,8,6191,3011,0.09205682272909163,172,93,45313,47617,4169,2034,21,94,95,21,0,0,91400,0,0,252,5,0,0,0,0,0,105,8187,11,0,0,0,0,0
340,5956,341.16939829434,99960,303,162,30,8,6262,3054,0.09319727891156462,173,85,45262,47573,4209,2064,22,107,108,22,0,0,91293,0,0,255,5,0,0,0,0,0,119,8277,11,0,0,0,0,0
341,5956,342.28502794085557,99959,292,160,30,9,6298,3079,0.09380846146920237,182,80,45230,47553,4241,2076,24,121,122,24,0,0,91207,0,0,258,5,0,0,0,0,0,134,8343,12,0,0,0,0,0
342,5956,343.0292868977382,99959,290,157,30,9,6324,3093,0.09420862553646996,183,82,45211,47531,4259,2085,26,135,137,26,0,0,91153,0,0,263,5,0,0,0,0,0,148,8375,15,0,0,0,0,0
343,5956,344.14636917811987,99959,291,157,30,9,6379,3117,0.09499894956932342,177,74,45174,47507,4299,2100,28,152,154,28,0,0,91061,0,0,267,5,0,0,0,0,0,166,8444,16,0,0,0,0,0
344,5956,345.2643762864568,99958,287,159,30,10,6424,3141,0.09569018987974949,166,72,45151,47473,4335,2115,30,170,172,30,0,0,90976,0,0,273,5,0,0,0,0,0,186,8502,16,0,0,0,0,0
345,5956,346.01010187549457,99958,296,157,30,10,6454,3154,0.09612037055563337,172,70,45122,47448,4347,2126,32,188,192,32,0,0,90920,0,0,275,5,0,0,0,0,0,208,8534,16,0,0,0,0,0
346,5956,347.1293899570054,99958,311,152,30,10,6506,3180,0.09690069829328318,175,75,45082,47412,4367,2142,34,208,213,34,0,0,90836,0,0,280,5,0,0,0,0,0,229,8590,18,0,0,0,0,0
347,5956,348.2495121688591,99956,298,154,32,10,6537,3202,0.09743287046300372,180,67,45064,47382,4388,2155,37,231,236,37,0,0,90749,0,0,282,5,0,0,0,0,0,254,8647,19,0,0,0,0,0
348,5956,349.370210189973,99956,299,148,32,10,6584,3222,0.09810316539277282,190,71,45028,47343,4410,2173,40,254,260,40,0,0,90654,0,0,285,5,0,0,0,0,0,280,8712,20,0,0,0,0,0
349,5956,350.11779513002847,99955,294,146,32,11,6613,3236,0.09853434045320394,192,72,45003,47309,4435,2182,43,279,286,43,0,0,90581,0,0,290,5,0,0,0,0,0,308,8750,21,0,0,0,0,0
350,5956,351.23983782805925,99955,320,149,32,11,6680,3257,0.09941473663148417,167,86,44976,47261,4459,2187,45,305,314,46,0,0,90495,0,0,293,5,0,0,0,0,0,338,8802,22,0,0,0,0,0
351,5956,352.36249915947104,99955,310,148,32,11,6720,3280,0.1000450202591166,182,86,44936,47221,4490,2200,49,333,343,50,0,0,90393,0,0,297,5,0,0,0,0,0,370,8867,23,0,0,0,0,0
352,5956,353.1114568142152,99955,305,143,32,11,6754,3295,0.10053524085838628,182,80,44913,47190,4514,2212,53,363,374,54,0,0,90308,0,0,305,5,0,0,0,0,0,404,8909,24,0,0,0,0,0
353,5956,354.23578953833595,99955,320,143,32,11,6814,3319,0.10137561902856285,183,83,44870,47143,4537,2226,57,393,407,58,0,0,90211,0,0,311,5,0,0,0,0,0,438,8963,27,0,0,0,0,0
354,5956,355.3609626234337,99955,310,146,32,11,6860,3348,0.10212595668050622,178,86,44846,47080,4571,2249,62,427,442,63,0,0,90095,0,0,317,5,0,0,0,0,0,478,9033,27,0,0,0,0,0
355,5956,356.11142610353664,99955,307,144,32,11,6890,3361,0.10255615026762042,176,89,44823,47034,4594,2257,67,464,479,68,0,0,90012,0,0,321,5,0,0,0,0,0,517,9070,30,0,0,0,0,0
356,5956,357.2380619015127,99955,303,156,32,11,6945,3389,0.1033865239357711,174,92,44779,46978,4639,2259,72,503,518,73,0,0,89899,0,0,325,5,0,0,0,0,0,559,9135,32,0,0,0,0,0
357,5956,358.365728975131,99955,308,156,32,11,6996,3416,0.1041668750937922,164,88,44754,46930,4663,2275,78,539,559,79,0,0,89787,0,0,327,7,0,0,0,0,0,603,9197,34,0,0,0,0,0
358,5956,359.117834162358,99955,305,149,32,11,7027,3431,0.10462708218698415,165,101,44724,46869,4689,2288,84,581,602,85,0,0,89686,0,0,330,7,0,0,0,0,0,651,9246,35,0,0,0,0,0
359,5956,360.2469261900061,99955,309,154,32,11,7074,3461,0.10539742884297934,160,89,44691,46816,4717,2305,90,624,647,91,0,0,89573,0,0,333,7,0,0,0,0,0,699,9305,38,0,0,0,0,0
360,5956,361.00011135488654,99955,308,150,32,11,7097,3474,0.10575759091591216,168,98,44665,46759,4730,2312,96,669,695,98,0,0,89482,0,0,337,7,0,0,0,0,0,753,9337,39,0,0,0,0,0
361,5956,362.1306585940521,99955,299,156,32,11,7144,3503,0.10651793306988144,171,99,44629,46691,4765,2327,103,715,745,105,0,0,89352,0,0,340,7,0,0,0,0,0,807,9407,42,0,0,0,0,0
362,5956,363.2622085189719,99955,283,158,32,11,7187,3530,0.10721824821169526,170,103,44602,46625,4801,2338,111,764,797,113,0,0,89217,0,0,344,7,0,0,0,0,0,862,9478,47,0,0,0,0,0
363,5956,364.01700885601144,99955,282,162,32,11,7220,3548,0.10772847781501675,168,95,44577,46573,4821,2343,119,815,852,121,0,0,89113,0,0,345,7,0,0,0,0,0,919,9518,53,0,0,0,0,0
364,5956,365.1501377239007,99955,297,166,32,11,7269,3580,0.1085388424791156,179,85,44529,46508,4835,2359,127,870,909,130,0,0,88993,0,0,346,8,0,0,0,0,0,979,9571,58,0,0,0,0,0
365,5956,366.28411896991656,99955,297,164,32,11,7313,3602,0.10919913961282578,180,88,44504,46441,4850,2368,136,927,968,139,0,0,88866,0,0,351,8,0,0,0,0,0,1043,9625,62,0,0,0,0,0
366,5956,367.0404630970734,99955,310,174,32,11,7354,3627,0.10985943674653594,170,78,44478,46374,4863,2374,146,988,1030,149,0,0,88758,0,0,353,8,0,0,0,0,0,1110,9659,67,0,0,0,0,0
367,5956,368.17561731223213,99955,334,166,32,11,7410,3649,0.11063978790455706,178,78,44439,46305,4859,2391,157,1048,1094,160,0,0,88636,0,0,359,8,0,0,0,0,0,1176,9700,76,0,0,0,0,0
368,5956,369.31155760454516,99955,332,166,32,11,7468,3675,0.11148016607473363,179,81,44390,46229,4898,2404,168,1108,1161,171,0,0,88489,0,0,364,9,0,0,0,0,0,1244,9763,86,0,0,0,0,0
369,5956,370.0695037269334,99954,335,164,32,12,7504,3687,0.11196150229105388,174,92,44362,46142,4916,2413,180,1176,1231,183,0,0,88367,0,0,369,9,0,0,0,0,0,1324,9797,88,0,0,0,0,0
370,5956,371.2072495549665,99953,339,161,32,13,7557,3716,0.11278300801376646,174,87,44333,46061,4930,2432,191,1245,1303,195,0,0,88212,0,0,372,9,0,0,0,0,0,1401,9864,95,0,0,0,0,0
371,5956,372.3457923395138,99952,343,156,33,13,7601,3738,0.11344445333760204,186,103,44286,45962,4948,2449,203,1316,1378,208,0,0,88064,0,0,373,9,0,0,0,0,0,1484,9922,100,0,0,0,0,0
372,5956,373.10528691805615,99951,338,160,34,13,7627,3761,0.11393582855599244,196,96,44254,45887,4961,2454,216,1389,1456,222,0,0,87931,0,0,374,9,0,0,0,0,0,1568,9961,108,0,0,0,0,0
373,5956,374.2455567958694,99951,332,163,34,13,7677,3789,0.11471621094336225,179,95,44237,45802,4988,2463,229,1463,1536,236,0,0,87772,0,0,380,9,0,0,0,0,0,1652,10020,118,0,0,0,0,0
374,5956,375.00611879902067,99951,323,169,34,13,7709,3811,0.11525647567307981,180,90,44209,45717,5009,2468,244,1542,1619,251,0,0,87633,0,0,386,9,0,0,0,0,0,1740,10055,128,0,0,0,0,0
375,5956,376.14794720862875,99951,325,166,34,13,7760,3840,0.11605686786525397,189,90,44161,45621,5030,2487,260,1622,1705,267,0,0,87461,0,0,392,9,0,0,0,0,0,1837,10119,133,0,0,0,0,0
376,5956,377.2908435186154,99951,333,164,34,13,7817,3871,0.11693729927664556,181,90,44115,45525,5059,2501,277,1706,1794,284,0,0,87290,0,0,398,10,0,0,0,0,0,1933,10178,142,0,0,0,0,0
377,5956,378.05339354810326,99951,333,165,34,13,7856,3894,0.11755760322558054,183,86,44067,45438,5088,2508,294,1789,1885,302,0,0,87139,0,0,406,10,0,0,0,0,0,2031,10212,153,0,0,0,0,0
378,5956,379.19866439384987,99950,314,158,35,13,7901,3919,0.11825912956478239,175,84,44028,45339,5137,2531,310,1874,1979,320,0,0,86944,0,0,414,10,0,0,0,0,0,2138,10286,158,0,0,0,0,0
379,5956,380.34533010818666,99950,320,150,35,13,7950,3937,0.11892946473236618,167,92,43992,45239,5159,2537,326,1968,2076,339,0,0,86774,0,0,417,10,0,0,0,0,0,2242,10337,170,0,0,0,0,0
380,5956,381.1103257176782,99950,326,144,35,13,7980,3950,0.11935967983991996,169,96,43959,45141,5164,2541,346,2064,2176,359,0,0,86629,0,0,419,10,0,0,0,0,0,2346,10360,186,0,0,0,0,0
381,5956,382.2588537257795,99949,332,137,36,13,8035,3976,0.12017128735655185,181,99,43893,45032,5193,2560,364,2158,2279,380,0,0,86441,0,0,423,10,0,0,0,0,0,2456,10419,200,0,0,0,0,0
382,5956,383.0252875331129,99949,329,150,36,13,8070,4001,0.12077159351269147,182,92,43861,44930,5205,2555,386,2259,2385,402,0,0,86280,0,0,425,11,0,0,0,0,0,2570,10450,213,0,0,0,0,0
383,5956,384.17613104298516,99948,328,139,37,13,8116,4017,0.12139312442470085,184,98,43814,44831,5227,2563,409,2355,2494,425,0,0,86101,0,0,434,11,0,0,0,0,0,2684,10487,231,0,0,0,0,0
384,5956,385.32824273796,99948,322,142,37,13,8173,4044,0.12223356145195502,175,91,43766,44731,5266,2571,433,2451,2606,449,0,0,85901,0,0,444,11,0,0,0,0,0,2807,10541,244,0,0,0,0,0
385,5956,386.09709879975287,99948,324,144,37,13,8203,4058,0.12267379037099292,175,93,43725,44624,5280,2567,458,2558,2721,474,0,0,85736,0,0,449,11,0,0,0,0,0,2937,10561,254,0,0,0,0,0
386,5956,387.2516503368257,99948,330,145,37,13,8255,4087,0.12348421179013087,172,79,43672,44522,5306,2575,482,2665,2839,500,0,0,85539,0,0,456,12,0,0,0,0,0,3068,10607,266,0,0,0,0,0
387,5956,388.02213185153306,99948,326,149,37,13,8283,4100,0.12389442510105254,192,86,43614,44400,5322,2575,508,2776,2960,527,0,0,85367,0,0,459,12,0,0,0,0,0,3202,10628,280,0,0,0,0,0
388,5956,389.1793128661556,99948,327,149,37,13,8340,4119,0.12465482050666346,188,98,43560,44275,5355,2578,532,2886,3084,555,0,0,85154,0,0,460,13,0,0,0,0,0,3342,10688,291,0,0,0,0,0
389,5956,390.33793397120024,99948,334,157,37,13,8392,4144,0.12542522111497978,185,104,43508,44148,5376,2573,559,3004,3211,584,0,0,84957,0,0,466,13,0,0,0,0,0,3483,10723,306,0,0,0,0,0
390,5956,391.11103447613164,99948,333,164,37,13,8435,4164,0.12605554888542042,182,101,43462,44024,5397,2571,588,3126,3341,614,0,0,84758,0,0,469,13,0,0,0,0,0,3628,10759,321,0,0,0,0,0
391,5956,392.2721914019159,99948,324,169,37,13,8490,4201,0.12697602753431786,167,93,43409,43891,5445,2588,617,3245,3474,645,0,0,84514,0,0,475,13,0,0,0,0,0,3782,10833,331,0,0,0,0,0
392,5956,393.0472693220394,99947,319,171,37,14,8523,4220,0.12749757371406845,159,96,43374,43758,5460,2587,650,3373,3610,678,0,0,84313,0,0,479,13,0,0,0,0,0,3932,10860,350,0,0,0,0,0
393,5956,394.21124809200734,99946,316,172,38,14,8569,4247,0.1282292437916475,166,91,43322,43621,5473,2599,684,3502,3749,712,0,0,84083,0,0,484,13,0,0,0,0,0,4092,10911,363,0,0,0,0,0
394,5956,395.3766178710098,99946,296,176,38,14,8616,4277,0.1289996598163008,164,95,43273,43470,5512,2611,716,3633,3891,747,0,0,83842,0,0,494,14,0,0,0,0,0,4252,10964,380,0,0,0,0,0
395,5956,396.1543401809836,99946,288,174,38,14,8645,4293,0.1294499029475917,172,91,43219,43332,5530,2618,752,3770,4036,783,0,0,83626,0,0,495,15,0,0,0,0,0,4415,10998,397,0,0,0,0,0
396,5956,397.3226972508405,99946,291,162,38,14,8704,4320,0.1303103675985032,163,83,43165,43194,5553,2644,789,3902,4184,821,0,0,83367,0,0,503,15,0,0,0,0,0,4587,11063,411,0,0,0,0,0
397,5956,398.10253629616057,99946,292,155,38,14,8739,4339,0.13085065935605228,159,79,43119,43055,5565,2661,826,4035,4335,860,0,0,83137,0,0,509,15,0,0,0,0,0,4763,11097,425,0,0,0,0,0
398,5956,399.27383611750224,99946,285,148,38,14,8786,4367,0.13160106457487042,159,82,43072,42916,5583,2674,862,4165,4489,900,0,0,82887,0,0,518,15,0,0,0,0,0,4933,11144,449,0,0,0,0,0
399,5956,400.0555242686996,99946,284,148,38,14,8818,4383,0.13208132391491406,155,78,43026,42776,5594,2674,902,4309,4645,942,0,0,82669,0,0,520,19,0,0,0,0,0,5108,11162,468,0,0,0,0,0
400,5956,401.2295926731623,99946,278,141,38,14,8854,4398,0.1325915994637104,173,76,42965,42641,5604,2674,941,4453,4804,985,0,0,82423,0,0,522,22,0,0,0,0,0,5296,11203,480,0,0,0,0,0
401,5956,402.0131485587888,99946,281,144,38,14,8889,4413,0.1330918696095892,170,79,42908,42492,5619,2668,983,4602,4966,1030,0,0,82197,0,0,525,23,0,0,0,0,0,5482,11219,500,0,0,0,0,0
402,5956,403.19029604642805,99946,290,147,38,14,8941,4438,0.1338622856342425,162,75,42846,42344,5639,2673,1024,4746,5131,1076,0,0,81947,0,0,525,25,0,0,0,0,0,5669,11258,522,0,0,0,0,0
403,5956,404.369138710503,99944,282,152,39,15,8984,4463,0.1345453453934203,170,74,42778,42199,5665,2663,1065,4896,5299,1123,0,0,81695,0,0,531,26,0,0,0,0,0,5858,11286,548,0,0,0,0,0
404,5956,405.1559983158052,99944,279,153,39,15,9010,4477,0.1349455695189306,184,74,42722,42040,5669,2658,1106,5059,5470,1172,0,0,81461,0,0,536,26,0,0,0,0,0,6055,11295,571,0,0,0,0,0
405,5956,406.33807379553747,99944,290,145,39,15,9063,4495,0.13565596734171137,174,79,42665,41886,5682,2666,1149,5208,5643,1222,0,0,81193,0,0,543,26,0,0,0,0,0,6262,11333,587,0,0,0,0,0
406,5956,407.12701945628544,99944,301,144,39,15,9094,4518,0.13619626991115025,169,71,42608,41727,5684,2671,1198,5371,5819,1274,0,0,80945,0,0,545,26,0,0,0,0,0,6468,11351,609,0,0,0,0,0
407,5956,408.3122455759982,99943,295,141,40,15,9142,4539,0.1368880261749197,174,75,42537,41582,5702,2667,1251,5519,5998,1328,0,0,80674,0,0,546,29,0,0,0,0,0,6665,11387,642,0,0,0,0,0
408,5956,409.10351959929125,99943,299,135,40,15,9171,4552,0.13730826571145552,176,75,42472,41418,5711,2673,1301,5683,6180,1383,0,0,80411,0,0,548,29,0,0,0,0,0,6886,11411,658,0,0,0,0,0
409,5956,410.2925035991564,99941,302,133,41,16,9228,4572,0.13808146806615904,162,78,42401,41261,5737,2670,1356,5841,6364,1440,0,0,80134,0,0,555,31,0,0,0,0,0,7096,11438,687,0,0,0,0,0
410,5956,411.08629596725723,99941,298,138,41,16,9255,4586,0.1384917101089643,164,83,42340,41091,5747,2658,1409,6013,6551,1498,0,0,79885,0,0,558,31,0,0,0,0,0,7308,11439,720,0,0,0,0,0
411,5956,412.2790576772323,99939,297,132,43,16,9306,4604,0.13918490279070234,162,93,42264,40926,5771,2657,1462,6175,6740,1558,0,0,79593,0,0,560,32,0,0,0,0,0,7527,11478,749,0,0,0,0,0
412,5956,413.07544958402764,99939,284,133,43,16,9329,4623,0.13960515914707972,167,93,42206,40761,5781,2648,1518,6348,6932,1620,0,0,79322,0,0,562,35,0,0,0,0,0,7749,11493,778,0,0,0,0,0
413,5956,414.2720894448857,99938,296,137,43,17,9386,4653,0.14047709579939563,158,79,42129,40595,5800,2652,1573,6519,7126,1683,0,0,79027,0,0,564,37,0,0,0,0,0,7978,11527,805,0,0,0,0,0
414,5956,415.0710037142746,99938,278,137,43,17,9409,4666,0.14083731913786549,161,85,42070,40421,5813,2643,1634,6696,7323,1748,0,0,78750,0,0,572,38,0,0,0,0,0,8210,11534,834,0,0,0,0,0
415,5956,416.27167099085665,99938,260,139,43,17,9448,4691,0.1414777161840341,163,83,42007,40245,5831,2648,1695,6867,7522,1815,0,0,78440,0,0,574,42,0,0,0,0,0,8447,11575,860,0,0,0,0,0
416,5956,417.07325714874435,99938,267,140,43,17,9484,4707,0.1419980387840461,153,74,41945,40075,5829,2645,1762,7048,7724,1883,0,0,78161,0,0,578,42,0,0,0,0,0,8686,11580,891,0,0,0,0,0
417,5956,418.2777967471147,99938,249,141,43,17,9527,4732,0.14267846064560027,147,76,41873,39896,5860,2642,1827,7227,7928,1953,0,0,77836,0,0,581,45,0,0,0,0,0,8933,11627,916,0,0,0,0,0
418,5956,419.0820883897968,99938,240,140,43,17,9552,4751,0.1431187336148412,150,70,41795,39717,5876,2644,1895,7411,8134,2025,0,0,77546,0,0,586,47,0,0,0,0,0,9176,11634,949,0,0,0,0,0
419,5956,420.29130175902435,99938,228,133,43,17,9594,4776,0.143789149272549,180,93,41684,39517,5906,2648,1958,7591,8342,2099,0,0,77215,22,2,591,47,0,0,0,0,0,9426,11656,979,0,0,0,0,0
420,5956,421.20032888133545,99938,247,140,43,17,9641,4802,0.14451960215333506,168,95,41601,39328,5912,2648,2028,7771,8553,2175,0,0,76911,67,2,592,48,0,0,0,0,0,9685,11627,1006,0,0,0,0,0
421,5956,422.1111050215331,99938,251,144,43,17,9670,4825,0.14503992475334707,185,96,41507,39134,5916,2642,2097,7966,8766,2252,0,0,76609,109,2,593,49,0,0,0,0,0,9945,11596,1035,0,0,0,0,0
422,5956,423.0236194055506,99937,264,147,44,17,9720,4852,0.14581186147272782,183,91,41419,38935,5922,2652,2167,8157,8981,2331,0,0,76297,158,6,598,51,0,0,0,0,0,10203,11559,1065,0,0,0,0,0
423,5956,424.39570675929747,99937,273,155,44,17,9778,4885,0.1467224351341345,192,101,41322,38751,5933,2651,2235,8324,9198,2412,0,0,75959,225,9,601,52,0,0,0,0,0,10471,11529,1091,0,0,0,0,0
424,5956,425.3119600839346,99934,290,152,47,17,9829,4912,0.14750735485420377,195,102,41222,38557,5935,2656,2310,8515,9417,2495,0,0,75634,279,11,605,53,0,0,0,0,0,10739,11491,1122,0,0,0,0,0
425,5956,426.23020493756565,99934,299,152,47,17,9875,4931,0.14815778413753078,197,99,41137,38380,5934,2646,2385,8705,9637,2580,0,0,75322,329,14,606,55,0,0,0,0,0,10998,11447,1163,0,0,0,0,0
426,5956,427.15033555390715,99934,290,156,47,17,9914,4957,0.14880821342085776,203,105,41046,38185,5949,2642,2464,8894,9859,2667,0,0,74995,392,18,609,55,0,0,0,0,0,11258,11399,1208,0,0,0,0,0
427,5956,428.0724962152882,99934,313,165,47,17,9969,4986,0.14964876818700343,192,104,40955,37998,5944,2634,2548,9081,10083,2756,0,0,74675,434,24,613,55,0,0,0,0,0,11530,11360,1243,0,0,0,0,0
428,5956,429.45909264737537,99933,311,165,47,18,10037,5029,0.15076100987661734,203,109,40842,37796,5971,2646,2625,9265,10309,2847,0,0,74300,528,35,619,56,0,0,0,0,0,11799,11317,1279,0,0,0,0,0
429,5956,430.38547791012354,99933,332,167,47,18,10099,5050,0.15159156634945414,200,115,40751,37600,5968,2638,2701,9461,10536,2940,0,0,73979,579,39,620,60,0,0,0,0,0,12065,11266,1325,0,0,0,0,0
430,5956,431.3138919072224,99933,335,171,47,18,10145,5071,0.1522620155504188,206,116,40641,37409,5984,2628,2786,9657,10765,3034,0,0,73640,625,47,624,62,0,0,0,0,0,12350,11232,1353,0,0,0,0,0
431,5956,432.2445047952968,99932,334,182,48,18,10189,5092,0.15291398150742505,212,129,40535,37205,6000,2612,2870,9853,10996,3130,0,0,73301,667,51,632,62,0,0,0,0,0,12642,11193,1384,0,0,0,0,0
432,5956,433.1774993704287,99932,331,186,48,18,10233,5123,0.15366449185446104,234,129,40429,36985,6004,2620,2953,10061,11228,3228,0,0,72947,725,58,639,64,0,0,0,0,0,12931,11152,1416,0,0,0,0,0
433,5956,434.1127332030583,99932,354,192,48,18,10298,5149,0.15457511107553137,216,126,40329,36789,6010,2611,3042,10263,11461,3328,0,0,72612,768,66,641,72,0,0,0,0,0,13215,11108,1450,0,0,0,0,0
434,5956,435.0502102931661,99932,357,193,48,18,10345,5182,0.1553756554457031,229,130,40193,36579,6030,2619,3142,10460,11696,3430,0,0,72242,832,75,644,72,0,0,0,0,0,13512,11074,1481,0,0,0,0,0
435,5956,436.4611666653955,99932,377,212,48,18,10434,5236,0.15680662850738503,235,132,40057,36374,6057,2627,3225,10636,11932,3534,0,0,71860,917,84,649,76,0,0,0,0,0,13800,11025,1521,0,0,0,0,0
436,5956,437.40424723229137,99932,366,217,48,18,10478,5267,0.15755713885442102,244,134,39946,36161,6074,2627,3321,10842,12169,3640,0,0,71499,979,94,657,77,0,0,0,0,0,14089,10973,1564,0,0,0,0,0
437,5956,438.35013057119346,99932,384,211,48,18,10541,5291,0.15842773085698275,248,138,39825,35967,6077,2631,3417,11034,12407,3748,0,0,71129,1038,104,657,83,0,0,0,0,0,14390,10938,1593,0,0,0,0,0
438,5956,439.29860969703344,99932,384,212,48,18,10590,5319,0.15919825481327302,251,144,39723,35770,6080,2627,3513,11228,12647,3858,0,0,70766,1100,109,663,86,0,0,0,0,0,14686,10883,1639,0,0,0,0,0
439,5956,440.24959558349616,99932,399,214,48,18,10651,5352,0.1601388944482248,258,148,39591,35555,6093,2639,3610,11425,12888,3970,0,0,70403,1155,119,670,90,0,0,0,0,0,14984,10830,1681,0,0,0,0,0
440,5956,441.20329887597586,99932,409,221,48,18,10721,5390,0.1612196293479566,256,143,39476,35344,6109,2644,3701,11629,13130,4084,0,0,70020,1228,128,676,91,0,0,0,0,0,15283,10778,1728,0,0,0,0,0
441,5956,442.15980696638024,99932,417,230,48,18,10788,5428,0.16227034383380698,255,133,39354,35146,6123,2647,3802,11825,13372,4200,0,0,69643,1292,142,683,94,0,0,0,0,0,15582,10726,1770,0,0,0,0,0
442,5956,443.11917163813604,99930,407,235,50,18,10847,5462,0.16320424297007904,269,136,39222,34938,6153,2646,3898,12026,13615,4318,0,0,69252,1362,155,696,94,0,0,0,0,0,15888,10671,1812,0,0,0,0,0
443,5956,444.081579873302,99929,412,227,50,19,10901,5492,0.16404647299582703,297,149,39091,34731,6153,2657,3996,12216,13859,4438,0,0,68869,1420,173,703,97,0,0,0,0,0,16194,10624,1849,0,0,0,0,0
444,5956,445.0469940774826,99927,420,246,52,19,10970,5536,0.16518058182473205,281,150,38974,34534,6175,2654,4097,12396,14104,4560,0,0,68493,1469,190,715,101,0,0,0,0,0,16501,10570,1888,0,0,0,0,0
445,5956,446.0152400175048,99927,423,250,52,19,11037,5570,0.16619131966335424,277,157,38848,34324,6201,2659,4198,12590,14349,4684,0,0,68096,1535,207,720,105,1,0,0,0,0,16814,10528,1921,0,0,0,0,0
446,5956,447.4730232024407,99927,441,272,52,19,11153,5634,0.167992634623275,282,158,38701,34138,6227,2664,4296,12748,14595,4809,0,0,67670,1641,227,728,111,1,0,0,0,0,17114,10469,1966,0,0,0,0,0
447,5956,448.44768264015767,99927,471,278,52,19,11232,5679,0.16923354048455372,269,147,38571,33924,6225,2681,4411,12950,14842,4936,0,0,67280,1703,245,730,117,1,0,0,0,0,17424,10421,2006,0,0,0,0,0
448,5956,449.4254917482054,99927,476,284,52,19,11300,5718,0.17030432215517327,281,146,38430,33731,6237,2689,4523,13130,15089,5065,0,0,66881,1769,260,738,120,2,0,0,0,0,17740,10370,2047,0,0,0,0,0
449,5956,450.40661377247073,99925,468,281,53,20,11359,5759,0.17130848136102075,302,147,38285,33525,6258,2702,4633,13324,15336,5196,0,0,66467,1846,278,747,124,2,0,0,0,0,18058,10317,2086,0,0,0,0,0
450,5956,451.3911731910552,99925,486,280,53,20,11429,5792,0.17233925444083062,302,141,38160,33327,6258,2707,4740,13524,15584,5329,0,0,66081,1897,301,755,127,2,0,0,0,0,18369,10263,2130,0,0,0,0,0
451,5956,452.3790497828093,99924,495,266,54,20,11499,5826,0.17338177014531045,316,143,38008,33117,6265,2726,4861,13727,15832,5464,0,0,65685,1959,332,764,131,2,0,0,0,0,18670,10203,2178,0,0,0,0,0
452,5956,453.3704476605335,99923,515,263,55,20,11593,5856,0.17462446083484282,308,148,37863,32916,6291,2727,4967,13925,16080,5601,0,0,65297,2015,362,778,136,2,0,0,0,0,18971,10136,2226,0,0,0,0,0
453,5956,454.36565344473524,99922,510,273,56,20,11674,5898,0.17585716859150138,309,142,37691,32728,6342,2729,5091,14107,16328,5740,0,0,64885,2089,391,787,140,2,0,0,0,0,19278,10077,2273,0,0,0,0,0
454,5956,455.36507375332184,99922,517,269,56,20,11758,5934,0.17705810532215127,314,151,37536,32517,6368,2740,5208,14302,16577,5880,0,0,64459,2166,416,794,145,2,0,0,0,0,19600,10029,2311,0,0,0,0,0
455,5956,456.36868101069786,99922,533,281,56,20,11847,5978,0.17838914353195492,303,141,37382,32325,6396,2737,5329,14495,16826,6022,0,0,64038,2234,439,801,150,2,0,0,0,0,19929,9983,2346,0,0,0,0,0
456,5956,457.3762166889501,99922,521,276,56,20,11918,6019,0.17951001781389483,315,147,37234,32123,6428,2746,5445,14687,17075,6166,0,0,63622,2314,470,807,159,2,0,0,0,0,20234,9917,2397,0,0,0,0,0
457,5956,458.38777571304246,99922,533,259,56,20,11995,6047,0.1805608374532135,314,165,37085,31942,6442,2755,5569,14858,17324,6312,0,0,63218,2383,498,813,165,2,0,0,0,0,20541,9850,2452,0,0,0,0,0
458,5956,459.4033467347608,99920,541,267,58,20,12082,6096,0.18192554043234588,301,158,36948,31740,6465,2767,5686,15047,17573,6459,0,0,62811,2441,535,831,169,2,0,0,0,0,20850,9784,2497,0,0,0,0,0
459,5956,460.42287414877035,99919,554,277,59,20,12157,6146,0.1831783744833315,311,151,36790,31555,6475,2772,5810,15224,17821,6608,0,0,62400,2501,564,838,173,2,0,0,0,0,21170,9730,2541,0,0,0,0,0
460,5956,461.44629470751437,99919,570,281,59,20,12240,6191,0.1844594121238203,305,140,36641,31363,6488,2783,5936,15412,18069,6759,0,0,61986,2561,602,842,179,2,0,0,0,0,21486,9681,2580,0,0,0,0,0
461,5956,462.4737692725568,99919,563,257,59,20,12324,6216,0.18555029573954904,295,159,36501,31166,6517,2796,6064,15601,18317,6911,0,0,61546,2648,636,850,188,2,0,0,0,0,21803,9626,2620,0,0,0,0,0
462,5956,463.5054424244607,99919,560,257,59,20,12396,6260,0.18671123610124202,318,158,36337,30966,6532,2811,6193,15787,18565,7065,0,0,61119,2723,667,854,194,3,0,0,0,0,22122,9573,2664,0,0,0,0,0
463,5956,464.0225541837573,99919,546,239,59,20,12426,6268,0.18709154415076212,330,180,36186,30743,6539,2814,6339,16003,18812,7221,0,0,60723,2764,688,854,202,3,0,0,0,0,22456,9525,2704,0,0,0,0,0
464,5956,465.0628823238685,99918,549,266,60,20,12509,6320,0.18844452451009827,309,160,36050,30557,6567,2806,6464,16190,19059,7378,0,0,60307,2826,714,861,210,3,0,0,0,0,22783,9466,2748,0,0,0,0,0
465,5956,466.1074936924928,99917,521,265,61,20,12578,6362,0.18955733258604643,340,160,35871,30380,6619,2810,6587,16364,19305,7537,0,0,59867,2906,748,876,216,4,0,0,0,0,23105,9406,2789,0,0,0,0,0
466,5956,467.15695795293396,99917,526,277,61,20,12659,6413,0.1908784290961498,332,134,35712,30205,6644,2812,6724,16551,19551,7697,0,0,59439,2974,779,885,222,4,0,0,0,0,23433,9351,2830,0,0,0,0,0
467,5956,468.2113648246652,99917,526,284,61,20,12743,6461,0.1921995256062532,331,127,35551,30019,6669,2808,6861,16741,19796,7859,0,0,59008,3045,819,888,232,4,0,0,0,0,23753,9300,2868,0,0,0,0,0
468,5956,469.2704915081913,99916,532,254,61,21,12839,6494,0.1934925337283318,315,135,35393,29836,6707,2846,6991,16907,20041,8022,0,0,58550,3139,855,903,235,4,0,0,0,0,24077,9239,2914,0,0,0,0,0
469,5956,470.33456625507415,99916,532,242,61,21,12931,6527,0.1947435846110733,316,143,35222,29660,6738,2861,7130,17072,20285,8187,0,0,58112,3217,890,919,239,4,0,0,0,0,24399,9173,2963,0,0,0,0,0
470,5956,471.4037126198248,99916,531,232,61,21,13017,6562,0.19595460186556707,304,145,35068,29500,6768,2867,7267,17234,20529,8353,0,0,57677,3279,937,933,246,4,0,0,0,0,24723,9122,2995,0,0,0,0,0
471,5956,472.47782931554485,99916,531,233,61,21,13100,6609,0.19725569478361824,294,136,34929,29342,6786,2878,7398,17389,20772,8520,0,0,57243,3356,971,942,252,5,0,0,0,0,25045,9060,3042,0,0,0,0,0
472,5956,473.0161549304486,99916,529,229,61,21,13138,6627,0.19781616557908643,300,135,34770,29139,6786,2876,7553,17599,21014,8689,0,0,56849,3385,995,945,257,5,0,0,0,0,25385,9011,3084,0,0,0,0,0
473,5956,474.0995385271221,99916,540,230,61,21,13225,6669,0.19910725009007565,303,128,34618,28966,6804,2883,7673,17771,21255,8859,0,0,56424,3453,1026,950,266,5,0,0,0,0,25709,8950,3133,0,0,0,0,0
474,5956,475.18769151612025,99915,525,240,62,21,13299,6712,0.2002802382024721,305,121,34470,28782,6830,2887,7807,17948,21495,9030,0,0,55995,3515,1064,958,275,5,0,0,0,0,26033,8898,3172,0,0,0,0,0
475,5956,476.2807438664666,99914,527,234,63,21,13383,6743,0.20143323258001883,303,130,34306,28623,6856,2891,7944,18100,21735,9202,0,0,55561,3563,1114,971,279,5,0,0,0,0,26366,8857,3198,0,0,0,0,0
476,5956,477.37879511700334,99913,533,223,64,21,13469,6777,0.2026362935754106,289,138,34159,28438,6878,2910,8076,18269,21974,9376,0,0,55119,3628,1151,979,288,5,0,0,0,0,26701,8811,3231,0,0,0,0,0
477,5956,478.4816643362402,99912,530,239,64,22,13541,6821,0.20379934342221154,306,135,33995,28279,6895,2903,8209,18421,22212,9551,0,0,54708,3675,1191,985,295,5,0,0,0,0,27022,8755,3276,0,0,0,0,0
478,5956,479.0345049389865,99912,542,238,64,22,13583,6834,0.2043498278485067,302,149,33855,28088,6872,2888,8364,18614,22449,9727,0,0,54348,3681,1222,985,301,5,0,0,0,0,27344,8696,3330,0,0,0,0,0
479,5956,480.1472438231178,99912,536,233,64,22,13663,6868,0.20549083193210024,283,158,33733,27935,6897,2885,8486,18766,22685,9904,0,0,53929,3747,1266,987,312,5,0,0,0,0,27652,8633,3381,0,0,0,0,0
480,5956,481.2644307883457,99912,531,240,64,22,13742,6911,0.20671190647770038,285,149,33581,27787,6911,2883,8627,18918,22920,10082,0,0,53508,3805,1314,991,321,5,0,0,0,0,27966,8579,3423,0,0,0,0,0
481,5956,482.3862001513944,99912,534,247,64,22,13839,6953,0.20810313075506445,271,149,33424,27628,6943,2894,8763,19059,23154,10261,0,0,53088,3869,1352,1004,328,6,0,0,0,0,28278,8510,3477,0,0,0,0,0
482,5956,483.51342987241725,99912,524,247,64,22,13912,6990,0.20920409960765474,283,152,33258,27480,6965,2894,8905,19204,23387,10441,0,0,52677,3917,1401,1017,334,6,0,0,0,0,28588,8447,3525,0,0,0,0,0
483,5956,484.07849732605916,99912,531,252,64,22,13962,7012,0.20992473376571383,274,147,33101,27300,6964,2885,9065,19393,23618,10622,0,0,52300,3930,1441,1015,342,6,0,0,0,0,28911,8401,3566,0,0,0,0,0
484,5956,485.2165988417601,99912,510,255,64,22,14031,7045,0.21094563215629755,286,167,32952,27150,6990,2881,9197,19524,23848,10804,0,0,51880,3993,1484,1021,348,6,0,0,0,0,29223,8340,3617,0,0,0,0,0
485,5956,486.3598909274076,99912,501,274,64,22,14122,7100,0.21240691808791737,265,155,32803,27009,7039,2881,9327,19658,24077,10986,0,0,51453,4065,1528,1030,353,7,0,0,0,0,29530,8275,3671,0,0,0,0,0
486,5956,487.5085784050909,99911,507,260,65,22,14199,7144,0.21362012190849855,294,150,32641,26881,7038,2907,9454,19779,24305,11169,0,0,51038,4118,1584,1038,360,9,0,0,0,0,29834,8218,3712,0,0,0,0,0
487,5956,488.0843823427603,99911,514,263,65,22,14244,7165,0.21428070983175027,289,146,32511,26710,7013,2888,9607,19970,24532,11353,0,0,50680,4125,1628,1034,369,9,0,0,0,0,30141,8162,3763,0,0,0,0,0
488,5956,489.24362126651886,99909,533,249,67,22,14333,7198,0.21550611056061014,289,157,32357,26576,7009,2894,9744,20101,24757,11538,0,0,50272,4158,1684,1042,380,9,0,0,0,0,30451,8117,3796,0,0,0,0,0
489,5956,490.4076968223225,99909,527,256,67,22,14414,7249,0.21682731285469778,289,149,32218,26434,7020,2896,9878,20242,24981,11723,0,0,49854,4218,1737,1048,388,10,0,0,0,0,30754,8060,3840,0,0,0,0,0
490,5956,491.5769415033291,99909,544,265,67,22,14512,7292,0.21823859712338228,269,145,32059,26306,7048,2898,10012,20363,25204,11909,0,0,49456,4257,1787,1061,393,10,0,0,0,0,31056,7996,3893,0,0,0,0,0
491,5956,492.16289641940597,99909,545,269,67,22,14553,7313,0.21885916183727191,273,141,31902,26133,7038,2893,10174,20541,25426,12096,0,0,49068,4276,1818,1065,395,10,0,0,0,0,31393,7952,3932,0,0,0,0,0
492,5956,493.34353577169674,99909,541,258,67,22,14648,7347,0.2201503368064939,263,154,31748,25997,7076,2905,10304,20663,25646,12283,0,0,48634,4347,1870,1071,406,10,0,0,0,0,31701,7901,3969,0,0,0,0,0
493,5956,494.53003364726277,99909,529,258,67,22,14732,7390,0.22142149355913882,291,144,31582,25874,7092,2917,10438,20784,25865,12471,0,0,48215,4408,1928,1075,418,10,0,0,0,0,31997,7848,4010,0,0,0,0,0
494,5956,495.1248705442929,99909,511,251,67,22,14764,7403,0.22187190343212324,294,147,31440,25708,7090,2912,10597,20959,26083,12659,0,0,47861,4418,1973,1082,423,11,0,0,0,0,32294,7780,4067,0,0,0,0,0
495,5956,496.32329730717345,99908,523,251,67,23,14852,7438,0.22310525683628937,292,161,31305,25581,7089,2917,10723,21066,26299,12848,0,0,47460,4465,2018,1082,435,11,0,0,0,0,32598,7727,4112,0,0,0,0,0
496,5956,497.52680356764074,99907,510,256,68,23,14941,7486,0.22447876525168406,302,153,31146,25446,7121,2935,10852,21186,26514,13037,0,0,47040,4534,2077,1082,446,11,0,0,0,0,32885,7672,4160,0,0,0,0,0
497,5956,498.12993067297367,99907,523,264,68,23,14993,7515,0.2252895192529052,283,147,30997,25308,7115,2919,11013,21338,26727,13226,0,0,46699,4531,2130,1081,454,11,0,0,0,0,33173,7615,4213,0,0,0,0,0
498,5956,499.3453224528117,99907,512,258,68,23,15087,7559,0.22667080384757826,265,141,30884,25201,7142,2940,11128,21436,26939,13416,0,0,46292,4578,2201,1092,468,12,0,0,0,0,33454,7560,4250,0,0,0,0,0
499,5956,500.56584703326416,99906,514,257,69,23,15168,7612,0.22801433347346506,291,134,30717,25088,7140,2954,11268,21543,27150,13606,0,0,45915,4618,2273,1091,486,12,0,0,0,0,33717,7495,4299,0,0,0,0,0
500,5956,501.1777245810221,99906,504,257,69,23,15210,7631,0.2286249074129682,299,135,30577,24928,7133,2942,11417,21714,27359,13796,0,0,45561,4627,2315,1087,503,12,0,0,0,0,34013,7445,4343,0,0,0,0,0
501,5956,502.41014603591077,99906,500,249,69,23,15301,7667,0.22989610233619603,293,132,30449,24826,7136,2947,11552,21822,27567,13986,0,0,45155,4683,2372,1101,511,12,0,0,0,0,34303,7382,4387,0,0,0,0,0
502,5956,503.02776724927213,99906,495,244,69,23,15345,7690,0.23056673272876504,286,126,30323,24684,7125,2945,11701,21977,27773,14176,0,0,44798,4700,2412,1106,521,13,0,0,0,0,34599,7322,4435,0,0,0,0,0
503,5956,504.27112007125504,99905,490,246,70,23,15428,7732,0.23182022921775686,278,120,30205,24599,7142,2950,11814,22061,27978,14366,0,0,44425,4740,2475,1114,530,15,0,0,0,0,34864,7253,4489,0,0,0,0,0
504,5956,505.51917529327534,99905,484,249,70,23,15492,7766,0.23280116110304788,283,119,30090,24516,7148,2952,11924,22140,28181,14556,0,0,44044,4785,2522,1111,540,16,0,0,0,0,35153,7199,4535,0,0,0,0,0
505,5956,506.14442225699145,99905,478,241,70,23,15526,7780,0.23328161753665982,286,128,29951,24369,7130,2951,12084,22287,28383,14747,0,0,43683,4795,2561,1111,551,16,0,0,0,0,35464,7156,4568,0,0,0,0,0
506,5956,507.40325984664656,99905,521,261,70,23,15633,7832,0.23487312947299935,244,125,29841,24246,7115,2959,12208,22385,28583,14937,0,0,43324,4807,2623,1121,555,17,0,0,0,0,35744,7102,4612,0,0,0,0,0
507,5956,508.0339447990174,99905,532,257,70,23,15677,7853,0.23552374756018218,248,120,29692,24098,7098,2964,12359,22537,28782,15127,0,0,42975,4814,2662,1123,561,17,0,0,0,0,36044,7052,4657,0,0,0,0,0
508,5956,509.3032953474072,99904,533,250,70,24,15767,7891,0.23680733504163998,233,118,29582,24017,7108,2979,12473,22611,28979,15317,0,0,42589,4855,2723,1128,578,18,0,0,0,0,36321,7004,4688,0,0,0,0,0
509,5956,510.57792102663484,99901,510,237,73,24,15843,7924,0.2379055264712065,242,123,29438,23908,7129,3000,12607,22707,29175,15507,0,0,42193,4907,2782,1138,591,19,0,0,0,0,36598,6949,4724,0,0,0,0,0
510,5956,511.21680286662604,99901,493,233,73,24,15879,7946,0.23848610124022782,247,122,29316,23762,7112,3005,12758,22853,29369,15697,0,0,41856,4914,2838,1137,603,19,0,0,0,0,36868,6895,4771,0,0,0,0,0
511,5956,512.5034998427423,99901,471,215,73,24,15952,7982,0.2395771814095955,249,123,29188,23688,7141,3016,12877,22933,29562,15887,0,0,41481,4949,2915,1156,612,19,0,0,0,0,37124,6831,4814,0,0,0,0,0
512,5956,513.1480981933013,99900,459,215,74,24,15986,7999,0.24009009009009008,259,124,29047,23561,7127,3005,13033,23070,29753,16077,0,0,41141,4948,2961,1157,622,19,0,0,0,0,37413,6788,4851,0,0,0,0,0
513,5956,514.4468188791446,99900,444,216,74,24,16068,8038,0.2413013013013013,246,118,28920,23495,7148,3005,13167,23141,29943,16266,0,0,40779,4971,3031,1166,639,20,0,0,0,0,37670,6737,4887,0,0,0,0,0
514,5956,515.0974126860743,99900,435,224,74,24,16099,8059,0.24182182182182183,251,111,28775,23363,7140,2994,13324,23283,30131,16455,0,0,40454,4979,3069,1164,647,20,0,0,0,0,37948,6679,4940,0,0,0,0,0
515,5956,516.408751116653,99899,422,213,75,24,16178,8087,0.2428953242775203,239,123,28668,23280,7144,3012,13451,23347,30317,16644,0,0,40096,5010,3138,1168,664,21,0,0,0,0,38201,6623,4978,0,0,0,0,0
516,5956,517.065819004508,99899,409,202,75,24,16209,8110,0.24343587022893123,236,115,28546,23158,7125,3016,13608,23484,30502,16832,0,0,39782,5006,3205,1167,677,21,0,0,0,0,38450,6568,5023,0,0,0,0,0
517,5956,518.388737774913,99899,392,198,75,24,16287,8149,0.24460705312365488,222,104,28434,23106,7147,3020,13729,23547,30685,17020,0,0,39420,5040,3274,1179,693,21,0,0,0,0,38702,6513,5057,0,0,0,0,0
518,5956,519.0512884996241,99899,407,213,75,24,16330,8179,0.24533779116908078,209,98,28304,22978,7123,3005,13881,23681,30867,17207,0,0,39111,5025,3327,1177,698,22,0,0,0,0,38973,6470,5096,0,0,0,0,0
519,5956,520.385946283506,99899,387,209,75,24,16394,8210,0.24628875163915553,209,107,28214,22912,7131,3020,13983,23727,31047,17394,0,0,38755,5057,3391,1184,708,23,0,0,0,0,39230,6419,5132,0,0,0,0,0
520,5956,521.054232267538,99899,387,208,75,24,16427,8224,0.24675922681908727,202,123,28110,22786,7096,3009,14129,23849,31226,17581,0,0,38458,5036,3451,1182,716,25,0,0,0,0,39487,6375,5169,0,0,0,0,0
521,5956,522.3989368690922,99899,382,195,75,24,16502,8262,0.2478903692729657,183,107,28023,22724,7095,3028,14241,23921,31403,17767,0,0,38117,5059,3542,1179,732,25,0,0,0,0,39712,6331,5202,0,0,0,0,0
522,5956,523.0719593300503,99899,379,190,75,24,16532,8276,0.2483308141222635,184,100,27885,22630,7083,3025,14393,24030,31579,17952,0,0,37806,5054,3586,1178,738,27,0,0,0,0,39981,6286,5243,0,0,0,0,0
523,5956,524.4272486857587,99899,349,187,75,24,16583,8307,0.24915164315959118,193,96,27791,22602,7086,3020,14505,24070,31753,18137,0,0,37476,5069,3662,1181,753,27,0,0,0,0,40216,6237,5278,0,0,0,0,0
524,5956,525.1062234230586,99898,351,181,76,24,16620,8319,0.24964463753028088,181,94,27676,22500,7075,3002,14640,24198,31926,18321,0,0,37180,5058,3712,1175,767,27,0,0,0,0,40468,6191,5320,0,0,0,0,0
525,5956,526.47281389047,99898,344,186,76,24,16678,8357,0.25060561773008466,191,82,27593,22468,7056,2996,14739,24243,32097,18505,0,0,36856,5069,3781,1173,781,28,0,0,0,0,40709,6150,5351,0,0,0,0,0
526,5956,527.157078444532,99898,345,179,76,24,16708,8370,0.25103605677791346,185,81,27467,22367,7029,2993,14897,24355,32267,18688,0,0,36563,5056,3832,1173,790,28,0,0,0,0,40963,6102,5391,0,0,0,0,0
527,5956,528.5339369403493,99898,338,169,76,24,16785,8402,0.2521271697131074,166,73,27383,22324,7042,2994,14994,24415,32435,18870,0,0,36235,5081,3909,1178,805,28,0,0,0,0,41186,6049,5427,0,0,0,0,0
528,5956,529.2234279637737,99897,335,160,77,24,16811,8411,0.2524800544560898,167,74,27267,22245,7007,2987,15146,24509,32602,19052,0,0,35947,5063,3959,1172,821,28,0,0,0,0,41437,6011,5459,0,0,0,0,0
529,5956,530.6112041110631,99897,312,162,77,24,16860,8443,0.2532908896163048,169,72,27197,22198,6996,2986,15248,24557,32767,19233,0,0,35655,5057,4039,1179,833,29,0,0,0,0,41648,5956,5501,0,0,0,0,0
530,5956,531.3057124170106,99897,307,173,77,24,16885,8465,0.2537613742154419,174,65,27090,22093,6961,2975,15390,24669,32931,19413,0,0,35365,5054,4078,1173,843,29,0,0,0,0,41901,5911,5543,0,0,0,0,0
531,5956,532.0030478339027,99897,315,168,77,24,16916,8478,0.2542018278827192,175,61,26969,22017,6932,2963,15531,24766,33093,19592,0,0,35082,5037,4123,1171,856,29,0,0,0,0,42154,5872,5573,0,0,0,0,0
532,5956,533.4063165341764,99896,330,166,78,24,16980,8500,0.25506526787859374,153,61,26894,22000,6914,2950,15630,24798,33254,19770,0,0,34786,5045,4174,1179,860,29,0,0,0,0,42389,5812,5622,0,0,0,0,0
533,5956,534.1086568799471,99896,316,173,78,24,17001,8515,0.2554256426683751,170,56,26785,21922,6888,2927,15762,24897,33413,19948,0,0,34516,5031,4221,1175,872,29,0,0,0,0,42624,5763,5665,0,0,0,0,0
534,5956,535.5218788121425,99895,312,156,78,25,17051,8528,0.2560588618048951,176,69,26700,21898,6882,2929,15851,24922,33571,20125,0,0,34211,5042,4272,1174,887,29,0,0,0,0,42860,5721,5699,0,0,0,0,0
535,5956,536.228925149121,99894,319,149,79,25,17083,8534,0.2564418283380383,162,72,26596,21817,6852,2917,15991,25019,33727,20301,0,0,33955,5011,4329,1169,899,30,0,0,0,0,43087,5681,5733,0,0,0,0,0
536,5956,537.6523821799068,99894,308,139,79,25,17144,8557,0.2572827196828638,157,73,26532,21810,6855,2914,16068,25038,33882,20476,0,0,33656,5023,4400,1167,913,32,0,0,0,0,43298,5639,5766,0,0,0,0,0
537,5956,538.3648617598404,99893,291,137,80,25,17167,8569,0.2576356701670788,165,73,26424,21745,6845,2901,16194,25118,34035,20650,0,0,33379,5012,4455,1162,926,32,0,0,0,0,43529,5604,5794,0,0,0,0,0
538,5956,539.0798832051889,99892,287,134,81,25,17203,8580,0.25810875745805467,153,72,26327,21683,6826,2886,16325,25199,34187,20823,0,0,33114,4996,4515,1163,932,32,0,0,0,0,43748,5558,5834,0,0,0,0,0
539,5956,540.5187047386455,99892,296,119,81,25,17257,8596,0.25880951427541743,151,80,26266,21675,6796,2883,16409,25217,34337,20995,0,0,32825,5006,4567,1162,944,32,0,0,0,0,43973,5515,5868,0,0,0,0,0
540,5956,541.2384061883251,99892,288,114,81,25,17282,8607,0.25916990349577546,146,77,26171,21602,6779,2876,16534,25305,34486,21166,0,0,32569,4986,4624,1157,957,32,0,0,0,0,44188,5476,5903,0,0,0,0,0
541,5956,542.686058543518,99892,279,117,81,25,17333,8630,0.25991070355984464,144,81,26083,21606,6781,2859,16631,25311,34633,21336,0,0,32299,4997,4678,1155,970,32,0,0,0,0,44389,5420,5952,0,0,0,0,0
542,5956,543.4106026511744,99892,272,111,81,25,17364,8639,0.2603111360269091,133,83,25993,21523,6769,2852,16751,25405,34779,21505,0,0,32036,4986,4728,1154,981,32,0,0,0,0,44609,5380,5986,0,0,0,0,0
543,5956,544.1383163447,99892,267,121,81,25,17385,8657,0.26070155768229686,125,76,25921,21464,6735,2832,16870,25481,34924,21673,0,0,31791,4964,4778,1146,993,33,0,0,0,0,44826,5342,6019,0,0,0,0,0
544,5956,545.6011994709364,99892,254,121,81,25,17431,8680,0.261392303687983,121,71,25883,21456,6719,2819,16941,25507,35067,21840,0,0,31524,4965,4835,1139,1013,33,0,0,0,0,45025,5304,6054,0,0,0,0,0
545,5956,546.3325099398895,99892,247,118,81,25,17454,8687,0.26169262803828136,112,79,25790,21395,6703,2811,17066,25571,35209,22006,0,0,31273,4947,4884,1129,1028,33,0,0,0,0,45243,5273,6082,0,0,0,0,0
546,5956,547.066227402908,99892,246,121,81,25,17477,8703,0.2620830496936692,108,73,25699,21327,6686,2801,17179,25652,35349,22171,0,0,31030,4926,4930,1122,1043,33,0,0,0,0,45457,5239,6112,0,0,0,0,0
547,5956,548.541832181415,99892,226,118,81,25,17510,8736,0.26274376326432547,129,55,25639,21332,6671,2813,17253,25656,35488,22335,0,0,30756,4930,4989,1123,1056,33,0,0,0,0,45657,5204,6144,0,0,0,0,0
548,5956,549.279926508899,99892,242,110,81,25,17546,8741,0.26315420654306654,114,56,25542,21261,6645,2814,17375,25733,35626,22498,0,0,30504,4921,5027,1115,1068,33,0,0,0,0,45880,5172,6172,0,0,0,0,0
549,5956,550.0208661390311,99892,240,106,81,25,17571,8748,0.26347455251671803,110,58,25478,21203,6612,2800,17478,25807,35762,22660,0,0,30272,4895,5081,1109,1080,33,0,0,0,0,46081,5137,6204,0,0,0,0,0
550,5956,551.510319935931,99891,238,113,82,25,17616,8775,0.26419797579361504,107,46,25466,21244,6573,2784,17533,25787,35897,22821,0,0,30022,4868,5155,1115,1083,35,0,0,0,0,46277,5111,6225,0,0,0,0,0
551,5956,552.2542551388228,99891,238,115,82,25,17636,8787,0.2645183249742219,108,41,25384,21201,6547,2777,17640,25840,36031,22981,0,0,29793,4845,5199,1108,1094,37,0,0,0,0,46483,5077,6255,0,0,0,0,0
552,5956,553.0003298367252,99891,223,109,82,25,17655,8791,0.26474857594778306,102,44,25331,21146,6527,2761,17734,25914,36163,23140,0,0,29562,4826,5247,1102,1109,37,0,0,0,0,46679,5042,6287,0,0,0,0,0
553,5956,554.4990560005247,99891,220,99,82,25,17695,8803,0.2652691433662692,83,44,25326,21160,6497,2762,17791,25909,36294,23298,0,0,29322,4819,5304,1100,1119,37,0,0,0,0,46863,5001,6326,0,0,0,0,0
554,5956,555.2479927415355,99891,211,99,82,25,17715,8815,0.2655894925468761,80,39,25248,21111,6470,2750,17908,25975,36424,23454,0,0,29096,4792,5362,1097,1125,39,0,0,0,0,47054,4972,6354,0,0,0,0,0
555,5956,556.7515905830893,99890,185,98,83,25,17747,8834,0.26610271298428273,85,33,25230,21155,6458,2728,17958,25960,36552,23609,0,0,28863,4786,5421,1101,1138,39,0,0,0,0,47226,4923,6393,0,0,0,0,0
556,5956,557.5030838819541,99890,180,88,83,25,17762,8840,0.26631294423866253,76,38,25170,21114,6425,2721,18065,26013,36679,23763,0,0,28648,4768,5467,1098,1148,39,0,0,0,0,47412,4878,6432,0,0,0,0,0
557,5956,558.2568237733285,99890,180,79,83,25,17774,8846,0.26649314245670236,77,40,25101,21079,6393,2711,18165,26065,36805,23916,0,0,28436,4741,5514,1094,1158,39,0,0,0,0,47603,4842,6463,0,0,0,0,0
558,5956,559.012494025404,99890,178,82,83,25,17786,8859,0.2667434177595355,79,33,25016,21040,6365,2698,18278,26121,36930,24068,0,0,28225,4715,5561,1089,1165,40,0,0,0,0,47793,4808,6494,0,0,0,0,0
559,5956,560.5306332086615,99888,164,70,84,26,17816,8875,0.2672092743873138,75,32,25000,21072,6350,2696,18326,26103,37053,24219,0,0,27987,4712,5619,1087,1177,41,0,0,0,0,47971,4777,6517,0,0,0,0,0
560,5956,561.2896329273142,99888,163,67,84,26,17835,8880,0.26744954348870736,67,32,24947,21049,6319,2682,18419,26143,37175,24368,0,0,27769,4688,5666,1083,1186,41,0,0,0,0,48166,4752,6537,0,0,0,0,0
561,5956,562.0506633882095,99888,155,66,84,26,17844,8888,0.2676197341021945,70,29,24884,21007,6295,2669,18511,26202,37296,24516,0,0,27561,4670,5703,1079,1195,41,0,0,0,0,48353,4713,6573,0,0,0,0,0
562,5956,563.5781103521032,99888,158,67,84,26,17871,8904,0.2680502162421913,63,21,24889,21050,6254,2655,18551,26180,37416,24663,0,0,27354,4659,5744,1077,1204,41,0,0,0,0,48528,4666,6615,0,0,0,0,0
563,5956,564.3411159010212,99888,158,65,84,26,17884,8907,0.26821039564312027,65,21,24825,21014,6216,2645,18651,26228,37534,24809,0,0,27149,4638,5776,1073,1214,41,0,0,0,0,48721,4632,6644,0,0,0,0,0
564,5956,565.1057248067159,99888,157,60,84,26,17895,8908,0.2683305301938171,68,27,24774,20995,6176,2637,18740,26254,37651,24954,0,0,26947,4616,5814,1066,1222,42,0,0,0,0,48907,4602,6672,0,0,0,0,0
565,5956,566.6404501236285,99888,132,62,84,26,17914,8922,0.26866090020823324,69,21,24764,21037,6170,2631,18780,26222,37767,25098,0,0,26721,4616,5855,1061,1234,44,0,0,0,0,49089,4572,6696,0,0,0,0,0
566,5956,567.4071337152053,99888,124,59,84,26,17921,8926,0.26877102354637195,69,23,24697,21002,6140,2610,18885,26279,37882,25240,0,0,26526,4595,5893,1056,1240,45,0,0,0,0,49265,4536,6732,0,0,0,0,0
567,5956,568.1758004876444,99888,128,56,84,26,17935,8927,0.26892119173474294,62,26,24635,20978,6112,2595,18978,26318,37996,25381,0,0,26323,4569,5928,1052,1246,46,0,0,0,0,49458,4514,6752,0,0,0,0,0
568,5956,569.7194214630703,99888,122,56,84,26,17959,8936,0.26925156174915904,59,24,24671,21021,6069,2582,18994,26290,38108,25521,0,0,26127,4553,5973,1046,1259,46,0,0,0,0,49622,4480,6782,0,0,0,0,0
569,5956,570.4900165073157,99888,121,52,84,26,17970,8941,0.2694117411500881,57,24,24619,20992,6034,2570,19084,26335,38219,25660,0,0,25919,4539,6003,1041,1267,46,0,0,0,0,49812,4457,6804,0,0,0,0,0
570,5956,571.2617557605327,99888,120,52,84,26,17982,8947,0.26959194297613326,59,22,24548,20950,6007,2558,19181,26391,38329,25798,0,0,25729,4516,6038,1035,1278,46,0,0,0,0,49990,4426,6830,0,0,0,0,0
571,5956,572.0351672485117,99888,122,48,84,26,17994,8949,0.2697320999519462,61,22,24490,20925,5982,2554,19260,26424,38438,25935,0,0,25537,4490,6076,1031,1285,46,0,0,0,0,50169,4402,6852,0,0,0,0,0
572,5956,573.5882973446668,99888,118,46,84,26,18009,8955,0.26994233541566554,54,20,24443,20903,5955,2541,19345,26463,38546,26070,0,0,25344,4473,6114,1024,1296,46,0,0,0,0,50339,4376,6876,0,0,0,0,0
573,5956,574.4939317809416,99888,108,34,84,26,18031,8958,0.27019261572961717,47,21,24457,20963,5927,2530,19376,26425,38653,26204,0,0,25144,4458,6163,1026,1300,47,0,0,0,0,50500,4348,6902,0,0,0,0,0
574,5956,575.2711665001939,99888,102,32,84,26,18040,8959,0.2702927278551978,46,22,24411,20938,5904,2508,19452,26473,38759,26337,0,0,24974,4437,6200,1019,1309,47,0,0,0,0,50654,4307,6941,0,0,0,0,0
575,5956,576.0499734533462,99888,106,33,84,26,18053,8963,0.2704629184686849,37,21,24379,20914,5867,2491,19526,26514,38864,26469,0,0,24789,4414,6230,1011,1321,47,0,0,0,0,50831,4286,6959,0,0,0,0,0
576,5956,577.6117107572018,99888,109,35,84,26,18069,8969,0.2706831651449624,30,19,24362,20922,5833,2469,19581,26528,38968,26600,0,0,24602,4396,6262,1006,1328,47,0,0,0,0,51003,4261,6983,0,0,0,0,0
577,5956,578.3270560215522,99888,100,39,84,26,18076,8977,0.2708333333333333,36,17,24365,20934,5804,2450,19610,26533,39070,26729,0,0,24427,4376,6295,999,1340,47,0,0,0,0,51163,4232,7009,0,0,0,0,0
578,5956,579.1079213335819,99888,102,38,84,26,18080,8978,0.27088338939612366,35,17,24291,20880,5778,2439,19709,26599,39171,26857,0,0,24244,4355,6319,995,1345,47,0,0,0,0,51343,4211,7029,0,0,0,0,0
579,5956,580.0141086509958,99888,100,36,84,26,18089,8983,0.2710235463719366,32,18,24228,20850,5755,2425,19800,26644,39271,26984,0,0,24070,4331,6361,987,1352,48,0,0,0,0,51499,4191,7049,0,0,0,0,0
580,5956,581.1400390968698,99888,91,32,84,26,18096,8987,0.2711336697100753,35,21,24233,20877,5723,2413,19833,26630,39370,27110,0,0,23904,4303,6408,983,1358,49,0,0,0,0,51644,4165,7074,0,0,0,0,0
581,5956,582.3505208681726,99888,87,27,84,26,18107,8995,0.2713238827486785,34,21,24246,20956,5681,2399,19867,26570,39468,27235,0,0,23725,4280,6452,982,1363,49,0,0,0,0,51799,4145,7093,0,0,0,0,0
582,5956,583.1346948178741,99888,86,33,84,26,18115,9002,0.2714740509370495,30,16,24222,20947,5643,2384,19934,26593,39565,27359,0,0,23568,4262,6480,970,1375,49,0,0,0,0,51946,4111,7127,0,0,0,0,0
583,5956,584.1745429467442,99888,78,30,84,26,18122,9003,0.27155414063751404,27,19,24199,20967,5626,2361,19985,26596,39661,27481,0,0,23393,4240,6516,968,1380,49,0,0,0,0,52105,4092,7145,0,0,0,0,0
584,5956,585.0221800442691,99888,77,32,84,26,18122,9005,0.27157416306263016,27,17,24099,20888,5611,2352,20101,26684,39756,27602,0,0,23232,4217,6540,965,1382,50,0,0,0,0,52265,4064,7173,0,0,0,0,0
585,5956,586.0943403364126,99888,80,27,84,26,18135,9010,0.2717543648886753,15,13,24089,20893,5575,2338,20156,26702,39850,27722,0,0,23084,4186,6585,963,1388,50,0,0,0,0,52397,4031,7204,0,0,0,0,0
586,5956,587.0994054768026,99887,75,28,85,26,18138,9015,0.27183717600889007,19,14,24071,20927,5537,2318,20212,26686,39943,27841,0,0,22929,4161,6618,961,1391,51,0,0,0,0,52542,4001,7233,0,0,0,0,0
587,5956,588.1191792573094,99887,70,30,85,26,18145,9020,0.2719573117622914,19,11,24072,20933,5490,2309,20263,26690,40035,27959,0,0,22777,4128,6665,959,1394,51,0,0,0,0,52680,3978,7255,0,0,0,0,0
588,5956,589.0661154270327,99887,61,29,85,26,18152,9024,0.2720674362029093,26,14,24095,21020,5463,2299,20269,26611,40126,28076,0,0,22613,4104,6702,959,1396,53,0,0,0,0,52829,3958,7273,0,0,0,0,0
589,5956,590.0245345046035,99887,59,28,85,26,18153,9026,0.2720974701412596,25,13,24017,20965,5444,2288,20369,26679,40216,28192,0,0,22466,4084,6728,955,1398,55,0,0,0,0,52970,3925,7306,0,0,0,0,0
590,5956,591.5178736034007,99887,57,29,85,26,18165,9032,0.27227767377136164,23,13,24058,21029,5405,2268,20371,26634,40305,28307,0,0,22304,4062,6764,948,1409,55,0,0,0,0,53117,3912,7316,0,0,0,0,0
591,5956,592.3487107236983,99887,57,30,85,26,18169,9035,0.27234775296084573,25,12,24049,21041,5363,2254,20420,26636,40394,28420,0,0,22157,4044,6787,943,1412,58,0,0,0,0,53259,3883,7344,0,0,0,0,0
592,5956,593.5342139603355,99887,53,30,85,26,18176,9039,0.27245787740146366,19,11,24011,21029,5346,2250,20485,26653,40482,28532,0,0,22004,4026,6817,941,1416,58,0,0,0,0,53399,3856,7370,0,0,0,0,0
593,5956,594.0836681351317,99887,51,30,85,26,18182,9042,0.27254797921651464,21,11,24008,21074,5315,2235,20519,26623,40569,28643,0,0,21848,4005,6845,940,1419,58,0,0,0,0,53546,3836,7390,0,0,0,0,0
594,5956,595.5335562751555,99887,51,30,85,26,18186,9043,0.2725980357804319,24,10,23987,21069,5280,2230,20572,26634,40655,28753,0,0,21692,3989,6865,936,1424,58,0,0,0,0,53698,3816,7409,0,0,0,0,0
595,5956,596.3984485391001,99887,53,27,85,26,18196,9044,0.27270816022104977,18,11,23987,21085,5245,2223,20611,26627,40740,28862,0,0,21550,3968,6897,934,1427,58,0,0,0,0,53829,3787,7437,0,0,0,0,0
596,5956,597.2036739019635,99887,43,25,85,26,18199,9046,0.27275821678496703,20,12,23999,21123,5214,2207,20638,26606,40824,28970,0,0,21405,3948,6931,932,1429,60,0,0,0,0,53960,3763,7459,0,0,0,0,0
597,5956,598.156877747579,99887,39,27,85,26,18199,9049,0.27278825072331736,20,10,23945,21089,5194,2195,20716,26652,40907,29077,0,0,21269,3929,6954,925,1437,60,0,0,0,0,54092,3735,7486,0,0,0,0,0
598,5956,599.0229246617529,99887,41,28,85,26,18202,9052,0.272848318600018,20,9,23931,21098,5143,2178,20779,26660,40989,29183,0,0,21140,3898,6988,918,1443,61,0,0,0,0,54218,3715,7506,0,0,0,0,0
599,5956,600.0502630684832,99887,43,27,85,26,18209,9055,0.2729484317278525,14,6,23948,21117,5107,2163,20802,26660,41070,29288,0,0,21005,3871,7020,914,1448,62,0,0,0,0,54346,3696,7525,0,0,0,0,0
600,5956,601.0720049274946,99887,43,28,85,26,18213,9058,0.2730185109173366,15,3,23943,21136,5075,2153,20838,26653,41151,29392,0,0,20862,3850,7046,910,1453,62,0,0,0,0,54484,3679,7541,0,0,0,0,0
601,5956,602.3774900462097,99887,43,25,85,26,18217,9059,0.2730685674812538,13,6,23969,21192,5036,2142,20853,26608,41231,29495,0,0,20717,3835,7069,905,1458,62,0,0,0,0,54621,3661,7559,0,0,0,0,0
602,5956,603.1451869974678,99887,39,22,85,26,18219,9059,0.2730885901068207,15,6,23945,21191,5013,2129,20902,26625,41310,29597,0,0,20584,3822,7089,896,1468,62,0,0,0,0,54746,3635,7585,0,0,0,0,0
603,5956,604.0899568435594,99886,38,24,86,26,18222,9061,0.27314138117453896,15,6,23943,21228,4979,2114,20938,26601,41388,29697,0,0,20448,3801,7113,892,1472,62,0,0,0,0,54878,3617,7603,0,0,0,0,0
604,5956,605.1373612982915,99886,33,24,86,26,18225,9063,0.27319143823959313,13,7,23963,21240,4960,2101,20944,26601,41465,29796,0,0,20315,3784,7136,890,1474,64,0,0,0,0,55004,3594,7625,0,0,0,0,0
605,5956,606.1940785984535,99886,31,26,86,26,18226,9066,0.2732314838916365,12,7,23949,21262,4934,2088,20987,26590,41542,29894,0,0,20177,3765,7157,888,1476,65,0,0,0,0,55139,3579,7640,0,0,0,0,0
606,5956,607.0893110957784,99886,28,25,86,26,18228,9069,0.2732815409566906,14,6,23953,21316,4900,2079,21018,26547,41618,29991,0,0,20042,3752,7177,882,1483,66,0,0,0,0,55267,3561,7656,0,0,0,0,0
607,5956,608.221855983643,99886,27,22,86,26,18232,9070,0.2733315980217448,10,5,23941,21338,4875,2070,21060,26538,41693,30087,0,0,19910,3737,7201,879,1485,67,0,0,0,0,55390,3541,7676,0,0,0,0,0
608,5956,609.2348334053275,99886,26,17,86,26,18236,9070,0.27337164367378813,10,7,23978,21389,4826,2066,21073,26494,41767,30182,0,0,19786,3721,7223,873,1493,68,0,0,0,0,55507,3519,7696,0,0,0,0,0
609,5956,610.0588575864592,99886,24,16,86,26,18237,9071,0.2733916664998098,11,7,23975,21378,4787,2058,21116,26514,41840,30276,0,0,19669,3708,7241,870,1494,70,0,0,0,0,55619,3487,7728,0,0,0,0,0
610,5956,611.0762964658188,99886,23,16,86,26,18240,9072,0.27343171215185313,13,7,23974,21410,4769,2037,21134,26503,41913,30369,0,0,19539,3692,7258,868,1498,70,0,0,0,0,55746,3469,7746,0,0,0,0,0
611,5956,612.0328249180558,99886,26,16,86,26,18245,9074,0.27350179204292896,9,6,23966,21424,4742,2030,21170,26497,41985,30461,0,0,19413,3678,7274,866,1501,70,0,0,0,0,55869,3447,7768,0,0,0,0,0
612,5956,613.131798722388,99886,26,14,86,26,18247,9077,0.2735518491079831,14,5,24014,21511,4705,2017,21154,26426,42056,30553,0,0,19290,3657,7301,858,1510,70,0,0,0,0,55986,3436,7778,0,0,0,0,0
613,5956,614.0031387213371,99886,24,12,86,26,18248,9077,0.27356186052099396,13,7,24000,21513,4686,2011,21190,26430,42126,30644,0,0,19168,3635,7326,854,1515,70,0,0,0,0,56104,3423,7791,0,0,0,0,0
614,5956,615.1541290503353,99886,21,11,86,26,18251,9080,0.2736219289990589,12,7,24042,21576,4658,1997,21180,26382,42196,30734,0,0,19047,3612,7358,849,1519,71,0,0,0,0,56216,3412,7802,0,0,0,0,0
615,5956,616.0673189710345,99886,24,11,86,26,18254,9080,0.27365196323809143,10,7,24018,21584,4632,1984,21229,26387,42265,30823,0,0,18935,3592,7378,842,1526,71,0,0,0,0,56328,3393,7821,0,0,0,0,0
616,5956,617.1612409082941,99886,23,8,86,26,18256,9081,0.2736819974771239,8,6,24058,21646,4595,1975,21229,26338,42333,30911,0,0,18816,3577,7400,837,1530,72,0,0,0,0,56440,3377,7837,0,0,0,0,0
617,5956,618.2686236977987,99886,20,7,86,26,18257,9082,0.2737020203031456,9,5,24094,21685,4575,1964,21215,26312,42401,30998,0,0,18693,3561,7420,836,1533,72,0,0,0,0,56559,3362,7850,0,0,0,0,0
618,5956,619.1031531742104,99886,22,6,86,26,18260,9084,0.27375207736819973,6,4,24073,21706,4552,1959,21260,26298,42468,31084,0,0,18574,3547,7438,835,1534,72,0,0,0,0,56674,3343,7869,0,0,0,0,0
619,5956,620.0407263673326,99886,22,7,86,26,18261,9086,0.27378211160723226,7,3,24105,21730,4527,1947,21252,26286,42534,31169,0,0,18457,3528,7459,833,1536,72,0,0,0,0,56789,3330,7882,0,0,0,0,0
620,5956,621.1275003595802,99886,22,6,86,26,18264,9086,0.27381214584626473,9,3,24152,21805,4496,1934,21234,26225,42600,31253,0,0,18338,3515,7476,831,1538,72,0,0,0,0,56904,3314,7898,0,0,0,0,0
621,5956,622.5829117680283,99886,21,7,86,26,18264,9087,0.27382215725927556,9,3,24182,21859,4463,1922,21238,26182,42665,31336,0,0,18235,3498,7494,829,1540,72,0,0,0,0,57006,3288,7924,0,0,0,0,0
622,5956,623.3657663747051,99886,17,6,86,26,18264,9087,0.27382215725927556,9,3,24157,21843,4440,1917,21290,26204,42729,31418,0,0,18124,3480,7510,830,1542,73,0,0,0,0,57116,3271,7940,0,0,0,0,0
623,5956,624.0451020101888,99886,17,5,86,26,18265,9088,0.27384218008529726,11,3,24184,21866,4406,1908,21295,26191,42793,31499,0,0,18021,3456,7536,828,1544,74,0,0,0,0,57217,3256,7954,0,0,0,0,0
624,5956,625.040425634946,99886,19,6,86,26,18270,9089,0.27390224856336226,7,2,24195,21874,4381,1898,21311,26193,42856,31580,0,0,17913,3435,7560,826,1546,74,0,0,0,0,57322,3243,7967,0,0,0,0,0
625,5956,626.1310966192366,99886,23,4,86,26,18275,9089,0.2739523056284164,3,2,24210,21906,4357,1888,21320,26173,42918,31660,0,0,17810,3418,7580,822,1550,74,0,0,0,0,57422,3225,7985,0,0,0,0,0
626,5956,627.5380180267674,99886,21,5,86,26,18278,9090,0.27399235128045973,2,2,24282,21982,4329,1878,21279,26106,42980,31739,0,0,17700,3406,7595,817,1556,74,0,0,0,0,57528,3211,7999,0,0,0,0,0
627,5956,628.2736105294666,99886,21,7,86,26,18280,9093,0.2740424083455139,0,0,24272,21992,4306,1867,21314,26107,43041,31817,0,0,17597,3391,7611,811,1563,74,0,0,0,0,57629,3196,8014,0,0,0,0,0
628,5956,629.010281220941,99886,17,6,86,26,18280,9093,0.2740424083455139,5,2,24303,22061,4279,1854,21309,26050,43101,31894,0,0,17494,3376,7631,807,1567,74,0,0,0,0,57727,3181,8029,0,0,0,0,0
629,5956,630.1200837264278,99886,20,8,86,26,18283,9095,0.27409246541056803,31,25,24285,22067,4248,1841,21329,26032,43161,31970,0,0,17393,3357,7650,803,1570,75,0,0,0,0,57828,3170,8040,0,0,0,0,0
630,5956,631.0098769981211,99885,25,13,86,27,18288,9101,0.27420533613655707,29,19,24269,22071,4224,1832,21366,26037,43220,32045,0,0,17297,3342,7665,798,1575,75,0,0,0,0,57923,3152,8058,0,0,0,0,0
631,5956,632.0330683209154,99885,29,14,86,27,18299,9105,0.2743555088351604,28,27,24315,22141,4198,1821,21343,25969,43279,32120,0,0,17199,3325,7681,796,1580,75,1,0,0,6,58014,3134,8074,0,0,0,0,0
632,5956,633.2904000887445,99885,34,17,86,27,18309,9110,0.2745056815337638,38,29,24348,22162,4176,1817,21317,25947,43337,32194,0,0,17104,3310,7696,792,1585,75,3,0,0,10,58103,3114,8093,0,0,0,0,0
633,5956,634.013097702795,99885,39,24,86,27,18321,9120,0.2747259348250488,38,24,24367,22201,4160,1806,21309,25917,43394,32267,0,0,17002,3298,7707,786,1592,75,9,0,0,13,58196,3098,8109,0,0,0,0,0
634,5956,635.1839301136196,99885,45,27,86,27,18332,9126,0.2748961305501327,38,24,24413,22268,4132,1796,21285,25857,43451,32339,0,0,16899,3285,7719,781,1599,75,12,0,0,16,58293,3087,8119,0,0,0,0,0
635,5956,636.268316184976,99885,42,32,86,27,18333,9134,0.2749862341692947,48,17,24418,22291,4116,1790,21289,25842,43507,32410,0,0,16804,3269,7735,779,1601,75,13,0,0,22,58381,3072,8134,0,0,0,0,0
636,5956,637.1069059121254,99885,49,31,86,27,18348,9138,0.27517645292085896,50,24,24444,22321,4094,1785,21276,25811,43563,32481,0,0,16712,3248,7752,779,1604,76,15,0,0,28,58465,3056,8150,0,0,0,0,0
637,5956,638.2740475191645,99885,50,35,86,27,18357,9147,0.2753566601591831,56,23,24457,22381,4077,1780,21273,25753,43618,32551,0,0,16616,3234,7766,776,1608,76,20,0,0,35,58549,3039,8166,0,0,0,0,0
638,5956,639.0515763794542,99885,53,34,86,27,18366,9149,0.27546678680482556,55,25,24471,22406,4056,1770,21278,25737,43673,32620,0,0,16532,3216,7783,771,1613,77,23,0,0,40,58625,3020,8185,0,0,0,0,0
639,5956,640.217116770693,99885,53,32,86,27,18374,9154,0.2755969364769485,66,31,24493,22446,4036,1766,21265,25697,43727,32688,0,0,16439,3203,7793,767,1622,77,24,0,0,49,58708,3007,8196,0,0,0,0,0
640,5956,641.3813148996624,99885,67,36,86,27,18392,9163,0.2758672473344346,63,32,24520,22483,4015,1762,21248,25659,43780,32756,0,0,16347,3189,7806,766,1625,77,25,0,0,55,58793,2992,8210,0,0,0,0,0
641,5956,642.1566723784103,99885,72,47,86,27,18402,9174,0.27607748911247937,68,24,24524,22510,3987,1752,21262,25639,43833,32823,0,0,16261,3175,7819,760,1632,78,25,0,0,58,58876,2979,8222,0,0,0,0,0
642,5956,643.3191911637338,99884,76,47,86,28,18421,9183,0.27636057827079413,78,22,24545,22556,3974,1748,21240,25598,43885,32889,0,0,16172,3159,7832,760,1636,79,27,0,0,74,58946,2965,8234,0,0,0,0,0
643,5956,644.0935226116125,99884,84,48,86,28,18439,9188,0.27659084538064155,78,25,24543,22587,3968,1740,21240,25571,43937,32955,0,0,16085,3140,7848,760,1642,79,29,0,0,80,59025,2951,8245,0,0,0,0,0
644,5956,645.2546914844077,99884,89,46,86,28,18464,9193,0.2768911937847904,81,36,24576,22648,3959,1733,21208,25508,43988,33020,0,0,15989,3126,7859,756,1651,79,38,0,0,93,59099,2940,8254,0,0,0,0,0
645,5956,646.0278034735042,99884,97,54,86,28,18480,9204,0.2771615073485243,89,31,24599,22678,3935,1722,21193,25486,44039,33084,0,0,15908,3105,7879,754,1656,79,40,0,0,99,59172,2927,8265,0,0,0,0,0
646,5956,647.1861028833067,99884,121,56,86,28,18517,9213,0.2776220415682191,76,38,24632,22736,3924,1712,21160,25429,44089,33147,0,0,15810,3089,7895,756,1658,79,44,0,0,111,59254,2922,8266,0,0,0,0,0
647,5956,648.342708739538,99884,120,57,86,28,18543,9225,0.27800248288014096,77,43,24650,22804,3925,1709,21141,25358,44139,33210,0,0,15726,3071,7906,760,1665,79,50,0,0,132,59311,2901,8283,0,0,0,0,0
648,5956,649.1130696078164,99884,127,61,86,28,18561,9234,0.27827279644387487,84,49,24648,22817,3911,1703,21143,25341,44188,33272,0,0,15638,3052,7921,761,1669,79,55,0,0,138,59388,2891,8292,0,0,0,0,0
649,5956,650.2685702745072,99884,125,56,86,28,18585,9241,0.27858315646149534,92,62,24683,22886,3913,1698,21100,25269,44237,33333,0,0,15554,3039,7928,759,1681,80,62,0,0,157,59446,2873,8305,0,0,0,0,0
650,5956,651.0378372999561,99884,132,66,86,28,18602,9256,0.2789035280925874,106,59,24670,22891,3904,1696,21101,25259,44285,33394,0,0,15474,3022,7944,754,1688,80,68,0,0,164,59513,2860,8317,0,0,0,0,0
651,5956,652.1917484751938,99884,147,77,86,28,18640,9281,0.2795342597412999,104,53,24679,22945,3903,1698,21080,25198,44333,33454,0,0,15389,3006,7956,754,1697,80,76,0,0,184,59570,2845,8327,0,0,0,0,0
652,5956,653.344923634783,99884,164,85,86,28,18676,9300,0.2800848984822394,97,58,24704,22975,3879,1696,21069,25157,44380,33513,0,0,15312,2991,7970,747,1707,81,84,0,0,201,59622,2830,8339,0,0,0,0,0
653,5956,654.1131176212318,99884,178,91,86,28,18702,9311,0.2804553281806896,105,65,24707,22991,3855,1698,21068,25126,44427,33572,0,0,15238,2976,7984,742,1714,81,85,0,0,215,59681,2817,8351,0,0,0,0,0
654,5956,655.2645566751105,99884,184,93,86,28,18735,9329,0.2809659204677426,125,84,24746,23025,3845,1702,21013,25067,44473,33630,0,0,15157,2957,7994,746,1724,81,92,0,0,236,59734,2801,8362,0,0,0,0,0
655,5956,656.0309172147894,99884,187,94,86,28,18755,9341,0.28128629209883466,134,87,24739,23046,3844,1708,21009,25036,44519,33687,0,0,15070,2948,8001,747,1727,82,96,0,0,254,59799,2789,8371,0,0,0,0,0
656,5956,657.1800342386731,99884,210,95,86,28,18810,9368,0.2821072444035081,143,94,24772,23088,3848,1723,20940,24971,44565,33744,0,0,14988,2939,8004,743,1743,83,108,0,0,285,59837,2769,8385,0,0,0,0,0
657,5956,658.3271440964153,99884,225,112,86,28,18855,9397,0.2828481038004085,159,95,24794,23148,3850,1724,20885,24892,44610,33800,0,0,14903,2927,8011,741,1760,83,116,0,0,303,59896,2758,8386,0,0,0,0,0
658,5956,659.0911497532477,99884,243,119,86,28,18895,9415,0.28342877738176286,157,102,24798,23158,3847,1729,20868,24863,44655,33856,0,0,14827,2912,8025,739,1767,84,124,0,0,321,59946,2742,8397,0,0,0,0,0
659,5956,660.2363664407495,99884,260,129,86,28,18952,9441,0.2842597412999079,167,123,24815,23204,3854,1727,20817,24788,44699,33911,0,0,14745,2895,8035,744,1777,84,137,0,0,349,59987,2724,8407,0,0,0,0,0
660,5956,661.380334108662,99884,272,142,86,28,19010,9481,0.2852408794201273,184,125,24817,23231,3876,1742,20764,24731,44743,33965,0,0,14657,2883,8041,746,1786,87,154,0,0,389,60018,2708,8415,0,0,0,0,0
661,5956,662.1425852501885,99884,267,151,86,28,19037,9509,0.28579151816106685,199,122,24806,23239,3886,1748,20755,24711,44786,34019,0,0,14577,2865,8051,748,1795,87,168,0,0,414,60059,2693,8427,0,0,0,0,0
662,5956,663.28608787034,99884,288,165,86,28,19100,9547,0.28680269112170115,212,128,24821,23277,3897,1760,20695,24641,44829,34072,0,0,14498,2843,8069,749,1801,89,178,0,0,459,60083,2687,8428,0,0,0,0,0
663,5956,664.0478967409626,99883,298,161,87,28,19146,9567,0.2874663356126668,220,135,24805,23287,3910,1775,20679,24613,44872,34125,0,0,14407,2834,8073,752,1811,90,191,0,0,489,60130,2674,8432,0,0,0,0,0
664,5956,665.1905908895983,99883,326,181,87,28,19214,9609,0.28856762412022063,251,136,24819,23319,3915,1779,20601,24556,44914,34177,0,0,14331,2811,8092,753,1820,90,205,0,0,526,60155,2663,8437,0,0,0,0,0
665,5956,666.3320956197801,99883,345,191,87,28,19295,9654,0.28982910004705503,288,131,24811,23372,3942,1804,20526,24473,44956,34228,0,0,14239,2800,8096,755,1833,93,223,0,0,582,60172,2652,8438,0,0,0,0,0
666,5956,667.0925542122424,99883,370,189,87,28,19352,9674,0.29060000200234276,297,145,24798,23387,3951,1821,20496,24429,44997,34279,0,0,14164,2780,8109,757,1844,94,234,0,0,610,60208,2642,8441,0,0,0,0,0
667,5956,668.2336043294441,99883,399,195,87,28,19441,9715,0.2919015247839973,305,152,24796,23427,3977,1842,20435,24355,45038,34329,0,0,14078,2771,8108,758,1862,94,253,0,0,666,60219,2626,8448,0,0,0,0,0
668,5956,669.3740720103046,99883,442,207,87,28,19539,9761,0.2933432115575223,327,165,24785,23452,3991,1861,20367,24286,45079,34379,0,0,13995,2757,8115,762,1881,95,268,0,0,713,60238,2613,8446,0,0,0,0,0
669,5956,670.1341189816045,99883,470,230,87,28,19613,9801,0.2944845469198963,324,163,24760,23482,4008,1867,20350,24229,45119,34428,0,0,13909,2749,8119,762,1897,95,283,0,0,744,60278,2602,8445,0,0,0,0,0
670,5956,671.274662918746,99883,486,231,87,28,19709,9843,0.2958661634111911,362,175,24745,23527,4050,1896,20269,24142,45159,34477,0,0,13816,2734,8120,769,1916,95,309,0,0,813,60276,2588,8447,0,0,0,0,0
671,5956,672.0350463606728,99882,509,239,88,28,19786,9879,0.29700046054344126,375,187,24725,23547,4078,1915,20224,24083,45198,34525,0,0,13738,2712,8132,770,1934,95,327,0,0,853,60293,2580,8448,0,0,0,0,0
672,5956,673.1757588690481,99881,560,259,89,28,19905,9938,0.2987855548102242,408,193,24698,23584,4104,1943,20140,23992,45237,34573,0,0,13645,2696,8139,772,1952,96,356,0,0,907,60301,2570,8447,0,0,0,0,0
673,5956,674.3163515923948,99880,591,283,89,29,20033,10006,0.30075090108129754,418,197,24702,23602,4147,1973,20052,23915,45276,34620,0,0,13559,2682,8144,782,1977,97,381,0,0,981,60285,2547,8445,0,0,0,0,0
674,5956,675.0763741912438,99880,626,297,89,29,20121,10047,0.30204245094112936,435,205,24657,23604,4174,1989,20018,23875,45314,34667,0,0,13486,2661,8155,784,1998,97,397,0,0,1018,60301,2538,8445,0,0,0,0,0
675,5956,676.2173552235744,99879,646,307,89,30,20251,10100,0.3038776920073289,477,229,24611,23628,4255,2015,19921,23790,45352,34713,0,0,13389,2647,8153,792,2025,98,432,0,0,1095,60283,2520,8445,0,0,0,0,0
676,5956,677.3593412199466,99878,687,313,89,31,20385,10168,0.3059032019063257,515,248,24571,23646,4312,2063,19825,23698,45390,34759,0,0,13305,2623,8152,803,2053,101,453,0,0,1179,60259,2509,8441,0,0,0,0,0
677,5956,678.1210693969716,99876,705,324,90,32,20488,10208,0.3073411029676799,553,265,24518,23669,4370,2076,19763,23633,45427,34804,0,0,13224,2607,8158,811,2068,104,474,0,0,1238,60256,2493,8443,0,0,0,0,0
678,5956,679.2650979872868,99876,743,357,90,32,20658,10294,0.3099042813088229,568,266,24469,23697,4464,2111,19665,23536,45464,34849,0,0,13137,2584,8157,822,2094,108,507,0,0,1344,60204,2477,8442,0,0,0,0,0
679,5956,680.0287201378553,99875,783,363,91,32,20780,10345,0.311639549436796,567,278,24419,23683,4512,2148,19627,23495,45500,34893,0,0,13054,2576,8153,830,2118,109,526,0,0,1415,60194,2460,8440,0,0,0,0,0
680,5956,681.1759915081693,99875,816,406,91,32,20952,10436,0.31427284105131414,594,278,24382,23703,4603,2183,19513,23397,45536,34937,0,0,12956,2561,8147,842,2149,112,561,0,0,1515,60155,2445,8432,0,0,0,0,0
681,5956,682.3241362326792,99875,817,431,91,32,21099,10522,0.31660575719649564,634,282,24334,23740,4722,2220,19401,23294,45572,34980,0,0,12862,2544,8145,854,2177,114,596,0,0,1639,60087,2429,8428,0,0,0,0,0
682,5956,683.0903263425901,99875,831,439,91,32,21214,10573,0.31826783479349186,661,296,24299,23750,4786,2248,19331,23234,45607,35023,0,0,12783,2529,8147,857,2202,116,620,0,0,1721,60056,2416,8428,0,0,0,0,0
683,5956,684.2405541775279,99874,878,455,91,33,21397,10665,0.32102449085848167,684,307,24261,23781,4881,2307,19204,23116,45642,35065,0,0,12686,2513,8138,864,2243,122,662,0,0,1828,60003,2402,8413,0,0,0,0,0
684,5956,685.0077595758266,99872,918,467,92,34,21537,10724,0.3230234700416533,695,339,24193,23782,4949,2339,19152,23038,45677,35107,0,0,12589,2499,8136,870,2261,124,698,0,0,1906,59982,2392,8415,0,0,0,0,0
685,5956,686.161065398052,99872,978,480,92,34,21743,10828,0.3261274431272028,729,355,24119,23770,5045,2419,19036,22941,45711,35148,0,0,12515,2478,8136,879,2302,127,724,0,0,2055,59878,2374,8404,0,0,0,0,0
686,5956,687.3162966597605,99872,1013,511,92,34,21938,10938,0.32918135213072736,760,359,24063,23782,5157,2485,18914,22828,45745,35189,0,0,12419,2463,8131,891,2333,132,760,0,0,2205,59788,2362,8388,0,0,0,0,0
687,5956,688.0875574136495,99872,1043,524,92,34,22075,11010,0.331274030759372,801,370,23986,23781,5238,2534,18839,22756,45779,35230,0,0,12340,2446,8130,904,2355,135,779,0,0,2306,59745,2348,8384,0,0,0,0,0
688,5956,689.2471047066638,99870,1095,539,94,34,22317,11113,0.33473515570241313,835,423,23888,23793,5372,2598,18715,22612,45812,35270,0,0,12236,2430,8119,914,2403,138,828,0,0,2464,59637,2333,8368,0,0,0,0,0
689,5956,690.0218714291886,99870,1126,559,94,34,22483,11196,0.33722839691599077,846,426,23815,23782,5473,2643,18645,22555,45845,35310,0,0,12145,2419,8116,924,2433,140,863,0,0,2577,59574,2317,8362,0,0,0,0,0
690,5956,691.1873720629058,99870,1191,599,94,34,22742,11333,0.34119355161710224,861,427,23729,23780,5614,2719,18510,22440,45878,35349,0,0,12049,2401,8097,938,2482,143,903,0,0,2755,59450,2303,8349,0,0,0,0,0
691,5956,692.3559773039382,99870,1252,590,94,34,23007,11443,0.3449484329628517,898,433,23619,23779,5762,2822,18374,22341,45911,35388,0,0,11944,2383,8081,942,2552,145,957,0,0,2932,59317,2289,8328,0,0,0,0,0
692,5956,693.1370865206844,99870,1268,603,94,34,23186,11522,0.34753179132872736,906,456,23560,23762,5875,2873,18296,22271,45943,35426,0,0,11845,2373,8069,955,2587,149,995,0,0,3059,59245,2276,8317,0,0,0,0,0
693,5956,694.3119825699496,99869,1321,635,95,34,23458,11654,0.3515805705474171,960,464,23448,23763,6030,2954,18145,22149,45975,35464,0,0,11755,2359,8046,966,2640,156,1033,0,0,3258,59096,2259,8301,0,0,0,0,0
694,5956,695.097216312239,99868,1377,677,96,34,23661,11755,0.3546281091040173,958,474,23385,23738,6136,3006,18047,22070,46007,35502,0,0,11676,2340,8043,975,2674,161,1064,0,0,3370,59028,2241,8296,0,0,0,0,0
695,5956,696.2778988340159,99868,1463,719,96,34,23973,11896,0.3591640966075219,1009,494,23247,23757,6299,3072,17885,21923,46038,35539,0,0,11585,2318,8026,997,2738,169,1106,0,0,3536,58902,2218,8273,0,0,0,0,0
696,5956,697.0674040824973,99868,1512,754,96,34,24179,12000,0.3622681940161013,1038,507,23153,23750,6408,3122,17792,21832,46069,35576,0,0,11498,2298,8014,1012,2790,170,1139,0,0,3652,58833,2208,8254,0,0,0,0,0
697,5956,698.2553768618093,99865,1573,791,99,34,24484,12158,0.36691533570319934,1097,546,23061,23722,6565,3219,17604,21687,46100,35612,0,0,11386,2279,7995,1030,2854,179,1197,0,0,3846,58684,2193,8222,0,0,0,0,0
698,5956,699.0490016267405,99865,1607,792,99,34,24696,12261,0.370069593951835,1152,564,22931,23704,6692,3305,17518,21600,46130,35648,0,0,11292,2264,7991,1045,2904,183,1240,0,0,4002,58573,2177,8194,0,0,0,0,0
699,5956,700.2444814888667,99865,1712,825,99,34,25051,12410,0.37511640714965205,1165,627,22801,23665,6862,3400,17360,21448,46160,35684,0,0,11180,2249,7966,1062,2969,194,1301,0,0,4190,58427,2157,8170,0,0,0,0,0
700,5956,701.0442906581656,99865,1769,836,99,34,25301,12519,0.3787112602012717,1175,657,22698,23643,6999,3474,17259,21355,46190,35719,0,0,11076,2235,7949,1080,3023,201,1351,0,0,4329,58332,2136,8153,0,0,0,0,0
701,5956,702.249283930327,99865,1787,870,99,34,25648,12693,0.3839283032093326,1237,658,22539,23618,7251,3592,17086,21227,46220,35754,0,0,10947,2218,7914,1097,3107,207,1424,0,0,4598,58107,2125,8121,0,0,0,0,0
702,5956,703.056474555936,99864,1827,908,100,34,25912,12836,0.3880076904590243,1242,666,22433,23593,7424,3672,16973,21126,46249,35788,0,0,10854,2202,7890,1114,3168,207,1470,0,0,4787,57955,2103,8114,0,0,0,0,0
703,5956,704.2734126355937,99863,1870,974,101,34,26284,13052,0.393899642510239,1275,661,22284,23550,7660,3794,16809,20986,46278,35822,0,0,10727,2181,7866,1144,3254,218,1543,0,0,5032,57747,2081,8070,0,0,0,0,0
704,5956,705.0885036810687,99859,1908,1000,104,35,26568,13192,0.3981614075846944,1301,671,22162,23499,7824,3877,16700,20917,46307,35856,0,0,10618,2163,7846,1166,3319,225,1603,0,0,5212,57601,2060,8046,0,0,0,0,0
705,5956,706.3169811428745,99857,1986,998,106,35,26964,13384,0.40405780265780067,1371,705,22016,23459,8043,4030,16477,20772,46336,35889,0,0,10507,2141,7816,1189,3412,233,1660,0,0,5505,57337,2046,8011,0,0,0,0,0
706,5956,707.1390731519414,99855,2007,1008,107,36,27232,13512,0.40803164588653545,1404,757,21890,23409,8214,4124,16377,20665,46364,35922,0,0,10416,2114,7796,1216,3481,243,1703,0,0,5693,57187,2026,7980,0,0,0,0,0
707,5956,708.379371197446,99854,2081,1085,108,36,27701,13766,0.41527630340296834,1425,745,21719,23382,8498,4259,16168,20492,46392,35955,0,0,10298,2086,7748,1246,3610,252,1776,0,0,5977,56918,2000,7943,0,0,0,0,0
708,5956,709.2104091747408,99853,2163,1128,108,37,28005,13928,0.41994732256416933,1435,717,21603,23369,8643,4355,16047,20393,46420,35987,0,0,10215,2069,7732,1266,3661,265,1813,0,0,6166,56758,1982,7926,0,0,0,0,0
709,5956,710.0448522136344,99853,2246,1155,108,37,28345,14087,0.4249446686629345,1467,729,21448,23334,8836,4458,15894,20286,46448,36019,0,0,10126,2051,7713,1288,3738,268,1853,0,0,6391,56567,1963,7895,0,0,0,0,0
710,5956,711.304715861826,99851,2311,1197,109,38,28811,14326,0.4320137004136163,1560,760,21226,23279,9118,4614,15675,20111,46475,36051,0,0,10006,2028,7690,1311,3839,275,1922,0,0,6735,56247,1937,7861,0,0,0,0,0
711,5956,712.1502789880985,99849,2382,1204,109,40,29158,14484,0.437079990786087,1555,762,21103,23239,9315,4741,15535,20013,46502,36082,0,0,9911,2012,7662,1333,3924,281,1969,0,0,6970,56040,1915,7832,0,0,0,0,0
712,5956,713.0003223924815,99845,2366,1233,112,41,29469,14665,0.44202513896539636,1622,772,20927,23172,9563,4869,15409,19912,46529,36113,0,0,9807,1986,7634,1365,3997,299,2025,0,0,7224,55810,1896,7802,0,0,0,0,0
713,5956,714.2862474784013,99842,2513,1256,115,41,30008,14914,0.44993089080747584,1640,829,20725,23083,9814,5049,15192,19741,46556,36144,0,0,9668,1964,7595,1398,4115,309,2114,0,0,7535,55510,1871,7763,0,0,0,0,0
714,5956,715.1488346813993,99842,2565,1302,115,41,30362,15119,0.4555297369844354,1719,828,20552,23042,10012,5172,15036,19614,46582,36174,0,0,9564,1949,7563,1419,4205,320,2170,0,0,7778,55293,1850,7731,0,0,0,0,0
715,5956,716.0166030899047,99840,2627,1333,117,41,30750,15301,0.4612479967948718,1743,848,20403,22995,10236,5284,14873,19498,46608,36204,0,0,9451,1926,7534,1444,4299,326,2239,0,0,8019,55066,1831,7705,0,0,0,0,0
716,5956,717.3281925522015,99838,2674,1369,118,42,31314,15608,0.46998136981910693,1807,842,20189,22913,10603,5505,14608,19328,46634,36234,0,0,9304,1894,7480,1491,4428,349,2337,0,0,8435,54655,1803,7662,0,0,0,0,0
717,5956,718.2089484112333,99836,2708,1364,119,43,31692,15776,0.4754597539965543,1870,895,20020,22857,10839,5637,14443,19203,46660,36263,0,0,9198,1872,7455,1532,4519,359,2388,0,0,8709,54399,1781,7624,0,0,0,0,0
718,5956,719.0961107011237,99835,2759,1397,120,43,32068,15977,0.48124405268693343,1935,904,19850,22792,11053,5765,14282,19098,46685,36292,0,0,9093,1858,7414,1548,4617,373,2446,0,0,8968,54158,1768,7592,0,0,0,0,0
719,5956,720.4382122733573,99834,2856,1467,121,43,32701,16305,0.49087485225474287,1952,924,19589,22708,11411,5958,14070,18899,46710,36321,0,0,8952,1827,7369,1593,4763,399,2539,0,0,9375,53758,1740,7519,0,0,0,0,0
720,5956,721.3414001587457,99833,2929,1507,122,43,33138,16527,0.4974807929241834,1932,945,19411,22641,11671,6087,13934,18776,46735,36350,0,0,8847,1816,7340,1618,4867,412,2598,0,0,9661,53476,1714,7484,0,0,0,0,0
721,5956,722.2513008736114,99830,2991,1544,125,43,33581,16758,0.5042472202744666,1922,958,19264,22558,11912,6233,13785,18663,46760,36378,0,0,8738,1796,7302,1644,4978,423,2656,0,0,9970,53184,1694,7445,0,0,0,0,0
722,5956,723.1678712052693,99828,2999,1571,126,44,34035,16986,0.5110890732059141,1905,986,19104,22473,12228,6391,13637,18534,46785,36406,0,0,8609,1771,7268,1691,5102,446,2726,0,0,10263,52889,1672,7391,0,0,0,0,0
723,5956,724.0911269898832,99825,3007,1564,129,44,34449,17196,0.5173553719008265,1931,1030,18917,22400,12502,6556,13513,18405,46809,36434,0,0,8495,1756,7222,1719,5241,455,2786,0,0,10575,52574,1654,7348,0,0,0,0,0
724,5956,725.0231903509975,99822,3066,1592,132,44,34907,17441,0.5244134559515938,1938,1044,18751,22311,12760,6717,13352,18291,46833,36461,0,0,8399,1728,7192,1749,5360,469,2840,0,0,10908,52242,1631,7304,0,0,0,0,0
725,5956,726.4349404663338,99819,3167,1598,134,45,35627,17784,0.5350784920706478,1950,1077,18509,22244,13135,6979,13104,18056,46857,36488,0,0,8250,1703,7121,1782,5572,497,2933,0,0,11367,51760,1606,7228,0,0,0,0,0
726,5956,727.3847742408916,99817,3195,1620,136,45,36097,18023,0.5421922117474979,1992,1099,18346,22156,13411,7142,12919,17937,46881,36515,0,0,8141,1682,7079,1806,5725,514,2998,0,0,11668,51436,1582,7186,0,0,0,0,0
727,5956,728.341956429839,99817,3288,1694,136,45,36609,18317,0.550266988589118,1981,1109,18148,22060,13672,7294,12774,17797,46904,36542,0,0,8032,1662,7034,1833,5870,537,3056,0,0,11953,51141,1560,7139,0,0,0,0,0
728,5956,729.3077206045377,99814,3283,1716,137,47,37065,18603,0.5577173542789589,2032,1113,17942,21965,13991,7483,12614,17675,46927,36568,0,0,7897,1642,6985,1858,5999,564,3140,0,0,12325,50769,1547,7088,0,0,0,0,0
729,5956,730.2838889158697,99813,3321,1758,138,47,37575,18884,0.5656477613136566,2039,1132,17775,21895,14277,7654,12449,17513,46950,36594,0,0,7778,1622,6946,1897,6151,585,3201,0,0,12662,50422,1524,7025,0,0,0,0,0
730,5956,731.2686400264964,99810,3375,1811,139,49,38073,19162,0.5734395351167217,2099,1117,17585,21818,14530,7814,12271,17390,46973,36620,0,0,7658,1605,6904,1930,6284,609,3264,0,0,12982,50098,1504,6972,0,0,0,0,0
731,5956,732.2620406103724,99804,3434,1840,142,52,38619,19452,0.5818504268365997,2138,1109,17393,21737,14804,8011,12088,17250,46996,36645,0,0,7534,1586,6856,1962,6435,640,3336,0,0,13329,49732,1482,6912,0,0,0,0,0
732,5956,733.2651461436383,99804,3468,1835,142,52,39142,19706,0.5896356859444511,2123,1135,17265,21665,15094,8202,11907,17110,47018,36670,0,0,7429,1565,6807,2003,6579,679,3387,0,0,13679,49367,1455,6854,0,0,0,0,0
733,5956,734.2755242064239,99801,3556,1821,144,53,39694,19972,0.5978497209446799,2109,1167,17092,21567,15348,8428,11750,16963,47040,36695,0,0,7322,1545,6759,2030,6751,701,3444,0,0,14018,48993,1433,6805,0,0,0,0,0
734,5956,735.2950742982279,99799,3513,1812,146,53,40192,20249,0.6056273108948987,2159,1191,16934,21493,15676,8631,11571,16819,47062,36720,0,0,7208,1525,6700,2063,6928,737,3506,0,0,14401,48579,1409,6743,0,0,0,0,0
735,5956,736.323883717779,99798,3547,1849,147,53,40742,20565,0.6143109080342292,2164,1159,16757,21402,15986,8839,11398,16697,47084,36744,0,0,7121,1502,6649,2098,7127,771,3542,0,0,14736,48196,1382,6674,0,0,0,0,0
736,5956,737.3621580342915,99796,3612,1877,149,53,41317,20874,0.6231812898312558,2125,1163,16595,21292,16284,9043,11234,16571,47106,36768,0,0,7008,1482,6587,2137,7316,801,3601,0,0,15074,47824,1355,6611,0,0,0,0,0
737,5956,738.4104395555914,99796,3653,1937,149,53,41873,21209,0.6321095033869093,2129,1136,16426,21191,16581,9245,11061,16437,47128,36792,0,0,6897,1464,6520,2180,7500,834,3666,0,0,15401,47446,1323,6565,0,0,0,0,0
738,5956,739.4631780161429,99794,3675,1922,151,53,42421,21484,0.6403691604705694,2123,1164,16257,21095,16886,9455,10907,16310,47149,36816,0,0,6797,1436,6481,2223,7658,878,3716,0,0,15767,47040,1295,6503,0,0,0,0,0
739,5956,740.499124764264,99790,3694,1922,154,54,42977,21754,0.6486722116444533,2160,1211,16081,21018,17188,9635,10722,16159,47170,36839,0,0,6673,1424,6429,2232,7837,914,3791,0,0,16112,46646,1279,6453,0,0,0,0,0
740,5956,741.0096344246372,99789,3698,1914,155,54,43243,21893,0.652737275651625,2143,1240,15984,20955,17336,9735,10683,16101,47191,36862,0,0,6605,1408,6410,2255,7930,928,3814,0,0,16288,46462,1261,6428,0,0,0,0,0
741,5956,742.0177218225368,99788,3666,1931,156,54,43760,22197,0.6609712590692267,2198,1254,15835,20899,17631,9931,10513,15930,47212,36885,0,0,6502,1383,6352,2299,8146,961,3865,0,0,16611,46070,1237,6362,0,0,0,0,0
742,5956,743.0086840087716,99788,3741,1984,156,54,44335,22526,0.67003046458492,2106,1222,15672,20816,17938,10118,10386,15805,47233,36908,0,0,6400,1363,6312,2324,8339,999,3927,0,0,16910,45712,1209,6293,0,0,0,0,0
743,5956,744.4621236622429,99784,3792,1986,158,56,45115,22947,0.6820933215746011,2066,1248,15467,20713,18370,10418,10146,15578,47253,36931,0,0,6270,1335,6245,2388,8602,1048,3987,0,0,17379,45144,1179,6207,0,0,0,0,0
744,5956,745.4122229211547,99783,3816,2027,159,56,45631,23232,0.6901275768417466,2085,1258,15314,20638,18631,10583,9994,15437,47273,36953,0,0,6174,1310,6211,2438,8776,1084,4019,0,0,17641,44818,1158,6154,0,0,0,0,0
745,5956,746.3478387033288,99782,3790,2075,159,57,46107,23528,0.6978713595638492,2132,1232,15167,20567,18909,10756,9842,15312,47293,36975,0,0,6067,1290,6176,2472,8974,1117,4069,0,0,17895,44492,1141,6089,0,0,0,0,0
746,5956,747.269312049977,99780,3747,2095,160,58,46584,23809,0.705482060533173,2146,1235,15012,20491,19213,10935,9721,15185,47313,36997,0,0,5979,1262,6120,2504,9164,1160,4107,0,0,18192,44133,1125,6034,0,0,0,0,0
747,5956,748.1766148816248,99778,3774,2080,162,58,47084,24086,0.7132834893463489,2122,1249,14865,20412,19476,11138,9600,15062,47333,37019,0,0,5885,1245,6092,2533,9319,1200,4148,0,0,18518,43748,1107,5983,0,0,0,0,0
748,5956,749.0709649678729,99776,3793,2087,163,59,47554,24338,0.7205339961513791,2117,1280,14745,20355,19690,11287,9491,14931,47353,37040,0,0,5800,1217,6036,2563,9486,1236,4189,0,0,18790,43425,1091,5943,0,0,0,0,0
749,5956,750.3924503456342,99771,3765,2105,168,59,48270,24772,0.7320965009872609,2097,1285,14547,20236,20119,11573,9303,14741,47372,37061,0,0,5662,1193,5964,2608,9738,1302,4249,0,0,19246,42873,1071,5865,0,0,0,0,0
750,5956,751.2583249515202,99768,3778,2136,169,61,48737,25040,0.739485606607329,2072,1267,14427,20180,20354,11725,9199,14630,47391,37082,0,0,5552,1176,5919,2631,9908,1343,4315,0,0,19466,42591,1051,5816,0,0,0,0,0
751,5956,752.1133079385569,99764,3730,2146,171,63,49176,25287,0.7463914839020087,2103,1313,14315,20104,20602,11864,9078,14509,47410,37103,0,0,5461,1159,5871,2661,10067,1392,4351,0,0,19734,42266,1036,5766,0,0,0,0,0
752,5956,753.3774643875728,99760,3688,2180,174,64,49805,25693,0.7567963111467522,2099,1280,14170,20039,20939,12119,8929,14317,47429,37124,0,0,5345,1129,5813,2714,10291,1462,4401,0,0,20110,41783,1017,5695,0,0,0,0,0
753,5956,754.2091912440071,99757,3684,2190,176,65,50243,25947,0.7637559269023728,2090,1267,14049,19990,21159,12269,8841,14218,47448,37144,0,0,5269,1114,5778,2734,10462,1496,4417,0,0,20362,41461,1006,5658,0,0,0,0,0
754,5956,755.0319725844918,99755,3644,2172,177,66,50646,26182,0.7701669089268708,2108,1291,13951,19932,21369,12418,8750,14120,47467,37164,0,0,5192,1100,5731,2765,10620,1547,4437,0,0,20601,41160,986,5616,0,0,0,0,0
755,5956,756.2519551856025,99750,3672,2172,180,68,51308,26571,0.7807418546365915,2077,1251,13821,19876,21644,12654,8605,13978,47486,37184,0,0,5074,1083,5680,2794,10846,1620,4496,0,0,20955,40692,970,5540,0,0,0,0,0
756,5956,757.0565026574884,99749,3677,2151,180,69,51721,26791,0.7870956099810524,2065,1284,13751,19816,21805,12803,8521,13876,47504,37204,0,0,5003,1073,5642,2824,10995,1664,4507,0,0,21181,40397,958,5505,0,0,0,0,0
757,5956,758.2517897202998,99748,3737,2169,181,69,52370,27177,0.7974796487147612,1989,1293,13627,19717,22083,13027,8382,13724,47522,37224,0,0,4894,1048,5577,2876,11189,1735,4559,0,0,21529,39960,931,5450,0,0,0,0,0
758,5956,759.0402732246231,99746,3749,2165,183,69,52757,27424,0.8038517835301666,1991,1260,13533,19661,22240,13194,8303,13650,47540,37243,0,0,4822,1033,5541,2896,11335,1783,4584,0,0,21732,39681,926,5413,0,0,0,0,0
759,5956,760.2122280711175,99742,3694,2161,185,71,53357,27794,0.8136091115076899,2003,1237,13428,19581,22537,13443,8152,13506,47558,37262,0,0,4717,1011,5481,2944,11592,1856,4623,0,0,22024,39251,901,5342,0,0,0,0,0
760,5956,761.369675619794,99741,3643,2153,186,71,53895,28141,0.8224902497468444,2038,1220,13282,19511,22832,13684,8018,13360,47576,37281,0,0,4623,993,5431,2981,11791,1931,4655,0,0,22353,38817,884,5282,0,0,0,0,0
761,5956,762.1331634589465,99739,3656,2172,188,71,54270,28394,0.8288031762901172,2013,1191,13239,19425,22970,13849,7933,13291,47594,37300,0,0,4562,980,5387,2996,11955,1969,4671,0,0,22547,38556,876,5240,0,0,0,0,0
762,5956,763.2691845187054,99738,3593,2160,188,72,54831,28726,0.8377649441536826,1970,1185,13154,19364,23259,14050,7835,13168,47611,37319,0,0,4466,962,5336,3030,12183,2040,4695,0,0,22854,38128,862,5182,0,0,0,0,0
763,5956,764.0198418920249,99733,3574,2157,192,73,55178,28951,0.8435422578284019,1956,1178,13114,19317,23390,14174,7773,13100,47628,37337,0,0,4403,951,5313,3047,12311,2088,4701,0,0,23054,37859,859,5147,0,0,0,0,0
764,5956,765.137671152222,99730,3583,2130,194,74,55709,29278,0.8521708613255791,1927,1141,13010,19272,23613,14396,7672,12986,47645,37355,0,0,4320,939,5266,3077,12531,2151,4721,0,0,23312,37474,844,5095,0,0,0,0,0
765,5956,766.2453960005519,99725,3548,2121,199,74,56232,29583,0.8605164201554274,1900,1182,12936,19170,23864,14590,7552,12862,47662,37373,0,0,4232,923,5217,3101,12745,2222,4747,0,0,23553,37108,831,5046,0,0,0,0,0
766,5956,767.3423780463688,99723,3513,2097,200,75,56755,29895,0.8689068720355384,1913,1173,12837,19130,24099,14788,7437,12736,47679,37391,0,0,4162,909,5174,3136,12917,2317,4760,0,0,23824,36710,809,5005,0,0,0,0,0
767,5956,768.0680385397303,99722,3518,2089,201,75,57088,30127,0.874581336114398,1875,1137,12807,19094,24215,14940,7383,12664,47696,37409,0,0,4107,896,5148,3142,13062,2366,4769,0,0,23978,36472,804,4978,0,0,0,0,0
768,5956,769.1503119621518,99718,3491,2082,204,76,57591,30428,0.882679155217714,1848,1154,12731,19026,24438,15119,7287,12542,47713,37427,0,0,4037,873,5101,3183,13233,2446,4781,0,0,24237,36107,788,4932,0,0,0,0,0
769,5956,770.223264153107,99715,3407,2094,207,76,58074,30745,0.8907285764428622,1819,1142,12672,18977,24708,15280,7186,12430,47729,37444,0,0,3951,856,5044,3205,13481,2527,4807,0,0,24388,35801,771,4884,0,0,0,0,0
770,5956,771.2866254400051,99714,3393,2119,207,77,58567,31061,0.8988507130392924,1786,1102,12615,18938,24914,15446,7084,12317,47745,37461,0,0,3880,837,4994,3219,13706,2595,4827,0,0,24570,35492,761,4833,0,0,0,0,0
771,5956,772.3411270764492,99712,3349,2108,208,78,59020,31356,0.9063703465982028,1765,1065,12578,18899,25113,15626,6986,12223,47761,37478,0,0,3812,828,4958,3234,13942,2656,4834,0,0,24747,35179,746,4776,0,0,0,0,0
772,5956,773.0400839466267,99711,3308,2111,209,78,59319,31546,0.911283609631836,1743,1061,12553,18884,25247,15724,6939,12141,47777,37495,0,0,3775,825,4924,3231,14088,2706,4822,0,0,24889,34965,739,4747,0,0,0,0,0
773,5956,774.0831754856658,99710,3348,2103,210,78,59810,31849,0.9192558419416307,1713,1035,12490,18838,25402,15913,6836,12032,47793,37512,0,0,3716,817,4882,3242,14291,2772,4824,0,0,25078,34645,731,4712,0,0,0,0,0
774,5956,775.1195905890706,99709,3312,2054,211,78,60270,32127,0.9266665998054339,1705,1004,12460,18827,25579,16101,6732,11935,47809,37529,0,0,3654,798,4835,3261,14504,2853,4835,0,0,25276,34311,719,4663,0,0,0,0,0
775,5956,776.1500791587816,99708,3251,2042,212,78,60686,32401,0.9335961006137923,1720,1017,12427,18770,25743,16257,6646,11835,47825,37545,0,0,3594,785,4791,3277,14715,2923,4841,0,0,25430,34016,708,4628,0,0,0,0,0
776,5956,777.1745219856751,99705,3218,2011,215,78,61119,32681,0.9407752870969359,1671,988,12377,18720,25962,16446,6556,11756,47841,37561,0,0,3525,774,4752,3312,14888,2992,4838,0,0,25639,33690,696,4599,0,0,0,0,0
777,5956,778.191871635928,99704,3229,1927,216,78,61584,32906,0.9477052074139453,1578,1018,12344,18682,26135,16629,6497,11665,47856,37577,0,0,3472,765,4701,3338,15111,3059,4826,0,0,25798,33396,686,4552,0,0,0,0,0
778,5956,779.2034890549434,99703,3161,1907,216,79,61978,33177,0.9543845220304303,1570,991,12283,18659,26342,16788,6427,11575,47871,37593,0,0,3412,752,4662,3363,15304,3131,4834,0,0,25967,33099,672,4507,0,0,0,0,0
779,5956,780.2087807310479,99702,3072,1871,217,79,62367,33438,0.9609135222964434,1575,988,12273,18628,26513,16949,6349,11484,47886,37609,0,0,3346,741,4629,3385,15491,3219,4848,0,0,26106,32807,660,4470,0,0,0,0,0
780,5956,781.2090293444907,99701,3028,1841,218,79,62764,33687,0.9674025335753904,1540,955,12267,18612,26673,17119,6273,11393,47901,37625,0,0,3295,732,4597,3399,15676,3302,4842,0,0,26241,32544,650,4423,0,0,0,0,0
781,5956,782.2042011950109,99697,2968,1778,222,79,63149,33905,0.9734896737113454,1524,936,12245,18594,26833,17284,6207,11328,47916,37641,0,0,3248,724,4569,3410,15844,3391,4844,0,0,26383,32260,636,4388,0,0,0,0,0
782,5956,783.1948352733837,99695,2950,1719,224,79,63541,34104,0.9794372837153318,1493,971,12206,18541,26987,17427,6139,11262,47931,37656,0,0,3198,707,4537,3429,16013,3468,4853,0,0,26513,32010,624,4343,0,0,0,0,0
783,5956,784.1807602090529,99695,2922,1676,224,79,63902,34330,0.9853252419880636,1452,985,12184,18503,27138,17582,6079,11174,47946,37671,0,0,3155,697,4506,3442,16164,3539,4849,0,0,26676,31729,620,4318,0,0,0,0,0
784,5956,785.1622085584623,99693,2882,1703,226,79,64255,34595,0.9915440402034245,1420,912,12180,18497,27278,17712,6013,11096,47961,37686,0,0,3106,690,4468,3462,16300,3620,4842,0,0,26801,31504,608,4292,0,0,0,0,0
785,5956,786.1397607366121,99692,2796,1690,227,79,64603,34820,0.9973016892027444,1369,871,12185,18498,27456,17831,5966,11030,47976,37701,0,0,3060,679,4428,3496,16457,3700,4826,0,0,26928,31261,594,4263,0,0,0,0,0
786,5956,787.1131213244814,99690,2762,1678,228,80,64936,35024,1.002708396027686,1371,907,12180,18472,27563,17926,5895,10936,47990,37716,0,0,3017,668,4405,3511,16602,3765,4826,0,0,27044,31038,586,4228,0,0,0,0,0
787,5956,788.082765689722,99689,2675,1643,228,81,65241,35224,1.0077842088896467,1381,903,12142,18478,27724,18045,5849,10849,48004,37731,0,0,2978,652,4380,3521,16777,3836,4813,0,0,27143,30819,580,4190,0,0,0,0,0
788,5956,789.0481934745025,99687,2624,1604,229,82,65568,35420,1.013050849157864,1358,900,12120,18479,27870,18160,5798,10774,48018,37746,0,0,2944,641,4340,3536,16933,3910,4796,0,0,27262,30594,574,4157,0,0,0,0,0
789,5956,790.0098524714707,99685,2612,1612,230,83,65926,35644,1.01890956513016,1315,879,12140,18482,27955,18246,5747,10697,48032,37760,0,0,2903,631,4303,3544,17097,3977,4787,0,0,27353,30399,565,4126,0,0,0,0,0
790,5956,791.2880087205142,99683,2553,1631,231,84,66349,35950,1.0262431909152012,1244,828,12148,18492,28130,18379,5693,10585,48046,37774,0,0,2843,619,4272,3567,17294,4067,4788,0,0,27458,30134,554,4087,0,0,0,0,0
791,5956,792.2427291065798,99682,2502,1625,232,84,66651,36151,1.0312995325133927,1268,812,12125,18485,28235,18472,5637,10521,48060,37788,0,0,2809,611,4247,3580,17412,4139,4784,0,0,27589,29901,545,4065,0,0,0,0,0
792,5956,793.1944786172777,99679,2458,1599,233,86,66959,36345,1.036366737226497,1242,785,12172,18487,28303,18597,5591,10445,48074,37802,0,0,2774,605,4214,3591,17557,4211,4776,0,0,27687,29691,537,4036,0,0,0,0,0
793,5956,794.1447951516074,99679,2406,1569,233,86,67245,36536,1.0411520982353355,1285,747,12164,18503,28378,18704,5533,10390,48088,37816,0,0,2731,599,4182,3596,17682,4293,4771,0,0,27777,29509,532,4007,0,0,0,0,0
794,5956,795.0929939470694,99677,2418,1533,235,86,67580,36705,1.04622932070588,1242,736,12156,18522,28453,18787,5495,10335,48102,37830,0,0,2696,592,4165,3611,17804,4367,4759,0,0,27858,29323,526,3976,0,0,0,0,0
795,5956,796.0393484064766,99676,2377,1487,236,86,67865,36887,1.0509249969902483,1205,730,12166,18504,28557,18906,5458,10286,48115,37844,0,0,2660,576,4145,3626,17937,4437,4754,0,0,27943,29128,519,3951,0,0,0,0,0
796,5956,797.298233657004,99675,2344,1465,236,87,68238,37133,1.0571457236017054,1193,711,12185,18504,28631,19024,5410,10208,48128,37858,0,0,2629,562,4115,3651,18101,4526,4731,0,0,28046,28886,513,3915,0,0,0,0,0
797,5956,798.2408472747882,99672,2308,1425,236,90,68533,37278,1.0615920218316077,1142,709,12202,18538,28739,19099,5372,10138,48141,37871,0,0,2603,558,4087,3668,18231,4596,4704,0,0,28119,28714,503,3889,0,0,0,0,0
798,5956,799.181225323036,99670,2279,1423,238,90,68823,37445,1.0661984549011738,1124,725,12221,18550,28807,19139,5330,10072,48154,37884,0,0,2568,555,4062,3663,18365,4664,4709,0,0,28173,28553,498,3860,0,0,0,0,0
799,5956,800.119526626005,99669,2267,1407,238,91,69104,37616,1.0707441631801262,1107,703,12217,18575,28871,19195,5299,10028,48167,37897,0,0,2540,553,4052,3654,18495,4734,4709,0,0,28219,28386,494,3833,0,0,0,0,0
800,5956,801.0561243572114,99667,2231,1377,240,91,69383,37757,1.0749796823421995,1063,717,12236,18596,28967,19246,5262,9972,48180,37910,0,0,2506,549,4029,3654,18596,4811,4700,0,0,28300,28221,491,3810,0,0,0,0,0
801,5956,802.3021079410585,99666,2134,1374,241,91,69693,37995,1.080488832701222,1071,686,12253,18616,29087,19338,5213,9894,48193,37923,0,0,2473,531,4013,3677,18736,4898,4685,0,0,28409,27986,483,3775,0,0,0,0,0
802,5956,803.2344135949594,99665,2103,1370,242,91,69944,38170,1.084773992876135,1064,680,12258,18608,29148,19410,5184,9840,48206,37936,0,0,2438,525,3988,3685,18859,4964,4682,0,0,28436,27850,478,3760,0,0,0,0,0
803,5956,804.1651431841819,99664,2047,1335,243,91,70173,38321,1.088597688232461,1061,673,12294,18631,29217,19477,5137,9792,48219,37949,0,0,2407,517,3972,3694,18983,5024,4672,0,0,28492,27687,473,3743,0,0,0,0,0
804,5956,805.094521384093,99663,2025,1304,244,91,70428,38485,1.0928127790654505,1039,625,12331,18656,29262,19570,5098,9753,48232,37962,0,0,2375,515,3952,3678,19127,5086,4670,0,0,28539,27532,471,3718,0,0,0,0,0
805,5956,806.0235471119956,99660,1978,1245,245,93,70650,38618,1.0964077864740116,1038,617,12343,18676,29321,19668,5074,9700,48244,37974,0,0,2342,513,3925,3680,19225,5156,4667,0,0,28617,27365,465,3705,0,0,0,0,0
806,5956,807.2604429443601,99658,1926,1237,247,93,70952,38817,1.1014569828814547,995,594,12381,18698,29422,19735,5028,9642,48256,37986,0,0,2309,507,3897,3683,19363,5244,4657,0,0,28667,27199,459,3673,0,0,0,0,0
807,5956,808.1864770732988,99655,1911,1212,248,95,71180,38953,1.1051427424614921,999,576,12412,18724,29443,19800,4986,9592,48268,37998,0,0,2292,500,3885,3680,19440,5313,4649,0,0,28739,27049,454,3654,0,0,0,0,0
808,5956,809.1119700008837,99653,1891,1202,249,96,71407,39098,1.1088978756284307,969,574,12440,18741,29485,19842,4965,9544,48280,38010,0,0,2268,499,3870,3687,19507,5398,4637,0,0,28767,26932,448,3640,0,0,0,0,0
809,5956,810.0367265446795,99651,1863,1149,250,97,71622,39221,1.1123119687710108,978,569,12465,18766,29513,19916,4930,9502,48292,38022,0,0,2245,497,3851,3683,19615,5457,4626,0,0,28820,26789,442,3626,0,0,0,0,0
810,5956,811.2694686117003,99650,1861,1116,251,97,71955,39384,1.1173005519317611,922,573,12512,18795,29572,19975,4881,9443,48304,38034,0,0,2217,487,3832,3698,19730,5541,4607,0,0,28882,26619,436,3601,0,0,0,0,0
811,5956,812.1930198539685,99650,1838,1099,251,97,72199,39507,1.1209834420471652,864,574,12555,18825,29642,20006,4849,9398,48316,38046,0,0,2185,483,3813,3706,19820,5607,4607,0,0,28924,26490,432,3583,0,0,0,0,0
812,5956,813.1155420375974,99650,1797,1095,251,97,72402,39636,1.12431510286001,836,579,12605,18847,29691,20026,4819,9355,48328,38058,0,0,2156,478,3797,3711,19924,5660,4603,0,0,28951,26379,428,3563,0,0,0,0,0
813,5956,814.0370938561866,99647,1759,1075,254,97,72597,39767,1.127620500366293,846,584,12622,18863,29723,20063,4795,9317,48340,38070,0,0,2134,474,3785,3727,20017,5710,4586,0,0,29005,26249,422,3538,0,0,0,0,0
814,5956,815.2648287663503,99647,1701,1045,254,97,72841,39928,1.1316848475117163,824,557,12681,18910,29782,20117,4757,9273,48352,38082,0,0,2108,467,3762,3723,20164,5775,4579,0,0,29042,26095,414,3518,0,0,0,0,0
815,5956,816.1849333233051,99646,1689,1028,255,97,73050,40064,1.1351584609517693,786,537,12718,18942,29825,20170,4726,9225,48364,38093,0,0,2087,465,3749,3731,20252,5832,4557,0,0,29083,25976,412,3502,0,0,0,0,0
816,5956,817.1047718546065,99646,1666,1027,255,97,73239,40203,1.138450113401441,784,533,12773,18945,29828,20211,4693,9186,48375,38104,0,0,2075,462,3738,3733,20355,5883,4538,0,0,29100,25864,408,3490,0,0,0,0,0
817,5956,818.0244960529213,99645,1630,1037,255,98,73424,40343,1.1417231170655828,792,505,12797,18967,29859,20240,4666,9152,48386,38115,0,0,2060,459,3726,3730,20448,5936,4522,0,0,29130,25756,403,3475,0,0,0,0,0
818,5956,819.2502193842242,99643,1574,1026,257,98,73659,40495,1.1456298987384965,771,521,12841,18987,29922,20271,4634,9096,48397,38126,0,0,2033,455,3718,3741,20525,6019,4503,0,0,29178,25621,398,3452,0,0,0,0,0
819,5956,820.1686384426695,99641,1560,1014,259,98,73846,40607,1.1486536666633214,761,518,12865,19015,29946,20295,4608,9059,48408,38137,0,0,2005,449,3701,3750,20589,6068,4503,0,0,29227,25514,391,3444,0,0,0,0,0
820,5956,821.0864756371454,99640,1515,999,260,98,74010,40733,1.1515756724207147,753,494,12891,19052,29988,20328,4592,9028,48419,38148,0,0,1990,447,3685,3756,20668,6128,4477,0,0,29264,25415,388,3422,0,0,0,0,0
821,5956,822.0039024239443,99638,1509,954,261,99,74184,40824,1.1542584154639797,737,495,12920,19091,29996,20366,4576,8994,48430,38159,0,0,1968,447,3669,3752,20734,6186,4465,0,0,29285,25332,384,3416,0,0,0,0,0
822,5956,823.2270933860825,99637,1469,946,262,99,74402,40993,1.1581540993807522,716,461,12983,19150,30024,20407,4545,8936,48441,38170,0,0,1942,444,3649,3734,20834,6261,4469,0,0,29329,25196,378,3401,0,0,0,0,0
823,5956,824.1445332025418,99636,1428,943,262,100,74558,41106,1.1608655506041994,722,442,13036,19193,30024,20422,4527,8899,48452,38181,0,0,1919,442,3639,3733,20910,6303,4459,0,0,29371,25094,374,3392,0,0,0,0,0
824,5956,825.0625920618197,99635,1371,925,262,101,74702,41217,1.1634365433833491,723,422,13093,19230,30053,20466,4497,8855,48463,38192,0,0,1910,436,3628,3725,20995,6358,4440,0,0,29402,24991,372,3378,0,0,0,0,0
825,5956,826.2868715387581,99633,1349,919,264,101,74920,41366,1.1671434163379604,704,409,13176,19265,30047,20509,4459,8796,48474,38202,0,0,1889,430,3610,3726,21087,6432,4430,0,0,29411,24886,370,3362,0,0,0,0,0
826,5956,827.2057023375297,99632,1313,911,265,101,75079,41467,1.1697647342219368,686,390,13246,19310,30052,20522,4437,8765,48485,38212,0,0,1872,430,3601,3734,21152,6480,4413,0,0,29444,24791,366,3349,0,0,0,0,0
827,5956,828.1249953533618,99628,1288,899,267,103,75234,41560,1.172300959569599,680,383,13299,19343,30055,20535,4410,8736,48496,38222,0,0,1854,428,3591,3732,21202,6532,4403,0,0,29497,24697,362,3330,0,0,0,0,0
828,5956,829.0446678736328,99628,1304,847,267,103,75396,41641,1.1747400329224715,661,387,13352,19402,30027,20574,4388,8686,48507,38232,0,0,1838,424,3583,3734,21279,6573,4390,0,0,29513,24613,361,3320,0,0,0,0,0
829,5956,830.2725525806588,99626,1282,840,269,103,75616,41760,1.178166342119527,606,377,13432,19452,30054,20599,4356,8628,48517,38242,0,0,1825,420,3565,3725,21356,6642,4376,0,0,29545,24506,358,3308,0,0,0,0,0
830,5956,831.1936116749739,99624,1265,809,271,103,75757,41847,1.1804785995342488,612,380,13477,19506,30033,20614,4341,8587,48527,38252,0,0,1814,415,3553,3727,21430,6692,4359,0,0,29542,24438,355,3299,0,0,0,0,0
831,5956,832.1156190329165,99624,1242,793,271,103,75891,41935,1.1827069782381756,612,369,13537,19536,30018,20634,4319,8564,48537,38262,0,0,1800,412,3539,3726,21495,6736,4346,0,0,29563,24363,353,3291,0,0,0,0,0
832,5956,833.038406008329,99624,1221,777,271,103,76047,42030,1.1852264514574802,595,357,13580,19591,30031,20643,4301,8528,48547,38272,0,0,1787,409,3526,3729,21558,6780,4330,0,0,29605,24268,351,3281,0,0,0,0,0
833,5956,834.2691312527587,99622,1180,724,272,104,76219,42134,1.1880207183152316,569,355,13674,19672,30030,20667,4274,8477,48557,38282,0,0,1760,404,3513,3724,21613,6852,4337,0,0,29651,24152,348,3268,0,0,0,0,0
834,5956,835.1929909292692,99620,1145,695,273,105,76342,42197,1.1899116643244327,555,361,13735,19702,30032,20685,4259,8451,48567,38292,0,0,1746,401,3504,3727,21689,6887,4323,0,0,29656,24085,347,3255,0,0,0,0,0
835,5956,836.1175108456429,99620,1108,696,273,105,76455,42285,1.1919293314595463,536,352,13804,19748,30040,20685,4238,8413,48577,38302,0,0,1740,398,3498,3722,21742,6929,4304,0,0,29688,24007,346,3246,0,0,0,0,0
836,5956,837.0426061751615,99620,1103,673,273,105,76570,42357,1.1938064645653483,548,350,13868,19783,29989,20703,4218,8385,48587,38312,0,0,1727,397,3488,3726,21814,6957,4291,0,0,29693,23946,345,3236,0,0,0,0,0
837,5956,838.2781782567394,99620,1091,659,273,105,76746,42464,1.1966472595864284,539,332,13931,19837,29976,20714,4189,8352,48597,38321,0,0,1713,389,3481,3730,21900,7002,4281,0,0,29709,23852,340,3223,0,0,0,0,0
838,5956,839.2056162751402,99620,1064,639,273,105,76873,42534,1.1986247741417386,520,340,14006,19892,29960,20712,4176,8311,48607,38330,0,0,1698,386,3466,3744,21949,7045,4263,0,0,29735,23784,334,3216,0,0,0,0,0
839,5956,840.1341477755606,99620,1061,638,273,105,76986,42609,1.2005119453924915,509,329,14064,19936,29928,20702,4164,8289,48617,38339,1,1,1686,385,3454,3740,22001,7076,4252,0,0,29757,23730,334,3204,0,0,0,0,1
840,5956,841.0637497350826,99619,1043,627,273,106,77119,42685,1.202621989781066,488,321,14114,20001,29934,20688,4147,8256,48627,38348,2,2,1677,384,3442,3737,22058,7119,4241,0,0,29775,23656,332,3195,0,1,0,0,2
841,5956,842.3041075618451,99619,1007,612,273,106,77258,42788,1.2050512452443811,490,304,14189,20067,29916,20692,4124,8218,48637,38357,3,3,1660,382,3430,3737,22118,7172,4231,0,0,29802,23567,329,3187,0,1,1,0,2
842,5956,843.2352019665582,99619,976,599,273,106,77370,42860,1.206898282456158,469,294,14248,20126,29921,20691,4112,8183,48647,38366,4,4,1651,381,3419,3741,22172,7212,4214,0,0,29814,23508,326,3175,0,2,1,0,3
843,5956,844.167076070937,99619,974,557,273,106,77496,42912,1.2086850901936377,435,305,14321,20168,29900,20707,4096,8156,48656,38375,5,5,1635,381,3414,3733,22209,7255,4215,0,0,29843,23435,322,3169,0,4,1,0,3
844,5956,845.099813541927,99619,929,556,273,106,77595,42972,1.2102811712625101,423,310,14407,20223,29881,20673,4086,8131,48665,38384,6,6,1629,381,3410,3715,22267,7289,4204,0,0,29864,23366,321,3163,0,5,1,0,4
845,5956,846.0338478843919,99619,899,562,273,106,77679,43052,1.2119274435599634,433,299,14456,20280,29869,20652,4069,8100,48674,38393,7,7,1624,381,3403,3703,22322,7326,4194,0,0,29869,23316,319,3151,0,5,1,0,5
846,5956,847.280453335346,99618,863,555,274,106,77811,43142,1.2141681222269067,422,289,14549,20370,29852,20633,4039,8046,48683,38402,8,8,1611,378,3390,3704,22365,7380,4178,0,0,29896,23239,318,3146,0,5,2,0,6
847,5956,848.2164128598394,99618,847,529,274,106,77919,43204,1.2158746411291133,403,291,14608,20431,29839,20630,4028,8012,48692,38411,9,9,1605,374,3382,3698,22418,7419,4169,0,0,29910,23174,315,3140,0,5,2,0,7
848,5956,849.1533591360536,99618,825,525,274,106,78023,43260,1.217480776566484,388,284,14690,20517,29812,20587,4010,7980,48701,38420,10,10,1591,371,3373,3703,22440,7469,4162,0,0,29911,23138,311,3133,0,5,2,0,9
849,5956,850.091571212252,99617,817,526,274,107,78118,43332,1.2191694188742885,371,272,14756,20582,29786,20561,3995,7951,48710,38429,11,11,1583,368,3365,3702,22472,7507,4152,0,0,29920,23094,310,3126,0,6,2,0,10
850,5956,851.0308860417208,99616,811,518,274,108,78213,43399,1.220807902345005,357,249,14835,20646,29740,20544,3982,7934,48719,38437,12,12,1574,366,3357,3702,22518,7537,4140,0,0,29931,23044,307,3121,0,6,3,0,10
851,5956,852.2860082583094,99614,788,504,276,108,78331,43479,1.2228200855301463,353,231,14926,20731,29695,20529,3961,7896,48728,38445,14,14,1562,364,3348,3691,22582,7569,4133,0,0,29959,22963,306,3114,0,9,3,0,11
852,5956,853.2293157411954,99614,767,497,276,108,78404,43531,1.2240749292268156,363,233,14994,20814,29644,20483,3955,7864,48737,38453,16,16,1553,363,3341,3693,22615,7601,4121,0,0,29959,22926,305,3112,0,9,4,0,12
853,5956,854.1741898032591,99614,762,477,276,108,78491,43583,1.2254703154175115,358,244,15050,20873,29602,20468,3951,7829,48746,38461,19,19,1545,362,3330,3698,22651,7629,4107,0,0,29981,22871,303,3107,0,11,5,0,14
854,5956,855.1203533752392,99614,761,463,276,108,78584,43632,1.2268958178569278,356,246,15119,20930,29552,20440,3935,7812,48755,38469,23,22,1534,362,3324,3694,22687,7658,4097,0,0,29994,22827,302,3102,0,12,6,0,15
855,5956,856.0683309854122,99614,744,466,276,108,78662,43693,1.228291204047624,366,229,15187,20990,29501,20412,3925,7794,48764,38477,28,26,1527,360,3321,3694,22727,7689,4087,0,0,29983,22788,301,3097,0,15,6,0,19
856,5956,857.0179883742134,99613,735,457,277,108,78745,43751,1.2297190125786794,338,225,15262,21052,29472,20379,3915,7778,48773,38485,34,31,1520,358,3316,3693,22769,7724,4080,0,0,29972,22747,299,3089,0,20,6,0,20
857,5956,858.2864143843551,99612,697,441,278,108,78833,43821,1.2313175119463518,357,229,15357,21102,29408,20360,3902,7759,48782,38493,41,37,1505,356,3307,3691,22820,7764,4076,0,0,29975,22686,298,3078,0,25,6,0,25
858,5956,859.2399258455794,99611,676,419,279,108,78916,43865,1.2326048327995904,352,226,15441,21173,29352,20336,3899,7737,48791,38501,50,44,1497,353,3298,3691,22867,7796,4064,0,0,29974,22640,297,3070,0,29,6,0,29
859,5956,860.1955612656288,99611,668,425,279,108,79004,43925,1.2340906124825572,336,211,15519,21218,29301,20308,3896,7729,48799,38509,61,52,1488,352,3291,3689,22889,7831,4058,0,0,29985,22589,296,3064,2,37,7,0,33
860,5956,861.1532787429987,99611,657,421,279,108,79076,43969,1.2352551425043419,330,209,15583,21273,29253,20266,3897,7722,48807,38517,75,62,1480,351,3288,3684,22920,7860,4051,0,0,29977,22548,296,3061,2,46,8,0,39
861,5956,862.112820712626,99611,644,419,279,108,79154,44017,1.236520063045246,325,210,15668,21332,29188,20213,3895,7717,48815,38525,92,74,1476,350,3284,3680,22954,7895,4038,0,0,29959,22508,295,3058,2,56,8,0,48
862,5956,863.0746867586279,99611,652,432,279,108,79232,44069,1.2378251397937978,313,203,15730,21383,29128,20167,3897,7706,48823,38533,113,88,1465,350,3280,3681,22970,7929,4029,0,0,29948,22478,294,3053,2,66,8,0,58
863,5956,864.0384801665532,99611,651,435,279,108,79321,44125,1.2392808023210289,301,194,15797,21433,29069,20130,3902,7699,48831,38541,138,105,1460,350,3271,3673,23000,7972,4023,0,0,29921,22442,291,3046,3,81,11,0,67
864,5956,865.0043477075617,99611,654,426,279,108,79409,44174,1.2406561524329642,270,182,15862,21495,29025,20086,3909,7702,48839,38549,168,124,1445,347,3265,3675,23008,8019,4023,0,0,29903,22405,290,3041,4,98,12,0,76
865,5956,866.295316920208,99611,633,422,279,108,79492,44242,1.2421720492716668,277,174,15955,21564,28947,20033,3908,7698,48847,38556,203,146,1437,345,3261,3670,23025,8074,4018,0,0,29890,22345,289,3031,6,117,13,0,90
866,5956,867.2660964041556,99611,633,409,279,108,79569,44275,1.24327634498198,268,181,16029,21604,28871,19981,3919,7716,48855,38563,244,172,1431,345,3253,3667,23032,8123,4007,0,0,29862,22312,288,3023,9,144,15,0,100
867,5956,868.2393455332514,99611,612,406,279,108,79636,44323,1.2444308359518528,271,175,16076,21638,28828,19945,3933,7727,48863,38570,292,202,1421,342,3243,3670,23048,8167,4001,0,0,29836,22260,285,3014,13,171,18,0,122
868,5956,869.2144175851566,99611,597,398,279,108,79698,44382,1.2456455612331971,278,173,16148,21666,28741,19914,3956,7740,48871,38577,348,236,1412,340,3235,3672,23053,8219,3993,0,0,29817,22200,283,3001,16,204,20,0,146
869,5956,870.1922877561391,99611,582,395,279,108,79763,44435,1.2468301693588058,283,168,16219,21692,28656,19864,3980,7772,48879,38584,413,274,1408,339,3224,3667,23061,8268,3985,0,0,29810,22120,282,2990,19,235,23,0,180
870,5956,871.1730714947005,99609,548,369,280,109,79823,44466,1.247768775913823,282,175,16288,21731,28599,19799,4002,7816,48887,38591,487,317,1398,339,3216,3658,23072,8319,3980,0,0,29785,22045,279,2973,25,280,27,0,213
871,5956,872.1565043147365,99609,525,364,280,109,79892,44509,1.2488931723037076,273,170,16332,21771,28556,19723,4033,7862,48895,38598,572,366,1389,338,3211,3660,23063,8383,3975,0,0,29740,21969,276,2969,28,325,27,0,256
872,5956,873.1420315957452,99609,510,343,280,109,79949,44548,1.249856940637894,264,167,16386,21800,28487,19667,4072,7913,48903,38605,669,421,1384,338,3204,3656,23072,8442,3964,0,0,29683,21894,276,2956,33,373,32,0,302
873,5956,874.1301326762691,99608,506,329,280,110,80018,44591,1.2509938960726046,255,155,16429,21823,28408,19599,4121,7983,48911,38612,779,482,1375,337,3191,3651,23055,8514,3960,0,0,29630,21823,275,2950,36,435,38,0,338
874,5956,875.1212873384501,99607,498,326,280,111,80085,44628,1.252050558695674,260,146,16492,21846,28302,19506,4167,8064,48919,38619,903,550,1371,334,3181,3650,23042,8583,3954,0,0,29548,21746,275,2942,41,512,41,0,387
875,5956,876.1162265644296,99607,477,320,280,111,80134,44662,1.2528838334655195,259,143,16548,21856,28211,19417,4224,8152,48927,38626,1043,626,1361,333,3168,3645,23011,8659,3953,0,0,29488,21660,273,2929,50,579,52,0,446
876,5956,877.1146555356214,99606,459,302,280,112,80195,44697,1.2538602092243438,253,130,16588,21855,28128,19325,4291,8275,48935,38633,1199,710,1354,332,3156,3647,22984,8751,3944,0,0,29401,21565,269,2920,54,656,60,0,513
877,5956,878.1164521950607,99606,449,280,280,112,80254,44728,1.2547637692508484,230,133,16657,21861,28028,19210,4355,8403,48943,38640,1373,803,1348,330,3147,3646,22948,8837,3937,0,0,29315,21448,269,2906,59,755,69,0,592
878,5956,879.1222595259146,99606,437,282,280,112,80308,44758,1.2556070919422524,234,127,16690,21832,27919,19108,4439,8538,48950,38647,1566,905,1345,329,3131,3644,22907,8922,3927,0,0,29198,21346,268,2894,65,869,83,0,678
879,5956,880.1321031476904,99606,427,280,280,112,80369,44797,1.2566110475272574,224,121,16760,21807,27797,18982,4511,8697,48957,38654,1779,1016,1340,327,3119,3641,22864,9021,3919,0,0,29079,21230,268,2883,74,983,91,0,767
880,5956,881.1465212772912,99606,416,260,280,112,80427,44819,1.2574142119952614,225,128,16795,21757,27673,18866,4610,8876,48964,38661,2014,1138,1334,325,3105,3635,22812,9128,3915,0,0,28962,21103,268,2868,83,1098,102,0,868
881,5956,882.1654079543539,99606,402,265,280,112,80480,44854,1.2582976929100658,218,117,16848,21698,27536,18738,4715,9069,48971,38668,2271,1270,1328,323,3093,3632,22721,9257,3911,0,0,28849,20964,265,2856,93,1221,110,0,983
882,5956,883.1895710928897,99606,393,249,280,112,80541,44876,1.2591309760456197,203,123,16887,21622,27400,18595,4836,9298,48978,38675,2552,1414,1321,321,3079,3634,22633,9394,3901,0,0,28695,20831,264,2838,107,1369,120,0,1099
883,5956,884.21931306745,99606,387,236,280,112,80588,44903,1.2598739031785233,193,126,16906,21548,27258,18454,4975,9523,48985,38682,2857,1569,1312,321,3056,3632,22547,9518,3898,0,0,28562,20661,263,2817,121,1514,140,0,1244
884,5956,885.2546362968951,99606,365,228,280,112,80630,44931,1.260576672088027,201,110,16950,21478,27095,18290,5108,9781,48992,38688,3188,1737,1307,321,3030,3636,22466,9638,3887,0,0,28407,20479,262,2796,138,1680,162,0,1397
885,5956,886.2962583425681,99606,367,209,280,112,80677,44953,1.2612694014416803,184,103,17001,21392,26908,18128,5259,10055,48999,38694,3545,1917,1305,320,3010,3634,22337,9798,3881,0,0,28244,20297,261,2772,158,1859,179,0,1551
886,5956,887.3453445255518,99606,361,199,280,112,80723,44977,1.2619721703511837,185,99,17017,21322,26741,17920,5415,10347,49006,38700,3928,2110,1298,320,2989,3633,22201,9970,3874,0,0,28047,20127,261,2747,179,2060,197,0,1703
887,5956,888.0486459794669,99606,339,201,280,112,80747,44998,1.2624239503644359,190,89,16971,21193,26628,17733,5591,10671,49013,38706,4338,2316,1292,319,2953,3630,22070,10133,3868,0,0,27847,19956,261,2718,205,2264,229,0,1861
888,5956,889.1093916086413,99605,351,183,281,112,80803,45015,1.2631695196024295,185,94,16987,21088,26427,17521,5768,11001,49020,38712,4774,2536,1288,317,2930,3631,21910,10322,3861,0,0,27628,19759,261,2701,218,2486,252,0,2041
889,5956,890.1775886173748,99605,335,173,281,112,80841,45029,1.2636915817479042,186,104,16998,20971,26249,17268,5950,11371,49027,38718,5237,2770,1282,316,2903,3630,21778,10490,3857,0,0,27350,19567,261,2671,244,2762,277,0,2217
890,5956,891.2532343620486,99605,333,174,281,112,80887,45051,1.2643742783996788,168,102,17011,20833,26056,17027,6150,11751,49034,38724,5726,3018,1278,315,2878,3629,21607,10689,3851,0,0,27102,19359,260,2639,274,3017,300,0,2407
891,5956,892.336780340388,99605,334,176,281,112,80933,45080,1.2651272526479593,158,92,17031,20677,25836,16795,6359,12147,49041,38730,6240,3280,1273,315,2842,3625,21446,10878,3845,0,0,26823,19134,260,2611,300,3309,333,0,2611
892,5956,893.0643338133711,99605,317,179,281,112,80967,45100,1.2656693941067216,151,83,16982,20482,25665,16561,6603,12582,49048,38736,6779,3556,1269,315,2803,3619,21281,11075,3841,0,0,26542,18892,260,2584,326,3589,371,0,2838
893,5956,894.1650182062881,99605,320,169,281,112,81014,45121,1.266352090758496,139,84,16958,20296,25453,16303,6848,13035,49055,38742,7342,3846,1269,313,2773,3614,21104,11282,3832,0,0,26236,18655,260,2544,364,3904,401,0,3054
894,5956,895.2748650197842,99605,285,154,281,112,81042,45144,1.2668641132473268,147,76,16927,20118,25250,16060,7109,13479,49062,38748,7927,4150,1264,313,2732,3609,20926,11506,3827,0,0,25937,18371,260,2521,382,4203,439,0,3315
895,5956,896.0199212966841,99605,282,143,281,112,81073,45156,1.2672958184830079,132,73,16880,19877,25036,15814,7388,13980,49069,38754,8532,4467,1260,311,2685,3610,20730,11729,3820,0,0,25605,18132,260,2484,415,4535,486,0,3543
896,5956,897.1486212863864,99604,276,140,282,112,81113,45177,1.2679209670294365,118,70,16862,19704,24794,15509,7667,14464,49076,38760,9156,4798,1256,310,2656,3608,20506,11981,3814,0,0,25261,17880,258,2455,444,4879,514,0,3782
897,5956,898.2888054345595,99604,263,136,282,112,81141,45198,1.26841291514397,118,67,16852,19516,24538,15235,7946,14933,49083,38766,9797,5142,1251,310,2612,3603,20310,12212,3811,0,0,24930,17577,257,2422,473,5208,557,0,4071
898,5956,899.0554436379322,99603,245,130,283,112,81153,45209,1.26865656656928,118,65,16775,19281,24322,14941,8256,15470,49090,38772,10452,5498,1245,309,2568,3602,20067,12473,3807,0,0,24585,17327,256,2392,502,5561,600,0,4309
899,5956,900.2184065951604,99603,238,134,283,112,81169,45225,1.2689778420328706,144,89,16842,19350,24263,14911,8229,15403,49090,38772,10452,5498,1244,309,2564,3605,20075,12482,3806,0,0,24576,17325,255,2390,502,5562,600,0,4308
900,5956,900.2184065951604,99603,241,132,283,112,81181,45230,1.2691485196229029,143,90,16727,19055,24054,14651,8551,15959,49090,38772,11119,5866,1244,309,2519,3606,19859,12704,3805,0,6,24218,17039,254,2356,536,5916,644,0,4588
901,5956,901.0004800597311,99603,248,142,283,112,81208,45253,1.269650512534763,142,78,16671,18814,23782,14348,8873,16505,49090,38772,11796,6245,1243,309,2484,3607,19635,12942,3802,1,12,23817,16769,253,2313,576,6309,679,0,4852
902,5956,902.188564046297,99603,266,147,283,112,81252,45282,1.2703834221860788,141,71,16630,18581,23488,14040,9191,17048,49090,38772,12480,6634,1240,308,2445,3612,19404,13190,3797,4,26,23410,16487,253,2275,612,6703,717,0,5120
903,5956,903.3913081152949,99602,255,142,284,112,81293,45305,1.2710387341619647,148,63,16590,18377,23212,13737,9510,17568,49090,38772,13169,7033,1238,307,2403,3612,19156,13463,3794,6,45,23019,16172,253,2235,650,7074,759,2,5414
904,5956,904.2011005561567,99602,258,137,284,112,81328,45318,1.271520652195739,142,62,16493,18120,22967,13451,9855,18117,49090,38772,13860,7440,1236,307,2360,3611,18900,13740,3793,8,54,22641,15877,253,2192,690,7438,800,4,5698
905,5956,905.0197123905479,99602,246,132,284,112,81345,45331,1.271821850966848,154,62,16397,17873,22710,13145,10208,18675,49090,38772,14551,7855,1234,307,2325,3609,18658,14004,3791,10,62,22239,15578,253,2154,727,7824,834,6,5987
906,5956,906.263884943262,99602,245,123,284,112,81392,45349,1.272474448304251,153,70,16361,17657,22407,12860,10549,19177,49090,38772,15240,8277,1234,306,2282,3611,18389,14306,3786,10,73,21846,15275,253,2115,761,8197,873,7,6278
907,5956,907.1024559656705,99602,244,125,284,112,81420,45362,1.2728860866247667,158,70,16270,17395,22132,12567,10911,19730,49090,38772,15924,8705,1233,306,2232,3612,18135,14579,3783,11,76,21473,15000,253,2069,802,8559,922,10,6547
908,5956,908.3783862012326,99602,244,118,284,112,81470,45379,1.2735587638802435,144,79,16218,17190,21853,12295,11256,20205,49090,38772,16601,9138,1230,306,2185,3614,17914,14832,3776,14,90,21074,14689,253,2028,835,8940,968,13,6841
909,5956,909.2381950231033,99602,246,120,284,112,81503,45396,1.2740607618320918,134,83,16127,16937,21589,12010,11619,20737,49090,38772,17269,9575,1228,306,2135,3612,17645,15124,3772,16,95,20665,14434,253,1994,866,9336,1017,17,7087
910,5956,910.1086738111601,99602,237,118,284,112,81527,45411,1.2744523202345335,135,75,16044,16706,21325,11749,11974,21239,49090,38772,17927,10015,1227,306,2091,3615,17378,15407,3766,17,113,20272,14140,253,1963,896,9719,1059,18,7362
911,5956,911.4335388663783,99602,243,115,284,112,81566,45437,1.2751049175719362,133,71,15995,16521,21011,11497,12333,21683,49090,38772,18572,10456,1226,306,2051,3612,17147,15665,3764,18,126,19885,13838,253,1924,934,10088,1096,22,7647
912,5956,912.327861248366,99602,241,122,284,112,81593,45457,1.2755767956466737,133,64,15891,16298,20762,11235,12688,22168,49090,38772,19204,10898,1225,306,2002,3611,16924,15913,3762,19,127,19495,13549,252,1893,962,10461,1144,27,7930
913,5956,913.233249295646,99602,238,125,284,112,81624,45471,1.2760285938033373,143,69,15778,16067,20496,10974,13060,22652,49090,38772,19821,11340,1222,306,1962,3610,16681,16176,3758,22,132,19090,13298,252,1859,993,10854,1184,32,8171
914,5956,914.1498680500004,99602,233,122,284,112,81654,45485,1.276470352000964,142,63,15716,15867,20199,10724,13425,23111,49090,38772,20422,11781,1219,306,1917,3609,16426,16454,3753,25,139,18706,13053,252,1828,1024,11224,1226,36,8405
915,5956,915.0793880539098,99602,240,119,284,112,81689,45497,1.2769422300757014,137,67,15666,15649,19895,10517,13777,23535,49090,38772,21006,12220,1219,305,1887,3608,16191,16707,3752,25,145,18338,12773,250,1795,1057,11579,1256,40,8675
916,5956,916.0230538951306,99602,228,111,284,112,81717,45510,1.277353868396217,131,70,15589,15434,19641,10328,14126,23944,49090,38772,21572,12656,1218,305,1856,3605,15932,16989,3751,26,153,18005,12502,250,1756,1095,11896,1285,47,8931
917,5956,917.4616075934483,99602,232,120,284,112,81771,45537,1.2781671050782113,118,69,15552,15316,19369,10066,14444,24316,49090,38772,22120,13088,1217,305,1814,3604,15704,17245,3746,27,160,17643,12273,249,1724,1127,12241,1323,53,9147
918,5956,918.4319370032921,99602,237,120,284,112,81796,45554,1.2785887833577638,127,66,15502,15116,19078,9870,14771,24715,49090,38772,22649,13515,1216,305,1775,3607,15475,17487,3743,28,165,17298,12032,249,1693,1156,12576,1361,59,9377
919,5956,919.4161839055216,99602,243,114,284,112,81836,45569,1.2791409811047971,123,67,15428,14958,18821,9675,15100,25073,49090,38772,23159,13937,1214,305,1743,3605,15244,17749,3741,30,168,16986,11788,249,1657,1188,12870,1388,67,9610
920,5956,920.414581623565,99602,257,108,284,112,81875,45586,1.2797032188108672,113,67,15364,14829,18565,9492,15416,25391,49090,38772,23650,14353,1213,305,1703,3608,14998,18008,3737,31,177,16677,11562,249,1633,1211,13169,1427,75,9819
921,5956,921.4266017766286,99602,246,109,284,112,81901,45607,1.2801750968856047,126,63,15286,14709,18311,9331,15746,25675,49090,38772,24122,14762,1209,304,1670,3609,14798,18232,3732,35,180,16391,11323,249,1601,1243,13437,1459,83,10047
922,5956,922.4523059584465,99602,255,101,284,112,81940,45620,1.280697174755527,119,66,15217,14599,18075,9151,16049,25970,49090,38772,24575,15164,1208,304,1646,3608,14570,18481,3730,36,182,16104,11121,248,1550,1292,13711,1481,90,10240
923,5956,923.492082779684,99602,254,107,284,112,81978,45638,1.2812594124615972,107,69,15176,14497,17834,8972,16344,26242,49090,38772,25010,15558,1207,304,1608,3608,14364,18707,3727,37,184,15814,10926,248,1515,1324,13991,1515,97,10426
924,5956,924.0155092355841,99602,251,109,284,112,81992,45648,1.2815003714784843,113,68,15088,14349,17598,8803,16665,26558,49090,38772,25426,15944,1204,303,1576,3607,14162,18924,3727,40,181,15532,10752,248,1492,1346,14261,1547,104,10596
925,5956,925.0826885164182,99601,250,114,284,113,82029,45664,1.2820453609903515,109,67,15018,14244,17385,8644,16953,26817,49090,38772,25824,16321,1202,302,1540,3609,13974,19130,3724,42,186,15251,10567,247,1467,1370,14528,1582,108,10772
926,5956,926.1641202187144,99601,224,114,284,113,82053,45679,1.2824369233240631,114,64,14959,14178,17181,8490,17237,27040,49090,38772,26205,16690,1198,302,1516,3607,13790,19337,3720,46,195,14989,10373,246,1454,1381,14778,1604,114,10951
927,5956,927.2565030315286,99601,221,110,284,113,82080,45695,1.2828686458971295,121,60,14915,14112,16959,8359,17499,27245,49090,38772,26568,17050,1197,302,1492,3608,13591,19555,3716,47,201,14745,10201,246,1423,1410,15011,1625,118,11113
928,5956,928.3464487647792,99601,227,114,284,113,82113,45715,1.2834007690685836,116,55,14868,14032,16750,8227,17754,27458,49090,38772,26915,17400,1195,302,1464,3610,13405,19761,3713,49,202,14519,10035,245,1397,1432,15225,1651,126,11270
929,5956,929.4204450246364,99601,230,114,284,113,82150,45729,1.2839128121203602,99,55,14853,13997,16535,8083,17998,27637,49090,38772,27245,17741,1194,301,1446,3612,13242,19948,3709,50,200,14285,9880,245,1370,1457,15440,1669,135,11418
930,5956,930.47935338002,99601,219,118,284,113,82174,45747,1.284334494633588,98,50,14823,13967,16351,7958,18224,27793,49090,38772,27560,18072,1193,300,1426,3615,13092,20120,3703,51,206,14052,9726,245,1348,1476,15658,1689,140,11561
931,5956,931.0060259546908,99601,214,109,284,113,82182,45752,1.2844650154114918,102,53,14726,13872,16182,7846,18491,28006,49090,38772,27860,18394,1192,300,1402,3615,12918,20302,3702,52,204,13846,9575,245,1335,1488,15858,1713,150,11704
932,5956,932.0365505840693,99601,212,112,284,113,82212,45766,1.2849067780443972,104,50,14704,13829,15992,7722,18703,28173,49090,38772,28145,18706,1191,300,1377,3615,12772,20467,3700,53,204,13636,9438,245,1316,1505,16057,1734,159,11832
933,5956,933.0548637583154,99601,214,108,284,113,82239,45777,1.2852883003182698,104,52,14708,13803,15795,7613,18894,28310,49090,38772,28416,19008,1189,300,1350,3620,12635,20619,3694,55,208,13429,9313,245,1294,1525,16252,1761,164,11948
934,5956,934.0621980832478,99601,216,102,284,113,82263,45788,1.2856397024126265,108,54,14693,13781,15606,7519,19092,28430,49090,38772,28674,19301,1189,300,1322,3621,12503,20767,3689,55,215,13236,9176,245,1281,1537,16434,1789,171,12071
935,5956,935.0591005414109,99601,208,99,284,113,82282,45796,1.2859107840282729,114,65,14665,13782,15450,7415,19278,28525,49090,38772,28919,19584,1189,298,1301,3623,12377,20910,3685,55,216,13064,9044,245,1257,1559,16595,1810,179,12194
936,5956,936.046070652726,99601,216,93,284,113,82318,45804,1.286352546661178,101,61,14672,13774,15288,7321,19438,28637,49090,38772,29152,19858,1187,298,1287,3621,12262,21037,3682,57,219,12896,8915,245,1235,1581,16756,1824,185,12314
937,5956,937.0245579496958,99601,219,81,284,113,82345,45809,1.2866738285760184,103,63,14658,13745,15120,7238,19615,28759,49090,38772,29373,20123,1187,298,1269,3620,12144,21171,3681,57,225,12737,8791,244,1225,1591,16905,1839,195,12422
938,5956,938.477290714722,99601,208,89,284,113,82381,45829,1.2872360719269886,110,57,14692,13796,14951,7144,19754,28800,49090,38772,29583,20379,1185,298,1248,3626,12031,21304,3672,59,221,12561,8703,244,1206,1609,17067,1859,206,12502
939,5956,939.4399161479039,99601,207,89,284,113,82406,45843,1.2876276342607003,115,52,14691,13815,14796,7072,19906,28858,49090,38772,29783,20626,1183,298,1230,3626,11911,21440,3670,61,225,12402,8602,244,1190,1623,17215,1876,211,12594
940,5956,940.3948176573898,99601,208,91,284,113,82438,45855,1.2880693968936054,105,55,14683,13831,14659,6975,20060,28934,49090,38772,29972,20864,1182,298,1216,3625,11800,21567,3668,62,226,12258,8499,242,1182,1631,17350,1889,218,12688
941,5956,941.3423837430535,99601,206,93,284,113,82469,45867,1.288501119466672,98,54,14667,13853,14530,6899,20214,28987,49090,38772,30152,21093,1179,298,1205,3627,11707,21675,3664,65,228,12101,8410,241,1167,1646,17495,1900,222,12771
942,5956,942.2825898715162,99601,203,97,284,113,82495,45877,1.2888625616208673,89,61,14667,13856,14409,6832,20347,29040,49090,38772,30323,21314,1179,298,1190,3624,11606,21791,3663,65,230,11972,8317,241,1151,1662,17617,1911,227,12857
943,5956,943.2164876579792,99601,193,95,284,113,82518,45887,1.2891938835955463,86,62,14669,13881,14278,6754,20489,29094,49090,38772,30485,21527,1178,298,1183,3628,11484,21932,3659,66,231,11841,8239,240,1142,1669,17733,1917,233,12928
944,5956,944.1441159507593,99601,172,100,284,113,82532,45902,1.2894850453308702,90,62,14686,13895,14171,6693,20596,29136,49090,38772,30639,21732,1177,297,1168,3633,11405,22031,3655,66,237,11705,8156,239,1129,1681,17855,1929,237,13001
945,5956,945.0662428410178,99601,164,102,284,113,82550,45920,1.2898464874850655,92,52,14694,13936,14064,6629,20701,29167,49090,38772,30785,21929,1177,296,1157,3636,11303,22145,3651,66,245,11597,8066,239,1117,1693,17955,1938,245,13075
946,5956,946.4420505513168,99601,169,104,284,113,82582,45941,1.2903786106565196,90,48,14772,14018,13916,6576,20768,29140,49090,38772,30924,22119,1176,296,1147,3639,11220,22244,3648,67,246,11468,8001,238,1107,1702,18071,1947,255,13129
947,5956,947.356756670727,99601,158,88,284,113,82596,45952,1.2906296121524885,91,51,14789,14044,13816,6541,20861,29162,49090,38772,31056,22302,1175,296,1137,3640,11145,22341,3646,68,253,11368,7916,237,1097,1712,18153,1955,263,13199
948,5956,948.267139418044,99601,164,85,284,113,82617,45963,1.2909508940673287,83,53,14805,14075,13714,6493,20949,29180,49090,38772,31181,22478,1175,296,1124,3642,11072,22427,3644,68,251,11267,7851,237,1087,1722,18242,1967,270,13259
949,5956,949.1735870162805,99601,158,86,284,113,82631,45975,1.2912119356231364,100,46,14829,14122,13593,6444,21035,29188,49090,38772,31300,22647,1174,296,1112,3639,10999,22516,3643,69,252,11177,7789,237,1071,1736,18325,1976,277,13313
950,5956,950.0762986250891,99601,157,92,284,113,82655,45989,1.291593457897009,90,40,14835,14187,13498,6391,21135,29176,49090,38772,31413,22809,1174,296,1101,3643,10920,22606,3636,69,251,11095,7728,237,1062,1744,18400,1987,284,13368
951,5956,951.4234983839633,99601,162,85,284,113,82683,45997,1.2919549000512043,88,42,14921,14265,13371,6342,21173,29152,49090,38772,31520,22965,1174,294,1097,3645,10849,22688,3634,69,251,11006,7665,237,1054,1750,18482,1991,294,13421
952,5956,952.319930521991,99601,164,90,284,113,82708,46012,1.2923565024447545,80,37,14941,14291,13281,6307,21249,29161,49090,38772,31622,23115,1173,294,1084,3642,10788,22764,3633,70,251,10921,7605,237,1045,1758,18559,2002,302,13473
953,5956,953.2134562323308,99601,150,79,284,113,82720,46015,1.2925071033423359,82,44,14952,14335,13207,6265,21324,29163,49090,38772,31719,23259,1173,293,1079,3646,10712,22854,3628,70,251,10841,7556,236,1037,1765,18630,2006,312,13512
954,5956,954.1038842784444,99601,153,83,284,113,82740,46025,1.2928083051374986,76,42,14967,14381,13119,6217,21400,29163,49090,38772,31811,23397,1173,293,1068,3647,10653,22926,3625,70,252,10767,7508,236,1030,1769,18699,2014,312,13559
955,5956,955.4342377427221,99601,150,88,284,113,82766,46043,1.293250067770404,75,33,15035,14479,13037,6175,21418,29111,49090,38772,31898,23530,1172,293,1059,3646,10604,22991,3622,71,256,10689,7455,236,1026,1773,18766,2022,318,13602
956,5956,956.3203393871537,99601,155,86,284,113,82785,46050,1.2935111093262115,67,35,15070,14525,12953,6136,21470,29104,49090,38772,31981,23658,1171,293,1053,3645,10542,23062,3621,72,260,10616,7414,236,1017,1782,18832,2028,320,13637
957,5956,957.2042402840085,99601,154,84,284,113,82805,46059,1.2938022710615356,67,34,15110,14587,12857,6104,21527,29077,49090,38772,32060,23781,1170,293,1047,3648,10482,23133,3617,73,260,10537,7376,236,1011,1787,18902,2034,326,13669
958,5956,958.0858854834768,99601,148,85,284,113,82816,46068,1.2940030722583107,76,35,15171,14636,12770,6062,21550,29068,49090,38772,32135,23899,1170,293,1041,3646,10443,23184,3614,73,261,10472,7334,236,1009,1787,18964,2038,331,13705
959,5956,959.4064215570672,99601,150,79,284,113,82841,46077,1.2943444342928283,67,38,15273,14732,12668,6034,21557,29003,49090,38772,32206,24012,1170,293,1033,3648,10396,23243,3612,73,264,10403,7296,235,1004,1791,19023,2046,342,13729
960,5956,960.2866545808381,99601,154,78,284,113,82856,46085,1.2945753556691197,69,39,15318,14790,12589,6010,21585,28969,49090,38772,32274,24121,1170,293,1030,3647,10354,23295,3610,73,263,10340,7261,235,1001,1794,19079,2049,346,13761
961,5956,961.1656335021202,99601,148,79,284,113,82869,46098,1.2948363972249275,68,36,15358,14858,12516,5972,21625,28941,49090,38772,32339,24225,1169,293,1023,3648,10304,23357,3608,74,267,10284,7228,234,995,1798,19127,2056,351,13785
962,5956,962.0429769241589,99601,148,81,284,113,82890,46111,1.2951777592594451,66,29,15401,14929,12451,5939,21649,28908,49090,38772,32401,24325,1169,293,1020,3648,10258,23414,3605,74,267,10223,7203,234,988,1802,19183,2059,361,13800
963,5956,963.3574349687624,99601,141,75,284,113,82911,46123,1.2955090812341241,63,34,15509,15037,12368,5903,21634,28837,49090,38772,32460,24421,1169,293,1015,3645,10220,23473,3603,74,272,10167,7169,234,981,1806,19228,2062,368,13822
964,5956,964.2342384124007,99601,136,73,284,113,82926,46129,1.295719922490738,62,34,15538,15099,12308,5882,21671,28798,49090,38772,32516,24513,1169,293,1010,3647,10178,23522,3598,74,274,10118,7137,234,972,1815,19273,2067,376,13844
965,5956,965.1098603196624,99601,133,68,284,113,82941,46134,1.2959207236875132,64,33,15591,15155,12235,5858,21692,28772,49090,38772,32569,24602,1166,292,1007,3646,10139,23571,3598,77,275,10070,7113,234,969,1816,19315,2070,381,13862
966,5956,966.4217742954432,99601,128,63,284,113,82963,46143,1.2962319655425147,65,38,15683,15272,12170,5829,21669,28684,49090,38772,32620,24687,1165,291,1003,3645,10107,23613,3595,78,283,10022,7076,234,964,1820,19360,2073,387,13885
967,5956,967.2969651240087,99601,136,63,284,113,82981,46149,1.2964729269786448,61,39,15728,15360,12107,5800,21683,28624,49090,38772,32668,24769,1164,291,999,3645,10066,23659,3594,79,282,9978,7054,234,961,1823,19402,2076,393,13901
968,5956,968.1717089120089,99601,142,65,284,113,82996,46158,1.2967138884147749,56,39,15789,15449,12045,5764,21683,28569,49090,38772,32714,24848,1164,291,992,3643,10028,23704,3594,79,280,9936,7033,234,958,1826,19441,2081,397,13920
969,5956,969.0463346062727,99601,151,68,284,113,83016,46168,1.2970150902099375,53,34,15833,15502,11974,5745,21704,28537,49090,38772,32758,24924,1164,291,990,3644,10000,23740,3592,79,280,9897,7003,234,952,1830,19475,2083,402,13945
970,5956,970.3575209689358,99601,145,62,284,113,83038,46174,1.2972962118854228,56,44,15918,15632,11916,5709,21680,28439,49090,38772,32800,24997,1163,290,988,3645,9977,23777,3589,80,289,9840,6979,234,950,1831,19523,2084,406,13956
971,5956,971.2325352127662,99601,131,68,284,113,83048,46191,1.2975672935010694,56,37,15955,15709,11876,5693,21697,28379,49090,38772,32840,25067,1163,290,984,3646,9953,23816,3585,80,293,9796,6958,234,945,1836,19555,2088,413,13966
972,5956,972.1068117491274,99601,139,68,284,113,83065,46199,1.2978182949970383,51,41,16009,15782,11820,5681,21696,28314,49090,38772,32878,25134,1162,290,983,3643,9932,23846,3585,81,293,9757,6938,234,940,1841,19588,2089,416,13983
973,5956,973.4181493109005,99601,140,74,284,113,83083,46215,1.298159657031556,52,43,16138,15873,11740,5658,21645,28238,49090,38772,32915,25199,1162,290,979,3644,9899,23890,3583,81,298,9726,6912,234,936,1842,19613,2092,419,14001
974,5956,974.294092421212,99601,140,77,284,113,83093,46223,1.2983403781086535,56,42,16201,15942,11684,5633,21634,28192,49090,38772,32950,25261,1162,290,977,3644,9872,23925,3583,81,299,9694,6890,233,934,1842,19640,2094,421,14020
975,5956,975.1703622404765,99601,134,83,284,113,83100,46237,1.2985512193652675,61,31,16274,16023,11624,5611,21622,28138,49090,38772,32983,25321,1160,290,975,3644,9841,23964,3582,83,300,9658,6877,233,931,1843,19671,2096,426,14027
976,5956,976.0471447143588,99601,126,84,284,113,83112,46245,1.2987520205620426,59,25,16333,16097,11582,5596,21615,28084,49090,38772,33015,25378,1159,290,973,3643,9825,23992,3580,84,301,9627,6857,233,929,1843,19695,2098,431,14041
977,5956,977.3632827059057,99601,116,79,284,113,83131,46253,1.299023102177689,64,27,16424,16225,11541,5578,21570,27977,49090,38772,33046,25433,1158,290,969,3645,9809,24028,3578,85,302,9589,6836,233,924,1845,19719,2099,437,14055
978,5956,978.2422780143507,99601,113,80,284,113,83139,46259,1.2991636630154315,73,25,16485,16298,11491,5558,21553,27925,49090,38772,33075,25486,1157,290,964,3645,9785,24060,3578,86,303,9569,6820,233,918,1850,19734,2103,438,14068
979,5956,979.1218151383546,99601,112,84,284,113,83149,46267,1.2993443840925292,74,27,16566,16375,11437,5525,21526,27875,49090,38772,33103,25537,1157,289,962,3645,9769,24082,3578,86,305,9535,6807,233,915,1853,19765,2103,438,14079
980,5956,980.002336403605,99601,115,80,284,113,83164,46276,1.2995853455286595,67,20,16638,16455,11387,5514,21508,27817,49090,38772,33130,25586,1156,289,960,3644,9757,24108,3578,87,305,9504,6788,233,911,1856,19785,2104,444,14092
981,5956,981.3248057803681,99601,119,74,284,113,83183,46281,1.2998263069647895,65,22,16750,16582,11321,5489,21460,27719,49090,38772,33156,25633,1155,289,957,3645,9741,24134,3576,88,310,9481,6761,233,910,1857,19800,2106,448,14110
982,5956,982.2082039887671,99601,115,71,284,113,83195,46286,1.2999969879820483,63,21,16824,16682,11281,5471,21432,27641,49090,38772,33181,25679,1155,289,955,3649,9725,24160,3573,88,310,9454,6747,232,907,1860,19818,2108,452,14119
983,5956,983.0928079722831,99601,111,66,284,113,83210,46290,1.3001877491189848,59,22,16895,16765,11234,5453,21416,27580,49090,38772,33204,25723,1155,289,954,3651,9707,24190,3571,88,314,9431,6724,232,907,1859,19830,2109,455,14135
984,5956,984.0004920301781,99601,112,67,284,113,83225,46298,1.300418670495276,55,19,16950,16874,11204,5431,21394,27495,49090,38772,33226,25765,1153,289,950,3650,9692,24217,3570,90,315,9410,6712,232,904,1862,19842,2112,457,14144
985,5956,985.1710853086171,99601,110,62,284,113,83244,46305,1.3006797120510838,58,22,17073,16994,11153,5412,21321,27396,49090,38772,33248,25806,1153,289,950,3650,9679,24245,3568,90,319,9386,6695,232,902,1860,19857,2112,463,14151
986,5956,986.0602063613759,99601,101,59,284,113,83251,46312,1.3008202728888265,63,21,17155,17086,11117,5394,21279,27326,49090,38772,33269,25845,1152,288,950,3648,9673,24260,3568,91,322,9348,6683,232,900,1862,19889,2112,467,14156
987,5956,987.3972263921704,99601,111,56,284,113,83278,46319,1.3011616349233441,51,22,17264,17207,11072,5374,21217,27227,49090,38772,33289,25883,1150,288,947,3649,9661,24283,3566,93,320,9326,6672,232,899,1863,19901,2115,476,14160
988,5956,988.2908896300056,99601,111,56,284,113,83288,46322,1.301292155701248,51,20,17300,17263,11048,5356,21205,27191,49090,38772,33308,25919,1148,288,945,3649,9647,24303,3565,95,320,9304,6660,232,897,1864,19920,2116,477,14171
989,5956,989.2435703063164,99601,103,53,284,113,83300,46328,1.3014728767783457,56,23,17412,17378,10999,5335,21145,27097,49090,38772,33326,25954,1146,288,943,3647,9631,24331,3565,97,322,9283,6649,231,896,1863,19934,2118,480,14177
990,5956,990.1401849769438,99601,104,49,284,113,83310,46331,1.3016033975562495,57,26,17483,17464,10957,5314,21114,27033,49090,38772,33343,25988,1146,288,941,3646,9616,24352,3564,97,326,9265,6636,231,893,1866,19948,2120,482,14184
991,5956,991.0382623244642,99601,101,53,284,113,83320,46340,1.3017941586931858,56,19,17538,17537,10929,5295,21091,26982,49090,38772,33360,26021,1145,288,938,3644,9609,24367,3562,98,330,9245,6625,231,892,1867,19964,2123,482,14191
992,5956,992.0343387133099,99601,96,55,284,113,83333,46346,1.301984919830122,51,19,17584,17589,10915,5276,21069,26947,49090,38772,33376,26052,1144,288,934,3643,9605,24378,3561,99,330,9224,6617,231,891,1868,19981,2126,487,14194
993,5956,993.3957388333232,99601,96,45,284,113,83354,46357,1.3023062017449625,46,23,17744,17782,10851,5255,20978,26781,49090,38772,33391,26082,1143,288,931,3643,9589,24410,3559,100,331,9206,6605,231,889,1869,19987,2128,498,14194
994,5956,994.2996312872107,99601,88,49,284,113,83364,46365,1.30248692282206,41,19,17818,17839,10823,5245,20945,26734,49090,38772,33406,26111,1143,288,931,3644,9584,24424,3557,100,332,9184,6593,231,884,1872,20003,2128,500,14203
995,5956,995.2681368072663,99601,82,49,284,113,83370,46368,1.3025772833606089,44,19,17889,17913,10795,5229,20905,26676,49090,38772,33420,26139,1143,288,927,3647,9570,24442,3556,100,332,9171,6586,229,884,1872,20013,2131,506,14204
996,5956,996.0318180536303,99601,78,40,284,113,83377,46370,1.3026676438991576,44,21,17978,17997,10758,5217,20857,26611,49090,38772,33434,26166,1142,288,927,3649,9560,24460,3554,101,335,9151,6578,229,883,1873,20025,2131,511,14204
997,5956,997.3964961379816,99601,81,44,284,113,83395,46377,1.3029186453951265,40,20,18106,18130,10720,5196,20768,26496,49090,38772,33447,26192,1140,287,925,3652,9552,24472,3551,103,335,9134,6570,229,882,1874,20039,2133,515,14208
998,5956,998.0280914563581,99601,83,42,284,113,83404,46378,1.303019045993514,36,24,18162,18212,10692,5177,20742,26431,49090,38772,33460,26217,1139,287,924,3653,9542,24482,3550,104,337,9116,6565,229,881,1875,20057,2134,516,14210
999,5956,999.4001145342834,99601,74,41,284,113,83412,46384,1.3031596068312568,43,25,18295,18372,10649,5159,20654,26289,49090,38772,33472,26242,1137,287,924,3652,9533,24501,3548,106,337,9103,6555,229,879,1877,20064,2134,518,14217
1000,5956,1000.3180230757142,99601,80,45,284,113,83424,46390,1.3033403279083544,40,22,18379,18461,10612,5144,20604,26214,49090,38772,33484,26266,1137,287,923,3654,9526,24511,3547,106,337,9089,6546,228,877,1878,20076,2135,519,14225
1001,5956,1001.2382859936234,99601,83,47,284,113,83435,46397,1.3035210489854518,37,18,18468,18542,10574,5126,20553,26153,49090,38772,33495,26289,1134,287,919,3655,9519,24520,3546,109,337,9077,6539,227,876,1879,20087,2139,522,14229
1002,5956,1002.0241471326866,99601,85,43,284,113,83441,46399,1.303601369464162,41,21,18512,18593,10541,5119,20536,26110,49090,38772,33506,26311,1134,287,919,3653,9515,24527,3546,109,337,9061,6532,227,876,1879,20102,2139,528,14230
1003,5956,1003.1980282606876,99601,85,42,284,113,83457,46408,1.3038523709601308,41,21,18648,18716,10503,5103,20438,26004,49090,38772,33517,26332,1133,286,919,3651,9512,24541,3545,110,339,9052,6523,227,872,1879,20108,2139,532,14233
1004,5956,1004.1255778516206,99601,87,41,284,113,83466,46412,1.3039828917380347,41,27,18724,18804,10475,5088,20388,25926,49090,38772,33527,26353,1133,286,919,3650,9503,24555,3545,110,340,9042,6511,227,871,1879,20116,2138,533,14243
1005,5956,1005.0554511771927,99601,86,34,284,113,83475,46415,1.3041033724560998,43,32,18804,18869,10439,5088,20343,25863,49090,38772,33537,26373,1133,286,917,3650,9495,24571,3545,110,343,9029,6503,226,871,1879,20122,2140,537,14244
1006,5956,1006.4543584625352,99601,88,39,284,113,83491,46426,1.3043744540717463,38,34,18920,19007,10402,5062,20267,25744,49090,38772,33546,26392,1133,286,916,3651,9486,24584,3543,110,344,9022,6496,226,868,1881,20127,2141,542,14245
1007,5956,1007.3897600083781,99601,79,43,284,113,83497,46436,1.3045350950291663,44,28,19010,19094,10370,5054,20212,25667,49090,38772,33555,26411,1133,286,914,3651,9485,24595,3541,110,344,9007,6491,226,868,1881,20136,2141,546,14246
1008,5956,1008.3278952357371,99601,74,42,284,113,83502,46440,1.3046254555677153,49,27,19085,19164,10338,5045,20169,25608,49090,38772,33564,26429,1133,286,914,3652,9482,24605,3538,110,343,8995,6485,226,867,1882,20143,2141,549,14250
1009,5956,1009.2679454354302,99601,86,42,284,113,83518,46446,1.3048463368841678,44,23,19156,19252,10313,5028,20116,25541,49090,38772,33572,26446,1133,286,914,3651,9477,24615,3538,110,344,8983,6480,226,865,1882,20153,2141,551,14252
1010,5956,1010.2104458613298,99601,86,43,284,113,83525,46451,1.3049668176022329,42,19,19212,19321,10286,5020,20089,25483,49090,38772,33580,26463,1133,286,914,3649,9468,24629,3538,110,344,8977,6477,226,864,1882,20158,2140,555,14251
1011,5956,1011.0793539255017,99601,75,42,284,113,83529,46454,1.3050370980211041,42,18,19261,19406,10272,5006,20065,25414,49090,38772,33588,26479,1133,286,914,3650,9461,24643,3537,110,344,8965,6474,226,863,1883,20165,2138,559,14250
1012,5956,1012.3640866948726,99601,75,38,284,113,83546,46459,1.305257979337557,33,22,19423,19548,10220,4987,19964,25291,49090,38772,33596,26495,1133,285,913,3653,9457,24655,3536,110,348,8956,6462,224,863,1882,20169,2138,564,14253
1013,5956,1013.313906997808,99601,72,39,284,113,83555,46463,1.3053885001154606,36,22,19500,19636,10185,4968,19922,25221,49090,38772,33603,26510,1132,285,911,3653,9453,24665,3535,111,348,8948,6459,224,860,1884,20174,2139,566,14254
1014,5956,1014.2657530900391,99601,71,42,284,113,83560,46468,1.3054889007138482,37,18,19554,19693,10159,4957,19894,25176,49090,38772,33610,26525,1132,285,911,3653,9450,24670,3534,111,347,8940,6456,224,859,1885,20181,2139,568,14256
1015,5956,1015.1776841962753,99601,64,44,284,113,83562,46472,1.3055491410728808,47,16,19621,19772,10132,4944,19851,25110,49090,38772,33617,26539,1131,285,910,3650,9448,24679,3534,112,347,8936,6449,224,859,1885,20181,2140,570,14261
1016,5956,1016.0297768225207,99601,65,40,284,113,83577,46475,1.3057298621499784,42,22,19735,19881,10090,4928,19783,25015,49090,38772,33624,26553,1130,285,910,3650,9445,24690,3533,113,347,8929,6444,223,859,1885,20182,2140,576,14260
1017,5956,1017.4151373267484,99601,65,43,284,113,83589,46482,1.3059206232869147,39,18,19852,19981,10046,4912,19713,24932,49090,38772,33630,26566,1130,285,909,3651,9436,24704,3532,113,350,8924,6437,223,859,1884,20183,2141,576,14264
1018,5956,1018.3054394218112,99601,68,40,284,113,83600,46484,1.3060511440648186,34,19,19942,20028,10022,4908,19649,24891,49090,38772,33636,26579,1129,285,908,3651,9435,24714,3531,114,350,8915,6435,223,857,1884,20187,2141,577,14265
1019,5956,1019.1801400698506,99601,64,37,284,113,83609,46486,1.306161584723045,35,23,20050,20145,9986,4891,19580,24790,49090,38772,33642,26592,1127,285,908,3654,9429,24723,3528,116,352,8907,6426,223,857,1884,20192,2141,579,14270
1020,5956,1020.127051238219,99601,66,37,284,113,83618,46491,1.3063021455607875,35,23,20120,20248,9951,4880,19543,24698,49090,38772,33648,26604,1127,285,908,3655,9428,24729,3527,116,353,8898,6419,223,857,1884,20196,2141,580,14275
1021,5956,1021.0706720296578,99601,65,42,284,113,83622,46498,1.306412586219014,36,18,20163,20311,9936,4870,19515,24645,49090,38772,33654,26616,1126,285,908,3653,9425,24735,3527,117,354,8893,6412,223,857,1884,20200,2141,581,14280
1022,5956,1022.1082390347651,99601,70,42,284,113,83632,46505,1.3065832672362727,30,16,20267,20396,9901,4863,19447,24569,49090,38772,33659,26628,1125,285,908,3653,9417,24745,3526,118,356,8890,6406,223,856,1884,20203,2141,583,14282
1023,5956,1023.065259564629,99601,69,41,284,113,83642,46510,1.306733868133854,38,17,20379,20501,9858,4848,19371,24479,49090,38772,33664,26639,1124,285,908,3652,9414,24754,3526,119,357,8881,6401,223,856,1884,20207,2141,587,14282
1024,5956,1024.1514097639827,99601,68,40,284,113,83650,46514,1.306854348851919,37,15,20446,20556,9836,4840,19328,24435,49090,38772,33669,26650,1124,284,908,3651,9414,24760,3526,119,359,8874,6396,223,855,1884,20211,2141,589,14283
1025,5956,1025.052355107617,99601,71,41,284,113,83665,46520,1.307065190108533,38,13,20568,20646,9798,4827,19240,24359,49090,38772,33674,26661,1124,284,907,3651,9413,24763,3524,119,364,8865,6389,223,855,1884,20220,2142,594,14280
1026,5956,1026.0974249981064,99601,69,39,284,113,83671,46523,1.3071555506470818,37,11,20626,20719,9774,4818,19209,24299,49090,38772,33679,26671,1124,284,906,3650,9413,24772,3524,119,364,8859,6383,223,855,1884,20219,2143,595,14284
1027,5956,1027.0576388441857,99601,70,35,284,113,83684,46525,1.3073061515446631,33,13,20710,20802,9755,4809,19147,24227,49090,38772,33684,26681,1123,284,906,3648,9408,24784,3524,120,365,8853,6379,223,854,1885,20223,2141,599,14282
1028,5956,1028.05049649641,99601,75,32,284,113,83696,46528,1.3074567524422445,28,15,20781,20890,9724,4804,19107,24145,49090,38772,33689,26691,1123,284,906,3646,9407,24789,3524,120,368,8850,6371,223,853,1885,20225,2141,603,14283
1029,5956,1029.155103498902,99601,73,35,284,113,83713,46534,1.307687673818536,29,15,20905,21027,9692,4784,19016,24025,49090,38772,33693,26700,1122,284,906,3644,9401,24803,3523,121,370,8846,6366,223,852,1886,20224,2141,604,14285
1030,5956,1030.045832156706,99601,79,38,284,113,83725,46539,1.3078583548357947,24,11,20967,21091,9664,4774,18981,23972,49090,38772,33697,26709,1122,283,906,3647,9398,24806,3522,121,371,8844,6358,222,852,1886,20226,2141,605,14291
1031,5956,1031.3987687611568,99601,75,35,284,113,83737,46541,1.3079989156735374,34,15,21032,21179,9642,4772,18932,23885,49090,38772,33701,26718,1120,283,903,3647,9399,24816,3521,123,372,8837,6355,222,852,1885,20226,2142,608,14290
1032,5956,1032.0389832248468,99601,73,30,284,113,83742,46543,1.3080691960924087,30,16,21075,21233,9629,4763,18908,23844,49090,38772,33705,26727,1120,283,902,3645,9396,24827,3521,123,373,8831,6353,222,852,1883,20228,2143,609,14290
1033,5956,1033.271098587417,99601,65,29,284,113,83757,46548,1.3082699972891838,29,18,21207,21386,9605,4745,18809,23708,49090,38772,33709,26735,1120,283,901,3643,9396,24838,3520,123,374,8824,6350,222,852,1883,20230,2141,618,14283
1034,5956,1034.05610695638,99601,67,27,284,113,83763,46550,1.308350317767894,27,16,21240,21426,9593,4739,18788,23678,49090,38772,33713,26743,1120,283,900,3643,9396,24841,3520,123,374,8821,6348,222,849,1886,20231,2141,621,14282
1035,5956,1035.11595752681,99601,69,26,284,113,83771,46555,1.3084808385457978,27,15,21337,21520,9565,4732,18717,23593,49090,38772,33717,26751,1119,283,899,3643,9392,24849,3519,124,375,8819,6344,222,849,1886,20231,2141,623,14283
1036,5956,1036.052345837292,99601,69,26,284,113,83783,46558,1.3086314394433791,19,15,21427,21612,9539,4710,18661,23523,49090,38772,33721,26759,1119,283,898,3641,9391,24858,3519,124,377,8815,6339,222,848,1885,20231,2142,626,14283
1037,5956,1037.2112887047717,99601,61,24,284,113,83788,46562,1.3087217999819278,23,13,21507,21728,9507,4696,18617,23425,49090,38772,33724,26766,1119,283,897,3640,9390,24868,3518,124,378,8809,6338,222,848,1884,20233,2141,628,14281
1038,5956,1038.1603553606033,99601,59,24,284,113,83792,46566,1.308802120460638,26,12,21601,21830,9479,4679,18550,23341,49090,38772,33727,26773,1118,282,896,3642,9382,24876,3517,125,379,8808,6335,222,848,1884,20234,2142,630,14281
1039,5956,1039.347319878872,99601,55,21,284,113,83800,46569,1.3089125611188643,27,12,21726,21980,9440,4652,18467,23221,49090,38772,33730,26780,1118,282,896,3642,9381,24886,3515,125,381,8803,6332,222,846,1884,20234,2142,631,14281
1040,5956,1040.207579884066,99601,53,19,284,113,83807,46571,1.309002921657413,20,12,21784,22068,9427,4642,18431,23145,49090,38772,33733,26787,1118,282,895,3643,9378,24892,3514,124,383,8800,6327,222,846,1884,20235,2143,633,14282
1041,5956,1041.1403266756652,99601,46,23,284,113,83808,46575,1.3090531219566068,22,13,21838,22117,9405,4631,18404,23102,49090,38772,33736,26794,1118,282,894,3643,9375,24898,3513,124,383,8796,6326,222,846,1884,20237,2144,635,14281
1042,5956,1042.3883501195041,99601,47,18,284,113,83813,46577,1.309123402375478,22,13,21949,22245,9357,4617,18340,22993,49090,38772,33739,26801,1118,282,894,3642,9374,24906,3513,124,383,8795,6323,222,845,1884,20235,2142,636,14283
1043,5956,1043.1094393631654,99601,49,19,284,113,83816,46579,1.3091736026746719,26,12,21994,22291,9335,4611,18311,22953,49090,38772,33742,26807,1118,282,894,3642,9372,24909,3513,124,383,8790,6322,222,845,1884,20240,2141,636,14284
1044,5956,1044.0332709204924,99601,45,20,284,113,83821,46582,1.309253923153382,29,10,22056,22369,9312,4600,18273,22887,49090,38772,33745,26813,1117,282,893,3642,9370,24916,3511,125,383,8787,6322,222,845,1884,20240,2142,636,14284
1045,5956,1045.074620605247,99601,46,22,284,113,83832,46584,1.3093844439312858,27,10,22140,22483,9293,4585,18209,22786,49090,38772,33748,26819,1115,282,893,3644,9372,24919,3509,127,383,8783,6319,222,843,1885,20240,2142,636,14287
1046,5956,1046.1043802935571,99601,41,21,284,113,83833,46585,1.3094045240509633,30,13,22202,22561,9278,4571,18164,22720,49090,38772,33751,26825,1115,282,893,3645,9368,24925,3509,126,383,8778,6318,222,843,1885,20243,2142,639,14285
1047,5956,1047.073566707531,99601,40,22,284,113,83837,46589,1.3094848445296734,34,9,22284,22656,9252,4556,18105,22643,49090,38772,33754,26831,1115,281,893,3646,9369,24926,3508,126,384,8776,6312,222,843,1885,20244,2142,640,14289
1048,5956,1048.009288736652,99601,46,24,284,113,83844,46592,1.309585245128061,33,8,22340,22731,9225,4540,18071,22583,49090,38772,33757,26837,1115,281,893,3646,9366,24929,3508,126,384,8772,6312,222,843,1885,20248,2142,640,14289
1049,5956,1049.0453623713015,99601,45,24,284,113,83850,46596,1.3096856457264485,31,8,22434,22850,9190,4525,18015,22479,49090,38772,33760,26842,1115,280,893,3648,9367,24933,3506,126,385,8770,6305,222,843,1885,20246,2142,641,14294
1050,5956,1050.2804451466202,99601,46,24,284,113,83862,46599,1.3098362466240299,20,11,22574,22968,9152,4509,17923,22374,49090,38772,33762,26847,1115,280,892,3647,9366,24939,3506,126,385,8767,6304,222,843,1885,20245,2143,646,14290
1051,5956,1051.33843041179,99601,39,23,284,113,83865,46601,1.3098864469232236,23,17,22666,23070,9131,4495,17856,22281,49090,38772,33764,26852,1114,280,892,3647,9366,24947,3505,127,383,8763,6304,222,842,1885,20244,2143,648,14289
1052,5956,1052.1295369954257,99601,46,25,284,113,83874,46604,1.3100069276412887,16,14,22708,23106,9118,4490,17827,22251,49090,38772,33766,26857,1114,280,892,3647,9366,24948,3504,127,383,8759,6302,222,842,1885,20248,2143,649,14290
1053,5956,1053.3344252297209,99601,44,28,284,113,83877,46611,1.3101073282396762,20,13,22826,23207,9075,4482,17750,22156,49090,38772,33768,26862,1114,280,892,3647,9365,24953,3503,127,383,8755,6301,222,841,1886,20250,2142,650,14290
1054,5956,1054.211588502292,99601,38,24,284,113,83880,46612,1.3101474884790314,21,14,22918,23311,9050,4471,17688,22066,49090,38772,33770,26867,1113,280,890,3646,9367,24961,3503,128,384,8752,6299,222,841,1885,20248,2141,651,14290
1055,5956,1055.0241115557112,99601,34,24,284,113,83884,46614,1.3102077288380638,19,13,22977,23370,9033,4462,17652,22017,49090,38772,33772,26872,1113,280,890,3647,9367,24963,3501,128,385,8749,6295,222,841,1885,20250,2141,651,14293
1056,5956,1056.0040418830745,99601,30,25,284,113,83885,46617,1.310247889077419,21,12,23019,23432,9017,4456,17628,21961,49090,38772,33774,26877,1113,280,889,3647,9366,24966,3501,128,385,8746,6292,222,841,1885,20251,2142,653,14294
1057,5956,1057.3806597779408,99601,33,21,284,113,83894,46618,1.3103482896758065,18,14,23173,23584,8964,4436,17527,21831,49090,38772,33776,26881,1112,280,889,3647,9364,24970,3501,129,387,8742,6290,222,841,1884,20254,2142,656,14291
1058,5956,1058.063302182936,99601,37,19,284,113,83899,46621,1.3104286101545166,14,11,23230,23621,8937,4432,17497,21803,49090,38772,33778,26885,1112,280,889,3646,9362,24977,3501,129,387,8740,6289,222,841,1883,20253,2142,656,14292
1059,5956,1059.001628634925,99601,37,24,284,113,83907,46626,1.3105591309324203,8,7,23317,23726,8915,4419,17438,21710,49090,38772,33780,26889,1112,280,888,3647,9357,24984,3500,129,388,8737,6288,222,841,1883,20254,2143,656,14292
1060,5956,1060.0786723071558,99601,38,19,284,113,83910,46628,1.310609331231614,6,8,23402,23806,8884,4403,17385,21650,49090,38772,33782,26893,1112,280,888,3646,9357,24989,3500,129,389,8733,6287,222,841,1883,20255,2142,658,14290
1061,5956,1061.0209562943364,99601,36,19,284,113,83915,46630,1.3106796116504855,7,10,23484,23905,8856,4384,17332,21568,49090,38772,33784,26897,1112,280,888,3645,9358,24994,3499,129,390,8730,6285,222,841,1883,20255,2141,659,14290
1062,5956,1062.1266087572967,99601,30,16,284,113,83917,46634,1.310739852009518,11,10,23566,23995,8836,4370,17272,21495,49090,38772,33786,26901,1112,280,888,3645,9359,24997,3497,129,392,8728,6282,222,840,1884,20256,2141,660,14289
1063,5956,1063.3368453387818,99601,30,18,284,113,83920,46637,1.3108000923685506,13,8,23653,24093,8804,4358,17215,21409,49090,38772,33788,26905,1112,280,888,3645,9357,25000,3497,129,392,8726,6280,222,840,1884,20257,2141,660,14291
1064,5956,1064.128023546057,99601,28,18,284,113,83920,46638,1.3108101324283892,15,8,23704,24163,8780,4350,17188,21347,49090,38772,33790,26909,1112,280,888,3647,9355,25002,3495,129,393,8724,6277,222,840,1884,20259,2141,660,14293
1065,5956,1065.039683629186,99601,30,19,284,113,83923,46642,1.3108804128472606,16,9,23790,24246,8755,4340,17124,21272,49090,38772,33792,26913,1112,280,888,3648,9351,25006,3494,129,394,8724,6274,222,840,1884,20259,2141,660,14295
1066,5956,1066.0941996796291,99601,30,17,284,113,83926,46643,1.3109205730866156,15,10,23866,24329,8733,4329,17071,21201,49090,38772,33794,26917,1112,280,887,3647,9352,25008,3494,129,395,8721,6272,222,840,1883,20261,2142,662,14294
1067,5956,1067.358555042251,99601,27,20,284,113,83930,46647,1.3110008935653257,12,8,23976,24434,8698,4309,17002,21115,49090,38772,33796,26921,1112,280,887,3647,9351,25012,3494,129,397,8716,6270,222,839,1883,20264,2142,662,14294
1068,5956,1068.0044739614148,99601,28,22,284,113,83932,46649,1.3110410538046806,13,10,24036,24504,8670,4299,16968,21051,49090,38772,33798,26924,1112,280,887,3647,9350,25013,3494,129,397,8712,6269,222,839,1883,20268,2142,662,14295
1069,5956,1069.0503685997767,99601,27,22,284,113,83937,46652,1.3111213742833907,13,13,24115,24602,8642,4286,16918,20963,49090,38772,33800,26927,1112,280,887,3645,9353,25015,3494,129,398,8708,6267,222,839,1883,20270,2142,663,14294
1070,5956,1070.0994543367428,99601,28,21,284,113,83942,46655,1.3112016947621008,12,12,24178,24650,8615,4281,16882,20922,49090,38772,33802,26930,1111,280,887,3644,9354,25020,3494,130,398,8704,6265,222,839,1883,20269,2142,663,14296
1071,5956,1071.1058983520804,99601,29,20,284,113,83946,46660,1.3112920553006495,14,9,24289,24767,8570,4271,16813,20819,49090,38772,33804,26933,1111,280,887,3643,9354,25023,3494,130,399,8703,6263,222,838,1883,20269,2142,668,14292
1072,5956,1072.172008086159,99601,27,15,284,113,83946,46661,1.3113020953604884,15,10,24347,24825,8553,4265,16773,20771,49090,38772,33806,26936,1111,280,887,3643,9351,25028,3494,130,399,8702,6262,222,838,1883,20268,2142,672,14289
1073,5956,1073.1510258323067,99601,22,15,284,113,83950,46663,1.311362335719521,15,10,24436,24911,8533,4253,16709,20697,49090,38772,33808,26939,1110,279,887,3641,9353,25032,3494,131,399,8700,6261,222,838,1883,20267,2142,672,14290
1074,5956,1074.1477424217694,99601,25,14,284,113,83953,46665,1.3114125360187148,13,9,24501,24969,8511,4244,16665,20650,49090,38772,33809,26942,1110,279,887,3641,9352,25036,3494,131,399,8700,6258,222,838,1882,20265,2142,672,14293
1075,5956,1075.1123447980333,99601,20,15,284,113,83955,46668,1.3114627363179086,15,9,24571,25066,8492,4233,16617,20563,49090,38772,33810,26945,1110,279,886,3641,9350,25043,3494,131,399,8699,6258,221,838,1881,20264,2142,673,14292
1076,5956,1076.0163029728794,99601,21,17,284,113,83959,46671,1.3115330167367798,12,8,24652,25135,8467,4227,16563,20499,49090,38772,33811,26948,1109,279,886,3640,9351,25044,3494,132,399,8697,6257,221,838,1881,20265,2142,674,14292
1077,5956,1077.0589221850146,99601,16,17,284,113,83960,46673,1.3115631369162961,13,8,24727,25229,8448,4208,16511,20424,49090,38772,33812,26951,1109,279,885,3640,9351,25047,3494,132,399,8692,6257,221,838,1881,20267,2143,675,14291
1078,5956,1078.00952337569,99601,15,16,284,113,83961,46676,1.311603297155651,15,6,24795,25300,8426,4195,16464,20369,49090,38772,33813,26954,1109,279,885,3642,9351,25049,3492,132,399,8691,6255,221,837,1880,20268,2143,675,14293
1079,5956,1079.0976384739627,99601,13,14,284,113,83964,46679,1.3116635375146837,13,4,24874,25411,8399,4170,16416,20287,49090,38772,33814,26957,1109,279,884,3640,9353,25052,3492,132,399,8689,6254,221,837,1880,20267,2144,677,14292
1080,5956,1080.1135222168236,99601,14,9,284,113,83967,46679,1.3116936576941998,12,5,24945,25482,8370,4159,16374,20231,49090,38772,33815,26960,1109,279,884,3639,9355,25054,3492,132,400,8685,6253,221,837,1880,20268,2144,677,14292
1081,5956,1081.1317072294719,99601,17,8,284,113,83973,46680,1.3117639381130712,6,5,25019,25569,8347,4144,16326,20160,49090,38772,33816,26963,1109,279,883,3640,9355,25055,3491,132,400,8685,6251,221,837,1880,20268,2144,679,14292
1082,5956,1082.0915233688456,99601,15,7,284,113,83974,46681,1.3117840182327487,6,5,25091,25627,8319,4137,16284,20110,49090,38772,33817,26966,1108,279,882,3641,9355,25056,3490,133,401,8684,6249,221,837,1880,20269,2144,679,14293
1083,5956,1083.359615404545,99601,12,8,284,113,83975,46682,1.3118040983524262,5,4,25205,25743,8288,4120,16205,20011,49090,38772,33818,26969,1108,279,882,3640,9356,25057,3490,133,401,8682,6247,221,837,1880,20270,2144,679,14295
1084,5956,1084.1560068333865,99601,11,8,284,113,83977,46683,1.3118342185319425,3,7,25303,25817,8256,4111,16142,19943,49090,38772,33819,26971,1108,279,882,3640,9354,25059,3490,133,401,8681,6246,221,837,1880,20271,2144,680,14295
1085,5956,1085.1397083674096,99601,12,9,284,113,83978,46684,1.31185429865162,3,6,25397,25913,8214,4094,16089,19864,49090,38772,33820,26973,1108,279,882,3640,9354,25059,3490,133,401,8680,6245,221,837,1880,20272,2144,680,14296
1086,5956,1086.3302996882205,99601,11,7,284,113,83978,46684,1.31185429865162,3,7,25486,25967,8184,4080,16031,19825,49090,38772,33821,26975,1108,279,882,3640,9353,25062,3490,133,401,8680,6244,221,837,1880,20270,2144,681,14296
1087,5956,1087.1260501189531,99601,12,10,284,113,83979,46687,1.311894458890975,2,4,25536,26030,8168,4073,15997,19769,49090,38772,33822,26977,1108,279,882,3640,9353,25062,3490,133,401,8679,6243,221,837,1880,20271,2144,681,14297
1088,5956,1088.1664247780227,99601,11,7,284,113,83982,46688,1.31193461913033,0,3,25618,26111,8143,4067,15943,19698,49090,38772,33823,26979,1107,279,882,3640,9353,25064,3490,134,402,8676,6242,221,837,1880,20272,2144,682,14296
1089,5956,1089.3142537858682,99601,10,8,284,113,83982,46689,1.3119446591901687,0,3,25728,26224,8117,4054,15860,19597,49090,38772,33824,26981,1107,279,881,3640,9353,25064,3490,134,402,8676,6241,221,837,1880,20272,2145,682,14297
1090,5956,1090.052686223662,99601,10,9,284,113,83982,46690,1.3119546992500075,0,2,25757,26249,8105,4050,15843,19576,49090,38772,33825,26983,1107,279,881,3640,9353,25064,3490,134,402,8675,6239,221,837,1880,20273,2145,682,14299
1091,5956,1091.1579959276883,99601,10,9,284,113,83982,46690,1.3119546992500075,1,4,25876,26369,8054,4027,15774,19477,49090,38772,33826,26985,1107,279,881,3640,9351,25066,3490,134,402,8675,6239,221,837,1880,20273,2145,682,14299
1092,5956,1092.0559907457175,99601,9,8,284,113,83982,46690,1.3119546992500075,1,4,25914,26416,8041,4017,15750,19441,49090,38772,33827,26987,1107,279,880,3640,9350,25067,3490,134,403,8673,6238,221,837,1880,20275,2146,682,14299
1093,5956,1093.2598337767902,99601,6,6,284,113,83982,46690,1.3119546992500075,3,5,25986,26506,8016,4003,15704,19366,49090,38772,33828,26989,1107,279,880,3639,9351,25068,3490,134,403,8671,6236,221,837,1880,20276,2146,683,14300
1094,5956,1094.1658784024228,99601,4,5,284,113,83982,46692,1.311974779369685,3,3,26091,26589,7983,3993,15634,19296,49090,38772,33829,26991,1107,279,880,3639,9351,25069,3490,134,404,8671,6233,221,837,1879,20276,2146,686,14299
