,indexID,time,N,Inf_L,Inf_H,Dead_L,Dead_H,cum_cases_L,cum_cases_H,cum_sum_per_N,Exposed_L,Exposed_H,Sus_L,Sus_H,Rec_nat_L,Rec_nat_H,Rec_vax_L,Rec_vax_H,vaccinatedH,vaccinatedL,boostedH,boostedL,count_Naive,count_Delta,count_Delta_vaccine,count_two,count_three,count_four,count_Omicron,count_Omicron_star,count_Omicron_star_vaccine,count_Omicron_vaccine,count_Vaccine,count_WT,count_WT_vaccine,count_WT_vaccine_boost,count_Omicron_vaccine_boost,count_Delta_vaccine_boost,count_Omicron_star_vaccine_boost,count_Vaccine_boost
0,2835,1.2677208052735522,99996,9,2,0,0,9,2,0.00011000440017600704,18,24,49971,49972,0,0,0,0,0,0,0,0,99996,0,0,0,0,0,0,0,0,0,0,0,0,0,0,0,0,0
1,2835,2.115539942836345,99996,9,7,0,0,11,7,0.00018000720028801153,16,19,49971,49972,2,0,0,0,0,0,0,0,99994,0,0,0,0,0,0,0,0,0,0,2,0,0,0,0,0,0
2,2835,3.0122736977016142,99996,8,8,0,0,12,10,0.00022000880035201407,17,16,49969,49972,4,2,0,0,0,0,0,0,99990,0,0,0,0,0,0,0,0,0,0,6,0,0,0,0,0,0
3,2835,4.046196037358548,99996,11,11,0,0,18,16,0.00034001360054402175,14,14,49966,49968,7,5,0,0,0,0,0,0,99984,0,0,0,0,0,0,0,0,0,0,12,0,0,0,0,0,0
4,2835,5.005134533615847,99996,10,10,0,0,20,20,0.0004000160006400256,14,12,49964,49966,10,10,0,0,0,0,0,0,99976,0,0,0,0,0,0,0,0,0,0,20,0,0,0,0,0,0
5,2835,6.0650890364964525,99996,11,10,0,0,23,22,0.0004500180007200288,12,10,49965,49968,10,10,0,0,0,0,0,0,99972,0,0,0,0,0,0,0,0,0,0,24,0,0,0,0,0,0
6,2835,7.014692113762863,99996,12,9,0,0,26,24,0.000500020000800032,9,10,49965,49966,12,13,0,0,0,0,0,0,99967,0,0,0,0,0,0,0,0,0,0,29,0,0,0,0,0,0
7,2835,8.001680923325623,99996,14,7,0,0,28,24,0.0005200208008320333,9,13,49963,49963,12,15,0,0,0,0,0,0,99965,0,0,0,0,0,0,0,0,0,0,31,0,0,0,0,0,0
8,2835,9.038263875850454,99996,12,9,0,0,30,27,0.0005700228009120365,9,12,49961,49961,16,16,0,0,0,0,0,0,99960,0,0,0,0,0,0,0,0,0,0,36,0,0,0,0,0,0
9,2835,10.01090142727809,99996,11,11,0,0,30,29,0.0005900236009440378,11,11,49959,49960,17,16,0,0,0,0,0,0,99959,0,0,0,0,0,0,0,0,0,0,37,0,0,0,0,0,0
10,2835,11.020451789784945,99996,11,11,0,0,32,31,0.0006300252010080403,13,14,49955,49955,19,18,0,0,0,0,0,0,99955,0,0,0,0,0,0,0,0,0,0,41,0,0,0,0,0,0
11,2835,12.032974464017926,99996,13,13,0,0,36,34,0.0007000280011200448,9,12,49955,49954,21,19,0,0,0,0,0,0,99952,0,0,0,0,0,0,0,0,0,0,44,0,0,0,0,0,0
12,2835,13.055311326061934,99996,14,13,0,0,42,37,0.0007900316012640506,7,9,49951,49954,26,22,0,0,0,0,0,0,99944,0,0,0,0,0,0,0,0,0,0,52,0,0,0,0,0,0
13,2835,14.0220243582749,99996,11,16,0,0,45,42,0.0008700348013920557,8,6,49947,49952,32,24,0,0,0,0,0,0,99936,0,0,0,0,0,0,0,0,0,0,60,0,0,0,0,0,0
14,2835,15.227765899433672,99996,11,14,0,0,46,44,0.0009000360014400576,11,4,49943,49952,33,28,0,0,0,0,0,0,99931,0,0,0,0,0,0,0,0,0,0,65,0,0,0,0,0,0
15,2835,16.273938252903626,99996,9,10,0,0,47,44,0.0009100364014560582,11,5,49942,49951,36,32,0,0,0,0,0,0,99924,0,0,0,0,0,0,0,0,0,0,72,0,0,0,0,0,0
16,2835,17.31883870973761,99996,8,8,0,0,49,45,0.0009400376015040601,12,5,49941,49950,37,35,0,0,0,0,0,0,99918,0,0,0,0,0,0,0,0,0,0,78,0,0,0,0,0,0
17,2835,18.206750147084296,99996,11,9,0,0,53,46,0.0009900396015840634,8,5,49941,49949,38,35,0,0,0,0,0,0,99917,0,0,0,0,0,0,0,0,0,0,79,0,0,0,0,0,0
18,2835,19.08801525186585,99996,13,9,0,0,56,48,0.0010400416016640667,6,4,49940,49949,39,36,0,0,0,0,0,0,99914,0,0,0,0,0,0,0,0,0,0,82,0,0,0,0,0,0
19,2835,20.071861798764967,99996,14,9,0,0,58,50,0.001080043201728069,6,3,49938,49949,40,37,0,0,0,0,0,0,99911,0,0,0,0,0,0,0,0,0,0,85,0,0,0,0,0,0
20,2835,21.10398162119982,99996,15,5,0,0,59,50,0.0010900436017440697,7,5,49936,49947,40,41,0,0,0,0,0,0,99907,0,0,0,0,0,0,0,0,0,0,89,0,0,0,0,0,0
21,2835,22.232052460891104,99996,14,5,0,0,60,50,0.0011000440017600705,6,6,49936,49947,42,40,0,0,0,0,0,0,99905,0,0,0,0,0,0,0,0,0,0,91,0,0,0,0,0,0
22,2835,23.042784579921218,99996,14,7,0,0,60,53,0.0011300452018080723,10,3,49933,49947,41,41,0,0,0,0,0,0,99904,0,0,0,0,0,0,0,0,0,0,92,0,0,0,0,0,0
23,2835,24.027635434544965,99996,12,7,0,0,63,53,0.0011600464018560743,10,3,49930,49947,46,41,0,0,0,0,0,0,99899,0,0,0,0,0,0,0,0,0,0,97,0,0,0,0,0,0
24,2835,25.032186881049146,99996,13,8,0,0,64,54,0.0011800472018880755,13,2,49926,49947,46,41,0,0,0,0,0,0,99899,0,0,0,0,0,0,0,0,0,0,97,0,0,0,0,0,0
25,2835,26.21425562410344,99996,16,8,0,0,68,54,0.0012200488019520781,11,2,49924,49947,47,41,0,0,0,0,0,0,99898,0,0,0,0,0,0,0,0,0,0,98,0,0,0,0,0,0
26,2835,27.02502354541788,99996,18,6,0,0,71,54,0.00125005000200008,12,3,49920,49946,48,43,0,0,0,0,0,0,99895,0,0,0,0,0,0,0,0,0,0,101,0,0,0,0,0,0
27,2835,28.21159842173159,99996,12,7,0,0,73,55,0.001280051202048082,15,2,49915,49946,56,43,0,0,0,0,0,0,99887,0,0,0,0,0,0,0,0,0,0,109,0,0,0,0,0,0
28,2835,29.04413527759948,99996,13,6,0,0,75,55,0.0013000520020800832,13,3,49915,49945,57,44,0,0,0,0,0,0,99885,0,0,0,0,0,0,0,0,0,0,111,0,0,0,0,0,0
29,2835,30.14438752324475,99996,18,6,0,0,80,55,0.0013500540021600864,9,6,49914,49942,57,44,0,0,0,0,0,0,99885,0,0,0,0,0,0,0,0,0,0,111,0,0,0,0,0,0
30,2835,31.044142648555137,99996,15,6,0,0,80,56,0.001360054402176087,13,5,49910,49942,60,45,0,0,0,0,0,0,99881,0,0,0,0,0,0,0,0,0,0,115,0,0,0,0,0,0
31,2835,32.02243915079383,99996,16,7,0,0,83,58,0.0014100564022560902,13,3,49907,49942,62,46,0,0,0,0,0,0,99878,0,0,0,0,0,0,0,0,0,0,118,0,0,0,0,0,0
32,2835,33.14091266260625,99996,16,6,0,0,86,59,0.0014500580023200928,12,2,49905,49942,65,48,0,0,0,0,0,0,99873,0,0,0,0,0,0,0,0,0,0,123,0,0,0,0,0,0
33,2835,34.11958711746617,99996,18,7,0,0,90,60,0.001500060002400096,11,3,49903,49940,66,48,0,0,0,0,0,0,99871,0,0,0,0,0,0,0,0,0,0,125,0,0,0,0,0,0
34,2835,35.13928918530742,99996,17,6,0,0,90,61,0.0015100604024160967,13,3,49901,49939,67,50,0,0,0,0,0,0,99868,0,0,0,0,0,0,0,0,0,0,128,0,0,0,0,0,0
35,2835,36.11602808508937,99996,22,5,0,0,96,61,0.0015700628025121005,12,4,49896,49938,68,51,0,0,0,0,0,0,99866,0,0,0,0,0,0,0,0,0,0,130,0,0,0,0,0,0
36,2835,37.19792895998224,99996,21,6,0,0,101,62,0.0016300652026081043,11,6,49892,49935,74,51,0,0,0,0,0,0,99860,0,0,0,0,0,0,0,0,0,0,136,0,0,0,0,0,0
37,2835,38.02946952703591,99996,19,7,0,0,103,63,0.0016600664026561063,10,5,49893,49935,76,51,0,0,0,0,0,0,99856,0,0,0,0,0,0,0,0,0,0,140,0,0,0,0,0,0
38,2835,39.05872390887968,99996,17,8,0,0,106,64,0.0017000680027201088,11,10,49889,49929,81,51,0,0,0,0,0,0,99851,0,0,0,0,0,0,0,0,0,0,145,0,0,0,0,0,0
39,2835,40.04504160389021,99996,16,10,0,0,107,68,0.001750070002800112,14,8,49886,49927,82,53,0,0,0,0,0,0,99847,0,0,0,0,0,0,0,0,0,0,149,0,0,0,0,0,0
40,2835,41.13965356507292,99996,15,8,0,0,107,68,0.001750070002800112,16,9,49884,49926,83,55,0,0,0,0,0,0,99844,0,0,0,0,0,0,0,0,0,0,152,0,0,0,0,0,0
41,2835,42.016751005294815,99996,15,9,0,0,110,70,0.0018000720028801152,14,8,49883,49925,86,56,0,0,0,0,0,0,99840,0,0,0,0,0,0,0,0,0,0,156,0,0,0,0,0,0
42,2835,43.01670856162981,99996,19,7,0,0,116,71,0.0018700748029921196,13,8,49878,49924,88,59,0,0,0,0,0,0,99835,0,0,0,0,0,0,0,0,0,0,161,0,0,0,0,0,0
43,2835,44.20174090546468,99996,20,6,0,0,122,71,0.0019300772030881235,14,8,49871,49924,93,60,0,0,0,0,0,0,99829,0,0,0,0,0,0,0,0,0,0,167,0,0,0,0,0,0
44,2835,45.11397105967559,99996,21,7,0,0,124,72,0.0019600784031361253,13,8,49871,49923,93,60,0,0,0,0,0,0,99828,0,0,0,0,0,0,0,0,0,0,168,0,0,0,0,0,0
45,2835,46.00339235537755,99996,21,11,0,0,127,77,0.0020400816032641305,13,6,49869,49920,95,61,0,0,0,0,0,0,99824,0,0,0,0,0,0,0,0,0,0,172,0,0,0,0,0,0
46,2835,47.13523353144976,99996,24,11,0,0,132,79,0.002110084403376135,12,5,49865,49920,97,62,0,0,0,0,0,0,99820,0,0,0,0,0,0,0,0,0,0,176,0,0,0,0,0,0
47,2835,48.02961975817657,99996,27,12,0,0,135,81,0.002160086403456138,10,5,49864,49918,97,63,0,0,0,0,0,0,99819,0,0,0,0,0,0,0,0,0,0,177,0,0,0,0,0,0
48,2835,49.15694499561802,99996,23,13,0,0,139,84,0.0022300892035681426,8,4,49862,49916,105,65,0,0,0,0,0,0,99809,0,0,0,0,0,0,0,0,0,0,187,0,0,0,0,0,0
49,2835,50.18290906651274,99996,22,12,0,0,142,85,0.0022700908036321454,9,6,49860,49913,107,67,0,0,0,0,0,0,99803,0,0,0,0,0,0,0,0,0,0,193,0,0,0,0,0,0
50,2835,51.07593415399486,99996,21,11,0,0,143,87,0.002300092003680147,9,5,49859,49913,109,69,0,0,0,0,0,0,99798,0,0,0,0,0,0,0,0,0,0,198,0,0,0,0,0,0
51,2835,52.092560581661154,99996,18,11,0,0,146,88,0.00234009360374415,10,5,49857,49912,113,70,0,0,0,0,0,0,99791,0,0,0,0,0,0,0,0,0,0,205,0,0,0,0,0,0
52,2835,53.028934769386304,99996,15,12,0,0,148,89,0.002370094803792152,9,4,49856,49912,118,70,0,0,0,0,0,0,99786,0,0,0,0,0,0,0,0,0,0,210,0,0,0,0,0,0
53,2835,54.15643033310826,99996,16,11,0,0,151,90,0.0024100964038561543,9,6,49853,49909,120,72,0,0,0,0,0,0,99782,0,0,0,0,0,0,0,0,0,0,214,0,0,0,0,0,0
54,2835,55.145045497826445,99996,14,8,0,0,152,91,0.0024300972038881555,11,6,49852,49909,121,75,0,0,0,0,0,0,99775,0,0,0,0,0,0,0,0,0,0,221,0,0,0,0,0,0
55,2835,56.211724970444564,99996,16,10,0,0,155,94,0.0024900996039841595,9,6,49852,49906,121,76,0,0,0,0,0,0,99773,0,0,0,0,0,0,0,0,0,0,223,0,0,0,0,0,0
56,2835,57.06675193668034,99996,19,8,0,0,160,96,0.002560102404096164,8,4,49848,49906,123,80,0,0,0,0,0,0,99767,0,0,0,0,0,0,0,0,0,0,229,0,0,0,0,0,0
57,2835,58.10688232122546,99996,16,6,0,0,160,98,0.002580103204128165,11,3,49845,49906,126,83,0,0,0,0,0,0,99760,0,0,0,0,0,0,0,0,0,0,236,0,0,0,0,0,0
58,2835,59.08295339025444,99996,21,6,0,0,166,99,0.0026501060042401696,9,4,49842,49904,126,84,0,0,0,0,0,0,99758,0,0,0,0,0,0,0,0,0,0,238,0,0,0,0,0,0
59,2835,60.266222716874175,99996,16,6,0,0,167,99,0.0026601064042561704,12,4,49839,49904,131,84,0,0,0,0,0,0,99752,0,0,0,0,0,0,0,0,0,0,244,0,0,0,0,0,0
60,2835,61.089384268828155,99996,16,5,0,0,169,99,0.0026801072042881716,13,5,49836,49903,133,85,0,0,0,0,0,0,99749,0,0,0,0,0,0,0,0,0,0,247,0,0,0,0,0,0
61,2835,62.18295152858635,99996,21,6,0,0,177,100,0.0027701108044321772,7,7,49834,49901,136,84,0,0,0,0,0,0,99746,0,0,0,0,0,0,0,0,0,0,250,0,0,0,0,0,0
62,2835,63.03425796064697,99996,21,7,0,0,177,101,0.002780111204448178,10,6,49832,49901,135,84,0,0,0,0,0,0,99746,0,0,0,0,0,0,0,0,0,0,250,0,0,0,0,0,0
63,2835,64.27210714076999,99995,21,9,1,0,182,105,0.002870143507175359,9,5,49828,49898,139,86,0,0,0,0,0,0,99739,0,0,0,0,0,0,0,0,0,0,256,0,0,0,0,0,0
64,2835,65.01921303978067,99995,19,7,1,0,183,105,0.00288014400720036,11,8,49825,49895,142,88,0,0,0,0,0,0,99734,0,0,0,0,0,0,0,0,0,0,261,0,0,0,0,0,0
65,2835,66.03096133262274,99995,18,10,1,0,186,108,0.0029401470073503674,11,9,49823,49891,145,88,0,0,0,0,0,0,99730,0,0,0,0,0,0,0,0,0,0,265,0,0,0,0,0,0
66,2835,67.04549248052032,99995,19,11,1,0,189,112,0.0030101505075253764,12,5,49821,49892,145,90,0,0,0,0,0,0,99725,0,0,0,0,0,0,0,0,0,0,270,0,0,0,0,0,0
67,2835,68.05230650449974,99995,19,8,1,0,191,114,0.0030501525076253814,14,5,49817,49891,147,94,0,0,0,0,0,0,99718,0,0,0,0,0,0,0,0,0,0,277,0,0,0,0,0,0
68,2835,69.01008858796207,99995,18,8,1,0,192,114,0.0030601530076503824,18,6,49814,49890,147,94,0,0,0,0,0,0,99716,0,0,0,0,0,0,0,0,0,0,279,0,0,0,0,0,0
69,2835,70.13999741665711,99995,21,11,1,0,198,118,0.003160158007900395,17,4,49810,49888,149,95,0,0,0,0,0,0,99712,0,0,0,0,0,0,0,0,0,0,283,0,0,0,0,0,0
70,2835,71.12580008338512,99995,20,10,1,0,202,120,0.0032201610080504024,17,3,49807,49887,153,98,0,0,0,0,0,0,99704,0,0,0,0,0,0,0,0,0,0,291,0,0,0,0,0,0
71,2835,72.17931340664657,99995,22,7,1,0,208,120,0.00328016400820041,13,6,49806,49885,156,100,0,0,0,0,0,0,99697,0,0,0,0,0,0,0,0,0,0,298,0,0,0,0,0,0
72,2835,73.16849671958623,99995,19,5,1,0,209,120,0.0032901645082254113,15,7,49803,49885,160,101,0,0,0,0,0,0,99691,0,0,0,0,0,0,0,0,0,0,304,0,0,0,0,0,0
73,2835,74.11030149379364,99995,25,7,1,0,217,122,0.003390169508475424,9,5,49803,49885,160,101,0,0,0,0,0,0,99689,0,0,0,0,0,0,0,0,0,0,306,0,0,0,0,0,0
74,2835,75.00654254903434,99995,23,8,1,0,220,125,0.0034501725086254313,9,2,49802,49885,163,103,0,0,0,0,0,0,99682,0,0,0,0,0,0,0,0,0,0,313,0,0,0,0,0,0
75,2835,76.02038700249742,99995,17,5,1,0,221,125,0.0034601730086504323,8,2,49802,49885,170,106,0,0,0,0,0,0,99672,0,0,0,0,0,0,0,0,0,0,323,0,0,0,0,0,0
76,2835,77.09589409879773,99995,13,5,1,0,221,126,0.003470173508675434,10,5,49801,49883,173,105,0,0,0,0,0,0,99667,0,0,0,0,0,0,0,0,0,0,328,0,0,0,0,0,0
77,2835,78.22852102758847,99995,11,5,1,0,222,127,0.0034901745087254363,11,4,49799,49883,176,106,0,0,0,0,0,0,99663,0,0,0,0,0,0,0,0,0,0,332,0,0,0,0,0,0
78,2835,79.09863928212735,99995,14,6,1,0,226,128,0.0035401770088504423,7,4,49799,49883,177,105,0,0,0,0,0,0,99662,0,0,0,0,0,0,0,0,0,0,333,0,0,0,0,0,0
79,2835,80.12112675243993,99995,15,7,1,0,227,129,0.003560178008900445,9,4,49797,49882,176,105,0,0,0,0,0,0,99662,0,0,0,0,0,0,0,0,0,0,333,0,0,0,0,0,0
80,2835,81.2390060673231,99995,14,9,1,0,229,132,0.0036101805090254513,8,2,49797,49883,178,104,0,0,0,0,0,0,99658,0,0,0,0,0,0,0,0,0,0,337,0,0,0,0,0,0
81,2835,82.02075250323168,99995,12,10,1,0,232,133,0.0036501825091254563,6,2,49798,49882,181,104,0,0,0,0,0,0,99653,0,0,0,0,0,0,0,0,0,0,342,0,0,0,0,0,0
82,2835,83.0745700539103,99995,13,6,1,0,235,133,0.00368018400920046,5,2,49797,49882,182,108,0,0,0,0,0,0,99647,0,0,0,0,0,0,0,0,0,0,348,0,0,0,0,0,0
83,2835,84.02211132352734,99995,15,5,1,0,239,134,0.0037301865093254663,3,1,49795,49883,184,109,0,0,0,0,0,0,99643,0,0,0,0,0,0,0,0,0,0,352,0,0,0,0,0,0
84,2835,85.01407477425077,99995,14,5,1,0,239,134,0.0037301865093254663,6,3,49793,49881,184,109,0,0,0,0,0,0,99642,0,0,0,0,0,0,0,0,0,0,353,0,0,0,0,0,0
85,2835,86.10903787785404,99995,12,5,1,0,240,135,0.0037501875093754688,7,2,49792,49881,186,110,0,0,0,0,0,0,99638,0,0,0,0,0,0,0,0,0,0,357,0,0,0,0,0,0
86,2835,87.13920302177073,99995,15,6,1,0,243,136,0.0037901895094754738,4,1,49793,49881,185,110,0,0,0,0,0,0,99638,0,0,0,0,0,0,0,0,0,0,357,0,0,0,0,0,0
87,2835,88.16232878002452,99995,13,5,1,0,243,136,0.0037901895094754738,5,3,49792,49880,187,110,0,0,0,0,0,0,99635,0,0,0,0,0,0,0,0,0,0,360,0,0,0,0,0,0
88,2835,89.25650329719764,99995,16,6,1,0,247,138,0.0038501925096254812,2,2,49792,49879,187,111,0,0,0,0,0,0,99633,0,0,0,0,0,0,0,0,0,0,362,0,0,0,0,0,0
89,2835,90.03048378979078,99995,16,6,1,0,249,139,0.003880194009700485,2,1,49790,49880,189,111,0,0,0,0,0,0,99630,0,0,0,0,0,0,0,0,0,0,365,0,0,0,0,0,0
90,2835,91.1629020335762,99995,15,5,1,0,249,139,0.003880194009700485,4,1,49790,49880,188,112,0,0,0,0,0,0,99628,0,0,0,0,0,0,0,0,0,0,367,0,0,0,0,0,0
91,2835,92.04533847641557,99995,14,5,1,0,250,139,0.0038901945097254862,7,1,49788,49880,188,112,0,0,0,0,0,0,99626,0,0,0,0,0,0,0,0,0,0,369,0,0,0,0,0,0
92,2835,93.07928083238389,99995,12,4,1,0,251,139,0.0039001950097504877,7,2,49789,49880,189,112,0,0,0,0,0,0,99622,0,0,0,0,0,0,0,0,0,0,373,0,0,0,0,0,0
93,2835,94.01382234096002,99995,13,4,1,0,254,140,0.003940197009850492,7,2,49786,49879,191,113,0,0,0,0,0,0,99619,0,0,0,0,0,0,0,0,0,0,376,0,0,0,0,0,0
94,2835,95.05464828816022,99995,16,3,1,0,257,141,0.003980199009950497,8,1,49783,49879,190,115,0,0,0,0,0,0,99617,0,0,0,0,0,0,0,0,0,0,378,0,0,0,0,0,0
95,2835,96.0646207290557,99995,13,3,1,0,258,141,0.003990199509975499,9,1,49781,49880,194,114,0,0,0,0,0,0,99613,0,0,0,0,0,0,0,0,0,0,382,0,0,0,0,0,0
96,2835,97.09899042065715,99995,14,3,1,0,262,142,0.004040202010100505,7,1,49779,49880,197,114,0,0,0,0,0,0,99609,0,0,0,0,0,0,0,0,0,0,386,0,0,0,0,0,0
97,2835,98.00634244613498,99995,15,3,1,0,265,142,0.004070203510175509,4,2,49780,49879,198,114,0,0,0,0,0,0,99607,0,0,0,0,0,0,0,0,0,0,388,0,0,0,0,0,0
98,2835,99.32816480844538,99995,14,2,1,0,265,143,0.00408020401020051,4,2,49782,49879,197,115,0,0,0,0,0,0,99604,0,0,0,0,0,0,0,0,0,0,391,0,0,0,0,0,0
99,2835,100.18547582930474,99995,14,2,1,0,266,143,0.004090204510225511,5,2,49783,49879,195,115,0,0,0,0,0,0,99603,0,0,0,0,0,0,0,0,0,0,392,0,0,0,0,0,0
100,2835,101.31633057402722,99995,14,3,1,0,267,144,0.004110205510275514,7,3,49780,49878,196,114,0,0,0,0,0,0,99602,0,0,0,0,0,0,0,0,0,0,393,0,0,0,0,0,0
101,2835,102.24115177308029,99995,15,3,1,0,270,144,0.004140207010350517,4,4,49781,49877,197,114,0,0,0,0,0,0,99600,0,0,0,0,0,0,0,0,0,0,395,0,0,0,0,0,0
102,2835,103.1253756097661,99995,14,4,1,0,272,146,0.004180209010450522,3,4,49780,49875,200,115,0,0,0,0,0,0,99596,0,0,0,0,0,0,0,0,0,0,399,0,0,0,0,0,0
103,2835,104.08374889859968,99995,13,3,1,0,273,146,0.004190209510475524,2,5,49782,49874,200,116,0,0,0,0,0,0,99593,0,0,0,0,0,0,0,0,0,0,402,0,0,0,0,0,0
104,2835,105.09010443073713,99995,13,2,1,0,273,146,0.004190209510475524,4,7,49780,49872,200,117,0,0,0,0,0,0,99592,0,0,0,0,0,0,0,0,0,0,403,0,0,0,0,0,0
105,2835,106.00600402226999,99995,11,4,1,0,273,148,0.004210210510525526,4,6,49781,49871,201,117,0,0,0,0,0,0,99590,0,0,0,0,0,0,0,0,0,0,405,0,0,0,0,0,0
106,2835,107.19371261582958,99995,10,6,1,0,275,150,0.004250212510625531,4,4,49779,49871,204,117,0,0,0,0,0,0,99587,0,0,0,0,0,0,0,0,0,0,408,0,0,0,0,0,0
107,2835,108.07710239227048,99995,11,6,1,0,278,152,0.004300215010750537,3,4,49777,49869,206,119,0,0,0,0,0,0,99583,0,0,0,0,0,0,0,0,0,0,412,0,0,0,0,0,0
108,2835,109.0022195401746,99995,10,7,1,0,279,153,0.00432021601080054,2,4,49780,49868,205,119,0,0,0,0,0,0,99581,0,0,0,0,0,0,0,0,0,0,414,0,0,0,0,0,0
109,2835,110.08071253540275,99995,5,5,1,0,279,153,0.00432021601080054,2,5,49781,49867,209,121,0,0,0,0,0,0,99574,0,0,0,0,0,0,0,0,0,0,421,0,0,0,0,0,0
110,2835,111.15479932332002,99995,5,8,1,0,280,157,0.004370218510925546,2,1,49780,49867,210,122,0,0,0,0,0,0,99572,0,0,0,0,0,0,0,0,0,0,423,0,0,0,0,0,0
111,2835,112.06762936406355,99995,8,8,1,0,283,158,0.004410220511025551,0,0,49779,49869,210,121,0,0,0,0,0,0,99571,0,0,0,0,0,0,0,0,0,0,424,0,0,0,0,0,0
112,2835,113.07009092798667,99995,5,5,1,0,283,158,0.004410220511025551,0,0,49779,49869,213,124,0,0,0,0,0,0,99565,0,0,0,0,0,0,0,0,0,0,430,0,0,0,0,0,0
113,2835,114.22785412811692,99995,3,3,1,0,283,158,0.004410220511025551,2,0,49778,49870,214,125,0,0,0,0,0,0,99561,0,0,0,0,0,0,0,0,0,0,434,0,0,0,0,0,0
114,2835,115.22030882935873,99995,4,3,1,0,284,158,0.004420221011050552,2,1,49778,49869,213,125,0,0,0,0,0,0,99561,0,0,0,0,0,0,0,0,0,0,434,0,0,0,0,0,0
115,2835,116.29125585100114,99995,2,2,1,0,284,158,0.004420221011050552,2,1,49779,49869,214,126,0,0,0,0,0,0,99558,0,0,0,0,0,0,0,0,0,0,437,0,0,0,0,0,0
116,2835,117.06698429660241,99995,2,2,1,0,285,158,0.004430221511075554,1,1,49780,49870,214,125,0,0,0,0,0,0,99557,0,0,0,0,0,0,0,0,0,0,438,0,0,0,0,0,0
117,2835,118.05943104434627,99995,2,2,1,0,285,158,0.004430221511075554,1,2,49781,49871,213,123,0,0,0,0,0,0,99557,0,0,0,0,0,0,0,0,0,0,438,0,0,0,0,0,0
118,2835,119.02756148661396,99995,2,3,1,0,285,159,0.004440222011100555,1,2,49782,49870,212,123,0,0,0,0,0,0,99557,0,0,0,0,0,0,0,0,0,0,438,0,0,0,0,0,0
119,2835,120.19570557400344,99995,2,4,1,0,285,160,0.004450222511125556,1,1,49782,49870,212,123,0,0,0,0,0,0,99557,0,0,0,0,0,0,0,0,0,0,438,0,0,0,0,0,0
120,2835,121.18809461384039,99995,2,4,1,0,285,160,0.004450222511125556,2,1,49781,49872,212,121,0,0,0,0,0,0,99557,0,0,0,0,0,0,0,0,0,0,438,0,0,0,0,0,0
121,2835,122.04116821463104,99995,4,5,1,0,287,161,0.00448022401120056,1,0,49782,49872,210,121,0,0,0,0,0,0,99557,0,0,0,0,0,0,0,0,0,0,438,0,0,0,0,0,0
122,2835,123.08924657941985,99995,3,3,1,0,287,161,0.00448022401120056,2,0,49781,49873,211,122,0,0,0,0,0,0,99554,0,0,0,0,0,0,0,0,0,0,441,0,0,0,0,0,0
123,2835,124.22843419617959,99995,1,1,1,0,287,161,0.00448022401120056,3,0,49781,49874,212,123,0,0,0,0,0,0,99550,0,0,0,0,0,0,0,0,0,0,445,0,0,0,0,0,0
124,2835,125.09822045803689,99995,0,0,1,0,287,161,0.00448022401120056,3,0,49781,49874,213,124,0,0,0,0,0,0,99548,0,0,0,0,0,0,0,0,0,0,447,0,0,0,0,0,0
125,2835,126.09065169775288,99995,0,0,1,0,287,161,0.00448022401120056,3,0,49782,49875,212,123,0,0,0,0,0,0,99548,0,0,0,0,0,0,0,0,0,0,447,0,0,0,0,0,0
126,2835,127.03352340546066,99995,1,0,1,0,288,161,0.004490224511225561,2,0,49782,49875,212,123,0,0,0,0,0,0,99548,0,0,0,0,0,0,0,0,0,0,447,0,0,0,0,0,0
127,2835,128.02594002519598,99995,1,0,1,0,288,161,0.004490224511225561,2,0,49783,49875,211,123,0,0,0,0,0,0,99548,0,0,0,0,0,0,0,0,0,0,447,0,0,0,0,0,0
128,2835,129.01833667063428,99995,1,0,1,0,288,161,0.004490224511225561,2,0,49784,49875,210,123,0,0,0,0,0,0,99548,0,0,0,0,0,0,0,0,0,0,447,0,0,0,0,0,0
129,2835,130.01071334204303,99995,1,0,1,0,288,161,0.004490224511225561,2,0,49784,49875,210,123,0,0,0,0,0,0,99548,0,0,0,0,0,0,0,0,0,0,447,0,0,0,0,0,0
130,2835,131.00309001345178,99995,1,0,1,0,288,161,0.004490224511225561,2,0,49785,49875,209,123,0,0,0,0,0,0,99548,0,0,0,0,0,0,0,0,0,0,447,0,0,0,0,0,0
131,2835,132.2272995967347,99995,2,0,1,0,289,161,0.004500225011250562,2,0,49784,49876,209,122,0,0,0,0,0,0,99548,0,0,0,0,0,0,0,0,0,0,447,0,0,0,0,0,0
132,2835,133.21966181949654,99995,2,0,1,0,289,161,0.004500225011250562,2,0,49784,49877,209,121,0,0,0,0,0,0,99548,0,0,0,0,0,0,0,0,0,0,447,0,0,0,0,0,0
133,2835,134.21202744266316,99995,2,0,1,0,289,161,0.004500225011250562,2,0,49784,49877,209,121,0,0,0,0,0,0,99548,0,0,0,0,0,0,0,0,0,0,447,0,0,0,0,0,0
134,2835,135.20438640825054,99995,2,0,1,0,289,161,0.004500225011250562,3,0,49784,49877,208,121,0,0,0,0,0,0,99548,0,0,0,0,0,0,0,0,0,0,447,0,0,0,0,0,0
135,2835,136.1967423391265,99995,2,0,1,0,289,161,0.004500225011250562,4,0,49784,49877,207,121,0,0,0,0,0,0,99548,0,0,0,0,0,0,0,0,0,0,447,0,0,0,0,0,0
136,2835,137.09962270430447,99995,4,0,1,0,291,161,0.004520226011300565,2,0,49785,49878,206,120,0,0,0,0,0,0,99548,0,0,0,0,0,0,0,0,0,0,447,0,0,0,0,0,0
137,2835,138.07703744893303,99995,3,0,1,0,291,161,0.004520226011300565,2,0,49785,49878,207,120,0,0,0,0,0,0,99547,0,0,0,0,0,0,0,0,0,0,448,0,0,0,0,0,0
138,2835,139.08188795578297,99995,4,0,1,0,292,161,0.004530226511325566,1,0,49785,49879,207,119,0,0,0,0,0,0,99547,0,0,0,0,0,0,0,0,0,0,448,0,0,0,0,0,0
139,2835,140.07422128169404,99995,4,0,1,0,292,161,0.004530226511325566,3,0,49783,49879,207,119,0,0,0,0,0,0,99547,0,0,0,0,0,0,0,0,0,0,448,0,0,0,0,0,0
140,2835,141.0948471464653,99995,4,0,1,0,293,161,0.004540227011350567,2,0,49785,49880,206,118,0,0,0,0,0,0,99546,0,0,0,0,0,0,0,0,0,0,449,0,0,0,0,0,0
141,2835,142.13813224974075,99995,6,0,1,0,295,161,0.00456022801140057,0,0,49785,49880,206,118,0,0,0,0,0,0,99546,0,0,0,0,0,0,0,0,0,0,449,0,0,0,0,0,0
142,2835,143.09064095850067,99995,6,0,1,0,295,161,0.00456022801140057,0,0,49785,49881,206,117,0,0,0,0,0,0,99546,0,0,0,0,0,0,0,0,0,0,449,0,0,0,0,0,0
143,2835,144.08296197313163,99995,5,0,1,0,295,161,0.00456022801140057,1,0,49784,49882,207,116,0,0,0,0,0,0,99545,0,0,0,0,0,0,0,0,0,0,450,0,0,0,0,0,0
144,2835,145.2195377515995,99995,3,0,1,0,295,161,0.00456022801140057,1,0,49785,49883,208,115,0,0,0,0,0,0,99543,0,0,0,0,0,0,0,0,0,0,452,0,0,0,0,0,0
145,2835,146.224698769905,99995,3,1,1,0,296,162,0.004580229011450572,0,0,49786,49883,208,114,0,0,0,0,0,0,99542,0,0,0,0,0,0,0,0,0,0,453,0,0,0,0,0,0
146,2835,147.21702708354155,99995,2,1,1,0,296,162,0.004580229011450572,0,0,49786,49883,209,114,0,0,0,0,0,0,99541,0,0,0,0,0,0,0,0,0,0,454,0,0,0,0,0,0
147,2835,148.30674434719,99995,2,1,1,0,296,162,0.004580229011450572,0,0,49787,49883,208,114,0,0,0,0,0,0,99541,0,0,0,0,0,0,0,0,0,0,454,0,0,0,0,0,0
148,2835,149.29907030169176,99995,2,1,1,0,296,162,0.004580229011450572,0,0,49787,49883,208,114,0,0,0,0,0,0,99541,0,0,0,0,0,0,0,0,0,0,454,0,0,0,0,0,0
149,2835,150.29138959905814,99995,2,1,1,0,296,162,0.004580229011450572,0,0,49787,49885,208,112,0,0,0,0,0,0,99541,0,0,0,0,0,0,0,0,0,0,454,0,0,0,0,0,0
150,2835,151.28370217337104,99995,2,1,1,0,296,162,0.004580229011450572,1,0,49788,49885,206,112,0,0,0,0,0,0,99541,0,0,0,0,0,0,0,0,0,0,454,0,0,0,0,0,0
151,2835,152.28502681080204,99995,3,1,1,0,297,162,0.004590229511475574,0,0,49789,49885,205,112,0,0,0,0,0,0,99541,0,0,0,0,0,0,0,0,0,0,454,0,0,0,0,0,0
152,2835,153.27728846437128,99995,2,1,1,0,297,162,0.004590229511475574,0,0,49790,49885,205,112,0,0,0,0,0,0,99540,0,0,0,0,0,0,0,0,0,0,455,0,0,0,0,0,0
153,2835,154.09610610487178,99995,2,0,1,0,297,162,0.004590229511475574,1,0,49789,49885,205,113,0,0,0,0,0,0,99539,0,0,0,0,0,0,0,0,0,0,456,0,0,0,0,0,0
154,2835,155.08838124600953,99995,3,0,1,0,298,162,0.004600230011500575,0,0,49789,49885,205,113,0,0,0,0,0,0,99539,0,0,0,0,0,0,0,0,0,0,456,0,0,0,0,0,0
155,2835,156.15960676626923,99995,2,0,1,0,298,162,0.004600230011500575,0,0,49789,49887,206,111,0,0,0,0,0,0,99538,0,0,0,0,0,0,0,0,0,0,457,0,0,0,0,0,0
156,2835,157.29108506789368,99995,1,0,1,0,298,162,0.004600230011500575,0,1,49789,49886,207,111,0,0,0,0,0,0,99537,0,0,0,0,0,0,0,0,0,0,458,0,0,0,0,0,0
157,2835,158.30848634271666,99995,0,0,1,0,298,162,0.004600230011500575,0,1,49789,49887,208,110,0,0,0,0,0,0,99536,0,0,0,0,0,0,0,0,0,0,459,0,0,0,0,0,0
158,2835,159.30078875265744,99995,0,0,1,0,298,162,0.004600230011500575,0,1,49790,49887,207,110,0,0,0,0,0,0,99536,0,0,0,0,0,0,0,0,0,0,459,0,0,0,0,0,0
159,2835,160.2930645369157,99995,0,0,1,0,298,162,0.004600230011500575,0,1,49791,49887,206,110,0,0,0,0,0,0,99536,0,0,0,0,0,0,0,0,0,0,459,0,0,0,0,0,0
160,2835,161.28532700873373,99995,0,0,1,0,298,162,0.004600230011500575,0,1,49791,49887,206,110,0,0,0,0,0,0,99536,0,0,0,0,0,0,0,0,0,0,459,0,0,0,0,0,0
161,2835,162.27758948055177,99995,0,0,1,0,298,162,0.004600230011500575,0,1,49791,49887,206,110,0,0,0,0,0,0,99536,0,0,0,0,0,0,0,0,0,0,459,0,0,0,0,0,0
162,2835,163.2698519523698,99995,0,0,1,0,298,162,0.004600230011500575,0,1,49791,49889,206,108,0,0,0,0,0,0,99536,0,0,0,0,0,0,0,0,0,0,459,0,0,0,0,0,0
163,2835,164.26210770205486,99995,0,0,1,0,298,162,0.004600230011500575,0,1,49793,49889,204,108,0,0,0,0,0,0,99536,0,0,0,0,0,0,0,0,0,0,459,0,0,0,0,0,0
164,2835,165.25433681522964,99995,0,0,1,0,298,162,0.004600230011500575,0,1,49794,49889,203,108,0,0,0,0,0,0,99536,0,0,0,0,0,0,0,0,0,0,459,0,0,0,0,0,0
165,2835,166.31563998625083,99995,0,1,1,0,298,163,0.004610230511525576,0,0,49795,49889,202,108,0,0,0,0,0,0,99536,0,0,0,0,0,0,0,0,0,0,459,0,0,0,0,0,0
166,2835,167.30781458092173,99995,0,1,1,0,298,163,0.004610230511525576,0,0,49796,49889,201,108,0,0,0,0,0,0,99536,0,0,0,0,0,0,0,0,0,0,459,0,0,0,0,0,0
167,2835,168.2999758658439,99995,0,1,1,0,298,163,0.004610230511525576,0,0,49796,49889,201,108,0,0,0,0,0,0,99536,0,0,0,0,0,0,0,0,0,0,459,0,0,0,0,0,0
168,2835,169.29213715076605,99995,0,1,1,0,298,163,0.004610230511525576,0,1,49798,49890,199,106,0,0,0,0,0,0,99536,0,0,0,0,0,0,0,0,0,0,459,0,0,0,0,0,0
169,2835,170.2842608721787,99995,0,1,1,0,298,163,0.004610230511525576,0,1,49800,49891,197,105,0,0,0,0,0,0,99536,0,0,0,0,0,0,0,0,0,0,459,0,0,0,0,0,0
170,2835,171.2763313093743,99995,0,1,1,0,298,163,0.004610230511525576,0,1,49801,49891,196,105,0,0,0,0,0,0,99536,0,0,0,0,0,0,0,0,0,0,459,0,0,0,0,0,0
171,2835,172.26838841308472,99995,0,1,1,0,298,163,0.004610230511525576,0,1,49803,49892,194,104,0,0,0,0,0,0,99536,0,0,0,0,0,0,0,0,0,0,459,0,0,0,0,0,0
172,2835,173.26041887789643,99995,0,1,1,0,298,163,0.004610230511525576,0,1,49803,49892,194,104,0,0,0,0,0,0,99536,0,0,0,0,0,0,0,0,0,0,459,0,0,0,0,0,0
173,2835,174.2524360232593,99995,0,1,1,0,298,163,0.004610230511525576,0,1,49805,49893,192,103,0,0,0,0,0,0,99536,0,0,0,0,0,0,0,0,0,0,459,0,0,0,0,0,0
174,2835,175.2444132267163,99995,0,0,1,0,298,163,0.004610230511525576,0,1,49805,49894,192,103,0,0,0,0,0,0,99535,0,0,0,0,0,0,0,0,0,0,460,0,0,0,0,0,0
175,2835,176.18733081151373,99995,0,1,1,0,298,164,0.004620231011550577,0,0,49806,49895,191,102,0,0,0,0,0,0,99535,0,0,0,0,0,0,0,0,0,0,460,0,0,0,0,0,0
176,2835,177.17929225611854,99995,0,1,1,0,298,164,0.004620231011550577,0,0,49807,49895,190,102,0,0,0,0,0,0,99535,0,0,0,0,0,0,0,0,0,0,460,0,0,0,0,0,0
177,2835,178.17123374492263,99995,0,1,1,0,298,164,0.004620231011550577,0,0,49807,49895,190,102,0,0,0,0,0,0,99535,0,0,0,0,0,0,0,0,0,0,460,0,0,0,0,0,0
178,2835,179.1631752204948,99995,0,1,1,0,298,164,0.004620231011550577,0,0,49808,49896,189,101,0,0,0,0,0,0,99535,0,0,0,0,0,0,0,0,0,0,460,0,0,0,0,0,0
179,2835,180.15510336627068,99995,0,1,1,0,298,164,0.004620231011550577,0,0,49808,49896,189,101,0,0,0,0,0,0,99535,0,0,0,0,0,0,0,0,0,0,460,0,0,0,0,0,0
180,2835,181.14702486038036,99995,0,1,1,0,298,164,0.004620231011550577,0,0,49808,49896,189,101,0,0,0,0,0,0,99535,0,0,0,0,0,0,0,0,0,0,460,0,0,0,0,0,0
181,2835,182.1389497636527,99995,0,1,1,0,298,164,0.004620231011550577,1,0,49807,49897,189,100,0,0,0,0,0,0,99535,0,0,0,0,0,0,0,0,0,0,460,0,0,0,0,0,0
182,2835,183.1308814852504,99995,0,1,1,0,298,164,0.004620231011550577,1,0,49807,49897,189,100,0,0,0,0,0,0,99535,0,0,0,0,0,0,0,0,0,0,460,0,0,0,0,0,0
183,2835,184.12281662937983,99995,0,1,1,0,298,164,0.004620231011550577,2,0,49806,49897,189,100,0,0,0,0,0,0,99535,0,0,0,0,0,0,0,0,0,0,460,0,0,0,0,0,0
184,2835,185.05115703166274,99995,2,0,1,0,300,164,0.00464023201160058,0,0,49806,49897,189,101,0,0,0,0,0,0,99534,0,0,0,0,0,0,0,0,0,0,461,0,0,0,0,0,0
185,2835,186.04310202195487,99995,2,0,1,0,300,164,0.00464023201160058,0,0,49806,49899,189,99,0,0,0,0,0,0,99534,0,0,0,0,0,0,0,0,0,0,461,0,0,0,0,0,0
186,2835,187.03504694608617,99995,2,0,1,0,300,164,0.00464023201160058,0,0,49806,49899,189,99,0,0,0,0,0,0,99534,0,0,0,0,0,0,0,0,0,0,461,0,0,0,0,0,0
187,2835,188.0269918569853,99995,2,0,1,0,300,164,0.00464023201160058,0,0,49807,49899,188,99,0,0,0,0,0,0,99534,0,0,0,0,0,0,0,0,0,0,461,0,0,0,0,0,0
188,2835,189.01891681241563,99995,2,0,1,0,300,164,0.00464023201160058,0,0,49809,49899,186,99,0,0,0,0,0,0,99534,0,0,0,0,0,0,0,0,0,0,461,0,0,0,0,0,0
189,2835,190.01081516215672,99995,2,0,1,0,300,164,0.00464023201160058,0,0,49811,49899,184,99,0,0,0,0,0,0,99534,0,0,0,0,0,0,0,0,0,0,461,0,0,0,0,0,0
190,2835,191.0026536532366,99995,2,0,1,0,300,164,0.00464023201160058,1,0,49812,49899,182,99,0,0,0,0,0,0,99534,0,0,0,0,0,0,0,0,0,0,461,0,0,0,0,0,0
191,2835,192.32507432425277,99995,2,0,1,0,300,164,0.00464023201160058,1,0,49813,49900,181,98,0,0,0,0,0,0,99534,0,0,0,0,0,0,0,0,0,0,461,0,0,0,0,0,0
192,2835,193.03564421970043,99995,3,0,1,0,301,164,0.004650232511625581,0,0,49814,49900,180,98,0,0,0,0,0,0,99534,0,0,0,0,0,0,0,0,0,0,461,0,0,0,0,0,0
193,2835,194.17326052033258,99995,1,0,1,0,301,164,0.004650232511625581,0,0,49815,49901,181,97,0,0,0,0,0,0,99532,0,0,0,0,0,0,0,0,0,0,463,0,0,0,0,0,0
194,2835,195.1650367566941,99995,1,0,1,0,301,164,0.004650232511625581,0,0,49815,49901,181,97,0,0,0,0,0,0,99532,0,0,0,0,0,0,0,0,0,0,463,0,0,0,0,0,0
195,2835,196.15681296659605,99995,1,0,1,0,301,164,0.004650232511625581,0,0,49815,49902,181,96,0,0,0,0,0,0,99532,0,0,0,0,0,0,0,0,0,0,463,0,0,0,0,0,0
196,2835,197.14858250054624,99995,1,0,1,0,301,164,0.004650232511625581,1,0,49816,49903,179,95,0,0,0,0,0,0,99532,0,0,0,0,0,0,0,0,0,0,463,0,0,0,0,0,0
197,2835,198.0251379077104,99995,0,0,1,0,301,164,0.004650232511625581,1,1,49817,49903,179,94,0,0,0,0,0,0,99531,0,0,0,0,0,0,0,0,0,0,464,0,0,0,0,0,0
198,2835,199.01687115487618,99995,0,0,1,0,301,164,0.004650232511625581,1,1,49817,49903,179,94,0,0,0,0,0,0,99531,0,0,0,0,0,0,0,0,0,0,464,0,0,0,0,0,0
199,2835,200.03788898123372,99995,1,1,1,0,302,165,0.004670233511675584,0,0,49817,49904,179,93,0,0,0,0,0,0,99531,0,0,0,0,0,0,0,0,0,0,464,0,0,0,0,0,0
200,2835,201.2454167133005,99995,0,0,1,0,302,165,0.004670233511675584,0,0,49817,49905,180,93,0,0,0,0,0,0,99529,0,0,0,0,0,0,0,0,0,0,466,0,0,0,0,0,0
201,2835,202.23716385630462,99995,0,0,1,0,302,165,0.004670233511675584,0,0,49818,49905,179,93,0,0,0,0,0,0,99529,0,0,0,0,0,0,0,0,0,0,466,0,0,0,0,0,0
202,2835,203.22889103898697,99995,0,0,1,0,302,165,0.004670233511675584,0,0,49819,49905,178,93,0,0,0,0,0,0,99529,0,0,0,0,0,0,0,0,0,0,466,0,0,0,0,0,0
203,2835,204.22059827537763,99995,0,0,1,0,302,165,0.004670233511675584,0,0,49819,49905,178,93,0,0,0,0,0,0,99529,0,0,0,0,0,0,0,0,0,0,466,0,0,0,0,0,0
204,2835,205.21230551176828,99995,0,0,1,0,302,165,0.004670233511675584,0,0,49819,49905,178,93,0,0,0,0,0,0,99529,0,0,0,0,0,0,0,0,0,0,466,0,0,0,0,0,0
205,2835,206.20401274815893,99995,0,0,1,0,302,165,0.004670233511675584,0,0,49819,49906,178,92,0,0,0,0,0,0,99529,0,0,0,0,0,0,0,0,0,0,466,0,0,0,0,0,0
206,2835,207.19571995809216,99995,0,0,1,0,302,165,0.004670233511675584,0,0,49819,49907,178,91,0,0,0,0,0,0,99529,0,0,0,0,0,0,0,0,0,0,466,0,0,0,0,0,0
207,2835,208.18742712833924,99995,0,0,1,0,302,165,0.004670233511675584,0,0,49819,49907,178,91,0,0,0,0,0,0,99529,0,0,0,0,0,0,0,0,0,0,466,0,0,0,0,0,0
208,2835,209.1791342853576,99995,0,0,1,0,302,165,0.004670233511675584,0,0,49819,49907,178,91,0,0,0,0,0,0,99529,0,0,0,0,0,0,0,0,0,0,466,0,0,0,0,0,0
209,2835,210.17084144237597,99995,0,0,1,0,302,165,0.004670233511675584,0,0,49821,49907,176,91,0,0,0,0,0,0,99529,0,0,0,0,0,0,0,0,0,0,466,0,0,0,0,0,0
210,2835,211.16251535744576,99995,0,0,1,0,302,165,0.004670233511675584,0,0,49822,49907,175,91,0,0,0,0,0,0,99529,0,0,0,0,0,0,0,0,0,0,466,0,0,0,0,0,0
211,2835,212.1541626803979,99995,0,0,1,0,302,165,0.004670233511675584,0,0,49823,49907,174,91,0,0,0,0,0,0,99529,0,0,0,0,0,0,0,0,0,0,466,0,0,0,0,0,0
212,2835,213.14579006026258,99995,0,0,1,0,302,165,0.004670233511675584,0,0,49823,49908,174,90,0,0,0,0,0,0,99529,0,0,0,0,0,0,0,0,0,0,466,0,0,0,0,0,0
213,2835,214.1374174004443,99995,0,0,1,0,302,165,0.004670233511675584,0,0,49823,49908,174,90,0,0,0,0,0,0,99529,0,0,0,0,0,0,0,0,0,0,466,0,0,0,0,0,0
214,2835,215.129044740626,99995,0,0,1,0,302,165,0.004670233511675584,0,0,49824,49908,173,90,0,0,0,0,0,0,99529,0,0,0,0,0,0,0,0,0,0,466,0,0,0,0,0,0
215,2835,216.1206587859503,99995,0,0,1,0,302,165,0.004670233511675584,0,0,49824,49908,173,90,0,0,0,0,0,0,99529,0,0,0,0,0,0,0,0,0,0,466,0,0,0,0,0,0
216,2835,217.1122661838459,99995,0,0,1,0,302,165,0.004670233511675584,0,0,49824,49908,173,90,0,0,0,0,0,0,99529,0,0,0,0,0,0,0,0,0,0,466,0,0,0,0,0,0
217,2835,218.10386693457957,99995,0,0,1,0,302,165,0.004670233511675584,0,0,49825,49908,172,90,0,0,0,0,0,0,99529,0,0,0,0,0,0,0,0,0,0,466,0,0,0,0,0,0
218,2835,219.09545439098943,99995,0,0,1,0,302,165,0.004670233511675584,0,0,49825,49908,172,90,0,0,0,0,0,0,99529,0,0,0,0,0,0,0,0,0,0,466,0,0,0,0,0,0
219,2835,220.0870418473993,99995,0,0,1,0,302,165,0.004670233511675584,0,0,49826,49908,171,90,0,0,0,0,0,0,99529,0,0,0,0,0,0,0,0,0,0,466,0,0,0,0,0,0
220,2835,221.07861601001903,99995,0,0,1,0,302,165,0.004670233511675584,0,0,49826,49908,171,90,0,0,0,0,0,0,99529,0,0,0,0,0,0,0,0,0,0,466,0,0,0,0,0,0
221,2835,222.07018352574372,99995,0,0,1,0,302,165,0.004670233511675584,0,0,49826,49908,171,90,0,0,0,0,0,0,99529,0,0,0,0,0,0,0,0,0,0,466,0,0,0,0,0,0
222,2835,223.06174439484013,99995,0,0,1,0,302,165,0.004670233511675584,0,0,49828,49909,169,89,0,0,0,0,0,0,99529,0,0,0,0,0,0,0,0,0,0,466,0,0,0,0,0,0
223,2835,224.05326535904842,99995,0,0,1,0,302,165,0.004670233511675584,0,0,49829,49909,168,89,0,0,0,0,0,0,99529,0,0,0,0,0,0,0,0,0,0,466,0,0,0,0,0,0
224,2835,225.0447730178415,99995,0,0,1,0,302,165,0.004670233511675584,0,0,49829,49909,168,89,0,0,0,0,0,0,99529,0,0,0,0,0,0,0,0,0,0,466,0,0,0,0,0,0
225,2835,226.03628067663456,99995,0,0,1,0,302,165,0.004670233511675584,0,0,49829,49909,168,89,0,0,0,0,0,0,99529,0,0,0,0,0,0,0,0,0,0,466,0,0,0,0,0,0
226,2835,227.02778833542763,99995,0,0,1,0,302,165,0.004670233511675584,0,0,49830,49909,167,89,0,0,0,0,0,0,99529,0,0,0,0,0,0,0,0,0,0,466,0,0,0,0,0,0
227,2835,228.01928270256528,99995,0,0,1,0,302,165,0.004670233511675584,0,0,49830,49909,167,89,0,0,0,0,0,0,99529,0,0,0,0,0,0,0,0,0,0,466,0,0,0,0,0,0
228,2835,229.01077042387521,99995,0,0,1,0,302,165,0.004670233511675584,0,0,49830,49910,167,88,0,0,0,0,0,0,99529,0,0,0,0,0,0,0,0,0,0,466,0,0,0,0,0,0
229,2835,230.00225144672154,99995,0,0,1,0,302,165,0.004670233511675584,0,0,49831,49911,166,87,0,0,0,0,0,0,99529,0,0,0,0,0,0,0,0,0,0,466,0,0,0,0,0,0
230,2835,231.32420838708666,99995,0,0,1,0,302,165,0.004670233511675584,0,0,49831,49911,166,87,0,0,0,0,0,0,99529,0,0,0,0,0,0,0,0,0,0,466,0,0,0,0,0,0
231,2835,232.3156760923605,99995,0,0,1,0,302,165,0.004670233511675584,0,0,49831,49911,166,87,0,0,0,0,0,0,99529,0,0,0,0,0,0,0,0,0,0,466,0,0,0,0,0,0
232,2835,233.30714379763432,99995,0,0,1,0,302,165,0.004670233511675584,0,0,49831,49912,166,86,0,0,0,0,0,0,99529,0,0,0,0,0,0,0,0,0,0,466,0,0,0,0,0,0
233,2835,234.29861146323157,99995,0,0,1,0,302,165,0.004670233511675584,0,0,49832,49912,165,86,0,0,0,0,0,0,99529,0,0,0,0,0,0,0,0,0,0,466,0,0,0,0,0,0
234,2835,235.2900591929484,99995,0,0,1,0,302,165,0.004670233511675584,0,0,49832,49912,165,86,0,0,0,0,0,0,99529,0,0,0,0,0,0,0,0,0,0,466,0,0,0,0,0,0
235,2835,236.28150692266524,99995,0,0,1,0,302,165,0.004670233511675584,0,0,49832,49912,165,86,0,0,0,0,0,0,99529,0,0,0,0,0,0,0,0,0,0,466,0,0,0,0,0,0
236,2835,237.27295465238208,99995,0,0,1,0,302,165,0.004670233511675584,0,0,49832,49913,165,85,0,0,0,0,0,0,99529,0,0,0,0,0,0,0,0,0,0,466,0,0,0,0,0,0
237,2835,238.26440235564843,99995,0,0,1,0,302,165,0.004670233511675584,0,0,49832,49913,165,85,0,0,0,0,0,0,99529,0,0,0,0,0,0,0,0,0,0,466,0,0,0,0,0,0
238,2835,239.25585004568953,99995,0,0,1,0,302,165,0.004670233511675584,0,0,49833,49913,164,85,0,0,0,0,0,0,99529,0,0,0,0,0,0,0,0,0,0,466,0,0,0,0,0,0
239,2835,240.24728443245263,99995,0,0,1,0,302,165,0.004670233511675584,0,0,49834,49914,163,84,0,0,0,0,0,0,99529,0,0,0,0,0,0,0,0,0,0,466,0,0,0,0,0,0
240,2835,241.23869884499544,99995,0,0,1,0,302,165,0.004670233511675584,0,0,49834,49915,163,83,0,0,0,0,0,0,99529,0,0,0,0,0,0,0,0,0,0,466,0,0,0,0,0,0
241,2835,242.23009992861216,99995,0,0,1,0,302,165,0.004670233511675584,0,0,49835,49916,162,82,0,0,0,0,0,0,99529,0,0,0,0,0,0,0,0,0,0,466,0,0,0,0,0,0
242,2835,243.22148768357025,99995,0,0,1,0,302,165,0.004670233511675584,0,0,49835,49917,162,81,0,0,0,0,0,0,99529,0,0,0,0,0,0,0,0,0,0,466,0,0,0,0,0,0
243,2835,244.21287539885492,99995,0,0,1,0,302,165,0.004670233511675584,0,0,49835,49918,162,80,0,0,0,0,0,0,99529,0,0,0,0,0,0,0,0,0,0,466,0,0,0,0,0,0
244,2835,245.2042630876907,99995,0,0,1,0,302,165,0.004670233511675584,0,0,49835,49918,162,80,0,0,0,0,0,0,99529,0,0,0,0,0,0,0,0,0,0,466,0,0,0,0,0,0
245,2835,246.19565077652646,99995,0,0,1,0,302,165,0.004670233511675584,0,0,49835,49918,162,80,0,0,0,0,0,0,99529,0,0,0,0,0,0,0,0,0,0,466,0,0,0,0,0,0
246,2835,247.18703182113708,99995,0,0,1,0,302,165,0.004670233511675584,0,0,49836,49918,161,80,0,0,0,0,0,0,99529,0,0,0,0,0,0,0,0,0,0,466,0,0,0,0,0,0
247,2835,248.1783995772974,99995,0,0,1,0,302,165,0.004670233511675584,0,0,49836,49918,161,80,0,0,0,0,0,0,99529,0,0,0,0,0,0,0,0,0,0,466,0,0,0,0,0,0
248,2835,249.1697673334577,99995,0,0,1,0,302,165,0.004670233511675584,0,0,49836,49918,161,80,0,0,0,0,0,0,99529,0,0,0,0,0,0,0,0,0,0,466,0,0,0,0,0,0
249,2835,250.1611284456595,99995,0,0,1,0,302,165,0.004670233511675584,0,0,49837,49918,160,80,0,0,0,0,0,0,99529,0,0,0,0,0,0,0,0,0,0,466,0,0,0,0,0,0
250,2835,251.15247626994423,99995,0,0,1,0,302,165,0.004670233511675584,0,0,49837,49918,160,80,0,0,0,0,0,0,99529,0,0,0,0,0,0,0,0,0,0,466,0,0,0,0,0,0
251,2835,252.14382409422896,99995,0,0,1,0,302,165,0.004670233511675584,0,0,49837,49919,160,79,0,0,0,0,0,0,99529,0,0,0,0,0,0,0,0,0,0,466,0,0,0,0,0,0
252,2835,253.13517187884187,99995,0,0,1,0,302,165,0.004670233511675584,0,0,49837,49919,160,79,0,0,0,0,0,0,99529,0,0,0,0,0,0,0,0,0,0,466,0,0,0,0,0,0
253,2835,254.1265196634548,99995,0,0,1,0,302,165,0.004670233511675584,0,0,49838,49919,159,79,0,0,0,0,0,0,99529,0,0,0,0,0,0,0,0,0,0,466,0,0,0,0,0,0
254,2835,255.11784751699284,99995,0,0,1,0,302,165,0.004670233511675584,0,0,49838,49919,159,79,0,0,0,0,0,0,99529,0,0,0,0,0,0,0,0,0,0,466,0,0,0,0,0,0
255,2835,256.1091753573072,99995,0,0,1,0,302,165,0.004670233511675584,0,0,49838,49920,159,78,0,0,0,0,0,0,99529,0,0,0,0,0,0,0,0,0,0,466,0,0,0,0,0,0
256,2835,257.1005031711743,99995,0,0,1,0,302,165,0.004670233511675584,0,0,49838,49921,159,77,0,0,0,0,0,0,99529,0,0,0,0,0,0,0,0,0,0,466,0,0,0,0,0,0
257,2835,258.09183094537025,99995,0,0,1,0,302,165,0.004670233511675584,0,0,49838,49921,159,77,0,0,0,0,0,0,99529,0,0,0,0,0,0,0,0,0,0,466,0,0,0,0,0,0
258,2835,259.08315207614174,99995,0,0,1,0,302,165,0.004670233511675584,0,0,49839,49922,158,76,0,0,0,0,0,0,99529,0,0,0,0,0,0,0,0,0,0,466,0,0,0,0,0,0
259,2835,260.0744598936175,99995,0,0,1,0,302,165,0.004670233511675584,0,0,49840,49922,157,76,0,0,0,0,0,0,99529,0,0,0,0,0,0,0,0,0,0,466,0,0,0,0,0,0
260,2835,261.0657477683969,99995,0,0,1,0,302,165,0.004670233511675584,0,0,49840,49923,157,75,0,0,0,0,0,0,99529,0,0,0,0,0,0,0,0,0,0,466,0,0,0,0,0,0
261,2835,262.05703560350685,99995,0,0,1,0,302,165,0.004670233511675584,0,0,49841,49923,156,75,0,0,0,0,0,0,99529,0,0,0,0,0,0,0,0,0,0,466,0,0,0,0,0,0
262,2835,263.0483035099444,99995,0,0,1,0,302,165,0.004670233511675584,0,0,49842,49924,155,74,0,0,0,0,0,0,99529,0,0,0,0,0,0,0,0,0,0,466,0,0,0,0,0,0
263,2835,264.03955810468824,99995,0,0,1,0,302,165,0.004670233511675584,0,0,49842,49924,155,74,0,0,0,0,0,0,99529,0,0,0,0,0,0,0,0,0,0,466,0,0,0,0,0,0
264,2835,265.03080604358524,99995,0,0,1,0,302,165,0.004670233511675584,0,0,49843,49925,154,73,0,0,0,0,0,0,99529,0,0,0,0,0,0,0,0,0,0,466,0,0,0,0,0,0
265,2835,266.02204067132277,99995,0,0,1,0,302,165,0.004670233511675584,0,0,49844,49925,153,73,0,0,0,0,0,0,99529,0,0,0,0,0,0,0,0,0,0,466,0,0,0,0,0,0
266,2835,267.0132553592993,99995,0,0,1,0,302,165,0.004670233511675584,0,0,49844,49925,153,73,0,0,0,0,0,0,99529,0,0,0,0,0,0,0,0,0,0,466,0,0,0,0,0,0
267,2835,268.0044634051852,99995,0,0,1,0,302,165,0.004670233511675584,0,0,49844,49925,153,73,0,0,0,0,0,0,99529,0,0,0,0,0,0,0,0,0,0,466,0,0,0,0,0,0
268,2835,269.32607410658886,99995,0,0,1,0,302,165,0.004670233511675584,0,0,49845,49926,152,72,0,0,0,0,0,0,99529,0,0,0,0,0,0,0,0,0,0,466,0,0,0,0,0,0
269,2835,270.3172688291607,99995,0,0,1,0,302,165,0.004670233511675584,0,0,49845,49926,152,72,0,0,0,0,0,0,99529,0,0,0,0,0,0,0,0,0,0,466,0,0,0,0,0,0
270,2835,271.30845690990867,99995,0,0,1,0,302,165,0.004670233511675584,0,0,49845,49926,152,72,0,0,0,0,0,0,99529,0,0,0,0,0,0,0,0,0,0,466,0,0,0,0,0,0
271,2835,272.29964499065665,99995,0,0,1,0,302,165,0.004670233511675584,0,0,49846,49926,151,72,0,0,0,0,0,0,99529,0,0,0,0,0,0,0,0,0,0,466,0,0,0,0,0,0
272,2835,273.2908131467325,99995,0,0,1,0,302,165,0.004670233511675584,0,0,49847,49926,150,72,0,0,0,0,0,0,99529,0,0,0,0,0,0,0,0,0,0,466,0,0,0,0,0,0
273,2835,274.28196802022666,99995,0,0,1,0,302,165,0.004670233511675584,0,0,49847,49927,150,71,0,0,0,0,0,0,99529,0,0,0,0,0,0,0,0,0,0,466,0,0,0,0,0,0
274,2835,275.27311622598734,99995,0,0,1,0,302,165,0.004670233511675584,0,0,49848,49927,149,71,0,0,0,0,0,0,99529,0,0,0,0,0,0,0,0,0,0,466,0,0,0,0,0,0
275,2835,276.26425113647844,99995,0,0,1,0,302,165,0.004670233511675584,0,0,49848,49927,149,71,0,0,0,0,0,0,99529,0,0,0,0,0,0,0,0,0,0,466,0,0,0,0,0,0
276,2835,277.2553794059454,99995,0,0,1,0,302,165,0.004670233511675584,0,0,49849,49927,148,71,0,0,0,0,0,0,99529,0,0,0,0,0,0,0,0,0,0,466,0,0,0,0,0,0
277,2835,278.24649439389685,99995,0,0,1,0,302,165,0.004670233511675584,0,0,49849,49927,148,71,0,0,0,0,0,0,99529,0,0,0,0,0,0,0,0,0,0,466,0,0,0,0,0,0
278,2835,279.23760274109054,99995,0,0,1,0,302,165,0.004670233511675584,0,0,49849,49927,148,71,0,0,0,0,0,0,99529,0,0,0,0,0,0,0,0,0,0,466,0,0,0,0,0,0
279,2835,280.22870444779295,99995,0,0,1,0,302,165,0.004670233511675584,0,0,49850,49927,147,71,0,0,0,0,0,0,99529,0,0,0,0,0,0,0,0,0,0,466,0,0,0,0,0,0
280,2835,281.2197928735128,99995,0,0,1,0,302,165,0.004670233511675584,0,0,49850,49927,147,71,0,0,0,0,0,0,99529,0,0,0,0,0,0,0,0,0,0,466,0,0,0,0,0,0
281,2835,282.21088129923265,99995,0,0,1,0,302,165,0.004670233511675584,0,0,49851,49927,146,71,0,0,0,0,0,0,99529,0,0,0,0,0,0,0,0,0,0,466,0,0,0,0,0,0
282,2835,283.20194980427794,99995,0,0,1,0,302,165,0.004670233511675584,0,0,49851,49927,146,71,0,0,0,0,0,0,99529,0,0,0,0,0,0,0,0,0,0,466,0,0,0,0,0,0
283,2835,284.193018296103,99995,0,0,1,0,302,165,0.004670233511675584,0,0,49851,49928,146,70,0,0,0,0,0,0,99529,0,0,0,0,0,0,0,0,0,0,466,0,0,0,0,0,0
284,2835,285.1840867482673,99995,0,0,1,0,302,165,0.004670233511675584,0,0,49851,49929,146,69,0,0,0,0,0,0,99529,0,0,0,0,0,0,0,0,0,0,466,0,0,0,0,0,0
285,2835,286.17515517399113,99995,0,0,1,0,302,165,0.004670233511675584,0,0,49852,49930,145,68,0,0,0,0,0,0,99529,0,0,0,0,0,0,0,0,0,0,466,0,0,0,0,0,0
286,2835,287.1662036401813,99995,0,0,1,0,302,165,0.004670233511675584,0,0,49852,49930,145,68,0,0,0,0,0,0,99529,0,0,0,0,0,0,0,0,0,0,466,0,0,0,0,0,0
287,2835,288.1572521063715,99995,0,0,1,0,302,165,0.004670233511675584,0,0,49852,49930,145,68,0,0,0,0,0,0,99529,0,0,0,0,0,0,0,0,0,0,466,0,0,0,0,0,0
288,2835,289.14830055934175,99995,0,0,1,0,302,165,0.004670233511675584,0,0,49852,49931,145,67,0,0,0,0,0,0,99529,0,0,0,0,0,0,0,0,0,0,466,0,0,0,0,0,0
289,2835,290.1393489462122,99995,0,0,1,0,302,165,0.004670233511675584,0,0,49852,49934,145,64,0,0,0,0,0,0,99529,0,0,0,0,0,0,0,0,0,0,466,0,0,0,0,0,0
290,2835,291.13039725376285,99995,0,0,1,0,302,165,0.004670233511675584,0,0,49853,49934,144,64,0,0,0,0,0,0,99529,0,0,0,0,0,0,0,0,0,0,466,0,0,0,0,0,0
291,2835,292.1214256422428,99995,0,0,1,0,302,165,0.004670233511675584,0,0,49854,49934,143,64,0,0,0,0,0,0,99529,0,0,0,0,0,0,0,0,0,0,466,0,0,0,0,0,0
292,2835,293.112440751875,99995,0,0,1,0,302,165,0.004670233511675584,0,0,49855,49934,142,64,0,0,0,0,0,0,99529,0,0,0,0,0,0,0,0,0,0,466,0,0,0,0,0,0
293,2835,294.1034359437683,99995,0,0,1,0,302,165,0.004670233511675584,0,0,49855,49934,142,64,0,0,0,0,0,0,99529,0,0,0,0,0,0,0,0,0,0,466,0,0,0,0,0,0
294,2835,295.09442449650413,99995,0,0,1,0,302,165,0.004670233511675584,0,0,49855,49934,142,64,0,0,0,0,0,0,99529,0,0,0,0,0,0,0,0,0,0,466,0,0,0,0,0,0
295,2835,296.08541304923995,99995,0,0,1,0,302,165,0.004670233511675584,0,0,49855,49934,142,64,0,0,0,0,0,0,99529,0,0,0,0,0,0,0,0,0,0,466,0,0,0,0,0,0
296,2835,297.07640160197576,99995,0,0,1,0,302,165,0.004670233511675584,0,0,49856,49935,141,63,0,0,0,0,0,0,99529,0,0,0,0,0,0,0,0,0,0,466,0,0,0,0,0,0
297,2835,298.0673701983812,99995,0,0,1,0,302,165,0.004670233511675584,0,0,49856,49935,141,63,0,0,0,0,0,0,99529,0,0,0,0,0,0,0,0,0,0,466,0,0,0,0,0,0
298,2835,299.0583387947866,99995,0,0,1,0,302,165,0.004670233511675584,0,0,49857,49935,140,63,0,0,0,0,0,0,99529,0,0,0,0,0,0,0,0,0,0,466,0,0,0,0,0,0
299,2835,300.04929411394284,99995,0,0,1,0,302,165,0.004670233511675584,0,0,49858,49935,139,63,0,0,0,0,0,0,99529,0,0,0,0,0,0,0,0,0,0,466,0,0,0,0,0,0
300,2835,301.0402295177579,99995,0,0,1,0,302,165,0.004670233511675584,0,0,49858,49936,139,62,0,0,0,0,0,0,99529,0,0,0,0,0,0,0,0,0,0,466,0,0,0,0,0,0
301,2835,302.0311582567779,99995,0,0,1,0,302,165,0.004670233511675584,0,0,49858,49936,139,62,0,0,0,0,0,0,99529,0,0,0,0,0,0,0,0,0,0,466,0,0,0,0,0,0
302,2835,303.0220869825796,99995,0,0,1,0,302,165,0.004670233511675584,0,0,49858,49936,139,62,0,0,0,0,0,0,99529,0,0,0,0,0,0,0,0,0,0,466,0,0,0,0,0,0
303,2835,304.01301570838126,99995,0,0,1,0,302,165,0.004670233511675584,0,0,49858,49936,139,62,0,0,0,0,0,0,99529,0,0,0,0,0,0,0,0,0,0,466,0,0,0,0,0,0
304,2835,305.0039444341829,99995,0,0,1,0,302,165,0.004670233511675584,0,0,49859,49936,138,62,0,0,0,0,0,0,99529,0,0,0,0,0,0,0,0,0,0,466,0,0,0,0,0,0
305,2835,306.32514954505933,99995,0,0,1,0,302,165,0.004670233511675584,0,0,49860,49936,137,62,0,0,0,0,0,0,99529,0,0,0,0,0,0,0,0,0,0,466,0,0,0,0,0,0
306,2835,307.3160384298914,99995,0,0,1,0,302,165,0.004670233511675584,0,0,49860,49937,137,61,0,0,0,0,0,0,99529,0,0,0,0,0,0,0,0,0,0,466,0,0,0,0,0,0
307,2835,308.3069272882878,99995,0,0,1,0,302,165,0.004670233511675584,0,0,49861,49937,136,61,0,0,0,0,0,0,99529,0,0,0,0,0,0,0,0,0,0,466,0,0,0,0,0,0
308,2835,309.2977962340073,99995,0,0,1,0,302,165,0.004670233511675584,0,0,49861,49937,136,61,0,0,0,0,0,0,99529,0,0,0,0,0,0,0,0,0,0,466,0,0,0,0,0,0
309,2835,310.28866516650925,99995,0,0,1,0,302,165,0.004670233511675584,0,0,49861,49938,136,60,0,0,0,0,0,0,99529,0,0,0,0,0,0,0,0,0,0,466,0,0,0,0,0,0
310,2835,311.27952743528357,99995,0,0,1,0,302,165,0.004670233511675584,0,0,49862,49939,135,59,0,0,0,0,0,0,99529,0,0,0,0,0,0,0,0,0,0,466,0,0,0,0,0,0
311,2835,312.27037640303826,99995,0,0,1,0,302,165,0.004670233511675584,0,0,49862,49939,135,59,0,0,0,0,0,0,99529,0,0,0,0,0,0,0,0,0,0,466,0,0,0,0,0,0
312,2835,313.2612253575756,99995,0,0,1,0,302,165,0.004670233511675584,0,0,49862,49939,135,59,0,0,0,0,0,0,99529,0,0,0,0,0,0,0,0,0,0,466,0,0,0,0,0,0
313,2835,314.25207431211294,99995,0,0,1,0,302,165,0.004670233511675584,0,0,49864,49940,133,58,0,0,0,0,0,0,99529,0,0,0,0,0,0,0,0,0,0,466,0,0,0,0,0,0
314,2835,315.24289005561934,99995,0,0,1,0,302,165,0.004670233511675584,0,0,49864,49940,133,58,0,0,0,0,0,0,99529,0,0,0,0,0,0,0,0,0,0,466,0,0,0,0,0,0
315,2835,316.2336991491492,99995,0,0,1,0,302,165,0.004670233511675584,0,0,49864,49940,133,58,0,0,0,0,0,0,99529,0,0,0,0,0,0,0,0,0,0,466,0,0,0,0,0,0
316,2835,317.224508242679,99995,0,0,1,0,302,165,0.004670233511675584,0,0,49865,49940,132,58,0,0,0,0,0,0,99529,0,0,0,0,0,0,0,0,0,0,466,0,0,0,0,0,0
317,2835,318.2153040632222,99995,0,0,1,0,302,165,0.004670233511675584,0,0,49867,49941,130,57,0,0,0,0,0,0,99529,0,0,0,0,0,0,0,0,0,0,466,0,0,0,0,0,0
318,2835,319.20605339105975,99995,0,0,1,0,302,165,0.004670233511675584,0,0,49867,49942,130,56,0,0,0,0,0,0,99529,0,0,0,0,0,0,0,0,0,0,466,0,0,0,0,0,0
319,2835,320.19680267924934,99995,0,0,1,0,302,165,0.004670233511675584,0,0,49867,49941,129,56,1,1,1,1,0,0,99527,0,0,0,0,0,0,0,0,0,2,466,0,0,0,0,0,0
320,2835,321.1875519938709,99995,0,0,1,0,302,165,0.004670233511675584,0,0,49868,49940,127,56,2,2,2,2,0,0,99525,0,0,0,0,0,0,0,0,0,4,466,0,0,0,0,0,0
321,2835,322.07316253401393,99995,0,0,1,0,302,165,0.004670233511675584,0,0,49867,49939,127,56,3,3,3,3,0,0,99523,0,0,0,0,0,0,0,0,0,6,466,0,0,0,0,0,0
322,2835,323.19180383012923,99995,0,0,1,0,302,165,0.004670233511675584,0,0,49866,49938,127,56,4,4,4,4,0,0,99521,0,0,0,0,0,0,0,0,0,8,466,0,0,0,0,0,0
323,2835,324.02203594288517,99995,0,0,1,0,302,165,0.004670233511675584,0,0,49865,49937,127,56,5,5,5,5,0,0,99519,0,0,0,0,0,0,0,0,0,10,466,0,0,0,0,0,0
324,2835,325.137615195853,99995,0,0,1,0,302,165,0.004670233511675584,0,0,49865,49936,126,56,6,6,6,6,0,0,99517,0,0,0,0,0,0,0,0,0,12,466,0,0,0,0,0,0
325,2835,326.03227993158623,99995,0,0,1,0,302,165,0.004670233511675584,0,0,49864,49935,126,56,7,7,7,7,0,0,99515,0,0,0,0,0,0,0,0,0,14,466,0,0,0,0,0,0
326,2835,327.0883960038748,99995,0,0,1,0,302,165,0.004670233511675584,0,0,49864,49935,125,55,8,8,8,8,0,0,99513,0,0,0,0,0,0,0,0,0,16,466,0,0,0,0,0,0
327,2835,328.04670786701746,99995,0,0,1,0,302,165,0.004670233511675584,0,0,49863,49934,125,55,9,9,9,9,0,0,99511,0,0,0,0,0,0,0,0,0,18,466,0,0,0,0,0,0
328,2835,329.0491955582838,99995,0,0,1,0,302,165,0.004670233511675584,0,0,49863,49933,124,55,10,10,10,10,0,0,99509,0,0,0,0,0,0,0,0,0,20,466,0,0,0,0,0,0
329,2835,330.02879648348124,99995,0,0,1,0,302,165,0.004670233511675584,0,0,49862,49933,124,54,11,11,11,11,0,0,99507,0,0,0,0,0,0,0,0,0,22,466,0,0,0,0,0,0
330,2835,331.03286113154957,99995,0,0,1,0,302,165,0.004670233511675584,0,0,49863,49932,122,54,12,12,12,12,0,0,99505,0,0,0,0,0,0,0,0,0,24,466,0,0,0,0,0,0
331,2835,332.03593977343274,99995,0,0,1,0,302,165,0.004670233511675584,0,0,49862,49931,122,54,13,13,13,13,0,0,99503,0,0,0,0,0,0,0,0,0,26,466,0,0,0,0,0,0
332,2835,333.0130713298334,99995,0,0,1,0,302,165,0.004670233511675584,0,0,49861,49930,122,54,14,14,14,14,0,0,99501,0,0,0,0,0,0,0,0,0,28,466,0,0,0,0,0,0
333,2835,334.00528678298093,99995,0,0,1,0,302,165,0.004670233511675584,0,0,49860,49929,122,54,15,15,15,15,0,0,99499,0,0,0,0,0,0,0,0,0,30,466,0,0,0,0,0,0
334,2835,335.00387863109904,99995,0,0,1,0,302,165,0.004670233511675584,0,0,49859,49929,122,53,16,16,16,16,0,0,99497,0,0,0,0,0,0,0,0,0,32,466,0,0,0,0,0,0
335,2835,336.0331108252128,99995,0,0,1,0,302,165,0.004670233511675584,0,0,49858,49928,122,53,17,17,17,17,0,0,99495,0,0,0,0,0,0,0,0,0,34,466,0,0,0,0,0,0
336,2835,337.0235636765793,99995,0,0,1,0,302,165,0.004670233511675584,0,0,49857,49927,122,53,18,18,18,18,0,0,99493,0,0,0,0,0,0,0,0,0,36,466,0,0,0,0,0,0
337,2835,338.02681587178745,99995,0,0,1,0,302,165,0.004670233511675584,0,0,49857,49926,121,53,19,19,19,19,0,0,99491,0,0,0,0,0,0,0,0,0,38,466,0,0,0,0,0,0
338,2835,339.0105580537766,99995,0,0,1,0,302,165,0.004670233511675584,0,0,49856,49926,121,52,20,20,20,20,0,0,99489,0,0,0,0,0,0,0,0,0,40,466,0,0,0,0,0,0
339,2835,340.0164672981337,99995,0,0,1,0,302,165,0.004670233511675584,0,0,49855,49925,121,52,21,21,21,21,0,0,99487,0,0,0,0,0,0,0,0,0,42,466,0,0,0,0,0,0
340,2835,341.0097038881706,99995,0,0,1,0,302,165,0.004670233511675584,0,0,49857,49925,118,51,22,22,22,22,0,0,99485,0,0,0,0,0,0,0,0,0,44,466,0,0,0,0,0,0
341,2835,342.0006529652613,99995,0,0,1,0,302,165,0.004670233511675584,0,0,49856,49924,118,51,23,23,23,23,0,0,99483,0,0,0,0,0,0,0,0,0,46,466,0,0,0,0,0,0
342,2835,343.32193835692067,99995,0,0,1,0,302,165,0.004670233511675584,0,0,49855,49923,118,51,24,24,24,24,0,0,99481,0,0,0,0,0,0,0,0,0,48,466,0,0,0,0,0,0
343,2835,344.3129206937759,99995,0,0,1,0,302,165,0.004670233511675584,0,0,49856,49922,116,51,25,25,25,25,0,0,99479,0,0,0,0,0,0,0,0,0,50,466,0,0,0,0,0,0
344,2835,345.3038831538718,99995,0,0,1,0,302,165,0.004670233511675584,0,0,49854,49921,116,51,27,26,26,27,0,0,99476,0,0,0,0,0,0,0,0,0,53,466,0,0,0,0,0,0
345,2835,346.29487884836345,99995,0,0,1,0,302,165,0.004670233511675584,0,0,49852,49919,116,51,29,28,28,29,0,0,99472,0,0,0,0,0,0,0,0,0,57,466,0,0,0,0,0,0
346,2835,347.28591443203146,99995,0,0,1,0,302,165,0.004670233511675584,0,0,49850,49919,116,50,31,29,30,31,0,0,99468,0,0,0,0,0,0,0,0,0,61,466,0,0,0,0,0,0
347,2835,348.2769898816356,99995,0,0,1,0,302,165,0.004670233511675584,0,0,49848,49917,116,50,33,31,32,33,0,0,99464,0,0,0,0,0,0,0,0,0,65,466,0,0,0,0,0,0
348,2835,349.2681052268169,99995,0,0,1,0,302,165,0.004670233511675584,0,0,49846,49916,116,50,35,32,34,35,0,0,99460,0,0,0,0,0,0,0,0,0,69,466,0,0,0,0,0,0
349,2835,350.2592604707768,99995,0,0,1,0,302,165,0.004670233511675584,0,0,49843,49913,116,50,38,35,37,38,0,0,99454,0,0,0,0,0,0,0,0,0,75,466,0,0,0,0,0,0
350,2835,351.2504689537925,99995,0,0,1,0,302,165,0.004670233511675584,0,0,49841,49910,115,50,41,38,40,41,0,0,99448,0,0,0,0,0,0,0,0,0,81,466,0,0,0,0,0,0
351,2835,352.24171740917274,99995,0,0,1,0,302,165,0.004670233511675584,0,0,49838,49907,115,50,44,41,43,44,0,0,99442,0,0,0,0,0,0,0,0,0,87,466,0,0,0,0,0,0
352,2835,353.2330257696097,99995,0,0,1,0,302,165,0.004670233511675584,0,0,49835,49903,114,50,48,45,47,48,0,0,99434,0,0,0,0,0,0,0,0,0,95,466,0,0,0,0,0,0
353,2835,354.2243874253363,99995,0,0,1,0,302,165,0.004670233511675584,0,0,49831,49899,114,50,52,49,51,52,0,0,99426,0,0,0,0,0,0,0,0,0,103,466,0,0,0,0,0,0
354,2835,355.215828974244,99995,0,0,1,0,302,165,0.004670233511675584,0,0,49827,49894,113,50,57,54,56,57,0,0,99416,0,0,0,0,0,0,0,0,0,113,466,0,0,0,0,0,0
355,2835,356.20734381031605,99995,0,0,1,0,302,165,0.004670233511675584,0,0,49822,49889,113,50,62,59,61,62,0,0,99406,0,0,0,0,0,0,0,0,0,123,466,0,0,0,0,0,0
356,2835,357.19895853238035,99995,0,0,1,0,302,165,0.004670233511675584,0,0,49818,49884,112,49,67,65,67,67,0,0,99395,0,0,0,0,0,0,0,0,0,134,466,0,0,0,0,0,0
357,2835,358.1906532279444,99995,0,0,1,0,302,165,0.004670233511675584,0,0,49812,49878,112,49,73,71,73,73,0,0,99383,0,0,0,0,0,0,0,0,0,146,466,0,0,0,0,0,0
358,2835,359.1824611992656,99995,0,0,1,0,302,165,0.004670233511675584,0,0,49805,49871,112,49,80,78,80,80,0,0,99369,0,0,0,0,0,0,0,0,0,160,466,0,0,0,0,0,0
359,2835,360.1744024536229,99995,0,0,1,0,302,165,0.004670233511675584,0,0,49800,49863,110,49,87,86,88,87,0,0,99354,0,0,0,0,0,0,0,0,0,175,466,0,0,0,0,0,0
360,2835,361.1664571028926,99995,0,0,1,0,302,165,0.004670233511675584,0,0,49792,49855,110,49,95,94,97,95,0,0,99337,0,0,0,0,0,0,0,0,0,192,466,0,0,0,0,0,0
361,2835,362.1586518115933,99995,0,0,1,0,302,165,0.004670233511675584,0,0,49783,49845,110,49,104,104,107,104,0,0,99318,0,0,0,0,0,0,0,0,0,211,466,0,0,0,0,0,0
362,2835,363.15101995629664,99995,0,0,1,0,302,165,0.004670233511675584,0,0,49774,49834,110,49,113,115,118,113,0,0,99298,0,0,0,0,0,0,0,0,0,231,466,0,0,0,0,0,0
363,2835,364.1435683086655,99995,0,0,1,0,302,165,0.004670233511675584,0,0,49765,49822,109,49,123,127,130,123,0,0,99276,0,0,0,0,0,0,0,0,0,253,466,0,0,0,0,0,0
364,2835,365.1362903106486,99995,0,0,1,0,302,165,0.004670233511675584,0,0,49755,49810,109,48,133,140,143,134,0,0,99252,0,0,0,0,0,0,0,0,0,277,466,0,0,0,0,0,0
365,2835,366.1292060349452,99995,0,0,1,0,302,165,0.004670233511675584,0,0,49743,49797,109,48,145,153,157,146,0,0,99226,0,0,0,0,0,0,0,0,0,303,466,0,0,0,0,0,0
366,2835,367.12234223630907,99995,0,0,1,0,302,165,0.004670233511675584,0,0,49732,49783,109,48,156,167,172,159,0,0,99198,0,0,0,0,0,0,0,0,0,331,466,0,0,0,0,0,0
367,2835,368.11570573976144,99995,0,0,1,0,302,165,0.004670233511675584,0,0,49719,49766,108,48,170,184,189,173,0,0,99167,0,0,0,0,0,0,0,0,0,362,466,0,0,0,0,0,0
368,2835,369.109323449364,99995,0,0,1,0,302,165,0.004670233511675584,0,0,49705,49749,108,47,184,202,207,188,0,0,99134,0,0,0,0,0,0,0,0,0,395,466,0,0,0,0,0,0
369,2835,370.10321554127324,99995,0,0,1,0,302,165,0.004670233511675584,0,0,49689,49731,108,47,200,220,227,205,0,0,99097,0,0,0,0,0,0,0,0,0,432,466,0,0,0,0,0,0
370,2835,371.0974222972181,99995,0,0,1,0,302,165,0.004670233511675584,0,0,49672,49709,108,47,217,242,249,223,0,0,99057,0,0,0,0,0,0,0,0,0,472,466,0,0,0,0,0,0
371,2835,372.0919641078037,99995,0,0,1,0,302,165,0.004670233511675584,0,0,49655,49686,107,47,235,265,273,242,0,0,99014,0,0,0,0,0,0,0,0,0,515,466,0,0,0,0,0,0
372,2835,373.08684125118936,99995,0,0,1,0,302,165,0.004670233511675584,0,0,49635,49660,107,47,255,291,299,263,0,0,98967,0,0,0,0,0,0,0,0,0,562,466,0,0,0,0,0,0
373,2835,374.0820942525809,99995,0,0,1,0,302,165,0.004670233511675584,0,0,49614,49632,107,47,276,319,327,285,0,0,98917,0,0,0,0,0,0,0,0,0,612,466,0,0,0,0,0,0
374,2835,375.077770381615,99995,0,0,1,0,302,165,0.004670233511675584,0,0,49591,49602,107,47,299,349,357,309,0,0,98864,0,0,0,0,0,0,0,0,0,665,465,1,0,0,0,0,0
375,2835,376.0738834900639,99995,0,0,1,0,302,165,0.004670233511675584,0,0,49568,49570,105,47,324,381,390,335,0,0,98805,0,0,0,0,0,0,0,0,0,724,465,1,0,0,0,0,0
376,2835,377.0704608830199,99995,0,0,1,0,302,165,0.004670233511675584,0,0,49543,49536,103,47,351,415,425,362,0,0,98743,0,0,0,0,0,0,0,0,0,786,465,1,0,0,0,0,0
377,2835,378.0675434207502,99995,0,0,1,0,302,165,0.004670233511675584,0,0,49515,49500,103,47,379,451,463,391,0,0,98676,0,0,0,0,0,0,0,0,0,853,465,1,0,0,0,0,0
378,2835,379.0651720543094,99995,0,0,1,0,302,165,0.004670233511675584,0,0,49485,49460,103,47,409,491,504,422,0,0,98604,0,0,0,0,0,0,0,0,0,925,465,1,0,0,0,0,0
379,2835,380.06340136212845,99995,0,0,1,0,302,165,0.004670233511675584,0,0,49452,49419,103,46,442,533,548,455,0,0,98528,0,0,0,0,0,0,0,0,0,1001,464,2,0,0,0,0,0
380,2835,381.06227940787863,99995,0,0,1,0,302,165,0.004670233511675584,0,0,49418,49374,103,46,476,578,595,490,0,0,98446,0,0,0,0,0,0,0,0,0,1083,464,2,0,0,0,0,0
381,2835,382.0618408960186,99995,0,0,1,0,302,165,0.004670233511675584,0,0,49382,49325,103,46,512,627,646,527,0,0,98358,0,0,0,0,0,0,0,0,0,1171,464,2,0,0,0,0,0
382,2835,383.0621207289473,99995,0,0,1,0,302,165,0.004670233511675584,0,0,49342,49272,103,46,552,680,700,567,0,0,98266,0,0,0,0,0,0,0,0,0,1263,462,4,0,0,0,0,0
383,2835,384.06318788893276,99995,0,0,1,0,302,165,0.004670233511675584,0,0,49301,49218,103,46,593,734,758,609,0,0,98166,0,0,0,0,0,0,0,0,0,1363,462,4,0,0,0,0,0
384,2835,385.06507748568856,99995,0,0,1,0,302,165,0.004670233511675584,0,0,49257,49159,102,46,638,793,820,654,0,0,98060,0,0,0,0,0,0,0,0,0,1469,461,5,0,0,0,0,0
385,2835,386.06783873867835,99995,0,0,1,0,302,165,0.004670233511675584,0,0,49213,49094,101,45,683,859,886,701,0,0,97949,0,0,0,0,0,0,0,0,0,1580,459,7,0,0,0,0,0
386,2835,387.07150737845717,99995,0,0,1,0,302,165,0.004670233511675584,0,0,49165,49026,100,44,732,928,957,751,0,0,97829,0,0,0,0,0,0,0,0,0,1700,458,8,0,0,0,0,0
387,2835,388.0761192799519,99995,0,0,1,0,302,165,0.004670233511675584,0,0,49115,48956,100,44,782,998,1032,804,0,0,97702,0,0,0,0,0,0,0,0,0,1827,457,9,0,0,0,0,0
388,2835,389.0817446907525,99995,0,0,1,0,302,165,0.004670233511675584,0,0,49062,48881,98,44,837,1073,1112,860,0,0,97566,0,0,0,0,0,0,0,0,0,1963,457,9,0,0,0,0,0
389,2835,390.08844748984274,99995,0,0,1,0,302,165,0.004670233511675584,0,0,49007,48799,98,44,892,1155,1197,919,0,0,97423,0,0,0,0,0,0,0,0,0,2106,456,10,0,0,0,0,0
390,2835,391.0962713961412,99995,0,0,1,0,302,165,0.004670233511675584,0,0,48947,48714,98,44,952,1240,1287,981,0,0,97271,0,0,0,0,0,0,0,0,0,2258,456,10,0,0,0,0,0
391,2835,392.1052879422838,99995,0,0,1,0,302,165,0.004670233511675584,0,0,48887,48624,98,44,1012,1330,1382,1046,0,0,97112,0,0,0,0,0,0,0,0,0,2417,455,11,0,0,0,0,0
392,2835,393.11554146212666,99995,0,0,1,0,302,165,0.004670233511675584,0,0,48820,48525,98,44,1079,1429,1483,1115,0,0,96942,0,0,0,0,0,0,0,0,0,2587,455,11,0,0,0,0,0
393,2835,394.1271390546343,99995,0,0,1,0,302,165,0.004670233511675584,0,0,48753,48424,98,44,1146,1530,1590,1187,0,0,96764,0,0,0,0,0,0,0,0,0,2765,454,12,0,0,0,0,0
394,2835,395.1401259883357,99995,0,0,1,0,302,165,0.004670233511675584,0,0,48686,48317,98,42,1213,1639,1703,1263,0,0,96576,0,0,0,0,0,0,0,0,0,2953,453,13,0,0,0,0,0
395,2835,396.1545133067665,99995,0,0,1,0,302,165,0.004670233511675584,0,0,48609,48206,98,42,1290,1750,1822,1342,0,0,96379,0,0,0,0,0,0,0,0,0,3150,452,14,0,0,0,0,0
396,2835,397.1704724540424,99995,0,0,1,0,302,165,0.004670233511675584,0,0,48529,48086,98,41,1370,1871,1948,1425,0,0,96172,0,0,0,0,0,0,0,0,0,3357,450,16,0,0,0,0,0
397,2835,398.18807862105706,99995,0,0,1,0,302,165,0.004670233511675584,0,0,48446,47962,98,39,1453,1997,2080,1512,0,0,95955,0,0,0,0,0,0,0,0,0,3574,448,18,0,0,0,0,0
398,2835,399.2074145317728,99995,0,0,1,0,302,165,0.004670233511675584,0,0,48361,47834,98,39,1538,2125,2219,1603,0,0,95726,0,0,0,0,0,0,0,0,0,3803,447,19,0,0,0,0,0
399,2835,400.2285426002722,99995,0,0,1,0,302,165,0.004670233511675584,0,0,48266,47692,98,39,1633,2267,2365,1698,0,0,95487,0,0,0,0,0,0,0,0,0,4042,445,21,0,0,0,0,0
400,2835,401.25160407258113,99995,0,0,1,0,302,165,0.004670233511675584,0,0,48176,47547,98,39,1723,2412,2519,1797,0,0,95235,0,0,0,0,0,0,0,0,0,4294,444,22,0,0,0,0,0
401,2835,402.27657794619387,99995,0,0,1,0,302,165,0.004670233511675584,0,0,48078,47393,98,39,1821,2566,2680,1901,0,0,94970,0,0,0,0,0,0,0,0,0,4559,444,22,0,0,0,0,0
402,2835,403.30362856694666,99995,0,0,1,0,302,165,0.004670233511675584,0,0,47973,47238,98,38,1926,2722,2849,2009,0,0,94695,0,0,0,0,0,0,0,0,0,4834,442,24,0,0,0,0,0
403,2835,404.33290046083096,99995,0,0,1,0,302,165,0.004670233511675584,0,0,47867,47067,97,38,2033,2893,3026,2121,0,0,94407,0,0,0,0,0,0,0,0,0,5122,441,25,0,0,0,0,0
404,2835,405.0203457859015,99995,0,0,1,0,302,165,0.004670233511675584,0,0,47758,46886,97,37,2142,3075,3211,2238,0,0,94106,0,0,0,0,0,0,0,0,0,5423,440,26,0,0,0,0,0
405,2835,406.05423497588833,99995,0,0,1,0,302,165,0.004670233511675584,0,0,47643,46705,94,36,2260,3257,3404,2360,0,0,93793,0,0,0,0,0,0,0,0,0,5736,438,28,0,0,0,0,0
406,2835,407.0905865962918,99995,0,0,1,0,302,165,0.004670233511675584,0,0,47528,46516,93,34,2376,3448,3606,2486,0,0,93468,0,0,0,0,0,0,0,0,0,6061,435,31,0,0,0,0,0
407,2835,408.1294344577826,99995,0,0,1,0,302,165,0.004670233511675584,0,0,47403,46313,93,34,2501,3651,3817,2617,0,0,93127,0,0,0,0,0,0,0,0,0,6402,434,32,0,0,0,0,0
408,2835,409.17096699318006,99995,0,0,1,0,302,165,0.004670233511675584,0,0,47272,46112,92,33,2633,3853,4036,2753,0,0,92773,0,0,0,0,0,0,0,0,0,6756,433,33,0,0,0,0,0
409,2835,410.21535284376984,99995,0,0,1,0,302,165,0.004670233511675584,0,0,47146,45901,92,33,2759,4064,4264,2894,0,0,92407,0,0,0,0,0,0,0,0,0,7122,430,36,0,0,0,0,0
410,2835,411.26251904453886,99995,0,0,1,0,302,165,0.004670233511675584,0,0,47011,45680,92,33,2894,4285,4501,3040,0,0,92025,0,0,0,0,0,0,0,0,0,7504,429,37,0,0,0,0,0
411,2835,412.31269686393944,99995,0,0,1,0,302,165,0.004670233511675584,0,0,46865,45448,92,32,3040,4518,4747,3191,0,0,91629,0,0,0,0,0,0,0,0,0,7900,428,38,0,0,0,0,0
412,2835,413.01459691020085,99995,0,0,1,0,302,165,0.004670233511675584,0,0,46716,45203,91,32,3190,4763,5003,3347,0,0,91219,0,0,0,0,0,0,0,0,0,8310,426,40,0,0,0,0,0
413,2835,414.07134165383786,99995,0,0,1,0,302,165,0.004670233511675584,0,0,46568,44954,91,32,3338,5012,5268,3508,0,0,90795,0,0,0,0,0,0,0,0,0,8734,424,42,0,0,0,0,0
414,2835,415.13138986117343,99995,0,0,1,0,302,165,0.004670233511675584,0,0,46409,44701,91,32,3497,5265,5542,3675,0,0,90355,0,0,0,0,0,0,0,0,0,9174,423,43,0,0,0,0,0
415,2835,416.1950679976381,99995,0,0,1,0,302,165,0.004670233511675584,0,0,46250,44439,91,32,3656,5527,5826,3847,0,0,89900,0,0,0,0,0,0,0,0,0,9629,422,44,0,0,0,0,0
416,2835,417.2623624768043,99995,0,0,1,0,302,165,0.004670233511675584,0,0,46094,44170,91,32,3812,5796,6119,4024,0,0,89433,0,0,0,0,0,0,0,0,0,10096,419,47,0,0,0,0,0
417,2835,418.3332440882168,99995,0,0,1,0,302,165,0.004670233511675584,0,0,45932,43890,88,32,3977,6076,6422,4206,0,0,88949,0,0,0,0,0,0,0,0,0,10580,418,48,0,0,0,0,0
418,2835,419.0492393989773,99995,0,0,1,0,302,165,0.004670233511675584,0,0,45754,43603,88,32,4155,6363,6734,4394,0,0,88449,0,0,0,0,0,0,0,0,0,11080,418,48,0,0,0,0,0
419,2835,420.12799021288055,99995,0,3,1,0,302,168,0.004700235011750587,25,22,45557,43278,86,32,4329,6663,7056,4587,0,0,87935,0,0,0,0,0,0,0,0,0,11594,417,49,0,0,0,0,0
420,2835,421.01401652513135,99995,6,7,1,0,308,172,0.0048002400120006,19,19,45373,42975,86,32,4513,6965,7387,4785,0,0,87407,0,0,0,0,0,0,0,0,0,12122,416,50,0,0,0,0,0
421,2835,422.14376546997295,99995,12,12,1,0,315,178,0.004930246512325616,18,14,45182,42663,85,33,4700,7276,7727,4988,0,0,86866,2,0,0,0,0,0,0,0,0,12661,412,54,0,0,0,0,0
422,2835,423.0605325184622,99995,16,12,1,0,321,180,0.005010250512525626,18,13,44975,42323,87,34,4901,7616,8077,5196,0,0,86309,4,2,0,0,0,0,0,0,0,13214,409,57,0,0,0,0,0
423,2835,424.00574090126804,99995,19,19,1,0,326,188,0.005140257012850643,16,10,44770,41987,88,35,5104,7947,8436,5410,0,0,85737,7,2,0,0,0,0,0,0,0,13783,405,61,0,0,0,0,0
424,2835,425.1072299112739,99995,24,18,1,0,333,189,0.005220261013050653,20,17,44568,41663,88,37,5297,8263,8804,5629,0,0,85149,11,2,0,0,0,0,0,0,0,14367,402,64,0,0,0,0,0
425,2835,426.29698779612175,99995,26,19,1,0,336,191,0.005270263513175659,21,16,44354,41313,88,38,5508,8612,9181,5853,0,0,84549,13,2,0,0,0,0,0,0,0,14965,399,67,0,0,0,0,0
426,2835,427.03154060804695,99995,24,21,1,0,340,195,0.005350267513375669,25,14,44132,40943,94,40,5722,8980,9566,6082,0,0,83928,21,2,0,0,0,0,0,0,0,15578,398,68,0,0,0,0,0
427,2835,428.21676994150397,99995,22,21,1,0,343,198,0.005410270513525676,32,15,43907,40585,99,43,5937,9334,9960,6316,0,0,83294,29,2,0,0,0,0,0,0,0,16204,396,70,0,0,0,0,0
428,2835,429.0671201548902,99995,22,24,1,0,350,203,0.005530276513825691,31,14,43681,40200,106,45,6157,9715,10362,6555,0,0,82646,38,2,0,0,0,0,0,0,0,16843,394,72,0,0,0,0,0
429,2835,430.1049013141687,99995,30,29,1,0,362,211,0.005730286514325716,26,12,43454,39813,109,46,6378,10098,10772,6798,0,0,81992,44,3,0,0,0,0,0,0,0,17490,389,77,0,0,0,0,0
430,2835,431.05582957175847,99995,35,24,1,0,370,213,0.005830291514575729,25,18,43222,39417,111,52,6604,10487,11189,7046,0,0,81323,50,7,0,0,0,0,0,0,0,18149,387,79,0,0,0,0,0
431,2835,432.12007402724356,99994,33,26,2,0,375,218,0.005930355821349281,29,19,42986,39016,115,55,6833,10882,11614,7298,0,0,80639,57,9,0,0,0,0,0,0,0,18823,386,80,0,0,0,0,0
432,2835,433.037344995958,99994,44,26,2,0,387,223,0.006100366021961318,33,19,42742,38634,115,59,7062,11260,12046,7555,0,0,79950,60,12,0,0,0,0,0,0,0,19506,383,83,0,0,0,0,0
433,2835,434.09054016840423,99994,45,28,2,0,392,228,0.006200372022321339,39,22,42496,38241,118,60,7298,11647,12485,7816,0,0,79247,66,13,0,0,0,0,0,0,0,20202,380,86,0,0,0,0,0
434,2835,435.0392998182455,99994,51,30,2,0,400,230,0.006300378022681361,42,25,42245,37830,117,59,7541,12054,12930,8081,0,0,78543,65,16,0,0,0,0,0,0,0,20904,375,91,0,0,0,0,0
435,2835,436.3120866073795,99994,48,38,2,0,413,240,0.006530391823509411,46,22,41995,37434,130,59,7777,12445,13381,8350,0,0,77814,81,18,0,0,0,0,0,0,0,21615,368,98,0,0,0,0,0
436,2835,437.27194711335676,99994,42,39,2,0,418,246,0.006640398423905435,61,23,41730,37023,140,63,8023,12850,13838,8623,0,0,77077,94,21,0,0,0,0,0,0,0,22336,362,104,0,0,0,0,0
437,2835,438.23777127502393,99994,52,41,2,0,433,251,0.006840410424625478,60,24,41472,36585,143,66,8269,13282,14300,8900,0,0,76336,101,22,0,0,0,0,0,0,0,23069,357,109,0,0,0,0,0
438,2835,439.2094845772731,99994,66,39,2,0,451,254,0.0070504230253815225,65,32,41199,36152,146,71,8520,13704,14767,9181,0,0,75582,108,24,0,0,0,0,0,0,0,23814,356,110,0,0,0,0,0
439,2835,440.18736520470014,99994,75,45,2,0,467,264,0.007310438626317579,64,36,40926,35717,152,74,8779,14126,15238,9465,0,0,74822,117,26,0,0,0,0,0,0,0,24563,352,114,0,0,0,0,0
440,2835,441.1716331439783,99994,72,50,2,0,481,278,0.00759045542732564,67,33,40668,35302,167,80,9022,14533,15714,9752,0,0,74050,132,36,1,0,0,0,0,0,0,25310,345,120,0,0,0,0,0
441,2835,442.1621354030969,99994,77,52,2,0,497,289,0.007860471628297698,77,32,40392,34882,172,89,9278,14943,16193,10042,0,0,73271,148,40,1,0,0,0,0,0,0,26069,339,126,0,0,0,0,0
442,2835,443.15918837274023,99994,78,50,2,0,515,296,0.008110486629197751,83,46,40109,34432,187,97,9539,15373,16675,10335,0,0,72478,168,46,1,0,0,0,0,0,0,26836,337,128,0,0,0,0,0
443,2835,444.16313803319986,99994,90,57,2,0,540,308,0.008480508830529832,77,40,39826,34012,198,101,9805,15788,17160,10631,0,0,71685,183,49,1,0,0,0,0,0,0,27611,334,131,0,0,0,0,0
444,2835,445.1741032082192,99994,93,62,2,0,557,321,0.008780526831609896,86,36,39535,33566,211,108,10071,16226,17648,10929,0,0,70883,199,55,1,0,0,0,0,0,0,28391,334,131,0,0,0,0,0
445,2835,446.1923283923491,99994,95,61,2,0,577,333,0.009100546032761966,89,41,39253,33098,229,120,10330,16678,18137,11229,0,0,70074,222,63,1,0,0,0,0,0,0,29169,331,134,0,0,0,0,0
446,2835,447.217819757681,99994,101,63,2,0,602,343,0.009450567034022042,104,47,38957,32657,246,126,10588,17105,18628,11531,0,0,69265,241,71,1,0,0,0,0,0,0,29951,328,137,0,0,0,0,0
447,2835,448.2508335483162,99994,118,72,2,0,633,357,0.009900594035642139,106,46,38662,32216,259,130,10851,17534,19120,11835,0,0,68455,257,74,1,0,0,0,0,0,0,30742,326,139,0,0,0,0,0
448,2835,449.2914646318525,99994,127,74,2,0,659,372,0.010310618637118227,121,51,38364,31787,271,139,11113,17947,19613,12141,0,0,67638,278,83,1,0,0,0,0,0,0,31529,323,142,0,0,0,0,0
449,2835,450.33986759700656,99994,132,79,2,0,688,383,0.010710642638558313,125,59,38061,31344,294,142,11384,18374,20106,12449,0,0,66818,298,93,1,0,0,0,0,0,0,32319,322,143,0,0,0,0,0
450,2835,451.0432476914521,99994,146,79,2,0,713,396,0.011090665439926395,117,58,37764,30889,301,151,11668,18821,20599,12758,0,0,66004,314,101,1,0,0,0,0,0,0,33109,318,147,0,0,0,0,0
451,2835,452.10804577167556,99994,154,81,2,0,742,413,0.011550693041582495,131,56,37462,30465,317,159,11932,19237,21091,13068,0,0,65189,331,117,4,0,0,0,0,0,0,33891,311,151,0,0,0,0,0
452,2835,453.1811203353391,99994,161,79,2,0,775,422,0.011970718243094586,143,69,37163,30033,340,169,12189,19648,21582,13379,0,0,64363,357,128,4,0,0,0,0,0,0,34680,309,153,0,0,0,0,0
453,2835,454.26249777307385,99994,184,82,2,0,816,440,0.012560753645218713,145,75,36863,29623,351,181,12453,20037,22071,13690,0,0,63548,375,143,4,0,0,0,0,0,0,35462,306,156,0,0,0,0,0
454,2835,455.3524788162854,99993,197,97,3,0,860,463,0.013230926164831538,158,78,36564,29201,373,180,12703,20442,22559,14002,0,0,62730,394,162,4,0,0,0,0,0,0,36241,304,158,0,0,0,0,0
455,2835,456.08377488580777,99993,195,99,3,0,887,477,0.01364095486684068,166,83,36259,28752,401,189,12974,20875,23044,14314,0,0,61906,423,174,4,0,0,0,0,0,0,37024,302,160,0,0,0,0,0
456,2835,457.1911857620052,99993,197,111,3,0,934,502,0.014361005270368927,164,92,35960,28331,442,199,13232,21265,23527,14626,0,0,61074,467,188,4,0,0,0,0,0,0,37798,295,167,0,0,0,0,0
457,2835,458.30772502411526,99993,219,123,3,0,984,527,0.015111057774044184,160,97,35663,27915,464,205,13489,21658,24007,14938,0,0,60267,484,211,5,0,0,0,0,0,0,38565,292,169,0,0,0,0,0
458,2835,459.0570590775276,99993,234,127,3,0,1022,546,0.01568109767683738,173,88,35351,27507,483,215,13754,22061,24484,15250,0,0,59463,505,228,5,0,0,0,0,0,0,39331,286,175,0,0,0,0,0
459,2835,460.19208664152677,99993,254,127,3,0,1073,572,0.016451151580610644,178,94,35056,27094,511,237,13996,22446,24957,15561,0,0,58651,537,253,5,0,0,0,0,0,0,40086,282,179,0,0,0,0,0
460,2835,461.3363563675267,99993,263,127,3,0,1123,594,0.01717120198413889,196,109,34749,26688,543,255,14244,22819,25426,15871,0,0,57843,568,285,5,0,0,0,0,0,0,40831,280,181,0,0,0,0,0
461,2835,462.10462472684094,99993,274,143,3,0,1160,622,0.017821247487324113,213,104,34465,26269,562,264,14481,23218,25891,16180,0,0,57054,587,303,5,1,0,0,0,0,0,41583,276,184,0,0,0,0,0
462,2835,463.26794411993916,99993,296,149,3,0,1228,653,0.018811316792175452,218,104,34163,25899,597,284,14721,23562,26351,16488,0,0,56250,628,333,4,2,0,0,0,0,0,42316,272,188,0,0,0,0,0
463,2835,464.0488234505142,99993,299,150,3,0,1267,671,0.019381356694968647,242,115,33840,25491,627,297,14987,23945,26807,16795,0,0,55458,659,351,5,4,0,0,0,0,0,43058,269,189,0,0,0,0,0
464,2835,465.2325705897832,99993,323,157,3,0,1334,702,0.020361425299770985,269,128,33531,25111,661,317,15211,24285,27258,17101,0,0,54660,702,375,5,4,0,0,0,0,0,43789,267,191,0,0,0,0,0
465,2835,466.02740971078833,99993,341,168,3,0,1387,724,0.02111147780344624,271,126,33236,24738,688,319,15459,24647,27704,17405,0,0,53895,725,397,5,5,0,0,0,0,0,44509,259,198,0,0,0,0,0
466,2835,467.23163840412695,99993,380,181,3,0,1473,758,0.02231156180932665,282,141,32933,24369,725,333,15675,24974,28144,17707,0,0,53121,762,428,5,5,0,0,0,0,0,45215,254,203,0,0,0,0,0
467,2835,468.04022852056227,99993,389,174,3,0,1523,779,0.023021611512805896,305,150,32634,23986,762,355,15905,25333,28579,18008,0,0,52355,794,464,6,5,0,0,0,0,0,45913,251,205,0,0,0,0,0
468,2835,469.26544711013634,99993,402,191,3,0,1625,819,0.024441710919764385,324,148,32331,23670,843,371,16095,25618,29008,18307,0,0,51562,863,506,7,5,0,0,0,0,0,46595,246,209,0,0,0,0,0
469,2835,470.0883028904155,99992,429,200,4,0,1710,845,0.025552044163533082,303,153,32040,23307,890,384,16332,25954,29431,18603,0,0,50811,898,544,8,5,0,0,0,0,0,47272,242,212,0,0,0,0,0
470,2835,471.335493181093,99991,429,194,4,1,1789,887,0.02676240861677551,323,152,31752,22971,954,429,16536,26251,29848,18897,0,0,50023,976,590,9,5,0,0,0,0,0,47934,240,214,0,0,0,0,0
471,2835,472.17306092569146,99991,455,187,4,1,1868,915,0.02783250492544329,306,153,31474,22618,993,461,16766,26578,30259,19189,0,0,49278,1021,633,9,5,0,0,0,0,0,48591,237,217,0,0,0,0,0
472,2835,473.0180474797457,99990,453,192,5,1,1932,945,0.028772877287728774,322,153,31182,22294,1050,477,16986,26881,30663,19478,0,0,48533,1072,672,9,5,0,0,0,0,0,49245,237,217,0,0,0,0,0
473,2835,474.29884739484015,99990,472,203,5,1,2032,983,0.030153015301530153,350,168,30891,21970,1116,497,17164,27159,31061,19765,0,0,47787,1133,719,9,5,0,0,0,0,0,49883,237,217,0,0,0,0,0
474,2835,475.1590362466572,99990,499,215,5,1,2112,1027,0.031393139313931395,358,160,30597,21653,1161,524,17378,27445,31452,20049,0,0,47078,1170,767,9,5,0,0,0,0,0,50507,234,220,0,0,0,0,0
475,2835,476.0271344842572,99989,521,229,6,1,2196,1060,0.03256358199401934,367,177,30329,21342,1208,535,17567,27714,31837,20330,0,0,46376,1210,806,9,6,0,0,0,0,0,51129,229,224,0,0,0,0,0
476,2835,477.34233529902366,99988,556,230,7,1,2325,1098,0.03423410809297116,359,196,30065,21073,1281,566,17730,27932,32215,20608,0,0,45645,1285,858,11,6,0,0,0,0,0,51731,226,226,0,0,0,0,0
477,2835,478.2252217378211,99988,564,247,7,1,2406,1146,0.035524262911549385,369,184,29794,20770,1333,592,17931,28204,32586,20883,0,0,44955,1333,913,10,8,0,0,0,0,0,52318,223,228,0,0,0,0,0
478,2835,479.11572136871877,99988,553,259,7,1,2475,1184,0.036594391326959234,394,191,29537,20487,1395,605,18112,28455,32951,21155,0,0,44282,1371,979,11,8,0,0,0,0,0,52886,220,231,0,0,0,0,0
479,2835,480.0138709475748,99988,587,255,7,1,2573,1219,0.037924550946113536,407,192,29267,20210,1441,638,18289,28702,33309,21424,0,0,43607,1421,1028,11,10,0,0,0,0,0,53460,218,233,0,0,0,0,0
480,2835,481.3747719713624,99987,627,281,8,1,2718,1290,0.040085211077440064,419,192,29021,19970,1521,673,18402,28881,33660,21690,0,0,42915,1498,1099,12,10,0,0,0,0,0,54003,214,236,0,0,0,0,0
481,2835,482.2879155311248,99987,644,285,8,1,2806,1334,0.04140538269975097,417,197,28766,19683,1580,707,18583,29125,34004,21952,0,0,42273,1539,1168,12,11,0,0,0,0,0,54535,209,240,0,0,0,0,0
482,2835,483.20876277817854,99986,667,305,8,2,2917,1388,0.04305602784389814,429,186,28494,19426,1649,731,18751,29348,34342,22211,0,0,41629,1585,1239,14,11,0,0,0,0,0,55059,207,242,0,0,0,0,0
483,2835,484.13801245567925,99986,674,300,8,2,3020,1427,0.044476226671734044,431,212,28244,19164,1726,759,18915,29561,34673,22467,0,0,41000,1629,1331,15,12,0,0,0,0,0,55550,204,245,0,0,0,0,0
484,2835,485.07542794899075,99986,677,301,8,2,3122,1470,0.04592642970015802,439,241,28005,18897,1802,788,19067,29769,34997,22719,0,0,40381,1677,1420,15,14,0,0,0,0,0,56030,199,250,0,0,0,0,0
485,2835,486.02070411533424,99986,689,316,8,2,3233,1526,0.04759666353289461,423,241,27794,18662,1874,818,19210,29959,35315,22968,0,0,39775,1718,1513,18,15,0,0,0,0,0,56500,194,253,0,0,0,0,0
486,2835,487.45161622261827,99985,722,323,8,3,3399,1605,0.05004750712606891,438,242,27538,18455,1988,872,19304,30103,35626,23213,0,0,39140,1795,1630,20,18,0,0,0,0,0,56935,193,254,0,0,0,0,0
487,2835,488.41238626088176,99984,726,333,9,3,3507,1654,0.05161825892142743,461,244,27303,18248,2062,901,19437,30269,35930,23455,0,0,38534,1855,1706,23,18,0,0,0,0,0,57401,189,258,0,0,0,0,0
488,2835,489.38102228633574,99984,744,344,9,3,3621,1716,0.05337854056649064,477,238,27070,18036,2133,937,19565,30440,36228,23693,0,0,37953,1901,1805,24,18,0,0,0,0,0,57836,187,260,0,0,0,0,0
489,2835,490.3576556059629,99984,766,352,9,3,3733,1775,0.055088814210273646,476,238,26835,17820,2203,978,19709,30607,36519,23928,0,0,37376,1949,1890,27,19,0,0,0,0,0,58276,187,260,0,0,0,0,0
490,2835,491.34256176835805,99983,780,368,10,3,3864,1839,0.057039696748447236,479,234,26613,17632,2292,1013,19824,30748,36804,24159,0,0,36781,2025,1970,29,21,0,0,0,0,0,58710,187,260,0,0,0,0,0
491,2835,492.3354044826202,99982,791,353,11,3,3974,1885,0.05860054809865776,499,258,26400,17430,2366,1063,19931,30891,37083,24386,0,0,36232,2069,2075,31,25,0,0,0,0,0,59105,183,262,0,0,0,0,0
492,2835,493.3360119844833,99981,795,355,12,3,4100,1949,0.06050149528410398,499,265,26182,17241,2457,1112,20053,31022,37355,24610,0,0,35662,2145,2178,31,27,0,0,0,0,0,59493,180,265,0,0,0,0,0
493,2835,494.34498688933894,99981,798,386,12,3,4217,2032,0.0625018753563177,515,255,25970,17067,2546,1153,20157,31134,37621,24830,0,0,35119,2202,2276,34,30,0,0,0,0,0,59876,177,267,0,0,0,0,0
494,2835,495.3620096000908,99981,829,389,12,3,4359,2095,0.06455226493033676,515,245,25759,16895,2628,1198,20255,31268,37881,25047,0,0,34585,2262,2378,38,31,0,0,0,0,0,60244,170,273,0,0,0,0,0
495,2835,496.3869572174911,99980,821,387,12,4,4479,2154,0.06634326865373075,528,241,25544,16727,2732,1244,20361,31395,38135,25260,0,0,34054,2328,2500,38,31,0,0,0,0,0,60586,168,275,0,0,0,0,0
496,2835,497.42032134717465,99979,844,407,13,4,4625,2225,0.06851438802148452,532,232,25330,16589,2837,1282,20442,31484,38383,25469,0,0,33529,2393,2599,40,34,0,0,0,0,0,60942,168,274,0,0,0,0,0
497,2835,498.46224254759915,99979,860,421,13,4,4756,2288,0.07045479550705648,543,239,25132,16450,2922,1315,20528,31569,38625,25675,0,0,33044,2433,2718,41,36,0,0,0,0,0,61266,164,277,0,0,0,0,0
498,2835,499.51205984522386,99979,846,400,13,4,4888,2342,0.07231518618909971,556,254,24960,16316,3028,1376,20595,31648,38862,25877,0,0,32537,2500,2863,41,40,0,0,0,0,0,61557,164,277,0,0,0,0,0
499,2835,500.03894111525665,99978,844,383,13,5,4959,2365,0.07325611634559603,562,262,24774,16145,3079,1402,20726,31801,39093,26076,0,0,32081,2526,2945,43,40,0,0,0,0,0,61902,161,280,0,0,0,0,0
500,2835,501.10404070530666,99978,879,389,13,5,5111,2434,0.07546660265258356,553,269,24610,16021,3163,1451,20780,31863,39319,26271,0,0,31595,2590,3055,45,41,0,0,0,0,0,62211,160,281,0,0,0,0,0
501,2835,502.17611336745546,99977,893,406,13,6,5246,2505,0.07752783140122228,571,268,24424,15888,3263,1490,20834,31940,39539,26463,0,0,31133,2636,3161,52,46,0,0,0,0,0,62510,157,282,0,0,0,0,0
502,2835,503.2556175539861,99977,918,398,13,6,5400,2567,0.07968832831551256,562,283,24256,15762,3353,1538,20896,32011,39754,26651,0,0,30683,2685,3308,52,48,0,0,0,0,0,62763,155,283,0,0,0,0,0
503,2835,504.3426244410879,99975,913,401,14,7,5545,2643,0.0819004751187797,538,275,24103,15678,3468,1588,20962,32049,39964,26836,0,0,30214,2755,3438,58,53,0,0,0,0,0,63020,152,285,0,0,0,0,0
504,2835,505.4369120629956,99974,940,424,15,7,5718,2720,0.08440194450557145,507,265,23962,15598,3573,1625,21001,32079,40169,27017,0,0,29762,2823,3555,59,59,0,0,0,0,0,63279,149,288,0,0,0,0,0
505,2835,506.53795225816333,99974,922,444,15,7,5856,2800,0.08658251145297777,517,260,23805,15522,3698,1662,21041,32103,40368,27195,0,0,29326,2880,3703,61,63,0,0,0,0,0,63505,149,287,0,0,0,0,0
506,2835,507.0900622414909,99974,913,450,15,7,5928,2838,0.08768279752735711,526,255,23653,15384,3744,1679,21147,32223,40563,27370,0,0,28952,2886,3808,61,64,0,0,0,0,0,63767,147,289,0,0,0,0,0
507,2835,508.20539382385857,99974,884,439,15,7,6055,2897,0.08954328125312581,541,266,23518,15295,3866,1734,21174,32257,40753,27541,0,0,28519,2952,3948,69,67,0,0,0,0,0,63985,145,289,0,0,0,0,0
508,2835,509.32730578544914,99974,862,449,15,7,6181,2970,0.09153379878768479,575,256,23372,15225,3973,1780,21201,32281,40938,27709,0,0,28101,3014,4083,72,71,0,0,0,0,0,64199,145,289,0,0,0,0,0
509,2835,510.45603326707,99973,867,448,15,8,6331,3041,0.0937453112340332,561,248,23263,15171,4078,1836,21214,32287,41118,27874,0,0,27688,3083,4222,71,76,0,0,0,0,0,64399,145,289,0,0,0,0,0
510,2835,511.0219984830663,99973,878,442,15,8,6408,3071,0.09481560021205726,557,250,23123,15055,4114,1861,21311,32382,41294,28036,0,0,27336,3097,4304,73,77,0,0,0,0,0,64652,143,291,0,0,0,0,0
511,2835,512.1633357235311,99973,897,447,15,8,6574,3148,0.0972462564892521,526,234,22994,14985,4222,1914,21344,32410,41466,28195,0,0,26950,3154,4460,72,81,0,0,0,0,0,64822,142,292,0,0,0,0,0
512,2835,513.3113865376681,99973,896,444,15,8,6725,3209,0.09936682904384184,525,248,22888,14935,4330,1958,21344,32405,41633,28351,0,0,26582,3191,4615,80,85,0,0,0,0,0,64986,142,292,0,0,0,0,0
513,2835,514.465353220231,99973,910,444,15,8,6890,3277,0.10169745831374472,512,236,22770,14881,4431,2004,21360,32425,41796,28503,0,0,26211,3241,4758,86,92,0,0,0,0,0,65151,142,292,0,0,0,0,0
514,2835,515.043660058945,99971,912,452,16,9,6968,3316,0.10286983225135289,490,232,22673,14792,4476,2019,21431,32494,41955,28652,0,0,25888,3254,4844,87,93,1,0,0,0,0,65371,142,291,0,0,0,0,0
515,2835,516.2089491944295,99971,911,426,16,9,7117,3369,0.10489041822128417,510,237,22561,14766,4578,2077,21422,32483,42110,28798,0,0,25531,3304,5000,94,99,1,0,0,0,0,65512,141,289,0,0,0,0,0
516,2835,517.3798448244146,99971,908,411,16,9,7261,3429,0.10693100999289794,518,251,22456,14727,4678,2127,21422,32473,42261,28942,0,0,25185,3353,5165,96,101,1,0,0,0,0,65640,141,289,0,0,0,0,0
517,2835,518.5557164930013,99969,892,400,17,10,7411,3500,0.10914383458872251,529,262,22355,14709,4798,2183,21407,32434,42408,29083,0,0,24836,3408,5328,103,108,2,0,0,0,0,65757,139,288,0,0,0,0,0
518,2835,519.1450154910095,99969,891,393,17,10,7498,3536,0.11037421600696216,497,243,22270,14640,4853,2210,21470,32502,42551,29221,0,0,24545,3417,5439,103,113,2,0,0,0,0,65923,139,288,0,0,0,0,0
519,2835,520.3320273697549,99969,861,393,17,10,7614,3596,0.1121347617761506,518,262,22198,14603,4952,2257,21452,32473,42691,29356,0,0,24224,3461,5577,107,122,2,0,0,0,0,66051,137,288,0,0,0,0,0
520,2835,521.5229484896024,99969,885,392,17,10,7774,3677,0.11454550910782342,501,242,22116,14597,5048,2323,21431,32434,42827,29488,0,0,23899,3511,5716,117,128,2,0,0,0,0,66174,134,288,0,0,0,0,0
521,2835,522.1189956381418,99969,886,395,17,10,7854,3712,0.11569586571837269,478,234,22027,14525,5091,2338,21499,32496,42960,29618,0,0,23633,3511,5815,120,131,2,0,0,0,0,66335,134,288,0,0,0,0,0
522,2835,523.3194693851941,99969,868,384,17,10,7994,3783,0.11780652002120658,484,215,21945,14529,5205,2392,21479,32468,43089,29745,0,0,23335,3551,5986,126,140,2,0,0,0,0,66408,130,291,0,0,0,0,0
523,2835,524.524510370789,99969,867,374,17,10,8139,3846,0.11988716502115655,481,223,21872,14538,5303,2447,21458,32406,43215,29869,0,0,23032,3601,6138,129,146,2,0,0,0,0,66501,130,290,0,0,0,0,0
524,2835,525.1280211626547,99968,871,380,18,10,8207,3879,0.1208986875800256,468,228,21793,14473,5343,2465,21505,32442,43338,29991,0,0,22781,3607,6211,130,151,2,0,0,0,0,66667,129,290,0,0,0,0,0
525,2835,526.3422564058252,99968,854,393,18,10,8335,3964,0.12302936939820742,477,211,21728,14479,5451,2515,21470,32390,43458,30110,0,0,22504,3640,6367,135,160,2,0,0,0,0,66741,129,290,0,0,0,0,0
526,2835,527.5603536847718,99965,868,393,19,12,8495,4030,0.12529385284849698,458,217,21655,14500,5559,2549,21439,32327,43575,30227,0,0,22223,3682,6506,140,169,2,0,0,0,0,66824,129,290,0,0,0,0,0
527,2835,528.1699745584494,99964,886,391,20,12,8567,4066,0.12637549517826419,451,215,21565,14459,5584,2571,21492,32350,43689,30341,0,0,21996,3676,6587,144,173,2,0,0,0,0,66967,129,290,0,0,0,0,0
528,2835,529.3967637427385,99963,880,399,20,13,8722,4126,0.1285275551954223,434,215,21516,14479,5685,2601,21463,32291,43800,30453,0,0,21732,3714,6728,149,184,3,0,0,0,0,67036,126,291,0,0,0,0,0
529,2835,530.0105611278283,99963,853,409,20,13,8787,4163,0.129547932735112,430,204,21444,14451,5750,2611,21501,32310,43908,30563,0,0,21506,3718,6823,154,190,3,0,0,0,0,67154,125,290,0,0,0,0,0
530,2835,531.2435140986923,99962,834,407,21,13,8915,4234,0.13153998519437385,420,201,21407,14477,5853,2663,21463,32237,44013,30670,0,0,21257,3751,6991,157,196,3,0,0,0,0,67192,125,290,0,0,0,0,0
531,2835,532.4793251345958,99961,840,416,22,13,9062,4297,0.13364212042696652,432,198,21366,14504,5927,2695,21411,32172,44115,30775,0,0,21022,3775,7136,161,205,3,0,0,0,0,67245,125,289,0,0,0,0,0
532,2835,533.0986558846732,99961,821,406,22,13,9116,4322,0.1344324286471724,459,201,21297,14475,5962,2709,21437,32194,44215,30878,0,0,20815,3783,7234,158,209,3,0,0,0,0,67345,124,290,0,0,0,0,0
533,2835,534.3367934209741,99960,795,396,23,13,9248,4374,0.13627450980392156,450,211,21264,14536,6070,2749,21396,32093,44312,30979,0,0,20571,3824,7383,163,219,3,0,0,0,0,67385,123,289,0,0,0,0,0
534,2835,535.5778752215049,99960,773,410,23,13,9375,4444,0.1382452981192477,444,208,21231,14604,6169,2781,21358,31982,44407,31078,0,0,20333,3867,7524,166,227,3,0,0,0,0,67429,121,290,0,0,0,0,0
535,2835,536.2001464683399,99960,779,402,23,13,9444,4470,0.13919567827130852,449,202,21173,14588,6203,2800,21371,31993,44499,31175,0,0,20134,3874,7601,169,229,4,0,0,0,0,67538,121,290,0,0,0,0,0
536,2835,537.4424880626868,99958,757,388,25,13,9564,4520,0.14089917765461493,427,215,21154,14635,6296,2844,21339,31903,44589,31270,0,0,19922,3891,7745,178,241,5,0,0,0,0,67567,120,289,0,0,0,0,0
537,2835,538.0653321373866,99957,743,371,26,13,9623,4553,0.14182098302269977,434,218,21104,14612,6328,2881,21363,31903,44677,31363,0,0,19747,3884,7850,181,250,5,0,0,0,0,67631,118,291,0,0,0,0,0
538,2835,539.3091289169323,99957,746,389,26,13,9769,4640,0.1441519853537021,402,189,21087,14663,6422,2924,21315,31820,44763,31454,0,0,19538,3914,8016,184,256,5,0,0,0,0,67637,117,290,0,0,0,0,0
539,2835,540.5562333720221,99957,735,371,26,13,9905,4713,0.14624288444030933,377,157,21058,14741,6521,2991,21281,31725,44846,31543,0,0,19314,3962,8183,189,263,5,0,0,0,0,67635,116,290,0,0,0,0,0
540,2835,541.1815716585267,99956,722,360,27,13,9958,4739,0.147034695265917,369,155,21029,14727,6553,3019,21298,31724,44927,31630,0,0,19145,3959,8259,193,274,5,0,0,0,0,67716,115,290,0,0,0,0,0
541,2835,542.4304792158665,99954,721,337,29,13,10075,4791,0.14872841507093262,370,153,21021,14791,6607,3072,21250,31632,45006,31715,0,0,18954,3981,8396,199,284,5,0,0,0,0,67731,113,291,0,0,0,0,0
542,2835,543.0569386032014,99954,718,345,29,13,10145,4815,0.14966884766992816,357,152,20989,14777,6639,3074,21266,31637,45083,31798,0,0,18791,3982,8468,201,290,5,0,0,0,0,67813,113,291,0,0,0,0,0
543,2835,544.3081144141765,99953,672,326,30,13,10254,4869,0.15130111152241554,357,146,20993,14850,6747,3117,21199,31546,45158,31879,0,0,18590,4025,8631,202,300,5,0,0,0,0,67798,112,290,0,0,0,0,0
544,2835,545.5635888625125,99953,686,308,30,13,10378,4905,0.15290186387602173,344,155,20981,14925,6820,3142,21137,31455,45231,31959,0,0,18424,4038,8762,203,309,5,0,0,0,0,67810,111,291,0,0,0,0,0
545,2835,546.1933120546807,99951,670,313,31,14,10435,4939,0.15381536953107022,340,137,20958,14913,6860,3154,21139,31467,45303,32037,0,0,18264,4044,8834,205,317,5,0,0,0,0,67880,110,292,0,0,0,0,0
546,2835,547.4527104592644,99951,636,305,31,14,10535,4976,0.1551860411601685,326,143,20986,14982,6939,3180,21080,31374,45373,32113,0,0,18087,4072,8959,209,326,5,0,0,0,0,67891,109,293,0,0,0,0,0
547,2835,548.0846916204708,99951,627,298,31,14,10570,4997,0.15574631569469038,332,137,20956,14987,6955,3186,21097,31376,45441,32188,0,0,17944,4074,9015,207,335,5,0,0,0,0,67969,109,293,0,0,0,0,0
548,2835,549.3479818383546,99950,634,303,32,14,10670,5046,0.15723861930965483,326,129,20976,15063,6992,3201,21038,31288,45507,32261,0,0,17789,4092,9110,208,346,5,0,0,0,0,67999,106,295,0,0,0,0,0
549,2835,550.6145170190558,99950,628,281,32,14,10775,5088,0.15870935467733868,324,117,20977,15151,7050,3243,20987,31192,45572,32333,0,0,17632,4112,9248,209,355,5,0,0,0,0,67991,105,293,0,0,0,0,0
550,2835,551.2488479233448,99950,627,284,32,14,10825,5108,0.15940970485242623,324,108,20963,15165,7071,3244,20981,31183,45635,32403,0,0,17498,4113,9309,209,358,5,0,0,0,0,68060,105,293,0,0,0,0,0
551,2835,552.5188453478876,99950,619,273,32,14,10925,5141,0.16074037018509255,323,116,20992,15255,7126,3266,20906,31074,45696,32472,0,0,17353,4123,9425,214,366,5,0,0,0,0,68067,104,293,0,0,0,0,0
552,2835,553.1537587818605,99948,629,266,34,14,10988,5158,0.16154400288149837,307,116,20971,15273,7142,3279,20915,31050,45756,32539,0,0,17229,4119,9484,213,377,5,0,0,0,0,68125,104,292,0,0,0,0,0
553,2835,554.4241334382904,99948,603,260,34,14,11078,5196,0.16282466882779045,314,117,20992,15341,7216,3299,20839,30967,45814,32605,0,0,17080,4141,9592,217,389,5,0,0,0,0,68130,103,291,0,0,0,0,0
554,2835,555.0585950397522,99948,581,254,34,14,11119,5213,0.16340497058470405,321,128,20974,15359,7253,3308,20835,30935,45871,32669,0,0,16948,4152,9662,216,392,5,0,0,0,0,68179,103,291,0,0,0,0,0
555,2835,556.329346696595,99946,562,242,36,14,11225,5250,0.1648390130670562,286,129,21007,15421,7321,3332,20786,30860,45927,32732,0,0,16810,4162,9791,224,401,5,0,0,0,0,68160,103,290,0,0,0,0,0
556,2835,557.5991807924843,99946,544,236,36,14,11321,5286,0.16615972625217618,268,130,21016,15485,7387,3358,20747,30775,45981,32794,0,0,16671,4183,9893,226,415,5,0,0,0,0,68160,102,291,0,0,0,0,0
557,2835,558.2334439431559,99946,543,230,36,14,11368,5301,0.16678006123306585,253,138,21001,15486,7410,3361,20755,30769,46034,32854,0,0,16561,4180,9957,226,419,5,0,0,0,0,68205,102,291,0,0,0,0,0
558,2835,559.5041837975721,99946,533,236,36,14,11447,5344,0.16800072038901007,247,140,21014,15578,7459,3379,20709,30651,46086,32913,0,0,16434,4195,10046,229,427,5,0,0,0,0,68217,100,293,0,0,0,0,0
559,2835,560.1392355944425,99946,518,234,36,14,11486,5361,0.16856102295239428,250,140,21008,15603,7473,3384,20713,30623,46136,32971,0,0,16325,4197,10097,229,437,5,0,0,0,0,68263,99,294,0,0,0,0,0
560,2835,561.4101879178016,99946,508,223,36,14,11562,5397,0.16968162807916276,236,128,21048,15697,7506,3403,20664,30533,46185,33028,0,0,16219,4193,10211,234,443,6,0,0,0,0,68249,98,293,0,0,0,0,0
561,2835,562.0446293958155,99946,501,222,36,14,11596,5415,0.17020190903087667,234,123,21066,15724,7510,3408,20651,30507,46233,33083,0,0,16121,4188,10264,236,447,6,0,0,0,0,68293,96,295,0,0,0,0,0
562,2835,563.3134661711085,99946,469,211,36,14,11664,5444,0.1711724331138815,237,120,21124,15833,7557,3422,20575,30398,46280,33137,0,0,16004,4201,10366,237,456,7,0,0,0,0,68284,96,295,0,0,0,0,0
563,2835,564.5789545784232,99946,465,208,36,14,11735,5484,0.17228303283773239,239,119,21148,15921,7598,3448,20512,30288,46326,33190,0,0,15892,4213,10442,239,469,7,0,0,0,0,68293,95,296,0,0,0,0,0
564,2835,565.210965466159,99946,461,211,36,14,11772,5506,0.17287335160986933,245,116,21158,15947,7589,3455,20509,30255,46371,33242,0,0,15803,4206,10500,239,474,7,0,0,0,0,68327,94,296,0,0,0,0,0
565,2835,566.4746861074714,99945,451,220,37,14,11849,5545,0.1740357196458052,231,117,21192,16029,7630,3469,20457,30149,46415,33293,0,0,15683,4230,10578,241,479,7,0,0,0,0,68337,92,298,0,0,0,0,0
566,2835,567.1054221191899,99945,465,215,37,14,11894,5561,0.17464605533043173,223,115,21199,16062,7630,3477,20444,30115,46457,33343,0,0,15596,4226,10624,240,485,7,0,0,0,0,68377,92,298,0,0,0,0,0
567,2835,568.366804092672,99945,453,221,37,14,11977,5594,0.17580669368152485,219,106,21259,16155,7670,3480,20360,30022,46498,33392,0,0,15488,4243,10709,242,493,7,0,0,0,0,68373,91,299,0,0,0,0,0
568,2835,569.6253303647375,99945,435,202,37,14,12037,5623,0.176697183450898,238,104,21282,16228,7707,3508,20299,29942,46538,33440,0,0,15385,4255,10794,247,503,7,0,0,0,0,68365,89,300,0,0,0,0,0
569,2835,570.2536001813943,99945,455,202,37,14,12083,5635,0.17727750262644454,230,103,21270,16261,7713,3505,20293,29913,46578,33487,0,0,15306,4249,10832,245,508,7,0,0,0,0,68409,89,300,0,0,0,0,0
570,2835,571.5104863449369,99945,445,189,37,14,12152,5668,0.17829806393516434,240,93,21320,16371,7743,3533,20213,29798,46617,33533,0,0,15209,4257,10929,248,515,7,0,0,0,0,68392,89,299,0,0,0,0,0
571,2835,572.1379216468799,99944,443,187,38,14,12182,5684,0.17876010565916914,239,93,21330,16414,7747,3538,20201,29752,46655,33578,0,0,15128,4253,10969,249,519,8,0,0,0,0,68430,89,299,0,0,0,0,0
572,2835,573.3920150604808,99944,464,179,38,14,12263,5716,0.17989073881373568,210,83,21380,16529,7752,3555,20154,29638,46692,33622,0,0,15042,4256,11052,251,524,8,0,0,0,0,68423,89,299,0,0,0,0,0
573,2835,574.0177450679695,99943,444,187,38,15,12288,5734,0.18032278398687251,225,87,21378,16565,7768,3552,20145,29592,46728,33665,0,0,14958,4262,11078,251,535,8,0,0,0,0,68463,88,300,0,0,0,0,0
574,2835,575.2688782436359,99943,429,181,38,15,12348,5765,0.18123330298270013,217,76,21428,16656,7796,3569,20090,29501,46763,33707,0,0,14866,4275,11164,252,540,8,0,0,0,0,68450,88,300,0,0,0,0,0
575,2835,576.5177719023861,99941,431,151,38,17,12417,5778,0.18205741387418578,212,78,21481,16759,7816,3590,20020,29403,46797,33748,0,0,14785,4281,11250,252,548,8,0,0,0,0,68429,88,300,0,0,0,0,0
576,2835,577.1409110889584,99941,431,147,38,17,12447,5791,0.18248766772395714,221,83,21482,16789,7819,3596,20007,29366,46830,33789,0,0,14713,4279,11297,252,549,8,0,0,0,0,68455,88,300,0,0,0,0,0
577,2835,578.3866577452891,99941,424,149,38,17,12513,5814,0.18337819313394904,202,90,21535,16887,7854,3594,19945,29261,46863,33829,0,0,14632,4285,11361,254,559,8,0,0,0,0,68454,88,300,0,0,0,0,0
578,2835,579.0084741431834,99941,418,148,38,17,12549,5829,0.18388849421158485,190,82,21559,16931,7872,3596,19921,29224,46895,33868,0,0,14558,4286,11404,258,562,8,0,0,0,0,68477,86,302,0,0,0,0,0
579,2835,580.2508025695685,99940,386,145,39,17,12592,5851,0.1845407244346608,202,86,21601,17010,7904,3598,19866,29142,46926,33906,0,0,14468,4307,11463,258,572,8,0,0,0,0,68477,86,301,0,0,0,0,0
580,2835,581.4905081150908,99940,380,143,39,17,12648,5875,0.1853412047228337,198,86,21666,17128,7914,3599,19801,29025,46956,33943,0,0,14392,4314,11533,259,576,8,0,0,0,0,68471,86,301,0,0,0,0,0
581,2835,582.1087117433352,99940,373,153,39,17,12678,5896,0.18585151090654392,186,78,21684,17160,7926,3596,19790,28994,46986,33980,0,0,14329,4312,11579,258,578,9,0,0,0,0,68488,86,301,0,0,0,0,0
582,2835,583.344380325476,99940,357,147,39,17,12736,5920,0.18667200320192115,183,82,21742,17232,7950,3612,19727,28908,47015,34016,0,0,14260,4316,11658,258,587,10,0,0,0,0,68464,86,301,0,0,0,0,0
583,2835,584.576872666975,99940,349,165,39,17,12794,5955,0.18760256153692215,172,65,21804,17324,7975,3609,19659,28818,47043,34051,0,0,14194,4319,11723,259,594,10,0,0,0,0,68455,85,301,0,0,0,0,0
584,2835,585.1917266094317,99940,347,155,39,17,12824,5963,0.18798278967380427,165,66,21820,17357,7980,3618,19647,28785,47071,34085,0,0,14127,4324,11757,259,600,10,0,0,0,0,68478,85,300,0,0,0,0,0
585,2835,586.4203309656501,99940,347,148,39,17,12884,5984,0.18879327596557935,163,58,21864,17457,8002,3623,19583,28695,47098,34119,0,0,14064,4325,11824,260,609,10,0,0,0,0,68463,85,300,0,0,0,0,0
586,2835,587.0333517296378,99939,333,137,40,17,12910,5990,0.1891153603698256,162,64,21884,17494,8011,3633,19568,28653,47125,34152,0,0,14004,4324,11870,262,613,10,0,0,0,0,68472,84,300,0,0,0,0,0
587,2835,588.2588002328152,99939,337,132,40,17,12969,6007,0.1898758242527942,143,73,21960,17599,8022,3638,19496,28539,47151,34184,0,0,13938,4330,11927,265,616,11,0,0,0,0,68469,83,300,0,0,0,0,0
588,2835,589.4803625121239,99939,311,125,40,17,13011,6034,0.1905662454096999,142,69,22025,17692,8042,3653,19438,28442,47176,34216,0,0,13875,4335,11995,265,630,11,0,0,0,0,68445,83,300,0,0,0,0,0
589,2835,590.0893950818735,99939,317,118,40,17,13041,6041,0.19093647124746096,133,72,22055,17734,8035,3657,19418,28400,47201,34247,0,0,13825,4327,12033,267,632,11,0,0,0,0,68461,83,300,0,0,0,0,0
590,2835,591.306361464561,99939,304,126,40,17,13081,6064,0.19156685578202703,128,66,22127,17842,8049,3659,19350,28288,47225,34278,0,0,13774,4319,12082,271,642,11,0,0,0,0,68458,83,299,0,0,0,0,0
591,2835,592.5193316151948,99939,290,126,40,17,13116,6087,0.19214720979797675,127,62,22197,17940,8062,3672,19282,28181,47249,34308,0,0,13713,4327,12139,269,647,11,0,0,0,0,68451,83,299,0,0,0,0,0
592,2835,593.1241836619681,99939,287,122,40,17,13132,6096,0.19239736239105854,132,63,22213,17990,8051,3673,19275,28133,47272,34337,0,0,13666,4323,12168,268,650,12,0,0,0,0,68470,83,299,0,0,0,0,0
593,2835,594.3325708217849,99939,282,125,40,17,13173,6112,0.192967710303285,125,61,22283,18087,8058,3666,19210,28042,47295,34366,0,0,13600,4336,12200,269,656,12,0,0,0,0,68484,83,299,0,0,0,0,0
594,2835,595.5372502444565,99939,281,113,40,17,13214,6126,0.1935180460080649,123,58,22358,18195,8066,3670,19130,27945,47317,34394,0,0,13548,4336,12253,271,662,12,0,0,0,0,68476,83,298,0,0,0,0,0
595,2835,596.1381436147547,99939,276,105,40,17,13238,6133,0.19382823522348633,121,61,22383,18240,8069,3677,19109,27898,47339,34422,0,0,13496,4337,12286,273,665,12,0,0,0,0,68489,82,299,0,0,0,0,0
596,2835,597.3379287628906,99939,258,114,40,17,13269,6160,0.19440858923943605,127,49,22449,18331,8078,3674,19046,27813,47360,34449,0,0,13444,4340,12333,274,671,13,0,0,0,0,68483,82,299,0,0,0,0,0
597,2835,598.5342967806877,99939,243,102,40,17,13304,6176,0.1949189005293229,126,53,22501,18429,8088,3688,19000,27709,47381,34476,0,0,13389,4342,12391,279,675,13,0,0,0,0,68469,82,299,0,0,0,0,0
598,2835,599.1313442324096,99939,234,105,40,17,13317,6186,0.19514904091495813,133,51,22520,18481,8092,3684,18979,27660,47401,34502,0,0,13349,4336,12419,279,677,14,0,0,0,0,68484,82,299,0,0,0,0,0
599,2835,600.3241863557159,99938,225,108,41,17,13356,6207,0.19575136584682504,114,57,22597,18581,8102,3679,18919,27556,47421,34528,0,0,13300,4336,12471,282,681,14,0,0,0,0,68474,81,299,0,0,0,0,0
600,2835,601.5136502559545,99938,224,100,41,17,13389,6221,0.1962216574276051,112,51,22674,18665,8089,3680,18858,27485,47440,34553,0,0,13254,4338,12509,282,689,14,0,0,0,0,68472,81,299,0,0,0,0,0
601,2835,602.1066418148557,99938,216,102,41,17,13406,6228,0.19646180631991836,109,51,22704,18707,8083,3672,18845,27449,47459,34578,0,0,13214,4334,12535,282,693,14,0,0,0,0,68486,81,299,0,0,0,0,0
602,2835,603.2905741364376,99938,199,88,41,17,13437,6234,0.19683203586223458,97,64,22796,18797,8094,3684,18771,27348,47478,34602,0,0,13160,4345,12580,283,698,14,0,0,0,0,68478,80,300,0,0,0,0,0
603,2835,604.4704184357447,99937,199,92,42,17,13466,6256,0.19734432692596335,84,54,22873,18884,8075,3687,18725,27264,47496,34626,0,0,13127,4336,12625,283,703,14,0,0,0,0,68469,80,300,0,0,0,0,0
604,2835,605.0586721267182,99937,190,93,42,17,13482,6265,0.1975944845252509,81,48,22897,18919,8084,3688,18704,27233,47514,34649,0,0,13084,4338,12648,283,707,14,0,0,0,0,68483,80,300,0,0,0,0,0
605,2835,606.2331733887211,99936,184,98,43,17,13502,6283,0.1979767050912584,82,39,22948,19033,8080,3689,18661,27122,47531,34672,0,0,13045,4337,12687,283,707,14,0,0,0,0,68483,80,300,0,0,0,0,0
606,2835,607.4051116666801,99936,194,91,43,17,13538,6291,0.1984169868715978,72,40,23028,19128,8055,3689,18606,27033,47548,34694,0,0,13006,4336,12720,282,710,15,0,0,0,0,68487,80,300,0,0,0,0,0
607,2835,608.5733910628716,99936,179,88,43,17,13558,6304,0.19874719820685238,79,43,23104,19233,8039,3688,18554,26929,47565,34716,0,0,12972,4329,12764,284,715,15,0,0,0,0,68477,80,300,0,0,0,0,0
608,2835,609.1561939715103,99936,165,85,43,17,13564,6310,0.19886727505603585,92,43,23124,19271,8036,3691,18538,26891,47581,34738,0,0,12938,4324,12793,285,717,15,0,0,0,0,68485,80,299,0,0,0,0,0
609,2835,610.3193703166211,99936,158,77,43,17,13588,6320,0.19920749279538905,92,44,23189,19389,8033,3690,18483,26781,47597,34759,0,0,12895,4327,12819,288,724,15,0,0,0,0,68489,80,299,0,0,0,0,0
610,2835,611.479450041671,99935,162,68,43,18,13610,6327,0.1994996747886126,93,41,23269,19496,8012,3693,18419,26682,47613,34780,0,0,12860,4323,12847,290,727,15,0,0,0,0,68495,80,298,0,0,0,0,0
611,2835,612.0581859683844,99935,164,66,43,18,13624,6331,0.19967979186471208,86,41,23300,19541,8005,3688,18400,26644,47628,34800,0,0,12832,4315,12870,290,728,15,0,0,0,0,68507,80,298,0,0,0,0,0
612,2835,613.2130352940004,99933,164,63,45,18,13649,6341,0.20003402279527283,75,39,23388,19652,7996,3677,18330,26549,47643,34820,0,0,12800,4312,12907,290,729,15,0,0,0,0,68502,80,298,0,0,0,0,0
613,2835,614.3639617599539,99933,160,67,45,18,13672,6349,0.20034423063452514,74,38,23451,19759,7999,3658,18269,26458,47658,34840,0,0,12761,4314,12923,292,732,16,0,0,0,0,68517,80,298,0,0,0,0,0
614,2835,615.5115226790211,99933,169,67,45,18,13701,6361,0.20075450551869753,64,31,23525,19867,7978,3649,18217,26366,47672,34859,0,0,12732,4310,12951,292,736,16,0,0,0,0,68518,80,298,0,0,0,0,0
615,2835,616.0839756327907,99933,164,65,45,18,13710,6363,0.20086457926810963,65,36,23556,19919,7966,3636,18202,26324,47686,34878,0,0,12705,4305,12972,291,738,16,0,0,0,0,68528,80,298,0,0,0,0,0
616,2835,617.2265110815873,99933,160,67,45,18,13732,6374,0.20119480051634595,67,39,23626,19986,7951,3637,18149,26251,47700,34897,0,0,12670,4306,13000,292,740,16,0,0,0,0,68531,80,298,0,0,0,0,0
617,2835,618.3654939614714,99933,154,69,45,18,13752,6385,0.20150500835559826,62,34,23711,20068,7944,3636,18082,26173,47714,34915,0,0,12634,4307,13020,295,744,16,0,0,0,0,68539,80,298,0,0,0,0,0
618,2835,619.5008742000621,99933,144,70,45,18,13766,6393,0.20172515585442247,62,34,23777,20163,7935,3626,18035,26087,47727,34933,0,0,12601,4308,13046,296,745,16,0,0,0,0,68543,80,298,0,0,0,0,0
619,2835,620.0671659535441,99933,137,74,45,18,13770,6400,0.20183522960383457,66,30,23809,20200,7923,3618,18018,26058,47740,34951,0,0,12575,4303,13061,296,747,16,0,0,0,0,68557,80,298,0,0,0,0,0
620,2835,621.1978647751965,99933,140,72,45,18,13790,6409,0.20212542403410286,69,28,23863,20302,7913,3614,17968,25964,47753,34968,0,0,12545,4302,13086,297,748,16,0,0,0,0,68561,80,298,0,0,0,0,0
621,2835,622.3258287537278,99933,135,67,45,18,13811,6417,0.20241561846437112,71,30,23941,20418,7901,3609,17905,25856,47766,34985,0,0,12512,4305,13118,297,750,16,0,0,0,0,68557,80,298,0,0,0,0,0
622,2835,623.4502043108632,99933,127,66,45,18,13824,6428,0.20265577937217935,86,24,24015,20500,7886,3613,17839,25777,47778,35002,0,0,12484,4305,13149,296,752,16,0,0,0,0,68553,80,298,0,0,0,0,0
623,2835,624.0109228774703,99933,131,63,45,18,13835,6430,0.20278586653057548,84,24,24062,20554,7863,3607,17813,25732,47790,35018,0,0,12464,4297,13167,296,753,16,0,0,0,0,68562,80,298,0,0,0,0,0
624,2835,625.1300499513577,99932,135,52,46,18,13858,6433,0.20304807268942882,79,28,24132,20649,7846,3602,17760,25649,47802,35034,0,0,12435,4298,13195,296,755,16,0,0,0,0,68560,80,297,0,0,0,0,0
625,2835,626.2456958576779,99932,145,55,46,18,13884,6445,0.2034283312652604,72,23,24205,20732,7825,3598,17705,25572,47814,35050,0,0,12409,4296,13212,296,760,16,0,0,0,0,68566,80,297,0,0,0,0,0
626,2835,627.3577682432943,99932,150,54,46,18,13909,6449,0.2037185285994476,70,25,24259,20840,7814,3586,17659,25475,47825,35065,0,0,12380,4297,13224,298,764,16,0,0,0,0,68576,80,297,0,0,0,0,0
627,2835,628.4672196940204,99932,140,59,46,18,13926,6458,0.20397870551975344,65,28,24343,20940,7810,3567,17594,25386,47836,35080,0,0,12348,4302,13244,299,766,16,0,0,0,0,68580,80,297,0,0,0,0,0
628,2835,629.0208445464893,99932,137,58,46,18,13939,6461,0.20413881439378778,56,28,24373,20980,7808,3563,17578,25351,47847,35095,0,0,12326,4296,13258,301,770,16,0,0,0,0,68588,80,297,0,0,0,0,0
629,2835,630.1254278160019,99932,132,65,46,18,13949,6472,0.20434895729095784,94,49,24397,21029,7794,3560,17535,25277,47858,35110,0,0,12303,4289,13269,301,773,16,4,0,0,5,68595,80,297,0,0,0,0,0
630,2835,631.0337217246405,99932,146,78,46,18,13976,6489,0.2047892566945523,101,54,24432,21088,7778,3551,17495,25209,47868,35124,0,0,12281,4285,13272,301,773,17,8,0,0,17,68601,79,298,0,0,0,0,0
631,2835,632.2422859646185,99932,157,80,46,18,14010,6508,0.20531961733979107,118,63,24479,21178,7767,3552,17431,25107,47878,35138,0,0,12255,4278,13272,303,778,17,15,0,0,43,68594,79,298,0,0,0,0,0
632,2835,633.1469815932973,99932,163,76,46,18,14041,6517,0.2057198895248769,129,75,24514,21257,7761,3550,17385,25022,47888,35152,0,0,12227,4273,13272,304,782,17,23,0,0,68,68589,79,298,0,0,0,0,0
633,2835,634.0501529408962,99932,169,90,46,18,14067,6542,0.2062302365608614,150,63,24548,21308,7749,3556,17336,24963,47898,35166,0,0,12207,4266,13275,305,785,17,25,0,0,93,68582,79,298,0,0,0,0,0
634,2835,635.2514104400367,99932,185,108,46,18,14110,6571,0.20695072649401594,172,67,24624,21390,7735,3554,17236,24861,47908,35179,0,0,12178,4261,13275,308,786,18,33,0,0,117,68579,79,298,0,0,0,0,0
635,2835,636.1498329413624,99932,200,115,46,18,14154,6588,0.20756114157627187,200,71,24631,21456,7735,3555,17186,24783,47918,35192,0,0,12150,4255,13275,312,788,18,40,0,0,143,68574,79,298,0,0,0,0,0
636,2835,637.0471605936838,99932,212,121,46,18,14192,6607,0.20813152944001923,220,78,24683,21529,7718,3557,17119,24695,47927,35205,0,0,12124,4249,13277,313,792,18,49,0,0,168,68566,79,297,0,0,0,0,0
637,2835,638.2404999096058,99932,234,130,46,18,14260,6632,0.20906216227034383,214,94,24745,21623,7714,3552,17045,24581,47936,35218,0,0,12094,4244,13274,313,800,19,60,0,0,207,68546,79,296,0,0,0,0,0
638,2835,639.1331655357926,99932,251,132,46,18,14306,6652,0.2097226113757355,242,104,24768,21678,7702,3562,16989,24504,47945,35231,0,0,12071,4236,13273,317,805,19,65,0,0,240,68531,79,296,0,0,0,0,0
639,2835,640.0244839227295,99932,288,134,46,18,14366,6678,0.21058319657367008,255,95,24786,21740,7689,3572,16934,24439,47954,35243,0,0,12051,4230,13273,318,809,20,69,0,0,276,68511,79,296,0,0,0,0,0
640,2835,641.2108341134434,99932,314,136,46,18,14432,6704,0.21150382259936756,282,116,24826,21808,7681,3588,16849,24332,47963,35255,0,0,12024,4220,13274,320,816,21,83,0,0,315,68485,79,295,0,0,0,0,0
641,2835,642.0989234397443,99932,337,148,46,18,14502,6732,0.2124844894528279,283,126,24834,21864,7699,3595,16799,24247,47971,35267,0,0,11996,4212,13272,323,823,21,94,0,0,355,68462,79,295,0,0,0,0,0
642,2835,643.2814998799022,99932,372,169,46,18,14595,6778,0.21387543529600128,331,143,24853,21927,7710,3605,16686,24136,47979,35279,0,0,11967,4202,13268,327,835,21,109,0,0,407,68424,79,293,0,0,0,0,0
643,2835,644.1669552682595,99932,411,163,46,18,14678,6801,0.2149361565864788,342,161,24879,21987,7721,3620,16599,24049,47987,35290,0,0,11940,4190,13261,334,847,21,122,0,0,448,68397,79,293,0,0,0,0,0
644,2835,645.051101312063,99931,446,169,47,18,14774,6833,0.21621919124195696,354,174,24874,22052,7743,3627,16534,23958,47995,35301,0,0,11909,4182,13260,335,854,21,139,0,0,507,68352,79,293,0,0,0,0,0
645,2835,646.2293295963906,99929,485,194,49,18,14894,6894,0.21803480471134506,410,177,24841,22117,7782,3644,16431,23848,48003,35312,0,0,11871,4167,13251,346,866,22,160,0,0,576,68298,79,293,0,0,0,0,0
646,2835,647.1126310892844,99929,521,219,49,18,14983,6933,0.2193157141570515,430,198,24862,22171,7794,3650,16342,23742,48011,35323,0,0,11838,4161,13248,346,875,22,180,0,0,614,68273,79,293,0,0,0,0,0
647,2835,648.288587201067,99929,575,238,49,18,15120,6983,0.22118704280038828,449,221,24843,22273,7823,3659,16259,23589,48019,35334,0,0,11800,4148,13243,353,886,22,205,0,0,685,68215,79,293,0,0,0,0,0
648,2835,649.1702975701794,99929,604,246,49,18,15219,7023,0.22257803040158514,503,263,24822,22303,7849,3672,16171,23496,48026,35345,0,0,11772,4136,13239,361,895,22,219,0,0,756,68158,79,292,0,0,0,0,0
649,2835,650.0516567219524,99929,644,287,49,18,15324,7098,0.22437930930960984,564,263,24794,22354,7868,3686,16079,23390,48033,35355,0,0,11737,4132,13226,361,913,22,242,0,0,813,68112,78,293,0,0,0,0,0
650,2835,651.2263966203142,99929,702,329,49,18,15487,7185,0.22688108557075523,624,276,24755,22405,7916,3712,15952,23258,48040,35365,0,0,11696,4119,13215,368,931,22,271,0,0,908,68029,78,292,0,0,0,0,0
651,2835,652.1072176223038,99929,752,348,49,18,15622,7245,0.22883247105444865,661,287,24726,22450,7945,3733,15865,23162,48047,35375,0,0,11661,4108,13205,373,947,22,295,0,0,989,67959,78,292,0,0,0,0,0
652,2835,653.2814917240725,99929,819,377,49,18,15817,7337,0.23170451020224359,713,291,24702,22511,7982,3775,15733,23026,48054,35385,0,0,11616,4100,13185,378,970,23,326,0,0,1117,67844,77,293,0,0,0,0,0
653,2835,654.1618919250509,99929,865,399,49,18,15984,7408,0.23408620120285403,724,310,24662,22539,8052,3810,15646,22922,48061,35395,0,0,11572,4080,13173,397,981,25,354,0,0,1225,67752,77,293,0,0,0,0,0
654,2835,655.0426673476691,99929,915,406,49,18,16136,7472,0.23624773589248366,788,330,24617,22584,8098,3845,15531,22815,48068,35405,0,0,11539,4063,13163,407,998,27,377,0,0,1328,67657,77,293,0,0,0,0,0
655,2835,656.2178384940923,99929,988,431,49,18,16380,7569,0.239660158712686,852,379,24532,22614,8192,3885,15385,22671,48075,35414,0,0,11490,4049,13131,420,1034,28,411,0,0,1483,67514,77,292,0,0,0,0,0
656,2835,657.1000880693118,99929,1042,488,49,18,16561,7665,0.24243212681003512,905,381,24469,22625,8255,3905,15278,22581,48081,35423,0,0,11444,4037,13109,430,1059,28,444,0,0,1580,67429,77,292,0,0,0,0,0
657,2835,658.277644953435,99928,1154,533,50,18,16839,7785,0.2464174205427908,985,384,24388,22661,8328,3960,15093,22442,48087,35432,0,0,11393,4020,13086,444,1089,29,483,0,0,1730,67285,77,292,0,0,0,0,0
658,2835,659.161588526436,99928,1238,549,50,18,17069,7871,0.24957969738211513,1039,449,24293,22660,8409,4014,14969,22308,48093,35441,0,0,11350,3999,13061,461,1120,29,515,0,0,1863,67161,77,292,0,0,0,0,0
659,2835,660.0467522313425,99928,1301,599,50,18,17302,7991,0.2531122408133856,1105,493,24198,22648,8503,4063,14841,22177,48099,35450,0,0,11307,3971,13044,481,1145,32,552,0,0,2012,67015,76,293,0,0,0,0,0
660,2835,661.2293409649383,99928,1423,637,50,18,17643,8141,0.2580257785605636,1159,549,24094,22648,8614,4143,14658,22003,48105,35459,0,0,11234,3944,13000,507,1190,35,611,0,0,2205,66834,76,292,0,0,0,0,0
661,2835,662.117526816528,99927,1539,674,51,18,17902,8270,0.2619111951724759,1270,588,23956,22618,8674,4211,14508,21889,48111,35468,0,0,11196,3929,12975,518,1223,36,637,0,0,2362,66684,76,291,0,0,0,0,0
662,2835,663.0078139107126,99924,1633,734,54,18,18176,8400,0.265962131219727,1353,624,23811,22593,8773,4265,14374,21764,48117,35476,0,0,11156,3914,12947,527,1258,38,668,0,0,2526,66524,76,290,0,0,0,0,0
663,2835,664.199205912174,99921,1743,795,57,18,18598,8600,0.27219503407692075,1396,676,23651,22560,8968,4364,14183,21585,48123,35484,0,0,11079,3884,12900,554,1309,43,733,0,0,2815,66239,75,290,0,0,0,0,0
664,2835,665.0962832674761,99921,1843,819,57,18,18919,8743,0.2768387025750343,1454,737,23496,22531,9093,4456,14055,21437,48129,35492,0,0,11018,3858,12880,573,1341,44,786,0,0,3042,66014,75,290,0,0,0,0,0
665,2835,666.2977257613386,99920,1997,894,58,18,19373,8961,0.2835668534827862,1602,792,23281,22495,9246,4556,13814,21243,48135,35500,0,0,10935,3834,12825,596,1407,48,855,0,0,3305,65752,75,288,0,0,0,0,0
666,2835,667.2024607958571,99917,2073,971,61,18,19722,9135,0.28880971206101064,1704,840,23094,22460,9426,4625,13640,21084,48140,35508,0,0,10863,3819,12786,609,1454,53,912,0,0,3534,65526,75,286,0,0,0,0,0
667,2835,668.1118268852174,99915,2198,1036,63,18,20115,9333,0.2947305209428014,1771,866,22902,22409,9585,4737,13479,20932,48145,35516,0,0,10800,3797,12739,626,1510,58,963,0,0,3786,65276,74,286,0,0,0,0,0
668,2835,669.0259889737864,99915,2330,1089,63,18,20577,9525,0.3012760846719712,1806,921,22676,22342,9813,4846,13310,20782,48150,35524,0,0,10713,3770,12688,650,1563,64,1037,0,0,4084,64987,74,285,0,0,0,0,0
669,2835,670.2542298713666,99913,2513,1154,65,18,21168,9795,0.3098996126630168,1920,1024,22398,22264,10076,5004,13026,20534,48155,35532,0,0,10611,3737,12619,680,1646,70,1125,0,0,4464,64606,72,283,0,0,0,0,0
670,2835,671.1817430062556,99911,2628,1260,66,19,21611,10050,0.31689203391018006,2044,1063,22146,22207,10275,5109,12839,20340,48160,35539,0,0,10528,3705,12567,713,1704,75,1194,0,0,4757,64315,72,281,0,0,0,0,0
671,2835,672.1161995351333,99908,2744,1336,67,21,22098,10317,0.32444849261320413,2126,1105,21907,22124,10500,5264,12654,20148,48165,35546,0,0,10437,3669,12498,745,1793,80,1270,0,0,5081,63983,71,281,0,0,0,0,0
672,2835,673.0577274952667,99906,2863,1444,69,21,22603,10593,0.3322723359958361,2229,1116,21631,22074,10736,5390,12470,19953,48170,35553,0,0,10339,3640,12433,770,1875,86,1355,0,0,5407,63652,71,278,0,0,0,0,0
673,2835,674.0072234384742,99903,3031,1535,71,22,23161,10886,0.3408005765592625,2308,1175,21352,21971,10964,5551,12272,19744,48175,35560,0,0,10249,3601,12371,805,1957,95,1432,0,0,5754,63291,71,277,0,0,0,0,0
674,2835,675.2869849716946,99901,3236,1642,73,22,23914,11258,0.3520685478623838,2473,1290,20936,21855,11310,5743,11970,19446,48180,35567,0,0,10118,3537,12289,866,2059,101,1550,0,0,6244,62791,70,276,0,0,0,0,0
675,2835,676.258175800101,99897,3440,1707,75,24,24542,11573,0.3615223680390803,2569,1352,20612,21733,11565,5925,11737,19257,48185,35574,0,0,10012,3506,12212,897,2158,109,1640,0,0,6646,62377,66,274,0,0,0,0,0
676,2835,677.2401463614905,99896,3631,1831,76,24,25222,11935,0.37195683510851285,2720,1405,20254,21625,11835,6098,11482,19015,48190,35581,0,0,9901,3466,12123,931,2274,116,1740,0,0,7078,61930,66,271,0,0,0,0,0
677,2835,678.233600059449,99894,3813,1947,76,26,25927,12286,0.3825354876168739,2873,1510,19900,21487,12117,6261,11219,18767,48195,35588,0,0,9793,3426,12032,969,2404,126,1836,0,0,7507,61474,62,265,0,0,0,0,0
678,2835,679.2389710133187,99889,4001,2001,79,28,26650,12640,0.3933366036300293,2981,1598,19535,21343,12416,6481,10986,18547,48199,35595,0,0,9657,3380,11943,1011,2522,132,1956,0,0,8006,60955,62,265,0,0,0,0,0
679,2835,680.2578496894803,99884,4209,2121,82,30,27432,13046,0.40525009010452123,3144,1676,19125,21161,12712,6699,10726,18311,48203,35601,0,0,9523,3347,11837,1046,2661,147,2070,0,0,8490,60438,62,263,0,0,0,0,0
680,2835,681.2921832759229,99880,4345,2265,85,31,28251,13491,0.41792150580696835,3296,1753,18709,21001,13118,6925,10445,18023,48207,35607,0,0,9372,3285,11727,1103,2826,156,2204,0,0,9030,59860,61,256,0,0,0,0,0
681,2835,682.3440389938023,99879,4606,2343,85,32,29159,13941,0.4315221417915678,3391,1844,18277,20835,13501,7207,10138,17737,48211,35613,0,0,9238,3241,11601,1148,2991,173,2322,0,0,9629,59226,59,251,0,0,0,0,0
682,2835,683.0552671595453,99876,4788,2411,88,32,29800,14259,0.4411370098922664,3482,1880,17949,20726,13747,7401,9944,17548,48215,35619,0,0,9136,3208,11533,1175,3085,191,2415,0,0,10042,58784,58,249,0,0,0,0,0
683,2835,684.1401560308377,99875,5001,2518,89,32,30761,14772,0.45589987484355443,3609,1975,17492,20488,14163,7712,9644,17273,48219,35625,0,0,8989,3156,11383,1235,3289,210,2532,0,0,10687,58092,58,244,0,0,0,0,0
684,2835,685.2469894144836,99872,5253,2670,91,33,31785,15331,0.4717638577379045,3750,2051,17000,20250,14577,8014,9327,16980,48223,35631,0,0,8821,3100,11251,1289,3481,231,2671,0,0,11339,57389,57,243,0,0,0,0,0
685,2835,686.3784632976063,99867,5470,2820,93,36,32876,15935,0.488760050867654,3882,2120,16453,20004,15068,8359,9032,16659,48227,35637,0,0,8637,3050,11111,1346,3680,261,2823,0,0,12088,56577,56,238,0,0,0,0,0
686,2835,687.148772074025,99865,5648,2916,95,36,33667,16326,0.5006058178541031,3941,2212,16110,19829,15403,8581,8801,16424,48231,35643,0,0,8497,3002,11005,1402,3827,278,2938,0,0,12572,56053,56,235,0,0,0,0,0
687,2835,688.3294385249725,99858,5832,3055,102,36,34828,16965,0.5186665064391436,4154,2334,15551,19563,15905,8933,8454,16077,48235,35649,0,0,8272,2928,10845,1474,4059,306,3132,0,0,13373,55186,55,228,0,0,0,0,0
688,2835,689.1253569706811,99857,5955,3197,103,36,35655,17438,0.5316903171535295,4215,2387,15239,19373,16271,9161,8215,15844,48239,35655,0,0,8118,2878,10733,1535,4243,325,3256,0,0,13893,54602,52,222,0,0,0,0,0
689,2835,690.2811419301855,99852,6151,3358,108,36,36853,18104,0.5503845691623603,4318,2493,14737,19105,16769,9503,7915,15503,48243,35661,0,0,7901,2825,10555,1605,4545,352,3425,0,0,14610,53766,51,217,0,0,0,0,0
690,2835,691.0281627427014,99849,6290,3465,110,37,37647,18580,0.5631203116706226,4339,2561,14429,18914,17079,9761,7751,15260,48247,35666,0,0,7763,2773,10464,1659,4723,373,3538,0,0,15122,53170,49,215,0,0,0,0,0
691,2835,692.1171629666568,99846,6501,3614,111,39,38827,19264,0.5818059812110651,4431,2650,13924,18648,17569,10124,7462,14923,48251,35671,0,0,7572,2710,10311,1748,5003,401,3683,0,0,15864,52294,49,211,0,0,0,0,0
692,2835,693.169409987707,99843,6671,3720,113,40,39981,19962,0.6003725849583846,4455,2718,13496,18365,18086,10559,7177,14596,48255,35676,0,0,7378,2641,10143,1826,5310,441,3832,0,0,16612,51405,48,207,0,0,0,0,0
693,2835,694.1886895566387,99836,6789,3851,118,42,41098,20633,0.6183240514443687,4564,2763,13089,18092,18527,10931,6911,14319,48259,35681,0,0,7162,2583,9989,1874,5580,492,4009,0,0,17355,50543,47,202,0,0,0,0,0
694,2835,695.1780665466107,99835,6939,4022,119,42,42213,21315,0.6363299444082736,4698,2767,12620,17827,18989,11291,6633,14049,48263,35686,0,0,6984,2521,9837,1944,5864,532,4143,0,0,18057,49710,47,196,0,0,0,0,0
695,2835,696.1388666589529,99833,7182,4124,121,42,43356,21962,0.6542726353009526,4699,2809,12220,17593,19385,11658,6391,13772,48266,35691,0,0,6818,2477,9690,2013,6131,586,4259,0,0,18726,48896,46,191,0,0,0,0,0
696,2835,697.0746975928049,99830,7295,4272,124,42,44431,22643,0.6718821997395572,4736,2854,11826,17325,19847,12019,6170,13486,48269,35696,0,0,6618,2425,9529,2080,6414,641,4407,0,0,19390,48092,44,190,0,0,0,0,0
697,2835,698.2848038499403,99826,7510,4432,126,44,45863,23532,0.6951595776651374,4805,2879,11354,16978,20367,12516,5836,13149,48272,35701,0,0,6380,2347,9329,2166,6787,703,4595,0,0,20285,47006,41,187,0,0,0,0,0
698,2835,699.1673576299112,99821,7690,4479,131,44,46973,24163,0.7126356177557829,4725,2927,11010,16736,20799,12920,5643,12892,48275,35706,0,0,6234,2283,9166,2272,7101,755,4677,0,0,20926,46184,39,184,0,0,0,0,0
699,2835,700.0299377838395,99818,7737,4566,133,45,47970,24790,0.7289266464966239,4809,2980,10679,16481,21192,13281,5448,12645,48278,35711,0,0,6058,2212,9039,2374,7398,805,4790,0,0,21528,45397,37,180,0,0,0,0,0
700,2835,701.151430390655,99814,7863,4683,137,45,49335,25598,0.750726351012884,4757,3010,10289,16207,21755,13714,5197,12339,48281,35716,0,0,5846,2144,8825,2473,7805,892,4929,0,0,22287,44399,36,178,0,0,0,0,0
701,2835,702.2419669785126,99812,7982,4846,139,45,50697,26467,0.7730934156213681,4799,2975,9881,15933,22250,14172,4947,12027,48284,35721,0,0,5626,2065,8620,2572,8210,984,5083,0,0,23043,43399,35,175,0,0,0,0,0
702,2835,703.0409414026135,99808,7978,4899,141,47,51602,27088,0.7884137544084643,4885,2984,9615,15732,22611,14526,4768,11810,48287,35726,0,0,5487,2003,8477,2653,8535,1057,5160,0,0,23582,42648,35,171,0,0,0,0,0
703,2835,704.0839742252311,99805,7992,4947,144,47,52824,27860,0.8084164120034066,4884,2989,9283,15492,23123,14996,4572,11527,48290,35731,0,0,5285,1923,8296,2753,8935,1138,5284,0,0,24354,41639,32,166,0,0,0,0,0
704,2835,705.1045125002214,99798,8084,4991,150,48,54037,28579,0.8278322210865949,4895,3036,8960,15272,23532,15401,4377,11250,48293,35736,0,0,5108,1853,8100,2845,9369,1218,5380,0,0,24969,40762,31,163,0,0,0,0,0
705,2835,706.1044040502385,99794,8113,5026,152,50,55254,29327,0.8475559652884943,4836,3089,8714,15022,23969,15852,4214,10959,48296,35740,0,0,4918,1795,7929,2934,9806,1308,5487,0,0,25618,39808,30,161,0,0,0,0,0
706,2835,707.0860718397197,99787,8117,5087,158,51,56418,30079,0.8668163187589566,4807,3085,8441,14756,24419,16307,4056,10712,48299,35744,0,0,4747,1743,7751,3021,10209,1413,5567,0,0,26260,38888,30,158,0,0,0,0,0
707,2835,708.0501376821747,99781,8157,5036,163,52,57584,30769,0.8854691774987222,4785,3125,8186,14510,24832,16799,3875,10476,48302,35748,0,0,4584,1690,7584,3090,10656,1497,5655,0,0,26914,37927,29,155,0,0,0,0,0
708,2835,709.23260685468,99774,8261,5129,167,55,59008,31698,0.9091145989937258,4753,3089,7876,14239,25273,17247,3668,10239,48305,35752,0,0,4403,1623,7396,3179,11166,1598,5750,0,0,27664,36820,28,147,0,0,0,0,0
709,2835,710.1621761573853,99772,8285,5118,168,56,60112,32412,0.9273543679589464,4711,3057,7635,14018,25681,17722,3518,10027,48308,35756,0,0,4235,1567,7244,3276,11620,1705,5822,0,0,28133,36001,27,142,0,0,0,0,0
710,2835,711.0775400463873,99771,8252,5194,168,57,61163,33127,0.9450641970111555,4658,2987,7450,13823,26089,18113,3381,9824,48311,35760,0,0,4108,1512,7101,3348,12036,1817,5853,0,0,28629,35200,26,141,0,0,0,0,0
711,2835,712.2032992486897,99765,8230,5140,173,58,62496,33920,0.9664311131158222,4609,3013,7202,13573,26566,18628,3218,9586,48314,35764,0,0,3924,1442,6912,3440,12598,1952,5931,0,0,29209,34193,26,138,0,0,0,0,0
712,2835,713.0902147264161,99761,8174,5188,177,58,63497,34612,0.983440422610038,4574,3016,7023,13366,26957,19022,3093,9348,48317,35768,0,0,3791,1399,6757,3521,13018,2082,5966,0,0,29621,33447,24,135,0,0,0,0,0
713,2835,714.1822513347673,99748,8124,5192,187,61,64743,35463,1.0045915707583108,4555,2954,6786,13167,27400,19537,2946,9087,48320,35772,0,0,3596,1343,6583,3595,13583,2245,6053,0,0,30036,32558,23,133,0,0,0,0,0
714,2835,715.0445600146589,99744,8140,5205,188,64,65702,36086,1.0204924606993904,4498,2956,6638,13000,27694,19875,2840,8898,48323,35776,0,0,3506,1303,6450,3664,13989,2377,6048,0,0,30352,31900,23,132,0,0,0,0,0
715,2835,716.1102062284929,99742,8138,5201,189,65,66925,36884,1.0407752000160413,4388,2913,6460,12816,28100,20324,2723,8679,48326,35780,0,0,3350,1251,6288,3751,14533,2510,6093,0,0,30807,31013,21,125,0,0,0,0,0
716,2835,717.1624597372505,99735,8021,5181,191,70,68037,37646,1.0596380408081416,4388,2900,6283,12627,28495,20750,2620,8470,48329,35784,0,0,3228,1204,6134,3846,15026,2692,6080,0,0,31208,30175,20,122,0,0,0,0,0
717,2835,718.203395181315,99734,8023,5204,192,70,69193,38434,1.0791405137666192,4304,2808,6126,12466,28841,21159,2512,8291,48332,35788,0,0,3104,1149,5989,3924,15533,2850,6096,0,0,31584,29366,19,120,0,0,0,0,0
718,2835,719.0277762113261,99732,7965,5224,193,71,70064,39004,1.093610877150764,4251,2832,6027,12306,29115,21418,2447,8147,48335,35792,0,0,3000,1113,5875,3964,15923,2983,6109,0,0,31850,28779,19,117,0,0,0,0,0
719,2835,720.0484809211978,99729,7900,5160,194,73,71119,39693,1.1111311654583922,4216,2832,5879,12175,29443,21823,2366,7935,48337,35796,0,0,2876,1077,5716,4023,16425,3154,6127,0,0,32170,28032,17,112,0,0,0,0,0
720,2835,721.0603383371911,99726,7826,5145,197,73,72204,40403,1.129163909110964,4125,2764,5790,12044,29786,22206,2274,7766,48339,35800,0,0,2760,1029,5579,4094,16898,3357,6120,0,0,32432,27331,14,112,0,0,0,0,0
721,2835,722.0636370298599,99722,7761,5110,200,74,73257,41085,1.1466075690419366,4010,2727,5699,11896,30121,22593,2207,7598,48341,35804,0,0,2652,985,5443,4149,17420,3539,6116,0,0,32636,26661,13,108,0,0,0,0,0
722,2835,723.0589778068568,99720,7682,5104,201,75,74221,41797,1.1634376253509828,3981,2673,5605,11777,30399,22958,2130,7411,48343,35808,0,0,2551,961,5307,4198,17951,3709,6099,0,0,32795,26032,12,105,0,0,0,0,0
723,2835,724.0471902031968,99715,7557,5026,206,75,75184,42434,1.1795416938274081,3903,2673,5549,11640,30720,23328,2063,7256,48345,35812,0,0,2452,924,5186,4260,18459,3891,6081,0,0,32974,25373,12,103,0,0,0,0,0
724,2835,725.0284282724039,99711,7410,4932,209,76,76118,43062,1.1952542848833128,3833,2606,5487,11551,31070,23718,1989,7115,48347,35815,0,0,2366,883,5087,4329,18877,4126,6045,0,0,33160,24724,12,102,0,0,0,0,0
725,2835,726.0030665333345,99708,7321,4867,211,77,77047,43690,1.2109058450675974,3768,2571,5416,11471,31357,24053,1925,6959,48349,35818,0,0,2277,841,4973,4381,19321,4345,6036,0,0,33292,24136,11,95,0,0,0,0,0
726,2835,727.1647622711887,99704,7253,4768,213,79,78129,44406,1.2289878038995425,3714,2569,5331,11330,31657,24472,1830,6780,48351,35821,0,0,2169,807,4853,4430,19863,4572,6021,0,0,33436,23451,11,91,0,0,0,0,0
727,2835,728.1264927066511,99703,7236,4755,214,79,79052,44988,1.2440949620372506,3657,2549,5229,11233,31891,24736,1771,6646,48353,35824,0,0,2091,772,4756,4476,20273,4752,5999,0,0,33561,22923,11,89,0,0,0,0,0
728,2835,729.082391246393,99702,7121,4704,215,79,79920,45601,1.258961705883533,3603,2519,5170,11144,32181,25037,1708,6515,48355,35827,0,0,2013,739,4652,4520,20703,4969,5976,0,0,33659,22372,11,88,0,0,0,0,0
729,2835,730.0323614096683,99699,6931,4676,215,82,80722,46205,1.2731020371317667,3573,2448,5121,11056,32500,25332,1658,6404,48357,35830,0,0,1945,717,4561,4548,21133,5200,5946,0,0,33690,21864,10,85,0,0,0,0,0
730,2835,731.1653230069066,99695,6898,4627,217,84,81816,46874,1.2908370530116857,3376,2389,5072,10968,32832,25655,1603,6275,48359,35833,0,0,1873,695,4450,4597,21634,5448,5886,0,0,33747,21271,10,84,0,0,0,0,0
731,2835,732.1044033431513,99689,6774,4570,222,85,82585,47419,1.3040957377443851,3370,2383,5040,10904,33036,25910,1556,6146,48361,35836,0,0,1812,675,4364,4621,22042,5644,5849,0,0,33797,20792,10,83,0,0,0,0,0
732,2835,733.0399063559457,99686,6614,4577,225,85,83338,48012,1.3176373813775255,3301,2266,5034,10847,33303,26184,1521,6039,48363,35839,0,0,1747,650,4282,4669,22438,5870,5817,0,0,33770,20352,10,81,0,0,0,0,0
733,2835,734.1583083563023,99684,6529,4519,225,87,84228,48684,1.3333333333333333,3266,2192,5003,10782,33505,26507,1470,5911,48365,35842,0,0,1683,628,4173,4711,22862,6152,5773,0,0,33750,19864,9,79,0,0,0,0,0
734,2835,735.0862936125188,99681,6425,4490,226,89,84999,49231,1.346595640091893,3222,2121,4971,10728,33735,26746,1419,5824,48367,35845,0,0,1624,605,4088,4752,23219,6384,5738,0,0,33745,19439,9,78,0,0,0,0,0
735,2835,736.0109789436714,99680,6261,4414,227,89,85712,49715,1.3586175762439807,3173,2074,4974,10706,33978,27000,1385,5715,48369,35848,0,0,1573,580,4010,4787,23535,6646,5689,0,0,33729,19046,9,76,0,0,0,0,0
736,2835,737.1164827632421,99676,6134,4337,230,90,86585,50309,1.3733897828965849,3077,2046,4964,10637,34240,27305,1353,5583,48371,35851,0,0,1508,558,3918,4826,23945,6910,5642,0,0,33744,18547,8,70,0,0,0,0,0
737,2835,738.0348834293266,99671,6072,4234,234,91,87316,50792,1.38563875149241,2985,2030,4932,10577,34450,27568,1325,5498,48373,35854,0,0,1453,540,3844,4838,24283,7150,5625,0,0,33699,18161,8,70,0,0,0,0,0
738,2835,739.1337504040796,99668,5953,4158,235,93,88136,51392,1.3999277601637437,2898,1959,4982,10512,34643,27868,1287,5408,48375,35857,0,0,1391,520,3767,4853,24659,7439,5584,0,0,33651,17726,8,70,0,0,0,0,0
739,2835,740.0476101543056,99665,5875,4045,237,94,88839,51828,1.411398183916119,2778,1947,4986,10459,34861,28143,1261,5310,48377,35860,0,0,1350,500,3701,4870,24946,7689,5545,0,0,33625,17362,8,69,0,0,0,0,0
740,2835,741.1410571130027,99662,5714,3966,238,96,89600,52357,1.4243844193373603,2679,1935,5014,10408,35124,28377,1229,5216,48379,35863,0,0,1292,482,3620,4896,25305,7964,5510,0,0,33562,16957,8,66,0,0,0,0,0
741,2835,742.0493030699469,99658,5542,3895,240,98,90202,52781,1.4347367998555058,2655,1919,5017,10362,35348,28576,1196,5148,48381,35866,0,0,1264,469,3552,4884,25591,8219,5476,0,0,33504,16625,8,66,0,0,0,0,0
742,2835,743.1359432311098,99657,5419,3837,241,98,90907,53287,1.446902876867656,2629,1885,5031,10340,35508,28780,1170,5058,48383,35869,0,0,1223,454,3475,4896,25916,8479,5420,0,0,33443,16280,7,64,0,0,0,0,0
743,2835,744.0398682975604,99655,5348,3793,242,99,91528,53739,1.4576990617630827,2585,1822,5045,10336,35637,28965,1141,4983,48385,35872,0,0,1182,440,3417,4896,26189,8723,5388,0,0,33336,16013,7,64,0,0,0,0,0
744,2835,745.1225678503001,99652,5167,3737,245,99,92245,54257,1.470136073535905,2546,1748,5050,10283,35877,29237,1113,4894,48387,35875,0,0,1138,428,3344,4947,26499,9016,5300,0,0,33239,15671,7,63,0,0,0,0,0
745,2835,746.0230258262935,99649,5022,3673,246,101,92816,54671,1.4800650282491545,2492,1661,5092,10274,36055,29450,1091,4839,48389,35878,0,0,1105,413,3276,4956,26805,9233,5253,0,0,33160,15378,7,63,0,0,0,0,0
746,2835,747.1021787325549,99646,4894,3510,249,101,93490,55106,1.491238986010477,2403,1603,5114,10282,36271,29720,1067,4782,48391,35881,0,0,1068,404,3209,4955,27174,9488,5196,0,0,33031,15054,7,60,0,0,0,0,0
747,2835,748.0004288278999,99645,4800,3370,249,102,94029,55432,1.4999347684279192,2391,1603,5149,10304,36360,29902,1049,4717,48393,35884,0,0,1042,392,3148,4935,27430,9713,5164,0,0,32960,14794,7,60,0,0,0,0,0
748,2835,749.0785851446607,99644,4681,3249,250,102,94646,55834,1.5101762273694352,2333,1577,5194,10299,36510,30122,1030,4649,48395,35887,0,0,1008,384,3095,4947,27699,9979,5106,0,0,32835,14524,7,60,0,0,0,0,0
749,2835,750.1556233987553,99642,4578,3155,252,102,95260,56266,1.520704120752293,2225,1560,5261,10304,36674,30306,1008,4571,48397,35890,0,0,985,374,3039,4959,28026,10205,5032,0,0,32714,14241,7,60,0,0,0,0,0
750,2835,751.052082002955,99642,4439,3117,252,102,95712,56604,1.528632504365629,2207,1534,5299,10317,36803,30410,998,4518,48399,35893,0,0,961,367,2996,4971,28235,10417,4986,0,0,32597,14046,7,59,0,0,0,0,0
751,2835,752.1266703988252,99638,4331,3084,255,103,96275,57054,1.5388606756458378,2152,1468,5323,10342,36965,30554,972,4447,48401,35896,0,0,941,360,2947,4969,28474,10680,4930,0,0,32480,13793,7,57,0,0,0,0,0
752,2835,753.0209663040524,99636,4243,2992,256,104,96753,57358,1.5467401340880806,2096,1446,5356,10346,37095,30706,952,4404,48403,35898,0,0,925,352,2899,4958,28656,10904,4897,0,0,32396,13585,7,57,0,0,0,0,0
753,2835,754.0929281939923,99632,4112,2968,259,105,97304,57744,1.5562068411755259,2072,1415,5372,10366,37245,30799,938,4345,48405,35900,0,0,896,347,2858,4965,28838,11166,4840,0,0,32287,13373,6,56,0,0,0,0,0
754,2835,755.1632486634328,99630,4042,2887,260,106,97865,58111,1.565552544414333,1978,1362,5435,10401,37365,30958,918,4284,48407,35902,0,0,868,341,2820,4965,29077,11409,4793,0,0,32119,13176,6,56,0,0,0,0,0
755,2835,756.055368750386,99630,3958,2814,260,106,98300,58416,1.5729800260965572,1937,1316,5478,10414,37461,31101,904,4247,48409,35904,0,0,850,330,2781,4973,29222,11628,4750,0,0,32048,12987,6,55,0,0,0,0,0
756,2835,757.1260922852827,99629,3891,2780,260,107,98836,58788,1.5821096267151131,1871,1272,5553,10456,37542,31189,881,4194,48411,35906,0,0,824,318,2755,4973,29378,11870,4711,0,0,31960,12780,6,54,0,0,0,0,0
757,2835,758.0182787068219,99629,3833,2689,260,107,99244,59056,1.5888947997069127,1836,1261,5595,10469,37607,31314,867,4158,48413,35908,0,0,807,312,2717,4953,29547,12078,4694,0,0,31829,12634,5,53,0,0,0,0,0
758,2835,759.0890508673419,99627,3725,2622,262,107,99721,59384,1.5970068354964015,1794,1258,5664,10501,37700,31414,853,4096,48415,35910,0,0,794,306,2668,4943,29696,12328,4652,0,0,31761,12421,5,53,0,0,0,0,0
759,2835,760.1595717066572,99626,3623,2524,262,108,100215,59711,1.605263686186337,1725,1244,5730,10563,37822,31520,836,4039,48417,35912,0,0,773,295,2636,4954,29885,12571,4600,0,0,31640,12216,5,51,0,0,0,0,0
760,2835,761.0515623403875,99625,3509,2440,263,108,100591,59967,1.6116235884567127,1682,1234,5780,10580,37941,31636,823,4000,48419,35914,0,0,764,291,2603,4933,30092,12747,4554,0,0,31531,12054,5,51,0,0,0,0,0
761,2835,762.1218813136597,99624,3433,2352,263,109,101022,60274,1.619047619047619,1694,1219,5842,10632,37970,31739,796,3947,48421,35916,0,0,748,284,2571,4924,30276,12959,4515,0,0,31410,11882,5,50,0,0,0,0,0
762,2835,763.014426669239,99623,3429,2321,263,110,101443,60548,1.6260401714463528,1591,1171,5917,10669,38012,31815,786,3912,48423,35918,0,0,737,281,2536,4920,30395,13151,4476,0,0,31320,11753,5,49,0,0,0,0,0
763,2835,764.0861885983106,99622,3353,2280,264,110,101864,60873,1.6335447993415109,1606,1123,5989,10694,38013,31929,773,3862,48425,35920,0,0,724,277,2505,4909,30528,13389,4443,0,0,31177,11616,5,49,0,0,0,0,0
764,2835,765.159337910008,99621,3300,2243,265,110,102293,61163,1.6407785507071802,1555,1080,6074,10750,38041,31992,763,3823,48426,35922,0,0,712,270,2467,4885,30658,13606,4413,0,0,31083,11473,5,49,0,0,0,0,0
765,2835,766.0546461583931,99621,3257,2204,265,110,102643,61416,1.6468314913522248,1498,1046,6168,10785,38057,32061,753,3792,48427,35924,0,0,699,266,2448,4899,30746,13784,4379,0,0,31009,11337,5,49,0,0,0,0,0
766,2835,767.1302816966761,99619,3182,2165,266,111,103037,61713,1.653800981740431,1466,986,6247,10838,38090,32136,747,3762,48428,35926,0,0,687,264,2415,4897,30869,13995,4333,0,0,30894,11212,5,48,0,0,0,0,0
767,2835,768.0277466624742,99617,3102,2144,267,112,103364,61951,1.6595059076262084,1445,946,6309,10880,38135,32183,740,3733,48429,35928,0,0,677,261,2394,4899,30950,14180,4300,0,0,30795,11109,5,47,0,0,0,0,0
768,2835,769.1050188034607,99617,3065,2109,267,112,103789,62210,1.6663722055472459,1413,937,6361,10934,38166,32208,726,3698,48430,35930,0,0,669,252,2367,4905,31067,14375,4249,0,0,30697,10984,5,47,0,0,0,0,0
769,2835,770.0033970346282,99615,3007,2059,268,113,104124,62419,1.6718666867439642,1397,927,6441,10981,38165,32259,720,3659,48431,35932,0,0,658,248,2357,4903,31164,14547,4214,0,0,30591,10881,5,47,0,0,0,0,0
770,2835,771.0826680100442,99615,2891,1993,268,113,104484,62671,1.6780103398082618,1364,935,6524,11040,38237,32300,714,3617,48432,35934,0,0,649,245,2326,4895,31232,14783,4171,0,0,30532,10731,5,46,0,0,0,0,0
771,2835,772.1625899796794,99615,2795,1915,268,113,104842,62912,1.684023490438187,1333,932,6584,11091,38309,32365,709,3582,48433,35936,0,0,635,243,2304,4892,31356,14995,4143,0,0,30390,10608,5,44,0,0,0,0,0
772,2835,773.0631084374971,99614,2783,1849,269,113,105181,63114,1.6894713594474673,1252,922,6669,11120,38319,32441,706,3553,48434,35938,0,0,629,241,2280,4893,31432,15179,4112,0,0,30277,10523,5,43,0,0,0,0,0
773,2835,774.1448208591252,99614,2703,1783,269,113,105539,63370,1.6956351516855062,1208,877,6739,11194,38379,32515,700,3516,48435,35940,0,0,622,238,2256,4883,31529,15397,4071,0,0,30165,10406,5,42,0,0,0,0,0
774,2835,775.046875293273,99612,2628,1757,270,114,105819,63565,1.7004376982692848,1155,862,6808,11231,38445,32542,692,3492,48436,35942,0,0,617,235,2232,4860,31613,15560,4043,0,0,30086,10320,4,42,0,0,0,0,0
775,2835,776.1301122121444,99610,2561,1689,272,114,106125,63795,1.7058528260214838,1170,828,6891,11295,38417,32609,687,3463,48437,35944,0,0,606,232,2207,4838,31728,15727,4019,0,0,29999,10208,4,42,0,0,0,0,0
776,2835,777.0341373860487,99607,2505,1662,275,114,106402,63979,1.710532392301746,1131,804,6944,11358,38461,32625,682,3435,48438,35946,0,0,602,226,2190,4827,31788,15887,3993,0,0,29923,10125,4,42,0,0,0,0,0
777,2835,778.1196538676809,99606,2405,1628,275,115,106697,64198,1.7157098969941569,1129,784,7027,11426,38488,32656,674,3389,48439,35948,0,0,595,225,2172,4816,31845,16091,3967,0,0,29816,10033,4,42,0,0,0,0,0
778,2835,779.0249045583598,99605,2346,1623,275,116,106961,64390,1.7203052055619699,1104,775,7097,11479,38510,32635,666,3370,48440,35950,0,0,585,224,2156,4796,31916,16242,3946,0,0,29733,9962,4,41,0,0,0,0,0
779,2835,780.1121552178369,99603,2262,1571,277,116,107271,64607,1.725630754093752,1095,727,7192,11559,38512,32671,660,3354,48441,35952,0,0,572,222,2134,4798,31993,16434,3921,0,0,29614,9870,4,41,0,0,0,0,0
780,2835,781.0195640139499,99602,2219,1555,277,117,107522,64775,1.7298548221923256,1075,741,7247,11606,38524,32656,656,3323,48442,35954,0,0,567,222,2127,4782,32043,16590,3903,0,0,29507,9816,4,41,0,0,0,0,0
781,2835,782.1094271428619,99600,2149,1516,279,117,107800,64979,1.7347289156626506,1038,699,7351,11686,38533,32688,648,3292,48443,35956,0,0,556,217,2108,4778,32098,16776,3878,0,0,29399,9745,4,41,0,0,0,0,0
782,2835,783.0187898692569,99600,2116,1459,279,117,108051,65130,1.7387650602409639,983,685,7442,11728,38535,32739,643,3270,48444,35958,0,0,546,217,2094,4772,32140,16926,3862,0,0,29326,9672,4,41,0,0,0,0,0
783,2835,784.1117898871684,99599,2044,1407,280,117,108306,65301,1.7430596692737879,1006,671,7523,11822,38505,32733,640,3248,48445,35960,0,0,538,216,2082,4758,32212,17074,3835,0,0,29247,9592,4,41,0,0,0,0,0
784,2835,785.0243011237852,99599,2041,1403,280,117,108542,65486,1.7472866193435677,988,641,7583,11882,38471,32735,635,3220,48446,35962,0,0,531,214,2073,4759,32284,17184,3809,0,0,29172,9528,4,41,0,0,0,0,0
785,2835,786.120834068799,99599,1995,1339,280,117,108819,65654,1.7517545356881092,940,643,7683,11966,38468,32739,632,3194,48447,35964,0,0,525,209,2060,4755,32328,17347,3781,0,0,29113,9437,4,40,0,0,0,0,0
786,2835,787.0360593786907,99598,1991,1327,280,118,109058,65814,1.7557782284784835,900,624,7758,12038,38446,32719,623,3172,48448,35966,0,0,520,207,2051,4744,32368,17476,3763,0,0,29039,9386,4,40,0,0,0,0,0
787,2835,788.1360134671918,99596,1935,1294,280,120,109309,65975,1.7599501988031647,879,598,7865,12143,38420,32693,619,3150,48449,35968,0,0,514,205,2035,4724,32427,17636,3749,0,0,28935,9328,4,39,0,0,0,0,0
788,2835,789.0541879341483,99596,1875,1265,280,120,109497,66118,1.763273625446805,878,578,7926,12213,38428,32687,611,3135,48450,35970,0,0,510,203,2018,4720,32467,17761,3730,0,0,28879,9265,4,39,0,0,0,0,0
789,2835,790.1573091834387,99596,1801,1224,280,120,109715,66277,1.7670589180288365,901,565,8022,12276,38388,32695,606,3118,48451,35972,0,0,509,200,2005,4714,32496,17917,3708,0,0,28814,9190,4,39,0,0,0,0,0
790,2835,791.0782186765329,99595,1766,1191,281,120,109923,66394,1.7703398764998244,867,571,8114,12316,38370,32699,600,3101,48452,35974,0,0,505,198,1996,4713,32538,18030,3679,0,0,28757,9136,4,39,0,0,0,0,0
791,2835,792.0004458519095,99593,1743,1201,281,122,110134,66541,1.773970058136616,838,541,8195,12387,38346,32663,595,3084,48453,35976,0,0,501,197,1985,4700,32565,18151,3668,0,0,28701,9082,4,39,0,0,0,0,0
792,2835,793.1091561951126,99591,1700,1145,283,122,110356,66674,1.777570262373106,820,550,8307,12486,38297,32635,591,3060,48454,35978,0,0,498,192,1977,4690,32620,18278,3643,0,0,28639,9011,4,39,0,0,0,0,0
793,2835,794.0347737369458,99591,1658,1127,283,122,110547,66810,1.7808536915986384,790,542,8390,12553,38286,32611,591,3043,48455,35980,0,0,491,192,1968,4680,32664,18388,3626,0,0,28584,8955,4,39,0,0,0,0,0
794,2835,795.1473839738278,99589,1620,1106,284,123,110762,66949,1.7844440651075921,743,515,8503,12648,38258,32576,590,3030,48456,35982,0,0,487,190,1959,4673,32732,18496,3603,0,0,28491,8915,4,39,0,0,0,0,0
795,2835,796.076379086345,99589,1563,1068,284,123,110925,67057,1.7871652491741055,749,515,8588,12718,38225,32560,589,3014,48457,35984,0,0,479,188,1950,4670,32764,18608,3585,0,0,28437,8866,3,39,0,0,0,0,0
796,2835,797.0069983331873,99589,1546,1055,284,123,111098,67177,1.790107341172218,724,514,8677,12779,38181,32531,586,2996,48458,35986,0,0,475,187,1941,4660,32783,18713,3572,0,0,28391,8825,3,39,0,0,0,0,0
797,2835,798.12574207072,99589,1510,1047,284,123,111296,67330,1.7936318268081817,728,484,8774,12867,38122,32503,580,2974,48459,35988,0,0,470,187,1928,4645,32807,18833,3560,0,0,28356,8761,3,39,0,0,0,0,0
798,2835,799.0597132003393,99588,1468,1028,284,124,111462,67451,1.7965317106478693,705,473,8840,12932,38121,32489,580,2952,48460,35990,0,0,464,186,1921,4627,32820,18958,3554,0,0,28291,8725,3,39,0,0,0,0,0
799,2835,800.1823477607718,99588,1434,1020,284,124,111645,67600,1.7998654456360204,720,449,8945,13007,38041,32470,574,2928,48461,35992,0,0,461,183,1906,4619,32867,19071,3537,0,0,28219,8684,3,38,0,0,0,0,0
800,2835,801.1198916168385,99588,1418,998,284,124,111816,67721,1.802797525806322,707,442,9042,13072,37979,32453,568,2909,48462,35994,0,0,460,182,1901,4602,32914,19169,3524,0,0,28142,8654,3,37,0,0,0,0,0
801,2835,802.0595060991435,99588,1401,981,284,124,111979,67840,1.8056291922721612,696,432,9126,13134,37924,32435,567,2892,48463,35996,0,0,455,181,1890,4583,32921,19281,3518,0,0,28107,8612,3,37,0,0,0,0,0
802,2835,803.0008965210136,99588,1378,963,284,124,112148,67952,1.8084508173675544,680,405,9214,13216,37876,32406,566,2884,48464,35998,0,0,452,180,1878,4585,32949,19385,3500,0,0,28036,8583,3,37,0,0,0,0,0
803,2835,804.1330155047859,99587,1361,936,285,124,112344,68071,1.8116320403265487,667,409,9309,13313,37818,32358,558,2858,48465,36000,0,0,448,177,1869,4577,32950,19515,3490,0,0,27979,8542,3,37,0,0,0,0,0
804,2835,805.0784058709886,99586,1363,896,285,125,112518,68156,1.8142509991364248,615,414,9389,13396,37789,32322,557,2845,48466,36002,0,0,447,175,1859,4564,33006,19595,3480,0,0,27916,8504,3,37,0,0,0,0,0
805,2835,806.0254656478055,99586,1308,870,285,125,112652,68250,1.8165404775771694,630,412,9491,13493,37726,32273,558,2825,48467,36004,0,0,441,174,1853,4550,33020,19702,3475,0,0,27853,8478,3,37,0,0,0,0,0
806,2835,807.1643885888252,99585,1279,834,286,125,112837,68372,1.8196415122759453,590,398,9604,13602,37682,32228,557,2811,48468,36005,0,0,435,171,1848,4547,33020,19832,3465,0,0,27806,8422,3,36,0,0,0,0,0
807,2835,808.1154194545187,99584,1237,815,287,125,112979,68460,1.8219693926735219,571,405,9692,13671,37655,32190,556,2792,48469,36006,0,0,430,171,1843,4536,33029,19929,3455,0,0,27764,8388,3,36,0,0,0,0,0
808,2835,809.0679270703731,99584,1219,809,287,125,113134,68553,1.824459752570694,550,400,9760,13735,37631,32158,551,2771,48470,36007,0,0,429,169,1836,4521,33070,20011,3447,0,0,27701,8362,3,35,0,0,0,0,0
809,2835,810.021829829113,99584,1188,784,287,125,113255,68652,1.8266689428020566,569,382,9853,13795,37557,32153,544,2759,48471,36008,0,0,426,168,1830,4511,33079,20110,3437,0,0,27654,8331,3,35,0,0,0,0,0
810,2835,811.1693222140208,99583,1162,754,288,125,113413,68761,1.8293684665053271,548,368,9973,13905,37485,32106,542,2740,48472,36009,0,0,424,166,1820,4495,33108,20209,3425,0,0,27610,8288,3,35,0,0,0,0,0
811,2835,812.1279927264503,99583,1123,732,288,125,113533,68842,1.831386883303375,523,385,10069,13991,37455,32041,540,2724,48473,36010,0,0,421,166,1814,4482,33124,20294,3422,0,0,27569,8253,3,35,0,0,0,0,0
812,2835,813.0882369970335,99583,1101,718,288,125,113668,68930,1.8336262213430004,498,362,10141,14087,37433,31997,537,2709,48474,36011,0,0,420,166,1805,4462,33139,20380,3416,0,0,27532,8225,3,35,0,0,0,0,0
813,2835,814.0499537151487,99583,1079,699,288,125,113787,69020,1.8357249731379854,492,339,10237,14181,37365,31958,537,2696,48475,36012,0,0,416,165,1797,4460,33196,20440,3406,0,0,27470,8195,3,35,0,0,0,0,0
814,2835,815.0139778635953,99583,1040,681,288,125,113897,69102,1.8376530130644788,498,324,10330,14252,37308,31930,534,2686,48476,36013,0,0,413,164,1794,4457,33213,20517,3390,0,0,27432,8166,3,34,0,0,0,0,0
815,2835,816.173385853761,99582,1007,659,289,125,114046,69178,1.839930911208853,486,331,10424,14347,37262,31874,530,2662,48477,36014,0,0,411,163,1786,4441,33223,20608,3378,0,0,27406,8129,3,34,0,0,0,0,0
816,2835,817.1411920896467,99581,979,625,290,125,114175,69248,1.841947761119089,476,318,10507,14435,37216,31843,530,2652,48478,36015,0,0,407,161,1782,4428,33233,20698,3369,0,0,27365,8101,3,34,0,0,0,0,0
817,2835,818.1108285898516,99581,944,628,290,125,114278,69335,1.843855755616031,476,295,10598,14532,37162,31784,528,2634,48479,36016,0,0,405,161,1777,4416,33248,20774,3366,0,0,27323,8074,3,34,0,0,0,0,0
818,2835,819.0826972647624,99581,925,617,290,125,114389,69403,1.8456532872736766,460,267,10703,14634,37096,31733,524,2622,48480,36017,0,0,403,160,1773,4415,33256,20843,3358,0,0,27290,8047,2,34,0,0,0,0,0
819,2835,820.0568078841596,99580,895,606,290,126,114508,69476,1.8475999196625827,429,270,10790,14713,37071,31677,523,2606,48481,36018,0,0,401,159,1771,4405,33256,20929,3352,0,0,27251,8020,2,34,0,0,0,0,0
820,2835,821.0322576773877,99580,861,586,290,126,114596,69531,1.8490359509941756,428,280,10897,14811,37000,31597,522,2598,48482,36019,0,0,401,159,1767,4401,33262,21000,3342,0,0,27209,8003,2,34,0,0,0,0,0
821,2835,822.0100670299092,99580,833,578,290,126,114694,69611,1.8508234585258083,437,284,11005,14922,36914,31507,519,2581,48483,36020,0,0,400,158,1763,4398,33253,21078,3332,0,0,27193,7970,2,33,0,0,0,0,0
822,2835,823.1866834019902,99580,828,552,290,126,114809,69677,1.8526410925888732,433,289,11114,15029,36817,31434,516,2568,48484,36021,0,0,397,158,1760,4394,33272,21140,3325,0,0,27159,7940,2,33,0,0,0,0,0
823,2835,824.1700765008276,99580,803,527,290,126,114900,69734,1.854127334806186,430,285,11215,15126,36746,31374,514,2560,48485,36022,0,0,396,156,1755,4388,33270,21210,3316,0,0,27137,7917,2,33,0,0,0,0,0
824,2835,825.1557695963994,99580,789,542,290,126,115001,69807,1.8558746736292429,413,288,11310,15200,36683,31294,513,2548,48486,36023,0,0,394,155,1748,4385,33281,21268,3310,0,0,27103,7901,2,33,0,0,0,0,0
825,2835,826.1434292438599,99580,802,546,290,126,115117,69884,1.8578128138180356,383,270,11403,15274,36612,31244,508,2538,48487,36024,0,0,393,155,1743,4379,33297,21324,3305,0,0,27067,7882,2,33,0,0,0,0,0
826,2835,827.1332843886474,99580,803,514,290,126,115217,69940,1.8593793934525005,379,267,11499,15378,36521,31189,506,2524,48488,36025,0,0,391,155,1739,4367,33321,21381,3300,0,0,27029,7862,2,33,0,0,0,0,0
827,2835,828.1258375931839,99580,784,513,290,126,115321,70008,1.8611066479212692,354,264,11595,15456,36472,31125,503,2514,48489,36026,0,0,391,154,1731,4356,33354,21437,3289,0,0,26992,7841,2,33,0,0,0,0,0
828,2835,829.1203126722354,99579,775,507,291,126,115425,70075,1.8628425672079454,326,245,11687,15533,36416,31082,503,2505,48490,36027,0,0,390,154,1725,4357,33355,21501,3277,0,0,26962,7823,2,33,0,0,0,0,0
829,2835,830.1170398096717,99579,751,487,291,126,115503,70130,1.8641781901806607,330,250,11800,15612,36329,31024,497,2499,48491,36028,0,0,387,154,1723,4356,33371,21552,3272,0,0,26929,7800,2,33,0,0,0,0,0
830,2835,831.1164093063989,99578,734,479,292,126,115579,70194,1.8656028440016872,337,240,11894,15703,36248,30961,493,2489,48492,36029,0,0,387,154,1722,4361,33376,21607,3262,0,0,26898,7777,2,32,0,0,0,0,0
831,2835,832.1180249766123,99578,703,476,292,126,115652,70253,1.8669284380083955,345,234,11996,15785,36171,30901,491,2476,48493,36030,0,0,386,154,1718,4351,33387,21661,3254,0,0,26872,7761,2,32,0,0,0,0,0
832,2835,833.1221488731296,99578,688,472,292,126,115729,70305,1.8682239048785876,349,236,12089,15887,36090,30813,490,2464,48494,36031,0,0,385,154,1717,4351,33410,21698,3242,0,0,26839,7748,2,32,0,0,0,0,0
833,2835,834.1288381602494,99577,679,462,293,126,115818,70359,1.8696787410747462,342,224,12183,16006,36015,30726,486,2454,48495,36032,0,0,382,153,1714,4347,33426,21744,3236,0,0,26812,7729,2,32,0,0,0,0,0
834,2835,835.1378938006707,99577,651,446,293,126,115899,70407,1.870974220954638,341,244,12276,16094,35950,30650,487,2438,48496,36033,0,0,381,153,1712,4340,33443,21798,3229,0,0,26779,7708,2,32,0,0,0,0,0
835,2835,836.1493826257093,99577,638,432,293,126,115993,70464,1.87249063538769,330,241,12401,16180,35851,30593,485,2426,48497,36034,0,0,380,151,1710,4330,33452,21856,3227,0,0,26753,7684,2,32,0,0,0,0,0
836,2835,837.1638589983802,99577,666,430,293,126,116101,70525,1.8741878144551454,303,214,12500,16278,35752,30539,484,2411,48498,36035,0,0,380,151,1708,4325,33447,21914,3220,0,0,26728,7670,2,32,0,0,0,0,0
837,2835,838.181115508562,99577,639,420,293,126,116168,70577,1.8753828695381463,321,214,12583,16388,35679,30450,483,2400,48499,36036,0,0,379,150,1705,4327,33455,21965,3210,0,0,26700,7652,2,32,0,0,0,0,0
838,2835,839.2006175316388,99577,621,418,293,126,116242,70629,1.876648221978971,304,213,12676,16501,35626,30349,478,2391,48500,36037,0,0,378,149,1701,4323,33451,22016,3204,0,0,26692,7629,2,32,0,0,0,0,0
839,2835,840.0176648022875,99577,621,406,293,126,116320,70684,1.8779838717776194,274,196,12762,16583,35570,30307,478,2380,48501,36038,1,1,377,149,1697,4315,33459,22065,3201,0,0,26665,7613,2,32,0,2,0,0,0
840,2835,841.0414021726014,99577,617,393,293,126,116398,70726,1.8791889693403094,272,190,12850,16668,35486,30251,480,2370,48502,36039,2,2,375,148,1694,4316,33468,22107,3194,0,0,26642,7596,2,32,0,3,0,0,0
841,2835,842.0678701325307,99576,601,375,293,127,116468,70772,1.8803727805897004,257,180,12967,16772,35400,30179,480,2365,48503,36040,3,3,374,148,1689,4308,33468,22163,3189,0,0,26623,7576,2,32,0,4,0,0,0
842,2835,843.0972129781265,99576,568,359,293,127,116539,70814,1.8815075921908895,260,188,13064,16866,35335,30102,478,2356,48504,36041,4,4,371,147,1686,4301,33484,22214,3186,0,0,26589,7559,2,32,0,4,0,0,1
843,2835,844.1290684213934,99576,548,370,293,127,116609,70864,1.882712701855869,249,172,13174,16968,35255,30011,479,2350,48505,36042,5,5,371,147,1685,4301,33504,22251,3177,0,0,26551,7549,2,32,0,5,0,0,1
844,2835,845.1634555440154,99576,527,354,293,127,116663,70903,1.883646661846228,266,176,13277,17042,35157,29959,478,2340,48506,36043,6,6,371,147,1685,4295,33502,22299,3174,0,0,26531,7531,2,32,0,5,0,0,2
845,2835,846.2011982426816,99576,520,367,293,127,116730,70956,1.8848517715112074,253,175,13400,17127,35053,29865,479,2337,48507,36044,7,7,363,147,1685,4294,33511,22331,3177,0,0,26508,7519,2,31,0,5,0,0,3
846,2835,847.0336840769771,99574,524,370,295,127,116787,70996,1.8858637797015285,238,167,13493,17206,34970,29801,478,2327,48508,36045,8,8,362,147,1684,4292,33526,22353,3171,0,0,26489,7508,2,31,0,6,0,0,3
847,2835,848.0770755748872,99574,520,371,295,127,116842,71043,1.8868881434912728,254,158,13580,17296,34869,29729,480,2317,48509,36046,9,9,362,147,1683,4284,33529,22387,3166,0,0,26477,7496,2,31,0,7,0,0,3
848,2835,849.1236154466608,99574,498,366,295,127,116901,71093,1.8879828067567839,260,146,13694,17396,34771,29658,480,2305,48510,36047,10,10,360,147,1679,4282,33536,22431,3160,0,0,26452,7483,2,31,0,7,0,0,4
849,2835,850.173108934708,99574,487,346,295,127,116967,71131,1.889027256111033,256,157,13787,17493,34692,29579,481,2296,48511,36048,11,11,357,146,1677,4275,33537,22477,3158,0,0,26437,7465,2,31,0,7,0,0,5
850,2835,851.0146575529509,99574,475,329,295,127,117007,71163,1.8897503364332056,275,150,13860,17572,34614,29524,479,2296,48512,36049,12,12,357,145,1675,4277,33542,22507,3150,0,0,26422,7454,2,31,0,7,0,0,5
851,2835,852.0693431682731,99574,498,313,295,127,117088,71205,1.89098559865025,240,143,13968,17664,34519,29463,478,2288,48513,36050,14,14,357,145,1671,4272,33555,22543,3144,0,0,26401,7439,2,31,0,9,0,0,5
852,2835,853.1270379354584,99574,493,310,295,127,117155,71236,1.8919697913109847,223,150,14061,17751,34448,29382,478,2278,48514,36051,16,16,355,145,1669,4268,33567,22575,3140,0,0,26378,7428,2,31,0,10,0,0,6
853,2835,854.1872980506439,99574,470,312,295,127,117208,71282,1.892964026753972,223,141,14159,17841,34374,29299,477,2278,48515,36052,19,18,354,145,1668,4271,33572,22616,3131,0,0,26347,7420,2,31,0,10,0,0,7
854,2835,855.0375341995234,99574,459,317,295,127,117254,71321,1.8938176632454256,211,133,14261,17923,34293,29223,479,2275,48516,36053,23,21,354,145,1664,4269,33576,22647,3126,0,0,26333,7408,2,31,0,12,0,0,7
855,2835,856.1030765337341,99574,440,301,295,127,117301,71348,1.8945608291321028,206,146,14367,18006,34206,29152,484,2266,48517,36054,28,25,354,145,1662,4266,33564,22695,3123,0,0,26308,7400,2,31,0,17,0,0,7
856,2835,857.1717954396873,99574,424,298,295,127,117362,71383,1.8955249362283326,197,141,14462,18103,34136,29067,484,2262,48518,36055,34,30,354,145,1659,4260,33566,22737,3117,0,0,26290,7386,2,31,0,19,0,0,8
857,2835,858.0285669845612,99574,428,296,295,127,117412,71420,1.896398658284291,191,137,14544,18170,34051,29005,489,2263,48519,36056,42,36,352,145,1658,4256,33558,22771,3117,0,0,26278,7376,2,31,0,22,0,0,8
858,2835,859.1024104532783,99574,419,294,295,127,117461,71458,1.8972723803402494,190,144,14624,18276,33975,28896,495,2261,48520,36057,51,43,352,144,1655,4249,33561,22807,3114,0,0,26258,7365,2,31,0,26,0,0,10
859,2835,860.1788475191429,99574,390,283,295,127,117504,71491,1.8980356317914315,188,139,14724,18360,33899,28823,502,2266,48521,36058,63,51,352,144,1649,4246,33555,22852,3106,0,0,26240,7352,2,31,0,34,1,0,10
860,2835,861.0421631800098,99573,387,274,296,127,117546,71520,1.8987677382422945,182,137,14804,18424,33816,28758,513,2278,48522,36059,77,61,352,144,1648,4244,33551,22886,3103,0,0,26219,7336,2,31,0,43,1,0,13
861,2835,862.124469819924,99573,397,268,296,127,117610,71551,1.8997218121378285,162,129,14906,18541,33715,28648,522,2285,48523,36060,94,73,351,144,1646,4238,33535,22934,3101,0,0,26201,7324,2,31,0,48,2,0,16
862,2835,863.210079639986,99573,363,253,296,127,117643,71585,1.9003946853062577,170,126,15001,18639,33633,28560,535,2293,48524,36061,115,87,351,144,1640,4234,33536,22986,3098,0,0,26159,7313,2,31,0,56,2,0,21
863,2835,864.0811424912297,99573,358,245,296,127,117687,71610,1.9010876442409086,168,115,15094,18732,33532,28469,550,2310,48525,36062,140,103,350,144,1638,4228,33515,23038,3095,0,0,26135,7305,2,31,0,67,2,0,23
864,2835,865.1733520620963,99573,353,236,296,127,117736,71638,1.9018609462404468,172,116,15177,18815,33433,28376,567,2328,48526,36063,170,122,350,144,1635,4223,33507,23084,3091,0,0,26097,7295,2,30,0,85,3,0,27
865,2835,866.0496413241516,99573,342,233,296,127,117774,71661,1.9024735621102107,155,118,15258,18860,33358,28306,589,2354,48527,36064,206,144,349,142,1634,4228,33491,23128,3086,0,0,26054,7285,2,30,0,109,3,0,32
866,2835,867.1482095092762,99573,330,217,296,127,117819,71688,1.903196649694194,154,127,15350,18954,33255,28192,613,2381,48528,36065,248,169,348,141,1631,4225,33476,23184,3079,0,0,26013,7268,2,30,0,133,4,0,39
867,2835,868.0296663458431,99573,334,225,296,127,117861,71720,1.9039398230443996,147,111,15423,19028,33158,28091,640,2416,48529,36066,297,197,348,141,1627,4219,33453,23231,3077,0,0,25985,7252,2,30,0,155,7,0,46
868,2835,869.1349581901802,99573,314,221,296,127,117904,71752,1.904693039277716,143,105,15516,19105,33057,27976,672,2464,48530,36067,354,229,346,141,1626,4213,33432,23287,3073,0,0,25937,7240,2,30,0,192,7,0,47
869,2835,870.0220855676939,99573,311,205,296,127,117935,71766,1.9051449690177056,153,112,15590,19175,32942,27859,706,2520,48531,36068,420,266,346,141,1620,4209,33395,23349,3071,0,0,25894,7227,2,30,0,227,9,0,53
870,2835,871.1351097060821,99573,303,201,296,127,117972,71788,1.9057374991212477,156,108,15674,19251,32826,27732,743,2579,48532,36069,496,308,345,141,1619,4212,33367,23409,3064,0,0,25840,7204,2,30,0,260,10,0,70
871,2835,872.0284598064156,99573,303,193,296,127,118005,71810,1.9062898576923464,152,107,15759,19312,32702,27601,786,2658,48533,36070,583,355,345,141,1612,4206,33341,23466,3063,0,0,25771,7184,2,30,0,314,15,0,83
872,2835,873.1501375582476,99573,296,190,296,127,118049,71840,1.9070330310425516,145,106,15876,19357,32547,27475,838,2743,48534,36071,682,408,344,141,1611,4206,33269,23558,3061,0,0,25728,7150,2,30,0,355,15,0,103
873,2835,874.0513661424121,99573,288,196,296,127,118083,71866,1.9076356040292046,135,94,15941,19388,32444,27352,894,2841,48535,36072,794,467,344,141,1605,4207,33208,23640,3057,0,0,25650,7134,2,30,0,419,21,0,115
874,2835,875.1823626963653,99572,284,175,297,127,118121,71888,1.9082573414212831,131,92,16044,19451,32286,27198,956,2955,48536,36073,921,533,344,141,1599,4201,33125,23754,3055,0,0,25581,7113,2,30,0,473,27,0,127
875,2835,876.0913425771597,99572,285,174,297,127,118152,71906,1.9087494476358815,131,97,16118,19460,32146,27053,1021,3087,48537,36074,1063,606,344,141,1596,4200,33046,23849,3052,0,0,25498,7091,2,30,0,549,30,0,144
876,2835,877.0040844034329,99572,280,170,297,127,118188,71922,1.9092716828023943,122,101,16194,19488,32011,26878,1094,3234,48538,36075,1222,687,344,141,1594,4197,32958,23957,3049,0,0,25407,7070,2,30,0,629,32,0,162
877,2835,878.1504832954857,99572,273,185,297,127,118229,71960,1.9100650785361346,118,73,16288,19512,31842,26711,1180,3390,48539,36076,1400,776,343,139,1587,4198,32879,24062,3045,0,0,25302,7037,2,30,0,722,37,0,189
878,2835,879.0721665893784,99572,252,183,297,127,118248,71977,1.910426625959105,128,68,16332,19509,31714,26540,1275,3571,48540,36077,1597,874,343,139,1581,4193,32794,24172,3043,0,0,25203,7000,2,30,0,811,41,0,220
879,2835,880.2296417804299,99572,256,166,297,127,118293,71991,1.9110191620134174,126,68,16411,19535,31532,26338,1376,3764,48541,36078,1815,981,342,139,1573,4183,32697,24300,3041,0,0,25076,6964,2,30,0,925,49,0,251
880,2835,881.1604479490746,99572,251,162,297,127,118322,72006,1.9114610533081589,123,68,16455,19515,31386,26146,1486,3980,48542,36079,2054,1098,342,139,1562,4178,32572,24443,3037,0,0,24951,6922,2,30,0,1048,59,0,287
881,2835,882.0957913018736,99572,252,171,297,127,118352,72025,1.9119531595227575,113,72,16509,19494,31222,25910,1605,4224,48543,36080,2316,1225,342,139,1549,4172,32448,24585,3037,0,0,24808,6885,2,30,0,1182,71,0,322
882,2835,883.0360149302543,99571,252,169,297,128,118378,72046,1.912444386417732,111,72,16557,19442,31044,25708,1737,4479,48544,36081,2602,1363,342,139,1538,4168,32316,24741,3033,0,0,24665,6836,2,30,0,1314,82,0,365
883,2835,884.218681776874,99571,236,158,297,128,118402,72060,1.9128260236414216,107,89,16647,19411,30835,25457,1876,4755,48545,36082,2913,1512,342,139,1530,4168,32176,24909,3027,0,0,24510,6791,2,30,0,1453,89,0,405
884,2835,885.1707729512706,99571,232,149,297,128,118431,72079,1.9133080917134506,98,85,16694,19337,30648,25221,2029,5078,48546,36083,3250,1673,341,139,1520,4168,32004,25101,3024,0,0,24339,6742,2,29,1,1615,98,0,448
885,2835,886.1288715955159,99571,222,148,297,128,118454,72097,1.9137198581916421,101,85,16743,19269,30446,24945,2189,5423,48547,36084,3613,1846,339,139,1513,4166,31821,25301,3025,0,0,24152,6697,2,29,1,1794,105,0,487
886,2835,887.0934239902548,99571,214,131,297,128,118473,72108,1.9140211507366602,113,84,16772,19215,30235,24652,2367,5788,48548,36085,4003,2031,339,139,1501,4168,31628,25516,3021,0,0,23938,6645,2,29,1,1994,115,0,535
887,2835,888.0646662662429,99571,194,136,297,128,118493,72127,1.9144128310451838,113,78,16803,19132,30038,24340,2553,6184,48549,36086,4420,2229,338,139,1486,4168,31437,25725,3019,0,0,23704,6591,2,29,1,2219,128,0,585
888,2835,889.0424690899343,99571,204,135,297,128,118526,72146,1.9149350714565485,97,78,16839,19028,29801,24039,2760,6590,48550,36087,4864,2440,337,139,1469,4167,31207,25971,3020,0,0,23487,6521,2,29,1,2423,145,0,653
889,2835,890.0278533535679,99571,204,141,297,128,118555,72169,1.9154573118679135,93,86,16852,18910,29573,23701,2979,7032,48551,36088,5335,2664,337,138,1454,4172,30973,26218,3014,0,0,23243,6458,2,29,1,2661,159,0,712
890,2835,891.020838873665,99571,197,134,297,128,118580,72183,1.915848992176437,82,82,16880,18797,29331,23368,3211,7489,48552,36089,5833,2902,337,137,1446,4170,30742,26471,3012,0,0,22987,6394,2,29,1,2905,167,0,771
891,2835,892.0220494411752,99571,195,149,297,128,118608,72207,1.9163712325878017,68,68,16875,18686,29115,23004,3448,7963,48553,36090,6357,3153,337,136,1423,4169,30482,26745,3007,0,0,22746,6309,2,29,1,3140,190,0,855
892,2835,893.0309559389177,99571,176,137,297,128,118624,72222,1.9166825682176538,73,62,16849,18559,28898,22651,3705,8461,48554,36091,6906,3417,337,136,1411,4172,30208,27037,3001,0,0,22477,6220,2,29,1,3405,201,0,934
893,2835,894.0478916474084,99571,169,130,297,128,118640,72234,1.916963774593004,72,57,16844,18426,28640,22275,3976,8982,48555,36092,7479,3695,337,136,1391,4171,29922,27341,2999,0,0,22185,6135,2,29,1,3690,219,0,1013
894,2835,895.0739942232666,99571,155,120,297,128,118656,72244,1.9172248947986863,77,59,16840,18265,28380,21899,4249,9527,48556,36093,8074,3986,335,136,1377,4167,29620,27662,2999,0,0,21883,6050,2,28,2,3981,233,0,1096
895,2835,896.1095728236119,99571,156,124,297,128,118674,72263,1.917596488937542,76,53,16840,18078,28104,21532,4525,10083,48557,36094,8690,4290,334,136,1357,4167,29305,27990,2998,0,0,21592,5956,2,27,3,4265,252,0,1187
896,2835,897.1552631147446,99571,163,121,297,128,118699,72277,1.9179881692460656,69,50,16847,17877,27808,21155,4814,10667,48558,36095,9325,4607,333,136,1337,4165,28977,28332,2998,0,0,21267,5865,2,26,4,4585,271,0,1273
897,2835,898.2118610476232,99571,147,115,297,128,118711,72286,1.9181990740275783,75,51,16827,17704,27529,20748,5123,11252,48559,36096,9977,4936,333,135,1320,4160,28635,28692,2997,0,0,20940,5765,2,26,4,4905,288,0,1369
898,2835,899.0117447130259,99571,153,114,297,128,118728,72296,1.9184702373180946,68,52,16773,17490,27261,20350,5446,11864,48560,36097,10643,5277,333,135,1289,4159,28289,29046,2996,0,0,20609,5667,2,26,4,5235,319,0,1462
899,2835,900.0899870899443,99571,148,115,297,128,118741,72313,1.9187715298631127,93,68,16861,17562,27171,20309,5428,11816,48560,36097,10643,5277,333,135,1288,4158,28292,29056,2995,0,0,20603,5663,2,26,4,5235,319,0,1462
900,2835,900.0899870899443,99571,149,117,297,128,118751,72318,1.9189221761356219,86,64,16746,17284,26948,19945,5772,12460,48560,36097,11322,5629,333,135,1275,4160,27955,29398,2992,0,0,20249,5569,2,26,4,5585,332,0,1556
901,2835,901.1803346661804,99571,145,114,297,128,118766,72336,1.9192535979351417,95,60,16696,17065,26654,19548,6111,13083,48560,36097,12011,5992,333,135,1252,4160,27597,29770,2990,0,8,19901,5463,2,26,4,5921,355,0,1654
902,2835,902.0062190764153,99571,145,118,297,128,118782,72348,1.919534804310492,92,60,16643,16842,26357,19126,6464,13724,48560,36097,12707,6365,333,135,1238,4158,27219,30156,2990,0,10,19563,5364,2,26,4,6255,367,0,1751
903,2835,903.1204879576253,99571,155,117,297,128,118814,72364,1.920016872382521,86,63,16599,16621,26041,18714,6820,14355,48560,36097,13408,6747,333,135,1221,4154,26838,30552,2989,0,14,19199,5269,2,26,4,6609,384,1,1841
904,2835,904.2483043310872,99571,148,112,297,128,118838,72377,1.9203884665213766,89,66,16567,16461,25720,18265,7177,14966,48560,36097,14111,7137,333,135,1196,4149,26463,30948,2988,0,18,18859,5156,2,25,5,6935,408,3,1948
905,2835,905.1037337686582,99571,152,107,297,128,118859,72389,1.9207198883208967,89,64,16505,16227,25414,17881,7541,15591,48560,36097,14814,7535,333,134,1177,4152,26057,31363,2985,0,21,18508,5050,2,25,5,7278,427,5,2049
906,2835,906.2592222415585,99571,160,109,297,128,118888,72404,1.92116178405359,89,70,16457,16053,25084,17445,7911,16193,48560,36097,15515,7939,333,134,1151,4153,25678,31752,2982,0,23,18151,4940,2,24,6,7627,453,5,2157
907,2835,907.1360667211743,99571,163,113,297,128,118914,72422,1.9216036797862832,88,64,16386,15812,24777,17070,8287,16811,48560,36097,16211,8349,333,134,1125,4155,25314,32123,2980,0,25,17807,4819,2,24,6,7965,478,6,2275
908,2835,908.0238121514645,99571,162,116,297,128,118937,72441,1.9220254893493085,81,55,16314,15593,24468,16687,8676,17419,48560,36097,16900,8764,333,134,1110,4153,24894,32555,2980,0,27,17484,4718,2,24,6,8278,493,7,2373
909,2835,909.2237316465491,99571,163,113,297,128,118960,72454,1.9223870404033303,79,59,16256,15395,24150,16304,9053,17999,48560,36097,17580,9182,333,134,1087,4152,24531,32936,2977,0,30,17120,4622,2,22,8,8629,515,7,2466
910,2835,910.1344506191112,99571,167,108,297,128,118978,72463,1.9226582036938467,78,58,16177,15185,23838,15934,9441,18585,48560,36097,18249,9603,333,134,1057,4152,24176,33300,2977,0,33,16785,4509,2,22,8,8956,544,8,2575
911,2835,911.0571391459953,99571,160,111,297,128,118993,72480,1.9229795824085325,78,47,16123,14979,23515,15584,9825,19149,48560,36097,18906,10026,332,134,1032,4153,23822,33668,2975,1,36,16415,4413,2,21,9,9315,567,9,2667
912,2835,912.3056026521194,99571,155,108,297,128,119023,72502,1.9235018228198975,89,44,16088,14827,23171,15226,10198,19665,48560,36097,19549,10449,332,134,1015,4148,23472,34035,2974,1,42,16064,4311,2,21,9,9655,584,13,2759
913,2835,913.2545566371545,99571,151,97,297,128,119040,72508,1.9237328137710779,93,52,16010,14658,22869,14861,10578,20202,48560,36097,20177,10872,332,134,997,4148,23089,34433,2972,1,43,15733,4219,2,21,9,9974,601,18,2845
914,2835,914.2164031821891,99571,156,93,297,128,119065,72522,1.9241244940796014,89,48,15947,14498,22550,14511,10959,20720,48560,36097,20788,11294,332,134,972,4149,22763,34772,2970,1,49,15415,4107,2,21,9,10282,624,22,2947
915,2835,915.1914618547124,99571,158,89,297,128,119090,72537,1.924526217472959,81,49,15855,14302,22267,14212,11340,21218,48560,36097,21382,11714,332,134,956,4152,22441,35113,2965,1,51,15076,4028,2,21,9,10605,639,25,3021
916,2835,916.1794206830127,99571,160,88,297,128,119111,72551,1.9248777254421467,85,44,15789,14133,21962,13897,11705,21708,48560,36097,21958,12131,332,134,938,4151,22098,35469,2964,1,57,14779,3936,2,21,9,10891,657,25,3107
917,2835,917.1808253227352,99571,166,84,297,128,119137,72559,1.9252191903265008,78,47,15702,13996,21680,13587,12075,22156,48560,36097,22515,12544,331,134,909,4151,21790,35791,2962,2,57,14478,3855,2,21,9,11181,685,26,3187
918,2835,918.1954645367266,99571,168,83,297,128,119157,72574,1.9255706982956886,87,42,15629,13845,21373,13308,12444,22592,48560,36097,23053,12953,331,134,885,4151,21478,36120,2959,2,59,14186,3778,2,21,9,11460,708,28,3260
919,2835,919.2242757547914,99571,171,81,297,128,119180,72586,1.9259222062648764,88,48,15555,13690,21086,13037,12801,23014,48560,36097,23572,13357,331,134,870,4150,21140,36470,2959,2,59,13917,3682,2,21,9,11718,723,29,3355
920,2835,920.2672737368902,99571,172,78,297,128,119201,72599,1.9262636711492302,86,44,15485,13577,20800,12768,13158,23403,48560,36097,24072,13755,331,134,849,4150,20821,36800,2958,2,61,13665,3597,2,20,10,11960,744,31,3436
921,2835,921.3244668214361,99571,165,72,297,128,119225,72608,1.92659509294875,75,50,15446,13456,20522,12518,13493,23774,48560,36097,24553,14147,331,134,830,4147,20523,37118,2956,2,60,13420,3511,2,20,10,12191,762,34,3520
922,2835,922.0372784989357,99571,163,77,297,128,119239,72621,1.9268662562392664,75,51,15342,13340,20284,12259,13837,24143,48560,36097,25014,14532,331,134,822,4146,20224,37426,2955,2,61,13147,3444,2,18,12,12458,769,36,3584
923,2835,923.1219648264928,99570,166,76,298,128,119265,72636,1.9272973787285328,70,49,15300,13208,19999,12048,14165,24489,48560,36097,25456,14909,331,134,802,4145,19972,37700,2954,2,62,12875,3378,2,17,13,12711,787,38,3647
924,2835,924.2218847060034,99570,159,70,298,128,119291,72647,1.9276689765993773,60,55,15272,13149,19739,11797,14470,24799,48560,36097,25880,15279,331,134,786,4136,19672,38018,2954,2,63,12651,3318,2,17,13,12928,801,45,3699
925,2835,925.3365938046646,99570,152,87,298,128,119305,72672,1.9280606608416189,59,43,15217,13075,19495,11580,14777,25085,48560,36097,26285,15640,331,134,769,4134,19427,38274,2953,2,64,12405,3270,2,17,13,13166,818,47,3744
926,2835,926.087733788515,99570,147,95,298,128,119316,72686,1.9283117404840815,63,39,15154,12979,19251,11369,15085,25388,48560,36097,26672,15993,331,134,755,4135,19185,38525,2950,2,62,12186,3196,2,17,13,13379,831,50,3817
927,2835,927.2308589924311,99570,134,88,298,128,119330,72696,1.9285527769408457,73,41,15132,12931,18995,11153,15366,25657,48560,36097,27042,16337,331,134,747,4132,18929,38795,2949,2,69,11982,3125,2,17,13,13574,838,52,3879
928,2835,928.0017060370182,99570,130,92,298,128,119343,72705,1.9287737270262126,72,44,15062,12843,18781,10959,15655,25932,48560,36097,27395,16672,330,134,736,4132,18690,39040,2947,3,70,11772,3071,2,17,13,13780,849,52,3932
929,2835,929.1738495189531,99570,141,93,298,128,119368,72719,1.9291654112684544,62,38,15045,12828,18532,10753,15920,26158,48560,36097,27731,16998,330,134,727,4130,18437,39308,2947,3,71,11591,3027,2,17,13,13949,857,54,3973
930,2835,930.3614895551045,99570,141,85,298,128,119388,72734,1.9295169227679019,62,35,15043,12796,18286,10597,16168,26357,48560,36097,28051,17315,330,134,718,4129,18208,39557,2947,3,73,11395,2973,2,17,13,14126,866,55,4024
931,2835,931.1622381531348,99570,139,87,298,128,119402,72743,1.9297479160389677,57,42,15003,12739,18080,10439,16421,26563,48560,36097,28356,17623,330,134,704,4126,17993,39781,2946,3,71,11227,2933,2,16,14,14290,879,58,4063
932,2835,932.3800022138208,99570,136,83,298,128,119414,72756,1.92999899568143,61,42,15028,12745,17854,10270,16621,26730,48560,36097,28646,17922,330,134,696,4124,17770,40017,2946,3,71,11062,2884,2,15,15,14444,887,60,4110
933,2835,933.2005609761932,99570,133,84,298,128,119430,72762,1.9302199457667972,70,48,14988,12702,17660,10117,16849,26919,48560,36097,28922,18212,330,134,686,4123,17575,40224,2944,3,73,10887,2839,2,15,15,14610,897,60,4153
934,2835,934.030092198926,99570,134,80,298,128,119452,72772,1.9305413277091494,60,51,14962,12665,17458,9977,17086,27097,48560,36097,29184,18493,330,134,679,4121,17384,40429,2943,3,76,10730,2796,2,13,17,14758,902,61,4192
935,2835,935.2913775461257,99570,127,81,298,128,119467,72787,1.9308426232801044,62,52,14950,12706,17268,9812,17293,27219,48560,36097,29433,18764,330,134,670,4118,17192,40633,2943,3,78,10574,2766,2,12,18,14905,911,62,4219
936,2835,936.1397903630019,99570,126,80,298,128,119482,72798,1.9311037461082656,61,51,14923,12696,17077,9679,17513,27364,48560,36097,29670,19026,330,134,660,4119,17023,40810,2941,3,81,10423,2724,2,12,18,15049,921,64,4256
937,2835,937.4074037852844,99570,127,75,298,128,119507,72811,1.9314853871648088,52,48,14942,12737,16886,9556,17693,27454,48560,36097,29895,19280,330,133,652,4119,16848,41005,2939,3,79,10283,2694,2,12,18,15172,929,70,4282
938,2835,938.245333344312,99570,121,76,298,128,119518,72817,1.9316561213216832,57,50,14930,12746,16719,9426,17873,27572,48560,36097,30109,19525,330,133,646,4118,16693,41168,2937,3,80,10160,2660,2,12,18,15290,935,70,4315
939,2835,939.0741995186619,99569,129,80,299,128,119536,72826,1.9319466902349125,49,51,14907,12744,16553,9308,18061,27687,48560,36097,30312,19761,330,133,637,4117,16535,41329,2937,3,82,10030,2634,2,12,18,15417,944,71,4338
940,2835,940.3024812145328,99569,127,82,299,128,119554,72849,1.9323584649840815,51,40,14932,12805,16367,9180,18222,27763,48560,36097,30505,19989,330,133,625,4115,16382,41499,2937,3,84,9916,2606,2,12,18,15517,955,72,4363
941,2835,941.1152428299645,99569,125,88,299,128,119560,72860,1.932529200855688,57,38,14943,12809,16190,9079,18384,27856,48560,36097,30688,20209,330,133,618,4116,16241,41646,2934,3,85,9805,2582,2,12,18,15624,962,72,4386
942,2835,942.3215998861617,99569,113,81,299,128,119581,72870,1.932840542739206,56,42,14955,12860,16050,8978,18525,27909,48560,36097,30862,20421,330,133,608,4115,16092,41814,2932,3,86,9705,2553,2,12,18,15708,972,77,4409
943,2835,943.120872956247,99569,115,78,299,128,119597,72875,1.933051451757073,51,49,14951,12857,15906,8890,18676,27996,48560,36097,31027,20625,329,133,601,4113,15971,41944,2932,4,87,9612,2522,2,12,18,15794,979,78,4438
944,2835,944.3081597727155,99569,116,88,299,128,119615,72893,1.9334130100734164,59,45,14987,12919,15745,8800,18792,28018,48560,36097,31184,20821,329,133,595,4112,15845,42079,2932,4,87,9507,2501,2,11,19,15892,984,78,4459
945,2835,945.0953474523673,99569,119,81,299,128,119626,72901,1.9336038325181533,57,51,14984,12936,15594,8713,18945,28089,48560,36097,31333,21010,329,133,588,4112,15741,42194,2931,4,90,9400,2479,2,11,19,15990,990,79,4477
946,2835,946.2653544054173,99569,118,76,299,128,119650,72910,1.9339352609748013,49,55,15032,13018,15462,8631,19038,28090,48560,36097,31474,21192,328,133,578,4107,15612,42343,2929,5,89,9316,2459,2,11,19,16062,999,82,4495
947,2835,947.0419678165167,99569,112,85,299,128,119656,72928,1.9341762998523637,51,43,15022,13045,15336,8556,19178,28141,48560,36097,31608,21367,328,133,574,4108,15507,42457,2927,5,89,9218,2437,2,11,19,16152,1003,84,4515
948,2835,948.1979028564991,99569,111,80,299,128,119666,72941,1.9344072954433609,64,39,15063,13129,15197,8481,19264,28141,48560,36097,31735,21535,328,133,565,4109,15416,42564,2924,5,88,9127,2415,2,11,19,16229,1012,87,4535
949,2835,949.3480924917886,99569,112,87,299,128,119683,72959,1.9347588104731392,64,42,15126,13198,15057,8404,19340,28139,48560,36097,31856,21697,328,132,553,4109,15318,42669,2923,5,88,9043,2403,2,11,19,16310,1022,89,4545
950,2835,950.1121218105395,99569,107,82,299,128,119693,72968,1.9349496329178761,67,45,15152,13220,14946,8349,19427,28174,48560,36097,31971,21852,327,132,546,4109,15222,42776,2921,6,88,8976,2379,2,11,19,16369,1028,91,4567
951,2835,951.2521479919174,99569,111,82,299,128,119715,72981,1.9353011479476543,63,44,15215,13292,14821,8284,19489,28168,48560,36097,32080,22001,327,132,540,4107,15150,42864,2920,6,89,8900,2359,2,11,19,16433,1033,95,4582
952,2835,952.0103008112886,99569,109,81,299,128,119725,72993,1.9355221002520866,60,38,15252,13319,14719,8228,19559,28204,48560,36097,32184,22144,327,132,534,4108,15068,42959,2918,6,90,8826,2343,2,11,19,16498,1036,99,4593
953,2835,953.1424716825281,99569,115,81,299,128,119748,73005,1.9358736152818647,58,35,15293,13408,14611,8149,19622,28197,48560,36097,32282,22282,327,132,533,4104,14977,43063,2917,6,89,8761,2331,2,11,19,16557,1035,102,4603
954,2835,954.2711582846937,99569,110,74,299,128,119765,73010,1.9360945675862968,60,46,15345,13475,14495,8095,19689,28180,48560,36097,32375,22414,326,132,529,4100,14877,43173,2917,7,89,8718,2316,2,11,19,16595,1038,107,4613
955,2835,955.0214500424527,99569,105,74,299,128,119776,73015,1.9362552601713385,58,45,15354,13539,14414,8033,19768,28179,48560,36097,32464,22541,326,132,524,4096,14814,43246,2917,7,89,8655,2300,2,11,19,16653,1042,108,4628
956,2835,956.1413698270078,99569,107,76,299,128,119793,73029,1.9365666020548564,52,43,15407,13638,14318,7969,19815,28144,48560,36097,32549,22663,326,132,520,4097,14756,43320,2914,7,88,8586,2291,2,11,19,16708,1046,109,4637
957,2835,957.2585902419066,99569,104,73,299,128,119809,73043,1.9368679006518092,52,44,15469,13725,14226,7921,19848,28107,48560,36097,32629,22780,324,132,517,4096,14682,43406,2913,9,90,8533,2277,2,11,19,16753,1047,111,4647
958,2835,958.0023436361001,99569,106,74,299,128,119818,73053,1.9370587230965461,54,42,15493,13779,14124,7871,19922,28104,48560,36097,32705,22893,324,132,510,4096,14611,43483,2912,9,90,8485,2269,2,10,20,16796,1054,114,4652
959,2835,959.1138775801201,99569,104,74,299,128,119832,73067,1.9373399351203688,59,44,15562,13890,14027,7819,19947,28043,48560,36097,32778,23001,324,132,508,4096,14550,43558,2909,9,92,8425,2252,2,10,20,16845,1056,114,4667
960,2835,960.2236180858571,99569,96,72,299,128,119844,73077,1.937560887424801,64,40,15621,13969,13935,7777,19983,28012,48560,36097,32847,23105,324,131,504,4095,14493,43632,2908,9,92,8369,2241,2,10,20,16888,1060,116,4675
961,2835,961.3314663915609,99569,97,74,299,128,119865,73086,1.9378621860217538,59,37,15675,14062,13864,7723,20004,27974,48560,36097,32913,23205,324,131,501,4089,14438,43703,2906,9,92,8323,2230,2,10,20,16926,1063,119,4683
962,2835,962.0693305636958,99569,92,69,299,128,119873,73090,1.937982705460535,61,42,15709,14099,13794,7684,20043,27976,48560,36097,32976,23301,324,131,494,4088,14377,43776,2904,9,92,8288,2220,2,10,20,16954,1068,120,4692
963,2835,963.1735978462465,99569,85,69,299,128,119887,73099,1.9382137010515321,58,40,15763,14209,13722,7638,20071,27914,48560,36097,33036,23393,324,131,493,4086,14321,43842,2904,9,92,8239,2213,2,10,20,16996,1068,122,4697
964,2835,964.2763994015867,99569,86,68,299,128,119899,73112,1.9384647832156594,58,34,15829,14289,13635,7608,20091,27871,48560,36097,33093,23481,324,131,492,4086,14276,43894,2903,9,93,8192,2201,2,10,20,17038,1068,126,4704
965,2835,965.0109056810397,99569,93,68,299,128,119910,73118,1.9386355190872662,52,31,15885,14339,13565,7579,20104,27853,48560,36097,33147,23566,324,131,488,4085,14236,43939,2903,9,93,8147,2188,2,10,20,17079,1072,128,4715
966,2835,966.1118389753857,99569,88,73,299,128,119926,73127,1.9388866012513934,49,32,15959,14416,13491,7525,20112,27824,48560,36097,33199,23648,324,131,488,4085,14176,44005,2902,9,92,8109,2181,2,10,20,17113,1072,128,4722
967,2835,967.2124442428482,99569,87,72,299,128,119940,73133,1.9390874669826954,44,35,16041,14504,13417,7478,20110,27781,48560,36097,33248,23726,323,131,487,4085,14140,44052,2901,10,90,8070,2173,2,10,20,17143,1073,130,4729
968,2835,968.3132976377931,99569,86,75,299,128,119954,73144,1.939338549146823,47,34,16141,14603,13325,7435,20100,27723,48560,36097,33295,23801,323,131,485,4088,14098,44100,2897,10,88,8040,2165,2,10,20,17169,1075,134,4734
969,2835,969.0474683061602,99569,78,73,299,128,119961,73148,1.9394490252990388,47,38,16212,14638,13255,7416,20107,27705,48560,36097,33340,23873,323,131,482,4089,14059,44145,2894,10,88,8012,2151,2,10,20,17194,1077,134,4748
970,2835,970.1479774035167,99569,75,72,299,128,119974,73158,1.939680020890036,51,43,16284,14735,13182,7380,20107,27640,48560,36097,33383,23943,321,131,480,4091,14022,44190,2891,12,88,7975,2148,2,10,20,17224,1079,135,4750
971,2835,971.2486879353789,99569,69,78,299,128,119984,73174,1.9399411463407286,56,32,16363,14837,13106,7351,20105,27572,48560,36097,33424,24010,321,131,478,4091,13975,44246,2891,12,89,7947,2143,2,10,20,17243,1081,136,4753
972,2835,972.3496127538947,99569,66,71,299,128,119990,73179,1.9400516224929445,62,40,16456,14930,13030,7326,20085,27503,48560,36097,33463,24074,321,130,475,4089,13935,44295,2891,12,89,7921,2133,2,10,20,17263,1084,136,4763
973,2835,973.0839575176525,99569,73,71,299,128,120000,73186,1.9402223583645513,57,38,16503,15014,12970,7296,20096,27451,48560,36097,33500,24136,321,130,474,4089,13900,44335,2891,12,91,7899,2123,2,10,20,17280,1085,137,4770
974,2835,974.1852425849979,99569,79,73,299,128,120015,73195,1.9404633972421135,59,36,16590,15139,12894,7253,20077,27369,48560,36097,33536,24195,321,130,471,4089,13868,44372,2890,12,91,7870,2118,2,10,20,17305,1088,139,4773
975,2835,975.2870978108836,99569,81,70,299,128,120026,73206,1.9406843495465456,63,32,16651,15244,12835,7221,20069,27303,48560,36097,33570,24252,321,130,470,4088,13831,44419,2889,12,94,7846,2110,2,10,20,17323,1087,142,4775
976,2835,976.0219242524026,99569,80,68,299,128,120031,73211,1.9407847824121967,63,35,16681,15312,12791,7199,20084,27256,48560,36097,33602,24307,321,130,466,4087,13800,44458,2888,12,94,7820,2108,2,10,20,17344,1090,142,4777
977,2835,977.123499003673,99569,91,68,299,128,120053,73223,1.9411262541554097,60,38,16786,15407,12713,7176,20049,27181,48560,36097,33633,24360,321,130,464,4088,13770,44494,2886,12,94,7799,2101,2,10,20,17360,1092,145,4781
978,2835,978.2267841803017,99569,88,62,299,128,120065,73230,1.9413170766001466,60,39,16868,15514,12660,7150,20023,27105,48560,36097,33663,24411,321,130,464,4085,13748,44531,2885,12,94,7768,2096,2,10,20,17380,1092,145,4786
979,2835,979.331333293222,99569,101,58,299,128,120092,73237,1.94165854834336,48,42,16931,15610,12607,7112,20012,27048,48560,36097,33691,24460,321,130,461,4085,13719,44569,2884,12,94,7739,2091,2,10,20,17402,1094,145,4791
980,2835,980.0681173113367,99569,98,57,299,128,120099,73246,1.9418192409284014,52,37,16989,15669,12557,7095,20003,27012,48560,36097,33718,24507,321,130,460,4085,13692,44604,2883,12,94,7720,2087,2,10,20,17415,1094,146,4794
981,2835,981.1738905888511,99569,94,51,299,128,120112,73253,1.9420201066597034,49,34,17096,15789,12491,7068,19969,26928,48560,36097,33744,24552,321,130,458,4086,13659,44646,2881,12,96,7706,2084,2,10,20,17421,1096,149,4792
982,2835,982.2816985363378,99569,95,46,299,128,120128,73262,1.9422711888238307,43,31,17200,15922,12432,7028,19929,26843,48560,36097,33769,24596,321,130,456,4086,13636,44681,2880,12,96,7690,2082,2,10,20,17427,1097,154,4789
983,2835,983.0215445746243,99569,88,45,299,128,120140,73267,1.9424419246954374,38,29,17242,15981,12406,7006,19925,26809,48560,36097,33793,24638,321,130,456,4083,13609,44717,2879,12,96,7673,2078,2,10,20,17439,1097,156,4791
984,2835,984.1319422815517,99569,81,46,299,128,120150,73276,1.942632747140174,42,31,17332,16087,12359,6972,19885,26734,48560,36097,33816,24678,321,129,456,4083,13590,44749,2877,12,96,7655,2075,2,10,20,17447,1097,157,4793
985,2835,985.2443913753953,99569,83,53,299,128,120164,73285,1.9428637427311712,41,30,17417,16195,12310,6935,19848,26657,48560,36097,33838,24717,321,128,456,4085,13570,44772,2876,12,96,7633,2070,2,10,20,17466,1097,157,4798
986,2835,986.3592077393063,99569,73,55,299,128,120174,73297,1.9430846950356035,38,30,17526,16316,12256,6906,19806,26563,48560,36097,33859,24755,321,128,455,4083,13551,44805,2875,12,97,7610,2065,2,10,20,17479,1097,160,4799
987,2835,987.1036529506935,99569,73,56,299,128,120180,73303,1.9432052144743845,40,26,17584,16384,12213,6887,19789,26517,48560,36097,33879,24791,321,128,455,4082,13527,44834,2875,12,98,7595,2061,2,10,20,17491,1096,161,4801
988,2835,988.2218227803584,99568,74,45,300,128,120192,73308,1.94339546842359,42,31,17694,16477,12150,6872,19738,26445,48560,36097,33898,24826,321,128,454,4081,13510,44863,2873,12,98,7582,2057,2,10,20,17497,1095,162,4803
989,2835,989.3427637509552,99568,78,43,300,128,120205,73315,1.9435963361722641,46,31,17800,16579,12086,6849,19688,26368,48560,36097,33917,24860,321,128,454,4081,13495,44885,2873,12,100,7572,2051,2,10,20,17502,1093,164,4805
990,2835,990.091452881469,99568,80,43,300,128,120213,73321,1.943736943596336,47,31,17870,16657,12034,6832,19667,26307,48560,36097,33935,24892,321,128,454,4081,13475,44911,2873,12,100,7558,2048,2,10,20,17510,1093,165,4807
991,2835,991.2161230030006,99568,80,46,300,128,120224,73331,1.9439478547324442,50,29,17945,16759,11982,6807,19641,26229,48560,36097,33952,24923,321,128,452,4084,13457,44936,2870,12,102,7548,2044,2,10,20,17513,1095,165,4809
992,2835,992.3427184328012,99568,77,51,300,128,120236,73343,1.9441888960308533,55,26,18033,16858,11943,6788,19590,26147,48560,36097,33968,24953,321,128,451,4084,13440,44961,2869,12,102,7532,2042,2,10,20,17522,1096,168,4808
993,2835,993.0951841677092,99568,80,50,300,128,120246,73347,1.9443295034549253,53,24,18097,16931,11909,6771,19559,26094,48560,36097,33984,24982,320,128,451,4083,13429,44975,2869,13,102,7515,2038,2,10,20,17537,1096,170,4810
994,2835,994.2259532534032,99568,87,54,300,128,120264,73352,1.9445605013659006,47,28,18182,17037,11862,6744,19520,26007,48560,36097,33999,25010,320,128,450,4082,13411,44997,2868,13,102,7508,2035,2,10,20,17543,1096,170,4813
995,2835,995.359399320298,99568,88,55,300,128,120274,73359,1.9447312389522737,52,30,18296,17148,11811,6716,19451,25921,48560,36097,34014,25037,320,128,449,4080,13400,45016,2868,13,102,7499,2034,2,10,20,17546,1097,172,4812
996,2835,996.1169194890064,99568,97,56,300,128,120288,73366,1.944942150088382,45,29,18341,17221,11783,6700,19432,25864,48560,36097,34028,25063,320,128,449,4081,13386,45032,2867,13,102,7484,2032,2,10,20,17559,1097,173,4813
997,2835,997.2549554030202,99568,92,54,300,128,120298,73373,1.945112887674755,45,34,18424,17335,11746,6675,19391,25772,48560,36097,34041,25088,320,128,449,4083,13379,45048,2864,13,102,7467,2031,2,10,20,17568,1097,174,4813
998,2835,998.0148807716653,99568,78,51,300,128,120302,73376,1.945183191386791,49,38,18477,17393,11726,6658,19368,25730,48560,36097,34054,25112,319,128,448,4082,13369,45065,2863,14,102,7451,2030,2,10,20,17579,1098,174,4814
999,2835,999.1569537887567,99568,74,51,300,128,120314,73383,1.9453740157480315,53,39,18577,17498,11684,6632,19310,25650,48560,36097,34066,25136,319,128,448,4081,13355,45087,2861,14,103,7440,2027,2,10,20,17585,1098,176,4814
1000,2835,1000.3022726549084,99568,65,50,300,128,120325,73391,1.945564840109272,55,32,18666,17600,11654,6614,19258,25574,48560,36097,34078,25159,319,128,447,4080,13340,45116,2860,14,103,7427,2024,2,10,20,17586,1099,177,4816
1001,2835,1001.0677004529217,99568,66,50,300,128,120335,73395,1.945705447533344,48,33,18738,17667,11628,6592,19218,25528,48560,36097,34090,25181,319,128,447,4078,13339,45125,2859,14,103,7413,2022,2,10,20,17595,1099,178,4817
1002,2835,1002.2186067766498,99568,65,52,300,128,120347,73405,1.9459264020568858,46,28,18844,17799,11588,6568,19155,25423,48560,36097,34101,25202,319,128,447,4077,13334,45139,2859,14,107,7401,2017,2,10,20,17599,1099,181,4815
1003,2835,1003.3733582084924,99568,65,49,300,128,120359,73411,1.9461071830306926,43,33,18938,17902,11544,6543,19108,25343,48560,36097,34112,25222,319,128,445,4077,13322,45159,2857,14,109,7393,2012,2,10,20,17601,1101,182,4817
1004,2835,1004.1447717301721,99568,70,52,300,128,120367,73419,1.946267877229632,45,32,19003,17972,11510,6527,19070,25287,48560,36097,34122,25242,319,128,445,4078,13312,45171,2856,14,112,7385,2006,2,10,20,17607,1101,182,4820
1005,2835,1005.3046576334077,99568,67,45,300,128,120375,73420,1.9463582677165354,48,40,19109,18073,11472,6512,19002,25200,48560,36097,34132,25261,319,128,444,4079,13295,45193,2854,14,114,7379,2004,2,10,20,17609,1102,182,4820
1006,2835,1006.0766939735151,99568,68,47,300,128,120383,73427,1.946508918528041,43,35,19178,18135,11443,6501,18966,25152,48560,36097,34142,25279,319,128,444,4079,13285,45210,2853,14,114,7368,2004,2,10,20,17614,1102,182,4820
1007,2835,1007.2296850022432,99568,68,52,300,128,120396,73437,1.9467399164390164,40,32,19269,18243,11408,6474,18913,25069,48560,36097,34151,25297,319,128,444,4080,13273,45227,2851,14,114,7358,2002,2,10,20,17620,1102,182,4822
1008,2835,1008.3770672144366,99568,64,53,300,128,120405,73445,1.9469106540253898,40,30,19362,18379,11373,6453,18859,24955,48560,36097,34160,25314,318,128,443,4077,13266,45239,2850,15,115,7352,2000,2,10,20,17625,1103,185,4820
1009,2835,1009.1390227177488,99568,63,52,300,128,120412,73450,1.9470311746745943,41,34,19426,18447,11338,6445,18830,24892,48560,36097,34169,25331,317,128,441,4078,13255,45255,2849,16,115,7344,1999,2,10,20,17628,1105,185,4821
1010,2835,1010.2769853069548,99568,61,61,300,128,120420,73465,1.9472621725855697,40,27,19522,18566,11297,6422,18778,24794,48560,36097,34177,25347,317,128,441,4076,13249,45269,2849,16,115,7339,1997,2,10,20,17627,1105,187,4821
1011,2835,1011.0325271827519,99568,64,61,300,128,120428,73473,1.947422866784509,37,21,19598,18648,11254,6408,18745,24732,48560,36097,34185,25363,317,128,441,4076,13241,45282,2847,16,116,7335,1993,2,10,20,17628,1105,188,4823
1012,2835,1012.160735376449,99568,66,57,300,128,120441,73477,1.9475936043708821,35,24,19702,18780,11206,6388,18689,24621,48560,36097,34193,25378,317,128,441,4076,13230,45299,2847,16,116,7328,1990,2,10,20,17629,1105,188,4826
1013,2835,1013.282981481637,99568,59,52,300,128,120448,73481,1.947704081632653,34,28,19790,18880,11172,6372,18643,24538,48560,36097,34200,25393,317,128,441,4075,13223,45314,2846,16,117,7320,1987,2,10,20,17631,1105,190,4826
1014,2835,1014.0283683412921,99568,54,56,300,128,120451,73487,1.9477944721195566,33,26,19857,18935,11147,6362,18607,24491,48560,36097,34207,25407,317,128,441,4073,13221,45323,2846,16,117,7310,1985,2,10,20,17637,1104,190,4828
1015,2835,1015.1420782476134,99568,54,51,300,128,120460,73492,1.9479350795436285,35,25,19952,19032,11108,6343,18549,24419,48560,36097,34214,25421,317,128,439,4075,13213,45335,2844,16,118,7305,1984,2,10,20,17638,1106,192,4826
1016,2835,1016.250350964051,99568,56,55,300,128,120470,73502,1.9481359472923028,35,19,20043,19125,11071,6324,18493,24347,48560,36097,34221,25434,317,128,439,4075,13208,45348,2843,16,118,7299,1982,2,10,20,17638,1105,194,4826
1017,2835,1017.3023802085307,99568,56,53,300,128,120477,73505,1.9482363811666399,37,19,20096,19206,11045,6302,18464,24290,48560,36097,34228,25447,317,128,439,4074,13200,45361,2843,16,118,7296,1981,2,10,20,17637,1105,197,4824
1018,2835,1018.0351135545122,99568,53,52,300,128,120484,73508,1.948336815040977,43,24,20190,19300,11002,6282,18410,24212,48560,36097,34234,25460,317,128,439,4074,13191,45376,2842,16,119,7292,1978,2,10,20,17637,1104,198,4825
1019,2835,1019.1033294352555,99568,60,58,300,128,120495,73517,1.9485376827896512,38,18,20253,19377,10966,6264,18381,24153,48560,36097,34240,25472,317,128,439,4073,13183,45387,2842,16,119,7288,1977,2,10,20,17639,1104,198,4826
1020,2835,1020.05378172513,99568,67,52,300,128,120506,73524,1.948718463763458,36,15,20344,19477,10925,6255,18326,24071,48560,36097,34246,25484,317,128,439,4074,13177,45404,2841,16,119,7281,1977,2,10,20,17636,1103,200,4824
1021,2835,1021.2254675044045,99568,67,48,300,128,120522,73528,1.9489193315121325,28,19,20465,19603,10885,6235,18253,23965,48560,36097,34252,25495,317,127,439,4075,13177,45416,2837,16,119,7275,1973,2,10,20,17634,1103,201,4827
1022,2835,1022.2979190248273,99568,66,45,300,128,120531,73531,1.949039852161337,27,23,20560,19698,10838,6220,18207,23884,48560,36097,34258,25506,317,127,438,4075,13166,45431,2836,16,118,7271,1972,2,10,20,17636,1103,202,4828
1023,2835,1023.0155028758235,99568,67,43,300,128,120536,73533,1.949110155873373,33,27,20628,19785,10800,6196,18170,23819,48560,36097,34263,25517,317,127,437,4074,13162,45437,2836,16,120,7267,1968,2,10,20,17639,1104,202,4830
1024,2835,1024.0875929720346,99568,58,43,300,128,120544,73539,1.949250763297445,33,27,20723,19889,10777,6169,18107,23742,48560,36097,34268,25527,317,127,437,4071,13167,45446,2834,16,120,7255,1968,2,10,20,17643,1103,203,4829
1025,2835,1025.154623713098,99568,58,44,300,128,120551,73545,1.9493813273340832,34,30,20829,19992,10732,6158,18045,23646,48560,36097,34273,25537,316,127,437,4069,13165,45453,2834,17,120,7251,1968,2,10,20,17644,1103,204,4828
1026,2835,1026.2164739593893,99568,57,40,300,128,120561,73553,1.94956210830789,33,30,20918,20083,10698,6151,17992,23566,48560,36097,34278,25547,316,127,436,4069,13156,45470,2834,17,120,7248,1967,2,10,20,17640,1103,208,4825
1027,2835,1027.27388204155,99568,65,46,300,128,120575,73564,1.949813192993733,27,25,21004,20188,10663,6136,17939,23475,48560,36097,34283,25557,315,127,436,4068,13154,45478,2834,18,121,7242,1964,2,10,20,17641,1103,208,4827
1028,2835,1028.326850634309,99568,64,47,300,128,120580,73571,1.9499337136429375,31,25,21085,20279,10633,6120,17885,23399,48560,36097,34288,25566,315,127,436,4068,13149,45486,2834,18,122,7234,1963,2,10,20,17646,1103,210,4825
1029,2835,1029.0263684695244,99568,62,44,300,128,120585,73571,1.949983930580106,33,30,21149,20330,10601,6113,17853,23353,48560,36097,34292,25575,315,126,436,4071,13144,45493,2832,18,122,7230,1963,2,10,20,17648,1103,211,4824
1030,2835,1030.0719809096963,99568,62,41,300,128,120595,73576,1.9501345813916118,32,31,21263,20419,10564,6102,17777,23277,48560,36097,34296,25584,315,126,436,4072,13140,45504,2830,18,121,7224,1963,2,10,20,17648,1103,214,4822
1031,2835,1031.1121424157013,99568,58,41,300,128,120599,73585,1.95026514542825,41,27,21346,20512,10523,6089,17730,23201,48560,36097,34300,25592,315,126,436,4075,13135,45515,2827,18,122,7218,1961,2,10,20,17648,1103,214,4823
1032,2835,1032.1480856571982,99568,65,41,300,128,120612,73594,1.9504860999517917,34,23,21438,20610,10488,6076,17673,23120,48560,36097,34304,25600,315,126,436,4075,13132,45524,2827,18,123,7214,1959,2,10,20,17646,1103,217,4821
1033,2835,1033.179515746551,99568,69,43,300,128,120622,73599,1.9506367507632973,33,26,21529,20719,10446,6051,17621,23031,48560,36097,34308,25608,315,126,436,4076,13129,45529,2826,18,123,7209,1957,2,10,20,17649,1103,218,4822
1034,2835,1034.2066712075812,99568,67,37,300,128,120628,73606,1.9507673147999358,37,22,21604,20819,10412,6041,17578,22951,48560,36097,34312,25616,315,126,436,4075,13126,45543,2825,18,125,7205,1954,2,10,20,17644,1103,218,4823
1035,2835,1035.2301441948005,99568,73,37,300,128,120640,73610,1.9509280089988752,33,21,21699,20920,10382,6023,17511,22869,48560,36097,34316,25624,315,126,436,4076,13119,45553,2824,18,125,7201,1954,2,10,20,17645,1103,219,4822
1036,2835,1036.249370123031,99568,73,33,300,128,120649,73614,1.9510585730355134,37,22,21781,21011,10351,6009,17456,22795,48560,36097,34320,25631,315,126,435,4077,13113,45566,2822,18,125,7199,1954,2,9,20,17642,1104,222,4819
1037,2835,1037.2645589820381,99568,82,28,300,128,120663,73615,1.9512092238470191,34,27,21875,21107,10310,5985,17397,22723,48560,36097,34324,25638,315,126,434,4078,13109,45575,2821,18,125,7194,1954,2,9,20,17642,1105,224,4817
1038,2835,1038.2753974674083,99568,70,29,300,128,120670,73621,1.9513397878836574,38,31,21966,21185,10288,5968,17336,22657,48560,36097,34327,25645,314,126,434,4076,13108,45584,2820,19,125,7191,1954,2,8,21,17641,1104,226,4815
1039,2835,1039.2819399497407,99568,72,33,300,128,120678,73628,1.951490438695163,38,30,22045,21276,10260,5954,17283,22577,48560,36097,34330,25652,314,126,434,4076,13107,45589,2819,19,125,7187,1953,2,8,21,17642,1104,226,4816
1040,2835,1040.2848440328423,99568,67,37,300,128,120682,73635,1.9516009159569339,41,28,22137,21377,10226,5938,17227,22490,48560,36097,34333,25659,314,126,434,4075,13100,45599,2819,19,124,7185,1953,2,8,21,17643,1104,227,4815
1041,2835,1041.2836096253677,99568,69,37,300,128,120693,73642,1.9517816969307409,35,29,22213,21474,10205,5924,17176,22406,48560,36097,34336,25665,314,126,433,4071,13102,45606,2819,19,124,7181,1952,2,8,21,17643,1104,227,4816
1042,2835,1042.2790157367372,99568,65,32,300,128,120702,73645,1.9519022175799454,34,32,22290,21587,10185,5901,17124,22318,48560,36097,34339,25671,314,126,433,4071,13104,45616,2817,19,125,7176,1951,2,8,21,17638,1104,228,4815
1043,2835,1043.2712242568964,99568,64,32,300,128,120709,73651,1.9520327816165837,34,32,22367,21670,10162,5884,17071,22252,48560,36097,34342,25677,314,126,433,4070,13103,45624,2817,19,125,7174,1949,2,8,21,17634,1104,229,4816
1044,2835,1044.259846556838,99568,60,31,300,128,120714,73656,1.9521332154909208,40,31,22460,21756,10125,5881,17013,22171,48560,36097,34345,25683,314,126,433,4068,13101,45630,2817,19,127,7173,1946,2,8,21,17633,1104,231,4815
1045,2835,1045.2442838161344,99568,62,35,300,128,120723,73664,1.9523039530772939,45,27,22537,21845,10101,5864,16953,22099,48560,36097,34348,25689,314,126,433,4067,13098,45638,2817,19,127,7172,1945,2,8,21,17630,1104,232,4815
1046,2835,1046.225145060895,99567,65,38,301,128,120737,73670,1.9525244307853002,37,27,22627,21938,10071,5857,16897,22010,48560,36097,34351,25695,313,126,433,4067,13094,45649,2816,20,128,7169,1942,2,8,21,17627,1103,232,4817
1047,2835,1047.2022971784206,99567,66,41,301,128,120745,73679,1.9526951700864745,38,24,22709,22031,10041,5845,16843,21929,48560,36097,34354,25700,313,125,433,4068,13092,45658,2816,20,129,7164,1941,2,8,21,17625,1103,232,4817
1048,2835,1048.1759348422656,99567,68,40,301,128,120756,73685,1.9528659093876486,34,24,22787,22112,10022,5834,16786,21860,48560,36097,34357,25705,313,125,433,4064,13093,45666,2816,20,129,7162,1938,2,8,21,17622,1103,232,4820
1049,2835,1049.146277423039,99567,65,45,301,128,120761,73694,1.9530065182239096,33,19,22852,22182,10006,5821,16741,21803,48560,36097,34360,25710,312,125,433,4064,13092,45672,2815,21,129,7158,1938,2,8,21,17622,1103,233,4819
1050,2835,1050.2057258437467,99567,63,48,301,128,120768,73701,1.9531471270601706,37,18,22943,22295,9978,5792,16676,21717,48560,36097,34362,25715,312,125,432,4065,13091,45679,2813,21,129,7155,1938,2,8,21,17620,1104,233,4819
1051,2835,1051.2735097579139,99567,64,46,301,128,120779,73705,1.953297779384736,43,21,23026,22413,9948,5770,16616,21620,48560,36097,34364,25720,312,125,432,4066,13088,45686,2812,21,130,7152,1936,2,8,21,17619,1104,234,4819
1052,2835,1052.233845325477,99567,69,43,301,128,120796,73710,1.9535187361274318,37,22,23087,22491,9928,5757,16576,21557,48560,36097,34366,25725,311,125,432,4065,13085,45692,2812,22,132,7148,1933,2,8,21,17621,1104,236,4818
1053,2835,1053.191469677709,99567,68,40,301,128,120802,73714,1.9536191710104753,39,22,23164,22586,9896,5752,16530,21470,48560,36097,34368,25730,311,125,432,4064,13082,45701,2812,22,133,7147,1931,2,8,21,17618,1103,238,4817
1054,2835,1054.145916287242,99567,62,40,301,128,120806,73719,1.9537095624052145,42,20,23245,22668,9875,5735,16473,21407,48560,36097,34370,25735,311,125,432,4064,13081,45708,2811,22,134,7142,1930,2,8,21,17620,1101,238,4817
1055,2835,1055.2310740779308,99567,68,37,301,128,120819,73725,1.9539003886829973,38,21,23331,22781,9840,5717,16420,21314,48560,36097,34372,25739,311,125,432,4066,13079,45717,2809,22,135,7139,1929,2,8,21,17616,1101,239,4816
1056,2835,1056.1789654697732,99567,78,37,301,128,120833,73730,1.95409121496078,36,22,23411,22863,9809,5699,16363,21249,48560,36097,34374,25743,311,125,432,4066,13076,45723,2809,22,135,7137,1928,2,8,21,17615,1101,239,4817
1057,2835,1057.1233353842576,99567,75,37,301,128,120842,73734,1.9542217803087367,37,24,23492,22934,9788,5686,16305,21189,48560,36097,34376,25747,311,125,432,4062,13077,45733,2809,22,135,7134,1928,2,8,21,17611,1101,239,4817
1058,2835,1058.0646138625,99567,72,41,301,128,120848,73741,1.9543523456566936,39,20,23549,23020,9765,5659,16272,21130,48560,36097,34378,25751,311,125,432,4063,13071,45740,2808,22,136,7132,1927,2,8,21,17613,1100,241,4815
1059,2835,1059.2473255595426,99567,69,41,301,128,120855,73749,1.954502997981259,44,19,23627,23094,9741,5647,16216,21069,48560,36097,34380,25755,311,125,432,4063,13074,45746,2807,22,136,7125,1926,2,8,21,17612,1100,244,4813
1060,2835,1060.2776764774694,99567,73,41,301,128,120870,73755,1.9547139112356504,41,21,23714,23195,9713,5628,16156,20985,48560,36097,34382,25759,311,125,432,4065,13070,45758,2804,22,136,7124,1926,2,8,21,17607,1099,246,4811
1061,2835,1061.0030350564323,99567,70,43,301,128,120873,73760,1.9547942591420853,42,19,23761,23242,9698,5621,16126,20945,48560,36097,34384,25763,311,125,432,4066,13065,45765,2803,22,136,7123,1926,2,8,21,17606,1099,246,4811
1062,2835,1062.0474841904738,99567,63,39,301,128,120884,73766,1.9549649984432593,43,18,23872,23340,9672,5608,16047,20865,48560,36097,34386,25767,310,125,432,4063,13063,45780,2802,23,136,7122,1926,2,8,21,17599,1098,249,4808
1063,2835,1063.2822007611999,99567,67,34,301,128,120899,73767,1.955125694256129,41,23,23950,23458,9640,5587,15999,20768,48560,36097,34388,25771,310,125,431,4064,13061,45789,2800,23,137,7118,1925,2,8,21,17598,1098,249,4808
1064,2835,1064.2053865543717,99567,63,37,301,128,120909,73775,1.9553064770456074,38,20,24019,23532,9619,5575,15958,20706,48560,36097,34390,25775,310,125,431,4061,13060,45802,2799,23,138,7115,1924,2,8,21,17594,1097,249,4808
1065,2835,1065.14386603813,99566,61,37,301,129,120916,73779,1.9554365948215253,39,25,24097,23618,9593,5561,15907,20628,48560,36097,34392,25779,310,125,431,4060,13060,45805,2798,23,140,7113,1922,2,8,21,17594,1097,249,4808
1066,2835,1066.0614001767356,99566,66,37,301,129,120930,73784,1.955627423015889,30,24,24184,23697,9570,5543,15847,20568,48560,36097,34394,25782,310,125,431,4057,13061,45811,2798,23,140,7110,1922,2,8,21,17593,1097,250,4807
1067,2835,1067.2798572053357,99566,58,39,301,129,120934,73793,1.9557579896751904,36,22,24291,23822,9546,5515,15766,20471,48560,36097,34396,25785,310,125,431,4057,13062,45818,2797,23,140,7106,1921,2,8,21,17592,1096,251,4806
1068,2835,1068.1902523950364,99566,55,40,301,129,120941,73798,1.9558785127453147,34,21,24357,23883,9533,5500,15718,20425,48560,36097,34398,25788,310,125,431,4056,13063,45825,2795,23,141,7104,1919,2,8,21,17589,1096,251,4807
1069,2835,1069.0142583852157,99566,54,35,301,129,120944,73800,1.9559287306911999,39,24,24428,23951,9499,5483,15677,20376,48560,36097,34400,25791,310,125,430,4056,13063,45830,2795,23,141,7101,1917,2,8,21,17588,1096,252,4808
1070,2835,1070.2204245923342,99566,51,38,301,129,120951,73809,1.9560894281180323,42,19,24505,24042,9476,5466,15623,20304,48560,36097,34402,25794,310,125,430,4057,13059,45838,2794,23,141,7100,1917,2,8,21,17585,1096,255,4805
1071,2835,1071.0158125156743,99566,59,35,301,129,120964,73814,1.9562702127232188,40,19,24579,24143,9448,5444,15571,20228,48560,36097,34404,25797,310,125,430,4057,13056,45848,2794,23,141,7098,1917,2,8,21,17580,1096,257,4803
1072,2835,1072.0716733480785,99566,56,36,301,129,120972,73818,1.9563907357933432,43,20,24673,24219,9419,5425,15506,20169,48560,36097,34406,25800,309,125,430,4058,13054,45854,2793,24,141,7091,1917,2,8,21,17583,1096,257,4803
1073,2835,1073.0374829464808,99566,58,43,301,129,120981,73828,1.9565815639877067,40,12,24725,24283,9395,5417,15479,20114,48560,36097,34408,25803,309,125,430,4057,13053,45861,2793,24,142,7088,1916,2,8,21,17583,1095,256,4803
1074,2835,1074.0164993374615,99566,59,39,301,129,120994,73835,1.956782435771247,35,8,24816,24376,9369,5413,15418,20033,48560,36097,34409,25806,309,125,429,4057,13049,45873,2792,24,142,7085,1916,2,8,21,17580,1095,257,4802
1075,2835,1075.0717344945338,99566,50,38,301,129,121000,73838,1.9568728280738406,34,9,24872,24440,9355,5403,15386,19979,48560,36097,34410,25809,309,125,429,4054,13047,45886,2792,24,142,7083,1916,2,8,21,17575,1094,258,4801
1076,2835,1076.2799706892301,99566,52,32,301,129,121008,73842,1.9569933511439648,35,17,24965,24536,9325,5386,15320,19898,48560,36097,34411,25812,309,125,429,4056,13048,45892,2790,24,143,7079,1915,2,8,21,17572,1094,259,4800
1077,2835,1077.163785458388,99566,47,35,301,129,121011,73845,1.957053612679027,35,15,25030,24609,9298,5370,15287,19840,48560,36097,34412,25815,309,125,429,4055,13045,45897,2790,24,143,7077,1915,2,8,21,17573,1094,259,4800
1078,2835,1078.156561305207,99566,51,35,301,129,121022,73851,1.9572243536950364,35,13,25115,24717,9261,5348,15235,19756,48560,36097,34413,25818,308,125,429,4055,13043,45902,2790,25,145,7074,1912,2,8,21,17574,1093,260,4800
1079,2835,1079.0663958773273,99566,46,35,301,129,121024,73858,1.9573147459976297,38,10,25188,24772,9239,5344,15186,19708,48560,36097,34414,25821,308,125,429,4056,13039,45908,2789,25,145,7074,1911,2,8,21,17573,1092,266,4795
1080,2835,1080.1765804901993,99566,48,36,301,129,121033,73860,1.9574252254785771,38,12,25280,24856,9205,5324,15126,19641,48560,36097,34415,25824,308,125,429,4056,13036,45913,2788,25,145,7073,1911,2,8,21,17573,1092,266,4795
1081,2835,1081.002449071901,99566,47,36,301,129,121042,73862,1.9575357049595243,36,12,25367,24943,9174,5312,15073,19566,48560,36097,34416,25827,307,125,429,4055,13034,45918,2788,26,145,7072,1910,2,8,21,17572,1092,267,4795
1082,2835,1082.1926650899434,99566,57,39,301,129,121054,73867,1.9577064459755338,37,9,25432,25019,9145,5302,15026,19500,48560,36097,34417,25829,307,125,428,4055,13031,45923,2788,26,145,7072,1910,2,8,21,17570,1093,267,4795
1083,2835,1083.2211304342886,99566,58,34,301,129,121064,73872,1.9578570998131892,37,10,25524,25102,9109,5295,14969,19428,48560,36097,34418,25831,307,125,428,4054,13032,45933,2787,26,146,7068,1909,2,8,21,17566,1092,267,4795
1084,2835,1084.1767793479723,99566,62,33,301,129,121076,73875,1.9580077536508447,33,11,25591,25175,9093,5279,14918,19371,48560,36097,34419,25833,307,125,428,4053,13029,45941,2787,26,146,7066,1909,2,8,21,17564,1092,267,4795
1085,2835,1085.199499920865,99566,57,28,301,129,121083,73877,1.958098145953438,30,15,25645,25244,9085,5264,14880,19318,48560,36097,34420,25835,307,125,428,4048,13031,45949,2787,26,146,7064,1909,2,8,21,17562,1091,268,4794
1086,2835,1086.036101635237,99566,56,28,301,129,121088,73880,1.9581784946668541,29,16,25705,25308,9069,5247,14838,19270,48560,36097,34421,25837,307,125,428,4047,13029,45955,2787,26,146,7062,1909,2,8,21,17561,1091,269,4793
1087,2835,1087.034643563602,99566,55,31,301,129,121097,73886,1.9583291485045096,29,12,25777,25408,9044,5230,14792,19188,48560,36097,34422,25839,307,125,428,4047,13029,45961,2786,26,146,7058,1909,2,8,21,17560,1091,269,4793
1088,2835,1088.0291060518266,99566,56,27,301,129,121104,73888,1.9584195408071028,32,16,25864,25498,9011,5217,14734,19111,48560,36097,34423,25841,307,125,427,4045,13029,45969,2786,26,147,7055,1908,2,8,21,17558,1091,269,4793
1089,2835,1089.2214560240384,99566,56,25,301,129,121110,73892,1.958519976698873,32,14,25931,25567,8985,5209,14693,19054,48560,36097,34424,25843,307,125,427,4046,13029,45972,2785,26,147,7051,1908,2,8,21,17559,1091,270,4792
1090,2835,1090.1046905204971,99566,61,23,301,129,121123,73895,1.9586806741257055,24,16,26023,25657,8959,5195,14630,18978,48560,36097,34425,25845,307,125,427,4046,13028,45977,2783,26,147,7049,1908,2,8,21,17559,1091,271,4791
1091,2835,1091.279943986095,99566,57,22,301,129,121128,73897,1.9587509792499447,28,18,26098,25727,8931,5176,14583,18926,48560,36097,34426,25847,307,125,427,4042,13030,45983,2783,26,147,7047,1908,2,8,21,17558,1090,271,4791
1092,2835,1092.0834409165923,99566,63,24,301,129,121137,73902,1.9588915894984231,21,17,26173,25797,8902,5165,14538,18866,48560,36097,34427,25849,307,125,427,4042,13031,45986,2782,26,147,7045,1908,2,8,21,17557,1090,271,4791
1093,2835,1093.030452729006,99566,61,23,301,129,121143,73907,1.9590020689793706,25,16,26264,25886,8873,5146,14474,18798,48560,36097,34428,25851,307,124,427,4043,13029,45991,2782,26,148,7042,1907,2,8,21,17557,1090,273,4789
1094,2835,1094.1184015557883,99566,63,23,301,129,121152,73910,1.9591225920494948,21,16,26319,25954,8849,5134,14445,18742,48560,36097,34429,25853,306,124,427,4043,13029,45993,2781,27,148,7041,1907,2,8,21,17557,1090,275,4787
