,indexID,time,N,Inf_L,Inf_H,Dead_L,Dead_H,cum_cases_L,cum_cases_H,cum_sum_per_N,Exposed_L,Exposed_H,Sus_L,Sus_H,Rec_nat_L,Rec_nat_H,Rec_vax_L,Rec_vax_H,vaccinatedH,vaccinatedL,boostedH,boostedL,count_Naive,count_Delta,count_Delta_vaccine,count_two,count_three,count_four,count_Omicron,count_Omicron_star,count_Omicron_star_vaccine,count_Omicron_vaccine,count_Vaccine,count_WT,count_WT_vaccine,count_WT_vaccine_boost,count_Omicron_vaccine_boost,count_Delta_vaccine_boost,count_Omicron_star_vaccine_boost,count_Vaccine_boost
0,5254,1.2564038458117568,99996,7,7,0,0,7,7,0.00014000560022400896,18,18,49973,49973,0,0,0,0,0,0,0,0,99996,0,0,0,0,0,0,0,0,0,0,0,0,0,0,0,0,0
1,5254,2.077206164608927,99996,12,12,0,0,14,14,0.0002800112004480179,12,12,49972,49972,2,2,0,0,0,0,0,0,99992,0,0,0,0,0,0,0,0,0,0,4,0,0,0,0,0,0
2,5254,3.0055614004507083,99996,14,14,0,0,18,18,0.00036001440057602306,11,8,49969,49972,4,4,0,0,0,0,0,0,99988,0,0,0,0,0,0,0,0,0,0,8,0,0,0,0,0,0
3,5254,4.035001117948177,99996,17,15,0,0,21,21,0.0004200168006720269,10,8,49967,49969,4,6,0,0,0,0,0,0,99986,0,0,0,0,0,0,0,0,0,0,10,0,0,0,0,0,0
4,5254,5.05562639006619,99996,17,14,0,0,25,22,0.00047001880075203006,7,10,49966,49966,8,8,0,0,0,0,0,0,99980,0,0,0,0,0,0,0,0,0,0,16,0,0,0,0,0,0
5,5254,6.037476692840289,99996,16,13,0,0,26,23,0.0004900196007840313,8,10,49964,49965,10,10,0,0,0,0,0,0,99976,0,0,0,0,0,0,0,0,0,0,20,0,0,0,0,0,0
6,5254,7.0291211289555,99996,15,15,0,0,30,29,0.0005900236009440378,5,5,49963,49964,15,14,0,0,0,0,0,0,99967,0,0,0,0,0,0,0,0,0,0,29,0,0,0,0,0,0
7,5254,8.05351894341424,99996,15,15,0,0,32,32,0.000640025601024041,6,7,49960,49959,17,17,0,0,0,0,0,0,99962,0,0,0,0,0,0,0,0,0,0,34,0,0,0,0,0,0
8,5254,9.025510712363982,99996,12,14,0,0,32,33,0.0006500260010400416,8,11,49958,49954,20,19,0,0,0,0,0,0,99957,0,0,0,0,0,0,0,0,0,0,39,0,0,0,0,0,0
9,5254,10.047735338177109,99996,11,10,0,0,34,35,0.0006900276011040442,6,10,49958,49953,23,25,0,0,0,0,0,0,99948,0,0,0,0,0,0,0,0,0,0,48,0,0,0,0,0,0
10,5254,11.013185053003866,99996,10,11,0,0,35,39,0.0007400296011840473,7,9,49956,49950,25,28,0,0,0,0,0,0,99943,0,0,0,0,0,0,0,0,0,0,53,0,0,0,0,0,0
11,5254,12.072488163039338,99996,9,11,0,0,35,41,0.0007600304012160486,7,9,49956,49949,26,29,0,0,0,0,0,0,99940,0,0,0,0,0,0,0,0,0,0,56,0,0,0,0,0,0
12,5254,13.038481362472362,99996,11,11,0,0,38,46,0.0008400336013440538,4,4,49956,49949,27,34,0,0,0,0,0,0,99934,0,0,0,0,0,0,0,0,0,0,62,0,0,0,0,0,0
13,5254,14.042618939277313,99996,12,12,0,0,40,49,0.000890035601424057,6,5,49952,49945,28,36,0,0,0,0,0,0,99931,0,0,0,0,0,0,0,0,0,0,65,0,0,0,0,0,0
14,5254,15.09449749793747,99996,13,12,0,0,43,50,0.0009300372014880595,8,5,49947,49944,30,37,0,0,0,0,0,0,99928,0,0,0,0,0,0,0,0,0,0,68,0,0,0,0,0,0
15,5254,16.04025626827473,99996,11,11,0,0,46,52,0.0009800392015680626,8,5,49944,49942,35,40,0,0,0,0,0,0,99920,0,0,0,0,0,0,0,0,0,0,76,0,0,0,0,0,0
16,5254,17.22607422007464,99996,7,7,0,0,46,53,0.0009900396015840634,8,6,49944,49940,39,45,0,0,0,0,0,0,99911,0,0,0,0,0,0,0,0,0,0,85,0,0,0,0,0,0
17,5254,18.059717040227998,99996,7,9,0,0,50,56,0.0010600424016960679,4,4,49945,49939,42,46,0,0,0,0,0,0,99906,0,0,0,0,0,0,0,0,0,0,90,0,0,0,0,0,0
18,5254,19.130420236941283,99996,7,10,0,0,53,59,0.0011200448017920717,7,2,49939,49938,45,48,0,0,0,0,0,0,99901,0,0,0,0,0,0,0,0,0,0,95,0,0,0,0,0,0
19,5254,20.001266191220825,99996,6,10,0,0,53,60,0.0011300452018080723,7,3,49939,49936,46,49,0,0,0,0,0,0,99899,0,0,0,0,0,0,0,0,0,0,97,0,0,0,0,0,0
20,5254,21.268176955574912,99996,8,9,0,0,56,61,0.001170046801872075,7,3,49936,49936,47,50,0,0,0,0,0,0,99896,0,0,0,0,0,0,0,0,0,0,100,0,0,0,0,0,0
21,5254,22.04886436505352,99996,8,9,0,0,57,62,0.0011900476019040761,9,2,49933,49936,48,51,0,0,0,0,0,0,99894,0,0,0,0,0,0,0,0,0,0,102,0,0,0,0,0,0
22,5254,23.172462706744426,99996,9,10,0,0,58,63,0.0012100484019360775,10,1,49931,49936,48,51,0,0,0,0,0,0,99894,0,0,0,0,0,0,0,0,0,0,102,0,0,0,0,0,0
23,5254,24.087663520809933,99996,9,7,0,0,62,64,0.0012600504020160806,7,0,49930,49936,52,55,0,0,0,0,0,0,99886,0,0,0,0,0,0,0,0,0,0,110,0,0,0,0,0,0
24,5254,25.02803943778362,99996,9,6,0,0,64,64,0.001280051202048082,7,1,49928,49935,54,56,0,0,0,0,0,0,99883,0,0,0,0,0,0,0,0,0,0,113,0,0,0,0,0,0
25,5254,26.273757552901742,99996,9,4,0,0,67,65,0.0013200528021120844,8,2,49924,49933,57,59,0,0,0,0,0,0,99877,0,0,0,0,0,0,0,0,0,0,119,0,0,0,0,0,0
26,5254,27.108894785201265,99996,12,4,0,0,71,65,0.001360054402176087,6,2,49922,49933,58,59,0,0,0,0,0,0,99876,0,0,0,0,0,0,0,0,0,0,120,0,0,0,0,0,0
27,5254,28.14800355580562,99996,12,4,0,0,73,65,0.0013800552022080884,6,3,49920,49932,60,59,0,0,0,0,0,0,99874,0,0,0,0,0,0,0,0,0,0,122,0,0,0,0,0,0
28,5254,29.234364058810556,99996,14,4,0,0,78,67,0.0014500580023200928,3,2,49918,49931,63,61,0,0,0,0,0,0,99869,0,0,0,0,0,0,0,0,0,0,127,0,0,0,0,0,0
29,5254,30.22063662950488,99996,13,5,0,0,79,68,0.001470058802352094,8,1,49913,49931,64,61,0,0,0,0,0,0,99867,0,0,0,0,0,0,0,0,0,0,129,0,0,0,0,0,0
30,5254,31.243868099906706,99996,12,5,0,0,81,68,0.0014900596023840955,11,1,49909,49932,66,60,0,0,0,0,0,0,99864,0,0,0,0,0,0,0,0,0,0,132,0,0,0,0,0,0
31,5254,32.07115750924552,99996,13,5,0,0,83,68,0.0015100604024160967,10,3,49908,49930,67,60,0,0,0,0,0,0,99863,0,0,0,0,0,0,0,0,0,0,133,0,0,0,0,0,0
32,5254,33.09383339124282,99996,13,5,0,0,86,69,0.0015500620024800993,9,2,49906,49930,70,61,0,0,0,0,0,0,99859,0,0,0,0,0,0,0,0,0,0,137,0,0,0,0,0,0
33,5254,34.03888276045132,99996,11,4,0,0,88,69,0.0015700628025121005,7,3,49906,49930,74,61,0,0,0,0,0,0,99854,0,0,0,0,0,0,0,0,0,0,142,0,0,0,0,0,0
34,5254,35.188933463359476,99996,11,5,0,0,89,70,0.0015900636025441017,6,3,49906,49929,75,61,0,0,0,0,0,0,99853,0,0,0,0,0,0,0,0,0,0,143,0,0,0,0,0,0
35,5254,36.01902529357743,99996,12,6,0,0,91,71,0.0016200648025921037,6,4,49904,49928,76,60,0,0,0,0,0,0,99852,0,0,0,0,0,0,0,0,0,0,144,0,0,0,0,0,0
36,5254,37.065799860850284,99996,12,7,0,0,93,74,0.001670066802672107,7,3,49901,49926,78,62,0,0,0,0,0,0,99848,0,0,0,0,0,0,0,0,0,0,148,0,0,0,0,0,0
37,5254,38.04172652965279,99996,9,7,0,0,94,74,0.0016800672026881075,7,5,49901,49925,81,61,0,0,0,0,0,0,99844,0,0,0,0,0,0,0,0,0,0,152,0,0,0,0,0,0
38,5254,39.096636121530466,99996,10,7,0,0,98,77,0.001750070002800112,3,3,49901,49924,84,64,0,0,0,0,0,0,99838,0,0,0,0,0,0,0,0,0,0,158,0,0,0,0,0,0
39,5254,40.283712443974984,99996,9,7,0,0,100,79,0.0017900716028641146,2,1,49900,49924,87,66,0,0,0,0,0,0,99833,0,0,0,0,0,0,0,0,0,0,163,0,0,0,0,0,0
40,5254,41.14731356698235,99996,9,5,0,0,100,79,0.0017900716028641146,3,1,49899,49924,87,68,0,0,0,0,0,0,99831,0,0,0,0,0,0,0,0,0,0,165,0,0,0,0,0,0
41,5254,42.15597480672942,99996,7,4,0,0,100,79,0.0017900716028641146,4,1,49898,49924,89,69,0,0,0,0,0,0,99828,0,0,0,0,0,0,0,0,0,0,168,0,0,0,0,0,0
42,5254,43.299781849536274,99996,8,5,0,0,103,80,0.0018300732029281172,1,1,49899,49923,90,69,0,0,0,0,0,0,99826,0,0,0,0,0,0,0,0,0,0,170,0,0,0,0,0,0
43,5254,44.055961006629566,99996,8,4,0,0,103,80,0.0018300732029281172,2,1,49898,49923,90,70,0,0,0,0,0,0,99825,0,0,0,0,0,0,0,0,0,0,171,0,0,0,0,0,0
44,5254,45.20284151999459,99996,6,4,0,0,103,80,0.0018300732029281172,3,2,49897,49923,92,69,0,0,0,0,0,0,99823,0,0,0,0,0,0,0,0,0,0,173,0,0,0,0,0,0
45,5254,46.15134961731698,99996,5,4,0,0,104,80,0.0018400736029441178,3,3,49897,49922,93,69,0,0,0,0,0,0,99821,0,0,0,0,0,0,0,0,0,0,175,0,0,0,0,0,0
46,5254,47.00544192451675,99996,1,1,0,0,104,80,0.0018400736029441178,3,3,49897,49922,97,72,0,0,0,0,0,0,99814,0,0,0,0,0,0,0,0,0,0,182,0,0,0,0,0,0
47,5254,48.07896997272938,99996,3,3,0,0,106,82,0.0018800752030081202,1,1,49899,49922,95,72,0,0,0,0,0,0,99814,0,0,0,0,0,0,0,0,0,0,182,0,0,0,0,0,0
48,5254,49.08678300926329,99996,1,1,0,0,106,82,0.0018800752030081202,1,1,49899,49923,97,73,0,0,0,0,0,0,99810,0,0,0,0,0,0,0,0,0,0,186,0,0,0,0,0,0
49,5254,50.30439858421689,99996,1,1,0,0,106,82,0.0018800752030081202,1,1,49899,49924,97,72,0,0,0,0,0,0,99810,0,0,0,0,0,0,0,0,0,0,186,0,0,0,0,0,0
50,5254,51.294487544040265,99996,1,1,0,0,106,82,0.0018800752030081202,2,1,49899,49924,96,72,0,0,0,0,0,0,99810,0,0,0,0,0,0,0,0,0,0,186,0,0,0,0,0,0
51,5254,52.25420039272567,99996,2,0,0,0,107,82,0.001890075603024121,2,1,49898,49924,96,73,0,0,0,0,0,0,99809,0,0,0,0,0,0,0,0,0,0,187,0,0,0,0,0,0
52,5254,53.13832646072703,99996,1,0,0,0,107,82,0.001890075603024121,2,2,49898,49924,97,72,0,0,0,0,0,0,99808,0,0,0,0,0,0,0,0,0,0,188,0,0,0,0,0,0
53,5254,54.218099603996755,99996,3,2,0,0,109,84,0.0019300772030881235,0,0,49900,49925,95,71,0,0,0,0,0,0,99808,0,0,0,0,0,0,0,0,0,0,188,0,0,0,0,0,0
54,5254,55.20816519649822,99996,3,2,0,0,109,84,0.0019300772030881235,1,0,49899,49925,95,71,0,0,0,0,0,0,99808,0,0,0,0,0,0,0,0,0,0,188,0,0,0,0,0,0
55,5254,56.0589272768969,99996,1,1,0,0,109,84,0.0019300772030881235,1,0,49899,49925,97,72,0,0,0,0,0,0,99805,0,0,0,0,0,0,0,0,0,0,191,0,0,0,0,0,0
56,5254,57.24786555981582,99996,2,1,0,0,110,84,0.0019400776031041243,0,0,49900,49925,96,72,0,0,0,0,0,0,99805,0,0,0,0,0,0,0,0,0,0,191,0,0,0,0,0,0
57,5254,58.23794422131894,99996,2,1,0,0,110,84,0.0019400776031041243,0,0,49900,49925,96,72,0,0,0,0,0,0,99805,0,0,0,0,0,0,0,0,0,0,191,0,0,0,0,0,0
58,5254,59.22802288282206,99996,2,1,0,0,110,84,0.0019400776031041243,1,1,49899,49924,96,72,0,0,0,0,0,0,99805,0,0,0,0,0,0,0,0,0,0,191,0,0,0,0,0,0
59,5254,60.08136100469337,99996,2,0,0,0,110,84,0.0019400776031041243,1,1,49900,49924,95,73,0,0,0,0,0,0,99804,0,0,0,0,0,0,0,0,0,0,192,0,0,0,0,0,0
60,5254,61.07143471333293,99996,2,0,0,0,110,84,0.0019400776031041243,2,1,49900,49925,94,72,0,0,0,0,0,0,99804,0,0,0,0,0,0,0,0,0,0,192,0,0,0,0,0,0
61,5254,62.06149530887286,99996,3,0,0,0,111,84,0.0019500780031201249,1,1,49900,49925,94,72,0,0,0,0,0,0,99804,0,0,0,0,0,0,0,0,0,0,192,0,0,0,0,0,0
62,5254,63.03194968766046,99996,4,1,0,0,112,85,0.001970078803152126,1,0,49899,49925,94,72,0,0,0,0,0,0,99804,0,0,0,0,0,0,0,0,0,0,192,0,0,0,0,0,0
63,5254,64.06879779616706,99996,3,1,0,0,112,85,0.001970078803152126,2,1,49899,49924,94,72,0,0,0,0,0,0,99803,0,0,0,0,0,0,0,0,0,0,193,0,0,0,0,0,0
64,5254,65.23502736651226,99996,3,2,0,0,112,86,0.001980079203168127,2,0,49899,49925,94,71,0,0,0,0,0,0,99803,0,0,0,0,0,0,0,0,0,0,193,0,0,0,0,0,0
65,5254,66.16014892633095,99996,3,2,0,0,113,86,0.0019900796031841273,1,0,49899,49925,95,71,0,0,0,0,0,0,99802,0,0,0,0,0,0,0,0,0,0,194,0,0,0,0,0,0
66,5254,67.23674037856499,99996,3,2,0,0,114,86,0.002000080003200128,2,0,49899,49926,94,70,0,0,0,0,0,0,99801,0,0,0,0,0,0,0,0,0,0,195,0,0,0,0,0,0
67,5254,68.12456852400507,99996,4,2,0,0,115,86,0.0020100804032161285,1,1,49899,49925,94,70,0,0,0,0,0,0,99801,0,0,0,0,0,0,0,0,0,0,195,0,0,0,0,0,0
68,5254,69.06137387439169,99996,2,2,0,0,115,87,0.0020200808032321293,1,2,49900,49923,95,71,0,0,0,0,0,0,99798,0,0,0,0,0,0,0,0,0,0,198,0,0,0,0,0,0
69,5254,70.17500890450026,99996,3,3,0,0,116,88,0.0020400816032641305,0,1,49900,49923,95,71,0,0,0,0,0,0,99798,0,0,0,0,0,0,0,0,0,0,198,0,0,0,0,0,0
70,5254,71.1650613478145,99996,3,4,0,0,116,89,0.0020500820032801313,0,1,49900,49922,95,71,0,0,0,0,0,0,99798,0,0,0,0,0,0,0,0,0,0,198,0,0,0,0,0,0
71,5254,72.06457026110652,99996,2,3,0,0,116,89,0.0020500820032801313,0,1,49900,49922,96,72,0,0,0,0,0,0,99796,0,0,0,0,0,0,0,0,0,0,200,0,0,0,0,0,0
72,5254,73.05463709103029,99996,2,3,0,0,116,89,0.0020500820032801313,2,1,49898,49922,96,72,0,0,0,0,0,0,99796,0,0,0,0,0,0,0,0,0,0,200,0,0,0,0,0,0
73,5254,74.02696999186331,99996,1,4,0,0,116,90,0.0020600824032961317,2,0,49900,49923,95,71,0,0,0,0,0,0,99795,0,0,0,0,0,0,0,0,0,0,201,0,0,0,0,0,0
74,5254,75.10824392145247,99996,1,3,0,0,116,90,0.0020600824032961317,2,0,49900,49924,95,71,0,0,0,0,0,0,99794,0,0,0,0,0,0,0,0,0,0,202,0,0,0,0,0,0
75,5254,76.13100176773182,99996,2,3,0,0,117,90,0.0020700828033121325,2,1,49899,49923,95,71,0,0,0,0,0,0,99794,0,0,0,0,0,0,0,0,0,0,202,0,0,0,0,0,0
76,5254,77.12106370161038,99996,2,3,0,0,117,90,0.0020700828033121325,2,2,49899,49922,95,71,0,0,0,0,0,0,99794,0,0,0,0,0,0,0,0,0,0,202,0,0,0,0,0,0
77,5254,78.17250015350709,99996,3,4,0,0,118,91,0.0020900836033441337,2,1,49898,49922,95,71,0,0,0,0,0,0,99794,0,0,0,0,0,0,0,0,0,0,202,0,0,0,0,0,0
78,5254,79.16256411196979,99996,2,4,0,0,118,91,0.0020900836033441337,2,1,49898,49922,96,71,0,0,0,0,0,0,99793,0,0,0,0,0,0,0,0,0,0,203,0,0,0,0,0,0
79,5254,80.26203144685765,99996,3,3,0,0,120,92,0.0021200848033921357,0,0,49898,49922,97,73,0,0,0,0,0,0,99790,0,0,0,0,0,0,0,0,0,0,206,0,0,0,0,0,0
80,5254,81.25212796126588,99996,3,3,0,0,120,92,0.0021200848033921357,0,1,49898,49921,97,73,0,0,0,0,0,0,99790,0,0,0,0,0,0,0,0,0,0,206,0,0,0,0,0,0
81,5254,82.24221883627474,99996,3,3,0,0,120,92,0.0021200848033921357,0,2,49898,49921,97,72,0,0,0,0,0,0,99790,0,0,0,0,0,0,0,0,0,0,206,0,0,0,0,0,0
82,5254,83.20015882770828,99996,2,2,0,0,120,93,0.002130085203408136,0,1,49899,49921,97,74,0,0,0,0,0,0,99787,0,0,0,0,0,0,0,0,0,0,209,0,0,0,0,0,0
83,5254,84.09616787312929,99996,1,2,0,0,120,94,0.002140085603424137,0,1,49899,49920,98,75,0,0,0,0,0,0,99785,0,0,0,0,0,0,0,0,0,0,211,0,0,0,0,0,0
84,5254,85.13331136776264,99996,1,2,0,0,120,95,0.0021500860034401378,0,0,49899,49922,98,74,0,0,0,0,0,0,99784,0,0,0,0,0,0,0,0,0,0,212,0,0,0,0,0,0
85,5254,86.12341543027523,99996,1,2,0,0,120,95,0.0021500860034401378,0,0,49900,49922,97,74,0,0,0,0,0,0,99784,0,0,0,0,0,0,0,0,0,0,212,0,0,0,0,0,0
86,5254,87.07373188662048,99996,1,1,0,0,120,95,0.0021500860034401378,0,0,49900,49922,97,75,0,0,0,0,0,0,99783,0,0,0,0,0,0,0,0,0,0,213,0,0,0,0,0,0
87,5254,88.0638215970969,99996,1,1,0,0,120,95,0.0021500860034401378,0,0,49900,49923,97,74,0,0,0,0,0,0,99783,0,0,0,0,0,0,0,0,0,0,213,0,0,0,0,0,0
88,5254,89.05391128115885,99996,1,1,0,0,120,95,0.0021500860034401378,0,0,49900,49923,97,74,0,0,0,0,0,0,99783,0,0,0,0,0,0,0,0,0,0,213,0,0,0,0,0,0
89,5254,90.04400436906863,99996,1,1,0,0,120,95,0.0021500860034401378,1,0,49899,49923,97,74,0,0,0,0,0,0,99783,0,0,0,0,0,0,0,0,0,0,213,0,0,0,0,0,0
90,5254,91.0341042646741,99996,1,1,0,0,120,95,0.0021500860034401378,1,0,49899,49923,97,74,0,0,0,0,0,0,99783,0,0,0,0,0,0,0,0,0,0,213,0,0,0,0,0,0
91,5254,92.02420414707206,99996,1,1,0,0,120,95,0.0021500860034401378,1,0,49899,49925,97,72,0,0,0,0,0,0,99783,0,0,0,0,0,0,0,0,0,0,213,0,0,0,0,0,0
92,5254,93.01430396343245,99996,1,1,0,0,120,95,0.0021500860034401378,1,0,49899,49925,97,72,0,0,0,0,0,0,99783,0,0,0,0,0,0,0,0,0,0,213,0,0,0,0,0,0
93,5254,94.00440377979285,99996,1,1,0,0,120,95,0.0021500860034401378,1,0,49899,49926,97,71,0,0,0,0,0,0,99783,0,0,0,0,0,0,0,0,0,0,213,0,0,0,0,0,0
94,5254,95.14869345520448,99996,2,2,0,0,121,96,0.002170086803472139,0,0,49899,49925,97,71,0,0,0,0,0,0,99783,0,0,0,0,0,0,0,0,0,0,213,0,0,0,0,0,0
95,5254,96.13878645531483,99996,2,2,0,0,121,96,0.002170086803472139,0,0,49900,49925,96,71,0,0,0,0,0,0,99783,0,0,0,0,0,0,0,0,0,0,213,0,0,0,0,0,0
96,5254,97.1414755043279,99996,0,0,0,0,121,96,0.002170086803472139,0,0,49900,49925,98,73,0,0,0,0,0,0,99779,0,0,0,0,0,0,0,0,0,0,217,0,0,0,0,0,0
97,5254,98.13158159501933,99996,0,0,0,0,121,96,0.002170086803472139,0,0,49901,49925,97,73,0,0,0,0,0,0,99779,0,0,0,0,0,0,0,0,0,0,217,0,0,0,0,0,0
98,5254,99.12167443169162,99996,0,0,0,0,121,96,0.002170086803472139,0,0,49901,49925,97,73,0,0,0,0,0,0,99779,0,0,0,0,0,0,0,0,0,0,217,0,0,0,0,0,0
99,5254,100.11176064135434,99996,0,0,0,0,121,96,0.002170086803472139,0,0,49901,49925,97,73,0,0,0,0,0,0,99779,0,0,0,0,0,0,0,0,0,0,217,0,0,0,0,0,0
100,5254,101.10184685101706,99996,0,0,0,0,121,96,0.002170086803472139,0,0,49901,49925,97,73,0,0,0,0,0,0,99779,0,0,0,0,0,0,0,0,0,0,217,0,0,0,0,0,0
101,5254,102.09193306067978,99996,0,0,0,0,121,96,0.002170086803472139,0,0,49902,49925,96,73,0,0,0,0,0,0,99779,0,0,0,0,0,0,0,0,0,0,217,0,0,0,0,0,0
102,5254,103.08200601685454,99996,0,0,0,0,121,96,0.002170086803472139,0,0,49903,49925,95,73,0,0,0,0,0,0,99779,0,0,0,0,0,0,0,0,0,0,217,0,0,0,0,0,0
103,5254,104.07205909332852,99996,0,0,0,0,121,96,0.002170086803472139,0,0,49903,49926,95,72,0,0,0,0,0,0,99779,0,0,0,0,0,0,0,0,0,0,217,0,0,0,0,0,0
104,5254,105.06210550370473,99996,0,0,0,0,121,96,0.002170086803472139,0,0,49903,49926,95,72,0,0,0,0,0,0,99779,0,0,0,0,0,0,0,0,0,0,217,0,0,0,0,0,0
105,5254,106.05215191408094,99996,0,0,0,0,121,96,0.002170086803472139,0,0,49903,49926,95,72,0,0,0,0,0,0,99779,0,0,0,0,0,0,0,0,0,0,217,0,0,0,0,0,0
106,5254,107.04219832445715,99996,0,0,0,0,121,96,0.002170086803472139,0,0,49903,49926,95,72,0,0,0,0,0,0,99779,0,0,0,0,0,0,0,0,0,0,217,0,0,0,0,0,0
107,5254,108.03224473483336,99996,0,0,0,0,121,96,0.002170086803472139,0,0,49903,49927,95,71,0,0,0,0,0,0,99779,0,0,0,0,0,0,0,0,0,0,217,0,0,0,0,0,0
108,5254,109.02229110559023,99996,0,0,0,0,121,96,0.002170086803472139,0,0,49903,49927,95,71,0,0,0,0,0,0,99779,0,0,0,0,0,0,0,0,0,0,217,0,0,0,0,0,0
109,5254,110.0123374763471,99996,0,0,0,0,121,96,0.002170086803472139,0,0,49903,49927,95,71,0,0,0,0,0,0,99779,0,0,0,0,0,0,0,0,0,0,217,0,0,0,0,0,0
110,5254,111.00238384710397,99996,0,0,0,0,121,96,0.002170086803472139,0,0,49903,49927,95,71,0,0,0,0,0,0,99779,0,0,0,0,0,0,0,0,0,0,217,0,0,0,0,0,0
111,5254,112.3224456747798,99996,0,0,0,0,121,96,0.002170086803472139,0,0,49903,49927,95,71,0,0,0,0,0,0,99779,0,0,0,0,0,0,0,0,0,0,217,0,0,0,0,0,0
112,5254,113.31249204553667,99996,0,0,0,0,121,96,0.002170086803472139,0,0,49903,49928,95,70,0,0,0,0,0,0,99779,0,0,0,0,0,0,0,0,0,0,217,0,0,0,0,0,0
113,5254,114.30253175046214,99996,0,0,0,0,121,96,0.002170086803472139,0,0,49904,49928,94,70,0,0,0,0,0,0,99779,0,0,0,0,0,0,0,0,0,0,217,0,0,0,0,0,0
114,5254,115.29255818975736,99996,0,0,0,0,121,96,0.002170086803472139,0,0,49904,49929,94,69,0,0,0,0,0,0,99779,0,0,0,0,0,0,0,0,0,0,217,0,0,0,0,0,0
115,5254,116.2825846026402,99996,0,0,0,0,121,96,0.002170086803472139,0,0,49904,49929,94,69,0,0,0,0,0,0,99779,0,0,0,0,0,0,0,0,0,0,217,0,0,0,0,0,0
116,5254,117.27261101552304,99996,0,0,0,0,121,96,0.002170086803472139,0,0,49904,49929,94,69,0,0,0,0,0,0,99779,0,0,0,0,0,0,0,0,0,0,217,0,0,0,0,0,0
117,5254,118.26263742840588,99996,0,0,0,0,121,96,0.002170086803472139,0,0,49904,49929,94,69,0,0,0,0,0,0,99779,0,0,0,0,0,0,0,0,0,0,217,0,0,0,0,0,0
118,5254,119.25265721534251,99996,0,0,0,0,121,96,0.002170086803472139,0,0,49905,49929,93,69,0,0,0,0,0,0,99779,0,0,0,0,0,0,0,0,0,0,217,0,0,0,0,0,0
119,5254,120.24266375038671,99996,0,0,0,0,121,96,0.002170086803472139,0,0,49905,49930,93,68,0,0,0,0,0,0,99779,0,0,0,0,0,0,0,0,0,0,217,0,0,0,0,0,0
120,5254,121.23267025901907,99996,0,0,0,0,121,96,0.002170086803472139,0,0,49905,49930,93,68,0,0,0,0,0,0,99779,0,0,0,0,0,0,0,0,0,0,217,0,0,0,0,0,0
121,5254,122.22267675444552,99996,0,0,0,0,121,96,0.002170086803472139,0,0,49905,49930,93,68,0,0,0,0,0,0,99779,0,0,0,0,0,0,0,0,0,0,217,0,0,0,0,0,0
122,5254,123.21268324987196,99996,0,0,0,0,121,96,0.002170086803472139,0,0,49905,49930,93,68,0,0,0,0,0,0,99779,0,0,0,0,0,0,0,0,0,0,217,0,0,0,0,0,0
123,5254,124.2026897452984,99996,0,0,0,0,121,96,0.002170086803472139,0,0,49905,49930,93,68,0,0,0,0,0,0,99779,0,0,0,0,0,0,0,0,0,0,217,0,0,0,0,0,0
124,5254,125.19269624072484,99996,0,0,0,0,121,96,0.002170086803472139,0,0,49905,49930,93,68,0,0,0,0,0,0,99779,0,0,0,0,0,0,0,0,0,0,217,0,0,0,0,0,0
125,5254,126.18270273615128,99996,0,0,0,0,121,96,0.002170086803472139,0,0,49905,49930,93,68,0,0,0,0,0,0,99779,0,0,0,0,0,0,0,0,0,0,217,0,0,0,0,0,0
126,5254,127.17270923157773,99996,0,0,0,0,121,96,0.002170086803472139,0,0,49905,49930,93,68,0,0,0,0,0,0,99779,0,0,0,0,0,0,0,0,0,0,217,0,0,0,0,0,0
127,5254,128.16270247590887,99996,0,0,0,0,121,96,0.002170086803472139,0,0,49907,49931,91,67,0,0,0,0,0,0,99779,0,0,0,0,0,0,0,0,0,0,217,0,0,0,0,0,0
128,5254,129.1526691784332,99996,0,0,0,0,121,96,0.002170086803472139,0,0,49907,49931,91,67,0,0,0,0,0,0,99779,0,0,0,0,0,0,0,0,0,0,217,0,0,0,0,0,0
129,5254,130.14263588095753,99996,0,0,0,0,121,96,0.002170086803472139,0,0,49908,49932,90,66,0,0,0,0,0,0,99779,0,0,0,0,0,0,0,0,0,0,217,0,0,0,0,0,0
130,5254,131.1325826684191,99996,0,0,0,0,121,96,0.002170086803472139,0,0,49908,49932,90,66,0,0,0,0,0,0,99779,0,0,0,0,0,0,0,0,0,0,217,0,0,0,0,0,0
131,5254,132.12252945588068,99996,0,0,0,0,121,96,0.002170086803472139,0,0,49908,49932,90,66,0,0,0,0,0,0,99779,0,0,0,0,0,0,0,0,0,0,217,0,0,0,0,0,0
132,5254,133.11247624334226,99996,0,0,0,0,121,96,0.002170086803472139,0,0,49909,49932,89,66,0,0,0,0,0,0,99779,0,0,0,0,0,0,0,0,0,0,217,0,0,0,0,0,0
133,5254,134.10240315615377,99996,0,0,0,0,121,96,0.002170086803472139,0,0,49909,49932,89,66,0,0,0,0,0,0,99779,0,0,0,0,0,0,0,0,0,0,217,0,0,0,0,0,0
134,5254,135.09233006896528,99996,0,0,0,0,121,96,0.002170086803472139,0,0,49909,49932,89,66,0,0,0,0,0,0,99779,0,0,0,0,0,0,0,0,0,0,217,0,0,0,0,0,0
135,5254,136.0822569817768,99996,0,0,0,0,121,96,0.002170086803472139,0,0,49909,49933,89,65,0,0,0,0,0,0,99779,0,0,0,0,0,0,0,0,0,0,217,0,0,0,0,0,0
136,5254,137.0721838549737,99996,0,0,0,0,121,96,0.002170086803472139,0,0,49909,49933,89,65,0,0,0,0,0,0,99779,0,0,0,0,0,0,0,0,0,0,217,0,0,0,0,0,0
137,5254,138.0621107281706,99996,0,0,0,0,121,96,0.002170086803472139,0,0,49909,49933,89,65,0,0,0,0,0,0,99779,0,0,0,0,0,0,0,0,0,0,217,0,0,0,0,0,0
138,5254,139.05203760136752,99996,0,0,0,0,121,96,0.002170086803472139,0,0,49911,49933,87,65,0,0,0,0,0,0,99779,0,0,0,0,0,0,0,0,0,0,217,0,0,0,0,0,0
139,5254,140.04193135200714,99996,0,0,0,0,121,96,0.002170086803472139,0,0,49911,49933,87,65,0,0,0,0,0,0,99779,0,0,0,0,0,0,0,0,0,0,217,0,0,0,0,0,0
140,5254,141.03181847829458,99996,0,0,0,0,121,96,0.002170086803472139,0,0,49911,49933,87,65,0,0,0,0,0,0,99779,0,0,0,0,0,0,0,0,0,0,217,0,0,0,0,0,0
141,5254,142.02170560458202,99996,0,0,0,0,121,96,0.002170086803472139,0,0,49911,49933,87,65,0,0,0,0,0,0,99779,0,0,0,0,0,0,0,0,0,0,217,0,0,0,0,0,0
142,5254,143.01159273086947,99996,0,0,0,0,121,96,0.002170086803472139,0,0,49911,49933,87,65,0,0,0,0,0,0,99779,0,0,0,0,0,0,0,0,0,0,217,0,0,0,0,0,0
143,5254,144.0014798571569,99996,0,0,0,0,121,96,0.002170086803472139,0,0,49911,49933,87,65,0,0,0,0,0,0,99779,0,0,0,0,0,0,0,0,0,0,217,0,0,0,0,0,0
144,5254,145.3213293588735,99996,0,0,0,0,121,96,0.002170086803472139,0,0,49911,49933,87,65,0,0,0,0,0,0,99779,0,0,0,0,0,0,0,0,0,0,217,0,0,0,0,0,0
145,5254,146.31121648516094,99996,0,0,0,0,121,96,0.002170086803472139,0,0,49911,49933,87,65,0,0,0,0,0,0,99779,0,0,0,0,0,0,0,0,0,0,217,0,0,0,0,0,0
146,5254,147.30110361144838,99996,0,0,0,0,121,96,0.002170086803472139,0,0,49911,49933,87,65,0,0,0,0,0,0,99779,0,0,0,0,0,0,0,0,0,0,217,0,0,0,0,0,0
147,5254,148.29099073773583,99996,0,0,0,0,121,96,0.002170086803472139,0,0,49912,49933,86,65,0,0,0,0,0,0,99779,0,0,0,0,0,0,0,0,0,0,217,0,0,0,0,0,0
148,5254,149.28086460264575,99996,0,0,0,0,121,96,0.002170086803472139,0,0,49912,49934,86,64,0,0,0,0,0,0,99779,0,0,0,0,0,0,0,0,0,0,217,0,0,0,0,0,0
149,5254,150.2707318170608,99996,0,0,0,0,121,96,0.002170086803472139,0,0,49912,49935,86,63,0,0,0,0,0,0,99779,0,0,0,0,0,0,0,0,0,0,217,0,0,0,0,0,0
150,5254,151.26059899186365,99996,0,0,0,0,121,96,0.002170086803472139,0,0,49912,49935,86,63,0,0,0,0,0,0,99779,0,0,0,0,0,0,0,0,0,0,217,0,0,0,0,0,0
151,5254,152.25046616666648,99996,0,0,0,0,121,96,0.002170086803472139,0,0,49912,49936,86,62,0,0,0,0,0,0,99779,0,0,0,0,0,0,0,0,0,0,217,0,0,0,0,0,0
152,5254,153.24032669124068,99996,0,0,0,0,121,96,0.002170086803472139,0,0,49913,49936,85,62,0,0,0,0,0,0,99779,0,0,0,0,0,0,0,0,0,0,217,0,0,0,0,0,0
153,5254,154.230173941766,99996,0,0,0,0,121,96,0.002170086803472139,0,0,49913,49937,85,61,0,0,0,0,0,0,99779,0,0,0,0,0,0,0,0,0,0,217,0,0,0,0,0,0
154,5254,155.22002116588368,99996,0,0,0,0,121,96,0.002170086803472139,0,0,49915,49937,83,61,0,0,0,0,0,0,99779,0,0,0,0,0,0,0,0,0,0,217,0,0,0,0,0,0
155,5254,156.20982864946853,99996,0,0,0,0,121,96,0.002170086803472139,0,0,49915,49937,83,61,0,0,0,0,0,0,99779,0,0,0,0,0,0,0,0,0,0,217,0,0,0,0,0,0
156,5254,157.1996361330534,99996,0,0,0,0,121,96,0.002170086803472139,0,0,49915,49937,83,61,0,0,0,0,0,0,99779,0,0,0,0,0,0,0,0,0,0,217,0,0,0,0,0,0
157,5254,158.18944361663824,99996,0,0,0,0,121,96,0.002170086803472139,0,0,49915,49937,83,61,0,0,0,0,0,0,99779,0,0,0,0,0,0,0,0,0,0,217,0,0,0,0,0,0
158,5254,159.1792511002231,99996,0,0,0,0,121,96,0.002170086803472139,0,0,49915,49937,83,61,0,0,0,0,0,0,99779,0,0,0,0,0,0,0,0,0,0,217,0,0,0,0,0,0
159,5254,160.16905858380795,99996,0,0,0,0,121,96,0.002170086803472139,0,0,49916,49937,82,61,0,0,0,0,0,0,99779,0,0,0,0,0,0,0,0,0,0,217,0,0,0,0,0,0
160,5254,161.15885282134462,99996,0,0,0,0,121,96,0.002170086803472139,0,0,49917,49937,81,61,0,0,0,0,0,0,99779,0,0,0,0,0,0,0,0,0,0,217,0,0,0,0,0,0
161,5254,162.14862056758113,99996,0,0,0,0,121,96,0.002170086803472139,0,0,49917,49937,81,61,0,0,0,0,0,0,99779,0,0,0,0,0,0,0,0,0,0,217,0,0,0,0,0,0
162,5254,163.13838831381764,99996,0,0,0,0,121,96,0.002170086803472139,0,0,49917,49937,81,61,0,0,0,0,0,0,99779,0,0,0,0,0,0,0,0,0,0,217,0,0,0,0,0,0
163,5254,164.12815606005415,99996,0,0,0,0,121,96,0.002170086803472139,0,0,49917,49937,81,61,0,0,0,0,0,0,99779,0,0,0,0,0,0,0,0,0,0,217,0,0,0,0,0,0
164,5254,165.11792380629066,99996,0,0,0,0,121,96,0.002170086803472139,0,0,49917,49938,81,60,0,0,0,0,0,0,99779,0,0,0,0,0,0,0,0,0,0,217,0,0,0,0,0,0
165,5254,166.10769152612164,99996,0,0,0,0,121,96,0.002170086803472139,0,0,49917,49938,81,60,0,0,0,0,0,0,99779,0,0,0,0,0,0,0,0,0,0,217,0,0,0,0,0,0
166,5254,167.09745923274986,99996,0,0,0,0,121,96,0.002170086803472139,0,0,49917,49938,81,60,0,0,0,0,0,0,99779,0,0,0,0,0,0,0,0,0,0,217,0,0,0,0,0,0
167,5254,168.08722693937807,99996,0,0,0,0,121,96,0.002170086803472139,0,0,49917,49939,81,59,0,0,0,0,0,0,99779,0,0,0,0,0,0,0,0,0,0,217,0,0,0,0,0,0
168,5254,169.0769946196008,99996,0,0,0,0,121,96,0.002170086803472139,0,0,49918,49940,80,58,0,0,0,0,0,0,99779,0,0,0,0,0,0,0,0,0,0,217,0,0,0,0,0,0
169,5254,170.0667490152302,99996,0,0,0,0,121,96,0.002170086803472139,0,0,49918,49940,80,58,0,0,0,0,0,0,99779,0,0,0,0,0,0,0,0,0,0,217,0,0,0,0,0,0
170,5254,171.05649677516425,99996,0,0,0,0,121,96,0.002170086803472139,0,0,49918,49940,80,58,0,0,0,0,0,0,99779,0,0,0,0,0,0,0,0,0,0,217,0,0,0,0,0,0
171,5254,172.0462445350983,99996,0,0,0,0,121,96,0.002170086803472139,0,0,49918,49941,80,57,0,0,0,0,0,0,99779,0,0,0,0,0,0,0,0,0,0,217,0,0,0,0,0,0
172,5254,173.0359922686274,99996,0,0,0,0,121,96,0.002170086803472139,0,0,49918,49941,80,57,0,0,0,0,0,0,99779,0,0,0,0,0,0,0,0,0,0,217,0,0,0,0,0,0
173,5254,174.02573998895403,99996,0,0,0,0,121,96,0.002170086803472139,0,0,49918,49941,80,57,0,0,0,0,0,0,99779,0,0,0,0,0,0,0,0,0,0,217,0,0,0,0,0,0
174,5254,175.01548770928065,99996,0,0,0,0,121,96,0.002170086803472139,0,0,49919,49941,79,57,0,0,0,0,0,0,99779,0,0,0,0,0,0,0,0,0,0,217,0,0,0,0,0,0
175,5254,176.00522218515331,99996,0,0,0,0,121,96,0.002170086803472139,0,0,49919,49941,79,57,0,0,0,0,0,0,99779,0,0,0,0,0,0,0,0,0,0,217,0,0,0,0,0,0
176,5254,177.32485931014534,99996,0,0,0,0,121,96,0.002170086803472139,0,0,49919,49942,79,56,0,0,0,0,0,0,99779,0,0,0,0,0,0,0,0,0,0,217,0,0,0,0,0,0
177,5254,178.31458712418436,99996,0,0,0,0,121,96,0.002170086803472139,0,0,49919,49942,79,56,0,0,0,0,0,0,99779,0,0,0,0,0,0,0,0,0,0,217,0,0,0,0,0,0
178,5254,179.30431493822337,99996,0,0,0,0,121,96,0.002170086803472139,0,0,49919,49942,79,56,0,0,0,0,0,0,99779,0,0,0,0,0,0,0,0,0,0,217,0,0,0,0,0,0
179,5254,180.29404273906016,99996,0,0,0,0,121,96,0.002170086803472139,0,0,49919,49943,79,55,0,0,0,0,0,0,99779,0,0,0,0,0,0,0,0,0,0,217,0,0,0,0,0,0
180,5254,181.2837705134925,99996,0,0,0,0,121,96,0.002170086803472139,0,0,49919,49943,79,55,0,0,0,0,0,0,99779,0,0,0,0,0,0,0,0,0,0,217,0,0,0,0,0,0
181,5254,182.27349828792484,99996,0,0,0,0,121,96,0.002170086803472139,0,0,49919,49943,79,55,0,0,0,0,0,0,99779,0,0,0,0,0,0,0,0,0,0,217,0,0,0,0,0,0
182,5254,183.26322606235718,99996,0,0,0,0,121,96,0.002170086803472139,0,0,49919,49943,79,55,0,0,0,0,0,0,99779,0,0,0,0,0,0,0,0,0,0,217,0,0,0,0,0,0
183,5254,184.25295383678952,99996,0,0,0,0,121,96,0.002170086803472139,0,0,49919,49945,79,53,0,0,0,0,0,0,99779,0,0,0,0,0,0,0,0,0,0,217,0,0,0,0,0,0
184,5254,185.24268154521081,99996,0,0,0,0,121,96,0.002170086803472139,0,0,49919,49945,79,53,0,0,0,0,0,0,99779,0,0,0,0,0,0,0,0,0,0,217,0,0,0,0,0,0
185,5254,186.2324092404299,99996,0,0,0,0,121,96,0.002170086803472139,0,0,49919,49945,79,53,0,0,0,0,0,0,99779,0,0,0,0,0,0,0,0,0,0,217,0,0,0,0,0,0
186,5254,187.22213693564896,99996,0,0,0,0,121,96,0.002170086803472139,0,0,49919,49945,79,53,0,0,0,0,0,0,99779,0,0,0,0,0,0,0,0,0,0,217,0,0,0,0,0,0
187,5254,188.21186463086804,99996,0,0,0,0,121,96,0.002170086803472139,0,0,49919,49945,79,53,0,0,0,0,0,0,99779,0,0,0,0,0,0,0,0,0,0,217,0,0,0,0,0,0
188,5254,189.2015923260871,99996,0,0,0,0,121,96,0.002170086803472139,0,0,49919,49945,79,53,0,0,0,0,0,0,99779,0,0,0,0,0,0,0,0,0,0,217,0,0,0,0,0,0
189,5254,190.19131339934557,99996,0,0,0,0,121,96,0.002170086803472139,0,0,49920,49945,78,53,0,0,0,0,0,0,99779,0,0,0,0,0,0,0,0,0,0,217,0,0,0,0,0,0
190,5254,191.18102122868282,99996,0,0,0,0,121,96,0.002170086803472139,0,0,49920,49945,78,53,0,0,0,0,0,0,99779,0,0,0,0,0,0,0,0,0,0,217,0,0,0,0,0,0
191,5254,192.17072905802007,99996,0,0,0,0,121,96,0.002170086803472139,0,0,49921,49946,77,52,0,0,0,0,0,0,99779,0,0,0,0,0,0,0,0,0,0,217,0,0,0,0,0,0
192,5254,193.1604236175633,99996,0,0,0,0,121,96,0.002170086803472139,0,0,49921,49946,77,52,0,0,0,0,0,0,99779,0,0,0,0,0,0,0,0,0,0,217,0,0,0,0,0,0
193,5254,194.15011154220954,99996,0,0,0,0,121,96,0.002170086803472139,0,0,49921,49946,77,52,0,0,0,0,0,0,99779,0,0,0,0,0,0,0,0,0,0,217,0,0,0,0,0,0
194,5254,195.13979946685578,99996,0,0,0,0,121,96,0.002170086803472139,0,0,49921,49946,77,52,0,0,0,0,0,0,99779,0,0,0,0,0,0,0,0,0,0,217,0,0,0,0,0,0
195,5254,196.129487391502,99996,0,0,0,0,121,96,0.002170086803472139,0,0,49921,49946,77,52,0,0,0,0,0,0,99779,0,0,0,0,0,0,0,0,0,0,217,0,0,0,0,0,0
196,5254,197.11917531614824,99996,0,0,0,0,121,96,0.002170086803472139,0,0,49921,49946,77,52,0,0,0,0,0,0,99779,0,0,0,0,0,0,0,0,0,0,217,0,0,0,0,0,0
197,5254,198.10886324079448,99996,0,0,0,0,121,96,0.002170086803472139,0,0,49921,49947,77,51,0,0,0,0,0,0,99779,0,0,0,0,0,0,0,0,0,0,217,0,0,0,0,0,0
198,5254,199.09855113903734,99996,0,0,0,0,121,96,0.002170086803472139,0,0,49921,49947,77,51,0,0,0,0,0,0,99779,0,0,0,0,0,0,0,0,0,0,217,0,0,0,0,0,0
199,5254,200.08823902407852,99996,0,0,0,0,121,96,0.002170086803472139,0,0,49922,49947,76,51,0,0,0,0,0,0,99779,0,0,0,0,0,0,0,0,0,0,217,0,0,0,0,0,0
200,5254,201.0779136662607,99996,0,0,0,0,121,96,0.002170086803472139,0,0,49922,49947,76,51,0,0,0,0,0,0,99779,0,0,0,0,0,0,0,0,0,0,217,0,0,0,0,0,0
201,5254,202.06758168701342,99996,0,0,0,0,121,96,0.002170086803472139,0,0,49923,49947,75,51,0,0,0,0,0,0,99779,0,0,0,0,0,0,0,0,0,0,217,0,0,0,0,0,0
202,5254,203.05722984427342,99996,0,0,0,0,121,96,0.002170086803472139,0,0,49923,49947,75,51,0,0,0,0,0,0,99779,0,0,0,0,0,0,0,0,0,0,217,0,0,0,0,0,0
203,5254,204.04687800153343,99996,0,0,0,0,121,96,0.002170086803472139,0,0,49923,49947,75,51,0,0,0,0,0,0,99779,0,0,0,0,0,0,0,0,0,0,217,0,0,0,0,0,0
204,5254,205.03652615879344,99996,0,0,0,0,121,96,0.002170086803472139,0,0,49923,49947,75,51,0,0,0,0,0,0,99779,0,0,0,0,0,0,0,0,0,0,217,0,0,0,0,0,0
205,5254,206.02617431605344,99996,0,0,0,0,121,96,0.002170086803472139,0,0,49923,49947,75,51,0,0,0,0,0,0,99779,0,0,0,0,0,0,0,0,0,0,217,0,0,0,0,0,0
206,5254,207.01582247331345,99996,0,0,0,0,121,96,0.002170086803472139,0,0,49925,49947,73,51,0,0,0,0,0,0,99779,0,0,0,0,0,0,0,0,0,0,217,0,0,0,0,0,0
207,5254,208.00543090597532,99996,0,0,0,0,121,96,0.002170086803472139,0,0,49925,49947,73,51,0,0,0,0,0,0,99779,0,0,0,0,0,0,0,0,0,0,217,0,0,0,0,0,0
208,5254,209.32490881619114,99996,0,0,0,0,121,96,0.002170086803472139,0,0,49925,49947,73,51,0,0,0,0,0,0,99779,0,0,0,0,0,0,0,0,0,0,217,0,0,0,0,0,0
209,5254,210.314517248853,99996,0,0,0,0,121,96,0.002170086803472139,0,0,49925,49947,73,51,0,0,0,0,0,0,99779,0,0,0,0,0,0,0,0,0,0,217,0,0,0,0,0,0
210,5254,211.30412568151488,99996,0,0,0,0,121,96,0.002170086803472139,0,0,49927,49947,71,51,0,0,0,0,0,0,99779,0,0,0,0,0,0,0,0,0,0,217,0,0,0,0,0,0
211,5254,212.293707633233,99996,0,0,0,0,121,96,0.002170086803472139,0,0,49927,49947,71,51,0,0,0,0,0,0,99779,0,0,0,0,0,0,0,0,0,0,217,0,0,0,0,0,0
212,5254,213.28327634447925,99996,0,0,0,0,121,96,0.002170086803472139,0,0,49928,49947,70,51,0,0,0,0,0,0,99779,0,0,0,0,0,0,0,0,0,0,217,0,0,0,0,0,0
213,5254,214.27283181604923,99996,0,0,0,0,121,96,0.002170086803472139,0,0,49928,49948,70,50,0,0,0,0,0,0,99779,0,0,0,0,0,0,0,0,0,0,217,0,0,0,0,0,0
214,5254,215.2623806413814,99996,0,0,0,0,121,96,0.002170086803472139,0,0,49928,49948,70,50,0,0,0,0,0,0,99779,0,0,0,0,0,0,0,0,0,0,217,0,0,0,0,0,0
215,5254,216.25192945351375,99996,0,0,0,0,121,96,0.002170086803472139,0,0,49928,49948,70,50,0,0,0,0,0,0,99779,0,0,0,0,0,0,0,0,0,0,217,0,0,0,0,0,0
216,5254,217.2414782656461,99996,0,0,0,0,121,96,0.002170086803472139,0,0,49928,49948,70,50,0,0,0,0,0,0,99779,0,0,0,0,0,0,0,0,0,0,217,0,0,0,0,0,0
217,5254,218.23102707777844,99996,0,0,0,0,121,96,0.002170086803472139,0,0,49928,49948,70,50,0,0,0,0,0,0,99779,0,0,0,0,0,0,0,0,0,0,217,0,0,0,0,0,0
218,5254,219.22057588991078,99996,0,0,0,0,121,96,0.002170086803472139,0,0,49928,49948,70,50,0,0,0,0,0,0,99779,0,0,0,0,0,0,0,0,0,0,217,0,0,0,0,0,0
219,5254,220.21012470204312,99996,0,0,0,0,121,96,0.002170086803472139,0,0,49928,49948,70,50,0,0,0,0,0,0,99779,0,0,0,0,0,0,0,0,0,0,217,0,0,0,0,0,0
220,5254,221.19967351417546,99996,0,0,0,0,121,96,0.002170086803472139,0,0,49929,49948,69,50,0,0,0,0,0,0,99779,0,0,0,0,0,0,0,0,0,0,217,0,0,0,0,0,0
221,5254,222.1892090871624,99996,0,0,0,0,121,96,0.002170086803472139,0,0,49929,49948,69,50,0,0,0,0,0,0,99779,0,0,0,0,0,0,0,0,0,0,217,0,0,0,0,0,0
222,5254,223.17873804057663,99996,0,0,0,0,121,96,0.002170086803472139,0,0,49929,49948,69,50,0,0,0,0,0,0,99779,0,0,0,0,0,0,0,0,0,0,217,0,0,0,0,0,0
223,5254,224.1682669807913,99996,0,0,0,0,121,96,0.002170086803472139,0,0,49930,49949,68,49,0,0,0,0,0,0,99779,0,0,0,0,0,0,0,0,0,0,217,0,0,0,0,0,0
224,5254,225.15777603668496,99996,0,0,0,0,121,96,0.002170086803472139,0,0,49931,49949,67,49,0,0,0,0,0,0,99779,0,0,0,0,0,0,0,0,0,0,217,0,0,0,0,0,0
225,5254,226.14726522225314,99996,0,0,0,0,121,96,0.002170086803472139,0,0,49931,49951,67,47,0,0,0,0,0,0,99779,0,0,0,0,0,0,0,0,0,0,217,0,0,0,0,0,0
226,5254,227.1367543550251,99996,0,0,0,0,121,96,0.002170086803472139,0,0,49931,49951,67,47,0,0,0,0,0,0,99779,0,0,0,0,0,0,0,0,0,0,217,0,0,0,0,0,0
227,5254,228.12624347459797,99996,0,0,0,0,121,96,0.002170086803472139,0,0,49931,49951,67,47,0,0,0,0,0,0,99779,0,0,0,0,0,0,0,0,0,0,217,0,0,0,0,0,0
228,5254,229.11573259417085,99996,0,0,0,0,121,96,0.002170086803472139,0,0,49931,49951,67,47,0,0,0,0,0,0,99779,0,0,0,0,0,0,0,0,0,0,217,0,0,0,0,0,0
229,5254,230.10522171374373,99996,0,0,0,0,121,96,0.002170086803472139,0,0,49931,49951,67,47,0,0,0,0,0,0,99779,0,0,0,0,0,0,0,0,0,0,217,0,0,0,0,0,0
230,5254,231.0947108333166,99996,0,0,0,0,121,96,0.002170086803472139,0,0,49931,49952,67,46,0,0,0,0,0,0,99779,0,0,0,0,0,0,0,0,0,0,217,0,0,0,0,0,0
231,5254,232.08419991329237,99996,0,0,0,0,121,96,0.002170086803472139,0,0,49931,49952,67,46,0,0,0,0,0,0,99779,0,0,0,0,0,0,0,0,0,0,217,0,0,0,0,0,0
232,5254,233.07368899326812,99996,0,0,0,0,121,96,0.002170086803472139,0,0,49931,49952,67,46,0,0,0,0,0,0,99779,0,0,0,0,0,0,0,0,0,0,217,0,0,0,0,0,0
233,5254,234.06317807324388,99996,0,0,0,0,121,96,0.002170086803472139,0,0,49931,49952,67,46,0,0,0,0,0,0,99779,0,0,0,0,0,0,0,0,0,0,217,0,0,0,0,0,0
234,5254,235.05266715321963,99996,0,0,0,0,121,96,0.002170086803472139,0,0,49932,49952,66,46,0,0,0,0,0,0,99779,0,0,0,0,0,0,0,0,0,0,217,0,0,0,0,0,0
235,5254,236.04213637686675,99996,0,0,0,0,121,96,0.002170086803472139,0,0,49932,49952,66,46,0,0,0,0,0,0,99779,0,0,0,0,0,0,0,0,0,0,217,0,0,0,0,0,0
236,5254,237.03160560051387,99996,0,0,0,0,121,96,0.002170086803472139,0,0,49932,49952,66,46,0,0,0,0,0,0,99779,0,0,0,0,0,0,0,0,0,0,217,0,0,0,0,0,0
237,5254,238.021074824161,99996,0,0,0,0,121,96,0.002170086803472139,0,0,49932,49952,66,46,0,0,0,0,0,0,99779,0,0,0,0,0,0,0,0,0,0,217,0,0,0,0,0,0
238,5254,239.0105440478081,99996,0,0,0,0,121,96,0.002170086803472139,0,0,49932,49952,66,46,0,0,0,0,0,0,99779,0,0,0,0,0,0,0,0,0,0,217,0,0,0,0,0,0
239,5254,240.00001327145523,99996,0,0,0,0,121,96,0.002170086803472139,0,0,49933,49953,65,45,0,0,0,0,0,0,99779,0,0,0,0,0,0,0,0,0,0,217,0,0,0,0,0,0
240,5254,241.3192724248321,99996,0,0,0,0,121,96,0.002170086803472139,0,0,49934,49953,64,45,0,0,0,0,0,0,99779,0,0,0,0,0,0,0,0,0,0,217,0,0,0,0,0,0
241,5254,242.30870189861292,99996,0,0,0,0,121,96,0.002170086803472139,0,0,49934,49954,64,44,0,0,0,0,0,0,99779,0,0,0,0,0,0,0,0,0,0,217,0,0,0,0,0,0
242,5254,243.29813134599726,99996,0,0,0,0,121,96,0.002170086803472139,0,0,49934,49954,64,44,0,0,0,0,0,0,99779,0,0,0,0,0,0,0,0,0,0,217,0,0,0,0,0,0
243,5254,244.28756078018336,99996,0,0,0,0,121,96,0.002170086803472139,0,0,49934,49954,64,44,0,0,0,0,0,0,99779,0,0,0,0,0,0,0,0,0,0,217,0,0,0,0,0,0
244,5254,245.27699021436945,99996,0,0,0,0,121,96,0.002170086803472139,0,0,49935,49954,63,44,0,0,0,0,0,0,99779,0,0,0,0,0,0,0,0,0,0,217,0,0,0,0,0,0
245,5254,246.26639979461424,99996,0,0,0,0,121,96,0.002170086803472139,0,0,49935,49954,63,44,0,0,0,0,0,0,99779,0,0,0,0,0,0,0,0,0,0,217,0,0,0,0,0,0
246,5254,247.25580937485904,99996,0,0,0,0,121,96,0.002170086803472139,0,0,49935,49954,63,44,0,0,0,0,0,0,99779,0,0,0,0,0,0,0,0,0,0,217,0,0,0,0,0,0
247,5254,248.24521895510384,99996,0,0,0,0,121,96,0.002170086803472139,0,0,49935,49954,63,44,0,0,0,0,0,0,99779,0,0,0,0,0,0,0,0,0,0,217,0,0,0,0,0,0
248,5254,249.23462853534863,99996,0,0,0,0,121,96,0.002170086803472139,0,0,49935,49954,63,44,0,0,0,0,0,0,99779,0,0,0,0,0,0,0,0,0,0,217,0,0,0,0,0,0
249,5254,250.22403811559343,99996,0,0,0,0,121,96,0.002170086803472139,0,0,49935,49954,63,44,0,0,0,0,0,0,99779,0,0,0,0,0,0,0,0,0,0,217,0,0,0,0,0,0
250,5254,251.21344769583823,99996,0,0,0,0,121,96,0.002170086803472139,0,0,49936,49954,62,44,0,0,0,0,0,0,99779,0,0,0,0,0,0,0,0,0,0,217,0,0,0,0,0,0
251,5254,252.2028374229369,99996,0,0,0,0,121,96,0.002170086803472139,0,0,49936,49954,62,44,0,0,0,0,0,0,99779,0,0,0,0,0,0,0,0,0,0,217,0,0,0,0,0,0
252,5254,253.1922271500356,99996,0,0,0,0,121,96,0.002170086803472139,0,0,49936,49954,62,44,0,0,0,0,0,0,99779,0,0,0,0,0,0,0,0,0,0,217,0,0,0,0,0,0
253,5254,254.18161687713427,99996,0,0,0,0,121,96,0.002170086803472139,0,0,49936,49954,62,44,0,0,0,0,0,0,99779,0,0,0,0,0,0,0,0,0,0,217,0,0,0,0,0,0
254,5254,255.17100660423296,99996,0,0,0,0,121,96,0.002170086803472139,0,0,49936,49954,62,44,0,0,0,0,0,0,99779,0,0,0,0,0,0,0,0,0,0,217,0,0,0,0,0,0
255,5254,256.16039633133164,99996,0,0,0,0,121,96,0.002170086803472139,0,0,49937,49954,61,44,0,0,0,0,0,0,99779,0,0,0,0,0,0,0,0,0,0,217,0,0,0,0,0,0
256,5254,257.1497662060792,99996,0,0,0,0,121,96,0.002170086803472139,0,0,49937,49954,61,44,0,0,0,0,0,0,99779,0,0,0,0,0,0,0,0,0,0,217,0,0,0,0,0,0
257,5254,258.1391360808268,99996,0,0,0,0,121,96,0.002170086803472139,0,0,49937,49954,61,44,0,0,0,0,0,0,99779,0,0,0,0,0,0,0,0,0,0,217,0,0,0,0,0,0
258,5254,259.1285059555744,99996,0,0,0,0,121,96,0.002170086803472139,0,0,49937,49954,61,44,0,0,0,0,0,0,99779,0,0,0,0,0,0,0,0,0,0,217,0,0,0,0,0,0
259,5254,260.11787583032196,99996,0,0,0,0,121,96,0.002170086803472139,0,0,49937,49954,61,44,0,0,0,0,0,0,99779,0,0,0,0,0,0,0,0,0,0,217,0,0,0,0,0,0
260,5254,261.10724570506954,99996,0,0,0,0,121,96,0.002170086803472139,0,0,49937,49954,61,44,0,0,0,0,0,0,99779,0,0,0,0,0,0,0,0,0,0,217,0,0,0,0,0,0
261,5254,262.0966155666197,99996,0,0,0,0,121,96,0.002170086803472139,0,0,49937,49955,61,43,0,0,0,0,0,0,99779,0,0,0,0,0,0,0,0,0,0,217,0,0,0,0,0,0
262,5254,263.08598538857746,99996,0,0,0,0,121,96,0.002170086803472139,0,0,49937,49956,61,42,0,0,0,0,0,0,99779,0,0,0,0,0,0,0,0,0,0,217,0,0,0,0,0,0
263,5254,264.07535518414034,99996,0,0,0,0,121,96,0.002170086803472139,0,0,49937,49956,61,42,0,0,0,0,0,0,99779,0,0,0,0,0,0,0,0,0,0,217,0,0,0,0,0,0
264,5254,265.0647249797032,99996,0,0,0,0,121,96,0.002170086803472139,0,0,49937,49956,61,42,0,0,0,0,0,0,99779,0,0,0,0,0,0,0,0,0,0,217,0,0,0,0,0,0
265,5254,266.0540947752661,99996,0,0,0,0,121,96,0.002170086803472139,0,0,49937,49956,61,42,0,0,0,0,0,0,99779,0,0,0,0,0,0,0,0,0,0,217,0,0,0,0,0,0
266,5254,267.043464570829,99996,0,0,0,0,121,96,0.002170086803472139,0,0,49937,49956,61,42,0,0,0,0,0,0,99779,0,0,0,0,0,0,0,0,0,0,217,0,0,0,0,0,0
267,5254,268.03283436639185,99996,0,0,0,0,121,96,0.002170086803472139,0,0,49937,49956,61,42,0,0,0,0,0,0,99779,0,0,0,0,0,0,0,0,0,0,217,0,0,0,0,0,0
268,5254,269.02220416195473,99996,0,0,0,0,121,96,0.002170086803472139,0,0,49938,49956,60,42,0,0,0,0,0,0,99779,0,0,0,0,0,0,0,0,0,0,217,0,0,0,0,0,0
269,5254,270.011560723148,99996,0,0,0,0,121,96,0.002170086803472139,0,0,49938,49956,60,42,0,0,0,0,0,0,99779,0,0,0,0,0,0,0,0,0,0,217,0,0,0,0,0,0
270,5254,271.0009106671565,99996,0,0,0,0,121,96,0.002170086803472139,0,0,49939,49956,59,42,0,0,0,0,0,0,99779,0,0,0,0,0,0,0,0,0,0,217,0,0,0,0,0,0
271,5254,272.3200174581556,99996,0,0,0,0,121,96,0.002170086803472139,0,0,49939,49956,59,42,0,0,0,0,0,0,99779,0,0,0,0,0,0,0,0,0,0,217,0,0,0,0,0,0
272,5254,273.30934755140487,99996,0,0,0,0,121,96,0.002170086803472139,0,0,49939,49956,59,42,0,0,0,0,0,0,99779,0,0,0,0,0,0,0,0,0,0,217,0,0,0,0,0,0
273,5254,274.29867764465416,99996,0,0,0,0,121,96,0.002170086803472139,0,0,49939,49956,59,42,0,0,0,0,0,0,99779,0,0,0,0,0,0,0,0,0,0,217,0,0,0,0,0,0
274,5254,275.28800773790346,99996,0,0,0,0,121,96,0.002170086803472139,0,0,49939,49956,59,42,0,0,0,0,0,0,99779,0,0,0,0,0,0,0,0,0,0,217,0,0,0,0,0,0
275,5254,276.27733783115275,99996,0,0,0,0,121,96,0.002170086803472139,0,0,49940,49956,58,42,0,0,0,0,0,0,99779,0,0,0,0,0,0,0,0,0,0,217,0,0,0,0,0,0
276,5254,277.26665469109247,99996,0,0,0,0,121,96,0.002170086803472139,0,0,49940,49956,58,42,0,0,0,0,0,0,99779,0,0,0,0,0,0,0,0,0,0,217,0,0,0,0,0,0
277,5254,278.2559649343774,99996,0,0,0,0,121,96,0.002170086803472139,0,0,49940,49956,58,42,0,0,0,0,0,0,99779,0,0,0,0,0,0,0,0,0,0,217,0,0,0,0,0,0
278,5254,279.24527517766234,99996,0,0,0,0,121,96,0.002170086803472139,0,0,49940,49956,58,42,0,0,0,0,0,0,99779,0,0,0,0,0,0,0,0,0,0,217,0,0,0,0,0,0
279,5254,280.2345788045575,99996,0,0,0,0,121,96,0.002170086803472139,0,0,49941,49956,57,42,0,0,0,0,0,0,99779,0,0,0,0,0,0,0,0,0,0,217,0,0,0,0,0,0
280,5254,281.22386919867307,99996,0,0,0,0,121,96,0.002170086803472139,0,0,49942,49956,56,42,0,0,0,0,0,0,99779,0,0,0,0,0,0,0,0,0,0,217,0,0,0,0,0,0
281,5254,282.213146360539,99996,0,0,0,0,121,96,0.002170086803472139,0,0,49942,49956,56,42,0,0,0,0,0,0,99779,0,0,0,0,0,0,0,0,0,0,217,0,0,0,0,0,0
282,5254,283.20241690628006,99996,0,0,0,0,121,96,0.002170086803472139,0,0,49942,49956,56,42,0,0,0,0,0,0,99779,0,0,0,0,0,0,0,0,0,0,217,0,0,0,0,0,0
283,5254,284.19168745202114,99996,0,0,0,0,121,96,0.002170086803472139,0,0,49942,49957,56,41,0,0,0,0,0,0,99779,0,0,0,0,0,0,0,0,0,0,217,0,0,0,0,0,0
284,5254,285.1809579581738,99996,0,0,0,0,121,96,0.002170086803472139,0,0,49942,49957,56,41,0,0,0,0,0,0,99779,0,0,0,0,0,0,0,0,0,0,217,0,0,0,0,0,0
285,5254,286.17022846432644,99996,0,0,0,0,121,96,0.002170086803472139,0,0,49942,49957,56,41,0,0,0,0,0,0,99779,0,0,0,0,0,0,0,0,0,0,217,0,0,0,0,0,0
286,5254,287.1594989704791,99996,0,0,0,0,121,96,0.002170086803472139,0,0,49942,49957,56,41,0,0,0,0,0,0,99779,0,0,0,0,0,0,0,0,0,0,217,0,0,0,0,0,0
287,5254,288.14876947663174,99996,0,0,0,0,121,96,0.002170086803472139,0,0,49942,49957,56,41,0,0,0,0,0,0,99779,0,0,0,0,0,0,0,0,0,0,217,0,0,0,0,0,0
288,5254,289.1380399827844,99996,0,0,0,0,121,96,0.002170086803472139,0,0,49942,49957,56,41,0,0,0,0,0,0,99779,0,0,0,0,0,0,0,0,0,0,217,0,0,0,0,0,0
289,5254,290.12731048893704,99996,0,0,0,0,121,96,0.002170086803472139,0,0,49942,49957,56,41,0,0,0,0,0,0,99779,0,0,0,0,0,0,0,0,0,0,217,0,0,0,0,0,0
290,5254,291.1165743660342,99996,0,0,0,0,121,96,0.002170086803472139,0,0,49943,49958,55,40,0,0,0,0,0,0,99779,0,0,0,0,0,0,0,0,0,0,217,0,0,0,0,0,0
291,5254,292.10582498502026,99996,0,0,0,0,121,96,0.002170086803472139,0,0,49943,49958,55,40,0,0,0,0,0,0,99779,0,0,0,0,0,0,0,0,0,0,217,0,0,0,0,0,0
292,5254,293.09507560400635,99996,0,0,0,0,121,96,0.002170086803472139,0,0,49943,49958,55,40,0,0,0,0,0,0,99779,0,0,0,0,0,0,0,0,0,0,217,0,0,0,0,0,0
293,5254,294.08432622299244,99996,0,0,0,0,121,96,0.002170086803472139,0,0,49943,49958,55,40,0,0,0,0,0,0,99779,0,0,0,0,0,0,0,0,0,0,217,0,0,0,0,0,0
294,5254,295.07357684197854,99996,0,0,0,0,121,96,0.002170086803472139,0,0,49943,49958,55,40,0,0,0,0,0,0,99779,0,0,0,0,0,0,0,0,0,0,217,0,0,0,0,0,0
295,5254,296.0628274609646,99996,0,0,0,0,121,96,0.002170086803472139,0,0,49943,49958,55,40,0,0,0,0,0,0,99779,0,0,0,0,0,0,0,0,0,0,217,0,0,0,0,0,0
296,5254,297.0520780799507,99996,0,0,0,0,121,96,0.002170086803472139,0,0,49943,49958,55,40,0,0,0,0,0,0,99779,0,0,0,0,0,0,0,0,0,0,217,0,0,0,0,0,0
297,5254,298.0413220701468,99996,0,0,0,0,121,96,0.002170086803472139,0,0,49944,49959,54,39,0,0,0,0,0,0,99779,0,0,0,0,0,0,0,0,0,0,217,0,0,0,0,0,0
298,5254,299.0305528027629,99996,0,0,0,0,121,96,0.002170086803472139,0,0,49944,49959,54,39,0,0,0,0,0,0,99779,0,0,0,0,0,0,0,0,0,0,217,0,0,0,0,0,0
299,5254,300.01978353537896,99996,0,0,0,0,121,96,0.002170086803472139,0,0,49944,49959,54,39,0,0,0,0,0,0,99779,0,0,0,0,0,0,0,0,0,0,217,0,0,0,0,0,0
300,5254,301.00901426799504,99996,0,0,0,0,121,96,0.002170086803472139,0,0,49944,49959,54,39,0,0,0,0,0,0,99779,0,0,0,0,0,0,0,0,0,0,217,0,0,0,0,0,0
301,5254,302.3279885781498,99996,0,0,0,0,121,96,0.002170086803472139,0,0,49944,49959,54,39,0,0,0,0,0,0,99779,0,0,0,0,0,0,0,0,0,0,217,0,0,0,0,0,0
302,5254,303.31721269543664,99996,0,0,0,0,121,96,0.002170086803472139,0,0,49945,49959,53,39,0,0,0,0,0,0,99779,0,0,0,0,0,0,0,0,0,0,217,0,0,0,0,0,0
303,5254,304.30642358206495,99996,0,0,0,0,121,96,0.002170086803472139,0,0,49945,49959,53,39,0,0,0,0,0,0,99779,0,0,0,0,0,0,0,0,0,0,217,0,0,0,0,0,0
304,5254,305.29563446869327,99996,0,0,0,0,121,96,0.002170086803472139,0,0,49945,49959,53,39,0,0,0,0,0,0,99779,0,0,0,0,0,0,0,0,0,0,217,0,0,0,0,0,0
305,5254,306.2848453553216,99996,0,0,0,0,121,96,0.002170086803472139,0,0,49945,49959,53,39,0,0,0,0,0,0,99779,0,0,0,0,0,0,0,0,0,0,217,0,0,0,0,0,0
306,5254,307.2740562419499,99996,0,0,0,0,121,96,0.002170086803472139,0,0,49945,49959,53,39,0,0,0,0,0,0,99779,0,0,0,0,0,0,0,0,0,0,217,0,0,0,0,0,0
307,5254,308.2632671285782,99996,0,0,0,0,121,96,0.002170086803472139,0,0,49945,49959,53,39,0,0,0,0,0,0,99779,0,0,0,0,0,0,0,0,0,0,217,0,0,0,0,0,0
308,5254,309.2524780152065,99996,0,0,0,0,121,96,0.002170086803472139,0,0,49945,49959,53,39,0,0,0,0,0,0,99779,0,0,0,0,0,0,0,0,0,0,217,0,0,0,0,0,0
309,5254,310.24168890183483,99996,0,0,0,0,121,96,0.002170086803472139,0,0,49945,49959,53,39,0,0,0,0,0,0,99779,0,0,0,0,0,0,0,0,0,0,217,0,0,0,0,0,0
310,5254,311.23089978846315,99996,0,0,0,0,121,96,0.002170086803472139,0,0,49945,49959,53,39,0,0,0,0,0,0,99779,0,0,0,0,0,0,0,0,0,0,217,0,0,0,0,0,0
311,5254,312.22011067509146,99996,0,0,0,0,121,96,0.002170086803472139,0,0,49945,49959,53,39,0,0,0,0,0,0,99779,0,0,0,0,0,0,0,0,0,0,217,0,0,0,0,0,0
312,5254,313.2093215617198,99996,0,0,0,0,121,96,0.002170086803472139,0,0,49945,49959,53,39,0,0,0,0,0,0,99779,0,0,0,0,0,0,0,0,0,0,217,0,0,0,0,0,0
313,5254,314.1985324483481,99996,0,0,0,0,121,96,0.002170086803472139,0,0,49945,49959,53,39,0,0,0,0,0,0,99779,0,0,0,0,0,0,0,0,0,0,217,0,0,0,0,0,0
314,5254,315.1877433349764,99996,0,0,0,0,121,96,0.002170086803472139,0,0,49945,49959,53,39,0,0,0,0,0,0,99779,0,0,0,0,0,0,0,0,0,0,217,0,0,0,0,0,0
315,5254,316.17695420840937,99996,0,0,0,0,121,96,0.002170086803472139,0,0,49945,49960,53,38,0,0,0,0,0,0,99779,0,0,0,0,0,0,0,0,0,0,217,0,0,0,0,0,0
316,5254,317.16616505545164,99996,0,0,0,0,121,96,0.002170086803472139,0,0,49945,49960,53,38,0,0,0,0,0,0,99779,0,0,0,0,0,0,0,0,0,0,217,0,0,0,0,0,0
317,5254,318.1553759024939,99996,0,0,0,0,121,96,0.002170086803472139,0,0,49945,49960,53,38,0,0,0,0,0,0,99779,0,0,0,0,0,0,0,0,0,0,217,0,0,0,0,0,0
318,5254,319.14458673634084,99996,0,0,0,0,121,96,0.002170086803472139,0,0,49945,49961,53,37,0,0,0,0,0,0,99779,0,0,0,0,0,0,0,0,0,0,217,0,0,0,0,0,0
319,5254,320.1337975437971,99996,0,0,0,0,121,96,0.002170086803472139,0,0,49944,49960,53,37,1,1,1,1,0,0,99777,0,0,0,0,0,0,0,0,0,2,217,0,0,0,0,0,0
320,5254,321.12302160830194,99996,0,0,0,0,121,96,0.002170086803472139,0,0,49944,49959,52,37,2,2,2,2,0,0,99775,0,0,0,0,0,0,0,0,0,4,217,0,0,0,0,0,0
321,5254,322.21254719720986,99996,0,0,0,0,121,96,0.002170086803472139,0,0,49943,49958,52,37,3,3,3,3,0,0,99773,0,0,0,0,0,0,0,0,0,6,217,0,0,0,0,0,0
322,5254,323.0497462907434,99996,0,0,0,0,121,96,0.002170086803472139,0,0,49942,49958,52,36,4,4,4,4,0,0,99771,0,0,0,0,0,0,0,0,0,8,217,0,0,0,0,0,0
323,5254,324.0312837054475,99996,0,0,0,0,121,96,0.002170086803472139,0,0,49941,49957,52,36,5,5,5,5,0,0,99769,0,0,0,0,0,0,0,0,0,10,217,0,0,0,0,0,0
324,5254,325.11791028560924,99996,0,0,0,0,121,96,0.002170086803472139,0,0,49940,49956,52,36,6,6,6,6,0,0,99767,0,0,0,0,0,0,0,0,0,12,217,0,0,0,0,0,0
325,5254,326.17872420956644,99996,0,0,0,0,121,96,0.002170086803472139,0,0,49940,49955,51,36,7,7,7,7,0,0,99765,0,0,0,0,0,0,0,0,0,14,217,0,0,0,0,0,0
326,5254,327.1865803791382,99996,0,0,0,0,121,96,0.002170086803472139,0,0,49939,49954,51,36,8,8,8,8,0,0,99763,0,0,0,0,0,0,0,0,0,16,217,0,0,0,0,0,0
327,5254,328.04247913149186,99996,0,0,0,0,121,96,0.002170086803472139,0,0,49938,49953,51,36,9,9,9,9,0,0,99761,0,0,0,0,0,0,0,0,0,18,217,0,0,0,0,0,0
328,5254,329.0942179006262,99996,0,0,0,0,121,96,0.002170086803472139,0,0,49937,49952,51,36,10,10,10,10,0,0,99759,0,0,0,0,0,0,0,0,0,20,217,0,0,0,0,0,0
329,5254,330.04468257467886,99996,0,0,0,0,121,96,0.002170086803472139,0,0,49936,49951,51,36,11,11,11,11,0,0,99757,0,0,0,0,0,0,0,0,0,22,217,0,0,0,0,0,0
330,5254,331.0046971339442,99996,0,0,0,0,121,96,0.002170086803472139,0,0,49935,49950,51,36,12,12,12,12,0,0,99755,0,0,0,0,0,0,0,0,0,24,217,0,0,0,0,0,0
331,5254,332.03642942616017,99996,0,0,0,0,121,96,0.002170086803472139,0,0,49934,49949,51,36,13,13,13,13,0,0,99753,0,0,0,0,0,0,0,0,0,26,217,0,0,0,0,0,0
332,5254,333.06698125244725,99996,0,0,0,0,121,96,0.002170086803472139,0,0,49934,49949,51,36,13,13,14,14,0,0,99751,0,0,0,0,0,0,0,0,0,28,217,0,0,0,0,0,0
333,5254,334.00998066842095,99996,0,0,0,0,121,96,0.002170086803472139,0,0,49934,49948,50,36,14,14,15,15,0,0,99749,0,0,0,0,0,0,0,0,0,30,217,0,0,0,0,0,0
334,5254,335.00207279820677,99996,0,0,0,0,121,96,0.002170086803472139,0,0,49934,49948,50,36,14,14,16,16,0,0,99747,0,0,0,0,0,0,0,0,0,32,217,0,0,0,0,0,0
335,5254,336.0233538233039,99996,0,0,0,0,121,96,0.002170086803472139,0,0,49934,49947,49,36,15,15,17,17,0,0,99745,0,0,0,0,0,0,0,0,0,34,217,0,0,0,0,0,0
336,5254,337.003645975044,99996,0,0,0,0,121,96,0.002170086803472139,0,0,49934,49947,49,36,15,15,18,18,0,0,99743,0,0,0,0,0,0,0,0,0,36,217,0,0,0,0,0,0
337,5254,338.0424334366579,99996,0,0,0,0,121,96,0.002170086803472139,0,0,49934,49946,48,36,16,16,19,19,0,0,99741,0,0,0,0,0,0,0,0,0,38,217,0,0,0,0,0,0
338,5254,339.03980305474914,99996,0,0,0,0,121,96,0.002170086803472139,0,0,49933,49945,48,36,17,17,20,20,0,0,99739,0,0,0,0,0,0,0,0,0,40,217,0,0,0,0,0,0
339,5254,340.11160677880326,99996,0,0,0,0,121,96,0.002170086803472139,0,0,49933,49945,48,36,17,17,21,21,0,0,99737,0,0,0,0,0,0,0,0,0,42,217,0,0,0,0,0,0
340,5254,341.01695950112514,99996,0,0,0,0,121,96,0.002170086803472139,0,0,49932,49944,48,36,18,18,22,22,0,0,99735,0,0,0,0,0,0,0,0,0,44,217,0,0,0,0,0,0
341,5254,342.07615660648764,99996,0,0,0,0,121,96,0.002170086803472139,0,0,49931,49944,48,35,19,19,23,23,0,0,99733,0,0,0,0,0,0,0,0,0,46,217,0,0,0,0,0,0
342,5254,343.2128215402508,99996,0,0,0,0,121,96,0.002170086803472139,0,0,49931,49943,47,35,20,20,24,24,0,0,99731,0,0,0,0,0,0,0,0,0,48,217,0,0,0,0,0,0
343,5254,344.0318900739577,99996,0,0,0,0,121,96,0.002170086803472139,0,0,49930,49942,47,35,21,21,25,25,0,0,99729,0,0,0,0,0,0,0,0,0,50,217,0,0,0,0,0,0
344,5254,345.11074109671097,99996,0,0,0,0,121,96,0.002170086803472139,0,0,49929,49941,46,35,23,22,26,27,0,0,99726,0,0,0,0,0,0,0,0,0,53,217,0,0,0,0,0,0
345,5254,346.1002570757635,99996,0,0,0,0,121,96,0.002170086803472139,0,0,49927,49939,46,35,25,24,28,29,0,0,99722,0,0,0,0,0,0,0,0,0,57,217,0,0,0,0,0,0
346,5254,347.08981283799784,99996,0,0,0,0,121,96,0.002170086803472139,0,0,49926,49937,45,35,27,26,30,31,0,0,99718,0,0,0,0,0,0,0,0,0,61,217,0,0,0,0,0,0
347,5254,348.0793885392187,99996,0,0,0,0,121,96,0.002170086803472139,0,0,49924,49935,45,35,29,28,32,33,0,0,99714,0,0,0,0,0,0,0,0,0,65,217,0,0,0,0,0,0
348,5254,349.06900404160467,99996,0,0,0,0,121,96,0.002170086803472139,0,0,49922,49933,45,35,31,30,34,35,0,0,99710,0,0,0,0,0,0,0,0,0,69,217,0,0,0,0,0,0
349,5254,350.0586527271769,99996,0,0,0,0,121,96,0.002170086803472139,0,0,49920,49930,45,35,33,33,37,38,0,0,99704,0,0,0,0,0,0,0,0,0,75,217,0,0,0,0,0,0
350,5254,351.0483346249973,99996,0,0,0,0,121,96,0.002170086803472139,0,0,49918,49927,45,35,35,36,40,41,0,0,99698,0,0,0,0,0,0,0,0,0,81,217,0,0,0,0,0,0
351,5254,352.03806299432705,99996,0,0,0,0,121,96,0.002170086803472139,0,0,49915,49926,45,33,38,39,43,44,0,0,99692,0,0,0,0,0,0,0,0,0,87,217,0,0,0,0,0,0
352,5254,353.0278510189301,99996,0,0,0,0,121,96,0.002170086803472139,0,0,49911,49923,45,33,42,42,47,48,0,0,99684,0,0,0,0,0,0,0,0,0,95,217,0,0,0,0,0,0
353,5254,354.0177120069727,99996,0,0,0,0,121,96,0.002170086803472139,0,0,49907,49919,45,33,46,46,51,52,0,0,99676,0,0,0,0,0,0,0,0,0,103,217,0,0,0,0,0,0
354,5254,355.00765263305755,99996,0,0,0,0,121,96,0.002170086803472139,0,0,49902,49914,45,33,51,51,56,57,0,0,99666,0,0,0,0,0,0,0,0,0,113,217,0,0,0,0,0,0
355,5254,356.32769520465354,99996,0,0,0,0,121,96,0.002170086803472139,0,0,49898,49909,45,33,55,56,61,62,0,0,99656,0,0,0,0,0,0,0,0,0,123,217,0,0,0,0,0,0
356,5254,357.3178084926649,99996,0,0,0,0,121,96,0.002170086803472139,0,0,49894,49904,45,33,59,61,67,67,0,0,99645,0,0,0,0,0,0,0,0,0,134,217,0,0,0,0,0,0
357,5254,358.3079882550423,99996,0,0,0,0,121,96,0.002170086803472139,0,0,49890,49899,44,33,64,66,73,73,0,0,99633,0,0,0,0,0,0,0,0,0,146,217,0,0,0,0,0,0
358,5254,359.29825437692375,99996,0,0,0,0,121,96,0.002170086803472139,0,0,49883,49893,44,33,71,72,80,80,0,0,99619,0,0,0,0,0,0,0,0,0,160,217,0,0,0,0,0,0
359,5254,360.2886533409622,99996,0,0,0,0,121,96,0.002170086803472139,0,0,49876,49885,44,33,78,80,88,87,0,0,99605,0,0,0,0,0,0,0,0,0,174,216,1,0,0,0,0,0
360,5254,361.2791918672365,99996,0,0,0,0,121,96,0.002170086803472139,0,0,49869,49876,43,33,86,89,97,95,0,0,99588,0,0,0,0,0,0,0,0,0,191,216,1,0,0,0,0,0
361,5254,362.26987004778294,99996,0,0,0,0,121,96,0.002170086803472139,0,0,49861,49866,42,33,95,99,107,104,0,0,99569,0,0,0,0,0,0,0,0,0,210,216,1,0,0,0,0,0
362,5254,363.2606946009894,99996,0,0,0,0,121,96,0.002170086803472139,0,0,49853,49856,42,33,103,109,118,113,0,0,99549,0,0,0,0,0,0,0,0,0,230,216,1,0,0,0,0,0
363,5254,364.25168548201657,99996,0,0,0,0,121,96,0.002170086803472139,0,0,49843,49844,42,33,113,121,130,123,0,0,99527,0,0,0,0,0,0,0,0,0,252,216,1,0,0,0,0,0
364,5254,365.24286275443893,99996,0,0,0,0,121,96,0.002170086803472139,0,0,49832,49832,42,33,124,133,143,134,0,0,99503,0,0,0,0,0,0,0,0,0,276,216,1,0,0,0,0,0
365,5254,366.23425307639815,99996,0,0,0,0,121,96,0.002170086803472139,0,0,49820,49818,42,33,136,147,157,146,0,0,99477,0,0,0,0,0,0,0,0,0,302,216,1,0,0,0,0,0
366,5254,367.2258765340154,99996,0,0,0,0,121,96,0.002170086803472139,0,0,49808,49804,42,33,148,161,172,159,0,0,99449,0,0,0,0,0,0,0,0,0,330,216,1,0,0,0,0,0
367,5254,368.217733249906,99996,0,0,0,0,121,96,0.002170086803472139,0,0,49794,49788,42,33,162,177,189,173,0,0,99418,0,0,0,0,0,0,0,0,0,361,216,1,0,0,0,0,0
368,5254,369.20986333639297,99996,0,0,0,0,121,96,0.002170086803472139,0,0,49779,49770,42,33,177,195,207,188,0,0,99385,0,0,0,0,0,0,0,0,0,394,216,1,0,0,0,0,0
369,5254,370.2022869573622,99996,0,0,0,0,121,96,0.002170086803472139,0,0,49764,49753,42,32,192,213,227,205,0,0,99348,0,0,0,0,0,0,0,0,0,431,216,1,0,0,0,0,0
370,5254,371.19501095855406,99996,0,0,0,0,121,96,0.002170086803472139,0,0,49746,49731,42,32,210,235,249,223,0,0,99308,0,0,0,0,0,0,0,0,0,471,216,1,0,0,0,0,0
371,5254,372.18807570060585,99996,0,0,0,0,121,96,0.002170086803472139,0,0,49727,49708,42,32,229,258,273,242,0,0,99265,0,0,0,0,0,0,0,0,0,514,216,1,0,0,0,0,0
372,5254,373.18151482125666,99996,0,0,0,0,121,96,0.002170086803472139,0,0,49706,49683,42,32,250,283,299,263,0,0,99218,0,0,0,0,0,0,0,0,0,561,216,1,0,0,0,0,0
373,5254,374.1753620564548,99996,0,0,0,0,121,96,0.002170086803472139,0,0,49684,49655,42,32,272,311,327,285,0,0,99168,0,0,0,0,0,0,0,0,0,611,216,1,0,0,0,0,0
374,5254,375.1696445609504,99996,0,0,0,0,121,96,0.002170086803472139,0,0,49661,49626,42,32,295,340,357,309,0,0,99114,0,0,0,0,0,0,0,0,0,665,216,1,0,0,0,0,0
375,5254,376.16438286116954,99996,0,0,0,0,121,96,0.002170086803472139,0,0,49636,49593,41,32,321,373,390,335,0,0,99056,0,0,0,0,0,0,0,0,0,723,215,2,0,0,0,0,0
376,5254,377.1596042768027,99996,0,0,0,0,121,96,0.002170086803472139,0,0,49610,49560,41,32,347,406,425,362,0,0,98994,0,0,0,0,0,0,0,0,0,785,215,2,0,0,0,0,0
377,5254,378.15534281824125,99996,0,0,0,0,121,96,0.002170086803472139,0,0,49581,49524,41,32,376,442,463,391,0,0,98927,0,0,0,0,0,0,0,0,0,852,215,2,0,0,0,0,0
378,5254,379.15162596847074,99996,0,0,0,0,121,96,0.002170086803472139,0,0,49554,49484,41,32,403,482,504,422,0,0,98855,0,0,0,0,0,0,0,0,0,924,215,2,0,0,0,0,0
379,5254,380.14846120039675,99996,0,0,0,0,121,96,0.002170086803472139,0,0,49522,49440,41,32,435,526,548,455,0,0,98778,0,0,0,0,0,0,0,0,0,1001,215,2,0,0,0,0,0
380,5254,381.1459299796013,99996,0,0,0,0,121,96,0.002170086803472139,0,0,49489,49395,41,32,468,571,595,490,0,0,98697,0,0,0,0,0,0,0,0,0,1082,214,3,0,0,0,0,0
381,5254,382.14406008047416,99996,0,0,0,0,121,96,0.002170086803472139,0,0,49454,49348,40,31,504,619,646,527,0,0,98610,0,0,0,0,0,0,0,0,0,1169,213,4,0,0,0,0,0
382,5254,383.1428862049546,99996,0,0,0,0,121,96,0.002170086803472139,0,0,49414,49297,40,31,544,670,700,567,0,0,98516,0,0,0,0,0,0,0,0,0,1263,213,4,0,0,0,0,0
383,5254,384.1425039950047,99996,0,0,0,0,121,96,0.002170086803472139,0,0,49375,49240,40,31,583,727,758,609,0,0,98416,0,0,0,0,0,0,0,0,0,1363,213,4,0,0,0,0,0
384,5254,385.1429013558818,99996,0,0,0,0,121,96,0.002170086803472139,0,0,49332,49184,40,29,626,785,820,654,0,0,98310,0,0,0,0,0,0,0,0,0,1469,212,5,0,0,0,0,0
385,5254,386.1441473357444,99996,0,0,0,0,121,96,0.002170086803472139,0,0,49290,49123,40,29,668,846,886,701,0,0,98197,0,0,0,0,0,0,0,0,0,1582,212,5,0,0,0,0,0
386,5254,387.14627068185064,99996,0,0,0,0,121,96,0.002170086803472139,0,0,49241,49057,40,29,717,912,957,751,0,0,98076,0,0,0,0,0,0,0,0,0,1703,212,5,0,0,0,0,0
387,5254,388.14934114856163,99996,0,0,0,0,121,96,0.002170086803472139,0,0,49192,48986,39,29,767,983,1032,804,0,0,97948,0,0,0,0,0,0,0,0,0,1831,212,5,0,0,0,0,0
388,5254,389.15340155623835,99996,0,0,0,0,121,96,0.002170086803472139,0,0,49138,48909,39,29,821,1060,1112,860,0,0,97812,0,0,0,0,0,0,0,0,0,1967,212,5,0,0,0,0,0
389,5254,390.15854291319744,99996,0,0,0,0,121,96,0.002170086803472139,0,0,49082,48828,39,28,877,1142,1197,919,0,0,97669,0,0,0,0,0,0,0,0,0,2110,211,6,0,0,0,0,0
390,5254,391.1648224379637,99996,0,0,0,0,121,96,0.002170086803472139,0,0,49022,48738,39,28,937,1232,1287,981,0,0,97517,0,0,0,0,0,0,0,0,0,2262,211,6,0,0,0,0,0
391,5254,392.1723184548374,99996,0,0,0,0,121,96,0.002170086803472139,0,0,48962,48648,39,28,997,1322,1382,1046,0,0,97358,0,0,0,0,0,0,0,0,0,2421,210,7,0,0,0,0,0
392,5254,393.1810340200248,99996,0,0,0,0,121,96,0.002170086803472139,0,0,48895,48548,39,28,1064,1422,1483,1115,0,0,97189,0,0,0,0,0,0,0,0,0,2590,209,8,0,0,0,0,0
393,5254,394.1911172217698,99996,0,0,0,0,121,96,0.002170086803472139,0,0,48828,48443,38,27,1132,1528,1590,1187,0,0,97013,0,0,0,0,0,0,0,0,0,2766,206,11,0,0,0,0,0
394,5254,395.2025788374529,99996,0,0,0,0,121,96,0.002170086803472139,0,0,48757,48337,38,26,1203,1635,1703,1263,0,0,96825,0,0,0,0,0,0,0,0,0,2954,205,12,0,0,0,0,0
395,5254,396.2154782462312,99996,0,0,0,0,121,96,0.002170086803472139,0,0,48681,48224,38,25,1279,1749,1822,1342,0,0,96627,0,0,0,0,0,0,0,0,0,3152,205,12,0,0,0,0,0
396,5254,397.2299448768246,99996,0,0,0,0,121,96,0.002170086803472139,0,0,48600,48108,38,25,1360,1865,1948,1425,0,0,96418,0,0,0,0,0,0,0,0,0,3361,205,12,0,0,0,0,0
397,5254,398.2460745031788,99996,0,0,0,0,121,96,0.002170086803472139,0,0,48521,47983,38,25,1439,1990,2080,1512,0,0,96199,0,0,0,0,0,0,0,0,0,3580,205,12,0,0,0,0,0
398,5254,399.2638588099813,99996,0,0,0,0,121,96,0.002170086803472139,0,0,48433,47850,38,25,1527,2123,2219,1603,0,0,95969,0,0,0,0,0,0,0,0,0,3810,205,12,0,0,0,0,0
399,5254,400.2834651631033,99996,0,0,0,0,121,96,0.002170086803472139,0,0,48344,47714,38,25,1616,2259,2365,1698,0,0,95728,0,0,0,0,0,0,0,0,0,4051,205,12,0,0,0,0,0
400,5254,401.3049354745968,99996,0,0,0,0,121,96,0.002170086803472139,0,0,48245,47568,38,25,1715,2405,2519,1797,0,0,95475,0,0,0,0,0,0,0,0,0,4304,205,12,0,0,0,0,0
401,5254,402.3284539131101,99996,0,0,0,0,121,96,0.002170086803472139,0,0,48146,47413,37,25,1815,2560,2680,1901,0,0,95210,0,0,0,0,0,0,0,0,0,4569,205,12,0,0,0,0,0
402,5254,403.0119544273992,99996,0,0,0,0,121,96,0.002170086803472139,0,0,48042,47246,36,25,1920,2727,2849,2009,0,0,94934,0,0,0,0,0,0,0,0,0,4845,204,13,0,0,0,0,0
403,5254,404.0397661957328,99996,0,0,0,0,121,96,0.002170086803472139,0,0,47935,47075,36,24,2027,2899,3026,2121,0,0,94645,0,0,0,0,0,0,0,0,0,5134,204,13,0,0,0,0,0
404,5254,405.06986045268775,99996,0,0,0,0,121,96,0.002170086803472139,0,0,47821,46899,36,23,2141,3076,3211,2238,0,0,94344,0,0,0,0,0,0,0,0,0,5435,203,14,0,0,0,0,0
405,5254,406.1023699939274,99996,0,0,0,0,121,96,0.002170086803472139,0,0,47705,46715,36,23,2257,3260,3404,2360,0,0,94030,0,0,0,0,0,0,0,0,0,5749,202,15,0,0,0,0,0
406,5254,407.1373571232555,99996,0,0,0,0,121,96,0.002170086803472139,0,0,47585,46523,36,23,2377,3452,3606,2486,0,0,93702,0,0,0,0,0,0,0,0,0,6077,202,15,0,0,0,0,0
407,5254,408.17492120798147,99996,0,0,0,0,121,96,0.002170086803472139,0,0,47468,46329,36,23,2494,3646,3817,2617,0,0,93360,0,0,0,0,0,0,0,0,0,6419,202,15,0,0,0,0,0
408,5254,409.2150679045958,99996,0,0,0,0,121,96,0.002170086803472139,0,0,47344,46126,36,23,2618,3849,4036,2753,0,0,93006,0,0,0,0,0,0,0,0,0,6773,201,16,0,0,0,0,0
409,5254,410.25791336261716,99996,0,0,0,0,121,96,0.002170086803472139,0,0,47210,45912,36,23,2752,4063,4264,2894,0,0,92637,0,0,0,0,0,0,0,0,0,7142,201,16,0,0,0,0,0
410,5254,411.3036567030429,99996,0,0,0,0,121,96,0.002170086803472139,0,0,47073,45692,36,23,2889,4283,4501,3040,0,0,92257,0,0,0,0,0,0,0,0,0,7522,198,19,0,0,0,0,0
411,5254,412.00249354802054,99996,0,0,0,0,121,96,0.002170086803472139,0,0,46930,45458,36,23,3032,4517,4747,3191,0,0,91862,0,0,0,0,0,0,0,0,0,7917,196,21,0,0,0,0,0
412,5254,413.0544483938594,99996,0,0,0,0,121,96,0.002170086803472139,0,0,46784,45221,36,21,3178,4756,5003,3347,0,0,91454,0,0,0,0,0,0,0,0,0,8325,192,25,0,0,0,0,0
413,5254,414.1096763480888,99996,0,0,0,0,121,96,0.002170086803472139,0,0,46635,44970,36,21,3327,5007,5268,3508,0,0,91028,0,0,0,0,0,0,0,0,0,8751,192,25,0,0,0,0,0
414,5254,415.16821329936255,99996,0,0,0,0,121,96,0.002170086803472139,0,0,46485,44716,36,21,3477,5261,5542,3675,0,0,90587,0,0,0,0,0,0,0,0,0,9192,192,25,0,0,0,0,0
415,5254,416.23016402357666,99996,0,0,0,0,121,96,0.002170086803472139,0,0,46323,44452,36,20,3639,5526,5826,3847,0,0,90133,0,0,0,0,0,0,0,0,0,9646,190,27,0,0,0,0,0
416,5254,417.04500969355604,99996,0,0,0,0,121,96,0.002170086803472139,0,0,46150,44169,35,20,3813,5809,6119,4024,0,0,89665,0,0,0,0,0,0,0,0,0,10114,188,29,0,0,0,0,0
417,5254,418.07101116859144,99996,0,0,0,0,121,96,0.002170086803472139,0,0,45984,43889,35,20,3979,6089,6422,4206,0,0,89180,0,0,0,0,0,0,0,0,0,10599,188,29,0,0,0,0,0
418,5254,419.0034519432955,99996,0,0,0,0,121,96,0.002170086803472139,0,0,45817,43595,33,20,4148,6383,6734,4394,0,0,88681,0,0,0,0,0,0,0,0,0,11098,187,30,0,0,0,0,0
419,5254,420.02484975766333,99996,0,0,0,0,121,96,0.002170086803472139,25,25,45618,43276,32,20,4323,6677,7056,4587,0,0,88168,0,0,0,0,0,0,0,0,0,11611,185,32,0,0,0,0,0
420,5254,421.082595652342,99996,5,7,0,0,127,105,0.0023200928037121486,20,16,45431,42975,33,22,4509,6978,7387,4785,0,0,87639,2,1,0,0,0,0,0,0,0,12137,183,34,0,0,0,0,0
421,5254,422.22113579385524,99996,4,10,0,0,128,109,0.002370094803792152,19,15,45248,42658,35,23,4692,7292,7727,4988,0,0,87095,5,1,0,0,0,0,0,0,0,12678,181,36,0,0,0,0,0
422,5254,423.02948182070566,99996,6,11,0,0,130,111,0.0024100964038561543,21,16,45050,42316,35,24,4886,7631,8077,5196,0,0,86537,6,1,0,0,0,0,0,0,0,13235,180,37,0,0,0,0,0
423,5254,424.0396844592527,99996,9,14,0,0,134,115,0.0024900996039841595,22,14,44847,41981,36,25,5084,7964,8436,5410,0,0,85962,8,1,0,0,0,0,0,0,0,13808,180,37,0,0,0,0,0
424,5254,425.06411737504993,99996,17,15,0,0,142,118,0.0026001040041601664,16,13,44646,41637,36,27,5283,8306,8804,5629,0,0,85376,10,1,0,0,0,0,0,0,0,14392,177,40,0,0,0,0,0
425,5254,426.01545662292625,99996,15,11,0,0,146,120,0.0026601064042561704,15,16,44437,41281,42,32,5489,8658,9181,5853,0,0,84766,20,3,0,0,0,0,0,0,0,14990,176,41,0,0,0,0,0
426,5254,427.0854663569255,99996,11,11,0,0,148,122,0.002700108004320173,16,14,44229,40920,48,33,5694,9020,9566,6082,0,0,84149,27,4,0,0,0,0,0,0,0,15599,172,45,0,0,0,0,0
427,5254,428.0327172798622,99996,17,14,0,0,156,125,0.0028101124044961796,12,12,44008,40542,50,33,5911,9397,9960,6316,0,0,83523,28,5,0,0,0,0,0,0,0,16223,169,48,0,0,0,0,0
428,5254,429.0830070033263,99996,18,15,0,0,161,128,0.002890115604624185,12,12,43786,40165,54,34,6128,9772,10362,6555,0,0,82878,33,6,0,0,0,0,0,0,0,16862,168,49,0,0,0,0,0
429,5254,430.03706454809395,99996,18,16,0,0,163,132,0.002950118004720189,12,10,43564,39789,55,37,6349,10146,10772,6798,0,0,82220,38,6,0,0,0,0,0,0,0,17515,168,49,0,0,0,0,0
430,5254,431.1393240574246,99996,22,15,0,0,167,135,0.0030201208048321933,14,12,43338,39402,54,41,6570,10528,11189,7046,0,0,81552,42,6,0,0,0,0,0,0,0,18179,167,50,0,0,0,0,0
431,5254,432.0418622850891,99996,25,14,0,0,173,138,0.003110124404976199,20,13,43106,39011,56,45,6791,10915,11614,7298,0,0,80871,47,8,0,0,0,0,0,0,0,18853,166,51,0,0,0,0,0
432,5254,433.2980978529439,99996,27,17,0,0,180,142,0.0032201288051522062,27,10,42855,38618,61,46,7028,11307,12046,7555,0,0,80177,52,9,0,0,0,0,0,0,0,19541,166,51,0,0,0,0,0
433,5254,434.1617281273025,99996,32,17,0,0,187,143,0.003300132005280211,28,13,42609,38218,62,47,7267,11703,12485,7816,0,0,79476,54,10,0,0,0,0,0,0,0,20239,165,52,0,0,0,0,0
434,5254,435.20379700965276,99996,34,21,0,0,194,148,0.0034201368054722187,35,17,42357,37806,66,48,7506,12106,12930,8081,0,0,78767,55,15,0,0,0,0,0,0,0,20942,163,54,0,0,0,0,0
435,5254,436.06461019863644,99996,36,22,0,0,203,150,0.003530141205648226,41,17,42100,37403,73,48,7748,12508,13381,8350,0,0,78043,60,18,0,0,0,0,0,0,0,21658,162,55,0,0,0,0,0
436,5254,437.131304063451,99996,41,22,0,0,213,155,0.0036801472058882356,43,22,41847,36984,76,52,7991,12918,13838,8623,0,0,77308,67,21,0,0,0,0,0,0,0,22383,160,57,0,0,0,0,0
437,5254,438.09475054588455,99996,43,21,0,0,223,159,0.0038201528061122445,41,20,41587,36568,83,56,8244,13333,14300,8900,0,0,76556,80,21,0,0,0,0,0,0,0,23122,160,57,0,0,0,0,0
438,5254,439.01432373603063,99996,47,21,0,0,232,162,0.003940157606304252,39,19,41327,36131,87,59,8498,13768,14767,9181,0,0,75805,84,25,0,0,0,0,0,0,0,23865,159,58,0,0,0,0,0
439,5254,440.01970128696075,99996,50,24,0,0,244,170,0.004140165606624265,41,20,41066,35701,94,61,8747,14192,15238,9465,0,0,75041,95,28,0,0,0,0,0,0,0,24615,157,60,0,0,0,0,0
440,5254,441.0758663497076,99996,57,29,0,0,258,175,0.004330173206928277,51,21,40791,35278,101,61,8998,14609,15714,9752,0,0,74271,102,28,0,0,0,0,0,0,0,25378,157,60,0,0,0,0,0
441,5254,442.06387053397896,99996,63,32,0,0,270,180,0.0045001800072002884,54,18,40523,34861,106,61,9252,15026,16193,10042,0,0,73499,106,32,0,0,0,0,0,0,0,26142,156,61,0,0,0,0,0
442,5254,443.19641964890394,99996,69,32,0,0,284,185,0.0046901876075043005,59,21,40247,34439,113,64,9510,15442,16675,10335,0,0,72715,116,35,0,0,0,0,0,0,0,26913,155,62,0,0,0,0,0
443,5254,444.1975031820532,99996,76,36,0,0,298,193,0.004910196407856314,62,22,39964,33998,119,68,9777,15874,17160,10631,0,0,71927,125,37,0,0,0,0,0,0,0,27690,153,64,0,0,0,0,0
444,5254,445.2055048036887,99996,81,33,0,0,312,199,0.005110204408176327,64,24,39691,33551,125,76,10037,16314,17648,10929,0,0,71132,137,43,0,0,0,0,0,0,0,28467,150,67,0,0,0,0,0
445,5254,446.2204512918701,99996,91,36,0,0,334,206,0.005400216008640346,61,28,39402,33112,137,80,10307,16742,18137,11229,0,0,70330,151,45,0,0,0,0,0,0,0,29253,149,68,0,0,0,0,0
446,5254,447.24259538160203,99995,90,37,1,0,348,212,0.0056002800140007,74,36,39121,32675,149,81,10563,17169,18628,11531,0,0,69528,165,50,0,0,0,0,0,0,0,30035,143,74,0,0,0,0,0
447,5254,448.27198804599107,99995,89,42,1,0,365,223,0.005880294014700735,80,36,38843,32238,164,86,10821,17596,19120,11835,0,0,68720,180,59,0,0,0,0,0,0,0,30819,140,77,0,0,0,0,0
448,5254,449.3086174021863,99995,106,44,1,0,391,234,0.006250312515625782,83,32,38554,31812,171,91,11083,18019,19613,12141,0,0,67911,191,66,0,0,0,0,0,0,0,31610,139,78,0,0,0,0,0
449,5254,450.00384539135246,99995,106,44,1,0,405,239,0.006440322016100805,84,33,38265,31357,183,92,11359,18472,20106,12449,0,0,67103,201,75,0,0,0,0,0,0,0,32399,136,81,0,0,0,0,0
450,5254,451.0558384913116,99995,116,41,1,0,430,246,0.006760338016900845,84,33,37988,30932,194,101,11615,18891,20599,12758,0,0,66283,220,81,0,0,0,0,0,0,0,33194,135,82,0,0,0,0,0
451,5254,452.1155364807589,99995,123,38,1,0,451,252,0.007030351517575879,90,40,37700,30498,207,109,11877,19313,21091,13068,0,0,65462,241,83,0,0,0,0,0,0,0,33992,133,84,0,0,0,0,0
452,5254,453.18298344840014,99994,134,40,2,0,474,262,0.00736044162649759,98,47,37403,30056,215,114,12146,19741,21582,13379,0,0,64649,252,91,0,0,0,0,0,0,0,34785,132,85,0,0,0,0,0
453,5254,454.2586388053029,99993,138,47,3,0,504,274,0.007780544638124669,103,41,37102,29645,239,116,12413,20149,22071,13690,0,0,63831,272,101,0,0,0,0,0,0,0,35572,130,87,0,0,0,0,0
454,5254,455.34281194735564,99993,143,47,3,0,532,281,0.008130569139839788,111,43,36812,29231,260,122,12669,20555,22559,14002,0,0,63011,293,110,0,0,0,0,0,0,0,36362,129,88,0,0,0,0,0
455,5254,456.07032382216715,99993,167,50,3,0,566,289,0.008550598541897932,105,45,36509,28803,269,126,12945,20974,23044,14314,0,0,62202,306,112,0,0,0,0,0,0,0,37156,128,89,0,0,0,0,0
456,5254,457.1717130471092,99993,171,58,3,0,593,305,0.008980628644005081,116,44,36233,28402,287,133,13188,21361,23527,14626,0,0,61384,330,119,0,0,0,0,0,0,0,37943,127,90,0,0,0,0,0
457,5254,458.281341079727,99993,174,64,3,0,630,316,0.009460662246357245,112,53,35944,27992,319,137,13446,21752,24007,14938,0,0,60569,353,135,0,0,0,0,0,0,0,38719,127,90,0,0,0,0,0
458,5254,459.0260024307878,99993,171,66,3,0,651,325,0.009760683247827348,116,53,35654,27562,339,141,13715,22176,24484,15250,0,0,59764,370,149,0,0,0,0,0,0,0,39493,126,91,0,0,0,0,0
459,5254,460.1535418617814,99993,182,69,3,0,693,338,0.010310721750522537,116,54,35360,27160,366,148,13971,22567,24957,15561,0,0,58958,393,167,0,0,0,0,0,0,0,40258,125,92,0,0,0,0,0
460,5254,461.2903916098234,99993,195,76,3,0,734,356,0.01090076305341374,130,60,35067,26758,394,157,14209,22947,25426,15871,0,0,58153,420,179,0,0,0,0,0,0,0,41024,124,93,0,0,0,0,0
461,5254,462.05329480361655,99993,201,84,3,0,762,368,0.011300791055373877,144,61,34774,26354,411,157,14465,23342,25891,16180,0,0,57363,438,187,0,0,0,0,0,0,0,41788,122,95,0,0,0,0,0
462,5254,463.20851432785986,99993,209,83,3,0,805,383,0.011880831658216075,146,71,34497,25956,439,172,14704,23716,26351,16488,0,0,56568,467,209,0,0,0,0,0,0,0,42532,120,97,0,0,0,0,0
463,5254,464.37293725958943,99993,215,84,3,0,847,402,0.012490874361205285,154,77,34208,25594,466,184,14952,24059,26807,16795,0,0,55783,492,238,0,0,0,0,0,0,0,43263,117,100,0,0,0,0,0
464,5254,465.1545364025482,99993,212,89,3,0,873,421,0.01294090586341044,155,74,33928,25186,489,196,15211,24453,27258,17101,0,0,55008,512,261,0,0,0,0,0,0,0,43995,115,102,0,0,0,0,0
465,5254,466.3382184021496,99993,216,95,3,0,916,448,0.01364095486684068,164,70,33649,24843,522,209,15444,24781,27704,17405,0,0,54232,539,292,1,0,0,0,0,0,0,44712,113,104,0,0,0,0,0
466,5254,467.1327776997465,99993,222,105,3,0,946,467,0.014130989169241846,171,70,33359,24460,544,214,15699,25149,28144,17707,0,0,53470,559,305,1,0,0,0,0,0,0,45441,113,104,0,0,0,0,0
467,5254,468.33605999889625,99993,250,112,3,0,1001,489,0.01490104307301511,163,66,33103,24105,566,222,15913,25493,28579,18008,0,0,52709,586,320,1,0,0,0,0,0,0,46160,111,106,0,0,0,0,0
468,5254,469.143418200272,99993,272,112,3,0,1041,501,0.015421079475563289,165,82,32838,23721,576,234,16144,25849,29008,18307,0,0,51972,598,338,0,1,0,0,0,0,0,46867,109,108,0,0,0,0,0
469,5254,470.36523815947805,99993,291,105,3,0,1093,525,0.01618113267928755,175,87,32572,23387,602,261,16355,26158,29431,18603,0,0,51229,624,374,1,1,0,0,0,0,0,47547,106,111,0,0,0,0,0
470,5254,471.1851644321492,99993,291,104,3,0,1128,538,0.016661166281639713,193,87,32300,23028,627,271,16584,26508,29848,18897,0,0,50498,645,402,1,1,0,0,0,0,0,48229,105,112,0,0,0,0,0
471,5254,472.0118143360384,99993,288,105,3,0,1160,551,0.01711119778384487,211,102,32026,22684,656,279,16814,26828,30259,19189,0,0,49775,666,428,1,1,0,0,0,0,0,48905,104,113,0,0,0,0,0
472,5254,473.2637865988522,99992,283,112,4,0,1210,578,0.017881430514441157,247,110,31760,22376,703,292,17001,27108,30663,19478,0,0,49049,702,466,1,1,0,0,0,0,0,49556,100,117,0,0,0,0,0
473,5254,474.10397510042037,99992,310,123,4,0,1267,599,0.018661492919433555,245,109,31502,22057,726,298,17211,27411,31061,19765,0,0,48347,720,488,1,1,0,0,0,0,0,50218,99,118,0,0,0,0,0
474,5254,475.3759980044415,99992,328,153,4,0,1345,649,0.01994159532762621,234,87,31254,21772,779,316,17399,27670,31452,20049,0,0,47624,768,518,2,1,0,0,0,0,0,50862,98,119,0,0,0,0,0
475,5254,476.22944167508547,99992,325,154,4,0,1385,677,0.02062164973197856,245,89,31005,21441,814,340,17605,27974,31837,20330,0,0,46928,798,558,2,1,0,0,0,0,0,51488,98,119,0,0,0,0,0
476,5254,477.08985652376305,99992,346,164,4,0,1445,709,0.021541723337867028,238,81,30750,21147,840,355,17820,28251,32215,20608,0,0,46255,817,600,2,1,0,0,0,0,0,52100,96,121,0,0,0,0,0
477,5254,478.3923278745716,99991,364,167,5,0,1527,741,0.022682041383724535,264,88,30493,20891,887,380,17985,28472,32586,20883,0,0,45559,866,643,2,1,0,0,0,0,0,52703,96,121,0,0,0,0,0
478,5254,479.2664513497697,99991,373,171,5,0,1582,764,0.023462111590043105,291,98,30225,20581,927,392,18177,28756,32951,21155,0,0,44895,895,679,2,1,0,0,0,0,0,53302,94,123,0,0,0,0,0
479,5254,480.1480037561206,99989,393,175,7,0,1655,786,0.024412685395393492,273,100,29973,20293,962,408,18390,29022,33309,21424,0,0,44240,923,720,2,1,0,0,0,0,0,53886,93,124,0,0,0,0,0
480,5254,481.03677548715274,99988,409,182,8,0,1725,808,0.025333039964795776,268,117,29723,20010,1001,419,18589,29270,33660,21690,0,0,43591,954,757,2,1,0,0,0,0,0,54466,93,124,0,0,0,0,0
481,5254,482.3828351418095,99988,449,185,8,0,1828,846,0.026743209185102212,287,124,29455,19787,1052,445,18747,29457,34004,21952,0,0,42941,998,811,2,1,0,0,0,0,0,55018,93,124,0,0,0,0,0
482,5254,483.28642006119077,99987,466,187,9,0,1902,877,0.027793613169712062,290,132,29220,19546,1100,464,18913,29669,34342,22211,0,0,42306,1037,855,2,2,0,0,0,0,0,55568,91,126,0,0,0,0,0
483,5254,484.1971305477443,99986,469,183,10,0,1971,904,0.0287540255635789,311,133,28975,19298,1150,487,19083,29897,34673,22467,0,0,41686,1068,918,3,2,0,0,0,0,0,56092,91,126,0,0,0,0,0
484,5254,485.1152086901386,99985,488,190,10,1,2047,939,0.029864479671950793,324,137,28755,19065,1196,505,19225,30100,34997,22719,0,0,41074,1104,966,3,2,0,0,0,0,0,56619,91,126,0,0,0,0,0
485,5254,486.0401014902538,99985,495,205,10,1,2127,975,0.031024653698054707,330,133,28527,18829,1254,521,19382,30309,35315,22968,0,0,40473,1139,1025,3,2,0,0,0,0,0,57126,90,127,0,0,0,0,0
486,5254,487.44010403810273,99984,519,208,11,1,2257,1017,0.03274523923827812,322,151,28324,18629,1344,553,19478,30456,35626,23213,0,0,39839,1219,1087,4,2,0,0,0,0,0,57616,87,130,0,0,0,0,0
487,5254,488.37894031227887,99984,516,225,11,1,2320,1056,0.0337654024643943,347,157,28104,18413,1396,571,19624,30631,35930,23455,0,0,39261,1253,1141,4,2,0,0,0,0,0,58106,85,132,0,0,0,0,0
488,5254,489.32473053543686,99984,540,224,11,1,2417,1093,0.03510561689870379,337,153,27896,18190,1451,603,19763,30827,36228,23693,0,0,38682,1296,1205,6,2,0,0,0,0,0,58576,83,134,0,0,0,0,0
489,5254,490.27735656340815,99984,552,224,11,1,2493,1126,0.036195791326612256,356,165,27673,18001,1501,624,19905,30983,36519,23928,0,0,38119,1333,1265,6,2,0,0,0,0,0,59042,83,134,0,0,0,0,0
490,5254,491.2372966954752,99983,567,244,12,1,2585,1170,0.037556384585379514,354,152,27452,17794,1562,643,20051,31164,36804,24159,0,0,37558,1375,1315,9,3,0,0,0,0,0,59506,82,135,0,0,0,0,0
491,5254,492.20457348957876,99983,573,242,12,1,2668,1201,0.038696578418331115,370,157,27238,17596,1623,668,20182,31334,37083,24386,0,0,37010,1417,1383,9,3,0,0,0,0,0,59944,82,135,0,0,0,0,0
492,5254,493.1795253592169,99983,589,261,12,1,2757,1251,0.04008681475850895,374,149,27051,17406,1675,689,20297,31492,37355,24610,0,0,36483,1448,1452,9,5,0,0,0,0,0,60369,82,135,0,0,0,0,0
493,5254,494.1611457490106,99982,583,255,13,1,2828,1280,0.04108739573123162,393,165,26853,17219,1737,711,20419,31647,37621,24830,0,0,35964,1480,1525,12,5,0,0,0,0,0,60779,79,138,0,0,0,0,0
494,5254,495.1496091397697,99982,605,257,13,1,2936,1321,0.04257766397951631,380,180,26655,17064,1812,741,20533,31755,37881,25047,0,0,35433,1532,1594,14,5,0,0,0,0,0,61187,79,138,0,0,0,0,0
495,5254,496.1452625015101,99981,635,267,14,1,3038,1371,0.04409837869195147,374,172,26469,16908,1864,773,20642,31877,38135,25260,0,0,34927,1570,1663,14,7,0,0,0,0,0,61583,79,138,0,0,0,0,0
496,5254,497.1478061686602,99979,637,264,15,2,3138,1413,0.04551955910741256,394,189,26274,16747,1944,807,20734,31989,38383,25469,0,0,34420,1619,1753,14,8,0,0,0,0,0,61948,79,138,0,0,0,0,0
497,5254,498.1571716915044,99979,646,263,15,2,3239,1451,0.04690985106872443,404,190,26076,16602,2021,837,20836,32104,38625,25675,0,0,33931,1662,1837,14,10,0,0,0,0,0,62308,77,140,0,0,0,0,0
498,5254,499.1739895284328,99979,645,256,15,2,3338,1490,0.048290140929595216,428,195,25889,16468,2103,871,20918,32206,38862,25877,0,0,33443,1711,1926,14,14,0,0,0,0,0,62654,77,140,0,0,0,0,0
499,5254,500.19816657338373,99979,637,269,15,2,3433,1543,0.04977045179487692,454,187,25699,16333,2187,899,21006,32308,39093,26076,0,0,32954,1770,2008,15,14,0,0,0,0,0,63001,76,141,0,0,0,0,0
500,5254,501.2296384062538,99979,650,290,15,2,3548,1601,0.051500815171185946,433,183,25549,16209,2272,929,21079,32385,39319,26271,0,0,32476,1828,2089,15,14,0,0,0,0,0,63340,75,142,0,0,0,0,0
501,5254,502.2676172503966,99979,658,298,15,2,3646,1648,0.05295111973514438,423,182,25402,16071,2338,960,21162,32485,39539,26463,0,0,32030,1862,2178,16,16,0,0,0,0,0,63660,74,143,0,0,0,0,0
502,5254,503.3116099162283,99979,638,307,15,2,3743,1696,0.05440142429910281,441,180,25226,15955,2440,993,21238,32561,39754,26651,0,0,31563,1926,2266,17,17,0,0,0,0,0,63973,73,144,0,0,0,0,0
503,5254,504.3624403160017,99979,657,287,15,2,3857,1736,0.05594174776703108,413,190,25089,15847,2507,1043,21317,32629,39964,26836,0,0,31121,1970,2367,21,18,0,0,0,0,0,64265,72,145,0,0,0,0,0
504,5254,505.41978847811225,99978,636,279,16,2,3963,1785,0.05749264838264418,404,190,24955,15725,2606,1091,21381,32711,40169,27017,0,0,30672,2033,2479,23,20,0,0,0,0,0,64534,70,147,0,0,0,0,0
505,5254,506.48337614641423,99978,651,305,16,2,4087,1841,0.059293044469783354,400,195,24801,15631,2689,1109,21441,32756,40369,27195,0,0,30256,2072,2577,23,21,0,0,0,0,0,64812,69,148,0,0,0,0,0
506,5254,507.01657326036195,99978,658,312,16,2,4136,1871,0.060083218308027764,402,196,24656,15499,2701,1118,21565,32871,40564,27370,0,0,29887,2072,2638,23,23,0,0,0,0,0,65118,68,149,0,0,0,0,0
507,5254,508.09263556935593,99978,660,305,16,2,4232,1919,0.061523535177739105,409,188,24520,15418,2773,1162,21620,32923,40754,27541,0,0,29483,2114,2737,25,25,0,0,0,0,0,65377,67,150,0,0,0,0,0
508,5254,509.1743824116803,99978,658,297,16,2,4341,1963,0.0630538718518074,422,189,24384,15351,2857,1206,21661,32953,40939,27709,0,0,29082,2161,2847,26,27,0,0,0,0,0,65618,67,150,0,0,0,0,0
509,5254,510.2622109746392,99978,674,301,16,2,4454,2014,0.06469423273120087,419,176,24257,15278,2927,1241,21705,33000,41119,27874,0,0,28704,2191,2951,30,28,0,0,0,0,0,65857,66,151,0,0,0,0,0
510,5254,511.3558092433684,99977,693,316,16,3,4578,2066,0.06645528471548456,391,168,24134,15232,3002,1263,21762,33016,41295,28036,0,0,28335,2222,3052,31,32,0,0,0,0,0,66089,64,152,0,0,0,0,0
511,5254,512.4550762822296,99977,685,316,16,3,4670,2124,0.06795562979485281,423,158,24008,15179,3074,1306,21792,33036,41467,28195,0,0,27964,2262,3166,32,33,0,0,0,0,0,66304,63,153,0,0,0,0,0
512,5254,513.0059797955976,99977,698,310,16,3,4734,2147,0.0688258299408864,410,159,23874,15068,3100,1329,21900,33129,41634,28351,0,0,27629,2273,3225,34,36,0,0,0,0,0,66564,62,154,0,0,0,0,0
513,5254,514.1169931940236,99976,701,293,16,4,4854,2190,0.070456909658318,404,174,23766,15030,3184,1374,21927,33123,41797,28503,0,0,27274,2312,3350,34,42,0,0,0,0,0,66748,62,154,0,0,0,0,0
514,5254,515.2334291455642,99976,687,296,16,4,4979,2247,0.07227734656317517,396,177,23657,15012,3299,1411,21943,33098,41956,28652,0,0,26901,2375,3468,36,46,0,0,0,0,0,66934,62,154,0,0,0,0,0
515,5254,516.3550992562367,99976,684,287,16,4,5096,2298,0.07395774985996639,372,175,23563,14972,3398,1462,21965,33098,42111,28798,0,0,26548,2424,3585,39,50,0,0,0,0,0,67114,62,154,0,0,0,0,0
516,5254,517.4819113799051,99975,689,277,17,4,5192,2346,0.0753988497124281,373,181,23471,14934,3454,1502,21994,33100,42262,28942,0,0,26232,2445,3702,40,54,0,0,0,0,0,67286,60,156,0,0,0,0,0
517,5254,518.0461497819228,99975,685,283,17,4,5240,2374,0.07615903975993998,385,180,23370,14849,3478,1514,22063,33168,42409,29083,0,0,25940,2448,3761,42,58,0,0,0,0,0,67510,59,157,0,0,0,0,0
518,5254,519.1824607616509,99975,705,280,17,4,5361,2429,0.07791947986996749,381,174,23274,14817,3553,1563,22068,33160,42552,29221,0,0,25617,2490,3870,44,60,0,0,0,0,0,67678,57,159,0,0,0,0,0
519,5254,520.3230560596642,99975,719,269,17,4,5480,2464,0.07945986496624156,382,182,23165,14816,3636,1589,22079,33138,42692,29356,0,0,25303,2531,3976,44,62,0,0,0,0,0,67843,55,161,0,0,0,0,0
520,5254,521.4687306176907,99975,705,301,17,4,5593,2527,0.08122030507626907,367,161,23107,14814,3730,1610,22072,33108,42828,29488,0,0,25006,2559,4094,46,66,0,0,0,0,0,67988,54,162,0,0,0,0,0
521,5254,522.0421148325094,99975,712,297,17,4,5650,2544,0.08196049012253064,366,169,23003,14745,3757,1623,22143,33160,42961,29618,0,0,24740,2559,4157,49,67,0,0,0,0,0,68187,54,162,0,0,0,0,0
522,5254,523.1962809319236,99974,703,294,18,4,5752,2596,0.08350171044471563,379,171,22928,14752,3835,1662,22135,33115,43090,29745,0,0,24441,2600,4268,51,71,0,0,0,0,0,68327,53,163,0,0,0,0,0
523,5254,524.3542892844283,99973,686,298,19,4,5866,2642,0.08510297780400708,369,175,22857,14755,3935,1691,22132,33075,43216,29869,0,0,24151,2637,4392,55,73,0,0,0,0,0,68450,51,164,0,0,0,0,0
524,5254,525.5162258973915,99972,651,283,20,4,5958,2684,0.08644420437722562,394,186,22789,14756,4029,1731,22115,33038,43339,29991,0,0,23872,2668,4530,58,77,0,0,0,0,0,68552,50,165,0,0,0,0,0
525,5254,526.0981433337048,99972,641,277,20,4,6002,2705,0.0870943864281999,403,195,22702,14705,4063,1749,22169,33068,43459,30110,0,0,23614,2687,4586,59,79,0,0,0,0,0,68732,49,166,0,0,0,0,0
526,5254,527.2684179264111,99972,663,302,20,4,6141,2762,0.08905493538190694,356,194,22651,14702,4145,1765,22163,33031,43576,30227,0,0,23355,2709,4699,62,83,0,0,0,0,0,68849,49,166,0,0,0,0,0
527,5254,528.44192247162,99972,652,308,20,4,6247,2820,0.09069539471051895,362,190,22578,14714,4233,1796,22153,32986,43690,30341,0,0,23088,2747,4816,63,89,0,0,0,0,0,68954,49,166,0,0,0,0,0
528,5254,529.0295193072649,99972,645,306,20,4,6302,2847,0.09151562437482495,364,188,22487,14669,4272,1816,22210,33015,43801,30453,0,0,22845,2763,4883,67,89,0,0,0,0,0,69110,49,166,0,0,0,0,0
529,5254,530.2110886295669,99972,639,297,20,4,6413,2907,0.0932261033089265,359,172,22450,14664,4356,1871,22174,32990,43909,30563,0,0,22582,2806,5008,69,96,0,0,0,0,0,69196,49,166,0,0,0,0,0
530,5254,531.3957172685979,99972,636,308,20,4,6514,2971,0.09487656543832274,367,150,22410,14676,4424,1907,22141,32953,44014,30670,0,0,22346,2825,5128,74,100,0,0,0,0,0,69284,49,166,0,0,0,0,0
531,5254,532.5823503440016,99972,629,291,20,4,6630,3013,0.09645700796222942,354,150,22365,14692,4515,1953,22115,32908,44116,30775,0,0,22098,2866,5249,74,110,0,0,0,0,0,69360,49,166,0,0,0,0,0
532,5254,533.1757672549758,99972,625,293,20,4,6679,3041,0.09722722362261434,361,141,22304,14666,4545,1972,22143,32922,44216,30878,0,0,21891,2869,5321,75,111,0,0,0,0,0,69490,49,166,0,0,0,0,0
533,5254,534.3685414303689,99971,615,301,21,4,6781,3096,0.0987986516089666,363,149,22281,14684,4625,2003,22093,32857,44313,30979,0,0,21659,2901,5434,78,115,0,0,0,0,0,69570,48,166,0,0,0,0,0
534,5254,535.5627002576705,99971,617,288,21,4,6891,3136,0.1002990867351532,364,152,22260,14709,4699,2038,22037,32807,44408,31078,0,0,21430,2932,5550,82,118,0,0,0,0,0,69645,48,166,0,0,0,0,0
535,5254,536.1594648541138,99970,647,289,22,4,6956,3162,0.10121036310893268,347,146,22216,14680,4704,2053,22062,32826,44500,31175,0,0,21251,2920,5611,85,120,0,0,0,0,0,69769,47,167,0,0,0,0,0
536,5254,537.3573544588077,99970,624,270,22,4,7053,3207,0.10263078923677103,341,156,22193,14707,4788,2103,22030,32758,44590,31270,0,0,21022,2962,5739,87,125,0,0,0,0,0,69821,47,167,0,0,0,0,0
537,5254,538.5564532356228,99970,614,264,22,4,7155,3255,0.10413123937181154,321,153,22180,14750,4873,2142,21988,32685,44678,31363,0,0,20808,2988,5862,94,125,1,0,0,0,0,69878,47,167,0,0,0,0,0
538,5254,539.1560846736309,99970,617,266,22,4,7205,3281,0.10489146744023208,304,144,22143,14721,4890,2155,22022,32708,44764,31454,0,0,20626,2993,5918,94,130,1,0,0,0,0,69994,47,167,0,0,0,0,0
539,5254,540.359041134814,99970,595,288,22,4,7294,3332,0.10629188756626988,298,136,22119,14796,4973,2162,21991,32612,44847,31543,0,0,20418,3029,6008,94,137,1,0,0,0,0,70069,47,167,0,0,0,0,0
540,5254,541.5630783015728,99970,577,307,22,4,7397,3384,0.10784235270581174,290,141,22112,14849,5058,2177,21939,32520,44928,31630,0,0,20216,3061,6115,96,143,1,0,0,0,0,70125,47,166,0,0,0,0,0
541,5254,542.1650759865613,99970,569,307,22,4,7444,3408,0.10855256576973092,274,134,22082,14849,5089,2188,21962,32516,45007,31715,0,0,20045,3069,6186,95,144,1,0,0,0,0,70217,47,166,0,0,0,0,0
542,5254,543.3722763058603,99969,575,294,23,4,7545,3445,0.10993407956466504,265,128,22084,14895,5150,2226,21901,32451,45084,31798,0,0,19851,3103,6290,94,148,1,0,0,0,0,70269,47,166,0,0,0,0,0
543,5254,544.5793784385116,99969,577,291,23,4,7636,3490,0.11129450129540157,246,124,22100,14968,5197,2253,21855,32358,45159,31879,0,0,19678,3117,6405,97,149,1,0,0,0,0,70309,47,166,0,0,0,0,0
544,5254,545.1823878589264,99969,570,280,23,4,7679,3501,0.11183466874731167,243,128,22060,14964,5224,2263,21878,32359,45232,31959,0,0,19521,3121,6471,97,150,1,0,0,0,0,70395,47,166,0,0,0,0,0
545,5254,546.3911861402947,99968,543,266,23,5,7753,3537,0.1129361395646607,249,126,22058,15029,5285,2301,21840,32271,45304,32037,0,0,19354,3135,6593,100,154,1,0,0,0,0,70418,47,166,0,0,0,0,0
546,5254,547.6007502479816,99968,510,244,23,5,7815,3563,0.11381642125480154,263,131,22071,15095,5349,2338,21782,32185,45374,32113,0,0,19183,3158,6702,102,156,2,0,0,0,0,70452,47,166,0,0,0,0,0
547,5254,548.2048566362853,99968,511,241,23,5,7855,3586,0.11444662291933419,266,128,22026,15086,5369,2354,21803,32184,45442,32188,0,0,19040,3159,6760,101,160,2,0,0,0,0,70533,47,166,0,0,0,0,0
548,5254,549.4162815109944,99968,500,236,23,5,7939,3625,0.11567701664532651,253,128,22021,15152,5438,2383,21763,32094,45508,32261,0,0,18874,3186,6858,103,165,2,0,0,0,0,70567,45,168,0,0,0,0,0
549,5254,550.0216306573321,99967,473,246,24,5,7973,3649,0.11625836526053597,250,126,22012,15158,5461,2387,21778,32076,45573,32333,0,0,18740,3186,6925,100,170,3,0,0,0,0,70630,44,169,0,0,0,0,0
550,5254,551.2353292902998,99964,477,242,27,5,8035,3678,0.11717218198551478,264,129,21996,15200,5491,2412,21743,32010,45636,32403,0,0,18590,3201,6996,101,170,3,0,0,0,0,70690,44,169,0,0,0,0,0
551,5254,552.4491610254911,99964,497,235,27,5,8126,3711,0.11841262854627665,233,130,22014,15251,5531,2436,21696,31941,45697,32472,0,0,18446,3214,7086,102,173,3,0,0,0,0,70727,44,169,0,0,0,0,0
552,5254,553.0554700584037,99964,496,242,27,5,8162,3743,0.11909287343443639,230,118,21993,15266,5548,2447,21704,31920,45757,32539,0,0,18319,3213,7143,103,175,3,0,0,0,0,70795,44,169,0,0,0,0,0
553,5254,554.2699768553762,99964,465,245,27,5,8216,3782,0.12002320835500781,244,120,22000,15319,5601,2470,21661,31839,45815,32605,0,0,18177,3230,7228,104,182,4,0,0,0,0,70826,44,169,0,0,0,0,0
554,5254,555.4842608019949,99963,447,232,28,5,8284,3820,0.1210848013765093,231,118,22032,15379,5645,2504,21615,31760,45872,32669,0,0,18031,3253,7331,105,186,4,0,0,0,0,70840,44,169,0,0,0,0,0
555,5254,556.0908028113186,99963,432,229,28,5,8311,3839,0.12154497163950662,238,113,22031,15393,5655,2520,21614,31738,45928,32732,0,0,17913,3251,7393,106,187,4,0,0,0,0,70896,44,169,0,0,0,0,0
556,5254,557.3046061785856,99963,432,216,28,5,8375,3874,0.12253533807508778,246,111,22043,15467,5682,2553,21567,31646,45982,32794,0,0,17789,3254,7478,111,194,4,0,0,0,0,70920,44,169,0,0,0,0,0
557,5254,558.517255706328,99961,443,215,30,5,8454,3906,0.12364822280689469,230,101,22069,15542,5707,2563,21519,31572,46035,32854,0,0,17665,3267,7555,110,200,4,0,0,0,0,70948,43,169,0,0,0,0,0
558,5254,559.1229928859337,99961,449,216,30,5,8492,3921,0.12417842958753914,226,93,22075,15559,5708,2568,21510,31557,46087,32913,0,0,17559,3261,7597,112,203,4,0,0,0,0,71013,42,170,0,0,0,0,0
559,5254,560.3347390048672,99961,452,200,30,5,8570,3946,0.12520883144426326,208,93,22104,15642,5748,2590,21456,31468,46137,32971,0,0,17437,3276,7690,111,208,4,0,0,0,0,71023,42,170,0,0,0,0,0
560,5254,561.5450245710327,99961,433,188,30,5,8631,3967,0.12602915136903392,212,101,22140,15708,5788,2613,21395,31383,46186,33028,0,0,17315,3288,7769,115,215,4,0,0,0,0,71043,42,170,0,0,0,0,0
561,5254,562.1487883925305,99961,420,191,30,5,8659,3983,0.12646932303598404,212,101,22143,15727,5808,2619,21385,31355,46234,33083,0,0,17212,3289,7812,114,221,4,0,0,0,0,71097,42,170,0,0,0,0,0
562,5254,563.3573549113203,99961,404,179,30,5,8714,4012,0.12730965076379788,222,112,22174,15792,5845,2643,21323,31267,46281,33137,0,0,17089,3309,7890,116,226,4,0,0,0,0,71115,42,170,0,0,0,0,0
563,5254,564.5642449721684,99961,398,166,30,5,8776,4038,0.1281899940976981,217,109,22205,15877,5877,2665,21271,31176,46327,33190,0,0,16983,3315,7973,117,234,4,0,0,0,0,71124,41,170,0,0,0,0,0
564,5254,565.1668047623805,99961,402,175,30,5,8808,4058,0.12871019697682096,207,100,22199,15910,5885,2667,21275,31141,46372,33242,0,0,16887,3315,8006,117,237,4,0,0,0,0,71184,40,171,0,0,0,0,0
565,5254,566.3725494231593,99961,395,170,30,5,8859,4090,0.1295405208031132,209,90,22249,16008,5905,2688,21210,31037,46416,33293,0,0,16798,3311,8092,115,246,4,0,0,0,0,71185,40,170,0,0,0,0,0
566,5254,567.5761463404448,99960,394,160,31,5,8923,4110,0.13038215286114446,190,94,22275,16104,5933,2701,21175,30934,46458,33343,0,0,16706,3309,8179,116,249,4,0,0,0,0,71187,40,170,0,0,0,0,0
567,5254,568.1770314762472,99960,378,169,31,5,8940,4128,0.13073229291716687,202,86,22273,16144,5944,2699,21170,30895,46499,33392,0,0,16611,3314,8210,116,252,4,0,0,0,0,71243,40,170,0,0,0,0,0
568,5254,569.3793709495852,99960,383,166,31,5,9004,4152,0.1316126450580232,195,82,22334,16248,5972,2711,21083,30786,46539,33440,0,0,16511,3327,8281,115,254,4,0,0,0,0,71258,40,170,0,0,0,0,0
569,5254,570.5786651844408,99959,372,166,32,5,9068,4178,0.13251433087565903,173,84,22362,16321,6025,2730,21034,30692,46579,33487,0,0,16405,3343,8358,117,256,4,0,0,0,0,71267,40,169,0,0,0,0,0
570,5254,571.1772608429377,99959,373,166,32,5,9094,4196,0.13295451134965336,178,80,22340,16366,6038,2736,21037,30645,46618,33533,0,0,16321,3342,8398,117,258,4,0,0,0,0,71310,40,169,0,0,0,0,0
571,5254,572.3759070720365,99958,362,162,33,5,9144,4218,0.13367614398047178,178,75,22389,16459,6061,2739,20975,30558,46656,33578,0,0,16233,3345,8466,119,262,5,0,0,0,0,71319,40,169,0,0,0,0,0
572,5254,573.5729439467539,99957,361,162,34,5,9195,4245,0.13445781686125033,182,68,22432,16547,6070,2760,20919,30456,46693,33622,0,0,16148,3347,8532,121,265,5,0,0,0,0,71330,40,169,0,0,0,0,0
573,5254,574.1702393113661,99957,350,163,34,5,9214,4255,0.1347479416148944,198,77,22418,16582,6083,2761,20915,30410,46729,33665,0,0,16071,3344,8572,122,265,5,0,0,0,0,71369,40,169,0,0,0,0,0
574,5254,575.3650203445827,99957,353,153,34,5,9281,4272,0.1355883029702772,180,87,22460,16689,6116,2775,20855,30289,46764,33707,0,0,15977,3357,8624,126,274,5,0,0,0,0,71385,40,169,0,0,0,0,0
575,5254,576.5582684831095,99957,344,148,34,5,9334,4297,0.13636863851456127,178,86,22507,16769,6139,2792,20796,30198,46798,33748,0,0,15884,3371,8685,131,278,5,0,0,0,0,71395,39,169,0,0,0,0,0
576,5254,577.1538058604441,99956,350,153,35,5,9364,4315,0.13685021409420145,181,81,22519,16803,6135,2794,20778,30162,46831,33789,0,0,15812,3370,8714,130,283,5,0,0,0,0,71434,39,169,0,0,0,0,0
577,5254,578.3441629079413,99956,345,155,35,5,9413,4333,0.13752050902397056,184,84,22574,16900,6148,2801,20712,30053,46864,33829,0,0,15730,3380,8770,129,286,5,0,0,0,0,71448,39,169,0,0,0,0,0
578,5254,579.5313727343176,99956,337,153,35,5,9467,4358,0.13831085677698188,170,80,22661,17009,6169,2812,20626,29939,46896,33868,0,0,15651,3383,8839,134,290,5,0,0,0,0,71447,39,168,0,0,0,0,0
579,5254,580.123440410787,99956,330,152,35,5,9484,4366,0.13856096682540317,175,85,22675,17053,6174,2810,20609,29893,46927,33906,0,0,15582,3382,8869,135,291,5,0,0,0,0,71485,39,168,0,0,0,0,0
580,5254,581.3058946144316,99956,316,154,35,5,9526,4389,0.13921125295129858,173,82,22731,17142,6189,2819,20554,29796,46957,33943,0,0,15510,3385,8925,137,298,5,0,0,0,0,71489,39,168,0,0,0,0,0
581,5254,582.4856921178948,99956,318,146,35,5,9576,4409,0.13991156108687822,158,84,22780,17225,6208,2834,20499,29704,46987,33980,0,0,15434,3394,8982,137,303,5,0,0,0,0,71494,39,168,0,0,0,0,0
582,5254,583.0744629104287,99956,320,150,35,5,9603,4425,0.14034175037016286,155,69,22791,17280,6212,2840,20485,29654,47016,34016,0,0,15369,3394,9019,137,303,5,0,0,0,0,71522,39,168,0,0,0,0,0
583,5254,584.2512618761732,99955,305,149,35,6,9642,4443,0.14091341103496574,161,68,22851,17345,6223,2845,20423,29585,47044,34051,0,0,15302,3394,9075,141,307,5,0,0,0,0,71524,39,168,0,0,0,0,0
584,5254,585.4253552361688,99955,299,148,35,6,9685,4467,0.14158371267070183,161,54,22901,17463,6239,2854,20363,29473,47072,34085,0,0,15231,3402,9129,142,312,5,0,0,0,0,71527,39,168,0,0,0,0,0
585,5254,586.0108944653202,99955,302,152,35,6,9712,4478,0.14196388374768645,156,53,22900,17501,6250,2850,20355,29436,47099,34119,0,0,15166,3404,9154,144,312,5,0,0,0,0,71563,39,168,0,0,0,0,0
586,5254,587.1821023194993,99955,306,134,35,6,9768,4489,0.14263418538342254,146,63,22967,17582,6269,2868,20275,29345,47126,34152,0,0,15104,3404,9219,146,318,5,0,0,0,0,71552,39,168,0,0,0,0,0
587,5254,588.3507033254751,99954,302,125,36,6,9814,4502,0.14322588390659705,139,74,23020,17674,6282,2876,20219,29243,47152,34184,0,0,15047,3403,9289,146,319,5,0,0,0,0,71538,39,168,0,0,0,0,0
588,5254,589.5163356565965,99954,295,132,36,6,9857,4523,0.14386617844208335,125,65,23077,17775,6291,2874,20174,29146,47177,34216,0,0,14984,3407,9333,148,325,5,0,0,0,0,71545,39,168,0,0,0,0,0
589,5254,590.0982467649656,99954,287,131,36,6,9873,4530,0.14409628429077376,123,62,23097,17798,6290,2877,20165,29124,47202,34247,0,0,14928,3407,9359,148,328,5,0,0,0,0,71572,39,168,0,0,0,0,0
590,5254,591.2605717379005,99953,282,130,37,6,9913,4554,0.14473802687263013,108,52,23165,17904,6308,2891,20098,29015,47226,34278,0,0,14869,3409,9420,150,329,5,0,0,0,0,71564,39,168,0,0,0,0,0
591,5254,592.4196940472426,99953,256,116,37,6,9940,4570,0.1451682290676618,113,50,23232,18006,6328,2905,20032,28915,47250,34308,0,0,14818,3405,9499,151,332,5,0,0,0,0,71536,39,168,0,0,0,0,0
592,5254,593.5758634103446,99953,249,115,37,6,9983,4584,0.145738497093634,106,59,23296,18085,6344,2910,19966,28823,47273,34337,0,0,14758,3412,9551,152,334,5,0,0,0,0,71534,39,168,0,0,0,0,0
593,5254,594.1528805926032,99953,232,121,37,6,9992,4597,0.14595860054225485,115,50,23301,18118,6352,2906,19961,28797,47296,34366,0,0,14710,3407,9582,153,337,5,0,0,0,0,71553,39,167,0,0,0,0,0
594,5254,595.3055862630407,99953,235,115,37,6,10033,4611,0.146508859163807,105,50,23365,18225,6361,2914,19895,28688,47318,34394,0,0,14649,3415,9620,156,340,5,0,0,0,0,71562,39,167,0,0,0,0,0
595,5254,596.4558032758566,99953,221,114,37,6,10067,4625,0.14698908486988885,96,58,23422,18332,6385,2909,19837,28579,47340,34422,0,0,14597,3416,9676,157,342,5,0,0,0,0,71554,39,167,0,0,0,0,0
596,5254,597.0298376176022,99953,225,112,37,6,10086,4633,0.1472592118295599,96,59,23441,18370,6374,2915,19825,28536,47361,34449,0,0,14548,3417,9700,157,342,5,0,0,0,0,71578,39,167,0,0,0,0,0
597,5254,598.1763982465992,99953,217,105,37,6,10108,4649,0.14763939051354136,101,55,23496,18464,6373,2923,19774,28445,47382,34476,0,0,14496,3419,9739,159,346,5,0,0,0,0,71583,39,167,0,0,0,0,0
598,5254,599.3203605849335,99953,208,110,37,6,10128,4669,0.14803957860194292,102,53,23567,18571,6369,2924,19715,28334,47402,34502,0,0,14449,3420,9780,159,347,5,0,0,0,0,71587,39,167,0,0,0,0,0
599,5254,600.4609117959194,99953,208,104,37,6,10160,4684,0.14850979960581473,98,46,23622,18683,6375,2930,19658,28229,47422,34528,0,0,14395,3428,9823,159,348,5,0,0,0,0,71589,39,167,0,0,0,0,0
600,5254,601.0303030869192,99953,209,99,37,6,10175,4687,0.14868988424559543,91,47,23646,18727,6377,2933,19638,28186,47441,34553,0,0,14350,3429,9842,159,349,5,0,0,0,0,71613,39,167,0,0,0,0,0
601,5254,602.1673682585314,99953,198,93,37,6,10199,4702,0.14908006763178694,86,39,23729,18827,6383,2947,19565,28086,47460,34578,0,0,14299,3435,9884,160,351,6,0,0,0,0,71613,39,166,0,0,0,0,0
602,5254,603.3008300895268,99953,206,92,37,6,10235,4712,0.14954028393344873,93,40,23774,18926,6387,2947,19501,27987,47479,34602,0,0,14252,3440,9910,159,356,6,0,0,0,0,71625,39,166,0,0,0,0,0
603,5254,604.4318070854238,99953,207,84,37,6,10256,4723,0.14986043440416996,93,39,23846,19017,6378,2949,19437,27903,47497,34626,0,0,14210,3441,9936,158,363,6,0,0,0,0,71634,39,166,0,0,0,0,0
604,5254,605.5595972160542,99953,196,76,37,6,10283,4729,0.15019058957710124,90,43,23901,19102,6380,2952,19394,27819,47515,34649,0,0,14164,3445,9976,159,366,6,0,0,0,0,71632,39,166,0,0,0,0,0
605,5254,606.1225182744081,99953,192,71,37,6,10296,4731,0.15034066011025182,85,43,23911,19140,6388,2949,19385,27789,47532,34672,0,0,14122,3447,9996,159,367,6,0,0,0,0,71651,39,166,0,0,0,0,0
606,5254,607.2470928092752,99953,190,65,37,6,10327,4742,0.15076085760307345,75,38,23956,19242,6392,2952,19348,27695,47549,34694,0,0,14074,3456,10035,159,368,6,0,0,0,0,71650,39,166,0,0,0,0,0
607,5254,608.3699145169817,99953,190,69,37,6,10351,4754,0.15112102688263485,66,33,24025,19355,6387,2941,19293,27594,47566,34716,0,0,14036,3456,10063,158,371,6,0,0,0,0,71658,39,166,0,0,0,0,0
608,5254,609.4897487070081,99953,193,66,37,6,10379,4761,0.1514711914599862,63,30,24088,19445,6378,2942,19239,27509,47582,34738,0,0,13999,3455,10093,158,374,6,0,0,0,0,71663,39,166,0,0,0,0,0
609,5254,610.0485333973721,99953,185,66,37,6,10384,4764,0.1515512290776665,69,34,24112,19485,6370,2936,19225,27471,47598,34759,0,0,13960,3457,10107,158,374,6,0,0,0,0,71686,39,166,0,0,0,0,0
610,5254,611.1644562851428,99953,176,64,37,6,10407,4770,0.15184136544175764,66,37,24161,19567,6382,2930,19176,27394,47614,34780,0,0,13922,3458,10138,158,378,6,0,0,0,0,71688,39,166,0,0,0,0,0
611,5254,612.2779528278688,99953,168,62,37,6,10421,4783,0.15211149240142868,71,37,24236,19668,6372,2933,19114,27292,47629,34800,0,0,13887,3458,10169,158,381,6,0,0,0,0,71689,39,166,0,0,0,0,0
612,5254,613.3886356706523,99953,180,58,37,6,10449,4793,0.15249167108541015,65,35,24296,19773,6362,2938,19058,27188,47644,34820,0,0,13853,3458,10193,157,385,6,0,0,0,0,71696,39,166,0,0,0,0,0
613,5254,614.4962070803348,99952,166,65,38,6,10468,4806,0.15281335040819594,68,30,24370,19859,6368,2930,18988,27108,47659,34840,0,0,13809,3467,10216,157,388,6,0,0,0,0,71704,39,166,0,0,0,0,0
614,5254,615.0486688430567,99952,153,66,38,6,10473,4812,0.1529234032335521,75,30,24380,19906,6377,2929,18975,27061,47673,34859,0,0,13770,3471,10229,159,389,6,0,0,0,0,71723,39,166,0,0,0,0,0
615,5254,616.1522841656728,99952,147,62,38,6,10504,4820,0.15331359052345125,58,34,24456,20013,6376,2929,18923,26954,47687,34878,0,0,13728,3479,10266,160,390,6,0,0,0,0,71718,39,166,0,0,0,0,0
616,5254,617.2530940347533,99952,142,55,38,6,10520,4829,0.15356371058107893,69,37,24515,20123,6367,2934,18867,26843,47701,34897,0,0,13686,3488,10286,160,394,6,0,0,0,0,71727,39,166,0,0,0,0,0
617,5254,618.3511172461295,99952,133,62,38,6,10534,4842,0.15383384024331678,66,29,24580,20211,6361,2929,18820,26761,47715,34915,0,0,13651,3490,10308,160,396,6,0,0,0,0,71736,39,166,0,0,0,0,0
618,5254,619.4465083955431,99952,131,60,38,6,10551,4854,0.15412397951016488,72,26,24647,20300,6353,2932,18757,26674,47728,34933,0,0,13622,3487,10334,161,400,6,0,0,0,0,71737,39,166,0,0,0,0,0
619,5254,620.5386912086551,99952,124,57,38,6,10567,4858,0.154324075556267,71,26,24708,20381,6346,2926,18711,26602,47741,34951,0,0,13591,3487,10364,161,400,6,0,0,0,0,71738,39,166,0,0,0,0,0
620,5254,621.0838094780842,99952,120,55,38,6,10575,4861,0.15443412838162318,69,26,24737,20423,6341,2925,18693,26563,47754,34968,0,0,13560,3488,10380,161,400,6,0,0,0,0,71752,39,166,0,0,0,0,0
621,5254,622.1724450981321,99952,115,52,38,6,10592,4867,0.15466423883464062,68,23,24799,20518,6345,2918,18633,26481,47767,34985,0,0,13529,3489,10402,161,404,6,0,0,0,0,71756,39,166,0,0,0,0,0
622,5254,623.2582802966732,99952,119,56,38,6,10603,4875,0.15485433007843766,68,17,24847,20569,6339,2916,18587,26434,47779,35002,0,0,13500,3489,10411,161,405,6,0,0,0,0,71775,39,166,0,0,0,0,0
623,5254,624.0237926861257,99952,122,52,38,6,10617,4880,0.15504442132223467,64,15,24871,20632,6338,2911,18565,26382,47791,35018,0,0,13478,3485,10429,159,410,6,0,0,0,0,71780,39,166,0,0,0,0,0
624,5254,625.2744277076372,99951,118,47,39,6,10634,4883,0.15524607057458154,56,16,24974,20737,6326,2911,18485,26281,47803,35034,0,0,13445,3489,10445,160,413,6,0,0,0,0,71788,39,166,0,0,0,0,0
625,5254,626.0036799505884,99951,115,45,39,6,10642,4885,0.1553461195986033,55,19,25012,20793,6325,2911,18452,26224,47815,35050,0,0,13416,3490,10455,160,415,6,0,0,0,0,71804,39,166,0,0,0,0,0
626,5254,627.4790305235073,99951,113,45,39,6,10662,4892,0.1556162519634621,50,20,25107,20927,6320,2901,18369,26099,47826,35065,0,0,13386,3494,10474,160,418,6,0,0,0,0,71808,39,166,0,0,0,0,0
627,5254,628.4634753323817,99951,111,42,39,6,10677,4897,0.15581635001150565,54,17,25201,21018,6304,2899,18289,26016,47837,35080,0,0,13359,3495,10496,160,419,6,0,0,0,0,71811,39,166,0,0,0,0,0
628,5254,629.268512586059,99951,104,41,39,6,10692,4899,0.15598643335234263,55,20,25257,21101,6309,2895,18234,25935,47848,35095,0,0,13329,3500,10516,160,419,6,0,0,0,0,71816,38,167,0,0,0,0,0
629,5254,630.0559300767418,99951,112,40,39,6,10707,4901,0.15615651669317965,73,43,25271,21133,6301,2894,18202,25882,47859,35110,0,0,13308,3494,10526,160,420,6,1,0,0,3,71828,38,167,0,0,0,0,0
630,5254,631.225710756603,99951,114,46,39,6,10727,4913,0.15647667357004932,86,42,25343,21226,6292,2887,18124,25791,47869,35124,0,0,13288,3486,10532,160,422,6,5,0,0,21,71826,38,167,0,0,0,0,0
631,5254,632.100571298024,99951,111,52,39,6,10741,4920,0.15668677652049504,98,44,25390,21296,6283,2881,18077,25719,47879,35138,0,0,13268,3478,10536,162,424,6,7,0,0,33,71832,38,167,0,0,0,0,0
632,5254,633.264475866052,99951,120,53,39,6,10772,4936,0.15715700693339738,106,46,25442,21390,6278,2884,18013,25619,47889,35152,0,0,13243,3472,10539,163,426,6,13,0,0,61,71823,38,167,0,0,0,0,0
633,5254,634.1355538024083,99951,122,57,39,6,10798,4946,0.15751718341987575,104,49,25485,21459,6280,2874,17968,25553,47899,35166,0,0,13218,3466,10541,165,428,6,18,0,0,82,71822,38,167,0,0,0,0,0
634,5254,635.0052098659796,99951,124,62,39,6,10819,4958,0.1578473451991476,111,52,25531,21530,6268,2869,17925,25479,47909,35179,0,0,13199,3459,10542,165,434,6,21,0,0,99,71821,38,167,0,0,0,0,0
635,5254,636.162355674583,99951,138,63,39,6,10854,4971,0.1583275805144521,122,61,25590,21608,6251,2870,17858,25390,47919,35192,0,0,13172,3453,10545,168,434,6,28,0,0,122,71818,38,167,0,0,0,0,0
636,5254,637.0281742957586,99951,151,71,39,6,10883,4989,0.1587978109273544,114,63,25640,21666,6238,2867,17816,25325,47928,35205,0,0,13152,3448,10547,169,436,6,30,0,0,143,71815,38,167,0,0,0,0,0
637,5254,638.1796421823942,99950,156,79,40,6,10910,5010,0.15927963981990995,137,67,25680,21747,6233,2869,17752,25230,47937,35218,0,0,13125,3446,10545,170,439,6,36,0,0,167,71811,38,167,0,0,0,0,0
638,5254,639.041811110355,99950,171,87,40,6,10937,5025,0.15969984992496247,141,71,25715,21811,6226,2873,17705,25150,47946,35231,0,0,13106,3443,10545,170,442,6,36,0,0,183,71814,38,167,0,0,0,0,0
639,5254,640.1892364871035,99950,173,96,40,6,10972,5046,0.1602601300650325,159,75,25754,21900,6225,2873,17647,25048,47955,35243,0,0,13082,3439,10542,171,449,6,42,0,0,214,71801,38,166,0,0,0,0,0
640,5254,641.048484174048,99950,189,102,40,6,11003,5063,0.16074037018509255,176,75,25771,21951,6222,2878,17600,24986,47964,35255,0,0,13058,3436,10542,171,452,6,48,0,0,231,71802,38,166,0,0,0,0,0
641,5254,642.192840493009,99950,206,111,40,6,11062,5087,0.16157078539269634,181,80,25791,22025,6243,2880,17537,24896,47973,35267,0,0,13026,3434,10539,172,456,6,60,0,0,271,71782,38,166,0,0,0,0,0
642,5254,643.0501237291252,99950,214,116,40,6,11100,5107,0.1621510755377689,188,87,25825,22083,6247,2884,17484,24822,47981,35279,0,0,13003,3429,10540,174,458,6,66,0,0,306,71764,38,166,0,0,0,0,0
643,5254,644.1910251070631,99950,225,118,40,6,11150,5126,0.16284142071035518,208,105,25872,22161,6251,2889,17402,24719,47989,35290,0,0,12978,3424,10538,175,464,6,76,0,0,345,71740,38,166,0,0,0,0,0
644,5254,645.045036114299,99950,245,129,40,6,11197,5145,0.16350175087543772,213,112,25921,22232,6255,2884,17324,24635,47997,35301,0,0,12956,3419,10538,176,468,6,83,0,0,368,71732,38,166,0,0,0,0,0
645,5254,646.181081948578,99950,270,145,40,6,11268,5180,0.16456228114057028,231,117,25940,22304,6277,2885,17240,24541,48005,35312,0,0,12926,3417,10526,177,481,6,95,0,0,407,71711,38,166,0,0,0,0,0
646,5254,647.0319336089614,99949,291,151,41,6,11325,5205,0.1653843460164684,241,122,25953,22363,6288,2895,17184,24461,48013,35323,0,0,12898,3415,10520,177,488,7,106,0,0,441,71693,38,166,0,0,0,0,0
647,5254,648.165132386204,99948,317,155,42,6,11394,5247,0.16649657822067476,274,128,25988,22437,6290,2919,17087,24353,48021,35334,0,0,12870,3407,10517,179,497,7,119,0,0,495,71653,38,166,0,0,0,0,0
648,5254,649.0134511903249,99948,327,176,42,6,11443,5286,0.16737703605875054,289,123,26009,22499,6302,2929,17029,24265,48028,35345,0,0,12845,3401,10515,182,503,7,129,0,0,533,71630,38,165,0,0,0,0,0
649,5254,650.1429065612607,99948,366,178,42,6,11534,5320,0.1686276863969264,318,138,26028,22578,6321,2954,16923,24144,48035,35355,0,0,12817,3394,10511,185,511,7,144,0,0,591,71585,38,165,0,0,0,0,0
650,5254,651.2706779521247,99948,430,184,42,6,11655,5361,0.1702485292352023,319,158,26031,22650,6349,2974,16827,24026,48042,35365,0,0,12790,3391,10509,186,513,9,156,0,0,664,71527,38,165,0,0,0,0,0
651,5254,652.1156326823823,99948,447,195,42,6,11718,5393,0.17119902349221594,370,176,26035,22700,6364,2982,16740,23939,48049,35375,0,0,12767,3383,10506,190,520,9,165,0,0,710,71495,38,165,0,0,0,0,0
652,5254,653.2408833264082,99948,496,227,42,6,11829,5451,0.1728899027494297,436,191,26006,22762,6378,2988,16640,23824,48056,35385,0,0,12735,3379,10507,192,520,10,182,0,0,777,71443,38,165,0,0,0,0,0
653,5254,654.0844399584363,99948,537,244,42,6,11935,5493,0.17437067274982992,447,201,25982,22815,6403,2996,16587,23736,48063,35395,0,0,12704,3374,10501,195,528,10,198,0,0,840,71395,38,165,0,0,0,0,0
654,5254,655.2095207281774,99948,575,263,42,6,12074,5552,0.17635170288550045,489,233,25954,22867,6455,3019,16483,23610,48070,35405,0,0,12666,3361,10485,203,550,10,224,0,0,924,71322,38,165,0,0,0,0,0
655,5254,656.0530631844617,99948,596,287,42,6,12171,5612,0.17792251971024933,541,231,25933,22907,6497,3047,16389,23520,48077,35414,0,0,12623,3357,10477,206,558,11,252,0,0,995,71266,38,165,0,0,0,0,0
656,5254,657.1773401120632,99947,659,289,42,7,12324,5669,0.18002541346913864,592,278,25907,22935,6536,3076,16262,23413,48083,35423,0,0,12589,3349,10465,213,571,12,273,0,0,1096,71177,37,165,0,0,0,0,0
657,5254,658.0199861283036,99946,704,315,43,7,12453,5725,0.18187821423568726,625,310,25880,22958,6583,3088,16163,23320,48089,35432,0,0,12552,3342,10462,217,577,12,298,0,0,1173,71111,37,165,0,0,0,0,0
658,5254,659.1432836954747,99946,777,346,43,7,12638,5807,0.18454965681467994,676,337,25830,22997,6635,3115,16037,23196,48095,35441,0,0,12512,3331,10455,222,590,12,329,0,0,1287,71006,37,165,0,0,0,0,0
659,5254,660.2669623942585,99945,841,372,43,8,12839,5898,0.18747311021061583,745,347,25760,23029,6703,3162,15906,23080,48101,35450,0,0,12466,3317,10442,234,607,12,363,0,0,1425,70879,36,164,0,0,0,0,0
660,5254,661.1102475871419,99945,886,410,43,8,12986,5982,0.18978438140977538,787,363,25714,23034,6759,3198,15809,22985,48107,35459,0,0,12424,3308,10433,241,618,13,392,0,0,1523,70793,36,164,0,0,0,0,0
661,5254,662.2353526997094,99945,964,437,43,8,13213,6083,0.19306618640252138,863,383,25617,23077,6853,3250,15658,22843,48113,35468,0,0,12369,3292,10414,253,641,13,436,0,0,1667,70660,36,164,0,0,0,0,0
662,5254,663.0804510699111,99945,1042,465,43,8,13411,6161,0.19582770523788084,883,412,25542,23079,6923,3289,15565,22745,48119,35476,0,0,12328,3282,10397,259,663,14,466,0,0,1775,70562,36,163,0,0,0,0,0
663,5254,664.2089187945819,99945,1121,499,43,8,13663,6280,0.19953974686077341,972,463,25438,23095,7013,3354,15411,22579,48125,35484,0,0,12267,3267,10374,270,694,15,516,0,0,1935,70410,36,161,0,0,0,0,0
664,5254,665.0563969751117,99944,1211,550,43,9,13876,6380,0.2026734971584087,1025,468,25345,23105,7085,3387,15289,22479,48131,35492,0,0,12231,3252,10364,282,707,15,541,0,0,2056,70299,36,161,0,0,0,0,0
665,5254,666.1886922681848,99944,1335,604,43,9,14188,6511,0.20710597934843514,1081,522,25202,23088,7204,3441,15133,22334,48137,35500,0,0,12168,3234,10338,297,739,15,592,0,0,2219,70145,36,161,0,0,0,0,0
666,5254,667.0399393781571,99943,1417,655,43,10,14443,6637,0.21092022452798095,1125,519,25090,23093,7322,3502,15001,22219,48142,35508,0,0,12116,3213,10317,317,766,16,631,0,0,2370,70000,36,161,0,0,0,0,0
667,5254,668.178555345165,99943,1499,730,43,10,14755,6816,0.21583302482414976,1264,577,24908,23061,7462,3577,14822,22043,48147,35516,0,0,12036,3196,10283,331,806,17,700,0,0,2575,69803,36,160,0,0,0,0,0
668,5254,669.0354215926359,99942,1551,743,44,10,15001,6940,0.21953733165235836,1392,629,24749,23041,7578,3665,14684,21910,48152,35524,0,0,11978,3183,10262,344,833,17,744,0,0,2788,69597,36,160,0,0,0,0,0
669,5254,670.1821334648052,99940,1701,819,46,10,15409,7142,0.2256453872323394,1515,650,24580,23030,7726,3766,14430,21723,48157,35532,0,0,11914,3159,10233,369,868,19,794,0,0,3049,69342,35,158,0,0,0,0,0
670,5254,671.0445744890446,99939,1818,865,46,11,15753,7287,0.23054062978416834,1543,690,24409,23013,7884,3846,14298,21573,48162,35539,0,0,11850,3144,10201,380,905,22,848,0,0,3260,69136,35,158,0,0,0,0,0
671,5254,672.2001136637617,99939,1960,957,46,11,16225,7503,0.23742482914577892,1647,762,24172,22981,8097,3939,14076,21348,48167,35546,0,0,11760,3127,10162,394,953,23,927,0,0,3563,68838,35,157,0,0,0,0,0
672,5254,673.0711636595784,99939,2121,989,46,11,16628,7663,0.2430582655419806,1714,838,23973,22935,8262,4046,13882,21179,48172,35553,0,0,11688,3109,10132,413,986,27,986,0,0,3806,68600,35,157,0,0,0,0,0
673,5254,674.2395394125684,99937,2262,1063,46,13,17134,7892,0.2504177631908102,1833,917,23690,22871,8490,4154,13677,20980,48177,35560,0,0,11600,3084,10083,438,1050,31,1057,0,0,4134,68270,34,156,0,0,0,0,0
674,5254,675.1217048921001,99936,2404,1103,47,13,17546,8073,0.25635406660262566,1924,994,23450,22812,8673,4260,13500,20816,48182,35567,0,0,11520,3061,10042,465,1097,35,1122,0,0,4385,68021,33,155,0,0,0,0,0
675,5254,676.009432924244,99936,2484,1220,47,13,17962,8317,0.2629582933077169,2047,1022,23211,22739,8893,4359,13316,20645,48187,35574,0,0,11433,3036,10004,487,1150,37,1197,0,0,4679,67727,33,153,0,0,0,0,0
676,5254,677.2023966247335,99934,2656,1297,49,13,18553,8622,0.27192947345247864,2269,1138,22861,22609,9138,4555,13025,20386,48192,35581,0,0,11324,3006,9947,520,1227,39,1287,0,0,5093,67306,33,152,0,0,0,0,0
677,5254,678.1040593370692,99933,2849,1376,49,14,19078,8889,0.27985750452803376,2361,1216,22567,22485,9342,4704,12830,20203,48197,35588,0,0,11229,2988,9898,536,1284,44,1368,0,0,5433,66968,33,152,0,0,0,0,0
678,5254,679.0135083451821,99932,3067,1450,50,14,19667,9168,0.2885462114237682,2454,1300,22238,22379,9580,4860,12609,19995,48201,35595,0,0,11111,2960,9860,563,1335,47,1474,0,0,5802,66597,33,150,0,0,0,0,0
679,5254,680.2397982557179,99927,3296,1589,53,16,20455,9595,0.300719525253435,2583,1354,21799,22234,9957,5083,12310,19722,48205,35601,0,0,10971,2927,9798,591,1421,51,1601,0,0,6365,66019,33,150,0,0,0,0,0
680,5254,681.1706891965384,99926,3433,1692,54,16,21038,9913,0.30973920701318974,2745,1420,21472,22111,10246,5252,12048,19507,48209,35607,0,0,10854,2887,9740,634,1495,56,1703,0,0,6771,65605,32,149,0,0,0,0,0
681,5254,682.1114583404412,99924,3598,1786,56,16,21677,10252,0.31953284496217127,2895,1472,21095,21968,10549,5456,11805,19300,48213,35613,0,0,10715,2854,9680,670,1563,62,1827,0,0,7228,65145,31,149,0,0,0,0,0
682,5254,683.0635907746357,99922,3807,1911,58,16,22391,10616,0.33032765557134564,3024,1539,20688,21826,10874,5649,11547,19057,48217,35619,0,0,10587,2812,9617,711,1657,65,1941,0,0,7676,64676,31,149,0,0,0,0,0
683,5254,684.0290592093987,99919,4039,2026,60,17,23144,11011,0.34182687977261583,3133,1602,20299,21658,11182,5860,11285,18835,48221,35625,0,0,10456,2775,9539,746,1762,74,2061,0,0,8161,64168,30,147,0,0,0,0,0
684,5254,685.0076237941922,99916,4235,2090,62,18,23911,11407,0.3534769206133152,3291,1703,19861,21502,11525,6119,11024,18566,48225,35631,0,0,10294,2741,9479,779,1850,80,2209,0,0,8744,63566,29,145,0,0,0,0,0
685,5254,686.0022953243698,99914,4452,2197,63,19,24759,11843,0.3663350481414016,3403,1753,19392,21331,11935,6390,10753,18308,48229,35637,0,0,10148,2703,9375,824,1998,86,2328,0,0,9311,62967,29,145,0,0,0,0,0
686,5254,687.014739558411,99913,4684,2326,64,19,25643,12295,0.3797103480027624,3528,1846,18924,21109,12326,6638,10472,18060,48233,35643,0,0,9999,2663,9282,874,2145,97,2448,0,0,9863,62370,29,143,0,0,0,0,0
687,5254,688.04565482816,99910,4898,2448,65,21,26545,12739,0.39319387448703835,3695,1990,18483,20873,12703,6875,10154,17791,48237,35649,0,0,9832,2617,9176,921,2293,109,2598,0,0,10438,61754,29,143,0,0,0,0,0
688,5254,689.0946274334585,99908,5171,2606,65,23,27552,13288,0.40877607398806903,3817,2069,17986,20656,13132,7168,9827,17476,48241,35655,0,0,9642,2570,9074,965,2453,118,2763,0,0,11094,61059,29,141,0,0,0,0,0
689,5254,690.1650814564719,99903,5321,2723,69,24,28555,13849,0.42445171816662164,4001,2143,17450,20432,13641,7513,9516,17163,48245,35661,0,0,9422,2512,8956,1033,2656,130,2950,0,0,11788,60288,29,139,0,0,0,0,0
690,5254,691.2614189678152,99899,5607,2892,71,26,29688,14467,0.4419964163805444,4084,2167,16916,20186,14118,7859,9202,16868,48249,35666,0,0,9224,2449,8853,1099,2840,145,3120,0,0,12520,59485,27,137,0,0,0,0,0
691,5254,692.007390295171,99898,5755,3042,71,27,30455,14921,0.4542233077739294,4152,2232,16568,19977,14496,8087,8956,16633,48253,35671,0,0,9066,2410,8787,1144,2957,159,3260,0,0,13038,58914,26,137,0,0,0,0,0
692,5254,693.1489025939513,99893,6008,3191,75,28,31648,15592,0.4729060094300902,4376,2292,15957,19698,14967,8477,8615,16312,48257,35676,0,0,8856,2351,8665,1216,3164,180,3433,0,0,13868,57999,24,137,0,0,0,0,0
693,5254,694.3238083222212,99889,6315,3292,76,31,32954,16243,0.4925166935298181,4498,2445,15331,19391,15516,8885,8262,15954,48261,35681,0,0,8640,2287,8538,1290,3399,206,3614,0,0,14712,57044,23,136,0,0,0,0,0
694,5254,695.1236273656597,99887,6441,3409,78,31,33819,16722,0.5059817593881085,4598,2502,14931,19187,15907,9149,8043,15720,48265,35686,0,0,8481,2248,8449,1347,3563,227,3740,0,0,15303,56372,22,135,0,0,0,0,0
695,5254,696.2881458499547,99884,6660,3560,81,31,35147,17456,0.5266409034479996,4658,2566,14345,18915,16521,9569,7733,15357,48268,35691,0,0,8250,2169,8289,1463,3845,263,3911,0,0,16145,55395,22,132,0,0,0,0,0
696,5254,697.0369623181151,99882,6841,3699,83,31,36062,17956,0.5408181654352135,4647,2630,14003,18697,16914,9826,7510,15115,48271,35696,0,0,8082,2130,8204,1515,4036,277,4043,0,0,16692,54752,22,129,0,0,0,0,0
697,5254,698.121733906557,99881,7031,3802,84,31,37336,18622,0.5602466935653427,4653,2767,13534,18396,17501,10224,7195,14778,48274,35701,0,0,7856,2068,8048,1595,4316,308,4221,0,0,17544,53778,20,127,0,0,0,0,0
698,5254,699.1657266358676,99876,7221,3965,87,33,38552,19338,0.579618727221755,4730,2804,13019,18138,18028,10604,6913,14454,48277,35706,0,0,7643,2020,7915,1669,4582,336,4382,0,0,18362,52826,18,123,0,0,0,0,0
699,5254,700.1734706389666,99873,7414,4127,89,34,39738,20043,0.59857018413385,4760,2884,12586,17838,18508,10973,6641,14142,48280,35711,0,0,7436,1958,7784,1752,4857,368,4542,0,0,19101,51937,18,120,0,0,0,0,0
700,5254,701.1500530045233,99870,7520,4199,92,34,40853,20752,0.6168519074797236,4889,2948,12158,17574,18979,11422,6360,13821,48283,35716,0,0,7235,1916,7643,1822,5142,410,4682,0,0,19926,50958,17,119,0,0,0,0,0
701,5254,702.097534202278,99861,7652,4319,100,35,42003,21456,0.6354733078979782,4934,2975,11762,17329,19452,11829,6098,13511,48286,35721,0,0,7043,1860,7507,1909,5436,448,4817,0,0,20679,50028,15,119,0,0,0,0,0
702,5254,703.0184952436188,99858,7731,4434,101,37,43123,22133,0.6534879528931082,4985,3027,11355,17070,19968,12212,5858,13218,48289,35726,0,0,6833,1798,7376,1998,5746,484,4971,0,0,21389,49130,15,118,0,0,0,0,0
703,5254,704.2072316746145,99852,7824,4604,104,40,44557,23027,0.676841725754116,5021,3058,10893,16749,20582,12677,5574,12870,48292,35731,0,0,6585,1729,7203,2106,6155,539,5138,0,0,22286,47980,15,116,0,0,0,0,0
704,5254,705.0724667423734,99845,7988,4690,110,41,45713,23682,0.6950272923030698,4970,3075,10552,16496,21002,13085,5376,12611,48295,35736,0,0,6406,1678,7083,2182,6477,583,5252,0,0,22936,47120,15,113,0,0,0,0,0
705,5254,706.1968624888476,99837,8086,4805,118,41,47091,24554,0.7176197201438345,5081,3102,10131,16180,21449,13586,5133,12284,48298,35740,0,0,6149,1609,6907,2292,6888,652,5417,0,0,23749,46049,14,111,0,0,0,0,0
706,5254,707.0213413592396,99834,8228,4857,121,41,48136,25208,0.7346595348278142,5095,3091,9807,15990,21797,13986,4950,12033,48301,35744,0,0,5974,1570,6803,2338,7196,697,5539,0,0,24389,45207,13,108,0,0,0,0,0
707,5254,708.0959308755304,99831,8314,4894,122,43,49490,26030,0.756478448578097,5102,3144,9430,15703,22321,14505,4709,11709,48304,35748,0,0,5742,1524,6650,2405,7614,787,5697,0,0,25189,44102,13,108,0,0,0,0,0
708,5254,709.1434007389888,99822,8345,4955,126,48,50760,26810,0.7770832081104366,5100,3183,9085,15424,22825,14950,4517,11438,48307,35752,0,0,5511,1447,6502,2531,8037,854,5841,0,0,25892,43093,12,102,0,0,0,0,0
709,5254,710.1665881853248,99820,8456,4984,128,48,52086,27595,0.7982468443197756,5059,3203,8731,15134,23322,15451,4302,11178,48310,35756,0,0,5316,1397,6372,2623,8446,930,5950,0,0,26662,42015,10,99,0,0,0,0,0
710,5254,711.1665141268957,99820,8580,5100,128,48,53399,28389,0.8193548387096774,4978,3181,8446,14888,23743,15858,4123,10923,48313,35760,0,0,5110,1350,6235,2697,8883,1003,6073,0,0,27299,41064,9,97,0,0,0,0,0
711,5254,712.1470087587381,99812,8552,5174,132,52,54636,29169,0.839628501582976,4956,3191,8131,14653,24278,16261,3949,10667,48316,35764,0,0,4923,1300,6094,2800,9363,1089,6148,0,0,27903,40090,9,93,0,0,0,0,0
712,5254,713.107179869392,99807,8547,5251,135,54,55813,29954,0.8593285040127446,4943,3183,7880,14400,24694,16721,3799,10389,48319,35768,0,0,4752,1247,5961,2882,9811,1178,6232,0,0,28512,39133,9,90,0,0,0,0,0
713,5254,714.0499679348709,99804,8586,5295,137,55,57003,30682,0.8785720011221995,4798,3183,7662,14182,25166,17122,3649,10161,48322,35772,0,0,4587,1216,5823,2955,10272,1272,6295,0,0,29046,38239,9,90,0,0,0,0,0
714,5254,715.2053671804617,99799,8502,5339,140,57,58379,31615,0.9017525225703664,4840,3185,7339,13891,25699,17655,3478,9871,48325,35776,0,0,4374,1162,5656,3062,10807,1402,6387,0,0,29780,37075,9,85,0,0,0,0,0
715,5254,716.1131686538716,99795,8418,5381,143,58,59437,32312,0.9193747181722531,4823,3170,7122,13718,26146,18004,3346,9667,48328,35780,0,0,4222,1125,5527,3137,11226,1517,6445,0,0,30292,36211,9,84,0,0,0,0,0
716,5254,717.0071952868037,99788,8448,5374,147,61,60502,33005,0.9370565599070029,4770,3147,6921,13503,26469,18446,3243,9467,48331,35784,0,0,4068,1088,5406,3214,11662,1624,6503,0,0,30721,35412,9,81,0,0,0,0,0
717,5254,718.1097921375441,99782,8390,5412,149,65,61775,33895,0.9587901625543686,4752,3068,6728,13297,26901,18936,3078,9220,48334,35788,0,0,3890,1034,5272,3328,12189,1751,6551,0,0,31298,34379,9,81,0,0,0,0,0
718,5254,719.196594100293,99777,8319,5450,154,65,63030,34768,0.9801657696663559,4698,3014,6532,13064,27327,19418,2968,8987,48337,35792,0,0,3718,990,5122,3413,12751,1898,6594,0,0,31781,33422,9,79,0,0,0,0,0
719,5254,720.0551246775627,99774,8282,5402,156,66,64036,35402,0.9966323891995911,4661,3015,6406,12894,27645,19831,2848,8790,48339,35796,0,0,3590,959,5034,3498,13190,2015,6601,0,0,32152,32651,8,76,0,0,0,0,0
720,5254,721.1156024664554,99772,8233,5378,158,66,65252,36163,1.016467546004891,4603,3032,6223,12683,28067,20272,2714,8567,48341,35800,0,0,3426,919,4915,3581,13724,2164,6634,0,0,32553,31773,8,75,0,0,0,0,0
721,5254,722.1623661607359,99769,8202,5372,160,67,66409,36977,1.0362537461536148,4598,2988,6034,12465,28421,20756,2583,8350,48343,35804,0,0,3287,897,4801,3653,14246,2320,6651,0,0,32946,30888,8,72,0,0,0,0,0
722,5254,723.1970766381511,99763,8195,5311,165,68,67586,37743,1.0557922275793632,4544,2950,5854,12285,28780,21233,2460,8151,48345,35808,0,0,3149,848,4686,3740,14746,2485,6672,0,0,33337,30022,8,70,0,0,0,0,0
723,5254,724.0166531009575,99758,8135,5279,167,71,68534,38332,1.0712524308827363,4457,2932,5737,12174,29130,21543,2372,7999,48347,35812,0,0,3035,827,4570,3803,15196,2639,6672,0,0,33537,29401,8,70,0,0,0,0,0
724,5254,725.0305903706007,99752,8031,5232,170,74,69656,39063,1.0898929344775041,4370,2882,5618,12023,29528,21962,2281,7825,48349,35815,0,0,2903,793,4451,3912,15695,2822,6656,0,0,33859,28586,8,67,0,0,0,0,0
725,5254,726.0347540249762,99748,8013,5268,172,76,70812,39820,1.1091149697237037,4264,2780,5488,11879,29858,22348,2203,7647,48351,35818,0,0,2785,771,4343,3992,16247,2986,6630,0,0,34055,27867,8,64,0,0,0,0,0
726,5254,727.029447495674,99743,7883,5213,174,79,71866,40490,1.126454989322559,4163,2778,5395,11723,30259,22713,2124,7492,48353,35821,0,0,2669,740,4219,4070,16717,3193,6629,0,0,34317,27120,8,61,0,0,0,0,0
727,5254,728.0154159744573,99739,7838,5118,177,80,72895,41156,1.1434945206990244,4103,2722,5281,11594,30558,23134,2041,7350,48355,35824,0,0,2554,719,4124,4139,17204,3374,6620,0,0,34528,26409,7,61,0,0,0,0,0
728,5254,729.1884455123022,99735,7713,5066,180,81,74111,41952,1.163713841680453,3962,2656,5184,11452,31008,23574,1951,7169,48357,35827,0,0,2428,687,3988,4212,17807,3605,6608,0,0,34728,25605,7,60,0,0,0,0,0
729,5254,730.1586127367906,99731,7652,5012,184,81,75084,42602,1.1800342922461422,3916,2635,5122,11343,31228,23917,1896,7010,48359,35830,0,0,2328,665,3906,4276,18235,3812,6586,0,0,34889,24967,7,60,0,0,0,0,0
730,5254,731.123130032701,99725,7570,4997,188,83,76021,43254,1.1960391075457508,3813,2580,5059,11254,31549,24225,1819,6859,48361,35833,0,0,2245,649,3822,4318,18711,3996,6552,0,0,35001,24364,7,60,0,0,0,0,0
731,5254,732.0813133783627,99721,7502,4965,191,84,76984,43879,1.2120115121188115,3745,2574,5020,11140,31779,24532,1761,6703,48363,35836,0,0,2161,627,3725,4382,19180,4192,6514,0,0,35096,23777,7,60,0,0,0,0,0
732,5254,733.0344360123053,99715,7388,4886,194,87,77879,44492,1.2272075414932557,3691,2564,4963,11034,32070,24857,1692,6570,48365,35839,0,0,2086,607,3653,4452,19609,4410,6452,0,0,35185,23195,7,59,0,0,0,0,0
733,5254,734.1704186427369,99714,7193,4791,195,87,78860,45222,1.2443789237218446,3657,2471,4911,10926,32412,25312,1630,6411,48367,35842,0,0,1989,580,3556,4509,20203,4650,6416,0,0,35200,22545,7,59,0,0,0,0,0
734,5254,735.1124441485199,99713,7061,4704,196,87,79646,45793,1.258000461324,3624,2440,4885,10854,32651,25641,1581,6272,48369,35845,0,0,1919,559,3468,4582,20638,4838,6356,0,0,35268,22020,7,58,0,0,0,0,0
735,5254,736.0502940721284,99711,6816,4656,198,87,80419,46338,1.2712438948561342,3615,2406,4862,10777,32983,25902,1524,6170,48371,35848,0,0,1849,530,3383,4600,21118,5057,6324,0,0,35239,21547,7,57,0,0,0,0,0
736,5254,737.1689223187975,99706,6740,4504,202,88,81467,46969,1.2881471526287285,3449,2403,4832,10689,33289,26278,1486,6036,48373,35851,0,0,1772,507,3294,4698,21647,5306,6234,0,0,35225,20960,7,56,0,0,0,0,0
737,5254,738.096836670924,99704,6590,4491,203,89,82251,47514,1.3015024472438417,3389,2365,4806,10633,33570,26496,1440,5924,48375,35854,0,0,1722,488,3219,4751,22070,5507,6164,0,0,35217,20504,7,55,0,0,0,0,0
738,5254,739.0205190485897,99704,6465,4445,203,89,83025,48063,1.3147717243039396,3330,2319,4792,10582,33811,26751,1397,5812,48377,35857,0,0,1657,474,3149,4779,22465,5732,6126,0,0,35206,20055,7,54,0,0,0,0,0
739,5254,740.1239703458311,99698,6369,4371,206,92,83943,48668,1.3301269834901401,3243,2239,4766,10524,34078,27070,1336,5702,48379,35860,0,0,1594,457,3071,4814,22955,5972,6071,0,0,35140,19565,7,52,0,0,0,0,0
740,5254,741.040291579091,99696,6332,4283,207,93,84715,49158,1.3428121489327556,3145,2164,4769,10511,34252,27344,1293,5603,48381,35863,0,0,1540,450,3030,4861,23276,6201,6010,0,0,35112,19157,7,52,0,0,0,0,0
741,5254,742.1371988090012,99695,6233,4229,207,94,85561,49774,1.3574903455539395,3061,2047,4761,10489,34477,27639,1259,5500,48383,35866,0,0,1489,435,2967,4872,23740,6460,5964,0,0,35003,18711,7,47,0,0,0,0,0
742,5254,743.0492370829161,99693,6097,4123,208,95,86252,50235,1.3690730542766292,3014,1999,4784,10446,34669,27919,1226,5416,48385,35869,0,0,1422,424,2919,4881,24112,6692,5950,0,0,34904,18336,6,47,0,0,0,0,0
743,5254,744.1411603312891,99687,5979,4022,212,97,87053,50783,1.3826878128542337,2940,1956,4777,10405,34896,28209,1194,5309,48387,35872,0,0,1363,411,2842,4911,24507,6956,5886,0,0,34845,17917,6,43,0,0,0,0,0
744,5254,745.0490623897217,99685,5909,4001,214,97,87730,51246,1.3941515774690274,2856,1930,4780,10373,35066,28362,1173,5235,48389,35875,0,0,1327,390,2785,4936,24787,7189,5826,0,0,34791,17605,6,43,0,0,0,0,0
745,5254,746.1349949413323,99683,5755,3834,216,97,88509,51712,1.4066691411775327,2757,1948,4788,10336,35331,28627,1151,5156,48391,35878,0,0,1281,371,2733,4935,25185,7471,5774,0,0,34690,17196,6,41,0,0,0,0,0
746,5254,747.0376313494955,99680,5650,3775,218,98,89103,52148,1.4170445425361156,2719,1905,4787,10308,35496,28816,1128,5096,48393,35881,0,0,1247,358,2681,4965,25540,7661,5710,0,0,34565,16906,6,41,0,0,0,0,0
747,5254,748.1191182660505,99675,5530,3668,222,99,89820,52610,1.4289440682217205,2694,1888,4803,10291,35652,29042,1097,5010,48395,35884,0,0,1208,346,2611,4966,25874,7915,5650,0,0,34516,16544,6,39,0,0,0,0,0
748,5254,749.0184902482854,99674,5397,3656,222,100,90418,53043,1.4393021249272628,2608,1835,4817,10281,35875,29188,1079,4938,48397,35887,0,0,1174,339,2552,4963,26113,8162,5602,0,0,34469,16255,6,39,0,0,0,0,0
749,5254,750.0946977001591,99670,5245,3602,224,102,91106,53533,1.4511788903381158,2540,1794,4835,10246,36093,29391,1061,4863,48399,35890,0,0,1140,329,2497,4971,26449,8431,5539,0,0,34335,15935,6,38,0,0,0,0,0
750,5254,751.1688020664171,99667,5145,3471,225,104,91786,53984,1.4625703592964572,2468,1733,4851,10253,36271,29655,1038,4782,48401,35893,0,0,1107,314,2454,5004,26681,8728,5472,0,0,34276,15589,5,37,0,0,0,0,0
751,5254,752.0626119802089,99665,5100,3417,227,104,92380,54374,1.4724727838258165,2375,1690,4858,10239,36421,29832,1017,4716,48403,35896,0,0,1070,307,2424,5003,26944,8926,5424,0,0,34192,15334,5,36,0,0,0,0,0
752,5254,753.1334169696911,99664,5011,3381,227,105,93041,54829,1.483685182212233,2302,1653,4880,10224,36579,29996,999,4639,48405,35899,0,0,1026,294,2387,5012,27198,9174,5387,0,0,34121,15026,5,34,0,0,0,0,0
753,5254,754.0243209251396,99662,4872,3312,229,105,93549,55199,1.4925247335995666,2317,1619,4899,10224,36704,30157,977,4581,48407,35901,0,0,1004,288,2353,5001,27459,9400,5342,0,0,33998,14779,5,33,0,0,0,0,0
754,5254,755.0923159815997,99661,4747,3214,230,105,94168,55611,1.5028847794021734,2290,1554,4921,10258,36868,30364,942,4503,48409,35903,0,0,964,281,2311,5000,27710,9682,5305,0,0,33859,14512,4,33,0,0,0,0,0
755,5254,756.1586636716434,99659,4699,3142,231,106,94821,56024,1.5136114149248938,2174,1496,4961,10285,37007,30538,926,4431,48411,35905,0,0,931,273,2271,5010,27949,9948,5251,0,0,33718,14271,4,33,0,0,0,0,0
756,5254,757.0470187676659,99659,4630,3076,231,106,95302,56352,1.5217290962181038,2125,1493,4996,10277,37105,30664,911,4382,48413,35907,0,0,914,266,2234,5018,28139,10157,5203,0,0,33637,14056,4,31,0,0,0,0,0
757,5254,758.112303760112,99657,4469,3034,233,106,95853,56773,1.5315130898983513,2081,1406,5035,10297,37285,30834,895,4321,48415,35909,0,0,882,260,2191,5035,28387,10410,5149,0,0,33504,13805,4,30,0,0,0,0,0
758,5254,759.176538725789,99656,4348,2933,234,106,96382,57148,1.5405996628401701,2075,1346,5075,10359,37392,30986,874,4268,48417,35911,0,0,854,257,2156,5050,28588,10672,5109,0,0,33379,13558,4,29,0,0,0,0,0
759,5254,760.0633091996393,99654,4291,2838,236,106,96868,57427,1.5483071427137898,2037,1342,5121,10385,37458,31108,855,4219,48419,35913,0,0,838,251,2121,5053,28809,10864,5067,0,0,33256,13363,4,28,0,0,0,0,0
760,5254,761.1279699606083,99651,4188,2738,238,107,97401,57769,1.5571343990526938,2032,1348,5195,10414,37509,31234,836,4157,48421,35915,0,0,818,246,2097,5031,29069,11087,5016,0,0,33122,13135,4,26,0,0,0,0,0
761,5254,762.0154989999799,99650,4096,2717,238,108,97832,58081,1.5646061214249876,2017,1299,5239,10451,37587,31309,821,4114,48423,35917,0,0,805,242,2075,5035,29250,11286,4968,0,0,32989,12970,4,26,0,0,0,0,0
762,5254,763.0803267902342,99648,4022,2660,238,110,98405,58417,1.573759633911368,1932,1295,5286,10449,37715,31418,805,4066,48425,35919,0,0,783,238,2033,5016,29425,11550,4920,0,0,32879,12776,3,25,0,0,0,0,0
763,5254,764.1444164141785,99644,4013,2631,240,112,98952,58758,1.582734534944402,1853,1284,5335,10461,37766,31497,791,4013,48427,35921,0,0,769,233,2000,5009,29572,11799,4882,0,0,32742,12610,3,25,0,0,0,0,0
764,5254,765.0310174804159,99644,3942,2597,240,112,99359,59061,1.5898599012484445,1802,1230,5395,10489,37838,31593,781,3977,48428,35923,0,0,753,225,1969,5018,29743,11988,4839,0,0,32613,12468,3,25,0,0,0,0,0
765,5254,766.095370827656,99643,3815,2546,240,113,99845,59393,1.598085164035607,1734,1188,5468,10538,37971,31701,770,3912,48429,35925,0,0,731,221,1935,5027,29912,12224,4775,0,0,32526,12264,3,25,0,0,0,0,0
766,5254,767.1595362983323,99640,3710,2447,242,114,100298,59698,1.6057406663990366,1699,1147,5530,10597,38056,31822,761,3871,48430,35927,0,0,715,214,1904,5010,30108,12449,4741,0,0,32394,12077,3,25,0,0,0,0,0
767,5254,768.046741312262,99640,3645,2369,242,114,100689,59956,1.612254114813328,1674,1134,5598,10635,38085,31918,754,3828,48431,35929,0,0,705,210,1883,5010,30222,12656,4700,0,0,32310,11916,3,25,0,0,0,0,0
768,5254,769.1124644459456,99639,3596,2317,242,115,101174,60251,1.620098555786389,1628,1130,5688,10666,38110,31988,734,3782,48432,35931,0,0,692,205,1859,5010,30385,12870,4645,0,0,32190,11755,3,25,0,0,0,0,0
769,5254,770.0012000245667,99639,3485,2250,242,115,101523,60486,1.6259597145695963,1610,1136,5755,10690,38185,32057,721,3750,48433,35933,0,0,682,203,1843,4998,30491,13087,4606,0,0,32069,11632,3,25,0,0,0,0,0
770,5254,771.0677726781282,99638,3356,2188,243,115,101959,60762,1.6331219012826432,1533,1109,5817,10741,38337,32122,712,3723,48434,35935,0,0,667,190,1823,4998,30641,13313,4559,0,0,31939,11481,3,24,0,0,0,0,0
771,5254,772.1340120029963,99636,3266,2164,245,115,102364,61056,1.6401702195993415,1499,1072,5896,10813,38387,32154,705,3680,48435,35937,0,0,658,184,1804,4975,30751,13546,4527,0,0,31811,11354,2,24,0,0,0,0,0
772,5254,773.0229486852378,99636,3191,2127,245,115,102702,61269,1.6457003492713478,1473,1076,5942,10849,38448,32173,699,3658,48436,35939,0,0,649,182,1786,4970,30842,13735,4489,0,0,31698,11259,2,24,0,0,0,0,0
773,5254,774.0898999838115,99635,3101,2095,246,115,103065,61545,1.6521302755055953,1469,1061,6028,10916,38462,32202,692,3609,48437,35941,0,0,637,180,1771,4956,30931,13945,4458,0,0,31611,11120,2,24,0,0,0,0,0
774,5254,775.1579369557194,99631,3007,2042,248,117,103465,61808,1.6588511607832903,1433,1017,6107,10979,38523,32272,680,3571,48438,35943,0,0,621,175,1745,4943,31055,14170,4437,0,0,31465,10996,2,22,0,0,0,0,0
775,5254,776.0487773628535,99629,2929,2010,248,119,103762,62033,1.6641238996677674,1394,997,6198,11030,38558,32311,671,3531,48439,35945,0,0,612,174,1735,4937,31143,14355,4410,0,0,31331,10908,2,22,0,0,0,0,0
776,5254,777.1184075581166,99627,2878,1989,249,120,104158,62324,1.6710530277936704,1331,948,6267,11104,38606,32346,667,3491,48440,35947,0,0,603,172,1716,4914,31264,14559,4380,0,0,31210,10786,2,21,0,0,0,0,0
777,5254,778.0103174231369,99627,2801,1953,249,120,104452,62526,1.6760315978600178,1325,936,6338,11128,38624,32401,661,3460,48441,35949,0,0,597,168,1702,4921,31351,14723,4343,0,0,31103,10696,2,21,0,0,0,0,0
778,5254,779.0819372771671,99626,2755,1896,250,120,104816,62763,1.682080982875956,1261,896,6424,11202,38654,32459,654,3425,48442,35951,0,0,580,166,1695,4912,31421,14935,4318,0,0,30988,10588,2,21,0,0,0,0,0
779,5254,780.1546020055678,99626,2682,1843,250,120,105172,62979,1.6878224559853854,1204,892,6508,11263,38710,32492,644,3388,48443,35953,0,0,568,165,1674,4918,31530,15122,4280,0,0,30857,10489,2,21,0,0,0,0,0
780,5254,781.0492329314393,99626,2634,1836,250,120,105454,63188,1.6927508883223255,1175,852,6590,11297,38711,32535,638,3358,48444,35955,0,0,563,164,1658,4918,31619,15266,4244,0,0,30764,10409,1,20,0,0,0,0,0
781,5254,782.1242885798297,99626,2621,1778,250,120,105806,63409,1.698502398972156,1132,864,6667,11344,38695,32567,633,3325,48445,35957,0,0,555,164,1645,4900,31705,15459,4219,0,0,30639,10319,1,20,0,0,0,0,0
782,5254,783.0212487986973,99624,2579,1765,252,120,106075,63618,1.7033345378623626,1115,800,6742,11398,38680,32614,630,3301,48446,35959,0,0,549,163,1630,4885,31749,15628,4200,0,0,30566,10234,1,19,0,0,0,0,0
783,5254,784.0995662173789,99622,2477,1698,253,121,106357,63828,1.7083074019794824,1129,799,6831,11443,38691,32659,617,3278,48447,35961,0,0,544,160,1614,4870,31836,15821,4176,0,0,30444,10137,1,19,0,0,0,0,0
784,5254,785.179131707572,99619,2422,1638,255,122,106677,64034,1.713638964454572,1123,752,6892,11509,38694,32724,612,3253,48448,35963,0,0,538,157,1603,4867,31938,15989,4137,0,0,30334,10036,1,19,0,0,0,0,0
785,5254,786.0798036344014,99619,2343,1641,255,122,106919,64234,1.7180758690611229,1118,725,6977,11579,38700,32699,605,3232,48449,35965,0,0,532,157,1591,4848,32018,16134,4116,0,0,30244,9959,1,19,0,0,0,0,0
786,5254,787.1623100963554,99618,2306,1606,256,122,107210,64448,1.723162480676183,1125,712,7061,11643,38650,32712,600,3203,48450,35967,0,0,522,154,1580,4845,32109,16288,4090,0,0,30136,9874,1,19,0,0,0,0,0
787,5254,788.0658078473458,99618,2296,1565,256,122,107491,64603,1.7275391997430183,1081,722,7141,11704,38630,32694,594,3191,48451,35969,0,0,518,153,1572,4825,32170,16434,4067,0,0,30046,9813,1,19,0,0,0,0,0
788,5254,789.1515993421311,99615,2245,1517,258,123,107772,64802,1.7324097776439291,1055,687,7232,11781,38621,32729,587,3161,48452,35971,0,0,510,150,1561,4825,32231,16597,4036,0,0,29965,9720,1,19,0,0,0,0,0
789,5254,790.0577752843931,99613,2207,1480,259,124,108018,64953,1.736429984038228,1026,724,7293,11832,38630,32707,583,3131,48453,35973,0,0,505,146,1550,4831,32226,16770,4014,0,0,29890,9661,1,19,0,0,0,0,0
790,5254,791.1459642534419,99612,2145,1452,260,124,108291,65157,1.741235995663173,976,689,7405,11891,38628,32736,584,3106,48454,35975,0,0,497,143,1531,4817,32306,16934,3986,0,0,29781,9597,1,19,0,0,0,0,0
791,5254,792.0545272617502,99610,2096,1421,261,125,108512,65321,1.7451360305190242,981,673,7469,11930,38610,32763,581,3086,48455,35977,0,0,491,142,1521,4796,32348,17081,3974,0,0,29713,9524,1,19,0,0,0,0,0
792,5254,793.1460850838297,99609,1986,1393,262,125,108760,65515,1.7495909004206447,957,656,7588,12016,38627,32746,578,3062,48456,35979,0,0,484,140,1509,4778,32441,17241,3948,0,0,29602,9446,1,19,0,0,0,0,0
793,5254,794.0571265615531,99607,1956,1369,264,125,108973,65662,1.753240234120092,955,650,7644,12092,38607,32719,572,3043,48457,35981,0,0,481,139,1505,4763,32487,17363,3930,0,0,29537,9382,1,19,0,0,0,0,0
794,5254,795.1517739027894,99607,1926,1320,264,125,109243,65822,1.757557199795195,892,640,7732,12144,38617,32746,567,3023,48458,35983,0,0,470,138,1489,4738,32550,17514,3915,0,0,29472,9301,1,19,0,0,0,0,0
795,5254,796.0649905924281,99607,1873,1311,264,125,109466,65981,1.7613922716274961,861,625,7799,12198,38637,32737,564,3002,48459,35985,0,0,466,137,1478,4742,32568,17658,3890,0,0,29407,9241,1,19,0,0,0,0,0
796,5254,797.1619587623803,99605,1831,1304,266,125,109695,66160,1.7655238190853872,865,598,7902,12290,38575,32708,559,2973,48460,35987,0,0,461,137,1468,4746,32584,17812,3859,0,0,29333,9185,1,19,0,0,0,0,0
797,5254,798.0778381508743,99605,1772,1266,266,125,109896,66285,1.7687967471512474,853,584,7977,12362,38573,32700,557,2961,48461,35989,0,0,456,136,1465,4744,32614,17952,3836,0,0,29245,9137,1,19,0,0,0,0,0
798,5254,799.1783022243781,99605,1716,1218,266,125,110137,66448,1.7728527684353195,827,573,8045,12427,38595,32709,549,2946,48462,35991,0,0,448,135,1455,4733,32686,18094,3818,0,0,29154,9062,1,19,0,0,0,0,0
799,5254,800.0963713365672,99605,1653,1179,266,125,110333,66589,1.7762361327242608,807,539,8134,12511,38591,32711,547,2933,48463,35993,0,0,442,133,1448,4728,32742,18218,3798,0,0,29074,9002,1,19,0,0,0,0,0
800,5254,801.0158238003714,99605,1647,1122,266,125,110544,66696,1.7794287435369711,777,531,8217,12592,38545,32705,546,2923,48464,35995,0,0,438,131,1443,4718,32793,18328,3785,0,0,28996,8953,1,19,0,0,0,0,0
801,5254,802.1216637584582,99604,1583,1101,267,125,110763,66849,1.783181398337416,754,525,8316,12663,38534,32689,544,2895,48465,35997,0,0,433,130,1436,4697,32827,18474,3775,0,0,28916,8896,1,19,0,0,0,0,0
802,5254,803.0444807438895,99603,1532,1076,268,125,110911,66958,1.7857795447928275,778,518,8403,12739,38478,32662,539,2878,48466,35999,0,0,428,130,1432,4690,32856,18576,3763,0,0,28860,8848,1,19,0,0,0,0,0
803,5254,804.1540942660536,99603,1491,1045,268,125,111123,67089,1.7892232161681878,735,499,8508,12841,38463,32631,533,2857,48467,36001,0,0,425,129,1426,4679,32904,18697,3746,0,0,28786,8793,1,17,0,0,0,0,0
804,5254,805.0805067163271,99602,1495,1034,269,125,111304,67203,1.7922029678118914,705,474,8618,12925,38381,32600,530,2840,48468,36003,0,0,421,129,1419,4672,32918,18797,3733,0,0,28742,8753,1,17,0,0,0,0,0
805,5254,806.0093483682949,99599,1455,1002,271,126,111471,67305,1.7949577807006094,711,464,8711,12990,38322,32593,528,2823,48469,36005,0,0,418,129,1413,4677,32924,18907,3713,0,0,28696,8704,1,17,0,0,0,0,0
806,5254,807.1261885375096,99599,1399,955,271,126,111654,67422,1.7979698591351319,698,473,8786,13086,38320,32552,524,2806,48470,36006,0,0,416,129,1406,4659,32973,19028,3692,0,0,28629,8649,1,17,0,0,0,0,0
807,5254,808.0578556116653,99599,1374,936,271,126,111815,67523,1.8006004076346147,684,494,8871,13162,38277,32498,521,2782,48471,36007,0,0,409,128,1397,4666,32983,19119,3678,0,0,28595,8606,1,17,0,0,0,0,0
808,5254,809.1780232628267,99599,1336,933,271,126,112000,67660,1.8038333718210022,669,455,8964,13260,38242,32458,516,2766,48472,36008,0,0,406,126,1392,4654,33008,19237,3663,0,0,28530,8565,1,17,0,0,0,0,0
809,5254,810.1128997695679,99598,1312,930,272,126,112148,67780,1.8065423000461858,648,431,9049,13344,38205,32422,512,2745,48473,36009,0,0,402,125,1387,4640,33066,19313,3650,0,0,28466,8531,1,17,0,0,0,0,0
810,5254,811.0493153614319,99598,1269,920,272,126,112290,67879,1.8089620273499467,634,403,9139,13433,38178,32382,506,2734,48474,36010,0,0,400,125,1380,4628,33096,19406,3634,0,0,28409,8502,1,17,0,0,0,0,0
811,5254,812.1750170776065,99597,1224,885,273,126,112460,68003,1.8119320863078205,630,378,9235,13555,38133,32339,503,2715,48475,36011,0,0,393,124,1373,4611,33123,19527,3624,0,0,28353,8451,1,17,0,0,0,0,0
812,5254,813.1151699662212,99597,1190,851,273,126,112597,68088,1.8141610691085073,608,375,9319,13642,38108,32304,500,2700,48476,36012,0,0,391,124,1368,4606,33152,19613,3607,0,0,28300,8418,1,17,0,0,0,0,0
813,5254,814.0571784715899,99597,1188,826,273,126,112746,68168,1.8164603351506572,594,375,9436,13719,38009,32268,498,2684,48477,36013,0,0,390,123,1359,4600,33191,19682,3593,0,0,28262,8379,1,17,0,0,0,0,0
814,5254,815.001555266917,99597,1160,805,273,126,112874,68258,1.8186491560990794,608,360,9515,13784,37950,32248,492,2675,48478,36014,0,0,387,123,1354,4600,33210,19763,3579,0,0,28214,8349,1,17,0,0,0,0,0
815,5254,816.1374227353155,99596,1165,745,273,127,113055,68342,1.8213281657897908,559,366,9617,13881,37893,32217,491,2662,48479,36015,0,0,383,122,1346,4600,33236,19856,3559,0,0,28174,8302,1,17,0,0,0,0,0
816,5254,817.0858906074163,99596,1165,719,273,127,113199,68413,1.8234868870235752,515,368,9714,13953,37844,32180,487,2651,48480,36016,0,0,381,122,1340,4587,33274,19924,3551,0,0,28125,8274,1,17,0,0,0,0,0
817,5254,818.0360745622598,99596,1126,705,273,127,113333,68492,1.8256255271296036,499,357,9801,14051,37816,32121,483,2637,48481,36017,0,0,375,120,1337,4578,33307,19993,3541,0,0,28084,8243,1,17,0,0,0,0,0
818,5254,819.1787157044087,99595,1083,685,274,127,113480,68596,1.8281640644610673,468,340,9945,14132,37747,32089,481,2625,48482,36018,0,0,370,120,1330,4559,33352,20087,3533,0,0,28016,8210,1,17,0,0,0,0,0
819,5254,820.1331943625265,99595,1038,669,274,127,113583,68669,1.8299312214468597,452,342,10019,14205,37733,32047,482,2608,48483,36019,0,0,369,118,1324,4551,33369,20162,3520,0,0,27981,8183,1,17,0,0,0,0,0
820,5254,821.0891246928343,99595,984,650,274,127,113677,68740,1.8315879311210401,455,341,10102,14284,37705,32002,478,2594,48484,36020,0,0,363,117,1322,4545,33373,20242,3512,0,0,27944,8159,1,17,0,0,0,0,0
821,5254,822.0464441672719,99595,965,656,274,127,113798,68826,1.8336663487122848,432,325,10206,14358,37647,31950,474,2582,48485,36021,0,0,363,117,1319,4538,33383,20319,3499,0,0,27900,8139,1,17,0,0,0,0,0
822,5254,823.0057810329448,99595,956,633,274,127,113930,68899,1.8357246849741453,397,309,10296,14458,37602,31900,473,2571,48486,36022,0,0,360,116,1309,4520,33428,20388,3491,0,0,27846,8119,1,17,0,0,0,0,0
823,5254,824.159593004588,99595,929,618,274,127,114050,68983,1.8377729805713139,400,301,10399,14555,37524,31837,472,2560,48487,36023,0,0,358,116,1303,4518,33440,20465,3475,0,0,27816,8086,1,17,0,0,0,0,0
824,5254,825.123349608447,99595,918,594,274,127,114161,69052,1.8395803002158744,393,292,10502,14632,37440,31802,471,2551,48488,36024,0,0,355,116,1297,4505,33453,20533,3467,0,0,27797,8054,1,17,0,0,0,0,0
825,5254,826.089708006835,99594,890,587,275,127,114253,69110,1.8411048858364962,398,294,10615,14729,37351,31723,469,2538,48489,36025,0,0,355,116,1295,4496,33467,20591,3459,0,0,27765,8032,1,17,0,0,0,0,0
826,5254,827.0584539004002,99594,861,584,275,127,114354,69185,1.8428720605658975,402,281,10707,14805,37287,31675,466,2526,48490,36026,0,0,353,115,1291,4492,33484,20655,3449,0,0,27730,8007,1,17,0,0,0,0,0
827,5254,828.0294002761208,99594,828,569,275,127,114452,69251,1.8445187461092034,381,281,10794,14875,37259,31635,461,2511,48491,36027,0,0,350,113,1288,4478,33501,20725,3444,0,0,27693,7984,1,17,0,0,0,0,0
828,5254,829.0019048973276,99593,797,559,275,128,114536,69322,1.8460936009558904,375,261,10898,14977,37192,31579,461,2494,48492,36028,0,0,348,113,1284,4469,33510,20790,3435,0,0,27664,7962,1,17,0,0,0,0,0
829,5254,830.17207085348,99592,762,536,276,128,114648,69398,1.8479998393445256,364,249,11042,15114,37095,31492,459,2479,48493,36029,0,0,346,113,1277,4459,33526,20868,3424,0,0,27622,7939,1,17,0,0,0,0,0
830,5254,831.1500053234136,99592,749,509,276,128,114742,69447,1.8494356976463973,360,250,11109,15209,37046,31435,458,2467,48494,36030,0,0,344,112,1277,4458,33545,20920,3410,0,0,27592,7916,1,17,0,0,0,0,0
831,5254,832.1295905221905,99592,726,495,276,128,114832,69516,1.8510322114226043,342,236,11203,15312,36994,31369,457,2458,48495,36031,0,0,344,111,1271,4456,33545,20991,3399,0,0,27562,7895,1,17,0,0,0,0,0
832,5254,833.1113519079777,99592,712,492,276,128,114912,69578,1.85245802875733,331,224,11317,15429,36909,31283,453,2442,48496,36032,0,0,342,111,1269,4453,33560,21038,3390,0,0,27532,7879,1,17,0,0,0,0,0
833,5254,834.0956018045483,99592,707,481,276,128,115002,69625,1.8538336412563259,311,236,11412,15509,36838,31215,454,2429,48497,36033,0,0,340,111,1267,4442,33572,21088,3387,0,0,27503,7864,1,17,0,0,0,0,0
834,5254,835.082190774831,99592,688,482,276,128,115088,69688,1.855329745361073,308,214,11514,15614,36759,31139,453,2421,48498,36034,0,0,337,111,1265,4435,33589,21135,3380,0,0,27476,7846,1,17,0,0,0,0,0
835,5254,836.0713803926132,99592,671,473,276,128,115169,69753,1.8567957265643826,299,206,11611,15693,36689,31087,452,2411,48499,36035,0,0,336,111,1260,4426,33611,21187,3373,0,0,27445,7825,1,17,0,0,0,0,0
836,5254,837.0628264368099,99592,640,440,276,128,115235,69796,1.8578901919832917,307,219,11718,15806,36604,31007,453,2398,48500,36036,0,0,334,111,1256,4419,33625,21242,3369,0,0,27413,7805,1,17,0,0,0,0,0
837,5254,838.0569016511663,99592,623,420,276,128,115304,69843,1.8590549441722226,313,214,11815,15909,36522,30934,449,2393,48501,36037,0,0,331,111,1256,4415,33627,21293,3366,0,0,27395,7780,1,17,0,0,0,0,0
838,5254,839.0537394594448,99592,617,409,276,128,115386,69895,1.8604004337697808,285,210,11945,16004,36427,30867,448,2380,48502,36038,0,0,330,110,1254,4414,33624,21344,3357,0,0,27382,7759,1,17,0,0,0,0,0
839,5254,840.0534690778916,99592,609,398,276,128,115452,69946,1.8615752269258574,295,196,12046,16084,36327,30817,445,2375,48503,36039,0,0,330,109,1251,4406,33624,21393,3353,0,0,27366,7742,1,17,0,0,0,0,0
840,5254,841.0562112016154,99592,598,385,276,128,115524,69999,1.862830347819102,295,187,12153,16168,36235,30765,441,2365,48504,36040,0,0,328,109,1251,4404,33643,21437,3346,0,0,27330,7726,1,17,0,0,0,0,0
841,5254,842.0614847260542,99592,600,358,276,128,115618,70043,1.8642160012852438,259,181,12247,16287,36176,30690,440,2354,48505,36041,0,0,325,109,1248,4396,33654,21497,3340,0,0,27289,7716,1,17,0,0,0,0,0
842,5254,843.0691823678799,99592,584,351,276,128,115683,70083,1.865270302835569,250,185,12348,16372,36101,30619,439,2343,48506,36042,0,0,323,109,1246,4391,33644,21545,3334,0,0,27282,7700,1,17,0,0,0,0,0
843,5254,844.0793231781547,99592,558,345,276,128,115736,70129,1.8662643585830188,273,179,12436,16462,36017,30549,438,2335,48507,36043,0,0,321,108,1244,4397,33646,21587,3324,0,0,27263,7684,1,17,0,0,0,0,0
844,5254,845.0916794867884,99591,563,343,277,128,115812,70172,1.8674779849584802,246,178,12517,16572,35956,30449,439,2328,48508,36044,0,0,320,107,1244,4391,33653,21625,3319,0,0,27240,7674,1,17,0,0,0,0,0
845,5254,846.1061177200136,99591,526,330,277,128,115869,70211,1.8684419274834072,256,170,12618,16678,35884,30373,437,2319,48509,36045,0,0,318,107,1240,4380,33660,21673,3318,0,0,27217,7660,1,17,0,0,0,0,0
846,5254,847.1233121577358,99591,519,325,277,128,115938,70257,1.8695966502997259,234,157,12738,16769,35795,30309,435,2310,48510,36046,0,0,317,107,1237,4378,33652,21720,3311,0,0,27203,7648,1,17,0,0,0,0,0
847,5254,848.1431376191529,99591,499,332,277,128,115997,70304,1.8706610035043327,234,150,12837,16878,35717,30217,434,2293,48511,36047,0,0,317,107,1235,4375,33645,21765,3303,0,0,27189,7637,1,17,0,0,0,0,0
848,5254,849.165915769924,99591,486,328,277,128,116048,70341,1.8715446174855157,248,153,12946,16978,35608,30128,433,2283,48512,36048,0,0,316,107,1231,4370,33643,21804,3299,0,0,27177,7626,1,17,0,0,0,0,0
849,5254,850.1916173872875,99591,470,306,277,128,116107,70376,1.8724884778745068,246,141,13046,17069,35527,30081,432,2273,48513,36049,0,0,316,107,1228,4363,33655,21845,3292,0,0,27156,7611,1,17,0,0,0,0,0
850,5254,851.0141934631652,99591,457,302,277,128,116163,70410,1.8733921739916257,232,127,13153,17144,35447,30033,432,2264,48514,36050,0,0,315,107,1227,4358,33671,21871,3289,0,0,27134,7601,1,17,0,0,0,0,0
851,5254,852.0453888563273,99591,444,286,277,128,116213,70438,1.8741753772931289,222,124,13254,17265,35369,29941,432,2254,48515,36051,0,0,315,107,1225,4357,33681,21904,3283,0,0,27116,7585,1,17,0,0,0,0,0
852,5254,853.0796208964119,99591,435,271,277,128,116258,70464,1.8748882931188562,237,129,13375,17361,35242,29859,432,2250,48516,36052,0,0,314,107,1225,4354,33693,21931,3279,0,0,27096,7574,1,17,0,0,0,0,0
853,5254,854.1172294532646,99591,447,273,277,128,116330,70505,1.876022933799239,213,126,13477,17453,35155,29777,429,2241,48517,36053,0,0,314,107,1223,4348,33691,21974,3276,0,0,27069,7571,1,17,0,0,0,0,0
854,5254,855.1574422172342,99591,432,259,277,128,116384,70532,1.876836260304646,203,126,13576,17542,35083,29709,427,2234,48518,36054,0,0,313,107,1221,4345,33708,22000,3272,0,0,27054,7554,0,17,0,0,0,0,0
855,5254,856.2003937153809,99591,423,267,277,128,116444,70572,1.877840367101445,185,128,13689,17610,34997,29634,427,2231,48519,36055,0,0,312,107,1219,4341,33719,22033,3267,0,0,27031,7545,0,17,0,0,0,0,0
856,5254,857.0367604502521,99591,401,265,277,128,116474,70600,1.8784227490435883,193,114,13773,17695,34926,29572,428,2224,48520,36056,0,0,312,107,1218,4335,33714,22066,3264,0,0,27019,7539,0,17,0,0,0,0,0
857,5254,858.084692143679,99591,378,250,277,128,116523,70628,1.8791959112771235,190,115,13878,17791,34848,29494,427,2220,48521,36057,0,0,312,107,1216,4326,33726,22102,3260,0,0,27001,7524,0,17,0,0,0,0,0
858,5254,859.1356110351235,99590,359,233,278,128,116567,70655,1.8799277035846973,190,121,13991,17885,34755,29423,425,2208,48522,36058,0,0,308,107,1216,4318,33743,22131,3254,0,0,26982,7514,0,17,0,0,0,0,0
859,5254,860.1895245046611,99590,341,227,278,128,116604,70685,1.8806004618937644,192,112,14091,17973,34673,29355,423,2203,48523,36059,0,0,308,107,1210,4319,33760,22154,3247,0,0,26965,7503,0,17,0,0,0,0,0
860,5254,861.034885638033,99590,330,226,278,128,116634,70708,1.8811326438397429,192,105,14183,18058,34591,29288,424,2193,48524,36060,0,0,307,106,1210,4318,33767,22175,3242,0,0,26948,7500,0,17,0,0,0,0,0
861,5254,862.0945027895407,99589,337,224,278,129,116688,70736,1.8819749169084938,166,102,14306,18146,34487,29216,424,2181,48525,36061,0,0,306,106,1210,4320,33778,22196,3236,0,0,26925,7495,0,17,0,0,0,0,0
862,5254,863.1573686027037,99589,329,213,278,129,116733,70763,1.8826978883209993,156,106,14411,18230,34404,29151,420,2169,48526,36062,0,0,306,106,1210,4318,33779,22225,3228,0,0,26916,7484,0,17,0,0,0,0,0
863,5254,864.0096219766637,99589,314,211,278,129,116759,70785,1.8831798692626696,163,99,14478,18340,34345,29064,420,2155,48527,36063,0,0,304,105,1209,4315,33786,22243,3228,0,0,26907,7475,0,17,0,0,0,0,0
864,5254,865.0772648974686,99589,311,202,278,129,116808,70813,1.8839530470232657,151,87,14578,18449,34259,28989,421,2142,48528,36064,0,0,303,105,1203,4313,33805,22264,3223,0,0,26892,7464,0,17,0,0,0,0,0
865,5254,866.1478253619599,99589,318,210,278,129,116858,70843,1.8847563485927161,142,84,14673,18541,34168,28904,419,2130,48529,36065,0,0,303,105,1201,4313,33796,22293,3218,0,0,26886,7457,0,17,0,0,0,0,0
866,5254,867.00635712291,99589,296,192,278,129,116883,70857,1.8851479581078232,147,89,14757,18621,34102,28847,418,2120,48530,36066,0,0,302,105,1199,4310,33797,22318,3216,0,0,26879,7446,0,17,0,0,0,0,0
867,5254,868.0822196863827,99589,288,194,278,129,116917,70883,1.885750434284911,151,90,14862,18712,34001,28763,418,2110,48531,36067,0,0,302,105,1198,4304,33809,22337,3213,0,0,26863,7441,0,17,0,0,0,0,0
868,5254,869.1614907110469,99589,281,183,278,129,116961,70900,1.886362951731617,137,93,14983,18805,33901,28683,418,2105,48532,36068,0,0,301,105,1198,4302,33794,22372,3211,0,0,26854,7435,0,17,0,0,0,0,0
869,5254,870.027544840066,99589,276,185,278,129,116988,70925,1.8868850977517597,143,92,15084,18906,33799,28589,418,2097,48533,36069,0,0,299,103,1197,4307,33789,22392,3205,0,0,26851,7429,0,17,0,0,0,0,0
870,5254,871.1135825447316,99589,280,188,278,129,117030,70961,1.8876683167819739,143,75,15180,18988,33698,28523,419,2095,48534,36070,0,0,298,103,1197,4304,33783,22421,3203,0,0,26842,7421,0,17,0,0,0,0,0
871,5254,872.2029531493392,99589,264,173,278,129,117060,70978,1.888140256454026,146,78,15314,19073,33579,28458,417,2087,48535,36071,0,0,296,103,1197,4305,33772,22452,3201,0,0,26833,7413,0,17,0,0,0,0,0
872,5254,873.0772136974226,99589,277,176,278,129,117102,70998,1.8887628151703502,125,76,15385,19155,33515,28379,418,2083,48536,36072,0,0,296,103,1196,4301,33779,22464,3198,0,0,26829,7406,0,17,0,0,0,0,0
873,5254,874.1729496777192,99588,283,177,279,129,117146,71023,1.8894746354982528,115,69,15492,19244,33413,28305,416,2074,48537,36073,0,0,296,103,1194,4292,33790,22483,3195,0,0,26817,7401,0,17,0,0,0,0,0
874,5254,875.0519192562275,99588,282,176,279,129,117175,71037,1.8899064144274411,116,68,15580,19322,33325,28237,416,2066,48538,36074,0,0,296,103,1193,4292,33791,22499,3189,0,0,26808,7400,0,17,0,0,0,0,0
875,5254,876.1536407746581,99588,249,157,279,129,117207,71049,1.8903482347270755,113,87,15704,19407,33239,28156,414,2062,48539,36075,0,0,295,103,1192,4284,33807,22526,3187,0,0,26788,7389,0,17,0,0,0,0,0
876,5254,877.0375145476909,99588,238,158,279,129,117232,71070,1.8908101377676025,110,79,15797,19495,33162,28078,412,2059,48540,36076,0,0,294,103,1189,4281,33810,22544,3187,0,0,26777,7386,0,17,0,0,0,0,0
877,5254,878.1457749768382,99588,227,153,279,129,117259,71089,1.8912720408081294,108,77,15915,19590,33057,27999,412,2050,48541,36077,0,0,294,103,1189,4280,33804,22568,3181,0,0,26772,7380,0,17,0,0,0,0,0
878,5254,879.0350203648592,99588,228,148,279,129,117285,71108,1.8917239024782102,103,74,15990,19677,32987,27920,411,2050,48542,36078,0,0,292,103,1189,4279,33809,22582,3180,0,0,26763,7374,0,17,0,0,0,0,0
879,5254,880.1493835844282,99588,216,149,279,129,117314,71129,1.8922259710005223,104,75,16095,19778,32892,27822,412,2045,48543,36079,0,0,291,103,1188,4275,33801,22610,3178,0,0,26756,7369,0,17,0,0,0,0,0
880,5254,881.0433056433315,99588,214,150,279,129,117341,71146,1.8926677913001566,95,74,16192,19882,32807,27727,411,2036,48544,36080,0,0,291,103,1188,4272,33803,22626,3174,0,0,26748,7366,0,17,0,0,0,0,0
881,5254,882.1639301100804,99588,209,148,279,129,117374,71160,1.89313973571113,83,74,16298,19980,32719,27640,410,2027,48545,36081,0,0,291,103,1187,4270,33805,22642,3170,0,0,26742,7361,0,17,0,0,0,0,0
882,5254,883.0627946494036,99588,199,151,279,129,117397,71173,1.8935012250471945,85,79,16376,20056,32649,27560,410,2023,48546,36082,0,0,291,103,1186,4267,33790,22666,3170,0,0,26745,7353,0,17,0,0,0,0,0
883,5254,884.1891965658326,99588,181,156,279,129,117417,71201,1.8939832108286139,85,61,16491,20172,32551,27464,411,2016,48547,36083,0,0,291,103,1185,4261,33798,22685,3167,0,0,26733,7348,0,17,0,0,0,0,0
884,5254,885.0929255302733,99588,172,155,279,129,117434,71216,1.8943045346828935,88,63,16571,20233,32477,27407,411,2011,48548,36084,0,0,291,103,1182,4256,33805,22700,3165,0,0,26723,7346,0,17,0,0,0,0,0
885,5254,886.2254971276817,99588,160,163,279,129,117454,71241,1.8947563963529743,91,53,16683,20345,32375,27305,410,2003,48549,36085,0,0,290,103,1181,4252,33804,22719,3165,0,0,26715,7342,0,17,0,0,0,0,0
886,5254,887.1344212896872,99588,166,157,279,129,117482,71254,1.89516809254127,84,54,16768,20432,32291,27238,410,1988,48550,36086,0,0,288,103,1179,4251,33799,22735,3164,0,0,26714,7338,0,17,0,0,0,0,0
887,5254,888.0457862559398,99587,165,151,280,129,117506,71263,1.8955184913693555,77,56,16863,20529,32203,27153,410,1980,48551,36087,0,0,288,103,1178,4245,33807,22745,3162,0,0,26709,7333,0,17,0,0,0,0,0
888,5254,889.1886943437446,99587,156,145,280,129,117526,71279,1.895879984335305,80,50,16972,20634,32100,27071,410,1969,48552,36088,0,0,288,103,1177,4241,33819,22758,3161,0,0,26694,7329,0,17,0,0,0,0,0
889,5254,890.1056840984078,99587,166,134,280,129,117548,71284,1.896151104059767,74,54,17066,20714,32002,27000,410,1967,48553,36089,0,0,288,103,1176,4241,33818,22769,3158,0,0,26690,7327,0,17,0,0,0,0,0
890,5254,891.0253445208388,99587,158,131,280,129,117567,71293,1.8964322652555052,79,54,17161,20798,31910,26924,410,1962,48554,36090,0,0,288,103,1175,4240,33817,22781,3155,0,0,26691,7320,0,17,0,0,0,0,0
891,5254,892.1785737254771,99587,152,124,280,129,117591,71310,1.8968439655778364,73,44,17279,20874,31803,26865,411,1962,48555,36091,0,0,288,103,1175,4240,33810,22804,3151,0,0,26684,7315,0,17,0,0,0,0,0
892,5254,893.1044401226853,99587,154,125,280,129,117615,71321,1.8971954170725094,63,45,17385,20952,31704,26789,412,1958,48556,36092,0,0,287,103,1175,4240,33809,22818,3150,0,0,26674,7314,0,17,0,0,0,0,0
893,5254,894.0331733499719,99587,154,122,280,129,117633,71335,1.8975167441533534,55,43,17491,21033,31606,26720,412,1951,48557,36093,0,0,285,103,1175,4237,33814,22827,3150,0,0,26672,7307,0,17,0,0,0,0,0
894,5254,895.1984478443618,99587,141,118,280,129,117646,71352,1.8978179882916444,70,39,17618,21142,31481,26622,408,1948,48558,36094,0,0,284,103,1174,4240,33814,22843,3146,0,0,26666,7300,0,17,0,0,0,0,0
895,5254,896.133686301754,99587,133,106,280,129,117660,71361,1.898048942131001,75,40,17694,21217,31408,26560,408,1946,48559,36095,0,0,284,103,1174,4238,33819,22859,3144,0,0,26654,7295,0,17,0,0,0,0,0
896,5254,897.0714925375269,99587,131,102,280,129,117678,71372,1.8983401447980157,81,37,17778,21295,31319,26496,409,1939,48560,36096,0,0,284,103,1174,4234,33819,22874,3142,0,0,26648,7292,0,17,0,0,0,0,0
897,5254,898.0117706839164,99586,133,106,281,129,117700,71381,1.8986704958528307,78,39,17859,21380,31238,26411,409,1933,48561,36097,0,0,284,103,1174,4231,33824,22880,3140,0,0,26644,7289,0,17,0,0,0,0,0
898,5254,899.1909199859502,99586,131,101,281,129,117719,71390,1.8989516598718696,75,43,17972,21468,31131,26335,408,1922,48562,36098,0,0,284,103,1174,4229,33816,22896,3137,0,0,26643,7287,0,17,0,0,0,0,0
899,5254,900.1369292393165,99586,129,97,281,129,117731,71396,1.899132408169823,96,73,18021,21521,31064,26263,407,1915,48562,36098,0,0,284,103,1173,4231,33824,22900,3134,0,0,26637,7283,0,17,0,0,0,0,0
900,5254,900.1369292393165,99586,127,99,281,129,117734,71400,1.8992026991745827,94,69,18047,21547,31042,26242,407,1912,48562,36098,0,0,284,103,1173,4231,33824,22902,3133,0,0,26636,7283,0,17,0,0,0,0,0
901,5254,901.0853766526897,99586,139,107,281,129,117757,71414,1.8995742373425983,95,62,18126,21641,30951,26153,406,1906,48562,36098,0,0,284,102,1171,4233,33828,22905,3131,0,2,26632,7281,0,17,0,0,0,0,0
902,5254,902.0365901427588,99586,153,106,281,129,117788,71428,1.900026108087482,89,60,18214,21733,30858,26073,403,1897,48562,36098,0,0,284,102,1170,4236,33839,22910,3128,0,5,26617,7278,0,17,0,0,0,0,0
903,5254,903.2294432551091,99586,158,116,281,129,117818,71447,1.9005181451208002,90,56,18316,21863,30752,25950,401,1884,48562,36098,0,0,284,102,1170,4235,33843,22919,3125,0,8,26608,7275,0,17,0,0,0,0,0
904,5254,904.1866432529775,99586,158,116,281,129,117831,71458,1.9007591428514048,101,59,18404,21936,30655,25890,399,1868,48562,36098,0,0,284,102,1169,4233,33847,22924,3124,0,11,26603,7272,0,17,0,0,0,0,0
905,5254,905.1466560962792,99586,159,111,281,129,117853,71471,1.9011105978752034,106,59,18501,22015,30554,25822,397,1862,48562,36098,0,0,284,102,1167,4232,33854,22936,3123,0,13,26588,7270,0,17,0,0,0,0,0
906,5254,906.1096294769479,99586,151,116,281,129,117875,71492,1.9015423854758702,107,55,18580,22089,30486,25752,393,1857,48562,36098,0,0,284,102,1166,4232,33856,22948,3121,0,19,26577,7264,0,17,0,0,0,0,0
907,5254,907.0749241133651,99586,154,115,281,129,117899,71507,1.9019340067881028,111,55,18663,22167,30396,25681,393,1851,48562,36098,0,0,284,102,1165,4235,33852,22961,3116,0,22,26571,7261,0,17,0,0,0,0,0
908,5254,908.0428240139719,99586,158,112,281,129,117924,71518,1.9022955033840099,109,74,18753,22229,30306,25608,391,1846,48562,36098,0,0,284,102,1164,4236,33854,22973,3113,0,25,26560,7258,0,17,0,0,0,0,0
909,5254,909.0136309418344,99586,156,108,281,129,117950,71531,1.9026871246962425,109,76,18835,22323,30227,25520,390,1842,48562,36098,0,0,284,102,1162,4230,33859,22987,3113,0,30,26549,7253,0,17,0,0,0,0,0
910,5254,910.2310008941299,99586,151,112,281,129,117976,71552,1.9031590785853434,114,78,18925,22433,30139,25415,388,1831,48562,36098,0,0,283,102,1161,4224,33858,23004,3113,1,35,26540,7248,0,17,0,0,0,0,0
911,5254,911.2072839821805,99586,162,116,281,129,118002,71573,1.903631032474444,106,75,19016,22510,30049,25342,384,1826,48562,36098,0,0,283,102,1159,4218,33871,23009,3113,1,39,26531,7243,0,17,0,0,0,0,0
912,5254,912.1863468754575,99586,166,123,281,129,118032,71594,1.9041431526519792,101,75,19103,22592,29967,25266,380,1813,48562,36098,0,0,283,102,1159,4217,33870,23023,3111,1,45,26521,7237,0,17,0,0,0,0,0
913,5254,913.1681919722752,99586,170,120,281,129,118053,71613,1.9045448155363203,98,69,19197,22659,29874,25212,378,1809,48562,36098,0,0,283,102,1158,4217,33867,23038,3109,1,49,26512,7233,0,17,0,0,0,0,0
914,5254,914.1530193849949,99586,159,123,281,129,118067,71631,1.9048661458437932,101,66,19304,22747,29779,25129,374,1804,48562,36098,0,0,283,102,1158,4218,33863,23053,3107,1,53,26502,7229,0,17,0,0,0,0,0
915,5254,915.141006668623,99586,162,120,281,129,118096,71644,1.9052878918723515,97,78,19377,22805,29708,25068,373,1798,48562,36098,0,0,282,102,1157,4216,33870,23064,3106,2,56,26488,7226,0,17,0,0,0,0,0
916,5254,916.1314743418934,99586,160,124,281,129,118117,71662,1.9056795131845843,95,72,19471,22884,29619,24997,372,1792,48562,36098,0,0,282,102,1156,4214,33869,23078,3105,2,60,26479,7222,0,17,0,0,0,0,0
917,5254,917.1247697551803,99586,164,125,281,129,118141,71682,1.9061213423573595,95,73,19541,22956,29545,24928,372,1787,48562,36098,0,0,282,101,1156,4215,33867,23094,3102,2,62,26468,7220,0,17,0,0,0,0,0
918,5254,918.1207320455713,99586,170,124,281,129,118173,71700,1.906623420962786,84,84,19642,23027,29453,24853,368,1781,48562,36098,0,0,282,101,1156,4216,33863,23108,3099,2,70,26460,7212,0,17,0,0,0,0,0
919,5254,919.1198373903175,99586,169,127,281,129,118197,71722,1.9070853332797784,100,77,19728,23119,29354,24769,366,1777,48562,36098,0,0,282,101,1156,4214,33870,23118,3096,2,74,26448,7208,0,17,0,0,0,0,0
920,5254,920.1219735043098,99585,177,130,282,129,118224,71745,1.9076065672541045,100,82,19809,23187,29265,24699,365,1771,48562,36098,0,0,282,101,1155,4213,33883,23122,3093,2,80,26436,7201,0,17,0,0,0,0,0
921,5254,921.1270610811072,99585,176,125,282,129,118249,71765,1.9080584425365266,100,83,19897,23263,29178,24635,365,1763,48562,36098,0,0,281,101,1153,4213,33885,23137,3090,3,85,26424,7196,0,17,0,0,0,0,0
922,5254,922.1350794392725,99585,187,128,282,129,118287,71784,1.9086308178942613,101,82,19966,23336,29098,24562,364,1761,48562,36098,0,0,280,101,1152,4209,33891,23150,3088,4,90,26412,7191,0,17,0,0,0,0,0
923,5254,923.1457765187438,99585,184,137,282,129,118305,71813,1.9091027765225688,108,73,20041,23402,29019,24505,364,1752,48562,36098,0,0,280,101,1151,4208,33894,23163,3085,4,91,26401,7190,0,17,0,0,0,0,0
924,5254,924.1591621567619,99585,183,141,282,129,118333,71834,1.9095948184967615,106,72,20122,23471,28943,24442,362,1743,48562,36098,0,0,280,101,1151,4210,33893,23176,3082,4,97,26390,7184,0,17,0,0,0,0,0
925,5254,925.1753823915385,99585,184,136,282,129,118359,71856,1.9100768187980117,110,71,20216,23549,28844,24376,362,1737,48562,36098,0,0,280,101,1150,4208,33895,23195,3079,4,101,26375,7180,0,17,0,0,0,0,0
926,5254,926.1949526884362,99585,181,124,282,129,118381,71869,1.9104282773510066,117,71,20295,23639,28762,24308,361,1727,48562,36098,0,0,280,101,1149,4204,33899,23210,3079,4,110,26361,7171,0,17,0,0,0,0,0
927,5254,927.2174253940389,99585,177,126,282,129,118406,71888,1.910870110960486,120,71,20379,23721,28679,24228,361,1723,48562,36098,0,0,280,101,1148,4204,33907,23220,3075,4,116,26348,7165,0,17,0,0,0,0,0
928,5254,928.2431905463432,99585,179,128,282,129,118431,71907,1.9113119445699653,127,67,20478,23785,28573,24171,359,1718,48562,36098,0,0,280,101,1147,4205,33910,23233,3073,4,120,26334,7161,0,17,0,0,0,0,0
929,5254,929.0147565787739,99585,179,126,282,129,118451,71916,1.911603153085304,123,74,20534,23843,28522,24113,358,1713,48562,36098,0,0,280,101,1147,4203,33913,23243,3071,4,123,26325,7158,0,17,0,0,0,0,0
930,5254,930.0457925270691,99585,180,136,282,129,118476,71942,1.9121152784053823,133,70,20608,23915,28438,24042,357,1706,48562,36098,0,0,280,101,1146,4204,33914,23255,3069,4,127,26314,7154,0,17,0,0,0,0,0
931,5254,931.0798521788056,99584,186,139,282,130,118509,71968,1.9127269440874035,121,63,20710,23986,28345,23974,354,1706,48562,36098,0,0,280,100,1145,4204,33921,23271,3068,4,131,26293,7150,0,17,0,0,0,0,0
932,5254,932.1172904134345,99584,185,127,282,130,118534,71978,1.9130784061696657,127,69,20789,24084,28264,23892,351,1696,48562,36098,0,0,280,100,1145,4203,33921,23289,3064,4,134,26280,7147,0,17,0,0,0,0,0
933,5254,933.1578261279171,99584,197,125,282,130,118567,71997,1.9136005784061696,125,73,20871,24161,28172,23818,351,1691,48562,36098,0,0,280,100,1145,4203,33922,23300,3062,4,142,26270,7139,0,17,0,0,0,0,0
934,5254,934.2014700022124,99583,199,124,283,130,118602,72010,1.9141018045248688,117,77,20967,24232,28084,23749,348,1686,48562,36098,0,0,280,100,1145,4202,33928,23312,3060,4,148,26254,7133,0,17,0,0,0,0,0
935,5254,935.2485313552324,99583,191,119,283,130,118626,72025,1.9144934376349376,127,77,21055,24315,27997,23676,345,1681,48562,36098,0,0,280,100,1144,4201,33925,23331,3058,4,154,26242,7127,0,17,0,0,0,0,0
936,5254,936.0360106705097,99583,194,120,283,130,118651,72038,1.9148750288703895,124,83,21135,24382,27918,23607,344,1676,48562,36098,0,0,280,100,1144,4199,33917,23347,3057,4,154,26237,7127,0,17,0,0,0,0,0
937,5254,937.0890224395571,99583,204,118,283,130,118684,72053,1.915357038852013,124,87,21209,24456,27835,23533,343,1674,48562,36098,0,0,280,100,1144,4195,33923,23359,3056,4,156,26224,7125,0,17,0,0,0,0,0
938,5254,938.1449753656127,99583,208,126,283,130,118719,72075,1.9159294257051906,128,84,21296,24520,27744,23472,339,1666,48562,36098,0,0,280,100,1143,4195,33920,23377,3055,4,159,26211,7122,0,17,0,0,0,0,0
939,5254,939.2046521974265,99583,209,132,283,130,118750,72100,1.9164917706837512,127,78,21390,24597,27651,23403,338,1658,48562,36098,0,0,279,100,1142,4195,33924,23392,3052,5,162,26196,7119,0,17,0,0,0,0,0
940,5254,940.0015925014293,99583,205,140,283,130,118769,72118,1.916863320044586,130,81,21464,24660,27580,23333,336,1654,48562,36098,0,0,279,100,1141,4197,33924,23403,3049,5,165,26187,7116,0,17,0,0,0,0,0
941,5254,941.067162178361,99583,195,129,283,130,118796,72136,1.9173152044023578,137,88,21541,24730,27506,23275,336,1646,48562,36098,0,0,279,100,1138,4195,33929,23424,3047,5,170,26168,7111,0,17,0,0,0,0,0
942,5254,942.1356673564322,99583,197,128,283,130,118821,72155,1.9177570468855125,137,90,21624,24806,27424,23205,333,1639,48562,36098,0,0,279,100,1138,4192,33937,23435,3044,5,174,26155,7107,0,17,0,0,0,0,0
943,5254,943.2072603533358,99583,193,128,283,130,118851,72175,1.9182591406163703,141,84,21698,24897,27352,23127,331,1632,48562,36098,0,0,279,100,1138,4189,33936,23458,3042,5,174,26138,7107,0,17,0,0,0,0,0
944,5254,944.0128220658609,99583,196,132,283,130,118881,72199,1.9188014018456965,139,73,21745,24939,27304,23099,331,1625,48562,36098,0,0,279,100,1138,4194,33938,23468,3037,5,178,26126,7103,0,17,0,0,0,0,0
945,5254,945.0894417735905,99582,191,129,284,130,118909,72215,1.9192625173224076,138,76,21851,25023,27205,23024,329,1616,48562,36098,0,0,279,100,1137,4194,33940,23483,3033,5,181,26114,7099,0,17,0,0,0,0,0
946,5254,946.1699036546852,99582,206,125,284,130,118945,72232,1.9197947420216506,133,81,21936,25115,27110,22938,329,1609,48562,36098,0,0,279,100,1137,4198,33937,23499,3027,5,186,26103,7094,0,17,0,0,0,0,0
947,5254,947.2539652362102,99581,205,120,285,130,118979,72252,1.9203562928671132,141,96,22005,25174,27035,22878,327,1600,48562,36098,0,0,279,100,1137,4199,33940,23516,3025,5,196,26084,7083,0,17,0,0,0,0,0
948,5254,948.0688868043347,99581,221,124,285,130,119016,72270,1.9209086070635966,135,99,22067,25238,26966,22812,324,1595,48562,36098,0,0,279,100,1137,4199,33941,23527,3024,5,199,26073,7080,0,17,0,0,0,0,0
949,5254,949.1585644978022,99580,215,126,285,131,119040,72297,1.9214400482024503,137,97,22160,25307,26878,22749,323,1588,48562,36098,0,0,278,100,1136,4194,33943,23543,3024,6,206,26061,7072,0,17,0,0,0,0,0
950,5254,950.2518794438029,99580,213,126,285,131,119072,72318,1.9219722835910826,131,103,22245,25379,26803,22678,321,1581,48562,36098,0,0,278,100,1135,4195,33944,23559,3021,6,215,26047,7063,0,17,0,0,0,0,0
951,5254,951.0739459445983,99580,205,138,285,131,119095,72344,1.9224643502711387,132,94,22307,25451,26748,22610,321,1574,48562,36098,0,0,278,100,1133,4192,33947,23572,3019,6,221,26038,7057,0,17,0,0,0,0,0
952,5254,952.1725110339327,99579,204,145,286,131,119127,72369,1.92305606603802,135,102,22378,25517,26675,22535,320,1568,48562,36098,0,0,277,100,1131,4192,33952,23585,3018,7,225,26022,7053,0,17,0,0,0,0,0
953,5254,953.2739778852247,99579,208,150,286,131,119164,72392,1.9236586027174405,126,95,22464,25589,26596,22474,318,1559,48562,36098,0,0,277,100,1131,4189,33960,23602,3017,7,227,26001,7051,0,17,0,0,0,0,0
954,5254,954.1022258240438,99579,214,149,286,131,119191,72410,1.9241105052270058,126,98,22513,25643,26541,22422,318,1555,48562,36098,0,0,277,100,1131,4188,33962,23616,3017,7,232,25986,7046,0,17,0,0,0,0,0
955,5254,955.2093708301054,99579,219,160,286,131,119226,72440,1.9247632532963777,135,98,22604,25717,26439,22346,315,1546,48562,36098,0,0,276,100,1129,4190,33962,23635,3015,8,233,25969,7045,0,17,0,0,0,0,0
956,5254,956.0423411184745,99579,229,153,286,131,119254,72456,1.9252051135279526,140,101,22661,25763,26369,22305,313,1545,48562,36098,0,0,275,100,1128,4191,33962,23649,3014,9,237,25957,7040,0,17,0,0,0,0,0
957,5254,957.156262481305,99579,239,161,286,131,119294,72490,1.9259482420992378,140,97,22732,25819,26288,22253,313,1537,48562,36098,0,0,275,100,1128,4189,33968,23665,3009,9,245,25942,7032,0,17,0,0,0,0,0
958,5254,958.2733890709163,99579,250,163,286,131,119345,72522,1.9267817511724359,126,90,22832,25900,26192,22186,312,1528,48562,36098,0,0,273,100,1124,4188,33982,23682,3006,11,251,25919,7026,0,17,0,0,0,0,0
959,5254,959.113945840263,99579,257,155,286,131,119379,72535,1.927253738237982,114,97,22900,25948,26130,22145,311,1522,48562,36098,0,0,273,100,1124,4186,33986,23697,3004,11,252,25905,7024,0,17,0,0,0,0,0
960,5254,960.2378762867169,99579,262,158,286,131,119411,72561,1.9278361903614216,137,96,22968,26023,26036,22074,309,1516,48562,36098,0,0,271,99,1124,4186,33991,23713,3001,13,255,25888,7021,0,17,0,0,0,0,0
961,5254,961.0831650031303,99579,259,166,286,131,119437,72584,1.9283282619829483,146,92,23036,26081,25964,22019,307,1509,48562,36098,0,0,271,99,1123,4180,33995,23729,3001,13,258,25875,7018,0,17,0,0,0,0,0
962,5254,962.2138616081306,99579,258,175,286,131,119473,72615,1.929001094608301,141,94,23123,26152,25884,21947,306,1499,48562,36098,0,0,270,99,1123,4181,33995,23751,2999,13,263,25855,7013,0,17,0,0,0,0,0
963,5254,963.064176548719,99579,254,180,286,131,119506,72637,1.9295534198977695,146,94,23176,26201,25831,21899,305,1493,48562,36098,0,0,269,99,1122,4177,33995,23769,2996,14,266,25845,7010,0,17,0,0,0,0,0
964,5254,964.2007609318598,99579,265,174,286,131,119554,72662,1.9302865061910643,152,99,23260,26266,25732,21845,303,1483,48562,36098,0,0,268,98,1122,4175,33998,23790,2994,15,276,25826,7000,0,17,0,0,0,0,0
965,5254,965.0557007992398,99579,268,173,286,131,119588,72676,1.9307685355346007,152,106,23309,26317,25680,21791,303,1480,48562,36098,0,0,268,98,1121,4176,33991,23811,2992,15,278,25814,6998,0,17,0,0,0,0,0
966,5254,966.198232976068,99579,261,182,286,131,119626,72706,1.9314514104379437,174,107,23358,26379,25618,21726,301,1473,48562,36098,0,0,267,98,1120,4176,33993,23832,2987,16,282,25797,6994,0,17,0,0,0,0,0
967,5254,967.0570215564783,99579,271,181,286,131,119660,72730,1.9320338625613833,174,104,23411,26437,25558,21675,298,1470,48562,36098,0,0,266,98,1120,4177,33985,23855,2984,17,287,25784,6989,0,17,0,0,0,0,0
968,5254,968.2048673842618,99579,282,179,286,131,119712,72757,1.9328272025226203,170,107,23488,26510,25476,21607,296,1464,48562,36098,0,0,265,98,1120,4173,33994,23876,2981,18,290,25761,6986,0,17,0,0,0,0,0
969,5254,969.0681253613625,99579,283,184,286,131,119751,72779,1.933439781480031,169,108,23538,26559,25426,21554,296,1462,48562,36098,0,0,265,98,1120,4171,34002,23892,2977,18,296,25743,6980,0,17,0,0,0,0,0
970,5254,970.2218091717767,99579,290,194,286,131,119797,72813,1.934243163719258,177,106,23605,26624,25344,21485,296,1458,48562,36098,0,0,265,98,1118,4169,34013,23912,2975,18,300,25718,6976,0,17,0,0,0,0,0
971,5254,971.0893897153669,99579,294,199,286,131,119835,72842,1.9349159963446108,177,101,23670,26674,25276,21444,295,1449,48562,36098,0,0,265,98,1116,4169,34008,23936,2974,18,306,25702,6970,0,17,0,0,0,0,0
972,5254,972.2497092248079,99579,283,197,286,131,119871,72872,1.9355787866919731,197,103,23738,26738,25199,21388,295,1441,48562,36098,0,0,264,98,1116,4173,34020,23955,2967,19,313,25674,6963,0,17,0,0,0,0,0
973,5254,973.1220966439041,99579,290,203,286,131,119919,72899,1.9363319575412488,184,98,23788,26794,25156,21334,294,1438,48562,36098,0,0,264,97,1113,4172,34028,23973,2963,19,317,25657,6959,0,17,0,0,0,0,0
974,5254,974.2876082996352,99578,310,196,287,131,119985,72927,1.9372953865311615,163,103,23862,26872,25082,21267,294,1429,48562,36098,0,0,264,97,1113,4169,34028,24002,2959,19,325,25634,6951,0,17,0,0,0,0,0
975,5254,975.1639870247724,99577,308,193,287,132,120025,72950,1.937947518001145,166,111,23925,26908,25023,21226,289,1428,48562,36098,0,0,264,97,1109,4167,34035,24023,2957,19,330,25613,6946,0,17,0,0,0,0,0
976,5254,976.0422529479682,99577,300,190,287,132,120061,72980,1.9386103216606245,169,113,23965,26952,24988,21185,289,1426,48562,36098,0,0,263,97,1107,4166,34035,24051,2954,20,337,25591,6939,0,17,0,0,0,0,0
977,5254,977.2160031207779,99577,304,187,287,132,120114,73015,1.939494059873264,164,106,24046,27031,24911,21129,286,1413,48562,36098,0,0,262,97,1104,4165,34034,24083,2951,21,342,25568,6933,0,17,0,0,0,0,0
978,5254,978.098642293426,99577,309,187,287,132,120160,73044,1.9402472458499453,157,110,24086,27072,24874,21085,285,1412,48562,36098,0,0,262,97,1103,4165,34050,24100,2946,21,348,25541,6927,0,17,0,0,0,0,0
979,5254,979.2774889119867,99577,311,186,287,132,120212,73072,1.9410506442250721,155,108,24163,27148,24799,21020,283,1404,48562,36098,0,0,262,96,1102,4157,34058,24129,2946,21,351,25515,6923,0,17,0,0,0,0,0
980,5254,980.164092677242,99577,302,198,287,132,120245,73105,1.9417134478845517,163,98,24205,27198,24759,20973,282,1399,48562,36098,0,0,261,96,1101,4158,34062,24148,2944,22,358,25494,6916,0,17,0,0,0,0,0
981,5254,981.052151409396,99577,293,198,287,132,120275,73128,1.9422456993080732,175,105,24248,27245,24715,20920,280,1398,48562,36098,0,0,260,96,1101,4154,34054,24177,2941,23,361,25480,6913,0,17,0,0,0,0,0
982,5254,982.2383501494741,99577,299,207,287,132,120329,73161,1.9431193950410235,181,103,24297,27326,24656,20838,278,1392,48562,36098,0,0,259,96,1101,4149,34051,24203,2937,24,369,25466,6905,0,17,0,0,0,0,0
983,5254,983.1299061908765,99577,300,205,287,132,120366,73185,1.9437319863020577,175,105,24341,27380,24618,20788,277,1388,48562,36098,0,0,259,96,1100,4145,34068,24220,2935,24,373,25439,6901,0,17,0,0,0,0,0
984,5254,984.0228289214562,99577,302,200,287,132,120416,73209,1.94447512979905,173,109,24391,27437,24569,20737,276,1383,48562,36098,0,0,259,96,1100,4144,34072,24245,2930,24,377,25416,6897,0,17,0,0,0,0,0
985,5254,985.2163731719996,99577,303,195,287,132,120467,73241,1.945308655613244,183,122,24467,27486,24483,20689,275,1374,48562,36098,0,0,259,96,1100,4140,34079,24274,2928,24,386,25386,6888,0,17,0,0,0,0,0
986,5254,986.113910615847,99577,314,191,287,132,120508,73266,1.9459714592727235,183,122,24496,27544,24443,20641,275,1368,48562,36098,0,0,259,96,1100,4138,34087,24295,2926,24,389,25361,6885,0,17,0,0,0,0,0
987,5254,987.0110249226079,99577,310,198,287,132,120550,73289,1.9466242204525142,196,125,24545,27593,24385,20583,275,1367,48562,36098,0,0,259,96,1100,4139,34083,24320,2924,24,394,25342,6880,0,16,0,0,0,0,0
988,5254,988.2040145960991,99576,313,196,288,132,120601,73325,1.9475174740901422,207,124,24615,27654,24304,20530,271,1362,48562,36098,0,0,259,96,1099,4136,34085,24350,2920,24,402,25317,6872,0,16,0,0,0,0,0
989,5254,989.0964345130416,99576,326,198,288,132,120648,73350,1.9482405398891298,210,128,24664,27703,24239,20481,271,1356,48562,36098,0,0,259,96,1099,4136,34080,24373,2919,24,408,25300,6866,0,16,0,0,0,0,0
990,5254,990.2833111763737,99576,336,204,288,132,120709,73393,1.9492849682654454,193,117,24733,27779,24178,20420,270,1346,48562,36098,0,0,258,96,1097,4132,34083,24402,2916,25,421,25277,6853,0,16,0,0,0,0,0
991,5254,991.1715324027203,99576,329,213,288,132,120750,73432,1.9500883747087652,205,101,24771,27822,24139,20388,266,1342,48562,36098,0,0,257,96,1095,4136,34079,24435,2911,26,425,25251,6849,0,16,0,0,0,0,0
992,5254,992.0582417132621,99574,332,205,290,132,120796,73444,1.9507100247052442,205,120,24808,27865,24098,20339,265,1337,48562,36098,0,0,256,96,1093,4135,34072,24457,2908,27,433,25241,6840,0,16,0,0,0,0,0
993,5254,993.2379928113585,99573,343,201,291,132,120866,73479,1.9517841181846485,196,134,24877,27916,24029,20285,262,1330,48562,36098,0,0,256,96,1092,4128,34079,24486,2906,27,444,25214,6829,0,16,0,0,0,0,0
994,5254,994.1206701901832,99573,332,212,291,132,120905,73515,1.9525373344179646,202,128,24932,27960,23979,20242,262,1324,48562,36098,0,0,256,96,1090,4123,34089,24511,2904,27,447,25189,6825,0,16,0,0,0,0,0
995,5254,995.0016181958266,99573,333,211,291,132,120949,73539,1.9532202504695049,201,143,24968,27994,23943,20200,262,1318,48562,36098,0,0,256,96,1088,4126,34096,24526,2898,27,452,25172,6820,0,16,0,0,0,0,0
996,5254,996.1738508471681,99572,328,203,292,132,121012,73575,1.9542341220423411,193,150,25039,28049,23886,20155,260,1309,48562,36098,0,0,256,96,1086,4122,34099,24562,2893,27,465,25143,6807,0,16,0,0,0,0,0
997,5254,997.0510371873488,99572,317,206,292,132,121044,73610,1.954907001968425,203,148,25085,28091,23842,20116,259,1305,48562,36098,0,0,256,95,1084,4123,34093,24593,2889,27,472,25124,6800,0,16,0,0,0,0,0
998,5254,998.217845505035,99572,325,223,292,132,121102,73666,1.9560519021411642,205,129,25160,28147,23757,20068,259,1299,48562,36098,0,0,255,95,1083,4123,34082,24627,2885,28,484,25106,6788,0,16,0,0,0,0,0
999,5254,999.0906592722896,99572,348,221,292,132,121162,73699,1.956985899650504,196,123,25218,28202,23686,20028,258,1292,48562,36098,0,0,254,95,1080,4123,34087,24648,2879,29,492,25089,6780,0,16,0,0,0,0,0
1000,5254,1000.2514632175905,99571,351,210,293,132,121229,73730,1.957989776139639,209,117,25263,28254,23624,19999,258,1286,48562,36098,0,0,252,93,1080,4119,34081,24687,2877,31,502,25063,6770,0,16,0,0,0,0,0
1001,5254,1001.1205289325447,99571,350,214,293,132,121277,73759,1.9587630936718523,221,118,25283,28284,23596,19970,255,1280,48562,36098,0,0,251,93,1080,4119,34083,24713,2874,32,506,25039,6765,0,16,0,0,0,0,0
1002,5254,1002.2778070611363,99571,380,211,293,132,121363,73795,1.9599883500215927,206,132,25332,28331,23532,19918,255,1274,48562,36098,0,0,249,92,1080,4120,34087,24744,2870,34,513,25008,6758,0,16,0,0,0,0,0
1003,5254,1003.1441260200403,99571,387,220,293,132,121408,73831,1.9608018398931415,213,129,25363,28363,23489,19884,253,1270,48562,36098,0,0,249,92,1080,4115,34093,24763,2866,34,515,24992,6756,0,16,0,0,0,0,0
1004,5254,1004.0090722114683,99571,396,223,293,132,121458,73856,1.9615550712556868,213,141,25406,28399,23437,19837,253,1266,48562,36098,0,0,249,92,1080,4110,34094,24786,2865,34,518,24974,6753,0,16,0,0,0,0,0
1005,5254,1005.1598792639803,99571,391,227,293,132,121522,73889,1.9625292504845788,205,146,25466,28453,23393,19782,250,1258,48562,36098,0,0,249,92,1080,4103,34080,24832,2865,33,524,24950,6747,0,16,0,0,0,0,0
1006,5254,1006.0212317899209,99571,408,232,293,132,121574,73921,1.9633728696106296,208,137,25516,28506,23325,19741,248,1250,48562,36098,0,0,248,92,1080,4095,34082,24855,2865,34,528,24934,6742,0,16,0,0,0,0,0
1007,5254,1007.1672432200936,99571,409,229,293,132,121630,73959,1.9643169195850196,224,137,25543,28561,23281,19695,248,1244,48562,36098,0,0,248,92,1077,4090,34093,24886,2862,34,537,24904,6732,0,16,0,0,0,0,0
1008,5254,1008.025768730755,99571,403,227,293,132,121677,73990,1.965100280202067,245,135,25581,28615,23230,19649,246,1240,48562,36098,0,0,246,91,1076,4088,34089,24915,2860,36,546,24885,6723,0,16,0,0,0,0,0
1009,5254,1009.1687592477174,99571,403,235,293,132,121739,74031,1.9661347179399624,256,147,25604,28671,23197,19578,245,1235,48562,36098,0,0,246,91,1075,4079,34101,24947,2857,36,549,24854,6720,0,16,0,0,0,0,0
1010,5254,1010.0248830025237,99570,409,241,294,132,121792,74061,1.9669880486090188,245,148,25648,28713,23158,19534,244,1230,48562,36098,0,0,246,91,1075,4078,34096,24973,2854,36,555,24836,6714,0,16,0,0,0,0,0
1011,5254,1011.1643186468718,99570,420,252,294,132,121861,74106,1.9681329717786482,246,144,25696,28758,23099,19491,243,1221,48562,36098,0,0,245,90,1072,4075,34102,25004,2850,37,563,24811,6705,0,16,0,0,0,0,0
1012,5254,1012.0172736615663,99570,421,252,294,132,121910,74128,1.968846037963242,255,153,25728,28798,23057,19445,243,1218,48562,36098,0,0,244,90,1070,4073,34110,25019,2847,38,573,24795,6695,0,16,0,0,0,0,0
1013,5254,1013.1526197958864,99568,427,257,296,132,121978,74173,1.9700204885103647,257,159,25784,28832,22991,19407,243,1211,48562,36098,0,0,243,90,1068,4073,34113,25054,2841,38,579,24765,6688,0,16,0,0,0,0,0
1014,5254,1014.0023064860806,99567,444,260,297,132,122047,74207,1.9710747536834494,241,159,25829,28863,22947,19377,240,1207,48562,36098,0,0,243,90,1068,4068,34120,25079,2838,38,586,24740,6681,0,16,0,0,0,0,0
1015,5254,1015.1328313650586,99567,443,266,297,132,122114,74248,1.97215945042032,243,164,25875,28917,22901,19319,239,1200,48562,36098,0,0,241,90,1067,4062,34121,25116,2836,40,597,24712,6669,0,16,0,0,0,0,0
1016,5254,1016.2614375500875,99567,437,249,297,132,122179,74286,1.9731939297156689,252,171,25911,28974,22863,19281,238,1191,48562,36098,0,0,241,89,1066,4069,34113,25159,2828,40,615,24680,6651,0,16,0,0,0,0,0
1017,5254,1017.1066803602299,99567,436,251,297,132,122235,74318,1.9740777566864522,249,181,25954,29023,22825,19229,237,1182,48562,36098,0,0,241,89,1064,4068,34121,25185,2823,40,620,24655,6645,0,16,0,0,0,0,0
1018,5254,1018.2319300301039,99566,435,246,298,132,122308,74357,1.9752224655002713,251,186,25996,29070,22783,19188,235,1176,48562,36098,0,0,241,89,1063,4068,34128,25218,2814,40,639,24624,6626,0,16,0,0,0,0,0
1019,5254,1019.0746663337679,99566,438,247,298,132,122361,74389,1.9760761705803185,258,186,26007,29092,22762,19171,235,1170,48562,36098,0,0,239,88,1063,4064,34128,25245,2811,42,642,24607,6621,0,16,0,0,0,0,0
1020,5254,1020.1972260185102,99566,432,255,298,132,122425,74434,1.9771709218006146,263,187,26052,29142,22721,19120,232,1162,48562,36098,0,0,237,88,1060,4065,34128,25282,2806,44,655,24577,6608,0,16,0,0,0,0,0
1021,5254,1021.0378949244058,99566,422,280,298,132,122466,74483,1.9780748448265473,271,179,26072,29167,22703,19082,232,1158,48562,36098,0,0,236,88,1058,4070,34131,25305,2798,45,658,24557,6604,0,16,0,0,0,0,0
1022,5254,1022.1575589387395,99566,437,286,298,132,122551,74533,1.979430729365446,253,172,26127,29222,22657,19032,226,1154,48562,36098,0,0,236,88,1054,4065,34127,25343,2796,45,674,24534,6588,0,16,0,0,0,0,0
1023,5254,1023.2750759031169,99566,445,288,298,132,122633,74590,1.980826788261053,260,161,26164,29254,22609,19014,222,1149,48562,36098,0,0,236,87,1051,4063,34136,25385,2791,44,685,24496,6576,0,16,0,0,0,0,0
1024,5254,1024.1120379057866,99566,473,288,298,132,122703,74619,1.9818211035895787,254,169,26198,29287,22554,18977,221,1145,48562,36098,0,0,236,87,1050,4060,34134,25410,2788,44,692,24480,6569,0,16,0,0,0,0,0
1025,5254,1025.2259144793466,99566,476,291,298,132,122773,74665,1.982986159934114,248,169,26233,29329,22523,18942,220,1135,48562,36098,0,0,235,87,1046,4061,34128,25450,2779,45,703,24459,6557,0,16,0,0,0,0,0
1026,5254,1026.0604084291176,99566,478,285,298,132,122826,74696,1.9838298214249845,258,173,26252,29378,22492,18900,220,1130,48562,36098,0,0,235,87,1044,4062,34123,25486,2774,45,707,24434,6553,0,16,0,0,0,0,0
1027,5254,1027.1714819400422,99566,476,280,298,132,122889,74745,1.9849547034128117,258,169,26326,29427,22422,18864,218,1126,48562,36098,0,0,235,87,1040,4062,34131,25524,2770,45,723,24398,6535,0,16,0,0,0,0,0
1028,5254,1028.0029738059202,99566,476,280,298,132,122944,74782,1.9858787136170981,260,169,26352,29459,22395,18834,217,1124,48562,36098,0,0,235,87,1039,4060,34143,25549,2766,44,726,24369,6532,0,16,0,0,0,0,0
1029,5254,1029.1101771417684,99566,454,283,298,132,122999,74824,1.98685294176727,277,202,26378,29470,22375,18793,216,1118,48562,36098,0,0,235,87,1035,4055,34145,25588,2761,44,734,24342,6524,0,16,0,0,0,0,0
1030,5254,1030.2160515131632,99566,480,303,298,132,123089,74886,1.9883795673221782,258,181,26414,29513,22335,18758,213,1111,48562,36098,0,0,235,87,1033,4051,34153,25623,2756,44,738,24310,6520,0,16,0,0,0,0,0
1031,5254,1031.0444498041777,99566,466,299,298,132,123142,74920,1.9892533595805797,253,180,26466,29538,22303,18740,212,1109,48562,36098,0,0,235,87,1033,4047,34177,25647,2751,44,746,24272,6511,0,16,0,0,0,0,0
1032,5254,1032.1468994692077,99566,477,309,298,132,123225,74967,1.9905590261735935,253,193,26503,29567,22259,18689,208,1108,48562,36098,0,0,234,87,1030,4044,34176,25686,2744,45,752,24247,6505,0,16,0,0,0,0,0
1033,5254,1033.2475189306851,99564,479,316,298,134,123303,75024,1.9919549234663132,256,188,26538,29597,22220,18663,207,1100,48562,36098,0,0,233,87,1026,4047,34179,25726,2733,46,759,24215,6497,0,16,0,0,0,0,0
1034,5254,1034.0720141373574,99564,473,306,298,134,123351,75064,1.9928387770680165,263,191,26568,29612,22189,18658,207,1097,48562,36098,0,0,232,87,1025,4043,34173,25771,2729,47,762,24189,6490,0,16,0,0,0,0,0
1035,5254,1035.1701536235723,99564,472,318,298,134,123429,75123,1.9942147764252138,278,181,26598,29659,22146,18615,206,1091,48562,36098,0,0,232,87,1023,4036,34164,25823,2724,47,771,24160,6481,0,16,0,0,0,0,0
1036,5254,1036.266618304178,99564,449,323,298,134,123494,75170,1.9953396810092001,285,188,26638,29696,22124,18572,204,1085,48562,36098,0,0,232,87,1021,4030,34183,25857,2718,47,782,24122,6469,0,16,0,0,0,0,0
1037,5254,1037.0880804861579,99564,453,318,298,134,123561,75218,1.9964947169659717,270,190,26647,29714,22126,18559,204,1083,48562,36098,0,0,232,86,1018,4020,34191,25897,2717,47,795,24090,6455,0,16,0,0,0,0,0
1038,5254,1038.1826530292165,99564,459,314,298,134,123633,75271,1.9977501908320277,266,173,26694,29750,22079,18547,202,1080,48562,36098,0,0,230,86,1018,4012,34196,25938,2711,49,806,24058,6444,0,16,0,0,0,0,0
1039,5254,1039.0024956416323,99564,460,322,298,134,123683,75314,1.9986842633883732,274,173,26726,29774,22038,18519,202,1076,48562,36098,0,0,230,86,1018,4010,34191,25970,2708,49,809,24038,6439,0,16,0,0,0,0,0
1040,5254,1040.0939737785634,99564,476,318,298,134,123762,75360,1.9999397372544294,272,179,26768,29819,21982,18477,202,1071,48562,36098,0,0,230,85,1017,4010,34189,26008,2704,49,820,24010,6426,0,16,0,0,0,0,0
1041,5254,1041.183948566698,99564,454,314,298,134,123839,75415,2.0012655176569845,264,168,26789,29864,21993,18451,200,1067,48562,36098,0,0,230,83,1015,4007,34185,26068,2695,49,829,23972,6415,0,16,0,0,0,0,0
1042,5254,1042.0010626291617,99564,473,312,298,134,123901,75454,2.002279940540758,257,169,26820,29891,21950,18431,200,1061,48562,36098,0,0,230,83,1012,4009,34197,26090,2688,49,835,23946,6409,0,16,0,0,0,0,0
1043,5254,1043.088734907224,99564,465,330,298,134,123962,75510,2.003455064079386,287,176,26855,29915,21894,18389,199,1054,48562,36098,0,0,230,83,1008,4012,34204,26123,2680,49,842,23916,6402,0,15,0,0,0,0,0
1044,5254,1044.1748958721741,99564,481,327,298,134,124041,75560,2.0047507131091558,302,168,26863,29953,21856,18365,198,1051,48562,36098,0,0,229,83,1008,4009,34208,26163,2674,50,851,23882,6392,0,15,0,0,0,0,0
1045,5254,1045.2600502029181,99564,484,323,298,134,124117,75614,2.0060564059298542,302,152,26902,30000,21814,18346,198,1043,48562,36098,0,0,228,83,1006,4002,34215,26209,2672,51,861,23841,6381,0,15,0,0,0,0,0
1046,5254,1046.0730373168547,99564,495,301,298,134,124184,75635,2.0069402595315577,296,174,26939,30021,21772,18331,198,1037,48562,36098,0,0,227,83,1006,3998,34229,26239,2670,52,868,23804,6373,0,15,0,0,0,0,0
1047,5254,1047.155484256217,99564,496,303,298,134,124273,75676,2.008245952352256,292,183,26965,30065,21753,18281,194,1032,48562,36098,0,0,225,83,1004,3994,34225,26285,2666,54,878,23772,6363,0,15,0,0,0,0,0
1048,5254,1048.2368251866135,99564,497,293,298,134,124349,75719,2.009441163472741,297,187,26989,30113,21724,18248,193,1023,48562,36098,0,0,222,83,1004,3990,34228,26324,2662,57,892,23739,6348,0,15,0,0,0,0,0
1049,5254,1049.047159008855,99564,502,297,298,134,124415,75761,2.0105258928930136,278,187,27012,30143,21717,18217,191,1020,48562,36098,0,0,221,81,1003,3993,34223,26360,2654,58,894,23718,6344,0,15,0,0,0,0,0
1050,5254,1050.1267930812103,99564,485,304,298,134,124487,75814,2.0117813667590694,279,182,27033,30182,21713,18181,190,1015,48562,36098,0,0,221,81,1002,3989,34211,26415,2650,58,902,23685,6335,0,15,0,0,0,0,0
1051,5254,1051.205505141396,99564,473,304,298,134,124553,75866,2.0129665340886262,282,180,27082,30218,21674,18153,189,1009,48562,36098,0,0,221,81,1001,3984,34222,26453,2644,58,912,23649,6324,0,15,0,0,0,0,0
1052,5254,1052.013334130537,99564,460,309,298,134,124602,75906,2.0138604314812585,289,174,27107,30246,21656,18130,188,1005,48562,36098,0,0,221,81,1001,3982,34219,26486,2639,58,919,23626,6317,0,15,0,0,0,0,0
1053,5254,1053.089519561792,99564,469,315,298,134,124687,75963,2.015286649793098,282,162,27112,30281,21649,18104,188,1002,48562,36098,0,0,221,81,1001,3979,34220,26528,2633,57,935,23594,6300,0,15,0,0,0,0,0
1054,5254,1054.1653122381913,99563,474,317,298,135,124758,76016,2.0165523336982614,298,156,27136,30301,21606,18092,186,997,48562,36098,0,0,220,81,1000,3970,34215,26570,2630,58,947,23570,6287,0,15,0,0,0,0,0
1055,5254,1055.2399503423746,99563,497,314,298,135,124859,76061,2.0180187419021123,270,167,27172,30339,21575,18051,186,992,48562,36098,0,0,220,80,998,3969,34225,26608,2622,58,957,23534,6277,0,15,0,0,0,0,0
1056,5254,1056.044986162028,99563,487,309,298,135,124910,76094,2.0188624288139168,267,165,27201,30368,21559,18032,186,989,48562,36098,0,0,220,80,998,3968,34226,26644,2614,58,958,23507,6275,0,15,0,0,0,0,0
1057,5254,1057.1173355696767,99563,491,311,298,135,124991,76137,2.020107871398009,260,185,27231,30375,21532,18007,186,985,48562,36098,0,0,218,80,998,3957,34222,26692,2612,60,965,23477,6267,0,15,0,0,0,0,0
1058,5254,1058.1885938886776,99563,495,309,298,135,125066,76185,2.0213432700902945,268,186,27240,30408,21511,17979,186,981,48562,36098,0,0,217,80,997,3956,34224,26730,2606,61,974,23446,6257,0,15,0,0,0,0,0
1059,5254,1059.259271903647,99563,502,315,298,135,125134,76238,2.0225585809989655,287,186,27254,30434,21471,17952,186,976,48562,36098,0,0,216,80,995,3952,34224,26769,2602,62,978,23420,6251,0,14,0,0,0,0,0
1060,5254,1060.061609017591,99562,515,315,299,135,125201,76271,2.0235832948313615,290,188,27271,30474,21438,17914,185,972,48562,36098,0,0,216,80,994,3949,34237,26792,2598,62,986,23392,6242,0,14,0,0,0,0,0
1061,5254,1061.1304542420355,99562,506,317,299,135,125275,76325,2.024868925895422,298,187,27292,30496,21420,17893,183,970,48562,36098,0,0,215,80,994,3941,34235,26846,2592,63,991,23354,6237,0,14,0,0,0,0,0
1062,5254,1062.1983343922886,99561,495,316,300,135,125355,76376,2.026205040126154,306,190,27313,30514,21403,17877,181,966,48562,36098,0,0,215,80,993,3939,34232,26893,2587,62,1001,23322,6223,0,14,0,0,0,0,0
1063,5254,1063.2655439370183,99561,507,321,300,135,125436,76429,2.0275509486646377,317,177,27321,30554,21373,17849,180,962,48562,36098,0,0,213,80,993,3937,34223,26934,2581,64,1013,23298,6211,0,14,0,0,0,0,0
1064,5254,1064.0655126491313,99561,509,312,300,135,125505,76455,2.0285051375538616,300,195,27347,30568,21362,17829,180,959,48562,36098,0,0,212,80,992,3933,34230,26965,2575,65,1017,23272,6206,0,14,0,0,0,0,0
1065,5254,1065.1310201355811,99561,502,312,300,135,125578,76498,2.0296702524080716,299,214,27384,30608,21333,17777,180,952,48562,36098,0,0,212,79,991,3925,34225,27014,2572,65,1026,23241,6197,0,14,0,0,0,0,0
1066,5254,1066.1951769567445,99561,509,311,300,135,125657,76553,2.0310161609465553,296,214,27424,30647,21291,17743,178,948,48562,36098,0,0,212,79,988,3924,34228,27055,2567,65,1038,23208,6183,0,14,0,0,0,0,0
1067,5254,1067.2579093596808,99561,528,323,300,135,125740,76612,2.0324424222336055,299,207,27449,30682,21246,17706,176,945,48562,36098,0,0,211,79,987,3928,34222,27094,2561,66,1052,23179,6168,0,14,0,0,0,0,0
1068,5254,1068.0539316828213,99561,518,344,300,135,125793,76657,2.0334267434035413,304,203,27477,30690,21225,17684,174,942,48562,36098,0,0,211,78,984,3926,34227,27124,2557,65,1057,23155,6163,0,14,0,0,0,0,0
1069,5254,1069.1141206073871,99561,518,346,300,135,125882,76718,2.034933357439158,294,195,27503,30709,21211,17673,172,940,48562,36098,0,0,211,78,979,3923,34217,27180,2552,65,1068,23124,6151,0,13,0,0,0,0,0
1070,5254,1070.1735875113864,99561,518,350,300,135,125954,76781,2.0362893100712127,292,185,27532,30738,21185,17653,171,937,48562,36098,0,0,210,77,977,3920,34229,27215,2544,66,1087,23091,6132,0,13,0,0,0,0,0
1071,5254,1071.2319493768694,99561,510,354,300,135,126034,76826,2.03754482176756,289,184,27570,30774,21159,17620,170,931,48562,36098,0,0,209,77,976,3918,34222,27263,2538,67,1096,23060,6122,0,13,0,0,0,0,0
1072,5254,1072.024735782065,99561,508,360,300,135,126092,76864,2.038509054750354,288,180,27596,30798,21136,17595,170,930,48562,36098,0,0,209,77,975,3917,34224,27290,2533,67,1106,23038,6112,0,13,0,0,0,0,0
1073,5254,1073.080789038289,99561,495,354,300,135,126156,76905,2.0395636845752856,301,189,27620,30834,21114,17559,168,927,48562,36098,0,0,209,77,973,3911,34210,27335,2528,67,1122,23021,6095,0,13,0,0,0,0,0
1074,5254,1074.1357723559095,99560,511,347,301,135,126246,76960,2.0410405785456005,296,171,27643,30880,21079,17544,168,921,48562,36098,0,0,209,77,971,3899,34222,27375,2524,67,1137,22988,6078,0,13,0,0,0,0,0
1075,5254,1075.1899062849636,99560,533,348,301,135,126328,77011,2.042376456408196,288,174,27667,30910,21042,17514,167,917,48562,36098,0,0,209,77,970,3891,34225,27412,2522,65,1149,22963,6064,0,13,0,0,0,0,0
1076,5254,1076.2431324468103,99560,536,342,301,135,126408,77047,2.0435415829650463,269,200,27715,30953,21012,17464,165,904,48562,36098,0,0,209,77,969,3887,34225,27453,2517,65,1158,22933,6054,0,13,0,0,0,0,0
1077,5254,1077.031768009656,99559,558,322,302,135,126480,77076,2.0445765827298388,267,216,27718,30963,20989,17462,164,900,48562,36098,0,0,209,77,967,3884,34222,27494,2514,65,1165,22902,6047,0,13,0,0,0,0,0
1078,5254,1078.0828395797405,99559,550,327,302,135,126556,77137,2.045952651191756,282,205,27725,30986,20975,17447,164,898,48562,36098,0,0,209,77,967,3884,34213,27543,2507,65,1177,22870,6035,0,12,0,0,0,0,0
1079,5254,1079.1333147927046,99559,543,336,302,135,126626,77202,2.0473086310629878,295,198,27742,31002,20953,17435,163,892,48562,36098,0,0,208,77,964,3881,34217,27589,2501,64,1185,22835,6026,0,12,0,0,0,0,0
1080,5254,1080.183280412736,99559,536,331,302,135,126711,77243,2.048574212276138,300,214,27760,31009,20937,17419,163,890,48562,36098,0,0,208,77,964,3877,34213,27635,2496,63,1196,22803,6015,0,12,0,0,0,0,0
1081,5254,1081.232351942608,99559,525,336,302,135,126782,77296,2.049819704898603,292,223,27803,31030,20913,17386,163,888,48562,36098,0,0,208,77,963,3871,34200,27687,2490,62,1206,22779,6004,0,12,0,0,0,0,0
1082,5254,1082.018407843825,99559,514,336,302,135,126835,77348,2.0508743559095612,304,221,27807,31046,20908,17373,163,887,48562,36098,0,0,207,77,962,3870,34202,27724,2483,63,1220,22750,5989,0,12,0,0,0,0,0
1083,5254,1083.0661315926802,99559,511,360,302,135,126906,77414,2.0522504243714783,319,211,27820,31085,20884,17326,162,881,48562,36098,0,0,205,77,961,3865,34192,27768,2478,65,1231,22729,5976,0,12,0,0,0,0,0
1084,5254,1084.1130442253475,99559,523,359,302,135,127002,77467,2.053747024377505,285,215,27841,31109,20886,17304,161,876,48562,36098,0,0,204,77,959,3871,34194,27810,2464,66,1243,22697,5962,0,12,0,0,0,0,0
1085,5254,1085.159228074921,99559,516,379,302,135,127071,77528,2.0550527827720244,296,224,27872,31139,20851,17251,161,870,48562,36098,0,0,203,77,958,3869,34201,27847,2454,67,1247,22667,5957,0,12,0,0,0,0,0
1086,5254,1086.2042624069238,99559,510,355,302,135,127143,77577,2.056268142508462,324,226,27879,31164,20824,17250,159,868,48562,36098,0,0,202,77,957,3867,34184,27911,2449,68,1256,22629,5947,0,12,0,0,0,0,0
1087,5254,1087.2487271841112,99557,513,353,303,136,127232,77627,2.057705635967335,311,232,27906,31190,20806,17225,159,862,48562,36098,0,0,202,77,957,3865,34178,27960,2441,68,1263,22595,5939,0,12,0,0,0,0,0
1088,5254,1088.031519184927,99557,514,358,303,136,127290,77676,2.058780397159416,303,212,27943,31207,20776,17227,159,858,48562,36098,0,0,202,77,956,3863,34178,27996,2437,67,1266,22570,5933,0,12,0,0,0,0,0
1089,5254,1089.074101898056,99556,501,356,303,137,127358,77725,2.0599762947486844,308,220,27954,31223,20776,17213,156,849,48562,36098,0,0,202,77,956,3856,34171,28046,2434,67,1275,22538,5922,0,12,0,0,0,0,0
1090,5254,1090.1160847826327,99555,495,366,304,137,127436,77796,2.061493646727939,312,203,27971,31251,20760,17195,156,846,48562,36098,0,0,202,77,956,3863,34169,28089,2422,67,1288,22503,5907,0,12,0,0,0,0,0
1091,5254,1091.1572036310295,99555,521,383,304,137,127526,77852,2.0629601727688214,299,210,28011,31268,20709,17156,154,844,48562,36098,0,0,202,77,956,3858,34171,28120,2419,66,1300,22480,5894,0,12,0,0,0,0,0
1092,5254,1092.1968322109199,99554,500,368,305,137,127589,77907,2.064166181168009,311,223,28042,31282,20686,17148,154,840,48562,36098,0,0,202,77,956,3851,34162,28184,2416,66,1308,22439,5882,0,11,0,0,0,0,0
1093,5254,1093.235425811704,99552,516,380,307,137,127671,77970,2.065664175506268,343,206,28058,31310,20622,17132,152,833,48562,36098,0,0,202,76,953,3849,34172,28219,2411,66,1314,22405,5874,0,11,0,0,0,0,0
1094,5254,1094.0135426987645,99551,523,381,308,137,127736,78010,2.066739661078241,328,207,28086,31330,20602,17113,151,830,48562,36098,0,0,202,76,953,3848,34173,28250,2407,66,1322,22377,5866,0,11,0,0,0,0,0
