,indexID,time,N,Inf_L,Inf_H,Dead_L,Dead_H,cum_cases_L,cum_cases_H,cum_sum_per_N,Exposed_L,Exposed_H,Sus_L,Sus_H,Rec_nat_L,Rec_nat_H,Rec_vax_L,Rec_vax_H,vaccinatedH,vaccinatedL,boostedH,boostedL,count_Naive,count_Delta,count_Delta_vaccine,count_two,count_three,count_four,count_Omicron,count_Omicron_star,count_Omicron_star_vaccine,count_Omicron_vaccine,count_Vaccine,count_WT,count_WT_vaccine,count_WT_vaccine_boost,count_Omicron_vaccine_boost,count_Delta_vaccine_boost,count_Omicron_star_vaccine_boost,count_Vaccine_boost
0,4466,1.0134625974967988,99996,5,7,0,0,5,7,0.00012000480019200768,22,18,49971,49973,0,0,0,0,0,0,0,0,99996,0,0,0,0,0,0,0,0,0,0,0,0,0,0,0,0,0
1,4466,2.0428176425297395,99996,7,12,0,0,8,14,0.00022000880035201407,21,12,49969,49972,1,2,0,0,0,0,0,0,99993,0,0,0,0,0,0,0,0,0,0,3,0,0,0,0,0,0
2,4466,3.137201765480931,99996,9,11,0,0,10,17,0.00027001080043201727,22,11,49966,49970,1,6,0,0,0,0,0,0,99989,0,0,0,0,0,0,0,0,0,0,7,0,0,0,0,0,0
3,4466,4.093276125367496,99996,12,12,0,0,13,19,0.0003200128005120205,20,10,49965,49970,1,6,0,0,0,0,0,0,99988,0,0,0,0,0,0,0,0,0,0,8,0,0,0,0,0,0
4,4466,5.022518821115283,99996,18,10,0,0,21,19,0.0004000160006400256,13,11,49965,49969,2,8,0,0,0,0,0,0,99984,0,0,0,0,0,0,0,0,0,0,12,0,0,0,0,0,0
5,4466,6.064616086660187,99996,16,12,0,0,24,22,0.00046001840073602946,12,10,49963,49967,7,9,0,0,0,0,0,0,99978,0,0,0,0,0,0,0,0,0,0,18,0,0,0,0,0,0
6,4466,7.155231609870949,99996,22,16,0,0,31,26,0.0005700228009120365,8,10,49960,49963,8,9,0,0,0,0,0,0,99977,0,0,0,0,0,0,0,0,0,0,19,0,0,0,0,0,0
7,4466,8.003027309324244,99996,22,16,0,0,32,28,0.0006000240009600384,10,13,49957,49958,9,11,0,0,0,0,0,0,99974,0,0,0,0,0,0,0,0,0,0,22,0,0,0,0,0,0
8,4466,9.042585847665501,99996,23,17,0,0,37,32,0.0006900276011040442,14,9,49948,49958,13,14,0,0,0,0,0,0,99967,0,0,0,0,0,0,0,0,0,0,29,0,0,0,0,0,0
9,4466,10.046067333346638,99996,19,18,0,0,37,37,0.0007400296011840473,18,7,49944,49955,17,18,0,0,0,0,0,0,99959,0,0,0,0,0,0,0,0,0,0,37,0,0,0,0,0,0
10,4466,11.199820482785995,99996,19,16,0,0,41,39,0.0008000320012800512,18,5,49940,49955,21,22,0,0,0,0,0,0,99951,0,0,0,0,0,0,0,0,0,0,45,0,0,0,0,0,0
11,4466,12.21165653904186,99996,16,14,0,0,43,39,0.0008200328013120525,21,7,49935,49953,26,24,0,0,0,0,0,0,99944,0,0,0,0,0,0,0,0,0,0,52,0,0,0,0,0,0
12,4466,13.129390077710946,99996,21,14,0,0,51,41,0.0009200368014720589,19,6,49929,49952,29,26,0,0,0,0,0,0,99939,0,0,0,0,0,0,0,0,0,0,57,0,0,0,0,0,0
13,4466,14.158675959167669,99996,24,12,0,0,55,43,0.0009800392015680626,20,5,49924,49952,30,29,0,0,0,0,0,0,99934,0,0,0,0,0,0,0,0,0,0,62,0,0,0,0,0,0
14,4466,15.001112597091506,99996,26,12,0,0,59,45,0.0010400416016640667,18,5,49922,49950,32,31,0,0,0,0,0,0,99930,0,0,0,0,0,0,0,0,0,0,66,0,0,0,0,0,0
15,4466,16.057808901013033,99996,29,12,0,0,64,46,0.0011000440017600705,19,5,49916,49949,34,32,0,0,0,0,0,0,99927,0,0,0,0,0,0,0,0,0,0,69,0,0,0,0,0,0
16,4466,17.041826150201253,99996,31,12,0,0,69,48,0.001170046801872075,15,6,49915,49946,37,34,0,0,0,0,0,0,99922,0,0,0,0,0,0,0,0,0,0,74,0,0,0,0,0,0
17,4466,18.08203923694588,99996,28,12,0,0,71,50,0.0012100484019360775,16,4,49914,49947,40,35,0,0,0,0,0,0,99915,0,0,0,0,0,0,0,0,0,0,81,0,0,0,0,0,0
18,4466,19.1565126611313,99996,22,11,0,0,71,51,0.0012200488019520781,20,8,49910,49942,46,37,0,0,0,0,0,0,99907,0,0,0,0,0,0,0,0,0,0,89,0,0,0,0,0,0
19,4466,20.251204031693796,99996,25,9,0,0,77,51,0.001280051202048082,16,10,49908,49940,49,39,0,0,0,0,0,0,99902,0,0,0,0,0,0,0,0,0,0,94,0,0,0,0,0,0
20,4466,21.10919161101931,99996,25,14,0,0,80,57,0.0013700548021920876,18,6,49903,49938,52,40,0,0,0,0,0,0,99898,0,0,0,0,0,0,0,0,0,0,98,0,0,0,0,0,0
21,4466,22.150013776225165,99996,26,11,0,0,84,59,0.0014300572022880914,19,5,49898,49937,55,45,0,0,0,0,0,0,99890,0,0,0,0,0,0,0,0,0,0,106,0,0,0,0,0,0
22,4466,23.043398131258584,99996,27,11,0,0,88,59,0.001470058802352094,22,6,49892,49936,57,45,0,0,0,0,0,0,99887,0,0,0,0,0,0,0,0,0,0,109,0,0,0,0,0,0
23,4466,24.231601058819546,99996,34,12,0,0,95,62,0.0015700628025121005,20,5,49887,49934,57,47,0,0,0,0,0,0,99885,0,0,0,0,0,0,0,0,0,0,111,0,0,0,0,0,0
24,4466,25.01953466101432,99996,35,11,0,0,99,64,0.0016300652026081043,19,5,49884,49932,60,50,0,0,0,0,0,0,99879,0,0,0,0,0,0,0,0,0,0,117,0,0,0,0,0,0
25,4466,26.054527140437678,99996,30,12,0,0,104,68,0.0017200688027521102,15,7,49883,49927,70,52,0,0,0,0,0,0,99866,0,0,0,0,0,0,0,0,0,0,130,0,0,0,0,0,0
26,4466,27.094552115966877,99996,33,15,0,0,107,73,0.0018000720028801152,16,6,49879,49923,70,54,0,0,0,0,0,0,99864,0,0,0,0,0,0,0,0,0,0,132,0,0,0,0,0,0
27,4466,28.010548666586338,99996,31,17,0,0,111,75,0.001860074402976119,18,5,49874,49922,75,54,0,0,0,0,0,0,99858,0,0,0,0,0,0,0,0,0,0,138,0,0,0,0,0,0
28,4466,29.161403909515602,99996,33,17,0,0,118,76,0.0019400776031041243,16,7,49869,49919,80,55,0,0,0,0,0,0,99852,0,0,0,0,0,0,0,0,0,0,144,0,0,0,0,0,0
29,4466,30.031537295880657,99996,28,17,0,0,122,77,0.0019900796031841273,15,8,49866,49917,89,56,0,0,0,0,0,0,99842,0,0,0,0,0,0,0,0,0,0,154,0,0,0,0,0,0
30,4466,31.222722243271974,99996,26,16,0,0,126,79,0.0020500820032801313,20,7,49857,49916,95,59,0,0,0,0,0,0,99833,0,0,0,0,0,0,0,0,0,0,163,0,0,0,0,0,0
31,4466,32.320092895863425,99996,27,14,0,0,131,80,0.002110084403376135,19,6,49853,49916,99,62,0,0,0,0,0,0,99826,0,0,0,0,0,0,0,0,0,0,170,0,0,0,0,0,0
32,4466,33.15780280728634,99996,29,12,0,0,137,81,0.0021800872034881394,19,5,49847,49916,103,65,0,0,0,0,0,0,99819,0,0,0,0,0,0,0,0,0,0,177,0,0,0,0,0,0
33,4466,34.05163663558002,99996,33,13,0,0,143,83,0.0022600904036161446,16,6,49844,49914,105,65,0,0,0,0,0,0,99816,0,0,0,0,0,0,0,0,0,0,180,0,0,0,0,0,0
34,4466,35.032782395649825,99996,32,13,0,0,147,85,0.0023200928037121486,18,6,49839,49913,109,66,0,0,0,0,0,0,99809,0,0,0,0,0,0,0,0,0,0,187,0,0,0,0,0,0
35,4466,36.11425355216337,99996,37,10,0,0,154,88,0.002420096803872155,17,10,49833,49907,111,71,0,0,0,0,0,0,99801,0,0,0,0,0,0,0,0,0,0,195,0,0,0,0,0,0
36,4466,37.02807840146566,99996,37,10,0,0,160,89,0.0024900996039841595,16,9,49829,49907,116,72,0,0,0,0,0,0,99794,0,0,0,0,0,0,0,0,0,0,202,0,0,0,0,0,0
37,4466,38.07575995912996,99996,35,9,0,0,163,90,0.002530101204048162,16,9,49826,49906,121,74,0,0,0,0,0,0,99787,0,0,0,0,0,0,0,0,0,0,209,0,0,0,0,0,0
38,4466,39.106071937868435,99996,28,7,0,0,166,92,0.002580103204128165,17,8,49822,49905,131,78,0,0,0,0,0,0,99773,0,0,0,0,0,0,0,0,0,0,223,0,0,0,0,0,0
39,4466,40.08806234061166,99996,28,8,0,0,170,95,0.0026501060042401696,15,6,49821,49905,134,79,0,0,0,0,0,0,99767,0,0,0,0,0,0,0,0,0,0,229,0,0,0,0,0,0
40,4466,41.0292642862746,99996,26,9,0,0,171,97,0.0026801072042881716,18,4,49817,49905,137,80,0,0,0,0,0,0,99763,0,0,0,0,0,0,0,0,0,0,233,0,0,0,0,0,0
41,4466,42.04784391045224,99996,28,12,0,0,178,100,0.002780111204448178,17,2,49811,49904,142,80,0,0,0,0,0,0,99758,0,0,0,0,0,0,0,0,0,0,238,0,0,0,0,0,0
42,4466,43.01445858214947,99996,31,13,0,0,184,101,0.0028501140045601825,17,1,49805,49904,145,80,0,0,0,0,0,0,99755,0,0,0,0,0,0,0,0,0,0,241,0,0,0,0,0,0
43,4466,44.036898889210725,99996,34,11,0,0,188,102,0.0029001160046401857,18,5,49801,49899,145,83,0,0,0,0,0,0,99751,0,0,0,0,0,0,0,0,0,0,245,0,0,0,0,0,0
44,4466,45.22150713459956,99996,33,8,0,0,192,103,0.002950118004720189,20,10,49796,49894,149,86,0,0,0,0,0,0,99742,0,0,0,0,0,0,0,0,0,0,254,0,0,0,0,0,0
45,4466,46.02740033349831,99996,31,10,0,0,194,105,0.0029901196047841913,21,9,49794,49893,152,86,0,0,0,0,0,0,99738,0,0,0,0,0,0,0,0,0,0,258,0,0,0,0,0,0
46,4466,47.20104850236571,99996,29,11,0,0,199,107,0.0030601224048961958,19,11,49793,49889,157,87,0,0,0,0,0,0,99730,0,0,0,0,0,0,0,0,0,0,266,0,0,0,0,0,0
47,4466,48.020128948256584,99996,29,9,0,0,203,108,0.003110124404976199,18,13,49790,49886,161,90,0,0,0,0,0,0,99723,0,0,0,0,0,0,0,0,0,0,273,0,0,0,0,0,0
48,4466,49.009020186095874,99996,30,11,0,0,208,110,0.0031801272050882034,19,11,49785,49887,164,89,0,0,0,0,0,0,99719,0,0,0,0,0,0,0,0,0,0,277,0,0,0,0,0,0
49,4466,50.16037530637774,99996,28,11,0,0,213,113,0.0032601304052162087,20,13,49780,49883,170,91,0,0,0,0,0,0,99709,0,0,0,0,0,0,0,0,0,0,287,0,0,0,0,0,0
50,4466,51.024465952567276,99996,28,13,0,0,216,115,0.003310132405296212,20,12,49777,49883,173,90,0,0,0,0,0,0,99706,0,0,0,0,0,0,0,0,0,0,290,0,0,0,0,0,0
51,4466,52.28286705998133,99996,34,14,0,0,223,116,0.003390135605424217,20,12,49771,49882,173,90,0,0,0,0,0,0,99705,0,0,0,0,0,0,0,0,0,0,291,0,0,0,0,0,0
52,4466,53.01483346117307,99996,37,20,0,0,231,124,0.003550142005680227,18,7,49768,49879,175,92,0,0,0,0,0,0,99698,0,0,0,0,0,0,0,0,0,0,298,0,0,0,0,0,0
53,4466,54.01869132257622,99996,31,19,0,0,235,125,0.0036001440057602304,15,13,49767,49873,185,93,0,0,0,0,0,0,99687,0,0,1,0,0,0,0,0,0,0,308,0,0,0,0,0,0
54,4466,55.01568489736451,99996,30,18,0,0,237,127,0.003640145605824233,19,13,49761,49872,188,95,0,0,0,0,0,0,99682,0,0,2,0,0,0,0,0,0,0,312,0,0,0,0,0,0
55,4466,56.037229616413946,99996,30,19,0,0,240,131,0.0037101484059362372,19,11,49759,49872,190,96,0,0,0,0,0,0,99676,0,0,2,0,0,0,0,0,0,0,318,0,0,0,0,0,0
56,4466,57.05717500144033,99996,31,21,0,0,250,135,0.0038501540061602465,18,10,49750,49870,199,97,0,0,0,0,0,0,99665,0,0,2,0,0,0,0,0,0,0,329,0,0,0,0,0,0
57,4466,58.12292197488477,99996,27,21,0,0,252,139,0.0039101564062562506,23,6,49746,49871,202,100,0,0,0,0,0,0,99655,0,0,2,0,0,0,0,0,0,0,339,0,0,0,0,0,0
58,4466,59.046667006994305,99996,31,19,0,0,259,139,0.0039801592063682546,22,7,49740,49870,205,102,0,0,0,0,0,0,99650,0,0,2,0,0,0,0,0,0,0,344,0,0,0,0,0,0
59,4466,60.01599962386292,99996,31,17,0,0,266,140,0.00406016240649626,21,8,49736,49868,210,105,0,0,0,0,0,0,99640,0,0,2,0,0,0,0,0,0,0,354,0,0,0,0,0,0
60,4466,61.063014437033566,99996,32,18,0,0,271,142,0.004130165206608264,21,7,49733,49867,212,106,0,0,0,0,0,0,99635,0,0,2,0,0,0,0,0,0,0,359,0,0,0,0,0,0
61,4466,62.05828835425341,99996,37,18,0,0,278,143,0.004210168406736269,17,8,49731,49867,213,105,0,0,0,0,0,0,99632,0,0,2,0,0,0,0,0,0,0,362,0,0,0,0,0,0
62,4466,63.13733690371616,99996,37,21,0,0,282,148,0.0043001720068802755,17,7,49727,49863,217,107,0,0,0,0,0,0,99626,0,0,2,0,0,0,0,0,0,0,368,0,0,0,0,0,0
63,4466,64.01698025999694,99996,43,22,0,0,292,150,0.004420176807072283,13,6,49722,49862,220,108,0,0,0,0,0,0,99621,0,0,2,0,0,0,0,0,0,0,373,0,0,0,0,0,0
64,4466,65.02525177343182,99996,37,22,0,0,293,154,0.004470178807152286,14,6,49720,49858,227,112,0,0,0,0,0,0,99610,0,0,2,0,0,0,0,0,0,0,384,0,0,0,0,0,0
65,4466,66.16368479297788,99995,36,23,1,0,298,156,0.004540227011350567,16,11,49714,49852,231,112,0,0,0,0,0,0,99603,0,0,2,0,0,0,0,0,0,0,390,0,0,0,0,0,0
66,4466,67.0680890584769,99995,35,19,1,0,301,157,0.004580229011450572,15,14,49712,49849,235,116,0,0,0,0,0,0,99594,0,0,2,0,0,0,0,0,0,0,399,0,0,0,0,0,0
67,4466,68.2423657267048,99995,38,18,1,0,306,160,0.004660233011650582,15,13,49707,49847,237,120,0,0,0,0,0,0,99588,0,0,2,0,0,0,0,0,0,0,405,0,0,0,0,0,0
68,4466,69.00619468917897,99995,34,17,1,0,309,162,0.004710235511775589,20,14,49699,49844,244,123,0,0,0,0,0,0,99578,0,0,2,0,0,0,0,0,0,0,415,0,0,0,0,0,0
69,4466,70.05035669537197,99995,36,18,1,0,318,163,0.004810240512025601,15,14,49695,49844,251,122,0,0,0,0,0,0,99571,0,0,2,0,0,0,0,0,0,0,422,0,0,0,0,0,0
70,4466,71.04738175073001,99995,37,14,1,0,323,163,0.004860243012150607,18,17,49687,49842,255,125,0,0,0,0,0,0,99563,0,0,2,0,0,0,0,0,0,0,430,0,0,0,0,0,0
71,4466,72.1339909747304,99995,38,16,1,0,327,167,0.004940247012350617,18,14,49685,49841,256,127,0,0,0,0,0,0,99558,0,0,2,0,0,0,0,0,0,0,435,0,0,0,0,0,0
72,4466,73.00473987038019,99995,38,21,1,0,330,172,0.005020251012550628,19,10,49681,49841,259,126,0,0,0,0,0,0,99555,0,0,2,0,0,0,0,0,0,0,438,0,0,0,0,0,0
73,4466,74.00137130076078,99995,38,17,1,0,334,174,0.005080254012700635,19,11,49677,49838,263,132,0,0,0,0,0,0,99545,0,0,2,0,0,0,0,0,0,0,448,0,0,0,0,0,0
74,4466,75.05118358265996,99995,40,20,1,0,342,181,0.005230261513075654,24,9,49667,49833,266,136,0,0,0,0,0,0,99536,0,0,3,0,0,0,0,0,0,0,456,0,0,0,0,0,0
75,4466,76.08265408624341,99995,39,18,1,0,346,183,0.005290264513225661,26,9,49661,49831,271,140,0,0,0,0,0,0,99527,0,0,3,0,0,0,0,0,0,0,465,0,0,0,0,0,0
76,4466,77.12483200433003,99995,40,15,1,0,354,184,0.005380269013450673,28,14,49655,49827,274,142,0,0,0,0,0,0,99516,0,0,3,0,0,0,0,0,0,0,476,0,0,0,0,0,0
77,4466,78.21834359657657,99995,40,20,1,0,361,191,0.00552027601380069,31,13,49649,49821,277,144,0,0,0,0,0,0,99507,0,0,3,0,0,0,0,0,0,0,485,0,0,0,0,0,0
78,4466,79.03378973526365,99995,44,19,1,0,368,193,0.005610280514025701,25,11,49650,49821,278,147,0,0,0,0,0,0,99501,0,0,3,0,0,0,0,0,0,0,491,0,0,0,0,0,0
79,4466,80.00633425037343,99995,47,22,1,0,374,196,0.005700285014250713,28,15,49641,49814,281,147,0,0,0,0,0,0,99498,0,0,3,0,0,0,0,0,0,0,494,0,0,0,0,0,0
80,4466,81.02438077053225,99995,45,24,1,0,377,202,0.005790289514475724,30,15,49637,49808,285,151,0,0,0,0,0,0,99489,0,0,3,0,0,0,0,0,0,0,503,0,0,0,0,0,0
81,4466,82.08863279644369,99995,50,30,1,0,388,209,0.005970298514925746,22,21,49635,49795,290,152,0,0,0,0,0,0,99482,0,0,3,0,0,0,0,0,0,0,510,0,0,0,0,0,0
82,4466,83.24085261155253,99994,41,29,1,1,392,213,0.006050363021781307,26,21,49627,49791,303,156,0,0,0,0,0,0,99464,0,0,3,0,0,0,0,0,0,0,527,0,0,0,0,0,0
83,4466,84.23542679972117,99993,42,28,2,1,399,215,0.006140429830088106,24,22,49624,49788,306,159,0,0,0,0,0,0,99455,0,0,3,0,0,0,0,0,0,0,535,0,0,0,0,0,0
84,4466,85.23007277775784,99993,46,29,2,1,406,218,0.00624043683057814,25,23,49617,49784,308,161,0,0,0,0,0,0,99450,0,0,3,0,0,0,0,0,0,0,540,0,0,0,0,0,0
85,4466,86.22480133441137,99993,49,33,2,1,411,226,0.0063704459312151854,22,18,49616,49781,309,165,0,0,0,0,0,0,99444,0,0,3,0,0,0,0,0,0,0,546,0,0,0,0,0,0
86,4466,87.02690865889132,99993,43,37,2,1,415,234,0.006490454331803226,25,13,49609,49778,319,169,0,0,0,0,0,0,99430,0,0,3,0,0,0,0,0,0,0,560,0,0,0,0,0,0
87,4466,88.32609503411908,99993,41,35,2,1,422,236,0.006580460632244257,32,19,49596,49770,327,173,0,0,0,0,0,0,99417,0,0,3,0,0,0,0,0,0,0,573,0,0,0,0,0,0
88,4466,89.01471086662265,99993,40,34,2,1,428,242,0.006700469032832298,31,16,49593,49767,332,180,0,0,0,0,0,0,99403,0,0,3,0,0,0,0,0,0,0,587,0,0,0,0,0,0
89,4466,90.06681837968765,99993,41,32,2,1,434,244,0.006780474633224325,35,18,49583,49764,337,183,0,0,0,0,0,0,99394,0,0,3,0,0,0,0,0,0,0,596,0,0,0,0,0,0
90,4466,91.2998887677873,99992,50,30,2,2,446,249,0.006950556044483558,33,19,49573,49758,340,189,0,0,0,0,0,0,99384,0,0,3,0,0,0,0,0,0,0,605,0,0,0,0,0,0
91,4466,92.2682381227539,99992,54,29,2,2,457,253,0.007100568045443636,29,17,49566,49756,347,194,0,0,0,0,0,0,99372,0,0,3,0,0,0,0,0,0,0,617,0,0,0,0,0,0
92,4466,93.23888763280742,99992,58,33,2,2,470,259,0.007290583246659732,25,15,49558,49752,355,196,0,0,0,0,0,0,99361,0,0,3,0,0,0,0,0,0,0,628,0,0,0,0,0,0
93,4466,94.31667916057968,99992,53,34,2,2,473,265,0.007380590447235779,29,12,49555,49750,359,200,0,0,0,0,0,0,99348,0,0,3,0,0,0,0,0,0,0,641,0,0,0,0,0,0
94,4466,95.05784760097778,99992,47,31,2,2,475,267,0.007420593647491799,33,12,49549,49748,367,205,0,0,0,0,0,0,99335,0,0,3,0,0,0,0,0,0,0,654,0,0,0,0,0,0
95,4466,96.06393474236458,99992,46,28,2,2,485,268,0.007530602448195855,31,14,49543,49745,376,209,0,0,0,0,0,0,99320,0,0,3,0,0,0,0,0,0,0,669,0,0,0,0,0,0
96,4466,97.06013264019393,99992,50,25,2,2,493,269,0.007620609648771902,29,19,49538,49740,379,212,0,0,0,0,0,0,99312,0,0,3,0,0,0,0,0,0,0,677,0,0,0,0,0,0
97,4466,98.02368421616484,99991,49,28,3,2,496,275,0.007710693962456621,31,15,49533,49739,382,214,0,0,0,0,0,0,99305,0,0,3,0,0,0,0,0,0,0,683,0,0,0,0,0,0
98,4466,99.02705889425756,99991,43,30,3,2,501,283,0.007840705663509716,37,12,49523,49735,392,219,0,0,0,0,0,0,99288,0,0,3,0,0,0,0,0,0,0,700,0,0,0,0,0,0
99,4466,100.26578055106587,99991,47,31,3,2,511,287,0.007980718264643819,35,17,49516,49727,397,221,0,0,0,0,0,0,99279,0,0,3,0,0,0,0,0,0,0,709,0,0,0,0,0,0
100,4466,101.32742190126872,99991,47,32,3,2,517,292,0.008090728165534898,32,17,49513,49724,403,223,0,0,0,0,0,0,99269,0,0,3,0,0,0,0,0,0,0,719,0,0,0,0,0,0
101,4466,102.00136636701565,99991,53,34,3,2,528,298,0.008260743466912022,28,15,49509,49722,405,225,0,0,0,0,0,0,99260,0,0,3,0,0,0,0,0,0,0,728,0,0,0,0,0,0
102,4466,103.06819512096939,99991,57,37,3,2,540,303,0.008430758768289146,21,13,49506,49720,411,226,0,0,0,0,0,0,99250,0,0,3,0,0,0,0,0,0,0,738,0,0,0,0,0,0
103,4466,104.0004515019098,99991,52,33,3,2,544,305,0.00849076416877519,29,19,49494,49713,420,231,0,0,0,0,0,0,99235,0,0,3,0,0,0,0,0,0,0,753,0,0,0,0,0,0
104,4466,105.1018013229667,99991,51,31,3,2,550,313,0.008630776769909292,28,17,49491,49709,425,239,0,0,0,0,0,0,99218,0,0,3,0,0,0,0,0,0,0,770,0,0,0,0,0,0
105,4466,106.1187232954837,99991,46,29,3,2,552,318,0.008700783070476344,35,16,49483,49707,431,244,0,0,0,0,0,0,99204,0,0,3,0,0,0,0,0,0,0,784,0,0,0,0,0,0
106,4466,107.12229513490048,99991,43,32,3,2,558,323,0.008810792971367424,33,16,49479,49702,440,246,0,0,0,0,0,0,99193,0,0,3,0,0,0,0,0,0,0,795,0,0,0,0,0,0
107,4466,108.01434984753934,99991,42,34,3,2,562,327,0.00889080017201548,38,16,49470,49699,445,247,0,0,0,0,0,0,99186,0,0,3,0,0,0,0,0,0,0,802,0,0,0,0,0,0
108,4466,109.03335813646511,99990,41,36,4,2,571,332,0.009030903090309031,42,18,49457,49692,454,250,0,0,0,0,0,0,99174,0,0,4,0,0,0,0,0,0,0,812,0,0,0,0,0,0
109,4466,110.0775779195826,99990,47,36,4,2,586,337,0.009230923092309232,34,16,49454,49690,459,254,0,0,0,0,0,0,99160,0,0,4,0,0,0,0,0,0,0,826,0,0,0,0,0,0
110,4466,111.00582885017171,99990,52,37,4,2,592,340,0.009320932093209321,30,17,49454,49686,458,256,0,0,0,0,0,0,99157,0,0,4,0,0,0,0,0,0,0,829,0,0,0,0,0,0
111,4466,112.01106267395112,99990,50,37,4,2,599,344,0.00943094309430943,30,18,49451,49681,463,260,0,0,0,0,0,0,99144,0,0,4,0,0,0,0,0,0,0,842,0,0,0,0,0,0
112,4466,113.0004213345387,99990,46,40,4,2,605,350,0.009550955095509552,29,16,49447,49677,472,263,0,0,0,0,0,0,99131,0,0,4,0,0,0,0,0,0,0,855,0,0,0,0,0,0
113,4466,114.11377625940115,99990,43,42,4,2,613,356,0.009690969096909691,30,13,49439,49674,482,267,0,0,0,0,0,0,99116,0,0,4,0,0,0,0,0,0,0,870,0,0,0,0,0,0
114,4466,115.24649300971234,99990,50,37,4,2,625,359,0.009840984098409842,30,14,49428,49674,486,271,0,0,0,0,0,0,99103,0,0,4,0,0,0,0,0,0,0,883,0,0,0,0,0,0
115,4466,116.16995945556894,99990,53,36,4,2,636,362,0.009980998099809981,31,16,49418,49669,492,275,0,0,0,0,0,0,99091,0,0,4,0,0,0,0,0,0,0,895,0,0,0,0,0,0
116,4466,117.0552682959964,99990,52,37,4,2,642,366,0.010081008100810081,33,13,49410,49668,499,278,0,0,0,0,0,0,99081,0,0,4,0,0,0,0,0,0,0,905,0,0,0,0,0,0
117,4466,118.06174846109906,99990,52,30,4,2,649,370,0.010191019101910191,34,15,49405,49663,503,288,0,0,0,0,0,0,99063,0,0,4,0,0,0,0,0,0,0,923,0,0,0,0,0,0
118,4466,119.01112401246377,99990,51,31,4,2,655,373,0.01028102810281028,37,18,49399,49660,507,287,0,0,0,0,0,0,99054,0,0,4,0,0,0,0,0,0,0,932,0,0,0,0,0,0
119,4466,120.00863377285386,99990,50,30,4,2,662,380,0.010421042104210422,39,15,49393,49656,512,295,0,0,0,0,0,0,99038,0,0,4,0,0,0,0,0,0,0,948,0,0,0,0,0,0
120,4466,121.06205275896231,99990,46,29,4,2,667,383,0.010501050105010502,40,14,49387,49654,521,299,0,0,0,0,0,0,99025,0,0,4,0,0,0,0,0,0,0,961,0,0,0,0,0,0
121,4466,122.15782770643516,99990,48,28,4,2,677,385,0.01062106210621062,39,18,49379,49648,528,302,0,0,0,0,0,0,99014,0,0,4,0,0,0,0,0,0,0,972,0,0,0,0,0,0
122,4466,123.21840741403665,99990,50,25,4,2,684,388,0.010721072107210721,46,17,49366,49646,532,308,0,0,0,0,0,0,99003,0,0,4,0,0,0,0,0,0,0,983,0,0,0,0,0,0
123,4466,124.16816058646062,99990,60,23,4,2,700,390,0.010901090109010901,38,19,49358,49643,538,311,0,0,0,0,0,0,98993,0,0,4,0,0,0,0,0,0,0,993,0,0,0,0,0,0
124,4466,125.14170481851707,99990,63,26,4,2,712,396,0.011081108110811082,38,16,49346,49640,547,314,0,0,0,0,0,0,98981,0,0,4,0,0,0,0,0,0,0,1005,0,0,0,0,0,0
125,4466,126.3149679778127,99990,61,27,4,2,720,399,0.011191119111911191,37,18,49341,49637,555,314,0,0,0,0,0,0,98969,0,0,4,0,0,0,0,0,0,0,1017,0,0,0,0,0,0
126,4466,127.32474425620067,99990,64,24,4,2,736,403,0.01139113911391139,34,20,49329,49632,567,320,0,0,0,0,0,0,98949,0,0,4,0,0,0,0,0,0,0,1037,0,0,0,0,0,0
127,4466,128.3123486967171,99990,69,23,4,2,744,406,0.011501150115011502,35,19,49320,49630,570,324,0,0,0,0,0,0,98942,0,0,4,0,0,0,0,0,0,0,1044,0,0,0,0,0,0
128,4466,129.11904279214346,99990,65,26,4,2,753,410,0.01163116311631163,35,19,49312,49626,582,325,0,0,0,0,0,0,98928,0,0,4,0,0,0,0,0,0,0,1058,0,0,0,0,0,0
129,4466,130.10787805471628,99990,66,22,4,2,761,414,0.011751175117511751,30,20,49313,49622,585,332,0,0,0,0,0,0,98913,0,0,4,0,0,0,0,0,0,0,1073,0,0,0,0,0,0
130,4466,131.1236960834886,99990,62,22,4,2,769,417,0.011861186118611861,32,21,49303,49620,597,333,0,0,0,0,0,0,98898,0,0,4,0,0,0,0,0,0,0,1088,0,0,0,0,0,0
131,4466,132.2480490073349,99990,58,26,4,2,776,422,0.011981198119811982,37,20,49292,49616,607,334,0,0,0,0,0,0,98886,0,0,4,0,0,0,0,0,0,0,1100,0,0,0,0,0,0
132,4466,133.16168262536002,99990,61,32,4,2,784,429,0.01213121312131213,32,14,49290,49616,611,334,0,0,0,0,0,0,98880,0,0,4,0,0,0,0,0,0,0,1106,0,0,0,0,0,0
133,4466,134.10990670187297,99990,62,29,4,2,789,435,0.012241224122412242,36,14,49282,49611,614,342,0,0,0,0,0,0,98867,0,0,4,0,0,0,0,0,0,0,1119,0,0,0,0,0,0
134,4466,135.15390680416476,99990,63,28,4,2,798,439,0.01237123712371237,39,13,49273,49608,619,347,0,0,0,0,0,0,98854,0,0,4,0,0,0,0,0,0,0,1132,0,0,0,0,0,0
135,4466,136.01655563662075,99990,69,28,4,2,811,443,0.012541254125412541,39,14,49265,49603,621,351,0,0,0,0,0,0,98843,0,0,4,0,0,0,0,0,0,0,1143,0,0,0,0,0,0
136,4466,137.01206765545513,99990,62,29,4,2,817,451,0.012681268126812681,43,17,49256,49594,633,356,0,0,0,0,0,0,98823,0,0,4,0,0,0,0,0,0,0,1163,0,0,0,0,0,0
137,4466,138.33288099118832,99990,69,27,4,2,834,455,0.012891289128912891,35,20,49248,49589,642,360,0,0,0,0,0,0,98807,0,0,4,0,0,0,0,0,0,0,1179,0,0,0,0,0,0
138,4466,139.06754532799582,99990,65,30,4,2,841,460,0.013011301130113012,33,21,49245,49584,651,361,0,0,0,0,0,0,98794,0,0,4,0,0,0,0,0,0,0,1192,0,0,0,0,0,0
139,4466,140.06950240862386,99990,58,32,4,2,847,467,0.013141314131413142,30,20,49243,49579,663,365,0,0,0,0,0,0,98776,0,0,4,0,0,0,0,0,0,0,1210,0,0,0,0,0,0
140,4466,141.06242553109038,99990,59,35,4,2,852,473,0.013251325132513252,34,17,49236,49581,665,363,0,0,0,0,0,0,98769,0,0,4,0,0,0,0,0,0,0,1217,0,0,0,0,0,0
141,4466,142.13441314325559,99990,72,38,4,2,865,480,0.01345134513451345,30,17,49233,49575,659,366,0,0,0,0,0,0,98765,0,0,4,0,0,0,0,0,0,0,1221,0,0,0,0,0,0
142,4466,143.31207509719084,99990,75,36,4,2,874,484,0.01358135813581358,32,22,49224,49569,663,369,0,0,0,0,0,0,98753,0,0,4,0,0,0,0,0,0,0,1233,0,0,0,0,0,0
143,4466,144.00795960078906,99989,74,42,5,2,877,490,0.013671503865425197,36,16,49217,49571,666,367,0,0,0,0,0,0,98749,0,0,4,0,0,0,0,0,0,0,1236,0,0,0,0,0,0
144,4466,145.07549094598352,99989,65,37,5,2,880,495,0.013751512666393304,43,17,49209,49568,676,374,0,0,0,0,0,0,98727,0,0,4,0,0,0,0,0,0,0,1258,0,0,0,0,0,0
145,4466,146.29012005632217,99989,72,35,5,2,896,500,0.013961535768934583,49,19,49189,49563,683,379,0,0,0,0,0,0,98711,0,0,4,0,0,0,0,0,0,0,1274,0,0,0,0,0,0
146,4466,147.13138994152595,99989,79,37,5,2,910,510,0.014201562171838902,47,14,49181,49558,686,387,0,0,0,0,0,0,98696,0,0,4,0,0,0,0,0,0,0,1289,0,0,0,0,0,0
147,4466,148.17157258556335,99989,79,39,5,2,919,515,0.014341577573533089,54,19,49170,49548,690,390,0,0,0,0,0,0,98684,0,0,4,0,0,0,0,0,0,0,1301,0,0,0,0,0,0
148,4466,149.31399532019492,99989,78,36,5,2,934,520,0.014541599575953355,55,19,49156,49545,704,396,0,0,0,0,0,0,98660,0,0,4,0,0,0,0,0,0,0,1325,0,0,0,0,0,0
149,4466,150.1397177826809,99989,80,35,5,2,948,521,0.014691616077768555,50,22,49155,49542,708,397,0,0,0,0,0,0,98646,0,0,4,0,0,0,0,0,0,0,1339,0,0,0,0,0,0
150,4466,151.14313657521546,99989,83,42,5,2,956,531,0.014871635879946794,52,18,49146,49538,712,398,0,0,0,0,0,0,98638,0,0,4,0,0,0,0,0,0,0,1347,0,0,0,0,0,0
151,4466,152.32467320942223,99989,101,43,5,2,980,539,0.01519167108381922,54,24,49123,49525,715,404,0,0,0,0,0,0,98625,0,0,4,0,0,0,0,0,0,0,1360,0,0,0,0,0,0
152,4466,153.32843847135462,99989,95,43,5,2,984,544,0.01528168098490834,71,25,49106,49520,721,408,0,0,0,0,0,0,98611,0,0,5,0,0,0,0,0,0,0,1373,0,0,0,0,0,0
153,4466,154.3324228781892,99989,97,43,5,2,1001,550,0.015511706287691647,65,21,49100,49518,731,414,0,0,0,0,0,0,98590,0,0,5,0,0,0,0,0,0,0,1394,0,0,0,0,0,0
154,4466,155.0018330888937,99989,96,40,5,2,1010,553,0.015631719489143804,64,27,49094,49510,739,419,0,0,0,0,0,0,98574,0,0,5,0,0,0,0,0,0,0,1410,0,0,0,0,0,0
155,4466,156.00611357130742,99989,100,44,5,2,1024,561,0.0158517436918061,67,34,49079,49497,747,421,0,0,0,0,0,0,98560,0,0,5,0,0,0,0,0,0,0,1424,0,0,0,0,0,0
156,4466,157.01054997143066,99989,105,40,5,2,1038,568,0.016061766794347378,65,35,49071,49489,752,432,0,0,0,0,0,0,98540,0,0,5,0,0,0,0,0,0,0,1444,0,0,0,0,0,0
157,4466,158.0151599939894,99989,99,44,5,2,1051,575,0.016261788796767644,66,33,49060,49485,768,434,0,0,0,0,0,0,98518,0,0,5,0,0,0,0,0,0,0,1466,0,0,0,0,0,0
158,4466,159.02003216134995,99989,100,43,5,2,1069,579,0.016481812999429937,60,34,49052,49480,781,439,0,0,0,0,0,0,98496,0,0,5,0,0,0,0,0,0,0,1488,0,0,0,0,0,0
159,4466,160.02512231167094,99988,99,45,5,3,1078,587,0.016651998239788773,67,31,49038,49476,789,443,0,0,0,0,0,0,98480,0,0,5,0,0,0,0,0,0,0,1503,0,0,0,0,0,0
160,4466,161.03045065959594,99988,107,48,5,3,1094,594,0.01688202584310117,67,31,49024,49471,795,445,0,0,0,0,0,0,98468,0,0,5,0,0,0,0,0,0,0,1515,0,0,0,0,0,0
161,4466,162.0359504152889,99988,116,46,5,3,1113,603,0.017162059447133657,65,30,49009,49464,803,455,0,0,0,0,0,0,98447,0,0,5,0,0,0,0,0,0,0,1536,0,0,0,0,0,0
162,4466,163.04167995362127,99988,116,40,5,3,1126,607,0.01733207984958195,63,33,49000,49459,814,463,0,0,0,0,0,0,98424,0,0,5,0,0,0,0,0,0,0,1559,0,0,0,0,0,0
163,4466,164.04768183732523,99988,113,43,5,3,1148,613,0.017612113453614433,56,34,48988,49455,836,463,0,0,0,0,0,0,98396,0,0,5,0,0,0,0,0,0,0,1587,0,0,0,0,0,0
164,4466,165.0540030900334,99988,115,42,5,3,1165,622,0.017872144657358882,56,32,48975,49451,847,470,0,0,0,0,0,0,98372,0,0,6,0,0,0,0,0,0,0,1610,0,0,0,0,0,0
165,4466,166.06057200888014,99988,123,46,5,3,1181,630,0.018112173460815298,53,29,48966,49448,851,472,0,0,0,0,0,0,98360,0,0,6,0,0,0,0,0,0,0,1622,0,0,0,0,0,0
166,4466,167.0672969235892,99988,116,50,5,3,1193,638,0.018312197463695643,50,29,48961,49442,866,474,0,0,0,0,0,0,98338,0,0,7,0,0,0,0,0,0,0,1643,0,0,0,0,0,0
167,4466,168.0742144129103,99988,106,50,5,3,1206,646,0.018522222666720007,52,30,48948,49436,887,479,0,0,0,0,0,0,98307,0,0,7,0,0,0,0,0,0,0,1674,0,0,0,0,0,0
168,4466,169.0814468187639,99988,102,48,5,3,1222,652,0.018742249069888386,56,31,48932,49432,903,484,0,0,0,0,0,0,98280,0,0,8,0,0,0,0,0,0,0,1700,0,0,0,0,0,0
169,4466,170.08900519913783,99987,109,47,6,3,1234,660,0.018942462520127618,58,26,48919,49437,906,485,0,0,0,0,0,0,98266,0,0,8,0,0,0,0,0,0,0,1713,0,0,0,0,0,0
170,4466,171.09679798260086,99986,106,44,7,3,1246,665,0.019112675774608446,70,29,48896,49430,919,492,0,0,0,0,0,0,98245,0,0,10,0,0,0,0,0,0,0,1731,0,0,0,0,0,0
171,4466,172.1049235484853,99986,115,44,7,3,1266,672,0.019382713579901185,71,33,48881,49423,924,495,0,0,0,0,0,0,98227,0,0,10,0,0,0,0,0,0,0,1749,0,0,0,0,0,0
172,4466,173.11326498382107,99985,114,48,8,3,1283,683,0.019662949442416363,73,31,48865,49416,938,500,0,0,0,0,0,0,98202,0,0,10,0,0,0,0,0,0,0,1773,0,0,0,0,0,0
173,4466,174.12187941831945,99985,117,47,8,3,1304,690,0.019942991448717307,65,32,48855,49409,953,507,0,0,0,0,0,0,98177,0,0,11,0,0,0,0,0,0,0,1797,0,0,0,0,0,0
174,4466,175.1307423581672,99985,107,49,8,3,1319,696,0.020153022953443015,58,34,48849,49401,976,511,0,0,0,0,0,0,98148,0,0,11,0,0,0,0,0,0,0,1826,0,0,0,0,0,0
175,4466,176.139904137531,99985,102,54,8,3,1329,708,0.020373055958393758,62,29,48838,49395,988,517,0,0,0,0,0,0,98126,0,0,11,0,0,0,0,0,0,0,1848,0,0,0,0,0,0
176,4466,177.1492954526606,99985,104,50,8,3,1345,711,0.0205630844626694,60,34,48827,49390,999,521,0,0,0,0,0,0,98106,0,0,12,0,0,0,0,0,0,0,1867,0,0,0,0,0,0
177,4466,178.15892578233922,99985,95,50,8,3,1360,719,0.02079311896784518,54,35,48824,49383,1017,527,0,0,0,0,0,0,98074,0,0,12,0,0,0,0,0,0,0,1899,0,0,0,0,0,0
178,4466,179.168757047576,99985,100,47,8,3,1372,725,0.020973145971895785,58,34,48816,49380,1016,534,0,0,0,0,0,0,98058,0,0,12,0,0,0,0,0,0,0,1915,0,0,0,0,0,0
179,4466,180.17865455452053,99985,105,45,8,3,1391,731,0.02122318347752163,47,37,48811,49374,1027,539,0,0,0,0,0,0,98036,0,0,12,0,0,0,0,0,0,0,1937,0,0,0,0,0,0
180,4466,181.1887443967585,99985,100,39,8,3,1400,736,0.0213632044806721,60,41,48795,49365,1035,550,0,0,0,0,0,0,98011,0,0,12,0,0,0,0,0,0,0,1962,0,0,0,0,0,0
181,4466,182.19911538539225,99985,100,43,8,3,1415,748,0.021633244986748013,67,38,48779,49360,1044,554,0,0,0,0,0,0,97988,0,0,12,0,0,0,0,0,0,0,1985,0,0,0,0,0,0
182,4466,183.20973724987297,99985,103,47,8,3,1437,759,0.021963294494174126,62,34,48762,49354,1063,560,0,0,0,0,0,0,97962,0,0,12,0,0,0,0,0,0,0,2011,0,0,0,0,0,0
183,4466,184.22071303011472,99985,109,48,8,3,1457,769,0.022263339500925138,59,34,48748,49345,1074,568,0,0,0,0,0,0,97939,0,0,12,0,0,0,0,0,0,0,2034,0,0,0,0,0,0
184,4466,185.2319289596309,99985,113,54,8,3,1477,781,0.022583387508126218,60,24,48731,49345,1086,572,0,0,0,0,0,0,97917,0,0,12,0,0,0,0,0,0,0,2056,0,0,0,0,0,0
185,4466,186.24342401188542,99985,110,51,8,3,1487,788,0.022753413011951794,62,29,48724,49334,1094,581,0,0,0,0,0,0,97895,0,0,13,0,0,0,0,0,0,0,2077,0,0,0,0,0,0
186,4466,187.25508496750444,99985,106,46,8,3,1500,791,0.022913437015552332,67,36,48708,49327,1109,586,0,0,0,0,0,0,97871,0,0,14,0,0,0,0,0,0,0,2100,0,0,0,0,0,0
187,4466,188.26706388870818,99985,112,47,8,3,1518,799,0.02317347602140321,67,38,48695,49318,1116,592,0,0,0,0,0,0,97852,0,0,14,0,0,0,0,0,0,0,2119,0,0,0,0,0,0
188,4466,189.27928082395977,99985,112,49,8,3,1536,806,0.023423513527029056,58,39,48692,49314,1128,593,0,0,0,0,0,0,97830,0,0,15,0,0,0,0,0,0,0,2140,0,0,0,0,0,0
189,4466,190.29159840333227,99985,119,50,8,3,1554,811,0.02365354803220483,56,41,48681,49309,1134,595,0,0,0,0,0,0,97815,0,0,15,0,0,0,0,0,0,0,2155,0,0,0,0,0,0
190,4466,191.30411914058388,99985,112,53,8,3,1563,821,0.023843576536480473,62,41,48669,49300,1147,601,0,0,0,0,0,0,97792,0,0,15,0,0,0,0,0,0,0,2178,0,0,0,0,0,0
191,4466,192.31685868428215,99985,106,59,8,3,1574,835,0.024093614042106314,63,34,48660,49296,1161,606,0,0,0,0,0,0,97767,0,0,15,0,0,0,0,0,0,0,2203,0,0,0,0,0,0
192,4466,193.3298323737873,99985,109,57,8,3,1591,843,0.02434365154773216,66,34,48644,49289,1171,615,0,0,0,0,0,0,97743,0,0,15,0,0,0,0,0,0,0,2227,0,0,0,0,0,0
193,4466,194.005289623032,99985,120,59,8,3,1605,850,0.024553683052457868,61,32,48639,49285,1170,619,0,0,0,0,0,0,97735,0,0,15,0,0,0,0,0,0,0,2235,0,0,0,0,0,0
194,4466,195.0185917148579,99985,120,57,8,3,1623,855,0.024783717557633644,59,38,48632,49275,1179,625,0,0,0,0,0,0,97711,0,0,16,0,0,0,0,0,0,0,2258,0,0,0,0,0,0
195,4466,196.03205680796844,99985,118,58,8,3,1642,863,0.025053758063709557,55,38,48622,49268,1195,631,0,0,0,0,0,0,97683,0,0,16,0,0,0,0,0,0,0,2286,0,0,0,0,0,0
196,4466,197.0457727673368,99985,119,65,8,3,1655,880,0.02535380307046057,62,31,48607,49258,1202,641,0,0,0,0,0,0,97661,0,0,16,0,0,0,0,0,0,0,2308,0,0,0,0,0,0
197,4466,198.05970417146614,99985,121,64,8,3,1672,887,0.02559383907586138,65,33,48589,49252,1215,646,0,0,0,0,0,0,97638,0,0,16,0,0,0,0,0,0,0,2331,0,0,0,0,0,0
198,4466,199.07399962986742,99985,111,60,8,3,1688,893,0.025813872080812122,73,31,48568,49250,1238,654,0,0,0,0,0,0,97602,0,0,16,0,0,0,0,0,0,0,2367,0,0,0,0,0,0
199,4466,200.0887319653053,99985,121,59,8,3,1714,899,0.026133920088013202,66,33,48554,49245,1249,658,0,0,0,0,0,0,97579,0,0,16,0,0,0,0,0,0,0,2390,0,0,0,0,0,0
200,4466,201.10376042928704,99985,114,57,8,3,1722,906,0.02628394259138871,69,37,48546,49235,1261,666,0,0,0,0,0,0,97555,0,0,16,0,0,0,0,0,0,0,2414,0,0,0,0,0,0
201,4466,202.1190083900085,99985,111,58,8,3,1741,915,0.026563984597689654,83,34,48514,49231,1282,672,0,0,0,0,0,0,97526,0,0,17,0,0,0,0,0,0,0,2442,0,0,0,0,0,0
202,4466,203.13474659979968,99984,117,58,9,3,1761,923,0.026844295087213955,87,38,48493,49221,1292,678,0,0,0,0,0,0,97505,0,0,18,0,0,0,0,0,0,0,2461,0,0,0,0,0,0
203,4466,204.1508575029424,99984,127,56,9,3,1786,929,0.027154344695151225,83,39,48475,49215,1304,685,0,0,0,0,0,0,97482,0,0,18,0,0,0,0,0,0,0,2484,0,0,0,0,0,0
204,4466,205.16728212515167,99984,129,63,9,3,1805,944,0.027494399103856617,85,34,48461,49208,1314,690,0,0,0,0,0,0,97458,0,0,19,0,0,0,0,0,0,0,2507,0,0,0,0,0,0
205,4466,206.18396370249948,99984,131,64,9,3,1830,951,0.02781445031204993,83,32,48441,49205,1334,694,0,0,0,0,0,0,97430,0,0,20,0,0,0,0,0,0,0,2534,0,0,0,0,0,0
206,4466,207.20104620345649,99984,126,59,9,3,1843,955,0.027984477516402623,88,43,48426,49191,1349,702,0,0,0,0,0,0,97404,0,0,21,0,0,0,0,0,0,0,2559,0,0,0,0,0,0
207,4466,208.2184131988391,99984,130,57,9,3,1869,963,0.028324531925108018,80,43,48411,49186,1368,709,0,0,0,0,0,0,97374,0,0,23,0,0,0,0,0,0,0,2587,0,0,0,0,0,0
208,4466,209.23615575026528,99984,123,61,9,3,1889,974,0.028634581533045288,78,44,48398,49175,1390,715,0,0,0,0,0,0,97340,0,0,23,0,0,0,0,0,0,0,2621,0,0,0,0,0,0
209,4466,210.25425194572333,99984,128,72,9,3,1910,993,0.029034645543286927,79,36,48380,49164,1402,723,0,0,0,0,0,0,97317,0,0,24,0,0,0,0,0,0,0,2643,0,0,0,0,0,0
210,4466,211.2726156197025,99983,130,68,10,3,1930,1004,0.029344988648070173,76,34,48368,49158,1414,735,0,0,0,0,0,0,97284,0,0,24,0,0,0,0,0,0,0,2675,0,0,0,0,0,0
211,4466,212.29131806856182,99983,119,72,10,3,1952,1013,0.029655041357030697,70,36,48355,49150,1444,737,0,0,0,0,0,0,97246,0,0,24,0,0,0,0,0,0,0,2713,0,0,0,0,0,0
212,4466,213.31038505871084,99983,116,74,10,3,1969,1022,0.029915085564545973,75,40,48337,49138,1460,743,0,0,0,0,0,0,97219,0,0,24,0,0,0,0,0,0,0,2740,0,0,0,0,0,0
213,4466,214.32977372603128,99983,115,71,10,3,1988,1031,0.03019513317263935,76,42,48322,49135,1475,747,0,0,0,0,0,0,97188,0,0,25,0,0,0,0,0,0,0,2770,0,0,0,0,0,0
214,4466,215.00955690895714,99983,124,78,10,3,2003,1045,0.030485182481021774,70,37,48315,49131,1479,749,0,0,0,0,0,0,97175,0,0,25,0,0,0,0,0,0,0,2783,0,0,0,0,0,0
215,4466,216.02940954750824,99983,116,83,10,3,2014,1058,0.030725223287958955,88,36,48293,49122,1491,754,0,0,0,0,0,0,97149,0,0,26,0,0,0,0,0,0,0,2808,0,0,0,0,0,0
216,4466,217.04957447636127,99982,123,82,11,3,2040,1064,0.031045588205877057,75,39,48284,49116,1505,758,0,0,0,0,0,0,97123,0,0,26,0,0,0,0,0,0,0,2833,0,0,0,0,0,0
217,4466,218.069997401621,99982,118,75,11,3,2055,1069,0.031245624212358224,75,46,48271,49107,1523,767,0,0,0,0,0,0,97091,0,0,26,0,0,0,0,0,0,0,2865,0,0,0,0,0,0
218,4466,219.09075535753087,99982,121,80,11,3,2079,1085,0.031645696225320555,67,34,48259,49106,1540,775,0,0,0,0,0,0,97059,0,0,26,0,0,0,0,0,0,0,2897,0,0,0,0,0,0
219,4466,220.11180037819162,99982,124,72,11,3,2098,1092,0.031905743033746076,68,36,48244,49100,1551,787,0,0,0,0,0,0,97028,0,0,26,0,0,0,0,0,0,0,2928,0,0,0,0,0,0
220,4466,221.13314010759845,99982,126,70,11,3,2117,1101,0.03218579344281971,70,43,48227,49087,1564,795,0,0,0,0,0,0,97000,0,0,26,0,0,0,0,0,0,0,2956,0,0,0,0,0,0
221,4466,222.1547859324938,99982,122,78,11,3,2136,1114,0.03250585105318957,69,37,48220,49083,1576,797,0,0,0,0,0,0,96973,0,0,27,0,0,0,0,0,0,0,2982,0,0,0,0,0,0
222,4466,223.17662551197347,99982,120,74,11,3,2149,1126,0.032755896061291034,74,36,48209,49079,1584,806,0,0,0,0,0,0,96944,0,0,29,0,0,0,0,0,0,0,3009,0,0,0,0,0,0
223,4466,224.1986940332293,99982,127,73,11,3,2171,1135,0.03306595187133684,72,40,48197,49068,1591,814,0,0,0,0,0,0,96919,0,0,29,0,0,0,0,0,0,0,3034,0,0,0,0,0,0
224,4466,225.22095327455062,99982,130,73,11,3,2191,1143,0.03334600228041047,79,49,48173,49053,1605,820,0,0,0,0,0,0,96895,0,0,30,0,0,0,0,0,0,0,3057,0,0,0,0,0,0
225,4466,226.24362762764864,99982,124,79,11,3,2209,1154,0.033636054489808165,81,49,48159,49042,1623,825,0,0,0,0,0,0,96868,0,0,32,0,0,0,0,0,0,0,3082,0,0,0,0,0,0
226,4466,227.26662961605192,99982,130,86,11,3,2234,1171,0.03405613010341862,80,42,48142,49035,1635,832,0,0,0,0,0,0,96840,0,0,33,0,0,0,0,0,0,0,3109,0,0,0,0,0,0
227,4466,228.28991310712755,99982,128,82,11,3,2257,1178,0.03435618411314036,81,48,48123,49023,1655,842,0,0,0,0,0,0,96805,0,0,34,0,0,0,0,0,0,0,3143,0,0,0,0,0,0
228,4466,229.31356868570398,99982,126,81,11,3,2276,1192,0.03468624352383429,83,42,48107,49017,1671,855,0,0,0,0,0,0,96770,0,0,35,0,0,0,0,0,0,0,3177,0,0,0,0,0,0
229,4466,230.33755708747867,99982,124,85,11,3,2295,1204,0.0349962993338801,89,41,48087,49011,1687,858,0,0,0,0,0,0,96741,0,0,35,0,0,0,0,0,0,0,3206,0,0,0,0,0,0
230,4466,231.02045529179694,99981,128,80,12,3,2313,1210,0.03523669497204469,78,39,48081,49008,1699,868,0,0,0,0,0,0,96718,0,0,37,0,0,0,0,0,0,0,3226,0,0,0,0,0,0
231,4466,232.04509127115537,99981,131,78,12,3,2333,1222,0.03555675578359888,80,39,48063,48999,1712,879,0,0,0,0,0,0,96688,0,0,38,0,0,0,0,0,0,0,3255,0,0,0,0,0,0
232,4466,233.0700742441259,99981,132,76,12,3,2356,1229,0.03585681279443094,80,45,48046,48990,1728,884,0,0,0,0,0,0,96657,0,0,38,0,0,0,0,0,0,0,3286,0,0,0,0,0,0
233,4466,234.09536296498376,99981,137,77,12,3,2383,1240,0.036236885008151545,66,47,48043,48980,1740,891,0,0,0,0,0,0,96625,0,0,38,0,0,0,0,0,0,0,3318,0,0,0,0,0,0
234,4466,235.1208128414441,99981,135,78,12,3,2402,1252,0.036546943919344675,68,50,48027,48968,1756,899,0,0,0,0,0,0,96594,0,0,39,0,0,0,0,0,0,0,3348,0,0,0,0,0,0
235,4466,236.14656173330656,99981,140,73,12,3,2426,1261,0.03687700663125994,72,50,48007,48964,1767,908,0,0,0,0,0,0,96561,0,0,39,0,0,0,0,0,0,0,3381,0,0,0,0,0,0
236,4466,237.1726887421376,99981,143,82,12,3,2445,1281,0.037267080745341616,79,38,47989,48958,1775,917,0,0,0,0,0,0,96536,0,0,41,0,0,0,0,0,0,0,3404,0,0,0,0,0,0
237,4466,238.1990939970238,99981,142,80,12,3,2464,1291,0.03755713585581261,76,42,47978,48949,1790,924,0,0,0,0,0,0,96506,0,0,43,0,0,0,0,0,0,0,3432,0,0,0,0,0,0
238,4466,239.22577599434808,99981,139,90,12,3,2483,1314,0.037977215670977484,75,35,47966,48935,1806,935,0,0,0,0,0,0,96471,0,0,43,0,0,0,0,0,0,0,3467,0,0,0,0,0,0
239,4466,240.25274160047005,99981,134,88,12,3,2505,1321,0.038267270781448474,78,40,47946,48926,1828,941,0,0,0,0,0,0,96437,0,0,45,0,0,0,0,0,0,0,3499,0,0,0,0,0,0
240,4466,241.2801151477522,99981,132,77,12,3,2523,1326,0.038497314489753055,86,45,47926,48921,1842,952,0,0,0,0,0,0,96401,0,0,45,0,0,0,0,0,0,0,3535,0,0,0,0,0,0
241,4466,242.30792109946466,99981,146,79,12,3,2559,1341,0.039007411408167554,69,43,47910,48912,1861,961,0,0,0,0,0,0,96366,0,0,45,0,0,0,0,0,0,0,3570,0,0,0,0,0,0
242,4466,243.33610098505144,99981,145,76,12,3,2580,1351,0.03931747031936068,71,42,47894,48905,1876,972,0,0,0,0,0,0,96332,0,0,46,0,0,0,0,0,0,0,3603,0,0,0,0,0,0
243,4466,244.02173549727868,99980,143,80,12,4,2589,1358,0.039477895579115824,75,44,47883,48897,1885,973,0,0,0,0,0,0,96318,0,0,46,0,0,0,0,0,0,0,3616,0,0,0,0,0,0
244,4466,245.05044537042744,99979,142,75,12,5,2608,1370,0.03978835555466648,78,38,47871,48895,1895,985,0,0,0,0,0,0,96282,0,0,47,0,0,0,0,0,0,0,3650,0,0,0,0,0,0
245,4466,246.07943134825857,99978,132,73,13,5,2624,1380,0.04004881073836244,84,33,47860,48893,1909,994,0,0,0,0,0,0,96245,0,0,48,0,0,0,0,0,0,0,3685,0,0,0,0,0,0
246,4466,247.1087416771166,99978,138,65,13,5,2647,1385,0.04032887235191742,89,33,47838,48893,1920,1002,0,0,0,0,0,0,96215,0,0,48,0,0,0,0,0,0,0,3715,0,0,0,0,0,0
247,4466,248.1384246372747,99977,143,65,14,5,2666,1392,0.04058933554717585,98,32,47813,48890,1930,1006,0,0,0,0,0,0,96194,0,0,48,0,0,0,0,0,0,0,3735,0,0,0,0,0,0
248,4466,249.16851018514816,99977,145,68,14,5,2689,1400,0.040899406863578625,91,38,47801,48881,1947,1006,0,0,0,0,0,0,96168,0,0,48,0,0,0,0,0,0,0,3761,0,0,0,0,0,0
249,4466,250.19890511103208,99977,142,79,14,5,2710,1413,0.04123948508156876,91,37,47789,48874,1962,1003,0,0,0,0,0,0,96142,0,0,48,0,0,0,0,0,0,0,3787,0,0,0,0,0,0
250,4466,251.22951106772882,99976,137,76,15,5,2730,1418,0.04148995758982156,88,42,47778,48869,1980,1006,0,0,0,0,0,0,96110,0,0,49,0,0,0,0,0,0,0,3817,0,0,0,0,0,0
251,4466,252.260374807632,99976,143,80,15,5,2753,1433,0.04187004881171481,80,47,47772,48852,1988,1014,0,0,0,0,0,0,96083,0,0,50,0,0,0,0,0,0,0,3843,0,0,0,0,0,0
252,4466,253.29137590051036,99976,140,82,15,5,2771,1444,0.04216011842842282,80,46,47756,48845,2007,1020,0,0,0,0,0,0,96055,0,0,52,0,0,0,0,0,0,0,3869,0,0,0,0,0,0
253,4466,254.32267727656335,99976,152,84,15,5,2796,1456,0.04253020724973994,70,46,47750,48837,2011,1026,0,0,0,0,0,0,96032,0,0,52,0,0,0,0,0,0,0,3892,0,0,0,0,0,0
254,4466,255.01028754616132,99976,145,87,15,5,2807,1464,0.042720252860686564,74,48,47740,48828,2024,1030,0,0,0,0,0,0,96009,0,0,52,0,0,0,0,0,0,0,3915,0,0,0,0,0,0
255,4466,256.04193331313417,99976,133,94,15,5,2823,1480,0.04304032967912299,81,45,47724,48819,2045,1035,0,0,0,0,0,0,95972,0,0,52,0,0,0,0,0,0,0,3952,0,0,0,0,0,0
256,4466,257.07398576087564,99976,140,97,15,5,2843,1496,0.04340041609986397,86,40,47706,48810,2051,1046,0,0,0,0,0,0,95947,0,0,53,0,0,0,0,0,0,0,3976,0,0,0,0,0,0
257,4466,258.10631478643245,99976,133,97,15,5,2862,1508,0.04371049051772426,81,46,47701,48795,2068,1055,0,0,0,0,0,0,95910,0,0,54,0,0,0,0,0,0,0,4012,0,0,0,0,0,0
258,4466,259.1388808965842,99976,133,98,15,5,2884,1523,0.04408057933904137,85,48,47680,48782,2085,1065,0,0,0,0,0,0,95874,0,0,54,0,0,0,0,0,0,0,4048,0,0,0,0,0,0
259,4466,260.1718517608908,99976,134,90,15,5,2907,1531,0.044390653756901655,88,55,47661,48770,2100,1078,0,0,0,0,0,0,95838,0,0,56,0,0,0,0,0,0,0,4082,0,0,0,0,0,0
260,4466,261.2052340358344,99976,135,85,15,5,2928,1541,0.04470072817476194,90,52,47647,48767,2111,1089,0,0,0,0,0,0,95803,0,0,56,0,0,0,0,0,0,0,4117,0,0,0,0,0,0
261,4466,262.23888159762896,99976,146,87,15,5,2955,1553,0.04509082179723133,87,59,47625,48754,2125,1093,0,0,0,0,0,0,95778,0,0,57,0,0,0,0,0,0,0,4141,0,0,0,0,0,0
262,4466,263.27285488521306,99976,148,89,15,5,2984,1569,0.04554092982315756,80,56,47614,48746,2141,1102,0,0,0,0,0,0,95740,0,0,60,0,0,0,0,0,0,0,4176,0,0,0,0,0,0
263,4466,264.3071367908411,99976,155,92,15,5,3011,1583,0.04595102824677923,81,56,47597,48736,2150,1109,0,0,0,0,0,0,95709,0,0,60,0,0,0,0,0,0,0,4207,0,0,0,0,0,0
264,4466,265.34165571067894,99976,145,92,15,5,3028,1596,0.04625110026406338,85,54,47587,48728,2166,1119,0,0,0,0,0,0,95669,0,0,60,0,0,0,0,0,0,0,4247,0,0,0,0,0,0
265,4466,266.03150651187286,99976,143,97,15,5,3042,1609,0.046521165079619106,83,50,47584,48725,2173,1121,0,0,0,0,0,0,95645,0,0,60,0,0,0,0,0,0,0,4271,0,0,0,0,0,0
266,4466,267.0664594748928,99976,143,95,15,5,3061,1623,0.04685124429863167,82,51,47570,48713,2188,1134,0,0,0,0,0,0,95612,0,0,62,0,0,0,0,0,0,0,4302,0,0,0,0,0,0
267,4466,268.10173397207734,99976,150,95,15,5,3094,1638,0.04733135952628631,76,45,47554,48709,2203,1144,0,0,0,0,0,0,95572,0,0,61,1,0,0,0,0,0,0,4342,0,0,0,0,0,0
268,4466,269.1373699084453,99976,153,88,15,5,3119,1645,0.047651436344722735,83,55,47529,48698,2218,1152,0,0,0,0,0,0,95537,0,0,62,1,0,0,0,0,0,0,4376,0,0,0,0,0,0
269,4466,270.173422774772,99976,148,89,15,5,3138,1661,0.04800152036488757,89,49,47514,48691,2232,1164,0,0,0,0,0,0,95500,0,0,64,1,0,0,0,0,0,0,4411,0,0,0,0,0,0
270,4466,271.2098227576545,99976,156,89,15,5,3160,1678,0.04839161398735697,90,45,47499,48682,2238,1177,0,0,0,0,0,0,95469,0,0,64,1,0,0,0,0,0,0,4442,0,0,0,0,0,0
271,4466,272.24645829479607,99976,161,84,15,5,3181,1688,0.048701688405217256,88,40,47489,48679,2245,1190,0,0,0,0,0,0,95439,0,0,65,1,0,0,0,0,0,0,4471,0,0,0,0,0,0
272,4466,273.28334715082906,99976,171,85,15,5,3211,1700,0.04912178922941506,93,36,47459,48676,2260,1196,0,0,0,0,0,0,95408,0,0,65,1,0,0,0,0,0,0,4502,0,0,0,0,0,0
273,4466,274.32076475632374,99975,168,79,16,5,3240,1712,0.049532383095773944,85,33,47445,48673,2284,1208,0,0,0,0,0,0,95361,0,0,68,1,0,0,0,0,0,0,4545,0,0,0,0,0,0
274,4466,275.0126255170605,99974,167,78,17,5,3259,1716,0.049762938363974635,81,40,47436,48664,2297,1211,0,0,0,0,0,0,95338,0,0,70,1,0,0,0,0,0,0,4565,0,0,0,0,0,0
275,4466,276.05067382205834,99974,169,77,17,5,3286,1725,0.05012303198831696,77,44,47426,48652,2309,1220,0,0,0,0,0,0,95306,0,0,73,1,0,0,0,0,0,0,4594,0,0,0,0,0,0
276,4466,277.0889581156707,99973,166,67,18,5,3310,1730,0.05041361167515229,79,51,47408,48642,2327,1233,0,0,0,0,0,0,95264,0,0,73,1,0,0,0,0,0,0,4635,0,0,0,0,0,0
277,4466,278.12765751949854,99973,156,68,18,5,3328,1743,0.050723695397757396,89,48,47388,48637,2347,1240,0,0,0,0,0,0,95225,0,0,74,1,0,0,0,0,0,0,4673,0,0,0,0,0,0
278,4466,279.166744753585,99973,155,79,18,5,3354,1761,0.05116381422984206,87,45,47380,48628,2358,1241,0,0,0,0,0,0,95192,0,0,75,1,0,0,0,0,0,0,4705,0,0,0,0,0,0
279,4466,280.2060892660442,99973,150,85,18,5,3373,1776,0.05150390605463475,92,41,47364,48623,2374,1244,0,0,0,0,0,0,95161,0,0,77,1,0,0,0,0,0,0,4734,0,0,0,0,0,0
280,4466,281.2457363103475,99973,154,90,18,5,3393,1788,0.05182399247796905,91,45,47352,48612,2383,1246,0,0,0,0,0,0,95138,0,0,77,1,0,0,0,0,0,0,4757,0,0,0,0,0,0
281,4466,282.2855706957436,99973,167,95,18,5,3426,1805,0.05232412751442889,87,44,47336,48601,2390,1253,0,0,0,0,0,0,95106,0,0,77,1,0,0,0,0,0,0,4789,0,0,0,0,0,0
282,4466,283.325661190478,99973,158,96,18,5,3444,1819,0.052644213937763196,96,45,47317,48592,2409,1260,0,0,0,0,0,0,95066,0,0,77,1,0,0,0,0,0,0,4829,0,0,0,0,0,0
283,4466,284.0192707828243,99973,153,95,18,5,3454,1824,0.05279425444870115,100,46,47308,48591,2419,1261,0,0,0,0,0,0,95045,0,0,77,1,0,0,0,0,0,0,4850,0,0,0,0,0,0
284,4466,285.0599768984138,99973,149,93,18,5,3476,1834,0.05311434087203545,102,46,47295,48587,2434,1267,0,0,0,0,0,0,95007,0,0,77,1,0,0,0,0,0,0,4888,0,0,0,0,0,0
285,4466,286.10096888022247,99973,153,90,18,5,3505,1842,0.05348444079901574,98,53,47278,48574,2451,1276,0,0,0,0,0,0,94972,0,0,78,1,0,0,0,0,0,0,4922,0,0,0,0,0,0
286,4466,287.14235994873707,99973,153,94,18,5,3525,1857,0.05383453532453762,105,50,47263,48565,2459,1284,0,0,0,0,0,0,94941,0,0,78,1,0,0,0,0,0,0,4953,0,0,0,0,0,0
287,4466,288.18399121078056,99973,149,85,18,5,3552,1863,0.05416462444860112,105,53,47247,48559,2479,1296,0,0,0,0,0,0,94897,0,0,80,1,0,0,0,0,0,0,4995,0,0,0,0,0,0
288,4466,289.2260697907285,99973,146,88,18,5,3574,1880,0.054554729777039804,108,51,47227,48548,2499,1306,0,0,0,0,0,0,94860,0,0,82,1,0,0,0,0,0,0,5030,0,0,0,0,0,0
289,4466,290.26858642005027,99973,140,94,18,5,3593,1898,0.05492482970402009,109,49,47216,48532,2515,1318,0,0,0,0,0,0,94825,0,0,84,1,0,0,0,0,0,0,5063,0,0,0,0,0,0
290,4466,291.3113962257315,99973,141,93,18,5,3617,1913,0.05531493503245876,113,45,47199,48525,2527,1330,0,0,0,0,0,0,94786,0,0,84,1,0,0,0,0,0,0,5102,0,0,0,0,0,0
291,4466,292.00678347209185,99973,154,97,18,5,3642,1922,0.05565502685725146,101,48,47196,48515,2529,1333,0,0,0,0,0,0,94769,0,0,84,1,0,0,0,0,0,0,5119,0,0,0,0,0,0
292,4466,293.049969965652,99973,156,92,18,5,3667,1932,0.056005121382773346,109,53,47168,48503,2547,1345,0,0,0,0,0,0,94733,0,0,86,1,0,0,0,0,0,0,5153,0,0,0,0,0,0
293,4466,294.0935818907057,99973,158,93,18,5,3695,1950,0.056465245616316405,103,49,47156,48495,2563,1356,0,0,0,0,0,0,94690,0,0,86,1,0,0,0,0,0,0,5196,0,0,0,0,0,0
294,4466,295.1375313706535,99973,161,88,18,5,3721,1957,0.0567953347403799,98,50,47146,48491,2575,1364,0,0,0,0,0,0,94656,0,0,87,1,0,0,0,0,0,0,5229,0,0,0,0,0,0
295,4466,296.1817858776312,99973,163,93,18,5,3751,1978,0.057305472477568946,89,41,47131,48486,2597,1373,0,0,0,0,0,0,94613,0,0,88,1,0,0,0,0,0,0,5271,0,0,0,0,0,0
296,4466,297.2264248448277,99973,165,92,18,5,3771,1986,0.05758554809798646,91,44,47115,48477,2609,1380,0,0,0,0,0,0,94587,0,0,89,1,0,0,0,0,0,0,5296,0,0,0,0,0,0
297,4466,298.27138954923413,99973,164,86,18,5,3794,1996,0.057915637222049954,96,44,47098,48474,2622,1389,0,0,0,0,0,0,94547,0,0,89,1,0,0,0,0,0,0,5336,0,0,0,0,0,0
298,4466,299.31671232440345,99973,168,87,18,5,3827,2014,0.058425774959238994,85,45,47084,48459,2643,1402,0,0,0,0,0,0,94502,0,0,90,1,0,0,0,0,0,0,5380,0,0,0,0,0,0
299,4466,300.013801330702,99973,167,85,18,5,3837,2021,0.05859582087163534,95,43,47074,48457,2644,1408,0,0,0,0,0,0,94483,0,0,91,1,0,0,0,0,0,0,5398,0,0,0,0,0,0
300,4466,301.0596616880816,99973,160,91,18,5,3854,2033,0.05888589919278205,104,41,47056,48453,2660,1408,0,0,0,0,0,0,94454,0,0,92,1,0,0,0,0,0,0,5426,0,0,0,0,0,0
301,4466,302.10585903974294,99973,160,91,18,5,3878,2044,0.059235993718303945,111,48,47033,48439,2676,1415,0,0,0,0,0,0,94422,0,0,95,1,0,0,0,0,0,0,5455,0,0,0,0,0,0
302,4466,303.1524631356951,99972,150,90,19,5,3896,2060,0.059576681470811826,121,48,47012,48428,2696,1427,0,0,0,0,0,0,94378,0,0,96,1,0,0,0,0,0,0,5497,0,0,0,0,0,0
303,4466,304.19952142702977,99972,148,88,19,5,3922,2073,0.05996679070139639,123,44,47000,48422,2708,1439,0,0,0,0,0,0,94336,0,0,97,1,0,0,0,0,0,0,5538,0,0,0,0,0,0
304,4466,305.24689922851746,99972,152,84,19,5,3956,2081,0.06038690833433361,114,51,46981,48411,2732,1447,0,0,0,0,0,0,94296,0,0,99,1,0,0,0,0,0,0,5576,0,0,0,0,0,0
305,4466,306.29470717918167,99972,170,78,19,5,3995,2091,0.06087704557276037,107,48,46964,48412,2738,1455,0,0,0,0,0,0,94261,0,0,101,1,0,0,0,0,0,0,5609,0,0,0,0,0,0
306,4466,307.34282107601825,99972,180,76,19,5,4025,2103,0.06129716320569759,97,53,46962,48402,2740,1462,0,0,0,0,0,0,94227,0,0,101,1,0,0,0,0,0,0,5643,0,0,0,0,0,0
307,4466,308.04159289963224,99972,178,81,19,5,4041,2114,0.061567238826871526,100,50,46949,48398,2752,1464,0,0,0,0,0,0,94205,0,0,103,1,0,0,0,0,0,0,5663,0,0,0,0,0,0
308,4466,309.09009445155766,99972,183,82,19,5,4079,2125,0.062057376065298285,100,55,46920,48388,2776,1468,0,0,0,0,0,0,94163,0,0,104,1,0,0,0,0,0,0,5704,0,0,0,0,0,0
309,4466,310.1390630521095,99972,176,86,19,5,4109,2138,0.062487496499019725,100,56,46904,48381,2799,1470,0,0,0,0,0,0,94121,0,0,108,1,0,0,0,0,0,0,5742,0,0,0,0,0,0
310,4466,311.1884860176369,99972,183,85,19,5,4143,2147,0.06291761693274117,98,55,46881,48382,2817,1471,0,0,0,0,0,0,94084,0,0,108,1,0,0,0,0,0,0,5779,0,0,0,0,0,0
311,4466,312.23834158544855,99972,177,87,19,5,4162,2165,0.06328772056175729,105,50,46865,48373,2832,1483,0,0,0,0,0,0,94045,0,0,110,1,0,0,0,0,0,0,5816,0,0,0,0,0,0
312,4466,313.28859421447567,99972,188,87,19,5,4190,2178,0.0636978353939103,104,54,46851,48361,2836,1491,0,0,0,0,0,0,94016,0,0,111,1,0,0,0,0,0,0,5844,0,0,0,0,0,0
313,4466,314.3390107360713,99972,180,88,19,5,4207,2191,0.06399791941743688,116,57,46831,48348,2852,1500,0,0,0,0,0,0,93979,0,0,111,1,0,0,0,0,0,0,5881,0,0,0,0,0,0
314,4466,315.0394943408724,99971,172,100,20,5,4219,2207,0.06427864080583369,122,54,46821,48337,2863,1502,0,0,0,0,0,0,93957,0,0,113,1,0,0,0,0,0,0,5900,0,0,0,0,0,0
315,4466,316.09049975901456,99971,187,99,20,5,4254,2223,0.06478878874873713,124,54,46798,48327,2869,1513,0,0,0,0,0,0,93920,0,0,113,1,0,0,0,0,0,0,5937,0,0,0,0,0,0
316,4466,317.1418501539382,99970,201,99,20,6,4285,2239,0.065259577873362,126,47,46778,48322,2873,1524,0,0,0,0,0,0,93889,0,0,115,1,0,0,0,0,0,0,5965,0,0,0,0,0,0
317,4466,318.19355497952347,99970,198,90,20,6,4322,2250,0.06573972191657497,133,48,46741,48315,2906,1539,0,0,0,0,0,0,93832,0,0,118,1,0,0,0,0,0,0,6019,0,0,0,0,0,0
318,4466,319.2459783486916,99970,198,87,20,6,4350,2262,0.06613984195258578,142,48,46719,48305,2919,1552,0,0,0,0,0,0,93791,0,0,120,1,0,0,0,0,0,0,6058,0,0,0,0,0,0
319,4466,320.2988806679547,99970,195,91,20,6,4383,2275,0.06659997999399819,146,45,46690,48300,2946,1555,1,1,1,1,0,0,93745,0,0,121,1,0,0,0,0,0,2,6101,0,0,0,0,0,0
320,4466,321.00111836819553,99969,208,84,21,6,4410,2281,0.06693074853204493,139,44,46676,48295,2952,1567,2,2,2,2,0,0,93717,0,0,122,1,0,0,0,0,0,4,6125,0,0,0,0,0,0
321,4466,322.116666383697,99969,207,75,21,6,4444,2287,0.06733087257049686,132,56,46658,48283,2977,1575,3,3,3,3,0,0,93667,0,0,124,1,0,0,0,0,0,6,6171,0,0,0,0,0,0
322,4466,323.3246346047488,99969,205,80,21,6,4478,2308,0.06788104312336825,121,56,46647,48265,3000,1587,4,4,4,4,0,0,93615,0,0,126,1,0,0,0,0,0,8,6219,0,0,0,0,0,0
323,4466,324.0099735016462,99969,204,83,21,6,4499,2315,0.06816112995028459,112,56,46639,48261,3017,1587,5,5,5,5,0,0,93588,0,0,127,1,0,0,0,0,0,10,6243,0,0,0,0,0,0
324,4466,325.036437927395,99969,203,91,21,6,4534,2336,0.06872130360411728,116,55,46615,48252,3037,1588,6,6,6,6,0,0,93541,0,0,131,1,0,0,0,0,0,12,6284,0,0,0,0,0,0
325,4466,326.074965596363,99969,194,91,21,6,4551,2345,0.06898138422911103,129,58,46595,48251,3052,1585,7,7,7,7,0,0,93507,0,0,134,1,0,0,0,0,0,14,6313,0,0,0,0,0,0
326,4466,327.0396577568671,99969,198,93,21,6,4575,2358,0.06935149896467906,139,55,46572,48248,3061,1589,7,7,8,8,0,0,93475,0,0,135,1,0,0,0,0,0,16,6342,0,0,0,0,0,0
327,4466,328.0814089749738,99969,212,101,21,6,4618,2377,0.06997169122427953,136,60,46547,48232,3074,1591,8,8,9,9,0,0,93437,0,0,139,1,0,0,0,0,0,18,6374,0,0,0,0,0,0
328,4466,329.0409047668686,99969,214,104,21,6,4654,2390,0.07046184317138313,132,54,46524,48234,3098,1591,9,9,10,10,0,0,93396,0,0,144,1,0,0,0,0,0,20,6408,0,0,0,0,0,0
329,4466,330.0292060476025,99969,228,106,21,6,4691,2402,0.07095199511848672,116,63,46511,48220,3112,1593,10,10,11,11,0,0,93362,0,0,145,1,0,0,0,0,0,22,6439,0,0,0,0,0,0
330,4466,331.0691075669866,99969,212,108,21,6,4718,2419,0.07139213156078385,122,71,46487,48202,3145,1600,11,11,12,12,0,0,93304,0,0,147,1,0,0,0,0,0,24,6493,0,0,0,0,0,0
331,4466,332.05542418752026,99969,210,116,21,6,4752,2437,0.07191229281077134,122,70,46464,48192,3169,1602,12,12,13,13,0,0,93260,0,0,151,1,0,0,0,0,0,26,6531,0,0,0,0,0,0
332,4466,333.00006739402704,99968,208,118,21,7,4785,2457,0.07244318181818182,125,76,46440,48175,3191,1609,13,13,14,14,0,0,93205,0,0,151,1,0,0,0,0,0,28,6583,0,0,0,0,0,0
333,4466,334.0577458286455,99968,211,124,21,7,4816,2472,0.07290332906530089,133,79,46411,48159,3208,1615,14,14,15,15,0,0,93168,0,0,153,1,0,0,0,0,0,30,6616,0,0,0,0,0,0
334,4466,335.03486697055604,99968,200,117,21,7,4841,2486,0.07329345390524968,141,85,46392,48146,3229,1628,15,15,16,16,0,0,93111,0,0,155,1,0,0,0,0,0,32,6669,0,0,0,0,0,0
335,4466,336.0053954429819,99968,204,120,21,7,4876,2507,0.07385363316261204,128,79,46381,48135,3248,1641,16,16,17,17,0,0,93063,0,0,158,1,0,0,0,0,0,34,6712,0,0,0,0,0,0
336,4466,337.0308379814285,99968,205,125,21,7,4905,2526,0.07433378681177977,134,78,46353,48122,3268,1649,17,17,18,18,0,0,93020,0,0,159,1,0,0,0,0,0,36,6752,0,0,0,0,0,0
337,4466,338.0084808319941,99968,202,127,21,7,4941,2542,0.07485395326504482,131,86,46328,48101,3298,1659,18,18,19,19,0,0,92969,0,0,163,1,0,0,0,0,0,38,6797,0,0,0,0,0,0
338,4466,339.0244157190463,99968,221,120,21,7,4985,2555,0.0754241357234315,120,96,46312,48080,3305,1676,19,19,20,20,0,0,92927,0,0,168,1,0,0,0,0,0,40,6832,0,0,0,0,0,0
339,4466,340.0080691222572,99968,226,116,21,7,5020,2568,0.07590428937259923,111,97,46299,48070,3321,1688,20,20,21,21,0,0,92879,0,0,169,1,0,0,0,0,0,42,6877,0,0,0,0,0,0
340,4466,341.0386236471715,99968,215,126,21,7,5045,2596,0.0764344590268886,118,89,46277,48054,3346,1701,21,21,22,22,0,0,92824,0,0,170,1,0,0,0,0,0,44,6929,0,0,0,0,0,0
341,4466,342.1195754920183,99968,214,131,21,7,5084,2624,0.07710467349551857,130,89,46236,48034,3375,1715,22,22,23,23,0,0,92761,0,0,172,1,0,0,0,0,0,46,6988,0,0,0,0,0,0
342,4466,343.1828960117847,99968,222,129,21,7,5119,2638,0.07759483034571063,136,94,46208,48023,3388,1722,23,23,24,24,0,0,92719,0,0,175,1,0,0,0,0,0,48,7025,0,0,0,0,0,0
343,4466,344.24673639740723,99968,224,126,21,7,5152,2661,0.07815500960307298,134,96,46184,48003,3412,1742,23,24,25,25,0,0,92661,0,0,176,1,0,0,0,0,0,50,7080,0,0,0,0,0,0
344,4466,345.31119288401266,99968,224,140,21,7,5185,2692,0.07879521446862996,144,81,46157,47989,3427,1756,25,25,26,27,0,0,92611,0,0,179,1,0,0,0,0,0,53,7124,0,0,0,0,0,0
345,4466,346.0211021038174,99967,228,149,22,7,5211,2710,0.0792361479288165,137,79,46147,47974,3438,1762,26,27,28,29,0,0,92576,0,0,179,1,0,0,0,0,0,57,7154,0,0,0,0,0,0
346,4466,347.08624426477036,99967,225,143,22,7,5247,2733,0.07982634269308872,135,77,46129,47955,3459,1787,28,29,30,31,0,0,92506,0,0,180,1,0,0,0,0,0,60,7219,1,0,0,0,0,0
347,4466,348.1519306139567,99967,222,147,22,7,5284,2757,0.08043654405953965,132,79,46104,47934,3488,1802,30,29,32,33,0,0,92444,0,0,182,1,0,0,0,0,0,64,7275,1,0,0,0,0,0
348,4466,349.21817796703255,99967,219,143,22,7,5320,2775,0.08097672231836506,121,80,46084,47918,3520,1819,32,31,34,35,0,0,92379,0,0,182,1,0,0,0,0,0,68,7336,1,0,0,0,0,0
349,4466,350.2850243156156,99966,223,144,23,7,5355,2794,0.08151771602344797,125,72,46054,47907,3539,1834,34,34,37,38,0,0,92328,0,0,186,1,0,0,0,0,0,74,7376,1,0,0,0,0,0
350,4466,351.35255306501034,99966,218,137,23,7,5391,2812,0.0820578996858932,122,69,46028,47899,3570,1849,37,37,40,41,0,0,92262,0,0,191,1,0,0,0,0,0,79,7431,2,0,0,0,0,0
351,4466,352.0646603457072,99966,217,128,23,7,5413,2820,0.082358001720585,122,75,46009,47890,3587,1858,40,40,43,44,0,0,92216,0,0,191,1,0,0,0,0,0,85,7471,2,0,0,0,0,0
352,4466,353.1333502257584,99966,206,116,23,7,5441,2833,0.08276814116799712,131,76,45987,47879,3607,1877,44,43,47,48,0,0,92148,0,0,193,1,0,0,0,0,0,91,7529,4,0,0,0,0,0
353,4466,354.2027146551755,99966,216,110,23,7,5483,2852,0.0833783486385371,121,66,45968,47876,3622,1892,48,47,51,52,0,0,92087,0,0,197,1,0,0,0,0,0,99,7578,4,0,0,0,0,0
354,4466,355.27263130137067,99965,213,114,24,7,5518,2877,0.08397939278747561,124,56,45940,47864,3644,1905,53,52,56,57,0,0,92022,0,0,198,2,0,0,0,0,0,107,7631,5,0,0,0,0,0
355,4466,356.3431719618135,99965,219,112,24,7,5553,2894,0.08449957485119793,127,62,45910,47844,3660,1916,58,57,61,62,0,0,91970,0,0,200,2,0,0,0,0,0,113,7671,9,0,0,0,0,0
356,4466,357.0571800523429,99965,212,110,24,7,5572,2905,0.08479967988796079,126,64,45896,47830,3677,1924,63,63,67,67,0,0,91923,0,0,203,2,0,0,0,0,0,124,7704,9,0,0,0,0,0
357,4466,358.12867891519517,99964,209,107,25,7,5604,2924,0.08531071185626826,127,61,45876,47818,3692,1936,69,69,73,73,0,0,91858,0,0,207,2,0,0,0,0,0,136,7752,9,0,0,0,0,0
358,4466,359.2006991315207,99964,210,98,25,7,5631,2936,0.08570085230683046,132,65,45846,47805,3709,1948,76,75,80,80,0,0,91797,0,0,207,2,0,0,0,0,0,150,7799,9,0,0,0,0,0
359,4466,360.2733601108891,99964,216,98,25,7,5664,2953,0.0862010323716538,133,63,45818,47789,3724,1958,82,83,88,87,0,0,91745,0,0,210,2,0,0,0,0,0,161,7833,13,0,0,0,0,0
360,4466,361.34661668442084,99964,226,95,25,7,5705,2966,0.086741226841663,124,67,45798,47770,3735,1967,90,92,97,95,0,0,91686,0,0,215,2,0,0,0,0,0,178,7870,13,0,0,0,0,0
361,4466,362.0623917085447,99964,234,97,25,7,5735,2978,0.0871613780961146,116,65,45778,47756,3746,1971,99,102,107,104,0,0,91640,0,0,217,2,0,0,0,0,0,194,7895,16,0,0,0,0,0
362,4466,363.13653178575834,99964,244,103,25,7,5772,2999,0.08774158697130967,123,63,45744,47733,3754,1979,108,113,118,113,0,0,91583,0,0,220,2,0,0,0,0,0,212,7929,18,0,0,0,0,0
363,4466,364.21123331070453,99964,236,102,25,7,5802,3014,0.08819174902965067,121,69,45722,47716,3777,1979,117,125,130,123,0,0,91509,0,0,221,2,0,0,0,0,0,233,7980,19,0,0,0,0,0
364,4466,365.2866345434196,99964,222,98,25,7,5829,3028,0.08860189668280581,125,70,45692,47698,3806,1987,128,138,143,134,0,0,91431,0,0,225,2,0,0,0,0,0,256,8030,20,0,0,0,0,0
365,4466,366.0039729680028,99964,219,100,25,7,5848,3041,0.08892201192429275,130,70,45676,47674,3808,1995,140,152,157,146,0,0,91378,0,0,227,2,0,0,0,0,0,278,8055,24,0,0,0,0,0
366,4466,367.08052454329254,99963,220,110,26,7,5878,3066,0.08947310504886809,140,60,45640,47652,3821,2002,151,167,172,159,0,0,91309,0,0,229,2,0,0,0,0,0,305,8093,25,0,0,0,0,0
367,4466,368.15777266018347,99962,218,108,27,7,5907,3077,0.08987415217782757,151,67,45600,47625,3837,2008,165,183,189,173,0,0,91239,0,0,229,2,0,0,0,0,0,331,8131,30,0,0,0,0,0
368,4466,369.2358756992357,99961,220,108,28,7,5938,3090,0.09031522293694541,153,74,45565,47599,3852,2009,180,201,207,188,0,0,91167,0,0,230,2,0,0,0,0,0,362,8168,32,0,0,0,0,0
369,4466,370.3146184814039,99961,230,111,28,7,5982,3110,0.09095547263432739,140,67,45538,47578,3865,2015,197,220,227,205,0,0,91086,0,0,231,3,0,0,0,0,0,394,8211,36,0,0,0,0,0
370,4466,371.0341472984499,99961,237,113,28,7,6006,3122,0.09131561308910476,138,72,45512,47546,3870,2019,213,241,249,223,0,0,91023,0,0,232,3,0,0,0,0,0,431,8233,39,0,0,0,0,0
371,4466,372.1141499095394,99960,230,116,29,7,6036,3146,0.09185674269707883,138,68,45485,47510,3885,2032,231,265,273,242,0,0,90929,0,0,235,3,0,0,0,0,0,470,8280,43,0,0,0,0,0
372,4466,373.19483286040025,99960,244,107,29,7,6078,3165,0.09246698679471789,131,72,45451,47466,3891,2056,252,290,299,263,0,0,90834,0,0,239,3,0,0,0,0,0,513,8324,47,0,0,0,0,0
373,4466,374.2762742198258,99960,235,100,29,7,6107,3185,0.09295718287314926,143,70,45408,47427,3910,2076,273,318,327,285,0,0,90725,0,0,241,3,0,0,0,0,0,559,8381,51,0,0,0,0,0
374,4466,375.3587177006233,99960,251,98,29,7,6154,3200,0.09357743097238895,133,67,45359,47396,3929,2083,297,347,357,309,0,0,90629,0,0,241,4,0,0,0,0,0,608,8423,55,0,0,0,0,0
375,4466,376.0809654816465,99960,235,102,29,7,6175,3216,0.09394757903161265,135,61,45321,47364,3956,2085,322,379,390,334,0,0,90527,0,0,244,4,0,0,0,0,0,664,8464,57,0,0,0,0,0
376,4466,377.1655511864643,99960,239,101,29,7,6214,3231,0.09448779511804722,135,58,45270,47327,3978,2094,347,411,425,361,0,0,90421,0,0,247,4,0,0,0,0,0,722,8505,61,0,0,0,0,0
377,4466,378.2513210749584,99960,241,95,29,7,6249,3246,0.09498799519807923,138,62,45221,47279,3993,2106,376,449,463,390,0,0,90308,0,0,249,4,0,0,0,0,0,783,8549,67,0,0,0,0,0
378,4466,379.3382700415582,99959,238,100,30,7,6286,3268,0.0955791874668614,140,49,45168,47245,4016,2109,406,488,504,421,0,0,90187,0,0,253,4,0,0,0,0,0,851,8593,71,0,0,0,0,0
379,4466,380.06358449233744,99959,239,97,30,7,6311,3274,0.09588931461899379,134,49,45131,47204,4027,2110,437,531,548,454,0,0,90087,0,0,252,5,0,0,0,0,0,918,8617,80,0,0,0,0,0
380,4466,381.15283799425964,99959,233,98,30,7,6346,3287,0.09636951149971489,138,43,45076,47163,4050,2113,471,574,595,489,0,0,89961,0,0,256,5,0,0,0,0,0,995,8657,85,0,0,0,0,0
381,4466,382.2434111074637,99959,239,95,30,7,6383,3302,0.09688972478716273,151,41,45009,47108,4063,2122,506,625,646,526,0,0,89832,0,0,258,5,0,0,0,0,0,1077,8696,91,0,0,0,0,0
382,4466,383.3353896811153,99959,224,94,30,7,6417,3320,0.0974099380746106,152,37,44959,47051,4087,2133,546,676,700,566,0,0,89682,0,0,265,5,0,0,0,0,0,1166,8745,96,0,0,0,0,0
383,4466,384.06416827674764,99959,232,96,30,7,6449,3332,0.09785011854860493,146,37,44914,46989,4091,2135,585,734,758,608,0,0,89556,0,0,266,5,0,0,0,0,0,1259,8770,103,0,0,0,0,0
384,4466,385.15861915434385,99959,238,97,30,7,6480,3343,0.09827029081923588,154,43,44850,46920,4096,2138,630,793,820,653,0,0,89426,0,0,271,5,0,0,0,0,0,1359,8788,110,0,0,0,0,0
385,4466,386.2543689602084,99958,233,92,31,7,6517,3355,0.09876147982152504,161,49,44781,46849,4121,2144,671,857,886,700,0,0,89266,0,0,274,5,0,0,0,0,0,1463,8831,119,0,0,0,0,0
386,4466,387.3516704126484,99958,225,92,31,7,6546,3364,0.0991416394885852,158,52,44747,46786,4120,2137,717,924,957,750,0,0,89117,0,0,275,5,0,0,0,0,0,1567,8858,136,0,0,0,0,0
387,4466,388.0838281749562,99958,230,90,31,7,6571,3370,0.09945176974329219,150,54,44689,46713,4129,2136,769,998,1032,803,0,0,88978,0,0,277,5,0,0,0,0,0,1680,8867,151,0,0,0,0,0
388,4466,389.1836285059663,99958,234,95,31,7,6616,3387,0.10007203025270614,140,59,44623,46632,4149,2130,821,1075,1112,859,0,0,88808,0,0,279,5,0,0,0,0,0,1799,8899,168,0,0,0,0,0
389,4466,390.28503434315064,99958,250,104,31,7,6666,3408,0.10078232857800276,127,65,44550,46531,4161,2132,879,1159,1197,918,0,0,88631,0,0,281,5,0,0,0,0,0,1932,8930,179,0,0,0,0,0
390,4466,391.0202348435969,99958,254,111,31,7,6693,3418,0.10115248404329819,131,69,44478,46440,4165,2125,939,1246,1287,980,0,0,88468,0,0,283,5,0,0,0,0,0,2071,8939,192,0,0,0,0,0
391,4466,392.1249484157533,99958,233,114,31,7,6722,3445,0.1017127193421237,133,59,44406,46343,4194,2137,1001,1338,1382,1045,0,0,88249,0,0,285,5,0,0,0,0,0,2218,8996,205,0,0,0,0,0
392,4466,393.2316041823265,99958,228,113,31,7,6752,3461,0.10217291262330179,149,59,44317,46250,4207,2138,1066,1431,1483,1114,0,0,88040,0,0,288,5,0,0,0,0,0,2378,9032,215,0,0,0,0,0
393,4466,394.3403595329577,99958,223,122,31,7,6788,3480,0.10272314372036255,145,68,44245,46132,4219,2135,1135,1534,1590,1186,0,0,87825,0,0,289,5,0,0,0,0,0,2543,9067,229,0,0,0,0,0
394,4466,395.08058195146447,99958,228,118,31,7,6819,3493,0.10316332859801117,134,67,44177,46024,4218,2140,1210,1642,1703,1262,0,0,87621,0,0,292,6,0,0,0,0,0,2708,9079,252,0,0,0,0,0
395,4466,396.19301030180543,99957,217,117,32,7,6851,3515,0.10370459297497923,140,64,44087,45902,4237,2151,1285,1757,1822,1341,0,0,87382,0,0,296,7,0,0,0,0,0,2886,9115,271,0,0,0,0,0
396,4466,397.30765428859684,99957,222,119,32,7,6885,3531,0.10420480806746901,133,70,44004,45779,4243,2150,1364,1873,1948,1424,0,0,87153,0,0,298,7,0,0,0,0,0,3074,9133,292,0,0,0,0,0
397,4466,398.0518990930735,99957,224,120,32,7,6913,3546,0.10463499304701021,120,66,43927,45650,4249,2152,1446,2003,2080,1511,0,0,86924,0,0,303,7,0,0,0,0,0,3268,9138,317,0,0,0,0,0
398,4466,399.17081263944345,99957,232,114,32,7,6952,3563,0.10519523395059875,111,68,43832,45514,4255,2163,1536,2132,2219,1602,0,0,86661,0,0,307,7,0,0,0,0,0,3481,9167,334,0,0,0,0,0
399,4466,400.29205888653803,99957,223,113,32,7,6983,3583,0.10570545334493832,115,66,43730,45367,4270,2170,1628,2275,2365,1697,0,0,86382,0,0,307,9,0,0,0,0,0,3701,9205,353,0,0,0,0,0
400,4466,401.04101509619795,99957,213,109,32,7,7001,3596,0.10601558670228198,123,63,43638,45217,4271,2176,1721,2426,2519,1796,0,0,86121,0,0,312,9,0,0,0,0,0,3922,9208,385,0,0,0,0,0
401,4466,402.1673848886659,99957,217,110,32,7,7036,3613,0.10653581039847135,111,64,43536,45058,4284,2178,1818,2581,2680,1900,0,0,85838,0,0,314,12,0,0,0,0,0,4163,9224,406,0,0,0,0,0
402,4466,403.2964140194061,99956,212,106,33,7,7066,3629,0.10699707871463444,111,70,43429,44898,4295,2182,1918,2735,2849,2008,0,0,85532,0,0,315,13,0,0,0,0,0,4416,9251,429,0,0,0,0,0
403,4466,404.05071634250135,99956,208,109,33,7,7085,3641,0.10730721517467685,113,72,43321,44732,4296,2174,2027,2904,3026,2120,0,0,85248,0,0,316,15,0,0,0,0,0,4671,9245,461,0,0,0,0,0
404,4466,405.18531207631355,99956,210,115,33,7,7113,3664,0.10781743967345632,107,73,43219,44549,4293,2176,2136,3078,3211,2237,0,0,84933,0,0,316,15,0,0,0,0,0,4943,9258,491,0,0,0,0,0
405,4466,406.32260657872445,99956,207,110,33,7,7144,3683,0.10831765977029893,102,78,43104,44360,4302,2179,2250,3264,3404,2359,0,0,84595,0,0,324,15,0,0,0,0,0,5231,9273,518,0,0,0,0,0
406,4466,407.0825342751174,99955,200,104,34,7,7162,3690,0.10856885598519334,110,81,42982,44175,4307,2178,2365,3453,3606,2485,0,0,84258,0,0,327,16,0,0,0,0,0,5534,9278,542,0,0,0,0,0
407,4466,408.22617262208354,99955,193,114,34,7,7188,3718,0.10910909909459257,120,68,42851,43979,4314,2183,2486,3647,3817,2616,0,0,83905,0,0,331,17,0,0,0,0,0,5841,9285,576,0,0,0,0,0
408,4466,409.37327669960274,99955,195,120,34,7,7225,3738,0.10967935571006954,108,72,42719,43767,4327,2180,2615,3852,4036,2752,0,0,83544,0,0,333,18,0,0,0,0,0,6156,9289,615,0,0,0,0,0
409,4466,410.1399763383121,99955,186,114,34,7,7242,3752,0.10998949527287279,115,71,42592,43552,4322,2182,2749,4072,4264,2893,0,0,83167,0,0,333,19,0,0,0,0,0,6488,9297,651,0,0,0,0,0
410,4466,411.29406882104365,99955,190,114,34,7,7273,3774,0.11051973388024611,119,69,42467,43333,4311,2183,2877,4292,4501,3039,0,0,82780,0,0,335,20,0,0,0,0,0,6829,9299,692,0,0,0,0,0
411,4466,412.0653361143583,99955,191,120,34,7,7292,3789,0.1108598869491271,122,67,42331,43112,4301,2171,3019,4521,4747,3190,0,0,82402,0,0,335,21,0,0,0,0,0,7181,9280,736,0,0,0,0,0
412,4466,413.2264155487925,99955,191,118,34,7,7333,3808,0.11146015707068181,116,64,42190,42884,4308,2166,3159,4759,5003,3346,0,0,81974,0,0,337,23,0,0,0,0,0,7551,9294,776,0,0,0,0,0
413,4466,414.0026045055119,99955,185,121,34,7,7350,3821,0.11176029213145916,127,63,42046,42642,4295,2160,3311,5005,5268,3507,0,0,81559,0,0,340,23,0,0,0,0,0,7936,9280,817,0,0,0,0,0
414,4466,415.17153322769764,99955,194,116,34,7,7391,3838,0.11234055324896203,115,63,41897,42401,4292,2155,3466,5256,5542,3673,0,0,81125,0,0,341,25,0,0,0,0,0,8319,9273,872,0,0,0,0,0
415,4466,416.34471364238067,99954,192,115,34,8,7428,3855,0.11288192568581548,106,66,41739,42165,4304,2131,3623,5513,5826,3845,0,0,80669,0,0,344,26,0,0,0,0,0,8722,9269,924,0,0,0,0,0
416,4466,417.1292339907192,99954,192,125,34,8,7451,3873,0.1132921143726114,101,52,41579,41906,4295,2121,3797,5786,6119,4022,0,0,80216,0,0,344,28,0,0,0,0,0,9146,9252,968,0,0,0,0,0
417,4466,418.3114349017205,99954,198,122,34,8,7484,3893,0.113822358284811,102,49,41422,41614,4278,2131,3964,6074,6422,4204,0,0,79732,0,0,344,32,0,0,0,0,0,9584,9251,1011,0,0,0,0,0
418,4466,419.10203901226015,99953,196,117,35,8,7503,3901,0.11409362400328155,98,52,41255,41333,4270,2120,4144,6368,6734,4391,0,0,79249,0,0,343,34,0,0,0,0,0,10034,9235,1058,0,0,0,0,0
419,4466,420.29340152561736,99953,203,113,35,8,7531,3916,0.11452382619831321,135,86,41072,41030,4247,2100,4306,6661,7056,4584,0,0,78755,10,0,341,38,0,0,0,0,0,10490,9206,1113,0,0,0,0,0
420,4466,421.27171945661814,99953,206,118,35,8,7558,3937,0.11500405190439507,156,99,40889,40723,4225,2090,4487,6960,7387,4782,0,0,78246,45,1,343,40,0,0,0,0,0,10963,9149,1166,0,0,0,0,0
421,4466,422.2539778922875,99953,229,125,35,8,7609,3965,0.11579442337898813,162,100,40692,40418,4216,2082,4664,7265,7727,4985,0,0,77720,86,4,344,44,0,0,0,0,0,11445,9090,1220,0,0,0,0,0
422,4466,423.2406211884532,99953,238,125,35,8,7650,3991,0.11646473842706072,181,109,40491,40083,4201,2083,4852,7590,8077,5193,0,0,77171,135,10,346,45,0,0,0,0,0,11939,9030,1277,0,0,0,0,0
423,4466,424.231798181603,99953,245,129,35,8,7700,4019,0.11724510519944374,202,113,40265,39750,4208,2078,5043,7920,8436,5406,0,0,76605,189,15,350,49,0,0,0,0,0,12446,8966,1333,0,0,0,0,0
424,4466,425.22802268483633,99953,272,135,35,8,7755,4045,0.11805548607845688,207,120,40047,39395,4201,2077,5236,8263,8804,5625,0,0,76033,226,19,356,50,0,0,0,0,0,12977,8908,1384,0,0,0,0,0
425,4466,426.2291489989713,99953,288,153,35,8,7806,4078,0.11889588106410012,218,122,39823,39046,4196,2064,5438,8605,9180,5849,0,0,75443,266,22,360,53,0,0,0,0,0,13524,8854,1431,0,0,0,0,0
426,4466,427.23553685639865,99953,297,160,35,8,7863,4106,0.11974628075195341,222,137,39602,38682,4201,2060,5641,8951,9565,6078,0,0,74836,317,35,362,56,0,0,0,0,0,14067,8794,1486,0,0,0,0,0
427,4466,428.24731891060406,99953,316,181,35,8,7924,4149,0.12078676978179745,236,139,39361,38307,4204,2054,5846,9309,9958,6312,0,0,74233,368,40,365,61,0,0,0,0,0,14614,8716,1556,0,0,0,0,0
428,4466,429.2647527619934,99953,311,178,35,8,7976,4177,0.12158714595860054,269,145,39098,37938,4228,2054,6057,9675,10360,6550,0,0,73586,429,52,378,63,0,0,0,0,0,15188,8649,1608,0,0,0,0,0
429,4466,430.2885205986419,99953,337,184,35,8,8042,4217,0.12264764439286464,282,141,38841,37555,4231,2057,6272,10053,10770,6793,0,0,72925,490,61,379,66,0,0,0,0,0,15779,8595,1658,0,0,0,0,0
430,4466,431.31867038321377,99952,348,203,36,8,8112,4256,0.12373939490955659,301,144,38575,37161,4246,2053,6492,10429,11187,7041,0,0,72282,550,69,385,70,0,0,0,0,0,16353,8506,1737,0,0,0,0,0
431,4466,432.00914682633226,99952,379,201,36,8,8172,4278,0.12455978869857531,310,162,38313,36749,4234,2047,6726,10831,11612,7293,0,0,71636,586,83,387,71,0,0,0,0,0,16949,8437,1803,0,0,0,0,0
432,4466,433.0524994671399,99951,389,209,37,8,8248,4316,0.12570159378095266,347,168,38032,36367,4248,2044,6945,11202,12044,7550,0,0,70941,663,90,395,74,0,0,0,0,0,17559,8358,1871,0,0,0,0,0
433,4466,434.1028423646479,99951,425,219,37,8,8337,4349,0.12692219187401826,364,191,37753,35963,4258,2030,7161,11587,12482,7811,0,0,70264,719,104,398,77,0,0,0,0,0,18166,8277,1946,0,0,0,0,0
434,4466,435.1602598852492,99951,442,226,37,8,8431,4389,0.12826284879591,388,193,37462,35539,4284,2040,7385,11992,12927,8076,0,0,69527,807,116,404,81,0,0,0,0,0,18803,8210,2003,0,0,0,0,0
435,4466,436.22527472894797,99951,476,242,37,8,8535,4439,0.12980360376584527,398,201,37170,35118,4306,2041,7611,12388,13378,8345,0,0,68818,878,140,410,84,0,0,0,0,0,19417,8122,2082,0,0,0,0,0
436,4466,437.2979353767743,99951,507,251,37,8,8642,4485,0.13133435383337835,435,207,36848,34717,4330,2042,7841,12773,13835,8618,0,0,68094,956,160,420,89,0,0,0,0,0,20043,8028,2161,0,0,0,0,0
437,4466,438.01758351365834,99951,529,257,37,8,8724,4516,0.13246490780482437,448,206,36559,34290,4332,2036,8093,13201,14297,8895,0,0,67372,1013,181,423,93,0,0,0,0,0,20687,7951,2231,0,0,0,0,0
438,4466,439.1067947739862,99950,557,283,37,9,8839,4577,0.13422711355677838,466,206,36250,33846,4371,2039,8317,13615,14764,9175,0,0,66598,1095,204,429,101,0,0,0,0,0,21353,7890,2280,0,0,0,0,0
439,4466,440.2044426079416,99950,603,286,37,9,8965,4626,0.13597798899449726,481,222,35919,33416,4404,2053,8554,14012,15235,9459,0,0,65827,1180,231,437,105,0,0,0,0,0,22011,7812,2347,0,0,0,0,0
440,4466,441.3113517324417,99950,619,283,37,9,9098,4671,0.13775887943971987,502,252,35601,32983,4453,2054,8786,14417,15710,9746,0,0,65038,1291,269,447,110,0,0,0,0,0,22651,7717,2427,0,0,0,0,0
441,4466,442.0544477001433,99950,651,312,37,9,9204,4724,0.1393496748374187,496,250,35310,32533,4475,2038,9029,14856,16189,10036,0,0,64276,1355,290,452,116,0,0,0,0,0,23327,7640,2494,0,0,0,0,0
442,4466,443.17921951640784,99950,682,343,37,9,9332,4808,0.14147073536768384,549,266,34978,32051,4510,2058,9242,15271,16671,10329,0,0,63468,1453,327,457,124,0,0,0,0,0,23999,7569,2553,0,0,0,0,0
443,4466,444.3135156541841,99950,740,347,37,9,9516,4868,0.143911955977989,552,296,34635,31591,4574,2078,9460,15677,17156,10624,0,0,62645,1565,377,470,128,1,0,0,0,0,24659,7487,2618,0,0,0,0,0
444,4466,445.07533702350224,99949,786,368,38,9,9630,4923,0.14560425817166756,573,299,34312,31145,4579,2079,9710,16098,17643,10922,0,0,61880,1619,412,476,133,1,0,0,0,0,25333,7406,2689,0,0,0,0,0
445,4466,446.229533632106,99949,806,392,38,9,9795,5003,0.14805550830923772,597,310,33973,30695,4642,2094,9942,16498,18132,11222,0,0,61048,1742,471,484,142,1,0,0,0,0,25982,7317,2762,0,0,0,0,0
446,4466,447.00501871529866,99948,824,410,39,9,9906,5052,0.14965782206747508,612,342,33645,30223,4677,2093,10201,16921,18623,11524,0,0,60245,1824,504,486,147,1,0,0,0,0,26669,7241,2831,0,0,0,0,0
447,4466,448.1802386357253,99948,864,439,39,9,10084,5155,0.1524692840276944,625,330,33297,29777,4746,2127,10427,17316,19115,11828,0,0,59397,1946,566,503,157,1,0,0,0,0,27332,7154,2892,0,0,0,0,0
448,4466,449.36730509267954,99948,913,452,39,9,10278,5240,0.1552607355825029,659,333,32919,29327,4814,2169,10654,17708,19608,12134,0,0,58542,2081,619,524,163,2,0,0,0,0,27998,7055,2964,0,0,0,0,0
449,4466,450.1655035664862,99947,963,479,40,9,10435,5317,0.15760352987083154,651,330,32591,28864,4850,2176,10903,18140,20101,12441,0,0,57747,2168,679,523,171,3,0,0,0,0,28645,6963,3048,0,0,0,0,0
450,4466,451.37624822245573,99945,981,489,42,9,10630,5417,0.16055830706888788,689,334,32201,28408,4956,2227,11129,18531,20593,12750,0,0,56875,2319,764,537,180,4,0,0,0,0,29274,6868,3124,0,0,0,0,0
451,4466,452.19078891840854,99944,1024,499,43,9,10793,5487,0.1628912190826863,692,341,31847,27967,5013,2242,11379,18940,21085,13060,0,0,56064,2425,816,543,191,4,0,0,0,0,29923,6763,3215,0,0,0,0,0
452,4466,453.01390804820846,99944,1039,501,43,9,10930,5549,0.1648823341071,724,364,31500,27519,5061,2247,11631,19358,21576,13370,0,0,55269,2513,893,551,199,4,0,0,0,0,30552,6661,3302,0,0,0,0,0
453,4466,454.26392987898276,99944,1084,516,43,9,11171,5651,0.16831425598335067,745,401,31112,27074,5174,2286,11840,19712,22065,13681,0,0,54373,2683,974,570,211,4,0,0,0,0,31196,6568,3365,0,0,0,0,0
454,4466,455.10534058536416,99944,1083,532,43,9,11321,5744,0.17074561754582565,779,392,30752,26624,5255,2318,12086,20123,22552,13993,0,0,53524,2803,1051,593,217,4,0,0,0,0,31846,6475,3431,0,0,0,0,0
455,4466,456.3837123352374,99944,1145,574,43,9,11583,5882,0.17474785880092852,806,397,30363,26181,5358,2369,12283,20468,23037,14305,0,0,52623,2975,1138,606,231,4,0,0,0,0,32481,6391,3495,0,0,0,0,0
456,4466,457.24436677802845,99944,1178,602,43,9,11761,5972,0.17742936044184743,811,409,30030,25736,5426,2379,12510,20863,23520,14617,0,0,51800,3073,1223,611,246,4,0,0,0,0,33117,6316,3554,0,0,0,0,0
457,4466,458.1138816156735,99944,1189,607,43,9,11932,6061,0.1800308172576643,823,398,29671,25312,5528,2421,12744,21251,24000,14929,0,0,50956,3194,1313,625,259,4,0,0,0,0,33744,6233,3616,0,0,0,0,0
458,4466,459.43560732644124,99944,1217,610,43,9,12185,6191,0.18386296325942528,826,421,29328,24878,5661,2493,12923,21587,24476,15240,0,0,50055,3385,1433,649,269,4,0,0,0,0,34328,6131,3690,0,0,0,0,0
459,4466,460.32528524171306,99943,1258,632,44,9,12380,6299,0.18689653102268292,843,388,28997,24462,5716,2534,13140,21973,24949,15551,0,0,49237,3504,1523,665,278,5,0,0,0,0,34933,6029,3769,0,0,0,0,0
460,4466,461.2247614145646,99941,1260,631,46,9,12559,6382,0.1895218178725448,879,427,28667,24030,5806,2565,13340,22336,25418,15861,0,0,48431,3619,1620,687,294,6,0,0,0,0,35519,5917,3848,0,0,0,0,0
461,4466,462.1336423168674,99941,1284,648,46,9,12742,6474,0.19227344133038493,906,432,28341,23636,5874,2596,13547,22677,25883,16170,0,0,47636,3703,1733,703,307,6,0,0,0,0,36109,5838,3906,0,0,0,0,0
462,4466,463.05266119852377,99941,1328,668,46,9,12951,6578,0.19540528912058114,893,434,27992,23239,5975,2628,13764,23020,26343,16478,0,0,46806,3816,1834,719,323,6,0,0,0,0,36723,5770,3944,0,0,0,0,0
463,4466,464.44995196026974,99940,1335,693,47,9,13249,6730,0.19990994596758055,905,442,27609,22845,6168,2704,13934,23305,26799,16785,0,0,45915,4001,1993,759,342,7,0,0,0,0,37258,5671,3994,0,0,0,0,0
464,4466,465.39214907437423,99939,1370,705,47,10,13479,6846,0.20337405817548704,908,443,27279,22464,6265,2749,14129,23627,27250,17091,0,0,45104,4135,2121,770,357,7,0,0,0,0,37797,5578,4070,0,0,0,0,0
465,4466,466.34531079711826,99939,1383,701,47,10,13685,6951,0.20648595643342438,920,454,26963,22091,6369,2787,14316,23955,27695,17395,0,0,44318,4254,2263,778,383,8,0,0,0,0,38317,5488,4130,0,0,0,0,0
466,4466,467.30918861266554,99935,1388,735,50,11,13916,7073,0.21002651723620352,919,452,26627,21722,6489,2815,14525,24263,28135,17697,0,0,43522,4382,2397,796,404,8,0,0,0,0,38840,5391,4195,0,0,0,0,0
467,4466,468.28473574077805,99934,1404,755,50,12,14143,7196,0.21353093041407328,949,440,26280,21343,6598,2865,14717,24583,28569,17997,0,0,42737,4502,2525,821,430,9,0,0,0,0,39364,5297,4249,0,0,0,0,0
468,4466,469.27272684772055,99933,1478,762,51,12,14393,7312,0.21719552099906939,957,446,25933,20985,6683,2919,14896,24874,28998,18295,0,0,41965,4605,2666,835,447,9,0,0,0,0,39883,5224,4299,0,0,0,0,0
469,4466,470.27289551677524,99932,1502,775,52,12,14635,7437,0.22087019173037667,972,465,25598,20643,6797,2965,15077,25138,29421,18591,0,0,41202,4721,2834,850,465,9,0,0,0,0,40351,5134,4366,0,0,0,0,0
470,4466,471.2856310520558,99932,1517,783,52,12,14874,7554,0.2244326141776408,980,461,25282,20324,6924,3011,15243,25407,29838,18885,0,0,40447,4833,2981,868,499,9,0,0,0,0,40828,5045,4422,0,0,0,0,0
471,4466,472.3109649675241,99930,1579,773,54,12,15128,7662,0.22805964174922447,958,459,24992,20016,7006,3070,15409,25668,30248,19177,0,0,39717,4920,3134,890,528,10,0,0,0,0,41303,4962,4466,0,0,0,0,0
472,4466,473.34765672756674,99928,1616,780,55,13,15390,7785,0.23191698022576254,971,471,24665,19685,7125,3137,15566,25912,30652,19466,0,0,38945,5053,3273,910,549,14,0,0,0,0,41783,4887,4514,0,0,0,0,0
473,4466,474.39701236819053,99927,1645,780,56,13,15652,7918,0.2358721866962883,963,482,24380,19374,7247,3214,15707,26135,31050,19752,0,0,38192,5182,3458,921,572,17,0,0,0,0,42213,4812,4560,0,0,0,0,0
474,4466,475.4589317625251,99926,1647,783,56,14,15912,8049,0.23978744270760363,987,476,24071,19078,7404,3287,15833,26360,31441,20036,0,0,37421,5311,3641,948,590,19,0,0,0,0,42652,4747,4597,0,0,0,0,0
475,4466,476.5334336559521,99924,1654,757,58,14,16174,8142,0.24334494215603858,1036,510,23751,18793,7547,3349,15952,26575,31826,20317,0,0,36701,5425,3827,963,626,19,0,0,0,0,43055,4667,4641,0,0,0,0,0
476,4466,477.0747489557017,99924,1671,768,58,14,16311,8214,0.24543653176414074,1015,491,23513,18497,7567,3354,16174,26874,32204,20595,0,0,36110,5442,3962,966,645,19,0,0,0,0,43487,4582,4711,0,0,0,0,0
477,4466,478.1748366565534,99922,1634,751,59,15,16573,8328,0.24920437941594445,992,536,23241,18216,7772,3418,16300,27062,32575,20870,0,0,35372,5588,4174,985,679,20,0,0,0,0,43852,4506,4746,0,0,0,0,0
478,4466,479.2880803377375,99919,1648,764,59,18,16862,8474,0.25356538796425104,979,520,22972,17951,7917,3474,16423,27271,32940,21142,0,0,34664,5717,4394,1005,701,22,0,0,0,0,44198,4426,4792,0,0,0,0,0
479,4466,480.41463681570514,99919,1633,765,59,18,17148,8611,0.25779881704180385,951,534,22707,17694,8105,3541,16543,27446,33298,21411,0,0,33937,5883,4607,1018,728,24,0,0,0,0,44532,4347,4843,0,0,0,0,0
480,4466,481.55455367082203,99918,1645,779,60,18,17415,8755,0.26191477011149145,960,523,22473,17438,8232,3601,16628,27639,33649,21676,0,0,33283,5968,4828,1030,767,26,0,0,0,0,44859,4284,4873,0,0,0,0,0
481,4466,482.1277957138506,99918,1639,805,60,18,17556,8834,0.2641165755919854,947,519,22250,17144,8286,3609,16816,27903,33993,21938,0,0,32715,5967,4987,1039,786,26,0,0,0,0,45257,4236,4905,0,0,0,0,0
482,4466,483.2912685939599,99918,1640,810,60,18,17832,8979,0.26833003062511257,953,508,21978,16925,8437,3683,16930,28054,34331,22197,0,0,32054,6081,5209,1068,817,26,0,0,0,0,45567,4153,4943,0,0,0,0,0
483,4466,484.4687714417259,99918,1660,805,60,18,18106,9122,0.27250345283132166,964,482,21716,16714,8562,3772,17036,28207,34662,22452,0,0,31441,6174,5427,1082,863,27,0,0,0,0,45845,4068,4991,0,0,0,0,0
484,4466,485.06167487008236,99918,1629,827,60,18,18214,9213,0.2744950859704958,986,457,21515,16470,8601,3786,17207,28440,34986,22704,0,0,30920,6174,5589,1093,882,29,0,0,0,0,46191,4003,5037,0,0,0,0,0
485,4466,486.2651802136653,99918,1668,821,60,18,18528,9348,0.2789887707920495,994,478,21264,16297,8749,3852,17263,28532,35303,22952,0,0,30292,6288,5808,1102,925,30,0,0,0,0,46463,3937,5073,0,0,0,0,0
486,4466,487.48171833333015,99917,1694,806,61,18,18853,9485,0.2836154007826496,1012,479,20993,16092,8902,3944,17336,28659,35614,23197,0,0,29668,6398,6059,1124,960,30,0,0,0,0,46700,3865,5113,0,0,0,0,0
487,4466,488.09390760372514,99917,1698,823,61,18,19013,9566,0.28602740274427774,997,491,20784,15876,8962,3936,17496,28854,35918,23438,0,0,29180,6394,6236,1124,988,32,0,0,0,0,47001,3811,5151,0,0,0,0,0
488,4466,489.33811084535284,99917,1697,833,61,18,19352,9726,0.2910215478847443,922,464,20602,15703,9154,4031,17562,28949,36216,23676,0,0,28545,6531,6495,1140,1034,32,0,0,0,0,47214,3751,5175,0,0,0,0,0
489,4466,490.595144991025,99915,1678,845,62,19,19631,9884,0.29540109092728817,949,446,20358,15560,9319,4108,17632,29020,36507,23910,0,0,27964,6633,6733,1156,1078,35,0,0,0,0,47417,3687,5212,0,0,0,0,0
490,4466,491.2276142305561,99914,1679,850,63,19,19780,9958,0.29763596693156114,941,444,20191,15374,9353,4122,17771,29189,36792,24141,0,0,27495,6629,6908,1155,1104,36,0,0,0,0,47698,3642,5247,0,0,0,0,0
491,4466,492.510579484384,99913,1671,848,63,20,20055,10092,0.30173250728133477,917,459,20018,15244,9500,4185,17829,29242,37071,24368,0,0,26958,6705,7150,1183,1143,38,0,0,0,0,47888,3568,5280,0,0,0,0,0
492,4466,493.15528619753525,99911,1679,854,65,20,20213,10170,0.30410064957812455,909,455,19856,15075,9534,4187,17955,29407,37343,24592,0,0,26536,6676,7340,1193,1170,40,0,0,0,0,48128,3512,5316,0,0,0,0,0
493,4466,494.46035473132014,99911,1666,843,65,20,20524,10318,0.3086947383171022,883,449,19678,14942,9705,4277,18001,29467,37609,24812,0,0,26001,6764,7585,1227,1233,44,0,0,0,0,48287,3437,5333,0,0,0,0,0
494,4466,495.11625656754194,99910,1643,831,66,20,20655,10388,0.31070963867480733,898,447,19515,14768,9745,4316,18131,29616,37869,25028,0,0,25551,6785,7727,1233,1265,47,0,0,0,0,48547,3381,5374,0,0,0,0,0
495,4466,496.44481850075476,99910,1634,814,66,20,20991,10534,0.3155339805825243,846,449,19378,14647,9923,4410,18151,29658,38123,25241,0,0,25033,6858,8047,1260,1313,48,0,0,0,0,48638,3328,5385,0,0,0,0,0
496,4466,497.11239284774274,99909,1612,846,67,20,21128,10633,0.31789928835240067,825,401,19218,14495,9988,4420,18288,29816,38371,25450,0,0,24657,6810,8247,1266,1350,50,0,0,0,0,48839,3285,5405,0,0,0,0,0
497,4466,498.4630190235621,99909,1606,821,67,20,21445,10778,0.32252349638170735,833,381,19044,14412,10153,4511,18295,29853,38613,25656,0,0,24174,6876,8550,1277,1406,54,0,0,0,0,48913,3234,5425,0,0,0,0,0
498,4466,499.1423897965324,99908,1598,830,68,20,21599,10844,0.3247287504504144,819,371,18912,14262,10191,4515,18410,30000,38850,25858,0,0,23768,6879,8715,1293,1425,56,0,0,0,0,49139,3182,5451,0,0,0,0,0
499,4466,500.51664232633743,99904,1575,789,72,20,21882,10978,0.32891575912876364,826,362,18747,14195,10348,4611,18430,30021,39081,26057,0,0,23299,6948,8995,1312,1481,59,0,0,0,0,49215,3125,5470,0,0,0,0,0
500,4466,501.20668201366544,99904,1574,765,72,20,22031,11038,0.3310077674567585,796,366,18618,14062,10404,4638,18534,30147,39307,26252,0,0,22910,6952,9165,1318,1510,62,0,0,0,0,49410,3084,5493,0,0,0,0,0
501,4466,502.6037826826733,99903,1552,738,73,20,22318,11177,0.33527521696045165,806,360,18510,14015,10556,4739,18501,30126,39527,26444,0,0,22441,7032,9423,1338,1565,68,0,0,0,0,49492,3039,5505,0,0,0,0,0
502,4466,503.3045039444099,99903,1539,736,73,20,22461,11238,0.3373171976817513,792,368,18383,13909,10605,4738,18606,30227,39742,26632,0,0,22090,7020,9573,1339,1608,70,0,0,0,0,49674,2996,5533,0,0,0,0,0
503,4466,504.0099580491915,99903,1543,716,73,20,22601,11296,0.3392991201465421,781,377,18249,13809,10646,4751,18706,30325,39952,26817,0,0,21739,7017,9716,1349,1643,73,0,0,0,0,49862,2945,5559,0,0,0,0,0
504,4466,505.41033642221134,99903,1496,687,73,20,22878,11427,0.3433830815891415,758,343,18146,13775,10830,4841,18695,30332,40156,26998,0,0,21309,7091,9984,1380,1698,75,0,0,0,0,49899,2884,5583,0,0,0,0,0
505,4466,506.1127705695347,99900,1473,689,76,20,22997,11486,0.34517517517517515,758,329,18036,13672,10871,4843,18784,30445,40355,27176,0,0,20964,7081,10128,1387,1727,77,0,0,0,0,50087,2851,5598,0,0,0,0,0
506,4466,507.50881847396107,99900,1464,642,76,20,23274,11592,0.349009009009009,728,352,17951,13620,11013,4925,18766,30439,40550,27351,0,0,20554,7135,10371,1425,1774,81,0,0,0,0,50152,2798,5610,0,0,0,0,0
507,4466,508.20917418094257,99899,1471,657,77,20,23418,11677,0.3513048178660447,692,317,17844,13544,11059,4938,18855,30522,40740,27522,0,0,20240,7132,10525,1424,1805,86,0,0,0,0,50299,2755,5633,0,0,0,0,0
508,4466,509.60125291212233,99897,1410,613,79,20,23641,11774,0.3545151506051233,709,320,17760,13504,11207,5026,18833,30515,40925,27690,0,0,19840,7193,10776,1447,1848,90,0,0,0,0,50356,2712,5635,0,0,0,0,0
509,4466,510.29950148022044,99897,1409,606,79,20,23781,11824,0.3564171096229116,684,320,17653,13427,11255,5027,18918,30598,41105,27855,0,0,19546,7175,10925,1451,1882,91,0,0,0,0,50495,2672,5660,0,0,0,0,0
510,4466,511.68833121095287,99897,1409,580,79,20,24041,11931,0.36009089362042906,611,304,17595,13432,11387,5085,18917,30577,41281,28017,0,0,19204,7196,11182,1482,1917,97,0,0,0,0,50521,2625,5673,0,0,0,0,0
511,4466,512.3849643147789,99897,1373,560,79,20,24141,11969,0.36147231648598055,615,314,17507,13353,11430,5098,18994,30653,41452,28175,0,0,18916,7182,11327,1483,1956,99,0,0,0,0,50660,2596,5678,0,0,0,0,0
512,4466,513.0786668196513,99897,1353,554,79,20,24253,12027,0.36317406929137014,591,304,17429,13275,11466,5111,19080,30734,41619,28330,0,0,18646,7155,11490,1486,1990,100,0,0,0,0,50773,2568,5689,0,0,0,0,0
513,4466,514.4583579042381,99894,1267,555,82,20,24448,12140,0.36626824433899935,600,289,17400,13283,11586,5157,19063,30694,41782,28482,0,0,18321,7183,11706,1499,2059,103,0,0,0,0,50797,2532,5694,0,0,0,0,0
514,4466,515.1500979533521,99894,1266,549,82,20,24553,12188,0.3677998678599315,593,289,17326,13220,11606,5165,19125,30755,41941,28631,0,0,18064,7155,11842,1506,2078,107,0,0,0,0,50928,2502,5712,0,0,0,0,0
515,4466,516.5274413492601,99893,1204,542,83,20,24745,12297,0.3708167739481245,587,260,17285,13242,11724,5222,19115,30712,42096,28777,0,0,17751,7178,12053,1525,2134,110,0,0,0,0,50961,2463,5718,0,0,0,0,0
516,4466,517.2183514527032,99893,1189,533,83,20,24859,12344,0.37242849849338794,551,272,17255,13188,11748,5234,19172,30751,42247,28920,0,0,17503,7155,12198,1529,2166,113,0,0,0,0,51066,2436,5727,0,0,0,0,0
517,4466,518.5939160104541,99893,1149,538,83,20,25039,12442,0.3752114762796192,556,283,17230,13198,11829,5267,19151,30692,42394,29060,0,0,17232,7156,12378,1550,2217,118,0,0,0,0,51108,2396,5738,0,0,0,0,0
518,4466,519.2840110156111,99892,1140,514,83,21,25137,12480,0.3765767028390662,537,297,17180,13156,11852,5273,19206,30737,42537,29198,0,0,17006,7133,12521,1543,2244,124,0,0,0,0,51198,2370,5753,0,0,0,0,0
519,4466,520.6581522731958,99888,1096,499,86,22,25313,12571,0.3792647765497357,553,296,17124,13164,11948,5328,19191,30689,42677,29333,0,0,16736,7147,12736,1551,2288,128,0,0,0,0,51206,2337,5759,0,0,0,0,0
520,4466,521.3470139266948,99888,1102,516,86,22,25420,12632,0.38094666025949064,521,276,17079,13127,11955,5329,19255,30728,42813,29465,0,0,16530,7114,12860,1550,2320,128,0,0,0,0,51303,2304,5779,0,0,0,0,0
521,4466,522.0340345771472,99886,1072,510,87,23,25501,12673,0.3821756802755141,520,268,17036,13098,11971,5325,19312,30774,42946,29594,0,0,16324,7075,12995,1557,2346,131,0,0,0,0,51392,2279,5787,0,0,0,0,0
522,4466,523.4021368286978,99885,1022,515,88,23,25664,12783,0.384912649546979,517,230,17043,13126,12054,5370,19274,30734,43075,29721,0,0,16078,7063,13185,1580,2394,138,0,0,0,0,51408,2254,5785,0,0,0,0,0
523,4466,524.0885862444487,99885,1011,493,88,23,25754,12822,0.38620413475496823,491,229,16993,13089,12080,5392,19335,30772,43201,29845,0,0,15869,7047,13312,1575,2420,143,0,0,0,0,51486,2234,5799,0,0,0,0,0
524,4466,525.4568877322786,99884,988,475,89,23,25923,12892,0.3886007769012054,453,229,17023,13125,12149,5426,19296,30720,43324,29967,0,0,15616,7068,13467,1580,2466,149,0,0,0,0,51524,2214,5800,0,0,0,0,0
525,4466,526.1433539065596,99884,968,462,89,23,25992,12929,0.38966200792919786,449,229,16994,13095,12160,5435,19338,30754,43444,30086,0,0,15433,7030,13588,1584,2489,152,0,0,0,0,51602,2191,5815,0,0,0,0,0
526,4466,527.5124186589554,99882,913,431,90,24,26134,13002,0.39182235037344065,446,211,17018,13164,12220,5481,19311,30687,43561,30203,0,0,15225,7021,13780,1594,2541,156,0,0,0,0,51581,2161,5823,0,0,0,0,0
527,4466,528.1992443084856,99882,894,452,90,24,26225,13051,0.3932240043251036,409,196,16986,13128,12255,5472,19364,30726,43675,30317,0,0,15042,6992,13894,1597,2571,157,0,0,0,0,51661,2142,5826,0,0,0,0,0
528,4466,529.5687401599201,99882,862,438,90,24,26364,13123,0.3953364970665385,364,197,17028,13166,12298,5513,19356,30660,43786,30429,0,0,14833,6996,14052,1600,2619,161,0,0,0,0,51676,2117,5828,0,0,0,0,0
529,4466,530.2550969719622,99882,847,433,90,24,26431,13159,0.39636771390240483,358,197,17026,13149,12288,5518,19389,30677,43894,30538,0,0,14670,6966,14162,1591,2652,161,0,0,0,0,51742,2100,5838,0,0,0,0,0
530,4466,531.6239362450515,99882,779,418,90,24,26547,13234,0.3982799703650307,383,172,17053,13222,12347,5559,19346,30603,43999,30645,0,0,14463,6969,14327,1606,2692,166,0,0,0,0,51743,2074,5842,0,0,0,0,0
531,4466,532.3108783138802,99882,769,401,90,24,26609,13255,0.39911095092208804,363,180,17029,13211,12358,5561,19389,30621,44101,30750,0,0,14304,6936,14429,1605,2712,169,0,0,0,0,51818,2059,5850,0,0,0,0,0
532,4466,533.6815235401582,99881,759,399,91,24,26737,13321,0.40105725813718324,345,167,17044,13282,12382,5582,19377,30544,44201,30853,0,0,14122,6927,14563,1616,2747,172,0,0,0,0,51847,2035,5852,0,0,0,0,0
533,4466,534.368401158493,99880,738,373,91,25,26790,13345,0.40183219863836606,341,174,17040,13275,12391,5601,19397,30550,44298,30954,0,0,13956,6916,14648,1610,2773,178,0,0,0,0,51921,2020,5858,0,0,0,0,0
534,4466,535.0537692052793,99880,717,371,91,25,26848,13376,0.4027232679215058,336,166,17040,13272,12379,5598,19435,30566,44393,31052,0,0,13809,6897,14746,1598,2799,182,0,0,0,0,51980,2003,5866,0,0,0,0,0
535,4466,536.4225339945805,99879,713,363,92,25,26968,13431,0.40447942009831894,303,157,17097,13341,12378,5613,19415,30499,44485,31148,0,0,13643,6892,14869,1599,2830,188,0,0,0,0,52005,1984,5869,0,0,0,0,0
536,4466,537.108202147691,99878,673,341,92,26,27007,13458,0.4051442760167404,315,159,17087,13337,12386,5628,19445,30507,44575,31242,0,0,13490,6884,14957,1598,2861,188,0,0,0,0,52060,1962,5878,0,0,0,0,0
537,4466,538.4771616257286,99877,635,320,93,26,27104,13513,0.40667020435135215,286,152,17154,13438,12418,5651,19412,30411,44663,31334,0,0,13335,6869,15101,1603,2894,195,0,0,0,0,52056,1946,5878,0,0,0,0,0
538,4466,539.1633905205604,99876,618,323,93,27,27148,13541,0.40739517001081343,274,149,17148,13437,12414,5647,19451,30415,44749,31424,0,0,13205,6835,15189,1602,2913,195,0,0,0,0,52119,1934,5884,0,0,0,0,0
539,4466,540.5339719386978,99875,598,319,93,28,27234,13598,0.40883103879849814,273,125,17195,13531,12421,5662,19418,30333,44832,31513,0,0,13078,6810,15327,1602,2938,200,0,0,0,0,52114,1914,5892,0,0,0,0,0
540,4466,541.2211753904646,99875,577,291,93,28,27279,13617,0.40947183979974966,267,130,17183,13545,12433,5678,19445,30326,44913,31600,0,0,12946,6784,15410,1600,2971,201,0,0,0,0,52168,1904,5891,0,0,0,0,0
541,4466,542.5927815804943,99875,573,292,93,28,27379,13668,0.4109837296620776,238,127,17233,13609,12438,5686,19423,30256,44992,31685,0,0,12813,6760,15525,1607,2994,206,0,0,0,0,52189,1888,5893,0,0,0,0,0
542,4466,543.280332038833,99875,555,267,93,28,27416,13684,0.41151439299123904,245,126,17229,13626,12427,5694,19449,30257,45069,31768,0,0,12686,6747,15612,1607,3001,210,0,0,0,0,52234,1869,5909,0,0,0,0,0
543,4466,544.6526078693546,99875,536,247,93,28,27506,13727,0.41284605757196496,227,126,17278,13705,12427,5710,19437,30182,45144,31849,0,0,12539,6745,15722,1609,3036,210,0,0,0,0,52247,1859,5908,0,0,0,0,0
544,4466,545.3402203267417,99874,520,246,94,28,27536,13748,0.41336083465166107,236,132,17269,13720,12413,5701,19466,30171,45217,31929,0,0,12419,6722,15783,1606,3054,210,0,0,0,0,52314,1851,5915,0,0,0,0,0
545,4466,546.0267783469906,99873,509,250,95,28,27579,13770,0.4140158000660839,226,136,17270,13733,12401,5691,19497,30160,45289,32007,0,0,12311,6695,15851,1604,3066,214,0,0,0,0,52369,1837,5926,0,0,0,0,0
546,4466,547.396950516401,99873,494,255,95,28,27660,13822,0.41534749131396875,199,111,17364,13836,12396,5704,19450,30064,45359,32083,0,0,12198,6670,15961,1608,3084,220,0,0,0,0,52377,1822,5933,0,0,0,0,0
547,4466,548.0839328609637,99873,477,245,95,28,27684,13834,0.4157079490953511,220,123,17357,13842,12376,5700,19473,30060,45427,32158,0,0,12106,6629,16029,1607,3105,220,0,0,0,0,52427,1812,5938,0,0,0,0,0
548,4466,549.4563554591731,99873,469,236,95,28,27755,13876,0.41683938602024573,209,109,17424,13963,12358,5720,19443,29942,45493,32231,0,0,11998,6613,16128,1607,3130,223,0,0,0,0,52435,1798,5941,0,0,0,0,0
549,4466,550.1441658126734,99873,462,232,95,28,27796,13898,0.4174701871376648,201,102,17441,14004,12348,5709,19451,29923,45558,32303,0,0,11914,6586,16205,1596,3155,224,0,0,0,0,52461,1783,5949,0,0,0,0,0
550,4466,551.5181886177063,99873,439,229,95,28,27860,13930,0.4184314078880178,189,101,17522,14089,12341,5699,19412,29852,45621,32373,0,0,11813,6566,16288,1600,3183,227,0,0,0,0,52478,1767,5951,0,0,0,0,0
551,4466,552.2073149485543,99873,436,215,95,28,27890,13938,0.41881189110169914,180,113,17564,14114,12307,5686,19416,29842,45682,32442,0,0,11730,6537,16348,1597,3198,228,0,0,0,0,52520,1752,5963,0,0,0,0,0
552,4466,553.5844857979193,99872,413,213,96,28,27957,13969,0.41979734059596285,161,115,17633,14223,12307,5677,19388,29742,45742,32509,0,0,11636,6515,16438,1600,3222,230,0,0,0,0,52523,1736,5972,0,0,0,0,0
553,4466,554.2748693237204,99872,409,214,96,28,27980,13994,0.42027795578340277,161,106,17647,14242,12290,5675,19395,29733,45800,32575,0,0,11550,6495,16485,1593,3242,231,0,0,0,0,52573,1725,5978,0,0,0,0,0
554,4466,555.6544109647057,99871,382,202,97,28,28033,14023,0.42110322315787363,156,94,17733,14363,12282,5669,19348,29642,45857,32639,0,0,11453,6487,16571,1589,3269,232,0,0,0,0,52574,1713,5983,0,0,0,0,0
555,4466,556.3460537551163,99871,358,202,97,28,28053,14042,0.4214937269077109,163,88,17762,14404,12259,5660,19359,29616,45913,32702,0,0,11370,6456,16638,1591,3283,232,0,0,0,0,52611,1705,5985,0,0,0,0,0
556,4466,557.0377296449496,99870,362,199,98,28,28085,14056,0.42195854610994293,158,83,17781,14447,12234,5653,19365,29588,45967,32764,0,0,11287,6433,16680,1586,3302,232,0,0,0,0,52665,1697,5988,0,0,0,0,0
557,4466,558.4204206421205,99870,346,182,98,28,28137,14083,0.4227495744467808,149,79,17886,14559,12207,5664,19312,29486,46020,32824,0,0,11197,6422,16761,1585,3324,234,0,0,0,0,52668,1686,5993,0,0,0,0,0
558,4466,559.1139768029374,99870,333,177,98,28,28163,14100,0.42318013417442674,147,78,17911,14589,12187,5667,19322,29459,46072,32883,0,0,11114,6407,16822,1580,3333,237,0,0,0,0,52699,1679,5999,0,0,0,0,0
559,4466,560.5005921933945,99870,314,176,98,28,28219,14128,0.42402122759587463,134,74,17979,14710,12175,5653,19298,29357,46122,32941,0,0,11033,6386,16894,1580,3358,241,0,0,0,0,52709,1673,5996,0,0,0,0,0
560,4466,561.1953310807285,99870,308,171,98,28,28242,14140,0.4243716831881446,129,73,18013,14758,12154,5645,19296,29323,46171,32998,0,0,10965,6362,16944,1575,3374,242,0,0,0,0,52744,1664,6000,0,0,0,0,0
561,4466,562.5841445868315,99869,280,168,99,28,28287,14163,0.4250568244400164,127,72,18136,14856,12121,5636,19235,29238,46219,33053,0,0,10887,6342,17022,1578,3389,244,0,0,0,0,52746,1655,6006,0,0,0,0,0
562,4466,563.2806794134272,99869,277,160,99,28,28307,14174,0.42536723107270524,124,69,18175,14904,12085,5625,19238,29212,46266,33107,0,0,10825,6314,17081,1572,3401,244,0,0,0,0,52773,1649,6010,0,0,0,0,0
563,4466,564.6745315795071,99868,275,147,100,28,28357,14196,0.42609244202347096,101,67,18276,15019,12049,5630,19197,29107,46312,33160,0,0,10759,6289,17154,1573,3419,245,0,0,0,0,52773,1639,6017,0,0,0,0,0
564,4466,565.3733070634099,99868,256,144,100,28,28369,14211,0.4263627988945408,104,64,18331,15063,12021,5611,19186,29088,46357,33212,0,0,10713,6254,17221,1570,3431,246,0,0,0,0,52781,1626,6026,0,0,0,0,0
565,4466,566.0719396841662,99868,257,139,100,28,28385,14218,0.4265931028958225,102,64,18367,15103,11991,5607,19181,29057,46401,33263,0,0,10654,6227,17255,1566,3445,246,0,0,0,0,52824,1620,6031,0,0,0,0,0
566,4466,567.4705142006981,99868,240,134,100,28,28425,14243,0.42724396202987946,95,55,18466,15230,11961,5604,19136,28947,46443,33313,0,0,10585,6207,17321,1567,3465,248,0,0,0,0,52833,1614,6028,0,0,0,0,0
567,4466,568.1717691978623,99868,234,123,100,28,28439,14248,0.42743421316137303,102,60,18484,15296,11946,5593,19132,28898,46484,33362,0,0,10534,6184,17363,1563,3479,248,0,0,0,0,52858,1602,6037,0,0,0,0,0
568,4466,569.5744774350685,99867,215,119,101,28,28465,14268,0.42789910581072826,107,56,18592,15417,11915,5583,19068,28795,46524,33410,0,0,10469,6170,17418,1563,3492,250,0,0,0,0,52870,1593,6042,0,0,0,0,0
569,4466,570.2779251561997,99867,216,121,101,28,28489,14278,0.4282395586129552,94,51,18639,15449,11895,5576,19053,28773,46564,33457,0,0,10404,6157,17448,1563,3497,252,0,0,0,0,52913,1584,6049,0,0,0,0,0
570,4466,571.6864247198246,99867,211,122,101,28,28526,14299,0.42882033104028355,83,48,18760,15583,11858,5561,18985,28656,46603,33503,0,0,10350,6132,17498,1563,3516,254,0,0,0,0,52929,1577,6048,0,0,0,0,0
571,4466,572.3934693740741,99867,213,118,101,28,28540,14308,0.4290506373476724,84,45,18809,15642,11817,5551,18974,28614,46641,33548,0,0,10298,6112,17535,1559,3526,254,0,0,0,0,52962,1570,6051,0,0,0,0,0
572,4466,573.1006876794885,99867,210,111,101,28,28554,14314,0.42925090370192354,83,45,18847,15691,11785,5549,18972,28574,46678,33592,0,0,10249,6088,17574,1557,3535,255,0,0,0,0,52990,1564,6055,0,0,0,0,0
573,4466,574.5160800125287,99866,192,108,102,28,28584,14339,0.4298059399595458,77,29,18973,15852,11744,5536,18910,28445,46714,33635,0,0,10189,6080,17628,1551,3553,257,0,0,0,0,52991,1558,6059,0,0,0,0,0
574,4466,575.225842625751,99866,191,102,102,28,28603,14345,0.4300562754090481,64,26,19003,15903,11723,5532,18915,28407,46749,33677,0,0,10134,6072,17653,1546,3562,260,0,0,0,0,53023,1550,6066,0,0,0,0,0
575,4466,576.6407948040637,99866,170,92,102,28,28624,14357,0.4303867182023912,64,22,19130,16025,11690,5522,18842,28309,46783,33718,0,0,10074,6065,17701,1542,3576,262,0,0,0,0,53033,1546,6067,0,0,0,0,0
576,4466,577.3448316807162,99866,154,83,102,28,28634,14359,0.43050687921815234,66,24,19157,16074,11666,5513,18853,28276,46816,33759,0,0,10027,6049,17734,1536,3588,266,0,0,0,0,53057,1541,6068,0,0,0,0,0
577,4466,578.0473411942129,99866,149,80,102,28,28642,14365,0.43064706706987366,71,28,19194,16122,11636,5497,18846,28243,46849,33799,0,0,9985,6028,17775,1532,3592,267,0,0,0,0,53079,1535,6073,0,0,0,0,0
578,4466,579.4493121644726,99866,146,75,102,28,28671,14375,0.4310375903710973,69,32,19274,16271,11613,5477,18794,28115,46881,33838,0,0,9943,6010,17824,1529,3603,269,0,0,0,0,53086,1527,6075,0,0,0,0,0
579,4466,580.1479415039145,99866,148,79,102,28,28684,14385,0.4312678989846394,64,25,19314,16335,11582,5468,18788,28063,46912,33876,0,0,9902,5992,17851,1528,3608,269,0,0,0,0,53114,1518,6084,0,0,0,0,0
580,4466,581.5414075558978,99865,147,79,102,29,28702,14393,0.43153256896810693,66,28,19437,16472,11530,5436,18716,27954,46942,33913,0,0,9860,5976,17880,1526,3614,271,0,0,0,0,53139,1510,6089,0,0,0,0,0
581,4466,582.2347133860883,99864,144,77,103,29,28718,14397,0.4317371625410558,58,31,19473,16511,11501,5422,18719,27928,46972,33950,0,0,9816,5968,17905,1519,3625,272,0,0,0,0,53164,1503,6092,0,0,0,0,0
582,4466,583.6166855881592,99864,143,82,103,29,28738,14411,0.4320776255707763,53,23,19558,16644,11469,5406,18672,27814,47001,33986,0,0,9775,5949,17929,1519,3637,273,0,0,0,0,53188,1499,6095,0,0,0,0,0
583,4466,584.305129806206,99864,140,77,103,29,28746,14414,0.4321877753745093,56,22,19601,16692,11448,5396,18650,27782,47029,34021,0,0,9732,5937,17955,1516,3643,273,0,0,0,0,53215,1494,6099,0,0,0,0,0
584,4466,585.6784960898982,99864,133,67,103,29,28766,14420,0.43244812945606026,55,25,19707,16840,11415,5370,18585,27667,47057,34055,0,0,9690,5926,17996,1512,3655,274,0,0,0,0,53224,1489,6098,0,0,0,0,0
585,4466,586.3621232856714,99864,129,67,103,29,28775,14424,0.4325783064968357,53,24,19747,16876,11394,5358,18572,27644,47084,34089,0,0,9648,5915,18014,1509,3663,275,0,0,0,0,53257,1483,6100,0,0,0,0,0
586,4466,587.0444608619127,99864,113,64,103,29,28780,14428,0.43266842906352637,57,21,19777,16933,11388,5346,18560,27605,47111,34122,0,0,9604,5900,18039,1510,3671,276,0,0,0,0,53284,1481,6099,0,0,0,0,0
587,4466,588.4055477802411,99864,110,54,103,29,28802,14433,0.4329387967635985,49,24,19879,17067,11371,5329,18486,27495,47137,34154,0,0,9563,5884,18076,1512,3677,277,0,0,0,0,53295,1478,6102,0,0,0,0,0
588,4466,589.0832978114927,99864,107,53,103,29,28811,14435,0.43304894656733156,44,24,19928,17131,11344,5312,18472,27449,47162,34186,0,0,9531,5869,18097,1511,3680,279,0,0,0,0,53318,1470,6109,0,0,0,0,0
589,4466,590.4350916052613,99863,96,51,104,29,28828,14442,0.4332936122487808,38,21,20060,17251,11283,5301,18417,27345,47187,34217,0,0,9496,5857,18135,1509,3686,281,0,0,0,0,53323,1464,6112,0,0,0,0,0
590,4466,591.1078257329806,99863,86,48,104,29,28831,14443,0.4333336671239598,51,21,20096,17298,11257,5286,18404,27316,47211,34248,0,0,9461,5844,18162,1505,3692,282,0,0,0,0,53344,1462,6111,0,0,0,0,0
591,4466,592.4481832070142,99863,90,47,104,29,28844,14449,0.43352392778106,43,18,20142,17361,11222,5274,18397,27269,47235,34278,0,0,9426,5833,18184,1501,3698,283,0,0,0,0,53366,1459,6113,0,0,0,0,0
592,4466,593.127821479411,99863,89,47,104,29,28851,14451,0.4336140512502128,39,18,20193,17424,11196,5262,18377,27218,47258,34307,0,0,9392,5819,18206,1498,3700,284,0,0,0,0,53392,1457,6115,0,0,0,0,0
593,4466,594.48404484205,99861,74,38,106,29,28866,14454,0.4338029861507495,35,19,20327,17589,11148,5236,18308,27087,47281,34336,0,0,9358,5804,18242,1500,3705,286,0,0,0,0,53395,1451,6120,0,0,0,0,0
594,4466,595.1356274585996,99861,71,35,106,29,28869,14457,0.4338630696668369,34,20,20356,17631,11118,5231,18313,27052,47303,34364,0,0,9332,5790,18264,1498,3709,286,0,0,0,0,53411,1443,6128,0,0,0,0,0
595,4466,596.021436963581,99861,73,32,106,29,28881,14461,0.4340232923764032,29,20,20470,17754,11066,5213,18254,26950,47325,34392,0,0,9301,5779,18276,1496,3721,287,0,0,0,0,53436,1438,6127,0,0,0,0,0
596,4466,597.337583651367,99861,71,26,106,29,28892,14463,0.4341534733279258,26,25,20575,17883,11022,5186,18198,26849,47346,34419,0,0,9275,5765,18303,1491,3730,287,0,0,0,0,53445,1435,6130,0,0,0,0,0
597,4466,598.6475737032979,99860,68,30,106,30,28904,14471,0.43435810134187863,22,20,20677,18033,10972,5157,18153,26728,47367,34446,0,0,9246,5755,18317,1490,3738,288,0,0,0,0,53463,1428,6135,0,0,0,0,0
598,4466,599.3002234529855,99860,68,31,106,30,28904,14472,0.4343681153615061,23,19,20658,18017,10965,5153,18178,26748,47387,34472,0,0,9213,5745,18327,1489,3739,288,0,0,0,0,53496,1426,6137,0,0,0,0,0
599,4466,600.4996892186294,99860,64,33,106,30,28908,14478,0.4344682555577809,25,15,20746,18135,10920,5133,18137,26652,47407,34498,0,0,9184,5730,18346,1489,3743,288,0,0,0,0,53517,1424,6139,0,0,0,0,0
600,4466,601.1152937615805,99860,66,35,106,30,28913,14483,0.4345683957540557,27,12,20788,18185,10889,5119,18122,26617,47426,34523,0,0,9160,5716,18364,1487,3746,288,0,0,0,0,53536,1420,6143,0,0,0,0,0
601,4466,602.600879856963,99860,64,27,106,30,28925,14487,0.4347286200680953,29,13,20936,18351,10835,5093,18028,26484,47445,34548,0,0,9128,5711,18380,1485,3754,289,0,0,0,0,53550,1415,6148,0,0,0,0,0
602,4466,603.4502719491971,99860,60,28,106,30,28931,14490,0.43481874624474265,28,13,20990,18425,10821,5078,17993,26424,47464,34572,0,0,9098,5701,18397,1485,3757,289,0,0,0,0,53571,1412,6150,0,0,0,0,0
603,4466,604.1267149033566,99860,61,27,106,30,28937,14493,0.4349088724213899,29,12,21022,18461,10795,5074,17985,26394,47482,34596,0,0,9075,5687,18413,1483,3763,289,0,0,0,0,53589,1409,6152,0,0,0,0,0
604,4466,605.1629666358643,99860,58,29,106,30,28946,14499,0.4350590827158021,24,10,21109,18550,10765,5059,17936,26320,47500,34619,0,0,9048,5677,18431,1482,3769,289,0,0,0,0,53605,1406,6153,0,0,0,0,0
605,4466,606.2579311133094,99860,61,26,106,30,28955,14501,0.4351692369317044,19,8,21191,18655,10717,5042,17904,26237,47517,34642,0,0,9024,5666,18448,1479,3775,289,0,0,0,0,53621,1404,6154,0,0,0,0,0
606,4466,607.0174906125883,99860,59,23,106,30,28959,14503,0.43522932104946926,20,7,21252,18720,10690,5025,17871,26193,47534,34664,0,0,9000,5658,18460,1477,3782,289,0,0,0,0,53639,1399,6156,0,0,0,0,0
607,4466,608.1445529792522,99860,52,25,106,30,28965,14506,0.43531944722611654,15,6,21332,18824,10652,5005,17841,26108,47551,34686,0,0,8975,5647,18480,1480,3783,289,0,0,0,0,53654,1393,6159,0,0,0,0,0
608,4466,609.1869825726674,99860,49,26,106,30,28968,14509,0.4353795313438814,12,4,21429,18912,10609,4993,17793,26033,47567,34708,0,0,8958,5634,18497,1479,3786,289,0,0,0,0,53665,1386,6166,0,0,0,0,0
609,4466,610.3015904633731,99860,42,19,106,30,28969,14511,0.43540957340276387,19,2,21538,19028,10566,4977,17727,25942,47583,34729,0,0,8933,5625,18511,1478,3795,289,0,0,0,0,53681,1384,6164,0,0,0,0,0
610,4466,611.3996663129767,99860,44,18,106,30,28974,14511,0.4354596435009013,18,3,21641,19155,10512,4953,17677,25839,47599,34750,0,0,8914,5611,18529,1476,3797,289,0,0,0,0,53696,1382,6166,0,0,0,0,0
611,4466,612.2707841308589,99860,40,18,106,30,28977,14511,0.4354896855597837,17,4,21727,19233,10478,4939,17630,25774,47614,34770,0,0,8890,5603,18542,1474,3800,289,0,0,0,0,53714,1381,6167,0,0,0,0,0
612,4466,613.205181937579,99860,43,16,106,30,28981,14512,0.4355397556579211,13,5,21764,19283,10456,4925,17616,25739,47629,34790,0,0,8874,5590,18559,1473,3800,290,0,0,0,0,53726,1377,6171,0,0,0,0,0
613,4466,614.122002143531,99860,40,13,106,30,28982,14513,0.4355597836971761,14,6,21836,19359,10421,4914,17581,25676,47644,34810,0,0,8847,5585,18571,1472,3802,290,0,0,0,0,53746,1375,6172,0,0,0,0,0
614,4466,615.0591487662145,99860,36,12,106,30,28985,14516,0.43561986781494094,14,4,21906,19464,10383,4894,17553,25594,47658,34829,0,0,8826,5574,18590,1472,3804,290,0,0,0,0,53758,1374,6172,0,0,0,0,0
615,4466,616.2480584021297,99860,39,12,106,30,28989,14516,0.4356599238934508,11,5,21991,19588,10342,4867,17509,25496,47672,34848,0,0,8813,5563,18600,1468,3808,291,0,0,0,0,53771,1370,6176,0,0,0,0,0
616,4466,617.5690163560531,99860,33,10,106,30,28992,14517,0.43569997997196075,10,5,22114,19719,10293,4846,17442,25388,47686,34867,0,0,8795,5557,18610,1464,3816,291,0,0,0,0,53781,1365,6181,0,0,0,0,0
617,4466,618.0957024157874,99860,34,8,106,30,28995,14517,0.43573002203084316,11,5,22149,19761,10266,4833,17432,25361,47700,34885,0,0,8781,5543,18626,1462,3819,291,0,0,0,0,53792,1363,6183,0,0,0,0,0
618,4466,619.1888261101595,99860,25,8,106,30,28997,14517,0.43575005007009815,12,6,22239,19889,10230,4810,17386,25255,47713,34903,0,0,8763,5534,18643,1461,3821,292,0,0,0,0,53802,1360,6184,0,0,0,0,0
619,4466,620.0465345636021,99860,24,10,106,30,28999,14521,0.435810134187863,10,3,22311,19962,10198,4799,17349,25194,47726,34921,0,0,8744,5525,18651,1457,3828,292,0,0,0,0,53820,1360,6183,0,0,0,0,0
620,4466,621.118672027784,99860,22,10,106,30,29000,14522,0.43583016222711796,9,2,22387,20042,10162,4780,17312,25134,47739,34938,0,0,8727,5517,18659,1458,3830,292,0,0,0,0,53836,1354,6187,0,0,0,0,0
621,4466,622.1031969024705,99860,19,9,106,30,29003,14523,0.4358702183056279,8,1,22463,20131,10132,4767,17270,25060,47752,34955,0,0,8707,5510,18674,1457,3831,292,0,0,0,0,53848,1352,6189,0,0,0,0,0
622,4466,623.1149264181245,99859,17,7,106,31,29005,14523,0.4358946114020769,7,2,22537,20215,10102,4749,17229,24994,47764,34972,0,0,8692,5499,18686,1456,3834,292,0,0,0,0,53859,1351,6190,0,0,0,0,0
623,4466,624.3138047281137,99859,17,8,106,31,29008,14524,0.4359346678817132,6,2,22629,20312,10053,4728,17187,24917,47776,34988,0,0,8678,5486,18700,1456,3835,292,0,0,0,0,53871,1350,6191,0,0,0,0,0
624,4466,625.0353891991502,99859,17,7,106,31,29010,14524,0.43595469612153137,5,2,22703,20422,10016,4704,17151,24832,47788,35004,0,0,8659,5480,18709,1454,3837,292,0,0,0,0,53887,1349,6192,0,0,0,0,0
625,4466,626.0556856111284,99859,17,4,106,31,29011,14525,0.4359747243613495,5,1,22763,20476,9982,4695,17125,24791,47800,35020,0,0,8641,5474,18720,1451,3840,292,0,0,0,0,53900,1348,6193,0,0,0,0,0
626,4466,627.2542421691761,99859,19,4,106,31,29013,14525,0.43599475260116766,4,1,22863,20592,9944,4671,17062,24699,47811,35035,0,0,8627,5467,18727,1450,3840,293,0,0,0,0,53914,1345,6196,0,0,0,0,0
627,4466,628.1361419169966,99859,22,3,106,31,29016,14526,0.43603480908080394,2,0,22920,20663,9915,4660,17033,24641,47822,35050,0,0,8612,5462,18732,1449,3842,293,0,0,0,0,53928,1340,6201,0,0,0,0,0
628,4466,629.1594467576227,99859,20,3,106,31,29017,14526,0.436044823200713,1,0,23053,20809,9853,4643,16965,24512,47833,35065,0,0,8596,5453,18740,1450,3844,293,0,0,0,0,53944,1338,6201,0,0,0,0,0
629,4466,630.0526140892925,99859,18,3,106,31,29017,14526,0.436044823200713,26,26,23060,20820,9833,4633,16955,24485,47844,35080,0,0,8580,5446,18747,1448,3847,293,0,0,0,0,53959,1337,6202,0,0,0,0,0
630,4466,631.006433106474,99859,19,7,106,31,29021,14531,0.43613495027989463,25,21,23159,20909,9789,4617,16900,24413,47854,35094,0,0,8563,5442,18749,1446,3851,293,0,0,0,2,53974,1336,6203,0,0,0,0,0
631,4466,632.2372999513486,99859,22,9,106,31,29028,14535,0.43624510559889446,23,18,23236,20998,9754,4608,16857,24334,47864,35108,0,0,8547,5437,18751,1444,3856,293,0,0,0,5,53987,1335,6204,0,0,0,0,0
632,4466,633.1547579699185,99859,28,9,106,31,29036,14537,0.43634524679798514,29,18,23303,21087,9714,4596,16818,24257,47874,35122,0,0,8535,5428,18760,1445,3856,293,1,0,0,7,53996,1330,6208,0,0,0,0,0
633,4466,634.2062052100785,99859,31,11,106,31,29048,14541,0.4365054727165303,30,17,23384,21184,9688,4578,16759,24177,47884,35136,0,0,8521,5418,18766,1445,3861,293,2,0,0,12,54004,1329,6208,0,0,0,0,0
634,4466,635.0048390855046,99859,32,15,106,31,29053,14546,0.436605613915621,33,14,23434,21249,9660,4570,16733,24119,47894,35149,0,0,8509,5410,18772,1443,3864,294,3,0,0,14,54013,1328,6209,0,0,0,0,0
635,4466,636.0262817259215,99859,31,14,106,31,29059,14549,0.4366957409948027,36,17,23505,21335,9628,4550,16692,24051,47904,35162,0,0,8488,5404,18776,1443,3866,294,6,0,0,19,54026,1328,6209,0,0,0,0,0
636,4466,637.0331909257524,99859,38,18,106,31,29070,14555,0.4368659810332569,29,19,23590,21401,9584,4536,16651,23993,47913,35175,0,0,8477,5395,18782,1442,3870,294,7,0,0,21,54034,1326,6211,0,0,0,0,0
637,4466,638.0417889149446,99859,41,17,106,31,29075,14559,0.4369561081124385,29,18,23687,21509,9541,4516,16594,23907,47922,35188,0,0,8463,5389,18788,1442,3870,294,7,0,0,28,54041,1324,6213,0,0,0,0,0
638,4466,639.017613209763,99859,44,23,106,31,29081,14565,0.4370762775513474,30,16,23735,21555,9514,4507,16569,23866,47931,35200,0,0,8453,5384,18792,1443,3871,294,7,0,0,29,54050,1317,6219,0,0,0,0,0
639,4466,640.1446758249228,99859,44,26,106,31,29090,14570,0.4372164752300744,34,17,23824,21656,9477,4489,16513,23779,47940,35212,0,0,8438,5378,18794,1442,3876,294,9,0,0,34,54058,1316,6220,0,0,0,0,0
640,4466,641.2991890510991,99859,51,29,106,31,29105,14578,0.4374467999879831,37,15,23911,21764,9436,4474,16457,23685,47949,35224,0,0,8422,5373,18795,1442,3881,294,11,0,0,40,54066,1314,6221,0,0,0,0,0
641,4466,642.005942680579,99859,49,32,106,31,29113,14581,0.43755695530698285,43,17,23970,21843,9412,4456,16418,23619,47957,35236,0,0,8406,5369,18797,1440,3884,296,12,0,0,43,54078,1314,6220,0,0,0,0,0
642,4466,643.2268478475852,99859,53,27,106,31,29129,14584,0.4377472235852552,40,20,24054,21942,9383,4443,16362,23535,47965,35248,0,0,8389,5363,18798,1441,3888,297,15,0,0,53,54082,1313,6220,0,0,0,0,0
643,4466,644.1652886879316,99859,55,27,106,31,29139,14586,0.43786739302416405,43,28,24118,22010,9367,4432,16309,23470,47973,35259,0,0,8375,5357,18802,1440,3891,297,17,0,0,58,54089,1312,6221,0,0,0,0,0
644,4466,645.0850635230536,99859,57,29,106,31,29149,14590,0.4380075907028911,49,29,24181,22079,9345,4415,16260,23415,47981,35270,0,0,8364,5349,18807,1442,3892,299,18,0,0,61,54096,1310,6221,0,0,0,0,0
645,4466,646.0023344004253,99859,64,30,106,31,29162,14594,0.4381778307413453,51,34,24244,22163,9319,4394,16214,23346,47989,35281,0,0,8357,5339,18816,1442,3892,300,18,0,0,69,54095,1309,6222,0,0,0,0,0
646,4466,647.2213766256826,99859,74,33,106,31,29181,14604,0.4384682402187084,47,29,24334,22269,9281,4379,16156,23257,47997,35292,0,0,8346,5334,18817,1441,3898,301,18,0,0,78,54097,1307,6222,0,0,0,0,0
647,4466,648.1326029148926,99859,76,31,106,31,29194,14608,0.4386384802571626,50,33,24405,22329,9258,4374,16103,23200,48005,35303,0,0,8331,5325,18824,1441,3898,303,25,0,0,84,54099,1305,6224,0,0,0,0,0
648,4466,649.041387146832,99859,79,44,106,31,29207,14624,0.4389288897345257,52,27,24456,22395,9231,4366,16074,23135,48012,35314,0,0,8319,5320,18827,1439,3902,304,26,0,0,91,54103,1304,6224,0,0,0,0,0
649,4466,650.249979812215,99859,85,43,106,31,29225,14629,0.43915921449243434,61,32,24515,22500,9212,4352,16019,23040,48019,35324,0,0,8305,5314,18827,1440,3908,304,29,0,0,99,54106,1303,6224,0,0,0,0,0
650,4466,651.1541886210115,99859,88,48,106,31,29240,14639,0.43940956749016113,60,40,24590,22569,9191,4340,15963,22970,48026,35334,0,0,8293,5312,18825,1435,3917,305,31,0,0,107,54108,1302,6224,0,0,0,0,0
651,4466,652.0556564388627,99858,87,49,107,31,29253,14649,0.4396442948987562,65,40,24646,22647,9175,4338,15918,22893,48033,35344,0,0,8286,5303,18827,1435,3926,306,32,0,0,117,54103,1300,6223,0,0,0,0,0
652,4466,653.2542313060902,99858,92,55,107,31,29272,14663,0.43997476416511444,84,46,24708,22733,9145,4323,15862,22810,48040,35354,0,0,8275,5294,18828,1435,3934,307,36,0,0,125,54102,1299,6223,0,0,0,0,0
653,4466,654.1509425714431,99858,108,56,107,31,29298,14675,0.44035530453243604,81,47,24779,22798,9115,4323,15808,22743,48047,35364,0,0,8261,5289,18826,1435,3939,309,39,0,0,134,54104,1298,6224,0,0,0,0,0
654,4466,655.0451722048159,99858,111,61,107,31,29314,14687,0.4406357026978309,94,50,24809,22866,9100,4316,15777,22674,48054,35374,0,0,8252,5282,18826,1434,3949,309,39,0,0,145,54102,1298,6222,0,0,0,0,0
655,4466,656.235002310202,99858,111,71,107,31,29338,14704,0.4410462857257305,90,49,24880,22973,9082,4299,15728,22575,48061,35383,0,0,8239,5276,18822,1437,3956,309,42,0,0,163,54094,1295,6225,0,0,0,0,0
656,4466,657.1251368993132,99858,113,71,107,31,29353,14713,0.4412866270103547,112,59,24912,23037,9072,4296,15682,22504,48067,35392,0,0,8226,5274,18819,1436,3962,309,44,0,0,177,54091,1293,6227,0,0,0,0,0
657,4466,658.013887653278,99857,122,76,108,31,29381,14725,0.4416916190151917,102,63,24947,23102,9069,4290,15650,22436,48073,35401,0,0,8210,5270,18822,1435,3967,309,51,0,0,191,54085,1292,6225,0,0,0,0,0
658,4466,659.1966503120905,99856,133,82,109,31,29415,14744,0.44222680660150615,115,62,25007,23211,9056,4284,15578,22328,48079,35410,0,0,8197,5265,18817,1435,3977,310,55,0,0,210,54074,1291,6225,0,0,0,0,0
659,4466,660.0817704072733,99856,148,90,109,31,29445,14760,0.4426874699567377,114,64,25050,23262,9043,4276,15534,22275,48085,35419,0,0,8185,5259,18813,1436,3986,310,57,0,0,221,54073,1291,6225,0,0,0,0,0
660,4466,661.258873754398,99856,167,103,109,31,29484,14784,0.44331837846498956,121,62,25126,23368,9007,4263,15468,22171,48091,35428,0,0,8174,5255,18810,1439,3993,311,58,0,0,238,54066,1286,6226,0,0,0,0,0
661,4466,662.1391989737238,99856,173,101,109,31,29511,14798,0.4437289697163916,122,66,25164,23429,8997,4269,15433,22102,48097,35437,0,0,8161,5248,18808,1440,4001,311,62,0,0,262,54051,1286,6226,0,0,0,0,0
662,4466,663.0181583678744,99856,177,107,109,31,29537,14812,0.44412954654702774,135,73,25219,23492,8977,4263,15381,22032,48103,35445,0,0,8149,5241,18807,1446,4010,311,66,0,0,273,54048,1281,6224,0,0,0,0,0
663,4466,664.1867813804213,99856,191,105,109,31,29587,14830,0.4448105271591091,141,82,25289,23587,8963,4255,15305,21938,48109,35453,0,0,8137,5233,18802,1451,4025,313,69,0,0,301,54029,1278,6218,0,0,0,0,0
664,4466,665.0609360874258,99856,195,108,109,31,29619,14846,0.44529121935587246,156,86,25318,23650,8965,4254,15255,21869,48115,35461,0,0,8122,5226,18798,1452,4039,313,75,0,0,320,54019,1278,6214,0,0,0,0,0
665,4466,666.224378323691,99856,207,119,109,31,29666,14873,0.4460322864925493,174,83,25376,23741,8954,4253,15178,21771,48121,35469,0,0,8105,5220,18787,1456,4049,319,83,0,0,338,54010,1276,6213,0,0,0,0,0
666,4466,667.0948356186428,99856,222,127,109,31,29710,14896,0.44670325268386474,172,83,25416,23785,8956,4257,15123,21715,48126,35477,0,0,8093,5215,18785,1458,4059,321,87,0,0,362,53994,1274,6208,0,0,0,0,0
667,4466,668.2530890345693,99856,222,125,109,31,29752,14922,0.4473842332959462,192,78,25471,23861,8949,4268,15055,21635,48131,35485,0,0,8077,5208,18777,1462,4071,322,92,0,0,407,53960,1274,6206,0,0,0,0,0
668,4466,669.1200921143229,99856,220,127,109,31,29786,14941,0.447914997596539,211,79,25479,23924,8959,4268,15020,21569,48136,35493,0,0,8058,5205,18774,1464,4080,324,100,0,0,436,53942,1272,6201,0,0,0,0,0
669,4466,670.2746809651462,99856,243,134,109,31,29847,14972,0.4488363243070021,233,85,25527,24007,8939,4273,14947,21468,48141,35501,0,0,8047,5188,18776,1472,4092,325,108,0,0,468,53913,1271,6196,0,0,0,0,0
670,4466,671.1389202536742,99856,259,133,109,31,29895,14992,0.4495173049190835,238,96,25565,24057,8931,4280,14896,21401,48146,35508,0,0,8036,5181,18770,1474,4109,325,112,0,0,494,53893,1268,6194,0,0,0,0,0
671,4466,672.0015892954997,99856,273,133,109,31,29940,15011,0.4501582278481013,260,95,25584,24109,8925,4280,14847,21350,48151,35515,0,0,8020,5175,18765,1475,4123,326,120,0,0,516,53878,1267,6191,0,0,0,0,0
672,4466,673.1500329885064,99856,305,128,109,31,30024,15032,0.45120974202852104,261,120,25638,24189,8921,4284,14764,21246,48156,35522,0,0,8002,5165,18756,1481,4146,326,133,0,0,551,53848,1263,6185,0,0,0,0,0
673,4466,674.0094624096854,99856,330,138,109,31,30092,15052,0.45209101105592053,264,132,25665,24231,8932,4285,14698,21181,48161,35529,0,0,7982,5156,18748,1489,4156,327,144,0,0,572,53836,1260,6186,0,0,0,0,0
674,4466,675.1532409564979,99856,358,154,109,31,30176,15087,0.45328272712706297,279,138,25692,24305,8943,4288,14617,21082,48166,35536,0,0,7967,5151,18736,1494,4175,330,151,0,0,605,53809,1254,6184,0,0,0,0,0
675,4466,676.0098819979838,99855,380,169,110,31,30244,15122,0.4543187622051975,277,135,25705,24359,8956,4296,14570,21008,48171,35543,0,0,7957,5142,18725,1498,4192,332,157,0,0,640,53777,1252,6183,0,0,0,0,0
676,4466,677.1508755736648,99855,412,189,110,31,30342,15162,0.45570076611086074,293,145,25741,24429,8963,4301,14479,20903,48176,35550,0,0,7940,5136,18712,1503,4207,337,165,0,0,686,53740,1248,6181,0,0,0,0,0
677,4466,678.0051001830961,99855,411,196,110,31,30401,15196,0.4566321165690251,306,138,25759,24496,8987,4305,14425,20832,48181,35557,0,0,7927,5126,18699,1506,4233,339,171,0,0,730,53702,1247,6175,0,0,0,0,0
678,4466,679.142848234813,99855,446,201,110,31,30503,15228,0.4579740623904662,326,163,25762,24578,9003,4307,14351,20718,48185,35564,0,0,7907,5113,18686,1516,4252,340,184,0,0,779,53660,1245,6173,0,0,0,0,0
679,4466,680.2794354598808,99855,472,215,110,31,30602,15277,0.4594562115066847,357,177,25777,24632,9024,4321,14258,20622,48189,35570,0,0,7893,5095,18676,1524,4274,344,195,0,0,833,53609,1243,6169,0,0,0,0,0
680,4466,681.1307101543362,99855,488,227,110,31,30666,15319,0.46051775073857093,384,165,25782,24680,9033,4336,14201,20559,48193,35576,0,0,7883,5088,18665,1526,4292,348,199,0,0,876,53572,1242,6164,0,0,0,0,0
681,4466,682.2647803849729,99855,512,242,110,31,30774,15376,0.4621701467127335,400,161,25802,24737,9063,4364,14111,20463,48197,35582,0,0,7867,5076,18644,1533,4324,352,211,0,0,942,53510,1241,6155,0,0,0,0,0
682,4466,683.1143066534629,99854,533,250,111,31,30857,15418,0.46342660284014664,408,168,25824,24785,9079,4387,14043,20377,48201,35588,0,0,7847,5069,18632,1536,4343,354,226,0,0,995,53461,1239,6152,0,0,0,0,0
683,4466,684.2456816100253,99854,560,264,111,31,30970,15475,0.465129088469165,453,163,25812,24842,9115,4411,13947,20287,48205,35594,0,0,7828,5055,18614,1542,4376,359,244,0,0,1054,53403,1235,6144,0,0,0,0,0
684,4466,685.0937149046422,99854,558,269,111,31,31046,15513,0.466270755302742,515,189,25799,24879,9140,4425,13875,20205,48209,35600,0,0,7814,5045,18593,1547,4410,361,255,0,0,1109,53351,1231,6138,0,0,0,0,0
685,4466,686.2237773603433,99854,641,268,111,31,31209,15554,0.46831373805756404,508,227,25785,24933,9153,4446,13800,20093,48213,35606,0,0,7793,5030,18574,1560,4436,364,269,0,0,1171,53296,1230,6131,0,0,0,0,0
686,4466,687.0709291832889,99854,669,277,111,31,31309,15603,0.4698059166382919,524,228,25799,24967,9171,4469,13724,20026,48217,35612,0,0,7777,5015,18560,1572,4459,369,278,0,0,1227,53247,1228,6122,0,0,0,0,0
687,4466,688.1995125216675,99854,713,304,111,31,31460,15665,0.47193903098523843,544,251,25799,25012,9204,4484,13627,19916,48221,35618,0,0,7755,5003,18540,1581,4490,372,294,0,0,1302,53178,1222,6117,0,0,0,0,0
688,4466,689.0450738592367,99853,750,300,112,31,31578,15711,0.4735861716723584,576,270,25788,25034,9230,4520,13542,19843,48225,35624,0,0,7733,4992,18523,1591,4515,375,311,0,0,1374,53111,1218,6110,0,0,0,0,0
689,4466,690.1717601102328,99853,780,332,112,31,31743,15790,0.4760297637527165,577,291,25754,25055,9316,4542,13459,19747,48229,35630,0,0,7710,4970,18494,1610,4560,380,327,0,0,1460,53029,1215,6098,0,0,0,0,0
690,4466,691.017103781598,99851,823,361,114,31,31879,15857,0.4780723277683749,596,300,25732,25088,9348,4556,13385,19662,48233,35635,0,0,7692,4956,18478,1623,4585,382,339,0,0,1532,52960,1209,6095,0,0,0,0,0
691,4466,692.1443410640962,99850,819,398,115,31,32036,15953,0.4806109163745618,661,303,25689,25126,9447,4582,13267,19558,48237,35640,0,0,7665,4942,18449,1634,4628,390,362,0,0,1651,52843,1201,6085,0,0,0,0,0
692,4466,693.2719112274434,99850,863,420,115,31,32222,16038,0.4833249874812218,679,337,25657,25153,9521,4624,13163,19433,48241,35645,0,0,7634,4924,18414,1658,4677,396,389,0,0,1743,52752,1192,6071,0,0,0,0,0
693,4466,694.1179162198547,99850,931,447,115,31,32382,16122,0.4857686529794692,682,329,25618,25176,9574,4657,13078,19358,48245,35650,0,0,7610,4912,18396,1668,4703,400,408,0,0,1825,52673,1188,6067,0,0,0,0,0
694,4466,695.2467224546479,99848,967,472,117,31,32575,16218,0.488672782629597,736,348,25565,25193,9648,4706,12965,19248,48249,35655,0,0,7573,4887,18364,1688,4746,405,438,0,0,1943,52559,1186,6059,0,0,0,0,0
695,4466,696.0937436289697,99847,1001,491,117,32,32738,16293,0.4910613238254529,767,398,25511,25181,9717,4741,12885,19155,48252,35660,0,0,7541,4877,18341,1696,4780,410,464,0,0,2043,52460,1185,6050,0,0,0,0,0
696,4466,697.2243701629259,99845,1064,524,118,33,32951,16403,0.4943061745705844,828,422,25434,25180,9786,4792,12768,19047,48255,35665,0,0,7525,4863,18306,1708,4831,416,476,0,0,2176,52328,1180,6036,0,0,0,0,0
697,4466,698.0731140902635,99844,1096,578,119,33,33110,16512,0.49699531268779296,879,427,25366,25173,9856,4823,12682,18964,48258,35670,0,0,7497,4845,18277,1723,4870,422,495,0,0,2263,52246,1179,6027,0,0,0,0,0
698,4466,699.20635222435,99843,1167,621,120,33,33356,16657,0.50091643880893,914,435,25277,25181,9945,4889,12575,18839,48261,35675,0,0,7457,4832,18228,1735,4931,433,526,0,0,2405,52109,1176,6011,0,0,0,0,0
699,4466,700.0577239009838,99842,1211,632,121,33,33546,16747,0.503725886901304,950,466,25220,25182,10000,4947,12496,18738,48264,35680,0,0,7425,4809,18191,1761,4985,439,552,0,0,2504,52010,1169,5997,0,0,0,0,0
700,4466,701.1944907561384,99841,1286,671,122,33,33822,16880,0.5078274456385653,993,495,25112,25197,10108,5016,12377,18586,48267,35685,0,0,7391,4779,18145,1792,5048,446,581,0,0,2656,51860,1162,5981,0,0,0,0,0
701,4466,702.0489422353562,99840,1351,690,123,33,34053,16990,0.5112479967948718,1034,507,24997,25171,10205,5086,12288,18511,48270,35690,0,0,7358,4759,18109,1810,5106,452,608,0,0,2783,51731,1155,5969,0,0,0,0,0
702,4466,703.1920167514616,99839,1420,717,124,33,34350,17129,0.5156201484389867,1097,541,24864,25138,10324,5184,12169,18385,48273,35695,0,0,7328,4726,18053,1842,5197,459,633,0,0,2946,51567,1145,5943,0,0,0,0,0
703,4466,704.0517716839565,99839,1499,754,124,33,34585,17244,0.5191257925259668,1153,575,24757,25111,10393,5235,12072,18290,48276,35700,0,0,7296,4701,18012,1863,5262,464,661,0,0,3051,51463,1143,5923,0,0,0,0,0
704,4466,705.2010043079955,99839,1573,798,124,33,34917,17412,0.5241338555073669,1171,614,24653,25087,10540,5316,11937,18150,48279,35705,0,0,7245,4674,17944,1892,5344,481,704,0,0,3236,51282,1136,5901,0,0,0,0,0
705,4466,706.0650442519825,99838,1622,822,125,33,35178,17536,0.527995352471003,1195,652,24564,25063,10667,5393,11825,18035,48282,35709,0,0,7211,4645,17890,1915,5422,489,731,0,0,3385,51130,1133,5887,0,0,0,0,0
706,4466,707.2203896763831,99837,1695,882,125,34,35526,17734,0.5334695553752616,1257,685,24411,25031,10825,5500,11685,17866,48285,35713,0,0,7167,4614,17816,1944,5527,502,769,0,0,3574,50935,1122,5867,0,0,0,0,0
707,4466,708.0897485129731,99837,1777,914,125,34,35809,17862,0.5375862656129491,1311,716,24283,25018,10950,5579,11552,17737,48288,35717,0,0,7127,4586,17774,1969,5596,511,804,0,0,3709,50797,1116,5848,0,0,0,0,0
708,4466,709.2534541747841,99837,1851,962,125,34,36198,18066,0.5435259472940893,1405,738,24102,24978,11120,5695,11395,17591,48291,35721,0,0,7072,4555,17706,2004,5678,533,854,0,0,3953,50548,1104,5830,0,0,0,0,0
709,4466,710.129930427718,99837,1920,1005,125,34,36510,18231,0.5483037350881937,1474,784,23961,24934,11265,5774,11253,17467,48294,35725,0,0,7026,4527,17658,2035,5748,546,895,0,0,4139,50360,1096,5807,0,0,0,0,0
710,4466,711.0095494115793,99836,1987,1052,126,34,36843,18403,0.5533675227372892,1534,814,23783,24886,11433,5877,11135,17335,48297,35729,0,0,6983,4496,17597,2066,5829,567,931,0,0,4316,50179,1086,5786,0,0,0,0,0
711,4466,712.189309972389,99834,2119,1099,126,36,37270,18665,0.5602800649077468,1575,821,23596,24812,11599,6048,10983,17182,48300,35733,0,0,6937,4458,17527,2100,5928,586,972,0,0,4596,49894,1081,5755,0,0,0,0,0
712,4466,713.0783814275783,99834,2233,1166,126,36,37652,18860,0.5660596590339965,1584,820,23469,24782,11739,6142,10847,17052,48303,35737,0,0,6884,4430,17461,2133,6016,602,1018,0,0,4771,49711,1071,5737,0,0,0,0,0
713,4466,714.2690180406521,99833,2312,1232,127,36,38110,19129,0.5733474903088157,1696,856,23240,24695,11950,6289,10673,16890,48306,35741,0,0,6814,4399,17362,2170,6159,620,1079,0,0,5051,49424,1058,5697,0,0,0,0,0
714,4466,715.167111898226,99833,2418,1232,127,36,38484,19307,0.5788767241292959,1741,898,23078,24629,12085,6431,10549,16772,48309,35745,0,0,6765,4367,17294,2204,6256,638,1119,0,0,5267,49198,1055,5670,0,0,0,0,0
715,4466,716.0696239980612,99833,2512,1281,127,36,38904,19519,0.5852072961846283,1747,952,22894,24565,12284,6549,10434,16615,48312,35749,0,0,6714,4346,17200,2220,6391,659,1164,0,0,5489,48967,1047,5636,0,0,0,0,0
716,4466,717.2814569538258,99831,2671,1392,128,37,39469,19851,0.5942042051066302,1788,961,22624,24463,12529,6712,10258,16433,48315,35753,0,0,6646,4299,17104,2264,6532,688,1224,0,0,5781,48665,1037,5591,0,0,0,0,0
717,4466,718.1973111409897,99828,2689,1435,131,37,39870,20073,0.6004627960091358,1924,995,22386,24372,12761,6847,10107,16312,48318,35757,0,0,6583,4265,17010,2293,6684,703,1278,0,0,6029,48397,1028,5558,0,0,0,0,0
718,4466,719.1204934467481,99825,2838,1499,134,37,40365,20309,0.6078036563986977,1956,1021,22154,24313,12950,6955,9966,16173,48321,35761,0,0,6532,4231,16925,2337,6803,723,1316,0,0,6271,48147,1010,5530,0,0,0,0,0
719,4466,720.0503883219061,99820,2922,1565,137,39,40821,20562,0.6149368863955119,2050,1052,21939,24219,13148,7090,9802,16033,48323,35765,0,0,6471,4181,16841,2381,6930,748,1366,0,0,6512,47894,1000,5496,0,0,0,0,0
720,4466,721.3013383559594,99817,3026,1612,139,40,41473,20907,0.624943646873779,2126,1104,21591,24100,13509,7303,9607,15839,48325,35769,0,0,6399,4117,16697,2440,7129,783,1429,0,0,6912,47472,986,5453,0,0,0,0,0
721,4466,722.2498141431449,99815,3117,1643,140,41,41960,21171,0.6324800881631018,2215,1152,21354,23979,13726,7481,9446,15702,48327,35773,0,0,6348,4078,16598,2477,7269,818,1471,0,0,7206,47159,973,5418,0,0,0,0,0
722,4466,723.2063394556029,99814,3215,1679,141,41,42484,21439,0.6404211834011261,2250,1208,21126,23878,13953,7653,9313,15539,48329,35777,0,0,6282,4040,16488,2517,7425,853,1527,0,0,7497,46853,960,5372,0,0,0,0,0
723,4466,724.1710308373575,99810,3283,1724,144,42,43034,21725,0.6488227632501753,2303,1245,20865,23765,14246,7847,9157,15375,48331,35781,0,0,6213,3990,16362,2560,7608,886,1586,0,0,7813,46512,952,5328,0,0,0,0,0
724,4466,725.1454502624148,99808,3359,1784,145,43,43600,22025,0.6575124238537993,2375,1307,20593,23632,14518,8017,9008,15215,48333,35784,0,0,6134,3945,16244,2591,7788,920,1662,0,0,8129,46166,939,5290,0,0,0,0,0
725,4466,726.1304053279098,99804,3460,1875,147,45,44217,22343,0.6669071379904613,2423,1323,20312,23520,14823,8160,8833,15075,48335,35787,0,0,6068,3903,16117,2626,7978,960,1715,0,0,8436,45830,925,5246,0,0,0,0,0
726,4466,727.1259800604116,99803,3608,1949,148,45,44855,22680,0.6766830656393095,2428,1344,20041,23394,15103,8349,8670,14917,48337,35790,0,0,5987,3860,15997,2670,8164,989,1786,0,0,8771,45465,910,5204,0,0,0,0,0
727,4466,728.1321811202337,99802,3718,1998,149,45,45479,23032,0.6864692090338871,2489,1393,19754,23240,15379,8577,8509,14745,48339,35793,0,0,5907,3816,15859,2701,8386,1026,1854,0,0,9113,45088,899,5153,0,0,0,0,0
728,4466,729.1505417757771,99800,3803,2054,151,45,46102,23391,0.6963226452905812,2605,1477,19433,23047,15668,8792,8338,14583,48341,35796,0,0,5826,3773,15721,2750,8596,1056,1921,0,0,9497,44667,886,5107,0,0,0,0,0
729,4466,730.1820880031017,99796,3950,2129,155,45,46808,23772,0.7072427752615336,2654,1508,19116,22902,15954,9022,8169,14392,48343,35799,0,0,5745,3722,15571,2791,8805,1101,1994,0,0,9865,44255,877,5070,0,0,0,0,0
730,4466,731.2275430307175,99793,4051,2172,157,46,47495,24167,0.7181064804144579,2756,1557,18785,22722,16256,9291,7993,14210,48345,35802,0,0,5659,3666,15429,2860,9024,1150,2060,0,0,10262,43809,862,5012,0,0,0,0,0
731,4466,732.2871480798921,99789,4219,2237,161,46,48249,24562,0.7296495605728086,2810,1621,18478,22555,16515,9508,7815,14031,48347,35805,0,0,5576,3614,15277,2914,9260,1191,2129,0,0,10641,43375,846,4966,0,0,0,0,0
732,4466,733.000943137021,99787,4307,2280,163,46,48755,24840,0.73752091955866,2820,1642,18249,22449,16755,9683,7704,13898,48349,35808,0,0,5526,3577,15164,2937,9442,1225,2168,0,0,10914,43074,840,4920,0,0,0,0,0
733,4466,734.0850905479516,99786,4452,2357,164,46,49527,25298,0.7498546890345339,2929,1693,17919,22242,17040,9949,7494,13711,48351,35811,0,0,5423,3501,15021,3014,9672,1283,2250,0,0,11297,42624,830,4871,0,0,0,0,0
734,4466,735.1853136381528,99785,4569,2460,165,46,50366,25798,0.7632810542666734,2985,1685,17559,22075,17437,10230,7283,13502,48353,35814,0,0,5321,3440,14834,3066,9948,1352,2329,0,0,11727,42117,819,4832,0,0,0,0,0
735,4466,736.3023241782405,99783,4745,2528,167,46,51234,26256,0.7765851898620005,3043,1755,17190,21899,17769,10494,7084,13276,48355,35817,0,0,5229,3380,14656,3118,10222,1422,2405,0,0,12136,41633,801,4781,0,0,0,0,0
736,4466,737.039317837688,99782,4880,2622,168,46,51819,26593,0.7858331161933014,3057,1767,16930,21764,18006,10657,6957,13142,48357,35820,0,0,5156,3337,14555,3162,10383,1465,2467,0,0,12407,41320,791,4739,0,0,0,0,0
737,4466,738.1225528113208,99778,4946,2710,172,46,52693,27090,0.79960512337389,3077,1791,16584,21589,18458,10939,6761,12923,48359,35823,0,0,5043,3273,14366,3231,10642,1555,2561,0,0,12903,40757,772,4675,0,0,0,0,0
738,4466,739.1779745713684,99774,5050,2759,174,48,53510,27557,0.8125062641569948,3160,1857,16245,21373,18774,11241,6595,12720,48361,35826,0,0,4949,3218,14198,3290,10899,1634,2629,0,0,13347,40234,755,4621,0,0,0,0,0
739,4466,740.2119497029843,99770,5147,2823,178,48,54332,28031,0.8255287160469079,3204,1906,15916,21161,19122,11520,6431,12540,48363,35829,0,0,4845,3153,14046,3347,11138,1715,2714,0,0,13811,39706,741,4554,0,0,0,0,0
740,4466,741.2239120699985,99766,5204,2889,179,51,55134,28498,0.8382815788946134,3205,1969,15630,20950,19534,11779,6246,12360,48365,35832,0,0,4738,3096,13880,3401,11429,1796,2787,0,0,14199,39224,730,4486,0,0,0,0,0
741,4466,742.213537436043,99765,5242,3014,179,52,55895,29010,0.8510499674234451,3279,1947,15344,20771,19879,12023,6075,12191,48367,35835,0,0,4645,3036,13729,3478,11655,1886,2851,0,0,14611,38732,706,4436,0,0,0,0,0
742,4466,743.1833169726858,99762,5354,3092,182,52,56687,29487,0.8637958340851226,3325,1933,15039,20600,20188,12305,5910,12016,48369,35838,0,0,4542,2985,13560,3533,11919,1957,2930,0,0,15004,38253,692,4387,0,0,0,0,0
743,4466,744.1357572748983,99756,5379,3142,188,52,57458,29963,0.8763482898271783,3386,1970,14728,20391,20564,12592,5753,11851,48371,35841,0,0,4461,2923,13401,3589,12199,2049,2977,0,0,15422,37738,673,4324,0,0,0,0,0
744,4466,745.0692363150938,99752,5495,3222,192,52,58263,30445,0.8892854278610955,3372,1968,14442,20214,20894,12858,5603,11684,48373,35844,0,0,4380,2871,13216,3634,12517,2124,3033,0,0,15757,37286,660,4274,0,0,0,0,0
745,4466,746.2889681245753,99750,5583,3270,193,53,59261,31054,0.9054135338345864,3427,1999,14093,19980,21267,13224,5435,11472,48375,35847,0,0,4279,2812,13008,3689,12895,2241,3099,0,0,16234,36650,639,4204,0,0,0,0,0
746,4466,747.1876140551146,99745,5678,3338,197,54,60036,31535,0.9180510301268234,3448,2009,13836,19795,21531,13490,5308,11312,48377,35850,0,0,4192,2753,12865,3740,13134,2331,3164,0,0,16619,36162,623,4162,0,0,0,0,0
747,4466,748.0727788288883,99740,5670,3377,199,57,60801,31989,0.9303188289552837,3417,2024,13616,19629,21920,13769,5176,11142,48379,35853,0,0,4094,2698,12710,3776,13458,2422,3229,0,0,16960,35692,612,4089,0,0,0,0,0
748,4466,749.2295387689089,99739,5735,3412,200,57,61770,32588,0.9460491883816762,3412,2057,13298,19401,22329,14132,5024,10939,48381,35856,0,0,3980,2627,12532,3854,13772,2562,3293,0,0,17442,35070,601,4006,0,0,0,0,0
749,4466,750.081918310266,99738,5777,3390,201,57,62521,33003,0.9577493031743167,3428,2094,13048,19242,22653,14423,4891,10792,48383,35859,0,0,3892,2576,12372,3898,14060,2662,3346,0,0,17795,34597,592,3948,0,0,0,0,0
750,4466,751.1982677027016,99734,5800,3379,203,59,63463,33561,0.9728277217398279,3432,2158,12756,19029,23057,14792,4750,10581,48385,35862,0,0,3798,2513,12166,3952,14422,2804,3406,0,0,18260,33964,581,3868,0,0,0,0,0
751,4466,752.0225063884324,99731,5776,3415,206,59,64134,34002,0.9840069787728991,3446,2143,12565,18868,23363,15060,4642,10453,48387,35865,0,0,3712,2466,12041,4022,14687,2886,3452,0,0,18592,33501,555,3817,0,0,0,0,0
752,4466,753.1044190563839,99729,5747,3416,207,60,65018,34539,0.9982753261338226,3499,2188,12284,18660,23760,15394,4501,10280,48389,35868,0,0,3634,2397,11841,4073,15082,3020,3491,0,0,18971,32928,538,3754,0,0,0,0,0
753,4466,754.1684025500487,99727,5767,3445,208,61,65936,35104,1.0131659430244568,3477,2209,12058,18445,24124,15718,4364,10120,48391,35870,0,0,3539,2325,11638,4138,15420,3172,3549,0,0,19358,32366,522,3700,0,0,0,0,0
754,4466,755.215012309671,99724,5763,3495,210,62,66790,35666,1.0273956118888132,3414,2236,11825,18257,24543,16003,4243,9945,48393,35872,0,0,3429,2260,11482,4193,15748,3311,3611,0,0,19687,31850,505,3648,0,0,0,0,0
755,4466,756.2450435669523,99721,5832,3552,213,62,67693,36204,1.041876836373482,3348,2229,11605,18119,24879,16276,4121,9760,48395,35874,0,0,3345,2208,11298,4233,16093,3439,3652,0,0,20018,31340,495,3600,0,0,0,0,0
756,4466,757.0078898333326,99721,5824,3582,213,62,68320,36614,1.052275849620441,3332,2223,11458,17991,25137,16492,4034,9648,48397,35876,0,0,3264,2167,11187,4256,16334,3535,3705,0,0,20311,30926,482,3554,0,0,0,0,0
757,4466,758.0130539738086,99719,5826,3631,214,63,69171,37146,1.0661659262527703,3289,2208,11249,17834,25479,16772,3941,9490,48399,35878,0,0,3179,2114,10997,4304,16684,3677,3742,0,0,20617,30443,468,3494,0,0,0,0,0
758,4466,759.0056244087716,99717,5776,3640,216,63,69989,37676,1.0797055667539135,3313,2216,11056,17679,25808,17080,3829,9320,48401,35880,0,0,3086,2050,10837,4369,17015,3833,3788,0,0,20920,29933,450,3436,0,0,0,0,0
759,4466,760.2282444404062,99712,5687,3690,220,64,70946,38340,1.0960165275994864,3242,2181,10851,17480,26290,17444,3708,9139,48403,35882,0,0,2985,1995,10616,4416,17437,4027,3820,0,0,21272,29333,443,3368,0,0,0,0,0
760,4466,761.1918895717956,99704,5670,3693,225,67,71718,38839,1.1088522025194576,3192,2266,10696,17260,26602,17729,3613,8983,48405,35884,0,0,2905,1942,10467,4459,17732,4183,3859,0,0,21558,28857,430,3312,0,0,0,0,0
761,4466,762.1447349666648,99700,5662,3767,229,67,72524,39399,1.1225977933801403,3105,2201,10541,17107,26930,18005,3531,8851,48407,35886,0,0,2828,1878,10286,4492,18113,4312,3891,0,0,21813,28400,417,3270,0,0,0,0,0
762,4466,763.0874411295238,99695,5680,3774,233,68,73258,39932,1.1353628567129745,3086,2149,10388,16971,27167,18320,3444,8716,48409,35888,0,0,2772,1826,10124,4524,18443,4453,3906,0,0,22100,27940,407,3200,0,0,0,0,0
763,4466,764.0217854154957,99692,5609,3762,235,69,73940,40430,1.1472334791156762,3196,2172,10226,16818,27403,18604,3329,8573,48411,35890,0,0,2700,1782,9972,4573,18731,4607,3929,0,0,22399,27459,399,3141,0,0,0,0,0
764,4466,765.1773076086303,99687,5590,3789,236,73,74887,41069,1.1632008185620994,3115,2135,10042,16625,27793,18969,3222,8407,48412,35892,0,0,2619,1728,9785,4615,19164,4780,3955,0,0,22702,26888,386,3065,0,0,0,0,0
765,4466,766.0916375359691,99682,5546,3778,240,74,75589,41566,1.175287413976445,3094,2084,9913,16509,28068,19261,3137,8292,48413,35894,0,0,2540,1681,9642,4646,19460,4959,3985,0,0,22900,26488,377,3004,0,0,0,0,0
766,4466,767.2237637185679,99679,5573,3751,241,76,76489,42104,1.1897490945936455,3021,2120,9783,16383,28336,19539,3044,8129,48414,35896,0,0,2471,1630,9465,4671,19803,5152,4001,0,0,23176,26001,362,2947,0,0,0,0,0
767,4466,768.1224674324369,99675,5534,3709,242,79,77154,42569,1.2011336844745422,3036,2083,9672,16260,28541,19854,2973,8013,48415,35898,0,0,2413,1593,9326,4693,20100,5316,4021,0,0,23381,25580,353,2899,0,0,0,0,0
768,4466,769.0148457997691,99672,5455,3687,244,80,77804,43022,1.2122361345212296,3037,2035,9544,16166,28807,20116,2911,7914,48416,35900,0,0,2355,1547,9206,4718,20377,5477,4031,0,0,23615,25153,344,2849,0,0,0,0,0
769,4466,770.1208682907117,99667,5398,3677,247,82,78655,43591,1.2265443928281177,2930,2003,9426,16033,29167,20419,2830,7784,48417,35902,0,0,2290,1498,9061,4753,20735,5686,4029,0,0,23834,24658,335,2788,0,0,0,0,0
770,4466,771.2166624319402,99660,5309,3662,251,85,79406,44150,1.2397752358017258,2968,1962,9294,15876,29423,20739,2753,7674,48418,35904,0,0,2227,1462,8909,4780,21104,5886,4028,0,0,23995,24211,327,2731,0,0,0,0,0
771,4466,772.0867018126917,99659,5274,3681,251,86,80041,44569,1.2503637403546093,2949,1974,9185,15761,29648,20924,2691,7572,48419,35906,0,0,2175,1428,8793,4794,21378,6053,4038,0,0,24087,23907,314,2692,0,0,0,0,0
772,4466,773.1666539465313,99656,5260,3689,252,88,80803,45128,1.2636569800112387,2918,1884,9083,15631,29869,21250,2616,7456,48420,35908,0,0,2116,1391,8638,4833,21728,6238,4027,0,0,24253,23500,304,2628,0,0,0,0,0
773,4466,774.025942900558,99653,5300,3619,254,89,81463,45525,1.2743018273408728,2861,1924,8988,15518,30042,21499,2553,7349,48421,35910,0,0,2078,1355,8517,4864,21962,6404,4010,0,0,24438,23140,297,2588,0,0,0,0,0
774,4466,775.093068020822,99646,5307,3522,259,91,82273,46030,1.2875880617385544,2762,1865,8888,15437,30284,21848,2498,7235,48422,35912,0,0,2019,1322,8369,4874,22318,6618,4016,0,0,24570,22713,288,2539,0,0,0,0,0
775,4466,776.1542438697563,99643,5193,3459,260,93,82966,46505,1.2993486747689251,2821,1853,8807,15347,30492,22137,2425,7109,48423,35914,0,0,1964,1287,8214,4903,22648,6827,4018,0,0,24709,22297,282,2494,0,0,0,0,0
776,4466,777.209600004494,99639,5178,3457,263,94,83710,47002,1.3118557994359639,2768,1834,8735,15277,30682,22333,2372,7003,48424,35916,0,0,1912,1248,8077,4928,22934,7040,4019,0,0,24825,21938,268,2450,0,0,0,0,0
777,4466,778.0497828893565,99638,5092,3393,264,94,84276,47388,1.3214235532628114,2725,1802,8664,15226,30929,22572,2324,6911,48425,35918,0,0,1875,1221,7947,4924,23214,7229,4013,0,0,24909,21628,264,2414,0,0,0,0,0
778,4466,779.0940069562473,99633,5080,3354,269,94,85019,47870,1.3337849909166641,2651,1784,8599,15149,31133,22817,2266,6800,48426,35920,0,0,1820,1191,7826,4931,23553,7419,4008,0,0,25013,21249,258,2365,0,0,0,0,0
779,4466,780.1326986056783,99628,5072,3327,274,94,85742,48353,1.3459569598907937,2602,1732,8515,15066,31313,23077,2222,6702,48427,35922,0,0,1773,1151,7693,4933,23847,7621,4015,0,0,25130,20883,249,2333,0,0,0,0,0
780,4466,781.1666179663596,99626,5001,3283,275,95,86449,48765,1.3572159877943508,2546,1769,8443,14982,31567,23257,2166,6612,48428,35924,0,0,1724,1119,7581,4952,24106,7849,4004,0,0,25205,20552,241,2293,0,0,0,0,0
781,4466,782.1945999353777,99623,4926,3257,276,97,87081,49221,1.3681780311775393,2545,1723,8394,14936,31743,23471,2114,6514,48429,35926,0,0,1670,1087,7465,4964,24383,8053,4007,0,0,25278,20228,233,2255,0,0,0,0,0
782,4466,783.0136875610963,99619,4851,3214,280,97,87598,49570,1.3769260883967918,2490,1690,8354,14899,31936,23665,2087,6433,48430,35928,0,0,1635,1063,7379,4957,24591,8231,3998,0,0,25369,19955,225,2216,0,0,0,0,0
783,4466,784.0331577983478,99618,4750,3125,281,97,88245,49980,1.3875504426910799,2442,1714,8298,14834,32186,23900,2041,6328,48431,35930,0,0,1593,1037,7273,4962,24827,8485,3990,0,0,25434,19613,222,2182,0,0,0,0,0
784,4466,785.0475233345269,99616,4651,3093,283,97,88822,50414,1.3977272727272727,2453,1665,8269,14787,32348,24115,1994,6241,48432,35932,0,0,1547,1015,7162,4962,25076,8710,3991,0,0,25479,19313,215,2146,0,0,0,0,0
785,4466,786.0585074695441,99616,4634,3059,283,97,89445,50830,1.4081573241246386,2417,1611,8224,14725,32500,24322,1940,6184,48433,35934,0,0,1517,996,7061,4972,25333,8905,3968,0,0,25552,19006,208,2098,0,0,0,0,0
786,4466,787.0659706447883,99611,4504,3060,285,100,90005,51246,1.418026121613075,2422,1595,8191,14649,32697,24491,1899,6103,48434,35936,0,0,1479,979,6941,4946,25597,9113,3967,0,0,25606,18714,205,2064,0,0,0,0,0
787,4466,788.0694390283546,99610,4454,3031,286,100,90575,51622,1.4275373958437907,2366,1548,8167,14609,32860,24679,1865,6031,48435,35938,0,0,1431,963,6843,4934,25840,9303,3979,0,0,25635,18453,201,2028,0,0,0,0,0
788,4466,789.0698029484199,99606,4404,3011,287,103,91182,52029,1.437774832841395,2277,1524,8157,14570,33046,24866,1827,5924,48436,35940,0,0,1400,943,6763,4919,26058,9535,3970,0,0,25655,18180,198,1985,0,0,0,0,0
789,4466,790.0672515065581,99604,4350,2946,289,103,91745,52389,1.4470703987791655,2250,1548,8147,14527,33168,25029,1794,5845,48437,35942,0,0,1366,918,6656,4912,26281,9744,3968,0,0,25692,17919,193,1955,0,0,0,0,0
790,4466,791.061723923203,99602,4303,2892,290,104,92293,52764,1.4563663380253409,2145,1521,8127,14455,33368,25250,1765,5776,48438,35944,0,0,1335,900,6568,4906,26486,9958,3951,0,0,25711,17665,190,1932,0,0,0,0,0
791,4466,792.0527506126265,99599,4243,2869,293,104,92853,53151,1.4659183325133787,2098,1470,8122,14443,33519,25413,1723,5699,48439,35946,0,0,1307,881,6482,4931,26665,10194,3914,0,0,25704,17444,184,1893,0,0,0,0,0
792,4466,793.0410849056457,99598,4151,2841,293,105,93353,53494,1.474397076246511,2086,1461,8142,14440,33637,25527,1689,5624,48440,35948,0,0,1281,863,6397,4922,26889,10381,3898,0,0,25691,17218,180,1878,0,0,0,0,0
793,4466,794.0277032174425,99597,4096,2835,294,105,93883,53874,1.4835487012661024,2007,1425,8123,14404,33808,25689,1670,5540,48441,35950,0,0,1262,848,6308,4910,27071,10591,3877,0,0,25730,16966,177,1857,0,0,0,0,0
794,4466,795.011278235408,99592,4011,2814,298,106,94378,54226,1.492127881757571,1976,1402,8090,14381,33975,25830,1648,5465,48442,35952,0,0,1241,832,6232,4889,27239,10812,3858,0,0,25746,16737,173,1833,0,0,0,0,0
795,4466,796.1877193729127,99592,3945,2786,298,106,94972,54643,1.502279299542132,1911,1392,8086,14337,34130,25985,1628,5392,48443,35954,0,0,1217,821,6141,4884,27461,11043,3821,0,0,25763,16462,171,1808,0,0,0,0,0
796,4466,797.166112849535,99590,3858,2745,300,106,95436,54970,1.5102520333366805,1888,1396,8115,14319,34233,26096,1604,5336,48444,35956,0,0,1197,804,6060,4880,27599,11267,3800,0,0,25778,16252,171,1782,0,0,0,0,0
797,4466,798.1430356930003,99589,3808,2694,300,107,95933,55302,1.5185914106979685,1845,1372,8111,14288,34358,26258,1576,5279,48445,35958,0,0,1167,795,5980,4876,27743,11480,3782,0,0,25793,16035,166,1772,0,0,0,0,0
798,4466,799.1182700271406,99588,3778,2661,301,107,96382,55633,1.526438928384946,1870,1340,8100,14264,34404,26404,1545,5222,48446,35960,0,0,1149,780,5902,4879,27937,11656,3761,0,0,25752,15852,164,1756,0,0,0,0,0
799,4466,800.0925343914638,99586,3666,2591,302,108,96817,55944,1.5339605968710461,1839,1296,8115,14253,34553,26584,1523,5166,48447,35962,0,0,1135,760,5833,4869,28128,11859,3739,0,0,25731,15641,164,1727,0,0,0,0,0
800,4466,801.065547141261,99584,3563,2551,303,109,97252,56261,1.5415428181233932,1834,1264,8140,14256,34656,26707,1502,5111,48448,35964,0,0,1107,743,5771,4875,28271,12072,3717,0,0,25711,15456,160,1701,0,0,0,0,0
801,4466,802.037297135265,99583,3525,2520,303,110,97685,56585,1.549159997188275,1829,1210,8147,14239,34716,26859,1478,5060,48449,35966,0,0,1090,726,5692,4867,28455,12236,3695,0,0,25715,15261,159,1687,0,0,0,0,0
802,4466,803.0081949834185,99583,3462,2471,303,110,98108,56880,1.5563700631633914,1819,1200,8154,14229,34808,26990,1452,4998,48450,35968,0,0,1075,717,5632,4859,28607,12428,3668,0,0,25690,15080,156,1671,0,0,0,0,0
803,4466,804.172197851328,99581,3420,2377,304,111,98635,57201,1.564917002239383,1823,1167,8146,14239,34880,27150,1425,4954,48451,35970,0,0,1054,703,5562,4855,28768,12662,3650,0,0,25658,14876,149,1644,0,0,0,0,0
804,4466,805.1411395728824,99577,3386,2316,305,114,99102,57489,1.5725619369934825,1717,1147,8163,14232,35034,27293,1393,4896,48452,35972,0,0,1036,692,5502,4819,28913,12865,3640,0,0,25675,14677,146,1612,0,0,0,0,0
805,4466,806.1084072456393,99573,3315,2263,308,115,99497,57744,1.5791529832384281,1703,1151,8193,14245,35110,27367,1369,4857,48453,35974,0,0,1021,681,5445,4817,29073,13043,3618,0,0,25612,14524,145,1594,0,0,0,0,0
806,4466,807.0746586041784,99572,3217,2227,309,115,99887,58035,1.586008114731049,1693,1102,8216,14246,35212,27506,1351,4802,48454,35975,0,0,1003,667,5392,4814,29196,13232,3596,0,0,25618,14337,140,1577,0,0,0,0,0
807,4466,808.0403900780324,99570,3192,2172,311,115,100290,58297,1.5927186903685848,1659,1087,8238,14249,35273,27631,1325,4744,48455,35976,0,0,993,662,5345,4793,29328,13415,3569,0,0,25585,14183,139,1558,0,0,0,0,0
808,4466,809.0054076391673,99570,3166,2127,311,115,100672,58566,1.5992568042583106,1623,1046,8265,14279,35329,27740,1304,4691,48456,35977,0,0,975,649,5292,4793,29450,13585,3555,0,0,25562,14027,139,1543,0,0,0,0,0
809,4466,810.1627537882856,99566,3100,2086,314,116,101148,58858,1.6070345298595907,1544,1019,8277,14308,35474,27831,1289,4638,48457,35978,0,0,958,634,5225,4776,29593,13793,3528,0,0,25553,13842,137,1527,0,0,0,0,0
810,4466,811.1261186529051,99565,3091,2033,315,116,101563,59083,1.613478632049415,1452,1022,8319,14312,35546,27922,1275,4593,48458,35979,0,0,944,621,5168,4778,29688,13982,3504,0,0,25512,13721,136,1511,0,0,0,0,0
811,4466,812.0887393563488,99564,3008,2016,316,116,101904,59334,1.619440761721104,1481,987,8319,14321,35614,28005,1260,4553,48459,35980,0,0,926,605,5124,4780,29791,14155,3496,0,0,25459,13597,133,1498,0,0,0,0,0
812,4466,813.0505886169451,99563,2956,2003,316,117,102261,59585,1.625563713427679,1450,940,8344,14349,35685,28079,1247,4510,48460,35981,0,0,915,603,5080,4761,29934,14309,3474,0,0,25419,13463,131,1474,0,0,0,0,0
813,4466,814.0120773408391,99560,2916,1972,318,118,102604,59820,1.6314182402571313,1424,916,8392,14374,35716,28146,1232,4472,48461,35982,0,0,906,594,5031,4757,30050,14462,3452,0,0,25378,13342,129,1459,0,0,0,0,0
814,4466,815.1660050459752,99557,2892,1980,319,120,103035,60137,1.6389806844320338,1379,891,8444,14398,35749,28187,1215,4422,48462,35983,0,0,892,587,4980,4747,30163,14653,3420,0,0,25355,13195,127,1438,0,0,0,0,0
815,4466,816.1277091271968,99555,2832,1925,321,120,103349,60334,1.64414645171011,1359,884,8502,14430,35782,28252,1202,4387,48463,35984,0,0,881,578,4941,4742,30244,14818,3398,0,0,25324,13078,125,1426,0,0,0,0,0
816,4466,817.0899233026746,99554,2783,1854,321,121,103689,60531,1.6495570243285052,1319,919,8563,14462,35831,28302,1181,4340,48464,35985,0,0,859,571,4901,4737,30324,14999,3393,0,0,25286,12952,125,1407,0,0,0,0,0
817,4466,818.052367540779,99551,2699,1847,323,122,103995,60773,1.6551114504123514,1275,907,8617,14487,35914,28343,1170,4292,48465,35986,0,0,841,562,4866,4731,30395,15168,3386,0,0,25264,12822,125,1391,0,0,0,0,0
818,4466,819.0140257969024,99549,2625,1827,324,123,104299,61002,1.6604988498126552,1264,875,8639,14491,35985,28416,1161,4266,48466,35987,0,0,821,559,4837,4720,30455,15341,3381,0,0,25232,12701,121,1381,0,0,0,0,0
819,4466,820.1676849517887,99547,2584,1773,325,124,104659,61241,1.6665494690950005,1285,859,8688,14516,35968,28502,1148,4224,48467,35988,0,0,815,548,4795,4710,30557,15509,3348,0,0,25224,12553,120,1368,0,0,0,0,0
820,4466,821.1300400950394,99546,2529,1705,326,124,104957,61438,1.6715387860888433,1243,839,8731,14561,36032,28581,1137,4188,48468,35989,0,0,804,541,4745,4693,30648,15683,3334,0,0,25169,12453,119,1357,0,0,0,0,0
821,4466,822.0923505077951,99546,2501,1652,326,124,105261,61619,1.6764109055110201,1194,837,8769,14582,36081,28644,1127,4159,48469,35990,0,0,796,534,4710,4677,30741,15826,3322,0,0,25116,12356,117,1351,0,0,0,0,0
822,4466,823.0544486384655,99546,2451,1617,326,124,105557,61819,1.681393526610813,1136,806,8825,14617,36139,28708,1121,4126,48470,35991,0,0,784,527,4671,4677,30815,15983,3305,0,0,25072,12255,115,1342,0,0,0,0,0
823,4466,824.0169080631082,99546,2345,1601,326,124,105830,61996,1.6859140497860285,1116,798,8890,14658,36211,28724,1110,4093,48471,35992,0,0,769,521,4637,4656,30889,16137,3295,0,0,25027,12169,113,1333,0,0,0,0,0
824,4466,825.1709490687441,99545,2291,1584,326,125,106172,62239,1.69180772514943,1087,778,8893,14683,36305,28768,1096,4060,48472,35993,0,0,752,513,4592,4625,30979,16319,3288,0,0,24988,12065,112,1312,0,0,0,0,0
825,4466,826.1321403539768,99544,2219,1538,327,125,106394,62413,1.6958028610463713,1121,774,8942,14706,36308,28834,1081,4021,48473,35994,0,0,746,509,4562,4622,31013,16478,3266,0,0,24948,11985,111,1304,0,0,0,0,0
826,4466,827.0938955883403,99542,2174,1522,328,126,106642,62599,1.7001969018102912,1132,766,8998,14743,36295,28845,1071,3996,48474,35995,0,0,738,505,4530,4614,31092,16601,3247,0,0,24918,11899,110,1288,0,0,0,0,0
827,4466,828.0566936695994,99542,2113,1493,328,126,106903,62782,1.7046573305740291,1097,728,9064,14786,36338,28896,1058,3969,48475,35996,0,0,734,496,4491,4607,31143,16762,3226,0,0,24886,11813,108,1276,0,0,0,0,0
828,4466,829.0201057578261,99541,2101,1488,329,126,107168,62966,1.709185159883867,1064,717,9133,14829,36321,28908,1050,3930,48476,35997,0,0,719,490,4472,4596,31202,16891,3227,0,0,24830,11742,106,1266,0,0,0,0,0
829,4466,830.1774058973596,99540,2032,1451,329,127,107474,63180,1.7144263612618043,1092,689,9181,14891,36325,28948,1039,3892,48477,35998,0,0,704,475,4441,4585,31282,17056,3223,0,0,24783,11631,104,1256,0,0,0,0,0
830,4466,831.1429209074995,99540,2034,1409,329,127,107736,63332,1.7185854932690376,1079,686,9252,14921,36275,28994,1029,3861,48478,35999,0,0,698,471,4420,4573,31338,17186,3207,0,0,24744,11555,103,1245,0,0,0,0,0
831,4466,832.1099892132702,99539,1991,1353,329,128,107956,63478,1.7222797094606135,1066,666,9315,14980,36274,29034,1023,3837,48479,36000,0,0,694,465,4389,4556,31393,17313,3195,0,0,24725,11472,102,1235,0,0,0,0,0
832,4466,833.0778245119432,99539,1934,1337,329,128,108190,63643,1.7262881885492118,1045,642,9366,15028,36309,29044,1015,3819,48480,36001,0,0,680,461,4358,4536,31472,17432,3193,0,0,24693,11389,101,1224,0,0,0,0,0
833,4466,834.0458568553883,99539,1913,1332,329,128,108435,63799,1.7303167602648208,1009,634,9427,15062,36319,29048,1001,3794,48481,36002,0,0,678,455,4334,4536,31533,17546,3170,0,0,24640,11327,100,1220,0,0,0,0,0
834,4466,835.0147990854592,99538,1876,1295,329,129,108678,63941,1.7342020133014526,981,640,9511,15112,36313,29056,988,3766,48482,36003,0,0,671,450,4312,4525,31572,17687,3161,0,0,24583,11265,99,1213,0,0,0,0,0
835,4466,836.1788250840311,99538,1829,1282,329,129,108950,64147,1.7390041994012337,938,625,9591,15159,36339,29070,972,3733,48483,36004,0,0,661,441,4272,4514,31617,17855,3149,0,0,24546,11181,98,1204,0,0,0,0,0
836,4466,837.1494071039668,99537,1841,1255,330,129,109179,64286,1.7427187879883863,900,613,9649,15230,36323,29069,955,3702,48484,36005,0,0,652,438,4248,4499,31669,17953,3143,0,0,24530,11109,98,1198,0,0,0,0,0
837,4466,838.1209549074614,99537,1804,1224,330,129,109403,64434,1.7464560917045924,849,619,9727,15275,36346,29078,942,3673,48485,36006,0,0,644,428,4219,4506,31703,18078,3130,0,0,24504,11037,95,1193,0,0,0,0,0
838,4466,839.093082359862,99534,1788,1258,333,129,109635,64605,1.750557598408584,811,572,9808,15322,36322,29056,936,3661,48486,36007,0,0,638,425,4196,4506,31743,18187,3113,0,0,24465,10983,94,1184,0,0,0,0,0
839,4466,840.0663525070167,99533,1745,1218,334,129,109840,64733,1.7539208101835573,781,565,9878,15346,36330,29092,930,3648,48487,36008,1,1,627,418,4172,4505,31785,18305,3102,0,0,24431,10917,93,1178,0,0,0,0,0
840,4466,841.0404029451538,99533,1703,1194,334,129,110035,64870,1.7572563873288256,801,551,9927,15423,36312,29078,921,3623,48488,36009,2,2,622,413,4152,4497,31802,18437,3088,0,0,24405,10851,92,1173,0,1,0,0,0
841,4466,842.0157653376411,99533,1645,1151,334,129,110212,65005,1.760391026091849,819,534,9997,15483,36289,29093,914,3608,48489,36010,3,3,614,408,4124,4489,31840,18558,3082,0,0,24380,10777,91,1167,0,3,0,0,0
842,4466,843.188151668779,99532,1610,1113,334,130,110464,65159,1.7644878029176547,758,522,10098,15563,36293,29085,905,3585,48490,36011,4,4,608,399,4106,4487,31891,18694,3060,0,0,24339,10700,90,1155,0,3,0,0,0
843,4466,844.1662089349079,99531,1528,1086,334,131,110631,65285,1.7674493373923703,764,523,10173,15627,36296,29067,903,3564,48491,36012,5,5,597,398,4095,4473,31938,18797,3050,0,0,24312,10631,90,1146,0,4,0,0,0
844,4466,845.1455365554208,99530,1502,1078,335,131,110810,65401,1.7704310258213605,776,542,10271,15662,36219,29035,895,3550,48492,36013,6,6,596,397,4076,4462,31965,18900,3034,0,0,24279,10584,90,1142,0,5,0,0,0
845,4466,846.1268786320607,99529,1467,1064,336,131,111005,65548,1.7738849983421918,753,509,10332,15704,36220,29064,890,3526,48493,36014,7,7,593,392,4063,4447,31983,19026,3020,0,0,24248,10524,90,1137,0,5,1,0,0
846,4466,847.1094856502831,99529,1461,1010,336,131,111184,65659,1.7767987219805284,753,514,10411,15763,36150,29071,887,3509,48494,36015,8,8,587,387,4034,4441,32042,19114,3006,0,0,24222,10469,89,1130,0,5,2,0,1
847,4466,848.0942601688585,99529,1443,979,336,131,111360,65782,1.7798028715248821,749,495,10487,15832,36100,29069,883,3492,48495,36016,9,9,580,385,4014,4442,32093,19204,2995,0,0,24179,10420,85,1122,0,7,2,0,1
848,4466,849.0806171342542,99528,1419,969,336,132,111537,65910,1.7828852182300459,726,471,10536,15899,36098,29055,883,3472,48496,36017,10,10,576,384,4002,4430,32106,19316,2985,0,0,24156,10363,83,1116,0,8,2,0,1
849,4466,850.068185308229,99527,1401,922,337,132,111712,66024,1.785806866478443,713,469,10620,15967,36046,29062,881,3446,48497,36018,11,11,572,378,3984,4427,32115,19428,2976,0,0,24135,10307,81,1112,1,8,2,0,1
850,4466,851.0579873995162,99527,1385,900,337,132,111887,66126,1.788590030845901,698,452,10710,16038,35991,29050,877,3426,48498,36019,12,12,565,373,3970,4416,32141,19521,2973,0,0,24103,10263,81,1109,1,8,2,0,1
851,4466,852.0498895152767,99527,1361,894,337,132,112048,66250,1.7914535754116974,686,442,10796,16102,35947,29024,871,3404,48499,36020,14,14,560,369,3954,4410,32167,19611,2965,0,0,24084,10210,79,1104,1,8,3,0,2
852,4466,853.0431877525649,99527,1346,883,337,132,112209,66360,1.7941764546304018,677,418,10868,16175,35902,29004,868,3386,48500,36021,16,16,558,368,3934,4398,32196,19697,2953,0,0,24068,10161,79,1099,1,9,3,0,3
853,4466,854.0384541154008,99527,1308,852,337,132,112384,66462,1.7969596189978598,639,437,10959,16233,35889,28978,866,3366,48501,36022,19,18,554,364,3913,4385,32229,19798,2940,0,0,24044,10108,78,1095,1,11,3,0,4
854,4466,855.0346989234715,99527,1272,884,337,132,112556,66585,1.7999236388115787,608,398,11023,16318,35893,28917,865,3349,48502,36023,23,21,545,359,3896,4375,32256,19884,2938,0,0,24014,10068,77,1093,1,13,4,0,4
855,4466,856.0320597405354,99527,1220,852,337,132,112686,66677,1.8021541893154622,605,406,11107,16390,35863,28893,866,3325,48503,36024,28,25,538,358,3879,4356,32281,19977,2936,0,0,23979,10028,77,1091,1,17,4,0,5
856,4466,857.0308472362779,99527,1182,832,337,132,112832,66772,1.8045756427903985,589,428,11160,16450,35861,28843,869,3313,48504,36025,34,30,535,357,3860,4353,32303,20071,2921,0,0,23947,9983,77,1089,1,19,6,0,5
857,4466,858.0308555009723,99526,1162,804,338,132,112972,66879,1.8070755380503587,567,418,11285,16502,35775,28836,871,3306,48505,36026,42,36,534,353,3843,4333,32320,20169,2913,0,0,23930,9933,76,1085,1,23,6,0,7
858,4466,859.0335038034809,99525,1123,788,338,133,113112,66973,1.8094448630997237,540,415,11373,16556,35754,28811,870,3295,48506,36027,51,43,531,348,3828,4335,32316,20272,2902,0,0,23905,9893,74,1079,1,24,7,0,10
859,4466,860.0380004919301,99525,1081,772,338,133,113226,67068,1.8115448379804069,548,410,11464,16623,35692,28777,875,3283,48507,36028,63,51,528,345,3813,4323,32311,20370,2898,0,0,23879,9858,74,1078,1,30,7,0,10
860,4466,861.0448895615076,99523,1057,768,338,135,113360,67165,1.813902314037961,551,398,11552,16676,35621,28739,879,3282,48508,36029,77,61,522,342,3799,4310,32315,20462,2900,0,0,23846,9819,74,1077,1,37,8,0,11
861,4466,862.0540684586686,99522,1037,748,338,136,113494,67258,1.8162014428970479,543,388,11642,16716,35550,28724,888,3286,48509,36030,94,73,520,336,3786,4309,32303,20564,2890,0,0,23815,9777,73,1076,1,45,11,0,16
862,4466,863.0655899199628,99521,1009,746,338,137,113614,67361,1.8184604254378474,532,365,11727,16776,35492,28683,900,3291,48510,36031,115,87,519,333,3775,4307,32301,20656,2879,0,0,23790,9727,73,1073,1,52,13,0,22
863,4466,864.0793331826583,99521,1001,747,338,137,113751,67454,1.820771495463269,498,355,11807,16862,35441,28611,913,3286,48511,36032,140,103,517,333,3765,4302,32299,20750,2869,0,0,23745,9698,73,1065,2,63,13,0,27
864,4466,865.0951381580123,99520,946,723,339,137,113860,67536,1.822709003215434,499,365,11888,16917,35398,28558,928,3298,48512,36033,170,122,513,331,3750,4302,32299,20845,2856,0,0,23711,9652,71,1064,2,79,13,0,32
865,4466,866.1131522125637,99519,930,702,340,137,113982,67633,1.8249279032144616,494,341,11982,16990,35308,28514,944,3314,48513,36034,206,143,510,329,3732,4295,32320,20926,2851,0,0,23667,9602,69,1059,2,99,16,0,42
866,4466,867.1341345167627,99519,912,715,340,137,114105,67734,1.8271787296898079,482,298,12049,17064,35246,28445,969,3339,48514,36035,248,168,509,327,3717,4298,32291,21028,2837,0,0,23631,9563,69,1057,2,121,19,0,50
867,4466,868.1576069529639,99519,896,666,340,137,114225,67805,1.82909796119334,476,310,12131,17110,35162,28414,993,3361,48515,36036,297,196,506,324,3702,4298,32303,21123,2830,0,0,23574,9513,69,1053,3,140,21,0,60
868,4466,869.1840556373814,99519,883,633,340,137,114344,67884,1.8310875310242265,463,315,12225,17163,35066,28355,1021,3395,48516,36037,354,228,502,322,3681,4294,32306,21222,2824,0,0,23514,9470,69,1052,3,162,27,0,71
869,4466,870.0075158848337,99518,874,623,341,137,114441,67942,1.8326634377700517,456,308,12283,17202,34992,28285,1052,3443,48517,36038,420,265,496,320,3668,4284,32298,21304,2824,0,0,23459,9434,69,1049,4,191,32,0,86
870,4466,871.0396066979845,99518,849,606,341,137,114551,68016,1.834512349524709,449,298,12376,17246,34894,28214,1089,3497,48518,36039,496,307,494,318,3654,4274,32266,21425,2814,0,0,23392,9395,69,1047,4,230,37,0,99
871,4466,872.0749769922965,99518,845,597,341,137,114674,68099,1.8365823268152495,430,270,12452,17303,34804,28129,1126,3562,48519,36040,583,354,493,317,3640,4265,32230,21543,2807,0,0,23342,9349,69,1038,7,270,40,0,108
872,4466,873.1138629040233,99518,833,566,341,137,114795,68166,1.838471432303704,403,259,12545,17354,34708,28048,1168,3634,48520,36041,682,407,490,316,3608,4261,32216,21652,2799,0,0,23263,9305,68,1031,9,316,53,0,131
873,4466,874.1563514534563,99518,820,552,341,137,114907,68229,1.8402299081573184,375,262,12632,17381,34609,27945,1221,3721,48521,36042,794,466,487,315,3591,4260,32152,21788,2796,0,0,23197,9262,68,1024,11,359,59,0,149
874,4466,875.2022367787094,99518,810,554,341,137,115005,68302,1.8419481902771357,371,266,12710,17402,34487,27821,1279,3818,48522,36043,921,532,482,314,3573,4265,32088,21908,2788,0,0,23134,9205,68,1020,11,408,68,0,186
875,4466,876.0416724424039,99518,785,528,341,137,115068,68347,1.8430334210896522,385,286,12762,17408,34378,27693,1347,3946,48523,36044,1063,605,479,314,3563,4259,32016,22037,2784,0,0,23052,9159,68,1016,15,473,73,0,210
876,4466,877.0947466808733,99518,761,512,341,137,115162,68414,1.8446512188749773,374,279,12829,17450,34278,27548,1415,4072,48524,36045,1222,686,476,312,3546,4259,31940,22177,2777,0,0,22974,9097,68,1013,17,540,84,0,238
877,4466,878.1516811846441,99518,754,498,341,137,115260,68479,1.846289113527201,352,266,12923,17461,34138,27413,1490,4223,48525,36046,1399,775,474,311,3527,4248,31864,22320,2773,0,0,22881,9046,68,1005,21,618,100,0,262
878,4466,879.0007366419787,99518,732,490,341,137,115339,68534,1.8476356036093973,344,262,12967,17462,34031,27264,1583,4383,48526,36047,1596,873,471,308,3510,4246,31782,22465,2773,0,0,22783,8977,68,1001,22,697,108,0,307
879,4466,880.0663481990758,99518,721,493,341,137,115437,68614,1.8494242247633594,340,239,13044,17447,33874,27115,1678,4567,48527,36048,1814,980,471,308,3484,4235,31681,22636,2767,0,0,22660,8911,68,998,24,799,128,0,348
880,4466,881.1369172192731,99518,708,479,341,137,115525,68673,1.8509013444803954,348,246,13119,17456,33698,26913,1784,4767,48528,36049,2053,1097,471,307,3451,4239,31562,22812,2760,0,0,22559,8839,67,987,33,893,147,0,391
881,4466,882.2131172262364,99518,688,471,341,137,115616,68742,1.8525090938322715,348,235,13185,17458,33535,26716,1901,4981,48529,36050,2315,1224,467,305,3412,4228,31462,22992,2754,0,0,22433,8774,67,982,35,1007,171,0,429
882,4466,883.0782800992827,99518,676,468,341,137,115684,68802,1.8537952933137725,353,215,13227,17418,33375,26533,2026,5227,48530,36051,2601,1362,466,304,3394,4230,31321,23183,2747,0,0,22298,8693,66,971,45,1123,182,0,495
883,4466,884.1655701349044,99517,668,485,342,137,115777,68877,1.855502075022358,337,203,13288,17389,33201,26285,2162,5499,48531,36052,2912,1511,464,301,3368,4223,31183,23381,2741,0,0,22138,8629,66,961,52,1263,202,0,545
884,4466,885.0398217064408,99517,643,466,342,137,115836,68918,1.8565069284644835,347,190,13315,17339,33049,26071,2302,5795,48532,36053,3249,1672,461,299,3331,4224,31020,23589,2738,0,0,21999,8534,66,953,59,1391,232,0,621
885,4466,886.1386577437034,99516,622,439,342,138,115925,68964,1.8578821496040838,334,194,13392,17316,32850,25811,2458,6100,48533,36054,3612,1845,460,297,3301,4222,30855,23815,2730,0,0,21827,8449,66,948,61,1545,256,0,684
886,4466,887.0231325499911,99516,607,419,342,138,115992,68999,1.8589071104144057,334,188,13423,17230,32657,25576,2635,6447,48534,36055,4002,2030,456,297,3268,4216,30686,24034,2728,0,0,21640,8359,66,938,70,1723,281,0,754
887,4466,888.1359714242141,99515,628,396,343,138,116095,69049,1.8604632467467217,310,181,13451,17180,32442,25304,2824,6799,48535,36056,4419,2228,454,296,3247,4209,30493,24285,2725,0,0,21447,8257,66,928,78,1897,297,0,836
888,4466,889.0317452600783,99515,616,391,343,138,116152,69088,1.861427925438376,309,180,13484,17109,32226,24993,3020,7187,48536,36057,4863,2439,453,295,3216,4202,30295,24529,2722,0,0,21239,8157,66,924,81,2095,322,0,919
889,4466,890.1595787342129,99515,610,381,343,138,116240,69130,1.8627342611666582,294,186,13526,17028,31997,24665,3228,7600,48537,36058,5334,2663,453,294,3181,4194,30040,24830,2718,0,0,21028,8050,65,918,86,2302,353,0,1003
890,4466,891.068103376395,99515,595,392,343,138,116309,69188,1.8640104506858262,280,164,13544,16907,31788,24357,3448,8040,48538,36059,5832,2900,453,294,3137,4185,29828,25092,2713,0,0,20801,7937,65,908,94,2516,389,0,1103
891,4466,892.2123525111566,99515,574,386,343,138,116385,69243,1.86532683515048,282,154,13565,16826,31556,24002,3678,8492,48539,36060,6356,3151,449,294,3103,4177,29595,25386,2710,0,0,20535,7811,64,900,101,2759,419,0,1212
892,4466,893.1342093028421,99514,563,373,343,139,116447,69279,1.8663303655767027,268,164,13569,16693,31331,23647,3924,8982,48540,36061,6905,3415,448,293,3064,4171,29330,25699,2706,0,0,20280,7701,63,887,114,3002,450,0,1306
893,4466,894.0629166187713,99514,568,341,343,139,116516,69309,1.867325200474305,252,171,13579,16550,31081,23298,4175,9499,48541,36062,7478,3693,448,291,3020,4167,29074,26001,2701,0,0,19994,7587,63,878,122,3283,488,0,1397
894,4466,895.2339111781966,99514,570,352,343,139,116602,69366,1.8687621842152864,248,164,13596,16442,30797,22876,4444,10025,48542,36063,8073,3984,448,290,2980,4159,28796,26331,2697,0,0,19705,7470,63,871,126,3557,523,0,1498
895,4466,896.1788549070226,99514,565,344,343,139,116668,69402,1.8697871656249372,245,159,13578,16277,30544,22507,4723,10572,48543,36064,8689,4288,446,289,2946,4155,28512,26654,2695,0,0,19417,7350,63,856,138,3841,551,0,1601
896,4466,897.1317728286659,99514,542,338,343,139,116734,69441,1.8708422935466367,237,149,13581,16122,30279,22115,5016,11135,48544,36065,9324,4604,442,289,2905,4148,28184,27022,2696,0,0,19135,7217,63,844,149,4115,589,0,1716
897,4466,898.0933956830365,99514,507,322,343,139,116783,69478,1.8717064935586953,227,139,13577,15962,30018,21725,5326,11711,48545,36066,9976,4933,441,289,2867,4143,27884,27371,2686,0,0,18808,7080,63,837,156,4428,623,0,1838
898,4466,899.0639174190422,99514,481,305,343,139,116837,69512,1.872590791245453,219,136,13544,15815,29770,21318,5641,12285,48546,36067,10642,5274,440,287,2821,4135,27589,27721,2682,0,0,18486,6961,63,830,162,4732,662,0,1943
899,4466,900.0431706920676,99513,480,299,343,140,116888,69536,1.8733632791695558,241,159,13614,15880,29704,21283,5616,12237,48546,36067,10642,5274,439,287,2819,4130,27595,27744,2681,0,0,18479,6950,63,830,162,4729,662,0,1943
900,4466,900.0431706920676,99513,477,298,343,140,116895,69547,1.8735441600594898,249,166,13536,15627,29439,20895,5954,12872,48546,36067,11321,5626,439,287,2783,4130,27243,28103,2681,0,3,18173,6823,63,818,173,5030,697,1,2066
901,4466,901.0327445978209,99513,459,287,343,140,116949,69585,1.8744686623858189,247,162,13539,15452,29127,20484,6283,13473,48546,36067,12009,5988,437,287,2740,4121,26900,28497,2676,2,18,17833,6674,63,807,184,5337,736,5,2196
902,4466,902.0331646397223,99513,468,281,343,140,117015,69615,1.8754333604654667,247,172,13525,15279,28799,20051,6616,14075,48546,36067,12705,6360,436,287,2692,4118,26534,28890,2673,3,29,17530,6553,63,789,200,5626,779,9,2302
903,4466,903.0448321852342,99513,461,288,343,140,117080,69654,1.876478450051752,233,170,13499,15086,28492,19650,6970,14664,48546,36067,13406,6742,434,287,2643,4114,26175,29284,2668,5,38,17204,6403,63,777,211,5932,823,10,2442
904,4466,904.0677327323139,99513,421,284,343,140,117117,69695,1.8772622672414658,263,167,13462,14890,28181,19243,7328,15274,48546,36067,14109,7132,434,285,2592,4113,25815,29689,2665,5,48,16863,6285,63,761,225,6243,867,12,2548
905,4466,905.1020400041917,99513,432,285,343,140,117195,69733,1.8784279440877072,252,162,13437,14701,27841,18837,7693,15873,48546,36067,14812,7529,433,285,2543,4102,25468,30081,2662,6,57,16540,6143,63,747,237,6541,912,14,2679
906,4466,906.148683819705,99512,427,292,343,141,117257,69774,1.8794818715330814,253,158,13425,14544,27497,18403,8053,16460,48546,36067,15512,7933,433,285,2482,4101,25091,30493,2659,6,65,16211,6013,63,733,250,6846,966,15,2800
907,4466,907.2086081325383,99511,416,281,344,141,117317,69813,1.880495623599401,259,153,13400,14362,27161,17993,8418,17068,48546,36067,16208,8343,431,284,2424,4100,24742,30891,2654,8,73,15873,5896,63,721,257,7150,1020,21,2903
908,4466,908.0125226691042,99511,402,273,344,141,117368,69844,1.8813196531036769,248,142,13354,14166,26864,17600,8786,17676,48546,36067,16897,8757,430,284,2378,4101,24390,31277,2648,9,89,15521,5777,63,716,262,7477,1062,24,3003
909,4466,909.0978524677821,99510,404,266,345,141,117432,69884,1.8823836800321576,242,153,13342,13954,26509,17256,9156,18228,48546,36067,17577,9175,430,283,2326,4095,24033,31679,2646,9,96,15223,5642,63,697,278,7743,1112,27,3128
910,4466,910.1974203095724,99510,395,273,345,141,117492,69927,1.8834187518842327,252,144,13280,13783,26203,16863,9523,18794,48546,36067,18246,9596,430,283,2280,4090,23691,32065,2642,9,102,14883,5515,63,676,298,8055,1152,30,3246
911,4466,911.0311560439336,99510,413,289,345,141,117550,69966,1.8843935282886142,231,140,13237,13617,25872,16474,9900,19337,48546,36067,18903,10018,430,283,2241,4083,23332,32444,2641,9,110,14576,5377,63,661,313,8351,1190,35,3371
912,4466,912.1575273437716,99510,399,269,345,141,117612,69996,1.8853180584865843,246,149,13172,13438,25564,16132,10272,19869,48546,36067,19546,10441,429,282,2187,4082,23008,32813,2635,10,118,14267,5247,63,651,322,8629,1239,40,3488
913,4466,913.0118149607837,99510,404,262,345,141,117659,70025,1.8860818008240379,240,142,13110,13278,25240,15788,10659,20387,48546,36067,20173,10864,429,280,2146,4079,22661,33188,2633,10,125,13991,5122,63,639,334,8885,1279,46,3600
914,4466,914.1667788771206,99509,399,266,345,142,117732,70067,1.8872564290667175,246,140,13086,13129,24901,15455,11021,20866,48546,36067,20784,11286,428,277,2111,4081,22288,33595,2628,11,135,13706,4981,61,626,344,9152,1309,50,3726
915,4466,915.0437156441449,99509,389,258,345,142,117782,70097,1.8880603764483614,236,145,13028,12965,24603,15130,11397,21358,48546,36067,21378,11706,428,277,2067,4072,21982,33944,2626,11,140,13394,4884,61,614,354,9437,1350,57,3811
916,4466,916.2289115093756,99509,379,253,345,142,117854,70132,1.8891356560713102,227,147,13001,12874,24284,14794,11762,21788,48546,36067,21954,12123,427,275,2009,4071,21671,34302,2616,12,144,13111,4767,61,602,364,9692,1404,63,3918
917,4466,917.128580754683,99508,380,248,345,143,117903,70162,1.8899485468505044,213,149,12972,12744,23965,14483,12123,22231,48546,36067,22511,12536,426,275,1971,4073,21309,34699,2612,13,140,12862,4666,60,589,376,9916,1437,70,4014
918,4466,918.0401448303442,99508,375,265,345,143,117959,70199,1.8908831450737629,205,146,12941,12631,23653,14157,12479,22656,48546,36067,23049,12945,426,275,1925,4070,20994,35039,2608,13,141,12596,4558,60,577,387,10170,1478,72,4119
919,4466,919.2732632100053,99508,378,265,345,143,118018,70245,1.8919383366161515,205,146,12900,12537,23345,13856,12825,23051,48546,36067,23568,13349,424,273,1890,4072,20662,35402,2603,15,150,12323,4468,60,566,395,10423,1510,78,4194
920,4466,920.2094052239164,99508,387,256,345,143,118073,70279,1.8928327370663665,190,158,12862,12439,23063,13578,13151,23424,48546,36067,24068,13747,424,272,1847,4072,20345,35748,2599,15,158,12097,4381,60,552,407,10630,1550,86,4265
921,4466,921.1572607570828,99508,377,253,345,143,118116,70318,1.8936567914137556,198,146,12831,12343,22769,13320,13478,23793,48546,36067,24548,14138,424,271,1804,4064,20056,36072,2597,15,169,11843,4282,59,541,418,10865,1590,91,4347
922,4466,922.1174697867781,99508,390,252,345,143,118171,70356,1.8945913896370141,201,145,12796,12227,22463,13094,13803,24137,48546,36067,25009,14522,424,271,1779,4062,19769,36390,2596,15,177,11623,4176,59,529,429,11061,1612,100,4436
923,4466,923.0903420298263,99508,381,246,345,143,118214,70392,1.8953852956546207,207,134,12763,12120,22199,12877,14103,24478,48546,36067,25451,14899,423,271,1744,4060,19487,36704,2592,16,186,11391,4103,59,517,439,11273,1643,108,4492
924,4466,924.0752596136095,99508,374,233,345,143,118258,70422,1.8961289544559232,206,136,12731,12055,21923,12639,14419,24792,48546,36067,25874,15268,420,270,1714,4057,19222,37008,2588,19,186,11143,4030,59,506,448,11494,1671,118,4555
925,4466,925.0724396957895,99508,380,244,345,143,118317,70466,1.89716404711179,203,123,12693,11989,21662,12423,14715,25076,48546,36067,26279,15629,420,268,1684,4059,18980,37283,2583,19,193,10932,3932,59,498,456,11682,1696,122,4642
926,4466,926.0818482414583,99508,375,245,345,143,118366,70496,1.8979579531293966,205,117,12672,11934,21391,12216,15010,25343,48546,36067,26666,15982,419,266,1651,4049,18746,37555,2582,20,197,10750,3847,59,485,467,11845,1725,127,4718
927,4466,927.1038422331828,99508,356,237,345,143,118415,70525,1.8987418097037425,204,110,12678,11908,21122,12012,15293,25588,48546,36067,27036,16326,417,266,1619,4040,18505,37833,2580,22,198,10548,3779,59,477,473,12025,1755,138,4774
928,4466,928.1388697229175,99508,360,216,345,143,118469,70549,1.8995256662780882,207,114,12679,11864,20864,11813,15543,25848,48546,36067,27389,16661,413,266,1590,4034,18272,38106,2576,26,202,10349,3724,59,469,481,12199,1779,148,4815
929,4466,929.1872491385262,99508,362,220,345,143,118527,70584,1.9004602645013466,201,115,12676,11837,20620,11611,15794,26072,48546,36067,27725,16987,412,266,1552,4028,18056,38364,2573,27,198,10161,3671,59,460,490,12359,1812,156,4864
930,4466,930.2484610947413,99508,371,229,345,143,118572,70624,1.9013144671785183,203,103,12653,11818,20382,11423,16044,26282,48546,36067,28045,17304,412,266,1525,4030,17852,38590,2569,27,198,9986,3598,59,448,501,12517,1837,160,4933
931,4466,931.32184555621,99508,383,222,345,143,118631,70654,1.9022088676287334,187,104,12622,11814,20170,11270,16291,26445,48546,36067,28350,17612,411,265,1495,4027,17668,38800,2566,28,204,9822,3529,59,437,510,12665,1866,164,4992
932,4466,932.0438561943316,99508,382,221,345,143,118669,70673,1.9027816858946014,175,114,12574,11749,19983,11122,16539,26649,48546,36067,28640,17911,411,265,1471,4025,17462,39025,2563,28,208,9664,3468,58,429,518,12810,1890,170,5043
933,4466,933.1394045729029,99508,380,207,345,143,118725,70696,1.9035755919122082,156,113,12586,11753,19773,10971,16758,26811,48546,36067,28916,18200,409,265,1449,4022,17280,39236,2560,30,208,9494,3414,58,427,519,12962,1908,179,5088
934,4466,934.2466952811556,99508,356,204,345,143,118769,70724,1.9042991518269887,162,111,12610,11780,19564,10815,16961,26945,48546,36067,29178,18480,409,263,1423,4032,17101,39442,2547,30,212,9361,3364,58,418,527,13079,1929,191,5122
935,4466,935.3660694438366,99508,353,209,345,143,118815,70753,1.905052860071552,164,112,12648,11799,19345,10652,17143,27083,48546,36067,29427,18751,408,262,1399,4029,16936,39626,2544,31,217,9206,3320,58,416,528,13226,1951,195,5156
936,4466,936.1193106815116,99508,340,217,345,143,118849,70782,1.9056859749969852,167,108,12636,11768,19141,10514,17369,27248,48546,36067,29664,19013,407,262,1381,4027,16745,39839,2543,32,218,9075,3273,58,411,531,13342,1967,202,5195
937,4466,937.2634866835125,99508,328,213,345,143,118885,70811,1.90633918880894,180,112,12660,11794,18943,10386,17542,27350,48546,36067,29889,19266,407,262,1362,4027,16595,40019,2537,32,219,8953,3214,58,404,535,13446,1983,213,5242
938,4466,938.0330790804776,99508,335,213,345,143,118923,70831,1.906922056518069,167,113,12640,11778,18793,10269,17718,27482,48546,36067,30103,19511,407,262,1343,4030,16429,40199,2533,32,220,8838,3175,58,399,539,13554,1997,218,5275
939,4466,939.1995302568803,99508,352,212,345,143,118980,70870,1.9078868030711098,174,111,12675,11816,18590,10161,17862,27555,48546,36067,30306,19747,407,262,1324,4031,16299,40364,2529,32,221,8710,3136,58,394,542,13657,2012,227,5303
940,4466,940.3776871614559,99508,336,203,345,143,119029,70899,1.9086706596454557,177,111,12700,11866,18426,10060,18014,27615,48546,36067,30499,19975,406,262,1303,4024,16141,40558,2525,33,223,8588,3104,58,386,550,13758,2029,236,5324
941,4466,941.1689345211535,99508,344,197,345,143,119067,70919,1.9092535273545845,172,117,12678,11870,18272,9975,18187,27696,48546,36067,30682,20195,406,262,1285,4021,16021,40702,2525,33,221,8479,3066,57,377,556,13852,2045,246,5354
942,4466,942.3682427132659,99508,346,204,345,143,119124,70963,1.9102685211239296,173,116,12748,11922,18096,9878,18290,27735,48546,36067,30856,20407,403,261,1269,4021,15888,40863,2519,36,224,8376,3022,57,373,559,13939,2057,258,5383
943,4466,943.1698129995553,99508,333,203,345,143,119159,70983,1.910821240503276,168,114,12752,11939,17963,9783,18437,27816,48546,36067,31021,20611,401,259,1257,4021,15753,41020,2514,38,224,8275,3001,57,368,564,14026,2068,264,5398
944,4466,944.365816349131,99508,326,213,345,143,119208,71018,1.911665393737187,163,111,12791,12007,17843,9685,18530,27839,48546,36067,31177,20807,400,259,1248,4021,15618,41175,2509,39,227,8182,2972,57,364,567,14109,2074,270,5417
945,4466,945.1597701734215,99508,327,216,345,143,119251,71046,1.912378904208707,154,106,12815,12042,17706,9596,18651,27895,48546,36067,31326,20996,399,259,1234,4020,15505,41316,2508,40,233,8090,2941,57,360,570,14178,2086,273,5439
946,4466,946.341619267067,99508,307,219,345,143,119287,71085,1.9131326124532702,173,94,12860,12143,17560,9515,18753,27884,48546,36067,31467,21178,399,259,1223,4016,15403,41449,2504,40,234,7998,2905,57,357,572,14251,2094,282,5465
947,4466,947.1259657697956,99508,303,215,345,143,119316,71103,1.9136049362865297,180,91,12866,12177,17434,9436,18870,27936,48546,36067,31601,21353,397,259,1210,4015,15311,41559,2501,42,230,7914,2884,57,353,573,14324,2107,287,5485
948,4466,948.2941157888586,99507,314,200,346,143,119370,71128,1.9144180811400202,175,101,12929,12229,17286,9384,18948,27941,48546,36067,31728,21521,397,259,1197,4016,15212,41688,2497,42,232,7843,2851,57,350,576,14373,2114,294,5509
949,4466,949.0700269882147,99507,304,200,346,143,119398,71143,1.9148502115429065,174,104,12952,12250,17169,9313,19053,27988,48546,36067,31849,21683,397,259,1185,4015,15107,41811,2493,42,232,7771,2833,57,347,579,14435,2123,299,5522
950,4466,950.2265761509877,99507,312,202,346,143,119457,71172,1.9157345714371854,149,101,13007,12342,17062,9244,19122,27966,48546,36067,31964,21838,397,258,1171,4020,15014,41931,2486,42,235,7695,2806,57,343,582,14496,2130,306,5538
951,4466,951.3790679582062,99507,310,191,346,143,119499,71200,1.916438039534907,149,106,13088,12400,16932,9200,19173,27958,48546,36067,32073,21987,396,258,1164,4017,14919,42057,2485,43,236,7626,2782,57,341,583,14544,2132,314,5553
952,4466,952.1456240025898,99507,307,195,346,143,119533,71222,1.9170008140130845,147,93,13119,12452,16811,9147,19268,27968,48546,36067,32176,22130,395,258,1156,4012,14827,42171,2483,44,240,7566,2763,57,339,585,14591,2138,318,5564
953,4466,953.2891606665263,99507,295,188,346,143,119576,71239,1.9176037866682747,148,108,13176,12540,16704,9084,19329,27935,48546,36067,32274,22268,394,258,1141,4009,14750,42270,2480,45,245,7500,2741,57,336,588,14646,2148,325,5574
954,4466,954.0495093666676,99507,296,189,346,143,119598,71260,1.9180359170711607,151,110,13198,12581,16606,9033,19401,27942,48546,36067,32367,22400,393,258,1130,4006,14681,42356,2479,46,249,7441,2715,57,334,590,14694,2157,329,5592
955,4466,955.1851950216225,99506,296,187,346,144,119646,71286,1.9187988664000162,156,115,13266,12655,16490,8978,19444,27919,48546,36067,32456,22527,392,257,1116,3999,14600,42463,2479,47,252,7395,2699,57,332,591,14730,2165,333,5599
956,4466,956.3179671211116,99506,301,177,346,144,119691,71311,1.9195023415673427,162,115,13349,12746,16372,8938,19468,27878,48546,36067,32540,22649,392,257,1110,4005,14540,42547,2471,47,256,7343,2669,57,329,593,14766,2166,343,5615
957,4466,957.0722902798218,99506,302,182,346,144,119724,71343,1.9201555685084317,159,96,13365,12800,16283,8901,19543,27875,48546,36067,32620,22766,392,257,1104,4000,14471,42639,2471,47,262,7286,2647,57,329,592,14808,2171,346,5627
958,4466,958.1993593291585,99506,306,179,346,144,119777,71369,1.920949490482986,147,108,13458,12903,16177,8846,19564,27818,48546,36067,32696,22879,392,257,1099,3995,14409,42733,2469,47,266,7237,2626,57,326,594,14838,2171,351,5639
959,4466,959.324860752743,99506,314,169,346,144,119829,71394,1.9217233131670453,137,106,13532,12982,16075,8814,19594,27783,48546,36067,32769,22987,391,256,1091,3993,14340,42830,2467,48,271,7196,2611,57,323,596,14862,2174,359,5641
960,4466,960.074190932446,99506,318,167,346,144,119857,71411,1.9221755472031836,136,112,13556,13016,16000,8789,19642,27770,48546,36067,32838,23091,391,256,1086,3992,14288,42896,2465,48,275,7156,2594,57,320,599,14894,2177,363,5649
961,4466,961.1955078011862,99506,305,175,346,144,119893,71445,1.9228790223705103,142,103,13649,13125,15916,8725,19640,27726,48546,36067,32904,23191,387,256,1078,3986,14226,42987,2463,52,280,7110,2580,57,319,600,14922,2182,366,5655
962,4466,962.316672756693,99506,291,169,346,144,119937,71481,1.9236829939903122,141,93,13763,13190,15814,8710,19643,27692,48546,36067,32967,23287,385,254,1065,3987,14178,43070,2463,53,282,7063,2560,55,318,599,14947,2189,374,5664
963,4466,963.0642480389729,99506,285,164,346,144,119964,71497,1.9241151287359557,145,95,13790,13251,15750,8685,19682,27659,48546,36067,33027,23379,383,254,1060,3987,14126,43138,2459,55,280,7029,2552,55,317,600,14971,2192,381,5667
964,4466,964.1833010743592,99506,274,170,346,144,119998,71524,1.9247281570960546,142,91,13860,13349,15678,8647,19698,27597,48546,36067,33084,23467,383,253,1052,3982,14071,43211,2458,55,282,7002,2539,55,313,604,14990,2197,386,5673
965,4466,965.3017348300309,99506,269,161,346,144,120037,71542,1.9253009868751634,134,91,13945,13451,15603,8605,19701,27546,48546,36067,33138,23552,381,253,1047,3980,14031,43273,2456,57,283,6955,2523,55,311,604,15022,2201,392,5682
966,4466,966.0472462742622,99506,264,161,346,144,120064,71565,1.9258034691375394,127,82,13994,13504,15551,8578,19716,27529,48546,36067,33190,23634,380,252,1040,3984,13995,43326,2451,58,285,6918,2505,55,310,605,15046,2206,397,5693
967,4466,967.1647956124259,99506,266,162,346,144,120102,71593,1.926466745723876,136,75,14065,13614,15489,8543,19696,27460,48546,36067,33239,23712,380,252,1035,3985,13938,43409,2446,58,289,6883,2491,55,309,603,15064,2210,398,5701
968,4466,968.2830635880737,99506,268,159,346,144,120145,71613,1.92709987337447,131,80,14162,13713,15414,8498,19677,27404,48546,36067,33286,23787,377,252,1029,3986,13878,43483,2443,61,293,6856,2479,55,309,602,15080,2216,405,5702
969,4466,969.0292579543436,99506,259,162,346,144,120171,71633,1.9275621570558559,134,73,14206,13779,15364,8468,19689,27372,48546,36067,33331,23859,377,252,1028,3982,13838,43540,2441,61,293,6823,2466,55,308,602,15105,2215,410,5710
970,4466,970.1481055748358,99506,247,161,346,144,120201,71653,1.9280646393182321,149,75,14283,13903,15298,8436,19675,27279,48546,36067,33374,23929,376,251,1025,3976,13792,43607,2441,62,295,6790,2455,55,308,602,15125,2217,421,5708
971,4466,971.2676133730799,99506,259,160,346,144,120254,71680,1.928868610938034,141,77,14378,14007,15224,8397,19650,27213,48546,36067,33415,23996,376,251,1022,3975,13751,43675,2437,62,301,6763,2444,55,308,602,15132,2218,425,5709
972,4466,972.0147352460065,99506,267,154,346,144,120282,71694,1.92929069603843,133,77,14441,14075,15151,8369,19660,27179,48546,36067,33454,24060,376,251,1015,3977,13714,43727,2434,62,303,6735,2433,55,307,601,15151,2222,430,5713
973,4466,973.1350055908944,99506,253,153,346,144,120310,71717,1.9298032279460535,150,83,14534,14174,15074,8347,19641,27097,48546,36067,33491,24122,376,250,1009,3979,13682,43781,2429,62,306,6706,2422,55,306,601,15165,2226,440,5711
974,4466,974.256481148546,99506,257,153,346,144,120350,71736,1.9303961570156574,136,90,14647,14271,15013,8325,19599,27015,48546,36067,33527,24181,376,250,1002,3971,13659,43826,2429,62,307,6675,2414,55,305,601,15184,2232,444,5714
975,4466,975.0053909720215,99505,252,160,347,144,120384,71756,1.9309582433043566,129,88,14688,14321,14978,8310,19604,26975,48546,36067,33561,24238,376,250,1000,3974,13626,43875,2424,62,309,6642,2407,55,304,602,15205,2232,447,5715
976,4466,976.1291299073908,99505,225,153,347,144,120417,71774,1.9314707803627957,127,87,14785,14439,14936,8279,19578,26896,48546,36067,33593,24293,375,248,996,3975,13600,43934,2419,63,313,6619,2397,54,303,601,15209,2232,453,5714
977,4466,977.2545523711735,99505,222,145,347,144,120450,71797,1.9320335661524546,123,82,14853,14523,14893,8278,19560,26826,48546,36067,33624,24346,374,248,996,3974,13557,43994,2417,64,315,6593,2390,54,303,600,15223,2232,461,5710
978,4466,978.0054917489548,99505,223,144,347,144,120473,71810,1.9323953570172354,118,75,14918,14587,14847,8257,19545,26791,48546,36067,33654,24397,374,248,993,3974,13526,44039,2416,64,313,6570,2386,54,303,599,15236,2233,466,5711
979,4466,979.1329267424284,99505,224,150,347,144,120506,71842,1.9330485905230892,127,64,15014,14687,14771,8236,19515,26717,48546,36067,33682,24446,373,247,991,3972,13508,44081,2413,65,313,6545,2378,54,303,599,15248,2230,471,5714
980,4466,980.2620950596521,99505,226,150,347,144,120542,71861,1.9336013265665042,129,64,15109,14805,14712,8208,19475,26627,48546,36067,33709,24493,373,247,986,3972,13480,44128,2411,64,315,6526,2370,54,301,601,15255,2231,474,5717
981,4466,981.0159068605254,99505,242,149,347,144,120575,71874,1.934063614893724,115,63,15163,14872,14673,8193,19458,26577,48546,36067,33735,24538,373,247,983,3969,13464,44161,2410,64,316,6504,2358,54,300,600,15267,2233,475,5727
982,4466,982.148213731769,99505,241,147,347,144,120611,71894,1.9346264006833827,108,65,15258,14974,14619,8171,19425,26497,48546,36067,33760,24582,373,246,981,3967,13444,44204,2408,64,317,6485,2353,54,299,601,15269,2234,481,5725
983,4466,983.2824491194494,99505,237,142,347,144,120643,71911,1.9351188382493343,99,69,15350,15100,14568,8149,19397,26394,48546,36067,33784,24624,372,246,979,3967,13425,44239,2406,65,321,6463,2344,53,296,604,15280,2234,492,5719
984,4466,984.0396703927323,99505,230,139,347,144,120657,71923,1.9353801316516759,104,74,15403,15176,14522,8127,19392,26338,48546,36067,33807,24664,372,246,975,3968,13401,44270,2403,65,324,6449,2338,53,296,604,15290,2237,497,5717
985,4466,985.1761833615179,99505,221,144,347,144,120688,71950,1.9359630169338224,110,68,15517,15288,14461,8100,19342,26254,48546,36067,33829,24703,371,245,972,3963,13375,44312,2402,65,325,6436,2335,52,295,604,15297,2240,503,5713
986,4466,986.3156804543503,99505,228,136,347,144,120718,71966,1.936425305261042,115,72,15619,15384,14401,8086,19288,26176,48546,36067,33850,24741,371,245,968,3964,13346,44350,2400,65,327,6420,2328,52,294,605,15307,2242,509,5712
987,4466,987.0767718087459,99505,231,136,347,144,120741,71977,1.936766996633335,116,81,15670,15435,14365,8067,19269,26135,48546,36067,33870,24777,371,244,962,3965,13326,44380,2398,65,328,6411,2322,51,293,605,15312,2246,511,5715
988,4466,988.2200684758542,99505,238,136,347,144,120774,71999,1.93731973267675,116,83,15778,15567,14301,8036,19218,26032,48546,36067,33889,24812,371,243,958,3962,13309,44412,2398,65,332,6394,2313,51,293,605,15320,2248,516,5715
989,4466,989.366227418848,99505,235,133,347,144,120813,72027,1.9379930656750917,115,74,15895,15689,14247,8013,19159,25945,48546,36067,33908,24846,369,243,955,3958,13293,44452,2396,67,334,6379,2306,50,292,603,15323,2249,523,5713
990,4466,990.1322723278294,99505,229,135,347,144,120837,72041,1.9383749560323602,109,68,15943,15750,14225,7999,19145,25902,48546,36067,33926,24878,369,243,952,3954,13274,44486,2396,67,333,6369,2303,50,290,603,15325,2251,526,5714
991,4466,991.2829968439609,99505,242,131,347,144,120881,72051,1.9389176423295311,100,74,16038,15876,14168,7958,19103,25815,48546,36067,33943,24909,369,243,950,3954,13259,44518,2394,67,331,6355,2300,50,289,603,15328,2251,531,5713
992,4466,992.0515818924857,99504,235,130,348,144,120902,72065,1.9392888728091333,98,73,16111,15949,14142,7948,19064,25754,48546,36067,33959,24939,369,241,948,3952,13251,44540,2392,67,331,6340,2298,50,288,604,15335,2252,535,5711
993,4466,993.2073520842491,99504,223,122,348,144,120923,72084,1.9396908666988262,110,72,16196,16084,14109,7945,19012,25631,48546,36067,33975,24968,369,240,946,3948,13243,44574,2390,67,330,6320,2295,50,287,604,15339,2252,540,5710
994,4466,994.3663728905827,99504,206,126,348,144,120946,72104,1.940123010130246,116,66,16292,16191,14071,7927,18965,25544,48546,36067,33990,24996,368,239,944,3947,13232,44604,2389,68,331,6303,2292,50,287,603,15344,2251,545,5707
995,4466,995.1406125371665,99504,193,130,348,144,120965,72123,1.9405049043254543,126,57,16358,16263,14033,7920,18940,25484,48546,36067,34005,25023,368,237,943,3954,13221,44627,2380,68,332,6292,2287,50,287,603,15348,2251,546,5710
996,4466,996.3042415554023,99504,190,122,348,144,121003,72141,1.9410676957710242,120,60,16464,16373,13982,7920,18894,25379,48546,36067,34019,25049,368,236,940,3947,13206,44674,2378,68,338,6278,2281,50,287,602,15343,2252,548,5708
997,4466,997.0816315492608,99504,183,119,348,144,121026,72150,1.9413892908827786,117,63,16519,16452,13956,7900,18875,25320,48546,36067,34032,25074,367,235,938,3947,13201,44694,2374,69,339,6262,2278,50,287,602,15350,2253,550,5708
998,4466,998.2495933288536,99504,182,118,348,144,121054,72174,1.9419118829393793,117,57,16641,16574,13897,7884,18813,25221,48546,36067,34045,25098,367,234,935,3947,13189,44728,2374,69,345,6250,2270,50,285,602,15345,2255,552,5707
999,4466,999.030189013196,99504,195,111,348,144,121082,72181,1.9422636275928606,111,61,16698,16638,13859,7873,18787,25171,48546,36067,34057,25121,367,233,932,3947,13185,44742,2372,69,344,6238,2267,50,285,602,15351,2257,559,5704
1000,4466,1000.2035009924416,99504,184,118,348,144,121111,72198,1.9427259205660075,105,56,16806,16744,13821,7842,18734,25094,48546,36067,34069,25144,367,233,932,3943,13174,44768,2371,69,345,6227,2263,50,284,603,15353,2256,561,5705
1001,4466,1001.3805385656368,99504,190,113,348,144,121143,72216,1.9432284129281234,106,64,16915,16833,13764,7828,18675,25016,48546,36067,34081,25166,367,233,930,3943,13161,44799,2370,69,346,6210,2261,50,282,602,15358,2256,563,5704
1002,4466,1002.1669968619577,99504,199,105,348,144,121166,72224,1.9435399581926354,99,63,16990,16914,13723,7824,18639,24948,48546,36067,34092,25187,367,233,928,3944,13145,44822,2367,69,348,6202,2258,50,282,602,15361,2258,566,5702
1003,4466,1003.3495122777745,99504,205,111,348,144,121205,72242,1.944112799485448,99,65,17095,17006,13680,7805,18571,24867,48546,36067,34103,25207,366,233,928,3946,13124,44857,2364,70,348,6190,2256,50,282,602,15360,2258,568,5702
1004,4466,1004.1401628545244,99504,200,109,348,144,121225,72253,1.9444243447499598,101,71,17159,17064,13655,7802,18535,24808,48546,36067,34113,25227,366,233,925,3945,13122,44875,2361,70,348,6179,2254,50,281,602,15362,2259,572,5700
1005,4466,1005.3292406330493,99504,205,121,348,144,121263,72277,1.9450474352789837,96,61,17264,17167,13614,7787,18471,24718,48546,36067,34123,25246,365,232,923,3946,13111,44900,2359,71,351,6170,2251,50,280,601,15363,2259,574,5698
1006,4466,1006.1242504550174,99504,201,113,348,144,121275,72288,1.9452785817655571,109,59,17333,17242,13581,7774,18426,24666,48546,36067,34133,25264,364,232,920,3944,13110,44918,2358,72,353,6160,2246,49,280,601,15364,2258,578,5697
1007,4466,1007.3201280762565,99504,202,111,348,144,121307,72307,1.9457911239749155,106,54,17430,17350,13537,7759,18375,24580,48546,36067,34142,25282,364,231,919,3942,13095,44950,2356,72,353,6154,2243,49,280,601,15361,2256,582,5696
1008,4466,1008.1193078087708,99504,194,106,348,144,121329,72317,1.9461127190866698,102,56,17482,17423,13528,7748,18344,24521,48546,36067,34151,25299,364,230,919,3943,13077,44980,2354,71,354,6144,2240,49,280,601,15362,2256,583,5697
1009,4466,1009.3211084071002,99504,183,116,348,144,121360,72341,1.9466654606849976,88,47,17591,17531,13514,7729,18274,24431,48546,36067,34160,25316,364,230,918,3943,13066,45007,2350,71,359,6138,2234,49,280,600,15360,2255,585,5695
1010,4466,1010.1249591735022,99504,184,113,348,144,121381,72353,1.9469971056439943,83,44,17664,17624,13482,7712,18237,24361,48546,36067,34168,25332,362,229,916,3941,13064,45026,2350,73,362,6129,2228,49,280,599,15361,2254,585,5696
1011,4466,1011.3339624875764,99504,188,103,348,144,121407,72369,1.9474191992281717,86,39,17759,17739,13439,7706,18178,24267,48546,36067,34176,25348,362,229,915,3939,13054,45048,2350,73,364,6120,2224,49,280,597,15363,2254,592,5691
1012,4466,1012.1422143187026,99503,182,99,349,144,121423,72379,1.947700069344643,91,39,17833,17828,13413,7691,18130,24197,48546,36067,34184,25363,362,229,914,3938,13037,45075,2349,73,366,6120,2221,49,278,598,15358,2253,595,5688
1013,4466,1013.3582984272144,99503,189,84,349,144,121451,72389,1.948081967377868,90,41,17924,17947,13376,7690,18070,24092,48546,36067,34191,25378,362,229,914,3935,13031,45098,2348,73,367,6109,2218,49,278,598,15357,2252,602,5683
1014,4466,1014.1713458830577,99503,190,86,349,144,121474,72399,1.9484136156698793,88,47,18003,18031,13348,7674,18020,24016,48546,36067,34198,25392,359,229,914,3931,13029,45111,2348,76,368,6104,2215,49,278,598,15357,2250,604,5683
1015,4466,1015.3937466736577,99503,180,96,349,144,121497,72422,1.9488759132890465,102,41,18110,18156,13317,7648,17940,23913,48546,36067,34205,25406,358,229,914,3929,13012,45143,2347,77,368,6099,2212,49,278,598,15351,2250,605,5684
1016,4466,1016.2058370941073,99503,169,94,349,144,121516,72427,1.9491171120468729,98,47,18188,18234,13296,7624,17898,23855,48546,36067,34212,25419,357,229,911,3926,13005,45161,2347,78,367,6095,2210,49,278,598,15350,2251,606,5685
1017,4466,1017.0148697547352,99503,171,80,349,144,121537,72430,1.9493583108046995,99,53,18263,18325,13260,7621,17856,23775,48546,36067,34219,25432,357,229,910,3927,12995,45185,2344,78,371,6090,2205,49,278,598,15344,2251,610,5682
1018,4466,1018.2219872650053,99503,172,78,349,144,121562,72446,1.9497703586826527,96,50,18359,18438,13214,7607,17808,23681,48546,36067,34225,25445,356,229,908,3924,12989,45205,2343,79,372,6083,2203,49,278,598,15344,2250,614,5679
1019,4466,1019.0232164356478,99503,169,84,349,144,121581,72459,1.9500919570264212,94,47,18435,18512,13182,7593,17769,23618,48546,36067,34231,25457,355,228,908,3920,12984,45222,2341,80,372,6079,2201,49,278,598,15344,2249,614,5681
1020,4466,1020.2192956317721,99503,170,74,349,144,121607,72468,1.9504437052149182,99,52,18547,18618,13137,7579,17696,23531,48546,36067,34237,25469,355,227,908,3916,12981,45245,2341,80,372,6070,2199,49,278,598,15342,2246,616,5680
1021,4466,1021.0126167779222,99502,178,79,349,145,121627,72481,1.9507949588952986,97,49,18617,18720,13101,7563,17656,23442,48546,36067,34243,25480,355,227,907,3914,12975,45259,2341,80,372,6066,2198,49,278,597,15340,2247,621,5676
1022,4466,1022.1969035530283,99502,184,77,349,145,121660,72495,1.9512673112098249,89,51,18705,18830,13067,7543,17604,23352,48546,36067,34249,25491,355,227,906,3909,12979,45272,2339,80,374,6058,2196,49,278,596,15340,2247,625,5672
1023,4466,1023.3753238285037,99502,163,70,349,145,121672,72510,1.9515386625394464,88,54,18816,18934,13041,7532,17541,23263,48546,36067,34254,25502,355,227,902,3903,12977,45291,2338,80,378,6054,2192,49,278,596,15339,2247,629,5667
1024,4466,1024.157414193074,99502,160,70,349,145,121682,72518,1.9517195634258608,91,55,18868,19013,13015,7512,17515,23203,48546,36067,34259,25512,355,227,901,3902,12968,45306,2338,80,378,6051,2192,49,277,597,15338,2247,631,5665
1025,4466,1025.3259338717894,99502,160,80,349,145,121707,72538,1.9521718156418966,81,47,18981,19120,12979,7498,17448,23108,48546,36067,34264,25522,355,227,900,3900,12961,45326,2337,80,379,6047,2188,49,277,596,15335,2246,632,5667
1026,4466,1026.10110958215,99502,155,79,349,145,121717,72548,1.9523728166268015,85,45,19061,19194,12948,7485,17400,23050,48546,36067,34269,25532,354,227,899,3898,12959,45337,2337,81,377,6042,2187,49,276,596,15334,2247,636,5666
1027,4466,1027.257977103384,99502,149,85,349,145,121737,72568,1.9527748185966112,87,43,19169,19306,12909,7454,17335,22965,48546,36067,34274,25542,353,227,896,3894,12958,45357,2336,82,378,6037,2185,49,275,594,15332,2248,636,5665
1028,4466,1028.0254449041604,99502,147,88,349,145,121752,72578,1.9530260698277422,88,41,19226,19374,12895,7441,17293,22909,48546,36067,34279,25551,352,227,895,3890,12956,45370,2336,83,378,6029,2185,49,275,594,15333,2249,637,5664
1029,4466,1029.1723739912668,99502,143,84,349,145,121777,72588,1.9533778215513256,87,40,19325,19490,12860,7426,17234,22813,48546,36067,34283,25560,352,227,894,3885,12960,45382,2333,83,379,6024,2182,49,275,594,15330,2250,641,5662
1030,4466,1030.3137195084971,99502,145,85,349,145,121802,72601,1.9537597234226447,78,46,19429,19586,12832,7415,17165,22721,48546,36067,34287,25569,352,227,891,3886,12959,45395,2328,83,379,6016,2180,49,275,594,15331,2252,647,5658
1031,4466,1031.0712326154578,99502,143,82,349,145,121820,72611,1.9540411248015115,80,46,19488,19652,12827,7409,17111,22664,48546,36067,34291,25577,352,227,889,3886,12950,45410,2325,83,379,6015,2179,49,275,594,15329,2254,651,5655
1032,4466,1032.2030183332492,99502,139,84,349,145,121839,72624,1.9543627263773593,83,44,19578,19752,12801,7388,17048,22585,48546,36067,34295,25585,352,226,889,3888,12943,45426,2322,83,380,6011,2177,49,275,594,15327,2253,653,5654
1033,4466,1033.3297221896787,99502,140,87,349,145,121863,72636,1.954724528150188,78,51,19680,19836,12769,7369,16982,22510,48546,36067,34299,25593,352,226,888,3886,12936,45444,2321,83,383,6006,2174,49,275,594,15325,2253,654,5653
1034,4466,1034.0777402022918,99502,142,89,349,145,121882,72647,1.9550260296275452,72,51,19740,19921,12752,7359,16943,22433,48546,36067,34303,25601,352,226,884,3887,12933,45453,2320,83,383,5999,2174,49,275,594,15328,2255,658,5649
1035,4466,1035.195004094708,99502,141,97,349,145,121896,72665,1.9553476312033928,76,46,19832,20033,12711,7342,16889,22335,48546,36067,34307,25609,352,226,884,3887,12930,45464,2317,83,383,5994,2172,49,275,594,15329,2255,661,5647
1036,4466,1036.3069597646218,99502,134,92,349,145,121916,72677,1.9556692327792407,74,45,19931,20121,12685,7332,16825,22263,48546,36067,34311,25616,352,226,883,3885,12930,45476,2315,83,383,5988,2172,49,275,594,15328,2255,665,5643
1037,4466,1037.0454154310999,99502,134,92,349,145,121929,72685,1.9558802838133906,74,49,20014,20174,12652,7325,16775,22213,48546,36067,34315,25623,352,225,882,3885,12928,45485,2314,83,382,5985,2171,49,275,594,15329,2253,667,5643
1038,4466,1038.147753477656,99502,134,95,349,145,121948,72698,1.9562018853892384,74,47,20116,20277,12608,7301,16717,22133,48546,36067,34318,25630,351,225,881,3884,12922,45497,2312,84,383,5982,2168,49,275,594,15331,2252,668,5644
1039,4466,1039.2442183588,99502,132,88,349,145,121961,72707,1.9564229864726337,81,46,20220,20375,12567,7283,16649,22061,48546,36067,34321,25637,350,225,880,3882,12923,45506,2312,85,383,5978,2166,49,275,594,15329,2251,674,5640
1040,4466,1040.335216069375,99502,125,88,349,145,121978,72721,1.9567345379992362,79,41,20298,20483,12533,7271,16614,21970,48546,36067,34324,25644,350,225,879,3880,12920,45522,2311,84,385,5971,2164,49,275,594,15328,2251,676,5638
1041,4466,1041.0603428478628,99502,130,86,349,145,121995,72727,1.9569656891318767,71,45,20351,20543,12515,7261,16582,21918,48546,36067,34327,25650,350,225,878,3879,12919,45529,2310,84,386,5969,2162,49,275,594,15327,2251,679,5636
1042,4466,1042.1444509361613,99502,117,81,349,145,122012,72737,1.9572370404614983,74,49,20434,20630,12496,7250,16528,21843,48546,36067,34330,25656,350,222,875,3882,12917,45545,2306,84,386,5966,2162,49,275,593,15323,2253,680,5634
1043,4466,1043.224146515018,99502,119,81,349,145,122034,72749,1.9575787421358364,78,51,20517,20713,12469,7233,16466,21775,48546,36067,34333,25662,350,222,874,3880,12916,45559,2306,84,386,5961,2161,49,274,592,15321,2253,681,5633
1044,4466,1044.2997321161065,99502,132,77,349,145,122061,72762,1.957980744105646,71,47,20601,20809,12445,7224,16400,21696,48546,36067,34336,25668,350,222,874,3877,12911,45575,2306,84,388,5957,2158,49,274,592,15319,2252,684,5630
1045,4466,1045.014340159865,99502,133,74,349,145,122072,72769,1.9581616449920605,79,45,20651,20881,12415,7217,16371,21636,48546,36067,34339,25674,350,222,874,3876,12907,45584,2306,84,387,5953,2158,49,274,592,15320,2251,687,5628
1046,4466,1046.0825681227595,99502,130,76,349,145,122087,72781,1.958432996321682,72,43,20751,20970,12383,7203,16313,21561,48546,36067,34342,25680,350,222,872,3878,12902,45593,2303,84,389,5950,2156,49,274,592,15322,2251,691,5624
1047,4466,1047.145793638258,99502,119,68,349,145,122100,72785,1.9586038471588512,84,48,20854,21072,12343,7191,16249,21474,48546,36067,34345,25685,349,221,872,3883,12898,45611,2297,85,389,5948,2153,49,274,591,15317,2248,693,5624
1048,4466,1048.2039081050866,99502,123,71,349,145,122119,72796,1.9589053486362082,90,47,20940,21161,12297,7169,16199,21405,48546,36067,34348,25690,349,221,872,3883,12894,45623,2296,85,390,5945,2152,49,274,591,15314,2247,695,5622
1049,4466,1049.257358495698,99502,128,80,349,145,122144,72812,1.9593174006552632,83,40,21033,21262,12262,7147,16143,21324,48546,36067,34351,25695,348,221,872,3879,12889,45635,2296,86,392,5942,2150,49,274,591,15314,2247,697,5620
1050,4466,1050.305969187584,99502,132,86,349,145,122168,72824,1.9596792024280918,74,36,21148,21349,12220,7128,16075,21254,48546,36067,34353,25700,348,221,872,3879,12886,45643,2294,86,393,5939,2149,49,274,591,15314,2247,698,5619
1051,4466,1051.0020300641747,99502,123,86,349,145,122176,72832,1.9598400032160157,76,35,21208,21404,12203,7121,16039,21207,48546,36067,34355,25705,348,221,871,3879,12890,45650,2292,86,394,5935,2147,49,274,591,15310,2247,700,5618
1052,4466,1052.042328723561,99502,119,79,349,145,122192,72838,1.9600611042994112,83,39,21293,21495,12179,7101,15975,21139,48546,36067,34357,25710,348,221,870,3873,12886,45667,2292,86,396,5933,2144,49,274,591,15308,2245,700,5619
1053,4466,1053.078224152797,99502,127,80,349,145,122214,72849,1.960392755924504,82,37,21387,21584,12139,7085,15914,21067,48546,36067,34359,25715,348,221,870,3871,12886,45676,2291,86,397,5927,2142,49,274,591,15308,2245,702,5618
1054,4466,1054.1098460004084,99502,131,77,349,145,122234,72860,1.9607043074511066,79,36,21468,21670,12103,7068,15868,21002,48546,36067,34361,25720,348,221,870,3872,12887,45688,2289,86,400,5920,2139,49,273,591,15305,2244,704,5616
1055,4466,1055.137376195012,99502,128,70,349,145,122248,72867,1.9609153584852566,85,39,21571,21766,12059,7056,15806,20922,48546,36067,34363,25724,348,220,869,3871,12885,45698,2289,86,401,5916,2138,49,272,590,15307,2243,707,5613
1056,4466,1056.1602043472137,99502,134,65,349,145,122269,72874,1.9611967598641233,78,37,21653,21858,12029,7048,15755,20845,48546,36067,34365,25728,347,220,868,3871,12880,45712,2288,87,403,5912,2136,49,272,589,15305,2244,708,5611
1057,4466,1057.1793500381814,99502,139,67,349,145,122287,72888,1.9615183614399712,78,32,21723,21946,11996,7040,15713,20768,48546,36067,34367,25732,347,220,867,3870,12877,45723,2288,87,404,5910,2135,49,272,589,15301,2244,712,5607
1058,4466,1058.1949535600204,99502,131,77,349,145,122301,72904,1.9618198629173282,71,32,21814,22021,11978,7008,15655,20715,48546,36067,34369,25736,347,218,867,3874,12875,45730,2284,87,404,5907,2135,49,272,589,15301,2244,712,5607
1059,4466,1059.2066859701097,99502,117,74,349,145,122313,72909,1.9619907137544974,79,34,21898,22105,11964,6988,15591,20652,48546,36067,34371,25740,347,217,867,3872,12869,45746,2283,87,403,5904,2135,49,272,589,15299,2243,716,5604
1060,4466,1060.2144692766663,99502,121,76,349,145,122337,72921,1.962352515527326,72,35,21989,22195,11927,6964,15540,20583,48546,36067,34373,25744,347,216,867,3870,12872,45758,2283,87,402,5901,2135,49,271,590,15293,2241,718,5602
1061,4466,1061.2180532830746,99502,122,72,349,145,122353,72930,1.962603766758457,81,31,22077,22307,11887,6942,15482,20501,48546,36067,34375,25748,346,216,866,3868,12867,45772,2283,88,404,5898,2133,49,271,590,15289,2242,721,5599
1062,4466,1062.2175821901305,99502,123,67,349,145,122372,72935,1.9628449679403428,74,35,22142,22396,11870,6919,15440,20436,48546,36067,34377,25752,346,216,866,3865,12869,45781,2283,88,406,5894,2130,49,271,590,15285,2242,722,5599
1063,4466,1063.214020356484,99502,116,67,349,145,122390,72947,1.9631464694177,75,32,22220,22484,11849,6906,15389,20364,48546,36067,34379,25756,346,215,866,3865,12865,45794,2280,88,405,5892,2130,49,271,590,15283,2241,726,5596
1064,4466,1064.2070071370038,99502,120,61,349,145,122407,72952,1.9633675705010956,74,36,22314,22562,11805,6900,15336,20294,48546,36067,34381,25760,346,215,865,3867,12869,45802,2276,88,405,5886,2130,49,271,590,15281,2240,726,5596
1065,4466,1065.195839665717,99502,118,65,349,145,122421,72965,1.9636389218307169,75,29,22393,22628,11781,6889,15282,20242,48546,36067,34383,25764,346,215,864,3867,12864,45813,2275,88,405,5885,2130,49,270,590,15279,2240,730,5592
1066,4466,1066.1812279061096,99502,114,65,349,145,122435,72974,1.9638700729633576,76,30,22477,22715,11754,6881,15228,20162,48546,36067,34385,25767,345,215,864,3866,12863,45824,2271,89,406,5882,2128,49,270,590,15277,2240,731,5592
1067,4466,1067.1631333265602,99502,123,54,349,145,122458,72978,1.964141424292979,71,36,22548,22793,11727,6878,15180,20092,48546,36067,34387,25770,344,215,864,3864,12865,45834,2270,90,409,5877,2124,49,270,590,15275,2239,731,5592
1068,4466,1068.1418922011962,99502,121,56,349,145,122472,72985,1.964352475327129,72,41,22625,22861,11702,6864,15129,20031,48546,36067,34389,25773,343,215,864,3863,12863,45845,2269,91,410,5875,2122,49,270,590,15271,2238,732,5592
1069,4466,1069.1172520449768,99502,129,57,349,145,122493,72994,1.9646539768044864,62,40,22716,22941,11666,6849,15076,19966,48546,36067,34391,25776,343,215,863,3862,12866,45853,2268,91,410,5871,2121,49,270,590,15269,2236,734,5591
1070,4466,1070.0888358985826,99502,131,58,349,145,122510,73002,1.9649052280356174,62,38,22797,23021,11639,6838,15020,19898,48546,36067,34393,25779,343,215,863,3863,12864,45860,2266,91,411,5870,2120,49,269,591,15268,2235,733,5591
1071,4466,1071.056853761684,99502,123,57,349,145,122523,73012,1.965136379168258,66,36,22872,23101,11621,6833,14967,19826,48546,36067,34395,25782,343,215,862,3860,12865,45871,2265,91,412,5867,2118,49,269,590,15267,2234,732,5592
1072,4466,1072.0217636596449,99502,117,58,349,145,122534,73018,1.965307230005427,67,34,22948,23188,11603,6811,14914,19762,48546,36067,34397,25785,343,215,862,3862,12864,45877,2263,91,413,5865,2115,49,269,590,15266,2233,732,5593
1073,4466,1073.3031631432946,99502,116,59,349,145,122553,73030,1.9656187815320294,63,36,23063,23274,11562,6794,14845,19690,48546,36067,34399,25788,343,215,861,3861,12861,45891,2262,91,413,5862,2115,49,269,589,15263,2232,735,5590
1074,4466,1074.2600251494746,99502,111,63,349,145,122566,73041,1.9658599827139154,62,30,23144,23348,11539,6784,14793,19628,48546,36067,34400,25791,343,215,860,3861,12863,45899,2260,91,413,5857,2115,49,269,589,15262,2231,737,5588
1075,4466,1075.2139976979215,99502,117,58,349,145,122582,73049,1.9661011838958011,66,29,23215,23429,11508,6776,14743,19561,48546,36067,34401,25794,343,214,860,3863,12860,45910,2259,91,413,5854,2114,49,269,589,15259,2230,738,5587
1076,4466,1076.164751415385,99502,115,60,349,145,122597,73057,1.9663323350284416,64,29,23293,23512,11483,6760,14694,19492,48546,36067,34402,25797,343,214,860,3860,12862,45921,2259,91,414,5853,2113,49,269,588,15254,2227,738,5587
1077,4466,1077.1121819813827,99502,108,55,349,145,122609,73064,1.9665232859641013,66,28,23370,23587,11463,6744,14642,19439,48546,36067,34403,25800,343,213,859,3861,12857,45936,2258,91,414,5851,2113,49,269,588,15250,2226,738,5586
1078,4466,1078.0567322229485,99502,108,50,349,145,122622,73069,1.9667041868505155,61,30,23426,23667,11437,6726,14617,19380,48546,36067,34404,25803,343,213,859,3859,12857,45947,2257,91,414,5848,2113,49,269,588,15247,2225,740,5583
1079,4466,1079.3127209981553,99502,108,52,349,145,122644,73078,1.967015738377118,52,26,23500,23762,11409,6709,14580,19304,48546,36067,34405,25806,343,213,859,3856,12854,45959,2256,91,414,5845,2112,49,269,588,15246,2225,742,5581
1080,4466,1080.2520426404578,99502,101,52,349,145,122652,73083,1.9671463890173062,53,26,23568,23822,11385,6699,14542,19254,48546,36067,34406,25809,343,213,858,3856,12852,45965,2255,91,415,5844,2110,49,269,588,15245,2225,743,5581
1081,4466,1081.1888480278349,99502,107,51,349,145,122669,73092,1.9674076902976825,50,23,23642,23905,11359,6687,14491,19187,48546,36067,34407,25812,343,213,857,3854,12853,45970,2254,91,418,5841,2107,49,268,588,15246,2226,746,5578
1082,4466,1082.1228837135798,99502,105,51,349,145,122681,73094,1.9675483909871159,50,27,23705,23972,11336,6671,14453,19132,48546,36067,34408,25814,343,213,856,3853,12853,45975,2253,91,418,5839,2107,49,268,588,15245,2227,748,5576
1083,4466,1083.0543608733626,99502,98,48,349,145,122690,73095,1.9676488914795682,55,37,23767,24028,11326,6666,14403,19074,48546,36067,34409,25816,342,213,856,3854,12849,45983,2252,92,420,5836,2104,49,268,587,15245,2227,750,5575
1084,4466,1084.2923509596076,99502,93,48,349,145,122702,73103,1.9678498924644732,61,39,23846,24130,11294,6647,14355,18989,48546,36067,34410,25818,342,213,855,3856,12847,45992,2249,92,422,5832,2101,49,268,587,15245,2226,751,5575
1085,4466,1085.218112219192,99502,102,50,349,145,122717,73112,1.968091093646359,55,38,23921,24202,11267,6627,14304,18936,48546,36067,34411,25820,342,213,854,3856,12846,45998,2249,92,422,5832,2100,49,268,586,15243,2225,751,5576
1086,4466,1086.1411730770892,99502,102,57,349,145,122730,73124,1.96834234487749,52,44,23992,24270,11234,6610,14269,18872,48546,36067,34412,25822,341,213,853,3856,12844,46005,2248,93,423,5831,2098,49,268,586,15240,2226,752,5576
1087,4466,1087.0614124679453,99502,99,57,349,145,122744,73132,1.9685634459608852,50,41,24048,24340,11220,6597,14232,18818,48546,36067,34413,25824,340,213,852,3857,12847,46013,2246,94,424,5827,2097,49,268,586,15237,2224,754,5574
1088,4466,1088.2850530961748,99502,103,61,349,145,122762,73146,1.968885047536733,44,35,24146,24421,11190,6586,14166,18750,48546,36067,34414,25826,339,213,851,3856,12847,46024,2246,95,424,5825,2097,49,268,586,15231,2224,756,5571
1089,4466,1089.1996448181317,99502,104,59,349,145,122770,73153,1.9690357982754116,52,37,24202,24496,11158,6571,14133,18690,48546,36067,34415,25828,338,213,851,3855,12847,46033,2246,96,424,5822,2097,49,268,586,15227,2223,757,5570
1090,4466,1090.1116498304998,99502,105,55,349,145,122781,73158,1.9691965990633353,55,40,24277,24567,11138,6561,14074,18630,48546,36067,34416,25830,338,212,851,3854,12847,46040,2245,96,425,5820,2095,49,268,585,15227,2222,757,5571
1091,4466,1091.0209631235336,99502,101,55,349,145,122792,73161,1.9693372997527687,59,42,24339,24649,11116,6548,14034,18559,48546,36067,34417,25832,338,212,850,3854,12846,46049,2244,96,425,5818,2095,49,268,584,15224,2222,757,5571
1092,4466,1092.2299262940146,99502,92,60,349,145,122804,73174,1.9695885509838997,63,41,24412,24749,11102,6516,13980,18487,48546,36067,34418,25834,338,212,848,3854,12846,46057,2243,96,425,5815,2095,49,268,583,15223,2222,757,5571
1093,4466,1093.1342048775755,99502,87,66,349,145,122819,73187,1.9698699523627665,63,35,24489,24812,11078,6504,13932,18436,48546,36067,34419,25836,338,212,848,3851,12845,46067,2242,96,428,5815,2092,49,268,583,15220,2220,759,5569
1094,4466,1094.035759568254,99502,91,69,349,145,122833,73203,1.9701714538401238,56,27,24552,24891,11051,6494,13899,18372,48546,36067,34420,25838,338,210,848,3853,12843,46075,2241,96,431,5811,2089,49,268,583,15219,2220,761,5567
