,indexID,time,N,Inf_L,Inf_H,Dead_L,Dead_H,cum_cases_L,cum_cases_H,cum_sum_per_N,Exposed_L,Exposed_H,Sus_L,Sus_H,Rec_nat_L,Rec_nat_H,Rec_vax_L,Rec_vax_H,vaccinatedH,vaccinatedL,boostedH,boostedL,count_Naive,count_Delta,count_Delta_vaccine,count_two,count_three,count_four,count_Omicron,count_Omicron_star,count_Omicron_star_vaccine,count_Omicron_vaccine,count_Vaccine,count_WT,count_WT_vaccine,count_WT_vaccine_boost,count_Omicron_vaccine_boost,count_Delta_vaccine_boost,count_Omicron_star_vaccine_boost,count_Vaccine_boost
0,5545,1.0347326341111165,99996,7,7,0,0,7,7,0.00014000560022400896,18,18,49973,49973,0,0,0,0,0,0,0,0,99996,0,0,0,0,0,0,0,0,0,0,0,0,0,0,0,0,0
1,5545,2.1266307335463837,99996,8,8,0,0,10,9,0.00019000760030401216,18,17,49970,49972,2,1,0,0,0,0,0,0,99993,0,0,0,0,0,0,0,0,0,0,3,0,0,0,0,0,0
2,5545,3.008553702429459,99996,11,10,0,0,16,14,0.0003000120004800192,14,13,49968,49971,5,4,0,0,0,0,0,0,99987,0,0,0,0,0,0,0,0,0,0,9,0,0,0,0,0,0
3,5545,4.1115782957988785,99995,12,14,1,0,21,21,0.0004200210010500525,11,7,49966,49970,8,7,0,0,0,0,0,0,99980,0,0,0,0,0,0,0,0,0,0,15,0,0,0,0,0,0
4,5545,5.0325736796049485,99995,12,12,1,0,25,21,0.0004600230011500575,8,7,49965,49970,12,9,0,0,0,0,0,0,99974,0,0,0,0,0,0,0,0,0,0,21,0,0,0,0,0,0
5,5545,6.008566695156088,99995,8,8,1,0,27,23,0.0005000250012500625,9,6,49962,49969,18,15,0,0,0,0,0,0,99962,0,0,0,0,0,0,0,0,0,0,33,0,0,0,0,0,0
6,5545,7.003469658891786,99995,10,9,1,0,30,25,0.0005500275013750688,8,5,49960,49968,19,16,0,0,0,0,0,0,99960,0,0,0,0,0,0,0,0,0,0,35,0,0,0,0,0,0
7,5545,8.064627785762761,99995,10,8,1,0,32,27,0.0005900295014750738,7,4,49959,49968,21,18,0,0,0,0,0,0,99955,0,0,0,0,0,0,0,0,0,0,40,0,0,0,0,0,0
8,5545,9.223624303699427,99995,6,7,1,0,32,30,0.0006200310015500775,9,3,49957,49966,25,22,0,0,0,0,0,0,99947,0,0,0,0,0,0,0,0,0,0,48,0,0,0,0,0,0
9,5545,10.08588001353109,99995,9,9,1,0,36,32,0.000680034001700085,6,1,49956,49967,26,21,0,0,0,0,0,0,99946,0,0,0,0,0,0,0,0,0,0,49,0,0,0,0,0,0
10,5545,11.229121574369092,99995,10,8,1,0,38,32,0.0007000350017500875,5,1,49955,49968,27,21,0,0,0,0,0,0,99944,0,0,0,0,0,0,0,0,0,0,51,0,0,0,0,0,0
11,5545,12.159833245902371,99995,11,6,1,0,40,32,0.00072003600180009,3,2,49955,49967,28,23,0,0,0,0,0,0,99941,0,0,0,0,0,0,0,0,0,0,54,0,0,0,0,0,0
12,5545,13.083197524703689,99995,13,6,1,0,42,33,0.0007500375018750937,3,2,49953,49966,28,24,0,0,0,0,0,0,99940,0,0,0,0,0,0,0,0,0,0,55,0,0,0,0,0,0
13,5545,14.16097146557265,99995,12,8,1,0,44,35,0.0007900395019750987,2,3,49952,49963,31,24,0,0,0,0,0,0,99937,0,0,0,0,0,0,0,0,0,0,58,0,0,0,0,0,0
14,5545,15.079424887162777,99995,9,7,1,0,44,35,0.0007900395019750987,4,5,49951,49961,33,25,0,0,0,0,0,0,99933,0,0,0,0,0,0,0,0,0,0,62,0,0,0,0,0,0
15,5545,16.264897794161982,99995,9,7,1,0,46,36,0.0008200410020501025,5,4,49949,49961,34,26,0,0,0,0,0,0,99930,0,0,0,0,0,0,0,0,0,0,65,0,0,0,0,0,0
16,5545,17.0236107067098,99995,11,6,1,0,48,37,0.0008500425021251062,6,3,49946,49961,34,28,0,0,0,0,0,0,99928,0,0,0,0,0,0,0,0,0,0,67,0,0,0,0,0,0
17,5545,18.18221350443527,99995,12,6,1,0,50,37,0.0008700435021751087,5,4,49945,49960,35,28,0,0,0,0,0,0,99927,0,0,0,0,0,0,0,0,0,0,68,0,0,0,0,0,0
18,5545,19.06603495001428,99995,13,5,1,0,51,37,0.00088004400220011,6,4,49943,49960,35,29,0,0,0,0,0,0,99926,0,0,0,0,0,0,0,0,0,0,69,0,0,0,0,0,0
19,5545,20.031246674525512,99995,11,5,1,0,51,37,0.00088004400220011,9,4,49940,49960,37,29,0,0,0,0,0,0,99924,0,0,0,0,0,0,0,0,0,0,71,0,0,0,0,0,0
20,5545,21.013299358708903,99995,13,6,1,0,54,38,0.000920046002300115,9,3,49937,49960,38,29,0,0,0,0,0,0,99923,0,0,0,0,0,0,0,0,0,0,72,0,0,0,0,0,0
21,5545,22.017439342712596,99995,14,7,1,0,57,39,0.0009600480024001201,6,5,49937,49957,40,29,0,0,0,0,0,0,99921,0,0,0,0,0,0,0,0,0,0,74,0,0,0,0,0,0
22,5545,23.001492661651902,99995,13,8,1,0,58,40,0.0009800490024501226,7,6,49935,49955,42,29,0,0,0,0,0,0,99919,0,0,0,0,0,0,0,0,0,0,76,0,0,0,0,0,0
23,5545,24.03126888951372,99995,11,8,1,0,60,41,0.0010100505025251263,5,6,49935,49954,46,30,0,0,0,0,0,0,99914,0,0,0,0,0,0,0,0,0,0,81,0,0,0,0,0,0
24,5545,25.080956319250404,99995,12,8,1,0,62,43,0.0010500525026251313,9,4,49929,49956,47,30,0,0,0,0,0,0,99911,0,0,0,0,0,0,0,0,0,0,84,0,0,0,0,0,0
25,5545,26.004213872408627,99994,12,7,2,0,64,44,0.0010800648038882333,11,4,49926,49955,47,32,0,0,0,0,0,0,99907,0,0,0,0,0,0,0,0,0,0,87,0,0,0,0,0,0
26,5545,27.07339762858233,99994,12,7,2,0,65,46,0.0011100666039962398,13,4,49923,49954,48,33,0,0,0,0,0,0,99904,0,0,0,0,0,0,0,0,0,0,90,0,0,0,0,0,0
27,5545,28.22100326357174,99994,11,6,2,0,66,47,0.001130067804068244,15,4,49920,49953,50,35,0,0,0,0,0,0,99900,0,0,0,0,0,0,0,0,0,0,94,0,0,0,0,0,0
28,5545,29.056796973826792,99994,12,7,2,0,68,48,0.0011600696041762506,13,4,49921,49952,50,35,0,0,0,0,0,0,99899,0,0,0,0,0,0,0,0,0,0,95,0,0,0,0,0,0
29,5545,30.127653668373032,99994,13,7,2,0,71,49,0.0012000720043202592,12,5,49919,49950,52,36,0,0,0,0,0,0,99896,0,0,0,0,0,0,0,0,0,0,98,0,0,0,0,0,0
30,5545,31.097892978178734,99994,13,9,2,0,73,51,0.001240074404464268,15,5,49914,49948,54,36,0,0,0,0,0,0,99895,0,0,1,0,0,0,0,0,0,0,98,0,0,0,0,0,0
31,5545,32.09299972807666,99994,14,7,2,0,80,52,0.001320079204752285,13,5,49910,49947,59,39,0,0,0,0,0,0,99886,0,0,1,0,0,0,0,0,0,0,107,0,0,0,0,0,0
32,5545,33.158293470049344,99994,17,9,2,0,85,54,0.0013900834050043004,13,7,49905,49943,61,39,0,0,0,0,0,0,99884,0,0,1,0,0,0,0,0,0,0,109,0,0,0,0,0,0
33,5545,34.007885533425444,99994,20,12,2,0,90,57,0.0014700882052923175,10,5,49904,49943,62,38,0,0,0,0,0,0,99882,0,0,1,0,0,0,0,0,0,0,111,0,0,0,0,0,0
34,5545,35.17332367319151,99994,24,13,2,0,95,59,0.0015400924055443326,10,6,49899,49940,63,39,0,0,0,0,0,0,99880,0,0,1,0,0,0,0,0,0,0,113,0,0,0,0,0,0
35,5545,36.03930640558008,99994,22,14,2,0,96,62,0.0015800948056883413,12,8,49896,49935,66,41,0,0,0,0,0,0,99875,0,0,1,0,0,0,0,0,0,0,118,0,0,0,0,0,0
36,5545,37.14015539769642,99994,19,15,2,0,99,65,0.0016400984059043542,16,6,49889,49934,72,43,0,0,0,0,0,0,99867,0,0,1,0,0,0,0,0,0,0,126,0,0,0,0,0,0
37,5545,38.139348610225696,99994,17,16,2,0,101,66,0.0016701002060123607,19,6,49884,49933,76,43,0,0,0,0,0,0,99863,0,0,1,0,0,0,0,0,0,0,130,0,0,0,0,0,0
38,5545,39.150484981791436,99994,20,17,2,0,106,69,0.001750105006300378,21,3,49877,49933,78,45,0,0,0,0,0,0,99859,0,0,1,0,0,0,0,0,0,0,134,0,0,0,0,0,0
39,5545,40.05503122109374,99994,20,15,2,0,107,69,0.0017601056063363803,21,6,49877,49931,78,46,0,0,0,0,0,0,99856,0,0,1,0,0,0,0,0,0,0,137,0,0,0,0,0,0
40,5545,41.26536085198273,99994,25,16,2,0,118,72,0.0019001140068404105,19,7,49868,49927,84,48,0,0,0,0,0,0,99848,0,0,1,0,0,0,0,0,0,0,145,0,0,0,0,0,0
41,5545,42.10774716453429,99994,25,15,2,0,121,73,0.001940116406984419,20,7,49864,49927,87,49,0,0,0,0,0,0,99843,0,0,1,0,0,0,0,0,0,0,150,0,0,0,0,0,0
42,5545,43.00629348103262,99994,29,14,2,0,125,74,0.00199011940716443,22,6,49858,49928,87,50,0,0,0,0,0,0,99841,0,0,1,0,0,0,0,0,0,0,152,0,0,0,0,0,0
43,5545,44.092094023616795,99994,31,13,2,0,129,75,0.002040122407344441,25,9,49853,49924,87,52,0,0,0,0,0,0,99837,0,0,1,0,0,0,0,0,0,0,156,0,0,0,0,0,0
44,5545,45.31793638235903,99993,43,14,3,0,146,79,0.0022501575110257716,20,8,49843,49921,89,55,0,0,0,0,0,0,99829,0,0,1,0,0,0,0,0,0,0,163,0,0,0,0,0,0
45,5545,46.084328408476544,99993,40,12,3,0,149,80,0.0022901603112217856,24,10,49836,49919,95,57,0,0,0,0,0,0,99820,0,0,1,0,0,0,0,0,0,0,172,0,0,0,0,0,0
46,5545,47.07487443484717,99993,41,11,3,0,155,80,0.002350164511515806,20,12,49835,49917,99,58,0,0,0,0,0,0,99814,0,0,1,0,0,0,0,0,0,0,178,0,0,0,0,0,0
47,5545,48.04315738545257,99993,36,13,3,0,160,84,0.002440170811956837,22,11,49828,49915,109,59,0,0,0,0,0,0,99802,0,0,1,0,0,0,0,0,0,0,190,0,0,0,0,0,0
48,5545,49.040421167916755,99993,31,14,3,0,164,86,0.0025001750122508578,20,12,49826,49913,118,59,0,0,0,0,0,0,99792,0,0,1,0,0,0,0,0,0,0,200,0,0,0,0,0,0
49,5545,50.00104379448233,99993,37,14,3,0,171,87,0.002580180612642885,14,11,49825,49913,119,60,0,0,0,0,0,0,99790,0,0,1,0,0,0,0,0,0,0,202,0,0,0,0,0,0
50,5545,51.073732245684575,99993,32,19,3,0,175,93,0.002680187613132919,16,11,49819,49907,128,61,0,0,0,0,0,0,99780,0,0,1,0,0,0,0,0,0,0,212,0,0,0,0,0,0
51,5545,52.028602590405505,99993,34,19,3,0,180,96,0.0027601932135249466,14,13,49817,49902,130,64,0,0,0,0,0,0,99774,0,0,1,0,0,0,0,0,0,0,218,0,0,0,0,0,0
52,5545,53.288792485919416,99993,35,22,3,0,184,101,0.0028501995139659777,15,12,49812,49898,133,66,0,0,0,0,0,0,99769,0,0,1,0,0,0,0,0,0,0,223,0,0,0,0,0,0
53,5545,54.227061039408696,99993,34,19,3,0,188,105,0.0029302051143580052,15,12,49809,49894,137,73,0,0,0,0,0,0,99757,0,0,1,0,0,0,0,0,0,0,235,0,0,0,0,0,0
54,5545,55.01909259967488,99993,35,17,3,0,190,105,0.002950206514456012,16,15,49807,49891,137,75,0,0,0,0,0,0,99754,0,0,1,0,0,0,0,0,0,0,238,0,0,0,0,0,0
55,5545,56.13508739876604,99993,27,18,3,0,194,109,0.0030302121148480395,19,13,49801,49890,148,77,0,0,0,0,0,0,99739,0,0,1,0,0,0,0,0,0,0,253,0,0,0,0,0,0
56,5545,57.12845631383577,99993,28,19,3,0,197,112,0.00309021631514206,19,10,49798,49890,150,79,0,0,0,0,0,0,99735,0,0,1,0,0,0,0,0,0,0,257,0,0,0,0,0,0
57,5545,58.151798480614126,99993,29,21,3,0,201,116,0.0031702219155340873,19,9,49794,49887,153,81,0,0,0,0,0,0,99730,0,0,1,0,0,0,0,0,0,0,262,0,0,0,0,0,0
58,5545,59.121527922610674,99993,31,19,3,0,206,117,0.003230226115828108,21,11,49790,49886,153,82,0,0,0,0,0,0,99724,0,0,1,0,0,0,0,0,0,0,268,0,0,0,0,0,0
59,5545,60.03260632602553,99993,29,21,3,0,211,120,0.0033102317162201356,20,10,49786,49884,160,83,0,0,0,0,0,0,99716,0,0,1,0,0,0,0,0,0,0,276,0,0,0,0,0,0
60,5545,61.004720834927625,99993,29,22,3,0,217,125,0.003420239416759173,17,10,49784,49880,165,86,0,0,0,0,0,0,99706,0,0,1,0,0,0,0,0,0,0,286,0,0,0,0,0,0
61,5545,62.023004874520225,99993,29,23,3,0,221,127,0.0034802436170531937,17,9,49780,49879,169,87,0,0,0,0,0,0,99701,0,0,1,0,0,0,0,0,0,0,291,0,0,0,0,0,0
62,5545,63.09843749829844,99993,25,22,3,0,223,130,0.003530247117298211,17,9,49780,49876,173,91,0,0,0,0,0,0,99691,0,0,1,0,0,0,0,0,0,0,301,0,0,0,0,0,0
63,5545,64.18500066806604,99993,28,23,3,0,229,132,0.0036102527176902384,20,11,49772,49872,175,92,0,0,0,0,0,0,99687,0,0,1,0,0,0,0,0,0,0,305,0,0,0,0,0,0
64,5545,65.04417015575032,99993,33,24,3,0,237,135,0.003720260418229276,17,10,49767,49871,178,93,0,0,0,0,0,0,99682,0,0,1,0,0,0,0,0,0,0,310,0,0,0,0,0,0
65,5545,66.10605535993211,99993,35,22,3,0,243,139,0.0038202674187193105,21,15,49757,49862,182,99,0,0,0,0,0,0,99672,0,0,1,0,0,0,0,0,0,0,320,0,0,0,0,0,0
66,5545,67.08611214443353,99993,33,17,3,0,246,141,0.0038702709189643277,21,15,49754,49860,187,106,0,0,0,0,0,0,99660,0,0,1,0,0,0,0,0,0,0,332,0,0,0,0,0,0
67,5545,68.17660426151556,99993,29,20,3,0,251,146,0.003970277919454362,21,14,49750,49857,195,107,0,0,0,0,0,0,99649,0,0,1,0,0,0,0,0,0,0,343,0,0,0,0,0,0
68,5545,69.00935022878667,99993,29,21,3,0,255,150,0.004050283519846389,21,12,49747,49855,198,110,0,0,0,0,0,0,99642,0,0,1,0,0,0,0,0,0,0,350,0,0,0,0,0,0
69,5545,70.20996600431889,99993,34,22,3,0,263,154,0.0041702919204344305,22,15,49738,49848,201,113,0,0,0,0,0,0,99636,0,0,1,0,0,0,0,0,0,0,356,0,0,0,0,0,0
70,5545,71.16389150029315,99993,34,22,3,0,268,158,0.004260298220875461,24,13,49732,49846,205,117,0,0,0,0,0,0,99627,0,0,1,0,0,0,0,0,0,0,365,0,0,0,0,0,0
71,5545,72.17468520284699,99993,36,21,3,0,275,160,0.004350304521316492,19,14,49734,49845,206,118,0,0,0,0,0,0,99619,0,0,1,0,0,0,0,0,0,0,373,0,0,0,0,0,0
72,5545,73.1226161883235,99993,40,19,3,0,279,162,0.004410308721610513,24,15,49726,49842,205,122,0,0,0,0,0,0,99615,0,0,1,0,0,0,0,0,0,0,377,0,0,0,0,0,0
73,5545,74.04388762229365,99993,39,24,3,0,281,167,0.004480313621953537,30,11,49718,49843,208,120,0,0,0,0,0,0,99612,0,0,1,0,0,0,0,0,0,0,380,0,0,0,0,0,0
74,5545,75.0669102844324,99993,41,25,3,0,289,169,0.004580320622443571,30,11,49710,49841,214,121,0,0,0,0,0,0,99605,0,0,1,0,0,0,0,0,0,0,387,0,0,0,0,0,0
75,5545,76.03314464741071,99993,43,23,3,0,297,172,0.004690328322982609,31,13,49702,49837,219,125,0,0,0,0,0,0,99594,0,0,1,0,0,0,0,0,0,0,398,0,0,0,0,0,0
76,5545,77.14774182071822,99993,47,22,3,0,312,174,0.004860340223815667,22,15,49698,49834,228,127,0,0,0,0,0,0,99580,0,0,1,0,0,0,0,0,0,0,412,0,0,0,0,0,0
77,5545,78.12163790507326,99993,40,23,3,0,316,178,0.004940345824207695,20,15,49697,49832,238,128,0,0,0,0,0,0,99566,0,0,1,0,0,0,0,0,0,0,426,0,0,0,0,0,0
78,5545,79.05922626456532,99993,38,20,3,0,321,180,0.005010350724550718,25,15,49688,49830,244,133,0,0,0,0,0,0,99554,0,0,1,0,0,0,0,0,0,0,438,0,0,0,0,0,0
79,5545,80.1621020970566,99992,38,20,4,0,326,183,0.0050904072325786065,24,15,49684,49827,248,136,0,0,0,0,0,0,99546,0,0,1,0,0,0,0,0,0,0,445,0,0,0,0,0,0
80,5545,81.06118787960988,99992,41,16,4,0,333,185,0.005180414433154652,22,14,49680,49826,251,142,0,0,0,0,0,0,99536,0,0,1,0,0,0,0,0,0,0,455,0,0,0,0,0,0
81,5545,82.19188672964913,99992,44,16,4,0,344,188,0.005320425634050724,20,12,49671,49825,259,145,0,0,0,0,0,0,99525,0,0,1,0,0,0,0,0,0,0,466,0,0,0,0,0,0
82,5545,83.13299912236903,99992,42,20,4,0,347,196,0.00543043443475478,19,7,49669,49823,264,148,0,0,0,0,0,0,99516,0,0,1,0,0,0,0,0,0,0,475,0,0,0,0,0,0
83,5545,84.31943190640112,99992,36,22,4,0,352,199,0.005510440835266821,24,9,49659,49819,275,148,0,0,0,0,0,0,99504,0,0,1,0,0,0,0,0,0,0,487,0,0,0,0,0,0
84,5545,85.11564322223118,99992,39,23,4,0,358,200,0.005580446435714858,25,10,49653,49818,277,147,0,0,0,0,0,0,99501,0,0,1,0,0,0,0,0,0,0,490,0,0,0,0,0,0
85,5545,86.19140356589584,99992,38,22,4,0,363,203,0.005660452836226898,31,16,49642,49809,283,151,0,0,0,0,0,0,99491,0,0,1,0,0,0,0,0,0,0,500,0,0,0,0,0,0
86,5545,87.06079309816128,99992,41,22,4,0,373,207,0.00580046403712297,32,13,49632,49809,289,154,0,0,0,0,0,0,99480,0,0,1,0,0,0,0,0,0,0,511,0,0,0,0,0,0
87,5545,88.11075187737873,99992,52,19,4,0,386,209,0.005950476038083047,26,14,49627,49806,289,159,0,0,0,0,0,0,99473,0,0,1,0,0,0,0,0,0,0,518,0,0,0,0,0,0
88,5545,89.08181113271714,99992,55,23,4,0,397,215,0.006120489639171133,22,13,49621,49801,296,161,0,0,0,0,0,0,99463,0,0,1,0,0,0,0,0,0,0,528,0,0,0,0,0,0
89,5545,90.1423122001974,99992,46,23,4,0,400,216,0.006160492839427155,27,15,49615,49799,306,161,0,0,0,0,0,0,99450,0,0,1,0,0,0,0,0,0,0,541,0,0,0,0,0,0
90,5545,91.04424991023117,99992,47,21,4,0,407,220,0.0062705016401312106,27,15,49608,49795,312,167,0,0,0,0,0,0,99438,0,0,1,0,0,0,0,0,0,0,553,0,0,0,0,0,0
91,5545,92.16063255346637,99992,48,21,4,0,416,224,0.006400512040963277,25,14,49604,49793,317,170,0,0,0,0,0,0,99426,0,0,1,0,0,0,0,0,0,0,565,0,0,0,0,0,0
92,5545,93.18605461519012,99992,53,19,4,0,426,226,0.006520521641731339,23,14,49596,49793,322,172,0,0,0,0,0,0,99417,0,0,1,0,0,0,0,0,0,0,574,0,0,0,0,0,0
93,5545,94.21128072487971,99992,46,18,4,0,430,227,0.006570525642051364,23,15,49592,49791,333,174,0,0,0,0,0,0,99404,0,0,1,0,0,0,0,0,0,0,587,0,0,0,0,0,0
94,5545,95.02370119739882,99992,44,22,4,0,434,233,0.006670533642691415,25,14,49588,49787,337,175,0,0,0,0,0,0,99396,0,0,1,0,0,0,0,0,0,0,595,0,0,0,0,0,0
95,5545,96.1559086479884,99992,43,27,4,0,441,240,0.006810544843587487,27,11,49580,49783,344,177,0,0,0,0,0,0,99386,0,0,1,0,0,0,0,0,0,0,605,0,0,0,0,0,0
96,5545,97.30400809080193,99992,48,24,4,0,450,241,0.006910552844227538,28,15,49573,49779,345,180,0,0,0,0,0,0,99378,0,0,1,0,0,0,0,0,0,0,613,0,0,0,0,0,0
97,5545,98.29962887445292,99992,47,20,4,0,457,241,0.006980558444675574,30,16,49564,49779,353,183,0,0,0,0,0,0,99366,0,0,1,0,0,0,0,0,0,0,625,0,0,0,0,0,0
98,5545,99.01735772655378,99992,47,22,4,0,460,246,0.007060564845187615,35,12,49556,49779,356,185,0,0,0,0,0,0,99360,0,0,1,0,0,0,0,0,0,0,631,0,0,0,0,0,0
99,5545,100.19475340841343,99992,43,22,4,0,467,249,0.007160572845827666,37,14,49549,49774,365,188,0,0,0,0,0,0,99346,0,0,1,0,0,0,0,0,0,0,645,0,0,0,0,0,0
100,5545,101.06569051305019,99992,52,19,4,0,481,252,0.007330586446915754,32,18,49541,49767,369,194,0,0,0,0,0,0,99335,0,0,1,0,0,0,0,0,0,0,656,0,0,0,0,0,0
101,5545,102.0061106239547,99992,52,22,4,0,488,258,0.00746059684774782,34,13,49533,49766,375,197,0,0,0,0,0,0,99325,0,0,1,0,0,0,0,0,0,0,666,0,0,0,0,0,0
102,5545,103.26027178825133,99992,47,25,4,0,496,265,0.007610608848707897,34,10,49527,49763,386,200,0,0,0,0,0,0,99308,0,0,1,0,0,0,0,0,0,0,683,0,0,0,0,0,0
103,5545,104.18734161398363,99992,49,21,4,0,507,266,0.007730618449475958,29,11,49523,49763,393,203,0,0,0,0,0,0,99294,0,0,1,0,0,0,0,0,0,0,697,0,0,0,0,0,0
104,5545,105.19838689354489,99992,51,21,4,0,516,268,0.007840627250180015,28,13,49515,49759,400,205,0,0,0,0,0,0,99285,0,0,1,0,0,0,0,0,0,0,706,0,0,0,0,0,0
105,5545,106.23072251563751,99992,48,21,4,0,518,270,0.007880630450436035,27,15,49515,49755,404,207,0,0,0,0,0,0,99278,0,0,1,0,0,0,0,0,0,0,713,0,0,0,0,0,0
106,5545,107.1166576196887,99992,48,24,4,0,524,273,0.00797063765101208,24,13,49512,49754,410,207,0,0,0,0,0,0,99272,0,0,1,0,0,0,0,0,0,0,719,0,0,0,0,0,0
107,5545,108.33043140378747,99992,46,29,4,0,529,278,0.008070645651652133,25,15,49508,49747,415,207,0,0,0,0,0,0,99265,0,0,1,0,0,0,0,0,0,0,726,0,0,0,0,0,0
108,5545,109.04568798916034,99992,42,30,4,0,533,282,0.008150652052164174,30,14,49500,49744,422,210,0,0,0,0,0,0,99254,0,0,1,0,0,0,0,0,0,0,737,0,0,0,0,0,0
109,5545,110.03943448172915,99992,40,30,4,0,540,287,0.008270661652932235,36,15,49488,49738,430,215,0,0,0,0,0,0,99240,0,0,1,0,0,0,0,0,0,0,751,0,0,0,0,0,0
110,5545,111.25352872494824,99992,41,30,4,0,550,291,0.008410672853828306,38,13,49478,49737,437,218,0,0,0,0,0,0,99227,0,0,1,0,0,0,0,0,0,0,764,0,0,0,0,0,0
111,5545,112.32703329395322,99992,46,28,4,0,562,294,0.008560684854788383,35,16,49470,49731,443,223,0,0,0,0,0,0,99215,0,0,1,0,0,0,0,0,0,0,776,0,0,0,0,0,0
112,5545,113.10504582403983,99992,45,28,4,0,571,301,0.008720697655812465,32,11,49464,49729,453,230,0,0,0,0,0,0,99198,0,0,1,0,0,0,0,0,0,0,793,0,0,0,0,0,0
113,5545,114.00858402381749,99992,49,27,4,0,581,306,0.008870709656772542,33,8,49454,49727,458,236,0,0,0,0,0,0,99186,0,0,1,0,0,0,0,0,0,0,805,0,0,0,0,0,0
114,5545,115.01705843184722,99992,48,29,4,0,588,310,0.008980718457476599,30,9,49450,49722,466,238,0,0,0,0,0,0,99176,0,0,1,0,0,0,0,0,0,0,815,0,0,0,0,0,0
115,5545,116.12760498994382,99992,45,26,4,0,593,313,0.00906072485798864,32,11,49445,49717,472,244,0,0,0,0,0,0,99163,0,0,2,0,0,0,0,0,0,0,827,0,0,0,0,0,0
116,5545,117.12579435696479,99992,46,23,4,0,602,314,0.00916073285862869,31,14,49441,49713,476,248,0,0,0,0,0,0,99151,0,0,2,0,0,0,0,0,0,0,839,0,0,0,0,0,0
117,5545,118.22622610080667,99992,47,26,4,0,611,320,0.009310744859588767,32,9,49431,49715,484,248,0,0,0,0,0,0,99140,0,0,2,0,0,0,0,0,0,0,850,0,0,0,0,0,0
118,5545,119.1615240634466,99992,49,20,4,0,622,322,0.009440755260420835,30,10,49422,49712,493,256,0,0,0,0,0,0,99123,0,0,2,0,0,0,0,0,0,0,867,0,0,0,0,0,0
119,5545,120.01557816900934,99992,46,19,4,0,626,322,0.009480758460676855,32,14,49417,49708,499,257,0,0,0,0,0,0,99115,0,0,2,0,0,0,0,0,0,0,875,0,0,0,0,0,0
120,5545,121.0143399093997,99992,47,20,4,0,632,323,0.00955076406112489,31,16,49413,49705,503,257,0,0,0,0,0,0,99110,0,0,2,0,0,0,0,0,0,0,880,0,0,0,0,0,0
121,5545,122.09025149175424,99992,44,23,4,0,638,328,0.009660772861828947,28,13,49410,49704,512,258,0,0,0,0,0,0,99099,0,0,2,0,0,0,0,0,0,0,891,0,0,0,0,0,0
122,5545,123.33126709408671,99991,46,24,5,0,646,332,0.00978088027922513,31,19,49399,49694,517,261,0,0,0,0,0,0,99090,0,0,2,0,0,0,0,0,0,0,899,0,0,0,0,0,0
123,5545,124.09274362547168,99991,47,27,5,0,652,335,0.009870888379954196,30,21,49396,49690,520,260,0,0,0,0,0,0,99086,0,0,3,0,0,0,0,0,0,0,902,0,0,0,0,0,0
124,5545,125.09223134800916,99991,46,34,5,0,658,345,0.010030902781250312,33,16,49389,49686,525,262,0,0,0,0,0,0,99076,0,0,3,0,0,0,0,0,0,0,912,0,0,0,0,0,0
125,5545,126.10697840301104,99991,50,31,5,0,669,347,0.010160914482303407,36,21,49378,49680,529,266,0,0,0,0,0,0,99064,0,0,3,0,0,0,0,0,0,0,924,0,0,0,0,0,0
126,5545,127.01858101658607,99991,51,31,5,0,674,351,0.010250922583032472,35,18,49374,49680,533,269,0,0,0,0,0,0,99056,0,0,3,0,0,0,0,0,0,0,932,0,0,0,0,0,0
127,5545,128.06538401522852,99991,50,31,5,0,683,358,0.01041093698432859,36,13,49366,49679,541,275,0,0,0,0,0,0,99039,0,0,3,0,0,0,0,0,0,0,949,0,0,0,0,0,0
128,5545,129.20877389732422,99991,57,28,5,0,694,362,0.010560950485543699,38,13,49353,49678,545,279,0,0,0,0,0,0,99028,0,0,3,0,0,0,0,0,0,0,960,0,0,0,0,0,0
129,5545,130.00222112985037,99990,56,30,6,0,701,367,0.01068106810681068,39,10,49348,49676,549,282,0,0,0,0,0,0,99017,0,0,3,0,0,0,0,0,0,0,970,0,0,0,0,0,0
130,5545,131.08127050788454,99990,59,29,6,0,714,370,0.010841084108410842,31,11,49345,49673,557,285,0,0,0,0,0,0,99003,0,0,3,0,0,0,0,0,0,0,984,0,0,0,0,0,0
131,5545,132.07076130885343,99990,62,25,6,0,722,371,0.010931093109310931,33,11,49335,49672,562,290,0,0,0,0,0,0,98993,0,0,3,0,0,0,0,0,0,0,994,0,0,0,0,0,0
132,5545,133.0685976034327,99990,62,24,6,0,731,375,0.011061106110611061,34,10,49327,49670,569,294,0,0,0,0,0,0,98979,0,0,3,0,0,0,0,0,0,0,1008,0,0,0,0,0,0
133,5545,134.08465132951704,99990,68,23,6,0,746,377,0.01123112311231123,28,10,49321,49669,575,296,0,0,0,0,0,0,98967,0,0,3,0,0,0,0,0,0,0,1020,0,0,0,0,0,0
134,5545,135.0088538200217,99990,69,22,6,0,755,380,0.011351135113511351,28,12,49314,49665,581,299,0,0,0,0,0,0,98955,0,0,3,0,0,0,0,0,0,0,1032,0,0,0,0,0,0
135,5545,136.08426591627548,99990,71,25,6,0,764,386,0.011501150115011502,25,18,49309,49654,587,301,0,0,0,0,0,0,98945,0,0,3,0,0,0,0,0,0,0,1042,0,0,0,0,0,0
136,5545,137.01469947494522,99990,68,23,6,0,770,390,0.0116011601160116,27,19,49301,49649,596,307,0,0,0,0,0,0,98931,0,0,4,0,0,0,0,0,0,0,1055,0,0,0,0,0,0
137,5545,138.28429496028053,99990,62,25,6,0,775,396,0.01171117111711171,35,18,49292,49645,603,310,0,0,0,0,0,0,98916,0,0,4,0,0,0,0,0,0,0,1070,0,0,0,0,0,0
138,5545,139.1066010879354,99990,67,29,6,0,784,403,0.011871187118711872,37,18,49284,49638,604,313,0,0,0,0,0,0,98909,0,0,4,0,0,0,0,0,0,0,1077,0,0,0,0,0,0
139,5545,140.14205577126515,99990,65,31,6,0,794,407,0.012011201120112011,34,17,49282,49638,611,312,0,0,0,0,0,0,98895,0,0,4,0,0,0,0,0,0,0,1091,0,0,0,0,0,0
140,5545,141.10251506049056,99990,63,27,6,0,803,409,0.012121212121212121,38,19,49271,49634,620,318,0,0,0,0,0,0,98878,0,0,4,0,0,0,0,0,0,0,1108,0,0,0,0,0,0
141,5545,142.09273846816623,99990,62,29,6,0,808,413,0.01221122112211221,43,19,49262,49631,625,319,0,0,0,0,0,0,98870,0,0,4,0,0,0,0,0,0,0,1116,0,0,0,0,0,0
142,5545,143.18017969635125,99990,63,30,6,0,825,418,0.012431243124312432,42,21,49251,49625,636,322,0,0,0,0,0,0,98850,0,0,4,0,0,0,0,0,0,0,1136,0,0,0,0,0,0
143,5545,144.13282229416603,99990,68,30,6,0,836,422,0.01258125812581258,41,19,49242,49623,641,326,0,0,0,0,0,0,98840,0,0,4,0,0,0,0,0,0,0,1146,0,0,0,0,0,0
144,5545,145.25950060101505,99990,64,33,6,0,848,429,0.012771277127712772,40,19,49235,49618,653,328,0,0,0,0,0,0,98820,0,0,4,0,0,0,0,0,0,0,1166,0,0,0,0,0,0
145,5545,146.04012848598902,99990,60,36,6,0,857,438,0.01295129512951295,51,16,49216,49615,665,331,0,0,0,0,0,0,98801,0,0,4,0,0,0,0,0,0,0,1185,0,0,0,0,0,0
146,5545,147.00613778368609,99990,58,36,6,0,861,442,0.01303130313031303,49,15,49216,49613,669,334,0,0,0,0,0,0,98791,0,0,4,0,0,0,0,0,0,0,1195,0,0,0,0,0,0
147,5545,148.06293195967578,99990,61,29,6,0,875,446,0.01321132113211321,48,22,49207,49606,676,341,0,0,0,0,0,0,98770,0,0,5,0,0,0,0,0,0,0,1215,0,0,0,0,0,0
148,5545,149.18083176438273,99990,62,26,6,0,888,449,0.01337133713371337,51,21,49192,49605,687,346,0,0,0,0,0,0,98752,0,0,5,0,0,0,0,0,0,0,1233,0,0,0,0,0,0
149,5545,150.1837029208105,99990,66,29,6,0,899,454,0.01353135313531353,54,21,49184,49601,688,347,0,0,0,0,0,0,98743,0,0,5,0,0,0,0,0,0,0,1242,0,0,0,0,0,0
150,5545,151.18667965517554,99990,70,32,6,0,915,459,0.01374137413741374,47,19,49177,49599,698,348,0,0,0,0,0,0,98731,0,0,7,0,0,0,0,0,0,0,1252,0,0,0,0,0,0
151,5545,152.1088445543383,99989,68,32,7,0,922,464,0.01386152476772445,47,18,49171,49596,705,352,0,0,0,0,0,0,98717,0,0,7,0,0,0,0,0,0,0,1265,0,0,0,0,0,0
152,5545,153.3206308609804,99989,72,34,7,0,944,474,0.014181559971596876,55,19,49142,49585,722,360,0,0,0,0,0,0,98692,0,0,8,0,0,0,0,0,0,0,1289,0,0,0,0,0,0
153,5545,154.24137151147568,99989,66,31,7,0,953,477,0.014301573173049035,55,20,49137,49583,733,364,0,0,0,0,0,0,98671,0,0,8,0,0,0,0,0,0,0,1310,0,0,0,0,0,0
154,5545,155.03779927994006,99989,63,35,7,0,963,484,0.014471591875106262,53,19,49134,49579,741,365,0,0,0,0,0,0,98655,0,0,8,0,0,0,0,0,0,0,1326,0,0,0,0,0,0
155,5545,156.15518165110296,99989,66,39,7,0,976,492,0.014681614977647542,43,19,49135,49574,747,366,0,0,0,0,0,0,98641,0,0,8,0,0,0,0,0,0,0,1340,0,0,0,0,0,0
156,5545,157.20618365152157,99989,68,40,7,0,990,498,0.014881636980067807,43,16,49124,49573,756,369,0,0,0,0,0,0,98624,0,0,8,0,0,0,0,0,0,0,1357,0,0,0,0,0,0
157,5545,158.28584174155122,99988,64,37,7,1,999,500,0.014991799015881905,46,17,49113,49570,768,373,0,0,0,0,0,0,98606,0,0,8,0,0,0,0,0,0,0,1374,0,0,0,0,0,0
158,5545,159.0915086130719,99988,72,37,7,1,1009,505,0.015141817018042165,48,17,49104,49565,767,378,0,0,0,0,0,0,98599,0,0,8,0,0,0,0,0,0,0,1381,0,0,0,0,0,0
159,5545,160.05758581277607,99988,76,35,7,1,1019,509,0.015281833820058406,48,19,49096,49560,771,383,0,0,0,0,0,0,98587,0,0,8,0,0,0,0,0,0,0,1393,0,0,0,0,0,0
160,5545,161.2094091390478,99988,74,34,7,1,1029,512,0.015411849421930631,51,22,49084,49556,782,385,0,0,0,0,0,0,98571,0,0,8,0,0,0,0,0,0,0,1409,0,0,0,0,0,0
161,5545,162.214290389122,99988,74,37,7,1,1040,516,0.015561867424090891,54,19,49073,49555,790,386,0,0,0,0,0,0,98559,0,0,8,0,0,0,0,0,0,0,1421,0,0,0,0,0,0
162,5545,163.24601693076804,99987,72,36,8,1,1054,520,0.015742046466040584,55,22,49062,49549,801,390,0,0,0,0,0,0,98538,0,0,8,0,0,0,0,0,0,0,1441,0,0,0,0,0,0
163,5545,164.02790761389204,99987,79,39,8,1,1062,526,0.015882064668406894,52,23,49058,49544,801,391,0,0,0,0,0,0,98534,0,0,8,0,0,0,0,0,0,0,1445,0,0,0,0,0,0
164,5545,165.1744604463314,99987,81,37,8,1,1077,534,0.0161120945722944,61,23,49037,49538,811,399,0,0,0,0,0,0,98511,0,0,8,0,0,0,0,0,0,0,1468,0,0,0,0,0,0
165,5545,166.18012579030315,99987,82,33,8,1,1090,538,0.01628211667516777,63,23,49025,49534,820,407,0,0,0,0,0,0,98491,0,0,8,0,0,0,0,0,0,0,1488,0,0,0,0,0,0
166,5545,167.18603115138256,99987,81,36,8,1,1104,545,0.016492143978717233,64,21,49014,49531,831,409,0,0,0,0,0,0,98473,0,0,9,0,0,0,0,0,0,0,1505,0,0,0,0,0,0
167,5545,168.05740184299393,99987,95,34,8,1,1126,548,0.016742176482942784,54,23,49006,49527,835,413,0,0,0,0,0,0,98460,0,0,9,0,0,0,0,0,0,0,1518,0,0,0,0,0,0
168,5545,169.0636490506177,99987,98,38,8,1,1140,556,0.016962205086661266,54,18,48994,49525,844,416,0,0,0,0,0,0,98445,0,0,9,0,0,0,0,0,0,0,1533,0,0,0,0,0,0
169,5545,170.0563913411501,99987,92,36,8,1,1152,558,0.017102223289027572,60,21,48979,49522,859,418,0,0,0,0,0,0,98423,0,0,9,0,0,0,0,0,0,0,1555,0,0,0,0,0,0
170,5545,171.06315325843795,99987,89,37,8,1,1161,564,0.017252242791562903,58,19,48974,49518,869,423,0,0,0,0,0,0,98406,0,0,9,0,0,0,0,0,0,0,1572,0,0,0,0,0,0
171,5545,172.10422916678638,99987,86,38,8,1,1178,569,0.017472271395281385,59,21,48964,49512,881,426,0,0,0,0,0,0,98382,0,0,9,0,0,0,0,0,0,0,1596,0,0,0,0,0,0
172,5545,173.11136805213087,99986,81,38,9,1,1189,575,0.01764246994579241,59,25,48954,49502,895,432,0,0,0,0,0,0,98360,0,0,9,0,0,0,0,0,0,0,1617,0,0,0,0,0,0
173,5545,174.11869940588588,99986,91,40,9,1,1207,583,0.017902506350889125,53,27,48949,49495,896,435,0,0,0,0,0,0,98346,0,0,9,0,0,0,0,0,0,0,1631,0,0,0,0,0,0
174,5545,175.1261151856349,99986,91,40,9,1,1225,591,0.018162542755985837,46,28,48944,49487,908,442,0,0,0,0,0,0,98320,0,0,9,0,0,0,0,0,0,0,1657,0,0,0,0,0,0
175,5545,176.1336975865311,99986,89,45,9,1,1235,602,0.018372572160102414,44,22,48938,49485,918,445,0,0,0,0,0,0,98303,0,0,10,0,0,0,0,0,0,0,1673,0,0,0,0,0,0
176,5545,177.27737188472977,99986,89,41,9,1,1246,608,0.018542595963434882,48,24,48925,49477,927,455,0,0,0,0,0,0,98282,0,0,10,0,0,0,0,0,0,0,1694,0,0,0,0,0,0
177,5545,178.28533632487648,99986,83,40,9,1,1257,614,0.018712619766767347,48,25,48914,49470,944,462,0,0,0,0,0,0,98259,0,0,11,0,0,0,0,0,0,0,1716,0,0,0,0,0,0
178,5545,179.29356297365865,99986,85,39,9,1,1271,621,0.018922649170883925,42,23,48910,49466,952,469,0,0,0,0,0,0,98239,0,0,11,0,0,0,0,0,0,0,1736,0,0,0,0,0,0
179,5545,180.3019748649157,99986,75,35,9,1,1276,625,0.01901266177264817,53,29,48895,49457,966,476,0,0,0,0,0,0,98216,0,0,11,0,0,0,0,0,0,0,1759,0,0,0,0,0,0
180,5545,181.31065287435226,99986,74,40,9,1,1288,633,0.01921268977656872,49,33,48891,49447,975,477,0,0,0,0,0,0,98200,0,0,11,0,0,0,0,0,0,0,1775,0,0,0,0,0,0
181,5545,182.31945990110813,99986,75,48,9,1,1302,644,0.019462724781469407,41,28,48889,49441,984,480,0,0,0,0,0,0,98184,0,0,11,0,0,0,0,0,0,0,1791,0,0,0,0,0,0
182,5545,183.32834697653752,99986,74,50,9,1,1313,653,0.019662752785389953,46,28,48877,49434,992,485,0,0,0,0,0,0,98165,0,0,11,0,0,0,0,0,0,0,1810,0,0,0,0,0,0
183,5545,184.00103245689584,99986,72,50,9,1,1321,658,0.019792770987938312,48,28,48871,49429,998,490,0,0,0,0,0,0,98150,0,0,11,0,0,0,0,0,0,0,1825,0,0,0,0,0,0
184,5545,185.01026024712942,99986,71,51,9,1,1332,665,0.019972796191466805,48,28,48861,49423,1009,495,0,0,0,0,0,0,98132,0,0,11,0,0,0,0,0,0,0,1843,0,0,0,0,0,0
185,5545,186.01969367321703,99986,76,53,9,1,1343,672,0.020152821394995298,57,26,48845,49420,1011,498,0,0,0,0,0,0,98121,0,0,11,0,0,0,0,0,0,0,1854,0,0,0,0,0,0
186,5545,187.029320820488,99986,77,48,9,1,1355,676,0.02031284379813174,57,26,48835,49418,1020,505,0,0,0,0,0,0,98101,0,0,11,0,0,0,0,0,0,0,1874,0,0,0,0,0,0
187,5545,188.03915914842932,99986,82,48,9,1,1375,685,0.020602884403816534,54,22,48822,49415,1031,512,0,0,0,0,0,0,98077,0,0,11,0,0,0,0,0,0,0,1898,0,0,0,0,0,0
188,5545,189.049195992975,99986,88,47,9,1,1396,687,0.020832916608325164,46,24,48813,49412,1042,514,0,0,0,0,0,0,98060,0,0,12,0,0,0,0,0,0,0,1914,0,0,0,0,0,0
189,5545,190.0594586566184,99986,91,44,9,1,1411,691,0.021022943212049686,42,25,48807,49407,1049,521,0,0,0,0,0,0,98041,0,0,12,0,0,0,0,0,0,0,1933,0,0,0,0,0,0
190,5545,191.06988183856876,99986,96,41,9,1,1427,694,0.021212969815774207,43,29,48796,49402,1054,525,0,0,0,0,0,0,98024,0,0,12,0,0,0,0,0,0,0,1950,0,0,0,0,0,0
191,5545,192.0804960316891,99986,95,42,9,1,1441,700,0.021412997819694756,47,25,48780,49400,1067,530,0,0,0,0,0,0,98004,0,0,12,0,0,0,0,0,0,0,1970,0,0,0,0,0,0
192,5545,193.09141341803868,99986,87,43,9,1,1451,708,0.021593023023223253,49,26,48773,49392,1080,536,0,0,0,0,0,0,97980,0,0,13,0,0,0,0,0,0,0,1993,0,0,0,0,0,0
193,5545,194.10251120935362,99986,93,41,9,1,1467,710,0.021773048226751746,47,24,48761,49392,1088,540,0,0,0,0,0,0,97966,0,0,13,0,0,0,0,0,0,0,2007,0,0,0,0,0,0
194,5545,195.1138332654483,99986,95,43,9,1,1483,716,0.021993079031064348,42,25,48755,49387,1097,542,0,0,0,0,0,0,97948,0,0,13,0,0,0,0,0,0,0,2025,0,0,0,0,0,0
195,5545,196.1252853925805,99986,93,45,9,1,1490,723,0.02213309863380873,49,25,48747,49380,1100,547,0,0,0,0,0,0,97934,0,0,13,0,0,0,0,0,0,0,2039,0,0,0,0,0,0
196,5545,197.1368731047437,99986,90,43,9,1,1504,728,0.022323125237533256,52,30,48736,49371,1111,553,0,0,0,0,0,0,97910,0,0,13,0,0,0,0,0,0,0,2063,0,0,0,0,0,0
197,5545,198.14866249089224,99986,87,40,9,1,1514,733,0.022473146240473665,59,31,48724,49367,1119,559,0,0,0,0,0,0,97890,0,0,14,0,0,0,0,0,0,0,2082,0,0,0,0,0,0
198,5545,199.16068027310405,99985,88,44,10,1,1531,744,0.022753413011951794,58,29,48713,49359,1129,565,0,0,0,0,0,0,97867,0,0,14,0,0,0,0,0,0,0,2104,0,0,0,0,0,0
199,5545,200.17289776049103,99985,83,47,10,1,1542,753,0.02295344301645247,52,25,48709,49355,1144,570,0,0,0,0,0,0,97845,0,0,14,0,0,0,0,0,0,0,2126,0,0,0,0,0,0
200,5545,201.18534540195682,99985,84,45,10,1,1554,758,0.02312346852027804,55,27,48696,49350,1153,575,0,0,0,0,0,0,97827,0,0,14,0,0,0,0,0,0,0,2144,0,0,0,0,0,0
201,5545,202.1979830009844,99985,85,46,10,1,1565,762,0.023273491023653548,55,29,48687,49347,1161,575,0,0,0,0,0,0,97814,0,0,14,0,0,0,0,0,0,0,2157,0,0,0,0,0,0
202,5545,203.21079815150173,99985,93,46,10,1,1586,768,0.023543531529729458,53,34,48674,49339,1168,578,0,0,0,0,0,0,97795,0,0,14,0,0,0,0,0,0,0,2176,0,0,0,0,0,0
203,5545,204.22381366852005,99985,89,42,10,1,1597,776,0.0237335600340051,57,32,48663,49335,1179,588,0,0,0,0,0,0,97768,0,0,14,0,0,0,0,0,0,0,2203,0,0,0,0,0,0
204,5545,205.23705645557322,99984,96,44,11,1,1618,785,0.024033845415266444,47,30,48659,49329,1185,594,0,0,0,0,0,0,97747,0,0,14,0,0,0,0,0,0,0,2223,0,0,0,0,0,0
205,5545,206.250441336135,99984,91,43,11,1,1628,792,0.02420387261961914,54,25,48645,49328,1197,601,0,0,0,0,0,0,97724,0,0,14,0,0,0,0,0,0,0,2246,0,0,0,0,0,0
206,5545,207.2641144662694,99984,92,43,11,1,1641,799,0.024403904624739958,53,25,48637,49327,1205,602,0,0,0,0,0,0,97705,0,0,14,0,0,0,0,0,0,0,2265,0,0,0,0,0,0
207,5545,208.27796140957156,99984,84,45,11,1,1653,813,0.024663946231397022,54,18,48625,49321,1224,613,0,0,0,0,0,0,97674,0,0,15,0,0,0,0,0,0,0,2295,0,0,0,0,0,0
208,5545,209.29210463191953,99984,84,46,11,1,1664,818,0.024823971835493678,56,24,48615,49311,1232,616,0,0,0,0,0,0,97660,0,0,16,0,0,0,0,0,0,0,2308,0,0,0,0,0,0
209,5545,210.30642889929663,99984,88,46,11,1,1678,823,0.025014002240358456,57,26,48601,49307,1241,618,0,0,0,0,0,0,97646,0,0,17,0,0,0,0,0,0,0,2321,0,0,0,0,0,0
210,5545,211.3209923184775,99984,89,44,11,1,1689,832,0.025214034245479276,56,26,48595,49299,1247,628,0,0,0,0,0,0,97626,0,0,18,0,0,0,0,0,0,0,2340,0,0,0,0,0,0
211,5545,212.33569732447128,99984,82,42,11,1,1698,837,0.02535405664906385,65,29,48584,49292,1256,634,0,0,0,0,0,0,97603,0,0,18,0,0,0,0,0,0,0,2363,0,0,0,0,0,0
212,5545,213.01228906811582,99984,80,40,11,1,1708,840,0.02548407745239238,63,30,48579,49289,1265,638,0,0,0,0,0,0,97586,0,0,18,0,0,0,0,0,0,0,2380,0,0,0,0,0,0
213,5545,214.02738812395816,99984,84,44,11,1,1724,849,0.025734117458793407,61,27,48569,49286,1273,640,0,0,0,0,0,0,97569,0,0,18,0,0,0,0,0,0,0,2397,0,0,0,0,0,0
214,5545,215.0426100217376,99984,89,47,11,1,1734,856,0.025904144663146104,59,27,48564,49281,1275,642,0,0,0,0,0,0,97560,0,0,18,0,0,0,0,0,0,0,2406,0,0,0,0,0,0
215,5545,216.0579635394955,99984,81,48,11,1,1744,864,0.02608417346775484,68,24,48551,49278,1287,647,0,0,0,0,0,0,97535,0,0,18,0,0,0,0,0,0,0,2431,0,0,0,0,0,0
216,5545,217.07354277028804,99984,86,48,11,1,1762,871,0.026334213474155866,60,20,48544,49276,1297,653,0,0,0,0,0,0,97515,0,0,18,0,0,0,0,0,0,0,2451,0,0,0,0,0,0
217,5545,218.20198237914306,99984,92,57,11,1,1782,881,0.026634261481837094,62,17,48526,49272,1307,651,0,0,0,0,0,0,97500,0,0,18,0,0,0,0,0,0,0,2466,0,0,0,0,0,0
218,5545,219.02511532844696,99984,100,58,11,1,1802,886,0.02688430148823812,47,15,48522,49273,1318,651,0,0,0,0,0,0,97484,0,0,18,0,0,0,0,0,0,0,2482,0,0,0,0,0,0
219,5545,220.0152733396773,99984,92,60,11,1,1811,893,0.027044327092334775,58,16,48508,49267,1329,654,0,0,0,0,0,0,97462,0,0,18,0,0,0,0,0,0,0,2504,0,0,0,0,0,0
220,5545,221.04099884265273,99984,105,54,11,1,1832,895,0.027274363898223717,51,21,48500,49262,1331,660,0,0,0,0,0,0,97446,0,0,18,0,0,0,0,0,0,0,2520,0,0,0,0,0,0
221,5545,222.3193916308988,99983,99,51,11,2,1849,901,0.02750467579488513,61,26,48485,49253,1342,666,0,0,0,0,0,0,97414,0,0,18,0,0,0,0,0,0,0,2551,0,0,0,0,0,0
222,5545,223.33616709811082,99983,99,55,11,2,1862,912,0.02774471660182231,70,24,48470,49245,1348,672,0,0,0,0,0,0,97394,0,0,18,0,0,0,0,0,0,0,2571,0,0,0,0,0,0
223,5545,224.0141510180937,99983,100,57,11,2,1873,918,0.027914745506736144,76,24,48457,49240,1354,675,0,0,0,0,0,0,97380,0,0,18,0,0,0,0,0,0,0,2585,0,0,0,0,0,0
224,5545,225.0313645708486,99983,96,55,11,2,1886,923,0.02809477611193903,79,31,48442,49231,1370,679,0,0,0,0,0,0,97356,0,0,18,0,0,0,0,0,0,0,2609,0,0,0,0,0,0
225,5545,226.0489026696749,99983,108,50,11,2,1912,932,0.02844483562205575,70,33,48425,49222,1384,691,0,0,0,0,0,0,97330,0,0,20,0,0,0,0,0,0,0,2633,0,0,0,0,0,0
226,5545,227.06676615991927,99983,110,55,11,2,1928,942,0.028704879829571026,80,31,48402,49221,1395,689,0,0,0,0,0,0,97312,0,0,21,0,0,0,0,0,0,0,2650,0,0,0,0,0,0
227,5545,228.0849409287868,99983,113,53,11,2,1949,949,0.028984927437664402,78,30,48387,49215,1409,698,0,0,0,0,0,0,97287,0,0,23,0,0,0,0,0,0,0,2673,0,0,0,0,0,0
228,5545,229.1034353654926,99983,126,49,11,2,1975,955,0.029304981846913974,68,29,48378,49212,1415,706,0,0,0,0,0,0,97264,0,0,23,0,0,0,0,0,0,0,2696,0,0,0,0,0,0
229,5545,230.12208726120997,99983,124,50,11,2,1992,963,0.029555024354140202,74,27,48365,49206,1424,713,0,0,0,0,0,0,97239,0,0,24,0,0,0,0,0,0,0,2720,0,0,0,0,0,0
230,5545,231.14099195160287,99983,117,49,11,2,2000,969,0.029695048158186892,90,31,48348,49198,1432,718,0,0,0,0,0,0,97217,0,0,24,0,0,0,0,0,0,0,2742,0,0,0,0,0,0
231,5545,232.16019474631656,99983,115,41,11,2,2021,976,0.02997509576628027,89,36,48332,49187,1451,732,0,0,0,0,0,0,97180,0,0,25,0,0,0,0,0,0,0,2778,0,0,0,0,0,0
232,5545,233.17979655400708,99983,120,38,11,2,2044,983,0.03027514677495174,82,37,48321,49179,1464,742,0,0,0,0,0,0,97152,0,0,25,0,0,0,0,0,0,0,2806,0,0,0,0,0,0
233,5545,234.19962912621543,99983,121,43,11,2,2057,995,0.03052518928217797,84,33,48312,49173,1470,747,0,0,0,0,0,0,97133,0,0,25,0,0,0,0,0,0,0,2825,0,0,0,0,0,0
234,5545,235.21965035221305,99983,128,43,11,2,2085,1003,0.03088525049258374,80,30,48291,49173,1488,750,0,0,0,0,0,0,97105,0,0,26,0,0,0,0,0,0,0,2852,0,0,0,0,0,0
235,5545,236.23999716980038,99983,128,43,11,2,2105,1008,0.03113529299980997,73,32,48282,49166,1504,755,0,0,0,0,0,0,97080,0,0,26,0,0,0,0,0,0,0,2877,0,0,0,0,0,0
236,5545,237.26065386458356,99983,131,49,11,2,2122,1024,0.03146534910934859,77,24,48270,49158,1509,765,0,0,0,0,0,0,97056,0,0,26,0,0,0,0,0,0,0,2901,0,0,0,0,0,0
237,5545,238.2815366584881,99983,133,48,11,2,2142,1030,0.031725393316863866,81,26,48253,49152,1520,770,0,0,0,0,0,0,97031,0,0,26,0,0,0,0,0,0,0,2926,0,0,0,0,0,0
238,5545,239.30267968628422,99983,145,45,11,2,2165,1035,0.032005440924957246,85,32,48230,49144,1527,775,0,0,0,0,0,0,97012,0,0,26,0,0,0,0,0,0,0,2945,0,0,0,0,0,0
239,5545,240.3241601637958,99981,158,45,13,2,2199,1043,0.032426160970584414,77,34,48206,49137,1544,780,0,0,0,0,0,0,96984,0,0,27,0,0,0,0,0,0,0,2970,0,0,0,0,0,0
240,5545,241.0053356295891,99981,159,42,13,2,2213,1046,0.03259619327672258,76,41,48199,49130,1551,783,0,0,0,0,0,0,96965,0,0,27,0,0,0,0,0,0,0,2989,0,0,0,0,0,0
241,5545,242.027322173791,99981,153,44,13,2,2229,1052,0.032816235084666086,73,47,48191,49120,1568,785,0,0,0,0,0,0,96939,0,0,27,0,0,0,0,0,0,0,3015,0,0,0,0,0,0
242,5545,243.04955774940711,99981,149,49,13,2,2249,1063,0.033126293995859216,67,44,48184,49114,1585,789,0,0,0,0,0,0,96911,0,0,29,0,0,0,0,0,0,0,3041,0,0,0,0,0,0
243,5545,244.07203958195802,99981,152,49,13,2,2269,1076,0.03345635670777448,67,39,48167,49108,1599,800,0,0,0,0,0,0,96881,0,0,29,0,0,0,0,0,0,0,3071,0,0,0,0,0,0
244,5545,245.09482473701974,99981,144,44,13,2,2289,1083,0.03372640801752333,63,42,48155,49099,1623,811,0,0,0,0,0,0,96842,0,0,30,0,0,0,0,0,0,0,3109,0,0,0,0,0,0
245,5545,246.11802988338286,99981,141,53,13,2,2304,1098,0.034026465028355386,68,37,48141,49091,1635,815,0,0,0,0,0,0,96818,0,0,30,0,0,0,0,0,0,0,3133,0,0,0,0,0,0
246,5545,247.14149826387253,99981,140,54,13,2,2325,1106,0.03431652013882638,63,39,48130,49084,1652,819,0,0,0,0,0,0,96790,0,0,31,0,0,0,0,0,0,0,3160,0,0,0,0,0,0
247,5545,248.16523335389138,99981,134,53,13,2,2341,1110,0.034516558146047746,72,41,48114,49081,1665,821,0,0,0,0,0,0,96764,0,0,32,0,0,0,0,0,0,0,3185,0,0,0,0,0,0
248,5545,249.18927099109138,99981,134,60,13,2,2358,1123,0.03481661515687981,69,39,48111,49071,1671,826,0,0,0,0,0,0,96741,0,0,32,0,0,0,0,0,0,0,3208,0,0,0,0,0,0
249,5545,250.21343017011026,99981,140,62,13,2,2382,1132,0.03514667786879507,68,35,48093,49067,1684,832,0,0,0,0,0,0,96716,0,0,32,0,0,0,0,0,0,0,3233,0,0,0,0,0,0
250,5545,251.23789546181453,99981,136,60,13,2,2402,1142,0.03544673487962713,78,34,48066,49060,1705,842,0,0,0,0,0,0,96681,0,0,33,0,0,0,0,0,0,0,3267,0,0,0,0,0,0
251,5545,252.26285592668054,99979,127,58,15,2,2419,1150,0.03569749647425959,75,38,48057,49048,1724,852,0,0,0,0,0,0,96645,0,0,33,0,0,0,0,0,0,0,3301,0,0,0,0,0,0
252,5545,253.28813835237284,99979,122,63,15,2,2436,1164,0.036007561587933466,75,34,48049,49044,1737,855,0,0,0,0,0,0,96616,0,0,35,0,0,0,0,0,0,0,3328,0,0,0,0,0,0
253,5545,254.31365536514554,99979,121,65,15,2,2451,1172,0.036237609898078595,82,32,48036,49039,1744,860,0,0,0,0,0,0,96595,0,0,36,0,0,0,0,0,0,0,3348,0,0,0,0,0,0
254,5545,255.33935885236596,99979,126,60,15,2,2474,1181,0.036557677112193564,72,34,48032,49030,1753,872,0,0,0,0,0,0,96566,0,0,39,0,0,0,0,0,0,0,3374,0,0,0,0,0,0
255,5545,256.0232485771245,99979,130,57,15,2,2491,1183,0.03674771702057432,68,37,48025,49027,1760,875,0,0,0,0,0,0,96548,0,0,39,0,0,0,0,0,0,0,3392,0,0,0,0,0,0
256,5545,257.049279336922,99979,121,58,15,2,2504,1194,0.03698776743116054,71,38,48017,49018,1774,882,0,0,0,0,0,0,96517,0,0,40,0,0,0,0,0,0,0,3422,0,0,0,0,0,0
257,5545,258.0755352159803,99978,117,61,16,2,2517,1203,0.03720818580087619,74,38,48005,49015,1786,882,0,0,0,0,0,0,96494,0,0,40,0,0,0,0,0,0,0,3444,0,0,0,0,0,0
258,5545,259.10202814876334,99978,114,59,16,2,2536,1212,0.03748824741443117,78,39,47993,49007,1797,891,0,0,0,0,0,0,96463,0,0,42,0,0,0,0,0,0,0,3473,0,0,0,0,0,0
259,5545,260.1287692848535,99978,117,54,16,2,2552,1220,0.037728300226049734,84,45,47974,48996,1807,901,0,0,0,0,0,0,96437,0,0,42,0,0,0,0,0,0,0,3499,0,0,0,0,0,0
260,5545,261.155819270396,99978,126,56,16,2,2576,1228,0.03804837064154114,73,43,47963,48993,1820,904,0,0,0,0,0,0,96416,0,0,42,0,0,0,0,0,0,0,3520,0,0,0,0,0,0
261,5545,262.1831733459251,99978,112,57,16,2,2588,1239,0.03827842125267559,75,39,47951,48988,1844,912,0,0,0,0,0,0,96380,0,0,42,0,0,0,0,0,0,0,3556,0,0,0,0,0,0
262,5545,263.2108623536458,99978,118,53,16,2,2603,1248,0.03851847406429414,78,37,47941,48984,1845,922,0,0,0,0,0,0,96359,0,0,43,0,0,0,0,0,0,0,3576,0,0,0,0,0,0
263,5545,264.2387548373343,99978,127,49,16,2,2628,1255,0.038838544479785554,67,40,47930,48978,1858,929,0,0,0,0,0,0,96332,0,0,43,0,0,0,0,0,0,0,3603,0,0,0,0,0,0
264,5545,265.2668728016442,99978,134,46,16,2,2648,1262,0.039108603892856426,68,44,47915,48969,1865,937,0,0,0,0,0,0,96309,0,0,43,0,0,0,0,0,0,0,3626,0,0,0,0,0,0
265,5545,266.29524049136336,99978,126,51,16,2,2668,1273,0.03941867210786373,62,44,47906,48960,1888,941,0,0,0,0,0,0,96275,0,0,43,0,0,0,0,0,0,0,3660,0,0,0,0,0,0
266,5545,267.32387380557856,99978,115,54,16,2,2675,1286,0.03961871611754586,72,47,47894,48947,1901,948,0,0,0,0,0,0,96248,0,0,44,0,0,0,0,0,0,0,3686,0,0,0,0,0,0
267,5545,268.0097963826418,99978,118,59,16,2,2688,1294,0.0398287623277121,76,46,47884,48945,1904,946,0,0,0,0,0,0,96235,0,0,44,0,0,0,0,0,0,0,3699,0,0,0,0,0,0
268,5545,269.03882135910095,99977,121,68,17,2,2708,1310,0.040189243526010984,80,40,47870,48939,1910,949,0,0,0,0,0,0,96211,0,0,44,0,0,0,0,0,0,0,3722,0,0,0,0,0,0
269,5545,270.06806312912283,99977,115,69,17,2,2726,1318,0.04044930333976815,88,41,47847,48936,1931,950,0,0,0,0,0,0,96181,0,0,45,0,0,0,0,0,0,0,3751,0,0,0,0,0,0
270,5545,271.09770502378115,99977,119,65,17,2,2752,1324,0.04076937695670004,73,43,47840,48930,1949,958,0,0,0,0,0,0,96149,0,0,45,0,0,0,0,0,0,0,3783,0,0,0,0,0,0
271,5545,272.1276939884063,99977,117,69,17,2,2775,1333,0.04108945057363193,77,43,47818,48925,1969,959,0,0,0,0,0,0,96119,0,0,45,0,0,0,0,0,0,0,3813,0,0,0,0,0,0
272,5545,273.15806547057343,99977,116,67,17,2,2791,1344,0.04135951268791822,74,45,47815,48916,1976,968,0,0,0,0,0,0,96090,0,0,46,0,0,0,0,0,0,0,3841,0,0,0,0,0,0
273,5545,274.1885742510807,99977,115,67,17,2,2809,1357,0.04166958400432099,72,38,47804,48914,1990,977,0,0,0,0,0,0,96058,0,0,46,0,0,0,0,0,0,0,3873,0,0,0,0,0,0
274,5545,275.2193955239479,99977,128,66,17,2,2839,1366,0.04205967372495674,59,37,47794,48911,2000,982,0,0,0,0,0,0,96033,0,0,48,0,0,0,0,0,0,0,3896,0,0,0,0,0,0
275,5545,276.25040440117067,99977,123,63,17,2,2855,1374,0.04229972893765566,61,45,47780,48897,2017,991,0,0,0,0,0,0,96002,0,0,49,0,0,0,0,0,0,0,3926,0,0,0,0,0,0
276,5545,277.2817448015779,99977,126,68,17,2,2876,1386,0.04262980485511668,60,43,47766,48891,2029,994,0,0,0,0,0,0,95977,0,0,49,0,0,0,0,0,0,0,3951,0,0,0,0,0,0
277,5545,278.3133662891334,99977,128,62,17,2,2893,1397,0.04290986926993209,64,44,47753,48879,2036,1011,0,0,0,0,0,0,95946,0,0,50,0,0,0,0,0,0,0,3981,0,0,0,0,0,0
278,5545,279.00123990405996,99977,119,60,17,2,2902,1404,0.04306990607839803,69,41,47746,48878,2047,1017,0,0,0,0,0,0,95922,0,0,53,0,0,0,0,0,0,0,4002,0,0,0,0,0,0
279,5545,280.03330211857303,99977,121,63,17,2,2920,1413,0.04333996819268432,71,41,47737,48871,2052,1021,0,0,0,0,0,0,95900,0,0,53,0,0,0,0,0,0,0,4024,0,0,0,0,0,0
280,5545,281.06554944866957,99977,124,68,17,2,2939,1424,0.04364003720855797,71,35,47723,48867,2063,1026,0,0,0,0,0,0,95879,0,0,54,0,0,0,0,0,0,0,4044,0,0,0,0,0,0
281,5545,282.0980331997568,99977,123,68,17,2,2959,1434,0.04394010622443162,71,35,47708,48862,2079,1031,0,0,0,0,0,0,95848,0,0,54,0,0,0,0,0,0,0,4075,0,0,0,0,0,0
282,5545,283.1308670513524,99977,130,62,17,2,2980,1438,0.04419016373765966,72,39,47695,48859,2084,1036,0,0,0,0,0,0,95826,0,0,54,1,0,0,0,0,0,0,4096,0,0,0,0,0,0
283,5545,284.1638992726264,99977,125,58,17,2,3000,1443,0.0444402212508877,69,42,47686,48852,2101,1044,0,0,0,0,0,0,95792,0,0,54,1,0,0,0,0,0,0,4130,0,0,0,0,0,0
284,5545,285.19721543100445,99977,124,59,17,2,3014,1453,0.044680276463586625,74,47,47674,48841,2109,1049,0,0,0,0,0,0,95769,0,0,55,1,0,0,0,0,0,0,4152,0,0,0,0,0,0
285,5545,286.2307444440787,99977,119,59,17,2,3034,1460,0.04495033857787291,71,52,47667,48837,2124,1048,0,0,0,0,0,0,95737,0,0,55,1,0,0,0,0,0,0,4184,0,0,0,0,0,0
286,5545,287.2644407556064,99977,117,71,17,2,3049,1476,0.04526040989427568,74,46,47661,48829,2129,1050,0,0,0,0,0,0,95716,0,0,55,1,0,0,0,0,0,0,4205,0,0,0,0,0,0
287,5545,288.2982166131855,99977,110,77,17,2,3061,1487,0.04549046280644548,79,51,47654,48816,2138,1052,0,0,0,0,0,0,95693,0,0,56,1,0,0,0,0,0,0,4227,0,0,0,0,0,0
288,5545,289.3321881205255,99977,115,82,17,2,3087,1504,0.045920561729197715,78,45,47635,48810,2153,1059,0,0,0,0,0,0,95660,0,0,56,1,0,0,0,0,0,0,4260,0,0,0,0,0,0
289,5545,290.0217024793216,99977,116,84,17,2,3098,1512,0.04611060543925103,77,46,47629,48804,2159,1062,0,0,0,0,0,0,95644,0,0,56,1,0,0,0,0,0,0,4276,0,0,0,0,0,0
290,5545,291.0561311136995,99977,127,85,17,2,3123,1521,0.046450683657241164,76,45,47617,48798,2161,1068,0,0,0,0,0,0,95623,0,0,57,1,0,0,0,0,0,0,4296,0,0,0,0,0,0
291,5545,292.09073604104725,99977,129,81,17,2,3142,1532,0.046750752673114813,76,51,47604,48785,2172,1079,0,0,0,0,0,0,95592,0,0,58,1,0,0,0,0,0,0,4326,0,0,0,0,0,0
292,5545,293.12552317441384,99977,136,88,17,2,3167,1545,0.04713084009322144,75,50,47592,48780,2178,1078,0,0,0,0,0,0,95568,0,0,58,1,0,0,0,0,0,0,4350,0,0,0,0,0,0
293,5545,294.1605274534367,99977,134,94,17,2,3181,1558,0.04740090220750773,84,46,47573,48773,2190,1083,0,0,0,0,0,0,95545,0,0,58,1,0,0,0,0,0,0,4373,0,0,0,0,0,0
294,5545,295.19585093164943,99976,147,99,18,2,3212,1576,0.04789149395855005,78,38,47556,48766,2199,1093,0,0,0,0,0,0,95515,0,0,59,1,0,0,0,0,0,0,4401,0,0,0,0,0,0
295,5545,296.2314572609902,99976,161,94,18,2,3246,1584,0.04831159478274786,71,45,47538,48758,2210,1099,0,0,0,0,0,0,95482,0,0,59,1,0,0,0,0,0,0,4434,0,0,0,0,0,0
296,5545,297.2673556863439,99976,149,92,18,2,3260,1597,0.04858165959830359,85,45,47517,48746,2229,1113,0,0,0,0,0,0,95441,0,0,59,1,0,0,0,0,0,0,4475,0,0,0,0,0,0
297,5545,298.3036926229953,99976,145,95,18,2,3277,1607,0.04885172441385933,89,46,47503,48738,2243,1117,0,0,0,0,0,0,95414,0,0,60,1,0,0,0,0,0,0,4501,0,0,0,0,0,0
298,5545,299.34030674900106,99975,145,97,19,2,3299,1622,0.0492223055763941,95,42,47485,48729,2254,1128,0,0,0,0,0,0,95381,0,0,62,1,0,0,0,0,0,0,4531,0,0,0,0,0,0
299,5545,300.0315585486811,99975,153,88,19,2,3315,1628,0.04944236059014754,97,43,47471,48723,2258,1142,0,0,0,0,0,0,95358,0,0,62,1,0,0,0,0,0,0,4554,0,0,0,0,0,0
300,5545,301.0687758164504,99975,147,82,19,2,3337,1635,0.04973243310827707,96,48,47458,48715,2278,1151,0,0,0,0,0,0,95317,0,0,62,1,0,0,0,0,0,0,4595,0,0,0,0,0,0
301,5545,302.10637022233414,99975,154,77,19,2,3364,1643,0.05008252063015754,93,54,47438,48706,2294,1159,0,0,0,0,0,0,95284,0,0,62,1,0,0,0,0,0,0,4628,0,0,0,0,0,0
302,5545,303.14434419268434,99975,153,79,19,2,3383,1658,0.050422605651412856,92,54,47432,48695,2302,1168,0,0,0,0,0,0,95252,0,0,63,1,0,0,0,0,0,0,4659,0,0,0,0,0,0
303,5545,304.1824739380619,99975,164,90,19,2,3414,1675,0.050902725681420354,88,53,47415,48690,2312,1163,0,0,0,0,0,0,95226,0,0,63,1,0,0,0,0,0,0,4685,0,0,0,0,0,0
304,5545,305.2208256702767,99975,179,83,19,2,3444,1686,0.05131282820705176,85,52,47398,48685,2317,1176,0,0,0,0,0,0,95195,0,0,65,1,0,0,0,0,0,0,4714,0,0,0,0,0,0
305,5545,306.2594853406718,99975,167,87,19,2,3461,1706,0.05168292073018255,102,42,47374,48678,2336,1189,0,0,0,0,0,0,95150,0,0,65,1,0,0,0,0,0,0,4759,0,0,0,0,0,0
306,5545,307.2986193954009,99975,153,88,19,2,3487,1721,0.052093023255813956,102,39,47352,48667,2372,1202,0,0,0,0,0,0,95096,0,0,65,1,0,0,0,0,0,0,4813,0,0,0,0,0,0
307,5545,308.338351881607,99975,153,92,19,2,3511,1732,0.052443110777694424,109,45,47329,48655,2388,1204,0,0,0,0,0,0,95065,0,0,65,1,0,0,0,0,0,0,4844,0,0,0,0,0,0
308,5545,309.03176477725975,99975,153,91,19,2,3526,1739,0.052663165791447863,118,47,47313,48647,2395,1211,0,0,0,0,0,0,95042,0,0,65,1,0,0,0,0,0,0,4867,0,0,0,0,0,0
309,5545,310.0721736530348,99975,161,93,19,2,3558,1753,0.05312328082020505,119,44,47289,48641,2410,1218,0,0,0,0,0,0,95009,0,0,68,1,0,0,0,0,0,0,4897,0,0,0,0,0,0
310,5545,311.1129717313767,99974,163,91,20,2,3593,1763,0.053573929221597615,113,40,47269,48640,2433,1225,0,0,0,0,0,0,94965,0,0,69,1,0,0,0,0,0,0,4939,0,0,0,0,0,0
311,5545,312.15429229472704,99974,178,75,20,2,3623,1765,0.05389401244323524,115,46,47250,48636,2435,1239,0,0,0,0,0,0,94933,0,0,70,1,0,0,0,0,0,0,4970,0,0,0,0,0,0
312,5545,313.19593422787506,99974,165,74,20,2,3640,1778,0.054194090463520514,114,46,47241,48629,2458,1247,0,0,0,0,0,0,94891,0,0,72,1,0,0,0,0,0,0,5010,0,0,0,0,0,0
313,5545,314.2379669941119,99974,162,82,20,2,3669,1791,0.0546141996919199,116,46,47213,48622,2487,1246,0,0,0,0,0,0,94856,0,0,72,2,0,0,0,0,0,0,5044,0,0,0,0,0,0
314,5545,315.2805413416003,99974,155,80,20,2,3693,1802,0.054964290715586055,114,52,47202,48609,2507,1255,0,0,0,0,0,0,94814,0,0,74,2,0,0,0,0,0,0,5084,0,0,0,0,0,0
315,5545,316.32344286434363,99974,154,83,20,2,3721,1813,0.05535439214195691,106,52,47194,48603,2524,1258,0,0,0,0,0,0,94782,0,0,77,3,0,0,0,0,0,0,5112,0,0,0,0,0,0
316,5545,317.0188711120121,99974,155,78,20,2,3738,1819,0.055584451957508954,105,51,47187,48599,2531,1268,0,0,0,0,0,0,94755,0,0,77,3,0,0,0,0,0,0,5139,0,0,0,0,0,0
317,5545,318.062258774692,99974,155,79,20,2,3759,1831,0.055914537779822755,114,52,47160,48589,2549,1276,0,0,0,0,0,0,94725,0,0,79,3,0,0,0,0,0,0,5167,0,0,0,0,0,0
318,5545,319.106099789485,99974,156,79,20,2,3795,1843,0.05639466261227919,103,54,47147,48582,2572,1281,0,0,0,0,0,0,94681,0,0,82,3,0,0,0,0,0,0,5208,0,0,0,0,0,0
319,5545,320.15036336925505,99973,160,76,21,2,3824,1854,0.0567953347403799,98,56,47129,48570,2589,1293,1,1,1,1,0,0,94640,0,0,82,3,0,0,0,0,0,2,5246,0,0,0,0,0,0
320,5545,321.1950033009936,99973,165,81,21,2,3852,1871,0.05724545627319376,92,53,47121,48565,2597,1295,2,2,2,2,0,0,94606,0,0,85,3,0,0,0,0,0,4,5275,0,0,0,0,0,0
321,5545,322.281419725752,99973,162,80,21,2,3874,1882,0.05757554539725726,94,56,47103,48555,2615,1302,3,3,3,3,0,0,94567,0,0,85,3,0,0,0,0,0,6,5312,0,0,0,0,0,0
322,5545,323.11293561863056,99973,164,79,21,2,3895,1892,0.057885629119862364,93,57,47085,48548,2631,1308,4,4,4,4,0,0,94536,0,0,86,3,0,0,0,0,0,8,5340,0,0,0,0,0,0
323,5545,324.01411970938983,99973,171,82,21,2,3920,1902,0.058235723645384256,91,59,47069,48539,2641,1311,5,5,5,5,0,0,94509,0,0,86,3,0,0,0,0,0,10,5365,0,0,0,0,0,0
324,5545,325.15362292682113,99973,176,76,21,2,3945,1919,0.05865583707601052,86,55,47056,48530,2653,1329,6,6,6,6,0,0,94465,0,0,87,3,0,0,0,0,0,12,5406,0,0,0,0,0,0
325,5545,326.04962866710196,99973,173,78,21,2,3961,1937,0.05899592890080322,95,52,47038,48519,2664,1340,7,7,7,7,0,0,94430,0,0,89,3,0,0,0,0,0,14,5437,0,0,0,0,0,0
326,5545,327.0478461005836,99973,171,78,21,2,3983,1949,0.05933602072559591,101,52,47019,48510,2678,1348,8,8,8,8,0,0,94392,0,0,89,3,0,0,0,0,0,16,5473,0,0,0,0,0,0
327,5545,328.0108576837172,99973,168,70,21,2,4005,1956,0.05962609904674262,100,56,47006,48501,2694,1360,9,9,9,9,0,0,94351,0,0,90,3,0,0,0,0,0,18,5511,0,0,0,0,0,0
328,5545,329.02111347092665,99973,171,68,21,2,4032,1971,0.06004621247736889,98,56,46988,48488,2710,1374,10,10,10,10,0,0,94308,0,0,90,3,0,0,0,0,0,20,5552,0,0,0,0,0,0
329,5545,330.0259766216649,99973,171,73,21,2,4054,1982,0.06037630160143238,104,60,46967,48479,2724,1373,11,11,11,11,0,0,94279,0,0,91,3,0,0,0,0,0,22,5578,0,0,0,0,0,0
330,5545,331.0157373071978,99972,178,73,22,2,4084,1991,0.06076701476413396,106,65,46945,48472,2736,1375,11,11,12,12,0,0,94247,0,0,93,3,0,0,0,0,0,24,5605,0,0,0,0,0,0
331,5545,332.2130853084928,99972,170,77,22,2,4109,2008,0.06118713239707118,113,63,46923,48459,2758,1385,12,12,13,13,0,0,94201,0,0,95,3,0,0,0,0,0,26,5647,0,0,0,0,0,0
332,5545,333.00458221615514,99972,176,79,22,2,4129,2021,0.061517224822950425,106,60,46917,48450,2764,1394,13,13,14,14,0,0,94174,0,0,95,3,0,0,0,0,0,28,5672,0,0,0,0,0,0
333,5545,334.0021182358216,99972,182,80,22,2,4156,2035,0.06192733965510343,98,62,46908,48436,2775,1405,13,13,15,15,0,0,94138,0,0,95,3,0,0,0,0,0,30,5706,0,0,0,0,0,0
334,5545,335.00875258764273,99972,176,82,22,2,4181,2045,0.06227743768255112,99,69,46897,48424,2790,1407,14,14,16,16,0,0,94098,0,0,96,3,0,0,0,0,0,32,5743,0,0,0,0,0,0
335,5545,336.0814566780804,99972,190,80,22,2,4214,2059,0.06274756931940943,101,67,46871,48418,2799,1416,15,15,17,17,0,0,94062,0,0,97,3,0,0,0,0,0,34,5776,0,0,0,0,0,0
336,5545,337.02467474535615,99971,193,87,23,2,4239,2074,0.06314831301077313,100,68,46857,48404,2809,1421,16,16,18,18,0,0,94030,0,0,97,3,0,0,0,0,0,36,5805,0,0,0,0,0,0
337,5545,338.04889637535484,99970,191,104,24,2,4266,2101,0.0636891067320196,98,54,46847,48395,2821,1426,17,17,19,19,0,0,93989,0,0,97,3,0,0,0,0,0,38,5843,0,0,0,0,0,0
338,5545,339.00562729405124,99970,190,105,24,2,4293,2116,0.06410923276983095,91,51,46838,48386,2837,1436,18,18,20,20,0,0,93947,0,0,99,3,0,0,0,0,0,40,5881,0,0,0,0,0,0
339,5545,340.0010781357738,99970,178,101,24,2,4317,2127,0.0644593378013404,101,63,46812,48367,2864,1446,19,19,21,21,0,0,93895,0,0,100,3,0,0,0,0,0,42,5930,0,0,0,0,0,0
340,5545,341.02960678821165,99970,171,110,24,2,4343,2147,0.06491947584275283,102,63,46794,48351,2887,1452,20,20,22,22,0,0,93850,0,0,101,3,0,0,0,0,0,44,5972,0,0,0,0,0,0
341,5545,342.01632967011267,99970,170,120,24,2,4367,2168,0.06536961088326498,107,61,46775,48331,2901,1463,21,21,23,23,0,0,93812,0,0,101,3,0,0,0,0,0,46,6008,0,0,0,0,0,0
342,5545,343.0070646573969,99970,179,120,24,2,4399,2185,0.0658597579273782,105,54,46754,48324,2915,1476,21,22,24,24,0,0,93774,0,0,105,3,0,0,0,0,0,48,6040,0,0,0,0,0,0
343,5545,344.08585081554514,99970,185,107,24,2,4439,2199,0.0663999199759928,121,69,46715,48299,2931,1498,22,23,25,25,0,0,93715,0,0,109,3,0,0,0,0,0,50,6093,0,0,0,0,0,0
344,5545,345.1389641481139,99970,184,103,24,2,4463,2215,0.0668000400120036,119,72,46698,48286,2949,1511,24,24,26,27,0,0,93668,0,0,110,3,0,0,0,0,0,53,6136,0,0,0,0,0,0
345,5545,346.1924794987409,99970,187,115,24,2,4491,2241,0.06734020206061818,115,61,46683,48271,2963,1523,26,26,28,29,0,0,93630,0,0,115,3,0,0,0,0,0,57,6165,0,0,0,0,0,0
346,5545,347.24630861781276,99970,179,112,24,2,4514,2258,0.06774032209662899,119,58,46666,48256,2982,1542,28,28,30,31,0,0,93579,0,0,119,3,0,0,0,0,0,61,6208,0,0,0,0,0,0
347,5545,348.30062354669457,99970,180,105,24,2,4550,2273,0.06825047514254276,107,57,46654,48247,3004,1557,29,30,32,33,0,0,93521,0,0,122,3,0,0,0,0,0,65,6259,0,0,0,0,0,0
348,5545,349.00374199413824,99970,180,104,24,2,4570,2288,0.06860058017405221,111,51,46634,48238,3018,1571,31,32,34,35,0,0,93482,0,0,123,3,0,0,0,0,0,69,6293,0,0,0,0,0,0
349,5545,350.0589044110911,99969,181,103,25,2,4604,2303,0.06909141833968531,105,54,46616,48228,3037,1577,34,34,37,38,0,0,93430,0,0,123,4,0,0,0,0,0,74,6337,1,0,0,0,0,0
350,5545,351.1145600708223,99969,168,97,25,2,4627,2318,0.06947153617621463,108,59,46594,48212,3066,1592,37,36,40,41,0,0,93370,0,0,126,4,0,0,0,0,0,80,6388,1,0,0,0,0,0
351,5545,352.1707760450815,99969,166,95,25,2,4652,2331,0.06985165401274394,111,61,46573,48202,3083,1599,40,39,43,44,0,0,93326,0,0,129,4,0,0,0,0,0,85,6423,2,0,0,0,0,0
352,5545,353.2274967249889,99969,163,98,25,2,4678,2350,0.07030179355600236,113,54,46556,48192,3097,1609,44,43,47,48,0,0,93274,0,0,130,4,0,0,0,0,0,93,6466,2,0,0,0,0,0
353,5545,354.2846406705196,99969,179,92,25,2,4716,2361,0.07079194550310597,98,62,46537,48172,3111,1623,48,47,51,52,0,0,93228,0,0,131,4,0,0,0,0,0,101,6503,2,0,0,0,0,0
354,5545,355.34216840274763,99968,184,90,26,2,4745,2376,0.07123279449423815,101,60,46520,48160,3114,1634,53,52,56,57,0,0,93178,0,0,131,4,0,0,0,0,0,110,6542,3,0,0,0,0,0
355,5545,356.0473706818813,99968,180,92,26,2,4761,2385,0.07148287451984635,100,55,46512,48160,3123,1632,57,57,61,62,0,0,93144,0,0,134,4,0,0,0,0,0,120,6563,3,0,0,0,0,0
356,5545,357.10550436286593,99968,172,91,26,2,4783,2397,0.07182298335467349,114,58,46486,48150,3138,1634,62,63,67,67,0,0,93092,0,0,134,4,0,0,0,0,0,129,6604,5,0,0,0,0,0
357,5545,358.16412556152534,99968,177,93,26,2,4815,2410,0.07227312740076824,106,61,46461,48134,3160,1639,68,69,73,73,0,0,93045,0,0,136,4,0,0,0,0,0,140,6637,6,0,0,0,0,0
358,5545,359.2233074242208,99968,191,99,26,2,4856,2432,0.07290332906530089,93,48,46438,48123,3175,1650,75,76,80,80,0,0,92991,0,0,138,4,0,0,0,0,0,153,6675,7,0,0,0,0,0
359,5545,360.2829897096951,99968,190,95,26,2,4880,2448,0.073303457106274,99,50,46411,48103,3190,1664,82,84,88,87,0,0,92934,0,0,141,4,0,0,0,0,0,168,6714,7,0,0,0,0,0
360,5545,361.34329022698574,99968,188,99,26,2,4911,2463,0.07376360435339309,104,53,46379,48079,3211,1672,90,93,97,95,0,0,92874,0,0,141,4,0,0,0,0,0,184,6757,8,0,0,0,0,0
361,5545,362.0505174292883,99967,187,101,27,2,4933,2474,0.07409445116888573,104,54,46360,48061,3222,1677,98,103,107,104,0,0,92825,0,0,141,4,0,0,0,0,0,201,6786,10,0,0,0,0,0
362,5545,363.1118812996585,99967,185,97,27,2,4959,2489,0.07450458651354946,110,59,46334,48042,3235,1686,107,112,118,113,0,0,92760,0,0,142,4,0,0,0,0,0,220,6830,11,0,0,0,0,0
363,5545,364.17379072050335,99967,178,109,27,2,4980,2509,0.07491472185821321,123,59,46304,48017,3249,1687,117,124,130,123,0,0,92704,0,0,143,4,0,0,0,0,0,241,6863,12,0,0,0,0,0
364,5545,365.23619185018333,99967,181,113,27,2,5009,2527,0.07538487700941311,123,62,46280,47991,3259,1693,128,137,143,134,0,0,92642,0,0,143,4,0,0,0,0,0,263,6901,14,0,0,0,0,0
365,5545,366.29916341188033,99966,175,108,28,2,5042,2541,0.07585579096892943,125,55,46244,47978,3287,1705,139,150,157,146,0,0,92561,0,0,144,4,0,0,0,0,0,287,6954,16,0,0,0,0,0
366,5545,367.00828195890944,99966,177,115,28,2,5059,2558,0.07619590660824681,124,55,46222,47950,3295,1711,152,165,172,159,0,0,92511,0,0,144,4,0,0,0,0,0,312,6976,19,0,0,0,0,0
367,5545,368.07267050243723,99966,181,118,28,2,5099,2579,0.07680611407878679,118,51,46185,47923,3320,1722,166,182,189,173,0,0,92429,0,0,146,4,0,0,0,0,0,342,7025,20,0,0,0,0,0
368,5545,369.13779845419276,99966,182,113,28,2,5133,2593,0.07728627733429366,110,61,46160,47890,3337,1732,181,200,207,188,0,0,92350,0,0,150,4,0,0,0,0,0,373,7067,22,0,0,0,0,0
369,5545,370.20360697300515,99966,181,110,28,2,5161,2608,0.07771642358401856,122,67,46124,47863,3347,1736,196,220,227,205,0,0,92271,0,0,151,4,0,0,0,0,0,406,7108,26,0,0,0,0,0
370,5545,371.2701341182063,99965,183,108,29,2,5189,2625,0.07816735857550143,129,64,46091,47834,3352,1749,214,241,249,223,0,0,92189,0,0,151,4,0,0,0,0,0,443,7149,29,0,0,0,0,0
371,5545,372.3374008183969,99965,184,109,29,2,5223,2637,0.07862751963187116,128,68,46051,47803,3373,1751,233,265,273,242,0,0,92111,0,0,155,4,0,0,0,0,0,481,7180,34,0,0,0,0,0
372,5545,373.0493471513849,99965,186,110,29,2,5241,2653,0.07896763867353573,129,66,46020,47770,3380,1759,254,291,299,263,0,0,92039,0,0,156,4,0,0,0,0,0,523,7204,39,0,0,0,0,0
373,5545,374.11812532005786,99965,199,107,29,2,5282,2669,0.07953783824338519,115,66,45981,47729,3399,1776,275,318,327,285,0,0,91944,0,0,158,4,0,0,0,0,0,573,7247,39,0,0,0,0,0
374,5545,375.1878340078005,99965,192,105,29,2,5310,2685,0.07997799229730405,118,65,45938,47692,3422,1786,299,348,357,309,0,0,91847,0,0,162,4,0,0,0,0,0,621,7286,45,0,0,0,0,0
375,5545,376.25857814455077,99965,197,111,29,2,5347,2705,0.0805481918671535,112,56,45897,47656,3439,1794,324,379,390,334,0,0,91746,0,0,163,4,0,0,0,0,0,677,7328,47,0,0,0,0,0
376,5545,377.3302720293517,99965,198,117,29,2,5376,2720,0.08098834592107237,115,55,45854,47619,3452,1792,350,413,425,361,0,0,91653,0,0,164,4,0,0,0,0,0,734,7358,52,0,0,0,0,0
377,5545,378.0452370065181,99965,201,115,29,2,5397,2729,0.08128845095783524,110,58,45819,47575,3461,1797,378,451,463,390,0,0,91559,0,0,165,4,0,0,0,0,0,800,7384,53,0,0,0,0,0
378,5545,379.1186502187117,99965,202,115,29,2,5425,2745,0.08172860501175411,104,54,45781,47529,3475,1807,407,491,504,421,0,0,91450,0,0,167,5,0,0,0,0,0,869,7419,55,0,0,0,0,0
379,5545,380.1930428183992,99965,208,109,29,2,5453,2757,0.08212874506077127,112,53,45725,47481,3484,1822,440,531,548,454,0,0,91338,0,0,170,5,0,0,0,0,0,944,7451,57,0,0,0,0,0
380,5545,381.26858753978473,99965,212,108,29,2,5489,2771,0.08262892012204272,103,57,45678,47432,3503,1825,473,574,595,489,0,0,91219,0,0,171,5,0,0,0,0,0,1017,7487,66,0,0,0,0,0
381,5545,382.3452957323338,99965,211,108,29,2,5517,2783,0.08302906017105988,109,58,45620,47378,3519,1830,510,622,646,526,0,0,91102,0,0,173,5,0,0,0,0,0,1095,7514,76,0,0,0,0,0
382,5545,383.06381901978796,99964,217,108,29,3,5540,2792,0.08335000600216078,108,61,45577,47316,3520,1834,547,676,700,566,0,0,90988,0,0,174,6,0,0,0,0,0,1185,7532,79,0,0,0,0,0
383,5545,384.14276309302903,99964,221,106,29,3,5568,2808,0.08379016445920531,110,60,45536,47257,3518,1842,584,730,758,608,0,0,90859,0,0,176,6,0,0,0,0,0,1274,7559,90,0,0,0,0,0
384,5545,385.2226529229243,99964,223,108,29,3,5605,2825,0.08433035892921452,109,60,45470,47190,3538,1846,629,791,820,653,0,0,90711,0,0,177,6,0,0,0,0,0,1373,7599,98,0,0,0,0,0
385,5545,386.3039439141965,99964,227,108,29,3,5641,2839,0.08483053899403785,111,58,45405,47120,3553,1854,673,855,886,700,0,0,90558,0,0,177,6,0,0,0,0,0,1480,7639,104,0,0,0,0,0
386,5545,387.02567138359234,99964,227,105,29,3,5665,2851,0.08519066864071066,110,59,45361,47050,3548,1860,723,921,957,750,0,0,90415,0,0,182,7,0,0,0,0,0,1590,7656,114,0,0,0,0,0
387,5545,388.1095866044764,99963,225,101,30,3,5693,2865,0.08561167632023849,115,64,45304,46965,3555,1872,769,993,1032,803,0,0,90248,0,0,184,7,0,0,0,0,0,1711,7692,121,0,0,0,0,0
388,5545,389.19482182024,99963,215,100,30,3,5721,2878,0.08602182807638827,126,63,45229,46885,3577,1875,821,1072,1112,859,0,0,90071,0,0,186,8,0,0,0,0,0,1839,7731,128,0,0,0,0,0
389,5545,390.28181955079515,99963,211,105,30,3,5752,2897,0.0865220131448636,132,65,45163,46797,3588,1877,874,1151,1197,918,0,0,89890,0,0,188,8,0,0,0,0,0,1973,7766,138,0,0,0,0,0
390,5545,391.00739584708424,99963,207,114,30,3,5772,2912,0.08687214269279633,135,64,45101,46701,3592,1877,933,1239,1287,980,0,0,89723,0,0,188,9,0,0,0,0,0,2111,7781,151,0,0,0,0,0
391,5545,392.09737047553233,99963,205,110,30,3,5806,2929,0.08738233146264118,136,68,45026,46601,3609,1885,992,1331,1382,1045,0,0,89521,0,0,194,9,0,0,0,0,0,2262,7817,160,0,0,0,0,0
392,5545,393.1890849212082,99963,219,112,30,3,5850,2953,0.08806258315576763,123,59,44962,46501,3611,1897,1053,1426,1483,1114,0,0,89321,0,0,194,10,0,0,0,0,0,2411,7847,180,0,0,0,0,0
393,5545,394.28245346504747,99963,219,103,30,3,5881,2966,0.08850274601602592,121,62,44878,46396,3630,1909,1120,1525,1590,1186,0,0,89105,0,0,197,11,0,0,0,0,0,2578,7881,191,0,0,0,0,0
394,5545,395.0124633957778,99963,215,108,30,3,5900,2981,0.08884287186258916,126,54,44796,46292,3641,1905,1190,1636,1703,1262,0,0,88903,0,0,201,11,0,0,0,0,0,2751,7890,207,0,0,0,0,0
395,5545,396.10976571978927,99963,234,103,30,3,5939,2999,0.08941308284065104,128,47,44697,46180,3644,1917,1265,1748,1822,1341,0,0,88679,0,0,203,11,0,0,0,0,0,2934,7914,222,0,0,0,0,0
396,5545,397.2093723226043,99963,227,102,30,3,5972,3017,0.08992327161049589,131,58,44607,46047,3658,1920,1345,1868,1948,1424,0,0,88434,0,0,207,11,0,0,0,0,0,3124,7946,241,0,0,0,0,0
397,5545,398.31117348025145,99963,226,105,30,3,6012,3035,0.09050348628992727,129,59,44515,45916,3673,1918,1425,1997,2080,1511,0,0,88181,0,0,211,11,0,0,0,0,0,3325,7976,259,0,0,0,0,0
398,5545,399.04697731239696,99963,218,101,30,3,6031,3050,0.0908436121364905,126,54,44426,45781,3686,1928,1512,2131,2219,1602,0,0,87927,0,0,216,11,0,0,0,0,0,3538,7995,276,0,0,0,0,0
399,5545,400.1534054807276,99962,204,113,31,3,6060,3071,0.09134471099017627,140,51,44314,45633,3706,1928,1603,2270,2365,1697,0,0,87660,0,0,223,12,0,0,0,0,0,3761,8013,293,0,0,0,0,0
400,5545,401.2624752234882,99962,211,106,31,3,6100,3087,0.091904923871071,124,51,44222,45492,3715,1932,1695,2414,2519,1796,0,0,87378,0,0,224,12,0,0,0,0,0,3988,8041,319,0,0,0,0,0
401,5545,402.00326288927204,99962,213,102,31,3,6125,3096,0.09224505312018567,121,51,44122,45340,3716,1936,1795,2566,2680,1900,0,0,87101,0,0,226,14,0,0,0,0,0,4233,8051,337,0,0,0,0,0
402,5545,403.11737006822483,99962,219,101,31,3,6162,3113,0.09278525839819131,112,51,44011,45178,3726,1942,1899,2723,2849,2008,0,0,86798,0,0,229,14,1,0,0,0,0,4491,8075,354,0,0,0,0,0
403,5545,404.23428652178495,99962,208,93,31,3,6190,3122,0.09315539905163962,111,60,43901,45005,3747,1946,2000,2891,3026,2120,0,0,86483,0,0,234,15,1,0,0,0,0,4757,8095,377,0,0,0,0,0
404,5545,405.3540665409672,99962,204,90,31,3,6222,3134,0.09359556631519977,111,67,43789,44820,3752,1949,2111,3069,3211,2237,0,0,86154,0,0,233,16,1,0,0,0,0,5035,8123,400,0,0,0,0,0
405,5545,406.1022269411183,99962,209,93,31,3,6247,3147,0.09397571077009263,104,66,43668,44635,3758,1947,2228,3254,3404,2359,0,0,85838,0,0,239,16,1,0,0,0,0,5327,8118,423,0,0,0,0,0
406,5545,407.22802823993993,99962,208,99,31,3,6278,3162,0.09443588563654189,92,56,43557,44454,3764,1939,2346,3447,3606,2485,0,0,85497,0,0,243,16,1,0,0,0,0,5631,8127,447,0,0,0,0,0
407,5545,408.356921555515,99962,193,98,31,3,6303,3179,0.09485604529721293,95,62,43424,44255,3785,1939,2470,3641,3817,2616,0,0,85137,0,0,249,16,1,0,0,0,0,5939,8139,481,0,0,0,0,0
408,5545,409.1114699666152,99961,174,93,31,4,6316,3189,0.09508708396274547,99,59,43298,44051,3800,1940,2596,3851,4036,2752,0,0,84765,0,0,250,16,1,0,0,0,0,6265,8154,510,0,0,0,0,0
409,5545,410.24735024368994,99961,179,87,31,4,6347,3200,0.09550724782665239,95,60,43176,43847,3790,1936,2727,4064,4264,2893,0,0,84391,0,0,249,17,1,0,0,0,0,6596,8160,547,0,0,0,0,0
410,5545,411.0064471978914,99961,185,90,31,4,6367,3211,0.09581736877382178,92,56,43040,43628,3782,1931,2868,4289,4501,3039,0,0,84024,0,0,250,19,1,0,0,0,0,6944,8143,580,0,0,0,0,0
411,5545,412.14899393232173,99961,188,94,31,4,6393,3229,0.09625754044077191,95,58,42910,43398,3774,1927,3000,4517,4747,3190,0,0,83630,0,0,252,20,1,0,0,0,0,7304,8138,616,0,0,0,0,0
412,5545,413.29500100954124,99961,203,97,31,4,6425,3240,0.09668770820620042,94,61,42758,43164,3766,1915,3146,4757,5003,3346,0,0,83227,0,0,250,22,1,0,0,0,0,7682,8131,648,0,0,0,0,0
413,5545,414.0611028520784,99961,209,95,31,4,6445,3253,0.097017836956413,88,61,42607,42916,3763,1914,3300,5008,5268,3507,0,0,82809,0,0,248,24,1,0,0,0,0,8071,8125,683,0,0,0,0,0
414,5545,415.2148804257375,99960,193,98,32,4,6465,3270,0.0973889555822329,103,59,42456,42664,3771,1911,3443,5262,5542,3673,0,0,82359,0,0,249,26,1,0,0,0,0,8474,8133,718,0,0,0,0,0
415,5545,416.372783626913,99960,188,92,32,4,6496,3280,0.09779911964785915,96,59,42296,42404,3782,1912,3604,5527,5826,3845,0,0,81888,0,0,250,29,1,0,0,0,0,8897,8147,748,0,0,0,0,0
416,5545,417.14717605707716,99960,189,91,32,4,6518,3290,0.09811924769907963,95,62,42142,42127,3769,1907,3771,5807,6119,4022,0,0,81435,0,0,250,30,1,0,0,0,0,9319,8130,795,0,0,0,0,0
417,5545,418.3138758441848,99960,199,88,32,4,6550,3303,0.09856942777110844,97,67,41967,41843,3763,1903,3940,6093,6422,4204,0,0,80946,0,0,251,30,1,0,0,0,0,9771,8133,828,0,0,0,0,0
418,5545,419.09422788978054,99960,198,91,32,4,6573,3314,0.0989095638255302,96,65,41806,41556,3750,1894,4116,6388,6734,4391,0,0,80472,0,0,254,31,1,0,0,0,0,10217,8105,880,0,0,0,0,0
419,5545,420.2701324104137,99960,190,100,32,4,6597,3337,0.0993797519007603,140,94,41603,41228,3749,1886,4284,6686,7056,4584,0,0,79965,13,1,252,34,1,0,0,0,0,10679,8086,929,0,0,0,0,0
420,5545,421.23598565347066,99960,195,105,32,4,6630,3357,0.09990996398559424,154,103,41406,40907,3750,1879,4461,7000,7387,4782,0,0,79438,53,1,254,35,1,0,0,0,0,11166,8042,970,0,0,0,0,0
421,5545,422.20610794591494,99960,214,117,32,4,6668,3385,0.10057022809123649,165,102,41209,40579,3734,1875,4644,7321,7727,4985,0,0,78902,85,2,254,37,1,0,0,0,0,11669,8003,1007,0,0,0,0,0
422,5545,423.1805389333877,99960,220,125,32,4,6710,3409,0.10123049219687875,182,113,40988,40253,3737,1867,4839,7636,8077,5193,0,0,78361,121,10,259,40,1,0,0,0,0,12166,7945,1057,0,0,0,0,0
423,5545,424.15978477978865,99960,247,134,32,4,6759,3431,0.10194077631052421,192,123,40773,39913,3733,1856,5021,7968,8436,5406,0,0,77810,151,12,262,40,1,0,0,0,0,12685,7891,1108,0,0,0,0,0
424,5545,425.1437268301732,99960,257,147,32,4,6818,3465,0.10287114845938375,189,128,40555,39565,3748,1857,5217,8297,8804,5625,0,0,77210,208,19,268,40,1,0,0,0,0,13221,7841,1152,0,0,0,0,0
425,5545,426.1326946759165,99960,259,159,32,4,6858,3497,0.10359143657462985,212,134,40330,39226,3749,1850,5416,8625,9180,5849,0,0,76617,254,29,269,41,1,0,0,0,0,13758,7787,1204,0,0,0,0,0
426,5545,427.1269092706662,99960,270,172,32,4,6910,3530,0.10444177671068428,227,129,40083,38876,3759,1840,5627,8977,9565,6078,0,0,76016,298,40,273,43,1,0,0,0,0,14304,7726,1259,0,0,0,0,0
427,5545,428.1267725173513,99959,285,177,33,4,6971,3560,0.10535319480987204,235,140,39841,38499,3769,1840,5835,9338,9959,6312,0,0,75379,354,48,276,46,1,0,0,0,0,14876,7675,1304,0,0,0,0,0
428,5545,429.13240968029197,99959,309,175,33,4,7033,3584,0.10621354755449734,269,163,39578,38114,3763,1839,6046,9703,10361,6550,0,0,74742,408,56,278,46,1,0,0,0,0,15451,7616,1361,0,0,0,0,0
429,5545,430.1438553767237,99959,346,186,33,4,7115,3624,0.10743404795966346,266,157,39315,37744,3778,1840,6260,10067,10771,6793,0,0,74083,464,67,283,46,2,0,0,0,0,16043,7561,1410,0,0,0,0,0
430,5545,431.1617073735483,99959,365,194,33,4,7182,3663,0.10849448273792255,294,165,39044,37334,3786,1850,6476,10451,11188,7041,0,0,73417,522,84,286,47,2,0,0,0,0,16634,7501,1466,0,0,0,0,0
431,5545,432.18595554901805,99959,388,185,33,4,7261,3692,0.10957492571954501,316,179,38762,36940,3802,1862,6697,10828,11613,7293,0,0,72718,595,97,293,48,2,0,0,0,0,17247,7443,1516,0,0,0,0,0
432,5545,433.2171173447932,99959,398,202,33,4,7327,3733,0.11064536459948579,337,192,38492,36538,3818,1858,6920,11204,12045,7550,0,0,72036,660,107,297,49,2,0,0,0,0,17854,7367,1587,0,0,0,0,0
433,5545,434.2550634621695,99959,435,217,33,4,7432,3782,0.11218599625846597,337,184,38210,36136,3844,1860,7139,11597,12484,7811,0,0,71323,741,122,301,51,2,0,0,0,0,18471,7295,1653,0,0,0,0,0
434,5545,435.30003812769536,99959,448,245,33,4,7508,3834,0.11346652127372223,378,196,37909,35713,3867,1854,7363,11986,12929,8076,0,0,70592,810,138,302,52,2,0,0,0,0,19117,7246,1700,0,0,0,0,0
435,5545,436.000742702611,99959,464,253,33,4,7577,3865,0.11446693144189117,384,192,37628,35283,3888,1856,7601,12410,13380,8345,0,0,69877,868,150,306,54,2,0,0,0,0,19762,7179,1761,0,0,0,0,0
436,5545,437.0607928679862,99959,498,266,33,4,7676,3916,0.1159675466941446,420,209,37315,34844,3907,1862,7825,12813,13837,8618,0,0,69143,944,170,310,57,2,0,0,0,0,20400,7103,1830,0,0,0,0,0
437,5545,438.12862472289413,99958,524,288,34,4,7790,3973,0.11767942535865063,431,198,37009,34422,3945,1866,8055,13220,14299,8895,0,0,68389,1029,194,318,61,2,0,0,0,0,21043,7024,1898,0,0,0,0,0
438,5545,439.20463923921506,99957,556,312,35,4,7911,4038,0.11954140280320538,431,195,36699,33994,3992,1872,8285,13621,14766,9175,0,0,67609,1105,229,333,63,2,0,0,0,0,21710,6965,1941,0,0,0,0,0
439,5545,440.28914126175664,99957,608,336,35,4,8036,4106,0.12147223306021589,469,198,36355,33544,4017,1888,8514,14028,15237,9459,0,0,66829,1190,256,334,67,2,0,0,0,0,22378,6904,1997,0,0,0,0,0
440,5545,441.017170677973,99957,633,349,35,4,8120,4141,0.12266274498034155,485,222,36036,33101,4033,1873,8776,14449,15712,9746,0,0,66092,1237,283,339,69,2,0,0,0,0,23041,6827,2067,0,0,0,0,0
441,5545,442.1197260658523,99956,677,345,36,4,8265,4208,0.12478490535835768,513,238,35682,32651,4081,1907,9009,14853,16191,10036,0,0,65266,1356,316,353,74,2,0,0,0,0,23714,6750,2125,0,0,0,0,0
442,5545,443.2321733375542,99955,704,367,37,4,8414,4282,0.12701715772097444,532,261,35323,32195,4155,1917,9247,15254,16673,10329,0,0,64458,1465,359,371,76,2,0,0,0,0,24368,6655,2201,0,0,0,0,0
443,5545,444.35519271148564,99955,770,388,37,4,8589,4366,0.12960832374568557,545,271,34968,31745,4207,1933,9471,15657,17158,10624,0,0,63643,1577,403,380,83,2,0,0,0,0,25027,6569,2271,0,0,0,0,0
444,5545,445.10949586527806,99954,778,403,38,4,8684,4419,0.1310903015387078,585,278,34637,31293,4232,1938,9728,16082,17646,10922,0,0,62851,1649,444,383,89,2,0,0,0,0,25704,6498,2334,0,0,0,0,0
445,5545,446.252719689449,99954,827,418,38,4,8854,4497,0.1335714428637173,642,282,34240,30863,4289,1948,9962,16483,18135,11222,0,0,62036,1742,508,396,101,2,0,0,0,0,26360,6418,2391,0,0,0,0,0
446,5545,447.0214505402906,99954,840,414,38,4,8973,4555,0.13534225743842168,675,292,33883,30406,4343,1980,10219,16902,18626,11524,0,0,61201,1853,554,401,106,2,0,0,0,0,27038,6343,2456,0,0,0,0,0
447,5545,448.187705745732,99952,905,424,40,4,9178,4632,0.1381663198335201,711,326,33500,29954,4409,2009,10433,17281,19118,11828,0,0,60345,1976,621,407,113,2,0,0,0,0,27700,6273,2515,0,0,0,0,0
448,5545,449.3659590217165,99952,933,453,40,4,9382,4733,0.14121778453657755,736,322,33107,29517,4525,2033,10657,17669,19611,12134,0,0,59464,2126,684,430,123,3,0,0,0,0,28368,6182,2572,0,0,0,0,0
449,5545,450.1585669114248,99951,956,452,40,5,9530,4789,0.1432601974967734,747,339,32772,29063,4589,2055,10894,18084,20104,12441,0,0,58634,2230,744,440,128,3,0,0,0,0,29031,6098,2643,0,0,0,0,0
450,5545,451.3616213763498,99951,1018,482,40,5,9766,4886,0.14659182999669837,744,351,32387,28613,4702,2074,11107,18473,20597,12750,0,0,57769,2373,812,455,138,4,0,0,0,0,29683,6002,2715,0,0,0,0,0
451,5545,452.1708179937777,99949,1057,488,42,5,9907,4963,0.14877587569660528,764,348,32040,28160,4734,2102,11361,18895,21089,13060,0,0,56940,2471,872,453,150,4,0,0,0,0,30350,5930,2779,0,0,0,0,0
452,5545,453.399215299996,99949,1118,469,42,5,10157,5053,0.1521776105813965,775,381,31647,27708,4853,2170,11563,19265,21580,13370,0,0,56012,2659,953,469,162,4,0,0,0,0,31008,5853,2829,0,0,0,0,0
453,5545,454.22594435346804,99947,1101,481,43,6,10299,5126,0.15433179585180146,809,381,31317,27277,4931,2196,11797,19657,22069,13681,0,0,55166,2783,1021,482,173,4,0,0,0,0,31658,5761,2899,0,0,0,0,0
454,5545,455.06126745025927,99946,1169,511,44,6,10483,5206,0.15697476637384186,812,395,30964,26845,4983,2196,12026,20045,22556,13993,0,0,54345,2875,1086,480,183,4,0,0,0,0,32321,5692,2960,0,0,0,0,0
455,5545,456.32946527204285,99946,1210,558,44,6,10749,5344,0.16101694915254236,845,397,30569,26374,5128,2253,12202,20410,23041,14305,0,0,53429,3054,1176,514,193,4,0,0,0,0,32965,5598,3013,0,0,0,0,0
456,5545,457.1831183823324,99945,1254,560,45,6,10930,5412,0.16350993046175397,863,426,30209,25946,5187,2275,12440,20785,23524,14617,0,0,52612,3144,1268,517,205,4,0,0,0,0,33595,5525,3075,0,0,0,0,0
457,5545,458.0462699803829,99945,1283,573,45,6,11130,5501,0.16640152083646007,842,436,29876,25512,5269,2308,12683,21163,24004,14929,0,0,51767,3278,1349,531,216,4,0,0,0,0,34219,5429,3152,0,0,0,0,0
458,5545,459.357441408637,99944,1326,620,46,6,11410,5652,0.1707156007364124,897,437,29471,25099,5409,2351,12849,21485,24480,15240,0,0,50869,3457,1477,545,232,4,0,0,0,0,34806,5346,3208,0,0,0,0,0
459,5545,460.2405798903378,99944,1378,634,46,6,11620,5753,0.17382734331225486,910,442,29089,24661,5500,2406,13075,21849,24953,15551,0,0,50034,3574,1571,563,245,4,0,0,0,0,35427,5262,3264,0,0,0,0,0
460,5545,461.13425471628346,99944,1397,661,46,6,11817,5850,0.17676899063475546,935,454,28748,24244,5584,2427,13288,22206,25422,15861,0,0,49225,3685,1677,574,260,4,0,0,0,0,36014,5170,3335,0,0,0,0,0
461,5545,462.03827246250563,99943,1457,662,47,6,12049,5949,0.18008264710885205,941,482,28356,23829,5691,2470,13506,22549,25887,16170,0,0,48386,3806,1790,593,271,4,0,0,0,0,36614,5093,3386,0,0,0,0,0
462,5545,463.4143867038682,99941,1476,694,48,7,12383,6121,0.18514923805044978,957,492,27949,23411,5911,2549,13657,22845,26347,16478,0,0,47441,4047,1946,620,288,5,0,0,0,0,37153,4999,3442,0,0,0,0,0
463,5545,464.34239522685397,99941,1535,717,48,7,12633,6232,0.18876136920783262,957,476,27581,23021,6017,2582,13860,23195,26803,16785,0,0,46642,4143,2084,632,309,6,0,0,0,0,37709,4926,3490,0,0,0,0,0
464,5545,465.28217470829185,99941,1566,719,48,7,12859,6330,0.19200328193634245,979,504,27228,22592,6116,2639,14061,23537,27254,17091,0,0,45801,4289,2194,648,323,6,0,0,0,0,38289,4848,3543,0,0,0,0,0
465,5545,466.2336885866348,99940,1571,740,48,8,13093,6462,0.19566740044026415,1011,511,26876,22207,6234,2685,14258,23847,27699,17395,0,0,44996,4405,2352,674,349,6,0,0,0,0,38808,4760,3590,0,0,0,0,0
466,5545,467.19709957156107,99938,1578,773,48,10,13333,6600,0.1994536612699874,1011,499,26525,21835,6368,2732,14468,24149,28139,17697,0,0,44177,4548,2496,688,371,6,0,0,0,0,39326,4677,3649,0,0,0,0,0
467,5545,468.17279615739295,99937,1586,776,49,10,13556,6701,0.20269769955071695,1033,517,26190,21471,6490,2779,14650,24445,28573,17997,0,0,43394,4638,2676,705,383,6,0,0,0,0,39825,4618,3692,0,0,0,0,0
468,5545,469.1603887467825,99936,1630,801,50,10,13812,6833,0.2065822126160743,1056,511,25833,21100,6609,2839,14820,24737,29002,18295,0,0,42584,4772,2814,725,394,7,0,0,0,0,40349,4546,3745,0,0,0,0,0
469,5545,470.1607602797809,99933,1641,781,52,11,14059,6945,0.21018082115017062,1059,531,25499,20767,6742,2904,15005,25004,29425,18591,0,0,41769,4901,2999,745,410,7,0,0,0,0,40834,4488,3780,0,0,0,0,0
470,5545,471.17422999419347,99933,1686,769,52,11,14339,7062,0.21415348283349844,1083,535,25159,20438,6871,2964,15147,25281,29842,18885,0,0,40982,5047,3175,757,428,9,0,0,0,0,41291,4406,3838,0,0,0,0,0
471,5545,472.2005575507028,99930,1752,800,54,12,14626,7215,0.2185629940958671,1069,525,24842,20095,6990,3030,15291,25536,30252,19177,0,0,40221,5150,3368,770,447,10,0,0,0,0,41744,4345,3875,0,0,0,0,0
472,5545,473.23938030232677,99930,1777,835,54,12,14906,7355,0.2227659361553087,1073,530,24532,19759,7135,3078,15427,25784,30656,19466,0,0,39462,5274,3559,780,473,10,0,0,0,0,42180,4276,3916,0,0,0,0,0
473,5545,474.2908530783595,99929,1781,847,55,12,15183,7501,0.2270011708312902,1085,551,24205,19435,7298,3144,15574,26009,31054,19752,0,0,38704,5400,3767,792,510,11,0,0,0,0,42585,4208,3952,0,0,0,0,0
474,5545,475.3555469635223,99926,1798,873,58,12,15458,7646,0.2312110962111963,1133,564,23890,19108,7429,3201,15690,26240,31445,20036,0,0,37961,5511,3961,810,540,11,0,0,0,0,43002,4141,3989,0,0,0,0,0
475,5545,476.4338506220973,99925,1853,914,58,13,15785,7810,0.23612709532149112,1117,540,23589,18815,7566,3256,15815,26460,31830,20317,0,0,37225,5624,4171,833,564,11,0,0,0,0,43393,4071,4033,0,0,0,0,0
476,5545,477.52551381138085,99923,1880,922,60,13,16088,7955,0.2406152737607958,1106,553,23282,18538,7736,3326,15934,26646,32208,20595,0,0,36493,5745,4386,856,596,12,0,0,0,0,43771,4000,4064,0,0,0,0,0
477,5545,478.07503396135075,99922,1863,940,60,14,16232,8040,0.24290946938612118,1118,548,23016,18253,7811,3329,16130,26914,32579,20870,0,0,35854,5790,4536,860,611,13,0,0,0,0,44203,3943,4112,0,0,0,0,0
478,5545,479.19284437184126,99919,1889,951,61,16,16545,8209,0.24774066994265356,1122,531,22696,17994,7975,3410,16255,27096,32944,21142,0,0,35140,5903,4788,874,647,13,0,0,0,0,44524,3888,4142,0,0,0,0,0
479,5545,480.32613219955334,99919,1862,945,61,16,16861,8365,0.252464496241956,1137,535,22401,17725,8181,3493,16356,27284,33302,21411,0,0,34408,6063,5039,902,681,16,0,0,0,0,44819,3805,4186,0,0,0,0,0
480,5545,481.4748922983262,99919,1868,940,61,16,17162,8505,0.25687807123770257,1120,557,22121,17483,8350,3572,16478,27430,33653,21676,0,0,33733,6163,5283,943,710,17,0,0,0,0,45125,3724,4221,0,0,0,0,0
481,5545,482.0533276849318,99919,1857,951,61,16,17323,8583,0.2592700087070527,1092,563,21901,17214,8420,3579,16667,27675,33997,21938,0,0,33154,6187,5442,945,741,20,0,0,0,0,45504,3671,4255,0,0,0,0,0
482,5545,483.22901132415996,99917,1864,938,63,16,17658,8731,0.2641092106448352,1089,588,21647,16963,8589,3671,16746,27822,34335,22197,0,0,32482,6304,5713,968,780,21,0,0,0,0,45754,3601,4294,0,0,0,0,0
483,5545,484.4186761705624,99917,1813,950,63,16,17962,8913,0.2689732477956704,1096,548,21380,16741,8812,3779,16834,27964,34666,22452,0,0,31766,6465,5985,992,818,22,0,0,0,0,46014,3541,4314,0,0,0,0,0
484,5545,485.0178460715461,99916,1813,971,64,16,18136,9004,0.2716281676608351,1069,546,21148,16480,8892,3796,17012,28189,34990,22704,0,0,31197,6508,6131,1000,845,24,0,0,0,0,46377,3484,4350,0,0,0,0,0
485,5545,486.23584488314395,99911,1767,963,68,17,18420,9167,0.27611574301128006,1074,540,20920,16267,9083,3900,17086,28311,35308,22952,0,0,30525,6654,6397,1021,885,26,0,0,0,0,46613,3419,4371,0,0,0,0,0
486,5545,487.4684225230341,99911,1739,981,68,17,18728,9351,0.2810401257118836,1115,506,20652,16081,9275,3988,17149,28425,35619,23197,0,0,29890,6772,6670,1047,930,26,0,0,0,0,46822,3349,4405,0,0,0,0,0
487,5545,488.08941038415094,99908,1761,992,70,18,18914,9443,0.28383112463466387,1094,485,20429,15855,9354,4008,17290,28640,35923,23438,0,0,29363,6794,6845,1061,946,27,0,0,0,0,47139,3290,4443,0,0,0,0,0
488,5545,489.3510297698023,99907,1781,981,71,18,19245,9619,0.2889086850771217,1056,483,20218,15665,9521,4126,17351,28725,36221,23676,0,0,28719,6938,7107,1080,983,30,0,0,0,0,47352,3231,4467,0,0,0,0,0
489,5545,490.62673277825843,99906,1809,955,72,18,19590,9774,0.29391628130442615,1011,475,19970,15473,9695,4228,17441,28849,36512,23910,0,0,28106,7050,7386,1106,1026,30,0,0,0,0,47541,3176,4485,0,0,0,0,0
490,5545,491.269268090511,99905,1782,940,73,18,19747,9849,0.29624142935789,1017,481,19775,15271,9782,4270,17569,29018,36797,24141,0,0,27600,7072,7566,1119,1058,32,0,0,0,0,47825,3128,4505,0,0,0,0,0
491,5545,492.5742717494336,99904,1820,930,73,19,20110,10024,0.30162956438180655,963,487,19603,15125,9948,4383,17591,29054,37076,24368,0,0,27043,7154,7899,1143,1092,34,0,0,0,0,47936,3071,4532,0,0,0,0,0
492,5545,493.23046125052554,99903,1799,922,74,19,20274,10105,0.30408496241354116,953,470,19436,14972,10030,4411,17706,29204,37348,24591,0,0,26573,7159,8090,1162,1120,36,0,0,0,0,48183,3021,4559,0,0,0,0,0
493,5545,494.55980984368523,99902,1782,929,75,19,20587,10268,0.30885267562210966,960,461,19237,14860,10203,4494,17741,29235,37614,24811,0,0,26024,7238,8371,1198,1164,38,0,0,0,0,48335,2963,4571,0,0,0,0,0
494,5545,495.2285607919372,99901,1766,909,76,19,20751,10327,0.31108797709732633,970,481,19070,14688,10257,4512,17859,29389,37874,25027,0,0,25573,7258,8549,1197,1202,40,0,0,0,0,48568,2918,4596,0,0,0,0,0
495,5545,496.58388016525964,99900,1746,899,77,19,21073,10501,0.3160560560560561,951,461,18920,14576,10427,4624,17877,29419,38128,25240,0,0,25027,7357,8834,1227,1259,44,0,0,0,0,48683,2867,4602,0,0,0,0,0
496,5545,497.264770518993,99899,1729,898,78,19,21245,10584,0.31861179791589506,936,443,18770,14431,10509,4651,17976,29556,38376,25449,0,0,24581,7382,9010,1224,1301,47,0,0,0,0,48902,2832,4620,0,0,0,0,0
497,5545,498.6434786545223,99896,1670,867,80,20,21549,10730,0.32312605109313686,884,440,18663,14345,10708,4754,17993,29572,38618,25655,0,0,24078,7450,9331,1254,1361,50,0,0,0,0,48964,2784,4624,0,0,0,0,0
498,5545,499.33615709654606,99895,1706,859,81,20,21729,10815,0.32578207117473346,825,433,18544,14213,10732,4787,18110,29686,38855,25857,0,0,23703,7422,9539,1253,1393,52,0,0,0,0,49140,2746,4647,0,0,0,0,0
499,5545,500.0333741938656,99895,1667,841,81,20,21871,10885,0.32790429951449024,811,420,18407,14084,10811,4821,18221,29812,39086,26055,0,0,23297,7427,9720,1269,1428,53,0,0,0,0,49332,2700,4669,0,0,0,0,0
500,5545,501.4429416480677,99893,1609,814,83,20,22156,11040,0.3323155776681049,821,398,18255,14017,11009,4930,18221,29819,39312,26250,0,0,22790,7515,9989,1298,1498,54,0,0,0,0,49422,2662,4665,0,0,0,0,0
501,5545,502.15141187065177,99893,1615,790,83,20,22313,11103,0.33451793418958287,793,396,18137,13891,11053,4959,18317,29942,39532,26441,0,0,22427,7503,10174,1302,1528,58,0,0,0,0,49589,2622,4690,0,0,0,0,0
502,5545,503.57759646518684,99892,1567,776,84,20,22611,11232,0.3387958995715373,785,404,18030,13857,11222,5027,18310,29914,39747,26629,0,0,21975,7558,10451,1338,1577,62,0,0,0,0,49650,2575,4706,0,0,0,0,0
503,5545,504.29382542437423,99891,1563,795,85,20,22766,11321,0.34124195372956523,760,381,17906,13749,11286,5040,18398,30013,39957,26814,0,0,21613,7564,10622,1342,1605,63,0,0,0,0,49817,2532,4733,0,0,0,0,0
504,5545,505.0066090546708,99890,1525,783,86,20,22882,11380,0.3429972970267294,773,399,17801,13626,11343,5066,18470,30104,40161,26995,0,0,21261,7548,10780,1348,1644,67,0,0,0,0,49997,2509,4736,0,0,0,0,0
505,5545,506.42322820127254,99890,1459,756,86,20,23132,11521,0.34691160276303934,750,383,17705,13581,11516,5167,18482,30091,40360,27173,0,0,20838,7608,11054,1373,1710,69,0,0,0,0,50035,2467,4736,0,0,0,0,0
506,5545,507.1337783257508,99889,1458,748,87,20,23269,11588,0.3489573426503419,734,379,17596,13504,11550,5179,18573,30168,40555,27347,0,0,20513,7591,11223,1378,1739,70,0,0,0,0,50184,2433,4758,0,0,0,0,0
507,5545,508.54541033825166,99888,1383,731,88,20,23510,11718,0.352674995995515,707,380,17533,13481,11698,5256,18589,30130,40745,27518,0,0,20125,7644,11485,1393,1814,73,0,0,0,0,50207,2389,4758,0,0,0,0,0
508,5545,509.2532326215626,99887,1395,707,88,21,23650,11784,0.35474085716860054,680,360,17442,13387,11718,5297,18675,30226,40930,27686,0,0,19814,7634,11635,1394,1856,74,0,0,0,0,50347,2354,4779,0,0,0,0,0
509,5545,510.6591494423483,99887,1388,680,88,21,23909,11907,0.35856517865187665,654,348,17395,13372,11834,5370,18639,30207,41110,27851,0,0,19468,7649,11919,1417,1895,80,0,0,0,0,50353,2315,4791,0,0,0,0,0
510,5545,511.3652414539052,99886,1353,668,89,21,24023,11968,0.3603207656728671,640,336,17335,13308,11876,5387,18705,30278,41286,28013,0,0,19187,7620,12111,1416,1929,83,0,0,0,0,50449,2290,4801,0,0,0,0,0
511,5545,512.0684794697398,99884,1357,642,91,21,24151,12023,0.36216010572263824,632,339,17247,13221,11879,5426,18792,30349,41457,28171,0,0,18908,7590,12277,1414,1965,86,0,0,0,0,50563,2270,4811,0,0,0,0,0
512,5545,513.4678122046683,99883,1309,634,92,21,24388,12126,0.365567714225644,621,345,17187,13223,12030,5471,18759,30304,41624,28326,0,0,18546,7639,12485,1440,2006,96,0,0,0,0,50619,2232,4820,0,0,0,0,0
513,5545,514.1693242617897,99882,1311,638,93,21,24504,12194,0.36741354798662423,613,331,17108,13147,12048,5493,18825,30368,41787,28478,0,0,18281,7613,12632,1447,2033,98,0,0,0,0,50744,2201,4833,0,0,0,0,0
514,5545,515.5665504931014,99882,1243,625,93,21,24700,12311,0.370547245749985,604,329,17071,13149,12148,5559,18839,30315,41946,28627,0,0,17949,7664,12839,1458,2092,106,0,0,0,0,50766,2165,4843,0,0,0,0,0
515,5545,516.2667322889331,99882,1207,625,93,21,24788,12367,0.37198894695740975,621,324,16985,13101,12183,5571,18909,30356,42101,28773,0,0,17691,7627,12997,1467,2112,109,0,0,0,0,50880,2149,4850,0,0,0,0,0
516,5545,517.6595046156798,99880,1177,586,94,22,24994,12469,0.3750800961153384,607,338,16956,13121,12283,5650,18881,30281,42252,28916,0,0,17369,7652,13207,1489,2166,113,0,0,0,0,50914,2124,4846,0,0,0,0,0
517,5545,518.3583342214143,99879,1165,593,95,22,25123,12531,0.3769961653600857,571,320,16877,13066,12334,5661,18956,30336,42399,29056,0,0,17126,7630,13346,1494,2204,116,0,0,0,0,51013,2094,4856,0,0,0,0,0
518,5545,519.0550014072451,99879,1165,583,95,22,25225,12591,0.3786181279348011,567,302,16824,13019,12331,5690,19016,30382,42542,29194,0,0,16895,7597,13497,1494,2231,119,0,0,0,0,51105,2077,4864,0,0,0,0,0
519,5545,520.4415421626987,99878,1099,545,95,23,25402,12685,0.3813352289793548,570,271,16818,13066,12423,5761,18993,30332,42682,29329,0,0,16624,7598,13722,1511,2290,124,0,0,0,0,51093,2049,4867,0,0,0,0,0
520,5545,521.1373191056219,99877,1077,532,96,23,25498,12732,0.3827708080939556,546,267,16805,13022,12434,5776,19040,30378,42818,29461,0,0,16405,7568,13870,1512,2316,128,0,0,0,0,51170,2027,4881,0,0,0,0,0
521,5545,522.5237193882136,99877,1073,515,96,23,25684,12815,0.38546412086866844,500,256,16801,13056,12502,5818,19026,30330,42951,29590,0,0,16149,7569,14066,1524,2357,132,0,0,0,0,51198,2007,4875,0,0,0,0,0
522,5545,523.2191497568829,99876,1037,495,97,23,25763,12855,0.3866594577275822,509,261,16742,13031,12535,5833,19078,30355,43080,29717,0,0,15934,7551,14198,1522,2390,135,0,0,0,0,51275,1986,4885,0,0,0,0,0
523,5545,524.6046128266534,99875,994,498,98,23,25923,12964,0.3893566958698373,487,219,16757,13065,12605,5895,19057,30298,43206,29841,0,0,15684,7554,14409,1543,2422,139,0,0,0,0,51282,1959,4883,0,0,0,0,0
524,5545,525.2989670661636,99875,954,483,98,23,25998,13001,0.3904780976220275,491,224,16740,13023,12620,5912,19095,30333,43329,29963,0,0,15485,7512,14545,1549,2453,140,0,0,0,0,51356,1946,4889,0,0,0,0,0
525,5545,526.6845595671666,99874,913,466,99,23,26151,13074,0.3927448585217374,484,231,16753,13070,12686,5938,19063,30270,43449,30082,0,0,15248,7523,14708,1560,2498,146,0,0,0,0,51376,1923,4892,0,0,0,0,0
526,5545,527.3799108279626,99874,904,446,99,23,26235,13110,0.3939463724292609,480,227,16728,13063,12686,5949,19101,30290,43566,30199,0,0,15057,7487,14839,1564,2522,147,0,0,0,0,51449,1911,4898,0,0,0,0,0
527,5545,528.073765043769,99873,885,444,100,23,26316,13159,0.39525197000190243,452,205,16704,13059,12706,5947,19151,30320,43680,30313,0,0,14884,7450,14977,1564,2544,152,0,0,0,0,51505,1891,4906,0,0,0,0,0
528,5545,529.4577319335622,99873,836,443,100,23,26456,13238,0.39744475483864505,429,187,16759,13115,12765,5968,19109,30262,43791,30425,0,0,14681,7441,15165,1576,2577,155,0,0,0,0,51495,1864,4919,0,0,0,0,0
529,5545,530.152452870123,99873,834,423,100,23,26540,13264,0.39854615361509116,412,185,16731,13113,12778,5978,19143,30276,43899,30534,0,0,14502,7417,15268,1582,2599,158,0,0,0,0,51577,1843,4927,0,0,0,0,0
530,5545,531.5383236871196,99873,824,403,100,23,26698,13325,0.40073893845183384,362,180,16774,13174,12838,6006,19100,30212,44004,30641,0,0,14319,7400,15433,1586,2649,162,0,0,0,0,51574,1826,4924,0,0,0,0,0
531,5545,532.2340368165765,99873,805,407,100,23,26757,13363,0.4017101719183363,368,168,16757,13162,12836,6003,19132,30235,44106,30746,0,0,14171,7346,15548,1593,2668,164,0,0,0,0,51642,1812,4929,0,0,0,0,0
532,5545,533.6220786696592,99872,790,380,101,23,26882,13411,0.4034464114066004,368,176,16765,13242,12855,6020,19119,30157,44206,30849,0,0,13987,7330,15695,1598,2709,165,0,0,0,0,51663,1801,4924,0,0,0,0,0
533,5545,534.3175958869665,99872,782,377,101,23,26942,13438,0.4043175264338353,354,183,16741,13222,12860,6015,19160,30178,44303,30950,0,0,13834,7302,15771,1599,2740,165,0,0,0,0,51752,1781,4928,0,0,0,0,0
534,5545,535.0117682699645,99872,765,378,101,23,27002,13472,0.40525873117590516,359,177,16729,13233,12861,6008,19183,30179,44398,31048,0,0,13688,7269,15854,1595,2772,169,0,0,0,0,51824,1771,4930,0,0,0,0,0
535,5545,536.3967370811342,99872,732,370,101,23,27120,13539,0.40711110221082986,368,157,16739,13310,12903,6020,19155,30118,44490,31144,0,0,13518,7248,15994,1606,2815,172,0,0,0,0,51835,1756,4928,0,0,0,0,0
536,5545,537.0917194129578,99871,736,348,102,23,27196,13560,0.40808643149663065,343,155,16746,13328,12897,6024,19174,30120,44580,31238,0,0,13372,7223,16103,1607,2827,175,0,0,0,0,51883,1744,4937,0,0,0,0,0
537,5545,538.4781429138894,99869,719,316,104,23,27333,13603,0.40989696502418166,294,171,16816,13413,12927,6040,19138,30035,44668,31330,0,0,13200,7224,16261,1605,2862,177,0,0,0,0,51867,1733,4940,0,0,0,0,0
538,5545,539.1735783873467,99867,687,327,106,23,27384,13643,0.4108163857931048,297,154,16811,13431,12934,6031,19163,30032,44754,31420,0,0,13069,7188,16359,1613,2875,182,0,0,0,0,51916,1715,4950,0,0,0,0,0
539,5545,540.562577413655,99867,651,324,106,23,27491,13699,0.41244855658025176,273,141,16857,13527,12972,6034,19139,29949,44837,31509,0,0,12921,7172,16474,1623,2912,189,0,0,0,0,51924,1696,4956,0,0,0,0,0
540,5545,541.2592063846674,99867,621,316,106,23,27534,13731,0.4131995554086936,280,137,16858,13538,12975,6038,19158,29946,44918,31596,0,0,12782,7148,16558,1632,2934,189,0,0,0,0,51981,1682,4961,0,0,0,0,0
541,5545,542.6498445186294,99866,608,304,107,23,27624,13781,0.4146055714657641,273,122,16941,13626,12943,6055,19126,29868,44997,31681,0,0,12655,7121,16688,1631,2970,190,0,0,0,0,51981,1671,4959,0,0,0,0,0
542,5545,543.3468068469166,99865,603,303,108,23,27670,13811,0.41537075051319283,259,112,16960,13641,12926,6050,19142,29869,45074,31764,0,0,12540,7096,16763,1623,2991,193,0,0,0,0,52034,1657,4968,0,0,0,0,0
543,5545,544.0433047744377,99865,589,295,108,23,27711,13835,0.4160216291994192,256,105,16973,13687,12913,6036,19159,29852,45149,31845,0,0,12437,7059,16846,1621,3013,196,0,0,0,0,52076,1643,4974,0,0,0,0,0
544,5545,545.4350480428784,99864,549,275,109,23,27784,13876,0.4171673475927261,257,105,17031,13783,12913,6042,19139,29770,45222,31925,0,0,12303,7054,16959,1629,3041,199,0,0,0,0,52080,1621,4978,0,0,0,0,0
545,5545,546.1325325187561,99864,544,263,109,23,27837,13894,0.4178783145077305,256,113,17032,13797,12899,6047,19158,29755,45294,32003,0,0,12178,7040,17031,1626,3056,202,0,0,0,0,52133,1615,4983,0,0,0,0,0
546,5545,547.5254460016444,99863,526,251,110,23,27919,13933,0.41909415899782704,223,107,17125,13913,12902,6053,19112,29651,45364,32079,0,0,12056,7022,17140,1630,3076,207,0,0,0,0,52141,1604,4987,0,0,0,0,0
547,5545,548.2239132285506,99863,519,240,110,23,27955,13955,0.41967495468792243,226,104,17140,13946,12877,6056,19126,29629,45432,32154,0,0,11947,6994,17212,1632,3094,207,0,0,0,0,52195,1595,4987,0,0,0,0,0
548,5545,549.6200151346139,99862,493,215,111,23,28027,13982,0.4206705253249484,226,105,17233,14045,12851,6065,19084,29545,45498,32227,0,0,11840,6972,17313,1639,3123,210,0,0,0,0,52195,1578,4992,0,0,0,0,0
549,5545,550.3200519097796,99862,484,209,111,23,28067,13998,0.4212312991928862,216,106,17259,14090,12839,6050,19089,29520,45563,32298,0,0,11759,6934,17389,1637,3140,212,0,0,0,0,52224,1563,5004,0,0,0,0,0
550,5545,551.019723470249,99861,477,201,112,23,28111,14016,0.42185638036871254,200,101,17272,14129,12838,6046,19099,29498,45626,32368,0,0,11661,6911,17451,1634,3159,216,0,0,0,0,52268,1554,5007,0,0,0,0,0
551,5545,552.4188760068561,99861,456,187,112,23,28176,14052,0.42286778622284976,193,96,17351,14205,12832,6060,19054,29427,45687,32436,0,0,11564,6891,17552,1634,3187,218,0,0,0,0,52262,1541,5012,0,0,0,0,0
552,5545,553.1206794439988,99861,433,184,112,23,28208,14072,0.42338851002894023,192,96,17364,14236,12833,6049,19064,29410,45747,32503,0,0,11476,6873,17603,1634,3211,221,0,0,0,0,52301,1521,5021,0,0,0,0,0
553,5545,554.5234011140612,99861,419,172,112,23,28288,14101,0.4244800272378606,157,96,17454,14348,12832,6049,19024,29310,45805,32569,0,0,11382,6854,17700,1632,3242,223,0,0,0,0,52296,1509,5023,0,0,0,0,0
554,5545,555.2268284219775,99861,406,171,112,23,28319,14122,0.4250007510439511,153,82,17478,14383,12807,6036,19042,29303,45862,32633,0,0,11303,6817,17770,1634,3252,227,0,0,0,0,52329,1502,5027,0,0,0,0,0
555,5545,556.6326815144085,99861,365,162,112,23,28367,14144,0.42570172539830364,160,79,17578,14516,12788,6025,18995,29193,45918,32696,0,0,11213,6796,17856,1638,3276,228,0,0,0,0,52331,1488,5035,0,0,0,0,0
556,5545,557.3376565666491,99861,359,157,112,23,28391,14157,0.4260722404141757,162,73,17619,14565,12747,6012,18999,29168,45972,32758,0,0,11136,6773,17905,1632,3287,233,0,0,0,0,52374,1480,5041,0,0,0,0,0
557,5545,558.042403438988,99861,343,158,112,23,28420,14174,0.42653288070417883,156,67,17642,14611,12744,6005,19001,29134,46025,32818,0,0,11048,6755,17951,1629,3303,236,0,0,0,0,52421,1475,5043,0,0,0,0,0
558,5545,559.4518601996571,99861,340,144,112,23,28497,14194,0.4275042308809245,118,71,17741,14748,12729,5999,18958,29013,46077,32877,0,0,10955,6743,18021,1633,3326,239,0,0,0,0,52433,1465,5046,0,0,0,0,0
559,5545,560.1588320223937,99861,330,143,112,23,28517,14209,0.42785471805810077,118,63,17762,14796,12708,5987,18968,28986,46127,32935,0,0,10882,6728,18066,1627,3342,240,0,0,0,0,52472,1451,5053,0,0,0,0,0
560,5545,561.5720215306973,99861,295,138,112,23,28551,14241,0.4285156367350617,126,53,17882,14923,12668,5974,18915,28887,46176,32992,0,0,10803,6708,18142,1629,3366,242,0,0,0,0,52475,1442,5054,0,0,0,0,0
561,5545,562.2807177150503,99861,292,137,112,23,28573,14254,0.428866123912238,128,48,17916,14968,12627,5957,18923,28865,46224,33047,0,0,10743,6674,18190,1626,3381,243,0,0,0,0,52509,1437,5058,0,0,0,0,0
562,5545,563.6978826045222,99861,279,133,112,23,28618,14275,0.429527042589199,116,48,18002,15079,12610,5943,18879,28772,46271,33101,0,0,10650,6671,18248,1624,3393,246,0,0,0,0,52536,1433,5060,0,0,0,0,0
563,5545,564.4085342109014,99861,266,124,112,23,28634,14282,0.42975736273420057,122,48,18026,15126,12591,5930,18881,28747,46317,33154,0,0,10584,6648,18301,1621,3403,247,0,0,0,0,52568,1424,5065,0,0,0,0,0
564,5545,565.1188384645673,99861,260,116,112,23,28657,14289,0.4300577803146374,112,47,18062,15180,12573,5919,18879,28713,46362,33206,0,0,10522,6620,18359,1619,3413,247,0,0,0,0,52595,1418,5068,0,0,0,0,0
565,5545,566.5397239742364,99861,237,106,112,23,28691,14304,0.4305484623626841,96,46,18171,15298,12543,5909,18839,28616,46406,33257,0,0,10449,6599,18417,1621,3431,250,0,0,0,0,52612,1415,5067,0,0,0,0,0
566,5545,567.2524803697636,99861,224,105,112,23,28703,14311,0.4307387268302941,89,46,18221,15356,12521,5893,18831,28575,46448,33307,0,0,10389,6572,18458,1619,3443,251,0,0,0,0,52652,1411,5066,0,0,0,0,0
567,5545,568.6777676390421,99861,204,99,112,23,28731,14321,0.4311192557655141,94,51,18324,15497,12490,5866,18774,28462,46489,33356,0,0,10327,6547,18515,1625,3451,253,0,0,0,0,52669,1401,5073,0,0,0,0,0
568,5545,569.3927588868837,99861,191,94,112,23,28743,14331,0.43133956199116774,94,46,18343,15560,12471,5848,18787,28427,46529,33404,0,0,10277,6520,18566,1628,3459,254,0,0,0,0,52692,1387,5078,0,0,0,0,0
569,5545,570.1079260192798,99861,188,95,112,23,28757,14339,0.4315598682168214,98,42,18381,15613,12435,5830,18784,28395,46569,33451,0,0,10226,6491,18607,1628,3465,255,0,0,0,0,52726,1381,5082,0,0,0,0,0
570,5545,571.5376721753786,99861,170,93,112,23,28782,14350,0.43192036931334554,96,51,18490,15740,12393,5801,18737,28290,46608,33497,0,0,10181,6464,18660,1626,3481,258,0,0,0,0,52734,1371,5086,0,0,0,0,0
571,5545,572.2543670972934,99861,161,85,112,23,28790,14359,0.43209060594225973,107,46,18527,15800,12356,5792,18735,28252,46646,33542,0,0,10121,6454,18695,1617,3493,260,0,0,0,0,52766,1368,5087,0,0,0,0,0
572,5545,573.6882008960098,99861,161,78,112,23,28828,14375,0.432631357587046,105,42,18618,15936,12311,5776,18691,28143,46683,33586,0,0,10056,6444,18742,1614,3508,261,0,0,0,0,52784,1366,5086,0,0,0,0,0
573,5545,574.4069481209182,99861,154,79,112,23,28845,14380,0.4328516638126996,98,40,18654,15986,12292,5763,18688,28107,46719,33629,0,0,10006,6421,18775,1612,3515,264,0,0,0,0,52816,1363,5089,0,0,0,0,0
574,5545,575.125664922471,99861,164,84,112,23,28868,14388,0.43316209531248434,86,35,18698,16047,12258,5737,18680,28072,46754,33671,0,0,9957,6403,18802,1608,3521,265,0,0,0,0,52853,1357,5095,0,0,0,0,0
575,5545,576.5631658530707,99860,164,79,113,23,28897,14402,0.43359703585019027,78,35,18828,16179,12192,5722,18623,27960,46788,33712,0,0,9907,6387,18837,1601,3540,267,0,0,0,0,52870,1356,5095,0,0,0,0,0
576,5545,577.2789514490956,99860,155,73,113,23,28907,14408,0.43375726016422994,74,34,18866,16234,12163,5713,18627,27921,46821,33753,0,0,9860,6366,18878,1601,3545,268,0,0,0,0,52893,1350,5099,0,0,0,0,0
577,5545,578.704967399657,99860,142,69,113,23,28929,14418,0.4340777087923092,69,30,18962,16383,12133,5692,18579,27801,46854,33793,0,0,9811,6351,18919,1599,3561,269,0,0,0,0,52909,1343,5098,0,0,0,0,0
578,5545,579.4156405086035,99860,140,64,113,23,28941,14419,0.43420789104746643,64,34,19008,16440,12099,5680,18574,27757,46886,33832,0,0,9771,6326,18949,1594,3571,270,0,0,0,0,52939,1339,5101,0,0,0,0,0
579,5545,580.1245541841583,99860,143,63,113,23,28951,14423,0.43434808732225116,60,31,19051,16507,12058,5663,18573,27711,46917,33870,0,0,9731,6304,18973,1589,3582,270,0,0,0,0,52973,1337,5101,0,0,0,0,0
580,5545,581.5374857814402,99860,138,61,113,23,28970,14437,0.4346785499699579,57,25,19180,16645,12000,5644,18510,27600,46947,33907,0,0,9690,6285,19014,1588,3591,271,0,0,0,0,52984,1331,5106,0,0,0,0,0
581,5545,582.2407145604176,99860,135,57,113,23,28984,14439,0.4348387742839976,55,29,19236,16712,11972,5621,18487,27556,46977,33944,0,0,9656,6261,19050,1586,3600,271,0,0,0,0,53002,1324,5110,0,0,0,0,0
582,5545,583.6407404229374,99860,135,53,113,23,29003,14448,0.435119166833567,53,27,19334,16830,11926,5601,18437,27464,47006,33980,0,0,9608,6248,19081,1587,3605,272,0,0,0,0,53027,1319,5113,0,0,0,0,0
583,5545,584.3374204170603,99860,134,50,113,23,29016,14451,0.43527939114760666,49,26,19385,16888,11899,5586,18418,27425,47034,34015,0,0,9569,6226,19103,1588,3614,273,0,0,0,0,53058,1316,5113,0,0,0,0,0
584,5545,585.0329216699733,99860,129,46,113,23,29021,14453,0.435349489284999,50,32,19433,16941,11864,5568,18409,27388,47062,34049,0,0,9533,6205,19132,1586,3618,275,0,0,0,0,53083,1314,5114,0,0,0,0,0
585,5545,586.4186766967803,99860,121,50,113,23,29042,14465,0.4356799519327058,50,29,19561,17064,11814,5552,18339,27280,47089,34083,0,0,9486,6201,19154,1582,3632,276,0,0,0,0,53104,1309,5116,0,0,0,0,0
586,5545,587.1077837651209,99860,107,52,113,23,29046,14470,0.4357700781093531,50,27,19616,17112,11789,5538,18323,27246,47116,34116,0,0,9448,6184,19182,1579,3640,276,0,0,0,0,53127,1306,5118,0,0,0,0,0
587,5545,588.4810736160623,99860,97,52,113,23,29059,14479,0.4359903865411576,45,22,19730,17246,11746,5513,18267,27142,47142,34148,0,0,9405,6179,19205,1572,3653,278,0,0,0,0,53148,1303,5117,0,0,0,0,0
588,5545,589.1646191214812,99860,96,50,113,23,29066,14485,0.43612056879631483,45,18,19757,17284,11723,5502,18264,27121,47167,34180,0,0,9363,6170,19226,1568,3659,278,0,0,0,0,53177,1300,5119,0,0,0,0,0
589,5545,590.0947892848502,99860,97,50,113,23,29072,14488,0.43621069497296217,42,16,19782,17323,11695,5490,18269,27096,47192,34211,0,0,9331,6151,19248,1567,3663,278,0,0,0,0,53204,1296,5122,0,0,0,0,0
590,5545,591.216080680186,99860,92,47,113,23,29081,14492,0.4363408772281194,41,17,19852,17415,11666,5478,18234,27018,47216,34242,0,0,9297,6136,19266,1565,3674,278,0,0,0,0,53227,1292,5125,0,0,0,0,0
591,5545,592.0998009544917,99860,87,44,113,23,29089,14497,0.4364710594832766,45,17,19916,17477,11626,5462,18211,26975,47240,34272,0,0,9261,6126,19289,1563,3680,279,0,0,0,0,53247,1287,5128,0,0,0,0,0
592,5545,593.1829105143373,99860,90,41,113,23,29107,14503,0.43671139595433606,34,22,20049,17618,11558,5437,18154,26857,47263,34301,0,0,9227,6115,19310,1561,3687,281,0,0,0,0,53264,1284,5131,0,0,0,0,0
593,5545,594.3169956751949,99860,83,32,113,23,29119,14509,0.43689164830763066,29,19,20150,17756,11514,5414,18109,26754,47286,34330,0,0,9196,6095,19349,1562,3692,282,0,0,0,0,53270,1281,5133,0,0,0,0,0
594,5545,595.2569889612978,99860,83,32,113,23,29124,14511,0.43696174644502306,24,19,20167,17776,11496,5406,18115,26742,47308,34358,0,0,9163,6081,19367,1561,3695,282,0,0,0,0,53298,1279,5134,0,0,0,0,0
595,5545,596.0854778846265,99860,73,28,113,23,29132,14515,0.4370819146805528,20,20,20269,17896,11463,5384,18060,26647,47330,34386,0,0,9128,6072,19390,1558,3701,284,0,0,0,0,53315,1275,5137,0,0,0,0,0
596,5545,597.3674741211282,99860,60,35,113,23,29136,14525,0.4372221109553375,21,15,20360,17999,11424,5362,18020,26564,47351,34413,0,0,9097,6059,19413,1558,3707,284,0,0,0,0,53332,1271,5139,0,0,0,0,0
597,5545,598.0922830227104,99860,59,32,113,23,29139,14526,0.4372621670338474,18,16,20379,18029,11399,5354,18030,26544,47372,34440,0,0,9063,6049,19427,1557,3711,284,0,0,0,0,53361,1268,5140,0,0,0,0,0
598,5545,599.4131530167484,99860,56,31,113,23,29146,14531,0.43738233526937714,18,13,20512,18162,11346,5332,17953,26437,47392,34466,0,0,9033,6036,19447,1556,3717,284,0,0,0,0,53380,1266,5141,0,0,0,0,0
599,5545,600.0158674858067,99860,56,33,113,23,29149,14533,0.43743240536751454,19,13,20547,18192,11319,5322,17944,26415,47412,34492,0,0,9008,6022,19464,1552,3721,284,0,0,0,0,53402,1263,5144,0,0,0,0,0
600,5545,601.0457646319597,99860,59,31,113,23,29158,14536,0.4375525736030443,11,11,20637,18289,11282,5311,17896,26333,47431,34517,0,0,8973,6015,19480,1551,3723,284,0,0,0,0,53427,1262,5145,0,0,0,0,0
601,5545,602.1559141795377,99860,50,28,113,23,29164,14541,0.43766272781894655,11,9,20740,18387,11239,5298,17845,26253,47450,34542,0,0,8945,6006,19509,1551,3725,284,0,0,0,0,53434,1255,5151,0,0,0,0,0
602,5545,603.0184934488298,99860,48,24,113,23,29165,14541,0.437672741838574,13,9,20789,18431,11206,5289,17829,26222,47469,34566,0,0,8920,5992,19525,1548,3731,284,0,0,0,0,53455,1254,5151,0,0,0,0,0
603,5545,604.3304126776025,99859,37,21,113,24,29168,14543,0.4377271953454371,15,13,20875,18553,11179,5270,17779,26117,47487,34590,0,0,8896,5976,19549,1549,3737,284,0,0,0,0,53467,1251,5150,0,0,0,0,0
604,5545,605.043820662211,99859,39,20,113,24,29171,14545,0.43777726594498245,16,15,20929,18603,11142,5251,17759,26085,47505,34613,0,0,8877,5956,19571,1547,3740,284,0,0,0,0,53483,1251,5150,0,0,0,0,0
605,5545,606.0722520340661,99859,41,19,113,24,29177,14549,0.43787740714407314,15,14,21013,18705,11096,5222,17720,26014,47522,34636,0,0,8850,5948,19587,1545,3743,284,0,0,0,0,53502,1248,5152,0,0,0,0,0
606,5545,607.3673266526898,99859,37,22,113,24,29180,14552,0.4379374918635276,17,13,21126,18828,11044,5193,17661,25918,47539,34658,0,0,8831,5933,19600,1543,3748,285,0,0,0,0,53519,1245,5155,0,0,0,0,0
607,5545,608.0656633028265,99859,36,19,113,24,29186,14553,0.4380075907028911,15,14,21219,18908,11005,5181,17610,25852,47556,34680,0,0,8803,5925,19614,1544,3747,287,0,0,0,0,53539,1242,5158,0,0,0,0,0
608,5545,609.033608087688,99859,34,18,113,24,29187,14554,0.4380276189427092,16,15,21242,18936,10989,5177,17604,25828,47572,34702,0,0,8778,5914,19630,1544,3746,288,0,0,0,0,53559,1241,5159,0,0,0,0,0
609,5545,610.0781114227955,99859,35,20,113,24,29194,14560,0.43815780250152714,18,9,21357,19083,10939,5147,17536,25715,47588,34723,0,0,8762,5899,19651,1542,3751,288,0,0,0,0,53568,1237,5161,0,0,0,0,0
610,5545,611.0095568504174,99859,34,19,113,24,29197,14561,0.4381978589811634,17,8,21406,19171,10912,5126,17516,25650,47604,34744,0,0,8741,5887,19667,1541,3753,288,0,0,0,0,53584,1234,5164,0,0,0,0,0
611,5545,612.0336956043348,99859,34,18,113,24,29198,14563,0.4382279013408907,17,8,21461,19233,10880,5115,17493,25600,47619,34764,0,0,8716,5878,19678,1541,3753,289,0,0,0,0,53606,1234,5164,0,0,0,0,0
612,5545,613.2524777110568,99859,31,20,113,24,29204,14567,0.43832804253998137,17,6,21583,19357,10821,5097,17433,25494,47634,34784,0,0,8696,5866,19691,1541,3758,290,0,0,0,0,53621,1232,5164,0,0,0,0,0
613,5545,614.1044352427741,99859,22,20,113,24,29206,14567,0.43834807077979954,19,6,21669,19425,10787,5084,17388,25439,47649,34804,0,0,8672,5863,19700,1535,3765,292,0,0,0,0,53638,1231,5163,0,0,0,0,0
614,5545,615.0813083639937,99859,25,18,113,24,29210,14568,0.43839814137934485,19,8,21750,19494,10744,5076,17347,25378,47663,34823,0,0,8657,5855,19711,1529,3770,293,0,0,0,0,53650,1227,5167,0,0,0,0,0
615,5545,616.0087490915656,99859,24,18,113,24,29213,14570,0.4384482119788902,17,6,21821,19572,10708,5062,17315,25316,47677,34842,0,0,8631,5854,19718,1525,3773,294,0,0,0,0,53670,1226,5168,0,0,0,0,0
616,5545,617.0157651203498,99859,23,17,113,24,29217,14572,0.4385082966983447,16,5,21893,19664,10677,5039,17276,25249,47691,34861,0,0,8608,5847,19728,1524,3777,294,0,0,0,0,53688,1224,5169,0,0,0,0,0
617,5545,618.0538079747757,99859,24,13,113,24,29221,14574,0.4385683814177991,13,3,21965,19759,10640,5026,17243,25173,47705,34879,0,0,8591,5834,19742,1525,3780,294,0,0,0,0,53701,1220,5172,0,0,0,0,0
618,5545,619.2289977758841,99859,25,13,113,24,29224,14575,0.43860843789743537,13,7,22056,19875,10592,5003,17199,25076,47718,34897,0,0,8577,5823,19755,1523,3781,295,0,0,0,0,53713,1216,5176,0,0,0,0,0
619,5545,620.027097955767,99859,23,15,113,24,29227,14578,0.4386685226168898,10,6,22144,19975,10552,4983,17156,24995,47731,34915,0,0,8558,5817,19760,1521,3784,297,0,0,0,0,53730,1213,5179,0,0,0,0,0
620,5545,621.0541260277136,99859,22,14,113,24,29229,14579,0.438698564976617,11,7,22213,20053,10510,4965,17129,24935,47744,34932,0,0,8542,5809,19771,1518,3787,298,0,0,0,0,53742,1211,5181,0,0,0,0,0
621,5545,622.0232386381076,99859,23,14,113,24,29232,14580,0.4387386214562533,12,6,22258,20111,10484,4950,17108,24893,47757,34949,0,0,8523,5800,19781,1517,3789,298,0,0,0,0,53759,1210,5182,0,0,0,0,0
622,5545,623.3139864800224,99859,19,15,113,24,29234,14582,0.4387786779358896,13,4,22399,20278,10429,4913,17025,24764,47769,34966,0,0,8508,5788,19793,1516,3793,299,0,0,0,0,53772,1209,5181,0,0,0,0,0
623,5545,624.0883620390459,99859,19,15,113,24,29236,14582,0.43879870617570776,11,5,22430,20307,10410,4903,17015,24744,47781,34982,0,0,8495,5777,19806,1513,3796,299,0,0,0,0,53783,1208,5182,0,0,0,0,0
624,5545,625.0459917559018,99859,21,12,113,24,29239,14582,0.43882874853543496,10,5,22515,20384,10363,4891,16976,24682,47793,34998,0,0,8485,5763,19824,1511,3798,299,0,0,0,0,53789,1206,5184,0,0,0,0,0
625,5545,626.0365368174575,99859,20,11,113,24,29241,14585,0.43887881913498034,8,3,22615,20488,10318,4869,16924,24603,47805,35014,0,0,8472,5754,19838,1509,3801,299,0,0,0,0,53796,1202,5188,0,0,0,0,0
626,5545,627.0878691389372,99859,19,10,113,24,29242,14586,0.43889884737479845,7,3,22692,20580,10284,4853,16883,24528,47816,35029,0,0,8457,5747,19849,1507,3803,299,0,0,0,0,53807,1200,5190,0,0,0,0,0
627,5545,628.0798762919114,99859,19,9,113,24,29244,14586,0.4389188756146166,6,3,22766,20696,10246,4831,16848,24435,47827,35044,0,0,8443,5739,19860,1507,3803,299,0,0,0,0,53818,1196,5194,0,0,0,0,0
628,5545,629.0368939988421,99859,17,8,113,24,29244,14586,0.4389188756146166,10,4,22850,20789,10214,4817,16794,24356,47838,35059,0,0,8429,5731,19871,1505,3805,299,0,0,0,0,53829,1194,5196,0,0,0,0,0
629,5545,630.0763044297616,99859,17,7,113,24,29246,14586,0.43893890385443474,35,31,22902,20850,10184,4795,16747,24291,47849,35074,0,0,8414,5724,19879,1503,3808,299,0,0,0,0,53842,1192,5198,0,0,0,0,0
630,5545,631.0772081301475,99859,23,14,113,24,29256,14594,0.43911915801279805,32,28,22957,20916,10156,4788,16717,24228,47859,35088,0,0,8396,5718,19885,1503,3809,299,1,0,0,3,53856,1191,5198,0,0,0,0,0
631,5545,632.2611320532035,99859,28,19,113,24,29266,14599,0.4392693698114341,35,30,23033,21037,10127,4769,16662,24119,47869,35102,0,0,8382,5712,19889,1503,3811,300,1,0,0,4,53869,1187,5201,0,0,0,0,0
632,5545,633.2245424113686,99859,36,22,113,24,29277,14602,0.43940956749016113,37,34,23112,21115,10098,4754,16602,24049,47879,35116,0,0,8366,5705,19896,1502,3812,300,2,0,0,6,53882,1186,5202,0,0,0,0,0
633,5545,634.1846441414708,99859,40,25,113,24,29284,14608,0.4395397510489791,41,34,23173,21199,10061,4736,16570,23980,47889,35130,0,0,8353,5695,19903,1502,3814,301,3,0,0,8,53892,1185,5203,0,0,0,0,0
634,5545,635.1421314564138,99859,38,32,113,24,29290,14615,0.439669934607797,41,32,23246,21253,10031,4720,16529,23937,47899,35143,0,0,8339,5684,19913,1501,3815,302,5,0,0,11,53901,1185,5203,0,0,0,0,0
635,5545,636.0966492553708,99859,40,32,113,24,29294,14619,0.4397500475670696,54,34,23307,21314,9997,4713,16487,23881,47909,35156,0,0,8326,5676,19921,1500,3817,302,7,0,0,14,53909,1182,5205,0,0,0,0,0
636,5545,637.0481891714686,99859,51,31,113,24,29309,14626,0.43997035820506913,51,31,23386,21405,9965,4698,16432,23809,47918,35169,0,0,8312,5669,19925,1500,3821,303,8,0,0,20,53916,1181,5204,0,0,0,0,0
637,5545,638.3118862566752,99859,61,35,113,24,29329,14633,0.4402407394426141,54,33,23498,21517,9913,4673,16359,23716,47927,35182,0,0,8297,5663,19930,1498,3826,303,9,0,0,28,53922,1180,5203,0,0,0,0,0
638,5545,639.255655383904,99859,63,33,113,24,29339,14640,0.44041097948106833,67,31,23558,21593,9887,4663,16310,23654,47936,35194,0,0,8283,5657,19932,1495,3829,307,12,0,0,35,53926,1180,5203,0,0,0,0,0
639,5545,640.1969897435603,99859,70,30,113,24,29357,14644,0.4406312901190679,68,38,23592,21680,9876,4652,16279,23574,47945,35206,0,0,8266,5650,19935,1497,3832,308,15,0,0,44,53931,1179,5202,0,0,0,0,0
640,5545,641.1362430847109,99859,69,34,113,24,29367,14655,0.4408415866371584,66,35,23680,21755,9851,4645,16219,23505,47954,35218,0,0,8254,5640,19942,1495,3836,309,18,0,0,55,53929,1179,5202,0,0,0,0,0
641,5545,642.0725607323465,99859,75,32,113,24,29384,14660,0.441061897275158,67,39,23749,21820,9819,4636,16175,23447,47962,35230,0,0,8240,5631,19948,1497,3838,310,20,0,0,65,53931,1178,5201,0,0,0,0,0
642,5545,643.0060697582494,99859,81,41,113,24,29399,14672,0.4413322785127029,79,39,23803,21897,9797,4625,16125,23372,47970,35242,0,0,8226,5624,19950,1497,3843,310,22,0,0,70,53938,1177,5202,0,0,0,0,0
643,5545,644.2470402442854,99859,83,48,113,24,29420,14686,0.44168277270952044,92,37,23894,22010,9766,4610,16050,23269,47978,35253,0,0,8211,5617,19951,1497,3849,311,26,0,0,84,53935,1176,5202,0,0,0,0,0
644,5545,645.174404621968,99859,91,51,113,24,29433,14695,0.44190308334752,96,41,23969,22094,9727,4595,16002,23193,47986,35264,0,0,8198,5612,19955,1497,3851,311,28,0,0,91,53939,1173,5204,0,0,0,0,0
645,5545,646.098750551728,99859,96,50,113,24,29450,14702,0.4421434222253377,105,45,24014,22181,9713,4583,15957,23115,47994,35275,0,0,8189,5601,19964,1499,3849,315,31,0,0,101,53935,1170,5205,0,0,0,0,0
646,5545,647.0211588936245,99859,107,54,113,24,29479,14712,0.44253397290179153,97,49,24068,22240,9687,4578,15926,23053,48002,35286,0,0,8179,5589,19976,1501,3852,315,35,0,0,115,53927,1167,5203,0,0,0,0,0
647,5545,648.2476222105249,99859,119,57,113,24,29512,14725,0.44299462241760884,94,49,24138,22329,9662,4571,15872,22968,48010,35297,0,0,8166,5580,19975,1502,3863,315,38,0,0,130,53922,1165,5203,0,0,0,0,0
648,5545,649.1650864958928,99859,115,52,113,24,29530,14729,0.4432149330556084,103,63,24202,22408,9645,4560,15820,22891,48017,35308,0,0,8154,5572,19976,1501,3870,317,41,0,0,147,53914,1164,5203,0,0,0,0,0
649,5545,650.0801334013862,99859,116,54,113,24,29556,14739,0.443575441372335,96,65,24275,22485,9632,4547,15766,22823,48024,35318,0,0,8140,5567,19974,1504,3878,318,44,0,0,164,53908,1160,5202,0,0,0,0,0
650,5545,651.2957537817235,99859,127,62,113,24,29586,14757,0.44405611912797044,98,60,24350,22587,9600,4532,15710,22733,48031,35328,0,0,8123,5563,19973,1505,3881,320,49,0,0,180,53904,1158,5203,0,0,0,0,0
651,5545,652.2050490751543,99859,137,67,113,24,29615,14771,0.44448672628406055,101,59,24396,22659,9583,4524,15668,22665,48038,35338,0,0,8111,5550,19973,1512,3888,321,51,0,0,190,53904,1157,5202,0,0,0,0,0
652,5545,653.112332462873,99859,136,73,113,24,29630,14787,0.44479716400124175,121,60,24457,22725,9550,4517,15621,22599,48045,35348,0,0,8096,5543,19974,1513,3891,324,57,0,0,200,53903,1155,5203,0,0,0,0,0
653,5545,654.0173200418444,99859,149,81,113,24,29658,14804,0.44524779939715,127,56,24514,22787,9527,4514,15568,22536,48052,35358,0,0,8085,5535,19976,1515,3895,325,59,0,0,214,53898,1153,5204,0,0,0,0,0
654,5545,655.2205191191883,99859,160,91,113,24,29692,14822,0.4457685336324217,143,69,24582,22877,9494,4503,15506,22434,48059,35368,0,0,8071,5527,19978,1518,3901,326,63,0,0,230,53892,1151,5202,0,0,0,0,0
655,5545,656.120117904049,99858,179,86,113,25,29732,14833,0.4462837228864988,140,79,24639,22939,9479,4499,15448,22370,48066,35377,0,0,8057,5521,19971,1517,3915,328,67,0,0,243,53888,1150,5201,0,0,0,0,0
656,5545,657.017603172062,99858,200,95,113,25,29771,14853,0.44687456187786656,144,76,24690,23003,9457,4498,15394,22301,48072,35386,0,0,8049,5517,19969,1513,3925,329,69,0,0,262,53875,1149,5201,0,0,0,0,0
657,5545,658.2110817154413,99857,206,99,114,25,29810,14876,0.44749992489259643,167,79,24737,23093,9445,4500,15329,22202,48078,35395,0,0,8026,5508,19963,1516,3940,329,82,0,0,281,53866,1149,5197,0,0,0,0,0
658,5545,659.1043263922846,99857,216,101,114,25,29843,14889,0.44796058363459745,178,85,24769,23168,9433,4488,15288,22131,48084,35404,0,0,8015,5500,19960,1519,3950,329,85,0,0,298,53857,1146,5198,0,0,0,0,0
659,5545,660.2927830186854,99857,232,102,114,25,29895,14903,0.44862152878616424,181,97,24829,23249,9420,4481,15222,22044,48090,35413,0,0,8003,5493,19952,1522,3964,331,89,0,0,322,53841,1143,5197,0,0,0,0,0
660,5545,661.182007859709,99857,240,119,114,25,29937,14935,0.44936258850155725,190,93,24855,23308,9416,4476,15183,21977,48096,35422,0,0,7991,5487,19943,1522,3979,333,93,0,0,347,53824,1141,5197,0,0,0,0,0
661,5545,662.0700668052041,99857,252,122,114,25,29980,14953,0.4499734620507325,189,111,24885,23359,9413,4473,15145,21908,48102,35431,0,0,7974,5478,19937,1526,3990,334,100,0,0,369,53812,1141,5196,0,0,0,0,0
662,5545,663.2520161102319,99857,263,130,114,25,30031,14985,0.4508046506504301,223,117,24940,23451,9405,4475,15053,21800,48108,35439,0,0,7963,5461,19936,1535,4000,337,106,0,0,402,53784,1140,5193,0,0,0,0,0
663,5545,664.136339418683,99857,281,144,114,25,30075,15012,0.45151566740438825,236,124,24967,23497,9397,4474,15003,21734,48114,35447,0,0,7952,5452,19931,1537,4013,338,109,0,0,420,53774,1140,5191,0,0,0,0,0
664,5545,665.0192726926674,99857,295,153,114,25,30120,15036,0.45220665551738987,247,131,25001,23569,9389,4467,14952,21653,48120,35455,0,0,7940,5442,19935,1540,4018,338,116,0,0,451,53748,1138,5191,0,0,0,0,0
665,5545,666.193958072294,99857,331,177,114,25,30189,15079,0.45332825941095767,246,134,25063,23646,9363,4461,14881,21555,48126,35463,0,0,7924,5434,19936,1542,4027,338,124,0,0,483,53724,1137,5188,0,0,0,0,0
666,5545,667.0727930269783,99857,329,188,114,25,30233,15120,0.4541794766516118,272,127,25103,23689,9370,4475,14810,21494,48131,35471,0,0,7908,5428,19925,1545,4043,340,131,0,0,527,53689,1134,5187,0,0,0,0,0
667,5545,668.2420270974761,99857,340,206,114,25,30301,15163,0.45529106622470134,282,136,25137,23750,9390,4487,14735,21394,48136,35479,0,0,7898,5412,19912,1558,4063,343,137,0,0,565,53655,1129,5185,0,0,0,0,0
668,5545,669.1175552809582,99857,360,206,114,25,30373,15186,0.4562424266701383,294,144,25145,23791,9405,4502,14680,21330,48141,35487,0,0,7881,5398,19907,1567,4073,345,146,0,0,607,53621,1128,5184,0,0,0,0,0
669,5545,670.2837612344363,99856,397,209,115,25,30465,15229,0.45759894247716715,300,148,25161,23859,9409,4523,14616,21234,48146,35495,0,0,7865,5387,19898,1574,4089,347,155,0,0,662,53572,1123,5184,0,0,0,0,0
670,5545,671.1572253576225,99856,417,218,115,25,30537,15261,0.45864044223682104,302,150,25188,23896,9410,4537,14566,21172,48151,35502,0,0,7853,5377,19894,1574,4106,348,164,0,0,706,53531,1121,5182,0,0,0,0,0
671,5545,672.0297300457813,99856,443,215,115,25,30616,15290,0.45972199967953853,306,164,25212,23953,9421,4548,14501,21093,48156,35509,0,0,7837,5369,19880,1580,4124,354,171,0,0,746,53499,1119,5177,0,0,0,0,0
672,5545,673.1914771680196,99856,454,234,115,25,30707,15341,0.46114404742829673,330,186,25223,23994,9440,4556,14436,21003,48161,35516,0,0,7814,5357,19864,1588,4150,356,188,0,0,801,53450,1115,5173,0,0,0,0,0
673,5545,674.0617431508601,99856,481,236,115,25,30792,15368,0.46226566255407786,338,209,25233,24044,9460,4556,14371,20928,48166,35523,0,0,7799,5344,19856,1594,4167,361,198,0,0,839,53417,1113,5168,0,0,0,0,0
674,5545,675.2207152269067,99856,497,246,115,25,30902,15426,0.46394808524274955,372,217,25245,24097,9492,4585,14277,20828,48171,35530,0,0,7779,5327,19832,1605,4202,364,212,0,0,913,53349,1111,5162,0,0,0,0,0
675,5545,676.0891294308312,99855,547,274,116,25,31005,15484,0.4655650693505583,381,218,25230,24146,9507,4596,14217,20739,48176,35537,0,0,7764,5317,19820,1614,4222,366,218,0,0,956,53314,1109,5155,0,0,0,0,0
676,5545,677.2462981142861,99855,577,288,116,25,31117,15555,0.4673977267037204,446,237,25230,24195,9525,4631,14104,20622,48181,35544,0,0,7744,5304,19801,1625,4246,372,230,0,0,1034,53244,1105,5150,0,0,0,0,0
677,5545,678.1134201005084,99854,583,296,117,25,31218,15599,0.46885452761031104,465,253,25213,24236,9574,4644,14046,20544,48186,35551,0,0,7721,5287,19780,1636,4276,377,245,0,0,1094,53190,1104,5144,0,0,0,0,0
678,5545,679.2695160262202,99854,646,324,117,25,31374,15674,0.4711679051415066,495,283,25187,24265,9604,4669,13949,20432,48190,35558,0,0,7702,5279,19746,1640,4323,382,258,0,0,1156,53133,1100,5135,0,0,0,0,0
679,5545,680.1362328961424,99854,696,346,117,25,31495,15735,0.47299056622669094,525,287,25175,24289,9616,4693,13869,20358,48194,35564,0,0,7689,5270,19723,1644,4357,387,266,0,0,1208,53086,1098,5126,0,0,0,0,0
680,5545,681.0023890939991,99854,738,352,117,25,31610,15776,0.474552847156849,557,321,25147,24302,9639,4712,13800,20286,48198,35570,0,0,7674,5262,19706,1648,4381,392,276,0,0,1266,53033,1095,5121,0,0,0,0,0
681,5545,682.1570974971805,99853,784,377,118,25,31764,15851,0.4768509709272631,617,340,25132,24353,9661,4727,13686,20176,48202,35576,0,0,7651,5242,19687,1665,4410,395,294,0,0,1351,52953,1090,5115,0,0,0,0,0
682,5545,683.0226320857507,99853,830,410,118,25,31913,15932,0.47915435690464986,601,331,25108,24377,9717,4756,13624,20099,48206,35582,0,0,7629,5226,19663,1679,4447,396,310,0,0,1429,52880,1086,5108,0,0,0,0,0
683,5545,684.1769814002896,99852,867,432,118,26,32084,16035,0.481903216760806,618,357,25069,24393,9803,4808,13523,19982,48210,35588,0,0,7604,5208,19621,1694,4496,404,330,0,0,1541,52771,1083,5100,0,0,0,0,0
684,5545,685.0433882995513,99852,895,445,118,26,32223,16111,0.4840564034771462,670,370,25027,24406,9862,4855,13426,19896,48214,35594,0,0,7589,5193,19594,1708,4535,409,339,0,0,1640,52676,1079,5090,0,0,0,0,0
685,5545,686.1986795143102,99849,973,444,121,26,32439,16213,0.4872557561918497,690,379,25006,24427,9901,4930,13307,19792,48218,35600,0,0,7558,5177,19555,1727,4583,420,362,0,0,1760,52560,1071,5076,0,0,0,0,0
686,5545,687.0652041647278,99849,995,467,121,26,32593,16294,0.48960931005818786,738,384,24932,24439,9982,4964,13230,19718,48222,35606,0,0,7523,5159,19528,1744,4620,428,391,0,0,1843,52478,1066,5069,0,0,0,0,0
687,5545,688.2226473304854,99849,1052,501,121,26,32820,16404,0.49298440645374514,781,416,24870,24470,10074,5013,13100,19572,48226,35612,0,0,7486,5132,19493,1761,4669,437,427,0,0,1964,52358,1063,5059,0,0,0,0,0
688,5545,689.091563123276,99847,1079,525,123,26,32987,16500,0.49562831131631396,842,445,24806,24495,10139,5051,13009,19456,48230,35618,0,0,7456,5114,19460,1777,4706,448,452,0,0,2071,52255,1057,5051,0,0,0,0,0
689,5545,690.2517590177591,99846,1141,558,124,26,33229,16627,0.49932896660857723,881,453,24719,24521,10238,5111,12895,19329,48234,35624,0,0,7423,5094,19415,1794,4771,457,477,0,0,2209,52118,1054,5034,0,0,0,0,0
690,5545,691.1232166517013,99845,1190,598,125,26,33431,16739,0.5024788422054184,869,455,24674,24533,10324,5161,12816,19225,48238,35629,0,0,7393,5076,19377,1807,4829,464,501,0,0,2315,52016,1049,5018,0,0,0,0,0
691,5545,692.2865335254928,99844,1276,625,126,26,33704,16867,0.5065001402187412,904,465,24585,24543,10422,5222,12685,19117,48242,35634,0,0,7356,5052,19321,1824,4908,472,533,0,0,2451,51883,1046,4998,0,0,0,0,0
692,5545,693.1607679878771,99843,1335,638,126,27,33915,16962,0.5095700249391545,948,489,24496,24532,10498,5280,12595,19032,48246,35639,0,0,7326,5034,19285,1842,4953,483,556,0,0,2574,51764,1044,4982,0,0,0,0,0
693,5545,694.0368446703624,99843,1341,684,126,27,34108,17077,0.5126548681429844,1035,511,24419,24530,10590,5320,12487,18926,48250,35644,0,0,7289,5011,19231,1861,5011,494,588,0,0,2693,51649,1039,4977,0,0,0,0,0
694,5545,695.2074795754706,99842,1438,719,127,27,34417,17238,0.5173674405560786,1095,536,24290,24519,10682,5409,12366,18788,48254,35649,0,0,7239,4992,19173,1880,5095,500,631,0,0,2857,51484,1030,4961,0,0,0,0,0
695,5545,696.0874188500262,99842,1506,768,127,27,34679,17367,0.5212836281324492,1086,527,24213,24516,10798,5465,12268,18695,48257,35654,0,0,7202,4974,19132,1898,5161,506,662,0,0,2992,51347,1024,4944,0,0,0,0,0
696,5545,697.2636973238039,99841,1586,801,128,27,35017,17521,0.5262166845284002,1141,579,24070,24496,10944,5542,12129,18553,48260,35659,0,0,7157,4943,19075,1925,5234,518,702,0,0,3191,51147,1015,4934,0,0,0,0,0
697,5545,698.1490691541844,99840,1647,826,128,28,35286,17654,0.5302483974358975,1202,618,23950,24459,11056,5620,12015,18447,48263,35664,0,0,7120,4919,19019,1947,5300,534,735,0,0,3346,50991,1010,4919,0,0,0,0,0
698,5545,699.0371669197586,99839,1731,858,129,28,35549,17797,0.5343202556115346,1301,651,23807,24423,11133,5693,11897,18345,48266,35669,0,0,7077,4897,18973,1967,5369,540,771,0,0,3486,50849,1007,4903,0,0,0,0,0
699,5545,700.2255730428811,99837,1841,886,131,28,35936,17974,0.5399801676733075,1365,700,23632,24386,11271,5791,11758,18207,48269,35674,0,0,7028,4865,18912,1989,5463,555,813,0,0,3696,50633,1002,4881,0,0,0,0,0
700,5545,701.1207245720732,99835,1933,938,133,28,36261,18125,0.5447588521059749,1403,733,23515,24351,11379,5861,11635,18087,48272,35679,0,0,6993,4826,18858,2022,5532,566,840,0,0,3861,50469,999,4869,0,0,0,0,0
701,5545,702.0184505820777,99834,2025,992,134,28,36569,18313,0.5497325560430314,1441,745,23379,24311,11516,5958,11503,17964,48275,35684,0,0,6957,4802,18796,2051,5613,574,871,0,0,4040,50284,989,4857,0,0,0,0,0
702,5545,703.2209014411343,99832,2115,1038,135,29,37022,18538,0.5565349787643241,1539,780,23160,24260,11723,6087,11326,17804,48278,35689,0,0,6893,4757,18702,2087,5738,594,928,0,0,4298,50022,983,4830,0,0,0,0,0
703,5545,704.1275977534983,99832,2207,1080,135,29,37391,18714,0.5619941501722895,1578,849,23024,24207,11864,6178,11190,17655,48281,35694,0,0,6840,4729,18631,2120,5832,612,972,0,0,4482,49831,975,4808,0,0,0,0,0
704,5545,705.0376262314779,99829,2267,1123,137,30,37751,18918,0.5676606997966522,1643,853,22861,24169,12023,6302,11067,17521,48284,35699,0,0,6792,4698,18549,2143,5951,630,1014,0,0,4685,49614,967,4786,0,0,0,0,0
705,5545,706.2582902891368,99828,2341,1149,137,31,38246,19176,0.575209360099371,1697,920,22668,24043,12266,6481,10889,17374,48287,35703,0,0,6718,4640,18458,2198,6079,654,1080,0,0,5000,49283,957,4761,0,0,0,0,0
706,5545,707.1790747422459,99826,2394,1236,139,31,38615,19393,0.5810910985114098,1784,968,22484,24008,12444,6560,10753,17195,48290,35707,0,0,6671,4609,18387,2229,6172,673,1116,0,0,5222,49060,948,4739,0,0,0,0,0
707,5545,708.1047677520892,99826,2486,1319,139,31,39022,19639,0.5876324805160981,1878,957,22285,23942,12603,6670,10607,17079,48293,35711,0,0,6614,4571,18304,2273,6278,696,1160,0,0,5429,48839,946,4716,0,0,0,0,0
708,5545,709.035919686094,99823,2526,1362,141,32,39413,19865,0.5938310810133937,1944,997,22107,23852,12795,6817,10485,16938,48296,35715,0,0,6565,4536,18221,2294,6402,721,1203,0,0,5679,48571,940,4691,0,0,0,0,0
709,5545,710.2860289733892,99819,2636,1427,142,35,39995,20172,0.6027609974053036,1993,1051,21861,23751,13076,6992,10290,16742,48299,35719,0,0,6490,4482,18107,2336,6554,752,1268,0,0,6021,48211,935,4663,0,0,0,0,0
710,5545,711.2308108870217,99819,2756,1468,142,35,40496,20420,0.6102645788877868,2006,1070,21633,23676,13307,7154,10154,16595,48302,35723,0,0,6427,4438,18019,2381,6676,779,1322,0,0,6301,47916,927,4633,0,0,0,0,0
711,5545,712.183533494915,99819,2811,1532,142,35,40934,20681,0.61726725372925,2088,1119,21422,23566,13512,7295,10023,16451,48305,35727,0,0,6374,4393,17919,2426,6822,799,1369,0,0,6564,47632,915,4606,0,0,0,0,0
712,5545,713.1433992485736,99816,2970,1589,144,36,41481,20952,0.6254808848280837,2108,1140,21187,23480,13720,7462,9869,16291,48308,35731,0,0,6309,4349,17804,2460,6968,834,1427,0,0,6818,47364,910,4573,0,0,0,0,0
713,5545,714.1111997573678,99815,3089,1626,145,36,41998,21211,0.6332615338375995,2157,1204,20941,23369,13936,7633,9730,16130,48311,35735,0,0,6245,4316,17704,2487,7130,857,1482,0,0,7094,47062,900,4538,0,0,0,0,0
714,5545,715.0873075643217,99814,3159,1679,145,37,42481,21490,0.6409020778648286,2249,1258,20713,23261,14163,7796,9569,15967,48314,35739,0,0,6174,4273,17598,2525,7288,879,1543,0,0,7386,46752,891,4505,0,0,0,0,0
715,5545,716.0712191080754,99814,3257,1757,145,37,43028,21798,0.6494680104995291,2323,1302,20474,23139,14412,7968,9387,15795,48317,35743,0,0,6107,4219,17495,2568,7466,893,1596,0,0,7701,46417,881,4471,0,0,0,0,0
716,5545,717.0641960323054,99809,3421,1858,149,38,43637,22138,0.6590087066296627,2339,1338,20209,23023,14670,8141,9210,15600,48320,35747,0,0,6038,4181,17363,2591,7667,919,1660,0,0,7981,46102,875,4432,0,0,0,0,0
717,5545,718.0668415560823,99807,3592,1902,151,38,44279,22462,0.6687005921428357,2415,1401,19911,22882,14900,8347,9029,15428,48323,35751,0,0,5972,4139,17221,2627,7856,955,1713,0,0,8325,45733,869,4397,0,0,0,0,0
718,5545,719.0807102552634,99804,3716,1969,153,39,44930,22807,0.67870025249489,2488,1429,19590,22727,15202,8561,8849,15273,48326,35755,0,0,5898,4093,17076,2677,8064,993,1779,0,0,8660,45351,854,4359,0,0,0,0,0
719,5545,720.1073860159928,99801,3819,2040,156,39,45589,23169,0.6889510125149046,2571,1454,19290,22602,15477,8776,8685,15087,48328,35759,0,0,5827,4030,16928,2734,8279,1034,1836,0,0,9022,44956,843,4312,0,0,0,0,0
720,5545,721.1467101352049,99798,3947,2146,159,39,46304,23576,0.700214433154973,2629,1513,18983,22428,15775,8985,8505,14887,48330,35763,0,0,5729,3966,16796,2806,8467,1076,1915,0,0,9411,44537,828,4267,0,0,0,0,0
721,5545,722.1988276454199,99798,4010,2273,159,39,46976,24005,0.7112467183711096,2706,1520,18662,22261,16119,9193,8342,14712,48332,35767,0,0,5645,3910,16628,2867,8700,1127,1984,0,0,9777,44127,814,4219,0,0,0,0,0
722,5545,723.2658127128356,99796,4210,2365,161,39,47746,24429,0.7232253797747404,2762,1575,18337,22067,16378,9427,8150,14525,48334,35771,0,0,5545,3859,16490,2923,8881,1176,2068,0,0,10196,43685,799,4174,0,0,0,0,0
723,5545,724.3476831345093,99792,4324,2420,165,39,48510,24860,0.7352292768959435,2855,1657,17979,21900,16742,9682,7933,14300,48336,35775,0,0,5447,3793,16330,2977,9117,1230,2151,0,0,10636,43191,787,4133,0,0,0,0,0
724,5545,725.078497071502,99791,4378,2470,165,40,49035,25155,0.7434538184806245,2922,1711,17723,21775,17011,9851,7799,14151,48338,35778,0,0,5368,3747,16199,3024,9304,1261,2212,0,0,10920,42872,778,4106,0,0,0,0,0
725,5545,726.1904963467975,99789,4572,2579,167,40,49915,25655,0.7572978985659742,2920,1733,17381,21581,17355,10115,7603,13950,48340,35781,0,0,5277,3685,16008,3077,9572,1322,2285,0,0,11368,42371,763,4061,0,0,0,0,0
726,5545,727.3153373065114,99787,4601,2630,169,40,50717,26151,0.7703207832683616,2994,1796,17079,21374,17770,10431,7385,13727,48342,35784,0,0,5166,3602,15832,3152,9853,1398,2370,0,0,11844,41816,751,4003,0,0,0,0,0
727,5545,728.053613786566,99785,4702,2665,170,41,51284,26497,0.7794858946735481,2987,1814,16852,21246,18014,10660,7273,13572,48344,35787,0,0,5089,3558,15720,3197,10031,1439,2431,0,0,12167,41444,743,3966,0,0,0,0,0
728,5545,729.1396905036942,99780,4754,2735,172,44,52091,27005,0.7927039486871117,3045,1836,16519,21053,18410,10979,7098,13351,48346,35790,0,0,4992,3494,15516,3243,10335,1519,2508,0,0,12634,40909,732,3898,0,0,0,0,0
729,5545,730.200403116494,99774,4810,2805,176,46,52881,27488,0.8055104536251929,3110,1845,16219,20905,18769,11260,6914,13137,48348,35793,0,0,4904,3416,15310,3331,10639,1586,2573,0,0,13048,40413,710,3844,0,0,0,0,0
730,5545,731.2382706818365,99772,4895,2878,177,47,53636,27969,0.8179148458485347,3264,1879,15877,20746,19055,11524,6730,12924,48350,35796,0,0,4812,3349,15149,3397,10908,1644,2634,0,0,13450,39923,700,3806,0,0,0,0,0
731,5545,732.2560014943261,99770,5033,2949,178,48,54457,28464,0.8311215796331562,3299,1894,15574,20584,19359,11813,6555,12710,48352,35799,0,0,4718,3292,14971,3456,11184,1719,2704,0,0,13850,39430,684,3762,0,0,0,0,0
732,5545,733.2545984357699,99768,5101,3000,180,48,55272,28953,0.8442085638681741,3256,1949,15301,20373,19760,12130,6400,12498,48354,35802,0,0,4641,3219,14774,3519,11516,1800,2759,0,0,14251,38933,665,3691,0,0,0,0,0
733,5545,734.2331290038311,99765,5215,3074,182,49,56068,29424,0.8569337944168797,3270,1990,15029,20196,20068,12387,6234,12302,48356,35805,0,0,4551,3171,14584,3555,11807,1874,2826,0,0,14634,38460,659,3644,0,0,0,0,0
734,5545,735.1934790620314,99763,5308,3130,184,49,56859,29900,0.8696510730431122,3280,2003,14749,20022,20399,12666,6078,12128,48358,35808,0,0,4458,3102,14421,3596,12088,1953,2901,0,0,15019,37974,650,3601,0,0,0,0,0
735,5545,736.1359508104124,99758,5333,3155,186,52,57599,30349,0.8816135046813288,3317,2041,14491,19840,20735,12958,5936,11952,48360,35811,0,0,4367,3052,14239,3628,12371,2032,2974,0,0,15452,37451,637,3555,0,0,0,0,0
736,5545,737.0621454897757,99753,5429,3175,191,52,58390,30806,0.89416859643319,3328,2051,14180,19675,21076,13252,5794,11793,48362,35814,0,0,4285,2988,14058,3681,12654,2118,3022,0,0,15847,36965,630,3505,0,0,0,0,0
737,5545,738.2718915902027,99751,5507,3242,192,53,59421,31400,0.910477087948993,3380,2091,13842,19441,21477,13607,5600,11564,48364,35817,0,0,4170,2912,13838,3736,13021,2236,3105,0,0,16357,36328,616,3432,0,0,0,0,0
738,5545,739.1626393406161,99749,5584,3306,193,54,60142,31873,0.9224653881241918,3437,2102,13588,19274,21731,13889,5465,11373,48366,35820,0,0,4101,2863,13675,3766,13307,2312,3153,0,0,16707,35865,605,3395,0,0,0,0,0
739,5545,740.0409415047354,99748,5637,3347,194,54,60864,32324,0.9342342703613105,3460,2148,13332,19122,22042,14157,5333,11170,48368,35823,0,0,4011,2808,13506,3810,13565,2403,3213,0,0,17060,35417,592,3363,0,0,0,0,0
740,5545,741.1908553411381,99743,5757,3419,197,56,61910,32906,0.9506030498380839,3396,2177,13022,18918,22434,14450,5192,10978,48370,35826,0,0,3912,2746,13291,3861,13936,2527,3265,0,0,17506,34824,580,3295,0,0,0,0,0
741,5545,742.0386290717316,99739,5783,3455,201,56,62602,33362,0.9621512146702894,3403,2165,12834,18757,22712,14738,5065,10827,48372,35829,0,0,3819,2691,13118,3913,14221,2613,3329,0,0,17823,34394,570,3248,0,0,0,0,0
742,5545,743.1509971242402,99735,5774,3537,204,57,63571,33964,0.9779415450945004,3412,2207,12557,18533,23138,15040,4913,10624,48374,35832,0,0,3713,2608,12900,3978,14647,2742,3392,0,0,18183,33840,550,3182,0,0,0,0,0
743,5545,744.2429124912446,99730,5761,3634,207,59,64451,34582,0.9930111300511381,3445,2173,12294,18327,23516,15371,4775,10434,48376,35835,0,0,3634,2543,12687,4035,15000,2874,3429,0,0,18608,33260,532,3128,0,0,0,0,0
744,5545,745.0498551161675,99729,5770,3566,208,59,65116,34971,1.0035897281633226,3437,2239,12114,18169,23788,15686,4681,10279,48378,35838,0,0,3569,2498,12520,4072,15261,2986,3469,0,0,18956,32785,522,3091,0,0,0,0,0
745,5545,746.1116328913024,99725,5828,3617,210,61,66044,35545,1.0186914013537227,3383,2247,11879,17972,24137,15995,4561,10106,48380,35841,0,0,3484,2431,12292,4132,15640,3126,3508,0,0,19300,32272,508,3032,0,0,0,0,0
746,5545,747.1571708465237,99722,5880,3662,213,61,66933,36138,1.033583361745653,3350,2193,11626,17773,24501,16376,4428,9933,48382,35844,0,0,3388,2368,12116,4186,15987,3250,3556,0,0,19701,31702,497,2971,0,0,0,0,0
747,5545,748.1868041665535,99717,5887,3637,217,62,67804,36693,1.0479356579118906,3363,2204,11393,17598,24837,16736,4301,9761,48384,35847,0,0,3294,2309,11932,4215,16341,3400,3603,0,0,20083,31131,488,2921,0,0,0,0,0
748,5545,749.2022165454686,99715,5842,3708,218,63,68621,37293,1.0621671764528908,3390,2105,11204,17440,25164,17079,4180,9603,48386,35850,0,0,3204,2247,11738,4271,16702,3543,3650,0,0,20422,30599,474,2865,0,0,0,0,0
749,5545,750.2053601880938,99713,5942,3706,219,64,69561,37821,1.0769107338060233,3380,2132,10943,17263,25464,17392,4050,9441,48388,35853,0,0,3113,2188,11552,4304,17075,3676,3702,0,0,20758,30078,465,2802,0,0,0,0,0
750,5545,751.1952754271717,99708,5866,3677,224,64,70376,38296,1.0899025153448068,3373,2128,10758,17119,25834,17705,3943,9305,48390,35856,0,0,3023,2123,11362,4356,17424,3820,3732,0,0,21087,29563,456,2762,0,0,0,0,0
751,5545,752.172560753582,99703,5866,3717,226,67,71161,38842,1.1033068212591397,3431,2080,10544,16968,26089,18015,3842,9151,48392,35859,0,0,2946,2074,11215,4395,17717,3982,3767,0,0,21361,29087,443,2716,0,0,0,0,0
752,5545,753.1392226796715,99698,5904,3696,231,67,72020,39336,1.1169331380769925,3347,2127,10357,16815,26413,18294,3746,8999,48394,35862,0,0,2875,2014,11030,4432,18072,4116,3791,0,0,21678,28583,427,2680,0,0,0,0,0
753,5545,754.0944091332152,99696,5856,3727,232,68,72789,39853,1.129854758465736,3352,2070,10202,16678,26713,18606,3643,8849,48396,35864,0,0,2795,1959,10868,4467,18415,4265,3832,0,0,21923,28118,420,2634,0,0,0,0,0
754,5545,755.0394075297148,99694,5837,3714,234,68,73542,40355,1.14246594579413,3359,2075,10028,16538,26993,18899,3547,8704,48398,35866,0,0,2736,1919,10695,4502,18767,4409,3837,0,0,22179,27652,411,2587,0,0,0,0,0
755,5545,756.2068833113292,99694,5792,3772,234,68,74495,40981,1.1583044114991876,3258,2044,9844,16359,27427,19205,3443,8550,48400,35868,0,0,2664,1859,10482,4544,19138,4622,3847,0,0,22484,27116,399,2539,0,0,0,0,0
756,5545,757.1296737847343,99691,5767,3743,235,70,75281,41432,1.170747610115256,3165,2077,9726,16215,27740,19474,3365,8419,48402,35870,0,0,2588,1813,10313,4576,19452,4797,3862,0,0,22705,26695,393,2497,0,0,0,0,0
757,5545,758.0435296206495,99686,5842,3684,238,72,76056,41897,1.1832453905262523,3090,2074,9592,16097,27963,19776,3273,8295,48404,35872,0,0,2527,1775,10168,4610,19749,4949,3874,0,0,22944,26252,386,2452,0,0,0,0,0
758,5545,759.1754593990539,99682,5815,3638,240,74,76944,42476,1.1980096707529946,3037,2033,9447,15952,28291,20153,3168,8148,48406,35874,0,0,2454,1713,9960,4664,20123,5146,3889,0,0,23247,25712,373,2401,0,0,0,0,0
759,5545,760.0727210825477,99678,5760,3616,244,74,77645,42929,1.209635024779791,3015,2054,9299,15819,28581,20410,3099,8025,48408,35876,0,0,2387,1670,9795,4688,20448,5298,3902,0,0,23456,25298,369,2367,0,0,0,0,0
760,5545,761.1831624066616,99674,5652,3642,247,75,78468,43517,1.2238397174789815,3011,2040,9156,15681,28912,20706,3020,7854,48410,35878,0,0,2309,1632,9598,4696,20869,5483,3931,0,0,23690,24800,347,2319,0,0,0,0,0
761,5545,762.0640192239983,99673,5624,3660,248,75,79170,43987,1.2356104461589397,2961,1968,9062,15597,29139,20950,2964,7748,48412,35880,0,0,2246,1596,9464,4709,21137,5670,3944,0,0,23840,24436,342,2289,0,0,0,0,0
762,5545,763.1573302473128,99671,5590,3636,250,75,79974,44524,1.2490895044697052,2966,1955,8977,15481,29333,21228,2882,7623,48414,35882,0,0,2176,1559,9292,4748,21488,5859,3951,0,0,24039,23974,330,2255,0,0,0,0,0
763,5545,764.0271181093165,99668,5525,3587,253,75,80606,44939,1.2596319781675163,2980,1998,8892,15387,29536,21455,2812,7496,48416,35884,0,0,2123,1515,9177,4795,21765,6017,3950,0,0,24213,23590,321,2202,0,0,0,0,0
764,5545,765.1078277158737,99667,5614,3576,253,76,81446,45467,1.2733703231761766,2929,1977,8768,15282,29699,21717,2735,7370,48417,35886,0,0,2084,1470,9006,4811,22092,6207,3953,0,0,24410,23155,313,2166,0,0,0,0,0
765,5545,766.1811945601049,99664,5498,3519,255,77,82182,45941,1.285549446139027,2936,1997,8641,15153,30000,22004,2668,7248,48418,35888,0,0,2026,1427,8844,4848,22417,6425,3946,0,0,24557,22751,299,2124,0,0,0,0,0
766,5545,767.033800955561,99663,5435,3494,255,78,82790,46375,1.2960175792420456,2880,1945,8588,15058,30232,22268,2608,7155,48419,35890,0,0,1969,1396,8717,4853,22682,6604,3968,0,0,24693,22396,290,2095,0,0,0,0,0
767,5545,768.0933764470777,99662,5402,3453,256,78,83568,46854,1.3086432140635347,2840,1907,8498,14999,30482,22516,2520,7045,48420,35892,0,0,1912,1345,8556,4879,23006,6811,3975,0,0,24830,22002,286,2060,0,0,0,0,0
768,5545,769.1458889869316,99660,5331,3428,257,79,84312,47365,1.321262291792093,2813,1897,8436,14912,30720,22776,2441,6906,48421,35894,0,0,1862,1306,8387,4901,23305,7031,3973,0,0,25021,21577,277,2020,0,0,0,0,0
769,5545,770.1918905758437,99658,5253,3374,259,79,85058,47851,1.3336510867165707,2783,1832,8366,14829,30941,23067,2396,6817,48422,35896,0,0,1808,1270,8240,4909,23609,7267,3972,0,0,25147,21181,269,1986,0,0,0,0,0
770,5545,771.0248556610304,99655,5255,3385,260,81,85683,48246,1.3439265465857206,2687,1789,8318,14749,31132,23259,2346,6735,48423,35898,0,0,1765,1241,8134,4919,23837,7445,3975,0,0,25211,20902,266,1960,0,0,0,0,0
771,5545,772.0602204383807,99655,5147,3400,260,81,86362,48737,1.3556670513270783,2670,1755,8237,14659,31402,23480,2282,6623,48424,35900,0,0,1720,1205,7990,4933,24126,7668,3948,0,0,25313,20570,256,1926,0,0,0,0,0
772,5545,773.0888689526663,99651,5088,3386,263,82,87070,49213,1.3676029342404994,2598,1729,8209,14564,31626,23722,2214,6515,48425,35902,0,0,1681,1169,7860,4935,24434,7888,3934,0,0,25376,20235,249,1890,0,0,0,0,0
773,5545,774.1123156658796,99649,4941,3305,264,83,87703,49650,1.3783680719324831,2574,1711,8173,14489,31880,23995,2166,6415,48426,35904,0,0,1634,1131,7734,4936,24712,8145,3935,0,0,25429,19905,243,1845,0,0,0,0,0
774,5545,775.1312060552472,99647,4906,3256,265,84,88377,50097,1.3896454484329683,2518,1648,8116,14405,32087,24266,2106,6339,48427,35906,0,0,1596,1102,7616,4940,25014,8349,3918,0,0,25485,19575,234,1818,0,0,0,0,0
775,5545,776.1452918138492,99645,4831,3224,265,86,89004,50517,1.4001806412765316,2456,1640,8063,14315,32316,24467,2067,6266,48428,35908,0,0,1554,1072,7513,4959,25233,8567,3910,0,0,25583,19241,228,1785,0,0,0,0,0
776,5545,777.1541745925011,99642,4751,3137,267,87,89631,50926,1.4106200196704202,2377,1628,8028,14247,32558,24713,2017,6186,48429,35910,0,0,1512,1037,7378,4960,25516,8780,3899,0,0,25662,18918,221,1759,0,0,0,0,0
777,5545,778.1586857998589,99638,4687,3123,271,87,90239,51353,1.4210642525943917,2347,1592,7972,14196,32749,24908,1972,6092,48430,35912,0,0,1466,1010,7265,4971,25760,8987,3891,0,0,25706,18634,220,1728,0,0,0,0,0
778,5545,779.1591339524709,99638,4637,3078,271,87,90829,51747,1.4309400028101729,2282,1569,7962,14141,32905,25112,1941,6011,48431,35914,0,0,1435,987,7170,4977,25955,9218,3876,0,0,25758,18352,214,1696,0,0,0,0,0
779,5545,780.1566279495411,99638,4531,3021,271,87,91398,52101,1.4402035368032278,2273,1556,7947,14113,33070,25287,1906,5934,48432,35916,0,0,1401,966,7081,4979,26176,9435,3855,0,0,25796,18077,208,1664,0,0,0,0,0
780,5545,781.1509450655691,99637,4427,2941,272,87,91945,52461,1.4493210353583508,2229,1564,7919,14081,33276,25480,1875,5845,48433,35918,0,0,1373,944,6987,4984,26368,9670,3831,0,0,25851,17793,204,1632,0,0,0,0,0
781,5545,782.141712682464,99637,4408,2956,272,87,92523,52865,1.4591768118269317,2179,1530,7880,14046,33423,25605,1836,5774,48434,35920,0,0,1347,930,6903,4983,26529,9898,3806,0,0,25888,17548,199,1606,0,0,0,0,0
782,5545,783.1292347080625,99636,4395,2887,272,88,93110,53225,1.4686960536352323,2080,1542,7871,14013,33575,25766,1805,5702,48435,35922,0,0,1311,910,6814,4978,26736,10108,3801,0,0,25914,17288,196,1580,0,0,0,0,0
783,5545,784.1142392967402,99633,4263,2870,274,89,93609,53621,1.4777232443066053,2087,1478,7867,13964,33740,25958,1767,5639,48436,35924,0,0,1278,887,6723,4999,26943,10323,3785,0,0,25924,17032,192,1547,0,0,0,0,0
784,5545,785.0965769270895,99631,4152,2839,276,89,94120,53981,1.4864951671668456,2029,1445,7873,13950,33923,26117,1745,5558,48437,35926,0,0,1254,860,6613,5015,27156,10528,3753,0,0,25937,16796,188,1531,0,0,0,0,0
785,5545,786.0766177842579,99629,4165,2810,277,90,94647,54338,1.4953979263065975,2027,1415,7855,13947,33966,26255,1708,5481,48438,35928,0,0,1225,844,6523,5014,27366,10696,3735,0,0,25948,16578,184,1516,0,0,0,0,0
786,5545,787.0549055616392,99628,4040,2749,277,91,95123,54670,1.5035231059541494,2036,1381,7839,13942,34125,26417,1681,5418,48439,35930,0,0,1195,827,6461,5027,27551,10902,3706,0,0,25942,16338,177,1502,0,0,0,0,0
787,5545,788.0313629056994,99628,3969,2658,277,91,95631,54988,1.5118139478861363,1994,1365,7842,13936,34278,26583,1638,5365,48440,35932,0,0,1176,808,6375,5040,27728,11134,3671,0,0,25915,16125,173,1483,0,0,0,0,0
788,5545,789.0052554211597,99627,3853,2602,277,92,96104,55321,1.5199192989852148,1997,1375,7830,13897,34425,26725,1616,5307,48441,35934,0,0,1143,795,6283,5016,27968,11329,3657,0,0,25882,15925,169,1460,0,0,0,0,0
789,5545,790.1713586624344,99623,3781,2580,280,93,96681,55718,1.5297571845858888,1964,1390,7820,13869,34556,26841,1597,5225,48442,35936,0,0,1113,774,6195,5001,28186,11565,3640,0,0,25857,15691,166,1435,0,0,0,0,0
790,5545,791.1409548833536,99621,3730,2578,281,94,97151,56060,1.5379387880065447,1936,1315,7826,13869,34651,26979,1574,5163,48443,35938,0,0,1080,765,6122,5001,28331,11757,3623,0,0,25856,15504,162,1420,0,0,0,0,0
791,5545,792.1096991698486,99618,3680,2507,283,95,97595,56360,1.5454536328775923,1920,1301,7827,13848,34730,27138,1558,5109,48444,35940,0,0,1060,749,6063,4992,28476,11945,3601,0,0,25878,15296,153,1405,0,0,0,0,0
792,5545,793.0772444312055,99617,3687,2470,283,96,98056,56689,1.5533995201622213,1842,1275,7842,13839,34808,27262,1536,5056,48445,35942,0,0,1039,736,5991,4980,28660,12117,3591,0,0,25855,15115,150,1383,0,0,0,0,0
793,5545,794.0437768433635,99615,3611,2404,285,96,98486,56969,1.5605581488731617,1811,1261,7858,13835,34923,27397,1510,5005,48446,35944,0,0,1021,724,5925,4972,28792,12319,3571,0,0,25862,14918,146,1365,0,0,0,0,0
794,5545,795.0089638716606,99613,3545,2327,287,96,98913,57270,1.567897764348027,1766,1238,7893,13836,35026,27549,1481,4952,48447,35946,0,0,993,704,5861,4965,28940,12518,3567,0,0,25852,14725,144,1344,0,0,0,0,0
795,5545,796.1661286267805,99611,3500,2295,287,98,99436,57600,1.5764925560430072,1720,1226,7924,13842,35114,27646,1453,4891,48448,35948,0,0,974,691,5788,4947,29093,12748,3545,0,0,25827,14533,141,1324,0,0,0,0,0
796,5545,797.1299291583643,99611,3458,2278,287,98,99864,57894,1.583740751523426,1668,1191,7976,13838,35176,27751,1433,4842,48449,35950,0,0,950,674,5722,4946,29189,12947,3532,0,0,25826,14368,139,1318,0,0,0,0,0
797,5545,798.0932211499717,99609,3364,2240,289,98,100230,58153,1.5900470840988263,1675,1190,8015,13857,35250,27828,1405,4785,48450,35952,0,0,930,659,5668,4953,29315,13125,3509,0,0,25801,14214,136,1299,0,0,0,0,0
798,5545,799.0559502604617,99608,3272,2232,290,98,100599,58469,1.59694000481889,1655,1116,8063,13849,35333,27971,1385,4732,48451,35954,0,0,916,650,5607,4958,29459,13316,3483,0,0,25755,14051,134,1279,0,0,0,0,0
799,5545,800.0184089327506,99607,3249,2183,291,98,100976,58733,1.6033913279187206,1638,1084,8087,13860,35362,28070,1371,4703,48452,35956,0,0,898,643,5552,4947,29585,13487,3470,0,0,25735,13895,132,1263,0,0,0,0,0
800,5545,801.1731761303978,99605,3147,2090,291,100,101416,59003,1.6105516791325736,1605,1118,8123,13862,35486,28183,1346,4645,48453,35958,0,0,873,632,5480,4930,29734,13713,3459,0,0,25687,13724,128,1245,0,0,0,0,0
801,5545,802.1349137926577,99605,3138,2075,291,100,101800,59280,1.6171878921740876,1562,1072,8156,13897,35524,28257,1327,4597,48454,35960,0,0,855,625,5434,4919,29851,13882,3445,0,0,25641,13592,126,1235,0,0,0,0,0
802,5545,803.0966104648693,99603,3100,2036,292,101,102177,59557,1.6237864321355782,1489,1020,8205,13902,35602,28387,1310,4552,48455,35962,0,0,838,617,5381,4918,29954,14084,3427,0,0,25575,13463,124,1222,0,0,0,0,0
803,5545,804.0574930914684,99603,3015,1990,292,101,102505,59777,1.6292882744495647,1477,1018,8211,13939,35710,28446,1293,4504,48456,35964,0,0,820,613,5339,4908,30034,14266,3413,0,0,25544,13330,124,1212,0,0,0,0,0
804,5545,805.0173640175236,99603,2922,1953,292,101,102839,60028,1.6351615915183277,1441,1004,8269,13940,35794,28540,1280,4460,48457,35966,0,0,804,606,5294,4880,30146,14444,3399,0,0,25530,13182,122,1196,0,0,0,0,0
805,5545,806.1689305444858,99603,2879,1891,292,101,103244,60293,1.641888296537253,1418,985,8313,13981,35834,28628,1262,4412,48458,35968,0,0,792,592,5239,4875,30269,14635,3381,0,0,25487,13029,122,1182,0,0,0,0,0
806,5545,807.1284945966306,99600,2821,1892,294,102,103578,60536,1.647730923694779,1371,950,8349,13999,35912,28676,1251,4379,48459,35969,0,0,779,585,5188,4856,30350,14799,3368,0,0,25481,12896,120,1178,0,0,0,0,0
807,5545,808.0876268203839,99597,2776,1867,296,103,103914,60770,1.6535036195869353,1341,907,8411,14025,35941,28745,1233,4351,48460,35970,0,0,769,576,5128,4853,30479,14949,3346,0,0,25422,12785,119,1171,0,0,0,0,0
808,5545,809.0469753101313,99596,2681,1811,297,103,104221,60992,1.658831679987148,1363,877,8424,14044,36014,28843,1219,4320,48461,35971,0,0,754,564,5076,4849,30575,15128,3338,0,0,25385,12655,116,1156,0,0,0,0,0
809,5545,810.0057343899493,99593,2603,1750,298,105,104534,61191,1.6640225718675008,1361,871,8462,14068,36072,28919,1202,4285,48462,35972,0,0,745,556,5045,4832,30665,15305,3316,0,0,25330,12541,112,1146,0,0,0,0,0
810,5545,811.1564796247067,99592,2519,1717,298,106,104901,61444,1.6702646798939673,1327,823,8504,14094,36161,29013,1189,4245,48463,35973,0,0,730,543,5000,4828,30735,15517,3297,0,0,25283,12416,111,1132,0,0,0,0,0
811,5545,812.1150359078712,99591,2488,1687,299,106,105221,61658,1.6756433814300489,1275,807,8565,14120,36195,29063,1176,4215,48464,35974,0,0,725,533,4959,4816,30802,15681,3280,0,0,25259,12306,109,1121,0,0,0,0,0
812,5545,813.0739086818196,99590,2459,1664,300,106,105529,61861,1.6807912441008133,1237,792,8624,14166,36217,29104,1161,4166,48465,35975,0,0,716,530,4925,4798,30873,15846,3268,0,0,25204,12210,109,1111,0,0,0,0,0
813,5545,814.0335292843009,99588,2403,1628,301,107,105830,62060,1.6858456842189822,1191,745,8673,14240,36279,29150,1151,4128,48466,35976,0,0,712,520,4877,4788,30939,16022,3248,0,0,25158,12115,108,1101,0,0,0,0,0
814,5545,815.1854322244438,99587,2358,1575,302,107,106163,62279,1.6914055047345538,1174,729,8757,14288,36271,29215,1136,4084,48467,35977,0,0,704,506,4827,4773,31062,16175,3234,0,0,25115,11997,107,1087,0,0,0,0,0
815,5545,816.1463474706665,99586,2336,1511,303,107,106436,62435,1.6957303235394534,1159,752,8804,14342,36268,29234,1128,4052,48468,35978,0,0,694,501,4801,4757,31142,16306,3226,0,0,25063,11907,107,1082,0,0,0,0,0
816,5545,817.1081220793435,99586,2313,1483,303,107,106715,62618,1.700369529853594,1142,753,8845,14364,36275,29263,1120,4028,48469,35979,0,0,686,499,4765,4742,31216,16452,3209,0,0,25004,11830,105,1078,0,0,0,0,0
817,5545,818.0703111484088,99584,2294,1454,304,108,107000,62795,1.7050429787917738,1104,761,8886,14389,36301,29289,1109,3997,48470,35980,0,0,678,495,4743,4723,31269,16601,3192,0,0,24967,11741,104,1071,0,0,0,0,0
818,5545,819.0322631443777,99583,2220,1440,305,108,107269,62973,1.7095488185734513,1083,760,8927,14428,36370,29296,1093,3966,48471,35981,0,0,672,486,4713,4717,31320,16752,3176,0,0,24926,11652,102,1067,0,0,0,0,0
819,5545,820.1866093458533,99581,2202,1377,305,110,107588,63179,1.7148552434701398,1046,743,8993,14487,36368,29359,1084,3922,48472,35982,0,0,662,481,4664,4694,31415,16913,3165,0,0,24883,11542,100,1062,0,0,0,0,0
820,5545,821.1495374206787,99581,2144,1368,305,110,107823,63338,1.71881182153222,1053,726,9056,14555,36372,29351,1068,3888,48473,35983,0,0,653,477,4641,4681,31463,17041,3151,0,0,24849,11470,99,1056,0,0,0,0,0
821,5545,822.1132548490156,99581,2132,1343,305,110,108099,63493,1.7231399564173888,1003,727,9119,14616,36382,29347,1057,3855,48474,35984,0,0,646,476,4611,4669,31494,17184,3131,0,0,24828,11393,99,1050,0,0,0,0,0
822,5545,823.0776224373423,99580,2094,1358,306,110,108331,63674,1.727304679654549,1000,705,9172,14672,36386,29328,1040,3825,48475,35985,0,0,641,472,4584,4659,31536,17312,3118,0,0,24799,11319,99,1041,0,0,0,0,0
823,5545,824.0423997954447,99580,2022,1334,306,110,108553,63850,1.731301466157863,1000,694,9237,14725,36400,29341,1033,3794,48476,35986,0,0,634,467,4554,4643,31609,17440,3104,0,0,24778,11227,96,1028,0,0,0,0,0
824,5545,825.0076362985372,99576,1953,1338,308,112,108793,64028,1.7355688117618704,987,664,9279,14768,36447,29342,1024,3774,48477,35987,0,0,626,466,4525,4619,31643,17595,3089,0,0,24750,11151,95,1017,0,0,0,0,0
825,5545,826.1660077660305,99576,1922,1313,308,112,109083,64220,1.7404093355828714,936,646,9369,14826,36449,29369,1014,3732,48478,35988,0,0,622,458,4494,4603,31711,17739,3069,0,0,24715,11068,90,1007,0,0,0,0,0
826,5545,827.1324739516206,99576,1917,1312,308,112,109331,64391,1.7446171768297583,923,635,9432,14868,36419,29370,999,3701,48479,35989,0,0,618,451,4467,4589,31748,17868,3062,0,0,24694,10996,89,994,0,0,0,0,0
827,5545,828.1001831604625,99576,1875,1292,308,112,109552,64538,1.7483128464690287,890,633,9520,14929,36411,29356,994,3676,48480,35990,0,0,612,443,4435,4589,31813,17984,3045,0,0,24637,10938,88,992,0,0,0,0,0
828,5545,829.0690962955418,99575,1812,1258,308,113,109754,64685,1.7518353000251068,877,602,9605,14980,36411,29392,985,3653,48481,35991,0,0,600,440,4413,4574,31847,18112,3035,0,0,24614,10868,88,984,0,0,0,0,0
829,5545,830.0392097615596,99574,1769,1248,308,114,109956,64840,1.755438166589672,860,567,9686,15031,36397,29406,978,3632,48482,35992,0,0,594,435,4391,4551,31904,18226,3027,0,0,24576,10809,87,974,0,0,0,0,0
830,5545,831.0108909664881,99574,1761,1216,308,114,110161,64996,1.7590636109827866,845,558,9755,15061,36362,29442,967,3607,48483,35993,0,0,590,434,4370,4531,31978,18326,3016,0,0,24539,10739,87,964,0,0,0,0,0
831,5545,832.178648032506,99574,1729,1189,308,114,110423,65164,1.7633820073513167,807,539,9815,15146,36380,29440,959,3570,48484,35994,0,0,585,429,4336,4512,32001,18488,3008,0,0,24506,10666,86,957,0,0,0,0,0
832,5545,833.1521010312794,99573,1675,1129,309,114,110618,65273,1.766452753256405,832,548,9849,15205,36383,29451,950,3551,48485,35995,0,0,582,426,4313,4499,32044,18607,2999,0,0,24486,10581,85,951,0,0,0,0,0
833,5545,834.1262697436093,99572,1614,1103,310,114,110791,65394,1.769423131000683,827,550,9904,15264,36401,29434,942,3533,48486,35996,0,0,577,422,4297,4487,32088,18717,2982,0,0,24441,10528,84,949,0,0,0,0,0
834,5545,835.1012439017217,99571,1586,1059,311,114,110987,65521,1.7726848178686565,818,546,9977,15319,36370,29450,936,3510,48487,35997,0,0,571,417,4262,4480,32136,18833,2971,0,0,24397,10476,83,945,0,0,0,0,0
835,5545,836.0774069744048,99569,1555,1046,312,115,111192,65636,1.775934276732718,777,544,10045,15363,36379,29435,930,3495,48488,35998,0,0,561,415,4235,4477,32169,18937,2961,0,0,24360,10429,82,943,0,0,0,0,0
836,5545,837.054562214504,99568,1525,1036,312,116,111392,65758,1.7791860838823719,734,531,10136,15422,36366,29418,925,3475,48489,35999,0,0,559,409,4217,4470,32175,19065,2946,0,0,24315,10390,82,940,0,0,0,0,0
837,5545,838.0328072171123,99568,1500,1013,312,116,111591,65863,1.7822392736622208,694,534,10205,15480,36368,29402,919,3453,48490,36000,0,0,552,403,4199,4454,32212,19160,2945,0,0,24305,10327,80,931,0,0,0,0,0
838,5545,839.0119762128547,99568,1451,982,312,116,111758,66002,1.7853125502169371,705,528,10264,15529,36357,29418,909,3425,48491,36001,0,0,545,400,4181,4450,32275,19254,2934,0,0,24263,10264,80,922,0,0,0,0,0
839,5545,840.1884045687566,99567,1444,970,313,116,111990,66140,1.7890465716552673,674,511,10345,15612,36318,29396,904,3393,48492,36002,1,1,541,399,4161,4428,32310,19373,2921,0,0,24233,10203,80,917,0,0,1,0,0
840,5545,841.1704110580722,99567,1411,926,313,116,112157,66248,1.7918085309389657,670,500,10424,15675,36286,29407,894,3374,48493,36003,2,2,538,395,4144,4421,32343,19475,2910,0,0,24203,10146,80,911,0,0,1,0,0
841,5545,842.1542755074396,99566,1394,927,314,116,112322,66382,1.7948295602916657,651,473,10500,15747,36250,29384,889,3351,48494,36004,3,3,530,394,4129,4411,32362,19564,2906,0,0,24187,10093,79,908,0,2,1,0,0
842,5545,843.1394667914802,99566,1345,923,314,116,112482,66494,1.7975614165478175,644,450,10584,15826,36229,29346,882,3337,48495,36005,4,4,525,393,4116,4401,32373,19666,2897,0,0,24170,10044,74,904,0,2,1,0,0
843,5545,844.1259938199756,99566,1313,909,314,116,112635,66606,1.8002229676797301,626,449,10663,15884,36203,29326,879,3314,48496,36006,5,5,521,387,4097,4398,32425,19747,2888,0,0,24120,10006,74,899,0,3,1,0,0
844,5545,845.1139113190848,99566,1297,900,314,116,112801,66728,1.8031155213627141,593,433,10750,15957,36172,29300,872,3292,48497,36007,6,6,519,384,4081,4387,32449,19842,2881,0,0,24093,9957,74,895,0,3,1,0,0
845,5545,846.1035520391248,99565,1256,879,315,116,112952,66822,1.8055943353588109,578,435,10828,16024,36150,29266,871,3278,48498,36008,7,7,515,380,4072,4391,32476,19932,2868,0,0,24039,9924,72,891,0,4,1,0,0
846,5545,847.0946588859448,99564,1206,870,316,116,113090,66925,1.8080330239845728,596,431,10903,16102,36111,29216,866,3263,48499,36009,8,8,509,374,4054,4399,32506,20019,2851,0,0,24003,9886,71,886,0,5,1,0,0
847,5545,848.0873318681352,99563,1199,872,317,116,113255,67029,1.8107529905687856,555,405,11006,16154,36061,29204,860,3247,48500,36010,9,9,505,371,4038,4378,32537,20100,2848,0,0,23974,9851,71,882,0,6,1,0,1
848,5545,849.081949802781,99563,1171,860,317,116,113391,67136,1.8131936562779345,549,407,11099,16227,36008,29163,854,3225,48501,36011,10,10,499,369,4027,4367,32573,20182,2840,0,0,23936,9813,71,878,0,6,1,0,1
849,5545,850.0786423585243,99562,1148,845,318,116,113536,67237,1.8156826901830017,542,385,11191,16306,35949,29127,850,3219,48502,36012,11,11,498,368,4009,4358,32605,20267,2835,0,0,23898,9770,69,876,0,6,1,0,2
850,5545,851.0775915968038,99562,1119,814,318,116,113671,67328,1.8179526325304836,537,376,11294,16384,35885,29103,845,3205,48503,36013,12,12,496,367,3990,4346,32610,20369,2830,0,0,23867,9736,69,871,0,7,2,0,2
851,5545,852.0789120558791,99562,1120,803,318,116,113818,67418,1.8203330587975333,519,373,11380,16440,35817,29076,844,3190,48504,36014,14,14,492,367,3977,4346,32620,20451,2815,0,0,23838,9707,68,869,0,7,2,0,3
852,5545,853.0823033331363,99562,1091,774,318,116,113943,67515,1.8225628251742634,525,357,11459,16501,35760,29073,845,3177,48505,36015,16,16,489,366,3963,4343,32636,20540,2806,0,0,23799,9673,67,866,0,9,2,0,3
853,5545,854.0881850337454,99562,1087,773,318,116,114082,67629,1.8251039553243205,496,337,11552,16574,35702,29042,843,3156,48506,36016,19,18,485,362,3952,4345,32663,20617,2791,0,0,23765,9635,67,864,0,10,2,0,4
854,5545,855.0960371950952,99560,1026,757,320,116,114192,67718,1.8271394134190437,508,327,11653,16635,35648,29013,843,3150,48507,36017,23,21,483,359,3933,4333,32685,20698,2785,0,0,23740,9593,67,863,0,13,3,0,5
855,5545,856.1062326199457,99559,1023,750,321,116,114321,67805,1.8293273335409155,494,324,11742,16712,35576,28961,842,3135,48508,36018,28,25,481,356,3919,4322,32700,20775,2779,0,0,23713,9561,67,860,0,16,3,0,7
856,5545,857.1188507491686,99559,1008,737,321,116,114461,67891,1.8315973442883116,488,294,11822,16812,35521,28913,838,3126,48509,36019,34,30,480,354,3900,4313,32732,20853,2770,0,0,23677,9528,67,855,0,18,4,0,8
857,5545,858.1332958369292,99559,1006,706,321,116,114599,67964,1.8337166906055706,463,295,11891,16889,35479,28874,838,3118,48510,36020,42,36,479,353,3885,4306,32726,20940,2764,0,0,23666,9485,67,851,0,22,5,0,10
858,5545,859.1494582463895,99559,984,638,321,116,114728,68025,1.835625106720638,451,321,11964,16949,35437,28861,841,3113,48511,36021,51,43,477,350,3871,4309,32730,21038,2748,0,0,23639,9442,67,848,0,24,5,0,11
859,5545,860.1673967596912,99559,912,593,321,116,114835,68102,1.8374732570636507,436,323,12056,17027,35432,28831,841,3108,48512,36022,63,51,474,350,3854,4292,32744,21136,2740,0,0,23615,9395,66,843,0,30,7,0,13
860,5545,861.187151692308,99559,891,574,321,116,114944,68178,1.8393314517020058,430,308,12154,17093,35355,28798,847,3109,48513,36023,77,61,473,349,3844,4288,32757,21210,2726,0,0,23579,9370,65,839,2,36,8,0,13
861,5545,862.0047671496786,99559,855,558,321,116,115026,68233,1.840707520163923,417,311,12223,17145,35327,28750,855,3118,48514,36024,94,73,469,346,3836,4282,32763,21280,2720,0,0,23540,9350,65,837,2,42,10,0,17
862,5545,863.0285334357035,99559,823,561,321,116,115141,68311,1.8426460691650177,401,305,12298,17212,35287,28677,868,3127,48515,36025,115,87,467,345,3823,4271,32771,21359,2715,0,0,23511,9313,65,834,2,50,11,0,22
863,5545,864.0542247580868,99559,804,563,321,116,115233,68394,1.8444038208499483,390,286,12387,17277,35216,28616,880,3140,48516,36026,140,103,467,345,3812,4258,32767,21437,2710,0,0,23483,9283,64,834,2,61,11,0,25
864,5545,865.0828401634509,99558,800,579,322,116,115339,68469,1.8462403824906084,393,276,12490,17359,35099,28514,894,3154,48517,36027,170,122,463,344,3801,4249,32775,21497,2704,0,0,23451,9256,64,832,2,72,16,0,32
865,5545,866.1142620499081,99558,781,553,322,116,115437,68548,1.8480182406235561,384,269,12571,17436,35028,28450,912,3174,48518,36028,206,143,460,343,3789,4243,32762,21589,2697,0,0,23420,9217,64,828,2,87,20,0,37
866,5545,867.1483676137786,99557,769,555,323,116,115535,68627,1.8498146790280945,387,249,12643,17515,34942,28368,934,3195,48519,36029,248,168,460,341,3780,4234,32741,21670,2690,0,0,23396,9178,63,824,2,116,22,0,40
867,5545,868.185291657319,99557,763,541,323,116,115647,68699,1.8516628664985888,360,227,12722,17586,34872,28300,958,3228,48520,36030,297,196,457,335,3766,4231,32725,21753,2688,0,0,23358,9142,63,818,3,142,28,0,48
868,5545,869.0169429557402,99557,736,528,323,116,115718,68752,1.852908384141748,361,229,12823,17618,34774,28239,981,3268,48521,36031,354,228,456,333,3754,4226,32706,21832,2683,0,0,23323,9099,63,815,5,162,33,0,67
869,5545,870.060089353057,99555,736,502,325,116,115815,68804,1.854442268093014,351,231,12910,17694,34664,28140,1012,3315,48522,36032,420,265,454,331,3739,4218,32688,21923,2682,0,0,23266,9066,63,811,6,188,42,0,78
870,5545,871.1070458317232,99555,712,481,325,116,115906,68875,1.8560695093164583,327,225,13029,17765,34551,28045,1054,3366,48523,36033,496,307,451,331,3721,4213,32668,22023,2676,0,0,23202,9027,62,808,8,222,50,0,93
871,5545,872.1580591276236,99554,711,458,325,117,115996,68923,1.8574743355364927,314,229,13124,17822,34426,27937,1098,3435,48524,36034,583,354,449,328,3705,4200,32633,22126,2675,0,0,23144,8996,62,807,9,260,53,0,107
872,5545,873.001789842338,99554,689,448,325,117,116052,68972,1.8585290395162424,309,224,13187,17881,34337,27812,1151,3516,48525,36035,682,407,445,328,3697,4191,32607,22208,2674,0,0,23074,8967,62,804,10,312,57,0,118
873,5545,874.0598429200925,99554,664,439,325,117,116131,69026,1.8598649978905921,305,221,13274,17917,34231,27692,1199,3612,48526,36036,794,466,445,328,3672,4184,32567,22317,2668,0,0,23002,8929,62,801,10,367,68,0,134
874,5545,875.1215633356167,99554,666,427,325,117,116236,69081,1.8614721658597344,274,223,13365,17955,34112,27562,1256,3714,48527,36037,921,532,445,325,3657,4182,32490,22445,2660,0,0,22942,8876,62,798,12,421,76,0,163
875,5545,876.1875584049907,99554,651,432,325,117,116306,69141,1.8627779898346626,294,209,13438,17982,33968,27424,1322,3834,48528,36038,1063,605,443,324,3639,4186,32420,22563,2655,0,0,22857,8831,62,793,17,483,86,0,195
876,5545,877.0436432348429,99553,641,414,326,117,116370,69185,1.863881550530873,273,201,13514,17989,33845,27307,1399,3970,48529,36039,1222,686,442,323,3619,4192,32321,22701,2648,0,0,22786,8781,62,791,18,546,98,0,225
877,5545,878.1184564490819,99553,631,390,326,117,116446,69232,1.8651170733177302,263,198,13591,18007,33710,27166,1477,4120,48530,36040,1399,775,440,322,3596,4187,32242,22846,2643,0,0,22699,8731,62,787,21,616,110,0,251
878,5545,879.1978014386508,99553,596,400,326,117,116502,69298,1.8663425512038814,271,185,13648,18037,33589,26972,1568,4287,48531,36041,1596,873,439,317,3575,4197,32157,22977,2629,0,0,22591,8689,61,775,29,710,126,0,281
879,5545,880.0645158635307,99553,592,405,326,117,116566,69341,1.86741735557944,267,178,13694,18015,33451,26804,1668,4479,48532,36042,1814,980,437,314,3553,4189,32050,23125,2628,0,0,22477,8646,61,771,32,815,143,0,312
880,5545,881.152605764746,99553,567,404,326,117,116633,69397,1.8686528783662975,256,173,13769,18027,33308,26599,1772,4678,48533,36043,2053,1097,437,312,3529,4186,31917,23302,2622,0,0,22385,8567,61,765,36,908,162,0,364
881,5545,882.026987020339,99553,554,390,326,117,116682,69434,1.8695167398270267,257,179,13812,18009,33155,26403,1894,4900,48534,36044,2315,1224,436,312,3505,4178,31818,23453,2620,0,0,22246,8498,61,757,42,1028,180,0,419
882,5545,883.1253214706793,99553,537,375,326,117,116754,69479,1.870691993209647,258,188,13869,17985,32986,26182,2022,5151,48535,36045,2601,1362,435,311,3468,4164,31694,23637,2616,0,0,22114,8429,61,751,44,1153,208,0,468
883,5545,884.0085132050419,99553,527,372,326,117,116805,69517,1.871585989372495,271,178,13888,17957,32816,25949,2170,5425,48536,36046,2912,1511,434,308,3438,4160,31551,23816,2610,0,0,21993,8354,61,745,50,1273,232,0,528
884,5545,885.1189176861546,99553,515,376,326,117,116879,69571,1.872871736662883,254,160,13939,17913,32645,25705,2319,5727,48537,36047,3249,1672,431,308,3407,4154,31372,24040,2609,0,0,21844,8279,60,740,55,1407,256,0,591
885,5545,886.0118700448758,99553,517,365,326,117,116941,69608,1.8738661818327926,234,161,13998,17859,32444,25444,2479,6052,48538,36048,3612,1845,430,304,3380,4154,31199,24252,2607,0,0,21679,8220,60,727,64,1564,279,0,634
886,5545,887.1353915008315,99553,482,360,326,117,117006,69654,1.874981165811176,235,150,14028,17822,32278,25164,2649,6385,48539,36049,4002,2030,426,303,3336,4151,31011,24492,2604,0,0,21504,8133,60,719,71,1724,314,0,705
887,5545,888.039153264752,99553,479,336,326,117,117065,69680,1.8758349823711993,230,158,14073,17738,32057,24883,2833,6766,48540,36050,4419,2228,425,300,3301,4150,30813,24731,2599,0,0,21329,8055,60,712,76,1893,341,0,768
888,5545,889.1769919981507,99553,443,321,326,117,117128,69729,1.8769600112502889,219,151,14129,17664,31853,24587,3028,7158,48541,36051,4863,2439,425,298,3266,4146,30620,24986,2590,0,0,21102,7957,59,706,81,2103,367,0,847
889,5545,890.0934099553309,99553,415,314,326,117,117169,69768,1.8777636033067813,221,142,14166,17548,31630,24286,3240,7591,48542,36052,5334,2663,425,296,3235,4145,30398,25254,2583,0,0,20888,7863,58,700,85,2295,395,0,933
890,5545,891.0165299217066,99553,417,300,326,117,117228,69789,1.8785671953632739,210,138,14197,17448,31385,23948,3463,8047,48543,36053,5832,2900,425,296,3206,4142,30150,25539,2577,0,0,20662,7754,58,693,88,2506,423,0,1034
891,5545,892.1801531084001,99553,414,298,326,117,117296,69822,1.8795817303345956,196,154,14234,17354,31133,23572,3695,8503,48544,36054,6356,3151,425,295,3167,4139,29879,25844,2573,0,0,20434,7658,58,686,94,2723,458,0,1120
892,5545,893.1181163070589,99553,411,298,326,117,117349,69856,1.8804556366960312,183,150,14227,17208,30908,23231,3943,8994,48545,36055,6905,3415,424,294,3119,4125,29625,26137,2573,0,0,20193,7549,58,677,103,2947,503,0,1226
893,5545,894.0630707855128,99553,389,282,326,117,117397,69883,1.881209004248993,177,148,14234,17048,30667,22905,4205,9498,48546,36056,7478,3693,423,294,3065,4122,29363,26435,2570,0,0,19960,7416,58,665,114,3175,552,0,1341
894,5545,895.0159613994192,99553,387,286,326,117,117443,69920,1.882042731007604,166,148,14247,16910,30398,22516,4474,10021,48547,36057,8073,3984,422,292,3012,4120,29068,26760,2567,0,0,19695,7320,58,657,122,3430,601,0,1429
895,5545,896.2182734247468,99553,362,274,326,117,117487,69960,1.882886502666921,168,135,14284,16757,30113,22146,4745,10569,48548,36058,8689,4288,422,292,2971,4115,28752,27112,2563,0,0,19426,7192,58,647,131,3690,641,0,1541
896,5545,897.1887925449889,99552,346,277,326,118,117524,69998,1.8836587913854066,173,126,14277,16593,29836,21754,5040,11130,48549,36059,9324,4604,420,292,2926,4113,28433,27462,2561,0,0,19142,7059,58,642,136,3959,683,0,1666
897,5545,898.168639373215,99552,334,276,326,118,117570,70035,1.8844925265188042,161,116,14282,16405,29551,21379,5344,11704,48550,36060,9976,4933,419,292,2883,4112,28110,27819,2558,0,0,18844,6926,58,629,149,4244,724,0,1785
898,5545,899.1582571329255,99552,332,265,326,118,117616,70064,1.8852459016393444,150,105,14276,16255,29257,20967,5657,12288,48551,36061,10642,5274,417,290,2831,4113,27772,28185,2557,0,0,18537,6815,58,619,159,4545,772,0,1882
899,5545,900.1579603080622,99552,330,253,326,118,117648,70081,1.8857381067180972,168,133,14345,16299,29185,20943,5644,12252,48551,36061,10642,5274,417,290,2829,4112,27767,28211,2556,0,0,18528,6808,58,619,159,4545,772,0,1881
900,5545,900.1579603080622,99552,327,255,326,118,117657,70092,1.885939006750241,173,128,14253,16038,28932,20581,5987,12878,48551,36061,11321,5626,416,290,2784,4111,27414,28570,2556,1,1,18234,6700,58,606,172,4834,817,0,1988
901,5545,901.1685493527963,99552,329,259,326,118,117697,70130,1.8867225168756028,177,123,14257,15880,28596,20144,6313,13474,48551,36061,12010,5988,415,290,2729,4108,27088,28927,2553,2,11,17889,6584,58,599,179,5157,869,0,2094
902,5545,902.1906290894207,99551,312,241,326,119,117728,70152,1.8872738596297376,181,133,14243,15699,28285,19717,6651,14089,48551,36061,12706,6360,415,290,2675,4101,26755,29300,2551,2,26,17554,6457,58,593,185,5469,915,0,2205
903,5545,903.2240521461187,99551,314,231,326,119,117778,70184,1.8880975580355797,170,127,14202,15534,27990,19281,6996,14706,48551,36061,13407,6741,415,289,2628,4098,26364,29721,2548,2,33,17238,6338,58,589,189,5767,957,1,2316
904,5545,904.0068191632636,99551,308,226,326,119,117808,70207,1.8886299484686242,185,125,14151,15295,27674,18884,7354,15349,48551,36061,14110,7131,414,289,2580,4094,25998,30107,2547,3,45,16910,6196,58,580,198,6084,1001,2,2445
905,5545,905.0632046683859,99551,300,220,326,119,117851,70235,1.8893431507468534,191,124,14107,15107,27370,18483,7704,15945,48551,36061,14813,7528,413,288,2531,4092,25606,30532,2544,4,49,16606,6063,58,567,211,6365,1046,4,2572
906,5545,906.1316473584785,99551,307,236,326,119,117897,70271,1.8901668491526955,193,117,14089,14972,27016,18042,8067,16512,48551,36061,15514,7932,413,287,2473,4086,25261,30900,2542,4,57,16282,5913,58,555,222,6679,1101,7,2711
907,5545,907.213724499695,99551,317,235,326,119,117949,70310,1.8910809534811304,201,102,14065,14792,26656,17656,8433,17094,48551,36061,16210,8342,412,287,2415,4080,24905,31290,2538,5,66,15961,5789,58,546,228,6981,1157,10,2823
908,5545,908.0350517217265,99551,314,225,326,119,117989,70325,1.8916334341191952,192,114,14007,14588,26340,17269,8819,17683,48551,36061,16899,8756,412,287,2372,4074,24556,31669,2536,5,74,15601,5677,58,534,239,7321,1199,13,2924
909,5545,909.1450548279377,99551,324,216,326,119,118041,70360,1.8925073580375888,185,109,14000,14417,25969,16886,9194,18251,48551,36061,17579,9174,411,287,2333,4072,24194,32062,2532,6,75,15292,5563,57,526,247,7609,1235,19,3031
910,5545,910.2704600454305,99551,332,208,326,119,118091,70385,1.893260740725859,191,112,13969,14271,25612,16486,9568,18802,48551,36061,18248,9595,411,286,2282,4073,23843,32437,2528,6,86,14974,5432,57,513,259,7913,1281,21,3149
911,5545,911.1251911951508,99551,354,212,326,119,118149,70407,1.8940643489266809,161,106,13914,14103,25293,16083,9950,19375,48551,36061,18905,10017,410,286,2241,4070,23503,32799,2528,7,87,14636,5314,57,500,271,8235,1320,25,3262
912,5545,912.2807634175805,99551,337,200,326,119,118189,70436,1.8947574609998894,171,110,13878,13942,24964,15720,10322,19907,48551,36061,19548,10440,409,286,2199,4068,23134,33193,2523,8,89,14333,5195,57,494,277,8523,1359,37,3367
913,5545,913.1579577383674,99551,312,211,326,119,118218,70460,1.895289851432934,178,121,13811,13760,24663,15354,10708,20433,48551,36061,20175,10863,409,284,2147,4068,22778,33575,2519,8,93,14042,5087,57,480,290,8798,1408,38,3470
914,5545,914.0459547126507,99551,321,207,326,119,118265,70483,1.895993008608653,172,122,13765,13590,24330,15014,11084,20946,48551,36061,20786,11285,408,284,2103,4069,22398,33972,2517,9,95,13753,4971,57,469,301,9072,1451,42,3580
915,5545,915.2476674376795,99551,313,207,326,119,118311,70518,1.8968066619119848,186,113,13752,13475,23987,14666,11434,21418,48551,36061,21380,11705,406,284,2061,4065,22080,34325,2515,11,101,13453,4852,56,462,306,9349,1490,46,3689
916,5545,916.1603686928167,99551,317,215,326,119,118358,70550,1.8976002250102961,177,102,13708,13352,23674,14329,11796,21881,48551,36061,21956,12122,405,284,2019,4067,21747,34679,2509,12,102,13174,4737,56,454,314,9615,1528,49,3800
917,5545,917.0850097361772,99551,315,225,326,119,118401,70584,1.898373697903587,181,80,13639,13192,23377,14039,12160,22343,48551,36061,22513,12535,405,283,1971,4067,21422,35028,2505,12,107,12905,4624,56,446,321,9868,1574,52,3905
918,5545,918.0218443457024,99550,304,210,327,119,118437,70604,1.8989552988448015,191,87,13586,13070,23073,13746,12517,22766,48551,36061,23051,12944,404,282,1929,4063,21114,35361,2502,13,110,12601,4542,56,438,328,10160,1611,58,3978
919,5545,919.2889091523798,99550,297,189,327,119,118495,70623,1.899728779507785,186,96,13576,12997,22752,13438,12860,23159,48551,36061,23570,13347,403,282,1878,4063,20828,35691,2493,14,113,12303,4465,56,434,332,10432,1653,61,4049
920,5545,920.2514009571388,99550,287,192,327,119,118534,70649,1.900381717729784,177,86,13545,12873,22463,13159,13199,23569,48551,36061,24070,13745,402,282,1845,4058,20524,36020,2491,15,116,12028,4375,56,428,336,10693,1684,64,4133
921,5545,921.2266527247383,99549,278,185,328,119,118571,70671,1.9009934805974946,179,81,13513,12777,22163,12905,13537,23931,48551,36061,24550,14136,402,281,1811,4053,20264,36310,2488,15,118,11780,4278,56,422,342,10922,1715,67,4225
922,5545,922.2153951847396,99549,267,184,328,119,118613,70689,1.9015961988568444,173,87,13498,12678,21862,12655,13870,24275,48551,36061,25011,14520,402,280,1776,4053,19993,36607,2484,15,118,11530,4191,55,417,347,11155,1747,74,4305
923,5545,923.2180149036132,99549,276,190,328,119,118662,70719,1.9023897778983214,158,79,13470,12599,21569,12406,14197,24605,48551,36061,25453,14897,402,280,1735,4055,19702,36917,2477,15,120,11316,4111,55,410,353,11358,1786,77,4380
924,5545,924.2340319865931,99549,253,180,328,119,118693,70741,1.9029221790274136,169,79,13430,12505,21320,12188,14498,24927,48551,36061,25876,15266,402,279,1706,4054,19476,37176,2469,15,119,11102,4025,55,398,365,11552,1812,86,4458
925,5545,925.2627744859285,99549,270,181,328,119,118740,70762,1.9036052597213433,162,74,13412,12448,21028,11964,14798,25212,48551,36061,26281,15627,402,279,1667,4053,19214,37450,2467,15,124,10900,3942,55,393,370,11748,1848,91,4531
926,5545,926.3050161030402,99549,270,179,328,119,118788,70780,1.904268249806628,148,76,13400,12383,20776,11762,15076,25479,48551,36061,26668,15980,402,277,1643,4047,18979,37718,2465,15,125,10708,3864,55,382,378,11923,1869,97,4602
927,5545,927.0069865841448,99549,272,172,328,119,118816,70795,1.9047001978924951,143,72,13351,12320,20537,11559,15367,25756,48551,36061,27038,16324,402,276,1617,4049,18728,37980,2462,15,123,10524,3798,55,378,382,12101,1892,103,4664
928,5545,928.0750429124948,99549,262,163,328,119,118850,70814,1.9052325990215873,157,75,13343,12279,20269,11368,15639,25994,48551,36061,27391,16659,402,276,1588,4046,18522,38217,2458,15,127,10330,3728,55,372,387,12277,1916,108,4725
929,5545,929.1570672729574,99549,259,158,328,119,118888,70836,1.905835317280937,153,75,13345,12254,20036,11173,15877,26219,48551,36061,27727,16985,402,276,1566,4045,18310,38451,2453,15,133,10146,3652,55,361,397,12447,1937,114,4789
930,5545,930.2522496662658,99548,260,155,329,119,118926,70857,1.906447141077671,162,79,13313,12237,19810,10989,16124,26419,48551,36061,28047,17302,402,276,1542,4042,18083,38698,2450,15,138,9986,3588,55,354,403,12595,1960,119,4842
931,5545,931.3600599859903,99548,254,147,329,119,118965,70878,1.90704986539157,162,74,13320,12234,19575,10814,16358,26610,48551,36061,28352,17610,402,276,1516,4032,17888,38927,2450,15,140,9807,3535,55,354,402,12757,1980,126,4886
932,5545,932.1058933014051,99548,253,142,329,119,118986,70890,1.9073813637642143,149,71,13285,12210,19368,10645,16614,26811,48551,36061,28642,17909,402,276,1502,4032,17659,39168,2447,15,144,9668,3481,55,347,409,12890,1991,129,4933
933,5545,933.2389309580794,99548,273,143,329,119,119046,70906,1.9081448145618194,123,71,13285,12193,19146,10499,16842,26973,48551,36061,28918,18198,400,275,1485,4031,17480,39364,2445,17,143,9508,3424,55,339,417,13037,2008,133,4987
934,5545,934.0018939891669,99548,257,147,329,119,119059,70924,1.9084562221240005,128,67,13274,12171,18945,10346,17065,27148,48551,36061,29180,18478,400,275,1465,4031,17306,39555,2439,17,141,9368,3377,55,337,419,13167,2027,139,5030
935,5545,935.1606074418147,99548,255,134,329,119,119097,70937,1.9089685377908145,121,70,13303,12196,18725,10215,17265,27264,48551,36061,29429,18749,400,275,1447,4031,17121,39759,2435,17,149,9235,3320,55,333,422,13287,2044,146,5072
936,5545,936.3331394846489,99548,250,130,329,119,119145,70959,1.9096717161570298,106,76,13356,12215,18531,10088,17426,27370,48551,36061,29666,19011,399,275,1422,4020,16964,39948,2434,18,155,9108,3270,55,325,429,13397,2067,149,5113
937,5545,937.1218229112791,99548,251,130,329,119,119165,70973,1.9100132599349058,114,74,13337,12207,18343,9964,17624,27504,48551,36061,29891,19264,399,275,1392,4018,16796,40123,2434,18,155,9015,3219,55,323,431,13487,2095,154,5159
938,5545,938.3198308532675,99548,250,119,329,119,119207,70988,1.9105858480331097,104,75,13399,12219,18135,9856,17781,27610,48551,36061,30105,19509,396,273,1368,4020,16655,40288,2431,21,158,8900,3172,55,318,435,13583,2118,161,5196
939,5545,939.1260798158509,99548,235,115,329,119,119222,71001,1.9108671193795959,115,75,13386,12245,17965,9733,17968,27711,48551,36061,30308,19745,395,273,1349,4019,16518,40440,2427,22,159,8797,3131,55,315,437,13680,2134,163,5234
940,5545,940.3491463877124,99548,234,120,329,119,119254,71023,1.9114095712621046,122,71,13426,12290,17776,9620,18111,27778,48551,36061,30501,19973,395,273,1326,4020,16376,40597,2423,22,159,8688,3096,55,311,440,13779,2156,168,5264
941,5545,941.1640757032761,99548,224,121,329,119,119283,71037,1.9118415236870656,117,68,13402,12298,17642,9531,18284,27861,48551,36061,30684,20192,395,273,1308,4012,16245,40744,2423,22,162,8577,3056,55,307,444,13884,2172,170,5299
942,5545,942.3739915251165,99547,202,111,329,120,119312,71059,1.91237304991612,113,70,13442,12351,17493,9427,18419,27919,48551,36061,30858,20403,394,272,1290,4014,16099,40914,2417,23,163,8469,3020,55,307,444,13975,2187,179,5325
943,5545,943.1757886467573,99547,198,113,329,120,119334,71072,1.912724642631119,110,65,13472,12387,17333,9330,18556,27983,48551,36061,31023,20607,394,272,1276,4013,15969,41057,2415,23,162,8377,2993,55,305,446,14057,2201,184,5348
944,5545,944.3680965768558,99546,211,111,330,120,119371,71086,1.913256183071143,100,69,13531,12433,17159,9239,18667,28026,48551,36061,31179,20803,393,272,1265,4011,15850,41189,2411,24,161,8288,2961,55,302,449,14140,2210,191,5374
945,5545,945.1587129993723,99546,208,121,330,120,119390,71106,1.9136479617463282,100,62,13541,12443,17018,9153,18801,28099,48551,36061,31328,20992,393,272,1245,4011,15721,41331,2410,24,160,8217,2929,55,301,450,14205,2224,192,5406
946,5545,946.3352227634616,99546,201,122,330,120,119418,71128,1.91415024209913,100,56,13626,12488,16868,9068,18873,28144,48551,36061,31469,21174,393,272,1230,4011,15622,41448,2405,24,156,8120,2908,55,298,453,14289,2239,203,5420
947,5545,947.1169602946444,99545,197,115,331,120,119436,71134,1.9144105680847858,114,54,13624,12541,16736,8984,18996,28184,48551,36061,31603,21349,392,272,1213,4010,15525,41557,2404,25,156,8050,2879,54,295,455,14352,2254,206,5446
948,5545,948.2810742274161,99545,201,110,331,120,119470,71150,1.9149128534833493,109,54,13681,12614,16596,8909,19080,28191,48551,36061,31730,21517,392,271,1197,4017,15418,41678,2399,24,158,7979,2848,54,294,456,14410,2269,210,5471
949,5545,949.0543093005158,99545,200,111,331,120,119492,71169,1.9153247275101712,103,42,13697,12673,16476,8831,19191,28221,48551,36061,31851,21678,392,271,1179,4017,15327,41786,2398,24,163,7911,2832,53,293,457,14471,2279,212,5480
950,5545,950.2064965687078,99545,200,107,331,120,119532,71180,1.915837058616706,87,47,13761,12742,16377,8770,19242,28212,48551,36061,31966,21833,392,271,1167,4015,15229,41898,2397,24,164,7837,2809,53,290,458,14537,2290,215,5499
951,5545,951.3550921036752,99545,197,102,331,120,119567,71198,1.9163694811391834,78,44,13807,12833,16262,8710,19323,28189,48551,36061,32075,21982,392,271,1157,4014,15130,42021,2393,24,166,7770,2786,53,289,459,14587,2298,218,5517
952,5545,952.1185277513509,99545,194,101,331,120,119578,71210,1.9166005324225224,79,39,13829,12878,16151,8648,19414,28212,48551,36061,32179,22125,392,271,1146,4011,15050,42112,2393,24,166,7703,2767,53,284,463,14648,2308,219,5535
953,5545,953.2575309270401,99545,182,93,331,120,119601,71217,1.9169019036616606,74,51,13904,12941,16046,8590,19461,28203,48551,36061,32277,22263,391,271,1137,4010,14970,42207,2388,25,168,7640,2739,53,282,464,14705,2315,224,5556
954,5545,954.0153158589242,99545,185,92,331,120,119620,71227,1.9171932291928273,71,49,13944,12963,15931,8549,19536,28225,48551,36061,32370,22395,391,271,1128,4011,14896,42291,2385,25,168,7584,2720,53,281,465,14753,2324,228,5571
955,5545,955.146944861721,99545,177,87,331,120,119640,71235,1.917474509016023,71,56,14033,13076,15807,8472,19579,28187,48551,36061,32459,22522,391,271,1120,4008,14823,42378,2383,25,169,7525,2705,53,279,467,14804,2331,231,5582
956,5545,956.2763686962788,99545,171,85,331,120,119664,71245,1.917816063087046,73,54,14117,13174,15690,8420,19616,28145,48551,36061,32543,22644,391,271,1113,4003,14757,42460,2382,25,167,7470,2683,51,278,467,14852,2338,238,5599
957,5545,957.027943169946,99545,165,88,331,120,119677,71255,1.9180471143703852,77,55,14161,13207,15592,8367,19672,28161,48551,36061,32623,22761,390,270,1106,4005,14680,42542,2380,26,168,7422,2666,51,278,467,14897,2344,240,5613
958,5545,958.151645223856,99545,156,89,331,120,119692,71270,1.9183484856095234,85,52,14225,13335,15491,8297,19710,28105,48551,36061,32699,22874,389,270,1102,4003,14613,42621,2378,27,170,7376,2653,51,277,468,14936,2348,244,5619
959,5545,959.273306084101,99545,158,87,331,120,119714,71280,1.918669948264604,85,52,14284,13429,15404,8240,19736,28070,48551,36061,32772,22982,389,270,1096,4000,14553,42696,2378,27,172,7323,2638,51,276,469,14978,2353,245,5631
960,5545,960.0202272781536,99545,160,89,331,120,119729,71292,1.9189411823798281,85,50,14314,13493,15323,8198,19785,28048,48551,36061,32841,23086,389,270,1092,3999,14514,42746,2377,27,175,7275,2615,51,275,470,15017,2357,246,5650
961,5545,961.137507447001,99545,154,92,331,120,119748,71306,1.91927269074288,87,46,14408,13595,15219,8147,19799,27998,48551,36061,32907,23186,388,270,1084,3996,14443,42827,2377,28,172,7242,2603,51,272,473,15044,2364,252,5659
962,5545,962.2538458602096,99545,151,87,331,120,119768,71316,1.919574061982018,81,43,14486,13695,15123,8113,19826,27940,48551,36061,32970,23282,387,270,1078,3997,14395,42887,2375,29,170,7196,2591,51,271,473,15080,2370,256,5669
963,5545,963.3689667330783,99545,147,80,331,120,119791,71322,1.919865387513185,76,53,14556,13790,15042,8068,19846,27887,48551,36061,33030,23374,386,270,1074,3995,14337,42958,2372,30,166,7163,2578,51,269,474,15108,2372,262,5680
964,5545,964.1117703454548,99545,154,80,331,120,119809,71329,1.9201165302124668,74,52,14597,13833,14962,8028,19880,27885,48551,36061,33087,23462,386,270,1068,3990,14291,43013,2372,30,166,7133,2571,51,268,475,15134,2378,264,5685
965,5545,965.2234783368739,99545,151,81,331,120,119829,71344,1.9204681299914612,69,51,14667,13948,14873,7981,19907,27817,48551,36061,33141,23547,386,270,1060,3990,14242,43072,2371,30,163,7094,2561,51,268,474,15168,2383,269,5693
966,5545,966.3338963591974,99545,150,80,331,120,119851,71358,1.920829775478427,73,48,14739,14030,14784,7947,19921,27773,48551,36061,33193,23629,385,270,1057,3990,14194,43130,2370,31,167,7057,2544,50,267,474,15198,2386,271,5704
967,5545,967.0736503760229,99545,143,77,331,120,119860,71366,1.9210005525139384,73,46,14785,14089,14714,7918,19952,27748,48551,36061,33242,23707,385,270,1051,3990,14155,43180,2367,31,168,7024,2533,50,265,476,15224,2391,272,5713
968,5545,968.1814499197955,99545,135,61,331,120,119876,71371,1.9212115123813351,78,54,14861,14199,14640,7880,19953,27684,48551,36061,33289,23782,384,270,1048,3991,14115,43232,2366,32,169,6996,2521,50,265,475,15245,2390,276,5720
969,5545,969.2893818971406,99545,143,70,331,120,119894,71388,1.9215631121603296,78,44,14948,14304,14559,7838,19939,27622,48551,36061,33334,23854,383,270,1045,3991,14073,43279,2365,33,168,6971,2508,50,264,476,15267,2392,278,5732
970,5545,970.0283550582101,99545,140,72,331,120,119911,71395,1.9218042091516399,71,41,15008,14375,14495,7789,19953,27601,48551,36061,33377,23924,383,270,1039,3989,14047,43318,2364,33,168,6938,2498,50,262,478,15294,2394,278,5742
971,5545,971.136256095551,99545,132,73,331,120,119927,71405,1.922065397558893,69,40,15116,14462,14418,7754,19932,27549,48551,36061,33418,23991,383,270,1033,3994,14006,43366,2359,33,170,6918,2489,49,261,478,15311,2398,281,5746
972,5545,972.2449359529877,99545,132,72,331,120,119945,71417,1.922366768798031,65,39,15202,14546,14345,7720,19923,27501,48551,36061,33457,24055,383,270,1024,3994,13965,43414,2359,33,169,6896,2483,49,258,480,15331,2403,285,5749
973,5545,973.3543100768072,99545,127,74,331,120,119953,71427,1.9225475915415138,72,40,15306,14641,14265,7685,19897,27438,48551,36061,33494,24117,383,270,1023,3996,13921,43465,2356,33,169,6877,2477,49,258,480,15344,2404,286,5754
974,5545,974.0947948794903,99545,124,68,331,120,119968,71434,1.9227685971168818,65,37,15351,14711,14219,7659,19908,27403,48551,36061,33530,24176,381,270,1021,3993,13888,43506,2355,35,169,6852,2470,49,256,482,15365,2406,291,5756
975,5545,975.2053403663432,99545,111,65,331,120,119984,71443,1.9230197398161635,69,34,15462,14814,14158,7634,19867,27331,48551,36061,33564,24233,381,270,1015,3993,13860,43548,2351,35,171,6819,2461,49,256,481,15391,2410,291,5763
976,5545,976.3178551806868,99545,119,64,331,120,120006,71451,1.9233211110553017,63,34,15552,14912,14088,7601,19845,27267,48551,36061,33596,24288,381,270,1014,3996,13822,43590,2347,35,172,6803,2450,49,256,481,15404,2411,292,5772
977,5545,977.0602045475594,99545,121,61,331,120,120016,71456,1.9234717966748707,75,34,15598,14985,14036,7569,19837,27229,48551,36061,33627,24341,381,270,1013,3995,13799,43619,2346,35,172,6781,2446,49,256,481,15423,2411,293,5775
978,5545,978.1741385180864,99545,116,58,331,120,120035,71466,1.9237631222060374,70,30,15703,15098,13969,7538,19809,27154,48551,36061,33657,24392,379,270,1009,3995,13775,43653,2343,37,174,6757,2439,49,253,483,15442,2414,294,5779
979,5545,979.2900448027948,99545,123,68,331,120,120060,71480,1.9241549048169169,67,30,15781,15213,13918,7502,19778,27065,48551,36061,33685,24441,378,270,1008,3993,13753,43681,2342,38,175,6738,2431,49,252,484,15459,2414,297,5783
980,5545,980.0348839053356,99545,118,61,331,120,120071,71481,1.924275453312572,68,36,15827,15286,13883,7475,19771,27020,48551,36061,33712,24488,378,270,1004,3991,13729,43716,2342,38,175,6714,2430,49,251,484,15478,2415,300,5781
981,5545,981.1529641566106,99545,114,58,331,120,120087,71490,1.9245265960118538,71,31,15930,15411,13818,7438,19734,26940,48551,36061,33738,24533,377,270,1001,3991,13701,43754,2341,39,176,6689,2428,49,250,485,15497,2415,301,5781
982,5545,982.2730760443249,99545,114,63,331,120,120106,71504,1.9248581043749058,67,26,16036,15541,13751,7406,19699,26842,48551,36061,33763,24577,377,270,998,3991,13679,43785,2340,39,177,6669,2422,49,250,485,15511,2416,302,5785
983,5545,983.0208828170514,99545,107,62,331,120,120115,71508,1.9249886985785323,72,25,16085,15593,13704,7386,19699,26812,48551,36061,33787,24619,377,270,996,3988,13652,43819,2339,39,176,6656,2418,49,249,485,15523,2417,305,5787
984,5545,984.1431308685994,99545,115,59,331,120,120136,71516,1.9252800241096992,76,23,16174,15674,13649,7366,19653,26756,48551,36061,33810,24659,377,270,994,3991,13631,43846,2335,39,176,6635,2417,49,249,485,15540,2418,308,5785
985,5545,985.267729303323,99545,113,60,331,120,120149,71527,1.9255211211010097,81,25,16284,15768,13582,7346,19607,26679,48551,36061,33832,24698,376,270,993,3987,13606,43880,2335,40,178,6623,2412,49,249,485,15547,2419,311,5785
986,5545,986.018885467936,99545,118,55,331,120,120166,71529,1.9257119895524637,73,28,16354,15845,13526,7324,19596,26626,48551,36061,33853,24736,376,269,991,3984,13592,43902,2335,40,179,6610,2407,49,248,485,15558,2420,313,5787
987,5545,987.1466883635642,99545,120,56,331,120,120185,71537,1.925983223667688,73,28,16436,15958,13481,7296,19557,26540,48551,36061,33873,24772,375,269,989,3981,13578,43925,2335,41,180,6596,2400,49,248,485,15566,2422,314,5792
988,5545,988.2768122803524,99545,113,47,331,120,120206,71542,1.926244412074941,69,28,16568,16073,13427,7270,19490,26460,48551,36061,33892,24807,375,268,985,3978,13562,43961,2333,41,181,6577,2396,49,248,485,15573,2424,315,5794
989,5545,989.0324344458011,99545,106,48,331,120,120212,71549,1.9263750062785674,74,26,16640,16145,13381,7251,19466,26408,48551,36061,33911,24841,375,268,984,3976,13539,43988,2333,41,182,6569,2392,49,248,485,15579,2425,315,5797
990,5545,990.1676521201189,99545,103,45,331,120,120232,71552,1.9266060575619066,66,30,16736,16271,13343,7220,19419,26312,48551,36061,33929,24873,374,268,984,3977,13519,44017,2330,42,184,6556,2387,49,246,485,15588,2424,315,5800
991,5545,991.3060385899294,99545,104,43,331,120,120249,71558,1.9268371088452458,70,30,16844,16373,13284,7195,19365,26237,48551,36061,33946,24904,374,268,982,3980,13503,44038,2326,42,185,6542,2382,49,246,485,15598,2426,318,5801
992,5545,992.0666565151721,99545,97,49,331,120,120259,71566,1.9270179315887288,68,31,16907,16438,13258,7175,19337,26185,48551,36061,33962,24934,374,268,982,3979,13489,44060,2324,42,186,6531,2377,49,246,485,15605,2425,318,5805
993,5545,993.2096396728301,99545,91,53,331,120,120275,71575,1.9272690742880105,67,26,16994,16538,13220,7148,19295,26113,48551,36061,33978,24963,374,267,982,3977,13475,44083,2323,42,187,6521,2372,49,245,485,15612,2424,319,5808
994,5545,994.3553376135991,99545,96,51,331,120,120294,71581,1.9275202169872923,59,29,17097,16678,13174,7122,19241,25998,48551,36061,33993,24991,374,266,980,3979,13455,44112,2321,42,187,6509,2369,49,245,485,15616,2426,319,5811
995,5545,995.1208467925178,99545,103,49,331,120,120308,71585,1.927701039730775,53,32,17144,16751,13132,7107,19235,25939,48551,36061,34008,25018,374,266,979,3979,13441,44131,2321,42,188,6497,2365,49,244,485,15626,2425,319,5814
996,5545,996.2701116222452,99545,107,52,331,120,120324,71594,1.9279521824300567,48,29,17260,16862,13063,7082,19189,25853,48551,36061,34022,25044,374,266,978,3980,13425,44149,2320,42,188,6490,2362,49,244,485,15631,2426,322,5814
997,5545,997.0376732876105,99545,111,51,331,120,120338,71598,1.9281330051735397,51,31,17323,16930,13016,7059,19166,25807,48551,36061,34035,25069,374,265,977,3979,13412,44165,2320,42,188,6480,2360,49,244,485,15640,2427,322,5816
998,5545,998.1907094544172,99545,105,55,331,120,120349,71606,1.9283238736249937,54,31,17417,17051,12972,7021,19119,25720,48551,36061,34048,25093,374,265,977,3980,13398,44185,2317,42,187,6468,2357,49,244,485,15649,2426,324,5818
999,5545,999.3467202632971,99545,108,58,331,120,120364,71616,1.9285750163242754,67,32,17517,17159,12909,6994,19066,25635,48551,36061,34060,25116,374,264,975,3982,13389,44201,2314,42,187,6456,2354,49,244,485,15657,2427,325,5820
1000,5545,1000.1189932743706,99545,105,57,331,120,120374,71621,1.9287257019438444,66,30,17581,17220,12864,6982,19051,25589,48551,36061,34072,25139,374,264,974,3979,13385,44214,2313,42,187,6444,2348,49,244,485,15664,2428,328,5823
1001,5545,1001.2790902098898,99545,103,54,331,120,120391,71626,1.9289467075192124,57,31,17684,17315,12818,6962,19005,25516,48551,36061,34084,25161,374,263,971,3985,13369,44233,2308,42,190,6438,2344,49,243,485,15669,2430,329,5823
1002,5545,1002.0540441388869,99545,96,49,331,120,120397,71629,1.9290371188909539,58,33,17741,17385,12789,6949,18983,25462,48551,36061,34095,25182,374,263,970,3986,13356,44250,2307,41,193,6427,2339,49,243,485,15677,2431,330,5824
1003,5545,1003.2184585923457,99545,92,51,331,120,120407,71637,1.9292179416344366,66,32,17842,17496,12746,6916,18921,25383,48551,36061,34106,25202,374,263,968,3985,13347,44263,2307,41,197,6416,2333,49,243,485,15685,2433,330,5826
1004,5545,1004.3865457701328,99545,101,48,331,120,120428,71645,1.9295092671656036,57,36,17969,17619,12687,6886,18853,25289,48551,36061,34116,25222,374,263,968,3985,13340,44278,2306,41,198,6403,2331,49,243,485,15692,2432,332,5825
1005,5545,1005.1673918354326,99545,102,47,331,120,120438,71650,1.9296599527851725,56,38,18044,17708,12651,6868,18814,25217,48551,36061,34126,25241,374,263,968,3985,13323,44296,2306,41,199,6395,2328,49,243,485,15699,2432,333,5826
1006,5545,1006.3420441409261,99545,103,55,331,120,120458,71665,1.930011552564167,55,26,18147,17834,12613,6828,18749,25135,48551,36061,34136,25259,373,263,967,3983,13311,44315,2304,42,200,6388,2324,49,243,485,15703,2433,336,5826
1007,5545,1007.1272079830089,99545,106,55,331,120,120472,71669,1.9301923753076498,55,27,18201,17907,12582,6814,18723,25075,48551,36061,34145,25277,373,263,966,3983,13306,44325,2303,42,200,6379,2324,49,243,485,15708,2434,336,5826
1008,5545,1008.3078054183865,99545,100,57,331,120,120485,71678,1.9304133808830177,50,24,18295,18017,12551,6792,18671,24988,48551,36061,34154,25294,372,263,964,3980,13298,44342,2301,43,200,6370,2324,48,243,484,15716,2435,337,5825
1009,5545,1009.0966694153324,99545,101,55,331,120,120498,71684,1.930604249334472,49,26,18385,18090,12504,6776,18628,24931,48551,36061,34163,25311,372,263,962,3977,13293,44357,2300,43,200,6363,2323,48,243,484,15719,2435,339,5824
1010,5545,1010.2828943904757,99545,90,51,331,120,120509,71691,1.9307850720779547,50,26,18490,18190,12461,6752,18576,24859,48551,36061,34171,25327,370,263,959,3976,13282,44375,2300,45,202,6356,2319,48,243,484,15722,2436,344,5821
1011,5545,1011.0758565691333,99545,91,47,331,120,120524,71694,1.9309658948214374,43,26,18560,18269,12435,6734,18538,24802,48551,36061,34179,25343,370,263,959,3974,13273,44390,2299,45,202,6352,2317,48,243,483,15724,2436,347,5820
1012,5545,1012.2660334603895,99545,93,55,331,120,120540,71704,1.9312270832286906,39,27,18656,18374,12400,6706,18479,24716,48551,36061,34187,25358,370,263,959,3972,13262,44406,2299,45,202,6342,2315,48,243,483,15731,2436,347,5822
1013,5545,1013.0562846762431,99545,86,56,331,120,120551,71708,1.9313777688482596,33,25,18717,18448,12385,6689,18446,24660,48551,36061,34194,25373,370,263,957,3973,13255,44420,2297,45,202,6332,2313,48,243,483,15737,2436,347,5824
1014,5545,1014.236799027625,99545,84,52,331,120,120562,71713,1.9315385001757999,35,31,18842,18565,12338,6673,18368,24557,48551,36061,34201,25387,370,263,956,3969,13247,44436,2297,45,202,6329,2311,48,243,483,15736,2437,351,5822
1015,5545,1015.0196094832846,99545,82,48,331,120,120570,71716,1.9316490029634839,36,30,18906,18630,12311,6668,18332,24502,48551,36061,34208,25401,370,263,955,3966,13244,44448,2296,45,203,6322,2307,48,243,483,15738,2438,351,5825
1016,5545,1016.1883729389724,99545,77,48,331,120,120583,71725,1.9318700085388518,31,27,19014,18761,12277,6649,18268,24393,48551,36061,34215,25414,369,263,954,3967,13228,44470,2295,46,205,6320,2304,48,242,483,15735,2439,351,5826
1017,5545,1017.3507168825007,99545,68,46,331,120,120587,71733,1.931990557034507,42,26,19139,18885,12225,6620,18193,24301,48551,36061,34222,25427,368,263,954,3968,13225,44484,2294,47,206,6306,2302,48,242,483,15738,2439,352,5826
1018,5545,1018.1214611217723,99545,68,48,331,120,120593,71736,1.9320809684062483,45,27,19196,18961,12197,6599,18161,24243,48551,36061,34228,25440,368,263,954,3966,13219,44493,2294,47,205,6306,2301,48,242,483,15737,2439,353,5827
1019,5545,1019.2729204425846,99545,68,43,331,120,120604,71742,1.93225174544176,51,25,19286,19068,12157,6585,18105,24157,48551,36061,34234,25452,368,263,953,3963,13211,44509,2294,47,205,6302,2301,48,242,483,15738,2438,354,5826
1020,5545,1020.0375248707481,99545,62,42,331,120,120608,71745,1.9323220653975588,53,25,19347,19144,12135,6575,18070,24092,48551,36061,34240,25464,368,262,953,3964,13209,44516,2293,47,205,6295,2300,48,242,482,15742,2438,356,5825
1021,5545,1021.1799873810613,99545,72,45,331,120,120626,71751,1.9325631623888693,41,25,19444,19249,12089,6551,18021,24008,48551,36061,34246,25475,368,262,953,3964,13202,44524,2293,47,205,6294,2298,48,242,482,15742,2438,358,5825
1022,5545,1022.316357716315,99545,67,45,331,120,120633,71757,1.9326937565924958,37,26,19561,19360,12044,6528,17958,23919,48551,36061,34252,25486,368,262,953,3963,13193,44538,2293,47,206,6289,2295,48,242,482,15743,2438,360,5825
1023,5545,1023.0702980433213,99545,70,44,331,120,120641,71760,1.9328042593801797,33,30,19622,19427,12015,6517,17927,23860,48551,36061,34257,25497,368,262,951,3964,13184,44549,2292,47,206,6286,2295,48,242,482,15744,2440,360,5825
1024,5545,1024.197001482031,99545,66,47,331,120,120649,71767,1.932954944999749,32,27,19725,19548,11977,6487,17867,23769,48551,36061,34262,25507,367,261,951,3962,13183,44555,2292,48,207,6281,2294,48,242,482,15747,2440,360,5825
1025,5545,1025.3179029386445,99545,70,44,331,120,120663,71771,1.9331357677432317,26,27,19823,19664,11943,6460,17805,23683,48551,36061,34267,25517,367,260,951,3961,13178,44564,2292,48,207,6275,2294,48,242,482,15751,2440,364,5821
1026,5545,1026.062063341564,99545,65,42,331,120,120666,71777,1.9332261791149732,26,22,19900,19729,11909,6453,17767,23632,48551,36061,34272,25527,367,260,951,3960,13176,44570,2291,48,207,6269,2291,48,242,482,15756,2440,364,5823
1027,5545,1027.1730793826055,99545,58,39,331,120,120672,71781,1.933326636194686,26,21,20010,19843,11871,6441,17702,23534,48551,36061,34277,25537,366,260,950,3959,13177,44576,2291,49,205,6261,2288,48,242,482,15760,2440,366,5825
1028,5545,1028.361520409899,99545,55,40,331,120,120676,71785,1.933407001858456,26,18,20090,19921,11837,6425,17659,23474,48551,36061,34282,25546,366,260,948,3959,13172,44585,2291,49,206,6257,2286,48,242,481,15762,2441,366,5826
1029,5545,1029.0334749026613,99545,52,42,331,120,120680,71792,1.93351750464614,24,16,20143,19986,11815,6414,17633,23420,48551,36061,34286,25555,366,260,947,3959,13169,44593,2289,49,207,6255,2284,48,242,481,15763,2440,366,5827
1030,5545,1030.3644126007237,99545,49,40,331,120,120687,71795,1.9336179617258527,22,18,20254,20115,11769,6391,17573,23314,48551,36061,34290,25564,366,260,947,3959,13160,44606,2289,49,207,6251,2284,48,242,481,15763,2440,366,5827
1031,5545,1031.0149765165615,99545,48,42,331,120,120696,71802,1.933778693053393,15,13,20330,20192,11741,6383,17533,23248,48551,36061,34294,25572,366,259,947,3957,13159,44614,2289,49,207,6243,2283,48,242,481,15767,2440,367,5827
1032,5545,1032.3225961713695,99545,48,37,331,120,120700,71805,1.9338490130091919,22,16,20426,20299,11689,6362,17482,23164,48551,36061,34298,25580,366,259,946,3956,13159,44620,2289,49,206,6240,2282,48,242,481,15766,2441,369,5826
1033,5545,1033.1136352671538,99545,52,36,331,120,120709,71809,1.9339796072128184,22,13,20505,20389,11654,6347,17434,23093,48551,36061,34302,25588,366,259,946,3957,13154,44630,2288,49,206,6234,2280,48,242,481,15767,2441,369,5828
1034,5545,1034.0811981897652,99545,46,32,331,120,120710,71812,1.9340197900447034,30,13,20569,20462,11623,6331,17399,23040,48551,36061,34306,25596,366,259,946,3957,13154,44635,2288,49,207,6228,2278,48,242,480,15770,2440,371,5827
1035,5545,1035.239310423645,99545,47,31,331,120,120720,71819,1.934190567080215,25,9,20689,20570,11577,6310,17329,22958,48551,36061,34310,25604,366,259,945,3956,13146,44646,2288,49,208,6225,2277,48,242,480,15771,2441,372,5826
1036,5545,1036.2606255514522,99545,44,23,331,120,120728,71821,1.9342910241599276,24,10,20792,20713,11545,6293,17262,22839,48551,36061,34314,25611,366,259,943,3955,13145,44652,2287,49,209,6224,2274,48,242,480,15771,2441,375,5825
1037,5545,1037.053506563982,99545,44,23,331,120,120732,71823,1.9343512984077553,22,11,20846,20757,11516,6282,17239,22805,48551,36061,34318,25618,366,259,942,3955,13139,44660,2287,49,209,6224,2272,48,242,480,15770,2441,375,5827
1038,5545,1038.139597034287,99545,46,22,331,120,120742,71828,1.9345019840273243,21,7,20942,20840,11478,6274,17180,22735,48551,36061,34321,25625,366,259,940,3954,13140,44667,2286,49,211,6221,2270,48,240,480,15770,2442,375,5827
1039,5545,1039.0653470088928,99545,48,21,331,120,120750,71829,1.9345923953990658,18,6,21030,20961,11442,6245,17129,22645,48551,36061,34324,25632,366,259,940,3954,13137,44671,2286,49,211,6217,2270,48,240,480,15773,2442,375,5827
1040,5545,1040.1109501728527,99545,45,19,331,120,120752,71830,1.9346225325229796,22,8,21105,21048,11409,6223,17086,22580,48551,36061,34327,25639,366,259,939,3953,13132,44680,2286,49,211,6215,2270,48,239,480,15774,2442,375,5827
1041,5545,1041.1267260263078,99545,38,17,331,120,120755,71830,1.9346526696468933,24,11,21196,21131,11364,6211,17045,22508,48551,36061,34330,25645,366,259,938,3953,13127,44687,2286,49,211,6214,2269,48,239,480,15774,2442,375,5828
1042,5545,1042.0319554802784,99545,34,17,331,120,120758,71832,1.9347028981867498,25,12,21272,21218,11333,6190,17003,22441,48551,36061,34333,25651,365,259,937,3955,13127,44690,2283,50,211,6210,2268,48,239,480,15776,2443,375,5829
1043,5545,1043.0913871641924,99545,33,14,331,120,120762,71835,1.9347732181425485,25,11,21338,21295,11309,6178,16962,22380,48551,36061,34336,25657,365,259,937,3955,13120,44699,2283,50,212,6207,2267,48,238,481,15777,2443,375,5829
1044,5545,1044.131209276977,99545,33,12,331,120,120768,71838,1.93486362951429,22,10,21440,21394,11259,6163,16913,22299,48551,36061,34339,25663,365,259,937,3956,13113,44708,2282,50,212,6206,2266,48,238,481,15777,2442,377,5828
1045,5545,1045.25115278296,99545,35,13,331,120,120773,71841,1.9349439951780603,17,7,21512,21477,11232,6141,16871,22240,48551,36061,34342,25669,364,259,936,3955,13111,44711,2282,51,212,6205,2263,48,238,481,15778,2443,377,5831
1046,5545,1046.196054224883,99545,34,9,331,120,120778,71841,1.9349942237179165,13,10,21601,21574,11192,6119,16827,22166,48551,36061,34345,25675,364,259,935,3954,13108,44716,2282,51,213,6202,2261,48,238,481,15781,2443,378,5831
1047,5545,1047.0276917812062,99545,37,9,331,120,120784,71844,1.935084635089658,9,9,21703,21671,11150,6094,16768,22095,48551,36061,34348,25680,364,259,935,3954,13105,44722,2282,51,213,6198,2261,48,238,481,15782,2443,379,5830
1048,5545,1048.2535561893742,99545,39,12,331,120,120787,71847,1.9351449093374855,8,8,21792,21767,11110,6065,16718,22026,48551,36061,34351,25685,364,259,935,3954,13103,44724,2282,51,213,6195,2261,48,238,481,15785,2443,379,5830
1049,5545,1049.0650470373378,99545,36,17,331,120,120792,71852,1.9352453664171982,8,6,21885,21866,11081,6044,16657,21945,48551,36061,34354,25690,363,259,935,3954,13096,44732,2282,52,213,6192,2261,48,238,481,15787,2443,379,5830
1050,5545,1050.216670403297,99545,34,14,331,120,120795,71853,1.9352855492490832,9,7,21954,21934,11057,6033,16613,21890,48551,36061,34356,25695,363,259,934,3954,13095,44737,2282,52,213,6190,2261,48,238,481,15787,2442,379,5830
1051,5545,1051.0182854426837,99545,29,15,331,120,120799,71854,1.9353357777889397,9,8,22065,22021,11014,6009,16550,21825,48551,36061,34358,25700,363,259,934,3954,13089,44743,2282,52,213,6186,2261,48,238,481,15791,2442,379,5830
1052,5545,1052.0300638161393,99545,31,13,331,120,120803,71856,1.9353960520367672,9,6,22146,22108,10979,5993,16502,21758,48551,36061,34360,25705,363,259,934,3954,13086,44746,2282,52,213,6184,2261,48,238,481,15793,2442,379,5830
1053,5545,1053.0379117554385,99545,32,12,331,120,120807,71857,1.9354462805766237,12,8,22209,22180,10949,5982,16465,21696,48551,36061,34362,25710,362,259,933,3952,13086,44748,2282,53,213,6183,2260,48,238,481,15794,2443,379,5831
1054,5545,1054.1229001841145,99545,25,9,331,120,120807,71859,1.9354663719925662,13,6,22316,22288,10911,5961,16402,21614,48551,36061,34364,25715,362,259,933,3950,13084,44754,2282,53,214,6182,2259,48,237,481,15794,2443,381,5829
1055,5545,1055.0924494150534,99545,23,8,331,120,120809,71860,1.93549650911648,12,6,22388,22370,10886,5943,16358,21551,48551,36061,34366,25719,362,259,932,3950,13079,44761,2282,53,214,6181,2258,48,237,481,15793,2444,382,5829
1056,5545,1056.3047414915786,99545,25,7,331,120,120814,71860,1.9355467376563362,8,8,22534,22483,10834,5919,16266,21461,48551,36061,34368,25723,362,258,931,3950,13077,44765,2282,53,214,6181,2257,48,237,481,15792,2445,382,5830
1057,5545,1057.2495404960775,99545,25,7,331,120,120817,71862,1.9355969661961927,8,7,22579,22538,10815,5905,16240,21421,48551,36061,34370,25727,362,258,931,3950,13074,44772,2282,53,214,6180,2257,48,237,481,15790,2444,382,5830
1058,5545,1058.0190765786547,99545,19,8,331,120,120817,71863,1.935607011904164,8,6,22643,22606,10796,5889,16201,21369,48551,36061,34372,25731,362,258,931,3950,13072,44777,2282,53,214,6179,2257,48,237,480,15790,2443,382,5830
1059,5545,1059.0498693914803,99545,14,7,331,120,120819,71864,1.9356371490280777,7,6,22739,22686,10759,5869,16148,21310,48551,36061,34374,25735,362,258,931,3949,13070,44782,2282,53,214,6177,2257,48,237,480,15790,2443,382,5830
1060,5545,1060.04053574084,99545,14,10,331,120,120824,71869,1.9357376061077904,3,3,22856,22803,10714,5839,16080,21223,48551,36061,34376,25739,362,258,931,3948,13070,44786,2282,53,214,6175,2257,48,237,480,15790,2442,382,5830
1061,5545,1061.0257975288323,99545,14,11,331,120,120826,71871,1.9357777889396754,1,1,22931,22869,10685,5825,16036,21172,48551,36061,34378,25743,362,258,931,3948,13065,44792,2282,53,214,6175,2257,48,237,480,15789,2442,383,5829
1062,5545,1062.172359716291,99545,11,9,331,120,120827,71871,1.9357878346476467,4,3,23013,22962,10647,5809,15992,21095,48551,36061,34380,25747,362,257,931,3949,13063,44795,2282,53,214,6173,2256,48,237,480,15790,2442,383,5830
1063,5545,1063.0046916362546,99545,11,8,331,120,120828,71871,1.9357978803556182,5,5,23103,23050,10609,5790,15939,21025,48551,36061,34382,25751,362,257,931,3949,13059,44799,2282,53,214,6172,2256,48,237,480,15791,2442,384,5829
1064,5545,1064.0506230138908,99545,11,7,331,120,120830,71872,1.935828017479532,7,4,23168,23125,10581,5778,15900,20964,48551,36061,34384,25755,362,257,931,3949,13057,44802,2282,53,214,6171,2255,48,237,480,15792,2441,384,5830
1065,5545,1065.1953725903963,99545,11,7,331,120,120832,71873,1.9358581546034457,8,4,23273,23245,10545,5753,15830,20869,48551,36061,34386,25759,362,257,931,3949,13055,44804,2282,53,214,6169,2254,48,237,480,15794,2441,385,5830
1066,5545,1066.1353682561937,99545,12,7,331,120,120833,71875,1.9358882917273594,7,2,23336,23294,10512,5750,15800,20825,48551,36061,34388,25762,362,257,931,3949,13053,44806,2282,53,214,6168,2253,48,237,480,15795,2441,385,5831
1067,5545,1067.041148777291,99545,10,6,331,120,120833,71875,1.9358882917273594,8,3,23427,23385,10475,5729,15747,20755,48551,36061,34390,25765,362,257,930,3950,13051,44808,2281,53,214,6167,2252,48,237,480,15796,2442,386,5831
1068,5545,1068.0092774247375,99545,9,6,331,120,120835,71875,1.935908383143302,6,4,23495,23468,10448,5709,15709,20691,48551,36061,34392,25768,362,257,930,3951,13048,44812,2280,53,214,6167,2252,48,237,480,15795,2442,386,5831
1069,5545,1069.048685431119,99545,9,7,331,120,120837,71877,1.9359485659751872,6,4,23604,23581,10400,5682,15648,20604,48551,36061,34394,25771,362,257,930,3952,13046,44815,2279,53,213,6166,2252,48,237,480,15795,2442,387,5831
1070,5545,1070.2894648007868,99545,12,7,331,120,120841,71880,1.936018885930986,3,3,23707,23686,10354,5665,15591,20517,48551,36061,34396,25774,362,257,930,3952,13044,44819,2279,53,213,6164,2251,48,237,480,15795,2442,387,5832
1071,5545,1071.1011337686307,99545,12,8,331,120,120842,71882,1.9360490230549,3,1,23782,23764,10319,5649,15551,20456,48551,36061,34398,25777,362,257,930,3952,13041,44822,2279,53,213,6162,2251,48,237,480,15797,2442,387,5832
1072,5545,1072.2248114005938,99545,10,8,331,120,120843,71883,1.9360691144708424,3,2,23884,23851,10276,5635,15494,20382,48551,36061,34400,25780,362,257,930,3952,13039,44827,2279,53,213,6161,2251,48,236,480,15796,2442,387,5832
1073,5545,1073.104168209,99545,10,8,331,120,120844,71883,1.9360791601788137,2,2,23975,23934,10240,5616,15440,20318,48551,36061,34402,25783,362,257,930,3951,13038,44829,2279,53,213,6159,2251,48,236,480,15798,2442,387,5832
1074,5545,1074.279612229855,99545,9,7,331,120,120845,71884,1.9360992515947562,3,2,24075,24032,10199,5601,15381,20236,48551,36061,34403,25786,362,257,930,3951,13037,44831,2279,53,213,6158,2250,48,236,480,15798,2442,388,5832
1075,5545,1075.1360542664304,99545,9,5,331,120,120846,71884,1.9361092973027274,2,2,24145,24078,10163,5591,15348,20202,48551,36061,34404,25789,362,256,930,3952,13037,44831,2279,53,214,6156,2249,48,236,480,15800,2442,388,5832
1076,5545,1076.0652028232964,99545,9,7,331,120,120847,71886,1.9361394344266412,1,1,24210,24169,10139,5572,15308,20129,48551,36061,34405,25792,362,256,930,3951,13036,44833,2279,53,214,6155,2249,48,236,480,15801,2442,388,5832
1077,5545,1077.2520384061468,99545,6,7,331,120,120847,71887,1.9361494801346124,3,0,24301,24251,10094,5552,15263,20068,48551,36061,34406,25795,362,256,930,3951,13036,44835,2278,53,214,6153,2249,48,236,480,15802,2442,388,5832
1078,5545,1078.0057757825687,99545,4,6,331,120,120847,71887,1.9361494801346124,6,0,24388,24342,10053,5535,15216,19995,48551,36061,34407,25798,362,256,930,3951,13034,44837,2278,53,214,6150,2249,48,236,480,15805,2442,388,5832
1079,5545,1079.2071614216557,99545,4,6,331,120,120848,71887,1.9361595258425837,5,2,24471,24433,10027,5517,15160,19920,48551,36061,34408,25801,362,256,930,3950,13035,44837,2278,53,214,6148,2248,48,236,480,15807,2442,388,5833
1080,5545,1080.1162100172699,99545,5,5,331,120,120849,71887,1.9361695715505551,5,3,24567,24507,9982,5501,15108,19862,48551,36061,34409,25804,362,256,929,3950,13035,44838,2278,53,214,6147,2248,48,236,480,15807,2443,388,5833
1081,5545,1081.2724914564471,99545,6,6,331,120,120852,71888,1.9362097543824401,2,2,24683,24612,9937,5477,15039,19781,48551,36061,34410,25807,362,256,928,3951,13034,44839,2277,53,214,6147,2248,48,236,480,15807,2444,388,5833
1082,5545,1082.1694449047382,99545,6,6,331,120,120852,71888,1.9362097543824401,2,2,24769,24690,9899,5464,14991,19716,48551,36061,34411,25809,362,256,928,3951,13034,44839,2277,53,214,6145,2247,48,236,480,15809,2444,388,5834
1083,5545,1083.0831142897277,99545,6,6,331,120,120853,71889,1.9362298457983826,3,2,24851,24760,9865,5447,14942,19663,48551,36061,34412,25811,362,256,928,3952,13033,44841,2276,53,214,6145,2246,48,236,480,15809,2443,388,5835
1084,5545,1084.135758653493,99545,6,6,331,120,120854,71890,1.9362499372143251,3,1,24922,24855,9838,5430,14898,19586,48551,36061,34413,25813,362,256,928,3952,13033,44842,2276,53,214,6143,2246,48,236,480,15810,2443,388,5835
1085,5545,1085.023614633372,99545,6,5,331,120,120855,71890,1.9362599829222964,4,1,24979,24916,9818,5414,14860,19542,48551,36061,34414,25815,362,256,928,3952,13031,44844,2276,53,214,6143,2245,48,236,480,15810,2443,388,5836
1086,5545,1086.0762722997986,99545,7,5,331,120,120857,71890,1.936280074338239,3,1,25061,24990,9791,5400,14805,19482,48551,36061,34415,25817,362,256,928,3952,13028,44847,2276,53,214,6142,2245,48,236,480,15811,2443,388,5836
1087,5545,1087.019518802452,99545,7,4,331,120,120858,71890,1.9362901200462102,3,1,25137,25092,9756,5383,14764,19398,48551,36061,34416,25819,362,256,928,3952,13026,44849,2276,53,214,6142,2245,48,236,480,15811,2443,388,5836
1088,5545,1088.0147625088255,99545,7,4,331,120,120859,71890,1.9363001657541816,3,2,25211,25180,9719,5362,14727,19330,48551,36061,34417,25821,362,256,928,3952,13025,44850,2276,53,214,6141,2245,48,236,480,15812,2443,388,5836
1089,5545,1089.0678782989485,99545,4,5,331,120,120859,71891,1.9363102114621529,4,1,25264,25245,9697,5345,14698,19282,48551,36061,34418,25823,362,256,928,3953,13023,44852,2275,53,214,6141,2245,48,236,480,15812,2443,388,5836
1090,5545,1090.1583510370374,99545,1,1,331,120,120860,71891,1.9363202571701241,3,1,25364,25355,9662,5322,14637,19199,48551,36061,34419,25825,362,256,928,3951,13024,44855,2275,53,214,6139,2245,48,236,480,15812,2443,388,5836
1091,5545,1091.1543791329157,99545,0,0,331,120,120860,71891,1.9363202571701241,3,1,25453,25426,9630,5301,14581,19150,48551,36061,34420,25827,362,256,928,3951,13024,44856,2275,53,214,6136,2245,48,236,480,15814,2443,388,5836
1092,5545,1092.0182384563107,99545,2,0,331,120,120862,71891,1.9363403485860666,1,1,25516,25480,9602,5288,14546,19109,48551,36061,34421,25829,362,256,928,3951,13022,44858,2275,53,214,6135,2245,48,236,480,15815,2443,388,5836
1093,5545,1093.045058089282,99545,2,1,331,120,120862,71892,1.9363503942940379,1,1,25586,25564,9572,5262,14506,19050,48551,36061,34422,25831,362,256,928,3951,13021,44859,2275,53,214,6135,2245,48,236,480,15815,2443,388,5836
1094,5545,1094.1152591083944,99545,2,1,331,120,120862,71892,1.9363503942940379,2,1,25662,25653,9534,5243,14467,18980,48551,36061,34423,25833,362,256,928,3951,13019,44861,2275,53,214,6135,2245,48,236,480,15815,2443,388,5836
