,indexID,time,N,Inf_L,Inf_H,Dead_L,Dead_H,cum_cases_L,cum_cases_H,cum_sum_per_N,Exposed_L,Exposed_H,Sus_L,Sus_H,Rec_nat_L,Rec_nat_H,Rec_vax_L,Rec_vax_H,vaccinatedH,vaccinatedL,boostedH,boostedL,count_Naive,count_Delta,count_Delta_vaccine,count_two,count_three,count_four,count_Omicron,count_Omicron_star,count_Omicron_star_vaccine,count_Omicron_vaccine,count_Vaccine,count_WT,count_WT_vaccine,count_WT_vaccine_boost,count_Omicron_vaccine_boost,count_Delta_vaccine_boost,count_Omicron_star_vaccine_boost,count_Vaccine_boost
0,3563,1.1621322647286132,99998,7,7,0,0,7,7,0.00014000280005600112,18,18,49974,49974,0,0,0,0,0,0,0,0,99998,0,0,0,0,0,0,0,0,0,0,0,0,0,0,0,0,0
1,3563,2.0406071200056783,99998,6,6,0,0,8,8,0.0001600032000640013,18,17,49973,49974,2,2,0,0,0,0,0,0,99994,0,0,0,0,0,0,0,0,0,0,4,0,0,0,0,0,0
2,3563,3.0633471022980814,99998,11,8,0,0,14,12,0.00026000520010400205,13,14,49972,49973,3,4,0,0,0,0,0,0,99991,0,0,0,0,0,0,0,0,0,0,7,0,0,0,0,0,0
3,3563,4.0302226846713145,99998,13,10,0,0,17,14,0.0003100062001240025,12,14,49970,49971,4,4,0,0,0,0,0,0,99990,0,0,0,0,0,0,0,0,0,0,8,0,0,0,0,0,0
4,3563,5.0809401253163875,99998,17,12,0,0,22,19,0.0004100082001640033,9,9,49968,49971,5,7,0,0,0,0,0,0,99986,0,0,0,0,0,0,0,0,0,0,12,0,0,0,0,0,0
5,3563,6.0116162135247775,99998,17,13,0,0,26,22,0.00048000960019200384,6,6,49967,49971,9,9,0,0,0,0,0,0,99980,0,0,0,0,0,0,0,0,0,0,18,0,0,0,0,0,0
6,3563,7.007909930787392,99998,18,16,0,0,28,25,0.0005300106002120043,9,6,49962,49968,10,9,0,0,0,0,0,0,99979,0,0,0,0,0,0,0,0,0,0,19,0,0,0,0,0,0
7,3563,8.012962316960161,99998,20,14,0,0,31,26,0.0005700114002280045,11,6,49957,49967,11,12,0,0,0,0,0,0,99975,0,0,0,0,0,0,0,0,0,0,23,0,0,0,0,0,0
8,3563,9.052089536352849,99998,21,14,0,0,34,27,0.0006100122002440049,14,12,49951,49960,13,13,0,0,0,0,0,0,99972,0,0,0,0,0,0,0,0,0,0,26,0,0,0,0,0,0
9,3563,10.021324081804744,99998,26,14,0,0,39,30,0.0006900138002760055,17,14,49943,49955,13,16,0,0,0,0,0,0,99969,0,0,0,0,0,0,0,0,0,0,29,0,0,0,0,0,0
10,3563,11.011167292606824,99998,27,16,0,0,44,33,0.0007700154003080061,17,13,49938,49953,17,17,0,0,0,0,0,0,99964,0,0,0,0,0,0,0,0,0,0,34,0,0,0,0,0,0
11,3563,12.05719346269706,99998,30,16,0,0,52,37,0.0008900178003560072,12,12,49935,49950,22,21,0,0,0,0,0,0,99955,0,0,0,0,0,0,0,0,0,0,43,0,0,0,0,0,0
12,3563,13.261290846643009,99998,27,18,0,0,56,40,0.0009600192003840077,13,10,49930,49949,29,22,0,0,0,0,0,0,99947,0,0,0,0,0,0,0,0,0,0,51,0,0,0,0,0,0
13,3563,14.011729548942393,99998,31,22,0,0,61,44,0.0010500210004200084,11,11,49927,49944,30,22,0,0,0,0,0,0,99946,0,0,0,0,0,0,0,0,0,0,52,0,0,0,0,0,0
14,3563,15.11458299591133,99998,34,25,0,0,66,47,0.0011300226004520091,16,10,49917,49942,32,22,0,0,0,0,0,0,99944,0,0,0,0,0,0,0,0,0,0,54,0,0,0,0,0,0
15,3563,16.064700300858032,99998,32,26,0,0,71,50,0.0012100242004840097,17,13,49912,49936,38,24,0,0,0,0,0,0,99935,0,0,0,0,0,0,0,0,0,0,63,0,0,0,0,0,0
16,3563,17.05025193262635,99998,35,28,0,0,75,55,0.0013000260005200104,17,11,49908,49933,39,27,0,0,0,0,0,0,99931,0,0,0,0,0,0,0,0,0,0,67,0,0,0,0,0,0
17,3563,18.13860215690235,99998,37,32,0,0,80,61,0.0014100282005640114,18,10,49902,49928,42,29,0,0,0,0,0,0,99926,0,0,0,0,0,0,0,0,0,0,72,0,0,0,0,0,0
18,3563,19.30421028758193,99998,40,25,0,0,90,62,0.0015200304006080122,18,13,49892,49924,49,37,0,0,0,0,0,0,99911,0,0,0,0,0,0,0,0,0,0,87,0,0,0,0,0,0
19,3563,20.24011780781775,99998,39,24,0,0,91,64,0.0015500310006200124,29,17,49880,49918,51,40,0,0,0,0,0,0,99906,0,0,0,0,0,0,0,0,0,0,92,0,0,0,0,0,0
20,3563,21.198702378149235,99998,40,23,0,0,99,68,0.0016700334006680133,29,17,49872,49914,58,45,0,0,0,0,0,0,99894,0,0,0,0,0,0,0,0,0,0,104,0,0,0,0,0,0
21,3563,22.055520224800762,99998,41,25,0,0,107,72,0.0017900358007160143,31,18,49862,49909,65,47,0,0,0,0,0,0,99885,0,0,0,0,0,0,0,0,0,0,113,0,0,0,0,0,0
22,3563,23.111345144405522,99998,44,26,0,0,114,76,0.0019000380007600153,30,16,49858,49908,67,49,0,0,0,0,0,0,99878,0,0,0,0,0,0,0,0,0,0,120,0,0,0,0,0,0
23,3563,24.30209588175869,99998,40,27,0,0,120,80,0.002000040000800016,33,15,49849,49905,77,52,0,0,0,0,0,0,99865,0,0,0,0,0,0,0,0,0,0,133,0,0,0,0,0,0
24,3563,25.24619887461786,99998,46,25,0,0,129,81,0.0021000420008400167,27,18,49846,49903,80,53,0,0,0,0,0,0,99859,0,0,0,0,0,0,0,0,0,0,139,0,0,0,0,0,0
25,3563,26.279555682120684,99998,48,24,0,0,137,83,0.002200044000880018,28,20,49837,49900,86,55,0,0,0,0,0,0,99850,0,0,0,0,0,0,0,0,0,0,148,0,0,0,0,0,0
26,3563,27.01018415816512,99998,50,23,0,0,146,88,0.0023400468009360186,20,18,49836,49897,93,61,0,0,0,0,0,0,99837,0,0,0,0,0,0,0,0,0,0,161,0,0,0,0,0,0
27,3563,28.02574861875842,99998,48,27,0,0,153,94,0.00247004940098802,20,18,49829,49891,102,63,0,0,0,0,0,0,99826,0,0,0,0,0,0,0,0,0,0,172,0,0,0,0,0,0
28,3563,29.210793350352866,99997,50,34,1,0,165,103,0.0026800804024120725,14,10,49823,49890,111,65,0,0,0,0,0,0,99814,0,0,0,0,0,0,0,0,0,0,183,0,0,0,0,0,0
29,3563,30.00879229559566,99997,53,35,1,0,172,108,0.0028000840025200757,15,12,49815,49883,115,69,0,0,0,0,0,0,99806,0,0,0,0,0,0,0,0,0,0,191,0,0,0,0,0,0
30,3563,31.12802119277793,99997,50,33,1,0,180,109,0.002890086702601078,19,16,49804,49878,125,72,0,0,0,0,0,0,99792,0,0,0,0,0,0,0,0,0,0,205,0,0,0,0,0,0
31,3563,32.024886801966424,99997,53,34,1,0,189,113,0.0030200906027180816,15,15,49799,49875,131,75,0,0,0,0,0,0,99783,0,0,0,0,0,0,0,0,0,0,214,0,0,0,0,0,0
32,3563,33.006916964349124,99997,51,33,1,0,194,116,0.0031000930027900836,17,16,49792,49871,138,79,0,0,0,0,0,0,99772,0,0,0,0,0,0,0,0,0,0,225,0,0,0,0,0,0
33,3563,34.04878078038269,99997,53,35,1,0,202,121,0.003230096902907087,15,15,49786,49867,144,82,0,0,0,0,0,0,99763,0,0,0,0,0,0,0,0,0,0,234,0,0,0,0,0,0
34,3563,35.19453920947666,99997,48,35,1,0,205,127,0.0033200996029880895,26,16,49773,49860,151,88,0,0,0,0,0,0,99749,0,0,0,0,0,0,0,0,0,0,248,0,0,0,0,0,0
35,3563,36.12341204753244,99997,44,37,1,0,209,133,0.003420102603078092,37,17,49758,49854,159,91,0,0,0,0,0,0,99737,0,0,0,0,0,0,0,0,0,0,260,0,0,0,0,0,0
36,3563,37.255021193839696,99997,46,35,1,0,217,138,0.0035501065031950958,34,15,49753,49851,165,98,0,0,0,0,0,0,99724,0,0,0,0,0,0,0,0,0,0,273,0,0,0,0,0,0
37,3563,38.030277280351214,99997,43,30,1,0,221,139,0.0036001080032400973,36,18,49747,49847,172,104,0,0,0,0,0,0,99711,0,0,0,0,0,0,0,0,0,0,286,0,0,0,0,0,0
38,3563,39.20429914164501,99997,46,29,1,0,227,142,0.0036901107033210996,39,22,49739,49840,174,108,0,0,0,0,0,0,99704,0,0,0,0,0,0,0,0,0,0,293,0,0,0,0,0,0
39,3563,40.26834250455936,99997,43,32,1,0,231,148,0.0037901137034111023,42,20,49733,49836,180,111,0,0,0,0,0,0,99694,0,0,0,0,0,0,0,0,0,0,303,0,0,0,0,0,0
40,3563,41.28716624616464,99997,41,28,1,0,239,151,0.0039001170035101052,41,21,49727,49832,189,118,0,0,0,0,0,0,99677,0,0,0,0,0,0,0,0,0,0,320,0,0,0,0,0,0
41,3563,42.30808286805674,99997,42,35,1,0,243,158,0.004010120303609108,43,17,49721,49829,192,118,0,0,0,0,0,0,99674,0,0,0,0,0,0,0,0,0,0,323,0,0,0,0,0,0
42,3563,43.08246357147705,99997,49,34,1,0,253,162,0.0041501245037351125,41,18,49714,49825,194,122,0,0,0,0,0,0,99666,0,0,0,0,0,0,0,0,0,0,331,0,0,0,0,0,0
43,3563,44.13039865345777,99997,55,31,1,0,268,166,0.004340130203906117,37,20,49703,49819,203,129,0,0,0,0,0,0,99650,0,0,0,0,0,0,0,0,0,0,347,0,0,0,0,0,0
44,3563,45.260942337348126,99996,57,32,2,0,277,173,0.0045001800072002884,36,24,49697,49808,207,135,0,0,0,0,0,0,99637,0,0,0,0,0,0,0,0,0,0,359,0,0,0,0,0,0
45,3563,46.28233234175674,99996,60,31,2,0,284,178,0.004620184807392296,45,26,49681,49803,211,139,0,0,0,0,0,0,99627,0,0,0,0,0,0,0,0,0,0,369,0,0,0,0,0,0
46,3563,47.303930855181534,99996,65,32,2,0,295,183,0.004780191207648306,49,24,49666,49800,217,143,0,0,0,0,0,0,99617,0,0,0,0,0,0,0,0,0,0,379,0,0,0,0,0,0
47,3563,48.325734588085474,99996,63,31,2,0,302,188,0.004900196007840313,52,23,49656,49796,226,149,0,0,0,0,0,0,99602,0,0,0,0,0,0,0,0,0,0,394,0,0,0,0,0,0
48,3563,49.0070527529876,99996,71,31,2,0,315,192,0.005070202808112325,48,23,49647,49792,231,153,0,0,0,0,0,0,99593,0,0,0,0,0,0,0,0,0,0,403,0,0,0,0,0,0
49,3563,50.02918906652544,99996,75,34,2,0,330,202,0.005320212808512341,50,20,49631,49785,241,160,0,0,0,0,0,0,99575,0,0,0,0,0,0,0,0,0,0,421,0,0,0,0,0,0
50,3563,51.302364362571645,99996,83,27,2,0,344,207,0.005510220408816353,52,25,49617,49779,245,168,0,0,0,0,0,0,99557,0,0,0,0,0,0,0,0,0,0,439,0,0,0,0,0,0
51,3563,52.32495501312233,99996,89,28,2,0,359,214,0.0057302292091683665,47,22,49607,49775,254,174,0,0,0,0,0,0,99542,0,0,0,0,0,0,0,0,0,0,454,0,0,0,0,0,0
52,3563,53.006793906461866,99996,84,30,2,0,365,217,0.005820232809312372,51,22,49597,49774,265,173,0,0,0,0,0,0,99530,0,0,0,0,0,0,0,0,0,0,466,0,0,0,0,0,0
53,3563,54.02984010931255,99996,75,31,2,0,371,222,0.005930237209488379,64,20,49578,49772,280,176,0,0,0,0,0,0,99511,0,0,0,0,0,0,0,0,0,0,485,0,0,0,0,0,0
54,3563,55.27173452115809,99996,92,29,2,0,404,225,0.006290251610064403,54,23,49558,49767,293,180,0,0,0,0,0,0,99490,0,0,0,0,0,0,0,0,0,0,506,0,0,0,0,0,0
55,3563,56.10832414700609,99996,89,27,2,0,412,230,0.006420256810272411,57,24,49547,49761,304,187,0,0,0,0,0,0,99472,0,0,0,0,0,0,0,0,0,0,524,0,0,0,0,0,0
56,3563,57.13222856809548,99996,91,31,2,0,429,235,0.006640265610624425,51,24,49538,49756,317,188,0,0,0,0,0,0,99456,0,0,0,0,0,0,0,0,0,0,540,0,0,0,0,0,0
57,3563,58.15636231540167,99996,84,34,2,0,437,240,0.006770270810832433,52,23,49530,49753,331,189,0,0,0,0,0,0,99439,0,0,0,0,0,0,0,0,0,0,557,0,0,0,0,0,0
58,3563,59.18073860291807,99996,79,32,2,0,451,245,0.0069602784111364455,50,27,49519,49745,349,195,0,0,0,0,0,0,99413,0,0,0,0,0,0,0,0,0,0,583,0,0,0,0,0,0
59,3563,60.20538373623169,99996,85,39,2,0,469,254,0.007230289211568462,44,26,49508,49737,360,197,0,0,0,0,0,0,99399,0,0,0,0,0,0,0,0,0,0,597,0,0,0,0,0,0
60,3563,61.23024470755679,99995,80,42,3,0,480,260,0.007400370018500925,50,27,49492,49731,374,199,0,0,0,0,0,0,99380,0,0,0,0,0,0,0,0,0,0,615,0,0,0,0,0,0
61,3563,62.255376814832765,99995,76,41,3,0,492,270,0.0076203810190509525,55,20,49478,49728,387,210,0,0,0,0,0,0,99353,0,0,0,0,0,0,0,0,0,0,642,0,0,0,0,0,0
62,3563,63.32778048019742,99995,84,45,3,0,511,277,0.007880394019700985,42,25,49473,49717,397,212,0,0,0,0,0,0,99339,0,0,0,0,0,0,0,0,0,0,656,0,0,0,0,0,0
63,3563,64.01147634569168,99995,90,48,3,0,522,286,0.00808040402020101,39,18,49465,49715,402,218,0,0,0,0,0,0,99329,0,0,1,0,0,0,0,0,0,0,665,0,0,0,0,0,0
64,3563,65.23406049341618,99994,88,42,4,0,531,290,0.008210492629557774,57,21,49438,49709,412,227,0,0,0,0,0,0,99308,0,0,1,0,0,0,0,0,0,0,685,0,0,0,0,0,0
65,3563,66.00539022648285,99994,92,40,4,0,542,293,0.008350501030061803,57,21,49428,49706,418,232,0,0,0,0,0,0,99296,0,0,1,0,0,0,0,0,0,0,697,0,0,0,0,0,0
66,3563,67.03167672631132,99994,94,40,4,0,555,296,0.008510510630637838,60,22,49412,49703,429,234,0,0,0,0,0,0,99282,0,0,1,0,0,0,0,0,0,0,711,0,0,0,0,0,0
67,3563,68.05822516605132,99994,91,37,4,0,567,302,0.008690521431285876,61,22,49400,49699,443,241,0,0,0,0,0,0,99258,0,0,1,0,0,0,0,0,0,0,735,0,0,0,0,0,0
68,3563,69.08505381064887,99994,99,39,4,0,584,306,0.008900534032041923,60,29,49386,49689,450,242,0,0,0,0,0,0,99248,0,0,2,0,0,0,0,0,0,0,744,0,0,0,0,0,0
69,3563,70.1120854692002,99994,89,43,4,0,594,311,0.009050543032581956,62,35,49376,49678,468,243,0,0,0,0,0,0,99227,0,0,2,0,0,0,0,0,0,0,765,0,0,0,0,0,0
70,3563,71.13936619896558,99994,90,42,4,0,610,317,0.009270556233374002,61,35,49362,49673,482,249,0,0,0,0,0,0,99205,0,0,2,0,0,0,0,0,0,0,787,0,0,0,0,0,0
71,3563,72.16694278630271,99994,81,47,4,0,619,328,0.009470568234094045,67,31,49348,49669,499,252,0,0,0,0,0,0,99181,0,0,2,0,0,0,0,0,0,0,811,0,0,0,0,0,0
72,3563,73.19481305762082,99994,89,47,4,0,637,333,0.009700582034922096,62,34,49335,49661,509,257,0,0,0,0,0,0,99166,0,0,2,0,0,0,0,0,0,0,826,0,0,0,0,0,0
73,3563,74.2229379110554,99993,86,46,4,1,648,339,0.009870690948366385,63,33,49325,49656,521,263,0,0,0,0,0,0,99145,0,0,2,0,0,0,0,0,0,0,846,0,0,0,0,0,0
74,3563,75.25128061689144,99993,86,54,4,1,668,353,0.010210714750032502,58,28,49310,49647,541,269,0,0,0,0,0,0,99119,0,0,2,0,0,0,0,0,0,0,872,0,0,0,0,0,0
75,3563,76.2799370123011,99993,89,42,4,1,682,356,0.010380726650865561,62,28,49299,49646,545,282,0,0,0,0,0,0,99094,0,0,3,0,0,0,0,0,0,0,896,0,0,0,0,0,0
76,3563,77.30884922415132,99993,85,38,4,1,695,361,0.010560739251747622,64,26,49284,49643,562,291,0,0,0,0,0,0,99068,0,0,3,0,0,0,0,0,0,0,922,0,0,0,0,0,0
77,3563,78.3381080307295,99992,91,40,5,1,713,367,0.01080086406912553,62,25,49270,49640,571,293,0,0,0,0,0,0,99052,0,0,3,0,0,0,0,0,0,0,937,0,0,0,0,0,0
78,3563,79.02443888862253,99992,94,38,5,1,726,370,0.010960876870149612,58,25,49261,49637,581,298,0,0,0,0,0,0,99037,0,0,3,0,0,0,0,0,0,0,952,0,0,0,0,0,0
79,3563,80.0541353255282,99992,93,35,5,1,736,373,0.011090887270981679,64,26,49247,49634,590,303,0,0,0,0,0,0,99020,0,0,3,0,0,0,0,0,0,0,969,0,0,0,0,0,0
80,3563,81.08409158327363,99992,94,41,5,1,748,380,0.011280902472197776,66,22,49236,49632,598,303,0,0,0,0,0,0,99008,0,0,3,0,0,0,0,0,0,0,981,0,0,0,0,0,0
81,3563,82.11424539753101,99992,102,42,5,1,772,387,0.011590927274181935,56,24,49222,49624,614,308,0,0,0,0,0,0,98986,0,0,3,0,0,0,0,0,0,0,1003,0,0,0,0,0,0
82,3563,83.14468429108845,99992,100,40,5,1,789,393,0.011820945675654053,56,27,49208,49618,630,313,0,0,0,0,0,0,98959,0,0,3,0,0,0,0,0,0,0,1030,0,0,0,0,0,0
83,3563,84.17543956536099,99992,108,41,5,1,808,401,0.012090967277382191,56,23,49192,49614,638,320,0,0,0,0,0,0,98941,0,0,3,0,0,0,0,0,0,0,1048,0,0,0,0,0,0
84,3563,85.20645488904228,99992,111,44,5,1,823,408,0.012310984878790303,57,22,49176,49609,650,323,0,0,0,0,0,0,98925,0,0,3,0,0,0,0,0,0,0,1064,0,0,0,0,0,0
85,3563,86.07665760659346,99992,116,36,5,1,842,413,0.012551004080326425,49,25,49170,49602,659,335,0,0,0,0,0,0,98898,0,0,3,0,0,0,0,0,0,0,1091,0,0,0,0,0,0
86,3563,87.26932850259013,99992,111,42,5,1,855,422,0.012771021681734539,58,20,49153,49598,672,338,0,0,0,0,0,0,98877,0,0,3,0,0,0,0,0,0,0,1112,0,0,0,0,0,0
87,3563,88.00189494033403,99992,112,41,5,1,861,425,0.012861028882310584,59,19,49148,49597,675,341,0,0,0,0,0,0,98868,0,0,3,0,0,0,0,0,0,0,1121,0,0,0,0,0,0
88,3563,89.07141734676733,99991,120,37,5,2,885,427,0.013121180906281565,57,27,49127,49587,690,346,0,0,0,0,0,0,98846,0,0,3,0,0,0,0,0,0,0,1142,0,0,0,0,0,0
89,3563,90.10358934217763,99991,115,36,5,2,898,430,0.013281195307577681,58,32,49117,49580,704,349,0,0,0,0,0,0,98824,0,0,3,0,0,0,0,0,0,0,1164,0,0,0,0,0,0
90,3563,91.13602784287481,99991,114,40,5,2,908,437,0.013451210608954807,62,31,49107,49576,711,350,0,0,0,0,0,0,98810,0,0,3,0,0,0,0,0,0,0,1178,0,0,0,0,0,0
91,3563,92.1686905378891,99991,111,38,5,2,925,440,0.013651228610574951,66,34,49086,49575,731,350,0,0,0,0,0,0,98785,0,0,3,0,0,0,0,0,0,0,1203,0,0,0,0,0,0
92,3563,93.20173962663904,99991,117,40,5,2,945,448,0.013931253812843157,67,34,49069,49569,741,354,0,0,0,0,0,0,98766,0,0,4,0,0,0,0,0,0,0,1221,0,0,0,0,0,0
93,3563,94.23507664447207,99991,118,37,5,2,958,452,0.01410126911422028,69,34,49056,49567,751,359,0,0,0,0,0,0,98747,0,0,4,0,0,0,0,0,0,0,1240,0,0,0,0,0,0
94,3563,95.26870840467637,99991,114,40,5,2,973,460,0.014331289816083448,67,33,49043,49561,770,363,0,0,0,0,0,0,98723,0,0,4,0,0,0,0,0,0,0,1264,0,0,0,0,0,0
95,3563,96.3026116588461,99991,115,45,5,2,986,471,0.014571311418027623,69,29,49031,49555,779,368,0,0,0,0,0,0,98705,0,0,4,0,0,0,0,0,0,0,1282,0,0,0,0,0,0
96,3563,97.33677859636357,99990,109,45,6,2,996,476,0.01472147214721472,73,33,49019,49547,792,372,0,0,0,0,0,0,98684,0,0,4,0,0,0,0,0,0,0,1302,0,0,0,0,0,0
97,3563,98.02636213202813,99990,110,47,6,2,1009,481,0.014901490149014901,69,33,49010,49543,804,374,0,0,0,0,0,0,98669,0,0,4,0,0,0,0,0,0,0,1317,0,0,0,0,0,0
98,3563,99.06096023774097,99990,113,45,6,2,1027,490,0.015171517151715172,71,31,49000,49538,809,383,0,0,0,0,0,0,98643,0,0,4,0,0,0,0,0,0,0,1343,0,0,0,0,0,0
99,3563,100.09575817265306,99990,105,42,6,2,1038,493,0.015311531153115312,84,38,48978,49530,826,387,0,0,0,0,0,0,98618,0,0,4,0,0,0,0,0,0,0,1368,0,0,0,0,0,0
100,3563,101.13093098355984,99990,112,46,6,2,1061,503,0.01564156415641564,80,35,48964,49523,837,393,0,0,0,0,0,0,98596,0,0,4,0,0,0,0,0,0,0,1390,0,0,0,0,0,0
101,3563,102.16634809497504,99990,121,48,6,2,1084,510,0.015941594159415942,70,29,48953,49522,849,398,0,0,0,0,0,0,98577,0,0,4,0,0,0,0,0,0,0,1409,0,0,0,0,0,0
102,3563,103.20204956640757,99990,112,53,6,2,1098,522,0.016201620162016202,81,31,48929,49509,871,404,0,0,0,0,0,0,98547,0,0,4,0,0,0,0,0,0,0,1439,0,0,0,0,0,0
103,3563,104.23819644895855,99990,124,55,6,2,1127,529,0.016561656165616563,73,30,48912,49504,884,408,0,0,0,0,0,0,98526,0,0,5,0,0,0,0,0,0,0,1459,0,0,0,0,0,0
104,3563,105.27470018451295,99990,122,51,6,2,1147,532,0.016791679167916792,79,34,48889,49500,903,412,0,0,0,0,0,0,98497,0,0,5,0,0,0,0,0,0,0,1488,0,0,0,0,0,0
105,3563,106.3115741507739,99990,118,51,6,2,1166,542,0.01708170817081708,78,35,48875,49492,922,419,0,0,0,0,0,0,98464,0,0,5,0,0,0,0,0,0,0,1521,0,0,0,0,0,0
106,3563,107.00303090379474,99990,123,50,6,2,1183,551,0.01734173417341734,70,31,48869,49487,931,429,0,0,0,0,0,0,98443,0,0,6,0,0,0,0,0,0,0,1541,0,0,0,0,0,0
107,3563,108.04044212957045,99990,118,52,6,2,1200,562,0.017621762176217623,74,30,48852,49481,949,434,0,0,0,0,0,0,98412,0,0,6,0,0,0,0,0,0,0,1572,0,0,0,0,0,0
108,3563,109.07819963690122,99990,109,52,6,2,1211,569,0.0178017801780178,75,35,48841,49472,968,438,0,0,0,0,0,0,98385,0,0,6,0,0,0,0,0,0,0,1599,0,0,0,0,0,0
109,3563,110.11628610654915,99990,114,58,6,2,1233,579,0.01812181218121812,70,31,48828,49469,981,439,0,0,0,0,0,0,98364,0,0,6,0,0,0,0,0,0,0,1620,0,0,0,0,0,0
110,3563,111.15465777106498,99990,108,51,6,2,1248,586,0.01834183418341834,67,32,48822,49462,996,452,0,0,0,0,0,0,98329,0,0,6,0,0,0,0,0,0,0,1655,0,0,0,0,0,0
111,3563,112.19330894160257,99990,113,54,6,2,1265,593,0.018581858185818582,71,34,48804,49455,1005,454,0,0,0,0,0,0,98313,0,0,6,0,0,0,0,0,0,0,1671,0,0,0,0,0,0
112,3563,113.23219994742954,99990,120,53,6,2,1285,602,0.01887188718871887,69,33,48788,49448,1016,463,0,0,0,0,0,0,98290,0,0,6,0,0,0,0,0,0,0,1694,0,0,0,0,0,0
113,3563,114.27135353355787,99990,118,55,6,2,1297,611,0.01908190819081908,73,28,48777,49446,1025,468,0,0,0,0,0,0,98269,0,0,6,0,0,0,0,0,0,0,1715,0,0,0,0,0,0
114,3563,115.31074240295642,99990,117,55,6,2,1313,617,0.0193019301930193,69,28,48771,49442,1036,472,0,0,0,0,0,0,98246,0,0,6,0,0,0,0,0,0,0,1738,0,0,0,0,0,0
115,3563,116.00379102318111,99990,121,51,6,2,1324,618,0.019421942194219423,65,32,48765,49439,1042,475,0,0,0,0,0,0,98234,0,0,6,0,0,0,0,0,0,0,1750,0,0,0,0,0,0
116,3563,117.04351574961018,99990,127,50,6,2,1345,623,0.019681968196819683,64,31,48750,49437,1052,479,0,0,0,0,0,0,98213,0,0,6,0,0,0,0,0,0,0,1771,0,0,0,0,0,0
117,3563,118.08354260570273,99990,114,53,6,2,1360,633,0.01993199319931993,64,32,48738,49426,1077,486,0,0,0,0,0,0,98178,0,0,6,0,0,0,0,0,0,0,1806,0,0,0,0,0,0
118,3563,119.12388903303238,99990,111,55,6,2,1377,641,0.02018201820182018,63,34,48726,49423,1093,485,0,0,0,0,0,0,98152,0,0,6,0,0,0,0,0,0,0,1832,0,0,0,0,0,0
119,3563,120.16455183959805,99990,111,53,6,2,1393,648,0.02041204120412041,61,38,48724,49412,1097,494,0,0,0,0,0,0,98128,0,0,7,0,0,0,0,0,0,0,1855,0,0,0,0,0,0
120,3563,121.20529675306804,99990,108,57,6,2,1404,658,0.02062206220622062,60,39,48716,49403,1109,498,0,0,0,0,0,0,98108,0,0,7,0,0,0,0,0,0,0,1875,0,0,0,0,0,0
121,3563,122.24618335202018,99990,100,57,6,2,1416,664,0.020802080208020803,71,39,48697,49397,1125,504,0,0,0,0,0,0,98084,0,0,9,0,0,0,0,0,0,0,1897,0,0,0,0,0,0
122,3563,123.28744018053344,99990,103,55,6,2,1434,672,0.021062106210621063,72,39,48683,49392,1135,511,0,0,0,0,0,0,98060,0,0,10,0,0,0,0,0,0,0,1920,0,0,0,0,0,0
123,3563,124.32897904291585,99990,120,58,6,2,1459,682,0.02141214121412141,62,43,48674,49381,1137,515,0,0,0,0,0,0,98045,0,0,10,0,0,0,0,0,0,0,1935,0,0,0,0,0,0
124,3563,125.02337202759527,99990,113,59,6,2,1469,689,0.021582158215821583,64,39,48665,49379,1151,520,0,0,0,0,0,0,98022,0,0,10,0,0,0,0,0,0,0,1958,0,0,0,0,0,0
125,3563,126.0652672781841,99990,110,62,6,2,1489,701,0.021902190219021903,65,36,48646,49373,1172,526,0,0,0,0,0,0,97991,0,0,11,0,0,0,0,0,0,0,1988,0,0,0,0,0,0
126,3563,127.10756027629424,99990,115,63,6,2,1508,717,0.02225222522252225,62,35,48631,49358,1185,541,0,0,0,0,0,0,97962,0,0,11,0,0,0,0,0,0,0,2017,0,0,0,0,0,0
127,3563,128.1501153605724,99990,116,66,6,2,1525,726,0.02251225122512251,59,37,48623,49351,1195,543,0,0,0,0,0,0,97941,0,0,12,0,0,0,0,0,0,0,2037,0,0,0,0,0,0
128,3563,129.19287631463087,99990,109,59,6,2,1534,733,0.02267226722672267,76,36,48602,49348,1206,554,0,0,0,0,0,0,97911,0,0,12,0,0,0,0,0,0,0,2067,0,0,0,0,0,0
129,3563,130.23599989878056,99990,119,53,6,2,1556,740,0.022962296229622963,74,34,48589,49343,1211,567,0,0,0,0,0,0,97886,0,0,12,0,0,0,0,0,0,0,2092,0,0,0,0,0,0
130,3563,131.27940823699026,99989,128,52,6,3,1582,750,0.02332256548220304,73,35,48565,49332,1227,577,0,0,0,0,0,0,97858,0,0,12,0,0,0,0,0,0,0,2119,0,0,0,0,0,0
131,3563,132.32318200242315,99989,126,52,6,3,1598,755,0.023532588584744323,76,43,48549,49320,1242,581,0,0,0,0,0,0,97836,0,0,13,0,0,0,0,0,0,0,2140,0,0,0,0,0,0
132,3563,133.01922655756994,99989,126,53,6,3,1607,760,0.023672603986438508,77,48,48541,49316,1249,579,0,0,0,0,0,0,97823,0,0,13,0,0,0,0,0,0,0,2153,0,0,0,0,0,0
133,3563,134.06345758415688,99989,123,53,6,3,1634,769,0.02403264359079499,66,48,48530,49308,1274,587,0,0,0,0,0,0,97784,0,0,13,0,0,0,0,0,0,0,2192,0,0,0,0,0,0
134,3563,135.10803233306092,99989,119,59,6,3,1652,781,0.02433267659442539,63,46,48521,49301,1290,590,0,0,0,0,0,0,97756,0,0,13,0,0,0,0,0,0,0,2220,0,0,0,0,0,0
135,3563,136.15294358187893,99989,125,64,6,3,1673,793,0.024662712898418825,65,43,48500,49293,1303,596,0,0,0,0,0,0,97735,0,0,14,0,0,0,0,0,0,0,2240,0,0,0,0,0,0
136,3563,137.19813969951426,99989,133,71,6,3,1692,806,0.02498274810229125,68,40,48487,49283,1305,602,0,0,0,0,0,0,97718,0,0,14,0,0,0,0,0,0,0,2257,0,0,0,0,0,0
137,3563,138.2435470574484,99989,126,65,6,3,1711,814,0.02525277780555861,68,38,48477,49279,1322,614,0,0,0,0,0,0,97679,0,0,15,0,0,0,0,0,0,0,2295,0,0,0,0,0,0
138,3563,139.28922595550736,99989,121,63,6,3,1721,826,0.025472802008220906,76,36,48464,49270,1332,627,0,0,0,0,0,0,97651,0,0,16,0,0,0,0,0,0,0,2322,0,0,0,0,0,0
139,3563,140.3352043292657,99989,115,64,6,3,1736,834,0.02570282731100421,84,38,48446,49261,1348,633,0,0,0,0,0,0,97623,0,0,16,0,0,0,0,0,0,0,2350,0,0,0,0,0,0
140,3563,141.03270988464476,99989,120,68,6,3,1746,843,0.025892848213303465,91,35,48433,49256,1349,637,0,0,0,0,0,0,97613,0,0,16,0,0,0,0,0,0,0,2360,0,0,0,0,0,0
141,3563,142.07922287947542,99989,141,63,6,3,1783,852,0.026352898818870076,76,37,48414,49249,1362,647,0,0,0,0,0,0,97584,0,0,17,0,0,0,0,0,0,0,2388,0,0,0,0,0,0
142,3563,143.1260715913301,99989,131,62,6,3,1797,868,0.026652931822500475,76,32,48404,49242,1382,660,0,0,0,0,0,0,97543,0,0,17,0,0,0,0,0,0,0,2429,0,0,0,0,0,0
143,3563,144.1732535937307,99989,140,63,6,3,1818,878,0.026962965926251886,73,30,48395,49236,1385,667,0,0,0,0,0,0,97522,0,0,17,0,0,0,0,0,0,0,2450,0,0,0,0,0,0
144,3563,145.22062737059727,99989,136,67,6,3,1837,887,0.02724299672964026,84,36,48368,49226,1405,667,0,0,0,0,0,0,97495,0,0,18,0,0,0,0,0,0,0,2476,0,0,0,0,0,0
145,3563,146.26837142096485,99988,131,61,6,4,1852,894,0.027463295595471456,86,40,48355,49219,1421,675,0,0,0,0,0,0,97462,0,0,18,0,0,0,0,0,0,0,2508,0,0,0,0,0,0
146,3563,147.3164554841779,99988,142,64,6,4,1878,903,0.02781333760051206,77,42,48343,49210,1431,679,0,0,0,0,0,0,97441,0,0,18,0,0,0,0,0,0,0,2529,0,0,0,0,0,0
147,3563,148.0152981451167,99988,142,68,6,4,1893,907,0.02800336040324839,78,42,48328,49208,1445,677,0,0,0,0,0,0,97426,0,0,18,0,0,0,0,0,0,0,2544,0,0,0,0,0,0
148,3563,149.0638899899055,99988,138,68,6,4,1911,920,0.028313397607712926,91,40,48304,49202,1460,685,0,0,0,0,0,0,97391,0,0,18,0,0,0,0,0,0,0,2579,0,0,0,0,0,0
149,3563,150.11289897453693,99988,149,70,6,4,1938,931,0.028693443213185583,85,33,48286,49199,1473,693,0,0,0,0,0,0,97366,0,0,18,0,0,0,0,0,0,0,2604,0,0,0,0,0,0
150,3563,151.16230804149097,99988,157,65,6,4,1962,936,0.028983478017362084,77,39,48274,49190,1485,701,0,0,0,0,0,0,97341,0,0,19,0,0,0,0,0,0,0,2628,0,0,0,0,0,0
151,3563,152.2119902774489,99988,151,70,6,4,1980,948,0.0292835140216826,77,40,48261,49178,1504,707,0,0,0,0,0,0,97311,0,0,20,0,0,0,0,0,0,0,2657,0,0,0,0,0,0
152,3563,153.26197291109327,99988,146,69,6,4,1991,955,0.029463535624274912,90,43,48245,49169,1512,714,0,0,0,0,0,0,97288,0,0,19,1,0,0,0,0,0,0,2680,0,0,0,0,0,0
153,3563,154.3122156784545,99988,148,64,6,4,2017,967,0.02984358122974757,86,45,48229,49157,1530,729,0,0,0,0,0,0,97250,0,0,22,1,0,0,0,0,0,0,2715,0,0,0,0,0,0
154,3563,155.0125787071352,99988,150,73,6,4,2036,986,0.030223626835220226,88,37,48211,49147,1544,738,0,0,0,0,0,0,97225,0,0,24,1,0,0,0,0,0,0,2738,0,0,0,0,0,0
155,3563,156.06358079654007,99988,145,75,6,4,2063,998,0.030613673640836902,83,33,48191,49143,1574,744,0,0,0,0,0,0,97183,0,0,24,1,0,0,0,0,0,0,2780,0,0,0,0,0,0
156,3563,157.11509254969357,99988,142,77,6,4,2076,1008,0.0308437012441493,98,34,48166,49134,1587,750,0,0,0,0,0,0,97160,0,0,25,1,0,0,0,0,0,0,2802,0,0,0,0,0,0
157,3563,158.16700745595602,99988,147,76,6,4,2097,1018,0.031153738448613834,94,38,48156,49123,1596,758,0,0,0,0,0,0,97133,0,0,25,1,0,0,0,0,0,0,2829,0,0,0,0,0,0
158,3563,159.2191281006553,99988,153,78,6,4,2123,1028,0.03151378165379846,92,38,48133,49116,1615,763,0,0,0,0,0,0,97105,0,0,25,1,0,0,0,0,0,0,2857,0,0,0,0,0,0
159,3563,160.27170740609012,99988,146,74,6,4,2141,1036,0.0317738128575429,93,36,48117,49114,1637,771,0,0,0,0,0,0,97068,0,0,25,1,0,0,0,0,0,0,2894,0,0,0,0,0,0
160,3563,161.3247721393602,99988,135,79,6,4,2154,1046,0.032003840460855304,113,34,48089,49107,1656,775,0,0,0,0,0,0,97039,0,0,25,1,0,0,0,0,0,0,2923,0,0,0,0,0,0
161,3563,162.02708334748058,99988,131,74,6,4,2170,1049,0.03219386326359163,112,37,48077,49103,1673,781,0,0,0,0,0,0,97011,0,0,25,1,0,0,0,0,0,0,2951,0,0,0,0,0,0
162,3563,163.08094919722382,99988,138,64,6,4,2200,1054,0.03254390526863223,111,44,48056,49092,1688,795,0,0,0,0,0,0,96973,0,0,25,1,0,0,0,0,0,0,2989,0,0,0,0,0,0
163,3563,164.13523781583854,99988,151,73,6,4,2234,1067,0.03301396167540105,98,41,48038,49086,1706,795,0,0,0,0,0,0,96948,0,0,25,1,0,0,0,0,0,0,3014,0,0,0,0,0,0
164,3563,165.18987739085645,99988,143,72,6,4,2248,1080,0.03328399407928952,104,42,48022,49077,1724,804,0,0,0,0,0,0,96912,0,0,25,1,0,0,0,0,0,0,3050,0,0,0,0,0,0
165,3563,166.24488080091257,99988,156,66,6,4,2276,1085,0.03361403368404209,103,48,48000,49070,1734,811,0,0,0,0,0,0,96886,0,0,25,1,0,0,0,0,0,0,3076,0,0,0,0,0,0
166,3563,167.30025605429122,99988,152,64,6,4,2290,1095,0.0338540624874985,109,46,47988,49069,1744,816,0,0,0,0,0,0,96856,0,0,25,1,0,0,0,0,0,0,3106,0,0,0,0,0,0
167,3563,168.00398028556793,99988,152,64,6,4,2310,1101,0.03411409369124295,103,48,47977,49063,1761,820,0,0,0,0,0,0,96832,0,0,27,1,0,0,0,0,0,0,3128,0,0,0,0,0,0
168,3563,169.05986139011057,99988,147,69,6,4,2329,1115,0.03444413329599552,99,46,47973,49054,1774,826,0,0,0,0,0,0,96800,0,0,28,1,0,0,0,0,0,0,3159,0,0,0,0,0,0
169,3563,170.1160043265533,99988,140,69,6,4,2355,1125,0.03480417650118014,94,52,47957,49042,1802,832,0,0,0,0,0,0,96758,0,0,29,1,0,0,0,0,0,0,3200,0,0,0,0,0,0
170,3563,171.17260440268788,99988,141,61,6,4,2388,1131,0.035194223306796814,96,57,47929,49033,1827,844,0,0,0,0,0,0,96712,0,0,29,1,0,0,0,0,0,0,3246,0,0,0,0,0,0
171,3563,172.2297330762759,99987,138,72,7,4,2409,1150,0.0355946273015492,98,50,47910,49023,1846,850,0,0,0,0,0,0,96680,0,0,29,1,0,0,0,0,0,0,3277,0,0,0,0,0,0
172,3563,173.2873071685347,99987,144,79,7,4,2442,1169,0.03611469491033834,88,37,47890,49021,1870,858,0,0,0,0,0,0,96643,0,0,31,1,0,0,0,0,0,0,3312,0,0,0,0,0,0
173,3563,174.3453583155044,99987,146,82,7,4,2468,1181,0.03649474431676118,83,35,47878,49013,1885,865,0,0,0,0,0,0,96611,0,0,32,1,0,0,0,0,0,0,3343,0,0,0,0,0,0
174,3563,175.050882389821,99987,148,81,7,4,2486,1189,0.03675477812115575,87,34,47860,49007,1897,873,0,0,0,0,0,0,96587,0,0,33,1,0,0,0,0,0,0,3366,0,0,0,0,0,0
175,3563,176.10951670520228,99987,159,77,7,4,2518,1196,0.037144828827747604,75,35,47845,49001,1913,882,0,0,0,0,0,0,96556,0,0,32,2,0,0,0,0,0,0,3397,0,0,0,0,0,0
176,3563,177.16851455201072,99987,157,75,7,4,2538,1207,0.03745486913298729,78,33,47831,48998,1926,889,0,0,0,0,0,0,96522,0,0,33,2,0,0,0,0,0,0,3430,0,0,0,0,0,0
177,3563,178.22785395787736,99987,154,76,7,4,2557,1220,0.03777491073839599,81,40,47817,48983,1940,896,0,0,0,0,0,0,96490,0,0,35,2,0,0,0,0,0,0,3460,0,0,0,0,0,0
178,3563,179.287487207894,99987,161,68,7,4,2579,1225,0.03804494584295959,80,46,47800,48974,1951,907,0,0,0,0,0,0,96462,0,0,35,2,0,0,0,0,0,0,3488,0,0,0,0,0,0
179,3563,180.34742403240028,99987,153,74,7,4,2600,1237,0.03837498874853731,79,46,47787,48964,1973,911,0,0,0,0,0,0,96428,0,0,36,2,0,0,0,0,0,0,3521,0,0,0,0,0,0
180,3563,181.05425689940006,99987,149,80,7,4,2615,1250,0.03865502515326993,86,44,47772,48954,1985,917,0,0,0,0,0,0,96402,0,0,36,2,0,0,0,0,0,0,3547,0,0,0,0,0,0
181,3563,182.11482578192772,99987,152,83,7,4,2637,1260,0.03897506675867863,89,46,47753,48942,1998,924,0,0,0,0,0,0,96376,0,0,36,2,0,0,0,0,0,0,3573,0,0,0,0,0,0
182,3563,183.17571795664082,99987,159,92,7,4,2662,1278,0.039405122665946576,86,40,47740,48932,2007,931,0,0,0,0,0,0,96351,0,0,38,2,0,0,0,0,0,0,3596,0,0,0,0,0,0
183,3563,184.23685246347617,99987,154,86,7,4,2681,1286,0.039675157770510165,93,48,47719,48920,2026,941,0,0,0,0,0,0,96313,0,0,38,2,0,0,0,0,0,0,3634,0,0,0,0,0,0
184,3563,185.2984327255284,99987,156,83,7,4,2702,1298,0.04000520067608789,104,47,47696,48912,2036,953,0,0,0,0,0,0,96279,0,0,38,2,0,0,0,0,0,0,3668,0,0,0,0,0,0
185,3563,186.00636477828678,99986,161,81,7,5,2726,1304,0.040305642789990596,98,51,47687,48905,2046,957,0,0,0,0,0,0,96252,0,0,38,2,0,0,0,0,0,0,3694,0,0,0,0,0,0
186,3563,187.06854949577075,99986,165,88,7,5,2750,1322,0.04072570159822375,99,46,47672,48895,2056,965,0,0,0,0,0,0,96222,0,0,39,2,0,0,0,0,0,0,3723,0,0,0,0,0,0
187,3563,188.13099191417686,99986,171,88,7,5,2773,1336,0.04109575340547677,111,43,47642,48886,2068,977,0,0,0,0,0,0,96191,0,0,39,2,0,0,0,0,0,0,3754,0,0,0,0,0,0
188,3563,189.1939114380255,99986,168,86,7,5,2801,1343,0.04144580241233773,111,52,47626,48877,2087,979,0,0,0,0,0,0,96151,0,0,39,2,0,0,0,0,0,0,3794,0,0,0,0,0,0
189,3563,190.25722982475764,99986,179,83,7,5,2837,1352,0.04189586542115896,100,56,47609,48865,2104,990,0,0,0,0,0,0,96116,0,0,41,2,0,0,0,0,0,0,3827,0,0,0,0,0,0
190,3563,191.3209060787719,99986,181,84,7,5,2864,1364,0.04228592002880403,97,61,47591,48851,2123,998,0,0,0,0,0,0,96080,0,0,41,2,0,0,0,0,0,0,3863,0,0,0,0,0,0
191,3563,192.03021221525663,99986,164,87,7,5,2868,1374,0.042425939631548414,109,60,47581,48842,2138,1005,0,0,0,0,0,0,96052,0,0,41,2,0,0,0,0,0,0,3891,0,0,0,0,0,0
192,3563,193.09453494475235,99986,161,87,7,5,2886,1385,0.04271598023723321,117,55,47561,48839,2153,1013,0,0,0,0,0,0,96020,0,0,41,2,0,0,0,0,0,0,3923,0,0,0,0,0,0
193,3563,194.15926783668624,99985,163,88,8,5,2921,1402,0.043236485472820926,118,49,47532,48831,2178,1026,0,0,0,0,0,0,95973,0,0,43,2,0,0,0,0,0,0,3967,0,0,0,0,0,0
194,3563,195.22456710141662,99984,175,91,8,6,2954,1412,0.04366698671787486,103,51,47524,48820,2189,1031,0,0,0,0,0,0,95945,0,0,43,2,0,0,0,0,0,0,3994,0,0,0,0,0,0
195,3563,196.29016954805493,99984,181,84,8,6,2987,1420,0.04407705232837254,99,63,47498,48800,2213,1046,0,0,0,0,0,0,95903,0,0,43,2,0,0,0,0,0,0,4036,0,0,0,0,0,0
196,3563,197.0008000879153,99984,189,88,8,6,3005,1433,0.04438710193630981,96,55,47494,48797,2212,1053,0,0,0,0,0,0,95884,0,0,43,2,0,0,0,0,0,0,4055,0,0,0,0,0,0
197,3563,198.06698717761256,99984,170,83,8,6,3026,1449,0.04475716114578333,98,53,47481,48787,2242,1070,0,0,0,0,0,0,95823,0,0,43,2,0,0,0,0,0,0,4116,0,0,0,0,0,0
198,3563,199.13362995813293,99984,168,79,8,6,3060,1463,0.045237237958073294,88,57,47465,48771,2270,1086,0,0,0,0,0,0,95770,0,0,44,2,0,0,0,0,0,0,4168,0,0,0,0,0,0
199,3563,200.20073495317965,99984,181,89,8,6,3094,1482,0.045767322771643464,72,52,47460,48764,2278,1088,0,0,0,0,0,0,95741,0,0,45,2,0,0,0,0,0,0,4196,0,0,0,0,0,0
200,3563,201.26798936312576,99984,171,104,8,6,3116,1503,0.04619739158265322,81,39,47434,48761,2305,1089,0,0,0,0,0,0,95704,0,0,46,2,0,0,0,0,0,0,4232,0,0,0,0,0,0
201,3563,202.33575416569587,99984,156,101,8,6,3131,1512,0.046437429988798205,92,43,47420,48756,2323,1093,0,0,0,0,0,0,95662,0,0,46,2,0,0,0,0,0,0,4274,0,0,0,0,0,0
202,3563,203.04783232805306,99984,158,97,8,6,3150,1519,0.04669747159545527,89,45,47411,48750,2333,1101,0,0,0,0,0,0,95634,0,0,46,2,0,0,0,0,0,0,4302,0,0,0,0,0,0
203,3563,204.11625113047097,99984,154,83,8,6,3168,1530,0.04698751800288046,95,44,47394,48743,2348,1123,0,0,0,0,0,0,95587,0,0,46,2,0,0,0,0,0,0,4349,0,0,0,0,0,0
204,3563,205.18510604041856,99984,151,75,8,6,3188,1536,0.047247559609537526,96,46,47383,48739,2361,1133,0,0,0,0,0,0,95551,0,0,47,2,0,0,0,0,0,0,4384,0,0,0,0,0,0
205,3563,206.25429158234874,99984,159,92,8,6,3211,1559,0.04770763322131541,103,38,47358,48729,2371,1134,0,0,0,0,0,0,95532,0,0,49,2,0,0,0,0,0,0,4401,0,0,0,0,0,0
206,3563,207.32379960607722,99983,151,90,8,7,3230,1572,0.048028164788013965,111,38,47343,48718,2386,1146,0,0,0,0,0,0,95491,0,0,50,2,0,0,0,0,0,0,4440,0,0,0,0,0,0
207,3563,208.03698991935886,99983,151,85,8,7,3247,1581,0.04828820899552924,111,38,47331,48712,2398,1157,0,0,0,0,0,0,95460,0,0,50,2,0,0,0,0,0,0,4471,0,0,0,0,0,0
208,3563,209.1071626805752,99983,150,85,8,7,3270,1589,0.04859826170448976,120,44,47305,48704,2416,1159,0,0,0,0,0,0,95430,0,0,52,2,0,0,0,0,0,0,4499,0,0,0,0,0,0
209,3563,210.17781933869676,99982,164,84,9,7,3306,1605,0.04911884139145046,108,41,47284,48698,2434,1169,0,0,0,0,0,0,95393,0,0,54,2,0,0,0,0,0,0,4533,0,0,0,0,0,0
210,3563,211.24891735570594,99982,165,81,9,7,3332,1616,0.04948890800344062,110,41,47266,48689,2449,1181,0,0,0,0,0,0,95355,0,0,55,2,0,0,0,0,0,0,4570,0,0,0,0,0,0
211,3563,212.32037536051433,99981,181,77,9,8,3366,1625,0.0499194847020934,104,44,47246,48682,2459,1188,0,0,0,0,0,0,95325,0,0,56,2,0,0,0,0,0,0,4598,0,0,0,0,0,0
212,3563,213.03489362628082,99981,178,75,9,8,3383,1631,0.05014952841039798,107,48,47233,48675,2472,1193,0,0,0,0,0,0,95297,0,0,56,2,0,0,0,0,0,0,4626,0,0,0,0,0,0
213,3563,214.10697413552262,99981,190,81,9,8,3418,1647,0.05065962532881248,95,43,47220,48666,2485,1201,0,0,0,0,0,0,95265,0,0,57,2,0,0,0,0,0,0,4657,0,0,0,0,0,0
214,3563,215.17937387450803,99981,172,68,9,8,3439,1658,0.05097968614036667,103,43,47198,48660,2517,1220,0,0,0,0,0,0,95205,0,0,60,2,0,0,0,0,0,0,4714,0,0,0,0,0,0
215,3563,216.25243160783148,99980,163,74,9,9,3462,1670,0.051330266053210644,109,44,47182,48653,2536,1219,0,0,0,0,0,0,95168,0,0,61,2,0,0,0,0,0,0,4749,0,0,0,0,0,0
216,3563,217.32584041559628,99980,176,75,9,9,3494,1683,0.05178035607121424,96,42,47170,48646,2548,1227,0,0,0,0,0,0,95137,0,0,61,2,0,0,0,0,0,0,4780,0,0,0,0,0,0
217,3563,218.04159113922967,99980,177,69,9,9,3516,1686,0.05203040608121624,86,43,47165,48645,2562,1233,0,0,0,0,0,0,95107,0,0,61,2,0,0,0,0,0,0,4810,0,0,0,0,0,0
218,3563,219.1155211258887,99980,179,69,9,9,3538,1695,0.052340468093618725,85,45,47157,48639,2569,1237,0,0,0,0,0,0,95078,0,0,61,2,0,0,0,0,0,0,4839,0,0,0,0,0,0
219,3563,220.189679339548,99980,168,80,9,9,3555,1715,0.05271054210842169,95,35,47141,48632,2586,1243,0,0,0,0,0,0,95044,0,0,64,2,0,0,0,0,0,0,4870,0,0,0,0,0,0
220,3563,221.2641470824872,99980,169,76,9,9,3582,1727,0.053100620124024805,102,33,47121,48625,2598,1256,0,0,0,0,0,0,95003,0,0,65,2,0,0,0,0,0,0,4910,0,0,0,0,0,0
221,3563,222.33899065731669,99980,174,77,9,9,3609,1742,0.053520704140828164,104,36,47105,48616,2607,1261,0,0,0,0,0,0,94969,0,0,67,2,0,0,0,0,0,0,4942,0,0,0,0,0,0
222,3563,223.0557207288823,99980,171,66,9,9,3623,1746,0.053700740148029606,96,42,47107,48610,2616,1272,0,0,0,0,0,0,94939,0,0,69,2,0,0,0,0,0,0,4970,0,0,0,0,0,0
223,3563,224.13099275992667,99980,167,63,9,9,3644,1755,0.054000800160032,100,47,47087,48600,2636,1280,0,0,0,0,0,0,94903,0,0,70,2,0,0,0,0,0,0,5005,0,0,0,0,0,0
224,3563,225.20672720821696,99980,175,68,9,9,3680,1771,0.05452090418083617,92,45,47069,48593,2654,1284,0,0,0,0,0,0,94865,0,0,71,2,0,0,0,0,0,0,5042,0,0,0,0,0,0
225,3563,226.28286837756582,99980,168,72,9,9,3702,1785,0.054880976195239045,99,45,47053,48586,2670,1287,0,0,0,0,0,0,94827,0,0,72,2,0,0,0,0,0,0,5079,0,0,0,0,0,0
226,3563,227.0004621938253,99980,164,76,9,9,3716,1796,0.055131026205241046,102,39,47042,48587,2682,1288,0,0,0,0,0,0,94802,0,0,72,2,0,0,0,0,0,0,5104,0,0,0,0,0,0
227,3563,228.07716569707478,99980,159,74,9,9,3746,1808,0.05555111022204441,105,35,47020,48587,2706,1294,0,0,0,0,0,0,94754,0,0,73,2,0,0,0,0,0,0,5151,0,0,0,0,0,0
228,3563,229.1544528112911,99980,155,70,9,9,3766,1817,0.05584116823364673,109,44,47002,48575,2724,1301,0,0,0,0,0,0,94719,0,0,75,2,0,0,0,0,0,0,5184,0,0,0,0,0,0
229,3563,230.23212767458634,99980,167,79,9,9,3804,1833,0.05638127625525105,93,42,46989,48565,2741,1304,0,0,0,0,0,0,94687,0,0,76,2,0,0,0,0,0,0,5215,0,0,0,0,0,0
230,3563,231.31010190801598,99980,154,83,9,9,3824,1844,0.05669133826765353,105,47,46967,48554,2764,1306,0,0,0,0,0,0,94647,0,0,76,2,0,0,0,0,0,0,5255,0,0,0,0,0,0
231,3563,232.0289983803867,99980,162,87,9,9,3846,1852,0.05699139827965593,99,52,46955,48544,2774,1307,0,0,0,0,0,0,94630,0,0,77,2,0,0,0,0,0,0,5271,0,0,0,0,0,0
232,3563,233.10763074350413,99980,153,92,9,9,3865,1863,0.05729145829165833,104,54,46941,48536,2792,1308,0,0,0,0,0,0,94596,0,0,77,2,0,0,0,0,0,0,5305,0,0,0,0,0,0
233,3563,234.18663880945078,99979,155,86,10,9,3889,1876,0.05766210904289901,112,56,46923,48525,2799,1323,0,0,0,0,0,0,94556,0,0,78,2,0,0,0,0,0,0,5343,0,0,0,0,0,0
234,3563,235.26590496538807,99979,155,80,10,9,3919,1891,0.058112203562748176,106,50,46915,48520,2813,1340,0,0,0,0,0,0,94507,0,0,80,2,0,0,0,0,0,0,5390,0,0,0,0,0,0
235,3563,236.345524839502,99978,162,97,11,9,3952,1914,0.05867290803976875,101,40,46896,48510,2829,1343,0,0,0,0,0,0,94476,0,0,81,2,0,0,0,0,0,0,5419,0,0,0,0,0,0
236,3563,237.06547801341975,99978,165,93,11,9,3972,1922,0.05895296965332373,98,43,46888,48502,2837,1352,0,0,0,0,0,0,94447,0,0,81,2,0,0,0,0,0,0,5448,0,0,0,0,0,0
237,3563,238.14567910926016,99977,168,87,11,10,3997,1932,0.059303639837162546,97,46,46873,48495,2850,1361,0,0,0,0,0,0,94410,0,0,82,2,0,0,0,0,0,0,5483,0,0,0,0,0,0
238,3563,239.22616828690684,99977,167,90,11,10,4024,1945,0.05970373185832741,98,48,46854,48486,2869,1365,0,0,0,0,0,0,94375,0,0,85,2,0,0,0,0,0,0,5515,0,0,0,0,0,0
239,3563,240.30705547168046,99977,166,84,11,10,4060,1952,0.06013383078107965,87,54,46843,48484,2892,1367,0,0,0,0,0,0,94327,0,0,87,2,0,0,0,0,0,0,5561,0,0,0,0,0,0
240,3563,241.02786165175385,99977,167,75,11,10,4078,1958,0.06037388599377857,88,58,46828,48476,2905,1380,0,0,0,0,0,0,94295,0,0,87,2,0,0,0,0,0,0,5593,0,0,0,0,0,0
241,3563,242.10952902537562,99977,158,78,11,10,4094,1972,0.06067395500965222,104,63,46814,48459,2912,1389,0,0,0,0,0,0,94263,0,0,91,2,0,0,0,0,0,0,5621,0,0,0,0,0,0
242,3563,243.19148907422428,99977,154,88,11,10,4117,1998,0.06116406773557918,111,57,46792,48442,2931,1402,0,0,0,0,0,0,94221,0,0,92,2,0,0,0,0,0,0,5662,0,0,0,0,0,0
243,3563,244.2738259046214,99977,172,89,11,10,4156,2018,0.061754203466797365,110,54,46765,48432,2941,1414,0,0,0,0,0,0,94181,0,0,92,2,0,0,0,0,0,0,5702,0,0,0,0,0,0
244,3563,245.35658560701617,99977,169,93,11,10,4186,2037,0.062244316192724324,104,42,46756,48429,2959,1425,0,0,0,0,0,0,94133,0,0,92,2,0,0,0,0,0,0,5750,0,0,0,0,0,0
245,3563,246.07860737065536,99977,162,89,11,10,4199,2043,0.06243435990277764,104,45,46750,48426,2972,1429,0,0,0,0,0,0,94104,0,0,93,2,0,0,0,0,0,0,5778,0,0,0,0,0,0
246,3563,247.16192914549842,99977,173,89,11,10,4232,2052,0.06285445652500075,99,49,46740,48420,2976,1431,0,0,0,0,0,0,94074,0,0,94,2,0,0,0,0,0,0,5807,0,0,0,0,0,0
247,3563,248.2454901052419,99977,168,93,11,10,4258,2066,0.06325454854616562,106,50,46720,48413,2994,1433,0,0,0,0,0,0,94036,0,0,97,2,0,0,0,0,0,0,5842,0,0,0,0,0,0
248,3563,249.3293723364991,99977,165,94,11,10,4287,2081,0.06369464976944697,96,46,46716,48406,3011,1443,0,0,0,0,0,0,93991,0,0,98,2,0,0,0,0,0,0,5886,0,0,0,0,0,0
249,3563,250.0521031310172,99977,157,89,11,10,4300,2089,0.06390469808055853,101,48,46707,48404,3023,1448,0,0,0,0,0,0,93958,0,0,99,2,0,0,0,0,0,0,5918,0,0,0,0,0,0
250,3563,251.13652567768392,99976,169,79,12,10,4328,2099,0.06428542850284068,99,49,46693,48399,3026,1462,0,0,0,0,0,0,93923,0,0,100,2,0,0,0,0,0,0,5951,0,0,0,0,0,0
251,3563,252.22122107010654,99975,161,67,13,10,4359,2108,0.06468617154288572,97,53,46677,48387,3051,1482,0,0,0,0,0,0,93869,0,0,106,2,0,0,0,0,0,0,5998,0,0,0,0,0,0
252,3563,253.30635235727445,99974,163,69,14,10,4391,2120,0.06512693300258067,89,57,46666,48373,3067,1490,0,0,0,0,0,0,93831,0,0,108,2,0,0,0,0,0,0,6033,0,0,0,0,0,0
253,3563,254.02995197591983,99974,171,70,14,10,4415,2131,0.06547702402624682,86,55,46656,48369,3072,1495,0,0,0,0,0,0,93805,0,0,108,2,0,0,0,0,0,0,6059,0,0,0,0,0,0
254,3563,255.1155669249722,99974,164,69,14,10,4434,2150,0.06585712285194151,93,50,46639,48360,3089,1510,0,0,0,0,0,0,93759,0,0,108,2,0,0,0,0,0,0,6105,0,0,0,0,0,0
255,3563,256.2016467028084,99974,155,65,14,10,4450,2161,0.06612719307019825,108,50,46618,48353,3104,1521,0,0,0,0,0,0,93722,0,0,111,2,0,0,0,0,0,0,6139,0,0,0,0,0,0
256,3563,257.288160271398,99974,148,77,14,10,4472,2179,0.06652729709724528,105,42,46608,48348,3124,1522,0,0,0,0,0,0,93688,0,0,112,2,0,0,0,0,0,0,6172,0,0,0,0,0,0
257,3563,258.0126917921411,99974,160,78,14,10,4494,2187,0.06682737511753056,92,46,46606,48341,3127,1524,0,0,0,0,0,0,93671,0,0,112,2,0,0,0,0,0,0,6189,0,0,0,0,0,0
258,3563,259.099576836845,99974,154,77,14,10,4519,2196,0.06716746354052054,93,52,46595,48331,3143,1529,0,0,0,0,0,0,93633,0,0,115,2,0,0,0,0,0,0,6224,0,0,0,0,0,0
259,3563,260.1867040057723,99974,159,72,14,10,4543,2207,0.06751755456418669,92,51,46585,48324,3149,1542,0,0,0,0,0,0,93599,0,0,116,2,0,0,0,0,0,0,6257,0,0,0,0,0,0
260,3563,261.27406129965266,99974,162,71,14,10,4563,2222,0.06786764558785284,94,51,46579,48313,3150,1554,0,0,0,0,0,0,93568,0,0,118,2,0,0,0,0,0,0,6286,0,0,0,0,0,0
261,3563,262.36153501729035,99974,161,68,14,10,4584,2228,0.06813771580610958,94,64,46576,48297,3154,1560,0,0,0,0,0,0,93538,0,0,119,2,0,0,0,0,0,0,6315,0,0,0,0,0,0
262,3563,263.08653952766946,99974,163,77,14,10,4598,2243,0.06842779122571868,91,58,46576,48288,3155,1566,0,0,0,0,0,0,93520,0,0,119,2,0,0,0,0,0,0,6333,0,0,0,0,0,0
263,3563,264.1740437994143,99974,175,88,14,10,4630,2260,0.0689179186588513,88,55,46560,48281,3162,1565,0,0,0,0,0,0,93494,0,0,119,2,0,0,0,0,0,0,6359,0,0,0,0,0,0
264,3563,265.26175737569525,99974,172,88,14,10,4651,2274,0.06926800968251745,94,60,46549,48270,3170,1571,0,0,0,0,0,0,93456,0,0,119,2,0,0,0,0,0,0,6397,0,0,0,0,0,0
265,3563,266.34966896841996,99974,167,94,14,10,4668,2292,0.06961810070618361,96,53,46544,48263,3178,1579,0,0,0,0,0,0,93425,0,0,122,2,0,0,0,0,0,0,6425,0,0,0,0,0,0
266,3563,267.07499973733223,99973,157,94,14,11,4681,2301,0.06983885649125264,108,51,46523,48259,3197,1584,0,0,0,0,0,0,93395,0,0,124,2,0,0,0,0,0,0,6452,0,0,0,0,0,0
267,3563,268.16350168669095,99973,163,98,14,11,4710,2315,0.0702689726226081,115,53,46496,48251,3211,1586,0,0,0,0,0,0,93366,0,0,128,2,0,0,0,0,0,0,6477,0,0,0,0,0,0
268,3563,269.2524949965963,99973,164,101,14,11,4740,2334,0.07075910495833874,119,52,46479,48238,3223,1597,0,0,0,0,0,0,93323,0,0,130,2,0,0,0,0,0,0,6518,0,0,0,0,0,0
269,3563,270.34190357374985,99972,163,91,15,11,4771,2345,0.07117993038050655,117,52,46455,48230,3249,1615,0,0,0,0,0,0,93270,0,0,130,2,0,0,0,0,0,0,6570,0,0,0,0,0,0
270,3563,271.0685040128787,99971,170,88,16,11,4789,2357,0.07148072941152935,122,49,46443,48230,3248,1621,0,0,0,0,0,0,93244,0,0,130,2,0,0,0,0,0,0,6595,0,0,0,0,0,0
271,3563,272.1586137436822,99971,176,87,16,11,4820,2372,0.07194086285022656,113,45,46436,48223,3258,1633,0,0,0,0,0,0,93203,0,0,130,2,0,0,0,0,0,0,6636,0,0,0,0,0,0
272,3563,273.2489647094619,99970,176,83,17,11,4850,2383,0.0723517055116535,107,45,46421,48218,3278,1642,0,0,0,0,0,0,93162,0,0,134,2,0,0,0,0,0,0,6672,0,0,0,0,0,0
273,3563,274.33976417899675,99970,165,88,17,11,4880,2401,0.07283184955486646,112,49,46395,48203,3310,1648,0,0,0,0,0,0,93108,0,0,134,2,0,0,0,0,0,0,6726,0,0,0,0,0,0
274,3563,275.0673030828219,99970,155,93,17,11,4893,2415,0.07310193057917375,119,43,46381,48199,3327,1653,0,0,0,0,0,0,93077,0,0,135,2,0,0,0,0,0,0,6756,0,0,0,0,0,0
275,3563,276.1591027260644,99970,161,83,17,11,4921,2425,0.07348204461338402,114,54,46368,48183,3339,1668,0,0,0,0,0,0,93035,0,0,135,2,0,0,0,0,0,0,6798,0,0,0,0,0,0
276,3563,277.2511745410945,99970,170,89,17,11,4951,2439,0.0739221766529959,109,54,46357,48174,3346,1671,0,0,0,0,0,0,93009,0,0,136,3,0,0,0,0,0,0,6822,0,0,0,0,0,0
277,3563,278.34347728178807,99970,171,88,17,11,4977,2453,0.07432229668900671,109,54,46339,48165,3363,1681,0,0,0,0,0,0,92969,0,0,136,3,0,0,0,0,0,0,6862,0,0,0,0,0,0
278,3563,279.0718970009919,99970,178,84,17,11,5000,2465,0.07467240172051616,107,49,46334,48164,3363,1691,0,0,0,0,0,0,92937,0,0,136,3,0,0,0,0,0,0,6894,0,0,0,0,0,0
279,3563,280.1647223429268,99970,184,82,17,11,5034,2475,0.07511253376012804,101,57,46315,48151,3382,1698,0,0,0,0,0,0,92897,0,0,136,3,0,0,0,0,0,0,6934,0,0,0,0,0,0
280,3563,281.2579162156929,99970,180,92,17,11,5060,2495,0.07557267180154047,93,51,46307,48138,3402,1707,0,0,0,0,0,0,92859,0,0,138,3,0,0,0,0,0,0,6970,0,0,0,0,0,0
281,3563,282.3514321624572,99970,172,90,17,11,5088,2506,0.075962788836651,86,55,46304,48131,3420,1712,0,0,0,0,0,0,92810,0,0,138,3,0,0,0,0,0,0,7019,0,0,0,0,0,0
282,3563,283.0805798379109,99970,171,92,17,11,5107,2516,0.07625287586275883,86,54,46293,48126,3432,1716,0,0,0,0,0,0,92783,0,0,139,3,0,0,0,0,0,0,7045,0,0,0,0,0,0
283,3563,284.17460904727415,99970,167,98,17,11,5134,2535,0.07671301390417125,85,53,46279,48111,3451,1726,0,0,0,0,0,0,92741,0,0,141,3,0,0,0,0,0,0,7085,0,0,0,0,0,0
284,3563,285.2690073395686,99970,174,102,17,11,5167,2553,0.07722316695008502,84,44,46259,48109,3465,1733,0,0,0,0,0,0,92703,0,0,143,3,0,0,0,0,0,0,7121,0,0,0,0,0,0
285,3563,286.36379046708385,99970,172,93,17,11,5189,2562,0.0775332599779934,88,46,46247,48105,3475,1744,0,0,0,0,0,0,92662,0,0,144,3,0,0,0,0,0,0,7161,0,0,0,0,0,0
286,3563,287.0938284519078,99970,184,90,17,11,5215,2571,0.07788336500950285,83,49,46238,48100,3477,1749,0,0,0,0,0,0,92637,0,0,145,3,0,0,0,0,0,0,7185,0,0,0,0,0,0
287,3563,288.18902708751995,99970,172,81,17,11,5238,2580,0.0782034610383115,84,51,46232,48098,3494,1758,0,0,0,0,0,0,92585,0,0,144,4,0,0,0,0,0,0,7237,0,0,0,0,0,0
288,3563,289.2845329178986,99969,163,86,17,12,5256,2595,0.07853434564715062,94,50,46215,48088,3510,1763,0,0,0,0,0,0,92550,0,0,146,4,0,0,0,0,0,0,7269,0,0,0,0,0,0
289,3563,290.01509281975245,99969,170,88,17,12,5281,2606,0.07889445728175734,89,46,46206,48085,3517,1768,0,0,0,0,0,0,92525,0,0,148,4,0,0,0,0,0,0,7292,0,0,0,0,0,0
290,3563,291.1111759303865,99969,171,92,17,12,5310,2625,0.07937460612789965,95,42,46184,48074,3532,1779,0,0,0,0,0,0,92482,0,0,148,4,0,0,0,0,0,0,7335,0,0,0,0,0,0
291,3563,292.20766039113,99969,163,90,17,12,5328,2637,0.07967469915673858,97,41,46178,48071,3544,1785,0,0,0,0,0,0,92444,0,0,150,4,0,0,0,0,0,0,7371,0,0,0,0,0,0
292,3563,293.30444246037814,99968,157,87,18,12,5357,2649,0.08008562740076824,95,42,46167,48065,3562,1793,0,0,0,0,0,0,92394,0,0,150,4,0,0,0,0,0,0,7420,0,0,0,0,0,0
293,3563,294.035829735145,99968,161,91,18,12,5377,2660,0.08039572663252241,87,37,46165,48064,3568,1795,0,0,0,0,0,0,92372,0,0,151,4,0,0,0,0,0,0,7441,0,0,0,0,0,0
294,3563,295.13305472012814,99967,162,79,19,12,5401,2666,0.080696629887863,88,43,46149,48058,3581,1807,0,0,0,0,0,0,92335,0,0,155,4,0,0,0,0,0,0,7473,0,0,0,0,0,0
295,3563,296.2305986469607,99966,169,74,19,13,5435,2677,0.08114759018066142,75,43,46149,48052,3587,1817,0,0,0,0,0,0,92297,0,0,160,4,0,0,0,0,0,0,7505,0,0,0,0,0,0
296,3563,297.32828440521797,99966,154,73,19,13,5458,2684,0.08144769221535322,83,50,46135,48045,3608,1818,0,0,0,0,0,0,92253,0,0,162,4,0,0,0,0,0,0,7547,0,0,0,0,0,0
297,3563,298.0602840404481,99966,158,70,19,13,5478,2690,0.08170778064541945,73,60,46136,48033,3613,1823,0,0,0,0,0,0,92229,0,0,163,4,0,0,0,0,0,0,7570,0,0,0,0,0,0
298,3563,299.15841230532544,99965,152,71,20,13,5499,2705,0.0820687240534187,77,56,46124,48028,3626,1831,0,0,0,0,0,0,92190,0,0,165,4,0,0,0,0,0,0,7606,0,0,0,0,0,0
299,3563,300.2567849442199,99965,152,66,20,13,5522,2714,0.08238883609263242,83,58,46113,48022,3631,1840,0,0,0,0,0,0,92153,0,0,165,4,0,0,0,0,0,0,7643,0,0,0,0,0,0
300,3563,301.35543341097525,99965,140,69,20,13,5535,2728,0.082658930625719,94,52,46103,48024,3642,1841,0,0,0,0,0,0,92119,0,0,167,4,0,0,0,0,0,0,7675,0,0,0,0,0,0
301,3563,302.0880035863585,99965,148,70,20,13,5561,2741,0.08304906717351072,82,48,46101,48021,3648,1847,0,0,0,0,0,0,92092,0,0,170,4,0,0,0,0,0,0,7699,0,0,0,0,0,0
302,3563,303.1869472800709,99965,144,68,20,13,5581,2756,0.08339918971640074,78,46,46103,48012,3654,1860,0,0,0,0,0,0,92051,0,0,170,4,0,0,0,0,0,0,7740,0,0,0,0,0,0
303,3563,304.2860562509538,99965,141,70,20,13,5599,2769,0.08370929825438904,75,40,46108,48011,3655,1865,0,0,0,0,0,0,92022,0,0,173,4,0,0,0,0,0,0,7766,0,0,0,0,0,0
304,3563,305.0187769593682,99965,147,76,20,13,5618,2780,0.0840094032911519,69,38,46106,48005,3657,1867,0,0,0,0,0,0,92004,0,0,173,4,0,0,0,0,0,0,7784,0,0,0,0,0,0
305,3563,306.11782532574625,99965,139,69,20,13,5635,2789,0.08426949432301306,74,43,46101,47996,3665,1878,0,0,0,0,0,0,91965,0,0,175,4,0,0,0,0,0,0,7821,0,0,0,0,0,0
306,3563,307.2171037815359,99965,133,67,20,13,5652,2798,0.0845295853548742,72,42,46096,47992,3678,1885,0,0,0,0,0,0,91934,0,0,178,4,0,0,0,0,0,0,7849,0,0,0,0,0,0
307,3563,308.31658151753635,99965,129,72,20,13,5670,2816,0.08488971139898964,71,38,46088,47988,3691,1888,0,0,0,0,0,0,91900,0,0,179,4,0,0,0,0,0,0,7882,0,0,0,0,0,0
308,3563,309.04971268053237,99965,124,68,20,13,5680,2822,0.0850497674185965,73,36,46082,47985,3700,1897,0,0,0,0,0,0,91876,0,0,180,4,0,0,0,0,0,0,7905,0,0,0,0,0,0
309,3563,310.14958215135044,99965,113,66,20,13,5693,2832,0.08527984794678137,76,36,46074,47982,3716,1902,0,0,0,0,0,0,91841,0,0,181,4,0,0,0,0,0,0,7939,0,0,0,0,0,0
310,3563,311.2497436463864,99965,104,68,20,13,5707,2844,0.08553993897864252,77,39,46077,47971,3721,1908,0,0,0,0,0,0,91809,0,0,182,4,0,0,0,0,0,0,7970,0,0,0,0,0,0
311,3563,312.3499937976282,99965,97,67,20,13,5720,2852,0.08575001250437653,84,44,46069,47964,3729,1911,0,0,0,0,0,0,91784,0,0,186,4,0,0,0,0,0,0,7991,0,0,0,0,0,0
312,3563,313.08355738722844,99965,105,70,20,13,5739,2861,0.08603011053868855,84,39,46063,47963,3727,1914,0,0,0,0,0,0,91767,0,0,186,4,0,0,0,0,0,0,8008,0,0,0,0,0,0
313,3563,314.1839486470506,99965,113,73,20,13,5766,2873,0.08642024708648027,75,36,46066,47961,3725,1916,0,0,0,0,0,0,91741,0,0,188,4,0,0,0,0,0,0,8032,0,0,0,0,0,0
314,3563,315.2843175710477,99965,116,75,20,13,5788,2883,0.08674035912569399,80,34,46051,47958,3732,1919,0,0,0,0,0,0,91715,0,0,189,4,0,0,0,0,0,0,8057,0,0,0,0,0,0
315,3563,316.0180226068541,99965,120,74,20,13,5801,2887,0.08691041864652628,79,32,46050,47959,3730,1921,0,0,0,0,0,0,91702,0,0,190,4,0,0,0,0,0,0,8069,0,0,0,0,0,0
316,3563,317.1186414609202,99965,124,70,20,13,5825,2896,0.08724053418696544,77,35,46045,47956,3733,1925,0,0,0,0,0,0,91673,0,0,194,4,0,0,0,0,0,0,8094,0,0,0,0,0,0
317,3563,318.2193885587944,99965,129,67,20,13,5853,2902,0.08758065322863003,74,40,46033,47951,3743,1928,0,0,0,0,0,0,91643,0,0,196,4,0,0,0,0,0,0,8122,0,0,0,0,0,0
318,3563,319.32032428704395,99965,126,68,20,13,5869,2917,0.08789076176661832,75,41,46026,47936,3752,1941,0,0,0,0,0,0,91612,0,0,196,5,0,0,0,0,0,0,8152,0,0,0,0,0,0
319,3563,320.05442000397534,99964,126,69,20,14,5883,2926,0.08812172382057541,71,42,46020,47936,3761,1937,1,1,1,1,0,0,91590,0,0,195,6,0,0,0,0,0,1,8171,1,0,0,0,0,0
320,3563,321.00224454343913,99964,128,54,20,14,5896,2930,0.08829178504261534,72,41,46012,47936,3765,1952,2,2,2,2,0,0,91561,0,0,198,6,0,0,0,0,0,3,8195,1,0,0,0,0,0
321,3563,322.0981355893815,99964,123,58,20,14,5913,2943,0.08859189308150935,70,40,46007,47935,3777,1950,2,2,3,3,0,0,91534,0,0,204,6,0,0,0,0,0,5,8214,1,0,0,0,0,0
322,3563,323.07561159262866,99964,124,60,20,14,5937,2952,0.08892201192429275,73,36,45987,47934,3792,1952,3,3,4,4,0,0,91505,0,0,207,6,0,0,0,0,0,7,8238,1,0,0,0,0,0
323,3563,324.052609473188,99964,131,60,20,14,5956,2958,0.08917210195670441,76,33,45966,47935,3802,1953,4,4,5,5,0,0,91485,0,0,207,6,0,0,0,0,0,9,8256,1,0,0,0,0,0
324,3563,325.27651429586126,99964,129,61,20,14,5985,2968,0.08956224240726661,68,31,45961,47932,3816,1956,5,5,6,6,0,0,91445,0,0,209,6,0,0,0,0,0,11,8292,1,0,0,0,0,0
325,3563,326.00972181172,99964,134,55,20,14,6000,2971,0.08974230723060302,66,34,45957,47932,3816,1957,6,7,8,7,0,0,91424,0,0,210,6,0,0,0,0,0,14,8309,1,0,0,0,0,0
326,3563,327.02172717478607,99964,132,61,20,14,6020,2984,0.09007242607338642,62,30,45954,47925,3824,1960,7,9,10,8,0,0,91394,0,0,211,6,0,0,0,0,0,16,8335,2,0,0,0,0,0
327,3563,328.09835345533867,99964,132,67,20,14,6035,2992,0.09030250890320515,75,31,45944,47921,3820,1955,8,11,12,9,0,0,91377,0,0,214,6,0,0,0,0,0,19,8346,2,0,0,0,0,0
328,3563,329.040513265844,99964,132,66,20,14,6054,3000,0.09057260613820975,77,37,45937,47914,3824,1954,9,14,15,10,0,0,91346,0,0,215,6,0,0,0,0,0,23,8372,2,0,0,0,0,0
329,3563,330.0386630943891,99964,132,67,20,14,6073,3009,0.09085270697451082,80,38,45928,47910,3829,1953,10,17,18,11,0,0,91315,0,0,215,6,0,0,0,0,0,27,8399,2,0,0,0,0,0
330,3563,331.0640604780943,99964,138,70,20,14,6092,3019,0.09114281141210837,78,39,45921,47907,3831,1948,11,21,22,12,0,0,91291,0,0,216,6,0,0,0,0,0,32,8417,2,0,0,0,0,0
331,3563,332.03773138926,99964,145,67,20,14,6117,3027,0.09147293025489175,76,42,45909,47895,3837,1955,12,26,27,13,0,0,91258,0,0,218,6,0,0,0,0,0,38,8442,2,0,0,0,0,0
332,3563,333.13492466667685,99964,152,75,20,14,6142,3043,0.0918830779080469,75,33,45896,47890,3843,1956,13,31,32,14,0,0,91231,0,0,222,6,0,0,0,0,0,43,8459,3,0,0,0,0,0
333,3563,334.16388966523846,99964,145,70,20,14,6160,3051,0.09214317154175503,82,39,45882,47873,3856,1966,14,37,38,15,0,0,91190,0,0,226,6,0,0,0,0,0,50,8489,3,0,0,0,0,0
334,3563,335.0313130338011,99964,146,73,20,14,6179,3062,0.09244327958064903,86,35,45871,47866,3861,1967,15,44,45,16,0,0,91157,0,0,226,6,0,0,0,0,0,57,8514,4,0,0,0,0,0
335,3563,336.0030286697017,99964,143,74,20,14,6208,3073,0.09284342363250771,78,41,45864,47850,3878,1968,16,52,53,17,0,0,91108,0,0,227,6,0,0,0,0,0,65,8553,5,0,0,0,0,0
336,3563,337.1475655043623,99964,146,72,20,14,6235,3085,0.0932335640830699,77,41,45849,47837,3890,1974,17,61,62,18,0,0,91062,0,0,227,6,0,0,0,0,0,73,8589,7,0,0,0,0,0
337,3563,338.0485638943364,99964,147,72,20,14,6249,3093,0.09345364331159217,75,42,45841,47825,3898,1975,18,71,72,19,0,0,91033,0,0,229,6,0,0,0,0,0,83,8605,8,0,0,0,0,0
338,3563,339.01798423313153,99964,148,80,20,14,6267,3110,0.0938037693569685,74,34,45840,47817,3898,1972,19,82,83,20,0,0,90997,0,0,230,6,0,0,0,0,0,94,8628,9,0,0,0,0,0
339,3563,340.1799883936514,99964,158,82,20,14,6297,3124,0.09424392781401304,64,37,45831,47794,3906,1978,20,94,95,21,0,0,90956,0,0,234,6,0,0,0,0,0,107,8652,9,0,0,0,0,0
340,3563,341.0647047952642,99964,152,79,20,14,6309,3128,0.09440398543475652,68,40,45826,47778,3912,1981,21,107,108,22,0,0,90918,0,0,235,6,0,0,0,0,0,121,8675,9,0,0,0,0,0
341,3563,342.17202343194856,99964,151,79,20,14,6328,3137,0.09468408627105758,79,46,45813,47756,3914,1985,22,119,122,24,0,0,90877,0,0,238,6,0,0,0,0,0,136,8697,10,0,0,0,0,0
342,3563,343.2981989586316,99964,148,80,20,14,6352,3156,0.09511424112680565,98,34,45785,47749,3925,1989,23,133,137,26,0,0,90817,0,0,239,6,0,0,0,0,0,152,8739,11,0,0,0,0,0
343,3563,344.0357267143691,99964,166,80,20,14,6379,3162,0.09544435996958905,95,37,45769,47731,3924,1987,25,150,154,28,0,0,90783,0,0,239,6,0,0,0,0,0,171,8754,11,0,0,0,0,0
344,3563,345.1423038729715,99964,164,73,20,14,6411,3175,0.09589452202793006,90,40,45754,47710,3944,1994,27,168,172,30,0,0,90715,0,0,244,6,0,0,0,0,0,190,8797,12,0,0,0,0,0
345,3563,346.2492685003817,99964,166,68,20,14,6435,3181,0.09619463006682406,87,44,45745,47692,3953,1993,28,188,192,32,0,0,90666,0,0,246,7,0,0,0,0,0,209,8822,14,0,0,0,0,0
346,3563,347.3565758415037,99964,159,66,20,14,6456,3191,0.09650474170701452,85,39,45744,47673,3961,1998,30,209,213,34,0,0,90606,0,0,248,7,0,0,0,0,0,231,8857,15,0,0,0,0,0
347,3563,348.0948931195681,99964,160,64,20,14,6474,3197,0.09674482813812972,80,40,45737,47647,3969,2002,33,232,236,37,0,0,90557,0,0,249,7,0,0,0,0,0,256,8879,16,0,0,0,0,0
348,3563,349.2025877921869,99963,168,64,21,14,6503,3204,0.0971059291938017,80,45,45715,47624,3979,1996,36,256,260,40,0,0,90508,0,0,253,7,0,0,0,0,0,281,8896,18,0,0,0,0,0
349,3563,350.31066700042703,99963,174,68,21,14,6532,3219,0.09754609205406001,73,37,45706,47603,3986,1999,39,278,286,43,0,0,90446,0,0,254,7,0,0,0,0,0,310,8928,18,0,0,0,0,0
350,3563,351.0495125881883,99963,170,65,21,14,6547,3226,0.09776617348418914,75,36,45695,47570,3996,2008,42,306,314,46,0,0,90391,0,0,256,7,0,0,0,0,0,338,8950,21,0,0,0,0,0
351,3563,352.1581512758402,99963,169,66,21,14,6573,3236,0.09812630673349139,81,39,45675,47542,4007,2006,46,332,343,50,0,0,90326,0,0,257,7,0,0,0,0,0,368,8981,24,0,0,0,0,0
352,3563,353.2671804184548,99963,170,67,21,14,6597,3251,0.09851645108690216,95,35,45649,47508,4014,2012,50,363,374,54,0,0,90259,0,0,260,7,0,0,0,0,0,401,9010,26,0,0,0,0,0
353,3563,354.00680192958384,99963,158,69,21,14,6611,3261,0.09875653991977032,99,29,45632,47477,4036,2014,53,396,407,58,0,0,90193,0,0,262,7,0,0,0,0,0,435,9037,29,0,0,0,0,0
354,3563,355.1167913607545,99963,162,70,21,14,6630,3276,0.09909666576633354,108,24,45623,47447,4027,2015,58,429,442,63,0,0,90131,0,0,264,7,0,0,0,0,0,470,9057,34,0,0,0,0,0
355,3563,356.22694390017085,99962,171,68,22,14,6664,3281,0.0994878053660391,100,34,45610,47411,4033,2007,63,465,479,68,0,0,90063,0,0,267,7,0,0,0,0,0,509,9079,37,0,0,0,0,0
356,3563,357.33739042291626,99962,161,68,22,14,6690,3289,0.09982793461515375,102,42,45597,47368,4049,2005,68,502,518,73,0,0,89979,0,0,268,7,0,0,0,0,0,550,9118,40,0,0,0,0,0
357,3563,358.0778759455592,99962,163,74,22,14,6708,3300,0.10011804485704567,100,37,45584,47331,4056,2002,74,541,559,79,0,0,89915,0,0,269,7,0,0,0,0,0,594,9134,43,0,0,0,0,0
358,3563,359.18897695129215,99962,164,77,22,14,6735,3312,0.10050819311338309,100,38,45561,47284,4072,2004,80,582,602,85,0,0,89837,0,0,273,7,0,0,0,0,0,641,9159,45,0,0,0,0,0
359,3563,360.3005386063736,99961,172,79,22,15,6764,3327,0.10094937025439922,97,36,45554,47240,4068,2004,86,625,647,91,0,0,89757,0,0,275,7,0,0,0,0,0,689,9185,48,0,0,0,0,0
360,3563,361.0417057065649,99961,169,76,22,15,6787,3335,0.10125949120156862,85,34,45549,47189,4081,2013,93,672,695,98,0,0,89668,0,0,274,8,0,0,0,0,0,741,9220,50,0,0,0,0,0
361,3563,362.1536910460089,99960,176,73,23,15,6816,3346,0.10166066426570629,82,38,45537,47139,4082,2017,99,717,745,105,0,0,89585,0,0,278,9,0,0,0,0,0,793,9241,54,0,0,0,0,0
362,3563,363.2659109419585,99960,164,74,23,15,6837,3360,0.1020108043217287,87,33,45529,47086,4089,2024,107,767,797,113,0,0,89482,0,0,278,9,0,0,0,0,0,850,9284,57,0,0,0,0,0
363,3563,364.00753806199276,99960,164,76,23,15,6859,3370,0.10233093237294918,82,38,45523,47033,4092,2018,115,819,852,121,0,0,89400,0,0,280,9,0,0,0,0,0,904,9301,66,0,0,0,0,0
364,3563,365.120261946318,99960,166,71,23,15,6880,3379,0.10263105242096839,89,40,45502,46978,4096,2022,123,873,909,130,0,0,89309,0,0,283,9,0,0,0,0,0,965,9323,71,0,0,0,0,0
365,3563,366.2333917973331,99959,167,74,24,15,6906,3390,0.10300223091467502,90,35,45486,46927,4101,2019,131,929,968,139,0,0,89219,0,0,289,9,0,0,0,0,0,1028,9338,76,0,0,0,0,0
366,3563,367.34693154415606,99959,167,70,24,15,6930,3396,0.1033023539651257,90,37,45465,46862,4113,2024,140,991,1030,149,0,0,89121,0,0,291,10,0,0,0,0,0,1096,9361,80,0,0,0,0,0
367,3563,368.08955184936127,99959,162,68,24,15,6946,3402,0.10352244420212287,85,43,45455,46792,4122,2029,151,1052,1094,160,0,0,89025,0,0,293,10,0,0,0,0,0,1165,9380,86,0,0,0,0,0
368,3563,369.2039249666808,99959,166,63,24,15,6972,3407,0.10383257135425525,77,50,45442,46728,4128,2030,162,1113,1161,171,0,0,88917,0,0,293,10,0,0,0,0,0,1241,9410,88,0,0,0,0,0
369,3563,370.3186801056205,99958,160,68,25,15,6992,3423,0.10419376137977951,73,52,45434,46648,4135,2034,172,1182,1231,183,0,0,88809,0,0,296,10,0,0,0,0,0,1316,9432,95,0,0,0,0,0
370,3563,371.0619730278731,99958,162,69,25,15,7010,3431,0.10445387062566278,62,51,45427,46580,4139,2034,184,1250,1303,195,0,0,88706,0,0,297,10,0,0,0,0,0,1397,9450,98,0,0,0,0,0
371,3563,372.17727769511646,99957,159,78,25,16,7026,3452,0.10482507478215633,74,44,45404,46512,4142,2033,195,1316,1378,208,0,0,88595,0,0,299,10,0,0,0,0,0,1479,9470,104,0,0,0,0,0
372,3563,373.29295463990843,99956,160,79,26,16,7053,3469,0.105266317179559,75,43,45390,46442,4141,2032,207,1387,1455,222,0,0,88473,0,0,302,10,0,0,0,0,0,1563,9497,111,0,0,0,0,0
373,3563,374.03693183083226,99956,156,76,26,16,7070,3475,0.1054964184241066,78,44,45371,46366,4147,2031,221,1466,1535,236,0,0,88358,0,0,306,10,0,0,0,0,0,1652,9514,116,0,0,0,0,0
374,3563,375.15342590827635,99956,142,78,26,16,7090,3490,0.10584657249189644,78,39,45353,46290,4165,2032,235,1544,1618,251,0,0,88225,0,0,308,11,0,0,0,0,0,1741,9547,124,0,0,0,0,0
375,3563,376.27053085767324,99956,156,75,26,16,7117,3499,0.10620673096162311,75,35,45333,46217,4160,2031,249,1625,1704,267,0,0,88112,0,0,308,12,0,0,0,0,0,1830,9558,136,0,0,0,0,0
376,3563,377.0155202736129,99956,159,74,26,16,7133,3504,0.10641682340229701,74,37,45320,46133,4154,2027,266,1712,1793,284,0,0,87996,0,0,308,12,0,0,0,0,0,1927,9568,145,0,0,0,0,0
377,3563,378.13337465766307,99956,150,70,26,16,7154,3516,0.10674696866621314,84,35,45299,46046,4157,2034,283,1798,1884,302,0,0,87850,0,0,309,12,0,0,0,0,0,2028,9604,153,0,0,0,0,0
378,3563,379.25169867829345,99956,151,73,26,16,7174,3526,0.1070471007243187,85,44,45278,45949,4159,2030,300,1887,1978,320,0,0,87723,0,0,310,12,0,0,0,0,0,2130,9618,163,0,0,0,0,0
379,3563,380.3704710275474,99956,158,76,26,16,7204,3540,0.1074872944095402,70,41,45264,45863,4162,2027,319,1976,2075,339,0,0,87587,0,0,312,12,0,0,0,0,0,2234,9636,175,0,0,0,0,0
380,3563,381.116561407536,99956,162,73,26,16,7218,3546,0.10768738244827725,70,43,45241,45771,4163,2025,337,2071,2175,359,0,0,87459,0,0,315,12,0,0,0,0,0,2346,9641,183,0,0,0,0,0
381,3563,382.23634112516964,99956,151,84,26,16,7236,3565,0.10805754531994077,77,41,45210,45673,4177,2022,358,2163,2278,380,0,0,87308,0,0,317,12,0,0,0,0,0,2462,9666,191,0,0,0,0,0
382,3563,383.356830795146,99956,152,82,26,16,7258,3576,0.1083876905838569,83,46,45177,45571,4181,2026,380,2258,2384,402,0,0,87160,0,0,319,12,0,0,0,0,0,2578,9684,203,0,0,0,0,0
383,3563,384.1042263660926,99956,155,78,26,16,7275,3585,0.10864780503421506,86,43,45153,45474,4176,2027,403,2361,2493,425,0,0,87015,0,0,320,13,0,0,0,0,0,2698,9696,214,0,0,0,0,0
384,3563,385.2259708619957,99956,151,79,26,16,7294,3597,0.10895794149425747,86,46,45135,45376,4175,2023,426,2459,2605,449,0,0,86860,0,0,322,13,0,0,0,0,0,2821,9713,227,0,0,0,0,0
385,3563,386.3482769205548,99956,148,79,26,16,7310,3608,0.10922806034655248,88,44,45112,45269,4178,2029,447,2562,2720,474,0,0,86699,0,0,323,13,0,0,0,0,0,2953,9733,235,0,0,0,0,0
386,3563,387.0967673630682,99956,139,73,26,16,7321,3617,0.10942814838528953,92,39,45083,45160,4187,2034,472,2677,2838,500,0,0,86536,0,0,328,14,0,0,0,0,0,3087,9747,244,0,0,0,0,0
387,3563,388.2204380504767,99956,153,74,26,16,7351,3626,0.10981832006082676,87,45,45055,45045,4179,2030,499,2789,2959,527,0,0,86378,0,0,327,15,0,0,0,0,0,3221,9758,257,0,0,0,0,0
388,3563,389.34478129386986,99956,144,74,26,16,7374,3636,0.11014846532474289,89,43,45026,44934,4189,2027,525,2905,3083,555,0,0,86201,0,0,331,16,0,0,0,0,0,3361,9779,268,0,0,0,0,0
389,3563,390.0947333348498,99956,147,77,26,16,7391,3647,0.11042858857897475,87,38,44992,44823,4193,2018,554,3027,3210,584,0,0,86035,0,0,333,16,0,0,0,0,0,3507,9787,278,0,0,0,0,0
390,3563,391.22058363198795,99956,148,74,26,16,7412,3654,0.11070871183320662,87,44,44962,44706,4195,2009,581,3150,3340,614,0,0,85863,0,0,335,16,0,0,0,0,0,3651,9797,294,0,0,0,0,0
391,3563,392.34713640677654,99956,161,71,26,16,7441,3665,0.1111088879106807,78,43,44926,44590,4197,2005,611,3274,3473,645,0,0,85686,0,0,338,16,0,0,0,0,0,3801,9807,308,0,0,0,0,0
392,3563,393.09869936149886,99956,154,78,26,16,7457,3678,0.11139901556684942,74,45,44901,44458,4204,2000,640,3402,3609,678,0,0,85502,0,0,339,16,0,0,0,0,0,3957,9821,321,0,0,0,0,0
393,3563,394.2269296382341,99956,143,78,26,16,7474,3689,0.11167913882108127,86,47,44864,44335,4208,1997,672,3526,3748,712,0,0,85300,0,0,339,16,0,0,0,0,0,4120,9850,331,0,0,0,0,0
394,3563,395.35604056576966,99955,141,78,27,16,7497,3699,0.11201040468210695,85,48,44826,44209,4216,1993,704,3655,3890,747,0,0,85109,0,0,341,16,0,0,0,0,0,4278,9861,350,0,0,0,0,0
395,3563,396.1093002848874,99955,127,78,27,16,7507,3709,0.11221049472262518,90,41,44793,44073,4224,1997,738,3794,4035,783,0,0,84907,0,0,340,17,0,0,0,0,0,4446,9883,362,0,0,0,0,0
396,3563,397.2403258117212,99955,132,71,27,16,7534,3723,0.11262067930568756,86,38,44774,43944,4209,1999,771,3931,4183,821,0,0,84700,0,0,340,18,0,0,0,0,0,4611,9904,382,0,0,0,0,0
397,3563,398.3719971032658,99955,132,65,27,16,7553,3732,0.11290080536241309,89,39,44734,43812,4208,1999,809,4068,4334,860,0,0,84493,0,0,342,20,0,0,0,0,0,4788,9919,393,0,0,0,0,0
398,3563,399.12695091196827,99955,133,58,27,16,7568,3734,0.11307088189685359,81,42,44699,43671,4210,1997,849,4215,4488,900,0,0,84301,0,0,341,22,0,0,0,0,0,4958,9918,415,0,0,0,0,0
399,3563,400.2605264012009,99955,129,63,27,16,7593,3747,0.11345105297383823,78,35,44663,43541,4213,1994,889,4350,4644,942,0,0,84091,0,0,348,22,0,0,0,0,0,5138,9923,433,0,0,0,0,0
400,3563,401.016783540136,99954,140,64,27,17,7617,3753,0.1137523260699922,68,34,44628,43395,4206,1989,930,4500,4803,985,0,0,83887,0,0,349,22,0,0,0,0,0,5325,9923,448,0,0,0,0,0
401,3563,402.15226899667636,99954,131,60,27,17,7632,3764,0.11401244572503351,73,35,44580,43248,4215,1988,973,4651,4965,1030,0,0,83666,0,0,353,22,0,0,0,0,0,5511,9933,469,0,0,0,0,0
402,3563,403.2889633333083,99954,127,61,27,17,7650,3776,0.11431258378854273,76,33,44535,43110,4219,1983,1015,4795,5130,1076,0,0,83443,0,0,353,23,0,0,0,0,0,5702,9945,488,0,0,0,0,0
403,3563,404.0474179216601,99954,126,60,27,17,7664,3783,0.11452268043299918,69,30,44495,42974,4222,1969,1060,4949,5298,1123,0,0,83232,0,0,354,24,0,0,0,0,0,5892,9940,512,0,0,0,0,0
404,3563,405.1864762167487,99954,122,62,27,17,7682,3796,0.11483282309862537,72,22,44455,42822,4223,1972,1100,5104,5469,1172,0,0,83002,0,0,359,24,0,0,0,0,0,6094,9945,530,0,0,0,0,0
405,3563,406.3265884179503,99954,122,58,27,17,7703,3802,0.11510294735578366,71,25,44415,42671,4219,1964,1145,5264,5642,1222,0,0,82777,0,0,359,26,0,0,0,0,0,6290,9947,555,0,0,0,0,0
406,3563,407.0872438661719,99954,138,56,27,17,7726,3807,0.11538307621505893,63,27,44367,42515,4210,1956,1194,5428,5818,1274,0,0,82556,0,0,359,26,0,0,0,0,0,6497,9940,576,0,0,0,0,0
407,3563,408.2295358903768,99954,140,55,27,17,7747,3814,0.1156632050743342,61,29,44314,42365,4212,1946,1245,5587,5997,1328,0,0,82315,0,0,361,26,0,0,0,0,0,6713,9946,593,0,0,0,0,0
408,3563,409.3731478643968,99954,143,46,27,17,7769,3818,0.11592332472937551,63,32,44264,42211,4207,1947,1295,5746,6179,1383,0,0,82076,0,0,364,26,0,0,0,0,0,6923,9945,620,0,0,0,0,0
409,3563,410.1363035104117,99954,141,48,27,17,7781,3822,0.11608339836324709,60,33,44219,42053,4204,1930,1348,5918,6363,1440,0,0,81839,0,0,365,26,0,0,0,0,0,7145,9940,639,0,0,0,0,0
410,3563,411.2824258551016,99954,134,47,27,17,7803,3830,0.1163835364267563,49,39,44175,41890,4210,1926,1404,6080,6550,1498,0,0,81573,0,0,365,27,0,0,0,0,0,7374,9961,654,0,0,0,0,0
411,3563,412.0472211656353,99954,125,52,27,17,7813,3841,0.11659363307121276,47,31,44122,41730,4217,1920,1461,6249,6739,1558,0,0,81320,0,0,366,28,0,0,0,0,0,7604,9964,672,0,0,0,0,0
412,3563,413.1961282060887,99954,124,57,27,17,7830,3857,0.11692378494107289,51,25,44059,41578,4218,1908,1520,6414,6931,1620,0,0,81061,0,0,368,28,0,0,0,0,0,7836,9967,694,0,0,0,0,0
413,3563,414.34656808488774,99954,124,52,27,17,7847,3864,0.11716389539188027,44,22,44019,41429,4209,1902,1576,6577,7125,1683,0,0,80802,0,0,370,28,0,0,0,0,0,8068,9967,719,0,0,0,0,0
414,3563,415.11421647321635,99954,122,50,27,17,7858,3870,0.11733397362786882,44,23,43958,41264,4211,1897,1637,6748,7322,1748,0,0,80548,0,0,372,28,0,0,0,0,0,8303,9957,746,0,0,0,0,0
415,3563,416.26750290964293,99954,114,50,27,17,7870,3874,0.1174940472617404,45,26,43913,41095,4202,1888,1698,6923,7521,1815,0,0,80282,0,0,376,28,0,0,0,0,0,8549,9953,766,0,0,0,0,0
416,3563,417.03709310297836,99954,115,49,27,17,7882,3877,0.11764411629349501,42,28,43850,40932,4202,1874,1763,7099,7723,1883,0,0,80025,0,0,378,28,0,0,0,0,0,8793,9938,792,0,0,0,0,0
417,3563,418.1932649817421,99954,107,54,27,17,7892,3892,0.11789423134641935,49,23,43793,40757,4193,1870,1830,7278,7927,1953,0,0,79753,0,0,381,29,0,0,0,0,0,9041,9933,817,0,0,0,0,0
418,3563,419.3509999902243,99954,97,54,27,17,7903,3899,0.11807431418452488,58,27,43726,40591,4194,1868,1897,7442,8133,2025,0,0,79473,0,0,379,32,0,0,0,0,0,9294,9937,839,0,0,0,0,0
419,3563,420.1237577129043,99954,91,56,27,17,7914,3904,0.11823438781839646,86,51,43645,40403,4187,1852,1963,7620,8341,2099,0,0,79206,7,0,382,32,0,0,0,0,0,9544,9912,871,0,0,0,0,0
420,3563,421.43053089094366,99954,101,56,27,17,7947,3916,0.11868459491366028,77,52,43585,40222,4180,1853,2029,7799,8552,2175,0,0,78909,39,2,383,32,0,0,0,0,0,9807,9889,893,0,0,0,0,0
421,3563,422.3026479954955,99954,110,57,27,17,7966,3925,0.11896472377293556,77,47,43522,40038,4167,1849,2096,7991,8765,2252,0,0,78631,55,3,381,34,0,0,0,0,0,10068,9862,920,0,0,0,0,0
422,3563,423.17601804353586,99954,116,61,27,17,7988,3938,0.11931488484702964,73,47,43458,39842,4155,1846,2170,8186,8980,2331,0,0,78349,78,4,379,37,0,0,0,0,0,10326,9829,952,0,0,0,0,0
423,3563,424.0505819870652,99954,114,65,27,17,8002,3948,0.119554995297837,76,48,43378,39654,4154,1838,2250,8377,9197,2412,0,0,78063,98,5,378,39,0,0,0,0,0,10591,9798,982,0,0,0,0,0
424,3563,425.36509717038535,99953,116,75,28,17,8027,3973,0.12005642652046462,78,42,43303,39470,4147,1839,2327,8556,9416,2495,0,0,77754,132,7,379,39,0,0,0,0,0,10863,9769,1010,0,0,0,0,0
425,3563,426.24265797779697,99953,116,77,28,17,8042,3984,0.12031654877792562,83,36,43222,39292,4145,1830,2405,8747,9636,2580,0,0,77456,153,7,379,41,0,0,0,0,0,11140,9740,1037,0,0,0,0,0
426,3563,427.12178609593815,99953,125,73,28,17,8066,3996,0.12067671805748702,77,34,43162,39096,4128,1838,2479,8941,9858,2667,0,0,77148,179,9,381,42,0,0,0,0,0,11420,9711,1063,0,0,0,0,0
427,3563,428.0022079476793,99953,132,74,28,17,8088,4004,0.12097685912378818,79,35,43079,38917,4118,1829,2563,9127,10082,2756,0,0,76849,196,11,383,43,0,0,0,0,0,11700,9678,1093,0,0,0,0,0
428,3563,429.3255039645929,99953,134,72,28,17,8118,4018,0.12141706602102989,76,32,42997,38741,4122,1827,2642,9310,10308,2847,0,0,76518,231,14,388,44,0,0,0,0,0,11993,9652,1113,0,0,0,0,0
429,3563,430.2091419245012,99953,137,69,28,17,8137,4027,0.12169719768291097,79,39,42912,38531,4118,1826,2725,9517,10535,2940,0,0,76200,257,16,386,46,0,0,0,0,0,12283,9626,1139,0,0,0,0,0
430,3563,431.0944924125428,99953,148,68,28,17,8161,4033,0.12199733874921213,80,43,42820,38329,4113,1815,2810,9727,10764,3034,0,0,75903,268,21,388,48,0,0,0,0,0,12564,9587,1174,0,0,0,0,0
431,3563,432.4255447823778,99953,152,69,28,17,8189,4048,0.1224275409442438,93,44,42732,38144,4099,1811,2895,9914,10995,3130,0,0,75586,298,25,390,50,0,0,0,0,0,12847,9545,1212,0,0,0,0,0
432,3563,433.31437150194773,99953,149,69,28,17,8204,4058,0.12267765849949476,99,48,42647,37955,4091,1803,2985,10107,11227,3228,0,0,75266,324,26,389,52,0,0,0,0,0,13140,9510,1246,0,0,0,0,0
433,3563,434.20486587594024,99953,162,71,28,17,8238,4066,0.12309785599231639,94,47,42553,37765,4084,1792,3078,10307,11460,3328,0,0,74948,346,28,391,53,0,0,0,0,0,13434,9471,1282,0,0,0,0,0
434,3563,435.0972530930695,99953,160,74,28,17,8255,4077,0.12337798765419747,93,47,42469,37567,4078,1786,3171,10508,11695,3430,0,0,74626,366,32,394,53,0,0,0,0,0,13732,9433,1317,0,0,0,0,0
435,3563,436.43898557392,99953,151,73,28,17,8284,4091,0.12380818984922914,99,48,42378,37393,4084,1791,3259,10677,11931,3534,0,0,74279,407,38,395,56,0,0,0,0,0,14032,9396,1350,0,0,0,0,0
436,3563,437.3350462671342,99953,154,78,28,17,8310,4106,0.12421838263984072,100,46,42294,37191,4069,1785,3354,10882,12168,3640,0,0,73948,433,40,398,58,0,0,0,0,0,14335,9355,1386,0,0,0,0,0
437,3563,438.2329254062064,99953,154,76,28,17,8326,4114,0.12445849549288165,107,50,42207,36980,4053,1776,3450,11100,12406,3748,0,0,73624,453,42,401,59,0,0,0,0,0,14637,9310,1427,0,0,0,0,0
438,3563,439.13251598431015,99953,163,71,28,17,8358,4122,0.1248586835812832,92,50,42119,36781,4054,1775,3543,11305,12646,3858,0,0,73274,481,46,403,61,0,0,0,0,0,14955,9280,1453,0,0,0,0,0
439,3563,440.0340129634863,99953,161,70,28,17,8388,4130,0.12523886226526468,89,51,42002,36575,4070,1767,3649,11519,12887,3970,0,0,72922,514,49,406,63,0,0,0,0,0,15271,9243,1485,0,0,0,0,0
440,3563,441.39046976834845,99953,165,71,28,17,8422,4151,0.1257891208868168,79,48,41899,36382,4077,1772,3751,11709,13129,4084,0,0,72552,553,58,407,64,0,0,0,0,0,15593,9217,1509,0,0,0,0,0
441,3563,442.29672798600757,99952,164,74,29,17,8442,4165,0.12613054266047702,90,46,41783,36178,4080,1770,3853,11914,13371,4200,0,0,72206,572,64,411,65,0,0,0,0,0,15913,9180,1541,0,0,0,0,0
442,3563,443.2053476193918,99952,160,72,29,17,8460,4171,0.12637065791579957,93,58,41680,35978,4082,1763,3955,12111,13614,4318,0,0,71857,590,72,414,66,0,0,0,0,0,16236,9147,1570,0,0,0,0,0
443,3563,444.1162846244317,99952,161,78,29,17,8477,4187,0.1267008163918681,106,54,41573,35779,4072,1753,4058,12318,13858,4438,0,0,71510,609,77,415,67,0,0,0,0,0,16559,9110,1605,0,0,0,0,0
444,3563,445.02944195676497,99952,170,86,29,17,8508,4203,0.1271710421002081,100,50,41468,35575,4073,1749,4159,12522,14103,4560,0,0,71154,633,81,416,68,0,0,0,0,0,16887,9074,1639,0,0,0,0,0
445,3563,446.40306135651605,99952,175,81,29,17,8547,4214,0.12767128221546342,106,56,41355,35391,4074,1747,4260,12707,14348,4684,0,0,70787,670,88,422,68,0,0,0,0,0,17210,9029,1678,0,0,0,0,0
446,3563,447.3207919889993,99952,177,80,29,17,8575,4226,0.1280714743076677,110,56,41231,35183,4079,1747,4373,12916,14594,4810,0,0,70415,701,91,426,69,0,0,0,0,0,17548,8994,1708,0,0,0,0,0
447,3563,448.24110034702284,99952,189,84,29,17,8610,4243,0.12859172402753322,99,49,41113,34984,4083,1748,4486,13117,14841,4937,0,0,70044,729,95,429,70,0,0,0,0,0,17887,8960,1738,0,0,0,0,0
448,3563,449.1641507300845,99952,179,82,29,17,8632,4257,0.12895189691051706,100,46,41006,34785,4089,1747,4596,13322,15088,5066,0,0,69668,765,102,432,72,0,0,0,0,0,18220,8921,1772,0,0,0,0,0
449,3563,450.08977302162833,99952,171,89,29,17,8652,4270,0.12928205538658555,104,46,40904,34598,4085,1735,4706,13514,15335,5197,0,0,69308,791,105,433,76,0,0,0,0,0,18551,8876,1812,0,0,0,0,0
450,3563,451.0176989835836,99952,177,88,29,17,8686,4280,0.12972226668801023,102,53,40796,34398,4075,1736,4820,13707,15583,5330,0,0,68936,814,118,434,78,0,0,0,0,0,18887,8843,1842,0,0,0,0,0
451,3563,452.4140279174889,99952,171,92,29,17,8714,4301,0.13021250200096046,114,55,40679,34228,4074,1723,4932,13884,15831,5465,0,0,68567,849,129,431,86,0,0,0,0,0,19210,8797,1883,0,0,0,0,0
452,3563,453.3469412184083,99952,169,91,29,17,8735,4315,0.1305626700816392,118,49,40559,34057,4073,1716,5051,14069,16079,5602,0,0,68194,873,140,433,87,0,0,0,0,0,19548,8759,1918,0,0,0,0,0
453,3563,454.2825074323263,99952,181,97,29,17,8763,4329,0.13098287177845366,114,44,40438,33868,4065,1710,5172,14263,16328,5741,0,0,67828,888,149,431,89,0,0,0,0,0,19890,8724,1953,0,0,0,0,0
454,3563,455.22087390877175,99952,192,101,29,17,8793,4345,0.13144309268448856,113,40,40318,33685,4054,1701,5293,14455,16577,5881,0,0,67463,905,160,434,89,0,0,0,0,0,20227,8680,1994,0,0,0,0,0
455,3563,456.16191976263445,99952,201,100,29,17,8820,4355,0.1318132703697775,113,46,40196,33490,4043,1697,5417,14649,16826,6023,0,0,67090,922,171,434,90,0,0,0,0,0,20572,8645,2028,0,0,0,0,0
456,3563,457.10560300514214,99952,211,100,29,17,8853,4365,0.13224347686889706,110,49,40068,33289,4035,1690,5546,14854,17075,6167,0,0,66713,950,173,432,94,0,0,0,0,0,20918,8603,2069,0,0,0,0,0
457,3563,458.0523199041898,99952,208,99,29,17,8881,4373,0.1326036497518809,110,58,39936,33091,4042,1677,5674,15057,17324,6313,0,0,66329,980,182,431,96,0,0,0,0,0,21263,8563,2108,0,0,0,0,0
458,3563,459.00210037354594,99952,202,102,29,17,8903,4392,0.13301384664639027,114,52,39806,32905,4048,1667,5800,15256,17573,6460,0,0,65952,1008,192,431,100,0,0,0,0,0,21602,8514,2153,0,0,0,0,0
459,3563,460.43213998522543,99951,195,102,29,18,8944,4414,0.13364548628828127,127,51,39677,32765,4059,1668,5912,15395,17821,6609,0,0,65541,1055,207,434,103,0,0,0,0,0,21949,8477,2185,0,0,0,0,0
460,3563,461.38810421223644,99951,201,107,29,18,8977,4431,0.13414573140839012,121,57,39539,32578,4060,1660,6049,15579,18069,6760,0,0,65166,1078,219,434,107,0,0,0,0,0,22289,8430,2228,0,0,0,0,0
461,3563,462.34733572561316,99951,214,122,29,18,9013,4451,0.13470600594291202,109,54,39420,32385,4067,1644,6160,15776,18317,6912,0,0,64795,1091,227,437,110,0,0,0,0,0,22639,8384,2268,0,0,0,0,0
462,3563,463.3094853028921,99951,214,113,29,18,9045,4462,0.13513621674620563,117,61,39284,32194,4072,1647,6283,15966,18565,7066,0,0,64391,1132,234,441,110,0,0,0,0,0,22995,8341,2307,0,0,0,0,0
463,3563,464.2748302425855,99950,214,111,30,18,9081,4479,0.13566783391695847,119,57,39138,32004,4077,1646,6421,16163,18812,7222,0,0,63988,1168,249,441,113,0,0,0,0,0,23346,8304,2341,0,0,0,0,0
464,3563,465.24363606507205,99950,221,106,30,18,9114,4489,0.13609804902451225,124,61,38993,31823,4081,1645,6550,16346,19059,7379,0,0,63590,1191,260,445,116,0,0,0,0,0,23710,8271,2367,0,0,0,0,0
465,3563,466.2159163205635,99950,230,107,30,18,9147,4505,0.13658829414707355,134,61,38855,31656,4067,1640,6683,16517,19305,7538,0,0,63203,1217,269,448,117,0,0,0,0,0,24062,8224,2410,0,0,0,0,0
466,3563,467.19159061728783,99950,232,103,30,18,9182,4518,0.13706853426713356,131,64,38726,31486,4063,1635,6817,16693,19551,7698,0,0,62808,1243,287,452,118,1,0,0,0,0,24413,8184,2444,0,0,0,0,0
467,3563,468.1705094684311,99949,226,103,31,18,9218,4532,0.13757016078199882,126,64,38581,31308,4078,1632,6957,16874,19796,7860,0,0,62409,1272,307,454,121,1,0,0,0,0,24762,8143,2480,0,0,0,0,0
468,3563,469.15309620708075,99949,235,106,31,18,9251,4543,0.13801038529650123,131,65,38435,31142,4077,1618,7090,17050,20041,8023,0,0,62024,1285,318,460,123,1,0,0,0,0,25123,8101,2514,0,0,0,0,0
469,3563,470.1392361942368,99949,234,111,31,18,9282,4564,0.13853065063182224,135,55,38308,30970,4072,1615,7219,17230,20285,8188,0,0,61634,1310,335,461,128,1,0,0,0,0,25471,8056,2553,0,0,0,0,0
470,3563,471.1289237374892,99949,239,110,31,18,9319,4581,0.1390709261723479,131,55,38167,30790,4074,1617,7357,17409,20529,8354,0,0,61231,1341,351,460,132,1,0,0,0,0,25827,8019,2587,0,0,0,0,0
471,3563,472.1220743664802,99949,231,98,31,18,9343,4592,0.13942110476342934,146,61,38014,30611,4082,1619,7495,17592,20772,8521,0,0,60816,1376,366,462,134,1,0,0,0,0,26191,7987,2616,0,0,0,0,0
472,3563,473.11906404004674,99948,244,100,32,18,9382,4611,0.1400028014567575,154,59,37856,30415,4073,1622,7640,17785,21014,8690,0,0,60426,1406,378,461,135,1,0,0,0,0,26538,7936,2667,0,0,0,0,0
473,3563,474.12005683643184,99948,240,103,32,18,9415,4631,0.14053307720014407,166,57,37713,30242,4067,1613,7781,17966,21255,8860,0,0,60038,1434,401,463,136,1,0,0,0,0,26875,7883,2717,0,0,0,0,0
474,3563,475.12483401247954,99948,243,109,32,18,9450,4648,0.14105334774082523,160,65,37562,30065,4081,1597,7921,18145,21495,9031,0,0,59646,1460,413,466,137,1,0,0,0,0,27228,7835,2762,0,0,0,0,0
475,3563,476.13354761736804,99948,244,112,32,18,9474,4664,0.1414535558490415,175,60,37413,29921,4066,1590,8069,18298,21735,9203,0,0,59261,1477,426,469,140,1,0,0,0,0,27583,7788,2803,0,0,0,0,0
476,3563,477.14616184058264,99948,257,114,32,18,9520,4677,0.1420438628086605,163,63,37273,29757,4070,1589,8204,18458,21974,9377,0,0,58862,1500,442,467,145,1,0,0,0,0,27943,7751,2837,0,0,0,0,0
477,3563,478.1625825774632,99948,264,110,32,18,9568,4688,0.1426341697682795,147,66,37121,29589,4082,1583,8353,18633,22212,9552,0,0,58455,1533,459,470,148,1,0,0,0,0,28300,7709,2873,0,0,0,0,0
478,3563,479.18309063233016,99947,268,103,33,18,9612,4700,0.14319589382372658,145,81,36971,29424,4085,1586,8497,18787,22449,9728,0,0,58044,1570,469,480,148,1,0,0,0,0,28662,7659,2914,0,0,0,0,0
479,3563,480.2077696726381,99947,256,105,33,18,9643,4718,0.14368615366144055,158,81,36817,29258,4096,1582,8639,18955,22685,9905,0,0,57646,1603,492,475,155,1,0,0,0,0,29004,7615,2956,0,0,0,0,0
480,3563,481.23676899018363,99947,266,111,33,18,9688,4743,0.14438652485817483,156,71,36655,29109,4100,1576,8789,19114,22920,10083,0,0,57255,1627,513,478,160,1,0,0,0,0,29349,7566,2998,0,0,0,0,0
481,3563,482.27006919556584,99947,256,109,33,18,9721,4764,0.14492681120994128,163,75,36507,28951,4102,1578,8938,19268,23154,10262,0,0,56858,1659,540,482,161,2,0,0,0,0,29687,7514,3044,0,0,0,0,0
482,3563,483.30787738852416,99947,256,113,33,18,9765,4784,0.1455671505898126,152,70,36371,28795,4107,1576,9080,19427,23387,10442,0,0,56461,1689,564,484,165,2,0,0,0,0,30030,7466,3086,0,0,0,0,0
483,3563,484.34951369879013,99947,254,111,33,18,9800,4804,0.14611744224438952,146,69,36239,28620,4110,1583,9217,19598,23618,10623,0,0,56053,1726,582,483,169,2,0,0,0,0,30382,7426,3124,0,0,0,0,0
484,3563,485.3950745445461,99947,251,118,33,18,9845,4820,0.14672776571582938,136,76,36094,28444,4112,1578,9373,19765,23848,10805,0,0,55662,1761,600,479,176,2,0,0,0,0,30719,7374,3174,0,0,0,0,0
485,3563,486.44489949459523,99947,266,132,33,18,9887,4851,0.14745815282099511,138,62,35933,28296,4105,1575,9524,19916,24077,10988,0,0,55271,1783,620,477,179,3,0,0,0,0,31068,7334,3212,0,0,0,0,0
486,3563,487.4991054118759,99947,257,123,33,18,9923,4873,0.14803846038400353,151,59,35800,28127,4105,1592,9653,20080,24305,11171,0,0,54881,1815,655,481,182,3,0,0,0,0,31390,7276,3264,0,0,0,0,0
487,3563,488.0271649230763,99947,263,124,33,18,9943,4880,0.14830860355988673,150,63,35638,27947,4094,1578,9821,20269,24532,11355,0,0,54520,1819,666,480,187,4,0,0,0,0,31736,7224,3311,0,0,0,0,0
488,3563,489.090077873041,99947,268,126,33,18,9990,4893,0.1489089217285161,147,65,35488,27790,4101,1570,9962,20430,24758,11540,0,0,54129,1843,687,484,190,5,0,0,0,0,32082,7177,3350,0,0,0,0,0
489,3563,490.1574483517452,99946,256,129,34,18,10021,4913,0.14942068717107237,168,69,35321,27643,4111,1566,10109,20574,24982,11725,0,0,53735,1863,716,488,193,5,0,0,0,0,32423,7137,3386,0,0,0,0,0
490,3563,491.22977362645065,99945,248,139,34,19,10063,4937,0.15008254539996999,158,62,35160,27490,4128,1561,10271,20728,25205,11911,0,0,53334,1894,742,491,196,5,0,0,0,0,32766,7095,3422,0,0,0,0,0
491,3563,492.307081113738,99944,249,134,35,19,10104,4951,0.15063435523893381,160,76,35019,27365,4128,1561,10408,20844,25427,12098,0,0,52933,1930,760,490,201,5,0,0,0,0,33112,7052,3461,0,0,0,0,0
492,3563,493.3887623590863,99944,232,140,35,19,10144,4974,0.1512647082366125,162,68,34874,27236,4142,1556,10554,20980,25647,12285,0,0,52546,1963,790,494,205,5,0,0,0,0,33433,6995,3513,0,0,0,0,0
493,3563,494.47508642138456,99944,234,135,35,19,10186,4995,0.1518950612342912,168,64,34730,27124,4143,1567,10689,21090,25866,12473,0,0,52158,1997,817,494,210,5,0,0,0,0,33760,6942,3561,0,0,0,0,0
494,3563,495.01924275901985,99944,249,134,35,19,10210,5005,0.15223525174097494,161,63,34580,26955,4123,1559,10851,21269,26084,12661,0,0,51800,1998,832,489,218,5,0,0,0,0,34101,6898,3603,0,0,0,0,0
495,3563,496.11485949067327,99944,266,124,35,19,10259,5020,0.1528756103417914,150,74,34451,26820,4116,1562,10981,21400,26300,12850,0,0,51416,2020,861,491,221,5,0,0,0,0,34433,6853,3644,0,0,0,0,0
496,3563,497.2145359254321,99944,261,120,35,19,10299,5029,0.1533658848955415,151,87,34307,26698,4125,1551,11120,21524,26515,13039,0,0,51025,2044,881,500,224,5,0,0,0,0,34778,6807,3680,0,0,0,0,0
497,3563,498.31871830245404,99944,262,130,35,19,10334,5059,0.1540162490994957,162,74,34163,26583,4119,1551,11258,21642,26728,13228,0,0,50653,2063,910,503,227,5,0,0,0,0,35102,6755,3726,0,0,0,0,0
498,3563,499.4274074033206,99944,257,128,35,19,10370,5079,0.15457656287521013,167,80,34025,26457,4121,1560,11394,21755,26940,13418,0,0,50252,2096,933,509,228,5,0,0,0,0,35447,6715,3759,0,0,0,0,0
499,3563,500.5406597319181,99944,255,131,35,19,10419,5100,0.15527695509485312,160,72,33880,26322,4138,1563,11531,21892,27151,13608,0,0,49863,2134,954,513,232,5,0,0,0,0,35775,6661,3807,0,0,0,0,0
500,3563,501.0984504778047,99944,254,119,35,19,10440,5107,0.15555711198271033,160,71,33729,26154,4126,1566,11695,22070,27360,13798,0,0,49503,2149,976,511,238,5,0,0,0,0,36098,6609,3855,0,0,0,0,0
501,3563,502.22163054072087,99944,249,118,35,19,10493,5127,0.1562875210117666,146,79,33589,26023,4142,1576,11838,22184,27568,13988,0,0,49121,2184,1012,508,248,5,0,0,0,0,36409,6560,3897,0,0,0,0,0
502,3563,503.34955955016966,99944,264,118,35,19,10544,5150,0.15702793564396061,138,75,33459,25918,4134,1580,11969,22289,27774,14178,0,0,48751,2196,1050,510,253,5,0,0,0,0,36727,6520,3932,0,0,0,0,0
503,3563,504.4819996864083,99944,260,114,35,19,10592,5170,0.1577083166573281,134,71,33313,25789,4150,1587,12107,22419,27979,14369,0,0,48367,2232,1083,510,259,5,0,0,0,0,37041,6472,3975,0,0,0,0,0
504,3563,505.0491654485904,99944,249,105,35,19,10608,5175,0.157918434323221,132,74,33162,25634,4152,1591,12269,22576,28182,14560,0,0,48005,2245,1107,511,260,6,0,0,0,0,37365,6427,4018,0,0,0,0,0
505,3563,506.1919426874056,99944,236,105,35,19,10641,5195,0.15844873128952214,132,69,33026,25519,4170,1600,12400,22687,28384,14751,0,0,47610,2276,1133,514,263,7,0,0,0,0,37702,6395,4044,0,0,0,0,0
506,3563,507.3396450194742,99944,236,112,35,19,10683,5216,0.15907908428720083,124,72,32889,25408,4168,1598,12547,22790,28584,14942,0,0,47242,2296,1164,510,271,7,0,0,0,0,38019,6355,4080,0,0,0,0,0
507,3563,508.4922576549886,99944,226,126,35,19,10719,5243,0.15970943728487955,115,56,32776,25312,4172,1590,12675,22896,28783,15133,0,0,46869,2321,1189,514,274,7,0,0,0,0,38340,6309,4121,0,0,0,0,0
508,3563,509.06944386436527,99943,223,119,35,20,10736,5247,0.15992115505838328,115,58,32626,25178,4157,1590,12843,23034,28980,15323,0,0,46511,2327,1205,513,281,7,0,0,0,0,38673,6274,4152,0,0,0,0,0
509,3563,510.23158068026834,99943,224,120,35,20,10772,5262,0.16043144592417677,129,55,32475,25067,4156,1590,12980,23147,29176,15513,0,0,46154,2337,1238,516,283,7,0,0,0,0,38986,6232,4190,0,0,0,0,0
510,3563,511.39874154082725,99943,225,127,35,20,10813,5284,0.16106180522898053,127,49,32347,24981,4153,1582,13112,23240,29370,15703,0,0,45802,2348,1271,519,289,7,0,0,0,0,39293,6185,4229,0,0,0,0,0
511,3563,512.5709962696676,99943,228,117,35,20,10847,5298,0.16154207898502146,126,56,32208,24891,4153,1591,13249,23324,29563,15893,0,0,45441,2369,1296,523,293,7,0,0,0,0,39607,6138,4269,0,0,0,0,0
512,3563,513.1581260964089,99943,225,114,35,20,10869,5307,0.1618522557857979,127,67,32043,24741,4152,1592,13417,23465,29754,16083,0,0,45102,2363,1338,522,295,7,0,0,0,0,39910,6103,4303,0,0,0,0,0
513,3563,514.3410051865374,99943,227,113,35,20,10903,5327,0.16239256376134398,122,64,31917,24644,4154,1598,13544,23560,29944,16272,0,0,44745,2380,1368,527,295,7,0,0,0,0,40219,6059,4343,0,0,0,0,0
514,3563,515.5289203950917,99943,222,111,35,20,10936,5342,0.1628728375173849,119,63,31807,24556,4149,1589,13667,23660,30132,16461,0,0,44398,2400,1396,526,301,7,0,0,0,0,40517,6009,4389,0,0,0,0,0
515,3563,516.123918814398,99943,223,113,35,20,10956,5351,0.16316300291165964,119,61,31664,24410,4129,1588,13829,23807,30318,16650,0,0,44070,2398,1423,524,304,7,0,0,0,0,40820,5966,4431,0,0,0,0,0
516,3563,517.3215285088223,99943,219,105,35,20,10996,5372,0.16377335080996167,111,51,31548,24348,4127,1591,13959,23884,30503,16838,0,0,43720,2412,1474,526,308,7,0,0,0,0,41103,5927,4466,0,0,0,0,0
517,3563,518.5238723816954,99942,213,107,36,20,11025,5391,0.16425526805547216,107,51,31419,24278,4126,1590,14098,23953,30686,17026,0,0,43384,2424,1508,528,310,7,0,0,0,0,41391,5877,4513,0,0,0,0,0
518,3563,519.1260398617788,99941,210,107,37,20,11038,5398,0.164457029647492,108,50,31276,24150,4114,1589,14254,24083,30868,17214,0,0,43053,2425,1524,529,311,8,0,0,0,0,41702,5836,4553,0,0,0,0,0
519,3563,520.3388472997005,99941,194,101,37,20,11067,5412,0.1648872834972634,119,54,31139,24085,4129,1592,14381,24147,31048,17401,0,0,42709,2447,1557,530,318,8,0,0,0,0,41990,5789,4593,0,0,0,0,0
520,3563,521.5568216773487,99941,201,106,37,20,11111,5430,0.16550764951321278,101,51,31039,24018,4120,1591,14501,24213,31227,17588,0,0,42386,2459,1587,524,330,8,0,0,0,0,42269,5740,4638,0,0,0,0,0
521,3563,522.1668711457901,99941,206,106,37,20,11132,5441,0.16582783842467055,86,51,30912,23903,4099,1585,14659,24334,31404,17774,0,0,42066,2453,1616,519,339,8,0,0,0,0,42566,5708,4666,0,0,0,0,0
522,3563,523.3945410711924,99941,191,105,37,20,11158,5457,0.16624808637095886,84,53,30798,23827,4100,1591,14789,24403,31580,17960,0,0,41719,2472,1647,519,347,8,0,0,0,0,42863,5674,4692,0,0,0,0,0
523,3563,524.0091728054522,99941,193,98,37,20,11172,5463,0.16644820444061997,89,51,30652,23706,4085,1591,14943,24533,31754,18145,0,0,41406,2468,1667,516,357,8,0,0,0,0,43158,5635,4726,0,0,0,0,0
524,3563,525.2471387775893,99941,186,99,37,20,11203,5489,0.1670185409391541,99,39,30552,23640,4077,1598,15048,24603,31927,18329,0,0,41072,2482,1710,517,361,8,0,0,0,0,43434,5597,4760,0,0,0,0,0
525,3563,526.4895814217826,99941,185,90,37,20,11231,5501,0.1674187770784763,102,40,30455,23587,4063,1605,15157,24657,32098,18513,0,0,40758,2487,1743,520,365,9,0,0,0,0,43707,5548,4804,0,0,0,0,0
526,3563,527.1114258462405,99941,176,80,37,20,11240,5504,0.16753884792027296,105,44,30330,23502,4054,1602,15297,24751,32268,18696,0,0,40443,2496,1759,517,374,9,0,0,0,0,43997,5504,4842,0,0,0,0,0
527,3563,528.3630819528479,99941,173,84,37,20,11273,5522,0.16804914899790876,97,39,30247,23446,4050,1606,15395,24804,32436,18878,0,0,40120,2506,1789,519,380,9,0,0,0,0,44279,5464,4875,0,0,0,0,0
528,3563,529.6181055182415,99940,177,81,38,20,11305,5532,0.16847108264958977,89,39,30146,23403,4045,1593,15504,24863,32603,19060,0,0,39792,2513,1814,519,386,9,0,0,0,0,44572,5436,4899,0,0,0,0,0
529,3563,530.2464481562399,99940,168,76,38,20,11319,5535,0.1686411847108265,88,41,30007,23305,4041,1590,15657,24967,32768,19241,0,0,39484,2513,1843,518,389,9,0,0,0,0,44851,5399,4934,0,0,0,0,0
530,3563,531.5116097200155,99940,154,78,38,20,11342,5548,0.1690014008405043,87,38,29916,23235,4033,1591,15771,25037,32932,19421,0,0,39179,2520,1878,518,394,9,0,0,0,0,45113,5353,4976,0,0,0,0,0
531,3563,532.1451027731697,99940,153,82,38,20,11352,5557,0.16919151490894538,88,37,29807,23132,4002,1584,15911,25144,33094,19600,0,0,38902,2506,1906,516,397,10,0,0,0,0,45376,5306,5021,0,0,0,0,0
532,3563,533.4196690028693,99940,143,79,38,20,11375,5565,0.16950170102061238,85,42,29724,23102,3994,1579,16015,25177,33255,19779,0,0,38598,2513,1938,518,398,11,0,0,0,0,45640,5262,5062,0,0,0,0,0
533,3563,534.0572596209399,99940,144,79,38,20,11392,5570,0.16972183309985991,83,47,29607,23004,3981,1579,16146,25270,33414,19957,0,0,38291,2512,1959,516,401,11,0,0,0,0,45927,5235,5088,0,0,0,0,0
534,3563,535.340419780593,99940,137,74,38,20,11414,5585,0.1700920552331399,82,44,29520,22963,3973,1582,16249,25316,33572,20134,0,0,37999,2516,1996,516,406,11,0,0,0,0,46176,5187,5133,0,0,0,0,0
535,3563,536.6276767893478,99940,136,68,38,20,11434,5595,0.17039223534120473,84,42,29439,22936,3959,1578,16343,25355,33728,20310,0,0,37700,2523,2024,513,411,11,0,0,0,0,46440,5150,5168,0,0,0,0,0
536,3563,537.271602804762,99940,146,66,38,20,11453,5600,0.1706323794276566,75,42,29319,22856,3935,1566,16486,25449,33883,20485,0,0,37415,2513,2050,509,415,11,0,0,0,0,46709,5119,5199,0,0,0,0,0
537,3563,538.5674880026834,99939,144,72,38,21,11480,5617,0.17107435535676763,70,37,29220,22821,3930,1557,16597,25491,34036,20659,0,0,37119,2512,2083,509,420,11,0,0,0,0,46970,5089,5226,0,0,0,0,0
538,3563,539.2161934226273,99939,144,72,38,21,11491,5623,0.17124445912006322,69,35,29100,22732,3925,1554,16723,25585,34188,20832,0,0,36836,2504,2105,509,423,11,0,0,0,0,47239,5055,5257,0,0,0,0,0
539,3563,540.521896703613,99939,135,70,38,21,11513,5633,0.1715646544392079,63,32,29013,22709,3917,1550,16833,25617,34338,21004,0,0,36553,2509,2134,510,429,11,0,0,0,0,47487,5009,5297,0,0,0,0,0
540,3563,541.1755142518057,99939,130,69,38,21,11520,5639,0.17169473378761044,62,28,28900,22631,3901,1546,16968,25704,34487,21175,0,0,36271,2503,2158,508,432,11,0,0,0,0,47751,4979,5326,0,0,0,0,0
541,3563,542.4907091145432,99939,114,71,38,21,11539,5651,0.17200492300303186,60,23,28808,22632,3910,1540,17069,25712,34634,21345,0,0,35984,2511,2188,507,439,11,0,0,0,0,48000,4941,5358,0,0,0,0,0
542,3563,543.1489351681716,99939,111,70,38,21,11549,5655,0.17214500845515765,63,25,28699,22564,3894,1535,17194,25784,34780,21514,0,0,35715,2508,2208,502,445,11,0,0,0,0,48252,4903,5395,0,0,0,0,0
543,3563,544.4737537157059,99939,117,69,38,21,11574,5664,0.17248521598174887,60,30,28632,22528,3877,1533,17275,25818,34925,21682,0,0,35439,2502,2237,500,452,11,0,0,0,0,48504,4874,5420,0,0,0,0,0
544,3563,545.1365482853317,99939,124,59,38,21,11585,5667,0.17262530143387467,57,34,28530,22448,3848,1532,17402,25905,35068,21849,0,0,35184,2486,2268,493,461,11,0,0,0,0,48744,4842,5450,0,0,0,0,0
545,3563,546.4693069437739,99939,129,59,38,21,11609,5681,0.17300553337535896,49,25,28482,22432,3822,1525,17479,25937,35210,22015,0,0,34914,2480,2305,493,463,11,0,0,0,0,48983,4810,5480,0,0,0,0,0
546,3563,547.1359203287336,99939,125,59,38,21,11618,5688,0.1731656310349313,47,21,28384,22360,3805,1523,17600,26015,35350,22180,0,0,34652,2473,2329,490,467,13,0,0,0,0,49228,4779,5508,0,0,0,0,0
547,3563,548.4757500644146,99939,129,53,38,21,11640,5694,0.1734458019391829,52,24,28310,22349,3784,1519,17686,26033,35489,22344,0,0,34395,2473,2353,487,474,13,0,0,0,0,49459,4736,5549,0,0,0,0,0
548,3563,549.1459106262694,99939,119,56,38,21,11646,5698,0.1735458629764156,57,23,28208,22296,3770,1507,17807,26096,35627,22507,0,0,34137,2468,2373,487,476,13,0,0,0,0,49702,4698,5585,0,0,0,0,0
549,3563,550.4939978544636,99939,92,54,38,21,11657,5704,0.17371596673971124,63,26,28145,22304,3778,1501,17883,26093,35763,22669,0,0,33865,2477,2402,489,480,13,0,0,0,0,49934,4661,5618,0,0,0,0,0
550,3563,551.168484545094,99939,85,56,38,21,11664,5711,0.17385605219183703,65,25,28055,22229,3754,1496,18002,26172,35898,22830,0,0,33617,2467,2427,489,483,13,0,0,0,0,50166,4623,5654,0,0,0,0,0
551,3563,552.5245979520021,99939,74,57,38,21,11677,5719,0.17406618037002572,65,21,27998,22227,3748,1491,18076,26182,36032,22990,0,0,33350,2467,2450,491,486,13,0,0,0,0,50407,4594,5681,0,0,0,0,0
552,3563,553.2026867296872,99939,73,52,38,21,11683,5723,0.17416624140725842,66,19,27899,22136,3726,1495,18197,26276,36164,23149,0,0,33098,2459,2473,490,488,13,0,0,0,0,50644,4564,5710,0,0,0,0,0
553,3563,554.5388866097968,99939,79,47,38,21,11699,5725,0.1743463512742773,60,21,27820,22087,3706,1486,18296,26337,36295,23307,0,0,32858,2450,2497,489,490,14,0,0,0,0,50869,4526,5746,0,0,0,0,0
554,3563,555.4280427563443,99939,69,46,38,21,11716,5730,0.17456648555618928,57,26,27784,22088,3691,1478,18360,26340,36425,23464,0,0,32611,2446,2527,488,497,14,0,0,0,0,51089,4491,5776,0,0,0,0,0
555,3563,556.111792081718,99939,77,47,38,21,11729,5737,0.17476660763065469,50,24,27695,22029,3665,1475,18474,26403,36553,23619,0,0,32383,2432,2551,482,504,14,0,0,0,0,51307,4456,5810,0,0,0,0,0
556,3563,557.4859944649152,99939,82,50,38,21,11738,5743,0.17491669918650377,50,19,27604,21988,3648,1461,18577,26460,36680,23773,0,0,32143,2415,2575,482,504,14,0,0,0,0,51540,4432,5834,0,0,0,0,0
557,3563,558.2838804850785,99939,85,45,38,21,11756,5750,0.17516685177958555,44,16,27552,21979,3626,1460,18654,26478,36806,23926,0,0,31904,2408,2603,482,509,14,0,0,0,0,51757,4399,5863,0,0,0,0,0
558,3563,559.1246061304033,99939,85,46,38,21,11761,5752,0.17523689450564844,42,17,27443,21888,3606,1454,18785,26573,36931,24078,0,0,31677,2392,2624,481,511,14,0,0,0,0,51979,4366,5895,0,0,0,0,0
559,3563,560.1362617661657,99939,91,45,38,21,11774,5756,0.17540699826894404,37,16,27392,21860,3581,1445,18860,26612,37054,24229,0,0,31439,2380,2647,479,514,14,0,0,0,0,52206,4344,5916,0,0,0,0,0
560,3563,561.439705393681,99939,91,43,38,21,11791,5760,0.17561712644713276,30,14,27343,21855,3565,1440,18932,26626,37176,24379,0,0,31201,2373,2677,478,515,14,0,0,0,0,52421,4318,5942,0,0,0,0,0
561,3563,562.1563576478646,99939,83,43,38,21,11796,5764,0.1757071813806422,32,13,27263,21816,3549,1435,19034,26671,37297,24527,0,0,30965,2367,2698,477,518,14,0,0,0,0,52642,4292,5966,0,0,0,0,0
562,3563,563.3303662534488,99939,79,36,38,21,11806,5768,0.175847266832768,37,13,27228,21812,3532,1429,19085,26688,37417,24674,0,0,30732,2357,2731,474,523,14,0,0,0,0,52852,4271,5985,0,0,0,0,0
563,3563,564.2164559124894,99939,74,33,38,21,11808,5769,0.1758772851439378,46,14,27149,21775,3508,1424,19184,26732,37535,24820,0,0,30514,2348,2747,472,528,14,0,0,0,0,53062,4236,6018,0,0,0,0,0
564,3563,565.0557247488878,99939,73,30,38,21,11827,5772,0.17609741942584978,45,20,27120,21785,3487,1418,19236,26725,37652,24965,0,0,30286,2343,2774,470,533,15,0,0,0,0,53268,4210,6040,0,0,0,0,0
565,3563,566.1009091644692,99939,71,31,38,21,11835,5776,0.17621749267052902,43,17,27026,21727,3477,1410,19344,26793,37768,25109,0,0,30069,2335,2793,469,535,16,0,0,0,0,53474,4177,6071,0,0,0,0,0
566,3563,567.0151050780858,99939,69,36,38,21,11845,5783,0.17638759643382462,42,16,26962,21699,3458,1399,19430,26828,37883,25252,0,0,29857,2320,2817,466,542,16,0,0,0,0,53676,4149,6096,0,0,0,0,0
567,3563,568.2412170846709,99939,71,34,38,21,11866,5788,0.1766477551306297,40,16,26968,21750,3435,1390,19447,26788,37997,25393,0,0,29627,2324,2835,465,547,16,0,0,0,0,53884,4121,6120,0,0,0,0,0
568,3563,569.0165000309163,99939,72,36,38,21,11867,5790,0.1766777734417995,40,16,26861,21660,3420,1382,19568,26884,38109,25533,0,0,29418,2309,2850,463,549,16,0,0,0,0,54093,4095,6146,0,0,0,0,0
569,3563,570.2278771063122,99939,71,32,38,21,11878,5796,0.1768478772050951,36,13,26824,21665,3404,1378,19626,26890,38220,25672,0,0,29203,2304,2876,462,550,17,0,0,0,0,54287,4067,6173,0,0,0,0,0
570,3563,571.0974172209696,99939,72,29,38,21,11891,5801,0.17702798707211398,35,11,26775,21671,3393,1377,19686,26890,38330,25810,0,0,28981,2302,2896,460,554,17,0,0,0,0,54491,4045,6193,0,0,0,0,0
571,3563,572.3194985512109,99939,70,27,38,21,11899,5804,0.17713805421306997,34,12,26707,21659,3393,1367,19757,26913,38439,25947,0,0,28760,2303,2909,458,557,17,0,0,0,0,54698,4021,6216,0,0,0,0,0
572,3563,573.1600584030602,99939,64,26,38,21,11906,5805,0.17721810304285615,33,14,26640,21622,3385,1359,19839,26957,38547,26082,0,0,28559,2293,2932,453,562,18,0,0,0,0,54886,3994,6242,0,0,0,0,0
573,3563,574.1022313326092,99939,63,29,38,21,11915,5810,0.17735818849498194,30,10,26590,21606,3373,1347,19905,26986,38654,26216,0,0,28357,2279,2954,450,567,18,0,0,0,0,55079,3971,6264,0,0,0,0,0
574,3563,575.0656695411184,99939,63,28,38,21,11929,5815,0.1775483044657241,28,8,26594,21623,3357,1339,19919,26980,38760,26349,0,0,28147,2269,2978,452,568,18,0,0,0,0,55272,3950,6285,0,0,0,0,0
575,3563,576.6448931098028,99939,66,24,38,21,11946,5817,0.17773842043646623,27,11,26585,21657,3337,1336,19946,26950,38865,26481,0,0,27949,2265,3002,448,572,18,0,0,0,0,55450,3919,6316,0,0,0,0,0
576,3563,577.3603723754442,99939,67,25,38,21,11948,5818,0.17776843874763607,26,11,26483,21576,3323,1330,20062,27036,38969,26612,0,0,27750,2252,3016,442,578,18,0,0,0,0,55648,3902,6333,0,0,0,0,0
577,3563,578.2430761459862,99939,63,23,38,21,11951,5819,0.17780846316252913,28,14,26434,21554,3306,1319,20130,27068,39071,26742,0,0,27561,2245,3032,441,578,19,0,0,0,0,55828,3867,6368,0,0,0,0,0
578,3563,579.7037252991877,99939,61,19,38,21,11959,5820,0.17789851809603857,34,22,26427,21592,3283,1305,20156,27040,39172,26870,0,0,27366,2244,3047,442,576,21,0,0,0,0,56009,3835,6399,0,0,0,0,0
579,3563,580.171838947251,99939,61,26,38,21,11963,5828,0.17801859134071785,39,16,26359,21544,3266,1296,20236,27096,39272,26997,0,0,27177,2229,3065,440,579,21,0,0,0,0,56194,3814,6420,0,0,0,0,0
580,3563,581.2250730042631,99939,53,28,38,21,11970,5836,0.1781686828965669,36,8,26350,21573,3251,1294,20271,27075,39371,27123,0,0,26969,2227,3084,439,584,21,0,0,0,0,56385,3800,6430,0,0,0,0,0
581,3563,582.2693722589495,99939,48,27,38,21,11976,5839,0.17825873783007634,39,8,26345,21626,3229,1288,20300,27029,39469,27248,0,0,26774,2222,3101,435,590,21,0,0,0,0,56567,3781,6448,0,0,0,0,0
582,3563,583.0139132193159,99939,51,28,38,21,11979,5841,0.1783087683486927,37,8,26254,21551,3216,1284,20403,27107,39566,27372,0,0,26593,2211,3113,434,591,21,0,0,0,0,56747,3753,6476,0,0,0,0,0
583,3563,584.325135427372,99939,53,30,38,21,11992,5846,0.17848887821571158,36,5,26263,21621,3192,1274,20417,27048,39662,27495,0,0,26403,2205,3130,431,596,21,0,0,0,0,56925,3733,6495,0,0,0,0,0
584,3563,585.4588588129621,99939,53,28,38,21,12002,5847,0.17859894535666757,29,8,26225,21614,3180,1270,20474,27058,39757,27616,0,0,26224,2192,3153,430,600,21,0,0,0,0,57094,3710,6515,0,0,0,0,0
585,3563,586.0453606926083,99939,51,23,38,21,12008,5849,0.17867899418645375,29,9,26214,21620,3164,1268,20503,27058,39851,27736,0,0,26049,2186,3173,429,602,21,0,0,0,0,57255,3678,6546,0,0,0,0,0
586,3563,587.3313324276115,99939,55,25,38,21,12017,5851,0.1787890613274097,24,9,26158,21619,3157,1258,20567,27067,39944,27855,0,0,25865,2179,3185,427,604,21,0,0,0,0,57434,3659,6565,0,0,0,0,0
587,3563,588.0301152210614,99939,55,26,38,21,12019,5856,0.1788591040534726,25,6,26108,21600,3136,1256,20637,27090,40036,27973,0,0,25689,2168,3202,426,605,21,0,0,0,0,57604,3637,6587,0,0,0,0,0
588,3563,589.6898430259389,99939,39,22,38,21,12029,5858,0.17897917729815188,29,8,26189,21704,3116,1250,20588,26994,40127,28090,0,0,25512,2162,3231,425,612,21,0,0,0,0,57755,3613,6608,0,0,0,0,0
589,3563,590.3979031367097,99939,40,18,38,21,12035,5858,0.1790392139204915,23,10,26142,21683,3099,1249,20657,27018,40217,28206,0,0,25339,2150,3249,421,618,21,0,0,0,0,57921,3596,6624,0,0,0,0,0
590,3563,591.1263214453414,99939,40,19,38,21,12035,5859,0.17904922002421478,23,9,26041,21596,3086,1249,20771,27105,40307,28321,0,0,25165,2142,3257,417,622,21,0,0,0,0,58095,3577,6643,0,0,0,0,0
591,3563,592.0089268413604,99939,41,20,38,21,12042,5863,0.17915928716517077,18,8,26018,21628,3068,1238,20816,27084,40396,28434,0,0,25005,2130,3278,413,626,21,0,0,0,0,58246,3551,6669,0,0,0,0,0
592,3563,593.0304300311811,99939,37,17,38,21,12047,5865,0.17922932989123366,18,9,26007,21670,3060,1232,20839,27050,40484,28546,0,0,24824,2126,3295,412,628,21,0,0,0,0,58414,3537,6682,0,0,0,0,0
593,3563,594.0503811491582,99939,36,17,38,21,12049,5867,0.17926935430612673,19,9,25969,21655,3045,1227,20892,27070,40571,28657,0,0,24666,2112,3311,412,630,21,0,0,0,0,58569,3511,6707,0,0,0,0,0
594,3563,595.5058619717366,99939,39,16,38,21,12057,5869,0.17936941534335946,13,11,25967,21701,3029,1219,20913,27031,40657,28767,0,0,24507,2106,3322,414,631,21,0,0,0,0,58723,3478,6737,0,0,0,0,0
595,3563,596.2292239793217,99939,34,12,38,21,12059,5870,0.17939943365452926,13,10,25943,21707,3017,1212,20954,27037,40742,28876,0,0,24344,2096,3342,412,634,21,0,0,0,0,58876,3458,6756,0,0,0,0,0
596,3563,597.0257001815626,99939,32,13,38,21,12062,5874,0.17946947638059216,15,8,25912,21710,3000,1203,21002,27044,40826,28984,0,0,24186,2082,3362,410,638,21,0,0,0,0,59028,3440,6772,0,0,0,0,0
597,3563,598.1232696486472,99939,36,14,38,21,12069,5875,0.17954952521037834,14,9,25906,21725,2980,1199,21025,27031,40909,29091,0,0,24030,2074,3372,407,642,21,0,0,0,0,59182,3417,6794,0,0,0,0,0
598,3563,599.1720234305131,99939,34,16,38,21,12073,5880,0.17963958014388778,17,7,25882,21750,2964,1191,21064,27014,40991,29197,0,0,23864,2069,3383,407,645,21,0,0,0,0,59342,3400,6808,0,0,0,0,0
599,3563,600.0194574115175,99939,33,15,38,21,12079,5881,0.17970962286995068,15,6,25856,21786,2948,1187,21109,26984,41072,29302,0,0,23706,2056,3401,406,648,21,0,0,0,0,59493,3386,6822,0,0,0,0,0
600,3563,601.2048468828348,99939,30,14,38,21,12081,5882,0.17973964118112049,17,5,25874,21822,2923,1173,21117,26964,41153,29406,0,0,23561,2038,3426,401,653,21,0,0,0,0,59631,3369,6839,0,0,0,0,0
601,3563,602.0675396672746,99939,33,13,38,21,12085,5883,0.17978967169973684,14,5,25855,21830,2909,1169,21150,26961,41233,29509,0,0,23405,2031,3436,397,657,21,0,0,0,0,59784,3353,6855,0,0,0,0,0
602,3563,603.0652751805804,99939,33,12,38,21,12090,5884,0.17984970832207647,13,7,25827,21843,2892,1161,21196,26955,41312,29611,0,0,23261,2020,3451,397,659,21,0,0,0,0,59923,3327,6880,0,0,0,0,0
603,3563,604.042853882047,99939,35,10,38,21,12095,5884,0.17989973884069282,10,7,25818,21861,2870,1154,21228,26946,41390,29712,0,0,23117,2012,3464,394,662,21,0,0,0,0,60062,3303,6904,0,0,0,0,0
604,3563,605.0724418943823,99939,33,11,38,21,12097,5886,0.17993976325558592,12,7,25811,21888,2852,1144,21253,26928,41467,29812,0,0,22968,2005,3476,390,666,21,0,0,0,0,60206,3286,6921,0,0,0,0,0
605,3563,606.0505996826231,99939,37,12,38,21,12104,5888,0.18002981818909536,7,6,25793,21887,2833,1135,21291,26938,41544,29911,0,0,22829,1994,3491,388,668,21,0,0,0,0,60341,3262,6945,0,0,0,0,0
606,3563,607.5555342219802,99939,30,10,38,21,12105,5889,0.18004983039654188,9,5,25829,21979,2812,1123,21281,26861,41620,30009,0,0,22683,1990,3503,387,671,21,0,0,0,0,60478,3239,6967,0,0,0,0,0
607,3563,608.2151457086356,99939,29,10,38,21,12107,5890,0.1800798487077117,7,4,25781,21948,2799,1116,21345,26900,41695,30106,0,0,22545,1977,3520,382,676,21,0,0,0,0,60612,3223,6983,0,0,0,0,0
608,3563,609.2291538596462,99939,24,10,38,21,12108,5893,0.1801198731226048,8,1,25789,22004,2783,1114,21357,26849,41769,30202,0,0,22411,1965,3540,379,680,21,0,0,0,0,60738,3202,7003,0,0,0,0,0
609,3563,610.0306748483721,99939,20,7,38,21,12110,5894,0.1801498914337746,9,0,25804,22053,2768,1106,21360,26812,41842,30297,0,0,22274,1958,3555,380,680,22,0,0,0,0,60867,3178,7025,0,0,0,0,0
610,3563,611.0040333446849,99939,21,6,38,21,12112,5894,0.18016990364122115,9,0,25765,22047,2749,1101,21417,26824,41915,30391,0,0,22143,1945,3570,378,682,22,0,0,0,0,60996,3157,7046,0,0,0,0,0
611,3563,612.449522088319,99939,22,5,38,21,12116,5894,0.18020992805611422,11,1,25803,22123,2722,1094,21403,26755,41987,30484,0,0,22013,1934,3585,377,683,22,0,0,0,0,61122,3134,7069,0,0,0,0,0
612,3563,613.0394519628453,99939,23,4,38,21,12118,5894,0.18022994026356076,11,1,25748,22100,2712,1093,21467,26780,42058,30576,0,0,21880,1928,3593,374,686,22,0,0,0,0,61253,3113,7090,0,0,0,0,0
613,3563,614.650788100152,99939,23,4,38,21,12121,5894,0.1802599585747306,12,1,25788,22206,2689,1081,21449,26686,42128,30667,0,0,21750,1919,3604,373,688,22,0,0,0,0,61381,3092,7110,0,0,0,0,0
614,3563,615.4559754675364,99939,24,4,38,21,12123,5894,0.18027997078217714,13,2,25778,22216,2671,1078,21475,26678,42198,30757,0,0,21611,1911,3613,371,690,22,0,0,0,0,61519,3081,7121,0,0,0,0,0
615,3563,616.0465269550454,99939,25,4,38,21,12127,5895,0.1803300013007935,10,2,25790,22249,2646,1066,21490,26657,42267,30846,0,0,21493,1895,3633,368,693,22,0,0,0,0,61633,3060,7142,0,0,0,0,0
616,3563,617.3603091602178,99939,23,3,38,21,12129,5895,0.18035001350824004,9,2,25803,22293,2626,1057,21500,26623,42335,30934,0,0,21359,1890,3641,366,696,22,0,0,0,0,61763,3045,7157,0,0,0,0,0
617,3563,618.2769485806301,99939,21,3,38,21,12130,5895,0.1803600196119633,11,4,25784,22305,2614,1053,21531,26613,42403,31021,0,0,21228,1882,3652,363,699,22,0,0,0,0,61891,3032,7170,0,0,0,0,0
618,3563,619.1645704512081,99939,23,4,38,21,12134,5896,0.18041005013057965,7,4,25810,22347,2600,1049,21521,26574,42470,31107,0,0,21100,1873,3663,362,700,22,0,0,0,0,62017,3017,7185,0,0,0,0,0
619,3563,620.0915764654048,99939,25,4,38,21,12137,5897,0.18045007454547274,6,5,25786,22354,2581,1047,21563,26568,42536,31192,0,0,20978,1866,3672,360,702,22,0,0,0,0,62137,2997,7205,0,0,0,0,0
620,3563,621.1282785367791,99939,27,7,38,21,12142,5901,0.18054012947898218,8,1,25847,22419,2564,1040,21515,26511,42602,31276,0,0,20849,1858,3684,360,702,22,0,0,0,0,62262,2984,7218,0,0,0,0,0
621,3563,622.3871323707812,99939,25,7,38,21,12145,5901,0.18057014779015199,7,3,25880,22471,2543,1035,21506,26462,42667,31359,0,0,20728,1848,3698,357,706,22,0,0,0,0,62379,2970,7231,0,0,0,0,0
622,3563,623.041713826984,99939,24,8,38,21,12145,5902,0.18058015389387527,7,2,25826,22449,2534,1029,21570,26490,42731,31441,0,0,20608,1841,3706,356,707,22,0,0,0,0,62498,2952,7249,0,0,0,0,0
623,3563,624.5693944839505,99939,22,8,38,21,12147,5903,0.18061017220504508,4,4,25865,22498,2513,1022,21557,26446,42795,31522,0,0,20488,1835,3717,355,708,22,0,0,0,0,62613,2934,7267,0,0,0,0,0
624,3563,625.0458762373335,99939,21,7,38,21,12148,5904,0.18063018441249162,5,3,25843,22496,2504,1014,21588,26458,42858,31603,0,0,20370,1829,3726,354,710,22,0,0,0,0,62728,2915,7285,0,0,0,0,0
625,3563,626.2854213773376,99939,16,8,38,21,12149,5906,0.18066020272366143,5,1,25864,22535,2489,1004,21587,26430,42920,31683,0,0,20257,1817,3741,352,715,22,0,0,0,0,62837,2900,7298,0,0,0,0,0
626,3563,627.3346006886368,99939,16,7,38,21,12151,5906,0.18068021493110797,4,1,25885,22571,2475,997,21581,26402,42982,31762,0,0,20143,1810,3751,349,718,22,0,0,0,0,62948,2883,7315,0,0,0,0,0
627,3563,628.1779445948274,99939,16,4,38,21,12154,5906,0.18071023324227778,2,1,25875,22580,2464,998,21604,26395,43043,31840,0,0,20021,1805,3761,349,719,22,0,0,0,0,63065,2871,7326,0,0,0,0,0
628,3563,629.5071387588841,99939,14,5,38,21,12155,5907,0.18073024544972432,1,1,25904,22637,2447,989,21595,26346,43103,31917,0,0,19913,1796,3771,348,721,22,0,0,0,0,63171,2852,7345,0,0,0,0,0
629,3563,630.6104732885258,99939,13,7,38,21,12157,5909,0.18077026986461742,27,24,25924,22689,2431,984,21566,26274,43163,31993,0,0,19796,1789,3780,347,722,22,1,0,0,0,63285,2840,7357,0,0,0,0,0
630,3563,631.2727530829034,99939,16,11,38,21,12162,5914,0.18087033090185012,25,19,25892,22676,2419,981,21609,26291,43222,32069,0,0,19682,1779,3790,346,724,22,2,0,0,1,63397,2829,7367,0,0,0,0,0
631,3563,632.056182693899,99939,17,15,38,21,12164,5918,0.18093036752418976,29,16,25881,22691,2406,981,21628,26275,43281,32144,0,0,19569,1774,3795,344,726,22,3,0,0,1,63509,2814,7382,0,0,0,0,0
632,3563,633.0411648926389,99939,23,15,38,21,12172,5922,0.181050440768869,31,18,25873,22710,2394,978,21640,26257,43339,32218,0,0,19473,1765,3804,340,730,22,3,0,0,7,63599,2791,7405,0,0,0,0,0
633,3563,634.1556997568155,99939,23,19,38,21,12183,5930,0.18124055673961117,32,13,25902,22753,2383,975,21621,26218,43396,32291,0,0,19361,1759,3810,340,732,22,6,0,0,17,63698,2776,7418,0,0,0,0,0
634,3563,635.0019133100552,99939,27,18,38,21,12192,5934,0.18137063608801368,31,11,25910,22784,2379,973,21614,26192,43453,32363,0,0,19246,1755,3813,340,734,22,8,0,0,23,63805,2764,7429,0,0,0,0,0
635,3563,636.1634068645997,99939,25,22,38,21,12196,5939,0.18146069102152312,36,11,25914,22822,2368,966,21618,26157,43509,32435,0,0,19141,1748,3820,337,739,22,9,0,0,27,63905,2750,7441,0,0,0,0,0
636,3563,637.2758466161828,99939,34,21,38,21,12209,5940,0.18160077647364892,31,14,25954,22892,2354,963,21588,26088,43565,32506,0,0,19030,1742,3825,338,739,22,9,0,0,32,64011,2739,7452,0,0,0,0,0
637,3563,638.0744118822906,99939,37,24,38,21,12214,5944,0.18169083140715836,37,14,25941,22911,2346,962,21600,26067,43620,32576,0,0,18927,1736,3831,338,740,22,10,0,0,33,64112,2722,7468,0,0,0,0,0
638,3563,639.2111000925206,99939,43,25,38,21,12223,5948,0.1818209107555609,41,13,25946,22927,2335,958,21596,26055,43675,32645,0,0,18819,1729,3838,336,743,22,11,0,0,37,64215,2714,7475,0,0,0,0,0
639,3563,640.0414204789122,99939,47,27,38,21,12231,5954,0.1819609962076867,44,12,25939,22955,2321,956,21610,26028,43729,32713,0,0,18719,1720,3847,333,745,23,14,0,0,42,64307,2702,7487,0,0,0,0,0
640,3563,641.0793745758716,99939,47,26,38,21,12239,5957,0.18207106334864268,49,15,25956,22999,2308,953,21601,25985,43782,32781,0,0,18622,1707,3860,331,748,23,19,0,0,48,64393,2688,7500,0,0,0,0,0
641,3563,642.0644796784239,99939,48,31,38,21,12247,5963,0.18221114880076847,49,14,25971,23025,2299,949,21594,25959,43835,32848,0,0,18520,1696,3870,332,749,23,22,0,0,51,64489,2677,7510,0,0,0,0,0
642,3563,643.0314591547351,99939,54,31,38,21,12265,5970,0.18246130139385025,50,15,26012,23111,2293,953,21552,25868,43887,32914,0,0,18408,1693,3872,330,753,24,29,0,0,59,64586,2669,7516,0,0,0,0,0
643,3563,644.2586003501948,99939,53,30,38,21,12273,5973,0.18257136853480624,48,18,26026,23136,2290,948,21544,25846,43939,32980,0,0,18305,1686,3878,329,755,24,32,0,0,68,64677,2659,7526,0,0,0,0,0
644,3563,645.2056107539571,99939,59,31,38,21,12286,5979,0.18276148450554838,45,17,26015,23168,2287,947,21555,25815,43990,33045,0,0,18203,1682,3882,329,755,24,36,0,0,76,64767,2645,7540,0,0,0,0,0
645,3563,646.030874503444,99939,65,36,38,21,12299,5989,0.18299162489118362,42,15,26031,23185,2278,945,21545,25797,44041,33109,0,0,18112,1675,3888,328,758,24,37,0,0,85,64848,2628,7556,0,0,0,0,0
646,3563,647.2666955584675,99939,52,41,38,21,12307,5996,0.1831417164470327,50,19,26058,23257,2288,939,21513,25722,44091,33172,0,0,18016,1669,3893,327,764,24,44,0,0,96,64926,2611,7569,0,0,0,0,0
647,3563,648.3078264653917,99939,58,40,38,21,12324,6005,0.18340187514383774,53,21,26117,23336,2279,940,21454,25641,44141,33235,0,0,17925,1659,3901,327,767,24,51,0,0,107,64999,2592,7587,0,0,0,0,0
648,3563,649.0363434880021,99939,60,38,38,21,12333,6007,0.18351194228479373,54,19,26097,23361,2271,942,21479,25618,44190,33297,0,0,17830,1654,3905,325,773,24,52,0,0,113,65087,2582,7594,0,0,0,0,0
649,3563,650.2781066972685,99939,70,35,38,21,12356,6014,0.18381212539649186,51,22,26133,23450,2263,942,21444,25529,44239,33358,0,0,17744,1644,3913,321,780,24,58,0,0,127,65153,2566,7609,0,0,0,0,0
650,3563,651.0061290021047,99939,75,36,38,21,12364,6017,0.18392219253744785,59,26,26126,23446,2256,942,21445,25528,44287,33419,0,0,17661,1640,3917,318,783,24,57,0,0,133,65231,2548,7627,0,0,0,0,0
651,3563,652.0981789182313,99939,78,43,38,21,12377,6028,0.18416233902680634,64,25,26161,23498,2245,935,21413,25477,44335,33479,0,0,17572,1633,3923,317,786,24,60,0,0,142,65308,2534,7640,0,0,0,0,0
652,3563,653.1887212861693,99939,77,48,38,21,12392,6038,0.18441249161988812,67,22,26186,23550,2249,936,21382,25422,44382,33538,0,0,17477,1627,3928,316,790,24,64,0,0,156,65385,2526,7646,0,0,0,0,0
653,3563,654.2779363255905,99938,78,46,38,22,12406,6044,0.18461446096579878,82,21,26201,23603,2251,940,21349,25367,44429,33597,0,0,17392,1618,3936,313,796,24,71,0,0,166,65452,2510,7660,0,0,0,0,0
654,3563,655.0036506661539,99938,81,46,38,22,12420,6047,0.18478456643118735,80,25,26199,23604,2252,938,21349,25364,44475,33655,0,0,17297,1615,3938,313,797,24,73,0,0,177,65534,2502,7668,0,0,0,0,0
655,3563,656.0920900745958,99938,92,47,38,22,12440,6056,0.1850747463427325,93,27,26223,23661,2246,939,21307,25303,44521,33712,0,0,17210,1610,3941,313,803,24,77,0,0,184,65610,2487,7679,0,0,0,0,0
656,3563,657.1796829458839,99937,101,48,38,23,12460,6063,0.1853467684641324,107,31,26217,23707,2247,937,21289,25253,44567,33769,0,0,17128,1600,3950,312,807,24,79,0,0,195,65678,2475,7689,0,0,0,0,0
657,3563,658.2666789884211,99937,112,51,38,23,12486,6075,0.1857270080150495,103,32,26247,23758,2249,935,21250,25200,44612,33825,0,0,17053,1592,3958,309,810,24,85,0,0,213,65729,2454,7710,0,0,0,0,0
658,3563,659.3525522016648,99937,116,48,38,23,12504,6081,0.18596715931036553,127,44,26252,23805,2254,940,21212,25139,44657,33881,0,0,16962,1589,3960,310,814,24,88,0,0,228,65802,2443,7717,0,0,0,0,0
659,3563,660.0760327873243,99937,122,50,38,23,12522,6091,0.18624733582156758,127,53,26241,23818,2256,945,21215,25110,44701,33936,0,0,16875,1581,3967,312,816,24,92,0,0,240,65873,2433,7724,0,0,0,0,0
660,3563,661.1614265887938,99937,147,57,38,23,12565,6114,0.18690775188368672,122,49,26252,23861,2264,954,21176,25055,44745,33990,0,0,16795,1576,3971,312,823,24,97,0,0,262,65926,2415,7736,0,0,0,0,0
661,3563,662.2462665461065,99937,157,64,38,23,12597,6133,0.1874180733862333,135,43,26249,23918,2275,960,21145,24991,44788,34044,0,0,16708,1566,3979,313,827,24,104,0,0,284,65984,2407,7741,0,0,0,0,0
662,3563,663.3310762421171,99937,174,66,38,23,12633,6144,0.18788836967289393,141,39,26264,23974,2274,963,21108,24934,44831,34097,0,0,16623,1557,3986,313,833,24,111,0,0,299,66047,2398,7746,0,0,0,0,0
663,3563,664.0537259018271,99937,190,61,38,23,12665,6146,0.188228584007925,131,49,26256,23979,2273,965,21111,24922,44874,34150,0,0,16538,1549,3992,315,835,25,117,0,0,311,66114,2388,7753,0,0,0,0,0
664,3563,665.1376007861105,99937,180,70,38,23,12694,6163,0.1886888739906141,134,49,26279,24025,2299,969,21069,24863,44916,34202,0,0,16458,1540,3998,318,840,26,128,0,0,337,66157,2369,7766,0,0,0,0,0
665,3563,666.2205210136873,99937,187,73,38,23,12725,6175,0.1891191450613887,152,52,26301,24055,2311,973,21010,24823,44958,34254,0,0,16380,1531,4007,318,842,26,134,0,0,362,66204,2356,7777,0,0,0,0,0
666,3563,667.3021827321874,99937,206,86,38,23,12774,6193,0.18978956742747932,151,59,26325,24113,2321,976,20958,24742,44999,34305,0,0,16293,1523,4015,320,843,28,146,0,0,379,66262,2346,7782,0,0,0,0,0
667,3563,668.0225137265043,99937,210,86,38,23,12795,6204,0.19010976915456737,162,64,26307,24134,2325,986,20957,24706,45040,34355,0,0,16215,1518,4020,320,848,28,152,0,0,396,66317,2332,7791,0,0,0,0,0
668,3563,669.1035644058077,99937,234,87,38,23,12847,6214,0.1907301600008005,181,80,26302,24178,2340,987,20904,24644,45081,34405,0,0,16129,1512,4026,320,849,28,161,0,0,423,66367,2324,7798,0,0,0,0,0
669,3563,670.184076195082,99937,234,105,38,23,12888,6239,0.19139057606291965,196,81,26328,24221,2362,988,20841,24581,45121,34454,0,0,16050,1508,4026,321,857,28,172,0,0,450,66408,2305,7812,0,0,0,0,0
670,3563,671.2632611259805,99937,268,112,38,23,12956,6264,0.19232116233226934,198,84,26329,24266,2381,996,20785,24518,45161,34503,0,0,15968,1498,4030,322,866,28,181,0,0,482,66448,2298,7816,0,0,0,0,0
671,3563,672.3419748545248,99937,287,122,38,23,13014,6293,0.19319171077779002,215,88,26333,24313,2402,1008,20724,24445,45200,34551,0,0,15876,1492,4029,323,878,28,196,0,0,511,66495,2293,7816,0,0,0,0,0
672,3563,673.0607652467693,99937,300,125,38,23,13052,6311,0.19375206380019414,229,92,26328,24329,2411,1017,20693,24413,45239,34599,0,0,15799,1489,4030,321,884,28,206,0,0,537,66536,2278,7829,0,0,0,0,0
673,3563,674.1387122824298,99937,316,131,38,23,13116,6336,0.1946426248536578,230,99,26346,24375,2443,1031,20626,24340,45278,34646,0,0,15719,1481,4034,324,890,28,219,0,0,582,66558,2264,7838,0,0,0,0,0
674,3563,675.215607192866,99937,349,129,38,23,13198,6357,0.1956732741627225,215,109,26356,24405,2478,1047,20563,24286,45316,34693,0,0,15633,1476,4037,322,903,28,236,0,0,626,66583,2255,7838,0,0,0,0,0
675,3563,676.2917992622998,99937,367,136,38,23,13272,6386,0.19670392347178722,216,115,26352,24422,2513,1063,20513,24240,45354,34739,0,0,15542,1470,4038,324,918,28,252,0,0,671,66613,2250,7831,0,0,0,0,0
676,3563,677.0091837008945,99937,366,142,38,23,13312,6408,0.19732431431802036,222,121,26353,24428,2538,1070,20482,24215,45392,34785,0,0,15457,1465,4035,328,925,28,261,0,0,708,66652,2243,7835,0,0,0,0,0
677,3563,678.0851091268869,99937,377,155,38,23,13380,6437,0.19829492580325606,234,130,26343,24450,2577,1077,20430,24164,45429,34830,0,0,15372,1461,4034,329,937,29,281,0,0,747,66678,2230,7839,0,0,0,0,0
678,3563,679.1608326079722,99937,413,173,38,23,13464,6477,0.1995357074957223,230,136,26337,24479,2613,1091,20368,24097,45466,34875,0,0,15302,1456,4034,332,948,30,289,0,0,794,66693,2213,7846,0,0,0,0,0
679,3563,680.2362183952793,99937,408,192,38,23,13532,6521,0.20065641354053054,269,153,26318,24517,2669,1107,20297,24007,45502,34919,0,0,15218,1448,4039,336,956,31,306,0,0,860,66693,2204,7846,0,0,0,0,0
680,3563,681.3116558982764,99937,417,199,38,23,13604,6564,0.20180713849725326,279,153,26315,24542,2714,1131,20236,23951,45538,34963,0,0,15141,1439,4046,338,966,32,320,0,0,930,66685,2194,7846,0,0,0,0,0
681,3563,682.0285924795618,99937,422,200,38,23,13657,6587,0.20256761759908742,285,157,26285,24552,2753,1148,20216,23919,45574,35006,0,0,15058,1435,4046,341,972,32,332,0,0,979,66707,2187,7848,0,0,0,0,0
682,3563,683.1050141158394,99935,447,207,38,25,13740,6626,0.2037924651023165,297,170,26275,24589,2787,1172,20155,23836,45609,35049,0,0,14982,1428,4048,342,984,34,345,0,0,1036,66711,2178,7847,0,0,0,0,0
683,3563,684.181424338894,99935,478,227,38,25,13834,6675,0.20522339520688448,304,174,26269,24630,2832,1194,20078,23749,45644,35091,0,0,14898,1420,4053,348,989,35,366,0,0,1093,66716,2166,7851,0,0,0,0,0
684,3563,685.2575352132882,99935,484,242,38,25,13904,6715,0.20632411067193676,328,186,26270,24662,2880,1212,19999,23672,45679,35133,0,0,14814,1415,4048,353,1003,36,383,0,0,1144,66732,2156,7851,0,0,0,0,0
685,3563,686.3332792527173,99935,502,251,38,25,14006,6769,0.20788512533146544,350,189,26242,24669,2953,1249,19914,23616,45713,35174,0,0,14730,1407,4046,358,1020,36,405,0,0,1227,66710,2145,7851,0,0,0,0,0
686,3563,687.050535527017,99935,513,264,38,25,14068,6800,0.20881573022464603,363,200,26225,24667,2988,1261,19872,23582,45747,35215,0,0,14654,1404,4046,361,1028,37,417,0,0,1270,66730,2134,7854,0,0,0,0,0
687,3563,688.1268601419218,99934,501,267,38,26,14163,6842,0.21018872455820842,400,212,26179,24696,3074,1285,19807,23513,45781,35256,0,0,14568,1401,4044,363,1055,38,443,0,0,1356,66702,2120,7844,0,0,0,0,0
688,3563,689.2039980040265,99933,531,287,39,26,14268,6902,0.2118419340958442,406,215,26201,24732,3125,1319,19697,23420,45814,35296,0,0,14484,1399,4041,368,1067,39,462,0,0,1432,66690,2109,7842,0,0,0,0,0
689,3563,690.2803292556321,99931,580,315,41,26,14405,6964,0.21383754790805656,402,220,26151,24761,3190,1348,19635,23329,45847,35336,0,0,14398,1395,4042,367,1079,40,488,0,0,1511,66668,2099,7844,0,0,0,0,0
690,3563,691.3575703907053,99930,605,310,42,26,14517,7012,0.2154408085659962,438,244,26120,24776,3253,1391,19541,23252,45880,35375,0,0,14320,1386,4046,370,1097,40,512,0,0,1602,66628,2086,7843,0,0,0,0,0
691,3563,692.0760342372936,99929,608,333,43,26,14581,7065,0.21661379579501447,488,240,26082,24780,3302,1414,19476,23206,45913,35414,0,0,14249,1379,4046,375,1109,41,524,0,0,1660,66627,2074,7845,0,0,0,0,0
692,3563,693.1543644693328,99929,655,345,43,26,14720,7137,0.2187252949594212,503,249,26041,24805,3372,1465,19385,23109,45945,35452,0,0,14159,1376,4045,380,1126,41,554,0,0,1758,66587,2062,7841,0,0,0,0,0
693,3563,694.2336911263733,99929,715,351,43,26,14867,7198,0.22080677280869418,536,272,25979,24823,3433,1509,19293,23018,45977,35490,0,0,14076,1368,4045,387,1140,41,582,0,0,1851,66549,2048,7842,0,0,0,0,0
694,3563,695.3140133066352,99929,761,370,43,26,15024,7269,0.22308839275885878,548,277,25948,24847,3511,1551,19188,22928,46009,35528,0,0,13995,1360,4042,393,1167,41,605,0,0,1953,66500,2038,7835,0,0,0,0,0
695,3563,696.0346700149006,99928,774,378,44,26,15113,7312,0.22441157633496117,579,294,25898,24833,3564,1580,19140,22888,46040,35565,0,0,13921,1354,4041,401,1181,41,625,0,0,2020,66485,2021,7838,0,0,0,0,0
696,3563,697.116883796805,99928,816,390,44,26,15289,7392,0.22697342086302139,586,315,25834,24839,3677,1641,19042,22788,46071,35602,0,0,13826,1347,4033,406,1214,42,662,0,0,2142,66418,2013,7825,0,0,0,0,0
697,3563,698.201151185065,99928,847,423,44,26,15475,7490,0.22981546713633816,600,311,25774,24857,3807,1698,18927,22684,46102,35638,0,0,13729,1342,4031,411,1233,46,704,0,0,2285,66328,2000,7819,0,0,0,0,0
698,3563,699.2870179066582,99928,882,442,44,26,15637,7584,0.23237731166439837,651,318,25711,24876,3902,1765,18809,22572,46133,35674,0,0,13632,1334,4029,418,1260,48,743,0,0,2408,66261,1992,7803,0,0,0,0,0
699,3563,700.0118783014736,99928,897,455,44,26,15756,7637,0.23409855095668883,691,321,25648,24873,3982,1795,18737,22529,46163,35710,0,0,13550,1324,4028,429,1271,50,771,0,0,2495,66226,1978,7806,0,0,0,0,0
700,3563,701.1011148425231,99927,954,472,45,26,15951,7717,0.23685290261891181,727,355,25569,24868,4080,1843,18624,22435,46193,35745,0,0,13460,1319,4023,430,1296,51,806,0,0,2629,66144,1971,7798,0,0,0,0,0
701,3563,702.1920509884964,99927,968,499,45,26,16143,7812,0.2397249992494521,762,367,25491,24875,4227,1896,18506,22336,46223,35780,0,0,13376,1308,4017,442,1330,54,835,0,0,2785,66036,1958,7786,0,0,0,0,0
702,3563,703.2854747570219,99926,1022,519,45,27,16357,7908,0.24282969397354043,790,375,25401,24874,4352,1949,18389,22255,46252,35815,0,0,13290,1299,4011,459,1357,56,866,0,0,2937,65935,1940,7776,0,0,0,0,0
703,3563,704.0158689802815,99926,1068,517,45,27,16495,7967,0.2448011528531113,819,410,25330,24861,4416,2001,18321,22183,46281,35849,0,0,13201,1295,4010,464,1381,56,897,0,0,3027,65900,1934,7761,0,0,0,0,0
704,3563,705.1139401293266,99925,1129,569,46,27,16734,8101,0.2485364023017263,827,419,25250,24846,4566,2076,18181,22062,46310,35883,0,0,13094,1285,4007,474,1415,58,952,0,0,3177,65795,1923,7745,0,0,0,0,0
705,3563,706.2140620719757,99925,1163,592,46,27,16950,8208,0.25176882661996497,862,431,25180,24857,4715,2137,18033,21955,46339,35916,0,0,13012,1268,4001,489,1461,59,985,0,0,3342,65675,1911,7722,0,0,0,0,0
706,3563,707.3164423809081,99924,1215,621,47,27,17193,8332,0.2554441375445338,887,450,25063,24846,4867,2216,17920,21839,46367,35949,0,0,12894,1259,3995,500,1493,62,1046,0,0,3509,65557,1903,7706,0,0,0,0,0
707,3563,708.0532827992499,99924,1254,636,47,27,17366,8426,0.2581161682878988,917,453,24993,24832,4973,2289,17815,21762,46395,35982,0,0,12808,1250,3991,513,1518,64,1078,0,0,3642,65473,1891,7696,0,0,0,0,0
708,3563,709.1614476852561,99923,1303,667,48,27,17626,8555,0.262011749046766,991,460,24872,24842,5135,2369,17650,21634,46423,36014,0,0,12708,1239,3984,531,1565,66,1126,0,0,3824,65333,1875,7672,0,0,0,0,0
709,3563,710.2727029211463,99923,1358,683,48,27,17915,8673,0.26608488536172853,973,508,24797,24819,5318,2458,17505,21504,46451,36046,0,0,12597,1227,3970,550,1611,67,1187,0,0,4028,65177,1856,7653,0,0,0,0,0
710,3563,711.015064397983,99922,1376,706,49,27,18095,8758,0.2687396169011829,1033,523,24686,24784,5447,2508,17408,21451,46478,36078,0,0,12506,1221,3963,561,1645,68,1226,0,0,4157,65093,1842,7640,0,0,0,0,0
711,3563,712.1327027127895,99922,1448,747,49,27,18391,8907,0.2731930906106763,1086,542,24528,24757,5628,2599,17260,21327,46505,36109,0,0,12386,1211,3957,571,1681,71,1293,0,0,4361,64935,1835,7621,0,0,0,0,0
712,3563,713.2552459343472,99922,1511,802,49,27,18697,9073,0.27791677508456597,1131,548,24420,24728,5804,2695,17084,21199,46532,36140,0,0,12273,1203,3953,584,1721,74,1353,0,0,4590,64754,1825,7592,0,0,0,0,0
713,3563,714.0054148314749,99921,1581,823,50,27,18912,9172,0.28106203901081855,1152,577,24338,24689,5901,2761,16977,21122,46559,36171,0,0,12191,1190,3952,600,1752,74,1383,0,0,4728,64660,1815,7576,0,0,0,0,0
714,3563,715.1338222772982,99920,1652,832,50,28,19242,9339,0.2860388310648519,1232,605,24186,24639,6088,2901,16791,20994,46585,36201,0,0,12077,1176,3942,616,1805,81,1452,0,0,4978,64442,1800,7551,0,0,0,0,0
715,3563,716.2668608971851,99919,1713,860,51,28,19588,9517,0.29128594161270627,1279,633,24046,24595,6310,3021,16600,20862,46611,36231,0,0,11968,1167,3938,631,1852,86,1514,0,0,5263,64191,1781,7528,0,0,0,0,0
716,3563,717.0248238105496,99918,1739,895,51,29,19797,9649,0.29470165535739307,1340,641,23936,24560,6439,3101,16494,20773,46637,36261,0,0,11872,1161,3933,645,1878,89,1555,0,0,5442,64055,1770,7518,0,0,0,0,0
717,3563,718.1660391702881,99915,1836,927,54,29,20199,9831,0.3005554721513286,1309,646,23802,24537,6673,3224,16325,20636,46663,36290,0,0,11749,1152,3921,659,1932,95,1627,0,0,5729,63806,1757,7488,0,0,0,0,0
718,3563,719.3124929611429,99915,1927,963,54,29,20577,10011,0.30614021918630835,1387,664,23624,24506,6884,3345,16123,20492,46688,36319,0,0,11626,1143,3908,689,1991,96,1693,0,0,5987,63591,1737,7454,0,0,0,0,0
719,3563,720.080203643146,99914,1993,982,55,29,20870,10156,0.3105270532658086,1395,676,23497,24464,7052,3445,16007,20403,46713,36348,0,0,11536,1132,3905,700,2035,98,1741,0,0,6220,63388,1723,7436,0,0,0,0,0
720,3563,721.2376143770249,99912,2109,1020,57,29,21312,10352,0.31691888862198736,1423,719,23293,24409,7304,3582,15813,20240,46738,36377,0,0,11429,1123,3889,721,2108,103,1798,0,0,6509,63121,1701,7410,0,0,0,0,0
721,3563,722.0132061736465,99911,2189,1052,58,29,21613,10483,0.32124590885888443,1461,741,23161,24364,7460,3664,15670,20149,46763,36405,0,0,11328,1115,3882,734,2149,109,1856,0,0,6689,62971,1683,7395,0,0,0,0,0
722,3563,723.1827066606726,99909,2247,1062,59,30,22018,10691,0.327387923009939,1573,769,22934,24306,7717,3832,15469,20000,46788,36433,0,0,11206,1106,3867,746,2232,119,1929,0,0,7019,62667,1672,7346,0,0,0,0,0
723,3563,724.3611427223119,99909,2370,1100,59,30,22499,10928,0.33457446276111263,1601,776,22693,24238,7990,4009,15286,19846,46812,36461,0,0,11087,1095,3853,771,2304,131,1991,0,0,7354,62354,1659,7310,0,0,0,0,0
724,3563,725.1520525415003,99905,2410,1122,63,30,22807,11081,0.33920224213002353,1633,782,22535,24187,8200,4115,15158,19763,46836,36488,0,0,11000,1085,3838,782,2370,135,2034,0,0,7603,62131,1647,7280,0,0,0,0,0
725,3563,726.3470299570682,99902,2488,1188,66,30,23285,11314,0.34632940281475844,1721,835,22281,24109,8489,4241,14954,19596,46860,36515,0,0,10874,1080,3826,795,2457,142,2112,0,0,7944,61807,1633,7232,0,0,0,0,0
726,3563,727.1496613412919,99901,2572,1251,67,30,23650,11506,0.35190838930541235,1740,860,22101,24050,8690,4345,14829,19463,46884,36542,0,0,10770,1070,3818,814,2517,145,2170,0,0,8183,61588,1617,7209,0,0,0,0,0
727,3563,728.3628905286162,99899,2668,1268,69,30,24197,11764,0.3599735733090421,1758,893,21845,23974,9024,4551,14635,19283,46908,36569,0,0,10606,1063,3801,832,2609,156,2285,0,0,8592,61195,1600,7160,0,0,0,0,0
728,3563,729.1783320790069,99898,2751,1302,69,31,24577,11951,0.36565296602534586,1746,923,21687,23877,9244,4672,14502,19194,46931,36595,0,0,10494,1060,3787,850,2683,160,2348,0,0,8844,60960,1582,7130,0,0,0,0,0
729,3563,730.4108098293357,99895,2849,1307,72,31,25135,12202,0.37376245057310176,1796,967,21425,23791,9583,4880,14274,19023,46954,36621,0,0,10352,1043,3764,880,2792,168,2433,0,0,9251,60559,1569,7084,0,0,0,0,0
730,3563,731.2393333544505,99894,2828,1356,72,32,25476,12410,0.37926201773880314,1854,997,21263,23725,9853,4997,14129,18892,46977,36647,0,0,10240,1026,3753,906,2868,175,2496,0,0,9561,60274,1552,7043,0,0,0,0,0
731,3563,732.0734999882337,99893,2911,1405,73,32,25880,12623,0.38544242339303053,1903,1034,21067,23658,10069,5124,13976,18746,47000,36673,0,0,10141,1016,3746,921,2936,182,2546,0,0,9869,59990,1541,7005,0,0,0,0,0
732,3563,733.3356442787186,99891,3010,1493,75,32,26474,12943,0.3946001141243956,1988,1056,20790,23576,10426,5300,13710,18542,47023,36698,0,0,9994,995,3728,959,3052,195,2640,0,0,10265,59596,1521,6946,0,0,0,0,0
733,3563,734.1842984684799,99890,3028,1516,76,32,26872,13175,0.40091100210231256,2068,1073,20598,23495,10678,5467,13551,18416,47045,36723,0,0,9884,990,3711,981,3154,201,2703,0,0,10605,59256,1502,6903,0,0,0,0,0
734,3563,735.0396718230456,99890,3113,1548,76,32,27314,13405,0.4076384022424667,2101,1092,20407,23399,10913,5631,13389,18297,47067,36748,0,0,9766,981,3690,998,3250,207,2779,0,0,10916,58945,1488,6870,0,0,0,0,0
735,3563,736.3345353474416,99887,3211,1604,79,32,28016,13737,0.4180023426471913,2112,1185,20120,23259,11347,5842,13130,18077,47089,36772,0,0,9597,967,3665,1049,3401,219,2885,0,0,11376,58465,1462,6801,0,0,0,0,0
736,3563,737.2063562943453,99883,3310,1672,82,33,28497,14006,0.425527867605098,2138,1151,19917,23196,11599,6006,12953,17941,47111,36796,0,0,9469,954,3649,1086,3498,225,2966,0,0,11668,58163,1433,6772,0,0,0,0,0
737,3563,738.0849190857014,99882,3352,1750,82,34,28972,14290,0.4331310946917363,2218,1122,19697,23116,11886,6170,12764,17807,47133,36820,0,0,9355,941,3629,1128,3607,240,3032,0,0,12003,57826,1400,6721,0,0,0,0,0
738,3563,739.4186827668834,99878,3485,1790,85,35,29757,14666,0.44477262259957145,2253,1168,19372,23012,12311,6431,12493,17563,47154,36844,0,0,9191,928,3596,1170,3800,259,3138,0,0,12512,57282,1376,6626,0,0,0,0,0
739,3563,740.3187745415407,99877,3590,1792,85,36,30274,14899,0.45228631216396165,2278,1243,19172,22897,12559,6607,12315,17424,47175,36868,0,0,9064,915,3580,1186,3908,273,3214,0,0,12855,56934,1364,6584,0,0,0,0,0
740,3563,741.2258478255852,99876,3628,1871,86,36,30782,15203,0.4604209219432096,2324,1257,18942,22791,12872,6772,12147,17272,47196,36891,0,0,8929,907,3561,1210,4018,287,3302,0,0,13239,56542,1348,6533,0,0,0,0,0
741,3563,742.1416862155291,99874,3695,1908,87,37,31353,15491,0.4690309790335823,2329,1250,18730,22682,13197,6982,11961,17140,47217,36914,0,0,8814,896,3534,1235,4168,302,3368,0,0,13640,56114,1333,6470,0,0,0,0,0
742,3563,743.0674409693631,99873,3775,1958,88,37,31903,15779,0.47742633144093,2351,1290,18512,22574,13476,7157,11797,16983,47238,36937,0,0,8696,887,3503,1253,4298,317,3436,0,0,14023,55714,1318,6428,0,0,0,0,0
743,3563,744.0020607677671,99872,3899,2026,89,37,32497,16096,0.4865527875680872,2352,1287,18293,22459,13755,7351,11611,16839,47258,36960,0,0,8580,872,3481,1283,4429,335,3505,0,0,14391,55317,1298,6381,0,0,0,0,0
744,3563,745.4211833094183,99870,3928,2046,90,38,33319,16563,0.49946931010313406,2429,1338,17971,22282,14267,7706,11314,16589,47278,36982,0,0,8393,857,3437,1337,4670,356,3629,0,0,15028,54615,1268,6280,0,0,0,0,0
745,3563,746.379811504906,99866,3980,2111,94,38,33926,16904,0.5089820359281437,2457,1345,17734,22165,14591,7903,11143,16437,47298,37004,0,0,8267,849,3402,1370,4831,375,3702,0,0,15448,54154,1241,6227,0,0,0,0,0
746,3563,747.3497405470396,99864,4009,2110,95,39,34509,17208,0.5178743090603221,2503,1415,17497,22021,14948,8135,10947,16279,47318,37026,0,0,8146,839,3373,1420,5001,387,3763,0,0,15885,53671,1211,6168,0,0,0,0,0
747,3563,748.3317399333001,99864,4019,2178,95,39,35100,17557,0.5272871104702396,2545,1414,17288,21914,15303,8336,10749,16118,47338,37048,0,0,8017,830,3342,1444,5189,411,3830,0,0,16281,53219,1195,6106,0,0,0,0,0
748,3563,749.324271895547,99861,4096,2171,97,40,35772,17875,0.5372167312564464,2502,1447,17108,21798,15651,8587,10545,15956,47358,37069,0,0,7884,816,3313,1480,5368,437,3901,0,0,16712,52719,1176,6055,0,0,0,0,0
749,3563,750.3268272708486,99856,4159,2235,101,41,36402,18241,0.5472179939112322,2539,1471,16848,21654,15989,8818,10363,15780,47377,37090,0,0,7753,801,3286,1520,5527,454,3980,0,0,17159,52228,1151,5997,0,0,0,0,0
750,3563,751.3423415180288,99854,4216,2263,103,41,37041,18608,0.5573036633484888,2537,1487,16622,21548,16332,9078,10189,15582,47396,37111,0,0,7629,792,3259,1550,5714,476,4056,0,0,17613,51702,1128,5935,0,0,0,0,0
751,3563,752.3707104752547,99849,4208,2291,107,42,37678,18968,0.5673166481386894,2556,1502,16391,21445,16723,9309,10014,15410,47415,37132,0,0,7468,779,3226,1594,5903,508,4158,0,0,18028,51202,1100,5883,0,0,0,0,0
752,3563,753.4017861803395,99847,4259,2348,109,42,38313,19330,0.577313289332679,2579,1516,16172,21322,17055,9526,9825,15245,47434,37153,0,0,7350,773,3205,1629,6088,536,4212,0,0,18423,50722,1079,5830,0,0,0,0,0
753,3563,754.4107302880698,99844,4273,2389,112,42,38939,19711,0.5874163695364769,2584,1491,15964,21196,17409,9793,9657,15088,47453,37173,0,0,7209,758,3181,1666,6268,567,4289,0,0,18858,50206,1065,5777,0,0,0,0,0
754,3563,755.398568339496,99844,4299,2420,112,42,39528,20095,0.5971615720524017,2639,1479,15751,21099,17723,10049,9475,14910,47472,37193,0,0,7082,741,3151,1720,6463,597,4347,0,0,19252,49738,1046,5707,0,0,0,0,0
755,3563,756.3674490993714,99842,4342,2484,114,42,40170,20458,0.6072394383125338,2618,1469,15512,20985,18096,10263,9317,14756,47491,37213,0,0,6966,725,3135,1767,6621,629,4401,0,0,19680,49238,1027,5653,0,0,0,0,0
756,3563,757.3153146683043,99840,4367,2517,115,43,40791,20813,0.6170272435897436,2590,1476,15319,20878,18447,10512,9161,14573,47509,37233,0,0,6826,712,3111,1811,6803,653,4488,0,0,20094,48748,1000,5594,0,0,0,0,0
757,3563,758.2451439626068,99838,4424,2512,116,44,41423,21167,0.6269156032773092,2585,1446,15125,20747,18740,10787,9009,14463,47527,37253,0,0,6703,697,3089,1852,6995,683,4551,0,0,20501,48245,982,5540,0,0,0,0,0
758,3563,759.1587046423753,99836,4464,2487,118,44,42055,21482,0.6364137184983373,2524,1488,14951,20633,19077,11023,8865,14324,47545,37272,0,0,6578,685,3057,1902,7197,708,4610,0,0,20896,47758,960,5485,0,0,0,0,0
759,3563,760.0574350033602,99831,4435,2489,120,47,42585,21792,0.6448598130841121,2596,1500,14772,20508,19343,11243,8733,14212,47563,37291,0,0,6462,667,3021,1947,7353,747,4659,0,0,21282,47305,945,5443,0,0,0,0,0
760,3563,761.3793362015048,99826,4421,2509,125,47,43410,22290,0.6581451726003246,2600,1457,14530,20340,19819,11615,8504,14031,47581,37310,0,0,6301,651,2976,2019,7643,805,4725,0,0,21783,46654,926,5343,0,0,0,0,0
761,3563,762.2434663649333,99822,4455,2500,127,49,43995,22591,0.6670473442728055,2580,1500,14333,20214,20130,11831,8374,13905,47599,37329,0,0,6197,642,2939,2056,7826,840,4771,0,0,22150,46197,911,5293,0,0,0,0,0
762,3563,763.0938321227919,99820,4497,2509,128,50,44565,22924,0.676106992586656,2567,1489,14162,20126,20401,12059,8244,13766,47616,37348,0,0,6091,633,2917,2081,8018,876,4821,0,0,22483,45759,897,5244,0,0,0,0,0
763,3563,764.3468114944051,99815,4514,2526,132,51,45381,23375,0.6888343435355407,2564,1539,13905,19966,20832,12356,8052,13561,47633,37367,0,0,5935,620,2881,2118,8284,935,4906,0,0,22954,45136,878,5168,0,0,0,0,0
764,3563,765.1671945944995,99812,4538,2583,133,53,45913,23716,0.6976014908027091,2543,1492,13780,19866,21061,12541,7944,13464,47650,37385,0,0,5841,614,2863,2140,8467,971,4947,0,0,23248,44733,864,5124,0,0,0,0,0
765,3563,766.37991458536,99810,4553,2643,134,54,46676,24218,0.7102895501452761,2507,1443,13616,19750,21422,12832,7767,13277,47667,37403,0,0,5705,593,2826,2211,8728,1015,4998,0,0,23704,44124,842,5064,0,0,0,0,0
766,3563,767.1770670592258,99809,4500,2647,135,54,47118,24518,0.7177308659539721,2557,1424,13471,19648,21653,13041,7683,13185,47684,37421,0,0,5608,583,2798,2247,8903,1057,5031,0,0,23990,43743,828,5021,0,0,0,0,0
767,3563,768.3572176553391,99804,4499,2604,137,57,47876,24925,0.7294397018155585,2531,1437,13267,19538,22027,13351,7538,13012,47701,37439,0,0,5471,567,2771,2294,9150,1125,5090,0,0,24440,43134,812,4950,0,0,0,0,0
768,3563,769.1330787919069,99801,4499,2576,140,57,48373,25216,0.7373573411088066,2573,1435,13116,19448,22233,13577,7438,12906,47718,37457,0,0,5382,551,2746,2328,9301,1171,5126,0,0,24781,42700,797,4918,0,0,0,0,0
769,3563,770.2819071584448,99797,4489,2555,143,58,49084,25620,0.7485595759391565,2607,1438,12927,19346,22561,13849,7272,12753,47735,37474,0,0,5257,535,2705,2377,9569,1234,5175,0,0,25165,42150,783,4847,0,0,0,0,0
770,3563,771.0387181166359,99794,4483,2560,144,60,49579,25899,0.7563380563961761,2564,1407,12830,19271,22812,14040,7166,12661,47751,37491,0,0,5157,525,2682,2404,9732,1279,5224,0,0,25441,41774,769,4807,0,0,0,0,0
771,3563,772.1592162617121,99789,4515,2575,148,61,50321,26304,0.7678702061349447,2490,1397,12645,19154,23165,14304,7036,12508,47767,37508,0,0,5041,513,2645,2460,9985,1347,5254,0,0,25784,41267,751,4742,0,0,0,0,0
772,3563,773.2636236791177,99788,4499,2592,148,62,51001,26705,0.7787108670381209,2438,1412,12494,19041,23512,14519,6908,12373,47783,37525,0,0,4938,505,2608,2503,10236,1424,5289,0,0,26121,40768,725,4671,0,0,0,0,0
773,3563,774.3518200058304,99783,4438,2614,151,64,51661,27134,0.7896635699467845,2452,1408,12347,18909,23834,14784,6777,12220,47799,37542,0,0,4809,488,2571,2562,10525,1479,5334,0,0,26431,40255,715,4614,0,0,0,0,0
774,3563,775.0696129254582,99782,4410,2597,151,65,52098,27396,0.796676755326612,2434,1387,12285,18839,24028,14968,6691,12143,47815,37559,0,0,4726,483,2547,2582,10674,1533,5361,0,0,26708,39893,704,4571,0,0,0,0,0
775,3563,776.1361544125035,99780,4421,2578,152,66,52763,27752,0.8069252355181399,2359,1382,12179,18751,24320,15210,6568,12012,47831,37575,0,0,4617,468,2516,2611,10928,1600,5411,0,0,27017,39412,697,4503,0,0,0,0,0
776,3563,777.1906933745759,99773,4371,2576,158,67,53370,28125,0.8168041454100808,2302,1376,12039,18678,24659,15436,6470,11866,47847,37591,0,0,4504,463,2482,2648,11145,1681,5451,0,0,27343,38938,681,4437,0,0,0,0,0
777,3563,778.2328938843848,99768,4274,2600,162,68,53943,28499,0.8263371020768182,2335,1319,11900,18617,24972,15651,6356,11744,47862,37607,0,0,4403,455,2447,2709,11405,1744,5468,0,0,27613,38490,661,4373,0,0,0,0,0
778,3563,779.2624894376513,99764,4221,2578,166,68,54521,28842,0.8356020207690149,2336,1307,11787,18528,25249,15880,6240,11638,47877,37623,0,0,4299,448,2421,2727,11637,1823,5507,0,0,27882,38045,651,4324,0,0,0,0,0
779,3563,780.2815428026455,99762,4220,2517,168,68,55112,29170,0.8448306970590004,2268,1327,11680,18435,25529,16131,6134,11521,47892,37639,0,0,4211,437,2400,2763,11829,1898,5531,0,0,28213,37558,635,4287,0,0,0,0,0
780,3563,781.2904696947444,99758,4187,2467,171,69,55691,29507,0.85404679323964,2213,1349,11592,18346,25794,16376,6042,11392,47907,37655,0,0,4129,429,2371,2777,12097,1968,5542,0,0,28470,37111,628,4236,0,0,0,0,0
781,3563,782.2902758248773,99757,4069,2474,171,70,56247,29851,0.8630772777850176,2193,1328,11501,18263,26126,16595,5939,11269,47922,37671,0,0,4037,418,2341,2832,12356,2031,5557,0,0,28734,36660,604,4187,0,0,0,0,0
782,3563,783.2795689329175,99756,4024,2441,172,70,56795,30162,0.8716969405349052,2140,1354,11395,18207,26407,16785,5861,11142,47937,37686,0,0,3963,412,2309,2878,12592,2097,5561,0,0,28981,36239,582,4142,0,0,0,0,0
783,3563,784.2593216934363,99753,4038,2413,174,71,57350,30469,0.88036450031578,2042,1351,11328,18136,26641,17000,5776,11028,47952,37701,0,0,3878,405,2281,2897,12851,2160,5583,0,0,29141,35886,575,4096,0,0,0,0,0
784,3563,785.2319016529731,99751,4016,2356,176,71,57867,30790,0.8887830698439113,2006,1340,11264,18063,26849,17252,5688,10917,47967,37716,0,0,3802,393,2256,2933,13078,2238,5590,0,0,29341,35498,564,4058,0,0,0,0,0
785,3563,786.1976422210704,99750,3950,2342,177,71,58345,31111,0.8968020050125314,1979,1283,11224,18042,27084,17443,5585,10818,47982,37731,0,0,3726,386,2232,2950,13290,2324,5611,0,0,29557,35127,553,3994,0,0,0,0,0
786,3563,787.1565421533463,99748,3875,2293,178,72,58811,31395,0.9043389341139672,1997,1267,11138,17999,27301,17638,5510,10730,47996,37746,0,0,3654,379,2212,2960,13513,2396,5620,0,0,29770,34746,546,3952,0,0,0,0,0
787,3563,788.1092260301729,99743,3809,2302,182,73,59285,31683,0.9120239014266666,1969,1250,11073,17942,27515,17783,5451,10649,48010,37761,0,0,3575,371,2191,2979,13730,2461,5644,0,0,29946,34405,533,3908,0,0,0,0,0
788,3563,789.0555374803039,99738,3796,2292,186,74,59780,31993,0.9201407688142934,1935,1213,11004,17898,27700,17956,5378,10566,48024,37776,0,0,3510,366,2179,2994,13934,2538,5641,0,0,30128,34061,523,3864,0,0,0,0,0
789,3563,790.3083730681725,99733,3742,2288,189,76,60413,32394,0.9305545807305505,1867,1186,10919,17819,27991,18164,5291,10466,48038,37790,0,0,3431,358,2149,3025,14211,2640,5642,0,0,30348,33610,507,3812,0,0,0,0,0
790,3563,791.2408475854521,99732,3665,2286,190,76,60865,32672,0.9378835278546505,1817,1172,10874,17793,28213,18302,5240,10370,48052,37804,0,0,3371,351,2126,3044,14440,2708,5646,0,0,30517,33277,498,3754,0,0,0,0,0
791,3563,792.1674782128783,99730,3580,2248,192,76,61279,32940,0.9447408001604332,1780,1159,10839,17731,28421,18496,5187,10289,48066,37818,0,0,3315,344,2108,3060,14672,2782,5641,0,0,30646,32964,490,3708,0,0,0,0,0
792,3563,793.088942322555,99729,3515,2225,193,76,61695,33225,0.9517793219625185,1720,1097,10828,17719,28610,18675,5133,10207,48080,37832,0,0,3262,337,2090,3092,14854,2863,5627,0,0,30820,32634,480,3670,0,0,0,0,0
793,3563,794.0064826673776,99728,3475,2206,193,77,62099,33492,0.958517166693406,1722,1061,10791,17708,28740,18817,5078,10130,48094,37846,0,0,3208,330,2078,3113,15034,2942,5621,0,0,30946,32345,476,3635,0,0,0,0,0
794,3563,795.2240555168086,99723,3385,2133,194,81,62601,33803,0.9667178083290715,1725,1049,10761,17665,28940,19037,4994,10034,48108,37860,0,0,3144,325,2062,3140,15289,3034,5608,0,0,31119,31949,464,3589,0,0,0,0,0
795,3563,796.1333780149843,99716,3330,2099,199,83,62971,34048,0.9729531870512255,1711,1027,10745,17661,29064,19162,4950,9967,48121,37874,0,0,3098,317,2044,3158,15439,3120,5600,0,0,31265,31666,456,3553,0,0,0,0,0
796,3563,797.0397578671265,99713,3273,2095,200,85,63339,34275,0.9789495853098392,1685,1018,10740,17664,29211,19255,4890,9882,48134,37888,0,0,3042,315,2024,3156,15605,3186,5606,0,0,31392,31409,450,3528,0,0,0,0,0
797,3563,798.2430698468429,99712,3266,2023,201,85,63860,34565,0.9870928273427471,1670,1018,10702,17635,29337,19437,4823,9801,48147,37901,0,0,2989,310,2005,3164,15853,3274,5602,0,0,31526,31052,441,3496,0,0,0,0,0
798,3563,799.1424444112171,99712,3267,1984,201,85,64284,34811,0.9938121790757382,1602,992,10682,17590,29483,19612,4764,9736,48160,37914,0,0,2945,306,1989,3181,16053,3346,5587,0,0,31620,30784,434,3467,0,0,0,0,0
799,3563,800.038636702764,99709,3225,1949,203,86,64657,35032,0.9997994163014372,1587,970,10674,17571,29586,19738,4724,9685,48173,37927,0,0,2899,304,1973,3174,16230,3423,5584,0,0,31722,30529,432,3439,0,0,0,0,0
800,3563,801.230213374351,99708,3186,1882,203,87,65139,35305,1.0073815541380833,1563,969,10666,17551,29741,19912,4640,9598,48186,37940,0,0,2844,299,1954,3188,16444,3527,5581,0,0,31850,30198,424,3399,0,0,0,0,0
801,3563,802.1209037735132,99706,3155,1875,204,88,65491,35514,1.0130283032114415,1549,959,10616,17533,29869,20002,4606,9542,48199,37953,0,0,2803,298,1940,3198,16622,3588,5570,0,0,31910,29976,417,3384,0,0,0,0,0
802,3563,803.0081434063424,99703,3115,1831,207,88,65835,35706,1.018434751211097,1502,969,10602,17512,30016,20110,4557,9489,48212,37966,0,0,2751,294,1934,3219,16762,3661,5572,0,0,32002,29739,409,3360,0,0,0,0,0
803,3563,804.1865620636277,99698,3027,1794,212,88,66258,35992,1.02559730385765,1516,947,10610,17488,30134,20266,4500,9416,48225,37979,0,0,2697,285,1922,3257,16974,3748,5554,0,0,32127,29417,397,3320,0,0,0,0,0
804,3563,805.068195561971,99695,2990,1767,213,90,66603,36213,1.0313054817192437,1482,925,10602,17473,30255,20394,4457,9350,48238,37992,0,0,2644,283,1906,3279,17137,3820,5543,0,0,32191,29202,388,3302,0,0,0,0,0
805,3563,806.2400880203772,99694,2962,1727,213,91,67065,36474,1.0385680181354946,1421,877,10621,17499,30392,20529,4390,9276,48250,38004,0,0,2600,276,1891,3294,17364,3913,5534,0,0,32257,28918,385,3262,0,0,0,0,0
806,3563,807.1167705355849,99693,2897,1701,214,91,67378,36666,1.0436439870402134,1384,852,10625,17524,30521,20613,4358,9218,48262,38016,0,0,2558,276,1880,3300,17517,3991,5525,0,0,32311,28715,382,3238,0,0,0,0,0
807,3563,808.2820085693604,99689,2813,1689,216,93,67771,36938,1.0503566090541585,1373,806,10630,17511,30661,20747,4306,9153,48274,38028,0,0,2515,271,1862,3329,17717,4086,5504,0,0,32371,28459,371,3204,0,0,0,0,0
808,3563,809.1534534630129,99689,2760,1663,216,93,68042,37127,1.054970959684619,1386,804,10643,17516,30730,20828,4264,9095,48286,38040,0,0,2484,266,1853,3329,17851,4156,5498,0,0,32449,28257,367,3179,0,0,0,0,0
809,3563,810.0237443430889,99687,2734,1639,217,94,68335,37292,1.0595865057630383,1394,811,10628,17531,30801,20897,4225,9027,48298,38052,0,0,2445,265,1839,3336,17985,4224,5492,0,0,32493,28096,360,3152,0,0,0,0,0
810,3563,811.1817052695436,99686,2702,1603,218,94,68731,37517,1.06582669582489,1348,817,10648,17552,30899,20979,4184,8954,48310,38064,0,0,2406,263,1825,3360,18160,4309,5468,0,0,32576,27849,354,3116,0,0,0,0,0
811,3563,812.0485323233206,99686,2641,1599,218,94,69021,37693,1.0705013743153502,1302,784,10651,17576,31029,21025,4158,8921,48322,38076,0,0,2366,259,1814,3377,18281,4384,5460,0,0,32620,27673,349,3103,0,0,0,0,0
812,3563,813.2008224173275,99684,2590,1586,219,95,69401,37925,1.0766622527185907,1264,738,10688,17625,31140,21098,4098,8857,48334,38088,0,0,2334,257,1803,3375,18466,4479,5441,0,0,32651,27449,345,3084,0,0,0,0,0
813,3563,814.0633989075103,99683,2539,1525,220,95,69674,38067,1.080836250915402,1238,741,10719,17637,31207,21190,4076,8811,48346,38100,0,0,2302,253,1794,3384,18590,4551,5428,0,0,32722,27262,338,3059,0,0,0,0,0
814,3563,815.2124446256255,99681,2475,1456,222,95,70005,38253,1.0860444818972523,1218,749,10751,17644,31292,21309,4041,8746,48358,38112,0,0,2262,250,1774,3408,18739,4641,5400,0,0,32792,27042,335,3038,0,0,0,0,0
815,3563,816.0731189440158,99679,2395,1458,223,96,70246,38418,1.0901393473048486,1191,734,10803,17656,31377,21358,4010,8697,48370,38123,0,0,2233,247,1764,3426,18853,4714,5379,0,0,32823,26893,331,3016,0,0,0,0,0
816,3563,817.2191117913269,99678,2322,1417,224,96,70596,38623,1.095718212644716,1130,719,10871,17669,31486,21453,3966,8645,48381,38134,0,0,2190,242,1751,3435,19013,4813,5373,0,0,32876,26672,329,2984,0,0,0,0,0
817,3563,818.077415155547,99677,2304,1416,224,97,70848,38790,1.0999327828887306,1097,704,10881,17663,31548,21519,3945,8600,48392,38145,0,0,2165,238,1738,3445,19128,4881,5361,0,0,32888,26544,326,2963,0,0,0,0,0
818,3563,819.2205242705701,99676,2273,1386,225,97,71168,38990,1.105160720735182,1032,713,10940,17658,31620,21601,3909,8544,48403,38156,0,0,2139,236,1725,3448,19266,4970,5338,0,0,32938,26346,323,2947,0,0,0,0,0
819,3563,820.0770426915236,99674,2231,1380,226,98,71399,39153,1.1091357826514436,1008,688,10984,17665,31672,21662,3878,8506,48414,38167,0,0,2116,234,1715,3464,19391,5023,5315,0,0,32959,26205,319,2933,0,0,0,0,0
820,3563,821.218042246576,99674,2166,1357,226,98,71691,39363,1.1141722013764874,969,657,11052,17700,31745,21744,3841,8443,48425,38178,0,0,2083,231,1701,3467,19540,5115,5302,0,0,32985,26021,316,2913,0,0,0,0,0
821,3563,822.0734191443809,99674,2102,1338,226,98,71878,39513,1.117553223508638,969,625,11082,17736,31795,21806,3825,8396,48436,38189,0,0,2061,228,1690,3471,19636,5177,5286,0,0,33032,25882,310,2901,0,0,0,0,0
822,3563,823.2131815017938,99673,2056,1283,226,99,72155,39685,1.122069166173387,965,623,11143,17758,31817,21896,3792,8340,48447,38200,0,0,2036,224,1681,3472,19798,5243,5269,0,0,33071,25691,307,2881,0,0,0,0,0
823,3563,824.068064513948,99670,2002,1248,229,99,72338,39803,1.125122905588442,969,629,11166,17776,31853,21940,3780,8307,48458,38211,0,0,2021,222,1672,3482,19885,5299,5243,0,0,33120,25553,304,2869,0,0,0,0,0
824,3563,825.207598849851,99667,1959,1243,232,99,72612,39997,1.129852408520373,942,607,11222,17804,31896,21991,3748,8255,48469,38222,0,0,2001,215,1656,3488,20018,5385,5228,0,0,33127,25396,298,2855,0,0,0,0,0
825,3563,826.0617880980725,99667,1909,1222,232,99,72794,40123,1.132942699188297,917,586,11268,17811,31955,22055,3718,8226,48480,38232,0,0,1982,213,1651,3497,20091,5451,5213,0,0,33167,25266,295,2841,0,0,0,0,0
826,3563,827.1999925050135,99667,1895,1195,232,99,73070,40284,1.1373272999086959,893,585,11327,17861,31976,22088,3676,8171,48491,38242,0,0,1967,212,1638,3509,20220,5531,5184,0,0,33162,25127,293,2824,0,0,0,0,0
827,3563,828.0536618972118,99667,1888,1191,232,99,73291,40405,1.140758726559443,839,571,11377,17893,32006,22105,3657,8140,48502,38252,0,0,1945,210,1631,3518,20298,5595,5172,0,0,33170,25028,290,2810,0,0,0,0,0
828,3563,829.1923160365568,99667,1830,1147,232,99,73534,40572,1.1448724251758355,854,547,11416,17958,32035,22157,3632,8091,48513,38262,0,0,1929,209,1620,3521,20413,5683,5150,0,0,33196,24865,285,2796,0,0,0,0,0
829,3563,830.0462723707477,99666,1765,1126,233,99,73709,40674,1.147663195071539,849,555,11467,18008,32073,22161,3612,8050,48523,38272,0,0,1913,205,1609,3532,20478,5751,5128,0,0,33227,24757,281,2785,0,0,0,0,0
830,3563,831.1842876398293,99664,1730,1099,234,100,73964,40840,1.1519104190078664,816,526,11522,18045,32112,22227,3585,8002,48533,38282,0,0,1886,200,1597,3535,20594,5825,5116,0,0,33259,24600,279,2773,0,0,0,0,0
831,3563,832.0377414544432,99663,1701,1070,235,100,74156,40945,1.1549020198067488,768,534,11572,18095,32146,22246,3577,7954,48543,38292,0,0,1865,199,1593,3533,20671,5885,5109,0,0,33288,24480,276,2764,0,0,0,0,0
832,3563,833.1754367431023,99663,1602,1064,235,100,74336,41093,1.1581931107833399,803,519,11603,18163,32205,22259,3551,7894,48553,38302,0,0,1834,198,1585,3543,20769,5952,5095,0,0,33319,24349,274,2745,0,0,0,0,0
833,3563,834.0282377741527,99659,1599,1040,237,102,74523,41206,1.1612498620295206,763,501,11638,18215,32222,22285,3540,7856,48563,38312,0,0,1816,197,1579,3542,20846,6006,5082,0,0,33340,24245,273,2733,0,0,0,0,0
834,3563,835.1657420398159,99656,1540,1004,239,103,74730,41347,1.1647768323031227,740,483,11725,18263,32229,22331,3526,7815,48573,38322,0,0,1794,195,1572,3543,20974,6069,5074,0,0,33346,24102,270,2717,0,0,0,0,0
835,3563,836.0196322019085,99654,1504,996,240,104,74876,41457,1.1673690970758825,741,463,11782,18284,32217,22369,3515,7783,48583,38332,0,0,1786,194,1569,3538,21045,6121,5058,0,0,33360,24010,267,2706,0,0,0,0,0
836,3563,837.1592279832979,99653,1480,976,241,104,75087,41588,1.1708127201388818,712,475,11852,18318,32233,22387,3481,7739,48593,38342,0,0,1772,193,1565,3544,21128,6192,5035,0,0,33385,23891,266,2682,0,0,0,0,0
837,3563,838.01404424482,99653,1433,969,241,104,75227,41692,1.1732612164209808,734,470,11887,18361,32242,22388,3462,7707,48603,38351,0,0,1756,192,1558,3540,21205,6243,5020,0,0,33388,23809,266,2676,0,0,0,0,0
838,3563,839.1540632600636,99652,1417,919,241,105,75428,41808,1.1764540601292497,720,482,11944,18405,32237,22415,3440,7673,48613,38360,0,0,1740,191,1550,3541,21337,6296,5001,0,0,33365,23705,264,2662,0,0,0,0,0
839,3563,840.009493472686,99651,1385,890,242,105,75555,41893,1.1785932905841388,727,484,11994,18437,32221,22440,3430,7643,48623,38369,0,0,1728,190,1546,3534,21390,6352,4988,0,0,33384,23625,263,2651,0,0,0,0,0
840,3563,841.1514786185323,99651,1391,874,242,105,75790,42027,1.1822962137861135,668,452,12065,18488,32217,22468,3416,7612,48633,38378,0,0,1698,187,1538,3536,21483,6413,4987,0,0,33393,23517,261,2638,0,0,0,0,0
841,3563,842.0086455271904,99650,1358,875,243,105,75937,42130,1.184816859006523,678,435,12127,18539,32192,22456,3401,7589,48643,38387,0,0,1683,184,1532,3532,21532,6474,4980,0,0,33405,23437,259,2632,0,0,0,0,0
842,3563,843.1526576298019,99649,1310,846,244,105,76120,42258,1.1879497034591415,642,415,12203,18621,32220,22473,3380,7539,48653,38396,0,0,1663,184,1521,3537,21629,6538,4965,0,0,33413,23326,255,2618,0,0,0,0,0
843,3563,844.0112966235472,99649,1288,799,244,105,76252,42327,1.1899667834097682,646,427,12268,18669,32187,22491,3366,7508,48662,38405,0,0,1646,184,1512,3526,21696,6585,4965,0,0,33424,23248,252,2611,0,0,0,0,0
844,3563,845.1576563466657,99648,1271,774,244,106,76439,42446,1.1930495343609506,627,383,12332,18764,32171,22501,3354,7471,48671,38414,0,0,1633,181,1508,3534,21783,6646,4946,0,0,33410,23155,249,2603,0,0,0,0,0
845,3563,846.0183893020319,99648,1271,769,244,106,76584,42530,1.1953476236351959,601,365,12396,18826,32144,22490,3343,7443,48680,38423,0,0,1620,181,1501,3533,21841,6687,4928,0,0,33416,23095,249,2597,0,0,0,0,0
846,3563,847.1676886425604,99648,1236,773,244,106,76771,42642,1.198348185613359,571,371,12455,18890,32164,22470,3329,7389,48689,38432,0,0,1609,179,1496,3536,21903,6760,4906,0,0,33409,23016,248,2586,0,0,0,0,0
847,3563,848.0299474204307,99647,1198,757,244,107,76897,42712,1.2003271548566439,561,375,12530,18924,32153,22474,3313,7362,48698,38441,0,0,1598,178,1495,3537,21948,6810,4889,0,0,33419,22949,248,2576,0,0,0,0,0
848,3563,849.1805545663067,99646,1150,735,245,107,77051,42802,1.20278786905646,560,385,12608,18989,32142,22461,3294,7322,48707,38450,0,0,1591,176,1492,3539,22028,6868,4866,0,0,33416,22860,247,2563,0,0,0,0,0
849,3563,850.0442255577112,99646,1127,732,245,107,77171,42882,1.2047949742086987,552,383,12651,19033,32137,22441,3287,7303,48716,38459,0,0,1582,176,1490,3533,22098,6905,4845,0,0,33409,22809,247,2552,0,0,0,0,0
850,3563,851.1968524065666,99646,1104,709,245,107,77335,42983,1.2074543885354154,523,377,12737,19113,32118,22418,3272,7275,48725,38467,0,0,1569,175,1486,3538,22167,6964,4829,0,0,33407,22724,244,2543,0,0,0,0,0
851,3563,852.0625236673857,99646,1110,702,245,107,77463,43060,1.2095116713164602,502,365,12822,19180,32061,22403,3259,7242,48734,38475,0,0,1559,174,1483,3532,22221,7002,4819,0,0,33407,22670,243,2536,0,0,0,0,0
852,3563,853.2190795879172,99644,1070,693,247,107,77598,43160,1.2118943438641563,496,339,12903,19264,32029,22387,3254,7209,48743,38483,0,0,1552,172,1479,3534,22268,7063,4804,0,0,33417,22588,240,2527,0,0,0,0,0
853,3563,854.087906713238,99644,1066,677,247,107,77721,43221,1.213740917666894,482,346,12962,19315,31998,22376,3244,7178,48752,38491,0,0,1543,171,1478,3534,22317,7095,4790,0,0,33429,22523,240,2524,0,0,0,0,0
854,3563,855.2481187784927,99644,1050,643,247,107,77863,43311,1.2160692063746938,475,331,13053,19403,31946,22370,3228,7145,48761,38499,0,0,1532,171,1475,3536,22369,7152,4772,0,0,33444,22437,238,2518,0,0,0,0,0
855,3563,856.1197622066493,99644,1000,638,247,107,77963,43390,1.2178656015414877,484,312,13113,19451,31943,22365,3212,7126,48770,38507,0,0,1520,170,1473,3536,22435,7195,4756,0,0,33422,22393,236,2508,0,0,0,0,0
856,3563,857.2831175440482,99643,968,605,248,107,78089,43467,1.2199150968959185,480,315,13204,19533,31901,22344,3198,7095,48779,38515,0,0,1503,169,1467,3532,22483,7254,4754,0,0,33424,22321,235,2501,0,0,0,0,0
857,3563,858.1570281149635,99642,947,612,248,108,78193,43548,1.2217839866722868,459,304,13253,19580,31898,22321,3194,7074,48788,38523,0,0,1495,169,1465,3523,22538,7284,4745,0,0,33437,22258,232,2496,0,0,0,0,0
858,3563,859.0316648299446,99642,924,610,248,108,78279,43619,1.2233596274663294,450,292,13307,19633,31877,22301,3193,7055,48797,38531,0,0,1478,167,1463,3530,22572,7324,4733,0,0,33427,22229,231,2488,0,0,0,0,0
859,3563,860.1992979994817,99642,892,606,248,108,78398,43710,1.2254671724774693,440,292,13394,19705,31842,22272,3183,7016,48805,38539,0,0,1463,167,1459,3535,22617,7371,4718,0,0,33439,22164,231,2478,0,0,0,0,0
860,3563,861.0761906801488,99642,867,594,248,108,78495,43775,1.2270929929146344,414,273,13480,19772,31825,22257,3165,6995,48813,38547,0,0,1459,167,1458,3534,22673,7408,4699,0,0,33428,22118,229,2469,0,0,0,0,0
861,3563,862.2471539862235,99642,836,588,248,108,78625,43859,1.2292406816402721,391,267,13574,19866,31798,22206,3152,6964,48821,38555,0,0,1443,166,1454,3533,22751,7451,4694,0,0,33403,22061,226,2460,0,0,0,0,0
862,3563,863.1268625938993,99642,847,582,248,108,78721,43926,1.2308765380060618,369,251,13665,19928,31730,22189,3140,6941,48829,38563,0,0,1438,166,1449,3537,22787,7482,4676,0,0,33413,22020,224,2450,0,0,0,0,0
863,3563,864.0083564099251,99642,850,565,248,108,78803,43984,1.2322815680134882,380,257,13713,19985,31675,22164,3133,6920,48837,38571,0,0,1429,164,1450,3529,22816,7514,4673,0,0,33429,21970,224,2444,0,0,0,0,0
864,3563,865.1859649523876,99642,809,541,248,108,78918,44052,1.2341181429517674,377,257,13801,20058,31640,22154,3124,6881,48845,38579,0,0,1424,163,1448,3533,22870,7567,4649,0,0,33420,21910,222,2436,0,0,0,0,0
865,3563,866.0705042433506,99642,799,503,248,108,79005,44094,1.2354127777443247,358,261,13878,20128,31599,22140,3117,6859,48853,38587,0,0,1415,161,1443,3530,22904,7606,4639,0,0,33429,21862,222,2431,0,0,0,0,0
866,3563,867.2523038356853,99641,781,507,249,108,79112,44171,1.23727180578276,343,254,13985,20180,31533,22127,3108,6823,48861,38594,0,0,1407,161,1440,3524,22942,7651,4624,0,0,33433,21813,222,2424,0,0,0,0,0
867,3563,868.1406523256508,99640,741,509,249,109,79188,44231,1.238649136892814,342,255,14065,20213,31505,22099,3097,6814,48869,38601,0,0,1401,161,1437,3529,22975,7690,4604,0,0,33430,21770,222,2421,0,0,0,0,0
868,3563,869.0303293878644,99640,713,472,249,109,79258,44285,1.2398936170212767,326,255,14138,20277,31477,22099,3096,6787,48877,38608,0,0,1396,160,1434,3530,22999,7735,4593,0,0,33446,21707,222,2418,0,0,0,0,0
869,3563,870.2189392339509,99640,686,451,249,109,79355,44354,1.2415596146126053,323,237,14258,20365,31408,22073,3075,6764,48885,38615,0,0,1385,160,1433,3530,23058,7771,4581,0,0,33438,21651,222,2411,0,0,0,0,0
870,3563,871.1124593780452,99639,674,433,250,109,79419,44393,1.242605806963137,319,236,14339,20419,31355,22059,3062,6743,48893,38622,0,0,1377,157,1434,3525,23093,7793,4576,0,0,33446,21612,222,2404,0,0,0,0,0
871,3563,872.0077785961599,99638,650,435,250,110,79479,44437,1.2436620566450551,331,236,14441,20474,31281,22017,3046,6727,48901,38629,0,0,1367,156,1431,3523,23122,7816,4569,0,0,33456,21577,222,2399,0,0,0,0,0
872,3563,873.2050990282486,99637,633,426,251,110,79561,44511,1.2452402220058814,332,208,14573,20569,31186,21988,3024,6698,48909,38636,0,0,1358,156,1429,3518,23171,7847,4560,0,0,33462,21528,220,2388,0,0,0,0,0
873,3563,874.1056619307615,99637,623,410,251,110,79623,44552,1.2462739745275349,335,205,14642,20635,31125,21959,3023,6680,48917,38643,0,0,1353,156,1426,3520,23201,7868,4548,0,0,33474,21489,219,2383,0,0,0,0,0
874,3563,875.0081969963196,99637,603,403,251,110,79690,44601,1.2474382006684264,329,194,14727,20693,31076,21928,3013,6671,48925,38650,0,0,1345,155,1426,3521,23230,7899,4536,0,0,33470,21456,218,2381,0,0,0,0,0
875,3563,876.2143952761156,99637,602,390,251,110,79791,44667,1.24911428485402,287,176,14850,20785,31004,21893,3005,6645,48933,38657,0,0,1332,154,1424,3519,23272,7934,4532,0,0,33465,21413,217,2375,0,0,0,0,0
876,3563,877.1214209299703,99637,582,381,251,110,79860,44702,1.2501580738079228,280,177,14941,20841,30952,21864,2993,6626,48941,38664,0,0,1330,153,1422,3518,23303,7961,4511,0,0,33469,21381,217,2372,0,0,0,0,0
877,3563,878.0304389301521,99637,573,365,251,110,79925,44749,1.251282154219818,282,150,15030,20913,30887,21852,2976,6609,48949,38671,0,0,1322,153,1420,3517,23334,7989,4500,0,0,33470,21347,217,2368,0,0,0,0,0
878,3563,879.2456660724492,99637,555,358,251,110,80002,44805,1.2526169997089434,266,148,15144,21002,30818,21796,2965,6585,48956,38678,0,0,1316,152,1416,3514,23376,8018,4488,0,0,33467,21312,217,2361,0,0,0,0,0
879,3563,880.1591698329042,99637,541,336,251,110,80068,44835,1.2535804972048536,265,158,15203,21060,30780,21779,2959,6556,48963,38685,0,0,1308,151,1413,3511,23403,8045,4483,0,0,33476,21274,216,2357,0,0,0,0,0
880,3563,881.0742144227512,99637,532,339,251,110,80130,44867,1.2545239218362656,248,161,15306,21115,30710,21734,2952,6540,48970,38692,0,0,1305,150,1412,3509,23433,8063,4474,0,0,33476,21248,215,2352,0,0,0,0,0
881,3563,882.2975559888955,99637,506,336,251,110,80207,44916,1.2557885122996477,239,166,15427,21194,30646,21674,2930,6519,48977,38699,0,0,1296,150,1411,3502,23478,8090,4469,0,0,33465,21210,215,2351,0,0,0,0,0
882,3563,883.2171175426496,99637,486,327,251,110,80263,44952,1.2567118640665615,240,160,15498,21261,30601,21641,2923,6500,48984,38706,0,0,1287,149,1411,3508,23498,8115,4457,0,0,33461,21188,213,2350,0,0,0,0,0
883,3563,884.1382866479339,99637,467,330,251,110,80310,44989,1.257554924375483,238,158,15571,21343,30558,21585,2914,6473,48991,38713,0,0,1281,149,1410,3514,23523,8134,4443,0,0,33456,21166,213,2348,0,0,0,0,0
884,3563,885.0611245435618,99637,458,322,251,110,80363,45026,1.2584582032778988,237,156,15653,21410,30494,21537,2906,6464,48998,38719,0,0,1276,147,1406,3518,23555,8151,4429,0,0,33456,21143,212,2344,0,0,0,0,0
885,3563,886.2946593762841,99637,436,312,251,110,80423,45073,1.2595321015285486,224,147,15769,21508,30423,21488,2896,6434,49005,38725,0,0,1268,145,1404,3520,23593,8172,4419,0,0,33462,21105,211,2338,0,0,0,0,0
886,3563,887.2222139004526,99636,427,292,252,110,80467,45101,1.2602673732385885,231,146,15854,21569,30350,21465,2885,6417,49012,38731,0,0,1263,144,1400,3516,23625,8193,4415,0,0,33451,21086,211,2332,0,0,0,0,0
887,3563,888.1520297169832,99635,431,283,252,111,80518,45132,1.2611030260450644,227,135,15949,21645,30268,21427,2872,6398,49019,38737,0,0,1260,144,1399,3515,23651,8207,4404,0,0,33454,21062,211,2328,0,0,0,0,0
888,3563,889.084373431296,99635,445,266,252,111,80581,45161,1.2620263963466654,217,132,16032,21722,30185,21391,2868,6377,49026,38743,0,0,1256,143,1397,3512,23675,8225,4399,0,0,33456,21037,210,2325,0,0,0,0,0
889,3563,890.0192828755567,99635,427,267,252,111,80632,45195,1.2628795102122747,207,125,16124,21798,30131,21332,2858,6366,49033,38749,0,0,1253,143,1394,3503,23710,8244,4392,0,0,33452,21014,209,2321,0,0,0,0,0
890,3563,891.268965021076,99633,402,248,253,112,80690,45224,1.2637780655003865,206,135,16223,21879,30066,21281,2849,6344,49040,38755,0,0,1247,142,1390,3498,23737,8275,4387,0,0,33453,20981,208,2315,0,0,0,0,0
891,3563,892.2084580216853,99632,389,240,254,112,80737,45255,1.26457363096194,194,136,16307,21949,30014,21234,2841,6328,49047,38761,0,0,1245,142,1389,3495,23766,8293,4375,0,0,33451,20958,208,2310,0,0,0,0,0
892,3563,893.149909520967,99632,376,243,254,112,80781,45295,1.2654167335795727,186,111,16371,22007,29967,21209,2845,6317,49054,38767,0,0,1239,142,1388,3496,23787,8310,4363,0,0,33458,20933,208,2308,0,0,0,0,0
893,3563,894.0931276294451,99631,369,242,254,113,80822,45317,1.2660617679236381,181,104,16451,22072,29898,21164,2846,6304,49061,38773,0,0,1235,142,1388,3491,23807,8326,4358,0,0,33449,20920,208,2307,0,0,0,0,0
894,3563,895.0387521810352,99631,377,233,254,113,80865,45337,1.2666941012335518,182,103,16531,22156,29816,21105,2839,6289,49068,38779,0,0,1232,142,1388,3487,23830,8337,4351,0,0,33449,20905,208,2302,0,0,0,0,0
895,3563,896.3034566116132,99631,359,226,254,113,80918,45368,1.2675372123134365,190,97,16633,22247,29731,21052,2832,6264,49075,38785,0,0,1227,142,1387,3490,23854,8357,4337,0,0,33453,20880,208,2296,0,0,0,0,0
896,3563,897.2545278711809,99631,361,226,254,113,80959,45398,1.2682498419166726,180,90,16716,22318,29658,21000,2830,6252,49082,38791,0,0,1222,142,1387,3485,23859,8376,4330,0,0,33467,20860,208,2295,0,0,0,0,0
897,3563,898.207923057357,99631,345,220,254,113,80996,45424,1.2688821752265862,175,91,16780,22389,29623,20952,2822,6234,49089,38797,0,0,1221,142,1387,3476,23882,8393,4321,0,0,33474,20836,207,2292,0,0,0,0,0
898,3563,899.1628585149112,99630,340,207,255,113,81035,45442,1.2694670280036133,172,94,16863,22490,29551,20883,2818,6212,49096,38803,0,0,1217,142,1386,3472,23909,8407,4315,0,0,33464,20821,207,2290,0,0,0,0,0
899,3563,900.1201645642705,99630,334,203,255,113,81060,45455,1.269848439225133,191,123,16926,22518,29486,20847,2807,6195,49096,38803,0,0,1216,141,1385,3475,23916,8418,4314,0,0,33461,20809,206,2289,0,0,0,0,0
900,3563,900.1201645642705,99630,337,206,255,113,81073,45465,1.2700792933855265,197,120,16952,22532,29453,20840,2805,6188,49096,38803,0,0,1216,141,1385,3476,23921,8420,4313,0,6,33457,20803,205,2287,0,0,0,0,0
901,3563,901.080303342748,99630,350,207,255,113,81121,45491,1.2708220415537488,177,115,17057,22602,29364,20798,2796,6164,49096,38803,0,0,1215,141,1383,3477,23939,8432,4309,1,17,33437,20792,205,2282,0,0,0,0,0
902,3563,902.0433312949528,99630,364,214,255,113,81166,45525,1.2716149754090134,175,118,17132,22653,29287,20758,2786,6143,49096,38803,0,0,1213,141,1383,3477,23958,8440,4306,3,34,33416,20775,205,2279,0,0,0,0,0
903,3563,903.0089316231486,99630,348,224,255,113,81213,45563,1.2724681320887283,195,103,17194,22734,29232,20707,2775,6118,49096,38803,0,0,1208,140,1383,3477,23990,8453,4302,8,54,33383,20755,204,2273,0,0,0,0,0
904,3563,904.2992630693105,99628,340,224,257,113,81275,45601,1.2734974103665637,196,117,17316,22831,29133,20640,2757,6074,49096,38803,0,0,1204,140,1380,3482,24002,8473,4294,12,90,33357,20718,204,2272,0,0,0,0,0
905,3563,905.2697667952889,99628,345,218,257,113,81327,45627,1.274280322800819,194,132,17391,22897,29070,20589,2742,6050,49096,38803,0,0,1198,139,1377,3484,24016,8489,4290,18,110,33334,20698,204,2271,0,0,0,0,0
906,3563,906.2422750566386,99628,337,216,257,113,81371,45665,1.2751033845906774,198,131,17464,22951,29010,20562,2733,6026,49096,38803,0,0,1194,139,1376,3485,24039,8505,4284,22,133,33304,20675,204,2268,0,0,0,0,0
907,3563,907.217029762711,99628,356,220,257,113,81420,45696,1.2759063717027341,200,129,17560,23005,28905,20523,2721,6009,49096,38803,0,0,1193,139,1373,3486,24051,8517,4281,23,149,33287,20659,204,2266,0,0,0,0,0
908,3563,908.1948960282273,99628,351,222,257,113,81474,45729,1.276779620187096,201,127,17645,23079,28844,20475,2701,5983,49096,38803,0,0,1192,139,1368,3486,24080,8532,4274,24,169,33257,20639,204,2264,0,0,0,0,0
909,3563,909.1749370478337,99628,346,224,257,113,81523,45766,1.2776428313325572,215,124,17722,23148,28774,20437,2685,5953,49096,38803,0,0,1192,138,1366,3488,24104,8546,4270,24,199,33227,20609,204,2261,0,0,0,0,0
910,3563,910.157215314622,99628,340,207,257,113,81576,45791,1.2784257437668125,216,136,17788,23223,28728,20394,2670,5926,49096,38803,0,0,1192,138,1365,3493,24125,8564,4261,24,229,33198,20579,201,2259,0,0,0,0,0
911,3563,911.1415238861329,99628,340,211,257,113,81627,45823,1.2792588428955716,218,136,17874,23287,28655,20350,2655,5902,49096,38803,0,0,1188,138,1365,3492,24135,8582,4258,28,249,33176,20559,201,2257,0,0,0,0,0
912,3563,912.127958862992,99628,361,215,257,113,81691,45854,1.280212390091139,191,139,17956,23352,28585,20310,2649,5870,49096,38803,0,0,1187,137,1365,3490,24157,8592,4255,29,270,33151,20538,201,2256,0,0,0,0,0
913,3563,913.1167835981971,99628,343,213,257,113,81743,45884,1.2810354518809972,195,143,18030,23424,28542,20268,2632,5838,49096,38803,0,0,1186,137,1363,3490,24185,8613,4250,30,292,33115,20516,200,2251,0,0,0,0,0
914,3563,914.1073925824576,99628,351,225,257,113,81800,45922,1.2819889990765647,180,140,18122,23479,28470,20219,2619,5823,49096,38803,0,0,1183,137,1361,3488,24203,8625,4247,33,314,33094,20494,200,2249,0,0,0,0,0
915,3563,915.100448828766,99628,355,217,257,113,81839,45952,1.282681575460714,192,142,18193,23558,28399,20170,2603,5799,49096,38803,0,0,1179,137,1361,3488,24216,8637,4243,37,340,33075,20468,200,2247,0,0,0,0,0
916,3563,916.0958001116005,99628,347,208,257,113,81880,45978,1.2833540771670615,204,147,18268,23619,28329,20134,2594,5778,49096,38803,0,0,1178,137,1359,3484,24240,8654,4240,38,362,33045,20446,200,2245,0,0,0,0,0
917,3563,917.0936710052778,99628,344,211,257,113,81927,46012,1.284167101618019,203,137,18344,23692,28263,20095,2588,5751,49096,38803,0,0,1176,137,1357,3485,24261,8669,4236,40,381,33021,20427,200,2238,0,0,0,0,0
918,3563,918.0940281928849,99628,334,217,257,113,81985,46039,1.2850202754245794,201,136,18413,23782,28215,20030,2579,5721,49096,38803,0,0,1175,137,1356,3482,24277,8694,4233,41,397,32989,20411,199,2237,0,0,0,0,0
919,3563,919.0962848608467,99628,326,218,257,113,82026,46073,1.2857730758421326,223,131,18486,23848,28135,19993,2572,5696,49096,38803,0,0,1173,135,1356,3487,24293,8711,4226,43,416,32964,20392,198,2234,0,0,0,0,0
920,3563,920.1008995858914,99628,332,219,257,113,82082,46105,1.2866563616653952,205,132,18552,23904,28088,19960,2565,5671,49096,38803,0,0,1173,135,1355,3486,24295,8733,4223,43,443,32946,20365,198,2233,0,0,0,0,0
921,3563,921.1074286291347,99628,348,218,257,113,82135,46133,1.2874693861163529,200,131,18624,23969,28020,19925,2550,5643,49096,38803,0,0,1173,135,1354,3484,24313,8744,4220,43,461,32924,20347,198,2232,0,0,0,0,0
922,3563,922.1164315548152,99627,344,228,258,113,82181,46168,1.2882953416242584,201,131,18710,24032,27949,19871,2537,5624,49096,38803,0,0,1173,134,1354,3486,24321,8763,4217,43,481,32900,20327,198,2230,0,0,0,0,0
923,3563,923.128070093125,99627,337,212,258,113,82224,46188,1.2889277003222017,211,143,18785,24123,27881,19804,2527,5604,49096,38803,0,0,1171,133,1352,3481,24352,8779,4214,45,496,32868,20312,198,2226,0,0,0,0,0
924,3563,924.141885123234,99627,338,222,258,113,82278,46227,1.289861182209642,203,130,18860,24178,27824,19767,2516,5589,49096,38803,0,0,1165,133,1351,3478,24382,8789,4211,51,516,32837,20292,198,2224,0,0,0,0,0
925,3563,925.1578702446147,99627,329,232,258,113,82314,46266,1.290613990183384,212,119,18941,24247,27751,19721,2508,5567,49096,38803,0,0,1164,133,1350,3478,24399,8806,4208,52,529,32808,20279,198,2223,0,0,0,0,0
926,3563,926.1764168147296,99627,317,219,258,113,82353,46299,1.2913366858381763,226,119,19001,24314,27699,19687,2498,5547,49096,38803,0,0,1163,133,1348,3484,24417,8825,4199,53,557,32777,20251,198,2222,0,0,0,0,0
927,3563,927.1971044138335,99627,319,212,258,113,82402,46327,1.2921095686912183,231,123,19077,24381,27631,19648,2483,5522,49096,38803,0,0,1160,133,1345,3487,24430,8846,4195,56,573,32751,20234,197,2220,0,0,0,0,0
928,3563,928.2202407038801,99626,332,211,259,113,82460,46360,1.2930359544697168,237,120,19151,24449,27551,19602,2469,5504,49096,38803,0,0,1157,133,1345,3484,24452,8860,4192,59,590,32722,20217,197,2218,0,0,0,0,0
929,3563,929.2462302934422,99626,334,199,259,113,82510,46385,1.2937887699997992,230,116,19246,24540,27472,19550,2458,5481,49096,38803,0,0,1153,132,1342,3483,24475,8876,4187,63,608,32699,20199,197,2212,0,0,0,0,0
930,3563,930.275076666168,99626,350,196,259,113,82569,46419,1.2947222612571017,223,111,19312,24617,27410,19505,2445,5457,49096,38803,0,0,1152,132,1342,3485,24498,8888,4182,64,628,32673,20178,197,2207,0,0,0,0,0
931,3563,931.3061200593247,99626,349,191,259,113,82616,46446,1.295465039246783,244,117,19367,24689,27345,19460,2435,5429,49096,38803,0,0,1150,132,1341,3485,24518,8905,4179,66,647,32645,20159,196,2203,0,0,0,0,0
932,3563,932.3395375330106,99626,359,202,259,113,82677,46481,1.2964286431252885,244,117,19439,24747,27280,19414,2418,5406,49096,38803,0,0,1150,131,1341,3486,24536,8922,4176,66,663,32617,20143,196,2199,0,0,0,0,0
933,3563,933.0296394214428,99626,370,206,259,113,82716,46497,1.296980707847349,246,123,19478,24791,27234,19378,2412,5388,49096,38803,0,0,1149,131,1340,3484,24550,8929,4175,67,670,32601,20136,196,2198,0,0,0,0,0
934,3563,934.066792346631,99625,371,211,259,114,82771,46529,1.297867001254705,248,124,19559,24874,27164,19316,2398,5360,49096,38803,0,0,1147,131,1339,3483,24563,8946,4171,69,694,32578,20112,196,2196,0,0,0,0,0
935,3563,935.1065944389237,99625,374,204,259,114,82835,46557,1.2987904642409034,244,133,19631,24957,27107,19261,2384,5330,49096,38803,0,0,1146,130,1336,3485,24576,8973,4168,70,714,32545,20092,196,2194,0,0,0,0,0
936,3563,936.1486851888577,99625,372,204,259,114,82898,46589,1.2997440401505647,237,135,19709,25021,27049,19219,2373,5306,49096,38803,0,0,1143,130,1335,3491,24604,8985,4158,73,741,32510,20065,196,2194,0,0,0,0,0
937,3563,937.1930845552922,99625,374,208,259,114,82959,46622,1.3006875784190715,234,130,19785,25082,26983,19187,2364,5278,49096,38803,0,0,1139,130,1333,3495,24625,9002,4150,77,758,32483,20048,196,2189,0,0,0,0,0
938,3563,938.2399760576675,99625,375,213,259,114,83016,46661,1.301651191969887,234,130,19868,25161,26906,19129,2357,5252,49096,38803,0,0,1137,130,1332,3495,24655,9017,4143,79,775,32451,20030,196,2185,0,0,0,0,0
939,3563,939.2897551946371,99625,380,204,259,114,83077,46687,1.3025244667503137,225,135,19943,25239,26843,19078,2349,5229,49096,38803,0,0,1134,130,1331,3496,24683,9034,4137,82,790,32415,20014,195,2184,0,0,0,0,0
940,3563,940.3422384052602,99625,360,199,259,114,83126,46710,1.3032471769134253,225,147,20031,25310,26788,19026,2336,5203,49096,38803,0,0,1133,130,1330,3498,24701,9056,4131,83,811,32384,19993,194,2181,0,0,0,0,0
941,3563,941.0451179144013,99625,364,205,259,114,83164,46735,1.303879548306148,225,154,20070,25353,26751,18979,2330,5194,49096,38803,0,0,1132,129,1330,3501,24716,9063,4125,84,822,32368,19981,194,2180,0,0,0,0,0
942,3563,942.1010712023292,99624,364,223,260,114,83223,46775,1.3048863727615836,223,149,20136,25415,26700,18931,2316,5167,49096,38803,0,0,1131,129,1330,3499,24734,9082,4118,85,835,32341,19968,193,2179,0,0,0,0,0
943,3563,943.1591652185057,99624,367,220,260,114,83275,46810,1.305759656307717,222,142,20231,25486,26620,18893,2299,5144,49096,38803,0,0,1130,129,1328,3498,24753,9100,4115,86,855,32315,19946,193,2176,0,0,0,0,0
944,3563,944.2202158899352,99623,354,218,261,114,83321,46849,1.3066259799443904,223,136,20312,25561,26561,18850,2288,5120,49096,38803,0,0,1130,129,1325,3497,24777,9121,4111,86,879,32280,19922,193,2173,0,0,0,0,0
945,3563,945.2839735593473,99623,350,215,261,114,83378,46882,1.3075293857844072,206,135,20393,25625,26510,18810,2279,5100,49096,38803,0,0,1129,129,1325,3499,24781,9150,4108,86,900,32253,19900,193,2170,0,0,0,0,0
946,3563,946.3503604323697,99623,346,209,261,114,83420,46913,1.3082621482990875,221,144,20478,25700,26429,18759,2264,5073,49096,38803,0,0,1128,129,1324,3507,24805,9161,4098,87,919,32225,19880,193,2167,0,0,0,0,0
947,3563,947.0627676609314,99623,349,206,261,114,83450,46931,1.3087439647470966,234,145,20514,25753,26385,18724,2256,5057,49096,38803,0,0,1128,129,1322,3509,24811,9171,4096,87,929,32214,19868,192,2167,0,0,0,0,0
948,3563,948.1335707243899,99622,345,210,262,114,83500,46972,1.3096705546967538,230,143,20593,25817,26322,18690,2247,5025,49096,38803,0,0,1126,128,1320,3509,24824,9193,4093,89,951,32185,19846,192,2166,0,0,0,0,0
949,3563,949.2072149501062,99621,368,198,263,114,83560,47003,1.3105971632487126,225,136,20659,25897,26251,18655,2233,4999,49096,38803,0,0,1124,128,1318,3505,24848,9205,4092,91,974,32156,19822,192,2166,0,0,0,0,0
950,3563,950.2833180149274,99621,372,209,263,114,83613,47042,1.31152066331396,228,136,20735,25971,26182,18596,2219,4973,49096,38803,0,0,1123,127,1317,3508,24866,9219,4086,92,994,32132,19802,191,2164,0,0,0,0,0
951,3563,951.0022728856643,99621,379,205,263,114,83656,47058,1.3121129079210208,221,137,20780,26018,26141,18567,2215,4958,49096,38803,0,0,1120,127,1317,3512,24873,9231,4080,95,1006,32116,19790,191,2163,0,0,0,0,0
952,3563,952.082991399053,99621,383,208,263,114,83714,47093,1.3130464460304554,216,146,20864,26076,26070,18526,2203,4929,49096,38803,0,0,1119,127,1316,3516,24880,9253,4074,96,1029,32094,19766,191,2160,0,0,0,0,0
953,3563,953.1664736935425,99620,382,211,263,115,83764,47130,1.3139329451917285,215,141,20942,26135,26013,18485,2184,4912,49096,38803,0,0,1115,127,1313,3521,24904,9267,4068,100,1044,32068,19748,190,2155,0,0,0,0,0
954,3563,954.2524864930479,99620,380,208,263,115,83826,47162,1.314876530817105,213,144,21043,26204,25929,18441,2171,4887,49096,38803,0,0,1111,126,1312,3521,24917,9294,4061,104,1060,32038,19731,190,2155,0,0,0,0,0
955,3563,955.341832151279,99619,376,208,264,115,83872,47197,1.3157028277738183,227,138,21122,26266,25853,18409,2157,4863,49096,38803,0,0,1110,126,1311,3526,24924,9318,4054,105,1078,32014,19710,190,2153,0,0,0,0,0
956,3563,956.0698186228418,99619,377,225,264,115,83911,47233,1.3164556962025316,224,121,21175,26315,25809,18370,2150,4853,49096,38803,0,0,1110,126,1311,3527,24938,9327,4051,105,1097,31997,19690,189,2151,0,0,0,0,0
957,3563,957.1641412385226,99619,360,212,264,115,83951,47259,1.3171182204197995,240,130,21251,26374,25748,18334,2136,4834,49096,38803,0,0,1109,126,1310,3527,24962,9346,4046,106,1121,31965,19665,189,2147,0,0,0,0,0
958,3563,958.2611186622632,99619,365,217,264,115,84009,47301,1.3181220449914173,250,121,21315,26431,25677,18303,2128,4812,49096,38803,0,0,1107,126,1309,3525,24984,9365,4043,108,1143,31932,19643,189,2145,0,0,0,0,0
959,3563,959.3610314834167,99619,366,213,264,115,84074,47328,1.3190455635973057,249,137,21388,26485,25620,18256,2112,4793,49096,38803,0,0,1106,125,1308,3524,24995,9387,4038,109,1168,31909,19618,189,2143,0,0,0,0,0
960,3563,960.0955626097781,99619,369,219,264,115,84114,47349,1.3196578965859926,240,149,21439,26518,25583,18220,2104,4778,49096,38803,0,0,1104,125,1307,3529,25003,9398,4032,111,1180,31897,19606,188,2139,0,0,0,0,0
961,3563,961.1994632779652,99619,369,237,264,115,84184,47393,1.320802256597637,230,132,21529,26573,25514,18180,2093,4762,49096,38803,0,0,1103,125,1306,3532,25022,9421,4025,112,1199,31861,19587,188,2138,0,0,0,0,0
962,3563,962.3064357337327,99619,389,246,264,115,84249,47435,1.3218763488892682,232,132,21636,26644,25400,18124,2078,4738,49096,38803,0,0,1102,125,1306,3534,25051,9432,4021,113,1217,31825,19569,188,2136,0,0,0,0,0
963,3563,963.0469620049827,99618,392,246,264,116,84287,47460,1.3225220341705315,241,125,21675,26698,25358,18093,2069,4721,49096,38803,0,0,1099,125,1306,3534,25074,9440,4018,116,1228,31802,19555,188,2133,0,0,0,0,0
964,3563,964.1601982986327,99618,400,240,264,116,84358,47493,1.3235660222048224,240,128,21728,26757,25307,18056,2060,4702,49096,38803,0,0,1097,125,1305,3535,25102,9459,4013,118,1253,31765,19529,188,2129,0,0,0,0,0
965,3563,965.2757179253502,99618,414,241,264,116,84423,47529,1.3245798951996628,231,136,21811,26821,25236,18007,2043,4678,49096,38803,0,0,1095,125,1304,3530,25120,9476,4011,120,1276,31739,19506,188,2128,0,0,0,0,0
966,3563,966.0208855117475,99618,407,250,264,116,84457,47561,1.3252424260675781,251,128,21850,26858,25196,17990,2031,4657,49096,38803,0,0,1094,123,1302,3534,25140,9486,4007,121,1288,31717,19493,188,2125,0,0,0,0,0
967,3563,967.1407142784532,99618,395,249,264,116,84524,47596,1.326266337408902,248,149,21910,26899,25165,17952,2017,4634,49096,38803,0,0,1094,123,1299,3531,25169,9509,4001,121,1315,31683,19465,187,2121,0,0,0,0,0
968,3563,968.262195676384,99618,399,258,264,116,84599,47644,1.3275010540263807,217,137,21961,26975,25151,17894,2007,4619,49096,38803,0,0,1091,123,1296,3534,25183,9535,3991,124,1341,31656,19437,187,2120,0,0,0,0,0
969,3563,969.0103412750976,99618,393,257,264,116,84647,47672,1.328263968359132,208,132,22002,27020,25130,17868,2002,4606,49096,38803,0,0,1089,122,1294,3532,25208,9548,3989,126,1359,31628,19419,186,2118,0,0,0,0,0
970,3563,970.1341972536597,99617,371,260,265,116,84702,47709,1.3292008392141903,213,136,22092,27085,25065,17813,1993,4589,49096,38803,0,0,1087,122,1292,3532,25232,9570,3981,128,1384,31596,19394,185,2114,0,0,0,0,0
971,3563,971.2607436653345,99617,353,262,265,116,84748,47738,1.3299537227581637,236,145,22145,27152,25017,17757,1983,4567,49096,38803,0,0,1086,122,1292,3533,25257,9592,3975,129,1393,31556,19385,185,2112,0,0,0,0,0
972,3563,972.013044557729,99617,341,263,265,116,84786,47765,1.3306062218296073,246,143,22193,27193,24978,17733,1976,4551,49096,38803,0,0,1084,122,1292,3532,25281,9605,3972,131,1406,31527,19370,185,2110,0,0,0,0,0
973,3563,973.143608516555,99617,344,270,265,116,84846,47814,1.3317004125801821,251,144,22262,27248,24909,17689,1968,4532,49096,38803,0,0,1082,121,1290,3529,25289,9634,3970,133,1427,31501,19348,185,2108,0,0,0,0,0
974,3563,974.2769064261946,99617,357,273,265,116,84922,47857,1.3328949878032865,241,140,22316,27308,24859,17649,1961,4513,49096,38803,0,0,1080,121,1289,3526,25302,9658,3968,135,1455,31475,19319,184,2105,0,0,0,0,0
975,3563,975.0338439838782,99617,366,265,265,116,84966,47882,1.3335876406637421,237,150,22366,27358,24813,17614,1952,4496,49096,38803,0,0,1080,121,1288,3522,25322,9674,3967,135,1464,31448,19307,184,2105,0,0,0,0,0
976,3563,976.1716848289037,99617,371,270,265,116,85030,47933,1.3347420620978347,235,151,22442,27403,24741,17580,1945,4479,49096,38803,0,0,1076,121,1286,3521,25333,9702,3960,139,1486,31422,19285,184,2102,0,0,0,0,0
977,3563,977.3126632579338,99617,377,273,265,116,85090,47987,1.3358864450846744,239,143,22497,27458,24686,17552,1935,4457,49096,38803,0,0,1075,121,1285,3520,25360,9720,3954,140,1517,31387,19254,184,2100,0,0,0,0,0
978,3563,978.074659047095,99617,383,276,265,116,85139,48020,1.3367095977594186,241,148,22538,27482,24645,17538,1927,4439,49096,38803,0,0,1075,121,1282,3520,25376,9736,3952,139,1535,31365,19235,184,2097,0,0,0,0,0
979,3563,979.2198805150539,99617,391,269,265,116,85211,48061,1.3378439422990052,240,154,22596,27533,24594,17504,1913,4423,49096,38803,0,0,1069,120,1280,3526,25391,9762,3948,144,1559,31332,19208,182,2096,0,0,0,0,0
980,3563,980.3674973266103,99617,405,281,265,116,85277,48101,1.338908017707821,233,155,22654,27606,24536,17450,1906,4391,49096,38803,0,0,1068,119,1280,3525,25402,9783,3944,145,1574,31311,19192,182,2092,0,0,0,0,0
981,3563,981.1338685912377,99617,407,259,265,116,85321,48122,1.3395605167792646,241,166,22684,27634,24504,17453,1898,4371,49096,38803,0,0,1065,119,1278,3522,25426,9800,3941,148,1591,31282,19174,182,2089,0,0,0,0,0
982,3563,982.2853891420937,99617,416,268,265,116,85395,48168,1.340765130449622,260,159,22738,27693,24431,17414,1889,4349,49096,38803,0,0,1062,119,1276,3526,25453,9820,3934,151,1610,31244,19152,181,2089,0,0,0,0,0
983,3563,983.0547233216557,99617,412,264,265,116,85442,48201,1.3415682062298604,264,158,22778,27724,24403,17402,1877,4335,49096,38803,0,0,1059,119,1274,3527,25474,9835,3931,154,1634,31214,19128,180,2088,0,0,0,0,0
984,3563,984.210750601816,99615,431,283,267,116,85528,48255,1.3430005521256838,244,141,22854,27771,24334,17377,1869,4311,49096,38803,0,0,1055,119,1273,3530,25495,9855,3926,158,1658,31182,19102,180,2082,0,0,0,0,0
985,3563,985.3698873397874,99614,458,283,268,116,85618,48304,1.3444094203625996,232,143,22897,27811,24283,17355,1861,4291,49096,38803,0,0,1051,119,1270,3540,25508,9882,3916,162,1683,31151,19077,178,2077,0,0,0,0,0
986,3563,986.1438054397056,99613,466,272,269,116,85660,48321,1.3450152088582816,248,165,22918,27846,24244,17334,1854,4266,49096,38803,0,0,1051,119,1266,3542,25516,9897,3911,162,1698,31134,19062,178,2077,0,0,0,0,0
987,3563,987.3064920245243,99613,471,279,269,116,85736,48363,1.3461997931996827,248,184,22973,27907,24193,17274,1845,4239,49096,38803,0,0,1048,118,1266,3543,25546,9917,3906,165,1717,31096,19041,176,2074,0,0,0,0,0
988,3563,988.0829181990526,99612,473,278,270,116,85786,48396,1.3470465405774406,255,178,23011,27935,24155,17263,1835,4229,49096,38803,0,0,1046,118,1265,3543,25554,9938,3903,167,1738,31074,19018,176,2072,0,0,0,0,0
989,3563,989.2496325117421,99611,470,286,271,116,85864,48457,1.3484554918633485,249,165,23072,27998,24114,17230,1823,4204,49096,38803,0,0,1040,118,1263,3548,25576,9972,3892,173,1760,31029,18996,176,2068,0,0,0,0,0
990,3563,990.0286430077639,99611,466,291,271,116,85914,48487,1.3492586160163034,264,167,23100,28037,24082,17197,1816,4191,49096,38803,0,0,1040,118,1262,3546,25597,9986,3885,173,1781,31007,18975,176,2065,0,0,0,0,0
991,3563,991.1988644003777,99611,472,301,271,116,86002,48550,1.350774512855006,241,143,23173,28107,24034,17166,1808,4166,49096,38803,0,0,1037,118,1261,3545,25620,10018,3880,175,1812,30970,18942,176,2057,0,0,0,0,0
992,3563,992.3715002452248,99610,476,291,271,117,86079,48599,1.3520530067262324,250,147,23220,28147,23985,17148,1797,4149,49096,38803,0,0,1030,118,1256,3547,25650,10042,3873,182,1847,30925,18907,176,2057,0,0,0,0,0
993,3563,993.1545766066292,99609,468,293,272,117,86122,48629,1.3527994458332078,258,150,23266,28170,23944,17132,1791,4137,49096,38803,0,0,1027,118,1255,3548,25669,10058,3870,184,1860,30900,18890,176,2054,0,0,0,0,0
994,3563,994.3315187202073,99609,486,284,272,117,86215,48680,1.3542450983344878,260,143,23332,28222,23875,17117,1774,4116,49096,38803,0,0,1026,118,1253,3553,25702,10087,3861,185,1888,30850,18860,176,2050,0,0,0,0,0
995,3563,995.1178957891428,99609,478,272,272,117,86269,48701,1.3549980423455712,268,143,23378,28262,23843,17102,1760,4103,49096,38803,0,0,1021,118,1253,3553,25723,10107,3858,190,1909,30815,18839,176,2047,0,0,0,0,0
996,3563,996.2998053594977,99609,483,276,272,117,86346,48743,1.3561927135098235,271,152,23456,28307,23765,17064,1752,4083,49096,38803,0,0,1020,118,1252,3553,25743,10137,3852,191,1923,30780,18822,175,2043,0,0,0,0,0
997,3563,997.0896430943558,99609,478,274,272,117,86392,48768,1.3569055005069823,284,160,23501,28332,23719,17048,1745,4068,49096,38803,0,0,1020,118,1251,3553,25749,10158,3849,191,1938,30761,18805,175,2041,0,0,0,0,0
998,3563,998.2772788369581,99608,489,268,273,117,86480,48814,1.3582643964340213,283,167,23548,28383,23670,17018,1736,4046,49096,38803,0,0,1018,118,1251,3549,25781,10186,3845,193,1966,30713,18775,175,2038,0,0,0,0,0
999,3563,999.0703135476153,99608,492,293,273,117,86538,48864,1.3593486466950446,282,147,23593,28411,23628,16995,1731,4036,49096,38803,0,0,1017,118,1251,3551,25792,10206,3840,194,1984,30690,18756,175,2034,0,0,0,0,0
1000,3563,1000.26202688771,99608,489,296,273,117,86625,48904,1.3606236446871738,284,161,23641,28473,23589,16939,1723,4013,49096,38803,0,0,1013,116,1250,3554,25815,10236,3833,197,2006,30650,18733,175,2030,0,0,0,0,0
1001,3563,1001.0562869520026,99608,490,299,273,117,86670,48936,1.3613966749658661,298,167,23668,28509,23552,16912,1718,3995,49096,38803,0,0,1013,116,1250,3557,25827,10251,3827,197,2028,30632,18710,175,2025,0,0,0,0,0
1002,3563,1002.245894626111,99608,498,308,273,117,86759,48997,1.3629025781061763,300,154,23716,28542,23504,16904,1708,3974,49096,38803,0,0,1006,116,1247,3551,25867,10275,3822,204,2053,30585,18683,175,2024,0,0,0,0,0
1003,3563,1003.0376099083699,99608,498,295,273,117,86808,49027,1.363695687093406,304,156,23753,28567,23468,16904,1703,3960,49096,38803,0,0,1006,116,1247,3555,25885,10290,3815,204,2085,30557,18650,175,2023,0,0,0,0,0
1004,3563,1004.223058049662,99608,517,294,273,117,86902,49069,1.365061039273954,294,172,23807,28603,23419,16873,1689,3940,49096,38803,0,0,1004,114,1246,3559,25908,10313,3810,206,2115,30519,18618,175,2021,0,0,0,0,0
1005,3563,1005.0116688801611,99608,529,287,273,117,86980,49097,1.3661252108264397,281,168,23830,28655,23408,16849,1678,3923,49096,38803,0,0,1004,114,1246,3563,25930,10338,3802,206,2131,30482,18600,175,2017,0,0,0,0,0
1006,3563,1006.1929622976223,99608,530,279,273,117,87068,49142,1.3674604449441812,283,188,23895,28700,23357,16809,1661,3906,49096,38803,0,0,1003,114,1244,3566,25953,10374,3795,207,2153,30437,18575,174,2013,0,0,0,0,0
1007,3563,1007.3711978143679,99608,515,296,273,117,87153,49200,1.36889607260461,300,191,23951,28745,23310,16767,1650,3883,49096,38803,0,0,1002,114,1241,3574,25987,10405,3787,208,2184,30386,18543,173,2004,0,0,0,0,0
1008,3563,1008.1548413838434,99608,503,294,273,117,87203,49238,1.3697795357802587,310,182,23983,28779,23287,16752,1643,3875,49096,38803,0,0,1001,114,1238,3577,26005,10428,3780,208,2209,30356,18517,173,2002,0,0,0,0,0
1009,3563,1009.3284681230481,99608,508,297,273,117,87294,49290,1.3712151634406875,293,189,24031,28809,23257,16729,1637,3858,49096,38803,0,0,999,114,1236,3571,26034,10456,3776,209,2237,30320,18486,172,1998,0,0,0,0,0
1010,3563,1010.1097057279085,99608,513,305,273,117,87356,49328,1.3722190988675609,286,185,24067,28827,23227,16714,1633,3851,49096,38803,0,0,999,114,1236,3572,26047,10476,3770,209,2255,30298,18467,172,1993,0,0,0,0,0
1011,3563,1011.2791952928328,99608,526,303,273,117,87447,49385,1.3737049232993335,279,181,24110,28884,23187,16689,1624,3825,49096,38803,0,0,998,114,1232,3568,26085,10505,3765,210,2279,30250,18439,172,1991,0,0,0,0,0
1012,3563,1012.0575895481123,99608,538,305,273,117,87505,49421,1.3746486226005943,283,190,24140,28913,23143,16663,1622,3811,49096,38803,0,0,997,114,1230,3570,26103,10522,3759,211,2298,30225,18418,172,1989,0,0,0,0,0
1013,3563,1013.2234599786063,99608,519,317,273,117,87586,49487,1.376124407678098,287,170,24183,28979,23124,16623,1613,3793,49096,38803,0,0,994,114,1229,3572,26121,10563,3751,214,2322,30180,18390,172,1986,0,0,0,0,0
1014,3563,1014.3870384214486,99608,523,309,273,117,87669,49536,1.377449602441571,300,178,24237,29032,23060,16585,1606,3778,49096,38803,0,0,993,114,1226,3573,26151,10591,3742,215,2353,30143,18356,171,1980,0,0,0,0,0
1015,3563,1015.16142312926,99608,521,304,273,117,87719,49572,1.378312986908682,311,182,24255,29059,23040,16573,1599,3764,49096,38803,0,0,993,114,1225,3572,26162,10617,3738,215,2374,30113,18335,171,1979,0,0,0,0,0
1016,3563,1016.3213795355928,99607,528,315,274,117,87819,49627,1.3798829399540193,297,183,24316,29098,23000,16536,1584,3750,49096,38803,0,0,989,114,1222,3574,26189,10654,3731,217,2387,30064,18321,171,1974,0,0,0,0,0
1017,3563,1017.0931942468138,99605,532,307,275,118,87885,49660,1.3809045730636011,287,194,24330,29142,22994,16506,1581,3732,49096,38803,0,0,988,114,1219,3572,26209,10675,3728,218,2416,30032,18292,171,1971,0,0,0,0,0
1018,3563,1018.2495643022991,99605,529,312,275,118,87967,49710,1.3822298077405752,301,186,24379,29178,22943,16488,1572,3717,49096,38803,0,0,988,114,1219,3575,26244,10701,3720,218,2439,29984,18265,170,1968,0,0,0,0,0
1019,3563,1019.0192220873781,99605,535,310,275,118,88028,49751,1.383253852718237,297,175,24415,29203,22911,16484,1566,3709,49096,38803,0,0,987,113,1213,3574,26277,10715,3716,219,2458,29957,18242,169,1965,0,0,0,0,0
1020,3563,1020.1717202196281,99604,525,327,275,119,88105,49811,1.3846431870206015,298,166,24455,29250,22888,16445,1558,3692,49096,38803,0,0,985,113,1209,3572,26311,10743,3711,221,2477,29913,18218,169,1962,0,0,0,0,0
1021,3563,1021.322230359871,99604,517,309,275,119,88185,49855,1.3858881169430946,316,164,24518,29281,22823,16446,1550,3680,49096,38803,0,0,984,113,1207,3571,26348,10771,3702,222,2510,29867,18182,169,1958,0,0,0,0,0
1022,3563,1022.0876377278909,99603,521,318,276,119,88243,49899,1.386926096603516,323,153,24532,29318,22802,16421,1545,3670,49096,38803,0,0,983,113,1206,3570,26365,10791,3697,223,2527,29840,18164,169,1955,0,0,0,0,0
1023,3563,1023.2343233332713,99603,523,315,276,119,88343,49947,1.3884119956226217,312,153,24572,29381,22782,16382,1534,3649,49096,38803,0,0,979,113,1206,3570,26402,10825,3691,227,2548,29783,18140,169,1950,0,0,0,0,0
1024,3563,1024.3793071992172,99602,527,285,277,119,88439,49982,1.389741169856027,295,162,24626,29435,22756,16369,1518,3629,49096,38803,0,0,978,113,1200,3576,26431,10859,3678,227,2579,29740,18105,169,1947,0,0,0,0,0
1025,3563,1025.1415527787185,99602,528,286,277,119,88485,50012,1.3905042067428366,311,170,24659,29447,22711,16357,1513,3620,49096,38803,0,0,976,113,1198,3573,26455,10871,3675,229,2596,29715,18086,169,1946,0,0,0,0,0
1026,3563,1026.2827893524156,99602,519,292,277,119,88564,50064,1.3918194413766791,325,170,24690,29489,22688,16326,1500,3603,49096,38803,0,0,974,113,1195,3571,26475,10906,3667,231,2623,29677,18058,169,1943,0,0,0,0,0
1027,3563,1027.0427631373916,99602,523,294,277,119,88622,50098,1.3927431176080802,325,163,24722,29534,22662,16301,1490,3588,49096,38803,0,0,973,113,1195,3578,26486,10927,3656,232,2638,29654,18041,169,1940,0,0,0,0,0
1028,3563,1028.1809378426033,99602,529,299,277,119,88710,50144,1.3940884721190339,304,173,24767,29568,22640,16268,1482,3572,49096,38803,0,0,973,113,1195,3574,26509,10958,3651,231,2658,29618,18018,169,1935,0,0,0,0,0
1029,3563,1029.3170185839592,99602,520,299,277,119,88793,50197,1.3954539065480613,312,181,24808,29609,22609,16241,1473,3550,49096,38803,0,0,970,113,1194,3580,26531,10993,3639,234,2686,29576,17988,168,1930,0,0,0,0,0
1030,3563,1030.0734002749746,99601,557,297,278,119,88872,50222,1.396512083212016,290,181,24850,29657,22558,16210,1466,3535,49096,38803,0,0,968,112,1193,3581,26553,11005,3636,235,2696,29551,17977,166,1928,0,0,0,0,0
1031,3563,1031.2055343881195,99601,537,302,278,119,88947,50282,1.397867491290248,312,167,24882,29713,22531,16195,1459,3503,49096,38803,0,0,965,112,1188,3578,26580,11045,3631,238,2718,29500,17953,166,1927,0,0,0,0,0
1032,3563,1032.3363012809368,99601,548,312,278,119,89034,50343,1.399353420146384,317,164,24901,29738,22502,16180,1453,3486,49096,38803,0,0,963,111,1184,3573,26608,11072,3628,239,2747,29460,17923,166,1927,0,0,0,0,0
1033,3563,1033.0894423254588,99601,544,299,278,119,89093,50365,1.4001666649933233,323,178,24934,29765,22470,16164,1450,3474,49096,38803,0,0,961,111,1183,3572,26639,11091,3622,241,2762,29422,17907,166,1924,0,0,0,0,0
1034,3563,1034.2174272891168,99601,555,296,278,119,89188,50416,1.4016325137297818,319,175,24975,29814,22433,16141,1439,3454,49096,38803,0,0,959,111,1182,3570,26664,11123,3617,242,2790,29376,17878,166,1923,0,0,0,0,0
1035,3563,1035.3437034608994,99601,558,286,278,119,89281,50467,1.4030782823465628,310,176,25012,29855,22409,16128,1432,3435,49096,38803,0,0,959,110,1180,3577,26699,11153,3605,241,2826,29326,17841,165,1919,0,0,0,0,0
1036,3563,1036.0936912461896,99601,575,287,278,119,89345,50508,1.4041324886296322,305,175,25030,29882,22386,16110,1425,3426,49096,38803,0,0,959,108,1180,3579,26714,11173,3602,241,2846,29300,17820,164,1915,0,0,0,0,0
1037,3563,1037.217306654863,99601,568,276,278,119,89427,50555,1.405427656348832,306,180,25060,29917,22373,16094,1414,3413,49096,38803,0,0,956,108,1177,3576,26732,11215,3597,244,2868,29261,17792,164,1911,0,0,0,0,0
1038,3563,1038.3397129804466,99601,574,292,278,119,89519,50611,1.406913585204968,296,172,25118,29969,22331,16044,1402,3403,49096,38803,0,0,955,108,1175,3573,26749,11250,3594,243,2892,29226,17766,162,1908,0,0,0,0,0
1039,3563,1039.0865018133288,99600,571,290,279,119,89586,50646,1.4079518072289157,281,169,25154,30003,22317,16023,1397,3395,49096,38803,0,0,953,108,1174,3572,26773,11275,3589,245,2908,29188,17748,162,1905,0,0,0,0,0
1040,3563,1040.2048881712747,99600,573,296,279,119,89670,50699,1.4093273092369478,263,171,25204,30056,22289,15979,1391,3378,49096,38803,0,0,950,108,1171,3570,26802,11304,3581,248,2929,29152,17723,162,1900,0,0,0,0,0
1041,3563,1041.3214322158208,99600,553,290,279,119,89735,50743,1.4104216867469879,282,192,25240,30076,22262,15969,1383,3353,49096,38803,0,0,947,108,1169,3571,26836,11331,3571,251,2954,29107,17694,162,1899,0,0,0,0,0
1042,3563,1042.0646934451092,99600,543,291,279,119,89795,50771,1.4113052208835342,277,190,25258,30099,22264,15956,1378,3344,49096,38803,0,0,946,108,1167,3571,26839,11359,3566,252,2977,29087,17670,162,1896,0,0,0,0,0
1043,3563,1043.178577505688,99599,535,306,279,120,89876,50826,1.4126848663139189,286,179,25308,30145,22225,15920,1366,3329,49096,38803,0,0,942,108,1166,3575,26868,11387,3555,256,2996,29047,17646,161,1892,0,0,0,0,0
1044,3563,1044.2903534409686,99598,536,311,280,120,89954,50884,1.4140645394485833,281,152,25354,30199,22190,15904,1358,3313,49096,38803,0,0,941,108,1163,3577,26888,11418,3549,257,3020,29010,17619,160,1888,0,0,0,0,0
1045,3563,1045.0305514863214,99598,539,306,280,120,90003,50913,1.4148476877045724,299,162,25370,30223,22156,15891,1355,3297,49096,38803,0,0,939,108,1161,3580,26898,11440,3543,259,3032,28986,17604,160,1888,0,0,0,0,0
1046,3563,1046.1395249701877,99598,557,320,280,120,90095,50963,1.4162734191449629,291,166,25402,30241,22120,15860,1349,3292,49096,38803,0,0,936,108,1161,3583,26914,11469,3536,260,3046,28952,17588,160,1885,0,0,0,0,0
1047,3563,1047.247098874738,99597,543,329,280,121,90174,51015,1.4176029398475858,298,162,25429,30285,22107,15830,1342,3272,49096,38803,0,0,933,108,1160,3584,26940,11498,3526,263,3072,28909,17560,160,1884,0,0,0,0,0
1048,3563,1048.3533532289832,99595,544,328,282,121,90270,51060,1.419047140920729,274,183,25473,30317,22089,15794,1337,3256,49096,38803,0,0,930,108,1158,3577,26978,11528,3524,266,3094,28861,17531,160,1880,0,0,0,0,0
1049,3563,1049.0898178497066,99594,571,327,282,122,90335,51097,1.4200855473221279,270,183,25499,30342,22048,15782,1329,3243,49096,38803,0,0,926,108,1157,3576,26998,11537,3523,269,3118,28839,17506,159,1878,0,0,0,0,0
1050,3563,1050.192627929214,99593,553,326,283,122,90415,51147,1.421405118833653,269,196,25547,30370,22023,15759,1324,3226,49096,38803,0,0,924,108,1154,3573,27040,11569,3517,271,3137,28789,17483,157,1871,0,0,0,0,0
1051,3563,1051.2936359580513,99593,566,320,283,122,90493,51196,1.422680308857048,270,195,25594,30405,21973,15746,1313,3211,49096,38803,0,0,922,108,1152,3575,27058,11596,3510,273,3166,28758,17451,157,1867,0,0,0,0,0
1052,3563,1052.0265301259765,99593,544,315,283,122,90534,51230,1.4234333738314942,278,200,25609,30417,21973,15747,1312,3198,49096,38803,0,0,920,108,1152,3573,27078,11620,3504,275,3179,28726,17435,157,1866,0,0,0,0,0
1053,3563,1053.1248277697398,99593,524,326,283,122,90597,51284,1.4246081551916299,297,200,25644,30441,21949,15725,1302,3185,49096,38803,0,0,916,108,1151,3568,27099,11652,3501,279,3200,28690,17410,157,1862,0,0,0,0,0
1054,3563,1054.2218003128287,99593,502,309,283,122,90666,51322,1.4256825278885061,304,214,25685,30482,21935,15707,1290,3165,49096,38803,0,0,913,108,1148,3571,27117,11691,3492,282,3226,28649,17380,157,1859,0,0,0,0,0
1055,3563,1055.3172646602804,99593,522,314,283,122,90759,51378,1.4271786169710723,282,209,25718,30521,21913,15688,1281,3145,49096,38803,0,0,910,108,1148,3572,27128,11726,3485,285,3247,28612,17357,157,1858,0,0,0,0,0
1056,3563,1056.046752337545,99593,510,319,283,122,90808,51410,1.427991927143474,284,216,25740,30541,21909,15663,1273,3138,49096,38803,0,0,910,108,1146,3574,27159,11740,3475,285,3261,28582,17342,157,1854,0,0,0,0,0
1057,3563,1057.1399119937714,99593,520,334,283,122,90882,51466,1.429297239765847,301,203,25759,30586,21872,15631,1264,3123,49096,38803,0,0,909,108,1145,3571,27180,11764,3470,286,3281,28548,17320,157,1854,0,0,0,0,0
1058,3563,1058.231804626801,99593,515,350,283,122,90954,51529,1.4306527567198497,311,213,25816,30620,21816,15590,1258,3104,49096,38803,0,0,908,107,1143,3574,27177,11805,3467,287,3303,28520,17296,153,1853,0,0,0,0,0
1059,3563,1059.3213134342411,99593,525,346,283,122,91043,51578,1.4320383962728305,306,223,25840,30648,21793,15572,1252,3088,49096,38803,0,0,907,107,1143,3566,27211,11834,3464,288,3325,28477,17270,153,1848,0,0,0,0,0
1060,3563,1060.0468212191552,99592,511,335,284,122,91094,51612,1.4329062575307254,314,222,25859,30665,21787,15572,1244,3083,49096,38803,0,0,905,106,1141,3566,27231,11862,3458,289,3343,28443,17251,152,1845,0,0,0,0,0
1061,3563,1061.1340032683345,99592,526,349,284,122,91193,51671,1.4344927303397863,293,208,25910,30697,21749,15553,1237,3070,49096,38803,0,0,904,106,1140,3567,27250,11894,3450,290,3364,28407,17228,152,1840,0,0,0,0,0
1062,3563,1062.2195725655283,99592,520,361,284,122,91266,51736,1.4358783838059281,302,195,25950,30726,21710,15536,1233,3059,49096,38803,0,0,904,106,1138,3577,27271,11922,3436,290,3390,28369,17199,151,1839,0,0,0,0,0
1063,3563,1063.3035078184491,99592,508,336,284,122,91344,51777,1.437073258896297,301,205,25993,30756,21687,15538,1226,3042,49096,38803,0,0,902,105,1134,3580,27297,11960,3430,290,3418,28324,17167,150,1835,0,0,0,0,0
1064,3563,1064.0252202184352,99591,503,340,285,122,91392,51815,1.4379512204918115,301,202,26016,30771,21670,15532,1224,3032,49096,38803,0,0,901,104,1129,3582,27319,11978,3424,291,3431,28297,17151,150,1834,0,0,0,0,0
1065,3563,1065.1064348210066,99590,509,330,285,123,91468,51858,1.4391605582889848,307,205,26053,30799,21627,15520,1218,3022,49096,38803,0,0,901,104,1127,3585,27318,12018,3419,291,3454,28268,17124,150,1831,0,0,0,0,0
1066,3563,1066.1859668986622,99590,518,337,285,123,91552,51911,1.4405361984134952,295,206,26088,30844,21597,15493,1216,2996,49096,38803,0,0,899,104,1127,3587,27349,12044,3411,292,3473,28221,17103,149,1831,0,0,0,0,0
1067,3563,1067.2640033322227,99589,518,333,286,123,91645,51973,1.4421070600166686,273,189,26126,30888,21583,15489,1213,2977,49096,38803,0,0,893,104,1127,3588,27391,12071,3403,298,3505,28164,17070,149,1826,0,0,0,0,0
1068,3563,1068.3408379309233,99588,522,339,286,124,91722,52023,1.4433967947945536,281,188,26164,30921,21544,15462,1202,2965,49096,38803,0,0,892,103,1123,3590,27394,12107,3399,299,3526,28138,17045,147,1825,0,0,0,0,0
1069,3563,1069.057875160211,99588,517,336,286,124,91771,52046,1.4441197734666826,283,190,26183,30947,21530,15447,1200,2955,49096,38803,0,0,891,103,1123,3588,27409,12127,3396,299,3537,28109,17034,147,1825,0,0,0,0,0
1070,3563,1070.1325006447994,99587,504,346,287,124,91838,52108,1.4454296243485596,299,184,26205,30982,21510,15422,1194,2941,49096,38803,0,0,890,103,1122,3587,27429,12159,3391,300,3563,28069,17004,147,1823,0,0,0,0,0
1071,3563,1071.20587632079,99587,500,334,287,124,91909,52146,1.446524144717684,306,201,26242,31002,21473,15410,1191,2928,49096,38803,0,0,889,102,1120,3589,27468,12180,3382,300,3581,28026,16984,147,1819,0,0,0,0,0
1072,3563,1072.277632183066,99587,516,345,287,124,92007,52206,1.4481106971793507,288,200,26288,31027,21436,15394,1184,2909,49096,38803,0,0,886,101,1119,3585,27485,12218,3380,303,3601,27983,16961,147,1818,0,0,0,0,0
1073,3563,1073.3475062392592,99586,511,353,288,124,92088,52265,1.4495310585825316,271,194,26342,31061,21412,15377,1175,2890,49096,38803,0,0,885,101,1116,3586,27514,12249,3372,303,3620,27940,16938,146,1816,0,0,0,0,0
1074,3563,1074.0597097596947,99586,508,359,288,124,92133,52304,1.4503745506396482,279,188,26354,31073,21399,15376,1171,2879,49096,38803,0,0,883,101,1116,3588,27520,12274,3368,305,3630,27916,16925,146,1814,0,0,0,0,0
1075,3563,1075.1270971458284,99586,480,364,288,124,92201,52363,1.4516498302974314,277,190,26381,31084,21410,15374,1163,2863,49096,38803,0,0,880,100,1114,3592,27541,12308,3360,308,3662,27875,16891,145,1810,0,0,0,0,0
1076,3563,1076.193582817529,99586,477,355,288,124,92265,52408,1.452744361657261,307,194,26404,31119,21368,15361,1155,2846,49096,38803,0,0,880,99,1110,3589,27565,12339,3356,308,3681,27840,16869,144,1806,0,0,0,0,0
1077,3563,1077.2591319202736,99586,488,352,288,124,92355,52461,1.4541803064687808,291,198,26442,31142,21341,15350,1149,2833,49096,38803,0,0,880,99,1108,3591,27600,12367,3349,308,3701,27795,16846,142,1800,0,0,0,0,0
1078,3563,1078.323301430185,99586,498,340,288,124,92442,52514,1.455586126563975,280,205,26488,31150,21302,15355,1143,2825,49096,38803,0,0,877,99,1105,3596,27636,12394,3338,309,3728,27750,16814,142,1798,0,0,0,0,0
1079,3563,1079.0317327975336,99586,492,346,288,124,92483,52551,1.45636936918844,291,222,26499,31150,21290,15337,1139,2820,49096,38803,0,0,875,99,1105,3596,27650,12414,3336,311,3740,27722,16800,141,1797,0,0,0,0,0
1080,3563,1080.0933598349056,99585,491,345,288,125,92572,52606,1.4578299944770798,284,221,26527,31189,21280,15317,1129,2802,49096,38803,0,0,871,98,1103,3591,27674,12451,3331,314,3761,27681,16773,141,1796,0,0,0,0,0
1081,3563,1081.153881562655,99584,485,330,289,125,92645,52657,1.4590898136246786,282,236,26566,31208,21256,15309,1121,2791,49096,38803,0,0,867,98,1102,3588,27699,12481,3329,318,3801,27637,16730,141,1793,0,0,0,0,0
1082,3563,1082.2129705807397,99584,493,342,289,125,92720,52716,1.460435411311054,272,222,26604,31251,21229,15283,1112,2776,49096,38803,0,0,866,97,1102,3585,27720,12508,3327,319,3827,27597,16704,141,1791,0,0,0,0,0
1083,3563,1083.2705381186977,99584,500,337,289,125,92797,52767,1.4617207583547558,273,236,26627,31279,21202,15258,1108,2764,49096,38803,0,0,865,97,1100,3583,27743,12541,3324,319,3854,27551,16676,141,1790,0,0,0,0,0
1084,3563,1084.3270497255858,99583,502,351,290,125,92871,52822,1.4630308385969493,289,228,26661,31315,21154,15228,1103,2752,49096,38803,0,0,864,97,1098,3588,27762,12568,3318,319,3871,27519,16653,138,1788,0,0,0,0,0
1085,3563,1085.0305051365774,99583,493,335,290,125,92915,52847,1.4637237279455328,287,241,26698,31326,21132,15229,1099,2743,49096,38803,0,0,864,97,1097,3589,27769,12594,3314,318,3894,27496,16629,138,1784,0,0,0,0,0
1086,3563,1086.0842840456412,99582,496,346,291,125,93000,52910,1.4652246389909822,286,227,26731,31353,21102,15216,1093,2732,49096,38803,0,0,862,97,1095,3597,27788,12630,3303,320,3912,27451,16608,138,1781,0,0,0,0,0
1087,3563,1087.1365697253184,99582,492,369,291,125,93068,52968,1.4664899278986163,305,220,26762,31388,21061,15184,1088,2713,49096,38803,0,0,862,97,1095,3596,27788,12667,3297,320,3928,27427,16588,138,1779,0,0,0,0,0
1088,3563,1088.1873409498987,99582,515,381,291,125,93161,53039,1.4681368118736318,308,206,26775,31409,21030,15173,1080,2705,49096,38803,0,0,860,97,1094,3596,27805,12701,3290,322,3949,27396,16560,138,1774,0,0,0,0,0
1089,3563,1089.2372580512892,99582,522,361,291,125,93248,53081,1.4694322267076378,293,212,26782,31448,21036,15166,1075,2687,49096,38803,0,0,859,97,1093,3598,27837,12732,3284,322,3970,27352,16530,138,1770,0,0,0,0,0
1090,3563,1090.2869815748606,99582,511,358,291,125,93323,53137,1.470747725492559,284,214,26822,31482,21021,15150,1070,2670,49096,38803,0,0,859,97,1091,3594,27853,12777,3280,321,3990,27308,16507,138,1767,0,0,0,0,0
1091,3563,1091.3356828169974,99582,502,359,291,125,93398,53190,1.4720330983511076,279,204,26835,31519,21025,15130,1067,2662,49096,38803,0,0,859,97,1089,3595,27888,12808,3273,320,4001,27263,16487,138,1764,0,0,0,0,0
1092,3563,1092.0345555737947,99582,508,368,291,125,93455,53233,1.4730372958968487,263,192,26861,31538,21015,15120,1061,2656,49096,38803,0,0,856,97,1089,3600,27902,12829,3263,323,4012,27237,16474,138,1762,0,0,0,0,0
1093,3563,1093.0819204558734,99582,518,353,291,125,93522,53276,1.4741419131971643,272,204,26884,31572,20980,15105,1054,2640,49096,38803,0,0,848,97,1087,3601,27917,12854,3257,331,4041,27207,16443,138,1761,0,0,0,0,0
1094,3563,1094.1280900056604,99582,526,353,291,125,93613,53332,1.4756180835894037,249,204,26916,31600,20968,15093,1049,2624,49096,38803,0,0,843,96,1086,3601,27939,12883,3251,334,4074,27171,16408,138,1758,0,0,0,0,0
