,indexID,time,N,Inf_L,Inf_H,Dead_L,Dead_H,cum_cases_L,cum_cases_H,cum_sum_per_N,Exposed_L,Exposed_H,Sus_L,Sus_H,Rec_nat_L,Rec_nat_H,Rec_vax_L,Rec_vax_H,vaccinatedH,vaccinatedL,boostedH,boostedL,count_Naive,count_Delta,count_Delta_vaccine,count_two,count_three,count_four,count_Omicron,count_Omicron_star,count_Omicron_star_vaccine,count_Omicron_vaccine,count_Vaccine,count_WT,count_WT_vaccine,count_WT_vaccine_boost,count_Omicron_vaccine_boost,count_Delta_vaccine_boost,count_Omicron_star_vaccine_boost,count_Vaccine_boost
0,1858,1.006391175785513,99996,4,7,0,0,4,7,0.00011000440017600704,21,18,49973,49973,0,0,0,0,0,0,0,0,99996,0,0,0,0,0,0,0,0,0,0,0,0,0,0,0,0,0
1,1858,2.0258255026233982,99996,10,10,0,0,11,11,0.00022000880035201407,15,15,49972,49972,1,1,0,0,0,0,0,0,99994,0,0,0,0,0,0,0,0,0,0,2,0,0,0,0,0,0
2,1858,3.0477105907506443,99996,9,11,0,0,12,12,0.00024000960038401536,16,15,49970,49971,3,1,0,0,0,0,0,0,99992,0,0,0,0,0,0,0,0,0,0,4,0,0,0,0,0,0
3,1858,4.006377591104837,99996,8,15,0,0,13,17,0.0003000120004800192,16,11,49969,49970,5,2,0,0,0,0,0,0,99989,0,0,0,0,0,0,0,0,0,0,7,0,0,0,0,0,0
4,1858,5.056998976000218,99996,8,15,0,0,16,19,0.0003500140005600224,16,10,49966,49969,8,4,0,0,0,0,0,0,99984,0,0,0,0,0,0,0,0,0,0,12,0,0,0,0,0,0
5,1858,6.023719039718759,99996,8,15,0,0,19,23,0.0004200168006720269,15,7,49964,49968,11,8,0,0,0,0,0,0,99977,0,0,0,0,0,0,0,0,0,0,19,0,0,0,0,0,0
6,1858,7.056338665506986,99996,9,15,0,0,23,25,0.0004800192007680307,15,7,49960,49966,14,10,0,0,0,0,0,0,99972,0,0,0,0,0,0,0,0,0,0,24,0,0,0,0,0,0
7,1858,8.033470825871248,99996,12,15,0,0,27,27,0.0005400216008640345,16,6,49955,49965,15,12,0,0,0,0,0,0,99969,0,0,0,0,0,0,0,0,0,0,27,0,0,0,0,0,0
8,1858,9.006310619966039,99996,17,15,0,0,34,29,0.0006300252010080403,12,4,49952,49965,17,14,0,0,0,0,0,0,99965,0,0,0,0,0,0,0,0,0,0,31,0,0,0,0,0,0
9,1858,10.010068909252178,99996,18,14,0,0,38,29,0.0006700268010720429,12,6,49948,49963,20,15,0,0,0,0,0,0,99961,0,0,0,0,0,0,0,0,0,0,35,0,0,0,0,0,0
10,1858,11.076995148885723,99996,17,13,0,0,40,31,0.0007100284011360454,14,5,49944,49962,23,18,0,0,0,0,0,0,99955,0,0,0,0,0,0,0,0,0,0,41,0,0,0,0,0,0
11,1858,12.29378072130841,99996,20,9,0,0,43,33,0.0007600304012160486,17,5,49938,49960,23,24,0,0,0,0,0,0,99949,0,0,0,0,0,0,0,0,0,0,47,0,0,0,0,0,0
12,1858,13.222366257614814,99996,19,9,0,0,45,33,0.00078003120124805,19,7,49934,49958,26,24,0,0,0,0,0,0,99946,0,0,0,0,0,0,0,0,0,0,50,0,0,0,0,0,0
13,1858,14.238471350046888,99996,19,9,0,0,51,34,0.0008500340013600544,16,7,49931,49957,32,25,0,0,0,0,0,0,99939,0,0,0,0,0,0,0,0,0,0,57,0,0,0,0,0,0
14,1858,15.324501398428353,99996,22,8,0,0,56,34,0.0009000360014400576,16,9,49926,49955,34,26,0,0,0,0,0,0,99936,0,0,0,0,0,0,0,0,0,0,60,0,0,0,0,0,0
15,1858,16.024370936909165,99996,21,8,0,0,59,36,0.0009500380015200608,14,7,49925,49955,38,28,0,0,0,0,0,0,99930,0,0,0,0,0,0,0,0,0,0,66,0,0,0,0,0,0
16,1858,17.182123428539413,99996,22,8,0,0,62,38,0.001000040001600064,11,7,49926,49953,39,30,0,0,0,0,0,0,99926,0,0,0,0,0,0,0,0,0,0,70,0,0,0,0,0,0
17,1858,18.049218938161157,99995,20,7,1,0,63,40,0.0010300515025751288,12,6,49924,49953,41,32,0,0,0,0,0,0,99920,0,0,0,0,0,0,0,0,0,0,75,0,0,0,0,0,0
18,1858,19.128978161406888,99995,20,7,1,0,64,41,0.0010500525026251313,12,9,49923,49950,42,32,0,0,0,0,0,0,99918,0,0,0,0,0,0,0,0,0,0,77,0,0,0,0,0,0
19,1858,20.018561088520674,99995,18,9,1,0,64,45,0.0010900545027251363,16,6,49919,49949,44,34,0,0,0,0,0,0,99914,0,0,0,0,0,0,0,0,0,0,81,0,0,0,0,0,0
20,1858,21.031367524632216,99995,20,10,1,0,70,47,0.0011700585029251463,15,4,49914,49949,48,35,0,0,0,0,0,0,99909,0,0,0,0,0,0,0,0,0,0,86,0,0,0,0,0,0
21,1858,22.071547033903453,99995,21,9,1,0,75,49,0.001240062003100155,13,4,49911,49947,52,38,0,0,0,0,0,0,99902,0,0,0,0,0,0,0,0,0,0,93,0,0,0,0,0,0
22,1858,23.080502145066763,99995,18,8,1,0,76,49,0.0012500625031251563,13,6,49910,49945,56,39,0,0,0,0,0,0,99897,0,0,0,0,0,0,0,0,0,0,98,0,0,0,0,0,0
23,1858,24.036758280079038,99995,16,6,1,0,78,50,0.00128006400320016,13,6,49908,49944,60,42,0,0,0,0,0,0,99890,0,0,0,0,0,0,0,0,0,0,105,0,0,0,0,0,0
24,1858,25.197927932448025,99995,13,5,1,0,81,51,0.001320066003300165,12,5,49907,49944,65,44,0,0,0,0,0,0,99882,0,0,0,0,0,0,0,0,0,0,113,0,0,0,0,0,0
25,1858,26.08753599951824,99995,16,6,1,0,85,52,0.0013700685034251712,11,5,49904,49943,66,44,0,0,0,0,0,0,99881,0,0,0,0,0,0,0,0,0,0,114,0,0,0,0,0,0
26,1858,27.16585869626177,99995,14,7,1,0,86,53,0.0013900695034751737,10,5,49904,49942,69,44,0,0,0,0,0,0,99878,0,0,0,0,0,0,0,0,0,0,117,0,0,0,0,0,0
27,1858,28.24435514083396,99995,13,6,1,0,90,53,0.0014300715035751787,8,5,49903,49942,73,45,0,0,0,0,0,0,99872,0,0,0,0,0,0,0,0,0,0,123,0,0,0,0,0,0
28,1858,29.228235121772574,99995,12,6,1,0,91,54,0.0014500725036251812,10,5,49900,49941,75,46,0,0,0,0,0,0,99869,0,0,0,0,0,0,0,0,0,0,126,0,0,0,0,0,0
29,1858,30.078131461169182,99995,11,7,1,0,94,56,0.0015000750037501875,10,5,49897,49939,79,47,0,0,0,0,0,0,99864,0,0,0,0,0,0,0,0,0,0,131,0,0,0,0,0,0
30,1858,31.21788047810507,99995,9,7,1,0,97,57,0.0015400770038501925,9,4,49895,49939,84,48,0,0,0,0,0,0,99858,0,0,0,0,0,0,0,0,0,0,137,0,0,0,0,0,0
31,1858,32.13468149618404,99995,9,7,1,0,100,58,0.0015800790039501974,7,3,49894,49939,87,49,0,0,0,0,0,0,99854,0,0,0,0,0,0,0,0,0,0,141,0,0,0,0,0,0
32,1858,33.23490064985672,99995,10,5,1,0,101,58,0.0015900795039751987,8,4,49892,49938,87,51,0,0,0,0,0,0,99852,0,0,0,0,0,0,0,0,0,0,143,0,0,0,0,0,0
33,1858,34.031517629065135,99995,10,6,1,0,103,59,0.0016200810040502024,6,4,49893,49938,88,50,0,0,0,0,0,0,99850,0,0,0,0,0,0,0,0,0,0,145,0,0,0,0,0,0
34,1858,35.19506585795211,99995,11,6,1,0,106,60,0.0016600830041502074,3,3,49893,49938,90,51,0,0,0,0,0,0,99847,0,0,0,0,0,0,0,0,0,0,148,0,0,0,0,0,0
35,1858,36.00432621652598,99995,10,5,1,0,107,60,0.0016700835041752087,3,3,49892,49938,92,52,0,0,0,0,0,0,99844,0,0,0,0,0,0,0,0,0,0,151,0,0,0,0,0,0
36,1858,37.06093061163911,99995,10,6,1,0,109,61,0.0017000850042502124,3,2,49890,49938,94,52,0,0,0,0,0,0,99842,0,0,0,0,0,0,0,0,0,0,153,0,0,0,0,0,0
37,1858,38.109345688977996,99995,7,4,1,0,109,61,0.0017000850042502124,4,4,49889,49936,97,54,0,0,0,0,0,0,99837,0,0,0,0,0,0,0,0,0,0,158,0,0,0,0,0,0
38,1858,39.09225504927878,99995,7,6,1,0,112,63,0.0017500875043752187,3,2,49887,49936,100,54,0,0,0,0,0,0,99834,0,0,0,0,0,0,0,0,0,0,161,0,0,0,0,0,0
39,1858,40.07351382991364,99995,7,6,1,0,112,63,0.0017500875043752187,4,2,49888,49936,98,54,0,0,0,0,0,0,99834,0,0,0,0,0,0,0,0,0,0,161,0,0,0,0,0,0
40,1858,41.2566665627275,99995,5,7,1,0,114,66,0.001800090004500225,4,1,49886,49934,102,56,0,0,0,0,0,0,99828,0,0,0,0,0,0,0,0,0,0,167,0,0,0,0,0,0
41,1858,42.147441107663326,99995,6,6,1,0,115,66,0.0018100905045252262,3,1,49886,49934,102,57,0,0,0,0,0,0,99827,0,0,0,0,0,0,0,0,0,0,168,0,0,0,0,0,0
42,1858,43.184929773424855,99995,5,5,1,0,115,66,0.0018100905045252262,3,2,49887,49933,102,58,0,0,0,0,0,0,99825,0,0,0,0,0,0,0,0,0,0,170,0,0,0,0,0,0
43,1858,44.080367446346315,99995,6,5,1,0,117,67,0.00184009200460023,1,3,49887,49931,103,59,0,0,0,0,0,0,99823,0,0,0,0,0,0,0,0,0,0,172,0,0,0,0,0,0
44,1858,45.181449372217344,99995,6,2,1,0,117,67,0.00184009200460023,3,3,49885,49931,103,62,0,0,0,0,0,0,99820,0,0,0,0,0,0,0,0,0,0,175,0,0,0,0,0,0
45,1858,46.15073419985377,99995,6,2,1,0,118,68,0.0018600930046502326,3,3,49884,49930,104,63,0,0,0,0,0,0,99818,0,0,0,0,0,0,0,0,0,0,177,0,0,0,0,0,0
46,1858,47.05695064549905,99995,5,2,1,0,118,68,0.0018600930046502326,4,3,49884,49930,104,63,0,0,0,0,0,0,99817,0,0,0,0,0,0,0,0,0,0,178,0,0,0,0,0,0
47,1858,48.07569709080535,99995,7,3,1,0,120,69,0.0018900945047252364,2,3,49884,49929,104,63,0,0,0,0,0,0,99817,0,0,0,0,0,0,0,0,0,0,178,0,0,0,0,0,0
48,1858,49.03055472643296,99995,7,3,1,0,121,71,0.0019200960048002401,2,1,49883,49929,105,65,0,0,0,0,0,0,99814,0,0,0,0,0,0,0,0,0,0,181,0,0,0,0,0,0
49,1858,50.143783045165655,99995,6,2,1,0,121,71,0.0019200960048002401,2,2,49883,49928,106,66,0,0,0,0,0,0,99812,0,0,0,0,0,0,0,0,0,0,183,0,0,0,0,0,0
50,1858,51.05365030626237,99995,7,3,1,0,123,72,0.0019500975048752439,1,1,49883,49928,106,66,0,0,0,0,0,0,99811,0,0,0,0,0,0,0,0,0,0,184,0,0,0,0,0,0
51,1858,52.1016233890117,99995,7,3,1,0,124,72,0.001960098004900245,1,1,49883,49928,106,66,0,0,0,0,0,0,99810,0,0,0,0,0,0,0,0,0,0,185,0,0,0,0,0,0
52,1858,53.091947608380615,99995,6,3,1,0,124,72,0.001960098004900245,1,1,49883,49928,107,66,0,0,0,0,0,0,99809,0,0,0,0,0,0,0,0,0,0,186,0,0,0,0,0,0
53,1858,54.17549998980943,99995,5,2,1,0,124,72,0.001960098004900245,2,1,49882,49928,108,67,0,0,0,0,0,0,99807,0,0,0,0,0,0,0,0,0,0,188,0,0,0,0,0,0
54,1858,55.16443873653842,99995,4,2,1,0,125,72,0.001970098504925246,1,1,49883,49928,109,67,0,0,0,0,0,0,99805,0,0,0,0,0,0,0,0,0,0,190,0,0,0,0,0,0
55,1858,56.10690976866255,99995,4,2,1,0,126,72,0.0019800990049502476,1,1,49883,49928,109,67,0,0,0,0,0,0,99804,0,0,0,0,0,0,0,0,0,0,191,0,0,0,0,0,0
56,1858,57.174330793548954,99995,4,3,1,0,127,73,0.00200010000500025,1,0,49882,49928,110,67,0,0,0,0,0,0,99803,0,0,0,0,0,0,0,0,0,0,192,0,0,0,0,0,0
57,1858,58.114157488617636,99995,5,3,1,0,128,73,0.002010100505025251,0,0,49883,49930,109,65,0,0,0,0,0,0,99803,0,0,0,0,0,0,0,0,0,0,192,0,0,0,0,0,0
58,1858,59.26923827368429,99995,5,2,1,0,129,73,0.0020201010050502526,0,0,49882,49930,110,66,0,0,0,0,0,0,99801,0,0,0,0,0,0,0,0,0,0,194,0,0,0,0,0,0
59,1858,60.25962368963272,99995,5,2,1,0,129,73,0.0020201010050502526,1,1,49881,49929,110,66,0,0,0,0,0,0,99801,0,0,0,0,0,0,0,0,0,0,194,0,0,0,0,0,0
60,1858,61.26021170697551,99995,5,1,1,0,129,73,0.0020201010050502526,1,1,49881,49929,110,67,0,0,0,0,0,0,99800,0,0,0,0,0,0,0,0,0,0,195,0,0,0,0,0,0
61,1858,62.250608657758896,99995,5,1,1,0,129,73,0.0020201010050502526,1,1,49881,49929,110,67,0,0,0,0,0,0,99800,0,0,0,0,0,0,0,0,0,0,195,0,0,0,0,0,0
62,1858,63.123884268893384,99995,6,2,1,0,130,74,0.002040102005100255,0,0,49882,49930,109,66,0,0,0,0,0,0,99800,0,0,0,0,0,0,0,0,0,0,195,0,0,0,0,0,0
63,1858,64.21339664303353,99995,4,1,1,0,130,74,0.002040102005100255,0,1,49882,49929,111,67,0,0,0,0,0,0,99797,0,0,0,0,0,0,0,0,0,0,198,0,0,0,0,0,0
64,1858,65.28803794455507,99995,4,1,1,0,130,74,0.002040102005100255,1,1,49883,49929,109,67,0,0,0,0,0,0,99797,0,0,0,0,0,0,0,0,0,0,198,0,0,0,0,0,0
65,1858,66.24928547177582,99995,4,2,1,0,131,75,0.0020601030051502576,0,0,49883,49930,110,66,0,0,0,0,0,0,99796,0,0,0,0,0,0,0,0,0,0,199,0,0,0,0,0,0
66,1858,67.03575483768812,99995,3,1,1,0,131,75,0.0020601030051502576,0,0,49883,49930,111,67,0,0,0,0,0,0,99794,0,0,0,0,0,0,0,0,0,0,201,0,0,0,0,0,0
67,1858,68.14710349883052,99995,3,1,1,0,131,75,0.0020601030051502576,1,1,49882,49929,111,67,0,0,0,0,0,0,99794,0,0,0,0,0,0,0,0,0,0,201,0,0,0,0,0,0
68,1858,69.30770780839981,99995,2,1,1,0,131,75,0.0020601030051502576,1,2,49882,49928,112,67,0,0,0,0,0,0,99793,0,0,0,0,0,0,0,0,0,0,202,0,0,0,0,0,0
69,1858,70.2562317644289,99995,3,2,1,0,133,77,0.0021001050052502626,0,0,49881,49928,113,68,0,0,0,0,0,0,99791,0,0,0,0,0,0,0,0,0,0,204,0,0,0,0,0,0
70,1858,71.32196719235681,99995,3,1,1,0,133,77,0.0021001050052502626,2,0,49879,49929,113,68,0,0,0,0,0,0,99790,0,0,0,0,0,0,0,0,0,0,205,0,0,0,0,0,0
71,1858,72.29092288140973,99995,3,0,1,0,134,77,0.0021101055052752636,1,0,49880,49929,113,69,0,0,0,0,0,0,99788,0,0,0,0,0,0,0,0,0,0,207,0,0,0,0,0,0
72,1858,73.28137807054425,99995,4,0,1,0,135,77,0.002120106005300265,0,0,49880,49929,113,69,0,0,0,0,0,0,99788,0,0,0,0,0,0,0,0,0,0,207,0,0,0,0,0,0
73,1858,74.21745897244445,99995,4,0,1,0,135,77,0.002120106005300265,0,0,49881,49929,112,69,0,0,0,0,0,0,99788,0,0,0,0,0,0,0,0,0,0,207,0,0,0,0,0,0
74,1858,75.15081040641888,99995,3,0,1,0,135,77,0.002120106005300265,0,0,49882,49929,112,69,0,0,0,0,0,0,99787,0,0,0,0,0,0,0,0,0,0,208,0,0,0,0,0,0
75,1858,76.1412354774012,99995,3,0,1,0,135,77,0.002120106005300265,1,0,49881,49929,112,69,0,0,0,0,0,0,99787,0,0,0,0,0,0,0,0,0,0,208,0,0,0,0,0,0
76,1858,77.13166073117564,99995,3,0,1,0,135,77,0.002120106005300265,1,0,49881,49929,112,69,0,0,0,0,0,0,99787,0,0,0,0,0,0,0,0,0,0,208,0,0,0,0,0,0
77,1858,78.12208939222316,99995,3,0,1,0,135,77,0.002120106005300265,1,0,49881,49929,112,69,0,0,0,0,0,0,99787,0,0,0,0,0,0,0,0,0,0,208,0,0,0,0,0,0
78,1858,79.11251142158133,99995,3,0,1,0,135,77,0.002120106005300265,2,0,49881,49929,111,69,0,0,0,0,0,0,99787,0,0,0,0,0,0,0,0,0,0,208,0,0,0,0,0,0
79,1858,80.10293040918609,99995,4,0,1,0,136,77,0.002130106505325266,1,0,49881,49929,111,69,0,0,0,0,0,0,99787,0,0,0,0,0,0,0,0,0,0,208,0,0,0,0,0,0
80,1858,81.08201407266239,99995,4,0,1,0,136,77,0.002130106505325266,1,3,49881,49926,111,69,0,0,0,0,0,0,99787,0,0,0,0,0,0,0,0,0,0,208,0,0,0,0,0,0
81,1858,82.06217567916428,99995,3,0,1,0,136,77,0.002130106505325266,1,3,49881,49926,112,69,0,0,0,0,0,0,99786,0,0,0,0,0,0,0,0,0,0,209,0,0,0,0,0,0
82,1858,83.10887263670442,99995,4,2,1,0,137,79,0.00216010800540027,1,1,49880,49926,112,69,0,0,0,0,0,0,99786,0,0,0,0,0,0,0,0,0,0,209,0,0,0,0,0,0
83,1858,84.07930559612478,99995,3,3,1,0,138,80,0.0021801090054502726,0,0,49880,49926,114,69,0,0,0,0,0,0,99784,0,0,0,0,0,0,0,0,0,0,211,0,0,0,0,0,0
84,1858,85.1911090248113,99995,2,3,1,0,138,81,0.0021901095054752736,0,1,49881,49925,114,69,0,0,0,0,0,0,99782,0,0,0,0,0,0,0,0,0,0,213,0,0,0,0,0,0
85,1858,86.28972563550275,99995,2,3,1,0,138,81,0.0021901095054752736,2,1,49880,49925,113,69,0,0,0,0,0,0,99782,0,0,0,0,0,0,0,0,0,0,213,0,0,0,0,0,0
86,1858,87.05595778353862,99995,3,3,1,0,139,81,0.002200110005500275,1,1,49880,49925,113,69,0,0,0,0,0,0,99782,0,0,0,0,0,0,0,0,0,0,213,0,0,0,0,0,0
87,1858,88.31078746297338,99995,1,1,1,0,139,81,0.002200110005500275,1,1,49880,49926,115,70,0,0,0,0,0,0,99778,0,0,0,0,0,0,0,0,0,0,217,0,0,0,0,0,0
88,1858,89.28631827444651,99995,1,1,1,0,140,82,0.0022201110055502776,0,0,49880,49927,116,70,0,0,0,0,0,0,99776,0,0,0,0,0,0,0,0,0,0,219,0,0,0,0,0,0
89,1858,90.07551946024978,99995,1,1,1,0,140,82,0.0022201110055502776,0,0,49880,49927,116,70,0,0,0,0,0,0,99776,0,0,0,0,0,0,0,0,0,0,219,0,0,0,0,0,0
90,1858,91.06598748857185,99995,1,1,1,0,140,82,0.0022201110055502776,0,0,49881,49927,115,70,0,0,0,0,0,0,99776,0,0,0,0,0,0,0,0,0,0,219,0,0,0,0,0,0
91,1858,92.0564422526345,99995,1,1,1,0,140,82,0.0022201110055502776,0,0,49881,49927,115,70,0,0,0,0,0,0,99776,0,0,0,0,0,0,0,0,0,0,219,0,0,0,0,0,0
92,1858,93.04689701669714,99995,1,1,1,0,140,82,0.0022201110055502776,0,0,49881,49927,115,70,0,0,0,0,0,0,99776,0,0,0,0,0,0,0,0,0,0,219,0,0,0,0,0,0
93,1858,94.03735178075979,99995,1,1,1,0,140,82,0.0022201110055502776,0,0,49881,49928,115,69,0,0,0,0,0,0,99776,0,0,0,0,0,0,0,0,0,0,219,0,0,0,0,0,0
94,1858,95.02780650518562,99995,1,1,1,0,140,82,0.0022201110055502776,0,1,49881,49927,115,69,0,0,0,0,0,0,99776,0,0,0,0,0,0,0,0,0,0,219,0,0,0,0,0,0
95,1858,96.0182583957385,99995,1,1,1,0,140,82,0.0022201110055502776,1,1,49880,49928,115,68,0,0,0,0,0,0,99776,0,0,0,0,0,0,0,0,0,0,219,0,0,0,0,0,0
96,1858,97.00871566464714,99995,1,1,1,0,140,82,0.0022201110055502776,1,1,49880,49928,115,68,0,0,0,0,0,0,99776,0,0,0,0,0,0,0,0,0,0,219,0,0,0,0,0,0
97,1858,98.32932989993243,99995,1,2,1,0,140,83,0.0022301115055752786,2,0,49879,49928,115,68,0,0,0,0,0,0,99776,0,0,0,0,0,0,0,0,0,0,219,0,0,0,0,0,0
98,1858,99.30124872507383,99995,1,2,1,0,140,83,0.0022301115055752786,2,0,49879,49928,115,68,0,0,0,0,0,0,99776,0,0,0,0,0,0,0,0,0,0,219,0,0,0,0,0,0
99,1858,100.2917183505216,99995,1,2,1,0,140,83,0.0022301115055752786,2,1,49879,49927,115,68,0,0,0,0,0,0,99776,0,0,0,0,0,0,0,0,0,0,219,0,0,0,0,0,0
100,1858,101.06440254702058,99995,2,2,1,0,141,83,0.00224011200560028,1,1,49879,49927,115,68,0,0,0,0,0,0,99776,0,0,0,0,0,0,0,0,0,0,219,0,0,0,0,0,0
101,1858,102.05486666721565,99995,2,2,1,0,141,83,0.00224011200560028,1,2,49879,49926,115,68,0,0,0,0,0,0,99776,0,0,0,0,0,0,0,0,0,0,219,0,0,0,0,0,0
102,1858,103.02333689593291,99995,1,1,1,0,141,83,0.00224011200560028,2,3,49878,49925,116,69,0,0,0,0,0,0,99774,0,0,0,0,0,0,0,0,0,0,221,0,0,0,0,0,0
103,1858,104.0138158622944,99995,0,0,1,0,141,83,0.00224011200560028,2,4,49878,49924,117,70,0,0,0,0,0,0,99772,0,0,0,0,0,0,0,0,0,0,223,0,0,0,0,0,0
104,1858,105.18167729374427,99995,0,2,1,0,141,85,0.0022601130056502826,2,2,49879,49924,116,70,0,0,0,0,0,0,99772,0,0,0,0,0,0,0,0,0,0,223,0,0,0,0,0,0
105,1858,106.00730789762626,99995,1,2,1,0,142,86,0.002280114005700285,1,1,49879,49924,116,71,0,0,0,0,0,0,99771,0,0,0,0,0,0,0,0,0,0,224,0,0,0,0,0,0
106,1858,107.1602993238844,99995,2,3,1,0,143,87,0.0023001150057502875,0,1,49879,49924,116,70,0,0,0,0,0,0,99771,0,0,0,0,0,0,0,0,0,0,224,0,0,0,0,0,0
107,1858,108.02091474342235,99995,2,3,1,0,143,88,0.0023101155057752886,0,1,49879,49924,116,70,0,0,0,0,0,0,99770,0,0,0,0,0,0,0,0,0,0,225,0,0,0,0,0,0
108,1858,109.17785951624919,99995,2,2,1,0,143,88,0.0023101155057752886,0,1,49881,49924,114,71,0,0,0,0,0,0,99769,0,0,0,0,0,0,0,0,0,0,226,0,0,0,0,0,0
109,1858,110.07713008899736,99994,1,1,1,1,143,88,0.002310138608316499,0,1,49882,49924,114,71,0,0,0,0,0,0,99767,0,0,0,0,0,0,0,0,0,0,227,0,0,0,0,0,0
110,1858,111.29722382957404,99994,1,2,1,1,143,89,0.002320139208352501,0,1,49882,49924,114,70,0,0,0,0,0,0,99767,0,0,0,0,0,0,0,0,0,0,227,0,0,0,0,0,0
111,1858,112.05955254807408,99994,1,3,1,1,143,90,0.0023301398083885034,0,0,49882,49924,114,70,0,0,0,0,0,0,99767,0,0,0,0,0,0,0,0,0,0,227,0,0,0,0,0,0
112,1858,113.04996257161712,99994,1,2,1,1,143,90,0.0023301398083885034,0,0,49883,49925,113,70,0,0,0,0,0,0,99766,0,0,0,0,0,0,0,0,0,0,228,0,0,0,0,0,0
113,1858,114.10111446043719,99994,0,2,1,1,143,90,0.0023301398083885034,0,0,49884,49925,113,70,0,0,0,0,0,0,99765,0,0,0,0,0,0,0,0,0,0,229,0,0,0,0,0,0
114,1858,115.09150776571171,99994,0,2,1,1,143,90,0.0023301398083885034,0,0,49884,49926,113,69,0,0,0,0,0,0,99765,0,0,0,0,0,0,0,0,0,0,229,0,0,0,0,0,0
115,1858,116.0346586619735,99994,0,1,1,1,143,90,0.0023301398083885034,0,0,49884,49927,113,69,0,0,0,0,0,0,99764,0,0,0,0,0,0,0,0,0,0,230,0,0,0,0,0,0
116,1858,117.02505744552597,99994,0,1,1,1,143,90,0.0023301398083885034,0,0,49884,49927,113,69,0,0,0,0,0,0,99764,0,0,0,0,0,0,0,0,0,0,230,0,0,0,0,0,0
117,1858,118.01545622907845,99994,0,1,1,1,143,90,0.0023301398083885034,0,0,49884,49927,113,69,0,0,0,0,0,0,99764,0,0,0,0,0,0,0,0,0,0,230,0,0,0,0,0,0
118,1858,119.00585501263093,99994,0,1,1,1,143,90,0.0023301398083885034,1,1,49883,49926,113,69,0,0,0,0,0,0,99764,0,0,0,0,0,0,0,0,0,0,230,0,0,0,0,0,0
119,1858,120.30370639004416,99994,0,0,1,1,143,90,0.0023301398083885034,1,1,49884,49926,112,70,0,0,0,0,0,0,99763,0,0,0,0,0,0,0,0,0,0,231,0,0,0,0,0,0
120,1858,121.29410344563529,99994,0,0,1,1,143,90,0.0023301398083885034,1,1,49885,49926,111,70,0,0,0,0,0,0,99763,0,0,0,0,0,0,0,0,0,0,231,0,0,0,0,0,0
121,1858,122.28447397682037,99994,1,1,1,1,144,91,0.0023501410084605075,0,0,49885,49926,111,70,0,0,0,0,0,0,99763,0,0,0,0,0,0,0,0,0,0,231,0,0,0,0,0,0
122,1858,123.23041206897247,99994,2,1,1,1,145,91,0.0023601416084965098,0,0,49885,49926,110,70,0,0,0,0,0,0,99763,0,0,0,0,0,0,0,0,0,0,231,0,0,0,0,0,0
123,1858,124.22076910567407,99994,2,1,1,1,145,91,0.0023601416084965098,0,0,49886,49926,109,70,0,0,0,0,0,0,99763,0,0,0,0,0,0,0,0,0,0,231,0,0,0,0,0,0
124,1858,125.25506153136006,99994,2,0,1,1,145,91,0.0023601416084965098,0,0,49886,49926,109,71,0,0,0,0,0,0,99762,0,0,0,0,0,0,0,0,0,0,232,0,0,0,0,0,0
125,1858,126.24540099597989,99994,2,0,1,1,145,91,0.0023601416084965098,1,0,49886,49926,108,71,0,0,0,0,0,0,99762,0,0,0,0,0,0,0,0,0,0,232,0,0,0,0,0,0
126,1858,127.23573401228425,99994,1,0,1,1,145,91,0.0023601416084965098,1,0,49886,49926,109,71,0,0,0,0,0,0,99761,0,0,0,0,0,0,0,0,0,0,233,0,0,0,0,0,0
127,1858,128.11627325738107,99994,1,0,1,1,145,91,0.0023601416084965098,1,0,49886,49926,109,71,0,0,0,0,0,0,99761,0,0,0,0,0,0,0,0,0,0,233,0,0,0,0,0,0
128,1858,129.04976748295383,99994,0,0,1,1,145,91,0.0023601416084965098,1,0,49886,49926,110,71,0,0,0,0,0,0,99760,0,0,0,0,0,0,0,0,0,0,234,0,0,0,0,0,0
129,1858,130.04012239203118,99994,0,0,1,1,145,91,0.0023601416084965098,1,0,49886,49926,110,71,0,0,0,0,0,0,99760,0,0,0,0,0,0,0,0,0,0,234,0,0,0,0,0,0
130,1858,131.03047730110853,99994,0,0,1,1,145,91,0.0023601416084965098,1,0,49886,49926,110,71,0,0,0,0,0,0,99760,0,0,0,0,0,0,0,0,0,0,234,0,0,0,0,0,0
131,1858,132.0208322101859,99994,0,0,1,1,145,91,0.0023601416084965098,1,0,49886,49926,110,71,0,0,0,0,0,0,99760,0,0,0,0,0,0,0,0,0,0,234,0,0,0,0,0,0
132,1858,133.01118711926324,99994,0,0,1,1,145,91,0.0023601416084965098,1,0,49886,49926,110,71,0,0,0,0,0,0,99760,0,0,0,0,0,0,0,0,0,0,234,0,0,0,0,0,0
133,1858,134.0015420283406,99994,0,0,1,1,145,91,0.0023601416084965098,1,0,49886,49926,110,71,0,0,0,0,0,0,99760,0,0,0,0,0,0,0,0,0,0,234,0,0,0,0,0,0
134,1858,135.32201524044373,99994,0,0,1,1,145,91,0.0023601416084965098,1,0,49887,49927,109,70,0,0,0,0,0,0,99760,0,0,0,0,0,0,0,0,0,0,234,0,0,0,0,0,0
135,1858,136.31234358802752,99994,0,0,1,1,145,91,0.0023601416084965098,1,0,49888,49927,108,70,0,0,0,0,0,0,99760,0,0,0,0,0,0,0,0,0,0,234,0,0,0,0,0,0
136,1858,137.30265867507964,99994,1,0,1,1,146,91,0.002370142208532512,0,0,49888,49927,108,70,0,0,0,0,0,0,99760,0,0,0,0,0,0,0,0,0,0,234,0,0,0,0,0,0
137,1858,138.07282926948557,99994,2,0,1,1,147,91,0.0023801428085685142,0,0,49887,49927,108,70,0,0,0,0,0,0,99760,0,0,0,0,0,0,0,0,0,0,234,0,0,0,0,0,0
138,1858,139.2352554103374,99994,1,0,1,1,147,91,0.0023801428085685142,0,0,49887,49927,109,70,0,0,0,0,0,0,99759,0,0,0,0,0,0,0,0,0,0,235,0,0,0,0,0,0
139,1858,140.2255891142993,99994,1,0,1,1,147,91,0.0023801428085685142,1,0,49887,49927,108,70,0,0,0,0,0,0,99759,0,0,0,0,0,0,0,0,0,0,235,0,0,0,0,0,0
140,1858,141.21591637007498,99994,1,0,1,1,147,91,0.0023801428085685142,1,0,49887,49928,108,69,0,0,0,0,0,0,99759,0,0,0,0,0,0,0,0,0,0,235,0,0,0,0,0,0
141,1858,142.20624036212544,99994,1,0,1,1,147,91,0.0023801428085685142,1,0,49887,49928,108,69,0,0,0,0,0,0,99759,0,0,0,0,0,0,0,0,0,0,235,0,0,0,0,0,0
142,1858,143.1965643541759,99994,1,0,1,1,147,91,0.0023801428085685142,1,0,49887,49928,108,69,0,0,0,0,0,0,99759,0,0,0,0,0,0,0,0,0,0,235,0,0,0,0,0,0
143,1858,144.18688834622637,99994,1,0,1,1,147,91,0.0023801428085685142,1,0,49888,49928,107,69,0,0,0,0,0,0,99759,0,0,0,0,0,0,0,0,0,0,235,0,0,0,0,0,0
144,1858,145.177199077892,99994,1,0,1,1,147,91,0.0023801428085685142,1,0,49889,49928,106,69,0,0,0,0,0,0,99759,0,0,0,0,0,0,0,0,0,0,235,0,0,0,0,0,0
145,1858,146.0136552457982,99994,2,0,1,1,148,91,0.002390143408604516,0,0,49889,49928,106,69,0,0,0,0,0,0,99759,0,0,0,0,0,0,0,0,0,0,235,0,0,0,0,0,0
146,1858,147.29649051052644,99994,1,0,1,1,148,91,0.002390143408604516,0,0,49890,49928,106,69,0,0,0,0,0,0,99758,0,0,0,0,0,0,0,0,0,0,236,0,0,0,0,0,0
147,1858,148.28676450493512,99994,1,0,1,1,148,91,0.002390143408604516,0,0,49890,49928,106,69,0,0,0,0,0,0,99758,0,0,0,0,0,0,0,0,0,0,236,0,0,0,0,0,0
148,1858,149.27703185667448,99994,1,0,1,1,148,91,0.002390143408604516,0,0,49891,49929,105,68,0,0,0,0,0,0,99758,0,0,0,0,0,0,0,0,0,0,236,0,0,0,0,0,0
149,1858,150.2672859230752,99994,1,0,1,1,148,91,0.002390143408604516,0,0,49892,49929,104,68,0,0,0,0,0,0,99758,0,0,0,0,0,0,0,0,0,0,236,0,0,0,0,0,0
150,1858,151.25752673108857,99994,1,0,1,1,148,91,0.002390143408604516,0,0,49892,49930,104,67,0,0,0,0,0,0,99758,0,0,0,0,0,0,0,0,0,0,236,0,0,0,0,0,0
151,1858,152.2477542545619,99994,1,0,1,1,148,91,0.002390143408604516,0,0,49893,49930,103,67,0,0,0,0,0,0,99758,0,0,0,0,0,0,0,0,0,0,236,0,0,0,0,0,0
152,1858,153.23796850697056,99994,1,0,1,1,148,91,0.002390143408604516,0,0,49894,49930,102,67,0,0,0,0,0,0,99758,0,0,0,0,0,0,0,0,0,0,236,0,0,0,0,0,0
153,1858,154.2281562449971,99994,2,0,1,1,149,91,0.0024001440086405183,0,0,49894,49930,101,67,0,0,0,0,0,0,99758,0,0,0,0,0,0,0,0,0,0,236,0,0,0,0,0,0
154,1858,155.0208291399478,99994,2,0,1,1,149,91,0.0024001440086405183,0,0,49896,49930,99,67,0,0,0,0,0,0,99758,0,0,0,0,0,0,0,0,0,0,236,0,0,0,0,0,0
155,1858,156.01097279259756,99994,2,0,1,1,149,91,0.0024001440086405183,0,0,49896,49930,99,67,0,0,0,0,0,0,99758,0,0,0,0,0,0,0,0,0,0,236,0,0,0,0,0,0
156,1858,157.0011164452473,99994,2,0,1,1,149,91,0.0024001440086405183,0,0,49896,49930,99,67,0,0,0,0,0,0,99758,0,0,0,0,0,0,0,0,0,0,236,0,0,0,0,0,0
157,1858,158.05146648571628,99994,1,0,1,1,149,91,0.0024001440086405183,0,0,49896,49930,100,67,0,0,0,0,0,0,99757,0,0,0,0,0,0,0,0,0,0,237,0,0,0,0,0,0
158,1858,159.0416210825587,99994,1,0,1,1,149,91,0.0024001440086405183,0,0,49896,49930,100,67,0,0,0,0,0,0,99757,0,0,0,0,0,0,0,0,0,0,237,0,0,0,0,0,0
159,1858,160.03176903832818,99994,1,0,1,1,149,91,0.0024001440086405183,0,0,49898,49932,98,65,0,0,0,0,0,0,99757,0,0,0,0,0,0,0,0,0,0,237,0,0,0,0,0,0
160,1858,161.0218837895316,99994,1,0,1,1,149,91,0.0024001440086405183,0,0,49899,49932,97,65,0,0,0,0,0,0,99757,0,0,0,0,0,0,0,0,0,0,237,0,0,0,0,0,0
161,1858,162.0119786587359,99994,1,0,1,1,149,91,0.0024001440086405183,0,0,49899,49932,97,65,0,0,0,0,0,0,99757,0,0,0,0,0,0,0,0,0,0,237,0,0,0,0,0,0
162,1858,163.1158168877035,99994,0,0,1,1,149,91,0.0024001440086405183,0,0,49899,49932,98,65,0,0,0,0,0,0,99756,0,0,0,0,0,0,0,0,0,0,238,0,0,0,0,0,0
163,1858,164.10592270044245,99994,0,0,1,1,149,91,0.0024001440086405183,0,0,49899,49933,98,64,0,0,0,0,0,0,99756,0,0,0,0,0,0,0,0,0,0,238,0,0,0,0,0,0
164,1858,165.0960284867664,99994,0,0,1,1,149,91,0.0024001440086405183,0,0,49899,49933,98,64,0,0,0,0,0,0,99756,0,0,0,0,0,0,0,0,0,0,238,0,0,0,0,0,0
165,1858,166.0861342598828,99994,0,0,1,1,149,91,0.0024001440086405183,0,0,49899,49933,98,64,0,0,0,0,0,0,99756,0,0,0,0,0,0,0,0,0,0,238,0,0,0,0,0,0
166,1858,167.07624003299924,99994,0,0,1,1,149,91,0.0024001440086405183,0,0,49899,49933,98,64,0,0,0,0,0,0,99756,0,0,0,0,0,0,0,0,0,0,238,0,0,0,0,0,0
167,1858,168.06634579290815,99994,0,0,1,1,149,91,0.0024001440086405183,0,0,49899,49934,98,63,0,0,0,0,0,0,99756,0,0,0,0,0,0,0,0,0,0,238,0,0,0,0,0,0
168,1858,169.05645152640204,99994,0,0,1,1,149,91,0.0024001440086405183,0,0,49899,49934,98,63,0,0,0,0,0,0,99756,0,0,0,0,0,0,0,0,0,0,238,0,0,0,0,0,0
169,1858,170.04655725989593,99994,0,0,1,1,149,91,0.0024001440086405183,0,0,49899,49934,98,63,0,0,0,0,0,0,99756,0,0,0,0,0,0,0,0,0,0,238,0,0,0,0,0,0
170,1858,171.03666299338983,99994,0,0,1,1,149,91,0.0024001440086405183,0,0,49900,49934,97,63,0,0,0,0,0,0,99756,0,0,0,0,0,0,0,0,0,0,238,0,0,0,0,0,0
171,1858,172.02674884572934,99994,0,0,1,1,149,91,0.0024001440086405183,0,0,49901,49934,96,63,0,0,0,0,0,0,99756,0,0,0,0,0,0,0,0,0,0,238,0,0,0,0,0,0
172,1858,173.01681481718006,99994,0,0,1,1,149,91,0.0024001440086405183,0,0,49901,49934,96,63,0,0,0,0,0,0,99756,0,0,0,0,0,0,0,0,0,0,238,0,0,0,0,0,0
173,1858,174.00688078863078,99994,0,0,1,1,149,91,0.0024001440086405183,0,0,49901,49934,96,63,0,0,0,0,0,0,99756,0,0,0,0,0,0,0,0,0,0,238,0,0,0,0,0,0
174,1858,175.32696875056507,99994,0,0,1,1,149,91,0.0024001440086405183,0,0,49901,49934,96,63,0,0,0,0,0,0,99756,0,0,0,0,0,0,0,0,0,0,238,0,0,0,0,0,0
175,1858,176.3170347220158,99994,0,0,1,1,149,91,0.0024001440086405183,0,0,49901,49934,96,63,0,0,0,0,0,0,99756,0,0,0,0,0,0,0,0,0,0,238,0,0,0,0,0,0
176,1858,177.3071006934665,99994,0,0,1,1,149,91,0.0024001440086405183,0,0,49902,49934,95,63,0,0,0,0,0,0,99756,0,0,0,0,0,0,0,0,0,0,238,0,0,0,0,0,0
177,1858,178.2971467850909,99994,0,0,1,1,149,91,0.0024001440086405183,0,0,49902,49934,95,63,0,0,0,0,0,0,99756,0,0,0,0,0,0,0,0,0,0,238,0,0,0,0,0,0
178,1858,179.28719287671527,99994,0,0,1,1,149,91,0.0024001440086405183,0,0,49902,49934,95,63,0,0,0,0,0,0,99756,0,0,0,0,0,0,0,0,0,0,238,0,0,0,0,0,0
179,1858,180.27723896833965,99994,0,0,1,1,149,91,0.0024001440086405183,0,0,49902,49934,95,63,0,0,0,0,0,0,99756,0,0,0,0,0,0,0,0,0,0,238,0,0,0,0,0,0
180,1858,181.26728505996402,99994,0,0,1,1,149,91,0.0024001440086405183,0,0,49903,49934,94,63,0,0,0,0,0,0,99756,0,0,0,0,0,0,0,0,0,0,238,0,0,0,0,0,0
181,1858,182.257317898902,99994,0,0,1,1,149,91,0.0024001440086405183,0,0,49903,49934,94,63,0,0,0,0,0,0,99756,0,0,0,0,0,0,0,0,0,0,238,0,0,0,0,0,0
182,1858,183.24734411149674,99994,0,0,1,1,149,91,0.0024001440086405183,0,0,49903,49934,94,63,0,0,0,0,0,0,99756,0,0,0,0,0,0,0,0,0,0,238,0,0,0,0,0,0
183,1858,184.23737031088504,99994,0,0,1,1,149,91,0.0024001440086405183,0,0,49904,49935,93,62,0,0,0,0,0,0,99756,0,0,0,0,0,0,0,0,0,0,238,0,0,0,0,0,0
184,1858,185.22737659242208,99994,0,0,1,1,149,91,0.0024001440086405183,0,0,49904,49936,93,61,0,0,0,0,0,0,99756,0,0,0,0,0,0,0,0,0,0,238,0,0,0,0,0,0
185,1858,186.21738283434053,99994,0,0,1,1,149,91,0.0024001440086405183,0,0,49904,49937,93,60,0,0,0,0,0,0,99756,0,0,0,0,0,0,0,0,0,0,238,0,0,0,0,0,0
186,1858,187.20738904984663,99994,0,0,1,1,149,91,0.0024001440086405183,0,0,49904,49937,93,60,0,0,0,0,0,0,99756,0,0,0,0,0,0,0,0,0,0,238,0,0,0,0,0,0
187,1858,188.19739526535272,99994,0,0,1,1,149,91,0.0024001440086405183,0,0,49904,49937,93,60,0,0,0,0,0,0,99756,0,0,0,0,0,0,0,0,0,0,238,0,0,0,0,0,0
188,1858,189.18740148085882,99994,0,0,1,1,149,91,0.0024001440086405183,0,0,49904,49939,93,58,0,0,0,0,0,0,99756,0,0,0,0,0,0,0,0,0,0,238,0,0,0,0,0,0
189,1858,190.17740761712778,99994,0,0,1,1,149,91,0.0024001440086405183,0,0,49904,49939,93,58,0,0,0,0,0,0,99756,0,0,0,0,0,0,0,0,0,0,238,0,0,0,0,0,0
190,1858,191.16741375339674,99994,0,0,1,1,149,91,0.0024001440086405183,0,0,49904,49939,93,58,0,0,0,0,0,0,99756,0,0,0,0,0,0,0,0,0,0,238,0,0,0,0,0,0
191,1858,192.1574198896657,99994,0,0,1,1,149,91,0.0024001440086405183,0,0,49904,49939,93,58,0,0,0,0,0,0,99756,0,0,0,0,0,0,0,0,0,0,238,0,0,0,0,0,0
192,1858,193.14742602593466,99994,0,0,1,1,149,91,0.0024001440086405183,0,0,49904,49939,93,58,0,0,0,0,0,0,99756,0,0,0,0,0,0,0,0,0,0,238,0,0,0,0,0,0
193,1858,194.13743214899745,99994,0,0,1,1,149,91,0.0024001440086405183,0,0,49904,49940,93,57,0,0,0,0,0,0,99756,0,0,0,0,0,0,0,0,0,0,238,0,0,0,0,0,0
194,1858,195.12743161983735,99994,0,0,1,1,149,91,0.0024001440086405183,0,0,49905,49940,92,57,0,0,0,0,0,0,99756,0,0,0,0,0,0,0,0,0,0,238,0,0,0,0,0,0
195,1858,196.1174178390562,99994,0,0,1,1,149,91,0.0024001440086405183,0,0,49905,49940,92,57,0,0,0,0,0,0,99756,0,0,0,0,0,0,0,0,0,0,238,0,0,0,0,0,0
196,1858,197.10740405827505,99994,0,0,1,1,149,91,0.0024001440086405183,0,0,49906,49941,91,56,0,0,0,0,0,0,99756,0,0,0,0,0,0,0,0,0,0,238,0,0,0,0,0,0
197,1858,198.09737036124196,99994,0,0,1,1,149,91,0.0024001440086405183,0,0,49906,49941,91,56,0,0,0,0,0,0,99756,0,0,0,0,0,0,0,0,0,0,238,0,0,0,0,0,0
198,1858,199.08733666420886,99994,0,0,1,1,149,91,0.0024001440086405183,0,0,49907,49941,90,56,0,0,0,0,0,0,99756,0,0,0,0,0,0,0,0,0,0,238,0,0,0,0,0,0
199,1858,200.0772897166174,99994,0,0,1,1,149,91,0.0024001440086405183,0,0,49907,49941,90,56,0,0,0,0,0,0,99756,0,0,0,0,0,0,0,0,0,0,238,0,0,0,0,0,0
200,1858,201.06723614374675,99994,0,0,1,1,149,91,0.0024001440086405183,0,0,49907,49941,90,56,0,0,0,0,0,0,99756,0,0,0,0,0,0,0,0,0,0,238,0,0,0,0,0,0
201,1858,202.0571825708761,99994,0,0,1,1,149,91,0.0024001440086405183,0,0,49907,49941,90,56,0,0,0,0,0,0,99756,0,0,0,0,0,0,0,0,0,0,238,0,0,0,0,0,0
202,1858,203.04712899800546,99994,0,0,1,1,149,91,0.0024001440086405183,0,0,49907,49941,90,56,0,0,0,0,0,0,99756,0,0,0,0,0,0,0,0,0,0,238,0,0,0,0,0,0
203,1858,204.03707542513482,99994,0,0,1,1,149,91,0.0024001440086405183,0,0,49907,49941,90,56,0,0,0,0,0,0,99756,0,0,0,0,0,0,0,0,0,0,238,0,0,0,0,0,0
204,1858,205.02702183905876,99994,0,0,1,1,149,91,0.0024001440086405183,0,0,49908,49942,89,55,0,0,0,0,0,0,99756,0,0,0,0,0,0,0,0,0,0,238,0,0,0,0,0,0
205,1858,206.01694835153157,99994,0,0,1,1,149,91,0.0024001440086405183,0,0,49908,49942,89,55,0,0,0,0,0,0,99756,0,0,0,0,0,0,0,0,0,0,238,0,0,0,0,0,0
206,1858,207.00687486400437,99994,0,0,1,1,149,91,0.0024001440086405183,0,0,49909,49943,88,54,0,0,0,0,0,0,99756,0,0,0,0,0,0,0,0,0,0,238,0,0,0,0,0,0
207,1858,208.3267503288235,99994,0,0,1,1,149,91,0.0024001440086405183,0,0,49909,49944,88,53,0,0,0,0,0,0,99756,0,0,0,0,0,0,0,0,0,0,238,0,0,0,0,0,0
208,1858,209.31665688782323,99994,0,0,1,1,149,91,0.0024001440086405183,0,0,49909,49944,88,53,0,0,0,0,0,0,99756,0,0,0,0,0,0,0,0,0,0,238,0,0,0,0,0,0
209,1858,210.30656344682296,99994,0,0,1,1,149,91,0.0024001440086405183,0,0,49909,49944,88,53,0,0,0,0,0,0,99756,0,0,0,0,0,0,0,0,0,0,238,0,0,0,0,0,0
210,1858,211.2964700058227,99994,0,0,1,1,149,91,0.0024001440086405183,0,0,49909,49944,88,53,0,0,0,0,0,0,99756,0,0,0,0,0,0,0,0,0,0,238,0,0,0,0,0,0
211,1858,212.28637656482243,99994,0,0,1,1,149,91,0.0024001440086405183,0,0,49910,49944,87,53,0,0,0,0,0,0,99756,0,0,0,0,0,0,0,0,0,0,238,0,0,0,0,0,0
212,1858,213.2762566261598,99994,0,0,1,1,149,91,0.0024001440086405183,0,0,49911,49944,86,53,0,0,0,0,0,0,99756,0,0,0,0,0,0,0,0,0,0,238,0,0,0,0,0,0
213,1858,214.2661234390642,99994,0,0,1,1,149,91,0.0024001440086405183,0,0,49911,49945,86,52,0,0,0,0,0,0,99756,0,0,0,0,0,0,0,0,0,0,238,0,0,0,0,0,0
214,1858,215.25599021235558,99994,0,0,1,1,149,91,0.0024001440086405183,0,0,49911,49945,86,52,0,0,0,0,0,0,99756,0,0,0,0,0,0,0,0,0,0,238,0,0,0,0,0,0
215,1858,216.24585698564698,99994,0,0,1,1,149,91,0.0024001440086405183,0,0,49911,49946,86,51,0,0,0,0,0,0,99756,0,0,0,0,0,0,0,0,0,0,238,0,0,0,0,0,0
216,1858,217.2357237193253,99994,0,0,1,1,149,91,0.0024001440086405183,0,0,49911,49946,86,51,0,0,0,0,0,0,99756,0,0,0,0,0,0,0,0,0,0,238,0,0,0,0,0,0
217,1858,218.22559045300363,99994,0,0,1,1,149,91,0.0024001440086405183,0,0,49911,49946,86,51,0,0,0,0,0,0,99756,0,0,0,0,0,0,0,0,0,0,238,0,0,0,0,0,0
218,1858,219.21545718668196,99994,0,0,1,1,149,91,0.0024001440086405183,0,0,49911,49946,86,51,0,0,0,0,0,0,99756,0,0,0,0,0,0,0,0,0,0,238,0,0,0,0,0,0
219,1858,220.20532392036029,99994,0,0,1,1,149,91,0.0024001440086405183,0,0,49911,49946,86,51,0,0,0,0,0,0,99756,0,0,0,0,0,0,0,0,0,0,238,0,0,0,0,0,0
220,1858,221.1951906540386,99994,0,0,1,1,149,91,0.0024001440086405183,0,0,49911,49946,86,51,0,0,0,0,0,0,99756,0,0,0,0,0,0,0,0,0,0,238,0,0,0,0,0,0
221,1858,222.18505738771694,99994,0,0,1,1,149,91,0.0024001440086405183,0,0,49912,49946,85,51,0,0,0,0,0,0,99756,0,0,0,0,0,0,0,0,0,0,238,0,0,0,0,0,0
222,1858,223.1749108734942,99994,0,0,1,1,149,91,0.0024001440086405183,0,0,49912,49946,85,51,0,0,0,0,0,0,99756,0,0,0,0,0,0,0,0,0,0,238,0,0,0,0,0,0
223,1858,224.16475773532096,99994,0,0,1,1,149,91,0.0024001440086405183,0,0,49912,49946,85,51,0,0,0,0,0,0,99756,0,0,0,0,0,0,0,0,0,0,238,0,0,0,0,0,0
224,1858,225.1546045971477,99994,0,0,1,1,149,91,0.0024001440086405183,0,0,49912,49946,85,51,0,0,0,0,0,0,99756,0,0,0,0,0,0,0,0,0,0,238,0,0,0,0,0,0
225,1858,226.14445145897446,99994,0,0,1,1,149,91,0.0024001440086405183,0,0,49912,49947,85,50,0,0,0,0,0,0,99756,0,0,0,0,0,0,0,0,0,0,238,0,0,0,0,0,0
226,1858,227.134298281189,99994,0,0,1,1,149,91,0.0024001440086405183,0,0,49912,49947,85,50,0,0,0,0,0,0,99756,0,0,0,0,0,0,0,0,0,0,238,0,0,0,0,0,0
227,1858,228.12414509019945,99994,0,0,1,1,149,91,0.0024001440086405183,0,0,49912,49948,85,49,0,0,0,0,0,0,99756,0,0,0,0,0,0,0,0,0,0,238,0,0,0,0,0,0
228,1858,229.11399187280176,99994,0,0,1,1,149,91,0.0024001440086405183,0,0,49912,49948,85,49,0,0,0,0,0,0,99756,0,0,0,0,0,0,0,0,0,0,238,0,0,0,0,0,0
229,1858,230.10383865540408,99994,0,0,1,1,149,91,0.0024001440086405183,0,0,49912,49948,85,49,0,0,0,0,0,0,99756,0,0,0,0,0,0,0,0,0,0,238,0,0,0,0,0,0
230,1858,231.0936854380064,99994,0,0,1,1,149,91,0.0024001440086405183,0,0,49912,49949,85,48,0,0,0,0,0,0,99756,0,0,0,0,0,0,0,0,0,0,238,0,0,0,0,0,0
231,1858,232.08353218099649,99994,0,0,1,1,149,91,0.0024001440086405183,0,0,49912,49949,85,48,0,0,0,0,0,0,99756,0,0,0,0,0,0,0,0,0,0,238,0,0,0,0,0,0
232,1858,233.07337892398658,99994,0,0,1,1,149,91,0.0024001440086405183,0,0,49912,49949,85,48,0,0,0,0,0,0,99756,0,0,0,0,0,0,0,0,0,0,238,0,0,0,0,0,0
233,1858,234.06322566697668,99994,0,0,1,1,149,91,0.0024001440086405183,0,0,49913,49949,84,48,0,0,0,0,0,0,99756,0,0,0,0,0,0,0,0,0,0,238,0,0,0,0,0,0
234,1858,235.0530525389138,99994,0,0,1,1,149,91,0.0024001440086405183,0,0,49913,49949,84,48,0,0,0,0,0,0,99756,0,0,0,0,0,0,0,0,0,0,238,0,0,0,0,0,0
235,1858,236.0428794108509,99994,0,0,1,1,149,91,0.0024001440086405183,0,0,49913,49949,84,48,0,0,0,0,0,0,99756,0,0,0,0,0,0,0,0,0,0,238,0,0,0,0,0,0
236,1858,237.032706282788,99994,0,0,1,1,149,91,0.0024001440086405183,0,0,49913,49949,84,48,0,0,0,0,0,0,99756,0,0,0,0,0,0,0,0,0,0,238,0,0,0,0,0,0
237,1858,238.02253315472512,99994,0,0,1,1,149,91,0.0024001440086405183,0,0,49913,49949,84,48,0,0,0,0,0,0,99756,0,0,0,0,0,0,0,0,0,0,238,0,0,0,0,0,0
238,1858,239.01236002666224,99994,0,0,1,1,149,91,0.0024001440086405183,0,0,49913,49949,84,48,0,0,0,0,0,0,99756,0,0,0,0,0,0,0,0,0,0,238,0,0,0,0,0,0
239,1858,240.00218689859935,99994,0,0,1,1,149,91,0.0024001440086405183,0,0,49913,49949,84,48,0,0,0,0,0,0,99756,0,0,0,0,0,0,0,0,0,0,238,0,0,0,0,0,0
240,1858,241.32195606118216,99994,0,0,1,1,149,91,0.0024001440086405183,0,0,49913,49949,84,48,0,0,0,0,0,0,99756,0,0,0,0,0,0,0,0,0,0,238,0,0,0,0,0,0
241,1858,242.31178293311928,99994,0,0,1,1,149,91,0.0024001440086405183,0,0,49913,49949,84,48,0,0,0,0,0,0,99756,0,0,0,0,0,0,0,0,0,0,238,0,0,0,0,0,0
242,1858,243.30160979185257,99994,0,0,1,1,149,91,0.0024001440086405183,0,0,49913,49950,84,47,0,0,0,0,0,0,99756,0,0,0,0,0,0,0,0,0,0,238,0,0,0,0,0,0
243,1858,244.29143662417823,99994,0,0,1,1,149,91,0.0024001440086405183,0,0,49913,49950,84,47,0,0,0,0,0,0,99756,0,0,0,0,0,0,0,0,0,0,238,0,0,0,0,0,0
244,1858,245.2812634565039,99994,0,0,1,1,149,91,0.0024001440086405183,0,0,49913,49952,84,45,0,0,0,0,0,0,99756,0,0,0,0,0,0,0,0,0,0,238,0,0,0,0,0,0
245,1858,246.27109023601435,99994,0,0,1,1,149,91,0.0024001440086405183,0,0,49913,49952,84,45,0,0,0,0,0,0,99756,0,0,0,0,0,0,0,0,0,0,238,0,0,0,0,0,0
246,1858,247.2609169891172,99994,0,0,1,1,149,91,0.0024001440086405183,0,0,49913,49952,84,45,0,0,0,0,0,0,99756,0,0,0,0,0,0,0,0,0,0,238,0,0,0,0,0,0
247,1858,248.25074374222004,99994,0,0,1,1,149,91,0.0024001440086405183,0,0,49913,49952,84,45,0,0,0,0,0,0,99756,0,0,0,0,0,0,0,0,0,0,238,0,0,0,0,0,0
248,1858,249.24057048211907,99994,0,0,1,1,149,91,0.0024001440086405183,0,0,49913,49953,84,44,0,0,0,0,0,0,99756,0,0,0,0,0,0,0,0,0,0,238,0,0,0,0,0,0
249,1858,250.23039719561046,99994,0,0,1,1,149,91,0.0024001440086405183,0,0,49913,49953,84,44,0,0,0,0,0,0,99756,0,0,0,0,0,0,0,0,0,0,238,0,0,0,0,0,0
250,1858,251.22022390910186,99994,0,0,1,1,149,91,0.0024001440086405183,0,0,49913,49953,84,44,0,0,0,0,0,0,99756,0,0,0,0,0,0,0,0,0,0,238,0,0,0,0,0,0
251,1858,252.21005062259326,99994,0,0,1,1,149,91,0.0024001440086405183,0,0,49913,49953,84,44,0,0,0,0,0,0,99756,0,0,0,0,0,0,0,0,0,0,238,0,0,0,0,0,0
252,1858,253.19987733608465,99994,0,0,1,1,149,91,0.0024001440086405183,0,0,49913,49953,84,44,0,0,0,0,0,0,99756,0,0,0,0,0,0,0,0,0,0,238,0,0,0,0,0,0
253,1858,254.18970404957605,99994,0,0,1,1,149,91,0.0024001440086405183,0,0,49913,49953,84,44,0,0,0,0,0,0,99756,0,0,0,0,0,0,0,0,0,0,238,0,0,0,0,0,0
254,1858,255.17953076306745,99994,0,0,1,1,149,91,0.0024001440086405183,0,0,49913,49954,84,43,0,0,0,0,0,0,99756,0,0,0,0,0,0,0,0,0,0,238,0,0,0,0,0,0
255,1858,256.16935745015127,99994,0,0,1,1,149,91,0.0024001440086405183,0,0,49914,49954,83,43,0,0,0,0,0,0,99756,0,0,0,0,0,0,0,0,0,0,238,0,0,0,0,0,0
256,1858,257.15916425404384,99994,0,0,1,1,149,91,0.0024001440086405183,0,0,49915,49954,82,43,0,0,0,0,0,0,99756,0,0,0,0,0,0,0,0,0,0,238,0,0,0,0,0,0
257,1858,258.14895118821437,99994,0,0,1,1,149,91,0.0024001440086405183,0,0,49915,49954,82,43,0,0,0,0,0,0,99756,0,0,0,0,0,0,0,0,0,0,238,0,0,0,0,0,0
258,1858,259.1387381223849,99994,0,0,1,1,149,91,0.0024001440086405183,0,0,49915,49954,82,43,0,0,0,0,0,0,99756,0,0,0,0,0,0,0,0,0,0,238,0,0,0,0,0,0
259,1858,260.1285250565554,99994,0,0,1,1,149,91,0.0024001440086405183,0,0,49916,49956,81,41,0,0,0,0,0,0,99756,0,0,0,0,0,0,0,0,0,0,238,0,0,0,0,0,0
260,1858,261.118298678937,99994,0,0,1,1,149,91,0.0024001440086405183,0,0,49916,49956,81,41,0,0,0,0,0,0,99756,0,0,0,0,0,0,0,0,0,0,238,0,0,0,0,0,0
261,1858,262.1080656520259,99994,0,0,1,1,149,91,0.0024001440086405183,0,0,49916,49957,81,40,0,0,0,0,0,0,99756,0,0,0,0,0,0,0,0,0,0,238,0,0,0,0,0,0
262,1858,263.0978325987088,99994,0,0,1,1,149,91,0.0024001440086405183,0,0,49917,49957,80,40,0,0,0,0,0,0,99756,0,0,0,0,0,0,0,0,0,0,238,0,0,0,0,0,0
263,1858,264.08758630015035,99994,0,0,1,1,149,91,0.0024001440086405183,0,0,49917,49957,80,40,0,0,0,0,0,0,99756,0,0,0,0,0,0,0,0,0,0,238,0,0,0,0,0,0
264,1858,265.0773333657685,99994,0,0,1,1,149,91,0.0024001440086405183,0,0,49917,49958,80,39,0,0,0,0,0,0,99756,0,0,0,0,0,0,0,0,0,0,238,0,0,0,0,0,0
265,1858,266.06708040498114,99994,0,0,1,1,149,91,0.0024001440086405183,0,0,49917,49958,80,39,0,0,0,0,0,0,99756,0,0,0,0,0,0,0,0,0,0,238,0,0,0,0,0,0
266,1858,267.0568274441938,99994,0,0,1,1,149,91,0.0024001440086405183,0,0,49917,49958,80,39,0,0,0,0,0,0,99756,0,0,0,0,0,0,0,0,0,0,238,0,0,0,0,0,0
267,1858,268.04657447020367,99994,0,0,1,1,149,91,0.0024001440086405183,0,0,49917,49959,80,38,0,0,0,0,0,0,99756,0,0,0,0,0,0,0,0,0,0,238,0,0,0,0,0,0
268,1858,269.03632146980794,99994,0,0,1,1,149,91,0.0024001440086405183,0,0,49917,49959,80,38,0,0,0,0,0,0,99756,0,0,0,0,0,0,0,0,0,0,238,0,0,0,0,0,0
269,1858,270.0260684694122,99994,0,0,1,1,149,91,0.0024001440086405183,0,0,49917,49959,80,38,0,0,0,0,0,0,99756,0,0,0,0,0,0,0,0,0,0,238,0,0,0,0,0,0
270,1858,271.01581545581377,99994,0,0,1,1,149,91,0.0024001440086405183,0,0,49917,49960,80,37,0,0,0,0,0,0,99756,0,0,0,0,0,0,0,0,0,0,238,0,0,0,0,0,0
271,1858,272.0055557934553,99994,0,0,1,1,149,91,0.0024001440086405183,0,0,49918,49960,79,37,0,0,0,0,0,0,99756,0,0,0,0,0,0,0,0,0,0,238,0,0,0,0,0,0
272,1858,273.32519191736526,99994,0,0,1,1,149,91,0.0024001440086405183,0,0,49918,49961,79,36,0,0,0,0,0,0,99756,0,0,0,0,0,0,0,0,0,0,238,0,0,0,0,0,0
273,1858,274.3149189838927,99994,0,0,1,1,149,91,0.0024001440086405183,0,0,49918,49961,79,36,0,0,0,0,0,0,99756,0,0,0,0,0,0,0,0,0,0,238,0,0,0,0,0,0
274,1858,275.30464603721765,99994,0,0,1,1,149,91,0.0024001440086405183,0,0,49919,49961,78,36,0,0,0,0,0,0,99756,0,0,0,0,0,0,0,0,0,0,238,0,0,0,0,0,0
275,1858,276.29435984636467,99994,0,0,1,1,149,91,0.0024001440086405183,0,0,49919,49961,78,36,0,0,0,0,0,0,99756,0,0,0,0,0,0,0,0,0,0,238,0,0,0,0,0,0
276,1858,277.28406703342273,99994,0,0,1,1,149,91,0.0024001440086405183,0,0,49920,49961,77,36,0,0,0,0,0,0,99756,0,0,0,0,0,0,0,0,0,0,238,0,0,0,0,0,0
277,1858,278.27375435500977,99994,0,0,1,1,149,91,0.0024001440086405183,0,0,49920,49961,77,36,0,0,0,0,0,0,99756,0,0,0,0,0,0,0,0,0,0,238,0,0,0,0,0,0
278,1858,279.2634416765968,99994,0,0,1,1,149,91,0.0024001440086405183,0,0,49920,49961,77,36,0,0,0,0,0,0,99756,0,0,0,0,0,0,0,0,0,0,238,0,0,0,0,0,0
279,1858,280.25312899818385,99994,0,0,1,1,149,91,0.0024001440086405183,0,0,49920,49961,77,36,0,0,0,0,0,0,99756,0,0,0,0,0,0,0,0,0,0,238,0,0,0,0,0,0
280,1858,281.2428163197709,99994,0,0,1,1,149,91,0.0024001440086405183,0,0,49920,49961,77,36,0,0,0,0,0,0,99756,0,0,0,0,0,0,0,0,0,0,238,0,0,0,0,0,0
281,1858,282.2324970197996,99994,0,0,1,1,149,91,0.0024001440086405183,0,0,49921,49961,76,36,0,0,0,0,0,0,99756,0,0,0,0,0,0,0,0,0,0,238,0,0,0,0,0,0
282,1858,283.22216447671167,99994,0,0,1,1,149,91,0.0024001440086405183,0,0,49921,49961,76,36,0,0,0,0,0,0,99756,0,0,0,0,0,0,0,0,0,0,238,0,0,0,0,0,0
283,1858,284.211831920422,99994,0,0,1,1,149,91,0.0024001440086405183,0,0,49921,49962,76,35,0,0,0,0,0,0,99756,0,0,0,0,0,0,0,0,0,0,238,0,0,0,0,0,0
284,1858,285.20149933772893,99994,0,0,1,1,149,91,0.0024001440086405183,0,0,49921,49962,76,35,0,0,0,0,0,0,99756,0,0,0,0,0,0,0,0,0,0,238,0,0,0,0,0,0
285,1858,286.19116675503585,99994,0,0,1,1,149,91,0.0024001440086405183,0,0,49921,49962,76,35,0,0,0,0,0,0,99756,0,0,0,0,0,0,0,0,0,0,238,0,0,0,0,0,0
286,1858,287.18083417234277,99994,0,0,1,1,149,91,0.0024001440086405183,0,0,49921,49962,76,35,0,0,0,0,0,0,99756,0,0,0,0,0,0,0,0,0,0,238,0,0,0,0,0,0
287,1858,288.1705015896497,99994,0,0,1,1,149,91,0.0024001440086405183,0,0,49921,49962,76,35,0,0,0,0,0,0,99756,0,0,0,0,0,0,0,0,0,0,238,0,0,0,0,0,0
288,1858,289.1601690069566,99994,0,0,1,1,149,91,0.0024001440086405183,0,0,49921,49962,76,35,0,0,0,0,0,0,99756,0,0,0,0,0,0,0,0,0,0,238,0,0,0,0,0,0
289,1858,290.1498364242635,99994,0,0,1,1,149,91,0.0024001440086405183,0,0,49922,49962,75,35,0,0,0,0,0,0,99756,0,0,0,0,0,0,0,0,0,0,238,0,0,0,0,0,0
290,1858,291.139483977692,99994,0,0,1,1,149,91,0.0024001440086405183,0,0,49922,49962,75,35,0,0,0,0,0,0,99756,0,0,0,0,0,0,0,0,0,0,238,0,0,0,0,0,0
291,1858,292.1291315311205,99994,0,0,1,1,149,91,0.0024001440086405183,0,0,49922,49962,75,35,0,0,0,0,0,0,99756,0,0,0,0,0,0,0,0,0,0,238,0,0,0,0,0,0
292,1858,293.118779084549,99994,0,0,1,1,149,91,0.0024001440086405183,0,0,49922,49962,75,35,0,0,0,0,0,0,99756,0,0,0,0,0,0,0,0,0,0,238,0,0,0,0,0,0
293,1858,294.10842663797746,99994,0,0,1,1,149,91,0.0024001440086405183,0,0,49922,49962,75,35,0,0,0,0,0,0,99756,0,0,0,0,0,0,0,0,0,0,238,0,0,0,0,0,0
294,1858,295.09807419140594,99994,0,0,1,1,149,91,0.0024001440086405183,0,0,49922,49962,75,35,0,0,0,0,0,0,99756,0,0,0,0,0,0,0,0,0,0,238,0,0,0,0,0,0
295,1858,296.0877217448344,99994,0,0,1,1,149,91,0.0024001440086405183,0,0,49923,49962,74,35,0,0,0,0,0,0,99756,0,0,0,0,0,0,0,0,0,0,238,0,0,0,0,0,0
296,1858,297.07735605620775,99994,0,0,1,1,149,91,0.0024001440086405183,0,0,49923,49962,74,35,0,0,0,0,0,0,99756,0,0,0,0,0,0,0,0,0,0,238,0,0,0,0,0,0
297,1858,298.0669837465535,99994,0,0,1,1,149,91,0.0024001440086405183,0,0,49923,49962,74,35,0,0,0,0,0,0,99756,0,0,0,0,0,0,0,0,0,0,238,0,0,0,0,0,0
298,1858,299.0566048161369,99994,0,0,1,1,149,91,0.0024001440086405183,0,0,49924,49962,73,35,0,0,0,0,0,0,99756,0,0,0,0,0,0,0,0,0,0,238,0,0,0,0,0,0
299,1858,300.0462126441956,99994,0,0,1,1,149,91,0.0024001440086405183,0,0,49924,49962,73,35,0,0,0,0,0,0,99756,0,0,0,0,0,0,0,0,0,0,238,0,0,0,0,0,0
300,1858,301.0358204722543,99994,0,0,1,1,149,91,0.0024001440086405183,0,0,49925,49962,72,35,0,0,0,0,0,0,99756,0,0,0,0,0,0,0,0,0,0,238,0,0,0,0,0,0
301,1858,302.0254084388218,99994,0,0,1,1,149,91,0.0024001440086405183,0,0,49925,49962,72,35,0,0,0,0,0,0,99756,0,0,0,0,0,0,0,0,0,0,238,0,0,0,0,0,0
302,1858,303.0149964053893,99994,0,0,1,1,149,91,0.0024001440086405183,0,0,49925,49962,72,35,0,0,0,0,0,0,99756,0,0,0,0,0,0,0,0,0,0,238,0,0,0,0,0,0
303,1858,304.0045843719568,99994,0,0,1,1,149,91,0.0024001440086405183,0,0,49925,49962,72,35,0,0,0,0,0,0,99756,0,0,0,0,0,0,0,0,0,0,238,0,0,0,0,0,0
304,1858,305.3240349940468,99994,0,0,1,1,149,91,0.0024001440086405183,0,0,49925,49962,72,35,0,0,0,0,0,0,99756,0,0,0,0,0,0,0,0,0,0,238,0,0,0,0,0,0
305,1858,306.31362296061434,99994,0,0,1,1,149,91,0.0024001440086405183,0,0,49926,49962,71,35,0,0,0,0,0,0,99756,0,0,0,0,0,0,0,0,0,0,238,0,0,0,0,0,0
306,1858,307.3031976867181,99994,0,0,1,1,149,91,0.0024001440086405183,0,0,49926,49962,71,35,0,0,0,0,0,0,99756,0,0,0,0,0,0,0,0,0,0,238,0,0,0,0,0,0
307,1858,308.29276579258993,99994,0,0,1,1,149,91,0.0024001440086405183,0,0,49926,49962,71,35,0,0,0,0,0,0,99756,0,0,0,0,0,0,0,0,0,0,238,0,0,0,0,0,0
308,1858,309.2823338984618,99994,0,0,1,1,149,91,0.0024001440086405183,0,0,49926,49962,71,35,0,0,0,0,0,0,99756,0,0,0,0,0,0,0,0,0,0,238,0,0,0,0,0,0
309,1858,310.27190200433364,99994,0,0,1,1,149,91,0.0024001440086405183,0,0,49926,49963,71,34,0,0,0,0,0,0,99756,0,0,0,0,0,0,0,0,0,0,238,0,0,0,0,0,0
310,1858,311.2614700838047,99994,0,0,1,1,149,91,0.0024001440086405183,0,0,49926,49963,71,34,0,0,0,0,0,0,99756,0,0,0,0,0,0,0,0,0,0,238,0,0,0,0,0,0
311,1858,312.25103813687497,99994,0,0,1,1,149,91,0.0024001440086405183,0,0,49926,49964,71,33,0,0,0,0,0,0,99756,0,0,0,0,0,0,0,0,0,0,238,0,0,0,0,0,0
312,1858,313.24060616354456,99994,0,0,1,1,149,91,0.0024001440086405183,0,0,49926,49964,71,33,0,0,0,0,0,0,99756,0,0,0,0,0,0,0,0,0,0,238,0,0,0,0,0,0
313,1858,314.23017419021414,99994,0,0,1,1,149,91,0.0024001440086405183,0,0,49926,49964,71,33,0,0,0,0,0,0,99756,0,0,0,0,0,0,0,0,0,0,238,0,0,0,0,0,0
314,1858,315.21974221688373,99994,0,0,1,1,149,91,0.0024001440086405183,0,0,49926,49964,71,33,0,0,0,0,0,0,99756,0,0,0,0,0,0,0,0,0,0,238,0,0,0,0,0,0
315,1858,316.2093102435533,99994,0,0,1,1,149,91,0.0024001440086405183,0,0,49927,49964,70,33,0,0,0,0,0,0,99756,0,0,0,0,0,0,0,0,0,0,238,0,0,0,0,0,0
316,1858,317.1988584103245,99994,0,0,1,1,149,91,0.0024001440086405183,0,0,49927,49964,70,33,0,0,0,0,0,0,99756,0,0,0,0,0,0,0,0,0,0,238,0,0,0,0,0,0
317,1858,318.18840657709563,99994,0,0,1,1,149,91,0.0024001440086405183,0,0,49927,49964,70,33,0,0,0,0,0,0,99756,0,0,0,0,0,0,0,0,0,0,238,0,0,0,0,0,0
318,1858,319.17795473066667,99994,0,0,1,1,149,91,0.0024001440086405183,0,0,49927,49965,70,32,0,0,0,0,0,0,99756,0,0,0,0,0,0,0,0,0,0,238,0,0,0,0,0,0
319,1858,320.16750285783746,99994,0,0,1,1,149,91,0.0024001440086405183,0,0,49926,49964,70,32,1,1,1,1,0,0,99754,0,0,0,0,0,0,0,0,0,2,238,0,0,0,0,0,0
320,1858,321.15705763137464,99994,0,0,1,1,149,91,0.0024001440086405183,0,0,49926,49963,69,32,2,2,2,2,0,0,99752,0,0,0,0,0,0,0,0,0,4,238,0,0,0,0,0,0
321,1858,322.27039615411985,99994,0,0,1,1,149,91,0.0024001440086405183,0,0,49925,49962,69,32,3,3,3,3,0,0,99750,0,0,0,0,0,0,0,0,0,6,238,0,0,0,0,0,0
322,1858,323.09117927635407,99994,0,0,1,1,149,91,0.0024001440086405183,0,0,49924,49961,69,32,4,4,4,4,0,0,99748,0,0,0,0,0,0,0,0,0,8,238,0,0,0,0,0,0
323,1858,324.07601385492063,99994,0,0,1,1,149,91,0.0024001440086405183,0,0,49923,49960,69,32,5,5,5,5,0,0,99746,0,0,0,0,0,0,0,0,0,10,238,0,0,0,0,0,0
324,1858,325.1530207184207,99994,0,0,1,1,149,91,0.0024001440086405183,0,0,49922,49959,69,32,6,6,6,6,0,0,99744,0,0,0,0,0,0,0,0,0,12,238,0,0,0,0,0,0
325,1858,326.0024405838638,99994,0,0,1,1,149,91,0.0024001440086405183,0,0,49921,49958,69,32,7,7,7,7,0,0,99742,0,0,0,0,0,0,0,0,0,14,238,0,0,0,0,0,0
326,1858,327.01614523874144,99994,0,0,1,1,149,91,0.0024001440086405183,0,0,49920,49957,69,32,8,8,8,8,0,0,99740,0,0,0,0,0,0,0,0,0,16,238,0,0,0,0,0,0
327,1858,328.0865726430756,99994,0,0,1,1,149,91,0.0024001440086405183,0,0,49920,49956,68,32,9,9,9,9,0,0,99738,0,0,0,0,0,0,0,0,0,18,238,0,0,0,0,0,0
328,1858,329.04733097887953,99994,0,0,1,1,149,91,0.0024001440086405183,0,0,49919,49955,68,32,10,10,10,10,0,0,99736,0,0,0,0,0,0,0,0,0,20,238,0,0,0,0,0,0
329,1858,330.06291052536324,99994,0,0,1,1,149,91,0.0024001440086405183,0,0,49919,49954,67,32,11,11,11,11,0,0,99734,0,0,0,0,0,0,0,0,0,22,238,0,0,0,0,0,0
330,1858,331.047351358668,99994,0,0,1,1,149,91,0.0024001440086405183,0,0,49918,49953,67,32,12,12,12,12,0,0,99732,0,0,0,0,0,0,0,0,0,24,238,0,0,0,0,0,0
331,1858,332.03417027259263,99994,0,0,1,1,149,91,0.0024001440086405183,0,0,49917,49952,67,32,13,13,13,13,0,0,99730,0,0,0,0,0,0,0,0,0,26,238,0,0,0,0,0,0
332,1858,333.00490163572755,99994,0,0,1,1,149,91,0.0024001440086405183,0,0,49916,49951,67,32,14,14,14,14,0,0,99728,0,0,0,0,0,0,0,0,0,28,238,0,0,0,0,0,0
333,1858,334.0201010905325,99994,0,0,1,1,149,91,0.0024001440086405183,0,0,49916,49951,67,32,14,14,15,15,0,0,99726,0,0,0,0,0,0,0,0,0,30,238,0,0,0,0,0,0
334,1858,335.00484807115885,99994,0,0,1,1,149,91,0.0024001440086405183,0,0,49917,49950,65,32,15,15,16,16,0,0,99724,0,0,0,0,0,0,0,0,0,32,238,0,0,0,0,0,0
335,1858,336.08683550456203,99994,0,0,1,1,149,91,0.0024001440086405183,0,0,49916,49949,65,32,16,16,17,17,0,0,99722,0,0,0,0,0,0,0,0,0,34,238,0,0,0,0,0,0
336,1858,337.0124469622513,99994,0,0,1,1,149,91,0.0024001440086405183,0,0,49916,49948,64,32,17,17,18,18,0,0,99720,0,0,0,0,0,0,0,0,0,36,238,0,0,0,0,0,0
337,1858,338.0051460337893,99994,0,0,1,1,149,91,0.0024001440086405183,0,0,49915,49947,64,32,18,18,19,19,0,0,99718,0,0,0,0,0,0,0,0,0,38,238,0,0,0,0,0,0
338,1858,339.00163262162,99994,0,0,1,1,149,91,0.0024001440086405183,0,0,49915,49947,64,32,18,18,20,20,0,0,99716,0,0,0,0,0,0,0,0,0,40,238,0,0,0,0,0,0
339,1858,340.0621189731196,99994,0,0,1,1,149,91,0.0024001440086405183,0,0,49914,49946,64,32,19,19,21,21,0,0,99714,0,0,0,0,0,0,0,0,0,42,238,0,0,0,0,0,0
340,1858,341.04818526631044,99994,0,0,1,1,149,91,0.0024001440086405183,0,0,49914,49946,64,32,19,19,22,22,0,0,99712,0,0,0,0,0,0,0,0,0,44,238,0,0,0,0,0,0
341,1858,342.0290120460651,99994,0,0,1,1,149,91,0.0024001440086405183,0,0,49914,49946,63,31,20,20,23,23,0,0,99710,0,0,0,0,0,0,0,0,0,46,238,0,0,0,0,0,0
342,1858,343.0071403835109,99994,0,0,1,1,149,91,0.0024001440086405183,0,0,49913,49945,63,31,21,21,24,24,0,0,99708,0,0,0,0,0,0,0,0,0,48,238,0,0,0,0,0,0
343,1858,344.04589781594166,99994,0,0,1,1,149,91,0.0024001440086405183,0,0,49912,49944,63,31,22,22,25,25,0,0,99706,0,0,0,0,0,0,0,0,0,50,238,0,0,0,0,0,0
344,1858,345.0357381201033,99994,0,0,1,1,149,91,0.0024001440086405183,0,0,49910,49944,63,30,24,23,26,27,0,0,99703,0,0,0,0,0,0,0,0,0,53,238,0,0,0,0,0,0
345,1858,346.02561154428554,99994,0,0,1,1,149,91,0.0024001440086405183,0,0,49908,49942,63,30,26,25,28,29,0,0,99699,0,0,0,0,0,0,0,0,0,57,238,0,0,0,0,0,0
346,1858,347.0155247679136,99994,0,0,1,1,149,91,0.0024001440086405183,0,0,49906,49942,63,29,28,26,30,31,0,0,99695,0,0,0,0,0,0,0,0,0,61,238,0,0,0,0,0,0
347,1858,348.0054777413552,99994,0,0,1,1,149,91,0.0024001440086405183,0,0,49904,49941,63,28,30,28,32,33,0,0,99691,0,0,0,0,0,0,0,0,0,65,238,0,0,0,0,0,0
348,1858,349.32547253963145,99994,0,0,1,1,149,91,0.0024001440086405183,0,0,49903,49939,62,28,32,30,34,35,0,0,99687,0,0,0,0,0,0,0,0,0,69,238,0,0,0,0,0,0
349,1858,350.3154852758304,99994,0,0,1,1,149,91,0.0024001440086405183,0,0,49901,49936,62,28,34,33,37,38,0,0,99681,0,0,0,0,0,0,0,0,0,75,238,0,0,0,0,0,0
350,1858,351.3055378754689,99994,0,0,1,1,149,91,0.0024001440086405183,0,0,49899,49934,61,27,37,36,40,41,0,0,99675,0,0,0,0,0,0,0,0,0,81,238,0,0,0,0,0,0
351,1858,352.29563032853446,99994,0,0,1,1,149,91,0.0024001440086405183,0,0,49896,49931,61,27,40,39,43,44,0,0,99669,0,0,0,0,0,0,0,0,0,87,238,0,0,0,0,0,0
352,1858,353.2857759073059,99994,0,0,1,1,149,91,0.0024001440086405183,0,0,49892,49928,61,27,44,42,47,48,0,0,99661,0,0,0,0,0,0,0,0,0,95,238,0,0,0,0,0,0
353,1858,354.27599450357957,99994,0,0,1,1,149,91,0.0024001440086405183,0,0,49888,49925,61,27,48,45,51,52,0,0,99653,0,0,0,0,0,0,0,0,0,103,238,0,0,0,0,0,0
354,1858,355.2662927704763,99994,0,0,1,1,149,91,0.0024001440086405183,0,0,49883,49921,61,26,53,50,56,57,0,0,99644,0,0,0,0,0,0,0,0,0,112,237,1,0,0,0,0,0
355,1858,356.2566840231969,99994,0,0,1,1,149,91,0.0024001440086405183,0,0,49878,49916,61,26,58,55,61,62,0,0,99634,0,0,0,0,0,0,0,0,0,122,237,1,0,0,0,0,0
356,1858,357.24717493713945,99994,0,0,1,1,149,91,0.0024001440086405183,0,0,49874,49910,61,26,62,61,67,67,0,0,99623,0,0,0,0,0,0,0,0,0,133,237,1,0,0,0,0,0
357,1858,358.2377523038125,99994,0,0,1,1,149,91,0.0024001440086405183,0,0,49868,49904,61,26,68,67,73,73,0,0,99611,0,0,0,0,0,0,0,0,0,145,237,1,0,0,0,0,0
358,1858,359.2284360586004,99994,0,0,1,1,149,91,0.0024001440086405183,0,0,49862,49897,61,26,74,74,80,80,0,0,99597,0,0,0,0,0,0,0,0,0,159,237,1,0,0,0,0,0
359,1858,360.2192328865296,99994,0,0,1,1,149,91,0.0024001440086405183,0,0,49855,49890,61,25,81,82,88,87,0,0,99582,0,0,0,0,0,0,0,0,0,174,237,1,0,0,0,0,0
360,1858,361.21016936490054,99994,0,0,1,1,149,91,0.0024001440086405183,0,0,49847,49881,61,25,89,91,97,95,0,0,99565,0,0,0,0,0,0,0,0,0,191,237,1,0,0,0,0,0
361,1858,362.2012588942309,99994,0,0,1,1,149,91,0.0024001440086405183,0,0,49839,49872,61,24,97,101,107,104,0,0,99546,0,0,0,0,0,0,0,0,0,210,237,1,0,0,0,0,0
362,1858,363.1925081627716,99994,0,0,1,1,149,91,0.0024001440086405183,0,0,49831,49862,60,24,106,111,118,113,0,0,99526,0,0,0,0,0,0,0,0,0,230,237,1,0,0,0,0,0
363,1858,364.18390397310395,99994,0,0,1,1,149,91,0.0024001440086405183,0,0,49822,49851,60,23,115,123,130,123,0,0,99504,0,0,0,0,0,0,0,0,0,252,237,1,0,0,0,0,0
364,1858,365.17547964305777,99994,0,0,1,1,149,91,0.0024001440086405183,0,0,49811,49841,60,23,126,133,143,134,0,0,99480,0,0,0,0,0,0,0,0,0,276,237,1,0,0,0,0,0
365,1858,366.16726845829487,99994,0,0,1,1,149,91,0.0024001440086405183,0,0,49799,49827,60,23,138,147,157,146,0,0,99454,0,0,0,0,0,0,0,0,0,302,237,1,0,0,0,0,0
366,1858,367.1592905876115,99994,0,0,1,1,149,91,0.0024001440086405183,0,0,49787,49814,59,23,151,160,172,159,0,0,99426,0,0,0,0,0,0,0,0,0,330,237,1,0,0,0,0,0
367,1858,368.15155279433446,99994,0,0,1,1,149,91,0.0024001440086405183,0,0,49773,49798,59,23,165,176,189,173,0,0,99395,0,0,0,0,0,0,0,0,0,361,237,1,0,0,0,0,0
368,1858,369.1440819294394,99994,0,0,1,1,149,91,0.0024001440086405183,0,0,49759,49780,59,23,179,194,207,188,0,0,99362,0,0,0,0,0,0,0,0,0,394,237,1,0,0,0,0,0
369,1858,370.13689153741313,99994,0,0,1,1,149,91,0.0024001440086405183,0,0,49742,49761,59,23,196,213,227,205,0,0,99325,0,0,0,0,0,0,0,0,0,431,237,1,0,0,0,0,0
370,1858,371.13002184201156,99994,0,0,1,1,149,91,0.0024001440086405183,0,0,49724,49739,59,23,214,235,249,223,0,0,99285,0,0,0,0,0,0,0,0,0,471,237,1,0,0,0,0,0
371,1858,372.12350651152013,99994,0,0,1,1,149,91,0.0024001440086405183,0,0,49705,49715,59,23,233,259,273,242,0,0,99242,0,0,0,0,0,0,0,0,0,514,237,1,0,0,0,0,0
372,1858,373.1173659095151,99994,0,0,1,1,149,91,0.0024001440086405183,0,0,49685,49689,59,23,253,285,299,263,0,0,99195,0,0,0,0,0,0,0,0,0,561,237,1,0,0,0,0,0
373,1858,374.11162044514543,99994,0,0,1,1,149,91,0.0024001440086405183,0,0,49664,49661,59,23,274,313,327,285,0,0,99145,0,0,0,0,0,0,0,0,0,611,237,1,0,0,0,0,0
374,1858,375.1062905491285,99994,0,0,1,1,149,91,0.0024001440086405183,0,0,49640,49633,59,23,298,341,357,309,0,0,99091,0,0,0,0,0,0,0,0,0,665,237,1,0,0,0,0,0
375,1858,376.1014234884988,99994,0,0,1,1,149,91,0.0024001440086405183,0,0,49616,49600,58,23,323,374,390,335,0,0,99033,0,0,0,0,0,0,0,0,0,723,236,2,0,0,0,0,0
376,1858,377.0970332455944,99994,0,0,1,1,149,91,0.0024001440086405183,0,0,49591,49566,58,23,348,408,425,362,0,0,98971,0,0,0,0,0,0,0,0,0,785,236,2,0,0,0,0,0
377,1858,378.0931404644522,99994,0,0,1,1,149,91,0.0024001440086405183,0,0,49562,49528,58,23,377,446,463,391,0,0,98904,0,0,0,0,0,0,0,0,0,852,236,2,0,0,0,0,0
378,1858,379.08981291748296,99994,0,0,1,1,149,91,0.0024001440086405183,0,0,49532,49489,58,23,407,485,504,422,0,0,98833,0,0,0,0,0,0,0,0,0,923,235,3,0,0,0,0,0
379,1858,380.087071458818,99994,0,0,1,1,149,91,0.0024001440086405183,0,0,49501,49445,57,23,439,529,548,455,0,0,98757,0,0,0,0,0,0,0,0,0,999,234,4,0,0,0,0,0
380,1858,381.08495062804093,99994,0,0,1,1,149,91,0.0024001440086405183,0,0,49467,49400,57,23,473,574,595,490,0,0,98675,0,0,0,0,0,0,0,0,0,1081,234,4,0,0,0,0,0
381,1858,382.0835051442562,99994,0,0,1,1,149,91,0.0024001440086405183,0,0,49431,49352,57,23,509,622,646,527,0,0,98587,0,0,0,0,0,0,0,0,0,1169,234,4,0,0,0,0,0
382,1858,383.08278331279433,99994,0,0,1,1,149,91,0.0024001440086405183,0,0,49392,49301,57,23,548,673,700,567,0,0,98493,0,0,0,0,0,0,0,0,0,1263,234,4,0,0,0,0,0
383,1858,384.0828268547185,99994,0,0,1,1,149,91,0.0024001440086405183,0,0,49352,49247,57,23,588,727,758,609,0,0,98393,0,0,0,0,0,0,0,0,0,1363,234,4,0,0,0,0,0
384,1858,385.08367766474277,99994,0,0,1,1,149,91,0.0024001440086405183,0,0,49309,49186,57,23,631,788,820,654,0,0,98286,0,0,0,0,0,0,0,0,0,1470,234,4,0,0,0,0,0
385,1858,386.08538482978815,99994,0,0,1,1,149,91,0.0024001440086405183,0,0,49263,49121,57,23,677,853,886,701,0,0,98173,0,0,0,0,0,0,0,0,0,1583,234,4,0,0,0,0,0
386,1858,387.0880178732838,99994,0,0,1,1,149,91,0.0024001440086405183,0,0,49214,49052,57,23,726,922,957,751,0,0,98052,0,0,0,0,0,0,0,0,0,1704,234,4,0,0,0,0,0
387,1858,388.0916195519117,99994,0,0,1,1,149,91,0.0024001440086405183,0,0,49167,48981,57,23,773,993,1032,804,0,0,97924,0,0,0,0,0,0,0,0,0,1832,234,4,0,0,0,0,0
388,1858,389.0961781723809,99994,0,0,1,1,149,91,0.0024001440086405183,0,0,49117,48902,57,23,823,1072,1112,860,0,0,97788,0,0,0,0,0,0,0,0,0,1968,234,4,0,0,0,0,0
389,1858,390.10174365624124,99994,0,0,1,1,149,91,0.0024001440086405183,0,0,49060,48819,57,23,880,1155,1197,919,0,0,97644,0,0,0,0,0,0,0,0,0,2112,234,4,0,0,0,0,0
390,1858,391.108455214197,99994,0,0,1,1,149,91,0.0024001440086405183,0,0,49000,48740,57,22,940,1235,1287,981,0,0,97492,0,0,0,0,0,0,0,0,0,2264,234,4,0,0,0,0,0
391,1858,392.11639770960034,99994,0,0,1,1,149,91,0.0024001440086405183,0,0,48935,48651,57,22,1005,1324,1382,1046,0,0,97333,0,0,0,0,0,0,0,0,0,2423,233,5,0,0,0,0,0
392,1858,393.12563651664044,99994,0,0,1,1,149,91,0.0024001440086405183,0,0,48872,48557,56,22,1069,1418,1483,1115,0,0,97163,0,0,0,0,0,0,0,0,0,2593,233,5,0,0,0,0,0
393,1858,394.13616820390223,99994,0,0,1,1,149,91,0.0024001440086405183,0,0,48803,48457,56,22,1138,1518,1590,1187,0,0,96984,0,0,0,0,0,0,0,0,0,2772,233,5,0,0,0,0,0
394,1858,395.1481002062148,99994,0,0,1,1,149,91,0.0024001440086405183,0,0,48731,48346,56,22,1210,1629,1703,1263,0,0,96796,0,0,0,0,0,0,0,0,0,2960,232,6,0,0,0,0,0
395,1858,396.1615131177014,99994,0,0,1,1,149,91,0.0024001440086405183,0,0,48657,48230,56,22,1284,1745,1822,1342,0,0,96599,0,0,0,0,0,0,0,0,0,3157,231,7,0,0,0,0,0
396,1858,397.17646716757645,99994,0,0,1,1,149,91,0.0024001440086405183,0,0,48577,48110,56,22,1364,1865,1948,1425,0,0,96391,0,0,0,0,0,0,0,0,0,3365,230,8,0,0,0,0,0
397,1858,398.1930580221495,99994,0,0,1,1,149,91,0.0024001440086405183,0,0,48495,47982,55,21,1447,1994,2080,1512,0,0,96172,0,0,0,0,0,0,0,0,0,3584,230,8,0,0,0,0,0
398,1858,399.2113473740514,99994,0,0,1,1,149,91,0.0024001440086405183,0,0,48406,47847,55,21,1536,2129,2219,1603,0,0,95942,0,0,0,0,0,0,0,0,0,3814,230,8,0,0,0,0,0
399,1858,400.23150289002257,99994,0,0,1,1,149,91,0.0024001440086405183,0,0,48316,47709,55,21,1626,2267,2365,1698,0,0,95701,0,0,0,0,0,0,0,0,0,4055,230,8,0,0,0,0,0
400,1858,401.25350317470037,99994,0,0,1,1,149,91,0.0024001440086405183,0,0,48226,47564,53,21,1718,2412,2519,1797,0,0,95450,0,0,0,0,0,0,0,0,0,4306,228,10,0,0,0,0,0
401,1858,402.27741909598,99994,0,0,1,1,149,91,0.0024001440086405183,0,0,48127,47409,52,21,1818,2567,2680,1901,0,0,95186,0,0,0,0,0,0,0,0,0,4570,227,11,0,0,0,0,0
402,1858,403.3034075351937,99994,0,0,1,1,149,91,0.0024001440086405183,0,0,48030,47245,52,21,1915,2731,2849,2009,0,0,94910,0,0,0,0,0,0,0,0,0,4846,226,12,0,0,0,0,0
403,1858,404.3314842513967,99994,0,0,1,1,149,91,0.0024001440086405183,0,0,47920,47082,51,21,2026,2894,3026,2121,0,0,94622,0,0,0,0,0,0,0,0,0,5134,225,13,0,0,0,0,0
404,1858,405.0181489474562,99994,0,0,1,1,149,91,0.0024001440086405183,0,0,47808,46904,51,21,2138,3072,3211,2238,0,0,94321,0,0,0,0,0,0,0,0,0,5435,224,14,0,0,0,0,0
405,1858,406.0509474754826,99994,0,0,1,1,149,91,0.0024001440086405183,0,0,47691,46719,51,21,2255,3257,3404,2360,0,0,94007,0,0,0,0,0,0,0,0,0,5749,223,15,0,0,0,0,0
406,1858,407.08622504047815,99994,0,0,1,1,149,91,0.0024001440086405183,0,0,47574,46525,50,21,2373,3451,3606,2486,0,0,93680,0,0,0,0,0,0,0,0,0,6076,222,16,0,0,0,0,0
407,1858,408.12401554656896,99994,0,0,1,1,149,91,0.0024001440086405183,0,0,47458,46326,49,21,2490,3650,3817,2617,0,0,93339,0,0,0,0,0,0,0,0,0,6417,221,17,0,0,0,0,0
408,1858,409.16435361294435,99994,0,0,1,1,149,91,0.0024001440086405183,0,0,47334,46125,48,20,2615,3852,4036,2753,0,0,92985,0,0,0,0,0,0,0,0,0,6771,220,18,0,0,0,0,0
409,1858,410.12147422786603,99994,0,0,1,1,149,91,0.0024001440086405183,0,0,47196,45907,48,20,2753,4070,4264,2894,0,0,92616,0,0,0,0,0,0,0,0,0,7140,220,18,0,0,0,0,0
410,1858,411.14858681042364,99994,0,0,1,1,149,91,0.0024001440086405183,0,0,47059,45682,48,20,2890,4295,4501,3040,0,0,92234,0,0,0,0,0,0,0,0,0,7522,219,19,0,0,0,0,0
411,1858,412.07230453082155,99994,0,0,1,1,149,91,0.0024001440086405183,0,0,46912,45450,48,19,3037,4528,4747,3191,0,0,91838,0,0,0,0,0,0,0,0,0,7918,218,20,0,0,0,0,0
412,1858,413.1082588061817,99994,0,0,1,1,149,91,0.0024001440086405183,0,0,46769,45211,48,17,3180,4769,5003,3347,0,0,91428,0,0,0,0,0,0,0,0,0,8328,216,22,0,0,0,0,0
413,1858,414.06125222010917,99994,0,0,1,1,149,91,0.0024001440086405183,0,0,46617,44965,48,17,3332,5015,5268,3508,0,0,91003,0,0,0,0,0,0,0,0,0,8753,215,23,0,0,0,0,0
414,1858,415.1546620878431,99994,0,0,1,1,149,91,0.0024001440086405183,0,0,46460,44701,47,17,3490,5279,5542,3675,0,0,90562,0,0,0,0,0,0,0,0,0,9194,215,23,0,0,0,0,0
415,1858,416.140956460169,99994,0,0,1,1,149,91,0.0024001440086405183,0,0,46299,44432,47,17,3651,5548,5826,3847,0,0,90106,0,0,0,0,0,0,0,0,0,9650,215,23,0,0,0,0,0
416,1858,417.10850787312387,99994,0,0,1,1,149,91,0.0024001440086405183,0,0,46132,44159,47,16,3818,5822,6119,4024,0,0,89637,0,0,0,0,0,0,0,0,0,10119,214,24,0,0,0,0,0
417,1858,418.13527170341115,99994,0,0,1,1,149,91,0.0024001440086405183,0,0,45966,43885,47,16,3984,6096,6422,4206,0,0,89152,0,0,0,0,0,0,0,0,0,10604,214,24,0,0,0,0,0
418,1858,419.23379958041625,99994,0,0,1,1,149,91,0.0024001440086405183,0,0,45798,43593,47,16,4152,6388,6734,4394,0,0,88654,0,0,0,0,0,0,0,0,0,11102,212,26,0,0,0,0,0
419,1858,420.05049685696844,99994,0,0,1,1,149,91,0.0024001440086405183,25,25,45588,43263,47,16,4337,6693,7056,4587,0,0,88139,0,0,0,0,0,0,0,0,0,11617,212,26,0,0,0,0,0
420,1858,421.0055779372361,99994,6,2,1,1,155,93,0.002480148808928536,19,23,45400,42954,47,16,4525,7002,7387,4785,0,0,87610,0,0,0,0,0,0,0,0,0,12146,212,26,0,0,0,0,0
421,1858,422.09376324157455,99994,8,4,1,1,158,95,0.0025301518091085467,20,22,45214,42639,48,16,4707,7316,7727,4988,0,0,87067,1,0,0,0,0,0,0,0,0,12688,211,27,0,0,0,0,0
422,1858,423.0467599130927,99994,9,6,1,1,161,97,0.0025801548092885575,20,21,45022,42314,50,16,4896,7640,8077,5196,0,0,86508,3,0,0,0,0,0,0,0,0,13245,210,28,0,0,0,0,0
423,1858,424.0311328032412,99994,14,11,1,1,167,104,0.0027101626097565854,18,15,44823,41977,49,17,5093,7977,8436,5410,0,0,85934,6,0,0,0,0,0,0,0,0,13816,208,30,0,0,0,0,0
424,1858,425.16176952615086,99994,13,13,1,1,172,110,0.0028201692101526093,18,13,44620,41638,55,21,5291,8312,8804,5629,0,0,85338,15,1,0,0,0,0,0,0,0,14402,208,30,0,0,0,0,0
425,1858,426.1866462162627,99994,13,11,1,1,177,113,0.0029001740104406264,14,14,44412,41279,60,26,5498,8667,9181,5853,0,0,84728,25,1,0,0,0,0,0,0,0,15002,207,31,0,0,0,0,0
426,1858,427.0180322179494,99994,20,16,1,1,184,121,0.003050183010980659,10,7,44194,40928,60,28,5713,9018,9566,6082,0,0,84112,27,2,0,0,0,0,0,0,0,15615,207,31,0,0,0,0,0
427,1858,428.0562786898161,99994,19,15,1,1,190,123,0.003130187811268676,12,9,43971,40568,67,31,5928,9374,9960,6316,0,0,83476,36,3,0,0,0,0,0,0,0,16241,206,32,0,0,0,0,0
428,1858,429.1103329386726,99994,16,12,1,1,193,126,0.003190191411484689,13,12,43749,40197,72,36,6147,9740,10362,6555,0,0,82827,47,4,0,0,0,0,0,0,0,16878,203,35,0,0,0,0,0
429,1858,430.16603459750144,99994,16,12,1,1,196,128,0.0032401944116647,13,10,43526,39817,75,38,6367,10120,10772,6798,0,0,82170,52,4,0,0,0,0,0,0,0,17530,202,36,0,0,0,0,0
430,1858,431.07054305939437,99994,19,16,1,1,200,132,0.0033201992119527173,15,8,43298,39420,75,37,6590,10516,11189,7046,0,0,81506,52,5,0,0,0,0,0,0,0,18193,201,37,0,0,0,0,0
431,1858,432.0757588996553,99994,20,17,1,1,205,134,0.003390203412204732,17,9,43066,39025,78,35,6816,10911,11614,7298,0,0,80831,54,8,0,0,0,0,0,0,0,18863,197,41,0,0,0,0,0
432,1858,433.08268449521654,99994,28,17,1,1,215,137,0.0035202112126727606,19,15,42822,38631,78,37,7050,11297,12046,7555,0,0,80139,58,9,0,0,0,0,0,0,0,19550,196,42,0,0,0,0,0
433,1858,434.0788608430679,99994,30,13,1,1,222,137,0.0035902154129247754,20,19,42583,38234,82,41,7282,11690,12485,7816,0,0,79436,63,13,0,0,0,0,0,0,0,20244,194,44,0,0,0,0,0
434,1858,435.29130186817304,99994,27,20,1,1,226,145,0.0037102226133568015,23,15,42335,37835,89,41,7523,12086,12930,8081,0,0,78721,71,13,0,0,0,0,0,0,0,20951,191,47,0,0,0,0,0
435,1858,436.1879166758902,99994,31,22,1,1,232,147,0.0037902274136448187,22,16,42080,37417,91,40,7773,12502,13381,8350,0,0,78001,73,13,0,0,0,0,0,0,0,21669,189,49,0,0,0,0,0
436,1858,437.16004507718065,99994,30,23,1,1,235,150,0.0038502310138608317,22,18,41824,36989,95,42,8026,12925,13838,8623,0,0,77267,77,15,0,0,0,0,0,0,0,22397,189,49,0,0,0,0,0
437,1858,438.1565243828775,99994,27,26,1,1,243,156,0.0039902394143648615,22,17,41574,36565,104,45,8270,13344,14300,8900,0,0,76521,88,18,0,0,0,0,0,0,0,23129,185,53,0,0,0,0,0
438,1858,439.07089246133603,99994,31,30,1,1,252,160,0.00412024721483289,21,18,41314,36133,105,44,8526,13772,14767,9181,0,0,75772,91,20,0,0,0,0,0,0,0,23873,183,55,0,0,0,0,0
439,1858,440.27761689426836,99994,31,29,1,1,259,165,0.004240254415264916,27,20,41048,35724,112,49,8779,14175,15238,9465,0,0,75009,99,25,0,0,0,0,0,0,0,24623,183,55,0,0,0,0,0
440,1858,441.03030103903086,99994,32,28,1,1,262,166,0.004280256815408925,28,21,40786,35273,111,50,9040,14625,15714,9752,0,0,74248,100,28,0,0,0,0,0,0,0,25380,180,58,0,0,0,0,0
441,1858,442.018955081051,99994,35,29,1,1,266,170,0.004360261615696942,32,20,40511,34827,112,49,9307,15072,16193,10042,0,0,73481,101,31,0,0,0,0,0,0,0,26143,177,61,0,0,0,0,0
442,1858,443.147311848554,99994,40,33,1,1,277,179,0.004560273616416985,33,19,40244,34390,118,54,9562,15501,16675,10335,0,0,72700,109,34,0,0,0,0,0,0,0,26913,175,63,0,0,0,0,0
443,1858,444.16485754957534,99994,47,41,1,1,289,187,0.0047602856171370285,36,21,39968,33955,123,54,9823,15926,17160,10631,0,0,71916,112,36,0,0,0,0,0,0,0,27692,175,63,0,0,0,0,0
444,1858,445.17334757749035,99994,47,39,1,1,296,195,0.0049102946176770605,48,23,39683,33509,128,63,10091,16363,17648,10929,0,0,71119,124,41,0,0,0,0,0,0,0,28472,174,64,0,0,0,0,0
445,1858,446.18894712122,99994,51,38,1,1,309,201,0.0051003060183611015,48,29,39405,33065,134,70,10359,16795,18137,11229,0,0,70321,135,46,0,0,0,0,0,0,0,29254,172,66,0,0,0,0,0
446,1858,447.21156896891114,99994,52,43,1,1,318,210,0.00528031681900914,52,31,39141,32619,141,72,10611,17232,18628,11531,0,0,69522,142,51,0,0,0,0,0,0,0,30041,171,67,0,0,0,0,0
447,1858,448.2410409388756,99994,56,48,1,1,330,218,0.005480328819729183,48,30,38872,32179,149,75,10872,17665,19120,11835,0,0,68719,150,54,0,0,0,0,0,0,0,30833,170,68,0,0,0,0,0
448,1858,449.27762443774026,99994,62,51,1,1,342,225,0.005670340220413224,50,28,38587,31739,152,78,11146,18101,19613,12141,0,0,67918,154,60,0,0,0,0,0,0,0,31624,168,70,0,0,0,0,0
449,1858,450.3216886310259,99994,54,50,1,1,352,233,0.005850351021061264,53,30,38313,31302,169,84,11408,18531,20106,12449,0,0,67101,171,70,0,0,0,0,0,0,0,32414,167,71,0,0,0,0,0
450,1858,451.02192201526,99994,55,49,1,1,362,237,0.005990359421565294,52,30,38026,30847,177,88,11687,18983,20599,12758,0,0,66292,180,75,0,0,0,0,0,0,0,33209,165,73,0,0,0,0,0
451,1858,452.0814097132033,99994,66,45,1,1,382,245,0.006270376222573354,53,28,37746,30414,183,97,11949,19413,21091,13068,0,0,65481,191,85,0,0,0,0,0,0,0,33999,163,75,0,0,0,0,0
452,1858,453.14869041540913,99994,66,48,1,1,396,251,0.006470388223293397,58,30,37472,29998,195,96,12206,19825,21582,13379,0,0,64671,200,93,0,0,0,0,0,0,0,34792,162,76,0,0,0,0,0
453,1858,454.2236077205699,99994,75,43,1,1,414,256,0.006700402024121447,52,33,37210,29580,202,103,12458,20238,22071,13690,0,0,63862,210,102,0,0,0,0,0,0,0,35582,161,77,0,0,0,0,0
454,1858,455.30623786838544,99994,77,47,1,1,425,266,0.006910414624877493,56,32,36919,29161,211,105,12734,20652,22559,14002,0,0,63058,215,112,0,0,0,0,0,0,0,36371,160,78,0,0,0,0,0
455,1858,456.03258784739137,99994,73,49,1,1,434,269,0.007030421825309519,60,34,36622,28731,224,102,13018,21081,23044,14314,0,0,62255,222,119,0,0,0,0,0,0,0,37160,159,79,0,0,0,0,0
456,1858,457.13232294299013,99994,84,51,1,1,455,282,0.007370442226533592,63,34,36341,28317,234,110,13275,21485,23527,14626,0,0,61446,236,126,0,0,0,0,0,0,0,37948,159,79,0,0,0,0,0
457,1858,458.24045761025764,99994,78,54,1,1,466,295,0.007610456627397644,68,24,36071,27915,248,120,13532,21884,24007,14938,0,0,60639,251,138,0,0,0,0,0,0,0,38728,159,79,0,0,0,0,0
458,1858,459.3569712624594,99994,87,55,1,1,485,301,0.007860471628297698,69,31,35793,27510,257,124,13791,22277,24484,15250,0,0,59844,258,145,1,0,0,0,0,0,0,39509,157,80,0,0,0,0,0
459,1858,460.10600555217616,99994,86,55,1,1,497,308,0.00805048302898174,69,27,35505,27096,269,128,14068,22691,24957,15561,0,0,59049,270,153,1,0,0,0,0,0,0,40284,156,81,0,0,0,0,0
460,1858,461.2401430927804,99994,87,58,1,1,511,317,0.008280496829809789,78,28,35238,26715,277,132,14317,23064,25426,15871,0,0,58263,280,162,1,0,0,0,0,0,0,41051,153,84,0,0,0,0,0
461,1858,462.001040644363,99994,86,61,1,1,522,324,0.008460507630457827,84,28,34951,26306,286,134,14590,23468,25891,16180,0,0,57480,291,167,1,0,0,0,0,0,0,41818,151,86,0,0,0,0,0
462,1858,463.152922472188,99994,86,60,1,1,539,332,0.008710522631357881,83,32,34711,25933,299,139,14818,23833,26351,16488,0,0,56703,302,182,1,0,0,0,0,0,0,42569,149,88,0,0,0,0,0
463,1858,464.31291085865723,99994,94,64,1,1,563,342,0.009050543032581956,80,39,34450,25567,311,144,15062,24183,26807,16795,0,0,55929,314,191,2,0,0,0,0,0,0,43322,147,89,0,0,0,0,0
464,1858,465.09100006953423,99994,94,59,1,1,576,348,0.009240554433265996,81,41,34173,25188,323,151,15326,24558,27258,17101,0,0,55167,323,206,2,0,0,0,0,0,0,44060,143,93,0,0,0,0,0
465,1858,466.26895622544606,99994,100,63,1,1,594,363,0.009570574234454067,83,37,33921,24847,330,157,15563,24893,27703,17405,0,0,54410,332,218,2,1,0,0,0,0,0,44795,142,94,0,0,0,0,0
466,1858,467.0591211306983,99994,113,68,1,1,613,372,0.009850591035462129,76,35,33661,24479,331,161,15816,25254,28143,17708,0,0,53665,335,225,2,1,0,0,0,0,0,45530,141,95,0,0,0,0,0
467,1858,468.2549690838454,99994,114,65,1,1,634,381,0.010150609036542193,85,40,33408,24138,345,173,16045,25581,28578,18009,0,0,52920,346,246,2,1,0,0,0,0,0,46243,139,97,0,0,0,0,0
468,1858,469.05712443327246,99994,123,57,1,1,655,383,0.010380622837370242,84,48,33142,23774,353,180,16295,25938,29007,18308,0,0,52186,352,260,3,1,0,0,0,0,0,46956,138,98,0,0,0,0,0
469,1858,470.2713981082737,99994,122,67,1,1,679,402,0.010810648638918336,93,43,32891,23453,373,183,16518,26251,29430,18604,0,0,51454,365,281,3,1,0,0,0,0,0,47654,138,98,0,0,0,0,0
470,1858,471.0859599411144,99994,140,71,1,1,709,412,0.011210672640358422,77,47,32641,23103,381,188,16758,26588,29847,18898,0,0,50736,375,289,3,1,0,0,0,0,0,48354,135,101,0,0,0,0,0
471,1858,472.31899523016784,99994,136,73,1,1,729,425,0.011540692441546492,88,45,32391,22814,399,195,16983,26870,30258,19190,0,0,50020,390,309,3,1,0,0,0,0,0,49035,133,103,0,0,0,0,0
472,1858,473.1461421725156,99994,144,69,1,1,752,432,0.011840710442626558,94,43,32133,22494,408,204,17218,27187,30662,19479,0,0,49321,399,326,3,1,0,0,0,0,0,49708,130,106,0,0,0,0,0
473,1858,474.39826929450925,99994,137,73,1,1,777,444,0.012210732643958638,107,48,31887,22177,433,211,17433,27488,31060,19766,0,0,48619,418,347,3,1,0,0,0,0,0,50370,128,108,0,0,0,0,0
474,1858,475.2383240996853,99994,146,77,1,1,803,458,0.012610756645398725,109,44,31634,21865,444,218,17664,27793,31451,20050,0,0,47933,430,362,3,1,0,0,0,0,0,51029,127,109,0,0,0,0,0
475,1858,476.0850375684782,99994,145,71,1,1,828,469,0.012970778246694802,109,48,31389,21561,469,232,17885,28085,31836,20331,0,0,47249,451,384,3,1,0,0,0,0,0,51670,124,112,0,0,0,0,0
476,1858,477.36671356971004,99994,142,73,1,1,855,484,0.013390803448206893,117,46,31157,21320,491,241,18090,28317,32214,20609,0,0,46571,474,403,3,2,0,0,0,0,0,52306,123,112,0,0,0,0,0
477,1858,478.22635758185993,99994,148,71,1,1,875,492,0.013670820249214953,123,45,30914,21017,504,250,18308,28614,32585,20884,0,0,45920,481,420,3,2,0,0,0,0,0,52933,121,114,0,0,0,0,0
478,1858,479.0926447162858,99994,162,74,1,1,903,502,0.014050843050583035,124,42,30674,20723,511,250,18526,28908,32950,21156,0,0,45282,483,437,4,3,0,0,0,0,0,53552,119,114,0,0,0,0,0
479,1858,480.40377478579944,99994,168,70,1,1,936,520,0.014560873652419145,131,41,30461,20474,533,267,18704,29145,33308,21425,0,0,44634,505,464,4,3,0,0,0,0,0,54151,118,115,0,0,0,0,0
480,1858,481.28286472092066,99994,179,76,1,1,968,530,0.014980898853931236,123,44,30242,20191,548,269,18905,29417,33659,21691,0,0,44012,513,481,3,4,0,0,0,0,0,54748,116,117,0,0,0,0,0
481,1858,482.1683444004493,99994,190,73,1,1,1004,534,0.015380922855371322,114,52,30028,19914,567,275,19098,29683,34003,21953,0,0,43393,526,500,3,4,0,0,0,0,0,55335,116,117,0,0,0,0,0
482,1858,483.06014713371553,99994,186,78,1,1,1024,545,0.01569094145648739,126,56,29801,19673,589,280,19295,29910,34341,22212,0,0,42781,542,514,3,4,0,0,0,0,0,55917,115,118,0,0,0,0,0
483,1858,484.40910667360464,99993,204,79,1,2,1066,562,0.016281139679777585,133,65,29609,19468,607,288,19444,30096,34672,22468,0,0,42187,549,546,3,4,0,0,0,0,0,56471,115,118,0,0,0,0,0
484,1858,485.3130009750228,99993,215,89,1,2,1100,585,0.01685117958257078,132,55,29395,19238,627,295,19628,30319,34996,22720,0,0,41597,563,568,3,4,0,0,0,0,0,57025,115,118,0,0,0,0,0
485,1858,486.2234755271266,99993,214,92,1,2,1128,602,0.017301211084775933,143,44,29192,19006,651,308,19797,30546,35314,22969,0,0,41008,586,588,3,4,0,0,0,0,0,57571,114,119,0,0,0,0,0
486,1858,487.14042140256936,99993,213,87,1,2,1159,615,0.017741241886932085,143,44,28993,18798,678,325,19970,30742,35625,23214,0,0,40431,608,616,3,4,0,0,0,0,0,58098,113,120,0,0,0,0,0
487,1858,488.06377912023044,99993,225,87,1,2,1203,625,0.01828127968957827,140,49,28806,18582,702,333,20124,30945,35929,23456,0,0,39878,618,648,3,4,0,0,0,0,0,58609,110,123,0,0,0,0,0
488,1858,489.4590208630164,99993,228,80,1,2,1251,637,0.018881321692518476,150,56,28636,18422,739,348,20244,31090,36227,23694,0,0,39309,650,678,4,4,0,0,0,0,0,59115,110,123,0,0,0,0,0
489,1858,490.3936432115816,99993,236,84,1,2,1290,655,0.019451361595311672,143,51,28455,18219,766,354,20397,31288,36518,23929,0,0,38764,670,703,4,4,0,0,0,0,0,59615,109,124,0,0,0,0,0
490,1858,491.3343139066226,99993,225,95,1,2,1313,670,0.019831388197173803,163,53,28275,18036,793,357,20541,31455,36803,24160,0,0,38225,693,718,4,4,0,0,0,0,0,60116,109,124,0,0,0,0,0
491,1858,492.28085073692006,99993,231,100,1,2,1342,692,0.020341423899672976,171,55,28110,17847,809,369,20676,31625,37082,24387,0,0,37708,704,747,4,4,0,0,0,0,0,60593,109,124,0,0,0,0,0
492,1858,493.2329823924105,99993,226,100,1,2,1374,707,0.020811456801976137,168,57,27947,17666,841,381,20815,31792,37354,24611,0,0,37191,726,777,4,4,0,0,0,0,0,61058,108,125,0,0,0,0,0
493,1858,494.1906835019664,99993,243,99,1,2,1416,724,0.021401498104867342,167,57,27778,17499,859,396,20950,31945,37620,24831,0,0,36694,739,807,4,4,0,0,0,0,0,61512,106,127,0,0,0,0,0
494,1858,495.1541976093825,99992,251,96,2,2,1452,735,0.0218717497399792,167,61,27627,17330,869,406,21082,32103,37880,25048,0,0,36203,752,835,4,4,0,0,0,0,0,61961,106,127,0,0,0,0,0
495,1858,496.12287748196854,99992,256,94,2,2,1490,746,0.02236178894311545,161,58,27482,17174,889,415,21208,32255,38134,25261,0,0,35722,768,865,4,4,0,0,0,0,0,62396,104,129,0,0,0,0,0
496,1858,497.09678778059657,99992,253,98,2,2,1527,759,0.022861828946315704,171,58,27322,17021,921,420,21329,32399,38382,25470,0,0,35252,781,901,4,4,0,0,0,0,0,62817,104,129,0,0,0,0,0
497,1858,498.0763328006174,99992,261,100,2,2,1564,771,0.023351868149451956,168,67,27175,16905,941,424,21451,32500,38624,25676,0,0,34794,793,928,4,4,0,0,0,0,0,63236,102,131,0,0,0,0,0
498,1858,499.0612288118082,99992,272,102,2,2,1606,786,0.02392191375310025,167,72,27019,16767,966,430,21572,32625,38861,25878,0,0,34343,806,959,4,4,0,0,0,0,0,63643,101,132,0,0,0,0,0
499,1858,500.0514577939063,99992,271,103,2,2,1636,801,0.02437194975598048,193,83,26873,16632,989,439,21670,32739,39092,26077,0,0,33901,819,991,4,4,0,0,0,0,0,64040,100,133,0,0,0,0,0
500,1858,501.0469667920342,99992,264,103,2,2,1669,821,0.02490199215937275,197,78,26744,16528,1014,453,21777,32834,39318,26272,0,0,33463,837,1033,4,4,0,0,0,0,0,64418,99,134,0,0,0,0,0
501,1858,502.04735252370654,99992,274,107,2,2,1716,845,0.025612048963917115,181,63,26628,16428,1042,465,21871,32933,39538,26464,0,0,33036,852,1075,4,4,0,0,0,0,0,64788,99,134,0,0,0,0,0
502,1858,503.05243062953446,99992,278,108,2,2,1762,857,0.02619209536762941,182,69,26486,16303,1080,470,21970,33046,39753,26652,0,0,32618,869,1111,4,4,0,0,0,0,0,65153,97,136,0,0,0,0,0
503,1858,504.0626688032995,99992,283,112,2,2,1804,876,0.02680214417153372,177,70,26367,16215,1103,482,22066,33117,39963,26837,0,0,32216,877,1153,4,5,0,0,0,0,0,65504,96,137,0,0,0,0,0
504,1858,505.0775874681569,99992,279,121,2,2,1846,899,0.027452196175694055,175,64,26252,16114,1140,489,22150,33208,40168,27018,0,0,31812,895,1195,4,5,0,0,0,0,0,65848,96,137,0,0,0,0,0
505,1858,506.09703634695603,99992,275,115,2,2,1885,908,0.027932234578766302,180,76,26138,16016,1170,499,22233,33290,40368,27196,0,0,31418,913,1235,4,5,0,0,0,0,0,66184,94,139,0,0,0,0,0
506,1858,507.12103831746157,99992,278,124,2,2,1929,932,0.02861228898311865,191,62,26036,15939,1199,511,22292,33360,40563,27371,0,0,31033,928,1274,4,6,0,0,0,0,0,66514,94,139,0,0,0,0,0
507,1858,508.14909298761,99991,288,125,3,2,1985,952,0.02937264353791841,177,57,25927,15861,1229,527,22374,33426,40753,27542,0,0,30657,941,1321,6,6,0,0,0,0,0,66827,93,140,0,0,0,0,0
508,1858,509.18140976475274,99991,290,111,3,2,2024,962,0.02986268764188777,168,70,25828,15800,1255,548,22454,33467,40938,27710,0,0,30285,960,1363,6,6,0,0,0,0,0,67138,93,140,0,0,0,0,0
509,1858,510.2178359808262,99991,290,106,3,2,2074,977,0.030512746147153245,158,75,25716,15752,1297,563,22534,33500,41118,27875,0,0,29925,974,1415,8,6,0,0,0,0,0,67430,92,141,0,0,0,0,0
510,1858,511.2587168536999,99991,278,111,3,2,2113,996,0.031092798351851667,163,82,25615,15688,1336,572,22603,33543,41294,28037,0,0,29564,998,1452,8,8,0,0,0,0,0,67728,91,142,0,0,0,0,0
511,1858,512.3037602383326,99990,279,121,3,3,2149,1023,0.03172317231723172,164,77,25518,15641,1368,581,22666,33575,41466,28196,0,0,29221,1009,1490,9,8,0,0,0,0,0,68020,91,142,0,0,0,0,0
512,1858,513.3528100473998,99990,288,123,3,3,2191,1041,0.03232323232323232,173,74,25438,15599,1387,592,22709,33607,41633,28352,0,0,28891,1015,1531,10,8,0,0,0,0,0,68302,91,142,0,0,0,0,0
513,1858,514.4053309474721,99989,291,126,4,3,2236,1060,0.03296362599885987,162,72,25339,15544,1420,605,22782,33648,41796,28505,0,0,28553,1036,1567,10,8,0,0,0,0,0,68582,91,142,0,0,0,0,0
514,1858,515.4619559912034,99989,289,125,4,3,2283,1081,0.033643700807088776,171,78,25252,15502,1458,624,22824,33666,41955,28654,0,0,28228,1052,1619,12,8,0,0,0,0,0,68838,90,142,0,0,0,0,0
515,1858,516.5222952938675,99989,308,133,4,3,2336,1103,0.03439378331616478,160,65,25179,15481,1481,629,22866,33687,42110,28801,0,0,27922,1056,1659,12,10,0,0,0,0,0,69098,90,142,0,0,0,0,0
516,1858,517.052782974802,99989,305,133,4,3,2358,1117,0.03475382292052126,161,59,25074,15397,1497,638,22957,33768,42261,28945,0,0,27626,1059,1695,11,11,0,0,0,0,0,69355,89,143,0,0,0,0,0
517,1858,518.1206457901244,99989,291,129,4,3,2398,1137,0.03535388892778206,165,56,24999,15372,1536,655,23003,33783,42408,29086,0,0,27309,1088,1742,11,12,0,0,0,0,0,69595,89,143,0,0,0,0,0
518,1858,519.1916571620123,99989,290,127,4,3,2450,1157,0.036073968136495015,154,57,24936,15332,1580,675,23034,33804,42551,29224,0,0,27015,1101,1800,12,13,0,0,0,0,0,69816,88,144,0,0,0,0,0
519,1858,520.2657641450293,99989,293,121,4,3,2488,1168,0.03656402204242467,152,67,24876,15311,1600,685,23073,33811,42691,29359,0,0,26726,1116,1837,12,13,0,0,0,0,0,70053,87,145,0,0,0,0,0
520,1858,521.3427220511788,99989,288,106,4,3,2525,1184,0.03709408034883837,149,75,24836,15295,1625,709,23096,33810,42827,29491,0,0,26441,1136,1890,10,15,0,0,0,0,0,70265,86,146,0,0,0,0,0
521,1858,522.4216647848108,99989,289,99,4,3,2570,1200,0.03770414745622019,152,79,24782,15278,1655,729,23116,33810,42960,29621,0,0,26169,1144,1945,11,16,0,0,0,0,0,70472,86,146,0,0,0,0,0
522,1858,523.5028458189821,99989,288,105,4,3,2606,1220,0.03826420906299693,169,85,24715,15291,1683,734,23139,33780,43089,29748,0,0,25906,1151,1983,12,18,0,0,0,0,0,70687,85,147,0,0,0,0,0
523,1858,524.0437829661278,99989,297,102,4,3,2637,1226,0.03863424976747442,167,85,24623,15227,1690,733,23217,33848,43215,29872,0,0,25665,1143,2022,11,19,0,0,0,0,0,70897,85,147,0,0,0,0,0
524,1858,525.1316292074738,99989,302,106,4,3,2687,1250,0.039374331176429404,156,86,24583,15203,1719,747,23234,33853,43338,29994,0,0,25403,1160,2066,11,21,0,0,0,0,0,71096,85,147,0,0,0,0,0
525,1858,526.2214914643174,99988,282,119,5,3,2723,1280,0.04003480417650118,164,86,24533,15210,1765,756,23249,33824,43458,30113,0,0,25150,1175,2115,11,25,0,0,0,0,0,71280,83,149,0,0,0,0,0
526,1858,527.3134631875685,99988,277,117,5,3,2770,1300,0.04070488458615034,173,83,24496,15191,1805,771,23242,33833,43575,30230,0,0,24900,1189,2171,13,25,0,0,0,0,0,71458,83,149,0,0,0,0,0
527,1858,528.4073683553987,99988,286,128,5,3,2814,1327,0.041414969796375566,170,70,24456,15190,1827,781,23254,33826,43689,30344,0,0,24664,1197,2214,13,25,0,0,0,0,0,71643,83,149,0,0,0,0,0
528,1858,529.5029726976124,99988,284,133,5,3,2864,1350,0.04214505740688883,167,65,24424,15218,1867,795,23251,33784,43800,30456,0,0,24418,1220,2261,13,25,0,0,0,0,0,71819,83,149,0,0,0,0,0
529,1858,530.0509224332691,99988,298,131,5,3,2891,1356,0.0424750970116414,162,73,24362,15178,1870,800,23301,33813,43908,30566,0,0,24200,1220,2282,13,25,0,0,0,0,0,72016,83,149,0,0,0,0,0
530,1858,531.1510319162385,99987,302,142,6,3,2930,1383,0.04313560762899177,172,68,24315,15199,1891,810,23312,33776,44013,30673,0,0,23984,1223,2325,14,26,0,0,0,0,0,72183,82,150,0,0,0,0,0
531,1858,532.2528037290499,99987,302,146,6,3,2974,1404,0.0437856921399782,163,60,24304,15204,1914,814,23309,33771,44115,30778,0,0,23778,1222,2385,14,27,0,0,0,0,0,72329,82,150,0,0,0,0,0
532,1858,533.3554113896038,99987,305,137,6,3,3028,1421,0.04449578445197876,154,66,24262,15213,1956,833,23315,33746,44215,30881,0,0,23560,1236,2440,15,30,0,0,0,0,0,72474,82,150,0,0,0,0,0
533,1858,534.4597882882131,99987,297,135,6,3,3060,1432,0.0449258403592467,166,70,24227,15244,1981,840,23321,33706,44312,30982,0,0,23358,1240,2487,16,30,0,0,0,0,0,72624,81,151,0,0,0,0,0
534,1858,535.0120944224166,99987,298,140,6,3,3080,1444,0.045245881964655406,164,65,24182,15225,1990,838,23358,33727,44407,31081,0,0,23169,1235,2518,16,30,0,0,0,0,0,72787,81,151,0,0,0,0,0
535,1858,536.1206459706203,99987,300,135,6,3,3120,1462,0.04582595737445868,170,64,24135,15251,2022,855,23365,33690,44499,31178,0,0,22963,1253,2559,16,31,0,0,0,0,0,72933,80,152,0,0,0,0,0
536,1858,537.2307357018061,99987,297,127,6,3,3164,1476,0.046406032784261954,171,68,24110,15277,2057,872,23357,33651,44589,31273,0,0,22761,1270,2608,17,32,0,0,0,0,0,73068,79,152,0,0,0,0,0
537,1858,538.3422914198458,99987,311,121,6,3,3218,1489,0.047076119895586424,165,70,24084,15302,2082,885,23350,33617,44677,31366,0,0,22572,1277,2658,18,32,0,0,0,0,0,73199,79,152,0,0,0,0,0
538,1858,539.454948868348,99987,311,118,6,3,3259,1513,0.04772620440657285,168,65,24066,15348,2109,909,23338,33555,44763,31457,0,0,22380,1291,2710,19,32,0,0,0,0,0,73324,79,152,0,0,0,0,0
539,1858,540.0110834077069,99987,315,110,6,3,3279,1520,0.04799623951113645,172,66,24013,15341,2118,918,23374,33560,44846,31546,0,0,22202,1297,2733,19,33,0,0,0,0,0,73472,79,152,0,0,0,0,0
540,1858,541.1271573745955,99987,316,115,6,3,3334,1538,0.04872633442347505,159,67,24010,15375,2164,926,23343,33512,44927,31633,0,0,22009,1322,2773,19,34,0,0,0,0,0,73599,79,152,0,0,0,0,0
541,1858,542.243752847069,99986,310,125,7,3,3381,1560,0.0494169183685716,157,65,24015,15414,2209,935,23300,33456,45006,31718,0,0,21838,1330,2829,19,34,0,0,0,0,0,73705,78,153,0,0,0,0,0
542,1858,543.3600152248194,99986,306,120,7,3,3424,1575,0.04999699957994119,176,70,24017,15464,2232,945,23260,33396,45083,31801,0,0,21670,1339,2884,20,35,0,0,0,0,0,73808,76,154,0,0,0,0,0
543,1858,544.4763175034311,99986,300,113,7,3,3467,1592,0.05059708359170284,173,76,24020,15523,2265,961,23233,33322,45158,31882,0,0,21502,1352,2938,20,38,0,0,0,0,0,73906,75,155,0,0,0,0,0
544,1858,545.0341300217283,99986,303,115,7,3,3494,1602,0.05096713539895585,166,78,23983,15508,2284,965,23255,33329,45231,31962,0,0,21345,1356,2966,20,38,0,0,0,0,0,74031,75,155,0,0,0,0,0
545,1858,546.1520409249528,99985,296,114,8,3,3545,1624,0.05169775466319948,174,71,23966,15550,2327,980,23227,33280,45303,32040,0,0,21184,1367,3026,21,42,0,0,0,0,0,74116,73,156,0,0,0,0,0
546,1858,547.2708611352281,99984,287,113,9,3,3593,1643,0.052368378940630504,164,67,23972,15600,2365,996,23201,33219,45373,32116,0,0,21024,1382,3085,21,43,0,0,0,0,0,74200,72,157,0,0,0,0,0
547,1858,548.3895287494705,99983,294,113,9,4,3642,1670,0.053129031935429026,159,61,23958,15649,2396,1015,23182,33156,45441,32191,0,0,20868,1395,3137,22,44,0,0,0,0,0,74289,71,157,0,0,0,0,0
548,1858,549.5088363211581,99983,305,113,9,4,3693,1687,0.05380914755508436,145,57,23981,15698,2421,1025,23137,33101,45507,32264,0,0,20721,1404,3184,23,44,0,0,0,0,0,74380,69,158,0,0,0,0,0
549,1858,550.0680215474638,99983,298,105,9,4,3714,1692,0.05406919176259964,157,63,23935,15695,2442,1035,23157,33096,45572,32336,0,0,20583,1405,3214,24,48,0,0,0,0,0,74482,68,159,0,0,0,0,0
550,1858,551.1882609529528,99982,300,109,10,4,3752,1707,0.054599827969034426,177,62,23923,15751,2460,1035,23128,33037,45635,32406,0,0,20444,1410,3251,25,49,0,0,0,0,0,74576,67,160,0,0,0,0,0
551,1858,552.3089749023064,99981,297,112,11,4,3798,1722,0.05521048999309869,171,61,23930,15805,2495,1042,23094,32974,45696,32475,0,0,20302,1420,3295,26,51,0,0,0,0,0,74660,67,160,0,0,0,0,0
552,1858,553.4295039570394,99981,283,109,11,4,3844,1741,0.055860613516568146,171,64,23934,15861,2544,1058,23055,32902,45756,32542,0,0,20149,1446,3343,29,53,0,0,0,0,0,74736,64,161,0,0,0,0,0
553,1858,554.5498762680741,99981,280,116,11,4,3885,1760,0.05646072753823227,165,57,23944,15934,2576,1063,23022,32824,45814,32608,0,0,20012,1458,3385,30,53,0,0,0,0,0,74818,64,161,0,0,0,0,0
554,1858,555.1095188697063,99981,297,109,11,4,3918,1765,0.05684079975195287,154,57,23922,15935,2581,1073,23033,32820,45871,32672,0,0,19885,1465,3404,30,54,0,0,0,0,0,74918,63,162,0,0,0,0,0
555,1858,556.2309518174308,99981,288,114,11,4,3952,1782,0.05735089667036737,164,67,23930,16000,2608,1074,22997,32739,45927,32735,0,0,19752,1478,3444,31,54,0,0,0,0,0,74997,63,162,0,0,0,0,0
556,1858,557.3517801205827,99980,279,112,12,4,4003,1801,0.05805161032206441,158,60,23933,16069,2643,1089,22973,32664,45981,32797,0,0,19622,1492,3508,32,55,0,0,0,0,0,75048,62,161,0,0,0,0,0
557,1858,558.4724341120153,99979,269,108,13,4,4048,1818,0.05867232118744936,144,63,23948,16142,2684,1100,22940,32581,46034,32857,0,0,19491,1509,3564,33,55,0,0,0,0,0,75104,62,161,0,0,0,0,0
558,1858,559.0323683704775,99979,269,108,13,4,4072,1827,0.05900239050200542,134,68,23932,16152,2698,1103,22952,32563,46086,32916,0,0,19382,1506,3596,34,56,0,0,0,0,0,75182,62,161,0,0,0,0,0
559,1858,560.1539071005778,99979,252,100,13,4,4107,1844,0.05952249972494224,139,64,23955,16207,2735,1120,22904,32503,46136,32974,0,0,19257,1523,3654,34,57,0,0,0,0,0,75231,62,161,0,0,0,0,0
560,1858,561.2744379167623,99978,251,99,13,5,4148,1862,0.06011322490948009,125,64,23974,16283,2765,1129,22870,32418,46185,33031,0,0,19144,1530,3707,34,57,0,0,0,0,0,75283,62,161,0,0,0,0,0
561,1858,562.3944825030018,99978,248,96,13,5,4184,1880,0.06065334373562184,113,63,23992,16362,2792,1144,22840,32328,46233,33087,0,0,19034,1536,3757,34,59,0,0,0,0,0,75335,62,161,0,0,0,0,0
562,1858,563.5137761069067,99977,234,97,14,5,4212,1899,0.0611240585334627,114,55,24025,16442,2821,1152,22790,32247,46280,33141,0,0,18918,1547,3791,37,63,0,0,0,0,0,75398,62,161,0,0,0,0,0
563,1858,564.0726973500272,99977,236,90,14,5,4230,1905,0.061364113746161617,116,58,24022,16458,2828,1163,22782,32224,46326,33194,0,0,18817,1549,3814,37,65,0,0,0,0,0,75472,62,161,0,0,0,0,0
564,1858,565.1911566086674,99976,234,94,15,5,4264,1921,0.06186484756341522,118,55,24046,16536,2850,1169,22735,32139,46371,33246,0,0,18706,1563,3843,37,67,0,0,0,0,0,75537,62,161,0,0,0,0,0
565,1858,566.3080998907321,99976,220,94,15,5,4294,1939,0.06234496279106986,123,48,24066,16608,2874,1180,22700,32063,46415,33297,0,0,18602,1572,3892,37,69,0,0,0,0,0,75581,62,161,0,0,0,0,0
566,1858,567.424376852715,99976,223,98,15,5,4328,1959,0.06288509242218132,117,42,24106,16682,2891,1191,22646,31980,46457,33347,0,0,18510,1571,3938,38,69,0,0,0,0,0,75627,62,161,0,0,0,0,0
567,1858,568.5391583274466,99976,221,94,15,5,4359,1969,0.063295190845803,121,47,24121,16753,2911,1198,22609,31901,46498,33396,0,0,18410,1579,3971,40,70,0,0,0,0,0,75683,62,161,0,0,0,0,0
568,1858,569.0957892827605,99976,226,91,15,5,4375,1976,0.06352524605905417,121,49,24119,16771,2913,1204,22604,31878,46538,33444,0,0,18321,1580,3987,40,72,0,0,0,0,0,75753,62,161,0,0,0,0,0
569,1858,570.2098740747061,99976,232,93,15,5,4415,1992,0.06408538049131791,115,41,24157,16851,2930,1205,22549,31803,46578,33491,0,0,18222,1592,4021,40,73,0,0,0,0,0,75805,62,161,0,0,0,0,0
570,1858,571.3221537985148,99976,244,89,15,5,4455,1997,0.06453548851724414,114,46,24215,16934,2941,1209,22469,31715,46617,33537,0,0,18131,1598,4052,40,73,0,0,0,0,0,75859,62,161,0,0,0,0,0
571,1858,572.4317715617628,99976,234,88,15,5,4486,2008,0.06495558934144195,114,45,24245,17025,2962,1217,22428,31618,46655,33582,0,0,18033,1612,4085,41,75,0,0,0,0,0,75907,62,161,0,0,0,0,0
572,1858,573.5401415791132,99976,234,89,15,5,4518,2020,0.06539569496679203,116,47,24294,17117,2982,1217,22357,31523,46692,33626,0,0,17944,1619,4119,42,75,0,0,0,0,0,75954,62,161,0,0,0,0,0
573,1858,574.0932612287521,99976,237,90,15,5,4540,2024,0.06565575738177162,111,47,24278,17127,2996,1217,22361,31512,46728,33669,0,0,17863,1621,4139,42,75,0,0,0,0,0,76013,62,161,0,0,0,0,0
574,1858,575.1996715850973,99976,228,92,15,5,4567,2037,0.06605585340481715,122,51,24325,17207,3023,1224,22285,31419,46763,33711,0,0,17770,1637,4168,42,76,0,0,0,0,0,76060,62,161,0,0,0,0,0
575,1858,576.3041921647078,99976,214,90,15,5,4594,2052,0.06647595422901496,127,55,24345,17286,3052,1235,22245,31327,46797,33752,0,0,17684,1647,4207,44,79,0,0,0,0,0,76093,61,161,0,0,0,0,0
576,1858,577.4077553307529,99976,202,91,15,5,4623,2067,0.06691605985436505,119,46,24379,17391,3076,1242,22207,31223,46830,33793,0,0,17603,1653,4252,45,80,0,0,0,0,0,76121,61,161,0,0,0,0,0
577,1858,578.5101970205532,99976,203,86,15,5,4657,2074,0.06732615827798671,110,48,24427,17481,3094,1248,22149,31130,46863,33833,0,0,17523,1660,4286,46,81,0,0,0,0,0,76158,60,162,0,0,0,0,0
578,1858,579.0605491613867,99976,198,83,15,5,4667,2078,0.06746619188605266,113,50,24443,17506,3098,1253,22131,31101,46895,33872,0,0,17450,1661,4303,47,82,0,0,0,0,0,76211,60,162,0,0,0,0,0
579,1858,580.1606770107969,99976,205,88,15,5,4703,2092,0.06796631191485956,100,50,24482,17585,3113,1261,22083,31009,46926,33910,0,0,17379,1663,4335,48,83,0,0,0,0,0,76246,59,163,0,0,0,0,0
580,1858,581.2589200318051,99976,197,82,15,5,4731,2101,0.06833640073617668,99,54,24519,17661,3134,1274,22034,30922,46956,33947,0,0,17300,1674,4371,49,84,0,0,0,0,0,76276,59,163,0,0,0,0,0
581,1858,582.3555491065179,99976,189,77,15,5,4751,2114,0.06866647995518925,102,47,24567,17740,3146,1289,21979,30840,46986,33984,0,0,17225,1682,4409,49,84,0,0,0,0,0,76305,59,163,0,0,0,0,0
582,1858,583.4503040916126,99976,193,82,15,5,4781,2131,0.06913659278226775,96,37,24616,17813,3161,1300,21917,30761,47015,34020,0,0,17158,1682,4441,51,85,0,0,0,0,0,76337,59,163,0,0,0,0,0
583,1858,584.542684571286,99976,190,76,15,5,4808,2141,0.06950668160358486,93,36,24651,17891,3180,1308,21869,30682,47043,34055,0,0,17088,1689,4480,51,85,0,0,0,0,0,76361,59,163,0,0,0,0,0
584,1858,585.0879775417962,99976,190,72,15,5,4819,2146,0.06966672001280308,95,41,24653,17921,3181,1311,21864,30648,47071,34089,0,0,17030,1686,4501,50,87,0,0,0,0,0,76400,59,163,0,0,0,0,0
585,1858,586.1788497607616,99976,178,74,15,5,4846,2158,0.07005681363527247,93,38,24703,17996,3197,1318,21812,30567,47098,34123,0,0,16962,1692,4540,51,88,0,0,0,0,0,76421,59,163,0,0,0,0,0
586,1858,587.2677571494675,99976,178,65,15,5,4866,2163,0.07030687364967592,90,42,24747,18073,3201,1327,21767,30486,47125,34156,0,0,16896,1698,4568,51,88,0,0,0,0,0,76453,59,163,0,0,0,0,0
587,1858,588.3546949805183,99976,165,68,15,5,4883,2173,0.07057693846523165,102,41,24793,18166,3218,1329,21705,30389,47151,34188,0,0,16840,1696,4607,51,88,0,0,0,0,0,76472,59,163,0,0,0,0,0
588,1858,589.4399115268344,99976,157,69,15,5,4903,2184,0.07088701288309195,97,35,24833,18254,3236,1331,21660,30304,47176,34220,0,0,16774,1703,4634,53,88,0,0,0,0,0,76502,59,163,0,0,0,0,0
589,1858,590.523389575995,99976,155,64,15,5,4929,2194,0.07124709930383293,96,34,24876,18349,3251,1339,21605,30207,47201,34251,0,0,16710,1712,4666,53,89,0,0,0,0,0,76524,58,164,0,0,0,0,0
590,1858,591.0643933603926,99976,160,69,15,5,4944,2204,0.07149715931823637,92,25,24874,18392,3255,1337,21602,30170,47225,34282,0,0,16654,1713,4678,53,90,0,0,0,0,0,76566,58,164,0,0,0,0,0
591,1858,592.1459568472017,99975,169,59,16,5,4972,2206,0.07179794948737184,82,29,24918,18475,3261,1342,21552,30088,47249,34312,0,0,16601,1713,4705,53,90,1,0,0,0,0,76590,57,165,0,0,0,0,0
592,1858,593.2259437287302,99975,173,62,16,5,5000,2217,0.07218804701175294,73,27,24974,18552,3272,1347,21490,30005,47272,34341,0,0,16542,1720,4728,53,91,1,0,0,0,0,76618,57,165,0,0,0,0,0
593,1858,594.3036812640003,99975,168,55,16,5,5019,2223,0.07243810952738185,77,32,25016,18649,3286,1356,21435,29901,47295,34370,0,0,16481,1729,4750,54,93,1,0,0,0,0,76645,56,166,0,0,0,0,0
594,1858,595.3792908147066,99975,168,56,16,5,5042,2232,0.07275818954738685,77,32,25065,18749,3297,1359,21375,29797,47317,34398,0,0,16425,1736,4774,54,93,1,0,0,0,0,76670,55,167,0,0,0,0,0
595,1858,596.4529474817621,99975,166,53,16,5,5061,2237,0.0729982495623906,76,34,25141,18839,3303,1357,21296,29710,47339,34426,0,0,16369,1742,4795,54,94,1,0,0,0,0,76698,55,167,0,0,0,0,0
596,1858,597.5235991775517,99975,167,49,16,5,5080,2241,0.0732283070767692,76,38,25200,18917,3305,1360,21234,29629,47360,34453,0,0,16315,1749,4814,54,94,1,0,0,0,0,76726,54,168,0,0,0,0,0
597,1858,598.0578987926419,99975,163,51,16,5,5089,2247,0.07337834458614653,78,36,25221,18944,3303,1362,21217,29600,47381,34480,0,0,16270,1746,4830,54,96,1,0,0,0,0,76756,54,168,0,0,0,0,0
598,1858,599.1251855177858,99975,157,57,16,5,5107,2256,0.07364841210302575,73,33,25270,19030,3317,1360,21165,29513,47401,34506,0,0,16217,1753,4850,54,96,1,0,0,0,0,76782,54,168,0,0,0,0,0
599,1858,600.1902389425951,99975,151,58,16,5,5126,2265,0.07392848212053013,75,26,25315,19118,3330,1365,21111,29426,47421,34532,0,0,16165,1759,4877,54,96,1,0,0,0,0,76801,54,168,0,0,0,0,0
600,1858,601.2533890514871,99975,155,59,16,5,5143,2271,0.07415853963490873,68,30,25377,19214,3329,1367,21053,29323,47440,34557,0,0,16118,1762,4892,54,96,1,0,0,0,0,76830,54,168,0,0,0,0,0
601,1858,602.3141568128733,99975,150,56,16,5,5158,2278,0.07437859464866217,66,25,25424,19310,3338,1371,21004,29231,47459,34582,0,0,16071,1764,4916,55,97,1,0,0,0,0,76849,54,168,0,0,0,0,0
602,1858,603.3731019174156,99975,145,52,16,5,5180,2284,0.07465866466616654,59,26,25491,19404,3348,1374,20939,29137,47478,34606,0,0,16017,1775,4940,55,98,1,0,0,0,0,76867,54,168,0,0,0,0,0
603,1858,604.4297309260525,99975,144,50,16,5,5194,2290,0.07485871467866967,59,24,25536,19486,3350,1374,20893,29059,47496,34630,0,0,15973,1778,4960,54,99,1,0,0,0,0,76888,54,168,0,0,0,0,0
604,1858,605.4843077946978,99975,140,51,16,5,5213,2296,0.07510877719429858,58,23,25573,19568,3364,1373,20847,28978,47514,34653,0,0,15928,1782,4984,54,99,1,0,0,0,0,76905,54,168,0,0,0,0,0
605,1858,606.0108264467983,99975,133,44,16,5,5218,2297,0.0751687921980495,60,28,25601,19611,3361,1374,20827,28936,47531,34676,0,0,15888,1782,5000,54,101,1,0,0,0,0,76927,54,168,0,0,0,0,0
606,1858,607.0629835394833,99974,140,44,17,5,5239,2307,0.07547962470242263,48,24,25657,19699,3358,1379,20778,28847,47548,34698,0,0,15849,1782,5019,54,103,1,0,0,0,0,76944,54,168,0,0,0,0,0
607,1858,608.1127330210144,99974,139,44,17,5,5258,2313,0.07572968971932703,47,24,25702,19780,3366,1380,20727,28765,47565,34720,0,0,15807,1785,5038,54,105,1,0,0,0,0,76962,54,168,0,0,0,0,0
608,1858,609.1607288638709,99974,124,43,17,5,5267,2318,0.07586972612879349,58,26,25759,19854,3375,1383,20665,28687,47581,34742,0,0,15761,1793,5054,54,108,1,0,0,0,0,76981,54,168,0,0,0,0,0
609,1858,610.2064809051781,99974,126,48,17,5,5280,2327,0.07608978334366935,60,29,25805,19938,3376,1382,20614,28596,47597,34763,0,0,15722,1795,5067,54,108,1,0,0,0,0,77005,54,168,0,0,0,0,0
610,1858,611.2500656650109,99974,117,50,17,5,5291,2335,0.07627983275651669,63,33,25859,20019,3386,1384,20556,28507,47613,34784,0,0,15685,1793,5089,56,109,1,0,0,0,0,77019,54,168,0,0,0,0,0
611,1858,612.2916355510538,99974,126,51,17,5,5313,2345,0.07659991597815433,59,30,25918,20110,3383,1388,20495,28414,47628,34804,0,0,15647,1796,5108,56,109,1,0,0,0,0,77035,54,168,0,0,0,0,0
612,1858,613.3308401787796,99974,122,49,17,5,5330,2353,0.07684998099505871,59,29,25963,20209,3390,1392,20447,28314,47643,34824,0,0,15609,1799,5132,56,111,1,0,0,0,0,77044,54,168,0,0,0,0,0
613,1858,614.3680657992861,99974,120,50,17,5,5346,2363,0.07711004861263929,51,25,26010,20309,3399,1395,20401,28214,47658,34844,0,0,15570,1803,5151,56,113,1,0,0,0,0,77058,54,168,0,0,0,0,0
614,1858,615.4035248336298,99974,124,51,17,5,5365,2368,0.0773501110288675,51,29,26049,20374,3402,1395,20355,28144,47672,34863,0,0,15530,1810,5161,56,114,1,0,0,0,0,77080,54,168,0,0,0,0,0
615,1858,616.4373076344426,99974,117,51,17,5,5378,2373,0.07753015784103867,53,31,26100,20445,3409,1398,20302,28068,47686,34882,0,0,15499,1809,5185,55,116,1,0,0,0,0,77087,54,168,0,0,0,0,0
616,1858,617.46936451287,99974,117,51,17,5,5392,2379,0.07773020985456218,57,29,26152,20511,3407,1396,20248,28006,47700,34901,0,0,15461,1814,5200,55,116,1,0,0,0,0,77105,54,168,0,0,0,0,0
617,1858,618.4994018589059,99974,118,55,17,5,5412,2391,0.07805029307619982,54,22,26198,20605,3412,1399,20199,27912,47714,34919,0,0,15430,1814,5223,54,119,1,0,0,0,0,77111,54,168,0,0,0,0,0
618,1858,619.0135727436535,99974,122,54,17,5,5421,2394,0.07817032428431392,56,29,26213,20654,3408,1399,20182,27857,47727,34937,0,0,15399,1814,5232,54,119,1,0,0,0,0,77133,54,168,0,0,0,0,0
619,1858,620.0410203689164,99974,113,55,17,5,5431,2402,0.07835037109648509,67,29,26257,20756,3421,1401,20123,27752,47740,34955,0,0,15363,1819,5253,54,119,1,0,0,0,0,77143,54,168,0,0,0,0,0
620,1858,621.066641711995,99974,117,56,17,5,5454,2411,0.07867045431812271,59,29,26314,20822,3417,1406,20074,27680,47753,34972,0,0,15323,1829,5269,54,118,2,0,0,0,0,77157,54,168,0,0,0,0,0
621,1858,622.0899886414641,99974,112,60,17,5,5471,2419,0.07892051933502711,55,26,26377,20921,3423,1403,20014,27583,47766,34989,0,0,15291,1830,5292,55,118,2,0,0,0,0,77164,54,168,0,0,0,0,0
622,1858,623.1112781898142,99974,116,51,17,5,5484,2421,0.07907055834516974,60,33,26441,21007,3415,1403,19949,27499,47778,35006,0,0,15264,1828,5314,55,118,2,0,0,0,0,77171,54,168,0,0,0,0,0
623,1858,624.1299722924986,99974,124,56,17,5,5502,2430,0.0793406285634265,55,26,26503,21117,3408,1400,19891,27394,47790,35022,0,0,15234,1829,5325,56,118,2,0,0,0,0,77188,54,168,0,0,0,0,0
624,1858,625.1462166728683,99974,124,55,17,5,5516,2439,0.07957068837897853,51,27,26551,21195,3406,1405,19849,27311,47802,35038,0,0,15205,1830,5346,56,119,2,0,0,0,0,77194,54,168,0,0,0,0,0
625,1858,626.1604988081534,99974,116,52,17,5,5527,2444,0.07973072998979734,52,25,26616,21282,3412,1407,19785,27227,47814,35054,0,0,15175,1832,5371,56,119,2,0,0,0,0,77197,54,168,0,0,0,0,0
626,1858,627.1726620129366,99974,116,47,17,5,5538,2448,0.07988076899993998,55,26,26670,21365,3412,1409,19728,27146,47825,35069,0,0,15146,1834,5387,57,119,2,0,0,0,0,77207,54,168,0,0,0,0,0
627,1858,628.1825161217055,99974,117,43,17,5,5549,2455,0.08006081581211115,60,23,26722,21470,3409,1415,19673,27042,47836,35084,0,0,15118,1836,5406,57,119,2,0,0,0,0,77214,54,168,0,0,0,0,0
628,1858,629.1902738999773,99974,113,37,17,5,5562,2457,0.08021085482225379,58,28,26780,21553,3411,1419,19619,26956,47847,35099,0,0,15091,1836,5427,58,120,2,0,0,0,0,77218,54,168,0,0,0,0,0
629,1858,630.1962377570761,99974,106,45,17,5,5569,2467,0.08038089903374877,107,60,26793,21598,3407,1417,19568,26873,47858,35114,0,0,15063,1834,5436,58,121,2,4,0,0,3,77231,54,168,0,0,0,0,0
630,1858,631.0237633472757,99974,121,49,17,5,5597,2476,0.08075099525876728,106,63,26833,21665,3412,1413,19509,26803,47868,35128,0,0,15034,1834,5436,58,121,2,10,0,0,15,77242,53,169,0,0,0,0,0
631,1858,632.1251260581058,99974,124,63,17,5,5621,2495,0.08118110708784283,119,64,26879,21758,3420,1410,19439,26698,47878,35142,0,0,15004,1831,5439,58,121,2,19,0,0,32,77246,53,169,0,0,0,0,0
632,1858,633.2241352139994,99974,143,67,17,5,5661,2510,0.0817312501250325,121,83,26929,21826,3425,1417,19363,26600,47888,35156,0,0,14976,1828,5440,59,122,2,25,0,0,56,77244,53,169,0,0,0,0,0
633,1858,634.0467972567462,99974,151,68,17,5,5683,2526,0.08211134895072719,127,93,26960,21875,3427,1429,19316,26528,47898,35170,0,0,14957,1822,5445,59,123,2,26,0,0,83,77235,53,169,0,0,0,0,0
634,1858,635.1417202044519,99974,160,87,17,5,5719,2550,0.08271150499129774,154,88,27001,21969,3440,1429,19226,26420,47908,35183,0,0,14930,1820,5445,60,124,2,32,0,0,107,77232,52,170,0,0,0,0,0
635,1858,636.2345107938982,99974,177,104,17,5,5764,2580,0.08346170004201092,152,80,27054,22076,3457,1435,19141,26298,47918,35196,0,0,14900,1819,5443,60,127,2,40,0,0,137,77224,52,170,0,0,0,0,0
636,1858,637.0525743367642,99974,192,118,17,5,5798,2605,0.08405185348190529,161,83,27070,22119,3466,1445,19092,26228,47927,35209,0,0,14878,1815,5442,61,131,2,43,0,0,159,77221,52,170,0,0,0,0,0
637,1858,638.1419544774153,99974,201,120,17,5,5838,2625,0.08465200952247584,186,97,27100,22188,3484,1457,19010,26131,47936,35222,0,0,14848,1812,5440,62,135,2,54,0,0,192,77207,51,171,0,0,0,0,0
638,1858,639.2296658547568,99974,227,121,17,5,5894,2651,0.08547222277792225,205,102,27123,22273,3495,1480,18931,26017,47945,35235,0,0,14822,1808,5441,63,138,2,61,0,0,236,77182,51,170,0,0,0,0,0
639,1858,640.0446024627915,99974,241,120,17,5,5938,2667,0.0860723788184928,223,111,27131,22317,3510,1488,18876,25957,47954,35247,0,0,14796,1804,5445,63,138,2,70,0,0,274,77161,51,170,0,0,0,0,0
640,1858,641.1299741250898,99974,266,137,17,5,6000,2701,0.08703262848340569,248,118,27161,22384,3528,1493,18778,25861,47963,35259,0,0,14766,1799,5447,66,140,2,82,0,0,310,77142,50,170,0,0,0,0,0
641,1858,642.2136138355287,99973,279,147,18,5,6057,2729,0.08788372860672382,284,132,27168,22445,3544,1504,18705,25765,47972,35271,0,0,14731,1797,5443,68,144,2,95,0,0,352,77121,50,170,0,0,0,0,0
642,1858,643.0254203915626,99973,314,173,18,5,6119,2766,0.08887399597891431,297,131,27182,22485,3550,1513,18637,25691,47980,35283,0,0,14701,1796,5444,68,145,2,106,0,0,377,77115,49,170,0,0,0,0,0
643,1858,644.1063790567024,99973,342,182,18,5,6197,2800,0.08999429846058436,316,151,27200,22547,3584,1532,18538,25581,47988,35294,0,0,14670,1791,5445,69,148,2,122,0,0,432,77075,49,170,0,0,0,0,0
644,1858,645.1862833250907,99973,392,189,18,5,6299,2837,0.09138467386194273,342,166,27182,22603,3616,1556,18448,25479,47996,35305,0,0,14640,1790,5440,69,154,2,134,0,0,496,77029,49,170,0,0,0,0,0
645,1858,646.265787230616,99973,438,190,18,5,6398,2875,0.0927550438618427,381,175,27152,22681,3641,1587,18368,25360,48004,35316,0,0,14607,1788,5439,71,155,2,148,0,0,569,76975,49,170,0,0,0,0,0
646,1858,647.0752988006873,99973,474,206,18,5,6487,2908,0.09397537335080472,404,173,27140,22715,3680,1601,18282,25298,48012,35327,0,0,14576,1785,5437,74,158,2,161,0,0,620,76942,48,170,0,0,0,0,0
647,1858,648.1541114985433,99971,538,243,20,5,6611,2976,0.09589781036500584,408,180,27132,22775,3723,1625,18177,25170,48020,35338,0,0,14538,1781,5433,77,163,2,180,0,0,682,76897,48,170,0,0,0,0,0
648,1858,649.2321054478488,99971,591,240,20,5,6742,3025,0.09769833251642976,447,214,27119,22822,3774,1666,18047,25051,48027,35349,0,0,14501,1780,5429,77,168,2,200,0,0,787,76809,48,170,0,0,0,0,0
649,1858,650.0402582996834,99970,631,250,20,6,6859,3064,0.09925977793338002,487,238,27060,22854,3833,1693,17967,24957,48034,35359,0,0,14461,1776,5427,78,173,2,226,0,0,860,76749,48,170,0,0,0,0,0
650,1858,651.1185793857991,99970,665,280,20,6,6996,3133,0.10132039611883566,551,265,27006,22911,3911,1723,17845,24813,48041,35369,0,0,14409,1768,5419,86,183,2,261,0,0,947,76677,48,170,0,0,0,0,0
651,1858,652.1975180381204,99970,714,312,20,6,7141,3210,0.10354106231869561,655,293,26932,22957,3970,1759,17707,24671,48048,35379,0,0,14365,1764,5416,88,189,2,290,0,0,1050,76588,48,170,0,0,0,0,0
652,1858,653.0070676904904,99970,788,346,20,6,7296,3271,0.10570171051315394,673,314,26886,22981,4023,1779,17608,24572,48055,35389,0,0,14326,1764,5412,88,192,4,312,0,0,1128,76526,48,170,0,0,0,0,0
653,1858,654.0865719243825,99969,879,380,21,6,7489,3364,0.10856365473296722,748,347,26816,23018,4081,1829,17453,24418,48062,35399,0,0,14272,1758,5408,92,200,4,350,0,0,1236,76431,48,170,0,0,0,0,0
654,1858,655.1666441459694,99968,947,444,22,6,7699,3475,0.11177576824583867,828,360,26707,23042,4189,1870,17305,24276,48069,35409,0,0,14227,1749,5405,96,209,5,382,0,0,1375,76302,48,170,0,0,0,0,0
655,1858,656.2486107526072,99968,1035,461,22,6,7910,3563,0.11476672535211267,888,415,26631,23041,4268,1928,17154,24147,48076,35418,0,0,14175,1743,5394,101,223,6,419,0,0,1509,76181,48,169,0,0,0,0,0
656,1858,657.0605516395177,99968,1096,511,22,6,8087,3664,0.1175476152368758,957,465,26536,23039,4357,1972,17030,24005,48082,35427,0,0,14121,1741,5387,102,232,7,458,0,0,1622,76081,48,169,0,0,0,0,0
657,1858,658.1449641650202,99967,1152,553,23,6,8336,3789,0.1212900257084838,1019,491,26412,23051,4509,2046,16883,23851,48088,35436,0,0,14071,1729,5378,112,244,7,495,0,0,1837,75877,48,169,0,0,0,0,0
658,1858,659.2326332370088,99967,1249,615,23,6,8629,3935,0.1256814748867126,1058,527,26291,23055,4660,2118,16717,23677,48094,35445,0,0,13999,1718,5369,121,255,8,554,0,0,2035,75691,48,169,0,0,0,0,0
659,1858,660.0497385297359,99965,1331,637,25,6,8853,4031,0.12888510978842596,1133,593,26169,23021,4772,2178,16568,23563,48100,35454,0,0,13951,1712,5354,127,273,8,587,0,0,2189,75547,47,170,0,0,0,0,0
660,1858,661.1421946777555,99963,1438,718,27,6,9174,4217,0.13395956503906445,1269,604,25979,23022,4917,2263,16368,23385,48106,35463,0,0,13875,1707,5343,133,288,8,646,0,0,2421,75325,47,170,0,0,0,0,0
661,1858,662.2390913295877,99963,1566,781,27,6,9534,4384,0.1392315156607945,1420,660,25743,23029,5086,2350,16156,23172,48112,35472,0,0,13798,1696,5323,144,312,8,708,0,0,2656,75101,47,170,0,0,0,0,0
662,1858,663.065068371159,99962,1692,855,28,6,9836,4535,0.14376463055961267,1552,700,25564,22994,5207,2411,15955,23032,48118,35480,0,0,13742,1689,5311,150,327,9,749,0,0,2840,74928,47,170,0,0,0,0,0
663,1858,664.170618766904,99961,1880,947,29,6,10283,4755,0.15043867108172188,1621,736,25326,22943,5409,2516,15733,22850,48124,35488,0,0,13651,1681,5293,160,352,10,824,0,0,3104,74669,47,170,0,0,0,0,0
664,1858,665.0036688006949,99961,2015,996,29,6,10655,4925,0.1558607857064255,1682,815,25130,22876,5583,2619,15559,22686,48130,35496,0,0,13569,1674,5277,168,376,11,892,0,0,3355,74427,46,166,0,0,0,0,0
665,1858,666.1208276000359,99960,2175,1028,30,6,11151,5125,0.16282513005202082,1848,944,24805,22790,5838,2768,15302,22462,48136,35504,0,0,13457,1665,5255,178,409,11,986,0,0,3708,74080,46,165,0,0,0,0,0
666,1858,667.2470796124666,99957,2307,1087,32,7,11656,5363,0.17026321318166812,2070,1044,24419,22723,6127,2921,15043,22216,48141,35512,0,0,13338,1656,5234,184,444,11,1095,0,0,4100,73688,46,161,0,0,0,0,0
667,1858,668.0991500674858,99953,2486,1180,35,8,12105,5576,0.17689313977569457,2179,1096,24141,22650,6321,3022,14836,22042,48146,35520,0,0,13247,1644,5219,194,471,12,1172,0,0,4359,73429,46,160,0,0,0,0,0
668,1858,669.2449310743718,99950,2686,1356,37,9,12752,5933,0.18694347173586792,2347,1157,23707,22526,6669,3167,14552,21783,48151,35528,0,0,13116,1625,5190,215,507,14,1289,0,0,4796,72993,45,160,0,0,0,0,0
669,1858,670.1130621343851,99948,2878,1430,39,9,13275,6192,0.1947712810661544,2469,1215,23391,22433,6909,3319,14312,21592,48156,35536,0,0,13006,1612,5174,231,529,17,1383,0,0,5160,72631,45,160,0,0,0,0,0
670,1858,671.2821858526589,99946,3129,1569,40,10,14010,6574,0.2059512136553739,2641,1294,22920,22288,7261,3530,14007,21307,48161,35543,0,0,12858,1590,5144,258,575,19,1514,0,0,5655,72130,44,159,0,0,0,0,0
671,1858,672.1697606077068,99946,3383,1709,40,10,14673,6897,0.21581654093210334,2762,1347,22520,22185,7557,3677,13736,21070,48166,35550,0,0,12726,1580,5121,273,617,22,1628,0,0,6042,71734,44,159,0,0,0,0,0
672,1858,673.0672189310152,99943,3569,1750,43,10,15324,7179,0.22515834025394474,2896,1461,22109,22050,7907,3873,13474,20854,48171,35557,0,0,12597,1561,5088,291,670,23,1743,0,0,6538,71234,43,155,0,0,0,0,0
673,1858,674.2814954086281,99938,3795,1825,46,12,16181,7607,0.23802757709780065,3156,1594,21587,21855,8335,4189,13079,20523,48176,35564,0,0,12408,1542,5048,313,739,30,1914,0,0,7201,70548,42,153,0,0,0,0,0
674,1858,675.2058192879443,99937,3998,1945,47,12,16927,7977,0.24919699410628696,3304,1703,21151,21669,8713,4402,12785,20267,48181,35571,0,0,12229,1523,5016,338,794,31,2074,0,0,7720,70017,42,153,0,0,0,0,0
675,1858,676.1436282135143,99933,4212,2083,50,13,17689,8391,0.26097485315161156,3493,1749,20678,21486,9116,4642,12449,20025,48186,35578,0,0,12068,1501,4980,366,847,33,2213,0,0,8290,69441,42,152,0,0,0,0,0
676,1858,677.0965148597174,99929,4451,2238,53,14,18546,8817,0.27382441533488777,3625,1854,20176,21322,9547,4860,12146,19710,48191,35585,0,0,11881,1471,4943,405,919,35,2374,0,0,8851,68859,41,150,0,0,0,0,0
677,1858,678.0661462670241,99926,4747,2401,56,14,19481,9272,0.28774292976802834,3666,1970,19705,21087,9994,5113,11830,19413,48196,35592,0,0,11711,1440,4903,441,999,39,2523,0,0,9454,68225,41,150,0,0,0,0,0
678,1858,679.0526518605224,99925,5019,2542,57,14,20444,9739,0.30205654240680513,3794,2118,19163,20863,10469,5370,11496,19091,48200,35599,0,0,11496,1414,4861,479,1081,42,2714,0,0,10098,67552,40,148,0,0,0,0,0
679,1858,680.0591753575305,99924,5290,2743,58,14,21433,10286,0.3174312477482887,4007,2191,18611,20620,10905,5649,11127,18781,48204,35605,0,0,11325,1396,4821,502,1178,46,2866,0,0,10811,66791,40,148,0,0,0,0,0
680,1858,681.087085002529,99917,5534,2889,65,14,22465,10846,0.3333867109701052,4191,2300,18037,20386,11389,5984,10782,18425,48208,35611,0,0,11084,1377,4769,533,1290,53,3077,0,0,11559,65991,40,144,0,0,0,0,0
681,1858,682.139320365958,99912,5760,3108,69,15,23593,11525,0.3514893105933221,4321,2328,17486,20106,11988,6359,10374,18082,48212,35617,0,0,10834,1350,4703,583,1438,62,3291,0,0,12374,65099,38,140,0,0,0,0,0
682,1858,683.2175438274554,99908,6038,3224,71,17,24746,12153,0.3693297834007287,4531,2481,16871,19827,12525,6753,9962,17696,48216,35623,0,0,10591,1332,4644,609,1589,71,3507,0,0,13227,64160,38,140,0,0,0,0,0
683,1858,684.325577588923,99906,6337,3425,73,17,26055,12868,0.38959622044722036,4713,2623,16188,19492,13118,7159,9569,17282,48220,35629,0,0,10335,1299,4571,669,1776,79,3721,0,0,14119,63163,35,139,0,0,0,0,0
684,1858,685.0841143962691,99905,6535,3557,74,17,26908,13357,0.4030328812371753,4818,2659,15780,19327,13486,7420,9305,17018,48224,35635,0,0,10162,1277,4531,710,1894,84,3861,0,0,14717,62497,34,138,0,0,0,0,0
685,1858,686.2513188103649,99901,6882,3720,77,18,28359,14128,0.4252910381277465,4976,2799,15066,18995,14113,7883,8884,16583,48228,35641,0,0,9891,1242,4456,776,2082,98,4081,0,0,15758,61347,34,136,0,0,0,0,0
686,1858,687.0529423496456,99896,7076,3836,81,19,29418,14697,0.44160927364459035,4990,2876,14628,18721,14644,8228,8579,16318,48232,35647,0,0,9706,1212,4401,820,2232,109,4233,0,0,16574,60441,33,135,0,0,0,0,0
687,1858,688.2794683757094,99890,7364,4014,86,20,30947,15567,0.4656522174391831,5219,3013,13916,18311,15297,8757,8116,15883,48236,35653,0,0,9422,1181,4315,891,2514,124,4448,0,0,17635,59194,33,133,0,0,0,0,0
688,1858,689.0694581867957,99886,7586,4117,89,21,32018,16118,0.48190937668942596,5189,3082,13479,18078,15790,9085,7865,15615,48240,35659,0,0,9223,1151,4259,949,2684,139,4595,0,0,18353,58369,33,131,0,0,0,0,0
689,1858,690.204050013585,99883,7855,4371,92,21,33499,16996,0.5055414835357368,5297,3126,12849,17717,16457,9535,7448,15228,48244,35665,0,0,8938,1114,4180,1036,2941,154,4807,0,0,19345,57204,33,131,0,0,0,0,0
690,1858,691.2829472053241,99879,8084,4454,94,23,34917,17793,0.5277385636620311,5393,3247,12272,17384,17067,10059,7088,14831,48248,35670,0,0,8655,1075,4092,1110,3239,172,5030,0,0,20336,56009,33,128,0,0,0,0,0
691,1858,692.3159364466899,99875,8268,4611,97,24,36263,18618,0.549496871088861,5450,3347,11759,17048,17659,10510,6765,14458,48252,35675,0,0,8380,1041,4016,1191,3504,199,5238,0,0,21279,54867,33,127,0,0,0,0,0
692,1858,693.3087267105041,99868,8478,4758,102,26,37660,19417,0.5715244122241359,5482,3385,11242,16718,18252,10996,6442,14115,48256,35680,0,0,8093,1008,3930,1273,3800,223,5447,0,0,22175,53760,33,126,0,0,0,0,0
693,1858,694.2647343689132,99864,8620,4954,106,26,38984,20231,0.5929564207321958,5515,3420,10788,16417,18821,11406,6148,13775,48260,35685,0,0,7850,971,3855,1369,4091,254,5610,0,0,23042,52665,33,124,0,0,0,0,0
694,1858,695.187799716749,99855,8702,5061,113,28,40252,21022,0.613629763156577,5607,3438,10358,16113,19345,11878,5873,13480,48264,35690,0,0,7600,936,3767,1471,4419,288,5764,0,0,23892,51563,32,123,0,0,0,0,0
695,1858,696.0818624374559,99851,8832,5239,115,30,41551,21807,0.6345254429099358,5585,3470,9933,15811,19923,12291,5610,13157,48267,35695,0,0,7340,903,3690,1560,4719,324,5943,0,0,24695,50527,31,119,0,0,0,0,0
696,1858,697.2306777617678,99843,9018,5346,120,33,43150,22801,0.6605470588824455,5550,3498,9460,15415,20567,12896,5283,12810,48270,35700,0,0,7031,870,3598,1670,5103,364,6142,0,0,25783,49137,29,116,0,0,0,0,0
697,1858,698.0660273716002,99839,9076,5413,122,35,44261,23502,0.6787227436172237,5606,3562,9110,15170,21021,13317,5063,12501,48273,35705,0,0,6808,833,3518,1754,5421,396,6288,0,0,26515,48162,29,115,0,0,0,0,0
698,1858,699.1488645480132,99834,9176,5528,127,35,45765,24463,0.7034477232205462,5672,3581,8712,14840,21541,13883,4770,12131,48276,35710,0,0,6527,800,3442,1853,5841,452,6459,0,0,27457,46862,28,113,0,0,0,0,0
699,1858,700.2012716025694,99828,9242,5630,130,38,47181,25393,0.726990423528469,5695,3571,8339,14521,22077,14458,4515,11780,48279,35715,0,0,6263,766,3346,1962,6277,511,6611,0,0,28311,45642,28,111,0,0,0,0,0
700,1858,701.2267979861733,99821,9318,5757,135,40,48628,26335,0.7509742438965749,5689,3594,7994,14229,22606,14955,4256,11423,48282,35720,0,0,5982,733,3271,2075,6736,569,6776,0,0,29087,44458,26,108,0,0,0,0,0
701,1858,702.2258828360418,99817,9468,5821,139,40,50085,27206,0.7743270184437521,5511,3647,7686,13920,23150,15446,4044,11124,48285,35725,0,0,5748,711,3200,2171,7166,646,6894,0,0,29858,43294,24,105,0,0,0,0,0
702,1858,703.2004878236104,99815,9551,5903,140,41,51426,28073,0.796463457396183,5466,3681,7385,13637,23616,15915,3840,10821,48288,35730,0,0,5507,694,3127,2273,7617,705,7017,0,0,30558,42190,24,103,0,0,0,0,0
703,1858,704.154119664806,99810,9547,5952,143,43,52727,28941,0.8182346458270714,5366,3687,7111,13363,24165,16426,3666,10527,48291,35735,0,0,5269,666,3056,2377,8072,774,7133,0,0,31291,41047,22,103,0,0,0,0,0
704,1858,705.0873120854646,99806,9525,6050,146,44,53985,29784,0.839318277458269,5285,3653,6850,13143,24693,16855,3499,10253,48294,35740,0,0,5064,637,2988,2490,8509,858,7206,0,0,31945,39987,21,101,0,0,0,0,0
705,1858,706.0021228330203,99799,9480,6085,149,48,55177,30594,0.8594374693133198,5254,3615,6630,12938,25159,17333,3326,9979,48297,35744,0,0,4840,603,2913,2595,8968,941,7305,0,0,32538,38977,21,98,0,0,0,0,0
706,1858,707.1230546608587,99794,9382,6163,152,50,56604,31642,0.8842816201374832,5213,3526,6334,12694,25757,17902,3160,9663,48300,35748,0,0,4592,576,2815,2740,9548,1044,7382,0,0,33265,37714,20,98,0,0,0,0,0
707,1858,708.0031707784825,99787,9376,6108,155,54,57751,32410,0.9035345285458025,5165,3534,6128,12471,26156,18393,3018,9438,48303,35752,0,0,4412,556,2744,2829,10048,1130,7444,0,0,33788,36723,20,93,0,0,0,0,0
708,1858,709.0865797797633,99783,9370,6218,156,57,59154,33408,0.927632963530862,5080,3374,5883,12238,26630,18918,2879,9193,48306,35756,0,0,4187,538,2661,2951,10598,1243,7502,0,0,34378,35616,19,90,0,0,0,0,0
709,1858,710.1522724953448,99781,9309,6152,158,57,60490,34310,0.9500806766819334,4988,3336,5705,12034,27101,19497,2737,8922,48309,35760,0,0,3988,503,2577,3081,11209,1356,7539,0,0,34940,34485,18,85,0,0,0,0,0
710,1858,711.2029743160743,99774,9319,6054,162,60,61833,35129,0.9718163048489586,4808,3338,5543,11849,27569,20028,2597,8669,48312,35764,0,0,3810,477,2490,3203,11799,1479,7561,0,0,35423,33435,16,81,0,0,0,0,0
711,1858,712.0331706698772,99767,9271,5979,166,63,62835,35796,0.9886134693836639,4803,3328,5377,11700,27890,20468,2491,8460,48315,35768,0,0,3665,461,2434,3279,12270,1588,7584,0,0,35775,32616,16,79,0,0,0,0,0
712,1858,713.0595812919048,99761,9109,5876,171,64,64031,36616,1.0088812261304518,4825,3317,5200,11477,28312,21045,2381,8219,48318,35772,0,0,3480,441,2359,3391,12852,1732,7612,0,0,36227,31575,16,76,0,0,0,0,0
713,1858,714.0741334789453,99754,9023,5845,175,67,65247,37401,1.0290113679651944,4762,3347,5065,11273,28703,21465,2270,8001,48321,35776,0,0,3347,428,2302,3502,13389,1880,7572,0,0,36633,30613,14,74,0,0,0,0,0
714,1858,715.0771334925689,99746,8888,5875,181,69,66417,38263,1.0494656427325406,4678,3233,4961,11095,29112,21919,2178,7807,48324,35780,0,0,3192,408,2253,3614,13918,2024,7559,0,0,37055,29637,14,72,0,0,0,0,0
715,1858,716.0698234361334,99740,8826,5789,184,72,67637,39024,1.069390415079206,4454,3203,4863,10929,29572,22371,2099,7634,48327,35784,0,0,3048,382,2184,3731,14424,2202,7548,0,0,37437,28701,14,69,0,0,0,0,0
716,1858,717.0519037766935,99733,8632,5716,187,76,68723,39730,1.0874334473043026,4430,3191,4739,10776,29983,22787,2027,7452,48330,35788,0,0,2893,368,2127,3808,14938,2395,7560,0,0,37702,27862,14,66,0,0,0,0,0
717,1858,718.0244445785788,99733,8469,5675,187,76,69788,40485,1.1056821713976317,4330,3112,4655,10657,30399,23197,1958,7281,48333,35792,0,0,2741,356,2083,3893,15491,2570,7566,0,0,37893,27062,12,66,0,0,0,0,0
718,1858,719.1810093881217,99722,8283,5670,191,83,71041,41393,1.1274743787729888,4279,2956,4556,10528,30818,23705,1871,7056,48336,35796,0,0,2555,336,2005,3990,16132,2783,7571,0,0,38095,26180,12,63,0,0,0,0,0
719,1858,720.1366936817354,99716,8142,5625,194,86,72039,42069,1.1443298969072164,4223,2892,4513,10435,31119,24076,1807,6884,48338,35800,0,0,2449,321,1949,4052,16720,2934,7543,0,0,38208,25467,12,61,0,0,0,0,0
720,1858,721.0869775526515,99714,7989,5549,196,86,73016,42750,1.1609804039553122,4210,2856,4459,10325,31402,24460,1742,6722,48340,35804,0,0,2362,304,1894,4122,17274,3126,7488,0,0,38299,24774,12,59,0,0,0,0,0
721,1858,722.0317587497542,99707,7843,5492,200,89,73970,43424,1.1773897519732817,4159,2791,4410,10230,31706,24820,1680,6576,48342,35808,0,0,2262,296,1846,4186,17805,3307,7451,0,0,38381,24103,12,58,0,0,0,0,0
722,1858,723.1581532203667,99704,7740,5390,203,89,75132,44198,1.1968426542565995,4060,2717,4351,10121,32021,25262,1623,6419,48344,35812,0,0,2150,285,1789,4269,18383,3538,7399,0,0,38517,23305,11,58,0,0,0,0,0
723,1858,724.092630498095,99698,7625,5268,206,92,76039,44824,1.2122911191799233,4016,2692,4316,10020,32269,25643,1566,6283,48346,35816,0,0,2062,277,1742,4343,18878,3738,7335,0,0,38564,22694,10,55,0,0,0,0,0
724,1858,725.0224671982086,99696,7542,5179,208,92,76958,45427,1.227581848820414,3883,2633,4277,9947,32574,26007,1514,6140,48348,35819,0,0,1994,270,1695,4399,19364,3946,7274,0,0,38575,22116,9,54,0,0,0,0,0
725,1858,726.132330675558,99689,7408,5056,212,95,78005,46126,1.2451825176298288,3793,2594,4238,9890,32904,26365,1443,5998,48350,35822,0,0,1889,257,1648,4478,19951,4174,7211,0,0,38553,21469,8,51,0,0,0,0,0
726,1858,727.0520507281028,99685,7252,4965,213,98,78840,46719,1.2595576064603502,3762,2559,4211,9817,33166,26678,1394,5881,48352,35825,0,0,1806,244,1607,4535,20424,4382,7162,0,0,38542,20925,8,50,0,0,0,0,0
727,1858,728.1512463830069,99684,7146,4892,214,98,79847,47408,1.2765840054572448,3729,2483,4173,9704,33408,27054,1328,5767,48354,35828,0,0,1728,231,1586,4609,20963,4618,7076,0,0,38479,20336,8,50,0,0,0,0,0
728,1858,729.0635915584884,99683,7062,4849,214,99,80721,47998,1.2912833682774394,3598,2430,4148,9655,33691,27304,1285,5661,48356,35831,0,0,1659,225,1553,4708,21387,4834,6982,0,0,38425,19854,8,48,0,0,0,0,0
729,1858,730.1532906462671,99682,6860,4776,215,99,81633,48692,1.3074075560281695,3601,2318,4143,9600,33941,27660,1238,5545,48358,35834,0,0,1596,214,1506,4741,21958,5085,6889,0,0,38340,19298,8,47,0,0,0,0,0
730,1858,731.0588966711664,99679,6764,4687,217,100,82448,49188,1.3205991231854253,3456,2294,4161,9562,34193,27911,1207,5444,48360,35837,0,0,1534,209,1481,4793,22334,5334,6834,0,0,38223,18883,7,47,0,0,0,0,0
731,1858,732.1422395366476,99677,6603,4576,218,101,83319,49766,1.33516257511763,3408,2271,4175,9530,34431,28186,1163,5334,48362,35840,0,0,1479,202,1456,4840,22797,5587,6744,0,0,38153,18366,7,46,0,0,0,0,0
732,1858,733.0421811150877,99672,6496,4481,221,103,84058,50270,1.347700457500602,3300,2240,4188,9504,34670,28431,1123,5239,48364,35843,0,0,1432,199,1430,4897,23193,5802,6659,0,0,38053,17954,7,46,0,0,0,0,0
733,1858,734.1195677496299,99668,6403,4458,223,105,84930,50887,1.362694144559939,3248,2113,4204,9512,34835,28674,1085,5136,48366,35846,0,0,1369,193,1394,4972,23680,6009,6549,0,0,37922,17528,6,46,0,0,0,0,0
734,1858,735.0159563226853,99668,6384,4381,223,105,85639,51387,1.3748244170646546,3224,2062,4216,9482,34895,28911,1056,5057,48368,35849,0,0,1322,182,1379,5002,24015,6222,6502,0,0,37839,17153,6,46,0,0,0,0,0
735,1858,736.0909299613108,99662,6285,4249,226,108,86486,51945,1.3890048363468523,3147,2031,4248,9432,35070,29214,1022,4964,48370,35852,0,0,1277,177,1343,5028,24458,6491,6421,0,0,37717,16700,6,44,0,0,0,0,0
736,1858,737.1639971401395,99659,6162,4189,227,110,87328,52482,1.4028838338735086,3044,2000,4275,9397,35288,29427,1002,4875,48372,35855,0,0,1232,166,1326,5057,24865,6756,6348,0,0,37569,16291,6,43,0,0,0,0,0
737,1858,738.0562668647583,99656,6011,4049,228,112,88013,52890,1.4138937946536083,2966,1994,4280,9386,35539,29661,974,4796,48374,35858,0,0,1191,157,1301,5087,25203,7012,6271,0,0,37430,15956,5,43,0,0,0,0,0
738,1858,739.1238937020072,99652,5882,3929,232,112,88794,53377,1.4266748284028419,2880,1981,4319,9376,35740,29888,945,4712,48376,35861,0,0,1137,152,1277,5124,25591,7269,6189,0,0,37273,15594,5,41,0,0,0,0,0
739,1858,740.0121071995071,99650,5802,3888,233,113,89457,53841,1.4380130456598093,2771,1894,4347,9378,35916,30074,929,4651,48378,35864,0,0,1102,151,1263,5129,25838,7530,6139,0,0,37184,15269,4,41,0,0,0,0,0
740,1858,741.0766814482923,99646,5658,3779,235,115,90141,54334,1.449882584348594,2741,1894,4390,9351,36061,30285,913,4574,48380,35867,0,0,1071,144,1239,5153,26198,7791,6045,0,0,37036,14926,4,39,0,0,0,0,0
741,1858,742.139900508519,99643,5553,3712,237,116,90870,54816,1.4620796242586032,2656,1827,4411,9355,36256,30504,885,4484,48382,35870,0,0,1035,141,1216,5173,26514,8072,5970,0,0,36875,14607,3,37,0,0,0,0,0
742,1858,743.0245450335464,99639,5424,3658,240,117,91456,55230,1.4721745501259547,2574,1788,4421,9376,36471,30640,868,4419,48384,35873,0,0,1004,134,1195,5192,26780,8330,5913,0,0,36696,14356,3,36,0,0,0,0,0
743,1858,744.0839326537316,99638,5283,3608,240,118,92114,55714,1.4836508159537525,2520,1729,4466,9348,36641,30839,848,4356,48386,35876,0,0,975,130,1169,5211,27105,8599,5831,0,0,36522,14058,3,35,0,0,0,0,0
744,1858,745.1419677457603,99636,5158,3506,242,118,92813,56149,1.4950620257738167,2407,1714,4520,9371,36836,31004,835,4285,48388,35879,0,0,947,125,1145,5229,27390,8900,5753,0,0,36349,13761,3,34,0,0,0,0,0
745,1858,746.0221127648175,99631,4995,3521,245,120,93338,56546,1.5043912035410665,2376,1677,4553,9362,37012,31089,817,4229,48390,35882,0,0,920,123,1133,5236,27617,9142,5694,0,0,36177,13552,3,34,0,0,0,0,0
746,1858,747.0760684155377,99630,4845,3434,245,121,93978,56977,1.5151560774867008,2329,1621,4606,9367,37174,31287,799,4168,48392,35885,0,0,896,119,1114,5242,27921,9424,5607,0,0,35970,13300,3,34,0,0,0,0,0
747,1858,748.1293536012373,99625,4622,3315,247,124,94549,57375,1.5249585947302384,2305,1601,4663,9404,37382,31460,779,4094,48394,35888,0,0,870,117,1090,5250,28209,9713,5530,0,0,35780,13029,3,34,0,0,0,0,0
748,1858,749.006439878702,99623,4540,3234,249,124,95062,57715,1.5335514891139597,2229,1541,4721,9425,37493,31614,766,4060,48396,35891,0,0,845,115,1070,5285,28400,9942,5465,0,0,35654,12810,3,34,0,0,0,0,0
749,1858,750.0586071273442,99621,4444,3171,251,124,95645,58126,1.5435600927515283,2157,1484,4760,9465,37628,31751,758,4003,48398,35894,0,0,815,109,1054,5319,28612,10217,5392,0,0,35471,12596,3,33,0,0,0,0,0
750,1858,751.1105745795589,99620,4323,3092,251,125,96183,58512,1.552850833166031,2140,1428,4801,9488,37736,31908,747,3957,48400,35897,0,0,788,102,1039,5335,28871,10465,5341,0,0,35267,12376,3,33,0,0,0,0,0
751,1858,752.1621730743224,99619,4237,3046,252,125,96785,58925,1.5630552404661762,2017,1367,4874,9525,37883,32029,735,3906,48402,35900,0,0,765,95,1024,5318,29145,10729,5285,0,0,35044,12178,3,33,0,0,0,0,0
752,1858,753.0384182410963,99615,4178,2987,254,127,97238,59234,1.5707674547005972,2006,1330,4901,9543,37939,32136,720,3875,48404,35902,0,0,752,92,1012,5305,29348,10924,5234,0,0,34905,12007,3,33,0,0,0,0,0
753,1858,754.0897595215904,99614,4102,2905,254,128,97773,59603,1.5798582528560243,1948,1319,4956,9558,38027,32259,711,3829,48406,35904,0,0,734,91,1003,5310,29507,11202,5176,0,0,34750,11806,3,32,0,0,0,0,0
754,1858,755.1414602107455,99612,4058,2817,255,129,98306,59954,1.588764405894872,1909,1252,5015,9592,38058,32423,703,3785,48408,35906,0,0,715,85,992,5308,29702,11444,5134,0,0,34591,11606,3,32,0,0,0,0,0
755,1858,756.018942272254,99609,3953,2727,256,131,98726,60211,1.595608830527362,1895,1219,5057,9649,38140,32518,697,3754,48410,35908,0,0,692,83,985,5298,29878,11639,5097,0,0,34469,11433,3,32,0,0,0,0,0
756,1858,757.0719413666545,99607,3842,2628,258,131,99220,60497,1.6034716435591876,1838,1241,5119,9669,38257,32608,684,3721,48412,35910,0,0,680,80,971,5287,30063,11885,5039,0,0,34310,11257,3,32,0,0,0,0,0
757,1858,758.124872019827,99605,3756,2583,260,131,99715,60844,1.6119572310626977,1803,1181,5190,9688,38316,32726,673,3689,48414,35912,0,0,669,77,962,5279,30247,12127,4989,0,0,34131,11090,3,31,0,0,0,0,0
758,1858,759.0029631395613,99603,3713,2516,261,132,100117,61104,1.6186359848598937,1763,1152,5219,9716,38376,32833,666,3649,48416,35914,0,0,659,76,955,5259,30401,12319,4949,0,0,33995,10956,3,31,0,0,0,0,0
759,1858,760.0568709624432,99603,3613,2415,261,132,100599,61399,1.6264369547101996,1693,1120,5305,9784,38466,32945,660,3602,48418,35916,0,0,641,75,935,5271,30596,12554,4884,0,0,33813,10802,2,30,0,0,0,0,0
760,1858,761.1111552170839,99600,3482,2359,264,132,101015,61705,1.6337349397590362,1698,1090,5361,9799,38542,33053,651,3565,48420,35918,0,0,631,75,923,5256,30761,12786,4833,0,0,33653,10650,2,30,0,0,0,0,0
761,1858,762.1658915110621,99598,3419,2332,265,133,101491,61983,1.6413381794815156,1600,1070,5438,9867,38629,33054,647,3542,48422,35920,0,0,619,72,912,5259,30921,12993,4773,0,0,33493,10524,2,30,0,0,0,0,0
762,1858,763.045181280906,99596,3334,2307,265,135,101836,62237,1.6473854371661512,1594,1018,5514,9909,38652,33109,639,3520,48424,35922,0,0,609,71,902,5247,31071,13170,4716,0,0,33351,10427,2,30,0,0,0,0,0
763,1858,764.1017365680535,99595,3334,2242,266,135,102287,62512,1.6546915005773382,1502,995,5591,9972,38673,33168,632,3486,48426,35924,0,0,598,71,894,5264,31188,13373,4651,0,0,33229,10295,2,30,0,0,0,0,0
764,1858,765.1591968300203,99593,3203,2132,268,135,102674,62740,1.6608998624401314,1502,1023,5664,10009,38737,33251,624,3448,48427,35926,0,0,585,71,881,5254,31302,13623,4604,0,0,33065,10177,2,29,0,0,0,0,0
765,1858,766.0411424569131,99593,3159,2090,268,135,103020,62993,1.6669143413693734,1451,966,5739,10063,38760,33324,621,3420,48428,35928,0,0,576,71,869,5250,31389,13821,4567,0,0,32959,10060,2,29,0,0,0,0,0
766,1858,767.1007173044765,99593,3104,2046,268,135,103424,63252,1.6735714357434759,1393,944,5813,10140,38812,33346,608,3387,48429,35930,0,0,568,69,863,5242,31475,14046,4520,0,0,32833,9946,2,29,0,0,0,0,0
767,1858,768.1606927714973,99590,2994,2006,270,136,103791,63493,1.6797268802088563,1369,928,5911,10214,38855,33363,599,3351,48430,35932,0,0,562,69,850,5228,31585,14259,4471,0,0,32696,9839,2,29,0,0,0,0,0
768,1858,769.0448691675596,99590,2927,1930,270,136,104094,63689,1.684737423436088,1355,928,5981,10261,38873,33427,592,3316,48431,35934,0,0,552,68,838,5219,31715,14413,4432,0,0,32588,9734,2,29,0,0,0,0,0
769,1858,770.1070141482292,99589,2871,1868,270,137,104441,63934,1.6906987719527258,1323,917,6070,10330,38882,33468,582,3278,48432,35936,0,0,543,67,833,5213,31832,14607,4395,0,0,32441,9627,2,29,0,0,0,0,0
770,1858,771.1708263904113,99589,2766,1829,270,137,104767,64162,1.69626163532117,1313,900,6157,10395,38914,33485,578,3252,48433,35938,0,0,534,66,828,5200,31897,14822,4357,0,0,32326,9529,2,28,0,0,0,0,0
771,1858,772.057986497843,99589,2692,1821,270,137,105067,64367,1.701332476478326,1248,870,6222,10447,38992,33495,574,3228,48434,35940,0,0,528,65,822,5186,31972,14992,4325,0,0,32226,9443,2,28,0,0,0,0,0
772,1858,773.1229225094671,99589,2604,1785,270,137,105388,64585,1.7067447208024982,1208,857,6305,10538,39043,33485,568,3196,48435,35942,0,0,521,64,812,5175,32085,15168,4285,0,0,32098,9351,2,28,0,0,0,0,0
773,1858,774.0106889518141,99588,2536,1755,271,137,105656,64789,1.7115013857091215,1212,825,6342,10586,39072,33518,565,3177,48436,35944,0,0,514,64,804,5138,32208,15311,4265,0,0,31983,9271,2,28,0,0,0,0,0
774,1858,775.0767032886724,99586,2447,1725,273,137,105966,65021,1.7169782901211013,1192,820,6410,10655,39118,33516,558,3145,48437,35946,0,0,505,59,799,5135,32235,15531,4230,0,0,31877,9185,2,28,0,0,0,0,0
775,1858,776.1432859340756,99584,2370,1691,274,138,106284,65236,1.7223650385604112,1139,790,6523,10722,39136,33543,556,3114,48438,35948,0,0,500,58,797,5114,32330,15728,4196,0,0,31708,9123,2,28,0,0,0,0,0
776,1858,777.0333605879442,99583,2327,1652,274,139,106537,65415,1.726720424168784,1148,748,6600,10797,39100,33569,549,3093,48439,35950,0,0,492,58,792,5113,32408,15865,4162,0,0,31612,9051,2,28,0,0,0,0,0
777,1858,778.1036132754924,99583,2290,1599,274,139,106848,65608,1.7317815289758292,1113,759,6690,10852,39089,33589,542,3060,48440,35952,0,0,489,57,783,5098,32479,16044,4125,0,0,31504,8974,2,28,0,0,0,0,0
778,1858,779.1757086625211,99582,2284,1533,274,140,107153,65788,1.7366692775802857,1076,760,6776,10933,39049,33607,539,3025,48441,35954,0,0,481,57,778,5080,32559,16202,4097,0,0,31404,8894,2,28,0,0,0,0,0
779,1858,780.0705213264105,99582,2243,1479,274,140,107407,65943,1.740776445542367,1041,753,6862,11018,39045,33600,533,3008,48442,35956,0,0,476,56,770,5064,32632,16350,4077,0,0,31301,8826,2,28,0,0,0,0,0
780,1858,781.1460016508638,99581,2180,1420,274,141,107669,66133,1.7453329450397164,1020,739,6942,11106,39054,33603,528,2989,48443,35958,0,0,472,56,763,5050,32712,16507,4048,0,0,31207,8737,2,27,0,0,0,0,0
781,1858,782.0432301288421,99581,2109,1410,274,141,107893,66305,1.7493096072543959,992,693,7006,11193,39091,33592,526,2969,48444,35960,0,0,470,56,758,5035,32762,16666,4025,0,0,31087,8693,2,27,0,0,0,0,0
782,1858,783.1212347320771,99579,2070,1382,274,143,108161,66490,1.7538938932907542,968,677,7115,11295,39047,33555,524,2946,48445,35962,0,0,464,53,750,5020,32818,16820,4003,0,0,31000,8623,2,26,0,0,0,0,0
783,1858,784.0210602420755,99576,2015,1338,276,144,108372,66639,1.7575620631477464,924,679,7206,11349,39055,33564,522,2924,48446,35964,0,0,460,53,741,5010,32857,16970,3986,0,0,30902,8571,1,25,0,0,0,0,0
784,1858,785.1019712351892,99575,1910,1330,277,144,108596,66820,1.761646999748933,909,659,7302,11438,39083,33521,517,2906,48447,35966,0,0,452,53,736,5002,32900,17134,3955,0,0,30798,8519,1,25,0,0,0,0,0
785,1858,786.0037636232397,99575,1907,1308,277,144,108841,66974,1.7656540296259102,840,618,7363,11513,39099,33522,512,2893,48448,35968,0,0,446,53,735,4979,32949,17265,3942,0,0,30708,8474,1,23,0,0,0,0,0
786,1858,787.0872138856208,99574,1827,1287,277,145,109068,67153,1.7697491312993352,827,590,7485,11604,39072,33502,510,2870,48449,35970,0,0,443,53,729,4972,33000,17418,3916,0,0,30607,8412,1,23,0,0,0,0,0
787,1858,788.1732559425259,99574,1769,1262,277,145,109279,67321,1.773555345772993,823,574,7602,11690,39021,33484,506,2843,48450,35972,0,0,440,53,721,4962,33072,17553,3890,0,0,30499,8360,1,23,0,0,0,0,0
788,1858,789.0802052056739,99573,1718,1263,277,146,109481,67470,1.7770982093539414,781,539,7691,11767,39026,33458,505,2825,48451,35974,0,0,438,53,716,4942,33102,17686,3865,0,0,30430,8317,1,23,0,0,0,0,0
789,1858,790.1702353334177,99572,1681,1222,278,146,109683,67606,1.7805105853051058,806,533,7798,11854,38938,33444,497,2799,48452,35976,0,0,433,50,712,4940,33120,17829,3851,0,0,30335,8278,1,23,0,0,0,0,0
790,1858,791.0808094616806,99571,1650,1161,279,146,109877,67716,1.7835815649134787,762,524,7907,11918,38906,33467,494,2782,48453,35978,0,0,431,50,709,4933,33147,17958,3828,0,0,30258,8233,1,23,0,0,0,0,0
791,1858,792.1762492431566,99570,1607,1153,280,146,110077,67862,1.787074420006026,778,522,8018,12009,38823,33405,492,2763,48454,35980,0,0,427,49,704,4912,33200,18078,3810,0,0,30179,8188,1,22,0,0,0,0,0
792,1858,793.0909659287668,99570,1570,1126,280,146,110251,67962,1.7898262528874158,773,535,8089,12101,38799,33344,487,2746,48455,35982,0,0,426,49,697,4896,33222,18194,3791,0,0,30114,8158,1,22,0,0,0,0,0
793,1858,794.0068769959834,99569,1531,1110,281,146,110417,68090,1.7927969548755134,759,507,8173,12163,38767,33336,487,2736,48456,35984,0,0,423,48,694,4887,33246,18313,3775,0,0,30038,8122,1,22,0,0,0,0,0
794,1858,795.1080984687336,99567,1488,1051,283,146,110623,68230,1.7963080136993181,725,496,8286,12248,38728,33339,488,2718,48457,35986,0,0,420,47,692,4887,33289,18445,3750,0,0,29955,8059,1,22,0,0,0,0,0
795,1858,796.0280106338483,99566,1474,1002,283,147,110789,68325,1.7989474318542473,728,493,8377,12310,38652,33343,484,2703,48458,35988,0,0,416,46,689,4877,33337,18539,3736,0,0,29885,8018,1,22,0,0,0,0,0
796,1858,797.1344871700384,99566,1439,1006,283,147,110998,68468,1.8024827752445614,704,484,8466,12442,38623,33242,483,2677,48459,35990,0,0,413,46,687,4873,33384,18651,3714,0,0,29812,7963,1,22,0,0,0,0,0
797,1858,798.0578635922703,99566,1380,992,283,147,111133,68588,1.8050438904847037,709,455,8544,12528,38600,33213,482,2663,48460,35992,0,0,409,46,684,4859,33418,18752,3703,0,0,29746,7927,1,21,0,0,0,0,0
798,1858,799.1680285952405,99566,1379,954,283,147,111335,68699,1.8081875338971134,678,435,8634,12626,38551,33191,473,2645,48461,35994,0,0,409,46,684,4852,33460,18864,3679,0,0,29658,7892,1,21,0,0,0,0,0
799,1858,800.0946747909176,99566,1357,923,283,147,111494,68808,1.810879215796557,665,415,8726,12698,38494,33178,473,2637,48462,35996,0,0,406,46,682,4844,33503,18952,3664,0,0,29609,7838,1,21,0,0,0,0,0
800,1858,801.0234191147526,99566,1339,897,283,147,111644,68907,1.813380069501637,667,408,8805,12777,38434,33148,470,2621,48463,35998,0,0,403,46,680,4841,33541,19040,3644,0,0,29543,7808,1,19,0,0,0,0,0
801,1858,802.1401353083404,99566,1356,868,283,147,111853,69006,1.8164734949681618,619,423,8891,12872,38378,33082,471,2606,48464,36000,0,0,400,46,678,4825,33553,19150,3634,0,0,29491,7769,1,19,0,0,0,0,0
802,1858,803.0724464116483,99564,1339,832,285,147,112016,69098,1.819071150214937,603,402,8986,12970,38318,33057,467,2590,48465,36002,0,0,399,46,675,4802,33583,19254,3622,0,0,29422,7741,1,19,0,0,0,0,0
803,1858,804.0069527117349,99563,1281,799,285,148,112147,69163,1.82105802356297,592,420,9077,13066,38296,32992,467,2573,48466,36004,0,0,399,46,673,4786,33623,19344,3603,0,0,29357,7713,1,18,0,0,0,0,0
804,1858,805.1303369936028,99563,1219,774,285,148,112305,69276,1.8237799182427208,571,426,9196,13169,38260,32927,467,2554,48467,36006,0,0,394,46,669,4768,33687,19444,3594,0,0,29260,7682,1,18,0,0,0,0,0
805,1858,806.0682437159071,99563,1184,760,285,148,112434,69364,1.8259594427648826,567,424,9287,13240,38212,32889,463,2537,48468,36008,0,0,390,46,667,4761,33724,19518,3581,0,0,29206,7651,1,18,0,0,0,0,0
806,1858,807.0079050686774,99562,1176,753,286,148,112577,69461,1.8283883409332877,556,394,9372,13325,38148,32854,460,2524,48469,36009,0,0,388,46,667,4761,33745,19596,3565,0,0,29155,7620,1,18,0,0,0,0,0
807,1858,808.13791541347,99561,1121,755,287,148,112729,69578,1.8311085666074065,546,375,9478,13429,38109,32786,457,2505,48470,36010,0,0,385,46,664,4752,33755,19712,3551,0,0,29081,7596,1,18,0,0,0,0,0
808,1858,809.0814212816522,99561,1081,762,287,148,112839,69674,1.8331776498829864,530,351,9580,13503,38064,32736,456,2498,48471,36011,0,0,385,46,663,4743,33764,19797,3539,0,0,29031,7574,1,18,0,0,0,0,0
809,1858,810.0264629382269,99561,1050,755,287,148,112967,69761,1.835337130000703,506,349,9680,13578,38019,32680,456,2488,48472,36012,0,0,383,46,662,4728,33767,19888,3530,0,0,28992,7546,1,18,0,0,0,0,0
810,1858,811.163266112584,99561,1023,745,287,148,113107,69859,1.8377276242705478,501,333,9805,13709,37927,32594,455,2469,48473,36013,0,0,382,46,660,4707,33776,19991,3524,0,0,28935,7521,1,18,0,0,0,0,0
811,1858,812.1130896374497,99560,983,731,288,148,113222,69941,1.8397247890719164,476,327,9914,13795,37885,32547,452,2450,48474,36014,0,0,381,46,657,4704,33790,20078,3508,0,0,28881,7496,1,18,0,0,0,0,0
812,1858,813.0649974796241,99560,955,717,288,148,113332,70018,1.8416030534351144,451,317,10026,13880,37828,32495,450,2441,48475,36015,0,0,381,46,652,4688,33827,20144,3498,0,0,28837,7469,1,17,0,0,0,0,0
813,1858,814.0191839976371,99560,940,711,288,148,113439,70107,1.843571715548413,457,306,10128,13959,37736,32446,449,2428,48476,36016,0,0,378,46,651,4679,33841,20218,3491,0,0,28792,7446,1,17,0,0,0,0,0
814,1858,815.1672196659418,99560,917,681,288,148,113571,70188,1.8457111289674568,452,312,10233,14058,37662,32382,446,2417,48477,36017,0,0,376,46,650,4673,33865,20297,3474,0,0,28748,7413,1,17,0,0,0,0,0
815,1858,816.1259892488796,99560,878,665,288,148,113681,70261,1.8475492165528324,451,310,10316,14124,37621,32342,444,2409,48478,36018,0,0,375,46,648,4656,33894,20368,3469,0,0,28694,7392,1,17,0,0,0,0,0
816,1858,817.0865052129602,99560,858,631,288,148,113791,70325,1.8492969063881077,427,315,10404,14198,37578,32307,443,2399,48479,36019,0,0,375,45,645,4653,33909,20440,3458,0,0,28650,7367,1,17,0,0,0,0,0
817,1858,818.0487326475834,99559,852,626,288,149,113897,70404,1.8511736759107664,397,296,10499,14285,37522,32247,440,2395,48480,36020,0,0,373,45,644,4641,33928,20500,3450,0,0,28622,7338,1,17,0,0,0,0,0
818,1858,819.0128715302538,99556,825,616,290,150,113998,70479,1.852997308047732,387,281,10584,14391,37471,32174,441,2386,48481,36021,0,0,372,45,643,4621,33957,20564,3443,0,0,28578,7315,1,17,0,0,0,0,0
819,1858,820.1725132229437,99556,796,603,290,150,114106,70573,1.8550263168467997,410,265,10670,14493,37395,32113,437,2374,48482,36022,0,0,370,45,642,4621,33958,20648,3427,0,0,28533,7294,1,17,0,0,0,0,0
820,1858,821.1407502562781,99556,779,601,290,150,114209,70649,1.8568242998915183,399,247,10748,14574,37346,32061,436,2365,48483,36023,0,0,365,45,640,4611,33955,20723,3422,0,0,28502,7275,1,17,0,0,0,0,0
821,1858,822.1108627198655,99556,755,563,290,150,114298,70705,1.8582807666037204,396,244,10846,14655,37277,32032,434,2354,48484,36024,0,0,362,45,638,4608,33962,20797,3416,0,0,28454,7256,1,17,0,0,0,0,0
822,1858,823.083386235867,99556,755,546,290,150,114397,70758,1.859807545502029,374,230,10931,14766,37216,31963,432,2343,48485,36025,0,0,360,45,637,4595,33998,20845,3411,0,0,28405,7242,1,17,0,0,0,0,0
823,1858,824.0580423431761,99556,739,530,290,150,114492,70822,1.8614046365864438,359,221,11035,14873,37143,31896,432,2328,48486,36026,0,0,360,45,636,4583,34011,20912,3400,0,0,28367,7224,1,17,0,0,0,0,0
824,1858,825.0349741523579,99556,713,531,290,150,114572,70888,1.862871147896661,371,213,11129,14956,37065,31833,430,2315,48487,36027,0,0,359,44,635,4583,34022,20972,3385,0,0,28325,7213,1,17,0,0,0,0,0
825,1858,826.0141348598124,99556,725,515,290,150,114676,70932,1.864357748402909,344,207,11222,15039,36987,31776,430,2311,48488,36028,0,0,357,44,633,4585,34038,21017,3375,0,0,28290,7199,1,17,0,0,0,0,0
826,1858,827.1924672329991,99555,682,473,291,150,114771,70987,1.8658831801516749,327,204,11357,15155,36912,31718,429,2298,48489,36029,0,0,355,44,630,4577,34033,21103,3363,0,0,28258,7175,1,16,0,0,0,0,0
827,1858,828.1769270404733,99555,673,472,291,150,114857,71046,1.8673396614936468,306,185,11455,15248,36844,31655,429,2288,48490,36030,0,0,352,44,629,4573,34038,21156,3359,0,0,28224,7163,1,16,0,0,0,0,0
828,1858,829.1635488705892,99555,647,455,291,150,114926,71096,1.8685349806639546,308,172,11545,15349,36778,31593,429,2279,48491,36031,0,0,352,44,627,4575,34049,21205,3348,0,0,28192,7146,1,16,0,0,0,0,0
829,1858,830.1524537061069,99555,618,445,291,150,114995,71143,1.869700165737532,319,182,11624,15430,36719,31520,427,2271,48492,36032,0,0,350,44,626,4570,34030,21275,3344,0,0,28167,7132,1,16,0,0,0,0,0
830,1858,831.1436679736577,99555,614,426,291,150,115088,71192,1.8711265129827734,290,173,11745,15548,36634,31438,424,2263,48493,36033,0,0,349,44,624,4562,34031,21337,3341,0,0,28127,7123,1,16,0,0,0,0,0
831,1858,832.1374040655704,99554,603,411,292,150,115167,71230,1.8723205496514455,266,182,11866,15631,36547,31371,424,2253,48494,36034,0,0,347,44,621,4557,34034,21382,3331,0,0,28115,7106,1,16,0,0,0,0,0
832,1858,833.1340602009672,99553,575,397,293,150,115230,71278,1.8734543409038402,268,181,11970,15732,36471,31290,421,2248,48495,36035,0,0,345,44,620,4549,34034,21439,3325,0,0,28092,7088,1,16,0,0,0,0,0
833,1858,834.1333181991654,99552,543,382,293,151,115287,71319,1.874457569913211,272,178,12085,15825,36387,31225,418,2237,48496,36036,0,0,342,44,620,4546,34028,21493,3321,0,0,28066,7075,1,16,0,0,0,0,0
834,1858,835.1352744788298,99552,536,357,293,151,115362,71361,1.8756328351012537,245,183,12207,15910,36299,31169,418,2228,48497,36037,0,0,342,43,619,4534,34057,21530,3314,0,0,28043,7053,1,16,0,0,0,0,0
835,1858,836.1402266708598,99552,519,372,293,151,115428,71420,1.8768884603021536,241,164,12319,15995,36212,31097,414,2219,48498,36038,0,0,341,43,619,4529,34046,21586,3307,0,0,28020,7044,1,16,0,0,0,0,0
836,1858,837.1476211530803,99552,522,364,293,151,115498,71457,1.877963275474124,221,161,12416,16104,36136,31012,410,2206,48499,36039,0,0,340,43,618,4514,34055,21626,3306,0,0,27996,7037,1,16,0,0,0,0,0
837,1858,838.1574299908389,99552,506,362,293,151,115556,71501,1.8789878656380585,218,154,12525,16181,36052,30952,404,2198,48500,36040,0,0,339,43,618,4505,34069,21664,3302,0,0,27971,7024,1,16,0,0,0,0,0
838,1858,839.1700581569602,99552,490,353,293,151,115607,71539,1.8798818707810994,228,152,12628,16295,35958,30862,401,2185,48501,36041,0,0,338,43,617,4502,34056,21712,3296,0,0,27957,7014,1,16,0,0,0,0,0
839,1858,840.1853438876976,99552,462,337,293,151,115654,71575,1.880715605914497,237,155,12739,16376,35870,30802,397,2177,48502,36042,0,0,337,43,617,4494,34062,21756,3291,0,0,27935,7000,1,16,0,0,0,0,0
840,1858,841.2036457509674,99552,463,337,293,151,115718,71618,1.8817904210864673,224,141,12870,16491,35752,30716,396,2162,48503,36043,0,0,336,43,616,4487,34056,21795,3286,0,0,27928,6988,1,16,0,0,0,0,0
841,1858,842.0207894229214,99552,461,331,293,151,115768,71647,1.8825839762134362,220,144,12943,16573,35684,30644,397,2155,48504,36044,0,0,336,43,616,4482,34063,21824,3283,0,0,27911,6977,1,16,0,0,0,0,0
842,1858,843.0446554722827,99552,464,314,293,151,115829,71677,1.8834980713596914,213,144,13049,16680,35582,30563,397,2146,48505,36045,0,0,336,43,615,4481,34073,21852,3277,0,0,27904,6954,1,16,0,0,0,0,0
843,1858,844.0716084258689,99552,460,324,293,151,115888,71722,1.8845427515268403,209,134,13186,16763,35456,30488,394,2138,48506,36046,0,0,335,43,613,4479,34086,21883,3272,0,0,27877,6947,1,16,0,0,0,0,0
844,1858,845.1024465706537,99552,474,309,293,151,115954,71750,1.8854869816779172,187,134,13306,16854,35345,30418,393,2132,48507,36047,0,0,334,43,611,4477,34084,21921,3269,0,0,27856,6940,1,16,0,0,0,0,0
845,1858,846.1363781350022,99552,448,307,293,151,116010,71788,1.8864312118289939,195,128,13407,16950,35262,30338,393,2124,48508,36048,0,0,333,42,609,4477,34095,21957,3262,0,0,27831,6929,1,16,0,0,0,0,0
846,1858,847.1732151634634,99552,436,295,293,151,116058,71820,1.88723481195757,192,132,13520,17055,35165,30248,392,2117,48509,36049,0,0,331,42,607,4473,34101,21991,3257,0,0,27815,6918,1,16,0,0,0,0,0
847,1858,848.0048690509246,99552,443,294,293,151,116106,71854,1.8880585020893603,197,124,13597,17111,35076,30208,392,2110,48510,36050,0,0,331,42,606,4472,34105,22018,3253,0,0,27797,6911,1,16,0,0,0,0,0
848,1858,849.0470879413537,99552,440,303,293,151,116173,71899,1.8891835422693668,183,115,13684,17218,35007,30107,391,2104,48511,36051,0,0,331,42,605,4470,34112,22053,3247,0,0,27773,6902,1,16,0,0,0,0,0
849,1858,850.0915531160383,99552,402,277,293,151,116216,71920,1.8898264223722276,178,124,13771,17312,34963,30037,391,2097,48512,36052,0,0,329,42,605,4467,34084,22112,3244,0,0,27765,6887,1,16,0,0,0,0,0
850,1858,851.138256713878,99552,375,269,293,151,116261,71950,1.8905797974927676,171,115,13880,17400,34890,29974,389,2089,48513,36053,0,0,328,42,605,4463,34102,22143,3235,0,0,27735,6882,1,16,0,0,0,0,0
851,1858,852.1877816520627,99552,376,262,293,151,116310,71987,1.891443667630987,170,108,13988,17510,34787,29887,384,2080,48514,36054,0,0,328,42,604,4462,34101,22176,3230,0,0,27722,6870,1,16,0,0,0,0,0
852,1858,853.0296111869803,99552,368,240,293,151,116354,71999,1.89200618772099,162,110,14070,17599,34722,29819,383,2079,48515,36055,0,0,327,42,603,4454,34122,22198,3228,0,0,27697,6864,1,16,0,0,0,0,0
853,1858,854.0846603805952,99552,363,233,293,151,116397,72028,1.8927294278367084,168,111,14183,17701,34608,29727,383,2075,48516,36056,0,0,326,42,603,4450,34134,22226,3225,0,0,27669,6860,1,16,0,0,0,0,0
854,1858,855.1430849575407,99552,358,223,293,151,116442,72052,1.8934225329476053,168,116,14286,17809,34510,29634,383,2065,48517,36057,0,0,324,42,602,4441,34139,22253,3226,0,0,27658,6850,1,16,0,0,0,0,0
855,1858,856.2043869926334,99552,325,232,293,151,116469,72091,1.8940855030536805,185,99,14380,17899,34432,29559,383,2058,48518,36058,0,0,322,42,602,4440,34134,22284,3224,0,0,27651,6836,1,16,0,0,0,0,0
856,1858,857.0556844550673,99552,332,226,293,151,116515,72113,1.89476856316297,176,101,14485,17964,34328,29503,384,2053,48519,36059,0,0,320,42,602,4435,34146,22301,3222,0,0,27638,6829,1,16,0,0,0,0,0
857,1858,858.1232539571954,99552,339,222,293,151,116560,72138,1.8954717132754741,163,99,14608,18090,34210,29393,385,2043,48520,36060,0,0,320,41,601,4434,34140,22327,3220,0,0,27632,6820,1,16,0,0,0,0,0
858,1858,859.1944179943255,99552,339,213,293,151,116610,72166,1.8962552234008359,145,104,14702,18217,34136,29279,383,2034,48521,36061,0,0,319,41,601,4431,34148,22355,3215,0,0,27613,6812,1,16,0,0,0,0,0
859,1858,860.053190862833,99552,319,205,293,151,116638,72186,1.8967373834779813,149,104,14782,18302,34072,29207,383,2029,48522,36062,0,0,318,41,601,4427,34160,22376,3209,0,0,27599,6804,1,16,0,0,0,0,0
860,1858,861.129300229326,99552,318,208,293,151,116685,72218,1.8975309386049501,138,94,14887,18423,33980,29101,382,2021,48523,36063,0,0,317,41,599,4424,34173,22398,3206,0,0,27579,6798,1,16,0,0,0,0,0
861,1858,862.2084872582802,99552,306,207,293,151,116729,72248,1.898274268723883,133,94,15011,18523,33877,29006,378,2017,48524,36064,0,0,315,41,599,4417,34177,22429,3204,0,0,27562,6791,1,16,0,0,0,0,0
862,1858,863.0743994983513,99552,301,197,293,151,116758,72267,1.8987564288010286,130,98,15091,18608,33804,28935,379,2009,48525,36065,0,0,314,41,598,4419,34172,22456,3200,0,0,27549,6786,1,16,0,0,0,0,0
863,1858,864.1597578442528,99552,298,189,293,151,116790,72290,1.8993089038894246,130,101,15192,18726,33707,28833,378,1998,48526,36066,0,0,313,41,598,4415,34176,22478,3198,0,0,27540,6776,1,16,0,0,0,0,0
864,1858,865.0302514372221,99552,278,188,293,151,116811,72309,1.8997107039537127,133,99,15276,18794,33641,28773,377,1993,48527,36067,0,0,312,41,596,4409,34180,22498,3196,0,0,27535,6768,1,16,0,0,0,0,0
865,1858,866.1212438667887,99552,261,178,293,151,116852,72333,1.9003636290581807,121,95,15398,18900,33547,28694,378,1980,48528,36068,0,0,311,41,596,4407,34176,22529,3192,0,0,27525,6758,1,16,0,0,0,0,0
866,1858,867.2156703439541,99551,258,171,293,152,116888,72356,1.9009753794537474,119,97,15511,18994,33438,28609,379,1975,48529,36069,0,0,310,41,595,4407,34182,22551,3185,0,0,27510,6753,1,16,0,0,0,0,0
867,1858,868.0936930251336,99551,249,180,293,152,116910,72380,1.9014374541692198,126,91,15590,19080,33361,28525,379,1970,48530,36070,0,0,309,40,595,4405,34179,22570,3183,0,0,27502,6751,1,16,0,0,0,0,0
868,1858,869.1942274302016,99551,247,186,293,152,116949,72411,1.9021406113449388,118,78,15705,19187,33257,28435,378,1960,48531,36071,0,0,307,39,594,4406,34180,22590,3180,0,0,27492,6746,1,16,0,0,0,0,0
869,1858,870.0772157892588,99551,237,171,293,152,116976,72422,1.9025223252403292,123,87,15795,19268,33172,28367,378,1953,48532,36072,0,0,306,39,593,4403,34171,22618,3180,0,0,27484,6740,1,16,0,0,0,0,0
870,1858,871.1841871936842,99551,237,168,293,152,117013,72443,1.9031049411859249,112,77,15897,19375,33083,28282,376,1944,48533,36073,0,0,305,39,593,4403,34170,22638,3174,0,0,27479,6733,1,16,0,0,0,0,0
871,1858,872.0721655067409,99551,237,157,293,152,117045,72458,1.9035770610039076,93,79,15997,19447,33002,28228,376,1935,48534,36074,0,0,305,39,593,4401,34178,22652,3170,0,0,27469,6727,1,16,0,0,0,0,0
872,1858,873.1853822230034,99551,217,154,293,152,117068,72480,1.9040290906168698,108,77,16092,19581,32914,28110,374,1924,48535,36075,0,0,304,39,593,4401,34179,22676,3166,0,0,27456,6720,1,16,0,0,0,0,0
873,1858,874.078314456526,99551,209,146,293,152,117087,72495,1.904370624102219,105,71,16188,19660,32828,28050,375,1919,48536,36076,0,0,303,39,592,4400,34172,22697,3164,0,0,27451,6716,1,16,0,0,0,0,0
874,1858,875.1978249677201,99551,211,130,293,152,117118,72513,1.9048628341252223,98,68,16294,19760,32727,27979,375,1909,48537,36077,0,0,303,39,592,4399,34170,22722,3162,0,0,27439,6708,1,16,0,0,0,0,0
875,1858,876.0961087199909,99551,205,127,293,152,117145,72527,1.9052746833281433,99,70,16368,19833,32658,27912,375,1904,48538,36078,0,0,303,39,592,4395,34170,22743,3160,0,0,27427,6705,1,16,0,0,0,0,0
876,1858,877.2220194883809,99551,188,125,293,152,117166,72548,1.9056965776335748,101,63,16490,19931,32551,27831,375,1896,48539,36079,0,0,302,39,592,4393,34170,22765,3158,0,0,27414,6701,1,16,0,0,0,0,0
877,1858,878.1253542558137,99551,189,126,293,152,117193,72561,1.9060983817339856,98,59,16574,20024,32469,27748,375,1889,48540,36080,0,0,302,39,591,4384,34178,22777,3157,0,0,27406,6700,1,16,0,0,0,0,0
878,1858,879.0311267093132,99551,183,125,293,152,117209,72571,1.9063595543992526,100,64,16662,20092,32386,27678,374,1887,48541,36081,0,0,302,39,591,4378,34187,22786,3155,0,0,27397,6699,1,16,0,0,0,0,0
879,1858,880.1664605694061,99551,194,126,293,152,117237,72586,1.9067914938071944,91,55,16767,20185,32279,27596,374,1884,48542,36082,0,0,301,39,590,4380,34185,22798,3152,0,0,27392,6697,1,16,0,0,0,0,0
880,1858,881.0776409656783,99551,191,131,293,152,117262,72601,1.9071932979076052,88,51,16863,20275,32189,27510,374,1879,48543,36083,0,0,301,39,590,4378,34182,22814,3149,0,0,27386,6695,1,16,0,0,0,0,0
881,1858,882.2200979541559,99551,184,128,293,152,117280,72614,1.9075046960854236,100,49,16951,20377,32095,27418,375,1874,48544,36084,0,0,301,38,590,4374,34184,22827,3147,0,0,27383,6690,1,16,0,0,0,0,0
882,1858,883.1365376445455,99551,188,126,293,152,117306,72628,1.9079065001858344,97,48,17040,20440,32007,27358,373,1874,48545,36085,0,0,299,38,590,4373,34192,22836,3147,0,0,27371,6688,1,16,0,0,0,0,0
883,1858,884.0554438695527,99550,185,130,294,152,117329,72642,1.908297338021095,92,47,17135,20509,31918,27289,374,1871,48546,36086,0,0,299,38,590,4372,34191,22849,3144,0,0,27363,6687,1,16,0,0,0,0,0
884,1858,885.2075697313679,99550,189,123,294,152,117359,72652,1.9086991461577096,87,56,17243,20609,31811,27201,374,1857,48547,36087,0,0,298,38,590,4372,34188,22864,3141,0,0,27360,6682,1,16,0,0,0,0,0
885,1858,886.1320870662495,99550,181,115,294,152,117379,72664,1.9090205926670014,87,53,17328,20695,31734,27135,374,1848,48548,36088,0,0,295,38,590,4368,34196,22877,3142,0,0,27350,6677,1,16,0,0,0,0,0
886,1858,887.0592157893057,99550,181,110,294,152,117398,72677,1.9093420391762934,86,53,17424,20764,31639,27075,374,1844,48549,36089,0,0,294,38,589,4364,34193,22893,3143,0,0,27348,6671,1,16,0,0,0,0,0
887,1858,888.2220572317316,99550,178,100,294,152,117420,72690,1.9096936212958313,84,50,17542,20891,31527,26969,373,1836,48550,36090,0,0,294,38,589,4363,34195,22910,3139,0,0,27340,6665,1,16,0,0,0,0,0
888,1858,889.155437088418,99550,174,98,294,152,117439,72704,1.9100251130085384,81,42,17641,20971,31435,26907,373,1828,48551,36091,0,0,294,38,588,4357,34206,22919,3137,0,0,27334,6660,1,16,0,0,0,0,0
889,1858,890.0915592487952,99550,176,102,294,152,117463,72716,1.9103867403314918,74,38,17740,21051,31342,26835,372,1820,48552,36092,0,0,294,38,588,4354,34201,22933,3136,0,0,27333,6656,1,16,0,0,0,0,0
890,1858,891.0304748212748,99549,177,92,295,152,117478,72724,1.9106369727470893,78,42,17827,21129,31250,26770,371,1813,48553,36093,0,0,294,38,587,4348,34210,22939,3135,0,0,27332,6649,1,16,0,0,0,0,0
891,1858,892.2080649353669,99549,169,88,295,152,117498,72736,1.9109584224854093,81,44,17938,21245,31144,26662,371,1807,48554,36094,0,0,294,38,586,4345,34214,22951,3133,0,0,27327,6644,1,16,0,0,0,0,0
892,1858,893.1529961685644,99549,169,83,295,152,117517,72745,1.911239691006439,78,49,18023,21315,31063,26596,370,1803,48555,36095,0,0,294,38,585,4344,34217,22964,3130,0,0,27317,6643,1,16,0,0,0,0,0
893,1858,894.1003390937325,99549,166,78,295,152,117539,72752,1.9115310048317913,75,52,18099,21388,30993,26531,370,1797,48556,36096,0,0,294,38,585,4341,34221,22977,3128,0,0,27308,6640,1,16,0,0,0,0,0
894,1858,895.0501209254381,99549,156,78,295,152,117555,72764,1.9118122733528213,73,48,18191,21472,30913,26457,370,1791,48557,36097,0,0,294,38,585,4340,34216,22994,3126,0,0,27302,6637,1,16,0,0,0,0,0
895,1858,896.0024480513542,99549,165,82,295,152,117575,72778,1.912153813699786,64,41,18291,21562,30815,26375,368,1786,48558,36098,0,0,294,38,585,4342,34209,23004,3121,0,0,27305,6634,1,16,0,0,0,0,0
896,1858,897.1970005885017,99549,166,80,295,152,117597,72789,1.9124853087424283,62,39,18401,21660,30705,26287,369,1780,48559,36099,0,0,293,37,585,4340,34209,23016,3121,0,0,27298,6633,1,16,0,0,0,0,0
897,1858,898.1559560759521,99549,162,77,295,152,117616,72799,1.9127766225677807,55,35,18517,21731,30599,26228,370,1775,48560,36100,0,0,293,36,585,4340,34202,23032,3119,0,0,27295,6630,1,16,0,0,0,0,0
898,1858,899.1181583484943,99549,155,83,295,152,117628,72811,1.9130177098715206,59,33,18613,21810,30505,26149,371,1771,48561,36101,0,0,293,36,585,4343,34202,23040,3115,0,0,27288,6630,1,16,0,0,0,0,0
899,1858,900.0833172624932,99549,153,78,295,152,117635,72816,1.9131382535233905,91,57,18661,21861,30429,26085,369,1765,48561,36101,0,0,293,36,585,4343,34207,23044,3114,0,0,27283,6627,1,16,0,0,0,0,0
900,1858,900.0833172624932,99549,151,78,295,152,117639,72818,1.9131985253493256,93,60,18683,21873,30407,26071,369,1764,48561,36101,0,0,293,36,585,4344,34208,23046,3113,0,1,27280,6626,1,16,0,0,0,0,0
901,1858,901.0513853903315,99549,150,91,295,152,117658,72840,1.9136103828265478,93,50,18779,21963,30312,25983,369,1759,48561,36101,0,0,293,36,585,4340,34207,23058,3112,0,4,27274,6623,1,16,0,0,0,0,0
902,1858,902.0224869597066,99549,150,89,295,152,117681,72849,1.9139318325648675,99,52,18877,22053,30208,25899,369,1753,48561,36101,0,0,293,36,585,4340,34201,23075,3110,0,4,27265,6623,1,16,0,0,0,0,0
903,1858,903.2407160851167,99548,148,91,295,153,117712,72866,1.9144332382368305,95,53,18980,22138,30118,25815,362,1748,48561,36101,0,0,293,36,585,4337,34200,23092,3107,0,7,27254,6620,1,16,0,0,0,0,0
904,1858,904.2178770548928,99548,154,91,295,153,117739,72878,1.9148250090408647,96,59,19061,22198,30030,25753,362,1744,48561,36101,0,0,293,36,585,4336,34198,23106,3105,0,9,27245,6618,1,16,0,0,0,0,0
905,1858,905.1976660285012,99548,160,94,295,153,117761,72894,1.9152067344396673,96,56,19131,22265,29954,25695,362,1735,48561,36101,0,0,293,36,585,4335,34203,23115,3103,0,11,27234,6616,1,16,0,0,0,0,0
906,1858,906.180162932045,99548,166,97,295,153,117786,72909,1.915608550648933,89,58,19241,22346,29847,25615,360,1729,48561,36101,0,0,293,36,585,4335,34202,23125,3102,0,17,27226,6610,1,16,0,0,0,0,0
907,1858,907.1658907612012,99548,166,102,295,153,117812,72926,1.916040503073894,83,63,19330,22435,29765,25521,359,1724,48561,36101,0,0,293,36,585,4332,34198,23141,3102,0,19,27217,6608,1,16,0,0,0,0,0
908,1858,908.1545335364915,99548,177,99,295,153,117842,72939,1.9164724554988548,80,67,19422,22514,29665,25447,359,1718,48561,36101,0,0,293,36,585,4332,34198,23152,3100,0,22,27208,6605,1,16,0,0,0,0,0
909,1858,909.146473342421,99548,179,97,295,153,117868,72951,1.9168541808976574,85,68,19504,22567,29578,25399,357,1714,48561,36101,0,0,293,36,584,4332,34205,23162,3098,0,26,27194,6601,1,16,0,0,0,0,0
910,1858,910.1412012814667,99548,168,98,295,153,117881,72967,1.9171454976493751,98,75,19597,22649,29484,25318,356,1705,48561,36101,0,0,293,36,582,4336,34200,23175,3092,0,31,27190,6596,1,16,0,0,0,0,0
911,1858,911.1387467309746,99548,161,100,295,153,117903,72982,1.917517177642946,94,82,19678,22723,29416,25245,354,1695,48561,36101,0,0,293,36,581,4333,34201,23188,3091,0,37,27181,6590,1,16,0,0,0,0,0
912,1858,912.138891967427,99548,161,111,295,153,117927,73003,1.9179692208783703,104,76,19765,22792,29321,25174,352,1692,48561,36101,0,0,293,36,579,4333,34210,23195,3088,0,39,27170,6588,1,16,0,0,0,0,0
913,1858,913.1420758898221,99547,157,112,296,153,117951,73027,1.918470672144816,110,69,19849,22872,29237,25108,349,1684,48561,36101,0,0,292,36,578,4334,34221,23205,3083,1,43,27153,6584,1,16,0,0,0,0,0
914,1858,914.1482091893306,99547,169,110,296,153,117979,73043,1.9189126744151004,104,68,19946,22944,29134,25045,349,1678,48561,36101,0,0,291,36,578,4333,34220,23217,3083,2,48,27144,6579,1,15,0,0,0,0,0
915,1858,915.1575970466561,99547,162,118,296,153,118002,73065,1.9193647221915275,109,63,20027,23032,29057,24961,347,1671,48561,36101,0,0,291,36,577,4327,34220,23234,3083,2,52,27134,6575,1,15,0,0,0,0,0
916,1858,916.16980596609,99547,159,122,296,153,118028,73081,1.9197866334495264,105,69,20115,23108,28977,24884,346,1662,48561,36101,0,0,291,36,577,4327,34218,23247,3081,2,54,27125,6573,1,15,0,0,0,0,0
917,1858,917.1849454269174,99547,172,115,296,153,118064,73098,1.9203190452750962,109,65,20203,23185,28873,24825,345,1655,48561,36101,0,0,290,36,577,4326,34223,23261,3080,3,59,27108,6568,1,15,0,0,0,0,0
918,1858,918.2032380489062,99547,179,116,296,153,118099,73113,1.9208213205822375,98,77,20274,23243,28807,24759,344,1650,48561,36101,0,0,290,35,577,4324,34222,23275,3080,3,60,27098,6567,1,15,0,0,0,0,0
919,1858,919.2242263104998,99547,176,117,296,153,118125,73134,1.9212934593709503,102,72,20358,23336,28722,24680,344,1640,48561,36101,0,0,290,35,577,4320,34222,23294,3079,3,62,27084,6565,1,15,0,0,0,0,0
920,1858,920.2482108192402,99547,184,110,296,153,118157,73148,1.9217555526535204,95,82,20452,23408,28628,24610,343,1635,48561,36101,0,0,290,35,577,4318,34213,23315,3077,3,66,27076,6561,1,15,0,0,0,0,0
921,1858,921.0182837320232,99547,179,111,296,153,118169,73165,1.9220468723316624,101,81,20522,23449,28557,24575,343,1629,48561,36101,0,0,290,35,576,4315,34220,23323,3077,3,71,27065,6556,1,15,0,0,0,0,0
922,1858,922.0478345484881,99547,178,109,296,153,118191,73185,1.9224687835896612,101,73,20605,23549,28475,24489,343,1625,48561,36101,0,0,290,35,576,4313,34225,23338,3075,3,77,27049,6550,1,15,0,0,0,0,0
923,1858,923.0806185617835,99547,169,121,296,153,118217,73208,1.9229610133906596,103,66,20687,23619,28400,24421,343,1618,48561,36101,0,0,290,35,576,4309,34228,23356,3073,3,78,27034,6549,1,15,0,0,0,0,0
924,1858,924.1161008737948,99547,178,119,296,153,118248,73227,1.9234632886978011,108,69,20760,23697,28317,24353,339,1607,48561,36101,0,0,290,35,576,4307,34236,23369,3072,3,82,27016,6545,1,15,0,0,0,0,0
925,1858,925.1543841209193,99547,173,120,296,153,118273,73246,1.9239052909680854,114,67,20848,23757,28231,24302,336,1599,48561,36101,0,0,288,35,576,4302,34241,23385,3070,5,85,27002,6542,1,15,0,0,0,0,0
926,1858,926.1960453695405,99547,174,111,296,153,118305,73268,1.9244477482997981,112,66,20931,23835,28150,24239,335,1594,48561,36101,0,0,287,35,575,4298,34244,23406,3068,6,91,26985,6536,1,15,0,0,0,0,0
927,1858,927.2407231217368,99547,177,111,296,153,118333,73282,1.9248696595577968,121,69,21010,23925,28060,24154,334,1586,48561,36101,0,0,287,35,575,4295,34245,23422,3066,6,92,26973,6535,1,15,0,0,0,0,0
928,1858,928.0262992246977,99547,183,114,296,153,118363,73290,1.9252513887912241,114,75,21077,23988,27994,24086,334,1582,48561,36101,0,0,287,35,575,4296,34246,23430,3063,6,93,26966,6534,1,15,0,0,0,0,0
929,1858,929.0766768532346,99547,188,119,296,153,118400,73313,1.9258541191597938,114,66,21186,24081,27883,24005,331,1574,48561,36101,0,0,287,35,575,4294,34235,23453,3061,6,96,26958,6531,1,15,0,0,0,0,0
930,1858,930.130979873958,99547,199,120,296,153,118437,73331,1.9264066219976494,112,64,21271,24152,27790,23942,330,1567,48561,36101,0,0,287,35,575,4294,34241,23464,3058,6,99,26944,6528,1,15,0,0,0,0,0
931,1858,931.1886331162301,99547,194,129,296,153,118461,73353,1.9268687152802193,116,67,21354,24256,27708,23833,330,1560,48561,36101,0,0,287,35,575,4289,34234,23482,3058,6,105,26938,6522,1,15,0,0,0,0,0
932,1858,932.2493898667421,99547,212,123,296,153,118503,73373,1.9274915366610748,111,71,21444,24338,27609,23762,326,1551,48561,36101,0,0,287,35,575,4289,34234,23498,3055,6,112,26925,6515,1,15,0,0,0,0,0
933,1858,933.0474188084906,99547,207,123,296,153,118520,73384,1.9277728108330738,116,80,21508,24397,27545,23700,326,1545,48561,36101,0,0,286,35,575,4287,34236,23510,3054,7,112,26914,6515,1,15,0,0,0,0,0
934,1858,934.1144591127937,99547,208,127,296,153,118555,73407,1.9283554501893578,104,86,21599,24462,27468,23632,323,1538,48561,36101,0,0,286,35,575,4280,34236,23529,3054,7,119,26902,6508,1,15,0,0,0,0,0
935,1858,935.1844078834895,99547,213,131,296,153,118588,73431,1.928928044039499,98,81,21676,24540,27395,23562,320,1531,48561,36101,0,0,285,35,573,4280,34244,23543,3053,8,120,26883,6507,1,15,0,0,0,0,0
936,1858,936.257051852714,99547,194,137,296,153,118611,73456,1.9294102283343546,100,82,21741,24619,27347,23479,320,1528,48561,36101,0,0,284,35,573,4277,34239,23567,3052,9,125,26868,6502,1,15,0,0,0,0,0
937,1858,937.0628770109064,99547,189,145,296,153,118628,73477,1.929791957567782,104,78,21788,24680,27301,23417,320,1525,48561,36101,0,0,284,35,572,4275,34234,23583,3052,9,125,26861,6501,1,15,0,0,0,0,0
938,1858,938.1398521334411,99547,201,144,296,153,118665,73498,1.930374596924066,92,88,21878,24758,27213,23335,318,1520,48561,36101,0,0,284,35,572,4272,34234,23601,3050,9,129,26848,6497,1,15,0,0,0,0,0
939,1858,939.2199210135408,99547,195,140,296,153,118683,73528,1.9308567812189217,113,90,21949,24830,27129,23271,316,1514,48561,36101,0,0,283,35,572,4271,34236,23619,3047,10,136,26832,6490,1,15,0,0,0,0,0
940,1858,940.0320473841133,99547,198,140,296,153,118703,73550,1.9312786924769205,111,85,22009,24887,27070,23222,314,1511,48561,36101,0,0,283,35,571,4270,34241,23631,3045,10,140,26819,6486,1,15,0,0,0,0,0
941,1858,941.1178628915492,99547,187,142,296,153,118728,73569,1.9317206947472048,111,81,22108,24967,26983,23151,313,1504,48561,36101,0,0,283,34,571,4267,34241,23650,3044,10,144,26805,6482,1,15,0,0,0,0,0
942,1858,942.2070854939076,99547,179,138,296,153,118748,73589,1.932122514992918,118,79,22194,25041,26899,23088,312,1499,48561,36101,0,0,283,34,571,4262,34248,23664,3043,10,150,26790,6476,1,15,0,0,0,0,0
943,1858,943.0261992607644,99547,181,140,296,153,118764,73603,1.9324238801772027,124,86,22260,25096,26825,23031,312,1492,48561,36101,0,0,283,34,571,4263,34249,23670,3040,10,156,26785,6470,1,15,0,0,0,0,0
944,1858,944.1218069200386,99547,190,142,296,153,118798,73623,1.9329663375089154,123,96,22344,25153,26733,22968,312,1486,48561,36101,0,0,282,34,571,4259,34245,23688,3040,11,159,26775,6467,1,15,0,0,0,0,0
945,1858,945.2211105984204,99547,203,146,296,153,118837,73653,1.9336594774327704,121,85,22428,25234,26638,22902,312,1478,48561,36101,0,0,282,34,570,4257,34258,23703,3038,11,162,26752,6464,1,15,0,0,0,0,0
946,1858,946.0480023313962,99547,204,151,296,153,118857,73671,1.9340412066661978,128,79,22490,25294,26568,22847,312,1474,48561,36101,0,0,282,34,570,4258,34254,23715,3036,11,164,26745,6462,1,15,0,0,0,0,0
947,1858,947.1539718080345,99547,194,157,296,153,118884,73702,1.9346238460224818,121,67,22586,25373,26489,22780,312,1468,48561,36101,0,0,281,34,570,4255,34258,23736,3034,12,169,26725,6457,1,15,0,0,0,0,0
948,1858,948.2632766749881,99547,215,143,296,153,118926,73716,1.9351863943664802,108,70,22663,25452,26407,22721,309,1459,48561,36101,0,0,280,34,570,4258,34265,23749,3031,13,173,26705,6453,1,15,0,0,0,0,0
949,1858,949.0975483519356,99547,207,129,296,153,118948,73732,1.9355681235999076,113,67,22725,25507,26348,22688,309,1454,48561,36101,0,0,280,34,570,4260,34268,23770,3028,13,178,26682,6448,1,15,0,0,0,0,0
950,1858,950.2129413221176,99547,214,120,296,153,118991,73749,1.9361708539684772,103,69,22808,25584,26268,22623,309,1449,48561,36101,0,0,279,34,570,4255,34277,23792,3027,14,181,26657,6445,1,15,0,0,0,0,0
951,1858,951.0518960169564,99547,206,122,296,153,119011,73765,1.936532492189619,109,69,22877,25649,26203,22566,307,1439,48561,36101,0,0,279,34,569,4256,34281,23805,3024,14,187,26643,6439,1,15,0,0,0,0,0
952,1858,952.1736967039664,99547,192,125,296,153,119036,73786,1.936994585472189,114,71,22975,25729,26114,22484,307,1436,48561,36101,0,0,279,34,569,4249,34278,23826,3023,14,194,26633,6432,1,15,0,0,0,0,0
953,1858,953.0175682666916,99547,182,124,296,153,119053,73803,1.9373361326810452,125,65,23048,25792,26041,22432,306,1432,48561,36101,0,0,278,34,569,4249,34275,23844,3019,15,199,26622,6427,1,15,0,0,0,0,0
954,1858,954.1462935600147,99547,176,117,296,153,119084,73820,1.937818316975901,119,69,23135,25875,25969,22360,303,1424,48561,36101,0,0,278,34,569,4250,34287,23858,3016,15,204,26598,6422,1,15,0,0,0,0,0
955,1858,955.2783700893597,99547,185,115,296,153,119121,73837,1.9383607743076134,117,70,23191,25962,25907,22284,302,1414,48561,36101,0,0,278,34,568,4251,34284,23875,3012,15,208,26588,6418,1,15,0,0,0,0,0
956,1858,956.1291613382801,99547,197,115,296,153,119148,73851,1.9387726400594694,120,71,23258,26031,25826,22221,301,1407,48561,36101,0,0,278,34,568,4253,34284,23883,3010,15,212,26580,6414,1,15,0,0,0,0,0
957,1858,957.2673841218398,99547,204,121,296,153,119186,73872,1.9393653249218963,111,77,23371,26101,25717,22145,299,1401,48561,36101,0,0,278,34,568,4253,34289,23898,3008,15,214,26562,6412,1,15,0,0,0,0,0
958,1858,958.1241501751266,99547,206,128,296,153,119209,73892,1.9397972816860378,110,73,23435,26173,25652,22073,299,1398,48561,36101,0,0,278,34,568,4251,34290,23911,3006,15,216,26552,6410,1,15,0,0,0,0,0
959,1858,959.2697607282138,99547,212,137,296,153,119243,73918,1.9404000120546074,109,69,23503,26250,25579,21999,299,1390,48561,36101,0,0,278,34,568,4250,34288,23926,3004,15,222,26543,6403,1,15,0,0,0,0,0
960,1858,960.1311323407624,99547,200,137,296,153,119267,73936,1.940821923312606,108,69,23589,26314,25506,21943,299,1382,48561,36101,0,0,277,34,567,4249,34298,23940,3003,16,225,26522,6400,1,15,0,0,0,0,0
961,1858,961.2835340817577,99547,198,140,296,153,119299,73958,1.9413643806443188,112,72,23676,26369,25418,21887,298,1377,48561,36101,0,0,277,34,566,4249,34289,23963,3000,16,228,26512,6397,1,15,0,0,0,0,0
962,1858,962.1503823740616,99547,199,142,296,153,119324,73976,1.9417963374084604,113,69,23735,26435,25357,21829,298,1370,48561,36101,0,0,277,34,566,4246,34290,23978,2998,16,230,26501,6395,1,15,0,0,0,0,0
963,1858,963.0193135426217,99547,206,136,296,153,119357,73990,1.9422684761971731,111,79,23778,26492,25309,21774,298,1364,48561,36101,0,0,277,34,566,4244,34290,23995,2996,16,234,26488,6391,1,15,0,0,0,0,0
964,1858,964.1804065920815,99547,196,143,296,153,119388,74024,1.942921434096457,125,66,23840,26572,25245,21707,296,1357,48561,36101,0,0,277,34,566,4241,34292,24017,2995,16,243,26468,6382,1,15,0,0,0,0,0
965,1858,965.0533075415075,99547,193,151,296,153,119408,74042,1.9433031633298843,132,75,23917,26628,25164,21638,296,1353,48561,36101,0,0,275,34,566,4239,34299,24025,2994,18,247,26456,6378,1,15,0,0,0,0,0
966,1858,966.220646095638,99547,195,150,296,153,119438,74064,1.9438255296493114,139,81,23985,26692,25087,21574,296,1348,48561,36101,0,0,275,34,566,4236,34294,24045,2992,18,252,26446,6373,1,15,0,0,0,0,0
967,1858,967.0985482968621,99547,203,151,296,153,119470,74082,1.9443278049564527,132,82,24039,26763,25033,21507,295,1342,48561,36101,0,0,275,34,566,4235,34292,24063,2991,18,256,26432,6369,1,15,0,0,0,0,0
968,1858,968.2721747429891,99547,204,140,296,153,119510,74096,1.9448702622881653,122,99,24137,26836,24947,21436,292,1334,48561,36101,0,0,274,34,566,4236,34290,24087,2987,19,258,26414,6366,1,15,0,0,0,0,0
969,1858,969.1551482262705,99547,199,147,296,153,119538,74120,1.9453926286075924,118,97,24214,26884,24881,21385,290,1332,48561,36101,0,0,274,34,566,4237,34291,24102,2984,19,264,26400,6360,1,15,0,0,0,0,0
970,1858,970.040434383786,99547,196,152,296,153,119562,74146,1.9458949039147337,118,90,24279,26940,24820,21332,289,1331,48561,36101,0,0,274,34,566,4241,34293,24117,2978,19,266,26385,6358,1,15,0,0,0,0,0
971,1858,971.2244390628299,99547,198,148,296,153,119594,74168,1.9464373612464465,125,85,24355,27029,24737,21264,287,1319,48561,36101,0,0,274,34,565,4241,34301,24136,2974,19,268,26363,6356,1,15,0,0,0,0,0
972,1858,972.1150054089625,99547,203,140,296,153,119625,74185,1.9469195455413022,119,84,24429,27080,24665,21229,286,1312,48561,36101,0,0,274,34,565,4241,34305,24153,2972,19,268,26345,6355,1,15,0,0,0,0,0
973,1858,973.0081174503538,99547,199,136,296,153,119647,74203,1.9473213657870152,121,84,24484,27126,24612,21193,286,1306,48561,36101,0,0,274,34,564,4239,34313,24168,2969,19,270,26328,6353,1,15,0,0,0,0,0
974,1858,974.2022596363604,99547,196,132,296,153,119680,74222,1.9478437321064421,132,94,24571,27188,24517,21130,286,1301,48561,36101,0,0,273,34,564,4241,34315,24183,2964,20,279,26314,6344,1,15,0,0,0,0,0
975,1858,975.0987143881816,99547,207,133,296,153,119714,74239,1.9483560529197264,123,96,24637,27245,24449,21073,286,1298,48561,36101,0,0,273,34,564,4241,34315,24197,2962,20,282,26302,6341,1,15,0,0,0,0,0
976,1858,976.2903533319882,99547,222,125,296,153,119758,74257,1.9489788743005816,123,97,24701,27334,24373,20997,283,1292,48561,36101,0,0,273,34,562,4239,34324,24215,2958,20,286,26283,6337,1,15,0,0,0,0,0
977,1858,977.1819172844123,99547,221,129,296,153,119787,74275,1.9494510130892946,115,95,24753,27398,24331,20933,282,1290,48561,36101,0,0,272,34,562,4238,34319,24234,2957,21,291,26271,6332,1,15,0,0,0,0,0
978,1858,978.0715077440071,99547,218,132,296,153,119813,74292,1.9498829698534361,118,97,24818,27455,24269,20874,279,1287,48561,36101,0,0,272,34,562,4235,34331,24242,2956,21,291,26255,6332,1,15,0,0,0,0,0
979,1858,979.25441748047,99547,224,148,296,153,119852,74322,1.9505761097772911,108,88,24890,27526,24202,20810,278,1273,48561,36101,0,0,271,34,562,4233,34325,24261,2952,22,292,26248,6331,1,15,0,0,0,0,0
980,1858,980.1393227695883,99547,230,144,296,153,119886,74337,1.9510683395782897,115,92,24936,27570,24145,20771,276,1268,48561,36101,0,0,271,34,561,4233,34332,24271,2949,22,298,26235,6325,1,15,0,0,0,0,0
981,1858,981.0223624366002,99547,221,161,296,153,119909,74366,1.9515907058977167,117,91,25000,27610,24088,20722,276,1261,48561,36101,0,0,271,34,561,4234,34320,24295,2947,22,300,26224,6323,1,15,0,0,0,0,0
982,1858,982.1963685994913,99547,234,158,296,153,119944,74389,1.9521733452540007,129,96,25066,27673,23997,20662,276,1256,48561,36101,0,0,270,34,561,4235,34321,24313,2944,23,303,26207,6320,1,15,0,0,0,0,0
983,1858,983.0745435721275,99547,231,160,296,153,119972,74407,1.9526354385365707,122,99,25108,27733,23966,20603,275,1250,48561,36101,0,0,269,34,559,4229,34326,24328,2943,24,306,26196,6317,1,15,0,0,0,0,0
984,1858,984.2430695079504,99546,219,156,296,154,120003,74431,1.9532075623329919,125,94,25179,27807,23907,20540,272,1247,48561,36101,0,0,269,33,559,4230,34317,24355,2938,24,311,26182,6312,1,15,0,0,0,0,0
985,1858,985.1175949898783,99546,212,157,296,154,120033,74456,1.9537600707210736,116,88,25225,27864,23877,20493,272,1242,48561,36101,0,0,268,33,559,4232,34309,24380,2934,25,317,26167,6306,1,15,0,0,0,0,0
986,1858,986.2814106273444,99546,212,150,296,154,120066,74476,1.9542924878950434,111,95,25277,27949,23830,20411,272,1239,48561,36101,0,0,268,33,559,4235,34315,24396,2928,25,325,26149,6297,1,15,0,0,0,0,0
987,1858,987.1525905910253,99546,209,156,296,154,120089,74501,1.954774677033733,121,89,25337,28009,23765,20355,270,1235,48561,36101,0,0,268,33,559,4232,34309,24417,2926,25,329,26139,6293,1,15,0,0,0,0,0
988,1858,988.0218370890954,99546,206,156,296,154,120118,74519,1.9552468205653668,121,95,25389,28068,23717,20293,269,1232,48561,36101,0,0,267,33,559,4231,34312,24431,2924,26,336,26125,6286,1,15,0,0,0,0,0
989,1858,989.1780006617175,99546,212,143,296,154,120154,74535,1.9557691921322806,133,101,25448,28119,23641,20251,268,1230,48561,36101,0,0,267,33,558,4233,34320,24448,2920,26,339,26103,6283,1,15,0,0,0,0,0
990,1858,990.0432768870664,99546,216,143,296,154,120182,74555,1.9562513812709703,140,96,25483,28170,23596,20211,267,1224,48561,36101,0,0,267,33,557,4234,34326,24462,2919,26,340,26084,6282,1,15,0,0,0,0,0
991,1858,991.1948405191511,99546,230,145,296,154,120227,74581,1.9569646193719485,139,102,25547,28230,23520,20148,266,1219,48561,36101,0,0,267,33,557,4236,34315,24486,2916,26,346,26072,6276,1,15,0,0,0,0,0
992,1858,992.0564182369818,99546,246,151,296,154,120269,74600,1.9575774014023668,113,101,25608,28266,23469,20112,266,1214,48561,36101,0,0,267,33,557,4233,34322,24495,2915,26,349,26060,6273,1,15,0,0,0,0,0
993,1858,993.2023196642575,99546,220,157,296,154,120293,74631,1.9581299097904485,136,102,25678,28342,23406,20038,262,1205,48561,36101,0,0,267,33,557,4229,34321,24522,2912,26,356,26041,6266,1,15,0,0,0,0,0
994,1858,994.0595360787536,99546,233,158,296,154,120325,74652,1.9586623269644186,125,100,25743,28383,23340,20000,261,1203,48561,36101,0,0,267,33,557,4232,34324,24534,2909,26,361,26026,6261,1,15,0,0,0,0,0
995,1858,995.1991136021851,99546,232,173,296,154,120362,74686,1.959375565065397,132,98,25818,28433,23261,19941,259,1199,48561,36101,0,0,267,33,557,4229,34336,24547,2908,26,367,26005,6255,1,15,0,0,0,0,0
996,1858,996.0515974304755,99546,245,166,296,154,120399,74703,1.9599180278464228,130,110,25860,28477,23208,19895,259,1196,48561,36101,0,0,267,33,555,4230,34332,24567,2906,26,372,25992,6250,1,15,0,0,0,0,0
997,1858,997.1859695833812,99546,245,169,296,154,120439,74735,1.9606413115544572,135,110,25911,28542,23154,19835,257,1188,48561,36101,0,0,267,33,555,4235,34336,24587,2898,26,377,25972,6244,1,15,0,0,0,0,0
998,1858,998.0351422194102,99546,235,180,296,154,120462,74763,1.961153637514315,152,100,25955,28581,23105,19801,255,1182,48561,36101,0,0,267,33,555,4233,34341,24603,2896,26,379,25955,6242,1,15,0,0,0,0,0
999,1858,999.164909354546,99546,255,179,296,154,120511,74790,1.9619171036505736,149,104,26019,28630,23027,19756,252,1175,48561,36101,0,0,266,33,555,4230,34338,24624,2895,27,388,25941,6233,1,15,0,0,0,0,0
1000,1858,1000.0102919657448,99545,269,173,296,155,120551,74807,1.962509417851223,132,106,26073,28677,22977,19714,251,1173,48561,36101,0,0,265,33,555,4232,34332,24645,2893,28,391,25926,6229,1,15,0,0,0,0,0
1001,1858,1001.1350585161924,99545,260,176,296,155,120585,74838,1.9631623888693555,145,105,26134,28722,22914,19670,249,1170,48561,36101,0,0,265,33,554,4236,34326,24669,2886,28,401,25912,6219,1,15,0,0,0,0,0
1002,1858,1002.2570090633221,99545,264,179,296,155,120630,74874,1.9639760912150284,138,99,26201,28778,22851,19621,248,1166,48561,36101,0,0,265,33,554,4231,34332,24696,2885,28,405,25885,6215,1,15,0,0,0,0,0
1003,1858,1003.0965254133513,99545,261,172,296,155,120661,74889,1.9644381937817068,143,102,26260,28826,22791,19581,247,1162,48561,36101,0,0,265,33,554,4228,34337,24715,2884,28,410,25866,6210,1,14,0,0,0,0,0
1004,1858,1004.2131263286577,99545,266,177,296,155,120707,74917,1.9651815761715807,137,107,26328,28880,22724,19523,247,1156,48561,36101,0,0,265,33,554,4226,34341,24736,2883,28,416,25844,6204,1,14,0,0,0,0,0
1005,1858,1005.0487640066875,99544,267,174,297,155,120737,74942,1.9657538374989953,144,105,26357,28930,22687,19483,246,1151,48561,36101,0,0,264,33,554,4223,34334,24760,2881,29,421,25831,6199,1,14,0,0,0,0,0
1006,1858,1006.1611798650521,99544,263,178,297,155,120778,74976,1.9665072731656352,155,99,26401,28989,22637,19431,245,1146,48561,36101,0,0,263,32,554,4223,34328,24793,2878,30,426,25808,6194,1,14,0,0,0,0,0
1007,1858,1007.2715689259493,99544,253,180,297,155,120815,75005,1.9671702965522784,166,102,26442,29048,22596,19375,244,1138,48561,36101,0,0,263,32,552,4222,34328,24819,2874,30,433,25789,6187,1,14,0,0,0,0,0
1008,1858,1008.1031780214826,99544,260,172,297,155,120851,75022,1.9677027244233705,154,106,26493,29098,22551,19333,243,1134,48561,36101,0,0,262,32,551,4221,34337,24834,2873,31,437,25769,6182,1,14,0,0,0,0,0
1009,1858,1009.2097871953067,99543,267,174,297,156,120896,75048,1.968435751383824,155,111,26558,29158,22478,19272,243,1127,48561,36101,0,0,262,31,551,4225,34340,24853,2869,31,441,25748,6177,1,14,0,0,0,0,0
1010,1858,1010.0378699119242,99543,267,178,297,156,120925,75071,1.9689581386938309,150,115,26616,29210,22425,19219,243,1120,48561,36101,0,0,262,31,551,4223,34337,24871,2867,31,445,25737,6173,1,14,0,0,0,0,0
1011,1858,1011.1391845402289,99542,279,179,298,156,120977,75107,1.9698619678125817,143,108,26660,29257,22377,19182,241,1116,48561,36101,0,0,262,31,551,4219,34347,24891,2864,31,453,25713,6165,1,14,0,0,0,0,0
1012,1858,1012.2387212032596,99542,271,179,298,156,121012,75132,1.97046472845633,161,118,26695,29319,22334,19115,239,1111,48561,36101,0,0,262,31,550,4212,34356,24911,2862,31,460,25694,6158,1,14,0,0,0,0,0
1013,1858,1013.0623130828101,99542,273,191,298,156,121040,75165,1.9710775351108074,159,111,26743,29352,22287,19077,238,1111,48561,36101,0,0,262,31,550,4213,34359,24926,2857,31,463,25680,6155,1,14,0,0,0,0,0
1014,1858,1014.1582167656584,99542,262,181,298,156,121078,75192,1.9717305258082016,169,119,26792,29404,22239,19031,238,1107,48561,36101,0,0,261,31,550,4210,34361,24954,2853,32,470,25657,6148,1,14,0,0,0,0,0
1015,1858,1015.2519159058718,99542,267,187,298,156,121130,75226,1.9725944827309077,155,114,26854,29453,22186,18982,238,1106,48561,36101,0,0,261,30,550,4208,34358,24982,2849,32,473,25640,6144,1,14,0,0,0,0,0
1016,1858,1016.0705964935435,99542,286,191,298,156,121171,75258,1.9733278415141347,137,106,26907,29492,22132,18951,238,1102,48561,36101,0,0,261,30,550,4209,34371,24994,2846,32,475,25618,6141,1,14,0,0,0,0,0
1017,1858,1017.159780839793,99542,271,190,298,156,121201,75281,1.9738602800827791,151,111,26965,29537,22075,18906,238,1098,48561,36101,0,0,261,30,550,4205,34375,25015,2843,32,479,25602,6135,1,14,0,0,0,0,0
1018,1858,1018.2465172737085,99542,273,190,298,156,121239,75306,1.974493178758715,158,118,27026,29595,22008,18848,235,1091,48561,36101,0,0,261,30,550,4203,34384,25034,2841,32,483,25579,6130,1,14,0,0,0,0,0
1019,1858,1019.0600938301068,99541,274,198,299,156,121274,75340,1.9752061964416672,167,106,27047,29637,21978,18816,233,1085,48561,36101,0,0,260,30,550,4198,34385,25054,2841,33,490,25562,6123,1,14,0,0,0,0,0
1020,1858,1020.1434223833105,99541,268,195,299,156,121310,75376,1.975929516480646,173,95,27100,29692,21927,18780,231,1080,48561,36101,0,0,259,30,549,4196,34385,25082,2839,34,501,25540,6111,1,14,0,0,0,0,0
1021,1858,1021.2247678206892,99540,266,199,300,156,121358,75399,1.9766626481816356,165,99,27152,29736,21887,18731,228,1077,48561,36101,0,0,259,30,549,4193,34387,25104,2836,34,503,25521,6109,1,14,0,0,0,0,0
1022,1858,1022.0344792411647,99539,260,199,301,156,121388,75422,1.977214960970072,166,112,27181,29766,21864,18692,226,1073,48561,36101,0,0,259,30,548,4192,34396,25120,2835,34,509,25498,6103,1,14,0,0,0,0,0
1023,1858,1023.112638354454,99539,274,203,301,156,121433,75459,1.9780387586775032,173,113,27225,29818,21801,18641,224,1067,48561,36101,0,0,259,30,545,4190,34404,25138,2832,34,516,25480,6096,1,14,0,0,0,0,0
1024,1858,1024.1888218684749,99539,290,207,301,156,121493,75492,1.9789730658334923,158,108,27279,29871,21746,18595,224,1061,48561,36101,0,0,258,30,545,4188,34411,25162,2827,35,520,25456,6092,1,14,0,0,0,0,0
1025,1858,1025.262800434814,99539,297,202,301,156,121540,75521,1.979736585659892,161,103,27328,29932,21687,18546,224,1059,48561,36101,0,0,258,30,544,4187,34417,25186,2824,35,528,25431,6084,1,14,0,0,0,0,0
1026,1858,1026.0669654452086,99539,302,194,301,156,121581,75536,1.9802991792161866,151,111,27390,29967,21631,18519,223,1051,48561,36101,0,0,257,30,544,4184,34421,25207,2823,36,531,25410,6081,1,14,0,0,0,0,0
1027,1858,1027.1367969032685,99539,299,192,301,156,121625,75567,1.981052652729081,159,120,27435,30018,21582,18467,222,1045,48561,36101,0,0,257,30,544,4182,34424,25235,2820,36,535,25386,6075,1,14,0,0,0,0,0
1028,1858,1028.204445403069,99539,293,198,301,156,121663,75594,1.981705663106923,156,118,27491,30071,21536,18415,221,1040,48561,36101,0,0,257,30,544,4185,34415,25260,2815,36,540,25372,6070,1,14,0,0,0,0,0
1029,1858,1029.003842824659,99539,286,191,301,156,121689,75611,1.982137654587649,163,125,27533,30113,21494,18377,221,1036,48561,36101,0,0,257,30,543,4184,34416,25280,2812,36,546,25356,6064,1,14,0,0,0,0,0
1030,1858,1030.0677871368268,99538,287,194,301,157,121735,75639,1.9829010026321605,164,123,27589,30171,21438,18320,219,1033,48561,36101,0,0,257,30,543,4180,34416,25306,2809,36,547,25337,6062,1,14,0,0,0,0,0
1031,1858,1031.1297801661926,99538,286,208,301,157,121783,75676,1.983754947859109,154,122,27635,30215,21403,18270,219,1026,48561,36101,0,0,256,30,543,4178,34413,25333,2804,37,552,25320,6057,1,14,0,0,0,0,0
1032,1858,1032.190099422094,99537,273,205,301,158,121815,75700,1.9843374825441795,153,130,27685,30261,21367,18224,219,1020,48561,36101,0,0,255,30,542,4179,34415,25359,2800,38,555,25296,6053,1,14,0,0,0,0,0
1033,1858,1033.2485207922127,99537,280,218,301,158,121855,75741,1.9851512502888373,159,110,27724,30319,21315,18178,219,1015,48561,36101,0,0,255,30,540,4179,34428,25375,2794,37,560,25276,6048,1,14,0,0,0,0,0
1034,1858,1034.0411880010604,99537,264,218,301,158,121872,75773,1.9856435295417785,171,110,27767,30366,21277,18137,218,1009,48561,36101,0,0,255,30,540,4176,34437,25391,2791,37,570,25257,6038,1,14,0,0,0,0,0
1035,1858,1035.0964247370448,99537,286,222,301,158,121933,75804,1.9865678089554637,160,128,27795,30411,21238,18078,218,1001,48561,36101,0,0,255,30,540,4179,34440,25411,2787,37,577,25235,6031,1,14,0,0,0,0,0
1036,1858,1036.1502176904123,99537,270,224,301,158,121969,75839,1.9872811115464601,167,124,27841,30457,21202,18043,217,992,48561,36101,0,0,254,30,539,4179,34443,25440,2782,38,583,25209,6025,1,14,0,0,0,0,0
1037,1858,1037.2024180008095,99537,269,226,301,158,122009,75869,1.9879843676220903,171,128,27893,30493,21149,18005,215,988,48561,36101,0,0,254,30,538,4177,34443,25463,2778,38,587,25193,6021,1,14,0,0,0,0,0
1038,1858,1038.2526715018637,99537,275,227,301,158,122053,75902,1.9887579493052834,174,134,27930,30553,21105,17941,213,985,48561,36101,0,0,253,30,538,4177,34443,25489,2772,39,592,25173,6016,1,14,0,0,0,0,0
1039,1858,1039.0392860066536,99537,283,220,301,158,122090,75927,1.9893808332579845,169,131,27977,30581,21055,17926,213,982,48561,36101,0,0,253,30,538,4178,34449,25506,2767,39,598,25155,6009,1,14,0,0,0,0,0
1040,1858,1040.0859187904205,99537,303,227,301,158,122140,75965,1.9902649266102053,161,132,28039,30616,20981,17889,213,976,48561,36101,0,0,253,30,538,4179,34450,25523,2761,39,608,25142,5999,1,14,0,0,0,0,0
1041,1858,1041.130087462336,99537,273,224,301,158,122168,76001,1.9909079035936386,183,132,28095,30652,20934,17862,212,970,48561,36101,0,0,253,30,538,4177,34447,25564,2758,39,613,25109,5994,1,14,0,0,0,0,0
1042,1858,1042.172475233076,99537,274,225,301,158,122209,76039,1.991701578307564,193,138,28129,30675,20889,17835,212,967,48561,36101,0,0,253,30,538,4176,34449,25589,2756,39,618,25087,5987,1,14,0,0,0,0,0
1043,1858,1043.2135423723093,99537,281,220,301,158,122258,76072,1.9925253925675879,181,131,28165,30733,20858,17795,212,961,48561,36101,0,0,253,30,536,4174,34455,25616,2753,39,624,25061,5981,1,14,0,0,0,0,0
1044,1858,1044.253174584787,99537,288,224,301,158,122307,76101,1.9933090207661472,184,151,28210,30754,20805,17754,210,957,48561,36101,0,0,253,30,535,4171,34465,25637,2750,39,623,25040,5979,1,14,0,0,0,0,0
1045,1858,1045.0316566543368,99537,274,232,301,158,122344,76139,1.9940625094186082,181,131,28249,30795,20783,17729,210,953,48561,36101,0,0,252,30,535,4166,34470,25663,2748,40,630,25017,5971,1,14,0,0,0,0,0
1046,1858,1046.0683265717164,99537,276,229,301,158,122391,76169,1.9948360911018013,173,141,28296,30812,20742,17707,210,951,48561,36101,0,0,251,30,535,4165,34477,25683,2744,41,643,24995,5958,1,14,0,0,0,0,0
1047,1858,1047.103347556236,99537,269,225,301,158,122440,76203,1.9956699518771914,164,132,28339,30853,20715,17680,210,950,48561,36101,0,0,251,30,535,4156,34478,25715,2741,41,648,24975,5952,1,14,0,0,0,0,0
1048,1858,1048.1369492101023,99537,280,234,301,158,122489,76239,1.9965239056833137,158,127,28399,30879,20652,17652,208,948,48561,36101,0,0,251,30,534,4158,34489,25734,2736,41,651,24949,5949,1,14,0,0,0,0,0
1049,1858,1049.1684300775319,99537,296,236,301,158,122535,76274,1.9973376734279715,164,133,28430,30919,20600,17608,207,944,48561,36101,0,0,250,30,534,4159,34486,25758,2732,42,655,24931,5945,1,14,0,0,0,0,0
1050,1858,1050.198344896677,99537,299,236,301,158,122574,76304,1.9980308829882356,174,131,28465,30965,20552,17566,207,942,48561,36101,0,0,249,30,534,4157,34487,25779,2730,43,658,24913,5942,1,14,0,0,0,0,0
1051,1858,1051.226946834876,99537,294,229,301,158,122620,76333,1.9987843716406963,174,124,28512,31018,20511,17529,206,940,48561,36101,0,0,249,30,533,4158,34488,25811,2725,43,665,24886,5934,1,14,0,0,0,0,0
1052,1858,1052.2539709110622,99537,282,224,301,158,122655,76363,1.999437395139496,187,127,28547,31044,20475,17509,206,936,48561,36101,0,0,248,30,533,4158,34494,25835,2718,44,671,24865,5927,1,13,0,0,0,0,0
1053,1858,1053.0233335466737,99537,281,220,301,158,122687,76383,1.9999598139385355,184,139,28600,31059,20426,17488,206,934,48561,36101,0,0,248,30,533,4154,34497,25853,2716,44,676,24850,5922,1,13,0,0,0,0,0
1054,1858,1054.0471409585048,99536,287,228,301,159,122733,76424,2.0008539623854684,181,126,28644,31096,20380,17458,205,931,48561,36101,0,0,248,30,533,4152,34499,25879,2713,44,681,24826,5917,1,13,0,0,0,0,0
1055,1858,1055.0694128828,99536,306,239,301,159,122786,76461,2.0017581578524353,201,122,28676,31145,20309,17405,205,928,48561,36101,0,0,248,30,533,4151,34502,25899,2709,44,686,24808,5912,1,13,0,0,0,0,0
1056,1858,1056.0898682449808,99536,316,231,301,159,122838,76492,2.0025920270053046,190,132,28722,31164,20265,17387,204,925,48561,36101,0,0,247,30,533,4145,34496,25934,2706,45,689,24789,5908,1,13,0,0,0,0,0
1057,1858,1057.108958192572,99536,315,232,301,159,122884,76528,2.003415849541874,205,127,28739,31209,20235,17351,203,920,48561,36101,0,0,246,30,532,4144,34503,25960,2702,46,697,24762,5900,1,13,0,0,0,0,0
1058,1858,1058.1270522071095,99536,309,237,301,159,122926,76553,2.0040889728339497,217,145,28776,31233,20193,17307,202,917,48561,36101,0,0,245,30,532,4146,34481,25994,2698,47,702,24752,5895,1,13,0,0,0,0,0
1059,1858,1059.1438455639798,99536,317,244,301,159,122971,76591,2.004922841986819,209,141,28808,31269,20162,17274,201,911,48561,36101,0,0,245,30,531,4142,34477,26020,2696,47,711,24737,5886,1,13,0,0,0,0,0
1060,1858,1060.1594274131642,99536,310,244,301,159,123016,76626,2.0057265712907895,215,138,28843,31299,20129,17251,200,907,48561,36101,0,0,245,30,531,4145,34471,26053,2686,47,718,24717,5879,1,13,0,0,0,0,0
1061,1858,1061.173876361985,99536,309,244,301,159,123066,76661,2.006580533676258,196,140,28883,31330,20109,17225,200,900,48561,36101,0,0,245,30,530,4141,34481,26081,2685,47,721,24686,5875,1,13,0,0,0,0,0
1062,1858,1062.1869989195477,99536,312,249,301,159,123118,76699,2.0074847291432247,186,137,28931,31374,20068,17184,200,895,48561,36101,0,0,245,30,529,4136,34498,26104,2683,47,726,24654,5870,1,13,0,0,0,0,0
1063,1858,1063.198646087424,99536,309,236,301,159,123171,76730,2.0083286449123934,188,134,28960,31415,20040,17164,200,890,48561,36101,0,0,245,30,528,4130,34503,26137,2681,47,737,24625,5859,1,13,0,0,0,0,0
1064,1858,1064.2092223151492,99536,301,226,301,159,123212,76761,2.009052001285967,194,139,29004,31444,19999,17140,199,890,48561,36101,0,0,245,30,527,4129,34508,26169,2677,47,742,24594,5854,1,13,0,0,0,0,0
1065,1858,1065.2185058140137,99536,306,222,301,159,123260,76789,2.0098155441247387,188,136,29035,31488,19971,17105,197,888,48561,36101,0,0,245,30,527,4132,34516,26191,2668,47,748,24570,5848,1,13,0,0,0,0,0
1066,1858,1066.2266627354009,99536,310,222,301,159,123307,76817,2.010569040347211,193,142,29062,31518,19936,17076,196,881,48561,36101,0,0,245,30,527,4130,34512,26217,2667,47,755,24552,5840,1,13,0,0,0,0,0
1067,1858,1067.233562181306,99536,311,216,301,159,123356,76847,2.011362723034882,184,153,29110,31552,19896,17040,196,878,48561,36101,0,0,245,30,525,4126,34516,26244,2666,47,763,24529,5831,1,13,0,0,0,0,0
1068,1858,1068.2388440508057,99535,321,228,302,159,123400,76885,2.0122067614406993,182,144,29150,31598,19847,16994,196,875,48561,36101,0,0,245,30,525,4118,34519,26265,2664,47,766,24514,5828,1,13,0,0,0,0,0
1069,1858,1069.2427541421284,99535,321,223,302,159,123439,76916,2.0129100316471593,191,148,29190,31638,19800,16959,194,871,48561,36101,0,0,245,30,524,4117,34513,26295,2661,47,772,24496,5821,1,13,0,0,0,0,0
1070,1858,1070.2454079142888,99535,321,240,302,159,123488,76955,2.0137941427638517,197,143,29215,31667,19770,16923,193,866,48561,36101,0,0,245,30,524,4114,34525,26312,2657,46,777,24475,5816,1,13,0,0,0,0,0
1071,1858,1071.2468897212668,99535,305,228,302,159,123524,76984,2.014447179384136,201,138,29250,31705,19747,16903,193,865,48561,36101,0,0,245,30,524,4114,34528,26341,2654,46,785,24448,5807,1,12,0,0,0,0,0
1072,1858,1072.247386861784,99535,310,238,302,159,123581,77026,2.0154418043904156,194,135,29291,31742,19708,16861,193,863,48561,36101,0,0,245,30,522,4111,34535,26366,2650,46,791,24426,5800,1,12,0,0,0,0,0
1073,1858,1073.2464922017457,99535,321,248,302,159,123633,77063,2.016335962224343,200,144,29329,31768,19654,16819,192,860,48561,36101,0,0,245,30,521,4109,34550,26382,2644,46,795,24404,5796,1,12,0,0,0,0,0
1074,1858,1074.244010990175,99535,326,247,302,159,123690,77095,2.017230120058271,202,146,29352,31800,19625,16788,191,858,48561,36101,0,0,245,30,520,4111,34546,26412,2637,46,801,24385,5789,1,12,0,0,0,0,0
1075,1858,1075.2405774134556,99535,322,251,302,159,123735,77134,2.018074044306023,206,142,29392,31823,19585,16768,191,855,48561,36101,0,0,243,29,520,4109,34548,26439,2633,48,811,24364,5778,1,12,0,0,0,0,0
1076,1858,1076.2359247097045,99535,334,264,302,159,123789,77174,2.0190184357261263,210,137,29418,31858,19545,16731,189,849,48561,36101,0,0,243,29,520,4108,34549,26464,2631,48,812,24343,5775,1,12,0,0,0,0,0
1077,1858,1077.2300117751095,99535,345,252,302,159,123836,77201,2.0197618928015273,210,139,29466,31900,19486,16706,189,842,48561,36101,0,0,243,29,520,4108,34543,26495,2628,48,818,24322,5768,1,12,0,0,0,0,0
1078,1858,1078.2226498585387,99535,352,249,302,159,123895,77237,2.020716330938866,204,143,29494,31922,19457,16685,189,840,48561,36101,0,0,243,29,520,4108,34553,26521,2624,48,820,24294,5763,1,11,0,0,0,0,0
1079,1858,1079.2144537624902,99535,351,244,302,159,123950,77266,2.0215602551866176,204,148,29500,31954,19452,16656,189,837,48561,36101,0,0,243,29,520,4105,34559,26552,2619,48,823,24266,5759,1,11,0,0,0,0,0
1080,1858,1080.2058723579617,99535,329,248,302,159,123994,77306,2.02240417943437,223,146,29523,32008,19435,16606,186,831,48561,36101,0,0,243,29,520,4105,34558,26586,2611,48,831,24243,5749,1,11,0,0,0,0,0
1081,1858,1081.196559672514,99535,339,254,302,159,124054,77346,2.023408851157884,219,137,29538,32039,19414,16583,186,826,48561,36101,0,0,243,29,519,4099,34565,26614,2607,48,835,24219,5745,1,11,0,0,0,0,0
1082,1858,1082.1865205184856,99535,343,252,302,159,124103,77376,2.0242025418194607,220,132,29578,32096,19369,16539,186,820,48561,36101,0,0,243,29,519,4095,34558,26643,2607,48,844,24201,5736,1,11,0,0,0,0,0
1083,1858,1083.1751527102658,99535,327,253,302,159,124152,77418,2.0251167930878586,208,132,29620,32116,19355,16520,186,818,48561,36101,0,0,243,29,519,4093,34572,26675,2599,48,849,24166,5730,1,11,0,0,0,0,0
1084,1858,1084.1627896369002,99535,349,244,302,159,124225,77441,2.026081277942432,180,146,29647,32152,19335,16481,185,816,48561,36101,0,0,243,28,519,4093,34569,26706,2595,48,856,24143,5723,1,11,0,0,0,0,0
1085,1858,1085.14952556832,99535,352,252,302,159,124273,77484,2.02699552921083,182,143,29669,32188,19310,16444,183,812,48561,36101,0,0,242,28,519,4093,34588,26723,2589,49,863,24113,5716,1,11,0,0,0,0,0
1086,1858,1086.1354402312043,99535,344,252,302,159,124318,77527,2.027879640327523,197,146,29688,32202,19285,16432,182,807,48561,36101,0,0,241,28,518,4096,34583,26757,2584,50,877,24088,5701,1,11,0,0,0,0,0
1087,1858,1087.1206296642474,99535,348,267,302,159,124369,77573,2.028854171899332,198,134,29714,32230,19256,16405,180,803,48561,36101,0,0,240,28,516,4092,34591,26781,2581,51,880,24065,5698,1,11,0,0,0,0,0
1088,1858,1088.1048581399764,99535,334,263,302,159,124408,77610,2.0296177224092027,209,129,29756,32263,19218,16385,179,799,48561,36101,0,0,240,28,516,4092,34594,26812,2575,51,886,24037,5692,1,11,0,0,0,0,0
1089,1858,1089.08787874261,99535,358,265,302,159,124470,77649,2.0306324408499523,210,127,29771,32304,19178,16345,179,798,48561,36101,0,0,240,28,515,4090,34603,26835,2574,51,892,24011,5684,1,11,0,0,0,0,0
1090,1858,1090.0699571787782,99535,372,263,302,159,124534,77680,2.031586878987291,212,139,29787,32345,19147,16298,178,794,48561,36101,0,0,240,28,514,4085,34598,26868,2574,51,898,23991,5676,1,11,0,0,0,0,0
1091,1858,1091.0513925932014,99535,367,267,302,159,124582,77713,2.0324006630833376,223,146,29816,32361,19114,16273,176,792,48561,36101,0,0,240,28,514,4086,34610,26889,2568,51,901,23966,5670,1,11,0,0,0,0,0
1092,1858,1092.0317887854542,99534,365,248,303,159,124634,77734,2.0331544999698594,232,169,29837,32391,19090,16242,171,789,48561,36101,0,0,240,28,511,4080,34619,26917,2566,51,907,23940,5663,1,11,0,0,0,0,0
1093,1858,1093.0113465102747,99534,378,265,303,159,124697,77780,2.0342496031506823,225,170,29854,32432,19069,16188,169,784,48561,36101,0,0,238,28,511,4075,34605,26954,2565,52,911,23924,5659,1,11,0,0,0,0,0
1094,1858,1094.2347501159045,99534,377,273,303,159,124766,77840,2.0355456426949585,232,153,29881,32467,19038,16165,167,781,48561,36101,0,0,238,28,509,4077,34611,26991,2557,52,919,23891,5649,1,11,0,0,0,0,0
