,indexID,time,N,Inf_L,Inf_H,Dead_L,Dead_H,cum_cases_L,cum_cases_H,cum_sum_per_N,Exposed_L,Exposed_H,Sus_L,Sus_H,Rec_nat_L,Rec_nat_H,Rec_vax_L,Rec_vax_H,vaccinatedH,vaccinatedL,boostedH,boostedL,count_Naive,count_Delta,count_Delta_vaccine,count_two,count_three,count_four,count_Omicron,count_Omicron_star,count_Omicron_star_vaccine,count_Omicron_vaccine,count_Vaccine,count_WT,count_WT_vaccine,count_WT_vaccine_boost,count_Omicron_vaccine_boost,count_Delta_vaccine_boost,count_Omicron_star_vaccine_boost,count_Vaccine_boost
0,10285,1.1019303719620313,99996,10,10,0,0,11,10,0.00021000840033601344,16,15,49971,49973,1,0,0,0,0,0,0,0,99995,0,0,0,0,0,0,0,0,0,0,1,0,0,0,0,0,0
1,10285,2.1259634128536824,99996,11,8,0,0,13,11,0.00024000960038401536,15,14,49970,49973,2,3,0,0,0,0,0,0,99991,0,0,0,0,0,0,0,0,0,0,5,0,0,0,0,0,0
2,10285,3.0600673270932175,99996,12,14,0,0,15,17,0.0003200128005120205,15,8,49968,49973,3,3,0,0,0,0,0,0,99990,0,0,0,0,0,0,0,0,0,0,6,0,0,0,0,0,0
3,10285,4.076382130674844,99996,14,14,0,0,19,19,0.0003800152006080243,13,8,49966,49971,5,5,0,0,0,0,0,0,99986,0,0,0,0,0,0,0,0,0,0,10,0,0,0,0,0,0
4,10285,5.014410967042332,99996,18,16,0,0,24,23,0.00047001880075203006,13,6,49961,49969,6,7,0,0,0,0,0,0,99983,0,0,0,0,0,0,0,0,0,0,13,0,0,0,0,0,0
5,10285,6.03966838794318,99996,22,17,0,0,30,25,0.0005500220008800352,9,5,49959,49968,8,8,0,0,0,0,0,0,99980,0,0,0,0,0,0,0,0,0,0,16,0,0,0,0,0,0
6,10285,7.012811008624546,99996,22,20,0,0,34,28,0.0006200248009920397,10,3,49954,49967,12,8,0,0,0,0,0,0,99976,0,0,0,0,0,0,0,0,0,0,20,0,0,0,0,0,0
7,10285,8.11838846243272,99996,22,19,0,0,38,30,0.0006800272010880435,10,7,49950,49961,16,11,0,0,0,0,0,0,99969,0,0,0,0,0,0,0,0,0,0,27,0,0,0,0,0,0
8,10285,9.002750367042635,99996,26,21,0,0,43,33,0.0007600304012160486,9,8,49946,49957,17,12,0,0,0,0,0,0,99967,0,0,0,0,0,0,0,0,0,0,29,0,0,0,0,0,0
9,10285,10.011190922952554,99996,26,20,0,0,45,35,0.0008000320012800512,10,9,49943,49954,19,15,0,0,0,0,0,0,99962,0,0,0,0,0,0,0,0,0,0,34,0,0,0,0,0,0
10,10285,11.053887476254763,99996,22,16,0,0,45,38,0.0008300332013280532,14,7,49939,49953,23,22,0,0,0,0,0,0,99951,0,0,0,0,0,0,0,0,0,0,45,0,0,0,0,0,0
11,10285,12.048945069684073,99996,21,15,0,0,48,40,0.0008800352014080563,15,8,49935,49950,27,25,0,0,0,0,0,0,99944,0,0,0,0,0,0,0,0,0,0,52,0,0,0,0,0,0
12,10285,13.045803079310444,99995,20,11,1,0,53,42,0.0009500475023751188,14,7,49931,49949,32,31,0,0,0,0,0,0,99932,0,0,0,0,0,0,0,0,0,0,63,0,0,0,0,0,0
13,10285,14.062546066439632,99995,23,11,1,0,60,43,0.0010300515025751288,11,6,49927,49949,36,32,0,0,0,0,0,0,99927,0,0,0,0,0,0,0,0,0,0,68,0,0,0,0,0,0
14,10285,15.238324027826959,99995,25,12,1,0,62,45,0.0010700535026751338,13,6,49923,49947,36,33,0,0,0,0,0,0,99926,0,0,0,0,0,0,0,0,0,0,69,0,0,0,0,0,0
15,10285,16.10565348070108,99995,26,13,1,0,64,47,0.0011100555027751388,16,7,49918,49944,37,34,0,0,0,0,0,0,99924,0,0,0,0,0,0,0,0,0,0,71,0,0,0,0,0,0
16,10285,17.11528058874929,99995,31,11,1,0,70,47,0.0011700585029251463,17,10,49911,49941,38,36,0,0,0,0,0,0,99921,0,0,0,0,0,0,0,0,0,0,74,0,0,0,0,0,0
17,10285,18.130293142384275,99995,31,13,1,0,72,51,0.0012300615030751538,16,6,49910,49941,40,38,0,0,0,0,0,0,99917,0,0,0,0,0,0,0,0,0,0,78,0,0,0,0,0,0
18,10285,19.01730806513538,99995,32,14,1,0,76,52,0.00128006400320016,19,5,49903,49941,43,38,0,0,0,0,0,0,99914,0,0,0,0,0,0,0,0,0,0,81,0,0,0,0,0,0
19,10285,20.068536987494525,99995,31,12,1,0,82,53,0.0013500675033751687,16,7,49900,49938,50,41,0,0,0,0,0,0,99904,0,0,0,0,0,0,0,0,0,0,91,0,0,0,0,0,0
20,10285,21.0927267155934,99995,31,11,1,0,86,53,0.0013900695034751737,19,9,49893,49937,54,41,0,0,0,0,0,0,99899,0,0,0,0,0,0,0,0,0,0,96,0,0,0,0,0,0
21,10285,22.06501308787168,99995,29,12,1,0,91,55,0.0014600730036501825,16,8,49891,49936,61,42,0,0,0,0,0,0,99891,0,0,0,0,0,0,0,0,0,0,104,0,0,0,0,0,0
22,10285,23.076475360767628,99995,31,12,1,0,96,56,0.00152007600380019,13,9,49889,49934,64,43,0,0,0,0,0,0,99887,0,0,0,0,0,0,0,0,0,0,108,0,0,0,0,0,0
23,10285,24.289898651587198,99995,34,14,1,0,101,58,0.0015900795039751987,14,12,49883,49929,66,43,0,0,0,0,0,0,99885,0,0,0,0,0,0,0,0,0,0,110,0,0,0,0,0,0
24,10285,25.02793052020773,99995,31,16,1,0,102,62,0.001640082004100205,15,10,49881,49927,70,45,0,0,0,0,0,0,99879,0,0,0,0,0,0,0,0,0,0,116,0,0,0,0,0,0
25,10285,26.025207373605152,99995,30,17,1,0,105,65,0.0017000850042502124,18,9,49876,49925,73,47,0,0,0,0,0,0,99873,0,0,0,0,0,0,0,0,0,0,122,0,0,0,0,0,0
26,10285,27.20573036666002,99994,29,16,2,0,111,65,0.0017601056063363803,17,13,49872,49921,78,48,0,0,0,0,0,0,99865,0,0,0,0,0,0,0,0,0,0,129,0,0,0,0,0,0
27,10285,28.07505705267276,99994,28,20,2,0,111,69,0.0018001080064803888,25,11,49865,49919,78,48,0,0,0,0,0,0,99864,0,0,0,0,0,0,0,0,0,0,130,0,0,0,0,0,0
28,10285,29.10689009750396,99994,29,22,2,0,116,73,0.0018901134068044082,22,8,49863,49918,82,50,0,0,0,0,0,0,99858,0,0,0,0,0,0,0,0,0,0,136,0,0,0,0,0,0
29,10285,30.208273912666233,99994,31,19,2,0,123,76,0.00199011940716443,22,11,49857,49912,86,56,0,0,0,0,0,0,99847,0,0,0,0,0,0,0,0,0,0,147,0,0,0,0,0,0
30,10285,31.078195960450895,99994,33,22,2,0,126,79,0.0020501230073804427,26,9,49850,49911,87,56,0,0,0,0,0,0,99846,0,0,0,0,0,0,0,0,0,0,148,0,0,0,0,0,0
31,10285,32.06109550179919,99994,34,16,2,0,131,79,0.0021001260075604535,28,12,49843,49908,91,62,0,0,0,0,0,0,99836,0,0,0,0,0,0,0,0,0,0,158,0,0,0,0,0,0
32,10285,33.044833810390095,99994,40,17,2,0,139,83,0.0022201332079924796,26,11,49838,49905,92,65,0,0,0,0,0,0,99831,0,0,0,0,0,0,0,0,0,0,163,0,0,0,0,0,0
33,10285,34.07691555277717,99994,43,17,2,0,152,86,0.0023801428085685142,20,13,49831,49900,102,68,0,0,0,0,0,0,99818,0,0,0,0,0,0,0,0,0,0,176,0,0,0,0,0,0
34,10285,35.052078912459905,99994,44,16,2,0,156,88,0.002440146408784527,18,12,49829,49900,105,70,0,0,0,0,0,0,99812,0,0,0,0,0,0,0,0,0,0,182,0,0,0,0,0,0
35,10285,36.2177315664199,99994,45,20,2,0,162,92,0.0025401524091445485,19,12,49822,49897,110,69,0,0,0,0,0,0,99807,0,0,0,0,0,0,0,0,0,0,187,0,0,0,0,0,0
36,10285,37.01255701835204,99994,43,20,2,0,164,96,0.0026001560093605615,23,11,49816,49894,114,73,0,0,0,0,0,0,99799,0,0,0,0,0,0,0,0,0,0,195,0,0,0,0,0,0
37,10285,38.04908104606687,99994,42,19,2,0,170,99,0.002690161409684581,26,11,49807,49891,121,77,0,0,0,0,0,0,99788,0,0,0,0,0,0,0,0,0,0,206,0,0,0,0,0,0
38,10285,39.13278859674847,99994,41,19,2,0,176,101,0.0027701662099725985,32,11,49795,49889,128,79,0,0,0,0,0,0,99779,0,0,0,0,0,0,0,0,0,0,215,0,0,0,0,0,0
39,10285,40.122366420958116,99994,48,16,2,0,185,102,0.00287017221033262,30,11,49788,49888,130,83,0,0,0,0,0,0,99773,0,0,0,0,0,0,0,0,0,0,221,0,0,0,0,0,0
40,10285,41.02056264875717,99994,51,16,2,0,191,104,0.002950177010620637,28,12,49785,49885,132,85,0,0,0,0,0,0,99768,0,0,0,0,0,0,0,0,0,0,226,0,0,0,0,0,0
41,10285,42.1359594684618,99994,49,18,2,0,195,107,0.0030201812108726525,31,10,49778,49884,138,86,0,0,0,0,0,0,99761,0,0,0,0,0,0,0,0,0,0,233,0,0,0,0,0,0
42,10285,43.07846667547195,99994,51,16,2,0,204,108,0.003120187211232674,28,13,49772,49881,145,88,0,0,0,0,0,0,99751,0,0,0,0,0,0,0,0,0,0,243,0,0,0,0,0,0
43,10285,44.29838491485369,99994,52,17,2,0,211,112,0.0032301938116286975,36,18,49757,49872,151,91,0,0,0,0,0,0,99742,0,0,0,0,0,0,0,0,0,0,252,0,0,0,0,0,0
44,10285,45.1765498768812,99994,58,23,2,0,221,119,0.0034002040122407345,29,15,49754,49868,155,92,0,0,0,0,0,0,99737,0,0,0,0,0,0,0,0,0,0,257,0,0,0,0,0,0
45,10285,46.29302877309615,99994,52,24,2,0,226,123,0.003490209412564754,33,13,49745,49867,166,94,0,0,0,0,0,0,99723,0,0,0,0,0,0,0,0,0,0,271,0,0,0,0,0,0
46,10285,47.17756646876633,99994,58,23,2,0,234,125,0.0035902154129247754,29,14,49741,49865,168,96,0,0,0,0,0,0,99718,0,0,0,0,0,0,0,0,0,0,276,0,0,0,0,0,0
47,10285,48.22412335921842,99994,58,24,2,0,241,129,0.0037002220133207993,29,15,49734,49860,175,99,0,0,0,0,0,0,99708,0,0,0,0,0,0,0,0,0,0,286,0,0,0,0,0,0
48,10285,49.24937300629242,99994,52,25,2,0,245,133,0.0037802268136088164,31,14,49729,49857,184,102,0,0,0,0,0,0,99695,0,0,0,0,0,0,0,0,0,0,299,0,0,0,0,0,0
49,10285,50.076663746060305,99994,55,24,2,0,255,136,0.003910234614076844,31,15,49719,49853,191,106,0,0,0,0,0,0,99684,0,0,0,0,0,0,0,0,0,0,310,0,0,0,0,0,0
50,10285,51.013024874947455,99994,60,26,2,0,264,141,0.004050243014580875,30,11,49712,49852,194,109,0,0,0,0,0,0,99677,0,0,0,0,0,0,0,0,0,0,317,0,0,0,0,0,0
51,10285,52.06086141289147,99994,55,23,2,0,271,142,0.004130247814868892,36,16,49700,49848,205,111,0,0,0,0,0,0,99661,0,0,0,0,0,0,0,0,0,0,333,0,0,0,0,0,0
52,10285,53.0610154517887,99994,51,26,2,0,275,149,0.004240254415264916,38,10,49694,49847,213,115,0,0,0,0,0,0,99649,0,0,0,0,0,0,0,0,0,0,345,0,0,0,0,0,0
53,10285,54.14291583227365,99994,54,22,2,0,286,150,0.004360261615696942,38,15,49684,49842,220,119,0,0,0,0,0,0,99636,0,0,0,0,0,0,0,0,0,0,358,0,0,0,0,0,0
54,10285,55.212962171600935,99994,53,25,2,0,291,155,0.004460267616056964,42,17,49678,49837,223,119,0,0,0,0,0,0,99628,0,0,0,0,0,0,0,0,0,0,366,0,0,0,0,0,0
55,10285,56.05284413294496,99994,56,30,2,0,300,163,0.004630277816669,46,17,49666,49829,228,122,0,0,0,0,0,0,99619,0,0,0,0,0,0,0,0,0,0,375,0,0,0,0,0,0
56,10285,57.175244257127034,99994,59,31,2,0,316,166,0.004820289217353041,40,22,49658,49822,239,123,0,0,0,0,0,0,99604,0,0,0,0,0,0,0,0,0,0,390,0,0,0,0,0,0
57,10285,58.16139186345004,99994,68,28,2,0,332,170,0.005020301218073084,35,25,49648,49815,245,130,0,0,0,0,0,0,99590,0,0,0,0,0,0,0,0,0,0,404,0,0,0,0,0,0
58,10285,59.14775442535138,99994,72,33,2,0,347,178,0.005250315018901134,34,28,49634,49805,256,132,0,0,0,0,0,0,99576,0,0,0,0,0,0,0,0,0,0,418,0,0,0,0,0,0
59,10285,60.134313338294504,99994,74,38,2,0,356,185,0.0054103246194771686,40,29,49619,49797,263,134,0,0,0,0,0,0,99567,0,0,0,0,0,0,0,0,0,0,427,0,0,0,0,0,0
60,10285,61.12104586193369,99994,79,39,2,0,371,191,0.005620337220233214,41,27,49604,49793,272,139,0,0,0,0,0,0,99552,0,0,0,0,0,0,0,0,0,0,442,0,0,0,0,0,0
61,10285,62.10803623121676,99994,69,39,2,0,375,197,0.005720343220593236,43,30,49598,49784,286,145,0,0,0,0,0,0,99532,0,0,0,0,0,0,0,0,0,0,462,0,0,0,0,0,0
62,10285,63.09519694438941,99994,68,42,2,0,385,205,0.005900354021241274,38,27,49593,49779,297,150,0,0,0,0,0,0,99516,0,0,0,0,0,0,0,0,0,0,478,0,0,0,0,0,0
63,10285,64.08252558564149,99994,72,40,2,0,400,211,0.00611036662199732,37,23,49579,49777,308,158,0,0,0,0,0,0,99497,0,0,0,0,0,0,0,0,0,0,497,0,0,0,0,0,0
64,10285,65.07010546113098,99994,70,42,2,0,405,218,0.006230373822429346,39,18,49574,49775,313,163,0,0,0,0,0,0,99485,0,0,0,0,0,0,0,0,0,0,509,0,0,0,0,0,0
65,10285,66.07120869887353,99993,69,42,2,1,417,223,0.006400448031362195,45,19,49557,49770,325,166,0,0,0,0,0,0,99467,0,0,0,0,0,0,0,0,0,0,526,0,0,0,0,0,0
66,10285,67.03361528871503,99993,60,40,2,1,426,228,0.006540457832048243,45,21,49548,49763,343,173,0,0,0,0,0,0,99442,0,0,0,0,0,0,0,0,0,0,551,0,0,0,0,0,0
67,10285,68.27603949121965,99992,56,45,3,1,440,239,0.006790543243459477,44,17,49538,49758,357,177,0,0,0,0,0,0,99418,0,0,0,0,0,0,0,0,0,0,574,0,0,0,0,0,0
68,10285,69.0124553769907,99992,59,43,3,1,448,242,0.006900552044163533,40,18,49535,49754,361,182,0,0,0,0,0,0,99408,0,0,0,0,0,0,0,0,0,0,584,0,0,0,0,0,0
69,10285,70.17278163278641,99992,60,42,3,1,455,247,0.007020561644931595,39,16,49531,49752,365,187,0,0,0,0,0,0,99396,0,0,0,0,0,0,0,0,0,0,596,0,0,0,0,0,0
70,10285,71.2877530036955,99992,58,36,3,1,467,248,0.007150572045763661,39,23,49520,49745,378,193,0,0,0,0,0,0,99375,0,0,0,0,0,0,0,0,0,0,617,0,0,0,0,0,0
71,10285,72.11534748115753,99992,62,40,3,1,472,255,0.007270581646531722,37,17,49519,49744,377,196,0,0,0,0,0,0,99371,0,0,0,0,0,0,0,0,0,0,621,0,0,0,0,0,0
72,10285,73.02648528834631,99991,70,44,3,2,486,264,0.007500675060755468,36,14,49507,49739,382,199,0,0,0,0,0,0,99361,0,0,1,0,0,0,0,0,0,0,629,0,0,0,0,0,0
73,10285,74.26104878600498,99991,67,44,3,2,493,269,0.007620685861727555,51,14,49488,49734,389,204,0,0,0,0,0,0,99346,0,0,1,0,0,0,0,0,0,0,644,0,0,0,0,0,0
74,10285,75.12710996098221,99991,65,40,3,2,506,274,0.007800702063185686,49,23,49480,49723,401,210,0,0,0,0,0,0,99322,0,0,1,0,0,0,0,0,0,0,668,0,0,0,0,0,0
75,10285,76.11663609680942,99991,76,41,3,2,522,279,0.00801072096488684,46,30,49467,49711,406,214,0,0,0,0,0,0,99313,0,0,1,0,0,0,0,0,0,0,677,0,0,0,0,0,0
76,10285,77.10630642024468,99991,71,43,3,2,533,288,0.008210738966506986,54,28,49450,49704,420,221,0,0,0,0,0,0,99290,0,0,1,0,0,0,0,0,0,0,700,0,0,0,0,0,0
77,10285,78.09625378236157,99991,72,49,3,2,547,295,0.008420757868208138,52,29,49440,49697,431,221,0,0,0,0,0,0,99276,0,0,1,0,0,0,0,0,0,0,714,0,0,0,0,0,0
78,10285,79.08640168787804,99991,78,48,3,2,562,301,0.008630776769909292,48,31,49431,49689,438,228,0,0,0,0,0,0,99260,0,0,1,0,0,0,0,0,0,0,730,0,0,0,0,0,0
79,10285,80.07670380663447,99990,77,54,3,3,576,312,0.00888088808880888,52,26,49416,49683,450,232,0,0,0,0,0,0,99240,0,0,1,0,0,0,0,0,0,0,749,0,0,0,0,0,0
80,10285,81.0672314192356,99990,89,58,3,3,593,323,0.009160916091609161,47,23,49404,49677,455,237,0,0,0,0,0,0,99228,0,0,1,0,0,0,0,0,0,0,761,0,0,0,0,0,0
81,10285,82.05793482351653,99990,85,59,3,3,604,329,0.00933093309330933,52,28,49391,49667,467,241,0,0,0,0,0,0,99208,0,0,1,0,0,0,0,0,0,0,781,0,0,0,0,0,0
82,10285,83.04886516081103,99990,88,55,3,3,615,336,0.00951095109510951,51,28,49382,49663,474,249,0,0,0,0,0,0,99189,0,0,1,0,0,0,0,0,0,0,800,0,0,0,0,0,0
83,10285,84.03997584196844,99990,95,56,3,3,629,341,0.0097009700970097,54,36,49365,49652,481,251,0,0,0,0,0,0,99178,0,0,1,0,0,0,0,0,0,0,811,0,0,0,0,0,0
84,10285,85.0312858696695,99990,92,59,3,3,646,351,0.009970997099709972,54,35,49352,49644,497,257,0,0,0,0,0,0,99152,0,0,2,0,0,0,0,0,0,0,836,0,0,0,0,0,0
85,10285,86.02285282178806,99990,98,60,3,3,663,357,0.0102010201020102,58,37,49332,49637,507,261,0,0,0,0,0,0,99136,0,0,2,0,0,0,0,0,0,0,852,0,0,0,0,0,0
86,10285,87.01472800544136,99990,101,71,3,3,680,371,0.010511051105110511,58,31,49317,49630,519,263,0,0,0,0,0,0,99119,0,0,2,0,0,0,0,0,0,0,869,0,0,0,0,0,0
87,10285,88.0068449101341,99990,97,73,3,3,691,382,0.01073107310731073,67,27,49298,49623,533,272,0,0,0,0,0,0,99095,0,0,2,0,0,0,0,0,0,0,893,0,0,0,0,0,0
88,10285,89.33019235821004,99990,101,53,3,3,711,392,0.011031103110311032,62,28,49284,49613,548,301,0,0,0,0,0,0,99049,0,0,2,0,0,0,0,0,0,0,939,0,0,0,0,0,0
89,10285,90.323055162498,99990,102,58,3,3,726,403,0.011291129112911292,64,28,49268,49603,561,306,0,0,0,0,0,0,99029,0,0,2,0,0,0,0,0,0,0,959,0,0,0,0,0,0
90,10285,91.3161954672054,99990,99,60,3,3,745,414,0.011591159115911591,59,26,49256,49594,581,315,0,0,0,0,0,0,98999,0,0,3,0,0,0,0,0,0,0,988,0,0,0,0,0,0
91,10285,92.30964216454144,99990,95,58,3,3,753,419,0.011721172117211721,68,30,49240,49586,592,321,0,0,0,0,0,0,98980,0,0,3,0,0,0,0,0,0,0,1007,0,0,0,0,0,0
92,10285,93.30333629423004,99990,93,53,3,3,770,428,0.011981198119811982,65,29,49227,49578,610,335,0,0,0,0,0,0,98947,0,0,3,0,0,0,0,0,0,0,1040,0,0,0,0,0,0
93,10285,94.2973507600346,99990,88,49,3,3,783,435,0.01218121812181218,65,29,49217,49572,625,345,0,0,0,0,0,0,98918,0,0,3,0,0,0,0,0,0,0,1069,0,0,0,0,0,0
94,10285,95.29162548951986,99990,92,45,3,3,797,444,0.012411241124112411,68,25,49202,49568,633,357,0,0,0,0,0,0,98895,0,0,3,0,0,0,0,0,0,0,1092,0,0,0,0,0,0
95,10285,96.28621928144932,99990,94,42,3,3,813,449,0.012621262126212621,68,28,49187,49563,646,362,0,0,0,0,0,0,98873,0,0,3,0,0,0,0,0,0,0,1114,0,0,0,0,0,0
96,10285,97.28107577110868,99990,97,43,3,3,828,458,0.012861286128612861,68,24,49176,49560,654,368,0,0,0,0,0,0,98853,0,0,3,0,0,0,0,0,0,0,1134,0,0,0,0,0,0
97,10285,98.27617158545121,99989,107,34,3,4,847,461,0.013081438958285412,61,24,49167,49557,660,379,0,0,0,0,0,0,98832,0,0,3,0,0,0,0,0,0,0,1154,0,0,0,0,0,0
98,10285,99.24968004347251,99988,104,37,4,4,854,469,0.013231587790534865,66,17,49156,49556,668,384,0,0,0,0,0,0,98817,0,0,3,0,0,0,0,0,0,0,1168,0,0,0,0,0,0
99,10285,100.0455227987285,99988,106,41,4,4,867,477,0.013441612993559227,73,16,49138,49550,677,387,0,0,0,0,0,0,98802,0,0,3,0,0,0,0,0,0,0,1183,0,0,0,0,0,0
100,10285,101.02200098720121,99988,111,47,4,4,882,484,0.013661639396727607,71,16,49128,49544,684,387,0,0,0,0,0,0,98791,0,0,3,0,0,0,0,0,0,0,1194,0,0,0,0,0,0
101,10285,102.26573003675549,99988,113,49,4,4,909,495,0.014041685002200264,60,24,49114,49527,707,394,0,0,0,0,0,0,98758,0,0,4,0,0,0,0,0,0,0,1226,0,0,0,0,0,0
102,10285,103.26190922008756,99988,117,47,4,4,927,501,0.014281713805656678,69,28,49090,49517,718,402,0,0,0,0,0,0,98737,0,0,5,0,0,0,0,0,0,0,1246,0,0,0,0,0,0
103,10285,104.25842014014682,99988,119,43,4,4,940,506,0.01446173540824899,71,30,49075,49510,729,411,0,0,0,0,0,0,98717,0,0,5,0,0,0,0,0,0,0,1266,0,0,0,0,0,0
104,10285,105.25525313352917,99988,121,38,4,4,962,512,0.014741769012281475,65,33,49060,49502,748,421,0,0,0,0,0,0,98686,0,0,5,0,0,0,0,0,0,0,1297,0,0,0,0,0,0
105,10285,106.25239547902858,99988,125,35,4,4,981,515,0.014961795415449853,60,40,49046,49492,763,427,0,0,0,0,0,0,98665,0,0,5,0,0,0,0,0,0,0,1318,0,0,0,0,0,0
106,10285,107.24985936109569,99988,119,41,4,4,996,524,0.015201824218906269,57,36,49038,49488,780,429,0,0,0,0,0,0,98642,0,0,6,0,0,0,0,0,0,0,1340,0,0,0,0,0,0
107,10285,108.24756599538391,99987,113,39,5,4,1010,530,0.015402002260293838,56,36,49026,49484,798,435,0,0,0,0,0,0,98614,0,0,6,0,0,0,0,0,0,0,1367,0,0,0,0,0,0
108,10285,109.24556147868911,99987,110,39,5,4,1021,536,0.015572024363167212,60,36,49016,49479,807,440,0,0,0,0,0,0,98594,0,0,6,0,0,0,0,0,0,0,1387,0,0,0,0,0,0
109,10285,110.24380652152585,99987,108,39,5,4,1038,541,0.015792052966885694,61,36,49001,49477,823,442,0,0,0,0,0,0,98570,0,0,6,0,0,0,0,0,0,0,1411,0,0,0,0,0,0
110,10285,111.24235222929543,99987,98,40,5,4,1050,553,0.016032084170942224,64,28,48988,49476,843,450,0,0,0,0,0,0,98537,0,0,6,0,0,0,0,0,0,0,1444,0,0,0,0,0,0
111,10285,112.24122966100198,99987,106,40,5,4,1068,556,0.016242111474491686,55,36,48983,49468,849,450,0,0,0,0,0,0,98524,0,0,6,0,0,0,0,0,0,0,1457,0,0,0,0,0,0
112,10285,113.24024015827713,99987,101,46,5,4,1083,565,0.016482142678548212,61,38,48966,49457,865,453,0,0,0,0,0,0,98501,0,0,6,0,0,0,0,0,0,0,1480,0,0,0,0,0,0
113,10285,114.23952853683072,99986,103,47,6,4,1101,574,0.016752345328345967,57,39,48953,49450,879,458,0,0,0,0,0,0,98477,0,0,6,0,0,0,0,0,0,0,1503,0,0,0,0,0,0
114,10285,115.2390752587809,99986,107,51,6,4,1121,581,0.01702238313363871,54,41,48942,49444,889,458,0,0,0,0,0,0,98458,0,0,6,0,0,0,0,0,0,0,1522,0,0,0,0,0,0
115,10285,116.23878617444271,99986,105,54,6,4,1129,587,0.017162402736383094,61,41,48932,49439,894,460,0,0,0,0,0,0,98445,0,0,6,0,0,0,0,0,0,0,1535,0,0,0,0,0,0
116,10285,117.23867780130703,99986,113,54,6,4,1147,600,0.017472446142459946,62,34,48914,49435,903,471,0,0,0,0,0,0,98422,0,0,6,0,0,0,0,0,0,0,1558,0,0,0,0,0,0
117,10285,118.23881859086578,99986,108,50,6,4,1161,607,0.01768247554657652,60,34,48906,49430,918,480,0,0,0,0,0,0,98392,0,0,6,0,0,0,0,0,0,0,1588,0,0,0,0,0,0
118,10285,119.23920274256841,99986,106,62,6,4,1174,622,0.01796251475206529,57,28,48899,49422,930,482,0,0,0,0,0,0,98374,0,0,6,0,0,0,0,0,0,0,1606,0,0,0,0,0,0
119,10285,120.23979063107073,99986,107,60,6,4,1190,627,0.018172544156181865,60,29,48885,49417,940,488,0,0,0,0,0,0,98353,0,0,7,0,0,0,0,0,0,0,1626,0,0,0,0,0,0
120,10285,121.24064628632621,99986,98,57,6,4,1201,635,0.018362570759906386,72,30,48865,49410,957,497,0,0,0,0,0,0,98322,0,0,7,0,0,0,0,0,0,0,1657,0,0,0,0,0,0
121,10285,122.24183465891275,99986,103,59,6,4,1214,644,0.01858260156421899,71,28,48858,49404,960,503,0,0,0,0,0,0,98307,0,0,7,0,0,0,0,0,0,0,1672,0,0,0,0,0,0
122,10285,123.24318457692412,99986,114,55,6,4,1237,649,0.01886264076970776,61,33,48850,49395,967,511,0,0,0,0,0,0,98286,0,0,7,0,0,0,0,0,0,0,1693,0,0,0,0,0,0
123,10285,124.24467702881157,99986,111,59,6,4,1250,658,0.01908267157402036,69,28,48832,49391,980,516,0,0,0,0,0,0,98265,0,0,7,0,0,0,0,0,0,0,1714,0,0,0,0,0,0
124,10285,125.24646549681044,99986,111,53,6,4,1262,662,0.0192426939771568,65,29,48829,49387,987,525,0,0,0,0,0,0,98244,0,0,8,0,0,0,0,0,0,0,1734,0,0,0,0,0,0
125,10285,126.24836057663624,99986,114,58,6,4,1275,672,0.019472726181665432,67,33,48818,49376,993,527,0,0,0,0,0,0,98229,0,0,8,0,0,0,0,0,0,0,1749,0,0,0,0,0,0
126,10285,127.25045782592869,99986,113,63,6,4,1294,680,0.019742763986958175,62,32,48807,49371,1010,528,0,0,0,0,0,0,98207,0,0,9,0,0,0,0,0,0,0,1770,0,0,0,0,0,0
127,10285,128.2527966172998,99985,117,60,7,4,1313,686,0.019992998949842477,60,37,48792,49363,1022,534,0,0,0,0,0,0,98184,0,0,10,0,0,0,0,0,0,0,1791,0,0,0,0,0,0
128,10285,129.25536823463514,99985,118,63,7,4,1328,692,0.020203030454568185,56,42,48789,49356,1028,533,0,0,0,0,0,0,98168,0,0,11,0,0,0,0,0,0,0,1806,0,0,0,0,0,0
129,10285,130.25804729726244,99985,108,62,7,4,1338,699,0.020373055958393758,63,43,48773,49348,1047,541,0,0,0,0,0,0,98141,0,0,12,0,0,0,0,0,0,0,1832,0,0,0,0,0,0
130,10285,131.26105611152533,99985,107,57,7,4,1358,710,0.020683102465369807,65,45,48756,49336,1063,556,0,0,0,0,0,0,98105,0,0,13,0,0,0,0,0,0,0,1867,0,0,0,0,0,0
131,10285,132.2644361663571,99985,99,59,7,4,1377,723,0.021003150472570887,65,43,48740,49326,1087,566,0,0,0,0,0,0,98067,0,0,13,0,0,0,0,0,0,0,1905,0,0,0,0,0,0
132,10285,133.26819206826895,99985,110,61,7,4,1401,731,0.021323198479771967,59,46,48725,49316,1097,571,0,0,0,0,0,0,98048,0,0,13,0,0,0,0,0,0,0,1924,0,0,0,0,0,0
133,10285,134.27221302663406,99985,105,68,7,4,1415,744,0.021593238985847876,64,48,48710,49301,1112,577,0,0,0,0,0,0,98024,0,0,14,0,0,0,0,0,0,0,1947,0,0,0,0,0,0
134,10285,135.27648910208916,99985,111,67,7,4,1433,749,0.021823273491023653,68,47,48693,49301,1119,579,0,0,0,0,0,0,98006,0,0,14,0,0,0,0,0,0,0,1965,0,0,0,0,0,0
135,10285,136.28099821884717,99984,118,70,8,4,1454,765,0.022193550968154906,66,40,48678,49292,1128,592,0,0,0,0,0,0,97979,0,0,14,0,0,0,0,0,0,0,1991,0,0,0,0,0,0
136,10285,137.28578172951865,99983,115,77,9,4,1467,780,0.022473820549493415,74,37,48660,49282,1140,598,0,0,0,0,0,0,97955,0,0,14,0,0,0,0,0,0,0,2014,0,0,0,0,0,0
137,10285,138.2908577984948,99983,129,71,9,4,1496,787,0.022833881759899182,68,38,48639,49276,1153,609,0,0,0,0,0,0,97928,0,0,15,0,0,0,0,0,0,0,2040,0,0,0,0,0,0
138,10285,139.2962818928559,99983,132,72,9,4,1517,797,0.023143934468859706,73,39,48616,49266,1168,617,0,0,0,0,0,0,97901,0,0,15,0,0,0,0,0,0,0,2067,0,0,0,0,0,0
139,10285,140.3020763191201,99983,131,71,9,4,1530,811,0.023413980376664034,83,41,48600,49252,1175,630,0,0,0,0,0,0,97872,0,0,15,0,0,0,0,0,0,0,2096,0,0,0,0,0,0
140,10285,141.30813182836204,99983,136,74,9,4,1551,822,0.023734034785913606,85,45,48582,49239,1186,636,0,0,0,0,0,0,97849,0,0,16,0,0,0,0,0,0,0,2118,0,0,0,0,0,0
141,10285,142.3144600658094,99983,142,79,9,4,1574,837,0.024114099396897473,91,41,48559,49233,1197,641,0,0,0,0,0,0,97822,0,0,16,0,0,0,0,0,0,0,2145,0,0,0,0,0,0
142,10285,143.32112585736667,99983,145,76,9,4,1595,847,0.024424152105857997,99,41,48532,49225,1213,652,0,0,0,0,0,0,97791,0,0,16,0,0,0,0,0,0,0,2176,0,0,0,0,0,0
143,10285,144.32824875187376,99983,154,76,9,4,1624,854,0.024784213316263765,100,45,48507,49216,1228,657,0,0,0,0,0,0,97764,0,0,16,0,0,0,0,0,0,0,2203,0,0,0,0,0,0
144,10285,145.33575525734744,99983,168,82,9,4,1654,872,0.025264294930138122,91,45,48489,49200,1241,667,0,0,0,0,0,0,97736,0,0,16,0,0,0,0,0,0,0,2231,0,0,0,0,0,0
145,10285,146.00759061917785,99983,171,90,9,4,1669,883,0.025524339137653403,94,39,48475,49196,1249,669,0,0,0,0,0,0,97721,0,0,16,0,0,0,0,0,0,0,2246,0,0,0,0,0,0
146,10285,147.01561697928508,99982,178,86,10,4,1693,892,0.025854653837690783,88,45,48461,49183,1261,680,0,0,0,0,0,0,97691,0,0,16,0,0,0,0,0,0,0,2275,0,0,0,0,0,0
147,10285,148.0239350046358,99982,175,80,10,4,1719,901,0.026204716849032826,90,51,48435,49171,1288,692,0,0,0,0,0,0,97647,0,0,16,0,0,0,0,0,0,0,2319,0,0,0,0,0,0
148,10285,149.03277131340104,99982,179,87,10,4,1741,919,0.02660478886199516,85,50,48421,49156,1303,701,0,0,0,0,0,0,97619,0,0,17,0,0,0,0,0,0,0,2346,0,0,0,0,0,0
149,10285,150.04187675572413,99982,178,92,10,4,1760,933,0.026934848272689084,95,49,48398,49146,1317,707,0,0,0,0,0,0,97590,0,0,17,0,0,0,0,0,0,0,2375,0,0,0,0,0,0
150,10285,151.05135330736104,99982,176,91,10,4,1787,947,0.027344922085975474,94,43,48376,49139,1342,721,0,0,0,0,0,0,97547,0,0,18,0,0,0,0,0,0,0,2417,0,0,0,0,0,0
151,10285,152.06128644258916,99982,185,92,10,4,1818,965,0.027835010301854334,97,45,48348,49122,1358,735,0,0,0,0,0,0,97509,0,0,19,0,0,0,0,0,0,0,2454,0,0,0,0,0,0
152,10285,153.07176005988518,99982,184,88,10,4,1843,974,0.028175071512872317,104,52,48324,49109,1376,745,0,0,0,0,0,0,97472,0,0,21,0,0,0,0,0,0,0,2489,0,0,0,0,0,0
153,10285,154.08268603998079,99982,183,87,10,4,1876,988,0.028645156128103057,98,47,48302,49104,1405,756,0,0,0,0,0,0,97426,0,0,24,0,0,0,0,0,0,0,2532,0,0,0,0,0,0
154,10285,155.09415971054625,99981,180,84,10,5,1906,1003,0.029095528150348566,95,46,48279,49092,1434,771,0,0,0,0,0,0,97379,0,0,28,0,0,0,0,0,0,0,2574,0,0,0,0,0,0
155,10285,156.10618014911174,99981,180,76,10,5,1934,1013,0.029475600364069172,94,48,48256,49084,1458,785,0,0,0,0,0,0,97336,0,0,31,0,0,0,0,0,0,0,2614,0,0,0,0,0,0
156,10285,157.11869178844728,99981,187,83,10,5,1960,1031,0.02991568397995619,91,47,48237,49071,1473,792,0,0,0,0,0,0,97306,0,0,31,0,0,0,0,0,0,0,2644,0,0,0,0,0,0
157,10285,158.13155963278152,99981,182,75,10,5,1981,1040,0.03021574099078825,107,50,48205,49061,1494,807,0,0,0,0,0,0,97263,0,0,31,0,0,0,0,0,0,0,2687,0,0,0,0,0,0
158,10285,159.14499996358273,99980,180,74,11,5,2013,1050,0.03063612722544509,106,56,48176,49047,1525,816,0,0,0,0,0,0,97218,0,0,31,0,0,0,0,0,0,0,2731,0,0,0,0,0,0
159,10285,160.15897606971865,99980,179,82,11,5,2040,1065,0.03105621124224845,96,52,48169,49037,1543,822,0,0,0,0,0,0,97183,0,0,31,0,0,0,0,0,0,0,2766,0,0,0,0,0,0
160,10285,161.17324850313406,99980,168,81,11,5,2059,1077,0.03136627325465093,101,60,48152,49020,1566,832,0,0,0,0,0,0,97140,0,0,31,0,0,0,0,0,0,0,2809,0,0,0,0,0,0
161,10285,162.18788285660762,99980,169,82,11,5,2084,1087,0.03171634326865373,97,61,48136,49010,1585,840,0,0,0,0,0,0,97107,0,0,31,0,0,0,0,0,0,0,2842,0,0,0,0,0,0
162,10285,163.20293803536978,99980,174,83,11,5,2110,1098,0.032086417283456695,100,64,48110,48998,1603,848,0,0,0,0,0,0,97078,0,0,33,0,0,0,0,0,0,0,2869,0,0,0,0,0,0
163,10285,164.2184709860408,99980,162,75,11,5,2131,1106,0.032376475295059014,111,63,48079,48991,1635,864,0,0,0,0,0,0,97030,0,0,34,0,0,0,0,0,0,0,2916,0,0,0,0,0,0
164,10285,165.23463792026322,99980,176,75,11,5,2161,1120,0.032816563312662535,104,64,48061,48980,1646,874,0,0,0,0,0,0,97000,0,0,34,0,0,0,0,0,0,0,2946,0,0,0,0,0,0
165,10285,166.2511482692764,99980,187,81,11,5,2188,1132,0.03320664132826565,96,67,48050,48970,1654,875,0,0,0,0,0,0,96980,0,0,36,0,0,0,0,0,0,0,2964,0,0,0,0,0,0
166,10285,167.2678180074185,99980,184,94,11,5,2213,1154,0.033676735347069414,93,57,48034,48960,1676,882,0,0,0,0,0,0,96944,0,0,37,0,0,0,0,0,0,0,2999,0,0,0,0,0,0
167,10285,168.28481898778372,99980,178,93,11,5,2234,1168,0.034026805361072214,91,60,48017,48946,1701,894,0,0,0,0,0,0,96902,0,0,37,0,0,0,0,0,0,0,3041,0,0,0,0,0,0
168,10285,169.30229118105672,99980,166,97,11,5,2254,1190,0.03444688937787557,98,52,47994,48934,1729,910,0,0,0,0,0,0,96853,0,0,38,0,0,0,0,0,0,0,3089,0,0,0,0,0,0
169,10285,170.32030687220086,99980,169,92,11,5,2275,1204,0.03479695939187837,101,50,47976,48923,1741,928,0,0,0,0,0,0,96816,0,0,38,0,0,0,0,0,0,0,3126,0,0,0,0,0,0
170,10285,171.33865351113056,99980,176,86,11,5,2297,1210,0.035077015403080614,102,62,47960,48913,1749,932,0,0,0,0,0,0,96790,0,0,39,0,0,0,0,0,0,0,3151,0,0,0,0,0,0
171,10285,172.01770271540133,99980,175,81,11,5,2316,1217,0.0353370674134827,97,70,47950,48898,1765,944,0,0,0,0,0,0,96759,0,0,40,0,0,0,0,0,0,0,3181,0,0,0,0,0,0
172,10285,173.03656737506842,99980,176,79,11,5,2341,1231,0.03572714542908582,105,73,47925,48882,1781,959,0,0,0,0,0,0,96719,0,0,40,0,0,0,0,0,0,0,3221,0,0,0,0,0,0
173,10285,174.05588479484803,99980,187,80,11,5,2372,1245,0.036177235447089416,108,71,47893,48875,1799,967,0,0,0,0,0,0,96687,0,0,41,0,0,0,0,0,0,0,3252,0,0,0,0,0,0
174,10285,175.07570630131616,99980,186,86,11,5,2400,1263,0.0366373274654931,106,65,47875,48866,1820,976,0,0,0,0,0,0,96646,0,0,41,0,0,0,0,0,0,0,3293,0,0,0,0,0,0
175,10285,176.0959859127947,99980,192,86,11,5,2427,1276,0.0370374074814963,117,68,47844,48852,1834,987,0,0,0,0,0,0,96613,0,0,42,0,0,0,0,0,0,0,3325,0,0,0,0,0,0
176,10285,177.1167188558098,99980,195,91,11,5,2458,1294,0.03752750550110022,125,66,47814,48838,1853,998,0,0,0,0,0,0,96573,0,0,43,0,0,0,0,0,0,0,3364,0,0,0,0,0,0
177,10285,178.1379307940312,99980,196,97,11,5,2491,1311,0.03802760552110422,121,67,47793,48827,1877,1002,0,0,0,0,0,0,96530,0,0,43,0,0,0,0,0,0,0,3407,0,0,0,0,0,0
178,10285,179.15961608685666,99980,201,98,11,5,2520,1327,0.03847769553910782,121,61,47772,48819,1893,1015,0,0,0,0,0,0,96491,0,0,43,0,0,0,0,0,0,0,3446,0,0,0,0,0,0
179,10285,180.18174824817402,99980,204,89,11,5,2549,1336,0.03885777155431086,129,65,47742,48810,1912,1029,0,0,0,0,0,0,96447,0,0,43,0,0,0,0,0,0,0,3490,0,0,0,0,0,0
180,10285,181.20439414898865,99980,210,92,11,5,2588,1347,0.03935787157431486,122,77,47717,48790,1938,1034,0,0,0,0,0,0,96406,0,0,43,0,0,0,0,0,0,0,3531,0,0,0,0,0,0
181,10285,182.2274557604327,99980,212,98,11,5,2616,1367,0.0398379675935187,121,72,47694,48780,1960,1043,0,0,0,0,0,0,96368,0,0,45,0,0,0,0,0,0,0,3567,0,0,0,0,0,0
182,10285,183.25106438436484,99980,209,95,11,5,2640,1390,0.04030806161232246,144,61,47655,48768,1979,1069,0,0,0,0,0,0,96317,0,0,47,0,0,0,0,0,0,0,3616,0,0,0,0,0,0
183,10285,184.27539009222215,99980,214,99,11,5,2677,1406,0.040838167633526705,140,59,47627,48761,2006,1074,0,0,0,0,0,0,96274,0,0,48,0,0,0,0,0,0,0,3658,0,0,0,0,0,0
184,10285,185.30025056796728,99980,211,98,11,5,2709,1416,0.04125825165033006,129,72,47613,48745,2034,1078,0,0,0,0,0,0,96231,0,0,51,0,0,0,0,0,0,0,3698,0,0,0,0,0,0
185,10285,186.32551643051482,99980,213,100,11,5,2739,1437,0.04176835367073415,139,67,47583,48731,2052,1095,0,0,0,0,0,0,96184,0,0,51,0,0,0,0,0,0,0,3745,0,0,0,0,0,0
186,10285,187.0092964205426,99980,219,98,11,5,2764,1446,0.042108421684336865,139,67,47564,48728,2065,1100,0,0,0,0,0,0,96154,0,0,51,0,0,0,0,0,0,0,3775,0,0,0,0,0,0
187,10285,188.03545461153362,99980,216,100,11,5,2794,1465,0.04259851970394079,136,66,47551,48712,2084,1115,0,0,0,0,0,0,96104,0,0,51,0,0,0,0,0,0,0,3825,0,0,0,0,0,0
188,10285,189.06198748756026,99980,229,104,11,5,2838,1482,0.04320864172834567,118,57,47532,48708,2108,1124,0,0,0,0,0,0,96061,0,0,52,0,0,0,0,0,0,0,3867,0,0,0,0,0,0
189,10285,190.08902030464813,99980,208,104,11,5,2863,1495,0.04358871774354871,132,68,47501,48688,2146,1133,0,0,0,0,0,0,96003,0,0,53,0,0,0,0,0,0,0,3924,0,0,0,0,0,0
190,10285,191.1166760521661,99980,212,113,11,5,2901,1514,0.04415883176635327,119,63,47486,48681,2170,1136,0,0,0,0,0,0,95960,0,0,54,0,0,0,0,0,0,0,3966,0,0,0,0,0,0
191,10285,192.14476552984664,99980,216,113,11,5,2941,1530,0.04471894378875775,112,63,47459,48675,2200,1142,0,0,0,0,0,0,95909,0,0,55,0,0,0,0,0,0,0,4016,0,0,0,0,0,0
192,10285,193.17339086435518,99980,216,122,11,5,2974,1547,0.04521904380876175,113,61,47436,48666,2222,1144,0,0,0,0,0,0,95869,0,0,56,0,0,0,0,0,0,0,4055,0,0,0,0,0,0
193,10285,194.2024753659167,99980,224,115,11,5,3011,1562,0.04573914782956591,107,67,47415,48651,2241,1160,0,0,0,0,0,0,95820,0,0,58,0,0,0,0,0,0,0,4102,0,0,0,0,0,0
194,10285,195.23206615800328,99980,221,99,11,5,3040,1571,0.04611922384476896,108,67,47391,48647,2267,1180,0,0,0,0,0,0,95765,0,0,60,0,0,0,0,0,0,0,4155,0,0,0,0,0,0
195,10285,196.26217348762674,99980,228,104,11,5,3073,1589,0.04662932586517304,107,64,47366,48633,2286,1192,0,0,0,0,0,0,95728,0,0,62,0,0,0,0,0,0,0,4190,0,0,0,0,0,0
196,10285,197.29276899731045,99979,228,113,12,5,3101,1612,0.04713989937886956,125,61,47337,48618,2296,1201,0,0,0,0,0,0,95686,0,0,62,0,0,0,0,0,0,0,4231,0,0,0,0,0,0
197,10285,198.32383328304846,99979,224,115,12,5,3134,1626,0.04760999809960092,130,70,47302,48602,2330,1206,0,0,0,0,0,0,95637,0,0,62,0,0,0,0,0,0,0,4280,0,0,0,0,0,0
198,10285,199.0116078212259,99979,230,114,12,5,3159,1636,0.04796007161503916,125,74,47289,48590,2342,1215,0,0,0,0,0,0,95607,0,0,62,0,0,0,0,0,0,0,4310,0,0,0,0,0,0
199,10285,200.04367799038215,99979,226,119,12,5,3186,1657,0.048440172436211605,139,70,47256,48578,2365,1226,0,0,0,0,0,0,95564,0,0,66,0,0,0,0,0,0,0,4349,0,0,0,0,0,0
200,10285,201.07629278665723,99979,222,113,12,5,3220,1666,0.04887026275517859,151,86,47223,48556,2390,1238,0,0,0,0,0,0,95511,0,0,66,0,0,0,0,0,0,0,4402,0,0,0,0,0,0
201,10285,202.10954478069306,99979,241,113,12,5,3260,1686,0.04947038878164414,157,88,47190,48537,2398,1255,0,0,0,0,0,0,95471,0,0,67,0,0,0,0,0,0,0,4441,0,0,0,0,0,0
202,10285,203.14328337502317,99979,243,114,12,5,3300,1706,0.0500705148081097,148,80,47164,48531,2431,1268,0,0,0,0,0,0,95415,0,0,68,0,0,0,0,0,0,0,4496,0,0,0,0,0,0
203,10285,204.17761835403195,99978,249,115,12,6,3337,1725,0.05063113885054712,145,76,47136,48526,2456,1275,0,0,0,0,0,0,95366,0,0,68,0,0,0,0,0,0,0,4544,0,0,0,0,0,0
204,10285,205.21252504025372,99978,246,114,12,6,3371,1743,0.051151253275720655,155,78,47099,48511,2486,1289,0,0,0,0,0,0,95311,0,0,69,0,0,0,0,0,0,0,4598,0,0,0,0,0,0
205,10285,206.24817804816303,99978,253,112,12,6,3420,1757,0.051781391906219366,142,83,47071,48495,2520,1302,0,0,0,0,0,0,95254,0,0,70,0,0,0,0,0,0,0,4654,0,0,0,0,0,0
206,10285,207.28455711112562,99978,252,117,12,6,3459,1778,0.05238152393526576,146,84,47038,48478,2550,1313,0,0,0,0,0,0,95201,0,0,73,0,0,0,0,0,0,0,4704,0,0,0,0,0,0
207,10285,208.32156186193643,99978,249,113,12,6,3490,1796,0.05287163175898698,153,90,47009,48458,2575,1331,0,0,0,0,0,0,95146,0,0,74,0,0,0,0,0,0,0,4758,0,0,0,0,0,0
208,10285,209.01323338070722,99978,244,120,12,6,3515,1812,0.05328172197883534,152,84,46991,48452,2599,1336,0,0,0,0,0,0,95111,0,0,78,0,0,0,0,0,0,0,4789,0,0,0,0,0,0
209,10285,210.05131999029777,99978,243,118,12,6,3547,1830,0.05378183200304067,161,83,46956,48437,2626,1354,0,0,0,0,0,0,95059,0,0,79,0,0,0,0,0,0,0,4840,0,0,0,0,0,0
210,10285,211.09013397248438,99978,253,119,12,6,3589,1848,0.05438196403208706,157,81,46923,48430,2653,1362,0,0,0,0,0,0,95013,0,0,82,0,0,0,0,0,0,0,4883,0,0,0,0,0,0
211,10285,212.1295898724114,99978,256,132,12,6,3625,1875,0.05501210266258577,163,69,46890,48416,2677,1375,0,0,0,0,0,0,94970,0,0,86,0,0,0,0,0,0,0,4922,0,0,0,0,0,0
212,10285,213.16967510232394,99978,259,131,12,6,3663,1892,0.055562223689211626,175,63,46853,48412,2699,1386,0,0,0,0,0,0,94918,0,0,87,0,0,0,0,0,0,0,4973,0,0,0,0,0,0
213,10285,214.21040042513368,99978,277,135,12,6,3712,1912,0.05625237552261497,171,68,46813,48394,2725,1395,0,0,0,0,0,0,94872,0,0,88,0,0,0,0,0,0,0,5018,0,0,0,0,0,0
214,10285,215.25184091871344,99978,268,132,12,6,3747,1931,0.056792494348756724,187,82,46770,48367,2761,1411,0,0,0,0,0,0,94808,0,0,90,0,0,0,0,0,0,0,5080,0,0,0,0,0,0
215,10285,216.29409441834147,99977,286,128,12,7,3803,1948,0.05752323034297888,175,89,46736,48348,2789,1426,0,0,0,0,0,0,94751,0,0,92,0,0,0,0,0,0,0,5134,0,0,0,0,0,0
216,10285,217.3369993666587,99977,291,133,12,7,3853,1974,0.05828340518319213,171,85,46705,48331,2819,1442,0,0,0,0,0,0,94689,0,0,96,0,0,0,0,0,0,0,5192,0,0,0,0,0,0
217,10285,218.03262900369273,99976,285,137,13,7,3884,1992,0.05877410578538849,164,87,46692,48313,2844,1454,0,0,0,0,0,0,94639,0,0,97,0,0,0,0,0,0,0,5240,0,0,0,0,0,0
218,10285,219.0766313481612,99974,283,131,15,7,3932,2012,0.05945545841918899,162,89,46660,48295,2878,1476,0,0,0,0,0,0,94567,0,0,101,0,0,0,0,0,0,0,5306,0,0,0,0,0,0
219,10285,220.1213685568486,99974,282,142,15,7,3973,2038,0.060125632664492765,174,92,46621,48270,2906,1487,0,0,0,0,0,0,94513,0,0,104,0,0,0,0,0,0,0,5357,0,0,0,0,0,0
220,10285,221.16674987435658,99974,294,131,15,7,4022,2056,0.060795806909796545,165,101,46598,48245,2926,1514,0,0,0,0,0,0,94450,0,0,107,0,0,0,0,0,0,0,5417,0,0,0,0,0,0
221,10285,222.21269863342334,99973,296,139,16,7,4064,2083,0.06148660138237324,175,97,46554,48228,2957,1527,0,0,0,0,0,0,94395,0,0,111,0,0,0,0,0,0,0,5467,0,0,0,0,0,0
222,10285,223.25948312515936,99973,293,135,16,7,4108,2103,0.062126774229041844,173,97,46525,48213,2991,1546,0,0,0,0,0,0,94327,0,0,114,0,0,0,0,0,0,0,5532,0,0,0,0,0,0
223,10285,224.3070134465183,99973,300,147,16,7,4151,2132,0.06284696868154402,185,91,46481,48196,3016,1557,0,0,0,0,0,0,94274,0,0,114,0,0,0,0,0,0,0,5585,0,0,0,0,0,0
224,10285,225.00575664979547,99973,316,146,16,7,4192,2150,0.06343712802456664,173,94,46458,48178,3035,1573,0,0,0,0,0,0,94230,0,0,114,0,0,0,0,0,0,0,5629,0,0,0,0,0,0
225,10285,226.054475914738,99973,299,152,16,7,4227,2177,0.06405729546977684,179,92,46428,48162,3076,1585,0,0,0,0,0,0,94158,0,0,115,0,0,0,0,0,0,0,5700,0,0,0,0,0,0
226,10285,227.10386705542334,99973,316,153,16,7,4278,2198,0.06477748992227901,164,96,46406,48143,3096,1599,0,0,0,0,0,0,94104,0,0,115,0,0,0,0,0,0,0,5754,0,0,0,0,0,0
227,10285,228.15376697565836,99973,310,149,16,7,4325,2221,0.0654776789733228,168,105,46364,48117,3140,1620,0,0,0,0,0,0,94025,0,0,116,0,0,0,0,0,0,0,5832,0,0,0,0,0,0
228,10285,229.2045731185243,99973,313,154,16,7,4372,2244,0.06617786802436658,155,116,46339,48084,3175,1637,0,0,0,0,0,0,93965,0,0,118,0,0,0,0,0,0,0,5890,0,0,0,0,0,0
229,10285,230.25605732197687,99973,283,145,16,7,4403,2256,0.06660798415572204,166,126,46317,48072,3216,1648,0,0,0,0,0,0,93891,0,0,126,0,0,0,0,0,0,0,5956,0,0,0,0,0,0
230,10285,231.3082410210675,99973,273,151,16,7,4438,2281,0.06720814619947386,182,126,46281,48051,3246,1663,0,0,0,0,0,0,93829,0,0,128,0,0,0,0,0,0,0,6016,0,0,0,0,0,0
231,10285,232.01010237570256,99973,277,149,16,7,4471,2297,0.0676982785352045,177,125,46262,48041,3266,1676,0,0,0,0,0,0,93783,0,0,129,0,0,0,0,0,0,0,6061,0,0,0,0,0,0
232,10285,233.06345820466854,99973,288,150,16,7,4526,2324,0.06851849999499865,170,121,46232,48022,3292,1698,0,0,0,0,0,0,93715,0,0,131,0,0,0,0,0,0,0,6127,0,0,0,0,0,0
233,10285,234.11745878768596,99973,288,160,16,7,4571,2356,0.0692887079511468,169,102,46197,48014,3328,1715,0,0,0,0,0,0,93650,0,0,133,0,0,0,0,0,0,0,6190,0,0,0,0,0,0
234,10285,235.17225237616532,99973,300,169,16,7,4626,2382,0.07009892671021176,165,103,46165,47998,3352,1721,0,0,0,0,0,0,93592,0,0,135,0,0,0,0,0,0,0,6246,0,0,0,0,0,0
235,10285,236.22770352423248,99972,286,159,16,8,4662,2412,0.07075981274756932,171,95,46144,47984,3381,1752,0,0,0,0,0,0,93504,0,0,137,0,0,0,0,0,0,0,6331,0,0,0,0,0,0
236,10285,237.28377657666377,99972,281,164,16,8,4700,2444,0.07146000880246468,178,83,46114,47973,3409,1770,0,0,0,0,0,0,93436,0,0,139,0,0,0,0,0,0,0,6397,0,0,0,0,0,0
237,10285,238.34054759649874,99972,293,168,16,8,4741,2470,0.0721301964550074,179,74,46084,47959,3426,1789,0,0,0,0,0,0,93387,0,0,141,0,0,0,0,0,0,0,6444,0,0,0,0,0,0
238,10285,239.04543133505123,99972,302,160,16,8,4775,2481,0.07258032249029728,177,77,46060,47951,3443,1802,0,0,0,0,0,0,93345,0,0,143,0,0,0,0,0,0,0,6484,0,0,0,0,0,0
239,10285,240.1033101691317,99972,316,152,16,8,4835,2500,0.07337054375225063,168,90,46020,47921,3478,1827,0,0,0,0,0,0,93274,0,0,145,0,0,0,0,0,0,0,6553,0,0,0,0,0,0
240,10285,241.1619749284705,99971,314,157,16,9,4880,2530,0.07412149523361775,167,91,45990,47897,3511,1844,0,0,0,0,0,0,93204,0,0,147,0,0,0,0,0,0,0,6620,0,0,0,0,0,0
241,10285,242.2214303809689,99971,305,153,16,9,4921,2550,0.07473167218493364,156,88,45976,47887,3545,1861,0,0,0,0,0,0,93133,0,0,150,0,0,0,0,0,0,0,6688,0,0,0,0,0,0
242,10285,243.28142235581242,99971,294,153,16,9,4953,2574,0.0752918346320433,179,98,45939,47863,3570,1875,0,0,0,0,0,0,93072,0,0,156,0,0,0,0,0,0,0,6743,0,0,0,0,0,0
243,10285,244.34215745177568,99970,290,153,17,9,4998,2599,0.07599279783935181,181,89,45901,47853,3609,1894,0,0,0,0,0,0,92999,0,0,157,0,0,0,0,0,0,0,6814,0,0,0,0,0,0
244,10285,245.04977822228133,99969,286,143,18,9,5031,2608,0.07641368824335544,182,102,45879,47835,3633,1909,0,0,0,0,0,0,92947,0,0,160,0,0,0,0,0,0,0,6862,0,0,0,0,0,0
245,10285,246.11191392491548,99969,287,151,18,9,5076,2634,0.0771239084116076,187,102,45844,47820,3662,1916,0,0,0,0,0,0,92888,0,0,163,0,0,0,0,0,0,0,6918,0,0,0,0,0,0
246,10285,247.17478881062937,99969,288,168,18,9,5118,2667,0.07787414098370495,182,88,45823,47805,3687,1928,0,0,0,0,0,0,92834,0,0,166,0,0,0,0,0,0,0,6969,0,0,0,0,0,0
247,10285,248.23815737692135,99969,293,153,18,9,5167,2691,0.0786043673538797,177,96,45797,47783,3713,1957,0,0,0,0,0,0,92754,0,0,169,0,0,0,0,0,0,0,7046,0,0,0,0,0,0
248,10285,249.30217212181174,99969,298,155,18,9,5216,2722,0.07940461543078355,181,83,45759,47772,3742,1979,0,0,0,0,0,0,92690,0,0,178,0,0,0,0,0,0,0,7101,0,0,0,0,0,0
249,10285,250.01191990124028,99969,288,152,18,9,5247,2735,0.07984475187308065,180,90,45735,47757,3777,1990,0,0,0,0,0,0,92635,0,0,180,0,0,0,0,0,0,0,7154,0,0,0,0,0,0
250,10285,251.07745008683128,99969,299,155,18,9,5296,2762,0.0806049875461393,184,89,45697,47740,3800,2005,0,0,0,0,0,0,92575,0,0,182,0,0,0,0,0,0,0,7212,0,0,0,0,0,0
251,10285,252.1436986467345,99968,285,152,19,9,5344,2785,0.08131602112676056,183,93,45676,47725,3835,2019,0,0,0,0,0,0,92487,0,0,182,0,0,0,0,0,0,0,7299,0,0,0,0,0,0
252,10285,253.21049958025628,99967,287,153,19,10,5394,2806,0.0820270689327478,178,97,45652,47707,3862,2031,0,0,0,0,0,0,92422,0,0,185,0,0,0,0,0,0,0,7360,0,0,0,0,0,0
253,10285,254.27795684791198,99967,298,144,19,10,5457,2825,0.08284733962207529,164,104,45614,47687,3903,2053,0,0,0,0,0,0,92349,0,0,190,1,0,0,0,0,0,0,7427,0,0,0,0,0,0
254,10285,255.34631768088627,99966,306,145,19,11,5503,2848,0.0835384030570394,167,111,45587,47660,3919,2071,0,0,0,0,0,0,92292,0,0,193,1,0,0,0,0,0,0,7480,0,0,0,0,0,0
255,10285,256.05882805435465,99966,298,153,19,11,5529,2866,0.08397855270792069,164,119,45579,47644,3938,2071,0,0,0,0,0,0,92251,0,0,196,1,0,0,0,0,0,0,7518,0,0,0,0,0,0
256,10285,257.1279866626332,99966,297,150,19,11,5575,2893,0.0847088009923374,170,111,45545,47634,3967,2092,0,0,0,0,0,0,92176,0,0,198,1,0,0,0,0,0,0,7591,0,0,0,0,0,0
257,10285,258.19781579644035,99966,288,157,19,11,5619,2918,0.08539903567212852,167,110,45522,47619,4002,2101,0,0,0,0,0,0,92106,0,0,199,1,0,0,0,0,0,0,7660,0,0,0,0,0,0
258,10285,259.26834881072375,99966,304,168,19,11,5668,2950,0.08620931116579637,174,101,45478,47610,4023,2108,0,0,0,0,0,0,92055,0,0,202,1,0,0,0,0,0,0,7708,0,0,0,0,0,0
259,10285,260.3396327794025,99966,303,159,19,11,5708,2977,0.08687953904327471,179,102,45442,47592,4055,2134,0,0,0,0,0,0,91986,0,0,210,1,0,0,0,0,0,0,7769,0,0,0,0,0,0
260,10285,261.0542925320511,99966,306,162,19,11,5741,2994,0.08737970910109437,188,97,45412,47586,4073,2142,0,0,0,0,0,0,91947,0,0,215,1,0,0,0,0,0,0,7803,0,0,0,0,0,0
261,10285,262.1270314906729,99965,301,161,20,11,5785,3021,0.0880908317911269,196,89,45376,47573,4105,2164,0,0,0,0,0,0,91883,0,0,228,1,0,0,0,0,0,0,7853,0,0,0,0,0,0
262,10285,263.20058419733357,99965,306,168,20,11,5834,3047,0.08884109438303406,196,87,45352,47557,4124,2175,0,0,0,0,0,0,91823,0,0,231,1,0,0,0,0,0,0,7910,0,0,0,0,0,0
263,10285,264.27464762718347,99965,303,177,20,11,5878,3079,0.08960136047616665,211,87,45309,47534,4155,2189,0,0,0,0,0,0,91757,0,0,235,1,0,0,0,0,0,0,7972,0,0,0,0,0,0
264,10285,265.34948821381755,99965,319,174,20,11,5943,3102,0.0904816685840044,198,101,45271,47506,4190,2206,0,0,0,0,0,0,91688,0,0,241,1,0,0,0,0,0,0,8035,0,0,0,0,0,0
265,10285,266.0664937805268,99965,322,173,20,11,5977,3116,0.09096183664282499,199,105,45253,47496,4204,2213,0,0,0,0,0,0,91646,0,0,245,1,0,0,0,0,0,0,8073,0,0,0,0,0,0
266,10285,267.1425707014511,99964,336,177,20,12,6039,3143,0.0918530671041575,189,111,45226,47475,4227,2223,0,0,0,0,0,0,91579,0,0,249,1,0,0,0,0,0,0,8135,0,0,0,0,0,0
267,10285,268.2191018651066,99964,333,180,20,12,6079,3182,0.09264335160657837,194,105,45198,47457,4253,2244,0,0,0,0,0,0,91504,0,0,253,1,0,0,0,0,0,0,8206,0,0,0,0,0,0
268,10285,269.29637547001954,99964,333,183,20,12,6135,3213,0.09351366491937098,199,92,45160,47453,4286,2258,0,0,0,0,0,0,91425,0,0,258,1,0,0,0,0,0,0,8280,0,0,0,0,0,0
269,10285,270.015020388296,99963,335,176,20,13,6172,3225,0.09400478176925463,198,100,45137,47439,4308,2270,0,0,0,0,0,0,91374,0,0,261,1,0,0,0,0,0,0,8327,0,0,0,0,0,0
270,10285,271.0936937899208,99963,338,176,20,13,6230,3255,0.09488510748977122,192,101,45102,47413,4346,2295,0,0,0,0,0,0,91294,0,0,266,1,0,0,0,0,0,0,8402,0,0,0,0,0,0
271,10285,272.17322218815815,99963,352,177,20,13,6297,3280,0.09580544801576583,178,103,45062,47394,4386,2311,0,0,0,0,0,0,91222,0,0,271,1,0,0,0,0,0,0,8469,0,0,0,0,0,0
272,10285,273.253711562643,99963,341,169,20,13,6346,3305,0.09654572191710933,171,112,45034,47370,4432,2334,0,0,0,0,0,0,91138,0,0,280,1,0,0,0,0,0,0,8544,0,0,0,0,0,0
273,10285,274.33501602014917,99963,327,184,20,13,6388,3341,0.09732601062393086,184,100,44992,47357,4475,2344,0,0,0,0,0,0,91065,0,0,284,1,0,0,0,0,0,0,8613,0,0,0,0,0,0
274,10285,275.05643771172686,99963,333,182,20,13,6425,3353,0.09781619199103668,188,106,44968,47345,4489,2352,0,0,0,0,0,0,91023,0,0,287,1,0,0,0,0,0,0,8652,0,0,0,0,0,0
275,10285,276.13925806252513,99963,341,194,20,13,6485,3392,0.09880655842661785,179,96,44933,47325,4525,2370,0,0,0,0,0,0,90946,0,0,289,1,0,0,0,0,0,0,8727,0,0,0,0,0,0
276,10285,277.2228279065143,99963,341,187,20,13,6534,3418,0.09955683602933085,180,102,44909,47304,4548,2392,0,0,0,0,0,0,90867,0,0,292,1,0,0,0,0,0,0,8803,0,0,0,0,0,0
277,10285,278.30704911882987,99962,344,176,21,13,6588,3445,0.1003681398931594,173,101,44877,47287,4583,2421,0,0,0,0,0,0,90789,0,0,303,1,0,0,0,0,0,0,8869,0,0,0,0,0,0
278,10285,279.03031573763354,99962,332,175,21,13,6620,3461,0.10084832236249774,169,101,44860,47280,4616,2429,0,0,0,0,0,0,90730,0,0,303,2,0,0,0,0,0,0,8927,0,0,0,0,0,0
279,10285,280.1159281629446,99962,329,168,21,13,6666,3483,0.10152858086072708,178,110,44822,47262,4648,2445,0,0,0,0,0,0,90656,0,0,307,2,0,0,0,0,0,0,8997,0,0,0,0,0,0
280,10285,281.20246048166035,99962,332,156,21,13,6721,3502,0.1022688621676237,182,118,44785,47245,4678,2466,0,0,0,0,0,0,90581,0,0,315,2,0,0,0,0,0,0,9064,0,0,0,0,0,0
281,10285,282.28981140215404,99960,326,168,23,13,6775,3538,0.10317126850740296,176,112,44757,47227,4716,2478,0,0,0,0,0,0,90502,0,0,320,2,0,0,0,0,0,0,9136,0,0,0,0,0,0
282,10285,283.0151227566636,99960,333,162,23,13,6816,3555,0.10375150060024009,176,110,44729,47216,4737,2497,0,0,0,0,0,0,90450,0,0,325,2,0,0,0,0,0,0,9183,0,0,0,0,0,0
283,10285,284.10385896624206,99960,334,152,23,13,6865,3581,0.10450180072028811,185,105,44687,47210,4769,2518,0,0,0,0,0,0,90370,0,0,329,2,0,0,0,0,0,0,9259,0,0,0,0,0,0
284,10285,285.19362560250886,99959,334,166,24,13,6913,3616,0.10533318660650867,189,98,44664,47199,4787,2522,0,0,0,0,0,0,90305,0,0,333,2,0,0,0,0,0,0,9319,0,0,0,0,0,0
285,10285,286.28392204447147,99959,336,164,24,13,6966,3642,0.10612351063936214,182,102,44632,47181,4824,2538,0,0,0,0,0,0,90235,0,0,342,2,0,0,0,0,0,0,9380,0,0,0,0,0,0
286,10285,287.01121792169465,99959,330,167,24,13,6997,3660,0.10661371162176492,187,102,44609,47167,4848,2549,0,0,0,0,0,0,90185,0,0,344,2,0,0,0,0,0,0,9428,0,0,0,0,0,0
287,10285,288.10282644339605,99959,345,171,24,13,7058,3686,0.1074840684680719,179,106,44580,47149,4870,2559,0,0,0,0,0,0,90124,0,0,351,2,0,0,0,0,0,0,9482,0,0,0,0,0,0
288,10285,289.1950750474732,99958,352,176,25,13,7117,3716,0.10837551771744132,174,103,44553,47129,4894,2577,0,0,0,0,0,0,90053,0,0,357,2,0,0,0,0,0,0,9546,0,0,0,0,0,0
289,10285,290.2879090439907,99956,336,176,27,13,7166,3742,0.10912801632718395,187,106,44508,47112,4940,2591,0,0,0,0,0,0,89965,0,0,358,3,0,0,0,0,0,0,9630,0,0,0,0,0,0
290,10285,291.0170554291601,99956,328,179,27,13,7193,3760,0.1095782144143423,195,108,44485,47099,4963,2599,0,0,0,0,0,0,89917,0,0,360,3,0,0,0,0,0,0,9676,0,0,0,0,0,0
291,10285,292.11144821639596,99956,347,177,27,13,7251,3786,0.1104185841770379,208,103,44436,47085,4980,2620,0,0,0,0,0,0,89852,0,0,362,3,0,0,0,0,0,0,9739,0,0,0,0,0,0
292,10285,293.20675088832127,99956,338,183,27,13,7308,3820,0.11132898475329145,204,106,44409,47055,5020,2641,0,0,0,0,0,0,89766,0,0,370,3,0,0,0,0,0,0,9817,0,0,0,0,0,0
293,10285,294.3028109614667,99956,338,180,27,13,7366,3852,0.11222938092760815,200,101,44385,47041,5048,2663,0,0,0,0,0,0,89682,0,0,379,3,0,0,0,0,0,0,9892,0,0,0,0,0,0
294,10285,295.033908421508,99956,355,181,27,13,7408,3870,0.11282964504381927,203,104,44350,47032,5063,2668,0,0,0,0,0,0,89644,0,0,383,3,0,0,0,0,0,0,9926,0,0,0,0,0,0
295,10285,296.13129340362207,99956,357,172,27,13,7458,3895,0.1135799751890832,204,104,44328,47020,5082,2689,0,0,0,0,0,0,89566,0,0,387,3,0,0,0,0,0,0,10000,0,0,0,0,0,0
296,10285,297.2292882523146,99956,345,160,27,13,7509,3919,0.11433030533434711,200,104,44307,47010,5119,2711,0,0,0,0,0,0,89473,0,0,393,3,0,0,0,0,0,0,10087,0,0,0,0,0,0
297,10285,298.3280283238431,99956,348,163,27,13,7572,3949,0.11526071471447437,202,95,44271,46999,5150,2728,0,0,0,0,0,0,89394,0,0,401,3,0,0,0,0,0,0,10158,0,0,0,0,0,0
298,10285,299.06102917458423,99956,340,159,27,13,7590,3964,0.1155908599783905,220,101,44251,46981,5160,2744,0,0,0,0,0,0,89353,0,0,405,3,0,0,0,0,0,0,10195,0,0,0,0,0,0
299,10285,300.16108970243806,99955,351,161,28,13,7649,3987,0.11641238557350808,212,100,44222,46969,5185,2755,0,0,0,0,0,0,89291,0,0,412,3,0,0,0,0,0,0,10249,0,0,0,0,0,0
300,10285,301.261752164528,99954,346,167,29,13,7712,4020,0.11737399203633672,198,99,44196,46955,5229,2764,0,0,0,0,0,0,89203,0,0,419,3,0,0,0,0,0,0,10329,0,0,0,0,0,0
301,10285,302.3632667073793,99954,343,163,29,13,7765,4041,0.11811433259299278,192,112,44164,46940,5270,2770,0,0,0,0,0,0,89128,0,0,425,3,0,0,0,0,0,0,10398,0,0,0,0,0,0
302,10285,303.09811674283605,99954,345,168,29,13,7798,4058,0.11861456269884146,193,102,44142,46943,5289,2772,0,0,0,0,0,0,89090,0,0,428,4,0,0,0,0,0,0,10432,0,0,0,0,0,0
303,10285,304.2009677492982,99954,337,168,29,13,7844,4083,0.11932488944914661,205,98,44108,46935,5319,2784,0,0,0,0,0,0,89016,0,0,433,4,0,0,0,0,0,0,10501,0,0,0,0,0,0
304,10285,305.3046717446264,99954,323,167,29,13,7898,4113,0.12016527602697241,203,92,44086,46924,5357,2802,0,0,0,0,0,0,88925,0,0,441,4,0,0,0,0,0,0,10584,0,0,0,0,0,0
305,10285,306.0409058760496,99954,332,163,29,13,7929,4126,0.12060547852011926,207,100,44066,46911,5364,2811,0,0,0,0,0,0,88888,0,0,443,4,0,0,0,0,0,0,10619,0,0,0,0,0,0
306,10285,307.14574690953486,99954,319,163,29,13,7975,4151,0.12131580527042439,218,93,44038,46905,5394,2824,0,0,0,0,0,0,88812,0,0,451,4,0,0,0,0,0,0,10687,0,0,0,0,0,0
307,10285,308.251303286257,99954,330,155,29,13,8031,4165,0.12201612741861256,220,105,44006,46896,5413,2829,0,0,0,0,0,0,88749,0,0,455,4,0,0,0,0,0,0,10746,0,0,0,0,0,0
308,10285,309.3574717635104,99954,350,165,29,13,8092,4196,0.12293655081337415,213,94,43988,46885,5418,2841,0,0,0,0,0,0,88688,0,0,456,4,0,0,0,0,0,0,10806,0,0,0,0,0,0
309,10285,310.09515140364533,99954,361,163,29,13,8132,4214,0.12351681773615864,201,103,43976,46867,5431,2852,0,0,0,0,0,0,88640,0,0,457,4,0,0,0,0,0,0,10853,0,0,0,0,0,0
310,10285,311.2020038222697,99952,350,166,30,14,8181,4242,0.12428965903633744,210,102,43932,46857,5476,2859,0,0,0,0,0,0,88562,0,0,462,5,0,0,0,0,0,0,10923,0,0,0,0,0,0
311,10285,312.3099126206565,99952,337,178,30,14,8228,4275,0.12509004322074596,235,100,43880,46835,5516,2871,0,0,0,0,0,0,88490,0,0,471,5,0,0,0,0,0,0,10986,0,0,0,0,0,0
312,10285,313.0491192425891,99952,338,179,30,14,8275,4304,0.12585040819593404,244,94,43840,46818,5546,2893,0,0,0,0,0,0,88421,0,0,476,5,0,0,0,0,0,0,11050,0,0,0,0,0,0
313,10285,314.1589553200393,99951,352,174,31,14,8342,4327,0.12675210853318125,221,100,43828,46797,5566,2913,0,0,0,0,0,0,88346,0,0,480,6,0,0,0,0,0,0,11119,0,0,0,0,0,0
314,10285,315.26940972977116,99951,359,177,31,14,8409,4354,0.1276925693589859,210,108,43796,46775,5602,2924,0,0,0,0,0,0,88270,0,0,486,7,0,0,0,0,0,0,11188,0,0,0,0,0,0
315,10285,316.01005676002245,99951,364,180,31,14,8453,4373,0.12832287821032307,197,111,43775,46763,5631,2930,0,0,0,0,0,0,88218,0,0,489,7,0,0,0,0,0,0,11237,0,0,0,0,0,0
316,10285,317.1217727708139,99950,371,192,32,14,8515,4405,0.1292646323161581,196,108,43728,46746,5671,2938,0,0,0,0,0,0,88151,0,0,497,7,0,0,0,0,0,0,11295,0,0,0,0,0,0
317,10285,318.234575696391,99950,361,184,32,14,8571,4435,0.13012506253126563,205,108,43689,46728,5711,2964,0,0,0,0,0,0,88055,0,0,503,8,0,0,0,0,0,0,11384,0,0,0,0,0,0
318,10285,319.3483583460766,99950,356,180,32,14,8626,4463,0.13095547773886942,203,112,43669,46712,5738,2980,0,0,0,0,0,0,87970,0,0,510,8,0,0,0,0,0,0,11462,0,0,0,0,0,0
319,10285,320.091241893136,99950,357,183,32,14,8664,4489,0.13159579789894948,210,113,43635,46691,5763,2996,1,1,1,1,0,0,87912,0,0,514,8,0,0,0,0,0,2,11514,0,0,0,0,0,0
320,10285,321.0293719549761,99950,359,171,32,14,8714,4513,0.13233616808404203,208,116,43615,46677,5783,3019,1,1,2,2,0,0,87833,0,0,521,8,0,0,0,0,0,4,11584,0,0,0,0,0,0
321,10285,322.11277242092996,99950,356,190,32,14,8766,4547,0.13319659829914957,201,110,43586,46663,5821,3019,2,2,3,3,0,0,87765,0,0,523,9,0,0,0,0,0,6,11647,0,0,0,0,0,0
322,10285,323.09408942975335,99950,377,187,32,14,8824,4565,0.13395697848924462,196,117,43549,46649,5841,3028,3,3,4,4,0,0,87706,0,0,522,10,0,0,0,0,0,8,11704,0,0,0,0,0,0
323,10285,324.0420576691676,99950,368,199,32,14,8863,4594,0.13463731865932965,210,112,43510,46631,5873,3037,5,5,6,6,0,0,87644,0,0,529,10,0,0,0,0,0,12,11755,0,0,0,0,0,0
324,10285,325.2004978581503,99950,371,196,32,14,8916,4620,0.13542771385692848,192,116,43495,46611,5901,3054,7,7,8,8,0,0,87567,0,0,534,10,0,0,0,0,0,15,11823,1,0,0,0,0,0
325,10285,326.02925748803,99950,367,197,32,14,8959,4643,0.136088044022011,196,114,43463,46596,5931,3067,9,10,11,10,0,0,87503,0,0,543,10,0,0,0,0,0,19,11873,2,0,0,0,0,0
326,10285,327.00558914310153,99949,355,199,32,15,9012,4672,0.13690982401024523,198,105,43427,46582,5974,3084,12,13,14,13,0,0,87414,0,0,551,10,0,0,0,0,0,24,11947,3,0,0,0,0,0
327,10285,328.0098288546491,99947,358,193,33,16,9063,4688,0.13758291894704194,193,123,43403,46552,5996,3097,15,17,18,16,0,0,87345,0,0,557,10,0,0,0,0,0,29,12001,5,0,0,0,0,0
328,10285,329.0186018844235,99946,348,213,34,16,9107,4723,0.13837472235006903,194,111,43365,46539,6038,3097,19,22,23,20,0,0,87274,0,0,562,10,0,0,0,0,0,36,12057,7,0,0,0,0,0
329,10285,330.02222184637435,99946,356,214,34,16,9164,4751,0.13922518159806296,209,111,43316,46515,6060,3114,23,28,29,24,0,0,87195,0,0,568,10,0,0,0,0,0,45,12120,8,0,0,0,0,0
330,10285,331.2119564835583,99945,342,227,35,16,9234,4792,0.1403371854519986,214,111,43275,46484,6105,3125,27,35,36,29,0,0,87084,0,0,578,10,0,0,0,0,0,54,12208,11,0,0,0,0,0
331,10285,332.33615776089266,99944,359,217,36,16,9296,4819,0.14122908828944208,210,119,43248,46453,6112,3150,33,43,44,35,0,0,86994,0,0,584,10,0,0,0,0,0,68,12277,11,0,0,0,0,0
332,10285,333.08591601345785,99944,365,217,36,16,9337,4840,0.14184943568398303,209,123,43227,46426,6122,3164,39,52,53,41,0,0,86933,0,0,590,10,0,0,0,0,0,79,12317,15,0,0,0,0,0
333,10285,334.21122061409704,99944,367,230,36,16,9391,4886,0.14284999599775874,214,112,43195,46394,6140,3184,46,62,63,48,0,0,86836,0,0,594,10,0,0,0,0,0,95,12393,16,0,0,0,0,0
334,10285,335.33731161503573,99944,382,219,36,16,9460,4919,0.14387056751780997,194,113,43166,46361,6166,3216,54,73,74,56,0,0,86727,0,0,599,10,0,0,0,0,0,111,12478,19,0,0,0,0,0
335,10285,336.08853516102226,99944,367,215,36,16,9492,4942,0.1444208756903866,207,106,43140,46342,6186,3234,62,85,86,64,0,0,86644,0,0,606,10,0,0,0,0,0,127,12534,23,0,0,0,0,0
336,10285,337.2163041000968,99944,364,202,36,16,9552,4969,0.1452913631633715,200,107,43098,46310,6229,3264,71,99,100,73,0,0,86527,0,0,613,10,0,0,0,0,0,148,12621,25,0,0,0,0,0
337,10285,338.3451782810366,99944,361,192,36,16,9609,4994,0.14611182262066758,219,110,43054,46286,6247,3283,81,111,115,83,0,0,86414,0,0,619,10,0,0,0,0,0,172,12703,26,0,0,0,0,0
338,10285,339.0983912267007,99944,369,181,36,16,9655,5011,0.14674217561834627,204,116,43028,46257,6269,3300,92,128,132,94,0,0,86332,0,0,627,10,0,0,0,0,0,196,12749,30,0,0,0,0,0
339,10285,340.2291057346828,99943,366,183,37,16,9708,5040,0.14756411154357985,201,105,42998,46235,6292,3313,104,146,150,106,0,0,86236,0,0,637,11,0,0,0,0,0,221,12803,35,0,0,0,0,0
340,10285,341.3607804422164,99942,355,191,38,16,9756,5072,0.14836605231034,205,105,42954,46203,6330,3317,116,166,170,118,0,0,86137,0,0,647,11,0,0,0,0,0,247,12859,41,0,0,0,0,0
341,10285,342.1158870145313,99942,358,194,38,16,9800,5091,0.14899641792239499,191,101,42927,46178,6355,3322,129,187,191,131,0,0,86059,0,0,654,11,0,0,0,0,0,275,12896,47,0,0,0,0,0
342,10285,343.2494377883088,99942,364,187,38,16,9859,5118,0.14985691701186687,178,97,42896,46156,6380,3332,142,210,214,145,0,0,85948,0,0,660,11,0,0,0,0,0,305,12964,54,0,0,0,0,0
343,10285,344.0056824481468,99942,360,187,38,16,9890,5136,0.15034720137679855,173,101,42875,46118,6395,3342,157,234,239,160,0,0,85866,0,0,665,11,0,0,0,0,0,339,13001,60,0,0,0,0,0
344,10285,345.1409461460922,99942,350,184,38,16,9936,5163,0.15107762502251307,184,105,42830,46077,6423,3356,173,260,266,176,0,0,85751,0,0,673,11,0,0,0,0,0,376,13065,66,0,0,0,0,0
345,10285,346.2772778684872,99942,340,180,38,16,9987,5194,0.15189810089852115,191,103,42787,46042,6452,3371,190,286,295,193,0,0,85623,0,0,678,11,0,0,0,0,0,413,13142,75,0,0,0,0,0
346,10285,347.03557738736504,99942,336,188,38,16,10023,5223,0.15254847811730804,199,95,42739,46008,6478,3376,208,315,326,211,0,0,85531,0,0,685,13,0,0,0,0,0,454,13177,82,0,0,0,0,0
347,10285,348.1743267863079,99942,356,189,38,16,10081,5257,0.15346901202697566,192,90,42698,45957,6489,3399,225,347,359,230,0,0,85414,0,0,689,13,0,0,0,0,0,504,13238,84,0,0,0,0,0
348,10285,349.31406995132284,99941,346,178,38,17,10131,5280,0.15420097857736065,211,90,42647,45912,6512,3419,244,382,394,250,0,0,85284,0,0,698,13,0,0,0,0,0,550,13303,93,0,0,0,0,0
349,10285,350.0746221189381,99941,345,176,38,17,10169,5296,0.15474129736544562,208,89,42611,45870,6531,3428,265,418,431,271,0,0,85181,0,0,703,13,0,0,0,0,0,601,13343,100,0,0,0,0,0
350,10285,351.216776879757,99941,344,184,38,17,10214,5328,0.15551175193364083,229,91,42550,45816,6551,3434,286,456,470,293,0,0,85069,0,0,710,14,0,0,0,0,0,652,13386,110,0,0,0,0,0
351,10285,352.3602454028323,99941,345,176,38,17,10275,5351,0.15635224782621746,234,99,42493,45766,6584,3445,304,495,511,316,0,0,84931,0,0,712,16,0,0,0,0,0,703,13458,121,0,0,0,0,0
352,10285,353.12334040514514,99941,351,175,38,17,10311,5369,0.15689256661430243,230,97,42458,45725,6594,3447,327,537,554,340,0,0,84829,0,0,717,17,0,0,0,0,0,763,13487,128,0,0,0,0,0
353,10285,354.26921255506517,99941,359,181,38,17,10372,5403,0.15784312744519266,222,88,42411,45676,6616,3455,352,581,599,365,0,0,84698,0,0,724,18,0,0,0,0,0,821,13541,139,0,0,0,0,0
354,10285,355.0338788165766,99940,354,185,39,17,10404,5429,0.15842505503301982,224,74,42368,45624,6635,3469,378,629,647,391,0,0,84583,0,0,730,19,0,0,0,0,0,884,13575,149,0,0,0,0,0
355,10285,356.1822204466045,99940,359,174,39,17,10468,5449,0.15926555933560135,214,82,42322,45568,6661,3484,403,673,697,418,0,0,84434,0,0,736,20,0,0,0,0,0,950,13641,159,0,0,0,0,0
356,10285,357.33184382983313,99940,348,174,39,17,10522,5469,0.1600060036021613,217,97,42285,45508,6681,3484,428,718,750,446,0,0,84289,0,0,745,21,0,0,0,0,0,1021,13695,169,0,0,0,0,0
357,10285,358.0988561373133,99940,347,178,39,17,10558,5492,0.1605963578146888,216,91,42245,45448,6696,3493,455,771,805,475,0,0,84166,0,0,747,23,0,0,0,0,0,1092,13732,180,0,0,0,0,0
358,10285,359.25072120969975,99940,359,182,39,17,10622,5523,0.16154692815689414,196,100,42197,45385,6723,3492,484,822,862,505,0,0,84026,0,0,756,24,0,0,0,0,0,1163,13776,195,0,0,0,0,0
359,10285,360.0193392501274,99940,358,187,39,17,10662,5540,0.16211727036221732,188,105,42157,45320,6742,3489,514,880,922,536,0,0,83908,0,0,765,25,0,0,0,0,0,1238,13794,210,0,0,0,0,0
360,10285,361.1737055618993,99939,352,207,40,17,10713,5584,0.16306947237815067,201,101,42099,45233,6765,3499,541,941,985,568,0,0,83751,0,0,772,25,0,0,0,0,0,1321,13848,222,0,0,0,0,0
361,10285,362.3294421298828,99939,341,214,40,17,10765,5616,0.16390998509090546,206,102,42042,45162,6795,3502,574,1001,1050,602,0,0,83591,0,0,776,28,0,0,0,0,0,1402,13903,239,0,0,0,0,0
362,10285,363.1007789729283,99939,350,204,40,17,10804,5635,0.16449033910685518,202,106,41998,45085,6801,3518,607,1068,1118,637,0,0,83452,0,0,781,30,0,0,0,0,0,1490,13933,253,0,0,0,0,0
363,10285,364.2592781447254,99939,349,193,40,17,10855,5660,0.16525080298982378,217,106,41929,45004,6820,3542,643,1136,1188,673,0,0,83275,0,0,785,31,0,0,0,0,0,1585,13999,264,0,0,0,0,0
364,10285,365.0325630289705,99938,356,198,41,17,10898,5683,0.1659128659769057,220,101,41869,44935,6832,3545,680,1202,1261,710,0,0,83131,0,0,791,31,0,0,0,0,0,1681,14026,278,0,0,0,0,0
365,10285,366.19429427431015,99938,369,191,41,17,10964,5708,0.1668234305269267,206,107,41815,44850,6851,3558,716,1275,1337,748,0,0,82951,0,0,794,32,0,0,0,0,0,1781,14088,292,0,0,0,0,0
366,10285,367.35764083387664,99938,374,190,41,17,11026,5740,0.16776401368848687,198,102,41762,44768,6870,3570,753,1351,1416,787,0,0,82775,0,0,799,33,0,0,0,0,0,1873,14141,317,0,0,0,0,0
367,10285,368.13414974560936,99938,382,190,41,17,11073,5757,0.16840441073465548,192,103,41710,44688,6882,3572,791,1428,1497,828,0,0,82617,0,0,802,35,0,0,0,0,0,1981,14173,330,0,0,0,0,0
368,10285,369.3004840710559,99938,380,189,41,17,11137,5788,0.16935500010006205,183,108,41651,44588,6913,3587,830,1509,1581,870,0,0,82423,0,0,813,36,0,0,0,0,0,2089,14230,347,0,0,0,0,0
369,10285,370.0789649719928,99937,376,203,42,17,11173,5814,0.16997708556390526,174,102,41606,44494,6927,3589,873,1593,1668,913,0,0,82266,0,0,821,38,0,0,0,0,0,2204,14248,360,0,0,0,0,0
370,10285,371.248240838188,99937,377,198,42,17,11231,5843,0.17084763400942593,180,113,41538,44387,6945,3603,916,1680,1758,957,0,0,82071,0,0,828,39,0,0,0,0,0,2317,14301,381,0,0,0,0,0
371,10285,372.0287199091423,99937,369,207,42,17,11275,5862,0.17147803115963056,182,118,41472,44288,6973,3596,960,1772,1850,1002,0,0,81895,0,0,834,41,0,0,0,0,0,2440,14333,394,0,0,0,0,0
372,10285,373.20158122102765,99937,379,209,42,17,11331,5894,0.17235858590912276,191,118,41408,44181,6974,3610,1004,1863,1945,1049,0,0,81695,0,0,838,41,0,0,0,0,0,2568,14387,408,0,0,0,0,0
373,10285,374.37619641685967,99937,389,203,42,17,11391,5927,0.17328917217847245,193,124,41331,44074,6996,3627,1047,1953,2043,1097,0,0,81489,0,0,848,42,0,0,0,0,0,2696,14437,425,0,0,0,0,0
374,10285,375.16035127004454,99937,383,203,42,17,11431,5952,0.17393958193662007,196,122,41278,43969,7008,3639,1091,2048,2144,1146,0,0,81293,0,0,852,44,0,0,0,0,0,2827,14479,442,0,0,0,0,0
375,10285,376.33852609608306,99937,379,210,42,17,11494,5988,0.17493020602979878,192,114,41213,43868,7036,3643,1136,2146,2248,1196,0,0,81079,0,0,858,47,0,0,0,0,0,2954,14533,466,0,0,0,0,0
376,10285,377.1250743142044,99937,367,198,42,17,11534,6004,0.1754905590522029,189,117,41157,43771,7058,3651,1185,2244,2355,1248,0,0,80870,0,0,863,51,0,0,0,0,0,3092,14578,483,0,0,0,0,0
377,10285,378.30713960751484,99937,363,177,42,17,11595,6027,0.17633108858580906,199,124,41083,43673,7079,3661,1232,2346,2465,1301,0,0,80649,0,0,873,53,0,0,0,0,0,3216,14626,520,0,0,0,0,0
378,10285,379.0963749910014,99937,350,183,42,17,11631,6050,0.1769214605201277,193,122,41033,43567,7101,3656,1279,2453,2578,1355,0,0,80464,0,0,885,54,0,0,0,0,0,3348,14632,554,0,0,0,0,0
379,10285,380.2822468599399,99937,351,185,42,17,11680,6079,0.17770195222990484,202,122,40953,43457,7121,3659,1329,2558,2693,1410,0,0,80249,0,0,890,55,0,0,0,0,0,3495,14671,577,0,0,0,0,0
380,10285,381.07400072102087,99937,348,193,42,17,11719,6107,0.17837237459599548,205,117,40895,43342,7129,3661,1379,2668,2811,1467,0,0,80047,0,0,897,58,0,0,0,0,0,3646,14690,599,0,0,0,0,0
381,10285,382.2637031549207,99937,366,193,42,17,11780,6144,0.17935299238520266,191,103,40837,43225,7131,3680,1431,2780,2932,1525,0,0,79820,0,0,903,61,0,0,0,0,0,3802,14732,619,0,0,0,0,0
382,10285,383.05771440667627,99937,350,202,42,17,11811,6169,0.17991334540760678,198,103,40765,43105,7159,3676,1484,2895,3056,1584,0,0,79596,0,0,906,61,0,0,0,0,0,3966,14770,638,0,0,0,0,0
383,10285,384.25113100735757,99937,360,188,42,17,11878,6192,0.18081391276504197,191,107,40698,42979,7172,3691,1535,3016,3183,1644,0,0,79350,0,0,911,64,0,0,0,0,0,4127,14823,662,0,0,0,0,0
384,10285,385.0478811164735,99936,358,187,43,17,11916,6211,0.18138608709574128,194,110,40636,42855,7175,3690,1592,3139,3313,1705,0,0,79146,0,0,917,66,0,0,0,0,0,4280,14828,699,0,0,0,0,0
385,10285,386.2453089153571,99936,363,197,43,17,11980,6255,0.18246677873839257,184,111,40562,42731,7199,3686,1647,3256,3446,1768,0,0,78903,0,0,927,69,0,0,0,0,0,4443,14865,729,0,0,0,0,0
386,10285,387.04473687283127,99935,358,192,43,18,12018,6270,0.1829989493170561,182,114,40503,42617,7208,3681,1704,3376,3581,1832,0,0,78683,0,0,933,71,0,0,0,0,0,4608,14879,761,0,0,0,0,0
387,10285,388.2460122668706,99935,365,187,43,18,12080,6296,0.1838795216890979,160,114,40439,42500,7231,3685,1760,3494,3719,1897,0,0,78438,0,0,942,73,0,0,0,0,0,4779,14911,792,0,0,0,0,0
388,10285,389.0479752045023,99935,376,179,43,18,12117,6318,0.18446990543853506,159,106,40367,42373,7233,3695,1820,3627,3860,1963,0,0,78205,0,0,948,74,0,0,0,0,0,4963,14931,814,0,0,0,0,0
389,10285,390.25342972375375,99935,391,182,43,18,12180,6356,0.1854805623655376,149,96,40301,42247,7237,3698,1877,3757,4004,2031,0,0,77964,0,0,946,79,0,0,0,0,0,5126,14960,860,0,0,0,0,0
390,10285,391.0581740143578,99935,383,178,43,18,12209,6373,0.18594086156001402,155,100,40238,42113,7240,3697,1939,3892,4151,2100,0,0,77741,0,0,953,82,0,0,0,0,0,5301,14960,898,0,0,0,0,0
391,10285,392.26749072896183,99935,378,182,43,18,12271,6403,0.18686145994896683,140,102,40180,41983,7257,3688,2000,4025,4300,2170,0,0,77482,0,0,957,87,0,0,0,0,0,5478,14994,937,0,0,0,0,0
392,10285,393.07476341530486,99934,349,167,44,18,12292,6415,0.1871935477415094,160,102,40111,41857,7270,3694,2064,4160,4452,2241,0,0,77244,0,0,965,91,0,0,0,0,0,5652,15000,982,0,0,0,0,0
393,10285,394.2883141805606,99934,324,166,44,18,12329,6444,0.18785398362919528,183,108,40045,41730,7282,3679,2120,4297,4607,2313,0,0,76973,0,0,969,94,0,0,0,0,0,5839,15039,1020,0,0,0,0,0
394,10285,395.0985665512775,99934,319,167,44,18,12367,6464,0.18843436668201013,179,104,39973,41599,7294,3673,2189,4437,4764,2387,0,0,76722,0,0,970,98,0,0,0,0,0,6033,15058,1053,0,0,0,0,0
395,10285,396.3165161293929,99934,314,175,44,18,12433,6492,0.18937498749174456,151,96,39902,41474,7329,3670,2258,4565,4924,2462,0,0,76447,0,0,975,103,0,0,0,0,0,6229,15091,1089,0,0,0,0,0
396,10285,397.12992634115903,99934,307,177,44,18,12462,6508,0.189825284687894,155,98,39845,41334,7325,3651,2322,4720,5086,2538,0,0,76206,0,0,976,107,0,0,0,0,0,6425,15093,1127,0,0,0,0,0
397,10285,398.3523940063165,99934,296,175,44,18,12498,6536,0.19046570736686214,171,94,39775,41184,7321,3658,2391,4869,5251,2615,0,0,75938,0,0,978,112,0,0,0,0,0,6623,15117,1166,0,0,0,0,0
398,10285,399.168483142108,99934,287,174,44,18,12531,6554,0.19097604418916486,173,89,39698,41041,7336,3663,2460,5013,5418,2693,0,0,75663,0,0,981,112,0,0,0,0,0,6840,15144,1194,0,0,0,0,0
399,10285,400.39528761742866,99934,287,170,44,18,12586,6583,0.1918165989553105,168,85,39621,40894,7348,3670,2530,5161,5588,2773,0,0,75371,0,0,989,114,0,0,0,0,0,7054,15178,1228,0,0,0,0,0
400,10285,401.2145667220752,99934,288,164,44,18,12627,6600,0.19239698200812536,164,81,39533,40748,7361,3669,2608,5318,5760,2854,0,0,75101,0,0,993,114,1,0,0,0,0,7266,15192,1267,0,0,0,0,0
401,10285,402.03578482497676,99934,279,168,44,18,12657,6622,0.19291732543478696,176,69,39456,40604,7360,3657,2683,5482,5935,2936,0,0,74830,0,0,995,117,1,0,0,0,0,7485,15204,1302,0,0,0,0,0
402,10285,403.2705126064035,99934,291,165,44,18,12728,6640,0.193807913222727,153,84,39380,40460,7375,3644,2755,5627,6112,3019,0,0,74544,0,0,998,123,1,0,0,0,0,7700,15227,1341,0,0,0,0,0
403,10285,404.09506248772385,99934,300,169,44,18,12765,6663,0.1944083094842596,146,79,39313,40294,7364,3646,2831,5792,6291,3103,0,0,74282,0,0,998,125,1,0,0,0,0,7917,15226,1385,0,0,0,0,0
404,10285,405.33428737496763,99934,285,173,44,18,12802,6691,0.19505873876758661,162,75,39236,40144,7376,3636,2895,5952,6473,3188,0,0,73993,0,0,1006,126,1,0,0,0,0,8140,15239,1429,0,0,0,0,0
405,10285,406.1617522265819,99934,290,167,44,18,12841,6709,0.1956291152160426,149,67,39168,39991,7375,3638,2972,6117,6657,3275,0,0,73711,0,0,1011,127,2,0,0,0,0,8372,15245,1466,0,0,0,0,0
406,10285,407.40569445986085,99933,288,163,45,18,12887,6738,0.1963815756556893,151,70,39091,39844,7378,3631,3045,6272,6843,3363,0,0,73414,0,0,1018,130,2,0,0,0,0,8598,15260,1511,0,0,0,0,0
407,10285,408.236368697069,99932,291,158,46,18,12924,6755,0.1969239082576152,147,60,39017,39687,7375,3629,3122,6446,7031,3452,0,0,73137,0,0,1023,133,2,0,0,0,0,8827,15254,1556,0,0,0,0,0
408,10285,409.06864086909076,99930,281,146,48,18,12950,6763,0.19726808766136295,149,66,38942,39535,7372,3612,3206,6621,7221,3542,0,0,72866,0,0,1032,135,2,0,0,0,0,9053,15234,1608,0,0,0,0,0
409,10285,410.3199635263975,99930,292,141,48,18,13007,6783,0.19803862703892725,141,67,38885,39379,7360,3608,3272,6785,7413,3633,0,0,72562,0,0,1032,143,2,0,0,0,0,9294,15255,1642,0,0,0,0,0
410,10285,411.1552676369834,99930,288,132,48,18,13035,6796,0.19844891423996797,145,67,38817,39224,7349,3603,3351,6954,7607,3725,0,0,72284,0,0,1032,148,2,0,0,0,0,9524,15246,1694,0,0,0,0,0
411,10285,412.41074559548844,99930,281,134,48,18,13070,6821,0.19904933453417392,155,63,38766,39082,7326,3597,3422,7104,7803,3818,0,0,71996,0,0,1034,154,3,0,0,0,0,9758,15242,1743,0,0,0,0,0
412,10285,413.2486703705201,99930,278,136,48,18,13102,6836,0.19951966376463526,153,61,38682,38920,7335,3583,3502,7280,8001,3912,0,0,71717,0,0,1037,160,3,0,0,0,0,9999,15225,1789,0,0,0,0,0
413,10285,414.08829001197114,99930,262,126,48,18,13127,6844,0.1998498949264485,156,64,38614,38756,7329,3575,3589,7459,8201,4007,0,0,71423,0,0,1038,167,3,0,0,0,0,10242,15223,1834,0,0,0,0,0
414,10285,415.3507016917898,99930,256,124,48,18,13168,6867,0.20049034324026818,152,54,38549,38615,7328,3567,3665,7620,8403,4103,0,0,71116,0,0,1044,172,3,0,0,0,0,10489,15225,1881,0,0,0,0,0
415,10285,416.19355726027896,99930,251,125,48,18,13199,6880,0.2009306514560192,143,52,38479,38448,7327,3547,3750,7808,8606,4200,0,0,70816,0,0,1046,173,3,0,0,0,0,10744,15223,1925,0,0,0,0,0
416,10285,417.0381147249923,99930,253,113,48,18,13230,6888,0.20132092464725307,145,57,38389,38283,7326,3536,3837,7991,8811,4298,0,0,70531,0,0,1050,176,4,0,0,0,0,10989,15201,1979,0,0,0,0,0
417,10285,418.30806875571733,99929,247,111,48,19,13278,6911,0.202033443745059,129,55,38330,38127,7321,3525,3923,8161,9018,4397,0,0,70209,0,0,1055,179,4,0,0,0,0,11240,15211,2031,0,0,0,0,0
418,10285,419.1561212942327,99929,248,108,48,19,13311,6922,0.20247375636702059,115,61,38258,37957,7324,3514,4005,8339,9226,4497,0,0,69911,0,0,1059,180,5,0,0,0,0,11498,15198,2078,0,0,0,0,0
419,10285,420.00579012264416,99929,248,114,48,19,13337,6938,0.20289405477889302,143,89,38166,37757,7299,3503,4094,8516,9436,4598,0,0,69632,13,2,1061,185,5,0,0,0,0,11748,15151,2132,0,0,0,0,0
420,10285,421.1669410907788,99928,263,120,49,19,13394,6958,0.20366663998078616,147,95,38092,37575,7280,3493,4167,8696,9647,4700,0,0,69317,61,6,1060,189,5,0,0,0,0,12010,15105,2175,0,0,0,0,0
421,10285,422.3299793101813,99927,264,119,50,19,13440,6981,0.2043591822030082,162,109,38001,37398,7267,3485,4254,8868,9859,4803,0,0,68998,119,9,1063,193,5,0,0,0,0,12267,15047,2226,0,0,0,0,0
422,10285,423.10666206379193,99927,268,116,50,19,13469,6996,0.20479950363765548,179,111,37915,37220,7246,3472,4340,9060,10073,4907,0,0,68710,154,14,1064,195,5,0,0,0,0,12515,14981,2289,0,0,0,0,0
423,10285,424.27469478999996,99926,277,135,51,19,13524,7030,0.20569221223705542,189,107,37820,37053,7242,3454,4419,9230,10288,5012,0,0,68396,201,19,1067,199,5,0,0,0,0,12776,14923,2340,0,0,0,0,0
424,10285,425.0547711826194,99926,284,138,51,19,13554,7052,0.2062125973220183,197,106,37721,36885,7232,3436,4513,9414,10504,5118,0,0,68098,235,24,1063,206,5,0,0,0,0,13035,14869,2391,0,0,0,0,0
425,10285,426.22815919324364,99926,296,158,51,19,13604,7090,0.20709324900426315,207,95,37629,36705,7215,3421,4600,9600,10721,5225,0,0,67775,280,30,1064,209,6,0,0,0,0,13307,14823,2432,0,0,0,0,0
426,10285,427.01188671300287,99926,307,165,51,19,13645,7113,0.20773372295498668,216,99,37523,36518,7211,3402,4690,9795,10939,5332,0,0,67478,312,40,1068,209,6,0,0,0,0,13562,14759,2492,0,0,0,0,0
427,10285,428.190836088445,99926,320,180,51,19,13717,7150,0.2088245301523127,226,94,37412,36333,7215,3393,4774,9979,11158,5440,0,0,67138,373,47,1070,219,6,0,0,0,0,13834,14708,2531,0,0,0,0,0
428,10285,429.37297587464406,99926,333,179,51,19,13791,7187,0.20993535216059883,238,96,37303,36138,7215,3412,4858,10154,11378,5549,0,0,66790,443,56,1084,225,6,0,0,0,0,14103,14643,2576,0,0,0,0,0
429,10285,430.16279625391496,99926,329,177,51,19,13833,7201,0.21049576686748195,256,106,37186,35960,7222,3399,4954,10337,11599,5659,0,0,66476,487,61,1091,229,6,0,0,0,0,14368,14573,2635,0,0,0,0,0
430,10285,431.3515428249763,99926,357,184,51,19,13913,7243,0.21171667033604868,257,107,37059,35778,7233,3408,5041,10502,11821,5770,0,0,66127,554,69,1094,235,7,0,0,0,0,14642,14518,2680,0,0,0,0,0
431,10285,432.14604307304984,99926,361,184,51,19,13960,7258,0.2123371294758121,279,128,36967,35589,7212,3386,5128,10692,12044,5882,0,0,65817,599,75,1096,239,7,0,0,0,0,14901,14445,2747,0,0,0,0,0
432,10285,433.34111156176897,99926,381,194,51,19,14041,7292,0.21348798110601847,286,143,36836,35383,7223,3382,5221,10877,12268,5994,0,0,65465,664,85,1102,242,8,0,0,0,0,15178,14391,2791,0,0,0,0,0
433,10285,434.1397469642738,99925,385,211,52,19,14098,7324,0.21438078558919188,292,144,36740,35192,7224,3367,5305,11065,12492,6107,0,0,65140,709,95,1108,248,8,0,0,0,0,15447,14327,2843,0,0,0,0,0
434,10285,435.34126552381684,99925,422,207,52,19,14196,7360,0.21572179134350764,296,160,36618,35012,7222,3364,5388,11236,12717,6221,0,0,64795,779,108,1117,255,8,0,0,0,0,15707,14254,2902,0,0,0,0,0
435,10285,436.1441573878177,99925,440,216,52,19,14258,7394,0.21668251188391294,314,160,36493,34830,7220,3357,5479,11416,12943,6336,0,0,64452,831,112,1120,264,8,0,0,0,0,15994,14200,2944,0,0,0,0,0
436,10285,437.35263779981295,99925,455,210,52,19,14343,7430,0.21789342006504878,327,187,36365,34649,7236,3362,5563,11571,13169,6451,0,0,64091,915,126,1127,270,8,0,0,0,0,16256,14129,3003,0,0,0,0,0
437,10285,438.16043463991645,99925,474,233,52,19,14415,7474,0.21905429071803853,323,183,36246,34454,7243,3346,5660,11763,13395,6567,0,0,63756,959,141,1133,278,8,0,0,0,0,16531,14072,3047,0,0,0,0,0
438,10285,439.37631347387253,99925,472,238,52,19,14505,7526,0.22047535651738803,329,177,36118,34267,7279,3365,5748,11932,13622,6684,0,0,63364,1055,159,1149,286,8,0,0,0,0,16809,14007,3088,0,0,0,0,0
439,10285,440.1892848777692,99924,483,244,53,19,14562,7558,0.22136823986229534,352,187,35996,34073,7269,3364,5845,12111,13849,6801,0,0,63038,1101,168,1155,296,8,0,0,0,0,17079,13936,3143,0,0,0,0,0
440,10285,441.00465813248616,99923,502,254,54,19,14644,7594,0.22255136455070404,331,186,35886,33874,7283,3358,5942,12307,14076,6919,0,0,62688,1162,186,1155,304,8,0,0,0,0,17350,13878,3192,0,0,0,0,0
441,10285,442.23218646680033,99923,498,256,54,19,14734,7648,0.22399247420513796,344,200,35755,33688,7319,3378,6028,12457,14304,7038,0,0,62300,1264,205,1172,312,8,0,0,0,0,17617,13800,3245,0,0,0,0,0
442,10285,443.052922343065,99922,523,265,55,19,14812,7683,0.2251255979664138,346,194,35639,33510,7321,3365,6114,12645,14532,7157,0,0,61969,1316,220,1178,316,8,0,0,0,0,17879,13725,3311,0,0,0,0,0
443,10285,444.2882601876241,99922,550,275,55,19,14931,7741,0.22689697964412242,363,195,35482,33326,7355,3375,6193,12808,14760,7277,0,0,61584,1408,241,1193,325,9,0,0,0,0,18151,13654,3357,0,0,0,0,0
444,10285,445.1144273256403,99921,552,280,56,19,14994,7787,0.22799011218862902,384,191,35352,33114,7370,3396,6284,12998,14988,7397,0,0,61214,1481,259,1199,329,9,0,0,0,0,18429,13596,3405,0,0,0,0,0
445,10285,446.3587830085698,99920,556,291,57,19,15101,7846,0.2296537229783827,410,205,35199,32922,7417,3407,6359,13154,15216,7518,0,0,60822,1582,279,1213,339,10,0,0,0,0,18697,13522,3456,0,0,0,0,0
446,10285,447.1911707946031,99920,584,313,57,19,15188,7901,0.23107485988791032,399,205,35078,32712,7422,3415,6458,13334,15444,7639,0,0,60464,1637,299,1220,345,10,0,0,0,0,18978,13467,3500,0,0,0,0,0
447,10285,448.0261952648212,99920,610,316,57,19,15270,7946,0.2323458767013611,423,203,34937,32512,7424,3432,6547,13516,15672,7761,0,0,60106,1697,327,1226,349,10,0,0,0,0,19248,13409,3548,0,0,0,0,0
448,10285,449.2835823155803,99920,622,324,57,19,15412,8017,0.23447758206565253,418,214,34784,32306,7487,3458,6630,13677,15900,7884,0,0,59685,1833,350,1246,361,10,0,0,0,0,19510,13321,3604,0,0,0,0,0
449,10285,450.1247457208788,99920,639,312,57,19,15507,8064,0.23589871897518014,412,223,34661,32120,7503,3482,6726,13842,16128,8007,0,0,59317,1922,374,1261,368,11,0,0,0,0,19764,13235,3668,0,0,0,0,0
450,10285,451.3920307831989,99919,657,336,58,19,15646,8148,0.23813288763898757,437,219,34502,31923,7541,3510,6803,13991,16355,8130,0,0,58906,2031,412,1281,376,12,0,0,0,0,20026,13164,3711,0,0,0,0,0
451,10285,452.2395330144331,99919,678,333,58,19,15735,8192,0.23946396581230797,465,231,34335,31731,7562,3519,6900,14165,16582,8254,0,0,58548,2097,439,1296,380,12,0,0,0,0,20289,13089,3769,0,0,0,0,0
452,10285,453.09056252545724,99918,684,329,59,19,15830,8242,0.24091755239296223,473,235,34201,31544,7599,3541,6982,14330,16809,8378,0,0,58163,2195,463,1304,386,14,0,0,0,0,20549,13016,3828,0,0,0,0,0
453,10285,454.3730364190124,99918,725,334,59,19,15977,8307,0.2430392922196201,491,231,34049,31359,7631,3565,7043,14490,17035,8503,0,0,57775,2293,499,1326,393,14,0,0,0,0,20802,12931,3885,0,0,0,0,0
454,10285,455.23070019087226,99918,750,346,59,19,16087,8355,0.24462058888288396,507,246,33878,31164,7662,3568,7142,14655,17261,8628,0,0,57395,2371,522,1336,401,14,0,0,0,0,21080,12871,3928,0,0,0,0,0
455,10285,456.0920120900721,99918,766,372,59,19,16198,8417,0.24635200864709061,501,256,33727,30980,7709,3555,7236,14816,17487,8754,0,0,57023,2441,559,1350,411,14,0,0,0,0,21345,12807,3968,0,0,0,0,0
456,10285,457.39068397133605,99917,751,384,60,19,16337,8509,0.24866639310627822,549,253,33547,30805,7790,3585,7301,14952,17712,8880,0,0,56587,2592,598,1378,419,15,0,0,0,0,21588,12709,4031,0,0,0,0,0
457,10285,458.26004064336195,99917,797,403,60,19,16471,8573,0.2506480378714333,544,254,33400,30612,7809,3593,7388,15117,17937,9006,0,0,56218,2675,628,1391,425,15,0,0,0,0,21843,12631,4091,0,0,0,0,0
458,10285,459.1328202916707,99917,812,416,60,19,16593,8634,0.2524795580331675,533,259,33249,30405,7861,3605,7483,15294,18161,9133,0,0,55836,2770,667,1401,435,15,0,0,0,0,22090,12557,4146,0,0,0,0,0
459,10285,460.00917767240924,99917,821,421,60,19,16706,8690,0.2541709618983756,559,259,33087,30218,7898,3620,7573,15461,18384,9260,0,0,55466,2856,702,1413,452,16,0,0,0,0,22337,12478,4197,0,0,0,0,0
460,10285,461.33091235265215,99917,861,423,60,19,16872,8779,0.2567230801565299,591,263,32909,29994,7937,3670,7640,15629,18607,9387,0,0,55041,2986,751,1434,459,17,0,0,0,0,22578,12403,4248,0,0,0,0,0
461,10285,462.2154547852374,99917,883,425,60,19,16992,8841,0.2585445920113694,614,280,32757,29797,7957,3689,7727,15788,18829,9515,0,0,54676,3064,800,1452,470,17,0,0,0,0,22815,12321,4302,0,0,0,0,0
462,10285,463.1036684537827,99917,922,436,60,19,17127,8910,0.26058628661789285,614,288,32583,29604,7997,3710,7822,15941,19050,9643,0,0,54295,3149,839,1469,479,17,0,0,0,0,23069,12250,4350,0,0,0,0,0
463,10285,464.4431702862563,99917,933,460,60,19,17316,9015,0.26352872884494133,652,291,32372,29420,8088,3736,7893,16072,19271,9771,0,0,53851,3298,904,1501,488,18,0,0,0,0,23297,12164,4396,0,0,0,0,0
464,10285,465.3406608356701,99915,955,466,62,19,17465,9085,0.2657258669869389,641,301,32217,29233,8142,3758,7981,16221,19491,9899,0,0,53463,3393,959,1527,494,19,0,0,0,0,23529,12080,4451,0,0,0,0,0
465,10285,466.242261117101,99914,984,472,62,20,17605,9159,0.26787036851692453,632,297,32050,29046,8193,3792,8077,16371,19710,10028,0,0,53073,3487,1006,1549,505,19,0,0,0,0,23775,12003,4497,0,0,0,0,0
466,10285,467.1481244138347,99913,998,482,63,20,17753,9232,0.2700849739273168,648,302,31857,28852,8264,3814,8168,16528,19928,10157,0,0,52663,3603,1052,1565,519,19,0,0,0,0,24020,11932,4540,0,0,0,0,0
467,10285,468.05901078540677,99911,1001,507,64,21,17898,9307,0.27229234018276266,664,301,31677,28696,8338,3808,8254,16665,20145,10286,0,0,52262,3697,1102,1586,535,20,0,0,0,0,24270,11868,4571,0,0,0,0,0
468,10285,469.43396516014167,99910,1015,514,65,21,18118,9403,0.2754579121209088,684,316,31479,28537,8447,3852,8308,16758,20361,10415,0,0,51803,3878,1163,1618,548,21,0,0,0,0,24482,11768,4629,0,0,0,0,0
469,10285,470.3550843483672,99910,1011,493,65,21,18252,9464,0.27740966870183165,715,342,31319,28360,8503,3878,8385,16904,20577,10544,0,0,51421,3988,1233,1631,568,22,0,0,0,0,24682,11679,4686,0,0,0,0,0
470,10285,471.2808602686953,99910,1051,511,65,21,18421,9545,0.2799119207286558,709,354,31155,28167,8554,3897,8464,17048,20792,10674,0,0,51027,4099,1275,1653,579,24,0,0,0,0,24920,11596,4737,0,0,0,0,0
471,10285,472.2109525488799,99909,1079,537,66,21,18602,9641,0.2826872453933079,695,365,30967,27970,8644,3932,8547,17173,21006,10804,0,0,50611,4231,1328,1678,588,25,0,0,0,0,25148,11511,4789,0,0,0,0,0
472,10285,473.14622510148035,99909,1090,530,66,21,18762,9696,0.28483920367534454,695,391,30818,27806,8699,3947,8630,17303,21219,10934,0,0,50217,4341,1389,1695,607,25,0,0,0,0,25368,11434,4833,0,0,0,0,0
473,10285,474.0861599712713,99909,1130,536,66,21,18943,9773,0.28742155361378857,699,405,30635,27637,8772,3969,8696,17430,21431,11064,0,0,49826,4444,1451,1716,622,26,0,0,0,0,25589,11355,4880,0,0,0,0,0
474,10285,475.0308431621877,99908,1155,564,67,21,19126,9867,0.2901969812227249,690,415,30482,27454,8840,3994,8764,17550,21642,11194,0,0,49440,4549,1513,1737,642,27,0,0,0,0,25800,11267,4933,0,0,0,0,0
475,10285,476.45610049651043,99907,1169,593,68,21,19370,10014,0.2941135255787883,727,392,30264,27299,8957,4056,8813,17637,21851,11324,0,0,48983,4723,1592,1789,670,28,0,0,0,0,25995,11154,4973,0,0,0,0,0
476,10285,477.4112610688261,99907,1195,599,68,21,19551,10108,0.2968660854594773,725,401,30075,27140,9046,4101,8889,17736,22059,11454,0,0,48591,4828,1662,1822,689,29,0,0,0,0,26201,11067,5018,0,0,0,0,0
477,10285,478.37201126224807,99907,1214,604,68,21,19743,10203,0.29973875704405095,717,415,29894,26973,9145,4136,8960,17849,22266,11584,0,0,48183,4961,1738,1851,702,32,0,0,0,0,26394,10976,5070,0,0,0,0,0
478,10285,479.3384272615526,99907,1199,608,68,21,19901,10277,0.3020609166524868,764,427,29688,26833,9239,4158,9040,17951,22472,11714,0,0,47767,5088,1805,1876,717,33,0,0,0,0,26608,10905,5108,0,0,0,0,0
479,10285,480.3109742344904,99907,1259,643,68,21,20114,10385,0.3052739047314002,724,416,29512,26676,9326,4173,9109,18069,22677,11844,0,0,47376,5199,1867,1894,740,33,0,0,0,0,26819,10827,5152,0,0,0,0,0
480,10285,481.2892860558197,99907,1254,651,68,21,20292,10477,0.307976418068804,759,420,29323,26508,9423,4208,9171,18190,22881,11974,0,0,46982,5328,1944,1926,758,35,0,0,0,0,27006,10720,5208,0,0,0,0,0
481,10285,482.2732990955405,99906,1263,673,68,22,20466,10579,0.3107420975717174,800,396,29125,26357,9497,4243,9245,18307,23084,12104,0,0,46589,5448,2022,1945,777,35,0,0,0,0,27194,10638,5258,0,0,0,0,0
482,10285,483.26341326230215,99905,1284,668,69,22,20664,10671,0.3136479655672889,787,408,28938,26197,9590,4294,9330,18409,23285,12234,0,0,46170,5579,2108,1976,793,36,0,0,0,0,27389,10562,5292,0,0,0,0,0
483,10285,484.2597850318376,99904,1286,686,70,22,20841,10772,0.31643377642536835,810,428,28750,26015,9683,4331,9399,18516,23485,12364,0,0,45759,5701,2192,1999,811,36,0,0,0,0,27585,10495,5326,0,0,0,0,0
484,10285,485.26236428286717,99904,1294,709,70,22,21035,10884,0.31949671684817427,804,432,28573,25838,9802,4379,9455,18618,23684,12494,0,0,45352,5819,2256,2043,839,37,0,0,0,0,27796,10406,5356,0,0,0,0,0
485,10285,486.2707788106222,99904,1283,735,70,22,21236,11014,0.32280989750160155,823,427,28396,25685,9908,4424,9518,18705,23882,12624,0,0,44932,5965,2351,2062,877,38,0,0,0,0,27966,10326,5387,0,0,0,0,0
486,10285,487.2854312246058,99903,1274,735,71,22,21421,11114,0.3256658959190415,850,438,28213,25522,10019,4485,9571,18796,24078,12754,0,0,44537,6083,2444,2101,902,38,0,0,0,0,28135,10234,5429,0,0,0,0,0
487,10285,488.3062730250711,99902,1265,746,72,22,21610,11224,0.32866208884707016,852,440,28069,25382,10113,4530,9627,18878,24273,12884,0,0,44128,6220,2528,2135,924,40,0,0,0,0,28311,10142,5474,0,0,0,0,0
488,10285,489.3327273421798,99901,1304,726,73,22,21845,11323,0.3320086886017157,824,453,27903,25238,10203,4596,9691,18963,24467,13014,0,0,43707,6369,2634,2158,949,41,0,0,0,0,28470,10064,5509,0,0,0,0,0
489,10285,490.3651388658209,99900,1324,722,74,22,22050,11417,0.335005005005005,846,469,27723,25095,10275,4642,9756,19048,24660,13144,0,0,43304,6494,2721,2191,968,42,0,0,0,0,28647,9982,5551,0,0,0,0,0
490,10285,491.40334520386534,99899,1338,719,75,22,22256,11529,0.33819157348922413,852,482,27566,24953,10358,4701,9809,19121,24851,13274,0,0,42908,6626,2826,2223,987,44,0,0,0,0,28794,9890,5601,0,0,0,0,0
491,10285,492.4475373759547,99897,1385,733,77,22,22503,11649,0.3418721282921409,794,475,27425,24795,10451,4757,9866,19216,25041,13404,0,0,42494,6770,2908,2235,1024,46,0,0,0,0,28965,9819,5636,0,0,0,0,0
492,10285,493.4971342039515,99896,1386,735,78,22,22719,11760,0.34514895491310965,806,471,27257,24672,10554,4806,9917,19292,25230,13533,0,0,42084,6902,3006,2275,1050,48,0,0,0,0,29124,9735,5672,0,0,0,0,0
493,10285,494.0236943314173,99895,1382,744,79,22,22809,11836,0.34681415486260575,817,457,27121,24524,10588,4823,10011,19428,25417,13662,0,0,41771,6951,3085,2283,1065,48,0,0,0,0,29302,9671,5719,0,0,0,0,0
494,10285,495.0845177864773,99893,1397,750,81,22,23019,11962,0.3501846976264603,809,441,26964,24373,10681,4897,10066,19515,25603,13791,0,0,41386,7079,3195,2314,1088,50,0,0,0,0,29432,9580,5769,0,0,0,0,0
495,10285,496.15150888914997,99893,1395,752,81,22,23251,12082,0.35370846806082507,805,432,26788,24231,10807,4975,10122,19586,25788,13920,0,0,40960,7220,3297,2363,1118,51,0,0,0,0,29588,9501,5795,0,0,0,0,0
496,10285,497.2254195543458,99893,1396,758,81,22,23468,12202,0.3570820778232709,799,436,26622,24109,10919,5029,10181,19644,25971,14049,0,0,40577,7327,3419,2408,1145,56,0,0,0,0,29723,9420,5818,0,0,0,0,0
497,10285,498.30640944279116,99893,1389,758,81,22,23669,12317,0.36024546264503016,799,423,26484,23982,11019,5096,10226,19717,26153,14178,0,0,40191,7452,3526,2429,1187,58,0,0,0,0,29856,9346,5848,0,0,0,0,0
498,10285,499.3934253956058,99893,1434,759,81,22,23918,12445,0.36401950086592655,797,437,26300,23808,11106,5183,10280,19789,26333,14306,0,0,39790,7594,3623,2463,1218,61,0,0,0,0,30001,9259,5884,0,0,0,0,0
499,10285,500.48689991294816,99893,1418,758,81,22,24125,12554,0.3671828856876858,801,443,26141,23703,11225,5230,10332,19842,26512,14434,0,0,39393,7717,3748,2491,1249,61,0,0,0,0,30132,9191,5911,0,0,0,0,0
500,10285,501.03576649916687,99893,1418,752,81,22,24231,12621,0.3689147387704844,812,429,26016,23569,11257,5260,10414,19966,26690,14562,0,0,39082,7773,3827,2504,1269,61,0,0,0,0,30298,9126,5953,0,0,0,0,0
501,10285,502.14147913498755,99893,1416,752,81,22,24445,12734,0.3721882414183176,815,418,25879,23455,11355,5322,10452,20029,26866,14690,0,0,38706,7886,3943,2546,1297,62,0,0,0,0,30422,9038,5993,0,0,0,0,0
502,10285,503.2534312104264,99893,1429,725,81,22,24675,12839,0.3755418297578409,787,431,25742,23338,11456,5402,10503,20080,27041,14817,0,0,38325,8015,4069,2574,1339,64,0,0,0,0,30533,8955,6019,0,0,0,0,0
503,10285,504.3715405816321,99893,1440,705,81,22,24884,12954,0.37878530027129026,780,439,25634,23227,11525,5464,10538,20141,27215,14944,0,0,37951,8122,4197,2622,1364,66,0,0,0,0,30651,8873,6047,0,0,0,0,0
504,10285,505.494013275811,99892,1441,708,81,23,25109,13066,0.38216273575461496,784,433,25477,23132,11637,5516,10578,20186,27387,15071,0,0,37580,8228,4311,2663,1403,67,0,0,0,0,30773,8795,6072,0,0,0,0,0
505,10285,506.0571787414906,99891,1429,726,82,23,25213,13136,0.3839084602216416,791,413,25359,23015,11677,5525,10660,20296,27558,15198,0,0,37291,8270,4393,2672,1421,68,0,0,0,0,30928,8730,6118,0,0,0,0,0
506,10285,507.1919855622282,99889,1418,741,84,23,25426,13252,0.3872098028811981,792,398,25226,22921,11776,5578,10702,20337,27727,15324,0,0,36910,8387,4506,2700,1456,70,0,0,0,0,31060,8660,6140,0,0,0,0,0
507,10285,508.33285495207184,99889,1417,739,84,23,25658,13363,0.3906436144119973,763,392,25107,22807,11879,5633,10748,20404,27895,15450,0,0,36550,8487,4648,2739,1487,73,0,0,0,0,31154,8583,6168,0,0,0,0,0
508,10285,509.48005212485134,99889,1420,754,84,23,25876,13495,0.39414750372913937,773,371,24954,22708,11988,5679,10779,20463,28062,15576,0,0,36171,8600,4760,2779,1522,74,0,0,0,0,31285,8510,6188,0,0,0,0,0
509,10285,510.0556486407463,99888,1393,750,84,24,25977,13546,0.3956731539324043,769,368,24851,22591,12039,5694,10862,20571,28227,15701,0,0,35886,8645,4832,2790,1555,75,0,0,0,0,31436,8447,6222,0,0,0,0,0
510,10285,511.2145765722166,99886,1343,711,86,24,26171,13646,0.3986244318523116,781,385,24723,22498,12158,5765,10907,20615,28391,15826,0,0,35511,8771,4977,2830,1595,79,0,0,0,0,31517,8365,6241,0,0,0,0,0
511,10285,512.380342435493,99885,1323,726,87,24,26370,13764,0.4018020723832407,785,376,24629,22401,12243,5821,10931,20650,28554,15951,0,0,35170,8871,5101,2862,1628,83,0,0,0,0,31612,8283,6275,0,0,0,0,0
512,10285,513.5512095787603,99883,1360,714,89,24,26614,13889,0.4055044401950282,760,359,24510,22316,12309,5899,10970,20686,28715,16075,0,0,34831,8950,5256,2897,1663,85,0,0,0,0,31690,8213,6298,0,0,0,0,0
513,10285,514.1382177794669,99882,1368,694,90,24,26732,13933,0.4071304138883883,753,378,24409,22215,12339,5918,11039,20769,28875,16199,0,0,34540,8998,5325,2908,1693,85,0,0,0,0,31850,8158,6325,0,0,0,0,0
514,10285,515.3191797667597,99881,1376,700,91,24,26961,14050,0.41059861234869494,739,379,24268,22109,12445,5972,11079,20814,29033,16323,0,0,34192,9093,5451,2938,1732,87,0,0,0,0,31947,8090,6351,0,0,0,0,0
515,10285,516.5064712994402,99881,1369,684,91,24,27198,14152,0.41399265125499346,720,390,24144,22006,12553,6034,11121,20860,29190,16446,0,0,33848,9196,5579,2975,1775,93,0,0,0,0,32030,8005,6380,0,0,0,0,0
516,10285,517.1027950823046,99881,1339,694,91,24,27295,14218,0.4156245932659865,719,372,24062,21909,12591,6048,11196,20951,29346,16569,0,0,33580,9226,5665,3005,1793,94,0,0,0,0,32168,7931,6419,0,0,0,0,0
517,10285,518.3018617513814,99881,1319,680,91,24,27514,14313,0.4187683343178382,690,391,23978,21841,12695,6099,11225,20963,29500,16692,0,0,33225,9333,5780,3032,1844,97,0,0,0,0,32269,7866,6435,0,0,0,0,0
518,10285,519.5058383149046,99881,1286,710,91,24,27707,14430,0.42187202771297844,690,375,23882,21752,12789,6129,11260,21008,29653,16814,0,0,32886,9411,5889,3067,1884,100,0,0,0,0,32385,7808,6451,0,0,0,0,0
519,10285,520.1088347682663,99879,1282,697,92,25,27814,14485,0.4235024379499194,668,367,23797,21645,12816,6157,11343,21107,29805,16936,0,0,32611,9448,5969,3073,1917,102,0,0,0,0,32528,7762,6469,0,0,0,0,0
520,10285,521.3226058969533,99879,1292,696,92,25,28030,14602,0.42683647213127884,644,363,23714,21601,12900,6188,11356,21125,29955,17057,0,0,32310,9507,6117,3109,1958,104,0,0,0,0,32590,7693,6491,0,0,0,0,0
521,10285,522.5412074775758,99878,1227,690,93,25,28208,14719,0.4297943491059092,630,358,23633,21550,13027,6240,11388,21135,30104,17178,0,0,31971,9606,6251,3149,1991,111,0,0,0,0,32656,7616,6527,0,0,0,0,0
522,10285,523.1519295359657,99878,1211,675,93,25,28296,14769,0.4311760347624101,622,338,23557,21467,13044,6259,11471,21234,30252,17299,0,0,31702,9634,6331,3153,2020,115,0,0,0,0,32796,7585,6542,0,0,0,0,0
523,10285,524.3801438582709,99877,1187,677,94,25,28495,14884,0.4343242187891106,622,317,23455,21426,13136,6301,11504,21252,30398,17419,0,0,31409,9701,6473,3191,2069,117,0,0,0,0,32849,7501,6567,0,0,0,0,0
524,10285,525.6141468332131,99877,1178,659,94,25,28695,14979,0.43727785175766193,616,338,23350,21341,13233,6360,11527,21275,30543,17539,0,0,31107,9767,6619,3219,2112,119,0,0,0,0,32911,7437,6586,0,0,0,0,0
525,10285,526.232506142976,99877,1180,672,94,25,28792,15039,0.43884978523584006,607,322,23267,21264,13254,6365,11596,21350,30687,17658,0,0,30872,9778,6687,3230,2138,121,0,0,0,0,33049,7383,6619,0,0,0,0,0
526,10285,527.4768124473721,99877,1155,655,94,25,28990,15143,0.44187350441042483,577,322,23205,21210,13355,6423,11612,21363,30829,17777,0,0,30566,9850,6842,3274,2172,125,0,0,0,0,33100,7309,6639,0,0,0,0,0
527,10285,528.0999617817353,99877,1132,669,94,25,29069,15199,0.4432251669553551,585,319,23127,21134,13370,6419,11690,21432,30970,17896,0,0,30333,9859,6915,3279,2205,128,0,0,0,0,33237,7265,6656,0,0,0,0,0
528,10285,529.3529206328446,99876,1078,650,95,25,29241,15301,0.44597300652809485,604,322,23038,21085,13460,6472,11723,21444,31110,18014,0,0,30039,9930,7064,3311,2261,129,0,0,0,0,33281,7190,6671,0,0,0,0,0
529,10285,530.6107400876175,99876,1075,634,95,25,29424,15409,0.448886619408066,622,291,22956,21038,13515,6543,11735,21467,31248,18132,0,0,29744,9999,7204,3348,2289,130,0,0,0,0,33338,7118,6706,0,0,0,0,0
530,10285,531.2413514589164,99876,1061,626,95,25,29508,15446,0.4500981216708719,626,306,22888,20960,13525,6546,11803,21535,31385,18249,0,0,29528,10004,7291,3348,2320,130,0,0,0,0,33447,7070,6738,0,0,0,0,0
531,10285,532.5085575644142,99875,1051,608,95,26,29700,15541,0.4529762202753442,578,302,22813,20943,13611,6587,11850,21532,31521,18366,0,0,29228,10084,7414,3370,2367,133,0,0,0,0,33515,7007,6757,0,0,0,0,0
532,10285,533.1436137345166,99874,1058,599,96,26,29786,15591,0.4543424715141078,562,296,22748,20869,13605,6595,11929,21613,31656,18482,0,0,29008,10090,7493,3370,2398,134,0,0,0,0,33634,6965,6782,0,0,0,0,0
533,10285,534.4197861979735,99872,1020,567,98,26,29956,15667,0.4568147228452419,571,276,22696,20889,13661,6635,11952,21605,31789,18598,0,0,28728,10145,7621,3399,2445,138,0,0,0,0,33688,6904,6804,0,0,0,0,0
534,10285,535.0587805436301,99870,1032,568,100,26,30056,15717,0.45832582357064183,539,253,22638,20837,13667,6646,12022,21668,31921,18713,0,0,28523,10137,7697,3407,2472,143,0,0,0,0,33801,6860,6830,0,0,0,0,0
535,10285,536.3423885291025,99870,1012,545,100,26,30217,15798,0.4607489736657655,513,252,22608,20818,13705,6682,12060,21675,32052,18828,0,0,28263,10185,7822,3446,2503,151,0,0,0,0,33862,6787,6851,0,0,0,0,0
536,10285,537.6283832109565,99869,990,516,101,26,30385,15866,0.46311668285453944,495,274,22561,20778,13767,6718,12084,21686,32182,18942,0,0,27979,10243,7933,3469,2547,154,0,0,0,0,33940,6739,6865,0,0,0,0,0
537,10285,538.2719082927143,99867,986,513,102,27,30471,15916,0.4644877687324141,479,279,22487,20706,13782,6724,12162,21749,32310,19056,0,0,27793,10222,8019,3471,2591,155,0,0,0,0,34035,6697,6884,0,0,0,0,0
538,10285,539.5654273103461,99867,938,514,102,27,30601,16015,0.4667808184885898,487,265,22459,20665,13819,6772,12193,21755,32437,19170,0,0,27527,10270,8126,3501,2621,166,0,0,0,0,34109,6642,6905,0,0,0,0,0
539,10285,540.2132437278649,99867,930,514,102,27,30684,16063,0.4680925631089349,473,260,22387,20593,13824,6776,12282,21828,32563,19283,0,0,27328,10268,8208,3508,2650,168,0,0,0,0,34210,6597,6930,0,0,0,0,0
540,10285,541.513571265605,99866,930,521,103,27,30845,16154,0.47062063164640616,461,259,22377,20573,13825,6798,12302,21820,32688,19396,0,0,27093,10304,8310,3522,2695,172,0,0,0,0,34273,6539,6958,0,0,0,0,0
541,10285,542.1643870294562,99865,898,513,104,27,30920,16187,0.47170680418565064,441,259,22338,20519,13857,6797,12360,21883,32812,19508,0,0,26891,10302,8380,3532,2729,177,0,0,0,0,34380,6497,6977,0,0,0,0,0
542,10285,543.4691877346957,99862,903,530,107,27,31088,16288,0.47441469227533994,385,233,22312,20534,13890,6798,12401,21876,32934,19620,0,0,26675,10321,8494,3547,2778,181,0,0,0,0,34432,6433,7001,0,0,0,0,0
543,10285,544.1221633672951,99862,907,507,107,27,31160,16317,0.475426088001442,371,240,22261,20507,13874,6795,12478,21922,33055,19731,0,0,26498,10307,8584,3556,2796,183,0,0,0,0,34519,6384,7035,0,0,0,0,0
544,10285,545.4323065174632,99861,851,499,108,27,31286,16391,0.47743363274952183,374,243,22225,20487,13920,6812,12520,21930,33175,19842,0,0,26270,10329,8710,3589,2835,187,0,0,0,0,34567,6321,7053,0,0,0,0,0
545,10285,546.0880535076624,99860,831,484,109,27,31341,16429,0.4783697176046465,387,247,22174,20462,13915,6813,12582,21965,33294,19952,0,0,26085,10321,8793,3592,2865,188,0,0,0,0,34662,6280,7074,0,0,0,0,0
546,10285,547.4043951556221,99859,806,460,110,27,31465,16511,0.48043741675762824,389,232,22135,20463,13945,6865,12613,21951,33412,20062,0,0,25854,10338,8903,3624,2906,195,0,0,0,0,34728,6230,7081,0,0,0,0,0
547,10285,548.0630893721732,99859,808,466,110,27,31532,16554,0.4815389699476261,376,223,22087,20416,13932,6856,12685,22010,33529,20171,0,0,25690,10325,8975,3615,2939,198,0,0,0,0,34820,6190,7107,0,0,0,0,0
548,10285,549.3854942465218,99859,791,459,110,27,31662,16634,0.4836419351285312,372,206,22063,20421,13969,6873,12693,22012,33644,20280,0,0,25462,10363,9083,3636,2972,203,0,0,0,0,34880,6133,7127,0,0,0,0,0
549,10285,550.0468636890203,99859,787,446,110,27,31728,16669,0.4846533612393475,362,199,22038,20379,13943,6875,12758,22072,33758,20388,0,0,25302,10338,9168,3636,3006,205,0,0,0,0,34964,6092,7148,0,0,0,0,0
550,10285,551.3736193387713,99858,757,422,111,27,31856,16733,0.48658094494181736,357,186,22026,20383,13966,6914,12781,22066,33871,20496,0,0,25077,10367,9296,3655,3049,205,0,0,0,0,35010,6043,7156,0,0,0,0,0
551,10285,552.0367999223447,99856,733,414,113,27,31917,16772,0.4875921326710463,353,189,21980,20359,13970,6908,12849,22101,33983,20603,0,0,24914,10350,9381,3659,3077,211,0,0,0,0,35090,5995,7179,0,0,0,0,0
552,10285,553.3675814605206,99856,728,410,113,27,32041,16847,0.489585002403461,332,178,21977,20367,13974,6918,12874,22098,34094,20710,0,0,24707,10363,9501,3665,3112,215,0,0,0,0,35142,5961,7190,0,0,0,0,0
553,10285,554.0328506813534,99854,717,417,115,27,32101,16889,0.49061629979770466,345,172,21942,20331,13946,6908,12933,22143,34204,20816,0,0,24551,10336,9579,3661,3145,217,0,0,0,0,35229,5927,7209,0,0,0,0,0
554,10285,555.3669152094194,99854,699,390,115,27,32213,16944,0.49228874156268154,361,169,21922,20336,13944,6933,12957,22143,34313,20922,0,0,24337,10357,9679,3666,3186,224,0,0,0,0,35295,5896,7214,0,0,0,0,0
555,10285,556.0342478879487,99854,693,387,115,27,32277,16977,0.4932601598333567,357,164,21899,20311,13915,6928,13019,22181,34421,21027,0,0,24182,10345,9748,3650,3225,227,0,0,0,0,35379,5860,7238,0,0,0,0,0
556,10285,557.3716537892337,99853,669,374,116,27,32389,17037,0.4949876318187736,346,160,21904,20337,13924,6950,13039,22150,34528,21131,0,0,23986,10357,9858,3660,3260,230,0,0,0,0,35423,5817,7262,0,0,0,0,0
557,10285,558.03982790287,99853,674,358,116,27,32443,17056,0.4957187064985529,346,166,21877,20305,13882,6951,13103,22191,34634,21235,0,0,23836,10333,9922,3661,3281,234,0,0,0,0,35518,5781,7287,0,0,0,0,0
558,10285,559.3791879951568,99852,656,354,116,28,32552,17113,0.4973861314745824,339,163,21872,20322,13892,6956,13123,22175,34739,21338,0,0,23653,10337,10023,3675,3316,238,0,0,0,0,35572,5736,7302,0,0,0,0,0
559,10285,560.0483122694333,99852,667,345,116,28,32614,17142,0.4982974802708008,316,154,21865,20287,13850,6962,13184,22222,34843,21441,0,0,23502,10314,10089,3676,3339,242,0,0,0,0,35666,5702,7322,0,0,0,0,0
560,10285,561.3895738558659,99852,651,332,116,28,32706,17188,0.4996795256980331,315,157,21875,20309,13841,6962,13200,22210,34946,21543,0,0,23339,10294,10185,3677,3389,245,0,0,0,0,35729,5669,7325,0,0,0,0,0
561,10285,562.0594337702422,99852,643,319,116,28,32758,17215,0.500470696631014,299,159,21844,20282,13824,6962,13272,22248,35048,21645,0,0,23187,10271,10263,3678,3410,247,0,0,0,0,35810,5636,7350,0,0,0,0,0
562,10285,563.4019417439341,99851,629,327,117,28,32862,17263,0.5019979769857087,290,159,21847,20282,13825,6958,13290,22244,35149,21746,0,0,23011,10274,10340,3684,3445,252,0,0,0,0,35881,5599,7365,0,0,0,0,0
563,10285,564.073268994086,99850,630,327,118,28,32911,17299,0.5028542814221332,276,145,21830,20255,13788,6950,13356,22293,35249,21847,0,0,22876,10242,10418,3683,3464,258,0,0,0,0,35958,5569,7382,0,0,0,0,0
564,10285,565.4176650135901,99849,617,314,119,28,33011,17344,0.5043115103806748,270,142,21831,20272,13781,6949,13380,22293,35348,21947,0,0,22688,10257,10493,3688,3504,260,0,0,0,0,36028,5533,7398,0,0,0,0,0
565,10285,566.0894389021205,99849,608,328,119,28,33064,17378,0.5051828260673618,254,134,21804,20249,13769,6924,13444,22335,35446,22047,0,0,22547,10231,10558,3687,3527,264,0,0,0,0,36114,5507,7414,0,0,0,0,0
566,10285,567.4357868703663,99849,597,324,119,28,33158,17420,0.5065448827729873,262,129,21808,20299,13747,6917,13465,22301,35543,22146,0,0,22389,10218,10648,3696,3556,271,0,0,0,0,36173,5473,7425,0,0,0,0,0
567,10285,568.1083446498468,99849,570,311,119,28,33194,17435,0.5070556540375968,261,127,21801,20289,13725,6896,13522,22347,35639,22245,0,0,22256,10185,10714,3703,3583,274,0,0,0,0,36255,5437,7442,0,0,0,0,0
568,10285,569.4560341784805,99849,559,294,119,28,33288,17483,0.5084778014802351,241,114,21802,20345,13737,6902,13540,22315,35734,22343,0,0,22097,10179,10800,3714,3617,279,0,0,0,0,36307,5390,7466,0,0,0,0,0
569,10285,570.1293771548668,99849,560,278,119,28,33333,17498,0.5090787088503641,230,118,21791,20319,13698,6894,13600,22361,35828,22441,0,0,21972,10146,10872,3713,3639,280,0,0,0,0,36380,5357,7490,0,0,0,0,0
570,10285,571.4786061590795,99848,519,263,120,28,33405,17535,0.5101754667093983,215,129,21813,20327,13715,6890,13616,22361,35921,22538,0,0,21813,10144,10966,3717,3677,283,0,0,0,0,36426,5320,7502,0,0,0,0,0
571,10285,572.1521804114079,99848,498,259,120,28,33437,17564,0.5107863953208878,223,119,21790,20333,13693,6885,13674,22374,36013,22635,0,0,21680,10129,11043,3709,3697,285,0,0,0,0,36492,5285,7528,0,0,0,0,0
572,10285,573.502234917089,99848,475,248,120,28,33511,17602,0.5119081003124749,220,112,21816,20379,13685,6890,13682,22341,36104,22731,0,0,21529,10128,11116,3708,3739,288,0,0,0,0,36551,5244,7545,0,0,0,0,0
573,10285,574.1766101336985,99848,487,242,120,28,33561,17626,0.5126492268247737,213,108,21802,20355,13644,6887,13732,22378,36194,22827,0,0,21405,10089,11189,3701,3765,289,0,0,0,0,36629,5227,7554,0,0,0,0,0
574,10285,575.5268658408546,99847,474,236,121,28,33636,17667,0.5138161386921991,203,109,21834,20414,13615,6878,13751,22333,36283,22922,0,0,21250,10080,11267,3704,3804,289,0,0,0,0,36696,5198,7559,0,0,0,0,0
575,10285,576.2008329551728,99846,460,224,122,28,33665,17688,0.514322055966188,201,105,21827,20413,13578,6869,13810,22359,36371,23017,0,0,21129,10057,11328,3694,3833,292,0,0,0,0,36767,5168,7578,0,0,0,0,0
576,10285,577.5502780872819,99846,439,207,122,28,33737,17715,0.5153135829176932,187,112,21858,20465,13570,6855,13822,22331,36458,23111,0,0,20986,10046,11420,3695,3859,296,0,0,0,0,36810,5139,7595,0,0,0,0,0
577,10285,578.2237060897914,99845,424,200,123,28,33765,17726,0.5157093494917121,187,116,21840,20458,13544,6831,13880,22365,36544,23204,0,0,20878,10009,11485,3688,3877,299,0,0,0,0,36877,5109,7623,0,0,0,0,0
578,10285,579.5728988640458,99845,413,199,123,28,33838,17766,0.5168411037107516,172,99,21876,20517,13522,6819,13892,22336,36630,23297,0,0,20742,9996,11561,3689,3909,303,0,0,0,0,36930,5077,7638,0,0,0,0,0
579,10285,580.246584704205,99845,407,205,123,28,33870,17789,0.517391957534178,173,91,21863,20516,13494,6802,13938,22356,36715,23389,0,0,20627,9959,11621,3686,3930,305,0,0,0,0,37011,5056,7650,0,0,0,0,0
580,10285,581.5951566480757,99845,394,200,123,28,33929,17824,0.5183334167960338,162,92,21899,20564,13476,6791,13944,22323,36799,23481,0,0,20480,9948,11689,3689,3956,308,0,0,0,0,37084,5032,7659,0,0,0,0,0
581,10285,582.2684702258964,99845,389,196,123,28,33961,17838,0.5187941309028995,154,92,21895,20559,13434,6767,14003,22356,36882,23572,0,0,20384,9906,11748,3680,3985,311,0,0,0,0,37151,5005,7675,0,0,0,0,0
582,10285,583.6158744025319,99845,356,193,123,28,34002,17866,0.5194852020631979,162,84,21924,20630,13406,6747,14027,22316,36964,23663,0,0,20269,9882,11827,3687,4005,317,0,0,0,0,37199,4965,7694,0,0,0,0,0
583,10285,584.2880749173718,99845,336,190,123,28,34024,17881,0.5198557764535029,155,82,21922,20617,13391,6731,14071,22350,37045,23753,0,0,20156,9855,11880,3681,4028,320,0,0,0,0,37275,4940,7710,0,0,0,0,0
584,10285,585.6346687231463,99845,328,188,123,28,34080,17915,0.5207571736191097,134,73,21976,20669,13353,6712,14084,22328,37126,23843,0,0,20032,9836,11942,3684,4058,323,0,0,0,0,37338,4909,7723,0,0,0,0,0
585,10285,586.3067280501448,99845,327,177,123,28,34106,17926,0.5211277480094146,129,73,21958,20671,13316,6701,14145,22348,37206,23932,0,0,19933,9801,12003,3678,4066,333,0,0,0,0,37407,4883,7741,0,0,0,0,0
586,10285,587.6514009063987,99844,306,157,124,28,34148,17950,0.5217939986378751,145,76,21984,20727,13268,6695,14171,22315,37285,24021,0,0,19802,9787,12078,3682,4084,338,0,0,0,0,37461,4857,7755,0,0,0,0,0
587,10285,588.3227740308193,99844,291,158,124,28,34164,17964,0.5220944673690958,142,74,21984,20715,13225,6684,14232,22339,37363,24109,0,0,19704,9758,12132,3669,4103,342,0,0,0,0,37529,4831,7776,0,0,0,0,0
588,10285,589.6668451133032,99844,274,155,124,28,34211,17989,0.5228155923240255,140,73,22011,20756,13202,6670,14247,22316,37440,24197,0,0,19582,9740,12195,3663,4133,345,0,0,0,0,37588,4813,7785,0,0,0,0,0
589,10285,590.3377729601291,99843,257,156,125,28,34229,18002,0.5231313161663812,145,70,21997,20763,13173,6654,14301,22327,37517,24284,0,0,19474,9714,12252,3654,4147,348,0,0,0,0,37659,4792,7803,0,0,0,0,0
590,10285,591.0092078471802,99843,254,153,125,28,34251,18013,0.5234618350810772,134,69,22005,20753,13132,6629,14348,22366,37593,24371,0,0,19374,9688,12302,3647,4159,351,0,0,0,0,37730,4763,7829,0,0,0,0,0
591,10285,592.3529838964962,99842,249,146,126,28,34291,18034,0.5240780433084273,125,68,22065,20815,13066,6600,14367,22341,37668,24457,0,0,19267,9659,12369,3641,4172,360,0,0,0,0,37791,4742,7841,0,0,0,0,0
592,10285,593.0229310433032,99841,255,141,127,28,34319,18046,0.5244839294478221,114,63,22061,20819,13027,6579,14414,22368,37742,24543,0,0,19167,9623,12424,3629,4195,360,0,0,0,0,37866,4727,7850,0,0,0,0,0
593,10285,594.3633331673601,99840,242,135,128,28,34347,18068,0.5249899839743589,115,59,22118,20901,12971,6552,14424,22323,37816,24628,0,0,19066,9603,12490,3618,4221,361,0,0,0,0,37916,4698,7867,0,0,0,0,0
594,10285,595.0317912732263,99840,239,135,128,28,34369,18079,0.5253205128205128,105,52,22133,20901,12929,6531,14464,22351,37889,24713,0,0,18969,9575,12536,3606,4241,364,0,0,0,0,37989,4679,7881,0,0,0,0,0
595,10285,596.3688034742883,99840,226,120,128,28,34397,18092,0.5257311698717949,97,50,22187,20953,12874,6528,14486,22319,37961,24797,0,0,18861,9548,12589,3607,4263,366,0,0,0,0,38055,4659,7892,0,0,0,0,0
596,10285,597.0357650724601,99840,219,111,128,28,34413,18098,0.5259515224358975,97,51,22183,20965,12836,6504,14535,22339,38032,24881,0,0,18768,9521,12635,3598,4284,368,0,0,0,0,38124,4635,7907,0,0,0,0,0
597,10285,598.3698125445635,99840,207,115,128,28,34445,18118,0.5264723557692308,99,45,22226,21021,12784,6481,14554,22308,38103,24964,0,0,18673,9484,12697,3599,4300,370,0,0,0,0,38182,4611,7924,0,0,0,0,0
598,10285,599.0354343781984,99840,203,110,128,28,34459,18129,0.5267227564102565,98,40,22203,21021,12761,6463,14605,22336,38173,25047,0,0,18578,9451,12751,3590,4314,372,0,0,0,0,38253,4594,7937,0,0,0,0,0
599,10285,600.3680210299356,99840,184,113,128,28,34485,18141,0.5271033653846153,94,40,22284,21082,12705,6434,14603,22301,38242,25129,0,0,18494,9417,12808,3583,4338,375,0,0,0,0,38305,4569,7951,0,0,0,0,0
600,10285,601.0326299770448,99840,179,100,128,28,34495,18145,0.5272435897435898,101,39,22280,21095,12659,6422,14651,22314,38311,25211,0,0,18405,9391,12857,3569,4356,377,0,0,0,0,38369,4548,7968,0,0,0,0,0
601,10285,602.3616023719107,99840,185,98,128,28,34528,18160,0.527724358974359,84,35,22327,21152,12596,6390,14678,22295,38379,25292,0,0,18306,9369,12902,3558,4376,379,0,0,0,0,38437,4531,7982,0,0,0,0,0
602,10285,603.0246658532483,99840,185,94,128,28,34539,18165,0.5278846153846154,83,37,22344,21157,12536,6368,14722,22314,38446,25373,0,0,18231,9326,12955,3548,4392,379,0,0,0,0,38498,4511,8000,0,0,0,0,0
603,10285,604.35068641369,99840,177,95,128,28,34565,18186,0.5283553685897436,74,30,22397,21220,12489,6351,14733,22274,38513,25453,0,0,18148,9288,13022,3539,4412,381,0,0,0,0,38544,4492,8014,0,0,0,0,0
604,10285,605.0120448571948,99840,174,87,128,28,34576,18186,0.5284655448717949,69,38,22399,21221,12455,6333,14773,22291,38579,25533,0,0,18069,9259,13061,3532,4427,383,0,0,0,0,38611,4463,8035,0,0,0,0,0
605,10285,606.3347108444292,99840,166,86,128,28,34602,18195,0.5288161057692308,61,40,22459,21271,12395,6302,14789,22271,38644,25612,0,0,17997,9218,13113,3530,4443,389,0,0,0,0,38661,4438,8051,0,0,0,0,0
606,10285,607.6545640194416,99840,142,88,128,28,34611,18215,0.5291065705128205,70,30,22512,21353,12346,6268,14800,22231,38709,25691,0,0,17910,9195,13157,3522,4469,391,0,0,0,0,38719,4413,8064,0,0,0,0,0
607,10285,608.3125569723696,99840,147,74,128,28,34625,18217,0.5292668269230769,67,35,22516,21356,12295,6259,14845,22246,38773,25769,0,0,17837,9160,13204,3507,4490,392,0,0,0,0,38775,4394,8081,0,0,0,0,0
608,10285,609.628980190356,99840,141,71,128,28,34646,18228,0.5295873397435897,63,37,22584,21405,12239,6241,14843,22216,38836,25847,0,0,17742,9139,13238,3497,4514,393,0,0,0,0,38848,4376,8093,0,0,0,0,0
609,10285,610.2852203177284,99840,133,75,128,28,34652,18236,0.529727564102564,66,30,22601,21426,12188,6216,14882,22223,38899,25924,0,0,17667,9107,13284,3483,4529,394,0,0,0,0,38908,4357,8111,0,0,0,0,0
610,10285,611.5972811721426,99840,130,61,128,28,34668,18242,0.5299479166666666,63,34,22658,21503,12126,6192,14893,22180,38961,26001,0,0,17583,9076,13335,3475,4547,395,0,0,0,0,38965,4342,8122,0,0,0,0,0
611,10285,612.2515496637,99840,125,61,128,28,34677,18246,0.530078125,61,35,22660,21517,12079,6166,14945,22191,39023,26077,0,0,17508,9038,13383,3465,4560,396,0,0,0,0,39027,4327,8136,0,0,0,0,0
612,10285,613.5600094460369,99840,131,59,128,28,34704,18257,0.5304587339743589,44,33,22723,21581,12014,6144,14958,22153,39084,26153,0,0,17430,9014,13418,3458,4580,398,0,0,0,0,39087,4300,8155,0,0,0,0,0
613,10285,614.2127240797304,99840,126,58,128,28,34714,18266,0.5306490384615384,44,29,22727,21587,11972,6128,15001,22168,39144,26228,0,0,17334,8997,13444,3457,4586,401,0,0,0,0,39169,4280,8172,0,0,0,0,0
614,10285,615.5176390510346,99840,128,54,128,28,34729,18276,0.5308994391025641,46,26,22780,21670,11909,6099,15007,22121,39204,26303,0,0,17260,8970,13489,3448,4599,403,0,0,0,0,39223,4256,8192,0,0,0,0,0
615,10285,616.1684140674713,99840,119,54,128,28,34731,18279,0.5309495192307693,49,27,22784,21667,11873,6082,15045,22140,39263,26378,0,0,17177,8950,13517,3433,4618,403,0,0,0,0,39297,4239,8206,0,0,0,0,0
616,10285,617.4701455881229,99840,116,56,128,28,34746,18290,0.5312099358974359,44,24,22841,21739,11814,6055,15055,22096,39322,26452,0,0,17095,8913,13558,3433,4630,403,0,0,0,0,39365,4224,8219,0,0,0,0,0
617,10285,618.11957726789,99840,114,53,128,28,34758,18292,0.5313501602564102,35,25,22849,21753,11773,6037,15099,22102,39380,26526,0,0,17023,8882,13598,3421,4645,406,0,0,0,0,39425,4209,8231,0,0,0,0,0
618,10285,619.41794930828,99840,116,51,128,28,34775,18299,0.5315905448717949,33,25,22908,21854,11709,6002,15104,22038,39437,26599,0,0,16943,8860,13631,3403,4669,408,0,0,0,0,39492,4198,8236,0,0,0,0,0
619,10285,620.0654644426639,99840,110,49,128,28,34780,18302,0.5316706730769231,31,27,22916,21881,11666,5973,15147,22040,39494,26672,0,0,16865,8835,13664,3395,4680,410,0,0,0,0,39559,4181,8251,0,0,0,0,0
620,10285,621.3601825193995,99840,94,52,128,28,34789,18311,0.5318509615384616,26,26,22972,21955,11619,5946,15159,21991,39550,26744,0,0,16791,8795,13710,3397,4692,411,0,0,0,0,39617,4166,8261,0,0,0,0,0
621,10285,622.0061445972959,99840,90,48,128,28,34793,18315,0.5319310897435897,32,25,22979,21970,11577,5933,15192,21994,39606,26816,0,0,16717,8768,13739,3385,4710,413,0,0,0,0,39683,4153,8272,0,0,0,0,0
622,10285,623.2976235906503,99840,85,53,128,28,34797,18321,0.53203125,34,19,22983,22002,11535,5903,15233,21993,39661,26887,0,0,16652,8736,13772,3368,4731,414,0,0,0,0,39743,4142,8282,0,0,0,0,0
623,10285,624.5988258246387,99840,68,45,128,28,34809,18329,0.5322315705128206,37,22,23089,22146,11469,5868,15207,21889,39716,26958,0,0,16580,8706,13826,3355,4755,415,0,0,0,0,39785,4129,8289,0,0,0,0,0
624,10285,625.241744863751,99840,71,48,128,28,34815,18334,0.5323417467948718,39,20,23097,22165,11421,5844,15242,21893,39770,27028,0,0,16520,8678,13857,3337,4772,416,0,0,0,0,39842,4110,8308,0,0,0,0,0
625,10285,626.388707394292,99840,80,44,128,28,34828,18336,0.5324919871794872,37,19,23104,22199,11379,5815,15270,21893,39824,27098,0,0,16450,8653,13888,3327,4783,418,0,0,0,0,39905,4093,8323,0,0,0,0,0
626,10285,627.095339342053,99840,84,41,128,28,34835,18339,0.5325921474358974,31,19,23102,22209,11340,5797,15313,21904,39877,27168,0,0,16386,8624,13926,3315,4795,418,0,0,0,0,39960,4075,8341,0,0,0,0,0
627,10285,628.6283029030437,99840,81,38,128,28,34854,18348,0.5328725961538462,25,18,23201,22344,11284,5759,15279,21811,39930,27237,0,0,16321,8595,13976,3305,4806,423,0,0,0,0,40000,4059,8355,0,0,0,0,0
628,10285,629.2678469227299,99840,79,37,128,28,34859,18348,0.5329226762820513,21,20,23225,22377,11239,5727,15306,21809,39982,27306,0,0,16256,8561,14015,3299,4811,426,0,0,0,0,40059,4046,8367,0,0,0,0,0
629,10285,630.0110091502625,99840,82,42,128,28,34865,18355,0.5330528846153846,52,42,23220,22383,11185,5704,15331,21799,40034,27374,0,0,16186,8542,14033,3288,4822,428,1,0,0,2,40126,4027,8385,0,0,0,0,0
630,10285,631.0916524839745,99840,89,48,128,28,34884,18367,0.5333633814102564,50,38,23258,22444,11131,5683,15342,21757,40085,27442,0,0,16118,8519,14051,3273,4840,431,4,0,0,10,40183,4013,8398,0,0,0,0,0
631,10285,632.1704725184469,99840,89,59,128,28,34895,18383,0.533633814102564,53,31,23307,22504,11084,5662,15337,21714,40136,27509,0,0,16050,8486,14081,3266,4851,432,10,0,0,13,40242,3996,8413,0,0,0,0,0
632,10285,633.2470434268372,99840,85,62,128,28,34908,18391,0.5338441506410256,58,36,23341,22561,11045,5632,15341,21679,40186,27576,0,0,15987,8457,14105,3258,4866,432,13,0,0,25,40290,3976,8431,0,0,0,0,0
633,10285,634.3217573483867,99840,93,65,128,28,34925,18403,0.5341346153846154,57,32,23375,22602,10986,5615,15359,21656,40236,27643,0,0,15921,8426,14134,3250,4876,433,17,0,0,35,40342,3960,8446,0,0,0,0,0
634,10285,635.3949337610869,99840,85,68,128,28,34937,18414,0.5343649839743589,63,28,23420,22653,10947,5595,15355,21626,40285,27709,0,0,15855,8396,14159,3239,4893,435,21,0,0,48,40391,3947,8456,0,0,0,0,0
635,10285,636.4661574476639,99840,95,65,128,28,34955,18423,0.5346354166666667,64,31,23469,22729,10891,5565,15351,21580,40334,27775,0,0,15782,8367,14182,3232,4905,437,24,0,0,57,40452,3939,8463,0,0,0,0,0
636,10285,637.0005182085561,99840,101,66,128,28,34966,18428,0.5347956730769231,72,31,23468,22736,10845,5554,15384,21583,40382,27840,0,0,15723,8337,14209,3225,4914,438,26,0,0,61,40505,3921,8481,0,0,0,0,0
637,10285,638.0692843525667,99840,100,67,128,28,34980,18437,0.5350260416666667,86,31,23501,22782,10806,5537,15377,21553,40430,27905,0,0,15655,8303,14237,3215,4932,439,35,0,0,65,40560,3911,8488,0,0,0,0,0
638,10285,639.1362798279075,99840,105,70,128,28,35003,18448,0.5353665865384616,85,30,23540,22831,10759,5520,15381,21519,40477,27969,0,0,15595,8266,14270,3213,4945,443,40,0,0,69,40611,3896,8492,0,0,0,0,0
639,10285,640.2015430053444,99840,109,70,128,28,35025,18460,0.5357071314102564,87,31,23573,22884,10714,5499,15387,21486,40524,28033,0,0,15529,8236,14295,3200,4960,449,47,0,0,78,40661,3888,8497,0,0,0,0,0
640,10285,641.2652221199279,99840,120,64,128,28,35050,18470,0.5360576923076923,99,31,23617,22937,10666,5481,15368,21457,40570,28097,0,0,15466,8208,14317,3190,4981,450,54,0,0,89,40706,3874,8505,0,0,0,0,0
641,10285,642.3265405729497,99840,127,72,128,28,35073,18483,0.5364182692307692,109,27,23635,23012,10619,5458,15380,21401,40616,28160,0,0,15406,8179,14342,3186,4986,455,59,0,0,98,40752,3857,8520,0,0,0,0,0
642,10285,643.3867403012482,99840,140,68,128,28,35103,18491,0.5367988782051282,106,26,23663,23069,10583,5431,15378,21376,40662,28223,0,0,15346,8146,14369,3179,5003,456,66,0,0,108,40795,3841,8531,0,0,0,0,0
643,10285,644.4454289244426,99840,153,69,128,28,35134,18502,0.5372195512820512,96,28,23711,23137,10529,5398,15381,21338,40707,28285,0,0,15296,8113,14393,3171,5018,459,68,0,0,122,40829,3824,8547,0,0,0,0,0
644,10285,645.5023099112279,99840,148,66,128,28,35155,18510,0.5375100160256411,105,32,23731,23185,10500,5388,15386,21299,40752,28347,0,0,15226,8078,14419,3168,5033,460,78,0,0,134,40877,3814,8553,0,0,0,0,0
645,10285,646.0299501765836,99840,152,59,128,28,35166,18517,0.5376903044871795,108,32,23733,23191,10458,5384,15419,21304,40796,28409,0,0,15175,8041,14453,3162,5040,464,82,0,0,144,40914,3800,8565,0,0,0,0,0
646,10285,647.0857822719056,99840,162,59,128,28,35192,18525,0.5380308493589744,114,40,23768,23241,10412,5360,15414,21270,40840,28470,0,0,15110,8011,14480,3159,5046,467,87,0,0,153,40965,3788,8574,0,0,0,0,0
647,10285,648.1398407652567,99840,160,52,128,28,35216,18529,0.5383112980769231,128,46,23812,23310,10356,5333,15414,21229,40883,28531,0,0,15046,7982,14499,3155,5062,471,94,0,0,162,41013,3773,8583,0,0,0,0,0
648,10285,649.1917727911922,99839,171,56,129,28,35253,18539,0.5387874477909435,119,51,23861,23372,10318,5308,15400,21183,40926,28591,0,0,14993,7948,14522,3147,5081,473,103,0,0,168,41051,3755,8598,0,0,0,0,0
649,10285,650.241594107261,99838,177,62,130,28,35283,18556,0.5392636070434104,121,46,23905,23421,10266,5296,15399,21145,40969,28651,0,0,14931,7920,14542,3140,5095,478,111,0,0,178,41094,3741,8608,0,0,0,0,0
650,10285,651.2892985182498,99838,188,68,130,28,35316,18569,0.5397243534525932,109,45,23935,23452,10240,5278,15396,21127,41011,28711,0,0,14871,7889,14563,3140,5110,478,114,0,0,188,41141,3726,8618,0,0,0,0,0
651,10285,652.3354070615571,99838,197,66,130,28,35348,18581,0.5401650674092029,107,45,23954,23505,10214,5269,15396,21085,41053,28770,0,0,14807,7866,14576,3135,5131,480,119,0,0,200,41188,3712,8624,0,0,0,0,0
652,10285,653.3804880474278,99838,183,68,130,28,35372,18592,0.5405156353292334,116,48,23987,23547,10194,5260,15388,21047,41094,28829,0,0,14746,7843,14585,3129,5153,483,130,0,0,215,41223,3692,8639,0,0,0,0,0
653,10285,654.4242422255994,99838,191,67,130,28,35401,18601,0.5408962519281235,109,63,24016,23587,10159,5243,15393,21010,41135,28887,0,0,14686,7820,14605,3118,5165,486,134,0,0,233,41261,3681,8649,0,0,0,0,0
654,10285,655.4668819176271,99838,187,68,130,28,35430,18622,0.5413970632424527,118,56,24050,23645,10130,5238,15383,20963,41176,28945,0,0,14620,7787,14629,3121,5178,486,147,0,0,257,41290,3665,8658,0,0,0,0,0
655,10285,656.5079980475106,99838,180,76,130,28,35450,18637,0.5417476311624833,120,51,24081,23688,10107,5217,15380,20938,41216,29003,0,0,14563,7765,14645,3114,5192,491,152,0,0,269,41330,3648,8669,0,0,0,0,0
656,10285,657.027471237762,99838,178,80,130,28,35466,18643,0.5419679881407881,123,55,24079,23688,10079,5203,15409,20944,41256,29060,0,0,14510,7739,14667,3106,5210,491,153,0,0,278,41373,3637,8674,0,0,0,0,0
657,10285,658.067273285996,99838,179,85,130,28,35495,18658,0.5424087020973978,126,52,24113,23724,10047,5192,15403,20917,41296,29117,0,0,14450,7713,14688,3102,5222,494,161,0,0,295,41408,3623,8682,0,0,0,0,0
658,10285,659.105468312947,99838,180,98,130,28,35523,18676,0.5428694485065807,133,46,24158,23771,10013,5172,15384,20883,41335,29174,0,0,14385,7688,14705,3097,5234,496,172,0,0,305,41452,3611,8693,0,0,0,0,0
659,10285,660.1421242779373,99838,190,98,130,28,35564,18696,0.5434804383100623,128,45,24193,23816,9979,5170,15378,20841,41374,29230,0,0,14335,7659,14724,3098,5248,501,176,0,0,328,41475,3591,8703,0,0,0,0,0
660,10285,661.1768297994078,99838,206,92,130,28,35602,18708,0.5439812496243915,124,50,24227,23856,9941,5164,15370,20808,41412,29286,0,0,14283,7626,14749,3092,5264,503,180,0,0,346,41505,3580,8710,0,0,0,0,0
661,10285,662.2098818939635,99838,191,100,130,28,35627,18731,0.5444620284861476,129,48,24271,23894,9911,5149,15366,20779,41450,29341,0,0,14222,7595,14766,3089,5284,506,187,0,0,367,41538,3571,8713,0,0,0,0,0
662,10285,663.2413582335835,99838,200,99,130,28,35659,18741,0.5448827099901841,127,56,24307,23943,9887,5135,15347,20737,41488,29396,0,0,14171,7560,14792,3084,5301,506,195,0,0,379,41569,3560,8721,0,0,0,0,0
663,10285,664.2708727757148,99838,203,93,130,28,35694,18752,0.545343456399367,130,62,24339,23977,9861,5129,15335,20709,41525,29451,0,0,14107,7534,14807,3089,5314,508,205,0,0,397,41605,3544,8728,0,0,0,0,0
664,10285,665.299014850129,99838,202,90,130,28,35724,18764,0.5457641379034035,128,71,24389,24014,9819,5126,15330,20669,41562,29505,0,0,14053,7510,14818,3084,5336,510,215,0,0,411,41635,3525,8741,0,0,0,0,0
665,10285,666.3254348822161,99838,207,97,130,28,35759,18783,0.546305014122879,135,70,24426,24061,9790,5120,15310,20622,41599,29559,0,0,14002,7482,14836,3081,5353,511,223,0,0,427,41662,3507,8754,0,0,0,0,0
666,10285,667.3498447894875,99838,210,93,130,28,35797,18795,0.5468058254372082,132,69,24438,24111,9772,5110,15316,20587,41635,29613,0,0,13948,7459,14846,3078,5370,515,233,0,0,446,41687,3487,8769,0,0,0,0,0
667,10285,668.3734920714886,99838,213,100,130,28,35834,18816,0.5473867665618302,131,64,24461,24129,9763,5110,15300,20567,41671,29666,0,0,13894,7428,14863,3076,5388,516,244,0,0,466,41710,3475,8778,0,0,0,0,0
668,10285,669.3962830740904,99838,214,107,130,28,35865,18837,0.5479076103287326,131,57,24484,24187,9740,5098,15299,20521,41707,29719,0,0,13842,7400,14879,3071,5411,517,250,0,0,484,41738,3466,8780,0,0,0,0,0
669,10285,670.4183003303451,99838,226,105,130,28,35912,18855,0.5485586650373605,128,62,24514,24229,9719,5099,15281,20475,41742,29772,0,0,13783,7370,14895,3072,5427,520,260,0,0,503,41768,3453,8787,0,0,0,0,0
670,10285,671.4385373865048,99838,224,110,130,28,35948,18870,0.5490694925779763,131,60,24555,24265,9687,5085,15271,20450,41777,29824,0,0,13730,7341,14911,3071,5449,520,268,0,0,519,41797,3438,8794,0,0,0,0,0
671,10285,672.4574019064406,99838,233,113,130,28,35982,18891,0.5496203850237384,133,51,24582,24335,9652,5068,15268,20403,41812,29876,0,0,13679,7313,14934,3061,5469,520,277,0,0,542,41816,3430,8797,0,0,0,0,0
672,10285,673.4747697368434,99838,237,115,130,28,36025,18910,0.5502413910535067,137,51,24612,24381,9633,5056,15249,20367,41846,29928,0,0,13620,7290,14948,3064,5482,523,289,0,0,566,41839,3413,8804,0,0,0,0,0
673,10285,674.490838125855,99838,236,114,130,28,36059,18923,0.5507121536889762,137,57,24658,24425,9603,5041,15234,20333,41880,29979,0,0,13571,7257,14967,3058,5502,527,298,0,0,583,41862,3406,8807,0,0,0,0,0
674,10285,675.5052355364851,99838,247,117,130,28,36100,18941,0.5513031110398846,129,57,24681,24459,9586,5025,15225,20312,41914,30030,0,0,13512,7236,14980,3054,5516,531,307,0,0,601,41894,3396,8811,0,0,0,0,0
675,10285,676.0117058439562,99838,251,118,130,28,36117,18944,0.5515034355656163,131,58,24676,24470,9558,5013,15252,20311,41948,30081,0,0,13465,7211,14999,3048,5531,531,310,0,0,603,41935,3386,8819,0,0,0,0,0
676,10285,677.025076388625,99838,234,125,130,28,36145,18966,0.5520042468799455,141,54,24699,24517,9550,5002,15244,20272,41981,30131,0,0,13411,7180,15016,3048,5552,532,320,0,0,626,41956,3374,8823,0,0,0,0,0
677,10285,678.037479722877,99838,233,115,130,28,36180,18973,0.552424928383982,155,65,24721,24579,9533,4989,15226,20222,42014,30181,0,0,13351,7162,15024,3042,5571,536,328,0,0,648,41986,3365,8825,0,0,0,0,0
678,10285,679.0488199633841,99838,235,110,130,28,36208,18983,0.5528055449828723,162,72,24762,24621,9505,4980,15204,20187,42047,30231,0,0,13302,7138,15038,3037,5593,537,334,0,0,663,42013,3354,8829,0,0,0,0,0
679,10285,680.0586464294596,99838,236,117,130,28,36242,19003,0.5533464212023478,180,65,24789,24671,9475,4969,15188,20148,42079,30280,0,0,13247,7115,15051,3037,5605,543,344,0,0,677,42044,3343,8832,0,0,0,0,0
680,10285,681.0669326174224,99838,251,119,130,28,36294,19016,0.5539974759109758,168,71,24798,24729,9460,4954,15191,20097,42111,30329,0,0,13202,7086,15066,3038,5625,546,350,0,0,694,42066,3331,8834,0,0,0,0,0
681,10285,682.0747038862827,99838,263,123,130,28,36331,19036,0.5545684008093111,171,67,24810,24784,9441,4944,15183,20052,42143,30378,0,0,13155,7062,15077,3034,5644,549,356,0,0,706,42094,3318,8843,0,0,0,0,0
682,10285,683.0817326502379,99838,273,125,130,28,36381,19053,0.5552394879705123,161,74,24828,24832,9433,4937,15173,20002,42175,30426,0,0,13101,7036,15093,3033,5659,551,366,0,0,732,42112,3308,8847,0,0,0,0,0
683,10285,684.0881937759583,99838,271,127,130,28,36418,19065,0.5557302830585549,165,84,24854,24867,9417,4925,15161,19967,42206,30474,0,0,13049,7014,15103,3034,5678,554,371,0,0,750,42141,3297,8847,0,0,0,0,0
684,10285,685.0934401049975,99838,267,128,130,28,36450,19082,0.5562210781465975,174,85,24874,24917,9400,4918,15153,19922,42237,30522,0,0,12996,6998,15113,3027,5696,557,377,0,0,777,42160,3287,8850,0,0,0,0,0
685,10285,686.0977098670003,99838,288,139,130,28,36499,19105,0.5569422464392315,171,78,24914,24953,9364,4914,15131,19886,42268,30569,0,0,12956,6968,15130,3025,5716,559,380,0,0,792,42182,3278,8852,0,0,0,0,0
686,10285,687.1006776948807,99838,298,123,130,28,36549,19119,0.5575832849215729,161,81,24940,25009,9355,4917,15114,19840,42298,30616,0,0,12900,6940,15143,3026,5737,565,395,0,0,815,42200,3271,8846,0,0,0,0,0
687,10285,688.1023813281976,99837,289,117,131,28,36586,19138,0.5581497841481615,168,86,24971,25061,9344,4915,15095,19791,42328,30663,0,0,12844,6911,15152,3027,5761,569,407,0,0,838,42218,3266,8844,0,0,0,0,0
688,10285,689.1027781187646,99837,281,124,131,28,36622,19163,0.5587607800715165,163,76,25001,25117,9342,4915,15080,19738,42358,30710,0,0,12803,6887,15161,3021,5789,571,413,0,0,867,42224,3253,8848,0,0,0,0,0
689,10285,690.1020528246264,99837,291,131,131,28,36670,19186,0.5594719392609955,158,80,25015,25161,9321,4903,15082,19695,42388,30756,0,0,12756,6861,15174,3020,5809,573,424,0,0,885,42242,3238,8855,0,0,0,0,0
690,10285,691.100624649172,99837,289,131,131,28,36713,19206,0.5601029678375753,163,80,25047,25201,9309,4906,15059,19652,42417,30802,0,0,12703,6840,15181,3021,5824,578,434,0,0,910,42260,3222,8864,0,0,0,0,0
691,10285,692.0981255903309,99837,305,134,131,28,36765,19226,0.5608241433536665,157,83,25059,25255,9295,4897,15051,19601,42446,30848,0,0,12655,6817,15195,3020,5838,582,442,0,0,935,42275,3212,8866,0,0,0,0,0
692,10285,693.0947537998001,99837,291,142,131,28,36798,19248,0.5613750413173473,163,79,25080,25278,9298,4892,15035,19579,42475,30893,0,0,12616,6792,15203,3015,5858,590,448,0,0,956,42286,3200,8873,0,0,0,0,0
693,10285,694.0905469614403,99837,297,136,131,28,36845,19262,0.5619860372407024,166,85,25121,25333,9277,4887,15006,19529,42504,30938,0,0,12563,6768,15213,3012,5881,590,460,0,0,984,42299,3193,8874,0,0,0,0,0
694,10285,695.0850928399585,99837,296,152,131,28,36883,19296,0.5627072127567936,167,79,25139,25377,9265,4880,15000,19482,42532,30983,0,0,12511,6742,15230,3009,5899,590,474,0,0,1011,42309,3188,8874,0,0,0,0,0
695,10285,696.0785489935699,99837,297,147,131,28,36933,19310,0.5633482576599858,173,84,25170,25436,9260,4877,14967,19426,42560,31027,0,0,12463,6722,15236,3020,5914,596,482,0,0,1036,42324,3168,8876,0,0,0,0,0
696,10285,697.0707177871672,99837,308,157,131,28,36983,19336,0.5641094984825266,176,88,25187,25482,9242,4868,14954,19375,42588,31071,0,0,12423,6705,15245,3016,5935,598,489,0,0,1061,42331,3149,8885,0,0,0,0,0
697,10285,698.0620285707996,99837,304,164,131,28,37021,19364,0.5647705760389434,175,84,25203,25548,9235,4865,14950,19309,42616,31115,0,0,12373,6682,15249,3020,5952,602,498,0,0,1085,42348,3137,8891,0,0,0,0,0
698,10285,699.0525174028905,99837,298,168,131,28,37061,19387,0.5654016046155234,180,81,25219,25598,9240,4864,14930,19259,42643,31159,0,0,12322,6659,15257,3024,5970,605,507,0,0,1112,42362,3128,8891,0,0,0,0,0
699,10285,700.0422866418681,99837,324,163,131,28,37120,19407,0.5661928944179012,155,94,25235,25636,9230,4865,14923,19212,42670,31202,0,0,12277,6633,15270,3023,5994,606,517,0,0,1132,42376,3118,8891,0,0,0,0,0
700,10285,701.0315619025445,99837,310,151,131,28,37143,19427,0.5666235964622335,179,95,25258,25681,9214,4872,14906,19171,42697,31245,0,0,12234,6606,15282,3026,6018,607,526,0,0,1161,42381,3104,8892,0,0,0,0,0
701,10285,702.0199888781613,99837,321,153,131,28,37199,19460,0.5675150495307351,173,88,25289,25714,9194,4881,14890,19134,42724,31288,0,0,12191,6578,15283,3035,6044,607,533,0,0,1194,42384,3089,8899,0,0,0,0,0
702,10285,703.0071590742252,99837,314,156,131,28,37237,19481,0.5681060128008654,181,79,25311,25774,9178,4872,14883,19089,42750,31331,0,0,12141,6551,15295,3039,6057,611,544,0,0,1219,42397,3081,8902,0,0,0,0,0
703,10285,704.4860605554395,99837,308,150,131,28,37303,19505,0.5690074821959794,192,81,25347,25854,9177,4878,14843,19007,42776,31373,0,0,12090,6521,15308,3049,6070,618,561,0,0,1266,42384,3067,8903,0,0,0,0,0
704,10285,705.4707085496062,99837,307,144,131,28,37354,19517,0.5696385107725592,199,95,25374,25898,9171,4871,14816,18962,42802,31415,0,0,12050,6497,15316,3056,6094,620,569,0,0,1291,42390,3047,8907,0,0,0,0,0
705,10285,706.454476066971,99837,321,149,131,28,37400,19541,0.5703396536354257,192,95,25391,25930,9165,4871,14798,18925,42828,31457,0,0,12006,6469,15327,3057,6115,624,578,0,0,1301,42413,3041,8906,0,0,0,0,0
706,10285,707.4374361229294,99837,316,147,131,28,37450,19560,0.5710307801716799,176,101,25435,25962,9167,4872,14773,18888,42854,31498,0,0,11959,6442,15332,3067,6134,629,588,0,0,1327,42424,3027,8908,0,0,0,0,0
707,10285,708.4190781657959,99837,313,150,131,28,37495,19587,0.571751955687771,181,103,25465,26006,9156,4871,14752,18840,42879,31539,0,0,11912,6414,15342,3072,6157,631,602,0,0,1353,42430,3018,8906,0,0,0,0,0
708,10285,709.3993188698955,99837,320,152,131,28,37538,19612,0.5724330658974128,193,107,25479,26036,9152,4871,14723,18804,42904,31580,0,0,11877,6393,15343,3070,6180,633,605,0,0,1380,42434,3005,8917,0,0,0,0,0
709,10285,710.3784923802831,99837,324,168,131,28,37586,19646,0.5732544046796277,186,99,25516,26062,9145,4877,14696,18764,42929,31621,0,0,11832,6369,15353,3066,6199,637,620,0,0,1404,42440,2997,8920,0,0,0,0,0
710,10285,711.3567550852359,99837,327,167,131,28,37632,19669,0.5739455312158819,184,104,25539,26099,9147,4872,14670,18728,42954,31661,0,0,11793,6347,15364,3062,6217,639,626,0,0,1444,42433,2988,8924,0,0,0,0,0
711,10285,712.333886918321,99837,327,163,131,28,37672,19689,0.5745465108126245,180,116,25557,26144,9145,4868,14658,18679,42978,31701,0,0,11753,6326,15374,3060,6232,645,637,0,0,1468,42437,2973,8932,0,0,0,0,0
712,10285,713.3102860875687,99837,316,163,131,28,37714,19716,0.5752376373488787,185,108,25570,26199,9152,4871,14644,18629,43002,31741,0,0,11716,6306,15378,3063,6261,649,639,0,0,1503,42436,2959,8927,0,0,0,0,0
713,10285,714.2861815151039,99837,331,160,131,28,37765,19742,0.5760088944980318,190,102,25609,26232,9124,4877,14613,18599,43026,31781,0,0,11677,6287,15383,3060,6278,655,646,0,0,1534,42436,2949,8932,0,0,0,0,0
714,10285,715.2608205518808,99837,332,162,131,28,37812,19765,0.5767100373608982,191,111,25624,26271,9126,4881,14594,18545,43050,31820,0,0,11637,6268,15392,3051,6306,657,655,0,0,1566,42433,2944,8928,0,0,0,0,0
715,10285,716.2345217800121,99837,336,158,131,28,37863,19783,0.5774011638971523,185,123,25652,26300,9118,4880,14576,18509,43074,31859,0,0,11589,6249,15391,3061,6320,664,663,0,0,1587,42449,2931,8933,0,0,0,0,0
716,10285,717.2070371690647,99837,326,163,131,28,37899,19808,0.5780121598205075,197,120,25678,26336,9121,4878,14545,18473,43097,31898,0,0,11552,6224,15400,3063,6335,671,673,0,0,1611,42451,2919,8938,0,0,0,0,0
717,10285,718.1786930046901,99837,340,175,131,28,37957,19839,0.578903612889009,190,120,25692,26376,9124,4867,14521,18432,43120,31937,0,0,11511,6204,15405,3062,6351,676,679,0,0,1642,42455,2912,8940,0,0,0,0,0
718,10285,719.1495763217496,99837,334,184,131,28,38002,19878,0.5797449843244489,188,102,25735,26412,9118,4879,14492,18393,43143,31975,0,0,11467,6191,15406,3062,6379,677,687,0,0,1682,42449,2900,8937,0,0,0,0,0
719,10285,720.1191724999104,99837,335,180,131,28,38060,19898,0.5805262578002144,176,112,25750,26443,9137,4878,14469,18357,43166,32013,0,0,11421,6172,15405,3064,6399,682,700,0,0,1715,42447,2888,8944,0,0,0,0,0
720,10285,721.0878815361217,99837,317,180,131,28,38095,19925,0.5811472700501817,179,106,25788,26483,9142,4888,14441,18313,43189,32051,0,0,11381,6160,15406,3064,6422,685,707,0,0,1753,42440,2870,8949,0,0,0,0,0
721,10285,722.055861747873,99837,313,176,131,28,38138,19948,0.5818083476065987,184,105,25814,26516,9141,4895,14415,18278,43212,32089,0,0,11337,6136,15414,3061,6452,686,720,0,0,1781,42442,2865,8943,0,0,0,0,0
722,10285,723.0226711523699,99837,326,181,131,28,38196,19979,0.5826998006751004,172,106,25866,26538,9118,4903,14385,18242,43234,32126,0,0,11298,6118,15414,3058,6478,687,730,0,0,1811,42440,2852,8951,0,0,0,0,0
723,10285,724.469873987575,99837,297,186,131,28,38255,20018,0.5836814006831135,178,91,25912,26616,9135,4903,14345,18174,43256,32163,0,0,11262,6090,15411,3069,6507,696,738,0,0,1864,42414,2836,8950,0,0,0,0,0
724,10285,725.4331304288343,99837,302,176,131,28,38299,20033,0.5842723639532438,180,98,25926,26656,9126,4909,14333,18131,43278,32200,0,0,11224,6071,15413,3070,6527,702,744,0,0,1888,42422,2826,8950,0,0,0,0,0
725,10285,726.3959127583327,99837,304,170,131,28,38338,20061,0.5849434578362731,181,97,25964,26680,9110,4925,14308,18098,43300,32237,0,0,11181,6057,15413,3065,6552,704,750,0,0,1926,42421,2820,8948,0,0,0,0,0
726,10285,727.3574177736693,99837,308,164,131,28,38382,20081,0.5855845027394653,183,97,25979,26729,9107,4923,14290,18057,43322,32273,0,0,11148,6034,15422,3065,6573,707,754,0,0,1954,42421,2808,8951,0,0,0,0,0
727,10285,728.3181439757794,99837,316,168,131,28,38435,20105,0.5863557598886184,176,102,25997,26773,9107,4927,14271,18000,43343,32309,0,0,11113,6022,15417,3061,6598,710,757,0,0,1987,42419,2798,8955,0,0,0,0,0
728,10285,729.2781843750339,99837,314,164,131,28,38477,20127,0.5869968047918106,179,99,26018,26815,9113,4936,14243,17956,43364,32345,0,0,11079,6003,15419,3056,6630,712,763,0,0,2017,42417,2790,8951,0,0,0,0,0
729,10285,730.2375817233731,99837,322,166,131,28,38527,20155,0.5877780782675761,168,91,26059,26857,9106,4941,14212,17915,43385,32381,0,0,11042,5985,15415,3059,6655,715,769,0,0,2043,42420,2779,8955,0,0,0,0,0
730,10285,731.1957199363785,99837,322,168,131,28,38561,20176,0.5883289762312569,184,97,26073,26904,9088,4933,14200,17868,43406,32417,0,0,11012,5965,15425,3051,6677,717,774,0,0,2067,42420,2770,8959,0,0,0,0,0
731,10285,732.1530051202656,99837,315,169,131,28,38602,20199,0.5889700211344492,202,90,26075,26955,9090,4935,14185,17821,43427,32452,0,0,10974,5942,15431,3052,6702,717,780,0,0,2097,42421,2761,8960,0,0,0,0,0
732,10285,733.1099383235772,99837,304,162,131,28,38646,20218,0.589601049711029,210,92,26098,26997,9095,4937,14160,17782,43448,32487,0,0,10928,5923,15440,3051,6723,722,793,0,0,2131,42417,2757,8952,0,0,0,0,0
733,10285,734.0661078513267,99837,314,164,131,28,38701,20243,0.5904023558400192,188,86,26124,27052,9091,4938,14150,17730,43468,32522,0,0,10892,5904,15445,3050,6743,727,803,0,0,2160,42414,2748,8951,0,0,0,0,0
734,10285,735.0215829789604,99837,311,156,131,28,38738,20263,0.5909732864569248,199,84,26151,27094,9085,4947,14121,17689,43488,32557,0,0,10856,5888,15448,3048,6763,733,813,0,0,2188,42409,2740,8951,0,0,0,0,0
735,10285,736.4528772495108,99836,316,164,132,28,38808,20293,0.5919808485916904,202,92,26181,27158,9090,4944,14077,17612,43508,32591,0,0,10825,5870,15452,3043,6794,738,818,0,0,2227,42392,2732,8945,0,0,0,0,0
736,10285,737.4059127291441,99836,315,170,132,28,38853,20319,0.5926920149044432,205,85,26200,27183,9090,4950,14056,17582,43528,32625,0,0,10784,5856,15453,3039,6818,742,829,0,0,2253,42395,2726,8941,0,0,0,0,0
737,10285,738.3584400281898,99836,334,174,132,28,38906,20341,0.593443246924957,208,89,26218,27216,9084,4950,14022,17541,43548,32659,0,0,10748,5838,15460,3041,6836,745,831,0,0,2270,42409,2718,8940,0,0,0,0,0
738,10285,739.3100957073536,99835,343,172,133,28,38958,20363,0.5941904141834026,203,91,26243,27252,9078,4947,13998,17508,43568,32693,0,0,10713,5821,15456,3037,6867,749,841,0,0,2287,42414,2709,8941,0,0,0,0,0
739,10285,740.2605735174615,99835,352,169,133,28,39017,20390,0.5950518355286222,189,90,26269,27310,9078,4948,13977,17453,43587,32727,0,0,10677,5798,15458,3040,6892,752,851,0,0,2319,42406,2700,8942,0,0,0,0,0
740,10285,741.2101075777575,99835,366,170,133,28,39070,20410,0.5957830420193319,186,102,26293,27351,9073,4941,13947,17406,43606,32760,0,0,10646,5778,15468,3032,6912,756,858,0,0,2343,42406,2693,8943,0,0,0,0,0
741,10285,742.1585980924297,99835,357,170,133,28,39110,20436,0.5964441328191517,187,99,26312,27388,9074,4944,13935,17369,43625,32793,0,0,10610,5760,15472,3036,6932,759,865,0,0,2377,42399,2682,8943,0,0,0,0,0
742,10285,743.1066107658568,99835,353,162,133,28,39154,20454,0.5970651575098913,196,99,26323,27444,9076,4940,13917,17325,43644,32826,0,0,10577,5740,15477,3042,6953,765,873,0,0,2401,42397,2669,8941,0,0,0,0,0
743,10285,744.0541345512642,99835,348,163,133,28,39198,20476,0.597726248309711,198,104,26340,27488,9084,4940,13895,17275,43663,32859,0,0,10547,5717,15479,3048,6973,768,875,0,0,2430,42392,2659,8947,0,0,0,0,0
744,10285,745.0010155791701,99834,344,171,134,28,39248,20504,0.59851353246389,187,105,26379,27532,9081,4935,13873,17227,43682,32892,0,0,10520,5699,15476,3047,6991,777,873,0,0,2469,42381,2654,8947,0,0,0,0,0
745,10285,746.4195743299539,99834,327,173,134,28,39302,20540,0.5994150289480538,199,110,26412,27617,9105,4925,13821,17145,43701,32924,0,0,10477,5673,15472,3061,7019,781,888,0,0,2506,42372,2640,8945,0,0,0,0,0
746,10285,747.364038609923,99833,351,168,135,28,39365,20563,0.6002824717277854,190,114,26435,27644,9096,4932,13791,17112,43719,32956,0,0,10440,5655,15478,3059,7044,783,902,0,0,2526,42372,2630,8944,0,0,0,0,0
747,10285,748.3076572968914,99833,352,167,135,28,39420,20586,0.6010637765067663,176,112,26440,27694,9115,4930,13780,17067,43737,32988,0,0,10407,5628,15481,3070,7064,787,913,0,0,2553,42366,2618,8946,0,0,0,0,0
748,10285,749.251101862369,99833,345,170,135,28,39465,20614,0.6017949976460689,179,116,26465,27723,9119,4934,13755,17027,43755,33020,0,0,10367,5613,15480,3070,7090,788,923,0,0,2589,42360,2610,8943,0,0,0,0,0
749,10285,750.1937636354697,99832,337,186,136,28,39506,20647,0.6025422710153057,190,107,26490,27751,9112,4935,13733,16991,43773,33052,0,0,10340,5594,15481,3074,7109,793,922,0,0,2620,42354,2603,8942,0,0,0,0,0
750,10285,751.1355497909519,99832,316,187,136,28,39536,20671,0.6030831797419665,206,104,26509,27787,9121,4944,13710,16948,43791,33083,0,0,10303,5579,15484,3070,7129,798,933,0,0,2655,42344,2598,8939,0,0,0,0,0
751,10285,752.0764919100153,99832,308,184,136,28,39576,20698,0.6037543072361568,217,100,26517,27845,9126,4945,13694,16896,43809,33114,0,0,10273,5558,15483,3064,7160,802,944,0,0,2685,42332,2592,8939,0,0,0,0,0
752,10285,753.0172013183872,99832,334,185,136,28,39644,20727,0.6047259395784919,196,99,26549,27868,9119,4950,13664,16868,43827,33145,0,0,10246,5540,15482,3064,7185,807,949,0,0,2715,42323,2584,8937,0,0,0,0,0
753,10285,754.4263517315569,99829,350,184,139,28,39723,20757,0.6058359795249877,195,113,26581,27937,9111,4953,13622,16783,43844,33176,0,0,10209,5522,15480,3072,7208,815,956,0,0,2749,42316,2574,8928,0,0,0,0,0
754,10285,755.364465039912,99829,349,181,139,28,39769,20775,0.6064770757996173,193,123,26608,27974,9111,4952,13598,16740,43861,33207,0,0,10174,5507,15474,3068,7241,819,962,0,0,2768,42324,2570,8922,0,0,0,0,0
755,10285,756.3017023039132,99829,354,184,139,28,39824,20808,0.607358583177233,184,113,26636,28028,9119,4962,13566,16683,43878,33237,0,0,10141,5496,15473,3061,7268,824,971,0,0,2803,42309,2563,8920,0,0,0,0,0
756,10285,757.2379643664462,99829,354,188,139,28,39870,20835,0.6080898336154825,187,110,26649,28069,9126,4969,13543,16634,43895,33267,0,0,10111,5480,15473,3059,7301,826,976,0,0,2827,42307,2557,8912,0,0,0,0,0
757,10285,758.1738372926678,99829,349,184,139,28,39916,20858,0.6087810155365675,191,120,26664,28106,9135,4972,13520,16588,43912,33297,0,0,10079,5466,15464,3054,7336,828,984,0,0,2860,42298,2550,8910,0,0,0,0,0
758,10285,759.109059006745,99829,342,189,139,28,39955,20885,0.6094421460697793,190,121,26693,28143,9138,4966,13496,16551,43929,33327,0,0,10051,5455,15457,3050,7362,832,988,0,0,2893,42289,2541,8911,0,0,0,0,0
759,10285,760.0434272060496,99829,330,198,139,28,39991,20919,0.6101433451201554,208,112,26694,28170,9148,4966,13479,16524,43946,33357,0,0,10022,5434,15464,3056,7378,836,994,0,0,2926,42277,2530,8912,0,0,0,0,0
760,10285,761.4442894930716,99829,334,197,139,28,40056,20956,0.6111650923078464,214,132,26729,28228,9148,4959,13434,16454,43962,33386,0,0,9980,5420,15458,3050,7407,842,1010,0,0,2966,42260,2527,8909,0,0,0,0,0
761,10285,762.3770970697353,99829,324,206,139,28,40099,20983,0.6118662913582226,216,135,26751,28256,9157,4957,13411,16416,43978,33415,0,0,9946,5399,15459,3052,7428,845,1018,0,0,2994,42257,2523,8908,0,0,0,0,0
762,10285,763.3091167590671,99828,333,198,139,29,40156,21006,0.6126737989341667,202,139,26772,28302,9160,4965,13392,16365,43994,33444,0,0,9912,5381,15466,3055,7450,848,1027,0,0,3028,42246,2515,8900,0,0,0,0,0
763,10285,764.2404220797648,99828,338,205,139,29,40207,21034,0.6134651600753296,200,132,26797,28345,9161,4971,13363,16316,44010,33473,0,0,9875,5365,15462,3052,7476,851,1037,0,0,3048,42251,2511,8900,0,0,0,0,0
764,10285,765.17095911926,99828,332,213,139,29,40251,21065,0.6142164522979525,207,129,26817,28393,9173,4974,13330,16260,44026,33502,0,0,9845,5352,15462,3045,7502,853,1041,0,0,3086,42237,2506,8899,0,0,0,0,0
765,10285,766.1006869022167,99828,341,211,139,29,40292,21097,0.6149477100613054,206,121,26843,28438,9161,4981,13308,16218,44042,33531,0,0,9822,5335,15471,3041,7522,856,1045,0,0,3123,42218,2499,8896,0,0,0,0,0
766,10285,767.0295578056744,99828,348,211,139,29,40341,21120,0.6156689505950235,195,124,26863,28465,9168,4985,13285,16184,44058,33559,0,0,9794,5323,15471,3041,7534,864,1052,0,0,3152,42209,2488,8900,0,0,0,0,0
767,10285,768.4214784529512,99828,354,222,139,29,40424,21169,0.6169912249068398,183,123,26894,28534,9187,4993,13241,16097,44074,33587,0,0,9753,5306,15458,3043,7572,871,1063,0,0,3192,42195,2483,8892,0,0,0,0,0
768,10285,769.3484950021468,99828,347,227,139,29,40460,21194,0.6176022759145731,199,118,26899,28576,9192,4991,13222,16057,44090,33615,0,0,9719,5298,15453,3038,7594,875,1073,0,0,3215,42194,2473,8896,0,0,0,0,0
769,10285,770.2752292132507,99828,346,221,139,29,40504,21218,0.6182834475297512,205,119,26926,28609,9179,5004,13203,16016,44105,33643,0,0,9685,5282,15455,3039,7610,878,1085,0,0,3253,42177,2466,8898,0,0,0,0,0
770,10285,771.2011070118939,99828,361,221,139,29,40562,21256,0.6192451015747085,201,107,26935,28648,9176,5022,13186,15971,44120,33671,0,0,9658,5269,15447,3040,7636,884,1091,0,0,3287,42163,2455,8898,0,0,0,0,0
771,10285,772.1265382640848,99827,349,210,140,29,40596,21274,0.619772205916235,208,104,26956,28707,9175,5028,13170,15920,44135,33699,0,0,9629,5251,15453,3043,7656,887,1100,0,0,3319,42147,2447,8895,0,0,0,0,0
772,10285,773.0514826883152,99826,364,207,141,29,40654,21301,0.6206298960190731,208,103,26973,28740,9173,5038,13139,15881,44150,33726,0,0,9610,5229,15453,3048,7680,892,1103,0,0,3346,42133,2437,8895,0,0,0,0,0
773,10285,774.437360609703,99826,355,205,141,29,40720,21344,0.6217217959249094,216,94,27025,28795,9186,5048,13075,15827,44165,33753,0,0,9569,5218,15442,3048,7715,897,1121,0,0,3396,42102,2426,8892,0,0,0,0,0
774,10285,775.3600398427029,99826,363,207,141,29,40769,21363,0.6224029811872659,207,97,27042,28840,9181,5048,13064,15777,44180,33780,0,0,9536,5204,15442,3045,7732,902,1130,0,0,3419,42103,2423,8890,0,0,0,0,0
775,10285,776.2818434167638,99826,359,198,141,29,40819,21381,0.6230841664496224,206,99,27074,28879,9197,5061,13021,15732,44195,33807,0,0,9504,5193,15437,3048,7757,907,1135,0,0,3455,42092,2417,8881,0,0,0,0,0
776,10285,777.2028521396018,99826,367,202,141,29,40864,21408,0.623805421433294,205,107,27099,28904,9202,5063,12984,15693,44210,33834,0,0,9480,5182,15438,3042,7781,909,1138,0,0,3485,42081,2411,8879,0,0,0,0,0
777,10285,778.1227840055126,99826,366,201,141,29,40916,21435,0.624596798429267,195,104,27123,28936,9217,5071,12956,15657,44224,33861,0,0,9453,5159,15449,3044,7800,912,1147,0,0,3519,42059,2405,8879,0,0,0,0,0
778,10285,779.0419552612144,99826,354,194,141,29,40953,21451,0.6251277222366919,207,107,27157,28961,9218,5080,12921,15627,44238,33887,0,0,9421,5150,15443,3046,7828,917,1153,0,0,3542,42060,2397,8869,0,0,0,0,0
779,10285,780.4187190458625,99826,339,186,141,29,41020,21484,0.626129465269569,201,100,27210,29016,9244,5098,12863,15569,44252,33913,0,0,9386,5131,15441,3052,7854,927,1169,0,0,3593,42026,2388,8859,0,0,0,0,0
780,10285,781.3352325714238,99826,331,168,141,29,41063,21504,0.6267605633802817,212,99,27236,29043,9251,5123,12827,15536,44266,33939,0,0,9364,5116,15436,3049,7892,930,1175,0,0,3631,42001,2381,8851,0,0,0,0,0
781,10285,782.2510984709635,99826,332,187,141,29,41111,21534,0.6275419229459259,206,101,27251,29073,9258,5113,12810,15495,44280,33965,0,0,9336,5101,15436,3049,7909,934,1181,0,0,3655,41999,2375,8851,0,0,0,0,0
782,10285,783.1660824756411,99826,331,193,141,29,41161,21556,0.6282631779295975,193,101,27280,29108,9264,5111,12789,15456,44294,33991,0,0,9313,5088,15436,3047,7934,938,1183,0,0,3681,41991,2367,8848,0,0,0,0,0
783,10285,784.080536673854,99826,336,177,141,29,41211,21572,0.6289243283312964,189,117,27304,29129,9266,5126,12762,15420,44308,34017,0,0,9293,5068,15433,3050,7965,943,1189,0,0,3708,41977,2359,8841,0,0,0,0,0
784,10285,785.4504971858162,99826,332,177,141,29,41273,21608,0.6299060365035161,190,126,27361,29188,9267,5128,12707,15350,44322,34042,0,0,9264,5051,15435,3048,7996,948,1200,0,0,3753,41946,2354,8831,0,0,0,0,0
785,10285,786.3622455512569,99826,331,180,141,29,41314,21635,0.6305872217658726,191,119,27380,29216,9274,5137,12681,15317,44336,34067,0,0,9235,5040,15436,3047,8017,950,1209,0,0,3782,41935,2345,8830,0,0,0,0,0
786,10285,787.2732201641275,99826,352,185,141,29,41365,21665,0.6313986336225031,181,109,27408,29254,9260,5141,12656,15280,44350,34092,0,0,9210,5027,15438,3044,8034,953,1219,0,0,3806,41924,2338,8833,0,0,0,0,0
787,10285,788.1832953869598,99826,355,178,141,29,41400,21686,0.6319596097209144,180,107,27435,29291,9262,5150,12625,15243,44363,34117,0,0,9191,5016,15437,3042,8054,958,1218,0,0,3838,41911,2333,8828,0,0,0,0,0
788,10285,789.0924518099723,99826,356,183,141,29,41442,21705,0.6325706729709695,187,118,27460,29314,9255,5152,12599,15202,44376,34142,0,0,9173,5005,15436,3037,8077,962,1222,0,0,3863,41899,2326,8826,0,0,0,0,0
789,10285,790.0006803108674,99826,359,184,141,29,41486,21726,0.6332218059423397,196,123,27479,29348,9249,5156,12574,15158,44389,34167,0,0,9150,4995,15438,3027,8101,968,1228,0,0,3889,41887,2325,8818,0,0,0,0,0
790,10285,791.3614186501484,99826,348,194,141,29,41560,21770,0.6344038627211348,185,112,27526,29396,9283,5156,12515,15111,44402,34192,0,0,9126,4972,15440,3030,8132,976,1236,0,0,3935,41848,2317,8814,0,0,0,0,0
791,10285,792.2672946291855,99826,351,195,141,29,41603,21791,0.6350449782621762,190,124,27532,29429,9291,5153,12493,15068,44415,34216,0,0,9095,4963,15440,3024,8150,979,1246,0,0,3962,41839,2315,8813,0,0,0,0,0
792,10285,793.1729781715168,99826,341,199,141,29,41645,21817,0.6357261635245327,197,123,27558,29474,9304,5157,12457,15016,44428,34240,0,0,9062,4949,15439,3028,8169,984,1255,0,0,3989,41832,2312,8807,0,0,0,0,0
793,10285,794.0777916171145,99826,330,202,141,29,41686,21852,0.6364874882295194,202,116,27581,29514,9313,5171,12431,14966,44441,34264,0,0,9026,4937,15437,3030,8197,985,1271,0,0,4022,41817,2304,8800,0,0,0,0,0
794,10285,795.4336145099653,99826,320,191,141,29,41758,21889,0.6375793881353555,192,122,27622,29569,9335,5194,12388,14893,44454,34288,0,0,8998,4921,15433,3033,8227,994,1280,0,0,4084,41770,2295,8791,0,0,0,0,0
795,10285,796.3365588070476,99826,319,198,141,29,41804,21925,0.6384008174223148,191,102,27640,29594,9342,5207,12365,14868,44467,34312,0,0,8971,4904,15432,3032,8251,999,1285,0,0,4114,41759,2293,8786,0,0,0,0,0
796,10285,797.2389837658507,99826,331,191,141,29,41846,21947,0.6390419329633562,188,103,27663,29627,9336,5223,12339,14825,44480,34336,0,0,8946,4895,15431,3024,8266,1007,1291,0,0,4142,41749,2291,8784,0,0,0,0,0
797,10285,798.1407483343016,99826,325,192,141,29,41886,21973,0.6397030833650552,190,95,27689,29667,9347,5232,12306,14783,44493,34360,0,0,8920,4880,15426,3025,8285,1013,1299,0,0,4173,41736,2286,8783,0,0,0,0,0
798,10285,799.0416900879086,99826,333,180,141,29,41935,21993,0.6403942860577405,162,92,27713,29710,9363,5241,12286,14746,44505,34383,0,0,8901,4863,15429,3028,8301,1020,1301,0,0,4208,41718,2279,8778,0,0,0,0,0
799,10285,800.3918973016231,99826,328,171,141,29,41988,22025,0.6412457676356861,171,84,27752,29768,9371,5259,12235,14687,44517,34406,0,0,8874,4852,15416,3028,8327,1031,1307,0,0,4243,41698,2272,8778,0,0,0,0,0
800,10285,801.2910282975608,99826,314,165,141,29,42021,22040,0.6417266042914671,180,88,27760,29821,9389,5260,12214,14635,44529,34429,0,0,8849,4837,15422,3033,8339,1037,1312,0,0,4272,41685,2266,8774,0,0,0,0,0
801,10285,802.1898034021661,99826,305,169,141,29,42058,22063,0.6423276501111935,184,83,27794,29855,9383,5264,12191,14598,44541,34452,0,0,8826,4819,15428,3034,8350,1040,1319,0,0,4308,41664,2262,8776,0,0,0,0,0
802,10285,803.0877785510608,99826,306,175,141,29,42102,22080,0.6429387133612485,189,90,27819,29877,9383,5261,12160,14566,44553,34475,0,0,8801,4809,15426,3031,8370,1045,1327,0,0,4325,41663,2256,8773,0,0,0,0,0
803,10285,804.4331281897511,99826,321,158,141,29,42166,22107,0.6438502995211668,163,100,27864,29922,9388,5286,12121,14503,44565,34498,0,0,8769,4800,15418,3032,8395,1053,1334,0,0,4363,41646,2252,8764,0,0,0,0,0
804,10285,805.3288604974565,99826,325,158,141,29,42207,22132,0.6445114499228658,163,89,27879,29970,9386,5293,12104,14459,44577,34521,0,0,8752,4790,15415,3030,8419,1056,1336,0,0,4390,41631,2242,8765,0,0,0,0,0
805,10285,806.2240587870381,99826,295,168,141,29,42227,22156,0.6449522168573317,177,85,27901,29999,9391,5293,12093,14424,44589,34543,0,0,8734,4776,15413,3024,8444,1060,1340,0,0,4414,41618,2237,8766,0,0,0,0,0
806,10285,807.1185854220386,99826,305,172,141,29,42270,22173,0.645553262677058,162,92,27934,30027,9382,5279,12074,14399,44601,34565,0,0,8713,4767,15408,3019,8467,1061,1345,0,0,4433,41613,2234,8766,0,0,0,0,0
807,10285,808.0122786079013,99826,299,164,141,29,42301,22197,0.6461042213451406,175,92,27948,30063,9378,5291,12057,14359,44613,34587,0,0,8694,4758,15402,3015,8493,1065,1349,0,0,4465,41596,2226,8763,0,0,0,0,0
808,10285,809.3515102020382,99826,320,148,141,29,42365,22225,0.6470258249353876,175,91,27983,30113,9368,5314,12011,14303,44625,34609,0,0,8671,4742,15398,3023,8519,1072,1354,0,0,4492,41581,2218,8756,0,0,0,0,0
809,10285,810.2434031956013,99826,331,146,141,29,42400,22243,0.6475567487428125,176,91,28005,30147,9353,5321,11992,14264,44636,34631,0,0,8647,4733,15398,3023,8533,1073,1358,0,0,4515,41577,2214,8755,0,0,0,0,0
810,10285,811.134417542849,99826,324,142,141,29,42435,22261,0.6480876725502374,184,88,28028,30190,9358,5323,11963,14226,44647,34653,0,0,8630,4718,15400,3023,8554,1074,1361,0,0,4546,41557,2207,8756,0,0,0,0,0
811,10285,812.0247282210914,99826,326,147,141,29,42476,22280,0.6486887183699638,183,88,28050,30221,9361,5324,11937,14189,44658,34675,0,0,8612,4708,15399,3021,8568,1079,1367,0,0,4568,41545,2198,8761,0,0,0,0,0
812,10285,813.3590176152956,99826,335,140,141,29,42539,22305,0.6495702522388956,170,95,28079,30292,9372,5326,11901,14116,44669,34697,0,0,8587,4696,15397,3018,8591,1088,1377,0,0,4603,41524,2193,8752,0,0,0,0,0
813,10285,814.2476463450042,99826,341,135,141,29,42575,22323,0.6501111934766494,163,90,28110,30340,9366,5327,11877,14077,44680,34718,0,0,8573,4682,15401,3020,8606,1090,1376,0,0,4632,41509,2187,8750,0,0,0,0,0
814,10285,815.1356898907782,99825,340,137,141,30,42608,22346,0.6506786877034811,172,88,28131,30370,9358,5334,11856,14039,44691,34739,0,0,8552,4674,15397,3017,8627,1093,1381,0,0,4655,41500,2181,8748,0,0,0,0,0
815,10285,816.0227051638927,99825,338,142,141,30,42645,22366,0.6512496869521663,167,77,28170,30412,9348,5329,11834,14008,44702,34760,0,0,8536,4664,15394,3017,8643,1098,1380,0,0,4677,41491,2175,8750,0,0,0,0,0
816,10285,817.3513445555704,99825,324,132,141,30,42697,22383,0.6519408965689958,168,83,28228,30471,9358,5329,11779,13953,44713,34781,0,0,8515,4640,15392,3029,8664,1104,1385,0,0,4714,41468,2167,8747,0,0,0,0,0
817,10285,818.2358058093366,99825,322,133,141,30,42736,22401,0.652511895817681,157,82,28263,30506,9370,5325,11745,13922,44724,34802,0,0,8501,4625,15396,3028,8683,1107,1386,0,0,4741,41452,2160,8746,0,0,0,0,0
818,10285,819.1191076416757,99825,320,126,141,30,42773,22413,0.6530027548209366,158,88,28288,30544,9374,5323,11717,13887,44735,34823,0,0,8476,4612,15397,3035,8693,1110,1392,0,0,4771,41441,2154,8744,0,0,0,0,0
819,10285,820.001765589957,99825,316,125,141,30,42805,22431,0.653503631354871,154,87,28307,30585,9373,5320,11707,13851,44746,34844,0,0,8461,4602,15390,3033,8717,1116,1393,0,0,4786,41437,2146,8744,0,0,0,0,0
820,10285,821.3244161825548,99825,326,128,141,30,42866,22459,0.6543951915852743,159,80,28366,30645,9366,5317,11640,13798,44757,34865,0,0,8432,4595,15387,3035,8736,1121,1402,0,0,4814,41423,2138,8742,0,0,0,0,0
821,10285,822.2047488970213,99825,322,123,141,30,42899,22471,0.6548459804658152,167,90,28390,30670,9363,5317,11615,13768,44768,34885,0,0,8407,4584,15381,3040,8754,1124,1406,0,0,4832,41422,2135,8740,0,0,0,0,0
822,10285,823.0841727785897,99824,324,132,142,30,42935,22491,0.6554135278089437,164,91,28408,30712,9369,5303,11591,13730,44779,34905,0,0,8390,4571,15385,3039,8769,1128,1413,0,0,4844,41416,2128,8741,0,0,0,0,0
823,10285,824.4020432123463,99824,304,130,142,30,42976,22515,0.6560646738259337,184,89,28438,30776,9370,5292,11560,13681,44789,34925,0,0,8362,4565,15375,3042,8796,1134,1419,0,0,4876,41402,2121,8732,0,0,0,0,0
824,10285,825.2798894639579,99824,326,131,142,30,43029,22532,0.6567659079980767,167,87,28450,30806,9361,5296,11552,13648,44799,34945,0,0,8345,4548,15380,3046,8808,1134,1424,0,0,4901,41389,2115,8734,0,0,0,0,0
825,10285,826.1571537041675,99824,314,121,142,30,43064,22546,0.6572567719185767,182,87,28471,30838,9365,5308,11524,13614,44809,34965,0,0,8323,4537,15374,3047,8826,1140,1430,0,0,4931,41372,2111,8733,0,0,0,0,0
826,10285,827.0339097613971,99824,305,119,142,30,43096,22560,0.6577175829459849,187,95,28505,30877,9365,5300,11494,13577,44819,34985,0,0,8310,4522,15373,3045,8847,1144,1431,0,0,4954,41357,2108,8733,0,0,0,0,0
827,10285,828.347303829722,99824,313,121,142,30,43152,22587,0.6585490463215259,175,99,28557,30929,9370,5300,11441,13519,44829,35005,0,0,8288,4509,15365,3050,8871,1147,1437,0,0,4984,41343,2101,8729,0,0,0,0,0
828,10285,829.2215244956742,99824,308,122,142,30,43189,22612,0.6591701394454239,172,90,28581,30969,9368,5305,11427,13482,44839,35025,0,0,8270,4501,15356,3053,8882,1155,1433,0,0,5021,41326,2097,8730,0,0,0,0,0
829,10285,830.0951347113662,99823,310,126,143,30,43231,22628,0.6597577712551216,160,93,28600,31003,9370,5304,11415,13442,44849,35045,0,0,8245,4494,15354,3053,8890,1160,1438,0,0,5049,41317,2094,8729,0,0,0,0,0
830,10285,831.4042902002049,99823,293,133,143,30,43281,22660,0.6605792252286548,164,92,28644,31059,9383,5288,11371,13396,44859,35064,0,0,8231,4478,15344,3061,8922,1164,1436,0,0,5085,41291,2086,8725,0,0,0,0,0
831,10285,832.2759793492685,99823,293,134,143,30,43318,22682,0.6611702713803432,154,93,28686,31090,9382,5288,11340,13363,44869,35083,0,0,8211,4467,15344,3059,8937,1167,1440,0,0,5117,41275,2083,8723,0,0,0,0,0
832,10285,833.1466239284753,99823,283,139,143,30,43341,22701,0.6615910160984944,156,96,28715,31114,9381,5293,11320,13326,44879,35102,0,0,8198,4455,15343,3057,8954,1171,1443,0,0,5135,41264,2078,8725,0,0,0,0,0
833,10285,834.0163324857962,99823,286,143,143,30,43377,22719,0.66213197359326,155,101,28743,31140,9370,5291,11301,13293,44889,35121,0,0,8181,4444,15345,3055,8968,1176,1448,0,0,5154,41256,2075,8721,0,0,0,0,0
834,10285,835.319174788798,99823,271,145,143,30,43424,22750,0.6629133566412551,151,98,28794,31202,9377,5288,11262,13235,44899,35140,0,0,8164,4428,15341,3057,9004,1181,1453,0,0,5185,41232,2071,8707,0,0,0,0,0
835,10285,836.1867527121286,99823,274,145,143,30,43465,22769,0.6635144205243281,141,100,28813,31236,9387,5286,11240,13201,44909,35159,0,0,8142,4420,15341,3060,9020,1185,1457,0,0,5203,41225,2065,8705,0,0,0,0,0
836,10285,837.0536669423324,99823,272,150,143,30,43487,22789,0.6639351652424792,149,93,28845,31286,9367,5285,11222,13154,44919,35178,0,0,8124,4410,15341,3062,9029,1188,1458,0,0,5223,41222,2061,8705,0,0,0,0,0
837,10285,838.3521181069224,99823,283,152,143,30,43541,22815,0.6647365837532433,143,83,28890,31359,9343,5281,11196,13093,44929,35197,0,0,8109,4402,15339,3060,9044,1194,1459,0,0,5258,41197,2054,8707,0,0,0,0,0
838,10285,839.2166662390903,99823,283,153,143,30,43567,22830,0.6651473107400098,148,86,28919,31382,9332,5280,11173,13067,44938,35216,0,0,8099,4392,15342,3058,9056,1200,1455,0,0,5274,41189,2052,8706,0,0,0,0,0
839,10285,840.0803109802479,99823,274,160,143,30,43587,22850,0.6655480199953918,153,84,28956,31415,9322,5275,11150,13034,44947,35234,1,1,8082,4382,15337,3059,9072,1205,1455,0,0,5282,41192,2050,8705,1,0,1,0,0
840,10285,841.3739391568403,99823,277,151,143,30,43643,22874,0.6663494385061559,152,84,28992,31476,9323,5282,11111,12975,44956,35252,2,2,8060,4367,15327,3066,9096,1212,1460,0,0,5310,41176,2045,8700,1,1,2,0,0
841,10285,842.2353058964999,99823,276,136,143,30,43670,22885,0.6667301122987688,165,96,29011,31500,9309,5288,11094,12948,44965,35270,3,3,8046,4357,15324,3065,9114,1213,1461,0,0,5341,41155,2041,8700,1,2,2,0,1
842,10285,843.0961130408141,99823,263,142,143,30,43695,22911,0.667241016599381,168,88,29024,31529,9318,5292,11082,12917,44974,35288,4,4,8022,4345,15325,3066,9131,1219,1471,0,0,5355,41152,2038,8691,3,2,2,0,1
843,10285,844.3864903691289,99823,272,153,143,30,43750,22939,0.6680724883042987,157,95,29074,31580,9311,5282,11041,12858,44983,35306,6,5,8004,4334,15325,3063,9147,1226,1478,0,0,5382,41133,2035,8686,3,2,2,0,3
844,10285,845.2455287077031,99823,290,152,143,30,43792,22958,0.6686835699187562,151,85,29089,31619,9297,5285,11028,12827,44992,35324,8,6,7988,4328,15319,3061,9165,1229,1478,0,0,5395,41128,2031,8688,3,3,4,0,3
845,10285,846.103957545504,99823,290,142,143,30,43830,22973,0.6692145096821374,152,80,29111,31660,9289,5294,11013,12792,45001,35342,11,8,7977,4314,15319,3064,9180,1235,1478,0,0,5424,41104,2024,8687,3,3,4,0,7
846,10285,847.3906264532377,99823,289,147,143,30,43887,23005,0.6701060877753624,146,71,29143,31709,9300,5301,10977,12740,45010,35360,15,10,7955,4306,15307,3063,9209,1240,1486,0,0,5454,41078,2018,8685,3,3,5,0,11
847,10285,848.2475791527804,99822,282,146,144,30,43917,23020,0.6705636032137204,156,69,29159,31732,9297,5296,10960,12725,45019,35378,20,12,7939,4300,15303,3063,9223,1247,1485,0,0,5477,41064,2014,8680,3,5,5,0,14
848,10285,849.1039635598776,99822,270,136,144,30,43945,23028,0.6709242451563784,161,79,29185,31759,9302,5300,10936,12694,45028,35396,26,15,7922,4283,15312,3062,9241,1252,1492,0,0,5491,41047,2011,8674,3,6,5,0,21
849,10285,850.3874801738982,99822,277,129,144,30,43995,23051,0.6716555468734348,164,79,29219,31800,9290,5306,10904,12654,45037,35413,33,18,7903,4275,15302,3062,9265,1257,1497,0,0,5519,41020,2007,8670,4,8,5,0,28
850,10285,851.2422272421816,99822,280,134,144,30,44030,23070,0.6721965097874216,162,76,29242,31830,9285,5302,10885,12626,45046,35430,41,21,7891,4265,15294,3061,9285,1260,1500,0,0,5538,41001,2001,8672,4,8,6,0,36
851,10285,852.0962167246358,99822,278,131,144,30,44056,23082,0.6725771873935605,163,76,29278,31877,9278,5294,10857,12590,45055,35447,50,25,7876,4261,15289,3056,9297,1265,1500,0,0,5558,40984,1996,8674,4,11,6,0,45
852,10285,853.3754312141352,99821,284,127,144,31,44107,23105,0.6733252522014406,148,78,29332,31923,9268,5297,10822,12542,45064,35464,61,29,7859,4253,15282,3061,9323,1273,1501,0,0,5580,40963,1990,8658,6,11,7,0,54
853,10285,854.2269696586403,99821,274,131,144,31,44131,23123,0.6737460053495757,151,77,29350,31948,9265,5293,10814,12518,45073,35481,73,34,7843,4242,15279,3062,9333,1279,1504,0,0,5598,40948,1985,8654,10,13,10,0,61
854,10285,855.077924288268,99821,281,134,144,31,44164,23142,0.6742669378186955,142,72,29377,31975,9256,5292,10798,12494,45082,35498,87,39,7832,4232,15271,3058,9351,1284,1505,0,0,5609,40935,1981,8651,13,14,16,0,69
855,10285,856.3532830901368,99821,259,139,144,31,44212,23174,0.6750683723865719,137,65,29411,32012,9285,5291,10762,12460,45090,35515,102,44,7810,4220,15263,3059,9366,1296,1514,0,0,5648,40891,1977,8646,14,16,21,0,80
856,10285,857.2026783487606,99821,259,140,144,31,44243,23192,0.6755592510593963,141,62,29430,32041,9282,5289,10742,12435,45098,35532,119,50,7799,4217,15251,3057,9384,1303,1512,0,0,5663,40873,1971,8638,20,18,26,0,89
857,10285,858.0517162760584,99820,258,130,144,32,44272,23202,0.6759567220997796,137,67,29450,32053,9276,5296,10733,12420,45106,35549,138,56,7783,4210,15245,3059,9387,1314,1514,0,0,5690,40845,1968,8632,23,19,29,0,102
858,10285,859.3242120671077,99820,268,114,144,32,44321,23223,0.6766579843718694,123,63,29503,32079,9261,5318,10699,12392,45114,35566,158,63,7770,4200,15228,3059,9403,1325,1517,0,0,5723,40804,1963,8632,24,20,37,0,115
859,10285,860.1714746226114,99820,253,116,144,32,44345,23242,0.6770887597675816,119,53,29514,32098,9276,5317,10692,12382,45122,35583,180,70,7755,4192,15221,3061,9412,1334,1516,0,0,5747,40774,1959,8626,28,22,41,0,132
860,10285,861.0181753945403,99820,254,110,144,32,44375,23252,0.6774894810659187,110,53,29544,32122,9266,5302,10680,12379,45130,35599,204,78,7746,4183,15223,3057,9419,1346,1518,0,0,5767,40740,1955,8618,31,22,44,0,151
861,10285,862.2872933277984,99820,249,109,144,32,44421,23270,0.6781306351432579,103,54,29583,32154,9270,5297,10649,12352,45138,35615,230,86,7730,4168,15216,3065,9434,1351,1519,0,0,5797,40695,1952,8613,33,24,48,0,175
862,10285,863.1325164764463,99820,237,100,144,32,44437,23277,0.6783610498898016,114,63,29601,32154,9268,5298,10634,12351,45146,35631,258,95,7720,4163,15203,3059,9447,1362,1516,0,0,5813,40666,1951,8607,38,26,53,0,196
863,10285,864.3992077841843,99820,223,98,144,32,44469,23295,0.6788619515127229,118,62,29642,32180,9263,5297,10608,12329,45154,35647,288,104,7699,4154,15196,3062,9458,1367,1523,0,0,5845,40622,1945,8600,43,28,59,0,219
864,10285,865.242842563627,99820,226,94,144,32,44488,23306,0.6791624924864756,126,66,29659,32195,9240,5294,10603,12317,45162,35663,320,114,7682,4148,15186,3059,9467,1372,1526,0,0,5851,40606,1942,8594,49,33,69,0,236
865,10285,866.0859316816628,99820,214,94,144,32,44506,23316,0.6794429973953116,123,63,29688,32204,9235,5285,10594,12320,45170,35679,354,125,7667,4142,15173,3052,9485,1378,1527,0,0,5864,40583,1940,8585,56,34,78,0,256
866,10285,867.3494370997287,99820,213,104,144,32,44539,23345,0.6800641154077339,126,61,29715,32219,9223,5279,10577,12303,45178,35695,390,136,7652,4138,15155,3050,9505,1384,1532,0,0,5881,40548,1932,8577,62,36,89,0,279
867,10285,868.1908986044918,99820,217,101,144,32,44567,23355,0.6804448006411541,119,64,29739,32236,9217,5262,10562,12303,45186,35711,429,148,7641,4130,15147,3047,9510,1392,1531,0,0,5902,40509,1929,8572,67,37,99,0,307
868,10285,869.0318162347934,99820,210,102,144,32,44588,23367,0.6807753957122821,122,66,29763,32245,9211,5252,10548,12301,45194,35727,470,160,7627,4124,15135,3045,9514,1403,1532,0,0,5913,40476,1925,8568,72,42,109,0,335
869,10285,870.2919765714989,99820,217,108,144,32,44630,23390,0.6814265678220798,127,55,29795,32274,9189,5237,10526,12292,45202,35743,513,173,7607,4118,15123,3044,9523,1413,1541,0,0,5926,40437,1916,8567,77,47,117,0,364
870,10285,871.1313207973297,99820,226,104,144,32,44661,23401,0.6818473251853336,123,60,29817,32272,9166,5234,10522,12296,45210,35759,558,187,7599,4109,15108,3043,9534,1418,1538,0,0,5942,40397,1913,8561,82,52,133,0,391
871,10285,872.3889980596132,99820,214,116,144,32,44693,23428,0.6824383891003807,122,57,29847,32321,9169,5208,10502,12264,45218,35775,606,201,7579,4096,15105,3046,9540,1428,1544,0,0,5961,40342,1911,8552,87,54,140,0,435
872,10285,873.2267239636305,99820,204,117,144,32,44713,23440,0.6827589661390503,136,62,29851,32308,9167,5205,10496,12274,45226,35790,656,216,7567,4087,15090,3044,9546,1441,1544,0,0,5974,40303,1909,8542,93,57,154,0,469
873,10285,874.0642029633436,99820,209,112,144,32,44740,23451,0.6831396513724705,128,62,29885,32322,9145,5191,10487,12279,45234,35805,708,231,7552,4078,15078,3043,9551,1451,1550,0,0,5984,40262,1906,8532,101,60,168,0,504
874,10285,875.3191590082765,99820,212,122,144,32,44786,23475,0.6838409136445602,108,52,29931,32351,9138,5170,10465,12271,45242,35820,762,247,7535,4069,15064,3038,9563,1461,1556,0,0,6001,40206,1904,8525,104,68,180,0,546
875,10285,876.1547321452513,99820,209,118,144,32,44803,23487,0.6841314365858545,113,52,29962,32347,9113,5164,10457,12285,45249,35835,819,264,7524,4056,15053,3037,9567,1472,1559,0,0,6010,40158,1903,8519,109,74,193,0,586
876,10285,877.4064752627321,99820,212,113,144,32,44845,23502,0.6847024644359848,103,57,30017,32357,9094,5166,10428,12273,45256,35850,878,281,7509,4046,15040,3036,9580,1479,1566,0,0,6028,40098,1897,8507,121,79,207,0,627
877,10285,878.2397516701848,99820,201,118,144,32,44867,23518,0.685083149669405,95,58,30052,32345,9090,5158,10416,12287,45263,35865,939,299,7496,4040,15023,3039,9591,1484,1564,0,0,6050,40039,1893,8494,129,81,223,0,674
878,10285,879.0722370441342,99820,191,108,144,32,44888,23530,0.685413744740533,100,62,30060,32336,9090,5159,10413,12301,45270,35880,1002,318,7487,4032,14999,3037,9599,1499,1563,0,0,6071,39981,1892,8479,138,87,241,0,715
879,10285,880.3202638742354,99820,181,115,144,32,44916,23550,0.6858946102985374,107,58,30080,32356,9082,5136,10404,12301,45277,35895,1068,337,7469,4027,14986,3037,9606,1509,1568,0,0,6082,39924,1886,8467,151,93,254,0,761
880,10285,881.1517354394769,99820,193,116,144,32,44946,23563,0.6863253856942496,101,53,30103,32342,9057,5126,10400,12329,45284,35910,1136,357,7462,4021,14970,3031,9615,1520,1567,0,0,6091,39861,1883,8463,152,96,271,0,817
881,10285,882.3979892831991,99820,192,107,144,32,44976,23576,0.686756161089962,90,55,30154,32349,9035,5120,10383,12335,45291,35925,1206,377,7452,4016,14954,3021,9627,1536,1569,0,0,6108,39803,1878,8443,170,100,282,0,861
882,10285,883.2277394718119,99819,183,107,145,32,44998,23592,0.6871437301515744,92,53,30170,32345,9034,5108,10374,12353,45298,35940,1278,398,7443,4010,14928,3021,9626,1552,1569,0,0,6123,39745,1870,8439,175,111,306,0,901
883,10285,884.0571366326851,99819,188,106,145,32,45020,23600,0.6874442741361865,100,55,30185,32323,9012,5099,10368,12383,45305,35955,1352,420,7429,4006,14908,3019,9625,1565,1569,0,0,6125,39700,1868,8428,185,122,324,0,946
884,10285,885.3001185095637,99819,190,106,145,32,45052,23619,0.6879551989100271,98,53,30222,32329,8989,5075,10354,12403,45312,35969,1428,442,7415,3998,14893,3019,9625,1579,1576,0,0,6136,39631,1862,8420,192,131,341,0,1001
885,10285,886.1279412036063,99819,191,106,145,32,45075,23627,0.6882657610274597,105,53,30238,32325,8974,5074,10345,12408,45319,35983,1506,465,7404,3993,14874,3012,9631,1591,1577,0,0,6140,39572,1862,8405,204,137,359,0,1058
886,10285,887.3686162024732,99819,194,99,145,32,45119,23640,0.6888367945982228,90,56,30277,32334,8968,5058,10324,12419,45326,35997,1586,489,7389,3987,14855,3009,9633,1614,1581,0,0,6156,39500,1862,8387,215,146,372,0,1113
887,10285,888.1949591256887,99819,173,100,145,32,45131,23646,0.68901712098899,98,59,30285,32313,8969,5048,10328,12446,45333,36011,1668,513,7377,3982,14835,3001,9640,1626,1583,0,0,6166,39430,1860,8378,222,153,392,0,1174
888,10285,889.0213141908207,99819,176,92,145,32,45149,23651,0.6892475380438594,95,63,30306,32295,8951,5034,10325,12482,45340,36025,1752,538,7367,3977,14807,2999,9646,1632,1581,0,0,6174,39365,1857,8368,232,161,419,0,1234
889,10285,890.2596392382801,99819,180,100,145,32,45183,23675,0.6898285897474429,95,58,30345,32300,8922,5013,10311,12495,45347,36039,1837,564,7350,3972,14787,2994,9652,1647,1585,0,0,6185,39296,1856,8353,241,171,437,0,1293
890,10285,891.0842368114766,99819,176,98,145,32,45198,23685,0.690079043067953,100,57,30358,32281,8902,4999,10317,12531,45354,36053,1924,590,7337,3967,14770,2991,9650,1661,1586,0,0,6193,39225,1854,8342,251,178,456,0,1358
891,10285,892.3201994017668,99819,181,102,145,32,45233,23702,0.690599985974614,79,61,30407,32289,8886,4977,10300,12537,45361,36067,2013,617,7322,3959,14758,2992,9659,1666,1590,0,0,6204,39131,1850,8334,258,186,469,0,1441
892,10285,893.143291351089,99819,170,100,145,32,45247,23715,0.690870475560765,86,61,30436,32255,8879,4974,10282,12576,45368,36081,2103,645,7311,3952,14739,2992,9652,1686,1590,0,0,6211,39063,1846,8326,267,199,489,0,1496
893,10285,894.3765576833556,99819,165,93,145,32,45268,23730,0.6912311283422996,95,56,30453,32248,8857,4965,10283,12604,45375,36095,2195,673,7303,3945,14714,2989,9659,1699,1591,0,0,6235,38973,1843,8309,284,201,510,0,1564
894,10285,895.198263153663,99819,173,96,145,32,45293,23742,0.6916017992566545,86,52,30453,32234,8849,4950,10292,12634,45382,36109,2288,702,7293,3938,14693,2986,9658,1714,1590,0,0,6241,38898,1842,8298,295,205,529,0,1639
895,10285,896.0199786647331,99819,173,94,145,32,45309,23751,0.6918522525771647,89,53,30465,32213,8829,4942,10297,12664,45389,36123,2382,731,7279,3932,14675,2986,9647,1732,1595,0,0,6247,38821,1838,8290,305,212,548,0,1712
896,10285,897.2518810118822,99819,175,101,145,32,45337,23765,0.6922730141556217,92,52,30492,32195,8812,4917,10282,12701,45396,36137,2477,761,7262,3924,14649,2989,9643,1748,1597,0,0,6246,38756,1836,8280,314,222,572,0,1781
897,10285,898.0724854348381,99819,166,105,145,32,45349,23779,0.6925334856089522,100,49,30497,32175,8802,4902,10288,12735,45403,36151,2574,792,7250,3917,14626,2990,9646,1755,1598,0,0,6248,38676,1832,8268,324,234,598,0,1857
898,10285,899.303137059111,99819,170,106,145,32,45382,23793,0.6930043378515113,89,50,30531,32163,8788,4885,10275,12762,45409,36164,2672,823,7236,3909,14607,2992,9646,1767,1602,0,0,6257,38594,1829,8250,341,244,618,0,1927
899,10285,900.1229680504168,99819,163,104,145,32,45389,23795,0.6930945010468949,115,76,30535,32174,8789,4883,10251,12729,45409,36164,2672,823,7234,3907,14604,2994,9651,1767,1603,0,0,6264,38586,1829,8250,341,244,618,0,1927
900,10285,900.1229680504168,99819,171,110,145,32,45405,23804,0.693344954367405,106,71,30537,32139,8781,4867,10258,12779,45409,36164,2771,855,7233,3907,14580,2994,9645,1778,1603,1,4,6251,38510,1829,8235,355,255,640,0,1999
901,10285,901.351791643415,99819,163,121,145,32,45433,23835,0.6939360242038088,116,60,30557,32149,8779,4846,10238,12790,45409,36164,2870,887,7228,3907,14547,2995,9644,1798,1603,6,28,6237,38419,1828,8214,368,265,666,0,2066
902,10285,902.1705715630479,99819,160,119,145,32,45450,23846,0.6942165319227802,114,57,30584,32107,8767,4839,10228,12844,45409,36164,2970,920,7227,3906,14521,2992,9646,1809,1603,7,43,6222,38332,1828,8194,384,278,689,1,2137
903,10285,903.3975726395524,99819,167,119,145,32,45491,23865,0.6948176198920045,92,66,30625,32088,8763,4820,10206,12873,45409,36164,3071,953,7222,3904,14485,2994,9639,1832,1602,12,65,6212,38245,1827,8176,399,285,717,1,2202
904,10285,904.2147414140378,99819,168,120,145,32,45509,23882,0.6951682545407187,94,61,30638,32079,8749,4810,10204,12896,45409,36164,3173,987,7220,3901,14462,2998,9640,1841,1601,14,81,6199,38147,1826,8161,411,298,734,1,2284
905,10285,905.0314787931536,99819,162,123,145,32,45527,23898,0.6955088710566125,93,60,30657,32053,8745,4798,10196,12932,45409,36164,3275,1022,7213,3898,14435,3002,9634,1855,1599,21,94,6192,38056,1824,8145,424,305,759,1,2362
906,10285,906.2557157320643,99819,154,139,145,32,45551,23925,0.6960197958304531,101,45,30685,32038,8743,4781,10170,12963,45409,36164,3378,1057,7209,3897,14411,3001,9637,1870,1599,25,109,6182,37957,1824,8119,442,312,778,1,2446
907,10285,907.0712848820849,99819,163,134,145,32,45566,23937,0.6962902854166041,108,49,30698,31994,8720,4776,10164,13013,45409,36164,3481,1093,7205,3896,14390,3003,9627,1886,1599,29,118,6170,37874,1823,8096,461,324,797,1,2520
908,10285,908.2936765219895,99819,176,121,145,32,45600,23952,0.6967811739248039,107,57,30740,31979,8693,4769,10137,13040,45409,36164,3584,1129,7202,3894,14353,3005,9626,1904,1599,32,139,6157,37785,1822,8075,475,334,828,1,2588
909,10285,909.1076305979674,99819,184,127,145,32,45623,23968,0.6971718811047997,111,54,30745,31961,8677,4754,10136,13070,45409,36164,3688,1166,7201,3893,14332,3006,9624,1914,1599,33,148,6148,37680,1821,8065,483,341,846,4,2681
910,10285,910.327704448795,99819,192,126,145,32,45662,23984,0.697722878409922,107,49,30772,31961,8664,4743,10118,13087,45409,36164,3792,1203,7197,3893,14304,3008,9616,1933,1599,37,174,6139,37585,1817,8041,502,350,870,6,2748
911,10285,911.1404883692167,99819,184,127,145,32,45678,24000,0.6980434586601749,112,54,30777,31924,8661,4743,10119,13118,45409,36164,3896,1241,7194,3891,14279,3010,9620,1945,1599,40,188,6125,37487,1815,8019,519,361,889,6,2832
912,10285,912.3593746342631,99819,190,123,145,32,45718,24016,0.6986044740981175,110,58,30797,31930,8654,4723,10102,13132,45409,36164,4000,1279,7191,3884,14238,3015,9628,1957,1599,43,210,6116,37385,1814,8002,532,368,919,7,2911
913,10285,913.1715897459842,99819,178,120,145,32,45731,24025,0.6988248730201665,133,61,30805,31891,8640,4718,10097,13176,45409,36164,4104,1317,7186,3878,14207,3021,9622,1972,1599,48,222,6106,37295,1814,7984,546,375,948,8,2988
914,10285,914.3891087047132,99819,189,126,145,32,45773,24047,0.6994660335206724,128,57,30835,31872,8623,4706,10078,13205,45409,36164,4208,1356,7182,3877,14168,3023,9628,1985,1597,52,238,6096,37204,1811,7962,562,383,980,8,3063
915,10285,915.2001491342264,99819,197,117,145,32,45803,24057,0.6998667588334886,124,57,30859,31847,8614,4694,10059,13251,45409,36164,4312,1395,7180,3874,14130,3026,9626,2003,1597,54,254,6082,37114,1810,7947,573,394,1010,10,3135
916,10285,916.0106276066751,99819,201,119,145,32,45829,24069,0.700247447880664,122,58,30866,31818,8602,4680,10062,13291,45409,36164,4415,1435,7177,3874,14095,3027,9618,2025,1597,57,262,6073,37031,1807,7934,583,401,1038,12,3208
917,10285,917.2255743962223,99819,195,109,145,32,45861,24084,0.700718300123223,123,67,30893,31791,8593,4679,10049,13320,45409,36164,4518,1475,7166,3873,14067,3027,9618,2042,1596,68,291,6057,36924,1807,7916,596,416,1057,13,3285
918,10285,918.0351127156637,99819,192,105,145,32,45885,24096,0.7010789529047576,121,74,30911,31766,8581,4667,10048,13354,45409,36164,4621,1516,7160,3870,14032,3030,9611,2060,1596,74,309,6043,36834,1806,7900,610,430,1084,13,3357
919,10285,919.2485926500428,99819,200,117,145,32,45925,24125,0.7017702040693655,115,67,30930,31751,8575,4657,10033,13374,45409,36164,4723,1557,7151,3864,14000,3038,9600,2081,1595,83,326,6026,36751,1805,7881,627,443,1112,14,3422
920,10285,920.057098405769,99819,209,118,145,32,45949,24138,0.7021408749837206,121,70,30932,31728,8557,4641,10034,13409,45409,36164,4825,1598,7149,3863,13970,3042,9594,2095,1595,85,337,6015,36661,1802,7864,640,452,1140,14,3501
921,10285,921.2692764500827,99818,210,124,146,32,45983,24158,0.7026888937866917,131,69,30946,31712,8548,4623,10017,13438,45409,36164,4926,1640,7145,3862,13938,3045,9593,2112,1594,89,353,6003,36565,1800,7844,655,461,1165,18,3576
922,10285,922.0769406216649,99818,217,121,146,32,46011,24166,0.70304955018133,127,82,30960,31687,8532,4616,10016,13460,45409,36164,5027,1682,7141,3861,13908,3048,9590,2126,1594,93,364,5991,36471,1798,7831,665,471,1189,20,3657
923,10285,923.2877356122425,99818,223,134,146,32,46042,24196,0.7036606624055781,131,72,30982,31671,8512,4601,10004,13488,45409,36164,5127,1724,7139,3860,13880,3048,9586,2146,1593,95,383,5981,36372,1798,7812,682,479,1207,21,3736
924,10285,924.0944429968853,99818,225,136,146,32,46067,24208,0.7040313370334008,137,73,30989,31639,8498,4591,10003,13527,45409,36164,5226,1767,7136,3856,13854,3053,9580,2162,1591,98,393,5962,36285,1798,7800,690,497,1229,24,3810
925,10285,925.3038225914752,99817,224,143,147,32,46103,24233,0.7046495086007394,142,65,31012,31633,8483,4582,9990,13543,45409,36164,5325,1810,7130,3852,13827,3058,9578,2184,1590,104,408,5950,36188,1795,7782,702,507,1247,26,3889
926,10285,926.1095435729064,99817,220,143,147,32,46130,24249,0.7050802969434065,138,61,31024,31608,8472,4578,9997,13576,45409,36164,5423,1853,7126,3850,13794,3061,9569,2206,1589,108,427,5941,36097,1793,7765,715,514,1275,28,3959
927,10285,927.3176306665667,99817,228,149,147,32,46171,24275,0.705751525291283,126,55,31066,31609,8457,4573,9974,13580,45409,36164,5520,1897,7124,3850,13756,3059,9579,2222,1589,110,444,5934,35995,1792,7744,727,519,1301,32,4040
928,10285,928.1221439428036,99817,234,151,147,32,46194,24293,0.7061622769668493,124,52,31060,31575,8454,4569,9979,13619,45409,36164,5616,1941,7123,3849,13731,3062,9569,2237,1588,111,459,5922,35901,1791,7729,740,530,1324,37,4114
929,10285,929.3287792624917,99817,237,152,147,32,46239,24317,0.7068535419818267,135,49,31071,31561,8449,4560,9959,13644,45409,36164,5712,1985,7119,3844,13692,3068,9569,2260,1588,115,478,5906,35813,1787,7713,753,540,1352,39,4181
930,10285,930.1329563128113,99817,238,138,147,32,46272,24326,0.7072743119909434,133,57,31072,31541,8444,4558,9964,13672,45409,36164,5807,2029,7112,3842,13660,3068,9567,2287,1588,122,493,5892,35726,1785,7698,762,548,1375,41,4251
931,10285,931.3390852652964,99817,249,136,147,32,46316,24348,0.7079355220052697,131,58,31096,31520,8430,4551,9945,13701,45409,36164,5901,2074,7104,3840,13618,3070,9572,2302,1587,130,514,5876,35633,1784,7686,768,560,1409,43,4321
932,10285,932.1427333873662,99817,254,131,147,32,46345,24361,0.7083562920143863,132,61,31092,31508,8426,4549,9947,13717,45409,36164,5994,2119,7098,3840,13597,3071,9565,2319,1587,136,537,5867,35542,1782,7655,793,568,1428,44,4388
933,10285,933.3478694962853,99817,249,131,147,32,46385,24383,0.708977428694511,139,64,31103,31495,8424,4538,9936,13738,45409,36164,6086,2164,7090,3831,13561,3080,9562,2339,1586,144,562,5858,35446,1782,7634,809,577,1453,46,4457
934,10285,934.151056670135,99817,263,127,147,32,46420,24400,0.7094983820391316,134,66,31096,31456,8410,4540,9948,13777,45409,36164,6177,2209,7087,3828,13530,3083,9568,2350,1586,147,579,5841,35360,1782,7610,827,591,1476,47,4525
935,10285,935.3559191646522,99817,249,133,147,32,46458,24422,0.7100994820521555,135,60,31116,31471,8414,4523,9937,13779,45409,36164,6267,2254,7076,3822,13500,3092,9561,2371,1585,158,605,5834,35256,1780,7594,837,598,1498,50,4600
936,10285,936.1588885915193,99817,247,124,147,32,46480,24432,0.7104200687257681,139,65,31115,31466,8406,4523,9944,13788,45409,36164,6356,2300,7072,3818,13471,3094,9562,2384,1584,162,623,5823,35167,1780,7573,854,608,1522,51,4669
937,10285,937.3631136287097,99817,238,121,147,32,46520,24451,0.7110111504052415,133,67,31127,31458,8415,4517,9938,13803,45409,36164,6444,2346,7069,3816,13436,3098,9568,2402,1581,165,651,5802,35076,1778,7552,870,624,1546,54,4729
938,10285,938.165763251564,99817,240,125,147,32,46544,24470,0.7114419387479086,127,60,31144,31451,8410,4510,9930,13820,45409,36164,6531,2392,7065,3813,13406,3102,9565,2415,1581,169,664,5791,34983,1777,7540,881,633,1569,55,4808
939,10285,939.3691855116725,99817,223,127,147,32,46581,24494,0.7120530570944829,127,63,31162,31433,8418,4507,9921,13836,45409,36164,6617,2438,7061,3810,13373,3104,9567,2442,1580,173,684,5772,34897,1776,7517,895,645,1592,62,4867
940,10285,940.1712345360949,99817,232,129,147,32,46608,24504,0.7124237354358476,126,63,31161,31421,8405,4489,9927,13864,45409,36164,6702,2484,7061,3809,13344,3104,9562,2458,1580,173,689,5767,34819,1775,7498,913,649,1614,66,4936
941,10285,941.3740048568384,99815,222,117,148,33,46637,24522,0.7129088814306467,126,74,31174,31426,8401,4485,9927,13863,45409,36164,6786,2530,7057,3809,13311,3104,9570,2472,1578,177,722,5748,34717,1775,7478,930,661,1637,66,5003
942,10285,942.1756752352062,99815,222,123,148,33,46667,24544,0.7134298452136453,124,68,31172,31408,8401,4470,9931,13896,45409,36164,6869,2576,7052,3805,13278,3108,9570,2489,1577,182,735,5732,34640,1775,7461,942,675,1662,68,5064
943,10285,943.3783074849762,99814,222,123,148,34,46699,24567,0.7139880177129461,131,59,31167,31396,8401,4462,9929,13924,45409,36164,6951,2623,7049,3803,13241,3109,9571,2509,1577,185,756,5717,34564,1774,7441,955,687,1690,70,5116
944,10285,944.1800345862525,99814,215,119,148,34,46716,24577,0.7142585208487787,136,63,31163,31391,8393,4453,9943,13938,45409,36164,7031,2670,7043,3801,13213,3111,9563,2528,1576,191,766,5706,34492,1774,7421,969,698,1714,72,5176
945,10285,945.3828517129646,99814,222,115,148,34,46751,24597,0.7148095457551045,144,65,31179,31388,8371,4449,9934,13947,45409,36164,7110,2717,7039,3797,13180,3116,9560,2547,1576,195,785,5695,34412,1772,7403,984,707,1738,75,5233
946,10285,946.1843333456579,99814,217,114,148,34,46782,24608,0.7152303284108442,152,71,31170,31375,8378,4438,9933,13966,45409,36164,7188,2764,7034,3791,13150,3119,9557,2563,1576,200,801,5684,34330,1771,7392,991,717,1764,78,5296
947,10285,947.3867524612061,99814,232,115,148,34,46826,24633,0.7159216142024165,143,69,31190,31371,8369,4444,9916,13965,45409,36164,7265,2811,7026,3786,13123,3121,9559,2580,1576,208,816,5672,34249,1771,7375,1002,726,1784,82,5358
948,10285,948.1879416732701,99814,233,119,148,34,46854,24652,0.7163924900314586,143,66,31195,31354,8357,4434,9922,13991,45409,36164,7341,2858,7022,3780,13095,3131,9556,2595,1573,212,825,5654,34182,1769,7361,1014,740,1807,84,5414
949,10285,949.3892199627853,99814,227,115,148,34,46896,24667,0.7169635522071052,129,74,31220,31361,8364,4426,9910,13988,45409,36164,7416,2905,7013,3779,13060,3132,9560,2618,1572,221,845,5639,34106,1767,7340,1028,751,1829,86,5468
950,10285,950.1896009496174,99814,230,103,148,34,46929,24672,0.7173442603242031,131,79,31218,31355,8361,4422,9910,14005,45409,36164,7490,2952,7011,3773,13034,3136,9561,2633,1572,223,863,5628,34028,1766,7320,1042,758,1852,88,5526
951,10285,951.390243830974,99814,224,102,148,34,46963,24690,0.7178652293265474,132,86,31235,31351,8355,4414,9904,14011,45409,36164,7563,2999,7008,3770,13007,3138,9567,2647,1571,226,887,5615,33941,1764,7302,1056,766,1872,91,5586
952,10285,952.1903137835556,99814,225,103,148,34,46987,24704,0.7182459374436452,131,78,31233,31348,8352,4406,9909,14029,45409,36164,7635,3046,7005,3770,12975,3139,9559,2665,1571,229,901,5606,33874,1763,7283,1071,775,1898,94,5636
953,10285,953.3903511612347,99814,203,117,148,34,47021,24728,0.7188270182539523,126,80,31267,31362,8354,4384,9900,14021,45409,36164,7706,3093,6997,3766,12950,3143,9561,2685,1568,236,918,5590,33793,1762,7269,1079,789,1916,97,5695
954,10285,954.1898162774193,99814,208,117,148,34,47044,24744,0.7192177450057107,131,76,31268,31348,8336,4386,9907,14037,45409,36164,7776,3140,6993,3764,12924,3144,9559,2700,1568,240,929,5578,33726,1762,7250,1094,799,1936,99,5749
955,10285,955.3887590765194,99814,224,120,148,34,47101,24767,0.7200192357785481,105,69,31302,31368,8327,4384,9892,14023,45409,36164,7845,3187,6990,3762,12898,3150,9560,2715,1567,243,957,5566,33635,1759,7234,1106,808,1953,101,5810
956,10285,956.1874499796368,99814,219,131,148,34,47119,24790,0.7204299997996273,118,56,31296,31369,8319,4379,9898,14029,45409,36164,7912,3234,6988,3761,12875,3152,9550,2735,1565,245,971,5555,33564,1758,7223,1117,816,1971,103,5865
957,10285,957.3854084873814,99814,224,135,148,34,47155,24816,0.7210511551485763,122,54,31304,31374,8303,4370,9897,14031,45409,36164,7978,3281,6983,3758,12844,3156,9555,2749,1564,250,989,5539,33495,1756,7203,1130,827,1997,105,5914
958,10285,958.183777801429,99814,214,126,148,34,47180,24824,0.7213817700923718,128,60,31291,31373,8305,4370,9912,14035,45409,36164,8043,3328,6974,3756,12814,3159,9561,2760,1562,259,1005,5531,33411,1755,7195,1133,833,2019,108,5979
959,10285,959.3817407235496,99814,209,122,148,34,47210,24842,0.7218626645560743,135,60,31327,31385,8286,4366,9893,14031,45409,36164,8107,3375,6969,3752,12786,3161,9552,2787,1562,264,1022,5523,33341,1755,7181,1144,836,2040,114,6025
960,10285,960.1797548584244,99814,219,122,148,34,47241,24855,0.7223034844811349,122,58,31334,31383,8279,4364,9896,14037,45409,36164,8170,3421,6967,3749,12762,3164,9535,2811,1562,266,1037,5514,33278,1754,7166,1158,845,2059,114,6073
961,10285,961.3760761874157,99814,225,123,148,34,47281,24877,0.7229246398300839,116,63,31362,31398,8267,4362,9880,14018,45409,36164,8232,3467,6963,3747,12735,3163,9539,2827,1562,270,1057,5505,33206,1753,7144,1171,853,2080,116,6123
962,10285,962.1731010104679,99814,216,119,148,34,47310,24887,0.7233153665818423,117,62,31351,31389,8280,4358,9886,14036,45409,36164,8293,3513,6958,3745,12710,3165,9542,2845,1562,275,1075,5493,33133,1752,7126,1181,861,2097,118,6176
963,10285,963.3689320244198,99814,210,108,148,34,47345,24899,0.7237862424108843,125,71,31364,31406,8274,4349,9877,14030,45409,36164,8353,3559,6952,3740,12679,3171,9540,2867,1562,281,1098,5483,33059,1751,7108,1196,866,2117,119,6225
964,10285,964.1659742422842,99814,215,110,148,34,47370,24911,0.7241569318933215,118,70,31378,31401,8266,4345,9873,14038,45409,36164,8412,3605,6948,3738,12668,3175,9534,2878,1562,285,1111,5473,32979,1749,7098,1205,874,2126,121,6290
965,10285,965.3608561957702,99813,203,111,149,34,47396,24934,0.7246551050464368,132,69,31383,31416,8260,4348,9871,14020,45409,36164,8470,3651,6940,3732,12638,3182,9538,2894,1561,293,1129,5462,32908,1748,7083,1212,883,2146,123,6341
966,10285,966.1572854131775,99813,205,112,149,34,47424,24951,0.72510594812299,121,66,31391,31410,8251,4349,9881,14027,45409,36164,8527,3697,6935,3730,12615,3187,9527,2914,1561,298,1145,5450,32849,1745,7067,1226,893,2164,125,6382
967,10285,967.3519122162638,99813,205,118,149,34,47461,24973,0.7256970534900263,124,58,31395,31415,8250,4346,9875,14027,45409,36164,8583,3743,6931,3727,12591,3190,9525,2931,1561,302,1165,5438,32780,1744,7051,1236,901,2184,130,6426
968,10285,968.148147570733,99812,210,117,150,34,47494,24987,0.7261752093936601,111,58,31399,31404,8257,4344,9871,14041,45409,36164,8638,3789,6924,3725,12571,3193,9516,2951,1559,308,1174,5428,32714,1743,7045,1240,910,2199,134,6478
969,10285,969.3424709467083,99812,215,126,150,34,47529,25011,0.7267663206828838,120,50,31423,31413,8241,4338,9849,14037,45409,36164,8693,3834,6919,3723,12546,3199,9518,2963,1557,312,1189,5415,32646,1742,7033,1248,920,2218,136,6528
970,10285,970.1380630764746,99812,211,127,150,34,47556,25028,0.727207149440949,116,45,31434,31407,8232,4340,9855,14045,45409,36164,8747,3879,6914,3720,12533,3203,9513,2981,1556,317,1203,5405,32571,1741,7023,1252,927,2228,143,6582
971,10285,971.3310231644361,99811,210,115,151,34,47599,25042,0.7277855146226367,114,54,31453,31437,8228,4348,9842,14010,45409,36164,8800,3924,6911,3716,12507,3207,9515,3002,1556,320,1222,5396,32500,1737,7009,1262,933,2243,147,6628
972,10285,972.1258844059898,99811,220,121,151,34,47628,25060,0.7282564046047029,119,45,31449,31452,8217,4341,9842,14005,45409,36164,8852,3969,6905,3714,12484,3210,9507,3017,1556,326,1230,5391,32442,1736,6997,1271,938,2263,149,6675
973,10285,973.3179314638189,99811,217,118,151,34,47661,25074,0.728727294586769,121,52,31464,31475,8210,4327,9835,13992,45409,36164,8903,4014,6899,3711,12456,3215,9504,3037,1555,331,1246,5379,32381,1734,6988,1277,947,2282,152,6717
974,10285,974.1123482427565,99811,204,120,151,34,47682,25088,0.7290779573393714,122,48,31461,31489,8223,4316,9837,13991,45409,36164,8953,4059,6896,3710,12425,3219,9501,3057,1554,334,1262,5374,32323,1732,6974,1285,949,2305,153,6758
975,10285,975.3041232726583,99811,217,119,151,34,47723,25102,0.7296289988077467,115,53,31490,31516,8198,4310,9827,13966,45409,36164,9002,4103,6894,3704,12405,3224,9497,3072,1552,336,1271,5366,32264,1732,6966,1291,957,2320,161,6799
976,10285,976.0980211194615,99811,205,108,151,34,47741,25107,0.7298594343308854,123,66,31488,31511,8199,4314,9832,13965,45409,36164,9050,4147,6888,3702,12383,3225,9492,3087,1552,342,1285,5357,32202,1731,6958,1297,964,2338,167,6841
977,10285,977.2887266878544,99811,226,107,151,34,47792,25125,0.7305507409003016,114,64,31511,31536,8178,4307,9818,13950,45409,36164,9098,4191,6881,3697,12357,3231,9488,3104,1552,349,1300,5348,32147,1730,6946,1304,971,2358,173,6875
978,10285,978.0820421124934,99811,227,114,151,34,47816,25142,0.7309615172676358,121,65,31506,31535,8172,4303,9821,13947,45409,36164,9145,4235,6877,3694,12330,3234,9485,3117,1551,353,1312,5341,32092,1730,6936,1310,976,2382,175,6916
979,10285,979.2717820357989,99809,215,111,153,34,47853,25160,0.7315272169844402,111,59,31531,31573,8183,4304,9805,13917,45409,36164,9191,4279,6870,3694,12292,3233,9504,3131,1551,359,1328,5332,32026,1730,6919,1321,982,2399,177,6961
980,10285,980.0645981399286,99809,224,112,153,34,47883,25170,0.7319279824464727,102,64,31530,31578,8173,4298,9816,13912,45409,36164,9236,4322,6864,3692,12273,3235,9498,3146,1551,365,1332,5324,31973,1730,6911,1326,989,2413,181,7006
981,10285,981.2538143839273,99809,207,114,153,34,47904,25192,0.7323588053181577,114,64,31552,31603,8168,4287,9804,13896,45409,36164,9280,4365,6859,3691,12248,3238,9501,3165,1550,370,1350,5311,31919,1728,6894,1336,996,2430,186,7037
982,10285,982.046294847682,99809,215,118,153,34,47924,25206,0.7326994559608853,115,69,31539,31585,8163,4288,9813,13904,45409,36164,9324,4408,6856,3691,12229,3238,9495,3179,1550,373,1354,5309,31867,1726,6882,1347,998,2444,189,7082
983,10285,983.2348937519489,99809,206,115,153,34,47952,25228,0.7332004127884258,114,64,31557,31603,8163,4295,9805,13887,45409,36164,9367,4451,6849,3688,12211,3237,9488,3203,1550,380,1378,5304,31800,1726,6868,1357,1001,2455,191,7123
984,10285,984.0270022225507,99809,213,110,153,34,47983,25234,0.7335711208408059,108,74,31556,31604,8154,4291,9814,13885,45409,36164,9409,4493,6845,3686,12187,3238,9476,3223,1550,384,1393,5296,31750,1726,6861,1363,1009,2473,193,7156
985,10285,985.2152706906836,99809,211,112,153,34,48020,25254,0.7341422116242022,99,74,31577,31655,8153,4272,9805,13851,45409,36164,9450,4535,6840,3680,12166,3245,9467,3243,1547,389,1414,5282,31698,1726,6851,1372,1020,2489,197,7183
986,10285,986.0070233846517,99809,203,111,153,34,48040,25267,0.734472843130379,103,71,31574,31657,8155,4277,9810,13848,45409,36164,9491,4577,6830,3678,12145,3248,9463,3256,1546,399,1426,5274,31653,1725,6836,1384,1027,2507,199,7213
987,10285,987.1947152416523,99809,205,112,153,34,48073,25287,0.735003857367572,101,72,31600,31674,8137,4279,9802,13827,45409,36164,9531,4619,6827,3675,12130,3253,9460,3273,1546,401,1443,5269,31590,1721,6824,1392,1030,2518,203,7254
988,10285,988.3813754961095,99809,194,122,153,34,48104,25309,0.735534871604765,98,69,31626,31708,8134,4263,9793,13802,45409,36164,9570,4661,6821,3671,12094,3259,9469,3287,1545,407,1451,5261,31548,1719,6812,1397,1034,2544,209,7281
989,10285,989.1721178296046,99808,184,122,154,34,48120,25323,0.7358428182109651,107,74,31624,31710,8128,4259,9801,13799,45409,36164,9609,4702,6815,3670,12066,3259,9460,3308,1544,413,1455,5250,31511,1718,6809,1400,1043,2564,216,7307
990,10285,990.3579786541308,99808,190,122,154,34,48156,25346,0.7364339531901251,106,72,31661,31743,8104,4258,9783,13769,45409,36164,9647,4743,6809,3667,12043,3261,9460,3326,1543,419,1473,5242,31452,1718,6801,1405,1048,2578,216,7347
991,10285,991.1477891094527,99808,182,116,154,34,48170,25359,0.7367044725873677,114,77,31665,31736,8096,4267,9787,13768,45409,36164,9684,4784,6805,3664,12015,3265,9463,3335,1542,423,1486,5235,31405,1717,6788,1414,1053,2602,220,7376
992,10285,992.3322384342539,99808,184,117,154,34,48203,25378,0.7372254729079833,114,77,31676,31755,8089,4266,9781,13749,45409,36164,9721,4825,6800,3661,11994,3271,9457,3354,1541,428,1501,5229,31348,1714,6782,1418,1057,2615,224,7414
993,10285,993.1216061286252,99808,184,121,154,34,48225,25392,0.7375861654376402,123,71,31682,31768,8068,4266,9787,13738,45409,36164,9757,4865,6797,3660,11973,3272,9454,3366,1540,431,1511,5220,31303,1714,6772,1425,1065,2633,226,7446
994,10285,994.3053832273453,99808,203,114,154,34,48270,25411,0.7382273966014749,111,67,31699,31797,8053,4278,9778,13708,45409,36164,9792,4905,6790,3656,11954,3278,9460,3376,1539,437,1528,5210,31249,1713,6758,1434,1071,2646,230,7479
995,10285,995.0941474966629,99807,201,114,155,34,48288,25428,0.738585469957017,111,58,31708,31827,8045,4282,9778,13683,45409,36164,9827,4945,6787,3653,11936,3281,9454,3395,1539,440,1539,5204,31201,1712,6748,1440,1076,2657,231,7514
996,10285,996.2766761484135,99806,198,105,156,34,48325,25444,0.7391239003667114,103,57,31742,31850,8028,4288,9771,13664,45409,36164,9861,4985,6782,3652,11915,3284,9468,3407,1537,444,1560,5192,31142,1710,6735,1446,1082,2667,237,7546
997,10285,997.0644553640848,99806,195,111,156,34,48342,25460,0.7394545418111136,103,53,31759,31864,8022,4286,9763,13650,45409,36164,9895,5024,6778,3651,11895,3284,9471,3414,1537,448,1570,5187,31097,1710,6721,1459,1085,2682,239,7578
998,10285,998.2455301560734,99806,190,109,156,34,48364,25473,0.739805222130934,113,58,31777,31888,8011,4279,9751,13630,45409,36164,9928,5063,6772,3647,11880,3289,9464,3431,1537,454,1581,5177,31054,1706,6714,1464,1094,2693,241,7608
999,10285,999.0326048336527,99806,180,104,156,34,48381,25480,0.7400456886359538,108,61,31797,31911,8008,4275,9749,13613,45409,36164,9960,5102,6770,3644,11862,3289,9469,3445,1536,456,1589,5168,31014,1706,6702,1471,1100,2706,243,7636
1000,10285,1000.2122622505423,99806,194,106,156,34,48405,25497,0.7404564855820291,127,57,31827,31949,7971,4264,9723,13588,45409,36164,9992,5140,6766,3643,11848,3289,9461,3460,1535,460,1595,5167,30971,1706,6695,1478,1101,2715,248,7668
1001,10285,1001.3906209366718,99806,205,94,156,34,48446,25513,0.741027593531451,122,65,31849,31977,7964,4279,9702,13549,45409,36164,10023,5178,6763,3641,11831,3289,9472,3470,1533,463,1617,5161,30907,1705,6684,1483,1103,2727,252,7705
1002,10285,1002.1756568647656,99806,199,100,156,34,48465,25528,0.7413682544135624,124,64,31862,31990,7956,4276,9701,13534,45409,36164,10054,5216,6760,3637,11812,3295,9468,3483,1532,466,1625,5153,30867,1704,6678,1485,1111,2742,256,7732
1003,10285,1003.352669715291,99806,193,107,156,34,48491,25550,0.7418491874236018,126,52,31871,32027,7956,4267,9696,13511,45409,36164,10084,5254,6753,3637,11792,3293,9478,3495,1532,473,1639,5142,30823,1704,6661,1496,1118,2752,257,7761
1004,10285,1004.1371381264502,99806,203,108,156,34,48514,25562,0.7421998677434223,129,55,31869,32030,7943,4270,9698,13501,45409,36164,10114,5291,6752,3633,11786,3296,9471,3511,1532,474,1643,5136,30779,1704,6652,1502,1122,2756,260,7797
1005,10285,1005.3136412388164,99806,205,110,156,34,48545,25580,0.7426908201911708,136,51,31899,32079,7914,4258,9688,13466,45409,36164,10143,5328,6749,3632,11769,3296,9474,3526,1532,477,1652,5128,30736,1702,6645,1505,1128,2767,264,7824
1006,10285,1006.0973477115333,99806,220,113,156,34,48582,25589,0.7431517143257921,121,50,31897,32103,7909,4250,9695,13448,45409,36164,10172,5365,6746,3628,11749,3301,9472,3535,1532,479,1657,5119,30702,1702,6637,1510,1137,2783,269,7848
1007,10285,1007.2727454578693,99806,217,110,156,34,48622,25603,0.7436927639620865,115,61,31922,32137,7909,4246,9679,13410,45409,36164,10200,5402,6740,3626,11725,3306,9478,3546,1528,485,1678,5111,30657,1701,6627,1515,1143,2799,275,7866
1008,10285,1008.055860910527,99806,223,103,156,34,48647,25613,0.7440434442819069,114,58,31915,32161,7902,4247,9688,13395,45409,36164,10228,5438,6736,3625,11707,3307,9475,3558,1528,489,1688,5105,30623,1699,6617,1523,1147,2814,283,7882
1009,10285,1009.2304727838244,99806,225,102,156,34,48679,25635,0.7445844939182014,118,54,31938,32199,7888,4253,9673,13356,45409,36164,10255,5474,6736,3622,11687,3311,9481,3572,1527,489,1703,5099,30579,1698,6603,1530,1151,2824,292,7902
1010,10285,1010.0131680266587,99804,230,100,158,34,48704,25640,0.7449000040078554,117,59,31949,32233,7877,4240,9667,13332,45409,36164,10282,5510,6734,3622,11673,3312,9478,3584,1525,489,1707,5092,30542,1698,6598,1534,1157,2834,298,7927
1011,10285,1011.1866031358386,99804,222,93,158,34,48738,25654,0.7453809466554446,105,62,31975,32279,7882,4233,9656,13297,45409,36164,10308,5545,6730,3621,11648,3318,9486,3601,1522,492,1722,5088,30498,1695,6585,1538,1159,2847,302,7952
1012,10285,1012.3593432191716,99804,214,94,158,34,48770,25669,0.7458518696645425,104,56,32003,32308,7886,4230,9633,13276,45409,36164,10334,5580,6726,3615,11623,3323,9494,3610,1521,496,1739,5085,30447,1694,6579,1541,1160,2863,304,7984
1013,10285,1013.1407021024662,99804,213,90,158,34,48789,25680,0.7461524588192858,105,58,31999,32335,7881,4234,9642,13247,45409,36164,10360,5615,6725,3614,11613,3325,9497,3622,1521,496,1748,5078,30407,1692,6566,1550,1164,2867,307,8012
1014,10285,1014.3126147257148,99804,212,84,158,34,48821,25690,0.7465732836359265,106,57,32013,32378,7881,4231,9628,13214,45409,36164,10385,5650,6721,3610,11599,3330,9502,3636,1519,500,1755,5066,30373,1691,6553,1557,1174,2873,314,8031
1015,10285,1015.0936678664381,99804,214,92,158,34,48849,25705,0.7470041280910584,94,56,32036,32386,7874,4225,9622,13205,45409,36164,10410,5684,6718,3608,11582,3331,9506,3646,1518,503,1761,5060,30340,1690,6541,1564,1178,2887,316,8055
1016,10285,1016.2645394722098,99803,198,93,159,34,48870,25724,0.7474124024327926,119,56,32047,32410,7868,4224,9607,13181,45409,36164,10434,5718,6712,3604,11564,3335,9501,3665,1518,509,1776,5054,30305,1689,6527,1574,1179,2900,322,8069
1017,10285,1017.0446777395528,99803,206,97,159,34,48893,25734,0.7477430538160176,115,49,32052,32441,7857,4218,9609,13159,45409,36164,10458,5752,6709,3604,11554,3336,9493,3675,1517,512,1784,5051,30268,1689,6521,1579,1182,2909,327,8093
1018,10285,1018.214863724138,99803,200,90,159,34,48923,25743,0.7481338236325561,116,47,32057,32504,7862,4204,9604,13119,45409,36164,10482,5786,6699,3601,11543,3337,9497,3693,1516,522,1792,5047,30225,1687,6509,1584,1184,2912,328,8127
1019,10285,1019.3847791386073,99803,190,88,159,34,48946,25760,0.7485346131879803,114,47,32095,32534,7855,4200,9585,13095,45409,36164,10505,5819,6696,3600,11527,3335,9502,3709,1516,525,1804,5035,30191,1687,6493,1595,1191,2921,330,8146
1020,10285,1020.1640269827183,99803,193,85,159,34,48969,25766,0.7488251856156628,113,44,32106,32550,7844,4197,9583,13088,45409,36164,10528,5852,6695,3599,11514,3337,9499,3722,1515,526,1815,5028,30159,1686,6482,1601,1197,2931,331,8166
1021,10285,1021.3324256625796,99803,189,82,159,34,48997,25778,0.749225975171087,118,46,32122,32616,7845,4185,9565,13035,45409,36164,10550,5885,6690,3595,11495,3344,9500,3733,1512,531,1831,5021,30116,1686,6476,1604,1201,2944,334,8190
1022,10285,1022.11109561715,99803,201,81,159,34,49022,25789,0.7495866857709688,113,40,32144,32645,7834,4187,9547,13011,45409,36164,10572,5918,6688,3594,11476,3344,9500,3743,1512,533,1837,5016,30085,1685,6472,1607,1205,2958,336,8212
1023,10285,1023.278111822724,99803,212,78,159,34,49053,25798,0.749987475326393,116,46,32162,32687,7819,4177,9530,12976,45409,36164,10594,5950,6683,3591,11464,3348,9489,3761,1512,538,1846,5009,30054,1684,6466,1612,1210,2966,339,8231
1024,10285,1024.0556400963749,99803,213,79,159,34,49083,25810,0.7504083043595884,103,40,32161,32703,7825,4181,9537,12961,45409,36164,10615,5982,6677,3589,11454,3346,9495,3767,1512,544,1857,5000,30013,1684,6458,1620,1214,2973,345,8255
1025,10285,1025.2216696341627,99803,200,82,159,34,49114,25824,0.7508591926094406,90,39,32190,32738,7829,4178,9530,12927,45409,36164,10636,6014,6673,3589,11431,3350,9508,3776,1512,547,1873,4990,29973,1681,6448,1623,1221,2986,347,8275
1026,10285,1026.3871052337447,99803,193,75,159,34,49141,25833,0.7512199032093224,93,35,32218,32773,7823,4182,9512,12899,45409,36164,10657,6045,6671,3586,11421,3351,9510,3792,1510,549,1885,4981,29936,1681,6441,1627,1224,2991,356,8291
1027,10285,1027.1636598243474,99803,193,77,159,34,49161,25841,0.7515004558981193,88,38,32234,32795,7814,4178,9510,12876,45409,36164,10677,6076,6671,3586,11407,3353,9499,3813,1510,549,1889,4976,29907,1679,6438,1625,1228,3001,358,8314
1028,10285,1028.3278091379466,99803,184,76,159,34,49182,25849,0.7517910283258018,91,43,32247,32819,7810,4179,9507,12847,45409,36164,10697,6107,6667,3583,11393,3358,9495,3826,1509,553,1900,4974,29871,1677,6428,1634,1230,3009,361,8335
1029,10285,1029.1035935157954,99803,180,73,159,34,49196,25852,0.7519613638868571,105,48,32247,32849,7796,4167,9511,12827,45409,36164,10717,6138,6661,3583,11383,3359,9487,3841,1508,559,1907,4972,29837,1677,6422,1638,1232,3014,361,8362
1030,10285,1030.2672113466842,99803,182,74,159,34,49233,25868,0.7524924100477941,94,41,32288,32884,7790,4166,9485,12799,45409,36164,10736,6168,6657,3578,11368,3366,9489,3853,1508,562,1919,4967,29802,1674,6415,1641,1236,3025,366,8377
1031,10285,1031.0422955968143,99803,173,74,159,34,49247,25875,0.7527028245643919,96,38,32294,32902,7790,4157,9486,12793,45409,36164,10755,6198,6655,3575,11355,3370,9481,3871,1507,564,1926,4960,29780,1674,6407,1647,1239,3034,368,8390
1032,10285,1032.204401443273,99803,174,72,159,34,49275,25891,0.7531436930753584,103,32,32323,32945,7775,4154,9464,12761,45409,36164,10774,6228,6651,3572,11337,3373,9483,3882,1507,568,1942,4953,29745,1674,6397,1652,1244,3047,372,8404
1033,10285,1033.365397894121,99803,182,68,159,34,49304,25900,0.7535244431530115,92,40,32358,32990,7753,4147,9454,12719,45409,36164,10792,6258,6649,3571,11323,3374,9484,3891,1506,570,1958,4950,29707,1674,6390,1656,1246,3057,374,8423
1034,10285,1034.1387339227847,99803,178,58,159,34,49327,25903,0.7537849563640372,81,42,32376,33012,7749,4145,9455,12707,45409,36164,10810,6287,6646,3566,11304,3379,9490,3898,1505,573,1971,4942,29675,1674,6384,1659,1251,3070,377,8439
1035,10285,1035.2980980250245,99803,173,65,159,34,49346,25922,0.7541657064416901,81,40,32411,33054,7740,4138,9434,12667,45409,36164,10828,6316,6642,3563,11288,3385,9487,3908,1503,577,1983,4937,29641,1673,6380,1662,1255,3081,380,8458
1036,10285,1036.0703653449657,99803,174,60,159,34,49362,25928,0.7543861406971735,80,37,32418,33073,7728,4136,9439,12658,45409,36164,10846,6345,6640,3562,11279,3384,9491,3915,1503,579,1988,4930,29608,1673,6375,1664,1259,3087,384,8482
1037,10285,1037.228119828933,99803,163,66,159,34,49383,25943,0.7547468512970552,80,41,32455,33120,7719,4124,9422,12613,45409,36164,10863,6374,6636,3561,11271,3385,9492,3930,1503,583,1998,4924,29577,1670,6365,1669,1262,3091,387,8499
1038,10285,1038.3848089671662,99803,162,64,159,34,49408,25954,0.755107561896937,82,36,32493,33168,7699,4121,9403,12575,45409,36164,10880,6402,6634,3555,11260,3389,9496,3936,1503,585,2010,4916,29545,1670,6358,1675,1267,3098,391,8515
1039,10285,1039.1551632677952,99803,163,63,159,34,49423,25963,0.7553480356301915,84,37,32508,33206,7685,4118,9399,12540,45409,36164,10897,6430,6633,3554,11251,3387,9499,3944,1503,586,2013,4912,29520,1670,6349,1681,1269,3104,397,8531
1040,10285,1040.3100117726704,99803,170,65,159,34,49455,25978,0.7558189633578148,75,39,32538,33241,7668,4111,9388,12508,45409,36164,10913,6458,6629,3551,11242,3394,9499,3951,1500,590,2025,4908,29480,1668,6347,1682,1271,3111,400,8555
1041,10285,1041.0793542080296,99803,159,64,159,34,49467,25984,0.7559993186577558,79,40,32546,33273,7665,4102,9390,12485,45409,36164,10929,6486,6624,3550,11227,3395,9500,3961,1500,595,2034,4905,29451,1668,6338,1686,1273,3121,402,8573
1042,10285,1042.2328824188928,99803,153,64,159,34,49490,25998,0.7563700489965232,71,36,32579,33332,7657,4090,9379,12442,45409,36164,10945,6513,6621,3547,11217,3398,9497,3974,1500,598,2048,4902,29413,1666,6331,1689,1276,3128,406,8592
1043,10285,1043.0013619201961,99803,143,55,159,34,49499,26005,0.7565303648186928,73,38,32600,33358,7653,4094,9370,12419,45409,36164,10961,6540,6619,3547,11209,3400,9495,3987,1498,600,2060,4893,29380,1665,6327,1691,1282,3131,409,8610
1044,10285,1044.1533357203796,99803,144,60,159,34,49520,26017,0.7568610162019178,76,37,32625,33398,7643,4087,9351,12382,45409,36164,10976,6567,6616,3545,11197,3400,9498,3994,1498,603,2068,4882,29353,1665,6326,1692,1289,3140,411,8626
1045,10285,1045.3043165845675,99803,133,58,159,34,49539,26023,0.7571115096740579,81,39,32659,33439,7638,4083,9328,12345,45409,36164,10991,6594,6613,3544,11186,3405,9492,4010,1496,606,2080,4880,29323,1663,6321,1696,1288,3145,415,8640
1046,10285,1046.0710892858951,99803,138,59,159,34,49555,26029,0.7573319439295412,78,40,32676,33466,7625,4077,9322,12322,45409,36164,11006,6620,6611,3542,11181,3405,9491,4016,1496,608,2084,4875,29295,1663,6316,1699,1292,3150,417,8662
1047,10285,1047.2204713123854,99803,142,65,159,34,49577,26048,0.757742753223851,80,31,32703,33515,7615,4068,9299,12285,45409,36164,11021,6646,6610,3541,11170,3404,9501,4022,1496,609,2092,4868,29263,1663,6308,1705,1297,3154,417,8683
1048,10285,1048.3689595832655,99803,148,65,159,34,49603,26057,0.7580934440848471,81,33,32717,33562,7606,4059,9287,12245,45409,36164,11036,6672,6605,3540,11157,3404,9499,4036,1496,614,2094,4864,29244,1662,6304,1706,1299,3163,421,8695
1049,10285,1049.1342420433587,99803,146,63,159,34,49620,26061,0.7583038586014449,85,32,32720,33606,7604,4052,9284,12211,45409,36164,11050,6698,6603,3538,11144,3406,9498,4047,1496,616,2098,4861,29221,1662,6295,1710,1302,3171,423,8712
1050,10285,1050.281667975155,99803,147,62,159,34,49638,26070,0.7585743915513562,84,32,32746,33652,7596,4043,9266,12175,45409,36164,11064,6723,6601,3535,11133,3405,9503,4053,1495,618,2103,4858,29196,1662,6289,1714,1304,3179,426,8729
1051,10285,1051.0461979128224,99803,144,65,159,34,49650,26080,0.7587948258068394,87,33,32767,33670,7578,4039,9263,12157,45409,36164,11078,6748,6595,3534,11122,3405,9501,4065,1495,624,2102,4854,29182,1662,6284,1716,1306,3187,430,8739
1052,10285,1052.1922134303138,99803,134,63,159,34,49676,26092,0.7591755758844925,96,29,32771,33722,7587,4035,9251,12115,45409,36164,11092,6773,6591,3533,11105,3403,9502,4084,1495,628,2114,4851,29154,1661,6280,1717,1308,3194,434,8749
1053,10285,1053.3379267439752,99803,137,63,159,34,49702,26101,0.7595262667454886,91,36,32815,33750,7570,4029,9226,12086,45409,36164,11105,6798,6590,3531,11092,3409,9498,4097,1493,628,2120,4849,29132,1659,6275,1719,1309,3203,436,8763
1054,10285,1054.1009612346247,99803,141,67,159,34,49721,26107,0.7597767602176287,85,34,32838,33773,7557,4015,9218,12075,45409,36164,11118,6823,6586,3529,11083,3411,9492,4108,1493,632,2120,4845,29115,1659,6272,1720,1311,3212,438,8777
1055,10285,1055.2445837004739,99803,139,64,159,34,49741,26115,0.7600573129064256,85,39,32889,33826,7535,3994,9191,12041,45409,36164,11131,6847,6585,3527,11073,3412,9497,4114,1492,633,2132,4838,29089,1659,6262,1728,1315,3219,441,8787
1056,10285,1056.0059563151228,99803,143,64,159,34,49761,26122,0.760327845856337,83,37,32902,33846,7531,3993,9180,12024,45409,36164,11144,6871,6581,3527,11063,3412,9492,4124,1492,636,2139,4837,29066,1658,6258,1730,1316,3228,444,8800
1057,10285,1057.1472464026192,99803,147,61,159,34,49785,26131,0.7606584972395619,80,39,32921,33884,7526,3985,9165,11995,45409,36164,11157,6895,6576,3525,11048,3414,9492,4133,1492,641,2146,4834,29046,1657,6251,1734,1318,3239,449,8808
1058,10285,1058.287787735809,99803,140,61,159,34,49803,26143,0.7609590894061301,88,38,32952,33924,7509,3984,9150,11957,45409,36164,11170,6919,6569,3522,11040,3416,9492,4142,1491,648,2157,4831,29013,1657,6247,1737,1320,3242,451,8828
1059,10285,1059.04763072501,99803,141,61,159,34,49817,26150,0.7611695039227278,85,38,32973,33945,7498,3985,9142,11935,45409,36164,11182,6942,6568,3522,11029,3417,9491,4149,1491,649,2164,4829,28991,1656,6241,1741,1321,3250,454,8840
1060,10285,1060.1864915493998,99803,149,61,159,34,49849,26161,0.7616003526948087,83,36,32998,33987,7487,3984,9122,11896,45409,36164,11194,6965,6566,3518,11018,3423,9495,4155,1490,651,2173,4825,28965,1654,6233,1745,1323,3258,458,8853
1061,10285,1061.3242861401993,99803,148,60,159,34,49878,26168,0.7619610632946905,79,35,33033,34043,7479,3976,9100,11850,45409,36164,11206,6988,6561,3516,11007,3425,9496,4165,1489,656,2182,4820,28941,1654,6226,1750,1327,3262,463,8863
1062,10285,1062.0822022463915,99803,142,64,159,34,49887,26175,0.7621213791168602,79,33,33059,34070,7459,3965,9100,11832,45409,36164,11218,7011,6558,3516,10999,3422,9497,4172,1489,659,2183,4818,28922,1654,6221,1752,1327,3270,467,8877
1063,10285,1063.2182187939336,99803,141,62,159,34,49907,26184,0.7624119515445428,84,38,33073,34114,7455,3952,9086,11798,45409,36164,11230,7034,6556,3515,10987,3421,9501,4181,1489,661,2193,4815,28899,1653,6212,1759,1329,3275,469,8888
1064,10285,1064.3535202956987,99802,133,66,160,34,49921,26196,0.76268010661109,87,35,33101,34156,7448,3943,9069,11764,45409,36164,11241,7056,6553,3515,10980,3420,9499,4190,1489,664,2201,4808,28876,1653,6208,1760,1335,3279,477,8895
1065,10285,1065.109957285161,99802,143,63,160,34,49939,26200,0.7629005430752891,84,34,33123,34179,7432,3944,9056,11744,45409,36164,11252,7078,6552,3514,10968,3421,9495,4198,1489,665,2205,4808,28860,1653,6205,1763,1335,3287,480,8904
1066,10285,1066.2437275450761,99802,148,64,160,34,49968,26212,0.7633113564858419,88,38,33139,34239,7418,3935,9045,11688,45409,36164,11263,7100,6549,3512,10956,3425,9497,4208,1487,668,2215,4804,28833,1653,6202,1763,1338,3291,484,8917
1067,10285,1067.3766098863805,99802,158,65,160,34,49997,26222,0.7637021302178313,78,38,33164,34262,7405,3934,9033,11665,45409,36164,11274,7122,6547,3511,10941,3426,9499,4215,1487,670,2226,4803,28806,1653,6198,1764,1338,3301,486,8931
1068,10285,1068.1314176855487,99802,164,69,160,34,50017,26230,0.7639826857177211,79,38,33162,34284,7398,3929,9035,11644,45409,36164,11285,7144,6546,3509,10932,3429,9496,4223,1487,671,2231,4803,28785,1652,6193,1767,1338,3308,488,8944
1069,10285,1069.2633190647812,99801,152,62,160,35,50034,26239,0.7642508592098276,91,44,33203,34327,7384,3925,9008,11605,45409,36164,11296,7165,6539,3505,10922,3435,9508,4227,1487,677,2241,4799,28757,1649,6184,1771,1341,3310,489,8960
1070,10285,1070.0172585909356,99801,157,60,160,35,50049,26246,0.7644712978827868,95,43,33211,34343,7375,3929,9000,11588,45409,36164,11307,7186,6538,3504,10913,3437,9509,4231,1487,677,2248,4794,28734,1649,6180,1772,1346,3317,491,8974
1071,10285,1071.1475434899028,99801,154,54,160,35,50072,26249,0.7647318163144657,91,50,33253,34375,7360,3926,8980,11558,45409,36164,11317,7207,6531,3503,10908,3439,9512,4237,1486,684,2260,4788,28705,1649,6172,1775,1350,3320,493,8989
1072,10285,1072.2764655479566,99801,135,60,160,35,50094,26264,0.7651025540826244,87,45,33291,34422,7359,3920,8966,11516,45409,36164,11327,7228,6530,3500,10895,3438,9515,4253,1486,685,2272,4784,28682,1647,6168,1775,1351,3327,498,8995
1073,10285,1073.0285208733335,99801,135,63,160,35,50106,26272,0.7653029528762236,88,43,33306,34443,7343,3913,8966,11501,45409,36164,11337,7249,6529,3500,10886,3438,9516,4260,1485,686,2273,4781,28667,1646,6164,1777,1354,3333,501,9005
1074,10285,1074.1560444386032,99801,141,60,160,35,50131,26279,0.7656235909459825,80,47,33323,34495,7337,3903,8957,11458,45409,36164,11347,7269,6528,3498,10878,3439,9515,4271,1485,687,2285,4778,28642,1646,6158,1782,1356,3335,501,9017
1075,10285,1075.2828019734443,99801,138,55,160,35,50151,26288,0.7659141691967014,78,49,33355,34529,7326,3904,8941,11426,45409,36164,11357,7289,6526,3496,10870,3441,9521,4277,1485,689,2299,4773,28613,1645,6149,1785,1359,3340,505,9028
1076,10285,1076.0334558580641,99801,136,65,160,35,50163,26302,0.7661746876283805,85,46,33377,34564,7314,3891,8926,11397,45409,36164,11367,7309,6525,3496,10862,3439,9521,4285,1485,690,2304,4773,28593,1644,6145,1787,1359,3345,507,9041
1077,10285,1077.158534714385,99801,144,70,160,35,50190,26318,0.7666055450346189,85,36,33406,34609,7295,3883,8908,11365,45409,36164,11377,7329,6522,3492,10853,3443,9526,4290,1485,693,2307,4769,28574,1643,6140,1788,1362,3352,511,9051
1078,10285,1078.2824960701803,99801,134,69,160,35,50207,26324,0.766836003647258,84,37,33434,34639,7296,3883,8890,11335,45409,36164,11386,7349,6517,3491,10846,3443,9527,4302,1485,697,2317,4762,28555,1642,6135,1790,1365,3356,513,9058
1079,10285,1079.0313555340977,99801,140,74,160,35,50227,26336,0.7671566417170169,74,29,33457,34660,7286,3880,8881,11320,45409,36164,11395,7368,6517,3491,10836,3442,9528,4308,1485,697,2329,4761,28534,1642,6131,1791,1365,3364,513,9067
1080,10285,1080.1537433968595,99801,137,70,160,35,50244,26347,0.7674372000280558,84,28,33491,34692,7262,3880,8864,11293,45409,36164,11404,7387,6516,3488,10826,3446,9533,4316,1484,698,2335,4757,28513,1642,6126,1793,1365,3369,519,9075
1081,10285,1081.2749164447755,99801,144,73,160,35,50268,26357,0.7677778779771746,78,30,33535,34734,7245,3868,8836,11258,45409,36164,11413,7406,6514,3485,10819,3452,9534,4322,1484,699,2340,4752,28497,1640,6119,1798,1369,3372,521,9084
1082,10285,1082.0216382360588,99801,142,71,160,35,50279,26363,0.767948216951734,82,30,33555,34775,7235,3860,8824,11227,45409,36164,11422,7425,6512,3484,10814,3452,9531,4329,1484,701,2348,4749,28478,1640,6110,1805,1372,3376,523,9093
1083,10285,1083.1407087885414,99801,131,71,160,35,50295,26374,0.7682187553230929,91,33,33583,34806,7228,3855,8805,11198,45409,36164,11431,7444,6507,3482,10800,3455,9538,4337,1484,706,2355,4744,28459,1639,6103,1806,1376,3383,525,9102
1084,10285,1084.258761743071,99801,139,72,160,35,50321,26386,0.7685995130309315,81,34,33616,34855,7217,3848,8785,11154,45409,36164,11440,7463,6502,3478,10796,3461,9538,4346,1483,711,2359,4739,28443,1637,6098,1807,1379,3386,526,9112
1085,10285,1085.0036483293266,99801,132,74,160,35,50332,26396,0.7688099317642108,87,26,33622,34890,7215,3841,8782,11132,45409,36164,11449,7481,6500,3477,10784,3461,9538,4355,1483,713,2368,4734,28428,1637,6095,1808,1382,3395,529,9114
1086,10285,1086.1203343662658,99801,133,69,160,35,50355,26400,0.7690804701355698,76,30,33660,34931,7210,3834,8759,11099,45409,36164,11457,7499,6499,3476,10777,3461,9541,4363,1483,714,2376,4728,28407,1637,6090,1811,1384,3401,532,9121
1087,10285,1087.2360935543675,99801,133,75,160,35,50377,26412,0.7694211480846885,73,30,33681,34983,7215,3818,8736,11057,45409,36164,11465,7517,6495,3475,10769,3463,9538,4371,1483,717,2385,4725,28390,1637,6086,1814,1387,3406,538,9122
1088,10285,1088.3509501543608,99801,132,68,160,35,50393,26415,0.7696115269386078,76,33,33720,35028,7204,3816,8706,11018,45409,36164,11473,7535,6490,3474,10766,3462,9540,4376,1483,722,2393,4721,28367,1637,6080,1817,1391,3407,540,9135
1089,10285,1089.0935887450619,99801,138,62,160,35,50409,26416,0.7697818659131672,73,40,33731,35054,7192,3811,8704,10996,45409,36164,11481,7553,6486,3474,10759,3461,9536,4384,1483,726,2397,4719,28351,1637,6078,1819,1392,3412,542,9145
1090,10285,1090.2069112807399,99801,138,66,160,35,50434,26427,0.7701425837416459,65,31,33763,35098,7185,3802,8687,10966,45409,36164,11489,7571,6482,3474,10750,3460,9545,4389,1483,730,2402,4714,28335,1635,6071,1824,1394,3417,544,9152
1091,10285,1091.3192997853866,99801,138,71,160,35,50457,26439,0.7704932816304446,71,32,33800,35135,7174,3794,8655,10931,45409,36164,11497,7588,6480,3473,10738,3462,9552,4394,1483,732,2409,4713,28315,1633,6067,1826,1395,3420,547,9162
1092,10285,1092.0601727667924,99801,133,68,160,35,50467,26441,0.7706135209066042,77,36,33819,35156,7163,3787,8646,10916,45409,36164,11505,7605,6479,3471,10733,3465,9549,4401,1483,732,2412,4710,28297,1633,6065,1827,1397,3423,551,9173
1093,10285,1093.1708244083054,99801,139,57,160,35,50491,26447,0.770914119097003,70,40,33846,35201,7151,3785,8632,10880,45409,36164,11513,7622,6475,3470,10726,3465,9554,4405,1483,736,2427,4707,28271,1632,6058,1831,1399,3427,554,9181
1094,10285,1094.2804722870253,99801,142,61,160,35,50513,26455,0.771214717287402,62,42,33881,35234,7137,3771,8616,10855,45409,36164,11521,7639,6472,3470,10718,3467,9557,4410,1481,739,2432,4701,28255,1631,6056,1831,1403,3433,556,9189
