,indexID,time,N,Inf_L,Inf_H,Dead_L,Dead_H,cum_cases_L,cum_cases_H,cum_sum_per_N,Exposed_L,Exposed_H,Sus_L,Sus_H,Rec_nat_L,Rec_nat_H,Rec_vax_L,Rec_vax_H,vaccinatedH,vaccinatedL,boostedH,boostedL,count_Naive,count_Delta,count_Delta_vaccine,count_two,count_three,count_four,count_Omicron,count_Omicron_star,count_Omicron_star_vaccine,count_Omicron_vaccine,count_Vaccine,count_WT,count_WT_vaccine,count_WT_vaccine_boost,count_Omicron_vaccine_boost,count_Delta_vaccine_boost,count_Omicron_star_vaccine_boost,count_Vaccine_boost
0,11781,1.0263514249493102,99998,7,3,0,0,8,3,0.00011000220004400088,18,22,49973,49974,1,0,0,0,0,0,0,0,99997,0,0,0,0,0,0,0,0,0,0,1,0,0,0,0,0,0
1,11781,2.062959548358249,99998,14,11,0,0,16,11,0.00027000540010800215,12,15,49971,49973,2,0,0,0,0,0,0,0,99996,0,0,0,0,0,0,0,0,0,0,2,0,0,0,0,0,0
2,11781,3.0109105097494995,99998,19,11,0,0,22,13,0.0003500070001400028,10,13,49967,49973,3,2,0,0,0,0,0,0,99993,0,0,0,0,0,0,0,0,0,0,5,0,0,0,0,0,0
3,11781,4.029659214516559,99998,22,14,0,0,25,18,0.00043000860017200347,9,9,49965,49972,3,4,0,0,0,0,0,0,99991,0,0,0,0,0,0,0,0,0,0,7,0,0,0,0,0,0
4,11781,5.072609458538591,99998,20,16,0,0,28,21,0.0004900098001960039,9,9,49962,49969,8,5,0,0,0,0,0,0,99985,0,0,0,0,0,0,0,0,0,0,13,0,0,0,0,0,0
5,11781,6.0114206615082235,99998,22,17,0,0,32,24,0.0005600112002240045,9,7,49958,49968,10,7,0,0,0,0,0,0,99981,0,0,0,0,0,0,0,0,0,0,17,0,0,0,0,0,0
6,11781,7.133100979658128,99998,22,18,0,0,34,26,0.0006000120002400048,11,6,49954,49967,12,8,0,0,0,0,0,0,99978,0,0,0,0,0,0,0,0,0,0,20,0,0,0,0,0,0
7,11781,8.014383909828618,99997,18,18,1,0,36,30,0.0006600198005940178,12,4,49951,49965,17,12,0,0,0,0,0,0,99968,0,0,0,0,0,0,0,0,0,0,29,0,0,0,0,0,0
8,11781,9.002661272561026,99997,17,15,1,0,38,32,0.0007000210006300189,13,3,49948,49964,20,17,0,0,0,0,0,0,99960,0,0,0,0,0,0,0,0,0,0,37,0,0,0,0,0,0
9,11781,10.04619507764634,99997,16,15,1,0,38,33,0.0007100213006390191,15,2,49946,49964,21,18,0,0,0,0,0,0,99958,0,0,0,0,0,0,0,0,0,0,39,0,0,0,0,0,0
10,11781,11.083637024266705,99997,17,12,1,0,41,33,0.0007400222006660199,15,3,49943,49963,23,21,0,0,0,0,0,0,99953,0,0,0,0,0,0,0,0,0,0,44,0,0,0,0,0,0
11,11781,12.336020877806538,99997,20,12,1,0,44,34,0.0007800234007020211,15,4,49940,49961,23,22,0,0,0,0,0,0,99952,0,0,0,0,0,0,0,0,0,0,45,0,0,0,0,0,0
12,11781,13.15215708241381,99997,19,12,1,0,45,36,0.0008100243007290219,16,3,49938,49961,25,23,0,0,0,0,0,0,99948,0,0,0,0,0,0,0,0,0,0,49,0,0,0,0,0,0
13,11781,14.170441412178265,99997,19,11,1,0,48,36,0.0008400252007560227,14,5,49937,49960,28,23,0,0,0,0,0,0,99944,0,0,0,0,0,0,0,0,0,0,53,0,0,0,0,0,0
14,11781,15.111857138026897,99997,18,12,1,0,49,37,0.0008600258007740232,15,6,49935,49958,30,23,0,0,0,0,0,0,99942,0,0,0,0,0,0,0,0,0,0,55,0,0,0,0,0,0
15,11781,16.098395026069998,99997,21,13,1,0,53,38,0.0009100273008190245,16,7,49930,49956,31,23,0,0,0,0,0,0,99941,0,0,0,0,0,0,0,0,0,0,56,0,0,0,0,0,0
16,11781,17.022629517340558,99997,21,12,1,0,57,38,0.0009500285008550256,17,11,49925,49952,35,24,0,0,0,0,0,0,99936,0,0,0,0,0,0,0,0,0,0,61,0,0,0,0,0,0
17,11781,18.078215010818653,99997,21,7,1,0,63,39,0.0010200306009180275,15,13,49922,49949,40,30,0,0,0,0,0,0,99924,0,0,0,0,0,0,0,0,0,0,73,0,0,0,0,0,0
18,11781,19.018983724404308,99997,18,8,1,0,64,41,0.0010500315009450284,16,13,49920,49947,44,31,0,0,0,0,0,0,99919,0,0,0,0,0,0,0,0,0,0,78,0,0,0,0,0,0
19,11781,20.253902300807674,99997,14,9,1,0,66,42,0.001080032400972029,16,15,49918,49945,50,30,0,0,0,0,0,0,99913,0,0,0,0,0,0,0,0,0,0,84,0,0,0,0,0,0
20,11781,21.16951829259773,99997,12,12,1,0,66,47,0.0011300339010170304,23,12,49911,49943,52,32,0,0,0,0,0,0,99909,0,0,0,0,0,0,0,0,0,0,88,0,0,0,0,0,0
21,11781,22.069147902433784,99997,16,11,1,0,71,47,0.001180035401062032,18,12,49911,49943,53,33,0,0,0,0,0,0,99907,0,0,0,0,0,0,0,0,0,0,90,0,0,0,0,0,0
22,11781,23.249705638586306,99997,21,12,1,0,80,50,0.001300039001170035,13,14,49907,49938,57,35,0,0,0,0,0,0,99901,0,0,0,0,0,0,0,0,0,0,96,0,0,0,0,0,0
23,11781,24.03252640248678,99997,25,15,1,0,84,54,0.0013800414012420372,11,11,49905,49937,57,36,0,0,0,0,0,0,99900,0,0,0,0,0,0,0,0,0,0,97,0,0,0,0,0,0
24,11781,25.092171266467673,99997,23,13,1,0,88,57,0.0014500435013050392,12,10,49901,49935,62,41,0,0,0,0,0,0,99889,0,0,0,0,0,0,0,0,0,0,108,0,0,0,0,0,0
25,11781,26.282535557597868,99997,20,14,1,0,89,60,0.0014900447013410402,12,7,49900,49936,66,42,0,0,0,0,0,0,99883,0,0,0,0,0,0,0,0,0,0,114,0,0,0,0,0,0
26,11781,27.127425936552335,99997,22,14,1,0,93,61,0.0015400462013860415,12,9,49896,49933,68,43,0,0,0,0,0,0,99880,0,0,0,0,0,0,0,0,0,0,117,0,0,0,0,0,0
27,11781,28.001618931664698,99997,23,12,1,0,96,63,0.0015900477014310428,10,10,49895,49930,70,47,0,0,0,0,0,0,99874,0,0,0,0,0,0,0,0,0,0,123,0,0,0,0,0,0
28,11781,29.011276591310423,99997,27,12,1,0,101,67,0.0016800504015120454,13,9,49888,49927,70,51,0,0,0,0,0,0,99869,0,0,0,0,0,0,0,0,0,0,128,0,0,0,0,0,0
29,11781,30.063026172822667,99997,25,12,1,0,101,69,0.001700051001530046,15,7,49886,49927,72,53,0,0,0,0,0,0,99865,0,0,0,0,0,0,0,0,0,0,132,0,0,0,0,0,0
30,11781,31.050546109613897,99997,24,15,1,0,103,75,0.001780053401602048,13,4,49887,49924,74,56,0,0,0,0,0,0,99859,0,0,0,0,0,0,0,0,0,0,138,0,0,0,0,0,0
31,11781,32.00137562308155,99997,25,9,1,0,107,76,0.0018300549016470494,11,5,49885,49922,77,63,0,0,0,0,0,0,99849,0,0,0,0,0,0,0,0,0,0,148,0,0,0,0,0,0
32,11781,33.06915983229614,99997,23,8,1,0,110,77,0.0018700561016830506,13,6,49880,49921,82,64,0,0,0,0,0,0,99842,0,0,0,0,0,0,0,0,0,0,155,0,0,0,0,0,0
33,11781,34.18232684222211,99997,24,7,1,0,112,77,0.001890056701701051,15,9,49877,49918,82,65,0,0,0,0,0,0,99840,0,0,0,0,0,0,0,0,0,0,157,0,0,0,0,0,0
34,11781,35.048676978991814,99997,23,8,1,0,113,80,0.0019300579017370522,18,7,49873,49917,84,67,0,0,0,0,0,0,99836,0,0,0,0,0,0,0,0,0,0,161,0,0,0,0,0,0
35,11781,36.00474658379845,99997,25,7,1,0,116,82,0.0019800594017820535,20,6,49869,49916,84,70,0,0,0,0,0,0,99832,0,0,0,0,0,0,0,0,0,0,165,0,0,0,0,0,0
36,11781,37.14086556962203,99997,24,6,1,0,120,82,0.0020200606018180543,18,7,49867,49915,89,71,0,0,0,0,0,0,99826,0,0,0,0,0,0,0,0,0,0,171,0,0,0,0,0,0
37,11781,38.186477275607416,99997,20,7,1,0,122,83,0.0020500615018450553,18,6,49865,49915,95,71,0,0,0,0,0,0,99820,0,0,0,0,0,0,0,0,0,0,177,0,0,0,0,0,0
38,11781,39.07627650725125,99997,22,8,1,0,125,84,0.0020900627018810565,15,5,49866,49915,95,71,0,0,0,0,0,0,99819,0,0,0,0,0,0,0,0,0,0,178,0,0,0,0,0,0
39,11781,40.14754987466395,99997,23,6,1,0,130,85,0.002150064501935058,17,8,49859,49913,99,72,0,0,0,0,0,0,99812,0,0,0,0,0,0,0,0,0,0,185,0,0,0,0,0,0
40,11781,41.084897667178225,99997,25,6,1,0,133,86,0.002190065701971059,17,10,49856,49910,100,73,0,0,0,0,0,0,99810,0,0,0,0,0,0,0,0,0,0,187,0,0,0,0,0,0
41,11781,42.04837120500845,99997,27,7,1,0,139,89,0.0022800684020520615,16,8,49851,49909,104,75,0,0,0,0,0,0,99804,0,0,0,0,0,0,0,0,0,0,193,0,0,0,0,0,0
42,11781,43.241336059941894,99997,29,9,1,0,143,92,0.0023500705021150636,14,6,49849,49909,106,75,0,0,0,0,0,0,99801,0,0,0,0,0,0,0,0,0,0,196,0,0,0,0,0,0
43,11781,44.015898847073906,99997,27,10,1,0,146,93,0.0023900717021510644,11,6,49850,49908,110,75,0,0,0,0,0,0,99796,0,0,0,0,0,0,0,0,0,0,201,0,0,0,0,0,0
44,11781,45.020878830670114,99997,26,11,1,0,148,95,0.0024300729021870656,11,4,49848,49908,113,76,0,0,0,0,0,0,99792,0,0,0,0,0,0,0,0,0,0,205,0,0,0,0,0,0
45,11781,46.13239575485683,99997,26,9,1,0,153,96,0.002490074702241067,12,5,49843,49906,117,79,0,0,0,0,0,0,99784,0,0,0,0,0,0,0,0,0,0,213,0,0,0,0,0,0
46,11781,47.06033267304209,99997,27,8,1,0,156,96,0.002520075602268068,13,5,49840,49906,118,80,0,0,0,0,0,0,99781,0,0,0,0,0,0,0,0,0,0,216,0,0,0,0,0,0
47,11781,48.04103817764684,99997,26,10,1,0,158,99,0.0025700771023130695,17,5,49834,49903,121,81,0,0,0,0,0,0,99777,0,0,0,0,0,0,0,0,0,0,220,0,0,0,0,0,0
48,11781,49.05478017365698,99997,23,10,1,0,161,100,0.0026100783023490703,19,4,49830,49904,126,81,0,0,0,0,0,0,99770,0,0,0,0,0,0,0,0,0,0,227,0,0,0,0,0,0
49,11781,50.10216478255259,99997,25,10,1,0,166,102,0.0026800804024120725,14,3,49830,49903,129,83,0,0,0,0,0,0,99765,0,0,0,0,0,0,0,0,0,0,232,0,0,0,0,0,0
50,11781,51.035073195997796,99996,27,9,2,0,170,102,0.002720108804352174,15,4,49826,49902,129,84,0,0,0,0,0,0,99762,0,0,0,0,0,0,0,0,0,0,234,0,0,0,0,0,0
51,11781,52.028456450655,99996,27,8,2,0,172,103,0.002750110004400176,15,6,49824,49901,131,84,0,0,0,0,0,0,99758,0,0,0,0,0,0,0,0,0,0,238,0,0,0,0,0,0
52,11781,53.09981791409687,99996,28,9,2,0,180,105,0.0028501140045601825,12,4,49820,49901,137,85,0,0,0,0,0,0,99750,0,0,0,0,0,0,0,0,0,0,246,0,0,0,0,0,0
53,11781,54.25224105243004,99996,28,10,2,0,182,107,0.002890115604624185,14,5,49817,49898,138,86,0,0,0,0,0,0,99747,0,0,0,0,0,0,0,0,0,0,249,0,0,0,0,0,0
54,11781,55.268431855082916,99996,24,11,2,0,184,110,0.002940117604704188,16,4,49814,49898,143,86,0,0,0,0,0,0,99739,0,0,0,0,0,0,0,0,0,0,257,0,0,0,0,0,0
55,11781,56.100278420266854,99996,26,11,2,0,187,110,0.00297011880475219,15,7,49814,49895,142,86,0,0,0,0,0,0,99738,0,0,0,0,0,0,0,0,0,0,258,0,0,0,0,0,0
56,11781,57.18162712894699,99996,23,12,2,0,188,111,0.0029901196047841913,17,6,49811,49896,146,85,0,0,0,0,0,0,99734,0,0,0,0,0,0,0,0,0,0,262,0,0,0,0,0,0
57,11781,58.10709082116073,99996,26,10,2,0,196,111,0.0030701228049121966,16,7,49805,49896,150,86,0,0,0,0,0,0,99727,0,0,0,0,0,0,0,0,0,0,269,0,0,0,0,0,0
58,11781,59.27592172131393,99996,25,9,2,0,200,112,0.0031201248049922,15,7,49802,49895,155,88,0,0,0,0,0,0,99720,0,0,0,0,0,0,0,0,0,0,276,0,0,0,0,0,0
59,11781,60.24896697143697,99996,27,11,2,0,203,114,0.003170126805072203,16,5,49799,49895,155,88,0,0,0,0,0,0,99719,0,0,0,0,0,0,0,0,0,0,277,0,0,0,0,0,0
60,11781,61.11593782719463,99996,29,10,2,0,208,115,0.0032301292051682066,15,7,49795,49892,158,90,0,0,0,0,0,0,99714,0,0,0,0,0,0,0,0,0,0,282,0,0,0,0,0,0
61,11781,62.166997404808626,99996,26,9,2,0,209,117,0.0032601304052162087,18,7,49791,49890,162,93,0,0,0,0,0,0,99707,0,0,0,0,0,0,0,0,0,0,289,0,0,0,0,0,0
62,11781,63.034257687616865,99996,30,9,2,0,215,117,0.0033201328053122127,15,8,49788,49889,164,93,0,0,0,0,0,0,99705,0,0,0,0,0,0,0,0,0,0,291,0,0,0,0,0,0
63,11781,64.04777642934675,99996,33,12,2,0,220,120,0.0034001360054402175,18,7,49780,49888,166,92,0,0,0,0,0,0,99704,0,0,1,0,0,0,0,0,0,0,291,0,0,0,0,0,0
64,11781,65.10555982228715,99996,31,13,2,0,224,124,0.0034801392055682227,21,5,49774,49886,171,95,0,0,0,0,0,0,99695,0,0,1,0,0,0,0,0,0,0,300,0,0,0,0,0,0
65,11781,66.03151562823983,99996,30,10,2,0,226,124,0.003500140005600224,24,8,49770,49884,173,97,0,0,0,0,0,0,99689,0,0,1,0,0,0,0,0,0,0,306,0,0,0,0,0,0
66,11781,67.12823334043301,99996,31,11,2,0,232,126,0.003580143205728229,19,7,49769,49884,178,97,0,0,0,0,0,0,99683,0,0,1,0,0,0,0,0,0,0,312,0,0,0,0,0,0
67,11781,68.12987045127154,99996,28,12,2,0,234,128,0.0036201448057922316,19,7,49767,49882,183,98,0,0,0,0,0,0,99677,0,0,1,0,0,0,0,0,0,0,318,0,0,0,0,0,0
68,11781,69.11213738477106,99996,37,14,2,0,245,130,0.00375015000600024,17,7,49760,49880,183,98,0,0,0,0,0,0,99675,0,0,1,0,0,0,0,0,0,0,320,0,0,0,0,0,0
69,11781,70.16565934208035,99996,36,15,2,0,251,132,0.0038301532061282453,17,8,49755,49877,189,99,0,0,0,0,0,0,99667,0,0,1,0,0,0,0,0,0,0,328,0,0,0,0,0,0
70,11781,71.04754548681842,99996,30,16,2,0,256,134,0.0039001560062402497,18,12,49751,49873,198,98,0,0,0,0,0,0,99655,0,0,1,0,0,0,0,0,0,0,340,0,0,0,0,0,0
71,11781,72.03173366758045,99996,28,16,2,0,262,137,0.003990159606384255,18,11,49746,49871,205,101,0,0,0,0,0,0,99644,0,0,1,0,0,0,0,0,0,0,351,0,0,0,0,0,0
72,11781,73.08759594423168,99996,31,19,2,0,266,145,0.0041101644065762635,20,8,49740,49866,206,106,0,0,0,0,0,0,99638,0,0,1,0,0,0,0,0,0,0,357,0,0,0,0,0,0
73,11781,74.09165490509989,99996,36,17,2,0,272,147,0.004190167606704268,19,12,49736,49860,206,110,0,0,0,0,0,0,99633,0,0,1,0,0,0,0,0,0,0,362,0,0,0,0,0,0
74,11781,75.05250956898104,99996,33,21,2,0,276,151,0.004270170806832273,20,11,49731,49857,213,110,0,0,0,0,0,0,99626,0,0,1,0,0,0,0,0,0,0,369,0,0,0,0,0,0
75,11781,76.25169859613328,99996,33,22,2,0,280,155,0.004350174006960279,20,9,49729,49855,215,113,0,0,0,0,0,0,99619,0,0,1,0,0,0,0,0,0,0,376,0,0,0,0,0,0
76,11781,77.07987549553734,99996,31,19,2,0,284,157,0.004410176407056282,21,11,49724,49852,221,117,0,0,0,0,0,0,99608,0,0,1,0,0,0,0,0,0,0,387,0,0,0,0,0,0
77,11781,78.05722132774999,99996,34,17,2,0,289,160,0.004490179607184288,24,9,49719,49851,220,122,0,0,0,0,0,0,99601,0,0,1,0,0,0,0,0,0,0,394,0,0,0,0,0,0
78,11781,79.01079325608035,99996,34,17,2,0,296,163,0.004590183607344294,26,8,49710,49850,227,124,0,0,0,0,0,0,99591,0,0,1,0,0,0,0,0,0,0,404,0,0,0,0,0,0
79,11781,80.07071021488034,99996,40,15,2,0,306,164,0.0047001880075203005,26,10,49700,49848,231,126,0,0,0,0,0,0,99584,0,0,1,0,0,0,0,0,0,0,411,0,0,0,0,0,0
80,11781,81.28519969617993,99996,41,11,2,0,313,164,0.004770190807632305,28,14,49691,49845,237,129,0,0,0,0,0,0,99574,0,0,1,0,0,0,0,0,0,0,421,0,0,0,0,0,0
81,11781,82.00171693242126,99996,43,10,2,0,321,165,0.004860194407776311,22,15,49689,49845,243,129,0,0,0,0,0,0,99566,0,0,1,0,0,0,0,0,0,0,429,0,0,0,0,0,0
82,11781,83.06868738830218,99996,40,15,2,0,326,173,0.004990199607984319,27,11,49679,49842,251,131,0,0,0,0,0,0,99555,0,0,1,0,0,0,0,0,0,0,440,0,0,0,0,0,0
83,11781,84.0015721490919,99996,33,16,2,0,327,175,0.0050202008080323214,31,11,49676,49840,257,132,0,0,0,0,0,0,99546,0,0,1,0,0,0,0,0,0,0,449,0,0,0,0,0,0
84,11781,85.00381317636996,99996,34,14,2,0,333,177,0.005100204008160326,34,12,49667,49837,262,136,0,0,0,0,0,0,99538,0,0,2,0,0,0,0,0,0,0,456,0,0,0,0,0,0
85,11781,86.25525103296559,99996,36,16,2,0,339,181,0.005200208008320333,34,11,49662,49834,265,138,0,0,0,0,0,0,99532,0,0,2,0,0,0,0,0,0,0,462,0,0,0,0,0,0
86,11781,87.02313363525933,99996,38,17,2,0,346,184,0.005300212008480339,30,8,49660,49834,269,140,0,0,0,0,0,0,99525,0,0,2,0,0,0,0,0,0,0,469,0,0,0,0,0,0
87,11781,88.0990589863082,99996,41,18,2,0,350,187,0.005370214808592344,35,9,49653,49831,268,141,0,0,0,0,0,0,99522,0,0,2,0,0,0,0,0,0,0,472,0,0,0,0,0,0
88,11781,89.01746309067657,99996,46,18,2,0,357,190,0.0054702188087523505,39,7,49642,49830,270,144,0,0,0,0,0,0,99517,0,0,2,0,0,0,0,0,0,0,477,0,0,0,0,0,0
89,11781,90.09647694701721,99995,44,18,3,0,367,193,0.0056002800140007,38,9,49635,49827,279,145,0,0,0,0,0,0,99502,0,0,2,0,0,0,0,0,0,0,491,0,0,0,0,0,0
90,11781,91.02321605739252,99995,48,18,3,0,378,196,0.005740287014350718,41,10,49622,49823,285,148,0,0,0,0,0,0,99492,0,0,2,0,0,0,0,0,0,0,501,0,0,0,0,0,0
91,11781,92.28307807758205,99995,47,20,3,0,390,201,0.005910295514775739,36,10,49616,49819,297,150,0,0,0,0,0,0,99476,0,0,2,0,0,0,0,0,0,0,517,0,0,0,0,0,0
92,11781,93.23735261914123,99995,43,19,3,0,394,202,0.005960298014900745,37,12,49612,49817,304,151,0,0,0,0,0,0,99466,0,0,2,0,0,0,0,0,0,0,527,0,0,0,0,0,0
93,11781,94.01678940637747,99995,49,21,3,0,403,205,0.00608030401520076,31,12,49609,49816,307,150,0,0,0,0,0,0,99462,0,0,2,0,0,0,0,0,0,0,531,0,0,0,0,0,0
94,11781,95.00074455926485,99995,46,18,3,0,409,207,0.00616030801540077,29,12,49607,49814,314,155,0,0,0,0,0,0,99448,0,0,2,0,0,0,0,0,0,0,545,0,0,0,0,0,0
95,11781,96.17643170208085,99995,42,21,3,0,419,213,0.00632031601580079,30,9,49597,49814,327,155,0,0,0,0,0,0,99431,0,0,2,0,0,0,0,0,0,0,562,0,0,0,0,0,0
96,11781,97.02468347438828,99995,44,17,3,0,425,213,0.006380319015950798,27,16,49594,49807,331,159,0,0,0,0,0,0,99423,0,0,2,0,0,0,0,0,0,0,570,0,0,0,0,0,0
97,11781,98.05911364023879,99995,49,20,3,0,437,217,0.006540327016350818,25,13,49585,49807,337,159,0,0,0,0,0,0,99415,0,0,2,0,0,0,0,0,0,0,578,0,0,0,0,0,0
98,11781,99.0668174946759,99995,46,18,3,0,441,218,0.006590329516475824,25,12,49583,49807,342,162,0,0,0,0,0,0,99405,0,0,2,0,0,0,0,0,0,0,588,0,0,0,0,0,0
99,11781,100.13745937636773,99995,48,16,3,0,451,222,0.006730336516825842,24,9,49574,49806,350,168,0,0,0,0,0,0,99391,0,0,2,0,0,0,0,0,0,0,602,0,0,0,0,0,0
100,11781,101.21708383041283,99995,44,18,3,0,458,226,0.006840342017100855,24,10,49567,49802,361,169,0,0,0,0,0,0,99379,0,0,3,0,0,0,0,0,0,0,613,0,0,0,0,0,0
101,11781,102.17080819298693,99995,44,17,3,0,463,228,0.006910345517275864,28,12,49558,49799,366,171,0,0,0,0,0,0,99371,0,0,3,0,0,0,0,0,0,0,621,0,0,0,0,0,0
102,11781,103.00501795935169,99995,53,16,3,0,475,229,0.00704035201760088,21,12,49555,49798,367,173,0,0,0,0,0,0,99366,0,0,3,0,0,0,0,0,0,0,626,0,0,0,0,0,0
103,11781,104.12458865228079,99995,54,16,3,0,485,231,0.007160358017900895,19,15,49548,49793,375,175,0,0,0,0,0,0,99355,0,0,3,0,0,0,0,0,0,0,637,0,0,0,0,0,0
104,11781,105.19958730961721,99995,54,17,3,0,488,233,0.0072103605180259015,24,17,49542,49790,376,175,0,0,0,0,0,0,99351,0,0,3,0,0,0,0,0,0,0,641,0,0,0,0,0,0
105,11781,106.2627664446957,99995,50,18,3,0,495,236,0.007310365518275914,27,16,49534,49788,385,177,0,0,0,0,0,0,99338,0,0,3,0,0,0,0,0,0,0,654,0,0,0,0,0,0
106,11781,107.01678614147396,99995,52,17,3,0,500,238,0.0073803690184509226,28,19,49529,49783,387,180,0,0,0,0,0,0,99332,0,0,3,0,0,0,0,0,0,0,660,0,0,0,0,0,0
107,11781,108.10251037004167,99995,51,19,3,0,507,242,0.0074903745187259365,27,20,49525,49778,393,182,0,0,0,0,0,0,99322,0,0,3,0,0,0,0,0,0,0,670,0,0,0,0,0,0
108,11781,109.2490750364222,99995,50,20,3,0,514,247,0.0076103805190259515,23,16,49523,49779,400,184,0,0,0,0,0,0,99310,0,0,3,0,0,0,0,0,0,0,682,0,0,0,0,0,0
109,11781,110.20941336649805,99995,43,21,3,0,516,251,0.0076703835191759585,24,16,49520,49775,409,187,0,0,0,0,0,0,99298,0,0,3,0,0,0,0,0,0,0,694,0,0,0,0,0,0
110,11781,111.02389131019484,99995,46,18,3,0,526,254,0.007800390019500975,22,20,49514,49769,414,192,0,0,0,0,0,0,99285,0,0,3,0,0,0,0,0,0,0,707,0,0,0,0,0,0
111,11781,112.11786296173275,99995,50,21,3,0,533,261,0.007940397019850992,23,14,49506,49769,417,195,0,0,0,0,0,0,99278,0,0,3,0,0,0,0,0,0,0,714,0,0,0,0,0,0
112,11781,113.07680727774282,99995,53,27,3,0,539,269,0.00808040402020101,20,10,49506,49765,417,197,0,0,0,0,0,0,99273,0,0,3,0,0,0,0,0,0,0,719,0,0,0,0,0,0
113,11781,114.1237450135066,99995,55,29,3,0,548,271,0.008190409520476024,18,13,49500,49760,423,197,0,0,0,0,0,0,99266,0,0,3,0,0,0,0,0,0,0,726,0,0,0,0,0,0
114,11781,115.22780281901444,99995,47,20,3,0,552,273,0.00825041252062603,26,16,49490,49757,433,206,0,0,0,0,0,0,99243,0,0,3,0,0,0,0,0,0,0,749,0,0,0,0,0,0
115,11781,116.0113117907182,99995,46,20,3,0,556,278,0.008340417020851042,23,12,49489,49757,438,210,0,0,0,0,0,0,99233,0,0,3,0,0,0,0,0,0,0,759,0,0,0,0,0,0
116,11781,117.20085812253994,99995,43,21,3,0,560,281,0.00841042052102605,28,12,49481,49755,444,211,0,0,0,0,0,0,99225,0,0,4,0,0,0,0,0,0,0,766,0,0,0,0,0,0
117,11781,118.33946693444274,99995,49,23,3,0,570,286,0.00856042802140107,26,12,49473,49750,448,214,0,0,0,0,0,0,99218,0,0,4,0,0,0,0,0,0,0,773,0,0,0,0,0,0
118,11781,119.00416726768887,99995,44,20,3,0,572,289,0.008610430521526076,28,12,49470,49747,454,220,0,0,0,0,0,0,99205,0,0,4,0,0,0,0,0,0,0,786,0,0,0,0,0,0
119,11781,120.04511557422428,99995,46,26,3,0,575,295,0.008700435021751088,31,10,49465,49743,454,220,0,0,0,0,0,0,99204,0,0,4,0,0,0,0,0,0,0,787,0,0,0,0,0,0
120,11781,121.11469733452032,99995,43,24,3,0,583,297,0.0088004400220011,28,14,49460,49738,465,223,0,0,0,0,0,0,99189,0,0,4,0,0,0,0,0,0,0,802,0,0,0,0,0,0
121,11781,122.24313450854962,99995,46,25,3,0,591,300,0.008910445522276114,24,16,49457,49733,469,225,0,0,0,0,0,0,99182,0,0,4,0,0,0,0,0,0,0,809,0,0,0,0,0,0
122,11781,123.07518735843122,99995,42,26,3,0,595,303,0.008980449022451122,25,21,49453,49725,476,227,0,0,0,0,0,0,99172,0,0,4,0,0,0,0,0,0,0,819,0,0,0,0,0,0
123,11781,124.05947215286484,99995,41,23,3,0,600,306,0.009060453022651132,30,26,49445,49718,480,232,0,0,0,0,0,0,99160,0,0,4,0,0,0,0,0,0,0,831,0,0,0,0,0,0
124,11781,125.08633596012841,99995,47,23,3,0,610,312,0.009220461023051152,31,24,49435,49715,483,237,0,0,0,0,0,0,99150,0,0,4,0,0,0,0,0,0,0,841,0,0,0,0,0,0
125,11781,126.11333361714829,99995,51,21,3,0,621,317,0.009380469023451172,26,21,49431,49713,488,244,0,0,0,0,0,0,99136,0,0,4,0,0,0,0,0,0,0,855,0,0,0,0,0,0
126,11781,127.14044053878524,99995,54,22,3,0,629,320,0.009490474523726186,24,22,49427,49709,491,246,0,0,0,0,0,0,99129,0,0,4,0,0,0,0,0,0,0,862,0,0,0,0,0,0
127,11781,128.1676328219341,99995,55,26,3,0,634,326,0.0096004800240012,30,19,49418,49708,493,246,0,0,0,0,0,0,99123,0,0,4,0,0,0,0,0,0,0,868,0,0,0,0,0,0
128,11781,129.33103206861415,99995,61,28,3,0,651,332,0.009830491524576228,24,20,49410,49702,501,249,0,0,0,0,0,0,99109,0,0,5,0,0,0,0,0,0,0,881,0,0,0,0,0,0
129,11781,130.1078881640035,99995,56,27,3,0,657,335,0.00992049602480124,24,21,49405,49699,511,252,0,0,0,0,0,0,99094,0,0,5,0,0,0,0,0,0,0,896,0,0,0,0,0,0
130,11781,131.1310988374638,99995,52,27,3,0,661,341,0.010020501025051252,24,18,49403,49697,517,257,0,0,0,0,0,0,99080,0,0,5,0,0,0,0,0,0,0,910,0,0,0,0,0,0
131,11781,132.0331017478802,99995,52,28,3,0,668,345,0.010130506525326266,26,20,49400,49692,518,259,0,0,0,0,0,0,99070,0,0,5,0,0,0,0,0,0,0,920,0,0,0,0,0,0
132,11781,133.1033072637914,99995,52,30,3,0,673,349,0.010220511025551278,29,19,49395,49689,520,261,0,0,0,0,0,0,99063,0,0,5,0,0,0,0,0,0,0,927,0,0,0,0,0,0
133,11781,134.03530348061565,99995,53,32,3,0,681,354,0.010350517525876294,31,23,49388,49681,524,263,0,0,0,0,0,0,99054,0,0,6,0,0,0,0,0,0,0,935,0,0,0,0,0,0
134,11781,135.01122957414967,99995,60,28,3,0,692,356,0.01048052402620131,28,27,49382,49677,526,267,0,0,0,0,0,0,99044,0,0,6,0,0,0,0,0,0,0,945,0,0,0,0,0,0
135,11781,136.03918147584616,99995,60,29,3,0,699,360,0.010590529526476324,30,29,49375,49671,531,270,0,0,0,0,0,0,99034,0,0,6,0,0,0,0,0,0,0,955,0,0,0,0,0,0
136,11781,137.06725777751967,99995,58,36,3,0,707,369,0.010760538026901346,31,22,49368,49670,539,271,0,0,0,0,0,0,99022,0,0,6,0,0,0,0,0,0,0,967,0,0,0,0,0,0
137,11781,138.0954443704598,99995,59,31,3,0,715,372,0.010870543527176358,38,20,49354,49670,545,278,0,0,0,0,0,0,99007,0,0,6,0,0,0,0,0,0,0,982,0,0,0,0,0,0
138,11781,139.13322155087934,99995,56,30,3,0,722,379,0.011010550527526376,39,17,49347,49667,554,285,0,0,0,0,0,0,98989,0,0,6,0,0,0,0,0,0,0,1000,0,0,0,0,0,0
139,11781,140.00711035992427,99995,58,33,3,0,730,386,0.011160558027901396,38,16,49342,49661,558,289,0,0,0,0,0,0,98979,0,0,6,0,0,0,0,0,0,0,1010,0,0,0,0,0,0
140,11781,141.3343967329354,99995,65,29,3,0,746,391,0.011370568528426422,33,17,49333,49656,565,297,0,0,0,0,0,0,98961,0,0,6,0,0,0,0,0,0,0,1028,0,0,0,0,0,0
141,11781,142.19396717276442,99995,68,30,3,0,752,394,0.011460573028651432,35,16,49327,49654,566,299,0,0,0,0,0,0,98956,0,0,6,0,0,0,0,0,0,0,1033,0,0,0,0,0,0
142,11781,143.2121983547456,99995,63,32,3,0,759,401,0.01160058002900145,41,18,49316,49645,576,304,0,0,0,0,0,0,98939,0,0,6,0,0,0,0,0,0,0,1050,0,0,0,0,0,0
143,11781,144.32303947868178,99995,73,28,3,0,774,405,0.011790589529476474,41,20,49304,49640,578,311,0,0,0,0,0,0,98926,0,0,6,0,0,0,0,0,0,0,1063,0,0,0,0,0,0
144,11781,145.1908510042006,99995,73,30,3,0,781,408,0.011890594529726486,46,22,49295,49635,582,312,0,0,0,0,0,0,98918,0,0,6,0,0,0,0,0,0,0,1071,0,0,0,0,0,0
145,11781,146.22031305669432,99995,72,32,3,0,794,415,0.012090604530226512,43,20,49288,49631,593,316,0,0,0,0,0,0,98899,0,0,6,0,0,0,0,0,0,0,1090,0,0,0,0,0,0
146,11781,147.1841575742147,99995,68,31,3,0,804,420,0.01224061203060153,37,17,49286,49631,605,320,0,0,0,0,0,0,98879,0,0,6,0,0,0,0,0,0,0,1110,0,0,0,0,0,0
147,11781,148.28307515340157,99995,75,28,3,0,818,423,0.012410620531026552,39,25,49273,49622,609,324,0,0,0,0,0,0,98866,0,0,6,0,0,0,0,0,0,0,1123,0,0,0,0,0,0
148,11781,149.3130344023791,99995,76,26,3,0,829,424,0.012530626531326566,38,31,49263,49616,619,326,0,0,0,0,0,0,98853,0,0,6,0,0,0,0,0,0,0,1136,0,0,0,0,0,0
149,11781,150.34317930928864,99995,71,32,3,0,839,431,0.012700635031751588,38,30,49253,49611,634,326,0,0,0,0,0,0,98837,0,0,6,0,0,0,0,0,0,0,1152,0,0,0,0,0,0
150,11781,151.0300826739224,99995,71,33,3,0,844,435,0.0127906395319766,38,27,49249,49610,638,329,0,0,0,0,0,0,98829,0,0,6,0,0,0,0,0,0,0,1160,0,0,0,0,0,0
151,11781,152.06057780138678,99995,67,32,3,0,854,439,0.012930646532326616,35,26,49245,49608,649,333,0,0,0,0,0,0,98811,0,0,7,0,0,0,0,0,0,0,1177,0,0,0,0,0,0
152,11781,153.0912331273477,99995,71,32,3,0,862,448,0.013100655032751637,38,24,49235,49604,652,339,0,0,0,0,0,0,98798,0,0,7,0,0,0,0,0,0,0,1190,0,0,0,0,0,0
153,11781,154.12201372947123,99995,73,29,3,0,874,450,0.013240662033101655,33,28,49230,49599,660,343,0,0,0,0,0,0,98784,0,0,8,0,0,0,0,0,0,0,1203,0,0,0,0,0,0
154,11781,155.15292795460962,99995,71,36,3,0,883,461,0.01344067203360168,36,25,49223,49592,666,346,0,0,0,0,0,0,98769,0,0,8,0,0,0,0,0,0,0,1218,0,0,0,0,0,0
155,11781,156.18393991808213,99994,73,34,4,0,891,466,0.013570814248854932,41,26,49211,49589,670,350,0,0,0,0,0,0,98756,0,0,8,0,0,0,0,0,0,0,1230,0,0,0,0,0,0
156,11781,157.21512630328758,99994,71,31,4,0,904,470,0.013740824449466968,39,26,49204,49586,681,356,0,0,0,0,0,0,98734,0,0,8,0,0,0,0,0,0,0,1252,0,0,0,0,0,0
157,11781,158.2465235596077,99993,71,31,4,1,912,478,0.013900973068114768,43,20,49194,49585,687,362,0,0,0,0,0,0,98718,0,0,8,0,0,0,0,0,0,0,1267,0,0,0,0,0,0
158,11781,159.12900063387278,99993,79,31,4,1,925,483,0.01408098566899683,35,20,49190,49581,691,366,0,0,0,0,0,0,98708,0,0,8,0,0,0,0,0,0,0,1277,0,0,0,0,0,0
159,11781,160.28019685700647,99993,73,29,4,1,933,488,0.014210994769633875,38,26,49182,49570,702,373,0,0,0,0,0,0,98687,0,0,8,0,0,0,0,0,0,0,1298,0,0,0,0,0,0
160,11781,161.3120780406063,99992,71,27,4,2,943,491,0.014341147291783343,36,30,49179,49566,709,374,0,0,0,0,0,0,98670,0,0,8,0,0,0,0,0,0,0,1314,0,0,0,0,0,0
161,11781,162.0000592474679,99992,65,26,4,2,950,496,0.014461156892551404,36,27,49173,49565,721,379,0,0,0,0,0,0,98651,0,0,8,0,0,0,0,0,0,0,1333,0,0,0,0,0,0
162,11781,163.03224115448216,99992,68,27,4,2,960,501,0.01461116889351148,42,26,49158,49564,727,380,0,0,0,0,0,0,98640,0,0,8,0,0,0,0,0,0,0,1344,0,0,0,0,0,0
163,11781,164.0646321742907,99992,64,31,4,2,964,510,0.014741179294343548,45,23,49154,49558,732,385,0,0,0,0,0,0,98627,0,0,8,0,0,0,0,0,0,0,1357,0,0,0,0,0,0
164,11781,165.0971510825482,99992,65,29,4,2,975,513,0.01488119049523962,46,28,49145,49550,739,390,0,0,0,0,0,0,98613,0,0,9,0,0,0,0,0,0,0,1370,0,0,0,0,0,0
165,11781,166.12983374733847,99992,69,36,4,2,994,522,0.015161212897031763,41,25,49131,49545,754,391,0,0,0,0,0,0,98596,0,0,9,0,0,0,0,0,0,0,1387,0,0,0,0,0,0
166,11781,167.16275602134976,99992,71,40,4,2,1007,527,0.015341227298183855,35,30,49126,49537,763,390,0,0,0,0,0,0,98584,0,0,9,0,0,0,0,0,0,0,1399,0,0,0,0,0,0
167,11781,168.19579240225053,99992,68,45,4,2,1018,535,0.015531242499399953,37,29,49116,49530,774,393,0,0,0,0,0,0,98567,0,0,9,0,0,0,0,0,0,0,1416,0,0,0,0,0,0
168,11781,169.22899739086117,99992,63,40,4,2,1028,541,0.015691255300424034,41,28,49111,49526,780,403,0,0,0,0,0,0,98541,0,0,9,0,0,0,0,0,0,0,1442,0,0,0,0,0,0
169,11781,170.2623380511993,99992,66,41,4,2,1038,547,0.015851268101448115,40,33,49107,49518,782,405,0,0,0,0,0,0,98529,0,0,9,0,0,0,0,0,0,0,1454,0,0,0,0,0,0
170,11781,171.29575243108772,99992,64,41,4,2,1045,552,0.015971277702216177,48,36,49095,49510,788,410,0,0,0,0,0,0,98515,0,0,9,0,0,0,0,0,0,0,1468,0,0,0,0,0,0
171,11781,172.32934921353885,99992,64,42,4,2,1054,562,0.016161292903432274,49,32,49090,49505,792,418,0,0,0,0,0,0,98497,0,0,9,0,0,0,0,0,0,0,1486,0,0,0,0,0,0
172,11781,173.0184609735145,99992,68,43,4,2,1065,568,0.016331306504520363,43,29,49086,49503,798,422,0,0,0,0,0,0,98485,0,0,9,0,0,0,0,0,0,0,1498,0,0,0,0,0,0
173,11781,174.05224928120862,99992,79,44,4,2,1081,575,0.016561324905992478,33,34,49083,49493,800,426,0,0,0,0,0,0,98474,0,0,9,0,0,0,0,0,0,0,1509,0,0,0,0,0,0
174,11781,175.086081376693,99991,83,49,5,2,1091,585,0.01676150853576822,39,33,49070,49487,802,428,0,0,0,0,0,0,98463,0,0,9,0,0,0,0,0,0,0,1519,0,0,0,0,0,0
175,11781,176.12003054938964,99991,84,45,5,2,1105,589,0.01694152473722635,37,37,49061,49479,812,436,0,0,0,0,0,0,98442,0,0,9,0,0,0,0,0,0,0,1540,0,0,0,0,0,0
176,11781,177.15420330566366,99991,84,46,5,2,1115,597,0.017121540938684482,45,39,49050,49469,815,443,0,0,0,0,0,0,98425,0,0,9,0,0,0,0,0,0,0,1557,0,0,0,0,0,0
177,11781,178.18851278080177,99991,82,52,5,2,1125,609,0.017341560740466642,52,40,49035,49457,825,448,0,0,0,0,0,0,98407,0,0,9,0,0,0,0,0,0,0,1575,0,0,0,0,0,0
178,11781,179.22303527660227,99991,84,53,5,2,1137,620,0.01757158144232981,57,34,49019,49454,834,456,0,0,0,0,0,0,98387,0,0,9,0,0,0,0,0,0,0,1595,0,0,0,0,0,0
179,11781,180.25783139557913,99991,88,55,5,2,1153,629,0.017821603944354992,49,34,49012,49449,845,459,0,0,0,0,0,0,98368,0,0,9,0,0,0,0,0,0,0,1614,0,0,0,0,0,0
180,11781,181.29283161207562,99991,92,54,5,2,1171,639,0.018101629146623197,58,38,48986,49436,858,469,0,0,0,0,0,0,98343,0,0,9,0,0,0,0,0,0,0,1639,0,0,0,0,0,0
181,11781,182.32819836218505,99991,100,53,5,2,1190,651,0.018411657049134424,51,31,48977,49433,866,480,0,0,0,0,0,0,98319,0,0,9,0,0,0,0,0,0,0,1663,0,0,0,0,0,0
182,11781,183.01857724320288,99991,99,59,5,2,1196,660,0.018561670550349532,57,29,48966,49426,872,483,0,0,0,0,0,0,98309,0,0,9,0,0,0,0,0,0,0,1673,0,0,0,0,0,0
183,11781,184.054315149185,99991,101,56,5,2,1209,667,0.018761688551969677,56,32,48957,49417,880,492,0,0,0,0,0,0,98288,0,0,9,0,0,0,0,0,0,0,1694,0,0,0,0,0,0
184,11781,185.09027953717555,99991,95,53,5,2,1217,676,0.0189317038533468,57,31,48949,49409,893,504,0,0,0,0,0,0,98263,0,0,10,0,0,0,0,0,0,0,1718,0,0,0,0,0,0
185,11781,186.1264770345134,99991,94,49,5,2,1228,686,0.019141722755047955,59,30,48938,49404,903,514,0,0,0,0,0,0,98238,0,0,11,0,0,0,0,0,0,0,1742,0,0,0,0,0,0
186,11781,187.16291114944454,99991,100,49,5,2,1249,693,0.01942174795731616,54,29,48924,49401,916,518,0,0,0,0,0,0,98216,0,0,11,0,0,0,0,0,0,0,1764,0,0,0,0,0,0
187,11781,188.1996355341408,99991,100,50,5,2,1259,699,0.019581762358612274,62,30,48909,49394,923,523,0,0,0,0,0,0,98201,0,0,11,0,0,0,0,0,0,0,1779,0,0,0,0,0,0
188,11781,189.23657671934237,99991,101,50,5,2,1270,707,0.019771779460151413,65,28,48899,49390,929,529,0,0,0,0,0,0,98183,0,0,11,0,0,0,0,0,0,0,1797,0,0,0,0,0,0
189,11781,190.27370281526427,99991,97,53,5,2,1285,715,0.020001800162014582,68,26,48881,49385,948,533,0,0,0,0,0,0,98159,0,0,11,0,0,0,0,0,0,0,1821,0,0,0,0,0,0
190,11781,191.31118121956513,99991,99,46,5,2,1303,722,0.020251822664039763,67,25,48869,49380,959,546,0,0,0,0,0,0,98129,0,0,11,0,0,0,0,0,0,0,1851,0,0,0,0,0,0
191,11781,192.00299338845446,99991,105,48,5,2,1317,729,0.020461841565740917,65,31,48859,49368,965,550,0,0,0,0,0,0,98116,0,0,11,0,0,0,0,0,0,0,1864,0,0,0,0,0,0
192,11781,193.04093906130313,99990,105,49,6,2,1337,741,0.02078207820782078,58,25,48847,49365,983,558,0,0,0,0,0,0,98085,0,0,11,0,0,0,0,0,0,0,1894,0,0,0,0,0,0
193,11781,194.07922420507103,99990,107,52,6,2,1354,752,0.021062106210621063,62,22,48829,49360,995,563,0,0,0,0,0,0,98062,0,0,11,0,0,0,0,0,0,0,1917,0,0,0,0,0,0
194,11781,195.11778068801306,99990,116,50,6,2,1378,758,0.02136213621362136,56,28,48815,49349,1006,570,0,0,0,0,0,0,98039,0,0,11,0,0,0,0,0,0,0,1940,0,0,0,0,0,0
195,11781,196.15660865275763,99990,119,44,6,2,1397,767,0.021642164216421643,60,25,48794,49344,1020,584,0,0,0,0,0,0,98008,0,0,11,0,0,0,0,0,0,0,1971,0,0,0,0,0,0
196,11781,197.19585946054443,99990,109,50,6,2,1414,775,0.021892189218921894,57,25,48786,49339,1041,583,0,0,0,0,0,0,97979,0,0,11,0,0,0,0,0,0,0,2000,0,0,0,0,0,0
197,11781,198.23543575680472,99990,105,52,6,2,1431,784,0.02215221522152215,58,21,48771,49335,1059,589,0,0,0,0,0,0,97951,0,0,11,0,0,0,0,0,0,0,2028,0,0,0,0,0,0
198,11781,199.27530989443497,99990,104,52,6,2,1447,789,0.02236223622362236,54,20,48767,49332,1068,593,0,0,0,0,0,0,97930,0,0,12,0,0,0,0,0,0,0,2048,0,0,0,0,0,0
199,11781,200.1301755089987,99990,114,51,6,2,1465,793,0.022582258225822584,50,23,48755,49330,1074,593,0,0,0,0,0,0,97917,0,0,12,0,0,0,0,0,0,0,2061,0,0,0,0,0,0
200,11781,201.17037186826522,99990,109,43,6,2,1478,795,0.02273227322732273,55,28,48742,49324,1087,602,0,0,0,0,0,0,97890,0,0,13,0,0,0,0,0,0,0,2087,0,0,0,0,0,0
201,11781,202.210845581451,99990,104,42,6,2,1490,802,0.022922292229222922,51,29,48739,49320,1099,606,0,0,0,0,0,0,97865,0,0,13,0,0,0,0,0,0,0,2112,0,0,0,0,0,0
202,11781,203.25147993842023,99990,96,44,6,2,1502,810,0.023122312231223123,58,27,48728,49317,1111,609,0,0,0,0,0,0,97839,0,0,13,0,0,0,0,0,0,0,2138,0,0,0,0,0,0
203,11781,204.29237759197605,99990,100,38,6,2,1515,817,0.023322332233223324,60,24,48717,49316,1116,619,0,0,0,0,0,0,97817,0,0,13,0,0,0,0,0,0,0,2160,0,0,0,0,0,0
204,11781,205.33348860192078,99990,98,37,6,2,1527,823,0.023502350235023502,60,26,48709,49308,1126,626,0,0,0,0,0,0,97796,0,0,13,0,0,0,0,0,0,0,2181,0,0,0,0,0,0
205,11781,206.02766745288318,99990,99,36,6,2,1537,826,0.02363236323632363,60,29,48700,49302,1134,630,0,0,0,0,0,0,97783,0,0,13,0,0,0,0,0,0,0,2194,0,0,0,0,0,0
206,11781,207.0691749247869,99990,92,33,6,2,1548,830,0.02378237823782378,57,28,48695,49305,1149,631,0,0,0,0,0,0,97758,0,0,13,0,0,0,0,0,0,0,2219,0,0,0,0,0,0
207,11781,208.11094900228042,99990,91,26,6,2,1563,834,0.023972397239723973,47,27,48696,49305,1159,639,0,0,0,0,0,0,97731,0,0,13,0,0,0,0,0,0,0,2246,0,0,0,0,0,0
208,11781,209.15285273405135,99990,89,25,6,2,1577,840,0.024172417241724174,44,31,48689,49297,1171,644,0,0,0,0,0,0,97709,0,0,14,0,0,0,0,0,0,0,2267,0,0,0,0,0,0
209,11781,210.1949656800748,99990,87,30,6,2,1587,847,0.024342434243424343,50,30,48676,49291,1180,646,0,0,0,0,0,0,97695,0,0,14,0,0,0,0,0,0,0,2281,0,0,0,0,0,0
210,11781,211.23726556069585,99990,82,31,6,2,1600,853,0.02453245324532453,47,31,48673,49288,1191,647,0,0,0,0,0,0,97672,0,0,14,0,0,0,0,0,0,0,2304,0,0,0,0,0,0
211,11781,212.27970469152513,99990,86,36,6,2,1614,862,0.024762476247624763,44,27,48667,49287,1196,647,0,0,0,0,0,0,97658,0,0,14,0,0,0,0,0,0,0,2318,0,0,0,0,0,0
212,11781,213.32223849369944,99990,87,37,6,2,1630,868,0.024982498249824982,39,31,48656,49279,1211,650,0,0,0,0,0,0,97638,0,0,14,0,0,0,0,0,0,0,2338,0,0,0,0,0,0
213,11781,214.017400351377,99990,89,43,6,2,1639,877,0.02516251625162516,41,24,48649,49280,1214,650,0,0,0,0,0,0,97629,0,0,15,0,0,0,0,0,0,0,2346,0,0,0,0,0,0
214,11781,215.06030502891687,99990,91,44,6,2,1655,884,0.025392539253925393,36,27,48645,49274,1221,652,0,0,0,0,0,0,97609,0,0,15,0,0,0,0,0,0,0,2366,0,0,0,0,0,0
215,11781,216.10328541782027,99990,96,43,6,2,1665,890,0.025552555255525553,36,26,48640,49270,1221,658,0,0,0,0,0,0,97597,0,0,15,0,0,0,0,0,0,0,2378,0,0,0,0,0,0
216,11781,217.14635239066033,99989,87,42,7,2,1671,894,0.025652821810399143,46,27,48628,49266,1231,662,0,0,0,0,0,0,97578,0,0,16,0,0,0,0,0,0,0,2395,0,0,0,0,0,0
217,11781,218.18963306918567,99989,89,41,7,2,1687,900,0.025872846013061435,43,32,48622,49258,1238,666,0,0,0,0,0,0,97557,0,0,16,0,0,0,0,0,0,0,2416,0,0,0,0,0,0
218,11781,219.23305086283733,99989,84,46,7,2,1698,911,0.02609287021572373,48,33,48608,49252,1252,666,0,0,0,0,0,0,97536,0,0,17,0,0,0,0,0,0,0,2436,0,0,0,0,0,0
219,11781,220.27677351291248,99989,75,52,7,2,1709,918,0.026272890017901968,48,37,48601,49243,1268,665,0,0,0,0,0,0,97515,0,0,17,0,0,0,0,0,0,0,2457,0,0,0,0,0,0
220,11781,221.32067191483384,99989,75,54,7,2,1721,925,0.026462910920201223,48,34,48590,49241,1279,668,0,0,0,0,0,0,97498,0,0,17,0,0,0,0,0,0,0,2474,0,0,0,0,0,0
221,11781,222.01673356024816,99989,80,55,7,2,1731,933,0.02664293072237946,45,30,48585,49239,1282,673,0,0,0,0,0,0,97486,0,0,17,0,0,0,0,0,0,0,2486,0,0,0,0,0,0
222,11781,223.0609734773223,99989,78,48,7,2,1742,937,0.02679294722419466,46,34,48575,49233,1293,682,0,0,0,0,0,0,97463,0,0,18,0,0,0,0,0,0,0,2508,0,0,0,0,0,0
223,11781,224.10542997692795,99989,70,54,7,2,1749,948,0.0269729670263729,50,33,48569,49223,1303,687,0,0,0,0,0,0,97444,0,0,19,0,0,0,0,0,0,0,2526,0,0,0,0,0,0
224,11781,225.1500729685367,99989,68,54,7,2,1762,955,0.027172989028793167,47,38,48561,49214,1316,691,0,0,0,0,0,0,97422,0,0,19,0,0,0,0,0,0,0,2548,0,0,0,0,0,0
225,11781,226.19490034534843,99989,76,60,7,2,1776,964,0.027403014331576474,45,34,48554,49211,1317,692,0,0,0,0,0,0,97413,0,0,19,0,0,0,0,0,0,0,2557,0,0,0,0,0,0
226,11781,227.2397936139102,99989,81,62,7,2,1792,969,0.027613037434117752,41,37,48544,49205,1326,693,0,0,0,0,0,0,97399,0,0,19,0,0,0,0,0,0,0,2571,0,0,0,0,0,0
227,11781,228.2848630915856,99988,78,57,8,2,1802,978,0.027803336400368046,46,39,48532,49198,1335,703,0,0,0,0,0,0,97372,0,0,19,0,0,0,0,0,0,0,2597,0,0,0,0,0,0
228,11781,229.33017454132784,99988,79,57,8,2,1817,988,0.028053366403968476,41,34,48526,49193,1345,713,0,0,0,0,0,0,97348,0,0,19,0,0,0,0,0,0,0,2621,0,0,0,0,0,0
229,11781,230.02715439919444,99988,71,56,8,2,1820,994,0.028143377205264632,44,31,48522,49191,1354,719,0,0,0,0,0,0,97331,0,0,20,0,0,0,0,0,0,0,2637,0,0,0,0,0,0
230,11781,231.07281799891913,99988,75,56,8,2,1831,1001,0.028323398807856944,45,30,48517,49188,1354,723,0,0,0,0,0,0,97317,0,0,20,0,0,0,0,0,0,0,2651,0,0,0,0,0,0
231,11781,232.118528772844,99988,81,55,8,2,1843,1007,0.028503420410449253,52,30,48504,49183,1354,729,0,0,0,0,0,0,97305,0,0,21,0,0,0,0,0,0,0,2662,0,0,0,0,0,0
232,11781,233.1644159809744,99988,91,51,8,2,1863,1013,0.028763451614193702,47,31,48494,49180,1359,735,0,0,0,0,0,0,97285,0,0,21,0,0,0,0,0,0,0,2682,0,0,0,0,0,0
233,11781,234.21046059399546,99988,91,48,8,2,1877,1019,0.02896347561707405,51,29,48484,49178,1365,742,0,0,0,0,0,0,97263,0,0,20,1,0,0,0,0,0,0,2704,0,0,0,0,0,0
234,11781,235.25670297321025,99988,94,51,8,2,1895,1030,0.02925351042125055,46,25,48474,49172,1377,749,0,0,0,0,0,0,97240,0,0,20,1,0,0,0,0,0,0,2727,0,0,0,0,0,0
235,11781,236.3031815695955,99988,78,48,8,2,1899,1036,0.029353522422690723,55,27,48467,49164,1391,758,0,0,0,0,0,0,97211,0,0,20,1,0,0,0,0,0,0,2756,0,0,0,0,0,0
236,11781,237.0009645795408,99988,81,49,8,2,1912,1041,0.029533544025283034,54,26,48457,49163,1399,759,0,0,0,0,0,0,97197,0,0,20,1,0,0,0,0,0,0,2770,0,0,0,0,0,0
237,11781,238.0478519479015,99988,81,44,8,2,1927,1047,0.029743569228307398,52,24,48449,49161,1409,768,0,0,0,0,0,0,97173,0,0,22,1,0,0,0,0,0,0,2792,0,0,0,0,0,0
238,11781,239.19965635192358,99988,85,44,8,2,1939,1057,0.029963595631475777,55,21,48440,49154,1411,778,0,0,0,0,0,0,97155,0,0,22,1,0,0,0,0,0,0,2810,0,0,0,0,0,0
239,11781,240.2469684887482,99988,95,43,8,2,1959,1062,0.030213625635076208,44,19,48432,49156,1420,779,0,0,0,0,0,0,97139,0,0,22,1,0,0,0,0,0,0,2826,0,0,0,0,0,0
240,11781,241.31474024045755,99988,95,42,8,2,1974,1067,0.030413649637956553,48,23,48420,49151,1428,781,0,0,0,0,0,0,97118,0,0,22,1,0,0,0,0,0,0,2847,0,0,0,0,0,0
241,11781,242.013185307093,99987,90,45,9,2,1981,1071,0.03052396811585506,55,25,48407,49148,1438,779,0,0,0,0,0,0,97106,0,0,23,1,0,0,0,0,0,0,2857,0,0,0,0,0,0
242,11781,243.061087362376,99987,90,50,9,2,1996,1079,0.030753998019742566,60,26,48394,49146,1446,775,0,0,0,0,0,0,97088,0,0,23,1,0,0,0,0,0,0,2875,0,0,0,0,0,0
243,11781,244.1091908888535,99987,91,49,9,2,2015,1084,0.030994029223799093,64,28,48375,49141,1460,779,0,0,0,0,0,0,97064,0,0,23,1,0,0,0,0,0,0,2899,0,0,0,0,0,0
244,11781,245.1576394295377,99987,93,51,9,2,2032,1091,0.03123406042785562,63,31,48365,49132,1469,783,0,0,0,0,0,0,97045,0,0,24,1,0,0,0,0,0,0,2917,0,0,0,0,0,0
245,11781,246.20624988052847,99987,92,55,9,2,2050,1102,0.03152409813275726,57,32,48361,49120,1480,790,0,0,0,0,0,0,97019,0,0,24,1,0,0,0,0,0,0,2943,0,0,0,0,0,0
246,11781,247.2550338517645,99987,93,49,9,2,2065,1105,0.031704121535799656,58,36,48350,49120,1489,792,0,0,0,0,0,0,96996,0,0,24,1,0,0,0,0,0,0,2966,0,0,0,0,0,0
247,11781,248.30408829470466,99986,99,52,9,3,2079,1116,0.03195447362630768,54,36,48343,49114,1494,794,0,0,0,0,0,0,96980,0,0,24,1,0,0,0,0,0,0,2981,0,0,0,0,0,0
248,11781,249.00349563362707,99986,97,48,9,3,2085,1121,0.03206448902846398,60,36,48335,49114,1498,798,0,0,0,0,0,0,96964,0,0,25,1,0,0,0,0,0,0,2996,0,0,0,0,0,0
249,11781,250.05276829934925,99986,102,51,9,3,2102,1131,0.032334526833756726,59,35,48322,49105,1507,805,0,0,0,0,0,0,96945,0,0,25,1,0,0,0,0,0,0,3015,0,0,0,0,0,0
250,11781,251.1022498168276,99986,97,52,9,3,2114,1137,0.03251455203728522,57,40,48315,49096,1521,808,0,0,0,0,0,0,96925,0,0,27,1,0,0,0,0,0,0,3033,0,0,0,0,0,0
251,11781,252.15190204422285,99986,101,54,9,3,2127,1148,0.03275458564198988,53,35,48317,49091,1519,816,0,0,0,0,0,0,96907,0,0,27,1,0,0,0,0,0,0,3051,0,0,0,0,0,0
252,11781,253.20155785737794,99986,104,53,9,3,2141,1155,0.032964615046106455,62,41,48296,49081,1528,821,0,0,0,0,0,0,96888,0,0,27,1,0,0,0,0,0,0,3070,0,0,0,0,0,0
253,11781,254.25153494348496,99986,106,62,9,3,2160,1168,0.033284659852379335,59,32,48282,49081,1543,821,0,0,0,0,0,0,96867,0,0,27,1,0,0,0,0,0,0,3091,0,0,0,0,0,0
254,11781,255.30181795908297,99986,105,64,9,3,2170,1182,0.03352469345708399,73,30,48266,49073,1546,829,0,0,0,0,0,0,96846,0,0,29,1,0,0,0,0,0,0,3110,0,0,0,0,0,0
255,11781,256.00213569849456,99986,105,64,9,3,2184,1187,0.033714720060808515,65,27,48265,49072,1555,833,0,0,0,0,0,0,96828,0,0,30,1,0,0,0,0,0,0,3127,0,0,0,0,0,0
256,11781,257.05274555360506,99986,110,64,9,3,2204,1193,0.033974756465905226,64,25,48255,49071,1561,836,0,0,0,0,0,0,96807,0,0,30,1,0,0,0,0,0,0,3148,0,0,0,0,0,0
257,11781,258.10353850273583,99986,106,63,9,3,2215,1199,0.034144780269237694,71,28,48243,49063,1570,842,0,0,0,0,0,0,96785,0,0,30,1,0,0,0,0,0,0,3170,0,0,0,0,0,0
258,11781,259.1545262931602,99985,108,61,9,4,2230,1207,0.03437515627344102,76,30,48228,49053,1578,851,0,0,0,0,0,0,96762,0,0,30,1,0,0,0,0,0,0,3192,0,0,0,0,0,0
259,11781,260.20577572331524,99985,109,56,9,4,2251,1213,0.034645196779516926,70,35,48220,49042,1591,862,0,0,0,0,0,0,96733,0,0,32,1,0,0,0,0,0,0,3219,0,0,0,0,0,0
260,11781,261.25728729306223,99985,104,59,9,4,2266,1223,0.034895234285142775,74,31,48207,49041,1605,864,0,0,0,0,0,0,96706,0,0,32,1,0,0,0,0,0,0,3246,0,0,0,0,0,0
261,11781,262.3090792393294,99985,101,60,9,4,2285,1235,0.03520528079211882,65,27,48200,49034,1624,874,0,0,0,0,0,0,96673,0,0,32,1,0,0,0,0,0,0,3279,0,0,0,0,0,0
262,11781,263.0104528666412,99985,98,65,9,4,2295,1244,0.03539530929639446,65,22,48196,49032,1631,876,0,0,0,0,0,0,96656,0,0,32,1,0,0,0,0,0,0,3296,0,0,0,0,0,0
263,11781,264.06270358444806,99985,95,65,9,4,2308,1252,0.03560534080112017,67,21,48183,49028,1645,881,0,0,0,0,0,0,96632,0,0,32,1,0,0,0,0,0,0,3320,0,0,0,0,0,0
264,11781,265.1151987051187,99985,93,62,9,4,2327,1257,0.03584537680652098,66,24,48176,49024,1655,885,0,0,0,0,0,0,96603,0,0,32,1,0,0,0,0,0,0,3349,0,0,0,0,0,0
265,11781,266.16790874254445,99985,93,57,9,4,2341,1260,0.03601540231034655,63,34,48169,49013,1665,891,0,0,0,0,0,0,96581,0,0,32,1,0,0,0,0,0,0,3371,0,0,0,0,0,0
266,11781,267.22085200718647,99985,93,52,9,4,2357,1266,0.03623543531529729,67,37,48155,49007,1675,899,0,0,0,0,0,0,96554,0,0,32,1,0,0,0,0,0,0,3398,0,0,0,0,0,0
267,11781,268.2739878364118,99985,97,53,9,4,2371,1273,0.036445466820023004,69,36,48142,49007,1682,899,0,0,0,0,0,0,96539,0,0,33,1,0,0,0,0,0,0,3412,0,0,0,0,0,0
268,11781,269.327371965944,99985,97,59,9,4,2390,1283,0.03673551032654898,69,33,48130,49002,1694,901,0,0,0,0,0,0,96516,0,0,33,1,0,0,0,0,0,0,3435,0,0,0,0,0,0
269,11781,270.0297668307465,99985,96,55,9,4,2397,1286,0.03683552532879932,68,41,48125,48992,1701,907,0,0,0,0,0,0,96501,0,0,33,1,0,0,0,0,0,0,3450,0,0,0,0,0,0
270,11781,271.08346302441396,99985,97,56,9,4,2411,1299,0.03710556583487523,65,31,48123,48994,1705,914,0,0,0,0,0,0,96476,0,0,33,1,0,0,0,0,0,0,3475,0,0,0,0,0,0
271,11781,272.13731365050864,99985,92,61,9,4,2426,1312,0.03738560784117618,66,31,48117,48982,1715,921,0,0,0,0,0,0,96449,0,0,34,1,0,0,0,0,0,0,3501,0,0,0,0,0,0
272,11781,273.1912591503459,99985,97,61,9,4,2441,1320,0.03761564234635195,64,33,48111,48975,1718,926,0,0,0,0,0,0,96431,0,0,34,1,0,0,0,0,0,0,3519,0,0,0,0,0,0
273,11781,274.2453302032597,99985,100,57,9,4,2456,1326,0.037825673851077664,70,32,48100,48974,1720,932,0,0,0,0,0,0,96409,0,0,34,1,0,0,0,0,0,0,3541,0,0,0,0,0,0
274,11781,275.2995658497658,99985,115,59,9,4,2481,1333,0.03814572185827874,66,34,48082,48966,1727,936,0,0,0,0,0,0,96394,0,0,34,1,0,0,0,0,0,0,3556,0,0,0,0,0,0
275,11781,276.0025156546015,99985,112,56,9,4,2492,1339,0.038315747362104316,67,36,48072,48959,1739,944,0,0,0,0,0,0,96372,0,0,35,1,0,0,0,0,0,0,3577,0,0,0,0,0,0
276,11781,277.05722541113744,99985,115,54,9,4,2509,1348,0.038575786367955195,68,36,48058,48951,1749,954,0,0,0,0,0,0,96347,0,0,35,1,0,0,0,0,0,0,3602,0,0,0,0,0,0
277,11781,278.1122155346215,99985,119,56,9,4,2527,1358,0.038855828374256135,73,40,48038,48940,1760,959,0,0,0,0,0,0,96325,0,0,35,1,0,0,0,0,0,0,3624,0,0,0,0,0,0
278,11781,279.1675691495471,99985,119,60,9,4,2548,1368,0.03916587488123219,66,35,48032,48938,1773,962,0,0,0,0,0,0,96299,0,0,36,1,0,0,0,0,0,0,3649,0,0,0,0,0,0
279,11781,280.223124351217,99985,117,60,9,4,2564,1379,0.0394359153873081,67,43,48022,48924,1784,968,0,0,0,0,0,0,96270,0,0,36,1,0,0,0,0,0,0,3678,0,0,0,0,0,0
280,11781,281.27889262192366,99985,110,63,9,4,2579,1385,0.0396459468920338,78,48,48003,48922,1799,962,0,0,0,0,0,0,96247,0,0,38,1,0,0,0,0,0,0,3699,0,0,0,0,0,0
281,11781,282.3349720924313,99985,113,72,9,4,2600,1399,0.039995999399909984,76,44,47989,48914,1812,965,0,0,0,0,0,0,96224,0,0,38,1,0,0,0,0,0,0,3722,0,0,0,0,0,0
282,11781,283.03916694452437,99984,112,75,10,4,2609,1408,0.04017642822851656,82,42,47977,48911,1818,967,0,0,0,0,0,0,96208,0,0,38,1,0,0,0,0,0,0,3737,0,0,0,0,0,0
283,11781,284.09569935960076,99983,115,77,11,4,2633,1422,0.04055689467209426,78,39,47969,48904,1826,975,0,0,0,0,0,0,96175,0,0,38,1,0,0,0,0,0,0,3769,0,0,0,0,0,0
284,11781,285.1523858075072,99982,118,77,12,4,2652,1433,0.04085735432377828,84,42,47955,48892,1830,984,0,0,0,0,0,0,96149,0,0,39,1,0,0,0,0,0,0,3793,0,0,0,0,0,0
285,11781,286.2093117588472,99982,124,83,12,4,2679,1447,0.041267428137064674,82,38,47937,48884,1844,990,0,0,0,0,0,0,96120,0,0,39,1,0,0,0,0,0,0,3822,0,0,0,0,0,0
286,11781,287.26649844145965,99982,124,75,12,4,2698,1455,0.04153747674581425,72,46,47937,48872,1854,1002,0,0,0,0,0,0,96085,0,0,39,1,0,0,0,0,0,0,3857,0,0,0,0,0,0
287,11781,288.323816976044,99982,117,72,12,4,2715,1465,0.04180752535456382,77,45,47922,48869,1871,1009,0,0,0,0,0,0,96048,0,0,39,1,0,0,0,0,0,0,3894,0,0,0,0,0,0
288,11781,289.02892095886256,99982,121,73,12,4,2728,1473,0.042017563161369044,71,39,47920,48870,1875,1013,0,0,0,0,0,0,96032,0,0,39,1,0,0,0,0,0,0,3910,0,0,0,0,0,0
289,11781,290.08670813852484,99981,125,72,13,4,2751,1478,0.04229803662695912,61,42,47915,48869,1885,1012,0,0,0,0,0,0,96007,0,0,39,1,0,0,0,0,0,0,3934,0,0,0,0,0,0
290,11781,291.144634575698,99981,122,71,13,4,2763,1485,0.042488072733819424,70,48,47899,48859,1895,1017,0,0,0,0,0,0,95985,0,0,40,1,0,0,0,0,0,0,3955,0,0,0,0,0,0
291,11781,292.2028233397382,99981,126,74,13,4,2780,1499,0.04279813164501255,68,46,47891,48852,1901,1023,0,0,0,0,0,0,95961,0,0,40,1,0,0,0,0,0,0,3979,0,0,0,0,0,0
292,11781,293.2611804563312,99981,127,71,13,4,2796,1513,0.04309818865584461,70,42,47881,48845,1908,1037,0,0,0,0,0,0,95929,0,0,40,1,0,0,0,0,0,0,4011,0,0,0,0,0,0
293,11781,294.3197667613573,99981,121,63,13,4,2820,1522,0.04342825136775987,64,46,47871,48837,1930,1049,0,0,0,0,0,0,95885,0,0,43,1,0,0,0,0,0,0,4052,0,0,0,0,0,0
294,11781,295.02572147169684,99981,112,62,13,4,2825,1526,0.043518268471009494,69,47,47866,48834,1939,1052,0,0,0,0,0,0,95866,0,0,43,1,0,0,0,0,0,0,4071,0,0,0,0,0,0
295,11781,296.0848122698781,99981,112,62,13,4,2845,1539,0.043848331182924756,62,42,47862,48829,1950,1062,0,0,0,0,0,0,95833,0,0,43,1,0,0,0,0,0,0,4104,0,0,0,0,0,0
296,11781,297.14411727469974,99981,115,60,13,4,2861,1550,0.04411838249267361,69,41,47847,48820,1955,1074,0,0,0,0,0,0,95808,0,0,44,1,0,0,0,0,0,0,4128,0,0,0,0,0,0
297,11781,298.2036311599665,99980,120,63,14,4,2874,1558,0.04432886577315463,70,43,47840,48813,1955,1076,0,0,0,0,0,0,95795,0,0,44,1,0,0,0,0,0,0,4140,0,0,0,0,0,0
298,11781,299.2632515574821,99980,123,57,14,4,2897,1562,0.04459891978395679,71,49,47827,48806,1964,1083,0,0,0,0,0,0,95766,0,0,45,1,0,0,0,0,0,0,4168,0,0,0,0,0,0
299,11781,300.3231134541027,99979,124,56,15,4,2914,1572,0.04486942257874153,71,48,47819,48800,1970,1091,0,0,0,0,0,0,95739,0,0,45,1,0,0,0,0,0,0,4194,0,0,0,0,0,0
300,11781,301.02977338739896,99979,129,53,15,4,2929,1580,0.04509947088888667,72,54,47804,48791,1979,1097,0,0,0,0,0,0,95718,0,0,45,1,0,0,0,0,0,0,4215,0,0,0,0,0,0
301,11781,302.09001356251053,99978,121,61,16,4,2942,1595,0.045379983596391206,81,47,47791,48789,1990,1098,0,0,0,0,0,0,95693,0,0,48,1,0,0,0,0,0,0,4236,0,0,0,0,0,0
302,11781,303.1505318431494,99978,116,66,16,4,2962,1611,0.04574006281381904,86,37,47773,48787,2008,1105,0,0,0,0,0,0,95658,0,0,49,1,0,0,0,0,0,0,4270,0,0,0,0,0,0
303,11781,304.2114451909932,99978,124,70,16,4,2987,1623,0.04611014423173098,77,35,47759,48783,2023,1107,0,0,0,0,0,0,95633,0,0,49,1,0,0,0,0,0,0,4295,0,0,0,0,0,0
304,11781,305.27273080604124,99978,110,74,16,4,3002,1634,0.04637020144431775,75,36,47750,48775,2048,1110,0,0,0,0,0,0,95597,0,0,49,1,0,0,0,0,0,0,4331,0,0,0,0,0,0
305,11781,306.3343323566826,99978,111,68,16,4,3021,1642,0.04664026085738863,78,34,47737,48775,2057,1118,0,0,0,0,0,0,95566,0,0,50,1,0,0,0,0,0,0,4361,0,0,0,0,0,0
306,11781,307.04222898340663,99978,118,65,16,4,3035,1646,0.04682030046610254,76,36,47734,48769,2055,1125,0,0,0,0,0,0,95552,0,0,50,1,0,0,0,0,0,0,4375,0,0,0,0,0,0
307,11781,308.1041382371114,99978,116,67,16,4,3054,1658,0.04713036868110984,73,36,47724,48762,2070,1130,0,0,0,0,0,0,95522,0,0,51,1,0,0,0,0,0,0,4404,0,0,0,0,0,0
308,11781,309.16632595030984,99978,131,70,16,4,3080,1668,0.04749044789853768,71,40,47705,48753,2076,1132,0,0,0,0,0,0,95504,0,0,51,1,0,0,0,0,0,0,4422,0,0,0,0,0,0
309,11781,310.2287532753885,99978,132,74,16,4,3097,1680,0.047780511712576766,86,42,47677,48741,2088,1138,0,0,0,0,0,0,95480,0,0,51,1,0,0,0,0,0,0,4446,0,0,0,0,0,0
310,11781,311.29158367122676,99978,130,67,16,4,3113,1689,0.04803056672467943,88,46,47664,48732,2101,1150,0,0,0,0,0,0,95448,0,0,53,1,0,0,0,0,0,0,4476,0,0,0,0,0,0
311,11781,312.00028705786775,99978,131,68,16,4,3133,1696,0.048300626137750304,78,45,47658,48729,2116,1153,0,0,0,0,0,0,95423,0,0,53,1,0,0,0,0,0,0,4501,0,0,0,0,0,0
312,11781,313.06367049045133,99978,128,73,16,4,3148,1710,0.0485906899517894,83,42,47646,48721,2126,1159,0,0,0,0,0,0,95397,0,0,54,1,0,0,0,0,0,0,4526,0,0,0,0,0,0
313,11781,314.1272870544841,99977,122,70,17,4,3167,1718,0.04886123808475949,80,41,47634,48720,2146,1164,0,0,0,0,0,0,95361,0,0,54,1,0,0,0,0,0,0,4561,0,0,0,0,0,0
314,11781,315.19128882758696,99977,118,67,17,4,3184,1728,0.04913130019904578,87,40,47614,48716,2163,1172,0,0,0,0,0,0,95327,0,0,54,1,0,0,0,0,0,0,4595,0,0,0,0,0,0
315,11781,316.25569244110415,99977,113,77,17,4,3201,1741,0.04943136921491943,86,34,47607,48716,2176,1168,0,0,0,0,0,0,95303,0,0,55,1,0,0,0,0,0,0,4618,0,0,0,0,0,0
316,11781,317.32029139335856,99976,113,75,18,4,3215,1750,0.049661918860526524,89,36,47598,48708,2181,1176,0,0,0,0,0,0,95279,0,0,56,1,0,0,0,0,0,0,4640,0,0,0,0,0,0
317,11781,318.0301397968963,99976,110,72,18,4,3225,1758,0.049841962070897014,88,33,47594,48705,2189,1185,0,0,0,0,0,0,95256,0,0,57,1,0,0,0,0,0,0,4662,0,0,0,0,0,0
318,11781,319.0950849889406,99976,114,69,18,4,3249,1768,0.05018204369048572,78,27,47587,48706,2202,1193,0,0,0,0,0,0,95225,0,0,59,1,0,0,0,0,0,0,4691,0,0,0,0,0,0
319,11781,320.1603123632904,99976,114,66,18,4,3272,1776,0.050492118108346,74,23,47576,48707,2216,1198,1,1,1,1,0,0,95190,0,0,60,1,0,0,0,0,0,2,4723,0,0,0,0,0,0
320,11781,321.18586275967493,99976,120,67,18,4,3292,1782,0.0507521805233256,65,23,47573,48704,2221,1199,2,2,2,2,0,0,95169,0,0,60,1,0,0,0,0,0,4,4742,0,0,0,0,0,0
321,11781,322.0319813336354,99976,110,63,18,4,3301,1788,0.05090221653196767,66,23,47567,48698,2235,1208,3,3,3,3,0,0,95138,0,0,60,1,0,0,0,0,0,6,4771,0,0,0,0,0,0
322,11781,323.2840201328128,99976,112,62,18,4,3330,1801,0.05132231735616548,68,22,47550,48690,2247,1217,4,4,4,4,0,0,95096,0,0,61,1,0,0,0,0,0,8,4810,0,0,0,0,0,0
323,11781,324.16837023611845,99976,113,66,18,4,3341,1807,0.05149235816595983,72,25,47538,48684,2253,1215,5,5,5,5,0,0,95082,0,0,61,1,0,0,0,0,0,10,4822,0,0,0,0,0,0
324,11781,325.0522937440177,99976,115,62,18,4,3355,1813,0.051692406177482594,78,24,47520,48681,2262,1222,6,6,6,6,0,0,95058,0,0,61,1,0,0,0,0,0,12,4844,0,0,0,0,0,0
325,11781,326.09301434025383,99975,117,61,18,5,3374,1822,0.05197299324831208,76,24,47512,48678,2269,1223,7,8,8,7,0,0,95028,0,0,61,1,0,0,0,0,0,15,4870,0,0,0,0,0,0
326,11781,327.2395138582576,99975,121,61,18,5,3391,1827,0.052193048262065514,76,24,47500,48677,2276,1222,8,10,10,8,0,0,95007,0,0,61,1,0,0,0,0,0,18,4888,0,0,0,0,0,0
327,11781,328.0022863656961,99975,117,59,18,5,3406,1830,0.05237309327331833,75,27,47489,48672,2291,1224,9,12,12,9,0,0,94980,0,0,61,1,0,0,0,0,0,21,4912,0,0,0,0,0,0
328,11781,329.10377827172033,99975,117,58,18,5,3424,1839,0.05264316079019755,76,28,47478,48664,2300,1229,10,15,15,10,0,0,94950,0,0,63,1,0,0,0,0,0,25,4936,0,0,0,0,0,0
329,11781,330.01058401037767,99975,119,62,18,5,3442,1851,0.05294323580895224,77,24,47467,48661,2307,1229,11,18,18,11,0,0,94922,0,0,63,1,0,0,0,0,0,29,4960,0,0,0,0,0,0
330,11781,331.0663457498484,99975,108,65,18,5,3453,1859,0.053133283320830206,78,24,47455,48652,2328,1231,12,22,22,12,0,0,94890,0,0,63,1,0,0,0,0,0,34,4987,0,0,0,0,0,0
331,11781,332.05804862231207,99974,117,60,18,6,3476,1868,0.053453898013483506,68,24,47449,48642,2334,1240,13,27,27,13,0,0,94857,0,0,63,1,0,0,0,0,0,39,5013,1,0,0,0,0,0
332,11781,333.2897819606973,99974,118,64,18,6,3496,1877,0.053743973433092604,63,28,47440,48638,2346,1231,14,32,32,14,0,0,94828,0,0,63,1,0,0,0,0,0,44,5036,2,0,0,0,0,0
333,11781,334.0022901794402,99974,114,63,18,6,3505,1884,0.053904015043911416,66,28,47437,48629,2349,1235,15,38,38,15,0,0,94800,0,0,63,1,0,0,0,0,0,51,5057,2,0,0,0,0,0
334,11781,335.08812868929334,99974,112,65,18,6,3522,1894,0.054174085262168166,70,24,47425,48622,2358,1238,16,44,45,16,0,0,94768,0,0,65,1,0,0,0,0,0,58,5079,3,0,0,0,0,0
335,11781,336.0272561550351,99974,110,59,18,6,3533,1897,0.05431412167163462,76,28,47416,48612,2362,1242,17,52,53,17,0,0,94738,0,0,66,1,0,0,0,0,0,67,5099,3,0,0,0,0,0
336,11781,337.00915746344486,99974,117,58,18,6,3554,1905,0.05460419709124372,74,27,47403,48600,2369,1247,18,61,62,18,0,0,94706,0,0,67,1,0,0,0,0,0,77,5120,3,0,0,0,0,0
337,11781,338.0393256547514,99974,122,57,18,6,3574,1914,0.05489427251085282,70,27,47400,48585,2370,1253,19,71,72,19,0,0,94671,0,0,68,1,0,0,0,0,0,88,5143,3,0,0,0,0,0
338,11781,339.06764090449667,99974,122,60,18,6,3591,1921,0.055134334927081044,79,28,47382,48569,2378,1254,20,82,83,20,0,0,94640,0,0,70,1,0,0,0,0,0,100,5160,3,0,0,0,0,0
339,11781,340.1633137238694,99974,124,59,18,6,3615,1931,0.055474423350071016,81,24,47366,48559,2389,1257,21,94,95,21,0,0,94598,0,0,73,1,0,0,0,0,0,112,5186,4,0,0,0,0,0
340,11781,341.25773527622664,99974,141,62,18,6,3648,1945,0.05594454558185128,74,23,47357,48539,2387,1262,22,107,108,22,0,0,94557,0,0,73,1,0,0,0,0,0,126,5213,4,0,0,0,0,0
341,11781,342.3279236632113,99974,152,53,18,6,3677,1949,0.05627463140416508,61,33,47348,48516,2396,1270,24,121,122,24,0,0,94512,0,0,73,2,0,0,0,0,0,141,5242,4,0,0,0,0,0
342,11781,343.0414952673552,99973,144,51,18,7,3689,1955,0.056455242915587206,66,35,47333,48499,2412,1271,26,136,137,26,0,0,94469,0,0,74,2,0,0,0,0,0,157,5266,5,0,0,0,0,0
343,11781,344.112231492748,99973,143,55,18,7,3708,1963,0.05672531583527553,67,33,47321,48483,2422,1269,28,152,154,28,0,0,94427,0,0,74,2,0,0,0,0,0,175,5289,6,0,0,0,0,0
344,11781,345.1832563532961,99973,142,58,18,7,3732,1975,0.05708541306152661,67,28,47307,48462,2435,1275,30,169,172,30,0,0,94374,0,0,75,2,0,0,0,0,0,195,5321,6,0,0,0,0,0
345,11781,346.2546005143345,99973,138,60,18,7,3753,1982,0.057365488681944125,68,29,47289,48436,2454,1278,32,189,192,32,0,0,94323,0,0,75,2,0,0,0,0,0,216,5350,7,0,0,0,0,0
346,11781,347.326348630939,99972,139,61,19,7,3773,1996,0.057706157724162765,54,29,47290,48407,2463,1286,34,209,213,34,0,0,94271,0,0,76,2,0,0,0,0,0,238,5377,8,0,0,0,0,0
347,11781,348.0409195745419,99972,140,55,19,7,3784,1998,0.05783619413435762,64,31,47272,48383,2468,1292,36,231,236,37,0,0,94229,0,0,77,2,0,0,0,0,0,263,5392,9,0,0,0,0,0
348,11781,349.11308401712705,99972,143,48,19,7,3802,2001,0.05804625295082623,67,33,47257,48360,2475,1296,38,255,260,40,0,0,94178,0,0,78,2,0,0,0,0,0,290,5415,9,0,0,0,0,0
349,11781,350.1855977585069,99972,140,58,19,7,3815,2012,0.0582863201696475,76,33,47237,48327,2486,1293,41,281,286,43,0,0,94132,0,0,78,2,0,0,0,0,0,319,5432,9,0,0,0,0,0
350,11781,351.25843281465563,99972,139,59,19,7,3837,2025,0.05863641819709519,73,38,47216,48283,2508,1303,44,309,314,46,0,0,94067,0,0,78,2,0,0,0,0,0,349,5466,10,0,0,0,0,0
351,11781,352.3317747344018,99972,131,56,19,7,3852,2033,0.058866482615132235,82,43,47197,48249,2522,1307,48,337,343,50,0,0,94004,0,0,79,2,0,0,0,0,0,379,5495,13,0,0,0,0,0
352,11781,353.0475889323525,99972,120,55,19,7,3859,2039,0.05899651902532709,84,45,47191,48213,2533,1311,52,368,374,54,0,0,93948,0,0,81,2,0,0,0,0,0,412,5514,15,0,0,0,0,0
353,11781,354.121602605353,99972,130,52,19,7,3883,2049,0.059336614251990556,82,45,47172,48177,2540,1319,56,399,407,58,0,0,93886,0,0,82,2,0,0,0,0,0,448,5538,16,0,0,0,0,0
354,11781,355.195938087461,99972,142,55,19,7,3907,2058,0.0596667066778698,75,45,47158,48139,2544,1321,61,432,442,63,0,0,93833,0,0,83,2,0,0,0,0,0,484,5550,20,0,0,0,0,0
355,11781,356.27054521540606,99972,139,58,19,7,3935,2068,0.06004681310767015,64,43,47148,48098,2563,1325,66,468,479,68,0,0,93753,0,0,83,2,0,0,0,0,0,526,5588,20,0,0,0,0,0
356,11781,357.3454996885399,99972,132,61,19,7,3948,2080,0.06029688312727564,70,41,47134,48055,2573,1329,71,506,518,73,0,0,93685,0,0,85,3,0,0,0,0,0,568,5610,21,0,0,0,0,0
357,11781,358.06231523454096,99972,140,60,19,7,3964,2084,0.06049693914296003,61,43,47125,48014,2577,1331,77,544,559,79,0,0,93627,0,0,86,3,0,0,0,0,0,614,5620,22,0,0,0,0,0
358,11781,359.13783859829385,99972,143,61,19,7,3988,2094,0.0608370343696235,56,37,47108,47973,2590,1337,83,584,602,85,0,0,93549,0,0,86,3,0,0,0,0,0,662,5649,23,0,0,0,0,0
359,11781,360.2137750760758,99972,140,65,19,7,4005,2104,0.06110710999079742,55,40,47098,47927,2598,1333,89,627,647,91,0,0,93473,0,0,86,3,0,0,0,0,0,712,5674,24,0,0,0,0,0
360,11781,361.28996701011926,99972,127,64,19,7,4015,2117,0.061337174408834474,66,42,47087,47875,2606,1338,94,673,695,98,0,0,93385,0,0,86,4,0,0,0,0,0,764,5707,26,0,0,0,0,0
361,11781,362.0075654657984,99972,127,64,19,7,4030,2122,0.06153723042451886,63,47,47074,47826,2616,1334,100,721,745,105,0,0,93311,0,0,86,4,0,0,0,0,0,818,5724,29,0,0,0,0,0
362,11781,363.0842885798241,99972,121,62,19,7,4043,2130,0.06174728924098748,71,46,47050,47781,2630,1333,108,770,797,113,0,0,93225,0,0,87,4,0,0,0,0,0,876,5749,31,0,0,0,0,0
363,11781,364.16156604816183,99972,125,69,19,7,4067,2147,0.06215740407314048,64,36,47034,47730,2642,1337,115,820,852,121,0,0,93135,0,0,87,4,0,0,0,0,0,936,5776,34,0,0,0,0,0
364,11781,365.2392515114118,99972,129,57,19,7,4085,2151,0.06237746569039331,63,44,47014,47676,2650,1344,124,871,909,130,0,0,93043,0,0,88,4,0,0,0,0,0,999,5801,37,0,0,0,0,0
365,11781,366.31737815275153,99971,125,66,20,7,4103,2164,0.0626881795720759,68,38,46989,47620,2664,1344,133,924,968,139,0,0,92956,0,0,90,4,0,0,0,0,0,1062,5817,42,0,0,0,0,0
366,11781,367.03643457835886,99971,123,69,20,7,4117,2173,0.0629182462914245,64,38,46977,47559,2672,1344,143,982,1030,149,0,0,92870,0,0,90,4,0,0,0,0,0,1126,5831,50,0,0,0,0,0
367,11781,368.1154070167237,99971,126,72,20,7,4137,2185,0.06323833911834432,60,37,46960,47497,2679,1342,154,1044,1094,160,0,0,92774,0,0,91,4,0,0,0,0,0,1197,5851,54,0,0,0,0,0
368,11781,369.1947802441427,99971,131,79,20,7,4155,2200,0.06356843484610537,64,31,46939,47433,2680,1342,165,1107,1161,171,0,0,92678,0,0,93,4,0,0,0,0,0,1274,5867,55,0,0,0,0,0
369,11781,370.27452387849,99971,133,76,20,7,4172,2210,0.06383851316881896,69,30,46921,47364,2679,1350,177,1172,1231,183,0,0,92571,0,0,95,4,0,0,0,0,0,1355,5890,56,0,0,0,0,0
370,11781,371.3546218146616,99971,131,77,20,7,4187,2219,0.06407858278900881,75,28,46896,47297,2689,1351,188,1239,1303,195,0,0,92467,0,0,95,4,0,0,0,0,0,1434,5910,61,0,0,0,0,0
371,11781,372.07501131986515,99971,134,74,20,7,4203,2223,0.06427864080583369,75,32,46874,47225,2695,1352,201,1309,1378,208,0,0,92364,0,0,96,4,0,0,0,0,0,1518,5924,65,0,0,0,0,0
372,11781,373.1561085208862,99971,132,74,20,7,4217,2233,0.06451871042602354,81,30,46849,47151,2702,1353,215,1384,1456,222,0,0,92250,0,0,96,4,0,0,0,0,0,1606,5946,69,0,0,0,0,0
373,11781,374.23776321603043,99970,132,73,21,7,4234,2242,0.06477943383014904,81,33,46830,47062,2708,1361,227,1463,1536,236,0,0,92136,0,0,95,5,0,0,0,0,0,1693,5966,75,0,0,0,0,0
374,11781,375.319831869316,99970,144,74,21,7,4264,2252,0.06517955386615985,80,32,46800,46987,2712,1363,242,1536,1619,251,0,0,92017,0,0,96,5,0,0,0,0,0,1786,5986,80,0,0,0,0,0
375,11781,376.04152310382165,99970,143,70,21,7,4276,2256,0.06533960188056417,87,40,46779,46905,2713,1361,256,1616,1705,267,0,0,91903,0,0,97,5,0,0,0,0,0,1880,5997,88,0,0,0,0,0
376,11781,377.1245472286095,99970,156,66,21,7,4301,2264,0.06566970091027308,81,51,46758,46812,2711,1363,272,1700,1794,284,0,0,91783,0,0,99,5,0,0,0,0,0,1978,6009,96,0,0,0,0,0
377,11781,378.20797069956524,99969,165,72,22,7,4332,2279,0.0661305004551411,81,51,46727,46718,2716,1366,288,1785,1885,302,0,0,91652,0,0,101,5,0,0,0,0,0,2080,6028,103,0,0,0,0,0
378,11781,379.2919798877138,99969,161,71,22,7,4363,2287,0.06652062139263172,64,57,46707,46625,2739,1365,306,1874,1979,320,0,0,91511,0,0,106,6,0,0,0,0,0,2183,6052,111,0,0,0,0,0
379,11781,380.0150211806985,99969,154,71,22,7,4376,2298,0.06676069581570286,77,55,46676,46528,2747,1371,323,1967,2076,339,0,0,91375,0,0,107,6,0,0,0,0,0,2289,6071,121,0,0,0,0,0
380,11781,381.10032792232835,99969,146,70,22,7,4394,2309,0.0670507857435805,89,53,46643,46429,2760,1377,339,2063,2176,359,0,0,91222,0,0,108,6,0,0,0,0,0,2405,6103,125,0,0,0,0,0
381,11781,382.1864037742755,99969,141,67,22,7,4414,2320,0.06736088187338075,95,53,46609,46342,2775,1372,357,2158,2279,380,0,0,91070,0,0,111,6,0,0,0,0,0,2521,6128,133,0,0,0,0,0
382,11781,383.27324602659735,99969,143,75,22,7,4443,2334,0.06779101521471656,103,57,46570,46236,2785,1372,376,2252,2385,402,0,0,90919,0,0,113,6,0,0,0,0,0,2641,6149,141,0,0,0,0,0
383,11781,384.36082748853573,99969,159,78,22,7,4476,2351,0.06829117026278146,81,51,46554,46131,2787,1379,396,2353,2494,425,0,0,90764,0,0,114,6,0,0,0,0,0,2766,6171,148,0,0,0,0,0
384,11781,385.0861457964662,99969,162,78,22,7,4492,2357,0.06851123848393002,83,53,46520,46025,2793,1374,419,2462,2606,449,0,0,90623,0,0,114,6,0,0,0,0,0,2888,6176,162,0,0,0,0,0
385,11781,386.1749426068436,99969,165,85,22,7,4523,2377,0.06902139663295621,80,48,46475,45916,2813,1378,444,2565,2721,474,0,0,90456,0,0,117,6,0,0,0,0,0,3017,6200,173,0,0,0,0,0
386,11781,387.26473452901786,99969,170,79,22,7,4551,2388,0.06941151757044683,75,49,46440,45807,2824,1389,468,2668,2839,500,0,0,90282,0,0,121,6,0,0,0,0,0,3155,6226,179,0,0,0,0,0
387,11781,388.3553838735758,99969,162,89,22,7,4574,2407,0.06983164781082135,87,49,46393,45685,2842,1390,493,2779,2960,527,0,0,90109,0,0,125,6,0,0,0,0,0,3292,6247,190,0,0,0,0,0
388,11781,389.0830508989549,99969,161,82,22,7,4594,2411,0.0700717222338925,77,54,46371,45566,2849,1393,519,2897,3084,555,0,0,89935,0,0,125,6,0,0,0,0,0,3434,6269,200,0,0,0,0,0
389,11781,390.17534375019443,99969,169,84,22,7,4620,2423,0.07045184007042184,79,56,46329,45449,2853,1392,547,3011,3211,584,0,0,89760,0,0,125,6,0,0,0,0,0,3581,6288,209,0,0,0,0,0
390,11781,391.2684917951134,99969,155,85,22,7,4635,2436,0.07073192689733818,85,56,46293,45323,2870,1396,574,3132,3341,614,0,0,89569,0,0,126,6,0,0,0,0,0,3732,6318,218,0,0,0,0,0
391,11781,392.36257075390137,99969,151,88,22,7,4655,2453,0.0711020416329062,89,47,46257,45202,2880,1402,600,3253,3474,645,0,0,89378,0,0,128,6,0,0,0,0,0,3887,6343,227,0,0,0,0,0
392,11781,393.09244635678505,99969,160,86,22,7,4678,2462,0.07142214086366774,88,46,46216,45072,2883,1403,630,3385,3610,678,0,0,89199,0,0,129,6,0,0,0,0,0,4042,6352,241,0,0,0,0,0
393,11781,394.18827805821434,99969,164,85,22,7,4705,2474,0.07181226180115836,88,46,46175,44940,2891,1404,659,3517,3749,712,0,0,88999,0,0,132,6,0,0,0,0,0,4209,6376,247,0,0,0,0,0
394,11781,395.28505208101836,99969,161,90,22,7,4734,2488,0.07224239514249417,91,48,46122,44803,2912,1402,691,3649,3891,747,0,0,88792,0,0,135,6,0,0,0,0,0,4378,6403,255,0,0,0,0,0
395,11781,396.0169135110883,99969,167,89,22,7,4750,2498,0.07250247576748792,86,44,46083,44670,2916,1408,725,3781,4036,783,0,0,88602,0,0,137,6,0,0,0,0,0,4549,6410,265,0,0,0,0,0
396,11781,397.1158617776174,99969,173,86,22,7,4778,2511,0.07291260290690114,88,46,46031,44532,2926,1417,759,3911,4184,821,0,0,88389,0,0,139,6,0,0,0,0,0,4726,6435,274,0,0,0,0,0
397,11781,398.21596504089547,99969,175,88,22,7,4803,2526,0.07331272694535305,98,38,45976,44401,2934,1423,794,4042,4335,860,0,0,88175,0,0,139,6,0,0,0,0,0,4904,6459,286,0,0,0,0,0
398,11781,399.31727256215083,99969,177,90,22,7,4839,2537,0.07378287269053406,99,42,45916,44266,2955,1421,830,4173,4489,900,0,0,87951,0,0,141,6,0,0,0,0,0,5087,6487,297,0,0,0,0,0
399,11781,400.0521770830247,99969,169,90,22,7,4853,2550,0.07405295641648911,104,38,45865,44121,2969,1424,870,4319,4645,942,0,0,87735,0,0,142,7,0,0,0,0,0,5270,6504,311,0,0,0,0,0
400,11781,401.15608125229426,99968,176,93,23,7,4886,2565,0.07453385083226632,101,42,45813,43973,2974,1422,912,4462,4804,985,0,0,87508,0,0,142,7,0,0,0,0,0,5459,6528,324,0,0,0,0,0
401,11781,402.2612119697512,99968,172,89,23,7,4910,2574,0.07486395646606914,101,44,45765,43833,2983,1420,955,4606,4966,1030,0,0,87282,0,0,143,8,0,0,0,0,0,5646,6546,343,0,0,0,0,0
402,11781,403.3675956438578,99968,180,89,23,7,4949,2590,0.07541413252240717,95,45,45704,43688,2999,1422,998,4748,5131,1076,0,0,87044,0,0,148,8,0,0,0,0,0,5842,6568,358,0,0,0,0,0
403,11781,404.1059716367207,99968,171,83,23,7,4961,2595,0.07558418693982075,96,47,45661,43534,3006,1422,1042,4906,5299,1123,0,0,86816,0,0,150,8,0,0,0,0,0,6040,6579,375,0,0,0,0,0
404,11781,405.2149476519819,99968,163,75,23,7,4984,2603,0.0758942861715749,95,53,45612,43376,3017,1428,1089,5060,5470,1172,0,0,86571,0,0,155,8,0,0,0,0,0,6243,6599,392,0,0,0,0,0
405,11781,406.3252586064419,99967,161,78,24,7,5016,2620,0.07638520711834905,89,44,45561,43228,3035,1432,1129,5210,5643,1222,0,0,86312,0,0,156,8,0,0,0,0,0,6455,6633,403,0,0,0,0,0
406,11781,407.0661452656873,99967,156,82,24,7,5031,2633,0.07666529954885112,90,37,45499,43081,3049,1429,1181,5363,5819,1274,0,0,86070,0,0,157,8,0,0,0,0,0,6669,6646,417,0,0,0,0,0
407,11781,408.17930834917104,99967,168,82,24,7,5060,2640,0.07702541838806806,94,42,45425,42931,3056,1423,1232,5514,5998,1328,0,0,85831,0,0,157,8,0,0,0,0,0,6884,6652,435,0,0,0,0,0
408,11781,409.29401783535064,99967,163,86,24,7,5085,2656,0.0774355537327318,84,40,45376,42763,3074,1428,1278,5675,6180,1383,0,0,85562,0,0,158,8,0,0,0,0,0,7112,6683,444,0,0,0,0,0
409,11781,410.0379253068634,99967,156,92,24,7,5092,2666,0.07760560985125091,103,35,45308,42599,3077,1419,1331,5847,6364,1440,0,0,85327,0,0,157,9,0,0,0,0,0,7329,6678,467,0,0,0,0,0
410,11781,411.155622896588,99967,152,81,24,7,5119,2675,0.07796572869046785,100,37,45242,42439,3095,1426,1386,6009,6551,1498,0,0,85050,0,0,159,9,0,0,0,0,0,7557,6708,484,0,0,0,0,0
411,11781,412.27506914207265,99967,154,75,24,7,5149,2690,0.07841587723948903,102,33,45178,42276,3106,1434,1435,6174,6740,1558,0,0,84771,0,0,158,11,0,0,0,0,0,7788,6739,500,0,0,0,0,0
412,11781,413.0222585918003,99966,151,71,25,7,5163,2693,0.07858671948462477,104,40,45118,42100,3107,1431,1494,6350,6932,1620,0,0,84506,0,0,158,12,0,0,0,0,0,8030,6749,511,0,0,0,0,0
413,11781,414.1447204394839,99966,155,66,25,7,5194,2700,0.07896684872856771,104,49,45048,41922,3116,1430,1551,6525,7126,1683,0,0,84224,0,0,157,13,0,0,0,0,0,8273,6775,524,0,0,0,0,0
414,11781,415.26888513708974,99966,149,68,25,7,5219,2716,0.07937698817597984,99,44,44990,41733,3132,1441,1604,6706,7323,1748,0,0,83932,0,0,159,13,0,0,0,0,0,8522,6803,537,0,0,0,0,0
415,11781,416.01922174487834,99966,157,65,25,7,5234,2723,0.07959706300142048,101,44,44924,41551,3127,1440,1665,6892,7522,1815,0,0,83670,0,0,159,13,0,0,0,0,0,8767,6799,558,0,0,0,0,0
416,11781,417.1465761783598,99966,172,66,25,7,5265,2737,0.08004721605345817,94,47,44855,41366,3125,1440,1728,7073,7724,1884,0,0,83390,0,0,160,14,0,0,0,0,0,9020,6807,575,0,0,0,0,0
417,11781,418.27553408239424,99963,160,68,27,8,5284,2749,0.08035973310124746,103,46,44781,41187,3141,1440,1787,7250,7928,1954,0,0,83094,0,0,163,14,0,0,0,0,0,9278,6823,591,0,0,0,0,0
418,11781,419.0291669022716,99963,165,70,27,8,5301,2757,0.08060982563548513,106,45,44706,41004,3145,1435,1850,7437,8134,2026,0,0,82815,0,0,164,14,0,0,0,0,0,9540,6823,607,0,0,0,0,0
419,11781,420.1617419391082,99963,174,76,27,8,5339,2776,0.08118003661354702,119,64,44616,40799,3152,1439,1911,7613,8342,2100,0,0,82511,20,0,164,15,0,0,0,0,0,9803,6825,625,0,0,0,0,0
420,11781,421.0125677123441,99963,194,83,27,8,5372,2790,0.08165021057791383,119,69,44525,40610,3153,1432,1981,7797,8553,2176,0,0,82227,39,1,163,16,0,0,0,0,0,10067,6804,646,0,0,0,0,0
421,11781,422.29142600897353,99963,189,104,27,8,5410,2823,0.0823604733751488,127,64,44433,40419,3175,1429,2048,7975,8766,2253,0,0,81905,88,6,163,17,0,0,0,0,0,10335,6787,662,0,0,0,0,0
422,11781,423.14533449494667,99963,195,93,27,8,5436,2828,0.08267058811760351,130,80,44354,40227,3171,1427,2122,8164,8981,2332,0,0,81604,123,7,161,19,0,0,0,0,0,10600,6761,688,0,0,0,0,0
423,11781,424.00076260700615,99963,198,101,27,8,5464,2846,0.08313075838060083,136,75,44263,40036,3177,1422,2198,8357,9198,2413,0,0,81293,153,9,163,20,0,0,0,0,0,10879,6742,704,0,0,0,0,0
424,11781,425.2867228669675,99963,209,106,27,8,5510,2867,0.08380100637235777,139,77,44157,39850,3193,1426,2274,8532,9417,2496,0,0,80968,198,13,165,20,0,0,0,0,0,11155,6718,726,0,0,0,0,0
425,11781,426.14558291388215,99963,211,106,27,8,5545,2881,0.0842911877394636,134,82,44068,39651,3209,1424,2350,8728,9638,2581,0,0,80633,240,14,169,20,0,0,0,0,0,11447,6701,739,0,0,0,0,0
426,11781,427.0061960204307,99963,230,108,27,8,5586,2895,0.08484139131478648,126,82,43969,39456,3217,1425,2430,8920,9860,2668,0,0,80311,271,15,171,20,0,0,0,0,0,11737,6681,757,0,0,0,0,0
427,11781,428.30042720176476,99963,219,117,27,8,5620,2924,0.0854716245010654,141,85,43859,39269,3244,1426,2509,9094,10084,2757,0,0,79958,328,18,175,20,0,0,0,0,0,12029,6660,775,0,0,0,0,0
428,11781,429.1649462666237,99963,223,114,27,8,5647,2939,0.08589177995858467,142,94,43757,39068,3257,1430,2593,9285,10310,2848,0,0,79622,366,21,175,20,0,0,0,0,0,12324,6641,794,0,0,0,0,0
429,11781,430.0314365469523,99962,216,114,28,8,5669,2958,0.08630279506212361,155,93,43658,38857,3267,1440,2675,9487,10537,2941,0,0,79279,406,26,177,20,0,0,0,0,0,12621,6621,812,0,0,0,0,0
430,11781,431.33456678102186,99962,240,125,28,8,5731,2989,0.08723314859646666,151,95,43536,38648,3287,1445,2757,9678,10766,3035,0,0,78931,454,32,180,21,0,0,0,0,0,12915,6595,834,0,0,0,0,0
431,11781,432.20509921743417,99962,241,131,28,8,5765,3007,0.0877533462715832,151,103,43434,38436,3300,1446,2845,9875,10997,3131,0,0,78586,491,37,182,22,0,0,0,0,0,13218,6574,852,0,0,0,0,0
432,11781,433.07763436296773,99962,253,140,28,8,5804,3031,0.08838358576258978,151,94,43325,38247,3305,1437,2937,10073,11229,3229,0,0,78252,526,42,184,22,0,0,0,0,0,13512,6541,883,0,0,0,0,0
433,11781,434.3900412835106,99962,260,152,28,8,5855,3073,0.08931393929693283,169,92,43199,38036,3326,1448,3017,10263,11462,3329,0,0,77876,590,49,187,22,0,0,0,0,0,13817,6517,904,0,0,0,0,0
434,11781,435.2668453799404,99962,277,162,28,8,5901,3100,0.0900442168023849,163,89,43094,37845,3331,1445,3106,10450,11697,3431,0,0,77532,623,58,191,22,0,0,0,0,0,14119,6487,930,0,0,0,0,0
435,11781,436.14572567599475,99962,283,163,28,8,5934,3118,0.0905544106760569,169,96,42982,37623,3344,1448,3193,10661,11933,3535,0,0,77180,655,69,192,22,0,0,0,0,0,14428,6466,950,0,0,0,0,0
436,11781,437.02669579195316,99962,292,151,28,8,5974,3132,0.09109461595406254,177,102,42856,37412,3354,1464,3292,10862,12170,3641,0,0,76818,699,78,194,24,0,0,0,0,0,14737,6439,973,0,0,0,0,0
437,11781,438.35244819695976,99962,310,164,28,8,6042,3165,0.09210499989996199,194,99,42702,37213,3382,1466,3383,11049,12408,3749,0,0,76431,762,80,198,25,0,0,0,0,0,15059,6413,994,0,0,0,0,0
438,11781,439.2386266261487,99962,323,160,28,8,6097,3182,0.09282527360396951,192,116,42567,36984,3407,1475,3482,11256,12648,3859,0,0,76048,814,88,199,27,0,0,0,0,0,15382,6393,1011,0,0,0,0,0
439,11781,440.1274348621202,99962,314,169,28,8,6132,3212,0.09347552069786519,212,107,42445,36771,3422,1477,3578,11467,12889,3971,0,0,75671,869,97,199,28,0,0,0,0,0,15695,6362,1041,0,0,0,0,0
440,11781,441.0188444928055,99962,337,174,28,8,6183,3240,0.09426582101198455,206,99,42317,36560,3429,1484,3682,11674,13131,4085,0,0,75301,910,105,201,28,0,0,0,0,0,16016,6333,1068,0,0,0,0,0
441,11781,442.360322116026,99961,342,170,29,8,6250,3264,0.09517711907643982,217,120,42167,36371,3464,1491,3780,11839,13373,4201,0,0,74893,983,117,205,28,0,0,0,0,0,16338,6305,1092,0,0,0,0,0
442,11781,443.2571409268488,99961,353,178,29,8,6299,3290,0.09592741169055932,218,122,42032,36165,3485,1495,3882,12031,13616,4319,0,0,74517,1027,126,208,28,0,0,0,0,0,16661,6273,1121,0,0,0,0,0
443,11781,444.15669403285,99961,367,180,29,8,6356,3325,0.0968477706305459,223,118,41891,35954,3502,1515,3987,12224,13860,4439,0,0,74117,1091,136,210,28,0,0,0,0,0,16987,6243,1149,0,0,0,0,0
444,11781,445.05910905057556,99961,375,185,29,8,6404,3358,0.09765808665379498,239,104,41741,35759,3519,1523,4096,12420,14105,4561,0,0,73726,1143,150,212,28,0,0,0,0,0,17312,6213,1177,0,0,0,0,0
445,11781,446.41791979536424,99961,384,185,29,8,6500,3394,0.09897860165464531,233,103,41590,35553,3571,1544,4192,12606,14350,4685,0,0,73274,1248,161,218,29,0,0,0,0,0,17648,6185,1198,0,0,0,0,0
446,11781,447.3266136924862,99961,379,185,29,8,6552,3419,0.099748902071808,246,97,41443,35344,3604,1551,4298,12814,14596,4811,0,0,72877,1298,185,222,31,0,0,0,0,0,17970,6155,1223,0,0,0,0,0
447,11781,448.2384682724978,99961,384,178,29,8,6603,3444,0.10050919858744911,255,102,41280,35113,3636,1576,4415,13022,14843,4938,0,0,72465,1353,202,228,31,0,0,0,0,0,18310,6132,1240,0,0,0,0,0
448,11781,449.1536388943028,99961,374,179,29,8,6661,3469,0.10133952241374136,248,103,41137,34891,3678,1588,4533,13230,15090,5067,0,0,72041,1425,215,232,33,0,0,0,0,0,18649,6103,1263,0,0,0,0,0
449,11781,450.0722533722758,99961,387,183,29,8,6721,3490,0.10214983843699042,240,109,40997,34681,3698,1590,4648,13428,15337,5198,0,0,71656,1462,236,237,34,0,0,0,0,0,18976,6068,1292,0,0,0,0,0
450,11781,451.4556674936549,99961,380,185,29,8,6800,3530,0.10334030271806004,250,114,40843,34485,3751,1613,4746,13594,15585,5331,0,0,71202,1558,256,245,34,0,0,0,0,0,19314,6037,1315,0,0,0,0,0
451,11781,452.3807167864978,99961,400,193,29,8,6872,3565,0.10441072018087054,237,108,40693,34264,3779,1623,4861,13803,15833,5466,0,0,70787,1617,272,247,36,0,0,0,0,0,19654,6008,1340,0,0,0,0,0
452,11781,453.309140126117,99961,387,191,29,8,6918,3587,0.10509098548433889,262,120,40537,34039,3809,1636,4975,14005,16081,5603,0,0,70369,1669,298,247,39,0,0,0,0,0,19994,5987,1358,0,0,0,0,0
453,11781,454.2409593537428,99960,401,213,30,8,6976,3625,0.10605242096838735,265,103,40386,33836,3825,1629,5092,14210,16330,5742,0,0,69961,1711,312,250,39,0,0,0,0,0,20345,5961,1381,0,0,0,0,0
454,11781,455.1760754372486,99960,390,215,30,8,7030,3654,0.1068827531012405,284,121,40228,33608,3864,1631,5203,14416,16579,5882,0,0,69528,1784,327,253,39,0,0,0,0,0,20689,5929,1411,0,0,0,0,0
455,11781,456.11467306767463,99960,406,221,30,8,7094,3685,0.10783313325330132,290,117,40064,33403,3889,1641,5320,14609,16828,6024,0,0,69114,1836,345,255,40,0,0,0,0,0,21033,5898,1439,0,0,0,0,0
456,11781,457.0568634211998,99960,413,222,30,8,7161,3714,0.10879351740696279,290,121,39893,33191,3925,1643,5448,14814,17077,6168,0,0,68685,1896,365,260,42,0,0,0,0,0,21381,5869,1462,0,0,0,0,0
457,11781,458.0028159565305,99959,418,220,30,9,7227,3749,0.10980502005822387,295,114,39729,33012,3949,1656,5578,14988,17326,6314,0,0,68258,1968,386,260,44,1,0,0,0,0,21714,5828,1500,0,0,0,0,0
458,11781,459.42871973280216,99959,470,223,30,9,7346,3793,0.11143568863233926,274,134,39578,32780,3969,1684,5678,15169,17575,6461,0,0,67809,2039,409,271,45,1,0,0,0,0,22067,5799,1519,0,0,0,0,0
459,11781,460.3819539031001,99958,462,222,30,10,7412,3824,0.11240721102863202,273,138,39418,32579,4017,1696,5799,15354,17823,6610,0,0,67370,2107,439,278,45,1,0,0,0,0,22408,5766,1544,0,0,0,0,0
460,11781,461.3389749071169,99958,477,222,30,10,7478,3853,0.11335761019628243,274,136,39264,32370,4029,1704,5925,15557,18071,6761,0,0,66941,2162,459,281,47,1,0,0,0,0,22762,5738,1567,0,0,0,0,0
461,11781,462.29977431741656,99958,466,225,30,10,7540,3891,0.11435803037275656,278,144,39105,32158,4072,1725,6048,15737,18319,6913,0,0,66482,2244,476,288,48,1,0,0,0,0,23121,5708,1590,0,0,0,0,0
462,11781,463.26436019933675,99958,453,224,30,10,7593,3927,0.11524840432981852,310,154,38913,31949,4116,1751,6177,15911,18567,7067,0,0,66023,2323,492,291,51,1,0,0,0,0,23484,5682,1611,0,0,0,0,0
463,11781,464.23335367197257,99958,463,217,30,10,7664,3956,0.11624882450629265,309,153,38748,31769,4148,1758,6301,16092,18814,7223,0,0,65591,2377,525,298,53,1,0,0,0,0,23828,5650,1635,0,0,0,0,0
464,11781,465.2066506224248,99958,472,221,30,10,7739,3992,0.11735929090217892,309,159,38571,31560,4186,1764,6431,16285,19061,7380,0,0,65147,2436,555,301,57,1,0,0,0,0,24181,5628,1652,0,0,0,0,0
465,11781,466.1841543081044,99958,473,224,30,10,7809,4028,0.11841973628924148,314,162,38403,31358,4213,1777,6566,16468,19307,7539,0,0,64714,2484,598,310,57,1,0,0,0,0,24521,5599,1674,0,0,0,0,0
466,11781,467.16591732596464,99958,481,231,30,10,7889,4068,0.11962024050101043,319,162,38223,31163,4254,1788,6692,16645,19553,7699,0,0,64275,2554,627,309,63,1,0,0,0,0,24860,5563,1706,0,0,0,0,0
467,11781,468.1521562057491,99958,490,246,30,10,7954,4117,0.12076071950219092,337,157,38057,30967,4268,1802,6817,16817,19798,7861,0,0,63847,2608,656,314,64,1,0,0,0,0,25204,5525,1739,0,0,0,0,0
468,11781,469.14249989750317,99957,498,253,30,11,8015,4160,0.12180237502125914,354,142,37885,30782,4289,1814,6943,16997,20043,8024,0,0,63414,2658,681,323,67,1,0,0,0,0,25560,5490,1763,0,0,0,0,0
469,11781,470.13692651353205,99956,527,267,31,11,8103,4204,0.12312417463684021,360,150,37700,30582,4308,1824,7073,17165,20287,8189,0,0,62985,2705,711,328,70,1,0,0,0,0,25909,5456,1791,0,0,0,0,0
470,11781,471.13572084496275,99956,533,272,31,11,8194,4243,0.12442474688863099,370,160,37512,30377,4348,1838,7205,17341,20531,8355,0,0,62528,2778,741,338,73,1,0,0,0,0,26260,5420,1817,0,0,0,0,0
471,11781,472.13926010303567,99956,539,273,31,11,8282,4289,0.1257653367481692,373,160,37334,30192,4389,1865,7333,17498,20774,8522,0,0,62078,2844,786,346,79,1,0,0,0,0,26598,5385,1839,0,0,0,0,0
472,11781,473.1475173496211,99956,555,268,31,11,8383,4330,0.12718596182320221,362,157,37147,29999,4434,1892,7470,17672,21016,8691,0,0,61616,2932,816,356,81,1,0,0,0,0,26941,5338,1875,0,0,0,0,0
473,11781,474.1608261314287,99956,540,276,31,11,8460,4374,0.12839649445756132,370,159,36959,29803,4493,1916,7606,17834,21257,8861,0,0,61147,3018,845,364,84,1,0,0,0,0,27293,5302,1902,0,0,0,0,0
474,11781,475.1792285631259,99956,558,283,31,11,8554,4417,0.12976709752291007,371,145,36755,29617,4537,1932,7747,18011,21497,9032,0,0,60689,3089,872,367,90,1,0,0,0,0,27648,5275,1925,0,0,0,0,0
475,11781,476.2029178920247,99956,592,280,31,11,8659,4450,0.13114770499019568,336,150,36590,29432,4566,1949,7884,18177,21737,9205,0,0,60246,3147,910,375,93,1,0,0,0,0,27995,5239,1950,0,0,0,0,0
476,11781,477.2314984833336,99956,589,262,31,11,8752,4489,0.13246828604586017,324,166,36410,29246,4630,1981,8015,18333,21976,9379,0,0,59780,3221,966,389,94,2,0,0,0,0,28325,5204,1975,0,0,0,0,0
477,11781,478.26532897217277,99954,590,275,32,12,8833,4536,0.13375152570182283,331,161,36239,29055,4670,1990,8137,18506,22214,9554,0,0,59337,3280,1008,394,98,2,0,0,0,0,28663,5169,2003,0,0,0,0,0
478,11781,479.3040328722507,99954,609,280,32,12,8914,4577,0.13497208716009365,334,159,36067,28887,4694,2007,8263,18654,22451,9730,0,0,58895,3337,1041,394,103,2,0,0,0,0,29013,5140,2029,0,0,0,0,0
479,11781,480.34743719336416,99954,612,286,32,12,8998,4628,0.1363227084458851,350,159,35879,28702,4728,2031,8398,18809,22687,9907,0,0,58449,3401,1087,404,105,2,0,0,0,0,29345,5099,2062,0,0,0,0,0
480,11781,481.39600943860273,99954,624,273,32,12,9092,4657,0.1375532745062729,342,177,35704,28523,4754,2046,8543,18968,22922,10085,0,0,58016,3463,1130,414,109,2,0,0,0,0,29668,5047,2105,0,0,0,0,0
481,11781,482.449614479047,99954,650,292,32,12,9197,4710,0.13913400164075473,356,179,35511,28350,4782,2053,8668,19113,23156,10264,0,0,57565,3528,1170,418,112,2,0,0,0,0,30013,5016,2130,0,0,0,0,0
482,11781,483.50837607290515,99954,660,297,32,12,9292,4754,0.1405246413350141,353,182,35329,28180,4825,2074,8800,19254,23389,10444,0,0,57119,3587,1220,428,115,2,0,0,0,0,30349,4979,2155,0,0,0,0,0
483,11781,484.03915120977854,99954,660,296,32,12,9341,4774,0.1412149588810853,363,183,35130,27988,4855,2071,8959,19449,23621,10625,0,0,56693,3621,1248,431,117,3,0,0,0,0,30711,4956,2174,0,0,0,0,0
484,11781,485.10865776561377,99954,682,308,32,12,9464,4837,0.14307581487484242,351,171,34943,27816,4902,2096,9089,19596,23851,10807,0,0,56227,3709,1299,431,128,3,0,0,0,0,31037,4921,2199,0,0,0,0,0
485,11781,486.18414648104675,99954,677,312,32,12,9565,4887,0.14458650979450546,362,168,34744,27651,4960,2116,9224,19740,24080,10990,0,0,55757,3791,1360,436,131,3,0,0,0,0,31363,4892,2221,0,0,0,0,0
486,11781,487.26551796139853,99953,677,316,33,12,9668,4932,0.1460686522665653,377,178,34538,27470,5019,2137,9355,19886,24308,11173,0,0,55294,3875,1409,438,136,3,0,0,0,0,31691,4855,2252,0,0,0,0,0
487,11781,488.353169255601,99953,673,317,33,12,9771,4988,0.14765939991796145,390,175,34328,27319,5085,2176,9490,20000,24535,11357,0,0,54825,3952,1470,450,140,3,0,0,0,0,32014,4824,2275,0,0,0,0,0
488,11781,489.44729459633203,99952,653,298,34,12,9879,5018,0.1490415399391708,409,179,34109,27173,5162,2204,9632,20133,24761,11542,0,0,54338,4053,1522,459,149,3,0,0,0,0,32342,4789,2297,0,0,0,0,0
489,11781,490.5483997103566,99952,682,308,34,12,10000,5070,0.15077237073795421,377,171,33925,27024,5210,2222,9771,20262,24985,11727,0,0,53890,4120,1578,460,156,3,0,0,0,0,32665,4759,2321,0,0,0,0,0
490,11781,491.10072942562573,99950,681,304,35,13,10053,5087,0.15147573786893448,381,174,33740,26847,5231,2220,9931,20441,25208,11913,0,0,53486,4147,1613,466,158,3,0,0,0,0,33002,4719,2356,0,0,0,0,0
491,11781,492.2139947532927,99950,680,308,35,13,10171,5133,0.15311655827913956,392,173,33540,26689,5292,2244,10060,20572,25430,12100,0,0,53009,4233,1664,473,164,3,0,0,0,0,33331,4694,2379,0,0,0,0,0
492,11781,493.3340201271021,99950,694,301,35,13,10288,5178,0.15473736868434218,363,176,33374,26528,5341,2270,10192,20711,25650,12287,0,0,52555,4310,1730,478,167,3,0,0,0,0,33638,4659,2410,0,0,0,0,0
493,11781,494.4598787559709,99948,696,302,37,13,10398,5221,0.15627126105574898,364,177,33183,26382,5392,2295,10327,20830,25869,12475,0,0,52091,4391,1783,485,172,3,0,0,0,0,33964,4626,2433,0,0,0,0,0
494,11781,495.0243296680449,99948,693,296,37,13,10452,5237,0.15697162524512748,366,180,33003,26218,5401,2291,10499,21001,26087,12663,0,0,51699,4409,1832,485,180,3,0,0,0,0,34286,4593,2461,0,0,0,0,0
495,11781,496.1625093726669,99948,709,300,37,13,10576,5284,0.15868251490775204,334,185,32829,26066,5457,2313,10633,21122,26303,12852,0,0,51246,4484,1889,492,187,3,0,0,0,0,34602,4559,2486,0,0,0,0,0
496,11781,497.30691527120223,99948,673,299,37,13,10680,5330,0.16018329531356304,354,196,32652,25928,5531,2335,10752,21228,26518,13041,0,0,50776,4581,1960,495,197,3,0,0,0,0,34898,4525,2513,0,0,0,0,0
497,11781,498.45784166009116,99948,652,309,37,13,10770,5388,0.16166406531396327,366,205,32489,25778,5582,2357,10873,21337,26731,13230,0,0,50337,4643,2026,510,206,3,0,0,0,0,35202,4485,2536,0,0,0,0,0
498,11781,499.03495254113915,99948,641,303,37,13,10806,5408,0.16222435666546603,395,217,32309,25601,5590,2371,11027,21494,26943,13420,0,0,49952,4660,2072,514,208,4,0,0,0,0,35521,4448,2569,0,0,0,0,0
499,11781,500.19783234574567,99946,617,312,39,13,10907,5467,0.16382846737238108,389,217,32139,25463,5654,2394,11161,21600,27154,13610,0,0,49514,4733,2143,526,216,4,0,0,0,0,35804,4398,2608,0,0,0,0,0
500,11781,501.3672238727597,99945,596,313,40,13,11007,5518,0.16534093751563358,381,229,31989,25334,5710,2420,11283,21690,27363,13800,0,0,49077,4796,2219,533,226,5,0,0,0,0,36091,4363,2635,0,0,0,0,0
501,11781,502.5425510802782,99945,619,332,40,13,11122,5583,0.16714192806043324,369,199,31812,25240,5753,2442,11406,21773,27571,13990,0,0,48651,4853,2286,536,233,5,0,0,0,0,36390,4330,2661,0,0,0,0,0
502,11781,503.13175168413903,99945,627,329,40,13,11176,5607,0.1679223572965131,361,202,31661,25073,5755,2452,11555,21930,27777,14180,0,0,48271,4869,2333,537,236,6,0,0,0,0,36703,4297,2693,0,0,0,0,0
503,11781,504.3192941079828,99944,659,331,41,13,11305,5663,0.16977507404146322,357,190,31485,24952,5789,2482,11668,22031,27982,14371,0,0,47842,4936,2394,543,245,7,0,0,0,0,36997,4257,2723,0,0,0,0,0
504,11781,505.5129884762501,99944,649,316,41,13,11410,5716,0.17135595933722886,350,188,31323,24847,5844,2522,11792,22113,28185,14562,0,0,47394,5016,2473,553,253,7,0,0,0,0,37280,4221,2747,0,0,0,0,0
505,11781,506.11133431935804,99944,650,323,41,13,11462,5754,0.172256463619627,342,181,31174,24686,5843,2531,11949,22265,28387,14753,0,0,47012,5029,2530,559,256,7,0,0,0,0,37589,4191,2771,0,0,0,0,0
506,11781,507.3174698642753,99943,680,324,42,13,11588,5811,0.17408923086159112,340,176,31013,24572,5876,2560,12048,22354,28587,14944,0,0,46601,5076,2606,568,266,7,0,0,0,0,37868,4154,2797,0,0,0,0,0
507,11781,508.52942859529634,99941,671,316,43,14,11696,5867,0.175733682872895,343,179,30853,24464,5929,2596,12160,22430,28786,15135,0,0,46166,5139,2694,577,275,7,0,0,0,0,38143,4124,2816,0,0,0,0,0
508,11781,509.13706374376824,99941,678,318,43,14,11753,5893,0.17656417286198858,339,178,30685,24324,5943,2596,12311,22569,28983,15325,0,0,45796,5151,2749,576,282,7,0,0,0,0,38445,4096,2839,0,0,0,0,0
509,11781,510.3617742911742,99941,647,315,43,14,11844,5955,0.178095076094896,364,169,30527,24236,6009,2621,12409,22644,29179,15515,0,0,45354,5219,2830,586,296,7,0,0,0,0,38724,4074,2851,0,0,0,0,0
510,11781,511.59308674650794,99941,631,303,43,14,11939,6002,0.1795159143894898,373,174,30378,24145,6053,2648,12521,22715,29373,15705,0,0,44940,5271,2918,595,306,7,0,0,0,0,38989,4041,2874,0,0,0,0,0
511,11781,512.2103398855485,99940,612,309,44,14,11983,6031,0.1802481488893336,378,176,30229,23999,6066,2648,12670,22853,29566,15895,0,0,44570,5292,2967,596,317,7,0,0,0,0,39285,4005,2901,0,0,0,0,0
512,11781,513.4543062648246,99939,618,316,45,14,12095,6087,0.18193097789651688,367,172,30072,23908,6103,2669,12794,22920,29757,16085,0,0,44153,5360,3037,602,321,8,0,0,0,0,39559,3967,2932,0,0,0,0,0
513,11781,514.0777547591945,99939,628,318,45,14,12161,6117,0.18289156385395092,353,159,29913,23786,6118,2674,12942,23048,29947,16274,0,0,43791,5381,3092,599,329,8,0,0,0,0,39843,3931,2965,0,0,0,0,0
514,11781,515.33476301988,99939,630,311,45,14,12279,6164,0.18454257096829066,343,156,29769,23709,6179,2703,13033,23106,30135,16463,0,0,43385,5441,3178,607,337,9,0,0,0,0,40098,3891,2993,0,0,0,0,0
515,11781,516.5980492191877,99939,634,309,45,14,12400,6213,0.18624360860124675,340,153,29618,23625,6224,2719,13138,23179,30321,16652,0,0,42977,5496,3255,622,348,9,0,0,0,0,40364,3854,3014,0,0,0,0,0
516,11781,517.2311927917158,99939,621,301,45,14,12451,6238,0.18700407248421538,331,150,29460,23498,6245,2732,13297,23304,30506,16840,0,0,42612,5522,3316,626,351,9,0,0,0,0,40639,3816,3048,0,0,0,0,0
517,11781,518.5079275517173,99939,619,301,45,14,12556,6290,0.18857503076876894,334,145,29301,23430,6300,2750,13400,23359,30689,17028,0,0,42220,5569,3394,635,366,10,0,0,0,0,40899,3780,3066,0,0,0,0,0
518,11781,519.1483623369734,99938,625,310,46,14,12617,6319,0.18947747603514178,315,136,29168,23297,6300,2753,13545,23489,30871,17216,0,0,41874,5579,3447,635,372,10,0,0,0,0,41177,3745,3099,0,0,0,0,0
519,11781,520.4386768266496,99938,596,289,46,14,12719,6363,0.19093838179671396,322,137,29017,23233,6373,2790,13645,23536,31051,17403,0,0,41473,5645,3544,641,388,10,0,0,0,0,41405,3706,3126,0,0,0,0,0
520,11781,521.0856072407921,99938,593,292,46,14,12778,6392,0.19181892773519582,312,126,28876,23098,6383,2801,13789,23668,31230,17590,0,0,41120,5655,3607,641,398,10,0,0,0,0,41680,3683,3144,0,0,0,0,0
521,11781,522.3894154121781,99938,579,274,46,14,12866,6432,0.19309972182753307,316,138,28731,23038,6424,2820,13903,23715,31407,17776,0,0,40753,5693,3707,644,413,10,0,0,0,0,41905,3646,3167,0,0,0,0,0
522,11781,523.0430019714901,99938,586,280,46,14,12928,6461,0.19401028637755408,317,136,28565,22909,6435,2820,14050,23840,31583,17962,0,0,40414,5688,3771,651,417,11,0,0,0,0,42179,3621,3186,0,0,0,0,0
523,11781,524.3606744169921,99937,591,269,47,14,13028,6502,0.19542311656343497,308,142,28464,22850,6445,2833,14144,23891,31757,18147,0,0,40065,5709,3875,652,426,13,0,0,0,0,42397,3586,3214,0,0,0,0,0
524,11781,525.0208037809073,99937,607,272,47,14,13086,6529,0.19627365240101263,296,148,28330,22736,6440,2836,14279,23993,31930,18331,0,0,39734,5707,3935,652,431,13,0,0,0,0,42668,3561,3236,0,0,0,0,0
525,11781,526.3500763534654,99937,595,273,47,14,13198,6573,0.19783463582056696,283,145,28203,22670,6499,2842,14372,24055,32101,18515,0,0,39358,5748,4028,656,447,13,0,0,0,0,42898,3536,3253,0,0,0,0,0
526,11781,527.0162372806909,99937,560,267,47,14,13233,6592,0.19837497623502806,296,160,28066,22551,6517,2838,14513,24169,32271,18698,0,0,39021,5750,4105,664,450,14,0,0,0,0,43152,3511,3270,0,0,0,0,0
527,11781,528.3583774756513,99937,564,276,47,14,13332,6652,0.1999659785664969,283,138,27944,22518,6550,2860,14611,24193,32439,18880,0,0,38648,5796,4171,674,462,14,0,0,0,0,43401,3478,3293,0,0,0,0,0
528,11781,529.0309101439267,99937,558,268,47,14,13383,6673,0.20068643245244505,268,131,27825,22411,6552,2870,14749,24305,32606,19062,0,0,38320,5800,4230,683,466,14,0,0,0,0,43656,3444,3324,0,0,0,0,0
529,11781,530.3856079786344,99936,541,259,48,14,13477,6718,0.20207933077169388,280,129,27706,22360,6593,2897,14831,24340,32771,19243,0,0,37961,5832,4325,700,474,15,0,0,0,0,43877,3407,3345,0,0,0,0,0
530,11781,531.0641529467828,99935,549,261,49,14,13538,6740,0.20291189273027468,259,126,27577,22258,6598,2895,14967,24445,32935,19423,0,0,37637,5834,4383,701,481,15,0,0,0,0,44136,3383,3365,0,0,0,0,0
531,11781,532.4312005099353,99935,526,250,49,14,13624,6782,0.20419272527142643,257,130,27460,22202,6638,2921,15069,24482,33097,19602,0,0,37278,5875,4467,705,495,18,0,0,0,0,44358,3355,3384,0,0,0,0,0
532,11781,533.1159245050121,99935,523,254,49,14,13673,6809,0.20495321959273527,256,120,27345,22107,6628,2931,15198,24573,33258,19781,0,0,36955,5874,4528,705,505,18,0,0,0,0,44617,3338,3395,0,0,0,0,0
533,11781,534.4954587668582,99935,503,261,49,14,13767,6855,0.20635413018462,243,100,27263,22055,6663,2938,15278,24631,33417,19959,0,0,36598,5906,4621,714,510,20,0,0,0,0,44837,3319,3410,0,0,0,0,0
534,11781,535.1860216220481,99934,491,258,50,14,13806,6870,0.20689655172413793,248,104,27143,21966,6666,2929,15401,24728,33575,20136,0,0,36290,5906,4676,711,521,20,0,0,0,0,45085,3293,3432,0,0,0,0,0
535,11781,536.5763140371167,99934,462,245,50,14,13881,6899,0.20793723857746113,240,114,27062,21936,6700,2937,15485,24753,33731,20312,0,0,35960,5928,4782,716,526,21,0,0,0,0,45281,3264,3456,0,0,0,0,0
536,11781,537.2725688213195,99934,438,249,50,14,13914,6917,0.20844757539976386,244,113,26966,21852,6703,2932,15598,24839,33886,20487,0,0,35658,5928,4837,723,530,21,0,0,0,0,45523,3229,3485,0,0,0,0,0
537,11781,538.6733900720473,99934,437,260,50,14,14009,6971,0.2099385594492365,232,104,26889,21841,6723,2942,15668,24838,34039,20661,0,0,35351,5928,4938,733,545,21,0,0,0,0,45716,3199,3503,0,0,0,0,0
538,11781,539.3742973952529,99933,440,242,50,15,14055,6982,0.21051104239840693,220,105,26782,21748,6709,2956,15798,24933,34191,20834,0,0,35052,5918,5002,734,557,21,0,0,0,0,45956,3181,3512,0,0,0,0,0
539,11781,540.0781096150698,99933,419,236,50,15,14081,6996,0.21091131057808732,235,102,26658,21681,6703,2948,15934,25017,34341,21006,0,0,34759,5907,5069,735,562,22,0,0,0,0,46190,3162,3527,0,0,0,0,0
540,11781,541.4949916990059,99933,408,225,50,15,14165,7038,0.21217215534408054,217,94,26601,21670,6727,2975,15996,25020,34490,21177,0,0,34433,5933,5161,740,575,22,0,0,0,0,46389,3134,3546,0,0,0,0,0
541,11781,542.2040772905123,99932,410,215,51,15,14196,7056,0.21266461193611655,217,94,26501,21589,6707,2983,16113,25103,34637,21347,0,0,34159,5916,5222,739,583,22,0,0,0,0,46614,3108,3569,0,0,0,0,0
542,11781,543.6306385758206,99932,402,196,51,15,14270,7080,0.21364527878957693,205,100,26414,21601,6733,2991,16194,25096,34783,21516,0,0,33850,5938,5301,740,596,23,0,0,0,0,46815,3078,3591,0,0,0,0,0
543,11781,544.3446787066084,99931,395,200,51,16,14309,7109,0.21432788624150664,191,88,26299,21521,6739,2991,16324,25183,34928,21684,0,0,33564,5936,5359,738,604,25,0,0,0,0,47039,3055,3611,0,0,0,0,0
544,11781,545.0618679911364,99931,391,198,51,16,14351,7129,0.21494831433689246,180,91,26199,21458,6734,2989,16444,25247,35071,21851,0,0,33282,5929,5422,737,611,25,0,0,0,0,47260,3034,3631,0,0,0,0,0
545,11781,546.505716185377,99931,375,190,51,16,14420,7165,0.21599903933714262,166,82,26139,21442,6751,3002,16517,25267,35213,22017,0,0,32973,5958,5490,746,617,29,0,0,0,0,47463,2997,3658,0,0,0,0,0
546,11781,547.2283102542616,99931,371,187,51,16,14448,7177,0.21639931552771413,158,85,26047,21371,6735,2992,16637,25348,35353,22182,0,0,32719,5934,5551,744,626,29,0,0,0,0,47677,2972,3679,0,0,0,0,0
547,11781,548.6815560715077,99929,335,192,52,17,14507,7221,0.21743437840867016,152,64,25995,21367,6761,3002,16704,25357,35492,22346,0,0,32426,5944,5632,754,638,31,0,0,0,0,47863,2940,3701,0,0,0,0,0
548,11781,549.4088922141199,99929,328,171,52,17,14537,7228,0.21780464129531968,150,71,25908,21312,6743,3004,16818,25424,35630,22509,0,0,32170,5925,5703,749,648,33,0,0,0,0,48061,2921,3719,0,0,0,0,0
549,11781,550.1386521200585,99929,312,171,52,17,14566,7246,0.218274975232415,144,67,25826,21249,6731,2998,16934,25497,35766,22671,0,0,31910,5906,5772,750,653,35,0,0,0,0,48267,2902,3734,0,0,0,0,0
550,11781,551.6058565709491,99929,295,156,52,17,14618,7269,0.21902550811075863,142,62,25758,21246,6742,3012,17010,25506,35901,22832,0,0,31621,5922,5842,747,667,35,0,0,0,0,48461,2881,3753,0,0,0,0,0
551,11781,552.3397322033647,99929,300,151,52,17,14649,7284,0.2194858349428094,135,59,25678,21202,6712,3003,17122,25567,36035,22992,0,0,31374,5902,5902,746,671,36,0,0,0,0,48667,2855,3776,0,0,0,0,0
552,11781,553.0767548387179,99929,290,155,52,17,14671,7296,0.21982607651432517,139,54,25594,21150,6692,2993,17232,25630,36167,23151,0,0,31121,5883,5955,746,675,36,0,0,0,0,48884,2836,3793,0,0,0,0,0
553,11781,554.5579566695304,99929,282,147,52,17,14729,7313,0.2205766093926688,130,63,25529,21167,6683,2983,17323,25622,36298,23309,0,0,30847,5887,6027,741,690,36,0,0,0,0,49078,2821,3802,0,0,0,0,0
554,11781,555.2989085886495,99929,279,149,52,17,14756,7323,0.2209468722793183,123,62,25458,21113,6663,2970,17424,25688,36428,23465,0,0,30608,5857,6080,739,702,36,0,0,0,0,49289,2806,3812,0,0,0,0,0
555,11781,556.0427741079504,99929,276,146,52,17,14786,7333,0.2213471564811016,116,59,25384,21052,6648,2969,17523,25756,36556,23620,0,0,30361,5846,6130,737,708,36,0,0,0,0,49494,2783,3834,0,0,0,0,0
556,11781,557.5370720301255,99929,262,136,52,17,14831,7353,0.2219976183089994,113,65,25352,21069,6643,2972,17577,25740,36683,23774,0,0,30097,5851,6199,741,716,36,0,0,0,0,49681,2757,3851,0,0,0,0,0
557,11781,558.2840018111261,99929,252,121,52,17,14849,7361,0.22225780304015852,115,63,25270,21023,6632,2974,17678,25801,36809,23927,0,0,29847,5837,6254,742,721,37,0,0,0,0,49887,2742,3862,0,0,0,0,0
558,11781,559.0333897581096,99928,250,116,52,18,14873,7370,0.22259026499079337,111,67,25204,20976,6610,2957,17772,25865,36934,24079,0,0,29626,5802,6318,741,727,38,0,0,0,0,50074,2722,3880,0,0,0,0,0
559,11781,560.5393255473571,99927,235,122,53,18,14918,7397,0.22331301850350757,103,56,25199,21020,6588,2945,17821,25838,37057,24230,0,0,29382,5795,6381,741,742,39,0,0,0,0,50253,2700,3894,0,0,0,0,0
560,11781,561.2916531742317,99926,235,128,54,18,14946,7412,0.22374557172307508,88,55,25115,20971,6571,2938,17936,25889,37179,24380,0,0,29146,5770,6436,738,749,39,0,0,0,0,50456,2691,3901,0,0,0,0,0
561,11781,562.0459563657193,99926,228,122,54,18,14959,7420,0.22395572723815624,91,54,25043,20923,6548,2934,18035,25948,37300,24528,0,0,28914,5748,6484,734,757,39,0,0,0,0,50659,2679,3912,0,0,0,0,0
562,11781,563.5620113134892,99926,212,114,54,18,14992,7440,0.22448611972859916,77,46,25030,20961,6537,2940,18089,25920,37420,24675,0,0,28673,5733,6560,743,760,39,0,0,0,0,50835,2659,3924,0,0,0,0,0
563,11781,564.3196068037141,99926,209,107,54,18,15014,7446,0.22476632708204072,71,47,24958,20920,6519,2935,18188,25972,37538,24821,0,0,28450,5706,6616,740,767,39,0,0,0,0,51026,2646,3936,0,0,0,0,0
564,11781,565.0794361427699,99926,203,97,54,18,15025,7452,0.22493645297520165,78,51,24884,20893,6492,2927,18288,26013,37655,24966,0,0,28242,5674,6674,735,776,39,0,0,0,0,51205,2629,3952,0,0,0,0,0
565,11781,566.6059713716107,99925,183,98,54,19,15049,7476,0.22541906429822367,85,42,24881,20911,6481,2915,18315,26014,37771,25110,0,0,28019,5660,6739,734,788,39,0,0,0,0,51372,2607,3967,0,0,0,0,0
566,11781,567.3686371946662,99925,183,97,54,19,15072,7486,0.22574931198398798,75,45,24816,20882,6457,2899,18414,26057,37886,25253,0,0,27814,5629,6794,731,797,40,0,0,0,0,51550,2589,3981,0,0,0,0,0
567,11781,568.1332780657174,99925,187,90,54,19,15093,7494,0.22603952964723542,71,45,24768,20844,6421,2896,18498,26105,38000,25394,0,0,27608,5602,6845,730,802,41,0,0,0,0,51729,2569,3999,0,0,0,0,0
568,11781,569.6682185331543,99925,177,79,54,19,15124,7510,0.22650988241180886,66,37,24766,20881,6406,2895,18530,26088,38112,25534,0,0,27378,5602,6898,730,811,43,0,0,0,0,51903,2548,4012,0,0,0,0,0
569,11781,570.4346014682814,99925,180,78,54,19,15147,7516,0.2268001000750563,58,39,24695,20847,6383,2880,18629,26136,38223,25673,0,0,27169,5576,6943,730,816,43,0,0,0,0,52090,2533,4025,0,0,0,0,0
570,11781,571.2030766898802,99925,167,83,54,19,15159,7526,0.22702026519889917,60,33,24647,20825,6366,2865,18705,26174,38333,25811,0,0,26956,5556,6991,726,820,44,0,0,0,0,52274,2523,4035,0,0,0,0,0
571,11781,572.7461095085096,99925,153,80,54,19,15182,7543,0.22742056542406805,54,29,24656,20889,6349,2860,18733,26122,38442,25948,0,0,26749,5536,7055,728,827,44,0,0,0,0,52433,2502,4051,0,0,0,0,0
572,11781,573.5165643959142,99925,146,81,54,19,15189,7548,0.22754065549161873,52,30,24605,20875,6320,2838,18822,26156,38550,26083,0,0,26559,5502,7102,724,833,44,0,0,0,0,52608,2486,4067,0,0,0,0,0
573,11781,574.2887778216899,99925,141,78,54,19,15195,7553,0.22765073805354016,54,29,24561,20854,6286,2826,18903,26193,38657,26217,0,0,26373,5475,7143,723,836,45,0,0,0,0,52778,2460,4092,0,0,0,0,0
574,11781,575.062659981114,99925,131,76,54,19,15202,7561,0.22780085063797847,60,26,24511,20836,6263,2816,18980,26226,38763,26350,0,0,26176,5444,7193,718,845,45,0,0,0,0,52952,2454,4098,0,0,0,0,0
575,11781,576.6149291640052,99925,127,60,54,19,15221,7572,0.22810107580685515,63,27,24534,20873,6231,2822,18990,26198,38868,26482,0,0,25974,5431,7251,712,854,45,0,0,0,0,53108,2437,4113,0,0,0,0,0
576,11781,577.3899389403293,99925,126,54,54,19,15230,7579,0.2282611958969227,61,24,24490,20854,6204,2818,19064,26230,38972,26613,0,0,25783,5407,7296,709,859,45,0,0,0,0,53278,2420,4128,0,0,0,0,0
577,11781,578.1662390534027,99925,126,54,54,19,15241,7584,0.22842131598699025,60,24,24464,20836,6169,2806,19126,26260,39074,26743,0,0,25592,5381,7334,706,866,45,0,0,0,0,53457,2408,4136,0,0,0,0,0
578,11781,579.7225822411336,99924,129,55,54,20,15268,7597,0.2288239061686882,53,19,24499,20877,6134,2795,19130,26233,39175,26871,0,0,25402,5357,7383,706,874,45,0,0,0,0,53619,2393,4145,0,0,0,0,0
579,11781,580.4991384363392,99924,132,55,54,20,15275,7598,0.22890396701493135,47,21,24415,20798,6103,2788,19248,26317,39275,26998,0,0,25222,5324,7420,700,881,45,0,0,0,0,53795,2385,4152,0,0,0,0,0
580,11781,581.4472239135715,99924,126,52,54,20,15296,7607,0.22920419518834315,48,21,24431,20848,6075,2772,19265,26286,39374,27124,0,0,25052,5288,7481,701,888,45,0,0,0,0,53934,2365,4170,0,0,0,0,0
581,11781,582.2257249633416,99924,127,57,54,20,15305,7614,0.22936431688082942,47,18,24389,20852,6050,2745,19332,26307,39472,27249,0,0,24873,5261,7513,698,894,45,0,0,0,0,54106,2351,4183,0,0,0,0,0
582,11781,583.0054653785179,99924,125,53,54,20,15311,7615,0.22943437012129217,47,19,24314,20807,6031,2735,19428,26365,39569,27373,0,0,24694,5233,7551,697,897,45,0,0,0,0,54274,2338,4195,0,0,0,0,0
583,11781,584.2404842126584,99924,125,54,54,20,15323,7620,0.22960449941955888,44,19,24285,20792,6002,2723,19489,26391,39665,27496,0,0,24523,5203,7594,693,903,45,0,0,0,0,54431,2324,4208,0,0,0,0,0
584,11781,585.2926683295328,99924,120,51,54,20,15337,7627,0.22981465914094712,41,17,24269,20799,5974,2715,19541,26397,39760,27617,0,0,24343,5188,7633,689,911,45,0,0,0,0,54586,2307,4222,0,0,0,0,0
585,11781,586.022069498067,99924,112,49,54,20,15345,7632,0.22994475801609224,36,18,24228,20792,5943,2703,19626,26417,39854,27737,0,0,24177,5159,7677,684,920,45,0,0,0,0,54734,2292,4236,0,0,0,0,0
586,11781,587.0564077613194,99924,108,48,54,20,15356,7637,0.2301048797085785,40,18,24218,20797,5915,2688,19664,26428,39947,27856,0,0,24006,5138,7714,682,925,45,0,0,0,0,54887,2274,4253,0,0,0,0,0
587,11781,588.4375640753118,99924,103,48,54,20,15375,7646,0.23038509267042953,33,22,24297,20894,5877,2673,19635,26342,40039,27974,0,0,23827,5123,7756,679,932,45,0,0,0,0,55037,2261,4264,0,0,0,0,0
588,11781,589.221216653853,99924,103,46,54,20,15384,7649,0.23050518393979424,36,26,24268,20878,5838,2667,19700,26362,40130,28091,0,0,23665,5095,7794,677,935,46,0,0,0,0,55188,2245,4279,0,0,0,0,0
589,11781,590.0055784027226,99924,103,50,54,20,15392,7656,0.23065529802650014,39,20,24231,20876,5809,2651,19763,26382,40220,28207,0,0,23500,5069,7828,676,938,46,0,0,0,0,55344,2231,4292,0,0,0,0,0
590,11781,591.2672700548692,99924,97,47,54,20,15396,7660,0.2307353588727433,41,19,24204,20851,5780,2644,19823,26418,40310,28322,0,0,23343,5038,7872,675,942,46,0,0,0,0,55487,2215,4306,0,0,0,0,0
591,11781,592.3383861072067,99924,102,46,54,20,15412,7666,0.23095552619991194,37,15,24191,20875,5743,2629,19872,26414,40399,28435,0,0,23179,5017,7910,671,947,46,0,0,0,0,55634,2202,4318,0,0,0,0,0
592,11781,593.0259622000602,99924,94,46,54,20,15417,7671,0.23105560225771588,42,11,24148,20873,5727,2613,19934,26436,40487,28547,0,0,23025,4991,7948,670,951,46,0,0,0,0,55773,2183,4337,0,0,0,0,0
593,11781,594.034137572602,99924,79,41,54,20,15429,7676,0.23122573155598256,41,10,24163,20935,5710,2600,19952,26393,40574,28658,0,0,22857,4971,8000,671,954,46,0,0,0,0,55908,2172,4345,0,0,0,0,0
594,11781,595.285608620918,99924,74,34,54,20,15436,7679,0.2313258076137865,39,14,24121,20925,5689,2595,20022,26411,40660,28768,0,0,22694,4955,8032,668,961,46,0,0,0,0,56054,2157,4357,0,0,0,0,0
595,11781,596.0201237719293,99924,79,35,54,20,15445,7682,0.2314458988831512,33,13,24076,20901,5663,2586,20094,26444,40745,28877,0,0,22550,4926,8067,665,964,46,0,0,0,0,56192,2139,4375,0,0,0,0,0
596,11781,597.155194059879,99923,76,34,55,20,15460,7688,0.23165837695025168,26,12,24111,20971,5634,2559,20097,26403,40829,28985,0,0,22396,4908,8101,663,972,46,0,0,0,0,56327,2121,4389,0,0,0,0,0
597,11781,598.5313790534959,99923,72,32,55,20,15468,7691,0.23176846171552096,27,14,24133,21011,5603,2546,20109,26376,40912,29092,0,0,22238,4885,8134,663,975,47,0,0,0,0,56473,2112,4396,0,0,0,0,0
598,11781,599.1529890755875,99923,70,33,55,20,15472,7694,0.23183851565705593,25,16,24108,21011,5573,2537,20168,26382,40994,29198,0,0,22089,4856,8169,659,980,47,0,0,0,0,56615,2106,4402,0,0,0,0,0
599,11781,600.523148030228,99923,59,31,55,20,15479,7701,0.23197862354012588,31,14,24131,21070,5551,2525,20172,26339,41075,29303,0,0,21936,4841,8207,656,984,48,0,0,0,0,56743,2092,4416,0,0,0,0,0
600,11781,601.045069194447,99923,60,33,55,20,15483,7705,0.23205868518759445,31,10,24083,21032,5523,2520,20247,26384,41156,29407,0,0,21785,4827,8226,646,994,48,0,0,0,0,56889,2082,4426,0,0,0,0,0
601,11781,602.423045034018,99923,56,28,55,20,15500,7707,0.23224883160033225,23,12,24169,21147,5480,2507,20216,26285,41236,29510,0,0,21636,4806,8260,645,1004,48,0,0,0,0,57019,2070,4435,0,0,0,0,0
602,11781,603.2112880863597,99923,55,29,55,20,15501,7708,0.23226884701219938,23,12,24094,21090,5464,2496,20308,26352,41315,29612,0,0,21503,4780,8288,640,1008,49,0,0,0,0,57150,2054,4451,0,0,0,0,0
603,11781,604.725737391964,99923,57,27,55,20,15512,7711,0.23240895489526936,18,13,24179,21174,5409,2482,20281,26283,41393,29713,0,0,21363,4751,8328,638,1012,49,0,0,0,0,57278,2046,4458,0,0,0,0,0
604,11781,605.0385363797914,99923,56,26,55,20,15514,7712,0.23243897801307006,18,12,24115,21131,5385,2472,20370,26338,41470,29813,0,0,21229,4723,8359,634,1017,49,0,0,0,0,57408,2035,4469,0,0,0,0,0
605,11781,606.0904529783396,99923,54,20,55,20,15524,7714,0.23255907048427288,23,16,24160,21232,5349,2457,20358,26254,41547,29912,0,0,21086,4705,8393,632,1020,50,0,0,0,0,57533,2023,4481,0,0,0,0,0
606,11781,607.049481656843,99923,55,22,55,20,15527,7716,0.23260910901394075,23,14,24111,21209,5327,2446,20428,26288,41623,30009,0,0,20953,4683,8417,628,1024,50,0,0,0,0,57664,2009,4495,0,0,0,0,0
607,11781,608.2577894338077,99923,43,22,55,20,15531,7720,0.2326891706614093,25,13,24186,21328,5292,2430,20398,26186,41698,30105,0,0,20810,4665,8447,629,1028,50,0,0,0,0,57792,1998,4504,0,0,0,0,0
608,11781,609.0459565040632,99923,45,23,55,20,15535,7721,0.23273920919107713,22,13,24138,21288,5267,2425,20472,26230,41772,30200,0,0,20678,4642,8472,624,1032,51,0,0,0,0,57922,1990,4512,0,0,0,0,0
609,11781,610.1928997776105,99923,47,25,55,20,15540,7727,0.23284929395634638,23,11,24139,21335,5224,2413,20511,26195,41845,30294,0,0,20551,4613,8508,622,1034,51,0,0,0,0,58042,1981,4521,0,0,0,0,0
610,11781,611.3411511652695,99923,50,22,55,20,15556,7730,0.2330394403690842,20,9,24187,21439,5186,2402,20501,26107,41918,30388,0,0,20412,4597,8543,618,1038,51,0,0,0,0,58162,1973,4529,0,0,0,0,0
611,11781,612.1291351708186,99923,46,22,55,20,15557,7730,0.23304944807501776,19,9,24151,21412,5168,2394,20560,26142,41990,30481,0,0,20282,4572,8570,616,1042,51,0,0,0,0,58289,1965,4536,0,0,0,0,0
612,11781,613.0789116550582,99923,45,19,55,20,15559,7731,0.23307947119281847,19,8,24119,21388,5146,2386,20615,26178,42061,30573,0,0,20152,4550,8599,614,1044,51,0,0,0,0,58412,1956,4545,0,0,0,0,0
613,11781,614.1208513212415,99923,44,17,55,20,15566,7732,0.233159532840287,14,9,24137,21418,5119,2374,20630,26161,42131,30664,0,0,20021,4536,8616,610,1052,51,0,0,0,0,58536,1944,4557,0,0,0,0,0
614,11781,615.0962373219735,99923,41,17,55,20,15572,7733,0.233229586781822,10,9,24132,21426,5097,2366,20664,26161,42201,30754,0,0,19894,4517,8644,606,1057,51,0,0,0,0,58654,1934,4566,0,0,0,0,0
615,11781,616.1347028714273,99923,39,19,55,20,15576,7738,0.23331965613522412,10,16,24148,21480,5063,2355,20684,26109,42270,30843,0,0,19767,4499,8670,602,1061,52,0,0,0,0,58773,1926,4573,0,0,0,0,0
616,11781,617.062308461701,99922,32,22,55,21,15577,7743,0.23338203798963192,10,11,24141,21500,5043,2340,20718,26105,42338,30931,0,0,19648,4471,8702,603,1062,53,0,0,0,0,58885,1917,4581,0,0,0,0,0
617,11781,618.0671231363991,99922,29,24,55,21,15581,7749,0.2334821160505194,11,7,24174,21568,5014,2319,20716,26060,42406,31018,0,0,19526,4448,8734,600,1066,53,0,0,0,0,58997,1910,4588,0,0,0,0,0
618,11781,619.1079629858268,99922,26,21,55,21,15582,7749,0.23349212385660814,14,9,24195,21610,4985,2307,20724,26031,42473,31104,0,0,19408,4425,8762,599,1068,53,0,0,0,0,59109,1899,4599,0,0,0,0,0
619,11781,620.1346756379397,99922,22,19,55,21,15583,7752,0.23353215508096314,16,7,24203,21624,4961,2298,20742,26030,42539,31189,0,0,19285,4409,8787,594,1074,53,0,0,0,0,59223,1892,4605,0,0,0,0,0
620,11781,621.3574391782352,99922,21,19,55,21,15588,7752,0.2335821941114069,14,9,24251,21700,4922,2278,20736,25972,42605,31273,0,0,19179,4381,8817,593,1077,53,0,0,0,0,59325,1877,4620,0,0,0,0,0
621,11781,622.0848709812342,99922,23,19,55,21,15590,7753,0.23361221752967315,12,10,24260,21727,4890,2261,20759,25961,42670,31356,0,0,19068,4356,8843,590,1080,53,0,0,0,0,59435,1868,4629,0,0,0,0,0
622,11781,623.2684294800432,99922,24,19,55,21,15592,7755,0.23365224875402815,10,8,24278,21747,4853,2255,20779,25949,42734,31438,0,0,18962,4331,8871,586,1084,53,0,0,0,0,59538,1857,4640,0,0,0,0,0
623,11781,624.1482989744032,99922,21,20,55,21,15594,7757,0.23369227997838313,10,7,24311,21808,4815,2241,20787,25902,42798,31519,0,0,18854,4307,8900,584,1087,53,0,0,0,0,59641,1846,4650,0,0,0,0,0
624,11781,625.2580175847114,99922,25,19,55,21,15600,7759,0.23377234242709313,6,6,24393,21872,4766,2231,20754,25850,42861,31600,0,0,18751,4276,8935,582,1090,53,0,0,0,0,59740,1838,4657,0,0,0,0,0
625,11781,626.0402628081124,99922,25,18,55,21,15600,7759,0.23377234242709313,6,6,24357,21850,4742,2224,20814,25880,42923,31680,0,0,18645,4252,8960,578,1094,53,0,0,0,0,59845,1830,4665,0,0,0,0,0
626,11781,627.0207233778045,99922,22,16,55,21,15601,7761,0.23380236584535938,5,5,24367,21872,4721,2214,20829,25871,42985,31759,0,0,18541,4231,8987,575,1098,53,0,0,0,0,59942,1817,4678,0,0,0,0,0
627,11781,628.4938149614222,99922,24,17,55,21,15607,7764,0.2338924361001581,4,3,24409,21937,4689,2205,20818,25816,43046,31837,0,0,18434,4208,9013,574,1101,53,0,0,0,0,60045,1809,4685,0,0,0,0,0
628,11781,629.3763745377664,99922,23,18,55,21,15610,7766,0.23394247513060187,6,2,24419,21987,4660,2184,20836,25787,43106,31914,0,0,18332,4186,9040,573,1102,53,0,0,0,0,60142,1797,4697,0,0,0,0,0
629,11781,630.0367300360384,99922,22,14,55,21,15613,7768,0.2339925141610456,30,25,24418,21991,4628,2181,20846,25767,43166,31990,0,0,18228,4168,9062,568,1109,53,0,0,0,1,60239,1787,4707,0,0,0,0,0
630,11781,631.1208120014103,99922,24,17,55,21,15621,7772,0.23411260783411061,26,24,24439,22004,4595,2172,20860,25761,43225,32066,0,0,18134,4137,9092,563,1115,53,4,0,0,3,60327,1778,4716,0,0,0,0,0
631,11781,632.2007033004103,99922,29,17,55,21,15629,7777,0.23424270931326435,25,23,24470,22079,4561,2163,20859,25696,43284,32141,0,0,18030,4117,9111,563,1117,53,5,0,0,8,60425,1767,4726,0,0,0,0,0
632,11781,633.367651928623,99922,30,20,55,21,15634,7782,0.23434278737415185,32,22,24462,22094,4542,2157,20878,25685,43342,32215,0,0,17929,4091,9136,561,1119,54,7,0,0,11,60521,1763,4730,0,0,0,0,0
633,11781,634.1306760213297,99922,41,20,55,21,15650,7786,0.23454294349592683,23,25,24490,22123,4522,2150,20868,25660,43399,32288,0,0,17824,4075,9149,559,1125,54,11,0,0,12,60621,1752,4740,0,0,0,0,0
634,11781,635.120535752007,99922,38,22,55,21,15657,7792,0.23467304497508057,26,26,24518,22180,4503,2139,20859,25611,43456,32360,0,0,17730,4047,9176,561,1127,54,15,0,0,18,60705,1739,4750,0,0,0,0,0
635,11781,636.2848707300545,99922,38,22,55,21,15664,7795,0.23477312303596806,33,31,24561,22228,4468,2126,20844,25571,43512,32432,0,0,17635,4021,9200,560,1130,54,15,0,0,26,60792,1733,4756,0,0,0,0,0
636,11781,637.0599910808819,99922,38,24,55,21,15668,7802,0.23488320890294428,35,26,24566,22241,4443,2121,20862,25566,43568,32503,0,0,17540,4002,9217,556,1137,54,16,0,0,31,60881,1723,4765,0,0,0,0,0
637,11781,638.2218837620687,99922,39,28,55,21,15676,7810,0.2350433338003643,44,24,24599,22284,4417,2115,20845,25527,43623,32573,0,0,17447,3985,9231,554,1143,54,19,0,0,35,60967,1707,4780,0,0,0,0,0
638,11781,639.3820589459476,99922,40,28,55,21,15682,7815,0.23515341966734052,44,24,24635,22339,4396,2099,20829,25488,43678,32642,0,0,17346,3970,9243,551,1149,54,22,0,0,39,61061,1699,4788,0,0,0,0,0
639,11781,640.1546121091836,99922,46,28,55,21,15693,7818,0.23529352895258301,44,26,24632,22347,4379,2093,20843,25484,43732,32710,0,0,17255,3951,9262,549,1150,55,24,0,0,45,61144,1688,4799,0,0,0,0,0
640,11781,641.3132300833392,99922,59,38,55,21,15711,7829,0.23558375532915674,43,22,24653,22413,4359,2081,20830,25424,43785,32778,0,0,17164,3931,9281,547,1157,55,25,0,0,45,61234,1679,4804,0,0,0,0,0
641,11781,642.0850541968648,99922,60,41,55,21,15715,7834,0.2356738255839555,46,19,24626,22395,4352,2078,20860,25445,43838,32845,0,0,17065,3919,9292,546,1160,55,25,0,0,48,61330,1671,4811,0,0,0,0,0
642,11781,643.0854979913078,99922,67,47,55,21,15733,7840,0.23591401293008546,48,16,24639,22455,4344,2070,20846,25390,43890,32911,0,0,16965,3903,9306,544,1164,55,30,0,0,52,61421,1666,4816,0,0,0,0,0
643,11781,644.0156505190208,99922,72,40,55,21,15746,7843,0.23607413782750544,54,27,24676,22515,4321,2066,20821,25330,43942,32977,0,0,16866,3889,9318,543,1167,55,32,0,0,66,61504,1660,4822,0,0,0,0,0
644,11781,645.1715482241253,99922,71,38,55,21,15754,7848,0.23620423930665918,70,27,24695,22586,4309,2063,20799,25264,43993,33042,0,0,16774,3872,9332,544,1169,56,36,0,0,72,61586,1647,4834,0,0,0,0,0
645,11781,646.3264754508376,99922,76,33,55,21,15771,7852,0.23641440323452292,75,29,24712,22644,4297,2048,20784,25224,44044,33106,0,0,16691,3848,9351,544,1176,56,39,0,0,83,61655,1636,4843,0,0,0,0,0
646,11781,647.0958807473814,99922,78,36,55,21,15785,7860,0.2366345749684754,71,29,24714,22663,4294,2040,20787,25210,44094,33169,0,0,16599,3837,9357,540,1186,56,41,0,0,92,61736,1628,4850,0,0,0,0,0
647,11781,648.2496419948718,99922,92,38,55,21,15805,7867,0.23690478573287163,66,29,24750,22737,4268,2023,20768,25151,44144,33232,0,0,16516,3816,9376,541,1187,56,43,0,0,99,61810,1616,4862,0,0,0,0,0
648,11781,649.01781557143,99922,97,38,55,21,15821,7870,0.2370949340485579,58,39,24760,22760,4259,2016,20770,25125,44193,33294,0,0,16426,3798,9393,541,1189,56,45,0,0,109,61888,1611,4866,0,0,0,0,0
649,11781,650.169426782115,99922,95,44,55,21,15837,7883,0.2373851604251316,71,42,24792,22830,4254,2009,20732,25053,44242,33355,0,0,16332,3785,9404,540,1194,57,51,0,0,122,61963,1603,4871,0,0,0,0,0
650,11781,651.3192764182598,99922,100,46,55,21,15859,7892,0.23769540241388282,81,47,24829,22877,4241,2007,20693,25001,44290,33416,0,0,16239,3770,9416,539,1198,57,61,0,0,133,62035,1593,4881,0,0,0,0,0
651,11781,652.08481668347,99921,107,56,55,22,15871,7904,0.2379379709970877,83,44,24843,22903,4223,1999,20688,24975,44338,33476,0,0,16154,3754,9432,538,1199,57,63,0,0,136,62114,1583,4891,0,0,0,0,0
652,11781,653.2320102468382,99921,118,59,55,22,15900,7918,0.23836831096566288,83,38,24871,22976,4214,1999,20658,24905,44385,33535,0,0,16068,3736,9445,537,1206,57,69,0,0,153,62177,1576,4897,0,0,0,0,0
653,11781,654.3776897098744,99921,131,61,55,22,15929,7928,0.23875861930925432,87,41,24898,23029,4200,1996,20628,24850,44432,33594,0,0,15974,3723,9455,536,1212,57,74,0,0,167,62252,1573,4898,0,0,0,0,0
654,11781,655.140517638501,99921,147,62,55,22,15954,7935,0.2390788723091242,85,47,24904,23028,4187,1996,20621,24844,44478,33652,0,0,15898,3709,9469,533,1217,57,74,0,0,179,62316,1561,4908,0,0,0,0,0
655,11781,656.2844016555051,99921,158,72,55,22,15989,7954,0.23961929924640465,98,53,24912,23094,4185,1992,20591,24766,44524,33709,0,0,15813,3695,9480,532,1224,58,77,0,0,201,62376,1555,4910,0,0,0,0,0
656,11781,657.0465758412278,99921,161,66,55,22,16004,7962,0.23984948109006116,111,57,24920,23108,4175,2000,20577,24746,44570,33766,0,0,15735,3675,9499,528,1230,58,80,0,0,220,62432,1549,4915,0,0,0,0,0
657,11781,658.1890080042489,99921,169,77,55,22,16034,7981,0.24033986849611194,127,57,24942,23143,4168,1994,20538,24706,44615,33822,0,0,15656,3656,9509,528,1241,58,84,0,0,235,62492,1542,4920,0,0,0,0,0
658,11781,659.3298954933863,99921,170,82,55,22,16064,8002,0.2408502717146546,146,68,24972,23188,4160,1998,20496,24641,44660,33878,0,0,15576,3639,9522,529,1248,58,93,0,0,262,62536,1527,4931,0,0,0,0,0
659,11781,660.089671537632,99921,164,87,55,22,16081,8018,0.2411805326207704,161,72,24977,23204,4157,1999,20485,24615,44704,33933,0,0,15491,3622,9537,529,1253,58,102,0,0,282,62592,1521,4934,0,0,0,0,0
660,11781,661.2287617035255,99921,181,94,55,22,16130,8039,0.2418810860579858,171,71,24992,23257,4159,2001,20441,24554,44748,33987,0,0,15406,3605,9550,529,1259,60,109,0,0,311,62641,1518,4933,0,0,0,0,0
661,11781,662.3666479958855,99920,214,103,56,22,16190,8065,0.24274419535628503,164,78,25003,23293,4155,2006,20407,24497,44791,34041,0,0,15325,3586,9561,530,1267,60,118,0,0,336,62688,1511,4938,0,0,0,0,0
662,11781,663.124735394863,99920,227,110,56,22,16225,8082,0.24326461168935148,170,85,24990,23320,4160,2002,20396,24460,44834,34094,0,0,15240,3575,9571,530,1272,60,126,0,0,355,62746,1503,4942,0,0,0,0,0
663,11781,664.2614451659225,99920,236,115,56,22,16274,8108,0.2440152121697358,174,86,25015,23362,4175,2010,20343,24404,44877,34147,0,0,15147,3564,9578,530,1280,60,140,0,0,394,62786,1497,4944,0,0,0,0,0
664,11781,665.0188812104418,99920,258,127,56,22,16315,8130,0.24464571657325862,178,87,25002,23383,4170,2012,20335,24368,44919,34199,0,0,15071,3544,9594,530,1285,60,149,0,0,409,62838,1490,4950,0,0,0,0,0
665,11781,666.1548135240737,99920,254,133,56,22,16362,8152,0.24533626901521216,199,103,25009,23434,4194,2013,20287,24294,44961,34251,0,0,14993,3516,9611,537,1291,60,162,0,0,450,62862,1482,4956,0,0,0,0,0
666,11781,667.2900569197651,99920,273,135,56,22,16418,8177,0.24614691753402723,212,107,25031,23477,4198,2029,20229,24229,45002,34302,0,0,14909,3491,9620,548,1296,60,174,0,0,482,62902,1476,4962,0,0,0,0,0
667,11781,668.0462137847571,99920,285,149,56,22,16462,8204,0.24685748598879104,211,96,25020,23485,4213,2036,20214,24211,45043,34352,0,0,14823,3478,9625,551,1306,60,182,0,0,506,62956,1473,4960,0,0,0,0,0
668,11781,669.1805223750745,99920,296,149,56,22,16523,8227,0.24769815852682145,230,114,25021,23532,4238,2052,20158,24130,45084,34402,0,0,14743,3462,9626,552,1327,61,193,0,0,544,62987,1466,4959,0,0,0,0,0
669,11781,670.3143891553173,99919,330,164,57,22,16592,8261,0.2487314724927191,235,125,25020,23592,4244,2057,20113,24039,45124,34451,0,0,14667,3445,9634,554,1335,62,200,0,0,578,63021,1460,4963,0,0,0,0,0
670,11781,671.0698281777474,99918,348,163,58,22,16644,8276,0.24940451169959366,248,143,25002,23614,4256,2060,20087,23997,45164,34500,0,0,14598,3426,9646,554,1343,63,205,0,0,612,63050,1453,4968,0,0,0,0,0
671,11781,672.2030990522595,99918,377,172,58,22,16719,8319,0.2505854800936768,271,135,24989,23644,4275,2086,20029,23940,45203,34548,0,0,14507,3411,9650,562,1351,65,224,0,0,652,63082,1444,4970,0,0,0,0,0
672,11781,673.3362052669399,99917,396,183,59,22,16795,8357,0.25172893501606336,304,147,24966,23672,4303,2096,19971,23879,45242,34596,0,0,14416,3398,9652,565,1365,65,243,0,0,699,63106,1438,4970,0,0,0,0,0
673,11781,674.091708837467,99917,414,199,59,22,16856,8387,0.2526396909434831,304,156,24957,23690,4322,2100,19943,23832,45281,34643,0,0,14345,3375,9662,573,1376,66,252,0,0,726,63141,1429,4972,0,0,0,0,0
674,11781,675.2250339651158,99917,445,201,59,22,16953,8431,0.254050862215639,314,170,24959,23735,4348,2125,19874,23746,45319,34690,0,0,14259,3354,9671,577,1391,66,280,0,0,786,63138,1419,4976,0,0,0,0,0
675,11781,676.3577266105253,99917,455,220,59,22,17038,8478,0.25537195872574237,339,173,24960,23774,4383,2140,19803,23670,45357,34736,0,0,14181,3332,9681,583,1408,67,298,0,0,845,63138,1411,4973,0,0,0,0,0
676,11781,677.1124312076678,99917,459,229,59,22,17101,8521,0.25643283925658295,369,170,24931,23777,4409,2165,19772,23636,45395,34782,0,0,14106,3317,9685,584,1428,68,308,0,0,900,63145,1404,4972,0,0,0,0,0
677,11781,678.2452275104379,99916,500,259,60,22,17218,8581,0.25820689379078426,385,160,24897,23824,4447,2176,19710,23558,45432,34827,0,0,14023,3306,9686,587,1443,69,325,0,0,966,63143,1394,4974,0,0,0,0,0
678,11781,679.0008387885978,99915,516,264,61,22,17283,8613,0.2591803032577691,409,160,24857,23826,4470,2200,19686,23527,45469,34872,0,0,13942,3295,9689,588,1455,71,338,0,0,1010,63166,1389,4972,0,0,0,0,0
679,11781,680.1354786285815,99915,547,258,61,22,17402,8660,0.26084171545813944,434,180,24815,23877,4527,2241,19615,23421,45505,34916,0,0,13856,3273,9690,594,1479,71,365,0,0,1093,63142,1383,4969,0,0,0,0,0
680,11781,681.2710397311475,99915,566,277,61,22,17529,8715,0.26266326377420807,452,192,24807,23907,4594,2259,19519,23342,45541,34960,0,0,13774,3251,9689,601,1504,74,390,0,0,1174,63118,1375,4965,0,0,0,0,0
681,11781,682.0280585105942,99915,595,288,61,22,17617,8755,0.2639443526997948,456,203,24785,23919,4627,2277,19475,23290,45577,35003,0,0,13702,3234,9693,604,1523,75,405,0,0,1221,63127,1366,4965,0,0,0,0,0
682,11781,683.164104372417,99915,620,299,61,22,17735,8812,0.26569584146524544,482,207,24757,23950,4684,2311,19395,23210,45612,35046,0,0,13611,3218,9687,612,1545,76,435,0,0,1297,63112,1356,4966,0,0,0,0,0
683,11781,684.30042556826,99915,667,308,61,22,17881,8866,0.26769754291147474,487,222,24731,23986,4750,2343,19303,23118,45647,35088,0,0,13531,3199,9690,616,1568,78,457,0,0,1384,63080,1351,4961,0,0,0,0,0
684,11781,685.0582080664431,99915,705,332,61,22,17980,8908,0.2691087424310664,501,218,24698,23982,4777,2357,19257,23088,45682,35130,0,0,13459,3179,9694,625,1581,79,466,0,0,1430,63097,1348,4957,0,0,0,0,0
685,11781,686.1958055350951,99915,735,335,61,22,18130,8968,0.2712105289496072,545,237,24650,24026,4854,2382,19154,22997,45716,35171,0,0,13375,3159,9694,631,1605,81,500,0,0,1536,63038,1337,4959,0,0,0,0,0
686,11781,687.3343058188955,99915,790,345,61,22,18291,9041,0.27355251964169547,573,241,24602,24056,4914,2425,19059,22910,45750,35212,0,0,13288,3136,9695,642,1624,83,530,0,0,1638,62991,1330,4958,0,0,0,0,0
687,11781,688.094053815139,99913,804,352,62,23,18392,9087,0.2750292754696586,596,266,24569,24054,4967,2453,19001,22851,45784,35253,0,0,13200,3128,9697,643,1637,83,556,0,0,1721,62967,1322,4959,0,0,0,0,0
688,11781,689.2346504284336,99913,837,370,62,23,18574,9160,0.27758149590143427,616,298,24517,24058,5074,2496,18893,22754,45817,35293,0,0,13107,3110,9690,651,1668,84,590,0,0,1845,62902,1313,4953,0,0,0,0,0
689,11781,690.3763611024676,99911,879,407,63,24,18747,9262,0.28033950215691966,637,313,24481,24065,5154,2547,18785,22643,45850,35333,0,0,13004,3091,9684,658,1698,85,638,0,0,1946,62850,1305,4952,0,0,0,0,0
690,11781,691.1376490116913,99911,909,434,63,24,18879,9331,0.2823512926504589,666,312,24426,24062,5221,2581,18714,22586,45883,35372,0,0,12924,3084,9670,663,1722,88,657,0,0,2032,62821,1296,4954,0,0,0,0,0
691,11781,692.2814552357652,99910,940,455,64,24,19046,9422,0.28493644279851865,736,323,24363,24064,5302,2639,18594,22494,45916,35411,0,0,12831,3065,9668,668,1751,91,696,0,0,2153,62751,1290,4946,0,0,0,0,0
692,11781,693.0448816697622,99910,962,479,64,24,19174,9489,0.2868881993794415,775,333,24303,24074,5372,2666,18523,22423,45948,35449,0,0,12756,3050,9666,672,1772,93,719,0,0,2247,62707,1282,4946,0,0,0,0,0
693,11781,694.1918030647312,99910,1003,485,64,24,19397,9579,0.2900210189170253,784,358,24245,24101,5499,2729,18404,22302,45980,35487,0,0,12666,3028,9654,675,1826,94,757,0,0,2409,62596,1277,4928,0,0,0,0,0
694,11781,695.3406498395391,99909,1049,495,65,24,19603,9684,0.29313675444654635,832,384,24164,24098,5604,2809,18285,22189,46012,35525,0,0,12567,3009,9644,686,1859,99,804,0,0,2557,62494,1267,4923,0,0,0,0,0
695,11781,696.10792156031,99909,1111,522,65,24,19779,9754,0.29559899508552784,840,402,24093,24090,5677,2840,18213,22121,46043,35562,0,0,12485,2990,9649,696,1878,100,836,0,0,2650,62450,1258,4917,0,0,0,0,0
696,11781,697.261306460872,99909,1176,559,65,24,20042,9859,0.2992823469357115,845,432,24007,24078,5823,2883,18083,22023,46074,35599,0,0,12378,2975,9635,709,1916,102,887,0,0,2804,62347,1248,4908,0,0,0,0,0
697,11781,698.0318495487924,99909,1219,558,65,24,20231,9930,0.30188471509073256,855,459,23925,24083,5934,2940,18001,21935,46105,35635,0,0,12291,2953,9631,719,1954,103,924,0,0,2929,62268,1241,4896,0,0,0,0,0
698,11781,699.1908245554314,99909,1273,633,65,24,20480,10081,0.3058883584061496,902,456,23836,24065,6060,2996,17863,21825,46136,35671,0,0,12188,2934,9614,730,1998,105,971,0,0,3086,62161,1236,4886,0,0,0,0,0
699,11781,700.3519794022367,99909,1354,651,65,24,20748,10218,0.30994204726300933,928,472,23769,24034,6171,3099,17712,21719,46166,35707,0,0,12095,2916,9602,738,2048,107,1012,0,0,3279,62011,1231,4870,0,0,0,0,0
700,11781,701.1269643659596,99909,1377,651,65,24,20916,10313,0.31257444274289603,1007,497,23651,24005,6273,3182,17626,21640,46196,35742,0,0,12016,2900,9590,746,2084,108,1039,0,0,3441,61898,1224,4863,0,0,0,0,0
701,11781,702.2941897220328,99909,1454,670,65,24,21226,10451,0.3170585232561631,1030,491,23522,24005,6451,3281,17477,21528,46226,35777,0,0,11911,2874,9576,764,2141,109,1096,0,0,3650,61729,1214,4845,0,0,0,0,0
702,11781,703.074967837388,99909,1475,691,65,24,21419,10557,0.32005124663443735,1058,497,23445,23971,6577,3348,17379,21468,46255,35812,0,0,11830,2853,9566,773,2171,112,1128,0,0,3825,61600,1209,4842,0,0,0,0,0
703,11781,704.2500700469706,99909,1542,711,65,24,21727,10706,0.3246254091223013,1084,514,23326,23951,6762,3455,17220,21344,46284,35846,0,0,11727,2822,9543,802,2220,119,1180,0,0,4036,61426,1198,4836,0,0,0,0,0
704,11781,705.035976968809,99909,1621,706,65,24,21976,10792,0.32797846039896306,1065,547,23229,23928,6881,3527,17138,21267,46313,35880,0,0,11644,2807,9521,812,2270,120,1213,0,0,4196,61312,1188,4826,0,0,0,0,0
705,11781,706.2192627092423,99908,1681,773,66,24,22309,10985,0.3332465868599111,1110,566,23114,23885,7061,3627,16967,21124,46342,35913,0,0,11518,2786,9488,838,2322,128,1284,0,0,4418,61136,1173,4817,0,0,0,0,0
706,11781,707.0104161969462,99908,1696,792,66,24,22523,11096,0.33649957961324417,1129,585,23027,23892,7208,3693,16873,21013,46370,35946,0,0,11435,2766,9476,848,2367,130,1325,0,0,4600,60990,1161,4810,0,0,0,0,0
707,11781,708.2012056272556,99908,1757,841,66,24,22867,11281,0.34179445089482324,1189,609,22854,23847,7415,3804,16718,20874,46398,35979,0,0,11320,2744,9445,863,2438,135,1389,0,0,4846,60786,1154,4788,0,0,0,0,0
708,11781,709.398814550881,99906,1813,887,68,24,23243,11478,0.3475366844834144,1263,621,22684,23803,7648,3928,16523,20736,46426,36011,0,0,11200,2720,9405,893,2516,142,1453,0,0,5106,60560,1141,4770,0,0,0,0,0
709,11781,710.2008255061934,99905,1833,901,69,24,23510,11598,0.35141384315099344,1283,647,22555,23769,7847,4007,16412,20651,46454,36043,0,0,11108,2701,9383,910,2581,149,1494,0,0,5300,60398,1131,4750,0,0,0,0,0
710,11781,711.0068287299482,99903,1882,943,69,26,23787,11755,0.3557650921393752,1295,626,22415,23745,8007,4093,16331,20566,46481,36075,0,0,10996,2671,9363,936,2633,154,1558,0,0,5473,60257,1121,4741,0,0,0,0,0
711,11781,712.223342432726,99902,1932,968,69,27,24165,11951,0.36151428399831836,1379,663,22233,23697,8234,4234,16152,20410,46508,36106,0,0,10901,2645,9335,955,2712,166,1611,0,0,5774,59979,1109,4715,0,0,0,0,0
712,11781,713.039035364703,99902,2012,979,69,27,24442,12086,0.36563832555904785,1403,689,22113,23674,8356,4321,16046,20309,46535,36137,0,0,10819,2625,9315,963,2765,170,1650,0,0,5970,59816,1100,4709,0,0,0,0,0
713,11781,714.267964312482,99902,2090,1031,69,27,24882,12315,0.3723348881904266,1406,701,21939,23633,8618,4448,15877,20159,46562,36168,0,0,10699,2593,9273,997,2853,176,1723,0,0,6275,59532,1087,4694,0,0,0,0,0
714,11781,715.091800557864,99902,2157,1062,69,27,25175,12466,0.3767792436587856,1464,726,21789,23592,8774,4541,15746,20051,46588,36198,0,0,10612,2576,9248,1009,2920,183,1764,0,0,6464,59370,1078,4678,0,0,0,0,0
715,11781,716.3347701176597,99902,2230,1077,69,27,25642,12675,0.3835458749574583,1505,778,21618,23550,9040,4684,15537,19883,46614,36228,0,0,10499,2542,9202,1047,3010,198,1829,0,0,6806,59055,1064,4650,0,0,0,0,0
716,11781,717.1677487968799,99900,2302,1135,71,27,25981,12859,0.3887887887887888,1530,801,21474,23501,9220,4773,15402,19762,46640,36258,0,0,10391,2526,9177,1071,3071,206,1884,0,0,7015,58876,1050,4633,0,0,0,0,0
717,11781,718.0048245259924,99897,2355,1136,74,27,26291,13015,0.3934652692273041,1575,841,21328,23435,9385,4895,15282,19665,46666,36287,0,0,10306,2512,9147,1080,3139,215,1917,0,0,7266,58652,1045,4618,0,0,0,0,0
718,11781,719.2688757405282,99897,2453,1225,74,27,26813,13325,0.401793847663093,1591,826,21138,23372,9681,5069,15062,19480,46691,36316,0,0,10180,2484,9097,1103,3271,222,1998,0,0,7613,58307,1036,4586,0,0,0,0,0
719,11781,720.1165450937581,99897,2488,1244,74,27,27141,13500,0.4068290339049221,1627,852,21011,23307,9877,5193,14922,19376,46716,36345,0,0,10080,2456,9056,1124,3357,229,2056,0,0,7854,58083,1027,4575,0,0,0,0,0
720,11781,721.3954912206005,99897,2593,1317,74,27,27705,13777,0.4152477051362904,1671,893,20794,23226,10171,5355,14696,19181,46741,36374,0,0,9961,2429,9015,1151,3448,245,2128,0,0,8256,57695,1014,4555,0,0,0,0,0
721,11781,722.2539467702547,99897,2653,1354,74,27,28071,13973,0.42087349970469584,1705,918,20624,23155,10388,5477,14555,19068,46766,36402,0,0,9853,2406,8986,1175,3522,259,2181,0,0,8501,57470,1010,4534,0,0,0,0,0
722,11781,723.1179404070629,99895,2697,1409,76,27,28449,14183,0.42676810651183744,1721,914,20453,23096,10626,5596,14426,18957,46791,36430,0,0,9744,2381,8951,1196,3612,273,2243,0,0,8754,57235,1004,4502,0,0,0,0,0
723,11781,724.4248772571044,99895,2763,1454,76,27,29000,14499,0.4354472195805596,1798,956,20244,23000,10933,5804,14185,18758,46815,36458,0,0,9623,2347,8897,1240,3750,282,2311,0,0,9176,56806,989,4474,0,0,0,0,0
724,11781,725.3020037189506,99895,2755,1483,76,27,29365,14718,0.44129335802592723,1889,956,20059,22956,11187,5962,14033,18615,46839,36485,0,0,9505,2324,8864,1265,3842,295,2373,0,0,9486,56511,985,4445,0,0,0,0,0
725,11781,726.1857340585531,99895,2809,1486,76,27,29780,14916,0.4474298012913559,1912,984,19889,22912,11424,6124,13889,18466,46863,36512,0,0,9390,2304,8810,1293,3960,306,2435,0,0,9762,56246,971,4418,0,0,0,0,0
726,11781,727.0763332535217,99894,2843,1533,77,27,30189,15144,0.4538110397020842,1933,989,19726,22866,11673,6255,13747,18329,46887,36539,0,0,9289,2275,8757,1323,4082,317,2490,0,0,10036,55974,958,4393,0,0,0,0,0
727,11781,728.4243352840281,99893,2959,1555,78,27,30842,15465,0.4635660156367313,1969,1035,19474,22767,12006,6488,13513,18127,46911,36566,0,0,9153,2228,8687,1379,4250,329,2575,0,0,10466,55535,936,4355,0,0,0,0,0
728,11781,729.330546731585,99891,3010,1599,80,27,31261,15701,0.47013244436435714,2004,1016,19295,22698,12248,6638,13362,18021,46934,36592,0,0,9056,2194,8652,1410,4348,342,2628,0,0,10767,55235,927,4332,0,0,0,0,0
729,11781,730.2445027280818,99890,3118,1614,81,27,31743,15934,0.4772950245269797,1985,1025,19117,22624,12484,6801,13214,17908,46957,36618,0,0,8924,2162,8606,1434,4456,352,2719,0,0,11079,54935,921,4302,0,0,0,0,0
730,11781,731.1655195360394,99890,3141,1601,81,27,32196,16158,0.48407247972770046,1996,1060,18931,22540,12773,6990,13077,17781,46980,36644,0,0,8817,2141,8553,1460,4583,371,2775,0,0,11429,54580,904,4277,0,0,0,0,0
731,11781,732.0945861446365,99890,3196,1630,81,27,32683,16406,0.49143057363099407,1995,1084,18753,22476,13064,7146,12910,17636,47003,36670,0,0,8719,2111,8502,1485,4719,386,2825,0,0,11766,54231,895,4251,0,0,0,0,0
732,11781,733.0321104530823,99890,3255,1657,81,27,33160,16644,0.49858844729202123,2031,1126,18572,22397,13312,7304,12748,17488,47026,36695,0,0,8623,2081,8453,1513,4851,397,2880,0,0,12094,53889,882,4227,0,0,0,0,0
733,11781,734.452570166503,99890,3303,1691,81,27,33855,17040,0.5095104615076584,2126,1121,18277,22276,13726,7599,12486,17285,47048,36720,0,0,8464,2035,8368,1571,5035,428,2983,0,0,12591,53356,867,4192,0,0,0,0,0
734,11781,735.4105116680391,99889,3355,1703,82,27,34371,17294,0.5172241187718367,2131,1155,18100,22179,14005,7789,12326,17146,47070,36745,0,0,8336,2012,8326,1606,5153,457,3058,0,0,12933,52999,852,4157,0,0,0,0,0
735,11781,736.3771725184869,99888,3452,1768,83,27,34910,17580,0.5254885471728336,2116,1184,17911,22076,14266,7947,12171,16997,47092,36769,0,0,8218,1975,8285,1655,5279,473,3125,0,0,13248,52667,839,4124,0,0,0,0,0
736,11781,737.351897463315,99886,3480,1804,84,28,35413,17856,0.5332979596740284,2159,1241,17750,21971,14554,8115,11972,16840,47114,36793,0,0,8095,1946,8225,1690,5437,493,3196,0,0,13565,52320,829,4090,0,0,0,0,0
737,11781,738.3350909032316,99886,3521,1845,84,28,35961,18159,0.5418176721462468,2179,1232,17563,21881,14876,8306,11776,16707,47136,36817,0,0,7956,1912,8174,1735,5587,508,3280,0,0,13930,51929,816,4059,0,0,0,0,0
738,11781,739.3264258022692,99885,3576,1912,84,29,36518,18477,0.5505831706462432,2192,1180,17379,21798,15164,8500,11604,16580,47157,36841,0,0,7850,1885,8116,1763,5760,525,3340,0,0,14284,51531,802,4029,0,0,0,0,0
739,11781,740.3277612884766,99884,3634,1922,85,29,37081,18752,0.5589784149613551,2189,1198,17176,21727,15482,8685,11433,16438,47178,36865,0,0,7731,1851,8059,1810,5902,554,3409,0,0,14646,51133,790,3999,0,0,0,0,0
740,11781,741.3394828477833,99882,3642,1966,86,30,37632,19065,0.5676398149816784,2206,1184,16966,21640,15842,8881,11257,16298,47199,36888,0,0,7616,1828,7993,1842,6077,581,3474,0,0,15025,50714,771,3961,0,0,0,0,0
741,11781,742.3626952658673,99880,3614,2002,88,30,38171,19366,0.5760612735282339,2210,1210,16810,21571,16192,9057,11085,16129,47220,36911,0,0,7499,1794,7928,1894,6267,609,3529,0,0,15369,50308,761,3922,0,0,0,0,0
742,11781,743.396401831411,99879,3633,2027,89,30,38753,19680,0.5850378958539834,2230,1225,16639,21471,16528,9267,10880,15979,47241,36934,0,0,7350,1772,7873,1934,6435,633,3617,0,0,15751,49872,748,3894,0,0,0,0,0
743,11781,744.4399037504177,99878,3685,2055,90,30,39358,19999,0.5942950399487374,2180,1259,16489,21366,16824,9475,10731,15814,47261,36957,0,0,7235,1739,7813,1972,6606,658,3682,0,0,16164,49421,732,3856,0,0,0,0,0
744,11781,745.4784107356968,99878,3685,2025,90,30,39923,20293,0.6028955325497106,2206,1269,16288,21287,17161,9727,10569,15661,47281,36979,0,0,7115,1709,7755,2004,6813,693,3747,0,0,16520,48981,724,3817,0,0,0,0,0
745,11781,746.4969903986599,99877,3735,2033,90,31,40494,20607,0.6117624678354376,2208,1302,16097,21190,17470,9928,10399,15515,47301,37001,0,0,7013,1674,7700,2039,7002,716,3801,0,0,16895,48544,714,3779,0,0,0,0,0
746,11781,747.4965978225549,99873,3791,2098,92,33,41048,20959,0.6208584902826589,2181,1265,15945,21135,17734,10118,10256,15350,47321,37023,0,0,6900,1653,7651,2068,7160,749,3858,0,0,17233,48141,708,3752,0,0,0,0,0
747,11781,748.4796744849506,99873,3767,2110,92,33,41591,21259,0.6292992099966958,2184,1286,15784,21058,18058,10311,10114,15201,47341,37045,0,0,6793,1627,7599,2114,7325,786,3899,0,0,17613,47698,696,3723,0,0,0,0,0
748,11781,749.4452836077585,99873,3791,2161,92,33,42104,21593,0.6377799805753307,2184,1288,15632,20940,18325,10525,9975,15052,47361,37066,0,0,6691,1593,7535,2159,7480,818,3948,0,0,17964,47302,691,3692,0,0,0,0,0
749,11781,750.3957440509957,99873,3777,2177,92,33,42568,21910,0.6455999118880978,2226,1293,15468,20843,18594,10729,9842,14924,47380,37087,0,0,6601,1564,7495,2187,7647,851,3991,0,0,18297,46896,679,3665,0,0,0,0,0
750,11781,751.3322656702006,99872,3787,2194,93,33,43062,22205,0.6535064883050304,2288,1338,15306,20744,18849,10901,9676,14789,47399,37108,0,0,6502,1543,7440,2209,7803,887,4039,0,0,18646,46505,669,3629,0,0,0,0,0
751,11781,752.2553702267415,99870,3825,2215,95,33,43573,22503,0.6616201061379794,2328,1335,15157,20661,19099,11089,9495,14666,47418,37129,0,0,6387,1522,7385,2239,7967,912,4102,0,0,18967,46129,657,3603,0,0,0,0,0
752,11781,753.1648463864356,99870,3818,2223,95,33,44084,22784,0.6695504155402022,2308,1343,15019,20580,19388,11284,9371,14536,47437,37150,0,0,6282,1494,7317,2273,8160,941,4152,0,0,19295,45744,650,3562,0,0,0,0,0
753,11781,754.0610138233604,99870,3773,2226,95,33,44553,23064,0.6770501652147792,2338,1372,14855,20471,19699,11475,9239,14422,47456,37170,0,0,6175,1463,7261,2315,8326,973,4202,0,0,19633,45349,640,3533,0,0,0,0,0
754,11781,755.3800155567641,99866,3861,2239,98,34,45350,23487,0.6892936534956842,2255,1373,14684,20384,20044,11741,9057,14228,47475,37190,0,0,6041,1429,7184,2347,8581,1018,4280,0,0,20093,44781,628,3484,0,0,0,0,0
755,11781,756.245934295475,99866,3847,2254,98,34,45836,23790,0.6971942402819779,2223,1356,14559,20292,20332,11954,8940,14109,47494,37210,0,0,5934,1411,7131,2369,8738,1057,4338,0,0,20438,44373,619,3458,0,0,0,0,0
756,11781,757.100591216829,99865,3790,2234,99,34,46279,24053,0.7042707655334702,2235,1376,14452,20210,20585,12139,8838,14006,47512,37230,0,0,5836,1389,7075,2388,8910,1098,4396,0,0,20767,43980,609,3417,0,0,0,0,0
757,11781,758.3632700723334,99863,3775,2262,100,35,46942,24469,0.715089672851807,2273,1351,14272,20130,20914,12400,8665,13821,47530,37250,0,0,5723,1363,6996,2427,9152,1151,4454,0,0,21180,43436,593,3388,0,0,0,0,0
758,11781,759.1934918320524,99862,3790,2245,101,35,47434,24736,0.7226973223047806,2219,1352,14157,20042,21163,12600,8569,13725,47548,37269,0,0,5633,1340,6936,2460,9324,1199,4486,0,0,21451,43089,583,3361,0,0,0,0,0
759,11781,760.0148386668742,99861,3766,2279,101,36,47889,25002,0.7299245951873103,2208,1345,14045,19992,21407,12738,8472,13609,47566,37288,0,0,5560,1324,6873,2471,9506,1241,4506,0,0,21706,42757,577,3340,0,0,0,0,0
760,11781,761.2291384978807,99854,3730,2303,105,39,48563,25422,0.7409317603701404,2152,1334,13884,19904,21789,12978,8339,13441,47584,37307,0,0,5438,1299,6793,2509,9779,1293,4563,0,0,22095,42223,568,3294,0,0,0,0,0
761,11781,762.0278048467277,99854,3755,2282,105,39,49008,25656,0.7477316882648667,2167,1340,13769,19852,21977,13151,8226,13335,47602,37326,0,0,5364,1275,6748,2531,9944,1334,4591,0,0,22318,41917,561,3271,0,0,0,0,0
762,11781,763.2116271897927,99854,3773,2311,105,39,49662,26041,0.7581368798445731,2108,1328,13662,19762,22272,13384,8079,13175,47619,37345,0,0,5265,1251,6677,2562,10174,1395,4629,0,0,22681,41437,551,3232,0,0,0,0,0
763,11781,764.3807103142475,99853,3764,2364,105,40,50293,26463,0.7686899742621653,2085,1272,13526,19643,22593,13624,7926,13056,47636,37364,0,0,5159,1224,6617,2601,10397,1459,4671,0,0,23037,40955,540,3193,0,0,0,0,0
764,11781,765.1509429070339,99851,3741,2353,105,42,50687,26707,0.7750948913881683,2085,1265,13426,19590,22802,13779,7840,12970,47653,37382,0,0,5094,1212,6574,2629,10558,1502,4682,0,0,23265,40640,530,3165,0,0,0,0,0
765,11781,766.2930825633952,99850,3769,2371,106,42,51282,27067,0.7846670005007511,2070,1278,13284,19495,23059,13982,7711,12831,47670,37400,0,0,4996,1193,6516,2656,10776,1560,4726,0,0,23567,40221,515,3124,0,0,0,0,0
766,11781,767.0470627720099,99850,3717,2367,106,42,51671,27303,0.7909263895843766,2065,1283,13222,19444,23273,14133,7616,12730,47687,37418,0,0,4928,1175,6467,2674,10960,1611,4744,0,0,23747,39937,508,3099,0,0,0,0,0
767,11781,768.166861825427,99849,3691,2321,107,42,52255,27649,0.80024837504632,2035,1273,13109,19367,23554,14401,7503,12595,47704,37436,0,0,4814,1154,6406,2705,11210,1675,4798,0,0,24039,39488,496,3064,0,0,0,0,0
768,11781,769.274502553239,99848,3692,2299,107,43,52812,28020,0.8095505167855139,2028,1218,12992,19292,23806,14655,7374,12492,47721,37454,0,0,4726,1138,6340,2730,11428,1751,4825,0,0,24350,39052,486,3022,0,0,0,0,0
769,11781,770.0065422470784,99847,3625,2245,107,44,53159,28224,0.8150770679139083,2042,1247,12908,19217,24002,14828,7315,12418,47738,37471,0,0,4655,1123,6289,2751,11597,1804,4852,0,0,24531,38763,477,3005,0,0,0,0,0
770,11781,771.0953981019817,99846,3621,2248,108,44,53685,28564,0.8237585882258678,2062,1220,12806,19142,24186,15055,7216,12290,47754,37488,0,0,4560,1100,6233,2788,11788,1871,4890,0,0,24794,38378,467,2977,0,0,0,0,0
771,11781,772.1749150508572,99844,3619,2253,110,44,54246,28914,0.8328993229437923,1993,1198,12724,19054,24430,15289,7123,12161,47770,37505,0,0,4473,1083,6181,2811,12021,1933,4924,0,0,25047,37961,461,2949,0,0,0,0,0
772,11781,773.2450200268474,99841,3636,2248,111,46,54803,29243,0.8417984595506856,1964,1170,12643,18981,24630,15499,7015,12055,47786,37522,0,0,4382,1064,6117,2839,12242,1994,4957,0,0,25298,37577,454,2917,0,0,0,0,0
773,11781,774.3063286585826,99841,3568,2267,111,46,55305,29590,0.850301980148436,1950,1138,12564,18907,24903,15697,6903,11944,47802,37539,0,0,4279,1047,6062,2883,12420,2071,4981,0,0,25578,37194,445,2881,0,0,0,0,0
774,11781,775.0080671692543,99841,3532,2238,111,46,55633,29773,0.8554201179876003,1959,1160,12501,18866,25060,15811,6836,11878,47818,37556,0,0,4217,1034,6031,2901,12546,2119,4992,0,0,25751,36946,437,2867,0,0,0,0,0
775,11781,776.0529679616013,99841,3523,2273,111,46,56139,30098,0.863743351929568,1951,1108,12403,18838,25262,15963,6749,11771,47834,37573,0,0,4146,1018,5987,2922,12755,2197,5001,0,0,25917,36636,428,2834,0,0,0,0,0
776,11781,777.0900120746197,99840,3499,2228,112,46,56665,30385,0.871895032051282,1928,1129,12311,18759,25490,16156,6659,11681,47850,37589,0,0,4072,1002,5907,2953,12985,2274,5015,0,0,26140,36271,419,2802,0,0,0,0,0
777,11781,778.1184988241722,99840,3462,2207,112,46,57116,30686,0.8794270833333333,1953,1116,12243,18734,25665,16314,6564,11582,47865,37605,0,0,4007,994,5854,2963,13211,2345,5028,0,0,26319,35931,414,2774,0,0,0,0,0
778,11781,779.140084976807,99840,3435,2136,112,46,57601,30954,0.8869691506410257,1916,1089,12191,18716,25874,16509,6471,11503,47880,37621,0,0,3926,982,5809,2979,13422,2421,5061,0,0,26522,35568,407,2743,0,0,0,0,0
779,11781,780.1552615926018,99840,3465,2148,112,46,58124,31235,0.8950220352564102,1837,1101,12131,18688,26071,16625,6383,11391,47895,37637,0,0,3853,966,5761,3000,13605,2487,5082,0,0,26725,35245,401,2715,0,0,0,0,0
780,11781,781.1635100861192,99839,3461,2089,112,47,58615,31508,0.9026833201454342,1785,1106,12077,18657,26264,16803,6300,11297,47910,37653,0,0,3781,954,5700,3021,13829,2555,5092,0,0,26926,34904,394,2683,0,0,0,0,0
781,11781,782.16540233559,99839,3416,2110,112,47,59070,31808,0.9102454952473482,1764,1073,12012,18623,26458,16955,6237,11191,47925,37669,0,0,3719,943,5653,3047,14010,2633,5093,0,0,27116,34578,388,2659,0,0,0,0,0
782,11781,783.160604113027,99839,3335,2090,112,47,59492,32076,0.9171566221616803,1745,1051,11988,18590,26654,17119,6165,11102,47940,37684,0,0,3666,926,5617,3069,14205,2710,5089,0,0,27289,34244,383,2641,0,0,0,0,0
783,11781,784.149920566631,99838,3292,2078,112,48,59942,32329,0.9242072156894169,1709,1047,11942,18549,26849,17250,6095,11027,47955,37699,0,0,3602,915,5572,3108,14395,2774,5087,0,0,27464,33931,376,2614,0,0,0,0,0
784,11781,785.1330090302076,99837,3211,2069,112,49,60344,32591,0.9308673137213658,1704,1040,11905,18499,27044,17398,6023,10944,47970,37714,0,0,3546,893,5539,3126,14606,2850,5095,0,0,27579,33655,367,2581,0,0,0,0,0
785,11781,786.1105719543276,99837,3196,2026,112,49,60762,32842,0.9375682362250468,1675,1024,11862,18472,27183,17575,5971,10853,47985,37729,0,0,3488,882,5486,3150,14829,2908,5098,0,0,27701,33374,363,2558,0,0,0,0,0
786,11781,787.0835458938304,99836,3149,2038,113,49,61151,33097,0.9440282062582636,1684,991,11831,18433,27341,17710,5881,10778,47999,37744,0,0,3430,869,5447,3163,15005,2972,5103,0,0,27842,33103,362,2540,0,0,0,0,0
787,11781,788.0518420910556,99836,3094,2027,113,49,61537,33335,0.9502784566689371,1671,950,11807,18423,27503,17849,5811,10701,48013,37759,0,0,3370,856,5407,3185,15191,3036,5109,0,0,27975,32833,358,2516,0,0,0,0,0
788,11781,789.0154168241343,99835,3060,1998,113,50,61924,33559,0.9564080733209797,1646,954,11785,18412,27634,17971,5761,10614,48027,37774,0,0,3319,844,5373,3190,15367,3100,5112,0,0,28137,32557,349,2487,0,0,0,0,0
789,11781,790.2942160765868,99833,3052,1890,115,50,62451,33838,0.9645007161960474,1588,957,11760,18392,27818,18200,5666,10510,48041,37788,0,0,3264,828,5320,3200,15639,3186,5106,0,0,28292,32198,346,2454,0,0,0,0,0
790,11781,791.2491872715066,99831,3033,1839,116,51,62823,34053,0.9703999759593713,1571,937,11740,18391,27927,18340,5612,10441,48055,37802,0,0,3221,817,5278,3212,15810,3256,5098,0,0,28426,31939,341,2433,0,0,0,0,0
791,11781,792.200894612223,99830,3000,1837,116,52,63228,34264,0.9765801863167385,1535,926,11691,18372,28108,18435,5549,10377,48069,37816,0,0,3165,801,5239,3240,15959,3332,5096,0,0,28551,31703,335,2409,0,0,0,0,0
792,11781,793.147501381405,99830,2991,1804,116,52,63625,34466,0.9825803866573174,1468,915,11686,18363,28245,18560,5493,10305,48083,37830,0,0,3132,784,5200,3270,16121,3403,5073,0,0,28675,31454,331,2387,0,0,0,0,0
793,11781,794.090571013863,99830,2920,1803,116,52,63956,34684,0.9880797355504357,1451,884,11676,18372,28394,18646,5442,10242,48097,37844,0,0,3092,775,5163,3281,16303,3468,5063,0,0,28765,31227,326,2367,0,0,0,0,0
794,11781,795.0301522818658,99829,2902,1781,116,53,64322,34897,0.9938895511324365,1407,880,11672,18324,28510,18769,5392,10192,48111,37858,0,0,3038,767,5136,3302,16434,3553,5065,0,0,28854,31006,322,2352,0,0,0,0,0
795,11781,796.2782143042482,99826,2807,1751,118,54,64759,35152,1.0008514815779457,1376,896,11669,18289,28686,18922,5343,10087,48124,37872,0,0,2982,756,5086,3331,16645,3638,5063,0,0,29000,30689,317,2319,0,0,0,0,0
796,11781,797.210529913559,99825,2752,1727,119,54,65089,35364,1.0062910092662158,1360,881,11654,18304,28820,19019,5294,10014,48137,37886,0,0,2942,746,5051,3353,16794,3710,5049,0,0,29111,30456,309,2304,0,0,0,0,0
797,11781,798.1393940546733,99824,2696,1744,119,55,65374,35601,1.0115302933162367,1378,840,11656,18300,28898,19109,5252,9951,48150,37899,0,0,2912,737,5011,3363,16928,3791,5032,0,0,29205,30261,306,2278,0,0,0,0,0
798,11781,799.0661400144865,99824,2627,1730,119,55,65670,35823,1.0167194261900945,1379,806,11644,18306,29026,19211,5204,9891,48163,37912,0,0,2871,729,4980,3377,17078,3872,5032,0,0,29280,30047,299,2259,0,0,0,0,0
799,11781,800.2971706826055,99824,2556,1630,119,55,66087,36031,1.0229804455842282,1313,829,11657,18303,29219,19363,5135,9819,48176,37925,0,0,2829,719,4931,3379,17323,3957,5027,0,0,29366,29760,295,2238,0,0,0,0,0
800,11781,801.2171460789366,99823,2499,1639,120,55,66381,36225,1.0278793464432046,1289,807,11697,18300,29298,19433,5096,9765,48189,37938,0,0,2785,711,4906,3394,17465,4019,5020,0,0,29437,29573,292,2221,0,0,0,0,0
801,11781,802.1356415993462,99823,2510,1595,120,55,66706,36396,1.0328481412099415,1227,810,11727,18319,29363,19522,5052,9698,48202,37951,0,0,2746,704,4880,3398,17595,4091,5014,0,0,29502,29397,289,2207,0,0,0,0,0
802,11781,803.0525624671376,99822,2400,1596,120,56,66974,36594,1.0375267976999059,1225,799,11728,18302,29508,19599,5018,9647,48215,37964,0,0,2715,695,4858,3412,17747,4165,4994,0,0,29555,29201,288,2192,0,0,0,0,0
803,11781,804.271085695491,99822,2374,1610,120,56,67353,36866,1.04404840616297,1175,750,11757,18304,29607,19699,4966,9580,48228,37977,0,0,2675,683,4821,3432,17912,4251,4980,0,0,29648,28966,286,2168,0,0,0,0,0
804,11781,805.183112424646,99821,2350,1578,120,57,67626,37044,1.0485769527454143,1162,714,11754,18324,29683,19802,4930,9524,48241,37990,0,0,2637,677,4789,3446,18041,4309,4968,0,0,29736,28784,283,2151,0,0,0,0,0
805,11781,806.0936841723612,99821,2283,1516,120,57,67864,37196,1.0524839462638123,1192,730,11766,18317,29746,19916,4892,9463,48253,38003,0,0,2614,668,4763,3451,18162,4378,4952,0,0,29833,28579,280,2141,0,0,0,0,0
806,11781,807.0028830829921,99820,2204,1473,121,57,68098,37366,1.0565417751953516,1184,702,11780,18344,29853,20006,4857,9417,48265,38015,0,0,2578,661,4737,3453,18281,4452,4955,0,0,29915,28383,277,2128,0,0,0,0,0
807,11781,808.2120457043033,99819,2163,1401,121,58,68456,37554,1.062022260291127,1141,724,11792,18351,29976,20118,4806,9347,48277,38027,0,0,2539,647,4697,3462,18462,4536,4948,0,0,29981,28167,275,2105,0,0,0,0,0
808,11781,809.1168117070605,99819,2145,1408,121,58,68717,37719,1.0662899848726195,1119,702,11829,18356,30019,20169,4766,9306,48289,38039,0,0,2508,641,4675,3462,18567,4597,4948,0,0,30037,28015,270,2099,0,0,0,0,0
809,11781,810.0207427083872,99818,2162,1352,121,59,69004,37870,1.0706886533490954,1067,689,11842,18394,30067,20248,4740,9257,48301,38051,0,0,2483,636,4642,3473,18684,4660,4928,0,0,30107,27848,268,2089,0,0,0,0,0
810,11781,811.2250569962633,99818,2140,1319,121,59,69335,38074,1.076048408102747,1016,668,11879,18423,30144,20344,4699,9186,48313,38063,0,0,2444,627,4611,3490,18859,4730,4912,0,0,30145,27665,263,2072,0,0,0,0,0
811,11781,812.1273930708347,99818,2122,1335,121,59,69577,38243,1.0801659019415335,994,635,11920,18456,30178,20373,4664,9141,48325,38075,0,0,2419,619,4591,3507,18955,4789,4897,0,0,30195,27528,258,2060,0,0,0,0,0
812,11781,813.0289224396598,99817,2057,1306,122,59,69807,38380,1.0838534518168248,948,633,11949,18469,30283,20441,4640,9091,48337,38087,0,0,2392,610,4567,3524,19053,4862,4878,0,0,30246,27380,256,2049,0,0,0,0,0
813,11781,814.2285483339269,99817,2008,1277,122,59,70126,38578,1.0890329302623802,908,615,11960,18491,30398,20523,4603,9034,48349,38099,0,0,2364,603,4534,3524,19228,4940,4860,0,0,30289,27185,256,2034,0,0,0,0,0
814,11781,815.1262652404466,99817,1948,1259,122,59,70327,38706,1.0923289620004608,912,591,11985,18518,30455,20583,4577,8989,48361,38111,0,0,2343,598,4511,3527,19338,5000,4847,0,0,30308,27064,251,2030,0,0,0,0,0
815,11781,816.0231511717602,99817,1902,1218,122,59,70528,38833,1.095614975404991,931,580,12005,18555,30488,20641,4551,8946,48373,38122,0,0,2313,592,4486,3524,19447,5058,4847,0,0,30353,26927,249,2021,0,0,0,0,0
816,11781,817.2185657476455,99817,1833,1183,122,59,70801,39006,1.1000831521684682,933,568,12050,18593,30549,20705,4512,8891,48384,38133,0,0,2290,583,4447,3530,19605,5133,4827,0,0,30396,26751,247,2008,0,0,0,0,0
817,11781,818.114334309174,99817,1825,1148,122,59,71003,39120,1.1032489455703938,911,563,12096,18638,30563,20746,4482,8845,48395,38144,0,0,2274,576,4421,3527,19714,5181,4822,0,0,30423,26633,244,2002,0,0,0,0,0
818,11781,819.0099956885306,99817,1815,1149,122,59,71217,39263,1.1068254906478856,893,541,12127,18653,30591,20791,4451,8806,48406,38155,0,0,2256,574,4403,3522,19807,5248,4820,0,0,30426,26524,239,1998,0,0,0,0,0
819,11781,820.2035310720752,99817,1775,1109,122,59,71482,39417,1.111023172405502,862,535,12188,18689,30650,20855,4402,8752,48417,38166,0,0,2230,572,4375,3530,19937,5323,4806,0,0,30456,26366,234,1988,0,0,0,0,0
820,11781,821.0982135169792,99816,1728,1105,123,59,71660,39550,1.114150036066362,866,495,12225,18720,30674,20890,4383,8730,48428,38177,0,0,2211,564,4349,3544,20052,5363,4785,0,0,30481,26250,233,1984,0,0,0,0,0
821,11781,822.2910825918689,99815,1698,1056,124,59,71926,39692,1.1182487602063818,854,498,12264,18776,30721,20938,4338,8672,48439,38188,0,0,2183,554,4318,3554,20167,5437,4772,0,0,30518,26107,232,1973,0,0,0,0,0
822,11781,823.185220927871,99815,1660,1053,124,59,72095,39822,1.1212443019586233,856,475,12313,18790,30721,20970,4325,8652,48450,38199,0,0,2161,547,4303,3552,20242,5501,4767,0,0,30536,26011,229,1966,0,0,0,0,0
823,11781,824.0797814683476,99815,1644,1026,124,59,72281,39913,1.1240194359565197,853,490,12358,18835,30715,20969,4305,8620,48461,38210,0,0,2140,542,4290,3543,20328,5540,4759,0,0,30589,25897,229,1958,0,0,0,0,0
824,11781,825.2734653815063,99815,1586,985,124,59,72520,40035,1.127636126834644,834,494,12434,18883,30744,21009,4277,8569,48472,38221,0,0,2118,534,4267,3555,20428,5619,4742,0,0,30628,25756,227,1941,0,0,0,0,0
825,11781,826.1687105856514,99814,1580,981,124,60,72708,40136,1.1305428096259043,808,499,12489,18922,30740,20996,4258,8541,48483,38231,0,0,2097,529,4254,3569,20500,5660,4723,0,0,30656,25663,227,1936,0,0,0,0,0
826,11781,827.0643219246886,99813,1549,971,125,60,72875,40250,1.1333694007794577,822,477,12533,18967,30740,21019,4230,8505,48494,38241,0,0,2078,522,4246,3570,20560,5715,4713,0,0,30696,25554,227,1932,0,0,0,0,0
827,11781,828.2590118691679,99813,1535,968,125,60,73100,40406,1.1371865388276077,811,483,12573,18999,30755,21026,4200,8463,48505,38251,0,0,2057,515,4227,3585,20659,5777,4695,0,0,30712,25439,223,1924,0,0,0,0,0
828,11781,829.1548149091527,99813,1531,929,125,60,73295,40505,1.140132046927755,787,480,12614,19041,30766,21066,4176,8423,48516,38261,0,0,2041,511,4206,3588,20748,5821,4682,0,0,30756,25323,223,1914,0,0,0,0,0
829,11781,830.050930003964,99813,1521,912,125,60,73471,40617,1.1430174426176951,780,462,12651,19097,30769,21092,4153,8376,48526,38271,0,0,2028,509,4189,3589,20837,5875,4667,0,0,30756,25239,220,1904,0,0,0,0,0
830,11781,831.2460106061558,99813,1516,915,125,60,73710,40768,1.1469247492811558,741,439,12719,19170,30774,21104,4124,8311,48536,38281,0,0,2001,506,4172,3583,20935,5943,4662,0,0,30773,25127,220,1891,0,0,0,0,0
831,11781,832.1424969695177,99812,1483,896,125,61,73876,40870,1.1496212880214804,724,437,12738,19216,30825,21110,4104,8279,48546,38291,0,0,1981,502,4156,3585,20999,6006,4656,0,0,30791,25039,218,1879,0,0,0,0,0
832,11781,833.0383710440335,99811,1454,885,125,62,74042,40976,1.1523579565378566,722,418,12795,19268,30826,21126,4077,8240,48556,38301,0,0,1967,498,4148,3594,21064,6061,4637,0,0,30807,24947,215,1873,0,0,0,0,0
833,11781,834.2335653114496,99811,1455,885,125,62,74282,41112,1.1561250763943853,697,399,12842,19338,30835,21127,4045,8188,48566,38311,0,0,1947,494,4125,3603,21144,6126,4622,0,0,30837,24833,212,1868,0,0,0,0,0
834,11781,835.1300257327168,99811,1436,876,125,62,74434,41213,1.1586598671489114,693,393,12877,19368,30833,21144,4035,8156,48576,38321,0,0,1931,488,4117,3609,21202,6177,4608,0,0,30857,24752,211,1859,0,0,0,0,0
835,11781,836.0267846519637,99811,1391,836,125,62,74580,41295,1.1609441845087214,684,407,12939,19407,30841,21154,4019,8133,48586,38331,0,0,1916,485,4105,3611,21250,6243,4600,0,0,30893,24651,208,1849,0,0,0,0,0
836,11781,837.2232608035956,99809,1360,823,127,62,74791,41426,1.164393992525724,664,375,13000,19487,30851,21166,3997,8086,48596,38341,0,0,1890,481,4087,3626,21335,6310,4585,0,0,30906,24546,207,1836,0,0,0,0,0
837,11781,838.1211376315558,99809,1350,791,127,62,74943,41504,1.166698393932411,649,375,13058,19527,30830,21196,3985,8048,48606,38350,0,0,1873,479,4073,3617,21404,6357,4583,0,0,30925,24462,207,1829,0,0,0,0,0
838,11781,839.0198000085089,99809,1320,766,127,62,75072,41597,1.1689226422466912,632,350,13102,19562,30850,21236,3968,8023,48616,38359,0,0,1861,473,4063,3619,21468,6400,4572,0,0,30957,24367,203,1826,0,0,0,0,0
839,11781,840.2185492810769,99809,1285,752,127,62,75256,41694,1.1717380196174694,621,378,13189,19603,30833,21232,3944,7972,48626,38368,0,0,1846,468,4049,3619,21552,6459,4559,0,0,30955,24283,201,1818,0,0,0,0,0
840,11781,841.118214601839,99808,1244,704,128,62,75383,41761,1.1736934915036872,625,387,13251,19664,30828,21231,3923,7951,48636,38377,0,0,1836,465,4035,3613,21641,6503,4544,0,0,30957,24205,201,1808,0,0,0,0,0
841,11781,842.0188085371027,99808,1204,697,128,62,75511,41851,1.1758776851554986,606,375,13334,19707,30827,21235,3900,7923,48646,38386,0,0,1820,461,4028,3616,21687,6559,4537,0,0,30970,24131,199,1800,0,0,0,0,0
842,11781,843.2207685716517,99808,1170,672,128,62,75676,41969,1.1787131292080795,592,353,13433,19754,30794,21265,3882,7893,48656,38395,0,0,1803,456,4011,3616,21770,6614,4527,0,0,31004,24020,197,1790,0,0,0,0,0
843,11781,844.1239479548507,99808,1157,672,128,62,75810,42056,1.1809273805706957,558,330,13488,19802,30802,21264,3866,7869,48665,38404,0,0,1787,456,3996,3611,21840,6644,4519,0,0,31027,23943,197,1788,0,0,0,0,0
844,11781,845.0276630352431,99808,1137,650,128,62,75925,42131,1.1828310355883296,578,321,13511,19851,30791,21274,3854,7841,48674,38413,0,0,1777,455,3979,3607,21886,6694,4507,0,0,31044,23879,196,1784,0,0,0,0,0
845,11781,846.2333272309312,99807,1099,644,129,62,76106,42230,1.1856483012213572,556,300,13591,19928,30799,21253,3825,7812,48683,38422,0,0,1764,452,3969,3606,21949,6765,4490,0,0,31037,23803,195,1777,0,0,0,0,0
846,11781,847.1381259078892,99805,1104,620,130,63,76248,42281,1.1876058313711737,513,315,13662,19975,30775,21235,3815,7791,48692,38431,0,0,1751,452,3958,3601,21991,6806,4479,0,0,31058,23744,193,1772,0,0,0,0,0
847,11781,848.0437544829094,99805,1084,616,130,63,76370,42347,1.189489504533841,492,325,13737,20041,30753,21211,3803,7743,48701,38440,0,0,1740,448,3947,3604,22030,6851,4467,0,0,31073,23687,192,1766,0,0,0,0,0
848,11781,849.2525453261125,99805,1036,617,130,63,76522,42456,1.1921046039777565,488,299,13801,20107,30774,21203,3770,7710,48710,38449,0,0,1727,445,3923,3598,22111,6902,4450,0,0,31091,23601,192,1765,0,0,0,0,0
849,11781,850.1593682315937,99805,985,597,130,63,76632,42513,1.1937778668403387,459,317,13877,20146,30778,21200,3770,7676,48719,38458,0,0,1715,442,3909,3600,22182,6937,4436,0,0,31092,23539,191,1762,0,0,0,0,0
850,11781,851.0670893206237,99805,957,589,130,63,76738,42580,1.1955112469315166,441,316,13951,20183,30767,21198,3753,7650,48728,38466,0,0,1704,441,3902,3597,22241,6975,4426,0,0,31089,23487,189,1754,0,0,0,0,0
851,11781,852.2785252899358,99805,904,581,130,63,76871,42685,1.1978958969991484,432,299,14044,20245,30751,21193,3738,7618,48737,38474,0,0,1693,437,3887,3595,22320,7019,4412,0,0,31113,23394,188,1747,0,0,0,0,0
852,11781,853.1883821634142,99805,867,593,130,63,76963,42766,1.199629277090326,423,278,14125,20293,30727,21175,3727,7597,48746,38482,0,0,1685,437,3876,3593,22366,7060,4399,0,0,31113,23345,188,1743,0,0,0,0,0
853,11781,854.0993895098254,99805,826,560,130,63,77059,42811,1.2010420319623265,419,278,14182,20351,30727,21178,3715,7569,48755,38490,0,0,1674,436,3868,3600,22413,7098,4383,0,0,31123,23284,186,1740,0,0,0,0,0
854,11781,855.0112054614127,99805,816,541,130,63,77138,42865,1.2023746305295326,433,275,14239,20414,30683,21163,3698,7543,48764,38498,0,0,1670,434,3862,3593,22432,7134,4369,0,0,31162,23225,185,1739,0,0,0,0,0
855,11781,856.2289762626996,99804,799,539,130,64,77263,42958,1.2045709590797964,427,257,14334,20491,30637,21141,3672,7507,48773,38506,0,0,1658,432,3854,3597,22494,7174,4353,0,0,31158,23168,184,1732,0,0,0,0,0
856,11781,857.143854387848,99804,806,533,130,64,77374,43028,1.2063845136467477,402,241,14404,20554,30598,21124,3659,7483,48782,38514,0,0,1649,428,3844,3600,22533,7209,4346,0,0,31167,23117,181,1730,0,0,0,0,0
857,11781,858.0603002490227,99804,812,521,130,64,77471,43079,1.2078674201434811,384,250,14490,20616,30534,21091,3649,7457,48791,38522,0,0,1636,428,3837,3600,22561,7248,4341,0,0,31158,23086,180,1729,0,0,0,0,0
858,11781,859.2849744616925,99803,766,479,131,64,77585,43140,1.2096329769646204,382,251,14603,20717,30491,21062,3626,7426,48800,38530,0,0,1625,424,3825,3606,22631,7288,4328,0,0,31170,23003,180,1723,0,0,0,0,0
859,11781,860.2053654294492,99802,770,473,132,64,77678,43196,1.2111380533456244,364,256,14678,20784,30440,21029,3615,7393,48808,38538,0,0,1618,420,3816,3603,22661,7322,4322,0,0,31175,22963,180,1722,0,0,0,0,0
860,11781,861.1274487105812,99801,742,476,133,64,77757,43259,1.2125730203104177,364,237,14742,20835,30420,21016,3598,7371,48816,38546,0,0,1611,418,3810,3601,22689,7360,4314,0,0,31185,22915,179,1719,0,0,0,0,0
861,11781,862.0506542113792,99801,740,456,133,64,77855,43304,1.2140058716846525,339,248,14802,20894,30393,21001,3592,7336,48824,38554,0,0,1602,418,3798,3597,22724,7394,4302,0,0,31197,22872,179,1718,0,0,0,0,0
862,11781,863.2832270333479,99801,716,461,133,64,77968,43391,1.216009859620645,338,223,14899,20993,30342,20965,3571,7293,48832,38562,0,0,1591,415,3792,3589,22760,7438,4299,0,0,31223,22800,178,1716,0,0,0,0,0
863,11781,864.2091671978296,99800,692,453,134,64,78046,43453,1.217424849699399,338,212,14951,21030,30323,20964,3561,7276,48840,38570,0,0,1579,413,3788,3595,22788,7473,4287,0,0,31231,22755,178,1713,0,0,0,0,0
864,11781,865.136269067682,99800,717,450,134,64,78152,43494,1.2188977955911824,301,226,15041,21081,30252,20916,3554,7262,48848,38578,0,0,1574,412,3781,3591,22814,7504,4279,0,0,31228,22728,176,1713,0,0,0,0,0
865,11781,866.0655376289122,99799,692,436,135,64,78217,43546,1.220082365554765,312,231,15106,21125,30206,20903,3548,7240,48856,38586,0,0,1566,409,3774,3583,22858,7534,4275,0,0,31218,22694,175,1713,0,0,0,0,0
866,11781,867.3071927446526,99799,667,437,135,64,78306,43628,1.2217958095772503,321,208,15222,21199,30121,20883,3533,7208,48864,38593,0,0,1554,407,3765,3576,22899,7576,4273,0,0,31221,22645,175,1708,0,0,0,0,0
867,11781,868.240902813071,99799,641,421,135,64,78374,43670,1.222898025030311,312,213,15308,21255,30083,20857,3520,7189,48872,38600,0,0,1547,405,3759,3573,22932,7612,4263,0,0,31216,22618,172,1702,0,0,0,0,0
868,11781,869.1764694196345,99798,629,425,135,65,78451,43719,1.224172829114812,314,212,15386,21309,30025,20825,3510,7163,48880,38607,0,0,1540,403,3753,3567,22964,7639,4260,0,0,31219,22580,171,1702,0,0,0,0,0
869,11781,870.1138186467189,99798,610,434,135,65,78527,43770,1.225445399707409,302,210,15473,21377,29983,20775,3496,7138,48888,38614,0,0,1531,403,3748,3569,23006,7658,4246,0,0,31219,22549,169,1700,0,0,0,0,0
870,11781,871.0529199313264,99798,581,431,135,65,78583,43826,1.2265676666867071,316,196,15538,21419,29936,20758,3493,7130,48896,38621,0,0,1522,399,3740,3565,23045,7684,4242,0,0,31220,22512,169,1700,0,0,0,0,0
871,11781,872.3078588789747,99798,559,428,135,65,78667,43900,1.2281508647467885,309,174,15637,21513,29877,20718,3482,7101,48904,38628,0,0,1513,398,3733,3559,23101,7711,4233,0,0,31222,22463,167,1698,0,0,0,0,0
872,11781,873.2510535596538,99798,550,426,135,65,78741,43946,1.2293532936531795,292,161,15730,21558,29818,20709,3474,7080,48912,38635,0,0,1500,396,3729,3561,23129,7737,4228,0,0,31227,22433,166,1692,0,0,0,0,0
873,11781,874.1962251986345,99798,550,418,135,65,78817,43989,1.2305457023186837,268,152,15812,21646,29767,20672,3467,7046,48920,38642,0,0,1493,394,3725,3564,23145,7769,4219,0,0,31231,22401,166,1691,0,0,0,0,0
874,11781,875.1435726156689,99798,533,393,135,65,78870,44024,1.2314274835167038,269,148,15917,21708,29681,20663,3464,7022,48928,38649,0,0,1486,392,3720,3559,23165,7793,4213,0,0,31263,22350,166,1691,0,0,0,0,0
875,11781,876.0935999190032,99798,544,386,135,65,78946,44055,1.232499649291569,245,154,15988,21766,29629,20627,3458,7001,48936,38656,0,0,1481,389,3720,3565,23184,7813,4198,0,0,31271,22323,166,1688,0,0,0,0,0
876,11781,877.0456807360902,99798,508,370,135,65,78994,44085,1.233281228080723,257,173,16068,21818,29582,20597,3449,6976,48944,38663,0,0,1473,387,3716,3564,23198,7846,4192,0,0,31279,22291,163,1689,0,0,0,0,0
877,11781,878.3181423916175,99798,513,340,135,65,79076,44132,1.2345738391550933,241,172,16180,21911,29493,20562,3437,6949,48952,38670,0,0,1469,385,3711,3554,23244,7870,4180,0,0,31296,22242,163,1684,0,0,0,0,0
878,11781,879.2752124530467,99798,502,339,135,65,79130,44173,1.2355257620393194,236,170,16265,21984,29434,20522,3427,6919,48959,38677,0,0,1463,383,3706,3558,23263,7892,4168,0,0,31303,22217,162,1683,0,0,0,0,0
879,11781,880.2346031629495,99798,492,306,135,65,79186,44201,1.236367462273793,246,163,16345,22037,29356,20525,3425,6903,48966,38684,0,0,1455,383,3699,3555,23284,7926,4164,0,0,31300,22189,162,1681,0,0,0,0,0
880,11781,881.1966120242214,99798,499,297,135,65,79252,44240,1.2374195875668852,244,154,16436,22097,29278,20505,3407,6881,48973,38691,0,0,1451,382,3696,3551,23321,7940,4152,0,0,31301,22161,162,1681,0,0,0,0,0
881,11781,882.1612617919332,99798,483,290,135,65,79323,44270,1.2384316318964308,219,154,16535,22176,29230,20454,3397,6860,48980,38698,0,0,1446,380,3689,3550,23339,7971,4141,0,0,31309,22134,159,1680,0,0,0,0,0
882,11781,883.1279461465788,99798,476,295,135,65,79381,44312,1.2394336559850898,222,146,16623,22236,29153,20413,3390,6844,48987,38705,0,0,1438,379,3684,3546,23362,7992,4133,0,0,31317,22111,158,1678,0,0,0,0,0
883,11781,884.0973315346162,99798,471,284,135,65,79430,44342,1.2402252550151305,231,132,16702,22316,29080,20370,3380,6832,48994,38712,0,0,1434,376,3677,3544,23389,8010,4125,0,0,31319,22090,158,1676,0,0,0,0,0
884,11781,885.0693390212692,99797,466,276,135,66,79488,44371,1.2411094521879416,226,127,16799,22365,28999,20344,3374,6821,49001,38718,0,0,1427,375,3673,3544,23401,8039,4120,0,0,31315,22070,158,1675,0,0,0,0,0
885,11781,886.0441183990868,99797,431,276,135,66,79523,44406,1.2418108760784392,236,134,16899,22423,28934,20297,3364,6803,49008,38724,0,0,1420,374,3665,3532,23441,8057,4120,0,0,31309,22049,157,1673,0,0,0,0,0
886,11781,887.0212541768974,99797,428,275,135,66,79585,44439,1.2427628085012576,225,133,16981,22489,28866,20254,3364,6782,49015,38730,0,0,1416,371,3663,3529,23470,8075,4114,0,0,31305,22025,157,1672,0,0,0,0,0
887,11781,888.0008899213555,99797,438,264,135,66,79652,44474,1.2437848833131258,214,128,17056,22571,28805,20210,3351,6760,49022,38736,0,0,1411,370,3656,3524,23505,8093,4108,0,0,31305,22000,156,1669,0,0,0,0,0
888,11781,889.3104181907621,99797,434,261,135,66,79732,44511,1.2449572632443862,196,131,17164,22653,28733,20157,3337,6731,49029,38742,0,0,1403,368,3646,3529,23541,8119,4097,0,0,31288,21983,156,1667,0,0,0,0,0
889,11781,890.2951316810961,99796,428,267,135,67,79784,44548,1.245861557577458,187,126,17249,22714,28669,20114,3331,6711,49036,38748,0,0,1395,368,3644,3524,23571,8131,4091,0,0,31289,21960,156,1667,0,0,0,0,0
890,11781,891.2820829887096,99796,423,266,135,67,79831,44578,1.2466331315884405,184,132,17316,22762,28622,20082,3319,6690,49043,38754,0,0,1390,366,3644,3522,23585,8150,4082,0,0,31292,21942,156,1667,0,0,0,0,0
891,11781,892.2704652748356,99796,398,252,135,67,79878,44606,1.2473846647160207,185,129,17373,22829,28600,20047,3308,6675,49050,38760,0,0,1380,363,3642,3523,23605,8172,4077,0,0,31298,21913,155,1668,0,0,0,0,0
892,11781,893.2603330804061,99796,387,240,135,67,79924,44629,1.2480760751933946,191,134,17452,22900,28526,20005,3308,6653,49057,38766,0,0,1374,363,3637,3519,23621,8195,4073,0,0,31301,21894,153,1666,0,0,0,0,0
893,11781,894.2526724868458,99796,384,246,135,67,79971,44664,1.2488977514128823,184,129,17522,22978,28470,19945,3304,6634,49064,38772,0,0,1369,363,3634,3518,23653,8204,4066,0,0,31300,21873,151,1665,0,0,0,0,0
894,11781,895.2472138089537,99796,389,243,135,67,80022,44697,1.2497394685157721,174,122,17621,23046,28387,19905,3293,6616,49071,38778,0,0,1367,361,3634,3514,23665,8220,4058,0,0,31320,21842,151,1664,0,0,0,0,0
895,11781,896.2445941838272,99795,388,229,136,67,80072,44719,1.2504734706147602,152,121,17727,23115,28310,19866,3286,6601,49078,38784,0,0,1366,361,3633,3509,23668,8245,4050,0,0,31339,21811,150,1663,0,0,0,0,0
896,11781,897.2450548218782,99795,365,208,136,67,80112,44739,1.25107470314144,165,126,17799,23188,28256,19820,3278,6590,49085,38790,0,0,1361,361,3629,3506,23691,8266,4041,0,0,31344,21785,150,1661,0,0,0,0,0
897,11781,898.2476708145837,99795,367,194,136,67,80166,44765,1.2518763465103462,146,123,17883,23280,28192,19769,3275,6566,49092,38796,0,0,1359,361,3628,3504,23709,8286,4032,0,0,31350,21756,149,1661,0,0,0,0,0
898,11781,899.2529652794459,99795,359,201,136,67,80214,44800,1.2527080515055864,136,110,17965,23361,28137,19717,3266,6543,49099,38802,0,0,1351,360,3626,3500,23724,8304,4027,0,0,31358,21735,149,1661,0,0,0,0,0
899,11781,900.260432633961,99795,349,211,136,67,80240,44827,1.253239140237487,161,132,18025,23392,28070,19681,3258,6516,49099,38802,0,0,1348,360,3625,3500,23727,8320,4029,0,0,31353,21725,149,1659,0,0,0,0,0
900,11781,900.260432633961,99795,338,217,136,67,80248,44842,1.2534696127060474,169,123,18041,23425,28060,19663,3255,6504,49099,38802,0,0,1346,359,3623,3499,23736,8325,4029,2,3,31343,21722,149,1659,0,0,0,0,0
901,11781,901.2705670349483,99795,346,237,136,67,80295,44885,1.254371461496067,162,110,18139,23496,27978,19609,3238,6480,49099,38802,0,0,1346,359,3622,3495,23746,8336,4027,2,23,31330,21702,149,1658,0,0,0,0,0
902,11781,902.2833535116541,99794,338,222,137,67,80337,44909,1.2550453935106318,167,115,18228,23587,27905,19566,3224,6442,49099,38802,0,0,1345,359,3621,3494,23769,8352,4022,3,47,31297,21678,149,1658,0,0,0,0,0
903,11781,903.298923718439,99794,330,214,137,67,80377,44930,1.2556566527045714,168,117,18318,23656,27837,19527,3209,6418,49099,38802,0,0,1344,359,3619,3492,23784,8369,4019,4,68,31272,21657,149,1658,0,0,0,0,0
904,11781,904.3170455912873,99794,335,215,137,67,80423,44957,1.256388159608794,171,112,18415,23733,27753,19475,3188,6397,49099,38802,0,0,1344,359,3615,3490,23799,8387,4019,4,82,31246,21643,149,1657,0,0,0,0,0
905,11781,905.3380957886974,99794,331,221,137,67,80472,44992,1.2572298935807764,162,104,18519,23797,27677,19438,3173,6372,49099,38802,0,0,1341,359,3613,3495,23821,8402,4012,7,95,31214,21630,149,1656,0,0,0,0,0
906,11781,906.0205405661974,99794,322,224,137,67,80496,45013,1.2576808224943383,166,106,18572,23847,27634,19398,3168,6357,49099,38802,0,0,1338,359,3611,3494,23834,8410,4011,10,112,31200,21613,149,1653,0,0,0,0,0
907,11781,907.0462507845311,99794,327,218,137,67,80543,45043,1.2584524119686555,172,109,18638,23926,27576,19351,3149,6328,49099,38802,0,0,1336,359,3606,3493,23844,8427,4008,12,137,31184,21588,149,1651,0,0,0,0,0
908,11781,908.0739658009896,99794,316,214,137,67,80577,45069,1.2590536505200713,181,111,18713,23997,27523,19309,3129,6301,49099,38802,0,0,1335,358,3606,3501,23842,8448,4000,13,159,31168,21566,149,1649,0,0,0,0,0
909,11781,909.1036368041085,99794,306,207,137,67,80615,45094,1.259684950999058,182,110,18798,24077,27467,19258,3109,6280,49099,38802,0,0,1334,358,3603,3503,23855,8467,3996,14,180,31143,21545,148,1648,0,0,0,0,0
910,11781,910.1355484566309,99794,319,200,137,67,80659,45117,1.2603563340481392,183,116,18865,24151,27396,19210,3099,6255,49099,38802,0,0,1333,358,3602,3504,23863,8483,3992,15,193,31124,21532,148,1647,0,0,0,0,0
911,11781,911.1702850523343,99794,327,192,137,67,80707,45142,1.2610878409523618,170,118,18969,24216,27316,19181,3080,6225,49099,38802,0,0,1331,357,3600,3503,23870,8500,3991,17,217,31106,21508,148,1646,0,0,0,0,0
912,11781,912.2079186303764,99794,325,189,137,67,80748,45166,1.2617391827163957,171,121,19042,24280,27256,19139,3068,6203,49099,38802,0,0,1329,357,3597,3506,23880,8515,3987,19,240,31086,21485,148,1645,0,0,0,0,0
913,11781,913.2478931374987,99794,318,201,137,67,80796,45201,1.2625708960458544,175,113,19117,24335,27201,19105,3051,6178,49099,38802,0,0,1329,357,3595,3507,23900,8532,3981,19,256,31057,21469,148,1644,0,0,0,0,0
914,11781,914.2900953277615,99794,332,192,137,67,80839,45224,1.263232258452412,183,118,19189,24424,27119,19050,3039,6148,49099,38802,0,0,1328,357,3590,3508,23916,8545,3980,20,270,31037,21455,147,1641,0,0,0,0,0
915,11781,915.3350382258378,99794,333,201,137,67,80892,45258,1.264104054351965,171,106,19261,24500,27067,18998,3030,6127,49099,38802,0,0,1326,356,3587,3514,23926,8560,3974,22,293,31018,21432,147,1639,0,0,0,0,0
916,11781,916.0328958883748,99794,349,203,137,67,80927,45275,1.2646251277631921,167,102,19312,24555,27011,18965,3023,6107,49099,38802,0,0,1326,356,3585,3512,23921,8576,3974,22,299,31012,21426,147,1638,0,0,0,0,0
917,11781,917.0819954321817,99794,342,192,137,67,80977,45299,1.2653666553099385,165,110,19392,24621,26952,18927,3011,6082,49099,38802,0,0,1324,355,3581,3516,23948,8594,3968,24,316,30975,21409,147,1637,0,0,0,0,0
918,11781,918.1335755741935,99794,337,190,137,67,81019,45329,1.2660881415716376,161,108,19462,24689,26899,18881,3003,6064,49099,38802,0,0,1321,354,3577,3517,23963,8612,3967,27,330,30948,21395,147,1636,0,0,0,0,0
919,11781,919.1875140195,99794,341,183,137,67,81065,45357,1.2668296691183838,161,111,19561,24758,26816,18844,2983,6036,49099,38802,0,0,1320,351,3573,3517,23987,8622,3965,28,353,30924,21372,147,1635,0,0,0,0,0
920,11781,920.2444364856517,99794,335,178,137,67,81119,45385,1.267651361805319,164,108,19641,24837,26751,18798,2971,6011,49099,38802,0,0,1319,350,3569,3518,23996,8647,3962,29,375,30897,21350,147,1635,0,0,0,0,0
921,11781,921.304216201023,99794,329,178,137,67,81158,45411,1.2683027035693528,167,110,19738,24908,26673,18745,2955,5991,49099,38802,0,0,1317,349,3566,3522,24001,8665,3955,31,393,30884,21332,146,1633,0,0,0,0,0
922,11781,922.0124106265432,99794,351,180,137,67,81201,45436,1.2689841072609576,150,97,19787,24954,26625,18729,2949,5972,49099,38802,0,0,1316,349,3564,3521,24005,8674,3955,32,409,30875,21316,146,1632,0,0,0,0,0
923,11781,923.077243337301,99794,352,174,137,67,81250,45456,1.2696755315950858,137,101,19887,25016,26549,18692,2937,5949,49099,38802,0,0,1314,349,3560,3519,24030,8686,3953,34,425,30847,21300,146,1631,0,0,0,0,0
924,11781,924.1450536361756,99794,332,172,137,67,81289,45478,1.2702867907890254,148,102,19967,25075,26484,18657,2931,5926,49099,38802,0,0,1311,349,3552,3512,24053,8700,3952,37,450,30827,21275,146,1630,0,0,0,0,0
925,11781,925.2157292997206,99794,328,175,137,67,81340,45506,1.2710784215483897,143,110,20057,25137,26420,18600,2914,5910,49099,38802,0,0,1309,349,3547,3507,24081,8714,3951,39,469,30796,21256,146,1630,0,0,0,0,0
926,11781,926.2888241490105,99794,299,184,137,67,81362,45543,1.271669639457282,164,95,20138,25202,26358,18563,2903,5888,49099,38802,0,0,1309,348,3544,3508,24098,8729,3949,39,494,30771,21231,146,1628,0,0,0,0,0
927,11781,927.0057043197704,99794,301,179,137,67,81390,45560,1.2721205683708439,158,91,20188,25245,26319,18542,2896,5875,49099,38802,0,0,1306,348,3542,3510,24102,8739,3948,42,512,30760,21212,145,1628,0,0,0,0,0
928,11781,928.0832800114354,99794,296,176,137,67,81432,45582,1.2727618894923542,159,92,20277,25318,26252,18497,2878,5849,49099,38802,0,0,1306,348,3539,3504,24122,8755,3948,42,528,30736,21196,145,1625,0,0,0,0,0
929,11781,929.1638979479125,99794,307,183,137,67,81484,45615,1.2736136441068602,149,84,20376,25402,26167,18439,2863,5824,49099,38802,0,0,1306,348,3535,3503,24132,8773,3946,42,542,30718,21182,145,1622,0,0,0,0,0
930,11781,930.2476830163511,99794,304,177,137,67,81525,45638,1.2742549652283703,155,88,20460,25479,26094,18397,2849,5791,49099,38802,0,0,1306,348,3529,3499,24154,8787,3944,42,560,30696,21163,145,1621,0,0,0,0,0
931,11781,931.334665347033,99794,296,179,137,67,81564,45663,1.2748962863498807,155,91,20538,25549,26034,18349,2839,5764,49099,38802,0,0,1303,348,3526,3502,24167,8801,3938,45,577,30676,21146,145,1620,0,0,0,0,0
932,11781,932.0608025020027,99794,289,177,137,67,81596,45679,1.2753772771910135,156,90,20599,25597,25990,18317,2828,5751,49099,38802,0,0,1303,348,3523,3498,24187,8812,3936,45,588,30654,21135,145,1620,0,0,0,0,0
933,11781,933.1523717469179,99793,291,176,138,67,81644,45702,1.2761015301674465,150,96,20686,25672,25912,18258,2822,5730,49099,38802,0,0,1303,348,3518,3502,24195,8829,3930,45,604,30639,21118,145,1617,0,0,0,0,0
934,11781,934.2473791588807,99793,287,175,138,67,81685,45727,1.276762899201347,144,94,20792,25752,25823,18206,2815,5705,49099,38802,0,0,1301,346,3514,3504,24210,8845,3927,47,618,30616,21104,145,1616,0,0,0,0,0
935,11781,935.3460668266342,99792,271,175,139,67,81720,45750,1.2773569023569022,153,100,20881,25839,25754,18142,2801,5676,49099,38802,0,0,1297,346,3511,3510,24215,8864,3919,51,634,30599,21088,145,1613,0,0,0,0,0
936,11781,936.0801982390806,99792,261,172,139,67,81741,45764,1.2777076318742986,160,94,20944,25894,25705,18110,2790,5662,49099,38802,0,0,1296,346,3508,3510,24231,8872,3918,52,645,30580,21077,145,1612,0,0,0,0,0
937,11781,937.184192956421,99792,271,166,139,67,81791,45784,1.2784090909090908,139,106,21051,25965,25625,18059,2774,5636,49099,38802,0,0,1296,346,3505,3507,24250,8883,3914,52,660,30560,21062,145,1612,0,0,0,0,0
938,11781,938.291712949134,99792,278,172,139,67,81829,45815,1.279100529100529,151,106,21160,26033,25512,18006,2759,5615,49099,38802,0,0,1295,346,3505,3510,24260,8893,3909,53,677,30542,21045,145,1612,0,0,0,0,0
939,11781,939.0325099390351,99792,279,170,139,67,81857,45836,1.2795915504248838,164,101,21196,26099,25469,17972,2752,5590,49099,38802,0,0,1294,345,3502,3509,24271,8901,3908,54,691,30530,21031,145,1611,0,0,0,0,0
940,11781,940.1463822664706,99792,295,169,139,67,81905,45864,1.2803531345198012,161,101,21286,26159,25378,17939,2740,5564,49099,38802,0,0,1293,345,3501,3510,24283,8915,3904,55,705,30511,21017,144,1609,0,0,0,0,0
941,11781,941.2636656022817,99792,304,166,139,67,81958,45889,1.281134760301427,154,105,21350,26233,25325,17890,2727,5538,49099,38802,0,0,1289,345,3496,3510,24303,8927,3900,59,721,30490,21001,143,1608,0,0,0,0,0
942,11781,942.0100832368432,99792,293,176,139,67,81989,45914,1.2816959275292608,140,98,21406,26256,25298,17878,2723,5524,49099,38802,0,0,1288,343,3494,3509,24319,8935,3897,60,732,30477,20989,143,1606,0,0,0,0,0
943,11781,943.1313857261972,99792,291,180,139,67,82035,45941,1.2824274490941157,130,89,21482,26330,25248,17826,2709,5507,49099,38802,0,0,1286,343,3493,3512,24325,8952,3891,62,752,30458,20969,143,1606,0,0,0,0,0
944,11781,944.2553354293217,99792,276,169,139,67,82078,45975,1.2831990540323874,129,76,21588,26418,25170,17785,2697,5484,49099,38802,0,0,1286,343,3488,3513,24337,8978,3887,62,779,30432,20942,142,1603,0,0,0,0,0
945,11781,945.0067437558591,99792,273,163,139,67,82108,45987,1.2836199294532629,126,81,21634,26469,25134,17748,2693,5471,49099,38802,0,0,1286,343,3487,3516,24344,8989,3883,62,793,30416,20928,142,1603,0,0,0,0,0
946,11781,946.1361139098641,99792,272,164,139,67,82150,46018,1.2843514510181178,116,70,21725,26555,25070,17703,2677,5440,49099,38802,0,0,1285,342,3482,3522,24361,9001,3877,63,814,30396,20907,142,1600,0,0,0,0,0
947,11781,947.2685977999961,99792,249,153,139,67,82183,46037,1.284872534872535,124,70,21813,26626,25003,17666,2671,5417,49099,38802,0,0,1282,340,3481,3529,24376,9018,3869,66,834,30369,20887,141,1600,0,0,0,0,0
948,11781,948.0253125320451,99792,246,151,139,67,82205,46051,1.2852332852332853,116,72,21869,26675,24967,17635,2662,5399,49099,38802,0,0,1282,340,3481,3533,24377,9029,3865,66,845,30357,20876,141,1600,0,0,0,0,0
949,11781,949.1629275003604,99792,232,148,139,67,82235,46068,1.2857042648709316,126,75,21971,26759,24885,17575,2646,5375,49099,38802,0,0,1281,340,3477,3533,24385,9044,3864,67,866,30340,20855,140,1600,0,0,0,0,0
950,11781,950.3041017965232,99792,242,144,139,67,82275,46091,1.2863355780022447,122,66,22067,26831,24802,17536,2627,5355,49099,38802,0,0,1279,339,3475,3531,24389,9060,3863,69,878,30326,20843,140,1600,0,0,0,0,0
951,11781,951.0670705596161,99792,221,148,139,67,82287,46106,1.2866061407728075,125,68,22125,26893,24775,17488,2614,5335,49099,38802,0,0,1276,339,3473,3530,24395,9071,3862,72,887,30315,20833,140,1599,0,0,0,0,0
952,11781,952.2135493830076,99792,210,130,139,67,82307,46117,1.286916786916787,130,73,22195,26968,24718,17447,2607,5314,49099,38802,0,0,1275,338,3471,3533,24407,9085,3858,73,898,30296,20821,140,1597,0,0,0,0,0
953,11781,953.3629085152505,99792,210,126,139,67,82335,46139,1.2874178290844958,139,65,22282,27050,24636,17410,2593,5281,49099,38802,0,0,1273,338,3468,3536,24421,9091,3853,75,916,30283,20803,140,1595,0,0,0,0,0
954,11781,954.1312819448925,99792,209,121,139,67,82356,46149,1.2877284752284752,151,74,22339,27092,24577,17380,2584,5265,49099,38802,0,0,1271,338,3468,3540,24425,9100,3849,77,924,30271,20794,140,1595,0,0,0,0,0
955,11781,955.2867747644138,99792,229,118,139,67,82403,46163,1.28833974667308,153,76,22413,27174,24492,17327,2573,5237,49099,38802,0,0,1269,337,3464,3544,24430,9109,3846,79,936,30262,20782,139,1595,0,0,0,0,0
956,11781,956.0593208434626,99792,234,127,139,67,82440,46183,1.288910934744268,129,66,22484,27227,24449,17294,2564,5218,49099,38802,0,0,1269,336,3462,3546,24434,9120,3843,79,943,30253,20775,139,1593,0,0,0,0,0
957,11781,957.2208644016184,99792,229,123,139,67,82482,46196,1.2894620811287478,117,70,22567,27316,24403,17233,2544,5190,49099,38802,0,0,1267,336,3459,3547,24450,9133,3838,81,953,30234,20764,139,1591,0,0,0,0,0
958,11781,958.3851536063455,99792,229,120,139,67,82516,46214,1.289983164983165,118,72,22650,27393,24326,17183,2537,5164,49099,38802,0,0,1265,335,3455,3548,24465,9141,3835,83,968,30218,20749,139,1591,0,0,0,0,0
959,11781,959.1633635435828,99792,224,122,139,67,82541,46234,1.2904341029341029,114,67,22721,27427,24273,17165,2528,5151,49099,38802,0,0,1264,334,3454,3549,24481,9147,3831,84,980,30201,20737,139,1591,0,0,0,0,0
960,11781,960.3338042759372,99792,224,123,139,67,82573,46256,1.2909752284752285,110,65,22818,27504,24193,17107,2515,5133,49099,38802,0,0,1264,334,3453,3549,24497,9158,3829,83,990,30180,20727,139,1589,0,0,0,0,0
961,11781,961.1163940682573,99792,218,131,139,67,82589,46275,1.2913259579926246,110,58,22876,27540,24149,17083,2507,5120,49099,38802,0,0,1263,333,3452,3549,24508,9164,3827,84,993,30167,20724,139,1589,0,0,0,0,0
962,11781,962.2933227131255,99792,222,126,139,67,82622,46294,1.2918470418470418,113,65,22966,27614,24063,17038,2496,5089,49099,38802,0,0,1263,333,3451,3545,24523,9175,3827,84,1008,30148,20709,139,1587,0,0,0,0,0
963,11781,963.0801909384666,99792,222,129,139,67,82647,46307,1.2922278338945006,107,67,23025,27673,24012,16997,2494,5066,49099,38802,0,0,1261,333,3449,3551,24529,9180,3821,86,1017,30139,20700,139,1587,0,0,0,0,0
964,11781,964.2633723512713,99792,227,124,139,67,82690,46328,1.292869167869168,98,64,23124,27750,23932,16953,2479,5041,49099,38802,0,0,1258,332,3446,3552,24545,9195,3817,89,1026,30115,20691,139,1587,0,0,0,0,0
965,11781,965.0545983397673,99792,232,115,139,67,82719,46340,1.2932800224466892,90,66,23188,27800,23879,16929,2471,5022,49099,38802,0,0,1256,332,3446,3552,24553,9204,3816,91,1040,30101,20677,138,1586,0,0,0,0,0
966,11781,966.2442611218163,99792,213,126,139,67,82740,46367,1.2937610229276897,92,62,23278,27870,23825,16886,2452,4988,49099,38802,0,0,1254,332,3444,3551,24559,9220,3813,93,1050,30086,20667,138,1585,0,0,0,0,0
967,11781,967.0392936222205,99792,201,122,139,67,82749,46376,1.2939413981080647,100,60,23321,27942,23787,16835,2451,4973,49099,38802,0,0,1254,332,3444,3550,24568,9227,3811,93,1059,30074,20658,138,1584,0,0,0,0,0
968,11781,968.2344936617058,99792,187,117,139,67,82772,46393,1.2943422318422317,114,67,23411,28001,23708,16795,2440,4952,49099,38802,0,0,1254,332,3442,3549,24586,9241,3809,93,1068,30049,20649,138,1582,0,0,0,0,0
969,11781,969.0334282696374,99792,183,110,139,67,82789,46403,1.2946127946127945,113,70,23474,28038,23662,16776,2428,4938,49099,38802,0,0,1254,331,3439,3550,24585,9256,3807,93,1073,30040,20644,138,1582,0,0,0,0,0
970,11781,970.2348150016572,99792,190,113,139,67,82822,46430,1.2952140452140453,112,61,23559,28124,23584,16722,2415,4912,49099,38802,0,0,1254,331,3436,3549,24590,9269,3806,93,1089,30029,20627,138,1581,0,0,0,0,0
971,11781,971.0380344270261,99792,192,106,139,67,82842,46438,1.295494628827962,110,63,23611,28177,23540,16689,2407,4897,49099,38802,0,0,1253,331,3436,3548,24597,9276,3805,94,1098,30019,20618,138,1579,0,0,0,0,0
972,11781,972.2421279824573,99792,189,105,139,67,82874,46456,1.295995670995671,100,66,23682,28251,23491,16627,2398,4883,49099,38802,0,0,1253,331,3433,3551,24596,9293,3803,93,1111,30006,20605,138,1579,0,0,0,0,0
973,11781,973.0427758627895,99792,182,102,139,67,82890,46462,1.296216129549463,103,67,23740,28301,23447,16592,2388,4870,49099,38802,0,0,1253,331,3431,3555,24603,9298,3798,93,1120,29999,20596,138,1577,0,0,0,0,0
974,11781,974.2403970657926,99792,180,99,139,67,82915,46479,1.2966370049703384,104,67,23821,28375,23376,16543,2379,4848,49099,38802,0,0,1253,331,3431,3558,24615,9308,3794,93,1127,29979,20588,138,1577,0,0,0,0,0
975,11781,975.0364928062276,99792,186,108,139,67,82939,46498,1.2970679012345678,101,64,23869,28414,23330,16509,2374,4837,49099,38802,0,0,1253,331,3429,3558,24624,9315,3792,93,1130,29968,20585,138,1576,0,0,0,0,0
976,11781,976.2272905691441,99792,184,119,139,67,82969,46528,1.2976691518358185,96,57,23952,28471,23261,16460,2367,4825,49099,38802,0,0,1252,331,3428,3557,24636,9325,3790,94,1143,29950,20572,138,1576,0,0,0,0,0
977,11781,977.0190539630561,99792,176,124,139,67,82982,46547,1.2979898188231522,103,51,24008,28522,23210,16423,2363,4812,49099,38802,0,0,1252,331,3427,3555,24649,9331,3789,94,1148,29938,20566,138,1574,0,0,0,0,0
978,11781,978.2034314366391,99792,191,115,139,67,83017,46557,1.29844075677409,91,54,24097,28610,23127,16369,2354,4784,49099,38802,0,0,1252,331,3426,3550,24657,9340,3789,94,1159,29929,20555,138,1572,0,0,0,0,0
979,11781,979.3834560776222,99792,185,116,139,67,83045,46571,1.2988616321949655,87,56,24197,28670,23051,16324,2340,4766,49099,38802,0,0,1252,331,3425,3550,24664,9348,3786,94,1177,29919,20537,138,1571,0,0,0,0,0
980,11781,980.1674828398533,99791,186,111,139,68,83069,46581,1.2992153601026144,84,53,24255,28724,23000,16293,2335,4750,49099,38802,0,0,1250,331,3424,3549,24672,9354,3784,96,1189,29909,20524,138,1571,0,0,0,0,0
981,11781,981.3399363214129,99791,173,113,139,68,83095,46599,1.2996562816286037,83,53,24338,28802,22940,16240,2326,4723,49099,38802,0,0,1249,331,3421,3553,24681,9367,3778,97,1198,29893,20515,137,1571,0,0,0,0,0
982,11781,982.1195083612974,99791,175,116,139,68,83111,46611,1.2999368680542334,83,53,24396,28849,22885,16200,2321,4713,49099,38802,0,0,1249,331,3420,3553,24686,9371,3776,97,1204,29889,20509,137,1569,0,0,0,0,0
983,11781,983.2851171247424,99791,165,117,139,68,83134,46632,1.3003777895802227,78,48,24488,28912,22822,16157,2307,4697,49099,38802,0,0,1249,331,3417,3555,24699,9380,3772,97,1218,29872,20495,137,1569,0,0,0,0,0
984,11781,984.060077767784,99791,164,117,139,68,83144,46646,1.3006182922307623,92,51,24543,28939,22762,16140,2299,4684,49099,38802,0,0,1249,329,3415,3559,24710,9383,3770,97,1221,29864,20491,137,1566,0,0,0,0,0
985,11781,985.2188710489346,99791,157,107,139,68,83168,46654,1.3009389624314818,99,53,24626,29027,22690,16083,2288,4661,49099,38802,0,0,1246,329,3412,3558,24727,9392,3768,100,1227,29844,20485,137,1566,0,0,0,0,0
986,11781,986.3738574429684,99791,163,112,139,68,83201,46677,1.3015001352827409,89,51,24714,29086,22615,16032,2279,4650,49099,38802,0,0,1245,328,3411,3559,24725,9406,3766,101,1237,29836,20474,137,1566,0,0,0,0,0
987,11781,987.1415578199804,99791,169,108,139,68,83218,46681,1.301710575101963,80,59,24770,29138,22570,15993,2271,4633,49099,38802,0,0,1245,328,3410,3559,24730,9410,3766,101,1242,29828,20469,137,1566,0,0,0,0,0
988,11781,988.2898633952069,99791,160,109,139,68,83234,46699,1.3020512871902277,87,60,24841,29208,22514,15939,2258,4615,49099,38802,0,0,1242,327,3408,3560,24747,9415,3764,104,1246,29813,20465,136,1564,0,0,0,0,0
989,11781,989.053537255343,99791,150,105,139,68,83248,46707,1.3022717479532222,88,60,24888,29250,22481,15913,2253,4603,49099,38802,0,0,1241,327,3404,3558,24768,9417,3762,105,1252,29800,20459,136,1562,0,0,0,0,0
990,11781,990.1964504998936,99791,148,101,139,68,83268,46718,1.3025823972101693,87,63,24967,29318,22420,15865,2238,4584,49099,38802,0,0,1239,326,3401,3558,24778,9424,3761,107,1259,29789,20452,136,1561,0,0,0,0,0
991,11781,991.3359387085513,99791,153,107,139,68,83296,46736,1.3030433606237035,85,61,25036,29395,22360,15805,2226,4563,49099,38802,0,0,1238,326,3400,3559,24784,9432,3758,108,1267,29779,20444,136,1560,0,0,0,0,0
992,11781,992.0937640511073,99791,153,113,139,68,83313,46754,1.3033940936557404,81,54,25107,29438,22298,15778,2221,4548,49099,38802,0,0,1237,326,3395,3555,24796,9436,3758,109,1274,29773,20437,136,1559,0,0,0,0,0
993,11781,993.226666186637,99791,157,110,139,68,83337,46770,1.30379493140664,75,44,25204,29498,22212,15750,2212,4529,49099,38802,0,0,1237,326,3394,3552,24808,9441,3758,109,1288,29763,20422,136,1557,0,0,0,0,0
994,11781,994.355399731311,99790,150,105,140,68,83355,46783,1.3041186491632428,81,48,25303,29567,22119,15697,2206,4514,49099,38802,0,0,1235,326,3394,3554,24810,9453,3755,111,1298,29750,20412,136,1556,0,0,0,0,0
995,11781,995.1054738897656,99790,153,99,140,68,83373,46789,1.3043591542238702,76,51,25349,29603,22079,15673,2202,4505,49099,38802,0,0,1235,326,3393,3552,24825,9456,3755,111,1303,29736,20406,136,1556,0,0,0,0,0
996,11781,996.2276755472766,99790,143,89,140,68,83389,46800,1.3046297224170758,82,46,25438,29677,22012,15631,2184,4488,49099,38802,0,0,1235,325,3393,3557,24825,9468,3751,111,1319,29724,20390,136,1556,0,0,0,0,0
997,11781,997.3463046411517,99790,140,90,140,68,83410,46816,1.3050005010522097,80,39,25509,29747,21955,15591,2175,4464,49099,38802,0,0,1234,325,3392,3559,24836,9475,3748,112,1326,29711,20382,135,1555,0,0,0,0,0
998,11781,998.0903764569667,99790,136,91,140,68,83425,46826,1.3052510271570297,85,38,25554,29781,21915,15567,2169,4454,49099,38802,0,0,1234,325,3391,3560,24834,9486,3746,112,1330,29705,20378,135,1554,0,0,0,0,0
999,11781,999.2039360836143,99790,141,84,140,68,83452,46841,1.3056719110131276,83,37,25638,29864,21837,15510,2160,4436,49099,38802,0,0,1233,325,3391,3564,24847,9494,3742,113,1338,29689,20368,135,1551,0,0,0,0,0
1000,11781,1000.3140884935141,99790,138,80,140,68,83474,46851,1.3059925844272973,80,41,25701,29941,21787,15448,2153,4421,49099,38802,0,0,1233,325,3391,3562,24860,9502,3741,113,1345,29671,20361,135,1551,0,0,0,0,0
1001,11781,1001.0526334263702,99790,129,81,140,68,83484,46859,1.3061729632227679,79,44,25747,29974,21753,15416,2151,4416,49099,38802,0,0,1231,325,3390,3561,24861,9509,3740,115,1350,29667,20355,135,1551,0,0,0,0,0
1002,11781,1002.1580086004392,99790,133,79,140,68,83507,46868,1.3064936366369375,75,41,25818,30051,21688,15356,2145,4404,49099,38802,0,0,1230,325,3387,3561,24866,9515,3738,116,1357,29661,20348,135,1551,0,0,0,0,0
1003,11781,1003.2603253774457,99790,133,77,140,68,83527,46879,1.3068042890069145,73,39,25911,30113,21609,15309,2133,4393,49099,38802,0,0,1230,324,3385,3561,24867,9526,3737,116,1364,29654,20341,135,1550,0,0,0,0,0
1004,11781,1004.358987279017,99790,124,70,140,68,83546,46891,1.3071149413768914,66,42,25987,30181,21558,15265,2124,4373,49099,38802,0,0,1230,324,3381,3566,24881,9531,3731,116,1374,29644,20329,135,1548,0,0,0,0,0
1005,11781,1005.0896160060071,99789,133,72,140,69,83564,46899,1.3073885899247413,62,38,26030,30233,21514,15227,2120,4360,49099,38802,0,0,1230,324,3381,3568,24884,9533,3728,116,1377,29639,20326,135,1548,0,0,0,0,0
1006,11781,1006.1832222006819,99789,132,71,140,69,83584,46913,1.307729308841656,63,35,26111,30294,21442,15196,2111,4334,49099,38802,0,0,1229,324,3380,3569,24889,9542,3727,117,1386,29628,20316,135,1547,0,0,0,0,0
1007,11781,1007.273469083863,99789,120,64,140,69,83595,46920,1.3079096894447284,74,41,26193,30372,21376,15140,2096,4313,49099,38802,0,0,1227,323,3378,3574,24900,9547,3722,119,1394,29615,20308,135,1547,0,0,0,0,0
1008,11781,1008.3604744421963,99789,121,60,140,69,83616,46931,1.3082303660724128,69,41,26267,30439,21311,15097,2091,4293,49099,38802,0,0,1226,323,3375,3575,24904,9557,3721,120,1401,29605,20301,135,1546,0,0,0,0,0
1009,11781,1009.0833891989404,99789,121,64,140,69,83626,46941,1.3084307889647155,71,38,26322,30485,21260,15063,2085,4280,49099,38802,0,0,1226,323,3373,3572,24906,9562,3721,120,1405,29603,20297,135,1546,0,0,0,0,0
1010,11781,1010.1651159708983,99789,126,67,140,69,83650,46954,1.3088015713154757,73,31,26398,30553,21186,15014,2076,4265,49099,38802,0,0,1224,323,3369,3572,24916,9567,3721,122,1410,29594,20291,135,1545,0,0,0,0,0
1011,11781,1011.2435793039222,99789,106,67,140,69,83660,46965,1.3090120153523936,78,31,26461,30625,21145,14960,2069,4247,49099,38802,0,0,1223,323,3368,3572,24926,9575,3718,122,1418,29583,20282,135,1544,0,0,0,0,0
1012,11781,1012.319617175538,99789,113,62,140,69,83679,46971,1.309262543967772,78,34,26540,30687,21067,14918,2061,4229,49099,38802,0,0,1222,323,3368,3573,24934,9579,3717,123,1421,29571,20279,135,1544,0,0,0,0,0
1013,11781,1013.0351847751267,99789,122,63,140,69,83695,46977,1.309483009149305,69,37,26591,30735,21019,14879,2058,4216,49099,38802,0,0,1221,323,3368,3571,24933,9583,3717,124,1425,29570,20275,135,1544,0,0,0,0,0
1014,11781,1014.1060421978898,99789,128,66,140,69,83718,46991,1.3098537915000652,66,34,26648,30790,20963,14845,2054,4195,49099,38802,0,0,1221,323,3368,3570,24938,9589,3716,124,1433,29564,20266,135,1542,0,0,0,0,0
1015,11781,1015.1743978340814,99789,130,64,140,69,83737,46998,1.3101143412600587,58,37,26730,30833,20896,14816,2045,4180,49099,38802,0,0,1221,323,3366,3571,24942,9595,3715,124,1441,29556,20258,135,1542,0,0,0,0,0
1016,11781,1016.2395968204504,99789,140,61,140,69,83762,47008,1.3104650813215886,54,40,26802,30889,20830,14778,2033,4162,49099,38802,0,0,1221,322,3365,3572,24951,9598,3713,124,1450,29548,20249,135,1541,0,0,0,0,0
1017,11781,1017.3018356715693,99789,121,56,140,69,83771,47014,1.3106153984908155,66,39,26861,30962,20783,14731,2028,4142,49099,38802,0,0,1219,321,3365,3572,24956,9607,3711,126,1459,29537,20240,135,1541,0,0,0,0,0
1018,11781,1018.0087370050971,99789,128,58,140,69,83782,47023,1.3108158213831185,60,37,26922,30999,20722,14705,2027,4131,49099,38802,0,0,1219,321,3365,3573,24957,9609,3710,126,1464,29534,20235,135,1541,0,0,0,0,0
1019,11781,1019.0665001987776,99789,128,57,140,69,83801,47032,1.3110964134323422,55,40,26995,31061,20664,14659,2017,4113,49099,38802,0,0,1217,320,3365,3574,24959,9615,3710,128,1474,29527,20225,135,1540,0,0,0,0,0
1020,11781,1020.1214075012053,99789,120,58,140,69,83815,47046,1.311377005481566,59,37,27061,31122,20606,14614,2013,4099,49099,38802,0,0,1215,320,3364,3576,24965,9623,3707,130,1477,29519,20221,134,1538,0,0,0,0,0
1021,11781,1021.1737387822208,99789,112,54,140,69,83834,47056,1.311667618675405,59,35,27135,31184,20545,14578,2008,4079,49099,38802,0,0,1214,319,3362,3577,24971,9632,3706,131,1487,29507,20211,134,1538,0,0,0,0,0
1022,11781,1022.2232469374882,99789,111,53,140,69,83850,47065,1.3119181472907835,59,34,27200,31247,20488,14534,2001,4062,49099,38802,0,0,1213,319,3361,3577,24973,9640,3704,132,1492,29500,20206,134,1538,0,0,0,0,0
1023,11781,1023.2703419840813,99789,108,52,140,69,83866,47074,1.312168675906162,58,41,27272,31293,20428,14494,1993,4050,49099,38802,0,0,1212,319,3359,3573,24988,9642,3704,133,1499,29491,20197,134,1538,0,0,0,0,0
1024,11781,1024.31477858808,99789,108,57,140,69,83882,47088,1.312469310244616,51,38,27335,31356,20380,14441,1985,4038,49099,38802,0,0,1210,319,3359,3574,24993,9647,3702,135,1503,29483,20192,134,1538,0,0,0,0,0
1025,11781,1025.0096223819003,99789,107,55,140,69,83893,47094,1.3126396697030736,50,37,27387,31396,20335,14411,1980,4031,49099,38802,0,0,1210,319,3358,3574,24998,9652,3702,135,1507,29475,20188,134,1537,0,0,0,0,0
1026,11781,1026.0496395386872,99789,106,58,140,69,83906,47107,1.312900219463067,54,33,27456,31455,20271,14367,1972,4017,49099,38802,0,0,1210,319,3358,3574,25005,9657,3702,135,1512,29464,20182,134,1537,0,0,0,0,0
1027,11781,1027.0868629387126,99789,113,61,140,69,83925,47118,1.3132008538015212,43,31,27538,31517,20201,14318,1964,4003,49099,38802,0,0,1210,319,3357,3573,25009,9661,3702,135,1519,29458,20175,134,1537,0,0,0,0,0
1028,11781,1028.1212040604487,99789,110,58,140,69,83937,47125,1.3133912555492089,53,39,27598,31562,20141,14283,1957,3988,49099,38802,0,0,1209,319,3357,3572,25010,9667,3701,136,1527,29453,20167,134,1537,0,0,0,0,0
1029,11781,1029.153093373155,99789,108,59,140,69,83949,47134,1.3136016995861268,58,37,27669,31621,20080,14238,1944,3975,49099,38802,0,0,1208,319,3356,3573,25017,9670,3700,137,1534,29444,20160,134,1537,0,0,0,0,0
1030,11781,1030.1823035622185,99789,102,57,140,69,83958,47143,1.3137820801891993,57,39,27734,31673,20030,14206,1936,3955,49099,38802,0,0,1207,319,3356,3572,25022,9676,3700,138,1542,29436,20152,134,1535,0,0,0,0,0
1031,11781,1031.2090278794938,99789,110,64,140,69,83975,47157,1.3140927356722685,54,32,27809,31733,19958,14163,1928,3938,49099,38802,0,0,1205,319,3355,3572,25023,9681,3700,140,1544,29432,20149,134,1535,0,0,0,0,0
1032,11781,1032.2331486899152,99789,112,70,140,69,83993,47170,1.3144033911553377,53,27,27858,31782,19920,14121,1916,3930,49099,38802,0,0,1205,319,3352,3573,25028,9687,3698,140,1546,29426,20147,134,1534,0,0,0,0,0
1033,11781,1033.255273203347,99789,110,65,140,69,84004,47176,1.3145737506137951,49,31,27930,31836,19860,14083,1910,3915,49099,38802,0,0,1205,319,3350,3574,25026,9696,3697,140,1550,29422,20142,134,1534,0,0,0,0,0
1034,11781,1034.2749957892252,99789,111,53,140,69,84018,47181,1.3147641523614828,47,36,27999,31905,19799,14037,1903,3899,49099,38802,0,0,1204,319,3350,3571,25042,9697,3697,141,1557,29410,20134,134,1533,0,0,0,0,0
1035,11781,1035.2922722408373,99789,97,50,140,69,84026,47186,1.3148944272414795,52,39,28057,31967,19754,13988,1899,3886,49099,38802,0,0,1204,318,3349,3570,25046,9706,3696,141,1563,29403,20128,134,1531,0,0,0,0,0
1036,11781,1036.3074861832245,99789,97,46,140,69,84042,47196,1.3151549770014732,44,36,28124,32013,19704,13957,1890,3878,49099,38802,0,0,1204,318,3349,3565,25053,9712,3696,141,1573,29395,20118,134,1531,0,0,0,0,0
1037,11781,1037.3204623808626,99789,92,47,140,69,84056,47204,1.3153754421830062,45,34,28195,32066,19646,13916,1881,3867,49099,38802,0,0,1202,318,3348,3563,25053,9721,3696,143,1578,29389,20113,134,1531,0,0,0,0,0
1038,11781,1038.331001350014,99789,94,46,140,69,84069,47209,1.3155558227860786,38,36,28275,32133,19579,13866,1873,3849,49099,38802,0,0,1202,317,3348,3564,25057,9725,3694,143,1579,29383,20112,134,1531,0,0,0,0,0
1039,11781,1039.003045492823,99789,101,47,140,69,84078,47213,1.3156860976660754,38,34,28307,32174,19544,13834,1869,3841,49099,38802,0,0,1202,317,3348,3564,25061,9725,3694,143,1580,29379,20111,134,1531,0,0,0,0,0
1040,11781,1040.009471230791,99789,98,51,140,69,84091,47223,1.3159165839922236,39,36,28373,32209,19484,13803,1865,3831,49099,38802,0,0,1202,317,3345,3562,25069,9730,3693,143,1583,29372,20108,134,1531,0,0,0,0,0
1041,11781,1041.013508091029,99789,93,56,140,69,84103,47234,1.3161470703183717,38,36,28450,32253,19421,13771,1857,3814,49099,38802,0,0,1201,317,3345,3563,25077,9732,3690,144,1589,29365,20101,134,1531,0,0,0,0,0
1042,11781,1042.015011369166,99789,93,60,140,69,84118,47242,1.31637755664452,32,36,28524,32323,19363,13715,1847,3796,49099,38802,0,0,1200,317,3345,3566,25079,9735,3688,145,1594,29361,20096,133,1530,0,0,0,0,0
1043,11781,1043.013924642066,99789,89,62,140,69,84126,47249,1.316527873813747,49,37,28574,32369,19306,13676,1841,3786,49099,38802,0,0,1200,317,3344,3566,25089,9736,3687,145,1598,29352,20092,133,1530,0,0,0,0,0
1044,11781,1044.0108033232616,99789,83,63,140,69,84132,47256,1.3166581486937439,53,36,28641,32428,19248,13627,1834,3776,49099,38802,0,0,1200,317,3344,3567,25098,9739,3686,145,1600,29340,20090,133,1530,0,0,0,0,0
1045,11781,1045.0055514860414,99789,77,66,140,69,84142,47268,1.3168786138752768,50,30,28707,32480,19196,13595,1829,3759,49099,38802,0,0,1200,317,3344,3568,25094,9750,3685,145,1604,29334,20085,133,1530,0,0,0,0,0
1046,11781,1046.3284114894743,99789,75,64,140,69,84154,47279,1.317109100201425,46,28,28774,32567,19143,13532,1821,3739,49099,38802,0,0,1199,317,3344,3568,25100,9757,3684,146,1607,29325,20081,133,1528,0,0,0,0,0
1047,11781,1047.3184700986312,99789,71,65,140,69,84162,47284,1.3172393750814217,42,31,28840,32608,19091,13499,1815,3727,49099,38802,0,0,1199,317,3344,3571,25102,9760,3681,146,1608,29320,20080,133,1528,0,0,0,0,0
1048,11781,1048.3065857364334,99789,68,63,140,69,84169,47290,1.3173696499614187,49,34,28893,32659,19035,13460,1814,3714,49099,38802,0,0,1199,317,3344,3569,25110,9761,3680,146,1612,29314,20076,133,1528,0,0,0,0,0
1049,11781,1049.292818781736,99789,73,63,140,69,84184,47296,1.3175800939983364,42,32,28953,32704,18985,13428,1806,3703,49099,38802,0,0,1198,317,3344,3569,25112,9765,3680,147,1616,29308,20072,133,1528,0,0,0,0,0
1050,11781,1050.2768950000655,99789,73,64,140,69,84194,47303,1.3177504534567939,41,33,29028,32744,18917,13399,1800,3690,49099,38802,0,0,1198,317,3344,3569,25115,9768,3678,147,1620,29304,20068,133,1528,0,0,0,0,0
1051,11781,1051.2584851397125,99789,71,71,140,69,84203,47316,1.3179709186383268,40,27,29101,32799,18856,13354,1791,3679,49099,38802,0,0,1197,317,3344,3569,25113,9774,3678,148,1625,29301,20062,133,1528,0,0,0,0,0
1052,11781,1052.2376520541613,99789,75,68,140,69,84214,47321,1.318131256952169,37,29,29164,32860,18799,13308,1784,3665,49099,38802,0,0,1197,317,3343,3569,25118,9777,3677,148,1628,29295,20059,133,1528,0,0,0,0,0
1053,11781,1053.214672707308,99789,66,60,140,69,84220,47325,1.3182314683983205,44,32,29237,32901,18733,13277,1779,3660,49099,38802,0,0,1196,317,3343,3569,25121,9784,3676,149,1634,29288,20053,133,1526,0,0,0,0,0
1054,11781,1054.1893584184006,99789,62,65,140,69,84228,47335,1.318411849001393,46,33,29299,32952,18678,13234,1774,3646,49099,38802,0,0,1196,317,3343,3569,25126,9786,3675,149,1639,29284,20048,133,1524,0,0,0,0,0
1055,11781,1055.1620337004824,99789,69,67,140,69,84238,47345,1.3186122718936957,52,30,29355,33010,18617,13194,1766,3629,49099,38802,0,0,1196,317,3343,3570,25128,9788,3674,149,1643,29281,20044,133,1523,0,0,0,0,0
1056,11781,1056.1325423729056,99789,73,70,140,69,84250,47353,1.3188126947859984,50,31,29423,33047,18555,13158,1758,3624,49099,38802,0,0,1196,317,3341,3569,25137,9789,3674,149,1645,29275,20042,133,1522,0,0,0,0,0
1057,11781,1057.100931809802,99789,72,73,140,69,84261,47362,1.3190131176783013,50,27,29487,33101,18501,13120,1749,3609,49099,38802,0,0,1196,317,3340,3570,25149,9790,3673,149,1648,29263,20039,133,1522,0,0,0,0,0
1058,11781,1058.0670675031974,99789,71,69,140,69,84269,47372,1.3191934982813738,54,31,29555,33143,18440,13093,1739,3594,49099,38802,0,0,1196,317,3338,3571,25155,9795,3671,149,1651,29256,20035,133,1522,0,0,0,0,0
1059,11781,1059.0311513461963,99789,69,72,140,69,84278,47382,1.3193839000290613,56,27,29595,33181,18408,13064,1731,3586,49099,38802,0,0,1195,317,3338,3570,25165,9797,3671,150,1652,29246,20033,133,1522,0,0,0,0,0
1060,11781,1060.3141227402043,99789,64,63,140,69,84292,47391,1.3196143863552094,50,31,29686,33239,18338,13027,1721,3570,49099,38802,0,0,1193,317,3336,3572,25173,9804,3669,152,1662,29234,20022,133,1522,0,0,0,0,0
1061,11781,1061.2739991310757,99789,69,54,140,69,84304,47397,1.319794766958282,43,30,29733,33288,18295,13002,1719,3556,49099,38802,0,0,1193,317,3336,3572,25175,9808,3669,152,1671,29228,20013,133,1522,0,0,0,0,0
1062,11781,1062.2323159064379,99789,73,51,140,69,84322,47404,1.3200452955736603,34,34,29789,33328,18252,12975,1711,3542,49099,38802,0,0,1193,317,3336,3570,25176,9816,3668,152,1674,29223,20009,133,1522,0,0,0,0,0
1063,11781,1063.1888885877552,99789,74,49,140,69,84330,47412,1.3202056338875026,30,32,29843,33383,18204,12938,1708,3528,49099,38802,0,0,1192,317,3335,3571,25178,9819,3668,153,1681,29219,20002,132,1522,0,0,0,0,0
1064,11781,1064.1439020446137,99789,73,49,140,69,84338,47425,1.3204160779244205,34,26,29902,33429,18149,12906,1701,3520,49099,38802,0,0,1192,317,3335,3571,25189,9820,3667,153,1687,29211,19995,132,1520,0,0,0,0,0
1065,11781,1065.0969633386592,99789,72,49,140,69,84348,47431,1.3205764162382627,35,27,29954,33474,18107,12873,1691,3507,49099,38802,0,0,1192,316,3334,3571,25195,9823,3667,153,1689,29205,19993,132,1519,0,0,0,0,0
1066,11781,1066.0482862138442,99789,66,52,140,69,84359,47438,1.3207567968413352,26,23,30019,33522,18062,12837,1686,3496,49099,38802,0,0,1192,316,3333,3571,25203,9826,3666,153,1693,29198,19987,132,1519,0,0,0,0,0
1067,11781,1067.3137547821423,99789,58,48,140,69,84362,47444,1.3208469871428714,31,25,30107,33588,17983,12791,1680,3478,49099,38802,0,0,1192,316,3332,3570,25210,9829,3666,153,1700,29191,19980,131,1519,0,0,0,0,0
1068,11781,1068.2606200548735,99789,61,50,140,69,84370,47454,1.3210273677459439,31,25,30151,33629,17938,12757,1678,3469,49099,38802,0,0,1192,316,3332,3571,25208,9835,3666,152,1702,29187,19978,131,1519,0,0,0,0,0
1069,11781,1069.205879899717,99789,61,43,140,69,84376,47458,1.3211275791920953,36,23,30217,33687,17872,12719,1673,3458,49099,38802,0,0,1192,316,3331,3571,25206,9841,3666,152,1708,29184,19972,131,1519,0,0,0,0,0
1070,11781,1070.149215008476,99789,60,41,140,69,84383,47461,1.3212277906382468,41,26,30270,33724,17818,12695,1670,3444,49099,38802,0,0,1192,316,3330,3570,25208,9844,3666,152,1711,29183,19968,131,1518,0,0,0,0,0
1071,11781,1071.090777340552,99789,62,39,140,69,84390,47465,1.3213380232290133,38,27,30329,33771,17768,12665,1662,3428,49099,38802,0,0,1192,316,3330,3570,25210,9847,3666,152,1713,29180,19965,131,1517,0,0,0,0,0
1072,11781,1072.030573997641,99789,58,41,140,69,84399,47471,1.3214883403982403,41,25,30382,33819,17717,12627,1661,3418,49099,38802,0,0,1192,316,3329,3571,25212,9850,3664,152,1719,29177,19959,131,1517,0,0,0,0,0
1073,11781,1073.2807356573464,99789,62,39,140,69,84412,47476,1.3216687210013127,39,24,30468,33892,17633,12572,1657,3403,49099,38802,0,0,1192,316,3328,3572,25215,9854,3663,152,1722,29173,19956,130,1516,0,0,0,0,0
1074,11781,1074.216223443532,99789,63,42,140,69,84420,47483,1.32181903817054,38,21,30527,33934,17578,12540,1653,3393,49099,38802,0,0,1192,316,3328,3573,25217,9855,3662,152,1728,29170,19950,130,1516,0,0,0,0,0
1075,11781,1075.089016628688,99789,64,42,140,69,84429,47488,1.3219593341951519,39,18,30554,33976,17551,12510,1651,3384,49099,38802,0,0,1192,316,3328,3574,25220,9857,3661,152,1731,29166,19946,130,1516,0,0,0,0,0
1076,11781,1076.2748115394031,99789,61,42,140,69,84440,47496,1.3221497359428394,36,16,30614,34031,17507,12467,1641,3374,49099,38802,0,0,1192,316,3325,3575,25230,9860,3660,152,1735,29157,19942,130,1515,0,0,0,0,0
1077,11781,1077.0821444920282,99789,58,39,140,69,84444,47502,1.3222499473889908,36,15,30659,34066,17470,12440,1636,3370,49099,38802,0,0,1192,316,3325,3576,25229,9864,3659,152,1741,29155,19935,130,1515,0,0,0,0,0
1078,11781,1078.2051141660127,99789,55,40,140,69,84450,47510,1.3223902434136028,38,9,30758,34122,17381,12401,1627,3358,49099,38802,0,0,1192,316,3325,3574,25233,9867,3659,152,1746,29150,19930,130,1515,0,0,0,0,0
1079,11781,1079.1128797910678,99789,57,38,140,69,84461,47516,1.32256060287206,34,11,30823,34165,17327,12363,1618,3353,49099,38802,0,0,1192,314,3325,3577,25235,9870,3657,152,1750,29146,19926,130,1515,0,0,0,0,0
1080,11781,1080.132351960947,99789,58,36,140,69,84467,47519,1.3226507931735962,36,12,30865,34223,17288,12318,1612,3341,49099,38802,0,0,1192,314,3325,3578,25240,9872,3656,152,1750,29141,19926,130,1513,0,0,0,0,0
1081,11781,1081.2581669877948,99789,59,33,140,69,84477,47523,1.3227910891982082,38,12,30935,34292,17219,12267,1608,3326,49099,38802,0,0,1191,314,3325,3579,25243,9874,3656,153,1754,29137,19921,129,1513,0,0,0,0,0
1082,11781,1082.180665852669,99789,64,31,140,69,84489,47526,1.3229414063674352,31,15,30975,34340,17187,12242,1602,3302,49099,38802,0,0,1191,314,3325,3579,25243,9877,3656,153,1759,29134,19916,129,1513,0,0,0,0,0
1083,11781,1083.1507894187473,99789,64,30,140,69,84495,47530,1.3230416178135866,33,18,31014,34391,17152,12201,1596,3290,49099,38802,0,0,1191,314,3324,3580,25244,9880,3655,153,1761,29132,19913,129,1513,0,0,0,0,0
1084,11781,1084.0579534995297,99789,58,32,140,69,84496,47533,1.3230817023920471,40,19,31052,34412,17119,12183,1590,3284,49099,38802,0,0,1191,314,3324,3581,25244,9883,3654,153,1762,29130,19912,129,1512,0,0,0,0,0
1085,11781,1085.0111110751693,99789,56,31,140,69,84501,47539,1.3231919349828138,43,16,31112,34469,17063,12145,1585,3269,49099,38802,0,0,1191,314,3323,3582,25250,9883,3653,153,1767,29125,19907,129,1512,0,0,0,0,0
1086,11781,1086.1329284520696,99789,57,31,140,69,84516,47544,1.3233923578751166,39,15,31183,34544,17002,12088,1578,3252,49099,38802,0,0,1191,314,3322,3583,25254,9887,3651,153,1770,29119,19904,129,1512,0,0,0,0,0
1087,11781,1087.2010943393013,99789,57,31,140,69,84520,47547,1.3234625058874225,40,15,31237,34581,16951,12058,1574,3245,49099,38802,0,0,1191,314,3322,3584,25255,9888,3650,153,1773,29117,19901,129,1512,0,0,0,0,0
1088,11781,1088.0324587917823,99789,60,34,140,69,84531,47553,1.3236328653458798,33,16,31305,34623,16895,12021,1566,3236,49099,38802,0,0,1191,314,3322,3584,25251,9893,3649,153,1776,29117,19898,129,1512,0,0,0,0,0
1089,11781,1089.0855225573218,99789,63,36,140,69,84542,47558,1.323793203659722,28,15,31366,34668,16841,11984,1561,3227,49099,38802,0,0,1191,314,3322,3585,25254,9894,3648,153,1779,29113,19895,129,1512,0,0,0,0,0
1090,11781,1090.0007449913796,99789,67,36,140,69,84553,47564,1.3239635631181794,26,11,31430,34720,16778,11942,1558,3221,49099,38802,0,0,1191,314,3322,3583,25253,9899,3648,153,1782,29111,19892,129,1512,0,0,0,0,0
1091,11781,1091.0051497449797,99789,67,36,140,69,84559,47568,1.3240637745643307,33,11,31489,34764,16717,11915,1553,3204,49099,38802,0,0,1191,313,3321,3584,25256,9900,3647,153,1784,29110,19890,129,1511,0,0,0,0,0
1092,11781,1092.2337154226095,99789,61,37,140,69,84569,47571,1.3241940494443276,38,16,31553,34812,16662,11875,1545,3190,49099,38802,0,0,1190,313,3320,3584,25255,9906,3645,154,1787,29108,19887,129,1511,0,0,0,0,0
1093,11781,1093.0960873405425,99789,62,39,140,69,84575,47577,1.324314303179709,43,12,31580,34849,16631,11847,1543,3183,49099,38802,0,0,1190,313,3320,3583,25258,9908,3645,154,1788,29104,19886,129,1511,0,0,0,0,0
1094,11781,1094.1912049193172,99789,62,38,140,69,84583,47579,1.3244145146258606,50,18,31640,34913,16574,11787,1533,3174,49099,38802,0,0,1190,313,3320,3582,25262,9911,3645,154,1789,29099,19885,129,1510,0,0,0,0,0
