,indexID,time,N,Inf_L,Inf_H,Dead_L,Dead_H,cum_cases_L,cum_cases_H,cum_sum_per_N,Exposed_L,Exposed_H,Sus_L,Sus_H,Rec_nat_L,Rec_nat_H,Rec_vax_L,Rec_vax_H,vaccinatedH,vaccinatedL,boostedH,boostedL,count_Naive,count_Delta,count_Delta_vaccine,count_two,count_three,count_four,count_Omicron,count_Omicron_star,count_Omicron_star_vaccine,count_Omicron_vaccine,count_Vaccine,count_WT,count_WT_vaccine,count_WT_vaccine_boost,count_Omicron_vaccine_boost,count_Delta_vaccine_boost,count_Omicron_star_vaccine_boost,count_Vaccine_boost
0,8786,1.2005794951999842,99996,7,5,0,0,8,6,0.00014000560022400896,17,19,49973,49973,1,1,0,0,0,0,0,0,99994,0,0,0,0,0,0,0,0,0,0,2,0,0,0,0,0,0
1,8786,2.127914403824717,99996,9,9,0,0,11,10,0.00021000840033601344,17,17,49970,49971,2,1,0,0,0,0,0,0,99993,0,0,0,0,0,0,0,0,0,0,3,0,0,0,0,0,0
2,8786,3.0696768956756695,99996,15,16,0,0,19,18,0.00037001480059202366,11,13,49968,49967,4,2,0,0,0,0,0,0,99990,0,0,0,0,0,0,0,0,0,0,6,0,0,0,0,0,0
3,8786,4.030815484120302,99996,17,16,0,0,23,20,0.00043001720068802754,9,13,49966,49965,6,4,0,0,0,0,0,0,99986,0,0,0,0,0,0,0,0,0,0,10,0,0,0,0,0,0
4,8786,5.040919832459474,99996,15,15,0,0,24,22,0.00046001840073602946,10,13,49964,49963,9,7,0,0,0,0,0,0,99980,0,0,0,0,0,0,0,0,0,0,16,0,0,0,0,0,0
5,8786,6.010374826881756,99996,17,17,0,0,28,26,0.0005400216008640345,9,9,49961,49963,11,9,0,0,0,0,0,0,99976,0,0,0,0,0,0,0,0,0,0,20,0,0,0,0,0,0
6,8786,7.0086454295317875,99996,16,19,0,0,31,30,0.0006100244009760391,8,5,49959,49963,15,11,0,0,0,0,0,0,99970,0,0,0,0,0,0,0,0,0,0,26,0,0,0,0,0,0
7,8786,8.069030580304947,99996,15,17,0,0,33,31,0.000640025601024041,10,6,49956,49961,17,14,0,0,0,0,0,0,99964,0,0,0,0,0,0,0,0,0,0,32,0,0,0,0,0,0
8,8786,9.037339878992734,99996,16,18,0,0,34,32,0.0006600264010560422,12,10,49953,49956,17,14,0,0,0,0,0,0,99964,0,0,0,0,0,0,0,0,0,0,32,0,0,0,0,0,0
9,8786,10.024173881499804,99996,16,20,0,0,36,36,0.0007200288011520461,12,8,49951,49954,19,16,0,0,0,0,0,0,99960,0,0,0,0,0,0,0,0,0,0,36,0,0,0,0,0,0
10,8786,11.077602370431004,99996,15,19,0,0,37,37,0.0007400296011840473,13,8,49950,49953,20,18,0,0,0,0,0,0,99956,0,0,0,0,0,0,0,0,0,0,40,0,0,0,0,0,0
11,8786,12.02161260942823,99996,16,18,0,0,39,38,0.0007700308012320492,11,9,49950,49951,21,20,0,0,0,0,0,0,99953,0,0,0,0,0,0,0,0,0,0,43,0,0,0,0,0,0
12,8786,13.019456929431914,99996,19,19,0,0,46,42,0.0008800352014080563,6,6,49948,49950,25,23,0,0,0,0,0,0,99946,0,0,0,0,0,0,0,0,0,0,50,0,0,0,0,0,0
13,8786,14.03626067997206,99996,19,18,0,0,48,42,0.0009000360014400576,7,7,49945,49949,27,24,0,0,0,0,0,0,99943,0,0,0,0,0,0,0,0,0,0,53,0,0,0,0,0,0
14,8786,15.016109496393316,99996,21,17,0,0,52,46,0.0009800392015680626,5,6,49943,49947,29,28,0,0,0,0,0,0,99936,0,0,0,0,0,0,0,0,0,0,60,0,0,0,0,0,0
15,8786,16.151241293016973,99996,21,15,0,0,56,48,0.0010400416016640667,6,7,49938,49944,33,32,0,0,0,0,0,0,99928,0,0,0,0,0,0,0,0,0,0,68,0,0,0,0,0,0
16,8786,17.018943590423298,99996,17,17,0,0,59,51,0.0011000440017600705,8,8,49933,49941,40,32,0,0,0,0,0,0,99920,0,0,0,0,0,0,0,0,0,0,76,0,0,0,0,0,0
17,8786,18.223198306560075,99996,14,14,0,0,60,52,0.0011200448017920717,8,9,49933,49939,43,36,0,0,0,0,0,0,99912,0,0,0,0,0,0,0,0,0,0,84,0,0,0,0,0,0
18,8786,19.13714664963813,99996,14,12,0,0,62,53,0.0011500460018400735,7,10,49932,49938,45,38,0,0,0,0,0,0,99907,0,0,0,0,0,0,0,0,0,0,89,0,0,0,0,0,0
19,8786,20.068653307206098,99996,16,13,0,0,66,56,0.0012200488019520781,6,8,49929,49938,47,39,0,0,0,0,0,0,99903,0,0,0,0,0,0,0,0,0,0,93,0,0,0,0,0,0
20,8786,21.0387909377719,99996,11,11,0,0,66,57,0.0012300492019680787,8,7,49927,49938,52,42,0,0,0,0,0,0,99895,0,0,0,0,0,0,0,0,0,0,101,0,0,0,0,0,0
21,8786,22.116921881256534,99996,12,11,0,0,69,59,0.001280051202048082,8,5,49925,49938,53,44,0,0,0,0,0,0,99891,0,0,0,0,0,0,0,0,0,0,105,0,0,0,0,0,0
22,8786,23.03189305177698,99996,9,9,0,0,70,61,0.0013100524020960838,7,3,49926,49938,56,48,0,0,0,0,0,0,99883,0,0,0,0,0,0,0,0,0,0,113,0,0,0,0,0,0
23,8786,24.07409203069477,99996,9,8,0,0,73,63,0.001360054402176087,6,2,49925,49938,58,50,0,0,0,0,0,0,99877,0,0,0,0,0,0,0,0,0,0,119,0,0,0,0,0,0
24,8786,25.11498563465286,99996,9,8,0,0,75,64,0.001390055602224089,8,3,49921,49936,60,51,0,0,0,0,0,0,99874,0,0,0,0,0,0,0,0,0,0,122,0,0,0,0,0,0
25,8786,26.02870459860236,99996,11,10,0,0,78,66,0.0014400576023040922,7,2,49920,49935,60,51,0,0,0,0,0,0,99873,0,0,0,0,0,0,0,0,0,0,123,0,0,0,0,0,0
26,8786,27.160320865572107,99996,12,10,0,0,81,67,0.0014800592023680947,5,1,49919,49935,62,52,0,0,0,0,0,0,99870,0,0,0,0,0,0,0,0,0,0,126,0,0,0,0,0,0
27,8786,28.201796270925804,99996,12,9,0,0,83,68,0.0015100604024160967,6,1,49916,49934,64,54,0,0,0,0,0,0,99866,0,0,0,0,0,0,0,0,0,0,130,0,0,0,0,0,0
28,8786,29.01532706642499,99996,11,8,0,0,84,68,0.0015200608024320973,6,2,49915,49934,66,54,0,0,0,0,0,0,99863,0,0,0,0,0,0,0,0,0,0,133,0,0,0,0,0,0
29,8786,30.005000658141938,99996,13,9,0,0,88,69,0.0015700628025121005,3,2,49914,49933,68,54,0,0,0,0,0,0,99861,0,0,0,0,0,0,0,0,0,0,135,0,0,0,0,0,0
30,8786,31.17364406870182,99996,12,9,0,0,88,70,0.001580063202528101,7,2,49910,49932,69,55,0,0,0,0,0,0,99859,0,0,0,0,0,0,0,0,0,0,137,0,0,0,0,0,0
31,8786,32.05822998183264,99996,14,7,0,0,90,70,0.0016000640025601023,6,2,49909,49934,69,55,0,0,0,0,0,0,99857,0,0,0,0,0,0,0,0,0,0,139,0,0,0,0,0,0
32,8786,33.029104584021454,99996,11,6,0,0,92,70,0.0016200648025921037,5,2,49908,49934,74,56,0,0,0,0,0,0,99851,0,0,0,0,0,0,0,0,0,0,145,0,0,0,0,0,0
33,8786,34.06354692047198,99996,12,4,0,0,93,70,0.0016300652026081043,4,2,49908,49934,74,58,0,0,0,0,0,0,99849,0,0,0,0,0,0,0,0,0,0,147,0,0,0,0,0,0
34,8786,35.310767220793885,99996,9,4,0,0,94,70,0.001640065602624105,6,3,49905,49933,78,58,0,0,0,0,0,0,99845,0,0,0,0,0,0,0,0,0,0,151,0,0,0,0,0,0
35,8786,36.031492048908895,99996,10,5,0,0,95,71,0.0016600664026561063,6,2,49905,49933,77,58,0,0,0,0,0,0,99845,0,0,0,0,0,0,0,0,0,0,151,0,0,0,0,0,0
36,8786,37.00393945595712,99996,11,5,0,0,97,71,0.0016800672026881075,5,3,49904,49932,78,58,0,0,0,0,0,0,99844,0,0,0,0,0,0,0,0,0,0,152,0,0,0,0,0,0
37,8786,38.115031009218846,99996,11,6,0,0,97,73,0.0017000680027201088,7,3,49902,49931,78,58,0,0,0,0,0,0,99843,0,0,0,0,0,0,0,0,0,0,153,0,0,0,0,0,0
38,8786,39.14889735662214,99996,15,6,0,0,101,74,0.001750070002800112,4,3,49901,49930,78,59,0,0,0,0,0,0,99842,0,0,0,0,0,0,0,0,0,0,154,0,0,0,0,0,0
39,8786,40.25356499580959,99996,14,7,0,0,101,75,0.0017600704028161126,4,2,49901,49930,79,59,0,0,0,0,0,0,99841,0,0,0,0,0,0,0,0,0,0,155,0,0,0,0,0,0
40,8786,41.01311256232336,99996,16,5,0,0,103,76,0.0017900716028641146,4,2,49899,49929,79,62,0,0,0,0,0,0,99838,0,0,0,0,0,0,0,0,0,0,158,0,0,0,0,0,0
41,8786,42.11639115735762,99996,16,6,0,0,105,77,0.0018200728029121164,3,3,49898,49927,81,62,0,0,0,0,0,0,99836,0,0,0,0,0,0,0,0,0,0,160,0,0,0,0,0,0
42,8786,43.07076979428256,99996,15,7,0,0,106,78,0.0018400736029441178,2,2,49899,49927,82,62,0,0,0,0,0,0,99834,0,0,0,0,0,0,0,0,0,0,162,0,0,0,0,0,0
43,8786,44.145228340628954,99996,16,8,0,0,108,79,0.0018700748029921196,1,5,49898,49923,83,62,0,0,0,0,0,0,99833,0,0,0,0,0,0,0,0,0,0,163,0,0,0,0,0,0
44,8786,45.270910999143574,99996,13,8,0,0,109,80,0.001890075603024121,1,4,49897,49923,87,63,0,0,0,0,0,0,99828,0,0,0,0,0,0,0,0,0,0,168,0,0,0,0,0,0
45,8786,46.277302578360576,99996,11,9,0,0,109,81,0.0019000760030401216,4,7,49894,49919,89,63,0,0,0,0,0,0,99826,0,0,0,0,0,0,0,0,0,0,170,0,0,0,0,0,0
46,8786,47.32664727078215,99996,11,9,0,0,110,82,0.0019200768030721229,6,9,49892,49916,89,64,0,0,0,0,0,0,99824,0,0,0,0,0,0,0,0,0,0,172,0,0,0,0,0,0
47,8786,48.24279356173955,99996,11,11,0,0,111,84,0.0019500780031201249,7,9,49890,49914,90,64,0,0,0,0,0,0,99823,0,0,0,0,0,0,0,0,0,0,173,0,0,0,0,0,0
48,8786,49.14603303022013,99996,10,12,0,0,112,85,0.001970078803152126,10,9,49886,49913,92,64,0,0,0,0,0,0,99821,0,0,0,0,0,0,0,0,0,0,175,0,0,0,0,0,0
49,8786,50.01091942706083,99996,8,14,0,0,112,87,0.0019900796031841273,13,7,49883,49913,94,64,0,0,0,0,0,0,99819,0,0,0,0,0,0,0,0,0,0,177,0,0,0,0,0,0
50,8786,51.007264399026,99996,8,14,0,0,113,90,0.00203008120324813,12,6,49883,49911,95,67,0,0,0,0,0,0,99815,0,0,0,0,0,0,0,0,0,0,181,0,0,0,0,0,0
51,8786,52.00250052753463,99996,7,13,0,0,116,90,0.0020600824032961317,11,7,49882,49910,98,68,0,0,0,0,0,0,99810,0,0,0,0,0,0,0,0,0,0,186,0,0,0,0,0,0
52,8786,53.000326065220925,99996,9,15,0,0,118,93,0.002110084403376135,11,4,49880,49911,98,68,0,0,0,0,0,0,99809,0,0,0,0,0,0,0,0,0,0,187,0,0,0,0,0,0
53,8786,54.03432969806747,99996,11,11,0,0,121,94,0.0021500860034401378,14,8,49874,49906,99,73,0,0,0,0,0,0,99803,0,0,0,0,0,0,0,0,0,0,193,0,0,0,0,0,0
54,8786,55.1065339048943,99996,12,12,0,0,124,96,0.002200088003520141,15,7,49873,49905,98,74,0,0,0,0,0,0,99800,0,0,0,0,0,0,0,0,0,0,196,0,0,0,0,0,0
55,8786,56.28048852032139,99996,12,14,0,0,126,98,0.0022400896035841434,14,5,49872,49905,100,74,0,0,0,0,0,0,99798,0,0,0,0,0,0,0,0,0,0,198,0,0,0,0,0,0
56,8786,57.142596956171225,99996,11,14,0,0,127,98,0.0022500900036001442,14,6,49871,49904,102,74,0,0,0,0,0,0,99796,0,0,0,0,0,0,0,0,0,0,200,0,0,0,0,0,0
57,8786,58.1736816898697,99996,12,13,0,0,130,99,0.0022900916036641466,12,5,49870,49904,104,76,0,0,0,0,0,0,99792,0,0,0,0,0,0,0,0,0,0,204,0,0,0,0,0,0
58,8786,59.14542541852317,99996,12,13,0,0,133,100,0.002330093203728149,11,5,49869,49903,106,77,0,0,0,0,0,0,99788,0,0,0,0,0,0,0,0,0,0,208,0,0,0,0,0,0
59,8786,60.205668970050006,99995,11,9,1,0,135,100,0.0023501175058752936,10,7,49868,49901,108,81,0,0,0,0,0,0,99781,0,0,0,0,0,0,0,0,0,0,214,0,0,0,0,0,0
60,8786,61.04960037067565,99995,13,8,1,0,138,101,0.0023901195059752986,7,7,49869,49901,108,82,0,0,0,0,0,0,99778,0,0,0,0,0,0,0,0,0,0,217,0,0,0,0,0,0
61,8786,62.053785742813155,99995,14,6,1,0,139,102,0.002410120506025301,8,8,49868,49899,107,85,0,0,0,0,0,0,99775,0,0,0,0,0,0,0,0,0,0,220,0,0,0,0,0,0
62,8786,63.04056710221615,99995,14,5,1,0,141,103,0.002440122006100305,12,7,49862,49900,109,86,0,0,0,0,0,0,99771,0,0,0,0,0,0,0,0,0,0,224,0,0,0,0,0,0
63,8786,64.02088820042248,99995,16,5,1,0,144,104,0.00248012400620031,10,7,49861,49899,110,87,0,0,0,0,0,0,99769,0,0,0,0,0,0,0,0,0,0,226,0,0,0,0,0,0
64,8786,65.15541988406737,99995,13,6,1,0,146,107,0.0025301265063253165,12,5,49859,49898,113,89,0,0,0,0,0,0,99762,0,0,0,0,0,0,0,0,0,0,233,0,0,0,0,0,0
65,8786,66.20262225408585,99995,13,5,1,0,149,109,0.0025801290064503225,13,3,49855,49898,116,92,0,0,0,0,0,0,99756,0,0,0,0,0,0,0,0,0,0,239,0,0,0,0,0,0
66,8786,67.10398524106996,99995,14,6,1,0,152,111,0.002630131506575329,14,4,49851,49895,118,93,0,0,0,0,0,0,99753,0,0,0,0,0,0,0,0,0,0,242,0,0,0,0,0,0
67,8786,68.0256218106777,99995,17,6,1,0,155,111,0.0026601330066503325,12,6,49851,49893,117,93,0,0,0,0,0,0,99753,0,0,0,0,0,0,0,0,0,0,242,0,0,0,0,0,0
68,8786,69.0427537475853,99994,20,6,2,0,160,113,0.00273016380982859,10,6,49848,49891,118,95,0,0,0,0,0,0,99749,0,0,0,0,0,0,0,0,0,0,245,0,0,0,0,0,0
69,8786,70.13339877318094,99994,18,6,2,0,161,114,0.002750165009900594,12,7,49845,49890,121,95,0,0,0,0,0,0,99745,0,0,0,0,0,0,0,0,0,0,249,0,0,0,0,0,0
70,8786,71.28663368442528,99994,18,9,2,0,164,117,0.002810168610116607,11,5,49843,49889,124,95,0,0,0,0,0,0,99742,0,0,0,0,0,0,0,0,0,0,252,0,0,0,0,0,0
71,8786,72.22789240075036,99994,18,11,2,0,166,119,0.0028501710102606156,10,4,49843,49890,125,93,0,0,0,0,0,0,99740,0,0,0,0,0,0,0,0,0,0,254,0,0,0,0,0,0
72,8786,73.15093083436848,99994,18,9,2,0,168,119,0.00287017221033262,12,6,49841,49888,125,95,0,0,0,0,0,0,99736,0,0,0,0,0,0,0,0,0,0,258,0,0,0,0,0,0
73,8786,74.2970156169806,99994,22,10,2,0,172,120,0.002920175210512631,10,5,49840,49890,124,93,0,0,0,0,0,0,99736,0,0,0,0,0,0,0,0,0,0,258,0,0,0,0,0,0
74,8786,75.04991889648898,99994,22,8,2,0,174,120,0.002940176410584635,12,6,49837,49889,125,95,0,0,0,0,0,0,99732,0,0,0,0,0,0,0,0,0,0,262,0,0,0,0,0,0
75,8786,76.15588484200501,99994,25,10,2,0,178,123,0.0030101806108366502,12,3,49835,49889,124,96,0,0,0,0,0,0,99730,0,0,0,0,0,0,0,0,0,0,264,0,0,0,0,0,0
76,8786,77.30073230410324,99994,22,6,2,0,181,124,0.003050183010980659,13,4,49831,49888,130,100,0,0,0,0,0,0,99719,0,0,0,0,0,0,0,0,0,0,275,0,0,0,0,0,0
77,8786,78.14221306264578,99994,23,7,2,0,183,126,0.0030901854111246674,14,3,49828,49887,131,101,0,0,0,0,0,0,99717,0,0,0,0,0,0,0,0,0,0,277,0,0,0,0,0,0
78,8786,79.16175031628255,99994,22,6,2,0,185,126,0.003110186611196672,14,3,49827,49887,133,102,0,0,0,0,0,0,99713,0,0,0,0,0,0,0,0,0,0,281,0,0,0,0,0,0
79,8786,80.02449823199007,99994,21,7,2,0,186,127,0.003130187811268676,16,4,49824,49885,135,102,0,0,0,0,0,0,99711,0,0,0,0,0,0,0,0,0,0,283,0,0,0,0,0,0
80,8786,81.11669123452334,99994,21,7,2,0,190,127,0.003170190211412685,17,4,49819,49885,139,102,0,0,0,0,0,0,99707,0,0,0,0,0,0,0,0,0,0,287,0,0,0,0,0,0
81,8786,82.10681526484649,99994,24,7,2,0,194,129,0.0032301938116286975,17,2,49815,49886,140,103,0,0,0,0,0,0,99704,0,0,0,0,0,0,0,0,0,0,290,0,0,0,0,0,0
82,8786,83.04303067848241,99994,28,6,2,0,201,129,0.003300198011880713,11,3,49815,49885,142,104,0,0,0,0,0,0,99700,0,0,0,0,0,0,0,0,0,0,294,0,0,0,0,0,0
83,8786,84.08791344498182,99993,25,7,3,0,203,131,0.0033402338163671455,15,3,49812,49883,143,105,0,0,0,0,0,0,99694,0,0,0,0,0,0,0,0,0,0,299,0,0,0,0,0,0
84,8786,85.31813465496917,99993,22,7,3,0,204,132,0.0033602352164651527,20,4,49807,49881,146,106,0,0,0,0,0,0,99689,0,0,0,0,0,0,0,0,0,0,304,0,0,0,0,0,0
85,8786,86.05449170587984,99993,20,7,3,0,206,134,0.0034002380166611662,19,3,49806,49880,150,108,0,0,0,0,0,0,99683,0,0,0,0,0,0,0,0,0,0,310,0,0,0,0,0,0
86,8786,87.13530195301993,99993,24,8,3,0,213,135,0.0034802436170531937,13,5,49805,49879,153,106,0,0,0,0,0,0,99680,0,0,0,0,0,0,0,0,0,0,313,0,0,0,0,0,0
87,8786,88.03223763689915,99993,24,10,3,0,217,137,0.0035402478173472145,16,5,49798,49877,157,106,0,0,0,0,0,0,99676,0,0,0,0,0,0,0,0,0,0,317,0,0,0,0,0,0
88,8786,89.0835059663722,99993,22,10,3,0,220,138,0.003580250617543228,17,5,49794,49876,162,107,0,0,0,0,0,0,99670,0,0,0,0,0,0,0,0,0,0,323,0,0,0,0,0,0
89,8786,90.07628039677198,99993,24,11,3,0,224,140,0.0036402548178372488,14,4,49793,49875,164,108,0,0,0,0,0,0,99667,0,0,0,0,0,0,0,0,0,0,326,0,0,0,0,0,0
90,8786,91.15310556008473,99992,23,8,4,0,229,140,0.0036902952236178895,12,4,49790,49875,169,111,0,0,0,0,0,0,99658,0,0,0,0,0,0,0,0,0,0,334,0,0,0,0,0,0
91,8786,92.1385627029557,99992,22,8,4,0,232,141,0.00373029842387391,10,5,49789,49873,173,112,0,0,0,0,0,0,99653,0,0,0,0,0,0,0,0,0,0,339,0,0,0,0,0,0
92,8786,93.30827655114308,99992,21,10,4,0,235,144,0.003790303224257941,11,4,49785,49871,177,113,0,0,0,0,0,0,99648,0,0,0,0,0,0,0,0,0,0,344,0,0,0,0,0,0
93,8786,94.09335825578776,99992,18,10,4,0,236,145,0.003810304824385951,11,3,49787,49871,178,114,0,0,0,0,0,0,99643,0,0,0,0,0,0,0,0,0,0,349,0,0,0,0,0,0
94,8786,95.01818831438835,99992,18,7,4,0,239,145,0.0038403072245779663,11,4,49784,49870,181,117,0,0,0,0,0,0,99637,0,0,0,0,0,0,0,0,0,0,355,0,0,0,0,0,0
95,8786,96.10291944977173,99992,20,7,4,0,244,145,0.0038903112248979918,11,5,49779,49869,184,117,0,0,0,0,0,0,99634,0,0,0,0,0,0,0,0,0,0,358,0,0,0,0,0,0
96,8786,97.24614878911414,99992,21,7,4,0,250,146,0.003960316825346028,13,5,49772,49868,188,118,0,0,0,0,0,0,99628,0,0,0,0,0,0,0,0,0,0,364,0,0,0,0,0,0
97,8786,98.22024390865482,99992,22,6,4,0,256,146,0.004020321625730058,12,6,49768,49867,192,119,0,0,0,0,0,0,99622,0,0,0,0,0,0,0,0,0,0,370,0,0,0,0,0,0
98,8786,99.31114876044418,99992,21,8,4,0,259,149,0.004080326426114089,10,6,49767,49865,196,119,0,0,0,0,0,0,99617,0,0,0,0,0,0,0,0,0,0,375,0,0,0,0,0,0
99,8786,100.02811729542509,99992,22,7,4,0,260,149,0.004090327226178094,11,6,49765,49865,196,120,0,0,0,0,0,0,99616,0,0,0,0,0,0,0,0,0,0,376,0,0,0,0,0,0
100,8786,101.04527870441898,99992,19,10,4,0,262,152,0.0041403312264981194,11,6,49763,49866,201,116,0,0,0,0,0,0,99611,0,0,0,0,0,0,0,0,0,0,381,0,0,0,0,0,0
101,8786,102.06743076696358,99992,21,11,4,0,264,154,0.004180334426754141,9,6,49763,49864,201,117,0,0,0,0,0,0,99610,0,0,0,0,0,0,0,0,0,0,382,0,0,0,0,0,0
102,8786,103.0492698661241,99992,17,8,4,0,264,156,0.004200336026882151,17,6,49755,49862,205,122,0,0,0,0,0,0,99601,0,0,0,0,0,0,0,0,0,0,391,0,0,0,0,0,0
103,8786,104.01037704013304,99992,17,12,4,0,267,160,0.0042703416273301865,16,4,49754,49861,207,121,0,0,0,0,0,0,99598,0,0,0,0,0,0,0,0,0,0,394,0,0,0,0,0,0
104,8786,105.06230556979783,99992,18,12,4,0,272,163,0.004350348027842227,16,4,49749,49859,211,123,0,0,0,0,0,0,99591,0,0,0,0,0,0,0,0,0,0,401,0,0,0,0,0,0
105,8786,106.01072866994996,99992,22,8,4,0,278,163,0.004410352828226258,17,7,49743,49857,212,126,0,0,0,0,0,0,99585,0,0,0,0,0,0,0,0,0,0,407,0,0,0,0,0,0
106,8786,107.0945739236655,99992,22,12,4,0,281,168,0.004490359228738299,22,7,49736,49852,214,127,0,0,0,0,0,0,99581,0,0,0,0,0,0,0,0,0,0,411,0,0,0,0,0,0
107,8786,108.2158416290917,99992,21,14,4,0,286,172,0.004580366429314345,17,7,49736,49848,220,129,0,0,0,0,0,0,99573,0,0,0,0,0,0,0,0,0,0,419,0,0,0,0,0,0
108,8786,109.01620226447304,99992,28,16,4,0,294,175,0.004690375230018401,16,8,49730,49845,220,129,0,0,0,0,0,0,99571,0,0,0,0,0,0,0,0,0,0,421,0,0,0,0,0,0
109,8786,110.06743089923758,99992,36,14,4,0,303,176,0.004790383230658453,10,10,49727,49844,221,130,0,0,0,0,0,0,99567,0,0,0,0,0,0,0,0,0,0,425,0,0,0,0,0,0
110,8786,111.24678923477609,99992,34,15,4,0,307,180,0.004870389631170494,10,11,49725,49839,225,133,0,0,0,0,0,0,99558,0,0,0,0,0,0,0,0,0,0,434,0,0,0,0,0,0
111,8786,112.19623229365135,99992,30,18,4,0,310,185,0.004950396031682534,8,7,49724,49838,232,135,0,0,0,0,0,0,99549,0,0,0,0,0,0,0,0,0,0,443,0,0,0,0,0,0
112,8786,113.29294494979472,99991,29,17,5,0,314,186,0.005000450040503646,11,11,49718,49834,235,136,0,0,0,0,0,0,99542,0,0,0,0,0,0,0,0,0,0,449,0,0,0,0,0,0
113,8786,114.07887797513466,99991,25,17,5,0,314,187,0.005010450940584652,17,13,49713,49832,238,136,0,0,0,0,0,0,99538,0,0,1,0,0,0,0,0,0,0,452,0,0,0,0,0,0
114,8786,115.05354074474043,99991,24,20,5,0,316,190,0.005060455440989689,17,11,49713,49831,239,136,0,0,0,0,0,0,99535,0,0,1,0,0,0,0,0,0,0,455,0,0,0,0,0,0
115,8786,116.00963716745571,99991,28,20,5,0,322,193,0.005150463541718755,20,11,49704,49828,241,139,0,0,0,0,0,0,99530,0,0,1,0,0,0,0,0,0,0,460,0,0,0,0,0,0
116,8786,117.08513522988424,99991,30,19,5,0,327,194,0.005210468942204799,19,13,49701,49825,243,141,0,0,0,0,0,0,99525,0,0,1,0,0,0,0,0,0,0,465,0,0,0,0,0,0
117,8786,118.10895311764726,99991,30,18,5,0,331,199,0.005300477042933864,22,9,49695,49824,246,147,0,0,0,0,0,0,99515,0,0,1,0,0,0,0,0,0,0,475,0,0,0,0,0,0
118,8786,119.20520876614721,99991,35,17,5,0,342,201,0.005430488743986959,21,10,49685,49822,252,149,0,0,0,0,0,0,99506,0,0,1,0,0,0,0,0,0,0,484,0,0,0,0,0,0
119,8786,120.16240232065257,99991,34,16,5,0,345,202,0.005470492344310988,26,13,49679,49818,254,151,0,0,0,0,0,0,99500,0,0,1,0,0,0,0,0,0,0,490,0,0,0,0,0,0
120,8786,121.07398073664903,99991,38,19,5,0,352,207,0.005590503145283076,21,9,49679,49817,255,153,0,0,0,0,0,0,99495,0,0,1,0,0,0,0,0,0,0,495,0,0,0,0,0,0
121,8786,122.1490420908639,99991,39,14,5,0,357,210,0.005670510345931134,23,10,49672,49813,259,161,0,0,0,0,0,0,99483,0,0,1,0,0,0,0,0,0,0,507,0,0,0,0,0,0
122,8786,123.09922267830665,99991,44,14,5,0,366,215,0.0058105229470652355,21,7,49666,49811,262,166,0,0,0,0,0,0,99474,0,0,1,0,0,0,0,0,0,0,516,0,0,0,0,0,0
123,8786,124.03641291490423,99991,44,13,5,0,369,215,0.005840525647308257,21,9,49663,49810,265,166,0,0,0,0,0,0,99470,0,0,1,0,0,0,0,0,0,0,520,0,0,0,0,0,0
124,8786,125.00661762596815,99991,46,15,5,0,376,219,0.005950535548199338,19,11,49658,49804,270,168,0,0,0,0,0,0,99463,0,0,1,0,0,0,0,0,0,0,527,0,0,0,0,0,0
125,8786,126.05566175629733,99991,43,18,5,0,379,223,0.006020541848766389,23,13,49651,49798,276,169,0,0,0,0,0,0,99456,0,0,1,0,0,0,0,0,0,0,534,0,0,0,0,0,0
126,8786,127.10118398404747,99991,50,22,5,0,391,231,0.006220559850386535,19,9,49644,49794,280,173,0,0,0,0,0,0,99447,0,0,1,0,0,0,0,0,0,0,543,0,0,0,0,0,0
127,8786,128.2537894940043,99991,47,18,5,0,397,232,0.006290566150953586,23,13,49635,49790,288,177,0,0,0,0,0,0,99433,0,0,1,0,0,0,0,0,0,0,557,0,0,0,0,0,0
128,8786,129.00018097461682,99991,46,17,5,0,403,235,0.006380574251682651,21,12,49632,49789,294,180,0,0,0,0,0,0,99422,0,0,1,0,0,0,0,0,0,0,568,0,0,0,0,0,0
129,8786,130.01974552258324,99991,48,17,5,0,410,237,0.006470582352411717,27,14,49619,49786,299,181,0,0,0,0,0,0,99415,0,0,1,0,0,0,0,0,0,0,575,0,0,0,0,0,0
130,8786,131.15767081517606,99991,52,20,5,0,420,241,0.006610594953545819,26,15,49612,49783,303,180,0,0,0,0,0,0,99408,0,0,1,0,0,0,0,0,0,0,582,0,0,0,0,0,0
131,8786,132.15576418129638,99991,52,21,5,0,425,244,0.006690602154193878,30,14,49604,49781,307,182,0,0,0,0,0,0,99401,0,0,1,0,0,0,0,0,0,0,589,0,0,0,0,0,0
132,8786,133.0920142107951,99991,50,19,5,0,429,245,0.006740606654598914,34,17,49596,49779,313,183,0,0,0,0,0,0,99392,0,0,1,0,0,0,0,0,0,0,598,0,0,0,0,0,0
133,8786,134.17676736653445,99990,50,18,5,1,437,248,0.006850685068506851,40,21,49586,49773,317,185,0,0,0,0,0,0,99380,0,0,1,0,0,0,0,0,0,0,609,0,0,0,0,0,0
134,8786,135.02946128963376,99990,47,24,5,1,443,254,0.006970697069706971,42,19,49578,49769,326,185,0,0,0,0,0,0,99371,0,0,1,0,0,0,0,0,0,0,618,0,0,0,0,0,0
135,8786,136.05808526212525,99990,48,23,5,1,449,258,0.007070707070707071,41,20,49576,49764,328,190,0,0,0,0,0,0,99361,0,0,1,0,0,0,0,0,0,0,628,0,0,0,0,0,0
136,8786,137.03413899728312,99990,52,23,5,1,460,262,0.007220722072207221,41,16,49566,49767,334,191,0,0,0,0,0,0,99350,0,0,1,0,0,0,0,0,0,0,639,0,0,0,0,0,0
137,8786,138.1921215996013,99990,59,21,5,1,475,266,0.0074107410741074105,34,15,49559,49764,341,197,0,0,0,0,0,0,99336,0,0,1,0,0,0,0,0,0,0,653,0,0,0,0,0,0
138,8786,139.14552593852434,99990,52,22,5,1,478,270,0.007480748074807481,37,13,49554,49765,350,197,0,0,0,0,0,0,99323,0,0,1,0,0,0,0,0,0,0,666,0,0,0,0,0,0
139,8786,140.0151283752154,99990,54,22,5,1,486,272,0.007580758075807581,35,11,49548,49765,356,199,0,0,0,0,0,0,99315,0,0,1,0,0,0,0,0,0,0,674,0,0,0,0,0,0
140,8786,141.04190706269532,99990,59,25,5,1,495,281,0.007760776077607761,38,9,49536,49760,360,203,0,0,0,0,0,0,99305,0,0,1,0,0,0,0,0,0,0,684,0,0,0,0,0,0
141,8786,142.07368088507965,99990,58,23,5,1,504,283,0.00787078707870787,39,10,49527,49758,369,206,0,0,0,0,0,0,99291,0,0,1,0,0,0,0,0,0,0,698,0,0,0,0,0,0
142,8786,143.3252539442264,99989,59,20,6,1,515,284,0.007990878996689635,39,15,49519,49753,375,209,0,0,0,0,0,0,99277,0,0,1,0,0,0,0,0,0,0,711,0,0,0,0,0,0
143,8786,144.23369428381088,99989,59,22,6,1,521,287,0.008080888897778755,38,15,49514,49751,381,209,0,0,0,0,0,0,99270,0,0,1,0,0,0,0,0,0,0,718,0,0,0,0,0,0
144,8786,145.1701537480276,99989,57,24,6,1,529,290,0.008190900999109902,36,16,49511,49747,388,210,0,0,0,0,0,0,99259,0,0,1,0,0,0,0,0,0,0,729,0,0,0,0,0,0
145,8786,146.07052509196745,99989,55,28,6,1,532,296,0.008280910900199022,41,12,49503,49745,393,212,0,0,0,0,0,0,99252,0,0,1,0,0,0,0,0,0,0,736,0,0,0,0,0,0
146,8786,147.04911322153018,99989,62,24,6,1,545,299,0.008440928502135235,34,15,49499,49740,397,218,0,0,0,0,0,0,99239,0,0,1,0,0,0,0,0,0,0,749,0,0,0,0,0,0
147,8786,148.04598141985932,99989,59,22,6,1,548,300,0.008480932902619288,35,15,49496,49741,402,219,0,0,0,0,0,0,99230,0,0,1,0,0,0,0,0,0,0,758,0,0,0,0,0,0
148,8786,149.10018275014465,99989,62,25,6,1,562,308,0.00870095710528158,40,12,49478,49738,412,222,0,0,0,0,0,0,99214,0,0,1,0,0,0,0,0,0,0,774,0,0,0,0,0,0
149,8786,150.09713064522535,99989,59,24,6,1,573,309,0.00882097030673374,42,15,49466,49736,425,222,0,0,0,0,0,0,99198,0,0,1,0,0,0,0,0,0,0,790,0,0,0,0,0,0
150,8786,151.08096429635728,99989,63,27,6,1,585,314,0.008990989008790968,34,13,49463,49734,432,223,0,0,0,0,0,0,99188,0,0,1,0,0,0,0,0,0,0,800,0,0,0,0,0,0
151,8786,152.12318962716316,99989,58,23,6,1,593,317,0.009101001110122114,35,14,49455,49731,444,229,0,0,0,0,0,0,99168,0,0,1,0,0,0,0,0,0,0,820,0,0,0,0,0,0
152,8786,153.17255981644485,99989,57,26,6,1,604,324,0.009281020912300353,39,13,49441,49725,455,233,0,0,0,0,0,0,99152,0,0,1,0,0,0,0,0,0,0,836,0,0,0,0,0,0
153,8786,154.07435641220061,99989,60,22,6,1,613,326,0.009391033013631499,45,14,49430,49724,457,237,0,0,0,0,0,0,99140,0,0,1,0,0,0,0,0,0,0,848,0,0,0,0,0,0
154,8786,155.0871301638543,99989,61,19,6,1,621,330,0.00951104621508366,45,12,49423,49723,463,243,0,0,0,0,0,0,99126,0,0,1,0,0,0,0,0,0,0,862,0,0,0,0,0,0
155,8786,156.02849780598834,99989,66,19,6,1,633,334,0.009671063817019872,41,12,49418,49719,467,247,0,0,0,0,0,0,99115,0,0,1,0,0,0,0,0,0,0,873,0,0,0,0,0,0
156,8786,157.05818958000242,99989,63,22,6,1,642,338,0.009801078118593045,47,17,49406,49710,476,248,0,0,0,0,0,0,99102,0,0,1,0,0,0,0,0,0,0,886,0,0,0,0,0,0
157,8786,158.0567764568082,99989,57,20,6,1,648,339,0.009871085819440139,43,18,49407,49709,485,250,0,0,0,0,0,0,99087,0,0,1,0,0,0,0,0,0,0,901,0,0,0,0,0,0
158,8786,159.18383511336447,99989,58,26,6,1,663,348,0.010111112222344457,38,18,49398,49703,498,250,0,0,0,0,0,0,99070,0,0,1,0,0,0,0,0,0,0,918,0,0,0,0,0,0
159,8786,160.0154060141517,99989,62,28,6,1,674,355,0.010291132024522698,33,15,49393,49700,504,254,0,0,0,0,0,0,99058,0,0,1,0,0,0,0,0,0,0,930,0,0,0,0,0,0
160,8786,161.26284340418732,99989,66,26,6,1,683,358,0.010411145225974857,35,17,49384,49695,507,259,0,0,0,0,0,0,99048,0,0,1,0,0,0,0,0,0,0,940,0,0,0,0,0,0
161,8786,162.08584343845308,99988,66,27,7,1,690,361,0.010511261351362164,39,16,49374,49694,512,260,0,0,0,0,0,0,99039,0,0,1,0,0,0,0,0,0,0,948,0,0,0,0,0,0
162,8786,163.03363567688086,99988,66,22,7,1,701,362,0.01063127575309037,44,20,49359,49690,522,265,0,0,0,0,0,0,99022,0,0,1,0,0,0,0,0,0,0,965,0,0,0,0,0,0
163,8786,164.1981399036302,99988,68,26,7,1,708,369,0.010771292555106613,49,17,49347,49687,527,267,0,0,0,0,0,0,99014,0,0,1,0,0,0,0,0,0,0,973,0,0,0,0,0,0
164,8786,165.04533056446473,99988,73,29,7,1,718,374,0.010921310557266872,43,13,49345,49687,530,268,0,0,0,0,0,0,99007,0,0,1,0,0,0,0,0,0,0,980,0,0,0,0,0,0
165,8786,166.00555786838922,99988,74,27,7,1,729,379,0.011081329759571148,42,16,49337,49680,538,274,0,0,0,0,0,0,98990,0,0,1,0,0,0,0,0,0,0,997,0,0,0,0,0,0
166,8786,167.03605132093273,99988,74,29,7,1,740,382,0.011221346561587391,43,23,49328,49673,546,272,0,0,0,0,0,0,98978,0,0,1,0,0,0,0,0,0,0,1009,0,0,0,0,0,0
167,8786,168.03606983252385,99988,82,29,7,1,758,385,0.011431371764611753,39,25,49315,49672,555,271,0,0,0,0,0,0,98965,0,0,1,0,0,0,0,0,0,0,1022,0,0,0,0,0,0
168,8786,169.03632718589856,99988,70,30,7,1,762,387,0.011491378965475857,47,32,49305,49664,569,271,0,0,0,0,0,0,98948,0,0,1,0,0,0,0,0,0,0,1039,0,0,0,0,0,0
169,8786,170.03676658838955,99988,70,30,7,1,770,397,0.011671400568068167,46,29,49301,49659,574,279,0,0,0,0,0,0,98930,0,0,1,0,0,0,0,0,0,0,1057,0,0,0,0,0,0
170,8786,171.0373018307841,99988,77,37,7,1,782,406,0.011881425771092531,43,26,49293,49655,578,279,0,0,0,0,0,0,98923,0,0,1,0,0,0,0,0,0,0,1064,0,0,0,0,0,0
171,8786,172.03794223174157,99988,75,37,7,1,792,415,0.01207144857382886,45,24,49285,49651,586,285,0,0,0,0,0,0,98902,0,0,1,0,0,0,0,0,0,0,1085,0,0,0,0,0,0
172,8786,173.03876947025404,99988,79,41,7,1,808,421,0.01229147497699724,38,22,49279,49648,595,286,0,0,0,0,0,0,98888,0,0,1,0,0,0,0,0,0,0,1099,0,0,0,0,0,0
173,8786,174.03972630378908,99988,75,44,7,1,813,428,0.012411489378725446,52,23,49265,49641,599,289,0,0,0,0,0,0,98875,0,0,1,0,0,0,0,0,0,0,1112,0,0,0,0,0,0
174,8786,175.04088121317008,99988,75,50,7,1,821,437,0.012581509781173741,55,19,49254,49637,607,291,0,0,0,0,0,0,98864,0,0,1,0,0,0,0,0,0,0,1123,0,0,0,0,0,0
175,8786,176.27059226359486,99988,80,53,7,1,838,446,0.01284154098491819,58,26,49235,49621,618,297,0,0,0,0,0,0,98846,0,0,1,0,0,0,0,0,0,0,1141,0,0,0,0,0,0
176,8786,177.27214439804823,99988,80,54,7,1,854,452,0.013061567388086571,63,27,49217,49614,631,302,0,0,0,0,0,0,98825,0,0,1,0,0,0,0,0,0,0,1162,0,0,0,0,0,0
177,8786,178.27400192218872,99988,88,53,7,1,869,459,0.01328159379125495,66,23,49203,49611,634,310,0,0,0,0,0,0,98810,0,0,1,0,0,0,0,0,0,0,1177,0,0,0,0,0,0
178,8786,179.2760626940282,99988,89,45,7,1,881,464,0.013451614193703245,64,26,49196,49605,642,321,0,0,0,0,0,0,98786,0,0,1,0,0,0,0,0,0,0,1201,0,0,0,0,0,0
179,8786,180.2783063980572,99988,86,47,7,1,892,472,0.013641636996439574,63,22,49190,49603,652,325,0,0,0,0,0,0,98766,0,0,1,0,0,0,0,0,0,0,1221,0,0,0,0,0,0
180,8786,181.28075051914786,99988,89,45,7,1,910,475,0.013851662199463936,61,27,49175,49597,666,328,0,0,0,0,0,0,98746,0,0,1,0,0,0,0,0,0,0,1241,0,0,0,0,0,0
181,8786,182.28347679681883,99988,104,40,7,1,935,480,0.014151698203784454,60,30,49153,49590,674,337,0,0,0,0,0,0,98726,0,0,1,0,0,0,0,0,0,0,1261,0,0,0,0,0,0
182,8786,183.28646202584972,99988,111,44,7,1,953,487,0.014401728207384886,57,27,49140,49586,683,340,0,0,0,0,0,0,98712,0,0,1,0,0,0,0,0,0,0,1275,0,0,0,0,0,0
183,8786,184.28967181996916,99988,106,47,7,1,964,494,0.014581749809977198,60,27,49130,49582,695,341,0,0,0,0,0,0,98692,0,0,1,0,0,0,0,0,0,0,1295,0,0,0,0,0,0
184,8786,185.29311529699496,99988,107,41,7,1,978,497,0.014751770212425491,60,36,49116,49570,708,350,0,0,0,0,0,0,98670,0,0,1,0,0,0,0,0,0,0,1317,0,0,0,0,0,0
185,8786,186.2967950493828,99988,112,43,7,1,998,504,0.015021802616313957,54,35,49105,49564,720,355,0,0,0,0,0,0,98651,0,0,2,0,0,0,0,0,0,0,1335,0,0,0,0,0,0
186,8786,187.30076066124872,99988,101,44,7,1,1007,513,0.015201824218906269,66,35,49089,49556,735,362,0,0,0,0,0,0,98625,0,0,4,0,0,0,0,0,0,0,1359,0,0,0,0,0,0
187,8786,188.30502329552456,99988,110,49,7,1,1032,523,0.015551866223946874,58,29,49072,49554,751,365,0,0,0,0,0,0,98604,0,0,4,0,0,0,0,0,0,0,1380,0,0,0,0,0,0
188,8786,189.30956648157635,99988,109,49,7,1,1048,531,0.015791895027403288,59,28,49058,49548,765,372,0,0,0,0,0,0,98579,0,0,4,0,0,0,0,0,0,0,1405,0,0,0,0,0,0
189,8786,190.31439587311496,99988,114,51,7,1,1064,539,0.016031923830859704,63,25,49044,49545,770,376,0,0,0,0,0,0,98562,0,0,4,0,0,0,0,0,0,0,1422,0,0,0,0,0,0
190,8786,191.3194565361921,99988,102,46,7,1,1073,545,0.016181941833019964,71,29,49028,49536,790,386,0,0,0,0,0,0,98530,0,0,4,0,0,0,0,0,0,0,1454,0,0,0,0,0,0
191,8786,192.32489932473916,99988,104,48,7,1,1089,552,0.01641196943633236,70,30,49015,49529,802,390,0,0,0,0,0,0,98512,0,0,5,0,0,0,0,0,0,0,1471,0,0,0,0,0,0
192,8786,193.33061898960847,99988,113,50,7,1,1109,561,0.016702004240508862,74,29,48995,49522,809,396,0,0,0,0,0,0,98494,0,0,5,0,0,0,0,0,0,0,1489,0,0,0,0,0,0
193,8786,194.00122010240617,99988,115,52,7,1,1125,566,0.016912029443533223,70,27,48988,49519,818,399,0,0,0,0,0,0,98477,0,0,5,0,0,0,0,0,0,0,1506,0,0,0,0,0,0
194,8786,195.00734322415602,99988,123,54,7,1,1147,573,0.017202064247709724,75,23,48964,49519,829,401,0,0,0,0,0,0,98458,0,0,5,0,0,0,0,0,0,0,1525,0,0,0,0,0,0
195,8786,196.0138304096111,99988,129,50,7,1,1168,575,0.01743209185102212,77,26,48947,49515,838,406,0,0,0,0,0,0,98437,0,0,5,0,0,0,0,0,0,0,1546,0,0,0,0,0,0
196,8786,197.0205823873656,99988,130,51,7,1,1183,582,0.017652118254190503,83,27,48929,49507,849,412,0,0,0,0,0,0,98418,0,0,6,0,0,0,0,0,0,0,1564,0,0,0,0,0,0
197,8786,198.0276100791655,99987,125,54,8,1,1202,587,0.017892326002380308,80,34,48918,49495,867,414,0,0,0,0,0,0,98392,0,0,6,0,0,0,0,0,0,0,1589,0,0,0,0,0,0
198,8786,199.0348714731014,99987,121,54,8,1,1217,594,0.018112354606098793,82,35,48907,49489,880,419,0,0,0,0,0,0,98366,0,0,6,0,0,0,0,0,0,0,1615,0,0,0,0,0,0
199,8786,200.0424036005499,99986,127,53,9,1,1238,602,0.018402576360690495,83,35,48888,49486,891,423,0,0,0,0,0,0,98342,0,0,6,0,0,0,0,0,0,0,1638,0,0,0,0,0,0
200,8786,201.05021888095163,99986,128,51,9,1,1255,607,0.0186226071650031,81,38,48880,49480,900,428,0,0,0,0,0,0,98319,0,0,6,0,0,0,0,0,0,0,1661,0,0,0,0,0,0
201,8786,202.05827517084936,99985,126,46,10,1,1276,612,0.01888283242486373,76,41,48864,49475,922,435,0,0,0,0,0,0,98287,0,0,7,0,0,0,0,0,0,0,1691,0,0,0,0,0,0
202,8786,203.06668630043555,99985,120,53,10,1,1293,624,0.019172875931389707,76,45,48850,49460,942,439,0,0,0,0,0,0,98260,0,0,8,0,0,0,0,0,0,0,1717,0,0,0,0,0,0
203,8786,204.07544247378803,99985,116,65,10,1,1304,641,0.019452917937690654,89,37,48827,49455,956,440,0,0,0,0,0,0,98241,0,0,9,0,0,0,0,0,0,0,1735,0,0,0,0,0,0
204,8786,205.0844957758136,99984,126,64,11,1,1328,651,0.019793166906705073,83,32,48815,49451,963,450,0,0,0,0,0,0,98216,0,0,9,0,0,0,0,0,0,0,1759,0,0,0,0,0,0
205,8786,206.09380216560257,99984,131,61,11,1,1350,659,0.0200932149143863,79,33,48799,49443,978,460,0,0,0,0,0,0,98188,0,0,9,0,0,0,0,0,0,0,1787,0,0,0,0,0,0
206,8786,207.10340666406472,99982,132,63,13,1,1368,668,0.02036366545978276,77,26,48786,49443,990,465,0,0,0,0,0,0,98164,0,0,9,0,0,0,0,0,0,0,1809,0,0,0,0,0,0
207,8786,208.113319720554,99982,133,62,13,1,1393,674,0.02067372126982857,76,31,48769,49434,1007,470,0,0,0,0,0,0,98134,0,0,10,0,0,0,0,0,0,0,1838,0,0,0,0,0,0
208,8786,209.1235784952819,99982,135,61,13,1,1413,679,0.020923766277930026,75,35,48754,49425,1021,476,0,0,0,0,0,0,98111,0,0,11,0,0,0,0,0,0,0,1860,0,0,0,0,0,0
209,8786,210.134129577839,99981,133,58,14,1,1433,688,0.021214030665826507,80,33,48731,49420,1040,486,0,0,0,0,0,0,98077,0,0,11,0,0,0,0,0,0,0,1893,0,0,0,0,0,0
210,8786,211.1450897623186,99981,135,65,14,1,1455,699,0.021544093377741772,79,32,48711,49410,1059,490,0,0,0,0,0,0,98053,0,0,11,0,0,0,0,0,0,0,1917,0,0,0,0,0,0
211,8786,212.15645503685846,99981,117,59,14,1,1472,704,0.02176413518568528,81,36,48696,49402,1090,500,0,0,0,0,0,0,98007,0,0,11,0,0,0,0,0,0,0,1963,0,0,0,0,0,0
212,8786,213.1682807393074,99980,115,58,15,1,1489,715,0.022044408881776355,75,36,48690,49393,1103,510,0,0,0,0,0,0,97976,0,0,11,0,0,0,0,0,0,0,1993,0,0,0,0,0,0
213,8786,214.1803591506584,99980,117,64,15,1,1506,727,0.022334466893378677,87,33,48666,49384,1113,516,0,0,0,0,0,0,97956,0,0,12,0,0,0,0,0,0,0,2012,0,0,0,0,0,0
214,8786,215.1927536299246,99980,119,57,15,1,1523,733,0.022564512902580516,89,34,48653,49379,1122,527,0,0,0,0,0,0,97929,0,0,13,0,0,0,0,0,0,0,2038,0,0,0,0,0,0
215,8786,216.20543147210836,99980,119,58,15,1,1543,742,0.022854570914182838,93,35,48631,49372,1140,532,0,0,0,0,0,0,97902,0,0,14,0,0,0,0,0,0,0,2064,0,0,0,0,0,0
216,8786,217.21845524459215,99980,124,55,15,1,1561,751,0.023124624924984998,95,40,48614,49359,1150,543,0,0,0,0,0,0,97877,0,0,14,0,0,0,0,0,0,0,2089,0,0,0,0,0,0
217,8786,218.23179424857645,99980,128,57,15,1,1582,765,0.023474694938987798,86,39,48606,49348,1163,553,0,0,0,0,0,0,97848,0,0,14,0,0,0,0,0,0,0,2118,0,0,0,0,0,0
218,8786,219.24535460493848,99980,126,55,15,1,1598,770,0.023684736947389477,86,39,48597,49345,1174,558,0,0,0,0,0,0,97823,0,0,14,0,0,0,0,0,0,0,2143,0,0,0,0,0,0
219,8786,220.25911787172578,99980,143,63,15,1,1627,784,0.024114822964592917,81,34,48579,49340,1180,560,0,0,0,0,0,0,97805,0,0,14,0,0,0,0,0,0,0,2161,0,0,0,0,0,0
220,8786,221.27311597044056,99980,132,68,15,1,1639,795,0.02434486897379476,89,34,48563,49331,1199,564,0,0,0,0,0,0,97776,0,0,14,0,0,0,0,0,0,0,2190,0,0,0,0,0,0
221,8786,222.287413991116,99980,138,64,15,1,1666,806,0.0247249449889978,80,28,48554,49327,1211,578,0,0,0,0,0,0,97741,0,0,15,0,0,0,0,0,0,0,2224,0,0,0,0,0,0
222,8786,223.3020294267651,99980,135,55,15,1,1682,811,0.024934986997399478,92,37,48531,49316,1225,589,0,0,0,0,0,0,97708,0,0,15,0,0,0,0,0,0,0,2257,0,0,0,0,0,0
223,8786,224.31702721695572,99980,146,50,15,1,1706,817,0.025235047009401882,90,44,48513,49303,1234,600,0,0,0,0,0,0,97684,0,0,15,0,0,0,0,0,0,0,2281,0,0,0,0,0,0
224,8786,225.332301661454,99980,161,55,15,1,1736,829,0.02565513102620524,86,49,48492,49290,1244,603,0,0,0,0,0,0,97662,0,0,15,0,0,0,0,0,0,0,2303,0,0,0,0,0,0
225,8786,226.00929276837,99980,162,57,15,1,1756,837,0.025935187037407482,80,49,48482,49284,1259,607,0,0,0,0,0,0,97637,0,0,15,0,0,0,0,0,0,0,2328,0,0,0,0,0,0
226,8786,227.0250566150109,99980,155,53,15,1,1773,846,0.02619523904780956,86,53,48466,49276,1276,615,0,0,0,0,0,0,97600,0,0,15,0,0,0,0,0,0,0,2365,0,0,0,0,0,0
227,8786,228.0411907822594,99980,162,65,15,1,1803,863,0.026665333066613322,78,47,48450,49268,1293,617,0,0,0,0,0,0,97572,0,0,15,0,0,0,0,0,0,0,2393,0,0,0,0,0,0
228,8786,229.05766125956083,99980,155,68,15,1,1823,878,0.027015403080616122,85,42,48424,49261,1319,626,0,0,0,0,0,0,97534,0,0,16,0,0,0,0,0,0,0,2430,0,0,0,0,0,0
229,8786,230.0746616677837,99980,161,69,15,1,1848,892,0.027405481096219243,88,43,48399,49249,1335,636,0,0,0,0,0,0,97502,0,0,16,0,0,0,0,0,0,0,2462,0,0,0,0,0,0
230,8786,231.09208541398147,99980,156,72,15,1,1866,905,0.027715543108621725,97,41,48379,49240,1351,644,0,0,0,0,0,0,97469,0,0,16,0,0,0,0,0,0,0,2495,0,0,0,0,0,0
231,8786,232.1099014491002,99980,161,74,15,1,1891,912,0.028035607121424284,95,45,48365,49230,1362,648,0,0,0,0,0,0,97444,0,0,16,0,0,0,0,0,0,0,2520,0,0,0,0,0,0
232,8786,233.12798530199802,99980,156,73,15,1,1915,921,0.028365673134626925,97,45,48343,49222,1387,657,0,0,0,0,0,0,97405,0,0,16,0,0,0,0,0,0,0,2559,0,0,0,0,0,0
233,8786,234.14651323926188,99980,155,70,15,1,1933,929,0.028625725145029007,108,49,48319,49212,1401,666,0,0,0,0,0,0,97376,0,0,17,0,0,0,0,0,0,0,2587,0,0,0,0,0,0
234,8786,235.1654634166702,99980,166,73,15,1,1960,937,0.028975795159031807,116,54,48291,49200,1410,670,0,0,0,0,0,0,97355,0,0,17,0,0,0,0,0,0,0,2608,0,0,0,0,0,0
235,8786,236.1847831226724,99980,165,70,15,1,1994,948,0.029425885177035406,110,54,48269,49190,1439,683,0,0,0,0,0,0,97306,0,0,17,0,0,0,0,0,0,0,2657,0,0,0,0,0,0
236,8786,237.20465062668214,99980,163,72,15,1,2020,961,0.029815963192638528,107,60,48252,49176,1461,689,0,0,0,0,0,0,97268,0,0,18,0,0,0,0,0,0,0,2694,0,0,0,0,0,0
237,8786,238.22485763983883,99979,163,74,16,1,2049,975,0.030246351733864113,104,55,48232,49167,1483,701,0,0,0,0,0,0,97229,0,0,20,0,0,0,0,0,0,0,2730,0,0,0,0,0,0
238,8786,239.2455543217722,99979,162,76,16,1,2068,991,0.030596425249302353,109,53,48213,49160,1498,708,0,0,0,0,0,0,97196,0,0,21,0,0,0,0,0,0,0,2762,0,0,0,0,0,0
239,8786,240.26659792211305,99978,165,82,17,1,2093,1003,0.030966812698793734,105,58,48194,49143,1517,714,0,0,0,0,0,0,97169,0,0,22,0,0,0,0,0,0,0,2787,0,0,0,0,0,0
240,8786,241.28800779395348,99977,157,93,18,1,2113,1023,0.031367214459325644,112,46,48172,49137,1539,721,0,0,0,0,0,0,97132,0,0,22,0,0,0,0,0,0,0,2823,0,0,0,0,0,0
241,8786,242.30981470120682,99977,152,93,18,1,2135,1029,0.03164727887414105,117,52,48153,49129,1558,723,0,0,0,0,0,0,97099,0,0,22,0,0,0,0,0,0,0,2856,0,0,0,0,0,0
242,8786,243.33202928757999,99977,162,93,18,1,2161,1041,0.032027366294247676,123,60,48130,49114,1565,730,0,0,0,0,0,0,97072,0,0,23,0,0,0,0,0,0,0,2882,0,0,0,0,0,0
243,8786,244.01369452778843,99976,165,85,19,1,2181,1047,0.03228774905977434,120,62,48117,49106,1577,744,0,0,0,0,0,0,97041,0,0,23,0,0,0,0,0,0,0,2912,0,0,0,0,0,0
244,8786,245.03643460324676,99976,179,88,19,1,2210,1060,0.03270784988397216,118,70,48097,49087,1585,752,0,0,0,0,0,0,97017,0,0,24,0,0,0,0,0,0,0,2935,0,0,0,0,0,0
245,8786,246.05949446146707,99976,175,99,19,1,2242,1084,0.0332679843162359,127,59,48062,49076,1615,763,0,0,0,0,0,0,96969,0,0,25,0,0,0,0,0,0,0,2982,0,0,0,0,0,0
246,8786,247.08315411896461,99975,177,103,20,1,2265,1099,0.03364841210302576,133,58,48038,49065,1630,771,0,0,0,0,0,0,96937,0,0,25,0,0,0,0,0,0,0,3013,0,0,0,0,0,0
247,8786,248.10725556596933,99975,190,105,20,1,2304,1114,0.034188547136784195,126,60,48010,49048,1652,784,0,0,0,0,0,0,96902,0,0,29,0,0,0,0,0,0,0,3044,0,0,0,0,0,0
248,8786,249.13188180046032,99975,192,111,20,1,2335,1132,0.03467866966741685,123,54,47988,49041,1675,791,0,0,0,0,0,0,96861,0,0,29,0,0,0,0,0,0,0,3085,0,0,0,0,0,0
249,8786,250.1570020047833,99975,186,106,20,1,2369,1145,0.0351487871967992,123,58,47963,49025,1706,808,0,0,0,0,0,0,96803,0,0,29,0,0,0,0,0,0,0,3143,0,0,0,0,0,0
250,8786,251.18266988651723,99975,196,107,20,1,2402,1167,0.035698924731182795,116,54,47940,49013,1726,823,0,0,0,0,0,0,96759,0,0,29,0,0,0,0,0,0,0,3187,0,0,0,0,0,0
251,8786,252.20886672472943,99975,192,105,20,1,2430,1181,0.03611902975743936,119,54,47913,48999,1754,839,0,0,0,0,0,0,96712,0,0,30,0,0,0,0,0,0,0,3233,0,0,0,0,0,0
252,8786,253.23560091159695,99975,207,103,20,1,2462,1203,0.0366591647911978,119,49,47891,48984,1761,861,0,0,0,0,0,0,96673,0,0,32,0,0,0,0,0,0,0,3270,0,0,0,0,0,0
253,8786,254.26272085838926,99975,210,95,20,1,2493,1214,0.037079269817454366,114,59,47876,48966,1778,877,0,0,0,0,0,0,96627,0,0,33,0,0,0,0,0,0,0,3315,0,0,0,0,0,0
254,8786,255.2901898942534,99975,211,99,20,1,2521,1232,0.037539384846211554,117,54,47848,48957,1802,887,0,0,0,0,0,0,96586,0,0,33,0,0,0,0,0,0,0,3356,0,0,0,0,0,0
255,8786,256.3181985848543,99975,212,92,20,1,2555,1234,0.03789947486871718,122,71,47814,48944,1830,890,0,0,0,0,0,0,96544,0,0,33,0,0,0,0,0,0,0,3398,0,0,0,0,0,0
256,8786,257.0038888320775,99974,219,106,21,1,2578,1253,0.03831996319042951,124,66,47796,48934,1838,891,0,0,0,0,0,0,96523,0,0,33,0,0,0,0,0,0,0,3418,0,0,0,0,0,0
257,8786,258.0327552206588,99973,218,112,22,1,2608,1269,0.03878047072709632,115,66,47787,48921,1856,898,0,0,0,0,0,0,96483,0,0,34,0,0,0,0,0,0,0,3456,0,0,0,0,0,0
258,8786,259.061933830551,99973,208,111,22,1,2622,1284,0.039070549048243024,145,61,47750,48914,1873,911,0,0,0,0,0,0,96445,0,0,36,0,0,0,0,0,0,0,3492,0,0,0,0,0,0
259,8786,260.0916719471099,99973,224,108,22,1,2664,1299,0.03964070298980725,141,68,47722,48897,1889,924,0,0,0,0,0,0,96403,0,0,38,0,0,0,0,0,0,0,3532,0,0,0,0,0,0
260,8786,261.12187633762903,99973,239,113,22,1,2706,1316,0.04023086233282987,136,66,47690,48887,1911,931,0,0,0,0,0,0,96365,0,0,39,0,0,0,0,0,0,0,3569,0,0,0,0,0,0
261,8786,262.15265439482357,99973,231,104,22,1,2740,1327,0.04068098386564373,139,76,47662,48868,1944,949,0,0,0,0,0,0,96305,0,0,41,0,0,0,0,0,0,0,3627,0,0,0,0,0,0
262,8786,263.184107825886,99973,230,112,22,1,2778,1350,0.041291148610124735,127,70,47638,48855,1981,960,0,0,0,0,0,0,96252,0,0,42,0,0,0,0,0,0,0,3679,0,0,0,0,0,0
263,8786,264.2161901619093,99973,239,110,22,1,2817,1371,0.041891310653876544,123,67,47613,48839,2001,981,0,0,0,0,0,0,96201,0,0,44,0,0,0,0,0,0,0,3728,0,0,0,0,0,0
264,8786,265.2487914202807,99973,232,112,22,1,2851,1388,0.04240144839106559,122,63,47587,48829,2035,993,0,0,0,0,0,0,96145,0,0,44,0,0,0,0,0,0,0,3784,0,0,0,0,0,0
265,8786,266.28209125882626,99973,226,107,22,1,2874,1400,0.042751542916587476,142,69,47556,48814,2052,1007,0,0,0,0,0,0,96100,0,0,45,0,0,0,0,0,0,0,3828,0,0,0,0,0,0
266,8786,267.31590987670694,99973,231,104,22,1,2912,1415,0.043281686055234914,147,79,47524,48793,2074,1021,0,0,0,0,0,0,96050,0,0,46,0,0,0,0,0,0,0,3877,0,0,0,0,0,0
267,8786,268.0054038388189,99973,238,112,22,1,2945,1429,0.043751812989507165,135,75,47508,48784,2095,1026,0,0,0,0,0,0,96018,0,0,46,0,0,0,0,0,0,0,3909,0,0,0,0,0,0
268,8786,269.0400770356359,99972,241,125,22,2,2978,1456,0.044352418677229624,145,68,47472,48767,2118,1036,0,0,0,0,0,0,95975,0,0,47,0,0,0,0,0,0,0,3950,0,0,0,0,0,0
269,8786,270.0753535833036,99972,252,119,22,2,3024,1474,0.04499259792741968,142,69,47440,48753,2142,1055,0,0,0,0,0,0,95919,0,0,50,0,0,0,0,0,0,0,4003,0,0,0,0,0,0
270,8786,271.11128013817427,99971,256,121,23,2,3061,1492,0.04554320753018375,157,72,47399,48735,2163,1068,0,0,0,0,0,0,95870,0,0,50,0,0,0,0,0,0,0,4051,0,0,0,0,0,0
271,8786,272.14784192501986,99971,262,123,23,2,3106,1516,0.04623340768822959,146,64,47378,48723,2189,1086,0,0,0,0,0,0,95811,0,0,52,0,0,0,0,0,0,0,4108,0,0,0,0,0,0
272,8786,273.1850584711898,99970,260,109,24,2,3152,1529,0.04682404721416425,147,75,47335,48702,2232,1110,0,0,0,0,0,0,95739,0,0,55,0,0,0,0,0,0,0,4176,0,0,0,0,0,0
273,8786,274.2230760425574,99970,274,112,24,2,3198,1552,0.047514254276282884,139,73,47309,48689,2252,1122,0,0,0,0,0,0,95688,0,0,56,0,0,0,0,0,0,0,4226,0,0,0,0,0,0
274,8786,275.26166554115287,99970,260,112,24,2,3232,1569,0.048024407322196656,144,84,47283,48665,2287,1135,0,0,0,0,0,0,95623,0,0,56,0,0,0,0,0,0,0,4291,0,0,0,0,0,0
275,8786,276.3008509620453,99970,279,116,24,2,3277,1592,0.048704611383415024,145,83,47244,48646,2306,1151,0,0,0,0,0,0,95578,0,0,56,0,0,0,0,0,0,0,4336,0,0,0,0,0,0
276,8786,277.34064529779226,99970,287,126,24,2,3320,1616,0.04937481244373312,132,78,47223,48630,2332,1162,0,0,0,0,0,0,95529,0,0,56,0,0,0,0,0,0,0,4385,0,0,0,0,0,0
277,8786,278.0341252159089,99969,273,121,24,3,3339,1625,0.049655393171883284,134,80,47207,48622,2360,1172,0,0,0,0,0,0,95482,0,0,56,0,0,0,0,0,0,0,4431,0,0,0,0,0,0
278,8786,279.0749160630557,99969,274,114,24,3,3373,1638,0.05012553891706429,137,84,47182,48609,2381,1188,0,0,0,0,0,0,95430,0,0,57,0,0,0,0,0,0,0,4482,0,0,0,0,0,0
279,8786,280.1162593864789,99969,280,116,24,3,3411,1655,0.05067570946993568,141,86,47148,48593,2405,1200,0,0,0,0,0,0,95385,0,0,59,0,0,0,0,0,0,0,4525,0,0,0,0,0,0
280,8786,281.1582638236627,99969,268,114,24,3,3439,1672,0.05112584901319409,161,85,47109,48580,2436,1216,0,0,0,0,0,0,95327,0,0,60,0,0,0,0,0,0,0,4582,0,0,0,0,0,0
281,8786,282.2010103915224,99969,260,118,24,3,3484,1694,0.05179605677760105,151,76,47083,48571,2480,1230,0,0,0,0,0,0,95261,0,0,65,0,0,0,0,0,0,0,4643,0,0,0,0,0,0
282,8786,283.24456736551514,99967,267,122,26,3,3535,1716,0.052527334020226676,146,73,47047,48557,2512,1243,0,0,0,0,0,0,95200,0,0,66,0,0,0,0,0,0,0,4701,0,0,0,0,0,0
283,8786,284.2888915117316,99967,263,120,26,3,3572,1739,0.05312753208558824,150,63,47013,48552,2546,1260,0,0,0,0,0,0,95137,0,0,69,0,0,0,0,0,0,0,4761,0,0,0,0,0,0
284,8786,285.33402379911365,99967,256,133,26,3,3604,1767,0.053727730150949816,156,57,46981,48535,2579,1270,0,0,0,0,0,0,95084,0,0,70,0,0,0,0,0,0,0,4813,0,0,0,0,0,0
285,8786,286.031189061817,99965,254,131,27,4,3623,1780,0.05404891712099235,158,56,46966,48529,2593,1278,0,0,0,0,0,0,95050,0,0,72,0,0,0,0,0,0,0,4843,0,0,0,0,0,0
286,8786,287.0773215250925,99964,268,128,27,5,3670,1796,0.05467968468648714,142,69,46945,48502,2616,1294,0,0,0,0,0,0,94998,0,0,72,0,0,0,0,0,0,0,4894,0,0,0,0,0,0
287,8786,288.12392176138843,99964,257,138,27,5,3696,1821,0.05518986835260694,155,65,46915,48485,2644,1305,0,0,0,0,0,0,94946,0,0,72,0,0,0,0,0,0,0,4946,0,0,0,0,0,0
288,8786,289.17114591796667,99964,249,131,27,5,3729,1835,0.05566003761354087,163,75,46883,48465,2676,1322,0,0,0,0,0,0,94888,0,0,76,0,0,0,0,0,0,0,5000,0,0,0,0,0,0
289,8786,290.21906233205397,99963,260,129,28,5,3779,1857,0.05638086091853986,152,72,46857,48447,2701,1345,0,0,0,0,0,0,94826,0,0,77,0,0,0,0,0,0,0,5060,0,0,0,0,0,0
290,8786,291.2675886106613,99963,251,130,28,5,3817,1873,0.05692106079249322,160,73,46826,48433,2733,1357,0,0,0,0,0,0,94766,0,0,79,0,0,0,0,0,0,0,5118,0,0,0,0,0,0
291,8786,292.3167963271158,99962,256,119,29,5,3860,1890,0.05752185830615634,162,75,46790,48421,2761,1378,0,0,0,0,0,0,94702,0,0,81,0,0,0,0,0,0,0,5179,0,0,0,0,0,0
292,8786,293.01672681577435,99962,267,122,29,5,3890,1902,0.057942017966827394,151,75,46782,48414,2769,1382,0,0,0,0,0,0,94674,0,0,81,0,0,0,0,0,0,0,5207,0,0,0,0,0,0
293,8786,294.0668200706351,99962,280,126,29,5,3935,1921,0.058582261259278526,147,83,46752,48390,2790,1394,0,0,0,0,0,0,94630,0,0,84,0,0,0,0,0,0,0,5248,0,0,0,0,0,0
294,8786,295.11748315754784,99962,276,123,29,5,3974,1937,0.05913247033872872,153,88,46712,48374,2828,1408,0,0,0,0,0,0,94571,0,0,87,0,0,0,0,0,0,0,5304,0,0,0,0,0,0
295,8786,296.1689465251677,99962,281,126,29,5,4011,1956,0.059692683219623455,157,94,46681,48354,2850,1419,0,0,0,0,0,0,94524,0,0,88,0,0,0,0,0,0,0,5350,0,0,0,0,0,0
296,8786,297.2209779753482,99962,272,129,29,5,4048,1980,0.06030291510774094,158,93,46661,48336,2878,1435,0,0,0,0,0,0,94460,0,0,91,0,0,0,0,0,0,0,5411,0,0,0,0,0,0
297,8786,298.2735486514963,99961,265,127,30,5,4093,1996,0.06091375636498234,152,89,46638,48325,2913,1452,0,0,0,0,0,0,94392,0,0,93,0,0,0,0,0,0,0,5476,0,0,0,0,0,0
298,8786,299.3268358571925,99961,262,124,30,5,4125,2017,0.06144396314562679,161,84,46608,48313,2937,1472,0,0,0,0,0,0,94334,0,0,94,0,0,0,0,0,0,0,5533,0,0,0,0,0,0
299,8786,300.0293813717995,99961,255,120,30,5,4150,2030,0.061824111403447346,166,91,46589,48295,2958,1487,0,0,0,0,0,0,94287,0,0,96,0,0,0,0,0,0,0,5578,0,0,0,0,0,0
300,8786,301.08378607514794,99961,263,121,30,5,4195,2050,0.062474365002350915,171,89,46555,48290,2979,1493,0,0,0,0,0,0,94234,0,0,99,0,0,0,0,0,0,0,5628,0,0,0,0,0,0
301,8786,302.13886119812406,99961,263,117,30,5,4241,2072,0.06315463030581928,179,95,46516,48264,3010,1517,0,0,0,0,0,0,94166,0,0,103,0,0,0,0,0,0,0,5692,0,0,0,0,0,0
302,8786,303.19465859742974,99961,268,120,30,5,4286,2097,0.06385490341233081,174,87,46490,48254,3036,1532,0,0,0,0,0,0,94107,0,0,106,0,0,0,0,0,0,0,5748,0,0,0,0,0,0
303,8786,304.251047576571,99961,269,118,30,5,4333,2115,0.06450515701123438,163,92,46467,48232,3069,1551,0,0,0,0,0,0,94041,0,0,106,0,0,0,0,0,0,0,5814,0,0,0,0,0,0
304,8786,305.3080279085724,99961,273,127,30,5,4378,2138,0.06518542231470273,161,94,46439,48213,3095,1559,0,0,0,0,0,0,93989,0,0,109,0,0,0,0,0,0,0,5863,0,0,0,0,0,0
305,8786,306.0130367831823,99961,281,133,30,5,4407,2155,0.06564560178469603,157,92,46424,48198,3106,1570,0,0,0,0,0,0,93960,0,0,112,0,0,0,0,0,0,0,5889,0,0,0,0,0,0
306,8786,307.07088746675157,99961,296,134,30,5,4451,2180,0.06633587098968598,154,85,46395,48187,3123,1587,0,0,0,0,0,0,93907,0,0,112,0,0,0,0,0,0,0,5942,0,0,0,0,0,0
307,8786,308.1292706857815,99961,277,128,30,5,4493,2195,0.0669060933764168,157,91,46364,48170,3170,1604,0,0,0,0,0,0,93829,0,0,116,0,0,0,0,0,0,0,6016,0,0,0,0,0,0
308,8786,309.1885341853154,99961,277,131,30,5,4537,2217,0.06756635087684197,159,90,46333,48160,3199,1612,0,0,0,0,0,0,93766,0,0,116,0,0,0,0,0,0,0,6079,0,0,0,0,0,0
309,8786,310.2485343217787,99961,275,138,30,5,4578,2245,0.06825662008183192,176,94,46306,48133,3211,1628,0,0,0,0,0,0,93704,0,0,118,0,0,0,0,0,0,0,6139,0,0,0,0,0,0
310,8786,311.30898384741636,99960,284,139,31,5,4630,2267,0.06899759903961585,166,90,46276,48121,3241,1643,0,0,0,0,0,0,93640,0,0,118,0,0,0,0,0,0,0,6202,0,0,0,0,0,0
311,8786,312.0162492046361,99960,289,142,31,5,4660,2280,0.06942777110844338,166,95,46254,48106,3258,1650,0,0,0,0,0,0,93606,0,0,119,0,0,0,0,0,0,0,6235,0,0,0,0,0,0
312,8786,313.0778306437098,99960,277,148,31,5,4704,2307,0.07013805522208884,173,87,46211,48096,3306,1662,0,0,0,0,0,0,93532,0,0,122,0,0,0,0,0,0,0,6306,0,0,0,0,0,0
313,8786,314.14038451486095,99960,276,149,31,5,4754,2335,0.07091836734693878,175,83,46179,48075,3337,1686,0,0,0,0,0,0,93459,0,0,127,0,0,0,0,0,0,0,6374,0,0,0,0,0,0
314,8786,315.20369598942676,99959,274,149,32,5,4802,2359,0.07163937214257846,172,86,46147,48052,3373,1706,0,0,0,0,0,0,93390,0,0,132,0,0,0,0,0,0,0,6437,0,0,0,0,0,0
315,8786,316.26773319892544,99959,276,148,32,5,4847,2378,0.07227963465020658,175,86,46115,48042,3400,1717,0,0,0,0,0,0,93329,0,0,134,0,0,0,0,0,0,0,6496,0,0,0,0,0,0
316,8786,317.3324468220382,99959,278,152,32,5,4889,2403,0.07294990946287978,181,77,46078,48033,3429,1731,0,0,0,0,0,0,93268,0,0,134,0,0,0,0,0,0,0,6557,0,0,0,0,0,0
317,8786,318.0427065911587,99959,289,149,32,5,4928,2417,0.07348012685200932,164,82,46064,48016,3449,1746,0,0,0,0,0,0,93226,0,0,137,0,0,0,0,0,0,0,6596,0,0,0,0,0,0
318,8786,319.108657478728,99959,284,141,32,5,4968,2430,0.07401034424113886,167,89,46032,48001,3483,1762,0,0,0,0,0,0,93163,0,0,140,0,0,0,0,0,0,0,6656,0,0,0,0,0,0
319,8786,320.1753486897536,99959,282,149,32,5,5006,2454,0.07463059854540362,182,89,45996,47986,3505,1768,1,1,1,1,0,0,93107,0,0,142,0,0,0,0,0,0,2,6708,0,0,0,0,0,0
320,8786,321.0317723819382,99959,290,144,32,5,5037,2465,0.07505077081603458,183,91,45969,47974,3522,1782,2,2,2,2,0,0,93067,0,0,143,0,0,0,0,0,0,4,6745,0,0,0,0,0,0
321,8786,322.1555671295569,99959,298,140,32,5,5096,2496,0.07595113996738663,182,91,45929,47947,3554,1812,3,3,3,3,0,0,92984,0,0,148,0,0,0,0,0,0,6,6821,0,0,0,0,0,0
322,8786,323.03830999606663,99959,296,137,32,5,5136,2511,0.07650136555987955,173,94,45914,47932,3580,1827,3,3,4,4,0,0,92925,0,0,151,0,0,0,0,0,0,8,6875,0,0,0,0,0,0
323,8786,324.15712119390656,99959,284,137,32,5,5160,2533,0.07696155423723727,175,91,45899,47917,3604,1844,4,4,5,5,0,0,92870,0,0,156,0,0,0,0,0,0,10,6923,0,0,0,0,0,0
324,8786,325.0570131206206,99959,286,144,32,5,5193,2555,0.07751177982973019,191,83,45861,47907,3623,1854,5,5,6,6,0,0,92824,0,0,158,0,0,0,0,0,0,12,6965,0,0,0,0,0,0
325,8786,326.1244187160087,99959,291,151,32,5,5237,2585,0.07825208335417522,197,75,45823,47893,3649,1868,6,6,7,7,0,0,92763,0,0,161,0,0,0,0,0,0,14,7021,0,0,0,0,0,0
326,8786,327.0955195254271,99959,300,148,32,5,5281,2597,0.07881231304834982,191,83,45796,47874,3672,1881,7,7,8,8,0,0,92712,0,0,162,0,0,0,0,0,0,16,7069,0,0,0,0,0,0
327,8786,328.02971461649474,99959,310,155,32,5,5348,2629,0.07980271911483708,188,86,45753,47844,3707,1900,8,8,9,9,0,0,92631,0,0,165,0,0,0,0,0,0,18,7145,0,0,0,0,0,0
328,8786,329.0542245848978,99959,300,159,32,5,5381,2646,0.08030292419892156,192,85,45723,47835,3742,1905,9,9,10,10,0,0,92575,0,0,167,0,0,0,0,0,0,20,7197,0,0,0,0,0,0
329,8786,330.1103160618776,99957,296,163,33,6,5438,2674,0.08115489660554039,191,93,45689,47806,3779,1920,10,10,11,11,0,0,92490,0,0,169,0,0,0,0,0,0,22,7276,0,0,0,0,0,0
330,8786,331.02409710442384,99956,299,170,33,7,5468,2698,0.08169594621633519,195,91,45661,47790,3799,1929,11,11,12,12,0,0,92445,0,0,170,0,0,0,0,0,0,24,7317,0,0,0,0,0,0
331,8786,332.0119785823264,99955,305,164,34,7,5515,2715,0.08233705167325296,195,90,45631,47778,3823,1949,10,10,13,13,0,0,92383,0,0,174,0,0,0,0,0,0,26,7372,0,0,0,0,0,0
332,8786,333.0012942768672,99955,305,174,34,7,5559,2739,0.08301735781101496,197,90,45593,47760,3858,1956,11,11,14,14,0,0,92325,0,0,176,0,0,0,0,0,0,28,7426,0,0,0,0,0,0
333,8786,334.1300263827288,99955,332,179,34,7,5625,2769,0.08397779000550247,187,90,45552,47737,3881,1973,12,12,15,15,0,0,92267,0,0,182,0,0,0,0,0,0,28,7476,2,0,0,0,0,0
334,8786,335.0791399650359,99955,333,171,34,7,5663,2789,0.08455805112300535,192,91,45524,47719,3903,1998,12,12,16,16,0,0,92202,0,0,184,0,0,0,0,0,0,30,7537,2,0,0,0,0,0
335,8786,336.00166819649394,99954,339,176,35,7,5714,2815,0.08532925145566961,186,81,45493,47710,3932,2011,13,13,17,17,0,0,92138,0,0,188,0,0,0,0,0,0,32,7594,2,0,0,0,0,0
336,8786,337.11353348231984,99954,329,161,35,7,5753,2831,0.08587950457210317,204,99,45451,47685,3965,2032,14,14,18,18,0,0,92057,0,0,189,0,0,0,0,0,0,34,7672,2,0,0,0,0,0
337,8786,338.00024441998727,99954,334,163,35,7,5805,2858,0.0866698681393441,186,92,45431,47674,3997,2047,15,15,19,19,0,0,91987,0,0,193,0,0,0,0,0,0,36,7736,2,0,0,0,0,0
338,8786,339.0517187331366,99954,337,168,35,7,5851,2884,0.08739019949176621,203,88,45386,47661,4021,2058,16,16,20,20,0,0,91924,0,0,194,1,0,0,0,0,0,38,7795,2,0,0,0,0,0
339,8786,340.0403275057032,99954,343,169,35,7,5909,2912,0.08825059527382596,185,86,45361,47645,4057,2074,17,17,21,21,0,0,91850,0,0,200,1,0,0,0,0,0,39,7861,3,0,0,0,0,0
340,8786,341.03534456532,99954,339,173,35,7,5947,2933,0.08884086679872741,210,96,45308,47620,4088,2084,18,18,22,22,0,0,91795,0,0,206,1,0,0,0,0,0,41,7908,3,0,0,0,0,0
341,8786,342.04682486983427,99954,354,174,35,7,6005,2959,0.08968125337655321,196,91,45278,47603,4116,2104,19,19,23,23,0,0,91727,0,0,208,1,0,0,0,0,0,43,7972,3,0,0,0,0,0
342,8786,343.0287423364618,99954,362,171,35,7,6050,2978,0.09032154791203954,193,101,45253,47582,4136,2118,19,19,24,24,0,0,91668,0,0,210,1,0,0,0,0,0,45,8027,3,0,0,0,0,0
343,8786,344.0186124203862,99954,351,175,35,7,6095,3001,0.09100186085599375,199,106,45216,47562,4178,2129,19,19,25,25,0,0,91599,0,0,218,1,0,0,0,0,0,47,8086,3,0,0,0,0,0
344,8786,345.0404007574376,99954,357,171,35,7,6145,3025,0.09174220141264981,197,103,45181,47546,4207,2151,21,20,26,27,0,0,91528,0,0,222,1,0,0,0,0,0,50,8150,3,0,0,0,0,0
345,8786,346.0694901771936,99953,374,167,36,7,6203,3051,0.09258351425169829,204,108,45139,47525,4222,2170,23,21,28,29,0,0,91458,0,0,227,1,0,0,0,0,0,54,8210,3,0,0,0,0,0
346,8786,347.2241139799229,99953,356,166,36,7,6265,3094,0.09363400798375236,224,96,45075,47503,4282,2203,25,23,30,31,0,0,91335,0,0,231,1,0,0,0,0,0,57,8325,4,0,0,0,0,0
347,8786,348.31170278373725,99953,357,164,36,7,6325,3117,0.09446439826718557,217,92,45048,47492,4313,2218,27,25,32,33,0,0,91252,0,0,234,1,0,0,0,0,0,59,8401,6,0,0,0,0,0
348,8786,349.03720527779626,99953,369,156,36,7,6370,3139,0.09513471331525818,206,98,45024,47468,4334,2242,29,27,34,35,0,0,91191,0,0,240,1,0,0,0,0,0,63,8452,6,0,0,0,0,0
349,8786,350.1261893049837,99953,360,151,36,7,6421,3161,0.095865056576591,197,100,45004,47446,4369,2264,32,30,37,38,0,0,91102,0,0,243,1,0,0,0,0,0,68,8532,7,0,0,0,0,0
350,8786,351.2159540582441,99952,339,157,37,7,6469,3195,0.09668640947654875,216,92,44954,47432,4417,2277,35,33,40,41,0,0,91007,0,0,248,1,0,0,0,0,0,71,8615,10,0,0,0,0,0
351,8786,352.30688631187445,99952,344,150,37,7,6524,3214,0.09742676484712662,203,95,44930,47413,4446,2297,38,36,43,44,0,0,90931,0,0,254,1,0,0,0,0,0,77,8679,10,0,0,0,0,0
352,8786,353.03459698228784,99952,345,149,37,7,6559,3231,0.09794701456699216,202,97,44903,47398,4469,2307,42,40,47,48,0,0,90877,0,0,258,2,0,0,0,0,0,85,8720,10,0,0,0,0,0
353,8786,354.12688821011625,99952,353,154,37,7,6619,3253,0.09876740835601089,191,97,44868,47380,4503,2316,46,44,51,52,0,0,90803,0,0,259,2,0,0,0,0,0,91,8785,12,0,0,0,0,0
354,8786,355.22001166090786,99952,348,150,37,7,6676,3278,0.09958780214502962,179,102,44845,47350,4538,2340,51,49,56,57,0,0,90709,0,0,262,3,0,0,0,0,0,99,8865,14,0,0,0,0,0
355,8786,356.31391143859287,99952,338,146,37,7,6723,3300,0.10027813350408196,187,100,44808,47341,4572,2352,56,52,61,62,0,0,90623,0,0,269,3,0,0,0,0,0,109,8934,14,0,0,0,0,0
356,8786,357.04370198804753,99951,340,159,38,7,6759,3320,0.10083941131154266,189,94,44774,47328,4597,2352,60,58,67,67,0,0,90573,0,0,271,3,0,0,0,0,0,120,8970,14,0,0,0,0,0
357,8786,358.1391832308433,99950,331,154,39,7,6813,3343,0.10161080540270136,185,93,44743,47308,4634,2372,66,64,73,73,0,0,90478,0,0,278,3,0,0,0,0,0,131,9045,15,0,0,0,0,0
358,8786,359.23558332817566,99950,312,157,39,7,6859,3370,0.10234117058529264,193,93,44710,47282,4671,2389,73,70,80,80,0,0,90383,0,0,284,3,0,0,0,0,0,143,9120,17,0,0,0,0,0
359,8786,360.3329454875613,99949,313,156,40,7,6905,3396,0.10306256190657236,196,84,44673,47265,4696,2408,80,78,88,87,0,0,90301,0,0,287,3,0,0,0,0,0,156,9183,19,0,0,0,0,0
360,8786,361.0650876864752,99949,310,150,40,7,6942,3406,0.10353280172888173,188,86,44655,47253,4718,2415,87,87,97,95,0,0,90232,0,0,290,3,0,0,0,0,0,172,9232,20,0,0,0,0,0
361,8786,362.16402294334284,99949,318,147,40,7,6993,3423,0.10421314870583998,192,89,44610,47232,4742,2427,96,96,107,104,0,0,90157,0,0,295,3,0,0,0,0,0,189,9283,22,0,0,0,0,0
362,8786,363.26397484230586,99949,315,148,40,7,7049,3450,0.10504357222183314,187,91,44564,47198,4787,2447,105,107,118,113,0,0,90058,0,0,300,3,0,0,0,0,0,208,9357,23,0,0,0,0,0
363,8786,364.36506726680005,99949,317,149,40,7,7108,3473,0.10586399063522396,182,95,44525,47167,4819,2462,115,118,130,123,0,0,89968,0,0,307,3,0,0,0,0,0,226,9418,27,0,0,0,0,0
364,8786,365.0996739054905,99949,316,152,40,7,7137,3493,0.10635424066273799,180,97,44502,47140,4834,2471,126,131,143,134,0,0,89900,0,0,309,3,0,0,0,0,0,249,9460,28,0,0,0,0,0
365,8786,366.20226181643545,99949,301,156,40,7,7176,3518,0.10699456722928694,188,96,44472,47112,4861,2482,136,145,157,146,0,0,89805,0,0,310,4,0,0,0,0,0,271,9528,31,0,0,0,0,0
366,8786,367.3057011793959,99948,297,167,41,7,7223,3546,0.10774602793452595,194,96,44434,47082,4883,2487,149,159,172,159,0,0,89716,0,0,315,4,0,0,0,0,0,297,9583,33,0,0,0,0,0
367,8786,368.04179396125124,99947,294,167,42,7,7262,3567,0.10834742413479144,189,98,44397,47050,4913,2500,163,176,189,173,0,0,89630,0,0,320,4,0,0,0,0,0,325,9632,36,0,0,0,0,0
368,8786,369.14698904292675,99947,290,165,42,7,7318,3601,0.1092479013877355,169,92,44370,47023,4951,2517,176,194,207,188,0,0,89509,0,0,324,4,0,0,0,0,0,354,9716,40,0,0,0,0,0
369,8786,370.25319175811717,99947,290,162,42,7,7365,3626,0.10996828319009075,167,93,44330,46992,4976,2532,193,212,227,205,0,0,89404,0,0,328,4,0,0,0,0,0,388,9780,43,0,0,0,0,0
370,8786,371.3604038751402,99947,277,167,42,7,7409,3651,0.11065864908401453,169,89,44295,46959,5004,2542,211,234,249,223,0,0,89301,0,0,333,6,0,0,0,0,0,422,9837,48,0,0,0,0,0
371,8786,372.09907395556894,99946,288,170,42,8,7445,3667,0.11118003722009885,169,93,44254,46925,5015,2545,230,257,273,242,0,0,89224,0,0,335,6,0,0,0,0,0,463,9868,50,0,0,0,0,0
372,8786,373.20823465770576,99946,277,169,42,8,7484,3694,0.11184039381265884,177,90,44207,46890,5045,2560,250,281,299,263,0,0,89110,0,0,338,8,0,0,0,0,0,505,9931,54,0,0,0,0,0
373,8786,374.3185407403766,99945,274,169,43,8,7536,3718,0.11260193106208415,181,95,44156,46850,5072,2571,272,305,327,285,0,0,88996,0,0,344,8,0,0,0,0,0,546,9988,63,0,0,0,0,0
374,8786,375.05939491197637,99943,276,168,44,9,7569,3736,0.113114475250893,176,97,44122,46806,5084,2584,296,334,357,309,0,0,88903,0,0,347,8,0,0,0,0,0,592,10022,71,0,0,0,0,0
375,8786,376.1719071095903,99943,285,169,44,9,7623,3764,0.11393494291746295,169,90,44068,46766,5112,2598,320,366,390,334,0,0,88782,0,0,351,8,0,0,0,0,0,645,10081,76,0,0,0,0,0
376,8786,377.28567544347624,99943,291,175,44,9,7670,3799,0.1147554105840329,168,86,44013,46705,5135,2623,347,400,425,361,0,0,88658,0,0,358,8,0,0,0,0,0,706,10136,77,0,0,0,0,0
377,8786,378.02894148432625,99943,275,176,44,9,7699,3818,0.11523568434007385,168,80,43980,46662,5157,2633,374,438,463,390,0,0,88538,0,0,366,8,0,0,0,0,0,771,10181,79,0,0,0,0,0
378,8786,379.1449853795891,99943,286,178,44,9,7743,3844,0.11593608356763355,168,75,43930,46616,5165,2641,405,479,504,421,0,0,88419,0,0,371,8,0,0,0,0,0,838,10223,84,0,0,0,0,0
379,8786,380.26223536741037,99942,289,175,45,9,7790,3870,0.11666766724700327,163,64,43877,46576,5187,2654,437,520,548,454,0,0,88284,0,0,375,8,0,0,0,0,0,904,10276,95,0,0,0,0,0
380,8786,381.0078701420181,99942,307,166,45,9,7832,3877,0.11715795161193492,158,67,43824,46529,5194,2663,470,564,595,489,0,0,88168,0,0,377,9,0,0,0,0,0,983,10308,97,0,0,0,0,0
381,8786,382.1278156304779,99941,295,171,45,10,7875,3897,0.11778949580252349,176,73,43754,46463,5224,2668,504,613,646,526,0,0,88023,0,0,384,9,0,0,0,0,0,1065,10357,103,0,0,0,0,0
382,8786,383.2493292285522,99941,298,157,45,10,7924,3912,0.11842987362543901,166,77,43709,46399,5237,2689,543,666,700,566,0,0,87867,0,0,390,9,0,0,0,0,0,1152,10413,110,0,0,0,0,0
383,8786,384.3722312258403,99941,300,161,45,10,7970,3938,0.11915029867621897,168,78,43650,46328,5251,2700,584,721,758,608,0,0,87713,0,0,393,9,0,0,0,0,0,1243,10464,119,0,0,0,0,0
384,8786,385.12157052712894,99941,300,168,45,10,8001,3957,0.11965059385037172,176,83,43584,46254,5265,2701,628,782,820,653,0,0,87577,0,0,397,9,0,0,0,0,0,1340,10489,129,0,0,0,0,0
385,8786,386.247346721853,99941,313,167,45,10,8055,3981,0.12043105432205001,177,78,43512,46188,5279,2711,672,844,886,700,0,0,87421,0,0,402,9,0,0,0,0,0,1435,10527,147,0,0,0,0,0
386,8786,387.3748435251444,99941,307,161,45,10,8102,4003,0.1211214616623808,172,75,43447,46116,5307,2726,720,910,957,750,0,0,87238,0,0,407,10,0,0,0,0,0,1543,10584,159,0,0,0,0,0
387,8786,388.1275009864848,99941,299,159,45,10,8134,4017,0.12158173322260134,173,77,43388,46037,5320,2732,773,983,1032,803,0,0,87070,0,0,410,10,0,0,0,0,0,1658,10621,172,0,0,0,0,0
388,8786,389.2584396660989,99940,302,154,45,11,8176,4036,0.12219331598959375,173,78,43316,45956,5336,2739,826,1060,1112,859,0,0,86892,0,0,416,10,0,0,0,0,0,1779,10656,187,0,0,0,0,0
389,8786,390.0134169445953,99940,312,159,45,11,8216,4057,0.1228036822093256,157,70,43260,45876,5342,2740,882,1142,1197,918,0,0,86721,0,0,418,11,0,0,0,0,0,1907,10681,202,0,0,0,0,0
390,8786,391.14786494891047,99940,298,156,45,11,8256,4073,0.12336401841104663,173,77,43170,45786,5374,2739,938,1229,1287,980,0,0,86518,0,0,422,11,0,0,0,0,0,2041,10728,220,0,0,0,0,0
391,8786,392.28443343619136,99940,299,153,45,11,8301,4088,0.12396437862717631,174,87,43095,45684,5383,2747,1002,1316,1382,1045,0,0,86327,0,0,429,12,0,0,0,0,0,2178,10752,242,0,0,0,0,0
392,8786,393.0433033452028,99940,294,162,45,11,8330,4114,0.12451470882529518,183,77,43015,45581,5393,2755,1068,1412,1483,1114,0,0,86126,0,0,428,13,0,0,0,0,0,2328,10784,261,0,0,0,0,0
393,8786,394.1838815001373,99939,292,144,45,12,8384,4135,0.1252664125116321,195,81,42917,45468,5411,2779,1138,1514,1590,1186,0,0,85882,0,0,433,16,0,0,0,0,0,2486,10842,280,0,0,0,0,0
394,8786,395.32695415639563,99939,309,137,45,12,8441,4156,0.12604688860204724,194,89,42825,45350,5413,2786,1212,1624,1703,1262,0,0,85656,0,0,440,16,0,0,0,0,0,2651,10872,304,0,0,0,0,0
395,8786,396.0902991393473,99939,305,132,45,12,8480,4164,0.126517175477041,188,97,42734,45232,5437,2784,1289,1741,1822,1341,0,0,85428,0,0,442,19,0,0,0,0,0,2828,10900,322,0,0,0,0,0
396,8786,397.23815206054985,99939,298,133,45,12,8522,4188,0.1271775783227769,185,93,42649,45106,5455,2790,1366,1864,1948,1424,0,0,85165,0,0,442,20,0,0,0,0,0,3021,10953,338,0,0,0,0,0
397,8786,398.0047778975164,99939,307,127,45,12,8562,4202,0.12771790792383353,180,101,42558,44972,5460,2793,1448,1993,2080,1511,0,0,84926,0,0,447,21,0,0,0,0,0,3216,10967,362,0,0,0,0,0
398,8786,399.15754797579217,99939,301,139,45,12,8606,4234,0.12847837180680216,184,95,42447,44840,5483,2796,1538,2116,2219,1602,0,0,84650,0,0,446,24,0,0,0,0,0,3424,11014,381,0,0,0,0,0
399,8786,400.3131878357432,99939,316,139,45,12,8663,4261,0.12931888451955692,171,102,42340,44687,5495,2804,1631,2254,2365,1697,0,0,84381,0,0,456,25,0,0,0,0,0,3635,11032,410,0,0,0,0,0
400,8786,401.0851669833797,99939,319,135,45,12,8699,4271,0.1297791652908274,170,102,42234,44543,5502,2803,1728,2403,2519,1796,0,0,84112,0,0,458,26,0,0,0,0,0,3860,11046,437,0,0,0,0,0
401,8786,402.24650507844564,99939,327,140,45,12,8753,4304,0.130649696314752,161,93,42128,44386,5510,2809,1827,2558,2680,1900,0,0,83812,0,0,462,26,0,0,0,0,0,4090,11077,472,0,0,0,0,0
402,8786,403.02233387968334,99939,317,147,45,12,8781,4327,0.13116000760463883,173,83,42019,44234,5515,2806,1929,2716,2849,2008,0,0,83519,0,0,469,26,0,0,0,0,0,4336,11086,503,0,0,0,0,0
403,8786,404.18959040731835,99938,320,139,46,12,8840,4345,0.13193179771458305,167,93,41912,44069,5525,2803,2028,2882,3026,2120,0,0,83190,0,0,474,28,0,0,0,0,0,4591,11119,536,0,0,0,0,0
404,8786,405.3597789667221,99938,311,152,46,12,8888,4371,0.13267225679921552,167,98,41798,43884,5542,2801,2134,3051,3211,2237,0,0,82848,0,0,478,29,0,0,0,0,0,4869,11154,560,0,0,0,0,0
405,8786,406.14170177290293,99938,306,160,46,12,8923,4393,0.13324261041845945,175,93,41673,43701,5554,2798,2244,3234,3404,2359,0,0,82517,0,0,480,30,0,0,0,0,0,5149,11168,594,0,0,0,0,0
406,8786,407.31846445905774,99938,331,152,46,12,8983,4412,0.13403310052232384,162,96,41551,43505,5548,2807,2360,3426,3606,2485,0,0,82164,0,0,482,32,0,0,0,0,0,5444,11191,625,0,0,0,0,0
407,8786,408.10489353319497,99938,332,154,46,12,9011,4431,0.1345033921031039,175,89,41418,43321,5544,2798,2483,3624,3817,2616,0,0,81830,0,0,484,34,0,0,0,0,0,5738,11181,671,0,0,0,0,0
408,8786,409.28867322110455,99938,327,152,46,12,9061,4456,0.13525385739158277,179,84,41288,43120,5550,2799,2608,3831,4036,2752,0,0,81451,0,0,491,35,0,0,0,0,0,6043,11198,720,0,0,0,0,0
409,8786,410.0799683815022,99938,326,165,46,12,9100,4481,0.1358942544377514,170,71,41163,42919,5556,2786,2737,4045,4264,2893,0,0,81073,0,0,494,35,0,0,0,0,0,6372,11204,760,0,0,0,0,0
410,8786,411.2712117000061,99937,317,150,46,13,9146,4500,0.13654602399511692,179,74,41013,42706,5571,2793,2872,4262,4501,3039,0,0,80646,0,0,499,37,0,0,0,0,0,6717,11242,796,0,0,0,0,0
411,8786,412.06778586997206,99937,309,151,46,13,9170,4519,0.1369762950658915,184,68,40885,42486,5558,2784,3016,4496,4747,3190,0,0,80257,0,0,501,39,0,0,0,0,0,7060,11232,848,0,0,0,0,0
412,8786,413.26731449091716,99937,312,147,46,13,9226,4541,0.13775678677566866,181,74,40729,42245,5571,2786,3159,4733,5003,3346,0,0,79813,0,0,504,43,0,0,0,0,0,7432,11261,884,0,0,0,0,0
413,8786,414.06942737581835,99937,301,146,46,13,9259,4559,0.13826710827821528,186,65,40572,42019,5581,2775,3312,4980,5268,3507,0,0,79389,0,0,504,47,0,0,0,0,0,7797,11259,941,0,0,0,0,0
414,8786,415.2782027066968,99937,293,129,46,13,9311,4578,0.13897755586019192,174,70,40426,41770,5593,2780,3466,5236,5542,3673,0,0,78910,0,0,506,53,0,0,0,0,0,8190,11294,984,0,0,0,0,0
415,8786,416.08661769543687,99937,294,121,46,13,9343,4587,0.1393878143230235,175,77,40278,41499,5582,2775,3623,5513,5826,3845,0,0,78470,0,0,512,54,0,0,0,0,0,8589,11272,1040,0,0,0,0,0
416,8786,417.3045153895744,99937,301,123,46,13,9399,4609,0.14016830603280067,167,88,40107,41224,5597,2763,3780,5787,6119,4022,0,0,77993,0,0,512,60,0,0,0,0,0,9003,11279,1090,0,0,0,0,0
417,8786,418.11919902809,99937,307,123,46,13,9434,4624,0.14066862123137577,158,89,39955,40958,5583,2740,3949,6075,6422,4204,0,0,77545,0,0,514,63,0,0,0,0,0,9412,11240,1163,0,0,0,0,0
418,8786,419.34689984616415,99937,297,131,46,13,9485,4652,0.14145911924512442,166,88,39773,40672,5600,2733,4116,6361,6734,4391,0,0,77041,0,0,513,69,0,0,0,0,0,9840,11246,1228,0,0,0,0,0
419,8786,420.16842197028865,99936,299,134,47,13,9514,4672,0.14195084854306755,204,122,39576,40347,5580,2723,4292,6659,7056,4584,0,0,76550,17,1,515,70,0,0,0,0,0,10291,11202,1290,0,0,0,0,0
420,8786,421.1812713256921,99936,315,148,47,13,9571,4706,0.14286143131604226,226,126,39370,40035,5572,2714,4468,6962,7387,4782,0,0,76029,69,7,517,71,0,0,0,0,0,10754,11140,1349,0,0,0,0,0
421,8786,422.19887651651567,99936,335,157,47,13,9640,4741,0.14390209734229908,230,135,39164,39709,5574,2714,4648,7270,7727,4985,0,0,75479,139,10,515,75,0,0,0,0,0,11231,11079,1408,0,0,0,0,0
422,8786,423.2215506005802,99936,342,163,47,13,9703,4778,0.1449027377521614,250,135,38933,39396,5586,2712,4840,7579,8077,5193,0,0,74912,213,17,519,77,0,0,0,0,0,11717,11010,1471,0,0,0,0,0
423,8786,424.24973608096764,99936,359,176,47,13,9760,4811,0.14580331412103748,287,150,38717,39054,5571,2700,5017,7905,8436,5406,0,0,74351,260,22,523,81,0,0,0,0,0,12226,10948,1525,0,0,0,0,0
424,8786,425.2830435332221,99936,375,174,47,13,9830,4841,0.14680395453089978,301,164,38479,38716,5580,2696,5216,8235,8804,5625,0,0,73762,335,29,522,85,0,0,0,0,0,12733,10875,1595,0,0,0,0,0
425,8786,426.32214031565485,99936,390,182,47,13,9912,4875,0.14796469740634005,301,181,38268,38356,5588,2693,5404,8573,9180,5849,0,0,73175,407,40,531,86,0,0,0,0,0,13237,10781,1679,0,0,0,0,0
426,8786,427.0179643980617,99936,431,202,47,13,9974,4917,0.14900536343259685,286,166,38066,38004,5556,2674,5612,8939,9565,6078,0,0,72613,439,48,532,87,1,0,0,0,0,13759,10697,1760,0,0,0,0,0
427,8786,428.06780595707227,99935,440,212,47,14,10050,4961,0.15020763496272577,325,180,37802,37632,5563,2676,5821,9284,9958,6311,0,0,71977,518,60,535,93,1,0,0,0,0,14303,10624,1824,0,0,0,0,0
428,8786,429.1241700987117,99934,435,223,48,14,10124,5007,0.15140993055416574,347,187,37539,37247,5594,2677,6035,9650,10360,6549,0,0,71322,597,82,540,97,3,0,0,0,0,14856,10555,1882,0,0,0,0,0
429,8786,430.1874062924391,99934,462,242,48,14,10214,5057,0.1528108551644085,371,215,37269,36844,5602,2672,6246,10011,10770,6792,0,0,70650,673,94,539,104,3,0,0,0,0,15440,10499,1932,0,0,0,0,0
430,8786,431.2576155904632,99933,489,250,49,14,10319,5106,0.1543534167892488,389,217,36997,36459,5618,2673,6456,10385,11187,7040,0,0,69974,756,116,543,110,4,0,0,0,0,16011,10421,1998,0,0,0,0,0
431,8786,432.33515458160286,99933,536,258,49,14,10417,5163,0.15590445598551028,422,231,36708,36054,5607,2680,6676,10761,11612,7292,0,0,69300,834,126,548,117,4,0,0,0,0,16597,10335,2072,0,0,0,0,0
432,8786,433.05750212765264,99932,537,269,49,15,10471,5204,0.15685666253052075,468,239,36439,35643,5593,2669,6912,11163,12044,7549,0,0,68639,884,145,556,122,4,0,0,0,0,17188,10248,2146,0,0,0,0,0
433,8786,434.1496554144294,99932,596,279,49,15,10603,5267,0.15880798943281432,484,250,36130,35244,5614,2671,7125,11539,12482,7810,0,0,67927,975,169,560,128,4,0,0,0,0,17784,10166,2219,0,0,0,0,0
434,8786,435.25003348741456,99930,643,297,51,15,10730,5333,0.1607425197638347,492,260,35843,34824,5621,2670,7348,11932,12927,8075,0,0,67215,1068,191,562,133,5,0,0,0,0,18379,10070,2307,0,0,0,0,0
435,8786,436.35840584369447,99930,684,310,51,15,10872,5398,0.16281396977884519,515,281,35541,34389,5657,2675,7550,12328,13378,8344,0,0,66468,1170,223,571,139,5,0,0,0,0,18990,9984,2380,0,0,0,0,0
436,8786,437.10197312691315,99930,711,333,51,15,10962,5455,0.16428499949964975,551,275,35237,33962,5660,2672,7788,12741,13835,8617,0,0,65757,1225,254,573,147,5,0,0,0,0,19614,9908,2447,0,0,0,0,0
437,8786,438.2273341526637,99928,745,358,52,16,11119,5535,0.1666599951965415,584,281,34900,33523,5715,2689,8002,13131,14297,8894,0,0,64983,1343,290,588,154,5,0,0,0,0,20232,9808,2525,0,0,0,0,0
438,8786,439.36263851564206,99928,787,355,52,16,11287,5603,0.169021695620847,614,308,34538,33084,5771,2714,8236,13521,14764,9174,0,0,64201,1481,331,596,162,5,0,0,0,0,20833,9697,2622,0,0,0,0,0
439,8786,440.12537383124504,99928,852,374,52,16,11426,5660,0.17098310783764312,587,327,34224,32620,5793,2720,8490,13941,15235,9458,0,0,63457,1548,358,609,167,5,0,0,0,0,21483,9606,2695,0,0,0,0,0
440,8786,441.28098666232046,99927,909,418,53,16,11614,5775,0.17401703243367658,608,316,33873,32176,5838,2736,8717,14336,15710,9745,0,0,62640,1694,386,630,171,6,0,0,0,0,22124,9494,2782,0,0,0,0,0
441,8786,442.057219650878,99925,913,424,55,16,11715,5829,0.1755716787590693,663,347,33555,31733,5853,2729,8959,14749,16189,10035,0,0,61877,1784,424,634,179,7,0,0,0,0,22755,9393,2872,0,0,0,0,0
442,8786,443.233866414369,99923,965,454,56,17,11930,5928,0.17871761256167248,666,368,33192,31253,5938,2750,9181,15156,16671,10328,0,0,61053,1933,479,651,187,7,0,0,0,0,23373,9274,2966,0,0,0,0,0
443,8786,444.02475872690496,99921,993,469,57,18,12065,5996,0.1807527947078192,701,370,32878,30807,5950,2753,9419,15581,17156,10623,0,0,60286,2029,521,663,193,7,0,0,0,0,23998,9151,3073,0,0,0,0,0
444,8786,445.22329957052335,99920,1031,504,58,18,12280,6109,0.18403722978382706,732,369,32492,30370,6039,2761,9646,15976,17643,10921,0,0,59453,2181,582,684,209,7,0,0,0,0,24614,9024,3166,0,0,0,0,0
445,8786,446.0293965630883,99920,1043,518,58,18,12399,6182,0.1859587670136109,787,384,32149,29913,6058,2767,9903,16398,18132,11221,0,0,58688,2271,636,690,222,8,0,0,0,0,25234,8904,3267,0,0,0,0,0
446,8786,447.252693203708,99919,1106,535,58,19,12644,6306,0.18965361943173972,844,390,31745,29462,6141,2809,10104,16783,18623,11523,0,0,57822,2445,712,713,231,8,0,0,0,0,25846,8777,3365,0,0,0,0,0
447,8786,448.07578433417234,99917,1157,551,59,20,12809,6381,0.19205940930972706,894,404,31379,29001,6175,2818,10334,17204,19115,11827,0,0,57008,2557,750,722,238,10,0,0,0,0,26506,8673,3453,0,0,0,0,0
448,8786,449.32578735893253,99916,1231,561,60,20,13103,6502,0.19621482044917732,909,431,30960,28537,6292,2869,10546,17580,19607,12133,0,0,56098,2769,838,737,249,10,0,0,0,0,27113,8555,3547,0,0,0,0,0
449,8786,450.16744474019924,99916,1254,605,60,20,13291,6600,0.19907722486888987,913,431,30616,28076,6374,2873,10781,17993,20100,12440,0,0,55265,2889,907,753,258,10,0,0,0,0,27753,8451,3630,0,0,0,0,0
450,8786,451.0182552338283,99914,1296,613,62,20,13487,6688,0.20192365434273477,910,441,30294,27656,6432,2893,11004,18375,20592,12748,0,0,54421,3013,986,763,272,10,0,0,0,0,28387,8359,3703,0,0,0,0,0
451,8786,452.3102737333464,99914,1369,657,62,20,13805,6839,0.20661769121444443,974,450,29838,27194,6563,2941,11192,18736,21084,13057,0,0,53509,3208,1101,781,287,11,0,0,0,0,28985,8254,3778,0,0,0,0,0
452,8786,453.1809511128965,99914,1411,671,62,20,14034,6943,0.2099505574794323,980,473,29457,26730,6656,2969,11432,19135,21575,13367,0,0,52666,3332,1208,808,299,11,0,0,0,0,29590,8145,3855,0,0,0,0,0
453,8786,454.062211670559,99912,1445,670,63,21,14255,7033,0.21306749939947153,1009,509,29091,26264,6737,3001,11653,19533,22064,13678,0,0,51804,3488,1290,829,309,13,0,0,0,0,30209,8028,3942,0,0,0,0,0
454,8786,455.4023167668189,99911,1487,724,64,21,14571,7205,0.2179539790413468,1056,535,28677,25795,6869,3051,11845,19872,22551,13989,0,0,50908,3686,1426,846,339,14,0,0,0,0,30764,7908,4020,0,0,0,0,0
455,8786,456.30550323602466,99909,1550,763,65,22,14815,7339,0.22174178502437217,1058,524,28315,25410,6946,3062,12064,20217,23036,14301,0,0,50080,3828,1523,854,361,15,0,0,0,0,31347,7788,4113,0,0,0,0,0
456,8786,457.2189383868805,99908,1548,776,65,23,15037,7457,0.22514713536453537,1093,524,27955,24979,7052,3103,12285,20593,23519,14613,0,0,49227,3979,1640,880,386,16,0,0,0,0,31924,7669,4187,0,0,0,0,0
457,8786,458.14428055797083,99908,1611,782,65,23,15301,7584,0.22906073587700684,1124,508,27548,24566,7140,3171,12510,20948,23999,14925,0,0,48366,4130,1762,909,401,16,0,0,0,0,32507,7558,4259,0,0,0,0,0
458,8786,459.08152907824405,99908,1659,779,65,23,15581,7697,0.23299435480642192,1102,521,27221,24148,7245,3217,12706,21310,24475,15236,0,0,47533,4277,1904,931,431,16,0,0,0,0,33046,7433,4337,0,0,0,0,0
459,8786,460.0302154400748,99904,1681,802,69,23,15851,7809,0.2368273542600897,1110,552,26839,23739,7391,3240,12908,21642,24948,15547,0,0,46692,4424,2027,964,449,17,0,0,0,0,33603,7307,4421,0,0,0,0,0
460,8786,461.4750982389923,99902,1710,809,71,23,16233,7996,0.24252767712358111,1164,561,26439,23331,7574,3337,13040,21937,25417,15857,0,0,45735,4697,2208,996,480,18,0,0,0,0,34092,7179,4497,0,0,0,0,0
461,8786,462.449832450756,99902,1735,818,71,23,16496,8128,0.24648155192088247,1183,563,26083,22941,7681,3383,13245,22270,25882,16166,0,0,44908,4841,2357,1028,502,19,0,0,0,0,34614,7056,4577,0,0,0,0,0
462,8786,463.43731890081426,99900,1783,824,72,24,16794,8245,0.2506406406406406,1196,583,25701,22551,7815,3423,13431,22593,26342,16474,0,0,44075,4989,2477,1073,525,20,0,0,0,0,35157,6925,4659,0,0,0,0,0
463,8786,464.43866427208104,99900,1838,853,72,24,17113,8394,0.2553253253253253,1173,588,25348,22151,7957,3470,13610,22912,26797,16781,0,0,43237,5138,2651,1090,556,22,0,0,0,0,35666,6832,4708,0,0,0,0,0
464,8786,465.45331453803743,99899,1881,887,72,25,17422,8554,0.26002262284907757,1186,603,24978,21729,8089,3537,13792,23217,27247,17086,0,0,42398,5292,2814,1115,588,23,0,0,0,0,36175,6734,4760,0,0,0,0,0
465,8786,466.4819357735791,99899,1879,933,72,25,17706,8723,0.26455720277480255,1249,603,24617,21325,8225,3597,13956,23515,27692,17390,0,0,41555,5473,2962,1145,615,26,0,0,0,0,36673,6616,4834,0,0,0,0,0
466,8786,467.0003406963577,99897,1891,954,73,26,17875,8810,0.26712513889305983,1244,594,24312,20951,8276,3601,14202,23872,28132,17692,0,0,40844,5534,3082,1159,632,26,0,0,0,0,37193,6507,4920,0,0,0,0,0
467,8786,468.0555979842952,99894,1891,970,75,27,18173,8981,0.27182813782609566,1262,614,23993,20582,8416,3680,14361,24125,28566,17992,0,0,40012,5706,3271,1196,665,28,0,0,0,0,37650,6391,4975,0,0,0,0,0
468,8786,469.12485193742947,99890,1929,991,78,28,18512,9145,0.27687456201822,1241,611,23658,20221,8577,3757,14515,24390,28995,18290,0,0,39195,5875,3466,1231,690,28,0,0,0,0,38085,6272,5048,0,0,0,0,0
469,8786,470.20881472106885,99890,1919,994,78,28,18816,9311,0.28157973771148265,1259,591,23320,19886,8748,3856,14674,24643,29418,18586,0,0,38386,6052,3667,1264,726,31,0,0,0,0,38494,6150,5120,0,0,0,0,0
470,8786,471.3080553594236,99890,1981,1031,78,28,19181,9473,0.2868555410952047,1226,606,22997,19541,8903,3897,14813,24895,29835,18880,0,0,37608,6209,3859,1283,765,32,0,0,0,0,38907,6038,5189,0,0,0,0,0
471,8786,472.422778182787,99888,2014,1027,80,28,19546,9649,0.29227735063270865,1168,611,22690,19215,9085,3994,14961,25123,30245,19171,0,0,36777,6404,4070,1319,804,33,0,0,0,0,39306,5932,5243,0,0,0,0,0
472,8786,473.5524789681924,99887,2067,1030,81,28,19904,9829,0.2976663629901789,1141,619,22365,18892,9248,4107,15096,25322,30649,19460,0,0,35990,6552,4305,1362,830,35,0,0,0,0,39683,5835,5295,0,0,0,0,0
473,8786,474.1216637910274,99887,2057,1038,81,28,20070,9930,0.3003393835033588,1143,602,22117,18594,9304,4123,15296,25613,31047,19746,0,0,35343,6600,4474,1364,865,36,0,0,0,0,40101,5747,5357,0,0,0,0,0
474,8786,475.2805913253639,99885,2063,1048,83,28,20428,10093,0.30556139560494566,1124,636,21829,18277,9507,4204,15392,25805,31438,20029,0,0,34563,6767,4709,1396,910,37,0,0,0,0,40461,5646,5396,0,0,0,0,0
475,8786,476.4547481095075,99883,2034,1061,85,28,20769,10307,0.31112401509766424,1143,615,21517,17974,9708,4336,15511,25984,31823,20310,0,0,33786,6935,5000,1427,961,37,0,0,0,0,40755,5550,5432,0,0,0,0,0
476,8786,477.04677703986806,99882,2013,1037,86,28,20927,10378,0.31341983540577883,1149,648,21276,17689,9768,4347,15706,26249,32201,20588,0,0,33180,6970,5168,1438,998,39,0,0,0,0,41140,5452,5497,0,0,0,0,0
477,8786,478.25170630425725,99881,2043,1071,87,28,21307,10590,0.3193500265315726,1113,627,20990,17418,9946,4455,15819,26399,32572,20863,0,0,32415,7145,5406,1473,1039,41,0,0,0,0,41460,5358,5544,0,0,0,0,0
478,8786,479.4732322478882,99880,2021,1073,87,29,21647,10782,0.3246796155386464,1123,627,20697,17138,10149,4562,15921,26569,32936,21135,0,0,31690,7307,5681,1498,1090,43,0,0,0,0,41722,5250,5599,0,0,0,0,0
479,8786,480.0888738274973,99878,2019,1075,88,30,21824,10880,0.32743947616091634,1107,624,20468,16867,10212,4596,16104,26806,33294,21403,0,0,31089,7342,5854,1506,1125,45,0,0,0,0,42097,5178,5642,0,0,0,0,0
480,8786,481.34179282376715,99875,1989,1083,90,31,22165,11088,0.33294618272841053,1109,594,20212,16632,10418,4702,16180,26956,33645,21668,0,0,30368,7508,6136,1534,1181,48,0,0,0,0,42341,5082,5677,0,0,0,0,0
481,8786,482.61125214492245,99873,2000,1092,91,32,22523,11300,0.3386600983248726,1128,549,19923,16426,10586,4801,16270,27098,33989,21930,0,0,29699,7637,6422,1557,1247,52,0,0,0,0,42560,4989,5710,0,0,0,0,0
482,8786,483.2506626680383,99871,2016,1095,93,32,22714,11395,0.3415305744410289,1121,556,19694,16176,10636,4815,16438,27324,34326,22189,0,0,29164,7637,6611,1573,1280,56,0,0,0,0,42883,4912,5755,0,0,0,0,0
483,8786,484.55288031278326,99869,2001,1057,95,32,23108,11571,0.34724489080695714,1074,550,19444,15980,10881,4928,16503,27451,34657,22444,0,0,28463,7798,6910,1618,1335,64,0,0,0,0,43077,4821,5783,0,0,0,0,0
484,8786,485.2093133137151,99869,2016,1033,95,32,23283,11656,0.3498483012746698,1074,559,19244,15755,10911,4965,16658,27654,34981,22696,0,0,27955,7794,7098,1644,1366,67,0,0,0,0,43381,4729,5835,0,0,0,0,0
485,8786,486.54388219676036,99866,2007,975,98,32,23636,11823,0.3550657881561292,1108,589,18995,15583,11088,5099,16702,27720,35298,22944,0,0,27320,7925,7413,1690,1419,69,0,0,0,0,43534,4619,5877,0,0,0,0,0
486,8786,487.215960673781,99865,2012,984,99,32,23816,11915,0.35779302057778,1135,587,18820,15354,11109,5115,16823,27926,35609,23189,0,0,26815,7916,7617,1693,1452,71,0,0,0,0,43821,4573,5907,0,0,0,0,0
487,8786,488.58091218222006,99864,2001,975,99,33,24183,12109,0.36341424337098455,1098,555,18594,15197,11323,5224,16883,28014,35913,23430,0,0,26194,8026,7931,1737,1518,72,0,0,0,0,43977,4490,5919,0,0,0,0,0
488,8786,489.2671269532563,99864,1982,969,99,33,24371,12196,0.3661679884643115,1101,552,18424,15003,11391,5246,17001,28195,36211,23668,0,0,25721,8024,8149,1756,1558,72,0,0,0,0,44211,4408,5965,0,0,0,0,0
489,8786,490.6624200694014,99864,1947,985,99,33,24732,12400,0.37182568292878315,1101,515,18203,14862,11607,5354,17041,28249,36502,23902,0,0,25098,8166,8438,1787,1629,77,0,0,0,0,44362,4333,5974,0,0,0,0,0
490,8786,491.36496676842535,99863,1960,960,100,33,24921,12476,0.3744830417672211,1073,526,18049,14667,11640,5385,17176,28427,36787,24133,0,0,24659,8142,8652,1784,1682,78,0,0,0,0,44583,4277,6006,0,0,0,0,0
491,8786,492.07478295087276,99861,1961,982,102,33,25107,12579,0.37738456454471714,1057,514,17892,14483,11687,5403,17299,28583,37066,24360,0,0,24198,8158,8818,1791,1725,80,0,0,0,0,44832,4207,6052,0,0,0,0,0
492,8786,493.5132111873653,99861,1979,969,102,33,25503,12763,0.3831926377664954,981,510,17740,14385,11876,5490,17320,28611,37338,24583,0,0,23657,8243,9122,1829,1796,85,0,0,0,0,44923,4124,6082,0,0,0,0,0
493,8786,494.2360273184839,99861,1953,954,102,33,25668,12847,0.38568610368412093,986,513,17576,14246,11935,5499,17446,28753,37604,24803,0,0,23223,8256,9307,1834,1849,89,0,0,0,0,45133,4054,6116,0,0,0,0,0
494,8786,495.7012605404268,99860,1905,946,103,33,26041,13049,0.3914480272381334,955,488,17422,14172,12157,5599,17456,28760,37864,25019,0,0,22677,8363,9639,1872,1924,94,0,0,0,0,45177,3972,6142,0,0,0,0,0
495,8786,496.4382518340171,99860,1880,928,103,33,26223,13138,0.3941618265571801,930,505,17284,14038,12225,5637,17576,28857,38118,25232,0,0,22267,8356,9873,1882,1972,95,0,0,0,0,45335,3910,6170,0,0,0,0,0
496,8786,497.1802494936213,99860,1864,930,103,33,26412,13236,0.3970358501902664,894,483,17141,13912,12310,5651,17686,28989,38366,25441,0,0,21858,8356,10077,1891,2023,98,0,0,0,0,45509,3853,6195,0,0,0,0,0
497,8786,498.6509072527779,99860,1816,928,103,33,26731,13415,0.40202283196475064,880,474,17012,13850,12482,5737,17705,28976,38608,25646,0,0,21393,8407,10401,1918,2089,105,0,0,0,0,45543,3783,6221,0,0,0,0,0
498,8786,499.38864021052086,99858,1774,916,105,33,26889,13502,0.40448436780227925,894,470,16903,13718,12532,5768,17790,29093,38845,25848,0,0,21023,8395,10595,1924,2152,106,0,0,0,0,45692,3714,6257,0,0,0,0,0
499,8786,500.1217107748025,99858,1782,892,105,33,27064,13584,0.40705802239179634,886,470,16788,13612,12544,5795,17893,29196,39076,26046,0,0,20644,8404,10789,1923,2194,108,0,0,0,0,45846,3653,6297,0,0,0,0,0
500,8786,501.5773650531579,99858,1755,852,105,33,27388,13723,0.41169460634100424,883,482,16675,13544,12685,5894,17895,29193,39301,26241,0,0,20189,8460,11076,1953,2268,114,0,0,0,0,45897,3592,6309,0,0,0,0,0
501,8786,502.30755224096623,99858,1769,863,105,33,27567,13823,0.41448857377476017,863,452,16575,13427,12720,5918,17966,29305,39521,26432,0,0,19861,8429,11268,1962,2313,119,0,0,0,0,46035,3531,6340,0,0,0,0,0
502,8786,503.03364300513675,99858,1755,868,105,33,27730,13916,0.4170522141440846,852,441,16469,13331,12764,5936,18053,29389,39736,26620,0,0,19498,8421,11455,1969,2351,123,0,0,0,0,46189,3489,6363,0,0,0,0,0
503,8786,504.4770280203747,99857,1636,860,106,33,28020,14066,0.42146269164905814,850,426,16382,13284,12999,6012,18025,29383,39946,26805,0,0,19044,8481,11742,2016,2425,131,0,0,0,0,46223,3430,6365,0,0,0,0,0
504,8786,505.2021156520549,99857,1622,851,106,33,28164,14141,0.42365582783380235,837,418,16282,13203,13037,6023,18114,29470,40150,26986,0,0,18729,8443,11938,2028,2461,136,0,0,0,0,46356,3384,6382,0,0,0,0,0
505,8786,506.6434381163303,99856,1629,792,107,33,28479,14275,0.4281565454254126,793,422,16172,13195,13186,6123,18111,29433,40349,27164,0,0,18348,8495,12220,2054,2533,144,0,0,0,0,46352,3308,6402,0,0,0,0,0
506,8786,507.3666626801536,99855,1602,816,108,33,28626,14367,0.43055430374042364,778,398,16078,13142,13241,6103,18191,29506,40543,27338,0,0,18069,8453,12407,2059,2582,150,0,0,0,0,46458,3253,6424,0,0,0,0,0
507,8786,508.08633017629126,99854,1573,785,109,33,28762,14435,0.432601598333567,756,387,16015,13056,13282,6143,18263,29594,40733,27509,0,0,17769,8434,12589,2064,2635,154,0,0,0,0,46561,3204,6444,0,0,0,0,0
508,8786,509.51772219020233,99853,1501,765,110,33,29007,14578,0.43649164271479074,766,371,15976,13024,13390,6221,18255,29584,40918,27677,0,0,17425,8445,12875,2086,2705,165,0,0,0,0,46547,3153,6452,0,0,0,0,0
509,8786,510.23604176507314,99853,1489,754,110,33,29150,14644,0.43858471953772044,737,356,15914,12948,13417,6239,18331,29668,41098,27842,0,0,17149,8413,13052,2084,2751,171,0,0,0,0,46649,3116,6468,0,0,0,0,0
510,8786,511.6645990746411,99852,1457,700,111,33,29406,14757,0.44228458118014663,715,366,15866,12958,13525,6311,18324,29630,41274,28003,0,0,16808,8425,13329,2110,2811,180,0,0,0,0,46644,3077,6468,0,0,0,0,0
511,8786,512.3810821555224,99850,1447,666,113,33,29539,14806,0.4441161742613921,686,364,15793,12896,13551,6330,18408,29709,41445,28161,0,0,16547,8394,13496,2114,2852,185,0,0,0,0,46737,3032,6493,0,0,0,0,0
512,8786,513.0949862442617,99849,1425,666,114,33,29668,14876,0.4461136315836914,652,343,15742,12844,13587,6337,18478,29775,41612,28316,0,0,16300,8369,13661,2104,2907,188,0,0,0,0,46818,2987,6515,0,0,0,0,0
513,8786,514.51497118367,99846,1366,657,117,33,29900,14994,0.44963243394828034,623,319,15714,12871,13715,6383,18463,29735,41775,28468,0,0,16005,8365,13920,2123,2975,195,0,0,0,0,46802,2944,6517,0,0,0,0,0
514,8786,515.227382250321,99845,1344,656,118,33,30020,15055,0.45144974710801744,611,300,15656,12827,13734,6379,18535,29803,41934,28617,0,0,15767,8317,14079,2125,3023,197,0,0,0,0,46898,2912,6527,0,0,0,0,0
515,8786,516.6455130985946,99845,1287,636,118,33,30233,15159,0.4546246682357654,585,301,15634,12853,13851,6429,18523,29746,42089,28763,0,0,15483,8327,14319,2143,3083,206,0,0,0,0,46889,2863,6532,0,0,0,0,0
516,8786,517.3568147273862,99845,1242,625,118,33,30333,15224,0.4562772297060444,577,298,15598,12806,13874,6440,18589,29796,42240,28906,0,0,15249,8297,14486,2143,3129,211,0,0,0,0,46956,2835,6539,0,0,0,0,0
517,8786,518.0658752351854,99843,1194,618,120,33,30438,15278,0.45787886982562626,559,295,15567,12760,13913,6449,18645,29843,42387,29046,0,0,15034,8263,14629,2140,3187,216,0,0,0,0,47024,2799,6551,0,0,0,0,0
518,8786,519.478369027283,99842,1139,588,121,33,30631,15367,0.46070791851124776,537,297,15574,12804,14006,6480,18621,29796,42530,29184,0,0,14771,8272,14839,2149,3255,224,0,0,0,0,47018,2757,6557,0,0,0,0,0
519,8786,520.1873269480819,99841,1116,603,121,34,30711,15429,0.46213479432297355,541,279,15547,12782,13992,6467,18681,29833,42670,29319,0,0,14579,8219,14967,2152,3295,227,0,0,0,0,47108,2724,6570,0,0,0,0,0
520,8786,521.5994034984402,99839,1101,566,123,34,30911,15514,0.46499864782299505,468,285,15569,12813,14058,6517,18679,29783,42806,29451,0,0,14355,8191,15185,2177,3355,232,0,0,0,0,47093,2681,6570,0,0,0,0,0
521,8786,522.3075052302024,99839,1075,536,123,34,31013,15558,0.46646100221356385,437,269,15547,12801,14084,6537,18732,29821,42939,29580,0,0,14164,8145,15329,2179,3404,237,0,0,0,0,47146,2652,6583,0,0,0,0,0
522,8786,523.0133427227714,99839,1029,524,123,34,31099,15601,0.46775308246276504,424,266,15491,12781,14130,6536,18801,29857,43068,29707,0,0,13953,8122,15451,2184,3448,238,0,0,0,0,47228,2618,6597,0,0,0,0,0
523,8786,524.4202239249591,99839,1007,516,123,34,31248,15688,0.47011688818998587,420,249,15505,12829,14157,6567,18786,29803,43194,29831,0,0,13739,8106,15623,2186,3499,244,0,0,0,0,47248,2589,6605,0,0,0,0,0
524,8786,525.125479948689,99839,986,524,123,34,31317,15739,0.4713188233055219,415,237,15494,12811,14129,6561,18851,29831,43317,29953,0,0,13574,8047,15759,2186,3526,248,0,0,0,0,47318,2565,6616,0,0,0,0,0
525,8786,526.5298223951154,99839,900,496,123,34,31450,15823,0.4734923226394495,414,216,15544,12863,14200,6614,18817,29775,43437,30072,0,0,13354,8033,15948,2204,3594,252,0,0,0,0,47307,2536,6611,0,0,0,0,0
526,8786,527.2339868762723,99839,878,480,123,34,31524,15853,0.4745339997395807,402,216,15519,12864,14208,6605,18868,29799,43554,30189,0,0,13188,8001,16085,2198,3615,257,0,0,0,0,47356,2506,6633,0,0,0,0,0
527,8786,528.6388789590529,99839,855,458,123,34,31675,15929,0.4768076603331364,361,207,15569,12926,14233,6651,18857,29722,43668,30303,0,0,13005,7978,16257,2209,3672,261,0,0,0,0,47345,2471,6641,0,0,0,0,0
528,8786,529.3430894682618,99839,829,452,123,34,31728,15974,0.47778924067749073,356,200,15570,12930,14217,6652,18903,29730,43779,30415,0,0,12855,7936,16358,2197,3719,264,0,0,0,0,47408,2450,6652,0,0,0,0,0
529,8786,530.0457716934926,99839,833,443,123,34,31788,16014,0.47879085327377074,344,186,15541,12936,14195,6651,18962,29748,43887,30524,0,0,12708,7890,16460,2194,3747,266,0,0,0,0,47482,2426,6666,0,0,0,0,0
530,8786,531.4462694451258,99839,800,407,123,34,31913,16064,0.4805436753172608,331,194,15580,12991,14211,6674,18953,29698,43992,30631,0,0,12532,7864,16611,2205,3786,277,0,0,0,0,47490,2402,6672,0,0,0,0,0
531,8786,532.1478990430942,99839,764,406,123,34,31971,16091,0.48139504602409877,332,190,15562,13000,14220,6660,18997,29708,44094,30736,0,0,12387,7828,16720,2202,3812,283,0,0,0,0,47549,2378,6680,0,0,0,0,0
532,8786,533.546666410405,99839,725,379,123,34,32081,16171,0.4832981099570308,341,163,15639,13059,14222,6704,18948,29659,44194,30839,0,0,12224,7803,16901,2212,3851,291,0,0,0,0,47522,2352,6683,0,0,0,0,0
533,8786,534.2483280990166,99839,702,367,123,34,32140,16195,0.4841294484119432,327,160,15639,13063,14217,6692,18990,29682,44291,30940,0,0,12079,7773,16999,2212,3883,292,0,0,0,0,47582,2330,6689,0,0,0,0,0
534,8786,535.649091214004,99839,663,360,123,34,32242,16269,0.48589228658139605,303,120,15735,13192,14228,6704,18946,29588,44386,31038,0,0,11938,7741,17157,2214,3919,302,0,0,0,0,47561,2307,6700,0,0,0,0,0
535,8786,536.3520304047432,99839,644,352,123,34,32295,16294,0.48667354440649446,291,117,15739,13205,14216,6687,18985,29603,44478,31134,0,0,11807,7711,17245,2202,3955,305,0,0,0,0,47619,2290,6705,0,0,0,0,0
536,8786,537.0540890746099,99839,629,339,123,34,32344,16311,0.48733460872003925,278,115,15743,13210,14200,6675,19025,29625,44568,31228,0,0,11678,7680,17321,2202,3983,307,0,0,0,0,47686,2266,6716,0,0,0,0,0
537,8786,538.45469362989,99838,603,312,124,34,32439,16349,0.4886716480698732,249,110,15809,13292,14186,6688,19027,29562,44656,31320,0,0,11541,7657,17440,2202,4033,310,0,0,0,0,47695,2244,6716,0,0,0,0,0
538,8786,539.1563300149057,99838,596,305,124,34,32478,16368,0.4892525891944951,253,116,15835,13295,14139,6676,19051,29572,44741,31410,0,0,11430,7620,17512,2196,4058,312,0,0,0,0,47759,2221,6730,0,0,0,0,0
539,8786,540.5558199850117,99838,577,297,124,34,32581,16403,0.4906348284220437,211,118,15925,13377,14140,6659,19021,29513,44824,31498,0,0,11306,7591,17628,2194,4107,313,0,0,0,0,47770,2202,6727,0,0,0,0,0
540,8786,541.2579278080736,99838,536,295,124,34,32611,16426,0.49116568841523267,214,118,15955,13401,14123,6643,19046,29507,44905,31585,0,0,11199,7549,17721,2191,4131,317,0,0,0,0,47811,2185,6734,0,0,0,0,0
541,8786,542.6591354524599,99838,486,286,124,34,32684,16459,0.4922274084016106,217,121,16048,13501,14116,6636,19007,29420,44984,31670,0,0,11077,7526,17819,2193,4168,324,0,0,0,0,47826,2159,6746,0,0,0,0,0
542,8786,543.3619985185179,99838,485,289,124,34,32730,16487,0.49296860914681784,198,109,16074,13518,14091,6628,19026,29420,45061,31753,0,0,10972,7493,17890,2184,4189,328,0,0,0,0,47881,2145,6756,0,0,0,0,0
543,8786,544.0641401094264,99838,468,282,124,34,32760,16507,0.49346942046114706,197,115,16086,13547,14062,6612,19061,29408,45136,31834,0,0,10874,7463,17958,2177,4209,334,0,0,0,0,47928,2126,6769,0,0,0,0,0
544,8786,545.4662328442586,99838,455,266,124,34,32830,16544,0.4945411566738116,174,101,16168,13667,14029,6618,19048,29312,45209,31914,0,0,10767,7433,18061,2171,4240,341,0,0,0,0,47938,2116,6771,0,0,0,0,0
545,8786,546.1686991429815,99838,428,255,124,34,32856,16560,0.4949618381778481,175,99,16193,13697,14016,6606,19062,29307,45281,31992,0,0,10675,7392,18143,2164,4265,344,0,0,0,0,47975,2105,6775,0,0,0,0,0
546,8786,547.5711215417962,99837,400,249,125,34,32918,16603,0.49601851017157966,159,85,16279,13822,13998,6596,19037,29212,45351,32068,0,0,10589,7356,18243,2161,4304,348,0,0,0,0,47971,2080,6785,0,0,0,0,0
547,8786,548.2746630858994,99837,377,246,125,34,32937,16619,0.4963690816030129,153,81,16290,13860,13982,6580,19071,29197,45419,32143,0,0,10506,7313,18312,2161,4321,350,0,0,0,0,48013,2064,6797,0,0,0,0,0
548,8786,549.6784757667772,99836,367,227,126,34,32993,16648,0.4972254497375696,138,73,16379,13952,13942,6585,19046,29127,45485,32216,0,0,10422,7277,18392,2158,4358,354,0,0,0,0,48026,2047,6802,0,0,0,0,0
549,8786,550.3818169998949,99836,363,217,126,34,33022,16659,0.4976261068151769,128,70,16414,13984,13911,6567,19056,29126,45550,32287,0,0,10335,7243,18456,2154,4373,356,0,0,0,0,48074,2036,6809,0,0,0,0,0
550,8786,551.084427825405,99836,358,203,126,34,33052,16671,0.4980467967466645,121,75,16443,14014,13879,6559,19071,29113,45613,32357,0,0,10248,7218,18513,2146,4398,357,0,0,0,0,48120,2022,6814,0,0,0,0,0
551,8786,552.4888014953799,99836,320,188,126,34,33085,16693,0.4985977002283745,129,69,16541,14107,13854,6553,19028,29047,45674,32425,0,0,10160,7187,18592,2152,4423,359,0,0,0,0,48137,2004,6822,0,0,0,0,0
552,8786,553.1931854396581,99835,312,178,127,34,33104,16703,0.4988931737366655,129,74,16575,14156,13819,6545,19036,29011,45734,32492,0,0,10090,7157,18646,2142,4444,361,0,0,0,0,48175,1988,6832,0,0,0,0,0
553,8786,554.600744694125,99835,296,166,127,34,33145,16731,0.4995843141182952,122,62,16688,14290,13771,6532,18994,28914,45792,32558,0,0,10010,7122,18729,2142,4471,362,0,0,0,0,48190,1976,6833,0,0,0,0,0
554,8786,555.3065360419785,99835,288,163,127,34,33167,16742,0.499914859518205,123,56,16726,14326,13740,6517,18994,28902,45849,32622,0,0,9937,7097,18779,2136,4489,363,0,0,0,0,48233,1959,6842,0,0,0,0,0
555,8786,556.0120286021927,99832,284,156,129,35,33192,16753,0.5002904880198734,118,54,16776,14377,13689,6506,19002,28870,45905,32685,0,0,9872,7060,18839,2137,4500,364,0,0,0,0,48265,1941,6854,0,0,0,0,0
556,8786,557.4229732348347,99832,267,135,129,35,33237,16769,0.5009015145444347,108,58,16888,14484,13660,6501,18946,28785,45959,32747,0,0,9797,7035,18918,2132,4522,369,0,0,0,0,48270,1928,6861,0,0,0,0,0
557,8786,558.1309920146708,99832,247,138,129,35,33246,16786,0.5011619520794935,111,48,16933,14520,13626,6495,18952,28762,46012,32807,0,0,9724,7005,18969,2129,4532,373,0,0,0,0,48314,1922,6864,0,0,0,0,0
558,8786,559.5463838624974,99831,237,122,130,35,33291,16802,0.5017780048281596,93,49,17051,14658,13591,6475,18896,28659,46064,32866,0,0,9656,6978,19040,2126,4554,377,0,0,0,0,48324,1907,6869,0,0,0,0,0
559,8786,560.2564086546553,99831,223,122,130,35,33299,16811,0.5019482926145186,105,45,17080,14709,13546,6452,18914,28635,46114,32924,0,0,9599,6944,19086,2120,4569,379,0,0,0,0,48362,1897,6875,0,0,0,0,0
560,8786,561.6758159641438,99830,214,103,130,36,33341,16825,0.5025142742662526,88,51,17211,14801,13490,6449,18865,28558,46163,32981,0,0,9527,6923,19138,2114,4598,382,0,0,0,0,48382,1888,6878,0,0,0,0,0
561,8786,562.3873732197859,99830,211,111,130,36,33357,16840,0.5028248021636783,82,45,17244,14866,13455,6412,18876,28528,46211,33036,0,0,9480,6883,19192,2105,4611,385,0,0,0,0,48411,1883,6880,0,0,0,0,0
562,8786,563.0988471581275,99830,197,109,130,36,33373,16845,0.5030351597716117,78,48,17291,14916,13429,6392,18873,28497,46258,33090,0,0,9432,6840,19249,2107,4619,387,0,0,0,0,48436,1871,6889,0,0,0,0,0
563,8786,564.5213240335593,99830,184,112,130,36,33398,16869,0.5035259941901232,76,46,17402,15049,13385,6366,18821,28389,46304,33143,0,0,9375,6810,19312,2097,4639,389,0,0,0,0,48452,1865,6891,0,0,0,0,0
564,8786,565.2346856938213,99830,183,110,130,36,33414,16878,0.5037764199138536,70,39,17438,15099,13346,6353,18831,28361,46349,33195,0,0,9327,6781,19355,2091,4650,392,0,0,0,0,48481,1853,6900,0,0,0,0,0
565,8786,566.661267381432,99830,178,97,130,36,33441,16892,0.5041871181007713,62,35,17555,15218,13290,6346,18783,28266,46393,33246,0,0,9263,6761,19399,2090,4663,397,0,0,0,0,48507,1844,6906,0,0,0,0,0
566,8786,567.3762723225863,99830,169,93,130,36,33447,16899,0.5043173394771111,73,33,17601,15262,13239,6334,18786,28240,46435,33296,0,0,9210,6741,19428,2079,4681,399,0,0,0,0,48543,1838,6911,0,0,0,0,0
567,8786,568.091401015677,99830,166,83,130,36,33464,16904,0.5045377141139938,62,36,17638,15299,13213,6321,18789,28223,46476,33345,0,0,9169,6703,19483,2079,4691,400,0,0,0,0,48560,1828,6917,0,0,0,0,0
568,8786,569.5214792935526,99829,162,70,130,37,33491,16910,0.5048733334001142,54,33,17756,15411,13152,6295,18744,28152,46516,33393,0,0,9116,6688,19533,2071,4702,404,0,0,0,0,48573,1817,6925,0,0,0,0,0
569,8786,570.2387519028114,99829,148,73,130,37,33499,16919,0.5050436245980627,54,28,17798,15468,13122,6271,18746,28121,46556,33440,0,0,9069,6663,19566,2061,4721,405,0,0,0,0,48604,1811,6929,0,0,0,0,0
570,8786,571.6726191575115,99829,141,69,130,37,33518,16929,0.5053341213475042,55,25,17912,15597,13067,6244,18693,28026,46595,33486,0,0,9021,6643,19601,2056,4734,409,0,0,0,0,48627,1800,6938,0,0,0,0,0
571,8786,572.3918667445109,99829,133,68,130,37,33528,16934,0.5054843782868705,50,24,17965,15641,13032,6235,18688,27993,46633,33531,0,0,8973,6621,19639,2052,4742,410,0,0,0,0,48656,1792,6944,0,0,0,0,0
572,8786,573.1109248779771,99829,132,57,130,37,33535,16936,0.5055745324504903,55,26,18005,15688,12990,6226,18686,27964,46670,33575,0,0,8933,6592,19681,2048,4748,412,0,0,0,0,48680,1785,6950,0,0,0,0,0
573,8786,574.5497279616658,99829,122,59,130,37,33557,16946,0.5058950805878052,46,24,18128,15815,12945,6194,18627,27869,46706,33618,0,0,8885,6569,19711,2041,4769,414,0,0,0,0,48706,1784,6950,0,0,0,0,0
574,8786,575.2709851548171,99829,113,61,130,37,33563,16952,0.5060152861392982,44,20,18178,15862,12913,6177,18620,27841,46741,33660,0,0,8839,6550,19736,2033,4782,415,0,0,0,0,48741,1779,6954,0,0,0,0,0
575,8786,576.0710006868233,99829,105,61,130,37,33563,16954,0.5060353203978804,45,21,18184,15866,12891,6166,18643,27847,46775,33701,0,0,8801,6525,19768,2029,4786,416,0,0,0,0,48771,1771,6962,0,0,0,0,0
576,8786,577.0065122384774,99829,105,57,130,37,33587,16964,0.5063759027937773,41,18,18306,16016,12838,6130,18578,27740,46808,33742,0,0,8765,6500,19811,2021,4801,418,0,0,0,0,48782,1764,6967,0,0,0,0,0
577,8786,578.5386286878895,99828,105,50,131,37,33603,16967,0.5065713026405417,38,19,18397,16110,12789,6113,18538,27669,46841,33782,0,0,8724,6477,19849,2015,4811,419,0,0,0,0,48804,1760,6969,0,0,0,0,0
578,8786,579.123686140221,99828,100,46,131,37,33606,16969,0.5066213887887165,41,18,18406,16132,12766,6103,18554,27662,46873,33821,0,0,8681,6462,19869,2010,4818,421,0,0,0,0,48838,1753,6976,0,0,0,0,0
579,8786,580.3690589216292,99828,93,51,131,37,33621,16979,0.5068718195295909,36,16,18511,16256,12717,6074,18510,27564,46904,33859,0,0,8648,6436,19908,2010,4824,423,0,0,0,0,48853,1744,6982,0,0,0,0,0
580,8786,581.6673690447136,99828,91,52,131,37,33638,16991,0.5071623191890051,36,14,18671,16433,12625,6039,18444,27423,46934,33896,0,0,8613,6424,19935,2003,4837,424,0,0,0,0,48867,1731,6994,0,0,0,0,0
581,8786,582.3897901198593,99828,92,51,131,37,33639,16992,0.507182353648275,35,13,18662,16416,12604,6034,18474,27447,46964,33933,0,0,8574,6406,19955,1997,4843,424,0,0,0,0,48904,1727,6998,0,0,0,0,0
582,8786,583.3775978260423,99828,95,42,131,37,33655,16995,0.5073726810113395,33,13,18783,16568,12544,6006,18412,27332,46993,33969,0,0,8536,6388,19989,1993,4849,426,0,0,0,0,48923,1722,7002,0,0,0,0,0
583,8786,584.0760782521852,99828,96,35,131,37,33668,16995,0.5075029049965941,25,13,18842,16624,12507,5987,18397,27302,47021,34004,0,0,8505,6368,20018,1984,4862,427,0,0,0,0,48941,1719,7004,0,0,0,0,0
584,8786,585.0598899106774,99828,91,39,131,37,33668,16999,0.507542973915134,27,9,18857,16627,12479,5974,18413,27312,47049,34038,0,0,8471,6346,20043,1983,4865,427,0,0,0,0,48972,1714,7007,0,0,0,0,0
585,8786,586.2435963572236,99828,90,32,131,37,33676,17003,0.5076631806707537,25,7,18978,16753,12413,5943,18361,27226,47076,34072,0,0,8434,6329,20071,1981,4870,429,0,0,0,0,48995,1710,7009,0,0,0,0,0
586,8786,587.0713333441587,99828,81,29,131,37,33683,17005,0.5077533357374684,25,7,19045,16819,12366,5924,18350,27182,47103,34105,0,0,8402,6307,20102,1978,4878,430,0,0,0,0,49013,1707,7011,0,0,0,0,0
587,8786,588.0220304687739,99828,77,31,131,37,33688,17008,0.5078334735745482,25,7,19117,16894,12333,5907,18315,27122,47129,34137,0,0,8367,6296,20120,1976,4876,435,0,0,0,0,49040,1701,7017,0,0,0,0,0
588,8786,589.1319841669614,99827,68,27,132,37,33697,17008,0.5079287166798562,19,9,19233,17025,12272,5882,18274,27018,47154,34169,0,0,8338,6278,20148,1972,4884,436,0,0,0,0,49053,1696,7022,0,0,0,0,0
589,8786,590.1458058551995,99827,62,26,132,37,33704,17010,0.5080188726496839,18,11,19311,17118,12236,5856,18239,26950,47179,34200,0,0,8308,6266,20166,1965,4896,436,0,0,0,0,49073,1688,7029,0,0,0,0,0
590,8786,591.1692024419917,99827,55,24,132,37,33706,17012,0.5080589419696074,19,9,19366,17196,12210,5835,18216,26897,47203,34231,0,0,8280,6244,20191,1964,4902,437,0,0,0,0,49094,1685,7030,0,0,0,0,0
591,8786,592.1372224150979,99827,47,24,132,37,33712,17016,0.508159115269416,18,9,19461,17306,12163,5816,18177,26806,47227,34261,0,0,8245,6232,20213,1964,4907,437,0,0,0,0,49116,1678,7035,0,0,0,0,0
592,8786,593.0932714289295,99827,47,22,132,37,33716,17018,0.5082192192493012,16,9,19509,17377,12132,5797,18162,26756,47250,34290,0,0,8210,6221,20227,1965,4909,437,0,0,0,0,49146,1672,7040,0,0,0,0,0
593,8786,594.0682708784701,99827,48,21,132,37,33722,17020,0.5082993578891483,15,10,19597,17492,12080,5770,18126,26668,47273,34319,0,0,8190,6198,20252,1959,4918,437,0,0,0,0,49162,1668,7043,0,0,0,0,0
594,8786,595.0304255240636,99827,49,20,132,37,33726,17022,0.5083594618690335,13,10,19652,17547,12041,5752,18111,26632,47295,34347,0,0,8159,6185,20267,1955,4924,437,0,0,0,0,49189,1666,7045,0,0,0,0,0
595,8786,596.0695635684001,99827,42,24,132,37,33728,17029,0.5084496178388612,19,5,19731,17658,11992,5732,18082,26542,47317,34375,0,0,8138,6165,20292,1954,4928,438,0,0,0,0,49202,1659,7051,0,0,0,0,0
596,8786,597.0012039116119,99827,35,22,132,37,33735,17030,0.5085297564787081,16,6,19832,17758,11959,5713,18024,26462,47338,34402,0,0,8111,6148,20319,1955,4930,439,0,0,0,0,49217,1654,7054,0,0,0,0,0
597,8786,598.3465305591427,99827,35,19,132,37,33740,17032,0.5085998777885742,14,6,19936,17875,11901,5684,17980,26377,47359,34429,0,0,8085,6131,20341,1951,4937,439,0,0,0,0,49236,1653,7054,0,0,0,0,0
598,8786,599.346962002743,99827,35,21,132,37,33744,17034,0.5086599817684594,10,5,20069,18000,11832,5656,17920,26279,47379,34455,0,0,8058,6116,20355,1950,4940,439,0,0,0,0,49262,1649,7058,0,0,0,0,0
599,8786,600.0723221137602,99827,31,18,132,37,33745,17035,0.5086800164284212,9,5,20124,18062,11796,5640,17906,26236,47399,34481,0,0,8035,6100,20375,1946,4944,441,0,0,0,0,49279,1647,7060,0,0,0,0,0
600,8786,601.2811891041989,99827,32,18,132,37,33748,17036,0.5087200857483446,7,4,20222,18180,11755,5624,17850,26135,47418,34506,0,0,8015,6084,20393,1944,4945,442,0,0,0,0,49297,1641,7066,0,0,0,0,0
601,8786,602.0083137688487,99827,31,18,132,37,33749,17038,0.5087501377382873,6,5,20266,18236,11728,5605,17835,26097,47437,34531,0,0,7990,6076,20405,1942,4946,443,0,0,0,0,49318,1633,7074,0,0,0,0,0
602,8786,603.2903678017798,99827,25,14,132,37,33750,17039,0.508770172398249,9,5,20415,18396,11664,5562,17753,25984,47456,34555,0,0,7969,6057,20429,1941,4951,443,0,0,0,0,49332,1630,7075,0,0,0,0,0
603,8786,604.0494821117551,99827,25,12,132,37,33750,17040,0.5087801897282298,9,4,20434,18410,11642,5555,17756,25980,47474,34579,0,0,7949,6038,20451,1940,4952,443,0,0,0,0,49349,1628,7077,0,0,0,0,0
604,8786,605.0480170836421,99827,25,10,132,37,33754,17042,0.508840293708115,9,5,20536,18557,11584,5523,17712,25866,47492,34602,0,0,7935,6019,20471,1938,4956,445,0,0,0,0,49359,1624,7080,0,0,0,0,0
605,8786,606.0124506313798,99827,25,13,132,37,33757,17045,0.5089003976880002,9,4,20588,18627,11557,5500,17687,25817,47509,34625,0,0,7919,6002,20490,1934,4961,445,0,0,0,0,49373,1621,7082,0,0,0,0,0
606,8786,607.435082243675,99827,21,12,132,37,33759,17047,0.5089404670079237,8,2,20699,18727,11508,5480,17630,25740,47526,34647,0,0,7899,5990,20505,1930,4968,445,0,0,0,0,49387,1618,7085,0,0,0,0,0
607,8786,608.0570115578148,99827,19,13,132,37,33759,17049,0.5089605016678854,11,1,20771,18801,11463,5453,17602,25693,47543,34669,0,0,7880,5983,20511,1921,4979,445,0,0,0,0,49405,1614,7089,0,0,0,0,0
608,8786,609.0458936687523,99827,17,12,132,37,33760,17050,0.5089805363278471,11,0,20812,18865,11435,5438,17591,25646,47559,34691,0,0,7853,5978,20517,1921,4979,447,0,0,0,0,49429,1610,7093,0,0,0,0,0
609,8786,610.5467193996022,99827,17,10,132,37,33762,17050,0.5090005709878089,13,1,20962,19021,11354,5403,17520,25526,47575,34712,0,0,7839,5961,20535,1918,4983,448,0,0,0,0,49441,1608,7094,0,0,0,0,0
610,8786,611.0441998852879,99827,17,10,132,37,33764,17050,0.5090206056477706,11,1,20979,19042,11339,5390,17520,25518,47591,34733,0,0,7824,5950,20546,1914,4988,448,0,0,0,0,49455,1601,7101,0,0,0,0,0
611,8786,612.0424254762124,99827,18,8,132,37,33766,17051,0.5090506576377133,14,1,21060,19125,11291,5369,17483,25458,47606,34753,0,0,7807,5937,20563,1914,4987,449,0,0,0,0,49468,1597,7105,0,0,0,0,0
612,8786,613.3741573266176,99827,15,7,132,37,33769,17051,0.5090807096276558,12,3,21173,19236,11252,5341,17414,25374,47621,34773,0,0,7792,5927,20578,1907,4993,450,0,0,0,0,49478,1593,7109,0,0,0,0,0
613,8786,614.1157695153175,99827,16,7,132,37,33773,17051,0.5091207789475793,10,3,21231,19303,11213,5325,17396,25323,47636,34793,0,0,7775,5917,20590,1901,4998,451,0,0,0,0,49493,1591,7111,0,0,0,0,0
614,8786,615.1895592389488,99827,14,7,132,37,33775,17051,0.509140813607541,10,3,21373,19481,11145,5294,17324,25176,47650,34812,0,0,7760,5904,20603,1899,5002,451,0,0,0,0,49506,1588,7114,0,0,0,0,0
615,8786,616.0731736189849,99827,16,7,132,37,33777,17052,0.5091708655974837,10,3,21396,19511,11118,5288,17326,25152,47664,34831,0,0,7744,5893,20615,1896,5005,451,0,0,0,0,49521,1585,7117,0,0,0,0,0
616,8786,617.0843372364658,99827,15,8,132,37,33779,17054,0.5092109349174071,9,1,21466,19579,11080,5275,17296,25098,47678,34850,0,0,7721,5885,20624,1894,5008,451,0,0,0,0,49542,1584,7118,0,0,0,0,0
617,8786,618.1703615958035,99827,14,8,132,37,33780,17054,0.509220952247388,10,2,21595,19707,11023,5254,17224,24990,47692,34868,0,0,7705,5874,20635,1891,5012,451,0,0,0,0,49557,1582,7120,0,0,0,0,0
618,8786,619.0799552005731,99827,16,9,132,37,33782,17055,0.5092510042373306,8,2,21640,19777,11005,5231,17197,24942,47705,34886,0,0,7686,5864,20645,1891,5012,451,0,0,0,0,49576,1580,7122,0,0,0,0,0
619,8786,620.0806352342372,99827,12,8,132,37,33782,17055,0.5092510042373306,9,3,21708,19869,10975,5208,17162,24873,47718,34904,0,0,7672,5853,20658,1887,5018,451,0,0,0,0,49587,1578,7123,0,0,0,0,0
620,8786,621.0598587932283,99827,11,8,132,37,33783,17055,0.5092610215673115,10,3,21797,19956,10928,5190,17120,24804,47731,34921,0,0,7650,5849,20664,1886,5019,451,0,0,0,0,49607,1575,7126,0,0,0,0,0
621,8786,622.0026281363938,99827,10,8,132,37,33784,17057,0.509291073557254,11,1,21869,20022,10891,5181,17085,24749,47744,34938,0,0,7634,5839,20674,1884,5023,451,0,0,0,0,49621,1573,7128,0,0,0,0,0
622,8786,623.5692264192634,99827,11,5,132,37,33788,17057,0.5093311428771775,8,2,22004,20176,10831,5153,17012,24625,47756,34955,0,0,7622,5826,20691,1881,5027,451,0,0,0,0,49628,1572,7129,0,0,0,0,0
623,8786,624.2425015261791,99827,10,5,132,37,33789,17057,0.5093411602071584,8,2,22049,20217,10808,5147,16991,24590,47768,34971,0,0,7607,5821,20697,1882,5026,452,0,0,0,0,49642,1564,7136,0,0,0,0,0
624,8786,625.051722155167,99827,11,5,132,37,33791,17057,0.5093611948671202,7,3,22111,20261,10775,5134,16962,24558,47780,34987,0,0,7595,5813,20704,1876,5033,452,0,0,0,0,49654,1562,7138,0,0,0,0,0
625,8786,626.0217902383826,99827,11,5,132,37,33793,17058,0.5093912468570627,5,3,22191,20356,10735,5110,16924,24487,47792,35003,0,0,7577,5809,20710,1874,5034,454,0,0,0,0,49670,1560,7139,0,0,0,0,0
626,8786,627.0068595816701,99827,6,6,132,37,33793,17059,0.5094012641870436,5,3,22274,20457,10692,5088,16889,24407,47803,35018,0,0,7563,5802,20719,1872,5039,454,0,0,0,0,49682,1557,7139,0,0,0,0,0
627,8786,628.1246361180914,99827,4,4,132,37,33795,17060,0.5094313161769862,3,3,22386,20577,10648,5063,16825,24314,47814,35033,0,0,7547,5795,20729,1871,5041,455,0,0,0,0,49694,1555,7140,0,0,0,0,0
628,8786,629.0304390696646,99827,4,4,132,37,33796,17061,0.5094513508369479,2,2,22499,20687,10599,5046,16762,24222,47825,35048,0,0,7534,5790,20736,1868,5044,455,0,0,0,0,49705,1550,7145,0,0,0,0,0
629,8786,630.2439692939269,99827,4,9,132,37,33797,17067,0.509521472146814,26,21,22596,20790,10534,5016,16706,24125,47836,35063,0,0,7520,5783,20745,1866,5045,456,0,0,0,0,49717,1548,7147,0,0,0,0,0
630,8786,631.0335677040517,99827,8,11,132,37,33801,17070,0.50959159345668,23,18,22627,20835,10507,5006,16701,24091,47846,35077,0,0,7512,5773,20754,1863,5049,456,0,0,0,0,49725,1545,7150,0,0,0,0,0
631,8786,632.1391687418238,99827,18,14,132,37,33813,17075,0.5097618880663548,15,15,22728,20923,10462,4994,16643,24015,47856,35091,0,0,7500,5762,20763,1864,5048,458,0,0,0,1,49736,1544,7151,0,0,0,0,0
632,8786,633.0042307476704,99827,20,17,132,37,33816,17079,0.5098320093762209,14,14,22798,20985,10423,4980,16611,23965,47866,35105,0,0,7486,5758,20767,1859,5052,459,0,0,0,3,49748,1544,7151,0,0,0,0,0
633,8786,634.1236875950896,99827,17,17,132,37,33820,17084,0.5099221653460486,13,16,22892,21079,10391,4968,16553,23881,47876,35119,0,0,7475,5749,20771,1860,5055,460,0,0,0,10,49752,1540,7155,0,0,0,0,0
634,8786,635.1084766771098,99827,18,19,132,37,33826,17089,0.5100323559758382,18,18,22999,21192,10338,4936,16493,23796,47886,35132,0,0,7464,5738,20777,1860,5060,460,1,0,0,12,49760,1538,7157,0,0,0,0,0
635,8786,636.1020748716651,99827,23,21,132,37,33832,17093,0.5101325292756469,19,15,23062,21239,10307,4927,16455,23759,47896,35145,0,0,7452,5730,20784,1859,5062,460,1,0,0,14,49770,1536,7159,0,0,0,0,0
636,8786,637.0292952076403,99827,25,19,132,37,33839,17094,0.5102126679154938,16,19,23155,21311,10273,4915,16397,23697,47905,35158,0,0,7438,5722,20791,1859,5064,460,3,0,0,18,49778,1534,7160,0,0,0,0,0
637,8786,638.1485163306488,99827,23,20,132,37,33843,17097,0.5102827892253599,18,17,23231,21398,10240,4899,16354,23627,47914,35171,0,0,7425,5717,20792,1856,5070,461,3,0,0,21,49788,1533,7161,0,0,0,0,0
638,8786,639.0328446834075,99827,23,24,132,37,33848,17105,0.5104130145151111,15,18,23317,21468,10205,4885,16306,23566,47923,35183,0,0,7411,5712,20796,1855,5072,461,5,0,0,27,49794,1531,7163,0,0,0,0,0
639,8786,640.2231423744512,99827,23,24,132,37,33851,17111,0.510503170484939,29,19,23418,21583,10142,4871,16254,23464,47932,35195,0,0,7401,5704,20801,1852,5078,461,6,0,0,32,49798,1530,7164,0,0,0,0,0
640,8786,641.1397045559885,99827,27,24,132,37,33858,17114,0.5106033437847476,28,21,23501,21682,10100,4853,16210,23381,47941,35207,0,0,7390,5697,20807,1851,5081,461,8,0,0,33,49806,1526,7167,0,0,0,0,0
641,8786,642.072414267085,99827,28,28,132,37,33865,17120,0.5107335690744988,33,20,23561,21752,10066,4843,16178,23318,47949,35219,0,0,7378,5689,20811,1849,5087,461,9,0,0,35,49815,1526,7167,0,0,0,0,0
642,8786,643.2353521117668,99827,33,29,132,37,33877,17127,0.5109238983441353,33,20,23666,21857,10018,4816,16116,23239,47957,35231,0,0,7369,5680,20815,1849,5091,462,9,0,0,41,49818,1523,7170,0,0,0,0,0
643,8786,644.2027561819491,99827,41,29,132,37,33890,17134,0.5111242449437526,29,22,23729,21938,9995,4810,16072,23162,47965,35242,0,0,7359,5672,20821,1847,5097,462,11,0,0,47,49820,1522,7169,0,0,0,0,0
644,8786,645.1375353454199,99827,48,31,132,37,33900,17140,0.5112845222234466,28,22,23815,22005,9959,4792,16016,23111,47973,35253,0,0,7350,5666,20825,1845,5102,462,12,0,0,50,49825,1519,7171,0,0,0,0,0
645,8786,646.0688615390438,99827,45,28,132,37,33908,17143,0.5113947128532361,36,28,23886,22084,9932,4777,15967,23044,47981,35264,0,0,7340,5655,20831,1847,5107,462,14,0,0,58,49825,1517,7171,0,0,0,0,0
646,8786,647.3061168247692,99826,46,29,133,37,33916,17148,0.5115300623084167,40,32,23981,22191,9884,4757,15914,22952,47989,35275,0,0,7328,5648,20837,1846,5109,463,16,0,0,63,49829,1516,7171,0,0,0,0,0
647,8786,648.2309999392977,99826,49,32,133,37,33924,17154,0.5116703063330195,46,30,24036,22277,9860,4742,15874,22880,47997,35286,0,0,7320,5642,20842,1844,5110,465,17,0,0,68,49831,1513,7174,0,0,0,0,0
648,8786,649.1536118145187,99826,50,41,133,37,33933,17165,0.5118706549395949,51,23,24108,22362,9827,4719,15829,22816,48004,35297,0,0,7311,5629,20853,1846,5109,467,20,0,0,70,49835,1512,7174,0,0,0,0,0
649,8786,650.0734690891722,99826,51,37,133,37,33945,17170,0.512040951255184,48,22,24159,22431,9809,4713,15798,22758,48011,35307,0,0,7296,5624,20853,1847,5112,468,23,0,0,81,49836,1511,7175,0,0,0,0,0
650,8786,651.2965530154576,99826,58,37,133,37,33959,17174,0.5122212650011019,48,26,24237,22528,9777,4700,15745,22670,48018,35317,0,0,7289,5616,20860,1846,5115,469,24,0,0,87,49836,1509,7175,0,0,0,0,0
651,8786,652.211309456354,99826,59,35,133,37,33970,17180,0.5123915613166911,48,23,24308,22597,9746,4697,15704,22609,48025,35327,0,0,7278,5610,20860,1845,5123,469,26,0,0,96,49836,1508,7175,0,0,0,0,0
652,8786,653.1234509192246,99826,68,32,133,37,33985,17184,0.5125818924929377,44,26,24381,22665,9716,4686,15656,22552,48032,35337,0,0,7269,5606,20860,1842,5133,469,26,0,0,101,49840,1506,7174,0,0,0,0,0
653,8786,654.0328803192735,99826,63,40,133,37,33995,17193,0.5127722236691844,53,26,24442,22730,9692,4677,15615,22488,48039,35347,0,0,7260,5595,20863,1847,5138,470,27,0,0,105,49844,1504,7173,0,0,0,0,0
654,8786,655.2416671782455,99826,65,50,133,37,34013,17210,0.5131228337306915,51,22,24511,22822,9672,4663,15566,22404,48046,35357,0,0,7247,5588,20861,1850,5147,470,28,0,0,115,49846,1503,7171,0,0,0,0,0
655,8786,656.1458585461137,99826,62,46,133,37,34021,17212,0.5132230080339791,52,27,24574,22895,9649,4651,15528,22342,48053,35366,0,0,7239,5584,20864,1849,5149,471,29,0,0,128,49840,1499,7174,0,0,0,0,0
656,8786,657.0479866177749,99825,68,50,134,37,34031,17216,0.5133683946907087,56,30,24614,22974,9633,4639,15493,22268,48059,35375,0,0,7232,5578,20869,1849,5149,472,29,0,0,130,49844,1498,7175,0,0,0,0,0
657,8786,658.2480514440612,99825,75,58,134,37,34049,17230,0.5136889556724268,57,30,24694,23074,9605,4620,15433,22179,48065,35384,0,0,7225,5570,20875,1849,5151,472,29,0,0,144,49837,1497,7176,0,0,0,0,0
658,8786,659.1453526426898,99825,86,60,134,37,34066,17238,0.5139393939393939,61,32,24749,23145,9580,4610,15388,22114,48071,35393,0,0,7214,5565,20875,1851,5155,472,29,0,0,149,49843,1495,7177,0,0,0,0,0
659,8786,660.0405064576468,99825,93,61,134,37,34087,17248,0.5142499373904332,65,33,24791,23207,9563,4609,15352,22051,48077,35402,0,0,7203,5558,20873,1851,5163,474,33,0,0,156,49843,1494,7177,0,0,0,0,0
660,8786,661.2313300653809,99825,103,52,134,37,34114,17252,0.5145604808414725,61,46,24860,23297,9537,4602,15303,21964,48083,35411,0,0,7191,5553,20873,1853,5170,476,34,0,0,171,49839,1492,7173,0,0,0,0,0
661,8786,662.1223085007874,99825,108,59,134,37,34130,17264,0.5148409717004758,59,43,24921,23365,9516,4587,15260,21907,48089,35420,0,0,7183,5548,20869,1851,5181,476,34,0,0,178,49840,1492,7173,0,0,0,0,0
662,8786,663.0111155502359,99825,105,57,134,37,34140,17276,0.5150613573754069,75,41,24962,23449,9496,4579,15226,21835,48095,35428,0,0,7175,5543,20870,1850,5188,476,36,0,0,197,49827,1490,7173,0,0,0,0,0
663,8786,664.1937305999595,99825,101,60,134,37,34158,17287,0.515351865765089,92,41,25019,23549,9474,4559,15178,21752,48101,35436,0,0,7165,5534,20866,1849,5204,476,40,0,0,206,49824,1490,7171,0,0,0,0,0
664,8786,665.0787820975917,99825,106,67,134,37,34177,17298,0.5156523916854495,92,50,25075,23600,9457,4554,15134,21690,48107,35444,0,0,7158,5525,20871,1852,5208,477,41,0,0,212,49824,1486,7171,0,0,0,0,0
665,8786,666.2555699099814,99825,123,73,134,37,34213,17315,0.5161833208114199,92,56,25142,23689,9434,4548,15073,21595,48113,35452,0,0,7145,5519,20872,1852,5214,478,46,0,0,228,49816,1485,7170,0,0,0,0,0
666,8786,667.1358843242874,99825,125,75,134,37,34232,17328,0.516503881793138,96,64,25194,23756,9422,4547,15027,21519,48118,35460,0,0,7136,5516,20869,1853,5224,478,49,0,0,242,49808,1481,7169,0,0,0,0,0
667,8786,668.0142352419858,99825,127,75,134,37,34251,17340,0.5168144252441773,105,65,25254,23815,9403,4547,14975,21459,48123,35468,0,0,7128,5511,20867,1852,5235,479,50,0,0,258,49799,1481,7165,0,0,0,0,0
668,8786,669.1820122602377,99824,130,86,135,37,34281,17362,0.5173405193139926,116,67,25330,23903,9386,4544,14901,21361,48128,35476,0,0,7112,5505,20866,1852,5244,479,59,0,0,273,49791,1477,7166,0,0,0,0,0
669,8786,670.0553669523264,99824,149,89,135,37,34313,17376,0.5178013303414009,110,73,25382,23981,9369,4532,14853,21286,48133,35484,0,0,7101,5502,20865,1851,5251,479,62,0,0,288,49784,1476,7165,0,0,0,0,0
670,8786,671.2166915730425,99824,166,93,135,37,34352,17395,0.5183823529411765,111,81,25445,24049,9347,4528,14794,21210,48138,35491,0,0,7091,5498,20857,1851,5265,479,65,0,0,308,49771,1475,7164,0,0,0,0,0
671,8786,672.0856314543133,99824,178,95,135,37,34381,17409,0.5188131110754929,124,81,25490,24121,9325,4520,14746,21144,48143,35498,0,0,7082,5494,20855,1853,5273,479,67,0,0,325,49761,1472,7163,0,0,0,0,0
672,8786,673.2413512655218,99824,197,107,135,37,34430,17438,0.5195944862958808,132,80,25535,24192,9308,4519,14691,21063,48148,35505,0,0,7070,5486,20853,1855,5287,480,73,0,0,347,49745,1471,7157,0,0,0,0,0
673,8786,674.1066328483565,99823,206,111,135,38,34465,17453,0.5201005780231008,148,83,25562,24250,9296,4516,14651,21000,48153,35512,0,0,7056,5480,20846,1858,5296,482,78,0,0,360,49739,1470,7158,0,0,0,0,0
674,8786,675.2581705695895,99823,220,112,135,38,34501,17480,0.5207316951003276,177,88,25614,24329,9255,4522,14597,20909,48158,35519,0,0,7045,5476,20842,1860,5309,483,82,0,0,386,49719,1467,7154,0,0,0,0,0
675,8786,676.1200347278382,99823,252,119,135,38,34558,17497,0.5214730072227843,168,99,25641,24390,9245,4516,14557,20836,48163,35526,0,0,7032,5466,20840,1865,5319,484,89,0,0,397,49714,1466,7151,0,0,0,0,0
676,8786,677.2672076946106,99822,267,140,136,38,34610,17538,0.5224098896034942,201,99,25688,24485,9223,4510,14483,20726,48168,35533,0,0,7018,5458,20832,1872,5330,488,94,0,0,422,49698,1464,7146,0,0,0,0,0
677,8786,678.1256815676662,99822,291,141,136,38,34655,17561,0.5230911021618481,225,114,25697,24528,9209,4512,14440,20665,48173,35540,0,0,7007,5451,20827,1871,5343,490,101,0,0,440,49684,1462,7146,0,0,0,0,0
678,8786,679.2686898692702,99822,307,154,136,38,34713,17599,0.5240528140089359,244,112,25737,24601,9197,4512,14377,20581,48177,35547,0,0,6998,5440,20821,1879,5360,492,106,0,0,473,49655,1458,7140,0,0,0,0,0
679,8786,680.1243515602638,99822,319,153,136,38,34760,17615,0.5246839374085873,250,123,25795,24657,9186,4518,14312,20509,48181,35553,0,0,6987,5435,20810,1883,5374,494,110,0,0,497,49638,1454,7140,0,0,0,0,0
680,8786,681.2624034978442,99822,349,151,136,38,34837,17649,0.5257959167317826,272,125,25826,24737,9184,4531,14231,20416,48185,35559,0,0,6976,5423,20800,1892,5392,495,116,0,0,545,49595,1452,7136,0,0,0,0,0
681,8786,682.1144444287017,99822,378,168,136,38,34913,17675,0.5268177355693133,260,134,25860,24810,9184,4527,14180,20321,48189,35565,0,0,6959,5418,20793,1894,5403,501,126,0,0,563,49583,1450,7132,0,0,0,0,0
682,8786,683.2482923599791,99822,382,185,136,38,34974,17716,0.5278395544068442,280,141,25917,24862,9198,4529,14085,20243,48193,35571,0,0,6952,5404,20781,1904,5426,503,131,0,0,599,49548,1444,7130,0,0,0,0,0
683,8786,684.0968109890149,99822,406,190,136,38,35051,17742,0.5288713910761155,292,144,25935,24903,9208,4535,14021,20188,48197,35577,0,0,6935,5397,20772,1912,5445,504,142,0,0,631,49522,1438,7124,0,0,0,0,0
684,8786,685.2264607814376,99822,416,204,136,38,35118,17788,0.5300034060627917,341,144,25966,24972,9208,4553,13931,20087,48201,35583,0,0,6922,5386,20761,1920,5462,510,147,0,0,675,49486,1436,7117,0,0,0,0,0
685,8786,686.0722907815757,99822,437,226,136,38,35192,17829,0.5311554567129491,345,155,25972,25000,9218,4562,13890,20017,48205,35589,0,0,6912,5380,20755,1923,5466,518,154,0,0,718,49446,1433,7117,0,0,0,0,0
686,8786,687.1989077002772,99822,468,238,136,38,35292,17876,0.5326280779788023,349,167,25981,25076,9241,4574,13823,19905,48209,35595,0,0,6900,5371,20740,1926,5495,521,163,0,0,771,49395,1429,7111,0,0,0,0,0
687,8786,688.0431871482067,99822,493,243,136,38,35366,17912,0.5337300394702571,362,175,25996,25117,9245,4583,13766,19842,48213,35601,0,0,6885,5361,20730,1932,5513,522,171,0,0,814,49359,1428,7107,0,0,0,0,0
688,8786,689.1676888559291,99822,521,256,136,38,35478,17968,0.5354130352026607,381,183,25994,25175,9279,4604,13687,19742,48217,35607,0,0,6865,5349,20707,1941,5539,531,187,0,0,870,49306,1424,7103,0,0,0,0,0
689,8786,690.0105245962812,99821,548,271,136,39,35563,18013,0.5367207301068914,390,192,26013,25216,9285,4612,13626,19668,48221,35613,0,0,6848,5338,20694,1947,5566,531,200,0,0,909,49270,1421,7097,0,0,0,0,0
690,8786,691.1327339209042,99821,586,282,136,39,35687,18064,0.5384738682241211,393,207,26018,25264,9319,4626,13546,19580,48225,35618,0,0,6826,5325,20679,1956,5595,533,215,0,0,972,49214,1419,7087,0,0,0,0,0
691,8786,692.2539919436641,99821,603,313,136,39,35807,18131,0.5403472215265325,421,225,26025,25309,9355,4635,13458,19477,48229,35623,0,0,6811,5311,20652,1968,5632,540,226,0,0,1033,49155,1414,7079,0,0,0,0,0
692,8786,693.0940645245711,99821,622,318,136,39,35898,18173,0.5416796064956272,454,251,26010,25334,9380,4651,13396,19405,48233,35628,0,0,6797,5303,20636,1970,5664,543,235,0,0,1087,49102,1414,7070,0,0,0,0,0
693,8786,694.2140554369433,99820,657,347,137,39,36030,18252,0.5437988379082348,471,255,25994,25361,9415,4688,13324,19308,48237,35633,0,0,6783,5289,20608,1976,5709,546,243,0,0,1158,49035,1411,7062,0,0,0,0,0
694,8786,695.053848864847,99820,683,343,137,39,36145,18293,0.5453616509717492,484,282,25969,25396,9462,4714,13263,19224,48241,35638,0,0,6767,5282,20588,1982,5745,551,252,0,0,1225,48973,1406,7049,0,0,0,0,0
695,8786,696.1739753379011,99820,713,360,137,39,36289,18371,0.5475856541775196,492,291,25965,25444,9504,4754,13187,19110,48244,35643,0,0,6746,5265,20557,1996,5794,556,271,0,0,1305,48895,1400,7035,0,0,0,0,0
696,8786,697.0135669088094,99820,763,376,137,39,36411,18431,0.5494089360849529,529,286,25949,25466,9509,4783,13111,19048,48247,35648,0,0,6729,5254,20538,2004,5829,557,284,0,0,1359,48844,1396,7026,0,0,0,0,0
697,8786,698.1323959790382,99820,799,394,137,39,36566,18525,0.5519034261671008,579,298,25933,25488,9535,4828,13015,18951,48250,35653,0,0,6704,5241,20496,2012,5889,566,303,0,0,1440,48766,1393,7010,0,0,0,0,0
698,8786,699.2507502929388,99819,874,417,137,40,36752,18608,0.5546038329376171,607,327,25890,25512,9568,4863,12922,18839,48253,35658,0,0,6685,5226,20467,2024,5928,572,318,0,0,1529,48679,1390,7001,0,0,0,0,0
699,8786,700.0896717529472,99819,896,415,137,40,36887,18671,0.5565874232360573,641,360,25840,25512,9633,4908,12851,18763,48256,35663,0,0,6669,5212,20436,2035,5977,580,330,0,0,1613,48598,1384,6985,0,0,0,0,0
700,8786,701.2094034955251,99819,922,449,137,40,37076,18781,0.5595828449493584,671,371,25804,25530,9713,4954,12751,18654,48259,35668,0,0,6637,5193,20392,2049,6042,591,359,0,0,1713,48500,1376,6967,0,0,0,0,0
701,8786,702.0495908251672,99818,970,500,138,40,37230,18884,0.5621631369091747,724,370,25739,25547,9754,4985,12673,18556,48262,35673,0,0,6619,5181,20367,2053,6081,597,373,0,0,1792,48424,1373,6958,0,0,0,0,0
702,8786,703.1709345416476,99817,1044,513,138,41,37440,18979,0.5652243605798611,770,410,25662,25559,9817,5041,12567,18434,48265,35678,0,0,6591,5164,20324,2067,6147,602,400,0,0,1887,48326,1367,6942,0,0,0,0,0
703,8786,704.0127946757397,99817,1096,541,138,41,37620,19061,0.5678491639700652,806,442,25590,25565,9878,5067,12490,18342,48268,35683,0,0,6562,5146,20298,2077,6195,609,425,0,0,1958,48253,1363,6931,0,0,0,0,0
704,8786,705.1366137345358,99817,1147,590,138,41,37849,19194,0.571475800715309,843,463,25535,25556,9954,5120,12381,18228,48271,35688,0,0,6527,5122,20247,2102,6258,623,455,0,0,2067,48147,1354,6915,0,0,0,0,0
705,8786,706.2614799553877,99817,1188,613,138,41,38092,19325,0.5752226574631576,906,527,25458,25543,10049,5189,12259,18085,48274,35692,0,0,6500,5098,20188,2118,6331,646,477,0,0,2206,48011,1351,6891,0,0,0,0,0
706,8786,707.1061879922477,99816,1201,653,139,41,38282,19437,0.5782539873366995,956,533,25377,25541,10154,5238,12171,17992,48277,35696,0,0,6466,5082,20132,2131,6401,658,505,0,0,2310,47910,1345,6876,0,0,0,0,0
707,8786,708.2351806481917,99815,1271,720,140,41,38562,19618,0.582878324901067,1025,501,25284,25528,10237,5323,12041,17885,48280,35700,0,0,6429,5053,20067,2159,6489,665,537,0,0,2463,47757,1341,6855,0,0,0,0,0
708,8786,709.0831073976158,99815,1324,756,140,41,38772,19733,0.586134348544808,1081,509,25199,25548,10306,5366,11948,17778,48283,35704,0,0,6405,5039,20023,2173,6550,674,558,0,0,2575,47644,1331,6843,0,0,0,0,0
709,8786,710.215970715868,99814,1390,785,141,41,39050,19875,0.5903480473681046,1172,559,25075,25515,10398,5450,11822,17648,48286,35708,0,0,6365,5023,19966,2183,6636,683,596,0,0,2735,47482,1323,6822,0,0,0,0,0
710,8786,711.0674568732004,99812,1496,821,142,42,39336,20003,0.5945076744279245,1135,576,25003,25474,10496,5523,11726,17562,48289,35712,0,0,6337,4998,19912,2200,6717,692,619,0,0,2851,47365,1318,6803,0,0,0,0,0
711,8786,712.2052569172624,99810,1565,850,144,42,39650,20168,0.599318705540527,1242,601,24849,25482,10615,5611,11583,17412,48292,35716,0,0,6297,4973,19842,2228,6825,703,649,0,0,3026,47191,1309,6767,0,0,0,0,0
712,8786,713.0612227441238,99809,1638,878,145,42,39915,20301,0.6033123265436985,1280,614,24735,25473,10713,5685,11487,17306,48295,35720,0,0,6264,4940,19808,2261,6868,715,679,0,0,3181,47035,1298,6760,0,0,0,0,0
713,8786,714.2069036924294,99806,1699,906,148,42,40292,20490,0.6090014628379056,1337,659,24547,25426,10912,5797,11355,17168,48298,35724,0,0,6213,4903,19719,2290,6997,734,725,0,0,3394,46820,1290,6721,0,0,0,0,0
714,8786,715.0701156782466,99806,1764,938,148,42,40564,20626,0.6130893934232411,1374,690,24435,25402,11030,5876,11247,17050,48301,35728,0,0,6189,4870,19657,2319,7074,750,743,0,0,3532,46680,1285,6707,0,0,0,0,0
715,8786,716.225133831214,99804,1872,967,149,43,40960,20826,0.6190733838323114,1435,703,24265,25384,11199,5998,11078,16903,48304,35732,0,0,6148,4839,19579,2345,7184,772,781,0,0,3748,46456,1275,6677,0,0,0,0,0
716,8786,717.0950600663409,99802,1985,982,151,43,41285,20969,0.6237750746478027,1479,711,24105,25359,11300,6104,10978,16799,48307,35736,0,0,6109,4815,19525,2369,7263,784,811,0,0,3914,46290,1268,6654,0,0,0,0,0
717,8786,718.2604402308638,99802,2080,1024,151,43,41728,21173,0.630257910663113,1486,752,23943,25292,11510,6230,10828,16657,48310,35740,0,0,6055,4776,19426,2408,7407,806,860,0,0,4116,46075,1254,6619,0,0,0,0,0
718,8786,719.138701354856,99801,2131,1080,152,43,42058,21329,0.6351339164938227,1525,800,23806,25233,11680,6286,10704,16556,48313,35744,0,0,6007,4754,19354,2432,7503,826,903,0,0,4272,45911,1245,6594,0,0,0,0,0
719,8786,720.0203786841876,99800,2191,1112,152,44,42388,21492,0.6400801603206413,1588,821,23637,25197,11841,6370,10589,16454,48315,35748,0,0,5960,4724,19290,2449,7604,845,946,0,0,4441,45731,1241,6569,0,0,0,0,0
720,8786,721.2026170282127,99795,2317,1196,156,45,42873,21762,0.6476777393656997,1615,837,23441,25150,12023,6493,10446,16277,48317,35752,0,0,5911,4675,19193,2488,7752,872,988,0,0,4662,45494,1235,6525,0,0,0,0,0
721,8786,722.0937066781092,99793,2380,1217,158,45,43242,21934,0.653111941719359,1677,879,23268,25113,12186,6606,10329,16138,48319,35756,0,0,5868,4633,19106,2529,7872,894,1028,0,0,4852,45295,1226,6490,0,0,0,0,0
722,8786,723.2897977114826,99792,2462,1283,159,45,43735,22202,0.6607443482443482,1740,929,23050,25036,12425,6735,10162,15970,48321,35760,0,0,5822,4576,18999,2580,8029,927,1067,0,0,5104,45023,1213,6452,0,0,0,0,0
723,8786,724.1920534537228,99791,2512,1322,160,45,44121,22402,0.6666232425769859,1797,992,22860,24972,12636,6840,10033,15827,48323,35764,0,0,5779,4545,18904,2601,8179,948,1100,0,0,5311,44807,1203,6414,0,0,0,0,0
724,8786,725.0999184071014,99788,2577,1390,162,46,44511,22645,0.6729867318715678,1867,984,22665,24906,12812,6968,9915,15704,48325,35767,0,0,5733,4510,18809,2630,8293,986,1139,0,0,5522,44591,1195,6380,0,0,0,0,0
725,8786,726.0134996704661,99788,2659,1423,162,46,44935,22853,0.6793201587365214,1938,1033,22465,24814,12997,7090,9777,15592,48327,35770,0,0,5673,4469,18708,2670,8448,1003,1192,0,0,5726,44378,1183,6338,0,0,0,0,0
726,8786,727.2412022046858,99785,2763,1485,164,47,45538,23147,0.6883299093050058,1985,1101,22169,24682,13303,7263,9614,15420,48329,35773,0,0,5602,4415,18592,2720,8616,1044,1252,0,0,6042,44040,1171,6291,0,0,0,0,0
727,8786,728.170323208523,99784,2878,1520,164,48,46017,23381,0.6954822416419466,2040,1142,21954,24589,13480,7412,9482,15287,48331,35776,0,0,5557,4381,18501,2751,8747,1082,1292,0,0,6285,43777,1159,6252,0,0,0,0,0
728,8786,729.106322806407,99782,2945,1550,165,49,46473,23618,0.702441322082139,2121,1188,21724,24522,13703,7563,9340,15126,48333,35779,0,0,5499,4347,18397,2787,8901,1115,1341,0,0,6522,43515,1145,6213,0,0,0,0,0
729,8786,730.0498845888212,99781,3057,1643,165,50,46991,23923,0.7106964251711247,2175,1223,21466,24416,13942,7710,9193,14956,48335,35782,0,0,5436,4311,18276,2813,9071,1141,1396,0,0,6788,43231,1138,6180,0,0,0,0,0
730,8786,731.0021061155204,99781,3160,1696,165,50,47516,24215,0.7188843567412634,2240,1246,21217,24306,14160,7896,9056,14804,48337,35785,0,0,5390,4270,18155,2853,9242,1177,1435,0,0,7074,42925,1118,6142,0,0,0,0,0
731,8786,732.2852737612149,99779,3314,1783,166,51,48270,24616,0.7304743483097645,2298,1265,20859,24153,14501,8131,8860,14615,48339,35788,0,0,5311,4199,17989,2927,9473,1229,1500,0,0,7426,42534,1095,6096,0,0,0,0,0
732,8786,733.2586541525169,99779,3354,1803,166,51,48808,24910,0.7388127762354804,2314,1315,20647,24027,14811,8338,8706,14464,48341,35791,0,0,5228,4148,17855,2968,9683,1260,1572,0,0,7737,42193,1081,6054,0,0,0,0,0
733,8786,734.2410129999473,99779,3468,1884,166,51,49374,25243,0.7478226881407911,2312,1351,20404,23893,15069,8505,8579,14314,48343,35794,0,0,5168,4111,17727,3006,9893,1297,1615,0,0,7987,41902,1065,6008,0,0,0,0,0
734,8786,735.2329268513275,99777,3518,1923,167,52,49951,25558,0.756777614079397,2351,1435,20140,23746,15389,8701,8433,14141,48345,35797,0,0,5091,4047,17598,3068,10078,1350,1680,0,0,8297,41559,1048,5961,0,0,0,0,0
735,8786,736.23588897754,99774,3637,1982,170,52,50586,25932,0.7669132238859823,2336,1421,19893,23636,15680,8927,8282,13980,48347,35800,0,0,5038,3996,17455,3116,10277,1409,1719,0,0,8646,41174,1037,5907,0,0,0,0,0
736,8786,737.249498812003,99773,3730,2035,170,53,51239,26287,0.7770238441261664,2406,1409,19600,23525,15960,9146,8132,13830,48349,35803,0,0,4962,3943,17307,3148,10500,1467,1785,0,0,8976,40807,1021,5857,0,0,0,0,0
737,8786,738.2759004592475,99772,3803,2095,171,53,51859,26650,0.7868840957382833,2483,1447,19306,23369,16247,9372,7988,13662,48351,35806,0,0,4883,3887,17171,3193,10710,1517,1851,0,0,9318,40425,1009,5808,0,0,0,0,0
738,8786,739.3153628117636,99770,3861,2184,173,53,52502,27036,0.7972135912598978,2578,1456,19001,23252,16556,9576,7829,13477,48353,35809,0,0,4812,3833,17009,3249,10935,1581,1909,0,0,9647,40056,988,5751,0,0,0,0,0
739,8786,740.0158123173209,99769,3982,2251,174,53,52983,27298,0.8046687848931031,2576,1452,18817,23161,16733,9710,7716,13371,48355,35812,0,0,4750,3792,16912,3288,11078,1613,1960,0,0,9851,39833,978,5714,0,0,0,0,0
740,8786,741.0771392556424,99769,4121,2327,174,53,53711,27721,0.8162054345538193,2634,1425,18502,23026,17039,9965,7528,13202,48357,35815,0,0,4661,3731,16756,3354,11305,1683,2029,0,0,10185,39454,962,5649,0,0,0,0,0
741,8786,742.1529842316489,99765,4193,2362,178,53,54433,28131,0.8275848243371924,2729,1497,18178,22851,17360,10226,7360,13009,48359,35818,0,0,4588,3662,16594,3428,11535,1764,2088,0,0,10586,39001,939,5580,0,0,0,0,0
742,8786,743.2452360208149,99760,4286,2391,183,53,55189,28520,0.8391038492381716,2757,1596,17850,22664,17718,10470,7204,12824,48361,35821,0,0,4494,3602,16437,3481,11797,1825,2165,0,0,10975,38553,920,5511,0,0,0,0,0
743,8786,744.3531712312639,99756,4434,2459,186,54,55969,28991,0.8516780945507038,2845,1618,17533,22479,17975,10749,7025,12639,48363,35824,0,0,4416,3540,16273,3530,12049,1911,2227,0,0,11341,38119,901,5449,0,0,0,0,0
744,8786,745.0870452547324,99756,4502,2458,186,54,56516,29266,0.8599182004089979,2826,1682,17346,22358,18225,10946,6913,12500,48365,35827,0,0,4370,3496,16156,3571,12244,1963,2260,0,0,11625,37785,886,5400,0,0,0,0,0
745,8786,746.1681581721534,99754,4579,2540,188,54,57300,29736,0.8725063656595224,2853,1672,17069,22201,18557,11204,6752,12327,48367,35830,0,0,4280,3442,15983,3620,12508,2052,2333,0,0,12010,37319,866,5341,0,0,0,0,0
746,8786,747.2274827094525,99749,4616,2627,192,55,58070,30192,0.8848409507864741,2909,1683,16740,22014,18953,11457,6588,12162,48369,35833,0,0,4196,3364,15782,3691,12792,2148,2398,0,0,12359,36892,851,5276,0,0,0,0,0
747,8786,748.2639568102593,99747,4750,2670,193,56,58835,30630,0.896919205590143,2938,1718,16458,21829,19221,11726,6438,11999,48371,35836,0,0,4129,3309,15601,3745,13071,2229,2441,0,0,12700,36469,837,5216,0,0,0,0,0
748,8786,749.2818450647626,99744,4811,2755,196,56,59598,31107,0.9093780076997112,2978,1714,16136,21665,19587,11976,6290,11832,48373,35839,0,0,4044,3234,15432,3787,13344,2323,2512,0,0,13054,36032,824,5158,0,0,0,0,0
749,8786,750.2795127580783,99740,4872,2812,199,57,60366,31546,0.9215159414477642,2982,1746,15884,21491,19916,12229,6145,11663,48375,35842,0,0,3952,3177,15248,3825,13655,2411,2579,0,0,13378,35622,809,5084,0,0,0,0,0
750,8786,751.2582822591685,99732,4864,2873,205,59,61080,32001,0.9333112742148959,3024,1758,15616,21295,20283,12488,6006,11525,48377,35845,0,0,3872,3110,15069,3892,13902,2534,2628,0,0,13707,35197,797,5024,0,0,0,0,0
751,8786,752.2184983669142,99726,4926,2886,210,60,61821,32443,0.9452299300082225,3020,1800,15341,21119,20624,12783,5877,11350,48379,35848,0,0,3796,3052,14897,3940,14213,2617,2677,0,0,14048,34746,781,4959,0,0,0,0,0
752,8786,753.1619105082281,99724,4983,2878,211,61,62535,32858,0.9565701335686495,3034,1822,15118,20975,20915,13063,5737,11199,48381,35851,0,0,3706,2991,14724,3996,14479,2716,2744,0,0,14388,34323,763,4894,0,0,0,0,0
753,8786,754.0914082773285,99722,5054,2913,212,62,63239,33269,0.9677704017167726,3029,1828,14887,20830,21210,13310,5606,11055,48383,35853,0,0,3649,2951,14551,4044,14758,2798,2776,0,0,14705,33913,739,4838,0,0,0,0,0
754,8786,755.0067303108934,99717,5096,2949,215,64,63900,33680,0.9785693512640773,3030,1860,14673,20679,21493,13536,5491,10910,48385,35855,0,0,3585,2903,14389,4083,15001,2901,2820,0,0,15010,33521,720,4784,0,0,0,0,0
755,8786,756.2061141726078,99710,5133,3010,220,66,64799,34226,0.9931300772239494,3050,1869,14364,20502,21905,13846,5326,10705,48387,35857,0,0,3486,2840,14201,4135,15334,3032,2883,0,0,15403,32995,701,4700,0,0,0,0,0
756,8786,757.0905284815937,99707,5194,3055,223,66,65480,34615,1.0038914018072953,3046,1912,14134,20326,22191,14066,5210,10573,48389,35859,0,0,3433,2790,14053,4171,15613,3117,2906,0,0,15661,32636,690,4637,0,0,0,0,0
757,8786,758.2499881593782,99701,5246,3117,225,70,66399,35170,1.0187360207018987,3044,1901,13856,20137,22580,14387,5047,10386,48391,35861,0,0,3338,2727,13839,4208,15965,3262,2972,0,0,16027,32131,675,4557,0,0,0,0,0
758,8786,759.1053250717379,99699,5220,3161,227,70,67034,35581,1.0292480365901364,3093,1867,13641,20021,22871,14619,4946,10260,48393,35863,0,0,3269,2682,13661,4247,16230,3375,3018,0,0,16295,31758,653,4511,0,0,0,0,0
759,8786,760.2277784267156,99694,5221,3171,230,72,67923,36115,1.043573334403274,3011,1859,13378,19833,23344,14966,4814,10097,48395,35865,0,0,3191,2616,13450,4302,16586,3524,3056,0,0,16699,31215,634,4421,0,0,0,0,0
760,8786,761.0559427236926,99689,5233,3146,233,74,68554,36489,1.0537070288597539,3003,1891,13204,19671,23588,15248,4737,9968,48397,35867,0,0,3133,2563,13294,4339,16878,3615,3088,0,0,16967,30827,627,4358,0,0,0,0,0
761,8786,762.1455243850879,99686,5183,3164,235,75,69326,37004,1.0666492787352286,3068,1851,12974,19513,23927,15571,4611,9824,48399,35869,0,0,3056,2498,13098,4417,17212,3752,3114,0,0,17288,30353,603,4295,0,0,0,0,0
762,8786,763.2202257873712,99682,5213,3194,239,75,70157,37523,1.0802351477699084,3058,1861,12730,19328,24259,15886,4499,9654,48401,35871,0,0,2983,2427,12917,4497,17497,3899,3143,0,0,17645,29863,584,4227,0,0,0,0,0
763,8786,764.0158352277099,99679,5219,3201,242,75,70747,37869,1.0896578015429528,3040,1890,12571,19226,24504,16064,4422,9542,48403,35873,0,0,2940,2393,12760,4498,17784,3992,3155,0,0,17865,29540,575,4177,0,0,0,0,0
764,8786,765.0644798601131,99678,5256,3244,243,75,71546,38381,1.1028210838901262,2977,1874,12380,19075,24819,16340,4323,9390,48404,35875,0,0,2870,2339,12560,4541,18098,4141,3187,0,0,18162,29109,561,4110,0,0,0,0,0
765,8786,766.1002831330942,99676,5250,3241,244,76,72330,38864,1.11555439624383,2971,1905,12174,18904,25143,16612,4216,9260,48405,35877,0,0,2804,2283,12384,4568,18402,4316,3218,0,0,18445,28671,547,4038,0,0,0,0,0
766,8786,767.1224517449889,99672,5216,3221,247,77,73066,39307,1.127427963721005,2998,1921,12001,18767,25432,16874,4104,9138,48406,35879,0,0,2745,2224,12209,4623,18673,4486,3234,0,0,18721,28242,535,3980,0,0,0,0,0
767,8786,768.1332377529702,99668,5172,3281,249,79,73797,39790,1.1396536501183931,3022,1940,11798,18604,25754,17097,4003,8997,48407,35881,0,0,2670,2176,12036,4637,18995,4627,3279,0,0,18981,27827,530,3910,0,0,0,0,0
768,8786,769.1314743511208,99665,5149,3289,250,81,74538,40252,1.1517583906085387,3046,1932,11595,18462,26051,17376,3907,8858,48408,35883,0,0,2604,2134,11849,4654,19328,4770,3306,0,0,19247,27405,520,3848,0,0,0,0,0
769,8786,770.1182799870709,99663,5170,3291,252,81,75263,40727,1.1638220804109851,3003,1913,11447,18316,26305,17669,3821,8728,48409,35885,0,0,2551,2093,11683,4674,19642,4918,3320,0,0,19485,27003,507,3787,0,0,0,0,0
770,8786,771.0957523869039,99661,5170,3282,253,82,76020,41147,1.1756554720502503,2942,1939,11289,18178,26616,17909,3728,8608,48410,35887,0,0,2480,2037,11539,4715,19939,5071,3359,0,0,19690,26611,491,3729,0,0,0,0,0
771,8786,772.0625517063617,99658,5138,3275,254,84,76685,41610,1.1870095727387666,2894,1954,11149,18026,26915,18167,3648,8492,48411,35889,0,0,2418,1995,11395,4736,20190,5247,3385,0,0,19946,26209,479,3658,0,0,0,0,0
772,8786,773.0191387439825,99656,5101,3268,255,85,77378,42065,1.1985530223970458,2838,1955,11010,17886,27225,18443,3569,8361,48412,35891,0,0,2374,1942,11237,4778,20482,5406,3379,0,0,20180,25809,470,3599,0,0,0,0,0
773,8786,774.2023015407145,99652,5043,3274,258,86,78182,42638,1.2124192188817084,2836,1892,10854,17783,27529,18769,3478,8194,48413,35893,0,0,2300,1894,11045,4802,20843,5616,3398,0,0,20410,25370,460,3514,0,0,0,0,0
774,8786,775.1402664640209,99652,5025,3283,258,86,78819,43068,1.2231264801509252,2807,1876,10731,17642,27779,19020,3398,8091,48414,35895,0,0,2250,1853,10897,4821,21101,5776,3414,0,0,20605,25023,447,3465,0,0,0,0,0
775,8786,776.0704214735662,99647,5010,3299,261,88,79485,43490,1.2341063955763847,2772,1828,10570,17566,28051,19228,3334,7989,48415,35897,0,0,2195,1819,10765,4835,21334,5941,3432,0,0,20806,24669,430,3421,0,0,0,0,0
776,8786,777.2219870909396,99644,4953,3307,261,91,80263,44014,1.247210067841516,2754,1818,10441,17408,28344,19523,3245,7851,48416,35899,0,0,2138,1774,10600,4861,21628,6149,3434,0,0,21054,24237,410,3359,0,0,0,0,0
777,8786,778.1355596856556,99640,4947,3280,264,92,80907,44417,1.2577679646728221,2728,1785,10322,17303,28564,19780,3173,7758,48417,35901,0,0,2085,1733,10460,4887,21888,6302,3451,0,0,21248,23882,399,3305,0,0,0,0,0
778,8786,779.0429849261353,99637,4953,3241,266,93,81527,44829,1.2681634332627438,2672,1740,10213,17218,28777,20051,3117,7655,48418,35903,0,0,2037,1692,10318,4899,22142,6470,3468,0,0,21419,23549,393,3250,0,0,0,0,0
779,8786,780.1695282358671,99632,4894,3246,270,94,82262,45319,1.2805223221454953,2619,1715,10135,17115,29038,20292,3042,7536,48419,35905,0,0,1977,1649,10162,4925,22443,6668,3477,0,0,21584,23162,379,3206,0,0,0,0,0
780,8786,781.064460967783,99626,4841,3226,273,97,82838,45702,1.2902254431574087,2599,1736,10052,16988,29265,20502,2968,7449,48420,35907,0,0,1939,1620,10015,4934,22665,6842,3485,0,0,21777,22827,371,3151,0,0,0,0,0
781,8786,782.1750158467769,99624,4794,3151,274,98,83584,46165,1.3023869750260981,2532,1712,9977,16895,29516,20811,2905,7331,48421,35909,0,0,1887,1564,9835,4949,22992,7063,3500,0,0,21927,22452,365,3090,0,0,0,0,0
782,8786,783.058454583719,99621,4753,3098,275,100,84142,46515,1.3115407394023348,2523,1729,9908,16783,29690,21027,2849,7261,48422,35911,0,0,1842,1532,9713,4980,23213,7232,3502,0,0,22055,22164,352,3036,0,0,0,0,0
783,8786,784.1565520211224,99618,4707,3044,277,101,84842,46981,1.3232849485032825,2504,1673,9821,16694,29913,21333,2776,7153,48423,35913,0,0,1794,1502,9565,4984,23442,7484,3513,0,0,22244,21776,345,2969,0,0,0,0,0
784,8786,785.0302253382549,99614,4597,3037,279,103,85365,47361,1.3324030758728693,2510,1641,9738,16606,30152,21524,2722,7087,48424,35915,0,0,1759,1466,9433,4970,23719,7653,3514,0,0,22339,21499,340,2922,0,0,0,0,0
785,8786,786.1149601649589,99608,4593,2972,284,104,86081,47811,1.344189221749257,2386,1631,9661,16493,30419,21800,2655,6998,48425,35917,0,0,1715,1424,9274,4973,24017,7855,3521,0,0,22485,21131,332,2881,0,0,0,0,0
786,8786,787.1927298994674,99605,4522,2985,286,105,86674,48267,1.3547613071632951,2397,1621,9618,16412,30586,21996,2589,6879,48426,35919,0,0,1682,1384,9153,4986,24223,8075,3516,0,0,22599,20822,324,2841,0,0,0,0,0
787,8786,788.0510821719719,99604,4467,2994,287,105,87189,48630,1.3635898156700534,2370,1582,9584,16343,30751,22173,2539,6801,48427,35921,0,0,1658,1359,9033,4972,24481,8230,3507,0,0,22660,20592,319,2793,0,0,0,0,0
788,8786,789.1195762974635,99601,4448,3022,288,107,87832,49088,1.374684993122559,2364,1491,9493,16281,30926,22377,2479,6720,48428,35923,0,0,1627,1337,8895,4971,24719,8436,3493,0,0,22769,20286,314,2754,0,0,0,0,0
789,8786,790.1823196737516,99599,4400,2982,289,108,88474,49484,1.385134388899487,2285,1474,9431,16208,31180,22597,2413,6629,48429,35925,0,0,1584,1309,8764,4985,24999,8621,3485,0,0,22862,19980,304,2706,0,0,0,0,0
790,8786,791.0281559275247,99597,4349,2937,291,108,88947,49788,1.3929636434832375,2264,1445,9404,16152,31320,22786,2370,6570,48430,35927,0,0,1559,1287,8666,4991,25148,8806,3484,0,0,22954,19740,294,2668,0,0,0,0,0
791,8786,792.0811894800318,99596,4276,2879,292,108,89529,50171,1.4026667737660148,2259,1443,9363,16083,31486,23018,2322,6467,48431,35929,0,0,1517,1258,8536,4998,25372,9018,3478,0,0,23057,19440,289,2633,0,0,0,0,0
792,8786,793.1305910933978,99594,4258,2842,294,108,90160,50551,1.412846155390887,2181,1467,9304,15987,31680,23225,2281,6369,48432,35931,0,0,1483,1234,8409,4976,25658,9206,3470,0,0,23110,19177,287,2584,0,0,0,0,0
793,8786,794.1751697196336,99592,4201,2804,295,109,90738,50930,1.4224837336332234,2127,1444,9275,15907,31858,23441,2242,6293,48433,35933,0,0,1439,1206,8300,4988,25839,9416,3477,0,0,23215,18884,281,2547,0,0,0,0,0
794,8786,795.0079537835895,99589,4172,2738,298,109,91209,51239,1.4303587745634558,2076,1423,9232,15861,32013,23634,2207,6233,48434,35935,0,0,1410,1183,8212,4995,26048,9565,3467,0,0,23265,18654,277,2513,0,0,0,0,0
795,8786,796.0450984350929,99587,4109,2641,300,109,91758,51583,1.439354534226355,2071,1450,9181,15756,32178,23883,2159,6159,48435,35937,0,0,1376,1167,8110,4995,26230,9784,3459,0,0,23352,18362,270,2482,0,0,0,0,0
796,8786,797.0782418917711,99583,4071,2668,304,109,92301,51958,1.4486307903959512,2051,1405,9123,15724,32329,24006,2120,6086,48436,35939,0,0,1349,1146,8007,5007,26371,9988,3444,0,0,23429,18127,265,2450,0,0,0,0,0
797,8786,798.1076672782963,99580,4015,2653,307,109,92839,52341,1.4579232777666198,2061,1360,9091,15683,32440,24189,2084,6004,48437,35941,0,0,1308,1123,7907,4996,26580,10204,3447,0,0,23402,17929,259,2425,0,0,0,0,0
798,8786,799.1346894490007,99578,3946,2618,309,109,93348,52684,1.4665086665729379,2030,1335,9081,15658,32588,24337,2044,5941,48438,35943,0,0,1278,1098,7822,4991,26768,10400,3440,0,0,23447,17689,248,2397,0,0,0,0,0
799,8786,800.1590712886863,99576,3882,2579,310,110,93843,53014,1.4748232505824697,2044,1331,9065,15637,32687,24483,2010,5858,48439,35945,0,0,1252,1080,7735,4977,26953,10598,3427,0,0,23474,17478,241,2361,0,0,0,0,0
800,8786,801.1810023027195,99576,3796,2536,310,110,94330,53358,1.4831686350124529,2032,1328,9042,15596,32850,24648,1968,5780,48440,35947,0,0,1222,1050,7640,4992,27120,10807,3414,0,0,23512,17247,240,2332,0,0,0,0,0
801,8786,802.1996314918499,99571,3785,2515,312,113,94855,53700,1.491950467505599,1960,1297,9052,15575,32955,24785,1934,5713,48441,35949,0,0,1200,1027,7554,4988,27301,10987,3396,0,0,23560,17021,236,2301,0,0,0,0,0
802,8786,803.0133342629774,99570,3801,2466,313,113,95271,53956,1.4987144722305916,1886,1278,9052,15553,33033,24917,1913,5671,48442,35951,0,0,1186,1016,7483,4980,27439,11142,3387,0,0,23585,16844,231,2277,0,0,0,0,0
803,8786,804.029133431321,99568,3765,2422,315,113,95760,54262,1.5067290695805882,1863,1258,9054,15525,33111,25068,1890,5612,48443,35953,0,0,1157,1005,7391,4976,27634,11316,3379,0,0,23599,16638,225,2248,0,0,0,0,0
804,8786,805.0435706272193,99566,3684,2386,316,114,96231,54579,1.5146736837876384,1819,1216,9059,15508,33262,25222,1858,5552,48444,35955,0,0,1141,984,7308,4960,27853,11489,3359,0,0,23622,16421,219,2210,0,0,0,0,0
805,8786,806.055757904113,99566,3626,2346,316,114,96664,54885,1.5220958961894622,1833,1211,9037,15482,33352,25356,1834,5489,48445,35957,0,0,1121,969,7217,4944,28004,11684,3347,0,0,23646,16234,218,2182,0,0,0,0,0
806,8786,807.0659452440302,99566,3563,2306,316,114,97113,55182,1.5295884137155253,1773,1192,9056,15470,33487,25480,1803,5436,48446,35958,0,0,1105,955,7134,4927,28180,11871,3330,0,0,23646,16061,213,2144,0,0,0,0,0
807,8786,808.0744192851967,99564,3553,2246,318,114,97575,55477,1.5372222891808285,1723,1178,9046,15473,33585,25616,1773,5371,48447,35959,0,0,1094,943,7057,4901,28341,12054,3312,0,0,23679,15853,212,2118,0,0,0,0,0
808,8786,809.0811642486906,99562,3435,2217,318,116,97987,55778,1.544414535666218,1705,1166,9065,15448,33728,25737,1747,5314,48448,35960,0,0,1077,919,6987,4901,28459,12281,3295,0,0,23664,15685,210,2084,0,0,0,0,0
809,8786,810.0857339307244,99561,3410,2188,318,117,98406,56051,1.5513805606613031,1688,1169,9081,15467,33773,25803,1728,5254,48449,35961,0,0,1067,909,6900,4893,28621,12442,3278,0,0,23673,15512,206,2060,0,0,0,0,0
810,8786,811.0891953619112,99559,3319,2182,319,118,98823,56330,1.558402555268735,1671,1156,9086,15476,33902,25868,1701,5198,48450,35962,0,0,1055,890,6826,4885,28772,12628,3255,0,0,23660,15350,202,2036,0,0,0,0,0
811,8786,812.0906087461012,99557,3261,2163,320,119,99239,56604,1.565364565023052,1661,1122,9092,15467,33988,25971,1676,5156,48451,35963,0,0,1036,874,6770,4869,28869,12833,3253,0,0,23642,15187,200,2024,0,0,0,0,0
812,8786,813.090952760877,99555,3205,2098,321,120,99648,56859,1.5720656923308725,1612,1106,9123,15461,34079,26112,1658,5101,48452,35964,0,0,1020,860,6695,4850,29002,13020,3240,0,0,23657,15011,194,2006,0,0,0,0,0
813,8786,814.0902890023328,99553,3173,2095,322,121,100067,57140,1.579128705312748,1544,1074,9147,15458,34175,26197,1637,5053,48453,35965,0,0,1010,842,6629,4829,29117,13208,3230,0,0,23642,14864,192,1990,0,0,0,0,0
814,8786,815.0879201679801,99552,3051,2074,322,122,100430,57404,1.5854427836708453,1558,1063,9139,15434,34316,26297,1612,5008,48454,35966,0,0,996,823,6558,4829,29262,13389,3207,0,0,23613,14718,188,1969,0,0,0,0,0
815,8786,816.0833759605147,99549,2986,2024,323,124,100794,57649,1.591608152768988,1536,1065,9153,15415,34408,26413,1592,4957,48455,35967,0,0,982,809,6496,4816,29373,13566,3185,0,0,23609,14576,186,1951,0,0,0,0,0
816,8786,817.0779524916974,99545,2925,2015,326,125,101146,57925,1.5979808126977748,1534,1029,9191,15416,34453,26495,1569,4918,48456,35968,0,0,970,794,6437,4814,29445,13760,3171,0,0,23605,14433,183,1933,0,0,0,0,0
817,8786,818.0721044216565,99543,2849,1955,328,125,101509,58188,1.6043016585797092,1499,987,9224,15461,34543,26598,1555,4872,48457,35969,0,0,957,783,6380,4799,29575,13947,3156,0,0,23586,14272,178,1910,0,0,0,0,0
818,8786,819.0657028433918,99542,2847,1924,329,125,101883,58426,1.6104659339776175,1447,986,9256,15483,34582,26663,1537,4817,48458,35970,0,0,945,774,6331,4767,29692,14110,3150,0,0,23562,14149,175,1887,0,0,0,0,0
819,8786,820.0590635360103,99540,2838,1884,330,126,102271,58670,1.616847498493068,1394,942,9297,15494,34617,26774,1522,4778,48459,35971,0,0,934,761,6282,4751,29810,14284,3132,0,0,23513,14032,173,1868,0,0,0,0,0
820,8786,821.0526913902314,99540,2816,1850,330,126,102642,58912,1.6230058268032952,1357,909,9309,15521,34685,26854,1501,4738,48460,35972,0,0,920,746,6222,4736,29937,14440,3127,0,0,23495,13897,169,1851,0,0,0,0,0
821,8786,822.0455353944187,99540,2786,1838,330,126,102985,59146,1.6288024914607193,1339,890,9336,15521,34728,26924,1479,4699,48461,35973,0,0,913,733,6169,4739,30028,14591,3103,0,0,23489,13769,167,1839,0,0,0,0,0
822,8786,823.0381121741174,99539,2693,1828,330,127,103309,59378,1.6344046052301109,1331,852,9384,15561,34796,26969,1464,4661,48462,35974,0,0,898,727,6133,4714,30071,14788,3091,0,0,23485,13647,165,1820,0,0,0,0,0
823,8786,824.0302337454366,99539,2635,1764,330,127,103631,59582,1.6396889661338772,1321,842,9401,15590,34864,27057,1447,4618,48463,35975,0,0,888,719,6079,4712,30155,14955,3070,0,0,23490,13513,160,1798,0,0,0,0,0
824,8786,825.0220256344782,99537,2578,1728,332,127,103956,59778,1.6449561469604268,1297,817,9436,15614,34920,27123,1435,4589,48464,35976,0,0,873,711,6021,4681,30250,15121,3070,0,0,23464,13406,158,1782,0,0,0,0,0
825,8786,826.0133811749531,99535,2549,1696,334,127,104275,59982,1.6502436328929522,1245,829,9490,15636,34966,27170,1414,4540,48465,35977,0,0,864,704,5979,4674,30317,15288,3052,0,0,23431,13304,157,1765,0,0,0,0,0
826,8786,827.0049314732978,99535,2510,1659,334,127,104559,60190,1.6551866177726429,1251,813,9523,15679,34980,27223,1400,4497,48466,35978,0,0,854,697,5935,4674,30385,15446,3034,0,0,23413,13199,156,1742,0,0,0,0,0
827,8786,828.1950349736378,99533,2509,1638,335,128,104951,60439,1.6616599519757267,1185,802,9568,15680,35020,27283,1381,4467,48467,35979,0,0,840,691,5885,4669,30449,15640,3022,0,0,23388,13080,151,1718,0,0,0,0,0
828,8786,829.1863492161618,99530,2466,1602,337,129,105249,60630,1.6666231287049131,1132,823,9597,15687,35097,27323,1369,4434,48468,35980,0,0,831,678,5841,4653,30514,15791,3012,0,0,23387,12976,148,1699,0,0,0,0,0
829,8786,830.1768691592433,99529,2402,1564,338,129,105518,60816,1.6712114057209457,1145,811,9602,15720,35156,27373,1355,4401,48469,35981,0,0,822,669,5801,4640,30606,15935,2998,0,0,23351,12879,147,1681,0,0,0,0,0
830,8786,831.1670581998018,99528,2365,1577,339,129,105809,61035,1.6763523832489349,1132,796,9657,15743,35160,27388,1345,4365,48470,35982,0,0,814,661,5758,4618,30702,16065,2990,0,0,23329,12780,147,1664,0,0,0,0,0
831,8786,832.1574066578654,99525,2286,1540,342,129,106070,61221,1.6808942476764632,1147,794,9683,15762,35215,27447,1325,4326,48471,35983,0,0,805,647,5730,4616,30779,16214,2975,0,0,23279,12686,146,1648,0,0,0,0,0
832,8786,833.1475345981281,99525,2234,1524,342,129,106342,61413,1.6855563928661141,1132,748,9724,15795,35257,27505,1309,4297,48472,35984,0,0,799,638,5701,4600,30861,16361,2961,0,0,23218,12609,143,1634,0,0,0,0,0
833,8786,834.1376250284698,99525,2190,1503,342,129,106598,61605,1.6900577744285354,1129,742,9765,15828,35281,27537,1291,4259,48473,35985,0,0,788,631,5670,4592,30936,16501,2952,0,0,23173,12523,139,1620,0,0,0,0,0
834,8786,835.1282641298533,99523,2157,1489,344,129,106865,61801,1.6947439285391317,1107,718,9842,15852,35267,27584,1281,4226,48474,35986,0,0,782,622,5633,4586,30984,16643,2939,0,0,23156,12426,139,1613,0,0,0,0,0
835,8786,836.1197334699274,99522,2126,1458,345,129,107110,61966,1.6988806495046322,1096,708,9901,15876,35257,27628,1273,4199,48475,35987,0,0,773,615,5602,4576,31026,16780,2935,0,0,23126,12347,137,1605,0,0,0,0,0
836,8786,837.112316871879,99521,2110,1392,346,129,107391,62115,1.7032184162136634,1050,723,9943,15917,35289,27680,1260,4157,48476,35988,0,0,762,610,5563,4561,31111,16909,2927,0,0,23101,12254,136,1587,0,0,0,0,0
837,8786,838.1049537045258,99521,2052,1391,346,129,107631,62291,1.7073984385205132,1042,698,10003,15949,35307,27716,1248,4115,48477,35989,0,0,757,605,5520,4552,31177,17046,2916,0,0,23061,12180,135,1572,0,0,0,0,0
838,8786,839.0982207730897,99521,2040,1359,346,129,107890,62460,1.7116990383939068,1021,688,10072,15989,35286,27741,1233,4092,48478,35990,0,0,749,599,5487,4548,31224,17175,2907,0,0,23039,12091,134,1568,0,0,0,0,0
839,8786,840.0923603830681,99521,1982,1365,346,129,108132,62653,1.7160699751811175,998,648,10104,16026,35344,27770,1224,4060,48479,35991,1,1,736,593,5442,4529,31294,17306,2900,0,0,23016,12011,133,1560,0,1,0,0,0
840,8786,841.0866653547807,99519,1952,1313,348,129,108381,62802,1.7201036987911855,965,654,10170,16062,35350,27811,1213,4029,48480,35992,2,2,729,584,5413,4525,31344,17438,2887,0,0,22988,11929,130,1550,0,2,0,0,0
841,8786,842.0816018420464,99517,1865,1309,350,129,108602,62981,1.7241576816021382,943,627,10230,16089,35407,27841,1203,4003,48481,35993,3,3,725,579,5381,4505,31390,17580,2874,0,0,22968,11840,126,1546,0,3,0,0,0
842,8786,843.0765535393589,99516,1845,1265,351,129,108849,63139,1.7282447043691467,921,601,10273,16147,35412,27877,1196,3979,48482,35994,4,4,720,573,5354,4487,31430,17722,2869,0,0,22942,11761,126,1527,0,3,1,0,1
843,8786,844.072236490391,99516,1809,1249,351,129,109080,63289,1.7320732344547611,878,585,10344,16197,35432,27885,1184,3953,48483,35995,5,5,714,571,5325,4462,31468,17859,2858,0,0,22910,11698,126,1520,0,3,1,0,1
844,8786,845.0687593737563,99516,1796,1223,351,129,109309,63428,1.7357711322802363,854,584,10401,16227,35420,27907,1176,3928,48484,35996,6,6,709,567,5299,4458,31524,17967,2840,0,0,22879,11632,124,1511,0,3,1,0,2
845,8786,846.0664400482448,99515,1771,1197,352,129,109505,63582,1.7393056323167362,854,552,10484,16292,35369,27919,1168,3909,48485,35997,7,7,707,561,5274,4452,31555,18086,2823,0,0,22872,11555,123,1501,0,3,1,0,2
846,8786,847.0658542076861,99514,1733,1144,353,129,109722,63713,1.7428201057137689,831,550,10563,16331,35358,27958,1160,3886,48486,35998,8,8,698,553,5241,4454,31587,18214,2810,0,0,22854,11481,123,1492,0,3,1,0,3
847,8786,848.0665884521043,99513,1689,1122,353,130,109916,63853,1.7461939646076392,839,548,10622,16390,35348,27947,1147,3861,48487,35999,9,9,692,547,5208,4447,31609,18341,2803,0,0,22842,11413,122,1481,0,4,1,0,3
848,8786,849.0687038156602,99512,1645,1078,354,130,110102,63977,1.7493267143661066,830,535,10705,16454,35323,27966,1141,3835,48488,36000,10,10,684,541,5177,4426,31640,18463,2802,0,0,22825,11353,122,1470,0,4,2,0,3
849,8786,850.0721191300648,99511,1610,1037,355,130,110313,64094,1.7526404116127865,826,549,10749,16500,35333,27972,1125,3810,48489,36001,11,11,680,534,5150,4426,31687,18584,2791,0,0,22768,11306,120,1456,0,4,2,0,3
850,8786,851.0760685110474,99510,1584,1015,356,130,110521,64221,1.7560245201487288,831,532,10794,16554,35314,27979,1119,3788,48490,36002,12,12,675,528,5121,4416,31706,18705,2780,0,0,22752,11250,119,1448,0,4,2,0,4
851,8786,852.0811005106799,99509,1591,996,357,130,110760,64350,1.759740324995729,798,520,10844,16598,35295,27990,1113,3764,48491,36003,14,14,668,522,5098,4393,31761,18808,2779,0,0,22716,11199,117,1435,0,7,2,0,4
852,8786,853.0871626880262,99509,1581,1000,357,130,110953,64491,1.7630968053140923,787,507,10902,16635,35266,27981,1105,3745,48492,36004,16,16,664,520,5076,4382,31776,18914,2772,0,0,22706,11139,116,1429,0,9,2,0,4
853,8786,854.0943236788604,99507,1541,957,359,130,111144,64608,1.7662275015828033,780,513,10989,16681,35230,28002,1099,3715,48493,36005,19,18,658,514,5049,4370,31839,19014,2759,0,0,22663,11082,116,1426,0,10,2,0,5
854,8786,855.1030926224649,99507,1516,947,359,130,111341,64739,1.7695237520978424,732,486,11067,16735,35233,28002,1091,3698,48494,36006,23,21,655,508,5020,4366,31875,19115,2750,0,0,22638,11026,114,1419,0,13,3,0,5
855,8786,856.1128814957658,99506,1444,919,360,130,111508,64860,1.7724358330150947,729,464,11125,16811,35251,28002,1089,3672,48495,36007,28,25,652,505,4993,4347,31925,19224,2742,0,0,22607,10965,114,1406,0,17,4,0,5
856,8786,857.1236708626001,99506,1431,909,360,130,111695,64977,1.7754909251703415,677,452,11196,16881,35245,27970,1089,3656,48496,36008,34,30,648,500,4970,4333,31937,19335,2736,0,0,22584,10919,114,1399,1,20,5,0,5
857,8786,858.1355428819503,99506,1396,911,360,130,111854,65093,1.7782545776134102,683,428,11258,16922,35214,27959,1087,3648,48497,36009,42,36,644,493,4942,4331,31963,19430,2725,0,0,22546,10881,113,1395,1,26,8,0,8
858,8786,859.1489015378198,99506,1335,882,360,130,112016,65193,1.7808875846682612,692,416,11339,16995,35192,27935,1080,3640,48498,36010,51,43,641,487,4921,4329,31985,19541,2712,0,0,22514,10821,111,1392,2,32,8,0,10
859,8786,860.163681680345,99506,1322,857,360,130,112198,65286,1.78365123711133,664,415,11416,17050,35157,27916,1079,3630,48499,36011,63,51,638,485,4901,4324,32002,19643,2698,0,0,22487,10772,109,1385,2,37,9,0,14
860,8786,861.1802870879956,99506,1300,838,360,130,112366,65404,1.7865254356521214,637,405,11509,17120,35115,27887,1077,3618,48500,36012,77,61,629,483,4872,4320,32037,19736,2694,0,0,22447,10722,109,1379,2,46,11,0,19
861,8786,862.1988356659862,99506,1263,836,360,130,112510,65516,1.7890981448354872,642,412,11570,17154,35084,27853,1079,3613,48501,36013,94,73,622,481,4846,4312,32073,19827,2692,0,0,22396,10687,107,1366,2,59,12,0,24
862,8786,863.0145607458285,99503,1215,804,363,130,112623,65607,1.7912022753082821,640,398,11622,17202,35070,27852,1088,3612,48502,36014,115,87,618,477,4822,4302,32082,19919,2682,0,0,22386,10632,107,1363,2,67,14,0,30
863,8786,864.0355692527637,99503,1211,790,363,130,112787,65708,1.7938655115926152,619,405,11677,17248,35029,27815,1099,3610,48503,36015,140,103,614,473,4803,4293,32090,20011,2678,0,0,22381,10569,107,1354,5,78,14,0,33
864,8786,865.058390836132,99503,1222,780,363,130,112963,65819,1.7967498467382892,576,386,11750,17293,34976,27782,1111,3627,48504,36016,170,122,610,469,4781,4295,32074,20127,2671,0,0,22348,10527,106,1349,6,88,13,0,39
865,8786,866.0832033365089,99503,1168,765,363,130,113110,65917,1.799212084057767,564,388,11833,17324,34943,27745,1127,3646,48505,36017,206,143,607,467,4764,4282,32063,20249,2661,0,0,22318,10471,106,1341,8,102,15,0,49
866,8786,867.1097737149483,99502,1131,750,364,130,113256,66005,1.801581877751201,559,391,11892,17375,34906,27698,1146,3654,48506,36018,248,168,603,466,4741,4283,32062,20362,2652,0,0,22260,10431,106,1331,10,120,17,0,58
867,8786,868.1381861915635,99501,1085,729,364,131,113404,66102,1.8040622707309475,553,369,11968,17427,34861,27654,1167,3688,48507,36019,297,196,601,462,4721,4277,32062,20483,2636,0,0,22206,10380,106,1326,10,141,23,0,67
868,8786,869.1687294541179,99501,1058,708,364,131,113540,66207,1.8064843569411362,541,355,12032,17475,34809,27606,1194,3723,48508,36020,354,228,601,458,4693,4275,32050,20595,2622,0,0,22175,10319,105,1319,12,167,30,0,80
869,8786,870.2016441549356,99501,1069,688,364,131,113696,66287,1.8088561924000763,504,375,12107,17512,34730,27530,1224,3762,48509,36021,420,265,598,453,4676,4279,32014,20713,2608,0,0,22123,10283,104,1311,14,197,36,0,92
870,8786,871.0299214419698,99501,1028,679,364,131,113792,66367,1.8106250188440318,507,360,12169,17540,34669,27472,1261,3816,48510,36022,496,307,596,448,4658,4276,32000,20808,2602,0,0,22072,10225,103,1306,14,239,41,0,113
871,8786,872.0678441564993,99501,1000,657,364,131,113906,66458,1.8126852996452296,511,356,12234,17587,34591,27390,1298,3877,48511,36023,583,354,592,446,4640,4265,31983,20922,2601,0,0,22025,10161,103,1297,19,271,47,0,129
872,8786,873.1085326939668,99501,980,672,364,131,114037,66558,1.815006884352921,483,330,12333,17623,34493,27292,1345,3950,48512,36024,682,407,591,445,4613,4252,31953,21042,2594,0,0,21971,10107,102,1293,21,305,62,0,150
873,8786,874.1529130915386,99500,938,664,365,131,114149,66667,1.8172462311557789,474,277,12401,17656,34425,27239,1395,4031,48513,36025,794,466,584,443,4586,4252,31913,21186,2593,0,0,21899,10047,100,1283,25,347,70,0,172
874,8786,875.2005674894527,99500,903,643,365,131,114256,66748,1.8191356783919599,483,256,12465,17694,34331,27142,1451,4132,48514,36026,921,532,582,439,4555,4251,31874,21312,2584,0,0,21827,9987,98,1278,29,415,80,0,189
875,8786,876.0412536105478,99500,875,634,365,131,114340,66806,1.8205628140703518,486,252,12515,17710,34239,27021,1518,4250,48515,36027,1063,605,581,439,4532,4234,31817,21441,2583,0,0,21751,9930,98,1274,29,476,92,0,223
876,8786,877.0955696318697,99500,872,624,365,131,114469,66876,1.8225628140703518,444,258,12588,17727,34135,26880,1594,4378,48516,36028,1222,686,580,438,4502,4219,31794,21564,2577,0,0,21664,9866,97,1262,34,544,104,0,255
877,8786,878.1534135005654,99500,837,623,365,131,114565,66949,1.8242613065326634,449,260,12654,17743,34019,26727,1674,4514,48517,36029,1399,775,575,435,4479,4220,31685,21724,2572,0,0,21607,9787,97,1255,38,611,119,0,296
878,8786,879.0026821407805,99500,843,590,365,131,114659,66999,1.8257085427135678,425,270,12700,17739,33903,26586,1762,4682,48518,36030,1596,873,571,434,4456,4213,31620,21863,2569,0,0,21516,9714,97,1244,44,681,134,0,344
879,8786,880.0684233688978,99500,831,581,365,131,114777,67078,1.8276884422110553,415,261,12746,17743,33790,26417,1851,4865,48519,36031,1813,980,565,432,4431,4212,31525,22040,2568,0,0,21407,9640,96,1235,47,765,149,0,388
880,8786,881.1380744797918,99500,809,589,365,131,114897,67163,1.8297487437185929,378,250,12824,17751,33666,26219,1956,5058,48520,36032,2052,1097,564,430,4402,4207,31426,22221,2562,0,0,21288,9565,94,1223,53,864,167,0,434
881,8786,882.2125904820848,99499,786,584,366,131,114995,67251,1.831636498859285,378,222,12908,17722,33491,26065,2069,5274,48521,36033,2314,1224,560,427,4366,4200,31326,22401,2559,0,0,21141,9493,94,1214,56,991,194,0,477
882,8786,883.076679236883,99498,753,563,367,131,115071,67302,1.8329313152023157,363,226,12946,17687,33371,25858,2198,5533,48522,36034,2600,1362,558,423,4334,4190,31215,22587,2554,0,0,20996,9428,94,1206,60,1117,212,0,524
883,8786,884.161814277558,99498,721,540,367,131,115161,67362,1.834438883193632,368,214,12998,17657,33205,25659,2339,5797,48523,36035,2911,1511,554,421,4305,4183,31081,22789,2547,0,0,20862,9327,94,1192,69,1251,232,0,591
884,8786,885.0342947897072,99498,720,511,367,131,115249,67405,1.835755492572715,355,223,13036,17593,33037,25451,2483,6089,48524,36036,3248,1671,549,419,4251,4178,30945,22989,2545,0,0,20709,9253,94,1185,72,1386,276,0,647
885,8786,886.1312798430109,99498,701,503,367,131,115346,67473,1.8374138173631631,366,200,13078,17534,32849,25228,2637,6402,48525,36037,3611,1844,549,416,4216,4168,30794,23208,2538,0,0,20534,9158,94,1174,81,1551,302,0,715
886,8786,887.013585446624,99498,673,478,367,131,115410,67507,1.8383987617841564,361,208,13088,17451,32706,24990,2803,6740,48526,36038,4001,2029,545,414,4179,4167,30586,23466,2535,0,0,20382,9049,94,1161,92,1687,331,0,810
887,8786,888.1227346799316,99497,673,466,368,131,115510,67577,1.8401258329396866,341,202,13144,17370,32486,24737,2986,7092,48527,36039,4418,2227,542,414,4130,4157,30415,23712,2533,0,0,20196,8932,92,1151,101,1856,367,0,899
888,8786,889.0156626770945,99496,658,452,369,131,115582,67620,1.8413001527699606,329,220,13176,17284,32283,24428,3183,7483,48528,36040,4862,2438,541,414,4076,4154,30194,23990,2528,0,0,19993,8842,90,1141,111,2035,412,0,975
889,8786,890.1397118062331,99496,637,440,369,131,115683,67680,1.8429183082736995,299,224,13218,17198,32090,24111,3385,7894,48529,36041,5333,2662,534,413,4014,4143,29980,24286,2529,0,0,19794,8744,90,1120,125,2213,458,0,1053
890,8786,891.0444828461389,99495,608,434,369,132,115731,67730,1.843921805115835,300,212,13226,17083,31888,23801,3607,8336,48530,36042,5831,2899,532,410,3957,4139,29772,24543,2526,0,0,19589,8626,89,1105,134,2418,505,0,1150
891,8786,892.1835186825205,99495,593,412,369,132,115812,67779,1.8452284034373587,286,208,13263,17015,31658,23439,3829,8792,48531,36043,6355,3150,530,407,3906,4130,29522,24850,2525,0,0,19362,8504,89,1091,144,2641,547,0,1247
892,8786,893.1010719423065,99495,568,400,369,132,115880,67820,1.8463239358761747,277,205,13268,16878,31444,23119,4072,9264,48532,36044,6904,3414,528,405,3849,4126,29291,25138,2520,0,0,19122,8369,89,1078,155,2861,600,0,1364
893,8786,894.0254294771048,99494,569,384,370,132,115952,67859,1.8474581381791866,259,208,13278,16727,31200,22771,4322,9776,48533,36045,7476,3691,527,404,3804,4114,29040,25443,2518,0,0,18875,8239,89,1072,161,3097,638,0,1473
894,8786,895.1909617425683,99493,550,379,370,133,116025,67923,1.8488536881991697,265,197,13291,16592,30937,22400,4585,10297,48534,36046,8071,3982,525,402,3726,4111,28758,25781,2513,0,0,18617,8123,89,1055,176,3341,709,0,1567
895,8786,896.1308880487444,99493,516,351,370,133,116079,67953,1.8496979687013158,259,205,13289,16427,30699,22033,4865,10849,48535,36047,8687,4286,525,400,3680,4105,28480,26119,2506,0,0,18333,7994,89,1039,188,3608,749,0,1678
896,8786,897.0785916801932,99493,490,351,370,133,116134,68000,1.8507231664539214,260,191,13298,16245,30436,21676,5144,11402,48536,36048,9322,4602,525,400,3619,4103,28171,26479,2500,0,0,18040,7861,89,1024,202,3875,805,0,1800
897,8786,898.0349287010347,99493,488,336,370,133,116197,68039,1.851748364206527,249,188,13317,16056,30128,21313,5446,11972,48537,36049,9973,4931,523,400,3559,4096,27871,26821,2498,0,0,17788,7690,89,1005,218,4128,859,0,1948
898,8786,899.00095231442,99493,479,338,370,133,116262,68077,1.8527836129174917,231,176,13330,15871,29838,20921,5750,12559,48538,36050,10639,5271,523,398,3509,4096,27543,27185,2494,0,0,17499,7551,89,983,238,4406,907,0,2072
899,8786,900.221670551211,99492,456,341,371,133,116312,68118,1.8537168817593375,250,181,13428,15965,29765,20862,5728,12516,48538,36050,10639,5271,522,398,3504,4095,27541,27223,2488,0,0,17494,7541,89,978,238,4404,906,0,2071
900,8786,900.221670551211,99492,453,339,371,133,116326,68131,1.8539882603626423,250,177,13339,15693,29523,20522,6062,13134,48538,36050,11317,5623,522,398,3430,4093,27229,27552,2487,0,2,17208,7397,89,958,258,4679,977,0,2213
901,8786,901.2082805417159,99492,459,335,371,133,116384,68178,1.8550436215977164,246,166,13324,15492,29207,20137,6391,13735,48538,36050,12005,5985,520,397,3360,4087,26904,27917,2484,2,15,16896,7253,89,942,272,4971,1039,3,2341
902,8786,902.2054259756982,99492,449,325,371,133,116437,68215,1.8559482169420658,262,169,13285,15312,28903,19745,6728,14314,48538,36050,12701,6357,516,397,3297,4080,26553,28312,2481,6,23,16582,7103,89,917,295,5256,1099,7,2479
903,8786,903.2132343367208,99492,458,313,371,133,116509,68257,1.8570940377115748,245,157,13272,15114,28577,19347,7075,14934,48538,36050,13402,6738,516,396,3232,4075,26207,28709,2478,6,40,16263,6960,89,890,320,5543,1156,9,2603
904,8786,904.2326186138697,99492,442,302,371,133,116566,68295,1.8580488883528323,242,157,13273,14915,28249,18944,7421,15547,48538,36050,14105,7128,515,395,3169,4072,25865,29102,2476,7,50,15940,6818,89,862,340,5836,1212,11,2733
905,8786,905.0050615103942,99492,431,304,371,133,116609,68319,1.8587223093314036,231,157,13220,14703,27963,18542,7782,16159,48538,36050,14808,7525,514,394,3106,4073,25481,29513,2471,8,56,15648,6689,89,846,354,6111,1272,12,2855
906,8786,906.0469139102461,99492,425,314,371,133,116666,68366,1.859767619507096,235,146,13182,14520,27637,18127,8148,16758,48538,36050,15508,7929,513,394,3054,4070,25115,29906,2467,9,69,15311,6554,89,830,369,6433,1320,15,2974
907,8786,907.1011011594596,99492,407,305,371,133,116720,68406,1.860712419088972,227,147,13162,14350,27312,17724,8519,17339,48538,36050,16204,8338,511,394,2986,4072,24742,30324,2459,11,78,14993,6418,88,819,377,6722,1382,20,3096
908,8786,908.1682504238387,99492,395,300,371,133,116783,68447,1.8617577292646645,211,139,13158,14181,26980,17337,8883,17908,48538,36050,16893,8752,510,394,2926,4069,24392,30722,2453,12,87,14666,6266,88,798,394,7021,1435,24,3235
909,8786,909.2487929925159,99492,414,296,371,133,116854,68485,1.8628532947372654,203,135,13137,13993,26621,16964,9252,18477,48538,36050,17573,9170,510,393,2867,4070,24026,31122,2448,12,99,14388,6105,88,787,403,7281,1485,28,3380
910,8786,910.0691627171623,99492,412,277,371,133,116903,68507,1.863566919953363,187,144,13087,13791,26310,16610,9631,19043,48538,36050,18242,9590,510,393,2804,4067,23678,31498,2446,12,110,14076,5967,88,771,419,7575,1543,30,3505
911,8786,911.1774432562161,99492,404,265,371,133,116966,68539,1.8645217705946207,177,137,13041,13641,25999,16232,10006,19590,48538,36050,18898,10012,509,391,2749,4071,23330,31895,2438,13,116,13772,5829,88,757,431,7845,1591,34,3633
912,8786,912.0179199647657,99492,388,263,371,133,117005,68571,1.8652353958107184,177,121,12971,13495,25716,15851,10375,20135,48538,36050,19540,10435,509,389,2703,4071,22961,32294,2435,13,119,13463,5723,87,739,447,8137,1632,37,3733
913,8786,913.15273262887,99492,377,257,371,133,117062,68601,1.8661098379769228,172,127,12935,13363,25397,15498,10746,20620,48538,36050,20167,10858,509,389,2632,4066,22616,32678,2433,13,126,13196,5588,86,724,462,8379,1697,42,3856
914,8786,914.0136482990129,99492,358,245,371,133,117092,68626,1.866662646242914,168,119,12892,13207,25090,15176,11119,21118,48538,36050,20778,11280,508,389,2574,4060,22283,33049,2431,14,131,12917,5455,86,700,482,8638,1749,50,3976
915,8786,915.177348946375,99492,357,241,371,133,117147,68664,1.8675973947654083,165,112,12884,13092,24746,14824,11475,21596,48538,36050,21372,11699,507,387,2529,4065,21956,33410,2425,15,140,12649,5322,85,689,491,8881,1791,59,4091
916,8786,916.0610250550098,99492,347,227,371,133,117192,68684,1.868250713625216,160,119,12844,12933,24439,14514,11837,22072,48538,36050,21948,12116,507,384,2472,4069,21613,33779,2419,15,155,12389,5205,85,673,505,9126,1844,64,4188
917,8786,917.2558358341901,99492,338,231,371,133,117241,68721,1.8691151047320387,163,108,12810,12856,24120,14186,12196,22484,48538,36050,22505,12529,505,384,2416,4069,21277,34135,2418,17,159,12127,5092,84,657,521,9376,1895,72,4288
918,8786,918.1628719185171,99490,326,217,373,133,117280,68734,1.8696753442557041,159,124,12751,12719,23831,13895,12558,22910,48538,36050,23043,12937,503,384,2359,4064,20980,34457,2414,19,154,11882,4991,84,643,534,9609,1947,87,4379
919,8786,919.0811136325323,99490,319,209,373,133,117316,68767,1.8703688812946024,148,103,12724,12597,23519,13626,12915,23330,48538,36050,23562,13340,502,383,2322,4068,20684,34785,2409,20,162,11612,4887,84,626,549,9854,1981,89,4473
920,8786,920.0118341900142,99490,306,226,373,133,117351,68804,1.871092572117801,148,90,12704,12493,23203,13340,13264,23716,48538,36050,24062,13738,501,382,2278,4065,20367,35127,2407,21,162,11388,4783,84,608,566,10063,2022,96,4570
921,8786,921.2711820057937,99490,296,211,373,133,117401,68834,1.8718966730324655,133,93,12714,12449,22904,13052,13578,24060,48538,36050,24542,14129,498,381,2234,4065,20077,35450,2402,24,168,11157,4686,84,601,571,10275,2060,106,4651
922,8786,922.2273997068238,99490,298,206,373,133,117441,68852,1.8724796461955975,116,97,12684,12346,22625,12792,13902,24424,48538,36050,25003,14513,495,379,2188,4067,19767,35779,2398,27,171,10970,4604,84,587,584,10451,2104,109,4726
923,8786,923.1958763891006,99489,296,208,374,133,117477,68882,1.8731618570897286,117,90,12671,12263,22324,12554,14216,24750,48538,36050,25445,14890,495,379,2144,4064,19499,36073,2396,27,175,10758,4510,84,573,595,10647,2145,115,4810
924,8786,924.177088821791,99489,282,196,374,133,117503,68902,1.8736242197629889,126,81,12637,12186,22059,12347,14520,25055,48538,36050,25868,15259,494,378,2112,4065,19202,36394,2394,28,181,10562,4426,84,561,604,10827,2174,122,4881
925,8786,925.1706564732996,99489,274,177,374,133,117533,68916,1.874066479711325,126,84,12595,12123,21800,12131,14829,25350,48538,36050,26273,15620,493,376,2070,4061,18945,36677,2393,29,176,10360,4346,84,551,613,11015,2212,137,4951
926,8786,926.1760513110215,99489,261,172,374,133,117565,68936,1.8745891505593584,130,87,12583,12048,21532,11938,15118,25620,48538,36050,26660,15973,493,375,2035,4058,18694,36956,2390,29,179,10169,4266,84,537,627,11189,2243,145,5020
927,8786,927.1940892616246,99489,247,171,374,133,117589,68960,1.8750716159575431,142,76,12552,12006,21265,11726,15418,25886,48538,36050,27029,16317,493,375,2003,4051,18454,37226,2388,29,176,9982,4176,84,530,633,11359,2272,153,5105
928,8786,928.2252136227555,99489,239,168,374,133,117624,68983,1.8756545949803496,139,79,12535,11991,21027,11516,15684,26111,48538,36050,27381,16652,492,373,1970,4049,18236,37471,2383,30,175,9796,4106,84,521,642,11530,2302,163,5166
929,8786,929.2681847712823,99489,226,178,374,133,117665,69014,1.8763782930776267,118,68,12540,11960,20799,11326,15941,26333,48538,36050,27717,16978,488,373,1928,4047,18001,37729,2378,34,177,9648,4032,84,514,646,11667,2342,169,5232
930,8786,930.3230966165322,99489,216,169,374,133,117689,69034,1.8768205530259627,121,69,12543,11930,20557,11154,16187,26543,48538,36050,28037,17295,488,372,1896,4048,17806,37947,2375,33,176,9481,3953,84,509,650,11818,2372,178,5303
931,8786,931.0334080276581,99489,217,165,374,133,117710,69049,1.8771824020746013,114,63,12485,11894,20351,10991,16457,26752,48538,36050,28342,17603,485,371,1856,4049,17613,38150,2373,36,178,9328,3897,84,505,653,11967,2409,181,5354
932,8786,932.1122794351496,99489,218,159,374,133,117740,69064,1.8776347133853994,126,62,12498,11890,20103,10824,16679,26930,48538,36050,28632,17901,483,371,1828,4046,17410,38372,2371,38,178,9174,3832,84,501,656,12111,2434,190,5410
933,8786,933.2039959569041,99489,226,148,374,133,117775,69075,1.8780970760586597,120,69,12495,11886,19888,10676,16895,27086,48538,36050,28908,18190,482,371,1799,4044,17203,38595,2371,39,180,9056,3769,84,494,663,12218,2461,194,5466
934,8786,934.3078466586677,99489,215,145,374,133,117806,69096,1.8786197469066932,117,67,12506,11888,19693,10527,17093,27238,48538,36050,29170,18470,480,369,1768,4043,17019,38802,2368,41,181,8920,3721,84,488,667,12344,2487,201,5506
935,8786,935.04987336134,99489,207,140,374,133,117821,69111,1.8789212877805586,117,61,12498,11869,19485,10382,17317,27413,48538,36050,29419,18741,480,368,1747,4043,16847,38991,2367,41,177,8789,3679,84,481,674,12463,2505,214,5539
936,8786,936.1767855274121,99489,217,138,374,133,117855,69132,1.8794741127159786,109,58,12505,11912,19281,10249,17512,27508,48538,36050,29656,19003,480,368,1724,4044,16704,39152,2365,41,172,8657,3626,84,479,675,12586,2522,225,5585
937,8786,937.3159573712996,99489,218,145,374,133,117886,69153,1.8799967835640121,115,50,12557,11985,19059,10081,17675,27604,48538,36050,29881,19256,479,368,1705,4039,16539,39330,2363,42,170,8544,3587,84,475,679,12694,2540,230,5621
938,8786,938.0825401037401,99489,209,134,374,133,117901,69162,1.8802380162631045,116,46,12553,11976,18885,9982,17861,27727,48538,36050,30095,19501,479,367,1688,4038,16389,39495,2361,42,169,8428,3536,84,467,686,12802,2555,236,5667
939,8786,939.2458015587919,99489,213,131,374,133,117939,69177,1.8807707384736,108,53,12613,12011,18670,9858,18020,27812,48538,36050,30298,19737,479,366,1660,4037,16241,39660,2357,42,175,8309,3501,84,460,692,12914,2580,239,5693
940,8786,940.0288281712053,99489,209,122,374,133,117961,69185,1.8810722793474655,104,56,12604,12027,18510,9751,18197,27909,48538,36050,30491,19965,478,366,1641,4039,16108,39806,2354,43,175,8188,3462,84,455,696,13025,2598,241,5730
941,8786,941.2161518287824,99489,225,110,374,133,118001,69193,1.8815547447456502,87,63,12648,12080,18321,9665,18343,27947,48538,36050,30674,20184,478,365,1628,4039,15970,39959,2354,43,176,8091,3413,84,451,699,13109,2611,250,5769
942,8786,942.0139736146899,99489,214,119,374,133,118014,69211,1.881866336981978,87,55,12651,12111,18166,9551,18506,28029,48538,36050,30848,20395,477,365,1609,4040,15849,40088,2351,44,176,8004,3377,84,446,704,13191,2629,254,5801
943,8786,943.208919605659,99489,199,118,374,133,118039,69228,1.8822884942053895,93,55,12695,12203,18006,9429,18631,28060,48538,36050,31013,20599,474,364,1583,4037,15724,40241,2349,47,178,7919,3345,84,443,706,13261,2649,258,5827
944,8786,944.0010816767567,99489,205,116,374,133,118059,69242,1.8826302405291038,82,43,12724,12255,17841,9331,18772,28120,48538,36050,31169,20795,474,364,1570,4035,15603,40373,2348,47,181,7838,3309,84,439,710,13336,2660,260,5858
945,8786,945.1790665211455,99489,197,118,374,133,118093,69259,1.883142860014675,72,47,12798,12315,17691,9240,18866,28145,48538,36050,31318,20984,474,364,1552,4032,15489,40506,2347,47,187,7761,3268,84,436,713,13400,2676,264,5889
946,8786,946.3511424700108,99489,173,117,374,133,118109,69273,1.8834444008885405,84,50,12858,12392,17550,9140,18959,28166,48538,36050,31459,21166,473,363,1542,4027,15380,40634,2346,48,187,7687,3234,84,432,715,13465,2685,272,5915
947,8786,947.1295113859227,99489,165,114,374,133,118120,69283,1.8836554795002463,84,49,12885,12420,17411,9070,19079,28212,48538,36050,31593,21341,473,362,1522,4027,15256,40765,2345,48,190,7621,3207,84,429,717,13529,2703,279,5932
948,8786,948.288664811753,99489,158,113,374,133,118141,69300,1.884037431273809,84,51,12935,12494,17291,8993,19156,28214,48538,36050,31720,21509,473,361,1503,4027,15163,40877,2344,48,191,7549,3174,84,421,723,13589,2719,284,5959
949,8786,949.0587685072779,99489,164,110,374,133,118163,69311,1.8843691262350613,79,50,12957,12545,17169,8915,19255,28245,48538,36050,31841,21670,473,360,1493,4028,15068,40984,2342,48,191,7475,3150,84,420,724,13653,2729,286,5981
950,8786,950.2071685954734,99489,164,108,374,133,118180,69327,1.8847008211963132,85,49,13036,12632,17007,8849,19332,28227,48538,36050,31956,21825,473,360,1483,4025,14964,41103,2342,48,192,7415,3123,84,418,724,13704,2739,289,6003
951,8786,951.3507492762444,99489,160,108,374,133,118204,69343,1.8851028756948005,72,45,13098,12730,16887,8759,19407,28223,48538,36050,32065,21974,472,359,1463,4023,14876,41203,2341,49,192,7350,3107,84,414,728,13762,2758,295,6013
952,8786,952.1106313131962,99489,151,99,374,133,118221,69347,1.8853139543065063,68,46,13146,12759,16771,8697,19488,28264,48538,36050,32168,22117,472,359,1453,4019,14802,41290,2339,49,192,7288,3084,84,410,731,13819,2768,297,6033
953,8786,953.2451868865105,99489,143,86,374,133,118237,69356,1.8855652383680608,68,47,13234,12860,16643,8637,19536,28235,48538,36050,32266,22255,472,359,1438,4020,14728,41382,2336,49,194,7230,3063,84,405,734,13865,2781,300,6049
954,8786,954.0000968605447,99489,136,77,374,133,118245,69358,1.8856657519926827,66,49,13278,12922,16529,8577,19615,28240,48538,36050,32359,22387,472,359,1428,4020,14642,41477,2335,49,193,7180,3045,84,403,735,13910,2789,303,6065
955,8786,955.1275705102086,99489,138,79,374,133,118263,69368,1.8859471901416236,62,47,13371,13006,16394,8503,19659,28230,48538,36050,32448,22514,472,359,1422,4019,14568,41560,2334,49,191,7125,3028,84,400,737,13960,2794,309,6078
956,8786,956.2520808725259,99489,132,70,374,133,118278,69374,1.8861582687533296,68,51,13432,13105,16277,8445,19715,28194,48538,36050,32532,22636,472,359,1412,4016,14512,41633,2332,49,189,7068,3008,84,398,739,14006,2803,313,6096
957,8786,957.0000682477298,99489,125,71,374,133,118287,69387,1.8863793987274975,69,43,13481,13169,16186,8395,19763,28187,48538,36050,32612,22753,472,358,1401,4014,14447,41710,2332,49,189,7013,2993,84,394,743,14052,2814,314,6110
958,8786,958.1188487871431,99489,116,77,374,133,118299,69400,1.886630682789052,68,41,13577,13248,16082,8333,19781,28166,48538,36050,32688,22866,472,358,1390,4013,14386,41782,2331,49,188,6973,2976,84,390,747,14085,2824,316,6125
959,8786,959.2363733922431,99489,113,72,374,133,118314,69411,1.8868920182130688,65,38,13660,13369,15971,8275,19815,28111,48538,36050,32761,22974,471,357,1378,4014,14312,41870,2329,50,186,6931,2960,84,386,751,14119,2832,319,6140
960,8786,960.3521864617895,99489,113,77,374,133,118328,69423,1.8871533536370855,61,33,13747,13498,15870,8205,19833,28052,48538,36050,32830,23078,471,357,1368,4014,14257,41932,2328,50,187,6894,2947,84,382,755,14153,2839,321,6150
961,8786,961.0954801557765,99489,110,71,374,133,118340,69429,1.8873342781614049,56,33,13802,13570,15776,8162,19880,28029,48538,36050,32896,23178,471,357,1359,4011,14202,41995,2328,50,190,6847,2931,84,379,757,14197,2848,325,6158
962,8786,962.2078227742537,99489,110,69,374,133,118360,69438,1.887625767672808,45,34,13903,13664,15676,8115,19890,27983,48538,36050,32959,23274,471,357,1349,4007,14154,42059,2328,50,191,6800,2919,84,376,760,14233,2857,326,6168
963,8786,963.319502334162,99489,96,60,374,133,118368,69439,1.8877162299349677,45,42,13975,13759,15595,8061,19913,27943,48538,36050,33019,23366,470,356,1340,4009,14093,42130,2326,51,191,6765,2905,84,375,761,14263,2862,330,6178
964,8786,964.05998706311,99489,101,67,374,133,118379,69451,1.887947411271598,39,38,14025,13824,15506,8015,19953,27921,48538,36050,33076,23454,470,356,1335,4009,14036,42189,2326,51,188,6741,2892,84,373,762,14286,2867,334,6190
965,8786,965.1682465583141,99489,93,74,374,133,118386,69463,1.8881383871583792,42,32,14114,13916,15405,7976,19970,27867,48538,36050,33130,23539,470,356,1330,4008,13993,42241,2325,51,189,6702,2880,84,371,763,14320,2871,334,6201
966,8786,966.2759328963192,99489,84,70,374,133,118399,69468,1.8883193116826986,43,36,14207,14041,15328,7923,19962,27795,48538,36050,33182,23621,469,356,1324,4006,13949,42294,2324,52,190,6668,2870,83,370,764,14349,2877,337,6207
967,8786,967.0144451895623,99489,83,73,374,133,118408,69476,1.8884901848445557,42,30,14252,14099,15261,7896,19986,27767,48538,36050,33231,23699,469,355,1320,4004,13905,42342,2324,52,190,6648,2861,83,368,766,14368,2881,340,6213
968,8786,968.1211405515993,99489,81,70,374,133,118418,69483,1.8886610580064127,47,30,14341,14222,15178,7854,19977,27689,48538,36050,33278,23774,469,355,1311,4004,13862,42393,2323,52,190,6624,2853,83,368,765,14387,2889,342,6219
969,8786,969.2282339522185,99489,73,68,374,133,118428,69491,1.888841982530732,59,27,14418,14331,15094,7814,19980,27625,48538,36050,33323,23846,469,355,1304,4002,13832,42438,2322,52,190,6601,2839,83,366,766,14402,2893,344,6231
970,8786,970.3351517225783,99489,75,53,374,133,118445,69494,1.8890430097799757,48,34,14512,14432,15019,7793,19970,27553,48538,36050,33366,23916,469,355,1296,4002,13790,42492,2320,52,192,6577,2823,83,366,766,14420,2897,352,6237
971,8786,971.0734312688419,99489,75,53,374,133,118454,69501,1.8892038315793707,47,32,14584,14493,14938,7765,19980,27522,48538,36050,33407,23983,469,355,1293,4002,13746,42540,2320,52,192,6549,2815,83,365,767,14444,2900,354,6243
972,8786,972.1802018646468,99489,83,52,374,133,118468,69508,1.8894149101910764,46,30,14690,14611,14834,7721,19971,27451,48538,36050,33446,24047,469,355,1292,4002,13714,42577,2320,52,192,6523,2810,83,360,771,14466,2901,355,6247
973,8786,973.2871680471894,99489,79,51,374,133,118477,69516,1.8895857833529335,50,32,14780,14727,14769,7685,19946,27370,48538,36050,33483,24109,468,355,1290,4000,13685,42613,2320,53,192,6499,2803,83,359,772,14485,2903,360,6249
974,8786,974.0257839853538,99489,85,53,374,133,118488,69520,1.8897365537898663,49,28,14853,14803,14691,7644,19946,27337,48538,36050,33519,24168,468,355,1287,4000,13650,42649,2320,53,192,6478,2799,83,358,773,14505,2906,360,6253
975,8786,975.1341648930979,99489,87,52,374,133,118499,69529,1.88993758103911,52,25,14952,14912,14615,7616,19918,27260,48538,36050,33553,24225,468,355,1281,4000,13623,42684,2319,53,193,6465,2786,83,357,774,14512,2911,362,6263
976,8786,976.2439592447492,99489,87,57,374,133,118515,69540,1.8902089678255887,48,18,15035,15030,14552,7582,19902,27178,48538,36050,33585,24280,466,355,1273,4000,13590,42724,2318,55,193,6447,2777,83,357,774,14526,2917,364,6270
977,8786,977.2199518916434,99489,81,49,374,133,118523,69543,1.8903195328126727,50,20,15113,15111,14489,7558,19891,27127,48538,36050,33616,24333,466,355,1268,3999,13564,42757,2318,54,193,6426,2769,83,357,774,14544,2921,365,6276
978,8786,978.0958992283562,99489,78,50,374,133,118530,69549,1.890450200524681,49,17,15173,15180,14438,7532,19886,27086,48538,36050,33646,24384,466,355,1267,3995,13534,42793,2318,54,193,6408,2764,83,356,774,14561,2922,368,6278
979,8786,979.038436419238,99489,80,43,374,133,118546,69555,1.8906713304988492,48,18,15255,15285,14372,7504,19869,27015,48538,36050,33674,24433,466,355,1261,3997,13509,42827,2316,54,196,6387,2757,82,356,773,14576,2927,372,6278
980,8786,980.0571801022829,99489,78,41,374,133,118556,69557,1.8907919468483954,42,23,15352,15361,14305,7470,19847,26970,48538,36050,33701,24480,466,355,1256,3996,13490,42852,2315,54,194,6369,2753,82,353,776,14591,2931,374,6282
981,8786,981.171173166386,99489,74,40,374,133,118567,69562,1.8909527686477903,39,23,15463,15477,14233,7434,19815,26891,48538,36050,33727,24525,466,355,1255,3997,13465,42886,2314,54,193,6349,2748,82,352,777,14603,2932,375,6286
982,8786,982.2871920073674,99489,78,43,374,133,118577,69567,1.8911035390847228,38,24,15557,15589,14162,7391,19789,26818,48538,36050,33752,24569,466,355,1252,3994,13442,42913,2314,54,191,6336,2745,82,352,777,14615,2935,377,6289
983,8786,983.0320311391056,99489,82,43,374,133,118586,69572,1.8912442581591935,35,24,15605,15662,14112,7362,19790,26774,48538,36050,33776,24611,466,355,1252,3994,13417,42942,2313,54,191,6319,2739,82,352,777,14630,2934,378,6294
984,8786,984.1492189360752,99489,81,43,374,133,118594,69577,1.8913749258712018,30,25,15705,15784,14042,7327,19766,26686,48538,36050,33799,24651,465,355,1248,3993,13392,42972,2313,55,190,6308,2735,82,351,776,14639,2938,380,6297
985,8786,985.2678077899014,99489,81,42,374,133,118602,69582,1.8915055935832101,30,26,15826,15902,13954,7301,19733,26594,48538,36050,33821,24690,465,355,1247,3991,13371,42997,2313,55,191,6296,2729,82,350,777,14650,2938,382,6300
986,8786,986.0147034573745,99489,74,45,374,133,118607,69589,1.8916262099327563,37,24,15884,15989,13913,7278,19716,26529,48538,36050,33842,24728,464,355,1245,3988,13349,43026,2313,56,191,6284,2724,82,349,778,14660,2938,383,6304
987,8786,987.1359957374304,99489,73,43,374,133,118616,69596,1.8917870317321512,37,22,15989,16099,13851,7252,19674,26449,48538,36050,33862,24764,463,355,1243,3986,13323,43059,2313,57,191,6270,2719,82,349,778,14669,2940,383,6309
988,8786,988.2597330918337,99489,67,43,374,133,118627,69602,1.8919579048940083,37,23,16086,16213,13801,7217,19633,26369,48538,36050,33881,24799,463,355,1241,3983,13300,43089,2313,57,192,6259,2713,82,349,778,14677,2941,384,6313
989,8786,989.0101956412888,99489,68,37,374,133,118633,69604,1.8920383157937057,40,24,16151,16290,13751,7198,19614,26316,48538,36050,33900,24833,463,355,1237,3983,13285,43107,2313,57,192,6246,2709,82,347,779,14688,2945,386,6315
990,8786,990.1375501806908,99489,70,42,374,133,118644,69610,1.892209188955563,38,24,16272,16384,13687,7170,19557,26245,48538,36050,33918,24865,463,355,1234,3980,13267,43129,2313,57,192,6238,2705,82,347,779,14695,2948,386,6319
991,8786,991.2678030528767,99489,70,46,374,133,118657,69618,1.8924202675672688,36,21,16361,16498,13632,7130,19525,26170,48538,36050,33935,24896,463,355,1233,3979,13255,43148,2311,57,192,6226,2702,82,346,780,14703,2949,388,6320
992,8786,992.2824088012234,99489,68,48,374,133,118665,69622,1.892540883916815,33,23,16467,16613,13581,7097,19475,26084,48538,36050,33951,24926,462,355,1232,3978,13239,43167,2311,58,191,6216,2699,82,346,780,14712,2950,389,6322
993,8786,993.0388852263416,99489,71,46,374,133,118672,69625,1.8926413975414367,28,22,16536,16688,13541,7077,19448,26032,48538,36050,33967,24955,462,355,1230,3978,13226,43181,2311,58,192,6201,2695,82,346,780,14726,2952,391,6323
994,8786,994.1756049787041,99489,69,47,374,133,118682,69635,1.8928424247906803,27,17,16628,16803,13500,7048,19400,25950,48538,36050,33982,24983,462,355,1230,3978,13213,43198,2311,58,192,6188,2692,82,345,781,14735,2952,392,6325
995,8786,995.3287179177793,99489,65,47,374,133,118691,69637,1.8929529897777644,23,19,16745,16931,13440,7010,19351,25858,48538,36050,33997,25010,461,355,1228,3980,13200,43216,2309,59,193,6178,2687,82,343,783,14741,2954,391,6329
996,8786,996.2699340150483,99489,66,48,374,133,118697,69640,1.893043452039924,23,18,16793,16986,13403,6993,19339,25820,48538,36050,34011,25036,460,354,1226,3982,13183,43234,2308,60,193,6168,2683,82,342,784,14750,2956,391,6333
997,8786,997.041871789616,99489,67,50,374,133,118706,69644,1.8931741197519323,19,16,16880,17061,13358,6971,19300,25767,48538,36050,34024,25061,460,354,1224,3980,13176,43246,2308,60,193,6155,2682,82,342,784,14761,2957,392,6333
998,8786,998.1904467938596,99489,59,49,374,133,118709,69652,1.8932846847390163,24,12,16977,17185,13314,6949,19250,25670,48538,36050,34037,25085,460,354,1222,3979,13163,43267,2308,59,192,6143,2681,82,342,784,14771,2955,395,6332
999,8786,999.2428497779506,99489,56,43,374,133,118713,69655,1.8933550442762517,27,10,17060,17275,13271,6933,19210,25604,48538,36050,34049,25108,460,354,1221,3977,13152,43284,2308,59,193,6136,2674,82,341,784,14777,2955,398,6334
1000,8786,1000.0560293775595,99489,58,41,374,133,118719,69658,1.8934455065384113,25,11,17118,17375,13229,6912,19194,25526,48538,36050,34061,25131,460,354,1220,3978,13140,43300,2307,59,194,6129,2670,82,340,785,14781,2955,398,6337
1001,8786,1001.0952026437491,99489,56,39,374,133,118725,69661,1.8935359688005708,27,12,17219,17472,13175,6889,19147,25453,48538,36050,34073,25153,460,354,1218,3977,13129,43315,2307,59,194,6124,2666,82,340,784,14784,2957,399,6340
1002,8786,1002.0590888120065,99489,50,38,374,133,118730,69666,1.8936364824251928,24,11,17322,17575,13130,6864,19098,25377,48538,36050,34084,25174,460,354,1218,3976,13112,43335,2306,59,194,6115,2664,82,340,784,14792,2957,403,6338
1003,8786,1003.3102445503007,99489,50,35,374,133,118742,69667,1.893767150137201,19,15,17469,17737,13066,6825,19020,25253,48538,36050,34095,25194,459,354,1214,3975,13105,43349,2305,60,196,6109,2660,82,340,784,14796,2958,403,6340
1004,8786,1004.10307593261,99489,44,37,374,133,118743,69671,1.893817406949512,18,11,17507,17786,13043,6818,19012,25213,48538,36050,34105,25214,459,354,1212,3974,13094,43364,2305,60,196,6104,2658,82,340,784,14800,2958,403,6342
1005,8786,1005.0044732554734,99489,42,36,374,133,118747,69672,1.8938676637618228,17,12,17588,17856,12995,6801,18982,25160,48538,36050,34115,25233,459,354,1211,3974,13084,43375,2305,60,196,6098,2656,82,340,784,14805,2959,403,6344
1006,8786,1006.1236856941949,99489,39,31,374,133,118750,69675,1.893927971936596,19,16,17702,17986,12930,6770,18934,25062,48538,36050,34125,25251,459,354,1209,3975,13075,43386,2303,60,195,6094,2651,82,340,784,14809,2961,407,6345
1007,8786,1007.255542266709,99489,38,28,374,133,118753,69679,1.8939983314738313,18,15,17827,18082,12867,6750,18874,24990,48538,36050,34134,25269,459,354,1209,3974,13067,43402,2303,60,195,6085,2649,82,339,785,14812,2961,407,6346
1008,8786,1008.0863695745768,99489,35,26,374,133,118759,69680,1.8940686910110665,14,17,17966,18192,12808,6718,18801,24912,48538,36050,34143,25286,459,354,1208,3973,13066,43407,2302,60,195,6075,2647,82,339,785,14820,2962,407,6348
1009,8786,1009.1224667073744,99489,36,27,374,133,118762,69683,1.8941289991858397,18,16,18035,18269,12764,6704,18771,24849,48538,36050,34152,25303,459,354,1208,3973,13061,43415,2302,60,195,6067,2646,82,338,786,14825,2962,407,6349
1010,8786,1010.0115590258838,99489,34,26,374,133,118763,69684,1.894149101910764,18,16,18122,18356,12721,6686,18729,24781,48538,36050,34160,25319,459,354,1207,3974,13050,43427,2301,60,195,6060,2645,82,338,786,14831,2963,407,6350
1011,8786,1011.0899592786512,99489,27,26,374,133,118766,69690,1.8942395641729237,19,13,18224,18464,12683,6665,18671,24697,48538,36050,34168,25335,459,354,1207,3972,13045,43440,2301,60,195,6053,2643,81,337,787,14834,2962,408,6351
1012,8786,1012.1087163199063,99489,31,24,374,133,118773,69694,1.8943501291600076,17,9,18333,18574,12625,6646,18618,24612,48538,36050,34176,25350,459,354,1206,3971,13038,43454,2301,60,194,6047,2641,81,336,786,14838,2961,409,6353
1013,8786,1013.0429114136506,99489,29,25,374,133,118775,69697,1.8944003859723186,21,7,18385,18621,12593,6627,18596,24585,48538,36050,34183,25365,459,354,1204,3971,13030,43466,2301,60,195,6044,2637,81,336,786,14837,2963,409,6356
1014,8786,1014.2199132963538,99489,33,18,374,133,118783,69697,1.894480796872016,20,9,18496,18725,12538,6603,18537,24510,48538,36050,34190,25379,459,354,1204,3971,13025,43474,2301,60,195,6038,2635,81,336,786,14841,2962,412,6355
1015,8786,1015.3297541525869,99489,33,16,374,133,118788,69697,1.894531053684327,18,12,18624,18848,12469,6575,18480,24414,48538,36050,34197,25393,459,354,1203,3970,13021,43483,2301,60,195,6033,2633,81,335,787,14843,2962,412,6357
1016,8786,1016.1535517293671,99489,34,17,374,133,118793,69698,1.8945913618591,14,13,18709,18924,12434,6559,18433,24352,48538,36050,34204,25406,459,354,1202,3970,13016,43489,2301,60,195,6030,2631,81,335,787,14845,2963,414,6357
1017,8786,1017.1418035514889,99489,33,19,374,133,118799,69702,1.8946918754837219,10,10,18804,19018,12389,6539,18388,24279,48538,36050,34211,25419,459,354,1200,3967,13015,43494,2301,60,196,6027,2628,81,335,787,14848,2964,414,6359
1018,8786,1018.0086659003177,99489,34,17,374,133,118803,69704,1.8947521836584948,9,8,18894,19124,12341,6516,18346,24200,48538,36050,34217,25432,459,354,1200,3967,13007,43505,2301,60,195,6024,2627,81,335,786,14850,2964,414,6360
1019,8786,1019.2780358698369,99489,29,17,374,133,118804,69707,1.8947923891083436,12,14,19041,19280,12265,6482,18277,24072,48538,36050,34223,25444,459,354,1200,3967,12999,43515,2301,60,195,6021,2626,81,335,785,14852,2964,416,6359
1020,8786,1020.1076011164619,99489,29,15,374,133,118804,69707,1.8947923891083436,14,15,19079,19328,12243,6469,18259,24038,48538,36050,34229,25456,459,354,1198,3967,12995,43520,2301,60,195,6018,2625,81,335,785,14854,2966,416,6360
1021,8786,1021.131463672691,99489,30,18,374,133,118808,69711,1.894872800008041,14,15,19164,19409,12210,6455,18206,23968,48538,36050,34235,25467,459,354,1196,3967,12994,43523,2301,60,195,6015,2623,81,332,787,14856,2968,416,6362
1022,8786,1022.070830213038,99489,28,19,374,133,118811,69714,1.8949331081828142,13,13,19252,19494,12164,6431,18167,23908,48538,36050,34241,25478,459,354,1196,3967,12989,43531,2300,60,196,6013,2621,81,332,787,14856,2968,416,6363
1023,8786,1023.0179975583146,99489,29,19,374,133,118817,69719,1.895043673169898,10,10,19344,19585,12122,6417,18119,23834,48538,36050,34246,25489,459,353,1196,3969,12983,43539,2299,60,197,6011,2617,81,332,787,14856,2968,417,6365
1024,8786,1024.0082901541614,99489,29,20,374,133,118819,69723,1.8951039813446713,9,10,19444,19685,12082,6397,18060,23753,48538,36050,34251,25499,459,352,1196,3970,12976,43549,2299,60,197,6008,2615,81,332,787,14856,2968,417,6367
1025,8786,1025.2760213202591,99489,25,23,374,133,118824,69727,1.8951944436068309,8,7,19582,19860,12031,6351,17978,23624,48538,36050,34256,25509,459,352,1196,3970,12966,43562,2299,60,197,6007,2615,81,332,787,14854,2968,417,6367
1026,8786,1026.2737855300327,99489,25,23,374,133,118827,69729,1.8952447004191417,7,6,19627,19909,12013,6343,17952,23584,48538,36050,34261,25519,459,352,1196,3970,12957,43573,2299,60,197,6004,2615,81,332,787,14855,2968,419,6365
1027,8786,1027.1704660665114,99489,23,19,374,133,118832,69731,1.895315059956377,7,7,19726,19996,11974,6327,17894,23516,48538,36050,34266,25529,458,352,1195,3971,12947,43586,2298,61,197,6003,2614,81,332,787,14854,2968,420,6365
1028,8786,1028.0816722569518,99489,19,19,374,133,118833,69734,1.8953552654062258,10,5,19805,20086,11942,6306,17848,23449,48538,36050,34271,25538,458,352,1194,3971,12940,43595,2298,61,196,6000,2612,81,332,787,14855,2969,421,6367
1029,8786,1029.3176518300356,99489,17,19,374,133,118834,69736,1.8953854194936124,10,4,19878,20176,11918,6283,17801,23383,48538,36050,34275,25547,458,352,1194,3972,12933,43603,2297,61,196,6000,2611,81,332,787,14854,2969,421,6368
1030,8786,1030.0076012201052,99489,20,19,374,133,118837,69738,1.8954356763059232,7,6,19932,20241,11889,6272,17776,23327,48538,36050,34279,25556,458,352,1192,3972,12931,43606,2297,61,196,5997,2611,81,332,787,14857,2970,421,6368
1031,8786,1031.0298066530463,99489,17,17,374,133,118841,69740,1.8954959844806964,6,6,20045,20380,11839,6244,17717,23218,48538,36050,34283,25564,458,352,1191,3974,12926,43612,2296,60,197,5994,2609,81,332,787,14859,2971,422,6368
1032,8786,1032.292847213801,99489,16,15,374,133,118844,69742,1.8955462412930073,4,4,20163,20483,11787,6223,17654,23140,48538,36050,34287,25572,458,352,1191,3975,12920,43618,2295,60,198,5990,2608,81,332,787,14863,2971,423,6367
1033,8786,1033.1434751719828,99489,12,12,374,133,118844,69742,1.8955462412930073,7,5,20250,20555,11745,6204,17610,23089,48538,36050,34291,25580,458,352,1191,3975,12917,43624,2294,60,198,5986,2607,81,332,787,14866,2970,423,6368
1034,8786,1034.3076474239072,99489,9,9,374,133,118845,69743,1.8955663440179316,9,8,20365,20667,11698,6179,17543,23002,48538,36050,34295,25588,458,352,1189,3975,12913,43631,2294,60,200,5982,2605,81,331,788,14868,2971,424,6367
1035,8786,1035.0160278827327,99489,10,11,374,133,118846,69745,1.8955964981053182,8,7,20416,20726,11669,6171,17521,22950,48538,36050,34299,25596,458,352,1189,3975,12907,43637,2294,60,200,5978,2604,81,331,788,14872,2971,424,6368
1036,8786,1036.198976186353,99489,10,8,374,133,118848,69745,1.8956166008302426,9,7,20526,20819,11632,6157,17447,22874,48538,36050,34303,25603,458,352,1189,3974,12900,43646,2294,60,200,5978,2604,81,331,788,14871,2971,425,6367
1037,8786,1037.3172049998625,99489,8,7,374,133,118849,69747,1.895646754917629,10,5,20629,20917,11583,6135,17394,22801,48538,36050,34307,25610,457,352,1189,3975,12901,43648,2293,61,201,5974,2602,81,331,788,14872,2971,425,6368
1038,8786,1038.1903943549382,99489,10,8,374,133,118851,69748,1.8956769090050156,12,5,20730,21013,11532,6116,17340,22723,48538,36050,34310,25617,457,352,1188,3975,12898,43651,2293,61,201,5971,2602,81,331,788,14875,2972,425,6368
1039,8786,1039.1591729948805,99489,12,8,374,133,118854,69749,1.8957171144548643,9,6,20793,21080,11505,6101,17305,22670,48538,36050,34313,25624,457,352,1188,3975,12894,43656,2293,61,201,5967,2602,81,331,788,14878,2972,425,6368
1040,8786,1040.0556954658748,99489,12,8,374,133,118856,69750,1.895747268542251,8,6,20879,21165,11464,6082,17261,22604,48538,36050,34316,25631,457,352,1188,3975,12886,43664,2293,61,202,5967,2599,81,331,788,14878,2972,425,6370
1041,8786,1041.0445332277213,99489,16,11,374,133,118862,69753,1.8958377308044105,5,3,20963,21271,11419,6061,17221,22519,48538,36050,34319,25637,457,352,1188,3975,12881,43669,2293,61,202,5963,2598,81,331,788,14882,2972,425,6371
1042,8786,1042.2471562178362,99489,13,11,374,133,118862,69754,1.8958477821668727,7,2,21086,21404,11366,6029,17152,22419,48538,36050,34322,25643,456,352,1188,3975,12878,43673,2293,62,202,5959,2597,81,331,788,14885,2972,425,6372
1043,8786,1043.0089495457728,99489,15,10,374,133,118866,69755,1.8958980389791835,3,1,21117,21450,11352,6018,17137,22386,48538,36050,34325,25649,456,352,1187,3974,12879,43675,2293,62,202,5957,2596,81,330,788,14886,2973,425,6373
1044,8786,1044.230981452622,99489,15,8,374,133,118868,69756,1.8959281930665701,5,1,21276,21578,11292,5993,17036,22285,48538,36050,34328,25655,456,352,1187,3974,12877,43680,2293,62,202,5956,2596,81,329,789,14885,2972,425,6373
1045,8786,1045.2813946441383,99489,14,9,374,133,118868,69757,1.8959382444290322,7,1,21356,21664,11256,5971,16991,22220,48538,36050,34331,25661,456,352,1187,3974,12875,43682,2293,62,202,5952,2594,81,329,789,14889,2972,425,6375
1046,8786,1046.1997961589598,99489,14,8,374,133,118868,69757,1.8959382444290322,7,1,21417,21723,11223,5961,16963,22172,48538,36050,34334,25667,456,352,1187,3974,12875,43683,2293,62,202,5948,2594,81,329,788,14893,2972,425,6375
1047,8786,1047.1232988553127,99489,11,8,374,133,118868,69757,1.8959382444290322,7,1,21525,21837,11172,5943,16909,22076,48538,36050,34337,25672,456,352,1187,3974,12873,43686,2293,62,202,5946,2594,81,328,788,14895,2972,426,6374
1048,8786,1048.2237464915477,99489,11,6,374,133,118869,69757,1.8959482957914946,7,2,21625,21934,11136,5927,16845,21996,48538,36050,34340,25677,455,352,1187,3974,12872,43688,2293,63,202,5943,2593,81,328,788,14897,2972,426,6375
1049,8786,1049.2364052581086,99489,13,6,374,133,118871,69758,1.895978449878881,7,1,21700,22012,11099,5910,16805,21936,48538,36050,34343,25682,455,352,1186,3974,12869,43691,2293,63,202,5942,2592,81,328,788,14898,2973,426,6376
1050,8786,1050.2266415556255,99489,14,5,374,133,118874,69758,1.8960086039662676,5,4,21799,22118,11055,5885,16751,21853,48538,36050,34345,25687,455,352,1186,3973,12867,43694,2293,63,202,5942,2590,81,328,788,14898,2973,427,6377
1051,8786,1051.0035142471609,99489,13,6,374,133,118874,69759,1.8960186553287297,6,3,21848,22185,11029,5867,16728,21804,48538,36050,34347,25692,455,352,1186,3973,12865,43696,2293,63,202,5941,2589,81,328,788,14899,2973,427,6378
1052,8786,1052.056309057411,99489,13,7,374,133,118876,69761,1.8960588607785784,5,1,21955,22297,10977,5833,16674,21727,48538,36050,34349,25697,455,352,1186,3972,12865,43697,2293,63,202,5938,2589,81,328,788,14902,2973,427,6378
1053,8786,1053.1295495062554,99489,13,5,374,133,118878,69762,1.896089014865965,5,1,22033,22379,10953,5818,16620,21662,48538,36050,34351,25702,455,352,1186,3971,12864,43701,2293,63,202,5936,2589,81,328,788,14902,2973,427,6378
1054,8786,1054.0827881440987,99489,13,4,374,133,118879,69762,1.8960990662284272,7,2,22131,22467,10912,5795,16561,21597,48538,36050,34353,25707,455,352,1186,3971,12860,43705,2293,63,203,5935,2587,81,328,788,14903,2973,427,6379
1055,8786,1055.0799470020038,99489,11,3,374,133,118880,69762,1.8961091175908895,6,2,22212,22552,10872,5774,16523,21534,48538,36050,34355,25711,455,352,1186,3972,12858,43708,2292,63,203,5935,2585,81,328,788,14902,2973,427,6381
1056,8786,1056.0434548315286,99489,13,4,374,133,118883,69763,1.8961493230407382,4,1,22307,22644,10828,5757,16472,21459,48538,36050,34357,25715,455,352,1186,3972,12856,43710,2292,63,203,5934,2584,81,328,788,14903,2973,427,6382
1057,8786,1057.138944473423,99489,9,3,374,133,118883,69763,1.8961493230407382,4,1,22405,22755,10788,5735,16418,21371,48538,36050,34359,25719,455,352,1186,3972,12857,43710,2292,63,203,5932,2583,81,327,789,14904,2973,427,6383
1058,8786,1058.2757129846889,99489,9,4,374,133,118884,69764,1.8961694257656625,3,3,22499,22843,10753,5722,16360,21293,48538,36050,34361,25723,455,352,1186,3972,12854,43713,2292,63,203,5931,2582,81,327,789,14905,2973,427,6384
1059,8786,1059.0065125047195,99489,10,3,374,133,118885,69764,1.8961794771281246,4,4,22589,22939,10717,5698,16304,21221,48538,36050,34363,25727,455,352,1186,3972,12851,43716,2292,63,203,5930,2582,81,327,789,14906,2973,427,6384
1060,8786,1060.0532889271337,99489,11,4,374,133,118887,69766,1.8962196825779734,2,2,22658,22992,10689,5692,16264,21175,48538,36050,34365,25731,455,352,1185,3972,12847,43721,2292,63,203,5930,2581,81,327,789,14905,2974,427,6385
1061,8786,1061.2900816301599,99489,9,5,374,133,118888,69767,1.8962397853028978,5,2,22776,23126,10647,5669,16187,21063,48538,36050,34367,25735,455,352,1185,3970,12846,43724,2292,63,203,5930,2580,81,327,789,14905,2974,427,6386
1062,8786,1062.1562821520572,99489,10,4,374,133,118890,69767,1.896259888027822,5,3,22880,23207,10606,5650,16123,21001,48538,36050,34369,25739,455,352,1185,3970,12844,43726,2292,63,203,5928,2580,81,326,790,14907,2974,428,6385
1063,8786,1063.2501416672783,99489,12,5,374,133,118893,69768,1.8963000934776708,4,2,23002,23308,10555,5626,16051,20924,48538,36050,34371,25743,455,352,1184,3969,12843,43728,2292,63,203,5927,2580,81,326,790,14908,2975,428,6385
1064,8786,1064.0826287304633,99489,12,4,374,133,118894,69768,1.8963101448401332,3,2,23046,23356,10536,5619,16027,20884,48538,36050,34373,25747,455,352,1184,3968,12843,43729,2292,63,204,5923,2579,81,326,790,14912,2975,428,6385
1065,8786,1065.1165561196103,99489,13,4,374,133,118896,69769,1.8963402989275195,1,1,23133,23451,10500,5597,15977,20812,48538,36050,34375,25751,455,352,1184,3967,12842,43731,2292,63,204,5920,2579,81,326,790,14915,2975,429,6384
1066,8786,1066.2501607439935,99489,11,3,374,133,118896,69769,1.8963402989275195,1,2,23250,23566,10458,5570,15904,20724,48538,36050,34377,25754,455,352,1184,3967,12839,43735,2292,63,205,5919,2578,81,326,790,14915,2975,429,6384
1067,8786,1067.128480596167,99489,11,4,374,133,118897,69770,1.896360401652444,1,1,23302,23632,10438,5551,15872,20677,48538,36050,34379,25757,455,352,1184,3967,12839,43735,2292,63,205,5915,2578,81,326,790,14919,2975,429,6384
1068,8786,1068.1069218447922,99489,11,3,374,133,118898,69770,1.8963704530149061,0,3,23417,23718,10389,5539,15807,20602,48538,36050,34381,25760,455,352,1184,3967,12836,43740,2292,63,205,5915,2578,81,326,790,14918,2974,429,6384
1069,8786,1069.2744326763182,99489,10,3,374,133,118898,69770,1.8963704530149061,0,3,23525,23818,10351,5523,15738,20518,48538,36050,34383,25763,455,352,1184,3967,12836,43740,2292,63,205,5913,2577,81,326,790,14920,2974,430,6384
1070,8786,1070.2149056291016,99489,10,3,374,133,118898,69770,1.8963704530149061,1,5,23603,23907,10317,5504,15693,20446,48538,36050,34385,25766,455,352,1184,3967,12833,43743,2292,63,205,5913,2577,81,326,790,14920,2974,430,6384
1071,8786,1071.233828242791,99489,7,4,374,133,118898,69771,1.8963805043773683,2,4,23660,23970,10297,5488,15658,20399,48538,36050,34387,25769,455,352,1184,3967,12828,43748,2292,63,205,5913,2577,81,326,790,14920,2974,430,6384
1072,8786,1072.0154765293441,99489,6,5,374,133,118899,69772,1.8964006071022927,1,4,23752,24060,10260,5465,15605,20331,48538,36050,34389,25772,455,352,1183,3967,12826,43750,2292,63,205,5912,2577,81,326,790,14921,2975,430,6384
1073,8786,1073.0748605475346,99489,7,5,374,133,118900,69773,1.896420709827217,1,4,23840,24152,10224,5435,15552,20269,48538,36050,34391,25775,455,352,1183,3967,12825,43752,2292,63,205,5911,2576,81,326,790,14921,2975,430,6385
1074,8786,1074.1520841773415,99489,6,6,374,133,118901,69774,1.8964408125521415,0,3,23915,24208,10189,5425,15514,20223,48538,36050,34392,25778,455,351,1183,3968,12824,43753,2292,63,205,5910,2576,81,326,790,14922,2975,430,6385
1075,8786,1075.1221231575478,99489,5,7,374,133,118902,69777,1.8964810180019902,0,0,24005,24325,10157,5405,15457,20128,48538,36050,34393,25781,455,351,1183,3968,12825,43754,2292,63,205,5909,2576,81,326,790,14922,2975,429,6385
1076,8786,1076.2657786918753,99489,5,7,374,133,118902,69777,1.8964810180019902,0,0,24132,24438,10095,5377,15392,20043,48538,36050,34394,25784,455,351,1183,3968,12824,43755,2292,63,205,5908,2576,81,325,791,14923,2975,429,6385
1077,8786,1077.022659864096,99489,5,6,374,133,118902,69777,1.8964810180019902,1,1,24204,24499,10065,5363,15349,19996,48538,36050,34395,25787,455,351,1182,3968,12822,43757,2292,63,205,5908,2576,81,325,791,14923,2976,429,6385
1078,8786,1078.0793370049118,99489,7,7,374,133,118904,69778,1.8965111720893768,1,3,24282,24566,10022,5352,15312,19937,48538,36050,34396,25790,455,351,1182,3968,12821,43758,2292,63,205,5908,2575,81,325,791,14923,2976,429,6386
1079,8786,1079.1969991273354,99489,5,5,374,133,118904,69778,1.8965111720893768,2,3,24384,24665,9981,5337,15252,19855,48538,36050,34397,25793,455,351,1182,3968,12819,43763,2292,63,205,5905,2575,81,325,791,14925,2974,429,6386
1080,8786,1080.0336168094536,99489,3,3,374,133,118904,69778,1.8965111720893768,2,3,24449,24730,9961,5328,15209,19801,48538,36050,34398,25796,455,351,1182,3968,12818,43765,2292,63,206,5904,2573,81,325,791,14925,2974,429,6387
1081,8786,1081.034309279338,99489,3,5,374,133,118905,69780,1.8965413261767632,1,2,24533,24815,9927,5306,15160,19737,48538,36050,34399,25799,455,351,1182,3969,12817,43766,2291,63,206,5902,2573,81,325,791,14927,2974,429,6387
1082,8786,1082.022210801447,99489,1,1,374,133,118905,69780,1.8965413261767632,2,2,24598,24915,9903,5293,15120,19654,48538,36050,34400,25801,455,351,1182,3968,12818,43768,2291,63,206,5900,2573,81,325,791,14927,2974,431,6385
1083,8786,1083.2059203011822,99489,1,1,374,133,118905,69780,1.8965413261767632,2,2,24717,24995,9854,5276,15050,19591,48538,36050,34401,25803,455,351,1182,3968,12815,43771,2291,63,206,5900,2573,81,325,791,14927,2974,431,6385
1084,8786,1084.1011142672724,99489,2,2,374,133,118906,69781,1.8965614289016877,1,1,24786,25062,9827,5263,15008,19537,48538,36050,34402,25805,455,351,1182,3968,12813,43773,2291,63,206,5899,2573,81,325,791,14928,2974,431,6385
1085,8786,1085.191984143106,99489,3,2,374,133,118907,69781,1.8965714802641498,1,1,24879,25135,9781,5252,14960,19475,48538,36050,34403,25807,455,351,1182,3968,12811,43775,2291,63,206,5899,2573,81,325,791,14928,2974,431,6385
1086,8786,1086.2469440636248,99489,1,1,374,133,118907,69781,1.8965714802641498,2,1,24973,25227,9751,5234,14897,19402,48538,36050,34404,25809,455,351,1182,3968,12810,43776,2291,63,206,5899,2573,81,325,791,14928,2974,431,6385
1087,8786,1087.143492860982,99489,0,0,374,133,118907,69781,1.8965714802641498,2,1,25071,25320,9712,5208,14839,19336,48538,36050,34405,25811,455,351,1182,3968,12810,43776,2291,63,206,5898,2572,81,325,791,14929,2974,431,6386
1088,8786,1088.0259264837357,99489,0,0,374,133,118907,69781,1.8965714802641498,2,1,25142,25386,9683,5189,14797,19289,48538,36050,34406,25813,455,351,1182,3968,12809,43777,2291,63,206,5897,2571,81,325,791,14930,2974,431,6387
1089,8786,1089.2764506170347,99489,2,1,374,133,118909,69782,1.8966016343515364,0,1,25223,25483,9652,5164,14747,19216,48538,36050,34407,25815,455,351,1182,3968,12808,43778,2291,63,206,5895,2571,81,325,791,14932,2974,431,6387
1090,8786,1090.153601148038,99489,2,1,374,133,118909,69782,1.8966016343515364,0,1,25286,25569,9621,5142,14715,19152,48538,36050,34408,25817,455,351,1182,3968,12806,43780,2291,63,206,5895,2571,81,325,791,14932,2974,431,6387
1091,8786,1091.0285177433545,99489,2,1,374,133,118909,69782,1.8966016343515364,0,1,25358,25628,9587,5129,14677,19106,48538,36050,34409,25819,455,351,1182,3968,12805,43781,2291,63,206,5894,2571,81,325,791,14933,2974,431,6387
1092,8786,1092.1912426228077,99489,2,1,374,133,118909,69782,1.8966016343515364,0,1,25455,25719,9544,5110,14623,19034,48538,36050,34410,25821,455,351,1182,3968,12804,43782,2291,63,206,5892,2571,81,325,791,14935,2974,431,6387
1093,8786,1093.0603797941858,99489,2,1,374,133,118909,69782,1.8966016343515364,1,1,25531,25787,9512,5095,14578,18981,48538,36050,34411,25823,455,351,1182,3968,12803,43783,2291,63,206,5892,2570,81,325,791,14935,2974,431,6388
1094,8786,1094.2151761730515,99489,3,2,374,133,118910,69783,1.8966217370764606,0,0,25633,25874,9477,5072,14511,18917,48538,36050,34412,25825,455,351,1182,3968,12803,43783,2291,63,206,5892,2570,81,324,792,14935,2974,431,6388
