,indexID,time,N,Inf_L,Inf_H,Dead_L,Dead_H,cum_cases_L,cum_cases_H,cum_sum_per_N,Exposed_L,Exposed_H,Sus_L,Sus_H,Rec_nat_L,Rec_nat_H,Rec_vax_L,Rec_vax_H,vaccinatedH,vaccinatedL,boostedH,boostedL,count_Naive,count_Delta,count_Delta_vaccine,count_two,count_three,count_four,count_Omicron,count_Omicron_star,count_Omicron_star_vaccine,count_Omicron_vaccine,count_Vaccine,count_WT,count_WT_vaccine,count_WT_vaccine_boost,count_Omicron_vaccine_boost,count_Delta_vaccine_boost,count_Omicron_star_vaccine_boost,count_Vaccine_boost
0,11747,1.0444708707822965,99998,7,5,0,0,9,7,0.0001600032000640013,18,19,49972,49973,2,2,0,0,0,0,0,0,99994,0,0,0,0,0,0,0,0,0,0,4,0,0,0,0,0,0
1,11747,2.0128530852264492,99998,13,13,0,0,15,15,0.0003000060001200024,15,13,49969,49971,2,2,0,0,0,0,0,0,99994,0,0,0,0,0,0,0,0,0,0,4,0,0,0,0,0,0
2,11747,3.056510560557969,99998,13,12,0,0,17,17,0.0003400068001360027,16,13,49966,49969,4,5,0,0,0,0,0,0,99989,0,0,0,0,0,0,0,0,0,0,9,0,0,0,0,0,0
3,11747,4.037159040112067,99998,15,15,0,0,22,21,0.00043000860017200347,13,10,49964,49968,7,6,0,0,0,0,0,0,99985,0,0,0,0,0,0,0,0,0,0,13,0,0,0,0,0,0
4,11747,5.006885129497519,99998,15,13,0,0,24,22,0.0004600092001840037,12,9,49963,49968,9,9,0,0,0,0,0,0,99980,0,0,0,0,0,0,0,0,0,0,18,0,0,0,0,0,0
5,11747,6.000617756254979,99998,16,14,0,0,26,24,0.000500010000200004,18,8,49955,49967,10,10,0,0,0,0,0,0,99978,0,0,0,0,0,0,0,0,0,0,20,0,0,0,0,0,0
6,11747,7.034749050141066,99998,20,14,0,0,32,26,0.0005800116002320047,15,7,49952,49966,12,12,0,0,0,0,0,0,99974,0,0,0,0,0,0,0,0,0,0,24,0,0,0,0,0,0
7,11747,8.028916602973103,99998,18,14,0,0,34,27,0.0006100122002440049,14,6,49951,49967,16,12,0,0,0,0,0,0,99969,0,0,0,0,0,0,0,0,0,0,29,0,0,0,0,0,0
8,11747,9.030096858206152,99998,19,13,0,0,38,28,0.0006600132002640052,13,7,49948,49965,19,14,0,0,0,0,0,0,99964,0,0,0,0,0,0,0,0,0,0,34,0,0,0,0,0,0
9,11747,10.014907794599033,99998,20,14,0,0,44,30,0.0007400148002960059,13,8,49942,49962,24,15,0,0,0,0,0,0,99958,0,0,0,0,0,0,0,0,0,0,40,0,0,0,0,0,0
10,11747,11.056224846393778,99998,21,14,0,0,49,33,0.0008200164003280065,14,6,49936,49961,28,18,0,0,0,0,0,0,99951,0,0,0,0,0,0,0,0,0,0,47,0,0,0,0,0,0
11,11747,12.013367811752115,99998,21,14,0,0,53,34,0.000870017400348007,15,5,49931,49961,32,19,0,0,0,0,0,0,99946,0,0,0,0,0,0,0,0,0,0,52,0,0,0,0,0,0
12,11747,13.028131810163275,99998,21,14,0,0,58,34,0.0009200184003680074,16,6,49925,49960,37,19,0,0,0,0,0,0,99941,0,0,0,0,0,0,0,0,0,0,57,0,0,0,0,0,0
13,11747,14.021391825513916,99998,19,14,0,0,59,35,0.0009400188003760075,16,5,49924,49960,40,20,0,0,0,0,0,0,99937,0,0,0,0,0,0,0,0,0,0,61,0,0,0,0,0,0
14,11747,15.132796977411122,99998,23,16,0,0,65,38,0.0010300206004120083,14,5,49920,49957,42,21,0,0,0,0,0,0,99934,0,0,0,0,0,0,0,0,0,0,64,0,0,0,0,0,0
15,11747,16.00265303288775,99998,25,16,0,0,70,40,0.001100022000440009,12,6,49917,49954,45,23,0,0,0,0,0,0,99929,0,0,0,0,0,0,0,0,0,0,69,0,0,0,0,0,0
16,11747,17.034719746528495,99998,24,15,0,0,71,43,0.001140022800456009,12,4,49916,49953,47,27,0,0,0,0,0,0,99923,0,0,0,0,0,0,0,0,0,0,75,0,0,0,0,0,0
17,11747,18.119750162142548,99998,23,13,0,0,75,43,0.0011800236004720095,12,6,49912,49951,52,29,0,0,0,0,0,0,99916,0,0,0,0,0,0,0,0,0,0,82,0,0,0,0,0,0
18,11747,19.161874043276793,99998,26,12,0,0,80,43,0.0012300246004920098,12,8,49907,49950,54,29,0,0,0,0,0,0,99913,0,0,0,0,0,0,0,0,0,0,85,0,0,0,0,0,0
19,11747,20.162772235292024,99998,26,12,0,0,87,45,0.0013200264005280105,8,7,49905,49949,60,31,0,0,0,0,0,0,99904,0,0,0,0,0,0,0,0,0,0,94,0,0,0,0,0,0
20,11747,21.083648443666693,99998,26,13,0,0,92,48,0.0014000280005600112,7,7,49901,49946,65,33,0,0,0,0,0,0,99897,0,0,0,0,0,0,0,0,0,0,101,0,0,0,0,0,0
21,11747,22.122421489226262,99998,27,13,0,0,97,50,0.0014700294005880118,8,5,49896,49946,68,35,0,0,0,0,0,0,99891,0,0,0,0,0,0,0,0,0,0,107,0,0,0,0,0,0
22,11747,23.0718192558432,99998,25,10,0,0,100,50,0.001500030000600012,9,6,49892,49946,73,37,0,0,0,0,0,0,99883,0,0,0,0,0,0,0,0,0,0,115,0,0,0,0,0,0
23,11747,24.001339025755183,99998,26,8,0,0,104,51,0.0015500310006200124,11,8,49886,49943,76,40,0,0,0,0,0,0,99877,0,0,0,0,0,0,0,0,0,0,121,0,0,0,0,0,0
24,11747,25.02369076198203,99998,23,7,0,0,105,54,0.0015900318006360128,11,6,49885,49942,80,44,0,0,0,0,0,0,99869,0,0,0,0,0,0,0,0,0,0,129,0,0,0,0,0,0
25,11747,26.088678837086224,99998,23,7,0,0,108,55,0.001630032600652013,11,7,49882,49940,83,45,0,0,0,0,0,0,99865,0,0,0,0,0,0,0,0,0,0,133,0,0,0,0,0,0
26,11747,27.103020219966517,99998,23,7,0,0,113,56,0.0016900338006760136,14,7,49874,49939,88,46,0,0,0,0,0,0,99859,0,0,0,0,0,0,0,0,0,0,139,0,0,0,0,0,0
27,11747,28.138628957527455,99998,22,7,0,0,117,57,0.001740034800696014,14,9,49870,49936,93,47,0,0,0,0,0,0,99853,0,0,0,0,0,0,0,0,0,0,145,0,0,0,0,0,0
28,11747,29.06499584492245,99998,24,10,0,0,120,61,0.0018100362007240146,13,7,49869,49934,93,48,0,0,0,0,0,0,99851,0,0,0,0,0,0,0,0,0,0,147,0,0,0,0,0,0
29,11747,30.075748891274923,99998,24,11,0,0,123,63,0.0018600372007440149,17,9,49862,49930,96,49,0,0,0,0,0,0,99847,0,0,0,0,0,0,0,0,0,0,151,0,0,0,0,0,0
30,11747,31.122511018054123,99998,21,13,0,0,127,66,0.0019300386007720155,21,8,49855,49928,102,50,0,0,0,0,0,0,99839,0,0,0,0,0,0,0,0,0,0,159,0,0,0,0,0,0
31,11747,32.14226228544741,99998,23,14,0,0,130,68,0.001980039600792016,22,6,49852,49929,102,50,0,0,0,0,0,0,99837,0,0,0,0,0,0,0,0,0,0,161,0,0,0,0,0,0
32,11747,33.02307040214881,99998,31,13,0,0,139,69,0.0020800416008320164,15,6,49852,49928,101,52,0,0,0,0,0,0,99834,0,0,0,0,0,0,0,0,0,0,164,0,0,0,0,0,0
33,11747,34.06679569132873,99998,32,13,0,0,144,73,0.0021700434008680176,17,3,49846,49927,104,56,0,0,0,0,0,0,99826,0,0,0,0,0,0,0,0,0,0,172,0,0,0,0,0,0
34,11747,35.13344282645037,99998,26,10,0,0,145,73,0.0021800436008720175,20,5,49842,49925,111,59,0,0,0,0,0,0,99816,0,0,0,0,0,0,0,0,0,0,182,0,0,0,0,0,0
35,11747,36.05780491060178,99998,29,11,0,0,150,74,0.002240044800896018,15,5,49842,49924,113,59,0,0,0,0,0,0,99814,0,0,0,0,0,0,0,0,0,0,184,0,0,0,0,0,0
36,11747,37.07830857402252,99998,25,9,0,0,151,75,0.0022600452009040183,19,5,49837,49923,118,62,0,0,0,0,0,0,99806,0,0,0,0,0,0,0,0,0,0,192,0,0,0,0,0,0
37,11747,38.15810943683018,99998,27,9,0,0,155,76,0.0023100462009240184,18,6,49834,49921,120,63,0,0,0,0,0,0,99803,0,0,0,0,0,0,0,0,0,0,195,0,0,0,0,0,0
38,11747,39.05539377496193,99998,30,10,0,0,160,78,0.002380047600952019,16,8,49831,49917,122,64,0,0,0,0,0,0,99800,0,0,0,0,0,0,0,0,0,0,198,0,0,0,0,0,0
39,11747,40.05978134721773,99998,31,12,0,0,164,82,0.0024600492009840195,18,9,49826,49912,124,66,0,0,0,0,0,0,99795,0,0,0,0,0,0,0,0,0,0,203,0,0,0,0,0,0
40,11747,41.229985685760006,99998,29,14,0,0,172,86,0.0025800516010320205,21,7,49817,49910,132,68,0,0,0,0,0,0,99783,0,0,0,0,0,0,0,0,0,0,215,0,0,0,0,0,0
41,11747,42.06660105023864,99998,27,15,0,0,174,88,0.002620052401048021,25,10,49811,49905,136,69,0,0,0,0,0,0,99778,0,0,0,0,0,0,0,0,0,0,220,0,0,0,0,0,0
42,11747,43.08350359572167,99998,30,16,0,0,182,90,0.0027200544010880217,21,9,49807,49904,141,70,0,0,0,0,0,0,99772,0,0,0,0,0,0,0,0,0,0,226,0,0,0,0,0,0
43,11747,44.01286438591486,99998,31,14,0,0,187,90,0.0027700554011080222,18,10,49805,49903,145,72,0,0,0,0,0,0,99766,0,0,0,0,0,0,0,0,0,0,232,0,0,0,0,0,0
44,11747,45.081066668703734,99997,32,15,1,0,193,93,0.002860085802574077,16,10,49802,49900,148,74,0,0,0,0,0,0,99759,0,0,0,0,0,0,0,0,0,0,238,0,0,0,0,0,0
45,11747,46.02163131048621,99997,38,17,1,0,200,95,0.0029500885026550795,14,8,49798,49900,148,74,0,0,0,0,0,0,99758,0,0,0,0,0,0,0,0,0,0,239,0,0,0,0,0,0
46,11747,47.00158228496852,99997,35,15,1,0,206,96,0.0030200906027180816,14,10,49792,49897,157,77,0,0,0,0,0,0,99746,0,0,0,0,0,0,0,0,0,0,251,0,0,0,0,0,0
47,11747,48.08493587386037,99997,35,18,1,0,208,101,0.0030900927027810833,18,7,49788,49895,157,79,0,0,0,0,0,0,99742,0,0,0,0,0,0,0,0,0,0,255,0,0,0,0,0,0
48,11747,49.09795898641402,99997,39,16,1,0,215,103,0.0031800954028620857,17,10,49784,49890,158,83,0,0,0,0,0,0,99735,0,0,0,0,0,0,0,0,0,0,262,0,0,0,0,0,0
49,11747,50.138407357504775,99997,41,10,1,0,222,104,0.003260097802934088,17,12,49777,49887,163,90,0,0,0,0,0,0,99723,0,0,0,0,0,0,0,0,0,0,274,0,0,0,0,0,0
50,11747,51.15164136924014,99997,34,11,1,0,226,107,0.00333009990299709,16,12,49775,49884,173,92,0,0,0,0,0,0,99710,0,0,0,0,0,0,0,0,0,0,287,0,0,0,0,0,0
51,11747,52.112636175330096,99997,32,13,1,0,230,111,0.003410102303069092,16,10,49773,49882,177,94,0,0,0,0,0,0,99702,0,0,0,0,0,0,0,0,0,0,295,0,0,0,0,0,0
52,11747,53.19160395471119,99997,30,12,1,0,234,113,0.0034701041031230937,15,9,49771,49881,182,97,0,0,0,0,0,0,99693,0,0,0,0,0,0,0,0,0,0,304,0,0,0,0,0,0
53,11747,54.08439155928467,99997,31,10,1,0,238,113,0.003510105303159095,14,9,49768,49882,185,98,0,0,0,0,0,0,99688,0,0,0,0,0,0,0,0,0,0,309,0,0,0,0,0,0
54,11747,55.260577000548174,99997,24,11,1,0,239,115,0.0035401062031860954,17,9,49764,49880,193,99,0,0,0,0,0,0,99679,0,0,0,0,0,0,0,0,0,0,318,0,0,0,0,0,0
55,11747,56.15329077383614,99997,23,11,1,0,242,116,0.0035801074032220967,17,10,49762,49878,196,100,0,0,0,0,0,0,99674,0,0,0,0,0,0,0,0,0,0,323,0,0,0,0,0,0
56,11747,57.0964977182822,99997,28,12,1,0,248,118,0.0036601098032940987,14,9,49762,49877,194,101,0,0,0,0,0,0,99672,0,0,0,0,0,0,0,0,0,0,325,0,0,0,0,0,0
57,11747,58.075959251256386,99997,32,13,1,0,254,119,0.003730111903357101,13,9,49757,49876,196,101,0,0,0,0,0,0,99670,0,0,0,0,0,0,0,0,0,0,327,0,0,0,0,0,0
58,11747,59.07170230397833,99997,30,14,1,0,257,121,0.003780113403402102,15,9,49754,49875,199,101,0,0,0,0,0,0,99664,0,0,0,0,0,0,0,0,0,0,333,0,0,0,0,0,0
59,11747,60.11206305498941,99997,30,14,1,0,259,124,0.0038301149034471035,14,11,49754,49871,200,103,0,0,0,0,0,0,99659,0,0,0,0,0,0,0,0,0,0,338,0,0,0,0,0,0
60,11747,61.01923005875146,99997,31,15,1,0,263,128,0.003910117303519106,13,8,49751,49870,203,106,0,0,0,0,0,0,99653,0,0,0,0,0,0,0,0,0,0,344,0,0,0,0,0,0
61,11747,62.151152014352114,99997,27,14,1,0,266,131,0.003970119103573107,16,8,49745,49868,210,109,0,0,0,0,0,0,99642,0,0,0,0,0,0,0,0,0,0,355,0,0,0,0,0,0
62,11747,63.08692012092605,99997,28,14,1,0,269,132,0.004010120303609108,14,10,49744,49865,212,110,0,0,0,0,0,0,99639,0,0,0,0,0,0,0,0,0,0,358,0,0,0,0,0,0
63,11747,64.12258488254352,99997,22,15,1,0,271,135,0.004060121803654109,15,11,49741,49861,220,112,0,0,0,0,0,0,99629,0,0,0,0,0,0,0,0,0,0,368,0,0,0,0,0,0
64,11747,65.09105355284495,99997,23,17,1,0,273,138,0.004110123303699111,16,10,49739,49859,220,113,0,0,0,0,0,0,99627,0,0,0,0,0,0,0,0,0,0,370,0,0,0,0,0,0
65,11747,66.09617583778316,99997,24,16,1,0,278,140,0.004180125403762113,16,9,49734,49859,224,115,0,0,0,0,0,0,99620,0,0,0,0,0,0,0,0,0,0,377,0,0,0,0,0,0
66,11747,67.00488426729984,99997,29,14,1,0,284,142,0.004260127803834115,13,11,49731,49856,225,118,0,0,0,0,0,0,99615,0,0,0,0,0,0,0,0,0,0,382,0,0,0,0,0,0
67,11747,68.17819297591745,99997,27,14,1,0,286,144,0.004300129003870116,19,10,49725,49856,227,119,0,0,0,0,0,0,99609,0,0,0,0,0,0,0,0,0,0,388,0,0,0,0,0,0
68,11747,69.05238958465112,99997,27,14,1,0,288,148,0.004360130803924118,17,7,49728,49856,226,122,0,0,0,0,0,0,99603,0,0,0,0,0,0,0,0,0,0,394,0,0,0,0,0,0
69,11747,70.05702836251605,99997,29,12,1,0,293,148,0.004410132303969119,17,7,49724,49856,228,124,0,0,0,0,0,0,99598,0,0,0,0,0,0,0,0,0,0,399,0,0,0,0,0,0
70,11747,71.05391401074864,99997,30,15,1,0,297,152,0.004490134704041121,22,6,49715,49853,231,125,0,0,0,0,0,0,99594,0,0,0,0,0,0,0,0,0,0,403,0,0,0,0,0,0
71,11747,72.21649540639335,99997,29,14,1,0,303,155,0.0045801374041221235,23,7,49710,49849,236,129,0,0,0,0,0,0,99583,0,0,0,0,0,0,0,0,0,0,414,0,0,0,0,0,0
72,11747,73.13531964851984,99997,32,14,1,0,308,156,0.004640139204176125,18,7,49710,49849,238,129,0,0,0,0,0,0,99580,0,0,0,0,0,0,0,0,0,0,417,0,0,0,0,0,0
73,11747,74.055797274228,99997,31,16,1,0,310,159,0.0046901407042211265,19,8,49708,49845,240,130,0,0,0,0,0,0,99576,0,0,0,0,0,0,0,0,0,0,421,0,0,0,0,0,0
74,11747,75.0508006609955,99997,26,17,1,0,313,162,0.004750142504275128,17,7,49707,49843,248,132,0,0,0,0,0,0,99566,0,0,0,0,0,0,0,0,0,0,431,0,0,0,0,0,0
75,11747,76.15762973482404,99997,23,15,1,0,317,164,0.00481014430432913,15,6,49706,49842,254,136,0,0,0,0,0,0,99555,0,0,0,0,0,0,0,0,0,0,442,0,0,0,0,0,0
76,11747,77.27129030772649,99997,27,16,1,0,322,167,0.004890146704401132,14,4,49702,49841,255,138,0,0,0,0,0,0,99552,0,0,0,0,0,0,0,0,0,0,445,0,0,0,0,0,0
77,11747,78.00549762792336,99997,28,15,1,0,326,167,0.004930147904437133,12,6,49700,49839,258,139,0,0,0,0,0,0,99548,0,0,0,0,0,0,0,0,0,0,449,0,0,0,0,0,0
78,11747,79.05180813164988,99997,29,15,1,0,331,169,0.005000150004500135,15,9,49692,49834,262,141,0,0,0,0,0,0,99542,0,0,0,0,0,0,0,0,0,0,455,0,0,0,0,0,0
79,11747,80.03740331278846,99997,23,15,1,0,332,171,0.005030150904527136,17,9,49689,49832,269,143,0,0,0,0,0,0,99533,0,0,0,0,0,0,0,0,0,0,464,0,0,0,0,0,0
80,11747,81.22678181255313,99997,24,13,1,0,337,171,0.005080152404572137,22,10,49679,49832,273,144,0,0,0,0,0,0,99527,0,0,0,0,0,0,0,0,0,0,470,0,0,0,0,0,0
81,11747,82.04120649360395,99997,26,14,1,0,343,173,0.00516015480464414,21,8,49675,49832,276,145,0,0,0,0,0,0,99522,0,0,0,0,0,0,0,0,0,0,475,0,0,0,0,0,0
82,11747,83.09250074369359,99996,23,13,2,0,345,176,0.0052102084083363335,21,6,49673,49831,280,149,0,0,0,0,0,0,99513,0,0,0,0,0,0,0,0,0,0,483,0,0,0,0,0,0
83,11747,84.19082511619351,99996,26,9,2,0,351,176,0.0052702108084323376,20,8,49669,49830,282,152,0,0,0,0,0,0,99506,0,0,0,0,0,0,0,0,0,0,490,0,0,0,0,0,0
84,11747,85.27985042187312,99996,30,10,2,0,356,177,0.005330213208528341,23,11,49664,49826,280,152,0,0,0,0,0,0,99505,0,0,0,0,0,0,0,0,0,0,491,0,0,0,0,0,0
85,11747,86.00504341984795,99996,32,11,2,0,360,178,0.005380215208608344,22,12,49661,49824,282,152,0,0,0,0,0,0,99503,0,0,0,0,0,0,0,0,0,0,493,0,0,0,0,0,0
86,11747,87.08595475406807,99996,32,13,2,0,365,180,0.005450218008720349,20,12,49658,49823,287,151,0,0,0,0,0,0,99498,0,0,0,0,0,0,0,0,0,0,498,0,0,0,0,0,0
87,11747,88.10778656955048,99996,33,15,2,0,368,182,0.005500220008800352,20,12,49656,49823,288,149,0,0,0,0,0,0,99496,0,0,0,0,0,0,0,0,0,0,500,0,0,0,0,0,0
88,11747,89.04269996319822,99996,29,14,2,0,370,183,0.005530221208848354,21,14,49654,49820,293,151,0,0,0,0,0,0,99488,0,0,0,0,0,0,0,0,0,0,508,0,0,0,0,0,0
89,11747,90.0627475713176,99996,30,16,2,0,374,187,0.005610224408976359,19,12,49654,49818,294,153,0,0,0,0,0,0,99483,0,0,0,0,0,0,0,0,0,0,513,0,0,0,0,0,0
90,11747,91.19386808306265,99996,22,17,2,0,376,190,0.0056602264090563625,23,9,49649,49818,303,155,0,0,0,0,0,0,99471,0,0,0,0,0,0,0,0,0,0,525,0,0,0,0,0,0
91,11747,92.01843780827113,99996,24,18,2,0,379,192,0.005710228409136366,20,8,49650,49819,303,154,0,0,0,0,0,0,99469,0,0,0,0,0,0,0,0,0,0,527,0,0,0,0,0,0
92,11747,93.056697853547,99996,24,17,2,0,383,192,0.005750230009200368,18,9,49648,49820,307,153,0,0,0,0,0,0,99464,0,0,0,0,0,0,0,0,0,0,532,0,0,0,0,0,0
93,11747,94.004616610663,99996,23,18,2,0,385,195,0.005800232009280371,19,7,49646,49820,309,154,0,0,0,0,0,0,99459,0,0,0,0,0,0,0,0,0,0,537,0,0,0,0,0,0
94,11747,95.12104127313214,99996,26,21,2,0,392,201,0.005930237209488379,19,7,49641,49814,311,157,0,0,0,0,0,0,99452,0,0,0,0,0,0,0,0,0,0,544,0,0,0,0,0,0
95,11747,96.0481738182545,99996,32,24,2,0,399,204,0.006030241209648386,14,7,49641,49811,310,157,0,0,0,0,0,0,99451,0,0,0,0,0,0,0,0,0,0,545,0,0,0,0,0,0
96,11747,97.11274327195905,99996,35,21,2,0,405,205,0.006100244009760391,13,10,49637,49807,312,161,0,0,0,0,0,0,99444,0,0,0,0,0,0,0,0,0,0,552,0,0,0,0,0,0
97,11747,98.10088420556893,99996,33,22,2,0,407,208,0.006150246009840394,19,10,49629,49805,316,162,0,0,0,0,0,0,99438,0,0,0,0,0,0,0,0,0,0,558,0,0,0,0,0,0
98,11747,99.04082680642658,99996,31,21,2,0,413,209,0.006220248809952398,17,14,49628,49800,321,164,0,0,0,0,0,0,99428,0,0,0,0,0,0,0,0,0,0,568,0,0,0,0,0,0
99,11747,100.21927444953015,99996,29,17,2,0,418,209,0.006270250810032401,18,18,49622,49797,328,167,0,0,0,0,0,0,99417,0,0,0,0,0,0,0,0,0,0,579,0,0,0,0,0,0
100,11747,101.23709780015692,99996,30,20,2,0,423,214,0.006370254810192408,16,15,49621,49795,330,169,0,0,0,0,0,0,99411,0,0,0,0,0,0,0,0,0,0,585,0,0,0,0,0,0
101,11747,102.33629942761037,99996,32,22,2,0,428,217,0.0064502580103204124,16,17,49619,49792,330,168,0,0,0,0,0,0,99407,0,0,0,0,0,0,0,0,0,0,589,0,0,0,0,0,0
102,11747,103.03319219028653,99996,32,18,2,0,431,218,0.006490259610384416,18,16,49614,49793,333,172,0,0,0,0,0,0,99399,0,0,0,0,0,0,0,0,0,0,597,0,0,0,0,0,0
103,11747,104.03777663410625,99996,29,18,2,0,436,220,0.00656026241049642,16,15,49611,49792,341,174,0,0,0,0,0,0,99389,0,0,0,0,0,0,0,0,0,0,607,0,0,0,0,0,0
104,11747,105.12110106563064,99996,37,17,2,0,445,221,0.006660266410656426,11,21,49608,49785,341,176,0,0,0,0,0,0,99386,0,0,0,0,0,0,0,0,0,0,610,0,0,0,0,0,0
105,11747,106.1197021962775,99996,32,22,2,0,449,227,0.006760270410816433,15,19,49601,49782,349,176,0,0,0,0,0,0,99376,0,0,0,0,0,0,0,0,0,0,620,0,0,0,0,0,0
106,11747,107.02974765409895,99996,31,21,2,0,452,230,0.006820272810912437,16,18,49598,49780,352,180,0,0,0,0,0,0,99368,0,0,0,0,0,0,0,0,0,0,628,0,0,0,0,0,0
107,11747,108.01189318638417,99996,33,23,2,0,455,234,0.006890275611024441,16,14,49595,49781,353,181,0,0,0,0,0,0,99365,0,0,0,0,0,0,0,0,0,0,631,0,0,0,0,0,0
108,11747,109.14071018248642,99996,36,25,2,0,462,240,0.0070202808112324495,18,11,49589,49779,354,184,0,0,0,0,0,0,99357,0,0,0,0,0,0,0,0,0,0,639,0,0,0,0,0,0
109,11747,110.2608589258426,99996,38,29,2,0,467,246,0.007130285211408456,20,8,49584,49776,355,186,0,0,0,0,0,0,99352,0,0,0,0,0,0,0,0,0,0,644,0,0,0,0,0,0
110,11747,111.21063954944036,99996,40,25,2,0,474,248,0.0072202888115524624,23,7,49574,49775,360,192,0,0,0,0,0,0,99341,0,0,0,0,0,0,0,0,0,0,655,0,0,0,0,0,0
111,11747,112.0803526956844,99996,40,26,2,0,478,251,0.007290291611664466,25,4,49570,49775,362,194,0,0,0,0,0,0,99335,0,0,0,0,0,0,0,0,0,0,661,0,0,0,0,0,0
112,11747,113.10503936451865,99996,41,19,2,0,489,251,0.007400296011840474,22,9,49563,49771,371,200,0,0,0,0,0,0,99318,0,0,0,0,0,0,0,0,0,0,678,0,0,0,0,0,0
113,11747,114.12962001515649,99996,42,20,2,0,493,252,0.007450298011920477,21,8,49561,49771,373,200,0,0,0,0,0,0,99315,0,0,0,0,0,0,0,0,0,0,681,0,0,0,0,0,0
114,11747,115.05025913443009,99996,42,18,2,0,500,253,0.007530301212048482,19,12,49559,49766,377,203,0,0,0,0,0,0,99305,0,0,0,0,0,0,0,0,0,0,691,0,0,0,0,0,0
115,11747,116.01124727716056,99996,43,19,2,0,504,256,0.007600304012160487,18,11,49556,49764,380,205,0,0,0,0,0,0,99300,0,0,0,0,0,0,0,0,0,0,696,0,0,0,0,0,0
116,11747,117.05136781804646,99996,43,19,2,0,511,262,0.007730309212368495,14,8,49557,49761,383,211,0,0,0,0,0,0,99287,0,0,0,0,0,0,0,0,0,0,709,0,0,0,0,0,0
117,11747,118.02070955233322,99996,42,19,2,0,513,263,0.007760310412416497,19,8,49553,49760,383,212,0,0,0,0,0,0,99283,0,0,0,0,0,0,0,0,0,0,713,0,0,0,0,0,0
118,11747,119.04325000467533,99996,40,21,2,0,516,266,0.007820312812512501,23,8,49548,49758,386,212,0,0,0,0,0,0,99277,0,0,0,0,0,0,0,0,0,0,719,0,0,0,0,0,0
119,11747,120.33721599264578,99996,39,20,2,0,520,267,0.007870314812592503,23,14,49545,49753,390,212,0,0,0,0,0,0,99270,0,0,0,0,0,0,0,0,0,0,726,0,0,0,0,0,0
120,11747,121.04045528817703,99995,35,23,3,0,523,271,0.007940397019850992,23,15,49544,49752,394,209,0,0,0,0,0,0,99262,0,0,0,0,0,0,0,0,0,0,733,0,0,0,0,0,0
121,11747,122.05296153432214,99995,33,22,3,0,526,275,0.008010400520026,22,14,49544,49749,397,214,0,0,0,0,0,0,99252,0,0,0,0,0,0,0,0,0,0,743,0,0,0,0,0,0
122,11747,123.1329878841049,99995,31,23,3,0,531,277,0.00808040402020101,19,14,49542,49747,404,215,0,0,0,0,0,0,99244,0,0,0,0,0,0,0,0,0,0,751,0,0,0,0,0,0
123,11747,124.0609439297719,99995,31,26,3,0,535,282,0.00817040852042602,21,15,49538,49741,406,217,0,0,0,0,0,0,99238,0,0,0,0,0,0,0,0,0,0,757,0,0,0,0,0,0
124,11747,125.0709177779404,99995,33,23,3,0,539,284,0.008230411520576028,21,14,49534,49740,408,222,0,0,0,0,0,0,99231,0,0,0,0,0,0,0,0,0,0,764,0,0,0,0,0,0
125,11747,126.05867821729777,99995,33,23,3,0,544,286,0.008300415020751038,26,14,49527,49740,410,222,0,0,0,0,0,0,99224,0,0,0,0,0,0,0,0,0,0,771,0,0,0,0,0,0
126,11747,127.29527010442047,99995,34,24,3,0,550,289,0.008390419520976048,28,12,49519,49739,415,224,0,0,0,0,0,0,99217,0,0,0,0,0,0,0,0,0,0,778,0,0,0,0,0,0
127,11747,128.33388568681616,99995,37,21,3,0,559,292,0.008510425521276064,32,13,49509,49736,418,229,0,0,0,0,0,0,99205,0,0,0,0,0,0,0,0,0,0,790,0,0,0,0,0,0
128,11747,129.12773109134403,99995,42,22,3,0,568,294,0.008620431021551078,28,14,49504,49733,422,230,0,0,0,0,0,0,99200,0,0,0,0,0,0,0,0,0,0,795,0,0,0,0,0,0
129,11747,130.01294904275437,99995,43,21,3,0,577,296,0.008730436521826092,21,16,49505,49730,427,232,0,0,0,0,0,0,99189,0,0,0,0,0,0,0,0,0,0,806,0,0,0,0,0,0
130,11747,131.00663902960844,99995,45,25,3,0,583,301,0.008840442022101104,19,13,49502,49729,430,232,0,0,0,0,0,0,99184,0,0,0,0,0,0,0,0,0,0,811,0,0,0,0,0,0
131,11747,132.04230302919393,99995,40,24,3,0,586,305,0.008910445522276114,20,15,49499,49726,437,234,0,0,0,0,0,0,99171,0,0,0,0,0,0,0,0,0,0,824,0,0,0,0,0,0
132,11747,133.20915443796596,99995,37,30,3,0,594,314,0.009080454022701134,26,8,49485,49724,448,237,0,0,0,0,0,0,99157,0,0,0,0,0,0,0,0,0,0,838,0,0,0,0,0,0
133,11747,134.3312157090225,99995,37,29,3,0,600,317,0.009170458522926146,27,5,49479,49725,453,240,0,0,0,0,0,0,99147,0,0,0,0,0,0,0,0,0,0,848,0,0,0,0,0,0
134,11747,135.0777692552534,99995,41,25,3,0,610,317,0.009270463523176158,19,7,49479,49724,457,243,0,0,0,0,0,0,99137,0,0,0,0,0,0,0,0,0,0,858,0,0,0,0,0,0
135,11747,136.12292492907588,99995,42,27,3,0,614,320,0.009340467023351168,23,7,49471,49721,460,244,0,0,0,0,0,0,99133,0,0,0,0,0,0,0,0,0,0,862,0,0,0,0,0,0
136,11747,137.0613693883599,99995,40,27,3,0,618,322,0.009400470023501174,22,6,49469,49720,465,246,0,0,0,0,0,0,99125,0,0,0,0,0,0,0,0,0,0,870,0,0,0,0,0,0
137,11747,138.0081544942163,99995,42,23,3,0,628,324,0.00952047602380119,23,8,49459,49716,472,252,0,0,0,0,0,0,99111,0,0,0,0,0,0,0,0,0,0,884,0,0,0,0,0,0
138,11747,139.3151618599416,99995,43,19,3,0,636,326,0.009620481024051202,18,8,49458,49714,477,258,0,0,0,0,0,0,99098,0,0,0,0,0,0,0,0,0,0,897,0,0,0,0,0,0
139,11747,140.11907611823577,99995,44,16,3,0,640,327,0.009670483524176208,22,9,49452,49712,478,262,0,0,0,0,0,0,99091,0,0,0,0,0,0,0,0,0,0,904,0,0,0,0,0,0
140,11747,141.03329560377352,99995,35,14,3,0,641,328,0.009690484524226212,24,9,49450,49711,487,265,0,0,0,0,0,0,99078,0,0,0,0,0,0,0,0,0,0,917,0,0,0,0,0,0
141,11747,142.01892986269831,99995,35,15,3,0,644,330,0.009740487024351218,26,9,49445,49709,490,266,0,0,0,0,0,0,99074,0,0,0,0,0,0,0,0,0,0,921,0,0,0,0,0,0
142,11747,143.03214532988721,99995,36,16,3,0,650,334,0.00984049202460123,27,6,49440,49710,493,267,0,0,0,0,0,0,99066,0,0,0,0,0,0,0,0,0,0,929,0,0,0,0,0,0
143,11747,144.14808061772035,99995,38,17,3,0,657,337,0.009940497024851242,25,3,49437,49710,496,269,0,0,0,0,0,0,99059,0,0,0,0,0,0,0,0,0,0,936,0,0,0,0,0,0
144,11747,145.01380169591874,99995,41,15,3,0,663,338,0.010010500525026252,26,6,49432,49707,497,271,0,0,0,0,0,0,99053,0,0,0,0,0,0,0,0,0,0,942,0,0,0,0,0,0
145,11747,146.04111537240613,99995,37,14,3,0,669,338,0.010070503525176258,29,8,49425,49705,505,272,0,0,0,0,0,0,99042,0,0,0,0,0,0,0,0,0,0,953,0,0,0,0,0,0
146,11747,147.12804401535323,99995,38,16,3,0,675,343,0.010180509025451272,28,8,49422,49703,508,272,0,0,0,0,0,0,99034,0,0,0,0,0,0,0,0,0,0,961,0,0,0,0,0,0
147,11747,148.01027181637897,99995,46,12,3,0,685,344,0.010290514525726286,21,10,49422,49701,507,276,0,0,0,0,0,0,99027,0,0,0,0,0,0,0,0,0,0,968,0,0,0,0,0,0
148,11747,149.1064769405934,99995,44,12,3,0,693,346,0.010390519525976298,24,10,49412,49701,516,276,0,0,0,0,0,0,99015,0,0,0,0,0,0,0,0,0,0,980,0,0,0,0,0,0
149,11747,150.05734666344478,99995,45,14,3,0,697,349,0.010460523026151308,28,11,49407,49698,516,276,0,0,0,0,0,0,99011,0,0,0,0,0,0,0,0,0,0,984,0,0,0,0,0,0
150,11747,151.18171895779255,99995,47,15,3,0,705,352,0.010570528526426322,28,11,49399,49695,522,278,0,0,0,0,0,0,99003,0,0,0,0,0,0,0,0,0,0,992,0,0,0,0,0,0
151,11747,152.03543640344378,99995,45,14,3,0,709,355,0.01064053202660133,29,9,49394,49695,528,281,0,0,0,0,0,0,98993,0,0,0,0,0,0,0,0,0,0,1002,0,0,0,0,0,0
152,11747,153.2193848835014,99995,46,15,3,0,716,359,0.010750537526876344,26,12,49391,49688,533,284,0,0,0,0,0,0,98984,0,0,0,0,0,0,0,0,0,0,1011,0,0,0,0,0,0
153,11747,154.02135171779628,99995,53,13,3,0,726,360,0.010860543027151358,18,12,49389,49688,536,286,0,0,0,0,0,0,98978,0,0,0,0,0,0,0,0,0,0,1017,0,0,0,0,0,0
154,11747,155.23455783224986,99995,45,11,3,0,729,364,0.010930546527326366,28,11,49378,49686,545,291,0,0,0,0,0,0,98962,0,0,1,0,0,0,0,0,0,0,1032,0,0,0,0,0,0
155,11747,156.0494042412905,99995,48,14,3,0,740,368,0.011080554027701386,24,8,49374,49687,550,290,0,0,0,0,0,0,98953,0,0,1,0,0,0,0,0,0,0,1041,0,0,0,0,0,0
156,11747,157.0694115361564,99995,44,14,3,0,743,371,0.011140557027851392,27,6,49369,49686,556,293,0,0,0,0,0,0,98943,0,0,1,0,0,0,0,0,0,0,1051,0,0,0,0,0,0
157,11747,158.04577651810308,99995,41,13,3,0,752,374,0.011260563028151408,25,5,49362,49685,568,296,0,0,0,0,0,0,98927,0,0,1,0,0,0,0,0,0,0,1067,0,0,0,0,0,0
158,11747,159.1066691003924,99995,38,14,3,0,757,376,0.011330566528326416,21,7,49361,49683,576,295,0,0,0,0,0,0,98918,0,0,1,0,0,0,0,0,0,0,1076,0,0,0,0,0,0
159,11747,160.1382807471143,99995,36,17,3,0,761,380,0.011410570528526426,21,11,49360,49675,579,296,0,0,0,0,0,0,98911,0,0,1,0,0,0,0,0,0,0,1083,0,0,0,0,0,0
160,11747,161.25557669364295,99995,37,15,3,0,768,383,0.01151057552877644,21,10,49354,49674,584,300,0,0,0,0,0,0,98900,0,0,1,0,0,0,0,0,0,0,1094,0,0,0,0,0,0
161,11747,162.05597453164748,99995,37,16,3,0,773,386,0.01159057952897645,21,7,49350,49674,588,302,0,0,0,0,0,0,98893,0,0,1,0,0,0,0,0,0,0,1101,0,0,0,0,0,0
162,11747,163.21507136554808,99995,32,15,3,0,778,388,0.011660583029151458,25,8,49346,49673,593,303,0,0,0,0,0,0,98880,0,0,1,0,0,0,0,0,0,0,1114,0,0,0,0,0,0
163,11747,164.307191005303,99995,34,15,3,0,785,389,0.011740587029351468,22,11,49344,49669,596,304,0,0,0,0,0,0,98874,0,0,1,0,0,0,0,0,0,0,1120,0,0,0,0,0,0
164,11747,165.1314526707161,99995,34,15,3,0,789,390,0.011790589529476474,23,10,49340,49670,599,304,0,0,0,0,0,0,98869,0,0,1,0,0,0,0,0,0,0,1125,0,0,0,0,0,0
165,11747,166.06989993311507,99994,35,14,4,0,798,390,0.011880712842770567,23,15,49333,49665,604,305,0,0,0,0,0,0,98860,0,0,1,0,0,0,0,0,0,0,1133,0,0,0,0,0,0
166,11747,167.27507653700766,99994,39,15,4,0,806,392,0.011980718843130587,21,20,49332,49659,603,305,0,0,0,0,0,0,98855,0,0,1,0,0,0,0,0,0,0,1138,0,0,0,0,0,0
167,11747,168.17372756531196,99994,32,23,4,0,809,401,0.012100726043562614,20,13,49331,49657,612,306,0,0,0,0,0,0,98845,0,0,2,0,0,0,0,0,0,0,1147,0,0,0,0,0,0
168,11747,169.05952170796726,99994,34,21,4,0,815,404,0.012190731443886634,17,11,49330,49656,614,311,0,0,0,0,0,0,98836,0,0,2,0,0,0,0,0,0,0,1156,0,0,0,0,0,0
169,11747,170.14021800967063,99994,30,20,4,0,819,406,0.012250735044102646,17,11,49329,49655,619,313,0,0,0,0,0,0,98825,0,0,2,0,0,0,0,0,0,0,1167,0,0,0,0,0,0
170,11747,171.31103203578496,99994,31,19,4,0,821,408,0.012290737444246655,16,12,49329,49653,619,315,0,0,0,0,0,0,98821,0,0,2,0,0,0,0,0,0,0,1171,0,0,0,0,0,0
171,11747,172.06829601459657,99994,34,19,4,0,826,410,0.01236074164449867,20,13,49320,49651,621,316,0,0,0,0,0,0,98817,0,0,2,0,0,0,0,0,0,0,1175,0,0,0,0,0,0
172,11747,173.2324733878094,99994,33,21,4,0,829,415,0.012440746444786687,20,10,49319,49650,623,318,0,0,0,0,0,0,98810,0,0,2,0,0,0,0,0,0,0,1182,0,0,0,0,0,0
173,11747,174.08536280889103,99994,32,23,4,0,832,419,0.012510750645038702,21,9,49318,49647,624,320,0,0,0,0,0,0,98804,0,0,2,0,0,0,0,0,0,0,1188,0,0,0,0,0,0
174,11747,175.05329778187203,99994,29,20,4,0,836,422,0.012580754845290717,23,10,49313,49644,630,325,0,0,0,0,0,0,98791,0,0,2,0,0,0,0,0,0,0,1201,0,0,0,0,0,0
175,11747,176.01114192746624,99994,30,15,4,0,841,424,0.012650759045542732,23,10,49310,49642,632,332,0,0,0,0,0,0,98780,0,0,2,0,0,0,0,0,0,0,1212,0,0,0,0,0,0
176,11747,177.08666766685297,99994,36,16,4,0,848,427,0.012750765045902755,19,8,49308,49641,632,334,0,0,0,0,0,0,98777,0,0,2,0,0,0,0,0,0,0,1215,0,0,0,0,0,0
177,11747,178.0076732633721,99994,37,16,4,0,856,428,0.012840770446226774,25,8,49297,49644,636,331,0,0,0,0,0,0,98769,0,0,2,0,0,0,0,0,0,0,1223,0,0,0,0,0,0
178,11747,179.00940895636182,99994,35,14,4,0,863,429,0.01292077524651479,23,10,49292,49641,645,334,0,0,0,0,0,0,98757,0,0,2,0,0,0,0,0,0,0,1235,0,0,0,0,0,0
179,11747,180.03825380143456,99994,37,12,4,0,869,431,0.013000780046802808,23,10,49289,49639,646,338,0,0,0,0,0,0,98749,0,0,2,0,0,0,0,0,0,0,1243,0,0,0,0,0,0
180,11747,181.14592320524108,99994,38,11,4,0,874,432,0.013060783647018822,25,10,49285,49639,647,339,0,0,0,0,0,0,98743,0,0,2,0,0,0,0,0,0,0,1249,0,0,0,0,0,0
181,11747,182.15890900460144,99994,33,12,4,0,880,434,0.013140788447306838,25,11,49281,49637,656,339,0,0,0,0,0,0,98732,0,0,3,0,0,0,0,0,0,0,1259,0,0,0,0,0,0
182,11747,183.25357334488,99994,35,12,4,0,886,435,0.013210792647558853,25,17,49279,49631,656,339,0,0,0,0,0,0,98727,0,0,3,0,0,0,0,0,0,0,1264,0,0,0,0,0,0
183,11747,184.02921454864384,99994,34,18,4,0,892,441,0.01333079984799088,25,11,49274,49634,662,336,0,0,0,0,0,0,98720,0,0,3,0,0,0,0,0,0,0,1271,0,0,0,0,0,0
184,11747,185.1156270595879,99994,38,20,4,0,900,444,0.013440806448386904,24,10,49269,49635,664,334,0,0,0,0,0,0,98715,0,0,3,0,0,0,0,0,0,0,1276,0,0,0,0,0,0
185,11747,186.33554867094674,99994,40,21,4,0,906,447,0.013530811848710923,29,9,49263,49633,663,336,0,0,0,0,0,0,98709,0,0,3,0,0,0,0,0,0,0,1282,0,0,0,0,0,0
186,11747,187.0996950513631,99994,36,21,4,0,913,450,0.013630817849070944,26,12,49263,49627,670,339,0,0,0,0,0,0,98695,0,0,3,0,0,0,0,0,0,0,1296,0,0,0,0,0,0
187,11747,188.13849917146558,99994,40,19,4,0,917,452,0.013690821449286957,27,10,49260,49627,668,343,0,0,0,0,0,0,98691,0,0,3,0,0,0,0,0,0,0,1300,0,0,0,0,0,0
188,11747,189.3129787764929,99994,40,19,4,0,924,456,0.013800828049682981,30,8,49256,49626,669,346,0,0,0,0,0,0,98681,0,0,4,0,0,0,0,0,0,0,1309,0,0,0,0,0,0
189,11747,190.23566573964226,99994,41,16,4,0,929,456,0.013850831049862991,30,13,49253,49623,671,347,0,0,0,0,0,0,98674,0,0,4,0,0,0,0,0,0,0,1316,0,0,0,0,0,0
190,11747,191.16771331886486,99994,39,17,4,0,933,458,0.013910834650079005,28,15,49253,49623,675,344,0,0,0,0,0,0,98667,0,0,4,0,0,0,0,0,0,0,1323,0,0,0,0,0,0
191,11747,192.1116575601766,99994,38,20,4,0,937,462,0.013990839450367021,29,12,49253,49622,675,345,0,0,0,0,0,0,98661,0,0,4,0,0,0,0,0,0,0,1329,0,0,0,0,0,0
192,11747,193.0114457348824,99994,38,21,4,0,942,464,0.014060843650619038,35,20,49246,49613,676,345,0,0,0,0,0,0,98655,0,0,4,0,0,0,0,0,0,0,1335,0,0,0,0,0,0
193,11747,194.19808149134928,99994,38,22,4,0,947,468,0.014150849050943057,38,20,49240,49610,679,347,0,0,0,0,0,0,98647,0,0,4,0,0,0,0,0,0,0,1343,0,0,0,0,0,0
194,11747,195.106387847998,99994,44,27,4,0,958,474,0.014320859251555093,33,20,49235,49604,683,348,0,0,0,0,0,0,98641,0,0,4,0,0,0,0,0,0,0,1349,0,0,0,0,0,0
195,11747,196.06468124191406,99994,53,28,4,0,970,479,0.01449086945216713,27,18,49230,49603,685,350,0,0,0,0,0,0,98634,0,0,4,0,0,0,0,0,0,0,1356,0,0,0,0,0,0
196,11747,197.06690332871466,99994,55,29,4,0,977,485,0.014620877252635158,26,18,49226,49598,688,354,0,0,0,0,0,0,98624,0,0,4,0,0,0,0,0,0,0,1366,0,0,0,0,0,0
197,11747,198.12502442440058,99994,50,27,4,0,983,488,0.014710882652959178,27,22,49223,49596,695,354,0,0,0,0,0,0,98608,0,0,4,0,0,0,0,0,0,0,1382,0,0,0,0,0,0
198,11747,199.01941303771045,99994,48,31,4,0,986,493,0.014790887453247194,33,20,49217,49595,697,353,0,0,0,0,0,0,98602,0,0,4,0,0,0,0,0,0,0,1388,0,0,0,0,0,0
199,11747,200.33134053495218,99994,51,31,4,0,995,500,0.01495089705382323,34,20,49210,49589,700,359,0,0,0,0,0,0,98589,0,0,4,0,0,0,0,0,0,0,1401,0,0,0,0,0,0
200,11747,201.2177900969515,99994,59,33,4,0,1006,505,0.015110906654399264,30,20,49205,49584,701,362,0,0,0,0,0,0,98583,0,0,4,0,0,0,0,0,0,0,1407,0,0,0,0,0,0
201,11747,202.05180581606433,99994,57,35,4,0,1012,510,0.015220913254795288,26,18,49205,49582,707,364,0,0,0,0,0,0,98572,0,0,4,0,0,0,0,0,0,0,1418,0,0,0,0,0,0
202,11747,203.09451644453145,99994,56,35,4,0,1015,516,0.015310918655119308,27,16,49202,49582,710,366,0,0,0,0,0,0,98562,0,0,4,0,0,0,0,0,0,0,1428,0,0,0,0,0,0
203,11747,204.14482178895278,99994,51,36,4,0,1023,521,0.015440926455587336,30,17,49194,49579,720,367,0,0,0,0,0,0,98545,0,0,4,0,0,0,0,0,0,0,1445,0,0,0,0,0,0
204,11747,205.0731535254461,99994,59,34,4,0,1034,524,0.015580934856091366,25,18,49188,49576,723,371,0,0,0,0,0,0,98537,0,0,4,0,0,0,0,0,0,0,1453,0,0,0,0,0,0
205,11747,206.01367004228172,99994,60,33,4,0,1046,527,0.0157309438566314,25,25,49179,49568,731,373,0,0,0,0,0,0,98522,0,0,4,0,0,0,0,0,0,0,1468,0,0,0,0,0,0
206,11747,207.04583773759896,99994,65,35,4,0,1058,534,0.01592095525731544,27,24,49167,49563,736,377,0,0,0,0,0,0,98510,0,0,4,0,0,0,0,0,0,0,1480,0,0,0,0,0,0
207,11747,208.07817470267418,99994,59,33,4,0,1063,536,0.015990959457567455,36,25,49158,49565,742,376,0,0,0,0,0,0,98496,0,0,5,0,0,0,0,0,0,0,1493,0,0,0,0,0,0
208,11747,209.11072540577786,99994,64,36,4,0,1075,541,0.01616096965817949,33,22,49151,49563,747,378,0,0,0,0,0,0,98487,0,0,5,0,0,0,0,0,0,0,1502,0,0,0,0,0,0
209,11747,210.1433797017784,99994,56,37,4,0,1083,545,0.016280976858611518,30,22,49151,49562,758,378,0,0,0,0,0,0,98469,0,0,6,0,0,0,0,0,0,0,1519,0,0,0,0,0,0
210,11747,211.1761646577092,99994,59,38,4,0,1090,551,0.016410984659079544,35,26,49141,49553,760,382,0,0,0,0,0,0,98460,0,0,6,0,0,0,0,0,0,0,1528,0,0,0,0,0,0
211,11747,212.2090698005408,99994,60,42,4,0,1098,558,0.016560993659619577,38,25,49131,49547,766,385,0,0,0,0,0,0,98450,0,0,6,0,0,0,0,0,0,0,1538,0,0,0,0,0,0
212,11747,213.2421109319742,99994,58,42,4,0,1105,563,0.016681000860051604,36,31,49128,49541,773,385,0,0,0,0,0,0,98436,0,0,6,0,0,0,0,0,0,0,1552,0,0,0,0,0,0
213,11747,214.27521723668448,99994,60,41,4,0,1112,569,0.01681100866051963,34,30,49128,49537,773,391,0,0,0,0,0,0,98425,0,0,7,0,0,0,0,0,0,0,1562,0,0,0,0,0,0
214,11747,215.3083551417254,99994,64,44,4,0,1123,579,0.017021021261275675,35,27,49119,49530,777,398,0,0,0,0,0,0,98411,0,0,7,0,0,0,0,0,0,0,1576,0,0,0,0,0,0
215,11747,216.34161245301559,99994,64,45,4,0,1133,586,0.017191031461887715,34,31,49111,49519,786,404,0,0,0,0,0,0,98396,0,0,8,0,0,0,0,0,0,0,1590,0,0,0,0,0,0
216,11747,217.03052392419247,99994,67,45,4,0,1142,591,0.017331039862391744,33,28,49105,49520,790,406,0,0,0,0,0,0,98385,0,0,8,0,0,0,0,0,0,0,1601,0,0,0,0,0,0
217,11747,218.06405917153518,99994,67,47,4,0,1153,599,0.017521051263075786,34,25,49093,49516,801,411,0,0,0,0,0,0,98368,0,0,8,0,0,0,0,0,0,0,1618,0,0,0,0,0,0
218,11747,219.097798390719,99994,69,45,4,0,1165,601,0.017661059663579816,28,25,49090,49516,808,413,0,0,0,0,0,0,98354,0,0,8,0,0,0,0,0,0,0,1632,0,0,0,0,0,0
219,11747,220.131664762751,99994,69,50,4,0,1173,609,0.01782106926415585,30,26,49081,49507,815,416,0,0,0,0,0,0,98343,0,0,8,0,0,0,0,0,0,0,1643,0,0,0,0,0,0
220,11747,221.16568068447617,99994,63,49,4,0,1181,619,0.018001080064803887,30,26,49075,49497,827,427,0,0,0,0,0,0,98318,0,0,8,0,0,0,0,0,0,0,1668,0,0,0,0,0,0
221,11747,222.19990503331042,99994,63,50,4,0,1188,627,0.01815108906534392,29,22,49069,49497,834,430,0,0,0,0,0,0,98304,0,0,8,0,0,0,0,0,0,0,1682,0,0,0,0,0,0
222,11747,223.33533158107414,99994,60,51,4,0,1190,636,0.018261095665739944,36,21,49063,49489,836,438,0,0,0,0,0,0,98291,0,0,8,0,0,0,0,0,0,0,1695,0,0,0,0,0,0
223,11747,224.02495273796703,99994,63,50,4,0,1196,639,0.018351101066063965,34,20,49065,49489,833,440,0,0,0,0,0,0,98284,0,0,8,0,0,0,0,0,0,0,1702,0,0,0,0,0,0
224,11747,225.0210062943139,99993,62,46,4,1,1202,643,0.01845129159041133,37,21,49058,49485,838,446,0,0,0,0,0,0,98270,0,0,9,0,0,0,0,0,0,0,1714,0,0,0,0,0,0
225,11747,226.09881323567888,99993,63,48,4,1,1211,651,0.018621303491244388,37,19,49053,49480,842,451,0,0,0,0,0,0,98256,0,0,9,0,0,0,0,0,0,0,1728,0,0,0,0,0,0
226,11747,227.1025645509041,99993,63,48,4,1,1217,656,0.018731311191783426,42,20,49043,49476,847,454,0,0,0,0,0,0,98245,0,0,9,0,0,0,0,0,0,0,1739,0,0,0,0,0,0
227,11747,228.00055026351652,99993,62,44,4,1,1228,661,0.01889132239256748,41,21,49040,49472,852,461,0,0,0,0,0,0,98224,0,0,9,0,0,0,0,0,0,0,1760,0,0,0,0,0,0
228,11747,229.0851982832957,99993,66,41,4,1,1243,666,0.01909133639354755,33,25,49034,49465,862,467,0,0,0,0,0,0,98205,0,0,9,0,0,0,0,0,0,0,1779,0,0,0,0,0,0
229,11747,230.12025308724853,99993,66,40,4,1,1253,668,0.01921134479413559,38,31,49024,49463,867,464,0,0,0,0,0,0,98192,0,0,9,0,0,0,0,0,0,0,1792,0,0,0,0,0,0
230,11747,231.15547131864636,99993,65,44,4,1,1267,677,0.019441360895262667,35,28,49014,49458,881,468,0,0,0,0,0,0,98173,0,0,10,0,0,0,0,0,0,0,1810,0,0,0,0,0,0
231,11747,232.19091761482923,99993,60,47,4,1,1278,686,0.019641374896242736,37,25,49001,49453,897,473,0,0,0,0,0,0,98153,0,0,12,0,0,0,0,0,0,0,1828,0,0,0,0,0,0
232,11747,233.22664470694514,99992,60,47,4,2,1286,692,0.01978158252660213,35,22,48997,49453,903,475,0,0,0,0,0,0,98139,0,0,12,0,0,0,0,0,0,0,1841,0,0,0,0,0,0
233,11747,234.07663859339414,99992,55,47,4,2,1292,698,0.01990159212737019,32,19,48996,49451,912,480,0,0,0,0,0,0,98122,0,0,12,0,0,0,0,0,0,0,1858,0,0,0,0,0,0
234,11747,235.20153172514244,99992,55,44,4,2,1304,705,0.020091607328586288,36,23,48983,49443,921,487,0,0,0,0,0,0,98100,0,0,12,0,0,0,0,0,0,0,1880,0,0,0,0,0,0
235,11747,236.23776719168146,99992,63,44,4,2,1318,711,0.02029162332986639,30,23,48975,49437,927,493,0,0,0,0,0,0,98088,0,0,12,0,0,0,0,0,0,0,1892,0,0,0,0,0,0
236,11747,237.27411839213852,99992,63,47,4,2,1330,717,0.020471637731018483,30,27,48965,49427,937,496,0,0,0,0,0,0,98073,0,0,12,0,0,0,0,0,0,0,1907,0,0,0,0,0,0
237,11747,238.31067221531916,99992,63,55,4,2,1337,727,0.02064165133210657,36,24,48953,49420,943,498,0,0,0,0,0,0,98064,0,0,12,0,0,0,0,0,0,0,1916,0,0,0,0,0,0
238,11747,239.0017768992231,99992,65,54,4,2,1347,732,0.020791663333066646,37,24,48943,49417,950,502,0,0,0,0,0,0,98050,0,0,12,0,0,0,0,0,0,0,1930,0,0,0,0,0,0
239,11747,240.03865542393822,99992,61,54,4,2,1355,741,0.02096167693415473,46,27,48932,49406,956,510,0,0,0,0,0,0,98029,0,0,12,0,0,0,0,0,0,0,1951,0,0,0,0,0,0
240,11747,241.07574084965063,99992,59,45,4,2,1361,743,0.021041683334666772,52,33,48924,49401,960,518,0,0,0,0,0,0,98011,0,0,13,0,0,0,0,0,0,0,1968,0,0,0,0,0,0
241,11747,242.11295588623867,99992,62,48,4,2,1374,751,0.02125170013601088,48,30,48916,49398,969,521,0,0,0,0,0,0,97996,0,0,13,0,0,0,0,0,0,0,1983,0,0,0,0,0,0
242,11747,243.1503452963697,99992,65,49,4,2,1388,759,0.021471717737418995,43,34,48912,49387,975,527,0,0,0,0,0,0,97978,0,0,13,0,0,0,0,0,0,0,2001,0,0,0,0,0,0
243,11747,244.18784405355225,99992,77,48,4,2,1406,767,0.021731738539083126,36,31,48903,49384,979,534,0,0,0,0,0,0,97963,0,0,13,0,0,0,0,0,0,0,2016,0,0,0,0,0,0
244,11747,245.225469255638,99992,78,48,4,2,1419,777,0.021961756940555244,40,29,48890,49377,987,543,0,0,0,0,0,0,97941,0,0,13,0,0,0,0,0,0,0,2038,0,0,0,0,0,0
245,11747,246.26331720130253,99992,74,47,4,2,1431,783,0.022141771341707337,40,25,48883,49378,998,547,0,0,0,0,0,0,97918,0,0,13,0,0,0,0,0,0,0,2061,0,0,0,0,0,0
246,11747,247.30137172401479,99992,74,45,4,2,1442,787,0.022291783342667414,44,26,48873,49373,1004,553,0,0,0,0,0,0,97901,0,0,13,0,0,0,0,0,0,0,2078,0,0,0,0,0,0
247,11747,248.33962632855483,99992,73,47,4,2,1452,793,0.022451796143691496,49,24,48862,49371,1011,555,0,0,0,0,0,0,97886,0,0,13,0,0,0,0,0,0,0,2093,0,0,0,0,0,0
248,11747,249.03189840157597,99992,75,45,4,2,1461,797,0.02258180654452356,48,24,48857,49368,1015,560,0,0,0,0,0,0,97873,0,0,13,0,0,0,0,0,0,0,2106,0,0,0,0,0,0
249,11747,250.07044308751261,99992,82,43,4,2,1481,801,0.022821825746059683,41,26,48846,49363,1026,565,0,0,0,0,0,0,97854,0,0,13,0,0,0,0,0,0,0,2125,0,0,0,0,0,0
250,11747,251.10923413329138,99992,72,44,4,2,1491,809,0.023001840147211777,47,25,48833,49357,1043,571,0,0,0,0,0,0,97827,0,0,13,0,0,0,0,0,0,0,2152,0,0,0,0,0,0
251,11747,252.1483364769536,99992,72,46,4,2,1506,815,0.023211856948555886,46,26,48824,49353,1053,572,0,0,0,0,0,0,97808,0,0,13,0,0,0,0,0,0,0,2171,0,0,0,0,0,0
252,11747,253.18763559236478,99992,66,47,4,2,1515,823,0.023381870549643972,51,27,48814,49346,1064,577,0,0,0,0,0,0,97786,0,0,13,0,0,0,0,0,0,0,2193,0,0,0,0,0,0
253,11747,254.22714491927226,99992,69,46,4,2,1526,829,0.023551884150732057,51,29,48809,49338,1066,584,0,0,0,0,0,0,97771,0,0,13,0,0,0,0,0,0,0,2208,0,0,0,0,0,0
254,11747,255.26672457303658,99992,73,45,4,2,1543,835,0.023781902552204175,44,28,48802,49336,1076,588,0,0,0,0,0,0,97751,0,0,13,0,0,0,0,0,0,0,2228,0,0,0,0,0,0
255,11747,256.0633095864083,99992,68,50,4,2,1551,844,0.023951916153292264,48,22,48790,49333,1089,592,0,0,0,0,0,0,97734,0,0,13,0,0,0,0,0,0,0,2245,0,0,0,0,0,0
256,11747,257.1033059387037,99992,72,37,4,2,1563,845,0.02408192655412433,52,26,48782,49328,1089,606,0,0,0,0,0,0,97712,0,0,13,0,0,0,0,0,0,0,2267,0,0,0,0,0,0
257,11747,258.1434753615529,99992,83,35,4,2,1585,850,0.024351948155852468,38,23,48776,49327,1098,612,0,0,0,0,0,0,97694,0,0,13,0,0,0,0,0,0,0,2285,0,0,0,0,0,0
258,11747,259.183802295257,99992,81,39,4,2,1593,855,0.024481958556684533,46,23,48763,49324,1105,611,0,0,0,0,0,0,97683,0,0,13,0,0,0,0,0,0,0,2296,0,0,0,0,0,0
259,11747,260.22435621326974,99992,83,35,4,2,1606,859,0.024651972157772623,42,27,48757,49317,1113,618,0,0,0,0,0,0,97664,0,0,13,0,0,0,0,0,0,0,2315,0,0,0,0,0,0
260,11747,261.26506483786505,99992,87,39,4,2,1617,866,0.024831986558924712,45,25,48749,49314,1114,619,0,0,0,0,0,0,97654,0,0,13,0,0,0,0,0,0,0,2325,0,0,0,0,0,0
261,11747,262.3058727296799,99992,88,36,4,2,1625,869,0.02494199535962877,54,31,48733,49307,1120,623,0,0,0,0,0,0,97641,0,0,13,0,0,0,0,0,0,0,2338,0,0,0,0,0,0
262,11747,263.3468703239679,99991,96,36,4,3,1644,878,0.025222270004300388,45,30,48730,49302,1124,628,0,0,0,0,0,0,97621,0,0,13,0,0,0,0,0,0,0,2357,0,0,0,0,0,0
263,11747,264.04093347401374,99991,92,35,4,3,1654,883,0.025372283505515496,47,30,48720,49298,1136,633,0,0,0,0,0,0,97601,0,0,13,0,0,0,0,0,0,0,2377,0,0,0,0,0,0
264,11747,265.08222165088654,99991,93,39,4,3,1670,889,0.025592303307297656,43,30,48716,49294,1143,633,0,0,0,0,0,0,97584,0,0,13,0,0,0,0,0,0,0,2394,0,0,0,0,0,0
265,11747,266.12364772209776,99991,84,39,4,3,1680,896,0.02576231860867478,52,34,48703,49287,1156,636,0,0,0,0,0,0,97560,0,0,15,0,0,0,0,0,0,0,2416,0,0,0,0,0,0
266,11747,267.1653328573995,99991,88,47,4,3,1691,907,0.02598233841045694,54,28,48691,49282,1162,639,0,0,0,0,0,0,97550,0,0,15,0,0,0,0,0,0,0,2426,0,0,0,0,0,0
267,11747,268.20716272958373,99991,88,43,4,3,1704,914,0.026182356412077088,49,32,48687,49272,1171,649,0,0,0,0,0,0,97526,0,0,15,0,0,0,0,0,0,0,2450,0,0,0,0,0,0
268,11747,269.24919180262236,99991,85,50,4,3,1716,926,0.026422378014021263,56,32,48671,49262,1183,652,0,0,0,0,0,0,97507,0,0,16,0,0,0,0,0,0,0,2468,0,0,0,0,0,0
269,11747,270.2914545401853,99991,78,53,4,3,1726,934,0.026602394215479393,54,35,48667,49253,1196,655,0,0,0,0,0,0,97485,0,0,16,0,0,0,0,0,0,0,2490,0,0,0,0,0,0
270,11747,271.3338735021015,99991,75,54,4,3,1737,943,0.026802412217099537,54,34,48662,49246,1204,662,0,0,0,0,0,0,97463,0,0,16,0,0,0,0,0,0,0,2512,0,0,0,0,0,0
271,11747,272.0288951395212,99991,77,54,4,3,1750,946,0.026962426618395655,52,38,48654,49242,1212,662,0,0,0,0,0,0,97449,0,0,16,0,0,0,0,0,0,0,2526,0,0,0,0,0,0
272,11747,273.07161683996355,99991,75,54,4,3,1764,954,0.027182446420177815,50,41,48647,49235,1223,666,0,0,0,0,0,0,97425,0,0,16,0,0,0,0,0,0,0,2550,0,0,0,0,0,0
273,11747,274.1144837013457,99991,73,61,4,3,1774,967,0.027412467122040984,55,35,48639,49229,1228,671,0,0,0,0,0,0,97407,0,0,16,0,0,0,0,0,0,0,2568,0,0,0,0,0,0
274,11747,275.1575573606567,99991,69,66,4,3,1785,981,0.027662489624066165,67,30,48622,49224,1237,676,0,0,0,0,0,0,97384,0,0,17,0,0,0,0,0,0,0,2590,0,0,0,0,0,0
275,11747,276.2008745335086,99991,74,61,4,3,1806,989,0.027952515726415376,54,29,48618,49218,1249,688,0,0,0,0,0,0,97355,0,0,17,0,0,0,0,0,0,0,2619,0,0,0,0,0,0
276,11747,277.2443457514083,99991,79,60,4,3,1822,998,0.02820253822844056,47,28,48616,49212,1253,696,0,0,0,0,0,0,97334,0,0,17,0,0,0,0,0,0,0,2640,0,0,0,0,0,0
277,11747,278.28790875139026,99991,70,63,4,3,1831,1007,0.02838255442989869,42,26,48618,49209,1265,698,0,0,0,0,0,0,97311,0,0,18,0,0,0,0,0,0,0,2662,0,0,0,0,0,0
278,11747,279.3315939219616,99991,71,66,4,3,1846,1017,0.028632576931923875,44,29,48609,49198,1271,703,0,0,0,0,0,0,97290,0,0,18,0,0,0,0,0,0,0,2683,0,0,0,0,0,0
279,11747,280.0274193743982,99990,71,65,5,3,1851,1022,0.028732873287328733,45,36,48605,49187,1273,708,0,0,0,0,0,0,97279,0,0,18,0,0,0,0,0,0,0,2693,0,0,0,0,0,0
280,11747,281.0712833214385,99990,74,62,5,3,1866,1030,0.02896289628962896,40,43,48601,49174,1279,717,0,0,0,0,0,0,97256,0,0,18,0,0,0,0,0,0,0,2716,0,0,0,0,0,0
281,11747,282.11523429125754,99990,66,66,5,3,1873,1044,0.02917291729172917,47,38,48593,49168,1288,724,0,0,0,0,0,0,97231,0,0,18,0,0,0,0,0,0,0,2741,0,0,0,0,0,0
282,11747,283.1593218681353,99990,67,56,5,3,1881,1051,0.029322932293229322,49,32,48589,49168,1289,740,0,0,0,0,0,0,97208,0,0,19,0,0,0,0,0,0,0,2763,0,0,0,0,0,0
283,11747,284.20354085432365,99990,77,61,5,3,1894,1061,0.029552955295529554,46,34,48586,49160,1285,741,0,0,0,0,0,0,97201,0,0,20,0,0,0,0,0,0,0,2769,0,0,0,0,0,0
284,11747,285.2478038157836,99990,70,62,5,3,1903,1072,0.029752975297529752,51,33,48575,49153,1298,748,0,0,0,0,0,0,97176,0,0,21,0,0,0,0,0,0,0,2793,0,0,0,0,0,0
285,11747,286.29225345605397,99990,83,63,5,3,1924,1082,0.030063006300630062,40,26,48568,49156,1303,751,0,0,0,0,0,0,97159,0,0,21,0,0,0,0,0,0,0,2810,0,0,0,0,0,0
286,11747,287.3368743041235,99990,77,51,5,3,1932,1083,0.030153015301530153,49,32,48556,49154,1312,759,0,0,0,0,0,0,97132,0,0,21,0,0,0,0,0,0,0,2837,0,0,0,0,0,0
287,11747,288.0334364037875,99990,72,47,5,3,1936,1086,0.030223022302230222,54,37,48550,49149,1318,763,0,0,0,0,0,0,97116,0,0,21,0,0,0,0,0,0,0,2853,0,0,0,0,0,0
288,11747,289.078475063755,99990,78,46,5,3,1957,1093,0.030503050305030505,47,32,48542,49152,1327,766,0,0,0,0,0,0,97093,0,0,21,0,0,0,0,0,0,0,2876,0,0,0,0,0,0
289,11747,290.1237205739154,99990,78,45,5,3,1971,1099,0.030703070307030702,44,32,48533,49148,1339,771,0,0,0,0,0,0,97073,0,0,22,0,0,0,0,0,0,0,2895,0,0,0,0,0,0
290,11747,291.1691726181165,99989,81,43,6,3,1983,1106,0.03089339827381012,54,29,48517,49146,1341,778,0,0,0,0,0,0,97055,0,0,22,0,0,0,0,0,0,0,2912,0,0,0,0,0,0
291,11747,292.21483056369414,99988,77,42,6,4,1993,1112,0.03105372644717366,57,35,48507,49134,1352,784,0,0,0,0,0,0,97034,0,0,22,0,0,0,0,0,0,0,2932,0,0,0,0,0,0
292,11747,293.2606659502053,99988,79,42,6,4,2002,1119,0.031213745649477938,55,33,48507,49133,1352,787,0,0,0,0,0,0,97021,0,0,23,0,0,0,0,0,0,0,2944,0,0,0,0,0,0
293,11747,294.3065573867776,99988,79,45,6,4,2011,1125,0.0313637636516382,57,29,48498,49133,1359,788,0,0,0,0,0,0,97010,0,0,24,0,0,0,0,0,0,0,2954,0,0,0,0,0,0
294,11747,295.0039010299446,99988,84,45,6,4,2021,1131,0.03152378285394247,54,29,48494,49131,1361,790,0,0,0,0,0,0,96999,0,0,24,0,0,0,0,0,0,0,2965,0,0,0,0,0,0
295,11747,296.05004385954135,99988,92,44,6,4,2040,1137,0.0317738128575429,50,28,48481,49129,1370,794,0,0,0,0,0,0,96981,0,0,24,0,0,0,0,0,0,0,2983,0,0,0,0,0,0
296,11747,297.09639366178897,99988,86,43,6,4,2048,1141,0.03189382725927111,56,30,48471,49126,1380,796,0,0,0,0,0,0,96963,0,0,25,0,0,0,0,0,0,0,3000,0,0,0,0,0,0
297,11747,298.1429634234936,99988,87,42,6,4,2063,1146,0.03209385126215146,56,37,48463,49118,1387,798,0,0,0,0,0,0,96944,0,0,26,0,0,0,0,0,0,0,3018,0,0,0,0,0,0
298,11747,299.1896769837968,99988,82,46,6,4,2078,1154,0.032323878865463854,55,40,48453,49110,1403,799,0,0,0,0,0,0,96921,0,0,27,0,0,0,0,0,0,0,3040,0,0,0,0,0,0
299,11747,300.2366287092153,99988,86,48,6,4,2090,1166,0.03256390766892027,50,35,48451,49105,1406,807,0,0,0,0,0,0,96903,0,0,27,0,0,0,0,0,0,0,3058,0,0,0,0,0,0
300,11747,301.2836939143126,99988,91,42,6,4,2102,1173,0.032753930471656596,58,30,48439,49107,1405,816,0,0,0,0,0,0,96883,0,0,27,0,0,0,0,0,0,0,3078,0,0,0,0,0,0
301,11747,302.3309177154733,99988,93,41,6,4,2114,1179,0.03293395207424891,62,36,48426,49099,1412,819,0,0,0,0,0,0,96866,0,0,27,0,0,0,0,0,0,0,3095,0,0,0,0,0,0
302,11747,303.02913603365334,99988,95,47,6,4,2124,1190,0.03314397727727327,63,30,48418,49098,1417,820,0,0,0,0,0,0,96853,0,0,27,0,0,0,0,0,0,0,3108,0,0,0,0,0,0
303,11747,304.0766404557246,99988,93,53,6,4,2137,1202,0.0333940072808737,72,24,48403,49097,1425,821,0,0,0,0,0,0,96832,0,0,27,0,0,0,0,0,0,0,3129,0,0,0,0,0,0
304,11747,305.1243908416144,99988,95,55,6,4,2156,1213,0.03369404328519422,71,26,48391,49087,1436,827,0,0,0,0,0,0,96806,0,0,27,0,0,0,0,0,0,0,3155,0,0,0,0,0,0
305,11747,306.17239848214194,99988,98,50,6,4,2176,1220,0.03396407568908269,63,27,48383,49083,1449,835,0,0,0,0,0,0,96777,0,0,27,0,0,0,0,0,0,0,3184,0,0,0,0,0,0
306,11747,307.22066651208644,99988,100,56,6,4,2191,1230,0.03421410569268312,69,28,48367,49074,1457,837,0,0,0,0,0,0,96761,0,0,28,0,0,0,0,0,0,0,3199,0,0,0,0,0,0
307,11747,308.2691422770486,99988,105,55,6,4,2207,1236,0.0344341320958515,71,38,48355,49063,1462,839,0,0,0,0,0,0,96743,0,0,28,0,0,0,0,0,0,0,3217,0,0,0,0,0,0
308,11747,309.31776218924955,99988,101,54,6,4,2225,1245,0.03470416449973997,74,36,48339,49058,1479,847,0,0,0,0,0,0,96711,0,0,28,0,0,0,0,0,0,0,3249,0,0,0,0,0,0
309,11747,310.0170421892049,99988,100,50,6,4,2235,1250,0.03485418250190023,73,35,48332,49054,1488,856,0,0,0,0,0,0,96691,0,0,28,0,0,0,0,0,0,0,3269,0,0,0,0,0,0
310,11747,311.06622254002644,99988,99,53,6,4,2249,1261,0.03510421250550066,70,38,48326,49042,1498,862,0,0,0,0,0,0,96669,0,0,29,0,0,0,0,0,0,0,3290,0,0,0,0,0,0
311,11747,312.1155902827013,99988,110,58,6,4,2270,1272,0.035424250910109215,69,31,48310,49044,1504,862,0,0,0,0,0,0,96653,0,0,29,0,0,0,0,0,0,0,3306,0,0,0,0,0,0
312,11747,313.1651453967411,99988,114,57,6,4,2290,1282,0.035724286914429734,67,33,48299,49037,1513,868,0,0,0,0,0,0,96629,0,0,32,0,0,0,0,0,0,0,3327,0,0,0,0,0,0
313,11747,314.2149514758765,99988,107,48,6,4,2309,1292,0.03601432171860623,63,29,48290,49033,1533,885,0,0,0,0,0,0,96586,0,0,34,0,0,0,0,0,0,0,3368,0,0,0,0,0,0
314,11747,315.2651266911899,99988,108,49,6,4,2329,1301,0.03630435652278274,68,29,48273,49028,1544,889,0,0,0,0,0,0,96559,0,0,34,0,0,0,0,0,0,0,3395,0,0,0,0,0,0
315,11747,316.31556602193444,99988,110,53,6,4,2344,1310,0.036544385326239145,68,27,48263,49023,1552,892,0,0,0,0,0,0,96544,0,0,37,0,0,0,0,0,0,0,3407,0,0,0,0,0,0
316,11747,317.0159883496545,99988,102,50,6,4,2352,1315,0.036674400928111375,73,28,48257,49020,1561,897,0,0,0,0,0,0,96520,0,0,37,0,0,0,0,0,0,0,3431,0,0,0,0,0,0
317,11747,318.0668309008811,99988,94,48,6,4,2363,1321,0.036844421330559665,76,34,48246,49008,1577,905,0,0,0,0,0,0,96493,0,0,37,0,0,0,0,0,0,0,3458,0,0,0,0,0,0
318,11747,319.1179044755126,99988,99,46,6,4,2381,1329,0.03710445253430412,73,34,48237,49004,1584,911,0,0,0,0,0,0,96471,0,0,38,0,0,0,0,0,0,0,3479,0,0,0,0,0,0
319,11747,320.1692293430899,99988,105,51,6,4,2400,1338,0.0373844861383366,68,32,48227,48996,1592,915,1,1,1,1,0,0,96452,0,0,38,0,0,0,0,0,0,2,3496,0,0,0,0,0,0
320,11747,321.2207111846177,99988,101,52,6,4,2411,1345,0.03756450774092891,67,35,48220,48987,1603,919,2,2,2,2,0,0,96429,0,0,38,0,0,0,0,0,0,4,3517,0,0,0,0,0,0
321,11747,322.29363558759053,99988,104,54,6,4,2430,1355,0.03785454254510541,63,37,48211,48976,1612,925,3,3,3,3,0,0,96403,0,0,38,0,0,0,0,0,0,6,3541,0,0,0,0,0,0
322,11747,323.1732668267768,99988,99,53,6,4,2445,1360,0.03805456654798576,55,40,48210,48972,1625,926,4,4,4,4,0,0,96376,0,0,39,0,0,0,0,0,0,8,3565,0,0,0,0,0,0
323,11747,324.3066214262136,99988,100,60,6,4,2458,1372,0.03830459655158619,54,35,48201,48967,1633,928,5,5,5,5,0,0,96358,0,0,40,0,0,0,0,0,0,10,3580,0,0,0,0,0,0
324,11747,325.1091413302294,99988,101,59,6,4,2471,1379,0.03850462055446654,55,33,48189,48962,1642,935,6,6,6,6,0,0,96336,0,0,40,0,0,0,0,0,0,12,3600,0,0,0,0,0,0
325,11747,326.2931340637011,99988,101,54,6,4,2490,1389,0.038794655358643036,55,35,48175,48949,1655,949,7,8,8,7,0,0,96300,0,0,40,0,0,0,0,0,0,14,3633,1,0,0,0,0,0
326,11747,327.08085461956097,99988,104,50,6,4,2500,1395,0.03895467456094731,51,32,48172,48945,1658,958,8,10,10,8,0,0,96280,0,0,40,0,0,0,0,0,0,17,3650,1,0,0,0,0,0
327,11747,328.0267019418808,99988,107,51,6,4,2515,1402,0.0391747009641157,52,33,48160,48938,1665,961,9,12,12,9,0,0,96259,0,0,40,0,0,0,0,0,0,20,3668,1,0,0,0,0,0
328,11747,329.0110847463927,99988,101,49,6,4,2522,1411,0.03933472016641997,60,30,48150,48933,1672,968,10,15,15,10,0,0,96232,0,0,41,0,0,0,0,0,0,24,3690,1,0,0,0,0,0
329,11747,330.05863729154066,99986,101,52,8,4,2544,1420,0.039645550377052786,50,29,48144,48926,1685,971,11,17,18,11,0,0,96200,0,0,41,0,0,0,0,0,0,28,3716,1,0,0,0,0,0
330,11747,331.0444442927321,99986,99,52,8,4,2557,1425,0.03982557558058128,50,34,48138,48916,1692,972,12,21,22,12,0,0,96175,0,0,41,0,0,0,0,0,0,33,3736,1,0,0,0,0,0
331,11747,332.0799540239327,99986,96,50,8,4,2568,1431,0.03999559938391375,54,34,48127,48909,1701,976,13,26,27,13,0,0,96149,0,0,41,1,0,0,0,0,0,39,3755,1,0,0,0,0,0
332,11747,333.1617611347791,99986,92,57,8,4,2578,1442,0.04020562878803032,57,30,48119,48897,1709,980,14,31,32,14,0,0,96125,0,0,41,1,0,0,0,0,0,45,3773,1,0,0,0,0,0
333,11747,334.01202501559527,99986,101,53,8,4,2599,1446,0.04045566379293101,48,33,48110,48890,1717,982,15,37,38,15,0,0,96099,0,0,42,1,0,0,0,0,0,52,3791,1,0,0,0,0,0
334,11747,335.03096771468927,99986,94,52,8,4,2610,1454,0.04064569039665553,53,33,48100,48877,1728,989,16,44,45,16,0,0,96064,0,0,42,1,0,0,0,0,0,60,3818,1,0,0,0,0,0
335,11747,336.05713059202395,99986,107,53,8,4,2634,1460,0.04094573240253636,45,33,48088,48866,1735,991,16,52,53,17,0,0,96040,0,0,43,1,0,0,0,0,0,69,3832,1,0,0,0,0,0
336,11747,337.03981973769993,99986,112,56,8,4,2649,1468,0.04117576460704499,45,29,48076,48859,1741,990,17,61,62,18,0,0,96016,0,0,44,1,0,0,0,0,0,79,3845,1,0,0,0,0,0
337,11747,338.0785218093433,99986,101,54,8,4,2658,1480,0.04138579401116156,54,24,48068,48851,1750,995,18,71,72,19,0,0,95973,0,0,46,1,0,0,0,0,0,90,3875,1,0,0,0,0,0
338,11747,339.23432390544053,99986,106,55,8,4,2680,1488,0.041685836017042385,49,28,48064,48835,1753,996,19,81,83,20,0,0,95939,0,0,47,1,0,0,0,0,0,101,3896,2,0,0,0,0,0
339,11747,340.0075732342797,99986,102,53,8,4,2688,1494,0.04182585561978677,52,31,48058,48819,1759,999,20,93,95,21,0,0,95909,0,0,49,1,0,0,0,0,0,113,3911,3,0,0,0,0,0
340,11747,341.04453765937063,99985,99,51,8,5,2704,1502,0.04206630994649197,58,34,48041,48799,1772,1005,21,105,108,22,0,0,95870,0,0,52,1,0,0,0,0,0,126,3932,4,0,0,0,0,0
341,11747,342.2364640904327,99985,97,56,8,5,2722,1519,0.04241636245436815,70,35,48019,48772,1782,1012,23,119,122,24,0,0,95823,0,0,53,1,0,0,0,0,0,142,3962,4,0,0,0,0,0
342,11747,343.2924732855811,99985,100,62,8,5,2736,1534,0.04270640596089413,72,32,48010,48748,1784,1018,25,134,137,26,0,0,95787,0,0,54,1,0,0,0,0,0,159,3980,4,0,0,0,0,0
343,11747,344.3486573653585,99985,112,68,8,5,2759,1545,0.04304645696854528,64,26,47998,48728,1790,1021,27,151,154,28,0,0,95752,0,0,54,1,0,0,0,0,0,178,3996,4,0,0,0,0,0
344,11747,345.05286211246636,99985,118,65,8,5,2770,1548,0.04318647797169575,64,26,47989,48710,1791,1024,29,169,172,30,0,0,95722,0,0,54,1,0,0,0,0,0,197,4006,5,0,0,0,0,0
345,11747,346.1094062010689,99985,116,56,8,5,2785,1556,0.04341651247687153,65,28,47977,48683,1802,1038,31,189,192,32,0,0,95668,0,0,56,1,0,0,0,0,0,219,4036,5,0,0,0,0,0
346,11747,347.1662342360623,99985,112,53,8,5,2799,1563,0.04362654398159724,67,25,47971,48661,1809,1045,32,210,213,34,0,0,95617,0,0,56,1,0,0,0,0,0,242,4064,5,0,0,0,0,0
347,11747,348.22326203316265,99985,116,56,8,5,2817,1572,0.043896584487673154,66,26,47957,48632,1817,1047,35,233,236,37,0,0,95573,0,0,56,1,0,0,0,0,0,266,4082,7,0,0,0,0,0
348,11747,349.2805369631246,99985,110,56,8,5,2829,1580,0.04409661449217383,66,29,47949,48600,1828,1052,38,257,260,40,0,0,95520,0,0,56,1,0,0,0,0,0,293,4108,7,0,0,0,0,0
349,11747,350.3380342428557,99985,117,51,8,5,2849,1588,0.04437665649847477,63,25,47936,48575,1834,1060,41,283,286,43,0,0,95467,0,0,56,1,0,0,0,0,0,320,4132,9,0,0,0,0,0
350,11747,351.0431970499862,99985,106,47,8,5,2854,1593,0.04447667150072511,63,30,47935,48541,1843,1065,44,311,314,46,0,0,95412,0,0,56,1,0,0,0,0,0,350,4156,10,0,0,0,0,0
351,11747,352.10112437417985,99985,100,47,8,5,2867,1598,0.044656698504775716,62,32,47922,48513,1859,1065,48,337,343,50,0,0,95356,0,0,57,1,0,0,0,0,0,383,4178,10,0,0,0,0,0
352,11747,353.159374423703,99985,104,51,8,5,2881,1607,0.044886733009951496,66,32,47909,48484,1860,1060,52,367,374,54,0,0,95308,0,0,58,1,0,0,0,0,0,417,4190,11,0,0,0,0,0
353,11747,354.2178779997095,99985,100,51,8,5,2895,1615,0.04510676601490224,68,34,47896,48449,1872,1062,55,398,407,58,0,0,95248,0,0,59,1,0,0,0,0,0,452,4212,13,0,0,0,0,0
354,11747,355.27662866203076,99984,103,52,9,5,2915,1629,0.04544727156345015,60,31,47885,48407,1882,1071,60,433,442,63,0,0,95179,0,0,60,1,0,0,0,0,0,492,4239,13,0,0,0,0,0
355,11747,356.33568807291715,99984,105,58,9,5,2932,1638,0.04570731317010722,60,33,47869,48366,1891,1071,65,466,479,68,0,0,95121,0,0,60,1,0,0,0,0,0,532,4255,15,0,0,0,0,0
356,11747,357.04188989747865,99984,106,59,9,5,2942,1643,0.04585733717394783,58,31,47859,48329,1897,1071,70,504,518,73,0,0,95065,0,0,60,1,0,0,0,0,0,575,4267,16,0,0,0,0,0
357,11747,358.1014573792244,99984,101,65,9,5,2955,1657,0.046127380380860936,60,25,47845,48284,1908,1077,76,543,559,79,0,0,94994,0,0,61,1,0,0,0,0,0,621,4290,17,0,0,0,0,0
358,11747,359.1613533732786,99984,94,63,9,5,2963,1667,0.046307409185469675,60,26,47836,48240,1918,1083,82,582,602,85,0,0,94920,0,0,62,1,0,0,0,0,0,669,4314,18,0,0,0,0,0
359,11747,360.22152752421306,99984,92,65,9,5,2972,1674,0.04646743478956633,68,29,47824,48193,1919,1083,87,624,647,91,0,0,94854,0,0,62,1,0,0,0,0,0,719,4329,19,0,0,0,0,0
360,11747,361.2819416656766,99984,98,53,9,5,2994,1677,0.046717474795967356,61,33,47809,48148,1928,1091,94,669,695,98,0,0,94770,0,0,63,1,0,0,0,0,0,773,4357,20,0,0,0,0,0
361,11747,362.3427453926095,99984,97,52,9,5,3007,1683,0.04690750520083213,62,36,47796,48096,1934,1092,101,718,745,105,0,0,94694,0,0,64,1,0,0,0,0,0,829,4375,21,0,0,0,0,0
362,11747,363.050072111447,99984,100,55,9,5,3018,1689,0.04707753240518483,60,38,47785,48040,1936,1092,109,769,797,113,0,0,94623,0,0,64,1,0,0,0,0,0,889,4386,21,0,0,0,0,0
363,11747,364.1113454037656,99984,97,64,9,5,3031,1703,0.04734757561209794,63,35,47766,47981,1947,1093,117,821,852,121,0,0,94542,0,0,64,1,0,0,0,0,0,949,4404,24,0,0,0,0,0
364,11747,365.1729570942295,99984,92,63,9,5,3049,1712,0.04761761881901104,55,35,47755,47919,1962,1100,126,877,909,130,0,0,94447,0,0,66,1,0,0,0,0,0,1013,4431,26,0,0,0,0,0
365,11747,366.2349777565049,99984,90,65,9,5,3063,1722,0.047857657225156024,53,34,47745,47856,1967,1104,135,935,968,139,0,0,94360,0,0,68,1,0,0,0,0,0,1078,4448,29,0,0,0,0,0
366,11747,367.2973005601329,99984,95,59,9,5,3079,1728,0.048077692430788924,56,34,47722,47796,1973,1110,144,995,1030,149,0,0,94269,0,0,69,1,0,0,0,0,0,1147,4466,32,0,0,0,0,0
367,11747,368.0057595942801,99984,102,59,9,5,3091,1734,0.04825772123539766,56,36,47705,47732,1972,1112,155,1055,1094,160,0,0,94185,0,0,70,1,0,0,0,0,0,1221,4474,33,0,0,0,0,0
368,11747,369.06884141545686,99984,104,63,9,5,3108,1745,0.04853776604256681,48,34,47688,47665,1984,1111,166,1121,1161,171,0,0,94092,0,0,71,1,0,0,0,0,0,1293,4488,39,0,0,0,0,0
369,11747,370.13232548308537,99984,98,65,9,5,3122,1758,0.048807809249479917,52,33,47662,47593,2000,1116,178,1187,1231,183,0,0,93982,0,0,72,1,0,0,0,0,0,1373,4515,41,0,0,0,0,0
370,11747,371.1963619355624,99983,96,60,10,5,3139,1765,0.049048338217496976,52,35,47647,47529,2004,1120,190,1250,1303,195,0,0,93871,0,0,73,1,0,0,0,0,0,1454,4540,44,0,0,0,0,0
371,11747,372.26080716350464,99983,91,55,10,5,3154,1771,0.04925837392356701,53,33,47624,47460,2019,1123,202,1323,1378,208,0,0,93759,0,0,74,1,0,0,0,0,0,1536,4563,50,0,0,0,0,0
372,11747,373.3258290081984,99983,89,59,10,5,3167,1778,0.04945840792934799,59,35,47600,47383,2026,1122,215,1395,1456,222,0,0,93652,0,0,74,1,0,0,0,0,0,1625,4578,53,0,0,0,0,0
373,11747,374.03611687869443,99983,84,61,10,5,3175,1783,0.049588430033105625,63,37,47576,47304,2037,1119,229,1473,1536,236,0,0,93546,0,0,75,1,0,0,0,0,0,1716,4589,56,0,0,0,0,0
374,11747,375.10212567256116,99983,88,63,10,5,3190,1792,0.049828470840042806,61,42,47557,47214,2041,1121,242,1554,1619,251,0,0,93434,0,0,75,1,0,0,0,0,0,1810,4603,60,0,0,0,0,0
375,11747,376.16852684820446,99983,92,69,10,5,3208,1804,0.05012852184871428,54,40,47537,47127,2050,1122,256,1636,1705,267,0,0,93317,0,0,76,1,0,0,0,0,0,1908,4617,64,0,0,0,0,0
376,11747,377.23535157416376,99983,86,65,10,5,3218,1815,0.050338557554784315,60,41,47516,47039,2055,1128,272,1721,1794,284,0,0,93190,0,0,77,1,0,0,0,0,0,2005,4637,73,0,0,0,0,0
377,11747,378.30267530654066,99983,81,71,10,5,3230,1826,0.050568596661432444,59,35,47500,46961,2061,1122,288,1805,1885,302,0,0,93063,0,0,76,2,0,0,0,0,0,2110,4656,76,0,0,0,0,0
378,11747,379.01447906288683,99983,83,63,10,5,3240,1829,0.050698618765190086,60,35,47479,46871,2062,1129,305,1896,1979,320,0,0,92935,0,0,76,2,0,0,0,0,0,2219,4672,79,0,0,0,0,0
379,11747,380.08270517971727,99983,84,64,10,5,3248,1838,0.05086864767010392,72,34,47454,46779,2055,1131,324,1986,2076,339,0,0,92811,0,0,76,2,0,0,0,0,0,2328,4680,86,0,0,0,0,0
380,11747,381.15137699053145,99983,91,62,10,5,3268,1847,0.051158696978486344,68,32,47426,46688,2061,1131,343,2081,2176,359,0,0,92673,0,0,77,2,0,0,0,0,0,2443,4697,91,0,0,0,0,0
381,11747,382.22070132171444,99983,85,64,10,5,3279,1854,0.05133872758368923,73,28,47393,46596,2074,1129,364,2177,2279,380,0,0,92532,0,0,78,2,0,0,0,0,0,2563,4713,95,0,0,0,0,0
382,11747,383.2907206283632,99983,91,63,10,5,3297,1864,0.0516187751917826,59,27,47374,46491,2081,1138,384,2275,2385,402,0,0,92384,0,0,79,2,0,0,0,0,0,2689,4732,97,0,0,0,0,0
383,11747,384.0043545543601,99983,90,59,10,5,3304,1868,0.05172879389496214,66,32,47344,46386,2084,1140,405,2377,2494,425,0,0,92245,0,0,78,3,0,0,0,0,0,2812,4740,105,0,0,0,0,0
384,11747,385.0754746474314,99983,96,53,10,5,3322,1874,0.05196883470189932,62,36,47321,46287,2081,1137,429,2481,2606,449,0,0,92094,0,0,77,4,0,0,0,0,0,2939,4756,113,0,0,0,0,0
385,11747,386.14716141221544,99983,105,56,10,5,3345,1886,0.05231889421201604,59,36,47289,46176,2085,1138,451,2588,2721,474,0,0,91935,0,0,78,4,0,0,0,0,0,3076,4774,116,0,0,0,0,0
386,11747,387.21951882716854,99983,104,53,10,5,3359,1892,0.05251892821779702,61,38,47255,46070,2094,1137,475,2696,2839,500,0,0,91778,0,0,79,4,0,0,0,0,0,3210,4786,126,0,0,0,0,0
387,11747,388.292620188391,99983,107,51,10,5,3380,1902,0.05282898092675755,54,38,47227,45955,2100,1145,501,2805,2960,527,0,0,91606,0,0,79,4,0,0,0,0,0,3352,4810,132,0,0,0,0,0
388,11747,389.0083865007422,99983,107,53,10,5,3392,1907,0.052999009831671384,52,37,47200,45834,2104,1145,526,2925,3084,555,0,0,91443,0,0,79,4,0,0,0,0,0,3500,4821,136,0,0,0,0,0
389,11747,390.08271444006607,99983,100,50,10,5,3406,1910,0.05316903873658522,51,48,47174,45710,2111,1144,553,3042,3211,584,0,0,91266,0,0,81,4,0,0,0,0,0,3652,4840,140,0,0,0,0,0
390,11747,391.15774167908444,99982,97,55,10,6,3418,1922,0.053409613730471484,52,42,47143,45589,2116,1144,581,3163,3341,614,0,0,91095,0,0,81,4,0,0,0,0,0,3801,4850,151,0,0,0,0,0
391,11747,392.23354746686005,99982,93,59,10,6,3435,1934,0.053699665939869176,45,37,47111,45476,2131,1142,609,3279,3474,645,0,0,90912,0,0,82,4,0,0,0,0,0,3956,4868,160,0,0,0,0,0
392,11747,393.31019662375655,99982,92,54,10,6,3449,1943,0.05392970734732252,48,33,47071,45353,2139,1150,639,3403,3610,678,0,0,90724,0,0,83,4,0,0,0,0,0,4116,4886,169,0,0,0,0,0
393,11747,394.0284606756699,99981,88,51,11,6,3454,1945,0.05400026004940939,51,34,47043,45231,2137,1145,669,3532,3749,712,0,0,90546,0,0,84,4,0,0,0,0,0,4281,4889,177,0,0,0,0,0
394,11747,395.10667922000835,99981,94,54,11,6,3469,1954,0.054240305658075035,49,37,47007,45102,2137,1141,701,3659,3891,747,0,0,90370,0,0,84,4,0,0,0,0,0,4442,4888,193,0,0,0,0,0
395,11747,396.1856397584105,99980,83,54,12,6,3477,1966,0.054440888177635524,61,34,46966,44970,2144,1143,733,3792,4036,783,0,0,90171,0,0,86,4,0,0,0,0,0,4612,4903,204,0,0,0,0,0
396,11747,397.2654994076743,99980,87,50,12,6,3490,1972,0.054630926185237044,62,35,46926,44832,2142,1148,770,3928,4184,821,0,0,89973,0,0,86,4,0,0,0,0,0,4791,4915,211,0,0,0,0,0
397,11747,398.3462866120647,99980,88,58,12,6,3510,1985,0.05496099219843969,61,27,46887,44698,2149,1143,802,4067,4335,860,0,0,89773,0,0,88,4,0,0,0,0,0,4969,4923,223,0,0,0,0,0
398,11747,399.06730999695765,99980,88,53,12,6,3518,1988,0.055071014202840565,63,29,46850,44558,2147,1146,839,4207,4489,900,0,0,89570,0,0,89,4,0,0,0,0,0,5157,4931,229,0,0,0,0,0
399,11747,400.14981616039785,99980,96,52,12,6,3534,1998,0.05533106621324265,69,25,46798,44426,2144,1147,880,4343,4645,942,0,0,89364,0,0,88,5,0,0,0,0,0,5345,4939,239,0,0,0,0,0
400,11747,401.23341560736895,99980,92,49,12,6,3550,2004,0.05555111022204441,72,28,46751,44286,2151,1145,921,4485,4804,985,0,0,89147,0,0,88,5,0,0,0,0,0,5533,4954,253,0,0,0,0,0
401,11747,402.31809090602604,99980,95,46,12,6,3567,2013,0.05581116223244649,73,29,46701,44154,2158,1144,960,4620,4966,1030,0,0,88926,0,0,89,5,0,0,0,0,0,5729,4967,264,0,0,0,0,0
402,11747,403.04181368826545,99980,109,44,12,6,3587,2017,0.056051210242048406,66,29,46653,44006,2158,1137,1001,4777,5131,1076,0,0,88720,0,0,88,6,0,0,0,0,0,5923,4963,280,0,0,0,0,0
403,11747,404.12865886526123,99980,105,36,12,6,3600,2021,0.05622124424884977,69,32,46602,43853,2165,1141,1046,4931,5299,1123,0,0,88486,0,0,89,6,0,0,0,0,0,6129,4981,289,0,0,0,0,0
404,11747,405.2167391581351,99980,103,37,12,6,3609,2028,0.05638127625525105,74,32,46548,43696,2167,1143,1095,5085,5470,1172,0,0,88258,0,0,90,6,0,0,0,0,0,6341,4988,297,0,0,0,0,0
405,11747,406.30603548604313,99980,111,34,12,6,3630,2031,0.056621324264852974,58,32,46506,43552,2171,1137,1141,5238,5643,1222,0,0,88032,0,0,91,6,0,0,0,0,0,6549,4990,312,0,0,0,0,0
406,11747,407.0328536354159,99979,108,36,13,6,3639,2035,0.05675191790275958,54,36,46461,43384,2175,1134,1188,5403,5819,1274,0,0,87795,0,0,92,6,0,0,0,0,0,6773,4997,316,0,0,0,0,0
407,11747,408.1243577846218,99979,105,37,13,6,3656,2039,0.05696196201202253,54,39,46405,43229,2186,1125,1236,5563,5998,1328,0,0,87554,0,0,91,7,0,0,0,0,0,6991,5006,330,0,0,0,0,0
408,11747,409.2171634867691,99979,106,47,13,6,3671,2053,0.05725202292481421,57,29,46345,43077,2193,1121,1285,5719,6180,1383,0,0,87306,0,0,90,8,0,0,0,0,0,7221,5018,336,0,0,0,0,0
409,11747,410.3113026706433,99979,104,46,13,6,3688,2059,0.05748207123495934,55,27,46282,42911,2207,1122,1338,5887,6364,1440,0,0,87049,0,0,90,8,0,0,0,0,0,7452,5034,346,0,0,0,0,0
410,11747,411.04157026085477,99979,101,44,13,6,3697,2062,0.05760209644025245,59,27,46223,42745,2208,1120,1395,6057,6551,1498,0,0,86803,0,0,89,9,0,0,0,0,0,7681,5036,361,0,0,0,0,0
411,11747,412.1386663488667,99979,105,49,13,6,3719,2074,0.0579421678552496,55,23,46157,42579,2219,1121,1450,6221,6740,1558,0,0,86539,0,0,90,9,0,0,0,0,0,7921,5050,370,0,0,0,0,0
412,11747,413.237321109472,99979,113,49,13,6,3740,2080,0.058212224567159104,55,21,46088,42422,2221,1123,1509,6378,6932,1620,0,0,86281,0,0,90,10,0,0,0,0,0,8161,5054,383,0,0,0,0,0
413,11747,414.3375858957906,99979,98,44,13,6,3750,2084,0.0583522539733344,58,28,46023,42259,2238,1119,1569,6543,7126,1683,0,0,86003,0,0,90,10,0,0,0,0,0,8405,5075,396,0,0,0,0,0
414,11747,415.07199417878644,99979,100,47,13,6,3762,2089,0.05852228968083297,57,24,45951,42078,2246,1113,1632,6731,7323,1748,0,0,85739,0,0,89,11,0,0,0,0,0,8657,5078,405,0,0,0,0,0
415,11747,416.175598185959,99979,93,47,13,6,3780,2095,0.058762340091419195,53,24,45895,41903,2255,1113,1690,6906,7522,1815,0,0,85456,0,0,90,11,0,0,0,0,0,8910,5094,418,0,0,0,0,0
416,11747,417.28076967401904,99979,94,45,13,6,3793,2102,0.05896238210024105,58,21,45824,41725,2254,1118,1756,7084,7724,1884,0,0,85178,0,0,91,11,0,0,0,0,0,9168,5100,431,0,0,0,0,0
417,11747,418.01840471945263,99979,88,45,13,6,3802,2106,0.05909240940597525,61,23,45758,41542,2261,1113,1818,7270,7928,1954,0,0,84899,0,0,92,11,0,0,0,0,0,9429,5104,444,0,0,0,0,0
418,11747,419.12679500962844,99979,102,43,13,6,3825,2111,0.05937246821832585,57,24,45685,41364,2260,1113,1882,7449,8134,2026,0,0,84615,0,0,91,12,0,0,0,0,0,9698,5110,453,0,0,0,0,0
419,11747,420.23679716758465,99979,114,46,13,6,3851,2121,0.05973254383420518,80,53,45588,41161,2261,1113,1943,7620,8342,2100,0,0,84327,7,0,93,12,0,0,0,0,0,9967,5107,466,0,0,0,0,0
420,11747,421.07058569375386,99979,112,56,13,6,3863,2134,0.0599825963452325,83,49,45513,40967,2264,1102,2014,7819,8553,2176,0,0,84046,23,1,92,13,0,0,0,0,0,10231,5086,487,0,0,0,0,0
421,11747,422.32361236644965,99979,118,61,13,6,3891,2151,0.06043269086508167,80,48,45431,40777,2274,1107,2083,8000,8766,2253,0,0,83736,54,2,94,13,0,0,0,0,0,10509,5073,498,0,0,0,0,0
422,11747,423.1601573659098,99979,125,69,13,6,3912,2161,0.06074275597875554,81,47,45343,40581,2278,1102,2159,8194,8981,2332,0,0,83440,69,2,94,14,0,0,0,0,0,10790,5060,510,0,0,0,0,0
423,11747,424.41764844709223,99979,126,68,13,6,3937,2173,0.06111283369507597,89,47,45254,40396,2290,1105,2227,8377,9198,2413,0,0,83125,104,3,95,14,0,0,0,0,0,11069,5041,528,0,0,0,0,0
424,11747,425.25730920011785,99978,133,66,14,6,3962,2181,0.06144351757386625,80,53,45173,40203,2297,1109,2302,8562,9417,2496,0,0,82809,130,4,95,14,0,0,0,0,0,11358,5028,540,0,0,0,0,0
425,11747,426.0984577405484,99978,143,63,14,6,3984,2186,0.06171357698693713,75,57,45094,40004,2297,1106,2376,8763,9638,2581,0,0,82500,146,7,96,14,0,0,0,0,0,11648,5014,553,0,0,0,0,0
426,11747,427.3627158681858,99977,145,63,15,6,4012,2202,0.06215429548796223,81,54,45001,39815,2304,1117,2453,8944,9860,2668,0,0,82166,184,9,97,14,0,0,0,0,0,11941,4999,567,0,0,0,0,0
427,11747,428.20692012573136,99977,142,73,15,6,4028,2216,0.06245436450383588,85,55,44918,39620,2309,1107,2530,9138,10084,2757,0,0,81849,206,9,97,15,0,0,0,0,0,12236,4981,584,0,0,0,0,0
428,11747,429.0526836157189,99977,147,81,15,6,4046,2231,0.0627844404212969,95,54,44815,39420,2312,1101,2615,9337,10310,2848,0,0,81530,224,10,98,15,0,0,0,0,0,12536,4964,600,0,0,0,0,0
429,11747,430.3243825855128,99977,148,92,15,6,4074,2254,0.0632945577482821,100,46,44711,39227,2329,1105,2696,9523,10537,2941,0,0,81189,261,11,99,15,0,0,0,0,0,12839,4947,616,0,0,0,0,0
430,11747,431.1737443569503,99977,150,91,15,6,4101,2267,0.06369464976944697,99,45,44616,39021,2336,1112,2783,9724,10766,3035,0,0,80851,288,20,101,16,0,0,0,0,0,13141,4933,627,0,0,0,0,0
431,11747,432.02487978984607,99977,151,88,15,6,4122,2275,0.0639847164847915,101,45,44516,38828,2345,1111,2871,9921,10997,3131,0,0,80512,313,24,103,16,0,0,0,0,0,13451,4918,640,0,0,0,0,0
432,11747,433.3050363860009,99977,157,88,15,6,4158,2289,0.06448483151124759,119,42,44391,38641,2358,1113,2959,10109,11229,3229,0,0,80170,353,25,106,16,0,0,0,0,0,13752,4887,668,0,0,0,0,0
433,11747,434.1602865560443,99977,153,86,15,6,4179,2296,0.06476489592606299,116,39,44295,38437,2367,1118,3053,10313,11462,3329,0,0,79823,382,30,106,16,0,0,0,0,0,14065,4872,683,0,0,0,0,0
434,11747,435.0174631208667,99977,160,82,15,6,4207,2305,0.0651349810456405,115,41,44190,38245,2376,1119,3143,10506,11697,3431,0,0,79479,408,38,105,17,0,0,0,0,0,14375,4854,701,0,0,0,0,0
435,11747,436.30685142346414,99977,164,82,15,6,4243,2319,0.06563509607209658,113,46,44077,38050,2395,1118,3235,10697,11933,3535,0,0,79117,449,41,107,17,0,0,0,0,0,14693,4833,720,0,0,0,0,0
436,11747,437.1682632632911,99976,164,87,16,6,4261,2329,0.06591581979675122,127,50,43973,37845,2398,1114,3321,10897,12170,3641,0,0,78772,469,43,107,17,0,0,0,0,0,15015,4814,739,0,0,0,0,0
437,11747,438.03153841396596,99976,180,83,16,6,4296,2337,0.06634592302152517,108,52,43871,37644,2403,1114,3421,11100,12408,3749,0,0,78417,494,48,108,17,0,0,0,0,0,15340,4797,755,0,0,0,0,0
438,11747,439.3299832557803,99976,191,83,16,6,4343,2353,0.06697607425782187,106,53,43750,37451,2420,1120,3516,11286,12648,3859,0,0,78037,543,51,107,18,0,0,0,0,0,15668,4779,773,0,0,0,0,0
439,11747,440.1974900401914,99976,199,85,16,6,4373,2365,0.06739617508201969,93,53,43654,37244,2424,1118,3613,11493,12889,3971,0,0,77676,571,54,108,18,0,0,0,0,0,15998,4758,793,0,0,0,0,0
440,11747,441.0669716063934,99976,202,82,16,6,4398,2374,0.06773625670160839,96,51,43532,37027,2435,1125,3718,11708,13131,4085,0,0,77309,594,64,109,18,0,0,0,0,0,16332,4745,805,0,0,0,0,0
441,11747,442.3752169343557,99976,214,80,16,6,4435,2388,0.06824637913099144,101,57,43405,36845,2444,1123,3819,11888,13373,4201,0,0,76938,624,72,112,18,0,0,0,0,0,16665,4725,822,0,0,0,0,0
442,11747,443.24937883455897,99976,212,79,16,6,4459,2399,0.06859646315115628,113,58,43279,36630,2457,1123,3922,12103,13616,4319,0,0,76568,658,75,113,18,0,0,0,0,0,16998,4699,847,0,0,0,0,0
443,11747,444.1260180556354,99976,203,77,16,6,4480,2407,0.06888653276786429,128,63,43156,36413,2464,1128,4032,12312,13860,4439,0,0,76195,688,80,117,18,0,0,0,0,0,17335,4674,869,0,0,0,0,0
444,11747,445.005118891533,99975,206,75,17,6,4506,2416,0.06923730932733184,119,73,43045,36202,2469,1126,4143,12517,14105,4561,0,0,75821,715,85,117,19,0,0,0,0,0,17676,4654,888,0,0,0,0,0
445,11747,446.32775012102485,99974,216,84,18,6,4557,2443,0.07001820473323064,113,66,42922,36013,2495,1125,4235,12705,14350,4685,0,0,75417,767,91,115,21,0,0,0,0,0,18021,4638,904,0,0,0,0,0
446,11747,447.2115482918368,99974,214,88,18,6,4580,2455,0.07036829575689679,119,72,42801,35795,2501,1127,4346,12911,14596,4811,0,0,75037,795,94,116,22,0,0,0,0,0,18370,4617,923,0,0,0,0,0
447,11747,448.09782343965566,99974,224,95,18,6,4612,2473,0.07086842579070558,123,71,42680,35580,2503,1129,4451,13118,14843,4938,0,0,74658,819,102,117,22,0,0,0,0,0,18717,4597,942,0,0,0,0,0
448,11747,449.4314900318932,99974,231,109,18,6,4663,2499,0.07163862604277112,126,60,42535,35399,2532,1130,4557,13295,15090,5067,0,0,74261,861,111,120,24,0,0,0,0,0,19063,4573,961,0,0,0,0,0
449,11747,450.3230392139375,99974,229,108,18,6,4687,2511,0.07199871966711345,139,61,42404,35190,2537,1133,4672,13501,15337,5198,0,0,73880,882,121,126,24,0,0,0,0,0,19411,4549,981,0,0,0,0,0
450,11747,451.2172439737402,99974,245,106,18,6,4724,2524,0.07249884970092224,136,58,42262,34992,2547,1131,4791,13706,15585,5331,0,0,73493,907,131,126,25,0,0,0,0,0,19763,4530,999,0,0,0,0,0
451,11747,452.1142751222749,99974,239,104,18,6,4752,2535,0.0728889511272931,149,63,42122,34788,2563,1133,4908,13905,15833,5466,0,0,73098,942,142,127,25,0,0,0,0,0,20112,4506,1022,0,0,0,0,0
452,11747,453.01420463153016,99974,237,106,18,6,4785,2545,0.07331906295636866,150,72,41976,34576,2585,1131,5033,14108,16081,5603,0,0,72701,972,152,130,25,0,0,0,0,0,20469,4485,1040,0,0,0,0,0
453,11747,454.3693494663703,99974,241,102,18,6,4831,2566,0.07398923720167243,157,75,41838,34385,2602,1139,5143,14292,16330,5742,0,0,72285,1021,168,131,25,0,0,0,0,0,20819,4463,1062,0,0,0,0,0
454,11747,455.27531609709024,99974,247,105,18,6,4873,2587,0.0746194010442715,146,68,41708,34160,2620,1149,5260,14511,16579,5882,0,0,71868,1066,175,133,25,0,0,0,0,0,21184,4444,1079,0,0,0,0,0
455,11747,456.1840984213072,99973,236,111,19,6,4898,2605,0.07505026357116422,157,76,41568,33952,2637,1150,5382,14704,16828,6024,0,0,71467,1097,189,134,25,0,0,0,0,0,21538,4421,1102,0,0,0,0,0
456,11747,457.09589227075816,99973,242,109,19,6,4934,2621,0.07557040400908245,155,74,41423,33744,2653,1152,5507,14914,17077,6168,0,0,71066,1130,200,137,25,0,0,0,0,0,21894,4393,1128,0,0,0,0,0
457,11747,458.01087006088716,99973,249,114,19,6,4970,2641,0.07613055524991748,159,75,41278,33552,2664,1155,5630,15097,17326,6314,0,0,70660,1164,208,139,25,0,0,0,0,0,22258,4368,1151,0,0,0,0,0
458,11747,459.3887757270802,99973,248,112,19,6,5028,2665,0.07695077670971162,159,75,41128,33355,2706,1167,5739,15284,17575,6461,0,0,70215,1232,220,142,26,0,0,0,0,0,22622,4346,1170,0,0,0,0,0
459,11747,460.3101198438698,99973,249,108,19,6,5063,2671,0.0773608874396087,168,81,40985,33145,2721,1166,5857,15493,17823,6610,0,0,69808,1258,235,143,27,0,0,0,0,0,22987,4329,1186,0,0,0,0,0
460,11747,461.23461017419885,99973,279,115,19,6,5113,2697,0.07812109269502766,169,74,40826,32944,2725,1174,5981,15686,18071,6761,0,0,69408,1284,246,144,28,0,0,0,0,0,23350,4303,1210,0,0,0,0,0
461,11747,462.16235707664293,99972,272,124,20,6,5146,2718,0.07866202536710279,178,73,40668,32747,2750,1171,6111,15878,18319,6913,0,0,68993,1318,260,147,28,0,0,0,0,0,23716,4280,1230,0,0,0,0,0
462,11747,463.09359996076256,99972,253,117,20,6,5173,2729,0.07904213179690313,187,82,40520,32547,2775,1180,6244,16067,18567,7067,0,0,68568,1362,275,150,29,0,0,0,0,0,24081,4256,1251,0,0,0,0,0
463,11747,464.0284165412451,99972,250,127,20,6,5216,2749,0.07967230824630897,196,80,40359,32342,2800,1178,6374,16266,18814,7223,0,0,68153,1396,292,154,29,0,0,0,0,0,24444,4230,1274,0,0,0,0,0
464,11747,465.4368643757091,99972,254,126,20,6,5273,2776,0.08051254351218341,211,80,40198,32162,2820,1198,6496,16427,19061,7380,0,0,67710,1449,315,157,30,0,0,0,0,0,24810,4213,1288,0,0,0,0,0
465,11747,466.37889878223234,99972,264,130,20,6,5324,2795,0.08121273956707878,204,83,40042,31951,2838,1197,6631,16632,19308,7539,0,0,67282,1489,330,158,30,0,0,0,0,0,25183,4194,1306,0,0,0,0,0
466,11747,467.32456081371777,99972,265,137,20,6,5370,2816,0.0818829272196215,199,81,39875,31776,2869,1195,6771,16804,19554,7699,0,0,66861,1529,347,160,30,0,0,0,0,0,25547,4167,1331,0,0,0,0,0
467,11747,468.2740491166557,99972,285,139,20,6,5419,2839,0.0826031288760853,204,86,39712,31579,2876,1208,6902,16981,19799,7861,0,0,66438,1563,360,163,30,0,0,0,0,0,25923,4146,1349,0,0,0,0,0
468,11747,469.22724343816344,99972,292,135,20,6,5478,2857,0.08337334453647022,190,89,39551,31399,2910,1209,7036,17161,20044,8024,0,0,66014,1608,388,162,32,0,0,0,0,0,26274,4118,1376,0,0,0,0,0
469,11747,470.18432481656663,99972,300,137,20,6,5519,2876,0.08397351258352338,197,80,39392,31207,2926,1216,7164,17353,20288,8189,0,0,65589,1640,403,165,32,0,0,0,0,0,26652,4099,1392,0,0,0,0,0
470,11747,471.1452408278597,99970,309,142,22,6,5567,2895,0.08464539361808543,214,94,39226,31009,2938,1219,7290,17529,20532,8355,0,0,65166,1670,420,167,33,0,0,0,0,0,27025,4078,1411,0,0,0,0,0
471,11747,472.1099156425677,99970,317,142,22,6,5619,2919,0.08540562168650595,214,92,39067,30818,2958,1232,7421,17709,20775,8522,0,0,64732,1715,439,170,33,0,0,0,0,0,27394,4054,1433,0,0,0,0,0
472,11747,473.0783064800266,99970,323,137,22,6,5674,2933,0.08609582874862459,205,100,38904,30642,2989,1229,7556,17885,21017,8691,0,0,64315,1750,463,177,33,0,0,0,0,0,27750,4018,1464,0,0,0,0,0
473,11747,474.05081616529486,99970,335,140,22,6,5722,2952,0.08676602980894269,208,105,38731,30453,3004,1238,7699,18057,21258,8861,0,0,63881,1788,476,178,33,0,0,0,0,0,28133,4002,1479,0,0,0,0,0
474,11747,475.02740922956093,99970,342,150,22,6,5772,2982,0.08756626988096429,219,94,38567,30266,3018,1246,7831,18237,21499,9032,0,0,63453,1831,496,177,34,0,0,0,0,0,28498,3976,1505,0,0,0,0,0
475,11747,476.0080005239364,99970,336,148,22,6,5819,3005,0.08826647994398319,211,100,38413,30089,3053,1256,7964,18400,21739,9205,0,0,63007,1875,525,178,37,0,0,0,0,0,28870,3964,1514,0,0,0,0,0
476,11747,477.4859458476799,99970,342,142,22,6,5893,3036,0.08931679503851156,206,92,38240,29933,3092,1286,8097,18540,21978,9379,0,0,62540,1945,554,183,37,0,0,0,0,0,29237,3943,1531,0,0,0,0,0
477,11747,478.4749521478428,99970,338,146,22,6,5940,3060,0.09002700810243074,211,91,38067,29745,3119,1291,8242,18720,22216,9554,0,0,62103,1996,571,183,40,0,0,0,0,0,29606,3916,1555,0,0,0,0,0
478,11747,479.4685266958911,99970,340,152,22,6,5992,3083,0.09077723316995098,213,95,37885,29572,3154,1290,8385,18884,22453,9730,0,0,61672,2038,589,188,41,0,0,0,0,0,29976,3887,1579,0,0,0,0,0
479,11747,480.46664250207556,99970,331,156,22,6,6038,3105,0.09145743723116935,209,96,37724,29405,3194,1294,8519,19042,22689,9907,0,0,61235,2086,610,192,41,0,0,0,0,0,30344,3859,1603,0,0,0,0,0
480,11747,481.4693289524207,99970,341,158,22,6,6092,3123,0.0921776532959888,210,109,37566,29236,3211,1295,8649,19195,22924,10085,0,0,60812,2119,633,194,42,0,0,0,0,0,30710,3834,1626,0,0,0,0,0
481,11747,482.4761069630157,99970,335,166,22,6,6143,3154,0.09299789936981094,218,104,37395,29054,3242,1305,8787,19364,23158,10264,0,0,60374,2167,659,199,42,0,0,0,0,0,31073,3806,1650,0,0,0,0,0
482,11747,483.4873129286182,99970,344,173,22,6,6196,3183,0.0938181454436331,223,103,37225,28886,3258,1314,8927,19517,23391,10444,0,0,59947,2198,690,200,44,0,0,0,0,0,31437,3788,1666,0,0,0,0,0
483,11747,484.50308727125883,99970,349,181,22,6,6258,3211,0.0947184155246574,222,102,37042,28731,3295,1312,9069,19667,23623,10625,0,0,59519,2234,724,202,48,0,0,0,0,0,31795,3764,1684,0,0,0,0,0
484,11747,485.01213221961285,99970,350,185,22,6,6280,3227,0.09509852955886766,223,101,36886,28538,3288,1313,9230,19856,23853,10807,0,0,59124,2235,751,203,51,0,0,0,0,0,32161,3745,1700,0,0,0,0,0
485,11747,486.0372173362533,99970,361,179,22,6,6337,3252,0.0959187756326898,214,98,36724,28376,3304,1334,9374,20006,24082,10990,0,0,58697,2272,782,205,56,0,0,0,0,0,32518,3721,1719,0,0,0,0,0
486,11747,487.06661084720884,99969,348,169,23,6,6391,3274,0.09667997079094519,209,103,36558,28216,3340,1356,9521,20149,24310,11173,0,0,58248,2326,821,207,58,0,0,0,0,0,32873,3701,1735,0,0,0,0,0
487,11747,488.1009504216882,99969,352,173,23,6,6439,3303,0.09745020956496514,212,95,36400,28060,3350,1366,9662,20299,24537,11357,0,0,57833,2354,856,209,62,0,0,0,0,0,33225,3675,1755,0,0,0,0,0
488,11747,489.139885455649,99969,360,177,23,6,6488,3330,0.09821044523802379,220,92,36240,27906,3365,1370,9791,20448,24763,11542,0,0,57412,2387,882,211,65,0,0,0,0,0,33587,3650,1775,0,0,0,0,0
489,11747,490.18310274144164,99969,363,177,23,6,6541,3354,0.09898068401204374,231,89,36059,27764,3393,1377,9930,20586,24987,11728,0,0,56995,2411,923,215,67,0,0,0,0,0,33936,3629,1793,0,0,0,0,0
490,11747,491.23130036011787,99968,376,171,23,7,6608,3383,0.0999419814340589,221,83,35882,27619,3422,1385,10075,20734,25210,11914,0,0,56564,2456,958,219,68,0,0,0,0,0,34283,3601,1819,0,0,0,0,0
491,11747,492.2847362800957,99967,361,163,24,7,6662,3408,0.10073324196985005,229,95,35725,27468,3452,1406,10208,20860,25432,12101,0,0,56138,2492,1013,222,74,0,0,0,0,0,34616,3578,1834,0,0,0,0,0
492,11747,493.34300839088843,99967,358,176,24,7,6729,3443,0.10175357868096471,226,91,35560,27326,3492,1410,10339,20989,25652,12288,0,0,55700,2539,1048,228,75,0,0,0,0,0,34969,3556,1852,0,0,0,0,0
493,11747,494.4061858908256,99965,356,178,26,7,6792,3463,0.10258590506677337,217,101,35405,27168,3523,1412,10472,21133,25871,12476,0,0,55276,2573,1091,231,75,0,0,0,0,0,35313,3534,1872,0,0,0,0,0
494,11747,495.4740476443139,99965,342,196,26,7,6840,3499,0.1034261991697094,236,91,35229,27017,3550,1417,10616,21271,26089,12664,0,0,54846,2609,1127,234,78,0,0,0,0,0,35669,3519,1883,0,0,0,0,0
495,11747,496.00923150174583,99965,349,188,26,7,6874,3513,0.10390636722852999,228,89,35063,26852,3555,1424,10778,21439,26305,12853,0,0,54452,2620,1163,234,80,0,0,0,0,0,36016,3497,1903,0,0,0,0,0
496,11747,497.087402815724,99963,366,183,27,8,6942,3541,0.10486880145653892,225,96,34891,26716,3573,1440,10917,21556,26520,13042,0,0,54018,2670,1193,230,86,0,0,0,0,0,36368,3479,1919,0,0,0,0,0
497,11747,498.1707026832166,99962,362,178,28,8,6998,3566,0.10568015846021488,219,97,34753,26580,3580,1457,11057,21679,26733,13231,0,0,53601,2709,1238,232,88,0,0,0,0,0,36699,3452,1943,0,0,0,0,0
498,11747,499.2585441467571,99962,364,177,28,8,7055,3602,0.10661051199455793,229,86,34565,26439,3613,1484,11200,21805,26945,13421,0,0,53163,2762,1272,232,92,0,0,0,0,0,37049,3435,1957,0,0,0,0,0
499,11747,500.35184627364765,99961,371,173,29,8,7118,3622,0.10744190234191335,213,105,34407,26299,3635,1490,11344,21924,27156,13611,0,0,52754,2794,1309,235,97,0,0,0,0,0,37387,3407,1978,0,0,0,0,0
500,11747,501.4504893967049,99961,375,166,29,8,7174,3647,0.10825221836516241,223,110,34223,26155,3657,1507,11492,22053,27365,13801,0,0,52335,2831,1349,238,99,0,0,0,0,0,37727,3387,1995,0,0,0,0,0
501,11747,502.0010834252161,99961,366,171,29,8,7204,3664,0.1087224017366773,221,108,34068,25990,3667,1509,11648,22213,27573,13991,0,0,51940,2850,1376,239,102,0,0,0,0,0,38075,3364,2015,0,0,0,0,0
502,11747,503.1107523313324,99961,358,173,29,8,7258,3688,0.1095027060553616,231,109,33900,25884,3696,1514,11785,22311,27779,14181,0,0,51524,2891,1413,240,105,0,0,0,0,0,38411,3342,2035,0,0,0,0,0
503,11747,504.22578008570486,99961,379,175,29,8,7329,3720,0.11053310791208572,221,101,33737,25766,3714,1527,11919,22422,27984,14372,0,0,51120,2918,1460,239,109,0,0,0,0,0,38738,3324,2053,0,0,0,0,0
504,11747,505.3460234633858,99961,384,180,29,8,7384,3759,0.11147347465511549,225,91,33589,25643,3714,1549,12058,22528,28187,14563,0,0,50721,2949,1503,246,112,0,0,0,0,0,39063,3291,2076,0,0,0,0,0
505,11747,506.47128853915353,99960,408,166,30,8,7466,3774,0.11244497799119647,206,114,33421,25532,3733,1560,12201,22619,28389,14754,0,0,50315,2981,1548,249,115,0,0,0,0,0,39388,3268,2096,0,0,0,0,0
506,11747,507.03531305085284,99960,412,163,30,8,7500,3788,0.11292517006802721,207,115,33244,25382,3745,1561,12361,22770,28589,14945,0,0,49925,2996,1577,251,116,0,0,0,0,0,39734,3250,2111,0,0,0,0,0
507,11747,508.17178819047734,99960,405,167,30,8,7556,3820,0.11380552220888356,198,110,33090,25256,3776,1569,12500,22889,28788,15136,0,0,49519,3029,1627,254,119,0,0,0,0,0,40056,3229,2127,0,0,0,0,0
508,11747,509.313829394879,99960,391,158,30,8,7613,3849,0.11466586634653861,207,115,32925,25146,3814,1587,12632,22985,28985,15326,0,0,49109,3071,1684,260,121,0,0,0,0,0,40365,3204,2146,0,0,0,0,0
509,11747,510.46168680993037,99960,384,170,30,8,7671,3882,0.11557623049219688,206,114,32766,25032,3838,1589,12775,23086,29181,15516,0,0,48700,3112,1721,265,122,0,0,0,0,0,40694,3181,2165,0,0,0,0,0
510,11747,511.0370341004107,99960,388,177,30,8,7704,3898,0.11606642657062825,204,111,32602,24910,3843,1580,12932,23213,29375,15706,0,0,48333,3117,1752,265,124,0,0,0,0,0,41025,3159,2185,0,0,0,0,0
511,11747,512.1963902450016,99958,394,180,31,9,7770,3929,0.1170391564457072,196,108,32442,24819,3869,1583,13067,23300,29568,15896,0,0,47933,3155,1796,265,127,0,0,0,0,0,41340,3137,2205,0,0,0,0,0
512,11747,513.3613369183997,99958,386,185,31,9,7834,3964,0.11802957242041658,184,98,32305,24714,3905,1599,13188,23394,29759,16086,0,0,47540,3195,1851,268,129,1,0,0,0,0,41638,3106,2230,0,0,0,0,0
513,11747,514.5317100086921,99957,402,189,32,9,7903,3998,0.1190611963144152,177,85,32158,24628,3919,1615,13311,23473,29949,16276,0,0,47150,3223,1900,269,132,1,0,0,0,0,41949,3086,2247,0,0,0,0,0
514,11747,515.1179124085875,99957,400,187,32,9,7936,4005,0.11946136838840701,179,92,32003,24483,3925,1609,13460,23619,30137,16465,0,0,46782,3234,1926,271,136,1,0,0,0,0,42279,3064,2264,0,0,0,0,0
515,11747,516.299218800346,99957,393,181,32,9,7990,4032,0.12027171683824045,194,87,31848,24402,3949,1631,13583,23689,30324,16654,0,0,46400,3261,1982,278,138,1,0,0,0,0,42576,3036,2285,0,0,0,0,0
516,11747,517.4862401964022,99956,371,180,33,9,8038,4059,0.12102325023010124,195,89,31726,24306,3973,1639,13701,23776,30509,16842,0,0,46010,3290,2039,282,141,1,0,0,0,0,42876,3018,2299,0,0,0,0,0
517,11747,518.0810659190836,99956,365,172,33,9,8068,4075,0.12148345271919644,196,87,31555,24172,3992,1650,13858,23909,30692,17030,0,0,45636,3306,2076,284,142,2,0,0,0,0,43194,3004,2312,0,0,0,0,0
518,11747,519.2791408758239,99955,357,167,34,9,8125,4100,0.12230503726677004,201,88,31410,24112,4013,1660,13984,23963,30874,17218,0,0,45263,3330,2124,294,147,2,0,0,0,0,43488,2972,2335,0,0,0,0,0
519,11747,520.4831658640755,99954,353,165,35,9,8191,4123,0.12319667046841547,198,90,31290,24040,4038,1667,14085,24028,31054,17405,0,0,44877,3366,2170,303,147,2,0,0,0,0,43788,2946,2355,0,0,0,0,0
520,11747,521.0861439246978,99954,352,162,35,9,8219,4135,0.12359685455309442,189,89,31150,23907,4038,1670,14235,24162,31233,17592,0,0,44542,3356,2218,304,149,2,0,0,0,0,44082,2924,2377,0,0,0,0,0
521,11747,522.3006617381786,99954,361,161,35,9,8275,4166,0.12446725493727115,188,88,31005,23837,4050,1687,14360,24217,31410,17778,0,0,44181,3374,2270,308,151,2,0,0,0,0,44370,2900,2398,0,0,0,0,0
522,11747,523.5207182080763,99954,349,165,35,9,8328,4198,0.1253176461172139,200,86,30865,23768,4070,1702,14480,24269,31586,17964,0,0,43809,3402,2320,311,158,2,0,0,0,0,44661,2877,2414,0,0,0,0,0
523,11747,524.1321028624277,99953,348,158,36,9,8365,4209,0.12579912558902684,187,86,30716,23646,4079,1706,14633,24394,31760,18149,0,0,43460,3412,2360,310,163,2,0,0,0,0,44959,2857,2430,0,0,0,0,0
524,11747,525.363678504057,99953,360,163,36,9,8430,4232,0.12667953938351026,184,89,30577,23569,4091,1705,14751,24464,31933,18333,0,0,43107,3430,2405,311,167,2,0,0,0,0,45246,2834,2451,0,0,0,0,0
525,11747,526.6007451768244,99952,351,161,37,9,8495,4263,0.1276412678085481,181,90,30447,23493,4129,1711,14854,24535,32104,18517,0,0,42747,3456,2477,313,171,2,0,0,0,0,45505,2811,2470,0,0,0,0,0
526,11747,527.2202173553292,99952,340,149,37,9,8516,4277,0.12799143588922682,192,92,30306,23368,4133,1731,14991,24650,32274,18700,0,0,42415,3468,2518,312,176,2,0,0,0,0,45783,2779,2499,0,0,0,0,0
527,11747,528.4687351450494,99952,334,150,37,9,8571,4309,0.1288618536897711,196,92,30179,23279,4154,1748,15099,24721,32442,18882,0,0,42057,3496,2574,313,180,2,0,0,0,0,46054,2758,2518,0,0,0,0,0
528,11747,529.094079416928,99952,337,146,37,9,8603,4321,0.1293020649911958,198,90,30039,23173,4146,1751,15242,24830,32609,19064,0,0,41719,3500,2614,314,180,2,0,0,0,0,46348,2742,2533,0,0,0,0,0
529,11747,530.3537773079705,99952,332,142,37,9,8659,4351,0.13016247798943492,218,88,29924,23121,4168,1766,15320,24873,32774,19245,0,0,41374,3526,2676,315,184,2,0,0,0,0,46603,2714,2558,0,0,0,0,0
530,11747,531.618259703678,99952,341,147,37,9,8727,4379,0.13112293901072514,211,87,29808,23069,4178,1768,15424,24919,32938,19425,0,0,41027,3545,2731,317,187,2,0,0,0,0,46873,2696,2574,0,0,0,0,0
531,11747,532.2514602482994,99952,352,143,37,9,8768,4386,0.13160316952137024,194,93,29671,22971,4183,1765,15562,25018,33100,19604,0,0,40689,3553,2759,319,188,2,0,0,0,0,47173,2683,2586,0,0,0,0,0
532,11747,533.5266512048282,99952,341,155,37,9,8818,4417,0.13241355850808387,198,79,29553,22914,4213,1770,15657,25072,33261,19783,0,0,40345,3578,2809,318,192,2,0,0,0,0,47440,2663,2605,0,0,0,0,0
533,11747,534.1654195483551,99952,338,150,37,9,8851,4424,0.13281375060028813,200,90,29414,22810,4219,1763,15791,25177,33420,19961,0,0,40040,3573,2858,317,197,2,0,0,0,0,47701,2637,2627,0,0,0,0,0
534,11747,535.4518231617477,99952,344,159,37,9,8921,4456,0.133834240435409,180,89,29329,22775,4227,1771,15882,25196,33578,20138,0,0,39719,3574,2930,319,202,2,0,0,0,0,47943,2619,2644,0,0,0,0,0
535,11747,536.0959678328303,99952,334,163,37,9,8946,4474,0.13426444693452858,185,87,29203,22680,4231,1770,16009,25290,33734,20314,0,0,39403,3581,2969,318,205,2,0,0,0,0,48213,2596,2665,0,0,0,0,0
536,11747,537.392082195825,99951,338,154,38,9,9007,4499,0.13512621184380347,182,89,29092,22624,4242,1782,16107,25341,33889,20489,0,0,39074,3603,3028,321,209,2,0,0,0,0,48458,2569,2687,0,0,0,0,0
537,11747,538.0410745166289,99951,345,143,38,9,9042,4501,0.135496393232684,175,95,28981,22544,4232,1780,16228,25428,34042,20663,0,0,38772,3595,3072,319,214,2,0,0,0,0,48722,2554,2701,0,0,0,0,0
538,11747,539.3475185226986,99951,336,131,38,9,9091,4523,0.1362067413032386,179,93,28877,22497,4250,1795,16319,25474,34194,20836,0,0,38446,3622,3126,320,221,2,0,0,0,0,48964,2527,2723,0,0,0,0,0
539,11747,540.001697706584,99951,328,133,38,9,9120,4538,0.13664695700893437,173,86,28763,22405,4250,1794,16447,25572,34344,21008,0,0,38144,3625,3168,316,227,2,0,0,0,0,49219,2507,2743,0,0,0,0,0
540,11747,541.3182732789576,99951,314,146,38,9,9174,4576,0.13756740802993467,162,68,28683,22377,4271,1803,16531,25596,34493,21179,0,0,37806,3651,3226,317,231,2,0,0,0,0,49470,2497,2751,0,0,0,0,0
541,11747,542.6387614208045,99951,301,137,38,9,9224,4592,0.13822773158847834,164,67,28568,22351,4312,1806,16616,25629,34640,21349,0,0,37486,3665,3290,321,234,2,0,0,0,0,49709,2482,2762,0,0,0,0,0
542,11747,543.2998973370827,99951,297,126,38,9,9252,4602,0.1386079178797611,156,70,28443,22265,4320,1812,16745,25717,34786,21518,0,0,37191,3658,3338,325,237,2,0,0,0,0,49958,2465,2777,0,0,0,0,0
543,11747,544.6318148436488,99950,281,115,39,9,9307,4623,0.1393696848424212,143,64,28367,22257,4349,1824,16820,25730,34931,21686,0,0,36878,3682,3400,332,238,3,0,0,0,0,50178,2433,2806,0,0,0,0,0
544,11747,545.2987678059409,99950,296,116,39,9,9340,4639,0.1398599299649825,130,64,28266,22175,4332,1826,16936,25809,35074,21853,0,0,36593,3669,3443,331,241,3,0,0,0,0,50432,2422,2816,0,0,0,0,0
545,11747,546.6401580082719,99950,283,118,39,9,9381,4662,0.14050025012506254,139,55,28169,22160,4346,1829,17023,25828,35216,22019,0,0,36275,3688,3488,336,245,3,0,0,0,0,50684,2408,2823,0,0,0,0,0
546,11747,547.3112895029807,99950,285,125,39,9,9405,4676,0.14088044022011006,135,51,28062,22085,4340,1825,17138,25904,35356,22184,0,0,35996,3673,3521,341,246,3,0,0,0,0,50940,2392,2838,0,0,0,0,0
547,11747,548.6623620272027,99950,266,113,39,9,9448,4689,0.1414407203601801,129,48,28009,22074,4355,1834,17201,25921,35495,22348,0,0,35702,3679,3588,345,250,3,0,0,0,0,51156,2372,2855,0,0,0,0,0
548,11747,549.3384998465714,99950,261,108,39,9,9469,4696,0.14172086043021512,136,48,27902,21999,4342,1836,17319,25999,35633,22511,0,0,35418,3678,3627,343,252,3,0,0,0,0,51402,2358,2869,0,0,0,0,0
549,11747,550.0168338746828,99950,253,102,39,9,9489,4703,0.14199099549774888,125,49,27812,21913,4337,1839,17433,26087,35769,22673,0,0,35146,3669,3672,339,258,4,0,0,0,0,51637,2345,2880,0,0,0,0,0
550,11747,551.3810949652105,99950,241,108,39,9,9532,4726,0.14265132566283142,113,39,27766,21892,4338,1838,17502,26113,35904,22834,0,0,34859,3672,3732,341,262,4,0,0,0,0,51858,2331,2891,0,0,0,0,0
551,11747,552.0634127589578,99950,235,98,39,9,9555,4731,0.14293146573286644,106,43,27665,21829,4329,1834,17625,26186,36038,22994,0,0,34585,3666,3778,341,265,4,0,0,0,0,52091,2317,2903,0,0,0,0,0
552,11747,553.4352599412098,99950,232,96,39,9,9590,4747,0.14344172086043022,96,46,27622,21830,4319,1834,17691,26184,36170,23153,0,0,34317,3657,3836,342,268,4,0,0,0,0,52307,2302,2917,0,0,0,0,0
553,11747,554.1214379844592,99950,221,94,39,9,9608,4757,0.14372186093046524,99,44,27527,21764,4313,1831,17800,26257,36301,23311,0,0,34062,3646,3879,345,272,4,0,0,0,0,52528,2276,2938,0,0,0,0,0
554,11747,555.5006760425146,99950,205,93,39,9,9636,4769,0.14412206103051525,102,49,27467,21752,4313,1827,17873,26269,36431,23468,0,0,33793,3647,3930,345,276,4,0,0,0,0,52744,2257,2954,0,0,0,0,0
555,11747,556.1905990627339,99950,201,89,39,9,9652,4773,0.14432216108054027,99,48,27381,21706,4299,1821,17980,26326,36559,23623,0,0,33545,3631,3964,344,283,4,0,0,0,0,52970,2239,2970,0,0,0,0,0
556,11747,557.5777441404902,99950,201,80,39,9,9686,4786,0.14479239619809905,89,45,27339,21709,4293,1824,18038,26332,36686,23777,0,0,33286,3624,4015,345,291,4,0,0,0,0,53182,2223,2980,0,0,0,0,0
557,11747,558.2713411898923,99950,188,79,39,9,9704,4793,0.1450425212606303,87,43,27252,21660,4294,1822,18139,26386,36812,23930,0,0,33026,3623,4048,345,297,4,0,0,0,0,53409,2205,2993,0,0,0,0,0
558,11747,559.6654282234981,99950,187,80,39,9,9737,4812,0.14556278139069534,78,37,27204,21684,4298,1827,18193,26362,36937,24082,0,0,32762,3625,4088,346,303,4,0,0,0,0,53628,2189,3005,0,0,0,0,0
559,11747,560.3626026030674,99949,187,88,39,10,9756,4824,0.14587439594193038,73,31,27108,21628,4291,1818,18301,26424,37060,24233,0,0,32514,3616,4118,347,303,4,0,0,0,0,53854,2171,3022,0,0,0,0,0
560,11747,561.0621305592632,99949,180,86,39,10,9768,4829,0.14604448268616996,76,32,27042,21582,4271,1811,18391,26478,37182,24383,0,0,32274,3598,4159,348,304,4,0,0,0,0,54070,2156,3036,0,0,0,0,0
561,11747,562.4679339302041,99949,157,80,39,10,9787,4841,0.14635464086684208,84,37,26996,21586,4273,1816,18450,26470,37303,24531,0,0,32027,3597,4209,350,310,5,0,0,0,0,54266,2134,3051,0,0,0,0,0
562,11747,563.1706444761209,99949,165,86,39,10,9810,4856,0.14673483476573052,74,27,26912,21542,4263,1816,18546,26518,37423,24678,0,0,31784,3597,4229,349,314,5,0,0,0,0,54488,2111,3072,0,0,0,0,0
563,11747,564.5830821571063,99948,157,74,39,11,9841,4865,0.14713651098571257,73,33,26853,21571,4270,1822,18607,26488,37541,24824,0,0,31527,3597,4278,351,319,5,0,0,0,0,54693,2101,3077,0,0,0,0,0
564,11747,565.2896034213337,99948,154,78,39,11,9855,4873,0.1473566254452315,70,30,26782,21523,4254,1819,18700,26538,37658,24969,0,0,31293,3582,4314,348,322,5,0,0,0,0,54906,2091,3087,0,0,0,0,0
565,11747,566.709468426436,99948,157,72,39,11,9887,4883,0.1477768439588586,59,23,26738,21535,4248,1816,18758,26542,37774,25113,0,0,31052,3579,4356,345,330,5,0,0,0,0,55107,2078,3096,0,0,0,0,0
566,11747,567.4192442031855,99947,153,72,40,11,9895,4886,0.1478883808418462,58,23,26661,21496,4228,1807,18859,26590,37889,25256,0,0,30829,3559,4387,344,334,5,0,0,0,0,55318,2064,3107,0,0,0,0,0
567,11747,568.13139913509,99947,137,64,40,11,9903,4887,0.14797842856714058,62,26,26599,21464,4225,1803,18936,26631,38003,25397,0,0,30599,3547,4420,346,340,5,0,0,0,0,55523,2049,3118,0,0,0,0,0
568,11747,569.5616742891401,99947,112,62,40,11,9915,4897,0.14819854522897136,68,22,26576,21505,4226,1802,18977,26597,38116,25537,0,0,30358,3547,4462,344,346,5,0,0,0,0,55720,2038,3127,0,0,0,0,0
569,11747,570.2765124431187,99947,108,53,40,11,9923,4898,0.14828859295426577,68,24,26499,21451,4214,1803,19070,26657,38227,25676,0,0,30134,3533,4491,346,348,5,0,0,0,0,55926,2024,3140,0,0,0,0,0
570,11747,571.7123045913218,99947,113,54,40,11,9946,4909,0.1486287732498224,68,19,26463,21477,4195,1800,19120,26638,38337,25814,0,0,29908,3525,4523,343,353,5,0,0,0,0,56126,2013,3151,0,0,0,0,0
571,11747,572.4300918191358,99947,111,53,40,11,9949,4910,0.14866879446106437,66,20,26357,21387,4180,1792,19245,26736,38446,25951,0,0,29695,3501,4553,341,355,5,0,0,0,0,56333,2005,3159,0,0,0,0,0
572,11747,573.3462726844383,99947,106,48,40,11,9959,4914,0.1488088687004112,66,21,26307,21389,4165,1792,19315,26738,38554,26086,0,0,29481,3483,4590,342,357,5,0,0,0,0,56526,1993,3170,0,0,0,0,0
573,11747,574.5279683861825,99947,112,46,40,11,9987,4921,0.14915905429877835,58,21,26288,21425,4149,1781,19352,26715,38661,26220,0,0,29269,3466,4633,342,360,5,0,0,0,0,56710,1981,3181,0,0,0,0,0
574,11747,575.2506452734933,99947,114,44,40,11,10000,4924,0.1493191391437462,53,23,26223,21388,4135,1774,19434,26759,38767,26353,0,0,29057,3452,4659,342,362,5,0,0,0,0,56908,1968,3194,0,0,0,0,0
575,11747,576.7021057525093,99947,110,42,40,11,10018,4933,0.1495892823196294,45,22,26211,21420,4124,1765,19469,26739,38872,26485,0,0,28855,3439,4700,338,369,5,0,0,0,0,57081,1949,3211,0,0,0,0,0
576,11747,577.4272365007038,99947,100,42,40,11,10025,4939,0.14971935125616576,45,19,26141,21381,4118,1766,19555,26780,38976,26616,0,0,28644,3430,4729,335,374,5,0,0,0,0,57271,1937,3222,0,0,0,0,0
577,11747,578.1543049518837,99947,101,43,40,11,10029,4940,0.1497693777702182,43,20,26052,21307,4095,1762,19668,26856,39079,26746,0,0,28454,3407,4755,333,376,5,0,0,0,0,57458,1919,3240,0,0,0,0,0
578,11747,579.3916136463267,99947,94,40,40,11,10044,4946,0.1499794891292385,43,25,26080,21384,4079,1758,19663,26781,39180,26874,0,0,28241,3398,4790,333,380,5,0,0,0,0,57644,1912,3244,0,0,0,0,0
579,11747,580.1212849690696,99947,85,40,40,11,10050,4950,0.1500795421573434,42,24,26017,21354,4073,1751,19742,26819,39280,27001,0,0,28041,3383,4817,336,382,5,0,0,0,0,57830,1897,3256,0,0,0,0,0
580,11747,581.5848692364115,99947,75,40,40,11,10060,4958,0.1502596376079322,40,24,26041,21411,4051,1745,19752,26768,39379,27127,0,0,27840,3367,4859,335,385,5,0,0,0,0,58005,1890,3261,0,0,0,0,0
581,11747,582.3159515464093,99947,77,36,40,11,10070,4960,0.1503797012416581,36,26,25993,21379,4037,1743,19816,26804,39477,27252,0,0,27649,3350,4887,334,388,5,0,0,0,0,58184,1876,3274,0,0,0,0,0
582,11747,583.0480850717588,99947,79,36,40,11,10080,4965,0.15052978078381543,28,26,25932,21360,4018,1735,19902,26831,39574,27376,0,0,27457,3334,4913,332,390,6,0,0,0,0,58365,1865,3285,0,0,0,0,0
583,11747,584.5168714557991,99947,67,36,40,11,10083,4972,0.15062983381192033,32,26,25952,21420,3995,1729,19913,26777,39670,27499,0,0,27272,3312,4950,332,392,7,0,0,0,0,58532,1853,3297,0,0,0,0,0
584,11747,585.2503992700848,99947,62,35,40,11,10085,4975,0.15067986032597278,37,26,25904,21392,3971,1721,19985,26814,39765,27620,0,0,27086,3294,4979,328,396,7,0,0,0,0,58707,1845,3305,0,0,0,0,0
585,11747,586.7213229567309,99947,66,45,40,11,10099,4988,0.15095000350185597,29,23,25913,21429,3943,1711,20008,26780,39859,27740,0,0,26906,3272,5013,326,399,7,0,0,0,0,58875,1835,3314,0,0,0,0,0
586,11747,587.4559731117449,99947,63,42,40,11,10106,4990,0.1510400512271504,25,21,25846,21417,3934,1708,20091,26800,39952,27859,0,0,26720,3254,5040,328,400,7,0,0,0,0,59049,1825,3324,0,0,0,0,0
587,11747,588.1918567089431,99947,56,39,40,11,10108,4995,0.15111008834682382,30,19,25796,21409,3926,1702,20151,26819,40044,27977,0,0,26528,3248,5062,327,402,7,0,0,0,0,59225,1814,3334,0,0,0,0,0
588,11747,589.6690531947919,99947,55,38,40,11,10116,5000,0.15124015728336018,29,23,25803,21459,3902,1691,20170,26777,40135,28094,0,0,26340,3237,5086,325,405,7,0,0,0,0,59399,1807,3341,0,0,0,0,0
589,11747,590.4066457912006,99947,52,43,40,11,10120,5005,0.1513302050086546,27,21,25757,21443,3892,1687,20231,26794,40225,28210,0,0,26153,3223,5104,324,408,7,0,0,0,0,59581,1803,3344,0,0,0,0,0
590,11747,591.1457844897324,99947,53,40,40,11,10126,5010,0.15144026333956997,28,16,25715,21443,3870,1686,20293,26803,40315,28325,0,0,25976,3208,5130,322,411,7,0,0,0,0,59746,1792,3355,0,0,0,0,0
591,11747,592.0594437070819,99947,57,42,40,11,10130,5012,0.1515002951564329,24,15,25634,21384,3850,1677,20394,26870,40404,28438,0,0,25814,3190,5148,321,412,7,0,0,0,0,59908,1771,3376,0,0,0,0,0
592,11747,593.1730819411575,99947,54,44,40,11,10135,5017,0.1516003481845378,26,17,25646,21401,3818,1672,20415,26854,40492,28550,0,0,25653,3165,5182,321,413,7,0,0,0,0,60059,1757,3390,0,0,0,0,0
593,11747,594.062600303667,99947,54,42,40,11,10141,5020,0.15169039590983222,31,16,25616,21407,3793,1669,20465,26854,40579,28661,0,0,25481,3150,5208,319,415,7,0,0,0,0,60220,1748,3399,0,0,0,0,0
594,11747,595.2384736550425,99947,54,38,40,11,10150,5024,0.15182046484636857,30,15,25604,21437,3776,1662,20495,26836,40665,28771,0,0,25308,3139,5236,316,418,7,0,0,0,0,60376,1739,3408,0,0,0,0,0
595,11747,596.0566519106872,99947,55,38,40,11,10157,5027,0.15192051787447347,30,17,25576,21444,3755,1655,20543,26834,40750,28880,0,0,25142,3126,5258,311,423,7,0,0,0,0,60533,1729,3418,0,0,0,0,0
596,11747,597.042802190347,99947,56,36,40,11,10162,5032,0.15202057090257837,34,16,25552,21451,3737,1653,20580,26832,40834,28988,0,0,24979,3105,5288,311,424,7,0,0,0,0,60686,1721,3426,0,0,0,0,0
597,11747,598.0070246826957,99947,55,36,40,11,10167,5037,0.15212062393068326,38,14,25517,21437,3725,1648,20624,26853,40917,29095,0,0,24809,3097,5304,310,427,7,0,0,0,0,60847,1710,3436,0,0,0,0,0
598,11747,599.1210228329752,99947,58,35,40,11,10177,5044,0.1522907140784616,36,14,25509,21462,3712,1647,20644,26830,40999,29201,0,0,24638,3088,5327,310,428,7,0,0,0,0,61004,1702,3443,0,0,0,0,0
599,11747,600.294983948826,99947,60,36,40,11,10191,5052,0.15251083074029234,28,10,25544,21526,3688,1648,20639,26768,41081,29306,0,0,24466,3081,5348,312,429,7,0,0,0,0,61160,1692,3452,0,0,0,0,0
600,11747,601.4185511215417,99947,54,28,40,11,10200,5052,0.15260087846558676,27,15,25543,21588,3675,1638,20660,26719,41162,29410,0,0,24299,3071,5377,312,431,7,0,0,0,0,61306,1684,3460,0,0,0,0,0
601,11747,602.1635875456681,99947,54,29,40,11,10200,5053,0.15261088376839724,27,14,25465,21530,3660,1631,20753,26784,41242,29513,0,0,24145,3049,5399,311,432,7,0,0,0,0,61460,1678,3466,0,0,0,0,0
602,11747,603.4080923714305,99946,51,29,41,11,10206,5056,0.15270245932803714,22,11,25473,21584,3644,1627,20768,26737,41321,29615,0,0,23985,3038,5416,310,435,7,0,0,0,0,61611,1668,3476,0,0,0,0,0
603,11747,604.2953592366146,99946,45,27,41,11,10211,5059,0.15278250255137774,26,10,25543,21653,3615,1618,20729,26680,41399,29716,0,0,23836,3023,5445,306,439,8,0,0,0,0,61745,1658,3486,0,0,0,0,0
604,11747,605.5074337093487,99946,48,27,41,11,10216,5062,0.15286254577471836,21,9,25513,21633,3597,1616,20779,26703,41476,29816,0,0,23681,3009,5463,304,442,8,0,0,0,0,61896,1652,3491,0,0,0,0,0
605,11747,606.3033430652729,99946,52,26,41,11,10224,5062,0.15294258899805896,17,15,25502,21658,3588,1609,20799,26680,41553,29915,0,0,23526,2996,5478,305,443,8,0,0,0,0,62048,1643,3499,0,0,0,0,0
606,11747,607.1220865811663,99946,51,27,41,11,10227,5064,0.15299261601264683,14,14,25462,21645,3573,1598,20858,26704,41629,30013,0,0,23384,2978,5499,301,448,8,0,0,0,0,62186,1633,3509,0,0,0,0,0
607,11747,608.0419885850117,99946,52,29,41,11,10231,5068,0.15307265923598742,14,12,25443,21643,3552,1587,20897,26717,41704,30110,0,0,23246,2957,5525,299,450,8,0,0,0,0,62319,1622,3520,0,0,0,0,0
608,11747,609.0921642623919,99946,48,29,41,11,10235,5070,0.1531326916534929,17,11,25451,21665,3527,1584,20915,26699,41778,30206,0,0,23107,2941,5548,298,453,8,0,0,0,0,62450,1608,3533,0,0,0,0,0
609,11747,610.0340301987867,99946,49,27,41,11,10242,5071,0.15321273487683348,15,13,25416,21695,3515,1580,20963,26673,41851,30301,0,0,22960,2927,5567,299,454,8,0,0,0,0,62590,1600,3541,0,0,0,0,0
610,11747,611.433232170617,99946,44,22,41,11,10249,5074,0.15331278890600925,14,13,25439,21772,3501,1577,20960,26604,41924,30395,0,0,22806,2920,5590,298,457,8,0,0,0,0,62726,1595,3546,0,0,0,0,0
611,11747,612.1947429573785,99946,43,23,41,11,10253,5076,0.1533728213235147,14,13,25423,21786,3481,1566,20997,26600,41996,30488,0,0,22668,2902,5612,295,460,9,0,0,0,0,62860,1589,3551,0,0,0,0,0
612,11747,613.045550669389,99946,43,26,41,11,10256,5079,0.15343285374102014,13,10,25405,21794,3461,1563,21036,26595,42067,30580,0,0,22537,2884,5631,293,464,9,0,0,0,0,62990,1577,3561,0,0,0,0,0
613,11747,614.1095626513717,99946,37,28,41,11,10257,5084,0.1534928861585256,13,8,25400,21848,3452,1555,21056,26549,42137,30671,0,0,22401,2872,5651,292,466,9,0,0,0,0,63117,1565,3573,0,0,0,0,0
614,11747,615.0690272384776,99946,37,23,41,11,10259,5085,0.15352290236727834,14,10,25382,21858,3431,1554,21094,26543,42207,30761,0,0,22265,2853,5678,291,467,9,0,0,0,0,63245,1561,3577,0,0,0,0,0
615,11747,616.3200777754222,99946,27,22,41,11,10262,5088,0.15358293478478377,19,9,25422,21962,3415,1548,21075,26447,42276,30850,0,0,22120,2850,5698,291,467,9,0,0,0,0,63373,1551,3587,0,0,0,0,0
616,11747,617.0597497071515,99946,30,22,41,11,10268,5089,0.1536529726052068,13,8,25385,21928,3401,1543,21129,26487,42344,30938,0,0,21995,2832,5718,288,471,9,0,0,0,0,63495,1541,3597,0,0,0,0,0
617,11747,618.121095920868,99946,30,18,41,11,10272,5090,0.1537029996197947,13,8,25398,21964,3381,1538,21136,26460,42412,31025,0,0,21866,2811,5745,289,471,10,0,0,0,0,63617,1536,3601,0,0,0,0,0
618,11747,619.0277948365143,99946,28,20,41,11,10275,5095,0.1537830428431353,12,3,25425,21988,3361,1530,21132,26447,42479,31111,0,0,21743,2793,5771,286,474,10,0,0,0,0,63732,1527,3610,0,0,0,0,0
619,11747,620.0278377389426,99946,28,17,41,11,10278,5096,0.1538230644548056,15,4,25447,22037,3335,1524,21133,26406,42545,31196,0,0,21614,2779,5792,285,475,10,0,0,0,0,63854,1520,3617,0,0,0,0,0
620,11747,621.0456822966303,99946,28,16,41,11,10281,5096,0.15385308066355832,14,4,25433,22031,3325,1520,21158,26417,42611,31280,0,0,21487,2762,5813,284,476,10,0,0,0,0,63977,1515,3622,0,0,0,0,0
621,11747,622.1098231932189,99946,28,13,41,11,10286,5097,0.15391311308106378,11,5,25422,22073,3315,1515,21182,26382,42676,31363,0,0,21355,2752,5832,283,477,10,0,0,0,0,64100,1510,3627,0,0,0,0,0
622,11747,623.0268286519412,99946,30,12,41,11,10291,5099,0.15398315090148681,10,6,25431,22103,3294,1511,21193,26356,42740,31445,0,0,21240,2730,5858,282,479,10,0,0,0,0,64210,1502,3635,0,0,0,0,0
623,11747,624.251345159452,99946,28,13,41,11,10295,5101,0.15404318331899225,9,5,25478,22147,3279,1505,21164,26318,42804,31526,0,0,21113,2720,5875,281,479,11,0,0,0,0,64330,1496,3641,0,0,0,0,0
624,11747,625.0883284655946,99946,24,13,41,11,10296,5102,0.1540631941248274,12,5,25484,22185,3270,1499,21168,26286,42867,31607,0,0,20988,2712,5887,280,480,12,0,0,0,0,64450,1487,3650,0,0,0,0,0
625,11747,626.3078691006592,99946,25,13,41,11,10299,5104,0.15411322113941528,11,3,25493,22217,3260,1493,21169,26262,42929,31687,0,0,20864,2701,5902,280,480,12,0,0,0,0,64570,1480,3657,0,0,0,0,0
626,11747,627.5792902131678,99946,27,13,41,11,10303,5105,0.15416324815400317,10,3,25580,22313,3230,1482,21111,26177,42991,31766,0,0,20744,2688,5918,280,480,12,0,0,0,0,64687,1472,3665,0,0,0,0,0
627,11747,628.2373440693844,99946,27,11,41,11,10303,5105,0.15416324815400317,11,4,25541,22295,3209,1480,21170,26198,43052,31844,0,0,20632,2671,5937,279,481,12,0,0,0,0,64797,1463,3674,0,0,0,0,0
628,11747,629.0932985012738,99946,25,10,41,11,10305,5106,0.15419326436275588,14,5,25548,22343,3193,1475,21178,26155,43112,31921,0,0,20510,2663,5951,279,481,12,0,0,0,0,64913,1456,3681,0,0,0,0,0
629,11747,630.2048134590997,99946,29,9,41,11,10311,5108,0.1542733075860965,39,29,25535,22351,3174,1466,21181,26133,43172,31997,0,0,20399,2655,5961,276,485,12,0,0,0,1,65020,1442,3695,0,0,0,0,0
630,11747,631.2122213587998,99946,28,17,41,11,10318,5117,0.1544333940327777,42,27,25566,22413,3152,1459,21170,26072,43231,32073,0,0,20286,2642,5973,274,488,12,2,0,0,7,65125,1433,3704,0,0,0,0,0
631,11747,632.1833661330792,99946,28,24,41,11,10327,5126,0.15461349128529406,41,23,25569,22451,3135,1453,21185,26037,43290,32148,0,0,20176,2625,5987,274,492,12,3,0,0,13,65228,1425,3711,0,0,0,0,0
632,11747,633.2999253982339,99946,26,28,41,11,10335,5133,0.15476357232905769,44,25,25582,22489,3117,1449,21189,25997,43348,32222,0,0,20062,2610,6002,270,496,12,9,0,0,20,65329,1420,3716,0,0,0,0,0
633,11747,634.0440272703913,99946,29,34,41,11,10342,5139,0.15489364256698618,39,21,25574,22495,3107,1442,21209,25996,43405,32295,0,0,19954,2596,6015,270,497,12,10,0,0,22,65434,1411,3725,0,0,0,0,0
634,11747,635.160346120527,99946,31,38,41,11,10347,5144,0.15499369659616194,47,19,25560,22497,3092,1441,21228,25993,43462,32367,0,0,19842,2587,6024,265,502,12,11,0,0,25,65542,1407,3729,0,0,0,0,0
635,11747,636.011666873213,99946,38,37,41,11,10360,5149,0.1551737938486783,46,16,25565,22538,3085,1440,21224,25957,43518,32439,0,0,19727,2578,6033,264,503,12,12,0,0,35,65646,1402,3734,0,0,0,0,0
636,11747,637.3337115910826,99946,52,36,41,11,10383,5157,0.15548396133912312,44,22,25600,22618,3065,1434,21197,25878,43574,32510,0,0,19615,2568,6042,258,510,12,18,0,0,46,65741,1397,3739,0,0,0,0,0
637,11747,638.0769595856432,99946,49,36,41,11,10386,5158,0.15552398295079342,51,29,25601,22635,3055,1427,21202,25861,43629,32580,0,0,19505,2560,6049,258,511,12,18,0,0,52,65845,1390,3746,0,0,0,0,0
638,11747,639.1920185963941,99946,54,39,41,11,10402,5167,0.1557741180237328,54,27,25600,22677,3052,1421,21198,25824,43684,32649,0,0,19393,2551,6058,258,511,12,23,0,0,64,65940,1382,3754,0,0,0,0,0
639,11747,640.3067972747492,99946,53,43,41,11,10413,5177,0.1559842314850019,55,28,25619,22720,3043,1419,21188,25778,43738,32717,0,0,19289,2538,6070,258,514,12,27,0,0,75,66029,1373,3761,0,0,0,0,0
640,11747,641.049465602043,99946,58,45,41,11,10422,5181,0.1561143017229304,59,29,25606,22723,3031,1414,21204,25777,43791,32785,0,0,19188,2526,6082,257,515,13,27,0,0,80,66125,1367,3766,0,0,0,0,0
641,11747,642.163510746492,99946,70,47,41,11,10442,5192,0.15642446921337522,66,27,25616,22770,3019,1421,21187,25723,43844,32852,0,0,19081,2514,6090,258,518,13,29,0,0,91,66219,1363,3770,0,0,0,0,0
642,11747,643.2769625482717,99946,75,53,41,11,10461,5203,0.1567246313009025,74,24,25628,22806,3015,1418,21166,25687,43896,32918,0,0,18973,2501,6101,258,521,13,37,0,0,99,66311,1358,3774,0,0,0,0,0
643,11747,644.0189622683606,99946,80,50,41,11,10472,5206,0.15686470694174853,76,26,25631,22823,3003,1418,21168,25671,43948,32984,0,0,18870,2493,6107,257,524,13,40,0,0,106,66404,1349,3783,0,0,0,0,0
644,11747,645.1316151045623,99946,78,55,41,11,10483,5218,0.1570948312088528,103,29,25638,22876,2989,1416,21150,25612,43999,33049,0,0,18767,2481,6114,258,529,13,46,0,0,114,66493,1341,3790,0,0,0,0,0
645,11747,646.2436809748804,99946,82,56,41,11,10504,5227,0.15739499329638004,106,38,25655,22924,2990,1419,21125,25551,44050,33113,0,0,18654,2474,6120,258,530,13,57,0,0,127,66582,1335,3796,0,0,0,0,0
646,11747,647.354837785412,99946,98,57,41,11,10534,5235,0.15777519860724792,103,38,25667,22994,2987,1416,21103,25483,44100,33176,0,0,18552,2464,6130,256,534,13,62,0,0,141,66665,1331,3798,0,0,0,0,0
647,11747,648.0951938664382,99946,108,57,41,11,10552,5240,0.15800532287435215,106,44,25664,23000,2982,1418,21098,25469,44150,33239,0,0,18457,2453,6137,255,540,13,63,0,0,148,66752,1324,3804,0,0,0,0,0
648,11747,649.2058542822843,99946,113,54,41,11,10582,5251,0.15841554439397273,104,47,25676,23050,2984,1421,21081,25416,44199,33301,0,0,18350,2442,6144,255,546,13,73,0,0,170,66827,1320,3806,0,0,0,0,0
649,11747,650.3155888241406,99946,121,60,41,11,10612,5266,0.15886578752526365,109,51,25687,23087,2987,1424,21054,25366,44248,33362,0,0,18254,2428,6155,255,551,13,79,0,0,190,66897,1314,3810,0,0,0,0,0
650,11747,651.0551493851174,99946,126,64,41,11,10625,5276,0.15909591179236787,118,52,25679,23091,2981,1421,21054,25360,44296,33423,0,0,18160,2420,6163,255,552,13,79,0,0,203,66978,1307,3816,0,0,0,0,0
651,11747,652.1644813231491,99946,143,70,41,11,10664,5290,0.15962619814699938,113,51,25706,23135,2977,1415,21019,25317,44344,33483,0,0,18071,2404,6177,255,556,13,86,0,0,222,67041,1297,3824,0,0,0,0,0
652,11747,653.2725881899744,99946,153,76,41,11,10703,5308,0.1601965061133012,120,43,25710,23176,2990,1417,20985,25276,44391,33542,0,0,17976,2392,6187,257,559,13,92,0,0,252,67100,1290,3828,0,0,0,0,0
653,11747,654.0109896236553,99946,162,79,41,11,10727,5318,0.16053668981249875,119,45,25718,23201,2990,1422,20969,25241,44438,33601,0,0,17885,2381,6195,259,561,13,94,0,0,268,67173,1282,3835,0,0,0,0,0
654,11747,655.1180794906995,99946,172,79,41,11,10773,5326,0.16107698157004782,122,52,25744,23257,3006,1423,20914,25177,44484,33659,0,0,17792,2369,6200,262,568,13,104,0,0,292,67232,1270,3844,0,0,0,0,0
655,11747,656.2236940448828,99946,181,76,41,11,10804,5335,0.16147719768675084,133,62,25764,23280,3011,1424,20869,25146,44530,33716,0,0,17695,2361,6206,265,571,13,112,0,0,311,67302,1260,3850,0,0,0,0,0
656,11747,657.3282943423053,99946,195,87,41,11,10843,5354,0.16205751105597022,139,74,25775,23302,3017,1429,20832,25096,44576,33773,0,0,17591,2355,6211,264,573,13,124,0,0,331,67374,1256,3854,0,0,0,0,0
657,11747,658.064189570616,99946,188,98,41,11,10870,5370,0.16248774338142596,148,73,25759,23329,3034,1427,20829,25061,44621,33829,0,0,17496,2339,6223,267,578,13,133,0,0,353,67438,1254,3852,0,0,0,0,0
658,11747,659.1685112656057,99946,203,96,41,11,10908,5387,0.1630380405418926,154,89,25761,23347,3031,1435,20809,25021,44666,33885,0,0,17402,2328,6231,267,581,13,139,0,0,386,67493,1252,3854,0,0,0,0,0
659,11747,660.2723639396837,99946,222,105,41,11,10950,5410,0.16368839173153502,176,85,25760,23403,3045,1437,20755,24958,44710,33940,0,0,17315,2318,6235,268,586,13,143,0,0,413,67549,1245,3861,0,0,0,0,0
660,11747,661.0080534382778,99946,230,115,41,11,10978,5431,0.16417865647449623,193,88,25756,23418,3046,1437,20733,24930,44754,33994,0,0,17226,2309,6241,264,593,13,152,0,0,432,67610,1240,3866,0,0,0,0,0
661,11747,662.1112818373066,99946,247,126,41,11,11029,5461,0.16498909411081986,192,90,25777,23451,3049,1448,20693,24873,44797,34048,0,0,17131,2295,6251,263,602,14,169,0,0,458,67662,1236,3865,0,0,0,0,0
662,11747,663.2131612119189,99946,256,130,41,11,11081,5494,0.16583955335881376,189,107,25807,23486,3066,1467,20640,24798,44840,34101,0,0,17044,2281,6260,265,610,14,181,0,0,508,67687,1227,3869,0,0,0,0,0
663,11747,664.3137020516981,99946,275,144,41,11,11140,5524,0.16673003421847798,202,124,25792,23517,3081,1478,20608,24725,44883,34154,0,0,16942,2276,6261,266,617,14,198,0,0,539,67741,1220,3872,0,0,0,0,0
664,11747,665.0475006821126,99946,286,151,41,11,11176,5545,0.1673003421847798,209,127,25775,23533,3095,1487,20593,24690,44925,34206,0,0,16850,2268,6268,265,620,14,209,0,0,565,67796,1216,3875,0,0,0,0,0
665,11747,666.1485321360069,99946,297,163,41,11,11226,5582,0.16817081223860886,246,120,25775,23560,3109,1506,20531,24639,44967,34258,0,0,16762,2255,6275,268,627,14,219,0,0,609,67830,1210,3877,0,0,0,0,0
666,11747,667.248843809475,99946,308,179,41,11,11287,5625,0.1692113741420367,247,122,25790,23590,3138,1528,20475,24569,45008,34309,0,0,16670,2241,6283,271,632,14,233,0,0,664,67853,1207,3878,0,0,0,0,0
667,11747,668.3484808368669,99946,326,177,41,11,11357,5650,0.17016188741920638,262,144,25782,23636,3174,1542,20414,24489,45049,34359,0,0,16582,2231,6289,270,642,14,246,0,0,720,67871,1202,3879,0,0,0,0,0
668,11747,669.081280592499,99946,335,174,41,11,11405,5672,0.17086226562343665,277,155,25750,23633,3193,1558,20403,24468,45090,34409,0,0,16499,2220,6291,274,651,15,252,0,0,764,67904,1196,3880,0,0,0,0,0
669,11747,670.1813143280225,99946,373,187,41,11,11497,5711,0.17217297340563906,274,164,25754,23677,3216,1571,20341,24389,45130,34458,0,0,16424,2204,6302,275,660,15,265,0,0,821,67909,1184,3887,0,0,0,0,0
670,11747,671.2809461082738,99946,384,195,41,11,11566,5746,0.17321353530906689,295,183,25744,23695,3254,1589,20281,24326,45170,34507,0,0,16336,2193,6307,278,669,15,282,0,0,877,67924,1174,3891,0,0,0,0,0
671,11747,672.0137869174001,99946,389,210,41,11,11620,5780,0.17409401076581354,306,200,25710,23698,3288,1596,20265,24284,45209,34555,0,0,16254,2186,6311,279,675,15,290,0,0,930,67945,1167,3894,0,0,0,0,0
672,11747,673.1139851829328,99946,404,232,41,11,11690,5828,0.17527464831008746,344,202,25687,23726,3326,1615,20197,24213,45248,34603,0,0,16153,2182,6310,280,682,15,310,0,0,983,67973,1164,3894,0,0,0,0,0
673,11747,674.2144316188566,99946,447,252,41,11,11788,5879,0.1767654533448062,370,205,25677,23756,3352,1641,20112,24134,45287,34650,0,0,16057,2175,6307,282,697,15,329,0,0,1032,68000,1160,3892,0,0,0,0,0
674,11747,675.3142800028781,99946,458,269,41,11,11876,5936,0.17821623676785464,420,212,25653,23782,3412,1672,20015,24053,45325,34697,0,0,15953,2170,6305,284,711,15,358,0,0,1104,68003,1153,3890,0,0,0,0,0
675,11747,676.0474918806187,99946,482,273,41,11,11951,5971,0.17931683108878796,460,216,25607,23793,3439,1695,19970,24011,45363,34743,0,0,15860,2161,6307,285,719,15,378,0,0,1157,68023,1150,3891,0,0,0,0,0
676,11747,677.1485538421211,99946,525,292,41,11,12065,6025,0.18099773877894063,467,221,25595,23841,3483,1720,19888,23914,45401,34789,0,0,15763,2155,6303,291,729,16,399,0,0,1224,68032,1142,3892,0,0,0,0,0
677,11747,678.2496597922216,99946,555,302,41,11,12176,6077,0.18262861945450543,485,245,25558,23862,3541,1751,19819,23828,45438,34834,0,0,15670,2148,6297,293,745,16,419,0,0,1306,68022,1136,3894,0,0,0,0,0
678,11747,679.3513343901128,99946,584,303,41,11,12289,6135,0.18433954335341085,509,257,25531,23892,3590,1802,19744,23734,45475,34879,0,0,15578,2138,6297,297,755,18,440,0,0,1407,67991,1131,3894,0,0,0,0,0
679,11747,680.0860487157514,99946,614,320,41,11,12380,6179,0.18569027274728353,519,264,25490,23887,3627,1822,19708,23695,45511,34923,0,0,15502,2126,6302,299,765,18,454,0,0,1468,67992,1122,3898,0,0,0,0,0
680,11747,681.1891242892409,99945,684,344,42,11,12542,6254,0.18806343488918906,519,278,25442,23894,3695,1864,19617,23608,45547,34967,0,0,15404,2113,6302,306,777,19,482,0,0,1560,67968,1118,3896,0,0,0,0,0
681,11747,682.2932088277266,99945,723,364,42,11,12685,6336,0.1903146730701886,556,272,25397,23900,3763,1919,19518,23533,45583,35010,0,0,15316,2100,6293,314,801,19,505,0,0,1668,67924,1107,3898,0,0,0,0,0
682,11747,683.0299011752159,99945,755,379,42,11,12795,6387,0.19192555905748163,578,283,25341,23906,3818,1946,19465,23474,45618,35053,0,0,15234,2089,6296,315,814,20,525,0,0,1743,67909,1100,3900,0,0,0,0,0
683,11747,684.1366658095469,99945,812,413,42,11,12961,6475,0.19446695682625445,629,302,25268,23917,3897,1991,19351,23365,45653,35095,0,0,15144,2076,6297,319,832,20,554,0,0,1854,67858,1093,3898,0,0,0,0,0
684,11747,685.2449028528265,99945,851,422,42,11,13138,6565,0.1971384261343739,683,329,25189,23925,4000,2058,19234,23254,45688,35137,0,0,15035,2059,6303,326,846,22,602,0,0,1997,67773,1087,3895,0,0,0,0,0
685,11747,686.355180320801,99945,915,437,42,11,13339,6644,0.19993996698184002,721,358,25107,23919,4102,2104,19112,23170,45722,35178,0,0,14933,2042,6300,335,867,25,641,0,0,2117,67711,1082,3892,0,0,0,0,0
686,11747,687.0963505265719,99945,943,453,42,11,13464,6704,0.20179098504177298,753,377,25024,23911,4175,2137,19062,23110,45756,35219,0,0,14832,2030,6301,344,881,26,675,0,0,2199,67695,1078,3884,0,0,0,0,0
687,11747,688.2110666628716,99945,998,482,42,11,13669,6810,0.2049026964830657,824,376,24948,23919,4275,2203,18912,23008,45790,35260,0,0,14725,2015,6299,351,905,26,720,0,0,2346,67608,1071,3879,0,0,0,0,0
688,11747,689.3274361434206,99943,1069,521,44,11,13902,6933,0.20846882723152196,849,370,24848,23914,4387,2273,18802,22910,45823,35300,0,0,14633,1991,6304,361,925,28,757,0,0,2512,67489,1066,3877,0,0,0,0,0
689,11747,690.0732790190795,99942,1125,522,44,12,14067,6994,0.21073222469032038,865,406,24764,23892,4468,2320,18733,22847,45856,35340,0,0,14538,1975,6303,370,939,29,791,0,0,2620,67440,1061,3876,0,0,0,0,0
690,11747,691.1951844497737,99940,1186,552,46,12,14307,7100,0.21419851911146687,895,455,24659,23887,4608,2384,18605,22709,45889,35379,0,0,14438,1956,6296,384,969,31,829,0,0,2782,67334,1054,3867,0,0,0,0,0
691,11747,692.319708851711,99940,1269,600,46,12,14567,7241,0.21821092655593355,950,452,24542,23900,4736,2464,18456,22571,45922,35418,0,0,14315,1944,6283,391,1011,31,889,0,0,2936,67239,1047,3854,0,0,0,0,0
692,11747,693.0712630316051,99939,1318,635,46,13,14742,7340,0.22095478241727454,1024,460,24444,23893,4816,2517,18351,22481,45954,35456,0,0,14223,1937,6275,396,1037,34,918,0,0,3052,67179,1041,3847,0,0,0,0,0
693,11747,694.2019845052322,99939,1403,654,46,13,15074,7483,0.22570768168582836,1043,509,24325,23856,5011,2624,18171,22343,45986,35494,0,0,14084,1916,6271,413,1068,36,996,0,0,3288,66999,1036,3832,0,0,0,0,0
694,11747,695.3365588834862,99939,1482,689,46,13,15386,7629,0.23029047719108656,1096,548,24183,23835,5193,2709,17999,22205,46018,35532,0,0,13958,1901,6254,426,1103,38,1059,0,0,3510,66834,1030,3826,0,0,0,0,0
695,11747,696.0951777836996,99939,1497,732,46,13,15581,7741,0.23336235103413083,1170,551,24068,23805,5328,2756,17890,22142,46049,35569,0,0,13857,1886,6241,435,1140,40,1105,0,0,3655,66737,1022,3821,0,0,0,0,0
696,11747,697.2377370652165,99939,1584,772,46,13,15909,7908,0.23831537237715006,1218,562,23930,23780,5512,2854,17709,22018,46080,35606,0,0,13723,1872,6228,447,1176,40,1181,0,0,3892,66554,1011,3815,0,0,0,0,0
697,11747,698.0020427907848,99938,1631,802,47,13,16138,8021,0.24173987872480937,1240,586,23822,23759,5652,2920,17607,21919,46111,35642,0,0,13630,1857,6225,456,1202,42,1222,0,0,4068,66422,1001,3813,0,0,0,0,0
698,11747,699.152697347668,99938,1733,840,47,13,16503,8194,0.24712321639416437,1291,632,23679,23724,5821,3019,17428,21771,46142,35678,0,0,13509,1842,6211,472,1244,44,1288,0,0,4325,66207,988,3808,0,0,0,0,0
699,11747,700.3078230384031,99937,1872,919,48,13,16901,8401,0.25317950308694476,1314,648,23498,23678,6008,3112,17259,21629,46172,35714,0,0,13391,1828,6197,484,1285,47,1346,0,0,4579,66005,977,3798,0,0,0,0,0
700,11747,701.0810837705342,99937,1933,915,48,13,17178,8507,0.25701191750803004,1343,697,23362,23638,6172,3205,17141,21531,46202,35749,0,0,13275,1813,6189,502,1316,50,1404,0,0,4783,65850,967,3788,0,0,0,0,0
701,11747,702.2470716483714,99937,1994,967,48,13,17568,8708,0.2629256431551878,1403,729,23177,23570,6424,3325,16953,21395,46232,35784,0,0,13125,1795,6166,523,1365,53,1497,0,0,5078,65600,954,3781,0,0,0,0,0
702,11747,703.0283620875717,99937,2046,992,48,13,17828,8836,0.2668080890961306,1458,744,23052,23516,6569,3420,16826,21314,46261,35819,0,0,13019,1781,6150,538,1407,53,1541,0,0,5277,65453,950,3768,0,0,0,0,0
703,11747,704.2062143912462,99934,2112,1007,51,13,18240,9046,0.27304020653631395,1551,779,22822,23454,6840,3592,16623,21154,46290,35853,0,0,12880,1761,6123,550,1487,58,1624,0,0,5604,65156,947,3744,0,0,0,0,0
704,11747,705.393035007746,99934,2207,1067,51,13,18704,9261,0.27983469089599133,1625,812,22603,23392,7106,3715,16407,21000,46319,35887,0,0,12753,1740,6090,569,1560,63,1695,0,0,5931,64867,937,3729,0,0,0,0,0
705,11747,706.1890844877312,99933,2280,1096,52,13,19036,9425,0.28480081654708655,1621,814,22479,23348,7308,3829,16259,20899,46348,35920,0,0,12632,1725,6079,577,1606,66,1761,0,0,6176,64658,933,3720,0,0,0,0,0
706,11747,707.390165279026,99932,2372,1154,53,13,19545,9684,0.2924888924468639,1692,837,22241,23295,7617,4007,16024,20693,46376,35953,0,0,12480,1706,6058,595,1675,70,1861,0,0,6577,64291,922,3697,0,0,0,0,0
707,11747,708.1960423088658,99931,2466,1194,54,13,19908,9854,0.2978254995947204,1700,874,22061,23216,7822,4108,15896,20594,46404,35986,0,0,12367,1693,6041,607,1726,74,1921,0,0,6827,64077,914,3684,0,0,0,0,0
708,11747,709.0068944864174,99930,2520,1234,55,13,20260,10025,0.3030621435004503,1732,895,21895,23166,8049,4208,15748,20483,46432,36018,0,0,12242,1681,6023,622,1776,80,1989,0,0,7088,63852,907,3670,0,0,0,0,0
709,11747,710.2321795722171,99928,2620,1262,57,13,20814,10312,0.31148426867344486,1787,908,21668,23090,8370,4431,15497,20295,46460,36050,0,0,12071,1667,5984,633,1887,82,2103,0,0,7518,63442,900,3641,0,0,0,0,0
710,11747,711.0548635837876,99928,2681,1293,57,13,21175,10485,0.31682811624369545,1852,945,21494,23034,8578,4548,15337,20166,46487,36082,0,0,11956,1653,5968,650,1936,86,2165,0,0,7803,63191,889,3631,0,0,0,0,0
711,11747,712.2976915424242,99927,2794,1360,58,13,21757,10792,0.32572778128033464,1941,974,21200,22954,8923,4744,15083,19954,46514,36113,0,0,11803,1633,5932,674,2037,92,2261,0,0,8239,62776,880,3600,0,0,0,0,0
712,11747,713.1337193188823,99927,2858,1381,58,13,22166,10994,0.33184224483873226,1992,998,21014,22881,9161,4894,14916,19832,46541,36144,0,0,11663,1621,5913,697,2095,98,2337,0,0,8558,62488,871,3586,0,0,0,0,0
713,11747,714.3997347241828,99927,2961,1393,58,13,22809,11299,0.34132917029431487,2021,1045,20717,22786,9563,5138,14679,19624,46568,36175,0,0,11476,1596,5870,732,2210,111,2465,0,0,9028,62025,856,3558,0,0,0,0,0
714,11747,715.2520879631602,99927,3036,1464,58,13,23260,11540,0.34825422558467684,2034,1050,20524,22712,9826,5284,14521,19476,46594,36205,0,0,11336,1578,5848,759,2283,115,2551,0,0,9354,61730,842,3531,0,0,0,0,0
715,11747,716.1113515558708,99926,3094,1497,59,13,23709,11760,0.35495266497207933,2016,1099,20375,22613,10114,5439,14341,19338,46620,36235,0,0,11197,1563,5818,779,2356,122,2636,0,0,9705,61399,833,3518,0,0,0,0,0
716,11747,717.4112686775343,99923,3162,1572,60,15,24348,12130,0.36506109704472445,2131,1123,20016,22494,10539,5671,14091,19124,46646,36265,0,0,11022,1541,5777,816,2489,132,2749,0,0,10197,60904,818,3478,0,0,0,0,0
717,11747,718.288279842193,99923,3213,1681,60,15,24813,12422,0.37263693043643603,2175,1100,19815,22401,10827,5805,13909,18997,46672,36294,0,0,10890,1517,5746,849,2559,148,2824,0,0,10544,60576,809,3461,0,0,0,0,0
718,11747,719.1729069933672,99923,3304,1707,60,15,25321,12659,0.38009267135694486,2200,1157,19581,22298,11111,5977,13743,18845,46697,36323,0,0,10751,1504,5716,888,2637,157,2892,0,0,10913,60226,796,3443,0,0,0,0,0
719,11747,720.0662408733266,99923,3368,1781,60,15,25834,12923,0.38786865886732785,2232,1185,19378,22191,11411,6112,13550,18715,46722,36352,0,0,10616,1485,5687,919,2721,166,2968,0,0,11292,59861,783,3425,0,0,0,0,0
720,11747,721.4208037900851,99921,3453,1800,62,15,26612,13310,0.39953563315018864,2246,1254,19046,22026,11901,6410,13291,18494,46747,36381,0,0,10389,1457,5636,963,2874,175,3136,0,0,11890,59249,766,3386,0,0,0,0,0
721,11747,722.3356437513032,99921,3499,1855,62,15,27118,13594,0.4074418790844767,2303,1267,18807,21947,12208,6585,13120,18330,46772,36409,0,0,10255,1435,5606,1002,2968,187,3214,0,0,12284,58851,752,3367,0,0,0,0,0
722,11747,723.2602499119313,99920,3551,1903,63,15,27630,13902,0.4156525220176141,2366,1253,18557,21847,12513,6784,12949,18197,46797,36437,0,0,10110,1411,5565,1029,3092,198,3306,0,0,12670,58457,741,3341,0,0,0,0,0
723,11747,724.1954193677589,99917,3607,1944,66,15,28181,14203,0.4241920794259235,2416,1249,18307,21727,12834,6994,12769,18070,46821,36465,0,0,9968,1396,5528,1053,3225,204,3391,0,0,13088,58019,732,3313,0,0,0,0,0
724,11747,725.1421394515687,99916,3685,2011,67,15,28741,14527,0.43304375675567475,2499,1266,18030,21622,13149,7181,12569,17904,46845,36492,0,0,9825,1374,5498,1093,3327,215,3470,0,0,13501,57599,714,3300,0,0,0,0,0
725,11747,726.1008284101371,99915,3793,2041,68,15,29367,14838,0.4424260621528299,2515,1312,17782,21507,13468,7402,12373,17722,46869,36519,0,0,9678,1354,5456,1124,3462,234,3560,0,0,13924,57156,705,3262,0,0,0,0,0
726,11747,727.0711387787003,99913,3836,2091,69,16,29965,15167,0.45171299030156237,2525,1338,17548,21377,13837,7604,12184,17573,46893,36546,0,0,9536,1334,5414,1158,3623,246,3642,0,0,14344,56693,690,3233,0,0,0,0,0
727,11747,728.052680961748,99911,3928,2137,71,16,30600,15508,0.46149072674680464,2535,1352,17342,21270,14177,7835,11946,17389,46917,36573,0,0,9370,1311,5374,1193,3750,259,3750,0,0,14799,56219,676,3210,0,0,0,0,0
728,11747,729.0447761018221,99909,4028,2198,71,18,31259,15878,0.4717993373970313,2537,1363,17077,21144,14543,8063,11743,17213,46940,36599,0,0,9213,1291,5342,1229,3890,273,3844,0,0,15251,55727,660,3189,0,0,0,0,0
729,11747,730.049505485468,99908,4086,2205,72,18,31922,16206,0.48172318533050407,2564,1402,16828,20999,14914,8316,11535,17059,46963,36625,0,0,9021,1267,5292,1269,4030,298,3974,0,0,15723,55231,650,3153,0,0,0,0,0
730,11747,731.0677326127868,99907,4130,2255,73,18,32564,16573,0.4918273994815178,2648,1448,16581,20871,15268,8544,11299,16863,46986,36651,0,0,8845,1240,5263,1314,4176,316,4090,0,0,16176,54732,635,3120,0,0,0,0,0
731,11747,732.0990597700152,99905,4177,2290,74,19,33252,16931,0.5023071918322406,2682,1478,16310,20750,15666,8778,11090,16684,47009,36677,0,0,8692,1223,5218,1349,4357,338,4182,0,0,16655,54193,618,3080,0,0,0,0,0
732,11747,733.1454415643942,99902,4245,2364,77,19,33957,17367,0.5137434685992273,2700,1441,16077,20603,16022,9052,10878,16520,47032,36702,0,0,8530,1201,5175,1385,4522,357,4278,0,0,17188,53607,612,3047,0,0,0,0,0
733,11747,734.205733667818,99900,4302,2394,78,20,34639,17767,0.5245845845845846,2778,1481,15811,20455,16380,9318,10650,16331,47054,36727,0,0,8362,1182,5122,1432,4685,374,4375,0,0,17720,53032,601,3015,0,0,0,0,0
734,11747,735.2547738903387,99899,4415,2434,78,21,35392,18165,0.5361114725873132,2768,1502,15556,20330,16748,9550,10434,16162,47076,36752,0,0,8206,1153,5069,1473,4905,397,4468,0,0,18151,52512,591,2974,0,0,0,0,0
735,11747,736.2778014113778,99899,4460,2460,78,21,36081,18539,0.5467522197419393,2814,1474,15315,20226,17114,9817,10218,16001,47098,36776,0,0,8037,1132,5023,1521,5060,419,4563,0,0,18667,51945,583,2949,0,0,0,0,0
736,11747,737.2777835735216,99893,4534,2476,82,23,36759,18894,0.5571261249537005,2845,1513,15083,20092,17430,10071,10025,15824,47120,36800,0,0,7901,1110,4981,1547,5226,448,4642,0,0,19138,51400,577,2923,0,0,0,0,0
737,11747,738.2576204879391,99892,4606,2536,83,23,37501,19281,0.568433908621311,2800,1492,14844,19999,17834,10305,9832,15644,47142,36824,0,0,7751,1086,4931,1590,5419,482,4721,0,0,19589,50875,566,2882,0,0,0,0,0
738,11747,739.2148718901749,99891,4703,2567,84,23,38190,19644,0.5789710784755383,2753,1516,14627,19890,18171,10534,9661,15469,47163,36848,0,0,7602,1069,4881,1637,5583,512,4795,0,0,20022,50379,559,2852,0,0,0,0,0
739,11747,740.1528453311527,99888,4695,2564,87,23,38836,19981,0.588829489027711,2741,1538,14436,19782,18539,10779,9501,15313,47184,36872,0,0,7429,1051,4831,1682,5771,550,4897,0,0,20428,49881,545,2823,0,0,0,0,0
740,11747,741.0723685775743,99887,4703,2627,87,24,39472,20347,0.598866719392914,2754,1527,14235,19649,18889,11000,9331,15172,47205,36895,0,0,7281,1040,4785,1724,5968,580,4969,0,0,20811,49408,535,2786,0,0,0,0,0
741,11747,742.4180662937941,99886,4741,2701,87,25,40415,20881,0.6136595719119796,2735,1532,13935,19476,19423,11327,9078,14938,47226,36918,0,0,7093,1007,4716,1794,6265,623,5067,0,0,21353,48702,527,2739,0,0,0,0,0
742,11747,743.2945003420533,99885,4716,2685,88,25,41014,21210,0.6229563998598389,2734,1588,13776,19363,19777,11569,8908,14769,47247,36941,0,0,6960,985,4668,1829,6465,649,5137,0,0,21790,48170,520,2712,0,0,0,0,0
743,11747,744.1547374788903,99884,4719,2673,89,25,41603,21523,0.6319931120099315,2742,1623,13587,19255,20099,11794,8763,14629,47267,36964,0,0,6825,964,4623,1863,6641,679,5210,0,0,22203,47679,510,2687,0,0,0,0,0
744,11747,745.0006310262962,99884,4689,2705,89,25,42141,21871,0.6408634015457931,2780,1622,13401,19153,20404,12002,8636,14492,47287,36986,0,0,6697,948,4583,1892,6837,704,5272,0,0,22568,47220,504,2659,0,0,0,0,0
745,11747,746.2456149300864,99881,4700,2701,92,25,42990,22360,0.6542785915239134,2782,1659,13171,18985,20849,12350,8405,14279,47307,37008,0,0,6521,926,4515,1947,7102,757,5369,0,0,23110,46515,488,2631,0,0,0,0,0
746,11747,747.0608619342577,99880,4731,2728,93,25,43554,22679,0.6631257509010813,2776,1667,13035,18903,21075,12518,8289,14158,47327,37030,0,0,6420,916,4468,1967,7280,784,5404,0,0,23487,46070,476,2608,0,0,0,0,0
747,11747,748.2637843577987,99880,4721,2754,93,25,44391,23171,0.676431718061674,2677,1656,12841,18771,21553,12831,8114,13962,47347,37052,0,0,6241,890,4411,2012,7544,839,5498,0,0,24022,45387,471,2565,0,0,0,0,0
748,11747,749.052436794752,99879,4741,2731,94,25,44943,23495,0.6852091030146478,2650,1670,12730,18667,21792,13063,7992,13843,47367,37073,0,0,6133,873,4375,2047,7718,883,5535,0,0,24379,44936,462,2538,0,0,0,0,0
749,11747,750.2180618904677,99879,4704,2762,94,25,45727,23989,0.6980045855485137,2639,1607,12535,18573,22218,13377,7809,13655,47386,37094,0,0,5972,857,4326,2105,7972,937,5601,0,0,24897,44261,451,2500,0,0,0,0,0
750,11747,751.3632158314746,99878,4712,2752,95,25,46496,24432,0.7101463785818699,2504,1557,12385,18446,22638,13708,7665,13511,47405,37115,0,0,5813,839,4262,2175,8219,1004,5666,0,0,25330,43670,441,2459,0,0,0,0,0
751,11747,752.1153990425175,99878,4681,2726,95,25,46961,24712,0.7176054786839945,2494,1551,12275,18365,22863,13931,7591,13401,47424,37136,0,0,5731,819,4225,2211,8399,1038,5679,0,0,25653,43256,433,2434,0,0,0,0,0
752,11747,753.230642427573,99876,4663,2746,96,26,47688,25133,0.7291141014858424,2493,1550,12119,18255,23186,14192,7442,13230,47443,37157,0,0,5610,795,4177,2270,8653,1103,5717,0,0,26045,42696,419,2391,0,0,0,0,0
753,11747,754.3301831318728,99871,4563,2751,101,26,48346,25577,0.7401848384415897,2480,1542,11964,18139,23590,14486,7301,13055,47462,37177,0,0,5471,765,4124,2338,8902,1169,5767,0,0,26447,42126,403,2359,0,0,0,0,0
754,11747,755.0537340186908,99869,4491,2715,102,27,48763,25833,0.7469384894211417,2490,1542,11874,18078,23833,14683,7209,12954,47481,37197,0,0,5397,759,4093,2358,9068,1214,5778,0,0,26749,41719,394,2340,0,0,0,0,0
755,11747,756.1265439171246,99868,4444,2712,102,28,49413,26245,0.7575800056074018,2463,1516,11735,17980,24161,14954,7094,12809,47500,37217,0,0,5276,732,4047,2405,9337,1267,5821,0,0,27107,41183,385,2308,0,0,0,0,0
756,11747,757.185758818622,99865,4418,2707,103,30,50042,26644,0.7678966604916637,2432,1499,11587,17877,24476,15198,6983,12688,47518,37237,0,0,5160,714,4006,2442,9587,1322,5865,0,0,27449,40668,374,2278,0,0,0,0,0
757,11747,758.2318116391526,99863,4386,2723,105,30,50709,27077,0.7789271301683306,2368,1456,11490,17791,24796,15461,6854,12538,47536,37257,0,0,5050,701,3966,2482,9854,1391,5895,0,0,27775,40139,361,2249,0,0,0,0,0
758,11747,759.2658826679994,99862,4331,2657,105,31,51307,27447,0.788628307063748,2379,1446,11401,17703,25068,15757,6715,12405,47554,37276,0,0,4957,678,3927,2535,10119,1454,5904,0,0,28106,39611,356,2215,0,0,0,0,0
759,11747,760.290099068095,99862,4338,2642,105,31,51958,27812,0.7988023472391901,2284,1433,11303,17635,25349,15969,6620,12289,47572,37295,0,0,4846,659,3877,2572,10362,1517,5945,0,0,28419,39128,351,2186,0,0,0,0,0
760,11747,761.3040236404396,99862,4293,2597,105,31,52553,28172,0.8083655444513429,2247,1397,11232,17562,25609,16239,6513,12173,47590,37314,0,0,4750,646,3833,2614,10599,1590,5960,0,0,28732,38633,344,2161,0,0,0,0,0
761,11747,762.3088125624877,99859,4280,2569,107,32,53147,28521,0.8178331447340751,2202,1380,11117,17491,25865,16475,6428,12052,47608,37333,0,0,4656,637,3790,2650,10831,1648,5975,0,0,29027,38164,334,2147,0,0,0,0,0
762,11747,763.3054745312372,99854,4280,2586,110,34,53727,28889,0.8273679572175376,2172,1342,11051,17410,26068,16692,6318,11935,47625,37352,0,0,4569,623,3751,2705,11075,1700,5974,0,0,29258,37747,326,2126,0,0,0,0,0
763,11747,764.2943805477522,99854,4248,2600,110,34,54279,29230,0.8363110140805576,2145,1292,10978,17351,26312,16898,6206,11824,47642,37371,0,0,4467,613,3710,2743,11285,1767,5988,0,0,29505,37353,320,2103,0,0,0,0,0
764,11747,765.275045492832,99853,4165,2569,110,35,54819,29551,0.8449420648353079,2115,1279,10910,17317,26595,17097,6104,11702,47659,37389,0,0,4365,599,3675,2791,11506,1845,6010,0,0,29744,36932,307,2079,0,0,0,0,0
765,11747,766.2470767381687,99851,4072,2528,111,36,55303,29859,0.8528908073028812,2134,1293,10834,17251,26839,17299,6009,11592,47676,37407,0,0,4282,594,3631,2820,11750,1902,6012,0,0,29986,36513,299,2062,0,0,0,0,0
766,11747,767.2113189660312,99850,4003,2520,111,37,55787,30179,0.860951427140711,2170,1278,10762,17185,27024,17485,5929,11494,47693,37425,0,0,4198,581,3602,2849,11945,1969,6025,0,0,30238,36106,294,2043,0,0,0,0,0
767,11747,768.1695861953708,99848,3961,2507,111,39,56296,30507,0.8693514141495072,2112,1211,10716,17154,27245,17684,5854,11404,47710,37443,0,0,4117,575,3560,2870,12190,2030,6034,0,0,30448,35714,290,2020,0,0,0,0,0
768,11747,769.1222293680263,99848,3961,2462,111,39,56811,30806,0.8775038057847929,2087,1217,10683,17102,27394,17874,5763,11305,47727,37461,0,0,4038,561,3516,2915,12416,2088,6035,0,0,30657,35342,284,1996,0,0,0,0,0
769,11747,770.0700001982589,99848,3909,2469,111,39,57293,31123,0.885505969072991,2093,1167,10629,17066,27573,18052,5684,11206,47744,37478,0,0,3960,552,3485,2943,12614,2157,6038,0,0,30866,34974,279,1980,0,0,0,0,0
770,11747,771.0124636997139,99847,3881,2397,112,39,57818,31375,0.893296744018348,2038,1175,10582,17032,27778,18241,5608,11115,47760,37495,0,0,3882,544,3449,2974,12830,2229,6036,0,0,31073,34598,275,1957,0,0,0,0,0
771,11747,772.2607728388149,99847,3838,2382,112,39,58458,31764,0.90360251184312,2016,1150,10525,17002,27997,18450,5511,10976,47776,37512,0,0,3789,530,3417,3020,13114,2322,6032,0,0,31268,34163,274,1918,0,0,0,0,0
772,11747,773.1911403009532,99846,3801,2357,113,39,58918,32041,0.9109929291108306,1955,1114,10483,16958,28194,18624,5453,10907,47792,37529,0,0,3735,521,3390,3042,13313,2395,6018,0,0,31449,33819,271,1893,0,0,0,0,0
773,11747,774.1164537105187,99846,3727,2293,113,39,59351,32290,0.9178234481100895,1972,1135,10436,16904,28376,18796,5375,10832,47808,37546,0,0,3660,512,3366,3052,13493,2477,6029,0,0,31648,33471,267,1871,0,0,0,0,0
774,11747,775.0368113308692,99844,3685,2241,115,39,59797,32519,0.9246023797123513,1916,1141,10404,16890,28568,18933,5311,10755,47824,37563,0,0,3595,503,3341,3087,13693,2549,6027,0,0,31765,33169,260,1855,0,0,0,0,0
775,11747,776.2572076255658,99842,3625,2197,117,39,60372,32866,0.9338554916768494,1872,1106,10370,16859,28764,19152,5251,10646,47840,37580,0,0,3529,490,3305,3140,13934,2644,5992,0,0,31993,32734,256,1825,0,0,0,0,0
776,11747,777.1683582078272,99841,3599,2122,118,39,60804,33107,0.9406055628449235,1815,1118,10349,16839,28924,19329,5194,10552,47856,37596,0,0,3469,485,3274,3154,14141,2715,5990,0,0,32141,32412,253,1807,0,0,0,0,0
777,11747,778.0753938745014,99839,3527,2090,119,40,61212,33372,0.9473652580654854,1793,1094,10327,16804,29106,19486,5127,10485,47871,37612,0,0,3409,470,3248,3177,14333,2795,5996,0,0,32278,32094,250,1789,0,0,0,0,0
778,11747,779.2785825524721,99839,3486,2087,119,40,61783,33710,0.9564699165656707,1711,1048,10279,16794,29363,19635,5041,10395,47886,37628,0,0,3334,460,3212,3218,14558,2906,5982,0,0,32407,31749,246,1767,0,0,0,0,0
779,11747,780.1757140864504,99839,3385,2031,119,40,62140,33921,0.9621590761125411,1707,1061,10295,16788,29497,19762,4996,10317,47901,37644,0,0,3261,452,3189,3244,14763,2968,5984,0,0,32500,31489,240,1749,0,0,0,0,0
780,11747,781.0695948168911,99837,3297,1989,120,41,62486,34141,0.967847591574266,1709,1061,10283,16751,29647,19908,4943,10249,47916,37660,0,0,3214,447,3162,3251,14938,3038,5974,0,0,32638,31206,231,1738,0,0,0,0,0
781,11747,782.2565003780583,99837,3212,1961,120,41,62978,34465,0.9760209140899666,1663,1053,10276,16697,29851,20104,4877,10143,47931,37676,0,0,3151,433,3136,3290,15117,3149,5956,0,0,32836,30819,227,1723,0,0,0,0,0
782,11747,783.1426803683165,99837,3188,1945,120,41,63349,34709,0.9821809549565792,1621,1021,10253,16690,29993,20232,4824,10070,47946,37691,0,0,3110,427,3104,3318,15311,3211,5933,0,0,32913,30572,223,1715,0,0,0,0,0
783,11747,784.0259300357247,99837,3158,1912,120,41,63715,34944,0.9882007672506186,1575,986,10240,16707,30129,20357,4777,9996,47961,37706,0,0,3066,423,3082,3328,15523,3263,5920,0,0,33005,30307,220,1700,0,0,0,0,0
784,11747,785.1993695274008,99836,3057,1876,121,41,64168,35260,0.9959132978084058,1570,941,10260,16686,30280,20537,4711,9918,47976,37721,0,0,2996,419,3042,3372,15744,3360,5902,0,0,33140,29962,216,1683,0,0,0,0,0
785,11747,786.0769201842993,99835,2989,1835,121,42,64505,35459,1.0012921320178294,1549,940,10263,16708,30403,20613,4674,9861,47991,37736,0,0,2946,416,3022,3376,15946,3428,5901,0,0,33186,29741,210,1663,0,0,0,0,0
786,11747,787.2428791591898,99832,2897,1763,123,43,64950,35722,1.0084141357480567,1486,935,10256,16719,30597,20763,4640,9776,48005,37751,0,0,2897,407,2985,3386,16198,3522,5892,0,0,33287,29412,205,1641,0,0,0,0,0
787,11747,788.1147479401004,99830,2885,1747,125,43,65278,35919,1.013693278573575,1464,907,10248,16731,30673,20851,4604,9720,48019,37766,0,0,2854,398,2967,3394,16346,3590,5889,0,0,33337,29220,205,1630,0,0,0,0,0
788,11747,789.2742893706873,99830,2831,1745,125,43,65711,36176,1.0206050285485324,1427,879,10252,16761,30813,20937,4551,9634,48033,37781,0,0,2796,393,2939,3414,16551,3672,5863,0,0,33412,28975,202,1613,0,0,0,0,0
789,11747,790.1414516251799,99830,2797,1717,125,43,66052,36357,1.025833917660022,1396,895,10244,16769,30931,21002,4506,9573,48047,37795,0,0,2762,385,2910,3432,16726,3738,5833,0,0,33457,28789,196,1602,0,0,0,0,0
790,11747,791.0063718272769,99830,2760,1713,125,43,66367,36554,1.0309626364820195,1393,848,10263,16803,31000,21075,4458,9517,48061,37809,0,0,2720,379,2890,3462,16859,3807,5809,0,0,33519,28601,195,1589,0,0,0,0,0
791,11747,792.1576037868839,99829,2729,1653,126,43,66753,36782,1.0371234811527712,1360,863,10300,16798,31065,21208,4419,9434,48075,37823,0,0,2679,369,2868,3482,17084,3879,5792,0,0,33556,28361,191,1568,0,0,0,0,0
792,11747,793.02009861062,99828,2677,1648,127,43,67049,36973,1.0420122610890732,1328,839,10326,16816,31153,21260,4388,9393,48089,37837,0,0,2639,363,2853,3488,17230,3942,5785,0,0,33619,28161,191,1557,0,0,0,0,0
793,11747,794.1679640777483,99828,2625,1628,127,43,67451,37216,1.0484733742036303,1281,814,10347,16814,31278,21389,4341,9311,48103,37851,0,0,2586,354,2829,3510,17443,4016,5773,0,0,33673,27917,187,1540,0,0,0,0,0
794,11747,795.027190030578,99828,2573,1634,127,43,67723,37404,1.0530812998357175,1270,787,10363,16824,31355,21446,4311,9265,48117,37865,0,0,2554,351,2807,3519,17568,4092,5759,0,0,33710,27750,186,1532,0,0,0,0,0
795,11747,796.1707096147659,99826,2508,1581,128,44,68071,37634,1.058892472902851,1253,762,10397,16838,31445,21574,4268,9200,48130,37879,0,0,2504,350,2786,3519,17764,4182,5758,0,0,33743,27520,183,1517,0,0,0,0,0
796,11747,797.0270570170658,99823,2458,1557,131,44,68328,37802,1.063181831842361,1237,752,10417,16847,31505,21648,4251,9151,48143,37893,0,0,2464,345,2762,3533,17921,4240,5749,0,0,33750,27372,182,1505,0,0,0,0,0
797,11747,798.1675310572316,99823,2404,1516,131,44,68686,38019,1.0689420273884775,1193,741,10439,16856,31620,21755,4212,9087,48156,37906,0,0,2428,337,2738,3557,18075,4343,5724,0,0,33791,27154,180,1496,0,0,0,0,0
798,11747,799.0216858841762,99823,2369,1502,131,44,68927,38187,1.0730392795247587,1196,735,10481,16865,31644,21808,4178,9045,48169,37919,0,0,2404,335,2726,3568,18208,4409,5701,0,0,33791,27018,177,1486,0,0,0,0,0
799,11747,800.159631443251,99823,2338,1479,131,44,69270,38392,1.0785289963234925,1163,705,10512,16884,31719,21904,4136,8983,48182,37932,0,0,2377,328,2711,3584,18360,4498,5674,0,0,33826,26820,173,1472,0,0,0,0,0
800,11747,801.0124494532035,99822,2315,1413,131,45,69513,38543,1.0824868265512613,1168,688,10536,16901,31735,22001,4114,8951,48195,37945,0,0,2352,325,2691,3587,18492,4572,5665,0,0,33848,26661,172,1457,0,0,0,0,0
801,11747,802.1495689761979,99822,2262,1366,131,45,69834,38750,1.0877762417102443,1134,647,10581,16949,31812,22106,4079,8886,48208,37958,0,0,2317,321,2671,3592,18666,4660,5652,0,0,33872,26455,171,1445,0,0,0,0,0
802,11747,803.0017198840642,99822,2203,1357,131,45,70060,38901,1.091552964276412,1109,622,10647,16970,31862,22153,4047,8852,48221,37971,0,0,2290,318,2657,3600,18787,4718,5638,0,0,33903,26300,170,1441,0,0,0,0,0
803,11747,804.1371652558687,99822,2120,1322,131,45,70357,39101,1.0965318266514397,1091,608,10711,16997,31946,22228,4000,8799,48234,37984,0,0,2267,316,2637,3618,18915,4817,5595,0,0,33971,26093,169,1424,0,0,0,0,0
804,11747,805.2717328325729,99820,2101,1304,132,46,70662,39276,1.1013624524143457,1059,602,10760,17030,31973,22272,3974,8745,48247,37997,0,0,2233,313,2621,3628,19048,4897,5574,0,0,33982,25944,168,1412,0,0,0,0,0
805,11747,806.1225992518001,99819,2054,1255,132,47,70883,39402,1.104849778098358,1040,588,10792,17064,32025,22327,3956,8718,48259,38010,0,0,2209,306,2609,3637,19173,4953,5553,0,0,34006,25800,167,1406,0,0,0,0,0
806,11747,807.2562366522213,99818,2020,1216,132,48,71153,39554,1.1090885411448836,1038,581,10826,17110,32064,22375,3919,8669,48271,38022,0,0,2176,299,2594,3645,19310,5020,5541,0,0,34021,25646,167,1399,0,0,0,0,0
807,11747,808.1062432117269,99818,2017,1192,132,48,71395,39665,1.1126249774589754,981,570,10887,17144,32088,22410,3894,8635,48283,38034,0,0,2163,296,2578,3654,19397,5087,5505,0,0,34038,25540,167,1393,0,0,0,0,0
808,11747,809.2400770560355,99817,1962,1141,132,49,71679,39815,1.1169840808679885,931,568,10949,17202,32158,22455,3867,8584,48295,38046,0,0,2136,293,2564,3654,19548,5163,5478,0,0,34046,25383,167,1385,0,0,0,0,0
809,11747,810.0899200543305,99817,1935,1122,132,49,71877,39937,1.1201899476041155,896,559,11005,17223,32179,22496,3852,8550,48307,38058,0,0,2117,291,2548,3656,19654,5222,5462,0,0,34044,25281,165,1377,0,0,0,0,0
810,11747,811.2230317972869,99817,1867,1078,132,49,72136,40073,1.1241471893565225,871,566,11081,17256,32226,22533,3822,8517,48319,38070,0,0,2094,287,2532,3665,19776,5304,5440,0,0,34062,25123,161,1373,0,0,0,0,0
811,11747,812.0728855501444,99817,1823,1057,132,49,72308,40176,1.1269022310828816,877,573,11139,17290,32231,22546,3797,8484,48331,38082,0,0,2068,284,2523,3662,19872,5351,5432,0,0,34078,25019,161,1367,0,0,0,0,0
812,11747,813.2063366732644,99817,1724,1029,132,49,72531,40337,1.1307492711662341,889,554,11200,17325,32293,22599,3761,8443,48343,38094,0,0,2046,277,2510,3675,20023,5424,5407,0,0,34068,24873,159,1355,0,0,0,0,0
813,11747,814.0561264703001,99817,1688,1024,132,49,72703,40460,1.1337046795636014,866,527,11244,17363,32323,22632,3746,8404,48355,38106,0,0,2019,274,2498,3677,20110,5477,5392,0,0,34079,24782,158,1351,0,0,0,0,0
814,11747,815.1890384597646,99817,1671,989,132,49,72940,40586,1.1373413346423955,827,540,11317,17412,32325,22658,3727,8351,48367,38118,0,0,2006,270,2480,3681,20213,5549,5367,0,0,34094,24659,157,1341,0,0,0,0,0
815,11747,816.0393496121411,99816,1640,980,133,49,73118,40702,1.1402981485934118,793,520,11364,17463,32353,22676,3716,8311,48379,38129,0,0,1984,266,2470,3684,20298,5611,5356,0,0,34070,24584,155,1338,0,0,0,0,0
816,11747,817.1734548771778,99816,1628,971,133,49,73346,40840,1.1439648954075499,782,481,11434,17528,32326,22687,3696,8283,48390,38140,0,0,1963,261,2459,3681,20405,5677,5348,0,0,34059,24476,154,1333,0,0,0,0,0
817,11747,818.024836451632,99815,1575,946,133,50,73494,40928,1.1463407303511497,760,502,11484,17566,32368,22689,3679,8246,48401,38151,0,0,1946,261,2453,3684,20478,5728,5327,0,0,34076,24381,153,1328,0,0,0,0,0
818,11747,819.1602337402328,99814,1538,929,134,50,73701,41069,1.1498386999819665,742,455,11570,17631,32360,22718,3655,8216,48412,38162,0,0,1932,258,2442,3679,20571,5797,5306,0,0,34105,24249,151,1324,0,0,0,0,0
819,11747,820.0125931757874,99814,1524,898,134,50,73871,41164,1.1524936381669906,715,433,11603,17673,32375,22761,3648,8184,48423,38173,0,0,1913,255,2433,3683,20656,5837,5294,0,0,34126,24146,148,1323,0,0,0,0,0
820,11747,821.1492608519231,99813,1477,860,135,50,74074,41269,1.1555909550860108,686,454,11665,17739,32402,22757,3634,8139,48434,38184,0,0,1894,253,2421,3691,20767,5897,5273,0,0,34124,24030,148,1315,0,0,0,0,0
821,11747,822.0021264076557,99812,1464,853,135,51,74233,41365,1.1581573357912875,681,455,11721,17762,32372,22764,3626,8114,48445,38195,0,0,1885,249,2418,3693,20836,5940,5256,0,0,34138,23938,148,1311,0,0,0,0,0
822,11747,823.1407320658263,99811,1434,857,136,51,74430,41489,1.1613850176834217,664,449,11827,17817,32333,22747,3605,8078,48456,38206,0,0,1864,247,2410,3690,20933,5992,5240,0,0,34131,23853,148,1303,0,0,0,0,0
823,11747,824.2813036698003,99810,1390,850,137,51,74617,41623,1.164612764252079,638,426,11918,17905,32338,22731,3578,8036,48467,38217,0,0,1851,243,2401,3703,21022,6062,5217,0,0,34107,23758,146,1300,0,0,0,0,0
824,11747,825.1373631433434,99810,1375,827,137,51,74749,41709,1.16679691413686,634,425,11962,17925,32324,22762,3567,8009,48478,38228,0,0,1830,242,2395,3705,21084,6102,5205,0,0,34119,23686,145,1297,0,0,0,0,0
825,11747,826.2797745189176,99809,1338,829,138,51,74906,41849,1.169784287990061,627,397,12042,17996,32296,22757,3558,7969,48489,38238,0,0,1815,238,2384,3694,21179,6159,5192,0,0,34114,23598,145,1291,0,0,0,0,0
826,11747,827.1377407255391,99809,1287,812,138,51,75023,41923,1.1716979430712662,650,393,12092,18060,32298,22734,3534,7949,48500,38248,0,0,1801,238,2377,3682,21257,6207,5184,0,0,34093,23542,145,1283,0,0,0,0,0
827,11747,828.2824163590371,99809,1248,802,138,51,75198,42036,1.1745834543979,622,388,12178,18119,32293,22729,3520,7910,48511,38258,0,0,1788,236,2365,3688,21336,6275,5156,0,0,34078,23460,144,1283,0,0,0,0,0
828,11747,829.1416919178291,99809,1230,797,138,51,75329,42122,1.1767576070294261,602,381,12227,18177,32291,22709,3511,7884,48522,38268,0,0,1779,232,2358,3698,21383,6323,5133,0,0,34082,23397,143,1281,0,0,0,0,0
829,11747,830.001621510758,99809,1205,776,138,51,75463,42196,1.178841587431995,593,394,12298,18220,32269,22710,3496,7848,48532,38278,0,0,1766,229,2351,3694,21440,6381,5121,0,0,34067,23345,143,1272,0,0,0,0,0
830,11747,831.1498435257574,99808,1178,768,139,51,75620,42301,1.181478438602116,575,398,12406,18286,32220,22679,3481,7817,48542,38288,0,0,1755,229,2345,3677,21521,6436,5105,0,0,34069,23266,141,1264,0,0,0,0,0
831,11747,832.012535629543,99808,1143,757,139,51,75748,42394,1.1836926899647322,536,380,12469,18340,32236,22686,3476,7785,48552,38298,0,0,1741,227,2336,3681,21603,6471,5089,0,0,34066,23195,141,1258,0,0,0,0,0
832,11747,833.1635155125607,99807,1092,736,139,52,75902,42511,1.1864197901950766,529,355,12543,18421,32235,22693,3461,7742,48562,38308,0,0,1726,224,2326,3675,21691,6534,5076,0,0,34055,23108,140,1252,0,0,0,0,0
833,11747,834.0274808009593,99807,1061,747,139,52,76019,42594,1.1884236576592824,512,332,12621,18467,32208,22677,3458,7724,48572,38318,0,0,1711,224,2322,3681,21721,6586,5058,0,0,34061,23056,139,1248,0,0,0,0,0
834,11747,835.1813826942284,99807,1065,717,139,52,76171,42687,1.1908783953029347,497,324,12718,18528,32140,22678,3440,7700,48582,38328,0,0,1698,224,2312,3671,21813,6626,5050,0,0,34059,22976,138,1240,0,0,0,0,0
835,11747,836.0485966817361,99807,1015,699,139,52,76259,42756,1.1924514312623362,527,307,12766,18579,32120,22680,3432,7682,48592,38338,0,0,1687,221,2309,3671,21855,6671,5041,0,0,34075,22905,137,1235,0,0,0,0,0
836,11747,837.2064084468183,99806,1007,668,139,53,76421,42849,1.1950183355710078,515,291,12840,18633,32083,22713,3415,7641,48602,38348,0,0,1675,217,2302,3667,21933,6722,5029,0,0,34078,22819,136,1228,0,0,0,0,0
837,11747,838.0762170212586,99806,976,667,139,53,76526,42922,1.1968017954832375,505,280,12918,18674,32052,22714,3409,7611,48612,38357,0,0,1668,215,2300,3668,22008,6753,5005,0,0,34058,22770,135,1226,0,0,0,0,0
838,11747,839.237770854345,99806,966,641,139,53,76682,43000,1.19914634390718,509,291,13001,18750,31998,22692,3386,7572,48622,38366,0,0,1655,215,2292,3658,22062,6815,4991,0,0,34056,22704,134,1224,0,0,0,0,0
839,11747,840.1103716806205,99806,963,639,139,53,76794,43071,1.2009799010079554,484,280,13063,18802,31969,22675,3381,7550,48632,38375,1,1,1644,215,2289,3653,22120,6852,4982,0,0,34031,22662,134,1222,0,2,0,0,0
840,11747,841.2757787419614,99806,938,627,139,53,76925,43152,1.2031040218022964,473,268,13154,18910,31924,22625,3371,7516,48642,38384,2,2,1631,215,2280,3656,22156,6909,4968,0,0,34039,22597,132,1219,0,4,0,0,0
841,11747,842.1513907124819,99806,949,617,139,53,77033,43218,1.2048474039636896,452,268,13241,18956,31856,22613,3362,7492,48652,38393,3,3,1619,212,2277,3657,22211,6931,4959,0,0,34044,22544,132,1215,0,5,0,0,0
842,11747,843.0288680610292,99805,947,619,140,53,77127,43282,1.2064425629978457,443,262,13299,19008,31812,22577,3358,7480,48662,38402,4,4,1607,212,2273,3650,22257,6961,4954,0,0,34032,22507,132,1213,0,6,0,0,1
843,11747,844.2009369071161,99805,942,608,140,53,77275,43359,1.2086969590701868,421,258,13375,19082,31775,22544,3346,7454,48671,38411,6,5,1587,212,2266,3639,22336,6995,4954,0,0,34019,22444,132,1212,0,8,0,0,1
844,11747,845.0811315225878,99803,910,575,141,54,77375,43406,1.2101940823422142,411,260,13451,19134,31754,22535,3332,7441,48680,38420,9,6,1578,212,2260,3632,22373,7044,4943,0,0,34027,22383,132,1208,0,10,0,0,1
845,11747,846.2566225750031,99801,884,574,142,55,77488,43495,1.212242362300979,415,238,13541,19229,31701,22500,3316,7403,48689,38429,13,7,1562,208,2254,3634,22426,7084,4929,0,0,34023,22330,132,1205,0,13,0,0,1
846,11747,847.1397888046343,99801,856,543,142,55,77582,43532,1.2135549743990541,416,243,13598,19288,31675,22476,3312,7394,48698,38438,18,8,1555,207,2245,3627,22468,7127,4919,0,0,34018,22281,131,1204,0,15,0,0,4
847,11747,848.0243173705661,99801,847,528,142,55,77667,43583,1.214917686195529,417,233,13680,19343,31613,22461,3300,7379,48707,38447,25,9,1545,204,2236,3630,22505,7157,4910,0,0,34024,22232,131,1201,0,18,1,0,7
848,11747,849.2063016292144,99801,820,509,142,55,77790,43658,1.216901634252162,408,225,13765,19424,31571,22431,3293,7355,48716,38456,33,10,1532,203,2232,3633,22550,7209,4897,0,0,34023,22160,129,1198,1,21,1,0,12
849,11747,850.0941720961141,99801,817,513,142,55,77875,43714,1.2183144457470365,389,224,13847,19459,31516,22401,3288,7347,48725,38465,43,11,1525,202,2231,3627,22581,7239,4888,0,0,34025,22117,129,1193,1,23,1,0,19
850,11747,851.2806724979046,99801,767,487,142,55,77977,43768,1.219877556337111,398,219,13927,19559,31491,22352,3274,7327,48734,38473,55,12,1517,200,2227,3629,22627,7286,4872,0,0,34022,22046,129,1189,1,32,1,0,23
851,11747,852.1717740588134,99801,744,462,142,55,78068,43802,1.2211300487971062,382,232,14000,19627,31466,22303,3265,7320,48743,38481,69,13,1507,199,2221,3625,22671,7322,4861,0,0,34009,22004,129,1185,1,38,2,0,27
852,11747,853.0641549387636,99801,731,450,142,55,78148,43841,1.2223224216190218,385,251,14066,19681,31418,22257,3257,7305,48752,38489,85,14,1495,199,2215,3626,22702,7350,4854,0,0,34006,21962,128,1181,1,49,2,0,31
853,11747,854.2560296758147,99801,738,475,142,55,78270,43930,1.224436628891494,349,224,14180,19774,31348,22182,3242,7289,48761,38497,104,15,1483,199,2206,3627,22739,7389,4844,0,0,34002,21906,128,1180,1,55,2,0,40
854,11747,855.1519455757564,99801,720,464,142,55,78350,43973,1.2256690814721296,344,235,14245,19833,31319,22122,3229,7290,48770,38505,125,17,1474,198,2199,3623,22773,7424,4835,0,0,33992,21862,128,1176,2,67,3,0,45
855,11747,856.0492982878303,99801,713,439,142,55,78427,44020,1.226911553992445,327,220,14317,19884,31273,22108,3227,7293,48779,38513,149,19,1467,198,2193,3619,22811,7455,4822,0,0,33993,21807,128,1171,2,76,3,0,56
856,11747,857.2483425421161,99800,691,448,143,55,78522,44097,1.2286472945891784,325,200,14438,19952,31188,22052,3214,7292,48788,38521,176,21,1459,198,2191,3614,22863,7487,4810,0,0,33966,21749,127,1172,2,94,3,0,65
857,11747,858.150115480525,99800,685,423,143,55,78602,44142,1.2298997995991985,315,195,14525,20008,31118,22021,3213,7297,48797,38529,206,23,1454,197,2188,3613,22905,7525,4796,0,0,33935,21704,127,1166,2,107,4,0,77
858,11747,859.0540129828147,99800,651,417,143,55,78659,44188,1.230931863727455,336,180,14604,20071,31057,21973,3208,7303,48806,38537,239,26,1448,197,2181,3610,22930,7557,4782,0,0,33935,21651,127,1164,2,119,9,0,88
859,11747,860.2622604120897,99800,625,428,143,55,78756,44256,1.2325851703406814,334,173,14722,20143,30989,21897,3186,7303,48814,38545,276,29,1444,194,2177,3609,22955,7610,4764,0,0,33918,21600,125,1162,3,132,10,0,97
860,11747,861.1705505564319,99800,625,406,143,55,78843,44279,1.233687374749499,302,192,14811,20184,30938,21846,3180,7316,48822,38553,317,32,1438,192,2171,3613,22980,7641,4752,0,0,33898,21550,125,1156,6,150,10,0,118
861,11747,862.0806510965623,99800,611,390,143,55,78902,44327,1.2347595190380762,303,185,14887,20233,30885,21808,3170,7328,48830,38561,361,36,1429,192,2166,3612,22995,7679,4743,0,0,33895,21491,123,1155,6,166,11,0,137
862,11747,863.2968316180878,99800,575,384,143,55,78984,44381,1.236122244488978,295,183,14998,20295,30826,21738,3162,7344,48838,38569,409,40,1419,192,2157,3611,23035,7724,4730,0,0,33855,21441,122,1153,6,191,13,0,151
863,11747,864.2110479695389,99800,556,378,143,55,79042,44420,1.2370941883767534,295,172,15077,20315,30776,21703,3152,7376,48846,38577,462,45,1413,190,2155,3602,23056,7759,4723,0,0,33827,21392,121,1152,7,212,15,0,176
864,11747,865.1270012440519,99800,553,364,143,55,79102,44459,1.2380861723446894,294,167,15153,20368,30708,21640,3148,7405,48854,38585,519,50,1406,189,2151,3599,23062,7798,4714,0,0,33809,21345,121,1150,7,241,15,0,193
865,11747,866.0451820557539,99800,541,363,143,55,79170,44507,1.2392484969939879,297,157,15240,20402,30632,21586,3146,7436,48862,38593,580,56,1398,189,2144,3597,23087,7834,4702,0,0,33780,21296,121,1149,8,267,17,0,211
866,11747,867.2728950704205,99799,548,354,144,55,79266,44565,1.2408040160723053,274,151,15351,20479,30541,21501,3141,7459,48870,38600,646,62,1391,188,2138,3594,23106,7886,4693,0,0,33742,21240,121,1145,8,295,19,0,233
867,11747,868.196418518202,99799,537,351,144,55,79325,44601,1.2417559294181304,267,151,15450,20518,30465,21435,3136,7489,48878,38607,716,69,1387,188,2131,3590,23120,7920,4678,0,0,33716,21189,120,1142,10,324,24,0,260
868,11747,869.1224498109344,99799,519,342,144,55,79380,44638,1.2426777823425084,252,150,15524,20556,30424,21372,3136,7524,48886,38614,791,77,1380,188,2124,3588,23130,7964,4670,0,0,33688,21131,120,1139,11,354,25,0,287
869,11747,870.0502057452173,99799,501,325,144,55,79435,44671,1.243559554704957,260,144,15617,20623,30343,21285,3134,7567,48894,38621,871,86,1374,187,2122,3592,23141,8007,4655,0,0,33648,21073,119,1136,12,389,26,0,318
870,11747,871.2909833919955,99799,486,296,144,55,79517,44704,1.2447118708604294,242,161,15743,20664,30263,21203,3121,7620,48902,38628,956,95,1361,186,2118,3594,23156,8058,4650,0,0,33603,21006,117,1132,16,426,28,0,348
871,11747,872.2242126440706,99799,480,278,144,55,79575,44733,1.2455836230823956,233,158,15821,20709,30198,21121,3123,7678,48910,38635,1046,105,1359,186,2114,3591,23160,8098,4638,0,0,33567,20943,116,1127,19,474,30,0,377
872,11747,873.1599669542561,99799,467,269,144,55,79624,44764,1.2463852343209851,240,150,15928,20746,30094,21042,3126,7737,48918,38642,1142,116,1354,185,2108,3592,23170,8137,4625,0,0,33528,20882,116,1122,20,515,33,0,412
873,11747,874.0988524510052,99799,471,261,144,55,79691,44802,1.247437349071634,216,134,16018,20756,30016,20982,3134,7811,48926,38649,1243,128,1348,185,2100,3586,23178,8180,4618,0,0,33479,20821,114,1116,24,565,34,0,451
874,11747,875.0405456303816,99799,443,258,144,55,79731,44832,1.2481387589053998,206,135,16086,20758,29976,20902,3144,7891,48934,38656,1349,141,1342,184,2095,3587,23188,8216,4609,0,0,33419,20758,113,1115,26,615,39,0,493
875,11747,876.2991332723932,99799,426,255,144,55,79784,44869,1.249040571548813,213,143,16193,20810,29881,20786,3142,7950,48942,38663,1461,155,1338,184,2091,3584,23179,8265,4598,0,0,33387,20681,112,1112,27,664,41,0,536
876,11747,877.2457096266766,99799,424,261,144,55,79838,44920,1.250092686299462,203,127,16271,20827,29810,20706,3147,8023,48950,38670,1578,170,1326,184,2087,3586,23171,8311,4593,0,0,33341,20612,112,1108,31,712,44,0,581
877,11747,878.1948010437745,99799,400,250,144,55,79876,44943,1.2507039148688865,196,132,16371,20855,29729,20601,3159,8106,48958,38677,1701,186,1321,182,2078,3585,23164,8360,4582,0,0,33290,20548,112,1107,32,766,48,0,624
878,11747,879.1464511344524,99799,370,238,144,55,79912,44969,1.2513251635787934,191,130,16444,20886,29679,20506,3171,8184,48965,38684,1829,203,1319,182,2073,3587,23164,8406,4565,0,0,33225,20479,111,1103,35,830,51,0,669
879,11747,880.1004097215485,99799,373,241,144,55,79957,45001,1.2520967143959358,190,127,16541,20882,29574,20406,3177,8288,48972,38691,1963,221,1317,182,2067,3587,23152,8451,4553,0,0,33161,20418,111,1101,37,896,54,0,712
880,11747,881.0576450135575,99799,383,232,144,55,80013,45028,1.2529283860559726,179,122,16633,20887,29471,20314,3189,8389,48979,38698,2103,241,1313,182,2060,3590,23136,8499,4538,0,0,33110,20342,111,1097,41,956,60,0,764
881,11747,882.0180963480394,99799,370,242,144,55,80064,45065,1.253810158418421,155,110,16740,20913,29399,20187,3191,8492,48986,38705,2248,262,1310,181,2055,3587,23123,8552,4528,0,0,33038,20270,111,1094,41,1031,61,0,817
882,11747,883.3032058159138,99799,360,237,144,55,80112,45099,1.2546318099379754,153,104,16866,20947,29276,20057,3200,8599,48993,38712,2399,284,1302,180,2052,3589,23115,8610,4520,0,0,32961,20199,111,1089,44,1096,63,0,868
883,11747,884.2707960056991,99799,352,236,144,55,80151,45128,1.2553131794907764,146,104,16939,20968,29207,19923,3211,8713,49000,38719,2556,308,1297,180,2046,3588,23092,8663,4510,0,0,32889,20128,111,1087,45,1175,68,0,920
884,11747,885.2411196725018,99799,349,240,144,55,80194,45164,1.2561047705888837,153,86,17021,20983,29107,19805,3225,8830,49007,38725,2718,333,1292,180,2041,3583,23081,8716,4504,0,0,32809,20058,111,1082,49,1249,71,0,973
885,11747,886.2146702836078,99799,338,227,144,55,80237,45183,1.2567260192987906,159,99,17092,20972,29030,19702,3236,8944,49014,38731,2886,360,1288,179,2028,3586,23065,8765,4491,0,0,32744,19970,111,1079,49,1322,81,0,1041
886,11747,887.1907178075309,99799,331,225,144,55,80271,45203,1.2572671068848384,160,98,17174,20976,28935,19591,3255,9054,49021,38737,3059,388,1286,179,2020,3582,23044,8815,4482,0,0,32662,19894,111,1075,53,1409,87,0,1100
887,11747,888.1700969149415,99799,325,221,144,55,80304,45231,1.257878335454263,167,95,17244,20977,28839,19477,3280,9174,49028,38743,3238,418,1281,179,2014,3582,23019,8872,4471,0,0,32583,19811,111,1069,57,1488,93,0,1169
888,11747,889.1526865951089,99799,319,215,144,55,80346,45255,1.2585396647260993,150,90,17339,20971,28743,19352,3304,9316,49035,38749,3422,450,1279,176,2005,3580,22997,8927,4464,0,0,32489,19729,111,1068,58,1583,101,0,1232
889,11747,890.1388798946953,99799,311,212,144,55,80385,45279,1.2591709335764887,150,86,17421,20966,28647,19237,3326,9443,49042,38755,3612,484,1276,176,1999,3581,22970,8987,4451,0,0,32412,19641,111,1063,61,1665,106,0,1300
890,11747,891.128465162773,99799,312,196,144,55,80432,45296,1.2598122225673605,130,87,17514,20959,28549,19114,3350,9588,49049,38761,3807,519,1269,176,1991,3580,22946,9044,4446,0,0,32314,19556,110,1063,62,1770,111,0,1361
891,11747,892.1217013725311,99799,291,192,144,55,80461,45328,1.260423451136785,122,74,17600,20941,28469,19005,3373,9732,49056,38767,4007,556,1266,176,1982,3579,22919,9109,4435,0,0,32224,19454,110,1060,65,1865,115,0,1440
892,11747,893.1183726841916,99799,272,173,144,55,80496,45343,1.2609244581609034,127,76,17671,20947,28389,18872,3396,9876,49063,38773,4212,595,1257,176,1976,3575,22885,9184,4433,0,0,32127,19358,109,1058,67,1955,119,0,1520
893,11747,894.1182302064798,99799,268,164,144,55,80529,45359,1.2614154450445396,117,75,17779,20911,28270,18745,3421,10049,49070,38779,4422,636,1254,174,1972,3574,22845,9248,4424,0,0,32039,19263,108,1056,68,2050,123,0,1601
894,11747,895.122496009891,99799,270,165,144,55,80564,45377,1.261946512490105,112,77,17851,20896,28164,18600,3458,10206,49077,38785,4637,679,1250,173,1962,3567,22801,9317,4421,0,0,31940,19176,108,1053,71,2148,132,0,1680
895,11747,896.1307755457606,99799,247,162,144,55,80586,45403,1.2624274792332588,106,69,17968,20887,28045,18451,3489,10375,49084,38791,4856,724,1246,173,1949,3564,22761,9388,4415,0,0,31832,19084,108,1048,76,2264,140,0,1751
896,11747,897.1433801183282,99799,247,153,144,55,80615,45420,1.262888405695448,101,73,18042,20866,27940,18311,3525,10541,49091,38797,5080,772,1241,173,1944,3565,22713,9457,4406,0,0,31728,18993,108,1040,84,2373,144,0,1830
897,11747,898.1598862679726,99799,242,143,144,55,80640,45434,1.2632791911742602,111,69,18127,20845,27817,18172,3558,10715,49098,38803,5308,822,1236,172,1940,3562,22665,9529,4401,0,0,31622,18901,108,1037,87,2482,148,0,1909
898,11747,899.1807752479303,99799,243,142,144,55,80673,45454,1.2638102586198259,106,66,18204,20832,27710,18026,3592,10878,49105,38809,5541,874,1232,171,1933,3561,22633,9590,4391,0,0,31488,18807,108,1036,88,2607,155,0,1999
899,11747,900.2056556611375,99798,228,139,145,55,80693,45460,1.2640834485661034,126,90,18264,20875,27657,17987,3579,10853,49105,38809,5541,874,1231,171,1933,3560,22641,9597,4388,0,0,31489,18796,108,1035,88,2607,155,0,1999
900,11747,900.2056556611375,99798,225,140,145,55,80702,45469,1.2642638129020622,129,92,18271,20794,27602,17872,3627,11046,49105,38809,5778,928,1231,171,1922,3558,22589,9656,4388,0,7,31361,18715,108,1029,94,2731,165,0,2073
901,11747,901.2345082900088,99798,237,147,145,55,80744,45497,1.2649652297641236,127,90,18332,20761,27492,17733,3666,11213,49105,38809,6018,985,1231,171,1910,3556,22532,9733,4386,0,22,31234,18614,108,1025,97,2844,176,0,2159
902,11747,902.2672302883335,99797,235,148,146,55,80779,45527,1.2656292273314829,112,79,18406,20715,27396,17626,3704,11376,49105,38809,6262,1044,1229,171,1907,3557,22497,9800,4382,2,34,31083,18506,107,1021,100,2969,177,1,2254
903,11747,903.3038421928876,99797,230,141,146,55,80808,45544,1.266090163030953,123,81,18469,20713,27288,17455,3743,11554,49105,38809,6510,1105,1229,171,1898,3559,22445,9874,4377,2,48,30937,18392,107,1020,100,3097,186,1,2354
904,11747,904.344435156142,99797,227,125,146,55,80835,45562,1.26654107838913,146,83,18523,20698,27176,17311,3781,11727,49105,38809,6761,1169,1227,171,1888,3561,22385,9961,4373,4,63,30781,18307,107,1017,101,3231,195,2,2423
905,11747,905.040525936089,99797,235,115,146,55,80867,45571,1.2669519123821358,139,89,18567,20626,27082,17191,3830,11923,49105,38809,7015,1235,1227,171,1880,3561,22333,10031,4371,4,74,30634,18203,107,1010,107,3363,203,3,2515
906,11747,906.0889575947625,99797,238,128,146,55,80894,45595,1.2674629497880698,143,86,18619,20592,26966,17034,3887,12104,49105,38809,7272,1304,1225,171,1870,3559,22274,10104,4370,6,83,30490,18109,107,1006,110,3498,212,3,2600
907,11747,907.1416888262544,99797,241,124,146,55,80920,45615,1.2679238854875396,146,84,18686,20563,26846,16886,3934,12287,49105,38809,7532,1376,1224,171,1860,3557,22223,10178,4369,7,91,30332,18010,107,997,118,3638,221,3,2691
908,11747,908.1991280055186,99797,229,127,146,55,80949,45637,1.2684349228934737,158,80,18759,20534,26724,16750,3983,12453,49105,38809,7794,1450,1222,171,1849,3559,22165,10260,4363,9,100,30188,17884,107,995,120,3763,231,5,2806
909,11747,909.2611466138464,99797,227,128,146,55,80997,45655,1.2690962654188003,147,83,18824,20498,26617,16588,4038,12647,49105,38809,8059,1527,1221,171,1841,3560,22092,10360,4359,10,112,30043,17773,107,990,123,3887,238,8,2902
910,11747,910.3279414205329,99797,235,130,146,55,81035,45674,1.269667424872491,151,83,18882,20494,26490,16424,4095,12813,49105,38809,8326,1607,1220,171,1836,3559,22026,10451,4358,11,120,29896,17651,107,986,126,4014,241,10,3014
911,11747,911.0418688776225,99797,241,133,146,55,81066,45693,1.2701684419371324,149,84,18914,20435,26389,16290,4160,13002,49105,38809,8595,1689,1219,171,1833,3556,21954,10541,4357,12,131,29742,17535,107,982,129,4155,244,11,3118
912,11747,912.1174624352266,99797,228,129,146,55,81099,45715,1.2707195607082378,148,81,18972,20386,26280,16147,4225,13201,49105,38809,8865,1774,1218,171,1824,3560,21884,10636,4350,13,144,29595,17412,107,973,134,4285,253,14,3224
913,11747,913.1977381392605,99797,225,136,146,55,81139,45744,1.2714109642574427,145,79,19047,20370,26146,15980,4290,13379,49105,38809,9137,1862,1217,171,1815,3564,21817,10730,4343,14,154,29426,17305,107,971,136,4431,261,17,3318
914,11747,914.2832510972424,99797,236,133,146,55,81180,45764,1.2720222050763048,142,79,19101,20331,26024,15840,4350,13561,49105,38809,9410,1953,1216,171,1805,3565,21743,10828,4341,15,167,29268,17188,107,966,141,4568,269,17,3422
915,11747,915.0097019264721,99797,228,127,146,55,81198,45775,1.272312794973797,146,88,19141,20250,25912,15725,4426,13754,49105,38809,9684,2046,1214,171,1799,3568,21685,10901,4338,17,176,29099,17065,107,962,144,4724,274,21,3532
916,11747,916.1049833742865,99797,238,137,146,55,81233,45801,1.272924035792659,150,82,19199,20226,25773,15565,4493,13934,49105,38809,9959,2142,1212,171,1789,3567,21609,10993,4336,19,183,28941,16953,107,955,150,4870,284,25,3633
917,11747,917.2061876759352,99797,238,144,146,55,81270,45825,1.2735352766115213,163,80,19233,20187,25651,15406,4568,14127,49105,38809,10235,2241,1210,169,1771,3569,21523,11101,4334,21,189,28781,16850,107,950,153,5013,301,28,3727
918,11747,918.3124870381462,99797,248,145,146,55,81317,45849,1.274246720843312,156,84,19280,20155,25520,15261,4649,14299,49105,38809,10512,2343,1208,167,1756,3571,21462,11191,4330,23,195,28596,16741,107,948,155,5177,312,32,3826
919,11747,919.0531518171264,99797,248,148,146,55,81342,45868,1.2746876158601963,166,77,19286,20112,25415,15117,4738,14490,49105,38809,10789,2448,1207,167,1747,3574,21370,11299,4326,24,199,28442,16637,107,942,161,5318,319,35,3923
920,11747,920.1692070065502,99796,249,151,146,56,81387,45893,1.275401819712213,154,80,19329,20085,25307,14950,4814,14677,49105,38809,11066,2555,1206,167,1738,3573,21295,11399,4324,25,211,28258,16533,107,940,162,5483,326,37,4012
921,11747,921.2904083929727,99796,252,146,146,56,81429,45913,1.2760230870976792,149,84,19377,20025,25177,14808,4898,14880,49105,38809,11343,2665,1205,167,1721,3576,21209,11505,4320,26,226,28096,16423,107,936,165,5628,342,39,4105
922,11747,922.0409917138578,99796,263,147,146,56,81462,45933,1.276554170507836,140,84,19391,19918,25067,14700,4992,15094,49105,38809,11620,2778,1205,167,1709,3578,21115,11613,4317,26,235,27939,16308,107,932,169,5774,352,41,4209
923,11747,923.1725963392323,99796,249,141,146,56,81495,45954,1.2770952743596937,147,89,19437,19862,24938,14568,5082,15283,49105,38809,11897,2894,1202,166,1700,3584,21035,11721,4313,29,249,27755,16187,106,926,173,5933,360,42,4315
924,11747,924.3103933846484,99796,257,153,146,56,81542,45981,1.277836787045573,146,81,19468,19820,24810,14416,5172,15473,49105,38809,12174,3013,1200,165,1691,3584,20973,11809,4309,31,261,27564,16068,106,919,180,6104,368,44,4420
925,11747,925.0718808293619,99796,266,158,146,56,81584,46000,1.2784480339893383,134,72,19495,19743,24700,14293,5258,15677,49105,38809,12450,3135,1197,165,1687,3582,20892,11915,4306,34,267,27391,15960,106,911,188,6258,371,48,4518
926,11747,926.2201864437942,99796,261,150,146,56,81629,46027,1.2791695057918153,130,71,19534,19709,24574,14161,5354,15852,49105,38809,12725,3259,1194,165,1674,3587,20822,12025,4301,37,275,27210,15832,105,903,196,6401,383,55,4631
927,11747,927.3745923202049,99796,249,149,146,56,81664,46045,1.279700589201972,133,79,19592,19662,24431,14021,5448,16032,49105,38809,12999,3386,1193,165,1660,3586,20755,12123,4296,38,287,27011,15725,105,898,200,6576,397,57,4724
928,11747,928.1479117442248,99796,234,156,146,56,81681,46066,1.2800813659866126,142,79,19603,19585,24324,13886,5550,16237,49105,38809,13272,3516,1192,165,1642,3584,20679,12219,4294,39,295,26837,15611,105,893,204,6738,412,61,4826
929,11747,929.3144797361218,99796,234,152,146,56,81729,46088,1.2807827969056875,138,78,19634,19553,24192,13750,5655,16410,49105,38809,13544,3648,1191,165,1629,3588,20590,12340,4287,40,304,26663,15499,104,886,210,6886,424,69,4921
930,11747,930.0956325320046,99796,231,149,146,56,81751,46106,1.2811836145737303,139,78,19653,19477,24066,13641,5764,16598,49105,38809,13815,3783,1190,165,1617,3593,20482,12464,4281,41,313,26506,15387,104,880,216,7029,435,71,5022
931,11747,931.2746429344613,99796,243,149,146,56,81803,46131,1.281955188584713,141,74,19709,19469,23903,13498,5857,16753,49105,38809,14084,3921,1187,164,1605,3592,20408,12563,4278,44,331,26346,15244,104,874,221,7174,443,76,5142
932,11747,932.0650414831435,99796,238,152,146,56,81825,46144,1.2823059040442504,149,73,19731,19392,23768,13378,5967,16948,49105,38809,14351,4061,1186,164,1593,3590,20312,12676,4277,45,334,26187,15131,104,869,225,7320,455,81,5247
933,11747,933.2585390739442,99796,239,150,146,56,81863,46166,1.2829071305463144,157,72,19782,19385,23596,13228,6079,17108,49105,38809,14617,4204,1185,164,1581,3590,20215,12803,4274,46,340,25995,15035,104,865,228,7488,465,86,5332
934,11747,934.0588868299725,99796,240,139,146,56,81889,46179,1.2832979277726562,157,76,19797,19323,23468,13111,6191,17294,49105,38809,14881,4349,1184,164,1572,3590,20144,12893,4270,47,349,25808,14926,104,859,233,7662,473,93,5425
935,11747,935.2675991625113,99796,248,135,146,56,81942,46207,1.2841095835504428,145,75,19850,19293,23308,12983,6302,17457,49105,38809,15143,4497,1182,164,1567,3587,20059,13014,4266,49,358,25606,14822,104,856,235,7837,477,101,5512
936,11747,936.0780789798711,99796,246,134,146,56,81971,46221,1.284540462543589,151,73,19842,19230,23192,12861,6422,17645,49105,38809,15403,4647,1180,164,1555,3591,19984,13107,4262,51,367,25420,14703,104,851,239,8007,488,104,5619
937,11747,937.3015209160244,99796,238,137,146,56,82010,46247,1.2851917912541584,153,75,19884,19193,23053,12746,6525,17792,49105,38809,15661,4799,1179,164,1546,3589,19907,13218,4259,52,374,25248,14581,104,844,244,8153,496,111,5727
938,11747,938.1212036720613,99796,229,135,146,56,82035,46262,1.2855926089222014,158,78,19869,19147,22947,12629,6650,17954,49105,38809,15917,4954,1175,164,1534,3588,19818,13332,4255,56,374,25070,14478,104,835,252,8315,505,115,5826
939,11747,939.3579481928614,99796,242,138,146,56,82089,46287,1.286384223816586,155,75,19902,19134,22792,12488,6762,18108,49105,38809,16170,5111,1173,164,1525,3590,19726,13450,4252,57,382,24890,14369,104,829,257,8474,512,122,5920
940,11747,940.1867864336366,99796,249,144,146,56,82124,46305,1.2869153072267425,140,71,19906,19062,22668,12379,6890,18287,49105,38809,16421,5270,1173,164,1512,3590,19629,13563,4249,57,387,24735,14255,104,824,261,8619,523,126,6025
941,11747,941.020126829912,99796,258,141,146,56,82153,46319,1.2873461862198885,147,72,19899,18999,22523,12279,7026,18452,49105,38809,16670,5431,1172,164,1506,3591,19542,13668,4247,58,391,24574,14136,104,815,270,8766,527,130,6135
942,11747,942.2791018751473,99796,254,125,146,56,82193,46335,1.2879073309551485,159,80,19931,19003,22371,12166,7138,18569,49105,38809,16916,5594,1172,164,1498,3593,19464,13780,4244,58,407,24364,14028,104,811,274,8946,533,133,6223
943,11747,943.1232176959804,99796,253,123,146,56,82222,46349,1.2883382099482945,150,85,19940,18953,22237,12055,7273,18727,49105,38809,17160,5759,1170,164,1485,3590,19377,13891,4244,60,414,24193,13919,104,807,276,9102,545,138,6317
944,11747,944.3986130099355,99796,249,125,146,56,82272,46375,1.2890997635175758,146,77,19982,18974,22078,11916,7398,18851,49105,38809,17401,5926,1168,164,1481,3589,19294,14010,4240,62,425,23998,13809,103,800,283,9267,549,146,6408
945,11747,945.2538632447943,99796,253,127,146,56,82299,46394,1.289560703835825,151,73,19981,18946,21946,11807,7522,18990,49105,38809,17639,6094,1168,164,1473,3588,19186,14135,4239,62,430,23838,13705,103,799,283,9414,556,153,6500
946,11747,946.1143094069147,99796,250,121,146,56,82326,46413,1.2900216441540744,159,65,19973,18906,21817,11711,7654,19140,49105,38809,17875,6264,1166,164,1464,3588,19097,14246,4237,64,437,23658,13595,103,796,286,9575,564,160,6596
947,11747,947.4145029603001,99796,247,104,146,56,82369,46435,1.2906729728646438,157,67,20008,18901,21678,11627,7763,19244,49105,38809,18108,6436,1165,164,1451,3592,19002,14363,4231,65,461,23486,13463,103,792,289,9728,577,172,6692
948,11747,948.2860361203285,99796,232,103,146,56,82392,46447,1.2910236883241812,160,69,20011,18886,21549,11508,7901,19377,49105,38809,18338,6609,1165,164,1443,3590,18911,14484,4227,65,460,23321,13374,103,784,294,9875,582,181,6773
949,11747,949.1626976216987,99796,243,104,146,56,82422,46458,1.2914345264339253,153,73,20019,18848,21400,11402,8038,19516,49105,38809,18565,6784,1165,164,1435,3589,18822,14589,4225,65,459,23154,13284,103,778,299,10032,588,185,6860
950,11747,950.044982387724,99796,240,105,146,56,82453,46478,1.2919455689606798,155,65,20012,18808,21271,11309,8175,19656,49105,38809,18790,6960,1164,164,1426,3591,18738,14690,4221,65,467,22980,13185,103,770,306,10194,596,193,6943
951,11747,951.3783955270167,99795,242,106,146,57,82504,46500,1.2926900145297862,149,58,20018,18831,21135,11196,8309,19751,49105,38809,19012,7137,1162,164,1415,3591,18653,14798,4216,67,482,22801,13083,102,765,311,10357,606,199,7023
952,11747,952.2723636072374,99795,245,103,146,57,82535,46510,1.2931008567563504,146,57,20012,18793,21013,11101,8437,19888,49105,38809,19231,7315,1162,164,1404,3588,18558,14911,4215,67,488,22640,12987,102,757,319,10504,617,204,7108
953,11747,953.171330565391,99795,245,107,146,57,82563,46526,1.293541760609249,154,58,20000,18764,20882,10995,8572,20018,49105,38809,19447,7494,1160,164,1394,3584,18455,15033,4215,69,493,22482,12895,102,752,324,10648,626,210,7189
954,11747,954.0759557526846,99795,238,111,146,57,82586,46546,1.293972643920036,152,62,19992,18730,20760,10894,8711,20145,49105,38809,19660,7675,1157,164,1381,3581,18365,15146,4212,72,491,22318,12805,102,748,327,10800,637,217,7272
955,11747,955.4424120386553,99795,236,111,146,57,82629,46568,1.2946239791572725,150,58,20007,18784,20615,10783,8845,20206,49105,38809,19870,7856,1156,164,1365,3585,18280,15261,4207,73,501,22145,12708,102,746,327,10947,652,223,7353
956,11747,956.3585380429018,99795,246,115,146,57,82666,46586,1.2951751089733954,141,53,20027,18752,20466,10694,8973,20328,49105,38809,20077,8038,1155,164,1355,3587,18197,15365,4204,74,501,21970,12623,102,741,330,11105,661,231,7430
957,11747,957.2813753776882,99795,240,112,146,57,82696,46592,1.2955358484894033,138,71,20006,18733,20343,10597,9126,20429,49105,38809,20281,8221,1155,164,1345,3589,18107,15473,4199,74,498,21818,12530,102,732,338,11244,670,244,7513
958,11747,958.2098611132469,99795,242,117,146,57,82731,46609,1.2960569166791924,129,70,19999,18713,20219,10507,9264,20535,49105,38809,20483,8405,1155,164,1336,3585,18026,15576,4197,74,499,21653,12433,102,728,340,11396,678,253,7600
959,11747,959.1439963999694,99795,233,108,146,57,82757,46619,1.2964176561952,132,73,19985,18717,20101,10413,9402,20631,49105,38809,20682,8589,1155,164,1327,3582,17915,15709,4195,74,507,21500,12348,102,726,341,11534,686,260,7670
960,11747,960.0839268461077,99795,240,107,146,57,82789,46634,1.2968886216744326,132,71,19967,18696,19967,10329,9547,20739,49105,38809,20878,8774,1153,164,1320,3579,17820,15822,4194,76,507,21356,12257,102,720,347,11665,692,267,7754
961,11747,961.0299154609166,99795,239,106,146,57,82822,46650,1.2973796282378878,137,71,19954,18687,19837,10236,9686,20842,49105,38809,21071,8959,1151,164,1311,3578,17715,15950,4190,78,513,21222,12158,102,718,349,11782,700,277,7837
962,11747,962.4514324626155,99795,246,119,146,57,82871,46682,1.2981912921489052,140,71,19966,18721,19692,10130,9809,20901,49105,38809,21261,9144,1150,163,1306,3581,17628,16058,4187,79,519,21064,12068,102,713,354,11921,705,284,7913
963,11747,963.3983910373794,99795,237,122,146,57,82897,46699,1.2986221754596923,145,79,19957,18704,19566,10049,9948,20988,49105,38809,21448,9330,1150,162,1294,3584,17546,16166,4185,79,517,20912,11985,101,708,359,12051,716,291,7989
964,11747,964.3460424505848,99795,231,121,146,57,82931,46719,1.299163284733704,136,71,19961,18689,19441,9976,10084,21085,49105,38809,21632,9516,1149,162,1289,3584,17473,16265,4183,80,522,20752,11886,101,705,362,12187,721,300,8074
965,11747,965.2938936284836,99795,238,120,146,57,82960,46733,1.2995941680444911,140,79,19948,18684,19307,9895,10220,21164,49105,38809,21813,9702,1149,162,1278,3584,17399,16355,4181,80,526,20609,11790,101,693,371,12319,732,306,8160
966,11747,966.2419345721078,99795,243,120,146,57,82992,46749,1.300075154065835,132,78,19931,18685,19180,9803,10367,21256,49105,38809,21992,9888,1149,161,1269,3583,17308,16462,4180,80,534,20469,11703,101,685,378,12449,740,308,8236
967,11747,967.1909458223873,99795,261,124,146,57,83032,46768,1.3006663660504034,120,72,19925,18669,19043,9725,10504,21352,49105,38809,22168,10074,1147,161,1261,3584,17211,16571,4177,82,532,20338,11620,101,677,386,12571,748,321,8307
968,11747,968.1403481505945,99795,268,111,146,57,83073,46778,1.3011774136980812,108,75,19924,18666,18918,9655,10635,21435,49105,38809,22341,10259,1146,161,1249,3585,17108,16694,4174,83,544,20202,11533,101,674,389,12693,756,331,8372
969,11747,969.0899366812167,99795,263,111,146,57,83103,46791,1.3016082970088683,102,75,19888,18656,18815,9590,10785,21510,49105,38809,22511,10444,1144,161,1242,3580,17019,16810,4172,85,547,20061,11448,101,669,392,12818,761,336,8449
970,11747,970.0406144875044,99795,253,113,146,57,83135,46815,1.3021694473671026,92,73,19894,18645,18690,9518,10924,21593,49105,38809,22679,10629,1141,161,1235,3582,16928,16924,4166,88,554,19923,11358,101,663,397,12940,766,344,8524
971,11747,971.4669424419478,99795,239,112,146,57,83175,46840,1.302820782604339,93,78,19913,18697,18576,9437,11032,21618,49105,38809,22844,10813,1139,161,1218,3584,16849,17030,4161,90,565,19785,11270,101,658,402,13055,782,355,8590
972,11747,972.4170298425386,99795,225,112,146,57,83200,46854,1.3032115837466807,100,82,19896,18700,18463,9370,11169,21678,49105,38809,23006,10997,1138,161,1210,3585,16769,17133,4154,91,563,19655,11184,101,654,406,13169,790,368,8664
973,11747,973.3681348496915,99795,212,121,146,57,83218,46874,1.3035923643469112,106,84,19896,18717,18342,9290,11297,21730,49105,38809,23166,11180,1138,161,1196,3587,16694,17225,4151,91,565,19525,11097,100,651,409,13289,800,375,8741
974,11747,974.3196614026168,99795,214,122,146,57,83249,46891,1.304073350368255,106,85,19873,18713,18234,9226,11426,21796,49105,38809,23323,11363,1135,161,1186,3586,16619,17320,4149,94,568,19383,11023,100,645,413,13418,808,383,8804
975,11747,975.2716833157941,99795,201,134,146,57,83269,46915,1.3045142542211534,119,76,19866,18734,18113,9149,11554,21849,49105,38809,23477,11545,1135,161,1181,3589,16532,17425,4147,94,574,19248,10945,98,638,419,13537,813,387,8872
976,11747,976.2245308789501,99795,197,144,146,57,83295,46932,1.3049451375319405,110,74,19871,18734,17989,9088,11686,21902,49105,38809,23629,11726,1134,160,1176,3593,16453,17517,4142,95,575,19101,10877,98,633,423,13675,817,393,8933
977,11747,977.1773552041885,99795,194,142,146,57,83319,46947,1.3053359386742822,117,77,19873,18750,17860,9018,11809,21955,49105,38809,23778,11906,1134,159,1163,3594,16350,17640,4140,95,577,18995,10803,98,629,427,13766,827,400,8998
978,11747,978.1298442592016,99795,190,135,146,57,83347,46960,1.3057467809008467,118,82,19871,18745,17737,8965,11937,22015,49105,38809,23925,12085,1134,159,1159,3597,16264,17746,4136,95,581,18865,10730,98,627,429,13879,830,409,9057
979,11747,979.0824151817117,99795,189,137,146,57,83376,46976,1.3061977052958564,111,83,19875,18755,17620,8900,12058,22067,49105,38809,24069,12264,1132,159,1150,3602,16187,17839,4130,97,583,18734,10658,98,620,434,13999,837,415,9121
980,11747,980.0350203538927,99795,188,136,146,57,83398,46993,1.3065885064381983,115,80,19897,18746,17477,8847,12176,22133,49105,38809,24211,12442,1131,159,1142,3603,16110,17934,4126,98,588,18608,10591,98,617,437,14110,845,422,9176
981,11747,981.4619642286615,99795,187,136,146,57,83434,47019,1.3072097800491007,104,69,19941,18794,17333,8807,12288,22136,49105,38809,24350,12618,1130,159,1136,3601,16037,18033,4125,99,597,18467,10510,98,615,439,14229,850,429,9241
982,11747,982.4115986679965,99795,198,133,146,57,83466,47032,1.3076607044441104,98,72,19902,18806,17236,8741,12419,22190,49105,38809,24487,12793,1130,158,1126,3601,15945,18139,4125,99,600,18365,10432,98,611,442,14320,859,436,9309
983,11747,983.3625181831303,99795,195,134,146,57,83490,47046,1.308041485044341,106,68,19898,18809,17114,8687,12540,22244,49105,38809,24622,12967,1129,158,1118,3601,15858,18244,4122,100,603,18242,10372,98,607,446,14429,866,442,9360
984,11747,984.314102940337,99795,176,128,146,57,83509,47062,1.3083922040182374,115,67,19882,18797,17021,8646,12659,22304,49105,38809,24754,13140,1129,158,1110,3606,15777,18351,4114,100,609,18125,10299,98,602,450,14526,872,450,9419
985,11747,985.266210792595,99795,176,118,146,57,83535,47075,1.308783005160579,109,74,19873,18803,16919,8593,12776,22354,49105,38809,24884,13312,1127,158,1099,3608,15709,18442,4109,102,612,18011,10231,98,599,452,14623,883,455,9477
986,11747,986.2190113544351,99795,183,127,146,57,83562,47097,1.3092740117240342,105,66,19863,18819,16813,8540,12889,22390,49105,38809,25012,13482,1127,158,1096,3608,15634,18528,4107,102,615,17897,10158,98,593,458,14730,884,462,9540
987,11747,987.1721476059679,99795,193,118,146,57,83593,47106,1.3096748334084873,101,68,19854,18836,16699,8482,13006,22438,49105,38809,25138,13651,1127,157,1089,3611,15558,18619,4104,102,614,17775,10104,98,586,463,14841,890,474,9583
988,11747,988.1256201068351,99795,190,118,146,57,83615,47123,1.3100656345508292,104,63,19869,18866,16574,8429,13116,22466,49105,38809,25262,13819,1127,157,1083,3614,15479,18713,4098,102,615,17665,10038,98,586,463,14939,896,480,9642
989,11747,989.0789305742961,99795,186,110,146,57,83639,47132,1.3103963124405031,111,61,19874,18877,16453,8376,13229,22518,49105,38809,25383,13985,1125,157,1078,3611,15405,18810,4096,104,614,17558,9978,98,583,465,15029,901,488,9695
990,11747,990.0318279190094,99795,182,116,146,57,83665,47153,1.3108672779197355,102,59,19892,18905,16346,8319,13331,22543,49105,38809,25502,14150,1124,157,1066,3611,15346,18887,4090,105,616,17441,9922,98,580,467,15136,912,495,9742
991,11747,991.4598474500037,99795,187,111,146,57,83716,47169,1.3115386542411944,94,61,19930,18975,16234,8265,13408,22530,49105,38809,25619,14313,1120,156,1060,3615,15272,18981,4086,109,624,17321,9863,98,575,472,15238,917,506,9782
992,11747,992.4101456655993,99795,173,118,146,57,83736,47187,1.311919434841425,92,58,19914,19001,16155,8210,13519,22555,49105,38809,25734,14475,1119,156,1055,3620,15196,19070,4080,110,626,17217,9801,98,571,475,15332,921,513,9835
993,11747,993.361207755859,99795,175,124,146,57,83759,47203,1.3123102359837666,107,58,19902,19037,16050,8141,13619,22582,49105,38809,25847,14635,1118,156,1044,3618,15126,19154,4080,111,628,17103,9755,98,566,480,15436,930,520,9872
994,11747,994.312771540973,99795,181,123,146,57,83790,47215,1.3127411192945537,100,58,19920,19044,15934,8093,13718,22624,49105,38809,25958,14794,1117,156,1041,3618,15050,19247,4078,112,629,16994,9706,97,562,483,15533,932,525,9915
995,11747,995.2639565356153,99795,186,123,146,57,83818,47231,1.3131820231474522,100,57,19924,19081,15819,8033,13824,22648,49105,38809,26067,14951,1116,156,1033,3622,14972,19342,4074,113,635,16891,9652,97,559,486,15620,939,528,9960
996,11747,996.2146385592469,99795,188,127,146,57,83839,47247,1.3135527832055713,99,55,19937,19117,15720,7981,13909,22662,49105,38809,26174,15107,1114,156,1029,3625,14891,19435,4071,115,640,16797,9586,97,555,489,15703,943,530,10019
997,11747,997.1647332700401,99795,181,132,146,57,83865,47262,1.3139636254321359,97,52,19952,19127,15632,7937,13991,22694,49105,38809,26280,15261,1114,156,1024,3624,14812,19530,4067,115,644,16697,9531,97,552,492,15793,947,534,10066
998,11747,998.1141524626238,99795,183,135,146,57,83888,47280,1.3143744676587004,96,53,19938,19157,15542,7883,14094,22714,49105,38809,26384,15413,1112,156,1020,3621,14749,19613,4066,117,644,16580,9487,97,548,494,15897,950,541,10103
999,11747,999.0640973900889,99795,190,131,146,57,83917,47292,1.3147853098852649,79,60,19952,19181,15445,7840,14187,22730,49105,38809,26486,15564,1111,156,1013,3623,14699,19685,4062,118,641,16470,9432,97,541,498,15990,957,549,10153
1000,11747,1000.0136646596004,99795,185,126,146,57,83937,47306,1.31512600831705,93,59,19964,19218,15343,7791,14268,22748,49105,38809,26586,15713,1110,156,1005,3620,14640,19763,4061,119,643,16364,9383,97,537,502,16082,965,560,10188
1001,11747,1001.4363414115431,99795,171,119,146,57,83963,47328,1.3156069943383937,107,55,20022,19322,15225,7735,14328,22711,49105,38809,26684,15860,1107,156,999,3622,14571,19854,4057,122,649,16281,9320,97,535,504,16148,970,575,10228
1002,11747,1002.3828933849893,99795,165,103,146,57,83985,47335,1.3158975900596221,112,56,20020,19360,15135,7699,14421,22724,49105,38809,26781,16006,1106,156,991,3620,14513,19934,4056,123,650,16181,9263,96,532,506,16235,974,582,10277
1003,11747,1003.3292930440458,99795,170,112,146,57,84012,47350,1.316318452828298,102,57,20019,19377,15059,7643,14503,22753,49105,38809,26876,16150,1105,156,986,3612,14447,20019,4056,124,647,16089,9223,96,528,509,16318,979,585,10316
1004,11747,1004.2755305311325,99795,167,115,146,57,84034,47365,1.3166892128864172,95,50,19993,19429,14998,7604,14600,22744,49105,38809,26969,16292,1105,156,978,3612,14392,20089,4054,124,653,16012,9162,96,527,510,16383,986,593,10363
1005,11747,1005.2229286214414,99795,172,117,146,57,84062,47381,1.3171301167393157,91,50,20003,19455,14910,7565,14677,22755,49105,38809,27061,16433,1103,155,970,3614,14313,20177,4051,126,655,15926,9122,96,525,511,16464,993,601,10393
1006,11747,1006.1701332431186,99794,173,109,147,57,84089,47389,1.3174940377176985,89,55,20000,19475,14832,7534,14758,22769,49105,38809,27151,16572,1102,155,962,3615,14252,20255,4047,127,657,15837,9072,96,522,514,16542,998,605,10436
1007,11747,1007.117617665961,99794,174,110,147,57,84114,47402,1.3178748221335952,81,55,20026,19513,14738,7506,14833,22758,49105,38809,27239,16709,1102,155,956,3617,14197,20323,4045,127,659,15746,9025,96,519,517,16622,1002,611,10475
1008,11747,1008.0645049368866,99794,171,104,147,57,84126,47414,1.3181153175541616,85,57,20037,19549,14645,7467,14914,22765,49105,38809,27326,16845,1102,155,953,3619,14133,20400,4044,127,666,15662,8973,95,518,518,16694,1004,617,10514
1009,11747,1009.0103377447899,99794,170,106,147,57,84146,47428,1.318456019399964,83,62,20042,19578,14569,7426,14988,22770,49105,38809,27411,16979,1101,155,942,3620,14067,20478,4041,128,664,15588,8933,95,517,519,16763,1011,623,10549
1010,11747,1010.4280717510122,99794,163,100,147,57,84164,47452,1.318876886385955,88,64,20103,19656,14461,7379,15037,22743,49105,38809,27495,17111,1100,155,931,3619,14005,20565,4039,129,662,15502,8904,95,516,518,16831,1020,637,10566
1011,11747,1011.3710696335205,99794,151,102,147,57,84188,47464,1.3192376295168047,79,59,20130,19695,14396,7337,15096,22749,49105,38809,27577,17241,1099,155,924,3621,13928,20656,4033,130,662,15441,8860,95,513,521,16883,1027,643,10603
1012,11747,1012.3128260353062,99794,158,95,147,57,84211,47474,1.3195683107200833,73,61,20148,19730,14302,7315,15171,22741,49105,38809,27658,17370,1098,155,918,3616,13868,20730,4033,131,667,15369,8817,95,507,526,16947,1033,649,10635
1013,11747,1013.2539345354176,99794,151,100,147,57,84230,47489,1.3199090125658857,73,58,20176,19790,14219,7271,15233,22723,49105,38809,27738,17497,1098,155,917,3618,13802,20808,4030,131,669,15302,8767,95,504,529,17003,1034,655,10677
1014,11747,1014.1942109110804,99794,152,103,147,57,84251,47501,1.3202396937691645,70,57,20202,19808,14139,7240,15289,22734,49105,38809,27816,17622,1096,155,912,3622,13741,20882,4026,133,669,15228,8724,95,502,531,17066,1038,659,10715
1015,11747,1015.1327596419743,99794,150,97,147,57,84265,47516,1.3205302924023488,78,47,20231,19836,14049,7214,15344,22748,49105,38809,27893,17746,1094,155,907,3620,13701,20942,4025,135,667,15150,8682,95,496,535,17129,1043,671,10747
1016,11747,1016.0700785621626,99794,154,96,147,57,84291,47527,1.320901056175722,75,39,20256,19876,13973,7179,15394,22752,49105,38809,27969,17868,1093,155,903,3621,13653,21006,4023,136,669,15065,8649,95,492,538,17201,1046,676,10773
1017,11747,1017.0062354536069,99794,159,96,147,57,84319,47534,1.3212517786640479,62,44,20265,19917,13905,7141,15461,22744,49105,38809,28043,17988,1092,155,898,3620,13608,21071,4022,137,670,14982,8612,95,490,539,17269,1049,678,10807
1018,11747,1018.4090960505771,99794,143,93,147,57,84338,47545,1.3215523979397559,75,46,20333,20017,13811,7098,15490,22688,49105,38809,28116,18107,1092,155,890,3620,13556,21146,4017,137,669,14912,8573,95,488,541,17322,1056,688,10837
1019,11747,1019.3419081174312,99794,145,96,147,57,84355,47558,1.3218530172154639,72,45,20350,20058,13744,7069,15541,22674,49105,38809,28188,18224,1092,155,887,3620,13507,21204,4015,136,672,14841,8530,95,483,545,17389,1058,691,10874
1020,11747,1020.273856350963,99794,149,90,147,57,84376,47572,1.3222037397037898,74,43,20374,20089,13668,7052,15587,22668,49105,38809,28258,18339,1092,155,884,3622,13448,21271,4013,136,680,14774,8483,95,480,547,17449,1061,696,10908
1021,11747,1021.2049566876831,99794,147,90,147,57,84398,47583,1.3225344209070686,69,42,20380,20141,13597,7027,15659,22642,49105,38809,28327,18453,1092,155,881,3622,13406,21327,4009,136,683,14713,8437,95,479,548,17500,1064,701,10946
1022,11747,1022.1355797172257,99794,141,91,147,57,84419,47595,1.3228651021103472,65,40,20405,20190,13528,6995,15713,22626,49105,38809,28395,18565,1091,155,877,3624,13359,21386,4005,137,683,14636,8403,95,474,553,17568,1067,709,10972
1023,11747,1023.0652427593557,99794,146,91,147,57,84438,47608,1.3231857626711025,62,36,20435,20245,13438,6968,15771,22602,49105,38809,28462,18675,1091,155,874,3625,13311,21446,4002,137,684,14571,8368,95,470,556,17624,1070,713,11002
1024,11747,1024.4573342835952,99794,140,86,147,57,84458,47622,1.323526464516905,83,45,20470,20334,13359,6929,15800,22548,49105,38809,28528,18784,1088,155,871,3626,13247,21523,4001,140,680,14500,8344,95,469,557,17683,1072,727,11016
1025,11747,1025.3836220413268,99794,146,77,147,57,84478,47632,1.3238270837926127,80,44,20490,20386,13279,6902,15857,22533,49105,38809,28593,18891,1088,155,871,3625,13194,21589,3999,140,684,14432,8315,95,466,559,17744,1071,734,11033
1026,11747,1026.3094775367676,99794,149,85,147,57,84497,47646,1.3241577649958916,83,43,20509,20440,13199,6864,15912,22510,49105,38809,28657,18997,1088,155,864,3626,13153,21640,3998,140,685,14366,8282,95,462,563,17800,1078,740,11059
1027,11747,1027.2343375409876,99794,147,84,147,57,84519,47659,1.3245084874842175,75,39,20527,20496,13151,6828,15952,22495,49105,38809,28719,19101,1087,155,860,3626,13102,21705,3995,141,684,14307,8249,94,460,565,17852,1081,746,11085
1028,11747,1028.158314327657,99793,148,90,148,57,84538,47672,1.3248424238173018,69,38,20554,20536,13079,6790,16001,22488,49105,38809,28780,19203,1087,154,858,3625,13063,21758,3993,141,680,14238,8222,94,459,566,17910,1083,751,11111
1029,11747,1029.0814457469567,99793,144,87,148,57,84553,47681,1.325082921647811,73,34,20586,20569,13009,6764,16039,22488,49105,38809,28840,19304,1087,154,856,3625,13025,21809,3992,141,682,14176,8185,94,456,569,17960,1085,759,11138
1030,11747,1030.0032317798234,99793,136,83,148,57,84567,47689,1.3253033779924444,75,38,20606,20599,12951,6737,16083,22485,49105,38809,28899,19403,1087,154,849,3622,12992,21860,3990,141,683,14105,8158,94,455,570,18021,1090,765,11157
1031,11747,1031.3838557898405,99793,134,89,148,57,84603,47705,1.3258244566252142,69,37,20694,20691,12868,6694,16086,22431,49105,38809,28957,19501,1085,154,843,3621,12955,21923,3988,143,680,14037,8130,94,451,574,18072,1093,772,11178
1032,11747,1032.3011631036513,99793,140,81,148,57,84624,47712,1.3261050374274748,58,35,20724,20731,12804,6671,16125,22424,49105,38809,29014,19597,1085,154,835,3620,12926,21965,3987,143,680,13973,8095,94,449,576,18126,1101,779,11205
1033,11747,1033.2168525793425,99793,126,78,148,57,84634,47717,1.3262553485715431,63,38,20754,20781,12745,6639,16163,22406,49105,38809,29070,19692,1084,154,832,3621,12884,22022,3983,144,682,13910,8067,94,447,577,18180,1102,783,11227
1034,11747,1034.1312897296182,99793,108,76,148,57,84644,47725,1.326435721944425,66,35,20792,20817,12692,6604,16193,22410,49105,38809,29125,19786,1084,154,825,3621,12843,22081,3981,144,681,13851,8042,94,446,577,18226,1108,791,11244
1035,11747,1035.044575217452,99793,113,76,148,57,84661,47730,1.3266561782890582,63,41,20827,20869,12619,6572,16229,22384,49105,38809,29179,19878,1084,154,823,3620,12812,22121,3980,144,685,13784,8011,94,441,582,18286,1110,792,11270
1036,11747,1036.4112647935303,99793,106,77,148,57,84679,47742,1.3269568005771948,65,50,20892,20952,12549,6530,16239,22333,49105,38809,29233,19969,1083,154,822,3616,12775,22173,3979,145,685,13728,7982,94,441,582,18332,1111,799,11292
1037,11747,1037.32001965896,99793,95,79,148,57,84690,47753,1.327177256921828,63,45,20913,20998,12501,6505,16279,22315,49105,38809,29286,20058,1082,153,817,3619,12737,22223,3978,144,685,13670,7959,94,441,581,18381,1115,807,11307
1038,11747,1038.2277935720526,99793,94,77,148,57,84702,47767,1.3274377962382131,59,39,20935,21033,12459,6484,16304,22309,49105,38809,29338,20146,1082,153,813,3615,12706,22269,3978,144,689,13613,7934,94,440,582,18429,1117,811,11324
1039,11747,1039.1344739241752,99793,88,72,148,57,84710,47775,1.3275981281252192,61,39,20984,21084,12387,6469,16331,22278,49105,38809,29389,20232,1082,153,808,3615,12665,22320,3976,144,687,13567,7908,94,440,582,18468,1121,821,11342
1040,11747,1040.039724180629,99793,91,75,148,57,84719,47789,1.3278286052127906,64,31,21011,21138,12320,6442,16365,22256,49105,38809,29439,20317,1081,153,803,3615,12632,22359,3976,145,689,13511,7886,94,440,582,18519,1125,827,11356
1041,11747,1041.394643423427,99793,96,73,148,57,84742,47800,1.3281693104726784,61,32,21082,21226,12230,6410,16382,22201,49105,38809,29488,20401,1081,153,799,3617,12603,22403,3973,145,692,13455,7859,94,440,582,18562,1129,830,11376
1042,11747,1042.2954699353695,99793,101,67,148,57,84760,47807,1.3284198290461255,56,32,21106,21269,12167,6398,16421,22176,49105,38809,29536,20483,1081,153,794,3618,12566,22449,3972,145,697,13408,7829,94,438,583,18602,1133,834,11397
1043,11747,1043.1951955311788,99793,104,65,148,57,84771,47812,1.3285801609331316,57,39,21134,21318,12112,6374,16444,22146,49105,38809,29584,20564,1081,153,789,3617,12543,22484,3971,145,697,13358,7804,94,437,584,18644,1137,835,11420
1044,11747,1044.0936688964923,99793,102,67,148,57,84780,47820,1.3287505135630755,57,41,21175,21354,12050,6347,16467,22133,49105,38809,29631,20644,1080,153,785,3614,12517,22516,3971,146,694,13314,7783,94,434,587,18686,1141,842,11436
1045,11747,1045.4383703112032,99793,90,68,148,57,84797,47829,1.3290110528794605,62,39,21232,21439,11997,6320,16470,22076,49105,38809,29677,20723,1080,153,782,3614,12472,22575,3971,145,699,13259,7762,94,433,588,18729,1144,848,11445
1046,11747,1046.3326772324774,99793,85,68,148,57,84804,47835,1.329141322537653,68,39,21267,21485,11941,6293,16490,22057,49105,38809,29722,20800,1080,153,779,3617,12423,22628,3968,145,696,13222,7741,94,432,588,18764,1146,857,11460
1047,11747,1047.2256082821707,99793,88,66,148,57,84815,47848,1.329381820368162,63,34,21316,21532,11881,6274,16503,22036,49105,38809,29767,20876,1080,153,776,3618,12387,22672,3967,144,698,13189,7712,94,432,588,18790,1149,863,11481
1048,11747,1048.1166759137272,99793,91,70,148,57,84827,47861,1.3296323389416091,62,28,21354,21583,11824,6254,16520,22007,49105,38809,29811,20951,1079,153,774,3618,12354,22711,3966,145,700,13147,7686,94,430,590,18828,1150,865,11503
1049,11747,1049.0062893433042,99793,101,68,148,57,84846,47868,1.329892878257994,57,27,21391,21630,11761,6241,16541,21976,49105,38809,29854,21025,1077,153,770,3619,12326,22747,3965,147,700,13115,7652,94,429,591,18854,1152,871,11531
1050,11747,1050.3376692957374,99793,99,73,148,57,84870,47881,1.3302636457466956,50,36,21457,21704,11699,6206,16546,21923,49105,38809,29897,21098,1075,153,770,3621,12293,22790,3961,149,704,13075,7627,94,427,592,18888,1151,873,11550
1051,11747,1051.2228248932904,99793,89,74,148,57,84876,47890,1.3304139568907638,53,30,21491,21762,11652,6182,16566,21894,49105,38809,29939,21169,1075,153,767,3619,12271,22826,3960,149,705,13031,7603,94,424,594,18922,1154,873,11573
1052,11747,1052.1066988897467,99793,100,65,148,57,84896,47894,1.330654454721273,48,32,21529,21807,11597,6168,16577,21870,49105,38809,29980,21239,1075,153,766,3620,12244,22864,3958,149,707,12989,7577,93,424,594,18956,1154,877,11593
1053,11747,1053.429409752785,99793,105,58,148,57,84923,47905,1.3310352429529124,48,27,21602,21902,11533,6147,16563,21808,49105,38809,30020,21308,1075,153,761,3620,12219,22903,3957,149,709,12944,7551,93,420,596,18991,1159,886,11607
1054,11747,1054.3088504089178,99793,100,60,148,57,84932,47918,1.331255699297546,56,27,21647,21944,11478,6131,16570,21780,49105,38809,30060,21376,1075,153,758,3621,12199,22935,3956,149,712,12900,7522,93,418,597,19027,1160,888,11630
1055,11747,1055.186524476073,99793,105,59,148,57,84950,47925,1.3315062178709929,47,24,21690,22005,11425,6114,16584,21740,49105,38809,30099,21443,1074,153,757,3619,12164,22981,3955,150,712,12863,7504,93,418,597,19056,1161,893,11643
1056,11747,1056.0623449852526,99792,112,60,149,57,84964,47935,1.3317600609267275,49,27,21735,22046,11357,6099,16597,21710,49105,38809,30138,21509,1073,153,756,3619,12133,23016,3954,151,712,12827,7484,93,416,599,19088,1162,898,11658
1057,11747,1057.3724659105437,99792,113,55,149,57,84979,47940,1.3319604777938112,52,30,21806,22160,11282,6070,16597,21627,49105,38809,30176,21574,1073,153,755,3619,12105,23060,3952,151,712,12783,7468,93,416,598,19119,1163,901,11671
1058,11747,1058.2433133018449,99792,111,62,149,57,84988,47953,1.332180936347603,51,24,21854,22239,11223,6044,16611,21573,49105,38809,30213,21638,1073,153,754,3619,12078,23093,3951,151,711,12747,7449,93,415,597,19153,1164,907,11684
1059,11747,1059.112591828353,99792,114,65,149,57,85002,47962,1.332411415744749,49,20,21892,22303,11175,6020,16620,21534,49105,38809,30250,21701,1073,152,753,3619,12054,23123,3950,151,709,12704,7439,93,412,600,19192,1165,912,11691
1060,11747,1060.4132761554863,99792,113,55,149,57,85018,47964,1.3325917909251244,43,28,21978,22385,11124,6000,16592,21474,49105,38809,30286,21763,1073,152,752,3621,12030,23156,3947,151,712,12662,7415,93,410,602,19226,1166,917,11707
1061,11747,1061.2776526506912,99792,106,62,149,57,85026,47977,1.3328022286355619,46,22,22015,22433,11088,5975,16595,21450,49105,38809,30322,21824,1072,152,752,3622,12010,23184,3945,152,711,12625,7395,93,409,602,19257,1166,921,11724
1062,11747,1062.1405133682981,99792,103,60,149,57,85038,47981,1.3329625621292287,46,20,22055,22482,11039,5958,16607,21422,49105,38809,30357,21884,1070,152,751,3621,11986,23215,3944,154,712,12590,7376,93,408,601,19290,1166,927,11736
1063,11747,1063.297069189913,99792,90,51,149,57,85051,47987,1.3331529581529582,46,25,22123,22568,10996,5938,16595,21360,49105,38809,30392,21943,1070,151,746,3620,11961,23259,3940,154,712,12546,7365,93,408,601,19324,1168,935,11739
1064,11747,1064.1560310594018,99792,86,48,149,57,85060,47990,1.3332732082732082,41,25,22166,22627,10950,5915,16607,21327,49105,38809,30426,22001,1069,151,745,3618,11932,23298,3940,155,713,12514,7348,93,407,601,19349,1169,938,11752
1065,11747,1065.0134148853608,99792,86,46,149,57,85069,47995,1.3334135000801668,42,25,22199,22677,10905,5897,16618,21297,49105,38809,30459,22058,1068,151,743,3620,11911,23322,3938,156,711,12478,7329,93,407,601,19383,1171,942,11768
1066,11747,1066.2965774250401,99792,84,47,149,57,85084,48001,1.3336239377906045,49,27,22264,22760,10854,5870,16599,21238,49105,38809,30492,22114,1068,151,739,3621,11880,23360,3937,156,710,12445,7313,93,406,602,19410,1174,947,11780
1067,11747,1067.1502095024687,99792,84,48,149,57,85092,48006,1.3337542087542087,48,27,22301,22802,10812,5848,16605,21217,49105,38809,30524,22169,1067,151,739,3622,11858,23389,3936,157,708,12409,7302,93,405,603,19441,1173,948,11791
1068,11747,1068.0022393690372,99792,78,44,149,57,85096,48009,1.333824354657688,53,27,22329,22854,10776,5831,16614,21186,49105,38809,30556,22223,1066,151,737,3623,11835,23413,3935,158,710,12376,7284,93,405,603,19473,1175,953,11802
1069,11747,1069.2780135426428,99792,70,44,149,57,85107,48018,1.3340247715247715,52,29,22414,22944,10719,5801,16595,21124,49105,38809,30587,22276,1066,151,735,3623,11809,23448,3934,158,711,12344,7267,93,405,602,19500,1177,960,11809
1070,11747,1070.1261064800692,99792,78,41,149,57,85120,48024,1.3342151675485008,46,26,22464,22997,10664,5783,16598,21095,49105,38809,30618,22328,1066,151,735,3624,11781,23481,3933,158,710,12316,7246,93,405,602,19524,1176,966,11825
1071,11747,1071.3947502853346,99792,71,42,149,57,85132,48032,1.3344155844155845,51,28,22543,23054,10617,5767,16568,21051,49105,38809,30649,22380,1065,150,731,3627,11761,23508,3929,159,713,12280,7230,93,405,602,19555,1180,970,11834
1072,11747,1072.2378788579736,99792,72,40,149,57,85140,48038,1.334555876222543,51,23,22601,23106,10551,5751,16575,21022,49105,38809,30679,22431,1065,150,730,3626,11741,23535,3928,159,709,12251,7221,93,405,601,19581,1180,979,11838
1073,11747,1073.079230006889,99792,77,43,149,57,85155,48043,1.3347562930896264,44,23,22660,23163,10500,5721,16569,20992,49105,38809,30709,22481,1064,150,727,3624,11720,23560,3928,160,709,12218,7204,93,405,601,19613,1182,981,11853
1074,11747,1074.019835483495,99792,71,43,149,57,85162,48050,1.3348965848965848,45,22,22714,23216,10452,5697,16568,20964,49105,38809,30738,22530,1064,149,726,3625,11704,23583,3926,160,708,12188,7189,93,403,603,19639,1182,988,11862
1075,11747,1075.2744983025013,99792,70,45,149,57,85174,48056,1.33507696007696,42,25,22786,23296,10406,5671,16546,20905,49105,38809,30767,22578,1064,149,726,3623,11675,23619,3925,160,707,12168,7170,93,403,603,19655,1182,991,11879
1076,11747,1076.1086184060591,99792,69,42,149,57,85178,48061,1.3351671476671476,43,28,22824,23351,10358,5650,16556,20871,49105,38809,30795,22626,1064,149,725,3624,11656,23646,3924,160,706,12135,7160,93,403,602,19681,1183,995,11886
1077,11747,1077.3571561081542,99792,74,36,149,57,85187,48071,1.3353575436908771,45,28,22897,23471,10304,5645,16530,20762,49105,38809,30823,22673,1064,149,720,3625,11640,23669,3922,160,705,12110,7142,93,402,602,19701,1188,1002,11898
1078,11747,1078.1872314925554,99792,77,37,149,57,85196,48074,1.335477793811127,43,27,22932,23524,10267,5628,16531,20726,49105,38809,30850,22719,1064,149,718,3624,11619,23694,3921,160,705,12088,7129,93,401,603,19721,1190,1004,11909
1079,11747,1079.01602622011,99792,78,40,149,57,85205,48079,1.3356180856180857,43,26,22959,23577,10238,5606,16532,20693,49105,38809,30877,22764,1063,149,717,3624,11601,23714,3921,161,707,12054,7118,93,400,604,19753,1191,1005,11917
1080,11747,1080.256771694802,99792,81,39,149,57,85218,48085,1.335808481641815,47,29,23017,23649,10192,5589,16513,20636,49105,38809,30904,22809,1062,149,717,3626,11574,23747,3919,162,708,12027,7104,93,400,604,19774,1191,1007,11928
1081,11747,1081.082210065403,99792,82,42,149,57,85231,48090,1.3359888568221903,42,25,23061,23688,10157,5574,16508,20613,49105,38809,30930,22853,1062,149,717,3625,11553,23774,3918,162,709,12004,7090,93,399,605,19793,1191,1009,11939
1082,11747,1082.3176796090645,99792,84,40,149,57,85248,48097,1.3362293570626904,35,22,23137,23777,10105,5553,16489,20550,49105,38809,30956,22896,1061,149,716,3626,11535,23804,3917,162,709,11967,7082,93,398,605,19821,1192,1013,11942
1083,11747,1083.1392362408835,99792,85,44,149,57,85255,48102,1.3363496071829406,36,19,23171,23836,10076,5531,16482,20512,49105,38809,30981,22938,1061,149,715,3627,11520,23820,3917,162,706,11940,7075,92,398,605,19847,1193,1019,11946
1084,11747,1084.0219631652071,99792,83,43,149,57,85265,48104,1.3364698573031906,36,20,23210,23892,10041,5508,16480,20479,49105,38809,31006,22980,1061,149,714,3627,11501,23845,3916,162,707,11914,7065,92,398,605,19868,1194,1021,11953
1085,11747,1085.0394054147598,99792,80,43,149,57,85273,48114,1.3366502324835658,37,18,23278,23951,9995,5491,16460,20439,49105,38809,31031,23021,1060,149,711,3625,11479,23874,3915,163,708,11896,7051,92,398,605,19883,1196,1026,11961
1086,11747,1086.263519402891,99792,83,44,149,57,85286,48119,1.336830607663941,33,20,23319,24000,9961,5472,16454,20406,49105,38809,31055,23061,1059,149,707,3626,11465,23897,3914,164,706,11874,7043,92,396,607,19899,1197,1028,11969
1087,11747,1087.030079184161,99792,74,45,149,57,85291,48125,1.3369408369408369,36,17,23360,24059,9938,5454,16442,20367,49105,38809,31079,23101,1059,149,706,3626,11447,23923,3913,164,707,11851,7032,92,393,608,19918,1197,1029,11978
1088,11747,1088.1402761610627,99792,75,45,149,57,85306,48131,1.3371512746512746,31,16,23428,24112,9900,5437,16416,20332,49105,38809,31103,23140,1059,149,705,3626,11439,23943,3913,164,706,11818,7023,92,391,610,19942,1196,1033,11983
1089,11747,1089.0132781521793,99792,76,41,149,57,85315,48135,1.337281545614879,24,17,23474,24151,9867,5429,16409,20304,49105,38809,31126,23179,1059,149,705,3627,11421,23966,3912,164,707,11789,7008,92,390,610,19968,1195,1037,11993
1090,11747,1090.3351336430721,99792,71,40,149,57,85321,48141,1.337401795735129,31,16,23555,24227,9834,5407,16359,20252,49105,38809,31149,23217,1059,149,705,3628,11401,23995,3910,164,708,11771,6994,92,387,613,19978,1195,1040,12003
1091,11747,1091.2308048814823,99792,65,36,149,57,85330,48144,1.3375220458553791,35,20,23629,24307,9795,5390,16326,20189,49105,38809,31172,23254,1056,149,705,3628,11380,24022,3908,167,709,11747,6985,92,387,613,19998,1195,1045,12006
1092,11747,1092.164173423043,99792,66,34,149,57,85334,48147,1.3375921917588585,35,19,23670,24350,9762,5379,16317,20160,49105,38809,31194,23291,1055,149,704,3628,11362,24042,3908,168,710,11723,6976,92,386,613,20021,1196,1047,12012
1093,11747,1093.0110390990694,99792,62,27,149,57,85342,48150,1.3377024210357544,34,19,23732,24427,9716,5363,16306,20106,49105,38809,31216,23327,1055,149,704,3629,11337,24074,3907,168,715,11703,6965,92,384,615,20035,1195,1049,12016
1094,11747,1094.008616551513,99792,57,28,149,57,85351,48155,1.3378427128427128,36,18,23787,24507,9693,5345,16277,20044,49105,38809,31238,23363,1055,149,702,3630,11310,24106,3905,168,715,11689,6955,92,384,615,20046,1196,1053,12022
