,indexID,time,N,Inf_L,Inf_H,Dead_L,Dead_H,cum_cases_L,cum_cases_H,cum_sum_per_N,Exposed_L,Exposed_H,Sus_L,Sus_H,Rec_nat_L,Rec_nat_H,Rec_vax_L,Rec_vax_H,vaccinatedH,vaccinatedL,boostedH,boostedL,count_Naive,count_Delta,count_Delta_vaccine,count_two,count_three,count_four,count_Omicron,count_Omicron_star,count_Omicron_star_vaccine,count_Omicron_vaccine,count_Vaccine,count_WT,count_WT_vaccine,count_WT_vaccine_boost,count_Omicron_vaccine_boost,count_Delta_vaccine_boost,count_Omicron_star_vaccine_boost,count_Vaccine_boost
0,11100,1.017045606069116,99998,3,3,0,0,4,3,7.000140002800056e-05,21,22,49974,49974,1,0,0,0,0,0,0,0,99997,0,0,0,0,0,0,0,0,0,0,1,0,0,0,0,0,0
1,11100,2.112389963338877,99998,6,10,0,0,7,10,0.00017000340006800136,20,15,49972,49974,1,0,0,0,0,0,0,0,99997,0,0,0,0,0,0,0,0,0,0,1,0,0,0,0,0,0
2,11100,3.0705587157268925,99998,12,10,0,0,13,11,0.00024000480009600192,15,14,49971,49974,1,1,0,0,0,0,0,0,99996,0,0,0,0,0,0,0,0,0,0,2,0,0,0,0,0,0
3,11100,4.240201026728494,99998,16,13,0,0,17,16,0.0003300066001320026,13,13,49969,49970,1,3,0,0,0,0,0,0,99994,0,0,0,0,0,0,0,0,0,0,4,0,0,0,0,0,0
4,11100,5.031093423879474,99998,19,18,0,0,22,21,0.00043000860017200347,10,10,49967,49968,3,3,0,0,0,0,0,0,99992,0,0,0,0,0,0,0,0,0,0,6,0,0,0,0,0,0
5,11100,6.019487952519809,99998,22,18,0,0,27,24,0.0005100102002040041,10,10,49962,49965,5,6,0,0,0,0,0,0,99987,0,0,0,0,0,0,0,0,0,0,11,0,0,0,0,0,0
6,11100,7.08183335669232,99998,23,18,0,0,31,26,0.0005700114002280045,10,9,49958,49964,8,8,0,0,0,0,0,0,99982,0,0,0,0,0,0,0,0,0,0,16,0,0,0,0,0,0
7,11100,8.028744338057235,99998,23,18,0,0,33,28,0.0006100122002440049,11,11,49955,49960,10,10,0,0,0,0,0,0,99978,0,0,0,0,0,0,0,0,0,0,20,0,0,0,0,0,0
8,11100,9.0473567224532,99998,27,20,0,0,38,33,0.0007100142002840057,10,8,49951,49958,11,13,0,0,0,0,0,0,99974,0,0,0,0,0,0,0,0,0,0,24,0,0,0,0,0,0
9,11100,10.009618623595763,99998,25,22,0,0,39,37,0.0007600152003040061,14,4,49946,49958,14,15,0,0,0,0,0,0,99969,0,0,0,0,0,0,0,0,0,0,29,0,0,0,0,0,0
10,11100,11.01033265506375,99998,28,20,0,0,45,38,0.0008300166003320066,14,7,49940,49954,17,18,0,0,0,0,0,0,99963,0,0,0,0,0,0,0,0,0,0,35,0,0,0,0,0,0
11,11100,12.00840545655253,99998,32,17,0,0,51,39,0.0009000180003600072,17,7,49931,49953,19,22,0,0,0,0,0,0,99957,0,0,0,0,0,0,0,0,0,0,41,0,0,0,0,0,0
12,11100,13.024966988443733,99998,30,13,0,0,57,40,0.0009700194003880077,14,9,49928,49951,27,26,0,0,0,0,0,0,99944,0,0,0,0,0,0,0,0,0,0,54,0,0,0,0,0,0
13,11100,14.10050241342784,99998,30,17,0,0,65,44,0.0010900218004360088,10,10,49924,49946,35,26,0,0,0,0,0,0,99936,0,0,0,0,0,0,0,0,0,0,62,0,0,0,0,0,0
14,11100,15.08325524573193,99998,29,17,0,0,70,48,0.0011800236004720095,9,8,49920,49944,41,30,0,0,0,0,0,0,99926,0,0,0,0,0,0,0,0,0,0,72,0,0,0,0,0,0
15,11100,16.223882800010706,99998,23,15,0,0,72,51,0.0012300246004920098,13,6,49914,49943,49,35,0,0,0,0,0,0,99913,0,0,0,0,0,0,0,0,0,0,85,0,0,0,0,0,0
16,11100,17.194261134491846,99998,23,13,0,0,73,52,0.00125002500050001,16,11,49910,49937,50,38,0,0,0,0,0,0,99909,0,0,0,0,0,0,0,0,0,0,89,0,0,0,0,0,0
17,11100,18.10225906330026,99998,22,14,0,0,76,55,0.0013100262005240105,18,8,49905,49937,54,40,0,0,0,0,0,0,99903,0,0,0,0,0,0,0,0,0,0,95,0,0,0,0,0,0
18,11100,19.010249402157985,99998,22,16,0,0,77,58,0.0013500270005400107,22,6,49901,49936,54,41,0,0,0,0,0,0,99901,0,0,0,0,0,0,0,0,0,0,97,0,0,0,0,0,0
19,11100,20.08472853381955,99998,21,16,0,0,81,61,0.0014200284005680113,22,8,49897,49931,59,44,0,0,0,0,0,0,99893,0,0,0,0,0,0,0,0,0,0,105,0,0,0,0,0,0
20,11100,21.06742027179249,99998,26,20,0,0,89,66,0.0015500310006200124,16,6,49895,49929,62,44,0,0,0,0,0,0,99889,0,0,0,0,0,0,0,0,0,0,109,0,0,0,0,0,0
21,11100,22.203450333743053,99998,25,19,0,0,91,68,0.0015900318006360128,19,5,49890,49928,65,47,0,0,0,0,0,0,99883,0,0,0,0,0,0,0,0,0,0,115,0,0,0,0,0,0
22,11100,23.134381082734393,99998,24,18,0,0,92,69,0.0016100322006440129,23,5,49885,49927,67,49,0,0,0,0,0,0,99879,0,0,0,0,0,0,0,0,0,0,119,0,0,0,0,0,0
23,11100,24.16427923537839,99998,27,15,0,0,99,70,0.0016900338006760136,22,5,49879,49926,71,53,0,0,0,0,0,0,99871,0,0,0,0,0,0,0,0,0,0,127,0,0,0,0,0,0
24,11100,25.009686686739723,99998,27,14,0,0,102,71,0.0017300346006920138,19,7,49879,49923,74,55,0,0,0,0,0,0,99866,0,0,0,0,0,0,0,0,0,0,132,0,0,0,0,0,0
25,11100,26.15626411134506,99998,28,12,0,0,107,73,0.0018000360007200144,21,7,49873,49921,77,59,0,0,0,0,0,0,99858,0,0,0,0,0,0,0,0,0,0,140,0,0,0,0,0,0
26,11100,27.33504624561484,99998,29,15,0,0,113,76,0.0018900378007560151,19,6,49870,49919,81,59,0,0,0,0,0,0,99853,0,0,0,0,0,0,0,0,0,0,145,0,0,0,0,0,0
27,11100,28.057136108542387,99998,32,16,0,0,118,78,0.0019600392007840155,19,6,49865,49917,83,60,0,0,0,0,0,0,99850,0,0,0,0,0,0,0,0,0,0,148,0,0,0,0,0,0
28,11100,29.059196556059945,99998,33,14,0,0,122,81,0.0020300406008120163,19,7,49861,49913,86,65,0,0,0,0,0,0,99842,0,0,0,0,0,0,0,0,0,0,156,0,0,0,0,0,0
29,11100,30.096847582176828,99998,34,15,0,0,131,83,0.002140042800856017,20,9,49851,49910,94,65,0,0,0,0,0,0,99833,0,0,0,0,0,0,0,0,0,0,165,0,0,0,0,0,0
30,11100,31.04271022663226,99998,35,14,0,0,136,84,0.002200044000880018,18,10,49848,49908,98,67,0,0,0,0,0,0,99827,0,0,0,0,0,0,0,0,0,0,171,0,0,0,0,0,0
31,11100,32.09430447666392,99998,42,13,0,0,147,87,0.0023400468009360186,17,7,49838,49908,102,71,0,0,0,0,0,0,99819,0,0,0,0,0,0,0,0,0,0,179,0,0,0,0,0,0
32,11100,33.061683693941596,99998,43,13,0,0,152,89,0.0024100482009640194,14,9,49836,49904,106,73,0,0,0,0,0,0,99813,0,0,0,0,0,0,0,0,0,0,185,0,0,0,0,0,0
33,11100,34.231557682004684,99998,36,14,0,0,154,92,0.0024600492009840195,16,7,49832,49903,115,75,0,0,0,0,0,0,99802,0,0,0,0,0,0,0,0,0,0,196,0,0,0,0,0,0
34,11100,35.027866028652056,99998,38,15,0,0,158,94,0.00252005040100802,14,8,49830,49900,117,76,0,0,0,0,0,0,99799,0,0,0,0,0,0,0,0,0,0,199,0,0,0,0,0,0
35,11100,36.11641932489955,99998,35,14,0,0,162,96,0.0025800516010320205,16,10,49824,49896,124,79,0,0,0,0,0,0,99789,0,0,0,0,0,0,0,0,0,0,209,0,0,0,0,0,0
36,11100,37.18350301771211,99998,35,12,0,0,167,97,0.002640052801056021,16,11,49820,49894,128,82,0,0,0,0,0,0,99781,0,0,0,0,0,0,0,0,0,0,217,0,0,0,0,0,0
37,11100,38.05991567563659,99998,40,14,0,0,174,100,0.002740054801096022,17,9,49812,49893,130,83,0,0,0,0,0,0,99778,0,0,0,0,0,0,0,0,0,0,220,0,0,0,0,0,0
38,11100,39.0622898866742,99998,42,14,0,0,182,101,0.0028300566011320227,11,10,49811,49892,135,83,0,0,0,0,0,0,99771,0,0,0,0,0,0,0,0,0,0,227,0,0,0,0,0,0
39,11100,40.233111737377854,99998,39,13,0,0,185,102,0.002870057401148023,19,13,49800,49888,141,85,0,0,0,0,0,0,99763,0,0,0,0,0,0,0,0,0,0,235,0,0,0,0,0,0
40,11100,41.056804239819506,99998,39,14,0,0,188,103,0.0029100582011640235,18,14,49798,49886,144,85,0,0,0,0,0,0,99760,0,0,0,0,0,0,0,0,0,0,238,0,0,0,0,0,0
41,11100,42.10572979133784,99998,38,14,0,0,193,107,0.003000060001200024,20,13,49792,49883,149,89,0,0,0,0,0,0,99750,0,0,0,0,0,0,0,0,0,0,248,0,0,0,0,0,0
42,11100,43.078951429790116,99998,40,14,0,0,197,110,0.0030700614012280246,20,14,49789,49879,150,92,0,0,0,0,0,0,99745,0,0,0,0,0,0,0,0,0,0,253,0,0,0,0,0,0
43,11100,44.0551242343871,99998,40,14,0,0,199,114,0.003130062601252025,21,12,49786,49878,152,95,0,0,0,0,0,0,99739,0,0,0,0,0,0,0,0,0,0,259,0,0,0,0,0,0
44,11100,45.03603909542725,99998,35,19,0,0,199,121,0.0032000640012800254,28,8,49781,49875,155,97,0,0,0,0,0,0,99732,0,0,0,0,0,0,0,0,0,0,266,0,0,0,0,0,0
45,11100,46.004400637302204,99998,36,17,0,0,202,123,0.003250065001300026,29,8,49778,49873,156,101,0,0,0,0,0,0,99726,0,0,0,0,0,0,0,0,0,0,272,0,0,0,0,0,0
46,11100,47.06538756566562,99998,32,18,0,0,204,125,0.003290065801316026,37,12,49769,49867,161,102,0,0,0,0,0,0,99719,0,0,0,0,0,0,0,0,0,0,279,0,0,0,0,0,0
47,11100,48.01311886994136,99998,32,17,0,0,211,128,0.003390067801356027,32,10,49768,49866,167,106,0,0,0,0,0,0,99708,0,0,0,0,0,0,0,0,0,0,290,0,0,0,0,0,0
48,11100,49.26198415283575,99998,38,16,0,0,226,128,0.0035400708014160284,24,11,49761,49865,176,107,0,0,0,0,0,0,99698,0,0,0,0,0,0,0,0,0,0,300,0,0,0,0,0,0
49,11100,50.27472480766094,99998,40,17,0,0,229,130,0.003590071801436029,27,11,49755,49863,177,108,0,0,0,0,0,0,99696,0,0,0,0,0,0,0,0,0,0,302,0,0,0,0,0,0
50,11100,51.19653277787083,99998,40,15,0,0,235,133,0.0036800736014720296,28,12,49749,49859,182,113,0,0,0,0,0,0,99685,0,0,0,0,0,0,0,0,0,0,313,0,0,0,0,0,0
51,11100,52.16321282101288,99998,41,16,0,0,240,138,0.0037800756015120302,35,10,49738,49857,185,116,0,0,0,0,0,0,99677,0,0,0,0,0,0,0,0,0,0,321,0,0,0,0,0,0
52,11100,53.00532677176258,99998,50,17,0,0,249,140,0.003890077801556031,29,12,49735,49854,185,116,0,0,0,0,0,0,99676,0,0,0,0,0,0,0,0,0,0,322,0,0,0,0,0,0
53,11100,54.140881868808776,99998,52,19,0,0,253,146,0.003990079801596032,29,8,49733,49852,185,120,0,0,0,0,0,0,99670,0,0,0,0,0,0,0,0,0,0,328,0,0,0,0,0,0
54,11100,55.06850445872646,99998,51,22,0,0,257,151,0.0040800816016320325,30,7,49729,49848,189,122,0,0,0,0,0,0,99663,0,0,0,0,0,0,0,0,0,0,335,0,0,0,0,0,0
55,11100,56.029092893343524,99998,59,19,0,0,273,152,0.004250085001700034,27,15,49716,49839,197,126,0,0,0,0,0,0,99651,0,0,0,0,0,0,0,0,0,0,347,0,0,0,0,0,0
56,11100,57.084051140104904,99998,62,17,0,0,281,154,0.004350087001740035,28,17,49707,49835,202,130,0,0,0,0,0,0,99642,0,0,0,0,0,0,0,0,0,0,356,0,0,0,0,0,0
57,11100,58.07866755141552,99998,63,20,0,0,287,159,0.004460089201784036,35,22,49695,49826,206,131,0,0,0,0,0,0,99635,0,0,0,0,0,0,0,0,0,0,363,0,0,0,0,0,0
58,11100,59.22768870936389,99998,62,21,0,0,295,163,0.004580091601832037,39,23,49686,49821,212,134,0,0,0,0,0,0,99623,0,0,0,0,0,0,0,0,0,0,375,0,0,0,0,0,0
59,11100,60.24931453642766,99998,67,27,0,0,308,170,0.004780095601912038,39,21,49673,49817,220,134,0,0,0,0,0,0,99614,0,0,0,0,0,0,0,0,0,0,384,0,0,0,0,0,0
60,11100,61.27108649517741,99998,75,29,0,0,322,176,0.0049800996019920395,32,21,49666,49811,226,138,0,0,0,0,0,0,99604,0,0,0,0,0,0,0,0,0,0,394,0,0,0,0,0,0
61,11100,62.293003494522296,99998,71,24,0,0,327,180,0.005070101402028041,37,25,49656,49803,235,147,0,0,0,0,0,0,99586,0,0,0,0,0,0,0,0,0,0,412,0,0,0,0,0,0
62,11100,63.31514282399871,99998,64,27,0,0,337,186,0.005230104602092042,43,23,49640,49799,252,150,0,0,0,0,0,0,99566,0,0,0,0,0,0,0,0,0,0,432,0,0,0,0,0,0
63,11100,64.33757353106162,99998,64,32,0,0,345,193,0.005380107602152043,43,20,49633,49795,259,152,0,0,0,0,0,0,99556,0,0,0,0,0,0,0,0,0,0,442,0,0,0,0,0,0
64,11100,65.01928639880823,99998,68,31,0,0,351,196,0.005470109402188044,43,20,49627,49792,261,156,0,0,0,0,0,0,99550,0,0,0,0,0,0,0,0,0,0,448,0,0,0,0,0,0
65,11100,66.02231774463695,99998,73,32,0,0,364,205,0.005690113802276045,46,22,49612,49782,268,163,0,0,0,0,0,0,99534,0,0,0,0,0,0,0,0,0,0,464,0,0,0,0,0,0
66,11100,67.04519170263056,99998,67,27,0,0,372,207,0.005790115802316046,44,27,49607,49775,281,170,0,0,0,0,0,0,99513,0,0,0,0,0,0,0,0,0,0,485,0,0,0,0,0,0
67,11100,68.06827822909462,99998,64,29,0,0,381,213,0.005940118802376048,42,31,49600,49766,293,173,0,0,0,0,0,0,99497,0,0,0,0,0,0,0,0,0,0,501,0,0,0,0,0,0
68,11100,69.09154493872127,99997,60,32,0,1,391,220,0.006110183305499165,45,26,49588,49765,306,175,0,0,0,0,0,0,99479,0,0,0,0,0,0,0,0,0,0,518,0,0,0,0,0,0
69,11100,70.11506221602347,99997,63,31,0,1,404,225,0.00629018870566117,42,25,49579,49762,315,180,0,0,0,0,0,0,99463,0,0,0,0,0,0,0,0,0,0,534,0,0,0,0,0,0
70,11100,71.13874763007799,99997,61,34,0,1,409,233,0.006420192605778173,55,21,49561,49758,322,185,0,0,0,0,0,0,99451,0,0,0,0,0,0,0,0,0,0,546,0,0,0,0,0,0
71,11100,72.16207373627104,99997,64,35,0,1,422,240,0.0066201986059581785,54,21,49551,49751,330,191,0,0,0,0,0,0,99435,0,0,0,0,0,0,0,0,0,0,562,0,0,0,0,0,0
72,11100,73.17693443573219,99997,73,34,0,1,436,245,0.006810204306129184,48,20,49544,49749,334,195,0,0,0,0,0,0,99424,0,0,0,0,0,0,0,0,0,0,573,0,0,0,0,0,0
73,11100,74.16046403015508,99997,77,37,0,1,450,249,0.0069902097062911886,48,22,49530,49743,344,196,0,0,0,0,0,0,99413,0,0,0,0,0,0,0,0,0,0,584,0,0,0,0,0,0
74,11100,75.18495790570678,99997,78,37,0,1,463,253,0.007160214806444193,49,21,49517,49740,355,200,0,0,0,0,0,0,99397,0,0,0,0,0,0,0,0,0,0,600,0,0,0,0,0,0
75,11100,76.20969383253063,99996,80,34,1,1,474,257,0.007310292411696468,51,21,49507,49736,360,207,0,0,0,0,0,0,99381,0,0,0,0,0,0,0,0,0,0,615,0,0,0,0,0,0
76,11100,77.23460344332209,99996,85,32,1,1,489,264,0.007530301212048482,50,21,49494,49729,369,216,0,0,0,0,0,0,99362,0,0,0,0,0,0,0,0,0,0,634,0,0,0,0,0,0
77,11100,78.2597288917639,99996,84,32,1,1,497,269,0.007660306412256491,52,20,49486,49725,376,221,0,0,0,0,0,0,99348,0,0,0,0,0,0,0,0,0,0,648,0,0,0,0,0,0
78,11100,79.23534015499402,99996,88,36,1,1,505,274,0.007790311612464499,55,19,49475,49721,380,222,0,0,0,0,0,0,99343,0,0,0,0,0,0,0,0,0,0,653,0,0,0,0,0,0
79,11100,80.03688115779651,99996,90,35,1,1,516,278,0.007940317612704507,55,19,49465,49718,388,226,0,0,0,0,0,0,99329,0,0,0,0,0,0,0,0,0,0,667,0,0,0,0,0,0
80,11100,81.18021579189072,99996,89,35,1,1,535,283,0.008180327213088524,51,26,49450,49707,408,230,0,0,0,0,0,0,99304,0,0,0,0,0,0,0,0,0,0,692,0,0,0,0,0,0
81,11100,82.20616324608238,99996,95,39,1,1,551,290,0.008410336413456539,53,26,49434,49701,416,232,0,0,0,0,0,0,99291,0,0,0,0,0,0,0,0,0,0,705,0,0,0,0,0,0
82,11100,83.23235987093783,99996,102,38,1,1,572,294,0.008660346413856554,50,28,49417,49698,429,234,0,0,0,0,0,0,99273,0,0,1,0,0,0,0,0,0,0,722,0,0,0,0,0,0
83,11100,84.25884570727368,99996,91,36,1,1,581,301,0.008820352814112564,54,28,49405,49691,448,243,0,0,0,0,0,0,99244,0,0,1,0,0,0,0,0,0,0,751,0,0,0,0,0,0
84,11100,85.28566614245922,99996,90,37,1,1,593,306,0.008990359614384576,62,28,49386,49687,460,246,0,0,0,0,0,0,99227,0,0,1,0,0,0,0,0,0,0,768,0,0,0,0,0,0
85,11100,86.31281558171862,99995,87,37,2,1,609,314,0.009230461523076154,63,23,49371,49684,476,254,0,0,0,0,0,0,99200,0,0,1,0,0,0,0,0,0,0,794,0,0,0,0,0,0
86,11100,87.34030255416819,99995,87,42,2,1,626,320,0.009460473023651182,53,22,49366,49681,491,253,0,0,0,0,0,0,99182,0,0,1,0,0,0,0,0,0,0,812,0,0,0,0,0,0
87,11100,88.02539860492443,99995,88,43,2,1,630,324,0.009540477023851192,60,25,49357,49674,492,256,0,0,0,0,0,0,99176,0,0,1,0,0,0,0,0,0,0,818,0,0,0,0,0,0
88,11100,89.05315704042678,99995,101,48,2,1,651,334,0.009850492524626232,59,20,49340,49670,497,260,0,0,0,0,0,0,99163,0,0,1,0,0,0,0,0,0,0,831,0,0,0,0,0,0
89,11100,90.08264821890404,99995,106,47,2,1,662,338,0.01000050002500125,64,18,49325,49669,502,264,0,0,0,0,0,0,99152,0,0,1,0,0,0,0,0,0,0,842,0,0,0,0,0,0
90,11100,91.1930677857771,99995,106,43,2,1,686,343,0.010290514525726286,60,27,49307,49657,524,271,0,0,0,0,0,0,99119,0,0,1,0,0,0,0,0,0,0,875,0,0,0,0,0,0
91,11100,92.22166408902223,99995,117,40,2,1,707,347,0.010540527026351318,56,30,49290,49652,534,276,0,0,0,0,0,0,99102,0,0,1,0,0,0,0,0,0,0,892,0,0,0,0,0,0
92,11100,93.25054251606721,99995,116,44,2,1,723,356,0.010790539526976348,54,28,49279,49648,548,278,0,0,0,0,0,0,99080,0,0,1,0,0,0,0,0,0,0,914,0,0,0,0,0,0
93,11100,94.27967870039194,99995,110,42,2,1,735,363,0.010980549027451372,57,24,49265,49646,565,286,0,0,0,0,0,0,99053,0,0,1,0,0,0,0,0,0,0,941,0,0,0,0,0,0
94,11100,95.30918314488248,99995,105,40,2,1,754,369,0.011230561528076404,65,25,49238,49639,589,294,0,0,0,0,0,0,99021,0,0,1,0,0,0,0,0,0,0,973,0,0,0,0,0,0
95,11100,96.3391646785831,99995,104,45,2,1,768,377,0.011450572528626432,59,23,49233,49634,601,296,0,0,0,0,0,0,99003,0,0,1,0,0,0,0,0,0,0,991,0,0,0,0,0,0
96,11100,97.02593613028799,99995,101,46,2,1,778,383,0.011610580529026452,59,24,49225,49627,612,301,0,0,0,0,0,0,98985,0,0,1,0,0,0,0,0,0,0,1009,0,0,0,0,0,0
97,11100,98.05629054942872,99995,97,44,2,1,791,387,0.011780589029451472,61,29,49212,49619,627,306,0,0,0,0,0,0,98962,0,0,1,0,0,0,0,0,0,0,1032,0,0,0,0,0,0
98,11100,99.08694347634425,99995,107,51,2,1,810,396,0.012060603030151508,63,25,49194,49616,633,306,0,0,0,0,0,0,98951,0,0,1,0,0,0,0,0,0,0,1043,0,0,0,0,0,0
99,11100,100.11784417760107,99995,100,49,2,1,822,401,0.01223061153057653,66,26,49181,49611,650,312,0,0,0,0,0,0,98926,0,0,2,0,0,0,0,0,0,0,1067,0,0,0,0,0,0
100,11100,101.14903288993065,99995,99,49,2,1,837,407,0.012440622031101555,73,28,49161,49605,664,316,0,0,0,0,0,0,98904,0,0,2,0,0,0,0,0,0,0,1089,0,0,0,0,0,0
101,11100,102.18057463827222,99995,98,49,2,1,853,415,0.012680634031701585,68,27,49150,49598,681,324,0,0,0,0,0,0,98879,0,0,2,0,0,0,0,0,0,0,1114,0,0,0,0,0,0
102,11100,103.21241483949396,99995,105,46,2,1,875,424,0.012990649532476624,62,29,49137,49588,693,335,0,0,0,0,0,0,98852,0,0,2,0,0,0,0,0,0,0,1141,0,0,0,0,0,0
103,11100,104.24453863300525,99995,100,48,2,1,889,435,0.013240662033101655,61,27,49125,49581,711,342,0,0,0,0,0,0,98824,0,0,2,0,0,0,0,0,0,0,1169,0,0,0,0,0,0
104,11100,105.27695790557222,99995,111,59,2,1,908,449,0.013570678533926695,65,23,49108,49571,713,345,0,0,0,0,0,0,98813,0,0,2,0,0,0,0,0,0,0,1180,0,0,0,0,0,0
105,11100,106.30955377107291,99995,104,55,2,1,923,455,0.013780689034451723,65,24,49097,49565,731,354,0,0,0,0,0,0,98782,0,0,3,0,0,0,0,0,0,0,1210,0,0,0,0,0,0
106,11100,107.3424566020116,99995,99,55,2,1,936,459,0.013950697534876743,72,28,49081,49557,745,358,0,0,0,0,0,0,98761,0,0,4,0,0,0,0,0,0,0,1230,0,0,0,0,0,0
107,11100,108.03124588299893,99995,96,52,2,1,948,463,0.014110705535276763,69,27,49073,49555,759,364,0,0,0,0,0,0,98739,0,0,4,0,0,0,0,0,0,0,1252,0,0,0,0,0,0
108,11100,109.06470439250218,99995,100,59,2,1,967,474,0.014410720536026801,61,23,49065,49551,771,365,0,0,0,0,0,0,98720,0,0,4,0,0,0,0,0,0,0,1271,0,0,0,0,0,0
109,11100,110.09839493572171,99995,103,56,2,1,982,479,0.014610730536526827,68,28,49043,49542,783,372,0,0,0,0,0,0,98700,0,0,4,0,0,0,0,0,0,0,1291,0,0,0,0,0,0
110,11100,111.13243422835994,99994,103,52,3,1,999,484,0.014830889853391203,72,32,49024,49533,797,381,0,0,0,0,0,0,98674,0,0,4,0,0,0,0,0,0,0,1316,0,0,0,0,0,0
111,11100,112.16683657596974,99994,105,57,3,1,1013,495,0.015080904854291257,77,31,49007,49523,807,387,0,0,0,0,0,0,98657,0,0,5,0,0,0,0,0,0,0,1332,0,0,0,0,0,0
112,11100,113.2015121563174,99993,101,53,4,1,1036,499,0.015351074575220265,75,40,48988,49514,831,391,0,0,0,0,0,0,98622,0,0,5,0,0,0,0,0,0,0,1366,0,0,0,0,0,0
113,11100,114.23660818133338,99993,108,55,4,1,1055,509,0.015641094876641365,69,34,48980,49511,838,398,0,0,0,0,0,0,98602,0,0,5,0,0,0,0,0,0,0,1386,0,0,0,0,0,0
114,11100,115.27189893370881,99993,108,56,4,1,1071,521,0.015921114478013462,71,30,48965,49505,851,407,0,0,0,0,0,0,98575,0,0,5,0,0,0,0,0,0,0,1413,0,0,0,0,0,0
115,11100,116.30744677753714,99993,110,53,4,1,1086,528,0.016141129879091536,73,35,48952,49493,860,417,0,0,0,0,0,0,98552,0,0,5,0,0,0,0,0,0,0,1436,0,0,0,0,0,0
116,11100,117.34321699836538,99993,108,58,4,1,1101,539,0.016401148080365625,73,36,48938,49483,876,421,0,0,0,0,0,0,98529,0,0,5,0,0,0,0,0,0,0,1459,0,0,0,0,0,0
117,11100,118.03389545857569,99993,116,54,4,1,1119,546,0.016651165581590712,64,34,48933,49478,882,432,0,0,0,0,0,0,98508,0,0,5,0,0,0,0,0,0,0,1480,0,0,0,0,0,0
118,11100,119.07009773731842,99992,126,58,5,1,1138,557,0.01695135610848868,69,33,48910,49469,889,438,0,0,0,0,0,0,98492,0,0,5,0,0,0,0,0,0,0,1495,0,0,0,0,0,0
119,11100,120.10659848647632,99992,132,62,5,1,1161,564,0.01725138011040883,64,36,48894,49460,904,440,0,0,0,0,0,0,98472,0,0,5,0,0,0,0,0,0,0,1515,0,0,0,0,0,0
120,11100,121.14339464240015,99992,126,67,5,1,1181,575,0.01756140491239299,65,34,48876,49453,927,444,0,0,0,0,0,0,98441,0,0,6,0,0,0,0,0,0,0,1545,0,0,0,0,0,0
121,11100,122.18061399875401,99992,127,64,5,1,1198,581,0.017791423313865108,66,33,48860,49451,941,450,0,0,0,0,0,0,98416,0,0,6,0,0,0,0,0,0,0,1570,0,0,0,0,0,0
122,11100,123.21818618267491,99992,121,63,5,1,1215,597,0.01812144971597728,72,23,48839,49446,962,466,0,0,0,0,0,0,98376,0,0,6,0,0,0,0,0,0,0,1610,0,0,0,0,0,0
123,11100,124.25622145607055,99992,129,60,5,1,1239,603,0.018421473717897433,65,30,48826,49434,974,474,0,0,0,0,0,0,98351,0,0,6,0,0,0,0,0,0,0,1635,0,0,0,0,0,0
124,11100,125.2945066778588,99992,120,57,5,1,1248,609,0.018571485718857507,71,34,48816,49427,987,480,0,0,0,0,0,0,98324,0,0,6,0,0,0,0,0,0,0,1662,0,0,0,0,0,0
125,11100,126.33303039392955,99992,130,60,5,1,1273,619,0.01892151372109769,71,38,48798,49414,995,486,0,0,0,0,0,0,98302,0,0,6,0,0,0,0,0,0,0,1684,0,0,0,0,0,0
126,11100,127.02552614142323,99992,135,64,5,1,1286,630,0.01916153292263381,78,31,48780,49410,1001,493,0,0,0,0,0,0,98287,0,0,6,0,0,0,0,0,0,0,1699,0,0,0,0,0,0
127,11100,128.06458716522192,99992,138,56,5,1,1306,639,0.01945155612448996,81,33,48761,49402,1014,507,0,0,0,0,0,0,98253,0,0,6,0,0,0,0,0,0,0,1733,0,0,0,0,0,0
128,11100,129.1040371933608,99992,139,57,5,1,1327,647,0.01974157932634611,80,40,48744,49388,1031,513,0,0,0,0,0,0,98227,0,0,7,0,0,0,0,0,0,0,1758,0,0,0,0,0,0
129,11100,130.14378891845445,99991,139,57,5,2,1347,655,0.020021801962176598,82,39,48724,49381,1049,520,0,0,0,0,0,0,98199,0,0,7,0,0,0,0,0,0,0,1785,0,0,0,0,0,0
130,11100,131.18392712858997,99991,133,59,5,2,1368,668,0.020361832564930845,87,33,48704,49375,1070,530,0,0,0,0,0,0,98161,0,0,7,0,0,0,0,0,0,0,1823,0,0,0,0,0,0
131,11100,132.2245058493392,99991,138,60,5,2,1394,674,0.020681861367523077,85,43,48685,49362,1086,532,0,0,0,0,0,0,98135,0,0,7,0,0,0,0,0,0,0,1849,0,0,0,0,0,0
132,11100,133.2654691522929,99990,137,69,6,2,1414,689,0.02103210321032103,90,37,48662,49355,1104,536,0,0,0,0,0,0,98108,0,0,7,0,0,0,0,0,0,0,1875,0,0,0,0,0,0
133,11100,134.306881552304,99990,134,73,6,2,1439,700,0.021392139213921392,89,36,48641,49347,1129,541,0,0,0,0,0,0,98073,0,0,7,0,0,0,0,0,0,0,1910,0,0,0,0,0,0
134,11100,135.00142187667646,99990,144,73,6,2,1458,709,0.02167216721672167,80,37,48633,49339,1136,548,0,0,0,0,0,0,98055,0,0,7,0,0,0,0,0,0,0,1928,0,0,0,0,0,0
135,11100,136.04340552606388,99990,144,70,6,2,1478,718,0.021962196219621963,82,41,48617,49327,1150,559,0,0,0,0,0,0,98023,0,0,7,0,0,0,0,0,0,0,1960,0,0,0,0,0,0
136,11100,137.085702283314,99990,146,81,6,2,1501,736,0.022372237223722374,82,31,48599,49320,1166,565,0,0,0,0,0,0,97995,0,0,7,0,0,0,0,0,0,0,1988,0,0,0,0,0,0
137,11100,138.128352541958,99990,150,73,6,2,1525,742,0.02267226722672267,81,40,48580,49307,1182,577,0,0,0,0,0,0,97962,0,0,8,0,0,0,0,0,0,0,2020,0,0,0,0,0,0
138,11100,139.17135635013977,99990,152,78,6,2,1546,755,0.023012301230123013,79,42,48568,49293,1194,584,0,0,0,0,0,0,97935,0,0,8,0,0,0,0,0,0,0,2047,0,0,0,0,0,0
139,11100,140.21464825242268,99990,152,75,6,2,1570,764,0.023342334233423342,76,48,48549,49283,1216,591,0,0,0,0,0,0,97900,0,0,9,0,0,0,0,0,0,0,2081,0,0,0,0,0,0
140,11100,141.2583284092899,99990,148,80,6,2,1587,779,0.023662366236623662,84,49,48527,49274,1234,594,0,0,0,0,0,0,97869,0,0,9,0,0,0,0,0,0,0,2112,0,0,0,0,0,0
141,11100,142.30243545071613,99990,147,74,6,2,1608,796,0.02404240424042404,99,43,48495,49265,1252,615,0,0,0,0,0,0,97825,0,0,10,0,0,0,0,0,0,0,2155,0,0,0,0,0,0
142,11100,143.34707827167472,99990,148,69,6,2,1628,805,0.024332433243324333,99,48,48479,49251,1267,629,0,0,0,0,0,0,97792,0,0,10,0,0,0,0,0,0,0,2188,0,0,0,0,0,0
143,11100,144.04373298946481,99990,160,71,6,2,1649,812,0.024612461246124612,88,49,48470,49245,1275,632,0,0,0,0,0,0,97778,0,0,10,0,0,0,0,0,0,0,2202,0,0,0,0,0,0
144,11100,145.08895134751586,99990,162,75,6,2,1680,822,0.025022502250225023,92,47,48439,49239,1300,636,0,0,0,0,0,0,97743,0,0,10,0,0,0,0,0,0,0,2237,0,0,0,0,0,0
145,11100,146.13472415632498,99990,154,74,6,2,1701,831,0.02532253225322532,96,51,48414,49229,1329,643,0,0,0,0,0,0,97704,0,0,10,0,0,0,0,0,0,0,2276,0,0,0,0,0,0
146,11100,147.18102475269177,99989,154,75,7,2,1723,843,0.025662822910520158,96,45,48395,49224,1347,653,0,0,0,0,0,0,97671,0,0,10,0,0,0,0,0,0,0,2308,0,0,0,0,0,0
147,11100,148.22779032192813,99989,157,77,7,2,1747,860,0.026072868015481702,101,42,48370,49211,1364,667,0,0,0,0,0,0,97635,0,0,10,0,0,0,0,0,0,0,2344,0,0,0,0,0,0
148,11100,149.2750443137299,99989,144,80,7,2,1772,874,0.026462910920201223,98,36,48350,49206,1400,675,0,0,0,0,0,0,97589,0,0,13,0,0,0,0,0,0,0,2387,0,0,0,0,0,0
149,11100,150.32289793584295,99988,136,86,8,2,1793,892,0.0268532223866864,93,35,48339,49190,1423,686,0,0,0,0,0,0,97548,0,0,13,0,0,0,0,0,0,0,2427,0,0,0,0,0,0
150,11100,151.0216743883487,99988,139,79,8,2,1807,897,0.02704324518942273,94,39,48327,49181,1431,698,0,0,0,0,0,0,97525,0,0,13,0,0,0,0,0,0,0,2450,0,0,0,0,0,0
151,11100,152.07011710021766,99988,139,79,8,2,1827,907,0.027343281193743248,97,46,48309,49167,1446,705,0,0,0,0,0,0,97496,0,0,14,0,0,0,0,0,0,0,2478,0,0,0,0,0,0
152,11100,153.11890226757234,99988,143,84,8,2,1849,923,0.027723326799215905,101,36,48291,49166,1456,711,0,0,0,0,0,0,97468,0,0,15,0,0,0,0,0,0,0,2505,0,0,0,0,0,0
153,11100,154.16799670002993,99988,148,75,8,2,1873,933,0.028063367604112495,106,40,48264,49154,1473,728,0,0,0,0,0,0,97430,0,0,15,0,0,0,0,0,0,0,2543,0,0,0,0,0,0
154,11100,155.2175852536412,99988,151,76,8,2,1902,948,0.028503420410449253,109,39,48237,49140,1494,742,0,0,0,0,0,0,97391,0,0,16,0,0,0,0,0,0,0,2581,0,0,0,0,0,0
155,11100,156.26768037545614,99987,161,76,9,2,1935,956,0.028913758788642524,101,43,48217,49131,1511,747,0,0,0,0,0,0,97360,0,0,16,0,0,0,0,0,0,0,2611,0,0,0,0,0,0
156,11100,157.31817952185972,99987,162,77,9,2,1962,967,0.029293808195065357,98,43,48198,49121,1532,756,0,0,0,0,0,0,97324,0,0,16,0,0,0,0,0,0,0,2647,0,0,0,0,0,0
157,11100,158.01876422226775,99987,162,83,9,2,1973,981,0.029543840699290908,109,36,48178,49115,1541,763,0,0,0,0,0,0,97305,0,0,16,0,0,0,0,0,0,0,2666,0,0,0,0,0,0
158,11100,159.07000057546637,99987,162,84,9,2,1995,996,0.02991388880554472,109,36,48161,49102,1558,775,0,0,0,0,0,0,97269,0,0,16,0,0,0,0,0,0,0,2702,0,0,0,0,0,0
159,11100,160.1215978102292,99987,171,79,9,2,2029,1005,0.030343944712812664,102,43,48140,49087,1577,788,0,0,0,0,0,0,97231,0,0,17,0,0,0,0,0,0,0,2739,0,0,0,0,0,0
160,11100,161.17361204175972,99987,171,79,9,2,2054,1016,0.030703991518897456,115,42,48104,49078,1600,798,0,0,0,0,0,0,97195,0,0,17,0,0,0,0,0,0,0,2775,0,0,0,0,0,0
161,11100,162.22626603588103,99987,165,82,9,2,2079,1029,0.031084040925320293,112,42,48093,49066,1620,807,0,0,0,0,0,0,97157,0,0,20,0,0,0,0,0,0,0,2810,0,0,0,0,0,0
162,11100,163.27931484957915,99986,165,84,10,2,2104,1042,0.03146440501670234,121,38,48066,49059,1637,816,0,0,0,0,0,0,97122,0,0,21,0,0,0,0,0,0,0,2843,0,0,0,0,0,0
163,11100,164.33284768188057,99986,175,85,10,2,2136,1052,0.03188446382493549,107,45,48048,49044,1659,823,0,0,0,0,0,0,97092,0,0,22,0,0,0,0,0,0,0,2872,0,0,0,0,0,0
164,11100,165.03541682847202,99986,174,87,10,2,2150,1063,0.032134498829836176,109,41,48032,49037,1674,832,0,0,0,0,0,0,97068,0,0,22,0,0,0,0,0,0,0,2896,0,0,0,0,0,0
165,11100,166.08962263753662,99986,168,90,10,2,2167,1077,0.032444542235913025,122,37,48010,49030,1689,840,0,0,0,0,0,0,97034,0,0,22,0,0,0,0,0,0,0,2930,0,0,0,0,0,0
166,11100,167.1442782348474,99985,172,95,11,2,2197,1093,0.03290493574036105,114,37,47995,49017,1707,848,0,0,0,0,0,0,96997,0,0,22,0,0,0,0,0,0,0,2966,0,0,0,0,0,0
167,11100,168.19929893216607,99985,173,91,11,2,2223,1103,0.033264989748462266,114,47,47977,49000,1724,859,0,0,0,0,0,0,96958,0,0,22,0,0,0,0,0,0,0,3005,0,0,0,0,0,0
168,11100,169.2547145944382,99985,177,94,11,2,2258,1115,0.03373506025903886,108,50,47957,48988,1746,865,0,0,0,0,0,0,96919,0,0,23,0,0,0,0,0,0,0,3043,0,0,0,0,0,0
169,11100,170.31050703353344,99984,173,94,11,3,2277,1134,0.03411545847335574,113,44,47942,48978,1760,880,0,0,0,0,0,0,96879,0,0,25,0,0,0,0,0,0,0,3080,0,0,0,0,0,0
170,11100,171.0145421798444,99984,176,97,11,3,2304,1143,0.03447551608257321,101,44,47927,48973,1784,882,0,0,0,0,0,0,96849,0,0,25,0,0,0,0,0,0,0,3110,0,0,0,0,0,0
171,11100,172.0710592250381,99984,175,89,11,3,2333,1152,0.034855576892302766,109,50,47894,48958,1810,899,0,0,0,0,0,0,96802,0,0,25,0,0,0,0,0,0,0,3157,0,0,0,0,0,0
172,11100,173.12827373595533,99984,173,81,11,3,2366,1165,0.035315650504080656,101,47,47871,48950,1843,918,0,0,0,0,0,0,96746,0,0,25,0,0,0,0,0,0,0,3213,0,0,0,0,0,0
173,11100,174.18611571884398,99984,179,76,11,3,2401,1176,0.03577572411585854,96,53,47851,48937,1862,930,0,0,0,0,0,0,96702,0,0,26,0,0,0,0,0,0,0,3256,0,0,0,0,0,0
174,11100,175.2444575105401,99984,194,80,11,3,2436,1190,0.03626580252840454,91,52,47828,48926,1875,938,0,0,0,0,0,0,96673,0,0,27,0,0,0,0,0,0,0,3284,0,0,0,0,0,0
175,11100,176.30314472620051,99984,183,90,11,3,2461,1208,0.03669587133941431,100,54,47810,48906,1895,946,0,0,0,0,0,0,96630,0,0,28,0,0,0,0,0,0,0,3326,0,0,0,0,0,0
176,11100,177.00910358799348,99984,174,87,11,3,2473,1216,0.03689590334453512,102,59,47800,48898,1912,952,0,0,0,0,0,0,96599,0,0,29,0,0,0,0,0,0,0,3356,0,0,0,0,0,0
177,11100,178.06848286009026,99984,171,85,11,3,2495,1226,0.037215954552728435,108,69,47776,48884,1933,958,0,0,0,0,0,0,96562,0,0,29,0,0,0,0,0,0,0,3393,0,0,0,0,0,0
178,11100,179.12833447996553,99984,163,93,11,3,2518,1246,0.0376460233637382,113,64,47754,48871,1958,968,0,0,0,0,0,0,96519,0,0,29,0,0,0,0,0,0,0,3436,0,0,0,0,0,0
179,11100,180.1886563238798,99984,171,89,11,3,2552,1254,0.038066090574491916,107,74,47736,48856,1974,977,0,0,0,0,0,0,96482,0,0,30,0,0,0,0,0,0,0,3472,0,0,0,0,0,0
180,11100,181.24936343677396,99983,179,96,12,3,2586,1278,0.03864656991688587,110,64,47704,48846,1994,990,0,0,0,0,0,0,96441,0,0,32,0,0,0,0,0,0,0,3510,0,0,0,0,0,0
181,11100,182.31059631307585,99982,191,98,13,3,2622,1296,0.03918705366966054,101,60,47683,48835,2011,1003,0,0,0,0,0,0,96401,0,0,32,0,0,0,0,0,0,0,3549,0,0,0,0,0,0
182,11100,183.0182967739468,99982,183,99,13,3,2635,1307,0.03942709687743794,102,63,47672,48824,2029,1010,0,0,0,0,0,0,96370,0,0,32,0,0,0,0,0,0,0,3580,0,0,0,0,0,0
183,11100,184.08027079183213,99982,175,107,13,3,2658,1325,0.03983717069072433,105,61,47656,48811,2050,1017,0,0,0,0,0,0,96329,0,0,32,0,0,0,0,0,0,0,3621,0,0,0,0,0,0
184,11100,185.1426767042858,99982,174,103,13,3,2684,1344,0.040287251705306955,116,52,47629,48810,2067,1031,0,0,0,0,0,0,96280,0,0,33,0,0,0,0,0,0,0,3669,0,0,0,0,0,0
185,11100,186.20558135925083,99982,175,103,13,3,2710,1352,0.04062731291632494,117,52,47614,48807,2080,1034,0,0,0,0,0,0,96248,0,0,34,0,0,0,0,0,0,0,3700,0,0,0,0,0,0
186,11100,187.2688465463277,99982,193,109,13,3,2753,1367,0.041207417335120324,106,52,47593,48797,2094,1038,0,0,0,0,0,0,96215,0,0,35,0,0,0,0,0,0,0,3732,0,0,0,0,0,0
187,11100,188.33245722921947,99982,197,103,13,3,2774,1376,0.04150747134484207,119,60,47570,48784,2100,1049,0,0,0,0,0,0,96183,0,0,35,0,0,0,0,0,0,0,3764,0,0,0,0,0,0
188,11100,189.04172184190676,99982,205,98,13,3,2800,1385,0.04185753435618411,115,63,47551,48774,2115,1061,0,0,0,0,0,0,96153,0,0,37,0,0,0,0,0,0,0,3792,0,0,0,0,0,0
189,11100,190.10595436203852,99982,204,105,13,3,2825,1406,0.042317617171090796,115,57,47541,48764,2126,1070,0,0,0,0,0,0,96114,0,0,38,0,0,0,0,0,0,0,3830,0,0,0,0,0,0
190,11100,191.17049991622682,99981,197,102,14,3,2855,1420,0.042758124043568276,120,62,47509,48749,2159,1083,0,0,0,0,0,0,96060,0,0,38,0,0,0,0,0,0,0,3883,0,0,0,0,0,0
191,11100,192.23575407796423,99981,199,106,14,3,2887,1441,0.04328822476270491,115,59,47498,48735,2173,1096,0,0,0,0,0,0,96013,0,0,38,0,0,0,0,0,0,0,3930,0,0,0,0,0,0
192,11100,193.30132454326443,99981,190,97,14,3,2910,1452,0.04362828937498125,121,73,47481,48716,2193,1110,0,0,0,0,0,0,95962,0,0,39,0,0,0,0,0,0,0,3980,0,0,0,0,0,0
193,11100,194.01191629900882,99981,186,97,14,3,2929,1463,0.043928346385813305,112,73,47479,48706,2208,1120,0,0,0,0,0,0,95931,0,0,42,0,0,0,0,0,0,0,4008,0,0,0,0,0,0
194,11100,195.07804409557357,99981,187,111,14,3,2958,1488,0.04446844900531101,110,56,47461,48703,2227,1126,0,0,0,0,0,0,95893,0,0,43,0,0,0,0,0,0,0,4045,0,0,0,0,0,0
195,11100,196.14460003355308,99981,192,104,14,3,2993,1501,0.0449485402226423,107,59,47435,48696,2251,1137,0,0,0,0,0,0,95843,0,0,43,0,0,0,0,0,0,0,4095,0,0,0,0,0,0
196,11100,197.21169916453817,99981,193,108,14,3,3024,1520,0.045448635240695735,114,57,47407,48680,2271,1151,0,0,0,0,0,0,95801,0,0,46,0,0,0,0,0,0,0,4134,0,0,0,0,0,0
197,11100,198.27929968389216,99981,188,112,14,3,3049,1537,0.04586871505586061,121,60,47383,48668,2293,1156,0,0,0,0,0,0,95759,0,0,47,0,0,0,0,0,0,0,4175,0,0,0,0,0,0
198,11100,199.34743313421959,99981,187,122,14,3,3075,1560,0.04635880817355297,128,47,47356,48664,2314,1163,0,0,0,0,0,0,95720,0,0,48,0,0,0,0,0,0,0,4213,0,0,0,0,0,0
199,11100,200.05981364777443,99981,188,119,14,3,3095,1566,0.04661885758294076,131,52,47341,48657,2325,1168,0,0,0,0,0,0,95693,0,0,49,0,0,0,0,0,0,0,4239,0,0,0,0,0,0
200,11100,201.12883663234473,99981,192,126,14,3,3130,1589,0.04719896780388274,121,41,47323,48649,2349,1180,0,0,0,0,0,0,95646,0,0,49,0,0,0,0,0,0,0,4286,0,0,0,0,0,0
201,11100,202.19829131707377,99981,194,118,14,3,3163,1600,0.047639051419769755,116,43,47297,48639,2378,1196,0,0,0,0,0,0,95597,0,0,50,0,0,0,0,0,0,0,4334,0,0,0,0,0,0
202,11100,203.2684094831364,99981,190,110,14,3,3190,1608,0.047989117932407156,125,46,47273,48632,2397,1208,0,0,0,0,0,0,95551,0,0,51,0,0,0,0,0,0,0,4379,0,0,0,0,0,0
203,11100,204.3390324429114,99981,187,106,14,3,3217,1619,0.04836919014612776,127,56,47250,48614,2421,1220,0,0,0,0,0,0,95506,0,0,51,0,0,0,0,0,0,0,4424,0,0,0,0,0,0
204,11100,205.05306802787078,99981,194,115,14,3,3238,1633,0.04871925665876516,124,53,47237,48608,2430,1220,0,0,0,0,0,0,95488,0,0,52,0,0,0,0,0,0,0,4441,0,0,0,0,0,0
205,11100,206.12446143652707,99980,209,123,15,3,3283,1650,0.04933986797359472,118,54,47206,48596,2451,1223,0,0,0,0,0,0,95450,0,0,53,0,0,0,0,0,0,0,4477,0,0,0,0,0,0
206,11100,207.19639549897403,99980,217,118,15,3,3315,1660,0.04975995199039808,124,57,47174,48588,2469,1233,0,0,0,0,0,0,95411,0,0,53,0,0,0,0,0,0,0,4516,0,0,0,0,0,0
207,11100,208.26884375612084,99980,218,112,15,3,3349,1669,0.05019003800760152,124,70,47155,48572,2487,1242,0,0,0,0,0,0,95364,0,0,54,0,0,0,0,0,0,0,4562,0,0,0,0,0,0
208,11100,209.34173121015945,99980,228,112,15,3,3384,1686,0.05071014202840568,118,73,47135,48554,2503,1257,0,0,0,0,0,0,95324,0,0,56,0,0,0,0,0,0,0,4600,0,0,0,0,0,0
209,11100,210.05720260803938,99980,227,117,15,3,3404,1700,0.0510502100420084,125,76,47115,48539,2517,1264,0,0,0,0,0,0,95294,0,0,56,0,0,0,0,0,0,0,4630,0,0,0,0,0,0
210,11100,211.13083582526357,99980,225,124,15,3,3444,1725,0.051700340068013606,117,63,47093,48531,2549,1278,0,0,0,0,0,0,95236,0,0,58,0,0,0,0,0,0,0,4686,0,0,0,0,0,0
211,11100,212.2050489053355,99980,209,123,15,3,3468,1746,0.052150430086017205,124,62,47073,48513,2578,1298,0,0,0,0,0,0,95176,0,0,60,0,0,0,0,0,0,0,4744,0,0,0,0,0,0
212,11100,213.27990616387365,99980,210,122,15,3,3501,1758,0.052600520104020804,130,73,47042,48494,2602,1307,0,0,0,0,0,0,95133,0,0,62,0,0,0,0,0,0,0,4785,0,0,0,0,0,0
213,11100,214.3553526458264,99980,213,115,15,3,3534,1775,0.053100620124024805,134,81,47019,48474,2618,1326,0,0,0,0,0,0,95081,0,0,64,0,0,0,0,0,0,0,4835,0,0,0,0,0,0
214,11100,215.07256807606595,99980,210,115,15,3,3562,1787,0.05350070014002801,124,83,47007,48467,2643,1331,0,0,0,0,0,0,95038,0,0,64,0,0,0,0,0,0,0,4878,0,0,0,0,0,0
215,11100,216.14889522809176,99980,207,125,15,3,3598,1811,0.05410082016403281,125,75,46977,48457,2675,1339,0,0,0,0,0,0,94987,0,0,66,0,0,0,0,0,0,0,4927,0,0,0,0,0,0
216,11100,217.22589629117144,99980,207,129,15,3,3633,1829,0.054630926185237044,119,74,46953,48450,2705,1343,0,0,0,0,0,0,94939,0,0,67,0,0,0,0,0,0,0,4974,0,0,0,0,0,0
217,11100,218.303491905179,99980,194,133,15,3,3664,1853,0.05518103620724145,111,70,46941,48434,2738,1359,0,0,0,0,0,0,94877,0,0,69,0,0,0,0,0,0,0,5034,0,0,0,0,0,0
218,11100,219.022193242513,99980,183,130,15,3,3676,1862,0.05539107821564313,121,74,46926,48424,2754,1368,0,0,0,0,0,0,94842,0,0,69,0,0,0,0,0,0,0,5069,0,0,0,0,0,0
219,11100,220.10069045371296,99980,184,134,15,3,3718,1885,0.05604120824164833,116,71,46898,48408,2786,1383,0,0,0,0,0,0,94784,0,0,71,0,0,0,0,0,0,0,5125,0,0,0,0,0,0
220,11100,221.17979393563326,99979,189,132,16,3,3756,1904,0.05661188849658428,111,69,46882,48394,2801,1401,0,0,0,0,0,0,94731,0,0,72,0,0,0,0,0,0,0,5176,0,0,0,0,0,0
221,11100,222.25929905173479,99979,188,130,16,3,3786,1923,0.05710199141819782,106,77,46866,48372,2823,1417,0,0,0,0,0,0,94680,0,0,73,0,0,0,0,0,0,0,5226,0,0,0,0,0,0
222,11100,223.33921759092644,99979,193,135,16,3,3813,1950,0.057642104842016824,107,67,46851,48361,2832,1433,0,0,0,0,0,0,94637,0,0,74,0,0,0,0,0,0,0,5268,0,0,0,0,0,0
223,11100,224.05933362335057,99979,201,139,16,3,3840,1965,0.058062193060542715,103,58,46831,48361,2848,1438,0,0,0,0,0,0,94608,0,0,75,0,0,0,0,0,0,0,5296,0,0,0,0,0,0
224,11100,225.13998296309353,99979,200,147,16,3,3869,1983,0.058532291781274066,118,56,46796,48351,2869,1442,0,0,0,0,0,0,94570,0,0,77,0,0,0,0,0,0,0,5332,0,0,0,0,0,0
225,11100,226.22120804214015,99979,210,132,16,3,3907,2000,0.059082407305534164,115,60,46778,48336,2880,1468,0,0,0,0,0,0,94513,0,0,80,0,0,0,0,0,0,0,5386,0,0,0,0,0,0
226,11100,227.3028696866542,99979,200,128,16,3,3941,2019,0.05961251862891207,109,58,46759,48326,2915,1484,0,0,0,0,0,0,94450,0,0,84,0,0,0,0,0,0,0,5445,0,0,0,0,0,0
227,11100,228.0243296501992,99979,195,127,16,3,3949,2032,0.05982256273817502,121,58,46749,48317,2918,1494,0,0,0,0,0,0,94424,0,0,85,0,0,0,0,0,0,0,5470,0,0,0,0,0,0
228,11100,229.10682284419386,99979,204,119,16,3,3987,2049,0.060372678262435114,113,57,46729,48310,2937,1510,0,0,0,0,0,0,94371,0,0,86,0,0,0,0,0,0,0,5522,0,0,0,0,0,0
229,11100,230.18975844460374,99979,211,110,16,3,4018,2063,0.06082277278228428,114,64,46705,48294,2953,1528,0,0,0,0,0,0,94327,0,0,89,0,0,0,0,0,0,0,5563,0,0,0,0,0,0
230,11100,231.27321362415867,99979,207,114,16,3,4047,2082,0.06130287360345672,124,59,46675,48283,2977,1540,0,0,0,0,0,0,94283,0,0,93,0,0,0,0,0,0,0,5603,0,0,0,0,0,0
231,11100,232.35731347601143,99979,213,107,16,3,4085,2095,0.06181298072595245,125,56,46646,48281,2999,1552,0,0,0,0,0,0,94234,0,0,96,0,0,0,0,0,0,0,5649,0,0,0,0,0,0
232,11100,233.08041432061546,99979,221,106,16,3,4117,2105,0.06223306894447834,110,57,46640,48279,3012,1554,0,0,0,0,0,0,94200,0,0,97,0,0,0,0,0,0,0,5682,0,0,0,0,0,0
233,11100,234.16539922162133,99979,202,94,16,3,4146,2115,0.06262315086168095,111,61,46620,48267,3050,1574,0,0,0,0,0,0,94133,0,0,100,0,0,0,0,0,0,0,5746,0,0,0,0,0,0
234,11100,235.2510874085236,99979,192,97,16,3,4172,2130,0.06303323697976575,122,57,46597,48261,3072,1581,0,0,0,0,0,0,94090,0,0,105,0,0,0,0,0,0,0,5784,0,0,0,0,0,0
235,11100,236.3373063719232,99978,192,103,17,3,4214,2148,0.06363399947988557,105,63,46587,48246,3098,1584,0,0,0,0,0,0,94041,0,0,110,0,0,0,0,0,0,0,5827,0,0,0,0,0,0
236,11100,237.0616257384823,99978,193,110,17,3,4241,2163,0.06405409190021805,104,56,46571,48238,3114,1592,0,0,0,0,0,0,94009,0,0,112,0,0,0,0,0,0,0,5857,0,0,0,0,0,0
237,11100,238.14850975768374,99978,194,105,17,3,4269,2178,0.06448418652103463,100,58,46564,48232,3124,1601,0,0,0,0,0,0,93965,0,0,115,0,0,0,0,0,0,0,5898,0,0,0,0,0,0
238,11100,239.23566813077267,99977,193,99,17,4,4294,2190,0.06485491663082509,110,63,46537,48219,3142,1614,0,0,0,0,0,0,93921,0,0,115,0,0,0,0,0,0,0,5941,0,0,0,0,0,0
239,11100,240.3233249748307,99977,202,98,17,4,4326,2203,0.06530502015463556,114,72,46515,48207,3151,1618,0,0,0,0,0,0,93884,0,0,115,0,0,0,0,0,0,0,5978,0,0,0,0,0,0
240,11100,241.04863147045253,99977,203,104,17,4,4344,2216,0.06561509147103833,119,71,46505,48197,3155,1623,0,0,0,0,0,0,93860,0,0,115,0,0,0,0,0,0,0,6002,0,0,0,0,0,0
241,11100,242.1368337354299,99977,200,112,17,4,4376,2240,0.06617522030066915,121,63,46485,48184,3176,1636,0,0,0,0,0,0,93811,0,0,115,1,0,0,0,0,0,0,6050,0,0,0,0,0,0
242,11100,243.22548044904772,99977,196,113,17,4,4407,2255,0.06663532612500875,123,64,46468,48175,3195,1643,0,0,0,0,0,0,93765,0,0,118,1,0,0,0,0,0,0,6093,0,0,0,0,0,0
243,11100,244.31458110811883,99977,191,110,17,4,4436,2273,0.06710543424987747,130,66,46444,48164,3217,1655,0,0,0,0,0,0,93713,0,0,121,1,0,0,0,0,0,0,6142,0,0,0,0,0,0
244,11100,245.04094095333915,99977,189,108,17,4,4456,2284,0.06741550556628025,127,63,46434,48165,3232,1659,0,0,0,0,0,0,93678,0,0,121,1,0,0,0,0,0,0,6177,0,0,0,0,0,0
245,11100,246.13086878533065,99977,192,100,17,4,4489,2299,0.06789561599167808,133,60,46405,48160,3252,1675,0,0,0,0,0,0,93627,0,0,123,1,0,0,0,0,0,0,6226,0,0,0,0,0,0
246,11100,247.2214539029482,99977,190,98,17,4,4526,2318,0.0684557448213089,130,51,46383,48156,3279,1690,0,0,0,0,0,0,93572,0,0,128,1,0,0,0,0,0,0,6276,0,0,0,0,0,0
247,11100,248.31264927748884,99977,193,93,17,4,4557,2335,0.06893585524670674,130,45,46361,48149,3298,1708,0,0,0,0,0,0,93523,0,0,129,1,0,0,0,0,0,0,6324,0,0,0,0,0,0
248,11100,249.04043163871052,99977,192,89,17,4,4580,2341,0.06922592196205127,125,49,46350,48144,3315,1713,0,0,0,0,0,0,93491,0,0,131,1,0,0,0,0,0,0,6354,0,0,0,0,0,0
249,11100,250.13245788548448,99977,182,84,17,4,4601,2351,0.06953599327845404,132,50,46341,48139,3327,1722,0,0,0,0,0,0,93447,0,0,133,1,0,0,0,0,0,0,6396,0,0,0,0,0,0
250,11100,251.2248176224703,99977,193,74,17,4,4640,2358,0.06999609910279364,118,60,46333,48126,3338,1735,0,0,0,0,0,0,93405,0,0,136,1,0,0,0,0,0,0,6435,0,0,0,0,0,0
251,11100,252.31740734546187,99977,199,75,17,4,4674,2374,0.07049621412924972,120,57,46311,48121,3352,1742,0,0,0,0,0,0,93364,0,0,138,1,0,0,0,0,0,0,6474,0,0,0,0,0,0
252,11100,253.04605085708434,99977,195,78,17,4,4696,2385,0.07082629004671075,119,54,46296,48122,3372,1741,0,0,0,0,0,0,93332,0,0,140,1,0,0,0,0,0,0,6504,0,0,0,0,0,0
253,11100,254.13942964860377,99977,196,86,17,4,4732,2402,0.07135641197475419,115,50,46280,48120,3391,1739,0,0,0,0,0,0,93291,0,0,141,2,0,0,0,0,0,0,6543,0,0,0,0,0,0
254,11100,255.2332099924243,99976,202,89,18,4,4768,2423,0.07192726254301032,109,48,46272,48106,3398,1752,0,0,0,0,0,0,93244,0,0,142,2,0,0,0,0,0,0,6588,0,0,0,0,0,0
255,11100,256.3272035159625,99976,204,85,18,4,4797,2432,0.07230735376490358,112,54,46253,48097,3412,1759,0,0,0,0,0,0,93206,0,0,144,2,0,0,0,0,0,0,6624,0,0,0,0,0,0
256,11100,257.0567608852526,99976,193,83,18,4,4813,2439,0.07253740897815476,117,55,46246,48092,3425,1765,0,0,0,0,0,0,93171,0,0,145,2,0,0,0,0,0,0,6658,0,0,0,0,0,0
257,11100,258.1512986280158,99976,184,87,18,4,4845,2456,0.07302752660638553,110,57,46242,48078,3445,1773,0,0,0,0,0,0,93117,0,0,145,2,0,0,0,0,0,0,6712,0,0,0,0,0,0
258,11100,259.24612784745864,99976,186,95,18,4,4879,2473,0.07353764903576858,109,56,46226,48070,3460,1774,0,0,0,0,0,0,93079,0,0,148,2,0,0,0,0,0,0,6747,0,0,0,0,0,0
259,11100,260.341328941177,99976,179,93,18,4,4909,2489,0.07399775946227094,101,56,46220,48064,3481,1782,0,0,0,0,0,0,93026,0,0,150,2,0,0,0,0,0,0,6798,0,0,0,0,0,0
260,11100,261.07165657507835,99976,176,96,18,4,4924,2500,0.07425782187725054,97,54,46219,48061,3489,1784,0,0,0,0,0,0,93001,0,0,151,2,0,0,0,0,0,0,6822,0,0,0,0,0,0
261,11100,262.16727660562657,99976,176,94,18,4,4951,2510,0.07462791069856765,105,65,46199,48049,3501,1787,0,0,0,0,0,0,92964,0,0,153,2,0,0,0,0,0,0,6857,0,0,0,0,0,0
262,11100,263.2632064756814,99976,177,99,18,4,4985,2533,0.07519804753140753,96,51,46181,48048,3527,1797,0,0,0,0,0,0,92915,0,0,155,2,0,0,0,0,0,0,6904,0,0,0,0,0,0
263,11100,264.3596538522864,99976,169,101,18,4,5010,2543,0.07554813155157238,96,56,46169,48037,3547,1801,0,0,0,0,0,0,92875,0,0,156,2,0,0,0,0,0,0,6943,0,0,0,0,0,0
264,11100,265.0908248864121,99976,163,102,18,4,5022,2553,0.07576818436424743,104,55,46158,48034,3556,1804,0,0,0,0,0,0,92849,0,0,157,2,0,0,0,0,0,0,6968,0,0,0,0,0,0
265,11100,266.1879700098446,99975,161,95,18,5,5047,2569,0.07617904476119029,115,49,46137,48033,3568,1817,0,0,0,0,0,0,92803,0,0,161,2,0,0,0,0,0,0,7009,0,0,0,0,0,0
266,11100,267.2854708237177,99975,181,96,18,5,5083,2578,0.07662915728932233,107,56,46124,48021,3569,1821,0,0,0,0,0,0,92781,0,0,163,2,0,0,0,0,0,0,7029,0,0,0,0,0,0
267,11100,268.01721488935885,99975,190,95,18,5,5107,2587,0.07695923980995249,98,56,46119,48018,3574,1825,0,0,0,0,0,0,92756,0,0,163,2,0,0,0,0,0,0,7054,0,0,0,0,0,0
268,11100,269.11498870006216,99975,188,94,18,5,5127,2598,0.07726931732933233,115,56,46101,48016,3577,1828,0,0,0,0,0,0,92724,0,0,165,2,0,0,0,0,0,0,7084,0,0,0,0,0,0
269,11100,270.2130775688267,99975,186,96,18,5,5152,2610,0.07763940985246312,121,63,46082,48003,3592,1832,0,0,0,0,0,0,92689,0,0,167,2,0,0,0,0,0,0,7117,0,0,0,0,0,0
270,11100,271.3115347411739,99975,187,100,18,5,5188,2627,0.0781695423855964,110,59,46070,47998,3614,1837,0,0,0,0,0,0,92642,0,0,168,2,0,0,0,0,0,0,7163,0,0,0,0,0,0
271,11100,272.0440573177928,99975,182,97,18,5,5213,2638,0.07852963240810203,105,58,46058,47992,3636,1847,0,0,0,0,0,0,92601,0,0,171,2,0,0,0,0,0,0,7201,0,0,0,0,0,0
272,11100,273.1432647351339,99975,185,93,18,5,5242,2649,0.07892973243310827,100,59,46049,47985,3647,1857,0,0,0,0,0,0,92564,0,0,175,2,0,0,0,0,0,0,7234,0,0,0,0,0,0
273,11100,274.2427550649265,99975,182,97,18,5,5263,2665,0.07929982495623907,107,56,46034,47981,3658,1860,0,0,0,0,0,0,92530,0,0,177,2,0,0,0,0,0,0,7266,0,0,0,0,0,0
274,11100,275.3425221742951,99975,191,104,18,5,5294,2683,0.07978994748687172,107,60,46015,47968,3668,1862,0,0,0,0,0,0,92501,0,0,181,2,0,0,0,0,0,0,7291,0,0,0,0,0,0
275,11100,276.0759100726676,99975,183,101,18,5,5309,2695,0.08006001500375094,115,55,46001,47968,3682,1870,0,0,0,0,0,0,92464,0,0,182,2,0,0,0,0,0,0,7327,0,0,0,0,0,0
276,11100,277.17633811033573,99975,201,99,18,5,5346,2713,0.08061015253813453,110,55,45976,47954,3694,1886,0,0,0,0,0,0,92426,0,0,183,2,0,0,0,0,0,0,7364,0,0,0,0,0,0
277,11100,278.2772450714484,99974,200,92,19,5,5379,2723,0.08104107067837638,105,60,45965,47950,3710,1892,0,0,0,0,0,0,92375,0,0,183,2,0,0,0,0,0,0,7414,0,0,0,0,0,0
278,11100,279.01137645245007,99973,192,91,20,5,5398,2733,0.08133195962909985,105,57,45958,47947,3724,1899,0,0,0,0,0,0,92338,0,0,184,2,0,0,0,0,0,0,7449,0,0,0,0,0,0
279,11100,280.11286229703165,99973,187,96,20,5,5424,2752,0.08178208116191371,111,46,45948,47946,3733,1906,0,0,0,0,0,0,92298,0,0,189,2,0,0,0,0,0,0,7484,0,0,0,0,0,0
280,11100,281.2146451356815,99973,189,90,20,5,5458,2766,0.08226221079691516,109,44,45931,47940,3750,1920,0,0,0,0,0,0,92249,0,0,192,2,0,0,0,0,0,0,7530,0,0,0,0,0,0
281,11100,282.3169087899866,99973,191,82,20,5,5491,2776,0.08269232692827064,100,46,45919,47933,3769,1933,0,0,0,0,0,0,92204,0,0,196,2,0,0,0,0,0,0,7571,0,0,0,0,0,0
282,11100,283.0519717094493,99973,192,87,20,5,5515,2786,0.08303241875306333,95,46,45908,47926,3784,1935,0,0,0,0,0,0,92178,0,0,198,2,0,0,0,0,0,0,7595,0,0,0,0,0,0
283,11100,284.1548705519062,99973,193,84,20,5,5540,2800,0.08342252408150201,93,45,45905,47922,3788,1943,0,0,0,0,0,0,92137,0,0,198,2,0,0,0,0,0,0,7636,0,0,0,0,0,0
284,11100,285.25792640475424,99973,199,87,20,5,5573,2814,0.08389265101577426,92,52,45892,47905,3796,1950,0,0,0,0,0,0,92100,0,0,199,2,0,0,0,0,0,0,7672,0,0,0,0,0,0
285,11100,286.3611239624101,99971,195,84,22,5,5602,2825,0.08429444538916285,96,52,45879,47903,3807,1955,0,0,0,0,0,0,92056,0,0,202,2,0,0,0,0,0,0,7711,0,0,0,0,0,0
286,11100,287.09677280293215,99971,195,82,22,5,5619,2832,0.08453451500935272,95,54,45870,47895,3817,1963,0,0,0,0,0,0,92031,0,0,203,2,0,0,0,0,0,0,7735,0,0,0,0,0,0
287,11100,288.2005544392969,99971,187,85,22,5,5643,2850,0.08495463684468496,101,52,45859,47886,3830,1971,0,0,0,0,0,0,91987,0,0,206,2,0,0,0,0,0,0,7776,0,0,0,0,0,0
288,11100,289.30461592654535,99971,184,91,22,5,5670,2865,0.0853747586800172,107,54,45841,47879,3845,1970,0,0,0,0,0,0,91950,0,0,208,2,0,0,0,0,0,0,7811,0,0,0,0,0,0
289,11100,290.04081087847254,99971,195,95,22,5,5697,2878,0.08577487471366696,98,43,45827,47883,3857,1973,0,0,0,0,0,0,91926,0,0,209,2,0,0,0,0,0,0,7834,0,0,0,0,0,0
290,11100,291.1455696387849,99971,199,90,22,5,5733,2888,0.08623500815236418,100,48,45812,47870,3866,1986,0,0,0,0,0,0,91883,0,0,211,3,0,0,0,0,0,0,7874,0,0,0,0,0,0
291,11100,292.25060756872574,99971,197,88,22,5,5766,2901,0.08669514159106141,97,47,45806,47862,3877,1997,0,0,0,0,0,0,91835,0,0,211,4,0,0,0,0,0,0,7921,0,0,0,0,0,0
292,11100,293.3558627893685,99971,195,85,22,5,5794,2914,0.08710526052555241,100,54,45799,47848,3883,2007,0,0,0,0,0,0,91790,0,0,212,4,0,0,0,0,0,0,7965,0,0,0,0,0,0
293,11100,294.0927856901499,99971,195,81,22,5,5817,2924,0.08743535625331346,98,54,45785,47845,3899,2014,0,0,0,0,0,0,91753,0,0,212,4,0,0,0,0,0,0,8002,0,0,0,0,0,0
294,11100,295.1985362302347,99971,208,75,22,5,5853,2936,0.08791549549369317,89,61,45769,47838,3911,2020,0,0,0,0,0,0,91713,0,0,213,4,0,0,0,0,0,0,8041,0,0,0,0,0,0
295,11100,296.30461673260567,99970,211,81,23,5,5885,2945,0.08832649794938481,100,70,45741,47827,3924,2016,0,0,0,0,0,0,91683,0,0,215,4,0,0,0,0,0,0,8068,0,0,0,0,0,0
296,11100,297.04227688189656,99970,215,78,23,5,5900,2954,0.0885665699709913,108,69,45719,47822,3934,2025,0,0,0,0,0,0,91662,0,0,217,4,0,0,0,0,0,0,8087,0,0,0,0,0,0
297,11100,298.14916810225196,99970,223,74,23,5,5940,2973,0.08915674702410724,107,64,45698,47815,3948,2041,0,0,0,0,0,0,91611,0,0,221,4,0,0,0,0,0,0,8134,0,0,0,0,0,0
298,11100,299.25661906849996,99970,211,74,23,5,5967,2990,0.08959687906371912,105,62,45692,47808,3968,2050,0,0,0,0,0,0,91558,0,0,224,4,0,0,0,0,0,0,8184,0,0,0,0,0,0
299,11100,300.36442525497483,99970,217,76,23,5,6005,3004,0.09011703511053316,98,60,45672,47801,3989,2057,0,0,0,0,0,0,91517,0,0,227,4,0,0,0,0,0,0,8222,0,0,0,0,0,0
300,11100,301.10320943624913,99970,212,79,23,5,6024,3015,0.09041712513754126,105,61,45658,47799,4001,2055,0,0,0,0,0,0,91487,0,0,229,4,0,0,0,0,0,0,8250,0,0,0,0,0,0
301,11100,302.21166788106586,99970,219,86,23,5,6059,3041,0.09102730819245773,105,58,45647,47786,4005,2064,0,0,0,0,0,0,91442,0,0,231,4,0,0,0,0,0,0,8293,0,0,0,0,0,0
302,11100,303.32034714458126,99970,224,91,23,5,6094,3059,0.09155746724017205,99,60,45637,47777,4016,2066,0,0,0,0,0,0,91399,0,0,231,4,0,0,0,0,0,0,8336,0,0,0,0,0,0
303,11100,304.0595796468538,99970,221,96,23,5,6109,3071,0.09182754826447935,103,56,45630,47774,4022,2068,0,0,0,0,0,0,91375,0,0,232,4,0,0,0,0,0,0,8359,0,0,0,0,0,0
304,11100,305.1686926355208,99970,221,102,23,5,6139,3094,0.09235770731219366,104,47,45617,47769,4034,2076,0,0,0,0,0,0,91330,0,0,234,4,0,0,0,0,0,0,8402,0,0,0,0,0,0
305,11100,306.27808948701175,99970,208,101,23,5,6162,3109,0.09273782134640392,107,50,45611,47759,4050,2084,0,0,0,0,0,0,91279,0,0,235,4,0,0,0,0,0,0,8452,0,0,0,0,0,0
306,11100,307.017809897615,99970,200,102,23,5,6178,3122,0.09302790837251175,116,52,45598,47748,4062,2092,0,0,0,0,0,0,91246,0,0,238,4,0,0,0,0,0,0,8482,0,0,0,0,0,0
307,11100,308.1276740691598,99970,204,101,23,5,6218,3134,0.0935480644193258,107,47,45587,47749,4078,2097,0,0,0,0,0,0,91197,0,0,238,4,0,0,0,0,0,0,8531,0,0,0,0,0,0
308,11100,309.2379200705506,99970,198,94,23,5,6250,3150,0.09402820846253876,96,52,45579,47735,4103,2113,0,0,0,0,0,0,91140,0,0,242,4,0,0,0,0,0,0,8584,0,0,0,0,0,0
309,11100,310.3485575323609,99969,182,102,23,6,6271,3169,0.09442927307465314,96,48,45580,47732,4118,2111,0,0,0,0,0,0,91097,0,0,247,4,0,0,0,0,0,0,8621,0,0,0,0,0,0
310,11100,311.0891226533568,99968,181,99,23,7,6291,3178,0.09472031049935979,93,49,45573,47726,4129,2118,0,0,0,0,0,0,91067,0,0,250,4,0,0,0,0,0,0,8647,0,0,0,0,0,0
311,11100,312.20017788521454,99968,169,97,23,7,6315,3190,0.0950804257362356,98,52,45563,47720,4146,2123,0,0,0,0,0,0,91019,0,0,252,4,0,0,0,0,0,0,8693,0,0,0,0,0,0
312,11100,313.3115687833722,99968,173,103,23,7,6341,3208,0.09552056658130602,95,43,45552,47718,4156,2128,0,0,0,0,0,0,90986,0,0,253,4,0,0,0,0,0,0,8725,0,0,0,0,0,0
313,11100,314.05267472918865,99968,172,100,23,7,6360,3216,0.09579065300896286,96,46,45538,47716,4170,2130,0,0,0,0,0,0,90957,0,0,255,4,0,0,0,0,0,0,8752,0,0,0,0,0,0
314,11100,315.16470335756134,99968,171,105,23,7,6386,3238,0.0962708066581306,104,36,45519,47710,4182,2141,0,0,0,0,0,0,90920,0,0,262,4,0,0,0,0,0,0,8782,0,0,0,0,0,0
315,11100,316.27709775194427,99967,166,94,24,7,6408,3250,0.09661188192103394,105,44,45508,47702,4196,2152,0,0,0,0,0,0,90873,0,0,265,4,0,0,0,0,0,0,8825,0,0,0,0,0,0
316,11100,317.01888760404864,99967,167,85,24,7,6435,3254,0.09692198425480408,93,49,45498,47702,4217,2156,0,0,0,0,0,0,90836,0,0,267,4,0,0,0,0,0,0,8860,0,0,0,0,0,0
317,11100,318.1319723344984,99967,159,85,24,7,6454,3265,0.09722208328748487,103,42,45485,47705,4228,2160,0,0,0,0,0,0,90802,0,0,271,4,0,0,0,0,0,0,8890,0,0,0,0,0,0
318,11100,319.24541416366924,99967,166,83,24,7,6478,3276,0.09757219882561245,103,49,45477,47696,4229,2164,0,0,0,0,0,0,90774,0,0,271,5,0,0,0,0,0,0,8917,0,0,0,0,0,0
319,11100,320.3589976306602,99967,171,90,24,7,6506,3293,0.09802234737463363,106,46,45468,47688,4229,2167,1,1,1,1,0,0,90739,0,0,271,5,0,0,0,0,0,2,8950,0,0,0,0,0,0
320,11100,321.1014707534901,99967,184,88,24,7,6534,3302,0.09839246951493993,99,42,45453,47688,4237,2172,2,2,2,2,0,0,90714,0,0,273,5,0,0,0,0,0,3,8971,1,0,0,0,0,0
321,11100,322.36525561972195,99967,191,87,24,7,6564,3314,0.09881260816069302,97,42,45445,47685,4239,2175,3,3,3,3,0,0,90677,0,0,274,5,0,0,0,0,0,5,9005,1,0,0,0,0,0
322,11100,323.05188826373666,99966,189,82,25,7,6574,3317,0.09894364083788489,103,47,45434,47680,4244,2179,4,4,4,4,0,0,90657,0,0,276,5,0,0,0,0,0,7,9020,1,0,0,0,0,0
323,11100,324.0029664909765,99965,176,86,26,7,6598,3327,0.09928474966238184,102,54,45418,47669,4272,2178,5,5,5,5,0,0,90616,0,0,280,5,0,0,0,0,0,9,9054,1,0,0,0,0,0
324,11100,325.06583063045565,99965,173,90,26,7,6618,3339,0.09960486170159556,93,54,45419,47664,4282,2178,6,6,6,6,0,0,90586,0,0,282,5,0,0,0,0,0,10,9080,2,0,0,0,0,0
325,11100,326.20099214549873,99965,165,87,26,7,6640,3349,0.09992497374080929,103,57,45400,47652,4298,2188,7,8,8,7,0,0,90542,0,0,284,5,0,0,0,0,0,13,9119,2,0,0,0,0,0
326,11100,327.1534658203779,99965,158,86,26,7,6664,3362,0.10029510328615016,92,63,45399,47637,4316,2196,8,10,10,8,0,0,90495,0,0,285,5,0,0,0,0,0,16,9162,2,0,0,0,0,0
327,11100,328.1205811193371,99965,158,100,26,7,6686,3384,0.10073525734006902,86,51,45396,47632,4324,2197,9,12,12,9,0,0,90467,0,0,289,5,0,0,0,0,0,18,9183,3,0,0,0,0,0
328,11100,329.06534020636684,99965,154,103,26,7,6709,3401,0.10113539738908618,85,47,45393,47619,4331,2208,10,15,15,10,0,0,90425,0,0,292,5,0,0,0,0,0,22,9218,3,0,0,0,0,0
329,11100,330.10168337193943,99965,161,99,26,7,6730,3414,0.10147551643075076,89,47,45381,47608,4331,2220,11,18,18,11,0,0,90390,0,0,292,5,0,0,0,0,0,26,9249,3,0,0,0,0,0
330,11100,331.05164660729577,99965,167,96,26,7,6750,3424,0.10177562146751364,82,53,45389,47595,4323,2226,12,22,22,12,0,0,90360,0,0,294,5,0,0,0,0,0,31,9272,3,0,0,0,0,0
331,11100,332.05182668501334,99965,165,98,26,7,6778,3445,0.10226579302755964,88,48,45378,47583,4329,2236,13,27,27,13,0,0,90306,0,0,295,5,0,0,0,0,0,37,9319,3,0,0,0,0,0
332,11100,333.03934570574563,99965,181,90,26,7,6805,3451,0.1025959085679988,86,49,45369,47578,4323,2244,14,31,32,14,0,0,90277,0,0,297,5,0,0,0,0,0,43,9340,3,0,0,0,0,0
333,11100,334.0295172813184,99965,181,81,26,7,6829,3461,0.10293602760966339,89,52,45358,47569,4332,2253,13,37,38,15,0,0,90232,0,0,301,5,0,0,0,0,0,49,9374,4,0,0,0,0,0
334,11100,335.1188248138571,99965,173,86,26,7,6852,3481,0.10336617816235683,94,46,45342,47556,4350,2260,14,44,45,16,0,0,90179,0,0,302,5,0,0,0,0,0,57,9418,4,0,0,0,0,0
335,11100,336.07756985992717,99965,169,86,26,7,6872,3493,0.10368629020157055,97,45,45330,47543,4362,2266,15,52,53,17,0,0,90138,0,0,306,5,0,0,0,0,0,66,9446,4,0,0,0,0,0
336,11100,337.13660726837156,99965,171,80,26,7,6900,3501,0.10404641624568599,88,50,45334,47526,4364,2275,16,61,62,18,0,0,90092,0,0,309,5,0,0,0,0,0,75,9479,5,0,0,0,0,0
337,11100,338.00285719680494,99965,175,80,26,7,6919,3512,0.10434652128244885,85,50,45330,47510,4366,2281,17,71,72,19,0,0,90056,0,0,309,5,0,0,0,0,0,85,9504,6,0,0,0,0,0
338,11100,339.01367709366036,99965,177,90,26,7,6940,3529,0.10472665432901515,89,40,45316,47502,4373,2280,18,80,83,20,0,0,90023,0,0,312,5,0,0,0,0,0,95,9522,8,0,0,0,0,0
339,11100,340.0745923974305,99965,182,90,26,7,6967,3542,0.10512679437803231,89,40,45305,47490,4378,2280,19,92,95,21,0,0,89976,0,0,313,5,0,0,0,0,0,108,9555,8,0,0,0,0,0
340,11100,341.080582899191,99965,177,95,26,7,6987,3560,0.1055069274245986,100,38,45287,47470,4389,2284,20,105,108,22,0,0,89926,0,0,315,5,0,0,0,0,0,122,9589,8,0,0,0,0,0
341,11100,342.085062042428,99965,180,97,26,7,7010,3574,0.10587705696993947,101,30,45276,47465,4394,2283,22,117,122,24,0,0,89884,0,0,319,5,0,0,0,0,0,136,9611,10,0,0,0,0,0
342,11100,343.2474745186265,99965,190,88,26,7,7054,3585,0.10642724953733806,95,37,45264,47442,4400,2293,24,132,137,26,0,0,89817,0,0,323,5,0,0,0,0,0,153,9657,10,0,0,0,0,0
343,11100,344.3660446100129,99965,193,86,26,7,7083,3596,0.10682738958635522,97,45,45252,47419,4405,2295,26,147,154,28,0,0,89763,0,0,325,5,0,0,0,0,0,170,9690,12,0,0,0,0,0
344,11100,345.1118915559548,99965,199,88,26,7,7101,3603,0.10707747711699095,106,45,45232,47396,4408,2298,28,165,172,30,0,0,89728,0,0,327,5,0,0,0,0,0,190,9703,12,0,0,0,0,0
345,11100,346.2309961777459,99965,204,89,26,7,7131,3619,0.10753763817336068,114,53,45215,47361,4410,2304,30,185,192,32,0,0,89671,0,0,329,5,0,0,0,0,0,209,9736,15,0,0,0,0,0
346,11100,347.35031256005624,99965,204,88,26,7,7159,3631,0.10793777822237784,111,55,45209,47336,4417,2307,32,206,213,34,0,0,89614,0,0,334,5,0,0,0,0,0,230,9765,17,0,0,0,0,0
347,11100,348.0966485896319,99965,207,87,26,7,7179,3638,0.10820787275546441,108,61,45204,47308,4419,2308,35,228,236,37,0,0,89567,0,0,337,5,0,0,0,0,0,255,9783,18,0,0,0,0,0
348,11100,349.2162899156829,99965,208,84,26,7,7218,3654,0.108758065322863,103,56,45191,47279,4433,2321,38,252,260,40,0,0,89489,0,0,342,5,0,0,0,0,0,281,9829,19,0,0,0,0,0
349,11100,350.3363159105503,99965,198,95,26,7,7244,3674,0.10921822637923273,101,56,45185,47243,4448,2322,41,276,286,43,0,0,89419,0,0,343,6,0,0,0,0,0,308,9869,20,0,0,0,0,0
350,11100,351.0831101361131,99965,189,93,26,7,7255,3684,0.10942829990496673,106,49,45178,47221,4456,2325,44,304,314,46,0,0,89359,0,0,346,6,0,0,0,0,0,339,9895,20,0,0,0,0,0
351,11100,352.2036848524717,99965,183,96,26,7,7280,3701,0.10984844695643475,114,46,45157,47190,4471,2330,48,330,343,50,0,0,89288,0,0,349,6,0,0,0,0,0,368,9930,24,0,0,0,0,0
352,11100,353.32468842125036,99965,191,98,26,7,7316,3721,0.11040864302505878,123,39,45129,47157,4478,2338,52,360,374,54,0,0,89212,0,0,349,7,0,0,0,0,0,399,9971,27,0,0,0,0,0
353,11100,354.0723605225608,99965,200,89,26,7,7344,3728,0.11075876556794878,110,46,45126,47122,4481,2342,56,393,407,58,0,0,89150,0,0,355,7,0,0,0,0,0,432,9990,31,0,0,0,0,0
354,11100,355.1940910822882,99965,187,90,26,7,7370,3742,0.11115890561696594,107,49,45117,47082,4501,2345,61,426,442,63,0,0,89065,0,0,358,7,0,0,0,0,0,468,10032,35,0,0,0,0,0
355,11100,356.3161864585167,99964,188,90,27,7,7395,3754,0.11153015085430755,112,50,45098,47044,4508,2345,66,463,479,68,0,0,88993,0,0,360,7,0,0,0,0,0,506,10059,39,0,0,0,0,0
356,11100,357.0644697823824,99964,192,88,27,7,7416,3758,0.11178024088671921,111,59,45081,46999,4517,2345,71,501,518,73,0,0,88933,0,0,362,7,0,0,0,0,0,545,10073,44,0,0,0,0,0
357,11100,358.1872651997513,99964,196,79,27,7,7442,3771,0.11217038133728142,122,55,45056,46961,4521,2356,77,541,559,79,0,0,88847,0,0,366,7,0,0,0,0,0,591,10108,45,0,0,0,0,0
358,11100,359.3105501062724,99964,203,81,27,7,7484,3785,0.11273058300988356,105,56,45037,46922,4544,2353,83,580,602,85,0,0,88754,0,0,367,7,0,0,0,0,0,638,10151,47,0,0,0,0,0
359,11100,360.0597392306259,99964,197,80,27,7,7500,3794,0.11298067304229523,108,54,45021,46877,4557,2357,89,624,647,91,0,0,88676,0,0,368,7,0,0,0,0,0,685,10177,51,0,0,0,0,0
360,11100,361.1841001245596,99964,198,88,27,7,7526,3811,0.1134108278980433,112,56,45001,46826,4565,2353,96,669,695,98,0,0,88593,0,0,369,8,0,0,0,0,0,737,10203,54,0,0,0,0,0
361,11100,362.3088458056798,99964,189,87,27,7,7550,3826,0.1138009683486055,115,50,44989,46774,4576,2362,103,719,745,105,0,0,88494,0,0,373,8,0,0,0,0,0,791,10241,57,0,0,0,0,0
362,11100,363.05889661139776,99964,188,91,27,7,7562,3842,0.11408106918490657,129,44,44966,46720,4581,2370,108,767,797,113,0,0,88416,0,0,376,8,0,0,0,0,0,847,10256,61,0,0,0,0,0
363,11100,364.18446876455016,99964,207,85,27,7,7604,3853,0.1146112600536193,114,45,44949,46673,4586,2370,116,819,852,121,0,0,88324,0,0,379,8,0,0,0,0,0,902,10282,69,0,0,0,0,0
364,11100,365.3104576770762,99964,207,86,27,7,7640,3865,0.11509143291584971,113,47,44928,46618,4600,2367,124,874,909,130,0,0,88222,0,0,383,8,0,0,0,0,0,961,10314,76,0,0,0,0,0
365,11100,366.0614171464173,99963,211,86,28,7,7667,3872,0.115432710102738,96,53,44925,46551,4606,2369,133,933,968,139,0,0,88132,0,0,389,8,0,0,0,0,0,1027,10329,78,0,0,0,0,0
366,11100,367.18821331994707,99963,212,80,28,7,7702,3879,0.1158528655602573,95,61,44893,46489,4628,2373,143,989,1030,149,0,0,88021,0,0,392,8,0,0,0,0,0,1094,10365,83,0,0,0,0,0
367,11100,368.31564011674845,99963,207,83,28,7,7732,3896,0.11632303952462411,104,55,44866,46431,4640,2376,154,1047,1094,160,0,0,87906,0,0,397,8,0,0,0,0,0,1165,10400,87,0,0,0,0,0
368,11100,369.06766036702,99963,195,89,28,7,7744,3911,0.1165931394616008,114,56,44844,46365,4653,2371,165,1111,1161,171,0,0,87807,0,0,401,8,0,0,0,0,0,1235,10417,95,0,0,0,0,0
369,11100,370.1963548891167,99963,200,92,28,7,7776,3929,0.11709332453007613,108,54,44827,46297,4660,2370,176,1179,1231,183,0,0,87696,0,0,404,7,1,0,0,0,0,1307,10444,104,0,0,0,0,0
370,11100,371.32553915603455,99963,197,89,28,7,7805,3942,0.11751347998759541,104,52,44805,46231,4677,2374,188,1246,1303,195,0,0,87575,0,0,405,8,1,0,0,0,0,1382,10480,112,0,0,0,0,0
371,11100,372.0786781701564,99963,198,92,28,7,7824,3952,0.11780358732731111,109,48,44792,46165,4671,2369,201,1318,1378,208,0,0,87476,0,0,407,9,1,0,0,0,0,1459,10489,122,0,0,0,0,0
372,11100,373.2087764370688,99963,203,92,28,7,7858,3961,0.1182337464861999,107,54,44762,46090,4684,2363,215,1393,1456,222,0,0,87356,0,0,407,10,1,0,0,0,0,1543,10516,130,0,0,0,0,0
373,11100,374.3395404123004,99963,200,87,28,7,7894,3977,0.11875393895741425,114,50,44719,46026,4709,2361,229,1468,1536,236,0,0,87217,0,0,409,10,1,0,0,0,0,1624,10559,143,0,0,0,0,0
374,11100,375.09401003063294,99963,202,82,28,7,7917,3983,0.11904404629712993,110,56,44705,45946,4710,2361,244,1547,1619,251,0,0,87097,0,0,412,10,1,0,0,0,0,1715,10578,150,0,0,0,0,0
375,11100,376.2262594488736,99963,215,86,28,7,7959,4000,0.11963426467793084,102,57,44676,45864,4721,2361,257,1624,1705,267,0,0,86965,0,0,413,10,1,0,0,0,0,1806,10607,161,0,0,0,0,0
376,11100,377.35915185906964,99963,221,81,28,7,7999,4011,0.12014445344777568,91,58,44650,45799,4736,2352,273,1702,1794,284,0,0,86828,0,0,417,10,1,0,0,0,0,1897,10634,176,0,0,0,0,0
377,11100,378.11479004183894,99963,209,87,28,7,8012,4025,0.12041455338475236,105,55,44624,45710,4743,2351,290,1789,1885,302,0,0,86697,0,0,419,10,1,0,0,0,0,1997,10654,185,0,0,0,0,0
378,11100,379.2489237808656,99963,205,92,28,7,8041,4041,0.12086471994638016,106,54,44604,45622,4748,2347,308,1877,1979,320,0,0,86552,0,0,423,10,1,0,0,0,0,2102,10683,192,0,0,0,0,0
379,11100,380.0053006605909,99963,198,93,28,7,8057,4053,0.12114482358472635,105,61,44585,45520,4756,2350,327,1968,2076,339,0,0,86412,0,0,425,10,1,0,0,0,0,2210,10705,200,0,0,0,0,0
380,11100,381.14054862184656,99963,202,98,28,7,8082,4072,0.12158498644498464,110,57,44551,45429,4764,2350,344,2058,2176,359,0,0,86269,0,0,428,10,1,0,0,0,0,2321,10725,209,0,0,0,0,0
381,11100,382.27658299391436,99963,196,108,28,7,8111,4097,0.12212518631893801,117,44,44516,45337,4779,2348,363,2155,2279,380,0,0,86110,0,0,432,11,1,0,0,0,0,2435,10756,218,0,0,0,0,0
382,11100,383.0343913001287,99962,200,101,28,8,8136,4103,0.12243652587983433,109,48,44487,45232,4790,2353,385,2257,2385,402,0,0,85962,0,0,431,14,1,0,0,0,0,2552,10775,227,0,0,0,0,0
383,11100,384.17201117746436,99962,193,102,28,8,8156,4119,0.1227966627318381,131,48,44452,45133,4790,2351,405,2357,2494,425,0,0,85807,0,0,435,14,1,0,0,0,0,2669,10794,242,0,0,0,0,0
384,11100,385.3104706265012,99962,193,87,28,8,8191,4128,0.12323682999539826,121,51,44432,45032,4799,2364,426,2457,2606,449,0,0,85629,0,0,438,14,1,0,0,0,0,2791,10833,256,0,0,0,0,0
385,11100,386.06977519181675,99962,197,90,28,8,8211,4137,0.12352694023729018,121,56,44402,44922,4801,2357,450,2566,2721,474,0,0,85480,0,0,440,14,1,0,0,0,0,2920,10840,267,0,0,0,0,0
386,11100,387.2095336819912,99962,199,89,28,8,8237,4152,0.12393709609651668,125,60,44369,44809,4803,2361,475,2672,2839,500,0,0,85313,0,0,445,15,1,0,0,0,0,3053,10858,277,0,0,0,0,0
387,11100,388.35002647301724,99962,208,90,28,8,8272,4169,0.12445729377163323,123,58,44330,44706,4809,2356,501,2781,2960,527,0,0,85139,0,0,446,16,1,0,0,0,0,3187,10883,290,0,0,0,0,0
388,11100,389.1108450649513,99962,206,99,28,8,8296,4184,0.12484744202797063,119,50,44305,44597,4813,2348,528,2897,3084,555,0,0,84974,0,0,449,16,1,0,0,0,0,3323,10893,306,0,0,0,0,0
389,11100,390.2530206311965,99962,214,99,28,8,8331,4198,0.12533762829875353,111,56,44283,44476,4807,2348,556,3012,3211,584,0,0,84795,0,0,453,16,1,0,0,0,0,3465,10912,320,0,0,0,0,0
390,11100,391.01477521036736,99962,217,96,28,8,8351,4206,0.1256177347392009,109,53,44263,44366,4799,2347,583,3129,3341,614,0,0,84634,0,0,455,17,1,0,0,0,0,3601,10911,343,0,0,0,0,0
391,11100,392.1580987602806,99962,210,89,28,8,8382,4224,0.1261079210099838,110,48,44224,44241,4813,2360,614,3253,3474,645,0,0,84423,0,0,456,19,1,0,0,0,0,3754,10955,354,0,0,0,0,0
392,11100,393.30244718723714,99962,199,91,28,8,8408,4239,0.1265180768692103,114,47,44187,44114,4828,2357,643,3382,3610,678,0,0,84223,0,0,460,19,1,0,0,0,0,3908,10982,369,0,0,0,0,0
393,11100,394.0659036397354,99962,200,90,28,8,8434,4249,0.12687821372121405,106,47,44151,43983,4838,2358,676,3513,3749,712,0,0,84037,0,0,464,19,1,0,0,0,0,4062,10991,388,0,0,0,0,0
394,11100,395.2123385945771,99961,200,94,29,8,8469,4267,0.12740968977901382,107,40,44104,43864,4852,2349,707,3644,3891,747,0,0,83838,0,0,466,20,1,0,0,0,0,4215,11010,411,0,0,0,0,0
395,11100,396.35996639512064,99961,200,89,29,8,8506,4280,0.1279098848550935,103,41,44058,43740,4871,2351,738,3770,4036,783,0,0,83623,0,0,468,20,1,0,0,0,0,4377,11042,430,0,0,0,0,0
396,11100,397.12573321711204,99961,196,88,29,8,8519,4286,0.12809995898400375,116,40,44016,43608,4866,2347,776,3908,4184,821,0,0,83431,0,0,468,21,1,0,0,0,0,4546,11048,446,0,0,0,0,0
397,11100,398.27561462095224,99960,194,84,29,9,8551,4299,0.1285514205682273,115,41,43968,43473,4882,2345,811,4047,4335,860,0,0,83217,0,0,475,21,1,0,0,0,0,4716,11064,466,0,0,0,0,0
398,11100,399.04291571533616,99960,197,91,29,9,8575,4314,0.12894157663065225,117,37,43919,43332,4889,2342,848,4188,4489,900,0,0,83014,0,0,476,21,1,0,0,0,0,4891,11072,485,0,0,0,0,0
399,11100,400.19523868980383,99960,200,90,29,9,8609,4329,0.12943177270908363,116,36,43868,43197,4900,2344,886,4323,4645,942,0,0,82795,0,0,479,22,2,0,0,0,0,5069,11090,503,0,0,0,0,0
400,11100,401.3488572202765,99960,208,86,29,9,8648,4340,0.12993197278911564,103,44,43832,43047,4905,2342,922,4471,4804,985,0,0,82570,0,0,481,22,2,0,0,0,0,5250,11111,524,0,0,0,0,0
401,11100,402.1185051542052,99959,208,83,29,10,8671,4347,0.13023339569223383,94,51,43793,42891,4911,2338,964,4626,4966,1030,0,0,82357,0,0,484,23,2,0,0,0,0,5434,11113,546,0,0,0,0,0
402,11100,403.27426368323495,99959,218,89,29,10,8708,4366,0.13079362538640843,88,47,43741,42745,4917,2329,1006,4779,5131,1076,0,0,82133,0,0,487,23,2,0,0,0,0,5621,11123,570,0,0,0,0,0
403,11100,404.0455035882851,99958,213,85,30,10,8729,4373,0.1310750515216391,88,49,43688,42595,4930,2324,1050,4936,5299,1123,0,0,81904,0,0,489,24,2,0,0,0,0,5816,11134,589,0,0,0,0,0
404,11100,405.20403231673384,99958,208,83,30,10,8754,4385,0.13144520698693452,97,55,43643,42440,4930,2324,1091,5087,5470,1172,0,0,81667,0,0,489,26,2,0,0,0,0,6012,11150,612,0,0,0,0,0
405,11100,406.3637128257711,99958,208,84,30,10,8792,4396,0.13193541287340682,84,63,43594,42298,4944,2307,1139,5237,5643,1222,0,0,81434,0,0,496,26,2,0,0,0,0,6204,11153,643,0,0,0,0,0
406,11100,407.1375845699614,99958,198,87,30,10,8808,4410,0.13223553892634907,88,59,43543,42143,4953,2299,1187,5401,5819,1274,0,0,81202,0,0,497,27,2,0,0,0,0,6401,11156,673,0,0,0,0,0
407,11100,408.30010723581336,99958,186,97,30,10,8838,4433,0.13276576161988035,91,55,43490,41983,4968,2294,1234,5560,5998,1328,0,0,80953,0,0,508,27,2,0,0,0,0,6606,11161,701,0,0,0,0,0
408,11100,409.07595498634385,99958,170,95,30,10,8848,4441,0.1329458372516457,103,54,43438,41824,4973,2291,1285,5725,6180,1383,0,0,80718,0,0,514,27,2,0,0,0,0,6811,11153,733,0,0,0,0,0
409,11100,410.24140124575064,99958,179,87,30,10,8884,4456,0.1334560515416475,93,52,43391,41674,4969,2289,1337,5887,6364,1440,0,0,80464,0,0,517,29,2,0,0,0,0,7021,11162,763,0,0,0,0,0
410,11100,411.0191322519873,99958,175,89,30,10,8900,4467,0.13372616498929552,95,51,43345,41512,4960,2281,1394,6056,6551,1498,0,0,80228,0,0,517,31,2,0,0,0,0,7231,11152,797,0,0,0,0,0
411,11100,412.1872031941269,99958,176,89,30,10,8932,4479,0.13416634986694412,86,54,43299,41352,4963,2272,1445,6222,6740,1558,0,0,79971,0,0,522,32,2,0,0,0,0,7451,11155,825,0,0,0,0,0
412,11100,413.35661842709015,99958,183,94,30,10,8960,4496,0.13461653894635747,89,55,43240,41197,4957,2266,1500,6377,6932,1620,0,0,79714,0,0,523,32,2,0,0,0,0,7676,11157,854,0,0,0,0,0
413,11100,414.13703651517716,99958,180,94,30,10,8976,4504,0.13485663978871126,94,57,43188,41028,4950,2254,1557,6556,7126,1683,0,0,79469,0,0,523,35,2,0,0,0,0,7897,11145,887,0,0,0,0,0
414,11100,415.30936973521216,99958,182,95,30,10,9013,4525,0.13543688349106625,87,51,43136,40864,4948,2257,1616,6722,7323,1748,0,0,79197,0,0,528,37,2,0,0,0,0,8121,11150,923,0,0,0,0,0
415,11100,416.09169650891084,99958,189,92,30,10,9037,4535,0.13577702635106745,81,44,43075,40688,4946,2259,1678,6906,7522,1815,0,0,78928,0,0,524,41,2,0,0,0,0,8360,11157,946,0,0,0,0,0
416,11100,417.26716031121236,99958,187,88,30,10,9064,4548,0.1361771944216571,87,51,42995,40514,4958,2256,1742,7080,7724,1883,0,0,78640,0,0,524,45,2,0,0,0,0,8606,11175,966,0,0,0,0,0
417,11100,418.05191078374315,99958,187,89,30,10,9083,4559,0.13647732047459935,90,52,42926,40327,4958,2253,1808,7268,7928,1953,0,0,78367,0,0,524,46,2,0,0,0,0,8851,11174,994,0,0,0,0,0
418,11100,419.2311131450538,99956,196,88,31,11,9122,4572,0.13700028012325424,82,57,42874,40153,4946,2253,1870,7437,8134,2025,0,0,78081,0,0,525,48,2,0,0,0,0,9096,11179,1025,0,0,0,0,0
419,11100,420.0181017324595,99956,189,89,31,11,9142,4581,0.13729040777942295,113,78,42779,39969,4949,2237,1938,7615,8342,2099,0,0,77798,8,0,529,50,2,0,0,0,0,9350,11168,1051,0,0,0,0,0
420,11100,421.3491702929033,99955,190,81,31,12,9185,4596,0.1378720424190886,112,88,42703,39791,4961,2236,2002,7791,8553,2175,0,0,77484,64,1,533,52,2,0,0,0,0,9607,11133,1079,0,0,0,0,0
421,11100,422.23786022610767,99955,200,92,31,12,9217,4611,0.13834225401430644,117,93,42622,39603,4959,2223,2070,7976,8766,2252,0,0,77208,85,3,536,52,2,0,0,0,0,9860,11095,1114,0,0,0,0,0
422,11100,423.12812033521817,99955,196,105,31,12,9237,4634,0.13877244760142063,129,82,42547,39430,4957,2211,2139,8159,8981,2331,0,0,76925,113,5,540,52,2,0,0,0,0,10113,11052,1153,0,0,0,0,0
423,11100,424.01985437853716,99955,209,110,31,12,9271,4650,0.13927267270271623,130,87,42466,39227,4953,2209,2210,8354,9198,2412,0,0,76630,140,7,541,54,2,0,0,0,0,10379,11021,1181,0,0,0,0,0
424,11100,425.36014568609096,99955,212,115,31,12,9309,4676,0.13991296083237456,157,91,42363,39049,4956,2211,2280,8521,9417,2495,0,0,76311,189,9,540,60,2,0,0,0,0,10647,10990,1207,0,0,0,0,0
425,11100,426.2551898964468,99955,228,114,31,12,9352,4694,0.1405232354559552,147,102,42289,38849,4945,2212,2359,8710,9638,2580,0,0,76013,223,16,544,61,2,0,0,0,0,10904,10944,1248,0,0,0,0,0
426,11100,427.15174260455734,99955,214,127,31,12,9382,4720,0.14108348756940622,145,97,42203,38649,4970,2204,2436,8910,9860,2667,0,0,75683,270,21,548,62,2,0,0,0,0,11182,10914,1273,0,0,0,0,0
427,11100,428.05011409533824,99955,213,139,31,12,9413,4743,0.14162373067880546,161,97,42104,38457,4976,2192,2514,9102,10084,2756,0,0,75371,305,25,550,64,2,0,0,0,0,11455,10876,1307,0,0,0,0,0
428,11100,429.4011008060353,99955,208,142,31,12,9452,4778,0.14236406382872294,167,82,42021,38279,4979,2194,2593,9290,10310,2847,0,0,75031,374,30,549,67,2,0,0,0,0,11721,10831,1350,0,0,0,0,0
429,11100,430.3032980195917,99955,215,144,31,12,9484,4797,0.1428742934320444,176,79,41919,38078,4979,2192,2679,9494,10537,2940,0,0,74717,409,33,552,68,2,0,0,0,0,11997,10787,1390,0,0,0,0,0
430,11100,431.20749037090854,99954,226,148,32,12,9525,4812,0.14343598055105347,181,86,41826,37872,4970,2189,2764,9692,10766,3034,0,0,74399,437,41,554,70,2,0,0,0,0,12278,10751,1422,0,0,0,0,0
431,11100,432.11362257732026,99952,241,149,34,12,9570,4829,0.1440591483912278,165,86,41733,37670,4975,2187,2851,9895,10997,3130,0,0,74073,472,44,556,74,2,0,0,0,0,12565,10711,1455,0,0,0,0,0
432,11100,433.02158055240506,99952,252,150,34,12,9611,4850,0.14467944613414438,161,87,41641,37485,4971,2180,2940,10085,11229,3228,0,0,73748,518,46,556,76,2,0,0,0,0,12842,10660,1504,0,0,0,0,0
433,11100,434.38684299457185,99951,253,142,35,12,9660,4877,0.145441266220448,188,84,41530,37307,4973,2189,3020,10265,11462,3328,0,0,73392,574,58,567,78,2,0,0,0,0,13128,10615,1537,0,0,0,0,0
434,11100,435.29882649208815,99951,258,153,35,12,9694,4903,0.14604156036457863,187,79,41447,37099,4962,2190,3110,10466,11697,3430,0,0,73060,606,64,568,82,2,0,0,0,0,13422,10576,1571,0,0,0,0,0
435,11100,436.21283463926176,99950,268,143,36,12,9730,4916,0.14653326663331664,186,88,41357,36883,4954,2198,3198,10675,11933,3534,0,0,72721,640,74,569,84,2,0,0,0,0,13716,10538,1606,0,0,0,0,0
436,11100,437.1286767708532,99950,274,140,36,12,9774,4929,0.14710355177588794,188,94,41254,36682,4958,2197,3289,10874,12170,3640,0,0,72369,681,82,571,87,2,0,0,0,0,14019,10504,1635,0,0,0,0,0
437,11100,438.04657880518505,99950,297,137,36,12,9830,4949,0.147863931965983,186,98,41130,36480,4962,2199,3388,11073,12408,3748,0,0,72010,723,91,573,90,2,0,0,0,0,14327,10473,1661,0,0,0,0,0
438,11100,439.4278733049556,99949,314,136,37,12,9905,4976,0.14888593182523086,187,110,41010,36278,4975,2203,3476,11260,12648,3858,0,0,71629,793,99,580,90,2,0,0,0,0,14629,10426,1701,0,0,0,0,0
439,11100,440.35078156725393,99949,307,135,37,12,9948,4998,0.14953626349438212,190,101,40896,36090,4994,2199,3575,11462,12889,3970,0,0,71260,852,106,585,92,2,0,0,0,0,14932,10378,1742,0,0,0,0,0
440,11100,441.27630911929333,99949,319,138,37,12,9996,5024,0.15027664108695435,185,102,40787,35888,4996,2197,3675,11662,13131,4084,0,0,70901,899,114,588,93,2,0,0,0,0,15236,10331,1785,0,0,0,0,0
441,11100,442.20435171326903,99949,311,150,37,12,10043,5052,0.15102702378212887,178,102,40667,35661,5026,2200,3780,11874,13373,4200,0,0,70519,958,118,592,96,2,0,0,0,0,15555,10291,1818,0,0,0,0,0
442,11100,443.1350777289627,99948,314,159,38,12,10080,5080,0.15167887301396726,182,91,40563,35460,5024,2197,3878,12080,13616,4318,0,0,70162,994,128,588,105,2,0,0,0,0,15865,10253,1851,0,0,0,0,0
443,11100,444.06825728559437,99948,327,158,38,12,10133,5100,0.15240925281146195,184,94,40436,35259,5037,2198,3977,12278,13860,4438,0,0,69795,1033,145,591,107,2,0,0,0,0,16176,10214,1885,0,0,0,0,0
444,11100,445.00405200832625,99948,334,153,38,12,10180,5120,0.15307960139272422,187,104,40315,35049,5039,2198,4086,12483,14105,4560,0,0,69426,1081,154,599,107,2,0,0,0,0,16488,10160,1931,0,0,0,0,0
445,11100,446.41250549902617,99948,339,153,38,12,10248,5149,0.15405010605514868,180,115,40198,34844,5054,2205,4190,12670,14350,4684,0,0,69027,1156,164,604,109,2,0,0,0,0,16802,10110,1974,0,0,0,0,0
446,11100,447.3537752444079,99948,330,159,38,12,10286,5182,0.15476047544723256,187,108,40083,34639,5064,2210,4297,12871,14596,4810,0,0,68653,1208,177,611,111,2,0,0,0,0,17111,10053,2022,0,0,0,0,0
447,11100,448.2976736707843,99948,324,159,38,12,10331,5205,0.15544082923120023,197,101,39949,34432,5080,2213,4411,13082,14843,4937,0,0,68277,1254,196,617,114,2,0,0,0,0,17422,10003,2063,0,0,0,0,0
448,11100,449.24467434305495,99947,338,168,38,13,10383,5235,0.15626281929422595,185,97,39825,34238,5090,2209,4523,13274,15090,5066,0,0,67900,1294,205,623,117,2,0,0,0,0,17749,9957,2100,0,0,0,0,0
449,11100,450.19457023327374,99947,340,168,38,13,10424,5259,0.15691316397690777,193,93,39696,34030,5099,2211,4633,13484,15337,5197,0,0,67522,1335,218,627,121,2,0,0,0,0,18072,9912,2138,0,0,0,0,0
450,11100,451.1474548833552,99947,346,170,38,13,10466,5282,0.1575635086595896,210,95,39554,33838,5105,2207,4746,13676,15585,5330,0,0,67145,1375,227,631,124,2,0,0,0,0,18399,9864,2180,0,0,0,0,0
451,11100,452.10345861754774,99946,338,159,39,13,10514,5307,0.15829547955896184,225,96,39411,33644,5126,2220,4860,13867,15833,5465,0,0,66740,1434,246,638,129,2,0,0,0,0,18724,9819,2214,0,0,0,0,0
452,11100,453.06292501340454,99946,350,158,39,13,10568,5331,0.15907590098653274,220,93,39274,33456,5140,2223,4976,14056,16081,5602,0,0,66369,1476,263,638,135,2,0,0,0,0,19034,9763,2266,0,0,0,0,0
453,11100,454.0257147913525,99946,357,154,39,13,10615,5360,0.15983631160826847,227,87,39147,33259,5138,2232,5091,14254,16330,5741,0,0,65986,1532,272,640,141,2,0,0,0,0,19352,9700,2321,0,0,0,0,0
454,11100,455.47543165617,99946,358,161,39,13,10687,5395,0.16090688972044903,226,95,39019,33096,5143,2231,5214,14403,16579,5881,0,0,65576,1597,290,649,146,3,0,0,0,0,19679,9647,2359,0,0,0,0,0
455,11100,456.44450857886727,99945,362,156,40,13,10748,5415,0.161718945419981,223,95,38888,32909,5151,2227,5335,14599,16828,6023,0,0,65184,1647,308,658,149,3,0,0,0,0,20002,9588,2406,0,0,0,0,0
456,11100,457.416775715545,99945,352,157,40,13,10796,5442,0.16246935814698085,221,89,38748,32708,5181,2229,5457,14803,17077,6167,0,0,64773,1705,318,665,156,3,0,0,0,0,20343,9541,2441,0,0,0,0,0
457,11100,458.39254877279814,99945,355,163,40,13,10846,5469,0.16323978188003402,224,84,38609,32524,5195,2225,5576,14990,17326,6313,0,0,64371,1746,337,669,159,3,0,0,0,0,20685,9502,2473,0,0,0,0,0
458,11100,459.37183805732667,99945,349,161,40,13,10898,5496,0.16403021661914052,218,91,38478,32323,5215,2228,5699,15183,17575,6460,0,0,63978,1797,363,671,165,3,0,0,0,0,21000,9445,2523,0,0,0,0,0
459,11100,460.35462150434927,99945,373,160,40,13,10963,5511,0.1648306568612737,207,107,38340,32138,5214,2229,5825,15352,17823,6609,0,0,63587,1835,377,669,172,3,0,0,0,0,21339,9403,2560,0,0,0,0,0
460,11100,461.3406512661342,99945,368,168,40,13,11018,5543,0.16570113562459352,207,99,38203,31954,5229,2224,5952,15541,18071,6760,0,0,63196,1890,396,674,177,3,0,0,0,0,21656,9335,2618,0,0,0,0,0
461,11100,462.3303198510587,99945,357,161,40,13,11064,5565,0.16638150983040673,214,99,38063,31756,5254,2230,6071,15740,18319,6912,0,0,62792,1940,417,680,184,3,0,0,0,0,21987,9283,2659,0,0,0,0,0
462,11100,463.32356382227846,99945,351,179,40,13,11112,5603,0.16724198309069988,214,93,37925,31541,5274,2231,6195,15942,18567,7066,0,0,62387,1987,438,681,188,3,0,0,0,0,22323,9238,2700,0,0,0,0,0
463,11100,464.3204808947272,99945,349,177,40,13,11167,5624,0.1680024013207264,204,99,37792,31343,5293,2227,6321,16140,18814,7222,0,0,61975,2038,459,687,190,3,0,0,0,0,22663,9190,2740,0,0,0,0,0
464,11100,465.32103004947163,99943,344,189,42,13,11220,5657,0.16886625376464584,210,93,37627,31158,5313,2222,6463,16324,19061,7379,0,0,61590,2076,486,694,191,6,0,0,0,0,22981,9126,2793,0,0,0,0,0
465,11100,466.32564508971393,99943,349,182,42,13,11273,5676,0.16958666439870726,203,101,37497,30968,5312,2230,6596,16505,19307,7538,0,0,61187,2124,503,697,195,6,0,0,0,0,23317,9073,2841,0,0,0,0,0
466,11100,467.33415054655137,99943,377,171,42,13,11346,5695,0.17050718909778573,183,124,37355,30776,5314,2233,6728,16682,19553,7698,0,0,60785,2163,528,702,199,6,0,0,0,0,23654,9024,2882,0,0,0,0,0
467,11100,468.3461533784557,99943,364,175,42,13,11388,5722,0.17119758262209459,195,122,37225,30591,5321,2234,6852,16864,19798,7860,0,0,60385,2210,547,705,207,6,0,0,0,0,23987,8967,2929,0,0,0,0,0
468,11100,469.36182062535215,99943,362,170,42,13,11440,5746,0.17195801606915942,202,125,37058,30390,5344,2248,6991,17053,20043,8023,0,0,59975,2252,570,720,209,6,0,0,0,0,24331,8912,2968,0,0,0,0,0
469,11100,470.38175762197136,99943,363,177,42,13,11491,5780,0.17280850084548194,216,121,36898,30208,5367,2250,7113,17230,20287,8188,0,0,59559,2293,596,728,211,6,0,0,0,0,24680,8870,3000,0,0,0,0,0
470,11100,471.40604248112356,99943,342,185,42,13,11539,5815,0.17363897421530272,224,111,36754,30039,5396,2257,7241,17394,20531,8354,0,0,59131,2359,618,731,216,6,0,0,0,0,25020,8819,3043,0,0,0,0,0
471,11100,472.43452492754716,99943,347,179,42,13,11594,5844,0.1744794532883744,228,106,36608,29879,5405,2267,7369,17555,20774,8521,0,0,58731,2405,641,729,228,7,0,0,0,0,25349,8763,3090,0,0,0,0,0
472,11100,473.4670941938661,99943,337,185,42,13,11640,5879,0.17528991525169346,229,105,36459,29695,5421,2271,7511,17730,21016,8690,0,0,58305,2457,666,731,232,7,0,0,0,0,25697,8723,3125,0,0,0,0,0
473,11100,474.50390213374277,99942,334,176,43,13,11694,5903,0.1760721218306618,231,101,36312,29529,5433,2279,7646,17901,21257,8860,0,0,57907,2507,695,732,241,7,0,0,0,0,26015,8659,3179,0,0,0,0,0
474,11100,475.02346496213016,99942,341,174,43,13,11723,5916,0.17649236557203177,227,101,36156,29344,5430,2276,7802,18091,21497,9031,0,0,57528,2515,718,732,245,7,0,0,0,0,26362,8618,3217,0,0,0,0,0
475,11100,476.0689824072586,99942,316,169,43,13,11769,5943,0.17722278921774628,244,103,36008,29182,5455,2276,7933,18256,21737,9203,0,0,57101,2580,748,736,249,7,0,0,0,0,26694,8564,3263,0,0,0,0,0
476,11100,477.11906483425116,99942,326,173,43,13,11825,5976,0.17811330571731604,236,93,35863,29018,5460,2291,8071,18411,21976,9377,0,0,56699,2605,790,739,253,7,0,0,0,0,27028,8525,3296,0,0,0,0,0
477,11100,478.17345520609416,99942,343,174,43,13,11893,5997,0.1790038222168858,221,105,35712,28854,5470,2288,8210,18565,22214,9552,0,0,56289,2645,811,744,256,7,0,0,0,0,27375,8477,3338,0,0,0,0,0
478,11100,479.2321011089208,99941,344,177,44,13,11954,6027,0.179916150528812,214,97,35568,28684,5478,2290,8351,18738,22451,9728,0,0,55890,2680,851,748,262,7,0,0,0,0,27697,8423,3383,0,0,0,0,0
479,11100,480.2950534316375,99941,358,178,44,13,12015,6057,0.18082668774577002,218,96,35412,28514,5474,2295,8493,18903,22687,9905,0,0,55502,2709,892,749,266,7,0,0,0,0,28014,8368,3434,0,0,0,0,0
480,11100,481.3626236573616,99941,371,180,44,13,12086,6084,0.1818072662871094,207,92,35266,28360,5476,2294,8635,19060,22922,10083,0,0,55105,2755,919,750,274,7,0,0,0,0,28337,8305,3489,0,0,0,0,0
481,11100,482.4346508477665,99941,382,173,44,13,12140,6106,0.18256771495182159,203,96,35133,28206,5465,2295,8772,19216,23156,10262,0,0,54717,2779,958,750,280,7,0,0,0,0,28660,8255,3535,0,0,0,0,0
482,11100,483.51075245030887,99940,376,175,45,13,12193,6128,0.1833199919951971,214,111,34979,28025,5474,2298,8911,19377,23389,10442,0,0,54310,2811,985,760,285,7,0,0,0,0,29003,8206,3573,0,0,0,0,0
483,11100,484.0497163350697,99939,373,180,46,13,12224,6150,0.18385214981138495,206,103,34839,27839,5473,2290,9062,19574,23621,10623,0,0,53941,2817,1019,762,289,9,0,0,0,0,29331,8154,3617,0,0,0,0,0
484,11100,485.1347422461241,99939,371,187,46,13,12281,6189,0.184812735768819,220,89,34679,27676,5482,2297,9201,19737,23851,10805,0,0,53539,2856,1053,774,293,9,0,0,0,0,29658,8093,3664,0,0,0,0,0
485,11100,486.22455122790467,99939,363,175,46,13,12335,6215,0.18561322406668068,218,92,34530,27512,5503,2303,9339,19904,24080,10988,0,0,53127,2896,1101,779,296,10,0,0,0,0,29981,8047,3702,0,0,0,0,0
486,11100,487.31908401683677,99939,366,172,46,13,12385,6237,0.1863336635347562,232,92,34384,27377,5493,2292,9478,20053,24308,11171,0,0,52736,2924,1136,779,303,10,0,0,0,0,30307,7999,3745,0,0,0,0,0
487,11100,488.418303464617,99938,374,159,47,13,12457,6258,0.18726610498509075,216,93,34232,27236,5504,2299,9626,20199,24535,11355,0,0,52349,2955,1183,787,312,10,0,0,0,0,30613,7935,3794,0,0,0,0,0
488,11100,489.5223657165825,99938,367,159,47,13,12517,6289,0.18817666953511178,224,83,34072,27097,5526,2305,9763,20342,24761,11540,0,0,51937,2999,1225,790,319,11,0,0,0,0,30939,7889,3829,0,0,0,0,0
489,11100,490.0756901516794,99938,352,163,47,13,12536,6305,0.18852688666973524,236,78,33916,26925,5517,2295,9931,20525,24985,11725,0,0,51572,3008,1255,789,325,11,0,0,0,0,31264,7836,3878,0,0,0,0,0
490,11100,491.1901822416394,99938,354,151,47,13,12590,6325,0.1892673457543677,225,79,33780,26774,5519,2303,10074,20679,25208,11911,0,0,51174,3038,1290,797,333,11,0,0,0,0,31594,7787,3914,0,0,0,0,0
491,11100,492.3094342975833,99938,354,149,47,13,12645,6353,0.19009786067361764,230,75,33627,26656,5521,2298,10220,20808,25430,12098,0,0,50780,3068,1333,803,337,11,0,0,0,0,31913,7736,3957,0,0,0,0,0
492,11100,493.4337036454387,99938,370,154,47,13,12714,6379,0.19104845003902418,212,73,33496,26508,5518,2293,10356,20958,25650,12285,0,0,50406,3089,1373,804,345,13,0,0,0,0,32224,7683,4001,0,0,0,0,0
493,11100,494.562603718164,99938,371,150,47,13,12760,6401,0.19172887190057836,224,83,33356,26361,5501,2295,10500,21097,25869,12473,0,0,50019,3116,1409,806,349,13,0,0,0,0,32546,7634,4046,0,0,0,0,0
494,11100,495.1281131034589,99938,371,153,47,13,12784,6412,0.19207908903520182,221,83,33195,26203,5496,2281,10669,21266,26087,12661,0,0,49661,3121,1433,799,356,15,0,0,0,0,32874,7590,4089,0,0,0,0,0
495,11100,496.26673204633795,99938,367,161,47,13,12853,6443,0.1930797094198403,208,78,33059,26088,5508,2273,10810,21386,26303,12850,0,0,49263,3163,1473,807,359,15,0,0,0,0,33187,7533,4138,0,0,0,0,0
496,11100,497.4102891256678,99937,368,144,47,14,12918,6464,0.19394218357565265,196,92,32921,25962,5524,2292,10943,21495,26518,13039,0,0,48860,3203,1519,812,365,16,0,0,0,0,33501,7486,4175,0,0,0,0,0
497,11100,498.5589235885746,99936,370,137,47,15,12970,6485,0.19467459173871277,200,93,32764,25838,5536,2293,11082,21623,26731,13228,0,0,48468,3234,1551,816,372,16,0,0,0,0,33826,7440,4213,0,0,0,0,0
498,11100,499.13443886831783,99936,365,133,47,15,12995,6494,0.19501480947806596,210,98,32608,25670,5526,2284,11243,21799,26943,13418,0,0,48113,3241,1584,812,377,17,0,0,0,0,34140,7391,4261,0,0,0,0,0
499,11100,500.29391653823626,99936,359,132,47,15,13053,6519,0.19584534101825168,214,93,32464,25543,5543,2281,11372,21935,27154,13608,0,0,47739,3262,1632,817,388,17,0,0,0,0,34442,7336,4303,0,0,0,0,0
500,11100,501.4587861916253,99936,362,146,47,15,13116,6551,0.19679594940762088,201,77,32328,25427,5553,2281,11508,22053,27363,13798,0,0,47363,3292,1668,821,393,18,0,0,0,0,34751,7279,4351,0,0,0,0,0
501,11100,502.04228815625544,99936,354,138,47,15,13145,6555,0.19712616074287545,197,94,32183,25263,5540,2273,11678,22216,27571,13988,0,0,46992,3304,1699,823,397,18,0,0,0,0,35079,7238,4386,0,0,0,0,0
502,11100,503.2174746284658,99936,355,140,47,15,13205,6583,0.1980067243035543,181,96,32050,25159,5545,2279,11821,22310,27777,14178,0,0,46618,3328,1739,830,406,18,0,0,0,0,35387,7182,4428,0,0,0,0,0
503,11100,504.39772195348746,99936,369,140,47,15,13278,6610,0.1990073647134166,171,84,31919,25071,5550,2280,11943,22409,27982,14369,0,0,46247,3359,1784,829,414,18,0,0,0,0,35681,7125,4479,0,0,0,0,0
504,11100,505.58277365855855,99936,375,136,47,15,13337,6629,0.19978786423310918,169,87,31804,24993,5534,2269,12070,22499,28185,14560,0,0,45902,3374,1828,831,426,19,0,0,0,0,35965,7060,4531,0,0,0,0,0
505,11100,506.1762280983866,99936,361,136,47,15,13360,6640,0.20012808197246237,163,90,31676,24841,5527,2257,12225,22660,28387,14751,0,0,45558,3381,1861,827,438,19,0,0,0,0,36269,7008,4575,0,0,0,0,0
506,11100,507.37081616218245,99936,339,139,47,15,13396,6673,0.20081852385526738,176,96,31562,24725,5523,2267,12352,22757,28587,14942,0,0,45182,3415,1898,830,449,19,0,0,0,0,36571,6956,4616,0,0,0,0,0
507,11100,508.56962936972764,99936,327,137,47,15,13447,6697,0.2015690041626641,179,96,31440,24629,5534,2272,12472,22850,28786,15133,0,0,44800,3454,1941,832,454,19,0,0,0,0,36871,6907,4658,0,0,0,0,0
508,11100,509.17013445643147,99936,318,139,47,15,13474,6717,0.2020393051552994,176,91,31302,24496,5524,2269,12632,22989,28983,15323,0,0,44457,3459,1980,834,459,19,0,0,0,0,37167,6856,4705,0,0,0,0,0
509,11100,510.3792455849426,99936,315,130,47,15,13526,6737,0.20275976625040026,165,91,31171,24402,5537,2277,12764,23084,29179,15513,0,0,44090,3485,2025,835,470,19,0,0,0,0,37462,6810,4740,0,0,0,0,0
510,11100,511.59348843014425,99936,299,128,47,15,13573,6764,0.20350024015369836,176,94,31046,24321,5535,2282,12896,23159,29373,15703,0,0,43718,3517,2073,837,477,20,0,0,0,0,37752,6765,4777,0,0,0,0,0
511,11100,512.2017241765757,99934,309,125,48,16,13603,6773,0.20389457041647488,176,98,30907,24181,5510,2273,13049,23306,29566,15893,0,0,43397,3504,2111,829,490,20,0,0,0,0,38047,6722,4814,0,0,0,0,0
512,11100,513.4265880841374,99934,304,136,48,16,13664,6802,0.2047951648087738,150,91,30787,24098,5527,2263,13183,23395,29757,16083,0,0,43050,3521,2162,835,494,21,0,0,0,0,38324,6663,4864,0,0,0,0,0
513,11100,514.0400465493897,99934,298,142,48,16,13688,6816,0.20517541577441112,155,93,30651,23960,5511,2254,13336,23534,29947,16272,0,0,42722,3521,2189,838,499,22,0,0,0,0,38623,6610,4910,0,0,0,0,0
514,11100,515.2754405837316,99932,309,146,50,16,13746,6845,0.20605011407757276,147,100,30526,23873,5496,2250,13471,23614,30135,16461,0,0,42382,3540,2229,830,515,22,0,0,0,0,38900,6560,4954,0,0,0,0,0
515,11100,516.5156001540321,99932,299,150,50,16,13779,6876,0.20669054957371014,161,85,30418,23814,5486,2247,13585,23687,30321,16650,0,0,42048,3548,2284,826,522,23,0,0,0,0,39170,6514,4997,0,0,0,0,0
516,11100,517.1366298921026,99931,313,150,50,17,13812,6889,0.20715293552551262,155,80,30259,23689,5475,2243,13747,23820,30506,16838,0,0,41720,3550,2308,828,523,24,0,0,0,0,39471,6465,5042,0,0,0,0,0
517,11100,518.3873620931121,99931,301,148,50,17,13858,6922,0.2079434810018913,156,76,30143,23612,5484,2254,13865,23892,30689,17026,0,0,41348,3589,2349,827,534,24,0,0,0,0,39761,6427,5072,0,0,0,0,0
518,11100,519.0139141160042,99930,278,141,51,17,13873,6934,0.20821575102571802,168,75,29989,23485,5484,2255,14029,24026,30871,17214,0,0,41007,3604,2381,829,539,25,0,0,0,0,40054,6381,5110,0,0,0,0,0
519,11100,520.2762472505443,99930,278,133,51,17,13919,6958,0.20891624136895828,163,78,29889,23407,5471,2264,14147,24100,31051,17401,0,0,40662,3628,2425,831,546,25,0,0,0,0,40331,6332,5150,0,0,0,0,0
520,11100,521.5436672772657,99930,273,141,51,17,13967,6986,0.20967677374161914,157,69,29768,23334,5475,2258,14275,24180,31230,17588,0,0,40333,3637,2480,830,552,26,0,0,0,0,40594,6287,5191,0,0,0,0,0
521,11100,522.1783264547092,99930,272,136,51,17,13989,6995,0.20998699089362555,153,66,29641,23215,5453,2257,14429,24308,31407,17774,0,0,40023,3631,2518,831,556,26,0,0,0,0,40872,6239,5234,0,0,0,0,0
522,11100,523.4564483535975,99928,276,135,52,18,14040,7013,0.21068169081738852,150,66,29534,23154,5437,2258,14550,24368,31583,17960,0,0,39692,3646,2552,834,563,26,0,0,0,0,41147,6189,5279,0,0,0,0,0
523,11100,524.0965269145552,99928,270,130,52,18,14058,7018,0.21091185653670644,157,71,29405,23057,5420,2252,14695,24471,31757,18145,0,0,39378,3636,2590,834,568,26,0,0,0,0,41432,6154,5310,0,0,0,0,0
524,11100,525.3848868765496,99928,261,124,52,18,14100,7037,0.21152229605315828,168,77,29309,22996,5404,2248,14805,24536,31930,18329,0,0,39063,3640,2646,840,575,27,0,0,0,0,41685,6103,5349,0,0,0,0,0
525,11100,526.0299158561949,99927,251,136,53,18,14120,7056,0.21191469772934243,174,71,29178,22891,5392,2240,14951,24643,32101,18513,0,0,38755,3640,2675,836,583,28,0,0,0,0,41961,6060,5389,0,0,0,0,0
526,11100,527.3282646507137,99927,267,127,53,18,14176,7073,0.2126452310186436,165,68,29066,22864,5383,2235,15065,24687,32271,18696,0,0,38445,3639,2729,837,590,28,0,0,0,0,42214,6016,5429,0,0,0,0,0
527,11100,528.6315376972063,99927,268,119,53,18,14228,7092,0.21335574969727902,147,68,28970,22827,5383,2236,15178,24731,32439,18878,0,0,38125,3653,2779,836,602,28,0,0,0,0,42467,5973,5464,0,0,0,0,0
528,11100,529.2840024123943,99927,265,118,53,18,14250,7108,0.21373602729992894,141,54,28855,22744,5374,2232,15311,24833,32606,19060,0,0,37834,3645,2819,833,613,28,0,0,0,0,42724,5926,5505,0,0,0,0,0
529,11100,530.5975638773874,99927,256,114,53,18,14298,7128,0.21441652406256567,134,53,28757,22699,5379,2241,15420,24874,32771,19241,0,0,37526,3664,2868,830,626,28,0,0,0,0,42961,5872,5552,0,0,0,0,0
530,11100,531.2552583077016,99926,262,117,54,18,14326,7138,0.2147989512239057,124,52,28629,22607,5367,2228,15563,24977,32935,19421,0,0,37241,3662,2889,828,635,28,0,0,0,0,43226,5815,5602,0,0,0,0,0
531,11100,532.5792403038065,99926,249,114,54,18,14360,7158,0.2153393511198287,133,53,28558,22561,5347,2226,15658,25027,33097,19600,0,0,36940,3666,2945,824,646,29,0,0,0,0,43467,5774,5635,0,0,0,0,0
532,11100,533.2419317137413,99926,254,110,54,18,14385,7167,0.21567960290615054,128,64,28437,22466,5335,2219,15791,25122,33258,19779,0,0,36647,3661,2976,821,654,29,0,0,0,0,43732,5735,5671,0,0,0,0,0
533,11100,534.5750917784253,99926,262,106,54,18,14429,7192,0.21637011388427435,117,54,28349,22439,5311,2223,15906,25159,33417,19957,0,0,36335,3672,3023,817,662,29,0,0,0,0,43984,5702,5702,0,0,0,0,0
534,11100,535.2425072462777,99926,261,111,54,18,14452,7204,0.2167203730760763,109,49,28226,22352,5301,2212,16048,25257,33575,20134,0,0,36049,3657,3065,812,668,30,0,0,0,0,44242,5673,5730,0,0,0,0,0
535,11100,536.5857206798706,99926,251,107,54,18,14485,7220,0.217210735944599,110,55,28140,22311,5301,2213,16143,25295,33731,20310,0,0,35753,3664,3112,807,679,31,0,0,0,0,44482,5636,5762,0,0,0,0,0
536,11100,537.2581543544169,99926,229,106,54,18,14494,7226,0.21736084702679984,118,62,28027,22232,5297,2201,16274,25380,33886,20485,0,0,35464,3654,3153,807,684,31,0,0,0,0,44738,5606,5789,0,0,0,0,0
537,11100,538.6114248974476,99926,227,115,54,18,14536,7255,0.21807137281588376,113,48,27976,22177,5279,2205,16350,25436,34039,20659,0,0,35179,3649,3210,810,691,31,0,0,0,0,44969,5566,5821,0,0,0,0,0
538,11100,539.2886045407198,99926,242,113,54,18,14567,7263,0.2184616616296059,102,53,27865,22106,5259,2195,16477,25514,34191,20832,0,0,34906,3634,3239,809,700,31,0,0,0,0,45224,5530,5853,0,0,0,0,0
539,11100,540.6499445182529,99926,230,105,54,18,14604,7283,0.21903208374196906,101,50,27784,22059,5263,2208,16567,25559,34341,21004,0,0,34612,3649,3288,806,713,31,0,0,0,0,45452,5489,5886,0,0,0,0,0
540,11100,541.3311606596069,99926,231,103,54,18,14622,7288,0.21926225406801034,101,53,27689,21997,5235,2196,16689,25632,34490,21175,0,0,34346,3631,3325,803,720,31,0,0,0,0,45698,5456,5916,0,0,0,0,0
541,11100,542.0152880318052,99926,217,104,54,18,14636,7300,0.21952244661049175,93,51,27581,21914,5227,2189,16827,25723,34637,21345,0,0,34070,3622,3359,805,727,31,0,0,0,0,45944,5422,5946,0,0,0,0,0
542,11100,543.391082745539,99926,201,109,54,18,14669,7322,0.2200728539118948,86,39,27512,21903,5225,2189,16921,25741,34783,21514,0,0,33777,3636,3393,805,741,31,0,0,0,0,46186,5385,5972,0,0,0,0,0
543,11100,544.0796633833851,99926,201,108,54,18,14683,7330,0.22029301683245603,86,36,27403,21821,5207,2185,17048,25831,34928,21682,0,0,33522,3622,3425,800,750,31,0,0,0,0,46422,5346,6008,0,0,0,0,0
544,11100,545.4648961837745,99926,189,94,54,18,14711,7341,0.22068330564617816,85,41,27355,21817,5191,2188,17125,25841,35071,21849,0,0,33250,3627,3469,798,764,31,0,0,0,0,46642,5304,6041,0,0,0,0,0
545,11100,546.1578331253996,99926,188,95,54,18,14728,7350,0.2209434981886596,83,39,27260,21744,5168,2176,17246,25927,35213,22015,0,0,33011,3598,3516,798,771,31,0,0,0,0,46862,5264,6075,0,0,0,0,0
546,11100,547.5509937510253,99925,169,87,54,19,14755,7364,0.22135601701275956,80,40,27219,21741,5153,2173,17324,25939,35353,22180,0,0,32744,3594,3571,801,778,33,0,0,0,0,47074,5227,6103,0,0,0,0,0
547,11100,548.2476314863069,99924,162,84,55,19,14770,7370,0.2215683919779032,77,37,27134,21681,5130,2162,17441,26016,35492,22344,0,0,32495,3577,3610,793,791,33,0,0,0,0,47297,5197,6131,0,0,0,0,0
548,11100,549.6479959279469,99923,157,80,56,19,14797,7382,0.22196090990062348,80,36,27090,21674,5103,2158,17513,26032,35630,22507,0,0,32244,3567,3656,792,799,33,0,0,0,0,47507,5158,6167,0,0,0,0,0
549,11100,550.3480280331429,99923,152,76,56,19,14815,7390,0.22222111025489627,73,36,26997,21623,5095,2152,17626,26093,35766,22669,0,0,31995,3556,3696,785,811,33,0,0,0,0,47726,5127,6194,0,0,0,0,0
550,11100,551.0505168450474,99923,146,71,56,19,14826,7398,0.2224112566676341,71,36,26914,21548,5072,2155,17740,26170,35901,22830,0,0,31746,3549,3726,783,818,33,0,0,0,0,47950,5089,6229,0,0,0,0,0
551,11100,552.4627992731021,99923,141,72,56,19,14857,7413,0.22287161114057824,59,32,26894,21546,5057,2141,17792,26189,36035,22990,0,0,31492,3548,3766,783,826,33,0,0,0,0,48163,5049,6263,0,0,0,0,0
552,11100,553.1685380582571,99923,138,76,56,19,14871,7419,0.22307176525924963,55,31,26795,21480,5044,2127,17911,26266,36167,23149,0,0,31250,3528,3798,780,834,33,0,0,0,0,48391,5023,6286,0,0,0,0,0
553,11100,554.5870380662369,99923,130,73,56,19,14891,7431,0.22339201184912383,57,31,26737,21479,5030,2122,17989,26275,36298,23307,0,0,31009,3520,3840,778,844,33,0,0,0,0,48597,4985,6317,0,0,0,0,0
554,11100,555.2966910463219,99923,124,72,56,19,14900,7435,0.2235221120262602,57,30,26684,21429,4988,2103,18090,26346,36428,23463,0,0,30789,3495,3882,772,851,34,0,0,0,0,48800,4950,6350,0,0,0,0,0
555,11100,556.008873138884,99923,129,73,56,19,14915,7440,0.2237222661449316,49,29,26604,21377,4970,2092,18191,26409,36556,23618,0,0,30552,3488,3898,769,857,34,0,0,0,0,49026,4914,6385,0,0,0,0,0
556,11100,557.4383427797746,99923,118,63,56,19,14933,7452,0.22402249732293866,62,28,26554,21381,4947,2097,18262,26411,36683,23772,0,0,30319,3487,3942,764,869,34,0,0,0,0,49215,4872,6421,0,0,0,0,0
557,11100,558.1531129677666,99923,116,67,56,19,14946,7458,0.22421264373567648,56,25,26492,21326,4921,2086,18358,26476,36809,23925,0,0,30097,3476,3966,760,877,34,0,0,0,0,49424,4830,6459,0,0,0,0,0
558,11100,559.5892552527096,99923,108,58,56,19,14968,7461,0.22446283638401568,48,30,26486,21362,4894,2075,18407,26455,36934,24077,0,0,29861,3470,4003,757,890,34,0,0,0,0,49628,4798,6482,0,0,0,0,0
559,11100,560.3067682174942,99923,105,63,56,19,14976,7471,0.22464297509081993,44,24,26417,21323,4863,2058,18514,26512,37057,24228,0,0,29650,3454,4032,753,897,34,0,0,0,0,49826,4755,6522,0,0,0,0,0
560,11100,561.026003090412,99923,102,64,56,19,14984,7474,0.22475305985608918,39,23,26346,21279,4834,2047,18622,26567,37179,24378,0,0,29428,3443,4054,749,903,34,0,0,0,0,50037,4720,6555,0,0,0,0,0
561,11100,562.470335765698,99923,86,61,56,19,14994,7481,0.22492319085695986,49,22,26333,21321,4818,2039,18657,26537,37300,24526,0,0,29205,3438,4091,744,911,35,0,0,0,0,50228,4685,6586,0,0,0,0,0
562,11100,563.1916089911035,99923,87,63,56,19,15004,7487,0.22508331415189697,49,22,26272,21293,4785,2029,18750,26573,37420,24673,0,0,28999,3418,4120,737,920,35,0,0,0,0,50424,4650,6620,0,0,0,0,0
563,11100,564.6404685456276,99922,78,53,57,19,15018,7492,0.22527571505774505,49,29,26242,21334,4759,2022,18814,26542,37538,24819,0,0,28767,3406,4152,743,925,35,0,0,0,0,50630,4622,6642,0,0,0,0,0
564,11100,565.3645069071891,99922,81,49,57,19,15027,7496,0.22540581653689878,48,26,26160,21291,4730,2011,18923,26603,37655,24964,0,0,28559,3389,4183,739,928,36,0,0,0,0,50824,4590,6674,0,0,0,0,0
565,11100,566.0906796323602,99922,80,43,57,19,15032,7501,0.22550589459778628,51,26,26095,21263,4700,2004,19016,26644,37771,25108,0,0,28351,3374,4213,737,931,36,0,0,0,0,51016,4555,6709,0,0,0,0,0
566,11100,567.5494288133265,99922,78,38,57,19,15047,7510,0.22574608194391627,45,23,26076,21279,4672,2004,19071,26636,37886,25251,0,0,28118,3376,4238,733,939,36,0,0,0,0,51222,4532,6728,0,0,0,0,0
567,11100,568.2784478259751,99921,75,35,58,19,15053,7514,0.22584842025199908,47,21,26010,21244,4646,1994,19163,26686,38000,25392,0,0,27915,3363,4266,724,947,37,0,0,0,0,51409,4502,6758,0,0,0,0,0
568,11100,569.0093533926818,99921,76,38,58,19,15060,7520,0.22597852303319624,43,19,25950,21199,4623,1986,19249,26738,38112,25532,0,0,27721,3347,4290,721,950,38,0,0,0,0,51595,4464,6795,0,0,0,0,0
569,11100,570.1583384810308,99921,78,36,58,19,15067,7523,0.22607860209565556,36,18,25885,21170,4597,1973,19345,26783,38223,25671,0,0,27523,3332,4314,717,955,38,0,0,0,0,51784,4431,6827,0,0,0,0,0
570,11100,571.0118014356304,99921,81,41,58,19,15075,7529,0.22621871278309866,37,13,25850,21152,4559,1961,19414,26813,38333,25809,0,0,27331,3314,4338,714,958,38,0,0,0,0,51970,4396,6862,0,0,0,0,0
571,11100,572.475513333749,99921,82,38,58,19,15086,7532,0.22635882347054173,33,13,25829,21173,4521,1946,19476,26810,38442,25946,0,0,27147,3292,4374,708,964,40,0,0,0,0,52140,4364,6892,0,0,0,0,0
572,11100,573.0598158017923,99921,85,38,58,19,15096,7535,0.2264889262517389,30,13,25757,21152,4501,1930,19568,26847,38550,26081,0,0,26950,3271,4405,705,967,40,0,0,0,0,52327,4342,6914,0,0,0,0,0
573,11100,574.1591345026958,99920,83,39,59,19,15105,7538,0.226611289031225,31,13,25726,21156,4472,1915,19628,26857,38657,26215,0,0,26758,3253,4430,700,975,40,0,0,0,0,52509,4315,6940,0,0,0,0,0
574,11100,575.3350111870961,99920,70,38,59,19,15110,7542,0.2267013610888711,34,14,25681,21151,4458,1899,19697,26878,38763,26348,0,0,26566,3232,4472,695,982,40,0,0,0,0,52680,4294,6959,0,0,0,0,0
575,11100,576.4106921017623,99920,64,33,59,19,15127,7544,0.22689151321056847,25,17,25696,21190,4444,1894,19711,26846,38868,26480,0,0,26360,3225,4501,697,986,40,0,0,0,0,52862,4268,6981,0,0,0,0,0
576,11100,577.1510959164447,99920,65,33,59,19,15129,7545,0.22692153722978384,24,16,25610,21124,4416,1882,19825,26925,38972,26611,0,0,26181,3198,4530,695,988,40,0,0,0,0,53039,4241,7008,0,0,0,0,0
577,11100,578.0125289162717,99920,59,36,59,19,15130,7551,0.2269915932746197,23,11,25545,21106,4395,1869,19918,26958,39074,26741,0,0,26001,3177,4558,693,991,41,0,0,0,0,53212,4212,7035,0,0,0,0,0
578,11100,579.4614033336065,99920,54,30,59,19,15140,7555,0.22713170536429142,21,10,25561,21161,4366,1860,19938,26919,39175,26869,0,0,25807,3172,4586,687,999,41,0,0,0,0,53383,4188,7057,0,0,0,0,0
579,11100,580.0247835899229,99920,52,29,59,19,15144,7558,0.2272017614091273,21,8,25523,21136,4341,1850,20003,26957,39275,26996,0,0,25624,3158,4606,681,1006,42,0,0,0,0,53560,4163,7080,0,0,0,0,0
580,11100,581.5050460839528,99920,50,28,59,19,15150,7561,0.22729183346677342,22,7,25510,21171,4313,1839,20045,26935,39374,27122,0,0,25448,3143,4629,677,1012,42,0,0,0,0,53726,4133,7110,0,0,0,0,0
581,11100,582.1381506042804,99920,51,30,59,19,15155,7565,0.22738190552441953,19,9,25467,21131,4289,1838,20114,26972,39472,27247,0,0,25262,3125,4650,675,1016,42,0,0,0,0,53908,4116,7126,0,0,0,0,0
582,11100,583.0879881583397,99920,48,32,59,19,15161,7568,0.22747197758206567,16,10,25443,21118,4261,1833,20172,26987,39569,27371,0,0,25083,3109,4671,669,1023,43,0,0,0,0,54080,4096,7146,0,0,0,0,0
583,11100,584.1504753486071,99920,52,32,59,19,15169,7571,0.227582065652522,14,10,25415,21127,4234,1821,20225,26990,39665,27494,0,0,24903,3091,4696,668,1024,43,0,0,0,0,54253,4077,7165,0,0,0,0,0
584,11100,585.1310171900104,99920,43,29,59,19,15174,7574,0.227662129703763,27,12,25405,21157,4210,1812,20255,26970,39760,27615,0,0,24722,3082,4720,668,1027,44,0,0,0,0,54419,4051,7187,0,0,0,0,0
585,11100,586.0135590432315,99920,43,30,59,19,15184,7577,0.22779223378702962,28,13,25376,21167,4196,1803,20297,26967,39854,27735,0,0,24544,3077,4732,666,1032,44,0,0,0,0,54588,4022,7215,0,0,0,0,0
586,11100,587.4789940628611,99920,47,32,59,19,15194,7582,0.2279423538831065,23,10,25386,21188,4162,1797,20322,26953,39947,27854,0,0,24369,3061,4754,664,1035,45,0,0,0,0,54756,4004,7232,0,0,0,0,0
587,11100,588.3500539226244,99919,49,30,59,20,15201,7583,0.22802470000700567,21,12,25361,21213,4141,1789,20368,26935,40039,27972,0,0,24200,3047,4772,662,1039,45,0,0,0,0,54919,3978,7257,0,0,0,0,0
588,11100,589.0923085271496,99919,48,33,59,20,15206,7586,0.22810476485953624,17,10,25314,21196,4132,1780,20429,26960,40130,28089,0,0,24035,3031,4789,662,1043,45,0,0,0,0,55082,3951,7281,0,0,0,0,0
589,11100,590.49243249984,99919,45,22,59,20,15211,7590,0.2281948378186331,22,9,25334,21283,4101,1774,20438,26891,40220,28205,0,0,23870,3021,4818,657,1051,45,0,0,0,0,55227,3925,7305,0,0,0,0,0
590,11100,591.2649575626548,99919,43,20,59,20,15216,7591,0.228254886458031,18,10,25322,21299,4081,1758,20476,26892,40310,28320,0,0,23709,3008,4838,653,1057,45,0,0,0,0,55380,3898,7331,0,0,0,0,0
591,11100,592.0168803822415,99919,41,21,59,20,15216,7592,0.22826489456459734,17,9,25233,21229,4067,1744,20582,26976,40399,28433,0,0,23558,2988,4858,652,1059,45,0,0,0,0,55530,3868,7361,0,0,0,0,0
592,11100,593.0844548762191,99919,39,17,59,20,15221,7593,0.22832494320399524,18,9,25218,21262,4046,1736,20619,26955,40487,28545,0,0,23401,2971,4885,649,1063,45,0,0,0,0,55676,3845,7384,0,0,0,0,0
593,11100,594.1039692167523,99919,38,20,59,20,15226,7597,0.2284150161630921,14,6,25235,21291,4007,1729,20646,26933,40574,28656,0,0,23257,2941,4920,643,1070,45,0,0,0,0,55814,3827,7402,0,0,0,0,0
594,11100,595.253146518077,99919,35,18,59,20,15228,7598,0.22844504048279107,15,8,25218,21311,3975,1720,20697,26922,40660,28766,0,0,23111,2921,4946,639,1076,45,0,0,0,0,55954,3801,7426,0,0,0,0,0
595,11100,596.0583077211694,99919,30,16,59,20,15230,7599,0.22847506480249002,15,10,25201,21308,3949,1714,20745,26931,40745,28875,0,0,22958,2903,4972,637,1079,45,0,0,0,0,56098,3780,7447,0,0,0,0,0
596,11100,597.0731622904744,99919,32,16,59,20,15235,7601,0.22854512154845424,11,11,25174,21323,3928,1704,20795,26925,40829,28983,0,0,22793,2893,4987,637,1079,45,0,0,0,0,56258,3763,7464,0,0,0,0,0
597,11100,598.049429175664,99919,31,15,59,20,15238,7602,0.2285851539747195,14,12,25178,21343,3902,1691,20815,26918,40912,29090,0,0,22651,2883,5002,633,1084,45,0,0,0,0,56395,3729,7497,0,0,0,0,0
598,11100,599.1360567249034,99919,31,14,59,20,15240,7606,0.22864520261411744,13,8,25162,21347,3878,1689,20856,26921,40994,29196,0,0,22499,2867,5023,631,1088,45,0,0,0,0,56542,3711,7513,0,0,0,0,0
599,11100,600.0351391680447,99919,31,14,59,20,15243,7608,0.22869524314694903,13,6,25147,21372,3852,1678,20897,26909,41075,29301,0,0,22345,2858,5037,626,1093,45,0,0,0,0,56691,3693,7531,0,0,0,0,0
600,11100,601.1740073435824,99919,33,12,59,20,15247,7609,0.22874528367978061,13,5,25148,21406,3822,1664,20924,26892,41156,29405,0,0,22209,2831,5067,623,1098,45,0,0,0,0,56824,3674,7548,0,0,0,0,0
601,11100,602.237861597,99919,32,10,59,20,15249,7610,0.22877530799947957,13,5,25129,21417,3804,1651,20962,26896,41236,29508,0,0,22073,2810,5091,620,1103,45,0,0,0,0,56956,3651,7570,0,0,0,0,0
602,11100,603.5128846025049,99919,25,10,59,20,15250,7611,0.22879532421261223,14,7,25173,21484,3781,1638,20947,26840,41315,29610,0,0,21919,2797,5113,619,1104,45,0,0,0,0,57101,3638,7583,0,0,0,0,0
603,11100,604.1761423351054,99919,23,10,59,20,15250,7612,0.22880533231917854,15,6,25159,21508,3753,1621,20990,26834,41393,29711,0,0,21783,2778,5134,615,1109,45,0,0,0,0,57235,3618,7602,0,0,0,0,0
604,11100,605.2355869762881,99919,22,10,59,20,15253,7612,0.2288353566388775,14,8,25194,21556,3730,1615,20980,26790,41470,29811,0,0,21645,2767,5149,611,1113,45,0,0,0,0,57369,3594,7626,0,0,0,0,0
605,11100,606.0702950947474,99919,22,10,59,20,15253,7613,0.2288453647454438,14,7,25121,21494,3710,1608,21073,26860,41547,29910,0,0,21517,2745,5172,607,1117,45,0,0,0,0,57496,3572,7648,0,0,0,0,0
606,11100,607.0751885036963,99919,25,10,59,20,15258,7616,0.22892542959797435,13,6,25159,21554,3680,1599,21063,26810,41623,30007,0,0,21381,2730,5192,605,1119,45,0,0,0,0,57627,3552,7668,0,0,0,0,0
607,11100,608.0641924533103,99919,24,9,59,20,15261,7616,0.2289554539176733,12,6,25137,21543,3667,1593,21100,26828,41698,30103,0,0,21240,2724,5201,602,1124,45,0,0,0,0,57765,3531,7687,0,0,0,0,0
608,11100,609.1165612366608,99919,22,9,59,20,15265,7617,0.22900549445050492,12,5,25147,21574,3644,1584,21115,26807,41772,30198,0,0,21102,2712,5219,600,1127,45,0,0,0,0,57897,3514,7703,0,0,0,0,0
609,11100,610.065917159074,99919,25,8,59,20,15270,7617,0.2290555349833365,7,7,25141,21614,3626,1572,21141,26778,41845,30292,0,0,20960,2702,5229,599,1130,45,0,0,0,0,58038,3500,7716,0,0,0,0,0
610,11100,611.0882507812461,99919,19,9,59,20,15270,7618,0.22906554308990282,9,10,25119,21616,3612,1562,21181,26782,41918,30386,0,0,20828,2685,5243,601,1132,46,0,0,0,0,58169,3481,7734,0,0,0,0,0
611,11100,612.5597861955089,99919,19,11,59,20,15276,7623,0.22917563226213233,7,6,25147,21687,3584,1549,21183,26726,41990,30479,0,0,20694,2673,5263,595,1139,46,0,0,0,0,58295,3468,7746,0,0,0,0,0
612,11100,613.1072127612712,99919,20,11,59,20,15277,7624,0.22919564847526497,9,6,25128,21679,3558,1542,21225,26741,42061,30571,0,0,20570,2656,5281,593,1141,46,0,0,0,0,58418,3448,7766,0,0,0,0,0
613,11100,614.5420697388914,99919,22,10,59,20,15280,7626,0.22924568900809655,8,5,25200,21763,3521,1527,21189,26674,42131,30662,0,0,20446,2637,5304,591,1142,47,0,0,0,0,58538,3433,7781,0,0,0,0,0
614,11100,615.5296826701107,99919,19,10,59,20,15282,7626,0.2292657052212292,8,6,25190,21772,3502,1511,21221,26680,42201,30752,0,0,20318,2624,5322,590,1143,47,0,0,0,0,58661,3415,7799,0,0,0,0,0
615,11100,616.2849209437258,99919,18,10,59,20,15283,7628,0.22929572954092814,9,4,25170,21763,3475,1505,21268,26697,42270,30841,0,0,20197,2613,5334,587,1147,48,0,0,0,0,58780,3393,7820,0,0,0,0,0
616,11100,617.2912204576645,99919,13,9,59,20,15283,7629,0.22930573764749448,11,4,25182,21800,3449,1495,21285,26671,42338,30929,0,0,20080,2601,5352,586,1148,49,0,0,0,0,58891,3368,7844,0,0,0,0,0
617,11100,618.1702820306539,99919,14,10,59,20,15285,7631,0.22934577007375975,9,3,25185,21830,3430,1482,21302,26654,42406,31016,0,0,19959,2587,5368,581,1153,49,0,0,0,0,59010,3353,7859,0,0,0,0,0
618,11100,619.0632890291876,99919,13,10,59,20,15287,7632,0.2293757943934587,8,2,25173,21836,3412,1476,21334,26655,42473,31102,0,0,19839,2571,5388,576,1158,49,0,0,0,0,59126,3341,7871,0,0,0,0,0
619,11100,620.135349643499,99919,15,9,59,20,15291,7632,0.22941582681972397,5,3,25194,21890,3393,1466,21333,26611,42539,31187,0,0,19709,2559,5403,576,1158,49,0,0,0,0,59253,3332,7880,0,0,0,0,0
620,11100,621.1431461710938,99919,14,11,59,20,15295,7634,0.22947587545912188,2,2,25214,21909,3369,1459,21341,26598,42605,31271,0,0,19593,2552,5413,572,1163,49,0,0,0,0,59365,3309,7903,0,0,0,0,0
621,11100,622.13927355727,99919,13,9,59,20,15297,7635,0.22950589977882085,1,1,25222,21943,3353,1450,21351,26576,42670,31354,0,0,19486,2535,5434,572,1164,49,0,0,0,0,59467,3285,7927,0,0,0,0,0
622,11100,623.3120167042216,99919,12,10,59,20,15298,7636,0.2295259159919535,0,2,25287,22007,3325,1439,21316,26521,42734,31436,0,0,19368,2523,5448,568,1168,49,0,0,0,0,59583,3273,7939,0,0,0,0,0
623,11100,624.4657714689376,99919,10,10,59,20,15298,7637,0.2295359240985198,0,2,25310,22047,3306,1431,21314,26489,42798,31517,0,0,19257,2508,5463,567,1171,49,0,0,0,0,59693,3255,7956,0,0,0,0,0
624,11100,625.4565591626551,99919,9,9,59,20,15298,7637,0.2295359240985198,0,2,25345,22093,3283,1424,21303,26451,42861,31598,0,0,19137,2500,5473,565,1173,49,0,0,0,0,59811,3241,7970,0,0,0,0,0
625,11100,626.6818155746697,99919,7,9,59,20,15298,7638,0.22954593220508612,2,1,25366,22173,3260,1416,21305,26380,42923,31678,0,0,19026,2489,5484,564,1176,49,0,0,0,0,59921,3222,7988,0,0,0,0,0
626,11100,627.2706047713832,99919,6,9,59,20,15298,7638,0.22954593220508612,2,1,25321,22136,3244,1411,21367,26422,42985,31757,0,0,18915,2480,5494,562,1178,49,0,0,0,0,60031,3203,8007,0,0,0,0,0
627,11100,628.2947445152658,99919,7,10,59,20,15299,7639,0.22956594841821876,1,1,25321,22172,3222,1398,21389,26398,43046,31835,0,0,18811,2466,5508,560,1180,49,0,0,0,0,60135,3184,8026,0,0,0,0,0
628,11100,629.4823419931012,99919,6,8,59,20,15299,7639,0.22956594841821876,3,2,25354,22221,3188,1391,21389,26357,43106,31912,0,0,18709,2446,5531,557,1183,49,0,0,0,0,60234,3172,8038,0,0,0,0,0
629,11100,630.5921411994852,99919,8,7,59,20,15302,7640,0.22960598084448403,26,27,25389,22287,3160,1383,21357,26275,43166,31988,0,0,18604,2432,5546,555,1185,49,1,0,0,1,60336,3156,8054,0,0,0,0,0
630,11100,631.2549206580762,99919,9,12,59,20,15306,7647,0.22971607001671354,23,21,25366,22270,3154,1375,21388,26301,43225,32064,0,0,18499,2420,5558,554,1186,49,1,0,0,6,60436,3139,8071,0,0,0,0,0
631,11100,632.0365923066554,99919,12,15,59,20,15311,7651,0.2298061429758104,20,17,25368,22277,3135,1371,21405,26299,43284,32139,0,0,18400,2410,5568,551,1191,49,1,0,0,7,60534,3117,8091,0,0,0,0,0
632,11100,633.0346055957934,99919,13,21,59,20,15317,7657,0.22992624025460623,19,13,25411,22318,3114,1363,21383,26264,43342,32213,0,0,18299,2400,5577,547,1197,49,3,0,0,8,60632,3098,8109,0,0,0,0,0
633,11100,634.0453443179821,99919,22,25,59,20,15327,7662,0.230076361853101,19,8,25431,22367,3093,1361,21375,26218,43399,32286,0,0,18201,2384,5593,546,1197,50,4,0,0,9,60728,3083,8124,0,0,0,0,0
634,11100,635.0624110988756,99919,25,24,59,20,15334,7665,0.2301764429187642,15,9,25462,22417,3074,1356,21364,26173,43456,32358,0,0,18102,2371,5606,543,1200,50,6,0,0,15,60819,3067,8140,0,0,0,0,0
635,11100,636.0643174273885,99919,26,23,59,20,15337,7667,0.2302264834515958,20,12,25481,22475,3050,1348,21363,26121,43512,32430,0,0,18006,2352,5624,542,1202,50,6,0,0,19,60911,3055,8152,0,0,0,0,0
636,11100,637.2163765723919,99919,29,22,59,20,15343,7668,0.23029654019756002,18,13,25481,22507,3035,1343,21377,26094,43568,32501,0,0,17912,2341,5635,537,1207,50,6,0,0,24,61000,3038,8169,0,0,0,0,0
637,11100,638.0684705747428,99919,28,22,59,20,15346,7670,0.2303465807303916,23,15,25492,22536,3025,1340,21372,26066,43623,32571,0,0,17815,2331,5645,535,1210,50,7,0,0,28,61092,3021,8185,0,0,0,0,0
638,11100,639.268370496675,99919,31,21,59,20,15355,7675,0.23048669422232007,21,12,25526,22608,3012,1339,21350,25999,43678,32640,0,0,17702,2324,5652,535,1211,50,10,0,0,36,61194,3014,8191,0,0,0,0,0
639,11100,640.0857500184591,99919,31,21,59,20,15361,7676,0.23055675096828432,18,13,25523,22618,3005,1334,21363,25993,43732,32708,0,0,17607,2313,5661,533,1216,50,11,0,0,39,61285,2999,8205,0,0,0,0,0
640,11100,641.1952475373163,99919,26,14,59,20,15366,7677,0.23061679960768222,20,14,25550,22675,2990,1335,21354,25941,43785,32776,0,0,17510,2302,5672,533,1218,50,14,0,0,52,61366,2983,8219,0,0,0,0,0
641,11100,642.2059033038647,99919,27,15,59,20,15371,7679,0.23068685635364644,19,14,25572,22731,2977,1328,21345,25891,43838,32843,0,0,17419,2288,5685,531,1221,50,15,0,0,55,61453,2969,8233,0,0,0,0,0
642,11100,643.2822372544757,99919,25,17,59,20,15376,7683,0.23077692931274332,27,11,25603,22790,2972,1324,21313,25837,43890,32909,0,0,17326,2280,5690,532,1226,50,15,0,0,58,61543,2951,8248,0,0,0,0,0
643,11100,644.3243170721654,99919,31,17,59,20,15383,7684,0.23085699416527386,26,13,25616,22823,2958,1314,21309,25812,43942,32975,0,0,17232,2269,5701,532,1226,50,16,0,0,59,61635,2937,8262,0,0,0,0,0
644,11100,645.0786187453226,99919,33,21,59,20,15386,7690,0.23094706712437074,25,10,25606,22816,2942,1311,21334,25821,43993,33040,0,0,17147,2254,5715,531,1228,50,16,0,0,61,61718,2922,8277,0,0,0,0,0
645,11100,646.2486720461018,99919,32,22,59,20,15393,7694,0.23105715629660026,24,12,25652,22890,2930,1306,21302,25749,44044,33104,0,0,17050,2242,5726,529,1232,50,20,0,0,66,61806,2914,8284,0,0,0,0,0
646,11100,647.2686712589496,99919,32,26,59,20,15396,7698,0.23112721304256448,23,11,25657,22901,2918,1298,21310,25743,44094,33167,0,0,16954,2233,5734,529,1233,50,21,0,0,67,61900,2905,8293,0,0,0,0,0
647,11100,648.0175451410952,99919,38,24,59,20,15403,7700,0.23121728600166133,29,11,25666,22949,2905,1291,21302,25704,44144,33230,0,0,16858,2224,5743,529,1233,50,22,0,0,71,61991,2896,8302,0,0,0,0,0
648,11100,649.2838076722063,99919,39,19,59,20,15409,7701,0.23128734274762558,26,14,25717,23007,2891,1291,21267,25648,44193,33292,0,0,16768,2215,5749,528,1238,50,22,0,0,78,62074,2885,8312,0,0,0,0,0
649,11100,650.1623454680099,99919,40,23,59,20,15412,7705,0.2313573994935898,27,14,25706,23022,2881,1283,21286,25637,44242,33353,0,0,16675,2209,5755,526,1240,50,23,0,0,79,62165,2875,8322,0,0,0,0,0
650,11100,651.0747131976127,99919,35,21,59,20,15416,7708,0.23142745623955405,38,17,25746,23072,2862,1280,21259,25589,44290,33414,0,0,16588,2203,5761,521,1247,50,24,0,0,90,62240,2863,8332,0,0,0,0,0
651,11100,652.1745590217188,99919,38,24,59,20,15424,7712,0.23154755351834985,38,20,25748,23108,2854,1274,21262,25553,44338,33474,0,0,16499,2190,5773,520,1249,50,28,0,0,91,62324,2854,8341,0,0,0,0,0
652,11100,653.065177919666,99919,41,27,59,20,15436,7718,0.2317276994365436,39,16,25798,23179,2835,1270,21227,25487,44385,33533,0,0,16413,2178,5784,517,1253,50,32,0,0,98,62399,2845,8350,0,0,0,0,0
653,11100,654.0894527014269,99919,43,26,59,20,15443,7721,0.2318277805022068,42,18,25802,23197,2825,1269,21228,25469,44432,33592,0,0,16325,2170,5792,515,1255,50,33,0,0,106,62478,2836,8359,0,0,0,0,0
654,11100,655.0351972630378,99919,55,27,59,20,15461,7724,0.23203795074009947,37,21,25854,23244,2802,1263,21192,25424,44478,33650,0,0,16242,2164,5798,513,1256,51,36,0,0,110,62554,2820,8375,0,0,0,0,0
655,11100,656.0838041821055,99919,51,31,59,20,15468,7731,0.23217806423202794,38,21,25869,23275,2799,1261,21183,25391,44524,33707,0,0,16150,2158,5804,512,1257,51,43,0,0,117,62632,2809,8386,0,0,0,0,0
656,11100,657.0731240214532,99919,50,32,59,20,15475,7739,0.23232818583052273,43,20,25910,23346,2787,1254,21150,25327,44570,33764,0,0,16069,2149,5812,510,1262,51,46,0,0,125,62702,2794,8399,0,0,0,0,0
657,11100,658.3585082782078,99919,52,29,59,20,15487,7743,0.23248831553558383,60,20,25957,23395,2771,1255,21100,25280,44615,33820,0,0,15999,2133,5824,510,1266,51,48,0,0,135,62760,2776,8417,0,0,0,0,0
658,11100,659.0915469626221,99919,52,27,59,20,15492,7744,0.23254836417498173,66,24,25950,23414,2768,1256,21104,25258,44660,33876,0,0,15915,2126,5831,508,1268,52,48,0,0,141,62838,2768,8424,0,0,0,0,0
659,11100,660.1908949723313,99919,52,29,59,20,15502,7748,0.2326884776669102,67,26,25983,23461,2760,1247,21078,25216,44704,33931,0,0,15830,2120,5836,506,1272,52,51,0,0,148,62913,2759,8432,0,0,0,0,0
660,11100,661.2889479710625,99919,53,30,59,20,15513,7755,0.23286862358510393,72,25,26013,23526,2755,1250,21047,25148,44748,33985,0,0,15751,2114,5841,504,1276,54,52,0,0,157,62982,2747,8441,0,0,0,0,0
661,11100,662.0202673162131,99919,64,31,59,20,15528,7760,0.2330687857164303,64,24,26011,23546,2747,1251,21054,25127,44791,34039,0,0,15681,2101,5853,502,1278,55,53,0,0,162,63046,2734,8454,0,0,0,0,0
662,11100,663.1170376088653,99919,67,38,59,20,15537,7768,0.23323892352805772,68,18,26020,23565,2738,1243,21047,25115,44834,34092,0,0,15601,2096,5858,500,1280,55,57,0,0,165,63119,2721,8467,0,0,0,0,0
663,11100,664.1080980112002,99919,78,29,59,20,15556,7773,0.2334791180856494,71,27,26047,23624,2727,1248,21017,25051,44877,34145,0,0,15522,2089,5865,496,1286,55,59,0,0,183,63178,2713,8473,0,0,0,0,0
664,11100,665.2029040225495,99919,84,33,59,20,15575,7779,0.23372932074980735,72,24,26078,23687,2723,1239,20983,24996,44919,34197,0,0,15439,2084,5869,495,1291,55,63,0,0,190,63250,2704,8479,0,0,0,0,0
665,11100,666.2964788198535,99918,90,32,60,20,15592,7783,0.23394183230248805,66,36,26108,23740,2721,1237,20954,24934,44961,34248,0,0,15354,2077,5875,494,1294,55,67,0,0,199,63321,2699,8483,0,0,0,0,0
666,11100,667.0247295176707,99918,88,38,60,20,15603,7791,0.2341319882303489,66,36,26102,23767,2723,1232,20960,24906,45002,34299,0,0,15280,2067,5885,490,1298,55,70,0,0,211,63380,2692,8490,0,0,0,0,0
667,11100,668.1170615710367,99918,89,49,60,20,15616,7807,0.2344222262255049,77,33,26119,23817,2725,1230,20929,24850,45043,34349,0,0,15202,2062,5890,490,1301,55,73,0,0,222,63444,2681,8498,0,0,0,0,0
668,11100,669.2084509189426,99918,93,57,60,20,15644,7820,0.23483256270141517,73,29,26143,23857,2736,1229,20894,24807,45084,34399,0,0,15127,2054,5897,491,1307,55,77,0,0,240,63497,2668,8505,0,0,0,0,0
669,11100,670.298881002289,99918,103,60,60,20,15667,7830,0.23516283352348927,72,31,26159,23910,2736,1228,20869,24750,45124,34448,0,0,15056,2046,5904,491,1312,55,77,0,0,255,63553,2658,8511,0,0,0,0,0
670,11100,671.0254366535119,99918,104,63,60,20,15679,7836,0.23534298124462058,72,35,26171,23935,2733,1224,20859,24722,45164,34497,0,0,14976,2039,5909,491,1314,55,81,0,0,262,63622,2651,8518,0,0,0,0,0
671,11100,672.1147266019274,99918,99,60,60,20,15700,7847,0.23566324385996518,81,40,26193,23988,2743,1232,20823,24659,45203,34545,0,0,14903,2026,5919,493,1320,55,92,0,0,283,63663,2637,8527,0,0,0,0,0
672,11100,673.2029505610932,99918,107,65,60,20,15721,7859,0.23599351468203927,90,41,26226,24046,2736,1231,20780,24596,45242,34593,0,0,14841,2018,5925,488,1329,55,91,0,0,300,63709,2626,8536,0,0,0,0,0
673,11100,674.2895817199365,99918,96,72,60,20,15731,7876,0.23626373626373626,118,40,26255,24102,2728,1236,20742,24529,45281,34640,0,0,14774,2003,5939,488,1336,56,93,0,0,319,63754,2620,8536,0,0,0,0,0
674,11100,675.0132077998788,99918,101,70,60,20,15745,7884,0.23648391681178565,126,43,26237,24128,2728,1240,20747,24498,45319,34687,0,0,14712,1994,5945,487,1341,56,97,0,0,330,63801,2603,8552,0,0,0,0,0
675,11100,676.0987186811556,99918,123,61,60,20,15778,7891,0.2368842450809664,127,44,26251,24184,2723,1245,20715,24445,45357,34733,0,0,14647,1982,5954,488,1344,56,103,0,0,347,63843,2589,8565,0,0,0,0,0
676,11100,677.1834890180197,99918,130,64,60,20,15811,7905,0.23735463079725375,132,47,26278,24247,2726,1249,20673,24372,45395,34779,0,0,14573,1974,5960,488,1352,56,112,0,0,367,63888,2578,8570,0,0,0,0,0
677,11100,678.2671977431138,99918,144,69,60,20,15845,7918,0.2378250165135411,134,52,26308,24314,2729,1248,20624,24296,45432,34824,0,0,14499,1966,5966,486,1359,56,119,0,0,383,63939,2573,8572,0,0,0,0,0
678,11100,679.349387259066,99918,158,71,60,20,15879,7931,0.23829540222982845,133,58,26332,24360,2731,1250,20585,24240,45469,34869,0,0,14426,1957,5971,488,1364,56,126,0,0,400,63988,2564,8578,0,0,0,0,0
679,11100,680.0701762969725,99918,170,75,60,20,15902,7938,0.23859564843171402,140,61,26333,24386,2727,1245,20569,24212,45505,34913,0,0,14364,1948,5978,488,1370,56,127,0,0,407,64042,2554,8584,0,0,0,0,0
680,11100,681.150878816012,99918,184,73,60,20,15938,7951,0.2390860505614604,154,64,26344,24433,2734,1253,20523,24156,45541,34957,0,0,14307,1941,5982,483,1382,56,131,0,0,433,64069,2539,8595,0,0,0,0,0
681,11100,682.2307227836178,99918,197,86,60,20,15982,7971,0.23972657579214957,161,63,26372,24489,2748,1255,20461,24086,45577,35000,0,0,14234,1934,5984,482,1392,57,141,0,0,451,64114,2532,8597,0,0,0,0,0
682,11100,683.3091807284638,99918,212,93,60,20,16028,7988,0.2403570928161092,157,69,26398,24531,2768,1259,20404,24027,45612,35043,0,0,14166,1924,5988,484,1399,57,149,0,0,475,64150,2522,8604,0,0,0,0,0
683,11100,684.0273038960629,99918,227,89,60,20,16061,7999,0.240797453912208,171,70,26394,24584,2772,1267,20375,23969,45647,35085,0,0,14098,1915,5996,484,1402,57,160,0,0,494,64188,2511,8613,0,0,0,0,0
684,11100,685.1042885317479,99918,228,101,60,20,16101,8021,0.24141796272943813,185,64,26413,24626,2793,1271,20320,23917,45682,35127,0,0,14027,1909,5996,488,1411,57,170,0,0,520,64223,2497,8620,0,0,0,0,0
685,11100,686.1801833918604,99918,236,101,60,20,16146,8040,0.2420584879601273,198,63,26444,24664,2811,1280,20250,23871,45716,35168,0,0,13961,1898,6003,487,1418,57,181,0,0,559,64239,2489,8626,0,0,0,0,0
686,11100,687.254639076988,99918,260,103,60,20,16206,8055,0.24280910346484116,193,86,26474,24706,2834,1284,20178,23800,45750,35209,0,0,13891,1892,6008,491,1419,59,190,0,0,590,64269,2477,8632,0,0,0,0,0
687,11100,688.3274670550104,99918,267,111,60,20,16255,8082,0.24356972717628456,195,102,26489,24743,2862,1293,20126,23730,45784,35250,0,0,13815,1888,6009,493,1428,60,202,0,0,626,64297,2468,8632,0,0,0,0,0
688,11100,689.042147585261,99918,251,123,60,20,16285,8104,0.2440901539262195,220,103,26474,24774,2895,1292,20099,23687,45817,35290,0,0,13745,1879,6012,497,1435,62,215,0,0,653,64326,2457,8637,0,0,0,0,0
689,11100,690.1143951839314,99918,265,140,60,20,16339,8133,0.2449208350847695,210,110,26481,24821,2925,1290,20058,23618,45850,35330,0,0,13674,1872,6015,497,1446,62,228,0,0,681,64356,2449,8638,0,0,0,0,0
690,11100,691.1862051323637,99917,299,151,61,20,16402,8164,0.24586406717575587,214,109,26469,24875,2940,1303,20016,23541,45883,35369,0,0,13607,1861,6020,499,1454,62,238,0,0,709,64384,2443,8640,0,0,0,0,0
691,11100,692.2580180843433,99917,303,148,61,20,16457,8183,0.24660468188596535,227,133,26466,24913,2977,1315,19965,23470,45916,35408,0,0,13538,1853,6021,501,1466,62,255,0,0,750,64395,2428,8648,0,0,0,0,0
692,11100,693.3295849661621,99916,313,167,61,21,16521,8223,0.24764802434044597,225,128,26486,24947,3010,1329,19904,23407,45948,35446,0,0,13466,1850,6021,502,1479,62,269,0,0,794,64407,2417,8649,0,0,0,0,0
693,11100,694.0434301823283,99916,316,173,61,21,16554,8248,0.24822851195003803,244,132,26477,24973,3030,1341,19871,23359,45980,35484,0,0,13409,1843,6024,503,1486,62,275,0,0,829,64423,2404,8658,0,0,0,0,0
694,11100,695.1140037271441,99916,340,181,61,21,16628,8283,0.24931942831978862,233,142,26479,25011,3066,1365,19820,23279,46012,35522,0,0,13332,1837,6025,505,1499,62,290,0,0,874,64439,2399,8654,0,0,0,0,0
695,11100,696.1840752173597,99916,349,201,61,21,16682,8325,0.2502802353977341,274,133,26470,25042,3092,1376,19753,23226,46043,35559,0,0,13269,1831,6023,504,1515,62,298,0,0,918,64450,2393,8653,0,0,0,0,0
696,11100,697.2540477961287,99916,384,209,61,21,16756,8369,0.2514612274310421,295,127,26467,25077,3103,1405,19689,23160,46074,35596,0,0,13202,1824,6025,505,1522,63,312,0,0,969,64452,2384,8658,0,0,0,0,0
697,11100,698.3235115536976,99916,423,236,61,21,16847,8414,0.25282237079146486,318,133,26445,25109,3137,1418,19615,23082,46105,35632,0,0,13143,1815,6026,509,1539,63,321,0,0,1005,64463,2371,8661,0,0,0,0,0
698,11100,699.0364938114142,99916,411,239,61,21,16892,8436,0.25349293406461426,332,148,26435,25105,3180,1432,19580,23054,46136,35668,0,0,13082,1804,6031,511,1553,64,334,0,0,1050,64466,2361,8660,0,0,0,0,0
699,11100,700.1059877261777,99916,406,250,61,21,16958,8482,0.25461387565555066,349,162,26450,25144,3236,1458,19497,22964,46166,35704,0,0,13003,1793,6030,513,1572,65,360,0,0,1107,64462,2357,8654,0,0,0,0,0
700,11100,701.1746207603356,99916,438,247,61,21,17044,8526,0.25591496857360185,376,174,26437,25189,3265,1496,19422,22872,46196,35739,0,0,12938,1784,6034,514,1594,66,375,0,0,1168,64451,2350,8642,0,0,0,0,0
701,11100,702.2431759926202,99916,470,265,61,21,17153,8574,0.25748628848232513,394,176,26413,25225,3322,1521,19339,22791,46226,35774,0,0,12875,1777,6034,522,1611,67,384,0,0,1237,64434,2338,8637,0,0,0,0,0
702,11100,703.3117878018649,99916,503,258,61,21,17250,8617,0.2588874654709956,410,184,26398,25254,3367,1560,19260,22722,46255,35809,0,0,12815,1768,6031,530,1631,67,396,0,0,1309,64408,2323,8638,0,0,0,0,0
703,11100,704.0242150894054,99915,532,252,62,21,17331,8643,0.25996096682179853,402,199,26389,25258,3399,1587,19215,22682,46284,35843,0,0,12746,1762,6033,533,1641,69,411,0,0,1359,64410,2317,8634,0,0,0,0,0
704,11100,705.0927682194003,99915,576,270,62,21,17446,8698,0.26166241305109345,436,201,26383,25270,3437,1616,19105,22621,46313,35877,0,0,12688,1752,6039,537,1654,70,419,0,0,1439,64379,2310,8628,0,0,0,0,0
705,11100,706.1605548508842,99915,609,276,62,21,17581,8751,0.263544012410549,423,213,26359,25281,3512,1654,19034,22554,46342,35910,0,0,12611,1746,6036,542,1673,72,444,0,0,1534,64334,2302,8621,0,0,0,0,0
706,11100,707.2289135479293,99915,638,283,62,21,17693,8808,0.26523545013261274,449,220,26328,25293,3572,1696,18950,22486,46370,35943,0,0,12533,1736,6035,548,1693,73,473,0,0,1607,64309,2292,8616,0,0,0,0,0
707,11100,708.2975711079208,99915,670,298,62,21,17813,8863,0.26698693889806335,507,239,26297,25316,3633,1725,18830,22400,46398,35976,0,0,12465,1731,6035,548,1710,73,494,0,0,1695,64268,2281,8615,0,0,0,0,0
708,11100,709.0101697584819,99915,683,307,62,21,17902,8901,0.26825801931641896,525,242,26267,25331,3691,1740,18771,22358,46426,36008,0,0,12401,1720,6037,550,1735,74,514,0,0,1750,64256,2274,8604,0,0,0,0,0
709,11100,710.0797953295503,99915,748,321,62,21,18047,8956,0.27025972076264826,544,250,26222,25348,3735,1771,18688,22288,46454,36040,0,0,12341,1705,6042,556,1756,74,531,0,0,1826,64223,2265,8596,0,0,0,0,0
710,11100,711.1499552822448,99915,795,322,62,21,18200,9022,0.27245158384626933,548,255,26175,25370,3819,1823,18600,22208,46481,36072,0,0,12271,1697,6038,561,1778,78,557,0,0,1933,64157,2253,8592,0,0,0,0,0
711,11100,712.2212033735093,99915,827,358,62,21,18344,9096,0.27463343842265925,576,266,26134,25373,3901,1851,18499,22130,46508,36103,0,0,12196,1690,6035,565,1799,80,584,0,0,2027,64111,2246,8582,0,0,0,0,0
712,11100,713.2934917661707,99915,871,362,62,21,18520,9146,0.2768953610568984,586,298,26072,25378,4003,1887,18405,22053,46535,36134,0,0,12116,1680,6032,579,1816,81,613,0,0,2142,64046,2235,8575,0,0,0,0,0
713,11100,714.0091518801058,99915,878,374,62,21,18619,9197,0.2783966371415703,606,303,26037,25378,4071,1921,18345,22002,46562,36165,0,0,12055,1670,6033,582,1832,84,632,0,0,2227,64003,2224,8573,0,0,0,0,0
714,11100,715.0840712101717,99915,922,412,62,21,18793,9283,0.28099884902166844,663,317,25963,25375,4169,1957,18220,21917,46588,36195,0,0,11982,1660,6034,588,1851,88,665,0,0,2336,63933,2210,8568,0,0,0,0,0
715,11100,716.160325516513,99915,968,405,62,21,18986,9349,0.28359105239453536,666,368,25911,25382,4276,2014,18116,21809,46614,36225,0,0,11911,1653,6022,591,1894,92,696,0,0,2469,63839,2197,8551,0,0,0,0,0
716,11100,717.2378384377502,99914,962,438,63,21,19155,9441,0.28620613727805916,702,391,25834,25380,4426,2054,18012,21715,46640,36255,0,0,11823,1650,6012,598,1933,94,738,0,0,2602,63746,2181,8537,0,0,0,0,0
717,11100,718.3175789840342,99913,988,488,64,21,19344,9559,0.28928167505729985,732,400,25742,25386,4557,2109,17916,21595,46666,36284,0,0,11739,1641,6005,614,1963,97,777,0,0,2741,63651,2163,8522,0,0,0,0,0
718,11100,719.0389694891383,99911,1017,511,66,21,19470,9634,0.29129925633814097,752,396,25686,25379,4630,2152,17848,21540,46691,36313,0,0,11668,1634,6004,623,1982,101,801,0,0,2823,63611,2152,8512,0,0,0,0,0
719,11100,720.123287852089,99910,1025,546,66,22,19671,9750,0.2944750275247723,774,410,25604,25380,4788,2216,17742,21425,46716,36342,0,0,11587,1621,5993,634,2029,104,840,0,0,2985,63485,2139,8493,0,0,0,0,0
720,11100,721.210127357647,99910,1050,561,66,22,19871,9850,0.29747772995696126,806,424,25520,25413,4917,2280,17640,21299,46741,36371,0,0,11508,1613,5979,649,2076,104,879,0,0,3137,63367,2117,8481,0,0,0,0,0
721,11100,722.2998445919475,99909,1106,613,67,22,20110,9980,0.30117406840224603,821,432,25422,25413,5058,2344,17525,21175,46766,36399,0,0,11434,1601,5971,655,2113,111,916,0,0,3296,63241,2103,8468,0,0,0,0,0
722,11100,723.027799557996,99909,1151,616,67,22,20264,10054,0.3034561450920337,850,448,25350,25392,5137,2401,17444,21120,46791,36427,0,0,11368,1595,5962,666,2142,112,934,0,0,3409,63169,2093,8459,0,0,0,0,0
723,11100,724.1222662862476,99908,1180,637,68,22,20478,10166,0.3067221844096569,910,465,25264,25392,5267,2473,17310,21010,46815,36455,0,0,11292,1586,5950,678,2182,113,969,0,0,3589,63024,2077,8448,0,0,0,0,0
724,11100,725.2190689058691,99906,1266,656,69,23,20754,10295,0.3107821352070947,905,506,25167,25357,5406,2567,17186,20890,46839,36482,0,0,11218,1581,5937,688,2233,117,1008,0,0,3769,62869,2054,8432,0,0,0,0,0
725,11100,726.318692325821,99906,1314,680,69,23,20991,10422,0.31442556002642486,975,501,25051,25355,5554,2655,17036,20785,46863,36509,0,0,11137,1571,5918,707,2285,119,1045,0,0,3935,62738,2034,8417,0,0,0,0,0
726,11100,727.0535739794179,99905,1344,702,70,23,21160,10519,0.3170912366748411,999,505,24977,25314,5654,2721,16955,20734,46887,36536,0,0,11076,1563,5911,716,2316,122,1068,0,0,4070,62633,2017,8413,0,0,0,0,0
727,11100,728.1591231579162,99905,1408,709,70,23,21429,10663,0.32122516390571043,1036,510,24872,25287,5805,2847,16808,20623,46911,36563,0,0,10975,1557,5896,731,2350,129,1124,0,0,4286,62456,2001,8400,0,0,0,0,0
728,11100,729.2678038704881,99904,1492,728,71,23,21735,10791,0.32557254964766175,1060,541,24758,25251,5967,2940,16651,20516,46934,36589,0,0,10898,1546,5889,747,2404,131,1162,0,0,4491,62283,1979,8374,0,0,0,0,0
729,11100,730.0084834234567,99904,1545,736,71,23,21942,10881,0.32854540358744394,1071,575,24656,25215,6089,3006,16567,20444,46957,36615,0,0,10818,1537,5877,757,2447,134,1203,0,0,4621,62187,1967,8356,0,0,0,0,0
730,11100,731.1241557123792,99904,1603,774,71,23,22248,11048,0.33327994875080075,1099,586,24503,25192,6296,3115,16427,20309,46980,36641,0,0,10724,1526,5858,777,2501,138,1252,0,0,4853,61988,1952,8335,0,0,0,0,0
731,11100,732.2451491136176,99904,1662,837,71,23,22573,11246,0.3385149743754004,1138,558,24353,25145,6513,3228,16262,20208,47003,36667,0,0,10624,1514,5848,793,2567,142,1316,0,0,5084,61780,1932,8304,0,0,0,0,0
732,11100,733.371394382421,99904,1705,876,71,23,22908,11418,0.3435898462524023,1180,560,24204,25130,6744,3337,16095,20073,47026,36692,0,0,10527,1499,5824,809,2630,155,1377,0,0,5327,61563,1914,8279,0,0,0,0,0
733,11100,734.12548787574,99903,1754,912,71,24,23131,11533,0.34697656727025217,1197,582,24112,25094,6870,3396,15995,19991,47048,36717,0,0,10461,1490,5806,814,2690,160,1408,0,0,5460,61456,1901,8257,0,0,0,0,0
734,11100,735.2602109848586,99903,1810,926,71,24,23497,11699,0.35230173268070025,1228,633,23945,25054,7112,3518,15833,19844,47070,36742,0,0,10339,1479,5788,833,2762,171,1489,0,0,5704,61233,1883,8222,0,0,0,0,0
735,11100,736.0200482236357,99901,1854,941,71,26,23747,11817,0.3559924325081831,1214,666,23858,25011,7268,3606,15734,19749,47092,36766,0,0,10258,1471,5775,847,2814,176,1530,0,0,5878,61082,1869,8201,0,0,0,0,0
736,11100,737.1644104501324,99901,1918,979,71,26,24118,12015,0.3616880711904786,1254,674,23698,24942,7488,3740,15570,19638,47114,36790,0,0,10154,1459,5747,865,2892,187,1591,0,0,6140,60843,1854,8169,0,0,0,0,0
737,11100,738.314466671634,99900,1951,1042,72,26,24474,12240,0.3675075075075075,1303,658,23535,24916,7723,3871,15415,19486,47136,36814,0,0,10046,1446,5726,889,2972,197,1663,0,0,6411,60592,1830,8128,0,0,0,0,0
738,11100,739.084710145268,99898,1966,1069,74,26,24723,12381,0.3714188472241686,1353,670,23381,24893,7904,3958,15321,19383,47157,36838,0,0,9967,1436,5705,901,3027,205,1704,0,0,6616,60411,1817,8109,0,0,0,0,0
739,11100,740.2474746935926,99896,2018,1085,74,28,25121,12569,0.3772923840794426,1402,702,23229,24838,8158,4093,15118,19253,47178,36862,0,0,9866,1429,5672,915,3128,212,1765,0,0,6913,60131,1797,8068,0,0,0,0,0
740,11100,741.0263482235044,99895,2066,1088,75,28,25404,12697,0.3814104810050553,1411,748,23121,24784,8330,4205,14996,19146,47199,36885,0,0,9800,1416,5656,931,3196,216,1796,0,0,7134,59931,1783,8036,0,0,0,0,0
741,11100,742.1998070786725,99894,2133,1129,76,28,25798,12918,0.3875708250745791,1479,777,22922,24713,8567,4360,14822,18992,47220,36908,0,0,9700,1404,5628,955,3284,225,1855,0,0,7419,59660,1763,8001,0,0,0,0,0
742,11100,743.3806126037446,99893,2257,1179,77,28,26256,13145,0.3944320422852452,1508,795,22720,24653,8807,4507,14630,18837,47241,36931,0,0,9604,1389,5603,976,3362,234,1917,0,0,7729,59366,1744,7969,0,0,0,0,0
743,11100,744.1721411587711,99893,2316,1188,77,28,26555,13287,0.39884676603966246,1534,825,22572,24622,8979,4610,14521,18726,47261,36954,0,0,9515,1377,5590,996,3413,241,1965,0,0,7947,59172,1729,7948,0,0,0,0,0
744,11100,745.3673714278641,99891,2388,1228,79,28,27013,13540,0.40597251003593915,1601,835,22347,24556,9256,4782,14328,18570,47281,36976,0,0,9419,1359,5558,1033,3511,253,2024,0,0,8293,58829,1704,7908,0,0,0,0,0
745,11100,746.169495037429,99889,2459,1262,81,28,27365,13707,0.4111764058104496,1624,841,22180,24506,9451,4892,14204,18470,47301,36998,0,0,9322,1353,5535,1048,3589,260,2081,0,0,8512,58625,1687,7877,0,0,0,0,0
746,11100,747.3816704897025,99889,2537,1301,81,28,27888,13988,0.4192253401275416,1654,816,21932,24456,9776,5084,14019,18314,47321,37020,0,0,9190,1333,5497,1077,3722,271,2174,0,0,8883,58260,1670,7812,0,0,0,0,0
747,11100,748.1965074631987,99888,2580,1341,81,29,28244,14155,0.42446540124939935,1673,867,21782,24389,10010,5169,13873,18204,47341,37042,0,0,9092,1325,5479,1082,3799,282,2240,0,0,9128,58026,1658,7777,0,0,0,0,0
748,11100,749.0158730568794,99886,2598,1362,83,29,28577,14334,0.42959974370782694,1749,897,21634,24316,10214,5295,13721,18100,47361,37063,0,0,9006,1313,5456,1102,3882,294,2287,0,0,9383,57780,1635,7748,0,0,0,0,0
749,11100,750.2528484825264,99885,2703,1396,84,29,29119,14627,0.437963658206938,1779,903,21428,24224,10503,5500,13502,17947,47380,37084,0,0,8874,1298,5418,1135,4010,308,2376,0,0,9738,57412,1612,7704,0,0,0,0,0
750,11100,751.0827896000433,99885,2761,1425,84,29,29465,14835,0.4435100365420233,1810,929,21280,24156,10700,5646,13364,17814,47399,37105,0,0,8783,1292,5395,1145,4096,316,2431,0,0,9998,57155,1597,7677,0,0,0,0,0
751,11100,752.3367542338647,99884,2815,1480,85,29,30015,15142,0.4520944295382644,1905,921,21010,24062,11035,5837,13149,17670,47418,37126,0,0,8673,1272,5371,1185,4216,337,2506,0,0,10409,56723,1571,7621,0,0,0,0,0
752,11100,753.1797953474667,99884,2852,1453,85,29,30423,15337,0.4581314324616555,1918,936,20843,24005,11287,6017,13014,17559,47437,37147,0,0,8572,1256,5349,1221,4313,355,2568,0,0,10725,56404,1546,7575,0,0,0,0,0
753,11100,754.0294993101975,99882,2986,1469,87,29,30894,15532,0.4648084739993192,1883,953,20671,23954,11511,6145,12861,17449,47456,37167,0,0,8485,1240,5327,1252,4404,363,2613,0,0,11010,56118,1531,7539,0,0,0,0,0
754,11100,755.3145304163218,99882,3055,1529,87,29,31509,15855,0.47419955547546105,1934,976,20440,23850,11868,6337,12615,17278,47475,37187,0,0,8358,1230,5281,1283,4567,383,2693,0,0,11428,55684,1504,7471,0,0,0,0,0
755,11100,756.1782978673987,99881,3058,1550,88,29,31925,16067,0.48049178522441705,1975,1013,20256,23764,12158,6474,12464,17169,47494,37207,0,0,8247,1223,5250,1308,4679,401,2763,0,0,11742,55369,1483,7416,0,0,0,0,0
756,11100,757.0485171543378,99880,3091,1576,88,30,32344,16291,0.4869343211854225,1973,1018,20128,23682,12400,6632,12319,17061,47512,37227,0,0,8146,1210,5222,1338,4780,416,2822,0,0,12057,55054,1463,7372,0,0,0,0,0
757,11100,758.3643056720225,99880,3137,1637,88,30,32987,16660,0.4970664797757309,2012,1013,19847,23582,12811,6878,12104,16859,47530,37247,0,0,8025,1190,5170,1387,4955,442,2896,0,0,12521,54556,1434,7304,0,0,0,0,0
758,11100,759.2502514804722,99880,3163,1687,88,30,33394,16910,0.5036443732478975,2043,1028,19709,23493,13045,7034,11951,16727,47548,37266,0,0,7940,1180,5143,1410,5069,457,2943,0,0,12829,54234,1416,7259,0,0,0,0,0
759,11100,760.1421576862173,99880,3159,1717,88,30,33815,17137,0.5101321585903084,2093,1045,19546,23438,13310,7178,11803,16591,47566,37285,0,0,7827,1162,5113,1434,5197,477,3013,0,0,13117,53932,1402,7206,0,0,0,0,0
760,11100,761.0403824654164,99880,3174,1752,88,30,34272,17396,0.5173007609130957,2109,1020,19378,23364,13601,7352,11649,16481,47584,37304,0,0,7717,1149,5077,1470,5346,489,3085,0,0,13427,53587,1378,7155,0,0,0,0,0
761,11100,762.4008370204216,99880,3252,1777,88,30,34996,17766,0.5282539046856227,2119,1076,19136,23241,14006,7619,11398,16256,47602,37323,0,0,7585,1133,5033,1501,5551,521,3166,0,0,13920,53046,1361,7063,0,0,0,0,0
762,11100,763.3163159317646,99880,3312,1803,88,30,35485,18037,0.5358630356427714,2151,1081,18961,23134,14252,7810,11235,16141,47619,37342,0,0,7485,1113,4995,1536,5692,543,3223,0,0,14240,52698,1347,7008,0,0,0,0,0
763,11100,764.2393065208735,99878,3335,1815,90,30,35982,18299,0.5434730371052684,2159,1087,18769,23068,14566,7996,11080,16003,47636,37361,0,0,7369,1094,4963,1569,5858,560,3296,0,0,14558,52340,1324,6947,0,0,0,0,0
764,11100,765.1704067436985,99878,3395,1847,90,30,36504,18546,0.5511724303650454,2136,1124,18594,22971,14858,8155,10926,15872,47653,37379,0,0,7270,1082,4929,1602,6003,585,3349,0,0,14853,52000,1306,6899,0,0,0,0,0
765,11100,766.1098738334979,99877,3418,1841,90,31,37008,18796,0.5587272344984331,2113,1151,18445,22902,15157,8341,10776,15733,47670,37397,0,0,7182,1061,4891,1642,6153,608,3392,0,0,15224,51597,1288,6839,0,0,0,0,0
766,11100,767.057018743879,99877,3460,1875,90,31,37518,19091,0.5667871481922765,2090,1149,18267,22785,15444,8547,10648,15612,47687,37415,0,0,7080,1050,4850,1663,6283,642,3458,0,0,15579,51203,1267,6802,0,0,0,0,0
767,11100,768.0124944153773,99876,3498,1916,91,31,38025,19384,0.5748027554167168,2111,1146,18069,22667,15733,8737,10497,15502,47704,37433,0,0,6982,1037,4819,1699,6422,665,3512,0,0,15916,50816,1240,6768,0,0,0,0,0
768,11100,769.4627318272146,99876,3509,1929,91,31,38799,19807,0.5867876166446393,2112,1153,17824,22555,16194,9022,10269,15309,47721,37451,0,0,6832,1006,4774,1772,6662,706,3590,0,0,16424,50212,1213,6685,0,0,0,0,0
769,11100,770.4402984552817,99873,3552,1901,93,32,39334,20062,0.5947152884162887,2080,1199,17667,22487,16482,9215,10125,15165,47738,37468,0,0,6729,993,4748,1806,6820,738,3639,0,0,16774,49811,1196,6619,0,0,0,0,0
770,11100,771.4270998212155,99873,3547,1932,93,32,39833,20351,0.6026053087421025,2129,1188,17454,22408,16790,9404,9986,15035,47754,37485,0,0,6638,970,4720,1854,6942,783,3679,0,0,17130,49409,1181,6567,0,0,0,0,0
771,11100,772.4243186705373,99870,3559,1971,96,32,40370,20640,0.6108941624111345,2109,1190,17302,22319,17096,9584,9837,14903,47770,37502,0,0,6539,958,4685,1903,7084,810,3723,0,0,17506,48990,1156,6516,0,0,0,0,0
772,11100,773.4308958767842,99869,3554,1985,96,33,40883,20932,0.6189608386986953,2121,1230,17135,22220,17390,9777,9703,14754,47786,37519,0,0,6439,937,4653,1926,7261,842,3783,0,0,17863,48574,1147,6444,0,0,0,0,0
773,11100,774.4384728278224,99869,3514,2025,96,33,41409,21251,0.6274219227187616,2126,1243,16988,22112,17726,9958,9549,14628,47802,37536,0,0,6336,920,4604,1968,7433,871,3842,0,0,18265,48114,1123,6393,0,0,0,0,0
774,11100,775.4270735566138,99869,3567,2066,96,33,41931,21556,0.6357027706295246,2114,1254,16834,22021,17986,10128,9402,14497,47818,37553,0,0,6237,907,4568,2002,7596,896,3891,0,0,18580,47741,1107,6344,0,0,0,0,0
775,11100,776.3998022696483,99866,3587,2035,98,34,42451,21825,0.6436224540884785,2138,1281,16672,21932,18262,10341,9242,14376,47834,37570,0,0,6148,895,4535,2035,7770,943,3931,0,0,18885,47347,1089,6288,0,0,0,0,0
776,11100,777.3575269669703,99865,3577,2036,99,34,42927,22121,0.6513593351023882,2205,1261,16495,21863,18522,10554,9101,14251,47850,37586,0,0,6048,881,4500,2055,7958,977,3989,0,0,19190,46959,1078,6230,0,0,0,0,0
777,11100,778.3007112514272,99865,3674,2059,99,34,43486,22409,0.6598407850598308,2117,1258,16314,21783,18814,10738,8981,14127,47865,37602,0,0,5955,869,4468,2079,8127,1011,4038,0,0,19477,46601,1065,6175,0,0,0,0,0
778,11100,779.2301995634324,99864,3668,2097,99,35,43991,22685,0.6676680285187856,2129,1254,16151,21703,19108,10900,8844,14010,47880,37618,0,0,5852,863,4425,2115,8287,1043,4085,0,0,19787,46233,1046,6128,0,0,0,0,0
779,11100,780.1446567383002,99861,3690,2139,102,35,44471,22987,0.6755189713702046,2125,1215,15979,21621,19351,11075,8752,13914,47895,37634,0,0,5786,848,4393,2154,8428,1081,4099,0,0,20115,45848,1034,6075,0,0,0,0,0
780,11100,781.0465822309226,99861,3694,2134,102,35,44947,23251,0.6829292716876458,2131,1235,15839,21532,19600,11258,8633,13805,47910,37650,0,0,5693,832,4358,2185,8599,1122,4154,0,0,20382,45500,1013,6023,0,0,0,0,0
781,11100,782.3773020277783,99858,3678,2171,104,36,45656,23662,0.6941657153157483,2133,1219,15634,21441,19979,11502,8471,13630,47925,37666,0,0,5584,810,4313,2235,8864,1174,4201,0,0,20779,44955,991,5952,0,0,0,0,0
782,11100,783.2502894630674,99857,3632,2169,105,36,46092,23942,0.7013429203761379,2174,1169,15493,21388,20213,11708,8382,13529,47940,37681,0,0,5505,799,4283,2263,9023,1212,4232,0,0,21117,44550,979,5894,0,0,0,0,0
783,11100,784.1130713791417,99857,3669,2131,105,36,46525,24190,0.7081626726218493,2183,1157,15389,21333,20380,11921,8273,13421,47955,37696,0,0,5443,787,4259,2294,9185,1245,4252,0,0,21375,44199,964,5854,0,0,0,0,0
784,11100,785.3923501407728,99855,3655,2127,106,37,47198,24555,0.7185719292974814,2161,1163,15209,21224,20764,12180,8104,13268,47970,37711,0,0,5315,777,4206,2343,9449,1304,4307,0,0,21710,43732,943,5769,0,0,0,0,0
785,11100,786.2331640182362,99855,3655,2103,106,37,47650,24798,0.7255320214310751,2098,1161,15119,21164,20998,12356,8023,13178,47985,37726,0,0,5244,770,4171,2350,9642,1337,4339,0,0,21976,43373,931,5722,0,0,0,0,0
786,11100,787.0647718805892,99853,3665,2117,107,38,48074,25056,0.7323765935925811,2097,1157,15029,21076,21177,12528,7924,13083,47999,37741,0,0,5164,758,4144,2369,9760,1383,4378,0,0,22240,43048,918,5691,0,0,0,0,0
787,11100,788.2975057628695,99851,3607,2114,108,39,48672,25413,0.741955513715436,2109,1130,14869,20991,21540,12779,7766,12946,48013,37756,0,0,5058,739,4106,2402,9988,1438,4431,0,0,22615,42544,898,5632,0,0,0,0,0
788,11100,789.1088389591355,99851,3625,2104,108,39,49119,25639,0.7486955563790048,2083,1125,14751,20931,21766,12941,7666,12859,48027,37771,0,0,4978,727,4073,2437,10144,1481,4462,0,0,22830,42248,888,5583,0,0,0,0,0
789,11100,790.3102583314577,99850,3625,2109,108,40,49710,26008,0.7583174762143214,2026,1101,14618,20847,22072,13180,7550,12722,48041,37785,0,0,4886,717,4030,2479,10366,1538,4496,0,0,23169,41791,864,5514,0,0,0,0,0
790,11100,791.1023246227697,99848,3639,2087,110,40,50109,26224,0.7644920278823812,2039,1118,14487,20785,22254,13335,7470,12634,48055,37799,0,0,4819,711,3996,2498,10527,1576,4519,0,0,23362,41510,850,5480,0,0,0,0,0
791,11100,792.2777458532785,99843,3639,2079,113,42,50700,26555,0.7737648107528821,1993,1114,14386,20721,22528,13551,7340,12492,48069,37813,0,0,4722,700,3960,2530,10732,1640,4556,0,0,23665,41074,837,5427,0,0,0,0,0
792,11100,793.0533367912382,99843,3593,2079,113,42,51062,26771,0.7795538996224072,2014,1123,14292,20651,22737,13683,7250,12421,48083,37827,0,0,4670,690,3933,2550,10878,1680,4568,0,0,23890,40769,822,5393,0,0,0,0,0
793,11100,794.2045571782215,99840,3575,2061,115,43,51640,27086,0.7885216346153846,1976,1084,14137,20608,23040,13901,7156,12302,48097,37841,0,0,4577,680,3897,2593,11098,1742,4605,0,0,24186,40337,804,5321,0,0,0,0,0
794,11100,795.3419635808093,99839,3600,2043,115,44,52226,27390,0.7974438846542934,1880,1077,14059,20569,23293,14103,7052,12163,48111,37855,0,0,4494,668,3870,2620,11311,1811,4638,0,0,24451,39939,791,5246,0,0,0,0,0
795,11100,796.0938593511065,99837,3590,2002,116,45,52602,27575,0.803079018800645,1830,1090,13989,20531,23487,14234,6987,12097,48124,37869,0,0,4433,656,3840,2646,11455,1854,4656,0,0,24641,39660,784,5212,0,0,0,0,0
796,11100,797.211958922707,99837,3512,2044,116,45,53080,27920,0.8113224556026323,1862,1060,13883,20440,23730,14417,6896,11993,48137,37883,0,0,4366,643,3804,2673,11694,1914,4662,0,0,24871,39288,772,5150,0,0,0,0,0
797,11100,798.3192028840074,99836,3459,1987,117,45,53580,28203,0.8191734444488962,1892,1077,13764,20376,23986,14626,6781,11888,48150,37896,0,0,4289,635,3771,2697,11915,1967,4679,0,0,25172,38855,761,5095,0,0,0,0,0
798,11100,799.0509928004327,99836,3458,1960,117,45,53946,28379,0.8246023478504748,1823,1100,13706,20339,24168,14741,6727,11814,48163,37909,0,0,4221,629,3751,2705,12035,2020,4708,0,0,25341,38606,756,5064,0,0,0,0,0
799,11100,800.1399569945149,99835,3437,1977,118,45,54449,28692,0.8327840937546952,1812,1079,13612,20276,24389,14917,6631,11705,48176,37922,0,0,4155,618,3717,2735,12249,2088,4719,0,0,25550,38256,745,5003,0,0,0,0,0
800,11100,801.2190862288251,99834,3421,1969,119,45,54992,28988,0.8411963860007613,1764,1055,13513,20218,24637,15104,6545,11608,48189,37935,0,0,4094,607,3682,2763,12480,2159,4726,0,0,25767,37888,730,4938,0,0,0,0,0
801,11100,802.2882283311062,99833,3371,1983,119,46,55475,29300,0.849168110744944,1733,1045,13430,20154,24887,15281,6459,11490,48202,37948,0,0,4014,602,3649,2789,12692,2225,4755,0,0,25972,37534,713,4888,0,0,0,0,0
802,11100,803.3480300086346,99832,3349,1952,120,46,55935,29605,0.8568394903437776,1709,1038,13380,20100,25078,15504,6363,11359,48215,37961,0,0,3949,588,3622,2821,12855,2295,4764,0,0,26252,37146,700,4840,0,0,0,0,0
803,11100,804.0506073743512,99832,3366,1941,120,46,56268,29780,0.8619280391056976,1695,1050,13315,20064,25194,15604,6309,11294,48228,37974,0,0,3912,583,3594,2835,12997,2329,4761,0,0,26397,36922,690,4812,0,0,0,0,0
804,11100,805.0980796208464,99831,3336,1909,120,47,56737,30049,0.8693291662910319,1662,1039,13257,20026,25399,15783,6225,11195,48241,37987,0,0,3846,573,3568,2869,13179,2400,4763,0,0,26605,36577,681,4770,0,0,0,0,0
805,11100,806.1383031390317,99831,3272,1915,120,47,57160,30336,0.8764411856036702,1677,1022,13201,19984,25604,15936,6125,11095,48253,38000,0,0,3775,563,3540,2899,13358,2468,4774,0,0,26800,36250,676,4728,0,0,0,0,0
806,11100,807.1713412363201,99831,3258,1914,120,47,57613,30619,0.8838136450601517,1696,995,13134,19940,25749,16110,6042,10993,48265,38012,0,0,3718,556,3513,2907,13533,2542,4786,0,0,26993,35929,667,4687,0,0,0,0,0
807,11100,808.1983674089904,99831,3217,1894,120,47,58035,30875,0.8906051226572909,1699,994,13105,19894,25895,16262,5963,10908,48277,38024,0,0,3670,548,3479,2919,13757,2611,4787,0,0,27116,35645,657,4642,0,0,0,0,0
808,11100,809.2195976576505,99829,3178,1859,122,47,58475,31125,0.8975347844814633,1658,1019,13059,19842,26110,16420,5872,10812,48289,38036,0,0,3612,543,3448,2952,13963,2675,4783,0,0,27286,35335,647,4585,0,0,0,0,0
809,11100,810.2344632390589,99828,3154,1827,123,47,58902,31387,0.9044456465120007,1621,1008,13019,19794,26286,16603,5796,10720,48301,38048,0,0,3561,540,3419,2971,14158,2741,4785,0,0,27456,35013,639,4545,0,0,0,0,0
810,11100,811.2429952133613,99825,3078,1824,125,48,59324,31645,0.9112847483095416,1595,989,12978,19751,26512,16759,5711,10628,48313,38060,0,0,3501,535,3395,2982,14376,2808,4788,0,0,27586,34721,626,4507,0,0,0,0,0
811,11100,812.244861092091,99824,3067,1807,125,49,59759,31900,0.9182060426350377,1536,986,12927,19730,26702,16883,5642,10544,48325,38072,0,0,3445,524,3359,2999,14599,2868,4793,0,0,27696,34456,622,4463,0,0,0,0,0
812,11100,813.2404207124582,99823,2991,1789,125,50,60143,32154,0.9246065535998718,1497,967,12903,19697,26905,17025,5578,10471,48337,38084,0,0,3397,514,3333,3032,14789,2927,4790,0,0,27875,34142,604,4420,0,0,0,0,0
813,11100,814.2300646237471,99823,2913,1796,125,50,60497,32409,0.9307073520130631,1518,915,12847,19683,27073,17153,5523,10402,48349,38096,0,0,3337,506,3311,3045,14945,3005,4807,0,0,28007,33873,598,4389,0,0,0,0,0
814,11100,815.2143029071215,99822,2895,1808,126,50,60889,32642,0.9369778205205266,1487,889,12811,19653,27218,17263,5462,10336,48361,38108,0,0,3291,502,3288,3055,15102,3072,4803,0,0,28156,33622,590,4341,0,0,0,0,0
815,11100,816.1944015027109,99822,2904,1826,126,50,61281,32880,0.9432890545170404,1469,888,12755,19615,27340,17355,5405,10265,48373,38119,0,0,3243,495,3269,3073,15259,3128,4803,0,0,28279,33384,581,4308,0,0,0,0,0
816,11100,817.1696848944138,99820,2839,1781,127,51,61599,33091,0.9486074934882789,1512,895,12718,19603,27461,17485,5342,10184,48384,38130,0,0,3194,488,3241,3083,15447,3173,4816,0,0,28415,33116,571,4276,0,0,0,0,0
817,11100,818.1410531599668,99818,2796,1754,128,52,61957,33313,0.9544370754773688,1507,898,12679,19566,27603,17611,5286,10118,48395,38141,0,0,3141,476,3220,3102,15624,3229,4825,0,0,28539,32857,564,4241,0,0,0,0,0
818,11100,819.1086655020783,99818,2782,1723,128,52,62324,33515,0.9601374501592899,1458,904,12692,19540,27708,17729,5231,10051,48406,38152,0,0,3102,473,3205,3113,15800,3288,4821,0,0,28641,32613,557,4205,0,0,0,0,0
819,11100,820.0729311116447,99818,2766,1695,128,52,62673,33746,0.9659480254062394,1429,888,12686,19526,27806,17860,5184,9978,48417,38163,0,0,3065,468,3173,3126,15958,3343,4817,0,0,28803,32339,546,4180,0,0,0,0,0
820,11100,821.0348920734237,99818,2724,1685,128,52,63021,33959,0.9715682542226853,1408,863,12664,19507,27934,17986,5141,9906,48428,38174,0,0,3029,459,3148,3139,16108,3414,4815,0,0,28928,32096,534,4148,0,0,0,0,0
821,11100,822.3119294959365,99816,2652,1681,130,52,63466,34242,0.9788811412999919,1369,854,12653,19496,28120,18108,5075,9808,48439,38185,0,0,2981,452,3122,3159,16309,3507,4810,0,0,29062,31794,520,4100,0,0,0,0,0
822,11100,823.2655669372283,99815,2628,1674,131,52,63803,34454,0.9843911235786205,1334,819,12666,19478,28208,18223,5032,9753,48450,38196,0,0,2936,449,3102,3173,16433,3585,4814,0,0,29159,31576,512,4076,0,0,0,0,0
823,11100,824.2168172088421,99815,2612,1647,131,52,64119,34650,0.9895206131342984,1315,809,12642,19478,28316,18328,4983,9685,48461,38207,0,0,2897,447,3084,3192,16575,3640,4807,0,0,29262,31354,504,4053,0,0,0,0,0
824,11100,825.1649560051729,99815,2599,1610,131,52,64447,34862,0.9949306216500526,1280,782,12633,19488,28415,18450,4941,9617,48472,38218,0,0,2857,443,3068,3200,16717,3719,4812,0,0,29363,31137,492,4007,0,0,0,0,0
825,11100,826.110576140985,99813,2588,1564,133,52,64767,35017,0.9997094566839991,1278,808,12608,19467,28496,18551,4896,9557,48483,38228,0,0,2821,437,3044,3206,16844,3785,4808,0,0,29466,30934,488,3980,0,0,0,0,0
826,11100,827.0541132119428,99813,2567,1568,133,52,65081,35223,1.0049191989019466,1259,760,12601,19477,28583,18631,4856,9511,48494,38238,0,0,2790,432,3031,3211,16980,3857,4807,0,0,29532,30736,483,3954,0,0,0,0,0
827,11100,828.3090938335339,99813,2514,1527,133,52,65476,35480,1.0114514141444502,1255,757,12604,19478,28703,18771,4790,9414,48505,38248,0,0,2748,425,3000,3241,17172,3944,4789,0,0,29637,30466,479,3912,0,0,0,0,0
828,11100,829.2475819907067,99813,2464,1488,133,52,65770,35653,1.0161301634055684,1226,750,12598,19501,28823,18872,4755,9336,48516,38258,0,0,2720,418,2986,3252,17329,4009,4779,0,0,29692,30267,470,3891,0,0,0,0,0
829,11100,830.1832861523183,99812,2402,1462,133,53,66059,35828,1.0207890834769366,1215,729,12602,19524,28933,18959,4714,9272,48526,38268,0,0,2690,412,2965,3269,17475,4072,4767,0,0,29783,30063,458,3858,0,0,0,0,0
830,11100,831.1165274048635,99812,2347,1413,133,53,66352,35997,1.0254177854366209,1196,723,12618,19546,29025,19052,4680,9212,48536,38278,0,0,2652,406,2948,3285,17598,4152,4765,0,0,29861,29860,452,3833,0,0,0,0,0
831,11100,832.0479441369179,99810,2277,1400,134,54,66617,36164,1.029766556457269,1187,714,12632,19569,29128,19105,4641,9157,48546,38288,0,0,2610,401,2917,3296,17739,4214,4765,0,0,29914,29692,444,3818,0,0,0,0,0
832,11100,833.286515736752,99809,2244,1416,134,55,66988,36403,1.0358885471250088,1149,700,12672,19576,29207,19167,4593,9085,48556,38298,0,0,2572,399,2899,3303,17894,4307,4764,0,0,29963,29482,438,3788,0,0,0,0,0
833,11100,834.213723540892,99806,2203,1412,136,56,67257,36572,1.0403081979039337,1120,716,12691,19556,29290,19233,4559,9026,48566,38308,0,0,2546,393,2884,3310,18004,4374,4755,0,0,30033,29309,435,3763,0,0,0,0,0
834,11100,835.1394216187136,99806,2185,1401,136,56,67529,36747,1.0447868865599264,1066,711,12727,19552,29360,19310,4525,8969,48576,38318,0,0,2516,390,2865,3323,18134,4432,4742,0,0,30092,29142,433,3737,0,0,0,0,0
835,11100,836.0637115999956,99806,2141,1375,136,56,67775,36898,1.0487646033304612,1062,717,12745,19536,29422,19387,4493,8928,48586,38328,0,0,2487,384,2853,3337,18258,4491,4738,0,0,30142,28975,426,3715,0,0,0,0,0
836,11100,837.2940524466568,99804,2111,1350,138,56,68091,37115,1.0541260871307763,1044,675,12752,19552,29497,19491,4457,8875,48596,38338,0,0,2450,382,2824,3345,18433,4558,4729,0,0,30197,28781,420,3685,0,0,0,0,0
837,11100,838.2154917630705,99803,2074,1327,139,56,68314,37284,1.058064386842079,1051,666,12779,19558,29528,19576,4428,8816,48606,38347,0,0,2419,381,2814,3340,18542,4612,4730,0,0,30280,28602,416,3667,0,0,0,0,0
838,11100,839.13633218802,99802,2054,1288,139,57,68549,37424,1.0618324282078515,1028,662,12801,19592,29582,19653,4395,8747,48616,38356,0,0,2394,377,2802,3353,18633,4677,4717,0,0,30334,28448,414,3653,0,0,0,0,0
839,11100,840.0564188601501,99802,2046,1252,139,57,68794,37572,1.0657702250455903,1002,661,12808,19606,29643,19719,4361,8704,48626,38365,1,1,2363,372,2792,3368,18736,4733,4710,0,0,30389,28291,409,3637,2,0,0,0,0
840,11100,841.2812427737791,99800,1985,1252,140,58,69098,37786,1.0709819639278557,991,619,12855,19613,29719,19803,4309,8654,48636,38374,2,2,2334,370,2779,3364,18877,4819,4698,0,0,30444,28092,403,3617,2,1,0,0,0
841,11100,842.1986432780584,99800,1951,1261,140,58,69319,37947,1.0748096192384768,967,599,12892,19615,29761,19856,4288,8610,48646,38383,3,3,2308,368,2771,3362,18976,4880,4687,0,0,30488,27960,402,3594,2,2,0,0,0
842,11100,843.1153921932446,99800,1914,1216,140,58,69524,38062,1.0780160320641283,986,615,12913,19631,29794,19910,4252,8569,48656,38392,4,4,2284,359,2762,3360,19091,4933,4684,0,0,30516,27834,398,3573,2,4,0,0,0
843,11100,844.0317099786826,99800,1898,1178,140,58,69761,38203,1.0818036072144288,956,603,12951,19650,29828,19973,4226,8537,48665,38401,6,5,2264,354,2751,3376,19189,4987,4665,0,0,30593,27666,391,3555,2,5,0,0,2
844,11100,845.2527176811438,99799,1874,1154,141,58,70063,38394,1.0867543762963556,897,595,12993,19679,29898,20042,4196,8471,48674,38410,9,6,2233,351,2736,3379,19312,5069,4661,0,0,30647,27481,390,3527,2,8,0,0,3
845,11100,846.167746227161,99799,1842,1140,141,58,70277,38527,1.0902313650437379,898,576,13009,19693,29941,20107,4168,8425,48683,38419,13,7,2215,348,2731,3379,19407,5128,4652,0,0,30688,27339,386,3509,2,8,0,0,7
846,11100,847.0820197054751,99799,1798,1126,141,58,70467,38658,1.0934478301385786,909,589,13038,19707,29965,20140,4148,8379,48692,38428,18,8,2194,343,2717,3374,19511,5181,4643,0,0,30714,27218,385,3496,2,9,1,0,11
847,11100,848.3001694871476,99798,1793,1085,142,58,70734,38834,1.0978977534619931,870,593,13084,19759,29994,20192,4116,8312,48701,38437,25,9,2172,338,2697,3385,19656,5238,4625,0,0,30755,27049,381,3472,3,12,1,0,14
848,11100,849.2137245874533,99798,1742,1068,142,58,70935,38949,1.101064149582156,850,608,13141,19762,30027,20216,4097,8287,48710,38446,33,10,2150,334,2683,3396,19742,5303,4617,0,0,30775,26931,377,3454,3,15,1,0,17
849,11100,850.1270209545079,99798,1707,1050,142,58,71121,39082,1.1042606064249785,856,584,13167,19809,30051,20245,4076,8253,48719,38455,43,11,2131,329,2659,3406,19828,5360,4610,0,0,30821,26795,371,3443,3,16,3,0,23
850,11100,851.040127539341,99798,1685,1053,142,58,71304,39221,1.1074871239904607,856,559,13194,19843,30072,20259,4050,8227,48728,38463,55,12,2110,328,2646,3405,19929,5410,4607,0,0,30819,26694,367,3427,3,23,5,0,25
851,11100,852.2573701689643,99798,1646,1046,142,58,71546,39394,1.111645523958396,862,535,13238,19857,30097,20304,4014,8199,48737,38471,69,13,2085,324,2636,3413,20037,5480,4596,0,0,30854,26539,361,3404,4,29,6,0,30
852,11100,853.1699094257734,99797,1640,1038,143,58,71737,39521,1.1148431315570608,841,535,13264,19880,30119,20331,3992,8157,48746,38479,85,14,2068,320,2625,3414,20108,5536,4586,0,0,30873,26427,358,3396,4,36,8,0,38
853,11100,854.0820631591816,99797,1584,1007,143,58,71916,39634,1.1177690712145656,801,517,13320,19930,30175,20352,3976,8135,48755,38487,104,15,2050,318,2609,3418,20214,5594,4573,0,0,30884,26305,354,3379,4,43,8,0,44
854,11100,855.297809586542,99795,1541,1020,143,60,72166,39790,1.1218598126158625,788,513,13391,19959,30191,20351,3945,8096,48764,38495,125,17,2025,317,2597,3441,20289,5677,4555,0,0,30899,26175,344,3358,5,56,8,0,49
855,11100,856.2099304441322,99795,1502,1017,143,60,72332,39911,1.1247357082018137,777,490,13456,19967,30198,20374,3923,8091,48773,38503,149,19,2009,314,2580,3447,20363,5738,4537,0,0,30914,26070,343,3341,6,63,10,0,60
856,11100,857.1222955117221,99795,1479,988,143,60,72506,40010,1.1274713161982064,761,482,13503,19998,30206,20397,3907,8074,48782,38511,176,21,1991,310,2568,3453,20434,5800,4527,0,0,30912,25973,339,3327,7,77,11,0,66
857,11100,858.035364462724,99795,1459,972,143,60,72663,40111,1.130056616062929,787,493,13544,20010,30181,20406,3885,8058,48791,38519,206,23,1981,309,2558,3457,20501,5855,4510,0,0,30913,25870,337,3315,7,91,11,0,80
858,11100,859.2533590801763,99793,1423,958,145,60,72899,40261,1.1339472708506608,761,489,13585,20038,30223,20420,3862,8034,48800,38527,239,26,1960,305,2548,3461,20593,5936,4500,0,0,30913,25725,334,3299,9,104,14,0,92
859,11100,860.1665656852515,99793,1389,938,145,60,73051,40370,1.136562684757448,773,474,13652,20037,30207,20458,3833,8032,48808,38535,276,29,1948,303,2537,3464,20662,5983,4491,0,0,30951,25587,330,3283,11,122,15,0,106
860,11100,861.0805841597459,99793,1380,915,145,60,73230,40473,1.1393885342659305,734,465,13706,20052,30220,20466,3814,8041,48816,38543,317,32,1930,302,2528,3464,20725,6052,4489,0,0,30942,25483,324,3268,14,131,17,0,124
861,11100,862.2995114225184,99793,1354,913,145,60,73463,40614,1.1431362921246981,683,454,13755,20081,30263,20459,3799,8032,48824,38551,361,36,1911,300,2519,3484,20790,6136,4473,0,0,30938,25348,319,3252,17,151,17,0,138
862,11100,863.2135894871416,99792,1344,904,145,61,73625,40725,1.1458834375501041,665,422,13797,20103,30258,20472,3790,8037,48832,38559,409,40,1900,297,2509,3481,20865,6189,4463,0,0,30943,25234,318,3232,19,169,20,0,153
863,11100,864.1282692736391,99791,1313,885,146,61,73775,40822,1.1483700934954053,659,434,13857,20120,30242,20460,3782,8039,48840,38567,462,45,1885,295,2500,3470,20919,6255,4458,0,0,30951,25114,317,3221,21,185,21,0,179
864,11100,865.0435754375685,99790,1291,870,147,61,73934,40913,1.1508868624110633,632,428,13914,20137,30245,20445,3770,8058,48848,38575,519,50,1864,292,2484,3476,20972,6314,4452,0,0,30946,25007,315,3214,23,204,26,0,201
865,11100,866.2651970290316,99789,1259,825,147,62,74117,41044,1.1540450350239004,635,414,13990,20173,30207,20466,3761,8059,48856,38583,580,56,1845,290,2473,3479,21054,6385,4445,0,0,30954,24849,310,3196,26,232,28,0,223
866,11100,867.1829679577647,99789,1258,801,147,62,74264,41136,1.1564400885869184,604,410,14050,20187,30197,20458,3743,8081,48864,38590,646,62,1835,287,2459,3483,21101,6451,4432,0,0,30919,24759,309,3190,28,261,30,0,245
867,11100,868.1014485409048,99789,1195,774,147,62,74397,41219,1.1586046558237881,609,407,14094,20199,30218,20441,3736,8116,48872,38597,716,69,1819,284,2452,3498,21151,6510,4412,0,0,30922,24633,305,3177,30,289,31,0,276
868,11100,869.0203005648029,99789,1163,759,147,62,74544,41303,1.160919540229885,588,411,14155,20200,30219,20420,3727,8147,48880,38604,791,77,1802,282,2444,3500,21199,6570,4404,0,0,30919,24516,301,3162,34,313,34,0,309
869,11100,870.2465854175166,99789,1136,751,147,62,74717,41435,1.1639759893375021,578,375,14226,20240,30206,20410,3706,8161,48888,38611,871,86,1781,281,2428,3496,21275,6638,4397,0,0,30898,24391,300,3140,38,350,37,0,339
870,11100,871.1671057745838,99789,1132,726,147,62,74864,41519,1.166290873743599,549,354,14280,20240,30197,20403,3694,8214,48896,38618,956,95,1769,279,2421,3498,21326,6700,4385,0,0,30862,24284,298,3127,41,384,39,0,376
871,11100,872.0884368076383,99789,1104,704,147,62,74974,41608,1.1682850815220114,552,335,14335,20247,30172,20394,3689,8257,48904,38625,1046,105,1755,274,2412,3500,21360,6760,4376,0,0,30842,24173,295,3122,43,423,42,0,412
872,11100,873.0108596857384,99789,1070,676,147,62,75097,41674,1.1701790778542724,551,332,14376,20241,30172,20376,3683,8312,48912,38632,1142,116,1742,274,2402,3501,21385,6831,4366,0,0,30812,24060,294,3108,45,461,45,0,463
873,11100,874.2421555398656,99788,1025,642,148,62,75250,41757,1.1725558183348699,536,318,14471,20276,30149,20343,3670,8358,48920,38639,1243,128,1727,271,2395,3507,21434,6907,4352,0,0,30780,23926,291,3091,48,500,47,0,512
874,11100,875.1671415527455,99787,1024,635,149,62,75367,41817,1.1743413470692574,531,318,14525,20266,30105,20296,3665,8422,48928,38646,1349,141,1713,270,2388,3498,21451,6963,4355,0,0,30748,23829,290,3075,55,546,50,0,556
875,11100,876.0933416384036,99787,1022,613,149,62,75502,41891,1.1764358082716186,495,308,14589,20274,30080,20251,3664,8491,48936,38653,1461,155,1703,268,2374,3501,21496,7019,4344,0,0,30718,23713,290,3051,61,588,53,0,608
876,11100,877.0208514643289,99786,1014,615,149,63,75611,41969,1.178321608241637,484,314,14637,20261,30053,20194,3662,8552,48944,38660,1578,170,1695,268,2363,3499,21526,7070,4335,0,0,30692,23599,289,3037,66,631,59,0,657
877,11100,878.2589847648206,99786,1002,601,149,63,75753,42060,1.180656605134989,467,314,14703,20276,30021,20134,3657,8611,48952,38667,1701,186,1680,268,2353,3500,21579,7131,4330,0,0,30636,23477,285,3017,68,691,66,0,705
878,11100,879.1889671220733,99786,978,589,149,63,75861,42127,1.1824103581664762,464,311,14749,20259,30005,20076,3654,8701,48959,38674,1829,203,1665,267,2344,3497,21624,7179,4328,0,0,30575,23369,283,3002,78,752,67,0,756
879,11100,880.1198076809333,99785,970,578,149,64,75976,42197,1.184276193816706,452,307,14801,20247,29966,20017,3661,8786,48966,38681,1963,221,1658,266,2334,3499,21638,7244,4314,0,0,30531,23258,282,2990,84,810,73,0,804
880,11100,881.0520044981863,99784,938,581,149,65,76082,42282,1.1862021967449692,459,297,14859,20229,29928,19948,3666,8879,48973,38688,2103,241,1650,263,2324,3507,21658,7308,4298,0,0,30487,23137,282,2973,91,874,78,0,854
881,11100,882.2974084490118,99784,925,572,149,65,76212,42373,1.188416980678265,467,291,14940,20224,29864,19874,3654,8973,48980,38695,2248,262,1636,260,2314,3498,21701,7374,4299,0,0,30426,23006,281,2957,102,932,83,0,915
882,11100,883.2333454703322,99784,915,545,149,65,76307,42442,1.1900605307464123,468,292,14969,20212,29836,19820,3662,9065,48987,38702,2399,284,1631,258,2307,3494,21708,7455,4290,0,0,30369,22890,277,2941,112,991,84,0,977
883,11100,884.1703873892367,99784,919,545,149,65,76435,42508,1.1920047302172694,428,293,15028,20196,29797,19737,3678,9163,48994,38709,2556,308,1622,256,2297,3494,21709,7531,4280,0,0,30313,22781,276,2926,120,1051,89,0,1039
884,11100,885.1089534563528,99784,905,528,149,65,76533,42566,1.1935681071113606,422,284,15068,20210,29766,19646,3689,9266,49001,38715,2718,333,1608,255,2284,3492,21723,7599,4278,0,0,30232,22685,276,2908,125,1136,94,0,1089
885,11100,886.0488981686883,99784,880,523,149,65,76635,42628,1.1952116571795077,426,279,15106,20200,29729,19555,3709,9377,49008,38721,2886,360,1598,255,2269,3485,21738,7673,4270,0,0,30167,22570,275,2890,133,1208,97,0,1156
886,11100,887.3041582049295,99784,873,521,149,65,76787,42717,1.1976268740479437,393,274,15192,20192,29680,19471,3712,9476,49015,38727,3059,388,1589,254,2258,3478,21752,7766,4258,0,0,30107,22429,275,2871,141,1275,102,0,1229
887,11100,888.2475532645278,99784,859,496,149,65,76884,42761,1.19903992624068,395,277,15250,20172,29621,19389,3725,9600,49022,38733,3238,418,1582,252,2250,3482,21727,7862,4247,0,0,30035,22324,273,2853,149,1351,106,0,1291
888,11100,889.1929228260952,99784,826,487,149,65,76972,42821,1.200523129960715,395,278,15305,20144,29588,19309,3736,9716,49029,38739,3422,450,1574,251,2238,3485,21729,7939,4237,0,0,29943,22213,267,2841,158,1438,112,0,1359
889,11100,890.1401267933632,99784,804,470,149,65,77057,42883,1.2019963120339934,407,265,15370,20113,29516,19239,3753,9847,49036,38745,3612,484,1567,250,2222,3484,21736,8017,4230,0,0,29865,22086,267,2825,167,1516,120,0,1432
890,11100,891.0896969299164,99784,794,442,149,65,77152,42929,1.2034093642267298,400,272,15418,20075,29457,19154,3781,9991,49043,38751,3807,519,1559,250,2207,3477,21730,8096,4225,0,0,29814,21954,267,2807,174,1599,126,0,1499
891,11100,892.0414957019644,99784,791,438,149,65,77249,42995,1.20504289264812,377,261,15474,20053,29409,19051,3799,10131,49050,38757,4007,556,1551,250,2194,3477,21727,8172,4215,0,0,29736,21829,266,2789,182,1686,134,0,1576
892,11100,893.3136234449839,99784,756,428,149,65,77353,43075,1.206886875651407,377,240,15563,20013,29335,18982,3819,10271,49057,38763,4212,595,1540,249,2176,3486,21717,8271,4200,0,0,29659,21688,264,2776,189,1763,144,0,1662
893,11100,894.270322383694,99784,720,432,149,65,77446,43138,1.2084502525454983,370,217,15616,19981,29295,18877,3849,10427,49064,38769,4422,636,1527,248,2165,3482,21722,8350,4197,0,0,29562,21567,262,2760,198,1850,152,0,1742
894,11100,895.2289771829528,99784,717,419,149,65,77546,43187,1.2099434779122906,360,212,15668,19970,29238,18781,3867,10552,49071,38775,4637,679,1522,247,2153,3493,21722,8424,4175,0,0,29465,21439,258,2748,206,1941,160,0,1831
895,11100,896.1896212166083,99784,717,430,149,65,77633,43246,1.2114066383388118,349,190,15708,19954,29178,18669,3898,10691,49078,38781,4856,724,1515,246,2144,3489,21707,8494,4170,0,0,29376,21306,256,2738,212,2038,166,0,1927
896,11100,897.1525442610679,99784,693,394,149,65,77702,43286,1.2124989978353242,356,194,15782,19903,29089,18590,3930,10853,49085,38787,5080,772,1509,241,2134,3494,21699,8574,4162,0,0,29290,21151,252,2726,221,2131,168,0,2032
897,11100,898.1186311920839,99784,673,385,149,65,77783,43325,1.2137015954461636,338,203,15858,19852,29016,18483,3965,11011,49092,38793,5308,822,1499,238,2119,3493,21662,8662,4162,0,0,29204,21012,251,2719,225,2236,178,0,2124
898,11100,899.0877315573878,99784,649,377,149,65,77848,43371,1.21481399823619,348,195,15932,19828,28927,18360,3994,11174,49099,38799,5541,874,1492,238,2105,3486,21647,8745,4158,0,0,29111,20876,250,2703,233,2327,189,0,2224
899,11100,900.0597857868822,99784,638,373,149,65,77902,43398,1.2156257516235067,368,227,15971,19858,28896,18340,3977,11136,49099,38799,5541,874,1486,238,2102,3485,21660,8769,4160,0,0,29114,20851,250,2698,232,2326,189,0,2224
900,11100,900.0597857868822,99784,629,367,149,65,77923,43411,1.2159664876132446,369,233,15984,19775,28848,18236,4020,11323,49099,38799,5778,928,1485,238,2095,3483,21625,8826,4158,1,17,28988,20749,249,2685,243,2437,196,1,2308
901,11100,901.0346319286076,99784,637,376,149,65,78009,43470,1.2174196263930088,406,229,16024,19733,28736,18109,4047,11487,49099,38799,6018,985,1479,238,2086,3485,21613,8897,4151,7,51,28828,20625,249,2668,250,2556,202,2,2397
902,11100,902.0128600692659,99784,645,365,149,65,78102,43521,1.2188627435260162,387,248,16092,19673,28640,18000,4086,11648,49099,38799,6262,1044,1477,236,2073,3492,21596,8978,4141,9,87,28671,20493,247,2646,265,2666,212,5,2490
903,11100,903.3219993107909,99784,652,373,149,65,78226,43599,1.2208871161709292,404,235,16149,19659,28532,17870,4113,11797,49099,38799,6510,1105,1476,236,2059,3491,21590,9070,4132,10,141,28492,20357,247,2621,280,2785,220,8,2569
904,11100,904.306984056646,99784,654,394,149,65,78323,43667,1.2225406878858334,413,228,16185,19620,28443,17732,4155,11960,49099,38799,6761,1169,1469,235,2052,3495,21555,9160,4125,17,168,28343,20223,245,2603,290,2894,226,14,2670
905,11100,905.2947714455961,99784,637,402,149,65,78421,43728,1.2241341297201955,410,226,16246,19572,28362,17619,4195,12115,49099,38799,7015,1235,1460,234,2036,3496,21517,9262,4116,26,207,28175,20078,244,2593,297,3017,236,19,2771
906,11100,906.2854764651419,99784,646,402,149,65,78516,43788,1.2256874849675299,407,234,16278,19526,28284,17494,4235,12278,49099,38799,7272,1304,1456,234,2024,3494,21468,9372,4110,30,239,28021,19943,244,2580,305,3128,244,24,2868
907,11100,907.2787321688884,99784,665,386,149,65,78621,43837,1.2272308185681071,412,250,16326,19477,28170,17373,4277,12448,49099,38799,7532,1376,1451,233,2014,3500,21410,9484,4102,35,274,27863,19805,244,2564,317,3243,250,30,2965
908,11100,908.2758108547793,99784,661,405,149,65,78722,43898,1.2288543253427404,413,245,16379,19430,28080,17227,4317,12627,49099,38799,7794,1450,1447,233,2007,3503,21381,9580,4092,39,299,27668,19684,244,2549,323,3388,256,35,3056
909,11100,909.2759684463487,99784,692,407,149,65,78839,43964,1.2306882866992703,403,245,16420,19380,27972,17095,4363,12807,49099,38799,8059,1527,1444,232,1991,3506,21333,9681,4085,42,342,27507,19532,244,2532,335,3510,268,39,3161
910,11100,910.2796607316185,99784,718,417,149,65,78950,44033,1.2324921831155295,386,237,16476,19365,27859,16954,4411,12961,49099,38799,8326,1607,1442,232,1979,3508,21292,9780,4081,44,376,27330,19388,243,2514,348,3643,274,48,3262
911,11100,911.2871898386401,99784,702,426,149,65,79036,44107,1.2340956465966488,414,224,16495,19313,27777,16832,4462,13139,49099,38799,8595,1689,1437,231,1959,3512,21254,9898,4074,49,408,27146,19260,241,2500,359,3762,288,57,3349
912,11100,912.2977157397124,99784,685,426,149,65,79127,44160,1.235538763729656,433,228,16538,19259,27685,16705,4509,13316,49099,38799,8865,1774,1434,231,1950,3512,21232,9994,4061,52,433,26979,19116,240,2480,372,3880,294,70,3454
913,11100,913.3115550822529,99784,698,418,149,65,79240,44213,1.2372023570913173,443,228,16555,19189,27592,16611,4562,13488,49099,38799,9137,1862,1428,230,1938,3519,21204,10092,4054,58,470,26802,18954,236,2467,379,4003,301,74,3575
914,11100,914.3286180401128,99784,736,406,149,65,79356,44273,1.2389661669205483,426,226,16602,19145,27463,16493,4623,13664,49099,38799,9410,1953,1427,229,1926,3514,21159,10203,4049,59,512,26633,18812,233,2447,395,4130,307,80,3669
915,11100,915.0090328166644,99784,724,412,149,65,79420,44317,1.2400485047703038,417,222,16626,19070,27395,16371,4688,13859,49099,38799,9684,2046,1422,228,1911,3512,21102,10297,4045,64,547,26470,18675,233,2429,412,4267,319,86,3765
916,11100,916.0331918927088,99784,700,405,149,65,79514,44385,1.2416720115449371,413,231,16668,19037,27318,16249,4751,14012,49099,38799,9959,2142,1418,227,1898,3518,21065,10417,4029,68,586,26283,18521,231,2410,424,4393,330,92,3874
917,11100,917.060495059172,99784,705,418,149,65,79612,44445,1.2432554317325424,430,222,16673,18974,27223,16124,4819,14196,49099,38799,10235,2241,1417,227,1887,3525,20983,10554,4017,69,610,26130,18388,230,2386,441,4509,338,97,3976
918,11100,918.0911810866835,99784,707,399,149,65,79711,44491,1.2447085705123067,441,250,16693,18916,27120,16009,4889,14360,49099,38799,10512,2343,1412,227,1875,3536,20934,10665,4006,73,648,25945,18225,228,2372,454,4639,348,107,4090
919,11100,919.1255502903293,99783,725,418,149,66,79828,44563,1.2466151548861029,433,263,16730,18860,27000,15875,4962,14517,49099,38799,10789,2448,1408,226,1863,3534,20889,10775,4001,77,677,25768,18075,228,2351,469,4770,355,114,4203
920,11100,920.1640774957486,99782,724,414,150,66,79952,44627,1.2485117556272674,413,285,16767,18818,26921,15735,5024,14681,49099,38799,11066,2555,1405,226,1849,3535,20848,10908,3992,79,715,25570,17926,227,2333,480,4896,365,123,4305
921,11100,921.2063517649937,99782,738,433,150,66,80069,44700,1.250415906676555,423,281,16822,18747,26773,15606,5093,14866,49099,38799,11343,2665,1401,225,1835,3536,20770,11042,3983,83,741,25426,17772,227,2311,498,5000,377,133,4422
922,11100,922.2532992845325,99782,730,444,150,66,80183,44769,1.2522499047924476,434,279,16837,18675,26689,15497,5159,15038,49099,38799,11620,2778,1397,225,1818,3537,20705,11178,3973,87,774,25258,17614,225,2287,511,5125,389,141,4538
923,11100,923.3037423451256,99782,740,445,150,66,80300,44841,1.2541440339941072,434,274,16861,18616,26569,15399,5245,15199,49099,38799,11897,2894,1395,223,1801,3548,20658,11299,3961,89,804,25058,17466,221,2274,522,5267,400,152,4644
924,11100,924.0064563659574,99782,750,463,150,66,80375,44897,1.2554568960333528,439,266,16860,18524,26464,15279,5336,15401,49099,38799,12173,3013,1390,222,1784,3555,20577,11424,3955,93,814,24890,17343,221,2256,536,5400,414,158,4750
925,11100,925.0652579524614,99782,761,444,150,66,80481,44950,1.2570503698061775,447,281,16874,18473,26345,15165,5422,15570,49099,38799,12449,3134,1385,222,1770,3563,20523,11548,3944,98,839,24705,17192,220,2239,546,5533,423,172,4860
926,11100,926.1287209919238,99781,780,458,150,67,80613,45033,1.2592176867339473,429,261,16900,18415,26232,15057,5508,15741,49099,38799,12724,3258,1383,220,1757,3573,20461,11681,3932,100,882,24524,17026,219,2216,557,5664,433,183,4970
927,11100,927.1966564248415,99781,774,465,150,67,80720,45103,1.2609915715416762,461,260,16897,18330,26132,14954,5585,15923,49099,38799,12998,3385,1379,219,1745,3577,20406,11806,3924,104,919,24340,16864,218,2197,572,5791,442,198,5080
928,11100,928.2686948894468,99780,767,463,151,67,80835,45179,1.2629184205251553,481,249,16925,18286,26007,14850,5668,16084,49099,38799,13271,3515,1378,219,1731,3572,20372,11927,3918,105,958,24134,16695,218,2179,582,5933,453,212,5194
929,11100,929.3451950001925,99780,769,453,151,67,80966,45249,1.264932852275005,488,245,16923,18242,25918,14756,5750,16236,49099,38799,13543,3647,1372,219,1721,3572,20322,12059,3907,111,1010,23935,16510,217,2162,595,6071,459,219,5319
930,11100,930.0649491576821,99780,805,456,151,67,81063,45301,1.2664261375025054,481,233,16895,18186,25817,14631,5850,16426,49099,38799,13813,3782,1368,219,1710,3572,20237,12191,3902,115,1020,23775,16383,217,2147,603,6201,468,229,5423
931,11100,931.1494761545392,99780,800,442,151,67,81182,45369,1.2683002605732612,503,235,16893,18128,25709,14554,5943,16573,49099,38799,14082,3920,1360,217,1701,3567,20175,12335,3891,123,1055,23593,16221,217,2120,625,6328,473,247,5532
932,11100,932.2380142520559,99779,814,461,152,67,81317,45444,1.2704176229467123,515,240,16895,18072,25596,14443,6027,16716,49099,38799,14349,4060,1357,215,1690,3571,20129,12460,3882,125,1089,23407,16071,216,2096,640,6459,478,255,5639
933,11100,933.3309528358984,99779,823,485,152,67,81456,45524,1.2726124735665822,492,257,16921,18022,25484,14329,6127,16839,49099,38799,14615,4203,1348,214,1672,3576,20064,12605,3868,134,1126,23234,15914,215,2079,650,6578,490,265,5747
934,11100,934.0622495110292,99779,806,497,152,67,81540,45581,1.2740255965684162,505,256,16900,17930,25398,14234,6238,17015,49099,38799,14879,4348,1339,214,1661,3579,19996,12728,3856,143,1144,23053,15774,215,2057,667,6721,498,275,5859
935,11100,935.163831723072,99778,812,496,152,68,81673,45660,1.2761630820421335,511,246,16904,17882,25295,14130,6325,17177,49099,38799,15141,4496,1331,214,1642,3576,19913,12898,3850,151,1172,22868,15640,215,2030,686,6842,513,293,5944
936,11100,936.2695588242958,99778,828,475,152,68,81820,45720,1.27823768766662,501,259,16879,17896,25211,14020,6428,17281,49099,38799,15401,4646,1330,213,1632,3588,19860,13036,3835,152,1206,22657,15493,214,2009,701,6985,521,310,6036
937,11100,937.0087114766774,99777,830,470,152,69,81912,45760,1.2795734487908035,503,272,16846,17821,25136,13914,6532,17453,49099,38799,15659,4798,1330,212,1620,3592,19794,13159,3824,152,1223,22488,15353,214,1992,713,7110,532,326,6143
938,11100,938.1214301947822,99777,815,477,152,69,82037,45836,1.2815879411086724,532,285,16826,17777,25029,13821,6645,17570,49099,38799,15915,4953,1327,212,1604,3595,19747,13294,3810,155,1262,22275,15205,213,1976,724,7260,542,342,6234
939,11100,939.2383930700096,99777,834,470,152,69,82184,45908,1.2837828357236638,528,286,16849,17747,24901,13717,6735,17710,49099,38799,16168,5110,1319,211,1587,3596,19689,13444,3802,163,1285,22093,15062,211,1954,736,7378,553,368,6326
940,11100,940.3610040454012,99777,852,481,152,69,82332,45997,1.2861581326357778,524,279,16852,17701,24795,13624,6824,17845,49099,38799,16419,5269,1311,211,1572,3594,19646,13571,3795,171,1316,21895,14910,211,1935,749,7518,561,395,6416
941,11100,941.112139725836,99777,857,490,152,69,82439,46054,1.2878017980095613,509,278,16841,17630,24696,13524,6944,18008,49099,38799,16668,5430,1304,209,1559,3596,19582,13701,3787,178,1336,21719,14775,211,1921,760,7642,571,410,6516
942,11100,942.243478223059,99776,858,484,153,69,82594,46120,1.2900296664528543,495,275,16848,17569,24600,13472,7045,18130,49099,38799,16914,5593,1299,206,1546,3606,19508,13865,3772,183,1357,21544,14633,209,1900,771,7752,581,431,6613
943,11100,943.0003901022585,99776,859,476,153,69,82701,46166,1.2915631013470172,489,291,16821,17515,24515,13367,7162,18281,49099,38799,17158,5758,1295,204,1535,3605,19437,14003,3767,187,1375,21341,14524,209,1883,780,7908,588,452,6683
944,11100,944.1405533802277,99776,861,472,153,69,82841,46241,1.2937179281590763,480,293,16830,17473,24415,13292,7260,18400,49099,38799,17399,5925,1287,204,1518,3598,19375,14159,3754,195,1399,21163,14393,209,1866,791,8026,600,479,6760
945,11100,945.2855550950242,99776,862,486,153,69,82984,46332,1.2960631815266197,465,267,16856,17446,24296,13212,7367,18519,49099,38799,17637,6093,1283,204,1497,3597,19305,14319,3743,198,1436,20970,14260,208,1845,802,8160,618,499,6832
946,11100,946.0520568003266,99776,844,487,153,69,83064,46382,1.2973661000641437,472,258,16835,17386,24193,13133,7502,18666,49099,38799,17873,6263,1277,203,1486,3602,19224,14464,3732,204,1448,20791,14144,208,1832,811,8291,626,509,6924
947,11100,947.2081351298586,99776,829,484,153,69,83197,46456,1.2994407472738936,488,264,16825,17372,24092,13058,7612,18752,49099,38799,18106,6435,1273,202,1469,3601,19173,14611,3715,208,1471,20615,13989,206,1811,825,8413,633,533,7028
948,11100,948.3693244339089,99776,852,483,153,69,83353,46528,1.3017258659397049,469,276,16801,17337,23991,12971,7733,18863,49099,38799,18336,6608,1270,201,1450,3610,19110,14757,3699,211,1510,20438,13837,205,1800,833,8530,644,552,7119
949,11100,949.1459704761246,99776,829,484,153,69,83446,46584,1.3032192110327132,458,268,16758,17291,23929,12884,7872,19003,49099,38799,18563,6783,1264,201,1439,3606,19040,14900,3691,214,1532,20263,13709,205,1783,843,8659,653,567,7207
950,11100,950.3149748260557,99776,836,499,153,69,83591,46672,1.3055544419499678,423,261,16767,17296,23833,12789,7987,19085,49099,38799,18788,6959,1262,200,1424,3608,18981,15051,3681,216,1559,20072,13578,204,1766,851,8783,666,583,7291
951,11100,951.0970165110825,99776,833,506,153,69,83681,46732,1.307057809493265,421,241,16749,17261,23715,12708,8128,19214,49099,38799,19010,7136,1255,199,1410,3611,18895,15194,3672,223,1570,19914,13467,204,1745,868,8898,678,603,7370
952,11100,952.2764691081294,99775,795,475,154,69,83794,46799,1.308874968679529,436,245,16758,17244,23621,12634,8235,19332,49099,38799,19229,7314,1248,197,1401,3601,18834,15356,3661,230,1603,19732,13335,204,1724,880,9019,682,638,7430
953,11100,953.0660015385648,99774,787,471,155,69,83882,46854,1.3103213261972058,426,248,16752,17200,23508,12546,8371,19465,49099,38799,19445,7493,1245,196,1385,3606,18744,15509,3653,233,1614,19556,13228,204,1709,891,9145,692,662,7502
954,11100,954.2570950328853,99774,793,449,155,69,84012,46916,1.3122456752260108,424,266,16770,17189,23380,12485,8477,19541,49099,38799,19658,7673,1240,195,1371,3605,18689,15657,3645,238,1640,19379,13095,203,1691,901,9253,702,688,7582
955,11100,955.0546673188568,99774,785,438,155,69,84093,46959,1.3134884839737808,439,285,16741,17128,23265,12412,8614,19667,49099,38799,19868,7854,1238,195,1364,3609,18612,15797,3635,240,1644,19223,12984,202,1672,917,9362,707,714,7659
956,11100,956.258005563984,99774,783,420,155,69,84235,47020,1.3155230821656945,409,299,16723,17131,23193,12347,8736,19733,49099,38799,20075,8036,1234,194,1353,3618,18536,15956,3621,242,1668,19031,12858,199,1663,923,9489,714,743,7732
957,11100,957.062616344108,99774,762,432,155,69,84317,47081,1.3169563212861066,416,283,16706,17091,23082,12272,8878,19852,49099,38799,20279,8219,1228,193,1335,3620,18456,16108,3613,248,1680,18885,12753,198,1643,934,9587,727,762,7804
958,11100,958.2759744446724,99773,765,422,156,69,84446,47152,1.3189740711414912,386,289,16722,17088,22965,12206,9005,19925,49099,38799,20481,8403,1223,192,1325,3619,18373,16278,3605,253,1698,18716,12639,196,1621,949,9699,730,787,7870
959,11100,959.0884205329363,99773,753,437,156,69,84531,47212,1.3204273701301956,375,282,16712,17072,22863,12121,9140,20018,49099,38799,20680,8587,1219,191,1317,3622,18289,16432,3598,257,1703,18548,12541,196,1610,954,9813,735,805,7943
960,11100,960.3141186850008,99773,726,433,156,69,84644,47295,1.322391829452858,387,280,16715,17071,22751,12067,9264,20079,49099,38799,20876,8772,1216,190,1301,3626,18225,16596,3586,259,1739,18372,12406,196,1598,954,9926,741,826,8016
961,11100,961.1347752615167,99773,737,437,156,69,84749,47355,1.324045583474487,362,276,16707,17042,22644,11999,9393,20176,49099,38799,21069,8957,1214,190,1286,3632,18138,16737,3576,260,1760,18229,12283,194,1587,961,10033,752,844,8097
962,11100,962.3730041866836,99772,713,444,157,69,84862,47435,1.325993264643387,385,261,16701,17063,22529,11943,9514,20219,49099,38799,21259,9142,1208,188,1276,3638,18062,16897,3561,266,1779,18065,12179,193,1563,975,10138,759,868,8157
963,11100,963.20210116993,99771,701,441,158,69,84949,47497,1.3274999749426186,375,244,16648,17048,22455,11887,9662,20310,49099,38799,21446,9328,1205,187,1265,3639,17997,17031,3553,269,1792,17897,12074,193,1549,988,10252,766,889,8225
964,11100,964.0345005331019,99771,687,427,158,69,85021,47551,1.3287628669653506,394,237,16625,17025,22343,11830,9792,20411,49099,38799,21630,9514,1200,184,1250,3642,17917,17178,3546,273,1799,17752,11977,193,1537,992,10355,778,915,8283
965,11100,965.2898209371456,99770,685,426,159,69,85148,47613,1.3306705422471685,376,242,16642,17032,22241,11757,9896,20473,49099,38799,21811,9700,1193,184,1237,3653,17847,17327,3530,280,1814,17571,11876,191,1523,1003,10475,785,934,8347
966,11100,966.1298874621651,99770,683,416,159,69,85225,47658,1.3318933547158465,383,245,16631,17004,22118,11700,10025,20565,49099,38799,21990,9886,1190,184,1226,3656,17751,17474,3524,283,1832,17425,11782,190,1507,1016,10583,791,948,8408
967,11100,967.3977188624158,99769,702,387,160,69,85371,47724,1.3340316130260903,373,248,16603,17007,22022,11661,10139,20627,49099,38799,22166,10072,1186,183,1217,3662,17702,17628,3512,286,1854,17247,11672,190,1494,1022,10673,799,975,8467
968,11100,968.2463189511451,99769,674,397,160,69,85443,47774,1.3352544377512052,369,248,16594,16974,21929,11602,10273,20709,49099,38799,22339,10257,1182,182,1209,3654,17629,17766,3509,290,1870,17111,11560,188,1480,1033,10764,806,998,8538
969,11100,969.0987162190777,99769,678,386,160,69,85531,47817,1.3365674708576814,357,244,16575,16955,21824,11556,10405,20789,49099,38799,22509,10442,1178,182,1198,3648,17542,17910,3504,294,1880,16971,11471,188,1463,1044,10870,813,1019,8594
970,11100,970.3849683802308,99769,646,380,160,69,85651,47892,1.3385219857871684,347,234,16592,16991,21740,11488,10514,20837,49099,38799,22677,10627,1168,180,1186,3647,17479,18074,3496,304,1884,16810,11382,186,1448,1054,10962,819,1053,8637
971,11100,971.2454285925667,99769,654,393,160,69,85734,47950,1.3399352504284898,338,236,16582,16989,21615,11440,10650,20872,49099,38799,22842,10811,1167,180,1173,3647,17404,18200,3491,304,1886,16674,11286,186,1436,1065,11064,825,1072,8709
972,11100,972.1105476014176,99769,657,386,160,69,85822,48000,1.3413184456093576,335,232,16553,16983,21513,11389,10781,20940,49099,38799,23004,10995,1166,180,1168,3639,17324,18347,3486,305,1896,16542,11191,185,1422,1076,11153,827,1095,8767
973,11100,973.41606962648,99768,636,389,161,69,85935,48071,1.3431761687114105,342,219,16565,17000,21408,11350,10887,20972,49099,38799,23164,11178,1163,179,1159,3631,17248,18510,3479,307,1913,16403,11093,184,1404,1088,11239,832,1120,8816
974,11100,974.2900135388884,99768,607,387,161,69,86008,48120,1.3443990056932082,352,211,16547,16992,21324,11306,11008,21034,49099,38799,23321,11361,1159,179,1152,3633,17179,18637,3469,310,1926,16267,11004,184,1392,1098,11331,837,1147,8864
975,11100,975.1680454705335,99767,592,382,162,69,86075,48170,1.3455852135475659,360,213,16535,16976,21229,11266,11121,21093,49099,38799,23475,11543,1157,179,1141,3628,17108,18774,3463,312,1935,16136,10914,184,1384,1102,11419,845,1167,8919
976,11100,976.0499541214955,99767,586,366,162,69,86154,48208,1.3467579460142132,359,223,16526,16980,21117,11214,11249,21147,49099,38799,23627,11724,1153,179,1129,3633,17024,18908,3453,316,1957,16020,10812,184,1371,1110,11500,853,1190,8975
977,11100,977.3811539497366,99767,611,343,162,69,86286,48274,1.3487425701885394,318,214,16566,17026,21000,11178,11342,21169,49099,38799,23776,11904,1151,177,1121,3629,16972,19051,3447,318,1976,15874,10715,183,1359,1119,11582,855,1221,9017
978,11100,978.2727033076819,99767,599,346,162,69,86347,48318,1.349795022402197,332,213,16582,17046,20878,11102,11446,21223,49099,38799,23923,12083,1148,177,1113,3632,16899,19174,3439,321,1974,15750,10631,183,1346,1129,11671,862,1238,9080
979,11100,979.1693970319934,99767,589,352,162,69,86414,48364,1.3509276614511811,344,210,16586,17058,20748,11042,11570,21268,49099,38799,24067,12261,1146,177,1106,3632,16827,19295,3433,323,1986,15619,10543,182,1340,1132,11770,867,1251,9138
980,11100,980.0716303237701,99767,599,357,162,69,86491,48413,1.3521906041075706,349,203,16589,17065,20626,11008,11674,21297,49099,38799,24209,12438,1144,176,1094,3633,16745,19418,3427,325,1997,15498,10458,182,1334,1137,11862,877,1266,9194
981,11100,981.4346460705082,99767,603,351,162,69,86609,48474,1.3539847845479969,339,212,16643,17096,20492,10962,11760,21309,49099,38799,24348,12614,1138,176,1080,3631,16667,19569,3417,331,2016,15377,10361,182,1330,1139,11934,885,1288,9246
982,11100,982.3481388729892,99767,592,353,162,69,86692,48517,1.3552477272043861,329,209,16639,17105,20393,10906,11884,21357,49099,38799,24485,12789,1137,175,1074,3636,16607,19687,3407,332,2017,15266,10279,180,1315,1149,12005,888,1312,9301
983,11100,983.2660707044115,99767,567,355,162,69,86757,48566,1.3563903896077862,331,211,16628,17127,20315,10832,11996,21405,49099,38799,24620,12963,1132,173,1067,3633,16528,19825,3403,335,2023,15153,10200,180,1307,1149,12084,893,1332,9350
984,11100,984.188490021461,99767,569,352,162,69,86831,48613,1.3576032154920965,324,218,16627,17127,20207,10782,12110,21451,49099,38799,24752,13136,1128,173,1060,3634,16458,19951,3398,338,2018,15042,10123,180,1300,1154,12156,895,1359,9400
985,11100,985.1153397739765,99767,574,349,162,69,86907,48655,1.3587859713131596,323,215,16634,17142,20086,10729,12220,21495,49099,38799,24882,13308,1126,171,1056,3635,16407,20056,3391,340,2014,14926,10054,179,1292,1160,12234,897,1386,9443
986,11100,986.047605706655,99767,582,350,162,69,86983,48701,1.3600088205518859,325,205,16648,17152,19962,10686,12320,21537,49099,38799,25010,13478,1122,171,1047,3631,16334,20179,3389,344,2026,14814,9985,179,1284,1162,12311,905,1408,9476
987,11100,987.4560331681715,99767,552,361,162,69,87086,48780,1.3618330710555595,334,189,16679,17222,19879,10636,12393,21522,49099,38799,25136,13647,1120,171,1038,3631,16263,20336,3375,346,2046,14688,9896,179,1274,1164,12382,908,1436,9514
988,11100,988.3987245269519,99767,561,370,162,69,87173,48824,1.3631461304840278,329,181,16675,17255,19768,10584,12504,21540,49099,38799,25260,13815,1119,171,1030,3629,16198,20453,3369,347,2053,14568,9827,179,1263,1173,12466,912,1455,9555
989,11100,989.3462524883885,99767,572,372,162,69,87251,48878,1.3644692132669118,325,161,16683,17277,19659,10541,12598,21579,49099,38799,25381,13981,1118,171,1020,3629,16135,20576,3366,348,2049,14463,9764,179,1248,1183,12531,915,1479,9593
990,11100,990.2993064937637,99767,567,358,162,69,87333,48920,1.3657121092144697,331,167,16676,17302,19568,10500,12695,21603,49099,38799,25500,14146,1115,171,1014,3626,16076,20697,3358,350,2060,14346,9696,178,1232,1195,12608,918,1502,9625
991,11100,991.2570664782713,99767,569,349,162,69,87404,48960,1.3668247015546222,329,168,16660,17322,19486,10462,12793,21629,49099,38799,25617,14309,1111,171,1000,3625,16018,20810,3352,353,2060,14245,9638,178,1217,1206,12673,928,1527,9655
992,11100,992.2188258767151,99767,580,347,162,69,87497,48996,1.368117714274259,322,187,16647,17343,19397,10413,12891,21640,49099,38799,25732,14471,1108,171,990,3622,15945,20938,3347,356,2059,14132,9581,178,1210,1212,12751,932,1548,9687
993,11100,993.1848728098582,99767,573,363,162,69,87579,49050,1.3694808904748064,318,179,16651,17359,19312,10361,12983,21668,49099,38799,25845,14631,1102,170,986,3625,15854,21073,3342,361,2062,14041,9517,177,1199,1220,12813,933,1571,9721
994,11100,994.155324080603,99767,549,374,162,69,87634,49099,1.3705233193340483,326,195,16666,17370,19219,10334,13077,21657,49099,38799,25956,14790,1098,170,982,3631,15790,21185,3330,364,2057,13936,9455,177,1193,1226,12884,935,1586,9768
995,11100,995.13035878986,99767,532,378,162,69,87701,49153,1.3717361452183587,325,189,16693,17393,19121,10298,13166,21672,49099,38799,26065,14947,1097,170,978,3634,15731,21296,3320,365,2070,13824,9378,177,1185,1230,12963,936,1605,9808
996,11100,996.1102849934971,99767,538,366,162,69,87779,49198,1.3729690178115008,315,189,16694,17421,19026,10281,13264,21673,49099,38799,26172,15103,1092,168,971,3635,15664,21417,3315,369,2074,13726,9312,177,1178,1232,13023,942,1635,9837
997,11100,997.0955361659451,99767,539,354,162,69,87865,49232,1.3741718203413955,302,212,16700,17435,18935,10238,13361,21691,49099,38799,26278,15257,1088,168,964,3634,15593,21539,3310,373,2085,13633,9258,176,1168,1236,13086,945,1662,9849
998,11100,998.0856400236669,99767,560,350,162,69,87946,49274,1.3754046929345374,289,214,16701,17447,18830,10214,13457,21705,49099,38799,26382,15409,1087,165,958,3637,15522,21652,3306,374,2076,13555,9201,176,1159,1241,13140,949,1689,9880
999,11100,999.0808460350992,99767,567,347,162,69,88026,49325,1.3767177523630059,286,214,16704,17494,18731,10177,13549,21698,49099,38799,26484,15560,1084,165,951,3629,15453,21781,3304,377,2083,13466,9133,176,1151,1245,13190,952,1706,9921
1000,11100,1000.081784139367,99767,545,338,162,69,88092,49362,1.377750157867832,286,223,16718,17522,18645,10141,13643,21706,49099,38799,26584,15709,1080,164,947,3631,15391,21900,3293,381,2097,13373,9061,176,1144,1250,13242,954,1720,9963
1001,11100,1001.0871750648515,99767,546,345,162,69,88162,49422,1.3790531939418846,301,209,16718,17561,18565,10104,13707,21711,49099,38799,26682,15856,1079,163,938,3633,15335,22012,3286,382,2098,13276,9010,176,1135,1254,13305,960,1741,9984
1002,11100,1002.0971693857664,99767,544,350,162,69,88232,49476,1.3802960898894423,298,194,16730,17602,18477,10071,13788,21713,49099,38799,26779,16002,1078,163,933,3634,15287,22121,3281,382,2095,13183,8951,175,1127,1257,13359,963,1761,10017
1003,11100,1003.112029330413,99767,558,351,162,69,88330,49526,1.3817795463429792,272,188,16756,17643,18397,10045,13854,21703,49099,38799,26874,16146,1078,162,929,3633,15236,22233,3277,381,2092,13087,8898,175,1119,1261,13407,967,1795,10037
1004,11100,1004.1313500700799,99767,553,354,162,69,88405,49571,1.3829823488728739,277,191,16791,17690,18293,10003,13923,21692,49099,38799,26967,16288,1078,162,923,3631,15196,22331,3270,380,2092,12982,8849,175,1113,1263,13473,972,1817,10060
1005,11100,1005.1562784723851,99767,525,341,162,69,88470,49619,1.384114987921858,283,196,16839,17739,18220,9987,13970,21667,49099,38799,27059,16429,1075,161,915,3639,15124,22458,3259,383,2099,12901,8790,174,1107,1269,13513,974,1851,10075
1006,11100,1006.1859373601375,99767,501,342,162,69,88533,49666,1.3852175569075946,290,183,16860,17778,18157,9970,14029,21657,49099,38799,27149,16568,1075,161,910,3641,15062,22570,3250,382,2107,12832,8728,173,1099,1270,13552,978,1871,10106
1007,11100,1007.2197860340431,99767,506,344,162,69,88608,49709,1.3864003127286577,265,181,16864,17824,18093,9946,14109,21635,49099,38799,27237,16705,1072,161,904,3639,15003,22676,3245,385,2106,12737,8683,173,1096,1271,13613,981,1895,10127
1008,11100,1008.25767574106,99767,513,331,162,69,88686,49749,1.3875830685497208,255,181,16885,17881,18002,9914,14182,21623,49099,38799,27324,16841,1070,160,900,3644,14945,22791,3237,385,2115,12647,8635,173,1086,1276,13665,982,1910,10146
1009,11100,1009.2999343378019,99767,511,326,162,69,88763,49795,1.3888159411428629,241,184,16909,17932,17923,9894,14253,21594,49099,38799,27409,16975,1065,160,897,3645,14892,22897,3230,390,2116,12558,8585,173,1081,1278,13714,983,1937,10166
1010,11100,1010.3472422093224,99767,499,327,162,69,88829,49840,1.3899285334830154,229,185,16936,17980,17851,9865,14322,21573,49099,38799,27493,17107,1061,159,893,3647,14834,23003,3224,392,2125,12482,8527,172,1072,1285,13757,985,1957,10192
1011,11100,1011.3992456107818,99766,482,314,163,69,88891,49876,1.3909247639476374,225,185,16994,18041,17770,9842,14365,21548,49099,38799,27575,17237,1057,159,885,3653,14780,23114,3213,395,2115,12406,8486,171,1066,1287,13799,990,1978,10212
1012,11100,1012.4561666103685,99766,467,303,163,69,88948,49907,1.3918068279774674,221,193,17012,18097,17702,9823,14434,21514,49099,38799,27656,17366,1056,159,876,3650,14746,23198,3210,396,2111,12328,8436,170,1062,1288,13842,997,2010,10231
1013,11100,1013.517681679373,99766,467,298,163,69,89005,49944,1.3927490327366037,218,207,17062,18152,17599,9780,14490,21493,49099,38799,27736,17493,1055,159,871,3648,14692,23291,3206,396,2116,12252,8385,170,1057,1292,13895,998,2031,10252
1014,11100,1014.0498311351373,99766,463,302,163,69,89031,49971,1.3932802758454783,208,196,17060,18153,17523,9763,14582,21516,49099,38799,27814,17618,1053,159,868,3650,14633,23371,3202,398,2111,12195,8344,170,1051,1295,13938,1001,2048,10279
1015,11100,1015.1222011105979,99766,436,314,163,69,89083,50018,1.394272597879037,224,184,17092,18204,17454,9737,14630,21491,49099,38799,27891,17742,1051,158,864,3649,14581,23472,3197,399,2111,12125,8299,170,1042,1299,13976,1004,2066,10303
1016,11100,1016.1993021126411,99766,427,310,163,69,89152,50058,1.3953651544614398,238,180,17124,18267,17373,9703,14674,21470,49099,38799,27967,17864,1048,158,859,3649,14532,23569,3190,402,2110,12053,8259,169,1037,1302,14016,1007,2086,10320
1017,11100,1017.2810802220156,99764,423,300,164,70,89217,50105,1.396515777234273,236,164,17164,18330,17290,9687,14722,21448,49099,38799,28041,17984,1047,157,856,3651,14490,23668,3185,403,2109,11992,8195,169,1034,1301,14034,1007,2118,10348
1018,11100,1018.3687618834124,99764,422,301,164,70,89273,50149,1.3975181428170482,248,162,17202,18385,17199,9666,14764,21415,49099,38799,28114,18103,1046,157,850,3655,14454,23750,3179,404,2116,11915,8148,168,1026,1302,14081,1011,2136,10366
1019,11100,1019.4615192814031,99764,447,295,164,70,89347,50197,1.3987410288280342,242,163,17226,18443,17103,9642,14817,21386,49099,38799,28186,18220,1042,157,848,3653,14406,23846,3176,407,2117,11844,8110,168,1019,1305,14118,1010,2157,10381
1020,11100,1020.0080164080058,99764,433,302,164,70,89373,50224,1.399272282586905,250,160,17213,18459,17039,9613,14900,21395,49099,38799,28256,18335,1042,156,842,3654,14359,23917,3174,407,2098,11780,8078,168,1017,1303,14167,1014,2186,10402
1021,11100,1021.1017943820431,99764,422,299,164,70,89430,50267,1.4002746481696804,261,158,17246,18514,16978,9595,14928,21363,49099,38799,28325,18449,1040,156,834,3645,14325,24006,3169,409,2105,11716,8031,167,1010,1306,14198,1020,2206,10421
1022,11100,1022.1936169352267,99764,445,292,164,70,89510,50307,1.401477486869011,252,154,17278,18563,16910,9582,14950,21338,49099,38799,28393,18561,1039,156,829,3638,14299,24088,3167,410,2102,11638,7991,167,1006,1307,14242,1022,2227,10436
1023,11100,1023.2833826895624,99764,444,282,164,70,89581,50349,1.4026101599775471,239,145,17320,18639,16851,9576,14981,21287,49099,38799,28460,18671,1035,154,822,3641,14271,24177,3161,414,2111,11567,7947,165,997,1312,14268,1026,2248,10448
1024,11100,1024.3713130375543,99763,448,287,165,70,89654,50390,1.4037669276184557,225,137,17350,18700,16791,9559,15020,21246,49099,38799,28526,18780,1035,153,820,3647,14232,24261,3149,412,2112,11502,7911,165,989,1315,14303,1028,2267,10462
1025,11100,1025.4565715665183,99763,427,277,165,70,89700,50424,1.4045688281226507,226,147,17392,18747,16743,9534,15046,21224,49099,38799,28591,18887,1032,153,816,3647,14190,24353,3144,414,2109,11438,7875,165,984,1318,14329,1031,2287,10478
1026,11100,1026.5402494254188,99763,413,279,165,70,89754,50460,1.4054709661898699,234,149,17435,18824,16659,9496,15093,21181,49099,38799,28655,18993,1030,152,813,3653,14149,24431,3136,415,2102,11383,7838,164,978,1321,14359,1033,2308,10498
1027,11100,1027.08087033162,99763,415,283,165,70,89779,50482,1.4059420827360845,236,149,17429,18832,16593,9476,15161,21189,49099,38799,28717,19097,1029,152,811,3654,14105,24494,3135,415,2094,11329,7806,164,971,1325,14400,1034,2322,10523
1028,11100,1028.1619491956092,99763,402,262,165,70,89823,50525,1.4068141495343964,253,142,17461,18914,16509,9460,15209,21151,49099,38799,28778,19199,1028,152,808,3659,14060,24597,3127,416,2101,11272,7760,163,968,1325,14416,1034,2334,10543
1029,11100,1029.2408766516342,99763,383,264,165,70,89892,50561,1.4078666439461525,256,142,17496,18976,16476,9429,15223,21118,49099,38799,28838,19300,1022,151,805,3655,14033,24669,3117,422,2100,11206,7727,162,965,1325,14464,1036,2353,10551
1030,11100,1030.317956135902,99763,401,255,165,70,89972,50590,1.408959233383118,235,139,17526,19050,16430,9415,15242,21070,49099,38799,28897,19399,1020,151,800,3657,13990,24755,3114,422,2111,11154,7681,162,961,1325,14485,1039,2369,10567
1031,11100,1031.3932386953043,99763,412,244,165,70,90037,50623,1.409941561500757,239,142,17561,19133,16361,9401,15261,21009,49099,38799,28955,19497,1019,151,798,3662,13954,24832,3107,423,2117,11100,7637,162,957,1324,14509,1040,2390,10581
1032,11100,1032.4666357050132,99763,431,254,165,70,90114,50674,1.4112246023074686,224,135,17615,19200,16288,9389,15276,20951,49099,38799,29012,19593,1016,151,797,3664,13909,24925,3102,426,2117,11044,7600,162,951,1329,14527,1041,2403,10599
1033,11100,1033.001621376012,99763,425,248,165,70,90141,50690,1.4116556238284734,225,135,17622,19230,16238,9367,15324,20949,49099,38799,29068,19688,1015,151,794,3661,13866,24994,3100,427,2116,10998,7568,162,946,1333,14554,1043,2412,10623
1034,11100,1034.0714779515617,99763,420,242,165,70,90200,50725,1.4125978569209026,230,142,17670,19255,16174,9355,15340,20935,49099,38799,29123,19781,1015,150,789,3661,13822,25090,3098,426,2110,10945,7539,162,939,1337,14572,1044,2430,10634
1035,11100,1035.1384882128527,99763,437,238,165,70,90262,50760,1.413570161282239,223,146,17731,19320,16085,9339,15358,20886,49099,38799,29177,19873,1012,150,782,3656,13794,25162,3095,429,2112,10896,7506,161,936,1337,14593,1047,2448,10647
1036,11100,1036.2019593903024,99763,436,245,165,70,90327,50797,1.4145925844250875,219,147,17789,19385,16038,9304,15352,20848,49099,38799,29231,19964,1010,150,777,3660,13758,25240,3088,431,2102,10842,7480,160,934,1338,14617,1048,2470,10658
1037,11100,1037.2622221882539,99763,420,250,165,70,90383,50839,1.4155749125427262,227,140,17825,19435,15994,9288,15368,20816,49099,38799,29284,20053,1007,150,775,3662,13723,25322,3079,434,2105,10791,7449,160,927,1338,14639,1049,2487,10666
1038,11100,1038.3193950065822,99763,422,249,165,70,90447,50876,1.4165873119292725,220,150,17851,19506,15950,9270,15391,20754,49099,38799,29336,20141,1002,149,773,3664,13690,25401,3073,438,2101,10740,7420,160,921,1341,14661,1051,2500,10678
1039,11100,1039.3752580014843,99763,418,237,165,70,90500,50904,1.4173992361897698,217,158,17918,19562,15886,9260,15395,20712,49099,38799,29387,20227,1001,149,770,3665,13645,25486,3068,438,2102,10691,7390,159,920,1340,14686,1051,2514,10688
1040,11100,1040.4278442538682,99763,423,245,165,70,90561,50952,1.4184918256267354,211,145,17939,19623,15845,9245,15416,20671,49099,38799,29437,20312,1000,148,768,3660,13619,25562,3064,439,2101,10627,7370,159,915,1343,14718,1051,2526,10693
1041,11100,1041.478443920243,99763,415,238,165,70,90613,50987,1.4193638924250473,208,145,17973,19674,15807,9238,15431,20634,49099,38799,29486,20396,1000,147,766,3657,13592,25637,3061,439,2101,10573,7337,158,915,1342,14737,1052,2548,10701
1042,11100,1042.0026682244409,99762,426,240,166,70,90651,51004,1.419929432048275,195,148,17994,19691,15748,9213,15470,20637,49099,38799,29534,20478,1000,147,764,3660,13556,25694,3058,438,2100,10531,7317,157,911,1346,14763,1054,2553,10713
1043,11100,1043.051158071846,99762,413,246,166,70,90700,51045,1.420831579158397,205,146,18057,19754,15682,9195,15476,20588,49099,38799,29582,20559,998,147,762,3662,13518,25774,3051,438,2100,10481,7298,157,906,1348,14790,1053,2563,10716
1044,11100,1044.095408512285,99762,400,249,166,70,90755,51086,1.4217938694091938,201,140,18091,19816,15651,9180,15490,20544,49099,38799,29629,20639,994,146,758,3666,13490,25846,3047,442,2108,10423,7267,155,900,1353,14813,1054,2583,10717
1045,11100,1045.137550752577,99762,382,244,166,70,90798,51121,1.4225757302379665,215,140,18135,19850,15609,9184,15492,20511,49099,38799,29675,20718,991,146,755,3665,13477,25912,3040,445,2103,10371,7238,155,897,1354,14825,1056,2600,10732
1046,11100,1046.1777082283595,99762,379,246,166,70,90851,51160,1.4234979250616466,215,128,18182,19911,15555,9174,15502,20470,49099,38799,29720,20795,990,145,749,3662,13459,25981,3037,446,2103,10319,7205,155,894,1355,14843,1056,2617,10746
1047,11100,1047.2153515606278,99762,374,237,166,70,90910,51191,1.424400072171769,206,126,18224,19976,15512,9156,15517,20434,49099,38799,29765,20871,988,145,745,3657,13435,26051,3036,447,2109,10270,7173,155,890,1355,14860,1059,2634,10753
1048,11100,1048.2506285793847,99762,370,236,166,70,90964,51226,1.4252921954251119,208,113,18258,20048,15474,9140,15523,20392,49099,38799,29809,20946,986,144,741,3661,13407,26111,3031,449,2107,10232,7145,154,886,1355,14879,1061,2655,10758
1049,11100,1049.2840030395175,99761,376,235,167,70,91026,51255,1.4262186626036226,189,116,18304,20106,15427,9130,15536,20342,49099,38799,29852,21020,986,144,739,3659,13389,26172,3025,449,2099,10187,7125,153,884,1356,14895,1062,2674,10763
1050,11100,1050.3153073774447,99761,367,227,167,70,91078,51282,1.4270105552269925,198,123,18348,20157,15386,9115,15533,20307,49099,38799,29895,21093,983,144,732,3659,13367,26238,3020,450,2102,10146,7093,153,879,1355,14909,1066,2686,10779
1051,11100,1051.3439096580385,99761,357,218,167,70,91128,51311,1.4278024478503624,196,119,18410,20216,15341,9110,15528,20266,49099,38799,29937,21164,982,143,730,3658,13338,26305,3016,451,2110,10108,7052,153,875,1355,14925,1066,2695,10799
1052,11100,1052.3693609832276,99761,354,206,167,70,91175,51340,1.4285642686019586,178,121,18454,20273,15305,9110,15541,20219,49099,38799,29978,21234,982,143,730,3650,13327,26357,3013,450,2116,10067,7019,152,870,1357,14943,1065,2711,10809
1053,11100,1053.3925148659018,99761,358,211,167,70,91226,51371,1.429386233097102,172,119,18486,20344,15264,9081,15552,20174,49099,38799,30018,21303,981,143,729,3654,13282,26430,3007,451,2118,10035,6998,151,867,1357,14958,1065,2723,10812
1054,11100,1054.4138571379444,99761,335,209,167,70,91262,51402,1.4300578382333777,170,109,18540,20421,15236,9068,15551,20122,49099,38799,30058,21371,980,143,721,3648,13275,26490,3005,452,2118,9996,6973,151,862,1359,14966,1068,2733,10821
1055,11100,1055.4326643202373,99761,336,206,167,70,91312,51432,1.4308597548140054,169,104,18579,20496,15184,9050,15564,20073,49099,38799,30097,21438,980,143,719,3642,13255,26548,3001,452,2116,9962,6948,150,859,1358,14979,1070,2748,10831
1056,11100,1056.449301947211,99761,325,202,167,70,91360,51466,1.431681719309149,159,92,18621,20542,15160,9049,15567,20044,49099,38799,30136,21504,978,143,719,3640,13224,26620,2997,454,2109,9931,6928,150,856,1361,14978,1069,2773,10831
1057,11100,1057.4642429975036,99760,311,195,167,71,91392,51484,1.432197273456295,173,97,18673,20605,15117,9023,15558,20008,49099,38799,30174,21569,977,143,716,3640,13194,26679,2993,454,2112,9896,6906,150,853,1362,14992,1072,2788,10833
1058,11100,1058.4765062038703,99760,302,183,167,71,91441,51498,1.4328287890938252,156,111,18730,20676,15095,8995,15549,19963,49099,38799,30211,21633,975,143,714,3644,13175,26728,2987,456,2110,9854,6885,149,851,1362,15015,1073,2802,10837
1059,11100,1059.485874192142,99760,301,187,167,71,91493,51521,1.433580593424218,140,108,18793,20747,15053,8965,15545,19921,49099,38799,30248,21696,975,143,708,3643,13154,26783,2983,455,2114,9817,6860,149,851,1359,15030,1077,2819,10840
1060,11100,1060.492090628594,99760,289,196,167,71,91523,51556,1.4342321571772254,133,103,18856,20809,15018,8941,15536,19879,49099,38799,30284,21758,974,143,706,3645,13125,26841,2979,456,2113,9771,6846,149,847,1362,15057,1076,2828,10842
1061,11100,1061.4953960828054,99760,278,195,167,71,91557,51586,1.434873696872494,142,99,18903,20860,14969,8935,15540,19839,49099,38799,30320,21819,971,143,703,3643,13098,26901,2978,458,2107,9744,6827,149,843,1361,15064,1079,2846,10845
1062,11100,1062.4961544830446,99760,278,198,167,71,91605,51610,1.4355954290296713,141,109,18967,20924,14911,8914,15535,19783,49099,38799,30355,21879,968,143,700,3645,13062,26962,2975,461,2113,9714,6807,148,841,1361,15075,1080,2857,10848
1063,11100,1063.4935649904805,99760,272,202,167,71,91645,51645,1.4363472333600642,145,104,19034,20998,14851,8905,15530,19719,49099,38799,30390,21938,967,142,700,3647,13043,27006,2969,462,2122,9686,6770,147,840,1362,15089,1077,2871,10860
1064,11100,1064.487418249584,99760,257,204,167,71,91669,51665,1.4367882919005615,151,104,19089,21073,14807,8867,15528,19680,49099,38799,30424,21996,967,142,698,3644,13017,27059,2967,462,2121,9651,6755,147,836,1365,15109,1077,2884,10859
1065,11100,1065.4782532409924,99760,268,190,167,71,91714,51683,1.4374198075380915,140,104,19137,21142,14762,8851,15525,19641,49099,38799,30457,22053,967,142,695,3649,12990,27109,2959,461,2122,9625,6735,147,834,1367,15118,1079,2900,10861
1066,11100,1066.466891038895,99760,269,191,167,71,91748,51711,1.4380412991178828,143,100,19182,21229,14716,8824,15522,19584,49099,38799,30490,22109,966,142,693,3647,12968,27157,2958,462,2122,9588,6720,147,831,1370,15136,1080,2910,10863
1067,11100,1067.453110995741,99760,276,191,167,71,91789,51734,1.4386828388131516,133,105,19236,21301,14676,8794,15511,19537,49099,38799,30522,22164,966,142,687,3647,12933,27210,2956,462,2125,9567,6702,147,826,1373,15146,1084,2926,10861
1068,11100,1068.4364627511866,99760,266,189,167,71,91814,51757,1.439163993584603,148,96,19263,21357,14640,8775,15515,19511,49099,38799,30554,22218,962,142,686,3648,12904,27263,2954,466,2121,9544,6683,146,823,1376,15151,1084,2938,10869
1069,11100,1069.4181480307084,99760,277,186,167,71,91865,51787,1.4399759422614273,130,89,19317,21424,14592,8761,15516,19468,49099,38799,30585,22271,962,141,682,3655,12872,27319,2946,466,2121,9513,6670,146,819,1378,15166,1087,2952,10865
1070,11100,1070.3973313320034,99760,277,177,167,71,91900,51802,1.440477145148356,125,95,19379,21488,14543,8742,15508,19426,49099,38799,30616,22323,961,140,682,3656,12845,27371,2943,467,2122,9487,6654,146,816,1380,15175,1087,2963,10865
1071,11100,1071.3738403288546,99760,267,172,167,71,91931,51824,1.4410084202085005,115,95,19444,21559,14509,8721,15497,19381,49099,38799,30647,22375,959,140,680,3655,12834,27418,2941,468,2121,9452,6633,146,808,1383,15188,1086,2973,10875
1072,11100,1072.34710922629,99760,269,179,167,71,91970,51850,1.4416599839615076,114,93,19505,21617,14467,8693,15477,19346,49099,38799,30677,22426,958,140,679,3653,12818,27458,2939,469,2119,9421,6619,145,806,1383,15203,1087,2986,10877
1073,11100,1073.3176879123916,99760,257,174,167,71,91998,51871,1.4421511627906978,121,101,19574,21668,14416,8679,15464,19306,49099,38799,30707,22476,958,139,678,3655,12806,27498,2935,469,2116,9384,6603,144,804,1383,15219,1088,3006,10875
1074,11100,1074.2848544411013,99759,253,178,167,72,92035,51894,1.4427670686354113,119,95,19634,21717,14370,8656,15456,19281,49099,38799,30736,22525,954,139,677,3656,12780,27542,2931,473,2122,9356,6581,144,803,1383,15233,1089,3014,10882
1075,11100,1075.2489352128594,99759,253,187,167,72,92064,51919,1.4433083731793623,113,89,19683,21777,14330,8636,15453,19238,49099,38799,30765,22573,954,139,677,3660,12760,27582,2926,473,2123,9321,6562,144,801,1383,15256,1086,3017,10895
1076,11100,1076.2104765296053,99759,244,185,167,72,92090,51940,1.443779508615764,128,98,19734,21840,14292,8618,15434,19186,49099,38799,30793,22621,953,139,674,3666,12740,27622,2921,472,2125,9294,6541,144,800,1383,15270,1089,3029,10897
1077,11100,1077.1697909053826,99759,229,180,167,72,92117,51960,1.4442506440521656,128,94,19793,21893,14268,8607,15414,19153,49099,38799,30821,22668,952,138,673,3668,12715,27671,2919,472,2130,9271,6521,144,797,1381,15278,1090,3040,10899
1078,11100,1078.1262844358187,99758,222,171,168,72,92145,51977,1.4447162132360312,127,92,19847,21948,14230,8591,15405,19125,49099,38799,30848,22714,950,136,671,3672,12687,27716,2917,474,2127,9238,6506,143,796,1381,15297,1092,3051,10904
1079,11100,1079.0803419660647,99758,222,168,168,72,92171,51998,1.4451873533952164,130,90,19903,22003,14193,8580,15383,19086,49099,38799,30875,22759,950,136,668,3672,12660,27766,2915,474,2126,9217,6490,143,795,1381,15302,1094,3060,10909
1080,11100,1080.0316844732733,99758,221,165,168,72,92197,52018,1.4456484692956957,139,85,19976,22058,14134,8570,15361,19049,49099,38799,30902,22804,948,135,668,3675,12641,27803,2910,476,2133,9194,6468,143,790,1385,15311,1094,3068,10916
1081,11100,1081.452698101004,99758,209,146,168,72,92234,52039,1.4462298763006476,136,96,20066,22156,14081,8562,15339,18967,49099,38799,30928,22848,947,134,668,3675,12632,27848,2906,477,2143,9164,6442,143,788,1383,15317,1093,3079,10919
1082,11100,1082.3965377894256,99758,201,153,168,72,92265,52062,1.4467711862707753,131,93,20124,22234,14047,8536,15328,18911,49099,38799,30954,22891,947,134,665,3679,12618,27885,2901,474,2145,9144,6425,143,784,1384,15325,1095,3086,10924
1083,11100,1083.337756841117,99758,190,154,168,72,92293,52080,1.4472323021712545,123,85,20178,22313,14019,8516,15321,18859,49099,38799,30979,22933,946,134,665,3678,12598,27926,2899,475,2148,9119,6412,143,782,1386,15334,1095,3093,10925
1084,11100,1084.2766436478357,99758,183,157,168,72,92316,52100,1.4476633452956154,135,76,20237,22380,13966,8496,15310,18818,49099,38799,31004,22975,945,133,664,3678,12581,27965,2894,476,2149,9098,6398,143,779,1388,15344,1096,3101,10926
1085,11100,1085.2129260889087,99757,181,156,169,72,92348,52122,1.4482191725893923,129,70,20286,22452,13940,8480,15294,18769,49099,38799,31029,23016,944,133,660,3675,12572,27997,2894,477,2144,9075,6388,143,776,1389,15351,1098,3116,10925
1086,11100,1086.146939289712,99757,183,147,169,72,92376,52135,1.4486301713162986,126,75,20359,22502,13888,8467,15274,18736,49099,38799,31053,23056,943,133,659,3670,12554,28039,2894,478,2145,9050,6376,143,772,1392,15361,1098,3123,10927
1087,11100,1087.0780050184956,99757,195,141,169,72,92407,52149,1.4490812674799762,125,74,20408,22570,13842,8438,15260,18704,49099,38799,31077,23096,943,133,659,3673,12533,28069,2891,477,2143,9027,6364,143,770,1394,15378,1098,3134,10928
1088,11100,1088.0062489636043,99757,208,128,169,72,92450,52159,1.4496125585171968,110,81,20468,22630,13803,8429,15241,18659,49099,38799,31101,23135,942,132,658,3672,12518,28110,2889,478,2148,9006,6347,143,769,1393,15381,1097,3140,10934
1089,11100,1089.39373949928,99757,201,134,169,72,92486,52189,1.4502741662239242,107,73,20552,22711,13768,8411,15202,18598,49099,38799,31124,23174,941,132,656,3671,12499,28150,2887,479,2153,8982,6330,143,766,1395,15393,1098,3145,10937
1090,11100,1090.315578614808,99757,198,137,169,72,92507,52209,1.4506851649508306,111,71,20598,22771,13728,8396,15195,18552,49099,38799,31147,23212,940,132,655,3673,12487,28179,2884,479,2155,8958,6315,143,765,1395,15404,1098,3154,10941
1091,11100,1091.2355468351793,99757,207,141,169,72,92540,52226,1.4511863829104725,94,72,20639,22841,13694,8375,15196,18498,49099,38799,31170,23249,940,132,654,3671,12476,28209,2884,479,2154,8938,6299,143,762,1397,15411,1098,3161,10949
1092,11100,1092.153497901097,99757,207,132,169,72,92567,52241,1.4516074059965716,91,72,20682,22906,13673,8364,15177,18453,49099,38799,31192,23286,940,132,654,3673,12476,28236,2879,479,2151,8915,6276,143,760,1395,15419,1098,3169,10962
1093,11100,1093.0696723355484,99757,190,132,169,72,92585,52253,1.4519081367723567,93,80,20731,22980,13660,8335,15156,18400,49099,38799,31214,23322,937,132,654,3671,12460,28271,2876,482,2151,8900,6261,143,759,1396,15422,1097,3176,10969
1094,11100,1094.4398264485665,99757,186,142,169,72,92621,52284,1.452579768838277,90,73,20837,23073,13595,8314,15122,18325,49099,38799,31236,23358,936,131,654,3672,12450,28305,2872,483,2146,8872,6247,143,757,1398,15433,1097,3185,10976
