,indexID,time,N,Inf_L,Inf_H,Dead_L,Dead_H,cum_cases_L,cum_cases_H,cum_sum_per_N,Exposed_L,Exposed_H,Sus_L,Sus_H,Rec_nat_L,Rec_nat_H,Rec_vax_L,Rec_vax_H,vaccinatedH,vaccinatedL,boostedH,boostedL,count_Naive,count_Delta,count_Delta_vaccine,count_two,count_three,count_four,count_Omicron,count_Omicron_star,count_Omicron_star_vaccine,count_Omicron_vaccine,count_Vaccine,count_WT,count_WT_vaccine,count_WT_vaccine_boost,count_Omicron_vaccine_boost,count_Delta_vaccine_boost,count_Omicron_star_vaccine_boost,count_Vaccine_boost
0,6120,1.307892289024135,99996,3,5,0,0,4,5,9.000360014400577e-05,21,20,49973,49973,1,0,0,0,0,0,0,0,99995,0,0,0,0,0,0,0,0,0,0,1,0,0,0,0,0,0
1,6120,2.22923890400077,99996,3,8,0,0,4,8,0.00012000480019200768,22,19,49972,49971,1,0,0,0,0,0,0,0,99995,0,0,0,0,0,0,0,0,0,0,1,0,0,0,0,0,0
2,6120,3.031349242688839,99996,5,12,0,0,6,13,0.00019000760030401216,20,14,49972,49971,1,1,0,0,0,0,0,0,99994,0,0,0,0,0,0,0,0,0,0,2,0,0,0,0,0,0
3,6120,4.050979100867705,99996,7,14,0,0,9,16,0.000250010000400016,23,11,49966,49971,2,2,0,0,0,0,0,0,99992,0,0,0,0,0,0,0,0,0,0,4,0,0,0,0,0,0
4,6120,5.007641720812733,99996,7,16,0,0,12,19,0.00031001240049601984,23,9,49963,49970,5,3,0,0,0,0,0,0,99988,0,0,0,0,0,0,0,0,0,0,8,0,0,0,0,0,0
5,6120,6.139638701567379,99996,11,14,0,0,19,21,0.0004000160006400256,20,8,49959,49969,8,7,0,0,0,0,0,0,99981,0,0,0,0,0,0,0,0,0,0,15,0,0,0,0,0,0
6,6120,7.011673814684037,99996,16,14,0,0,26,24,0.000500020000800032,17,11,49955,49963,10,10,0,0,0,0,0,0,99976,0,0,0,0,0,0,0,0,0,0,20,0,0,0,0,0,0
7,6120,8.001679177014262,99996,16,13,0,0,29,25,0.0005400216008640345,16,11,49953,49962,13,12,0,0,0,0,0,0,99971,0,0,0,0,0,0,0,0,0,0,25,0,0,0,0,0,0
8,6120,9.018546217862037,99996,17,11,0,0,32,25,0.0005700228009120365,18,13,49948,49960,15,14,0,0,0,0,0,0,99967,0,0,0,0,0,0,0,0,0,0,29,0,0,0,0,0,0
9,6120,10.029833173984994,99996,23,12,0,0,39,28,0.0006700268010720429,18,10,49941,49960,16,16,0,0,0,0,0,0,99964,0,0,0,0,0,0,0,0,0,0,32,0,0,0,0,0,0
10,6120,11.014774324536152,99996,26,14,0,0,44,30,0.0007400296011840473,18,11,49936,49957,18,16,0,0,0,0,0,0,99962,0,0,0,0,0,0,0,0,0,0,34,0,0,0,0,0,0
11,6120,12.04429475083011,99996,30,11,0,0,51,31,0.0008200328013120525,14,11,49933,49956,21,20,0,0,0,0,0,0,99955,0,0,0,0,0,0,0,0,0,0,41,0,0,0,0,0,0
12,6120,13.031176992542509,99996,28,14,0,0,53,34,0.0008700348013920557,16,9,49929,49955,25,20,0,0,0,0,0,0,99951,0,0,0,0,0,0,0,0,0,0,45,0,0,0,0,0,0
13,6120,14.069897538877623,99996,27,15,0,0,60,37,0.0009700388015520621,13,10,49926,49951,32,22,0,0,0,0,0,0,99941,0,0,0,0,0,0,0,0,0,0,55,0,0,0,0,0,0
14,6120,15.110339394749403,99996,26,16,0,0,62,40,0.0010200408016320653,13,9,49924,49949,35,24,0,0,0,0,0,0,99936,0,0,0,0,0,0,0,0,0,0,60,0,0,0,0,0,0
15,6120,16.09448917356375,99996,24,16,0,0,65,43,0.001080043201728069,13,8,49921,49947,40,27,0,0,0,0,0,0,99928,0,0,0,0,0,0,0,0,0,0,68,0,0,0,0,0,0
16,6120,17.041039341184646,99996,25,13,0,0,69,43,0.0011200448017920717,15,11,49915,49944,43,30,0,0,0,0,0,0,99922,0,0,0,0,0,0,0,0,0,0,74,0,0,0,0,0,0
17,6120,18.00607608560684,99996,29,11,0,0,75,45,0.0012000480019200767,16,13,49908,49940,45,34,0,0,0,0,0,0,99916,0,0,0,0,0,0,0,0,0,0,80,0,0,0,0,0,0
18,6120,19.056752637602454,99996,26,15,0,0,78,49,0.0012700508020320814,17,9,49905,49940,50,34,0,0,0,0,0,0,99910,0,0,0,0,0,0,0,0,0,0,86,0,0,0,0,0,0
19,6120,20.069420338030206,99996,28,14,0,0,81,51,0.0013200528021120844,21,9,49898,49938,51,37,0,0,0,0,0,0,99906,0,0,0,0,0,0,0,0,0,0,90,0,0,0,0,0,0
20,6120,21.122311469081215,99996,29,14,0,0,84,54,0.0013800552022080884,21,8,49895,49936,53,40,0,0,0,0,0,0,99901,0,0,0,0,0,0,0,0,0,0,95,0,0,0,0,0,0
21,6120,22.039771821205097,99996,32,16,0,0,90,56,0.0014600584023360934,22,9,49889,49933,55,40,0,0,0,0,0,0,99898,0,0,0,0,0,0,0,0,0,0,98,0,0,0,0,0,0
22,6120,23.100911036128085,99996,33,16,0,0,94,58,0.0015200608024320973,22,11,49885,49929,58,42,0,0,0,0,0,0,99893,0,0,0,0,0,0,0,0,0,0,103,0,0,0,0,0,0
23,6120,24.083291103608577,99996,34,15,0,0,99,59,0.001580063202528101,25,13,49877,49926,62,44,0,0,0,0,0,0,99887,0,0,0,0,0,0,0,0,0,0,109,0,0,0,0,0,0
24,6120,25.13346578468563,99996,37,19,0,0,108,66,0.0017400696027841114,22,11,49871,49921,68,47,0,0,0,0,0,0,99878,0,0,0,0,0,0,0,0,0,0,118,0,0,0,0,0,0
25,6120,26.042857049337886,99996,46,14,0,0,119,67,0.001860074402976119,22,14,49860,49917,70,53,0,0,0,0,0,0,99870,0,0,0,0,0,0,0,0,0,0,126,0,0,0,0,0,0
26,6120,27.238947625465308,99996,45,14,0,0,125,69,0.0019400776031041243,23,14,49854,49915,76,55,0,0,0,0,0,0,99861,0,0,0,0,0,0,0,0,0,0,135,0,0,0,0,0,0
27,6120,28.085847742565672,99996,45,12,0,0,128,71,0.0019900796031841273,23,18,49851,49909,79,59,0,0,0,0,0,0,99854,0,0,0,0,0,0,0,0,0,0,142,0,0,0,0,0,0
28,6120,29.05620951444825,99996,43,17,0,0,132,76,0.0020800832033281333,24,18,49846,49904,85,59,0,0,0,0,0,0,99848,0,0,0,0,0,0,0,0,0,0,148,0,0,0,0,0,0
29,6120,30.205813205185247,99996,44,17,0,0,140,80,0.002200088003520141,20,20,49843,49898,91,63,0,0,0,0,0,0,99837,0,0,0,0,0,0,0,0,0,0,159,0,0,0,0,0,0
30,6120,31.053242959584406,99996,45,20,0,0,148,85,0.002330093203728149,21,16,49834,49897,98,65,0,0,0,0,0,0,99828,0,0,0,0,0,0,0,0,0,0,168,0,0,0,0,0,0
31,6120,32.07200822354469,99996,47,18,0,0,154,87,0.0024100964038561543,25,19,49824,49892,102,69,0,0,0,0,0,0,99820,0,0,0,0,0,0,0,0,0,0,176,0,0,0,0,0,0
32,6120,33.01258712113008,99996,44,19,0,0,159,90,0.0024900996039841595,26,17,49819,49891,109,71,0,0,0,0,0,0,99810,0,0,0,0,0,0,0,0,0,0,186,0,0,0,0,0,0
33,6120,34.072466591209285,99996,41,19,0,0,165,94,0.002590103604144166,34,19,49806,49885,117,75,0,0,0,0,0,0,99797,0,0,0,0,0,0,0,0,0,0,199,0,0,0,0,0,0
34,6120,35.108817109583114,99996,44,23,0,0,170,99,0.002690107604304172,34,16,49801,49883,119,76,0,0,0,0,0,0,99794,0,0,0,0,0,0,0,0,0,0,202,0,0,0,0,0,0
35,6120,36.11468158887988,99995,45,20,1,0,179,104,0.002830141507075354,29,16,49797,49879,126,83,0,0,0,0,0,0,99778,0,0,0,0,0,0,0,0,0,0,217,0,0,0,0,0,0
36,6120,37.06718011488473,99995,46,22,1,0,183,106,0.0028901445072253614,27,16,49795,49877,129,83,0,0,0,0,0,0,99775,0,0,0,0,0,0,0,0,0,0,220,0,0,0,0,0,0
37,6120,38.284163459745805,99995,47,19,1,0,193,108,0.0030101505075253764,26,19,49786,49872,138,88,0,0,0,0,0,0,99761,0,0,0,0,0,0,0,0,0,0,234,0,0,0,0,0,0
38,6120,39.0641245190281,99995,49,24,1,0,198,115,0.0031301565078253914,27,14,49780,49870,141,90,0,0,0,0,0,0,99756,0,0,0,0,0,0,0,0,0,0,239,0,0,0,0,0,0
39,6120,40.2297168221282,99994,46,26,1,1,205,119,0.0032401944116647,29,16,49772,49864,150,91,0,0,0,0,0,0,99744,0,0,0,0,0,0,0,0,0,0,250,0,0,0,0,0,0
40,6120,41.04143312918005,99994,47,27,1,1,209,121,0.003300198011880713,30,17,49767,49861,153,92,0,0,0,0,0,0,99740,0,0,0,0,0,0,0,0,0,0,254,0,0,0,0,0,0
41,6120,42.014068802768584,99994,47,30,1,1,215,125,0.0034002040122407345,38,15,49753,49859,159,93,0,0,0,0,0,0,99733,0,0,0,0,0,0,0,0,0,0,261,0,0,0,0,0,0
42,6120,43.03663989393662,99994,59,25,1,1,230,127,0.0035702142128527714,32,16,49746,49856,160,100,0,0,0,0,0,0,99723,0,0,0,0,0,0,0,0,0,0,271,0,0,0,0,0,0
43,6120,44.14926813031228,99994,62,25,1,1,240,130,0.0037002220133207993,35,17,49733,49853,167,102,0,0,0,0,0,0,99713,0,0,0,0,0,0,0,0,0,0,281,0,0,0,0,0,0
44,6120,45.118810237467635,99994,68,26,1,1,252,134,0.003860231613896834,31,16,49726,49850,172,105,0,0,0,0,0,0,99704,0,0,0,0,0,0,0,0,0,0,290,0,0,0,0,0,0
45,6120,46.11385568102908,99994,61,27,1,1,255,138,0.003930235814148849,33,16,49721,49846,182,108,0,0,0,0,0,0,99691,0,0,0,0,0,0,0,0,0,0,303,0,0,0,0,0,0
46,6120,47.25385206144896,99994,63,28,1,1,267,145,0.00412024721483289,32,21,49711,49835,191,113,0,0,0,0,0,0,99675,0,0,0,0,0,0,0,0,0,0,319,0,0,0,0,0,0
47,6120,48.239062763355086,99994,59,31,1,1,275,151,0.00426025561533692,35,22,49700,49829,203,115,0,0,0,0,0,0,99660,0,0,0,0,0,0,0,0,0,0,334,0,0,0,0,0,0
48,6120,49.136820689045535,99994,60,35,1,1,281,159,0.00440026401584095,38,19,49691,49824,208,119,0,0,0,0,0,0,99651,0,0,0,0,0,0,0,0,0,0,343,0,0,0,0,0,0
49,6120,50.11901274772809,99994,57,35,1,1,289,164,0.0045302718163089785,39,18,49683,49820,218,124,0,0,0,0,0,0,99635,0,0,0,0,0,0,0,0,0,0,359,0,0,0,0,0,0
50,6120,51.3068594961395,99994,51,37,1,1,299,171,0.004700282016921015,36,19,49677,49813,233,128,0,0,0,0,0,0,99614,0,0,0,0,0,0,0,0,0,0,380,0,0,0,0,0,0
51,6120,52.13599085432027,99994,48,36,1,1,302,174,0.0047602856171370285,37,19,49673,49811,239,131,0,0,0,0,0,0,99604,0,0,0,0,0,0,0,0,0,0,390,0,0,0,0,0,0
52,6120,53.07639918524637,99994,46,35,1,1,313,180,0.004930295817749065,32,18,49669,49806,250,138,0,0,0,0,0,0,99584,0,0,0,0,0,0,0,0,0,0,410,0,0,0,0,0,0
53,6120,54.1745585344522,99994,41,34,1,1,323,184,0.005070304218253096,34,20,49657,49803,265,140,0,0,0,0,0,0,99564,0,0,0,0,0,0,0,0,0,0,430,0,0,0,0,0,0
54,6120,55.16102165623808,99994,45,36,1,1,332,189,0.005210312618757125,32,18,49650,49802,270,141,0,0,0,0,0,0,99556,0,0,0,0,0,0,0,0,0,0,438,0,0,0,0,0,0
55,6120,56.01047965597437,99994,46,36,1,1,341,193,0.005340320419225154,31,16,49643,49800,277,145,0,0,0,0,0,0,99544,0,0,0,0,0,0,0,0,0,0,450,0,0,0,0,0,0
56,6120,57.141291431402024,99994,45,30,1,1,348,196,0.005440326419585175,39,17,49629,49796,284,154,0,0,0,0,0,0,99527,0,0,0,0,0,0,0,0,0,0,467,0,0,0,0,0,0
57,6120,58.164036102988405,99994,50,33,1,1,361,201,0.005620337220233214,30,16,49625,49792,292,156,0,0,0,0,0,0,99517,0,0,0,0,0,0,0,0,0,0,477,0,0,0,0,0,0
58,6120,59.06233692769593,99994,53,28,1,1,371,202,0.005730343820629238,32,17,49614,49790,298,162,0,0,0,0,0,0,99504,0,0,0,0,0,0,0,0,0,0,490,0,0,0,0,0,0
59,6120,60.10004175704799,99994,56,30,1,1,379,207,0.005860351621097266,30,14,49609,49788,302,165,0,0,0,0,0,0,99496,0,0,0,0,0,0,0,0,0,0,498,0,0,0,0,0,0
60,6120,61.055973248480726,99994,51,29,1,1,384,210,0.005940356421385283,38,21,49597,49779,311,168,0,0,0,0,0,0,99482,0,0,0,0,0,0,0,0,0,0,512,0,0,0,0,0,0
61,6120,62.043509267940934,99994,62,32,1,1,402,215,0.0061703702222133325,36,22,49582,49775,317,168,0,0,0,0,0,0,99473,0,0,0,0,0,0,0,0,0,0,521,0,0,0,0,0,0
62,6120,63.03122800219112,99994,64,32,1,1,412,219,0.006310378622717363,31,22,49577,49771,325,172,0,0,0,0,0,0,99461,0,0,0,0,0,0,0,0,0,0,533,0,0,0,0,0,0
63,6120,64.01908759660408,99994,60,34,1,1,418,224,0.006420385223113387,36,22,49568,49767,333,174,0,0,0,0,0,0,99448,0,0,0,0,0,0,0,0,0,0,546,0,0,0,0,0,0
64,6120,65.00709391472658,99994,69,32,1,1,430,226,0.006560393623617417,30,28,49562,49759,336,178,0,0,0,0,0,0,99441,0,0,0,0,0,0,0,0,0,0,553,0,0,0,0,0,0
65,6120,66.32457708208462,99994,65,36,1,1,444,235,0.006790407424445467,29,26,49550,49752,353,183,0,0,0,0,0,0,99418,0,0,0,0,0,0,0,0,0,0,576,0,0,0,0,0,0
66,6120,67.31291877578794,99994,61,41,1,1,451,245,0.006960417625057503,27,19,49546,49749,363,188,0,0,0,0,0,0,99402,0,0,0,0,0,0,0,0,0,0,592,0,0,0,0,0,0
67,6120,68.30140582467638,99994,59,39,1,1,456,248,0.007040422425345521,32,22,49538,49743,368,193,0,0,0,0,0,0,99391,0,0,1,0,0,0,0,0,0,0,602,0,0,0,0,0,0
68,6120,69.29003615587067,99994,57,37,1,1,461,253,0.007140428425705543,43,21,49524,49739,373,200,0,0,0,0,0,0,99377,0,0,1,0,0,0,0,0,0,0,616,0,0,0,0,0,0
69,6120,70.1458655266831,99994,54,36,1,1,467,256,0.007230433826029562,44,20,49517,49737,382,204,0,0,0,0,0,0,99364,0,0,1,0,0,0,0,0,0,0,629,0,0,0,0,0,0
70,6120,71.0234707758657,99994,56,36,1,1,473,259,0.0073204392263535815,43,19,49512,49735,386,207,0,0,0,0,0,0,99357,0,0,1,0,0,0,0,0,0,0,636,0,0,0,0,0,0
71,6120,72.09285239163414,99994,64,35,1,1,489,265,0.007540452427145628,41,19,49501,49731,391,212,0,0,0,0,0,0,99342,0,0,1,0,0,0,0,0,0,0,651,0,0,0,0,0,0
72,6120,73.19279910009901,99994,68,36,1,1,501,270,0.007710462627757666,41,21,49492,49725,396,215,0,0,0,0,0,0,99331,0,0,2,0,0,0,0,0,0,0,661,0,0,0,0,0,0
73,6120,74.18217945332215,99994,67,37,1,1,509,275,0.007840470428225693,41,20,49487,49722,402,218,0,0,0,0,0,0,99318,0,0,2,0,0,0,0,0,0,0,674,0,0,0,0,0,0
74,6120,75.06652874106616,99994,64,40,1,1,516,282,0.007980478828729723,46,18,49477,49717,410,222,0,0,0,0,0,0,99304,0,0,2,0,0,0,0,0,0,0,688,0,0,0,0,0,0
75,6120,76.2878310679899,99994,67,39,1,1,527,285,0.008120487229233754,46,17,49468,49717,416,224,0,0,0,0,0,0,99292,0,0,2,0,0,0,0,0,0,0,700,0,0,0,0,0,0
76,6120,77.111017285258,99994,70,42,1,1,537,290,0.008270496229773787,44,17,49462,49712,421,226,0,0,0,0,0,0,99283,0,0,2,0,0,0,0,0,0,0,709,0,0,0,0,0,0
77,6120,78.07445721206594,99994,72,38,1,1,550,293,0.008430505830349821,43,20,49451,49706,431,233,0,0,0,0,0,0,99265,0,0,2,0,0,0,0,0,0,0,727,0,0,0,0,0,0
78,6120,79.10250218518752,99994,68,38,1,1,560,300,0.008600516030961857,40,19,49444,49700,445,240,0,0,0,0,0,0,99244,0,0,2,0,0,0,0,0,0,0,748,0,0,0,0,0,0
79,6120,80.23694840711433,99994,70,46,1,1,572,311,0.008830529831789908,41,20,49434,49689,452,242,0,0,0,0,0,0,99232,0,0,3,0,0,0,0,0,0,0,759,0,0,0,0,0,0
80,6120,81.13468177275858,99994,63,43,1,1,578,316,0.008940536432185932,48,19,49424,49685,462,250,0,0,0,0,0,0,99211,0,0,3,0,0,0,0,0,0,0,780,0,0,0,0,0,0
81,6120,82.19749373624019,99994,68,43,1,1,591,318,0.009090545432725963,51,21,49411,49681,467,252,0,0,0,0,0,0,99201,0,0,3,0,0,0,0,0,0,0,790,0,0,0,0,0,0
82,6120,83.11619182976567,99994,69,39,1,1,600,321,0.00921055263315799,51,20,49406,49679,471,259,0,0,0,0,0,0,99186,0,0,3,0,0,0,0,0,0,0,805,0,0,0,0,0,0
83,6120,84.25388869534692,99994,77,39,1,1,617,329,0.009460567634058044,57,25,49384,49666,479,267,0,0,0,0,0,0,99169,0,0,3,0,0,0,0,0,0,0,822,0,0,0,0,0,0
84,6120,85.2451434601414,99994,84,40,1,1,631,336,0.009670580234814088,54,22,49375,49663,484,272,0,0,0,0,0,0,99156,0,0,3,0,0,0,0,0,0,0,835,0,0,0,0,0,0
85,6120,86.23654145573263,99994,88,39,1,1,643,343,0.00986059163549813,53,23,49364,49656,492,279,0,0,0,0,0,0,99140,0,0,3,0,0,0,0,0,0,0,851,0,0,0,0,0,0
86,6120,87.22815150876137,99994,90,32,1,1,651,346,0.009970598235894154,61,26,49349,49651,497,288,0,0,0,0,0,0,99124,0,0,3,0,0,0,0,0,0,0,867,0,0,0,0,0,0
87,6120,88.21997348777678,99994,83,29,1,1,658,347,0.01005060303618217,66,32,49340,49647,508,289,0,0,0,0,0,0,99106,0,0,3,0,0,0,0,0,0,0,885,0,0,0,0,0,0
88,6120,89.21202113729201,99994,77,31,1,1,671,355,0.010260615636938216,68,30,49325,49641,527,295,0,0,0,0,0,0,99083,0,0,5,0,0,0,0,0,0,0,906,0,0,0,0,0,0
89,6120,90.20436211713725,99994,84,32,1,1,689,362,0.01051063063783827,54,29,49323,49637,536,299,0,0,0,0,0,0,99066,0,0,5,0,0,0,0,0,0,0,923,0,0,0,0,0,0
90,6120,91.19684621412624,99994,88,37,1,1,701,370,0.010710642638558313,60,30,49307,49628,542,302,0,0,0,0,0,0,99055,0,0,5,0,0,0,0,0,0,0,934,0,0,0,0,0,0
91,6120,92.18952748930874,99994,94,41,1,1,715,382,0.01097065823949437,65,27,49291,49622,547,307,0,0,0,0,0,0,99039,0,0,5,0,0,0,0,0,0,0,950,0,0,0,0,0,0
92,6120,93.18239651830868,99994,94,40,1,1,734,388,0.011220673240394424,55,30,49283,49615,565,312,0,0,0,0,0,0,99013,0,0,5,0,0,0,0,0,0,0,976,0,0,0,0,0,0
93,6120,94.1754800721461,99994,98,41,1,1,747,395,0.011420685241114467,57,28,49269,49610,573,318,0,0,0,0,0,0,98998,0,0,5,0,0,0,0,0,0,0,991,0,0,0,0,0,0
94,6120,95.16878938822407,99993,102,48,1,2,763,408,0.011710819757383016,56,27,49254,49599,585,322,0,0,0,0,0,0,98980,0,0,5,0,0,0,0,0,0,0,1008,0,0,0,0,0,0
95,6120,96.16232603355839,99993,96,48,1,2,775,413,0.011880831658216075,58,28,49241,49599,602,321,0,0,0,0,0,0,98957,0,0,5,0,0,0,0,0,0,0,1031,0,0,0,0,0,0
96,6120,97.15619895880975,99992,93,41,2,2,788,416,0.012040963277062165,60,30,49227,49595,616,330,0,0,0,0,0,0,98932,0,0,6,0,0,0,0,0,0,0,1054,0,0,0,0,0,0
97,6120,98.15036928239641,99992,92,45,2,2,800,426,0.012260980878470277,60,29,49217,49586,627,336,0,0,0,0,0,0,98913,0,0,6,0,0,0,0,0,0,0,1073,0,0,0,0,0,0
98,6120,99.14475729849154,99992,100,40,2,2,822,432,0.012541003280262421,50,26,49207,49585,639,345,0,0,0,0,0,0,98888,0,0,6,0,0,0,0,0,0,0,1098,0,0,0,0,0,0
99,6120,100.13937489978842,99992,97,42,2,2,835,439,0.012741019281542523,52,28,49196,49577,651,349,0,0,0,0,0,0,98867,0,0,6,0,0,0,0,0,0,0,1119,0,0,0,0,0,0
100,6120,101.13421827026352,99992,99,47,2,2,849,449,0.012981038483078647,54,26,49184,49569,659,354,0,0,0,0,0,0,98850,0,0,6,0,0,0,0,0,0,0,1136,0,0,0,0,0,0
101,6120,102.12926177969952,99992,98,44,2,2,857,455,0.013121049683974718,59,26,49172,49565,667,361,0,0,0,0,0,0,98832,0,0,6,0,0,0,0,0,0,0,1154,0,0,0,0,0,0
102,6120,103.1245328649217,99992,89,45,2,2,869,460,0.013291063285062805,56,28,49166,49561,685,362,0,0,0,0,0,0,98807,0,0,6,0,0,0,0,0,0,0,1179,0,0,0,0,0,0
103,6120,104.12005458872768,99992,96,41,2,2,889,463,0.013521081686534923,58,31,49146,49556,696,368,0,0,0,0,0,0,98787,0,0,6,0,0,0,0,0,0,0,1199,0,0,0,0,0,0
104,6120,105.11584537249048,99991,97,38,2,3,900,469,0.013691232210898982,67,32,49129,49549,703,376,0,0,0,0,0,0,98768,0,0,6,0,0,0,0,0,0,0,1217,0,0,0,0,0,0
105,6120,106.11189165557843,99991,101,39,2,3,914,474,0.013881249312438119,74,40,49111,49537,710,379,0,0,0,0,0,0,98754,0,0,6,0,0,0,0,0,0,0,1231,0,0,0,0,0,0
106,6120,107.1081347309168,99991,97,40,2,3,924,480,0.014041263713734237,78,41,49103,49531,718,383,0,0,0,0,0,0,98735,0,0,6,0,0,0,0,0,0,0,1250,0,0,0,0,0,0
107,6120,108.1045888801005,99991,104,43,2,3,945,488,0.014331289816083448,73,38,49091,49528,728,386,0,0,0,0,0,0,98716,0,0,6,0,0,0,0,0,0,0,1269,0,0,0,0,0,0
108,6120,109.10126729595632,99991,114,41,2,3,967,493,0.014601314118270644,68,43,49076,49519,738,392,0,0,0,0,0,0,98697,0,0,6,0,0,0,0,0,0,0,1288,0,0,0,0,0,0
109,6120,110.09812731967779,99991,120,39,2,3,984,499,0.014831334820133811,65,42,49065,49518,746,396,0,0,0,0,0,0,98679,0,0,7,0,0,0,0,0,0,0,1305,0,0,0,0,0,0
110,6120,111.09523718749408,99991,102,49,2,3,997,514,0.015111360022402017,70,36,49049,49511,775,399,0,0,0,0,0,0,98644,0,0,8,0,0,0,0,0,0,0,1339,0,0,0,0,0,0
111,6120,112.09274896167753,99991,104,50,2,3,1016,522,0.015381384324589213,66,33,49037,49507,789,405,0,0,0,0,0,0,98620,0,0,8,0,0,0,0,0,0,0,1363,0,0,0,0,0,0
112,6120,113.09053418728904,99991,110,52,2,3,1035,533,0.01568141132701943,64,33,49025,49497,797,413,0,0,0,0,0,0,98598,0,0,8,0,0,0,0,0,0,0,1385,0,0,0,0,0,0
113,6120,114.08853171544466,99991,121,53,2,3,1057,542,0.015991439229530658,63,31,49008,49492,804,419,0,0,0,0,0,0,98580,0,0,9,0,0,0,0,0,0,0,1402,0,0,0,0,0,0
114,6120,115.08674072730449,99991,127,53,2,3,1076,549,0.016251462631636848,59,34,48996,49485,814,423,0,0,0,0,0,0,98561,0,0,10,0,0,0,0,0,0,0,1420,0,0,0,0,0,0
115,6120,116.08518760208814,99991,121,57,2,3,1090,561,0.01651148603374304,63,30,48980,49477,832,431,0,0,0,0,0,0,98533,0,0,10,0,0,0,0,0,0,0,1448,0,0,0,0,0,0
116,6120,117.08395381816248,99991,120,55,2,3,1103,574,0.016771509435849225,70,26,48963,49471,843,443,0,0,0,0,0,0,98505,0,0,11,0,0,0,0,0,0,0,1475,0,0,0,0,0,0
117,6120,118.08303139933297,99991,124,58,2,3,1121,580,0.0170115310377934,67,31,48949,49460,856,446,0,0,0,0,0,0,98488,0,0,11,0,0,0,0,0,0,0,1492,0,0,0,0,0,0
118,6120,119.08236428526592,99991,116,64,2,3,1135,592,0.01727155443989959,74,31,48928,49449,878,451,0,0,0,0,0,0,98461,0,0,12,0,0,0,0,0,0,0,1518,0,0,0,0,0,0
119,6120,120.08206915469394,99991,116,67,2,3,1149,596,0.017451570641357723,76,35,48914,49441,890,452,0,0,0,0,0,0,98446,0,0,12,0,0,0,0,0,0,0,1533,0,0,0,0,0,0
120,6120,121.08202523598446,99991,117,70,2,3,1167,607,0.017741596743706935,82,37,48892,49429,905,459,0,0,0,0,0,0,98421,0,0,12,0,0,0,0,0,0,0,1558,0,0,0,0,0,0
121,6120,122.08235091809809,99991,114,64,2,3,1185,611,0.017961616545489095,89,41,48869,49423,924,467,0,0,0,0,0,0,98390,0,0,12,0,0,0,0,0,0,0,1589,0,0,0,0,0,0
122,6120,123.083112178001,99991,126,62,2,3,1210,622,0.018321648948405357,76,37,48861,49417,933,479,0,0,0,0,0,0,98364,0,0,12,0,0,0,0,0,0,0,1615,0,0,0,0,0,0
123,6120,124.0841121124164,99991,127,52,2,3,1229,633,0.018621675950835574,78,33,48843,49412,948,498,0,0,0,0,0,0,98326,0,0,13,0,0,0,0,0,0,0,1652,0,0,0,0,0,0
124,6120,125.08547593081705,99991,125,50,2,3,1244,639,0.018831694852536728,82,30,48827,49409,962,506,0,0,0,0,0,0,98301,0,0,13,0,0,0,0,0,0,0,1677,0,0,0,0,0,0
125,6120,126.08721091793164,99991,131,52,2,3,1266,649,0.01915172365512896,81,30,48808,49400,976,513,0,0,0,0,0,0,98277,0,0,13,0,0,0,0,0,0,0,1701,0,0,0,0,0,0
126,6120,127.08926953430816,99991,132,50,2,3,1284,656,0.019401746157154145,81,29,48792,49396,991,520,0,0,0,0,0,0,98251,0,0,13,0,0,0,0,0,0,0,1727,0,0,0,0,0,0
127,6120,128.09162128968353,99990,141,50,3,3,1310,661,0.01971197119711971,71,33,48779,49388,1004,524,0,0,0,0,0,0,98229,0,0,13,0,0,0,0,0,0,0,1748,0,0,0,0,0,0
128,6120,129.09420759661555,99990,141,48,3,3,1327,666,0.01993199319931993,71,39,48763,49379,1020,529,0,0,0,0,0,0,98205,0,0,13,0,0,0,0,0,0,0,1772,0,0,0,0,0,0
129,6120,130.09712564215894,99990,140,45,3,3,1346,676,0.020222022202220222,70,41,48749,49368,1036,541,0,0,0,0,0,0,98173,0,0,14,0,0,0,0,0,0,0,1803,0,0,0,0,0,0
130,6120,131.1003617273004,99990,133,50,3,3,1366,686,0.020522052205220524,67,42,48735,49358,1060,545,0,0,0,0,0,0,98144,0,0,17,0,0,0,0,0,0,0,1829,0,0,0,0,0,0
131,6120,132.10394680566088,99990,135,55,3,3,1384,697,0.020812081208120812,63,45,48725,49344,1072,551,0,0,0,0,0,0,98122,0,0,17,0,0,0,0,0,0,0,1851,0,0,0,0,0,0
132,6120,133.10779180900687,99990,134,60,3,3,1399,708,0.021072107210721072,77,45,48699,49333,1085,557,0,0,0,0,0,0,98100,0,0,17,0,0,0,0,0,0,0,1873,0,0,0,0,0,0
133,6120,134.11195894709113,99990,133,60,3,3,1415,723,0.021382138213821383,76,42,48688,49322,1098,571,0,0,0,0,0,0,98068,0,0,17,0,0,0,0,0,0,0,1905,0,0,0,0,0,0
134,6120,135.11639829563785,99990,126,60,3,3,1429,736,0.021652165216521652,74,47,48679,49305,1116,583,0,0,0,0,0,0,98034,0,0,17,0,0,0,0,0,0,0,1939,0,0,0,0,0,0
135,6120,136.1211085081385,99990,137,64,3,3,1449,744,0.02193219321932193,81,46,48658,49301,1119,584,0,0,0,0,0,0,98021,0,0,17,0,0,0,0,0,0,0,1952,0,0,0,0,0,0
136,6120,137.12599331974826,99989,139,67,4,3,1473,754,0.022272449969496646,73,51,48651,49289,1131,588,0,0,0,0,0,0,97992,0,0,17,0,0,0,0,0,0,0,1980,0,0,0,0,0,0
137,6120,138.13107757991557,99989,139,74,4,3,1486,768,0.022542479672764005,80,50,48633,49277,1142,594,0,0,0,0,0,0,97972,0,0,17,0,0,0,0,0,0,0,2000,0,0,0,0,0,0
138,6120,139.13642447898016,99989,142,78,4,3,1509,786,0.02295252477772555,81,41,48613,49269,1158,607,0,0,0,0,0,0,97939,0,0,18,0,0,0,0,0,0,0,2032,0,0,0,0,0,0
139,6120,140.1421485968432,99989,141,82,4,3,1528,798,0.023262558881476963,83,44,48594,49255,1176,614,0,0,0,0,0,0,97912,0,0,19,0,0,0,0,0,0,0,2058,0,0,0,0,0,0
140,6120,141.1482362751743,99989,145,85,4,3,1549,814,0.023632599585954456,101,43,48557,49242,1191,625,0,0,0,0,0,0,97883,0,0,20,0,0,0,0,0,0,0,2086,0,0,0,0,0,0
141,6120,142.15484288738932,99989,153,87,4,3,1578,820,0.023982638090189922,105,54,48525,49225,1211,629,0,0,0,0,0,0,97858,0,0,20,0,0,0,0,0,0,0,2111,0,0,0,0,0,0
142,6120,143.16192833010604,99989,160,89,4,3,1606,832,0.024382682095030455,109,54,48499,49214,1226,638,0,0,0,0,0,0,97827,0,0,20,0,0,0,0,0,0,0,2142,0,0,0,0,0,0
143,6120,144.16945307584683,99989,159,88,4,3,1631,847,0.024782726099870984,115,53,48474,49205,1246,649,0,0,0,0,0,0,97785,0,0,20,0,0,0,0,0,0,0,2184,0,0,0,0,0,0
144,6120,145.17745184540024,99989,169,88,4,3,1664,864,0.02528278110592165,108,61,48452,49183,1265,663,0,0,0,0,0,0,97747,0,0,22,0,0,0,0,0,0,0,2220,0,0,0,0,0,0
145,6120,146.18583087307744,99989,162,83,4,3,1686,878,0.02564282071027813,123,58,48417,49174,1292,680,0,0,0,0,0,0,97699,0,0,22,0,0,0,0,0,0,0,2268,0,0,0,0,0,0
146,6120,147.19483989695044,99989,164,81,4,3,1719,891,0.026102871315844742,116,59,48395,49161,1319,694,0,0,0,0,0,0,97654,0,0,23,0,0,0,0,0,0,0,2312,0,0,0,0,0,0
147,6120,148.20439873787058,99989,172,90,4,3,1747,909,0.026562921921411357,115,55,48376,49149,1331,701,0,0,0,0,0,0,97626,0,0,24,0,0,0,0,0,0,0,2339,0,0,0,0,0,0
148,6120,149.21430306255115,99989,160,85,4,3,1765,916,0.026812949424436686,125,61,48353,49137,1356,712,0,0,0,0,0,0,97584,0,0,24,0,0,0,0,0,0,0,2381,0,0,0,0,0,0
149,6120,150.224646639031,99989,175,89,4,3,1798,934,0.027323005530608367,122,53,48325,49130,1372,723,0,0,0,0,0,0,97552,0,0,24,0,0,0,0,0,0,0,2413,0,0,0,0,0,0
150,6120,151.23548365572742,99989,189,85,4,3,1831,946,0.027773055036053967,118,56,48298,49116,1389,738,0,0,0,0,0,0,97517,0,0,24,0,0,0,0,0,0,0,2448,0,0,0,0,0,0
151,6120,152.2468037828857,99988,193,83,5,3,1862,961,0.028233388006560788,120,50,48271,49109,1409,753,0,0,0,0,0,0,97474,0,0,25,0,0,0,0,0,0,0,2489,0,0,0,0,0,0
152,6120,153.25860513195312,99988,201,85,5,3,1898,974,0.028723446813617635,109,54,48250,49097,1433,759,0,0,0,0,0,0,97435,0,0,25,0,0,0,0,0,0,0,2528,0,0,0,0,0,0
153,6120,154.27087361286584,99988,198,83,5,3,1928,992,0.029203504420530463,110,52,48225,49082,1460,778,0,0,0,0,0,0,97382,0,0,25,0,0,0,0,0,0,0,2581,0,0,0,0,0,0
154,6120,155.2837231369866,99988,196,83,5,3,1960,1006,0.029663559627155257,112,53,48200,49073,1485,786,0,0,0,0,0,0,97335,0,0,26,0,0,0,0,0,0,0,2627,0,0,0,0,0,0
155,6120,156.29708376482006,99987,191,84,6,3,1984,1021,0.030053907007911027,111,55,48180,49056,1510,800,0,0,0,0,0,0,97292,0,0,26,0,0,0,0,0,0,0,2669,0,0,0,0,0,0
156,6120,157.31086035973843,99987,191,78,6,3,2009,1035,0.030443957714502885,113,61,48161,49038,1527,818,0,0,0,0,0,0,97248,0,0,27,0,0,0,0,0,0,0,2712,0,0,0,0,0,0
157,6120,158.32506748144885,99987,182,82,6,3,2041,1048,0.030894016222108873,108,63,48142,49029,1560,821,0,0,0,0,0,0,97198,0,0,27,0,0,0,0,0,0,0,2762,0,0,0,0,0,0
158,6120,159.00150315605305,99987,186,84,6,3,2062,1055,0.03117405262684149,111,63,48122,49028,1573,820,0,0,0,0,0,0,97176,0,0,27,0,0,0,0,0,0,0,2784,0,0,0,0,0,0
159,6120,160.01652865916992,99986,183,87,7,3,2088,1069,0.03157442041885864,115,63,48101,49014,1592,831,0,0,0,0,0,0,97136,0,0,27,0,0,0,0,0,0,0,2823,0,0,0,0,0,0
160,6120,161.0320291489605,99985,189,95,8,3,2125,1088,0.032134820223033454,112,55,48073,49007,1616,838,0,0,0,0,0,0,97094,0,0,27,0,0,0,0,0,0,0,2864,0,0,0,0,0,0
161,6120,162.04804768120422,99984,177,104,9,3,2147,1105,0.03252520403264522,123,60,48048,48988,1641,843,0,0,0,0,0,0,97052,0,0,27,0,0,0,0,0,0,0,2905,0,0,0,0,0,0
162,6120,163.0645427903418,99984,189,106,9,3,2182,1119,0.03301528244519123,121,55,48021,48982,1658,852,0,0,0,0,0,0,97017,0,0,27,0,0,0,0,0,0,0,2940,0,0,0,0,0,0
163,6120,164.0815015838245,99984,193,103,9,3,2211,1134,0.03345535285645703,122,60,47994,48966,1680,866,0,0,0,0,0,0,96976,0,0,29,0,0,0,0,0,0,0,2979,0,0,0,0,0,0
164,6120,165.09900194456515,99984,183,104,9,3,2232,1149,0.03381541046567451,130,58,47970,48959,1706,874,0,0,0,0,0,0,96931,0,0,29,0,0,0,0,0,0,0,3024,0,0,0,0,0,0
165,6120,166.1169999048953,99984,178,98,9,3,2254,1162,0.03416546647463594,135,59,47949,48945,1727,893,0,0,0,0,0,0,96885,0,0,29,0,0,0,0,0,0,0,3070,0,0,0,0,0,0
166,6120,167.1354397361704,99984,191,98,9,3,2298,1176,0.03474555928948632,125,58,47921,48934,1752,905,0,0,0,0,0,0,96840,0,0,29,0,0,0,0,0,0,0,3115,0,0,0,0,0,0
167,6120,168.15442815749054,99984,196,98,9,3,2329,1193,0.035225636101776286,119,63,47903,48916,1771,918,0,0,0,0,0,0,96797,0,0,29,0,0,0,0,0,0,0,3158,0,0,0,0,0,0
168,6120,169.17385230101286,99983,184,102,10,3,2354,1213,0.035676064931038275,122,53,47889,48910,1793,930,0,0,0,0,0,0,96746,0,0,31,0,0,0,0,0,0,0,3206,0,0,0,0,0,0
169,6120,170.19365600674337,99983,191,97,10,3,2384,1228,0.03612614144404549,115,51,47874,48899,1808,948,0,0,0,0,0,0,96703,0,0,31,0,0,0,0,0,0,0,3249,0,0,0,0,0,0
170,6120,171.21380427107536,99983,201,96,10,3,2411,1245,0.03656621625676365,116,50,47854,48886,1817,963,0,0,0,0,0,0,96668,0,0,31,0,0,0,0,0,0,0,3284,0,0,0,0,0,0
171,6120,172.23429397805916,99983,188,102,10,3,2434,1262,0.036966284268325614,120,51,47836,48874,1844,968,0,0,0,0,0,0,96622,0,0,32,0,0,0,0,0,0,0,3329,0,0,0,0,0,0
172,6120,173.25525070701775,99983,186,114,10,3,2465,1279,0.037446365882199975,121,54,47810,48856,1871,971,0,0,0,0,0,0,96584,0,0,32,0,0,0,0,0,0,0,3367,0,0,0,0,0,0
173,6120,174.2767010813551,99983,186,104,10,3,2491,1291,0.03782643049318384,120,64,47789,48835,1893,992,0,0,0,0,0,0,96536,0,0,32,0,0,0,0,0,0,0,3415,0,0,0,0,0,0
174,6120,175.29857686634,99982,193,103,10,4,2520,1307,0.03827688984017123,117,61,47769,48824,1909,1006,0,0,0,0,0,0,96497,0,0,32,0,0,0,0,0,0,0,3453,0,0,0,0,0,0
175,6120,176.32085752049593,99982,192,106,10,4,2547,1323,0.03870696725410574,122,59,47743,48813,1931,1016,0,0,0,0,0,0,96456,0,0,32,0,0,0,0,0,0,0,3494,0,0,0,0,0,0
176,6120,177.0026661001759,99982,194,104,10,4,2565,1333,0.03898701766317937,125,60,47727,48804,1942,1026,0,0,0,0,0,0,96431,0,0,35,0,0,0,0,0,0,0,3516,0,0,0,0,0,0
177,6120,178.02579157766738,99982,209,107,10,4,2604,1352,0.03956712208197476,126,57,47691,48788,1962,1042,0,0,0,0,0,0,96392,0,0,36,0,0,0,0,0,0,0,3554,0,0,0,0,0,0
178,6120,179.04945966646756,99982,219,108,10,4,2644,1370,0.04014722650077014,114,53,47668,48777,1987,1056,0,0,0,0,0,0,96346,0,0,37,0,0,0,0,0,0,0,3599,0,0,0,0,0,0
179,6120,180.07370564574364,99981,224,103,10,5,2673,1384,0.04057770976485532,121,61,47642,48759,2001,1070,0,0,0,0,0,0,96303,0,0,37,0,0,0,0,0,0,0,3641,0,0,0,0,0,0
180,6120,181.09838423321605,99981,230,108,10,5,2712,1406,0.04118782568688051,115,56,47616,48745,2027,1084,0,0,0,0,0,0,96253,0,0,37,0,0,0,0,0,0,0,3691,0,0,0,0,0,0
181,6120,182.12354189272412,99981,234,112,10,5,2750,1422,0.04172792830637821,111,58,47594,48732,2049,1091,0,0,0,0,0,0,96207,0,0,37,0,0,0,0,0,0,0,3737,0,0,0,0,0,0
182,6120,183.149170524569,99980,230,106,11,5,2781,1438,0.042198439687937586,123,56,47557,48721,2077,1110,0,0,0,0,0,0,96152,0,0,39,0,0,0,0,0,0,0,3789,0,0,0,0,0,0
183,6120,184.17553085594125,99980,228,108,11,5,2809,1454,0.04263852770554111,126,55,47532,48710,2101,1120,0,0,0,0,0,0,96109,0,0,40,0,0,0,0,0,0,0,3831,0,0,0,0,0,0
184,6120,185.20245379578225,99980,219,99,11,5,2840,1467,0.04307861572314463,134,57,47499,48700,2135,1137,0,0,0,0,0,0,96048,0,0,41,0,0,0,0,0,0,0,3891,0,0,0,0,0,0
185,6120,186.23007651852907,99979,230,103,12,5,2881,1480,0.043619160023604955,122,59,47477,48688,2157,1143,0,0,0,0,0,0,96009,0,0,41,0,0,0,0,0,0,0,3929,0,0,0,0,0,0
186,6120,187.2581728566318,99979,235,106,12,5,2912,1496,0.044089258744336314,136,64,47440,48667,2175,1156,0,0,0,0,0,0,95972,0,0,43,0,0,0,0,0,0,0,3964,0,0,0,0,0,0
187,6120,188.28682407527984,99979,237,102,12,5,2941,1507,0.044489342761980015,141,66,47416,48660,2192,1165,0,0,0,0,0,0,95930,0,0,43,0,0,0,0,0,0,0,4006,0,0,0,0,0,0
188,6120,189.31595717027773,99979,236,105,12,5,2976,1521,0.04497944568359356,143,76,47387,48637,2220,1175,0,0,0,0,0,0,95885,0,0,45,0,0,0,0,0,0,0,4049,0,0,0,0,0,0
189,6120,190.00238808106164,99979,243,107,12,5,3006,1532,0.04538953180167835,130,76,47372,48631,2241,1179,0,0,0,0,0,0,95856,0,0,48,0,0,0,0,0,0,0,4075,0,0,0,0,0,0
190,6120,191.03240513188493,99979,258,109,12,5,3041,1553,0.04594964942637954,144,77,47337,48611,2247,1196,0,0,0,0,0,0,95817,0,0,48,0,0,0,0,0,0,0,4114,0,0,0,0,0,0
191,6120,192.062874969276,99979,270,102,12,5,3081,1573,0.046549775452845096,144,75,47303,48596,2269,1220,0,0,0,0,0,0,95762,0,0,48,0,0,0,0,0,0,0,4169,0,0,0,0,0,0
192,6120,193.09398937016573,99979,269,110,12,5,3120,1593,0.04713989937886956,141,80,47279,48576,2297,1227,0,0,0,0,0,0,95712,0,0,50,0,0,0,0,0,0,0,4217,0,0,0,0,0,0
193,6120,194.1256239153734,99979,281,123,12,5,3163,1620,0.04784004640974605,137,78,47250,48553,2318,1239,0,0,0,0,0,0,95668,0,0,51,0,0,0,0,0,0,0,4260,0,0,0,0,0,0
194,6120,195.15773634708498,99979,269,122,12,5,3201,1641,0.04843017033577051,144,87,47215,48530,2358,1254,0,0,0,0,0,0,95597,0,0,52,0,0,0,0,0,0,0,4330,0,0,0,0,0,0
195,6120,196.1906354884234,99979,266,129,12,5,3234,1663,0.04898028586003061,155,85,47177,48515,2388,1264,0,0,0,0,0,0,95546,0,0,52,0,0,0,0,0,0,0,4381,0,0,0,0,0,0
196,6120,197.2242452352792,99978,268,135,13,5,3271,1687,0.04959091000020004,163,85,47141,48495,2413,1278,0,0,0,0,0,0,95495,0,0,54,0,0,0,0,0,0,0,4429,0,0,0,0,0,0
197,6120,198.25846516204186,99978,280,135,13,5,3312,1707,0.05020104422973054,160,92,47116,48470,2429,1296,0,0,0,0,0,0,95446,0,0,54,0,0,0,0,0,0,0,4478,0,0,0,0,0,0
198,6120,199.2931714586974,99978,283,129,13,5,3350,1723,0.05074116305587229,155,88,47099,48463,2448,1313,0,0,0,0,0,0,95392,0,0,57,0,0,0,0,0,0,0,4529,0,0,0,0,0,0
199,6120,200.32834393328037,99978,279,133,13,5,3398,1748,0.051471323691212066,157,81,47055,48451,2494,1328,0,0,0,0,0,0,95322,0,0,60,0,0,0,0,0,0,0,4596,0,0,0,0,0,0
200,6120,201.01897915137823,99978,275,140,13,5,3424,1769,0.05194142711396507,160,75,47027,48438,2523,1340,0,0,0,0,0,0,95281,0,0,63,0,0,0,0,0,0,0,4634,0,0,0,0,0,0
201,6120,202.05568411780592,99978,270,137,13,5,3464,1791,0.05256156354397967,173,69,46987,48426,2555,1361,0,0,0,0,0,0,95212,0,0,64,0,0,0,0,0,0,0,4702,0,0,0,0,0,0
202,6120,203.0932544567266,99978,262,141,13,5,3503,1808,0.05312168677108964,181,73,46951,48407,2591,1372,0,0,0,0,0,0,95153,0,0,65,0,0,0,0,0,0,0,4760,0,0,0,0,0,0
203,6120,204.13162627371426,99978,276,137,13,5,3549,1824,0.053741823201104245,187,74,46910,48394,2612,1388,0,0,0,0,0,0,95103,0,0,67,0,0,0,0,0,0,0,4808,0,0,0,0,0,0
204,6120,205.17074213276408,99978,290,134,13,5,3610,1846,0.05457200584128508,176,74,46869,48376,2650,1409,0,0,0,0,0,0,95034,0,0,70,0,0,0,0,0,0,0,4874,0,0,0,0,0,0
205,6120,206.2106348047877,99978,283,133,13,5,3659,1864,0.055242153273720215,176,83,46831,48355,2695,1422,0,0,0,0,0,0,94962,0,0,73,0,0,0,0,0,0,0,4943,0,0,0,0,0,0
206,6120,207.25141528889773,99978,300,139,13,5,3705,1884,0.05590229850567125,171,90,46799,48333,2715,1431,0,0,0,0,0,0,94920,0,0,74,0,0,0,0,0,0,0,4984,0,0,0,0,0,0
207,6120,208.29270776262598,99977,303,142,14,5,3750,1911,0.056623023295357934,179,95,46756,48306,2746,1450,0,0,0,0,0,0,94855,0,0,75,0,0,0,0,0,0,0,5047,0,0,0,0,0,0
208,6120,209.33487644758713,99976,290,139,15,5,3791,1929,0.057213731295510925,181,100,46727,48287,2785,1467,0,0,0,0,0,0,94782,0,0,77,0,0,0,0,0,0,0,5117,0,0,0,0,0,0
209,6120,210.030065025072,99976,306,145,15,5,3822,1948,0.05771385132431783,185,97,46700,48276,2792,1475,0,0,0,0,0,0,94754,0,0,77,0,0,0,0,0,0,0,5145,0,0,0,0,0,0
210,6120,211.07333231063376,99976,312,155,15,5,3877,1973,0.0585140433704089,184,90,46657,48264,2830,1484,0,0,0,0,0,0,94691,0,0,78,0,0,0,0,0,0,0,5207,0,0,0,0,0,0
211,6120,212.11742882683546,99975,316,150,15,6,3923,1999,0.05923480870217555,185,92,46625,48241,2857,1509,0,0,0,0,0,0,94618,0,0,78,0,0,0,0,0,0,0,5279,0,0,0,0,0,0
212,6120,213.16222952730868,99975,312,139,15,6,3962,2013,0.05976494123530883,191,105,46596,48221,2884,1527,0,0,0,0,0,0,94554,0,0,82,0,0,0,0,0,0,0,5339,0,0,0,0,0,0
213,6120,214.20767569312406,99975,317,152,15,6,4019,2051,0.060715178794698677,179,96,46564,48202,2923,1542,0,0,0,0,0,0,94482,0,0,87,0,0,0,0,0,0,0,5406,0,0,0,0,0,0
214,6120,215.25388940388405,99975,314,154,15,6,4061,2072,0.06134533633408352,184,101,46534,48182,2951,1555,0,0,0,0,0,0,94421,0,0,90,0,0,0,0,0,0,0,5464,0,0,0,0,0,0
215,6120,216.30077982361374,99975,323,147,15,6,4115,2095,0.06211552888222056,174,110,46499,48156,2987,1579,0,0,0,0,0,0,94348,0,0,92,0,0,0,0,0,0,0,5535,0,0,0,0,0,0
216,6120,217.34843252206988,99974,313,144,15,7,4158,2119,0.06278632444435553,185,105,46452,48141,3033,1601,0,0,0,0,0,0,94273,0,0,97,0,0,0,0,0,0,0,5604,0,0,0,0,0,0
217,6120,218.04745723623867,99974,316,155,15,7,4188,2147,0.06336647528357373,181,94,46431,48127,3055,1615,0,0,0,0,0,0,94230,0,0,98,0,0,0,0,0,0,0,5646,0,0,0,0,0,0
218,6120,219.09673080826755,99974,307,158,15,7,4233,2172,0.06406665733090604,191,101,46391,48105,3094,1627,0,0,0,0,0,0,94156,0,0,100,0,0,0,0,0,0,0,5718,0,0,0,0,0,0
219,6120,220.14676898889206,99973,309,156,16,7,4276,2192,0.06469746831644543,189,111,46365,48078,3119,1646,0,0,0,0,0,0,94095,0,0,102,0,0,0,0,0,0,0,5776,0,0,0,0,0,0
220,6120,221.19734074627638,99972,313,160,17,7,4326,2218,0.06545832833193294,184,116,46336,48055,3148,1660,0,0,0,0,0,0,94030,0,0,105,0,0,0,0,0,0,0,5837,0,0,0,0,0,0
221,6120,222.2485284303561,99972,325,181,17,7,4381,2250,0.06632857200016004,186,121,46292,48026,3178,1663,0,0,0,0,0,0,93977,0,0,106,0,0,0,0,0,0,0,5889,0,0,0,0,0,0
222,6120,223.30041485436146,99971,322,182,17,8,4435,2283,0.06719948785147693,177,114,46256,48008,3226,1686,0,0,0,0,0,0,93889,0,0,107,0,0,0,0,0,0,0,5975,0,0,0,0,0,0
223,6120,224.00220527337888,99971,321,185,17,8,4459,2301,0.06761960968680918,193,108,46222,47997,3245,1700,0,0,0,0,0,0,93849,0,0,107,0,0,0,0,0,0,0,6015,0,0,0,0,0,0
224,6120,225.0557115475898,99970,320,178,18,8,4512,2327,0.06841052315694708,183,102,46190,47981,3287,1729,0,0,0,0,0,0,93767,0,0,112,0,0,0,0,0,0,0,6091,0,0,0,0,0,0
225,6120,226.11016155590266,99970,304,172,18,8,4559,2350,0.06911073321996598,183,99,46151,47968,3342,1751,0,0,0,0,0,0,93680,0,0,117,0,0,0,0,0,0,0,6173,0,0,0,0,0,0
226,6120,227.16571946312723,99970,305,172,18,8,4609,2376,0.06987096128838652,170,99,46131,47954,3374,1765,0,0,0,0,0,0,93608,0,0,120,0,0,0,0,0,0,0,6242,0,0,0,0,0,0
227,6120,228.221807628856,99970,310,180,18,8,4656,2402,0.07060118035410623,184,99,46095,47934,3391,1777,0,0,0,0,0,0,93549,0,0,121,0,0,0,0,0,0,0,6300,0,0,0,0,0,0
228,6120,229.2784695814254,99970,299,170,18,8,4699,2429,0.07130139041712513,192,100,46053,47913,3436,1807,0,0,0,0,0,0,93459,0,0,122,0,0,0,0,0,0,0,6389,0,0,0,0,0,0
229,6120,230.33617577005728,99970,304,165,18,8,4741,2452,0.07195158547564269,200,105,46012,47889,3464,1831,0,0,0,0,0,0,93396,0,0,124,0,0,0,0,0,0,0,6450,0,0,0,0,0,0
230,6120,231.04179231218654,99970,307,161,18,8,4778,2465,0.0724517355206562,185,103,45995,47879,3493,1847,0,0,0,0,0,0,93346,0,0,125,0,0,0,0,0,0,0,6499,0,0,0,0,0,0
231,6120,232.10089301098125,99970,292,173,18,8,4824,2496,0.073221966589977,193,90,45955,47869,3540,1858,0,0,0,0,0,0,93268,0,0,127,0,0,0,0,0,0,0,6575,0,0,0,0,0,0
232,6120,233.16094405184495,99970,290,176,18,8,4872,2524,0.07398219465839752,184,89,45926,47844,3580,1881,0,0,0,0,0,0,93198,0,0,132,0,0,0,0,0,0,0,6640,0,0,0,0,0,0
233,6120,234.22185054232682,99970,288,164,18,8,4930,2543,0.07475242572771831,175,97,45892,47827,3625,1902,0,0,0,0,0,0,93109,0,0,134,0,0,0,0,0,0,0,6727,0,0,0,0,0,0
234,6120,235.2836394435212,99970,283,167,18,8,4965,2573,0.07540262078623587,187,89,45858,47813,3652,1921,0,0,0,0,0,0,93046,0,0,138,0,0,0,0,0,0,0,6786,0,0,0,0,0,0
235,6120,236.34616522679698,99969,299,168,18,9,5021,2590,0.0761336014164391,182,85,45829,47807,3670,1929,0,0,0,0,0,0,92995,0,0,143,0,0,0,0,0,0,0,6831,0,0,0,0,0,0
236,6120,237.05481791959852,99969,313,172,18,9,5051,2607,0.0766037471616201,186,75,45803,47807,3678,1935,0,0,0,0,0,0,92968,0,0,145,0,0,0,0,0,0,0,6856,0,0,0,0,0,0
237,6120,238.11834462619464,99969,318,178,18,9,5108,2629,0.07739399213756265,179,68,45768,47797,3715,1946,0,0,0,0,0,0,92902,0,0,147,0,0,0,0,0,0,0,6920,0,0,0,0,0,0
238,6120,239.18266351182245,99969,322,166,18,9,5151,2642,0.07795416579139533,184,84,45736,47773,3738,1966,0,0,0,0,0,0,92841,0,0,150,0,0,0,0,0,0,0,6978,0,0,0,0,0,0
239,6120,240.24773239555714,99969,326,154,18,9,5201,2662,0.07865438285868619,185,84,45697,47759,3772,1992,0,0,0,0,0,0,92765,0,0,152,0,0,0,0,0,0,0,7052,0,0,0,0,0,0
240,6120,241.31370910128413,99969,311,142,18,9,5241,2679,0.07922455961348018,205,87,45649,47747,3815,2013,0,0,0,0,0,0,92683,0,0,154,0,0,0,0,0,0,0,7132,0,0,0,0,0,0
241,6120,242.02498608979656,99969,304,128,18,9,5269,2690,0.0796146805509708,211,97,45625,47738,3840,2026,0,0,0,0,0,0,92625,0,0,156,0,0,0,0,0,0,0,7188,0,0,0,0,0,0
242,6120,243.09260551092544,99969,315,138,18,9,5318,2722,0.08042493172883594,215,90,45583,47721,3867,2040,0,0,0,0,0,0,92571,0,0,162,0,0,0,0,0,0,0,7236,0,0,0,0,0,0
243,6120,244.1611113092523,99969,307,138,18,9,5374,2739,0.0811551580990107,218,96,45541,47703,3914,2052,0,0,0,0,0,0,92495,0,0,167,0,0,0,0,0,0,0,7307,0,0,0,0,0,0
244,6120,245.23066323472887,99969,305,133,18,9,5429,2759,0.08190539067110804,207,97,45516,47690,3952,2069,0,0,0,0,0,0,92418,0,0,172,0,0,0,0,0,0,0,7379,0,0,0,0,0,0
245,6120,246.30097394606588,99969,317,133,18,9,5483,2778,0.08263561704128279,208,97,45477,47677,3978,2082,0,0,0,0,0,0,92362,0,0,177,0,0,0,0,0,0,0,7430,0,0,0,0,0,0
246,6120,247.01489778286322,99969,321,136,18,9,5517,2792,0.0831157658874251,197,98,45460,47673,4002,2082,0,0,0,0,0,0,92324,0,0,180,0,0,0,0,0,0,0,7465,0,0,0,0,0,0
247,6120,248.0863709806492,99969,320,155,18,9,5562,2822,0.08386599845952245,204,84,45418,47666,4038,2084,0,0,0,0,0,0,92269,0,0,182,0,0,0,0,0,0,0,7518,0,0,0,0,0,0
248,6120,249.1586148987081,99968,326,151,19,9,5616,2845,0.08463708386683738,179,89,45405,47648,4069,2101,0,0,0,0,0,0,92195,0,0,183,0,0,0,0,0,0,0,7590,0,0,0,0,0,0
249,6120,250.2314819673193,99968,313,150,19,9,5659,2862,0.08523727592829705,189,100,45372,47630,4105,2109,0,0,0,0,0,0,92125,0,0,187,0,0,0,0,0,0,0,7656,0,0,0,0,0,0
250,6120,251.3050742380305,99968,333,145,19,9,5715,2881,0.08598751600512164,190,102,45329,47621,4127,2121,0,0,0,0,0,0,92067,0,0,189,0,0,0,0,0,0,0,7712,0,0,0,0,0,0
251,6120,252.02124246452624,99967,327,155,19,10,5744,2904,0.08650854782078085,183,95,45319,47613,4150,2125,0,0,0,0,0,0,92020,0,0,190,0,0,0,0,0,0,0,7757,0,0,0,0,0,0
252,6120,253.09604149123825,99967,336,166,19,10,5801,2933,0.08736883171446577,171,86,45289,47601,4183,2135,0,0,0,0,0,0,91956,0,0,192,0,0,0,0,0,0,0,7819,0,0,0,0,0,0
253,6120,254.171546840236,99967,341,170,19,10,5842,2959,0.08803905288745285,190,86,45246,47583,4202,2149,0,0,0,0,0,0,91901,0,0,195,0,0,0,0,0,0,0,7871,0,0,0,0,0,0
254,6120,255.24771971101643,99967,355,159,19,10,5901,2974,0.08877929716806546,180,92,45220,47570,4224,2167,0,0,0,0,0,0,91835,0,0,198,1,0,0,0,0,0,0,7933,0,0,0,0,0,0
255,6120,256.3245067305369,99967,358,149,19,10,5954,2988,0.08944951834105255,175,106,45186,47548,4260,2185,0,0,0,0,0,0,91766,0,0,203,1,0,0,0,0,0,0,7997,0,0,0,0,0,0
256,6120,257.04280292257397,99966,341,154,20,10,5973,3003,0.08979052877978513,187,100,45165,47546,4285,2188,0,0,0,0,0,0,91722,0,0,205,1,0,0,0,0,0,0,8038,0,0,0,0,0,0
257,6120,258.1209467603039,99965,337,157,21,10,6019,3027,0.09049167208522983,196,107,45120,47527,4324,2197,0,0,0,0,0,0,91659,0,0,213,1,0,0,0,0,0,0,8092,0,0,0,0,0,0
258,6120,259.200034538768,99965,324,156,21,10,6052,3052,0.0910718751563047,222,114,45086,47503,4345,2215,0,0,0,0,0,0,91589,0,0,215,1,0,0,0,0,0,0,8160,0,0,0,0,0,0
259,6120,260.27986679064423,99965,339,164,21,10,6114,3084,0.09201220427149502,214,99,45051,47493,4373,2232,0,0,0,0,0,0,91527,0,0,224,1,0,0,0,0,0,0,8213,0,0,0,0,0,0
260,6120,261.0001796932485,99965,344,163,21,10,6149,3100,0.0925223828339919,213,116,45028,47470,4392,2239,0,0,0,0,0,0,91481,0,0,225,1,0,0,0,0,0,0,8258,0,0,0,0,0,0
261,6120,262.0811547698916,99965,355,181,21,10,6215,3137,0.09355274346021107,208,104,44990,47454,4424,2249,0,0,0,0,0,0,91409,0,0,227,1,0,0,0,0,0,0,8328,0,0,0,0,0,0
262,6120,263.1629268515055,99965,349,174,21,10,6270,3153,0.09426299204721653,196,120,44965,47426,4467,2268,0,0,0,0,0,0,91328,0,0,230,1,0,0,0,0,0,0,8406,0,0,0,0,0,0
263,6120,264.2455171782998,99965,359,184,21,10,6326,3182,0.09511328965137798,198,117,44933,47403,4487,2284,0,0,0,0,0,0,91268,0,0,235,1,0,0,0,0,0,0,8461,0,0,0,0,0,0
264,6120,265.32869981155466,99965,361,182,21,10,6378,3208,0.09589356274696144,211,125,44886,47374,4519,2307,0,0,0,0,0,0,91194,0,0,239,1,0,0,0,0,0,0,8531,0,0,0,0,0,0
265,6120,266.0513725311514,99964,379,183,21,11,6434,3226,0.09663478852386859,197,124,44857,47365,4544,2315,0,0,0,0,0,0,91140,0,0,240,1,0,0,0,0,0,0,8583,0,0,0,0,0,0
266,6120,267.1360716789331,99964,382,179,21,11,6491,3257,0.09751510543795766,198,128,44819,47340,4578,2340,0,0,0,0,0,0,91052,0,0,241,1,0,0,0,0,0,0,8670,0,0,0,0,0,0
267,6120,268.22169852815404,99964,386,192,21,11,6552,3297,0.0985254691689008,200,112,44774,47325,4617,2358,0,0,0,0,0,0,90973,0,0,246,1,0,0,0,0,0,0,8744,0,0,0,0,0,0
268,6120,269.3083658517944,99962,357,195,23,11,6599,3327,0.09929773313859266,228,113,44722,47302,4668,2377,0,0,0,0,0,0,90876,0,0,252,1,0,0,0,0,0,0,8833,0,0,0,0,0,0
269,6120,270.0335083962756,99961,342,196,24,11,6634,3346,0.09983893718550235,238,120,44687,47283,4707,2388,0,0,0,0,0,0,90810,0,0,254,1,0,0,0,0,0,0,8896,0,0,0,0,0,0
270,6120,271.1222560188423,99960,347,192,25,11,6695,3377,0.10076030412164866,229,126,44652,47253,4745,2416,0,0,0,0,0,0,90726,0,0,261,1,0,0,0,0,0,0,8972,0,0,0,0,0,0
271,6120,272.211913111141,99959,316,193,26,11,6737,3409,0.1015016156624216,239,129,44623,47232,4794,2433,0,0,0,0,0,0,90627,0,0,266,1,0,0,0,0,0,0,9065,0,0,0,0,0,0
272,6120,273.30248200245865,99959,325,188,26,11,6799,3443,0.10246200942386378,231,125,44596,47210,4820,2464,0,0,0,0,0,0,90545,0,0,276,1,0,0,0,0,0,0,9137,0,0,0,0,0,0
273,6120,274.0299551869438,99959,323,189,26,11,6831,3465,0.10300223091467502,235,120,44569,47197,4845,2481,0,0,0,0,0,0,90493,0,0,279,1,0,0,0,0,0,0,9186,0,0,0,0,0,0
274,6120,275.121881339539,99959,348,188,26,11,6896,3487,0.103872587760982,223,127,44537,47181,4864,2491,0,0,0,0,0,0,90433,0,0,282,1,0,0,0,0,0,0,9243,0,0,0,0,0,0
275,6120,276.2145184502749,99959,359,202,26,11,6959,3524,0.10487299792915095,230,120,44491,47161,4892,2504,0,0,0,0,0,0,90363,0,0,287,1,0,0,0,0,0,0,9308,0,0,0,0,0,0
276,6120,277.30794823490646,99959,361,194,26,11,7018,3546,0.1056833301653678,226,126,44455,47139,4930,2528,0,0,0,0,0,0,90280,0,0,291,1,0,0,0,0,0,0,9387,0,0,0,0,0,0
277,6120,278.0373721300604,99959,367,219,26,11,7057,3580,0.10641362958813114,231,117,44434,47124,4940,2527,0,0,0,0,0,0,90242,0,0,295,1,0,0,0,0,0,0,9421,0,0,0,0,0,0
278,6120,279.13200752355385,99958,370,213,27,11,7120,3623,0.10747513955861462,219,110,44396,47095,4986,2569,0,0,0,0,0,0,90142,0,0,304,1,0,0,0,0,0,0,9511,0,0,0,0,0,0
279,6120,280.22759233613976,99958,379,207,27,11,7179,3650,0.10833550091038235,222,118,44359,47069,5011,2593,0,0,0,0,0,0,90068,0,0,313,1,0,0,0,0,0,0,9576,0,0,0,0,0,0
280,6120,281.32412968164164,99958,381,211,27,11,7238,3687,0.10929590427979752,221,101,44325,47056,5044,2619,0,0,0,0,0,0,89983,0,0,318,1,0,0,0,0,0,0,9656,0,0,0,0,0,0
281,6120,282.0556367140842,99957,372,207,28,11,7266,3706,0.10976719989595526,233,100,44304,47047,5061,2633,0,0,0,0,0,0,89928,0,0,321,2,0,0,0,0,0,0,9706,0,0,0,0,0,0
282,6120,283.15357368169157,99957,367,206,28,11,7325,3736,0.11065758276058706,224,94,44270,47036,5109,2651,0,0,0,0,0,0,89839,0,0,327,2,0,0,0,0,0,0,9789,0,0,0,0,0,0
283,6120,284.2524942344708,99957,365,200,28,11,7388,3767,0.11159798713446782,226,103,44229,47009,5150,2675,0,0,0,0,0,0,89745,0,0,335,2,0,0,0,0,0,0,9875,0,0,0,0,0,0
284,6120,285.35243694743286,99957,369,195,28,11,7466,3796,0.11266844743239593,212,105,44182,46987,5207,2700,0,0,0,0,0,0,89648,0,0,346,2,0,0,0,0,0,0,9961,0,0,0,0,0,0
285,6120,286.0864199273805,99956,355,202,28,12,7499,3827,0.11330985633678818,224,94,44149,46975,5242,2715,0,0,0,0,0,0,89583,0,0,352,2,0,0,0,0,0,0,10019,0,0,0,0,0,0
286,6120,287.18842231474923,99956,370,208,28,12,7560,3859,0.11424026571691544,240,97,44094,46956,5266,2725,0,0,0,0,0,0,89517,0,0,358,2,0,0,0,0,0,0,10079,0,0,0,0,0,0
287,6120,288.2915181786174,99956,354,204,28,12,7604,3893,0.11502060906798992,246,95,44065,46927,5305,2760,0,0,0,0,0,0,89421,0,0,360,2,0,0,0,0,0,0,10173,0,0,0,0,0,0
288,6120,289.02742329250316,99956,362,195,28,12,7651,3908,0.11564088198807475,235,97,44043,46917,5330,2777,0,0,0,0,0,0,89361,0,0,363,2,0,0,0,0,0,0,10230,0,0,0,0,0,0
289,6120,290.13198359314623,99955,372,202,29,12,7716,3938,0.1165924666099745,231,96,44005,46896,5361,2792,0,0,0,0,0,0,89290,0,0,369,2,0,0,0,0,0,0,10294,0,0,0,0,0,0
290,6120,291.23734580647397,99955,383,202,29,12,7790,3962,0.11757290780851383,222,107,43970,46874,5394,2803,0,0,0,0,0,0,89207,0,0,373,2,0,0,0,0,0,0,10373,0,0,0,0,0,0
291,6120,292.3436280452001,99954,388,206,30,12,7856,3999,0.11860455809672449,222,100,43926,46856,5432,2824,0,0,0,0,0,0,89120,0,0,380,2,0,0,0,0,0,0,10452,0,0,0,0,0,0
292,6120,293.08170805235386,99954,385,205,30,12,7895,4015,0.11915481121315805,225,109,43900,46835,5458,2837,0,0,0,0,0,0,89066,0,0,383,3,0,0,0,0,0,0,10502,0,0,0,0,0,0
293,6120,294.1895389472459,99954,384,205,30,12,7957,4046,0.12008523921003662,215,110,43874,46818,5495,2853,0,0,0,0,0,0,88975,0,0,386,3,0,0,0,0,0,0,10590,0,0,0,0,0,0
294,6120,295.2982357807975,99954,382,195,30,12,8020,4077,0.12102567180903215,209,115,43845,46796,5532,2880,0,0,0,0,0,0,88876,0,0,393,3,0,0,0,0,0,0,10682,0,0,0,0,0,0
295,6120,296.03784634736706,99954,370,192,30,12,8045,4100,0.12150589271064689,222,116,43830,46782,5546,2896,0,0,0,0,0,0,88814,0,0,394,3,0,0,0,0,0,0,10743,0,0,0,0,0,0
296,6120,297.1477054641534,99954,397,192,30,12,8117,4129,0.12251635752446126,205,121,43799,46755,5567,2918,0,0,0,0,0,0,88747,0,0,401,3,0,0,0,0,0,0,10803,0,0,0,0,0,0
297,6120,298.2582481587152,99954,397,198,30,12,8176,4167,0.12348680392980771,213,116,43753,46735,5605,2937,0,0,0,0,0,0,88661,0,0,406,3,0,0,0,0,0,0,10884,0,0,0,0,0,0
298,6120,299.3698779223284,99954,386,205,30,12,8240,4206,0.12451727794785601,208,123,43722,46702,5652,2956,0,0,0,0,0,0,88560,0,0,412,3,0,0,0,0,0,0,10979,0,0,0,0,0,0
299,6120,300.11144823829613,99954,387,203,30,12,8284,4230,0.12519759089181023,220,116,43685,46694,5676,2973,0,0,0,0,0,0,88501,0,0,422,3,0,0,0,0,0,0,11028,0,0,0,0,0,0
300,6120,301.22477105651006,99954,378,198,30,12,8337,4259,0.1260179682654021,227,122,43649,46668,5714,2998,0,0,0,0,0,0,88414,0,0,431,3,0,0,0,0,0,0,11106,0,0,0,0,0,0
301,6120,302.33905063190656,99954,388,198,30,12,8403,4294,0.12702843307921644,220,115,43617,46649,5743,3024,0,0,0,0,0,0,88327,0,0,435,3,0,0,0,0,0,0,11189,0,0,0,0,0,0
302,6120,303.0823999565479,99954,403,198,30,12,8459,4308,0.1277287552274046,199,118,43600,46643,5766,3027,0,0,0,0,0,0,88279,0,0,440,4,0,0,0,0,0,0,11231,0,0,0,0,0,0
303,6120,304.197964235409,99954,394,196,30,12,8510,4338,0.12853912799887948,203,116,43570,46626,5801,3048,0,0,0,0,0,0,88197,0,0,450,4,0,0,0,0,0,0,11303,0,0,0,0,0,0
304,6120,305.3143831008768,99954,394,206,30,12,8566,4370,0.12941953298517317,211,112,43527,46608,5836,3060,0,0,0,0,0,0,88126,0,0,455,5,0,0,0,0,0,0,11368,0,0,0,0,0,0
305,6120,306.0592238755731,99954,387,216,30,12,8604,4393,0.13002981371430858,219,114,43493,46592,5869,3064,0,0,0,0,0,0,88075,0,0,460,6,0,0,0,0,0,0,11413,0,0,0,0,0,0
306,6120,307.177420625063,99952,385,215,32,12,8671,4415,0.13092284296462303,204,139,43464,46557,5913,3075,0,0,0,0,0,0,87994,0,0,470,6,0,0,0,0,0,0,11482,0,0,0,0,0,0
307,6120,308.29639913006855,99951,383,216,33,12,8729,4453,0.1318846234654981,189,136,43448,46534,5945,3100,0,0,0,0,0,0,87901,0,0,474,6,0,0,0,0,0,0,11570,0,0,0,0,0,0
308,6120,309.0426868254753,99951,373,214,33,12,8754,4466,0.13226480975678082,212,139,43420,46524,5960,3109,0,0,0,0,0,0,87855,0,0,478,6,0,0,0,0,0,0,11612,0,0,0,0,0,0
309,6120,310.16281815598927,99949,371,208,34,13,8819,4497,0.13322794625258882,209,141,43383,46503,6001,3133,0,0,0,0,0,0,87758,0,0,485,6,0,0,0,0,0,0,11700,0,0,0,0,0,0
310,6120,311.2840549158126,99949,366,206,34,13,8877,4537,0.13420844630761689,217,141,43356,46473,6025,3165,0,0,0,0,0,0,87661,0,0,491,7,0,0,0,0,0,0,11790,0,0,0,0,0,0
311,6120,312.0319473987248,99949,373,209,34,13,8913,4562,0.13481875756635883,233,146,43318,46451,6040,3179,0,0,0,0,0,0,87613,0,0,494,7,0,0,0,0,0,0,11835,0,0,0,0,0,0
312,6120,313.15450996031825,99949,373,209,34,13,8979,4598,0.1358392780317962,223,144,43284,46433,6084,3199,0,0,0,0,0,0,87523,0,0,506,7,0,0,0,0,0,0,11913,0,0,0,0,0,0
313,6120,314.27813313047346,99949,386,220,34,13,9038,4638,0.1368297831894266,223,141,43252,46405,6103,3219,0,0,0,0,0,0,87455,0,0,513,7,0,0,0,0,0,0,11974,0,0,0,0,0,0
314,6120,315.027555661762,99949,383,221,34,13,9080,4659,0.13746010465337322,215,142,43240,46393,6126,3229,0,0,0,0,0,0,87395,0,0,518,7,0,0,0,0,0,0,12029,0,0,0,0,0,0
315,6120,316.1522185347518,99948,364,214,35,13,9130,4693,0.13830191699683836,215,150,43214,46365,6170,3256,0,0,0,0,0,0,87295,0,0,526,8,0,0,0,0,0,0,12119,0,0,0,0,0,0
316,6120,317.27787239803985,99948,369,224,35,13,9197,4735,0.1393924840917277,228,137,43161,46349,6205,3275,0,0,0,0,0,0,87207,0,0,532,8,0,0,0,0,0,0,12201,0,0,0,0,0,0
317,6120,318.02891945009696,99947,362,228,36,13,9237,4759,0.14003421813561187,230,129,43139,46347,6231,3281,0,0,0,0,0,0,87147,0,0,537,9,0,0,0,0,0,0,12254,0,0,0,0,0,0
318,6120,319.15632471268486,99947,366,213,36,13,9298,4789,0.14094470069136641,242,126,43092,46330,6262,3316,0,0,0,0,0,0,87051,0,0,543,9,0,0,0,0,0,0,12344,0,0,0,0,0,0
319,6120,320.2847433234082,99946,379,222,37,13,9371,4832,0.14210673763832468,239,113,43043,46313,6299,3336,1,1,1,1,0,0,86970,0,0,557,9,0,0,0,0,0,1,12408,1,0,0,0,0,0
320,6120,321.0550528689593,99946,386,224,37,13,9414,4850,0.1427170672162968,245,119,43006,46301,6322,3339,2,2,2,2,0,0,86921,0,0,561,9,0,0,0,0,0,2,12451,2,0,0,0,0,0
321,6120,322.07359338400863,99945,389,225,38,13,9472,4874,0.1435389464205313,245,130,42972,46280,6351,3347,3,3,3,3,0,0,86849,0,0,569,9,0,0,0,0,0,4,12512,2,0,0,0,0,0
322,6120,323.2743399005566,99945,396,221,38,13,9535,4903,0.14445945269898444,236,140,42944,46259,6380,3361,4,4,4,4,0,0,86765,0,0,576,9,0,0,0,0,0,6,12587,2,0,0,0,0,0
323,6120,324.0367125427736,99945,396,227,38,13,9579,4941,0.14527990394717094,231,127,42925,46242,6402,3383,6,6,6,6,0,0,86690,0,0,581,9,0,0,0,0,0,10,12653,2,0,0,0,0,0
324,6120,325.2281890833471,99945,391,224,38,13,9633,4973,0.14614037720746412,232,126,42904,46222,6425,3405,8,8,8,8,0,0,86599,0,0,587,9,0,0,0,0,0,13,12734,3,0,0,0,0,0
325,6120,326.0825235156175,99945,405,223,38,13,9690,4997,0.14695082295262393,226,124,42880,46206,6439,3421,10,11,11,10,0,0,86528,0,0,589,9,0,0,0,0,0,18,12798,3,0,0,0,0,0
326,6120,327.0087607574885,99945,408,240,38,13,9742,5030,0.14780129070989043,217,123,42863,46189,6459,3419,13,14,14,13,0,0,86459,0,0,591,9,0,0,0,0,0,24,12859,3,0,0,0,0,0
327,6120,328.00741814693174,99945,382,238,38,13,9790,5063,0.14861173645505027,243,116,42813,46171,6506,3442,16,18,18,16,0,0,86355,0,0,603,9,0,0,0,0,0,31,12944,3,0,0,0,0,0
328,6120,329.03651755297744,99945,386,228,38,13,9852,5090,0.14950222622442344,235,122,42787,46154,6532,3458,20,23,23,20,0,0,86262,0,0,611,10,0,0,0,0,0,39,13019,4,0,0,0,0,0
329,6120,330.0833325181876,99945,369,226,38,13,9901,5125,0.15034268847866328,238,114,42759,46139,6570,3477,24,29,29,24,0,0,86165,0,0,626,10,0,0,0,0,0,48,13091,5,0,0,0,0,0
330,6120,331.2324367634206,99945,393,233,38,13,10000,5171,0.15179348641752965,211,117,42723,46106,6604,3493,29,36,36,29,0,0,86052,0,0,637,11,0,0,0,0,0,59,13181,5,0,0,0,0,0
331,6120,332.37056429810417,99945,369,234,38,13,10054,5211,0.15273400370203613,220,107,42686,46081,6650,3519,35,44,44,35,0,0,85935,0,0,648,11,0,0,0,0,0,70,13273,8,0,0,0,0,0
332,6120,333.1299751806127,99945,368,220,38,13,10095,5224,0.153274300865476,215,117,42662,46061,6674,3535,41,52,53,41,0,0,85861,0,0,655,11,0,0,0,0,0,82,13325,11,0,0,0,0,0
333,6120,334.2700334231541,99945,375,223,38,13,10153,5256,0.15417479613787582,214,114,42635,46032,6688,3554,48,62,63,48,0,0,85778,0,0,664,10,1,0,0,0,0,95,13382,15,0,0,0,0,0
334,6120,335.03040626642417,99945,374,217,38,13,10193,5274,0.15475511531342237,211,112,42610,46014,6709,3569,56,73,74,56,0,0,85706,0,0,672,10,1,0,0,0,0,110,13427,19,0,0,0,0,0
335,6120,336.171854264919,99945,384,207,38,13,10255,5300,0.15563559957976889,208,125,42578,45976,6726,3592,64,85,86,64,0,0,85612,0,0,681,10,1,0,0,0,0,125,13492,24,0,0,0,0,0
336,6120,337.31418620064824,99945,396,205,38,13,10320,5335,0.15663614988243535,210,124,42545,45948,6736,3610,73,98,100,73,0,0,85509,0,0,686,10,1,0,0,0,0,143,13567,29,0,0,0,0,0
337,6120,338.0760921648258,99945,385,206,38,13,10345,5363,0.15716644154284856,225,114,42516,45928,6751,3624,83,113,115,83,0,0,85430,0,0,691,11,1,0,0,0,0,165,13616,31,0,0,0,0,0
338,6120,339.21987272050507,99944,385,207,39,13,10417,5392,0.1581785800048027,214,125,42468,45886,6798,3637,94,130,132,94,0,0,85314,0,0,701,11,1,0,0,0,0,191,13693,33,0,0,0,0,0
339,6120,340.365002441369,99944,385,219,39,13,10480,5429,0.1591791403185784,218,118,42423,45868,6827,3633,106,147,150,106,0,0,85209,0,0,709,12,1,0,0,0,0,218,13759,36,0,0,0,0,0
340,6120,341.1290422545356,99944,397,220,39,13,10525,5452,0.1598595213319459,219,117,42393,45840,6832,3641,118,167,170,118,0,0,85137,0,0,718,13,1,0,0,0,0,245,13790,40,0,0,0,0,0
341,6120,342.275964701369,99944,398,221,39,13,10581,5479,0.16068998639237972,231,115,42340,45809,6859,3652,131,188,191,131,0,0,85035,0,0,725,14,1,0,0,0,0,275,13850,44,0,0,0,0,0
342,6120,343.04122444759685,99944,396,227,39,13,10625,5509,0.16143040102457376,222,105,42314,45774,6884,3668,143,211,214,145,0,0,84936,0,0,729,15,1,0,0,0,0,310,13907,46,0,0,0,0,0
343,6120,344.19028067104415,99944,375,228,39,13,10681,5541,0.16231089410069638,224,110,42272,45725,6930,3688,158,234,239,160,0,0,84809,0,0,740,18,1,0,0,0,0,346,13980,50,0,0,0,0,0
344,6120,345.34065674558565,99944,374,226,39,13,10745,5569,0.16323140958937005,228,111,42217,45684,6967,3705,173,259,266,176,0,0,84680,0,0,745,18,1,0,0,0,0,385,14061,54,0,0,0,0,0
345,6120,346.10840141418674,99944,378,220,39,13,10789,5590,0.16388177379332425,231,106,42184,45652,6976,3719,190,288,295,193,0,0,84587,0,0,756,19,1,0,0,0,0,423,14097,61,0,0,0,0,0
346,6120,347.2611138837913,99943,373,214,39,14,10853,5628,0.16490399527730806,229,110,42141,45604,7008,3740,208,316,326,211,0,0,84451,0,0,772,19,1,0,0,0,0,462,14167,71,0,0,0,0,0
347,6120,348.03028066849595,99943,389,215,39,14,10909,5648,0.1656644287243729,208,107,42109,45568,7026,3745,227,349,359,230,0,0,84354,0,0,780,19,1,0,0,0,0,508,14204,77,0,0,0,0,0
348,6120,349.1852328908136,99942,373,223,39,15,10969,5688,0.16666666666666666,217,102,42056,45514,7067,3761,246,383,394,250,0,0,84209,0,0,784,20,1,0,0,0,0,551,14288,89,0,0,0,0,0
349,6120,350.341747798695,99940,363,232,40,16,11023,5728,0.1676105663398039,236,92,41993,45465,7099,3775,267,418,431,271,0,0,84069,0,0,791,21,1,0,0,0,0,605,14360,93,0,0,0,0,0
350,6120,351.11354621812075,99938,376,224,41,17,11074,5742,0.1682643238808061,225,98,41959,45422,7109,3781,288,456,470,293,0,0,83963,0,0,793,24,1,0,0,0,0,656,14401,100,0,0,0,0,0
351,6120,352.27251865192164,99938,389,221,41,17,11145,5773,0.16928495667313734,215,104,41918,45367,7125,3794,310,495,511,316,0,0,83822,0,0,798,24,1,0,0,0,0,710,14473,110,0,0,0,0,0
352,6120,353.04570690486287,99938,386,225,41,17,11182,5798,0.1699053413116132,218,92,41880,45326,7139,3803,334,535,554,340,0,0,83709,0,0,801,26,1,0,0,0,0,767,14516,118,0,0,0,0,0
353,6120,354.20682462834714,99937,391,211,42,17,11251,5823,0.17084763400942593,211,101,41833,45265,7165,3830,356,574,599,365,0,0,83552,0,0,810,28,1,0,0,0,0,833,14592,121,0,0,0,0,0
354,6120,355.3693472274955,99937,387,202,42,17,11317,5852,0.17179823288671864,217,100,41777,45208,7196,3852,379,619,647,391,0,0,83392,0,0,820,29,1,0,0,0,0,896,14668,131,0,0,0,0,0
355,6120,356.1452041005891,99936,393,192,43,17,11369,5865,0.17245036823567084,218,111,41732,45148,7206,3862,406,668,697,418,0,0,83275,0,0,831,32,1,0,0,0,0,959,14695,143,0,0,0,0,0
356,6120,357.3104211760208,99936,377,196,43,17,11430,5901,0.17342098943323728,224,103,41687,45091,7233,3870,434,721,750,446,0,0,83115,0,0,845,33,1,0,0,0,0,1026,14759,157,0,0,0,0,0
357,6120,358.0880276901277,99936,369,197,43,17,11465,5920,0.17396133525456292,227,105,41636,45030,7260,3877,463,772,805,475,0,0,82992,0,0,854,33,1,0,0,0,0,1097,14789,170,0,0,0,0,0
358,6120,359.25606794972947,99936,361,200,43,17,11511,5957,0.17479186679474865,247,94,41581,44972,7274,3892,492,823,862,505,0,0,82838,0,0,862,34,1,0,0,0,0,1172,14848,181,0,0,0,0,0
359,6120,360.0355590017029,99936,373,204,43,17,11566,5984,0.17561239193083575,231,89,41544,44903,7286,3902,521,883,922,536,0,0,82695,0,0,871,34,1,0,0,0,0,1258,14891,186,0,0,0,0,0
360,6120,361.2062073183526,99936,368,202,43,17,11626,6014,0.1765129682997118,219,90,41501,44834,7316,3914,551,941,985,568,0,0,82528,0,0,878,34,1,0,0,0,0,1335,14956,204,0,0,0,0,0
361,6120,362.37827584591633,99936,361,198,43,17,11687,6047,0.17745357028498238,217,95,41438,44756,7354,3933,585,999,1050,602,0,0,82342,0,0,881,35,1,0,0,0,0,1420,15040,217,0,0,0,0,0
362,6120,363.1607236523455,99935,352,189,44,17,11730,6058,0.17799569720318206,217,104,41390,44688,7375,3933,620,1067,1118,637,0,0,82192,0,0,888,37,1,0,0,0,0,1507,15079,231,0,0,0,0,0
363,6120,364.33612418573523,99935,342,187,44,17,11786,6091,0.17888627607945165,219,93,41334,44628,7405,3940,654,1133,1188,673,0,0,82019,0,0,900,40,1,0,0,0,0,1594,15134,247,0,0,0,0,0
364,6120,365.1207421687294,99935,347,180,44,17,11830,6106,0.17947665982888877,214,95,41288,44559,7417,3946,688,1201,1261,710,0,0,81873,0,0,907,41,1,0,0,0,0,1688,15162,263,0,0,0,0,0
365,6120,366.29925960905933,99935,346,185,44,17,11894,6139,0.18044729073898033,209,84,41241,44494,7434,3946,724,1272,1337,748,0,0,81691,0,0,913,42,1,0,0,0,0,1784,15224,280,0,0,0,0,0
366,6120,367.08566566900754,99935,355,183,44,17,11934,6156,0.18101766147996198,204,84,41197,44416,7436,3950,762,1348,1416,787,0,0,81551,0,0,923,43,1,0,0,0,0,1885,15236,296,0,0,0,0,0
367,6120,368.26679715314737,99934,351,176,45,17,11992,6184,0.18188004082694578,200,84,41148,44339,7455,3960,799,1422,1497,828,0,0,81360,0,0,937,43,1,0,0,0,0,1993,15290,310,0,0,0,0,0
368,6120,369.055045987225,99934,347,177,45,17,12026,6199,0.18237036444053076,202,82,41101,44266,7463,3953,840,1503,1581,870,0,0,81213,0,0,944,45,1,0,0,0,0,2098,15303,330,0,0,0,0,0
369,6120,370.23917314335824,99934,341,162,45,17,12082,6220,0.18314087297616427,195,88,41039,44193,7497,3951,881,1587,1668,913,0,0,81017,0,0,958,46,1,0,0,0,0,2211,15355,346,0,0,0,0,0
370,6120,371.0296206235921,99934,336,167,45,17,12122,6242,0.18376128244641463,189,83,40998,44106,7506,3952,924,1673,1758,957,0,0,80848,0,0,963,46,1,0,0,0,0,2323,15385,368,0,0,0,0,0
371,6120,372.21705637304314,99934,340,162,45,17,12181,6266,0.18459183060820142,178,83,40948,44019,7522,3958,965,1759,1850,1002,0,0,80665,0,0,982,46,1,0,0,0,0,2441,15412,387,0,0,0,0,0
372,6120,373.0095259932705,99934,326,162,45,17,12209,6286,0.1850721476174275,185,81,40895,43933,7536,3960,1011,1845,1945,1049,0,0,80494,0,0,993,48,1,0,0,0,0,2563,15430,405,0,0,0,0,0
373,6120,374.20001972959034,99934,321,164,45,17,12252,6315,0.18579262313126663,189,83,40835,43846,7553,3950,1055,1938,2043,1097,0,0,80310,0,0,1001,50,1,0,0,0,0,2682,15460,430,0,0,0,0,0
374,6120,375.3922563423404,99934,307,158,45,17,12307,6338,0.18657313827125904,176,87,40789,43755,7584,3951,1097,2030,2144,1146,0,0,80096,0,0,1005,55,1,0,0,0,0,2809,15518,450,0,0,0,0,0
375,6120,376.18805918774257,99934,304,149,45,17,12333,6352,0.1869734024456141,190,92,40732,43657,7581,3953,1146,2130,2248,1196,0,0,79921,0,0,1005,60,1,0,0,0,0,2937,15539,471,0,0,0,0,0
376,6120,377.38367454314107,99934,311,150,45,17,12397,6378,0.18787399683791303,174,82,40665,43566,7608,3956,1195,2227,2355,1248,0,0,79711,0,0,1012,60,2,0,0,0,0,3073,15584,492,0,0,0,0,0
377,6120,378.1819063521513,99934,309,156,45,17,12435,6393,0.1884043468689335,160,89,40618,43463,7622,3946,1244,2327,2465,1301,0,0,79534,0,0,1011,66,2,0,0,0,0,3209,15596,516,0,0,0,0,0
378,6120,379.3811450510717,99933,314,148,46,17,12484,6415,0.1891167081944903,153,90,40563,43350,7629,3958,1293,2435,2578,1355,0,0,79323,0,0,1015,68,2,0,0,0,0,3352,15635,538,0,0,0,0,0
379,6120,380.1815556677696,99933,307,145,46,17,12511,6434,0.18957701660112275,167,88,40500,43252,7633,3952,1345,2544,2693,1410,0,0,79135,0,0,1018,70,2,0,0,0,0,3490,15649,569,0,0,0,0,0
380,6120,381.38421190223386,99933,305,147,46,17,12564,6460,0.1903675462559915,159,84,40448,43144,7643,3951,1397,2655,2811,1467,0,0,78918,0,0,1024,72,2,0,0,0,0,3636,15685,596,0,0,0,0,0
381,6120,382.18695689203474,99933,317,153,46,17,12600,6481,0.19093792841203605,154,74,40405,43048,7626,3939,1450,2767,2932,1525,0,0,78739,0,0,1028,74,2,0,0,0,0,3783,15680,627,0,0,0,0,0
382,6120,383.3926548733311,99933,310,153,46,17,12649,6511,0.19172845806690483,167,73,40331,42920,7641,3955,1503,2880,3056,1584,0,0,78505,0,0,1034,76,2,0,0,0,0,3940,15724,652,0,0,0,0,0
383,6120,384.197561599144,99932,312,147,46,18,12685,6524,0.19222071008285635,157,73,40277,42810,7648,3949,1558,3001,3183,1644,0,0,78298,0,0,1037,79,2,0,0,0,0,4100,15740,676,0,0,0,0,0
384,6120,385.00364231148495,99932,286,139,46,18,12709,6543,0.19265100268182364,162,73,40228,42692,7665,3953,1611,3123,3313,1705,0,0,78067,0,0,1043,80,2,0,0,0,0,4261,15774,705,0,0,0,0,0
385,6120,386.2148453812533,99932,282,133,46,18,12760,6562,0.1933514790057239,156,74,40181,42576,7671,3950,1662,3247,3446,1768,0,0,77835,0,0,1047,83,2,0,0,0,0,4421,15805,739,0,0,0,0,0
386,6120,387.02326019619136,99932,272,125,46,18,12788,6570,0.19371172397230116,156,77,40122,42462,7681,3944,1721,3372,3581,1832,0,0,77616,0,0,1048,86,2,0,0,0,0,4591,15823,766,0,0,0,0,0
387,6120,388.23805123063477,99932,263,130,46,18,12836,6599,0.19448224792859145,146,70,40055,42340,7709,3942,1779,3498,3719,1897,0,0,77372,0,0,1056,87,2,0,0,0,0,4764,15855,796,0,0,0,0,0
388,6120,389.0491773929707,99932,259,132,46,18,12864,6612,0.19489252691830444,149,67,39995,42218,7707,3933,1842,3630,3860,1963,0,0,77149,0,0,1058,88,2,0,0,0,0,4947,15869,819,0,0,0,0,0
389,6120,390.26807578915253,99932,258,135,46,18,12910,6637,0.19560301004683184,142,61,39936,42095,7712,3928,1904,3761,4004,2031,0,0,76921,0,0,1062,94,2,0,0,0,0,5117,15880,856,0,0,0,0,0
390,6120,391.0816899085412,99932,256,136,46,18,12935,6651,0.19599327542729056,152,56,39872,41965,7704,3924,1968,3899,4151,2100,0,0,76703,0,0,1061,98,2,0,0,0,0,5298,15883,887,0,0,0,0,0
391,6120,392.3043867563625,99931,238,131,47,18,12970,6666,0.19649558195154657,147,59,39830,41851,7705,3912,2031,4027,4300,2170,0,0,76466,0,0,1069,101,2,0,0,0,0,5473,15892,928,0,0,0,0,0
392,6120,393.12048560961864,99931,240,122,47,18,13004,6678,0.19695589957070378,137,61,39774,41722,7701,3906,2099,4169,4452,2241,0,0,76236,0,0,1070,105,2,0,0,0,0,5655,15898,965,0,0,0,0,0
393,6120,394.346698608911,99931,251,116,47,18,13048,6697,0.1975863345708539,133,56,39700,41597,7702,3907,2165,4304,4607,2313,0,0,75981,0,0,1067,112,2,0,0,0,0,5856,15929,984,0,0,0,0,0
394,6120,395.1653886318821,99931,252,106,47,18,13084,6706,0.1980366452852468,130,57,39623,41471,7711,3900,2235,4446,4764,2387,0,0,75748,0,0,1071,114,2,0,0,0,0,6041,15927,1028,0,0,0,0,0
395,6120,396.3961819251274,99930,256,115,48,18,13133,6730,0.19876913839687782,118,49,39573,41340,7706,3886,2297,4590,4924,2462,0,0,75507,0,0,1078,117,2,0,0,0,0,6232,15925,1069,0,0,0,0,0
396,6120,397.21763935661835,99930,254,113,48,18,13157,6739,0.1990993695586911,114,48,39510,41211,7705,3875,2367,4733,5086,2538,0,0,75278,0,0,1082,120,2,0,0,0,0,6431,15912,1105,0,0,0,0,0
397,6120,398.0404395468155,99930,251,104,48,18,13184,6743,0.1994095867106975,113,54,39448,41071,7704,3861,2434,4890,5251,2615,0,0,75038,0,0,1086,124,2,0,0,0,0,6637,15905,1138,0,0,0,0,0
398,6120,399.27703506713686,99930,233,100,48,18,13216,6758,0.1998799159411588,123,57,39385,40937,7706,3850,2503,5036,5418,2693,0,0,74777,0,0,1091,130,2,0,0,0,0,6841,15915,1174,0,0,0,0,0
399,6120,400.10266184617853,99930,231,106,48,18,13245,6776,0.20035024517162014,122,57,39321,40792,7697,3832,2579,5193,5588,2773,0,0,74537,0,0,1097,133,2,0,0,0,0,7047,15899,1215,0,0,0,0,0
400,6120,401.34343497297755,99929,227,110,49,18,13285,6802,0.20101271903051166,117,43,39263,40658,7694,3823,2648,5346,5760,2854,0,0,74269,0,0,1104,134,2,0,0,0,0,7257,15906,1257,0,0,0,0,0
401,6120,402.17167495076325,99929,214,107,49,18,13313,6809,0.20136296770707202,111,44,39206,40521,7699,3801,2719,5507,5935,2936,0,0,74016,0,0,1110,137,2,0,0,0,0,7468,15896,1300,0,0,0,0,0
402,6120,403.0012795827051,99929,212,111,49,18,13336,6825,0.2017532448038107,105,37,39165,40378,7669,3784,2798,5670,6112,3019,0,0,73767,0,0,1112,140,2,0,0,0,0,7685,15883,1340,0,0,0,0,0
403,6120,404.2475518634994,99929,203,110,49,18,13363,6839,0.20216353611063856,104,36,39123,40234,7650,3775,2869,5825,6291,3103,0,0,73509,0,0,1117,145,2,0,0,0,0,7903,15872,1381,0,0,0,0,0
404,6120,405.07918577606955,99929,203,108,49,18,13383,6848,0.20245374215693143,102,33,39064,40088,7636,3761,2944,5990,6473,3188,0,0,73265,0,0,1122,147,2,0,0,0,0,8123,15844,1426,0,0,0,0,0
405,6120,406.3288051495207,99929,199,95,49,18,13418,6857,0.20289405477889302,103,38,39002,39958,7628,3746,3017,6143,6657,3274,0,0,72988,0,0,1129,149,2,0,0,0,0,8349,15843,1469,0,0,0,0,0
406,6120,407.1629344064618,99929,196,90,49,18,13444,6865,0.2032342963504088,97,39,38946,39813,7615,3725,3095,6313,6843,3362,0,0,72734,0,0,1128,156,2,0,0,0,0,8568,15823,1518,0,0,0,0,0
407,6120,408.4166009985899,99929,197,77,49,18,13472,6874,0.2036045592370583,104,51,38874,39675,7603,3709,3171,6468,7031,3451,0,0,72466,0,0,1124,164,2,0,0,0,0,8792,15817,1564,0,0,0,0,0
408,6120,409.25358087725294,99929,199,77,49,18,13492,6883,0.20389476528335118,101,56,38813,39516,7582,3690,3254,6641,7221,3541,0,0,72213,0,0,1120,170,2,0,0,0,0,9020,15794,1610,0,0,0,0,0
409,6120,410.091941825258,99929,191,84,49,18,13510,6899,0.20423500685486695,103,48,38741,39355,7574,3676,3340,6817,7413,3632,0,0,71945,0,0,1119,175,3,0,0,0,0,9258,15781,1648,0,0,0,0,0
410,6120,411.35214835444935,99929,189,77,49,18,13538,6909,0.20461527684656106,102,52,38680,39195,7551,3664,3427,6992,7607,3724,0,0,71675,0,0,1121,178,3,0,0,0,0,9486,15763,1703,0,0,0,0,0
411,6120,412.1934829975881,99929,185,76,49,18,13560,6914,0.20488546868276478,99,51,38624,39045,7539,3638,3502,7170,7803,3817,0,0,71420,0,0,1128,180,3,0,0,0,0,9718,15722,1758,0,0,0,0,0
412,6120,413.0361367254126,99928,182,77,49,19,13574,6927,0.2051577135537587,108,42,38549,38898,7526,3620,3584,7342,8001,3911,0,0,71154,0,0,1131,181,4,0,0,0,0,9960,15693,1805,0,0,0,0,0
413,6120,414.3026773124264,99927,191,83,50,19,13617,6939,0.20571016842294876,98,47,38491,38745,7514,3589,3654,7515,8201,4006,0,0,70878,0,0,1134,184,4,0,0,0,0,10202,15670,1855,0,0,0,0,0
414,6120,415.1481186628962,99927,192,85,50,19,13639,6951,0.2060504168042671,102,49,38412,38574,7499,3573,3743,7698,8403,4102,0,0,70590,0,0,1136,186,4,0,0,0,0,10463,15658,1890,0,0,0,0,0
415,6120,416.4190222846615,99927,189,86,50,19,13671,6963,0.2064907382389144,95,58,38364,38423,7480,3548,3820,7864,8606,4199,0,0,70312,0,0,1140,191,4,0,0,0,0,10704,15632,1944,0,0,0,0,0
416,6120,417.267394491683,99927,181,84,50,19,13689,6975,0.2067909573989012,99,59,38298,38250,7464,3537,3906,8049,8811,4297,0,0,70038,0,0,1144,193,4,0,0,0,0,10944,15599,2005,0,0,0,0,0
417,6120,418.1171637855875,99927,178,84,50,19,13713,6986,0.20714121308555244,90,59,38239,38077,7444,3523,3997,8236,9018,4396,0,0,69763,0,0,1146,195,4,0,0,0,0,11185,15566,2068,0,0,0,0,0
418,6120,419.39428830715553,99927,178,79,50,19,13741,6999,0.20755151260420107,84,59,38194,37913,7413,3517,4079,8411,9226,4496,0,0,69462,0,0,1152,197,4,0,0,0,0,11448,15553,2111,0,0,0,0,0
419,6120,420.2465492033209,99927,174,86,50,19,13755,7013,0.20783171715352208,130,80,38081,37734,7393,3496,4170,8583,9436,4597,0,0,69179,5,2,1152,200,4,0,0,0,0,11709,15520,2156,0,0,0,0,0
420,6120,421.02295572566663,99927,180,94,50,19,13781,7028,0.20824201667217068,137,77,37999,37556,7376,3482,4256,8770,9647,4699,0,0,68892,28,3,1152,203,4,0,0,0,0,11972,15471,2202,0,0,0,0,0
421,6120,422.1903081882247,99927,191,105,50,19,13829,7057,0.20901257918280344,131,77,37919,37367,7366,3474,4341,8956,9859,4802,0,0,68591,69,10,1157,203,5,0,0,0,0,12225,15411,2256,0,0,0,0,0
422,6120,423.3599627074707,99927,202,112,50,19,13874,7080,0.20969307594544018,133,82,37838,37196,7352,3453,4423,9136,10073,4906,0,0,68300,108,11,1160,210,5,0,0,0,0,12476,15342,2315,0,0,0,0,0
423,6120,424.1410219528578,99927,206,114,50,19,13909,7094,0.21018343390675193,142,88,37732,37017,7349,3434,4519,9326,10288,5011,0,0,67989,147,14,1157,214,5,0,0,0,0,12745,15297,2359,0,0,0,0,0
424,6120,425.31600358661194,99927,212,136,50,19,13953,7129,0.21097401102805047,162,75,37631,36857,7346,3408,4597,9503,10504,5117,0,0,67687,188,17,1161,217,5,0,0,0,0,13003,15232,2417,0,0,0,0,0
425,6120,426.1008844017628,99927,217,139,50,19,13981,7145,0.21141433246269778,161,81,37549,36674,7330,3396,4691,9689,10721,5224,0,0,67380,217,21,1162,219,5,0,0,0,0,13277,15185,2461,0,0,0,0,0
426,6120,427.28108810361783,99927,259,144,50,19,14053,7167,0.21235501916398972,141,87,37465,36495,7306,3383,4777,9870,10939,5331,0,0,67081,252,25,1163,225,5,0,0,0,0,13537,15122,2517,0,0,0,0,0
427,6120,428.0691579598965,99926,259,136,51,19,14080,7180,0.21275744050597442,139,92,37390,36299,7294,3384,4865,10068,11158,5439,0,0,66762,288,32,1167,225,5,0,0,0,0,13813,15073,2561,0,0,0,0,0
428,6120,429.2540364047869,99926,256,148,51,19,14124,7212,0.21351800332245863,146,81,37309,36134,7286,3375,4950,10241,11378,5548,0,0,66445,333,43,1174,229,5,0,0,0,0,14074,15009,2614,0,0,0,0,0
429,6120,430.0453708854106,99926,260,144,51,19,14158,7223,0.2139683365690611,153,103,37212,35942,7281,3360,5041,10430,11599,5658,0,0,66133,365,47,1178,234,5,0,0,0,0,14350,14954,2660,0,0,0,0,0
430,6120,431.235682426974,99926,243,149,51,19,14198,7256,0.21469887716910513,166,94,37129,35778,7279,3348,5130,10610,11821,5769,0,0,65792,429,54,1182,244,5,0,0,0,0,14620,14894,2706,0,0,0,0,0
431,6120,432.0307244622131,99925,247,154,52,19,14232,7275,0.21523142356767574,168,92,37042,35605,7266,3334,5223,10794,12044,5881,0,0,65485,460,59,1185,247,5,0,0,0,0,14890,14830,2764,0,0,0,0,0
432,6120,433.22654339765006,99925,265,152,52,19,14286,7301,0.2160320240180135,179,99,36944,35413,7252,3341,5306,10974,12268,5993,0,0,65151,505,68,1191,250,5,0,0,0,0,15170,14776,2809,0,0,0,0,0
433,6120,434.0252165071558,99925,267,158,52,19,14320,7321,0.2165724293219915,188,105,36847,35230,7246,3322,5398,11164,12492,6106,0,0,64843,537,74,1196,253,5,0,0,0,0,15440,14710,2867,0,0,0,0,0
434,6120,435.22674837179653,99924,270,169,53,19,14378,7360,0.21754533445418517,202,100,36733,35072,7255,3310,5485,11328,12717,6220,0,0,64494,598,78,1207,258,5,0,0,0,0,15722,14648,2914,0,0,0,0,0
435,6120,436.0296178409405,99924,268,178,53,19,14415,7384,0.21815579840678917,218,98,36636,34885,7250,3303,5573,11515,12943,6335,0,0,64172,630,85,1217,260,6,0,0,0,0,16004,14587,2963,0,0,0,0,0
436,6120,437.2377102978568,99924,286,183,53,19,14494,7422,0.21932668828309515,226,99,36511,34710,7258,3292,5664,11695,13169,6450,0,0,63833,694,102,1217,272,6,0,0,0,0,16262,14520,3018,0,0,0,0,0
437,6120,438.04502735771115,99923,307,174,53,20,14537,7441,0.21994936100797613,236,99,36389,34539,7245,3291,5768,11875,13395,6566,0,0,63510,727,114,1215,277,6,0,0,0,0,16540,14468,3066,0,0,0,0,0
438,6120,439.2603586989932,99923,306,187,53,20,14604,7483,0.22104020095473514,244,96,36279,34368,7258,3279,5858,12048,13622,6683,0,0,63146,800,128,1216,284,6,0,0,0,0,16817,14412,3114,0,0,0,0,0
439,6120,440.0725288481954,99923,321,200,53,20,14654,7511,0.22182080201755353,239,90,36188,34194,7248,3268,5949,12226,13849,6800,0,0,62830,836,135,1218,286,7,0,0,0,0,17090,14345,3176,0,0,0,0,0
440,6120,441.29433992661046,99923,332,199,53,20,14724,7539,0.22280155719904327,254,123,36073,34020,7255,3255,6031,12381,14076,6918,0,0,62470,910,147,1212,293,8,0,0,0,0,17364,14293,3226,0,0,0,0,0
441,6120,442.1106152761321,99923,359,194,53,20,14784,7557,0.22358215826186165,247,131,35984,33838,7231,3252,6124,12563,14304,7037,0,0,62148,951,153,1211,301,8,0,0,0,0,17639,14226,3286,0,0,0,0,0
442,6120,443.3387531157536,99923,369,200,53,20,14860,7596,0.22473304444422204,257,139,35869,33659,7232,3249,6218,12731,14532,7156,0,0,61809,1016,174,1215,308,9,0,0,0,0,17891,14150,3351,0,0,0,0,0
443,6120,444.1594259313456,99923,377,203,53,20,14905,7618,0.22540356074177118,274,149,35756,33469,7226,3239,6312,12918,14760,7276,0,0,61484,1050,181,1217,319,10,0,0,0,0,18174,14092,3396,0,0,0,0,0
444,6120,445.39433927095513,99923,393,220,53,20,14986,7667,0.22670456251313512,274,148,35636,33283,7245,3239,6397,13088,14988,7396,0,0,61120,1115,194,1231,324,10,0,0,0,0,18460,14029,3440,0,0,0,0,0
445,6120,446.21974104086786,99923,405,222,53,20,15040,7700,0.2275752329293556,272,145,35536,33095,7239,3241,6493,13275,15216,7517,0,0,60781,1160,215,1233,329,10,0,0,0,0,18733,13972,3490,0,0,0,0,0
446,6120,447.04738378859304,99923,419,245,53,20,15101,7736,0.22854598040491178,284,150,35416,32904,7240,3230,6586,13449,15444,7638,0,0,60440,1201,224,1236,336,10,0,0,0,0,19024,13920,3532,0,0,0,0,0
447,6120,448.2931111857222,99923,437,243,53,20,15184,7774,0.2297569128228736,298,165,35284,32725,7246,3239,6680,13606,15672,7760,0,0,60079,1271,243,1245,340,11,0,0,0,0,19296,13851,3587,0,0,0,0,0
448,6120,449.12590429780784,99923,455,254,53,20,15262,7815,0.2309478298289683,293,159,35163,32541,7262,3230,6772,13794,15900,7883,0,0,59728,1326,256,1257,347,11,0,0,0,0,19577,13783,3638,0,0,0,0,0
449,6120,450.37992036034575,99923,456,266,53,20,15350,7863,0.23230887783593368,327,180,35022,32380,7282,3219,6858,13933,16128,8006,0,0,59361,1410,280,1266,351,12,0,0,0,0,19836,13706,3701,0,0,0,0,0
450,6120,451.2184541882516,99922,463,283,53,21,15411,7904,0.23333199895918816,333,180,34908,32183,7282,3214,6959,14117,16355,8129,0,0,59030,1461,293,1277,353,12,0,0,0,0,20102,13625,3769,0,0,0,0,0
451,6120,452.05946344677034,99922,470,296,53,21,15483,7950,0.23451292007766059,352,165,34758,31993,7310,3228,7055,14295,16582,8253,0,0,58672,1521,312,1289,359,12,0,0,0,0,20380,13560,3817,0,0,0,0,0
452,6120,453.326698104348,99922,510,296,53,21,15607,8003,0.23628430175536919,389,176,34583,31836,7328,3228,7135,14441,16809,8377,0,0,58298,1614,338,1293,369,13,0,0,0,0,20635,13484,3878,0,0,0,0,0
453,6120,454.17457559650717,99921,532,293,53,22,15701,8037,0.23756767846598814,362,185,34466,31644,7357,3235,7228,14619,17035,8502,0,0,57945,1683,356,1300,379,15,0,0,0,0,20899,13410,3934,0,0,0,0,0
454,6120,455.02535858911557,99921,542,294,53,22,15778,8075,0.23871858768427057,363,185,34344,31470,7372,3235,7324,14792,17261,8627,0,0,57611,1735,392,1309,385,15,0,0,0,0,21145,13331,3998,0,0,0,0,0
455,6120,456.30665096493755,99920,543,285,54,22,15886,8127,0.240322257806245,361,208,34227,31293,7407,3257,7406,14933,17487,8753,0,0,57223,1837,426,1327,393,16,0,0,0,0,21395,13245,4058,0,0,0,0,0
456,6120,457.1633049335723,99920,560,284,54,22,15960,8167,0.24146317053642916,368,209,34097,31114,7418,3264,7501,15105,17712,8879,0,0,56886,1894,453,1330,401,16,0,0,0,0,21645,13171,4124,0,0,0,0,0
457,6120,458.0229636461531,99920,560,291,54,22,16037,8215,0.24271417133706966,390,207,33959,30937,7440,3275,7595,15266,17937,9005,0,0,56527,1955,486,1341,410,16,0,0,0,0,21908,13105,4172,0,0,0,0,0
458,6120,459.3179591287273,99920,559,309,54,22,16169,8290,0.24478582866293033,405,211,33806,30761,7500,3298,7674,15397,18161,9132,0,0,56123,2072,522,1362,422,17,0,0,0,0,22158,13019,4225,0,0,0,0,0
459,6120,460.1844671129449,99920,586,314,54,22,16271,8332,0.2462269815852682,390,222,33684,30582,7516,3303,7768,15555,18384,9259,0,0,55781,2127,554,1369,432,18,0,0,0,0,22409,12947,4283,0,0,0,0,0
460,6120,461.05401102414055,99920,600,316,54,22,16361,8370,0.2475080064051241,404,230,33554,30403,7537,3306,7849,15721,18607,9386,0,0,55429,2193,577,1373,447,18,0,0,0,0,22669,12878,4336,0,0,0,0,0
461,6120,462.36362828335194,99919,639,345,55,22,16504,8455,0.24979233178874888,406,220,33412,30244,7570,3311,7916,15856,18829,9514,0,0,55051,2288,619,1379,457,18,0,0,0,0,22909,12799,4399,0,0,0,0,0
462,6120,463.23941691087714,99919,653,349,55,22,16590,8503,0.2511334180686356,415,214,33288,30067,7588,3326,7999,16020,19050,9642,0,0,54681,2361,650,1377,466,21,0,0,0,0,23175,12750,4438,0,0,0,0,0
463,6120,464.1183156135225,99919,658,372,55,22,16673,8559,0.2525245448813539,448,219,33129,29893,7609,3318,8099,16174,19271,9770,0,0,54340,2411,685,1391,477,21,0,0,0,0,23430,12678,4486,0,0,0,0,0
464,6120,465.0006395042265,99919,665,381,55,22,16777,8612,0.25409581761226596,447,231,32987,29703,7657,3334,8187,16327,19491,9898,0,0,53971,2491,716,1404,492,22,0,0,0,0,23687,12607,4529,0,0,0,0,0
465,6120,466.33085171868015,99919,697,389,55,22,16941,8695,0.2565678199341467,447,259,32822,29511,7719,3366,8258,16451,19710,10027,0,0,53579,2596,754,1432,517,23,0,0,0,0,23929,12516,4573,0,0,0,0,0
466,6120,467.22104965445146,99919,703,399,55,22,17029,8753,0.2580290034928292,453,249,32689,29344,7752,3374,8346,16610,19928,10156,0,0,53224,2672,778,1443,532,23,0,0,0,0,24181,12436,4630,0,0,0,0,0
467,6120,468.1146593626272,99919,686,416,55,22,17109,8811,0.2594101221989812,470,251,32572,29195,7780,3376,8435,16738,20145,10285,0,0,52854,2759,811,1442,549,23,0,0,0,0,24430,12373,4678,0,0,0,0,0
468,6120,469.01154345928796,99919,678,428,55,22,17213,8878,0.2611215084218217,494,235,32434,29021,7822,3404,8515,16888,20361,10414,0,0,52477,2854,847,1454,568,23,0,0,0,0,24674,12295,4727,0,0,0,0,0
469,6120,470.3630875271715,99918,712,454,55,23,17380,8976,0.2637762965631818,488,217,32303,28861,7864,3433,8576,17010,20577,10543,0,0,52084,2966,901,1469,585,24,0,0,0,0,24898,12214,4777,0,0,0,0,0
470,6120,471.26686342549186,99918,720,453,55,23,17487,9028,0.2653676014331752,498,222,32182,28678,7887,3451,8656,17171,20792,10673,0,0,51731,3044,946,1485,598,24,0,0,0,0,25128,12128,4834,0,0,0,0,0
471,6120,472.1738448308347,99918,764,452,55,23,17620,9084,0.26725915250505416,493,223,32040,28500,7910,3479,8736,17321,21006,10803,0,0,51365,3118,994,1495,611,24,0,0,0,0,25372,12065,4874,0,0,0,0,0
472,6120,473.0842621793466,99918,772,457,55,23,17722,9138,0.268820432754859,509,233,31892,28319,7935,3490,8835,17476,21219,10933,0,0,51001,3191,1033,1505,623,24,0,0,0,0,25618,12000,4923,0,0,0,0,0
473,6120,474.4569645887239,99916,779,444,57,23,17887,9215,0.2712478481924817,544,265,31715,28126,8016,3552,8887,17588,21431,11063,0,0,50585,3322,1091,1536,634,25,0,0,0,0,25834,11907,4982,0,0,0,0,0
474,6120,475.3758860463709,99916,807,457,57,23,18015,9282,0.2731994875695584,535,259,31588,27979,8037,3560,8974,17720,21642,11193,0,0,50228,3401,1131,1552,650,26,0,0,0,0,26071,11828,5029,0,0,0,0,0
475,6120,476.29837349871946,99915,832,445,58,23,18142,9338,0.2750337787119051,537,259,31461,27833,8056,3597,9054,17841,21851,11323,0,0,49860,3486,1182,1568,662,27,0,0,0,0,26301,11753,5076,0,0,0,0,0
476,6120,477.2245056995971,99915,858,457,58,23,18274,9405,0.27702547165090324,540,259,31303,27677,8101,3621,9138,17961,22059,11453,0,0,49512,3554,1231,1589,674,28,0,0,0,0,26527,11670,5130,0,0,0,0,0
477,6120,478.154607401872,99914,861,461,59,23,18411,9469,0.27903997437796507,527,255,31170,27541,8162,3626,9219,18092,22266,11583,0,0,49144,3649,1289,1612,685,29,0,0,0,0,26737,11582,5187,0,0,0,0,0
478,6120,479.0890374241202,99913,867,458,60,23,18533,9525,0.28082431715592565,583,272,30989,27390,8206,3641,9293,18214,22472,11713,0,0,48785,3721,1348,1629,697,31,0,0,0,0,26959,11511,5232,0,0,0,0,0
479,6120,480.02797766467137,99912,842,462,60,24,18647,9591,0.2826287132676756,603,283,30856,27224,8269,3659,9368,18346,22677,11843,0,0,48401,3816,1415,1647,709,32,0,0,0,0,27177,11444,5271,0,0,0,0,0
480,6120,481.4438408914609,99912,895,483,60,24,18877,9708,0.28610176955721034,601,261,30687,27064,8353,3717,9402,18449,22881,11973,0,0,47979,3961,1486,1676,726,33,0,0,0,0,27376,11356,5319,0,0,0,0,0
481,6120,482.3915735924382,99912,907,480,60,24,19022,9767,0.2881435663383778,601,281,30536,26899,8412,3737,9482,18577,23084,12103,0,0,47619,4055,1537,1703,747,33,0,0,0,0,27590,11261,5367,0,0,0,0,0
482,6120,483.3437274678959,99912,960,497,60,24,19178,9845,0.29048562735206984,612,262,30358,26753,8443,3767,9565,18695,23285,12233,0,0,47259,4133,1590,1716,763,33,0,0,0,0,27819,11195,5404,0,0,0,0,0
483,6120,484.30082317688226,99910,969,480,61,25,19327,9909,0.2926233610249224,599,264,30224,26594,8505,3812,9640,18823,23485,12363,0,0,46868,4243,1654,1731,783,33,0,0,0,0,28028,11125,5445,0,0,0,0,0
484,6120,485.2620397623282,99909,994,484,62,25,19495,9976,0.2949784303716382,569,280,30075,26445,8575,3833,9723,18931,23684,12493,0,0,46488,4340,1710,1750,801,35,0,0,0,0,28247,11055,5483,0,0,0,0,0
485,6120,486.22818252301533,99909,1022,479,62,25,19648,10046,0.2972104615199832,543,294,29939,26306,8631,3861,9801,19033,23882,12623,0,0,46129,4427,1769,1766,828,35,0,0,0,0,28455,10977,5523,0,0,0,0,0
486,6120,487.1986550254113,99909,996,495,62,25,19776,10132,0.2993524106937313,562,280,29797,26171,8706,3884,9875,19143,24078,12753,0,0,45753,4537,1819,1790,851,38,0,0,0,0,28664,10889,5568,0,0,0,0,0
487,6120,488.17384272002926,99908,1032,490,62,26,19940,10202,0.3016975617568163,563,297,29627,26018,8772,3917,9942,19250,24273,12883,0,0,45388,4625,1884,1806,871,39,0,0,0,0,28867,10822,5606,0,0,0,0,0
488,6120,489.1539017390822,99907,1016,508,63,26,20077,10278,0.30383256428478483,574,304,29465,25886,8864,3926,10016,19348,24467,13013,0,0,45030,4721,1963,1819,884,41,0,0,0,0,29046,10744,5659,0,0,0,0,0
489,6120,490.1392550816455,99906,1017,514,64,26,20215,10358,0.30601765659720137,621,281,29308,25758,8920,3964,10068,19455,24660,13143,0,0,44663,4809,2034,1843,904,41,0,0,0,0,29248,10673,5691,0,0,0,0,0
490,6120,491.1295196890738,99905,1027,531,65,26,20386,10434,0.30849306841499424,616,282,29156,25621,9012,3988,10122,19550,24851,13273,0,0,44286,4915,2092,1858,931,42,0,0,0,0,29452,10604,5725,0,0,0,0,0
491,6120,492.1248687966016,99904,1046,517,66,26,20541,10498,0.3106882607303011,623,291,29003,25493,9074,4029,10186,19642,25041,13403,0,0,43922,5007,2159,1887,945,43,0,0,0,0,29648,10526,5767,0,0,0,0,0
492,6120,493.12521803404786,99904,1068,505,66,26,20697,10573,0.3130004804612428,639,303,28864,25352,9107,4075,10254,19737,25230,13532,0,0,43575,5096,2228,1914,965,45,0,0,0,0,29827,10437,5817,0,0,0,0,0
493,6120,494.13010251132187,99904,1076,505,66,26,20858,10643,0.3153127001921845,642,311,28717,25237,9183,4094,10314,19825,25417,13661,0,0,43220,5177,2314,1946,983,45,0,0,0,0,30009,10363,5847,0,0,0,0,0
494,6120,495.139893217615,99904,1058,517,66,26,21016,10722,0.31768497757847536,658,316,28555,25109,9269,4109,10392,19921,25603,13790,0,0,42869,5265,2402,1976,1002,46,0,0,0,0,30170,10279,5895,0,0,0,0,0
495,6120,496.1551187363199,99904,1039,512,66,26,21176,10792,0.3199871877001922,660,327,28404,24981,9375,4143,10454,20009,25788,13919,0,0,42491,5386,2467,2011,1023,47,0,0,0,0,30355,10184,5940,0,0,0,0,0
496,6120,497.17594349244615,99902,1055,505,68,26,21363,10866,0.32260615403095033,632,327,28277,24859,9466,4181,10500,20100,25971,14048,0,0,42118,5495,2543,2028,1052,48,0,0,0,0,30531,10111,5976,0,0,0,0,0
497,6120,498.20168090366934,99902,1043,520,68,26,21512,10952,0.3249584592901043,631,314,28152,24738,9536,4201,10568,20199,26153,14177,0,0,41784,5585,2621,2049,1078,50,0,0,0,0,30686,10021,6028,0,0,0,0,0
498,6120,499.23230015168554,99901,1042,519,69,26,21658,11033,0.3272339616220058,639,308,28031,24619,9588,4247,10629,20279,26333,14305,0,0,41423,5692,2694,2050,1107,52,0,0,0,0,30860,9957,6066,0,0,0,0,0
499,6120,500.2675240024617,99898,1076,521,71,27,21836,11116,0.3298564535826543,594,302,27914,24510,9656,4281,10687,20357,26512,14433,0,0,41104,5770,2775,2070,1134,54,0,0,0,0,31007,9867,6117,0,0,0,0,0
500,6120,501.30717833738254,99898,1064,541,71,27,21995,11203,0.33231896534465155,606,288,27773,24411,9733,4308,10751,20423,26690,14561,0,0,40759,5849,2871,2094,1158,55,0,0,0,0,31165,9802,6145,0,0,0,0,0
501,6120,502.35184514000935,99896,1079,551,73,27,22170,11281,0.334858252582686,604,291,27627,24283,9806,4340,10809,20506,26866,14689,0,0,40402,5943,2949,2108,1184,56,0,0,0,0,31340,9742,6172,0,0,0,0,0
502,6120,503.40143664082115,99896,1097,543,73,27,22335,11355,0.33725074077040124,625,309,27449,24186,9870,4368,10884,20565,27041,14816,0,0,40077,6019,3049,2125,1205,58,0,0,0,0,31483,9667,6213,0,0,0,0,0
503,6120,504.45734694424686,99895,1116,533,74,27,22492,11430,0.3395765553831523,622,336,27336,24049,9912,4407,10938,20646,27215,14943,0,0,39753,6102,3128,2146,1230,58,0,0,0,0,31632,9583,6263,0,0,0,0,0
504,6120,505.517925613797,99893,1123,533,76,27,22664,11518,0.3421861391689107,598,340,27213,23917,9985,4464,11003,20717,27387,15070,0,0,39404,6196,3196,2172,1265,60,0,0,0,0,31797,9507,6296,0,0,0,0,0
505,6120,506.0494772305347,99893,1116,548,76,27,22747,11569,0.34352757450472005,596,335,27116,23767,10003,4475,11091,20846,27558,15197,0,0,39113,6229,3253,2184,1279,60,0,0,0,0,31991,9452,6332,0,0,0,0,0
506,6120,507.1187768533463,99892,1106,560,77,27,22915,11663,0.34615384615384615,611,323,26976,23683,10103,4506,11125,20899,27727,15323,0,0,38770,6334,3336,2211,1301,65,0,0,0,0,32135,9366,6374,0,0,0,0,0
507,6120,508.1933368560785,99891,1080,582,78,27,23079,11767,0.34884023585708424,617,305,26851,23582,10191,4543,11181,20959,27895,15449,0,0,38427,6437,3455,2226,1324,66,0,0,0,0,32249,9294,6413,0,0,0,0,0
508,6120,509.27326693711194,99891,1114,578,78,27,23248,11860,0.3514630947733029,631,294,26692,23494,10244,4597,11239,21008,28062,15575,0,0,38087,6527,3543,2256,1337,68,0,0,0,0,32404,9221,6448,0,0,0,0,0
509,6120,510.35863682057897,99889,1106,561,80,27,23421,11943,0.3540329766040305,638,293,26587,23421,10303,4644,11284,21052,28227,15700,0,0,37751,6633,3657,2269,1368,69,0,0,0,0,32511,9141,6490,0,0,0,0,0
510,6120,511.4486963488624,99887,1102,551,81,28,23587,12012,0.356392723777869,621,299,26460,23314,10383,4689,11351,21117,28391,15825,0,0,37400,6747,3737,2286,1389,71,0,0,0,0,32657,9069,6531,0,0,0,0,0
511,6120,512.544174564363,99885,1098,538,81,30,23757,12092,0.3589027381488712,621,303,26332,23247,10467,4727,11399,21153,28554,15950,0,0,37060,6838,3834,2315,1414,73,0,0,0,0,32792,8996,6563,0,0,0,0,0
512,6120,513.0931803702604,99884,1092,518,82,30,23838,12129,0.36008770173401144,609,299,26243,23133,10482,4749,11490,21269,28715,16074,0,0,36799,6866,3904,2329,1429,77,0,0,0,0,32945,8930,6605,0,0,0,0,0
513,6120,514.1984893121861,99884,1093,545,82,30,24008,12218,0.36268070962316284,607,290,26146,23055,10544,4761,11526,21317,28875,16198,0,0,36518,6917,4014,2351,1458,79,0,0,0,0,33053,8851,6643,0,0,0,0,0
514,6120,515.3082696821724,99883,1089,540,83,30,24182,12300,0.36524733938708287,583,298,26040,22952,10633,4807,11570,21371,29033,16322,0,0,36177,7008,4103,2384,1486,80,0,0,0,0,33195,8782,6668,0,0,0,0,0
515,6120,516.4221808951982,99880,1096,530,85,31,24365,12377,0.36786143372046454,563,300,25927,22878,10712,4847,11615,21412,29190,16445,0,0,35839,7106,4213,2405,1506,81,0,0,0,0,33316,8716,6698,0,0,0,0,0
516,6120,517.5411883559839,99878,1082,528,87,31,24525,12464,0.37034181701676044,560,300,25818,22820,10788,4873,11663,21446,29346,16568,0,0,35504,7195,4317,2424,1536,83,0,0,0,0,33445,8659,6715,0,0,0,0,0
517,6120,518.1020162597131,99878,1074,527,87,31,24611,12501,0.37157331944972866,552,315,25723,22714,10824,4877,11738,21534,29500,16691,0,0,35256,7202,4391,2438,1553,84,0,0,0,0,33597,8606,6751,0,0,0,0,0
518,6120,519.2303226767594,99877,1064,539,88,31,24771,12582,0.37399000770948265,579,327,25603,22642,10900,4892,11764,21567,29653,16813,0,0,34950,7275,4476,2468,1573,87,0,0,0,0,33722,8532,6794,0,0,0,0,0
519,6120,520.3637639874648,99877,1058,558,88,31,24927,12676,0.37649308649639057,567,321,25521,22567,10938,4916,11826,21605,29805,16935,0,0,34666,7339,4585,2482,1601,91,0,0,0,0,33817,8466,6830,0,0,0,0,0
520,6120,521.5012023043726,99877,1051,565,88,31,25104,12764,0.37914635001051294,567,308,25431,22511,11014,4955,11847,21628,29955,17056,0,0,34332,7441,4662,2512,1629,93,0,0,0,0,33950,8395,6863,0,0,0,0,0
521,6120,522.0708571866354,99877,1035,560,88,31,25182,12808,0.380367852458524,579,304,25331,22408,11042,4973,11923,21722,30104,17177,0,0,34070,7472,4736,2516,1649,94,0,0,0,0,34096,8351,6893,0,0,0,0,0
522,6120,523.2165252830526,99877,1002,563,88,31,25311,12906,0.38264064799703634,604,291,25229,22346,11087,5016,11988,21751,30252,17298,0,0,33768,7539,4841,2545,1675,98,0,0,0,0,34204,8288,6919,0,0,0,0,0
523,6120,524.3673112621065,99876,1000,559,89,31,25481,13009,0.38537786855701067,578,254,25139,22289,11174,5080,12018,21785,30398,17418,0,0,33450,7643,4935,2566,1710,101,0,0,0,0,34307,8212,6952,0,0,0,0,0
524,6120,525.5227845722721,99874,1001,534,91,31,25650,13083,0.3878186515008911,558,259,25055,22224,11245,5129,12048,21821,30543,17538,0,0,33141,7731,5046,2585,1736,102,0,0,0,0,34402,8143,6988,0,0,0,0,0
525,6120,526.1017820922688,99873,985,518,92,31,25735,13106,0.38890390796311314,538,272,24990,22146,11269,5129,12124,21902,30687,17657,0,0,32902,7752,5123,2595,1752,104,0,0,0,0,34535,8083,7027,0,0,0,0,0
526,6120,527.2652717785021,99873,980,522,92,31,25888,13197,0.39134701070359357,551,263,24876,22088,11338,5161,12161,21933,30829,17776,0,0,32626,7806,5225,2619,1784,109,0,0,0,0,34635,8017,7052,0,0,0,0,0
527,6120,528.4331011534947,99872,968,493,93,31,26048,13260,0.393583787247677,562,284,24772,22049,11402,5197,12201,21944,30970,17895,0,0,32346,7856,5349,2650,1810,113,0,0,0,0,34717,7954,7077,0,0,0,0,0
528,6120,529.0187667822095,99872,953,481,93,31,26115,13291,0.39456504325536684,566,296,24707,21959,11403,5201,12276,22030,31110,18013,0,0,32137,7859,5434,2655,1827,117,0,0,0,0,34832,7896,7115,0,0,0,0,0
529,6120,530.1959419792843,99871,963,507,94,31,26277,13391,0.39719237816783654,540,269,24641,21916,11452,5227,12308,22048,31248,18131,0,0,31865,7912,5517,2678,1865,118,0,0,0,0,34945,7833,7138,0,0,0,0,0
530,6120,531.376031545604,99871,954,514,94,31,26440,13485,0.3997656977500976,524,264,24555,21855,11528,5268,12343,22066,31385,18248,0,0,31572,7986,5617,2698,1902,122,0,0,0,0,35049,7773,7152,0,0,0,0,0
531,6120,532.5606128298768,99871,950,494,94,31,26596,13551,0.4019885652491714,513,266,24488,21828,11577,5302,12376,22077,31521,18365,0,0,31307,8036,5724,2716,1940,124,0,0,0,0,35132,7713,7179,0,0,0,0,0
532,6120,533.1538046784493,99870,969,509,95,31,26682,13598,0.40332432161810355,486,246,24418,21749,11583,5302,12447,22161,31656,18481,0,0,31094,8044,5776,2708,1968,128,0,0,0,0,35278,7671,7203,0,0,0,0,0
533,6120,534.3456616588899,99870,963,497,95,31,26837,13662,0.40551717232402124,494,254,24329,21712,11640,5330,12477,22174,31789,18597,0,0,30835,8085,5886,2723,2010,129,0,0,0,0,35367,7617,7218,0,0,0,0,0
534,6120,535.541618513279,99868,984,505,97,31,27013,13741,0.40807866383626384,476,235,24229,21680,11688,5363,12524,22184,31921,18712,0,0,30568,8134,5982,2734,2047,131,0,0,0,0,35468,7568,7236,0,0,0,0,0
535,6120,536.1407715426891,99868,958,489,97,31,27065,13770,0.4088897344494733,494,242,24177,21605,11688,5371,12584,22260,32052,18827,0,0,30367,8134,6059,2745,2060,136,0,0,0,0,35578,7514,7275,0,0,0,0,0
536,6120,537.3450682927039,99868,952,495,97,31,27212,13865,0.41131293307165456,508,222,24107,21553,11730,5415,12604,22282,32182,18941,0,0,30109,8184,6173,2762,2091,139,0,0,0,0,35655,7454,7301,0,0,0,0,0
537,6120,538.5521956902522,99867,933,471,97,32,27362,13936,0.41352999489320796,504,211,24014,21519,11813,5468,12637,22297,32310,19055,0,0,29835,8240,6279,2790,2119,144,0,0,0,0,35737,7396,7327,0,0,0,0,0
538,6120,539.1567333717313,99866,955,450,98,32,27458,13960,0.41473574589950535,468,228,23950,21446,11822,5482,12705,22360,32437,19169,0,0,29629,8233,6344,2802,2144,145,0,0,0,0,35866,7353,7350,0,0,0,0,0
539,6120,540.3728606382272,99866,911,438,98,32,27592,14020,0.41667834898764344,472,251,23880,21433,11902,5504,12735,22340,32563,19282,0,0,29368,8277,6468,2827,2177,146,0,0,0,0,35940,7303,7360,0,0,0,0,0
540,6120,541.5927902199439,99865,895,443,98,33,27743,14099,0.4189856306013118,449,234,23833,21420,11960,5525,12763,22343,32688,19395,0,0,29116,8322,6562,2857,2212,150,0,0,0,0,36026,7239,7381,0,0,0,0,0
541,6120,542.2033156382223,99865,877,435,98,33,27817,14137,0.4201071446452711,435,224,23772,21375,11985,5523,12831,22408,32812,19507,0,0,28910,8337,6637,2858,2237,154,0,0,0,0,36125,7196,7411,0,0,0,0,0
542,6120,543.4300736791802,99865,853,440,98,33,27941,14197,0.42194963200320434,446,242,23730,21365,12018,5522,12853,22396,32934,19619,0,0,28684,8377,6727,2861,2281,155,0,0,0,0,36206,7136,7438,0,0,0,0,0
543,6120,544.0435064293914,99865,837,436,98,33,28006,14236,0.4229910379011666,460,237,23662,21307,12014,5526,12927,22459,33055,19730,0,0,28490,8387,6795,2862,2309,157,0,0,0,0,36311,7085,7469,0,0,0,0,0
544,6120,545.2761705708918,99865,829,443,98,33,28141,14308,0.4250638361788414,461,229,23609,21298,12041,5543,12960,22452,33175,19841,0,0,28248,8430,6888,2877,2338,158,0,0,0,0,36397,7032,7497,0,0,0,0,0
545,6120,546.5119899957667,99865,803,418,98,33,28292,14361,0.42710659390176736,431,234,23551,21267,12116,5575,12999,22471,33294,19951,0,0,28008,8484,7001,2887,2384,159,0,0,0,0,36450,6970,7522,0,0,0,0,0
546,6120,547.1307747604341,99865,807,412,98,33,28370,14392,0.4281980673909778,416,236,23470,21208,12139,5575,13068,22534,33412,20061,0,0,27824,8484,7076,2894,2401,160,0,0,0,0,36550,6918,7558,0,0,0,0,0
547,6120,548.3743147093412,99865,807,417,98,33,28496,14462,0.4301607169679067,413,225,23440,21203,12145,5589,13095,22531,33529,20170,0,0,27609,8506,7166,2909,2439,161,0,0,0,0,36632,6867,7576,0,0,0,0,0
548,6120,549.6202850909664,99865,817,424,98,33,28636,14538,0.4323236369098283,393,217,23403,21182,12163,5614,13124,22528,33644,20279,0,0,27377,8551,7252,2910,2482,163,0,0,0,0,36716,6826,7588,0,0,0,0,0
549,6120,550.2434612429201,99863,806,420,100,33,28707,14574,0.4334037631555231,376,219,23348,21113,12180,5626,13188,22587,33758,20387,0,0,27184,8558,7330,2913,2504,165,0,0,0,0,36820,6783,7606,0,0,0,0,0
550,6120,551.4946292487303,99860,765,404,103,33,28825,14639,0.4352493490887242,366,226,23321,21121,12237,5646,13206,22568,33871,20495,0,0,26957,8591,7439,2932,2542,169,0,0,0,0,36877,6730,7623,0,0,0,0,0
551,6120,552.1203296953726,99860,751,411,103,33,28880,14683,0.43624073703184457,366,210,23278,21071,12222,5648,13278,22625,33983,20602,0,0,26790,8578,7511,2937,2562,174,0,0,0,0,36973,6686,7649,0,0,0,0,0
552,6120,553.3766281039412,99859,734,402,104,33,28993,14747,0.43801760482280017,382,214,23237,21073,12258,5673,13283,22603,34094,20709,0,0,26575,8608,7604,2951,2592,181,0,0,0,0,37045,6636,7667,0,0,0,0,0
553,6120,554.0049400782476,99858,749,405,105,33,29069,14785,0.4391636123295079,368,204,23165,21030,12254,5671,13357,22655,34204,20815,0,0,26415,8592,7687,2944,2616,183,0,0,0,0,37130,6602,7689,0,0,0,0,0
554,6120,555.2667597433315,99857,725,403,105,34,29174,14856,0.44093053065884213,382,177,23143,21045,12268,5694,13375,22645,34313,20921,0,0,26226,8595,7791,2964,2653,188,0,0,0,0,37188,6548,7704,0,0,0,0,0
555,6120,556.5306828981818,99857,730,386,105,34,29305,14919,0.44287330883162923,364,186,23107,21053,12301,5721,13391,22618,34421,21026,0,0,26011,8631,7900,2978,2686,188,0,0,0,0,37248,6496,7719,0,0,0,0,0
556,6120,557.1629839663821,99857,721,386,105,34,29372,14946,0.4438146549565879,344,194,23058,20996,12318,5725,13452,22663,34528,21131,0,0,25831,8621,7961,2993,2701,190,0,0,0,0,37363,6457,7740,0,0,0,0,0
557,6120,558.4320145387853,99856,721,367,106,34,29485,15002,0.4455115366127223,329,194,23044,21015,12325,5750,13473,22638,34634,21235,0,0,25622,8639,8054,3000,2738,192,0,0,0,0,37441,6422,7748,0,0,0,0,0
558,6120,559.0663036313573,99856,714,358,106,34,29535,15035,0.4463427335362923,328,186,22988,20955,12318,5759,13544,22706,34739,21338,0,0,25455,8637,8123,3003,2749,198,0,0,0,0,37532,6383,7776,0,0,0,0,0
559,6120,560.3396114781456,99856,729,346,106,34,29670,15094,0.4482855311648774,296,183,22989,20988,12323,5775,13555,22672,34843,21441,0,0,25264,8638,8223,3017,2785,201,0,0,0,0,37596,6345,7787,0,0,0,0,0
560,6120,561.6136517385788,99856,696,342,106,34,29770,15150,0.4498477808043583,295,184,22983,20966,12357,5796,13561,22676,34946,21543,0,0,25054,8669,8316,3026,2815,205,0,0,0,0,37664,6307,7800,0,0,0,0,0
561,6120,562.2505295891666,99856,679,342,106,34,29812,15180,0.4505688190995033,301,193,22952,20925,12346,5801,13614,22703,35048,21645,0,0,24889,8670,8375,3026,2832,207,0,0,0,0,37759,6269,7829,0,0,0,0,0
562,6120,563.5275229961624,99856,658,346,106,34,29917,15238,0.4522011696843455,302,190,22932,20938,12374,5806,13626,22684,35149,21746,0,0,24692,8690,8458,3033,2873,208,0,0,0,0,37835,6228,7839,0,0,0,0,0
563,6120,564.1657902691454,99856,628,341,106,34,29958,15266,0.45289216471719274,305,187,22897,20908,12371,5809,13691,22719,35249,21847,0,0,24513,8695,8519,3035,2891,212,0,0,0,0,37937,6200,7854,0,0,0,0,0
564,6120,565.4463055403819,99856,620,326,106,34,30054,15312,0.454314212465951,309,187,22866,20944,12391,5820,13706,22687,35348,21947,0,0,24332,8704,8610,3038,2929,213,0,0,0,0,38001,6165,7864,0,0,0,0,0
565,6120,566.0863982583095,99856,603,335,106,34,30103,15344,0.4551253805479891,299,181,22807,20908,12410,5811,13773,22729,35446,22047,0,0,24188,8698,8668,3041,2950,216,0,0,0,0,38084,6116,7895,0,0,0,0,0
566,6120,567.371869892724,99855,600,323,107,34,30208,15396,0.4567022182164138,281,178,22807,20924,12402,5836,13801,22703,35543,22146,0,0,24002,8715,8762,3057,2971,220,0,0,0,0,38143,6073,7912,0,0,0,0,0
567,6120,568.0147298745097,99855,594,310,107,34,30253,15415,0.45734314756396777,283,181,22768,20907,12380,5827,13866,22739,35639,22245,0,0,23861,8702,8832,3050,2993,222,0,0,0,0,38220,6039,7936,0,0,0,0,0
568,6120,569.303583280849,99854,588,302,107,35,30344,15465,0.4587597892923669,279,177,22784,20926,12368,5836,13872,22722,35734,22343,0,0,23707,8704,8922,3063,3022,223,0,0,0,0,38264,5984,7965,0,0,0,0,0
569,6120,570.5921965442308,99853,555,299,108,35,30432,15518,0.4601764593953111,268,181,22797,20942,12374,5843,13896,22698,35828,22441,0,0,23512,8725,9008,3073,3052,226,0,0,0,0,38333,5950,7974,0,0,0,0,0
570,6120,571.2359595264076,99853,546,296,108,35,30479,15536,0.4608274163019639,276,180,22744,20912,12365,5838,13959,22737,35921,22538,0,0,23376,8707,9062,3074,3076,228,0,0,0,0,38421,5914,7995,0,0,0,0,0
571,6120,572.526698845922,99853,536,307,108,35,30578,15597,0.4624297717644938,258,161,22741,20935,12368,5846,13987,22714,36013,22635,0,0,23213,8713,9139,3080,3112,233,0,0,0,0,38479,5874,8010,0,0,0,0,0
572,6120,573.1721799962769,99853,534,304,108,35,30627,15617,0.46312078755770986,250,154,22719,20921,12349,5833,14038,22751,36104,22731,0,0,23081,8697,9204,3073,3136,234,0,0,0,0,38559,5839,8030,0,0,0,0,0
573,6120,574.4657616392213,99853,525,305,108,35,30711,15669,0.46448278970086027,236,149,22727,20932,12342,5840,14060,22737,36194,22827,0,0,22923,8693,9298,3077,3158,239,0,0,0,0,38613,5807,8045,0,0,0,0,0
574,6120,575.112151256704,99853,513,294,108,35,30744,15692,0.46504361411274575,245,148,22691,20916,12323,5843,14118,22762,36283,22922,0,0,22794,8672,9369,3075,3178,241,0,0,0,0,38686,5774,8064,0,0,0,0,0
575,6120,576.4074427899159,99853,497,298,108,35,30819,15750,0.46637557209097374,247,128,22702,20951,12320,5845,14124,22741,36371,23017,0,0,22631,8673,9459,3078,3203,244,0,0,0,0,38743,5745,8077,0,0,0,0,0
576,6120,577.0548305972934,99853,506,280,108,35,30864,15766,0.46698647011106326,226,131,22692,20943,12285,5845,14181,22764,36458,23111,0,0,22512,8657,9513,3071,3229,245,0,0,0,0,38813,5706,8107,0,0,0,0,0
577,6120,578.3513090207023,99853,498,280,108,35,30952,15812,0.46832844281093206,200,128,22703,20975,12286,5838,14203,22742,36544,23205,0,0,22358,8656,9589,3079,3260,247,0,0,0,0,38873,5668,8123,0,0,0,0,0
578,6120,579.6474163928157,99853,477,257,108,35,31019,15848,0.4693599591399357,190,124,22714,21030,12296,5845,14213,22707,36630,23298,0,0,22203,8670,9670,3083,3286,252,0,0,0,0,38921,5626,8142,0,0,0,0,0
579,6120,580.2947487169507,99853,451,247,108,35,31044,15871,0.46984066577869465,200,120,22690,21024,12278,5840,14271,22732,36715,23390,0,0,22076,8649,9752,3078,3306,253,0,0,0,0,38983,5600,8156,0,0,0,0,0
580,6120,581.5923591311887,99853,419,241,108,35,31105,15907,0.47081209377785344,190,112,22711,21073,12276,5826,14294,22711,36799,23482,0,0,21924,8651,9834,3078,3328,260,0,0,0,0,39037,5573,8168,0,0,0,0,0
581,6120,582.2406137916448,99853,409,217,108,35,31140,15915,0.47124272680840834,178,118,22684,21062,12267,5823,14352,22743,36882,23573,0,0,21788,8635,9898,3080,3341,262,0,0,0,0,39115,5549,8185,0,0,0,0,0
582,6120,583.5395747421958,99852,388,211,109,35,31188,15954,0.47211873572887875,200,109,22705,21083,12243,5826,14353,22734,36964,23664,0,0,21661,8619,9983,3078,3368,265,0,0,0,0,39159,5520,8199,0,0,0,0,0
583,6120,584.1886818114591,99851,392,206,110,35,31227,15972,0.4726943145286477,191,101,22676,21074,12220,5812,14409,22770,37045,23754,0,0,21540,8605,10035,3071,3388,267,0,0,0,0,39237,5492,8216,0,0,0,0,0
584,6120,585.4884342849051,99851,391,204,110,35,31290,16001,0.4736156873741875,183,92,22695,21143,12188,5800,14431,22724,37126,23844,0,0,21413,8595,10097,3058,3424,269,0,0,0,0,39298,5470,8227,0,0,0,0,0
585,6120,586.1379043644232,99851,375,192,110,35,31317,16011,0.4739862394968503,184,92,22699,21136,12169,5791,14461,22752,37206,23933,0,0,21293,8585,10148,3048,3444,273,0,0,0,0,39370,5442,8248,0,0,0,0,0
586,6120,587.4376908329582,99851,361,193,110,35,31371,16041,0.47482749296451715,176,86,22732,21182,12140,5777,14479,22725,37285,24022,0,0,21163,8565,10208,3052,3466,278,0,0,0,0,39442,5418,8259,0,0,0,0,0
587,6120,588.0864641739433,99851,368,189,110,35,31412,16054,0.47536829876516007,166,87,22720,21172,12106,5770,14528,22745,37363,24110,0,0,21055,8539,10266,3048,3479,282,0,0,0,0,39514,5392,8276,0,0,0,0,0
588,6120,589.3851105523268,99851,340,188,110,35,31459,16079,0.47608937316601735,160,83,22759,21215,12089,5752,14540,22725,37440,24198,0,0,20929,8520,10341,3043,3504,284,0,0,0,0,39569,5371,8290,0,0,0,0,0
589,6120,590.033280497795,99851,321,188,110,35,31479,16098,0.4764799551331484,159,73,22742,21209,12077,5749,14589,22744,37517,24285,0,0,20814,8494,10392,3044,3522,285,0,0,0,0,39649,5345,8306,0,0,0,0,0
590,6120,591.3312486123353,99851,318,180,110,35,31534,16119,0.47724108922294217,147,69,22791,21257,12035,5741,14597,22716,37593,24372,0,0,20683,8486,10445,3038,3552,286,0,0,0,0,39724,5322,8315,0,0,0,0,0
591,6120,592.6271889142879,99851,298,155,110,35,31573,16127,0.4777117905679462,154,84,22799,21286,12022,5748,14615,22690,37668,24458,0,0,20563,8469,10507,3042,3575,288,0,0,0,0,39785,5293,8329,0,0,0,0,0
592,6120,593.274303468588,99851,304,154,110,35,31606,16141,0.4781824919129503,137,73,22789,21285,11984,5736,14674,22715,37742,24544,0,0,20452,8449,10553,3037,3591,288,0,0,0,0,39867,5268,8346,0,0,0,0,0
593,6120,594.5706524991136,99851,269,150,110,35,31643,16162,0.4787633574025298,134,70,22830,21316,11971,5725,14684,22702,37816,24629,0,0,20327,8432,10632,3039,3610,290,0,0,0,0,39920,5249,8352,0,0,0,0,0
594,6120,595.2176509762731,99851,269,152,110,35,31661,16176,0.4790838349140219,128,67,22818,21312,11938,5721,14735,22711,37889,24714,0,0,20216,8418,10663,3032,3623,292,0,0,0,0,40009,5225,8373,0,0,0,0,0
595,6120,596.5130367282228,99851,271,154,110,35,31710,16200,0.4798149242371133,118,60,22850,21367,11902,5701,14747,22681,37961,24798,0,0,20110,8401,10725,3030,3639,294,0,0,0,0,40063,5195,8394,0,0,0,0,0
596,6120,597.1601280370521,99851,263,152,110,35,31734,16210,0.48015543159307367,117,60,22838,21371,11872,5683,14798,22697,38032,24882,0,0,20014,8386,10771,3014,3658,298,0,0,0,0,40126,5167,8417,0,0,0,0,0
597,6120,598.4546178416009,99850,261,145,111,35,31776,16231,0.48079118678017024,105,51,22867,21443,11837,5671,14817,22653,38103,24965,0,0,19907,8366,10824,3013,3678,302,0,0,0,0,40188,5141,8431,0,0,0,0,0
598,6120,599.1009901270888,99850,251,137,111,35,31788,16239,0.4809914872308463,110,47,22883,21456,11785,5652,14858,22671,38173,25048,0,0,19826,8333,10879,3004,3696,304,0,0,0,0,40244,5111,8453,0,0,0,0,0
599,6120,600.3941503805429,99850,235,130,111,35,31814,16253,0.4813920881321983,118,52,22922,21489,11743,5637,14869,22655,38242,25130,0,0,19725,8318,10930,2997,3712,310,0,0,0,0,40302,5084,8472,0,0,0,0,0
600,6120,601.0391515925527,99850,224,118,111,35,31825,16259,0.4815623435152729,122,57,22914,21475,11706,5637,14921,22676,38311,25212,0,0,19623,8292,10980,2993,3724,311,0,0,0,0,40374,5065,8488,0,0,0,0,0
601,6120,602.330198581668,99850,209,111,111,35,31858,16275,0.48205307961942917,115,59,22955,21532,11672,5625,14936,22636,38379,25293,0,0,19515,8278,11038,2986,3740,317,0,0,0,0,40430,5047,8499,0,0,0,0,0
602,6120,603.6194181241905,99850,198,113,111,35,31889,16293,0.4825438157235854,104,56,23008,21592,11635,5605,14942,22597,38446,25374,0,0,19418,8261,11085,2978,3761,320,0,0,0,0,40489,5021,8517,0,0,0,0,0
603,6120,604.2622172149236,99850,197,109,111,35,31900,16302,0.4827441161742614,105,54,22999,21584,11590,5598,14996,22618,38513,25454,0,0,19328,8227,11131,2976,3768,322,0,0,0,0,40561,5003,8534,0,0,0,0,0
604,6120,605.5492155506118,99850,190,114,111,35,31928,16319,0.48319479218828243,100,53,23047,21646,11545,5567,15005,22583,38579,25534,0,0,19245,8202,11187,2972,3782,323,0,0,0,0,40609,4969,8561,0,0,0,0,0
605,6120,606.1912026534187,99850,183,111,111,35,31938,16325,0.4833550325488232,101,52,23056,21652,11500,5554,15047,22594,38644,25613,0,0,19160,8169,11231,2964,3793,327,0,0,0,0,40678,4952,8576,0,0,0,0,0
606,6120,607.4757306045077,99850,196,104,111,35,31981,16340,0.48393590385578367,83,59,23116,21714,11438,5536,15054,22550,38709,25692,0,0,19071,8143,11287,2950,3815,330,0,0,0,0,40730,4936,8588,0,0,0,0,0
607,6120,608.1164609813364,99850,180,102,111,35,31991,16352,0.48415623435152727,81,54,23109,21705,11415,5532,15102,22570,38773,25770,0,0,18981,8128,11324,2938,3832,334,0,0,0,0,40795,4909,8609,0,0,0,0,0
608,6120,609.3978573898213,99850,176,102,111,35,32013,16367,0.4845267901852779,86,50,23179,21758,11344,5512,15102,22541,38836,25848,0,0,18895,8105,11371,2933,3847,334,0,0,0,0,40850,4882,8633,0,0,0,0,0
609,6120,610.0371282272479,99850,178,95,111,35,32028,16376,0.4847671507260891,90,46,23165,21780,11304,5505,15150,22537,38899,25925,0,0,18813,8083,11411,2925,3860,336,0,0,0,0,40911,4855,8656,0,0,0,0,0
610,6120,611.315393149007,99849,175,95,111,36,32057,16395,0.48525273162475335,81,38,23209,21854,11261,5487,15161,22488,38961,26002,0,0,18716,8059,11460,2927,3871,340,0,0,0,0,40976,4837,8663,0,0,0,0,0
611,6120,612.5916043955222,99848,173,89,111,37,32080,16405,0.48558809390273217,81,43,23245,21931,11216,5467,15172,22431,39023,26078,0,0,18628,8037,11506,2922,3885,343,0,0,0,0,41037,4815,8675,0,0,0,0,0
612,6120,613.2286591409852,99848,176,89,111,37,32094,16411,0.4857883983655156,77,43,23238,21932,11188,5446,15208,22451,39084,26154,0,0,18545,8010,11543,2913,3896,345,0,0,0,0,41107,4799,8690,0,0,0,0,0
613,6120,614.5033231160608,99848,176,88,111,37,32124,16424,0.48621905296049994,80,42,23273,21988,11138,5420,15220,22423,39144,26229,0,0,18458,7988,11592,2902,3914,347,0,0,0,0,41161,4784,8702,0,0,0,0,0
614,6120,615.1394830746829,99848,173,84,111,37,32136,16427,0.48636928130758755,84,50,23267,22001,11101,5396,15262,22430,39204,26304,0,0,18379,7955,11637,2895,3927,348,0,0,0,0,41226,4768,8713,0,0,0,0,0
615,6120,616.4125475903327,99848,156,85,111,37,32163,16445,0.4868199663488503,78,41,23303,22051,11076,5379,15274,22405,39263,26379,0,0,18283,7942,11685,2890,3941,353,0,0,0,0,41282,4746,8726,0,0,0,0,0
616,6120,617.0482628082748,99848,155,83,111,37,32177,16451,0.4870202708116337,71,44,23309,22069,11038,5362,15314,22403,39322,26453,0,0,18196,7917,11718,2882,3954,357,0,0,0,0,41356,4736,8732,0,0,0,0,0
617,6120,618.3197593415989,99848,154,83,111,37,32199,16471,0.4874409101834789,69,33,23380,22147,10976,5355,15308,22343,39380,26527,0,0,18109,7898,11767,2878,3965,358,0,0,0,0,41409,4714,8750,0,0,0,0,0
618,6120,619.5874528710133,99848,156,80,111,37,32224,16482,0.48780145821648907,69,35,23434,22182,10915,5340,15313,22324,39437,26600,0,0,18032,7874,11813,2873,3980,358,0,0,0,0,41460,4689,8769,0,0,0,0,0
619,6120,620.2199883497257,99848,150,84,111,37,32235,16488,0.487971717009855,66,34,23442,22179,10877,5322,15352,22342,39494,26673,0,0,17940,7860,11838,2864,3993,358,0,0,0,0,41540,4671,8784,0,0,0,0,0
620,6120,621.4844985151606,99848,143,76,111,37,32254,16504,0.488322249819726,62,25,23485,22245,10840,5317,15357,22298,39550,26745,0,0,17844,7846,11877,2863,4008,359,0,0,0,0,41601,4655,8795,0,0,0,0,0
621,6120,622.1155060877718,99848,140,79,111,37,32266,16511,0.48851253905937025,53,22,23480,22262,10812,5293,15402,22305,39606,26817,0,0,17765,7821,11910,2862,4017,359,0,0,0,0,41670,4631,8813,0,0,0,0,0
622,6120,623.3780019745283,99848,133,76,111,37,32276,16518,0.48868279785273616,59,21,23525,22337,10771,5267,15399,22260,39661,26888,0,0,17694,7795,11952,2858,4027,360,0,0,0,0,41722,4606,8834,0,0,0,0,0
623,6120,624.0081310096523,99848,129,73,111,37,32286,16523,0.4888330261998237,59,21,23543,22347,10732,5257,15424,22263,39716,26959,0,0,17620,7769,11993,2851,4039,360,0,0,0,0,41779,4587,8850,0,0,0,0,0
624,6120,625.268023941682,99848,128,69,111,37,32298,16530,0.489023315439468,58,19,23544,22351,10687,5252,15470,22270,39770,27029,0,0,17542,7747,12027,2845,4052,361,0,0,0,0,41841,4570,8863,0,0,0,0,0
625,6120,626.4941567147591,99848,127,63,111,37,32320,16536,0.4893037416873648,50,18,23571,22417,10654,5231,15485,22232,39824,27099,0,0,17466,7734,12057,2839,4062,366,0,0,0,0,41894,4543,8887,0,0,0,0,0
626,6120,627.0836141195502,99848,124,63,111,37,32333,16539,0.48946398525759155,43,20,23571,22435,10630,5214,15519,22229,39877,27169,0,0,17390,7705,12087,2834,4076,367,0,0,0,0,41963,4530,8896,0,0,0,0,0
627,6120,628.3976303254575,99848,110,50,111,37,32355,16550,0.4897944876211842,47,26,23675,22542,10578,5200,15477,22143,39930,27238,0,0,17300,7699,12128,2828,4096,369,0,0,0,0,42010,4511,8907,0,0,0,0,0
628,6120,629.0239537440773,99848,106,52,111,37,32365,16555,0.48994471596827177,42,24,23685,22566,10547,5187,15507,22132,39982,27307,0,0,17231,7674,12164,2825,4101,371,0,0,0,0,42067,4488,8927,0,0,0,0,0
629,6120,630.2767160061288,99848,106,57,111,37,32379,16568,0.4902151269930294,66,50,23710,22615,10492,5153,15513,22086,40034,27375,0,0,17166,7648,12196,2815,4117,372,1,0,0,5,42117,4469,8942,0,0,0,0,0
630,6120,631.3346908693886,99848,110,69,111,37,32401,16585,0.4906057206954571,59,38,23741,22666,10451,5128,15526,22060,40085,27443,0,0,17096,7623,12218,2812,4122,376,6,0,0,15,42172,4445,8963,0,0,0,0,0
631,6120,632.391223826324,99848,112,77,111,37,32416,16599,0.49089616216649307,66,40,23803,22722,10393,5100,15513,22022,40136,27510,0,0,17042,7583,12255,2806,4134,377,9,0,0,23,42215,4424,8980,0,0,0,0,0
632,6120,633.4450474447624,99848,120,79,111,37,32442,16612,0.49128675586892073,61,40,23830,22755,10353,5083,15523,22004,40186,27577,0,0,16964,7563,12270,2798,4147,378,15,0,0,37,42273,4405,8998,0,0,0,0,0
633,6120,634.4972063746785,99848,119,80,111,37,32462,16625,0.4916172582325134,63,38,23861,22820,10321,5072,15523,21951,40236,27644,0,0,16889,7539,12288,2797,4160,380,20,0,0,50,42330,4384,9011,0,0,0,0,0
634,6120,635.0225283521107,99848,118,77,111,37,32467,16629,0.49170739524076595,71,43,23860,22813,10282,5066,15556,21962,40285,27710,0,0,16818,7513,12311,2789,4171,380,20,0,0,58,42393,4372,9023,0,0,0,0,0
635,6120,636.073511271614,99848,112,76,111,37,32482,16643,0.4919978367118019,83,42,23875,22867,10241,5051,15576,21925,40334,27776,0,0,16748,7487,12330,2783,4186,383,25,0,0,74,42442,4354,9036,0,0,0,0,0
636,6120,637.123271410159,99848,114,73,111,37,32506,16652,0.4923283390753946,80,46,23900,22938,10201,5028,15592,21876,40382,27841,0,0,16679,7462,12351,2774,4201,386,31,0,0,92,42487,4340,9045,0,0,0,0,0
637,6120,638.1722656918639,99848,115,72,111,37,32528,16665,0.4926788718852656,80,47,23921,22978,10170,5018,15601,21846,40430,27906,0,0,16606,7436,12369,2766,4218,387,41,0,0,106,42536,4324,9059,0,0,0,0,0
638,6120,639.2202939470662,99847,112,74,111,38,32543,16677,0.4929542199565335,101,52,23955,23028,10121,5004,15598,21802,40477,27970,0,0,16536,7409,12392,2763,4226,390,50,0,0,115,42587,4306,9073,0,0,0,0,0
639,6120,640.266828227559,99847,126,74,111,38,32570,16690,0.4933548328943283,97,53,23982,23068,10075,5000,15607,21765,40524,28034,0,0,16459,7383,12413,2755,4245,390,58,0,0,121,42649,4298,9076,0,0,0,0,0
640,6120,641.3118624255345,99847,142,75,111,38,32599,16700,0.49374543050867825,87,65,24016,23113,10031,4986,15611,21721,40570,28098,0,0,16394,7352,12441,2753,4253,390,62,0,0,133,42698,4283,9088,0,0,0,0,0
641,6120,642.3552644274794,99847,149,76,111,38,32624,16716,0.49415605876991797,94,56,24051,23177,9981,4975,15612,21676,40616,28161,0,0,16327,7325,12465,2747,4265,392,67,0,0,152,42741,4270,9096,0,0,0,0,0
642,6120,643.3972274579897,99846,154,81,111,39,32652,16734,0.4946217174448651,96,57,24088,23222,9940,4962,15609,21637,40662,28224,0,0,16258,7293,12491,2740,4279,394,78,0,0,165,42785,4257,9106,0,0,0,0,0
643,6120,644.437376656609,99846,156,78,111,39,32675,16747,0.4949822726999579,101,60,24115,23277,9910,4950,15605,21594,40707,28286,0,0,16195,7261,12516,2737,4289,397,88,0,0,181,42822,4240,9120,0,0,0,0,0
644,6120,645.4760140122386,99846,166,83,111,39,32713,16764,0.4955331210063498,96,57,24130,23333,9889,4935,15606,21551,40752,28348,0,0,16124,7241,12532,2731,4305,400,92,0,0,198,42872,4224,9127,0,0,0,0,0
645,6120,646.513950484914,99846,173,83,111,39,32745,16780,0.4960138613464736,105,53,24172,23391,9846,4919,15591,21513,40796,28410,0,0,16055,7214,12552,2724,4324,402,101,0,0,212,42918,4210,9134,0,0,0,0,0
646,6120,647.0323002145743,99846,166,81,111,39,32752,16786,0.4961440618552571,114,49,24171,23403,9820,4910,15616,21516,40840,28471,0,0,15997,7185,12577,2717,4337,405,106,0,0,219,42964,4196,9143,0,0,0,0,0
647,6120,648.0685704071041,99846,171,96,111,39,32788,16805,0.49669491016164896,104,50,24181,23464,9807,4879,15624,21470,40883,28532,0,0,15927,7167,12591,2712,4349,407,116,0,0,234,43009,4176,9158,0,0,0,0,0
648,6120,649.1038510522625,99846,167,92,111,39,32823,16816,0.4971556196542676,105,53,24203,23507,9785,4870,15627,21437,40926,28592,0,0,15859,7125,12619,2719,4361,407,129,0,0,256,43042,4163,9166,0,0,0,0,0
649,6120,650.1387474030751,99846,175,87,111,39,32856,16824,0.4975662520281233,107,65,24236,23548,9749,4859,15620,21400,40969,28652,0,0,15800,7097,12640,2717,4374,409,134,0,0,274,43078,4145,9178,0,0,0,0,0
650,6120,651.171961192724,99846,180,91,111,39,32882,16838,0.49796686897822645,114,74,24256,23588,9723,4843,15614,21363,41011,28712,0,0,15739,7074,12657,2707,4395,410,142,0,0,285,43120,4130,9187,0,0,0,0,0
651,6120,652.2039169708157,99846,188,92,111,39,32913,16858,0.498477655589608,110,62,24284,23657,9694,4834,15611,21314,41053,28771,0,0,15685,7037,12683,2704,4410,412,147,0,0,305,43149,4117,9197,0,0,0,0,0
652,6120,653.2349932435732,99845,190,84,112,39,32949,16867,0.49893334668736544,94,68,24322,23697,9664,4832,15616,21278,41094,28830,0,0,15620,7015,12695,2698,4430,414,154,0,0,329,43182,4102,9206,0,0,0,0,0
653,6120,654.2646323264015,99845,197,91,112,39,32980,16889,0.49946416946266714,89,67,24374,23747,9616,4816,15610,21238,41135,28888,0,0,15563,6983,12724,2694,4447,417,162,0,0,341,43219,4088,9207,0,0,0,0,0
654,6120,655.292159246412,99845,188,95,112,39,33000,16906,0.4998347438529721,110,61,24407,23803,9579,4798,15602,21202,41176,28946,0,0,15507,6948,12750,2690,4463,419,173,0,0,357,43248,4074,9216,0,0,0,0,0
655,6120,656.3180435594968,99844,186,90,112,40,33024,16919,0.5002103281118545,120,59,24419,23861,9554,4792,15607,21156,41216,29004,0,0,15444,6924,12766,2688,4479,420,179,0,0,379,43282,4059,9224,0,0,0,0,0
656,6120,657.343107356271,99844,191,82,112,40,33062,16928,0.5006810624574336,110,66,24449,23914,9542,4784,15594,21112,41256,29061,0,0,15383,6894,12785,2687,4496,423,187,0,0,398,43316,4045,9230,0,0,0,0,0
657,6120,658.3670039113941,99844,198,81,112,40,33093,16943,0.5011417811786387,109,72,24487,23946,9504,4781,15588,21078,41296,29118,0,0,15328,6865,12810,2688,4501,425,194,0,0,422,43340,4026,9245,0,0,0,0,0
658,6120,659.3894559323304,99844,186,80,112,40,33113,16953,0.5014422499098594,125,71,24526,24004,9473,4759,15576,21044,41335,29175,0,0,15276,6835,12833,2682,4515,427,203,0,0,443,43362,4009,9259,0,0,0,0,0
659,6120,660.4102180393643,99844,202,89,112,40,33153,16973,0.5020431873723008,114,71,24551,24034,9437,4752,15582,21012,41374,29231,0,0,15211,6813,12846,2681,4529,427,208,0,0,460,43405,3997,9267,0,0,0,0,0
660,6120,661.4296083204168,99844,195,90,112,40,33181,16991,0.5025039060935058,120,69,24581,24094,9416,4748,15574,20957,41412,29287,0,0,15149,6792,12854,2678,4547,431,214,0,0,483,43437,3984,9275,0,0,0,0,0
661,6120,662.4477235926672,99844,204,95,112,40,33221,17005,0.5030447498097032,109,73,24616,24152,9388,4731,15569,20907,41450,29343,0,0,15092,6766,12870,2676,4561,435,219,0,0,498,43473,3971,9283,0,0,0,0,0
662,6120,663.4646663225952,99844,190,106,112,40,33240,17027,0.5034553904090381,116,66,24648,24198,9366,4720,15566,20868,41488,29398,0,0,15037,6739,12890,2677,4571,437,226,0,0,519,43500,3951,9297,0,0,0,0,0
663,6120,664.4801039912358,99844,198,111,112,40,33272,17041,0.5039161091302432,124,70,24681,24237,9339,4708,15544,20832,41525,29453,0,0,14974,6718,12902,2675,4586,438,232,0,0,529,43546,3938,9306,0,0,0,0,0
664,6120,665.4939556061187,99844,205,121,112,40,33310,17061,0.5044970153439365,125,71,24702,24286,9320,4697,15534,20783,41562,29507,0,0,14913,6700,12910,2674,4601,441,239,0,0,544,43585,3921,9316,0,0,0,0,0
665,6120,666.0003319417084,99844,207,113,112,40,33332,17066,0.5047674372020352,128,73,24698,24292,9299,4696,15554,20784,41599,29561,0,0,14867,6675,12928,2669,4614,445,243,0,0,557,43613,3903,9330,0,0,0,0,0
666,6120,667.0134373429112,99844,213,117,112,40,33361,17085,0.5052481871719883,137,69,24717,24344,9273,4693,15546,20735,41635,29615,0,0,14812,6651,12945,2676,4621,449,248,0,0,569,43651,3882,9340,0,0,0,0,0
667,6120,668.0255247179715,99844,216,123,112,40,33399,17105,0.5058290933856817,141,67,24743,24397,9252,4679,15534,20692,41671,29668,0,0,14752,6630,12961,2679,4632,451,256,0,0,593,43679,3864,9347,0,0,0,0,0
668,6120,669.0365299711269,99844,223,120,112,40,33439,17117,0.5063499058531309,144,79,24753,24450,9235,4672,15531,20637,41707,29721,0,0,14695,6603,12982,2676,4648,451,269,0,0,614,43702,3848,9356,0,0,0,0,0
669,6120,670.0468280872143,99844,242,112,112,40,33490,17135,0.5070409839349385,131,80,24791,24507,9200,4677,15522,20582,41742,29774,0,0,14638,6578,12995,2670,4673,454,278,0,0,635,43727,3838,9358,0,0,0,0,0
670,6120,671.0557686863536,99844,230,111,112,40,33522,17157,0.5075818276511358,141,72,24816,24554,9186,4676,15513,20545,41777,29826,0,0,14586,6551,13011,2670,4695,457,287,0,0,665,43740,3821,9361,0,0,0,0,0
671,6120,672.0637598400497,99844,241,107,112,40,33558,17173,0.508102640118585,143,70,24850,24610,9158,4679,15494,20492,41812,29878,0,0,14521,6534,13022,2669,4706,460,296,0,0,686,43775,3809,9366,0,0,0,0,0
672,6120,673.0699945005032,99843,242,116,113,40,33597,17195,0.5087186883406949,150,72,24885,24646,9140,4673,15468,20451,41846,29930,0,0,14464,6513,13026,2666,4727,461,305,0,0,707,43801,3795,9378,0,0,0,0,0
673,6120,674.0748241561876,99843,247,111,113,40,33635,17207,0.5092194745750829,145,77,24903,24680,9129,4662,15461,20428,41880,29981,0,0,14413,6488,13039,2665,4741,465,317,0,0,724,43822,3776,9393,0,0,0,0,0
674,6120,675.0788285861228,99843,251,111,113,40,33676,17221,0.5097703394329096,141,86,24920,24727,9119,4656,15454,20378,41914,30032,0,0,14359,6472,13050,2661,4755,467,321,0,0,755,43841,3759,9403,0,0,0,0,0
675,6120,676.0821387489477,99843,242,122,113,40,33712,17249,0.5104113458129262,139,72,24959,24774,9108,4655,15437,20335,41948,30083,0,0,14307,6442,13070,2661,4771,470,336,0,0,779,43854,3740,9413,0,0,0,0,0
676,6120,677.0841945623841,99842,241,116,114,40,33748,17260,0.5108872017788105,154,72,24977,24824,9095,4656,15417,20290,41981,30133,0,0,14249,6425,13076,2660,4790,474,342,0,0,798,43886,3725,9417,0,0,0,0,0
677,6120,678.0851547278281,99841,264,116,115,40,33796,17280,0.5115734017087169,136,72,25004,24866,9073,4653,15406,20251,42014,30183,0,0,14195,6400,13093,2660,4803,474,349,0,0,822,43908,3713,9424,0,0,0,0,0
678,6120,679.0850578615365,99841,243,124,115,40,33824,17300,0.5120541661241373,153,70,25031,24913,9070,4633,15386,20218,42047,30233,0,0,14140,6370,13110,2665,4816,477,358,0,0,848,43927,3700,9430,0,0,0,0,0
679,6120,680.0839210711031,99841,256,120,115,40,33868,17314,0.5126350897927705,165,75,25072,24949,9039,4636,15351,20178,42079,30282,0,0,14088,6350,13121,2661,4839,477,369,0,0,865,43951,3682,9438,0,0,0,0,0
680,6120,681.0810302040055,99841,251,125,115,40,33903,17336,0.5132059975360824,177,70,25099,24993,9021,4631,15335,20139,42111,30331,0,0,14032,6328,13129,2662,4858,480,380,0,0,884,43977,3667,9444,0,0,0,0,0
681,6120,682.0769685612905,99841,266,131,115,40,33949,17354,0.513847016756643,163,71,25119,25045,9008,4623,15327,20088,42143,30380,0,0,13982,6308,13142,2658,4872,483,387,0,0,906,43998,3655,9450,0,0,0,0,0
682,6120,683.0719144099453,99840,258,141,116,40,33979,17377,0.5143830128205128,161,65,25141,25109,8997,4608,15325,20035,42175,30428,0,0,13930,6284,13153,2653,4895,485,394,0,0,925,44023,3648,9450,0,0,0,0,0
683,6120,684.0658873753608,99840,252,137,116,40,34011,17390,0.5148337339743589,176,78,25163,25143,8982,4606,15309,19994,42206,30476,0,0,13867,6265,13164,2655,4906,489,408,0,0,945,44052,3635,9454,0,0,0,0,0
684,6120,685.0588770254291,99838,260,127,117,41,34055,17409,0.5154750696127727,184,85,25164,25183,8973,4616,15300,19946,42237,30524,0,0,13809,6243,13170,2652,4932,489,419,0,0,971,44071,3626,9456,0,0,0,0,0
685,6120,686.0516693971997,99837,270,134,118,41,34107,17430,0.5162114246221341,175,84,25177,25222,8970,4609,15288,19908,42268,30571,0,0,13755,6224,13181,2647,4954,490,429,0,0,995,44090,3614,9458,0,0,0,0,0
686,6120,687.0439591599321,99837,268,129,118,41,34147,17445,0.5167623225858149,175,88,25213,25268,8968,4603,15256,19869,42298,30618,0,0,13711,6206,13191,2636,4973,497,434,0,0,1026,44097,3602,9464,0,0,0,0,0
687,6120,688.0349276324713,99837,271,128,118,41,34185,17463,0.517323236876108,168,87,25234,25313,8966,4607,15241,19822,42328,30665,0,0,13654,6187,13199,2640,4986,499,441,0,0,1050,44122,3589,9470,0,0,0,0,0
688,6120,689.0248483624847,99837,275,130,118,41,34224,17484,0.5179242164728507,162,88,25257,25353,8951,4597,15235,19789,42358,30712,0,0,13606,6163,13209,2635,5006,503,450,0,0,1070,44141,3578,9476,0,0,0,0,0
689,6120,690.0140176077539,99837,276,136,118,41,34270,17507,0.5186153430091048,151,94,25283,25401,8948,4592,15222,19734,42388,30758,0,0,13563,6131,13222,2641,5026,505,458,0,0,1091,44154,3561,9485,0,0,0,0,0
690,6120,691.0022180323673,99837,282,139,118,41,34308,17530,0.51922633893246,155,94,25314,25443,8929,4591,15200,19690,42417,30804,0,0,13512,6115,13228,2644,5037,509,465,0,0,1114,44175,3543,9495,0,0,0,0,0
691,6120,692.482204695942,99837,283,127,118,41,34371,17550,0.5200576940412873,153,103,25352,25520,8924,4595,15168,19612,42446,30850,0,0,13452,6090,13234,2650,5059,514,484,0,0,1151,44179,3528,9496,0,0,0,0,0
692,6120,693.4673778941325,99837,272,140,118,41,34395,17577,0.5205685266985186,165,88,25375,25561,8913,4587,15155,19581,42475,30895,0,0,13410,6066,13252,2640,5080,515,495,0,0,1175,44186,3518,9500,0,0,0,0,0
693,6120,694.4520370567295,99837,275,137,118,41,34432,17595,0.5211194246621994,169,89,25420,25617,8882,4587,15134,19527,42504,30940,0,0,13372,6043,13268,2635,5100,517,500,0,0,1202,44192,3501,9507,0,0,0,0,0
694,6120,695.4350212632824,99837,283,136,118,41,34484,17618,0.5218706491581278,139,83,25456,25677,8874,4591,15128,19470,42532,30985,0,0,13326,6025,13274,2630,5130,517,504,0,0,1239,44195,3493,9504,0,0,0,0,0
695,6120,696.4167946766141,99836,273,134,119,41,34511,17632,0.5222865499419047,150,95,25475,25712,8868,4591,15113,19425,42560,31030,0,0,13280,6003,13289,2626,5148,519,514,0,0,1258,44210,3477,9512,0,0,0,0,0
696,6120,697.3975981446501,99836,266,137,119,41,34543,17657,0.5228574862774951,156,96,25489,25730,8862,4596,15106,19398,42588,31074,0,0,13234,5979,13303,2628,5165,520,522,0,0,1288,44217,3464,9516,0,0,0,0,0
697,6120,698.3779059901515,99836,264,141,119,41,34576,17683,0.5234484554669658,152,91,25511,25760,8853,4602,15099,19363,42616,31118,0,0,13180,5959,13315,2627,5178,521,533,0,0,1319,44229,3455,9520,0,0,0,0,0
698,6120,699.3574685030981,99836,273,143,119,41,34618,17705,0.5240895067911374,146,89,25544,25797,8841,4610,15075,19318,42643,31162,0,0,13144,5936,13325,2630,5194,524,536,0,0,1344,44236,3438,9529,0,0,0,0,0
699,6120,700.335881799238,99835,276,151,120,41,34659,17729,0.5247458306205238,152,84,25552,25838,8832,4612,15066,19272,42670,31205,0,0,13104,5920,13333,2625,5219,526,541,0,0,1369,44246,3425,9527,0,0,0,0,0
700,6120,701.3134640776149,99835,281,147,120,41,34708,17751,0.5254570040566936,147,90,25605,25882,8817,4613,15028,19225,42697,31248,0,0,13050,5899,13337,2625,5239,529,555,0,0,1397,44258,3414,9532,0,0,0,0,0
701,6120,702.2894296069855,99835,275,143,120,41,34751,17777,0.5261481444383233,151,87,25643,25921,8811,4620,14998,19186,42724,31291,0,0,13000,5874,13340,2630,5267,532,568,0,0,1425,44267,3402,9530,0,0,0,0,0
702,6120,703.2639382618869,99835,271,157,120,41,34790,17806,0.526829268292683,156,86,25655,25964,8812,4616,14984,19134,42750,31334,0,0,12950,5858,13342,2628,5286,536,576,0,0,1447,44286,3391,9535,0,0,0,0,0
703,6120,704.2376670952386,99835,282,158,120,41,34835,17830,0.5275204086743126,163,89,25682,25993,8793,4610,14958,19107,42776,31376,0,0,12902,5843,13348,2624,5305,537,588,0,0,1475,44294,3378,9541,0,0,0,0,0
704,6120,705.2103864250965,99835,292,162,120,41,34877,17851,0.5281514498923223,184,89,25696,26034,8775,4605,14931,19067,42802,31418,0,0,12856,5823,13359,2623,5312,542,597,0,0,1499,44307,3369,9548,0,0,0,0,0
705,6120,706.1819185547974,99834,293,166,121,41,34926,17872,0.5288579041208405,183,93,25731,26063,8761,4599,14909,19036,42828,31460,0,0,12814,5792,13376,2623,5336,544,609,0,0,1519,44316,3359,9546,0,0,0,0,0
706,6120,707.1524010841932,99834,312,162,121,41,34979,17890,0.5295690846805697,176,100,25751,26097,8754,4601,14884,18997,42854,31501,0,0,12768,5773,13386,2626,5348,545,621,0,0,1546,44323,3342,9556,0,0,0,0,0
707,6120,708.121800052842,99834,294,160,121,41,35017,17917,0.530220165474688,180,100,25770,26126,8753,4613,14880,18958,42879,31542,0,0,12721,5755,13383,2625,5379,552,633,0,0,1574,44330,3329,9553,0,0,0,0,0
708,6120,709.0905233311863,99834,297,162,121,41,35059,17936,0.530831179758399,183,109,25800,26164,8745,4609,14852,18913,42904,31583,0,0,12679,5735,13391,2625,5395,554,639,0,0,1602,44337,3318,9559,0,0,0,0,0
709,6120,710.058157398918,99834,303,155,121,41,35103,17957,0.5314822605525171,189,121,25828,26192,8733,4614,14824,18875,42929,31624,0,0,12637,5716,13400,2619,5420,555,654,0,0,1629,44337,3302,9565,0,0,0,0,0
710,6120,711.0244551747306,99834,303,171,121,41,35154,17986,0.5322835907606627,173,117,25852,26224,8740,4609,14809,18836,42954,31664,0,0,12583,5699,13407,2618,5435,559,668,0,0,1654,44350,3294,9567,0,0,0,0,0
711,6120,712.4723154074684,99834,280,175,121,41,35204,18021,0.5331350041068174,182,123,25904,26296,8757,4608,14754,18755,42978,31704,0,0,12534,5676,13412,2622,5466,562,685,0,0,1699,44337,3281,9560,0,0,0,0,0
712,6120,713.4360528296814,99834,286,169,121,41,35250,18040,0.5337860849009356,179,135,25913,26329,8761,4620,14738,18704,43002,31744,0,0,12496,5656,13418,2621,5485,564,693,0,0,1732,44333,3267,9569,0,0,0,0,0
713,6120,714.3994319374218,99834,290,179,121,41,35298,18073,0.534597431736683,176,133,25923,26345,8764,4628,14724,18672,43026,31784,0,0,12448,5638,13422,2625,5501,567,702,0,0,1762,44341,3255,9573,0,0,0,0,0
714,6120,715.3623578427,99834,284,183,121,41,35341,18101,0.535308612296412,188,125,25962,26389,8752,4625,14691,18635,43050,31823,0,0,12405,5622,13422,2626,5523,571,706,0,0,1799,44343,3246,9571,0,0,0,0,0
715,6120,716.3241047791761,99834,291,178,121,41,35393,18130,0.5361199591321594,180,131,25999,26411,8744,4636,14663,18601,43074,31862,0,0,12370,5603,13425,2625,5547,577,713,0,0,1835,44335,3230,9574,0,0,0,0,0
716,6120,717.2843485037096,99834,300,179,121,41,35439,18156,0.5368411563194904,181,129,26007,26458,8741,4640,14648,18551,43097,31901,0,0,12324,5589,13431,2622,5563,579,724,0,0,1868,44337,3220,9577,0,0,0,0,0
717,6120,718.244008076199,99832,296,188,123,41,35484,18184,0.5375831396746534,172,125,26025,26487,8750,4645,14632,18512,43120,31940,0,0,12280,5568,13436,2628,5584,581,733,0,0,1893,44346,3207,9576,0,0,0,0,0
718,6120,719.203084565555,99832,311,192,123,41,35539,18217,0.5384646205625451,179,117,26040,26540,8742,4650,14603,18458,43143,31978,0,0,12236,5557,13438,2626,5599,585,742,0,0,1932,44342,3194,9581,0,0,0,0,0
719,6120,720.1614139686646,99832,302,194,123,41,35578,18247,0.5391557817132783,194,105,26044,26595,8756,4655,14579,18408,43166,32016,0,0,12194,5543,13437,2631,5622,589,749,0,0,1964,44344,3178,9581,0,0,0,0,0
720,6120,721.119313162136,99832,311,193,123,41,35625,18275,0.5399070438336405,175,101,26085,26650,8756,4665,14548,18348,43189,32054,0,0,12154,5529,13437,2624,5645,593,758,0,0,1999,44340,3170,9583,0,0,0,0,0
721,6120,722.0764389818421,99831,310,187,123,42,35667,18299,0.5405735693321714,161,100,26115,26696,8758,4674,14531,18299,43212,32092,0,0,12113,5506,13447,2624,5665,598,770,0,0,2026,44339,3160,9583,0,0,0,0,0
722,6120,723.0323992877592,99831,303,186,123,42,35709,18321,0.5412146527631697,169,101,26142,26730,8756,4679,14505,18260,43234,32129,0,0,12082,5488,13453,2623,5688,601,775,0,0,2064,44326,3146,9585,0,0,0,0,0
723,6120,724.4642001277792,99831,304,189,123,42,35781,18358,0.5423064979815889,180,106,26175,26791,8771,4689,14445,18181,43256,32166,0,0,12032,5469,13446,2620,5725,608,790,0,0,2100,44323,3141,9577,0,0,0,0,0
724,6120,725.4174114125955,99831,323,184,123,42,35834,18381,0.5430677845558994,183,104,26178,26846,8766,4693,14425,18129,43278,32203,0,0,12000,5445,13456,2621,5746,610,795,0,0,2128,44320,3132,9578,0,0,0,0,0
725,6120,726.3704687701135,99830,330,184,123,43,35881,18402,0.5437543824501653,182,117,26197,26878,8763,4700,14403,18076,43300,32240,0,0,11966,5427,13462,2624,5765,614,799,0,0,2154,44322,3119,9578,0,0,0,0,0
726,6120,727.3228364852007,99829,316,183,124,43,35923,18426,0.5444209598413287,183,121,26228,26914,8775,4702,14372,18035,43322,32276,0,0,11920,5408,13466,2625,5785,617,810,0,0,2194,44317,3111,9576,0,0,0,0,0
727,6120,728.2742330994542,99829,326,183,124,43,35973,18448,0.545142193150287,186,129,26230,26954,8775,4707,14357,17982,43343,32312,0,0,11888,5391,13470,2626,5806,620,814,0,0,2221,44315,3098,9580,0,0,0,0,0
728,6120,729.2250272598419,99829,325,188,124,43,36021,18479,0.5459335463642829,196,126,26252,26982,8769,4719,14332,17940,43364,32348,0,0,11848,5379,13462,2623,5835,624,823,0,0,2253,44314,3087,9581,0,0,0,0,0
729,6120,730.1751805846217,99829,322,208,124,43,36063,18517,0.5467349167075699,200,119,26267,27034,8767,4715,14318,17879,43385,32384,0,0,11814,5356,13468,2630,5853,628,830,0,0,2276,44317,3074,9583,0,0,0,0,0
730,6120,731.124793976993,99829,325,210,124,43,36113,18540,0.5474661671458193,201,121,26291,27072,8770,4717,14287,17835,43406,32420,0,0,11773,5337,13472,2637,5866,636,838,0,0,2302,44324,3064,9580,0,0,0,0,0
731,6120,732.0734311570559,99829,325,209,124,43,36156,18570,0.5481974175840687,210,126,26323,27115,8752,4722,14264,17783,43427,32455,0,0,11736,5321,13475,2636,5892,639,845,0,0,2333,44321,3052,9579,0,0,0,0,0
732,6120,733.0208015821229,99829,328,205,124,43,36199,18591,0.5488385138586984,224,136,26338,27129,8746,4732,14238,17753,43448,32490,0,0,11694,5304,13478,2639,5909,642,849,0,0,2364,44325,3047,9578,0,0,0,0,0
733,6120,734.4401352174679,99829,351,204,124,43,36297,18645,0.5503611175109437,219,121,26392,27191,8756,4763,14156,17676,43468,32525,0,0,11649,5286,13471,2640,5942,650,862,0,0,2425,44293,3039,9572,0,0,0,0,0
734,6120,735.3847953950711,99828,360,207,124,44,36354,18681,0.5512982329606924,215,116,26409,27229,8766,4777,14124,17625,43488,32560,0,0,11608,5270,13475,2640,5956,658,875,0,0,2461,44284,3027,9574,0,0,0,0,0
735,6120,736.3287223313926,99828,352,207,124,44,36394,18705,0.5519393356573306,236,124,26415,27255,8775,4782,14096,17586,43508,32594,0,0,11573,5249,13484,2638,5981,660,882,0,0,2492,44278,3020,9571,0,0,0,0,0
736,6120,737.2722474136989,99828,371,202,124,44,36459,18733,0.552870938013383,232,119,26439,27299,8764,4797,14068,17537,43528,32628,0,0,11527,5238,13481,2636,6004,665,888,0,0,2532,44276,3019,9562,0,0,0,0,0
737,6120,738.2148161749741,99827,379,186,124,45,36514,18749,0.5535877067326475,232,129,26459,27313,8755,4812,14049,17513,43548,32662,0,0,11496,5216,13484,2643,6019,671,892,0,0,2571,44262,3007,9566,0,0,0,0,0
738,6120,739.1566755918734,99827,386,193,124,45,36578,18782,0.5545593877407916,223,125,26483,27344,8767,4821,14015,17470,43568,32696,0,0,11449,5203,13482,2644,6037,674,906,0,0,2612,44253,2996,9571,0,0,0,0,0
739,6120,740.0977499735353,99827,409,184,124,45,36638,18804,0.5553808087992227,221,123,26488,27383,8765,4836,13991,17427,43587,32730,0,0,11415,5184,13492,2647,6054,677,916,0,0,2641,44244,2984,9573,0,0,0,0,0
740,6120,741.0383294555701,99826,414,187,125,45,36694,18831,0.5562178190050688,235,121,26503,27416,8763,4845,13958,17384,43606,32763,0,0,11374,5167,13498,2647,6068,684,928,0,0,2671,44241,2976,9572,0,0,0,0,0
741,6120,742.4476926465329,99826,405,199,125,45,36771,18878,0.5574599803658365,242,118,26537,27478,8786,4854,13903,17304,43625,32796,0,0,11338,5143,13491,2651,6114,687,938,0,0,2714,44218,2965,9567,0,0,0,0,0
742,6120,743.3860598211675,99826,418,190,125,45,36829,18904,0.5583014445134534,237,117,26552,27498,8783,4877,13883,17271,43644,32829,0,0,11300,5126,13498,2645,6137,690,950,0,0,2756,44201,2960,9563,0,0,0,0,0
743,6120,744.3240287375772,99826,416,203,125,45,36891,18936,0.559243082964358,245,105,26562,27541,8800,4874,13850,17230,43663,32862,0,0,11264,5109,13494,2646,6162,697,960,0,0,2786,44196,2949,9563,0,0,0,0,0
744,6120,745.2614647924228,99826,415,202,125,45,36944,18957,0.5599843728086871,267,114,26549,27573,8808,4883,13834,17181,43682,32895,0,0,11224,5094,13496,2645,6183,702,971,0,0,2817,44193,2939,9562,0,0,0,0,0
745,6120,746.1989771127718,99825,404,205,126,45,36997,18985,0.560801402454295,275,121,26552,27618,8827,4887,13814,17122,43701,32927,0,0,11179,5082,13491,2645,6212,705,985,0,0,2848,44186,2929,9563,0,0,0,0,0
746,6120,747.1366319099146,99825,425,201,126,45,37076,19012,0.5618632607062359,255,124,26559,27652,8845,4897,13788,17079,43719,32959,0,0,11131,5070,13485,2645,6237,709,999,0,0,2885,44179,2924,9561,0,0,0,0,0
747,6120,748.0740115497704,99825,429,198,126,45,37137,19041,0.5627648384673178,243,128,26582,27697,8858,4909,13760,17021,43737,32991,0,0,11092,5054,13493,2647,6254,713,1013,0,0,2930,44158,2911,9560,0,0,0,0,0
748,6120,749.0107188960985,99825,424,214,126,45,37190,19080,0.563686451289757,247,113,26603,27737,8873,4915,13725,16974,43755,33023,0,0,11064,5042,13491,2652,6280,716,1016,0,0,2968,44141,2894,9561,0,0,0,0,0
749,6120,750.4142894251826,99825,423,226,126,45,37271,19128,0.5649787127473078,257,116,26612,27788,8905,4922,13675,16901,43773,33055,0,0,11019,5022,13485,2666,6308,725,1031,0,0,3001,44130,2879,9559,0,0,0,0,0
750,6120,751.3494018270337,99824,425,231,127,45,37334,19158,0.5659160121814394,244,123,26626,27814,8927,4932,13649,16853,43791,33086,0,0,10978,5005,13487,2675,6326,729,1044,0,0,3035,44123,2865,9557,0,0,0,0,0
751,6120,752.2843779476027,99822,413,216,127,47,37383,19181,0.5666486345695337,257,130,26632,27864,8947,4943,13622,16798,43809,33117,0,0,10932,4983,13487,2683,6352,732,1060,0,0,3072,44109,2860,9552,0,0,0,0,0
752,6120,753.2191793301978,99822,420,216,127,47,37444,19214,0.5675903107531406,251,124,26639,27898,8958,4955,13603,16758,43827,33148,0,0,10896,4965,13484,2687,6382,734,1069,0,0,3106,44098,2850,9551,0,0,0,0,0
753,6120,754.1537416686592,99822,409,209,127,47,37485,19249,0.5683516659654184,265,122,26659,27946,8964,4980,13574,16694,43844,33179,0,0,10858,4953,13483,2687,6412,735,1076,0,0,3154,44077,2842,9545,0,0,0,0,0
754,6120,755.0876696380761,99822,420,206,127,47,37552,19270,0.5692332351585823,253,120,26666,27999,8972,4971,13560,16655,43861,33210,0,0,10830,4945,13477,2680,6437,739,1079,0,0,3201,44055,2831,9548,0,0,0,0,0
755,6120,756.0211943687792,99822,422,201,127,47,37614,19300,0.5701548756787082,260,118,26680,28034,8981,4983,13528,16615,43878,33240,0,0,10783,4929,13475,2680,6461,741,1100,0,0,3243,44038,2823,9549,0,0,0,0,0
756,6120,757.4207298137391,99822,416,205,127,47,37694,19340,0.5713570154875679,278,128,26704,28099,8993,4991,13480,16528,43895,33270,0,0,10749,4909,13472,2683,6492,750,1113,0,0,3296,44002,2814,9542,0,0,0,0,0
757,6120,758.3528080790594,99822,429,210,127,47,37763,19376,0.5724088878203202,268,123,26729,28132,8996,5005,13449,16481,43912,33300,0,0,10710,4894,13473,2686,6516,753,1126,0,0,3336,43986,2806,9536,0,0,0,0,0
758,6120,759.2840988285121,99821,428,209,128,47,37822,19405,0.573296200198355,270,127,26724,28166,9018,5013,13430,16436,43929,33330,0,0,10675,4878,13465,2691,6546,758,1130,0,0,3370,43979,2798,9531,0,0,0,0,0
759,6120,760.2151905613981,99820,425,222,129,47,37878,19444,0.5742536565818473,284,122,26739,28208,9026,5017,13395,16382,43946,33360,0,0,10637,4856,13467,2700,6570,763,1141,0,0,3397,43976,2790,9523,0,0,0,0,0
760,6120,761.1458641669334,99820,425,225,129,47,37939,19472,0.5751452614706472,287,130,26755,28218,9041,5024,13361,16354,43962,33389,0,0,10602,4840,13472,2703,6594,767,1152,0,0,3432,43960,2782,9516,0,0,0,0,0
761,6120,762.0759429963546,99820,432,237,129,47,38009,19505,0.5761771188138649,270,123,26759,28245,9063,5031,13345,16315,43978,33418,0,0,10568,4822,13471,2710,6612,772,1161,0,0,3468,43947,2771,9518,0,0,0,0,0
762,6120,763.005699270875,99820,433,238,129,47,38071,19531,0.5770587056702063,270,131,26776,28287,9078,5034,13312,16261,43994,33447,0,0,10528,4807,13469,2713,6633,777,1172,0,0,3502,43940,2762,9517,0,0,0,0,0
763,6120,764.3993790305423,99820,416,250,129,47,38159,19583,0.5784612302143859,264,126,26780,28356,9142,5041,13267,16178,44010,33476,0,0,10473,4790,13464,2722,6661,789,1192,0,0,3555,43918,2754,9502,0,0,0,0,0
764,6120,765.3285061568706,99819,405,254,130,47,38219,19617,0.5794087298009397,257,123,26787,28382,9177,5052,13242,16140,44026,33505,0,0,10429,4775,13460,2732,6685,793,1207,0,0,3593,43905,2742,9498,0,0,0,0,0
765,6120,766.257489049838,99819,402,247,130,47,38280,19647,0.5803203798875965,254,127,26816,28409,9185,5067,13211,16101,44042,33534,0,0,10398,4759,13446,2733,6721,798,1215,0,0,3632,43886,2731,9500,0,0,0,0,0
766,6120,767.1860005488658,99819,411,241,130,47,38341,19675,0.5812119937086125,254,139,26847,28437,9173,5079,13183,16055,44058,33562,0,0,10362,4749,13440,2736,6745,802,1220,0,0,3672,43875,2721,9497,0,0,0,0,0
767,6120,768.1133999963225,99819,414,247,130,47,38404,19701,0.5821036075296286,242,145,26852,28470,9192,5082,13168,16007,44074,33590,0,0,10337,4734,13438,2743,6770,803,1224,0,0,3709,43857,2704,9500,0,0,0,0,0
768,6120,769.0402947415112,99819,425,248,130,47,38467,19734,0.5830653482803875,250,144,26865,28492,9196,5102,13132,15965,44089,33618,0,0,10296,4720,13436,2741,6793,808,1238,0,0,3741,43850,2699,9497,0,0,0,0,0
769,6120,770.4293539427617,99818,424,239,130,48,38540,19778,0.5842433228475826,249,137,26924,28563,9209,5124,13062,15887,44104,33646,0,0,10258,4705,13435,2742,6825,814,1254,0,0,3797,43809,2688,9491,0,0,0,0,0
770,6120,771.3539361836139,99818,423,233,130,48,38598,19812,0.585165000300547,245,132,26936,28600,9229,5140,13035,15845,44119,33674,0,0,10222,4690,13436,2742,6852,815,1267,0,0,3847,43778,2681,9488,0,0,0,0,0
771,6120,772.2779405022374,99818,422,226,130,48,38648,19837,0.5859163677893766,235,135,26963,28640,9230,5153,13018,15796,44134,33702,0,0,10185,4680,13429,2745,6875,818,1277,0,0,3885,43765,2672,9487,0,0,0,0,0
772,6120,773.201376623119,99817,422,231,130,49,38693,19867,0.5866736127112616,256,136,26962,28677,9230,5157,12998,15748,44149,33729,0,0,10149,4670,13428,2750,6889,823,1287,0,0,3912,43761,2660,9488,0,0,0,0,0
773,6120,774.1242839978285,99817,411,236,130,49,38749,19904,0.5876053177314485,251,131,26971,28695,9257,5166,12978,15721,44164,33756,0,0,10117,4647,13431,2756,6920,826,1299,0,0,3946,43740,2653,9482,0,0,0,0,0
774,6120,775.0471485326321,99817,432,237,130,49,38817,19936,0.5886071510864883,250,130,26976,28735,9262,5175,12948,15672,44179,33783,0,0,10082,4633,13438,2746,6941,832,1314,0,0,3978,43727,2648,9478,0,0,0,0,0
775,6120,776.4306596667869,99816,447,224,131,49,38915,19981,0.590045684058668,238,132,26989,28805,9297,5197,12896,15591,44194,33810,0,0,10037,4616,13434,2748,6975,841,1334,0,0,4039,43687,2644,9461,0,0,0,0,0
776,6120,777.3527293357458,99816,438,223,131,49,38971,20011,0.5909072693756512,233,132,26985,28832,9328,5208,12883,15554,44209,33837,0,0,10007,4602,13433,2753,7000,845,1342,0,0,4083,43662,2630,9459,0,0,0,0,0
777,6120,778.274842639611,99814,435,218,133,49,39023,20043,0.5917606748552308,240,122,27012,28875,9332,5225,12846,15509,44223,33864,0,0,9981,4590,13427,2745,7035,851,1352,0,0,4116,43637,2624,9456,0,0,0,0,0
778,6120,779.1964862510705,99813,434,229,134,49,39071,20083,0.5926482522316733,247,110,27027,28908,9326,5234,12830,15468,44237,33890,0,0,9952,4583,13416,2740,7068,855,1358,0,0,4145,43628,2616,9452,0,0,0,0,0
779,6120,780.1171772699607,99813,427,232,134,49,39132,20108,0.5935098634446415,240,112,27032,28951,9357,5237,12808,15417,44251,33916,0,0,9920,4562,13412,2744,7096,859,1370,0,0,4177,43614,2609,9450,0,0,0,0,0
780,6120,781.0378669674947,99813,425,227,134,49,39190,20127,0.5942813060422991,241,119,27031,28979,9373,5247,12794,15377,44265,33942,0,0,9888,4547,13406,2750,7123,861,1378,0,0,4214,43599,2602,9445,0,0,0,0,0
781,6120,782.4187569768728,99813,426,213,134,49,39270,20169,0.5955035917165099,253,116,27052,29052,9382,5271,12751,15297,44279,33968,0,0,9848,4531,13391,2756,7169,865,1397,0,0,4261,43567,2592,9436,0,0,0,0,0
782,6120,783.3386838849747,99813,429,223,134,49,39336,20200,0.5964754090148577,232,107,27094,29085,9393,5276,12716,15258,44293,33994,0,0,9822,4516,13389,2752,7200,867,1404,0,0,4298,43544,2586,9435,0,0,0,0,0
783,6120,784.2577724719912,99813,427,211,134,49,39385,20220,0.5971667017322393,231,112,27126,29132,9398,5292,12682,15202,44307,34020,0,0,9793,4503,13381,2755,7226,871,1406,0,0,4337,43528,2582,9431,0,0,0,0,0
784,6120,785.1758787762077,99813,426,200,134,49,39444,20240,0.597958181799966,220,107,27163,29188,9402,5299,12653,15155,44321,34045,0,0,9769,4480,13379,2767,7254,874,1409,0,0,4372,43509,2573,9427,0,0,0,0,0
785,6120,786.0928498466146,99813,415,192,134,49,39495,20258,0.5986494745173474,223,116,27176,29223,9420,5301,12630,15117,44335,34070,0,0,9731,4468,13376,2774,7281,875,1421,0,0,4406,43496,2564,9421,0,0,0,0,0
786,6120,787.0092732508372,99813,397,193,134,49,39536,20281,0.5992906735595563,228,119,27196,29244,9440,5310,12603,15083,44349,34095,0,0,9698,4458,13373,2778,7298,882,1427,0,0,4438,43484,2557,9420,0,0,0,0,0
787,6120,788.3829014745331,99813,390,204,134,49,39622,20321,0.6005530341739052,214,124,27249,29311,9463,5299,12548,15011,44362,34120,0,0,9667,4440,13365,2787,7330,886,1439,0,0,4492,43446,2543,9418,0,0,0,0,0
788,6120,789.297324699634,99813,404,202,134,49,39682,20347,0.6014146453868735,195,120,27278,29341,9464,5313,12523,14973,44375,34145,0,0,9645,4422,13366,2801,7349,888,1443,0,0,4523,43430,2528,9418,0,0,0,0,0
789,6120,790.21059145892,99813,389,196,134,49,39734,20371,0.6021760692494965,189,135,27298,29371,9496,5321,12492,14926,44388,34170,0,0,9616,4407,13364,2802,7379,890,1449,0,0,4573,43402,2522,9409,0,0,0,0,0
790,6120,791.1234136236219,99813,387,211,134,49,39777,20410,0.6029976055223267,194,114,27322,29405,9494,5330,12467,14889,44401,34195,0,0,9586,4398,13356,2805,7398,894,1458,0,0,4601,43394,2511,9412,0,0,0,0,0
791,6120,792.0353998523847,99813,391,218,134,49,39816,20440,0.6036888982397083,207,108,27340,29430,9482,5336,12444,14857,44414,34219,0,0,9562,4385,13362,2804,7412,899,1462,0,0,4627,43385,2506,9409,0,0,0,0,0
792,6120,793.4021596876247,99813,371,222,134,49,39876,20491,0.6048009778285394,217,103,27385,29473,9501,5358,12390,14793,44427,34243,0,0,9526,4371,13352,2811,7449,907,1473,0,0,4668,43359,2496,9401,0,0,0,0,0
793,6120,794.3120915514406,99813,362,220,134,49,39922,20526,0.6056124953663351,212,101,27416,29504,9511,5366,12363,14758,44440,34267,0,0,9493,4362,13348,2813,7473,916,1479,0,0,4705,43345,2492,9387,0,0,0,0,0
794,6120,795.221260607529,99813,351,206,134,49,39966,20540,0.6061935819983368,212,118,27432,29544,9523,5374,12346,14707,44453,34291,0,0,9466,4353,13342,2808,7496,925,1487,0,0,4743,43325,2488,9380,0,0,0,0,0
795,6120,796.1298262200614,99813,360,210,134,49,40014,20563,0.6069049121857875,211,119,27450,29584,9523,5376,12320,14660,44466,34315,0,0,9435,4347,13339,2804,7514,930,1494,0,0,4766,43324,2483,9377,0,0,0,0,0
796,6120,797.0378598536482,99813,360,210,134,49,40063,20593,0.607696392253514,214,112,27471,29603,9528,5387,12291,14637,44479,34339,0,0,9411,4337,13341,2801,7532,937,1496,0,0,4805,43302,2477,9374,0,0,0,0,0
797,6120,798.3982629290682,99813,359,216,134,49,40139,20634,0.6088685842525523,207,117,27511,29636,9545,5392,12242,14588,44492,34363,0,0,9380,4322,13333,2804,7562,946,1506,0,0,4847,43276,2469,9368,0,0,0,0,0
798,6120,799.3041387262116,99812,355,219,135,49,40181,20664,0.6095960405562457,202,110,27545,29689,9550,5389,12211,14542,44504,34386,0,0,9353,4311,13333,2806,7580,948,1514,0,0,4881,43257,2460,9369,0,0,0,0,0
799,6120,800.2090136035341,99812,352,223,135,49,40225,20691,0.6103073778703964,209,110,27565,29715,9545,5394,12192,14507,44516,34409,0,0,9332,4298,13335,2805,7600,951,1518,0,0,4915,43238,2453,9367,0,0,0,0,0
800,6120,801.1133105975026,99812,345,223,135,49,40281,20717,0.6111289223740632,199,110,27582,29755,9566,5390,12171,14471,44528,34432,0,0,9303,4287,13332,2809,7621,954,1523,0,0,4962,43211,2447,9363,0,0,0,0,0
801,6120,802.017017082875,99812,342,219,135,49,40334,20752,0.6120105798901936,191,94,27596,29800,9579,5412,12155,14424,44540,34455,0,0,9273,4278,13327,2810,7644,960,1532,0,0,5005,43185,2438,9360,0,0,0,0,0
802,6120,803.3721034166467,99812,344,215,135,49,40409,20791,0.6131527271269988,181,93,27638,29841,9582,5419,12118,14381,44552,34478,0,0,9235,4267,13320,2817,7665,967,1545,0,0,5059,43151,2431,9355,0,0,0,0,0
803,6120,804.2743031347948,99812,343,207,135,49,40452,20808,0.6137538572516331,190,103,27651,29864,9580,5431,12099,14344,44564,34501,0,0,9214,4257,13326,2814,7683,975,1551,0,0,5088,43132,2426,9346,0,0,0,0,0
804,6120,805.1760663737601,99812,331,202,135,49,40491,20832,0.6143850438824991,198,100,27664,29908,9591,5438,12079,14301,44576,34524,0,0,9194,4247,13321,2808,7716,979,1554,0,0,5118,43111,2420,9344,0,0,0,0,0
805,6120,806.0775641177631,99812,325,194,135,49,40535,20853,0.6150362681841862,196,106,27669,29944,9616,5442,12057,14263,44588,34546,0,0,9164,4239,13312,2808,7738,987,1562,0,0,5146,43102,2414,9340,0,0,0,0,0
806,6120,807.4292004971003,99810,323,203,136,50,40597,20897,0.6161106101593027,204,92,27714,30018,9614,5447,12007,14188,44600,34568,0,0,9132,4229,13305,2811,7763,993,1571,0,0,5189,43075,2409,9333,0,0,0,0,0
807,6120,808.3289876494239,99810,315,203,136,50,40628,20922,0.616671676184751,210,82,27748,30055,9610,5454,11979,14154,44612,34590,0,0,9114,4218,13304,2811,7779,1000,1573,0,0,5218,43061,2400,9332,0,0,0,0,0
808,6120,809.2279283338669,99810,323,196,136,50,40690,20944,0.6175132752229235,190,78,27776,30091,9619,5465,11954,14118,44624,34612,0,0,9088,4208,13302,2811,7797,1005,1581,0,0,5260,43033,2394,9331,0,0,0,0,0
809,6120,810.1261146075664,99810,321,177,136,50,40735,20958,0.618104398356878,201,84,27772,30133,9633,5473,11935,14081,44635,34634,0,0,9060,4201,13295,2812,7820,1006,1588,0,0,5303,43008,2387,9330,0,0,0,0,0
810,6120,811.0241262847695,99810,323,174,136,50,40786,20981,0.6188458070333633,190,83,27798,30173,9631,5474,11920,14044,44646,34656,0,0,9041,4190,13293,2816,7842,1008,1588,0,0,5344,42983,2379,9326,0,0,0,0,0
811,6120,812.3699902870413,99810,329,154,136,50,40843,21003,0.6196373108906923,201,101,27835,30230,9624,5486,11873,13977,44657,34678,0,0,9018,4174,13285,2825,7867,1014,1591,0,0,5382,42962,2370,9322,0,0,0,0,0
812,6120,813.2661152215127,99809,335,160,137,50,40886,21023,0.6202747247242233,192,95,27860,30259,9620,5480,11854,13954,44668,34700,0,0,9005,4162,13281,2831,7880,1017,1588,0,0,5407,42950,2360,9328,0,0,0,0,0
813,6120,814.1616043009535,99809,362,158,137,50,40940,21046,0.6210461982386358,188,100,27875,30286,9607,5478,11829,13926,44679,34721,0,0,8990,4155,13274,2830,7892,1025,1587,0,0,5433,42940,2352,9331,0,0,0,0,0
814,6120,815.0562811307999,99809,345,169,137,50,40975,21075,0.6216874229778878,200,93,27904,30319,9603,5471,11809,13896,44690,34742,0,0,8969,4137,13275,2834,7908,1032,1595,0,0,5456,42927,2345,9331,0,0,0,0,0
815,6120,816.3965806465897,99809,346,162,137,50,41028,21102,0.6224889539019527,206,101,27949,30362,9592,5482,11768,13841,44701,34763,0,0,8941,4133,13269,2832,7927,1040,1602,0,0,5495,42903,2339,9328,0,0,0,0,0
816,6120,817.2888729692828,99809,342,153,137,50,41074,21116,0.6230901020950015,209,120,27962,30381,9595,5490,11753,13804,44712,34784,0,0,8927,4119,13267,2838,7944,1045,1601,0,0,5530,42878,2330,9330,0,0,0,0,0
817,6120,818.1805920893213,99809,343,147,137,50,41110,21138,0.6236712120149486,208,120,27997,30418,9591,5497,11722,13766,44723,34805,0,0,8909,4110,13262,2839,7959,1052,1601,0,0,5564,42861,2326,9326,0,0,0,0,0
818,6120,819.0713441074234,99808,354,149,138,50,41165,21162,0.6244689804424495,184,118,28009,30441,9607,5504,11706,13736,44734,34826,0,0,8881,4096,13267,2844,7968,1059,1608,0,0,5587,42852,2323,9323,0,0,0,0,0
819,6120,820.4065193444169,99808,363,159,138,50,41228,21200,0.625480923372876,175,118,28048,30494,9605,5508,11669,13669,44745,34847,0,0,8856,4089,13259,2839,8003,1062,1612,0,0,5618,42838,2317,9315,0,0,0,0,0
820,6120,821.2955932562662,99808,354,163,138,50,41257,21225,0.6260219621673613,186,116,28069,30531,9594,5509,11657,13629,44756,34868,0,0,8839,4080,13256,2840,8021,1065,1617,0,0,5647,42821,2305,9317,0,0,0,0,0
821,6120,822.184125152218,99807,339,166,138,51,41291,21244,0.6265592593705852,194,120,28099,30562,9602,5504,11626,13595,44767,34888,0,0,8812,4072,13256,2844,8039,1067,1620,0,0,5674,42813,2297,9313,0,0,0,0,0
822,6120,823.071563926292,99807,336,170,138,51,41329,21268,0.6271804582844891,201,121,28128,30578,9597,5504,11598,13574,44778,34908,0,0,8792,4061,13255,2846,8058,1071,1621,0,0,5701,42804,2291,9307,0,0,0,0,0
823,6120,824.4012164830524,99807,323,190,138,51,41386,21316,0.6282324887031971,210,107,28157,30640,9604,5501,11566,13509,44788,34928,0,0,8769,4044,13256,2847,8086,1079,1631,0,0,5736,42779,2286,9294,0,0,0,0,0
824,6120,825.2869455606769,99807,342,188,138,51,41442,21334,0.6289739196649533,191,110,28170,30662,9608,5501,11549,13486,44798,34948,0,0,8751,4032,13260,2848,8104,1082,1637,0,0,5761,42765,2280,9287,0,0,0,0,0
825,6120,826.1719839281957,99807,347,181,138,51,41482,21356,0.6295951185788572,197,111,28193,30699,9590,5514,11533,13442,44808,34968,0,0,8731,4022,13264,2846,8124,1084,1640,0,0,5794,42747,2275,9280,0,0,0,0,0
826,6120,827.0563326715084,99807,355,178,138,51,41532,21377,0.6303064915286503,195,118,28212,30728,9587,5518,11511,13405,44818,34988,0,0,8707,4009,13264,2842,8139,1092,1650,0,0,5818,42735,2273,9278,0,0,0,0,0
827,6120,828.3815013357481,99807,350,191,138,51,41585,21417,0.631238289899506,219,124,28254,30793,9580,5514,11457,13325,44828,35008,0,0,8683,3996,13259,2850,8160,1097,1658,0,0,5852,42712,2265,9275,0,0,0,0,0
828,6120,829.2637610356792,99807,359,194,138,51,41635,21441,0.6319797208612622,232,132,28257,30806,9583,5515,11429,13300,44838,35028,0,0,8665,3987,13257,2848,8177,1103,1661,0,0,5881,42695,2261,9272,0,0,0,0,0
829,6120,830.1453870974809,99806,350,199,139,51,41675,21467,0.6326473358315131,231,122,28270,30855,9599,5511,11409,13260,44848,35048,0,0,8646,3973,13253,2853,8192,1110,1663,0,0,5912,42678,2257,9269,0,0,0,0,0
830,6120,831.0267796993065,99806,347,201,139,51,41729,21493,0.6334488908482456,226,119,28302,30881,9609,5519,11375,13227,44858,35067,0,0,8621,3960,13250,2860,8211,1115,1670,0,0,5942,42661,2250,9266,0,0,0,0,0
831,6120,832.3474064277998,99806,346,186,139,51,41809,21525,0.6345710678716711,211,117,28333,30941,9630,5530,11339,13173,44868,35086,0,0,8594,3944,13240,2868,8240,1122,1678,0,0,6000,42615,2245,9260,0,0,0,0,0
832,6120,833.2272802718813,99806,345,181,139,51,41850,21552,0.6352523896358936,216,111,28337,30993,9638,5528,11323,13134,44878,35105,0,0,8569,3935,13242,2870,8248,1130,1685,0,0,6036,42595,2239,9257,0,0,0,0,0
833,6120,834.1069102667193,99806,349,189,139,51,41893,21577,0.6359337114001162,218,98,28354,31040,9635,5525,11303,13095,44888,35124,0,0,8548,3922,13245,2872,8262,1135,1694,0,0,6054,42586,2233,9255,0,0,0,0,0
834,6120,835.4252555020452,99806,357,179,139,51,41967,21611,0.6370158106727051,195,94,28412,31091,9635,5532,11260,13051,44898,35143,0,0,8527,3908,13241,2874,8287,1143,1701,0,0,6102,42546,2227,9250,0,0,0,0,0
835,6120,836.3028717919037,99806,341,177,139,51,42004,21634,0.6376169769352544,210,96,28425,31124,9646,5545,11237,13005,44908,35162,0,0,8511,3892,13240,2877,8312,1148,1707,0,0,6131,42522,2222,9244,0,0,0,0,0
836,6120,837.1799982334221,99804,353,169,141,51,42068,21648,0.6384112861207968,187,103,28452,31171,9654,5541,11211,12963,44918,35181,0,0,8486,3884,13240,2879,8325,1155,1713,0,0,6164,42503,2217,9238,0,0,0,0,0
837,6120,838.0564549490418,99804,347,169,141,51,42107,21668,0.6390024447917919,191,96,28467,31219,9660,5536,11192,12927,44927,35200,0,0,8462,3879,13234,2880,8348,1158,1723,0,0,6184,42492,2207,9237,0,0,0,0,0
838,6120,839.3700885391289,99804,361,163,141,51,42180,21698,0.6400344675564106,188,96,28509,31268,9652,5545,11147,12875,44936,35219,0,0,8440,3866,13232,2883,8369,1166,1728,0,0,6228,42461,2204,9227,0,0,0,0,0
839,6120,840.2447656969983,99804,361,165,141,51,42227,21722,0.640745861889303,184,94,28523,31303,9658,5547,11131,12838,44945,35237,0,0,8421,3861,13228,2889,8383,1170,1729,0,0,6263,42442,2192,9226,0,0,0,0,0
840,6120,841.1188103249899,99804,375,165,141,51,42275,21742,0.6414271973067212,182,94,28530,31333,9664,5548,11106,12807,44954,35255,0,0,8399,3855,13225,2884,8401,1172,1737,0,0,6288,42429,2188,9226,0,0,0,0,0
841,6120,842.4293431250063,99804,362,171,141,51,42338,21769,0.642328964770951,195,98,28567,31390,9675,5535,11058,12753,44963,35273,0,0,8382,3843,13219,2892,8426,1178,1736,0,0,6328,42398,2180,9222,0,0,0,0,0
842,6120,843.3023063964262,99804,357,173,141,51,42384,21792,0.6430203198268607,197,94,28588,31422,9684,5535,11031,12723,44972,35291,0,0,8360,3835,13212,2894,8444,1185,1747,0,0,6349,42384,2169,9225,0,0,0,0,0
843,6120,844.1744643502084,99804,345,163,141,51,42422,21805,0.6435313213899243,200,105,28617,31457,9684,5540,11011,12682,44981,35309,0,0,8341,3830,13206,2897,8462,1191,1750,0,0,6381,42365,2159,9222,0,0,0,0,0
844,6120,845.0458357842402,99804,342,176,141,51,42463,21830,0.6441926175303595,206,101,28653,31490,9682,5528,10974,12652,44990,35327,0,0,8320,3826,13202,2900,8480,1196,1753,0,0,6398,42362,2150,9217,0,0,0,0,0
845,6120,846.351009171771,99804,352,171,141,51,42530,21861,0.6451745421025209,202,99,28698,31556,9682,5531,10923,12590,44999,35345,0,0,8295,3818,13196,2899,8506,1202,1765,0,0,6434,42331,2145,9213,0,0,0,0,0
846,6120,847.2198834892012,99804,350,181,141,51,42573,21897,0.645966093543345,205,101,28718,31559,9693,5542,10891,12564,45008,35363,0,0,8276,3806,13194,2905,8524,1205,1769,0,0,6466,42311,2137,9211,0,0,0,0,0
847,6120,848.0879634498597,99804,351,176,141,51,42616,21916,0.6465873111298145,201,105,28737,31590,9695,5551,10873,12525,45017,35381,0,0,8254,3798,13189,2905,8546,1208,1774,0,0,6494,42297,2133,9206,0,0,0,0,0
848,6120,849.3890677458784,99804,353,198,141,51,42680,21963,0.6476994910023647,205,91,28773,31640,9700,5548,10826,12470,45026,35399,0,0,8236,3787,13177,2909,8574,1213,1777,0,0,6526,42274,2124,9207,0,0,0,0,0
849,6120,850.255495347442,99803,363,202,142,51,42728,21987,0.6484274019819044,194,95,28801,31659,9701,5554,10797,12437,45035,35416,0,0,8212,3785,13174,2908,8593,1217,1782,0,0,6549,42266,2119,9198,0,0,0,0,0
850,6120,851.1210184414374,99803,360,194,142,51,42767,22003,0.6489784876206126,210,101,28820,31682,9698,5561,10768,12409,45044,35433,0,0,8196,3780,13168,2905,8614,1222,1781,0,0,6581,42246,2116,9194,0,0,0,0,0
851,6120,852.4178605499268,99802,356,181,143,51,42829,22032,0.6498967956553977,211,107,28852,31731,9706,5565,10730,12363,45053,35450,0,0,8173,3765,13161,2913,8642,1230,1785,0,0,6623,42215,2114,9181,0,0,0,0,0
852,6120,853.2815543302663,99802,350,177,143,51,42879,22055,0.6506282439229675,210,112,28870,31771,9716,5575,10709,12312,45062,35467,0,0,8148,3757,13157,2912,8663,1235,1792,0,0,6657,42192,2111,9178,0,0,0,0,0
853,6120,854.144930483684,99802,353,182,143,51,42925,22078,0.6513196128334101,206,116,28898,31797,9717,5568,10681,12284,45071,35484,0,0,8131,3751,13155,2907,8687,1239,1800,0,0,6676,42177,2103,9176,0,0,0,0,0
854,6120,855.007453890707,99802,357,178,143,51,42982,22093,0.6520410412616982,189,122,28925,31828,9732,5570,10652,12249,45080,35501,0,0,8109,3740,13149,2906,8715,1242,1807,0,0,6702,42164,2100,9168,0,0,0,0,0
855,6120,856.2999219487789,99801,359,171,144,51,43044,22122,0.6529593891844772,182,123,28969,31875,9741,5576,10603,12202,45088,35518,0,0,8088,3731,13138,2907,8750,1247,1814,0,0,6735,42142,2093,9156,0,0,0,0,0
856,6120,857.1605815655731,99801,359,170,144,51,43074,22150,0.653540545685915,202,114,28984,31911,9735,5585,10574,12167,45096,35535,0,0,8068,3725,13139,2907,8767,1248,1818,0,0,6767,42123,2090,9149,0,0,0,0,0
857,6120,858.0204620946716,99801,366,178,144,51,43114,22174,0.6541818218254326,207,122,28993,31917,9730,5586,10558,12144,45104,35552,0,0,8052,3720,13136,2901,8785,1253,1820,0,0,6787,42115,2087,9145,0,0,0,0,0
858,6120,859.3095185830659,99799,376,182,146,51,43185,22217,0.6553372278279341,206,121,29015,31961,9736,5591,10519,12092,45112,35569,0,0,8026,3710,13128,2909,8809,1260,1828,0,0,6828,42088,2081,9132,0,0,0,0,0
859,6120,860.1683187344288,99799,377,195,146,51,43229,22246,0.6560686980831472,202,125,29052,31985,9743,5586,10478,12056,45120,35586,0,0,8006,3702,13120,2909,8832,1264,1832,0,0,6846,42082,2078,9128,0,0,0,0,0
860,6120,861.0260739480202,99799,377,209,146,51,43277,22282,0.6569103898836661,199,110,29070,32016,9755,5593,10451,12019,45128,35602,0,0,7980,3699,13115,2912,8841,1271,1837,0,0,6881,42064,2075,9124,0,0,0,0,0
861,6120,862.3114334947085,99799,382,200,146,51,43348,22309,0.6578923636509384,199,118,29095,32062,9759,5599,10417,11968,45136,35618,0,0,7957,3690,13102,2919,8876,1272,1842,0,0,6925,42032,2068,9116,0,0,0,0,0
862,6120,863.1677253351619,99798,383,200,147,51,43398,22339,0.6587005751618269,195,112,29120,32085,9766,5616,10387,11934,45144,35634,0,0,7935,3684,13098,2919,8893,1281,1849,0,0,6958,42012,2064,9105,0,0,0,0,0
863,6120,864.0234084132529,99798,364,210,147,51,43435,22369,0.6593719313012285,202,109,29142,32107,9783,5616,10360,11905,45152,35650,0,0,7913,3675,13094,2925,8912,1287,1856,0,0,6985,41996,2057,9098,0,0,0,0,0
864,6120,865.3056952285317,99797,362,197,147,52,43505,22398,0.6603705522210086,190,120,29185,32140,9803,5641,10311,11848,45160,35666,0,0,7893,3664,13083,2934,8943,1295,1860,0,0,7025,41960,2050,9090,0,0,0,0,0
865,6120,866.1596850582571,99797,359,209,147,52,43545,22433,0.6611220778179705,206,115,29191,32163,9811,5644,10284,11815,45168,35682,0,0,7870,3657,13079,2935,8961,1301,1870,0,0,7042,41950,2044,9088,0,0,0,0,0
866,6120,867.013195944133,99797,350,199,147,52,43586,22452,0.66172329829554,206,123,29209,32189,9823,5656,10263,11779,45176,35698,0,0,7854,3645,13074,2941,8982,1306,1870,0,0,7078,41927,2039,9081,0,0,0,0,0
867,6120,868.2927224627981,99797,341,196,147,52,43647,22487,0.662685251059651,220,123,29244,32231,9826,5666,10220,11730,45184,35714,0,0,7828,3639,13066,2939,9015,1311,1879,0,0,7120,41891,2036,9073,0,0,0,0,0
868,6120,869.1448068473428,99797,354,200,147,52,43691,22511,0.6633666342675631,225,120,29249,32264,9822,5662,10201,11700,45192,35730,0,0,7809,3633,13064,2939,9030,1313,1886,0,0,7142,41877,2032,9072,0,0,0,0,0
869,6120,870.4220714530995,99795,362,205,148,53,43763,22548,0.6644721679442858,208,115,29303,32309,9831,5662,10146,11654,45200,35746,0,0,7782,3625,13057,2934,9064,1315,1897,0,0,7179,41848,2031,9063,0,0,0,0,0
870,6120,871.272459048068,99795,352,204,148,53,43799,22574,0.6650934415551881,208,116,29332,32341,9828,5672,10130,11612,45208,35762,0,0,7755,3621,13052,2931,9084,1321,1910,0,0,7207,41832,2027,9055,0,0,0,0,0
871,6120,872.1221968317154,99794,370,198,149,53,43855,22595,0.6658716956931279,190,122,29346,32355,9828,5685,10115,11585,45216,35778,0,0,7733,3613,13039,2935,9105,1324,1915,0,0,7231,41820,2024,9055,0,0,0,0,0
872,6120,873.3955767457919,99792,357,210,150,54,43918,22644,0.6670073753407086,175,109,29378,32396,9852,5688,10086,11541,45224,35793,0,0,7716,3601,13028,2941,9136,1329,1922,0,0,7280,41775,2015,9049,0,0,0,0,0
873,6120,874.2438171144655,99792,351,205,150,54,43945,22668,0.6675184383517717,201,105,29389,32415,9838,5701,10069,11518,45232,35808,0,0,7696,3599,13014,2940,9163,1330,1927,0,0,7304,41761,2010,9048,0,0,0,0,0
874,6120,875.0918577553973,99792,339,192,150,54,43971,22688,0.6679793971460638,220,104,29401,32452,9842,5711,10046,11485,45239,35823,0,0,7678,3593,13009,2937,9186,1334,1932,0,0,7331,41740,2008,9044,0,0,0,0,0
875,6120,876.3630626150265,99792,334,183,150,54,44039,22710,0.6688812730479398,202,113,29448,32497,9859,5712,10005,11439,45246,35838,0,0,7653,3587,12993,2945,9215,1339,1943,0,0,7371,41708,1998,9040,0,0,0,0,0
876,6120,877.2095930630677,99792,327,181,150,54,44075,22726,0.6694023569023569,211,113,29469,32532,9855,5703,9986,11415,45253,35853,0,0,7640,3580,12987,2943,9233,1344,1944,0,0,7399,41689,1994,9039,0,0,0,0,0
877,6120,878.0556301750805,99792,334,171,150,54,44127,22747,0.6701338784672118,199,113,29497,32559,9866,5717,9952,11384,45260,35868,0,0,7623,3573,12981,2946,9255,1350,1947,0,0,7429,41670,1987,9031,0,0,0,0,0
878,6120,879.3230443886933,99792,336,169,150,54,44185,22782,0.6710658168991502,195,110,29541,32612,9866,5722,9910,11331,45267,35883,0,0,7602,3563,12972,2951,9280,1359,1955,0,0,7458,41648,1982,9022,0,0,0,0,0
879,6120,880.1669077042094,99791,336,165,151,54,44224,22806,0.6717038610696355,183,104,29575,32637,9869,5729,9884,11309,45274,35898,0,0,7587,3558,12968,2948,9293,1366,1956,0,0,7492,41624,1979,9020,0,0,0,0,0
880,6120,881.0100657808375,99791,320,156,151,54,44255,22822,0.6721748454269423,190,114,29577,32669,9887,5736,9873,11269,45281,35913,0,0,7569,3549,12966,2951,9320,1368,1962,0,0,7515,41608,1971,9012,0,0,0,0,0
881,6120,882.2743736589159,99791,315,154,151,54,44313,22857,0.6731067931977833,176,102,29625,32734,9892,5750,9839,11204,45288,35928,0,0,7551,3538,12962,2954,9338,1378,1969,0,0,7563,41568,1967,9003,0,0,0,0,0
882,6120,883.1163837688184,99791,298,158,151,54,44337,22881,0.6735877984988626,184,105,29645,32761,9892,5750,9828,11170,45295,35943,0,0,7539,3527,12965,2956,9357,1380,1971,0,0,7592,41545,1963,8996,0,0,0,0,0
883,6120,884.3784699332733,99790,303,158,151,55,44394,22914,0.6744964425293115,177,105,29686,32807,9888,5753,9793,11120,45302,35958,0,0,7521,3519,12956,2953,9389,1385,1976,0,0,7622,41522,1962,8985,0,0,0,0,0
884,6120,885.2188477357728,99790,311,167,151,55,44433,22941,0.6751578314460367,160,88,29719,32837,9886,5756,9771,11095,45309,35972,0,0,7504,3509,12956,2954,9401,1388,1982,0,0,7642,41510,1961,8983,0,0,0,0,0
885,6120,886.058550778768,99790,307,169,151,55,44464,22960,0.675658883655677,165,88,29741,32876,9887,5747,9747,11063,45316,35986,0,0,7491,3503,12949,2956,9419,1389,1980,0,0,7671,41494,1959,8979,0,0,0,0,0
886,6120,887.3167454202091,99790,301,163,151,55,44520,22980,0.6764204830143301,158,95,29789,32907,9892,5748,9707,11030,45323,36000,0,0,7473,3499,12938,2955,9440,1398,1985,0,0,7708,41466,1952,8976,0,0,0,0,0
887,6120,888.1545885946709,99790,301,168,151,55,44556,22999,0.6769716404449344,154,88,29799,32926,9901,5749,9692,11012,45330,36014,0,0,7452,3492,12935,2955,9457,1400,1992,0,0,7722,41462,1949,8974,0,0,0,0,0
888,6120,889.4104713917515,99790,296,167,151,55,44596,23026,0.6776430504058523,171,82,29842,32975,9894,5750,9644,10969,45337,36028,0,0,7441,3487,12923,2955,9485,1404,1993,0,0,7753,41437,1943,8969,0,0,0,0,0
889,6120,890.2467791742531,99790,287,174,151,55,44629,23049,0.6782042288806494,168,80,29854,33004,9906,5748,9632,10937,45344,36042,0,0,7424,3474,12923,2960,9496,1409,1997,0,0,7775,41424,1941,8967,0,0,0,0,0
890,6120,891.0825778202178,99790,291,174,151,55,44660,23069,0.6787153021344824,170,84,29879,33039,9896,5749,9611,10897,45351,36056,0,0,7414,3468,12923,2965,9502,1414,1996,0,0,7798,41406,1936,8968,0,0,0,0,0
891,6120,892.3351597125318,99790,279,170,151,55,44707,23089,0.6793867120954004,171,91,29917,33107,9899,5731,9581,10844,45358,36070,0,0,7399,3460,12913,2962,9527,1423,2003,0,0,7826,41381,1932,8964,0,0,0,0,0
892,6120,893.169417997713,99789,280,170,152,55,44745,23107,0.6799547044263395,163,90,29942,33140,9905,5724,9556,10819,45365,36084,0,0,7389,3454,12906,2965,9545,1429,2000,0,0,7844,41371,1925,8961,0,0,0,0,0
893,6120,894.002946722003,99789,276,172,152,55,44782,23127,0.6805259096694024,155,89,29961,33170,9914,5726,9540,10786,45372,36098,0,0,7373,3446,12902,2963,9562,1434,2005,0,0,7867,41357,1921,8959,0,0,0,0,0
894,6120,895.2523449663497,99789,265,164,152,55,44826,23153,0.6812273897924621,162,91,30004,33221,9917,5728,9498,10739,45379,36112,0,0,7360,3432,12899,2969,9585,1444,2007,0,0,7895,41332,1917,8949,0,0,0,0,0
895,6120,896.0843582634429,99789,267,160,152,55,44862,23168,0.6817384681678341,164,92,30018,33246,9923,5726,9474,10719,45386,36126,0,0,7350,3426,12895,2963,9603,1449,2006,0,0,7920,41315,1915,8947,0,0,0,0,0
896,6120,897.3314815733646,99789,247,160,152,55,44908,23202,0.6825401597370452,158,84,30053,33280,9936,5739,9452,10680,45393,36140,0,0,7328,3421,12888,2960,9627,1458,2019,0,0,7964,41278,1910,8936,0,0,0,0,0
897,6120,898.162409754481,99789,244,160,152,55,44935,23221,0.6830011323893415,169,83,30070,33300,9925,5739,9438,10661,45400,36154,0,0,7312,3417,12887,2961,9644,1461,2022,0,0,7980,41269,1905,8931,0,0,0,0,0
898,6120,899.4075891373049,99789,257,157,152,55,44991,23253,0.6838829931154736,155,72,30120,33343,9922,5739,9392,10632,45406,36167,0,0,7302,3402,12884,2966,9663,1465,2024,0,0,8015,41236,1902,8930,0,0,0,0,0
899,6120,900.2368272870056,99789,258,153,152,55,45007,23259,0.6841034582970067,183,98,30131,33346,9905,5739,9369,10607,45406,36167,0,0,7300,3400,12881,2970,9669,1467,2025,0,0,8023,41227,1901,8926,0,0,0,0,0
900,6120,900.2368272870056,99789,257,150,152,55,45023,23265,0.6843239234785398,184,101,30146,33361,9904,5735,9355,10596,45406,36167,0,0,7296,3399,12879,2969,9675,1468,2024,4,12,8023,41215,1901,8924,0,0,0,0,0
901,6120,901.06495332992,99789,272,157,152,55,45065,23290,0.684995340167754,174,106,30184,33374,9889,5737,9327,10569,45406,36167,0,0,7290,3398,12872,2976,9687,1472,2022,10,22,8019,41205,1896,8920,0,0,0,0,0
902,6120,902.305306320421,99788,264,163,153,55,45117,23325,0.6858740529923437,188,96,30216,33434,9901,5728,9276,10522,45406,36167,0,0,7280,3395,12859,2982,9701,1482,2020,20,55,8017,41172,1892,8913,0,0,0,0,0
903,6120,903.1312695654783,99788,274,162,153,55,45159,23344,0.6864853489397523,199,100,30246,33467,9889,5728,9237,10486,45406,36167,0,0,7277,3393,12852,2978,9724,1483,2019,23,76,8014,41151,1892,8906,0,0,0,0,0
904,6120,904.3685062969286,99788,282,168,153,55,45221,23383,0.6874974946887401,212,95,30280,33513,9890,5736,9181,10431,45406,36167,0,0,7268,3392,12836,2980,9750,1487,2017,32,116,8007,41111,1891,8901,0,0,0,0,0
905,6120,905.1923789439849,99788,276,171,153,55,45257,23406,0.6880887481460697,208,99,30305,33541,9898,5734,9158,10398,45406,36167,0,0,7264,3389,12827,2983,9767,1489,2016,36,149,8002,41078,1891,8897,0,0,0,0,0
906,6120,906.0157014077157,99788,282,175,153,55,45301,23434,0.6888102777889125,204,94,30329,33556,9903,5752,9127,10366,45406,36167,0,0,7259,3385,12823,2989,9774,1492,2012,41,185,8000,41042,1891,8895,0,0,0,0,0
907,6120,907.2493371772289,99787,292,173,154,55,45361,23458,0.6896589736137974,208,112,30365,33583,9895,5756,9084,10319,45406,36167,0,0,7255,3378,12818,2994,9792,1497,2012,45,219,7994,41007,1890,8886,0,0,0,0,0
908,6120,908.0708022539721,99787,297,186,154,55,45398,23486,0.6903103610690772,223,110,30380,33619,9887,5751,9057,10277,45406,36167,0,0,7248,3373,12810,3000,9803,1502,2012,52,231,7989,40995,1889,8883,0,0,0,0,0
909,6120,909.3016394865396,99787,317,182,154,55,45470,23519,0.6913626023429905,216,109,30415,33661,9891,5766,9005,10225,45406,36167,0,0,7241,3369,12801,3004,9832,1508,2012,59,267,7984,40959,1888,8863,0,0,0,0,0
910,6120,910.1213784108735,99787,309,190,154,55,45502,23549,0.6919839257618728,246,101,30420,33675,9895,5776,8974,10201,45406,36167,0,0,7235,3367,12789,3004,9852,1512,2012,65,291,7982,40935,1886,8857,0,0,0,0,0
911,6120,911.3499916346794,99787,337,193,154,55,45588,23582,0.693176465872308,231,103,30450,33717,9900,5775,8926,10155,45406,36167,0,0,7224,3366,12777,3007,9868,1518,2011,76,333,7979,40893,1881,8854,0,0,0,0,0
912,6120,912.168351674329,99787,335,192,154,55,45625,23611,0.6938378746730536,251,92,30462,33751,9905,5792,8891,10116,45406,36167,0,0,7216,3364,12770,3013,9884,1520,2009,84,367,7973,40859,1878,8850,0,0,0,0,0
913,6120,913.3949502921479,99786,341,183,155,55,45695,23638,0.6948169081835127,245,104,30501,33799,9914,5788,8842,10069,45406,36167,0,0,7207,3360,12759,3019,9909,1528,2007,93,406,7965,40819,1875,8839,0,0,0,0,0
914,6120,914.211838133902,99786,331,181,155,55,45733,23652,0.6953380233700118,238,119,30532,33817,9936,5783,8806,10043,45406,36167,0,0,7203,3356,12749,3031,9930,1531,2002,97,423,7959,40802,1870,8833,0,0,0,0,0
915,6120,915.0280974427476,99785,318,181,156,55,45779,23674,0.6960264568822969,243,125,30552,33844,9961,5786,8768,10007,45406,36167,0,0,7196,3349,12737,3042,9947,1537,2001,104,456,7956,40768,1867,8825,0,0,0,0,0
916,6120,916.2511515955387,99785,317,200,156,55,45839,23719,0.6970787192463798,258,115,30599,33881,9961,5782,8707,9965,45406,36167,0,0,7187,3343,12725,3049,9961,1545,1999,113,493,7953,40731,1865,8821,0,0,0,0,0
917,6120,917.0654358785331,99785,338,215,156,55,45893,23752,0.6979505937766197,247,120,30621,33903,9962,5780,8674,9925,45406,36167,0,0,7185,3341,12719,3054,9969,1551,1998,115,517,7949,40707,1863,8817,0,0,0,0,0
918,6120,918.2855408764933,99785,363,212,156,55,45980,23785,0.6991531793355715,234,126,30648,33924,9968,5795,8629,9886,45406,36167,0,0,7172,3335,12706,3058,9990,1559,1997,128,558,7937,40666,1863,8816,0,0,0,0,0
919,6120,919.0981201523267,99785,371,206,156,55,46021,23810,0.6998146013929949,233,126,30674,33958,9973,5805,8591,9848,45406,36167,0,0,7167,3332,12700,3059,10010,1562,1996,133,586,7933,40638,1862,8807,0,0,0,0,0
920,6120,920.3159666986289,99785,379,208,156,55,46097,23846,0.7009370145813499,237,139,30679,33992,9992,5811,8555,9793,45406,36167,0,0,7155,3329,12680,3062,10043,1566,1994,145,628,7930,40596,1860,8797,0,0,0,0,0
921,6120,921.1274149424628,99785,399,221,156,55,46151,23877,0.7017888460189408,236,138,30713,34026,9975,5802,8519,9756,45406,36167,0,0,7153,3325,12672,3066,10054,1572,1993,147,649,7928,40575,1859,8792,0,0,0,0,0
922,6120,922.3430966026577,99784,396,233,156,56,46225,23919,0.7029583901226649,244,142,30732,34057,10003,5804,8467,9706,45406,36167,0,0,7142,3321,12660,3075,10074,1583,1989,158,690,7921,40534,1856,8781,0,0,0,0,0
923,6120,923.1529183155552,99784,408,243,156,56,46278,23951,0.7038102300970095,242,140,30743,34071,10014,5812,8435,9676,45406,36167,0,0,7137,3319,12655,3080,10094,1585,1985,163,715,7913,40508,1854,8776,0,0,0,0,0
924,6120,924.3667891568401,99784,411,235,156,56,46349,23991,0.704922632887036,255,143,30756,34111,10025,5826,8395,9627,45406,36167,0,0,7125,3315,12638,3085,10125,1592,1982,175,761,7908,40462,1850,8766,0,0,0,0,0
925,6120,925.1756863770426,99784,398,229,156,56,46388,24019,0.7055940832197547,271,154,30769,34119,10038,5843,8366,9597,45406,36167,0,0,7117,3309,12629,3093,10145,1598,1981,183,796,7904,40427,1846,8756,0,0,0,0,0
926,6120,926.3882001596555,99784,432,231,156,56,46483,24060,0.706957027178706,264,159,30798,34153,10040,5856,8308,9543,45406,36167,0,0,7108,3305,12616,3101,10166,1606,1977,192,837,7901,40386,1842,8747,0,0,0,0,0
927,6120,927.1957214177531,99784,436,243,156,56,46524,24091,0.7076785857452097,284,146,30824,34178,10027,5859,8271,9516,45406,36167,0,0,7106,3302,12605,3103,10187,1609,1976,194,858,7899,40365,1840,8740,0,0,0,0,0
928,6120,928.002393512267,99784,453,247,156,56,46591,24123,0.7086707287741522,271,144,30831,34206,10045,5866,8242,9479,45406,36167,0,0,7095,3299,12600,3111,10205,1611,1971,205,892,7895,40330,1840,8730,0,0,0,0,0
929,6120,929.211623716952,99783,460,252,157,56,46680,24175,0.710090897247026,271,131,30858,34250,10055,5888,8197,9421,45406,36167,0,0,7088,3296,12593,3112,10221,1625,1969,212,962,7889,40260,1839,8717,0,0,0,0,0
930,6120,930.0172882785981,99783,472,258,157,56,46735,24207,0.7109627892526783,286,124,30861,34271,10054,5893,8168,9396,45406,36167,0,0,7085,3292,12585,3115,10231,1633,1968,215,996,7885,40226,1838,8714,0,0,0,0,0
931,6120,931.2248804902127,99783,492,248,157,56,46841,24241,0.712365833859475,268,137,30874,34303,10090,5905,8117,9349,45406,36167,0,0,7070,3284,12570,3125,10258,1642,1967,230,1049,7880,40172,1833,8703,0,0,0,0,0
932,6120,932.0296245516554,99783,516,244,157,56,46918,24264,0.7133680085786156,264,149,30873,34317,10110,5914,8078,9318,45406,36167,0,0,7064,3279,12562,3130,10277,1648,1965,236,1079,7872,40142,1831,8698,0,0,0,0,0
933,6120,933.2366162186544,99782,505,252,158,56,46992,24309,0.7145677577118118,282,154,30875,34339,10133,5929,8045,9268,45406,36167,0,0,7049,3271,12551,3139,10302,1662,1962,251,1115,7865,40106,1827,8682,0,0,0,0,0
934,6120,934.0410970111976,99782,501,258,158,56,47044,24354,0.7155398769317112,301,144,30881,34356,10148,5941,8009,9243,45406,36167,0,0,7040,3268,12544,3146,10323,1671,1960,259,1150,7856,40071,1822,8672,0,0,0,0,0
935,6120,935.2473676773797,99781,517,260,159,56,47137,24400,0.716940098816408,323,144,30882,34376,10172,5969,7945,9193,45406,36167,0,0,7028,3265,12526,3146,10362,1680,1957,271,1194,7840,40027,1820,8665,0,0,0,0,0
936,6120,936.0511542936792,99781,521,256,159,56,47211,24427,0.7179523155711007,325,162,30891,34402,10195,5969,7907,9153,45406,36167,0,0,7020,3261,12516,3152,10382,1691,1955,279,1229,7834,39988,1815,8659,0,0,0,0,0
937,6120,937.2563730680453,99781,531,261,159,56,47311,24473,0.7194155199887754,331,173,30887,34423,10228,5972,7862,9113,45406,36167,0,0,7011,3258,12497,3158,10425,1696,1951,288,1284,7825,39933,1812,8643,0,0,0,0,0
938,6120,938.0596809585146,99781,552,277,159,56,47386,24514,0.7205780659644622,334,173,30892,34433,10235,5983,7826,9076,45406,36167,0,0,7005,3255,12485,3163,10446,1701,1950,294,1320,7818,39897,1810,8637,0,0,0,0,0
939,6120,939.263979036574,99780,556,274,160,56,47486,24556,0.7220084185207456,340,184,30899,34454,10263,6001,7780,9029,45406,36167,0,0,6990,3249,12470,3170,10478,1712,1948,308,1376,7810,39841,1806,8622,0,0,0,0,0
940,6120,940.0665041900581,99780,565,292,160,56,47560,24596,0.7231509320505112,337,178,30882,34478,10303,6001,7751,8993,45406,36167,0,0,6979,3243,12456,3179,10506,1716,1947,318,1405,7804,39812,1803,8612,0,0,0,0,0
941,6120,941.2707042313717,99780,574,288,160,56,47669,24644,0.7247243936660653,339,192,30886,34498,10345,6020,7694,8944,45406,36167,0,0,6966,3236,12435,3184,10542,1726,1946,331,1473,7798,39742,1798,8603,0,0,0,0,0
942,6120,942.0733705946719,99780,570,294,160,56,47739,24684,0.725826819001804,350,201,30885,34487,10373,6045,7660,8915,45406,36167,0,0,6955,3235,12422,3185,10565,1735,1943,342,1522,7795,39692,1796,8593,0,0,0,0,0
943,6120,943.2771202260121,99780,585,298,160,56,47851,24739,0.7275005011024254,350,215,30877,34482,10413,6067,7613,8880,45406,36167,0,0,6941,3226,12408,3191,10604,1744,1936,355,1582,7787,39632,1796,8578,0,0,0,0,0
944,6120,944.0797182877578,99780,589,304,160,56,47932,24784,0.7287632792142714,336,204,30878,34504,10455,6085,7580,8845,45406,36167,0,0,6928,3217,12395,3205,10626,1753,1932,368,1628,7783,39585,1794,8566,0,0,0,0,0
945,6120,945.2834840221758,99780,612,316,160,56,48052,24845,0.7305772699939868,343,205,30854,34517,10489,6097,7540,8807,45406,36167,0,0,6910,3208,12379,3218,10659,1764,1928,386,1682,7772,39531,1789,8554,0,0,0,0,0
946,6120,946.0862544715603,99779,606,311,161,56,48121,24870,0.7315266739494283,356,226,30842,34518,10525,6111,7508,8776,45406,36167,0,0,6901,3206,12366,3214,10692,1771,1928,395,1726,7762,39486,1787,8545,0,0,0,0,0
947,6120,947.2909344256934,99779,635,313,161,56,48246,24937,0.7334509265476703,370,226,30802,34529,10564,6149,7466,8725,45406,36167,0,0,6886,3202,12341,3219,10744,1778,1924,410,1790,7750,39421,1782,8532,0,0,0,0,0
948,6120,948.0945316653258,99779,636,325,161,56,48318,24993,0.7347337616131651,395,215,30784,34535,10593,6173,7429,8694,45406,36167,0,0,6880,3197,12323,3222,10774,1788,1924,416,1840,7743,39371,1779,8522,0,0,0,0,0
949,6120,949.3005753576114,99779,640,321,161,56,48437,25054,0.7365377484240171,395,230,30768,34539,10650,6212,7384,8640,45406,36167,0,0,6863,3192,12295,3228,10825,1798,1919,432,1916,7730,39293,1777,8511,0,0,0,0,0
950,6120,950.1049093357276,99779,652,325,161,56,48527,25094,0.7378406277874102,369,236,30765,34541,10691,6232,7360,8608,45406,36167,0,0,6854,3182,12287,3239,10849,1809,1918,440,1955,7722,39251,1774,8499,0,0,0,0,0
951,6120,951.3115210835105,99779,654,325,161,56,48641,25153,0.739574459555618,413,255,30739,34539,10724,6263,7307,8560,45406,36167,0,0,6838,3174,12264,3247,10890,1824,1916,455,2018,7711,39184,1768,8490,0,0,0,0,0
952,6120,952.1160671013939,99778,658,319,162,56,48725,25191,0.7408045861813225,400,253,30732,34547,10770,6285,7276,8538,45406,36167,0,0,6825,3170,12247,3255,10916,1834,1912,466,2071,7703,39131,1766,8482,0,0,0,0,0
953,6120,953.3234903245344,99778,679,355,162,56,48854,25286,0.743049570045501,420,224,30698,34554,10812,6311,7227,8498,45406,36167,0,0,6808,3158,12228,3269,10946,1846,1909,483,2145,7693,39057,1762,8474,0,0,0,0,0
954,6120,954.1288740029433,99778,694,365,162,56,48947,25338,0.7445027962075809,420,227,30683,34538,10844,6339,7195,8473,45406,36167,0,0,6788,3153,12216,3277,10961,1858,1907,503,2195,7687,39007,1758,8468,0,0,0,0,0
955,6120,955.3370856402887,99778,709,372,162,56,49075,25402,0.7464270680911623,420,235,30683,34544,10881,6369,7143,8422,45406,36167,0,0,6768,3146,12200,3293,10993,1871,1902,523,2263,7682,38938,1748,8451,0,0,0,0,0
956,6120,956.1424699955003,99778,695,381,162,56,49158,25460,0.7478402052556676,415,234,30670,34543,10943,6388,7113,8396,45406,36167,0,0,6754,3137,12187,3302,11020,1891,1898,537,2312,7673,38888,1746,8433,0,0,0,0,0
957,6120,957.3510445061577,99778,707,404,162,56,49295,25552,0.7501353003668143,429,233,30680,34541,10967,6420,7053,8344,45406,36167,0,0,6738,3133,12173,3305,11058,1908,1894,552,2400,7664,38797,1740,8416,0,0,0,0,0
958,6120,958.1564738291347,99778,711,414,162,56,49389,25599,0.7515484375313195,437,234,30637,34543,11023,6430,7028,8321,45406,36167,0,0,6730,3125,12159,3313,11101,1916,1890,560,2443,7651,38751,1739,8400,0,0,0,0,0
959,6120,959.3654003087898,99778,734,406,162,56,49533,25667,0.7536731544027742,422,251,30643,34532,11069,6480,6968,8273,45406,36167,0,0,6717,3115,12133,3333,11141,1931,1882,573,2529,7641,38664,1731,8388,0,0,0,0,0
960,6120,960.1713865674678,99778,736,424,162,56,49623,25733,0.7552366253081841,433,240,30612,34537,11117,6500,6938,8241,45406,36167,0,0,6702,3108,12112,3341,11165,1947,1881,588,2584,7636,38608,1730,8376,0,0,0,0,0
961,6120,961.3812257197042,99777,745,420,163,56,49784,25798,0.7575092456177275,428,270,30583,34530,11195,6529,6884,8193,45406,36167,0,0,6685,3102,12079,3354,11206,1965,1873,604,2688,7630,38503,1725,8363,0,0,0,0,0
962,6120,962.1883599255852,99777,743,435,163,56,49872,25856,0.7589725086943885,440,274,30561,34539,11244,6543,6847,8151,45406,36167,0,0,6670,3098,12059,3361,11239,1978,1872,619,2733,7624,38457,1717,8350,0,0,0,0,0
963,6120,963.399842952523,99777,757,459,163,56,50006,25948,0.7612375597582609,466,266,30498,34525,11303,6580,6811,8112,45406,36167,0,0,6654,3090,12028,3369,11293,1990,1870,635,2803,7612,38382,1710,8341,0,0,0,0,0
964,6120,964.2084652932663,99777,800,459,163,56,50125,25995,0.7629012698317248,435,277,30486,34522,11332,6603,6782,8081,45406,36167,0,0,6643,3084,12016,3377,11321,1999,1870,645,2855,7600,38329,1705,8333,0,0,0,0,0
965,6120,965.0174180706425,99777,801,455,163,56,50219,26043,0.7643244435090252,440,291,30463,34533,11382,6631,6749,8032,45406,36167,0,0,6636,3077,11993,3389,11359,2012,1868,652,2910,7585,38271,1701,8324,0,0,0,0,0
966,6120,966.231483648784,99777,813,456,163,56,50359,26127,0.7665694498732173,467,296,30438,34534,11430,6666,6687,7990,45406,36167,0,0,6614,3068,11971,3401,11407,2030,1861,672,2992,7571,38187,1698,8305,0,0,0,0,0
967,6120,967.0412881288778,99776,808,463,163,57,50447,26187,0.7680604554201411,497,297,30406,34541,11468,6690,6656,7950,45406,36167,0,0,6605,3060,11955,3413,11445,2038,1855,681,3051,7562,38125,1694,8292,0,0,0,0,0
968,6120,968.2566967250941,99774,804,463,164,58,50591,26281,0.7704612424078418,503,307,30402,34513,11527,6751,6598,7906,45406,36167,0,0,6578,3047,11924,3423,11503,2055,1853,707,3150,7544,38023,1690,8277,0,0,0,0,0
969,6120,969.0672439875306,99774,803,465,164,58,50692,26338,0.7720448212961293,528,302,30367,34515,11580,6783,6556,7875,45406,36167,0,0,6564,3038,11903,3434,11531,2069,1852,721,3216,7539,37952,1686,8269,0,0,0,0,0
970,6120,970.2838405269899,99772,813,451,166,58,50853,26405,0.7743455077576875,546,327,30314,34502,11662,6832,6497,7828,45406,36167,0,0,6536,3030,11870,3452,11586,2092,1846,744,3290,7524,37875,1680,8247,0,0,0,0,0
971,6120,971.0957309089338,99772,822,476,166,58,50967,26471,0.7761496211361905,539,328,30297,34503,11716,6848,6458,7785,45406,36167,0,0,6521,3024,11857,3461,11621,2101,1843,758,3350,7514,37812,1677,8233,0,0,0,0,0
972,6120,972.3145002650879,99772,854,499,166,58,51130,26571,0.7787856312392254,548,322,30247,34491,11777,6886,6406,7742,45406,36167,0,0,6492,3019,11827,3466,11674,2114,1840,787,3433,7503,37726,1672,8219,0,0,0,0,0
973,6120,973.1276511293078,99771,883,503,166,59,51264,26630,0.7807278668150064,527,331,30226,34475,11828,6922,6368,7708,45406,36167,0,0,6475,3014,11804,3477,11720,2123,1835,803,3485,7499,37668,1665,8203,0,0,0,0,0
974,6120,974.3484672782597,99770,866,526,167,59,51421,26743,0.7834419164077377,561,322,30164,34437,11919,6985,6321,7669,45406,36167,0,0,6460,3004,11769,3493,11789,2144,1830,817,3585,7480,37562,1653,8184,0,0,0,0,0
975,6120,975.1635768774614,99769,880,531,168,59,51516,26810,0.7850735198308092,568,318,30151,34427,11938,7026,6293,7637,45406,36167,0,0,6445,3001,11755,3494,11824,2155,1827,832,3644,7473,37501,1651,8167,0,0,0,0,0
976,6120,976.3867490887164,99769,896,529,168,59,51690,26909,0.7878098407320911,579,311,30102,34424,12014,7096,6239,7579,45406,36167,0,0,6424,2989,11725,3512,11880,2174,1825,852,3752,7465,37388,1638,8145,0,0,0,0,0
977,6120,977.2030185796374,99768,894,524,169,59,51798,26969,0.7895016438136476,587,329,30065,34406,12071,7138,6212,7542,45406,36167,0,0,6415,2982,11704,3519,11938,2185,1823,860,3817,7449,37319,1631,8126,0,0,0,0,0
978,6120,978.020315763137,99767,912,531,170,59,51923,27044,0.7915142281515932,574,311,30041,34402,12120,7189,6181,7506,45406,36167,0,0,6396,2975,11687,3526,11979,2199,1822,878,3886,7434,37247,1628,8110,0,0,0,0,0
979,6120,979.247364759674,99766,928,540,171,59,52109,27130,0.7942485415873143,581,328,29993,34385,12202,7228,6123,7458,45406,36167,0,0,6382,2962,11657,3537,12051,2220,1819,889,3971,7415,37155,1621,8087,0,0,0,0,0
980,6120,980.0661230816801,99765,942,539,172,59,52227,27198,0.7961208840775823,580,338,29978,34361,12235,7275,6091,7426,45406,36167,0,0,6367,2954,11634,3550,12088,2234,1816,901,4045,7405,37080,1618,8073,0,0,0,0,0
981,6120,981.2952757771327,99764,954,563,172,60,52394,27305,0.7988753458161261,591,340,29919,34324,12315,7324,6047,7387,45406,36167,0,0,6348,2947,11599,3567,12163,2252,1813,915,4120,7389,37000,1608,8043,0,0,0,0,0
982,6120,982.1157129195818,99764,948,562,172,60,52507,27381,0.8007698167675714,596,336,29884,34307,12389,7376,6009,7357,45406,36167,0,0,6330,2939,11579,3578,12206,2268,1810,933,4198,7378,36914,1603,8028,0,0,0,0,0
983,6120,983.3478171200255,99764,956,562,172,60,52709,27471,0.8036967242692755,573,346,29841,34307,12486,7420,5970,7303,45406,36167,0,0,6305,2927,11556,3588,12264,2300,1805,958,4302,7357,36807,1592,8003,0,0,0,0,0
984,6120,984.1703513282474,99764,962,594,172,60,52824,27556,0.8057014554348262,597,332,29799,34290,12535,7453,5933,7269,45406,36167,0,0,6291,2918,11537,3600,12302,2312,1802,971,4362,7351,36743,1585,7990,0,0,0,0,0
985,6120,985.4057708961377,99764,971,606,172,60,53004,27680,0.8087486468064633,598,302,29765,34294,12605,7516,5887,7220,45406,36167,0,0,6265,2909,11497,3618,12366,2338,1794,996,4466,7337,36630,1577,7971,0,0,0,0,0
986,6120,986.2300022416276,99763,990,589,173,60,53134,27752,0.810781552278901,599,295,29718,34278,12666,7582,5852,7194,45406,36167,0,0,6246,2899,11475,3633,12418,2351,1791,1013,4540,7330,36549,1571,7947,0,0,0,0,0
987,6120,987.0555745843282,99763,1016,594,173,60,53270,27814,0.8127662560267834,591,316,29686,34267,12713,7602,5819,7159,45406,36167,0,0,6225,2894,11460,3648,12459,2365,1787,1031,4590,7316,36494,1562,7932,0,0,0,0,0
988,6120,988.2950467528017,99763,1048,607,173,60,53476,27929,0.8159838817998657,594,324,29609,34238,12792,7649,5782,7120,45406,36167,0,0,6204,2882,11425,3654,12538,2386,1782,1049,4695,7294,36382,1561,7911,0,0,0,0,0
989,6120,989.12288536622,99761,1034,610,173,62,53595,27996,0.8178646966249336,622,352,29560,34202,12855,7682,5754,7090,45406,36167,0,0,6183,2876,11403,3662,12589,2399,1779,1065,4770,7288,36302,1556,7889,0,0,0,0,0
990,6120,990.3666389111025,99759,1055,618,174,63,53796,28110,0.8210387032748925,634,362,29514,34165,12934,7746,5687,7044,45406,36167,0,0,6165,2855,11369,3692,12671,2421,1773,1079,4859,7267,36205,1548,7855,0,0,0,0,0
991,6120,991.1965594883478,99757,1033,608,175,64,53925,28185,0.8231001333239772,640,361,29476,34146,13019,7799,5655,7020,45406,36167,0,0,6149,2847,11335,3695,12754,2439,1772,1095,4932,7249,36121,1542,7827,0,0,0,0,0
992,6120,992.0275117311967,99757,1033,614,175,64,54059,28266,0.8252553705504375,651,362,29427,34120,13087,7847,5625,6991,45406,36167,0,0,6133,2838,11312,3705,12807,2456,1768,1110,5010,7240,36036,1538,7804,0,0,0,0,0
993,6120,993.2764674112375,99756,1058,609,176,64,54250,28384,0.8283612013312482,656,377,29359,34079,13170,7930,5579,6939,45406,36167,0,0,6108,2827,11273,3728,12896,2468,1759,1130,5115,7222,35924,1530,7776,0,0,0,0,0
994,6120,994.1103691199315,99756,1064,615,176,64,54392,28469,0.8306367536789767,638,360,29321,34068,13251,7985,5548,6906,45406,36167,0,0,6089,2818,11243,3738,12941,2495,1754,1149,5183,7215,35846,1527,7758,0,0,0,0,0
995,6120,995.3633072289574,99756,1093,618,176,64,54607,28590,0.8340049721320021,639,368,29245,34032,13332,8051,5513,6865,45406,36167,0,0,6057,2807,11209,3757,13017,2519,1746,1179,5292,7196,35728,1522,7727,0,0,0,0,0
996,6120,996.2002641245147,99755,1105,629,177,64,54753,28674,0.8363189815046865,615,369,29201,34015,13411,8090,5489,6831,45406,36167,0,0,6047,2791,11192,3773,13055,2543,1744,1186,5370,7178,35644,1518,7714,0,0,0,0,0
997,6120,997.0384652252014,99755,1115,626,177,64,54879,28751,0.8383539672196882,644,384,29160,33979,13452,8139,5450,6806,45406,36167,0,0,6025,2787,11175,3779,13085,2568,1739,1207,5442,7168,35565,1514,7701,0,0,0,0,0
998,6120,998.2976212482498,99754,1107,636,177,65,55074,28877,0.8415802875072679,694,393,29067,33939,13550,8202,5403,6763,45406,36167,0,0,5992,2777,11144,3794,13159,2596,1733,1236,5558,7152,35438,1507,7668,0,0,0,0,0
999,6120,999.1387604893426,99753,1135,650,178,65,55239,28951,0.8439846420659027,686,405,29015,33914,13611,8232,5373,6732,45406,36167,0,0,5966,2767,11123,3805,13206,2613,1730,1260,5624,7137,35368,1504,7650,0,0,0,0,0
1000,6120,1000.402754415439,99752,1155,652,179,65,55475,29072,0.8475719785066966,648,419,28960,33885,13725,8303,5331,6674,45406,36167,0,0,5935,2758,11081,3809,13301,2645,1726,1288,5728,7122,35249,1498,7612,0,0,0,0,0
1001,6120,1001.2468331792869,99752,1161,671,179,65,55616,29169,0.849957895581041,680,429,28887,33854,13788,8343,5303,6636,45406,36167,0,0,5918,2751,11053,3816,13350,2670,1725,1302,5798,7112,35171,1494,7592,0,0,0,0,0
1002,6120,1002.092401966258,99751,1159,675,179,66,55755,29258,0.8522521077482933,703,438,28825,33813,13852,8389,5280,6617,45406,36167,0,0,5905,2735,11031,3838,13400,2693,1717,1313,5871,7095,35085,1489,7579,0,0,0,0,0
1003,6120,1003.3634998935594,99750,1130,691,180,66,55964,29388,0.8556591478696742,715,455,28785,33775,13965,8442,5223,6569,45406,36167,0,0,5874,2721,11001,3849,13481,2732,1711,1342,5979,7075,34962,1479,7544,0,0,0,0,0
1004,6120,1004.212037001323,99749,1160,703,181,66,56136,29481,0.8583243942295161,712,467,28729,33734,14028,8489,5188,6539,45406,36167,0,0,5853,2708,10976,3863,13532,2754,1705,1363,6054,7064,34880,1476,7521,0,0,0,0,0
1005,6120,1005.0617921013406,99749,1148,712,181,66,56280,29569,0.8606502320825271,700,462,28710,33717,14109,8534,5150,6507,45406,36167,0,0,5833,2696,10954,3881,13595,2769,1697,1379,6137,7049,34787,1471,7501,0,0,0,0,0
1006,6120,1006.3381581695079,99749,1157,700,181,66,56517,29701,0.8643495172883938,684,476,28645,33681,14220,8611,5111,6464,45406,36167,0,0,5807,2678,10931,3895,13662,2815,1690,1401,6274,7031,34639,1464,7462,0,0,0,0,0
1007,6120,1007.1907006603368,99749,1141,715,181,66,56654,29797,0.8666853803045644,677,480,28613,33645,14301,8657,5085,6435,45406,36167,0,0,5786,2668,10904,3904,13719,2839,1686,1419,6352,7015,34554,1460,7443,0,0,0,0,0
1008,6120,1008.0444004026168,99749,1156,738,181,66,56806,29918,0.8694222498471162,686,460,28558,33612,14361,8717,5056,6405,45406,36167,0,0,5773,2661,10870,3918,13786,2864,1679,1430,6420,7000,34473,1453,7422,0,0,0,0,0
1009,6120,1009.3274727285659,99748,1162,764,181,67,57035,30067,0.8732205156995629,704,437,28487,33571,14461,8794,5003,6365,45406,36167,0,0,5742,2642,10837,3936,13869,2893,1674,1459,6540,6977,34335,1446,7398,0,0,0,0,0
1010,6120,1010.1842964024368,99746,1161,781,182,68,57165,30169,0.8755639323882662,753,429,28422,33558,14519,8833,4961,6329,45406,36167,0,0,5723,2633,10815,3946,13923,2916,1668,1472,6599,6962,34264,1443,7382,0,0,0,0,0
1011,6120,1011.0425483351128,99746,1195,774,182,68,57340,30251,0.8781404768111002,745,444,28382,33538,14578,8875,4916,6299,45406,36167,0,0,5706,2623,10791,3956,13971,2941,1664,1486,6682,6947,34176,1437,7366,0,0,0,0,0
1012,6120,1012.3316803328328,99743,1207,793,184,69,57581,30398,0.8820568861975276,749,441,28308,33498,14684,8940,4866,6257,45406,36167,0,0,5674,2613,10752,3973,14059,2974,1658,1511,6795,6923,34040,1430,7341,0,0,0,0,0
1013,6120,1013.1927725233362,99743,1236,817,184,69,57750,30499,0.8847638430767072,750,431,28242,33464,14750,8983,4836,6234,45406,36167,0,0,5654,2604,10726,3979,14122,2989,1652,1529,6868,6908,33958,1427,7327,0,0,0,0,0
1014,6120,1014.0553932596221,99741,1214,820,185,70,57891,30598,0.8871878164445914,801,435,28182,33417,14813,9047,4803,6209,45406,36167,0,0,5630,2595,10694,3993,14185,3014,1650,1550,6949,6895,33863,1419,7304,0,0,0,0,0
1015,6120,1015.3523586857536,99741,1259,805,185,70,58146,30730,0.8910678657723504,805,453,28090,33383,14902,9131,4757,6156,45406,36167,0,0,5595,2587,10661,4003,14257,3057,1642,1579,7066,6873,33733,1414,7274,0,0,0,0,0
1016,6120,1016.2189373089489,99741,1293,798,185,70,58330,30820,0.8938149808002727,791,459,28024,33359,14979,9190,4726,6122,45406,36167,0,0,5575,2578,10629,4011,14327,3076,1639,1598,7153,6857,33633,1411,7254,0,0,0,0,0
1017,6120,1017.0872384731737,99740,1328,812,186,70,58512,30934,0.8967916583116102,784,437,27961,33352,15051,9245,4688,6082,45406,36167,0,0,5554,2563,10609,4033,14385,3095,1636,1614,7234,6842,33538,1402,7235,0,0,0,0,0
1018,6120,1018.3929280791227,99740,1340,825,186,70,58778,31093,0.9010527371165029,768,455,27853,33268,15208,9335,4643,6045,45406,36167,0,0,5526,2553,10556,4029,14493,3138,1630,1639,7357,6825,33400,1391,7203,0,0,0,0,0
1019,6120,1019.2660530548627,99739,1312,805,186,71,58944,31179,0.9035883656343056,775,478,27802,33234,15319,9397,4604,6013,45406,36167,0,0,5503,2535,10516,4049,14575,3166,1627,1660,7446,6806,33300,1381,7175,0,0,0,0,0
1020,6120,1020.1410666037445,99739,1342,813,186,71,59117,31288,0.9064157450946971,775,477,27747,33207,15383,9443,4565,5987,45406,36167,0,0,5482,2529,10486,4053,14638,3187,1622,1680,7532,6793,33202,1377,7158,0,0,0,0,0
1021,6120,1021.0176405619436,99738,1351,813,187,71,59292,31402,0.9093224247528525,776,460,27689,33184,15464,9516,4531,5954,45406,36167,0,0,5464,2521,10460,4061,14711,3217,1618,1695,7617,6771,33100,1371,7132,0,0,0,0,0
1022,6120,1022.3356391596631,99738,1357,827,187,71,59544,31550,0.9133329322825804,806,475,27583,33127,15579,9592,4486,5906,45406,36167,0,0,5444,2508,10427,4078,14793,3268,1611,1711,7736,6745,32963,1358,7096,0,0,0,0,0
1023,6120,1023.2168047304264,99738,1339,828,187,71,59706,31651,0.9159698409833764,830,487,27543,33095,15655,9649,4444,5868,45406,36167,0,0,5421,2495,10397,4100,14867,3293,1604,1725,7815,6724,32870,1352,7075,0,0,0,0,0
1024,6120,1024.0993387300246,99737,1374,817,188,71,59901,31766,0.9190871993342491,806,464,27485,33075,15732,9738,4413,5833,45406,36167,0,0,5401,2488,10364,4106,14931,3322,1599,1742,7921,6709,32750,1348,7056,0,0,0,0,0
1025,6120,1025.4260719247452,99736,1384,812,189,71,60156,31914,0.923137081896206,824,463,27392,33051,15837,9821,4372,5780,45406,36167,0,0,5372,2473,10317,4125,15028,3359,1593,1763,8056,6689,32594,1341,7026,0,0,0,0,0
1026,6120,1026.3130356674526,99735,1379,819,189,72,60340,32014,0.9259938837920489,839,475,27327,33018,15926,9872,4338,5742,45406,36167,0,0,5350,2459,10295,4131,15089,3390,1591,1784,8150,6670,32485,1334,7007,0,0,0,0,0
1027,6120,1027.201820628776,99735,1419,827,189,72,60546,32124,0.9291622800421115,789,472,27282,32985,16010,9931,4309,5711,45406,36167,0,0,5330,2451,10265,4143,15146,3424,1584,1802,8230,6656,32391,1325,6988,0,0,0,0,0
1028,6120,1028.0922170214606,99735,1405,862,189,72,60718,32250,0.9321501980247656,781,462,27229,32956,16112,9968,4282,5678,45406,36167,0,0,5309,2443,10233,4155,15213,3463,1574,1821,8295,6633,32311,1318,6967,0,0,0,0,0
1029,6120,1029.4307705694243,99735,1424,862,189,72,60988,32401,0.9363713841680453,766,484,27162,32906,16217,10042,4240,5632,45406,36167,0,0,5281,2427,10182,4182,15320,3502,1563,1844,8412,6617,32171,1304,6930,0,0,0,0,0
1030,6120,1030.3252327445316,99733,1415,845,189,74,61163,32500,0.9391374971173032,802,484,27080,32887,16298,10111,4214,5597,45406,36167,0,0,5254,2416,10154,4197,15388,3539,1556,1866,8488,6599,32077,1296,6903,0,0,0,0,0
1031,6120,1031.2218174904037,99733,1413,851,189,74,61323,32597,0.941714377387625,839,509,27020,32848,16345,10149,4192,5567,45406,36167,0,0,5233,2407,10130,4202,15449,3568,1555,1883,8559,6583,31989,1292,6883,0,0,0,0,0
1032,6120,1032.1200471506806,99733,1422,854,189,74,61517,32710,0.9447925962319392,828,498,26990,32801,16414,10222,4155,5549,45406,36167,0,0,5221,2400,10102,4203,15507,3615,1550,1894,8652,6565,31880,1284,6860,0,0,0,0,0
1033,6120,1033.0192913271026,99732,1402,870,190,74,61698,32828,0.9478001042794689,830,495,26932,32744,16521,10290,4123,5525,45406,36167,0,0,5206,2386,10057,4211,15594,3654,1548,1906,8722,6553,31787,1279,6829,0,0,0,0,0
1034,6120,1034.3721165956233,99731,1420,850,191,74,61973,32983,0.9521212060442591,827,512,26829,32701,16649,10390,4082,5471,45406,36167,0,0,5164,2368,10013,4224,15707,3693,1543,1942,8857,6527,31628,1273,6792,0,0,0,0,0
1035,6120,1035.2767899879236,99731,1455,848,191,74,62180,33093,0.9552997563445669,829,514,26742,32656,16735,10460,4046,5446,45406,36167,0,0,5143,2354,9976,4241,15787,3712,1540,1960,8957,6507,31513,1268,6773,0,0,0,0,0
1036,6120,1036.184016938997,99729,1431,892,193,74,62362,33229,0.9585075554753382,834,496,26688,32604,16840,10515,4012,5417,45406,36167,0,0,5113,2341,9951,4249,15850,3747,1536,1985,9042,6491,31411,1262,6751,0,0,0,0,0
1037,6120,1037.093052849723,99729,1440,886,193,74,62568,33339,0.961676142345757,822,499,26613,32569,16949,10588,3981,5382,45406,36167,0,0,5088,2331,9927,4257,15916,3789,1530,2007,9133,6470,31303,1256,6722,0,0,0,0,0
1038,6120,1038.0044141585922,99728,1433,906,193,75,62762,33466,0.9649045403497514,818,478,26556,32546,17049,10638,3949,5355,45406,36167,0,0,5059,2324,9892,4269,15991,3829,1529,2028,9204,6454,31207,1249,6693,0,0,0,0,0
1039,6120,1039.3757264690744,99727,1461,897,194,75,63055,33636,0.9695568903105478,833,487,26454,32479,17161,10742,3895,5318,45406,36167,0,0,5027,2314,9839,4287,16106,3882,1517,2054,9310,6432,31066,1239,6654,0,0,0,0,0
1040,6120,1040.2926948888405,99727,1459,883,194,75,63246,33743,0.9725450479809881,820,491,26417,32447,17245,10812,3863,5290,45406,36167,0,0,5009,2307,9798,4295,16186,3918,1511,2065,9409,6418,30954,1233,6624,0,0,0,0,0
1041,6120,1041.2111844890696,99727,1436,882,194,75,63414,33850,0.9753025760325689,828,493,26367,32419,17342,10871,3831,5258,45406,36167,0,0,4984,2301,9770,4299,16259,3956,1505,2085,9476,6397,30861,1227,6607,0,0,0,0,0
1042,6120,1042.1315290706364,99727,1437,876,194,75,63609,33963,0.9783910074503395,828,504,26311,32387,17419,10933,3809,5223,45406,36167,0,0,4965,2292,9741,4306,16341,3993,1500,2097,9560,6376,30752,1221,6583,0,0,0,0,0
1043,6120,1043.0536106436073,99726,1419,892,195,75,63785,34087,0.981409060826665,842,502,26266,32355,17499,10985,3777,5189,45406,36167,0,0,4928,2280,9709,4322,16419,4021,1496,2126,9645,6352,30657,1215,6556,0,0,0,0,0
1044,6120,1044.4398454874113,99724,1449,876,196,76,64049,34251,0.9857205888251575,868,513,26202,32291,17560,11097,3723,5145,45406,36167,0,0,4909,2267,9665,4337,16518,4064,1489,2139,9795,6335,30484,1211,6511,0,0,0,0,0
1045,6120,1045.3651027240776,99722,1483,871,198,76,64293,34360,0.9892801989530896,834,491,26135,32270,17647,11176,3701,5114,45406,36167,0,0,4882,2256,9639,4350,16594,4106,1481,2163,9867,6312,30379,1203,6490,0,0,0,0,0
1046,6120,1046.2927400906058,99721,1497,884,198,77,64483,34476,0.9923586807192066,832,475,26098,32256,17698,11221,3675,5085,45406,36167,0,0,4867,2246,9612,4374,16649,4137,1473,2174,9951,6294,30277,1191,6476,0,0,0,0,0
1047,6120,1047.221979984909,99721,1494,871,198,77,64683,34596,0.9955676336980175,800,482,26047,32201,17802,11304,3657,5063,45406,36167,0,0,4843,2232,9582,4375,16715,4182,1471,2192,10057,6274,30156,1186,6456,0,0,0,0,0
1048,6120,1048.1532194950491,99720,1445,876,198,78,64858,34705,0.9984255916566386,827,478,25994,32179,17902,11349,3632,5038,45406,36167,0,0,4821,2220,9545,4386,16799,4220,1462,2207,10143,6257,30053,1178,6429,0,0,0,0,0
1049,6120,1049.0864667445012,99719,1454,865,199,78,65053,34815,1.0014941986983423,821,505,25947,32127,17978,11421,3599,5002,45406,36167,0,0,4800,2208,9511,4402,16865,4254,1455,2222,10234,6245,29939,1173,6411,0,0,0,0,0
1050,6120,1050.0215077142477,99718,1444,871,200,78,65243,34925,1.0045127258870012,817,508,25881,32088,18086,11472,3570,4981,45406,36167,0,0,4779,2193,9484,4417,16937,4288,1450,2238,10314,6230,29836,1164,6388,0,0,0,0,0
1051,6120,1051.4284531541844,99716,1439,854,201,79,65518,35095,1.0089955473544867,818,498,25811,32049,18196,11573,3533,4945,45406,36167,0,0,4751,2181,9436,4435,17039,4346,1436,2259,10451,6208,29664,1155,6355,0,0,0,0,0
1052,6120,1052.368511711394,99716,1463,856,201,79,65711,35232,1.0123049460467728,799,485,25760,32012,18263,11649,3512,4917,45406,36167,0,0,4733,2169,9396,4451,17107,4385,1434,2269,10535,6190,29560,1147,6340,0,0,0,0,0
1053,6120,1053.3104663285371,99714,1454,837,202,80,65886,35335,1.0151132238201255,800,473,25714,31996,18341,11727,3487,4885,45406,36167,0,0,4715,2160,9366,4465,17168,4426,1428,2285,10621,6173,29450,1133,6324,0,0,0,0,0
1054,6120,1054.2543373193857,99713,1446,838,202,81,66062,35448,1.0180217223431247,809,480,25649,31961,18425,11778,3467,4860,45406,36167,0,0,4699,2149,9326,4475,17229,4469,1423,2297,10712,6160,29343,1130,6301,0,0,0,0,0
1055,6120,1055.200538843796,99711,1450,845,203,82,66253,35571,1.021191242691378,806,484,25594,31913,18503,11843,3442,4831,45406,36167,0,0,4675,2139,9294,4492,17295,4511,1417,2310,10785,6141,29252,1125,6275,0,0,0,0,0
1056,6120,1056.1488876695892,99711,1461,814,203,82,66444,35670,1.0240996479826698,787,501,25554,31875,18579,11926,3414,4800,45406,36167,0,0,4659,2124,9251,4504,17346,4564,1414,2321,10874,6126,29147,1123,6258,0,0,0,0,0
1057,6120,1057.0988587188992,99710,1456,828,204,82,66627,35790,1.0271487313208305,790,496,25503,31852,18665,11964,3380,4776,45406,36167,0,0,4638,2118,9224,4512,17422,4599,1405,2338,10941,6110,29045,1123,6235,0,0,0,0,0
1058,6120,1058.0505421642051,99709,1454,831,205,82,66830,35897,1.0302680801131292,770,517,25466,31805,18744,12007,3359,4756,45406,36167,0,0,4614,2107,9191,4518,17496,4639,1403,2358,11019,6095,28944,1121,6204,0,0,0,0,0
1059,6120,1059.0038210737875,99709,1408,850,205,82,67014,36018,1.0333269815162123,788,517,25405,31759,18857,12056,3335,4734,45406,36167,0,0,4597,2096,9151,4527,17577,4686,1398,2370,11101,6074,28837,1115,6180,0,0,0,0,0
1060,6120,1060.437657568364,99707,1411,866,207,82,67315,36193,1.038121696570953,776,516,25354,31724,18952,12119,3298,4691,45406,36167,0,0,4566,2083,9106,4538,17669,4758,1392,2393,11208,6048,28692,1106,6148,0,0,0,0,0
1061,6120,1061.3954274619416,99707,1422,883,207,82,67507,36323,1.041351158895564,767,510,25316,31681,19023,12179,3263,4663,45406,36167,0,0,4543,2075,9079,4538,17741,4792,1389,2409,11294,6035,28584,1102,6126,0,0,0,0,0
1062,6120,1062.3545278519011,99706,1416,910,207,83,67691,36457,1.0445509798808497,768,484,25272,31664,19102,12224,3233,4633,45406,36167,0,0,4529,2067,9054,4554,17802,4830,1381,2412,11382,6021,28475,1097,6102,0,0,0,0,0
1063,6120,1063.315045793937,99705,1434,902,207,84,67898,36566,1.0477308058773382,753,499,25216,31625,19172,12281,3216,4607,45406,36167,0,0,4516,2057,9023,4559,17871,4874,1371,2420,11461,6004,28374,1094,6081,0,0,0,0,0
1064,6120,1064.2779462053245,99704,1421,911,208,84,68083,36693,1.0508705769076467,768,492,25158,31582,19251,12342,3192,4587,45406,36167,0,0,4493,2052,8988,4563,17934,4925,1367,2433,11537,5990,28275,1087,6060,0,0,0,0,0
1065,6120,1065.242743247174,99703,1402,910,208,85,68270,36811,1.0539402024011313,768,506,25106,31547,19342,12389,3172,4561,45406,36167,0,0,4473,2039,8955,4571,18024,4958,1362,2450,11619,5974,28165,1076,6037,0,0,0,0,0
1066,6120,1066.2096383503647,99703,1397,913,208,85,68458,36942,1.057139704923623,778,495,25046,31518,19419,12462,3150,4525,45406,36167,0,0,4456,2034,8926,4562,18120,4996,1355,2465,11698,5950,28064,1067,6010,0,0,0,0,0
1067,6120,1067.1788766995874,99702,1395,915,208,86,68643,37057,1.0601592746384225,769,502,25000,31487,19493,12505,3133,4503,45406,36167,0,0,4442,2028,8893,4567,18183,5045,1353,2475,11775,5933,27965,1059,5984,0,0,0,0,0
1068,6120,1068.15009155411,99702,1407,915,208,86,68825,37192,1.0633387494734308,772,489,24949,31470,19547,12571,3115,4467,45406,36167,0,0,4421,2021,8857,4579,18273,5074,1347,2489,11853,5913,27861,1053,5961,0,0,0,0,0
1069,6120,1069.1232119324602,99701,1427,906,208,87,69029,37317,1.0666492813512403,770,481,24903,31440,19604,12648,3086,4436,45406,36167,0,0,4394,2011,8817,4584,18348,5114,1342,2509,11943,5901,27749,1053,5936,0,0,0,0,0
1070,6120,1070.09824661951,99701,1429,916,208,87,69216,37441,1.0697686081383335,787,478,24840,31419,19669,12684,3065,4414,45406,36167,0,0,4381,2001,8785,4593,18420,5153,1338,2519,12021,5883,27644,1047,5916,0,0,0,0,0
1071,6120,1071.0751933968827,99701,1413,917,208,87,69408,37554,1.0728277549874123,798,493,24778,31395,19757,12722,3044,4384,45406,36167,0,0,4361,1991,8761,4610,18489,5202,1333,2532,12084,5860,27547,1037,5894,0,0,0,0,0
1072,6120,1072.0543755917643,99700,1417,888,209,87,69592,37655,1.0756970912738215,789,509,24748,31348,19814,12802,3021,4364,45406,36167,0,0,4340,1978,8734,4627,18549,5247,1330,2543,12161,5850,27445,1032,5864,0,0,0,0,0
1073,6120,1073.035257368483,99699,1382,888,210,87,69787,37777,1.078887451228197,801,499,24720,31341,19882,12851,3003,4332,45406,36167,0,0,4318,1970,8711,4633,18614,5299,1324,2557,12260,5828,27322,1022,5841,0,0,0,0,0
1074,6120,1074.0175731273619,99699,1390,892,210,87,69981,37902,1.0820870821171726,803,484,24672,31304,19948,12921,2975,4310,45406,36167,0,0,4298,1961,8683,4649,18667,5349,1317,2570,12332,5815,27220,1015,5823,0,0,0,0,0
1075,6120,1075.0015598369794,99698,1391,900,211,87,70189,38026,1.0854279925374632,786,466,24627,31284,20027,12976,2956,4285,45406,36167,0,0,4277,1955,8651,4661,18761,5389,1314,2581,12389,5802,27120,1010,5788,0,0,0,0,0
1076,6120,1076.4814642553988,99697,1371,872,212,87,70451,38193,1.089741918011575,810,459,24551,31258,20135,13077,2919,4245,45406,36167,0,0,4244,1939,8606,4670,18874,5455,1311,2608,12502,5761,26964,1002,5761,0,0,0,0,0
1077,6120,1077.4705664895396,99696,1380,842,212,88,70662,38283,1.0927720269619643,785,467,24512,31235,20207,13146,2902,4220,45406,36167,0,0,4223,1934,8574,4669,18960,5499,1308,2624,12575,5734,26861,999,5736,0,0,0,0,0
1078,6120,1078.4617866394453,99696,1399,844,212,88,70873,38414,1.0962024554646124,790,453,24463,31212,20256,13209,2878,4192,45406,36167,0,0,4206,1928,8549,4656,19056,5540,1305,2638,12649,5716,26757,993,5703,0,0,0,0,0
1079,6120,1079.4549181922291,99696,1385,824,212,88,71061,38531,1.0992617557374418,793,465,24422,31170,20325,13282,2861,4169,45406,36167,0,0,4192,1920,8517,4669,19149,5583,1299,2641,12714,5701,26653,986,5672,0,0,0,0,0
1080,6120,1080.4497611558804,99695,1363,830,213,88,71253,38651,1.1024023270976477,770,439,24417,31181,20400,13323,2835,4137,45406,36167,0,0,4167,1910,8471,4677,19232,5626,1298,2657,12792,5688,26551,983,5643,0,0,0,0,0
1081,6120,1081.445609218994,99694,1386,810,213,89,71452,38768,1.1055830842377676,739,433,24395,31155,20452,13397,2813,4114,45406,36167,0,0,4156,1896,8445,4681,19304,5672,1292,2660,12863,5666,26450,981,5628,0,0,0,0,0
1082,6120,1082.442434123835,99692,1389,823,215,89,71657,38873,1.1087148417124744,700,429,24378,31143,20521,13420,2795,4094,45406,36167,0,0,4142,1887,8417,4695,19362,5720,1286,2660,12919,5654,26364,980,5606,0,0,0,0,0
1083,6120,1083.4405520090238,99691,1340,806,216,89,71832,38979,1.1115446730396927,702,454,24346,31118,20619,13463,2775,4068,45406,36167,0,0,4118,1878,8389,4706,19443,5765,1278,2674,12989,5632,26258,973,5588,0,0,0,0,0
1084,6120,1084.4400488142658,99690,1305,821,216,90,71999,39086,1.1143043434647406,714,450,24321,31104,20686,13488,2756,4045,45406,36167,0,0,4094,1867,8364,4710,19506,5809,1274,2689,13048,5617,26177,967,5568,0,0,0,0,0
1085,6120,1085.4409888023977,99690,1319,819,216,90,72172,39196,1.1171431437456114,710,458,24305,31086,20713,13530,2735,4015,45406,36167,0,0,4079,1861,8334,4720,19563,5852,1269,2696,13108,5601,26092,964,5551,0,0,0,0,0
1086,6120,1086.442511149877,99690,1289,811,216,90,72331,39307,1.1198515397732973,735,457,24280,31072,20769,13583,2709,3985,45406,36167,0,0,4062,1854,8298,4722,19643,5891,1262,2707,13178,5590,25996,960,5527,0,0,0,0,0
1087,6120,1087.4453246588685,99690,1288,808,216,90,72507,39414,1.122690340054168,731,454,24250,31058,20824,13619,2689,3969,45406,36167,0,0,4040,1848,8276,4725,19699,5936,1258,2724,13241,5577,25902,953,5511,0,0,0,0,0
1088,6120,1088.4491770769496,99689,1302,785,217,90,72692,39527,1.1256908986949412,708,455,24232,31033,20867,13687,2672,3948,45406,36167,0,0,4021,1840,8247,4737,19780,5977,1256,2734,13295,5556,25814,947,5485,0,0,0,0,0
1089,6120,1089.4540149421662,99688,1293,788,218,90,72887,39643,1.1288219244041409,687,448,24205,31018,20940,13727,2655,3927,45406,36167,0,0,4002,1835,8218,4742,19842,6026,1252,2746,13377,5535,25704,942,5467,0,0,0,0,0
1090,6120,1090.4601798998958,99688,1303,770,218,90,73087,39744,1.1318413449963887,647,448,24174,31006,21012,13785,2644,3899,45406,36167,0,0,3988,1825,8190,4744,19908,6076,1250,2751,13441,5521,25613,935,5446,0,0,0,0,0
1091,6120,1091.4684103518418,99687,1294,777,218,91,73252,39873,1.1348019300410284,667,426,24149,30991,21051,13839,2619,3874,45406,36167,0,0,3973,1813,8161,4753,19978,6116,1245,2758,13503,5506,25519,932,5430,0,0,0,0,0
1092,6120,1092.4774914723193,99687,1270,774,218,91,73419,39978,1.1375304703722653,667,431,24136,30949,21113,13895,2594,3858,45406,36167,0,0,3953,1806,8134,4761,20040,6165,1240,2772,13567,5494,25425,929,5401,0,0,0,0,0
1093,6120,1093.487424896268,99686,1235,776,219,91,73572,40090,1.1402002287181752,686,433,24122,30923,21163,13935,2573,3840,45406,36167,0,0,3932,1795,8111,4765,20091,6215,1239,2786,13636,5483,25335,923,5375,0,0,0,0,0
1094,6120,1094.4982303826453,99686,1220,781,219,91,73722,40205,1.1428585759284153,679,413,24116,30917,21211,13978,2553,3818,45406,36167,0,0,3914,1789,8091,4770,20138,6263,1234,2798,13688,5474,25250,919,5358,0,0,0,0,0
