,indexID,time,N,Inf_L,Inf_H,Dead_L,Dead_H,cum_cases_L,cum_cases_H,cum_sum_per_N,Exposed_L,Exposed_H,Sus_L,Sus_H,Rec_nat_L,Rec_nat_H,Rec_vax_L,Rec_vax_H,vaccinatedH,vaccinatedL,boostedH,boostedL,count_Naive,count_Delta,count_Delta_vaccine,count_two,count_three,count_four,count_Omicron,count_Omicron_star,count_Omicron_star_vaccine,count_Omicron_vaccine,count_Vaccine,count_WT,count_WT_vaccine,count_WT_vaccine_boost,count_Omicron_vaccine_boost,count_Delta_vaccine_boost,count_Omicron_star_vaccine_boost,count_Vaccine_boost
0,3130,1.1720667657999118,99996,11,9,0,0,12,10,0.00022000880035201407,14,16,49972,49972,1,1,0,0,0,0,0,0,99994,0,0,0,0,0,0,0,0,0,0,2,0,0,0,0,0,0
1,3130,2.1093787934817194,99996,15,14,0,0,16,16,0.0003200128005120205,12,12,49970,49970,1,2,0,0,0,0,0,0,99993,0,0,0,0,0,0,0,0,0,0,3,0,0,0,0,0,0
2,3130,3.204575354706688,99996,16,16,0,0,20,20,0.0004000160006400256,12,12,49966,49966,4,4,0,0,0,0,0,0,99988,0,0,0,0,0,0,0,0,0,0,8,0,0,0,0,0,0
3,3130,4.079362593236212,99996,20,17,0,0,27,24,0.0005100204008160326,9,8,49962,49966,7,7,0,0,0,0,0,0,99982,0,0,0,0,0,0,0,0,0,0,14,0,0,0,0,0,0
4,3130,5.027092452578784,99996,16,16,0,0,31,27,0.0005800232009280372,7,6,49960,49965,15,11,0,0,0,0,0,0,99970,0,0,0,0,0,0,0,0,0,0,26,0,0,0,0,0,0
5,3130,6.0371818532181845,99996,12,13,0,0,31,29,0.0006000240009600384,12,5,49955,49964,19,16,0,0,0,0,0,0,99961,0,0,0,0,0,0,0,0,0,0,35,0,0,0,0,0,0
6,3130,7.078046054493212,99996,14,13,0,0,35,32,0.0006700268010720429,15,5,49948,49961,21,19,0,0,0,0,0,0,99956,0,0,0,0,0,0,0,0,0,0,40,0,0,0,0,0,0
7,3130,8.028881143920843,99996,17,12,0,0,42,35,0.0007700308012320492,9,5,49947,49958,25,23,0,0,0,0,0,0,99948,0,0,0,0,0,0,0,0,0,0,48,0,0,0,0,0,0
8,3130,9.09877911537909,99996,18,12,0,0,44,37,0.0008100324012960519,11,6,49943,49955,26,25,0,0,0,0,0,0,99945,0,0,0,0,0,0,0,0,0,0,51,0,0,0,0,0,0
9,3130,10.0154140218786,99996,19,13,0,0,49,38,0.0008700348013920557,9,6,49940,49954,30,25,0,0,0,0,0,0,99941,0,0,0,0,0,0,0,0,0,0,55,0,0,0,0,0,0
10,3130,11.088085715265063,99996,20,13,0,0,52,39,0.0009100364014560582,8,9,49938,49951,32,25,0,0,0,0,0,0,99938,0,0,0,0,0,0,0,0,0,0,58,0,0,0,0,0,0
11,3130,12.05691582174328,99996,19,14,0,0,54,40,0.0009400376015040601,6,10,49938,49949,35,25,0,0,0,0,0,0,99935,0,0,0,0,0,0,0,0,0,0,61,0,0,0,0,0,0
12,3130,13.004628823731698,99996,18,14,0,0,55,41,0.0009600384015360614,9,13,49934,49946,37,25,0,0,0,0,0,0,99932,0,0,0,0,0,0,0,0,0,0,64,0,0,0,0,0,0
13,3130,14.202666527995259,99996,17,17,0,0,58,44,0.0010200408016320653,12,13,49928,49944,41,24,0,0,0,0,0,0,99928,0,0,0,0,0,0,0,0,0,0,68,0,0,0,0,0,0
14,3130,15.0075802529015,99996,20,17,0,0,64,46,0.0011000440017600705,8,13,49927,49942,43,26,0,0,0,0,0,0,99923,0,0,0,0,0,0,0,0,0,0,73,0,0,0,0,0,0
15,3130,16.100356061616615,99996,21,13,0,0,66,47,0.0011300452018080723,7,14,49926,49940,44,31,0,0,0,0,0,0,99917,0,0,0,0,0,0,0,0,0,0,79,0,0,0,0,0,0
16,3130,17.068982244078903,99996,20,13,0,0,68,48,0.0011600464018560743,9,13,49922,49940,47,32,0,0,0,0,0,0,99913,0,0,0,0,0,0,0,0,0,0,83,0,0,0,0,0,0
17,3130,18.0225019716352,99996,16,18,0,0,70,54,0.0012400496019840794,10,8,49919,49939,53,33,0,0,0,0,0,0,99906,0,0,0,0,0,0,0,0,0,0,90,0,0,0,0,0,0
18,3130,19.02225408708895,99996,16,16,0,0,74,56,0.0013000520020800832,8,9,49917,49936,57,37,0,0,0,0,0,0,99898,0,0,0,0,0,0,0,0,0,0,98,0,0,0,0,0,0
19,3130,20.071843580883563,99996,15,14,0,0,78,59,0.0013700548021920876,11,8,49910,49934,62,42,0,0,0,0,0,0,99888,0,0,0,0,0,0,0,0,0,0,108,0,0,0,0,0,0
20,3130,21.02843038411922,99996,17,17,0,0,80,64,0.0014400576023040922,14,5,49905,49932,62,44,0,0,0,0,0,0,99886,0,0,0,0,0,0,0,0,0,0,110,0,0,0,0,0,0
21,3130,22.30487887360844,99996,17,10,0,0,84,64,0.0014800592023680947,17,8,49898,49930,66,50,0,0,0,0,0,0,99875,0,0,0,0,0,0,0,0,0,0,121,0,0,0,0,0,0
22,3130,23.072078502566338,99996,17,11,0,0,86,66,0.0015200608024320973,19,7,49894,49930,68,50,0,0,0,0,0,0,99872,0,0,0,0,0,0,0,0,0,0,124,0,0,0,0,0,0
23,3130,24.043224031750828,99996,15,11,0,0,88,67,0.0015500620024800993,21,6,49891,49930,71,51,0,0,0,0,0,0,99867,0,0,0,0,0,0,0,0,0,0,129,0,0,0,0,0,0
24,3130,25.28588604119023,99996,18,10,0,0,92,67,0.0015900636025441017,21,8,49888,49928,71,52,0,0,0,0,0,0,99865,0,0,0,0,0,0,0,0,0,0,131,0,0,0,0,0,0
25,3130,26.012862850537683,99996,20,11,0,0,97,70,0.001670066802672107,17,9,49887,49924,74,54,0,0,0,0,0,0,99860,0,0,0,0,0,0,0,0,0,0,136,0,0,0,0,0,0
26,3130,27.212790415391986,99996,23,9,0,0,103,70,0.0017300692027681108,15,11,49883,49922,77,56,0,0,0,0,0,0,99855,0,0,0,0,0,0,0,0,0,0,141,0,0,0,0,0,0
27,3130,28.14538128283791,99996,24,11,0,0,106,72,0.001780071202848114,14,11,49881,49920,79,56,0,0,0,0,0,0,99853,0,0,0,0,0,0,0,0,0,0,143,0,0,0,0,0,0
28,3130,29.09044742565439,99996,23,10,0,0,108,73,0.0018100724028961158,14,12,49880,49918,81,58,0,0,0,0,0,0,99848,0,0,0,0,0,0,0,0,0,0,148,0,0,0,0,0,0
29,3130,30.025775514098324,99996,25,11,0,0,113,75,0.0018800752030081202,10,10,49879,49918,84,59,0,0,0,0,0,0,99844,0,0,0,0,0,0,0,0,0,0,152,0,0,0,0,0,0
30,3130,31.092842677649173,99996,29,13,0,0,120,80,0.002000080003200128,10,10,49872,49914,87,61,0,0,0,0,0,0,99838,0,0,0,0,0,0,0,0,0,0,158,0,0,0,0,0,0
31,3130,32.10042807229701,99996,31,14,0,0,124,83,0.0020700828033121325,10,9,49868,49912,89,63,0,0,0,0,0,0,99834,0,0,0,0,0,0,0,0,0,0,162,0,0,0,0,0,0
32,3130,33.024281507379115,99996,26,13,0,0,125,84,0.0020900836033441337,18,14,49859,49906,95,65,0,0,0,0,0,0,99826,0,0,0,0,0,0,0,0,0,0,170,0,0,0,0,0,0
33,3130,34.032418429452136,99996,27,14,0,0,128,87,0.0021500860034401378,18,14,49857,49903,96,67,0,0,0,0,0,0,99822,0,0,0,0,0,0,0,0,0,0,174,0,0,0,0,0,0
34,3130,35.04474357629868,99996,29,15,0,0,130,90,0.002200088003520141,19,12,49854,49902,96,69,0,0,0,0,0,0,99820,0,0,0,0,0,0,0,0,0,0,176,0,0,0,0,0,0
35,3130,36.05108284340314,99996,27,16,0,0,135,95,0.002300092003680147,17,13,49851,49897,103,72,0,0,0,0,0,0,99809,0,0,0,0,0,0,0,0,0,0,187,0,0,0,0,0,0
36,3130,37.00366612637907,99996,26,17,0,0,138,98,0.002360094403776151,16,11,49849,49896,107,74,0,0,0,0,0,0,99803,0,0,0,0,0,0,0,0,0,0,193,0,0,0,0,0,0
37,3130,38.0059590322266,99996,22,19,0,0,139,102,0.0024100964038561543,20,9,49844,49894,112,76,0,0,0,0,0,0,99796,0,0,0,0,0,0,0,0,0,0,200,0,0,0,0,0,0
38,3130,39.0783552316179,99996,23,14,0,0,142,103,0.0024500980039201567,18,9,49844,49894,113,81,0,0,0,0,0,0,99788,0,0,0,0,0,0,0,0,0,0,208,0,0,0,0,0,0
39,3130,40.07128922354329,99996,22,14,0,0,145,105,0.00250010000400016,18,14,49841,49887,117,83,0,0,0,0,0,0,99782,0,0,0,0,0,0,0,0,0,0,214,0,0,0,0,0,0
40,3130,41.06442728403142,99996,24,14,0,0,148,107,0.002550102004080163,17,13,49840,49886,117,85,0,0,0,0,0,0,99779,0,0,0,0,0,0,0,0,0,0,217,0,0,0,0,0,0
41,3130,42.057361536023656,99996,22,14,0,0,149,109,0.002580103204128165,18,13,49839,49885,119,86,0,0,0,0,0,0,99774,0,0,0,0,0,0,0,0,0,0,222,0,0,0,0,0,0
42,3130,43.07140548045052,99996,29,18,0,0,159,115,0.002740109604384175,13,8,49834,49884,122,88,0,0,0,0,0,0,99769,0,0,0,0,0,0,0,0,0,0,227,0,0,0,0,0,0
43,3130,44.02862615667674,99996,28,18,0,0,163,117,0.0028001120044801792,15,7,49830,49883,125,90,0,0,0,0,0,0,99762,0,0,0,0,0,0,0,0,0,0,234,0,0,0,0,0,0
44,3130,45.168796012306395,99996,32,19,0,0,168,119,0.0028701148045921837,12,9,49828,49879,126,91,0,0,0,0,0,0,99760,0,0,0,0,0,0,0,0,0,0,236,0,0,0,0,0,0
45,3130,46.12490806365848,99996,29,19,0,0,172,120,0.002920116804672187,17,12,49819,49875,133,92,0,0,0,0,0,0,99752,0,0,0,0,0,0,0,0,0,0,244,0,0,0,0,0,0
46,3130,47.26789323498282,99996,29,20,0,0,177,123,0.003000120004800192,22,12,49809,49872,138,94,0,0,0,0,0,0,99745,0,0,0,0,0,0,0,0,0,0,251,0,0,0,0,0,0
47,3130,48.187133392420705,99996,33,19,0,0,185,125,0.0031001240049601986,19,12,49805,49870,141,97,0,0,0,0,0,0,99738,0,0,0,0,0,0,0,0,0,0,258,0,0,0,0,0,0
48,3130,49.27442318472306,99996,35,18,0,0,193,128,0.0032101284051362054,16,12,49800,49867,147,101,0,0,0,0,0,0,99728,0,0,0,0,0,0,0,0,0,0,268,0,0,0,0,0,0
49,3130,50.01600758354261,99996,36,23,0,0,200,134,0.003340133605344214,15,11,49795,49862,152,102,0,0,0,0,0,0,99721,0,0,0,0,0,0,0,0,0,0,275,0,0,0,0,0,0
50,3130,51.05802825697369,99996,35,25,0,0,204,140,0.0034401376055042203,20,9,49786,49858,157,106,0,0,0,0,0,0,99712,0,0,0,0,0,0,0,0,0,0,284,0,0,0,0,0,0
51,3130,52.14194332710006,99996,39,22,0,0,215,141,0.003560142405696228,11,11,49785,49855,163,110,0,0,0,0,0,0,99701,0,0,0,0,0,0,0,0,0,0,295,0,0,0,0,0,0
52,3130,53.16592571678978,99996,40,24,0,0,220,146,0.0036601464058562344,15,10,49776,49852,167,112,0,0,0,0,0,0,99694,0,0,0,0,0,0,0,0,0,0,302,0,0,0,0,0,0
53,3130,54.06556335309566,99996,40,27,0,0,225,149,0.0037401496059842393,18,12,49769,49848,171,111,0,0,0,0,0,0,99689,0,0,0,0,0,0,0,0,0,0,307,0,0,0,0,0,0
54,3130,55.106210073562146,99996,42,23,0,0,230,150,0.0038001520060802433,20,15,49762,49845,174,115,0,0,0,0,0,0,99681,0,0,0,0,0,0,0,0,0,0,315,0,0,0,0,0,0
55,3130,56.009258187450676,99996,42,23,0,0,237,152,0.003890155606224249,23,15,49752,49843,181,117,0,0,0,0,0,0,99672,0,0,0,0,0,0,0,0,0,0,324,0,0,0,0,0,0
56,3130,57.09812034729039,99996,45,26,0,0,244,158,0.004020160806432257,22,11,49746,49841,185,120,0,0,0,0,0,0,99665,0,0,0,0,0,0,0,0,0,0,331,0,0,0,0,0,0
57,3130,58.30504354976242,99996,46,26,0,0,249,160,0.004090163606544262,23,11,49740,49839,189,122,0,0,0,0,0,0,99659,0,0,0,0,0,0,0,0,0,0,337,0,0,0,0,0,0
58,3130,59.19417466154663,99996,44,20,0,0,254,161,0.004150166006640266,24,15,49736,49835,194,128,0,0,0,0,0,0,99645,0,0,0,0,0,0,0,0,0,0,351,0,0,0,0,0,0
59,3130,60.00749055562067,99996,45,16,0,0,259,162,0.004210168406736269,24,20,49732,49830,197,132,0,0,0,0,0,0,99636,0,0,0,0,0,0,0,0,0,0,360,0,0,0,0,0,0
60,3130,61.1426907340455,99996,36,16,0,0,262,166,0.004280171206848274,28,23,49725,49824,209,135,0,0,0,0,0,0,99620,0,0,0,0,0,0,0,0,0,0,376,0,0,0,0,0,0
61,3130,62.03685899547421,99996,37,19,0,0,271,171,0.004420176807072283,24,22,49720,49820,217,137,0,0,0,0,0,0,99610,0,0,0,0,0,0,0,0,0,0,386,0,0,0,0,0,0
62,3130,63.11785355976782,99996,36,22,0,0,277,177,0.004540181607264291,23,17,49716,49820,223,139,0,0,0,0,0,0,99600,0,0,0,0,0,0,0,0,0,0,396,0,0,0,0,0,0
63,3130,64.07985666565368,99996,43,25,0,0,286,182,0.0046801872074883,19,15,49713,49817,223,141,0,0,0,0,0,0,99596,0,0,0,0,0,0,0,0,0,0,400,0,0,0,0,0,0
64,3130,65.10273521592852,99996,35,23,0,0,290,184,0.004740189607584304,24,18,49704,49812,235,145,0,0,0,0,0,0,99580,0,0,0,0,0,0,0,0,0,0,416,0,0,0,0,0,0
65,3130,66.18746766815306,99996,37,19,0,0,294,185,0.004790191607664307,24,21,49700,49808,237,150,0,0,0,0,0,0,99573,0,0,0,0,0,0,0,0,0,0,423,0,0,0,0,0,0
66,3130,67.11424645173362,99996,39,22,0,0,305,190,0.004950198007920317,24,17,49689,49807,246,152,0,0,0,0,0,0,99562,0,0,0,0,0,0,0,0,0,0,434,0,0,0,0,0,0
67,3130,68.09143511850313,99996,41,21,0,0,309,192,0.005010200408016321,24,17,49685,49805,248,155,0,0,0,0,0,0,99557,0,0,0,0,0,0,0,0,0,0,439,0,0,0,0,0,0
68,3130,69.08228561449279,99996,46,20,0,0,319,194,0.005130205208208329,20,15,49681,49806,251,157,0,0,0,0,0,0,99549,0,0,0,0,0,0,0,0,0,0,447,0,0,0,0,0,0
69,3130,70.14984326448015,99996,49,19,0,0,324,196,0.005200208008320333,25,14,49672,49806,252,159,0,0,0,0,0,0,99544,0,0,0,0,0,0,0,0,0,0,452,0,0,0,0,0,0
70,3130,71.0003689550643,99996,54,13,0,0,330,196,0.005260210408416337,23,15,49669,49805,252,165,0,0,0,0,0,0,99537,0,0,0,0,0,0,0,0,0,0,459,0,0,0,0,0,0
71,3130,72.09836325768204,99996,57,12,0,0,338,197,0.005350214008560342,20,19,49664,49801,257,166,0,0,0,0,0,0,99530,0,0,0,0,0,0,0,0,0,0,466,0,0,0,0,0,0
72,3130,73.0670620280964,99996,49,16,0,0,340,203,0.005430217208688347,29,22,49655,49793,265,167,0,0,0,0,0,0,99518,0,0,0,0,0,0,0,0,0,0,478,0,0,0,0,0,0
73,3130,74.02271001891437,99996,51,16,0,0,351,205,0.005560222408896356,24,28,49650,49786,273,168,0,0,0,0,0,0,99507,0,0,0,0,0,0,0,0,0,0,489,0,0,0,0,0,0
74,3130,75.00356805364439,99996,48,17,0,0,355,212,0.0056702268090723625,32,26,49640,49781,278,174,0,0,0,0,0,0,99494,0,0,0,0,0,0,0,0,0,0,502,0,0,0,0,0,0
75,3130,76.04744059615506,99996,49,25,0,0,358,222,0.005800232009280371,37,19,49632,49779,280,175,0,0,0,0,0,0,99490,0,0,0,0,0,0,0,0,0,0,506,0,0,0,0,0,0
76,3130,77.24867720302983,99996,49,24,0,0,366,225,0.005910236409456379,42,18,49619,49777,288,179,0,0,0,0,0,0,99478,0,0,0,0,0,0,0,0,0,0,518,0,0,0,0,0,0
77,3130,78.19762313648582,99996,55,26,0,0,376,230,0.0060602424096963875,37,17,49615,49773,291,182,0,0,0,0,0,0,99471,0,0,0,0,0,0,0,0,0,0,525,0,0,0,0,0,0
78,3130,79.10024767425611,99996,58,27,0,0,383,234,0.006170246809872395,35,19,49611,49768,294,184,0,0,0,0,0,0,99464,0,0,0,0,0,0,0,0,0,0,532,0,0,0,0,0,0
79,3130,80.25140406121439,99996,52,27,0,0,393,238,0.006310252410096404,35,21,49601,49765,310,185,0,0,0,0,0,0,99445,0,0,1,0,0,0,0,0,0,0,550,0,0,0,0,0,0
80,3130,81.24631342145769,99996,50,26,0,0,398,240,0.0063802552102084084,43,22,49592,49762,313,188,0,0,0,0,0,0,99435,0,0,1,0,0,0,0,0,0,0,560,0,0,0,0,0,0
81,3130,82.05777484734686,99996,50,26,0,0,402,243,0.0064502580103204124,45,19,49587,49762,316,191,0,0,0,0,0,0,99428,0,0,1,0,0,0,0,0,0,0,567,0,0,0,0,0,0
82,3130,83.1859958877214,99996,59,26,0,0,423,247,0.0067002680107204286,29,19,49584,49758,326,195,0,0,0,0,0,0,99412,0,0,1,0,0,0,0,0,0,0,583,0,0,0,0,0,0
83,3130,84.27577119463814,99996,53,25,0,0,428,249,0.006770270810832433,30,19,49578,49756,337,198,0,0,0,0,0,0,99398,0,0,1,0,0,0,0,0,0,0,597,0,0,0,0,0,0
84,3130,85.11687403212912,99996,61,24,0,0,442,253,0.006950278011120445,28,22,49568,49749,341,203,0,0,0,0,0,0,99387,0,0,1,0,0,0,0,0,0,0,608,0,0,0,0,0,0
85,3130,86.10643855690694,99996,55,24,0,0,445,255,0.007000280011200448,45,26,49551,49743,347,205,0,0,0,0,0,0,99376,0,0,1,0,0,0,0,0,0,0,619,0,0,0,0,0,0
86,3130,87.1022277031827,99996,52,27,0,0,454,260,0.007140285611424457,41,26,49549,49740,356,205,0,0,0,0,0,0,99364,0,0,3,0,0,0,0,0,0,0,629,0,0,0,0,0,0
87,3130,88.0981569161656,99996,50,34,0,0,464,270,0.00734029361174447,41,20,49540,49739,367,205,0,0,0,0,0,0,99349,0,0,3,0,0,0,0,0,0,0,644,0,0,0,0,0,0
88,3130,89.25079474653245,99996,49,31,0,0,474,274,0.0074802992119684785,36,24,49539,49731,374,212,0,0,0,0,0,0,99331,0,0,3,0,0,0,0,0,0,0,662,0,0,0,0,0,0
89,3130,90.2469667872258,99996,51,31,0,0,484,280,0.007640305612224489,33,24,49533,49725,381,218,0,0,0,0,0,0,99317,0,0,3,0,0,0,0,0,0,0,676,0,0,0,0,0,0
90,3130,91.24326185234814,99996,52,37,0,0,490,289,0.007790311612464499,33,19,49528,49721,385,221,0,0,0,0,0,0,99309,0,0,3,0,0,0,0,0,0,0,684,0,0,0,0,0,0
91,3130,92.23290916978767,99996,55,34,0,0,496,292,0.007880315212608504,36,20,49521,49717,386,227,0,0,0,0,0,0,99300,0,0,3,0,0,0,0,0,0,0,693,0,0,0,0,0,0
92,3130,93.06937324190177,99996,59,35,0,0,503,296,0.007990319612784512,36,18,49514,49717,389,228,0,0,0,0,0,0,99295,0,0,4,0,0,0,0,0,0,0,697,0,0,0,0,0,0
93,3130,94.15037860676155,99996,61,36,0,0,513,302,0.008150326013040521,37,22,49504,49710,396,230,0,0,0,0,0,0,99282,0,0,4,0,0,0,0,0,0,0,710,0,0,0,0,0,0
94,3130,95.14710002563024,99996,62,39,0,0,522,308,0.008300332013280532,32,19,49501,49708,403,232,0,0,0,0,0,0,99271,0,0,4,0,0,0,0,0,0,0,721,0,0,0,0,0,0
95,3130,96.32178800694577,99996,59,36,0,0,532,315,0.008470338813552542,42,23,49484,49698,413,241,0,0,0,0,0,0,99248,0,0,4,0,0,0,0,0,0,0,744,0,0,0,0,0,0
96,3130,97.3188765268817,99996,58,37,0,0,542,319,0.008610344413776552,49,24,49469,49693,422,244,0,0,0,0,0,0,99234,0,0,4,0,0,0,0,0,0,0,758,0,0,0,0,0,0
97,3130,98.3161900437377,99996,61,39,0,0,551,325,0.00876035041401656,51,25,49458,49688,428,246,0,0,0,0,0,0,99224,0,0,4,0,0,0,0,0,0,0,768,0,0,0,0,0,0
98,3130,99.3136767331376,99996,62,37,0,0,559,331,0.00890035601424057,49,27,49452,49681,435,253,0,0,0,0,0,0,99209,0,0,4,0,0,0,0,0,0,0,783,0,0,0,0,0,0
99,3130,100.31128236238857,99996,71,33,0,0,571,332,0.009030361214448578,43,29,49448,49680,436,256,0,0,0,0,0,0,99201,0,0,4,0,0,0,0,0,0,0,791,0,0,0,0,0,0
100,3130,101.30894581020932,99996,76,36,0,0,584,341,0.009250370014800592,46,27,49435,49674,441,261,0,0,0,0,0,0,99187,0,0,4,0,0,0,0,0,0,0,805,0,0,0,0,0,0
101,3130,102.30680670156218,99996,77,37,0,0,594,346,0.009400376015040601,45,26,49427,49671,449,264,0,0,0,0,0,0,99174,0,0,4,0,0,0,0,0,0,0,818,0,0,0,0,0,0
102,3130,103.30482437852768,99995,82,31,1,0,610,349,0.009590479523976198,42,33,49414,49665,459,269,0,0,0,0,0,0,99154,0,0,4,0,0,0,0,0,0,0,837,0,0,0,0,0,0
103,3130,104.30306315401863,99995,83,33,1,0,619,357,0.00976048802440122,42,32,49405,49659,467,274,0,0,0,0,0,0,99141,0,0,5,0,0,0,0,0,0,0,849,0,0,0,0,0,0
104,3130,105.30144847575306,99995,87,38,1,0,633,365,0.009980499024951248,41,36,49394,49649,475,275,0,0,0,0,0,0,99128,0,0,5,0,0,0,0,0,0,0,862,0,0,0,0,0,0
105,3130,106.29997062652791,99995,84,36,1,0,643,372,0.010150507525376268,41,41,49385,49637,487,284,0,0,0,0,0,0,99106,0,0,5,0,0,0,0,0,0,0,884,0,0,0,0,0,0
106,3130,107.29870490446794,99994,80,38,2,0,649,381,0.010300618037082225,45,36,49377,49634,494,290,0,0,0,0,0,0,99089,0,0,5,0,0,0,0,0,0,0,900,0,0,0,0,0,0
107,3130,108.297593447737,99994,87,45,2,0,661,391,0.010520631237874273,45,33,49365,49628,499,292,0,0,0,0,0,0,99081,0,0,5,0,0,0,0,0,0,0,908,0,0,0,0,0,0
108,3130,109.29665363723336,99994,85,45,2,0,670,395,0.0106506390383423,49,31,49354,49629,508,293,0,0,0,0,0,0,99066,0,0,5,0,0,0,0,0,0,0,923,0,0,0,0,0,0
109,3130,110.29590851083601,99994,81,47,2,0,682,404,0.010860651639098346,53,30,49339,49622,523,299,0,0,0,0,0,0,99043,0,0,5,0,0,0,0,0,0,0,946,0,0,0,0,0,0
110,3130,111.2954433025793,99994,83,46,2,0,694,412,0.01106066363981839,52,33,49330,49612,531,307,0,0,0,0,0,0,99024,0,0,5,0,0,0,0,0,0,0,965,0,0,0,0,0,0
111,3130,112.29515190735871,99994,90,44,2,0,706,421,0.011270676240574434,54,30,49316,49606,536,318,0,0,0,0,0,0,99008,0,0,5,0,0,0,0,0,0,0,981,0,0,0,0,0,0
112,3130,113.29509416546853,99994,93,43,2,0,717,426,0.011430685841150468,55,26,49305,49607,543,322,0,0,0,0,0,0,98994,0,0,5,0,0,0,0,0,0,0,995,0,0,0,0,0,0
113,3130,114.29524361772052,99994,95,49,2,0,732,438,0.011700702042122528,53,25,49294,49596,554,328,0,0,0,0,0,0,98975,0,0,5,0,0,0,0,0,0,0,1014,0,0,0,0,0,0
114,3130,115.29559314616026,99994,97,52,2,0,747,451,0.011980718843130587,50,20,49283,49588,566,338,0,0,0,0,0,0,98952,0,0,5,0,0,0,0,0,0,0,1037,0,0,0,0,0,0
115,3130,116.099006041423,99994,89,48,2,0,751,453,0.012040722443346601,53,23,49279,49583,575,344,0,0,0,0,0,0,98934,0,0,5,0,0,0,0,0,0,0,1055,0,0,0,0,0,0
116,3130,117.09975157576606,99994,94,45,2,0,765,457,0.01222073324399464,61,28,49258,49575,583,350,0,0,0,0,0,0,98918,0,0,5,0,0,0,0,0,0,0,1071,0,0,0,0,0,0
117,3130,118.10074848986639,99994,90,46,2,0,773,466,0.012390743444606677,64,26,49250,49570,592,356,0,0,0,0,0,0,98898,0,0,5,0,0,0,0,0,0,0,1091,0,0,0,0,0,0
118,3130,119.1019393500182,99994,93,48,2,0,794,473,0.012670760245614737,62,27,49231,49562,610,361,0,0,0,0,0,0,98875,0,0,5,0,0,0,0,0,0,0,1114,0,0,0,0,0,0
119,3130,120.10346974257556,99994,97,47,2,0,810,479,0.012890773446406784,56,33,49223,49552,620,366,0,0,0,0,0,0,98857,0,0,6,0,0,0,0,0,0,0,1131,0,0,0,0,0,0
120,3130,121.10516934143105,99994,92,45,2,0,817,484,0.01301078064683881,59,32,49215,49548,630,373,0,0,0,0,0,0,98838,0,0,6,0,0,0,0,0,0,0,1150,0,0,0,0,0,0
121,3130,122.10708245350628,99993,99,48,3,0,835,494,0.01329093036512556,52,32,49207,49540,637,378,0,0,0,0,0,0,98820,0,0,6,0,0,0,0,0,0,0,1167,0,0,0,0,0,0
122,3130,123.10914860061573,99993,87,46,3,0,844,502,0.013460942265958616,54,29,49196,49535,658,388,0,0,0,0,0,0,98789,0,0,6,0,0,0,0,0,0,0,1198,0,0,0,0,0,0
123,3130,124.11156077701409,99993,84,47,3,0,856,510,0.013660956266938687,62,32,49177,49526,672,393,0,0,0,0,0,0,98767,0,0,6,0,0,0,0,0,0,0,1220,0,0,0,0,0,0
124,3130,125.11427939936864,99993,84,48,3,0,871,518,0.013890972368065765,61,37,49165,49515,685,398,0,0,0,0,0,0,98746,0,0,7,0,0,0,0,0,0,0,1240,0,0,0,0,0,0
125,3130,126.11725071984614,99993,91,48,3,0,885,526,0.01411098776914384,66,33,49148,49514,690,403,0,0,0,0,0,0,98731,0,0,7,0,0,0,0,0,0,0,1255,0,0,0,0,0,0
126,3130,127.12043186450195,99993,94,46,3,0,900,534,0.01434100387027092,62,32,49139,49507,700,413,0,0,0,0,0,0,98709,0,0,7,0,0,0,0,0,0,0,1277,0,0,0,0,0,0
127,3130,128.1238181719398,99992,81,50,4,0,911,544,0.01455116409312745,63,33,49129,49499,721,416,0,0,0,0,0,0,98679,0,0,7,0,0,0,0,0,0,0,1306,0,0,0,0,0,0
128,3130,129.12752151637295,99992,81,51,4,0,927,550,0.014771181694535562,63,36,49115,49492,735,419,0,0,0,0,0,0,98659,0,0,8,0,0,0,0,0,0,0,1325,0,0,0,0,0,0
129,3130,130.13147871516276,99992,82,46,4,0,933,555,0.01488119049523962,70,37,49104,49488,738,427,0,0,0,0,0,0,98644,0,0,8,0,0,0,0,0,0,0,1340,0,0,0,0,0,0
130,3130,131.13560027973568,99992,95,50,4,0,954,562,0.015161212897031763,60,36,49096,49485,743,427,0,0,0,0,0,0,98633,0,0,8,0,0,0,0,0,0,0,1351,0,0,0,0,0,0
131,3130,132.13982408339723,99992,95,46,4,0,967,567,0.015341227298183855,55,45,49093,49474,751,433,0,0,0,0,0,0,98611,0,0,8,0,0,0,0,0,0,0,1373,0,0,0,0,0,0
132,3130,133.14417973205605,99992,95,46,4,0,983,578,0.015611248899911993,59,45,49075,49463,765,444,0,0,0,0,0,0,98584,0,0,8,0,0,0,0,0,0,0,1400,0,0,0,0,0,0
133,3130,134.14882729025285,99992,99,47,4,0,995,587,0.0158212657012561,64,45,49062,49459,769,447,0,0,0,0,0,0,98568,0,0,8,0,0,0,0,0,0,0,1416,0,0,0,0,0,0
134,3130,135.15365790919333,99992,103,53,4,0,1015,602,0.01617129370349628,60,37,49047,49454,784,454,0,0,0,0,0,0,98543,0,0,8,0,0,0,0,0,0,0,1441,0,0,0,0,0,0
135,3130,136.15877698939684,99992,102,60,4,0,1031,612,0.016431314505160412,70,38,49024,49446,798,454,0,0,0,0,0,0,98523,0,0,8,0,0,0,0,0,0,0,1461,0,0,0,0,0,0
136,3130,137.16420902692292,99992,100,61,4,0,1045,619,0.016641331306504522,64,40,49020,49437,810,460,0,0,0,0,0,0,98503,0,0,10,0,0,0,0,0,0,0,1479,0,0,0,0,0,0
137,3130,138.16985186066836,99992,107,63,4,0,1060,630,0.016901352108168653,65,34,49008,49434,814,467,0,0,0,0,0,0,98486,0,0,10,0,0,0,0,0,0,0,1496,0,0,0,0,0,0
138,3130,139.17565446207965,99992,99,63,4,0,1068,639,0.01707136570925674,76,35,48991,49424,828,476,0,0,0,0,0,0,98461,0,0,10,0,0,0,0,0,0,0,1521,0,0,0,0,0,0
139,3130,140.1817428712281,99992,110,61,4,0,1087,647,0.01734138731098488,68,33,48983,49421,833,483,0,0,0,0,0,0,98443,0,0,10,0,0,0,0,0,0,0,1539,0,0,0,0,0,0
140,3130,141.188036953906,99992,103,61,4,0,1106,656,0.017621409712777023,65,39,48971,49409,855,489,0,0,0,0,0,0,98408,0,0,10,0,0,0,0,0,0,0,1574,0,0,0,0,0,0
141,3130,142.1946374764152,99992,106,59,4,0,1122,669,0.01791143291463317,65,45,48957,49392,866,502,0,0,0,0,0,0,98380,0,0,10,0,0,0,0,0,0,0,1602,0,0,0,0,0,0
142,3130,143.20145384116077,99992,109,57,4,0,1139,679,0.018181454516361308,67,45,48944,49383,874,513,0,0,0,0,0,0,98354,0,0,10,0,0,0,0,0,0,0,1628,0,0,0,0,0,0
143,3130,144.20857080738492,99992,97,52,4,0,1155,683,0.018381470517641413,74,47,48923,49378,900,521,0,0,0,0,0,0,98318,0,0,11,0,0,0,0,0,0,0,1663,0,0,0,0,0,0
144,3130,145.2161038769836,99992,104,58,4,0,1174,694,0.018681494519561564,69,46,48912,49368,909,526,0,0,0,0,0,0,98301,0,0,11,0,0,0,0,0,0,0,1680,0,0,0,0,0,0
145,3130,146.2238867172303,99991,104,58,4,1,1190,705,0.018951705653508816,68,45,48898,49361,924,533,0,0,0,0,0,0,98274,0,0,11,0,0,0,0,0,0,0,1706,0,0,0,0,0,0
146,3130,147.23193104028718,99991,103,66,4,1,1208,722,0.019301737156344072,66,36,48885,49355,940,540,0,0,0,0,0,0,98246,0,0,11,0,0,0,0,0,0,0,1734,0,0,0,0,0,0
147,3130,148.24026534110115,99991,101,62,4,1,1223,730,0.019531757858207238,69,40,48868,49343,956,552,0,0,0,0,0,0,98217,0,0,11,0,0,0,0,0,0,0,1763,0,0,0,0,0,0
148,3130,149.24894718041787,99991,113,66,4,1,1243,740,0.01983178486063746,59,41,48859,49333,963,557,0,0,0,0,0,0,98203,0,0,11,0,0,0,0,0,0,0,1777,0,0,0,0,0,0
149,3130,150.2577828032839,99991,111,70,4,1,1258,756,0.02014181276314868,71,35,48834,49324,978,568,0,0,0,0,0,0,98174,0,0,11,0,0,0,0,0,0,0,1806,0,0,0,0,0,0
150,3130,151.26698155307403,99991,118,70,4,1,1278,765,0.020431838865497896,70,35,48819,49316,987,576,0,0,0,0,0,0,98152,0,0,11,0,0,0,0,0,0,0,1828,0,0,0,0,0,0
151,3130,152.2764484533346,99991,117,67,4,1,1292,771,0.02063185686711804,80,38,48797,49313,1000,579,0,0,0,0,0,0,98128,0,0,11,0,0,0,0,0,0,0,1852,0,0,0,0,0,0
152,3130,153.28630058858525,99991,119,70,4,1,1312,780,0.020921882969467252,82,40,48778,49304,1015,583,0,0,0,0,0,0,98105,0,0,12,0,0,0,0,0,0,0,1874,0,0,0,0,0,0
153,3130,154.29645522422814,99991,131,71,4,1,1340,788,0.021281915372383515,68,47,48766,49290,1029,589,0,0,0,0,0,0,98082,0,0,12,0,0,0,0,0,0,0,1897,0,0,0,0,0,0
154,3130,155.30686715303605,99991,134,80,4,1,1359,804,0.021631946875218768,81,46,48740,49276,1039,595,0,0,0,0,0,0,98060,0,0,13,0,0,0,0,0,0,0,1918,0,0,0,0,0,0
155,3130,156.31758112034103,99991,136,74,4,1,1378,815,0.02193197387764899,79,49,48726,49264,1053,610,0,0,0,0,0,0,98026,0,0,13,0,0,0,0,0,0,0,1952,0,0,0,0,0,0
156,3130,157.32860583373588,99991,132,74,4,1,1390,825,0.02215199367943115,84,45,48713,49262,1065,616,0,0,0,0,0,0,98000,0,0,13,0,0,0,0,0,0,0,1978,0,0,0,0,0,0
157,3130,158.002789898831,99991,136,76,4,1,1406,833,0.022392015281375324,85,46,48699,49254,1074,621,0,0,0,0,0,0,97982,0,0,13,0,0,0,0,0,0,0,1996,0,0,0,0,0,0
158,3130,159.01433915644506,99990,138,68,5,1,1422,839,0.022612261226122612,94,49,48679,49246,1082,634,0,0,0,0,0,0,97955,0,0,14,0,0,0,0,0,0,0,2021,0,0,0,0,0,0
159,3130,160.02619008089283,99990,146,72,5,1,1444,849,0.02293229322932293,100,52,48654,49234,1093,639,0,0,0,0,0,0,97935,0,0,14,0,0,0,0,0,0,0,2041,0,0,0,0,0,0
160,3130,161.03839746530878,99990,147,68,5,1,1467,857,0.023242324232423242,95,52,48638,49226,1113,651,0,0,0,0,0,0,97902,0,0,15,0,0,0,0,0,0,0,2073,0,0,0,0,0,0
161,3130,162.0509924401081,99990,148,78,5,1,1490,877,0.02367236723672367,95,42,48623,49218,1127,659,0,0,0,0,0,0,97870,0,0,15,0,0,0,0,0,0,0,2105,0,0,0,0,0,0
162,3130,163.063898993648,99990,146,74,5,1,1513,884,0.023972397239723973,90,52,48609,49204,1148,667,0,0,0,0,0,0,97836,0,0,17,0,0,0,0,0,0,0,2137,0,0,0,0,0,0
163,3130,164.07710790326416,99990,148,79,5,1,1536,898,0.024342434243424343,87,50,48594,49195,1164,673,0,0,0,0,0,0,97806,0,0,17,0,0,0,0,0,0,0,2167,0,0,0,0,0,0
164,3130,165.090650780628,99990,146,75,5,1,1564,905,0.024692469246924694,77,57,48579,49185,1191,680,0,0,0,0,0,0,97766,0,0,18,0,0,0,0,0,0,0,2206,0,0,0,0,0,0
165,3130,166.10463539725143,99990,154,67,5,1,1587,913,0.025002500250025,79,63,48557,49175,1203,692,0,0,0,0,0,0,97735,0,0,18,0,0,0,0,0,0,0,2237,0,0,0,0,0,0
166,3130,167.11900920321006,99990,155,76,5,1,1611,931,0.02542254225422542,86,60,48530,49163,1222,698,0,0,0,0,0,0,97704,0,0,17,1,0,0,0,0,0,0,2268,0,0,0,0,0,0
167,3130,168.13377939789135,99989,157,80,5,2,1633,945,0.025782836111972317,92,66,48508,49146,1236,704,0,0,0,0,0,0,97674,0,0,17,1,0,0,0,0,0,0,2297,0,0,0,0,0,0
168,3130,169.14887157193792,99989,164,81,5,2,1659,960,0.026192881216933864,94,62,48486,49138,1249,715,0,0,0,0,0,0,97641,0,0,17,1,0,0,0,0,0,0,2330,0,0,0,0,0,0
169,3130,170.16434692865715,99989,161,72,5,2,1683,967,0.026502915320685275,102,61,48458,49136,1272,727,0,0,0,0,0,0,97598,0,0,17,1,0,0,0,0,0,0,2373,0,0,0,0,0,0
170,3130,171.1803931412237,99989,171,74,5,2,1709,979,0.026882957125283782,109,62,48430,49126,1283,734,0,0,0,0,0,0,97572,0,0,17,1,0,0,0,0,0,0,2399,0,0,0,0,0,0
171,3130,172.19683926265566,99989,168,85,5,2,1730,999,0.027293002230245327,109,57,48414,49116,1302,738,0,0,0,0,0,0,97540,0,0,18,1,0,0,0,0,0,0,2430,0,0,0,0,0,0
172,3130,173.2136398848494,99989,174,88,5,2,1753,1012,0.027653041834601808,119,56,48384,49106,1316,746,0,0,0,0,0,0,97514,0,0,19,1,0,0,0,0,0,0,2455,0,0,0,0,0,0
173,3130,174.23084771116342,99989,184,81,5,2,1785,1025,0.028103091340047404,105,57,48371,49095,1333,763,0,0,0,0,0,0,97472,0,0,19,1,0,0,0,0,0,0,2497,0,0,0,0,0,0
174,3130,175.24848367608902,99989,183,81,5,2,1819,1040,0.02859314524597706,107,54,48342,49084,1361,777,0,0,0,0,0,0,97425,0,0,22,1,0,0,0,0,0,0,2541,0,0,0,0,0,0
175,3130,176.26666100575554,99989,199,86,5,2,1856,1053,0.029093200252027725,99,57,48316,49073,1379,780,0,0,0,0,0,0,97396,0,0,22,1,0,0,0,0,0,0,2570,0,0,0,0,0,0
176,3130,177.2852754338177,99989,196,91,5,2,1878,1074,0.029523247557231295,104,56,48297,49054,1396,795,0,0,0,0,0,0,97356,0,0,23,1,0,0,0,0,0,0,2609,0,0,0,0,0,0
177,3130,178.3042348899278,99989,204,105,5,2,1908,1094,0.03002330256328196,108,51,48265,49044,1416,796,0,0,0,0,0,0,97328,0,0,23,1,0,0,0,0,0,0,2637,0,0,0,0,0,0
178,3130,179.32369660127947,99989,191,101,5,2,1931,1108,0.030393343267759453,112,52,48241,49033,1449,810,0,0,0,0,0,0,97277,0,0,26,1,0,0,0,0,0,0,2685,0,0,0,0,0,0
179,3130,180.00367400987327,99989,200,99,5,2,1952,1113,0.0306533718709058,107,56,48230,49025,1456,816,0,0,0,0,0,0,97258,0,0,26,1,0,0,0,0,0,0,2704,0,0,0,0,0,0
180,3130,181.02396901016488,99989,197,100,5,2,1974,1130,0.03104341477562532,115,58,48202,49009,1479,829,0,0,0,0,0,0,97218,0,0,27,1,0,0,0,0,0,0,2743,0,0,0,0,0,0
181,3130,182.0447445856197,99989,194,108,5,2,2003,1146,0.031493464281070915,119,54,48173,48998,1507,836,0,0,0,0,0,0,97178,0,0,27,1,0,0,0,0,0,0,2783,0,0,0,0,0,0
182,3130,183.06612167127938,99989,212,108,5,2,2043,1162,0.03205352588784766,117,56,48143,48984,1521,848,0,0,0,0,0,0,97140,0,0,27,1,0,0,0,0,0,0,2821,0,0,0,0,0,0
183,3130,184.08801015020683,99989,214,114,5,2,2075,1178,0.0325335786936563,131,65,48103,48964,1545,853,0,0,0,0,0,0,97101,0,0,28,1,0,0,0,0,0,0,2859,0,0,0,0,0,0
184,3130,185.11043904585418,99989,217,102,5,2,2105,1187,0.03292362159837582,144,76,48066,48948,1566,870,0,0,0,0,0,0,97053,0,0,28,1,0,0,0,0,0,0,2907,0,0,0,0,0,0
185,3130,186.13348785137282,99989,219,107,5,2,2143,1206,0.03349368430527358,127,72,48050,48934,1597,883,0,0,0,0,0,0,97005,0,0,30,1,0,0,0,0,0,0,2953,0,0,0,0,0,0
186,3130,187.15707610952907,99989,225,110,5,2,2179,1221,0.03400374041144526,132,74,48017,48917,1619,895,0,0,0,0,0,0,96964,0,0,31,1,0,0,0,0,0,0,2993,0,0,0,0,0,0
187,3130,188.18120057990308,99989,237,106,5,2,2215,1238,0.034533798717858964,125,74,47993,48902,1638,914,0,0,0,0,0,0,96919,0,0,31,1,0,0,0,0,0,0,3038,0,0,0,0,0,0
188,3130,189.20578140459332,99989,239,106,5,2,2248,1253,0.0350138515236676,127,77,47964,48888,1663,925,0,0,0,0,0,0,96875,0,0,33,1,0,0,0,0,0,0,3080,0,0,0,0,0,0
189,3130,190.23097064481877,99988,238,104,5,3,2279,1269,0.03548425811097332,130,76,47932,48876,1693,939,0,0,0,0,0,0,96826,0,0,34,1,0,0,0,0,0,0,3127,0,0,0,0,0,0
190,3130,191.25678634335247,99988,227,101,5,3,2308,1284,0.035924310917310076,128,88,47912,48852,1726,954,0,0,0,0,0,0,96768,0,0,34,1,0,0,0,0,0,0,3185,0,0,0,0,0,0
191,3130,192.28319071462977,99988,230,113,5,3,2344,1309,0.03653438412609513,135,78,47873,48841,1755,963,0,0,0,0,0,0,96723,0,0,35,1,0,0,0,0,0,0,3229,0,0,0,0,0,0
192,3130,193.31026155910698,99987,234,113,5,4,2372,1333,0.03705481712622641,147,67,47838,48833,1774,981,0,0,0,0,0,0,96675,0,0,35,1,0,0,0,0,0,0,3276,0,0,0,0,0,0
193,3130,194.33796836546483,99987,230,112,5,4,2396,1346,0.037424865232480224,170,71,47799,48819,1794,992,0,0,0,0,0,0,96633,0,0,35,1,0,0,0,0,0,0,3318,0,0,0,0,0,0
194,3130,195.02347918319683,99987,242,103,5,4,2426,1352,0.037784912038565016,164,82,47780,48806,1807,1003,0,0,0,0,0,0,96601,0,0,36,1,0,0,0,0,0,0,3349,0,0,0,0,0,0
195,3130,196.05215958829353,99987,265,114,5,4,2474,1375,0.038495004350565576,155,81,47754,48786,1819,1013,0,0,0,0,0,0,96564,0,0,36,1,0,0,0,0,0,0,3386,0,0,0,0,0,0
196,3130,197.08127567570847,99986,276,113,6,4,2522,1392,0.03914548036725141,147,76,47723,48777,1846,1028,0,0,0,0,0,0,96509,0,0,36,1,0,0,0,0,0,0,3440,0,0,0,0,0,0
197,3130,198.11092792923003,99986,278,118,6,4,2570,1411,0.039815574180385255,144,78,47685,48759,1885,1039,0,0,0,0,0,0,96449,0,0,36,1,0,0,0,0,0,0,3500,0,0,0,0,0,0
198,3130,199.14142707189646,99986,272,113,6,4,2613,1428,0.0404156581921469,145,78,47649,48747,1926,1056,0,0,0,0,0,0,96381,0,0,39,1,0,0,0,0,0,0,3565,0,0,0,0,0,0
199,3130,200.17270498184644,99986,266,108,6,4,2648,1440,0.04088572400136019,152,84,47615,48734,1959,1068,0,0,0,0,0,0,96324,0,0,40,1,0,0,0,0,0,0,3621,0,0,0,0,0,0
200,3130,201.20477583791723,99985,262,110,7,4,2685,1459,0.04144621693253988,166,82,47573,48721,1990,1081,0,0,0,0,0,0,96266,0,0,40,1,0,0,0,0,0,0,3678,0,0,0,0,0,0
201,3130,202.2376051822728,99984,277,110,8,4,2735,1481,0.042166746679468715,152,77,47541,48706,2020,1101,0,0,0,0,0,0,96210,0,0,41,1,0,0,0,0,0,0,3732,0,0,0,0,0,0
202,3130,203.27110644299418,99984,258,122,8,4,2769,1507,0.04276684269483117,159,71,47510,48693,2063,1108,0,0,0,0,0,0,96144,0,0,42,1,0,0,0,0,0,0,3797,0,0,0,0,0,0
203,3130,204.30541177268984,99984,251,131,8,4,2805,1532,0.04337694031044967,168,65,47478,48677,2093,1121,0,0,0,0,0,0,96085,0,0,42,1,0,0,0,0,0,0,3856,0,0,0,0,0,0
204,3130,205.3403821744906,99984,253,128,8,4,2846,1543,0.0438970235237638,158,71,47455,48662,2124,1133,0,0,0,0,0,0,96035,0,0,45,1,0,0,0,0,0,0,3903,0,0,0,0,0,0
205,3130,206.03069218942304,99984,264,124,8,4,2878,1555,0.0443370939350296,157,70,47431,48656,2138,1144,0,0,0,0,0,0,95998,0,0,45,1,0,0,0,0,0,0,3940,0,0,0,0,0,0
206,3130,207.0667640873011,99984,262,128,8,4,2930,1576,0.045067210753720596,146,64,47394,48646,2188,1156,0,0,0,0,0,0,95930,0,0,46,2,0,0,0,0,0,0,4006,0,0,0,0,0,0
207,3130,208.10371595208244,99984,252,134,8,4,2972,1600,0.045727316370619296,139,53,47369,48635,2230,1172,0,0,0,0,0,0,95863,0,0,49,2,0,0,0,0,0,0,4070,0,0,0,0,0,0
208,3130,209.14140322401641,99984,260,126,8,4,3013,1614,0.04627740438470155,141,66,47340,48612,2249,1190,0,0,0,0,0,0,95809,0,0,50,2,0,0,0,0,0,0,4123,0,0,0,0,0,0
209,3130,210.1796603515627,99984,256,121,8,4,3054,1628,0.0468274923987838,143,75,47304,48595,2287,1203,0,0,0,0,0,0,95746,0,0,51,2,0,0,0,0,0,0,4185,0,0,0,0,0,0
210,3130,211.2186732985778,99984,273,124,8,4,3096,1652,0.04748759801568251,150,66,47265,48585,2302,1219,0,0,0,0,0,0,95702,0,0,53,2,0,0,0,0,0,0,4227,0,0,0,0,0,0
211,3130,212.25831341757282,99984,284,126,8,4,3135,1669,0.048047687630020805,155,64,47229,48573,2322,1231,0,0,0,0,0,0,95659,0,0,53,2,0,0,0,0,0,0,4270,0,0,0,0,0,0
212,3130,213.29858125134075,99984,290,123,8,4,3176,1681,0.048577772443590975,162,77,47184,48553,2354,1241,0,0,0,0,0,0,95611,0,0,55,2,0,0,0,0,0,0,4316,0,0,0,0,0,0
213,3130,214.33961961808646,99984,279,121,8,4,3212,1697,0.0490978556569051,171,81,47151,48537,2389,1255,0,0,0,0,0,0,95549,0,0,58,2,0,0,0,0,0,0,4375,0,0,0,0,0,0
214,3130,215.03408003521798,99984,271,128,8,4,3238,1714,0.04952792446791487,168,71,47138,48533,2413,1262,0,0,0,0,0,0,95506,0,0,59,2,0,0,0,0,0,0,4417,0,0,0,0,0,0
215,3130,216.0763522614854,99984,272,121,8,4,3282,1726,0.05008801408225316,159,74,47108,48522,2451,1277,0,0,0,0,0,0,95444,0,0,59,2,0,0,0,0,0,0,4479,0,0,0,0,0,0
216,3130,217.11934221533485,99984,279,117,8,4,3322,1742,0.05064810369659146,183,88,47062,48498,2466,1291,0,0,0,0,0,0,95391,0,0,59,2,0,0,0,0,0,0,4532,0,0,0,0,0,0
217,3130,218.1630586041435,99984,277,125,8,4,3370,1767,0.051378220515282444,186,80,47021,48484,2506,1305,0,0,0,0,0,0,95325,0,0,60,2,0,0,0,0,0,0,4597,0,0,0,0,0,0
218,3130,219.2075893552309,99983,286,116,9,4,3413,1789,0.05202884490363362,183,73,46988,48474,2532,1331,0,0,0,0,0,0,95260,0,0,60,2,0,0,0,0,0,0,4661,0,0,0,0,0,0
219,3130,220.25287681487328,99983,297,126,9,4,3455,1814,0.05269895882299991,185,65,46951,48463,2556,1340,0,0,0,0,0,0,95215,0,0,61,2,0,0,0,0,0,0,4705,0,0,0,0,0,0
220,3130,221.29881367998118,99983,304,115,9,4,3507,1827,0.053349069341788104,183,81,46913,48444,2589,1354,0,0,0,0,0,0,95146,0,0,61,2,0,0,0,0,0,0,4774,0,0,0,0,0,0
221,3130,222.34555011203634,99982,305,111,10,4,3553,1837,0.0539097037466744,185,92,46872,48426,2626,1365,0,0,0,0,0,0,95089,0,0,63,2,0,0,0,0,0,0,4828,0,0,0,0,0,0
222,3130,223.04381749213255,99982,309,114,10,4,3590,1848,0.0543897901622292,164,94,46868,48417,2647,1369,0,0,0,0,0,0,95050,0,0,65,2,0,0,0,0,0,0,4865,0,0,0,0,0,0
223,3130,224.09170209663816,99980,286,117,12,4,3622,1874,0.054970994198839766,192,98,46817,48392,2691,1387,0,0,0,0,0,0,94974,0,0,67,2,0,0,0,0,0,0,4937,0,0,0,0,0,0
224,3130,225.14045881666493,99980,300,130,12,4,3674,1901,0.05576115223044609,180,97,46789,48369,2717,1398,0,0,0,0,0,0,94924,0,0,69,2,0,0,0,0,0,0,4985,0,0,0,0,0,0
225,3130,226.18985972169835,99980,292,125,12,4,3708,1921,0.05630126025205041,195,95,46745,48352,2754,1422,0,0,0,0,0,0,94858,0,0,70,2,0,0,0,0,0,0,5050,0,0,0,0,0,0
226,3130,227.2401480978118,99980,293,135,12,4,3758,1950,0.05709141828365673,190,80,46709,48341,2794,1438,0,0,0,0,0,0,94793,0,0,73,2,0,0,0,0,0,0,5112,0,0,0,0,0,0
227,3130,228.29128457664308,99980,280,135,12,4,3803,1972,0.057761552310462094,188,76,46680,48328,2838,1455,0,0,0,0,0,0,94716,0,0,76,2,0,0,0,0,0,0,5186,0,0,0,0,0,0
228,3130,229.34333356298356,99980,295,135,12,4,3849,1994,0.05844168833766753,190,85,46641,48299,2860,1475,0,0,0,0,0,0,94664,0,0,77,2,0,0,0,0,0,0,5237,0,0,0,0,0,0
229,3130,230.04504492014286,99980,298,142,12,4,3876,2011,0.05888177635527105,209,80,46600,48290,2879,1482,0,0,0,0,0,0,94631,0,0,78,2,0,0,0,0,0,0,5269,0,0,0,0,0,0
230,3130,231.09840516699057,99980,298,139,12,4,3911,2027,0.05939187837567513,217,88,46570,48270,2901,1497,0,0,0,0,0,0,94578,0,0,79,2,0,0,0,0,0,0,5321,0,0,0,0,0,0
231,3130,232.15239780782292,99980,316,141,12,4,3962,2055,0.06018203640728145,205,85,46537,48252,2928,1516,0,0,0,0,0,0,94519,0,0,79,2,0,0,0,0,0,0,5380,0,0,0,0,0,0
232,3130,233.20704311544017,99980,324,144,12,4,4021,2071,0.060932186437287456,192,93,46498,48233,2972,1524,0,0,0,0,0,0,94457,0,0,81,2,0,0,0,0,0,0,5440,0,0,0,0,0,0
233,3130,234.26255055259125,99979,325,135,13,4,4071,2088,0.0616029366166895,197,99,46461,48215,3002,1545,0,0,0,0,0,0,94386,0,0,85,2,0,0,0,0,0,0,5506,0,0,0,0,0,0
234,3130,235.3188770520768,99979,324,138,13,4,4123,2112,0.062363096250212545,191,106,46424,48189,3046,1561,0,0,0,0,0,0,94313,0,0,86,2,0,0,0,0,0,0,5578,0,0,0,0,0,0
235,3130,236.02356549794717,99979,323,137,13,4,4158,2127,0.06286320127226717,173,101,46410,48184,3079,1572,0,0,0,0,0,0,94262,0,0,87,2,0,0,0,0,0,0,5628,0,0,0,0,0,0
236,3130,237.0812489281626,99977,320,132,14,5,4214,2143,0.06358462446362663,172,102,46367,48174,3125,1585,0,0,0,0,0,0,94185,0,0,90,2,0,0,0,0,0,0,5700,0,0,0,0,0,0
237,3130,238.13996355192313,99977,318,146,14,5,4259,2175,0.064354801604369,177,93,46331,48152,3158,1602,0,0,0,0,0,0,94121,0,0,91,2,0,0,0,0,0,0,5763,0,0,0,0,0,0
238,3130,239.19949329459038,99976,328,145,15,5,4318,2196,0.06515563735296472,171,90,46293,48137,3191,1621,0,0,0,0,0,0,94051,0,0,92,2,0,0,0,0,0,0,5831,0,0,0,0,0,0
239,3130,240.25979156749486,99976,330,151,15,5,4359,2221,0.06581579579098984,186,94,46254,48112,3213,1636,0,0,0,0,0,0,93993,0,0,92,2,0,0,0,0,0,0,5889,0,0,0,0,0,0
240,3130,241.32078693290802,99976,334,159,15,5,4417,2251,0.06669600704169,190,85,46207,48091,3252,1658,0,0,0,0,0,0,93918,0,0,93,2,0,0,0,0,0,0,5963,0,0,0,0,0,0
241,3130,242.02864597231266,99976,341,157,15,5,4461,2262,0.0672461390733776,182,87,46179,48081,3281,1668,0,0,0,0,0,0,93870,0,0,95,2,0,0,0,0,0,0,6009,0,0,0,0,0,0
242,3130,243.09116752739496,99976,341,163,15,5,4501,2286,0.06788629271025046,187,100,46147,48052,3308,1678,0,0,0,0,0,0,93815,0,0,98,2,0,0,0,0,0,0,6061,0,0,0,0,0,0
243,3130,244.15438786802025,99976,340,176,15,5,4553,2314,0.06868648475634152,194,108,46103,48025,3346,1684,0,0,0,0,0,0,93749,0,0,100,2,0,0,0,0,0,0,6125,0,0,0,0,0,0
244,3130,245.21842840590162,99976,347,177,15,5,4602,2343,0.0694666720012803,208,108,46051,48003,3377,1705,0,0,0,0,0,0,93684,0,0,105,2,0,0,0,0,0,0,6185,0,0,0,0,0,0
245,3130,246.28342830167279,99976,345,186,15,5,4659,2372,0.0703268784508282,211,113,46010,47977,3417,1717,0,0,0,0,0,0,93610,0,0,110,2,0,0,0,0,0,0,6254,0,0,0,0,0,0
246,3130,247.34927045865405,99976,346,180,15,5,4713,2400,0.07114707529807154,213,121,45972,47947,3452,1745,0,0,0,0,0,0,93526,0,0,113,2,0,0,0,0,0,0,6335,0,0,0,0,0,0
247,3130,248.0603288841585,99976,354,174,15,5,4752,2414,0.07167720252860686,217,129,45938,47929,3474,1761,0,0,0,0,0,0,93480,0,0,116,3,0,0,0,0,0,0,6377,0,0,0,0,0,0
248,3130,249.12771520696487,99976,365,183,15,5,4805,2453,0.07259742338161158,220,120,45899,47901,3499,1789,0,0,0,0,0,0,93409,0,0,117,3,0,0,0,0,0,0,6447,0,0,0,0,0,0
249,3130,250.19585014629007,99976,362,182,15,5,4858,2484,0.0734376250300072,221,118,45856,47884,3544,1809,0,0,0,0,0,0,93324,0,0,120,3,0,0,0,0,0,0,6529,0,0,0,0,0,0
250,3130,251.26493013937088,99976,378,191,15,5,4927,2515,0.07443786508762103,208,119,45807,47863,3590,1820,0,0,0,0,0,0,93250,0,0,121,3,0,0,0,0,0,0,6602,0,0,0,0,0,0
251,3130,252.33504763084446,99976,382,205,15,5,4987,2555,0.07543810514523486,202,106,45777,47841,3622,1841,0,0,0,0,0,0,93170,0,0,123,3,0,0,0,0,0,0,6680,0,0,0,0,0,0
252,3130,253.04886674614684,99976,384,209,15,5,5034,2577,0.07612827078498839,187,105,45754,47825,3658,1854,0,0,0,0,0,0,93108,0,0,124,3,0,0,0,0,0,0,6741,0,0,0,0,0,0
253,3130,254.12037115951708,99976,388,203,15,5,5091,2602,0.07694846763223173,195,106,45707,47804,3693,1880,0,0,0,0,0,0,93029,0,0,129,3,0,0,0,0,0,0,6815,0,0,0,0,0,0
254,3130,255.19287404729104,99976,409,196,15,5,5165,2632,0.07798871729215012,192,105,45654,47785,3728,1907,0,0,0,0,0,0,92941,0,0,131,3,0,0,0,0,0,0,6901,0,0,0,0,0,0
255,3130,256.2665258138022,99976,401,186,15,5,5223,2656,0.07880891413939345,202,109,45594,47760,3786,1938,0,0,0,0,0,0,92844,0,0,134,3,0,0,0,0,0,0,6995,0,0,0,0,0,0
256,3130,257.3415376576462,99976,393,173,15,5,5280,2679,0.07960910618548452,208,113,45553,47736,3829,1971,0,0,0,0,0,0,92746,0,0,137,3,0,0,0,0,0,0,7090,0,0,0,0,0,0
257,3130,258.0588929959836,99976,395,176,15,5,5319,2699,0.08019924781947667,212,114,45520,47721,3856,1982,0,0,0,0,0,0,92695,0,0,140,3,0,0,0,0,0,0,7138,0,0,0,0,0,0
258,3130,259.1357314224003,99976,385,182,15,5,5370,2727,0.0809894374649916,215,127,45482,47689,3901,1995,0,0,0,0,0,0,92615,0,0,143,3,0,0,0,0,0,0,7215,0,0,0,0,0,0
259,3130,260.21354860588104,99976,374,191,15,5,5418,2766,0.08185964631511562,224,116,45441,47672,3944,2014,0,0,0,0,0,0,92532,0,0,149,3,0,0,0,0,0,0,7292,0,0,0,0,0,0
260,3130,261.2922896276654,99976,366,197,15,5,5475,2796,0.08272985516523966,221,121,45397,47646,3999,2029,0,0,0,0,0,0,92447,0,0,153,3,0,0,0,0,0,0,7373,0,0,0,0,0,0
261,3130,262.01202536041103,99975,363,198,15,6,5520,2824,0.08346086521630408,200,123,45382,47618,4038,2053,0,0,0,0,0,0,92375,0,0,156,3,0,0,0,0,0,0,7441,0,0,0,0,0,0
262,3130,263.0924861704905,99975,357,194,15,6,5576,2862,0.08440110027506877,196,114,45352,47599,4078,2085,0,0,0,0,0,0,92275,0,0,160,3,0,0,0,0,0,0,7537,0,0,0,0,0,0
263,3130,264.17387353235904,99975,351,202,15,6,5632,2899,0.0853313328332083,198,110,45315,47576,4119,2104,0,0,0,0,0,0,92189,0,0,165,3,0,0,0,0,0,0,7618,0,0,0,0,0,0
264,3130,265.2560126747469,99974,336,195,16,6,5676,2924,0.08602236581511193,205,118,45291,47549,4150,2130,0,0,0,0,0,0,92103,0,0,170,3,0,0,0,0,0,0,7698,0,0,0,0,0,0
265,3130,266.3389572632753,99974,336,177,16,6,5731,2947,0.08680256866785364,198,124,45264,47529,4184,2162,0,0,0,0,0,0,92009,0,0,172,3,0,0,0,0,0,0,7790,0,0,0,0,0,0
266,3130,267.06131699905364,99974,349,190,16,6,5779,2972,0.08753275851721448,195,113,45231,47528,4207,2161,0,0,0,0,0,0,91962,0,0,172,3,0,0,0,0,0,0,7837,0,0,0,0,0,0
267,3130,268.1456351892756,99974,360,182,16,6,5839,3002,0.0884329925780703,189,109,45192,47510,4241,2191,0,0,0,0,0,0,91879,0,0,176,3,0,0,0,0,0,0,7916,0,0,0,0,0,0
268,3130,269.23094679314744,99974,357,184,16,6,5898,3027,0.08927321103486907,187,122,45153,47477,4285,2209,0,0,0,0,0,0,91798,0,0,180,3,0,0,0,0,0,0,7993,0,0,0,0,0,0
269,3130,270.31711391996157,99974,341,184,16,6,5948,3058,0.0900834216896393,205,124,45104,47454,4332,2230,0,0,0,0,0,0,91705,0,0,184,3,0,0,0,0,0,0,8082,0,0,0,0,0,0
270,3130,271.04182423289774,99974,356,180,16,6,5992,3081,0.09075359593494309,199,123,45079,47436,4348,2253,0,0,0,0,0,0,91656,0,0,191,3,0,0,0,0,0,0,8124,0,0,0,0,0,0
271,3130,272.1297385942597,99974,353,195,16,6,6041,3117,0.09160381699241803,222,117,45029,47415,4378,2265,0,0,0,0,0,0,91589,0,0,197,3,0,0,0,0,0,0,8185,0,0,0,0,0,0
272,3130,273.2185926579445,99974,339,193,16,6,6088,3152,0.09242403024786444,237,109,44986,47398,4420,2292,0,0,0,0,0,0,91492,0,0,198,3,0,0,0,0,0,0,8281,0,0,0,0,0,0
273,3130,274.30852960620825,99973,333,202,17,6,6151,3194,0.09347523831434487,220,102,44955,47371,4473,2317,0,0,0,0,0,0,91394,0,0,202,3,0,0,0,0,0,0,8374,0,0,0,0,0,0
274,3130,275.03568595213324,99973,328,199,17,6,6187,3210,0.09399537875226312,217,109,44936,47354,4500,2330,0,0,0,0,0,0,91335,0,0,203,3,0,0,0,0,0,0,8432,0,0,0,0,0,0
275,3130,276.1271443463348,99973,335,199,17,6,6249,3243,0.09494563532153681,210,109,44909,47324,4527,2360,0,0,0,0,0,0,91256,0,0,212,3,0,0,0,0,0,0,8502,0,0,0,0,0,0
276,3130,277.2192440835138,99973,336,192,17,6,6298,3266,0.095665829774039,205,111,44887,47314,4553,2375,0,0,0,0,0,0,91182,0,0,216,3,0,0,0,0,0,0,8572,0,0,0,0,0,0
277,3130,278.3119635481784,99971,321,184,19,6,6351,3295,0.09648798151463925,200,106,44857,47303,4601,2399,0,0,0,0,0,0,91083,0,0,222,3,0,0,0,0,0,0,8663,0,0,0,0,0,0
278,3130,279.0409375344465,99971,323,194,19,6,6380,3322,0.0970481439617489,207,94,44833,47299,4616,2405,0,0,0,0,0,0,91042,0,0,225,3,0,0,0,0,0,0,8701,0,0,0,0,0,0
279,3130,280.1352043166225,99971,333,198,19,6,6436,3345,0.09783837312820717,213,102,44789,47278,4644,2414,0,0,0,0,0,0,90986,0,0,232,4,0,0,0,0,0,0,8749,0,0,0,0,0,0
280,3130,281.23029038639424,99971,359,183,19,6,6496,3368,0.09866861389803043,210,104,44753,47261,4657,2444,0,0,0,0,0,0,90919,0,0,237,4,0,0,0,0,0,0,8811,0,0,0,0,0,0
281,3130,282.3260589451333,99971,363,184,19,6,6551,3398,0.09951886046953616,197,109,44731,47240,4688,2459,0,0,0,0,0,0,90843,0,0,239,5,0,0,0,0,0,0,8884,0,0,0,0,0,0
282,3130,283.0569278573005,99971,356,186,19,6,6585,3420,0.10007902291664583,202,106,44701,47230,4720,2470,0,0,0,0,0,0,90784,0,0,241,5,0,0,0,0,0,0,8941,0,0,0,0,0,0
283,3130,284.1540212219651,99970,361,190,20,6,6644,3452,0.10099029708912674,202,102,44661,47216,4754,2484,0,0,0,0,0,0,90705,0,0,244,5,0,0,0,0,0,0,9016,0,0,0,0,0,0
284,3130,285.2520327969855,99970,357,181,20,6,6705,3480,0.10188056416925077,194,105,44633,47192,4794,2514,0,0,0,0,0,0,90610,0,0,251,5,0,0,0,0,0,0,9104,0,0,0,0,0,0
285,3130,286.35096387461135,99970,368,183,20,6,6766,3508,0.1027708312493748,192,112,44594,47172,4824,2525,0,0,0,0,0,0,90538,0,0,255,5,0,0,0,0,0,0,9172,0,0,0,0,0,0
286,3130,287.0840192868021,99970,369,192,20,6,6804,3537,0.10344103230969291,197,95,44564,47165,4848,2540,0,0,0,0,0,0,90483,0,0,257,5,0,0,0,0,0,0,9225,0,0,0,0,0,0
287,3130,288.18429726617495,99970,362,194,20,6,6854,3568,0.10425127538261478,191,98,44542,47140,4883,2560,0,0,0,0,0,0,90402,0,0,262,5,0,0,0,0,0,0,9301,0,0,0,0,0,0
288,3130,289.2853623725157,99970,359,189,20,6,6913,3594,0.10510153045913774,183,104,44514,47116,4922,2583,0,0,0,0,0,0,90312,0,0,265,5,0,0,0,0,0,0,9388,0,0,0,0,0,0
289,3130,290.01989296052477,99970,356,190,20,6,6946,3615,0.10564169250775232,197,101,44480,47108,4945,2593,0,0,0,0,0,0,90261,0,0,270,5,0,0,0,0,0,0,9434,0,0,0,0,0,0
290,3130,291.12234341183205,99970,343,187,20,6,6988,3637,0.1062818845653696,214,111,44456,47083,4965,2611,0,0,0,0,0,0,90190,0,0,279,5,0,0,0,0,0,0,9496,0,0,0,0,0,0
291,3130,292.2254639881925,99970,351,190,20,6,7036,3669,0.10708212463739122,222,124,44421,47056,4984,2622,0,0,0,0,0,0,90125,0,0,283,5,0,0,0,0,0,0,9557,0,0,0,0,0,0
292,3130,293.32926353271375,99970,351,197,20,6,7089,3707,0.10799239771931579,235,111,44388,47037,5004,2647,0,0,0,0,0,0,90048,0,0,290,5,0,0,0,0,0,0,9627,0,0,0,0,0,0
293,3130,294.0655012348344,99970,363,203,20,6,7136,3731,0.10870261078323497,228,109,44361,47028,5026,2652,0,0,0,0,0,0,89997,0,0,292,5,0,0,0,0,0,0,9676,0,0,0,0,0,0
294,3130,295.17057829857,99969,360,210,21,6,7179,3766,0.10948394002140664,239,112,44324,46997,5054,2673,0,0,0,0,0,0,89927,0,0,296,5,0,0,0,0,0,0,9741,0,0,0,0,0,0
295,3130,296.2764116231071,99969,376,214,21,6,7255,3804,0.11062429353099461,214,119,44295,46959,5092,2700,0,0,0,0,0,0,89844,0,0,307,5,0,0,0,0,0,0,9813,0,0,0,0,0,0
296,3130,297.0140148536097,99969,386,219,21,6,7298,3825,0.11126449199251769,235,126,44246,46936,5110,2711,0,0,0,0,0,0,89798,0,0,310,5,0,0,0,0,0,0,9856,0,0,0,0,0,0
297,3130,298.1213965956859,99969,381,219,21,6,7366,3855,0.11224479588672488,246,117,44188,46923,5162,2733,0,0,0,0,0,0,89701,0,0,316,5,0,0,0,0,0,0,9947,0,0,0,0,0,0
298,3130,299.2301852061258,99969,385,210,21,6,7429,3887,0.1131950904780482,252,118,44138,46904,5202,2760,0,0,0,0,0,0,89605,0,0,320,5,0,0,0,0,0,0,10039,0,0,0,0,0,0
299,3130,300.3401819453256,99968,393,198,22,6,7495,3910,0.11408650768245839,249,120,44099,46886,5235,2788,0,0,0,0,0,0,89518,0,0,326,5,0,0,0,0,0,0,10119,0,0,0,0,0,0
300,3130,301.0807842552484,99968,396,194,22,6,7533,3933,0.11469670294494239,274,120,44048,46870,5258,2808,0,0,0,0,0,0,89459,0,0,329,5,0,0,0,0,0,0,10175,0,0,0,0,0,0
301,3130,302.1926693456581,99968,403,200,22,6,7612,3969,0.11584707106274007,263,122,44011,46846,5299,2824,0,0,0,0,0,0,89363,0,0,335,5,0,0,0,0,0,0,10265,0,0,0,0,0,0
302,3130,303.30559126573036,99968,416,208,22,6,7687,4007,0.11697743277848911,246,116,43976,46824,5338,2844,0,0,0,0,0,0,89277,0,0,341,5,0,0,0,0,0,0,10345,0,0,0,0,0,0
303,3130,304.047997559159,99967,433,197,22,7,7743,4025,0.11771884721958246,236,119,43943,46809,5364,2866,0,0,0,0,0,0,89213,0,0,343,6,0,0,0,0,0,0,10405,0,0,0,0,0,0
304,3130,305.1625793658923,99966,445,199,23,7,7812,4058,0.11874037172638698,240,115,43904,46788,5386,2889,0,0,0,0,0,0,89127,0,0,345,6,0,0,0,0,0,0,10488,0,0,0,0,0,0
305,3130,306.27798591340064,99966,456,207,23,7,7886,4092,0.11982073905127744,239,118,43862,46764,5418,2902,0,0,0,0,0,0,89043,0,0,350,6,0,0,0,0,0,0,10567,0,0,0,0,0,0
306,3130,307.022021416718,99966,466,194,23,7,7932,4109,0.12045095332413021,246,132,43835,46741,5428,2924,0,0,0,0,0,0,88980,0,0,353,6,0,0,0,0,0,0,10627,0,0,0,0,0,0
307,3130,308.13876039025985,99966,459,198,23,7,7993,4150,0.1214713002420823,251,118,43794,46723,5471,2952,0,0,0,0,0,0,88881,0,0,359,6,0,0,0,0,0,0,10720,0,0,0,0,0,0
308,3130,309.25673781959637,99965,445,189,23,8,8061,4176,0.12241284449557345,256,126,43742,46698,5532,2977,0,0,0,0,0,0,88773,0,0,368,6,0,0,0,0,0,0,10818,0,0,0,0,0,0
309,3130,310.00280350940926,99965,465,199,23,8,8117,4204,0.12325313859850948,259,127,43704,46674,5547,2990,0,0,0,0,0,0,88723,0,0,372,6,0,0,0,0,0,0,10864,0,0,0,0,0,0
310,3130,311.12276401734863,99965,445,191,23,8,8191,4240,0.12435352373330666,245,131,43670,46646,5615,3022,0,0,0,0,0,0,88596,0,0,383,6,0,0,0,0,0,0,10980,0,0,0,0,0,0
311,3130,312.2439701103647,99964,443,198,24,8,8265,4273,0.12542515305509983,244,143,43621,46613,5666,3036,0,0,0,0,0,0,88498,0,0,387,6,0,0,0,0,0,0,11073,0,0,0,0,0,0
312,3130,313.36634740406623,99963,434,212,25,8,8333,4314,0.12651681122015146,242,130,43585,46601,5712,3047,0,0,0,0,0,0,88406,0,0,399,6,0,0,0,0,0,0,11152,0,0,0,0,0,0
313,3130,314.1151470640938,99962,430,223,26,8,8375,4342,0.12721834297032872,249,122,43548,46589,5745,3056,0,0,0,0,0,0,88348,0,0,404,6,0,0,0,0,0,0,11204,0,0,0,0,0,0
314,3130,315.23947510316174,99962,447,225,26,8,8446,4381,0.1283187611292291,253,115,43502,46565,5770,3085,0,0,0,0,0,0,88263,0,0,410,6,0,0,0,0,0,0,11283,0,0,0,0,0,0
315,3130,316.36489199632126,99961,452,217,26,9,8518,4408,0.12931043106811657,253,120,43458,46554,5809,3098,0,0,0,0,0,0,88167,0,0,416,6,0,0,0,0,0,0,11372,0,0,0,0,0,0
316,3130,317.1157499251771,99961,444,221,26,9,8565,4434,0.1300407158791929,249,118,43432,46538,5847,3112,0,0,0,0,0,0,88098,0,0,424,6,0,0,0,0,0,0,11433,0,0,0,0,0,0
317,3130,318.2429928666213,99961,425,214,26,9,8626,4464,0.1309510709176579,263,121,43384,46524,5900,3130,0,0,0,0,0,0,87987,0,0,430,6,0,0,0,0,0,0,11538,0,0,0,0,0,0
318,3130,319.37154480054824,99961,431,218,26,9,8690,4493,0.13188143375916608,259,131,43353,46499,5929,3141,0,0,0,0,0,0,87911,0,0,437,6,0,0,0,0,0,0,11607,0,0,0,0,0,0
319,3130,320.12434710073614,99961,437,227,26,9,8742,4521,0.13268174588089354,259,130,43315,46481,5960,3150,1,1,1,1,0,0,87848,0,0,441,6,0,0,0,0,0,2,11664,0,0,0,0,0,0
320,3130,321.2606648771881,99961,447,212,26,9,8836,4548,0.13389221796500636,230,135,43274,46462,6019,3178,2,2,2,2,0,0,87730,0,0,449,7,0,0,0,0,0,4,11771,0,0,0,0,0,0
321,3130,322.3138765207869,99961,447,223,26,9,8899,4580,0.13484258860955772,236,131,43222,46448,6064,3184,3,3,3,3,0,0,87654,0,0,459,7,0,0,0,0,0,6,11835,0,0,0,0,0,0
322,3130,323.0369351844912,99961,450,218,26,9,8933,4597,0.135352787587159,237,132,43201,46434,6081,3201,3,4,4,4,0,0,87603,0,0,462,7,0,0,0,0,0,7,11881,1,0,0,0,0,0
323,3130,324.0934025568466,99960,444,221,27,9,8984,4635,0.13624449779911965,261,137,43148,46397,6114,3229,4,5,5,5,0,0,87511,0,0,464,7,0,0,0,0,0,9,11968,1,0,0,0,0,0
324,3130,325.12576354191725,99960,443,219,27,9,9052,4668,0.13725490196078433,234,129,43127,46379,6162,3256,5,6,6,6,0,0,87413,0,0,472,7,0,0,0,0,0,11,12056,1,0,0,0,0,0
325,3130,326.03335504172986,99959,430,218,28,9,9099,4697,0.13801658680058823,231,134,43097,46356,6206,3274,6,7,7,7,0,0,87324,0,0,475,7,0,0,0,0,0,13,12139,1,0,0,0,0,0
326,3130,327.00835469299557,99959,432,224,28,9,9161,4731,0.13897698056203042,231,140,43063,46332,6237,3285,7,8,8,8,0,0,87242,0,0,483,7,0,0,0,0,0,15,12211,1,0,0,0,0,0
327,3130,328.11742373851763,99958,427,232,29,9,9224,4762,0.1399187658816703,238,137,43014,46314,6282,3297,8,9,9,9,0,0,87162,0,0,496,7,0,0,0,0,0,17,12275,1,0,0,0,0,0
328,3130,329.0128344485546,99958,427,232,29,9,9283,4788,0.1407691230316733,230,132,42992,46301,6311,3314,9,10,10,10,0,0,87082,0,0,502,7,0,0,0,0,0,18,12347,2,0,0,0,0,0
329,3130,330.09379130528635,99957,426,241,30,9,9335,4821,0.14162089698570385,237,133,42949,46276,6346,3328,10,11,11,11,0,0,87009,0,0,507,7,0,0,0,0,0,19,12412,3,0,0,0,0,0
330,3130,331.0255564250467,99957,415,241,30,9,9378,4852,0.14236121532258872,244,134,42922,46257,6376,3345,11,12,12,12,0,0,86929,0,0,514,7,0,0,0,0,0,21,12483,3,0,0,0,0,0
331,3130,332.09779562515473,99957,401,224,30,9,9432,4881,0.14319157237612173,240,129,42907,46240,6408,3383,12,13,13,13,0,0,86824,0,0,525,7,0,0,0,0,0,23,12575,3,0,0,0,0,0
332,3130,333.0941022333572,99955,409,214,31,10,9492,4908,0.1440648291731279,240,128,42867,46223,6438,3409,13,14,14,14,0,0,86738,0,0,530,7,0,0,0,0,0,25,12652,3,0,0,0,0,0
333,3130,334.04419592125686,99955,430,221,31,10,9559,4938,0.14503526586964133,233,128,42834,46213,6456,3411,14,15,15,15,0,0,86672,0,0,535,7,0,0,0,0,0,27,12711,3,0,0,0,0,0
334,3130,335.0684705263489,99955,440,230,31,10,9624,4966,0.14596568455805112,242,126,42788,46200,6482,3416,15,16,16,16,0,0,86602,0,0,541,7,0,0,0,0,0,29,12773,3,0,0,0,0,0
335,3130,336.058156487845,99954,449,238,32,10,9680,4999,0.14685755447505852,241,122,42757,46177,6503,3434,16,17,17,17,0,0,86531,0,0,541,8,0,0,0,0,0,30,12841,3,0,0,0,0,0
336,3130,337.0071386885183,99954,455,236,32,10,9747,5026,0.14779798707405406,245,125,42707,46158,6542,3451,17,18,18,18,0,0,86448,0,0,550,8,0,0,0,0,0,32,12913,3,0,0,0,0,0
337,3130,338.0019312674572,99953,453,244,33,10,9804,5060,0.1487098936500155,252,132,42668,46136,6574,3457,18,19,19,19,0,0,86368,0,0,557,8,0,0,0,0,0,34,12983,3,0,0,0,0,0
338,3130,339.01370010072657,99953,439,262,33,10,9866,5106,0.14979040148869968,253,127,42627,46105,6627,3474,19,20,20,20,0,0,86277,0,0,572,8,0,0,0,0,0,36,13057,3,0,0,0,0,0
339,3130,340.00222290607087,99953,442,267,33,10,9924,5143,0.15074084819865335,263,126,42585,46079,6656,3495,19,21,21,21,0,0,86194,0,0,578,8,0,0,0,0,0,38,13132,3,0,0,0,0,0
340,3130,341.0552817868836,99953,427,253,33,10,9999,5184,0.15190139365501787,259,138,42550,46040,6709,3535,20,22,22,22,0,0,86060,0,0,589,9,0,0,0,0,0,40,13252,3,0,0,0,0,0
341,3130,342.02774078617557,99953,440,262,33,10,10048,5211,0.1526617510229808,257,128,42525,46026,6722,3549,21,23,23,23,0,0,86009,0,0,594,9,0,0,0,0,0,42,13296,3,0,0,0,0,0
342,3130,343.18234438191985,99952,440,266,34,10,10136,5261,0.15404394109172403,256,137,42483,45993,6763,3568,22,24,24,24,0,0,85879,0,0,600,9,0,0,0,0,0,44,13417,3,0,0,0,0,0
343,3130,344.33429925594504,99951,447,252,35,10,10200,5290,0.15497593820972277,252,139,42450,45978,6791,3594,23,25,25,25,0,0,85788,0,0,610,9,0,0,0,0,0,45,13495,4,0,0,0,0,0
344,3130,345.1027970455243,99950,448,254,36,10,10253,5318,0.15578789394697348,253,139,42410,45963,6826,3606,25,26,26,27,0,0,85717,0,0,619,9,0,0,0,0,0,47,13553,5,0,0,0,0,0
345,3130,346.25667716551203,99950,443,245,36,10,10314,5357,0.15678839419709856,270,143,42353,45933,6869,3639,27,28,28,29,0,0,85609,0,0,629,9,0,0,0,0,0,51,13647,5,0,0,0,0,0
346,3130,347.0267238009344,99950,441,234,36,10,10361,5382,0.1575087543771886,259,143,42332,45918,6901,3663,29,30,30,31,0,0,85530,0,0,637,9,0,0,0,0,0,53,13714,7,0,0,0,0,0
347,3130,348.18285903770675,99950,436,242,36,10,10436,5420,0.1586393196598299,244,132,42301,45909,6950,3673,31,32,32,33,0,0,85420,0,0,641,9,0,0,0,0,0,57,13816,7,0,0,0,0,0
348,3130,349.34013125979305,99950,423,239,36,10,10506,5463,0.15976988494247124,237,127,42262,45881,7007,3707,33,34,34,35,0,0,85301,0,0,654,9,0,0,0,0,0,60,13918,8,0,0,0,0,0
349,3130,350.11236078974,99950,409,238,36,10,10543,5481,0.16032016008004002,249,136,42224,45863,7044,3714,36,37,37,38,0,0,85232,0,0,659,10,0,0,0,0,0,66,13975,8,0,0,0,0,0
350,3130,351.27194500149517,99949,405,241,36,11,10609,5521,0.16138230497553752,251,131,42190,45844,7078,3731,38,40,40,41,0,0,85135,0,0,673,11,0,0,0,0,0,72,14050,8,0,0,0,0,0
351,3130,352.0455548199103,99949,410,242,36,11,10658,5544,0.16210267236290507,243,123,42167,45837,7102,3742,40,43,43,44,0,0,85068,0,0,676,12,0,0,0,0,0,78,14107,8,0,0,0,0,0
352,3130,353.2068710366617,99949,406,244,36,11,10729,5584,0.1632132387517634,241,128,42128,45808,7143,3760,44,47,47,48,0,0,84954,0,0,683,12,0,0,0,0,0,86,14206,8,0,0,0,0,0
353,3130,354.3692633431268,99949,417,252,36,11,10798,5629,0.1643538204484287,245,123,42085,45785,7167,3776,48,51,51,52,0,0,84863,0,0,694,12,0,0,0,0,0,93,14278,9,0,0,0,0,0
354,3130,355.14468861984165,99948,416,248,36,12,10851,5653,0.16512586545003402,230,118,42064,45772,7199,3792,53,56,56,57,0,0,84785,0,0,707,12,0,0,0,0,0,102,14332,10,0,0,0,0,0
355,3130,356.3088475463547,99948,415,242,36,12,10924,5690,0.16622643774762877,228,122,42022,45737,7239,3824,58,61,61,62,0,0,84668,0,0,716,12,0,0,0,0,0,111,14430,11,0,0,0,0,0
356,3130,357.085608574792,99948,409,242,36,12,10966,5717,0.16691679673430185,233,123,41992,45715,7265,3839,63,67,67,67,0,0,84590,0,0,719,13,0,0,0,0,0,118,14494,14,0,0,0,0,0
357,3130,358.2518596325081,99947,422,231,37,12,11042,5753,0.16803906070217214,220,133,41953,45678,7297,3871,69,73,73,73,0,0,84483,0,0,733,13,0,0,0,0,0,129,14574,15,0,0,0,0,0
358,3130,359.0299298281075,99947,429,253,37,12,11097,5792,0.16897955916635818,225,114,41907,45666,7324,3874,76,79,80,80,0,0,84412,0,0,739,13,0,0,0,0,0,141,14625,17,0,0,0,0,0
359,3130,360.1982533512148,99947,442,239,37,12,11167,5819,0.16995007353897565,222,128,41872,45633,7342,3900,83,86,88,87,0,0,84310,0,0,749,13,0,0,0,0,0,155,14702,18,0,0,0,0,0
360,3130,361.36756594108056,99947,456,239,37,12,11239,5854,0.17102064093969804,223,134,41820,45602,7371,3916,91,95,97,95,0,0,84213,0,0,760,13,0,0,0,0,0,170,14771,20,0,0,0,0,0
361,3130,362.1477846829918,99947,440,228,37,12,11290,5879,0.17178104395329524,235,136,41776,45574,7411,3944,99,104,107,104,0,0,84108,0,0,775,13,0,0,0,0,0,187,14842,22,0,0,0,0,0
362,3130,363.3194805635963,99947,433,227,37,12,11357,5911,0.17277156893153373,231,138,41743,45556,7446,3950,108,115,118,113,0,0,83996,0,0,787,13,0,0,0,0,0,204,14922,25,0,0,0,0,0
363,3130,364.10127095769286,99946,427,221,37,13,11404,5928,0.1734136433674184,243,144,41709,45530,7464,3963,118,127,130,123,0,0,83909,0,0,797,13,0,0,0,0,0,225,14976,26,0,0,0,0,0
364,3130,365.27510051806775,99946,435,235,37,13,11476,5973,0.17458427550877473,234,125,41672,45518,7492,3967,128,140,143,134,0,0,83806,0,0,803,16,0,0,0,0,0,244,15047,30,0,0,0,0,0
365,3130,366.05819173097717,99946,422,237,37,13,11515,5999,0.17523462669841713,241,122,41638,45501,7520,3971,140,154,157,146,0,0,83727,0,0,821,16,0,0,0,0,0,265,15082,35,0,0,0,0,0
366,3130,367.2340818292486,99946,437,219,37,13,11582,6030,0.17621515618433956,261,125,41577,45473,7534,4001,152,167,172,159,0,0,83611,0,0,829,16,0,0,0,0,0,288,15162,40,0,0,0,0,0
367,3130,368.0187246844044,99946,436,223,37,13,11634,6054,0.1769755668060753,264,127,41531,45449,7564,4003,166,183,189,173,0,0,83520,0,0,834,17,0,0,0,0,0,312,15217,46,0,0,0,0,0
368,3130,369.1971683460042,99946,439,230,37,13,11710,6094,0.17813619354451404,257,123,41486,45416,7599,4017,180,199,207,188,0,0,83407,0,0,848,18,0,0,0,0,0,335,15282,56,0,0,0,0,0
369,3130,370.3769728379627,99944,451,223,38,14,11791,6128,0.17929040262547027,241,119,41441,45380,7632,4043,195,219,227,205,0,0,83279,0,0,857,19,0,0,0,0,0,364,15361,64,0,0,0,0,0
370,3130,371.16429222851906,99944,446,220,38,14,11842,6150,0.18002081165452655,236,120,41407,45345,7658,4060,213,239,249,223,0,0,83173,0,0,865,20,0,0,0,0,0,399,15418,69,0,0,0,0,0
371,3130,372.3465599308624,99941,446,205,41,14,11918,6183,0.1811168589467786,232,117,41352,45306,7695,4094,232,262,273,242,0,0,83025,0,0,879,20,0,0,0,0,0,437,15506,74,0,0,0,0,0
372,3130,373.1356303758111,99941,443,200,41,14,11959,6200,0.1816972013487958,233,124,41320,45272,7709,4101,252,287,299,263,0,0,82928,0,0,888,20,0,0,0,0,0,477,15547,81,0,0,0,0,0
373,3130,374.32045042320254,99941,453,200,41,14,12035,6235,0.1828078566354149,230,124,41274,45223,7728,4122,272,315,327,285,0,0,82786,0,0,893,20,0,0,0,0,0,523,15634,85,0,0,0,0,0
374,3130,375.1110737110318,99940,434,205,41,15,12079,6267,0.18357014208525116,241,115,41217,45183,7771,4136,294,344,357,309,0,0,82656,0,0,902,20,0,0,0,0,0,572,15700,90,0,0,0,0,0
375,3130,376.2988102535371,99939,451,202,42,15,12165,6293,0.18469266252413974,215,118,41168,45139,7805,4149,317,375,390,334,0,0,82520,0,0,913,21,0,0,0,0,0,623,15765,97,0,0,0,0,0
376,3130,377.0915515658876,99939,463,212,42,15,12217,6319,0.1854731386145549,213,108,41124,45108,7815,4146,341,409,425,361,0,0,82420,0,0,918,23,0,0,0,0,0,674,15798,106,0,0,0,0,0
377,3130,378.2820980955663,99939,442,193,42,15,12280,6345,0.18636368184592603,224,116,41057,45054,7863,4176,370,444,463,390,0,0,82246,0,0,927,26,0,0,0,0,0,732,15895,113,0,0,0,0,0
378,3130,379.07693357484516,99939,439,190,42,15,12325,6369,0.18705410300283173,223,115,41005,45006,7888,4188,401,484,504,421,0,0,82119,0,0,939,26,0,0,0,0,0,796,15938,121,0,0,0,0,0
379,3130,380.27107759189914,99939,422,177,42,15,12383,6391,0.18785459130069343,235,126,40948,44954,7918,4200,433,526,548,454,0,0,81968,0,0,951,29,0,0,0,0,0,854,15998,139,0,0,0,0,0
380,3130,381.0681842081961,99939,424,198,42,15,12426,6424,0.18861505518366203,230,118,40917,44906,7918,4190,467,571,595,489,0,0,81856,0,0,951,32,0,0,0,0,0,917,16027,156,0,0,0,0,0
381,3130,382.26506907606483,99939,410,198,42,15,12484,6462,0.18957564114109607,238,113,40865,44851,7942,4200,501,621,646,526,0,0,81690,0,0,963,32,0,0,0,0,0,985,16093,176,0,0,0,0,0
382,3130,383.0637871762644,99939,406,200,42,15,12522,6494,0.19027606840172506,237,104,40819,44793,7955,4213,539,673,700,566,0,0,81542,0,0,968,34,0,0,0,0,0,1069,16141,185,0,0,0,0,0
383,3130,384.2635866077014,99937,427,192,44,15,12606,6523,0.19141058867086264,222,112,40753,44726,7976,4225,576,728,758,608,0,0,81371,0,0,978,34,0,0,0,0,0,1151,16200,203,0,0,0,0,0
384,3130,385.0644969961453,99937,425,183,44,15,12644,6535,0.19191090386943774,223,119,40694,44667,7994,4224,618,790,820,653,0,0,81228,0,0,983,34,0,0,0,0,0,1238,16231,223,0,0,0,0,0
385,3130,386.26797127800154,99937,407,192,44,15,12707,6570,0.19289152165864495,230,111,40627,44593,8028,4233,662,854,886,700,0,0,81039,0,0,994,35,0,0,0,0,0,1333,16295,241,0,0,0,0,0
386,3130,387.07144790980624,99935,403,183,46,15,12755,6586,0.19353579826887476,220,119,40578,44523,8039,4237,712,921,956,750,0,0,80874,0,0,1001,37,0,0,0,0,0,1431,16330,262,0,0,0,0,0
387,3130,388.2786365186185,99935,399,182,46,15,12822,6620,0.19454645519587732,215,118,40509,44446,8068,4242,761,995,1031,803,0,0,80668,0,0,1013,38,0,0,0,0,0,1544,16396,276,0,0,0,0,0
388,3130,389.08450963314516,99935,399,177,46,15,12865,6640,0.19517686496222544,205,119,40457,44366,8077,4250,814,1071,1111,859,0,0,80488,0,0,1022,38,0,0,0,0,0,1665,16431,291,0,0,0,0,0
389,3130,390.29551047648135,99935,374,186,46,15,12913,6673,0.19598739180467303,212,118,40388,44288,8108,4238,870,1153,1196,918,0,0,80279,0,0,1028,40,0,0,0,0,0,1785,16490,313,0,0,0,0,0
390,3130,391.1040888068976,99935,381,186,46,15,12964,6697,0.19673787962175415,189,115,40327,44205,8127,4240,928,1237,1286,980,0,0,80097,0,0,1032,44,0,0,0,0,0,1908,16515,339,0,0,0,0,0
391,3130,392.31920228292233,99935,389,185,46,15,13027,6735,0.19774853654875668,182,104,40258,44114,8136,4256,987,1324,1381,1045,0,0,79875,0,0,1040,46,0,0,0,0,0,2046,16569,359,0,0,0,0,0
392,3130,393.130480570489,99935,395,184,46,15,13076,6757,0.1984589983489268,180,109,40189,44027,8133,4244,1055,1419,1482,1114,0,0,79682,0,0,1042,50,0,0,0,0,0,2179,16590,392,0,0,0,0,0
393,3130,394.34976995881414,99935,372,187,46,15,13121,6792,0.19925951868714664,183,106,40134,43914,8144,4252,1119,1524,1589,1186,0,0,79453,0,0,1049,56,0,0,0,0,0,2322,16632,423,0,0,0,0,0
394,3130,395.1637026253701,99935,366,179,46,15,13166,6810,0.19988992845349476,173,111,40068,43805,8154,4254,1191,1634,1702,1262,0,0,79237,0,0,1061,57,0,0,0,0,0,2474,16647,459,0,0,0,0,0
395,3130,396.38722208086864,99934,356,180,47,15,13215,6850,0.20078251646086417,177,100,39990,43700,8167,4260,1261,1743,1821,1341,0,0,78996,0,0,1077,56,1,0,0,0,0,2634,16673,497,0,0,0,0,0
396,3130,397.2042350053873,99934,329,178,47,15,13244,6871,0.20128284667880803,184,97,39914,43582,8183,4259,1341,1867,1947,1424,0,0,78762,0,0,1087,60,1,0,0,0,0,2803,16688,533,0,0,0,0,0
397,3130,398.0229729004137,99934,329,186,47,15,13280,6892,0.201853223127264,179,96,39825,43454,8191,4253,1427,1994,2079,1511,0,0,78536,0,0,1093,61,1,0,0,0,0,2987,16689,567,0,0,0,0,0
398,3130,399.25424069006885,99934,324,173,47,15,13348,6926,0.20287389677186943,157,89,39737,43321,8222,4274,1511,2126,2218,1602,0,0,78241,0,0,1101,64,1,0,0,0,0,3174,16745,608,0,0,0,0,0
399,3130,400.0768725574762,99934,327,168,47,15,13386,6944,0.20343426661596653,148,94,39662,43175,8214,4277,1600,2269,2364,1697,0,0,78002,0,0,1109,68,1,0,0,0,0,3367,16735,652,0,0,0,0,0
400,3130,401.31376137347416,99934,315,178,47,15,13434,6971,0.2041847619428823,149,99,39577,43040,8214,4255,1696,2411,2518,1796,0,0,77735,0,0,1119,71,1,0,0,0,0,3571,16738,699,0,0,0,0,0
401,3130,402.1398715211221,99934,312,187,47,15,13469,7003,0.20485520443492705,153,78,39491,42903,8206,4249,1789,2566,2679,1900,0,0,77462,0,0,1125,74,1,0,0,0,0,3792,16740,740,0,0,0,0,0
402,3130,403.3821871845383,99934,292,184,47,15,13511,7028,0.2055256469269718,162,78,39393,42756,8217,4241,1887,2724,2848,2008,0,0,77150,0,0,1133,76,1,0,0,0,0,4025,16766,783,0,0,0,0,0
403,3130,404.21218086156296,99933,291,177,48,15,13547,7041,0.2060180320814946,164,81,39300,42598,8205,4232,1990,2895,3025,2120,0,0,76868,0,0,1135,79,1,0,0,0,0,4255,16756,839,0,0,0,0,0
404,3130,405.0441730305867,99932,274,176,49,15,13575,7064,0.20653044069967577,174,81,39185,42427,8216,4232,2100,3067,3210,2237,0,0,76560,0,0,1137,82,1,0,0,0,0,4501,16759,892,0,0,0,0,0
405,3130,406.2962536541119,99932,295,180,49,15,13643,7101,0.20758115518552617,142,67,39092,42269,8201,4225,2219,3242,3403,2359,0,0,76236,0,0,1134,91,1,0,0,0,0,4751,16771,948,0,0,0,0,0
406,3130,407.1327972254673,99932,281,163,49,15,13669,7111,0.20794140015210344,149,68,38997,42100,8186,4216,2336,3436,3605,2485,0,0,75914,0,0,1137,97,1,0,0,0,0,5016,16761,1006,0,0,0,0,0
407,3130,408.39137434588355,99932,273,138,49,15,13716,7125,0.20855181523435937,134,79,38902,41924,8181,4206,2459,3636,3816,2616,0,0,75554,0,0,1144,103,1,0,0,0,0,5295,16772,1063,0,0,0,0,0
408,3130,409.2323288406308,99932,278,137,49,15,13743,7137,0.2089420806148181,130,74,38803,41749,8151,4177,2587,3846,4035,2752,0,0,75244,0,0,1145,105,4,0,0,0,0,5576,16729,1129,0,0,0,0,0
409,3130,410.07542372251567,99932,284,138,49,15,13770,7154,0.20938238001841253,138,68,38687,41550,8120,4164,2720,4063,4263,2893,0,0,74917,0,0,1141,111,4,0,0,0,0,5868,16691,1200,0,0,0,0,0
410,3130,411.34431489086995,99931,288,127,50,15,13813,7174,0.2100149102880988,134,69,38573,41349,8096,4152,2857,4286,4500,3039,0,0,74544,0,0,1141,118,4,0,0,0,0,6178,16680,1266,0,0,0,0,0
411,3130,412.1922242082336,99931,294,132,50,15,13846,7190,0.21050524862154887,138,65,38454,41140,8066,4125,2996,4521,4746,3190,0,0,74191,0,0,1139,123,4,0,0,0,0,6496,16638,1340,0,0,0,0,0
412,3130,413.04267176273345,99931,282,125,50,15,13875,7201,0.21090552481212035,142,76,38333,40913,8047,4103,3144,4766,5002,3346,0,0,73800,0,0,1145,127,4,0,0,0,0,6839,16610,1406,0,0,0,0,0
413,3130,414.3231024782724,99929,282,128,50,17,13925,7230,0.21170030721812486,127,74,38204,40697,8043,4077,3292,5005,5267,3507,0,0,73393,0,0,1144,134,4,0,0,0,0,7177,16589,1488,0,0,0,0,0
414,3130,415.17916389612503,99929,279,123,50,17,13953,7241,0.21209058431486355,132,86,38064,40451,8024,4054,3449,5267,5541,3673,0,0,72989,0,0,1149,135,4,0,0,0,0,7540,16548,1564,0,0,0,0,0
415,3130,416.03830191312005,99928,264,126,51,17,13980,7263,0.2125830598030582,138,81,37949,40190,7985,4041,3611,5543,5825,3845,0,0,72576,0,0,1153,140,5,0,0,0,0,7902,16501,1651,0,0,0,0,0
416,3130,417.3320000595583,99928,259,134,51,17,14018,7292,0.21325354255063647,155,76,37793,39937,7966,4019,3774,5815,6118,4022,0,0,72136,0,0,1162,142,5,0,0,0,0,8289,16462,1732,0,0,0,0,0
417,3130,418.19711616778204,99928,256,133,51,17,14058,7309,0.21382395324633735,143,72,37662,39676,7943,4000,3943,6100,6421,4204,0,0,71692,0,0,1160,152,5,0,0,0,0,8680,16423,1816,0,0,0,0,0
418,3130,419.06552835321406,99928,252,126,51,17,14092,7320,0.21427427747978545,147,73,37524,39425,7911,3964,4113,6393,6733,4391,0,0,71250,0,0,1160,161,5,0,0,0,0,9075,16366,1911,0,0,0,0,0
419,3130,420.37373667280957,99928,258,124,51,17,14143,7342,0.2150048034584901,176,101,37344,39141,7882,3935,4287,6680,7055,4584,0,0,70783,17,2,1167,166,5,0,0,0,0,9485,16294,2009,0,0,0,0,0
420,3130,421.08948356299646,99928,267,137,51,17,14178,7369,0.2156252501801297,184,95,37174,38851,7851,3911,4471,6987,7386,4782,0,0,70321,45,5,1173,169,5,0,0,0,0,9916,16193,2101,0,0,0,0,0
421,3130,422.168531652021,99928,278,146,51,17,14228,7394,0.21637579056920983,195,102,37002,38561,7816,3876,4656,7296,7726,4985,0,0,69841,85,9,1176,177,5,0,0,0,0,10352,16087,2196,0,0,0,0,0
422,3130,423.2523310259398,99927,289,153,52,17,14283,7417,0.21715852572377836,214,108,36827,38247,7772,3848,4844,7625,8076,5193,0,0,69327,130,14,1181,181,5,0,0,0,0,10815,15992,2282,0,0,0,0,0
423,3130,424.3407223713126,99927,320,156,52,17,14351,7446,0.21812923434106898,223,110,36638,37928,7729,3826,5036,7961,8435,5406,0,0,68807,180,20,1183,185,5,0,0,0,0,11278,15888,2381,0,0,0,0,0
424,3130,425.0691915631046,99927,343,160,52,17,14399,7465,0.2187997237983728,233,115,36438,37599,7693,3803,5239,8304,8803,5625,0,0,68284,211,24,1183,190,5,0,0,0,0,11766,15793,2471,0,0,0,0,0
425,3130,426.1681509978528,99927,357,163,52,17,14465,7497,0.21978043972099634,245,120,36236,37290,7669,3779,5439,8629,9179,5849,0,0,67731,268,33,1193,195,5,0,0,0,0,12253,15679,2570,0,0,0,0,0
426,3130,427.27276824136123,99927,382,160,52,17,14544,7523,0.22083120678095008,257,123,36026,36970,7639,3759,5642,8969,9564,6078,0,0,67167,334,39,1199,200,5,0,0,0,0,12745,15557,2681,0,0,0,0,0
427,3130,428.0124691061922,99927,385,165,52,17,14603,7543,0.22162178390224865,251,129,35819,36617,7634,3735,5857,9335,9957,6311,0,0,66592,384,47,1198,213,5,0,0,0,0,13262,15456,2770,0,0,0,0,0
428,3130,429.1293729264094,99927,391,174,52,17,14668,7581,0.22265253635153662,262,129,35612,36282,7613,3701,6068,9695,10359,6549,0,0,66021,450,55,1204,220,5,0,0,0,0,13759,15314,2899,0,0,0,0,0
429,3130,430.2525440724893,99927,418,187,52,17,14747,7619,0.2238233910754851,275,147,35391,35921,7576,3669,6286,10057,10769,6792,0,0,65427,507,64,1203,231,5,0,0,0,0,14287,15198,3005,0,0,0,0,0
430,3130,431.00482457146404,99927,428,193,52,17,14797,7645,0.22458394628078499,290,154,35182,35559,7544,3636,6502,10439,11186,7040,0,0,64844,550,74,1197,244,5,0,0,0,0,14817,15079,3117,0,0,0,0,0
431,3130,432.14080949443985,99927,435,196,52,17,14876,7683,0.22575480100473347,314,175,34950,35168,7537,3629,6710,10813,11611,7292,0,0,64201,627,85,1204,255,5,0,0,0,0,15372,14960,3218,0,0,0,0,0
432,3130,433.283610060081,99927,458,227,52,17,14973,7742,0.22731594063666477,307,180,34714,34790,7528,3596,6939,11188,12043,7549,0,0,63574,699,100,1211,263,5,0,0,0,0,15912,14819,3344,0,0,0,0,0
433,3130,434.04955736711867,99927,474,225,52,17,15038,7774,0.2282866492539554,309,178,34483,34402,7504,3586,7176,11590,12481,7810,0,0,62931,754,114,1212,274,6,0,0,0,0,16486,14707,3443,0,0,0,0,0
434,3130,435.2071956312191,99927,483,237,52,17,15123,7825,0.22964764277922883,354,179,34225,34020,7481,3568,7403,11977,12926,8075,0,0,62287,838,128,1216,285,7,0,0,0,0,17032,14553,3581,0,0,0,0,0
435,3130,436.37270381127286,99927,524,260,52,17,15240,7886,0.2314289431284838,370,183,33969,33630,7462,3535,7621,12373,13377,8344,0,0,61619,916,145,1216,304,7,0,0,0,0,17605,14423,3692,0,0,0,0,0
436,3130,437.1539325134737,99926,558,265,53,17,15317,7918,0.2325220663290835,383,182,33712,33216,7429,3519,7863,12799,13834,8617,0,0,60982,960,161,1211,316,8,0,0,0,0,18182,14290,3816,0,0,0,0,0
437,3130,438.33552075157587,99926,565,274,53,17,15422,7973,0.23412325120589236,416,178,33437,32833,7435,3496,8092,13200,14296,8894,0,0,60273,1060,187,1221,323,8,0,0,0,0,18765,14149,3940,0,0,0,0,0
438,3130,439.1282964396672,99926,608,289,53,17,15523,8015,0.23555431018954026,393,179,33197,32429,7411,3459,8336,13625,14763,9174,0,0,59605,1108,209,1221,337,8,0,0,0,0,19362,14022,4054,0,0,0,0,0
439,3130,440.32717766714177,99924,646,279,54,18,15652,8067,0.2373704015051439,414,192,32923,32023,7400,3457,8561,14029,15234,9458,0,0,58900,1189,251,1237,347,8,0,0,0,0,19942,13871,4179,0,0,0,0,0
440,3130,441.13152781556136,99923,641,291,55,18,15733,8107,0.23858370945628132,427,212,32662,31596,7400,3419,8813,14462,15709,9745,0,0,58210,1259,274,1245,358,8,0,0,0,0,20537,13720,4312,0,0,0,0,0
441,3130,442.3488320643381,99923,646,314,55,18,15865,8182,0.24065530458453008,455,218,32378,31174,7422,3402,9042,14872,16188,10035,0,0,57469,1364,312,1266,371,9,0,0,0,0,21135,13566,4431,0,0,0,0,0
442,3130,443.16594087845044,99923,669,302,55,18,15959,8220,0.24197632176776118,471,228,32104,30745,7401,3406,9298,15299,16670,10328,0,0,56775,1426,349,1275,381,9,0,0,0,0,21729,13412,4567,0,0,0,0,0
443,3130,444.4032431631672,99922,696,316,56,18,16090,8290,0.2439903124437061,529,257,31792,30319,7403,3402,9522,15686,17155,10623,0,0,56034,1520,384,1286,397,9,0,0,0,0,22337,13267,4688,0,0,0,0,0
444,3130,445.2339730335998,99921,716,335,57,18,16197,8345,0.24561403508771928,529,261,31508,29875,7409,3378,9779,16131,17642,10921,0,0,55321,1589,412,1298,409,9,0,0,0,0,22952,13112,4819,0,0,0,0,0
445,3130,446.0718068774082,99921,760,344,57,18,16316,8395,0.2473053712432822,514,277,31232,29445,7391,3353,10044,16561,18131,11221,0,0,54607,1644,447,1307,424,10,0,0,0,0,23576,12973,4933,0,0,0,0,0
446,3130,447.3412666046355,99921,778,374,57,18,16488,8482,0.24989741896097917,561,260,30900,29029,7436,3357,10266,16960,18622,11523,0,0,53835,1752,493,1341,439,11,0,0,0,0,24187,12811,5052,0,0,0,0,0
447,3130,448.1944895118797,99921,791,370,57,18,16609,8529,0.25157874721029616,567,274,30610,28585,7454,3354,10519,17397,19114,11827,0,0,53076,1846,534,1353,450,11,0,0,0,0,24810,12668,5173,0,0,0,0,0
448,3130,449.0553973251002,99920,823,382,58,18,16737,8582,0.2533927141713371,568,294,30325,28138,7451,3338,10773,17828,19606,12133,0,0,52370,1911,569,1367,470,11,0,0,0,0,25413,12497,5312,0,0,0,0,0
449,3130,450.36027103046575,99919,873,402,58,19,16932,8680,0.256327625376555,574,295,30018,27723,7480,3353,10995,18206,20099,12440,0,0,51583,2035,631,1369,496,12,0,0,0,0,26010,12354,5429,0,0,0,0,0
450,3130,451.23688652908413,99918,894,424,58,20,17069,8747,0.25837186492924197,568,291,29723,27320,7512,3331,11243,18612,20591,12748,0,0,50841,2117,677,1382,511,13,0,0,0,0,26622,12199,5556,0,0,0,0,0
451,3130,452.1219202210579,99918,884,445,58,20,17193,8818,0.260323465241498,588,302,29429,26908,7538,3309,11501,19014,21083,13057,0,0,50104,2206,725,1393,537,14,0,0,0,0,27217,12032,5690,0,0,0,0,0
452,3130,453.0156995509587,99918,924,456,58,20,17342,8892,0.2625552953421806,597,289,29113,26517,7563,3284,11743,19432,21574,13367,0,0,49370,2289,784,1398,557,15,0,0,0,0,27807,11876,5822,0,0,0,0,0
453,3130,454.3719250362784,99916,959,479,59,21,17574,8993,0.26589335041434803,600,315,28806,26101,7620,3291,11954,19791,22063,13678,0,0,48575,2425,869,1417,581,17,0,0,0,0,28376,11712,5944,0,0,0,0,0
454,3130,455.2837155743433,99916,982,499,59,21,17722,9060,0.2680451579326634,587,327,28528,25698,7639,3266,12203,20187,22550,13989,0,0,47856,2502,933,1427,598,18,0,0,0,0,28953,11545,6084,0,0,0,0,0
455,3130,456.20423823780106,99915,1000,516,60,21,17869,9139,0.27030976329880396,616,330,28246,25309,7646,3262,12430,20560,23035,14301,0,0,47123,2581,1007,1427,629,19,0,0,0,0,29531,11398,6200,0,0,0,0,0
456,3130,457.1333498521075,99915,1006,513,60,21,18013,9207,0.272431566831807,649,357,27970,24891,7664,3272,12649,20944,23518,14613,0,0,46371,2683,1063,1438,658,20,0,0,0,0,30119,11239,6324,0,0,0,0,0
457,3130,458.0712160730929,99914,993,548,61,21,18154,9301,0.2747863162319595,672,327,27677,24486,7711,3268,12884,21348,23998,14925,0,0,45637,2765,1146,1456,682,20,0,0,0,0,30684,11079,6445,0,0,0,0,0
458,3130,459.01844084955565,99914,1010,545,61,21,18307,9371,0.27701823568268713,669,345,27402,24115,7755,3265,13101,21707,24474,15236,0,0,44897,2855,1220,1481,698,20,0,0,0,0,31257,10916,6570,0,0,0,0,0
459,3130,460.45595515625615,99914,1020,568,61,21,18536,9503,0.28063134295494124,686,362,27065,23736,7859,3294,13307,22017,24947,15547,0,0,44099,3005,1327,1522,725,20,0,0,0,0,31797,10737,6682,0,0,0,0,0
460,3130,461.4236607290286,99912,1043,571,63,21,18701,9595,0.28320922411722316,696,368,26763,23338,7889,3321,13544,22379,25416,15857,0,0,43345,3095,1419,1534,749,22,0,0,0,0,32362,10606,6780,0,0,0,0,0
461,3130,462.40197913687325,99912,1079,600,63,21,18874,9693,0.2859216110176956,667,355,26533,22958,7901,3325,13755,22739,25881,16166,0,0,42642,3165,1507,1540,785,23,0,0,0,0,32902,10460,6888,0,0,0,0,0
462,3130,463.3896273757109,99909,1072,608,66,21,19026,9782,0.28834239157633446,666,350,26263,22574,7946,3353,13985,23092,26341,16474,0,0,41909,3256,1592,1559,818,23,0,0,0,0,33451,10310,6991,0,0,0,0,0
463,3130,464.3866836252971,99907,1084,623,68,21,19194,9873,0.2909405747345031,695,367,25983,22223,7981,3340,14187,23424,26796,16781,0,0,41222,3321,1704,1576,848,23,0,0,0,0,33958,10146,7109,0,0,0,0,0
464,3130,465.3941444280139,99906,1101,627,69,21,19353,9979,0.29359598022140815,694,368,25736,21857,8007,3371,14391,23754,27247,17086,0,0,40523,3414,1802,1581,884,26,0,0,0,0,34460,9990,7226,0,0,0,0,0
465,3130,466.41109206289053,99906,1125,627,69,21,19534,10065,0.29626849238283987,707,366,25465,21512,8037,3394,14595,24078,27692,17390,0,0,39825,3507,1904,1597,907,27,0,0,0,0,34957,9829,7353,0,0,0,0,0
466,3130,467.4380959137613,99905,1119,639,70,21,19723,10172,0.299234272558931,691,355,25195,21161,8117,3418,14806,24404,28132,17692,0,0,39121,3593,2025,1618,950,28,0,0,0,0,35443,9679,7448,0,0,0,0,0
467,3130,468.4761720616624,99905,1161,637,70,21,19916,10265,0.3020969921425354,658,376,24947,20822,8143,3440,15019,24702,28566,17992,0,0,38434,3679,2145,1631,970,29,0,0,0,0,35919,9533,7565,0,0,0,0,0
468,3130,469.5249358363881,99904,1164,621,71,21,20081,10355,0.304652466367713,693,392,24689,20509,8176,3482,15205,24973,28995,18290,0,0,37752,3768,2265,1650,999,31,0,0,0,0,36386,9378,7675,0,0,0,0,0
469,3130,470.05178175221465,99903,1154,634,72,21,20172,10411,0.3061269431348408,707,394,24434,20178,8180,3461,15451,25310,29418,18586,0,0,37149,3778,2352,1654,1027,34,0,0,0,0,36883,9247,7779,0,0,0,0,0
470,3130,471.12130070878953,99901,1187,614,73,22,20363,10504,0.308975886127266,713,411,24167,19883,8221,3498,15637,25570,29835,18880,0,0,36461,3870,2482,1664,1051,37,0,0,0,0,37338,9123,7875,0,0,0,0,0
471,3130,472.2024191125176,99900,1169,621,74,22,20544,10617,0.3119219219219219,711,393,23954,19569,8292,3546,15798,25847,30245,19171,0,0,35787,3964,2617,1690,1087,38,0,0,0,0,37774,8973,7970,0,0,0,0,0
472,3130,473.29400794476754,99900,1210,668,74,22,20746,10733,0.3151051051051051,717,381,23696,19285,8310,3549,15991,26093,30649,19460,0,0,35163,4023,2735,1696,1117,41,0,0,0,0,38213,8836,8076,0,0,0,0,0
473,3130,474.3966472596085,99899,1205,651,75,22,20937,10828,0.317971150862371,761,381,23442,19035,8366,3572,16149,26337,31047,19746,0,0,34532,4114,2899,1710,1148,42,0,0,0,0,38583,8677,8194,0,0,0,0,0
474,3130,475.51034128092004,99898,1208,664,76,22,21127,10942,0.3210174377865423,773,364,23216,18787,8427,3597,16298,26564,31438,20030,0,0,33906,4186,3058,1732,1168,46,0,0,0,0,38971,8533,8298,0,0,0,0,0
475,3130,476.07015011955133,99897,1205,652,77,22,21224,10982,0.32239206382574054,785,367,22996,18471,8424,3594,16511,26892,31823,20311,0,0,33325,4224,3152,1725,1191,46,0,0,0,0,39417,8416,8401,0,0,0,0,0
476,3130,477.20544092972074,99896,1230,658,78,22,21450,11081,0.32564867462160646,763,368,22785,18225,8480,3622,16662,27103,32201,20589,0,0,32712,4310,3286,1742,1232,48,0,0,0,0,39799,8268,8499,0,0,0,0,0
477,3130,478.3515931722093,99894,1226,678,79,23,21664,11175,0.32873846277053675,757,395,22575,17970,8571,3617,16790,27315,32572,20864,0,0,32102,4391,3417,1767,1265,51,0,0,0,0,40183,8124,8594,0,0,0,0,0
478,3130,479.5081110060404,99892,1257,689,81,23,21903,11300,0.33238898009850637,720,377,22361,17733,8658,3652,16921,27524,32937,21136,0,0,31469,4473,3582,1780,1297,57,0,0,0,0,40555,8019,8660,0,0,0,0,0
479,3130,480.08883616472684,99892,1251,695,81,23,22010,11359,0.33405077483682377,716,365,22158,17462,8675,3643,17117,27810,33295,21404,0,0,30938,4498,3682,1781,1328,57,0,0,0,0,40954,7897,8757,0,0,0,0,0
480,3130,481.267127618978,99891,1227,692,82,23,22216,11474,0.33726762170766134,718,377,21957,17256,8769,3680,17245,27970,33646,21669,0,0,30354,4574,3861,1797,1377,62,0,0,0,0,41270,7768,8828,0,0,0,0,0
481,3130,482.45685480852063,99890,1229,689,83,23,22410,11591,0.3403844228651517,756,355,21739,17087,8831,3720,17360,28124,33990,21931,0,0,29804,4635,4031,1819,1414,66,0,0,0,0,41573,7630,8918,0,0,0,0,0
482,3130,483.0547357093514,99889,1246,671,84,23,22538,11643,0.3421898307120904,729,339,21555,16853,8832,3733,17552,28379,34328,22190,0,0,29309,4648,4150,1810,1458,68,0,0,0,0,41926,7523,8997,0,0,0,0,0
483,3130,484.2665267162624,99888,1260,665,85,23,22748,11750,0.3453668108281275,712,357,21375,16669,8893,3763,17673,28521,34659,22445,0,0,28771,4721,4317,1810,1505,71,0,0,0,0,42210,7400,9083,0,0,0,0,0
484,3130,485.48864015277167,99888,1248,644,85,23,22949,11867,0.3485503764215922,722,364,21179,16484,8983,3815,17781,28668,34983,22697,0,0,28186,4807,4506,1821,1545,74,0,0,0,0,42504,7309,9136,0,0,0,0,0
485,3130,486.1024313490114,99888,1244,640,85,23,23060,11923,0.35022224891878906,716,350,21013,16268,8979,3807,17961,28910,35300,22945,0,0,27730,4811,4624,1810,1595,76,0,0,0,0,42831,7204,9207,0,0,0,0,0
486,3130,487.34630338403474,99885,1282,663,87,24,23325,12046,0.35411723482004304,669,326,20842,16120,9066,3830,18052,29035,35611,23190,0,0,27215,4869,4807,1823,1642,76,0,0,0,0,43086,7084,9283,0,0,0,0,0
487,3130,488.6001113029309,99883,1253,652,89,24,23516,12153,0.3571078161448895,680,329,20693,15946,9135,3872,18148,29175,35915,23431,0,0,26720,4906,4991,1854,1689,81,0,0,0,0,43335,6960,9347,0,0,0,0,0
488,3130,489.22995363356534,99881,1238,639,91,24,23613,12194,0.35849661096705077,660,337,20560,15736,9132,3870,18317,29392,36213,23669,0,0,26296,4906,5109,1856,1722,83,0,0,0,0,43633,6844,9432,0,0,0,0,0
489,3130,490.5028747811103,99879,1178,618,93,24,23798,12296,0.3613772664924559,659,340,20408,15599,9255,3925,18405,29492,36504,23903,0,0,25787,4969,5305,1871,1780,86,0,0,0,0,43860,6742,9479,0,0,0,0,0
490,3130,491.14126750598496,99879,1149,604,93,24,23899,12347,0.3628991079205839,671,325,20251,15430,9277,3921,18557,29694,36789,24134,0,0,25354,4973,5441,1873,1814,89,0,0,0,0,44141,6652,9542,0,0,0,0,0
491,3130,492.4343434045965,99879,1154,613,93,24,24116,12462,0.3662231299872846,647,320,20106,15332,9369,3948,18629,29761,37068,24361,0,0,24894,5005,5631,1892,1863,92,0,0,0,0,44360,6552,9590,0,0,0,0,0
492,3130,493.0828732270943,99878,1172,586,93,25,24231,12503,0.3677887022167044,632,333,19974,15146,9366,3956,18761,29952,37340,24584,0,0,24478,5019,5748,1888,1894,92,0,0,0,0,44638,6463,9658,0,0,0,0,0
493,3130,494.3951342376951,99877,1131,591,93,26,24437,12605,0.37087617769856923,602,320,19860,15051,9495,3985,18817,30025,37606,24804,0,0,23998,5089,5923,1898,1956,92,0,0,0,0,44853,6370,9698,0,0,0,0,0
494,3130,495.0530548331011,99877,1107,597,93,26,24526,12660,0.3723179510798282,623,310,19717,14889,9500,3985,18958,30191,37866,25020,0,0,23610,5083,6041,1892,1999,93,0,0,0,0,45119,6293,9747,0,0,0,0,0
495,3130,496.38318482904634,99877,1131,585,93,26,24750,12756,0.3755218919270703,596,309,19612,14795,9565,4026,19001,30257,38120,25233,0,0,23164,5143,6217,1904,2037,94,0,0,0,0,45312,6197,9809,0,0,0,0,0
496,3130,497.05010197981863,99877,1114,573,93,26,24838,12805,0.3768935791022958,592,309,19484,14657,9588,4021,19127,30412,38368,25442,0,0,22795,5131,6349,1901,2068,96,0,0,0,0,45551,6120,9866,0,0,0,0,0
497,3130,498.39698605958586,99876,1099,574,94,26,25049,12916,0.3801213504745885,567,292,19376,14590,9673,4067,19189,30449,38610,25647,0,0,22385,5179,6544,1914,2117,99,0,0,0,0,45695,6020,9923,0,0,0,0,0
498,3130,499.07271787501577,99876,1094,559,94,26,25153,12956,0.3815631382914814,549,296,19244,14458,9703,4071,19314,30588,38847,25849,0,0,22007,5181,6645,1921,2151,101,0,0,0,0,45954,5950,9966,0,0,0,0,0
499,3130,500.43485882775025,99875,1061,530,95,26,25322,13040,0.38410012515644554,548,297,19128,14416,9785,4114,19381,30615,39078,26047,0,0,21625,5206,6834,1924,2218,103,0,0,0,0,46103,5868,9994,0,0,0,0,0
500,3130,501.1196257127446,99875,1038,535,95,26,25405,13094,0.3854718397997497,527,288,19041,14276,9785,4116,19512,30757,39304,26242,0,0,21299,5183,6969,1921,2244,107,0,0,0,0,46308,5796,10048,0,0,0,0,0
501,3130,502.4759887145542,99875,1016,513,95,26,25599,13190,0.38837546933667083,499,258,18949,14227,9868,4164,19571,30810,39524,26433,0,0,20921,5223,7160,1931,2295,112,0,0,0,0,46429,5707,10097,0,0,0,0,0
502,3130,503.15464414140644,99875,988,505,95,26,25680,13238,0.3896670838548185,501,252,18835,14110,9889,4170,19690,30935,39739,26621,0,0,20600,5209,7284,1936,2326,116,0,0,0,0,46629,5634,10141,0,0,0,0,0
503,3130,504.50001901419404,99875,984,480,95,26,25864,13304,0.3921702127659574,443,274,18782,14061,9956,4198,19738,30959,39949,26806,0,0,20238,5245,7441,1940,2376,120,0,0,0,0,46778,5557,10180,0,0,0,0,0
504,3130,505.1735032441831,99875,977,479,95,26,25958,13349,0.3935619524405507,431,282,18676,13963,9976,4199,19843,31049,40153,26987,0,0,19931,5232,7547,1941,2407,123,0,0,0,0,46978,5489,10227,0,0,0,0,0
505,3130,506.5093147661594,99875,914,492,95,26,26090,13447,0.3958648310387985,444,261,18614,13930,10057,4223,19874,31066,40352,27165,0,0,19578,5279,7694,1946,2457,129,0,0,0,0,47121,5410,10261,0,0,0,0,0
506,3130,507.17813783620113,99875,906,482,95,26,26159,13489,0.3969762202753442,435,249,18526,13856,10050,4222,19986,31163,40546,27339,0,0,19305,5252,7828,1930,2487,130,0,0,0,0,47283,5356,10304,0,0,0,0,0
507,3130,508.5057513487771,99874,899,479,96,26,26321,13568,0.39939323547670064,407,248,18491,13841,10118,4243,19987,31161,40736,27510,0,0,19001,5259,7988,1925,2548,133,0,0,0,0,47403,5291,10326,0,0,0,0,0
508,3130,509.17067102979865,99874,868,465,96,26,26378,13611,0.40039449706630353,416,256,18414,13755,10111,4253,20093,31243,40921,27678,0,0,18748,5238,8097,1915,2592,135,0,0,0,0,47550,5221,10378,0,0,0,0,0
509,3130,510.49191964814685,99874,826,457,96,26,26511,13696,0.40257724733163786,414,224,18380,13739,10169,4292,20113,31260,41101,27843,0,0,18453,5263,8257,1919,2649,136,0,0,0,0,47644,5138,10415,0,0,0,0,0
510,3130,511.153887812646,99874,799,449,96,26,26581,13730,0.4036185593848249,396,217,18328,13673,10181,4285,20198,31348,41277,28005,0,0,18202,5234,8368,1916,2686,139,0,0,0,0,47800,5079,10450,0,0,0,0,0
511,3130,512.4690917388884,99873,786,431,97,26,26712,13800,0.4056351566489442,396,215,18300,13645,10194,4317,20225,31364,41448,28163,0,0,17928,5240,8508,1917,2743,141,0,0,0,0,47910,5010,10476,0,0,0,0,0
512,3130,513.1277408753981,99873,777,420,97,26,26782,13832,0.4066564536961942,389,214,18231,13600,10191,4319,20313,31419,41615,28318,0,0,17690,5232,8595,1896,2787,146,0,0,0,0,48060,4954,10513,0,0,0,0,0
513,3130,514.4364652685949,99873,760,406,97,26,26925,13898,0.4087491113714417,362,222,18192,13616,10248,4336,20339,31392,41778,28470,0,0,17414,5230,8739,1910,2841,148,0,0,0,0,48169,4903,10519,0,0,0,0,0
514,3130,515.0916984759518,99873,767,419,97,26,26991,13950,0.4099306118770839,364,192,18135,13546,10209,4341,20426,31474,41937,28619,0,0,17192,5206,8829,1902,2865,152,0,0,0,0,48315,4851,10561,0,0,0,0,0
515,3130,516.3939633995865,99872,746,398,98,26,27106,14012,0.4117069849407241,358,183,18124,13573,10238,4370,20434,31448,42092,28765,0,0,16955,5202,8979,1910,2909,156,0,0,0,0,48395,4780,10586,0,0,0,0,0
516,3130,517.0458944249687,99871,747,383,99,26,27172,14041,0.4126623344113907,358,177,18068,13526,10222,4370,20504,31516,42243,28908,0,0,16750,5176,9082,1902,2937,157,0,0,0,0,48514,4724,10629,0,0,0,0,0
517,3130,518.3432983109562,99871,728,373,99,26,27288,14096,0.4143745431606773,326,167,18050,13546,10260,4390,20535,31496,42390,29048,0,0,16517,5176,9201,1919,2971,160,0,0,0,0,48608,4650,10669,0,0,0,0,0
518,3130,519.6402399292227,99871,700,363,99,26,27376,14150,0.4157963773267515,330,177,18071,13594,10260,4398,20538,31440,42533,29186,0,0,16285,5164,9329,1924,3003,164,0,0,0,0,48708,4605,10689,0,0,0,0,0
519,3130,520.2895016331629,99871,686,353,99,26,27427,14175,0.4165573589931011,329,180,18009,13554,10260,4392,20615,31493,42673,29321,0,0,16096,5130,9419,1918,3037,166,0,0,0,0,48831,4557,10717,0,0,0,0,0
520,3130,521.5815621322266,99870,639,350,99,27,27511,14233,0.41798337839190947,340,168,17997,13572,10290,4398,20633,31483,42809,29453,0,0,15879,5139,9541,1924,3072,170,0,0,0,0,48906,4490,10749,0,0,0,0,0
521,3130,522.2286219764544,99870,633,340,99,27,27567,14256,0.4187744067287474,329,183,17942,13538,10295,4382,20700,31528,42942,29582,0,0,15690,5114,9626,1921,3100,171,0,0,0,0,49028,4444,10776,0,0,0,0,0
522,3130,523.5159449701056,99870,620,345,99,27,27680,14319,0.4205366977070191,312,166,17944,13594,10311,4396,20712,31470,43071,29709,0,0,15491,5090,9758,1931,3128,181,0,0,0,0,49097,4405,10789,0,0,0,0,0
523,3130,524.1606776332611,99870,612,343,99,27,27727,14352,0.42133773906077904,310,149,17926,13560,10294,4393,20757,31526,43197,29833,0,0,15314,5070,9847,1920,3146,185,0,0,0,0,49198,4365,10825,0,0,0,0,0
524,3130,525.4445085849061,99870,596,318,99,27,27825,14400,0.4227996395313908,281,149,17954,13581,10314,4424,20754,31499,43320,29955,0,0,15112,5055,9970,1935,3180,189,0,0,0,0,49269,4323,10837,0,0,0,0,0
525,3130,526.0876747701384,99869,587,309,100,27,27877,14426,0.4235848962140404,279,146,17925,13549,10291,4434,20816,31533,43440,30074,0,0,14953,5021,10062,1932,3202,192,0,0,0,0,49358,4280,10869,0,0,0,0,0
526,3130,527.3694510896726,99868,589,304,101,27,27985,14476,0.42517122601834423,265,135,17929,13605,10299,4441,20815,31486,43557,30191,0,0,14764,5000,10177,1939,3229,196,0,0,0,0,49431,4245,10887,0,0,0,0,0
527,3130,528.0112214718192,99868,591,301,101,27,28030,14500,0.4258621380221893,255,124,17905,13617,10283,4418,20863,31511,43671,30305,0,0,14613,4970,10246,1937,3246,200,0,0,0,0,49533,4202,10921,0,0,0,0,0
528,3130,529.2901349104221,99866,561,300,103,27,28112,14542,0.4271123305229007,267,122,17924,13683,10302,4423,20841,31443,43782,30417,0,0,14441,4971,10342,1930,3287,204,0,0,0,0,49593,4155,10943,0,0,0,0,0
529,3130,530.5706172526071,99866,512,279,103,27,28179,14570,0.42806360523100956,280,126,17928,13729,10334,4430,20841,31407,43890,30526,0,0,14268,4967,10447,1942,3315,206,0,0,0,0,49648,4100,10973,0,0,0,0,0
530,3130,531.212156788415,99866,518,263,103,27,28222,14591,0.4287044639817355,264,125,17913,13711,10309,4427,20891,31445,43995,30633,0,0,14127,4935,10523,1937,3334,210,0,0,0,0,49736,4067,10997,0,0,0,0,0
531,3130,532.4905833205394,99866,527,244,103,27,28317,14626,0.43000620831914765,234,130,17934,13767,10322,4443,20878,31387,44097,30738,0,0,13960,4930,10619,1931,3370,212,0,0,0,0,49802,4034,11008,0,0,0,0,0
532,3130,533.1309946546924,99866,513,231,103,27,28353,14640,0.43050687921815234,229,129,17929,13778,10310,4439,20914,31394,44197,30841,0,0,13826,4905,10693,1920,3396,215,0,0,0,0,49880,4002,11029,0,0,0,0,0
533,3130,534.4082771886534,99865,487,236,103,28,28424,14686,0.4316827717418515,215,118,17953,13858,10327,4443,20913,31315,44294,30942,0,0,13668,4903,10790,1917,3429,217,0,0,0,0,49934,3967,11040,0,0,0,0,0
534,3130,535.048229399904,99865,484,238,103,28,28458,14713,0.43229359635507936,211,103,17933,13853,10308,4438,20959,31338,44389,31040,0,0,13536,4889,10837,1907,3450,221,0,0,0,0,50025,3929,11071,0,0,0,0,0
535,3130,536.3239310142942,99865,457,227,103,28,28522,14747,0.43327492114354377,213,100,17989,13909,10295,4444,20941,31290,44481,31136,0,0,13412,4860,10951,1905,3484,224,0,0,0,0,50052,3895,11082,0,0,0,0,0
536,3130,537.6006017425854,99865,446,220,103,28,28583,14778,0.4341961648225104,217,99,18057,13976,10261,4447,20914,31228,44571,31230,0,0,13287,4833,11045,1907,3507,228,0,0,0,0,50100,3861,11097,0,0,0,0,0
537,3130,538.2401891858927,99865,437,212,103,28,28608,14793,0.43459670555249585,220,100,18061,13977,10227,4441,20950,31240,44659,31322,0,0,13167,4805,11109,1902,3524,228,0,0,0,0,50177,3832,11121,0,0,0,0,0
538,3130,539.5169226904028,99864,430,201,104,28,28674,14822,0.43555235119762875,202,101,18143,14051,10197,4438,20922,31179,44745,31412,0,0,13046,4782,11208,1891,3555,231,0,0,0,0,50211,3810,11130,0,0,0,0,0
539,3130,540.156597819966,99864,426,199,104,28,28720,14832,0.4361131138348153,183,101,18141,14057,10195,4427,20949,31186,44828,31501,0,0,12928,4758,11259,1888,3575,233,0,0,0,0,50290,3781,11152,0,0,0,0,0
540,3130,541.4337486802921,99864,401,196,104,28,28772,14866,0.4369742850276376,181,91,18174,14150,10198,4432,20940,31101,44909,31588,0,0,12802,4749,11338,1885,3607,234,0,0,0,0,50337,3747,11165,0,0,0,0,0
541,3130,542.0735779326931,99864,403,198,104,28,28803,14888,0.4375050068092606,176,81,18185,14147,10173,4430,20957,31114,44988,31673,0,0,12702,4733,11385,1871,3632,236,0,0,0,0,50402,3714,11189,0,0,0,0,0
542,3130,543.3506122679509,99864,386,178,104,28,28848,14906,0.4381358647760955,175,87,18245,14190,10152,4440,20936,31075,45065,31756,0,0,12588,4715,11469,1867,3661,237,0,0,0,0,50444,3689,11194,0,0,0,0,0
543,3130,544.6296494444207,99864,378,182,104,28,28910,14932,0.4390170632059601,162,84,18305,14307,10136,4420,20913,30977,45140,31837,0,0,12482,4696,11539,1864,3686,241,0,0,0,0,50493,3656,11207,0,0,0,0,0
544,3130,545.2703778640771,99864,364,178,104,28,28930,14948,0.4393775534727229,168,78,18305,14320,10113,4410,20944,30984,45213,31917,0,0,12392,4669,11596,1857,3707,242,0,0,0,0,50546,3626,11229,0,0,0,0,0
545,3130,546.5494136869083,99863,350,183,105,28,28982,14975,0.44017303706077326,173,77,18358,14415,10099,4395,20913,30900,45285,31995,0,0,12288,4659,11646,1850,3737,246,0,0,0,0,50593,3597,11247,0,0,0,0,0
546,3130,547.1902636727751,99863,354,167,105,28,29020,14985,0.4406536955629212,151,79,18372,14439,10081,4393,20935,30892,45355,32071,0,0,12187,4640,11704,1843,3760,246,0,0,0,0,50650,3578,11255,0,0,0,0,0
547,3130,548.4699249401193,99863,330,169,105,28,29060,15010,0.4413045872845799,151,80,18436,14518,10081,4386,20895,30817,45423,32146,0,0,12085,4623,11762,1838,3788,251,0,0,0,0,50698,3559,11259,0,0,0,0,0
548,3130,549.111426172808,99863,326,165,105,28,29083,15025,0.44168510859878035,153,72,18450,14544,10049,4377,20915,30812,45489,32219,0,0,11987,4606,11812,1833,3798,253,0,0,0,0,50759,3540,11275,0,0,0,0,0
549,3130,550.3928004053631,99862,326,158,106,28,29135,15047,0.44243055416474736,147,61,18494,14663,10037,4370,20888,30718,45554,32290,0,0,11886,4592,11875,1825,3815,259,0,0,0,0,50799,3527,11284,0,0,0,0,0
550,3130,551.0349511411828,99862,329,153,106,28,29171,15056,0.4428811760229116,129,62,18507,14689,10017,4361,20910,30705,45617,32360,0,0,11799,4570,11923,1823,3830,259,0,0,0,0,50853,3504,11301,0,0,0,0,0
551,3130,552.3170398404051,99862,328,145,106,28,29222,15079,0.44362219863411506,107,60,18589,14776,10006,4363,20862,30626,45678,32428,0,0,11700,4566,11973,1823,3855,260,0,0,0,0,50895,3479,11311,0,0,0,0,0
552,3130,553.6020980568093,99862,299,130,106,28,29255,15098,0.44414291722577154,113,68,18669,14872,9989,4366,20822,30534,45738,32495,0,0,11600,4568,12042,1812,3879,261,0,0,0,0,50915,3460,11325,0,0,0,0,0
553,3130,554.2463315104773,99862,299,129,106,28,29277,15105,0.44443331797881075,118,72,18685,14913,9962,4347,20828,30509,45796,32561,0,0,11534,4545,12081,1806,3890,265,0,0,0,0,50963,3432,11346,0,0,0,0,0
554,3130,555.5338232434333,99862,286,131,106,28,29322,15129,0.44512427149466266,106,69,18753,15014,9953,4331,20794,30425,45853,32625,0,0,11447,4535,12142,1799,3918,266,0,0,0,0,50992,3416,11347,0,0,0,0,0
555,3130,556.1791482598231,99862,280,125,106,28,29343,15138,0.44542468606677216,101,67,18773,15025,9939,4334,20799,30419,45909,32688,0,0,11359,4528,12174,1796,3934,266,0,0,0,0,51051,3395,11359,0,0,0,0,0
556,3130,557.4688150935937,99861,268,121,106,29,29377,15156,0.4459498703197444,107,64,18842,15126,9920,4325,20755,30333,45963,32750,0,0,11271,4516,12220,1795,3956,267,0,0,0,0,51094,3380,11362,0,0,0,0,0
557,3130,558.1150524249598,99861,255,115,106,29,29393,15165,0.4462002183034418,113,62,18864,15164,9904,4316,20756,30312,46016,32810,0,0,11206,4490,12265,1796,3969,268,0,0,0,0,51132,3356,11379,0,0,0,0,0
558,3130,559.4075863858343,99861,240,125,106,29,29430,15193,0.44685112306105484,118,51,18943,15274,9884,4300,20707,30219,46068,32869,0,0,11136,4474,12323,1793,3989,269,0,0,0,0,51151,3335,11391,0,0,0,0,0
559,3130,560.0558020925565,99861,227,124,106,29,29446,15201,0.4470914571254043,118,50,18970,15320,9870,4289,20707,30186,46118,32927,0,0,11065,4455,12363,1787,4005,270,0,0,0,0,51197,3322,11397,0,0,0,0,0
560,3130,561.3516880860033,99861,226,110,106,29,29480,15215,0.4475721252541032,113,50,19040,15437,9836,4284,20677,30088,46167,32984,0,0,10986,4445,12417,1787,4015,272,0,0,0,0,51228,3304,11407,0,0,0,0,0
561,3130,562.0011443696972,99861,222,106,106,29,29497,15222,0.44781245931845265,120,51,19049,15474,9819,4277,20682,30061,46215,33039,0,0,10921,4425,12457,1780,4028,273,0,0,0,0,51269,3293,11415,0,0,0,0,0
562,3130,563.2990308235987,99861,201,103,106,29,29519,15240,0.4482130160923684,118,50,19144,15568,9798,4264,20631,29984,46262,33093,0,0,10850,4413,12510,1779,4046,274,0,0,0,0,51294,3277,11418,0,0,0,0,0
563,3130,564.6000304418874,99861,216,103,106,29,29562,15259,0.4488338790919378,107,40,19217,15667,9761,4251,20591,29908,46308,33146,0,0,10782,4403,12550,1775,4059,276,0,0,0,0,51327,3261,11428,0,0,0,0,0
564,3130,565.252198195565,99861,219,100,106,29,29587,15263,0.4491242827530267,92,38,19253,15690,9731,4243,20597,29898,46353,33198,0,0,10720,4380,12582,1773,4073,276,0,0,0,0,51373,3250,11434,0,0,0,0,0
565,3130,566.5559043887703,99861,203,101,106,29,29607,15279,0.4494847838495509,97,32,19344,15781,9700,4238,20548,29817,46397,33249,0,0,10639,4375,12619,1772,4082,279,0,0,0,0,51418,3241,11436,0,0,0,0,0
566,3130,567.2092531304224,99860,205,101,107,29,29623,15285,0.44970959343080313,94,38,19371,15827,9673,4221,20548,29782,46439,33299,0,0,10582,4359,12646,1767,4088,282,0,0,0,0,51461,3228,11447,0,0,0,0,0
567,3130,568.5161433060283,99859,197,102,108,29,29649,15299,0.4501146616729589,91,31,19445,15954,9652,4198,20505,29684,46480,33348,0,0,10516,4353,12683,1763,4103,282,0,0,0,0,51492,3213,11454,0,0,0,0,0
568,3130,569.1710734262156,99859,197,95,108,29,29663,15303,0.45029491583132214,86,36,19463,15997,9635,4188,20509,29653,46520,33396,0,0,10459,4341,12708,1761,4114,282,0,0,0,0,51533,3196,11465,0,0,0,0,0
569,3130,570.480768032904,99859,187,85,108,29,29691,15313,0.4506754523878669,80,36,19568,16108,9599,4175,20456,29565,46560,33443,0,0,10399,4332,12759,1756,4128,284,0,0,0,0,51549,3182,11470,0,0,0,0,0
570,3130,571.1372228649003,99859,181,81,108,29,29699,15318,0.4508056359466848,86,36,19611,16152,9565,4166,20447,29534,46599,33489,0,0,10352,4315,12790,1754,4131,288,0,0,0,0,51580,3165,11484,0,0,0,0,0
571,3130,572.4508329957469,99859,165,77,108,29,29726,15330,0.45119618662313865,75,34,19713,16270,9541,4159,20396,29429,46637,33534,0,0,10298,4301,12836,1753,4145,292,0,0,0,0,51595,3152,11487,0,0,0,0,0
572,3130,573.1095625752573,99859,166,78,108,29,29741,15336,0.4514064831412291,71,30,19738,16303,9520,4153,20395,29405,46674,33578,0,0,10249,4283,12861,1750,4154,293,0,0,0,0,51633,3141,11495,0,0,0,0,0
573,3130,574.4272490773018,99858,157,69,108,30,29768,15347,0.4517915439924693,67,27,19845,16427,9489,4152,20332,29293,46710,33621,0,0,10191,4273,12895,1752,4171,293,0,0,0,0,51655,3126,11502,0,0,0,0,0
574,3130,575.0878659698299,99858,154,68,108,30,29781,15352,0.45197179995593745,61,28,19875,16474,9471,4144,20329,29254,46745,33663,0,0,10137,4268,12915,1749,4179,293,0,0,0,0,51693,3110,11514,0,0,0,0,0
575,3130,576.4101155323857,99858,140,63,108,30,29801,15358,0.4522321696809469,63,31,19984,16598,9446,4128,20257,29148,46779,33704,0,0,10079,4265,12941,1751,4185,298,0,0,0,0,51724,3094,11521,0,0,0,0,0
576,3130,577.0736338868787,99858,136,63,108,30,29813,15363,0.4524024114242224,61,28,20009,16645,9430,4119,20254,29113,46812,33745,0,0,10025,4255,12963,1751,4192,299,0,0,0,0,51765,3085,11523,0,0,0,0,0
577,3130,578.4010880785484,99857,119,66,109,30,29833,15376,0.4527374145027389,57,20,20105,16752,9414,4109,20194,29021,46845,33785,0,0,9969,4246,12998,1752,4197,304,0,0,0,0,51789,3077,11525,0,0,0,0,0
578,3130,579.0667469021955,99857,123,64,109,30,29841,15377,0.45282754338704345,49,20,20105,16747,9399,4105,20213,29032,46877,33824,0,0,9929,4236,13009,1748,4202,307,0,0,0,0,51827,3062,11537,0,0,0,0,0
579,3130,580.6502947288038,99857,122,63,109,30,29869,15389,0.4532281162061748,37,24,20306,16928,9319,4094,20105,28859,46908,33862,0,0,9883,4227,13035,1747,4216,309,0,0,0,0,51846,3051,11543,0,0,0,0,0
580,3130,581.3137930688054,99857,119,65,109,30,29874,15394,0.45332825941095767,43,25,20322,16971,9297,4088,20108,28819,46938,33899,0,0,9838,4215,13054,1744,4222,309,0,0,0,0,51883,3044,11548,0,0,0,0,0
581,3130,582.6379684741498,99856,113,65,110,30,29892,15404,0.45361320301233776,37,20,20421,17101,9276,4069,20041,28713,46968,33936,0,0,9795,4208,13074,1743,4233,311,0,0,0,0,51907,3026,11559,0,0,0,0,0
582,3130,583.2979483054462,99856,110,66,110,30,29892,15405,0.4536232174331037,37,19,20397,17082,9270,4061,20074,28740,46997,33972,0,0,9755,4199,13085,1739,4237,312,0,0,0,0,51945,3015,11569,0,0,0,0,0
583,3130,584.0457979238062,99856,105,64,110,30,29900,15410,0.45375340490306043,38,17,20439,17137,9246,4052,20060,28698,47025,34007,0,0,9714,4188,13108,1737,4243,313,0,0,0,0,51971,3007,11575,0,0,0,0,0
584,3130,585.0499357612326,99856,100,57,110,30,29907,15413,0.45385354911071946,36,16,20504,17222,9227,4051,20021,28622,47053,34041,0,0,9672,4181,13133,1733,4249,314,0,0,0,0,51994,2999,11581,0,0,0,0,0
585,3130,586.0554416362063,99856,88,43,110,30,29919,15418,0.4540237942637398,32,14,20591,17329,9205,4049,19972,28533,47080,34075,0,0,9627,4175,13169,1729,4260,315,0,0,0,0,52005,2993,11583,0,0,0,0,0
586,3130,587.2381969665307,99856,86,39,110,30,29929,15421,0.45415398173369653,33,13,20654,17419,9174,4042,19941,28455,47107,34108,0,0,9595,4162,13192,1725,4268,316,0,0,0,0,52025,2982,11591,0,0,0,0,0
587,3130,588.071772081917,99856,85,43,110,30,29941,15427,0.4543342413074828,30,10,20696,17494,9156,4023,19921,28398,47133,34140,0,0,9553,4160,13205,1722,4275,316,0,0,0,0,52056,2971,11598,0,0,0,0,0
588,3130,589.6383596572302,99856,74,38,110,30,29947,15429,0.45441435667361,30,17,20824,17624,9109,4001,19851,28288,47158,34172,0,0,9512,4155,13211,1719,4288,319,0,0,0,0,52088,2964,11600,0,0,0,0,0
589,3130,590.4149194006079,99856,72,39,110,30,29952,15434,0.45451450088126905,34,13,20857,17692,9084,3991,19841,28233,47183,34203,0,0,9482,4147,13227,1712,4297,319,0,0,0,0,52109,2953,11610,0,0,0,0,0
590,3130,591.3470565678424,99855,77,39,111,30,29963,15439,0.45467928496319665,29,12,20906,17765,9059,3980,19816,28172,47207,34234,0,0,9450,4138,13243,1710,4301,319,0,0,0,0,52133,2941,11620,0,0,0,0,0
591,3130,592.4563414842987,99855,71,35,111,30,29977,15442,0.45484953182114063,22,13,21032,17941,9019,3952,19743,28027,47231,34264,0,0,9412,4132,13258,1709,4312,319,0,0,0,0,52155,2931,11627,0,0,0,0,0
592,3130,593.0971381445694,99855,71,36,111,30,29977,15443,0.45485954634219616,22,12,21013,17922,9009,3948,19772,28050,47254,34293,0,0,9376,4125,13265,1705,4316,319,0,0,0,0,52191,2926,11632,0,0,0,0,0
593,3130,594.1387765645984,99855,58,29,111,30,29985,15448,0.45498973511591806,30,11,21139,18093,8976,3935,19684,27900,47277,34322,0,0,9345,4114,13296,1705,4326,319,0,0,0,0,52199,2916,11635,0,0,0,0,0
594,3130,595.2491492754223,99855,59,31,111,30,29991,15450,0.45506985128436234,28,11,21169,18123,8957,3929,19674,27874,47299,34350,0,0,9316,4103,13311,1704,4326,320,0,0,0,0,52224,2907,11644,0,0,0,0,0
595,3130,596.4088627099895,99855,60,29,111,30,30002,15454,0.4552200691001953,27,11,21246,18239,8927,3913,19627,27776,47321,34378,0,0,9286,4094,13329,1702,4332,321,0,0,0,0,52244,2898,11649,0,0,0,0,0
596,3130,597.0331095355834,99855,62,28,111,30,30011,15457,0.45534024335286166,25,10,21337,18340,8890,3902,19573,27688,47342,34405,0,0,9255,4090,13338,1698,4337,323,0,0,0,0,52269,2889,11656,0,0,0,0,0
597,3130,598.0041260495849,99855,62,28,111,30,30016,15461,0.4554303740423614,21,6,21376,18377,8866,3896,19562,27661,47363,34432,0,0,9231,4082,13354,1692,4344,323,0,0,0,0,52285,2879,11665,0,0,0,0,0
598,3130,599.1977128829038,99855,61,29,111,30,30024,15464,0.45554053377397224,19,8,21493,18482,8810,3874,19504,27575,47383,34458,0,0,9200,4072,13370,1690,4348,324,0,0,0,0,52309,2876,11666,0,0,0,0,0
599,3130,600.1216975940036,99855,56,30,111,30,30030,15467,0.45563066446347206,19,8,21558,18564,8784,3864,19470,27502,47403,34484,0,0,9174,4064,13386,1685,4353,326,0,0,0,0,52325,2870,11672,0,0,0,0,0
600,3130,601.1990131635863,99855,54,26,111,30,30042,15472,0.45580091132141604,21,11,21704,18726,8735,3851,19373,27354,47422,34509,0,0,9144,4058,13409,1681,4361,326,0,0,0,0,52336,2866,11674,0,0,0,0,0
601,3130,602.1905316590917,99855,51,26,111,30,30042,15474,0.4558209403635271,22,9,21734,18759,8714,3838,19366,27336,47441,34534,0,0,9123,4052,13419,1676,4367,326,0,0,0,0,52353,2854,11685,0,0,0,0,0
602,3130,603.031053695597,99855,49,26,111,30,30047,15477,0.4559010565319714,20,7,21807,18836,8689,3829,19322,27270,47460,34558,0,0,9092,4047,13431,1673,4372,326,0,0,0,0,52377,2849,11688,0,0,0,0,0
603,3130,604.3313655764816,99855,42,27,111,30,30049,15480,0.455951129137249,19,8,21895,18918,8655,3815,19276,27200,47478,34582,0,0,9064,4043,13443,1669,4378,326,0,0,0,0,52396,2843,11693,0,0,0,0,0
604,3130,605.2995326243896,99855,43,25,111,30,30052,15481,0.45599118722147114,19,10,21951,18991,8636,3803,19238,27139,47496,34605,0,0,9039,4035,13455,1666,4382,326,0,0,0,0,52417,2838,11697,0,0,0,0,0
605,3130,606.0234583863825,99855,46,25,111,30,30056,15485,0.45607130338991536,17,7,21998,19040,8608,3799,19218,27097,47513,34628,0,0,9018,4024,13469,1662,4386,327,0,0,0,0,52434,2835,11700,0,0,0,0,0
606,3130,607.0031844920472,99855,45,23,111,30,30060,15486,0.45612137599519303,18,9,22088,19158,8573,3788,19163,26990,47530,34650,0,0,8995,4014,13477,1659,4395,327,0,0,0,0,52455,2832,11701,0,0,0,0,0
607,3130,608.2890628716707,99855,43,18,111,30,30068,15487,0.4562115066846928,14,11,22170,19257,8550,3771,19110,26911,47547,34672,0,0,8976,4002,13496,1660,4397,329,0,0,0,0,52464,2824,11707,0,0,0,0,0
608,3130,609.0445867773473,99855,43,17,111,30,30072,15489,0.456271593811026,14,9,22219,19308,8522,3762,19089,26872,47563,34694,0,0,8954,3994,13509,1657,4400,330,0,0,0,0,52480,2820,11711,0,0,0,0,0
609,3130,610.2591828537851,99855,38,20,111,30,30076,15493,0.4563517099794702,18,8,22301,19415,8499,3745,19031,26780,47579,34715,0,0,8932,3984,13521,1657,4405,330,0,0,0,0,52497,2815,11714,0,0,0,0,0
610,3130,611.0833112497972,99855,34,22,111,30,30077,15496,0.45639176806369236,17,9,22382,19487,8470,3729,18984,26721,47595,34736,0,0,8905,3977,13529,1656,4406,332,0,0,0,0,52521,2814,11715,0,0,0,0,0
611,3130,612.2542643644215,99855,29,21,111,30,30078,15499,0.4564318261479145,19,6,22464,19570,8444,3728,18931,26643,47610,34756,0,0,8886,3971,13539,1654,4410,333,0,0,0,0,52533,2807,11722,0,0,0,0,0
612,3130,613.3114153261492,99855,24,18,111,30,30080,15499,0.4564518551900255,20,10,22542,19656,8406,3711,18895,26573,47625,34776,0,0,8870,3963,13550,1649,4417,334,0,0,0,0,52543,2801,11728,0,0,0,0,0
613,3130,614.1995914774453,99855,23,18,111,30,30082,15503,0.4565119423163587,21,7,22599,19742,8377,3696,18867,26505,47640,34796,0,0,8852,3955,13560,1646,4421,335,0,0,0,0,52557,2795,11734,0,0,0,0,0
614,3130,615.2871476966181,99855,23,18,111,30,30085,15505,0.4565620149216364,19,6,22665,19861,8346,3674,18834,26409,47654,34815,0,0,8828,3950,13569,1645,4423,335,0,0,0,0,52577,2792,11736,0,0,0,0,0
615,3130,616.2457541539603,99855,27,18,111,30,30090,15506,0.45662210204796955,18,6,22744,19936,8312,3667,18786,26341,47668,34834,0,0,8814,3941,13579,1641,4428,335,0,0,0,0,52590,2786,11741,0,0,0,0,0
616,3130,617.0585758897121,99855,26,18,111,30,30092,15508,0.4566621601321917,18,4,22819,19996,8277,3659,18747,26291,47682,34853,0,0,8800,3931,13591,1637,4434,335,0,0,0,0,52601,2781,11745,0,0,0,0,0
617,3130,618.3366407631639,99855,28,16,111,30,30096,15509,0.4567122327374693,17,5,22937,20120,8231,3646,18674,26181,47696,34871,0,0,8787,3920,13605,1634,4436,337,0,0,0,0,52611,2777,11748,0,0,0,0,0
618,3130,619.0933783930467,99855,33,16,111,30,30103,15511,0.4568023634269691,11,5,23005,20185,8201,3636,18637,26126,47709,34889,0,0,8773,3911,13615,1632,4440,337,0,0,0,0,52623,2771,11753,0,0,0,0,0
619,3130,620.1005688125073,99855,31,16,111,30,30107,15513,0.45686245055330227,10,5,23122,20331,8162,3618,18562,25998,47722,34907,0,0,8757,3905,13626,1632,4439,340,0,0,0,0,52633,2765,11758,0,0,0,0,0
620,3130,621.054064139561,99855,31,18,111,30,30108,15515,0.4568924941164689,12,3,23151,20370,8145,3608,18548,25969,47735,34924,0,0,8737,3904,13628,1629,4442,340,0,0,0,0,52652,2759,11764,0,0,0,0,0
621,3130,622.0277386360973,99855,33,15,111,30,30111,15515,0.4569225376796355,13,5,23227,20484,8120,3588,18494,25876,47748,34941,0,0,8718,3900,13635,1627,4444,341,0,0,0,0,52668,2755,11767,0,0,0,0,0
622,3130,623.1659235773035,99855,33,14,111,30,30118,15516,0.4570026538480797,14,6,23353,20614,8074,3572,18413,25762,47760,34958,0,0,8698,3899,13640,1624,4451,341,0,0,0,0,52683,2750,11769,0,0,0,0,0
623,3130,624.0093961233721,99855,33,13,111,30,30118,15517,0.45701266836913523,15,6,23363,20634,8064,3570,18412,25745,47772,34974,0,0,8679,3896,13645,1621,4454,341,0,0,0,0,52700,2747,11772,0,0,0,0,0
624,3130,625.1718483639422,99855,30,15,111,30,30123,15519,0.457082770016524,12,4,23459,20748,8037,3549,18349,25652,47784,34990,0,0,8660,3891,13655,1621,4455,342,0,0,0,0,52714,2743,11774,0,0,0,0,0
625,3130,626.1613291245353,99855,30,13,111,30,30126,15519,0.4571128135796905,11,6,23513,20847,8013,3541,18320,25561,47796,35006,0,0,8642,3884,13666,1621,4456,342,0,0,0,0,52728,2740,11776,0,0,0,0,0
626,3130,627.0111688872664,99855,31,11,111,30,30128,15520,0.45714285714285713,11,6,23585,20924,7984,3534,18276,25493,47807,35021,0,0,8628,3880,13672,1621,4456,343,0,0,0,0,52739,2733,11783,0,0,0,0,0
627,3130,628.4007201526545,99855,30,13,111,30,30133,15522,0.45721295879024587,10,5,23711,21064,7943,3509,18193,25377,47818,35036,0,0,8613,3876,13679,1620,4457,345,0,0,0,0,52750,2729,11786,0,0,0,0,0
628,3130,629.1230272374851,99855,29,11,111,30,30133,15522,0.45721295879024587,12,6,23757,21119,7923,3499,18166,25333,47829,35051,0,0,8598,3871,13684,1618,4460,346,0,0,0,0,52764,2726,11788,0,0,0,0,0
629,3130,630.0193092208352,99855,31,14,111,30,30140,15525,0.45731310400080116,31,29,23815,21203,7899,3480,18111,25242,47840,35066,0,0,8583,3863,13695,1617,4461,347,0,0,0,0,52776,2724,11789,0,0,0,0,0
630,3130,631.153760347907,99855,27,19,111,30,30148,15532,0.4574633218166341,26,28,23888,21270,7885,3472,18061,25179,47850,35080,0,0,8565,3860,13697,1612,4468,347,4,0,0,7,52783,2721,11791,0,0,0,0,0
631,3130,632.0513703748192,99855,31,18,111,30,30154,15536,0.4575634670271894,26,26,23951,21341,7854,3466,18025,25117,47860,35094,0,0,8550,3854,13703,1611,4472,347,5,0,0,10,52794,2718,11791,0,0,0,0,0
632,3130,633.0970154689663,99855,38,19,111,30,30163,15542,0.4577136848430224,26,26,24047,21426,7823,3457,17953,25040,47870,35108,0,0,8531,3850,13706,1611,4474,347,6,0,0,14,52808,2716,11792,0,0,0,0,0
633,3130,634.1084824865671,99855,35,20,111,30,30167,15548,0.4578138300535777,33,21,24140,21537,7792,3452,17887,24938,47880,35122,0,0,8517,3844,13711,1609,4480,347,8,0,0,20,52814,2712,11793,0,0,0,0,0
634,3130,635.1778860336433,99855,34,19,111,30,30171,15551,0.4578839317009664,37,22,24194,21610,7767,3443,17855,24874,47890,35135,0,0,8504,3840,13715,1606,4487,347,10,0,0,23,52822,2707,11794,0,0,0,0,0
635,3130,636.0462978637654,99855,35,25,111,30,30175,15561,0.45802413499574385,43,13,24248,21688,7741,3440,17820,24802,47900,35148,0,0,8489,3836,13718,1606,4490,348,10,0,0,25,52835,2703,11795,0,0,0,0,0
636,3130,637.1145209634662,99855,40,23,111,30,30183,15562,0.4581142656852436,50,20,24349,21786,7699,3431,17749,24708,47909,35161,0,0,8472,3832,13722,1606,4488,350,10,0,0,29,52848,2702,11796,0,0,0,0,0
637,3130,638.2923518606055,99855,50,25,111,30,30197,15568,0.4583145561063542,51,22,24440,21861,7674,3423,17672,24637,47918,35174,0,0,8456,3826,13726,1605,4491,350,11,0,0,33,52859,2701,11797,0,0,0,0,0
638,3130,639.224411926873,99855,62,28,111,30,30212,15574,0.45852486104852036,50,22,24489,21934,7655,3417,17631,24567,47927,35186,0,0,8443,3824,13728,1604,4492,350,11,0,0,39,52866,2696,11802,0,0,0,0,0
639,3130,640.1302669119909,99855,65,30,111,30,30222,15578,0.4586650643432978,58,23,24526,22015,7638,3406,17600,24494,47936,35198,0,0,8430,3818,13732,1604,4494,351,12,0,0,43,52874,2693,11804,0,0,0,0,0
640,3130,641.0344445212219,99855,76,31,111,30,30236,15582,0.4588453257222973,58,22,24582,22097,7613,3391,17558,24427,47945,35210,0,0,8417,3814,13735,1600,4499,351,13,0,0,47,52882,2692,11805,0,0,0,0,0
641,3130,642.2367734246142,99855,85,38,111,30,30260,15591,0.45917580491712984,57,33,24667,22187,7592,3378,17486,24332,47953,35222,0,0,8402,3807,13738,1600,4504,352,16,0,0,54,52887,2691,11804,0,0,0,0,0
642,3130,643.1355116954977,99855,96,38,111,30,30278,15595,0.4593961243803515,58,35,24737,22249,7572,3375,17424,24271,47961,35234,0,0,8386,3802,13743,1599,4504,353,19,0,0,60,52894,2689,11806,0,0,0,0,0
643,3130,644.0315745626278,99855,85,36,111,30,30288,15603,0.45957638575935106,65,36,24803,22340,7551,3374,17383,24182,47969,35245,0,0,8371,3800,13743,1600,4510,353,21,0,0,81,52886,2683,11807,0,0,0,0,0
644,3130,645.2226997733698,99855,92,41,111,30,30305,15616,0.459876821391017,72,37,24864,22430,7532,3369,17327,24091,47977,35256,0,0,8360,3794,13745,1602,4513,353,24,0,0,91,52884,2676,11813,0,0,0,0,0
645,3130,646.113935025344,99855,84,39,111,30,30316,15622,0.46004706824896097,82,43,24925,22516,7524,3359,17272,24011,47985,35267,0,0,8346,3788,13746,1605,4518,354,27,0,0,105,52881,2671,11814,0,0,0,0,0
646,3130,647.003108964365,99855,92,45,111,30,30335,15631,0.4603274748385158,77,49,24965,22585,7508,3351,17245,23938,47993,35278,0,0,8336,3783,13751,1603,4526,354,29,0,0,110,52884,2666,11813,0,0,0,0,0
647,3130,648.1859836877638,99855,97,44,111,30,30356,15646,0.46068799759651496,80,46,25042,22688,7484,3341,17184,23849,48001,35289,0,0,8321,3777,13754,1604,4530,357,33,0,0,127,52878,2663,11811,0,0,0,0,0
648,3130,649.0706841220828,99855,103,52,111,30,30370,15658,0.46094837514395876,93,42,25107,22764,7455,3328,17129,23782,48008,35300,0,0,8312,3773,13756,1602,4537,357,35,0,0,132,52880,2658,11813,0,0,0,0,0
649,3130,650.2467379621321,99855,110,67,111,30,30395,15675,0.46136898502829105,100,41,25166,22854,7441,3316,17070,23690,48015,35310,0,0,8302,3766,13757,1606,4542,358,36,0,0,140,52881,2653,11814,0,0,0,0,0
650,3130,651.1266559331908,99855,111,76,111,30,30412,15691,0.4616994642231235,109,41,25198,22942,7440,3309,17029,23600,48022,35320,0,0,8291,3762,13758,1607,4548,358,38,0,0,154,52876,2648,11815,0,0,0,0,0
651,3130,652.0052499134225,99855,114,73,111,30,30430,15699,0.4619598417705673,120,42,25265,23013,7427,3313,16961,23527,48029,35330,0,0,8283,3756,13756,1608,4555,361,38,0,0,166,52872,2644,11816,0,0,0,0,0
652,3130,653.1732235577352,99855,132,74,111,30,30471,15711,0.46249061138651043,118,45,25336,23111,7410,3307,16891,23431,48036,35340,0,0,8271,3748,13758,1612,4565,362,43,0,0,179,52866,2638,11813,0,0,0,0,0
653,3130,654.0468273796647,99855,146,77,111,30,30503,15721,0.4629112212708427,124,43,25378,23184,7400,3304,16839,23360,48043,35350,0,0,8258,3742,13759,1615,4571,362,47,0,0,190,52864,2632,11815,0,0,0,0,0
654,3130,655.2086737597987,99855,160,82,111,30,30536,15736,0.46339191828150816,130,53,25438,23268,7397,3296,16762,23269,48050,35360,0,0,8245,3737,13759,1616,4577,363,49,0,0,207,52858,2629,11815,0,0,0,0,0
655,3130,656.0781281702326,99855,173,73,111,30,30569,15741,0.46377247008161837,135,68,25480,23327,7396,3298,16703,23202,48057,35369,0,0,8235,3729,13762,1619,4584,364,52,0,0,226,52846,2625,11813,0,0,0,0,0
656,3130,657.2350428778113,99855,178,81,111,30,30609,15762,0.4643833558660057,134,73,25543,23416,7398,3296,16634,23102,48063,35378,0,0,8222,3725,13757,1624,4596,366,55,0,0,251,52831,2620,11808,0,0,0,0,0
657,3130,658.1007167222997,99855,186,87,111,30,30638,15778,0.4648340093135046,144,77,25601,23472,7385,3294,16571,23038,48069,35387,0,0,8214,3718,13759,1625,4603,367,58,0,0,268,52819,2615,11809,0,0,0,0,0
658,3130,659.2519061109778,99855,198,97,111,30,30677,15805,0.4654949677031696,159,76,25639,23553,7375,3296,16516,22946,48075,35396,0,0,8201,3708,13761,1628,4611,368,65,0,0,291,52802,2612,11808,0,0,0,0,0
659,3130,660.1136042458169,99855,212,106,111,30,30716,15819,0.46602573731911273,167,81,25684,23610,7366,3295,16458,22876,48081,35405,0,0,8192,3701,13761,1631,4622,368,67,0,0,303,52796,2607,11807,0,0,0,0,0
660,3130,661.2601288812906,99855,237,114,111,30,30772,15847,0.46686695708777726,182,89,25726,23701,7358,3296,16384,22768,48087,35414,0,0,8185,3690,13761,1634,4634,370,70,0,0,332,52771,2604,11804,0,0,0,0,0
661,3130,662.118414474959,99855,259,119,111,30,30821,15867,0.4675579590406089,184,93,25767,23769,7359,3299,16318,22688,48093,35423,0,0,8170,3688,13756,1632,4649,372,78,0,0,350,52760,2601,11799,0,0,0,0,0
662,3130,663.2602663664173,99855,267,122,111,30,30881,15893,0.4684192078513845,214,109,25791,23840,7380,3309,16235,22588,48099,35431,0,0,8151,3679,13748,1643,4666,374,85,0,0,384,52737,2597,11791,0,0,0,0,0
663,3130,664.1155176259322,99855,285,131,111,30,30938,15918,0.46924039857793803,208,110,25828,23894,7383,3317,16183,22516,48105,35439,0,0,8134,3673,13748,1643,4674,377,93,0,0,413,52717,2594,11789,0,0,0,0,0
664,3130,665.2538050148027,99855,301,147,111,30,31006,15956,0.47030193780982427,210,116,25865,23961,7401,3328,16110,22416,48111,35447,0,0,8115,3669,13738,1644,4694,377,104,0,0,453,52685,2590,11786,0,0,0,0,0
665,3130,666.1061544348424,99855,318,144,111,30,31050,15977,0.47095288167843374,227,126,25889,24023,7402,3342,16051,22333,48117,35455,0,0,8096,3665,13735,1645,4706,378,113,0,0,480,52668,2589,11780,0,0,0,0,0
666,3130,667.2406636452113,99855,337,163,111,30,31117,16019,0.4720444644734866,255,136,25923,24105,7407,3344,15965,22220,48122,35463,0,0,8078,3662,13724,1653,4724,378,121,0,0,515,52642,2581,11777,0,0,0,0,0
667,3130,668.0899707315929,99855,363,178,111,30,31178,16051,0.4729758149316509,271,126,25946,24153,7417,3352,15890,22159,48127,35471,0,0,8063,3656,13721,1655,4736,381,129,0,0,538,52626,2578,11772,0,0,0,0,0
668,3130,669.2208178040305,99855,383,185,111,30,31257,16085,0.47410745581092584,310,135,25974,24218,7423,3363,15797,22067,48132,35479,0,0,8042,3648,13717,1658,4755,381,144,0,0,586,52584,2575,11765,0,0,0,0,0
669,3130,670.0675558378479,99855,408,199,111,30,31328,16121,0.4751790095638676,314,133,25990,24262,7435,3376,15740,21998,48137,35487,0,0,8028,3637,13713,1664,4768,384,151,0,0,618,52559,2570,11763,0,0,0,0,0
670,3130,671.1949277460399,99855,440,218,111,30,31422,16162,0.47653096990636423,325,148,26025,24333,7455,3376,15642,21893,48142,35494,0,0,8010,3629,13707,1671,4776,391,161,0,0,662,52522,2567,11759,0,0,0,0,0
671,3130,672.0390088915896,99854,432,223,112,30,31482,16191,0.4774270434834859,376,155,26012,24379,7490,3389,15576,21822,48147,35501,0,0,7993,3620,13693,1679,4798,394,169,0,0,708,52484,2563,11753,0,0,0,0,0
672,3130,673.1639220777918,99854,471,239,112,30,31588,16240,0.47897930979229675,392,163,26012,24446,7526,3405,15485,21715,48152,35508,0,0,7977,3613,13680,1686,4820,396,179,0,0,764,52434,2557,11748,0,0,0,0,0
673,3130,674.0071050754116,99853,499,241,113,30,31675,16268,0.4801357996254494,421,193,26018,24475,7534,3416,15413,21643,48157,35515,0,0,7968,3602,13672,1691,4837,399,184,0,0,812,52390,2551,11747,0,0,0,0,0
674,3130,675.1302293199969,99853,535,259,113,30,31812,16319,0.48201856729392206,426,209,26000,24531,7592,3435,15332,21534,48162,35522,0,0,7944,3596,13660,1702,4870,406,200,0,0,868,52340,2541,11726,0,0,0,0,0
675,3130,676.2532174052566,99853,554,263,113,30,31940,16375,0.48386127607583146,455,225,25976,24596,7654,3466,15246,21418,48167,35529,0,0,7916,3586,13646,1716,4905,410,221,0,0,945,52268,2530,11710,0,0,0,0,0
676,3130,677.0956792953568,99853,574,267,113,30,32042,16421,0.48534345487867164,472,237,25962,24632,7695,3502,15182,21330,48172,35536,0,0,7896,3577,13630,1716,4941,412,234,0,0,1008,52210,2528,11701,0,0,0,0,0
677,3130,678.2188828099098,99853,615,293,113,30,32179,16497,0.4874765905881646,500,239,25944,24685,7736,3531,15090,21220,48177,35543,0,0,7877,3567,13613,1725,4971,420,246,0,0,1082,52141,2521,11690,0,0,0,0,0
678,3130,679.0610075399076,99853,633,329,113,30,32273,16565,0.48909897549397613,540,235,25936,24733,7763,3548,15013,21123,48181,35550,0,0,7866,3556,13600,1732,5003,423,254,0,0,1134,52092,2514,11679,0,0,0,0,0
679,3130,680.1833159887653,99852,695,337,113,31,32434,16631,0.4913772383127028,543,283,25903,24764,7814,3583,14930,21000,48185,35556,0,0,7837,3547,13586,1737,5038,429,276,0,0,1209,52020,2511,11662,0,0,0,0,0
680,3130,681.0251652341196,99852,706,358,113,31,32562,16676,0.4931098025077114,569,316,25879,24793,7884,3594,14847,20906,48189,35562,0,0,7803,3538,13567,1744,5063,442,304,0,0,1261,51973,2507,11650,0,0,0,0,0
681,3130,682.1474568888203,99852,759,395,113,31,32731,16768,0.49572367103312903,581,322,25862,24822,7941,3628,14742,20800,48193,35568,0,0,7781,3531,13543,1754,5099,452,318,0,0,1349,51892,2501,11632,0,0,0,0,0
682,3130,683.2698676673264,99852,798,435,113,31,32898,16868,0.49839762849016545,640,321,25811,24837,8014,3665,14622,20709,48197,35574,0,0,7753,3524,13526,1758,5145,462,342,0,0,1436,51805,2495,11606,0,0,0,0,0
683,3130,684.1120401725842,99852,854,434,113,31,33050,16934,0.500580859672315,636,360,25787,24851,8055,3715,14553,20607,48201,35580,0,0,7731,3507,13522,1774,5177,463,360,0,0,1527,51716,2489,11586,0,0,0,0,0
684,3130,685.235079148589,99852,909,470,113,31,33239,17036,0.5034951728558267,666,367,25735,24892,8124,3758,14451,20480,48205,35586,0,0,7700,3496,13502,1789,5223,471,383,0,0,1622,51627,2480,11559,0,0,0,0,0
685,3130,686.0778476235687,99852,923,476,113,31,33377,17105,0.5055682409966751,693,388,25709,24924,8195,3805,14365,20374,48209,35592,0,0,7679,3484,13489,1805,5260,478,400,0,0,1723,51529,2469,11536,0,0,0,0,0
686,3130,687.20213586156,99852,954,529,113,31,33565,17221,0.5086127468653607,754,403,25634,24928,8288,3845,14255,20262,48213,35598,0,0,7629,3467,13469,1818,5303,486,442,0,0,1822,51438,2465,11513,0,0,0,0,0
687,3130,688.0461915877074,99852,988,564,113,31,33715,17323,0.5111364819933502,772,400,25604,24946,8361,3893,14160,20164,48217,35604,0,0,7606,3452,13444,1830,5357,492,461,0,0,1905,51359,2459,11487,0,0,0,0,0
688,3130,689.1724963658652,99852,1046,579,113,31,33931,17432,0.5143912991227017,828,426,25511,24974,8452,3955,14048,20033,48221,35610,0,0,7568,3443,13412,1846,5418,501,491,0,0,2024,51244,2447,11458,0,0,0,0,0
689,3130,690.0186744863871,99852,1125,586,113,31,34128,17521,0.5172555381965309,848,451,25455,24968,8499,4012,13958,19950,48225,35616,0,0,7544,3431,13390,1862,5475,505,510,0,0,2122,51149,2438,11426,0,0,0,0,0
690,3130,691.1479420427208,99851,1186,608,114,31,34377,17643,0.5209762546193829,891,467,25373,24981,8609,4089,13825,19822,48229,35621,0,0,7504,3412,13360,1889,5515,521,539,0,0,2275,51004,2428,11404,0,0,0,0,0
691,3130,692.2794186972243,99850,1241,625,114,32,34625,17772,0.5247571357035553,976,492,25282,24989,8709,4163,13676,19697,48233,35626,0,0,7459,3393,13327,1912,5576,534,578,0,0,2423,50856,2419,11373,0,0,0,0,0
692,3130,693.1291686892728,99849,1306,661,115,32,34834,17882,0.5279572153952469,1050,504,25168,24976,8789,4217,13570,19608,48237,35631,0,0,7426,3384,13304,1921,5629,545,604,0,0,2520,50761,2413,11342,0,0,0,0,0
693,3130,694.2652031365391,99848,1416,710,116,32,35173,18043,0.5329701145741527,1047,509,25057,24970,8929,4307,13433,19470,48241,35636,0,0,7390,3359,13264,1948,5718,560,634,0,0,2675,50607,2403,11290,0,0,0,0,0
694,3130,695.1193887404942,99847,1462,739,117,32,35402,18157,0.5364107083838272,1075,539,24966,24946,9053,4372,13325,19370,48245,35641,0,0,7355,3345,13236,1963,5785,567,660,0,0,2808,50478,2393,11257,0,0,0,0,0
695,3130,696.2613086491247,99845,1506,770,118,33,35702,18330,0.5411587961340077,1165,575,24823,24944,9202,4475,13184,19201,48248,35646,0,0,7303,3325,13188,1992,5877,584,702,0,0,2991,50297,2376,11210,0,0,0,0,0
696,3130,697.1204628198562,99845,1576,804,118,33,35952,18449,0.5448545245129951,1212,606,24730,24928,9296,4530,13066,19097,48251,35651,0,0,7264,3316,13169,2004,5918,600,736,0,0,3126,50161,2368,11183,0,0,0,0,0
697,3130,698.268913008553,99845,1662,842,118,33,36304,18618,0.5500726125494516,1302,646,24568,24903,9462,4628,12886,18946,48254,35656,0,0,7215,3295,13114,2021,6019,611,779,0,0,3321,49965,2361,11144,0,0,0,0,0
698,3130,699.1333491337607,99844,1764,867,118,34,36622,18747,0.5545551059653059,1293,686,24440,24882,9619,4704,12764,18825,48257,35661,0,0,7181,3282,13074,2036,6097,625,807,0,0,3479,49807,2350,11106,0,0,0,0,0
699,3130,700.0009052493621,99844,1810,899,118,34,36912,18885,0.5588417931973879,1352,700,24322,24866,9767,4788,12629,18711,48260,35666,0,0,7128,3265,13025,2063,6183,641,854,0,0,3624,49661,2334,11066,0,0,0,0,0
700,3130,701.1619146351793,99843,1902,979,119,34,37296,19110,0.5649469667377783,1421,729,24133,24813,9945,4895,12478,18548,48263,35671,0,0,7072,3236,12981,2091,6292,654,904,0,0,3826,49455,2323,11009,0,0,0,0,0
701,3130,702.0365061539105,99843,1974,1018,119,34,37603,19276,0.5696844045150887,1473,734,23979,24801,10092,4998,12361,18413,48266,35676,0,0,7026,3219,12931,2118,6383,668,942,0,0,3982,49294,2305,10975,0,0,0,0,0
702,3130,703.2087570313668,99841,2056,1094,120,35,38040,19526,0.5765767570436995,1549,730,23776,24775,10322,5125,12175,18239,48269,35681,0,0,6965,3195,12863,2148,6516,689,994,0,0,4227,49046,2286,10912,0,0,0,0,0
703,3130,704.0925892476338,99841,2171,1100,120,35,38399,19664,0.5815546719283661,1640,798,23569,24721,10471,5225,12027,18119,48272,35686,0,0,6929,3175,12815,2179,6603,701,1021,0,0,4421,48853,2271,10873,0,0,0,0,0
704,3130,705.2787820772954,99840,2319,1158,121,35,38937,19899,0.5893028846153846,1663,834,23313,24683,10725,5349,11857,17939,48275,35691,0,0,6872,3143,12754,2213,6740,727,1069,0,0,4684,48580,2256,10802,0,0,0,0,0
705,3130,706.1751021008438,99840,2364,1170,121,35,39309,20078,0.5948217147435897,1732,892,23128,24602,10934,5486,11719,17813,48278,35695,0,0,6813,3117,12710,2240,6859,742,1120,0,0,4922,48336,2242,10739,0,0,0,0,0
706,3130,707.0769449069005,99840,2400,1233,121,35,39685,20307,0.6008814102564103,1789,877,22959,24550,11166,5618,11563,17685,48281,35699,0,0,6753,3090,12655,2279,6979,756,1172,0,0,5157,48086,2224,10689,0,0,0,0,0
707,3130,708.2875198835061,99837,2480,1256,124,35,40232,20580,0.6091128539519417,1904,935,22691,24448,11458,5810,11341,17514,48284,35703,0,0,6673,3061,12584,2317,7144,787,1243,0,0,5490,47733,2200,10605,0,0,0,0,0
708,3130,709.2022828613798,99837,2593,1314,124,35,40661,20801,0.6156234662499874,1968,966,22504,24372,11627,5940,11182,17371,48287,35707,0,0,6620,3035,12519,2340,7273,813,1291,0,0,5687,47525,2187,10547,0,0,0,0,0
709,3130,710.1224376384897,99835,2708,1340,125,36,41117,21012,0.62231682275755,2011,1017,22283,24313,11843,6089,11028,17203,48290,35711,0,0,6561,3017,12461,2376,7383,838,1345,0,0,5938,47262,2159,10495,0,0,0,0,0
710,3130,711.0492556415203,99834,2804,1393,126,36,41590,21244,0.6293847787326963,2034,1065,22071,24228,12079,6229,10884,17047,48293,35715,0,0,6509,2988,12387,2412,7556,853,1383,0,0,6166,47013,2143,10424,0,0,0,0,0
711,3130,712.2955846399428,99833,2983,1489,126,37,42293,21582,0.639818496889806,2043,1109,21767,24090,12436,6416,10643,16857,48296,35719,0,0,6444,2949,12285,2457,7749,885,1439,0,0,6516,46640,2118,10351,0,0,0,0,0
712,3130,713.2388726553793,99833,3054,1542,126,37,42756,21837,0.6470105075476045,2159,1140,21499,24004,12655,6569,10505,16706,48299,35723,0,0,6374,2925,12212,2495,7894,914,1493,0,0,6770,46372,2098,10286,0,0,0,0,0
713,3130,714.1908151406216,99832,3142,1637,127,37,43280,22121,0.6551105857841173,2193,1192,21282,23881,12930,6715,10324,16536,48302,35727,0,0,6293,2893,12144,2542,8031,941,1562,0,0,7046,46083,2073,10224,0,0,0,0,0
714,3130,715.150713136902,99831,3200,1727,128,37,43794,22415,0.663210826296441,2249,1217,21047,23776,13211,6868,10163,16373,48305,35731,0,0,6216,2868,12075,2579,8202,968,1626,0,0,7323,45781,2051,10142,0,0,0,0,0
715,3130,716.1193637233071,99831,3299,1803,128,37,44325,22725,0.6716350632569041,2314,1227,20811,23672,13446,7045,10000,16214,48308,35735,0,0,6146,2836,12003,2622,8345,1005,1690,0,0,7621,45464,2024,10075,0,0,0,0,0
716,3130,717.0962220418271,99828,3422,1862,130,38,44917,23051,0.6808510638297872,2372,1250,20521,23527,13728,7263,9825,16058,48311,35739,0,0,6075,2793,11922,2676,8512,1053,1752,0,0,7920,45138,1997,9990,0,0,0,0,0
717,3130,718.0836599095633,99825,3503,1884,133,38,45505,23367,0.6899273729025795,2450,1315,20202,23378,14054,7490,9656,15893,48314,35743,0,0,5986,2763,11838,2718,8693,1088,1826,0,0,8289,44749,1964,9911,0,0,0,0,0
718,3130,719.083508974223,99823,3618,1956,134,39,46141,23723,0.699878785450247,2495,1330,19919,23255,14364,7700,9468,15718,48317,35747,0,0,5911,2733,11737,2767,8887,1131,1880,0,0,8634,44373,1934,9836,0,0,0,0,0
719,3130,720.0953703220505,99823,3689,2035,134,39,46763,24082,0.7097061799384912,2533,1369,19645,23112,14683,7915,9314,15528,48319,35751,0,0,5824,2702,11621,2812,9115,1164,1956,0,0,8995,43985,1909,9740,0,0,0,0,0
720,3130,721.1191542566281,99821,3793,2082,135,40,47408,24419,0.7195580088358161,2657,1450,19308,22975,14982,8120,9123,15331,48321,35755,0,0,5742,2669,11525,2869,9343,1204,2018,0,0,9310,43629,1877,9635,0,0,0,0,0
721,3130,722.1567150523695,99819,3910,2124,136,41,48088,24789,0.7300914655526503,2727,1508,18989,22826,15302,8374,8934,15125,48323,35759,0,0,5653,2633,11429,2904,9557,1252,2094,0,0,9683,43210,1849,9555,0,0,0,0,0
722,3130,723.2084139545555,99817,4078,2197,137,42,48831,25194,0.7416071410681547,2784,1533,18650,22648,15610,8626,8739,14952,48325,35763,0,0,5560,2604,11347,2946,9771,1303,2172,0,0,10060,42782,1821,9451,0,0,0,0,0
723,3130,724.2751069096129,99815,4205,2273,139,42,49580,25616,0.7533537043530532,2849,1574,18311,22486,15971,8868,8523,14755,48327,35767,0,0,5458,2564,11240,3017,9980,1364,2259,0,0,10455,42346,1775,9357,0,0,0,0,0
724,3130,725.3583334837599,99815,4319,2335,139,42,50368,26043,0.7655262235135,2865,1642,17967,22312,16366,9139,8342,14528,48329,35770,0,0,5354,2536,11118,3078,10237,1429,2331,0,0,10852,41887,1747,9246,0,0,0,0,0
725,3130,726.0904173970351,99815,4389,2433,139,42,50916,26364,0.7742323298101488,2867,1677,17744,22185,16651,9284,8208,14377,48331,35773,0,0,5291,2500,11034,3117,10414,1466,2382,0,0,11141,41570,1724,9176,0,0,0,0,0
726,3130,727.2033791844945,99813,4481,2511,140,43,51712,26820,0.786791299730496,2934,1733,17410,22024,17030,9536,8003,14151,48333,35776,0,0,5206,2455,10915,3175,10677,1527,2452,0,0,11604,41051,1694,9057,0,0,0,0,0
727,3130,728.3341386662096,99810,4618,2586,143,43,52585,27308,0.8004508566275924,2971,1778,17054,21824,17436,9833,7776,13934,48335,35779,0,0,5094,2415,10791,3229,10939,1599,2549,0,0,12069,40514,1655,8956,0,0,0,0,0
728,3130,729.0875580518194,99809,4696,2651,144,43,53174,27632,0.8096063481249186,2993,1787,16841,21711,17691,10017,7633,13789,48337,35782,0,0,5022,2381,10711,3263,11118,1654,2602,0,0,12371,40176,1637,8874,0,0,0,0,0
729,3130,730.1944577859273,99808,4729,2745,145,43,53975,28164,0.8229701025969862,3075,1734,16479,21567,18125,10339,7445,13570,48339,35785,0,0,4906,2341,10550,3313,11422,1734,2693,0,0,12823,39650,1607,8769,0,0,0,0,0
730,3130,731.2731911651845,99804,4872,2806,149,43,54834,28632,0.8362991463268006,3006,1768,16156,21386,18522,10633,7293,13362,48341,35788,0,0,4796,2298,10424,3370,11726,1798,2778,0,0,13217,39166,1580,8651,0,0,0,0,0
731,3130,732.3261232943311,99804,4962,2832,149,43,55650,29074,0.8489038515490361,3020,1850,15854,21165,18903,10931,7110,13177,48343,35791,0,0,4694,2262,10300,3416,11977,1881,2853,0,0,13676,38638,1552,8555,0,0,0,0,0
732,3130,733.0155919485658,99804,4980,2849,149,43,56155,29370,0.8569295819806821,3100,1883,15639,21049,19168,11128,6962,13046,48345,35794,0,0,4633,2239,10212,3460,12142,1950,2893,0,0,13952,38306,1527,8490,0,0,0,0,0
733,3130,734.0300761053708,99803,5107,2879,150,43,56963,29824,0.86958307866497,3104,1923,15377,20866,19475,11428,6785,12859,48347,35797,0,0,4542,2202,10097,3513,12434,2024,2961,0,0,14326,37837,1485,8382,0,0,0,0,0
734,3130,735.0254282273955,99802,5104,2914,150,44,57702,30278,0.8815454600108215,3224,1926,15085,20695,19819,11733,6616,12686,48349,35800,0,0,4448,2161,9967,3569,12737,2113,3030,0,0,14705,37346,1453,8273,0,0,0,0,0
735,3130,736.0012366593363,99801,5172,2986,150,45,58523,30749,0.8945000551096682,3217,1938,14784,20546,20213,11999,6462,12484,48351,35803,0,0,4351,2125,9850,3625,13050,2177,3099,0,0,15113,36835,1414,8162,0,0,0,0,0
736,3130,737.2719000404044,99799,5264,3087,151,46,59548,31349,0.9108007094259462,3204,1984,14435,20341,20680,12314,6264,12226,48353,35806,0,0,4247,2068,9698,3702,13417,2287,3174,0,0,15580,36233,1365,8028,0,0,0,0,0
737,3130,738.2043825442394,99796,5322,3159,151,49,60321,31810,0.923193314361297,3219,2025,14214,20157,20998,12565,6094,12043,48355,35809,0,0,4170,2029,9598,3757,13698,2375,3211,0,0,15934,35765,1345,7914,0,0,0,0,0
738,3130,739.1211368933044,99795,5327,3191,152,49,61029,32268,0.9348865173605893,3272,2016,13962,20006,21341,12867,5944,11869,48357,35812,0,0,4099,1992,9473,3802,13972,2482,3254,0,0,16304,35295,1314,7808,0,0,0,0,0
739,3130,740.0224149883624,99795,5402,3241,152,49,61801,32709,0.9470414349416303,3234,2047,13731,19812,21681,13135,5798,11714,48359,35815,0,0,4027,1952,9368,3840,14253,2574,3294,0,0,16651,34841,1291,7704,0,0,0,0,0
740,3130,741.2009606991944,99793,5507,3294,154,49,62811,33311,0.9632138526750373,3207,2020,13410,19607,22082,13516,5638,11512,48361,35818,0,0,3933,1911,9213,3887,14658,2708,3342,0,0,17075,34277,1260,7529,0,0,0,0,0
741,3130,742.0698402679012,99791,5489,3287,156,49,63476,33713,0.9739255043039954,3249,2084,13188,19450,22392,13793,5524,11335,48363,35821,0,0,3853,1864,9097,3940,14943,2804,3394,0,0,17376,33846,1236,7438,0,0,0,0,0
742,3130,743.2085366559651,99789,5506,3308,158,49,64393,34289,0.9889065929110423,3270,2105,12910,19248,22789,14164,5365,11124,48365,35824,0,0,3755,1803,8951,4020,15309,2945,3444,0,0,17773,33286,1205,7298,0,0,0,0,0
743,3130,744.0489265572514,99788,5528,3382,159,49,65071,34771,1.0005411472321322,3263,2053,12725,19100,23091,14430,5232,10984,48367,35827,0,0,3686,1758,8864,4082,15567,3036,3475,0,0,18086,32848,1184,7202,0,0,0,0,0
744,3130,745.1522937476661,99786,5579,3380,161,49,65977,35310,1.0150421902872147,3265,2068,12469,18925,23425,14774,5099,10802,48369,35830,0,0,3596,1729,8715,4129,15945,3166,3515,0,0,18471,32291,1153,7076,0,0,0,0,0
745,3130,746.2390470822043,99783,5561,3470,164,49,66859,35902,1.029844763136005,3315,2050,12215,18721,23796,15084,4947,10624,48371,35833,0,0,3493,1687,8558,4166,16342,3306,3572,0,0,18799,31789,1121,6950,0,0,0,0,0
746,3130,747.0425873582924,99783,5610,3474,164,49,67521,36324,1.0407083370914885,3273,2066,12042,18556,24056,15381,4853,10472,48373,35836,0,0,3434,1655,8457,4201,16579,3431,3599,0,0,19070,31403,1093,6861,0,0,0,0,0
747,3130,748.0993676383915,99779,5600,3441,166,51,68326,36851,1.054099560027661,3265,2065,11817,18410,24409,15737,4741,10294,48375,35839,0,0,3334,1617,8318,4257,16876,3580,3648,0,0,19466,30859,1064,6760,0,0,0,0,0
748,3130,749.1418892310446,99778,5591,3488,167,51,69145,37399,1.0678105393974624,3300,2040,11591,18238,24736,16042,4613,10139,48377,35842,0,0,3246,1585,8199,4276,17215,3725,3694,0,0,19789,30357,1040,6652,0,0,0,0,0
749,3130,750.1701020659468,99777,5559,3447,168,51,69963,37906,1.0811008549064414,3247,2068,11423,18065,25101,16404,4500,9963,48379,35845,0,0,3152,1541,8069,4351,17535,3883,3734,0,0,20142,29842,995,6533,0,0,0,0,0
750,3130,751.1851293818471,99776,5542,3491,169,51,70742,38433,1.094201010262989,3282,2078,11254,17905,25375,16684,4376,9789,48381,35848,0,0,3080,1500,7956,4405,17853,4025,3756,0,0,20446,29357,974,6424,0,0,0,0,0
751,3130,752.1876664872931,99776,5502,3466,169,51,71572,38954,1.1077413406029506,3256,2078,11051,17745,25749,17028,4271,9630,48383,35851,0,0,2991,1466,7841,4448,18195,4194,3782,0,0,20758,28848,947,6306,0,0,0,0,0
752,3130,753.1772652413105,99775,5550,3481,170,51,72363,39441,1.1205612628413932,3232,2068,10872,17624,26028,17303,4146,9471,48385,35854,0,0,2936,1428,7731,4495,18490,4347,3783,0,0,21006,28416,927,6216,0,0,0,0,0
753,3130,754.1556561282156,99775,5534,3503,170,51,73154,39972,1.1338110749185668,3232,2032,10700,17463,26336,17608,4026,9341,48387,35856,0,0,2865,1394,7597,4538,18797,4515,3803,0,0,21298,27946,902,6120,0,0,0,0,0
754,3130,755.1232000259084,99774,5570,3435,170,52,73940,40426,1.1462505261891875,3180,2038,10528,17343,26628,17930,3922,9200,48389,35858,0,0,2808,1357,7498,4591,19078,4684,3799,0,0,21561,27488,878,6032,0,0,0,0,0
755,3130,756.0804186240066,99774,5588,3450,170,52,74711,40900,1.1587287269228457,3107,2013,10355,17220,26934,18199,3844,9064,48391,35860,0,0,2744,1317,7401,4615,19374,4840,3821,0,0,21803,27066,855,5938,0,0,0,0,0
756,3130,757.0279680549285,99773,5599,3460,171,52,75470,41354,1.1708979383199865,3066,1980,10209,17132,27204,18441,3749,8933,48393,35862,0,0,2668,1288,7291,4638,19670,4992,3862,0,0,22007,26670,824,5863,0,0,0,0,0
757,3130,758.1993637987442,99771,5527,3512,173,52,76346,41956,1.1857353339146646,3047,1907,10032,16985,27589,18783,3630,8759,48395,35864,0,0,2569,1221,7169,4687,20052,5168,3906,0,0,22296,26172,800,5731,0,0,0,0,0
758,3130,759.1264949504641,99769,5476,3531,174,53,77018,42447,1.1974160310316833,3014,1879,9924,16866,27863,19046,3547,8623,48397,35866,0,0,2497,1187,7082,4721,20325,5332,3927,0,0,22492,25770,782,5654,0,0,0,0,0
759,3130,760.045567147572,99768,5396,3499,175,53,77694,42888,1.208624007697859,3052,1921,9796,16729,28113,19305,3466,8491,48399,35868,0,0,2450,1161,6983,4753,20667,5497,3926,0,0,22651,25374,756,5550,0,0,0,0,0
760,3130,761.1836437054752,99767,5423,3444,176,53,78585,43403,1.2227289584732426,3002,1898,9615,16604,28412,19646,3370,8353,48401,35870,0,0,2377,1121,6868,4785,21030,5693,3940,0,0,22847,24911,737,5458,0,0,0,0,0
761,3130,762.0861284280081,99765,5391,3445,177,54,79291,43815,1.233959805543026,2908,1882,9536,16512,28692,19852,3294,8253,48403,35872,0,0,2326,1101,6773,4782,21300,5869,3943,0,0,23033,24539,725,5374,0,0,0,0,0
762,3130,763.2044898036792,99765,5337,3426,177,54,80085,44350,1.2472811106099333,2875,1860,9421,16377,28972,20173,3216,8108,48405,35874,0,0,2275,1070,6635,4810,21678,6070,3934,0,0,23225,24106,702,5260,0,0,0,0,0
763,3130,764.0924935020731,99765,5262,3374,177,54,80697,44751,1.2574349721846338,2828,1853,9365,16263,29215,20442,3151,8012,48407,35876,0,0,2222,1051,6543,4829,21968,6238,3937,0,0,23357,23754,684,5182,0,0,0,0,0
764,3130,765.1948465443708,99764,5189,3390,177,55,81440,45272,1.2701174772463013,2778,1814,9280,16157,29501,20686,3073,7896,48408,35878,0,0,2172,1022,6427,4848,22256,6463,3938,0,0,23541,23339,666,5092,0,0,0,0,0
765,3130,766.0703913815743,99762,5112,3298,177,57,82024,45642,1.2797056995649647,2746,1822,9215,16083,29731,20928,3017,7810,48409,35880,0,0,2129,993,6338,4872,22529,6646,3936,0,0,23658,23007,651,5003,0,0,0,0,0
766,3130,767.1579126511468,99762,5035,3279,177,57,82777,46132,1.2921653535414286,2731,1766,9096,15972,30019,21240,2940,7684,48410,35882,0,0,2052,967,6212,4881,22891,6852,3961,0,0,23756,22644,631,4915,0,0,0,0,0
767,3130,768.0218177248698,99762,5094,3236,177,57,83415,46499,1.3022393296044585,2631,1788,9045,15896,30174,21428,2877,7593,48411,35884,0,0,2009,947,6132,4888,23103,7017,3968,0,0,23909,22323,619,4847,0,0,0,0,0
768,3130,769.0957113105437,99762,5001,3190,177,57,84104,46944,1.3136063831919969,2600,1782,8973,15809,30436,21696,2811,7464,48412,35886,0,0,1957,926,6023,4899,23387,7223,3964,0,0,24087,21917,604,4775,0,0,0,0,0
769,3130,770.1628557915308,99760,4952,3218,179,57,84778,47441,1.3253708901363273,2561,1762,8893,15685,30677,21936,2736,7340,48413,35888,0,0,1906,897,5931,4928,23639,7426,3955,0,0,24213,21570,591,4704,0,0,0,0,0
770,3130,771.0117722896788,99759,4922,3193,180,57,85333,47813,1.3346765705349892,2530,1749,8861,15617,30815,22138,2690,7244,48414,35890,0,0,1870,877,5854,4939,23869,7594,3945,0,0,24307,21286,583,4635,0,0,0,0,0
771,3130,772.0679098918102,99756,4864,3107,183,57,85996,48234,1.3455832230642768,2491,1740,8778,15546,31059,22411,2623,7137,48415,35892,0,0,1840,850,5773,4970,24151,7794,3910,0,0,24435,20910,564,4559,0,0,0,0,0
772,3130,773.1180968200388,99755,4800,3090,183,58,86656,48681,1.356693900055135,2444,1714,8714,15471,31290,22622,2567,7043,48416,35894,0,0,1800,830,5687,4968,24355,8030,3898,0,0,24582,20556,554,4495,0,0,0,0,0
773,3130,774.1627981964253,99754,4755,3025,184,58,87302,49114,1.3675241093089,2398,1679,8661,15404,31488,22871,2512,6961,48417,35896,0,0,1748,813,5588,4991,24659,8220,3892,0,0,24664,20221,535,4423,0,0,0,0,0
774,3130,775.2025746005443,99753,4692,3023,184,59,87926,49548,1.3781440157188254,2382,1686,8580,15313,31691,23051,2469,6866,48418,35898,0,0,1709,795,5505,4993,24901,8428,3881,0,0,24751,19907,524,4359,0,0,0,0,0
775,3130,776.0305689588014,99751,4645,3017,186,59,88407,49872,1.3862417419374242,2386,1705,8545,15243,31809,23187,2427,6787,48419,35900,0,0,1677,780,5450,4996,25081,8583,3878,0,0,24831,19657,506,4312,0,0,0,0,0
776,3130,777.0615341977244,99751,4545,3015,186,59,89032,50321,1.3970085512927188,2323,1618,8502,15185,32062,23427,2380,6694,48420,35902,0,0,1639,759,5364,5004,25316,8827,3863,0,0,24885,19363,491,4240,0,0,0,0,0
777,3130,778.0881145287134,99749,4503,2965,187,60,89644,50730,1.4072722533559234,2307,1596,8468,15131,32195,23634,2338,6612,48421,35904,0,0,1610,744,5299,4995,25541,9049,3851,0,0,24948,19049,480,4183,0,0,0,0,0
778,3130,779.1112602673985,99749,4412,2911,187,60,90216,51128,1.416996661620668,2280,1556,8430,15065,32395,23862,2294,6544,48422,35906,0,0,1566,730,5223,5014,25737,9278,3848,0,0,25012,18753,463,4125,0,0,0,0,0
779,3130,780.1305105904923,99747,4391,2877,188,61,90819,51529,1.4270905390638315,2206,1507,8427,15030,32542,24060,2244,6463,48423,35908,0,0,1530,712,5166,5021,25970,9477,3835,0,0,25045,18481,450,4060,0,0,0,0,0
780,3130,781.1462040973275,99745,4325,2852,190,61,91381,51901,1.4364830317309139,2181,1500,8381,14963,32729,24239,2192,6383,48424,35910,0,0,1487,699,5117,5013,26153,9698,3830,0,0,25064,18244,437,4003,0,0,0,0,0
781,3130,782.1578599297725,99745,4222,2833,190,61,91904,52285,1.4455762193593664,2164,1474,8364,14898,32897,24417,2161,6315,48425,35912,0,0,1448,675,5032,5022,26374,9896,3819,0,0,25111,17998,424,3946,0,0,0,0,0
782,3130,783.1661412934992,99745,4162,2818,190,61,92447,52658,1.4547596370745401,2135,1473,8334,14862,33055,24560,2122,6224,48426,35914,0,0,1422,657,4960,5011,26571,10110,3807,0,0,25144,17752,419,3892,0,0,0,0,0
783,3130,784.1713483439386,99745,4148,2781,190,61,92986,53014,1.4637325179206977,2066,1448,8315,14821,33198,24745,2081,6142,48427,35916,0,0,1395,642,4908,5009,26743,10313,3790,0,0,25181,17502,416,3846,0,0,0,0,0
784,3130,785.1737565322371,99744,4065,2711,191,61,93507,53351,1.4723492139878087,2024,1463,8308,14758,33376,24934,2034,6071,48428,35918,0,0,1365,629,4842,5000,26967,10517,3776,0,0,25200,17258,410,3780,0,0,0,0,0
785,3130,786.1730972939285,99742,3988,2663,193,61,94012,53692,1.4808606204006336,1989,1442,8314,14735,33517,25095,1997,6002,48429,35920,0,0,1337,615,4784,5001,27136,10741,3760,0,0,25204,17029,405,3730,0,0,0,0,0
786,3130,787.169918302269,99742,3918,2651,193,61,94513,54058,1.489553046860901,1946,1389,8312,14713,33662,25240,1967,5944,48430,35922,0,0,1307,603,4724,4991,27332,10937,3754,0,0,25221,16810,389,3674,0,0,0,0,0
787,3130,788.1642809294536,99741,3832,2649,193,62,95004,54439,1.4983106245175004,1930,1322,8319,14666,33796,25421,1928,5878,48431,35924,0,0,1277,593,4665,4975,27553,11125,3740,0,0,25215,16589,382,3627,0,0,0,0,0
788,3130,789.1566210967372,99741,3734,2605,193,62,95465,54764,1.5061910347800804,1909,1316,8324,14652,33942,25558,1896,5805,48432,35926,0,0,1249,581,4599,4984,27732,11319,3714,0,0,25229,16378,371,3585,0,0,0,0,0
789,3130,790.1463365786503,99741,3687,2547,193,62,95962,55070,1.5142418864859988,1847,1307,8321,14622,34081,25723,1869,5737,48433,35928,0,0,1220,568,4535,4996,27917,11506,3696,0,0,25233,16169,364,3537,0,0,0,0,0
790,3130,791.1342701578748,99741,3634,2512,193,62,96406,55394,1.5219418293379854,1814,1264,8327,14610,34186,25873,1844,5677,48434,35930,0,0,1200,558,4477,4987,28057,11700,3672,0,0,25284,15955,360,3491,0,0,0,0,0
791,3130,792.1209265061692,99741,3600,2448,193,62,96849,55707,1.5295214605829097,1785,1226,8346,14579,34262,26065,1812,5618,48435,35932,0,0,1175,548,4426,4978,28203,11895,3666,0,0,25305,15744,353,3448,0,0,0,0,0
792,3130,793.1064200392012,99740,3526,2364,194,62,97294,55990,1.5368357730098257,1745,1241,8343,14577,34411,26211,1779,5543,48436,35934,0,0,1156,540,4374,4969,28377,12094,3639,0,0,25283,15549,349,3410,0,0,0,0,0
793,3130,794.0902824827742,99738,3459,2318,196,62,97706,56253,1.5436343219234394,1718,1215,8395,14591,34472,26321,1758,5491,48437,35936,0,0,1137,528,4322,4958,28541,12271,3631,0,0,25248,15383,347,3372,0,0,0,0,0
794,3130,795.0735760866719,99738,3424,2279,196,62,98156,56569,1.5513144438428683,1609,1199,8426,14568,34602,26468,1741,5422,48438,35938,0,0,1123,520,4256,4952,28709,12459,3612,0,0,25234,15201,338,3334,0,0,0,0,0
795,3130,796.0553120705777,99738,3375,2252,196,62,98577,56879,1.558643646353446,1598,1171,8439,14541,34673,26601,1717,5371,48439,35940,0,0,1104,508,4202,4930,28881,12637,3608,0,0,25219,15021,329,3299,0,0,0,0,0
796,3130,797.0362877657557,99738,3271,2219,196,62,98960,57160,1.5653010888527943,1639,1167,8427,14527,34770,26701,1695,5322,48440,35942,0,0,1084,501,4167,4918,29054,12812,3592,0,0,25168,14861,320,3261,0,0,0,0,0
797,3130,798.0156418945157,99738,3198,2195,196,62,99333,57470,1.5721490304598047,1628,1109,8437,14543,34866,26821,1673,5268,48441,35944,0,0,1066,496,4130,4906,29166,13020,3580,0,0,25135,14699,316,3224,0,0,0,0,0
798,3130,799.1895072473231,99737,3088,2132,197,62,99796,57790,1.5800154406088012,1591,1076,8475,14552,35010,26980,1637,5196,48442,35946,0,0,1045,485,4084,4901,29339,13248,3563,0,0,25090,14505,304,3173,0,0,0,0,0
799,3130,800.1661177460962,99736,3019,2092,197,63,100184,58040,1.5864281703697762,1557,1058,8479,14569,35129,27070,1617,5146,48443,35948,0,0,1031,476,4048,4888,29483,13417,3543,0,0,25069,14351,297,3133,0,0,0,0,0
800,3130,801.141340078741,99736,2995,2030,197,63,100563,58278,1.5926145022860352,1518,1069,8500,14578,35195,27166,1593,5092,48444,35950,0,0,1011,469,4009,4884,29595,13593,3528,0,0,25037,14209,295,3106,0,0,0,0,0
801,3130,802.1159817548989,99736,2969,1938,197,63,100947,58498,1.5986704900938478,1455,1046,8537,14599,35264,27304,1576,5048,48445,35952,0,0,1001,460,3968,4854,29703,13783,3516,0,0,25021,14062,292,3076,0,0,0,0,0
802,3130,803.0903149007341,99735,2914,1903,197,64,101309,58750,1.6048428335087983,1409,1029,8562,14618,35353,27380,1563,5004,48446,35954,0,0,993,453,3930,4840,29804,13962,3487,0,0,25019,13915,286,3046,0,0,0,0,0
803,3130,804.0637714371472,99735,2864,1876,197,64,101661,58983,1.610708377199579,1409,1010,8571,14659,35411,27429,1546,4960,48447,35956,0,0,981,447,3893,4829,29932,14117,3469,0,0,24985,13780,285,3017,0,0,0,0,0
804,3130,805.0363280833895,99734,2790,1857,197,65,101987,59206,1.6162291695911124,1389,993,8592,14673,35501,27503,1529,4907,48448,35958,0,0,961,439,3853,4837,30030,14283,3458,0,0,24953,13666,279,2975,0,0,0,0,0
805,3130,806.0081583070767,99733,2743,1838,198,65,102330,59432,1.6219506081236903,1357,988,8636,14707,35563,27536,1501,4864,48449,35960,0,0,942,429,3823,4829,30129,14431,3448,0,0,24939,13540,274,2949,0,0,0,0,0
806,3130,807.1736051866386,99732,2669,1834,199,65,102697,59726,1.6285946336180965,1342,980,8698,14720,35606,27602,1484,4797,48450,35961,0,0,929,425,3794,4821,30228,14629,3429,0,0,24890,13405,264,2918,0,0,0,0,0
807,3130,808.1447271334954,99732,2663,1789,199,65,103045,59952,1.6343500581558577,1281,972,8738,14747,35650,27675,1467,4750,48451,35962,0,0,908,419,3759,4832,30319,14774,3411,0,0,24890,13271,261,2888,0,0,0,0,0
808,3130,809.115715495989,99732,2600,1756,199,65,103372,60151,1.6396241928368027,1278,974,8784,14767,35690,27721,1447,4715,48452,35963,0,0,894,410,3728,4812,30412,14940,3401,0,0,24858,13163,258,2856,0,0,0,0,0
809,3130,810.0867619081952,99732,2540,1752,199,65,103669,60394,1.6450387037259857,1258,949,8832,14793,35733,27765,1436,4674,48453,35964,0,0,878,408,3696,4794,30502,15100,3386,0,0,24820,13056,256,2836,0,0,0,0,0
810,3130,811.0581386401257,99731,2505,1724,199,66,103987,60583,1.650138873569903,1209,960,8901,14817,35762,27790,1422,4641,48454,35965,0,0,869,402,3664,4776,30585,15251,3371,0,0,24803,12951,252,2807,0,0,0,0,0
811,3130,812.0296755226261,99731,2499,1718,199,66,104311,60802,1.6555835196679067,1149,912,8943,14856,35798,27838,1410,4608,48455,35966,0,0,853,398,3635,4762,30685,15388,3364,0,0,24761,12855,250,2780,0,0,0,0,0
812,3130,813.0012761094366,99729,2369,1693,200,67,104571,61031,1.6605200092249996,1150,862,9004,14899,35885,27902,1390,4575,48456,35967,0,0,843,393,3608,4746,30777,15566,3343,0,0,24702,12750,247,2754,0,0,0,0,0
813,3130,814.1667406465939,99728,2296,1674,200,68,104899,61281,1.6663324241938071,1143,817,9059,14933,35929,27980,1371,4526,48457,35968,0,0,826,384,3587,4765,30835,15749,3324,0,0,24656,12634,240,2728,0,0,0,0,0
814,3130,815.1383221800132,99726,2304,1627,201,69,105215,61470,1.6714297174257466,1082,814,9117,14977,35944,28027,1350,4484,48458,35969,0,0,812,383,3566,4760,30889,15901,3311,0,0,24630,12524,236,2714,0,0,0,0,0
815,3130,816.1105416241007,99726,2263,1591,201,69,105471,61661,1.6759119988769227,1086,805,9176,15013,35940,28075,1332,4445,48459,35970,0,0,803,377,3544,4775,30977,16030,3289,0,0,24576,12433,231,2691,0,0,0,0,0
816,3130,817.0835574519147,99725,2204,1561,202,69,105743,61843,1.68048132364001,1072,780,9238,15053,35958,28121,1324,4414,48460,35971,0,0,794,375,3521,4738,31045,16179,3280,0,0,24549,12344,228,2672,0,0,0,0,0
817,3130,818.0571009998986,99725,2151,1551,202,69,106016,62019,1.6849837051892704,1056,781,9266,15088,36015,28126,1308,4383,48461,35972,0,0,782,368,3500,4732,31081,16341,3268,0,0,24497,12275,224,2657,0,0,0,0,0
818,3130,819.0302799703549,99725,2109,1494,202,69,106271,62182,1.6891752318876911,1028,792,9335,15103,36032,28185,1292,4355,48462,35973,0,0,774,363,3474,4728,31160,16478,3257,0,0,24457,12189,221,2624,0,0,0,0,0
819,3130,820.0041063758279,99724,2061,1480,202,70,106522,62361,1.693504071236613,1005,781,9395,15151,36053,28208,1282,4308,48463,35974,0,0,767,362,3460,4700,31206,16622,3253,0,0,24438,12090,218,2608,0,0,0,0,0
820,3130,821.173433898575,99724,2020,1478,202,70,106809,62588,1.6986582968994424,1000,750,9445,15191,36064,28227,1267,4282,48464,35975,0,0,762,357,3431,4692,31274,16783,3233,0,0,24394,12000,218,2580,0,0,0,0,0
821,3130,822.1483307153602,99724,1981,1489,202,70,107045,62759,1.7027395611888814,979,713,9530,15247,36054,28226,1252,4253,48465,35976,0,0,756,355,3408,4682,31331,16900,3213,0,0,24367,11930,214,2568,0,0,0,0,0
822,3130,823.124481524039,99724,1951,1436,202,70,107288,62912,1.706710521038065,946,719,9604,15273,36054,28271,1241,4229,48466,35977,0,0,749,351,3389,4667,31371,17046,3203,0,0,24331,11858,213,2546,0,0,0,0,0
823,3130,824.1016738658357,99724,1912,1411,202,70,107512,63074,1.7105812041233805,935,700,9665,15322,36055,28289,1229,4206,48467,35978,0,0,745,349,3367,4650,31430,17175,3195,0,0,24297,11779,212,2525,0,0,0,0,0
824,3130,825.0798732175982,99724,1915,1379,202,70,107761,63227,1.7146123300308853,941,690,9732,15381,35996,28301,1212,4177,48468,35979,0,0,743,343,3346,4651,31487,17294,3180,0,0,24258,11703,208,2511,0,0,0,0,0
825,3130,826.059284086021,99724,1877,1396,202,70,107989,63406,1.718693594320324,913,657,9791,15439,36015,28296,1200,4140,48469,35980,0,0,741,342,3325,4637,31548,17411,3163,0,0,24233,11634,204,2486,0,0,0,0,0
826,3130,827.0394213164624,99724,1835,1357,202,70,108218,63561,1.722544222052866,902,625,9864,15480,36006,28346,1189,4120,48470,35981,0,0,735,339,3304,4632,31583,17555,3146,0,0,24199,11560,202,2469,0,0,0,0,0
827,3130,828.0208558435957,99724,1825,1324,202,70,108444,63725,1.7264550158437286,864,615,9946,15499,35985,28391,1176,4099,48471,35982,0,0,723,336,3290,4624,31646,17669,3140,0,0,24154,11487,200,2455,0,0,0,0,0
828,3130,829.0034479012908,99724,1810,1281,202,70,108646,63874,1.7299747302555053,861,605,10001,15558,35958,28416,1166,4068,48472,35983,0,0,714,336,3273,4623,31681,17786,3130,0,0,24130,11415,197,2439,0,0,0,0,0
829,3130,830.1843921436323,99724,1756,1249,202,70,108911,64056,1.734457101600417,870,584,10072,15611,35949,28445,1149,4039,48473,35984,0,0,704,331,3252,4617,31745,17932,3113,0,0,24076,11337,191,2426,0,0,0,0,0
830,3130,831.1698427598371,99723,1760,1213,202,71,109134,64201,1.7381647162640514,864,579,10117,15663,35917,28465,1138,4007,48474,35985,0,0,701,327,3232,4614,31787,18044,3101,0,0,24044,11274,190,2409,0,0,0,0,0
831,3130,832.156189856191,99722,1722,1179,203,71,109353,64337,1.741742042879204,819,578,10180,15721,35945,28472,1129,3977,48475,35986,0,0,696,320,3220,4605,31843,18165,3092,0,0,23994,11210,188,2389,0,0,0,0,0
832,3130,833.1432939852631,99720,1722,1175,204,72,109586,64484,1.74558764540714,773,546,10250,15781,35928,28473,1121,3951,48476,35987,0,0,694,317,3206,4588,31864,18287,3079,0,0,23975,11144,184,2382,0,0,0,0,0
833,3130,834.1314968642635,99720,1682,1145,204,72,109778,64616,1.7488367428800642,768,535,10338,15826,35894,28492,1112,3928,48477,35988,0,0,688,315,3197,4585,31888,18416,3070,0,0,23926,11093,182,2360,0,0,0,0,0
834,3130,835.121085208358,99720,1624,1123,204,72,109969,64737,1.7519655034095467,779,543,10396,15862,35894,28491,1101,3907,48478,35989,0,0,684,313,3176,4575,31900,18540,3062,0,0,23911,11029,182,2348,0,0,0,0,0
835,3130,836.1114716697543,99719,1612,1114,205,72,110182,64879,1.7555430760436828,726,520,10469,15895,35894,28502,1092,3895,48479,35990,0,0,680,310,3158,4569,31957,18642,3044,0,0,23863,10980,181,2335,0,0,0,0,0
836,3130,837.1030944507316,99719,1581,1091,205,72,110374,65009,1.7587721497407716,729,514,10518,15946,35878,28508,1087,3867,48480,35991,0,0,673,307,3133,4558,32016,18740,3037,0,0,23834,10926,176,2319,0,0,0,0,0
837,3130,838.0958050980603,99718,1554,1090,206,72,110556,65145,1.7619787801600513,733,480,10580,16005,35841,28503,1084,3848,48481,35992,0,0,666,305,3118,4561,32040,18839,3020,0,0,23818,10871,175,2305,0,0,0,0,0
838,3130,839.0898135746924,99717,1550,1050,207,72,110752,65266,1.7651754465136336,715,481,10660,16057,35791,28508,1075,3830,48482,35993,0,0,659,305,3105,4551,32104,18928,3012,0,0,23778,10811,171,2293,0,0,0,0,0
839,3130,840.0857524202435,99717,1494,1028,207,72,110919,65377,1.7679633362415637,706,493,10748,16102,35778,28493,1065,3810,48483,35994,0,0,654,303,3084,4550,32154,19020,2995,0,0,23750,10753,170,2284,0,0,0,0,0
840,3130,841.0830235263352,99717,1466,988,207,72,111098,65497,1.7709618219561358,689,475,10830,16164,35748,28515,1058,3784,48484,35995,0,0,651,300,3069,4553,32209,19115,2976,0,0,23706,10694,168,2276,0,0,0,0,0
841,3130,842.0819728811327,99717,1433,966,207,72,111274,65609,1.7738499954872289,672,485,10909,16217,35728,28496,1049,3762,48485,35996,0,0,645,299,3060,4534,32226,19223,2971,0,0,23688,10639,165,2267,0,0,0,0,0
842,3130,843.0822059824251,99717,1385,959,207,72,111437,65745,1.776848481201801,666,464,10968,16268,35730,28488,1042,3747,48486,35997,0,0,641,297,3043,4535,32263,19324,2953,0,0,23654,10585,165,2257,0,0,0,0,0
843,3130,844.0834273878979,99717,1350,957,207,72,111603,65867,1.779736654732894,665,446,11060,16310,35676,28485,1040,3728,48487,35998,0,0,629,295,3035,4535,32274,19427,2949,0,0,23618,10545,164,2246,0,0,0,0,0
844,3130,845.0866850525786,99717,1355,958,207,72,111801,65988,1.7829357080537922,627,440,11137,16366,35637,28466,1035,3696,48488,35999,0,0,625,292,3025,4517,32311,19525,2941,0,0,23576,10508,162,2235,0,0,0,0,0
845,3130,846.0912011017714,99717,1327,930,207,72,111967,66105,1.7857737396833038,647,419,11201,16425,35587,28480,1029,3672,48489,36000,0,0,620,292,3012,4497,32348,19625,2936,0,0,23551,10447,162,2227,0,0,0,0,0
846,3130,847.0979874675205,99717,1342,906,207,72,112148,66206,1.788601742932499,610,429,11304,16474,35509,28469,1026,3648,48490,36001,0,0,612,288,2997,4488,32401,19693,2935,0,0,23530,10396,162,2215,0,0,0,0,0
847,3130,848.1070503303916,99717,1307,856,207,72,112315,66297,1.7911890650541031,584,439,11380,16533,35498,28469,1022,3629,48491,36002,0,0,607,288,2988,4486,32418,19802,2923,0,0,23495,10346,162,2202,0,0,0,0,0
848,3130,849.1173419566151,99717,1291,837,207,72,112463,66408,1.7937864155560235,573,441,11450,16585,35461,28454,1016,3609,48492,36003,0,0,600,285,2979,4485,32427,19896,2915,0,0,23473,10302,162,2193,0,0,0,0,0
849,3130,850.1291844281612,99715,1263,813,208,73,112612,66523,1.7964699393270822,581,417,11512,16650,35430,28457,1004,3588,48493,36004,0,0,594,285,2969,4471,32468,19982,2908,0,0,23445,10248,160,2185,0,0,0,0,0
850,3130,851.1425628352413,99715,1195,798,208,73,112752,66648,1.7991275134132276,562,393,11614,16719,35420,28450,999,3565,48494,36005,0,0,592,283,2956,4467,32506,20087,2894,0,0,23395,10203,160,2172,0,0,0,0,0
851,3130,852.1575624015684,99715,1155,789,208,73,112891,66747,1.8015143158000302,551,375,11696,16780,35399,28432,989,3549,48495,36006,0,0,588,282,2943,4448,32523,20179,2891,0,0,23371,10165,159,2166,0,0,0,0,0
852,3130,853.1737869643979,99715,1123,777,208,73,113019,66852,1.8038509752795466,557,349,11748,16849,35380,28420,982,3530,48496,36007,0,0,583,281,2933,4433,32557,20259,2885,0,0,23345,10127,158,2154,0,0,0,0,0
853,3130,854.1913931606329,99715,1119,725,208,73,113174,66918,1.8060672917815774,538,376,11841,16923,35322,28394,970,3507,48497,36008,0,0,577,280,2926,4415,32588,20335,2884,0,0,23331,10076,158,2145,0,0,0,0,0
854,3130,855.0069906358214,99715,1102,716,208,73,113291,66997,1.8080328937471795,518,365,11920,16995,35284,28358,966,3491,48498,36009,0,0,571,277,2915,4412,32602,20406,2880,0,0,23310,10048,157,2137,0,0,0,0,0
855,3130,856.028072254417,99715,1081,727,208,73,113429,67104,1.810489896204182,525,348,11985,17084,35239,28298,960,3468,48499,36010,0,0,565,277,2908,4389,32658,20469,2875,0,0,23264,10019,157,2134,0,0,0,0,0
856,3130,857.0507811508069,99715,1072,733,208,73,113583,67198,1.8129769844055559,491,323,12060,17170,35211,28252,956,3447,48500,36011,0,0,561,274,2896,4383,32679,20544,2870,0,0,23238,9988,154,2128,0,0,0,0,0
857,3130,858.0750247452793,99715,1045,707,208,73,113699,67271,1.8148723863009577,499,344,12131,17251,35162,28190,953,3433,48501,36012,0,0,559,271,2891,4383,32690,20621,2860,0,0,23223,9950,153,2114,0,0,0,0,0
858,3130,859.10095487568,99715,1025,694,208,73,113834,67356,1.8170786742215315,491,341,12206,17321,35123,28152,945,3417,48502,36013,0,0,558,271,2877,4377,32712,20700,2843,0,0,23188,9929,151,2109,0,0,0,0,0
859,3130,860.1288499420988,99715,1020,687,208,73,113963,67436,1.8191746477460764,497,336,12278,17399,35054,28101,941,3402,48503,36014,0,0,556,269,2866,4371,32736,20764,2833,0,0,23174,9896,150,2100,0,0,0,0,0
860,3130,861.158512868949,99715,1009,699,208,73,114087,67523,1.8212906784335356,477,327,12352,17468,35016,28046,936,3385,48504,36015,0,0,551,269,2860,4358,32750,20828,2833,0,0,23148,9872,149,2097,0,0,0,0,0
861,3130,862.189397062459,99715,999,698,208,73,114236,67611,1.8236674522388807,443,330,12410,17557,35009,27981,929,3359,48505,36016,0,0,549,267,2850,4357,32796,20893,2822,0,0,23106,9844,144,2087,0,0,0,0,0
862,3130,863.0148658849957,99715,981,684,208,73,114321,67679,1.8252018252018252,436,312,12484,17618,34962,27965,927,3346,48506,36017,0,0,549,266,2845,4353,32796,20953,2814,0,0,23108,9808,144,2079,0,0,0,0,0
863,3130,864.0486563974488,99715,960,664,208,73,114440,67761,1.8272175700747129,412,317,12565,17681,34930,27939,923,3324,48507,36018,0,0,548,266,2831,4349,32839,21011,2805,0,0,23081,9771,144,2070,0,0,0,0,0
864,3130,865.0839870972287,99714,901,651,209,73,114526,67841,1.8289006558758047,426,302,12651,17746,34894,27915,917,3311,48508,36019,0,0,545,264,2829,4349,32819,21100,2797,0,0,23068,9736,142,2065,0,0,0,0,0
865,3130,866.1213534209865,99714,879,643,209,73,114641,67924,1.830886334917865,402,288,12743,17830,34852,27868,913,3296,48509,36020,0,0,541,264,2817,4340,32836,21168,2790,0,0,23052,9702,142,2062,0,0,0,0,0
866,3130,867.1606118449253,99713,839,606,209,74,114740,67994,1.832599560739322,408,278,12821,17914,34815,27849,906,3277,48510,36021,0,0,537,264,2807,4339,32848,21249,2781,0,0,23025,9666,142,2055,0,0,0,0,0
867,3130,868.2018499093529,99713,781,592,209,74,114823,68067,1.8341640508258703,422,271,12924,18001,34757,27800,905,3260,48511,36022,0,0,536,262,2797,4330,32858,21324,2772,0,0,23013,9632,142,2047,0,0,0,0,0
868,3130,869.0366258122364,99713,792,564,209,74,114914,68111,1.835517936477691,403,286,13006,18067,34686,27761,902,3246,48512,36023,0,0,532,260,2793,4327,32893,21361,2771,0,0,22978,9616,141,2041,0,0,0,0,0
869,3130,870.0826857967935,99713,772,547,209,74,115013,68177,1.837172685607694,400,267,13091,18152,34629,27724,897,3234,48513,36024,0,0,531,258,2787,4318,32904,21423,2768,0,0,22969,9583,139,2033,0,0,0,0,0
870,3130,871.130964192816,99713,776,525,209,74,115118,68233,1.8387873196072728,396,289,13179,18217,34545,27680,893,3213,48514,36025,0,0,527,257,2780,4315,32901,21487,2767,0,0,22953,9559,138,2029,0,0,0,0,0
871,3130,872.1814429714025,99712,770,507,209,75,115226,68308,1.8406410462130938,377,277,13260,18294,34496,27651,886,3194,48515,36026,0,0,523,256,2767,4308,32918,21553,2763,0,0,22927,9535,137,2025,0,0,0,0,0
872,3130,873.0234252972851,99712,775,507,209,75,115317,68376,1.842235638639281,361,260,13330,18350,34443,27622,880,3184,48516,36027,0,0,519,255,2763,4305,32928,21601,2760,0,0,22910,9514,136,2021,0,0,0,0,0
873,3130,874.078263003252,99712,749,461,209,75,115418,68435,1.843840259948652,355,258,13425,18440,34384,27594,876,3170,48517,36028,0,0,516,253,2762,4309,32913,21682,2752,0,0,22898,9476,136,2015,0,0,0,0,0
874,3130,875.135637147932,99711,746,481,209,76,115516,68516,1.8456539398862712,355,236,13536,18519,34276,27523,876,3163,48518,36029,0,0,515,252,2759,4303,32911,21738,2746,0,0,22884,9460,134,2009,0,0,0,0,0
875,3130,876.1959714252326,99711,725,476,209,76,115612,68581,1.8472686062721264,328,238,13655,18605,34211,27451,870,3152,48519,36030,0,0,513,248,2755,4298,32916,21803,2741,0,0,22855,9446,132,2004,0,0,0,0,0
876,3130,877.0463233015859,99711,708,474,209,76,115677,68640,1.8485122002587477,348,224,13719,18677,34148,27407,866,3140,48520,36031,0,0,513,247,2749,4293,32931,21847,2738,0,0,22836,9429,132,1996,0,0,0,0,0
877,3130,878.1115165965598,99711,680,471,209,76,115755,68708,1.8499764318881569,351,202,13815,18776,34078,27348,865,3125,48521,36032,0,0,511,246,2741,4291,32961,21893,2732,0,0,22808,9409,131,1988,0,0,0,0,0
878,3130,879.1793558871882,99711,681,434,209,76,115845,68752,1.851320315712409,356,199,13899,18873,33992,27301,861,3115,48522,36033,0,0,507,244,2733,4288,32980,21947,2730,0,0,22777,9392,131,1982,0,0,0,0,0
879,3130,880.0356455290784,99710,683,417,209,77,115927,68792,1.852562431050045,346,197,13981,18959,33918,27243,861,3105,48523,36034,0,0,505,244,2728,4281,32998,21988,2725,0,0,22762,9372,130,1977,0,0,0,0,0
880,3130,881.1085642926682,99710,648,419,209,77,116011,68847,1.8539564737739445,330,190,14064,19045,33889,27179,858,3088,48524,36035,0,0,500,243,2721,4270,33020,22033,2723,0,0,22746,9352,130,1972,0,0,0,0,0
881,3130,882.1835188667566,99710,627,409,209,77,116103,68897,1.8553806037508775,309,193,14167,19154,33834,27096,852,3069,48525,36036,0,0,499,242,2715,4260,33034,22085,2719,0,0,22731,9333,129,1963,0,0,0,0,0
882,3130,883.0451058573357,99710,617,416,209,77,116185,68946,1.85669441380002,283,179,14257,19214,33786,27049,846,3063,48526,36037,0,0,498,241,2710,4255,33038,22131,2714,0,0,22721,9320,129,1953,0,0,0,0,0
883,3130,884.1242687809428,99710,596,409,209,77,116263,68998,1.8579981947648179,265,181,14353,19302,33735,26976,840,3053,48527,36038,0,0,497,238,2702,4262,33045,22180,2704,0,0,22705,9299,128,1950,0,0,0,0,0
884,3130,885.205787776191,99710,576,387,209,77,116326,69046,1.8591114231270685,284,175,14443,19402,33648,26916,838,3041,48528,36039,0,0,496,236,2699,4255,33063,22225,2699,0,0,22686,9276,128,1947,0,0,0,0,0
885,3130,886.0729896315568,99710,560,384,209,77,116391,69091,1.8602146224049745,261,163,14529,19486,33603,26859,836,3029,48529,36040,0,0,496,235,2694,4262,33052,22272,2692,0,0,22682,9255,125,1945,0,0,0,0,0
886,3130,887.1594561835176,99710,531,386,209,77,116455,69140,1.8613479089359142,264,161,14631,19573,33529,26784,834,3017,48530,36041,0,0,495,234,2691,4263,33051,22316,2683,0,0,22669,9241,125,1942,0,0,0,0,0
887,3130,888.0307176664024,99709,513,384,210,77,116512,69177,1.8623093201215537,256,164,14719,19657,33470,26711,830,3005,48531,36042,0,0,494,232,2688,4262,33051,22352,2679,0,0,22659,9226,125,1941,0,0,0,0,0
888,3130,889.1222359278589,99709,505,357,210,77,116580,69215,1.8633724137239367,248,159,14812,19739,33396,26672,827,2994,48532,36043,0,0,493,230,2682,4259,33057,22401,2673,0,0,22644,9210,125,1935,0,0,0,0,0
889,3130,890.216566659401,99709,498,351,210,77,116642,69263,1.864475624066032,245,153,14908,19824,33314,26616,823,2977,48533,36044,0,0,490,229,2677,4252,33082,22431,2670,0,0,22628,9197,125,1928,0,0,0,0,0
890,3130,891.0942533138741,99709,492,323,210,77,116698,69295,1.8653581923397085,249,158,14982,19895,33244,26578,821,2967,48534,36045,0,0,489,228,2673,4242,33111,22462,2666,0,0,22607,9181,125,1925,0,0,0,0,0
891,3130,892.1943262665843,99709,492,314,210,77,116779,69339,1.8666118404557261,219,148,15128,19973,33133,26527,816,2959,48535,36046,0,0,488,228,2671,4231,33110,22510,2665,0,0,22592,9166,125,1923,0,0,0,0,0
892,3130,893.0772156767802,99709,475,302,210,77,116831,69372,1.8674643211746182,221,145,15211,20056,33068,26468,813,2950,48536,36047,0,0,486,228,2669,4226,33113,22548,2663,0,0,22583,9152,124,1917,0,0,0,0,0
893,3130,894.183512467919,99709,448,321,210,77,116880,69421,1.868447181297576,237,130,15317,20150,32980,26381,806,2939,48537,36048,0,0,486,228,2669,4227,33105,22589,2655,0,0,22569,9145,123,1913,0,0,0,0,0
894,3130,895.0709534321232,99709,451,302,210,77,116939,69449,1.869319720386324,221,138,15412,20212,32898,26336,806,2933,48538,36049,0,0,483,227,2663,4225,33093,22633,2655,0,0,22563,9134,123,1910,0,0,0,0,0
895,3130,896.1839703078185,99709,463,284,210,77,117011,69484,1.8703928431736352,212,132,15526,20291,32782,26292,805,2922,48539,36050,0,0,483,227,2661,4221,33086,22675,2652,0,0,22557,9116,123,1908,0,0,0,0,0
896,3130,897.076934459814,99709,446,277,210,77,117060,69507,1.8711149444884614,209,141,15599,20374,32731,26220,803,2909,48540,36051,0,0,482,226,2660,4221,33086,22709,2647,0,0,22542,9107,121,1908,0,0,0,0,0
897,3130,898.1954774295049,99709,440,273,210,77,117126,69542,1.8721278921662037,198,141,15683,20477,32666,26132,801,2898,48541,36052,0,0,482,225,2656,4220,33078,22755,2642,0,0,22527,9097,121,1906,0,0,0,0,0
898,3130,899.0921513824202,99709,424,261,210,77,117162,69567,1.8727396724468202,195,145,15780,20528,32589,26104,800,2883,48542,36053,0,0,481,225,2651,4216,33066,22795,2643,0,0,22522,9085,120,1905,0,0,0,0,0
899,3130,900.21595970525,99709,405,275,210,77,117207,69605,1.8735720947958558,211,158,15854,20574,32521,26040,797,2874,48542,36053,0,0,481,225,2647,4218,33062,22826,2637,0,0,22516,9074,118,1905,0,0,0,0,0
900,3130,900.21595970525,99709,407,280,210,77,117220,69617,1.8738228244190596,216,154,15869,20590,32499,26024,797,2873,48543,36054,0,0,481,223,2646,4219,33063,22831,2636,0,1,22514,9073,118,1904,0,0,0,0,0
901,3130,901.1172381309706,99709,421,279,210,77,117281,69651,1.8747755969872328,211,161,15950,20668,32414,25950,792,2863,48544,36055,0,0,480,222,2642,4215,33064,22859,2634,1,13,22499,9061,118,1901,0,0,0,0,0
902,3130,902.0205793096258,99709,415,271,210,77,117331,69685,1.8756180485211966,211,165,16025,20749,32344,25886,793,2850,48545,36056,0,0,479,222,2641,4217,33072,22888,2628,2,25,22472,9049,117,1897,0,0,0,0,0
903,3130,903.1527251424044,99709,392,284,210,77,117384,69738,1.8766811421235796,237,171,16116,20829,32257,25801,786,2836,48546,36057,0,0,476,220,2636,4215,33086,22918,2623,5,44,22445,9030,117,1894,0,0,0,0,0
904,3130,904.0605747308343,99709,389,275,210,77,117444,69769,1.8775937979520405,235,178,16194,20893,32188,25750,782,2825,48547,36058,0,0,475,219,2635,4216,33084,22949,2617,6,63,22424,9011,117,1893,0,0,0,0,0
905,3130,905.1980211889198,99709,384,288,210,77,117516,69827,1.8788975919926987,233,181,16284,20981,32109,25664,778,2807,48548,36059,0,0,475,219,2631,4211,33072,23000,2615,6,74,22403,9000,116,1887,0,0,0,0,0
906,3130,906.1100264899713,99709,386,304,210,77,117572,69880,1.8799907731498662,231,172,16346,21069,32047,25576,778,2800,48549,36060,0,0,475,219,2628,4209,33075,23035,2611,6,80,22380,8994,116,1881,0,0,0,0,0
907,3130,907.0238980947443,99709,367,307,210,77,117606,69920,1.8807329328345486,245,172,16428,21128,31974,25525,774,2789,48550,36061,0,0,475,218,2628,4210,33073,23070,2606,6,85,22354,8989,116,1879,0,0,0,0,0
908,3130,908.1693885670858,99709,384,305,210,77,117678,69969,1.8819464642108537,233,166,16530,21204,31868,25466,773,2780,48551,36062,0,0,473,218,2621,4208,33078,23105,2599,8,96,22332,8978,116,1877,0,0,0,0,0
909,3130,909.0886272855819,99709,377,284,210,77,117724,70003,1.8827487990051048,259,168,16618,21261,31765,25446,769,2762,48552,36063,0,0,472,218,2616,4201,33088,23141,2597,9,108,22303,8966,115,1875,0,0,0,0,0
910,3130,910.0105358549549,99709,389,291,210,77,117782,70038,1.883681513203422,252,176,16711,21335,31672,25366,764,2753,48553,36064,0,0,472,218,2615,4204,33078,23172,2593,9,118,22287,8956,114,1873,0,0,0,0,0
911,3130,911.1662298520004,99708,391,295,211,77,117851,70089,1.8849039194447788,255,179,16807,21414,31574,25293,760,2740,48554,36065,0,0,472,217,2610,4202,33081,23211,2586,9,128,22260,8946,114,1872,0,0,0,0,0
912,3130,912.0933657527358,99708,412,291,211,77,117912,70129,1.8859168772816624,249,173,16869,21480,31502,25247,755,2730,48555,36066,0,0,472,214,2609,4200,33093,23237,2584,9,138,22233,8936,114,1869,0,0,0,0,0
913,3130,913.0226650320532,99708,419,302,211,77,117971,70172,1.8869398644040598,270,173,16939,21553,31406,25182,753,2711,48556,36067,0,0,471,214,2606,4198,33099,23264,2580,10,147,22211,8927,114,1867,0,0,0,0,0
914,3130,914.1878221784699,99708,430,297,211,77,118057,70218,1.8882637300918683,266,184,17055,21622,31285,25114,751,2704,48557,36068,0,0,468,214,2600,4197,33107,23306,2573,12,156,22180,8919,114,1862,0,0,0,0,0
915,3130,915.1227967531191,99708,446,309,211,77,118125,70263,1.8893970393549164,268,181,17117,21697,31207,25046,749,2688,48558,36069,0,0,468,213,2599,4196,33099,23340,2571,12,169,22162,8906,113,1860,0,0,0,0,0
916,3130,916.0599957331536,99708,457,309,211,77,118189,70308,1.8904902314759096,276,180,17179,21752,31128,25003,747,2677,48559,36070,0,0,468,213,2591,4191,33112,23372,2568,12,178,22138,8896,113,1856,0,0,0,0,0
917,3130,917.2347112026503,99708,456,297,211,77,118267,70353,1.8917238335940947,284,207,17273,21817,31029,24933,745,2667,48560,36071,0,0,466,211,2585,4187,33125,23414,2565,13,192,22104,8883,112,1851,0,0,0,0,0
918,3130,918.1770973692865,99708,471,327,211,77,118342,70416,1.8931078749949855,268,188,17367,21871,30941,24877,740,2658,48561,36072,0,0,466,211,2582,4187,33144,23433,2560,13,207,22079,8868,112,1846,0,0,0,0,0
919,3130,919.1219340571613,99708,473,331,211,77,118406,70467,1.8942612428290608,264,179,17445,21962,30869,24809,736,2640,48562,36073,0,0,464,211,2578,4184,33141,23473,2555,15,223,22055,8852,112,1845,0,0,0,0,0
920,3130,920.0690102886308,99707,473,314,212,77,118471,70498,1.8952430621721645,264,205,17525,22008,30788,24756,736,2638,48563,36074,0,0,464,210,2577,4177,33135,23513,2552,15,239,22033,8836,112,1844,0,0,0,0,0
921,3130,921.018441588531,99707,466,326,212,77,118527,70551,1.8963362652572036,276,204,17587,22075,30726,24686,731,2630,48564,36075,0,0,462,209,2576,4168,33151,23543,2549,17,247,22002,8828,112,1843,0,0,0,0,0
922,3130,922.208168286309,99707,482,323,212,77,118610,70608,1.8977403793113823,272,206,17697,22130,30607,24643,728,2619,48565,36076,0,0,462,209,2575,4169,33151,23584,2541,17,266,21978,8809,110,1836,0,0,0,0,0
923,3130,923.1629999821383,99707,492,331,212,77,118677,70669,1.8990241407323458,285,191,17766,22200,30517,24592,726,2607,48566,36077,0,0,461,209,2572,4168,33154,23621,2534,18,281,21953,8794,110,1832,0,0,0,0,0
924,3130,924.120393573133,99707,483,317,212,77,118740,70704,1.9000070205702708,283,204,17840,22264,30456,24544,724,2592,48567,36078,0,0,460,209,2570,4161,33162,23658,2532,18,302,21921,8774,109,1831,0,0,0,0,0
925,3130,925.080089808785,99707,498,325,212,77,118807,70756,1.901200517516323,297,206,17918,22328,30350,24484,723,2578,48568,36079,0,0,458,209,2568,4157,33166,23686,2528,20,320,21903,8756,108,1828,0,0,0,0,0
926,3130,926.0423135667336,99707,503,346,212,77,118880,70818,1.902554484639995,279,188,17996,22402,30287,24420,721,2565,48569,36080,0,0,457,209,2566,4155,33173,23719,2525,20,333,21877,8744,107,1822,0,0,0,0,0
927,3130,927.006810582408,99706,506,341,213,77,118942,70867,1.9036868393075643,292,205,18058,22452,30211,24366,718,2557,48570,36081,0,0,456,208,2563,4153,33177,23755,2520,20,350,21850,8728,107,1819,0,0,0,0,0
928,3130,928.2153075297399,99706,510,333,213,77,119047,70926,1.905331675124867,281,204,18124,22537,30154,24305,716,2542,48571,36082,0,0,453,208,2557,4146,33190,23805,2513,23,370,21812,8706,107,1816,0,0,0,0,0
929,3130,929.1841485074573,99706,497,334,213,77,119111,70974,1.9064549776342448,304,213,18186,22599,30086,24247,712,2528,48572,36083,0,0,451,205,2554,4144,33191,23843,2506,25,388,21792,8688,107,1812,0,0,0,0,0
930,3130,930.1547120368645,99706,487,326,213,77,119168,71025,1.9075381621968588,324,201,18234,22650,30035,24225,705,2519,48573,36084,0,0,450,205,2549,4142,33196,23885,2500,26,406,21765,8670,107,1805,0,0,0,0,0
931,3130,931.1269667374353,99706,494,341,213,77,119245,71074,1.9088018775199085,327,209,18284,22721,29976,24144,704,2506,48574,36085,0,0,449,205,2547,4132,33195,23924,2497,27,413,21747,8663,106,1801,0,0,0,0,0
932,3130,932.1008686395652,99706,503,361,213,77,119321,71132,1.9101458287364852,326,208,18346,22786,29915,24070,695,2496,48575,36086,0,0,448,204,2546,4129,33190,23962,2491,28,424,21731,8650,106,1797,0,0,0,0,0
933,3130,933.0765880882778,99706,524,356,213,77,119403,71179,1.9114396325196077,332,216,18404,22837,29830,24027,695,2485,48576,36087,0,0,448,203,2543,4116,33216,23990,2488,28,439,21704,8635,106,1790,0,0,0,0,0
934,3130,934.054903362597,99706,541,361,213,77,119483,71236,1.912813672196257,340,207,18471,22891,29738,23982,695,2480,48577,36088,0,0,445,203,2540,4108,33221,24030,2485,31,456,21681,8617,106,1783,0,0,0,0,0
935,3130,935.0355802389722,99706,531,344,213,77,119558,71275,1.9139570336790164,331,228,18529,22953,29702,23925,692,2471,48578,36089,0,0,444,203,2535,4107,33228,24074,2477,32,473,21646,8600,106,1781,0,0,0,0,0
936,3130,936.0181052705457,99706,546,346,213,77,119647,71324,1.9153411028423566,317,216,18604,23027,29630,23870,688,2462,48579,36090,0,0,444,201,2533,4106,33232,24113,2471,32,482,21618,8589,106,1779,0,0,0,0,0
937,3130,937.003005671685,99706,543,349,213,77,119721,71376,1.9166048181654063,319,210,18678,23084,29559,23820,686,2458,48580,36091,0,0,444,201,2531,4099,33242,24154,2465,32,492,21590,8579,106,1771,0,0,0,0,0
938,3130,938.2376423674873,99706,541,373,213,77,119809,71450,1.9182295950093273,324,201,18768,23144,29469,23757,683,2446,48581,36092,0,0,443,201,2529,4091,33243,24203,2460,33,510,21559,8561,105,1768,0,0,0,0,0
939,3130,939.2277660751678,99706,546,360,213,77,119895,71486,1.9194531923856137,328,238,18834,23206,29393,23682,684,2435,48582,36093,0,0,442,199,2526,4087,33250,24240,2450,33,524,21536,8547,105,1767,0,0,0,0,0
940,3130,940.2200471316539,99706,557,354,213,77,119986,71538,1.9208874089824082,310,234,18891,23252,29343,23660,684,2421,48583,36094,0,0,439,199,2521,4082,33256,24287,2443,36,535,21503,8536,105,1764,0,0,0,0,0
941,3130,941.2145242802119,99705,557,360,213,78,120072,71597,1.9223609648462965,319,228,18948,23319,29280,23604,681,2409,48584,36095,0,0,437,197,2518,4080,33274,24325,2437,38,550,21462,8521,104,1762,0,0,0,0,0
942,3130,942.2107098021652,99705,567,364,213,78,120163,71660,1.923905521287799,324,233,19003,23359,29213,23567,678,2397,48585,36096,0,0,436,197,2517,4082,33271,24373,2427,39,566,21430,8505,104,1758,0,0,0,0,0
943,3130,943.2091642836796,99705,582,379,213,78,120255,71723,1.925460107316584,311,228,19064,23421,29154,23511,674,2381,48586,36097,0,0,435,196,2513,4086,33276,24412,2421,39,574,21397,8497,104,1755,0,0,0,0,0
944,3130,944.2092470281922,99705,582,401,213,78,120330,71789,1.9268742791234141,316,223,19131,23474,29086,23452,670,2370,48587,36098,0,0,434,196,2512,4078,33283,24450,2416,39,587,21367,8485,104,1754,0,0,0,0,0
945,3130,945.2115804951408,99705,579,403,213,78,120409,71854,1.9283185396920917,331,215,19170,23512,29036,23432,669,2358,48588,36099,0,0,432,196,2506,4074,33301,24492,2409,41,605,21327,8467,103,1752,0,0,0,0,0
946,3130,946.2154962881815,99705,565,404,213,78,120484,71909,1.9296223860388144,349,227,19233,23570,28970,23371,668,2348,48589,36100,0,0,432,196,2501,4072,33301,24542,2402,41,622,21295,8449,102,1750,0,0,0,0,0
947,3130,947.2214086801613,99705,556,398,213,78,120570,71967,1.9310666466074922,335,253,19286,23609,28941,23329,667,2331,48590,36101,0,0,431,195,2499,4066,33312,24592,2396,42,644,21253,8427,102,1746,0,0,0,0,0
948,3130,948.2289889869023,99705,563,402,213,78,120656,72027,1.9325309663507346,365,249,19345,23650,28845,23299,667,2320,48591,36102,0,0,429,193,2494,4059,33313,24637,2392,43,662,21226,8410,102,1745,0,0,0,0,0
949,3130,949.2391705677147,99705,569,413,213,78,120736,72088,1.9339451381575647,375,248,19413,23691,28763,23256,665,2312,48592,36103,0,0,428,192,2494,4057,33332,24667,2386,44,681,21188,8391,102,1743,0,0,0,0,0
950,3130,950.2518982942037,99705,580,401,213,78,120823,72143,1.9353693395516776,375,270,19469,23738,28699,23204,662,2307,48593,36104,0,0,427,192,2490,4055,33318,24722,2382,44,703,21160,8370,102,1740,0,0,0,0,0
951,3130,951.0127640721424,99705,580,402,213,78,120894,72181,1.936462564565468,380,280,19489,23765,28683,23170,653,2303,48594,36105,0,0,427,192,2489,4052,33306,24768,2378,44,710,21136,8362,102,1739,0,0,0,0,0
952,3130,952.0283694907747,99704,587,408,214,78,120983,72254,1.9381067961165048,385,263,19563,23819,28601,23135,648,2295,48595,36106,0,0,427,192,2484,4048,33290,24831,2376,43,724,21102,8347,102,1738,0,0,0,0,0
953,3130,953.0464653215635,99704,602,428,214,78,121084,72331,1.939892080558453,376,254,19622,23875,28539,23079,645,2284,48596,36107,0,0,426,190,2479,4047,33314,24872,2370,44,734,21056,8336,102,1734,0,0,0,0,0
954,3130,954.0664384309187,99704,626,440,214,78,121185,72401,1.9416071571852684,364,259,19679,23922,28473,23023,642,2276,48597,36108,0,0,424,190,2476,4042,33328,24908,2363,46,752,21026,8318,102,1729,0,0,0,0,0
955,3130,955.0889905036922,99704,639,452,214,78,121278,72475,1.9432821150605792,365,243,19759,23977,28380,22984,641,2264,48598,36109,0,0,423,188,2471,4035,33348,24950,2359,47,770,20988,8300,102,1723,0,0,0,0,0
956,3130,956.1141062162263,99704,665,437,214,78,121388,72533,1.9449671026237663,359,253,19789,24017,28336,22959,635,2254,48599,36110,0,0,422,187,2466,4029,33370,24992,2350,48,781,20947,8288,102,1722,0,0,0,0,0
957,3130,957.1410706502796,99704,661,420,214,78,121480,72588,1.946441466741555,377,269,19842,24083,28271,22908,633,2240,48600,36111,0,0,422,187,2462,4020,33384,25045,2344,48,803,20901,8266,102,1720,0,0,0,0,0
958,3130,958.169877023883,99704,651,427,214,78,121572,72654,1.948026157425981,389,274,19879,24138,28234,22852,631,2229,48601,36112,0,0,419,185,2459,4013,33384,25093,2337,51,825,20875,8244,101,1718,0,0,0,0,0
959,3130,959.2000384968873,99704,682,437,214,78,121679,72729,1.9498515606194335,385,274,19916,24175,28176,22818,625,2216,48602,36113,0,0,417,185,2455,4011,33375,25150,2331,53,833,20846,8234,101,1713,0,0,0,0,0
960,3130,960.2320098515809,99704,681,443,214,78,121776,72802,1.9515566075583728,398,276,19950,24223,28134,22772,621,2206,48603,36114,0,0,414,184,2452,4001,33374,25211,2325,56,844,20809,8222,101,1711,0,0,0,0,0
961,3130,961.0067822938688,99704,683,444,214,78,121858,72863,1.952990852924657,378,275,19995,24259,28108,22747,620,2195,48604,36115,0,0,414,184,2448,3993,33387,25253,2321,56,859,20774,8207,100,1708,0,0,0,0,0
962,3130,962.0414253526337,99704,704,445,214,78,121962,72931,1.9547159592393484,375,266,20056,24332,28032,22697,617,2180,48605,36116,0,0,411,184,2443,3986,33399,25296,2316,59,883,20740,8182,100,1705,0,0,0,0,0
963,3130,963.0783303824232,99704,701,446,214,78,122050,72997,1.9562605311722698,373,274,20102,24378,27992,22660,616,2162,48606,36117,0,0,410,184,2439,3983,33400,25350,2310,60,901,20699,8164,100,1704,0,0,0,0,0
964,3130,964.1169477670999,99704,697,465,214,78,122146,73075,1.9580056968627135,370,267,20152,24417,27951,22622,614,2149,48607,36118,0,0,410,184,2434,3982,33397,25409,2304,60,917,20664,8147,98,1698,0,0,0,0,0
965,3130,965.1570097883907,99704,695,474,214,78,122246,73149,1.9597508625531574,396,278,20181,24457,27908,22571,604,2140,48608,36119,0,0,410,184,2432,3987,33398,25461,2289,60,938,20627,8125,98,1695,0,0,0,0,0
966,3130,966.1983265816283,99703,694,500,214,79,122349,73236,1.9616761782494008,399,259,20223,24497,27865,22532,603,2131,48609,36120,0,0,409,184,2427,3983,33405,25511,2282,61,951,20591,8109,98,1692,0,0,0,0,0
967,3130,967.2413947066736,99703,715,485,214,79,122459,73306,1.9634815401743178,394,271,20288,24540,27790,22503,597,2120,48610,36121,0,0,408,182,2421,3980,33403,25572,2277,60,976,20555,8084,98,1687,0,0,0,0,0
968,3130,968.0252856373667,99703,730,475,214,79,122548,73356,1.9648756807718926,374,281,20313,24553,27773,22496,594,2114,48611,36122,0,0,408,181,2418,3976,33417,25612,2275,60,991,20515,8069,98,1683,0,0,0,0,0
969,3130,969.0714823124349,99703,715,460,214,79,122649,73425,1.966580744812092,380,285,20356,24577,27742,22490,591,2107,48612,36123,0,0,406,179,2411,3974,33435,25670,2264,62,1003,20472,8053,98,1676,0,0,0,0,0
970,3130,970.1189730950207,99703,726,458,214,79,122763,73495,1.968426225890896,367,297,20412,24607,27691,22458,588,2099,48613,36124,0,0,404,179,2407,3961,33431,25733,2260,63,1018,20440,8038,97,1672,0,0,0,0,0
971,3130,971.1683503594361,99703,720,475,214,79,122871,73576,1.9703218559120588,391,296,20442,24649,27644,22414,587,2085,48614,36125,0,0,402,178,2399,3961,33433,25797,2250,65,1027,20402,8027,96,1666,0,0,0,0,0
972,3130,972.2190933219207,99703,724,492,214,79,122986,73659,1.9723077540294676,388,294,20470,24685,27620,22379,582,2069,48615,36126,0,0,399,178,2392,3952,33436,25858,2246,67,1043,20368,8008,95,1661,0,0,0,0,0
973,3130,973.007716187347,99703,721,491,214,79,123073,73714,1.9737319839924576,391,293,20497,24704,27593,22369,582,2062,48616,36127,0,0,398,178,2389,3950,33442,25900,2240,67,1059,20339,7989,95,1657,0,0,0,0,0
974,3130,974.0602402791178,99702,739,494,214,80,123197,73778,1.975637399450362,381,310,20527,24735,27557,22324,580,2055,48617,36128,0,0,396,177,2387,3935,33451,25954,2237,69,1073,20301,7973,95,1654,0,0,0,0,0
975,3130,975.1138228012791,99701,721,512,215,80,123291,73860,1.9774224932548319,393,297,20556,24796,27534,22270,579,2043,48618,36129,0,0,392,176,2380,3933,33454,26005,2227,72,1094,20272,7953,93,1650,0,0,0,0,0
976,3130,976.1683158159856,99701,727,504,215,80,123399,73932,1.9792278913952719,399,309,20590,24842,27493,22235,574,2028,48619,36130,0,0,391,173,2367,3931,33453,26067,2223,72,1113,20241,7932,92,1646,0,0,0,0,0
977,3130,977.2243075800998,99701,702,527,215,80,123484,74017,1.9809329896390206,422,307,20639,24867,27449,22199,571,2018,48620,36131,0,0,391,173,2361,3924,33457,26126,2215,72,1134,20205,7910,92,1641,0,0,0,0,0
978,3130,978.0172541411499,99701,713,522,215,80,123569,74074,1.9823572481720344,416,320,20656,24879,27426,22186,572,2011,48621,36132,0,0,391,173,2357,3921,33456,26174,2210,72,1144,20176,7898,92,1637,0,0,0,0,0
979,3130,979.0754051566431,99701,733,524,215,80,123691,74156,1.984403366064533,405,311,20677,24927,27401,22155,567,2001,48622,36133,0,0,385,173,2352,3917,33468,26229,2207,77,1166,20130,7873,91,1633,0,0,0,0,0
980,3130,980.1345743165033,99701,729,521,215,80,123803,74236,1.9863291240810022,417,314,20686,24962,27391,22133,560,1988,48623,36134,0,0,382,173,2345,3913,33488,26287,2193,79,1188,20083,7851,90,1629,0,0,0,0,0
981,3130,981.1941957965254,99701,702,532,215,80,123903,74319,1.9881646121904495,409,307,20743,24988,27371,22107,558,1984,48624,36135,0,0,379,172,2341,3909,33502,26350,2181,82,1202,20037,7836,90,1620,0,0,0,0,0
982,3130,982.255052036983,99700,730,522,216,80,124030,74390,1.9901705115346038,394,308,20783,25032,27324,22083,551,1973,48625,36136,0,0,377,171,2334,3905,33497,26415,2173,84,1220,20002,7816,89,1617,0,0,0,0,0
983,3130,983.0517719358244,99700,730,533,216,80,124109,74450,1.9915646940822467,401,302,20812,25067,27288,22048,551,1968,48626,36137,0,0,377,170,2332,3902,33504,26447,2166,84,1240,19980,7795,88,1615,0,0,0,0,0
984,3130,984.1152530386154,99700,732,515,216,80,124212,74513,1.9932296890672017,425,315,20824,25116,27256,22014,545,1958,48627,36138,0,0,377,169,2322,3905,33498,26511,2157,84,1258,19940,7776,88,1615,0,0,0,0,0
985,3130,985.1802347548097,99700,750,527,216,80,124328,74595,1.9952156469408224,425,314,20887,25145,27175,21987,545,1945,48628,36139,0,0,375,168,2315,3898,33508,26567,2150,85,1272,19902,7761,88,1611,0,0,0,0,0
986,3130,986.2474245227143,99699,742,518,216,81,124439,74669,1.9970912446463855,430,330,20913,25176,27153,21967,544,1926,48629,36140,0,0,375,167,2313,3890,33501,26645,2144,85,1284,19857,7742,87,1609,0,0,0,0,0
987,3130,987.0486438555535,99699,750,525,216,81,124525,74725,1.9985155317505692,431,324,20937,25219,27122,21932,542,1917,48630,36141,0,0,373,167,2312,3883,33514,26683,2139,87,1299,19829,7727,85,1601,0,0,0,0,0
988,3130,988.1183378974857,99699,763,527,216,81,124643,74800,2.0004513585893537,423,334,20974,25261,27084,21887,538,1908,48631,36142,0,0,372,167,2309,3872,33524,26739,2132,88,1312,19794,7711,85,1594,0,0,0,0,0
989,3130,989.1894105016936,99699,767,538,216,81,124759,74898,2.0025978194365037,438,327,21016,25287,27026,21861,535,1904,48632,36143,0,0,370,167,2302,3867,33529,26802,2122,89,1340,19756,7682,84,1589,0,0,0,0,0
990,3130,990.2623833300294,99699,776,553,216,81,124873,74994,2.0047041595201556,447,319,21073,25329,26959,21817,527,1899,48633,36144,0,0,369,167,2295,3863,33530,26865,2113,89,1362,19717,7659,84,1586,0,0,0,0,0
991,3130,991.0684943508222,99699,779,562,216,81,124959,75067,2.0062989598692065,455,314,21090,25364,26931,21794,527,1883,48634,36145,0,0,369,166,2289,3854,33520,26926,2111,89,1378,19688,7642,84,1583,0,0,0,0,0
992,3130,992.1445236755081,99698,795,568,217,81,125106,75171,2.008836686794118,420,307,21128,25388,26913,21777,525,1877,48635,36146,0,0,367,166,2282,3838,33533,26998,2106,91,1401,19636,7616,84,1580,0,0,0,0,0
993,3130,993.2216829408709,99698,788,566,217,81,125227,75265,2.0109931994623764,413,302,21174,25412,26884,21770,522,1867,48636,36147,0,0,365,165,2278,3830,33562,27064,2098,90,1424,19573,7593,84,1572,0,0,0,0,0
994,3130,994.0304027265311,99698,765,553,217,81,125302,75327,2.0123673493951735,439,315,21205,25450,26850,21737,522,1862,48637,36148,0,0,362,164,2272,3824,33565,27129,2092,92,1439,19529,7578,84,1568,0,0,0,0,0
995,3130,995.1103809716477,99698,753,554,217,81,125395,75416,2.014192862444583,456,303,21230,25497,26825,21717,517,1846,48638,36149,0,0,361,164,2265,3820,33551,27205,2083,93,1456,19493,7559,84,1564,0,0,0,0,0
996,3130,996.1915815751304,99698,762,565,217,81,125515,75512,2.0163594054043212,448,292,21280,25534,26775,21689,516,1837,48639,36150,0,0,358,163,2263,3815,33560,27266,2075,96,1479,19444,7535,84,1560,0,0,0,0,0
997,3130,997.0035347228669,99698,761,584,217,81,125606,75594,2.018094645830408,452,277,21278,25555,26775,21672,515,1829,48640,36151,0,0,357,162,2257,3812,33559,27322,2069,97,1490,19411,7523,84,1555,0,0,0,0,0
998,3130,998.0863291001647,99698,761,563,217,81,125733,75667,2.020100704126462,453,292,21312,25588,26744,21660,511,1814,48641,36152,0,0,356,159,2251,3818,33569,27392,2058,97,1513,19356,7496,83,1550,0,0,0,0,0
999,3130,999.170468122899,99698,748,553,217,81,125856,75749,2.0221569138799174,449,286,21337,25617,26738,21656,509,1805,48642,36153,0,0,356,156,2246,3812,33569,27472,2047,97,1537,19310,7470,83,1543,0,0,0,0,0
1000,3130,1000.2549932164761,99698,755,546,217,81,125980,75827,2.024183032758932,436,293,21367,25647,26718,21640,505,1791,48643,36154,0,0,356,156,2242,3807,33594,27527,2033,97,1554,19258,7451,83,1540,0,0,0,0,0
1001,3130,1001.068992473276,99697,743,540,218,81,126067,75891,2.0257179253137005,442,286,21394,25681,26698,21624,503,1786,48644,36155,0,0,353,154,2240,3809,33586,27585,2027,100,1569,19224,7432,82,1536,0,0,0,0,0
1002,3130,1002.155697320316,99697,757,526,218,81,126183,75958,2.0275534870658096,450,306,21419,25703,26653,21606,501,1776,48645,36156,0,0,351,153,2234,3811,33580,27649,2016,102,1583,19190,7416,80,1532,0,0,0,0,0
1003,3130,1003.243851252331,99697,755,522,218,81,126297,76042,2.0295395046992386,465,320,21456,25740,26606,21573,498,1762,48646,36157,0,0,350,150,2227,3807,33584,27719,2010,103,1600,19143,7395,80,1529,0,0,0,0,0
1004,3130,1004.0610746393534,99697,759,530,218,81,126388,76111,2.031144367433323,464,328,21473,25757,26587,21548,497,1754,48647,36158,0,0,349,150,2225,3805,33570,27772,2005,104,1618,19118,7376,79,1526,0,0,0,0,0
1005,3130,1005.1515324905204,99697,745,531,218,81,126511,76195,2.0332206585955444,445,316,21529,25794,26567,21531,494,1745,48648,36159,0,0,347,150,2220,3800,33548,27861,1999,106,1630,19071,7363,79,1523,0,0,0,0,0
1006,3130,1006.2433891941306,99696,763,547,218,82,126651,76292,2.0356182795698925,436,306,21555,25832,26536,21492,490,1739,48649,36160,0,0,345,148,2214,3790,33564,27920,1989,108,1652,19031,7338,79,1518,0,0,0,0,0
1007,3130,1007.0628730227054,99696,761,542,218,82,126732,76354,2.037052640025678,428,314,21606,25838,26494,21490,491,1732,48650,36161,0,0,343,148,2210,3782,33566,27970,1986,110,1667,18997,7323,79,1515,0,0,0,0,0
1008,3130,1008.1572526910135,99695,772,535,219,82,126860,76439,2.039209589247204,411,317,21645,25849,26464,21494,487,1721,48651,36162,0,0,343,148,2205,3773,33573,28041,1982,110,1689,18941,7300,79,1511,0,0,0,0,0
1009,3130,1009.2530822939775,99695,757,540,219,82,126968,76520,2.0411053713827174,426,341,21674,25867,26436,21456,486,1712,48652,36163,0,0,341,148,2204,3770,33555,28113,1970,112,1710,18910,7276,79,1507,0,0,0,0,0
1010,3130,1010.0756627852802,99695,738,554,219,82,127053,76602,2.0427804804654195,430,324,21702,25892,26424,21440,485,1706,48653,36164,0,0,341,148,2202,3761,33546,28178,1965,112,1723,18875,7261,79,1504,0,0,0,0,0
1011,3130,1011.1733241920799,99694,753,572,219,83,127164,76694,2.0448372018376233,421,325,21745,25940,26374,21384,486,1694,48654,36165,0,0,341,148,2196,3757,33550,28234,1959,112,1738,18834,7244,78,1503,0,0,0,0,0
1012,3130,1012.2725293920404,99694,737,582,219,83,127278,76790,2.0469436475615383,417,321,21789,25963,26355,21365,481,1684,48655,36166,0,0,340,146,2192,3747,33557,28302,1953,112,1760,18790,7218,78,1499,0,0,0,0,0
1013,3130,1013.0978038476146,99694,752,594,219,83,127371,76859,2.04856861997713,416,332,21815,25968,26317,21347,479,1674,48656,36167,0,0,338,146,2187,3743,33557,28346,1947,112,1769,18766,7208,78,1497,0,0,0,0,0
1014,3130,1014.1997571093098,99694,732,601,219,83,127478,76943,2.0504844825165005,447,340,21841,25991,26283,21320,476,1663,48657,36168,0,0,337,144,2183,3743,33555,28416,1937,113,1786,18720,7189,78,1493,0,0,0,0,0
1015,3130,1015.0268472403627,99693,722,606,219,84,127565,77014,2.0520899160422497,451,332,21873,26007,26262,21312,471,1657,48658,36169,0,0,336,144,2181,3739,33562,28470,1933,113,1795,18677,7176,77,1490,0,0,0,0,0
1016,3130,1016.1308101337281,99693,758,605,219,84,127706,77118,2.0545474607043626,446,319,21902,26028,26205,21312,468,1650,48659,36170,0,0,334,143,2175,3735,33549,28545,1926,115,1823,18639,7146,77,1486,0,0,0,0,0
1017,3130,1017.2366238249879,99693,745,612,219,84,127825,77215,2.0567141123248374,444,319,21925,26048,26197,21292,468,1643,48660,36171,0,0,333,143,2164,3729,33566,28607,1916,115,1846,18596,7121,76,1481,0,0,0,0,0
1018,3130,1018.0664405748698,99693,748,590,219,84,127913,77267,2.0581184235603303,447,339,21966,26070,26152,21279,466,1636,48661,36172,0,0,333,143,2162,3716,33575,28659,1912,115,1865,18561,7100,76,1476,0,0,0,0,0
1019,3130,1019.1746961663212,99693,751,586,219,84,128032,77366,2.0603051367698835,444,338,21996,26112,26124,21252,464,1626,48662,36173,0,0,331,143,2158,3705,33578,28732,1908,117,1887,18514,7075,76,1469,0,0,0,0,0
1020,3130,1020.0068021386619,99693,765,594,219,84,128123,77439,2.061950187074318,465,334,22020,26124,26065,21240,464,1622,48663,36174,0,0,329,143,2151,3696,33614,28766,1904,119,1897,18473,7061,76,1464,0,0,0,0,0
1021,3130,1021.1183289669558,99693,794,589,219,84,128260,77529,2.0642271774347245,444,337,22053,26149,26028,21226,460,1613,48664,36175,0,0,329,143,2146,3694,33609,28834,1893,119,1918,18434,7038,76,1460,0,0,0,0,0
1022,3130,1022.2310991911042,99693,783,560,219,84,128382,77617,2.066333644287964,440,353,22090,26169,26006,21234,460,1598,48665,36176,0,0,327,143,2138,3691,33611,28911,1883,121,1948,18380,7007,76,1457,0,0,0,0,0
1023,3130,1023.0668318486637,99693,769,571,219,84,128468,77703,2.0680589409487125,450,331,22101,26190,26000,21228,459,1594,48666,36177,0,0,327,141,2130,3685,33634,28960,1878,121,1967,18336,6986,76,1452,0,0,0,0,0
1024,3130,1024.1816742402282,99693,770,547,219,84,128595,77788,2.0701854693910304,441,340,22130,26211,25982,21226,456,1590,48667,36178,0,0,326,140,2123,3684,33639,29034,1864,122,1989,18290,6959,76,1447,0,0,0,0,0
1025,3130,1025.0182058994394,99693,773,570,219,84,128695,77861,2.0719207968463182,440,340,22156,26208,25955,21215,455,1581,48668,36179,0,0,325,139,2119,3677,33643,29084,1859,122,1999,18256,6948,75,1447,0,0,0,0,0
1026,3130,1026.134634089103,99693,783,555,219,84,128824,77951,2.074117540850411,449,341,22169,26251,25926,21194,452,1573,48669,36180,0,0,322,138,2112,3669,33647,29156,1852,122,2022,18214,6923,75,1441,0,0,0,0,0
1027,3130,1027.2526065579384,99693,792,560,219,84,128968,78033,2.0763845004162778,444,356,22211,26279,25884,21152,448,1567,48670,36181,0,0,320,137,2108,3658,33640,29229,1846,123,2042,18177,6903,75,1435,0,0,0,0,0
1028,3130,1028.0920206343246,99693,791,581,219,84,129067,78110,2.0781499202551834,446,333,22222,26315,25874,21127,446,1558,48671,36182,0,0,320,137,2107,3655,33624,29289,1842,123,2056,18145,6888,74,1433,0,0,0,0,0
1029,3130,1029.2116840293295,99693,782,583,219,84,129181,78210,2.08029651028658,459,312,22240,26377,25853,21091,445,1551,48672,36183,0,0,318,137,2101,3648,33622,29366,1834,125,2078,18097,6863,74,1430,0,0,0,0,0
1030,3130,1030.052074098616,99693,805,559,219,84,129284,78270,2.081931529796475,463,317,22251,26388,25817,21102,443,1548,48673,36184,0,0,317,137,2097,3640,33637,29411,1829,126,2098,18061,6840,74,1426,0,0,0,0,0
1031,3130,1031.174011007179,99693,807,545,219,84,129411,78340,2.0839075963207048,480,353,22265,26424,25783,21056,444,1536,48674,36185,0,0,317,135,2089,3644,33647,29475,1821,125,2120,18009,6818,74,1419,0,0,0,0,0
1032,3130,1032.016310526739,99693,824,543,219,84,129526,78405,2.085713139337767,479,341,22294,26452,25741,21047,441,1531,48675,36186,0,0,316,135,2082,3634,33662,29524,1815,126,2133,17970,6804,74,1418,0,0,0,0,0
1033,3130,1033.141141203414,99693,825,533,219,84,129665,78494,2.0880001604927125,468,343,22325,26484,25721,21030,440,1524,48676,36187,0,0,313,133,2077,3635,33649,29616,1802,129,2147,17926,6785,74,1407,0,0,0,0,0
1034,3130,1034.2669369444184,99693,817,542,219,84,129793,78591,2.0902570892640404,457,338,22350,26516,25719,21002,436,1516,48677,36188,0,0,312,133,2070,3628,33654,29688,1796,130,2167,17876,6764,73,1402,0,0,0,0,0
1035,3130,1035.1114955053433,99693,833,546,219,84,129893,78660,2.0919522935411714,436,352,22385,26513,25688,20992,437,1511,48678,36189,0,0,312,131,2066,3623,33663,29732,1791,130,2179,17840,6752,73,1401,0,0,0,0,0
1036,3130,1036.2386121357804,99693,829,551,219,84,130023,78759,2.094249345490656,427,341,22403,26556,25684,20965,436,1501,48679,36190,0,0,310,131,2061,3621,33647,29817,1787,131,2198,17793,6730,73,1394,0,0,0,0,0
1037,3130,1037.0845346055135,99693,811,548,219,84,130105,78825,2.095733903082463,440,335,22420,26578,25676,20957,432,1496,48680,36191,0,0,309,131,2053,3619,33655,29872,1781,132,2208,17753,6717,73,1390,0,0,0,0,0
1038,3130,1038.2133018154955,99693,796,543,219,84,130225,78901,2.0976999388121533,445,363,22446,26596,25661,20925,431,1487,48681,36192,0,0,309,131,2048,3604,33653,29947,1773,132,2226,17714,6698,72,1386,0,0,0,0,0
1039,3130,1039.0601097361114,99693,788,557,219,84,130317,78982,2.099435266267441,450,350,22475,26610,25634,20917,432,1480,48682,36193,0,0,309,130,2044,3597,33636,30018,1766,132,2235,17685,6686,72,1383,0,0,0,0,0
1040,3130,1040.1901246165141,99693,773,556,219,84,130432,79071,2.101481548353445,461,341,22504,26649,25610,20895,431,1473,48683,36194,0,0,309,129,2035,3594,33646,30086,1759,131,2257,17638,6660,71,1378,0,0,0,0,0
1041,3130,1041.0384235033653,99693,780,551,219,84,130537,79138,2.1032068450141934,450,342,22514,26668,25605,20884,430,1469,48684,36195,0,0,308,128,2032,3584,33657,30137,1754,130,2271,17606,6640,71,1375,0,0,0,0,0
1042,3130,1042.1699951437106,99692,773,552,220,84,130655,79226,2.1052943064639087,452,360,22543,26681,25581,20858,429,1463,48685,36196,0,0,307,127,2027,3573,33669,30203,1746,131,2287,17559,6622,70,1371,0,0,0,0,0
1043,3130,1043.0193936860462,99691,792,570,220,85,130747,79304,2.1070206939442877,459,347,22572,26706,25528,20834,427,1456,48686,36197,0,0,306,126,2025,3570,33674,30241,1742,131,2295,17530,6613,70,1368,0,0,0,0,0
1044,3130,1044.1540882564111,99691,797,582,220,85,130873,79405,2.1092977299856557,455,357,22606,26719,25493,20809,427,1446,48687,36198,0,0,306,126,2017,3558,33689,30305,1735,131,2316,17492,6588,69,1359,0,0,0,0,0
1045,3130,1045.0060478580278,99691,813,588,220,85,130981,79481,2.1111434332086145,458,355,22627,26742,25454,20788,426,1440,48688,36199,0,0,304,126,2012,3555,33682,30361,1728,133,2330,17461,6571,69,1359,0,0,0,0,0
1046,3130,1046.1431600622216,99691,795,611,220,85,131104,79590,2.1134706242288672,475,355,22652,26769,25435,20749,421,1429,48689,36200,0,0,302,126,2005,3555,33669,30443,1718,135,2339,17418,6555,68,1358,0,0,0,0,0
1047,3130,1047.2810643084629,99691,804,619,220,85,131246,79670,2.1156975052913505,463,378,22684,26778,25406,20716,421,1422,48690,36201,0,0,301,124,1999,3551,33663,30516,1707,136,2344,17381,6547,68,1354,0,0,0,0,0
1048,3130,1048.1353278573858,99691,783,621,220,85,131322,79741,2.117172061670562,483,374,22694,26791,25396,20712,422,1415,48691,36202,0,0,301,123,1996,3549,33651,30578,1701,136,2359,17348,6531,68,1350,0,0,0,0,0
1049,3130,1049.2752770127715,99691,792,626,220,85,131471,79855,2.1198102135599,463,360,22739,26798,25361,20719,423,1410,48692,36203,0,0,298,122,1989,3534,33658,30662,1696,139,2382,17297,6502,67,1345,0,0,0,0,0
1050,3130,1050.1312973296103,99691,784,627,220,85,131563,79924,2.1214252038799892,451,354,22774,26817,25348,20714,421,1401,48693,36204,0,0,297,122,1986,3525,33662,30723,1692,140,2392,17258,6489,66,1339,0,0,0,0,0
1051,3130,1051.273972170865,99691,792,627,220,85,131690,80030,2.1237624258960186,460,347,22812,26850,25296,20699,418,1390,48694,36205,0,0,297,121,1982,3521,33672,30796,1680,140,2404,17207,6472,66,1333,0,0,0,0,0
1052,3130,1052.13215773308,99691,801,614,220,85,131794,80096,2.1254676951781004,440,338,22836,26871,25284,20708,417,1382,48695,36206,0,0,297,121,1979,3516,33661,30862,1677,140,2422,17173,6452,66,1325,0,0,0,0,0
1053,3130,1053.2776261026063,99691,794,629,220,85,131922,80197,2.127764793211022,439,330,22875,26897,25255,20686,415,1371,48696,36207,0,0,296,121,1971,3503,33653,30945,1673,141,2441,17126,6431,65,1325,0,0,0,0,0
1054,3130,1054.1376622317769,99690,778,621,221,85,132007,80274,2.129411174641388,442,320,22901,26904,25241,20701,415,1367,48697,36208,0,0,295,121,1964,3502,33650,31005,1666,142,2458,17093,6410,65,1319,0,0,0,0,0
1055,3130,1055.2855309669426,99689,773,617,221,86,132116,80365,2.131438774588972,460,310,22938,26928,25194,20699,412,1358,48698,36209,0,0,294,120,1960,3498,33658,31072,1662,143,2473,17041,6387,63,1318,0,0,0,0,0
1056,3130,1056.1476351825452,99688,757,601,222,86,132208,80433,2.1330651633095257,443,320,22969,26938,25196,20700,411,1353,48699,36210,0,0,293,119,1954,3495,33657,31135,1655,144,2484,17004,6373,63,1312,0,0,0,0,0
1057,3130,1057.0103318585761,99688,776,620,222,86,132311,80510,2.1348707968862852,439,313,22999,26956,25153,20674,409,1349,48700,36211,0,0,293,118,1950,3490,33641,31197,1652,144,2487,16977,6368,63,1308,0,0,0,0,0
1058,3130,1058.1622417894039,99688,776,603,222,86,132437,80593,2.136967338094856,429,328,23044,26973,25121,20665,406,1343,48701,36212,0,0,292,117,1948,3477,33645,31272,1646,145,2503,16934,6346,63,1300,0,0,0,0,0
1059,3130,1059.0272954889695,99688,776,589,222,86,132541,80662,2.138702752588075,419,320,23054,26987,25121,20679,406,1337,48702,36213,0,0,291,115,1944,3477,33641,31338,1640,146,2517,16896,6325,63,1295,0,0,0,0,0
1060,3130,1060.1809778583724,99688,784,573,222,86,132671,80755,2.140939731963727,425,315,23080,27015,25086,20682,401,1327,48703,36214,0,0,288,115,1938,3471,33655,31411,1632,149,2533,16836,6306,63,1291,0,0,0,0,0
1061,3130,1061.0473084226487,99688,778,567,222,86,132761,80819,2.142484551801621,431,335,23100,27023,25068,20666,399,1321,48704,36215,0,0,287,115,1934,3471,33683,31446,1625,150,2552,16794,6286,61,1284,0,0,0,0,0
1062,3130,1062.203277102862,99688,765,590,222,86,132877,80927,2.144731562474922,441,304,23137,27058,25035,20648,398,1312,48705,36216,0,0,285,115,1932,3466,33667,31525,1617,151,2568,16753,6268,61,1280,0,0,0,0,0
1063,3130,1063.0712710382645,99688,745,597,222,86,132956,80995,2.1462061632292753,443,298,23158,27088,25032,20622,398,1307,48706,36217,0,0,284,115,1929,3463,33662,31580,1611,151,2579,16722,6253,61,1278,0,0,0,0,0
1064,3130,1064.2293574759617,99688,770,579,222,86,133099,81094,2.148633737260252,432,274,23177,27136,25000,20623,397,1300,48707,36218,0,0,284,115,1923,3451,33658,31669,1610,150,2599,16672,6226,61,1270,0,0,0,0,0
1065,3130,1065.0989580265857,99688,781,562,222,86,133204,81162,2.1503691517534707,409,281,23205,27154,24987,20620,394,1295,48708,36219,0,0,283,113,1914,3450,33642,31738,1607,150,2617,16641,6206,59,1268,0,0,0,0,0
1066,3130,1066.2593787480312,99688,773,581,222,86,133336,81255,2.15262619372442,412,282,23217,27163,24982,20594,392,1292,48709,36220,0,0,282,113,1911,3443,33627,31819,1601,149,2628,16603,6188,59,1265,0,0,0,0,0
1067,3130,1067.1299488314714,99688,770,585,222,86,133427,81324,2.1542312013482063,428,295,23253,27176,24932,20568,393,1288,48710,36221,0,0,280,113,1905,3437,33627,31874,1597,149,2636,16572,6175,59,1264,0,0,0,0,0
1068,3130,1068.0016284699282,99688,788,593,222,86,133521,81399,2.1559264906508306,422,293,23273,27200,24903,20540,390,1286,48711,36222,0,0,280,111,1902,3432,33628,31921,1595,149,2651,16541,6158,59,1261,0,0,0,0,0
1069,3130,1069.1655636854634,99688,794,607,222,86,133642,81499,2.158143407431185,431,286,23312,27231,24854,20506,385,1282,48712,36223,0,0,280,109,1895,3432,33625,31987,1591,149,2661,16500,6143,58,1258,0,0,0,0,0
1070,3130,1070.0397487463295,99688,776,587,222,86,133723,81564,2.1596079768878904,454,300,23312,27243,24849,20507,385,1275,48713,36224,0,0,280,109,1893,3425,33616,32059,1588,149,2676,16458,6123,58,1254,0,0,0,0,0
1071,3130,1071.2059612225705,99688,752,570,222,86,133852,81638,2.161644330310569,453,342,23343,27251,24844,20482,384,1267,48714,36225,0,0,278,108,1879,3417,33621,32138,1578,151,2693,16420,6101,57,1247,0,0,0,0,0
1072,3130,1072.0808316915852,99688,738,585,222,86,133949,81718,2.1634198699943825,453,338,23365,27257,24838,20469,382,1263,48715,36226,0,0,276,108,1871,3413,33624,32195,1569,151,2707,16388,6086,57,1243,0,0,0,0,0
1073,3130,1073.2477740863756,99688,777,604,222,86,134091,81819,2.165857475323008,423,332,23407,27286,24791,20433,378,1257,48716,36227,0,0,273,107,1867,3406,33640,32247,1563,153,2717,16348,6069,57,1241,0,0,0,0,0
1074,3130,1074.124077381221,99688,754,589,222,86,134187,81887,2.1675026081373887,430,352,23410,27291,24804,20429,378,1251,48717,36228,0,0,272,107,1862,3395,33639,32319,1557,154,2724,16309,6057,57,1236,0,0,0,0,0
1075,3130,1075.0004619968588,99688,724,576,222,86,134259,81956,2.1689170211058504,455,355,23438,27315,24780,20421,379,1245,48718,36229,0,0,272,107,1855,3390,33626,32392,1552,154,2732,16273,6045,57,1233,0,0,0,0,0
1076,3130,1076.17032996943,99688,755,578,222,86,134398,82067,2.171424845518016,446,337,23456,27332,24742,20423,377,1242,48719,36230,0,0,272,107,1851,3386,33625,32467,1549,153,2752,16220,6022,57,1227,0,0,0,0,0
1077,3130,1077.048665265447,99688,745,575,222,86,134496,82140,2.173140197415938,437,337,23473,27349,24744,20418,377,1233,48720,36231,0,0,271,107,1848,3374,33626,32528,1545,154,2763,16182,6008,56,1226,0,0,0,0,0
1078,3130,1078.2202363168144,99687,753,582,223,86,134636,82236,2.175529407044048,434,336,23488,27369,24725,20399,375,1226,48721,36232,0,0,266,106,1844,3367,33642,32589,1535,159,2780,16137,5985,56,1221,0,0,0,0,0
1079,3130,1079.0993596317116,99687,750,583,223,86,134727,82300,2.177084273776922,437,345,23508,27384,24705,20379,375,1221,48722,36233,0,0,264,105,1841,3352,33656,32635,1531,161,2797,16106,5964,56,1219,0,0,0,0,0
1080,3130,1080.273093625132,99687,770,577,223,86,134860,82410,2.179521903558137,447,323,23538,27414,24645,20384,375,1214,48723,36234,0,0,260,104,1837,3340,33660,32711,1530,165,2809,16055,5944,56,1216,0,0,0,0,0
1081,3130,1081.154905511811,99687,789,562,223,86,134971,82475,2.1812874296548195,449,331,23549,27429,24614,20383,374,1207,48724,36235,0,0,259,104,1831,3330,33659,32771,1527,166,2817,16024,5931,56,1212,0,0,0,0,0
1082,3130,1082.0376523931861,99687,809,562,223,86,135076,82541,2.183002798760119,436,324,23543,27458,24615,20368,372,1200,48725,36236,0,0,259,103,1825,3321,33676,32815,1521,166,2831,15989,5915,56,1210,0,0,0,0,0
1083,3130,1083.2147261600294,99686,800,563,223,87,135205,82640,2.1853118793010053,432,329,23578,27465,24598,20353,367,1201,48726,36237,0,0,257,102,1818,3316,33667,32899,1516,167,2839,15947,5895,56,1207,0,0,0,0,0
1084,3130,1084.0981850900398,99686,811,558,223,87,135293,82711,2.186906887627149,449,321,23590,27496,24562,20338,363,1198,48727,36238,0,0,254,102,1816,3314,33660,32952,1510,170,2850,15917,5879,56,1206,0,0,0,0,0
1085,3130,1085.2774756907381,99686,800,552,223,87,135430,82805,2.189224163874566,455,321,23618,27521,24542,20328,360,1189,48728,36239,0,0,251,101,1810,3306,33661,33034,1501,172,2865,15873,5856,56,1200,0,0,0,0,0
1086,3130,1086.1625427168365,99686,801,552,223,87,135539,82874,2.191009770679935,447,318,23633,27548,24537,20310,357,1183,48729,36240,0,0,251,100,1806,3292,33666,33090,1499,171,2879,15842,5839,56,1195,0,0,0,0,0
1087,3130,1087.0480159347542,99686,787,569,223,87,135635,82959,2.1928254719820237,455,320,23649,27579,24530,20270,354,1173,48730,36241,0,0,251,99,1797,3290,33663,33147,1493,170,2896,15814,5820,55,1191,0,0,0,0,0
1088,3130,1088.228999376149,99686,787,570,223,87,135765,83060,2.1951427482294403,466,323,23648,27591,24522,20259,352,1168,48731,36242,0,0,247,99,1787,3282,33691,33209,1485,173,2905,15762,5802,55,1189,0,0,0,0,0
1089,3130,1089.1149221388605,99684,798,573,225,87,135877,83143,2.1971429717908593,449,320,23676,27602,24500,20254,350,1162,48732,36243,0,0,246,99,1780,3280,33700,33259,1479,173,2916,15726,5787,55,1184,0,0,0,0,0
1090,3130,1090.0015658376456,99684,784,578,225,87,135981,83210,2.198858392520364,446,325,23701,27611,24494,20237,348,1160,48733,36244,0,0,245,99,1777,3274,33696,33318,1472,174,2922,15696,5776,55,1180,0,0,0,0,0
1091,3130,1091.184292890236,99683,791,569,225,88,136121,83291,2.2010974790084568,442,353,23714,27656,24478,20181,348,1151,48734,36245,0,0,244,98,1769,3264,33698,33397,1470,174,2935,15649,5757,55,1173,0,0,0,0,0
1092,3130,1092.0719284645215,99683,784,571,225,88,136218,83365,2.202812916946721,433,339,23759,27677,24448,20177,349,1146,48735,36246,0,0,243,98,1766,3261,33701,33456,1466,175,2940,15607,5745,55,1170,0,0,0,0,0
1093,3130,1093.2571822856237,99683,811,586,225,88,136360,83467,2.2052606763440106,435,335,23774,27715,24408,20137,345,1137,48736,36247,0,0,243,98,1763,3249,33726,33511,1460,175,2945,15563,5730,54,1166,0,0,0,0,0
1094,3130,1094.1469832123905,99683,813,582,225,88,136460,83537,2.206966082481466,442,328,23779,27730,24394,20136,345,1134,48737,36248,0,0,241,98,1759,3248,33709,33578,1452,176,2954,15534,5718,53,1163,0,0,0,0,0
