,indexID,time,N,Inf_L,Inf_H,Dead_L,Dead_H,cum_cases_L,cum_cases_H,cum_sum_per_N,Exposed_L,Exposed_H,Sus_L,Sus_H,Rec_nat_L,Rec_nat_H,Rec_vax_L,Rec_vax_H,vaccinatedH,vaccinatedL,boostedH,boostedL,count_Naive,count_Delta,count_Delta_vaccine,count_two,count_three,count_four,count_Omicron,count_Omicron_star,count_Omicron_star_vaccine,count_Omicron_vaccine,count_Vaccine,count_WT,count_WT_vaccine,count_WT_vaccine_boost,count_Omicron_vaccine_boost,count_Delta_vaccine_boost,count_Omicron_star_vaccine_boost,count_Vaccine_boost
0,68,1.2674917679019335,99996,7,5,0,0,8,6,0.00014000560022400896,17,20,49973,49972,1,1,0,0,0,0,0,0,99994,0,0,0,0,0,0,0,0,0,0,2,0,0,0,0,0,0
1,68,2.0031860456012525,99995,9,6,0,1,11,8,0.00019000950047502374,16,19,49971,49971,2,1,0,0,0,0,0,0,99992,0,0,0,0,0,0,0,0,0,0,3,0,0,0,0,0,0
2,68,3.06885420734078,99995,11,7,0,1,15,12,0.00027001350067503376,13,16,49970,49970,4,4,0,0,0,0,0,0,99987,0,0,0,0,0,0,0,0,0,0,8,0,0,0,0,0,0
3,68,4.005610459468237,99995,12,11,0,1,19,18,0.00037001850092504624,10,10,49969,49970,7,6,0,0,0,0,0,0,99982,0,0,0,0,0,0,0,0,0,0,13,0,0,0,0,0,0
4,68,5.0829571211658635,99995,11,14,0,1,20,23,0.00043002150107505373,12,6,49966,49969,9,8,0,0,0,0,0,0,99978,0,0,0,0,0,0,0,0,0,0,17,0,0,0,0,0,0
5,68,6.043601336924612,99995,14,13,0,1,23,23,0.0004600230011500575,14,8,49962,49968,8,8,0,0,0,0,0,0,99977,0,0,0,0,0,0,0,0,0,0,18,0,0,0,0,0,0
6,68,7.07760506814663,99995,17,16,0,1,30,27,0.0005700285014250713,12,9,49957,49963,12,9,0,0,0,0,0,0,99972,0,0,0,0,0,0,0,0,0,0,23,0,0,0,0,0,0
7,68,8.006044566848058,99995,14,14,0,1,32,29,0.0006100305015250763,15,7,49952,49963,17,13,0,0,0,0,0,0,99963,0,0,0,0,0,0,0,0,0,0,32,0,0,0,0,0,0
8,68,9.007797684536593,99995,11,16,0,1,32,34,0.0006600330016500825,17,6,49950,49960,20,15,0,0,0,0,0,0,99957,0,0,0,0,0,0,0,0,0,0,38,0,0,0,0,0,0
9,68,10.00207416445541,99995,7,16,0,1,32,35,0.0006700335016750837,18,6,49949,49959,24,16,0,0,0,0,0,0,99952,0,0,0,0,0,0,0,0,0,0,43,0,0,0,0,0,0
10,68,11.007050979904786,99995,11,16,0,1,38,37,0.0007500375018750937,14,6,49947,49957,26,18,0,0,0,0,0,0,99948,0,0,0,0,0,0,0,0,0,0,47,0,0,0,0,0,0
11,68,12.057105637413597,99995,12,16,0,1,40,38,0.0007800390019500975,18,6,49941,49956,27,19,0,0,0,0,0,0,99946,0,0,0,0,0,0,0,0,0,0,49,0,0,0,0,0,0
12,68,13.167372102287377,99995,14,12,0,1,45,40,0.0008500425021251062,14,5,49940,49955,30,25,0,0,0,0,0,0,99937,0,0,0,0,0,0,0,0,0,0,58,0,0,0,0,0,0
13,68,14.152932626944775,99995,11,11,0,1,47,41,0.00088004400220011,14,5,49938,49954,35,27,0,0,0,0,0,0,99930,0,0,0,0,0,0,0,0,0,0,65,0,0,0,0,0,0
14,68,15.116392443050543,99995,8,7,0,1,50,42,0.000920046002300115,14,4,49935,49954,41,32,0,0,0,0,0,0,99919,0,0,0,0,0,0,0,0,0,0,76,0,0,0,0,0,0
15,68,16.03487930623654,99995,14,8,0,1,57,44,0.0010100505025251263,10,6,49932,49950,42,33,0,0,0,0,0,0,99917,0,0,0,0,0,0,0,0,0,0,78,0,0,0,0,0,0
16,68,17.18323629468305,99995,14,8,0,1,59,44,0.0010300515025751288,11,7,49929,49949,44,33,0,0,0,0,0,0,99915,0,0,0,0,0,0,0,0,0,0,80,0,0,0,0,0,0
17,68,18.1283807569572,99995,15,8,0,1,63,45,0.001080054002700135,11,8,49925,49947,47,34,0,0,0,0,0,0,99911,0,0,0,0,0,0,0,0,0,0,84,0,0,0,0,0,0
18,68,19.041516839458843,99995,17,7,0,1,66,45,0.0011100555027751388,13,11,49920,49944,48,35,0,0,0,0,0,0,99909,0,0,0,0,0,0,0,0,0,0,86,0,0,0,0,0,0
19,68,20.25177067777073,99995,15,7,0,1,68,46,0.0011400570028501425,13,11,49918,49943,52,36,0,0,0,0,0,0,99904,0,0,0,0,0,0,0,0,0,0,91,0,0,0,0,0,0
20,68,21.018046025500244,99995,16,7,0,1,71,48,0.0011900595029751488,13,10,49915,49942,54,38,0,0,0,0,0,0,99900,0,0,0,0,0,0,0,0,0,0,95,0,0,0,0,0,0
21,68,22.25923462921862,99995,19,6,0,1,78,50,0.00128006400320016,12,10,49909,49940,58,41,0,0,0,0,0,0,99893,0,0,0,0,0,0,0,0,0,0,102,0,0,0,0,0,0
22,68,23.024807492753478,99995,18,7,0,1,80,52,0.001320066003300165,11,11,49908,49937,61,42,0,0,0,0,0,0,99889,0,0,0,0,0,0,0,0,0,0,106,0,0,0,0,0,0
23,68,24.039462058652433,99995,22,10,0,1,86,56,0.0014200710035501775,7,7,49906,49938,63,42,0,0,0,0,0,0,99886,0,0,0,0,0,0,0,0,0,0,109,0,0,0,0,0,0
24,68,25.03544489238591,99995,23,11,0,1,90,59,0.0014900745037251862,7,5,49903,49937,65,44,0,0,0,0,0,0,99881,0,0,0,0,0,0,0,0,0,0,114,0,0,0,0,0,0
25,68,26.119257845589704,99995,23,8,0,1,92,59,0.0015100755037751887,8,8,49900,49934,67,47,0,0,0,0,0,0,99876,0,0,0,0,0,0,0,0,0,0,119,0,0,0,0,0,0
26,68,27.232970315565485,99995,26,8,0,1,95,61,0.001560078003900195,12,6,49893,49934,67,49,0,0,0,0,0,0,99874,0,0,0,0,0,0,0,0,0,0,121,0,0,0,0,0,0
27,68,28.123327886156837,99995,21,10,0,1,97,63,0.0016000800040002,13,5,49890,49933,74,49,0,0,0,0,0,0,99867,0,0,0,0,0,0,0,0,0,0,128,0,0,0,0,0,0
28,68,29.074595077277294,99995,23,9,0,1,102,63,0.0016500825041252062,9,6,49889,49932,77,50,0,0,0,0,0,0,99863,0,0,0,0,0,0,0,0,0,0,132,0,0,0,0,0,0
29,68,30.0564566241856,99995,22,10,0,1,107,64,0.0017100855042752137,11,7,49882,49930,83,50,0,0,0,0,0,0,99857,0,0,0,0,0,0,0,0,0,0,138,0,0,0,0,0,0
30,68,31.273617525959654,99995,23,9,0,1,109,65,0.0017400870043502174,12,8,49879,49928,84,52,0,0,0,0,0,0,99854,0,0,0,0,0,0,0,0,0,0,141,0,0,0,0,0,0
31,68,32.00053704323567,99995,18,11,0,1,111,67,0.0017800890044502224,14,6,49876,49929,90,51,0,0,0,0,0,0,99847,0,0,0,0,0,0,0,0,0,0,148,0,0,0,0,0,0
32,68,33.261164080168996,99995,19,9,0,1,116,67,0.0018300915045752287,14,8,49871,49927,94,53,0,0,0,0,0,0,99841,0,0,0,0,0,0,0,0,0,0,154,0,0,0,0,0,0
33,68,34.15006536911315,99995,21,9,0,1,119,68,0.0018700935046752339,15,9,49867,49925,95,54,0,0,0,0,0,0,99839,0,0,0,0,0,0,0,0,0,0,156,0,0,0,0,0,0
34,68,35.208800971676276,99995,23,13,0,1,123,73,0.001960098004900245,16,6,49862,49923,97,55,0,0,0,0,0,0,99836,0,0,0,0,0,0,0,0,0,0,159,0,0,0,0,0,0
35,68,36.03225922688374,99995,26,13,0,1,127,75,0.0020201010050502526,16,4,49858,49923,98,57,0,0,0,0,0,0,99833,0,0,0,0,0,0,0,0,0,0,162,0,0,0,0,0,0
36,68,37.00213020266167,99995,26,12,0,1,130,75,0.002050102505125256,17,7,49854,49920,101,58,0,0,0,0,0,0,99829,0,0,0,0,0,0,0,0,0,0,166,0,0,0,0,0,0
37,68,38.31409170533367,99995,28,10,0,1,133,76,0.002090104505225261,17,7,49852,49919,101,61,0,0,0,0,0,0,99825,0,0,0,0,0,0,0,0,0,0,170,0,0,0,0,0,0
38,68,39.14528541066453,99995,29,10,0,1,138,76,0.0021401070053502676,18,12,49847,49914,104,61,0,0,0,0,0,0,99821,0,0,0,0,0,0,0,0,0,0,174,0,0,0,0,0,0
39,68,40.01168532455393,99995,25,8,0,1,139,77,0.00216010800540027,19,11,49845,49914,109,64,0,0,0,0,0,0,99813,0,0,0,0,0,0,0,0,0,0,182,0,0,0,0,0,0
40,68,41.281035495550796,99995,29,12,0,1,146,81,0.0022701135056752836,14,9,49843,49912,112,64,0,0,0,0,0,0,99810,0,0,0,0,0,0,0,0,0,0,185,0,0,0,0,0,0
41,68,42.045515295473585,99995,28,15,0,1,149,84,0.002330116505825291,13,8,49841,49910,116,64,0,0,0,0,0,0,99806,0,0,0,0,0,0,0,0,0,0,189,0,0,0,0,0,0
42,68,43.223117856872946,99995,28,15,0,1,152,86,0.0023801190059502975,17,12,49834,49904,119,66,0,0,0,0,0,0,99801,0,0,0,0,0,0,0,0,0,0,194,0,0,0,0,0,0
43,68,44.07875838377208,99995,27,17,0,1,156,89,0.002450122506125306,20,9,49827,49905,124,66,0,0,0,0,0,0,99795,0,0,0,0,0,0,0,0,0,0,200,0,0,0,0,0,0
44,68,45.11216352415174,99995,28,16,0,1,160,90,0.0025001250062503125,21,11,49822,49903,127,67,0,0,0,0,0,0,99790,0,0,0,0,0,0,0,0,0,0,205,0,0,0,0,0,0
45,68,46.121884038315805,99995,31,17,0,1,166,91,0.0025701285064253215,16,13,49821,49901,130,66,0,0,0,0,0,0,99787,0,0,0,0,0,0,0,0,0,0,208,0,0,0,0,0,0
46,68,47.16270241753856,99995,32,17,0,1,172,94,0.0026601330066503325,15,14,49816,49897,135,69,0,0,0,0,0,0,99779,0,0,0,0,0,0,0,0,0,0,216,0,0,0,0,0,0
47,68,48.081201825788455,99995,32,15,0,1,176,96,0.00272013600680034,19,17,49809,49893,138,72,0,0,0,0,0,0,99771,0,0,0,0,0,0,0,0,0,0,224,0,0,0,0,0,0
48,68,49.1250591485339,99995,30,14,0,1,180,97,0.0027701385069253464,19,18,49806,49891,143,74,0,0,0,0,0,0,99763,0,0,0,0,0,0,0,0,0,0,232,0,0,0,0,0,0
49,68,50.181970279036236,99995,31,19,0,1,185,102,0.002870143507175359,20,17,49800,49888,147,73,0,0,0,0,0,0,99759,0,0,0,0,0,0,0,0,0,0,236,0,0,0,0,0,0
50,68,51.075427843864084,99995,31,20,0,1,186,104,0.0029001450072503624,22,18,49799,49885,146,74,0,0,0,0,0,0,99757,0,0,0,0,0,0,0,0,0,0,238,0,0,0,0,0,0
51,68,52.205912870428406,99995,33,23,0,1,194,110,0.00304015200760038,17,16,49796,49881,152,77,0,0,0,0,0,0,99748,0,0,0,0,0,0,0,0,0,0,247,0,0,0,0,0,0
52,68,53.01605348709719,99995,36,23,0,1,197,112,0.0030901545077253864,18,14,49792,49881,152,79,0,0,0,0,0,0,99746,0,0,0,0,0,0,0,0,0,0,249,0,0,0,0,0,0
53,68,54.14085311862175,99995,41,26,0,1,204,117,0.0032101605080254014,18,9,49786,49881,153,81,0,0,0,0,0,0,99742,0,0,0,0,0,0,0,0,0,0,253,0,0,0,0,0,0
54,68,55.176992296392086,99995,40,25,0,1,210,119,0.0032901645082254113,21,10,49778,49880,159,82,0,0,0,0,0,0,99732,0,0,0,0,0,0,0,0,0,0,263,0,0,0,0,0,0
55,68,56.04448015877295,99995,43,24,0,1,215,121,0.00336016800840042,21,13,49774,49875,160,85,0,0,0,0,0,0,99727,0,0,0,0,0,0,0,0,0,0,268,0,0,0,0,0,0
56,68,57.12784417059104,99995,43,25,0,1,222,124,0.0034601730086504323,22,12,49767,49873,166,87,0,0,0,0,0,0,99718,0,0,0,0,0,0,0,0,0,0,277,0,0,0,0,0,0
57,68,58.16495328188825,99995,46,23,0,1,230,126,0.003560178008900445,22,13,49760,49870,170,91,0,0,0,0,0,0,99709,0,0,0,0,0,0,0,0,0,0,286,0,0,0,0,0,0
58,68,59.266142057912276,99994,45,22,1,1,237,129,0.0036602196131767907,24,15,49751,49867,177,93,0,0,0,0,0,0,99697,0,0,0,0,0,0,0,0,0,0,297,0,0,0,0,0,0
59,68,60.12012089751754,99994,44,25,1,1,246,132,0.0037802268136088164,20,15,49747,49864,186,93,0,0,0,0,0,0,99687,0,0,0,0,0,0,0,0,0,0,307,0,0,0,0,0,0
60,68,61.02866285273786,99994,45,21,1,1,251,133,0.0038402304138248295,18,14,49744,49864,190,98,0,0,0,0,0,0,99678,0,0,0,0,0,0,0,0,0,0,316,0,0,0,0,0,0
61,68,62.08997465844745,99994,47,21,1,1,258,136,0.003940236414184851,27,18,49729,49857,194,101,0,0,0,0,0,0,99670,0,0,0,0,0,0,0,0,0,0,324,0,0,0,0,0,0
62,68,63.07505554213522,99994,46,20,1,1,260,137,0.003970238214292858,28,21,49726,49853,197,103,0,0,0,0,0,0,99665,0,0,0,0,0,0,0,0,0,0,329,0,0,0,0,0,0
63,68,64.0837080560277,99994,42,22,1,1,264,142,0.004060243614616877,28,24,49722,49845,205,106,0,0,0,0,0,0,99654,0,0,0,0,0,0,0,0,0,0,340,0,0,0,0,0,0
64,68,65.06896591436842,99994,41,26,1,1,269,150,0.004190251415084905,28,21,49717,49840,211,110,0,0,0,0,0,0,99644,0,0,0,0,0,0,0,0,0,0,350,0,0,0,0,0,0
65,68,66.05431887885675,99994,41,26,1,1,275,152,0.004270256215372923,28,22,49711,49837,217,112,0,0,0,0,0,0,99636,0,0,0,0,0,0,0,0,0,0,358,0,0,0,0,0,0
66,68,67.1062288222959,99994,43,26,1,1,283,158,0.004410264615876952,30,17,49703,49836,221,118,0,0,0,0,0,0,99624,0,0,0,0,0,0,0,0,0,0,370,0,0,0,0,0,0
67,68,68.08748358876385,99994,44,23,1,1,289,159,0.004480268816128968,29,20,49698,49832,226,122,0,0,0,0,0,0,99615,0,0,0,0,0,0,0,0,0,0,379,0,0,0,0,0,0
68,68,69.13470629008997,99994,45,25,1,1,297,164,0.004610276616596996,25,17,49694,49831,233,124,0,0,0,0,0,0,99605,0,0,0,0,0,0,0,0,0,0,389,0,0,0,0,0,0
69,68,70.19510095821748,99994,44,24,1,1,302,167,0.004690281416885013,31,19,49683,49826,239,128,0,0,0,0,0,0,99595,0,0,0,0,0,0,0,0,0,0,399,0,0,0,0,0,0
70,68,71.20360992841434,99994,43,31,1,1,311,175,0.00486029161749705,28,14,49680,49823,246,129,0,0,0,0,0,0,99584,0,0,0,0,0,0,0,0,0,0,410,0,0,0,0,0,0
71,68,72.18052313883648,99994,37,29,1,1,313,177,0.004900294017641058,34,13,49674,49822,252,133,0,0,0,0,0,0,99572,0,0,0,0,0,0,0,0,0,0,422,0,0,0,0,0,0
72,68,73.05150614324621,99994,41,31,1,1,319,180,0.004990299417965078,31,12,49671,49821,254,133,0,0,0,0,0,0,99569,0,0,0,0,0,0,0,0,0,0,425,0,0,0,0,0,0
73,68,74.12777332285678,99994,44,28,1,1,327,182,0.005090305418325099,34,18,49661,49813,258,138,0,0,0,0,0,0,99559,0,0,0,0,0,0,0,0,0,0,435,0,0,0,0,0,0
74,68,75.03839194041743,99994,44,30,1,1,331,187,0.005180310818649119,38,16,49654,49810,261,141,0,0,0,0,0,0,99552,0,0,0,0,0,0,0,0,0,0,442,0,0,0,0,0,0
75,68,76.07315978476487,99994,45,29,1,1,344,192,0.005360321619297158,33,17,49647,49807,272,144,0,0,0,0,0,0,99534,0,0,0,0,0,0,0,0,0,0,460,0,0,0,0,0,0
76,68,77.1142930960434,99994,47,28,1,1,349,195,0.005440326419585175,40,17,49637,49804,273,148,0,0,0,0,0,0,99527,0,0,0,0,0,0,0,0,0,0,467,0,0,0,0,0,0
77,68,78.05532143100854,99993,48,25,1,2,358,199,0.00557038992729491,35,17,49633,49800,281,154,0,0,0,0,0,0,99512,0,0,0,0,0,0,0,0,0,0,481,0,0,0,0,0,0
78,68,79.02969635610168,99993,49,24,1,2,369,202,0.005710399727980959,34,19,49624,49797,290,156,0,0,0,0,0,0,99498,0,0,0,0,0,0,0,0,0,0,495,0,0,0,0,0,0
79,68,80.27505944109201,99993,44,31,1,2,374,209,0.005830408128569,34,15,49619,49795,300,155,0,0,0,0,0,0,99488,0,0,0,0,0,0,0,0,0,0,505,0,0,0,0,0,0
80,68,81.18283702415906,99993,46,26,1,2,384,213,0.0059704179292550475,35,17,49608,49790,308,163,0,0,0,0,0,0,99471,0,0,0,0,0,0,0,0,0,0,522,0,0,0,0,0,0
81,68,82.30689161506574,99993,49,24,1,2,396,215,0.006110427729941096,38,22,49594,49784,316,166,0,0,0,0,0,0,99458,0,0,0,0,0,0,0,0,0,0,535,0,0,0,0,0,0
82,68,83.03844911098557,99993,49,26,1,2,404,219,0.006230436130529137,32,18,49592,49785,324,167,0,0,0,0,0,0,99448,0,0,0,0,0,0,0,0,0,0,545,0,0,0,0,0,0
83,68,84.30100596333067,99993,47,27,1,2,411,226,0.0063704459312151854,37,18,49581,49781,332,170,0,0,0,0,0,0,99433,0,0,0,0,0,0,0,0,0,0,560,0,0,0,0,0,0
84,68,85.17058221795999,99993,55,28,1,2,420,229,0.006490454331803226,36,17,49573,49779,333,172,0,0,0,0,0,0,99430,0,0,0,0,0,0,0,0,0,0,563,0,0,0,0,0,0
85,68,86.04736199082978,99993,55,26,1,2,425,233,0.006580460632244257,35,17,49569,49775,338,178,0,0,0,0,0,0,99419,0,0,0,0,0,0,0,0,0,0,574,0,0,0,0,0,0
86,68,87.17186676553429,99993,49,29,1,2,433,239,0.006720470432930305,36,14,49561,49774,351,179,0,0,0,0,0,0,99402,0,0,0,0,0,0,0,0,0,0,591,0,0,0,0,0,0
87,68,88.02025883728582,99993,54,28,1,2,443,243,0.006860480233616353,35,15,49553,49769,355,184,0,0,0,0,0,0,99392,0,0,0,0,0,0,0,0,0,0,601,0,0,0,0,0,0
88,68,89.01335122602646,99993,52,31,1,2,446,248,0.00694048583400838,41,11,49545,49768,359,186,0,0,0,0,0,0,99385,0,0,0,0,0,0,0,0,0,0,608,0,0,0,0,0,0
89,68,90.16706726075502,99993,53,28,1,2,461,252,0.007130499134939446,38,12,49536,49764,370,192,0,0,0,0,0,0,99364,0,0,0,0,0,0,0,0,0,0,629,0,0,0,0,0,0
90,68,91.1558563326005,99993,54,24,1,2,468,253,0.007210504735331473,39,14,49530,49764,374,194,0,0,0,0,0,0,99353,0,0,0,0,0,0,0,0,0,0,640,0,0,0,0,0,0
91,68,92.13755975886934,99993,52,23,1,2,476,255,0.0073105117358215075,37,12,49527,49764,381,197,0,0,0,0,0,0,99340,0,0,0,0,0,0,0,0,0,0,653,0,0,0,0,0,0
92,68,93.21036986373683,99993,54,21,1,2,486,257,0.007430520136409549,41,14,49515,49765,387,196,0,0,0,0,0,0,99328,0,0,0,0,0,0,0,0,0,0,665,0,0,0,0,0,0
93,68,94.18502449742424,99993,58,17,1,2,495,258,0.007530527136899583,39,17,49511,49761,389,201,0,0,0,0,0,0,99318,0,0,0,0,0,0,0,0,0,0,675,0,0,0,0,0,0
94,68,95.03663860505526,99993,61,15,1,2,500,259,0.007590531337193604,40,20,49507,49757,389,204,0,0,0,0,0,0,99313,0,0,0,0,0,0,0,0,0,0,680,0,0,0,0,0,0
95,68,96.06316010556793,99993,61,16,1,2,512,262,0.007740541837928655,33,22,49503,49752,400,206,0,0,0,0,0,0,99299,0,0,0,0,0,0,0,0,0,0,694,0,0,0,0,0,0
96,68,97.32683750884243,99993,59,22,1,2,523,271,0.007940555838908724,28,21,49499,49745,411,208,0,0,0,0,0,0,99283,0,0,0,0,0,0,0,0,0,0,710,0,0,0,0,0,0
97,68,98.20403598374548,99993,58,28,1,2,530,278,0.00808056563959477,27,20,49495,49739,417,209,0,0,0,0,0,0,99274,0,0,0,0,0,0,0,0,0,0,719,0,0,0,0,0,0
98,68,99.02437996459156,99993,59,32,1,2,535,283,0.008180572640084805,26,20,49492,49736,420,208,0,0,0,0,0,0,99269,0,0,0,0,0,0,0,0,0,0,724,0,0,0,0,0,0
99,68,100.19202689271643,99993,58,32,1,2,548,288,0.008360585240966868,22,25,49483,49727,434,212,0,0,0,0,0,0,99250,0,0,0,0,0,0,0,0,0,0,743,0,0,0,0,0,0
100,68,101.18187783229754,99993,52,36,1,2,552,295,0.008470592941505905,26,22,49476,49724,443,214,0,0,0,0,0,0,99237,0,0,0,0,0,0,0,0,0,0,756,0,0,0,0,0,0
101,68,102.17188493039006,99993,59,37,1,2,563,300,0.008630604142289961,24,22,49467,49720,447,217,0,0,0,0,0,0,99229,0,0,0,0,0,0,0,0,0,0,764,0,0,0,0,0,0
102,68,103.16203103576896,99993,63,33,1,2,574,304,0.008780614643025013,30,20,49451,49718,453,225,0,0,0,0,0,0,99214,0,0,0,0,0,0,0,0,0,0,779,0,0,0,0,0,0
103,68,104.0965466229935,99993,58,33,1,2,579,308,0.008870620943466042,39,23,49439,49711,461,229,0,0,0,0,0,0,99200,0,0,0,0,0,0,0,0,0,0,793,0,0,0,0,0,0
104,68,105.08712147809536,99993,57,34,1,2,588,314,0.009020631444201094,34,22,49437,49707,469,233,0,0,0,0,0,0,99185,0,0,0,0,0,0,0,0,0,0,808,0,0,0,0,0,0
105,68,106.07781385286285,99993,58,32,1,2,598,317,0.009150640544838138,36,21,49425,49705,478,238,0,0,0,0,0,0,99171,0,0,0,0,0,0,0,0,0,0,822,0,0,0,0,0,0
106,68,107.06873511357486,99993,62,30,1,2,611,319,0.00930065104557319,39,23,49410,49702,486,241,0,0,0,0,0,0,99158,0,0,0,0,0,0,0,0,0,0,835,0,0,0,0,0,0
107,68,108.11501050512828,99993,62,33,1,2,616,326,0.00942065944616123,39,16,49405,49702,491,245,0,0,0,0,0,0,99149,0,0,0,0,0,0,0,0,0,0,844,0,0,0,0,0,0
108,68,109.15170690247687,99993,72,30,1,2,635,329,0.009640674847239307,32,19,49395,49696,498,251,0,0,0,0,0,0,99134,0,0,0,0,0,0,0,0,0,0,859,0,0,0,0,0,0
109,68,110.20177225848819,99993,72,32,1,2,644,335,0.009790685347974358,37,20,49382,49691,506,253,0,0,0,0,0,0,99121,0,0,0,0,0,0,0,0,0,0,872,0,0,0,0,0,0
110,68,111.18489708658615,99993,70,34,1,2,648,340,0.00988069164841539,42,17,49374,49689,511,256,0,0,0,0,0,0,99112,0,0,0,0,0,0,0,0,0,0,881,0,0,0,0,0,0
111,68,112.31939370224606,99993,74,41,1,2,662,350,0.01012070844959147,45,19,49358,49677,520,259,0,0,0,0,0,0,99099,0,0,0,0,0,0,0,0,0,0,894,0,0,0,0,0,0
112,68,113.0819709112039,99992,75,43,2,2,671,355,0.010260820865669254,44,15,49352,49676,525,262,0,0,0,0,0,0,99089,0,0,1,0,0,0,0,0,0,0,902,0,0,0,0,0,0
113,68,114.19896894411994,99992,76,41,2,2,686,357,0.010430834466757341,39,18,49344,49673,537,264,0,0,0,0,0,0,99071,0,0,1,0,0,0,0,0,0,0,920,0,0,0,0,0,0
114,68,115.17145554075763,99992,80,42,2,2,702,362,0.010640851268101449,36,23,49333,49664,547,267,0,0,0,0,0,0,99055,0,0,1,0,0,0,0,0,0,0,936,0,0,0,0,0,0
115,68,116.16388741591132,99992,83,41,2,2,712,368,0.01080086406912553,38,26,49324,49655,551,274,0,0,0,0,0,0,99041,0,0,1,0,0,0,0,0,0,0,950,0,0,0,0,0,0
116,68,117.15645626669078,99992,86,47,2,2,725,378,0.011030882470597648,36,23,49314,49651,560,275,0,0,0,0,0,0,99027,0,0,1,0,0,0,0,0,0,0,964,0,0,0,0,0,0
117,68,118.14918887782717,99992,77,50,2,2,728,388,0.011160892871429715,46,19,49301,49645,572,282,0,0,0,0,0,0,99008,0,0,1,0,0,0,0,0,0,0,983,0,0,0,0,0,0
118,68,119.12488955319489,99992,67,45,2,2,738,394,0.011320905672453797,55,22,49287,49636,587,293,0,0,0,0,0,0,98977,0,0,1,0,0,0,0,0,0,0,1014,0,0,0,0,0,0
119,68,120.11818299048421,99992,68,46,2,2,751,400,0.011510920873669894,55,21,49276,49631,597,298,0,0,0,0,0,0,98960,0,0,1,0,0,0,0,0,0,0,1031,0,0,0,0,0,0
120,68,121.111694495977,99992,65,38,2,2,757,401,0.011580926474117929,56,25,49271,49627,604,306,0,0,0,0,0,0,98942,0,0,1,0,0,0,0,0,0,0,1049,0,0,0,0,0,0
121,68,122.10536475130807,99992,70,39,2,2,773,409,0.011820945675654053,54,21,49263,49624,609,312,0,0,0,0,0,0,98924,0,0,1,0,0,0,0,0,0,0,1067,0,0,0,0,0,0
122,68,123.09917789946695,99992,67,43,2,2,777,415,0.011920953676294104,55,18,49258,49623,616,312,0,0,0,0,0,0,98915,0,0,1,0,0,0,0,0,0,0,1076,0,0,0,0,0,0
123,68,124.1255879761902,99992,72,37,2,2,794,418,0.012120969677574206,46,21,49251,49619,627,319,0,0,0,0,0,0,98894,0,0,1,0,0,0,0,0,0,0,1097,0,0,0,0,0,0
124,68,125.08387894171246,99992,73,33,2,2,804,422,0.012260980878470277,48,25,49245,49612,630,326,0,0,0,0,0,0,98877,0,0,1,0,0,0,0,0,0,0,1114,0,0,0,0,0,0
125,68,126.07808986639685,99992,70,32,2,2,810,431,0.012410992879430354,48,20,49244,49608,634,336,0,0,0,0,0,0,98858,0,0,1,0,0,0,0,0,0,0,1133,0,0,0,0,0,0
126,68,127.31084220755461,99992,70,35,2,2,823,438,0.012611008880710458,56,23,49223,49599,647,339,0,0,0,0,0,0,98841,0,0,1,0,0,0,0,0,0,0,1150,0,0,0,0,0,0
127,68,128.30546685291347,99991,69,33,3,2,832,442,0.012741146703203289,56,22,49216,49596,654,345,0,0,0,0,0,0,98825,0,0,1,0,0,0,0,0,0,0,1165,0,0,0,0,0,0
128,68,129.30023583093958,99991,69,32,3,2,843,446,0.012891160204418398,55,24,49207,49591,664,349,0,0,0,0,0,0,98809,0,0,1,0,0,0,0,0,0,0,1181,0,0,0,0,0,0
129,68,130.29515998635338,99991,74,33,3,2,858,452,0.01310117910611955,46,25,49206,49588,669,350,0,0,0,0,0,0,98794,0,0,1,0,0,0,0,0,0,0,1196,0,0,0,0,0,0
130,68,131.29019958686018,99991,73,39,3,2,870,460,0.013301197107739696,42,23,49199,49584,681,350,0,0,0,0,0,0,98779,0,0,1,0,0,0,0,0,0,0,1211,0,0,0,0,0,0
131,68,132.28536726860062,99991,76,46,3,2,881,469,0.013501215109359843,48,21,49184,49579,687,350,0,0,0,0,0,0,98770,0,0,2,0,0,0,0,0,0,0,1219,0,0,0,0,0,0
132,68,133.19008149615573,99991,78,50,3,2,890,474,0.013641227710493944,45,17,49179,49579,693,350,0,0,0,0,0,0,98762,0,0,2,0,0,0,0,0,0,0,1227,0,0,0,0,0,0
133,68,134.1455689792314,99991,74,43,3,2,898,478,0.013761238511466031,53,24,49165,49570,703,359,0,0,0,0,0,0,98739,0,0,2,0,0,0,0,0,0,0,1250,0,0,0,0,0,0
134,68,135.14124582434377,99991,82,41,3,2,910,482,0.013921252912762149,52,29,49156,49561,705,365,0,0,0,0,0,0,98730,0,0,3,0,0,0,0,0,0,0,1258,0,0,0,0,0,0
135,68,136.1370677422356,99991,87,39,3,2,927,487,0.014141272714544309,53,28,49142,49557,713,372,0,0,0,0,0,0,98711,0,0,3,0,0,0,0,0,0,0,1277,0,0,0,0,0,0
136,68,137.1331315394216,99991,87,39,3,2,941,492,0.014331289816083448,58,31,49124,49551,726,375,0,0,0,0,0,0,98692,0,0,3,0,0,0,0,0,0,0,1296,0,0,0,0,0,0
137,68,138.1294746292434,99991,88,39,3,2,957,497,0.0145413087177846,58,37,49114,49540,735,380,0,0,0,0,0,0,98672,0,0,3,0,0,0,0,0,0,0,1316,0,0,0,0,0,0
138,68,139.1259901572892,99991,90,39,3,2,971,501,0.014721324919242731,53,40,49107,49535,745,382,0,0,0,0,0,0,98656,0,0,3,0,0,0,0,0,0,0,1332,0,0,0,0,0,0
139,68,140.12266636879735,99991,91,37,3,2,984,507,0.01491134202078187,53,41,49096,49529,755,389,0,0,0,0,0,0,98636,0,0,3,0,0,0,0,0,0,0,1352,0,0,0,0,0,0
140,68,141.11953456030534,99990,93,40,4,2,995,515,0.015101510151015102,62,39,49080,49524,759,393,0,0,0,0,0,0,98622,0,0,3,0,0,0,0,0,0,0,1365,0,0,0,0,0,0
141,68,142.11661050516273,99990,94,44,4,2,1012,521,0.015331533153315332,54,42,49073,49517,773,393,0,0,0,0,0,0,98604,0,0,3,0,0,0,0,0,0,0,1383,0,0,0,0,0,0
142,68,143.11386039619467,99990,95,47,4,2,1029,531,0.015601560156015602,53,39,49061,49511,785,399,0,0,0,0,0,0,98581,0,0,3,0,0,0,0,0,0,0,1406,0,0,0,0,0,0
143,68,144.11137444996797,99990,88,49,4,2,1042,542,0.015841584158415842,56,33,49049,49508,801,406,0,0,0,0,0,0,98553,0,0,4,0,0,0,0,0,0,0,1433,0,0,0,0,0,0
144,68,145.10917705726564,99990,86,48,4,2,1054,548,0.01602160216021602,60,33,49034,49505,814,410,0,0,0,0,0,0,98532,0,0,4,0,0,0,0,0,0,0,1454,0,0,0,0,0,0
145,68,146.10729279234423,99990,97,57,4,2,1071,562,0.01633163316331633,63,25,49017,49500,817,414,0,0,0,0,0,0,98521,0,0,4,0,0,0,0,0,0,0,1465,0,0,0,0,0,0
146,68,147.10556787947846,99990,95,50,4,2,1082,566,0.01648164816481648,60,31,49011,49490,828,425,0,0,0,0,0,0,98497,0,0,4,0,0,0,0,0,0,0,1489,0,0,0,0,0,0
147,68,148.10406335525815,99990,92,46,4,2,1099,570,0.01669166916691669,61,40,48996,49478,845,432,0,0,0,0,0,0,98469,0,0,4,0,0,0,0,0,0,0,1517,0,0,0,0,0,0
148,68,149.10285774405548,99990,91,49,4,2,1112,580,0.01692169216921692,68,37,48981,49473,854,437,0,0,0,0,0,0,98448,0,0,4,0,0,0,0,0,0,0,1538,0,0,0,0,0,0
149,68,150.10187003806814,99990,90,50,4,2,1127,592,0.017191719171917193,66,36,48972,49464,866,446,0,0,0,0,0,0,98421,0,0,4,0,0,0,0,0,0,0,1565,0,0,0,0,0,0
150,68,151.10109681638255,99989,92,52,4,3,1143,603,0.017461920811289243,63,30,48962,49463,877,450,0,0,0,0,0,0,98398,0,0,4,0,0,0,0,0,0,0,1587,0,0,0,0,0,0
151,68,152.10056012881012,99989,94,58,4,3,1160,613,0.017731950514556602,54,32,48956,49452,890,453,0,0,0,0,0,0,98379,0,0,4,0,0,0,0,0,0,0,1606,0,0,0,0,0,0
152,68,153.10017053282652,99989,95,61,4,3,1176,623,0.017991979117702946,52,30,48944,49445,903,459,0,0,0,0,0,0,98358,0,0,5,0,0,0,0,0,0,0,1626,0,0,0,0,0,0
153,68,154.10001253721634,99989,95,63,4,3,1189,631,0.018202002220244227,54,29,48930,49439,915,464,0,0,0,0,0,0,98339,0,0,5,0,0,0,0,0,0,0,1645,0,0,0,0,0,0
154,68,155.1001266060735,99989,88,57,4,3,1203,637,0.018402024222664494,57,30,48915,49433,934,475,0,0,0,0,0,0,98306,0,0,5,0,0,0,0,0,0,0,1678,0,0,0,0,0,0
155,68,156.1006127734852,99989,83,51,4,3,1216,643,0.018592045124963746,67,31,48896,49428,948,485,0,0,0,0,0,0,98276,0,0,5,0,0,0,0,0,0,0,1708,0,0,0,0,0,0
156,68,157.10146278134846,99989,93,51,4,3,1236,651,0.01887207592835212,58,29,48890,49422,953,493,0,0,0,0,0,0,98258,0,0,5,0,0,0,0,0,0,0,1726,0,0,0,0,0,0
157,68,158.10246413156815,99989,89,50,4,3,1249,655,0.019042094630409345,64,29,48873,49418,968,498,0,0,0,0,0,0,98236,0,0,5,0,0,0,0,0,0,0,1748,0,0,0,0,0,0
158,68,159.10375559057556,99989,89,49,4,3,1262,661,0.019232115532708597,62,28,48867,49414,976,504,0,0,0,0,0,0,98216,0,0,5,0,0,0,0,0,0,0,1768,0,0,0,0,0,0
159,68,160.1052447187006,99988,94,47,5,3,1278,666,0.019442333079969596,60,32,48857,49407,982,509,0,0,0,0,0,0,98198,0,0,5,0,0,0,0,0,0,0,1785,0,0,0,0,0,0
160,68,161.10689258991212,99988,94,56,5,3,1297,680,0.019772372684722168,56,30,48843,49397,1000,512,0,0,0,0,0,0,98175,0,0,6,0,0,0,0,0,0,0,1807,0,0,0,0,0,0
161,68,162.10879239538392,99988,99,58,5,3,1314,690,0.020042405088610632,50,28,48837,49393,1007,516,0,0,0,0,0,0,98155,0,0,6,0,0,0,0,0,0,0,1827,0,0,0,0,0,0
162,68,163.11085757176417,99988,99,58,5,3,1331,696,0.02027243269192303,53,32,48818,49385,1023,520,0,0,0,0,0,0,98132,0,0,6,0,0,0,0,0,0,0,1850,0,0,0,0,0,0
163,68,164.1132581818757,99988,94,57,5,3,1343,703,0.02046245549465936,66,28,48797,49383,1036,527,0,0,0,0,0,0,98107,0,0,6,0,0,0,0,0,0,0,1875,0,0,0,0,0,0
164,68,165.11598420570138,99988,98,55,5,3,1359,711,0.020702484298115775,69,27,48780,49378,1046,535,0,0,0,0,0,0,98085,0,0,6,0,0,0,0,0,0,0,1897,0,0,0,0,0,0
165,68,166.1189973261546,99988,109,54,5,3,1379,718,0.02097251670200424,63,31,48768,49368,1053,542,0,0,0,0,0,0,98068,0,0,6,0,0,0,0,0,0,0,1914,0,0,0,0,0,0
166,68,167.12222445520905,99988,115,59,5,3,1404,730,0.02134256110733288,58,35,48754,49355,1066,546,0,0,0,0,0,0,98043,0,0,7,0,0,0,0,0,0,0,1938,0,0,0,0,0,0
167,68,168.125695323702,99988,111,60,5,3,1413,740,0.02153258391006921,69,32,48737,49348,1076,555,0,0,0,0,0,0,98021,0,0,7,0,0,0,0,0,0,0,1960,0,0,0,0,0,0
168,68,169.12946110924082,99988,106,68,5,3,1426,755,0.02181261751410169,72,25,48722,49343,1093,559,0,0,0,0,0,0,97997,0,0,8,0,0,0,0,0,0,0,1983,0,0,0,0,0,0
169,68,170.13353155838286,99988,110,60,5,3,1447,764,0.02211265351842221,68,26,48710,49335,1105,574,0,0,0,0,0,0,97963,0,0,8,0,0,0,0,0,0,0,2017,0,0,0,0,0,0
170,68,171.13790127483813,99988,109,54,5,3,1462,768,0.022302676321158538,71,28,48698,49331,1115,582,0,0,0,0,0,0,97937,0,0,8,0,0,0,0,0,0,0,2043,0,0,0,0,0,0
171,68,172.14253287753777,99988,119,59,5,3,1488,778,0.02266271952634316,60,24,48689,49325,1125,587,0,0,0,0,0,0,97916,0,0,8,0,0,0,0,0,0,0,2064,0,0,0,0,0,0
172,68,173.14731593971152,99987,117,58,6,3,1498,784,0.022822966985708144,71,28,48669,49317,1135,592,0,0,0,0,0,0,97897,0,0,8,0,0,0,0,0,0,0,2082,0,0,0,0,0,0
173,68,174.15237085344486,99987,113,58,6,3,1513,791,0.023042995589426626,73,35,48659,49308,1147,594,0,0,0,0,0,0,97872,0,0,9,0,0,0,0,0,0,0,2106,0,0,0,0,0,0
174,68,175.1576566997787,99986,113,61,7,3,1534,800,0.023343268057528056,68,32,48653,49304,1157,598,0,0,0,0,0,0,97845,0,0,9,0,0,0,0,0,0,0,2132,0,0,0,0,0,0
175,68,176.1631384519887,99986,114,67,7,3,1549,812,0.023613305862820795,71,34,48637,49292,1169,602,0,0,0,0,0,0,97825,0,0,9,0,0,0,0,0,0,0,2152,0,0,0,0,0,0
176,68,177.16882001781337,99986,121,70,7,3,1566,825,0.02391334786870162,75,34,48619,49282,1176,609,0,0,0,0,0,0,97806,0,0,10,0,0,0,0,0,0,0,2170,0,0,0,0,0,0
177,68,178.17476284660995,99986,125,68,7,3,1588,831,0.024193387074190387,76,46,48604,49267,1186,614,0,0,0,0,0,0,97780,0,0,10,0,0,0,0,0,0,0,2196,0,0,0,0,0,0
178,68,179.18091747029285,99986,131,65,7,3,1615,843,0.024583441681835457,74,47,48582,49256,1204,627,0,0,0,0,0,0,97744,0,0,10,0,0,0,0,0,0,0,2232,0,0,0,0,0,0
179,68,180.1874776777911,99986,142,72,7,3,1642,860,0.025023503290460665,72,43,48565,49245,1212,635,0,0,0,0,0,0,97719,0,0,11,0,0,0,0,0,0,0,2256,0,0,0,0,0,0
180,68,181.1942851044211,99986,136,81,7,3,1659,876,0.02535354949692957,76,43,48548,49231,1231,640,0,0,0,0,0,0,97691,0,0,13,0,0,0,0,0,0,0,2282,0,0,0,0,0,0
181,68,182.20138125390156,99986,144,72,7,3,1678,880,0.0255835817014382,81,46,48529,49225,1237,652,0,0,0,0,0,0,97667,0,0,13,0,0,0,0,0,0,0,2306,0,0,0,0,0,0
182,68,183.20882530615327,99986,146,74,7,3,1699,886,0.025853619506730943,82,59,48512,49207,1251,655,0,0,0,0,0,0,97644,0,0,13,0,0,0,0,0,0,0,2329,0,0,0,0,0,0
183,68,184.21649687141448,99986,140,73,7,3,1717,897,0.02614366011241574,84,55,48498,49203,1269,664,0,0,0,0,0,0,97608,0,0,13,0,0,0,0,0,0,0,2365,0,0,0,0,0,0
184,68,185.22451072656273,99986,136,75,7,3,1736,909,0.026453703518492588,86,50,48485,49198,1284,672,0,0,0,0,0,0,97576,0,0,14,0,0,0,0,0,0,0,2396,0,0,0,0,0,0
185,68,186.2328300125399,99986,143,77,7,3,1763,922,0.026853759526333686,81,49,48465,49189,1302,680,0,0,0,0,0,0,97545,0,0,14,0,0,0,0,0,0,0,2427,0,0,0,0,0,0
186,68,187.24151811491922,99986,146,81,7,3,1786,935,0.027213809933390676,74,51,48452,49174,1319,689,0,0,0,0,0,0,97516,0,0,14,0,0,0,0,0,0,0,2456,0,0,0,0,0,0
187,68,188.25052752111895,99986,142,86,7,3,1802,950,0.027523853339467524,75,48,48439,49166,1335,695,0,0,0,0,0,0,97487,0,0,15,0,0,0,0,0,0,0,2484,0,0,0,0,0,0
188,68,189.25986609299483,99986,147,80,7,3,1821,962,0.027833896745544377,76,46,48421,49161,1347,708,0,0,0,0,0,0,97455,0,0,15,0,0,0,0,0,0,0,2516,0,0,0,0,0,0
189,68,190.26953003875852,99986,143,90,7,3,1843,981,0.0282439541535815,77,38,48401,49150,1370,717,0,0,0,0,0,0,97421,0,0,16,0,0,0,0,0,0,0,2549,0,0,0,0,0,0
190,68,191.27959237225053,99986,146,90,7,3,1861,994,0.028553997559658352,80,40,48385,49137,1380,728,0,0,0,0,0,0,97393,0,0,16,0,0,0,0,0,0,0,2577,0,0,0,0,0,0
191,68,192.28993494309918,99985,144,87,8,3,1881,1007,0.028884332649897485,88,45,48362,49125,1396,738,0,0,0,0,0,0,97356,0,0,17,0,0,0,0,0,0,0,2612,0,0,0,0,0,0
192,68,193.3006622907289,99985,143,94,8,3,1902,1024,0.029264389658448766,95,43,48335,49114,1417,744,0,0,0,0,0,0,97324,0,0,17,0,0,0,0,0,0,0,2644,0,0,0,0,0,0
193,68,194.31182833761108,99985,147,96,8,3,1922,1038,0.029604440666099914,106,42,48306,49104,1431,753,0,0,0,0,0,0,97296,0,0,17,0,0,0,0,0,0,0,2672,0,0,0,0,0,0
194,68,195.3234897819999,99985,155,94,8,3,1948,1048,0.02996449467420113,119,48,48270,49092,1446,761,0,0,0,0,0,0,97266,0,0,17,0,0,0,0,0,0,0,2702,0,0,0,0,0,0
195,68,196.33564275884166,99985,165,105,8,3,1983,1063,0.030464569685452816,114,42,48248,49086,1463,762,0,0,0,0,0,0,97238,0,0,18,0,0,0,0,0,0,0,2729,0,0,0,0,0,0
196,68,197.01064683839087,99985,179,96,8,3,2010,1070,0.030804620693103964,103,50,48234,49073,1474,776,0,0,0,0,0,0,97210,0,0,19,0,0,0,0,0,0,0,2756,0,0,0,0,0,0
197,68,198.02350291937827,99985,178,91,8,3,2031,1081,0.031124668700305044,104,55,48215,49060,1493,789,0,0,0,0,0,0,97173,0,0,20,0,0,0,0,0,0,0,2792,0,0,0,0,0,0
198,68,199.03672116989543,99985,178,94,8,3,2057,1095,0.03152472870930639,115,57,48186,49048,1511,796,0,0,0,0,0,0,97136,0,0,20,0,0,0,0,0,0,0,2829,0,0,0,0,0,0
199,68,200.05040018833748,99985,181,96,8,3,2084,1109,0.03193479021853278,106,67,48177,49025,1526,807,0,0,0,0,0,0,97100,0,0,20,0,0,0,0,0,0,0,2865,0,0,0,0,0,0
200,68,201.06429543833914,99985,191,93,8,3,2113,1122,0.0323548532279842,101,68,48161,49013,1537,821,0,0,0,0,0,0,97065,0,0,20,0,0,0,0,0,0,0,2900,0,0,0,0,0,0
201,68,202.0785058290762,99985,198,94,8,3,2143,1136,0.03279491923788568,117,69,48122,49001,1553,831,0,0,0,0,0,0,97029,0,0,20,0,0,0,0,0,0,0,2936,0,0,0,0,0,0
202,68,203.0932888739195,99985,198,105,8,3,2167,1160,0.033274991248687304,130,61,48093,48986,1569,843,0,0,0,0,0,0,96992,0,0,20,0,0,0,0,0,0,0,2973,0,0,0,0,0,0
203,68,204.10851338405035,99985,208,100,8,3,2201,1170,0.03371505725858879,120,68,48081,48974,1581,853,0,0,0,0,0,0,96953,0,0,20,0,0,0,0,0,0,0,3012,0,0,0,0,0,0
204,68,205.1240958715714,99985,211,101,8,3,2235,1183,0.03418512776916537,124,66,48049,48966,1606,862,0,0,0,0,0,0,96910,0,0,20,0,0,0,0,0,0,0,3055,0,0,0,0,0,0
205,68,206.14015233551146,99985,205,108,8,3,2265,1200,0.034655198279741964,127,64,48022,48954,1636,869,0,0,0,0,0,0,96864,0,0,20,0,0,0,0,0,0,0,3101,0,0,0,0,0,0
206,68,207.15683366846812,99984,207,114,9,3,2302,1219,0.035215634501520245,126,60,47992,48939,1664,882,0,0,0,0,0,0,96820,0,0,24,0,0,0,0,0,0,0,3140,0,0,0,0,0,0
207,68,208.17410737406536,99984,206,110,9,3,2327,1236,0.03563570171227396,130,57,47967,48929,1686,899,0,0,0,0,0,0,96774,0,0,25,0,0,0,0,0,0,0,3185,0,0,0,0,0,0
208,68,209.1918681241904,99984,214,117,9,3,2358,1254,0.03612578012481997,135,53,47936,48917,1704,908,0,0,0,0,0,0,96742,0,0,27,0,0,0,0,0,0,0,3215,0,0,0,0,0,0
209,68,210.210112260415,99983,217,111,10,3,2386,1268,0.036546212856185555,138,61,47910,48901,1723,922,0,0,0,0,0,0,96697,0,0,27,0,0,0,0,0,0,0,3259,0,0,0,0,0,0
210,68,211.22882886018533,99983,221,104,10,3,2414,1280,0.03694628086774752,144,69,47888,48883,1735,939,0,0,0,0,0,0,96655,0,0,28,0,0,0,0,0,0,0,3300,0,0,0,0,0,0
211,68,212.24794399805552,99982,224,104,10,4,2452,1298,0.03750675121521874,140,68,47863,48869,1761,953,0,0,0,0,0,0,96605,0,0,31,0,0,0,0,0,0,0,3346,0,0,0,0,0,0
212,68,213.26761231873996,99982,215,105,10,4,2490,1314,0.03804684843271789,127,70,47848,48853,1798,966,0,0,0,0,0,0,96543,0,0,31,0,0,0,0,0,0,0,3408,0,0,0,0,0,0
213,68,214.2878176887539,99982,218,112,10,4,2519,1331,0.038506931247624575,140,72,47816,48841,1814,969,0,0,0,0,0,0,96508,0,0,32,0,0,0,0,0,0,0,3442,0,0,0,0,0,0
214,68,215.30850548975792,99982,222,119,10,4,2551,1347,0.03898701766317937,144,81,47783,48819,1839,975,0,0,0,0,0,0,96474,0,0,35,0,0,0,0,0,0,0,3473,0,0,0,0,0,0
215,68,216.32967624350567,99982,228,138,10,4,2586,1375,0.03961713108359505,155,69,47745,48806,1860,981,0,0,0,0,0,0,96436,0,0,35,0,0,0,0,0,0,0,3511,0,0,0,0,0,0
216,68,217.0107919048452,99982,228,145,10,4,2610,1392,0.04002720489688144,156,66,47727,48793,1877,990,0,0,0,0,0,0,96402,0,0,35,0,0,0,0,0,0,0,3545,0,0,0,0,0,0
217,68,218.03297645980007,99982,251,137,10,4,2653,1410,0.040637314716649,158,69,47691,48774,1888,1014,0,0,0,0,0,0,96357,0,0,36,0,0,0,0,0,0,0,3589,0,0,0,0,0,0
218,68,219.05567276030362,99982,254,125,10,4,2694,1424,0.041187413734472204,157,73,47654,48758,1923,1038,0,0,0,0,0,0,96293,0,0,36,0,0,0,0,0,0,0,3653,0,0,0,0,0,0
219,68,220.07915396242166,99981,249,119,11,4,2732,1441,0.04173793020673928,162,84,47621,48731,1955,1060,0,0,0,0,0,0,96230,0,0,39,0,0,0,0,0,0,0,3712,0,0,0,0,0,0
220,68,221.1033147749499,99981,248,125,11,4,2765,1465,0.042308038527320194,162,77,47598,48717,1979,1075,0,0,0,0,0,0,96179,0,0,40,0,0,0,0,0,0,0,3762,0,0,0,0,0,0
221,68,222.1280035589685,99981,238,122,11,4,2807,1482,0.04289815064862324,154,77,47574,48704,2021,1091,0,0,0,0,0,0,96108,0,0,41,0,0,0,0,0,0,0,3832,0,0,0,0,0,0
222,68,223.1534232068056,99981,233,124,11,4,2843,1507,0.04350826657064842,156,76,47543,48688,2055,1106,0,0,0,0,0,0,96045,0,0,42,0,0,0,0,0,0,0,3894,0,0,0,0,0,0
223,68,224.17949323408973,99981,232,128,11,4,2878,1534,0.044128384393034674,149,67,47520,48678,2086,1121,0,0,0,0,0,0,95991,0,0,47,0,0,0,0,0,0,0,3943,0,0,0,0,0,0
224,68,225.20620279486258,99981,230,130,11,4,2906,1550,0.0445684680089217,155,69,47494,48670,2108,1125,0,0,0,0,0,0,95948,0,0,48,0,0,0,0,0,0,0,3985,0,0,0,0,0,0
225,68,226.2333866092782,99981,227,133,11,4,2942,1566,0.04508856682769726,163,68,47460,48658,2137,1135,0,0,0,0,0,0,95898,0,0,50,0,0,0,0,0,0,0,4033,0,0,0,0,0,0
226,68,227.26119389201247,99981,245,128,11,4,2988,1579,0.04567867894900031,159,75,47425,48642,2158,1149,0,0,0,0,0,0,95854,0,0,52,0,0,0,0,0,0,0,4075,0,0,0,0,0,0
227,68,228.28964177205015,99981,246,134,11,4,3028,1595,0.04623878536922015,161,80,47394,48625,2186,1155,0,0,0,0,0,0,95805,0,0,52,0,0,0,0,0,0,0,4124,0,0,0,0,0,0
228,68,229.31869188599057,99980,253,134,12,4,3067,1616,0.04683936787357471,156,78,47367,48610,2210,1172,0,0,0,0,0,0,95752,0,0,52,0,0,0,0,0,0,0,4176,0,0,0,0,0,0
229,68,230.005053088358,99980,254,135,12,4,3094,1631,0.04725945189037808,155,83,47345,48593,2232,1183,0,0,0,0,0,0,95713,0,0,53,0,0,0,0,0,0,0,4214,0,0,0,0,0,0
230,68,231.0351003239254,99980,270,139,12,4,3135,1650,0.04785957191438288,148,78,47317,48585,2251,1192,0,0,0,0,0,0,95675,0,0,55,0,0,0,0,0,0,0,4250,0,0,0,0,0,0
231,68,232.06568221859715,99980,268,146,12,4,3174,1670,0.048449689937987594,139,83,47295,48563,2284,1202,0,0,0,0,0,0,95622,0,0,54,1,0,0,0,0,0,0,4303,0,0,0,0,0,0
232,68,233.09679405965608,99980,256,151,12,4,3210,1693,0.04903980796159232,137,81,47276,48546,2317,1216,0,0,0,0,0,0,95558,0,0,56,1,0,0,0,0,0,0,4365,0,0,0,0,0,0
233,68,234.12840610235133,99978,267,150,14,4,3251,1711,0.04963091880213647,137,84,47243,48528,2337,1232,0,0,0,0,0,0,95510,0,0,57,1,0,0,0,0,0,0,4410,0,0,0,0,0,0
234,68,235.16062448944137,99978,266,140,14,4,3288,1727,0.05016103542779411,149,88,47202,48515,2367,1251,0,0,0,0,0,0,95450,0,0,61,1,0,0,0,0,0,0,4466,0,0,0,0,0,0
235,68,236.19366555578753,99978,265,145,14,4,3326,1749,0.050761167456840506,161,81,47164,48504,2394,1264,0,0,0,0,0,0,95394,0,0,61,1,0,0,0,0,0,0,4522,0,0,0,0,0,0
236,68,237.22746002911268,99978,280,149,14,4,3376,1769,0.05146132149072796,156,86,47129,48486,2419,1273,0,0,0,0,0,0,95345,0,0,63,1,0,0,0,0,0,0,4569,0,0,0,0,0,0
237,68,238.26182462587303,99977,280,151,15,4,3422,1791,0.05214199265831141,146,85,47107,48472,2450,1286,0,0,0,0,0,0,95281,0,0,65,1,0,0,0,0,0,0,4630,0,0,0,0,0,0
238,68,239.29679155171942,99977,274,148,15,4,3463,1809,0.05273212838952959,140,93,47084,48452,2485,1301,0,0,0,0,0,0,95213,0,0,65,1,0,0,0,0,0,0,4698,0,0,0,0,0,0
239,68,240.33234068929573,99977,265,155,15,4,3497,1836,0.053342268721806016,150,84,47044,48436,2524,1319,0,0,0,0,0,0,95158,0,0,73,1,0,0,0,0,0,0,4745,0,0,0,0,0,0
240,68,241.02319695432027,99977,274,157,15,4,3528,1852,0.05381237684667473,153,80,47016,48426,2540,1331,0,0,0,0,0,0,95124,0,0,75,1,0,0,0,0,0,0,4777,0,0,0,0,0,0
241,68,242.0601342982833,99977,281,156,15,4,3572,1873,0.05446252638106765,156,89,46973,48403,2573,1346,0,0,0,0,0,0,95066,0,0,76,1,0,0,0,0,0,0,4834,0,0,0,0,0,0
242,68,243.09786584867393,99976,285,164,16,4,3613,1901,0.05515323677682644,157,90,46942,48378,2598,1362,0,0,0,0,0,0,95010,0,0,77,1,0,0,0,0,0,0,4888,0,0,0,0,0,0
243,68,244.13624723973822,99976,288,160,16,4,3653,1928,0.055823397615427706,166,81,46903,48364,2625,1389,0,0,0,0,0,0,94944,0,0,79,1,0,0,0,0,0,0,4952,0,0,0,0,0,0
244,68,245.1754153483363,99976,299,162,16,4,3704,1952,0.056573577658638075,165,74,46860,48350,2658,1408,0,0,0,0,0,0,94884,0,0,81,1,0,0,0,0,0,0,5010,0,0,0,0,0,0
245,68,246.21541157552565,99976,303,157,16,4,3747,1974,0.05722373369608706,173,84,46823,48326,2683,1427,0,0,0,0,0,0,94818,0,0,81,1,0,0,0,0,0,0,5076,0,0,0,0,0,0
246,68,247.25606409538568,99976,310,151,16,4,3788,1996,0.05785388493238377,174,88,46799,48306,2699,1449,0,0,0,0,0,0,94756,0,0,81,1,0,0,0,0,0,0,5138,0,0,0,0,0,0
247,68,248.2972281738694,99976,291,150,16,4,3820,2022,0.05843402416579979,196,85,46752,48290,2743,1469,0,0,0,0,0,0,94680,0,0,83,1,0,0,0,0,0,0,5212,0,0,0,0,0,0
248,68,249.3393684590727,99976,287,134,16,4,3861,2040,0.05902416579979195,195,86,46721,48277,2779,1497,0,0,0,0,0,0,94604,0,0,86,1,0,0,0,0,0,0,5285,0,0,0,0,0,0
249,68,250.034623466941,99976,299,139,16,4,3895,2061,0.05957429783147956,189,78,46697,48266,2797,1511,0,0,0,0,0,0,94568,0,0,88,1,0,0,0,0,0,0,5319,0,0,0,0,0,0
250,68,251.0780886082834,99974,311,130,17,5,3948,2079,0.06028567427531158,186,84,46659,48247,2825,1532,0,0,0,0,0,0,94503,0,0,91,1,0,0,0,0,0,0,5379,0,0,0,0,0,0
251,68,252.12233852231387,99974,304,124,17,5,4009,2097,0.06107587972872947,173,93,46629,48229,2875,1547,0,0,0,0,0,0,94412,0,0,92,1,0,0,0,0,0,0,5469,0,0,0,0,0,0
252,68,253.16744401489655,99974,299,135,17,5,4054,2126,0.06181607217876648,167,89,46601,48213,2914,1556,0,0,0,0,0,0,94347,0,0,95,1,0,0,0,0,0,0,5531,0,0,0,0,0,0
253,68,254.2133258235065,99974,310,140,17,5,4109,2148,0.06258627243083202,152,97,46570,48189,2949,1567,0,0,0,0,0,0,94287,0,0,96,1,0,0,0,0,0,0,5590,0,0,0,0,0,0
254,68,255.25983242043833,99974,317,147,17,5,4164,2181,0.06346650129033549,146,88,46536,48173,2982,1585,0,0,0,0,0,0,94216,0,0,99,1,0,0,0,0,0,0,5658,0,0,0,0,0,0
255,68,256.3070223906537,99974,311,152,17,5,4206,2211,0.06418668853902014,151,79,46504,48161,3015,1601,0,0,0,0,0,0,94146,0,0,102,1,0,0,0,0,0,0,5725,0,0,0,0,0,0
256,68,257.0055673178824,99974,296,146,17,5,4230,2226,0.064576789965391,160,87,46481,48148,3044,1612,0,0,0,0,0,0,94090,0,0,106,1,0,0,0,0,0,0,5777,0,0,0,0,0,0
257,68,258.0541500203755,99974,292,155,17,5,4285,2253,0.06539700322083741,163,82,46437,48134,3089,1622,0,0,0,0,0,0,94016,0,0,109,1,0,0,0,0,0,0,5848,0,0,0,0,0,0
258,68,259.1036842835106,99973,294,159,18,5,4327,2279,0.0660778410170746,175,82,46396,48114,3115,1638,0,0,0,0,0,0,93956,0,0,111,1,0,0,0,0,0,0,5905,0,0,0,0,0,0
259,68,260.1540013680589,99973,288,167,18,5,4373,2305,0.06679803546957679,192,84,46347,48092,3153,1650,0,0,0,0,0,0,93889,0,0,114,1,0,0,0,0,0,0,5969,0,0,0,0,0,0
260,68,261.2052478951938,99973,285,161,18,5,4420,2329,0.06750822722134976,180,79,46322,48083,3193,1670,0,0,0,0,0,0,93811,0,0,116,1,0,0,0,0,0,0,6045,0,0,0,0,0,0
261,68,262.25728878668735,99973,286,153,18,5,4466,2347,0.06814840006801837,178,83,46293,48068,3223,1689,0,0,0,0,0,0,93742,0,0,118,1,0,0,0,0,0,0,6112,0,0,0,0,0,0
262,68,263.30997933344065,99973,286,157,18,5,4507,2366,0.06874856211177018,170,90,46275,48048,3249,1698,0,0,0,0,0,0,93691,0,0,123,1,0,0,0,0,0,0,6158,0,0,0,0,0,0
263,68,264.0120166286255,99973,279,155,18,5,4535,2375,0.06911866203875046,169,96,46255,48037,3277,1705,0,0,0,0,0,0,93648,0,0,126,1,0,0,0,0,0,0,6198,0,0,0,0,0,0
264,68,265.0657325826749,99973,282,162,18,5,4582,2402,0.06985886189271104,166,87,46226,48022,3306,1722,0,0,0,0,0,0,93586,0,0,128,1,0,0,0,0,0,0,6258,0,0,0,0,0,0
265,68,266.12015097180773,99973,277,168,18,5,4622,2431,0.07054904824302562,155,89,46205,47997,3343,1739,0,0,0,0,0,0,93520,0,0,130,1,0,0,0,0,0,0,6322,0,0,0,0,0,0
266,68,267.175169430743,99973,282,159,18,5,4663,2451,0.07115921298750663,157,99,46175,47978,3366,1757,0,0,0,0,0,0,93455,0,0,130,1,0,0,0,0,0,0,6387,0,0,0,0,0,0
267,68,268.2308052773553,99973,270,168,18,5,4705,2479,0.0718594020385504,163,93,46146,47962,3401,1770,0,0,0,0,0,0,93386,0,0,134,1,0,0,0,0,0,0,6452,0,0,0,0,0,0
268,68,269.2871353301831,99973,267,168,18,5,4746,2502,0.072499574885219,172,98,46103,47947,3438,1780,0,0,0,0,0,0,93322,0,0,137,1,0,0,0,0,0,0,6513,0,0,0,0,0,0
269,68,270.3442049347592,99973,277,164,18,5,4790,2520,0.07311974233042921,167,104,46085,47927,3451,1798,0,0,0,0,0,0,93268,0,0,139,1,0,0,0,0,0,0,6565,0,0,0,0,0,0
270,68,271.04919047877644,99973,274,156,18,5,4815,2540,0.07356986386324307,168,95,46065,47920,3473,1822,0,0,0,0,0,0,93212,0,0,139,1,0,0,0,0,0,0,6621,0,0,0,0,0,0
271,68,272.1073113283574,99973,276,145,18,5,4862,2563,0.07427005291428686,164,104,46034,47893,3506,1851,0,0,0,0,0,0,93137,0,0,143,1,0,0,0,0,0,0,6692,0,0,0,0,0,0
272,68,273.16619216942377,99973,287,156,18,5,4913,2590,0.07505026357116422,168,101,45999,47877,3526,1859,0,0,0,0,0,0,93085,0,0,147,1,0,0,0,0,0,0,6740,0,0,0,0,0,0
273,68,274.2256786284782,99973,303,158,18,5,4963,2624,0.07589049043241675,162,92,45971,47859,3544,1884,0,0,0,0,0,0,93021,0,0,149,1,0,0,0,0,0,0,6802,0,0,0,0,0,0
274,68,275.2856821434933,99973,315,164,18,5,5009,2650,0.07661068488491893,173,97,45932,47840,3560,1892,0,0,0,0,0,0,92972,0,0,154,1,0,0,0,0,0,0,6846,0,0,0,0,0,0
275,68,276.34625914977687,99973,305,167,18,5,5053,2680,0.0773508847388795,171,93,45908,47818,3596,1915,0,0,0,0,0,0,92895,0,0,158,1,0,0,0,0,0,0,6919,0,0,0,0,0,0
276,68,277.0536950701766,99973,294,167,18,5,5078,2700,0.07780100627169335,172,96,45892,47799,3622,1931,0,0,0,0,0,0,92840,0,0,159,1,0,0,0,0,0,0,6973,0,0,0,0,0,0
277,68,278.11551857987257,99973,289,165,18,5,5128,2725,0.07855120882638313,180,93,45847,47784,3664,1951,0,0,0,0,0,0,92763,0,0,164,1,0,0,0,0,0,0,7045,0,0,0,0,0,0
278,68,279.17830929172897,99972,285,168,19,5,5175,2752,0.07929220181650862,175,87,45822,47769,3697,1969,0,0,0,0,0,0,92691,0,0,167,1,0,0,0,0,0,0,7113,0,0,0,0,0,0
279,68,280.2418533648288,99972,288,162,19,5,5217,2770,0.0798923698635618,183,89,45789,47758,3719,1984,0,0,0,0,0,0,92631,0,0,170,1,0,0,0,0,0,0,7170,0,0,0,0,0,0
280,68,281.30596734281653,99971,296,164,19,6,5267,2796,0.08065338948295006,186,92,45754,47735,3743,2001,0,0,0,0,0,0,92569,0,0,174,1,0,0,0,0,0,0,7227,0,0,0,0,0,0
281,68,282.01574077278104,99970,313,171,20,6,5310,2814,0.08126437931379414,175,92,45727,47726,3763,2003,0,0,0,0,0,0,92532,0,0,174,1,0,0,0,0,0,0,7263,0,0,0,0,0,0
282,68,283.0811093768178,99970,295,167,20,6,5353,2836,0.0819145743723117,183,104,45685,47700,3815,2021,0,0,0,0,0,0,92450,0,0,179,1,0,0,0,0,0,0,7340,0,0,0,0,0,0
283,68,284.1474550047059,99970,306,182,20,6,5405,2875,0.08282484745423627,189,96,45650,47678,3833,2036,0,0,0,0,0,0,92391,0,0,185,1,0,0,0,0,0,0,7393,0,0,0,0,0,0
284,68,285.2145101209096,99970,314,180,20,6,5459,2904,0.0836550965289587,185,86,45616,47666,3863,2060,0,0,0,0,0,0,92321,0,0,190,2,0,0,0,0,0,0,7457,0,0,0,0,0,0
285,68,286.282346256011,99968,316,161,21,7,5508,2923,0.08433698783610756,189,88,45576,47652,3896,2090,0,0,0,0,0,0,92238,0,0,192,2,0,0,0,0,0,0,7536,0,0,0,0,0,0
286,68,287.35109784030226,99968,330,156,21,7,5567,2946,0.08515725032010243,176,95,45547,47635,3924,2105,0,0,0,0,0,0,92170,0,0,197,2,0,0,0,0,0,0,7599,0,0,0,0,0,0
287,68,288.06399895927575,99968,315,156,21,7,5593,2958,0.08553737195902689,176,101,45527,47625,3959,2109,0,0,0,0,0,0,92121,0,0,201,2,0,0,0,0,0,0,7644,0,0,0,0,0,0
288,68,289.1340231694825,99968,312,159,21,7,5637,2983,0.0862275928297055,182,106,45494,47605,3989,2121,0,0,0,0,0,0,92055,0,0,204,2,0,0,0,0,0,0,7707,0,0,0,0,0,0
289,68,290.2047537514908,99968,316,164,21,7,5685,3018,0.08705785851472471,185,94,45468,47591,4008,2142,0,0,0,0,0,0,91987,0,0,210,2,0,0,0,0,0,0,7769,0,0,0,0,0,0
290,68,291.2760718433527,99967,308,158,22,7,5735,3037,0.08774895715586144,189,101,45431,47576,4048,2156,0,0,0,0,0,0,91907,0,0,210,3,0,0,0,0,0,0,7847,0,0,0,0,0,0
291,68,292.3482103491034,99966,294,147,23,7,5780,3057,0.08840005601904648,190,107,45405,47558,4086,2179,0,0,0,0,0,0,91822,0,0,215,3,0,0,0,0,0,0,7926,0,0,0,0,0,0
292,68,293.0634641299107,99966,297,149,23,7,5812,3080,0.0889502430826481,189,104,45382,47542,4107,2196,0,0,0,0,0,0,91774,0,0,217,3,0,0,0,0,0,0,7972,0,0,0,0,0,0
293,68,294.1369189454499,99966,302,161,23,7,5861,3109,0.08973050837284677,194,98,45354,47531,4125,2201,0,0,0,0,0,0,91716,0,0,218,4,0,0,0,0,0,0,8028,0,0,0,0,0,0
294,68,295.2110661633623,99966,306,159,23,7,5912,3129,0.09044074985495068,202,107,45319,47511,4148,2214,0,0,0,0,0,0,91655,0,0,226,4,0,0,0,0,0,0,8081,0,0,0,0,0,0
295,68,296.28571340422377,99966,314,163,23,7,5960,3152,0.0911509913370546,195,112,45297,47491,4169,2225,0,0,0,0,0,0,91601,0,0,231,4,0,0,0,0,0,0,8130,0,0,0,0,0,0
296,68,297.0024125287096,99966,306,175,23,7,5994,3175,0.09172118520296901,192,109,45277,47475,4200,2232,0,0,0,0,0,0,91553,0,0,236,4,0,0,0,0,0,0,8173,0,0,0,0,0,0
297,68,298.07814613990615,99966,321,182,23,7,6048,3207,0.09258147770241883,190,104,45240,47454,4224,2251,0,0,0,0,0,0,91492,0,0,239,4,0,0,0,0,0,0,8231,0,0,0,0,0,0
298,68,299.1545851160213,99966,333,182,23,7,6104,3236,0.09343176680071225,182,105,45208,47431,4252,2273,0,0,0,0,0,0,91420,0,0,240,4,0,0,0,0,0,0,8302,0,0,0,0,0,0
299,68,300.2317907883988,99966,345,192,23,7,6170,3268,0.09441210011403878,179,99,45155,47417,4296,2283,0,0,0,0,0,0,91348,0,0,244,4,0,0,0,0,0,0,8370,0,0,0,0,0,0
300,68,301.31001748845375,99966,337,177,23,7,6216,3285,0.09504231438689155,176,115,45125,47392,4337,2307,0,0,0,0,0,0,91264,0,0,246,4,0,0,0,0,0,0,8452,0,0,0,0,0,0
301,68,302.0293302788723,99966,333,173,23,7,6247,3301,0.09551247424124203,193,121,45082,47379,4367,2318,0,0,0,0,0,0,91214,0,0,251,4,0,0,0,0,0,0,8497,0,0,0,0,0,0
302,68,303.1091829291718,99966,329,189,23,7,6292,3341,0.09636276333953545,204,107,45050,47368,4392,2327,0,0,0,0,0,0,91145,0,0,255,4,0,0,0,0,0,0,8562,0,0,0,0,0,0
303,68,304.18985282663937,99966,322,193,23,7,6340,3369,0.09712302182742133,206,109,45021,47344,4426,2345,0,0,0,0,0,0,91071,0,0,260,4,0,0,0,0,0,0,8631,0,0,0,0,0,0
304,68,305.27126052158445,99966,323,180,23,7,6389,3391,0.09783326330952524,207,114,44992,47321,4453,2376,0,0,0,0,0,0,90991,0,0,263,4,0,0,0,0,0,0,8708,0,0,0,0,0,0
305,68,306.35342033477485,99966,324,175,23,7,6441,3420,0.09864353880319308,207,109,44961,47308,4483,2399,0,0,0,0,0,0,90911,0,0,268,4,0,0,0,0,0,0,8783,0,0,0,0,0,0
306,68,307.0753250022362,99966,309,180,23,7,6468,3445,0.09916371566332553,222,102,44937,47295,4507,2414,0,0,0,0,0,0,90852,0,0,271,4,0,0,0,0,0,0,8839,0,0,0,0,0,0
307,68,308.1588365716772,99966,340,177,23,7,6544,3464,0.10011403877318288,198,102,44905,47284,4532,2428,0,0,0,0,0,0,90786,0,0,272,4,0,0,0,0,0,0,8904,0,0,0,0,0,0
308,68,309.2430213375269,99966,345,184,23,7,6604,3493,0.10100434147610188,189,103,44876,47269,4565,2435,0,0,0,0,0,0,90712,0,0,275,4,0,0,0,0,0,0,8975,0,0,0,0,0,0
309,68,310.32783533621034,99966,341,179,23,7,6655,3520,0.10178460676630054,186,108,44857,47245,4591,2459,0,0,0,0,0,0,90633,0,0,283,4,0,0,0,0,0,0,9046,0,0,0,0,0,0
310,68,311.051331053934,99966,330,189,23,7,6681,3538,0.10222475641718184,185,113,44840,47230,4620,2459,0,0,0,0,0,0,90588,0,0,283,4,0,0,0,0,0,0,9091,0,0,0,0,0,0
311,68,312.1371767506109,99966,320,175,23,7,6724,3561,0.10288498089350379,198,121,44799,47210,4658,2485,0,0,0,0,0,0,90508,0,0,293,4,0,0,0,0,0,0,9161,0,0,0,0,0,0
312,68,313.22403282624015,99966,309,184,23,7,6776,3593,0.10372526659064082,200,116,44764,47194,4702,2497,0,0,0,0,0,0,90429,0,0,300,4,0,0,0,0,0,0,9233,0,0,0,0,0,0
313,68,314.3118144985474,99966,323,183,23,7,6842,3622,0.10467558970049817,195,111,44727,47179,4730,2518,0,0,0,0,0,0,90352,0,0,305,4,0,0,0,0,0,0,9305,0,0,0,0,0,0
314,68,315.0374934551384,99966,328,184,23,7,6874,3644,0.1052157733629434,196,111,44705,47164,4746,2532,0,0,0,0,0,0,90309,0,0,308,5,0,0,0,0,0,0,9344,0,0,0,0,0,0
315,68,316.12667885664405,99966,323,184,23,7,6922,3674,0.10599603865314207,220,110,44652,47145,4780,2552,0,0,0,0,0,0,90229,0,0,311,5,0,0,0,0,0,0,9421,0,0,0,0,0,0
316,68,317.21688682803716,99966,330,171,23,7,6987,3692,0.1068263209491227,202,111,44624,47142,4819,2567,0,0,0,0,0,0,90142,0,0,313,5,0,0,0,0,0,0,9506,0,0,0,0,0,0
317,68,318.3079879542641,99965,347,175,24,7,7050,3721,0.10774771169909468,202,117,44581,47123,4844,2576,0,0,0,0,0,0,90076,0,0,316,6,0,0,0,0,0,0,9567,0,0,0,0,0,0
318,68,319.03581597841094,99965,352,181,24,7,7093,3742,0.10838793577752213,189,116,44562,47111,4871,2583,0,0,0,0,0,0,90026,0,0,319,6,0,0,0,0,0,0,9614,0,0,0,0,0,0
319,68,320.1282362577604,99965,353,188,24,7,7154,3774,0.10931826139148702,191,107,44518,47097,4911,2598,1,1,1,1,0,0,89942,0,0,322,6,0,0,0,0,0,2,9693,0,0,0,0,0,0
320,68,321.22159634436167,99965,349,187,24,7,7205,3794,0.11002850997849248,201,112,44486,47084,4936,2606,2,2,2,2,0,0,89871,0,0,329,6,0,0,0,0,0,4,9755,0,0,0,0,0,0
321,68,322.13915315872777,99965,347,183,24,7,7243,3815,0.11061871655079278,202,114,44454,47065,4968,2626,3,3,3,3,0,0,89808,0,0,333,6,0,0,0,0,0,6,9812,0,0,0,0,0,0
322,68,323.34711076432205,99965,345,182,24,7,7307,3845,0.1115590456659831,190,110,44432,47047,5003,2648,4,4,4,4,0,0,89715,0,0,338,6,0,0,0,0,0,7,9898,1,0,0,0,0,0
323,68,324.0032742265389,99964,340,185,25,7,7348,3871,0.11223040294506022,182,102,44407,47035,5038,2663,6,6,6,6,0,0,89647,0,0,342,6,0,0,0,0,0,10,9957,2,0,0,0,0,0
324,68,325.06020939130093,99963,341,182,26,7,7381,3894,0.11279173294118824,192,103,44383,47017,5048,2681,8,8,8,8,0,0,89590,0,0,343,7,0,0,0,0,0,12,10007,4,0,0,0,0,0
325,68,326.00511290038736,99963,333,184,26,7,7424,3919,0.1134719846343147,183,105,44370,47001,5076,2690,10,11,11,10,0,0,89517,0,0,349,7,0,0,0,0,0,17,10069,4,0,0,0,0,0
326,68,327.0665367263878,99963,334,174,26,7,7463,3938,0.11405219931374609,188,114,44339,46980,5098,2709,13,14,14,13,0,0,89447,0,0,351,7,0,0,0,0,0,22,10131,5,0,0,0,0,0
327,68,328.0303847602647,99962,341,181,27,7,7503,3972,0.11479362157619896,190,103,44313,46964,5111,2725,16,18,18,16,0,0,89386,0,0,355,7,0,0,0,0,0,27,10180,7,0,0,0,0,0
328,68,329.00013889882916,99962,347,184,27,7,7549,3999,0.11552389908165103,203,92,44267,46951,5134,2741,20,23,23,20,0,0,89321,0,0,360,8,0,0,0,0,0,35,10230,8,0,0,0,0,0
329,68,330.057081719695,99962,342,181,27,7,7602,4022,0.11628418799143675,209,101,44221,46921,5175,2759,24,29,29,24,0,0,89238,0,0,370,8,0,0,0,0,0,44,10293,9,0,0,0,0,0
330,68,331.1709655621336,99962,355,184,27,7,7674,4062,0.11740461375322622,219,97,44161,46895,5207,2779,29,36,36,29,0,0,89139,0,0,377,8,0,0,0,0,0,54,10373,11,0,0,0,0,0
331,68,332.2729387579173,99962,357,190,27,7,7747,4096,0.11847502050779296,203,103,44117,46860,5260,2794,34,44,44,35,0,0,89038,0,0,387,8,0,0,0,0,0,66,10450,13,0,0,0,0,0
332,68,333.0082023271211,99961,374,186,27,8,7795,4115,0.11914646712217765,197,101,44096,46845,5264,2805,40,53,53,41,0,0,88979,0,0,392,8,0,0,0,0,0,76,10488,18,0,0,0,0,0
333,68,334.1118176191326,99961,358,185,27,8,7842,4147,0.11993677534238353,208,95,44052,46824,5307,2823,46,63,63,48,0,0,88874,0,0,399,8,0,0,0,0,0,92,10569,19,0,0,0,0,0
334,68,335.2165509570644,99961,357,181,27,8,7896,4167,0.12067706405498144,206,106,44016,46796,5339,2834,53,73,74,56,0,0,88781,0,0,402,9,0,0,0,0,0,111,10639,19,0,0,0,0,0
335,68,336.3222105428233,99960,353,184,28,8,7948,4192,0.12144857943177272,215,111,43971,46761,5371,2849,60,85,86,64,0,0,88689,0,0,406,9,0,0,0,0,0,129,10706,21,0,0,0,0,0
336,68,337.0598764377514,99960,347,179,28,8,7989,4211,0.12204881952781113,205,110,43947,46740,5402,2863,69,98,100,73,0,0,88601,0,0,410,9,0,0,0,0,0,150,10767,23,0,0,0,0,0
337,68,338.16729353562806,99960,359,181,28,8,8051,4238,0.1229391756702681,196,112,43914,46703,5423,2881,78,113,115,83,0,0,88511,0,0,415,10,0,0,0,0,0,171,10827,26,0,0,0,0,0
338,68,339.27547887728076,99960,356,189,28,8,8108,4272,0.12384953981592638,184,113,43890,46658,5451,2901,89,129,132,94,0,0,88407,0,0,419,11,0,0,0,0,0,194,10899,30,0,0,0,0,0
339,68,340.01471720195747,99959,349,180,29,8,8144,4287,0.12436098800508208,185,118,43852,46628,5482,2917,101,147,150,106,0,0,88317,0,0,425,11,0,0,0,0,0,223,10952,31,0,0,0,0,0
340,68,341.12470170498256,99957,324,178,30,9,8185,4314,0.12504376882059284,187,122,43831,46589,5514,2936,112,164,170,118,0,0,88201,0,0,432,12,0,0,0,0,0,253,11026,33,0,0,0,0,0
341,68,342.2355293347196,99957,330,184,30,9,8236,4347,0.12588413017597566,184,121,43796,46551,5533,2949,125,184,191,131,0,0,88101,0,0,435,12,0,0,0,0,0,284,11089,36,0,0,0,0,0
342,68,343.3471608557794,99957,320,180,30,9,8288,4374,0.12667447002210952,188,115,43756,46518,5565,2970,139,206,214,145,0,0,87985,0,0,444,13,0,0,0,0,0,317,11159,39,0,0,0,0,0
343,68,344.0888934420247,99957,309,178,30,9,8315,4390,0.12710465500165072,194,112,43718,46488,5593,2980,154,231,239,160,0,0,87895,0,0,448,13,0,0,0,0,0,355,11205,41,0,0,0,0,0
344,68,345.2027181712107,99957,296,186,30,9,8363,4424,0.12792500775333393,189,114,43691,46442,5622,2992,170,255,266,176,0,0,87775,0,0,449,14,0,0,0,0,0,391,11280,48,0,0,0,0,0
345,68,346.31748457253974,99956,299,192,31,9,8413,4456,0.12874664852535114,181,102,43656,46408,5644,3004,187,283,295,193,0,0,87667,0,0,454,14,0,0,0,0,0,431,11336,54,0,0,0,0,0
346,68,347.0611506485191,99956,300,186,31,9,8447,4478,0.12930689503381487,180,90,43622,46378,5660,3021,205,314,326,211,0,0,87570,0,0,459,14,0,0,0,0,0,472,11379,62,0,0,0,0,0
347,68,348.1777363390409,99956,312,185,31,9,8496,4506,0.1300772339829525,184,85,43578,46333,5670,3039,223,347,359,230,0,0,87465,0,0,464,15,0,0,0,0,0,517,11427,68,0,0,0,0,0
348,68,349.29535927420596,99956,312,178,31,9,8555,4529,0.1308975949417744,169,86,43542,46285,5702,3060,242,380,394,250,0,0,87335,0,0,472,15,0,0,0,0,0,566,11494,74,0,0,0,0,0
349,68,350.0410194027664,99955,302,171,32,9,8579,4539,0.13123905757590915,183,88,43502,46247,5717,3067,262,416,431,271,0,0,87232,0,0,475,15,0,0,0,0,0,621,11535,77,0,0,0,0,0
350,68,351.16069406790535,99955,320,165,32,9,8644,4568,0.13217948076634486,165,85,43464,46200,5734,3088,283,451,470,293,0,0,87102,0,0,482,15,0,0,0,0,0,676,11597,83,0,0,0,0,0
351,68,352.2814277988887,99954,331,141,32,10,8704,4582,0.13292114372611402,158,96,43414,46143,5758,3116,305,492,511,316,0,0,86968,0,0,488,15,0,0,0,0,0,729,11660,94,0,0,0,0,0
352,68,353.02929668128223,99954,329,136,32,10,8738,4599,0.13343137843407968,154,88,43384,46105,5770,3125,329,534,554,340,0,0,86857,0,0,493,15,0,0,0,0,0,787,11699,103,0,0,0,0,0
353,68,354.15215414569525,99954,326,127,32,10,8782,4613,0.13401164535686416,159,100,43346,46055,5783,3127,352,579,599,365,0,0,86730,0,0,498,15,0,0,0,0,0,849,11751,111,0,0,0,0,0
354,68,355.2759872221422,99954,329,136,32,10,8833,4638,0.13477199511775417,162,91,43305,46002,5794,3135,376,624,647,391,0,0,86605,0,0,501,16,0,0,0,0,0,914,11799,119,0,0,0,0,0
355,68,356.02573720844595,99954,327,136,32,10,8865,4655,0.13526222062148588,164,96,43259,45950,5813,3134,403,672,697,418,0,0,86494,0,0,510,16,0,0,0,0,0,983,11824,127,0,0,0,0,0
356,68,357.15174895154246,99954,327,143,32,10,8912,4684,0.1360225703823759,164,95,43211,45886,5835,3141,429,723,750,446,0,0,86356,0,0,513,18,0,0,0,0,0,1059,11876,132,0,0,0,0,0
357,68,358.2789990479554,99953,319,152,33,10,8952,4716,0.1367442698068092,168,89,43166,45820,5856,3152,456,775,805,475,0,0,86222,0,0,522,18,0,0,0,0,0,1131,11916,144,0,0,0,0,0
358,68,359.0311507148418,99953,312,158,33,10,8984,4736,0.1372645143217312,175,88,43123,45752,5873,3158,482,832,863,505,0,0,86096,0,0,526,19,0,0,0,0,0,1209,11950,153,0,0,0,0,0
359,68,360.1606870116755,99953,308,165,33,10,9030,4769,0.13805488579632427,182,76,43073,45686,5892,3172,510,889,923,536,0,0,85942,0,0,527,20,0,0,0,0,0,1289,12012,163,0,0,0,0,0
360,68,361.2915187211743,99953,308,157,33,10,9080,4789,0.138755214951027,170,77,43033,45622,5915,3182,539,950,986,568,0,0,85783,0,0,532,20,0,0,0,0,0,1375,12071,172,0,0,0,0,0
361,68,362.0460920574776,99953,301,156,33,10,9111,4807,0.13924544535931888,180,75,42975,45562,5937,3182,572,1013,1051,602,0,0,85652,0,0,542,20,0,0,0,0,0,1459,12093,187,0,0,0,0,0
362,68,363.1795949577786,99953,291,154,33,10,9149,4827,0.13982571808750113,197,72,42919,45496,5955,3191,603,1075,1119,637,0,0,85497,0,0,547,20,0,0,0,0,0,1549,12140,200,0,0,0,0,0
363,68,364.3146019302684,99953,298,147,33,10,9202,4850,0.14058607545546406,184,78,42875,45425,5975,3202,633,1136,1189,673,0,0,85335,0,0,551,21,0,0,0,0,0,1640,12192,214,0,0,0,0,0
364,68,365.07196610412376,99953,303,149,33,10,9234,4864,0.14104629175712585,185,77,42833,45355,5975,3198,669,1209,1262,710,0,0,85206,0,0,554,22,0,0,0,0,0,1735,12207,229,0,0,0,0,0
365,68,366.209262744564,99953,289,141,33,10,9286,4888,0.14180664912508878,183,76,42785,45278,6007,3213,701,1280,1338,748,0,0,85020,0,0,561,24,0,0,0,0,0,1833,12271,244,0,0,0,0,0
366,68,367.34808763385433,99953,297,141,33,10,9337,4913,0.14256700649305173,181,69,42728,45201,6020,3221,739,1356,1417,787,0,0,84853,0,0,567,24,0,0,0,0,0,1938,12314,257,0,0,0,0,0
367,68,368.1081056697656,99953,306,133,33,10,9368,4923,0.14297719928366331,182,72,42684,45120,6016,3229,777,1434,1498,828,0,0,84703,0,0,568,24,0,0,0,0,0,2049,12341,268,0,0,0,0,0
368,68,369.24944603892993,99953,310,132,33,10,9418,4940,0.14364751433173592,178,73,42627,45046,6034,3226,816,1511,1582,870,0,0,84529,0,0,570,27,0,0,0,0,0,2164,12387,276,0,0,0,0,0
369,68,370.0111713946849,99953,324,130,33,10,9459,4954,0.14419777295328803,162,69,42579,44971,6043,3226,857,1592,1669,913,0,0,84375,0,0,570,29,0,0,0,0,0,2277,12411,291,0,0,0,0,0
370,68,371.1553760987563,99952,305,145,34,10,9503,4983,0.14492956619177205,171,68,42512,44875,6079,3225,897,1675,1759,957,0,0,84186,0,0,577,29,0,0,0,0,0,2396,12458,306,0,0,0,0,0
371,68,372.3014455559515,99952,310,148,34,10,9557,5005,0.14568993116696013,157,59,42458,44793,6101,3227,938,1761,1852,1002,0,0,84004,0,0,586,29,0,0,0,0,0,2519,12493,321,0,0,0,0,0
372,68,373.066321198266,99952,315,144,34,10,9597,5016,0.14620017608452057,162,64,42397,44696,6111,3232,979,1852,1947,1049,0,0,83833,0,0,586,31,0,0,0,0,0,2643,12521,338,0,0,0,0,0
373,68,374.21544665961096,99952,313,142,34,10,9645,5037,0.1468905074435729,152,70,42352,44601,6122,3232,1025,1943,2045,1097,0,0,83646,0,0,589,35,0,0,0,0,0,2765,12558,359,0,0,0,0,0
374,68,375.3659578963118,99952,324,148,34,10,9688,5065,0.14760084840723547,159,68,42283,44501,6128,3237,1070,2034,2146,1146,0,0,83466,0,0,593,36,0,0,0,0,0,2896,12584,377,0,0,0,0,0
375,68,376.1338426882789,99952,331,145,34,10,9726,5076,0.1480910837201857,157,69,42236,44411,6124,3233,1116,2130,2250,1196,0,0,83297,0,0,596,37,0,0,0,0,0,3024,12596,402,0,0,0,0,0
376,68,377.2872323438244,99952,334,147,34,10,9776,5100,0.14883143909076357,161,78,42169,44306,6135,3228,1165,2229,2357,1248,0,0,83096,0,0,597,39,0,0,0,0,0,3159,12637,424,0,0,0,0,0
377,68,378.0570424164278,99952,332,149,34,10,9807,5116,0.14930166479910356,161,81,42117,44205,6141,3222,1213,2331,2467,1301,0,0,82916,0,0,602,39,0,0,0,0,0,3297,12649,449,0,0,0,0,0
378,68,379.213470077164,99952,339,139,34,10,9861,5137,0.15005202497198655,156,80,42056,44103,6151,3230,1262,2436,2580,1355,0,0,82696,0,0,610,39,0,0,0,0,0,3447,12694,466,0,0,0,0,0
379,68,380.3715739075944,99952,325,142,34,10,9901,5161,0.15069233231951337,165,74,41997,44003,6165,3228,1312,2541,2695,1410,0,0,82486,0,0,616,41,0,0,0,0,0,3590,12728,491,0,0,0,0,0
380,68,381.14463806393906,99952,320,141,34,10,9935,5177,0.1511925724347687,163,75,41944,43893,6173,3226,1364,2653,2813,1467,0,0,82289,0,0,624,42,0,0,0,0,0,3740,12742,515,0,0,0,0,0
381,68,382.3060966049753,99952,316,135,34,10,9980,5197,0.1518428845846006,175,74,41866,43787,6189,3228,1418,2764,2934,1525,0,0,82075,0,0,637,42,0,0,0,0,0,3892,12764,542,0,0,0,0,0
382,68,383.08149000368365,99952,333,132,34,10,10023,5207,0.15237313910677125,169,78,41797,43680,6192,3219,1473,2879,3058,1584,0,0,81884,0,0,641,42,0,0,0,0,0,4048,12768,569,0,0,0,0,0
383,68,384.24689419898255,99952,328,134,34,10,10071,5235,0.15313350408195933,173,75,41723,43556,6218,3229,1522,2994,3185,1644,0,0,81645,0,0,650,42,0,0,0,0,0,4217,12811,587,0,0,0,0,0
384,68,385.02496333349677,99952,326,136,34,10,10103,5251,0.15361373459260444,168,73,41671,43442,6222,3225,1577,3112,3315,1705,0,0,81428,0,0,649,44,0,0,0,0,0,4387,12838,606,0,0,0,0,0
385,68,386.1939926254623,99952,351,135,34,10,10161,5272,0.15440411397470785,163,74,41600,43325,6217,3220,1633,3234,3448,1768,0,0,81209,0,0,654,44,0,0,0,0,0,4556,12856,633,0,0,0,0,0
386,68,387.3647664487297,99952,341,136,34,10,10211,5296,0.15514446934528572,160,81,41530,43198,6244,3214,1689,3359,3583,1832,0,0,80970,0,0,664,45,0,0,0,0,0,4723,12886,664,0,0,0,0,0
387,68,388.1463313908266,99952,337,142,34,10,10246,5316,0.15569473347206658,159,76,41476,43070,6243,3212,1749,3488,3721,1897,0,0,80750,0,0,670,46,0,0,0,0,0,4897,12897,692,0,0,0,0,0
388,68,389.3207546201483,99952,324,132,34,10,10283,5336,0.15626500720345765,176,76,41381,42952,6274,3219,1809,3609,3862,1963,0,0,80493,0,0,680,46,0,0,0,0,0,5084,12937,712,0,0,0,0,0
389,68,390.1051207977325,99952,307,128,34,10,10310,5347,0.1566451896910517,178,78,41314,42816,6292,3221,1873,3745,4006,2031,0,0,80256,0,0,682,48,1,0,0,0,0,5269,12959,737,0,0,0,0,0
390,68,391.2841847702853,99951,307,126,35,10,10360,5367,0.15734710007903874,180,81,41243,42687,6295,3223,1938,3871,4153,2100,0,0,80010,0,0,692,51,1,0,0,0,0,5456,12978,763,0,0,0,0,0
391,68,392.0713498581268,99951,315,127,35,10,10397,5384,0.1578873648087563,168,80,41179,42553,6298,3222,2003,4006,4302,2170,0,0,79778,0,0,698,51,1,0,0,0,0,5649,12985,789,0,0,0,0,0
392,68,393.2544602688702,99951,311,131,35,10,10456,5405,0.15868775700093046,160,72,41099,42421,6325,3218,2068,4146,4454,2241,0,0,79517,0,0,708,51,1,0,0,0,0,5840,13013,821,0,0,0,0,0
393,68,394.0445343603581,99951,303,131,35,10,10490,5416,0.15913797760902842,158,71,41024,42283,6344,3214,2134,4289,4609,2313,0,0,79269,0,0,711,55,1,0,0,0,0,6042,13031,842,0,0,0,0,0
394,68,395.23227071028487,99951,293,128,35,10,10535,5429,0.1597182619483547,158,85,40956,42155,6359,3197,2197,4423,4766,2387,0,0,79017,0,0,718,58,1,0,0,0,0,6233,13045,879,0,0,0,0,0
395,68,396.02526626584597,99951,287,123,35,10,10568,5444,0.1601984972636592,155,86,40880,42011,6375,3197,2266,4571,4926,2462,0,0,78763,0,0,719,60,1,0,0,0,0,6431,13063,914,0,0,0,0,0
396,68,397.2173608373225,99951,286,131,35,10,10615,5471,0.1609388600414203,146,78,40819,41870,6380,3193,2332,4716,5088,2538,0,0,78503,0,0,722,63,1,0,0,0,0,6631,13081,950,0,0,0,0,0
397,68,398.01321389918417,99951,287,126,35,10,10648,5481,0.1613690708447139,138,84,40760,41723,6379,3188,2399,4867,5253,2615,0,0,78248,0,0,723,67,1,0,0,0,0,6844,13093,975,0,0,0,0,0
398,68,399.2091752590485,99951,285,133,35,10,10696,5501,0.16204940420806194,140,83,40696,41578,6382,3172,2460,5022,5421,2693,0,0,77989,0,0,723,73,1,0,0,0,0,7046,13106,1013,0,0,0,0,0
399,68,400.0074895987927,99951,277,140,35,10,10718,5524,0.16249962481615993,143,79,40630,41430,6378,3167,2535,5172,5591,2773,0,0,77740,0,0,722,76,1,0,0,0,0,7252,13105,1055,0,0,0,0,0
400,68,401.2072436858512,99951,265,141,35,10,10759,5552,0.16318996308191014,138,75,40553,41287,6400,3165,2607,5320,5763,2854,0,0,77452,0,0,727,77,1,0,0,0,0,7466,13135,1093,0,0,0,0,0
401,68,402.00847599120465,99951,270,136,35,10,10793,5562,0.16363017878760594,138,81,40473,41130,6403,3158,2679,5483,5938,2936,0,0,77191,0,0,732,80,1,0,0,0,0,7691,13134,1122,0,0,0,0,0
402,68,403.21291146407975,99951,273,129,35,10,10846,5590,0.16444057588218228,122,79,40410,40982,6422,3162,2736,5636,6115,3019,0,0,76896,0,0,736,83,1,0,0,0,0,7908,13165,1162,0,0,0,0,0
403,68,404.0170397638801,99951,258,136,35,10,10871,5610,0.16489079649028024,119,75,40339,40818,6437,3157,2810,5802,6294,3103,0,0,76614,0,0,737,86,1,0,0,0,0,8141,13183,1189,0,0,0,0,0
404,68,405.2259970137547,99951,251,131,35,10,10902,5628,0.1653810367079869,130,75,40269,40663,6431,3154,2882,5965,6476,3188,0,0,76335,0,0,735,91,2,0,0,0,0,8364,13197,1227,0,0,0,0,0
405,68,406.0331642372026,99951,253,134,35,10,10936,5654,0.16598133085211753,126,72,40192,40510,6429,3145,2963,6127,6660,3275,0,0,76058,0,0,738,93,2,0,0,0,0,8591,13200,1269,0,0,0,0,0
406,68,407.24644534743686,99949,255,141,37,10,10973,5681,0.16662497873915696,129,69,40131,40359,6410,3136,3036,6283,6846,3363,0,0,75774,0,0,738,97,2,0,0,0,0,8824,13208,1306,0,0,0,0,0
407,68,408.0562956473338,99949,254,139,37,10,11005,5690,0.1670351879458524,120,76,40074,40197,6403,3124,3110,6452,7034,3452,0,0,75501,0,0,743,99,2,0,0,0,0,9060,13199,1345,0,0,0,0,0
408,68,409.2733365185925,99949,251,143,37,10,11046,5719,0.16773554512801528,122,68,39999,40038,6407,3123,3182,6616,7224,3542,0,0,75194,0,0,743,101,2,0,0,0,0,9300,13226,1383,0,0,0,0,0
409,68,410.08592595922545,99948,242,145,38,10,11077,5739,0.16824748869412096,116,57,39920,39870,6413,3125,3269,6791,7416,3633,0,0,74901,0,0,746,105,2,0,0,0,0,9542,13232,1420,0,0,0,0,0
410,68,411.30778991935125,99948,233,151,38,10,11107,5763,0.16878776964021291,123,60,39846,39710,6404,3116,3354,6951,7610,3725,0,0,74608,0,0,753,109,2,0,0,0,0,9789,13232,1455,0,0,0,0,0
411,68,412.1236231305725,99948,233,138,38,10,11130,5776,0.16914795693760756,120,59,39770,39551,6398,3119,3439,7121,7806,3818,0,0,74313,0,0,754,111,2,0,0,0,0,10038,13237,1493,0,0,0,0,0
412,68,413.35035965742776,99948,217,124,38,10,11169,5787,0.1696482170728779,126,63,39686,39400,6410,3115,3521,7286,8004,3912,0,0,73990,0,0,756,114,2,0,0,0,0,10286,13266,1534,0,0,0,0,0
413,68,414.169732723894,99948,217,127,38,10,11195,5805,0.1700884459919158,129,57,39605,39224,6406,3113,3603,7467,8204,4007,0,0,73704,0,0,757,116,2,0,0,0,0,10534,13256,1579,0,0,0,0,0
414,68,415.40165569352865,99947,217,121,39,10,11236,5822,0.1706704553413309,138,52,39527,39053,6396,3116,3681,7646,8406,4103,0,0,73396,0,0,763,119,3,0,0,0,0,10788,13260,1618,0,0,0,0,0
415,68,416.2243060037042,99947,215,119,39,10,11267,5831,0.1710706674537505,132,52,39450,38887,6392,3101,3770,7829,8609,4200,0,0,73100,0,0,766,121,3,0,0,0,0,11045,13253,1659,0,0,0,0,0
416,68,417.0485904577106,99947,226,124,39,10,11300,5847,0.17156092729146447,120,47,39380,38707,6378,3096,3855,8014,8814,4298,0,0,72810,0,0,769,122,3,0,0,0,0,11306,13237,1700,0,0,0,0,0
417,68,418.28766828520713,99947,220,114,39,10,11340,5862,0.1721112189460414,115,49,39302,38543,6385,3084,3937,8198,9021,4397,0,0,72490,0,0,778,123,3,0,0,0,0,11565,13242,1746,0,0,0,0,0
418,68,419.11515855500903,99947,229,106,39,10,11375,5869,0.17253144166408196,106,55,39228,38359,6378,3078,4018,8390,9229,4497,0,0,72187,0,0,782,125,3,0,0,0,0,11833,13233,1784,0,0,0,0,0
419,68,420.35927081258205,99946,228,112,39,11,11406,5896,0.17311348127989115,140,71,39113,38176,6370,3071,4108,8557,9439,4598,0,0,71863,11,0,788,127,3,0,0,0,0,12112,13228,1814,0,0,0,0,0
420,68,421.11463974563924,99946,241,105,39,11,11440,5905,0.1735437136053469,143,92,39012,37975,6363,3066,4200,8749,9650,4700,0,0,71561,44,2,786,130,3,0,0,0,0,12379,13185,1856,0,0,0,0,0
421,68,422.2509469169556,99946,243,104,39,11,11484,5929,0.174224081003742,159,94,38900,37802,6367,3066,4290,8921,9863,4803,0,0,71231,99,4,789,135,4,0,0,0,0,12652,13141,1891,0,0,0,0,0
422,68,423.010141776703,99946,226,116,39,11,11502,5950,0.17461429171752746,191,83,38786,37641,6376,3049,4380,9098,10077,4907,0,0,70921,135,7,791,138,4,0,0,0,0,12923,13095,1932,0,0,0,0,0
423,68,424.1524408243636,99946,244,127,39,11,11559,5984,0.17552478338302682,199,78,38684,37467,6374,3044,4458,9271,10292,5012,0,0,70587,189,10,795,139,4,0,0,0,0,13200,13051,1971,0,0,0,0,0
424,68,425.29756375458345,99946,257,126,39,11,11611,6005,0.17625517779600985,212,85,38571,37295,6374,3035,4545,9446,10508,5118,0,0,70256,241,13,799,140,5,0,0,0,0,13476,13005,2011,0,0,0,0,0
425,68,426.0626617802079,99946,261,127,39,11,11639,6026,0.17674544253897104,234,85,38467,37106,6356,3029,4641,9640,10725,5225,0,0,69952,272,18,806,141,5,0,0,0,0,13744,12947,2061,0,0,0,0,0
426,68,427.213671834967,99946,292,135,39,11,11712,6053,0.1777459828307286,231,89,38367,36922,6342,3025,4727,9816,10944,5333,0,0,69626,323,25,805,145,5,0,0,0,0,14012,12896,2109,0,0,0,0,0
427,68,428.36727135674045,99946,315,139,39,11,11783,6081,0.17873651771956856,231,101,38254,36733,6348,3019,4811,9995,11164,5441,0,0,69280,378,36,805,150,5,0,0,0,0,14292,12858,2142,0,0,0,0,0
428,68,429.1379232815002,99946,330,147,39,11,11828,6101,0.17938686890921096,235,112,38149,36551,6342,2993,4903,10184,11384,5550,0,0,68985,405,46,803,157,5,0,0,0,0,14550,12799,2196,0,0,0,0,0
429,68,430.2973375485003,99945,351,153,39,12,11898,6131,0.18038921406773725,244,119,38034,36378,6341,2978,4989,10358,11605,5660,0,0,68657,459,51,814,159,5,0,0,0,0,14818,12730,2252,0,0,0,0,0
430,68,431.0719537361752,99945,357,146,39,12,11949,6151,0.18109960478263046,267,134,37912,36182,6339,2984,5084,10540,11827,5771,0,0,68305,516,59,819,161,5,0,0,0,0,15105,12687,2288,0,0,0,0,0
431,68,432.23759307062915,99945,353,157,39,12,12009,6187,0.18206013307319024,313,141,37785,35982,6348,2983,5160,10723,12050,5883,0,0,67957,580,65,836,163,5,0,0,0,0,15383,12619,2337,0,0,0,0,0
432,68,433.01653853639095,99945,365,154,39,12,12069,6212,0.18291060083045674,319,146,37659,35788,6355,2986,5261,10912,12274,5995,0,0,67611,635,76,844,165,5,0,0,0,0,15663,12566,2380,0,0,0,0,0
433,68,434.1891608060852,99945,403,178,39,12,12164,6260,0.1843413877632698,322,142,37530,35600,6357,2977,5347,11089,12498,6108,0,0,67265,693,86,855,167,5,0,0,0,0,15941,12506,2427,0,0,0,0,0
434,68,435.36525618144054,99945,428,187,39,12,12261,6305,0.1857621691930562,340,150,37380,35407,6377,2982,5434,11260,12723,6222,0,0,66902,769,100,867,172,5,0,0,0,0,16214,12441,2475,0,0,0,0,0
435,68,436.151569476198,99945,465,191,39,12,12343,6328,0.18681274701085598,336,160,37241,35209,6384,2970,5533,11456,12949,6337,0,0,66564,817,111,864,178,5,0,0,0,0,16493,12391,2522,0,0,0,0,0
436,68,437.33549273048834,99944,482,213,40,12,12452,6382,0.18844552949651805,345,159,37103,35013,6422,2968,5606,11633,13175,6452,0,0,66173,913,123,874,183,5,0,0,0,0,16775,12334,2564,0,0,0,0,0
437,68,438.12705977040594,99944,518,224,40,12,12531,6412,0.18953614023853357,344,157,36960,34833,6427,2950,5709,11822,13402,6568,0,0,65831,961,132,876,186,5,0,0,0,0,17060,12283,2610,0,0,0,0,0
438,68,439.3188990187028,99944,560,227,40,12,12638,6451,0.19099695829664612,366,186,36819,34627,6417,2956,5796,11990,13629,6685,0,0,65472,1033,148,884,189,6,0,0,0,0,17330,12219,2663,0,0,0,0,0
439,68,440.11551620651915,99943,576,233,41,12,12727,6488,0.19225958796514012,359,178,36669,34450,6461,2943,5892,12182,13856,6802,0,0,65114,1108,161,890,197,6,0,0,0,0,17599,12150,2718,0,0,0,0,0
440,68,441.3156626228324,99943,586,245,41,12,12843,6538,0.19392053470478174,371,179,36522,34254,6502,2954,5976,12354,14084,6920,0,0,64716,1206,183,906,203,7,0,0,0,0,17877,12088,2757,0,0,0,0,0
441,68,442.1183845740808,99943,592,255,41,12,12921,6579,0.19511121339163323,396,182,36367,34054,6532,2963,6070,12532,14312,7039,0,0,64340,1279,198,919,205,7,0,0,0,0,18165,12031,2799,0,0,0,0,0
442,68,443.32766061742456,99943,617,262,41,12,13048,6633,0.19692224568003763,405,185,36213,33876,6578,2976,6144,12687,14540,7158,0,0,63937,1384,217,935,212,7,0,0,0,0,18442,11966,2843,0,0,0,0,0
443,68,444.13647831202223,99942,654,271,42,12,13153,6672,0.1983650517300034,380,199,36079,33664,6606,2981,6237,12871,14768,7278,0,0,63574,1450,229,944,218,8,0,0,0,0,18725,11904,2890,0,0,0,0,0
444,68,445.3546633647589,99942,689,251,42,12,13283,6725,0.20019611374597265,398,217,35920,33474,6634,3019,6315,13025,14996,7398,0,0,63158,1570,255,958,224,8,0,0,0,0,18995,11836,2938,0,0,0,0,0
445,68,446.1694829078004,99942,692,276,42,12,13368,6777,0.20156690880710812,407,206,35780,33265,6677,3021,6400,13218,15224,7519,0,0,62775,1643,275,970,226,9,0,0,0,0,19285,11785,2974,0,0,0,0,0
446,68,447.39678675268163,99942,709,293,42,12,13485,6843,0.2033979708230774,454,216,35603,33060,6716,3035,6474,13382,15452,7641,0,0,62377,1743,308,976,234,9,0,0,0,0,19550,11725,3020,0,0,0,0,0
447,68,448.2179044789327,99942,713,298,42,12,13570,6889,0.20470873106401713,475,226,35459,32852,6744,3049,6565,13561,15680,7763,0,0,62003,1821,334,981,244,9,0,0,0,0,19819,11664,3067,0,0,0,0,0
448,68,449.042111595164,99941,714,311,42,13,13658,6932,0.2060215527161025,508,232,35309,32664,6773,3050,6652,13728,15908,7886,0,0,61637,1886,359,996,253,9,0,0,0,0,20092,11598,3111,0,0,0,0,0
449,68,450.28385340480287,99938,739,333,45,13,13805,7008,0.20825912065480598,534,244,35114,32463,6840,3065,6726,13880,16136,8009,0,0,61201,2008,388,1007,263,9,0,0,0,0,20373,11547,3142,0,0,0,0,0
450,68,451.1148782798862,99937,755,351,45,14,13923,7063,0.20999229514594195,508,243,34980,32255,6900,3073,6810,14062,16363,8133,0,0,60809,2090,415,1021,273,9,0,0,0,0,20652,11489,3179,0,0,0,0,0
451,68,452.3674092417847,99936,772,360,46,14,14079,7137,0.21229586935638808,515,273,34792,32052,6978,3094,6895,14205,16590,8257,0,0,60381,2220,450,1048,282,9,0,0,0,0,20914,11407,3225,0,0,0,0,0
452,68,453.2058145518368,99935,765,373,47,14,14182,7192,0.21387902136388653,529,274,34625,31862,7041,3104,6991,14371,16817,8381,0,0,59972,2316,480,1062,292,9,0,0,0,0,21196,11353,3255,0,0,0,0,0
453,68,454.0480607323728,99934,779,374,47,15,14300,7250,0.21564232393379631,547,282,34462,31657,7093,3125,7070,14545,17044,8506,0,0,59560,2419,516,1080,293,9,0,0,0,0,21466,11291,3300,0,0,0,0,0
454,68,455.31829586590874,99934,796,392,47,15,14464,7332,0.21810394860608,563,296,34290,31458,7170,3140,7132,14697,17270,8631,0,0,59114,2562,558,1099,300,9,0,0,0,0,21727,11224,3341,0,0,0,0,0
455,68,456.1683221747867,99934,805,418,47,15,14578,7396,0.2198851241819601,565,292,34129,31278,7222,3146,7230,14849,17496,8757,0,0,58722,2652,587,1111,309,9,0,0,0,0,21998,11161,3385,0,0,0,0,0
456,68,457.0219287473134,99934,854,421,47,15,14718,7456,0.22188644505373548,556,305,33949,31090,7260,3167,7332,15000,17721,8883,0,0,58333,2745,616,1123,319,9,0,0,0,0,22265,11090,3434,0,0,0,0,0
457,68,458.3094317438296,99932,888,464,49,15,14905,7560,0.22480286594884522,574,302,33741,30900,7344,3179,7402,15138,17946,9009,0,0,57907,2864,656,1152,333,10,0,0,0,0,22524,11014,3472,0,0,0,0,0
458,68,459.17160081972304,99931,890,460,50,15,15027,7618,0.22660635838728724,593,319,33566,30703,7418,3208,7481,15293,18170,9136,0,0,57496,2971,697,1177,338,11,0,0,0,0,22786,10941,3514,0,0,0,0,0
459,68,460.0379547970807,99931,904,484,50,15,15161,7698,0.22874783600684473,610,308,33378,30513,7485,3234,7571,15444,18393,9263,0,0,57079,3081,739,1192,345,11,0,0,0,0,23049,10883,3552,0,0,0,0,0
460,68,461.3454935904191,99931,950,470,50,15,15382,7795,0.2319300317218881,620,332,33171,30308,7561,3309,7646,15564,18616,9390,0,0,56608,3259,794,1220,363,11,0,0,0,0,23284,10794,3598,0,0,0,0,0
461,68,462.22138983160704,99931,1010,469,50,15,15528,7856,0.23400146100809557,644,351,32986,30091,7591,3345,7717,15727,18838,9518,0,0,56214,3348,825,1233,372,11,0,0,0,0,23553,10735,3640,0,0,0,0,0
462,68,463.10146476471283,99928,1036,491,53,15,15692,7928,0.2363701865343047,640,354,32796,29909,7676,3358,7797,15871,19059,9646,0,0,55801,3456,869,1247,382,12,0,0,0,0,23809,10670,3682,0,0,0,0,0
463,68,464.42929186489795,99925,1052,521,55,16,15903,8038,0.2395896922692019,663,360,32580,29721,7788,3389,7860,15991,19280,9774,0,0,55354,3609,941,1272,400,12,0,0,0,0,24027,10584,3726,0,0,0,0,0
464,68,465.3191967286031,99925,1050,549,55,16,16045,8117,0.24180135101325995,700,356,32387,29524,7873,3406,7933,16147,19500,9902,0,0,54950,3722,982,1288,420,12,0,0,0,0,24272,10511,3768,0,0,0,0,0
465,68,466.2137525742603,99925,1074,552,55,16,16207,8191,0.24416312234175633,719,383,32204,29315,7941,3440,8005,16292,19719,10031,0,0,54523,3850,1034,1307,428,13,0,0,0,0,24519,10443,3808,0,0,0,0,0
466,68,467.11296170320634,99923,1113,577,56,17,16366,8292,0.24677001290994066,694,395,32058,29119,7993,3474,8084,16416,19937,10160,0,0,54119,3951,1094,1326,439,13,0,0,0,0,24759,10377,3845,0,0,0,0,0
467,68,468.01603663964613,99922,1127,602,57,17,16534,8394,0.24947459018034066,702,372,31862,28938,8086,3514,8164,16555,20154,10289,0,0,53685,4091,1155,1340,453,13,0,0,0,0,24991,10310,3884,0,0,0,0,0
468,68,469.3794561049824,99922,1147,613,57,17,16779,8529,0.25327755649406536,738,388,31632,28756,8220,3587,8204,16637,20371,10418,0,0,53175,4299,1238,1377,467,13,0,0,0,0,25204,10228,3921,0,0,0,0,0
469,68,470.2936055941225,99921,1186,627,58,17,16949,8613,0.25582209945857226,764,390,31439,28561,8269,3631,8282,16772,20587,10547,0,0,52775,4397,1300,1399,479,13,0,0,0,0,25438,10161,3959,0,0,0,0,0
470,68,471.2123633598814,99920,1226,646,59,17,17139,8705,0.25864691753402724,763,390,31245,28381,8345,3667,8360,16897,20802,10677,0,0,52370,4510,1369,1419,491,15,0,0,0,0,25657,10086,4003,0,0,0,0,0
471,68,472.13646659181023,99919,1211,656,60,17,17308,8797,0.26126162191375013,797,405,31063,28187,8446,3710,8421,17023,21016,10807,0,0,51940,4649,1437,1444,509,17,0,0,0,0,25873,10003,4047,0,0,0,0,0
472,68,473.06554196492743,99919,1221,679,60,17,17508,8913,0.26442418358870684,825,389,30857,27997,8538,3763,8497,17153,21229,10937,0,0,51489,4804,1524,1463,522,17,0,0,0,0,26074,9936,4090,0,0,0,0,0
473,68,474.000284396144,99918,1236,670,61,17,17694,9007,0.2672291278848656,833,411,30655,27789,8641,3838,8572,17273,21441,11067,0,0,51043,4938,1605,1487,544,17,0,0,0,0,26296,9878,4110,0,0,0,0,0
474,68,475.41317630957633,99915,1269,659,64,17,17974,9140,0.2713706650653055,869,432,30414,27591,8772,3940,8610,17359,21652,11197,0,0,50531,5154,1700,1532,566,17,0,0,0,0,26487,9783,4145,0,0,0,0,0
475,68,476.3608882721505,99915,1308,658,64,17,18180,9244,0.27447330230696093,865,416,30223,27413,8859,4002,8679,17492,21861,11327,0,0,50089,5305,1773,1549,583,19,0,0,0,0,26697,9716,4184,0,0,0,0,0
476,68,477.3140542558476,99915,1302,675,64,17,18376,9338,0.2773757694039934,865,424,30059,27229,8977,4037,8731,17616,22069,11457,0,0,49648,5449,1842,1577,603,20,0,0,0,0,26913,9643,4220,0,0,0,0,0
477,68,478.2724003707763,99914,1315,661,65,17,18567,9428,0.28019096422923717,882,447,29843,27049,9086,4097,8807,17727,22276,11587,0,0,49209,5592,1924,1607,617,20,0,0,0,0,27117,9569,4259,0,0,0,0,0
478,68,479.2369709750233,99913,1332,669,66,17,18792,9534,0.283506650786184,879,436,29669,26880,9192,4149,8860,17847,22482,11717,0,0,48762,5751,2003,1636,635,22,0,0,0,0,27312,9488,4304,0,0,0,0,0
479,68,480.20757602303365,99913,1329,679,66,17,19016,9633,0.2867394633330998,846,440,29488,26700,9326,4200,8943,17962,22687,11847,0,0,48304,5911,2080,1669,661,22,0,0,0,0,27517,9414,4335,0,0,0,0,0
480,68,481.1841716059765,99912,1365,694,67,17,19232,9743,0.29000520458003043,826,434,29314,26515,9415,4257,9011,18081,22891,11977,0,0,47877,6042,2162,1700,679,22,0,0,0,0,27719,9343,4368,0,0,0,0,0
481,68,482.1662496837625,99911,1361,714,67,18,19438,9859,0.2932309755682557,831,440,29143,26350,9525,4309,9071,18167,23094,12107,0,0,47434,6195,2257,1724,703,22,0,0,0,0,27905,9274,4397,0,0,0,0,0
482,68,483.1541856168321,99911,1349,696,67,18,19632,9957,0.2961535766832481,837,446,28964,26192,9639,4387,9142,18259,23295,12237,0,0,46982,6357,2358,1746,723,25,0,0,0,0,28084,9210,4426,0,0,0,0,0
483,68,484.147960238841,99908,1362,711,69,19,19841,10072,0.29940545301677546,859,442,28759,26009,9735,4440,9214,18377,23495,12367,0,0,46577,6469,2469,1782,738,28,0,0,0,0,28252,9133,4460,0,0,0,0,0
484,68,485.1485738990995,99908,1395,709,69,19,20054,10176,0.3025783721023341,848,452,28587,25833,9813,4512,9286,18473,23694,12497,0,0,46153,6596,2550,1821,758,28,0,0,0,0,28451,9060,4491,0,0,0,0,0
485,68,486.1550459920375,99908,1412,715,69,19,20252,10273,0.3055310886015134,860,442,28425,25703,9888,4556,9344,18563,23892,12627,0,0,45748,6715,2642,1845,774,31,0,0,0,0,28631,8993,4529,0,0,0,0,0
486,68,487.1669446862386,99908,1450,702,69,19,20480,10374,0.3088241181887336,873,458,28229,25537,9976,4633,9401,18649,24088,12757,0,0,45332,6842,2739,1883,798,31,0,0,0,0,28809,8914,4560,0,0,0,0,0
487,68,488.18524374345424,99908,1485,723,69,19,20724,10488,0.3124074148216359,856,455,28037,25367,10099,4682,9452,18752,24283,12887,0,0,44907,6981,2822,1913,827,31,0,0,0,0,28993,8843,4591,0,0,0,0,0
488,68,489.210013980297,99907,1508,725,70,19,20971,10591,0.3159137998338455,845,463,27854,25209,10208,4736,9513,18846,24477,13017,0,0,44501,7100,2934,1949,855,35,0,0,0,0,29151,8765,4617,0,0,0,0,0
489,68,490.2414755897048,99906,1497,720,71,19,21185,10707,0.3192200668628511,847,452,27671,25074,10341,4803,9571,18930,24670,13147,0,0,44063,7253,3038,1985,877,37,0,0,0,0,29309,8686,4658,0,0,0,0,0
490,68,491.2799658321888,99905,1524,706,71,20,21417,10811,0.3225864571342776,847,477,27487,24914,10444,4867,9625,19014,24861,13277,0,0,43630,7410,3144,2014,890,39,0,0,0,0,29467,8609,4702,0,0,0,0,0
491,68,492.3247242486263,99904,1525,695,72,20,21647,10925,0.3260329916720051,869,485,27271,24761,10576,4949,9685,19088,25051,13407,0,0,43204,7561,3255,2054,917,41,0,0,0,0,29616,8517,4739,0,0,0,0,0
492,68,493.37727643574163,99903,1542,713,72,21,21869,11045,0.32945957578851487,893,492,27093,24589,10665,4996,9733,19187,25240,13536,0,0,42810,7679,3363,2078,949,41,0,0,0,0,29763,8448,4772,0,0,0,0,0
493,68,494.4365286561479,99903,1549,743,72,21,22098,11196,0.33326326536740636,907,454,26909,24446,10776,5065,9785,19269,25427,13665,0,0,42386,7811,3476,2121,971,44,0,0,0,0,29920,8376,4798,0,0,0,0,0
494,68,495.5026416981279,99903,1554,743,72,21,22337,11306,0.3367566539543357,912,463,26736,24304,10888,5129,9836,19338,25613,13794,0,0,41967,7960,3587,2153,994,48,0,0,0,0,30065,8292,4837,0,0,0,0,0
495,68,496.0378995904651,99901,1533,756,73,22,22451,11374,0.33858519934735387,912,444,26597,24175,10950,5132,9933,19469,25798,13923,0,0,41649,7998,3686,2169,1008,52,0,0,0,0,30231,8240,4868,0,0,0,0,0
496,68,497.1165040497544,99898,1550,747,75,23,22702,11481,0.3421790226030551,894,454,26447,24033,11056,5193,9976,19548,25981,14052,0,0,41219,8156,3801,2191,1036,55,0,0,0,0,30369,8174,4897,0,0,0,0,0
497,68,498.2015569930551,99898,1544,771,75,23,22945,11603,0.34583274940439246,911,450,26259,23893,11188,5234,10021,19627,26163,14181,0,0,40804,8300,3907,2233,1061,58,0,0,0,0,30513,8089,4933,0,0,0,0,0
498,68,499.2940175167969,99895,1559,792,78,23,23190,11733,0.3495970769307773,894,424,26106,23773,11293,5285,10068,19701,26343,14309,0,0,40422,8397,4053,2259,1094,61,0,0,0,0,30629,8030,4950,0,0,0,0,0
499,68,500.39323619687974,99895,1558,795,78,23,23419,11854,0.35310075579358324,908,443,25945,23640,11396,5348,10113,19749,26522,14437,0,0,40014,8534,4182,2283,1123,64,0,0,0,0,30750,7968,4977,0,0,0,0,0
500,68,501.49857052851127,99894,1600,787,78,24,23695,11974,0.3570684926021583,881,462,25756,23519,11520,5407,10163,19799,26700,14565,0,0,39606,8674,4300,2313,1164,65,0,0,0,0,30875,7893,5004,0,0,0,0,0
501,68,502.05363666785604,99894,1572,775,78,24,23801,12028,0.35867019040182596,878,470,25635,23389,11578,5425,10257,19915,26876,14693,0,0,39297,8727,4387,2324,1198,66,0,0,0,0,31034,7831,5030,0,0,0,0,0
502,68,503.17252021335776,99890,1587,798,81,25,24047,12175,0.36261888076884574,879,431,25464,23281,11696,5474,10291,19989,27051,14820,0,0,38896,8852,4511,2358,1235,67,0,0,0,0,31161,7761,5049,0,0,0,0,0
503,68,504.298881386078,99888,1599,811,82,26,24309,12315,0.36665064872657377,867,419,25286,23154,11822,5545,10342,20043,27225,14947,0,0,38480,8993,4646,2393,1269,69,0,0,0,0,31277,7695,5066,0,0,0,0,0
504,68,505.43292434372165,99886,1535,805,84,26,24538,12426,0.37006187053240697,908,432,25118,23061,11973,5594,10380,20080,27397,15074,0,0,38070,9129,4784,2448,1308,71,0,0,0,0,31376,7612,5088,0,0,0,0,0
505,68,506.00276945591577,99884,1536,821,85,27,24673,12493,0.37209162628649234,901,424,25008,22939,12011,5602,10457,20185,27568,15201,0,0,37774,9165,4871,2453,1339,74,0,0,0,0,31533,7564,5111,0,0,0,0,0
506,68,507.15017694714606,99883,1513,830,86,27,24909,12621,0.3757396153499595,921,422,24862,22847,12130,5654,10486,20218,27737,15327,0,0,37389,9281,5010,2494,1383,75,0,0,0,0,31631,7492,5128,0,0,0,0,0
507,68,508.3042012517285,99881,1510,840,87,28,25180,12747,0.37972186902413874,894,430,24718,22744,12261,5711,10528,20245,27905,15453,0,0,36996,9401,5160,2530,1421,77,0,0,0,0,31723,7422,5151,0,0,0,0,0
508,68,509.4653202040846,99881,1519,849,87,28,25443,12885,0.38373664660946527,872,434,24567,22626,12385,5780,10568,20281,28072,15579,0,0,36602,9537,5289,2567,1464,78,0,0,0,0,31823,7343,5178,0,0,0,0,0
509,68,510.04776634725425,99881,1550,834,87,28,25590,12951,0.3858691843293519,838,432,24466,22517,12410,5801,10647,20386,28237,15704,0,0,36315,9574,5396,2580,1487,79,0,0,0,0,31954,7287,5209,0,0,0,0,0
510,68,511.2211310416505,99881,1520,834,87,28,25818,13087,0.38951352109009724,854,438,24330,22410,12532,5873,10675,20415,28401,15829,0,0,35903,9716,5522,2620,1523,81,0,0,0,0,32057,7223,5236,0,0,0,0,0
511,68,512.4008841429675,99881,1507,821,87,28,26064,13203,0.39313783402248675,868,439,24186,22315,12647,5938,10703,20457,28564,15954,0,0,35546,9809,5693,2658,1559,84,0,0,0,0,32114,7154,5264,0,0,0,0,0
512,68,513.5877696649404,99881,1500,816,87,28,26307,13331,0.39685225418247716,839,456,24076,22231,12744,6009,10752,20458,28725,16078,0,0,35166,9927,5828,2699,1599,86,0,0,0,0,32204,7082,5290,0,0,0,0,0
513,68,514.1829345850721,99880,1500,826,88,28,26438,13416,0.3990188225871045,824,452,23967,22106,12791,6045,10828,20541,28885,16202,0,0,34863,9970,5927,2715,1625,87,0,0,0,0,32347,7040,5306,0,0,0,0,0
514,68,515.3813093058976,99878,1473,838,89,29,26672,13558,0.402791405514728,849,450,23846,22010,12907,6116,10834,20555,29043,16326,0,0,34510,10062,6094,2745,1674,90,0,0,0,0,32402,6980,5321,0,0,0,0,0
515,68,516.5860551237181,99877,1459,844,90,29,26915,13704,0.4066902289816474,862,424,23695,21912,13027,6195,10865,20594,29200,16449,0,0,34152,10169,6250,2790,1721,91,0,0,0,0,32460,6903,5341,0,0,0,0,0
516,68,517.1905504562055,99877,1459,844,90,29,27054,13767,0.408712716641469,844,417,23594,21824,13068,6206,10943,20678,29356,16572,0,0,33876,10211,6354,2796,1747,95,0,0,0,0,32577,6849,5372,0,0,0,0,0
517,68,518.4083470087706,99875,1479,831,91,30,27313,13895,0.4125957446808511,799,405,23474,21739,13180,6282,10975,20711,29510,16695,0,0,33523,10313,6498,2825,1803,95,0,0,0,0,32643,6785,5390,0,0,0,0,0
518,68,519.0194896200471,99875,1477,813,91,30,27444,13951,0.414468085106383,773,406,23385,21644,13220,6306,11052,20799,29663,16817,0,0,33254,10343,6595,2843,1832,98,0,0,0,0,32760,6729,5421,0,0,0,0,0
519,68,520.2492853227665,99874,1462,787,92,30,27677,14057,0.41786651180487416,780,437,23281,21568,13313,6375,11070,20801,29815,16939,0,0,32900,10438,6737,2889,1875,101,0,0,0,0,32833,6663,5438,0,0,0,0,0
520,68,521.4845367559487,99873,1451,835,93,30,27900,14216,0.421695553352758,755,394,23187,21511,13397,6413,11115,20815,29965,17060,0,0,32542,10548,6865,2925,1901,107,0,0,0,0,32923,6600,5462,0,0,0,0,0
521,68,522.1038916544177,99873,1478,828,93,30,28034,14282,0.42369809658266,743,393,23095,21414,13399,6436,11190,20897,30114,17181,0,0,32290,10559,6975,2944,1920,109,0,0,0,0,33038,6551,5487,0,0,0,0,0
522,68,523.3496831928122,99871,1472,816,94,31,28282,14410,0.4274714381552202,746,395,22970,21350,13516,6507,11200,20899,30262,17302,0,0,31922,10673,7123,2972,1970,110,0,0,0,0,33101,6498,5502,0,0,0,0,0
523,68,524.6017504155935,99871,1403,785,94,31,28492,14525,0.430725636070531,762,404,22849,21272,13668,6590,11222,20916,30408,17422,0,0,31556,10776,7284,3020,2017,113,0,0,0,0,33154,6436,5515,0,0,0,0,0
524,68,525.2304233728842,99869,1403,787,95,32,28611,14592,0.4325967016791997,738,389,22749,21173,13709,6619,11304,20998,30553,17542,0,0,31309,10782,7386,3039,2043,115,0,0,0,0,33267,6392,5536,0,0,0,0,0
525,68,526.4961022341512,99868,1363,754,96,32,28838,14715,0.43610565947050106,735,392,22658,21114,13812,6704,11334,21002,30697,17661,0,0,30957,10874,7557,3083,2097,118,0,0,0,0,33308,6336,5538,0,0,0,0,0
526,68,527.1305796918253,99868,1354,757,96,32,28947,14787,0.4379180518284135,741,366,22553,21018,13846,6742,11408,21083,30839,17780,0,0,30709,10886,7655,3103,2121,121,0,0,0,0,33419,6291,5563,0,0,0,0,0
527,68,528.4082315329985,99867,1365,722,97,32,29218,14897,0.441737510889483,683,379,22449,20986,13964,6809,11440,21070,30980,17899,0,0,30367,10992,7829,3132,2167,124,0,0,0,0,33448,6227,5581,0,0,0,0,0
528,68,529.0489429763256,99866,1337,714,97,33,29317,14944,0.44320389321691067,692,392,22371,20914,13991,6808,11510,21137,31120,18017,0,0,30127,11002,7936,3135,2205,125,0,0,0,0,33554,6190,5592,0,0,0,0,0
529,68,530.33876276248,99865,1372,712,98,33,29566,15081,0.4470735492915436,664,377,22250,20877,14075,6879,11539,21120,31258,18135,0,0,29803,11086,8081,3163,2246,131,0,0,0,0,33612,6139,5604,0,0,0,0,0
530,68,531.6345435322828,99863,1356,709,100,33,29779,15203,0.4504370988253908,668,370,22151,20853,14148,6925,11575,21108,31395,18252,0,0,29507,11145,8231,3209,2295,132,0,0,0,0,33658,6068,5618,0,0,0,0,0
531,68,532.2846320181499,99863,1334,702,100,33,29897,15267,0.4522595956460351,652,365,22093,20789,14196,6950,11623,21159,31531,18369,0,0,29287,11144,8353,3234,2324,136,0,0,0,0,33731,6009,5645,0,0,0,0,0
532,68,533.5918758693308,99863,1299,669,100,33,30113,15376,0.45551405425432845,660,370,22001,20738,14313,7022,11625,21166,31666,18485,0,0,28944,11253,8493,3266,2376,139,0,0,0,0,33784,5948,5660,0,0,0,0,0
533,68,534.2469576160393,99863,1259,670,100,33,30210,15444,0.45716631785546197,648,366,21933,20659,14367,7048,11691,21222,31799,18601,0,0,28701,11256,8600,3281,2413,141,0,0,0,0,33887,5916,5668,0,0,0,0,0
534,68,535.5648007407663,99862,1226,667,101,33,30436,15562,0.4606156495964431,636,339,21865,20632,14475,7107,11695,21220,31931,18716,0,0,28389,11331,8764,3313,2450,148,0,0,0,0,33916,5860,5691,0,0,0,0,0
535,68,536.2251974241142,99861,1228,660,101,34,30539,15622,0.4622525310181152,628,337,21793,20572,14487,7110,11761,21285,32062,18831,0,0,28172,11333,8865,3319,2483,150,0,0,0,0,34009,5822,5708,0,0,0,0,0
536,68,537.5526911385953,99859,1196,642,102,35,30731,15734,0.4653060815750208,627,312,21701,20553,14584,7166,11788,21290,32192,18945,0,0,27876,11402,9018,3335,2541,154,0,0,0,0,34039,5783,5711,0,0,0,0,0
537,68,538.2180585093122,99859,1152,638,102,35,30822,15789,0.46676814308174525,626,304,21630,20484,14628,7187,11860,21350,32320,19059,0,0,27645,11405,9135,3343,2568,159,0,0,0,0,34127,5755,5722,0,0,0,0,0
538,68,539.5568167894257,99859,1137,642,102,35,31028,15899,0.4699326049730119,594,289,21593,20489,14691,7214,11881,21329,32447,19173,0,0,27361,11455,9277,3370,2609,166,0,0,0,0,34174,5713,5734,0,0,0,0,0
539,68,540.2270454386812,99858,1126,627,102,36,31126,15944,0.4713693444691462,581,304,21544,20420,14691,7219,11954,21392,32573,19286,0,0,27154,11445,9370,3386,2637,173,0,0,0,0,34269,5675,5749,0,0,0,0,0
540,68,541.573138978405,99858,1090,617,102,36,31326,16037,0.47430351098559953,574,302,21515,20413,14748,7256,11969,21374,32698,19399,0,0,26891,11492,9512,3425,2690,177,0,0,0,0,34299,5608,5764,0,0,0,0,0
541,68,542.2466673494522,99857,1086,604,103,36,31422,16080,0.475700251359444,566,308,21455,20353,14750,7273,12038,21424,32822,19511,0,0,26689,11483,9615,3428,2718,180,0,0,0,0,34385,5576,5783,0,0,0,0,0
542,68,543.5990425994386,99857,1071,581,103,36,31617,16171,0.47856434701623324,527,302,21413,20337,14828,7321,12056,21421,32944,19623,0,0,26424,11523,9752,3461,2770,184,0,0,0,0,34427,5526,5790,0,0,0,0,0
543,68,544.2759901759105,99855,1072,594,105,36,31707,16230,0.4800660958389665,521,282,21338,20292,14834,7314,12128,21480,33065,19734,0,0,26228,11520,9837,3464,2795,190,0,0,0,0,34526,5491,5804,0,0,0,0,0
544,68,545.636444814156,99853,1031,578,106,37,31876,16326,0.48272961253041974,532,276,21325,20313,14880,7348,12124,21446,33185,19845,0,0,25971,11569,9978,3486,2845,195,0,0,0,0,34552,5437,5820,0,0,0,0,0
545,68,546.317238086753,99853,1008,567,106,37,31956,16370,0.48397143801388043,523,294,21291,20250,14880,7353,12190,21497,33304,19955,0,0,25786,11553,10092,3494,2874,199,0,0,0,0,34625,5400,5830,0,0,0,0,0
546,68,547.6828883310209,99853,1015,547,106,37,32143,16482,0.4869658397844832,516,262,21241,20257,14899,7414,12221,21481,33422,20065,0,0,25532,11596,10235,3517,2917,205,0,0,0,0,34652,5354,5845,0,0,0,0,0
547,68,548.3658334327886,99853,1000,548,106,37,32237,16523,0.4883178272059928,503,263,21191,20222,14914,7403,12284,21525,33539,20174,0,0,25349,11590,10336,3505,2952,210,0,0,0,0,34725,5324,5862,0,0,0,0,0
548,68,549.0511071808785,99852,993,541,106,38,32319,16566,0.48957457036413893,494,262,21144,20166,14917,7415,12344,21576,33654,20283,0,0,25161,11586,10410,3506,2991,212,0,0,0,0,34821,5287,5878,0,0,0,0,0
549,68,550.4269726848788,99852,970,531,106,38,32475,16664,0.4921183351360013,492,249,21131,20197,14939,7451,12360,21532,33768,20391,0,0,24925,11622,10551,3519,3030,222,0,0,0,0,34846,5248,5889,0,0,0,0,0
550,68,551.1152255656469,99851,956,519,107,38,32573,16707,0.4935353676978698,478,257,21077,20157,14952,7457,12428,21570,33881,20499,0,0,24739,11601,10652,3535,3052,229,0,0,0,0,34919,5216,5908,0,0,0,0,0
551,68,552.4961616504302,99851,934,509,107,38,32734,16786,0.49593894903406077,471,260,21030,20155,15006,7479,12450,21557,33993,20606,0,0,24510,11630,10769,3557,3098,235,0,0,0,0,34964,5167,5921,0,0,0,0,0
552,68,553.1877273400977,99851,929,510,107,38,32812,16832,0.4971807993910927,485,241,20981,20118,14991,7491,12505,21600,34104,20713,0,0,24341,11617,10853,3556,3129,238,0,0,0,0,35046,5127,5944,0,0,0,0,0
553,68,554.5758784774566,99849,898,490,109,38,32968,16913,0.49956434215665657,478,245,20967,20125,15030,7517,12516,21583,34214,20819,0,0,24113,11637,10989,3582,3170,247,0,0,0,0,35073,5091,5947,0,0,0,0,0
554,68,555.2701604846482,99849,913,479,109,38,33048,16962,0.5008562930024337,481,237,20919,20069,15000,7531,12576,21644,34323,20925,0,0,23935,11630,11072,3583,3200,248,0,0,0,0,35161,5058,5962,0,0,0,0,0
555,68,556.6630819863109,99848,875,454,110,38,33202,17045,0.5032349170739524,442,226,20924,20086,15056,7573,12591,21621,34431,21030,0,0,23708,11649,11212,3609,3244,255,0,0,0,0,35179,5019,5973,0,0,0,0,0
556,68,557.3597870489742,99848,870,454,110,38,33289,17086,0.5045168656357664,422,225,20893,20059,15056,7573,12647,21649,34538,21134,0,0,23524,11646,11294,3613,3270,258,0,0,0,0,35268,4989,5986,0,0,0,0,0
557,68,558.0575556091245,99847,867,452,111,38,33367,17122,0.5056636654080744,403,236,20871,20028,15046,7562,12700,21682,34644,21238,0,0,23368,11627,11377,3607,3302,261,0,0,0,0,35342,4956,6007,0,0,0,0,0
558,68,559.4563999692144,99845,831,451,113,38,33511,17213,0.5080274425359307,391,215,20828,20060,15114,7582,12721,21652,34749,21341,0,0,23154,11645,11492,3634,3349,265,0,0,0,0,35370,4912,6024,0,0,0,0,0
559,68,560.1563028834281,99845,825,432,113,38,33593,17244,0.5091591967549702,371,222,20803,20024,15113,7591,12773,21691,34853,21444,0,0,22987,11634,11581,3632,3380,271,0,0,0,0,35442,4884,6034,0,0,0,0,0
560,68,561.56084858187,99843,792,426,114,39,33720,17325,0.5112526666866981,359,198,20830,20042,15126,7598,12777,21695,34956,21546,0,0,22771,11678,11690,3639,3415,280,0,0,0,0,35476,4841,6053,0,0,0,0,0
561,68,562.2623476668242,99842,764,416,115,39,33791,17358,0.5122994331043048,351,196,20792,20012,15135,7597,12841,21738,35057,21648,0,0,22607,11660,11786,3643,3447,283,0,0,0,0,35542,4813,6061,0,0,0,0,0
562,68,563.6686452975691,99841,725,403,116,39,33912,17416,0.5140974148896745,356,185,20808,20040,15149,7600,12844,21731,35157,21749,0,0,22422,11655,11884,3662,3499,287,0,0,0,0,35582,4776,6074,0,0,0,0,0
563,68,564.3713738955176,99841,734,391,116,39,33981,17448,0.5151090233471219,334,182,20770,20033,15137,7596,12907,21757,35256,21850,0,0,22284,11625,11966,3659,3533,288,0,0,0,0,35651,4745,6090,0,0,0,0,0
564,68,565.075140262962,99838,718,402,118,40,34040,17480,0.5160359782848214,343,180,20740,20011,15122,7576,12957,21789,35355,21950,0,0,22134,11602,12036,3654,3557,293,0,0,0,0,35737,4721,6104,0,0,0,0,0
565,68,566.4865640761491,99838,701,382,118,40,34167,17542,0.5179290450529859,330,172,20760,20065,15128,7603,12961,21736,35453,22050,0,0,21949,11604,12163,3669,3592,296,0,0,0,0,35756,4688,6121,0,0,0,0,0
566,68,567.1921608539059,99836,686,373,120,40,34228,17571,0.5188408990744822,317,167,20739,20047,15122,7600,13014,21771,35550,22149,0,0,21809,11574,12250,3675,3618,298,0,0,0,0,35818,4654,6140,0,0,0,0,0
567,68,568.604886004123,99836,663,360,120,40,34345,17623,0.5205336752273729,294,168,20746,20089,15147,7600,13028,21741,35646,22248,0,0,21609,11598,12354,3687,3648,303,0,0,0,0,35868,4620,6149,0,0,0,0,0
568,68,569.3109278603171,99836,645,370,120,40,34383,17657,0.5212548579670659,305,163,20729,20062,15116,7574,13083,21789,35741,22346,0,0,21463,11570,12424,3685,3670,304,0,0,0,0,35959,4600,6161,0,0,0,0,0
569,68,570.0179341294771,99835,622,353,120,41,34440,17682,0.5220814343667051,295,161,20710,20047,15120,7577,13131,21819,35835,22444,0,0,21324,11549,12499,3682,3702,311,0,0,0,0,36020,4569,6179,0,0,0,0,0
570,68,571.4341688062966,99834,605,347,120,42,34545,17748,0.523799507181922,278,148,20726,20092,15129,7585,13140,21784,35928,22541,0,0,21141,11549,12595,3688,3744,316,0,0,0,0,36073,4549,6179,0,0,0,0,0
571,68,572.1417181978313,99834,606,335,120,42,34614,17771,0.5247210369212894,252,150,20724,20088,15106,7576,13190,21807,36020,22638,0,0,21001,11531,12667,3687,3767,322,0,0,0,0,36141,4522,6196,0,0,0,0,0
572,68,573.5587689482423,99834,559,323,120,42,34703,17825,0.5261534146683494,237,140,20751,20145,15126,7576,13205,21772,36111,22734,0,0,20819,11545,12769,3694,3808,323,0,0,0,0,36176,4491,6209,0,0,0,0,0
573,68,574.2659834906915,99833,533,325,120,43,34743,17853,0.526839822503581,231,137,20738,20125,15106,7566,13270,21802,36201,22830,0,0,20688,11516,12840,3697,3832,324,0,0,0,0,36245,4460,6231,0,0,0,0,0
574,68,575.6833060682317,99832,522,311,120,44,34839,17891,0.5281873547559901,214,144,20791,20189,15080,7546,13271,21764,36290,22925,0,0,20542,11508,12937,3700,3864,329,0,0,0,0,36279,4425,6248,0,0,0,0,0
575,68,576.3904984759693,99831,503,316,120,45,34874,17926,0.5288938305736695,205,129,20800,20182,15050,7538,13320,21788,36378,23020,0,0,20425,11466,13027,3700,3885,333,0,0,0,0,36339,4402,6254,0,0,0,0,0
576,68,577.0979358583031,99831,484,308,120,45,34908,17956,0.5295349140046679,198,116,20798,20171,15018,7534,13380,21824,36465,23114,0,0,20288,11445,13094,3694,3913,337,0,0,0,0,36416,4384,6260,0,0,0,0,0
577,68,578.5130257072748,99831,454,312,120,45,34973,18007,0.5306968777233525,210,99,20848,20242,14975,7506,13391,21794,36551,23207,0,0,20159,11420,13184,3697,3951,341,0,0,0,0,36453,4355,6271,0,0,0,0,0
578,68,579.219107680731,99831,447,310,120,45,35004,18026,0.5311977241538199,202,104,20838,20245,14948,7492,13443,21802,36637,23300,0,0,20032,11395,13232,3690,3977,342,0,0,0,0,36544,4333,6286,0,0,0,0,0
579,68,580.6319737856303,99830,438,297,121,45,35093,18073,0.5325653611138936,164,87,20885,20316,14945,7500,13445,21753,36722,23392,0,0,19891,11379,13321,3697,4017,346,0,0,0,0,36586,4301,6292,0,0,0,0,0
580,68,581.3372192560533,99830,424,271,121,45,35126,18088,0.5330461785034559,160,88,20871,20319,14927,7502,13495,21773,36806,23484,0,0,19760,11351,13385,3693,4044,350,0,0,0,0,36664,4284,6299,0,0,0,0,0
581,68,582.0427246974141,99830,409,263,121,45,35156,18101,0.5334769107482721,153,94,20854,20297,14905,7488,13556,21811,36889,23575,0,0,19649,11320,13448,3686,4068,355,0,0,0,0,36734,4261,6309,0,0,0,0,0
582,68,583.455930197262,99830,386,258,121,45,35209,18138,0.5343784433537013,166,95,20899,20366,14863,7469,13563,21765,36971,23666,0,0,19529,11287,13522,3685,4103,361,0,0,0,0,36783,4241,6319,0,0,0,0,0
583,68,584.161105062619,99830,393,246,121,45,35244,18152,0.5348692777722127,154,91,20886,20375,14827,7462,13617,21779,37052,23756,0,0,19424,11253,13582,3676,4123,366,0,0,0,0,36850,4223,6333,0,0,0,0,0
584,68,585.5727669877948,99830,355,239,121,45,35285,18184,0.5356005208855054,171,76,20965,20445,14772,7439,13614,21754,37133,23846,0,0,19313,11205,13675,3689,4146,371,0,0,0,0,36893,4194,6344,0,0,0,0,0
585,68,586.2768965264642,99829,353,231,122,45,35317,18199,0.5360766911418525,168,86,20976,20442,14720,7414,13659,21780,37213,23935,0,0,19210,11159,13748,3692,4157,373,0,0,0,0,36956,4171,6363,0,0,0,0,0
586,68,587.6839368883253,99829,354,213,122,45,35384,18227,0.5370283184245059,147,78,21040,20518,14677,7399,13658,21745,37292,24024,0,0,19085,11127,13834,3698,4177,377,0,0,0,0,37004,4153,6374,0,0,0,0,0
587,68,588.3849314193084,99828,356,201,123,45,35419,18236,0.5374744560644308,125,82,21045,20522,14636,7382,13713,21766,37370,24112,0,0,18974,11101,13886,3696,4188,383,0,0,0,0,37080,4128,6392,0,0,0,0,0
588,68,589.0863785508898,99828,337,201,123,45,35441,18251,0.5378450935609248,123,83,21049,20553,14600,7342,13766,21774,37447,24200,0,0,18885,11060,13955,3685,4214,385,0,0,0,0,37132,4105,6407,0,0,0,0,0
589,68,590.4893006097128,99828,313,169,123,45,35487,18270,0.538496213487198,120,83,21114,20619,14566,7339,13762,21743,37524,24287,0,0,18765,11037,14033,3684,4251,387,0,0,0,0,37171,4085,6415,0,0,0,0,0
590,68,591.1885404557598,99828,292,168,123,45,35508,18282,0.5388267820651521,119,83,21113,20623,14538,7317,13813,21762,37600,24374,0,0,18662,11003,14089,3681,4267,391,0,0,0,0,37241,4061,6433,0,0,0,0,0
591,68,592.5880549074194,99828,258,163,123,45,35541,18312,0.5394578675321553,130,73,21172,20689,14494,7296,13821,21732,37675,24460,0,0,18537,10984,14161,3682,4292,392,0,0,0,0,37292,4043,6445,0,0,0,0,0
592,68,593.2866264683822,99828,255,166,123,45,35566,18329,0.5398785911768241,116,66,21177,20694,14454,7268,13873,21759,37749,24546,0,0,18447,10941,14223,3680,4304,395,0,0,0,0,37356,4018,6464,0,0,0,0,0
593,68,594.6828967920075,99828,235,164,123,45,35592,18353,0.5403794526585728,119,59,21246,20782,14397,7239,13878,21709,37823,24631,0,0,18343,10909,14281,3673,4335,397,0,0,0,0,37421,3997,6472,0,0,0,0,0
594,68,595.3788044062336,99828,232,160,123,45,35622,18362,0.5407701246143367,108,58,21245,20790,14365,7210,13925,21735,37896,24716,0,0,18242,10882,14334,3661,4355,398,0,0,0,0,37488,3977,6491,0,0,0,0,0
595,68,596.0748186138186,99828,229,155,123,45,35641,18373,0.5410706415033858,106,53,21249,20813,14320,7186,13971,21746,37968,24800,0,0,18162,10840,14402,3652,4370,400,0,0,0,0,37538,3954,6510,0,0,0,0,0
596,68,597.467094778653,99828,217,153,123,45,35667,18391,0.5415113996073246,111,52,21288,20891,14267,7161,13992,21696,38039,24884,0,0,18055,10815,14450,3650,4388,403,0,0,0,0,37609,3933,6525,0,0,0,0,0
597,68,598.1614091966924,99828,216,144,123,45,35684,18398,0.5417518131185639,106,51,21286,20894,14220,7141,14047,21723,38110,24967,0,0,17961,10787,14497,3632,4408,408,0,0,0,0,37680,3920,6535,0,0,0,0,0
598,68,599.5513588234456,99827,214,142,123,46,35728,18420,0.5424183838039809,79,49,21374,20961,14156,7124,14052,21676,38180,25050,0,0,17864,10752,14556,3628,4435,409,0,0,0,0,37734,3902,6547,0,0,0,0,0
599,68,600.2440369086029,99827,212,141,123,46,35741,18431,0.5426587997235217,71,40,21382,20962,14104,7109,14106,21700,38249,25132,0,0,17777,10714,14611,3614,4453,411,0,0,0,0,37801,3891,6555,0,0,0,0,0
600,68,601.6286754742424,99826,190,122,124,46,35756,18447,0.5429747761104321,78,45,21468,21058,14041,7094,14097,21633,38318,25214,0,0,17678,10683,14680,3602,4479,414,0,0,0,0,37850,3881,6559,0,0,0,0,0
601,68,602.3186246002638,99826,185,124,124,46,35770,18454,0.5431851421473364,82,45,21477,21062,13988,7072,14142,21649,38386,25295,0,0,17589,10648,14727,3595,4488,417,0,0,0,0,37922,3865,6575,0,0,0,0,0
602,68,603.0082618316738,99826,175,118,124,46,35779,18460,0.543335403602268,82,51,21475,21070,13947,7050,14195,21663,38453,25376,0,0,17511,10598,14791,3586,4505,419,0,0,0,0,37980,3855,6581,0,0,0,0,0
603,68,604.3871101364,99826,175,96,124,46,35815,18472,0.543816240258049,63,53,21535,21137,13893,7036,14208,21630,38520,25456,0,0,17416,10567,14857,3580,4530,420,0,0,0,0,38027,3839,6590,0,0,0,0,0
604,68,605.0750768966154,99826,161,100,124,46,35824,18485,0.5440366237252819,67,50,21556,21142,13844,7014,14246,21646,38586,25536,0,0,17331,10544,14893,3566,4550,423,0,0,0,0,38092,3815,6612,0,0,0,0,0
605,68,606.4500526078224,99826,141,93,124,46,35848,18497,0.5443972512171178,67,47,21641,21196,13775,6997,14250,21619,38651,25615,0,0,17237,10520,14941,3557,4569,433,0,0,0,0,38151,3800,6618,0,0,0,0,0
606,68,607.1355064795565,99826,147,91,124,46,35865,18505,0.544647686975337,56,46,21655,21199,13721,6978,14295,21638,38716,25694,0,0,17152,10489,14983,3542,4590,433,0,0,0,0,38221,3787,6629,0,0,0,0,0
607,68,608.5044606930393,99826,144,84,124,46,35889,18514,0.5449782621761866,47,42,21729,21287,13653,6943,14301,21596,38780,25772,0,0,17062,10452,15033,3539,4602,438,0,0,0,0,38286,3776,6638,0,0,0,0,0
608,68,609.1870806733845,99826,131,92,124,46,35895,18525,0.5451485584917757,49,35,21743,21308,13612,6916,14339,21601,38843,25850,0,0,16984,10417,15077,3531,4612,442,0,0,0,0,38350,3758,6655,0,0,0,0,0
609,68,610.5508504035979,99826,112,87,124,46,35912,18538,0.5454490814016388,50,38,21805,21384,13565,6887,14342,21556,38906,25927,0,0,16900,10383,15132,3526,4635,443,0,0,0,0,38401,3740,6666,0,0,0,0,0
610,68,611.2309543110931,99826,105,81,124,46,35915,18542,0.5455192034139402,51,38,21811,21409,13520,6857,14387,21567,38968,26004,0,0,16826,10339,15185,3515,4652,444,0,0,0,0,38462,3731,6672,0,0,0,0,0
611,68,612.5906565440168,99826,100,76,124,46,35929,18554,0.5457796566024883,52,31,21883,21479,13448,6824,14391,21542,39030,26080,0,0,16750,10303,15236,3504,4671,447,0,0,0,0,38517,3716,6682,0,0,0,0,0
612,68,613.2690171274567,99826,100,70,124,46,35941,18557,0.5459299180574199,50,31,21898,21493,13391,6812,14435,21546,39091,26156,0,0,16673,10263,15282,3493,4689,449,0,0,0,0,38583,3708,6686,0,0,0,0,0
613,68,614.6238390499194,99826,108,60,124,46,35962,18563,0.5462003886762967,40,40,21953,21563,13331,6784,14442,21505,39151,26231,0,0,16601,10227,15338,3478,4704,453,0,0,0,0,38632,3698,6695,0,0,0,0,0
614,68,615.2993884385763,99826,113,57,124,46,35969,18568,0.546320597840242,44,37,21954,21582,13282,6757,14481,21519,39211,26306,0,0,16523,10187,15385,3470,4713,454,0,0,0,0,38702,3690,6702,0,0,0,0,0
615,68,616.6503444392583,99826,100,47,124,46,35983,18575,0.5465309638771463,43,32,22026,21673,13215,6720,14490,21480,39270,26381,0,0,16456,10162,15433,3446,4741,459,0,0,0,0,38740,3671,6718,0,0,0,0,0
616,68,617.3239891463974,99825,97,48,125,46,35989,18579,0.5466366140746306,39,32,22033,21679,13166,6698,14538,21495,39329,26455,0,0,16387,10121,15480,3436,4754,459,0,0,0,0,38801,3657,6730,0,0,0,0,0
617,68,618.6705881240888,99825,92,56,125,46,36001,18589,0.5468569997495617,38,27,22115,21771,13104,6655,14524,21443,39387,26529,0,0,16318,10093,15516,3422,4772,461,0,0,0,0,38858,3637,6748,0,0,0,0,0
618,68,619.3420772012835,99825,85,57,125,46,36006,18596,0.546977210117706,38,23,22123,21789,13070,6634,14557,21449,39444,26602,0,0,16244,10071,15549,3410,4785,464,0,0,0,0,38919,3617,6766,0,0,0,0,0
619,68,620.0128167379527,99825,79,53,125,46,36012,18602,0.5470974204858502,39,19,22119,21808,13031,6614,14605,21458,39501,26675,0,0,16180,10030,15597,3398,4802,466,0,0,0,0,38970,3604,6778,0,0,0,0,0
620,68,621.0099725868504,99825,80,49,125,46,36022,18606,0.5472376659153518,33,16,22151,21836,12980,6588,14629,21463,39557,26747,0,0,16093,10010,15627,3386,4818,466,0,0,0,0,39044,3595,6786,0,0,0,0,0
621,68,622.3960597005762,99825,75,45,125,46,36032,18610,0.5473779113448535,27,17,22205,21907,12919,6553,14647,21430,39613,26819,0,0,16022,9979,15669,3373,4835,468,0,0,0,0,39099,3584,6796,0,0,0,0,0
622,68,623.42237773399,99825,72,37,125,46,36040,18613,0.5474881041823191,27,22,22299,22016,12841,6515,14634,21362,39668,26890,0,0,15943,9954,15703,3364,4849,470,0,0,0,0,39164,3572,6806,0,0,0,0,0
623,68,624.0884200358995,99825,73,40,125,46,36043,18617,0.5475582268970699,26,21,22299,22040,12801,6486,14674,21365,39723,26961,0,0,15875,9916,15741,3355,4854,475,0,0,0,0,39231,3565,6813,0,0,0,0,0
624,68,625.4194224158255,99825,74,40,125,46,36052,18621,0.5476884547958928,19,24,22320,22070,12746,6458,14714,21360,39777,27031,0,0,15812,9876,15785,3348,4866,475,0,0,0,0,39287,3551,6825,0,0,0,0,0
625,68,626.0063339729264,99825,62,43,125,46,36056,18631,0.5478287002253944,20,21,22397,22131,12674,6433,14720,21324,39831,27101,0,0,15747,9832,15832,3351,4868,480,0,0,0,0,39341,3537,6837,0,0,0,0,0
626,68,627.1363907200761,99825,60,42,125,46,36059,18633,0.5478787878787879,20,24,22433,22171,12608,6405,14752,21310,39884,27171,0,0,15691,9794,15870,3339,4879,484,0,0,0,0,39394,3522,6852,0,0,0,0,0
627,68,628.3075488376576,99825,57,46,125,46,36061,18640,0.5479689456548961,25,19,22451,22185,12558,6374,14782,21328,39937,27240,0,0,15632,9756,15913,3328,4889,487,0,0,0,0,39447,3511,6862,0,0,0,0,0
628,68,629.1709967823986,99825,51,41,125,46,36069,18645,0.548099173553719,25,21,22534,22262,12486,6341,14777,21287,39989,27309,0,0,15565,9721,15963,3316,4906,487,0,0,0,0,39495,3504,6868,0,0,0,0,0
629,68,630.4890000821324,99825,49,44,125,46,36076,18655,0.5482694715752567,52,41,22577,22330,12413,6305,14782,21232,40041,27377,0,0,15511,9683,16004,3302,4923,488,1,0,0,3,39539,3488,6883,0,0,0,0,0
630,68,631.0448282660559,99825,52,50,125,46,36083,18663,0.548419734535437,52,37,22596,22329,12352,6287,14821,21249,40092,27445,0,0,15444,9652,16034,3294,4933,488,2,0,0,6,39602,3474,6896,0,0,0,0,0
631,68,632.1561405147712,99825,51,53,125,46,36092,18672,0.5486000500876534,53,37,22653,22376,12286,6256,14830,21230,40143,27512,0,0,15394,9608,16078,3284,4943,491,8,0,0,12,39640,3457,6910,0,0,0,0,0
632,68,633.2641419127849,99825,60,47,125,46,36111,18678,0.5488504883546206,43,34,22720,22444,12217,6240,14833,21187,40193,27579,0,0,15326,9580,16103,3273,4958,491,11,0,0,27,39690,3444,6922,0,0,0,0,0
633,68,634.3694274601951,99825,67,43,125,46,36124,18685,0.5490508389681943,48,35,22780,22494,12141,6222,14837,21158,40243,27646,0,0,15266,9540,16140,3264,4971,492,12,0,0,37,39739,3435,6929,0,0,0,0,0
634,68,635.4714417145119,99825,69,44,125,46,36136,18690,0.5492211369897321,50,38,22819,22560,12086,6188,14849,21122,40292,27712,0,0,15201,9504,16174,3258,4979,494,16,0,0,42,39795,3424,6938,0,0,0,0,0
635,68,636.0214232131718,99825,70,43,125,46,36140,18692,0.5492812421738041,50,39,22824,22581,12044,6162,14885,21127,40341,27778,0,0,15143,9466,16211,3250,4989,494,17,0,0,45,39849,3412,6949,0,0,0,0,0
636,68,637.1210849695134,99825,69,56,125,46,36153,18709,0.5495817680941648,47,30,22886,22633,11993,6134,14878,21099,40389,27843,0,0,15080,9433,16242,3241,5003,495,21,0,0,50,39903,3399,6958,0,0,0,0,0
637,68,638.2179452155676,99825,75,57,125,46,36173,18717,0.5498622589531681,46,35,22948,22680,11915,6109,14889,21071,40437,27908,0,0,15023,9396,16275,3233,5013,498,23,0,0,62,39946,3387,6969,0,0,0,0,0
638,68,639.3114527135256,99825,73,58,125,46,36181,18729,0.5500626095667418,53,28,22996,22727,11860,6092,14891,21047,40484,27972,0,0,14964,9366,16301,3232,5013,504,25,0,0,72,39993,3366,6989,0,0,0,0,0
639,68,640.40277184287,99825,76,59,125,46,36195,18742,0.5503330828950663,58,21,23052,22783,11795,6074,14892,21015,40531,28036,0,0,14914,9335,16327,3222,5028,508,27,0,0,82,40031,3346,7005,0,0,0,0,0
640,68,641.4913727404826,99825,78,60,125,46,36203,18746,0.5504532932632106,57,20,23068,22789,11743,6054,14927,21029,40577,28100,0,0,14866,9296,16363,3212,5040,509,27,0,0,85,40076,3331,7020,0,0,0,0,0
641,68,642.4446198644009,99825,84,55,125,46,36224,18755,0.5507538191835712,59,22,23146,22886,11672,6021,14912,20968,40623,28163,0,0,14803,9260,16392,3200,5058,511,30,0,0,97,40124,3326,7024,0,0,0,0,0
642,68,643.5287114766963,99825,84,48,125,46,36234,18762,0.5509241172051089,65,23,23173,22953,11624,6002,14927,20926,40669,28226,0,0,14736,9229,16420,3193,5066,514,36,0,0,110,40172,3318,7031,0,0,0,0,0
643,68,644.0698892120749,99825,90,45,125,46,36244,18765,0.5510543451039319,64,26,23157,22962,11599,5991,14963,20928,40714,28288,0,0,14681,9195,16448,3184,5081,514,37,0,0,113,40223,3309,7040,0,0,0,0,0
644,68,645.1528950122068,99825,94,44,125,46,36265,18773,0.5513448534936138,67,25,23194,23031,11551,5966,14967,20886,40759,28350,0,0,14623,9155,16480,3183,5091,514,41,0,0,125,40265,3296,7052,0,0,0,0,0
645,68,646.2344362040901,99825,99,41,125,46,36287,18780,0.5516353618832958,59,24,23252,23091,11498,5935,14965,20861,40803,28412,0,0,14563,9123,16504,3177,5104,518,47,0,0,134,40310,3285,7060,0,0,0,0,0
646,68,647.3133414997848,99825,92,39,125,46,36293,18786,0.55175557225144,79,21,23291,23136,11432,5918,14979,20838,40847,28473,0,0,14503,9091,16532,3167,5118,519,50,0,0,145,40356,3279,7065,0,0,0,0,0
647,68,648.3903009692298,99825,91,40,125,46,36313,18791,0.5520060105184073,82,25,23340,23192,11375,5889,14985,20806,40890,28534,0,0,14450,9053,16562,3160,5134,520,56,0,0,152,40396,3266,7076,0,0,0,0,0
648,68,649.4650803695827,99825,96,42,125,46,36341,18799,0.55236664162284,74,22,23383,23248,11338,5867,14982,20773,40933,28594,0,0,14400,9012,16597,3156,5146,523,63,0,0,161,40430,3252,7085,0,0,0,0,0
649,68,650.0013746336757,99825,95,42,125,46,36350,18802,0.5524868519909842,75,22,23382,23270,11302,5848,15019,20770,40976,28654,0,0,14351,8979,16625,3145,5164,523,64,0,0,166,40473,3241,7094,0,0,0,0,0
650,68,651.0741145864909,99825,104,37,125,46,36371,18805,0.5527272727272727,66,25,23440,23329,11255,5822,15008,20739,41018,28714,0,0,14294,8946,16653,3142,5174,524,67,0,0,174,40519,3229,7103,0,0,0,0,0
651,68,652.1445390349774,99825,103,38,125,46,36385,18812,0.5529376408715252,64,31,23479,23384,11218,5798,15009,20701,41060,28773,0,0,14238,8914,16679,3134,5190,525,70,0,0,180,40566,3219,7110,0,0,0,0,0
652,68,653.2131724739173,99825,103,46,125,46,36403,18822,0.5532181317305285,65,32,23521,23439,11179,5771,15005,20664,41101,28832,0,0,14182,8878,16707,3134,5196,528,74,0,0,187,40611,3210,7118,0,0,0,0,0
653,68,654.2794652807826,99825,98,56,125,46,36421,18842,0.5535987978963186,68,21,23566,23489,11129,5759,15012,20627,41142,28890,0,0,14121,8847,16728,3139,5204,531,82,0,0,196,40655,3194,7128,0,0,0,0,0
654,68,655.3437556115392,99825,104,45,125,46,36442,18845,0.5538392186326071,75,23,23596,23524,11088,5748,15010,20612,41183,28948,0,0,14069,8817,16752,3129,5221,533,88,0,0,208,40689,3181,7138,0,0,0,0,0
655,68,656.406721249769,99825,107,46,125,46,36464,18855,0.554159779614325,75,20,23636,23577,11048,5720,15007,20589,41223,29006,0,0,14014,8783,16780,3120,5237,533,93,0,0,223,40724,3176,7142,0,0,0,0,0
656,68,657.0082542467059,99825,106,47,125,46,36465,18857,0.5541898322063611,77,19,23610,23560,11022,5711,15058,20615,41263,29063,0,0,13963,8750,16812,3115,5241,535,95,0,0,223,40773,3168,7150,0,0,0,0,0
657,68,658.1728793971622,99825,109,45,125,46,36484,18862,0.5544302529426496,76,19,23660,23635,10980,5691,15048,20562,41303,29120,0,0,13913,8712,16846,3112,5251,535,100,0,0,233,40808,3156,7159,0,0,0,0,0
658,68,659.48659846269,99825,115,42,125,46,36518,18870,0.5548509892311545,78,19,23726,23724,10931,5664,15023,20503,41342,29177,0,0,13856,8675,16873,3112,5264,539,107,0,0,244,40847,3147,7161,0,0,0,0,0
659,68,660.4000973865616,99825,120,44,125,46,36543,18876,0.5551615326821938,73,23,23791,23788,10882,5644,15007,20453,41381,29233,0,0,13805,8646,16897,3106,5276,540,113,0,0,254,40882,3132,7174,0,0,0,0,0
660,68,661.2757377720659,99825,117,45,125,46,36558,18881,0.5553618832957676,81,24,23844,23832,10831,5630,15000,20421,41419,29289,0,0,13755,8614,16921,3104,5291,541,114,0,0,259,40926,3120,7180,0,0,0,0,0
661,68,662.3273638388575,99825,116,45,125,46,36579,18888,0.5556423741547708,73,26,23882,23886,10798,5613,15004,20382,41457,29345,0,0,13703,8582,16943,3101,5306,542,117,0,0,268,40966,3108,7189,0,0,0,0,0
662,68,663.3773976093507,99825,120,51,125,46,36599,18899,0.5559529176058101,74,26,23927,23950,10755,5586,14997,20339,41495,29400,0,0,13653,8545,16974,3097,5313,545,123,0,0,275,41003,3101,7196,0,0,0,0,0
663,68,664.4253268300212,99825,112,49,125,46,36614,18905,0.5561632857500626,79,26,23963,24001,10729,5563,14990,20313,41532,29455,0,0,13599,8516,16995,3090,5328,547,130,0,0,287,41038,3092,7203,0,0,0,0,0
664,68,665.4718610546807,99824,115,48,126,46,36633,18917,0.556479403750601,84,26,23993,24052,10696,5547,14984,20279,41569,29509,0,0,13551,8481,17024,3086,5340,549,133,0,0,299,41070,3083,7208,0,0,0,0,0
665,68,666.5165542843911,99824,116,41,126,46,36654,18922,0.556739862157397,91,29,24028,24113,10655,5542,14982,20227,41606,29563,0,0,13499,8457,17042,3078,5352,552,138,0,0,317,41099,3072,7218,0,0,0,0,0
666,68,667.038225135857,99824,120,42,126,46,36667,18924,0.5568901266228562,87,32,24038,24122,10626,5529,15001,20227,41642,29617,0,0,13449,8426,17070,3074,5358,553,140,0,0,321,41143,3065,7225,0,0,0,0,0
667,68,668.0813979570893,99824,123,46,126,46,36693,18931,0.5572207084468664,81,33,24073,24181,10603,5510,14992,20182,41678,29670,0,0,13393,8402,17087,3064,5372,557,149,0,0,326,41185,3057,7232,0,0,0,0,0
668,68,669.1226862267085,99824,121,49,126,46,36715,18939,0.5575212373777849,68,28,24124,24236,10567,5488,14992,20151,41714,29723,0,0,13343,8369,17113,3060,5387,558,157,0,0,334,41219,3048,7236,0,0,0,0,0
669,68,670.1624060069207,99824,129,49,126,46,36742,18944,0.5578418015707646,59,33,24190,24283,10520,5479,14974,20108,41749,29776,0,0,13292,8341,17134,3057,5397,561,160,0,0,344,41257,3041,7240,0,0,0,0,0
670,68,671.1992523784769,99824,133,49,126,46,36759,18951,0.5580822247154993,53,34,24241,24319,10479,5467,14966,20083,41784,29828,0,0,13244,8317,17153,3051,5409,562,161,0,0,355,41293,3031,7248,0,0,0,0,0
671,68,672.2337030477968,99824,133,53,126,46,36775,18963,0.5583627183843565,61,33,24284,24378,10427,5445,14967,20043,41819,29880,0,0,13197,8289,17178,3046,5421,564,168,0,0,361,41327,3018,7255,0,0,0,0,0
672,68,673.2663807026021,99823,136,51,127,46,36794,18970,0.5586287729280827,58,38,24324,24461,10386,5421,14967,19981,41853,29932,0,0,13157,8254,17207,3036,5438,565,171,0,0,373,41352,3013,7257,0,0,0,0,0
673,68,674.2970319521611,99823,126,52,127,46,36810,18981,0.5588992516754656,56,38,24355,24493,10370,5412,14964,19957,41887,29983,0,0,13108,8226,17227,3037,5453,567,175,0,0,384,41386,2999,7261,0,0,0,0,0
674,68,675.3265140825548,99823,117,52,127,46,36820,18991,0.5590996063031566,61,34,24391,24557,10346,5396,14956,19913,41921,30034,0,0,13067,8193,17256,3029,5470,567,177,0,0,397,41411,2990,7266,0,0,0,0,0
675,68,676.3544843156836,99823,119,54,127,46,36838,19003,0.5594001382446931,60,34,24436,24601,10305,5381,14951,19882,41955,30085,0,0,13025,8164,17274,3026,5479,572,178,0,0,408,41441,2980,7276,0,0,0,0,0
676,68,677.3807956556476,99823,120,59,127,46,36853,19015,0.559670616992076,63,32,24487,24656,10253,5365,14948,19840,41988,30135,0,0,12987,8135,17293,3020,5496,572,178,0,0,418,41469,2970,7285,0,0,0,0,0
677,68,678.405032374944,99823,124,63,127,46,36871,19029,0.5599911843963816,62,30,24543,24700,10204,5355,14938,19804,42021,30185,0,0,12942,8111,17310,3017,5506,575,180,0,0,429,41501,2959,7293,0,0,0,0,0
678,68,679.4270460393417,99823,115,62,127,46,36879,19033,0.5601113971729962,67,31,24594,24743,10169,5338,14926,19778,42054,30235,0,0,12905,8079,17333,3013,5517,579,183,0,0,436,41528,2949,7301,0,0,0,0,0
679,68,680.4466837356808,99823,122,64,127,46,36902,19039,0.5604019113831482,67,31,24630,24806,10128,5323,14924,19728,42086,30284,0,0,12864,8053,17350,3006,5535,580,186,0,0,441,41561,2941,7306,0,0,0,0,0
680,68,681.4646526883198,99823,117,58,127,46,36915,19045,0.5605922482794546,75,43,24669,24850,10080,5311,14930,19690,42118,30333,0,0,12821,8022,17375,3008,5541,584,189,0,0,456,41586,2933,7308,0,0,0,0,0
681,68,682.4810608214452,99823,113,55,127,46,36926,19055,0.5608026206385301,85,46,24731,24905,10032,5308,14910,19638,42150,30382,0,0,12786,7989,17399,3003,5556,586,191,0,0,470,41605,2925,7313,0,0,0,0,0
682,68,683.4950016110096,99823,111,59,127,46,36950,19069,0.5611832944311431,82,40,24762,24969,10010,5294,14906,19590,42182,30430,0,0,12737,7969,17414,2995,5572,587,201,0,0,486,41628,2912,7322,0,0,0,0,0
683,68,684.0010573749714,99823,109,62,127,46,36958,19077,0.5613435781332959,85,37,24760,24974,9986,5285,14931,19594,42213,30478,0,0,12691,7945,17433,2995,5576,590,204,0,0,490,41667,2902,7330,0,0,0,0,0
684,68,685.0134928016837,99823,120,71,127,46,36983,19089,0.5617142341945243,74,34,24789,25016,9956,5266,14932,19565,42244,30526,0,0,12652,7921,17452,2987,5586,593,205,0,0,497,41698,2892,7340,0,0,0,0,0
685,68,686.024619632554,99823,125,72,127,46,37002,19099,0.5620047484046763,70,33,24830,25074,9912,5251,14934,19522,42275,30573,0,0,12609,7893,17474,2984,5594,594,209,0,0,509,41725,2884,7348,0,0,0,0,0
686,68,687.0344414089664,99823,125,68,127,46,37017,19105,0.5622151207637518,70,41,24857,25124,9884,5235,14935,19484,42305,30620,0,0,12562,7869,17487,2984,5605,596,213,0,0,516,41761,2875,7355,0,0,0,0,0
687,68,688.0428886728671,99823,121,68,127,46,37031,19113,0.562435510854212,83,46,24911,25183,9832,5213,14924,19442,42335,30667,0,0,12527,7844,17504,2976,5621,599,216,0,0,525,41784,2863,7364,0,0,0,0,0
688,68,689.0493431122202,99823,123,67,127,46,37053,19122,0.562746060527133,84,49,24950,25235,9800,5198,14914,19403,42365,30714,0,0,12485,7815,17528,2973,5628,602,220,0,0,539,41808,2854,7371,0,0,0,0,0
689,68,690.0538849180216,99823,134,64,127,46,37077,19130,0.5630666279314387,84,48,24977,25286,9760,5184,14916,19370,42395,30760,0,0,12447,7789,17549,2970,5637,603,221,0,0,554,41830,2844,7379,0,0,0,0,0
690,68,691.0572271106407,99823,134,68,127,46,37095,19142,0.5633671598729751,85,44,24989,25329,9741,5174,14922,19337,42424,30806,0,0,12398,7760,17574,2972,5641,604,230,0,0,563,41861,2836,7384,0,0,0,0,0
691,68,692.0598037012469,99823,145,69,127,46,37124,19153,0.5637678691283572,82,43,25014,25371,9717,5167,14913,19302,42453,30852,0,0,12352,7742,17586,2966,5653,607,234,0,0,575,41891,2827,7390,0,0,0,0,0
692,68,693.0613257108915,99823,141,70,127,46,37140,19166,0.5640583833385091,90,45,25055,25422,9685,5153,14900,19262,42482,30897,0,0,12311,7715,17608,2962,5665,610,240,0,0,587,41914,2819,7392,0,0,0,0,0
693,68,694.0616045072398,99823,142,72,127,46,37160,19179,0.5643889684741993,86,41,25066,25491,9671,5134,14906,19214,42511,30942,0,0,12271,7685,17629,2959,5677,612,247,0,0,596,41937,2811,7399,0,0,0,0,0
694,68,695.0609338882922,99823,148,69,127,46,37180,19184,0.564639411758813,90,48,25103,25536,9634,5120,14896,19179,42539,30987,0,0,12230,7659,17648,2958,5686,613,251,0,0,605,41965,2803,7405,0,0,0,0,0
695,68,696.0590501405227,99823,160,70,127,46,37208,19192,0.565000050088657,89,49,25143,25579,9606,5106,14873,19148,42567,31031,0,0,12188,7631,17666,2960,5692,617,254,0,0,610,41998,2798,7409,0,0,0,0,0
696,68,697.0554025619361,99823,160,68,127,46,37227,19203,0.5653005820301934,90,43,25199,25633,9563,5094,14859,19114,42595,31075,0,0,12149,7607,17679,2953,5711,619,257,0,0,623,42021,2793,7411,0,0,0,0,0
697,68,698.0498633198168,99823,160,76,127,46,37255,19215,0.5657012912855754,86,42,25246,25697,9539,5067,14840,19070,42623,31119,0,0,12110,7582,17694,2954,5722,622,263,0,0,633,42044,2780,7419,0,0,0,0,0
698,68,699.0422489491859,99823,159,72,127,46,37280,19222,0.5660218586898811,86,49,25278,25745,9523,5051,14825,19035,42650,31163,0,0,12066,7558,17709,2948,5741,623,269,0,0,649,42066,2777,7417,0,0,0,0,0
699,68,700.0332726138724,99823,161,77,127,46,37304,19233,0.5663724792883403,98,53,25323,25792,9481,5029,14808,19001,42677,31206,0,0,12032,7531,17727,2942,5753,628,271,0,0,658,42089,2772,7420,0,0,0,0,0
700,68,701.0225882294986,99822,154,79,127,47,37319,19245,0.5666486345695337,97,47,25369,25839,9451,5021,14800,18965,42704,31249,0,0,11987,7510,17740,2935,5768,631,277,0,0,669,42116,2769,7420,0,0,0,0,0
701,68,702.0100635988451,99822,143,78,127,47,37340,19254,0.5669491695217487,98,48,25407,25896,9445,5005,14778,18924,42731,31292,0,0,11945,7487,17749,2934,5783,635,282,0,0,682,42139,2759,7427,0,0,0,0,0
702,68,703.4883610789966,99822,158,70,127,47,37384,19267,0.5675201859309571,96,63,25474,25977,9403,4994,14740,18847,42757,31335,0,0,11905,7458,17763,2936,5799,638,289,0,0,701,42153,2750,7430,0,0,0,0,0
703,68,704.471557476619,99822,166,79,127,47,37407,19287,0.5679509526957985,94,49,25520,26028,9373,4983,14718,18812,42783,31377,0,0,11869,7440,17776,2930,5808,643,293,0,0,713,42173,2741,7436,0,0,0,0,0
704,68,705.4528901669273,99822,168,78,127,47,37430,19300,0.5683115946384565,87,50,25565,26085,9345,4970,14706,18768,42809,31419,0,0,11834,7422,17786,2923,5828,645,296,0,0,727,42191,2729,7441,0,0,0,0,0
705,68,706.432816654378,99822,178,81,127,47,37457,19314,0.5687223257398168,86,47,25606,26143,9316,4955,14685,18725,42835,31461,0,0,11795,7398,17802,2920,5841,646,302,0,0,735,42214,2721,7448,0,0,0,0,0
706,68,707.4110935504902,99822,166,89,127,47,37473,19330,0.5690428963555129,94,48,25627,26183,9300,4938,14684,18693,42861,31502,0,0,11754,7371,17815,2918,5858,648,308,0,0,745,42239,2717,7449,0,0,0,0,0
707,68,708.3882451189085,99822,162,88,127,47,37494,19341,0.5693634669712088,90,42,25672,26239,9283,4930,14664,18652,42886,31543,0,0,11714,7353,17826,2914,5873,651,311,0,0,761,42260,2709,7450,0,0,0,0,0
708,68,709.3639752050485,99822,159,90,127,47,37509,19352,0.5696239305964617,103,43,25695,26286,9257,4919,14657,18613,42911,31584,0,0,11672,7337,17837,2905,5889,652,316,0,0,771,42287,2702,7454,0,0,0,0,0
709,68,710.3386307825158,99822,161,89,127,47,37533,19363,0.5699745547073791,109,38,25718,26330,9232,4915,14651,18579,42936,31625,0,0,11633,7314,17847,2903,5907,652,317,0,0,786,42310,2698,7455,0,0,0,0,0
710,68,711.3121288055656,99822,165,87,127,47,37553,19373,0.5702750896595941,105,44,25772,26386,9202,4908,14627,18526,42961,31665,0,0,11599,7290,17859,2895,5930,653,319,0,0,794,42334,2696,7453,0,0,0,0,0
711,68,712.2837429692174,99822,163,83,127,47,37577,19380,0.5705856424435495,103,50,25819,26424,9189,4899,14597,18495,42985,31705,0,0,11565,7266,17873,2896,5940,657,323,0,0,808,42349,2686,7459,0,0,0,0,0
712,68,713.2539348066625,99822,173,82,127,47,37604,19392,0.570976337881429,99,45,25866,26481,9158,4892,14575,18451,43009,31745,0,0,11531,7242,17890,2891,5952,658,326,0,0,826,42362,2682,7462,0,0,0,0,0
713,68,714.222289536398,99821,176,81,128,47,37635,19404,0.5714128289638453,91,44,25889,26523,9150,4890,14564,18413,43033,31785,0,0,11491,7229,17892,2888,5965,662,334,0,0,842,42378,2668,7472,0,0,0,0,0
714,68,715.1894417327769,99821,172,77,128,47,37657,19416,0.5717534386551928,80,48,25944,26558,9133,4890,14541,18378,43057,31824,0,0,11458,7204,17911,2882,5981,663,339,0,0,866,42382,2663,7472,0,0,0,0,0
715,68,716.1549179123791,99821,168,75,128,47,37675,19426,0.5720339407539495,89,54,25975,26609,9114,4880,14524,18333,43081,31863,0,0,11431,7178,17927,2882,5994,664,339,0,0,884,42391,2652,7479,0,0,0,0,0
716,68,717.1189987936277,99821,163,77,128,47,37697,19436,0.5723545145811002,90,51,26007,26665,9104,4872,14506,18286,43104,31902,0,0,11403,7159,17936,2876,6010,668,341,0,0,898,42403,2641,7486,0,0,0,0,0
717,68,718.0819293108751,99821,161,81,128,47,37722,19448,0.572725178068743,97,49,26011,26716,9100,4856,14501,18249,43127,31941,0,0,11369,7128,17958,2878,6020,670,348,0,0,909,42419,2634,7488,0,0,0,0,0
718,68,719.0443217151078,99821,159,78,128,47,37744,19456,0.5730257160316967,101,53,26042,26763,9074,4845,14494,18212,43150,31979,0,0,11329,7112,17965,2877,6034,672,353,0,0,922,42441,2625,7491,0,0,0,0,0
719,68,720.0059240661438,99821,160,82,128,47,37773,19473,0.5734865409082257,93,40,26082,26820,9057,4842,14478,18167,43173,32017,0,0,11299,7088,17976,2872,6054,673,357,0,0,938,42451,2616,7497,0,0,0,0,0
720,68,721.4462093401797,99821,154,80,128,47,37804,19494,0.5740074733773455,96,34,26130,26910,9052,4832,14438,18095,43196,32055,0,0,11265,7067,17986,2868,6072,674,363,0,0,972,42444,2605,7505,0,0,0,0,0
721,68,722.4047231073718,99821,161,83,128,47,37833,19503,0.5743881547970868,96,40,26181,26956,9023,4806,14409,18066,43219,32093,0,0,11223,7054,17995,2863,6079,677,369,0,0,986,42466,2598,7511,0,0,0,0,0
722,68,723.3616542948421,99821,162,80,128,47,37855,19514,0.5747187465563358,91,40,26226,26992,8997,4797,14394,18042,43241,32130,0,0,11194,7031,18011,2858,6092,679,373,0,0,1005,42472,2592,7514,0,0,0,0,0
723,68,724.3166350165608,99821,156,79,128,47,37874,19523,0.5749992486550927,102,43,26258,27034,8981,4790,14373,18005,43263,32167,0,0,11157,7002,18026,2863,6102,681,379,0,0,1014,42494,2588,7515,0,0,0,0,0
724,68,725.2704039768753,99821,160,77,128,47,37894,19533,0.5752997866180463,106,43,26295,27059,8955,4787,14354,17985,43285,32204,0,0,11128,6974,18045,2858,6118,682,385,0,0,1022,42509,2584,7516,0,0,0,0,0
725,68,726.2230145672048,99821,161,84,128,47,37922,19548,0.57573055769828,108,42,26338,27086,8929,4778,14334,17961,43307,32241,0,0,11088,6958,18050,2855,6134,683,390,0,0,1037,42529,2579,7518,0,0,0,0,0
726,68,727.1740495640673,99821,166,84,128,47,37947,19559,0.5760912032538243,113,37,26382,27122,8910,4770,14299,17938,43329,32277,0,0,11053,6943,18054,2851,6145,689,393,0,0,1048,42550,2575,7520,0,0,0,0,0
727,68,728.1234070753889,99821,190,82,128,47,37993,19568,0.5766421895192394,91,34,26403,27158,8899,4765,14287,17912,43350,32313,0,0,11028,6922,18069,2845,6157,695,393,0,0,1066,42557,2573,7516,0,0,0,0,0
728,68,729.0716091431021,99821,185,77,128,47,38015,19576,0.5769427274821931,96,38,26431,27200,8881,4757,14277,17879,43371,32349,0,0,10989,6908,18074,2844,6167,698,397,0,0,1086,42570,2567,7521,0,0,0,0,0
729,68,730.0191013261599,99821,174,82,128,47,38031,19588,0.5772232295809498,109,37,26474,27247,8856,4747,14257,17838,43392,32385,0,0,10959,6889,18087,2835,6186,699,402,0,0,1102,42579,2562,7521,0,0,0,0,0
730,68,731.4374460748556,99821,166,79,128,47,38060,19604,0.5776740365253804,118,42,26537,27320,8833,4738,14216,17772,43413,32421,0,0,10914,6876,18087,2830,6207,704,413,0,0,1120,42595,2556,7519,0,0,0,0,0
731,68,732.3810340525755,99821,169,86,128,47,38090,19618,0.5781148255377125,112,39,26562,27372,8823,4724,14204,17730,43434,32456,0,0,10877,6863,18092,2822,6222,708,419,0,0,1132,42614,2551,7521,0,0,0,0,0
732,68,733.3237206045695,99821,172,88,128,47,38115,19628,0.5784654531611585,113,44,26594,27413,8805,4719,14186,17687,43455,32491,0,0,10848,6845,18102,2818,6234,713,422,0,0,1141,42631,2543,7524,0,0,0,0,0
733,68,734.2653077455506,99821,180,93,128,47,38149,19642,0.5789463139018843,103,43,26622,27457,8787,4711,14178,17647,43475,32526,0,0,10821,6822,18119,2819,6244,717,426,0,0,1153,42641,2534,7525,0,0,0,0,0
734,68,735.2057866220779,99821,186,88,128,47,38175,19649,0.5792769056611334,109,56,26660,27488,8765,4703,14150,17616,43495,32561,0,0,10787,6805,18130,2818,6245,724,432,0,0,1168,42654,2528,7530,0,0,0,0,0
735,68,736.144888771094,99821,181,93,128,47,38199,19666,0.5796876408771702,123,45,26687,27539,8742,4694,14137,17580,43515,32595,0,0,10755,6786,18142,2813,6260,724,438,0,0,1190,42657,2522,7534,0,0,0,0,0
736,68,737.0828171870825,99821,188,87,128,47,38228,19677,0.5800883581611084,114,46,26723,27584,8726,4696,14119,17538,43535,32629,0,0,10726,6767,18150,2814,6271,726,439,0,0,1210,42664,2513,7541,0,0,0,0,0
737,68,738.0195788640711,99821,191,87,128,47,38255,19686,0.5804490037166528,120,54,26751,27629,8705,4685,14103,17496,43555,32663,0,0,10689,6750,18164,2813,6281,726,447,0,0,1223,42679,2505,7544,0,0,0,0,0
738,68,739.4225760717297,99821,187,87,128,47,38290,19709,0.5810300437783633,123,46,26798,27706,8699,4688,14063,17424,43575,32697,0,0,10651,6737,18163,2809,6298,732,451,0,0,1251,42684,2498,7547,0,0,0,0,0
739,68,740.3566061809888,99821,192,85,128,47,38316,19720,0.5814007072660061,113,48,26834,27754,8686,4686,14045,17378,43594,32731,0,0,10623,6719,18171,2804,6312,734,455,0,0,1267,42692,2492,7552,0,0,0,0,0
740,68,741.2893126181183,99821,191,83,128,47,38337,19730,0.5817112631610583,115,49,26856,27790,8674,4686,14034,17343,43613,32764,0,0,10589,6701,18183,2810,6316,737,457,0,0,1282,42707,2485,7554,0,0,0,0,0
741,68,742.2211208304616,99821,198,86,128,47,38360,19745,0.5820919445807996,117,49,26909,27843,8638,4673,14008,17300,43632,32797,0,0,10557,6682,18192,2810,6323,742,462,0,0,1289,42727,2481,7556,0,0,0,0,0
742,68,743.1514902703658,99821,194,93,128,47,38384,19763,0.5825126977289348,117,45,26938,27898,8626,4663,13995,17252,43651,32830,0,0,10526,6668,18196,2800,6341,746,467,0,0,1304,42738,2476,7559,0,0,0,0,0
743,68,744.0806013925354,99821,186,96,128,47,38409,19779,0.5829234329449715,118,41,26968,27941,8620,4656,13978,17217,43670,32863,0,0,10497,6646,18207,2796,6360,747,477,0,0,1323,42738,2469,7561,0,0,0,0,0
744,68,745.0086051452454,99821,188,95,128,47,38442,19785,0.5833141322968113,111,52,27005,27980,8606,4641,13960,17183,43689,32896,0,0,10464,6627,18213,2798,6379,749,484,0,0,1326,42758,2460,7563,0,0,0,0,0
745,68,746.3984097308926,99821,194,91,128,47,38485,19801,0.5839051902906202,103,53,27055,28050,8602,4641,13916,17116,43708,32928,0,0,10430,6612,18213,2798,6395,754,486,0,0,1352,42763,2454,7564,0,0,0,0,0
746,68,747.3235100582277,99821,207,91,128,47,38515,19816,0.5843559972350507,100,47,27078,28098,8585,4637,13900,17078,43726,32960,0,0,10403,6592,18225,2798,6402,755,491,0,0,1369,42768,2445,7573,0,0,0,0,0
747,68,748.2476981208481,99821,198,96,128,47,38538,19831,0.5847366786547921,106,45,27112,28144,8577,4629,13877,17037,43744,32992,0,0,10367,6576,18225,2802,6419,757,493,0,0,1382,42788,2440,7572,0,0,0,0,0
748,68,749.1707809129949,99821,198,98,128,47,38565,19843,0.5851273780066318,108,52,27132,28195,8564,4621,13868,16985,43762,33024,0,0,10338,6558,18235,2799,6436,757,496,0,0,1399,42796,2435,7572,0,0,0,0,0
749,68,750.093182346173,99821,196,101,128,47,38596,19859,0.5855982208152594,107,52,27160,28237,8553,4621,13854,16940,43780,33056,0,0,10304,6542,18236,2796,6456,760,506,0,0,1412,42807,2429,7573,0,0,0,0,0
750,68,751.0147044727746,99821,193,104,128,47,38620,19872,0.5859688843029022,105,55,27186,28283,8542,4617,13844,16892,43798,33087,0,0,10280,6517,18250,2793,6469,763,509,0,0,1426,42813,2426,7575,0,0,0,0,0
751,68,752.3952631990015,99821,191,106,128,47,38652,19888,0.5864497450436281,117,64,27222,28380,8526,4605,13814,16796,43816,33118,0,0,10251,6500,18258,2795,6483,764,512,0,0,1451,42814,2416,7577,0,0,0,0,0
752,68,753.3143692366649,99821,181,106,128,47,38673,19901,0.5867903547349756,114,68,27264,28426,8518,4604,13793,16747,43834,33149,0,0,10214,6488,18257,2792,6502,767,517,0,0,1467,42829,2414,7574,0,0,0,0,0
753,68,754.2325001233495,99821,192,106,128,47,38705,19914,0.5872411616794061,105,77,27293,28456,8500,4604,13780,16708,43851,33180,0,0,10190,6464,18270,2791,6518,768,520,0,0,1479,42838,2411,7572,0,0,0,0,0
754,68,755.1493896300425,99821,190,106,128,47,38723,19926,0.5875416996423598,113,82,27340,28490,8479,4600,13748,16673,43868,33211,0,0,10155,6448,18279,2793,6525,770,524,0,0,1493,42854,2408,7572,0,0,0,0,0
755,68,756.0647637413603,99821,188,107,128,47,38741,19946,0.5879223810621012,118,77,27366,28513,8464,4602,13734,16652,43885,33241,0,0,10121,6438,18283,2787,6540,773,529,0,0,1511,42865,2405,7569,0,0,0,0,0
756,68,757.4359197393023,99820,201,108,129,47,38783,19971,0.5885994790623121,118,73,27413,28597,8436,4595,13701,16578,43902,33271,0,0,10087,6423,18286,2784,6554,776,538,0,0,1538,42862,2402,7570,0,0,0,0,0
757,68,758.3485043064267,99820,202,105,129,47,38811,19988,0.5890502905229413,113,78,27459,28642,8418,4597,13677,16529,43919,33301,0,0,10058,6408,18284,2781,6574,780,545,0,0,1555,42867,2398,7570,0,0,0,0,0
758,68,759.2598266010172,99820,193,107,129,47,38838,20006,0.5895011019835704,110,77,27482,28689,8424,4590,13660,16488,43936,33331,0,0,10031,6390,18286,2785,6593,783,549,0,0,1573,42872,2388,7570,0,0,0,0,0
759,68,760.1702428185095,99820,191,106,129,47,38863,20021,0.5899018232819074,103,81,27499,28726,8415,4587,13661,16451,43953,33361,0,0,10008,6372,18292,2785,6606,785,552,0,0,1597,42868,2381,7574,0,0,0,0,0
760,68,761.080104504089,99820,190,110,129,47,38882,20042,0.5903025445802444,121,71,27512,28766,8400,4588,13646,16416,43969,33390,0,0,9979,6358,18298,2781,6619,786,555,0,0,1619,42872,2379,7574,0,0,0,0,0
761,68,762.4435860647737,99820,188,115,129,47,38920,20063,0.5908936084952915,121,65,27569,28824,8381,4576,13610,16371,43985,33419,0,0,9946,6345,18298,2776,6642,789,563,0,0,1639,42876,2374,7572,0,0,0,0,0
762,68,763.3511355534425,99820,194,117,129,47,38946,20079,0.5913143658585454,121,58,27611,28865,8366,4572,13577,16339,44001,33448,0,0,9922,6329,18306,2773,6658,789,566,0,0,1656,42880,2368,7573,0,0,0,0,0
763,68,764.257511011094,99820,196,119,129,47,38977,20096,0.5917952314165498,112,50,27643,28921,8353,4564,13565,16297,44017,33477,0,0,9892,6312,18308,2775,6672,792,570,0,0,1674,42888,2364,7573,0,0,0,0,0
764,68,765.1626541235364,99819,191,123,130,47,38997,20112,0.5921618128813152,124,53,27655,28954,8356,4557,13542,16264,44033,33506,0,0,9863,6301,18313,2773,6679,796,573,0,0,1692,42896,2356,7577,0,0,0,0,0
765,68,766.0671364886457,99819,194,121,130,47,39020,20123,0.592502429397209,123,49,27691,28995,8332,4556,13528,16230,44049,33535,0,0,9835,6286,18318,2764,6699,797,581,0,0,1701,42906,2353,7579,0,0,0,0,0
766,68,767.4221054273731,99819,207,116,130,47,39068,20144,0.5931936805618169,117,43,27732,29067,8329,4561,13483,16164,44065,33563,0,0,9802,6271,18315,2767,6717,800,588,0,0,1728,42905,2348,7578,0,0,0,0,0
767,68,768.3241994081757,99819,212,110,130,47,39096,20159,0.5936244602730943,118,42,27749,29110,8329,4568,13460,16121,44081,33591,0,0,9771,6258,18315,2765,6734,803,593,0,0,1743,42914,2344,7579,0,0,0,0,0
768,68,769.2257401304095,99819,213,101,130,47,39119,20171,0.5939750949218084,119,46,27772,29155,8308,4577,13456,16072,44096,33619,0,0,9748,6244,18321,2761,6749,804,595,0,0,1769,42909,2339,7580,0,0,0,0,0
769,68,770.1266701176337,99819,221,100,130,47,39157,20186,0.5945060559612899,109,46,27803,29172,8299,4579,13436,16054,44111,33647,0,0,9724,6227,18327,2758,6771,805,599,0,0,1786,42911,2333,7578,0,0,0,0,0
770,68,771.0264624959534,99819,218,99,130,47,39182,20197,0.5948667087428245,104,48,27838,29198,8299,4570,13409,16036,44126,33675,0,0,9694,6214,18331,2758,6779,810,607,0,0,1800,42919,2325,7582,0,0,0,0,0
771,68,772.3743634995074,99819,215,94,130,47,39227,20207,0.5954177060479467,98,62,27896,29249,8295,4565,13364,15981,44141,33703,0,0,9666,6191,18332,2759,6803,813,614,0,0,1820,42916,2324,7581,0,0,0,0,0
772,68,773.2714623109524,99819,205,96,130,47,39246,20222,0.5957583225638405,105,59,27932,29288,8283,4559,13343,15949,44156,33730,0,0,9638,6179,18335,2759,6817,817,619,0,0,1834,42925,2317,7579,0,0,0,0,0
773,68,774.1672015305787,99819,193,92,130,47,39271,20234,0.5961289934781955,112,58,27960,29331,8280,4555,13323,15915,44171,33757,0,0,9615,6156,18345,2757,6828,823,627,0,0,1859,42915,2316,7578,0,0,0,0,0
774,68,775.0623065028778,99819,188,88,130,47,39296,20246,0.5964996643925505,114,62,27987,29376,8277,4550,13302,15875,44186,33784,0,0,9595,6133,18357,2759,6839,826,631,0,0,1881,42909,2310,7579,0,0,0,0,0
775,68,776.4030365999831,99819,180,98,130,47,39330,20273,0.5971107704945953,123,48,28040,29465,8273,4533,13252,15807,44201,33811,0,0,9566,6114,18362,2763,6857,827,639,0,0,1904,42905,2302,7580,0,0,0,0,0
776,68,777.2953959032861,99819,181,94,130,47,39354,20285,0.5974714232761298,117,47,28070,29489,8258,4537,13242,15784,44216,33838,0,0,9537,6102,18364,2758,6872,829,645,0,0,1923,42909,2300,7580,0,0,0,0,0
777,68,778.187015061635,99819,175,98,130,47,39377,20297,0.597822057924844,112,50,28098,29534,8255,4527,13228,15742,44230,33865,0,0,9515,6086,18372,2752,6889,829,651,0,0,1940,42908,2295,7582,0,0,0,0,0
778,68,779.077840640285,99819,177,103,130,47,39404,20314,0.5982628557689418,110,38,28133,29587,8246,4516,13202,15707,44244,33891,0,0,9498,6070,18377,2753,6896,835,650,0,0,1959,42906,2290,7585,0,0,0,0,0
779,68,780.4121499820417,99819,173,102,130,47,39436,20331,0.5987537442771417,104,37,28182,29644,8238,4510,13171,15658,44258,33917,0,0,9475,6056,18374,2753,6917,837,656,0,0,1982,42900,2281,7588,0,0,0,0,0
780,68,781.3004545516553,99819,174,96,130,47,39458,20339,0.5990542882617538,104,33,28199,29666,8227,4517,13164,15639,44272,33943,0,0,9447,6047,18376,2751,6924,841,660,0,0,2000,42906,2276,7591,0,0,0,0,0
781,68,782.187960441853,99819,186,85,130,47,39482,20345,0.5993548322463659,100,34,28219,29715,8215,4518,13148,15599,44286,33969,0,0,9423,6032,18385,2747,6933,842,664,0,0,2016,42910,2274,7593,0,0,0,0,0
782,68,783.0750411312004,99819,179,85,130,47,39507,20354,0.5996954487622597,104,39,28242,29760,8214,4515,13129,15552,44300,33995,0,0,9395,6025,18383,2743,6958,843,667,0,0,2026,42922,2268,7589,0,0,0,0,0
783,68,784.4041660019008,99819,183,90,130,47,39548,20372,0.6002865185986636,96,49,28304,29811,8203,4507,13082,15494,44314,34021,0,0,9365,6010,18388,2743,6977,845,675,0,0,2039,42929,2261,7587,0,0,0,0,0
784,68,785.2884891220074,99819,175,83,130,47,39566,20383,0.6005770444504553,93,50,28329,29855,8206,4510,13065,15453,44328,34046,0,0,9341,5999,18382,2745,6991,848,677,0,0,2059,42931,2253,7593,0,0,0,0,0
785,68,786.1722410390018,99819,184,84,130,47,39593,20394,0.6009577334976307,86,48,28348,29890,8197,4507,13053,15422,44342,34071,0,0,9320,5991,18388,2740,6997,852,678,0,0,2078,42932,2248,7595,0,0,0,0,0
786,68,787.0554362976725,99819,186,90,130,47,39619,20408,0.6013584588104469,81,43,28395,29930,8182,4494,13024,15394,44356,34096,0,0,9299,5976,18395,2737,7014,852,678,0,0,2093,42937,2246,7592,0,0,0,0,0
787,68,788.3776116253753,99819,182,86,130,47,39645,20420,0.6017391478576223,95,48,28459,29994,8153,4487,12979,15336,44369,34121,0,0,9276,5959,18397,2743,7026,854,680,0,0,2116,42935,2241,7592,0,0,0,0,0
788,68,789.2573104366147,99819,182,92,130,47,39665,20434,0.6020797643735161,99,44,28486,30030,8146,4479,12955,15306,44382,34146,0,0,9251,5946,18403,2745,7035,855,685,0,0,2126,42945,2235,7593,0,0,0,0,0
789,68,790.1359159450134,99819,181,94,130,47,39685,20444,0.6023803083581282,99,43,28521,30064,8125,4475,12942,15275,44395,34171,0,0,9229,5934,18412,2744,7042,856,686,0,0,2146,42946,2231,7593,0,0,0,0,0
790,68,791.0136948495115,99819,197,98,130,47,39717,20457,0.6028311243350465,91,40,28544,30116,8109,4466,12927,15231,44408,34196,0,0,9212,5917,18421,2746,7049,857,685,0,0,2160,42950,2225,7597,0,0,0,0,0
791,68,792.3285566354035,99819,169,87,130,47,39745,20469,0.6032318496478626,97,46,28596,30169,8121,4469,12885,15180,44421,34220,0,0,9182,5899,18422,2744,7071,861,698,0,0,2195,42931,2223,7593,0,0,0,0,0
792,68,793.2039716710468,99819,163,86,130,47,39760,20477,0.603462266702732,100,50,28630,30207,8116,4471,12859,15137,44434,34244,0,0,9158,5885,18430,2743,7078,863,702,0,0,2211,42935,2221,7593,0,0,0,0,0
793,68,794.0786479039884,99819,162,82,130,47,39784,20486,0.6037928650858053,95,50,28652,30237,8109,4469,12850,15113,44447,34268,0,0,9135,5871,18432,2742,7090,867,706,0,0,2226,42939,2218,7593,0,0,0,0,0
794,68,795.3890715418296,99819,152,77,130,47,39809,20501,0.6041935903986215,98,49,28705,30294,8106,4466,12807,15065,44460,34292,0,0,9113,5852,18434,2745,7111,870,709,0,0,2245,42939,2213,7588,0,0,0,0,0
795,68,796.2615081072535,99819,153,84,130,47,39831,20514,0.6045442250473356,95,47,28751,30340,8089,4455,12780,15025,44473,34316,0,0,9091,5837,18441,2746,7122,872,712,0,0,2253,42950,2209,7586,0,0,0,0,0
796,68,797.1326481145941,99819,149,78,130,47,39844,20525,0.6047846602350254,91,49,28778,30378,8074,4460,12776,14986,44486,34340,0,0,9067,5829,18443,2747,7123,878,714,0,0,2274,42951,2204,7589,0,0,0,0,0
797,68,798.0028881186046,99819,145,84,130,47,39868,20537,0.6051453130165599,86,42,28809,30416,8071,4453,12757,14956,44499,34364,0,0,9050,5811,18450,2747,7136,881,715,0,0,2283,42957,2198,7591,0,0,0,0,0
798,68,799.3066743900629,99819,149,80,130,47,39901,20551,0.605616165259119,80,39,28867,30482,8065,4442,12707,14908,44511,34387,0,0,9030,5795,18459,2743,7150,885,723,0,0,2300,42950,2193,7591,0,0,0,0,0
799,68,800.1744192883976,99819,148,77,130,47,39915,20560,0.6058465823139884,78,36,28896,30518,8049,4434,12697,14886,44523,34410,0,0,9010,5791,18460,2739,7159,888,724,0,0,2316,42953,2186,7593,0,0,0,0,0
800,68,801.0414481344346,99819,139,76,130,47,39924,20568,0.6060168905719352,88,37,28921,30556,8036,4430,12684,14852,44535,34433,0,0,8989,5779,18465,2737,7168,890,729,0,0,2326,42959,2181,7596,0,0,0,0,0
801,68,802.3402444280485,99819,153,72,130,47,39960,20574,0.6064376521503922,75,47,28979,30627,8011,4412,12650,14793,44547,34456,0,0,8969,5768,18470,2735,7182,890,729,0,0,2345,42960,2178,7593,0,0,0,0,0
802,68,803.204750006182,99819,154,76,130,47,39985,20586,0.6068083230647472,65,41,29015,30683,7996,4399,12638,14752,44559,34479,0,0,8949,5751,18477,2735,7191,893,734,0,0,2357,42963,2175,7594,0,0,0,0,0
803,68,804.0681301432643,99819,148,79,130,47,40002,20595,0.6070687945180777,69,40,29039,30723,7990,4393,12622,14716,44571,34502,0,0,8921,5741,18484,2734,7196,896,742,0,0,2368,42971,2172,7594,0,0,0,0,0
804,68,805.3618023830654,99819,140,70,130,47,40022,20600,0.6073192478385878,78,45,29089,30802,7981,4383,12580,14651,44583,34525,0,0,8905,5726,18485,2732,7215,898,743,0,0,2383,42969,2166,7597,0,0,0,0,0
805,68,806.2230142654026,99819,147,73,130,47,40041,20610,0.6076097736903796,75,41,29112,30838,7963,4378,12571,14621,44595,34547,0,0,8886,5713,18492,2728,7225,899,748,0,0,2388,42977,2163,7600,0,0,0,0,0
806,68,807.083497011867,99819,143,74,130,47,40059,20618,0.6078702451437101,74,45,29134,30856,7950,4379,12567,14597,44607,34569,0,0,8867,5703,18496,2722,7239,901,751,0,0,2401,42980,2160,7599,0,0,0,0,0
807,68,808.3729299679619,99819,140,79,130,47,40082,20634,0.6082609523237059,77,41,29192,30918,7933,4372,12526,14541,44619,34591,0,0,8843,5692,18498,2720,7254,904,757,0,0,2411,42987,2156,7597,0,0,0,0,0
808,68,809.2311292183814,99819,141,74,130,47,40100,20641,0.608511405644216,71,42,29218,30951,7926,4371,12512,14513,44631,34613,0,0,8821,5684,18497,2718,7269,904,760,0,0,2423,42994,2150,7599,0,0,0,0,0
809,68,810.0885312348838,99819,144,74,130,47,40116,20647,0.608731804566265,76,40,29251,30995,7899,4362,12498,14480,44642,34635,0,0,8811,5672,18504,2716,7279,906,759,0,0,2432,42996,2143,7601,0,0,0,0,0
810,68,811.3727439634223,99819,148,71,130,47,40143,20658,0.6091124936134403,79,41,29302,31054,7878,4359,12461,14426,44653,34657,0,0,8792,5659,18505,2715,7295,906,759,0,0,2451,42995,2141,7601,0,0,0,0,0
811,68,812.2276178874695,99819,151,75,130,47,40157,20668,0.60935292880113,76,43,29347,31110,7855,4348,12439,14375,44664,34679,0,0,8778,5649,18512,2710,7303,907,759,0,0,2462,42998,2136,7605,0,0,0,0,0
812,68,813.0813412159374,99819,147,80,130,47,40175,20679,0.6096434546529218,81,40,29364,31147,7854,4341,12422,14343,44675,34701,0,0,8758,5639,18518,2710,7314,907,761,0,0,2475,43002,2130,7605,0,0,0,0,0
813,68,814.3606163620938,99819,137,84,130,47,40198,20696,0.610044179965738,82,33,29421,31224,7849,4323,12379,14287,44686,34722,0,0,8740,5627,18514,2711,7333,911,765,0,0,2490,43001,2124,7603,0,0,0,0,0
814,68,815.2123016718855,99819,133,84,130,47,40211,20698,0.6101944519580441,80,44,29457,31263,7836,4308,12362,14252,44697,34743,0,0,8724,5616,18517,2710,7342,913,763,0,0,2499,43010,2122,7603,0,0,0,0,0
815,68,816.0628626016603,99819,140,86,130,47,40230,20708,0.6104849778098358,88,38,29478,31300,7820,4304,12342,14223,44708,34764,0,0,8706,5607,18525,2708,7344,916,764,0,0,2512,43013,2119,7605,0,0,0,0,0
816,68,817.3371081524566,99819,139,84,130,47,40255,20721,0.6108656668570112,88,40,29537,31345,7807,4307,12297,14175,44719,34785,0,0,8688,5597,18522,2707,7366,916,765,0,0,2529,43012,2114,7603,0,0,0,0,0
817,68,818.1851782012623,99819,134,83,130,47,40268,20728,0.6110660295134193,96,42,29573,31381,7785,4291,12280,14154,44730,34806,0,0,8675,5586,18525,2704,7378,918,764,0,0,2542,43012,2110,7605,0,0,0,0,0
818,68,819.0322700174888,99819,141,82,130,47,40291,20733,0.6113465372323906,90,43,29603,31414,7774,4287,12260,14125,44741,34827,0,0,8657,5572,18534,2705,7384,920,765,0,0,2551,43020,2108,7603,0,0,0,0,0
819,68,820.3011089799603,99819,138,76,130,47,40318,20743,0.6117172081467456,85,46,29658,31477,7766,4281,12221,14071,44752,34848,0,0,8635,5560,18536,2706,7402,920,770,0,0,2570,43015,2104,7601,0,0,0,0,0
820,68,821.1457509073598,99819,149,81,130,47,40345,20753,0.6120878790611006,74,44,29699,31515,7747,4267,12199,14044,44763,34869,0,0,8619,5549,18542,2702,7413,921,771,0,0,2580,43020,2102,7600,0,0,0,0,0
821,68,822.4105611320635,99819,140,74,130,47,40369,20766,0.6124585499754556,73,39,29766,31580,7738,4261,12151,13997,44774,34889,0,0,8598,5541,18537,2695,7436,921,779,0,0,2606,43007,2096,7603,0,0,0,0,0
822,68,823.2522569639038,99819,142,69,130,47,40384,20771,0.6126589126318637,79,41,29789,31613,7731,4252,12127,13976,44785,34909,0,0,8581,5530,18541,2691,7449,922,781,0,0,2616,43012,2095,7601,0,0,0,0,0
823,68,824.0931620859046,99819,145,76,130,47,40396,20783,0.6128993478195534,85,39,29834,31652,7706,4247,12098,13937,44795,34929,0,0,8562,5519,18545,2691,7456,922,782,0,0,2621,43025,2093,7603,0,0,0,0,0
824,68,825.3524200022206,99819,129,75,130,47,40409,20797,0.6131698374057043,91,39,29870,31725,7701,4239,12077,13873,44805,34949,0,0,8546,5506,18546,2693,7467,927,786,0,0,2638,43019,2087,7604,0,0,0,0,0
825,68,826.1909829250864,99819,125,77,130,47,40422,20807,0.6134002544605737,90,42,29905,31761,7691,4239,12057,13832,44815,34969,0,0,8526,5499,18544,2691,7479,928,789,0,0,2646,43026,2083,7608,0,0,0,0,0
826,68,827.0288288199071,99819,128,74,130,47,40439,20815,0.6136507077810838,84,44,29935,31804,7676,4239,12045,13790,44825,34989,0,0,8515,5488,18551,2684,7490,930,791,0,0,2661,43020,2080,7609,0,0,0,0,0
827,68,828.2838217025692,99819,132,73,130,47,40467,20830,0.6140814874923611,81,43,29990,31859,7672,4233,11993,13743,44835,35009,0,0,8494,5475,18557,2682,7501,931,798,0,0,2682,43013,2078,7608,0,0,0,0,0
828,68,829.1192241128545,99819,130,73,130,47,40482,20837,0.6143018864144101,80,44,30018,31882,7663,4231,11977,13721,44845,35029,0,0,8484,5459,18559,2678,7519,934,799,0,0,2683,43020,2077,7607,0,0,0,0,0
829,68,830.3707231105016,99819,130,80,130,47,40501,20850,0.614622466664663,80,43,30072,31956,7649,4220,11937,13652,44855,35049,0,0,8468,5450,18562,2680,7527,935,798,0,0,2694,43023,2071,7611,0,0,0,0,0
830,68,831.2037870524887,99819,131,76,130,47,40520,20856,0.6148729199851731,79,42,30099,32002,7636,4213,11923,13618,44865,35068,0,0,8455,5441,18562,2677,7546,936,798,0,0,2702,43027,2066,7609,0,0,0,0,0
831,68,832.0361073499623,99819,136,80,130,47,40537,20868,0.6151634458369649,74,40,30127,32028,7623,4205,11908,13598,44875,35087,0,0,8438,5435,18561,2676,7557,938,800,0,0,2707,43036,2061,7610,0,0,0,0,0
832,68,833.2832878748962,99819,126,71,130,47,40555,20879,0.6154539716887566,73,45,30165,32085,7624,4204,11880,13546,44885,35106,0,0,8424,5419,18560,2671,7578,942,804,0,0,2725,43028,2061,7607,0,0,0,0,0
833,68,834.1138782115298,99819,123,72,130,47,40569,20888,0.615684388743626,76,51,30196,32115,7618,4197,11855,13516,44895,35125,0,0,8407,5409,18566,2671,7589,942,806,0,0,2733,43034,2055,7607,0,0,0,0,0
834,68,835.3580447543892,99819,116,76,130,47,40580,20903,0.6159448601969565,82,41,30261,32183,7597,4181,11812,13470,44905,35144,0,0,8384,5402,18568,2670,7597,943,814,0,0,2743,43038,2049,7611,0,0,0,0,0
835,68,836.1860343832958,99819,125,78,130,47,40598,20912,0.6162153497831074,76,45,30300,32218,7579,4168,11788,13442,44915,35163,0,0,8368,5395,18570,2667,7604,944,813,0,0,2753,43045,2046,7614,0,0,0,0,0
836,68,837.0131262623154,99819,121,84,130,47,40617,20924,0.61652591190054,71,42,30358,32246,7569,4163,11749,13416,44925,35182,0,0,8352,5385,18576,2668,7608,946,815,0,0,2771,43041,2040,7617,0,0,0,0,0
837,68,838.2511260801252,99819,130,76,130,47,40644,20936,0.6169166190805357,67,37,30409,32306,7551,4166,11711,13366,44934,35201,0,0,8332,5377,18578,2668,7617,947,818,0,0,2793,43035,2036,7618,0,0,0,0,0
838,68,839.0751238454952,99818,122,77,131,47,40659,20944,0.6171532188583222,70,41,30432,32337,7547,4158,11696,13338,44943,35220,0,0,8320,5366,18581,2668,7628,948,819,0,0,2807,43030,2030,7621,0,0,0,0,0
839,68,840.3098545052009,99818,122,79,131,47,40677,20954,0.6174337293874852,67,42,30485,32407,7533,4136,11660,13287,44952,35238,1,1,8303,5358,18583,2666,7636,950,822,0,0,2819,43031,2027,7621,0,0,1,0,1
840,68,841.1318478037531,99818,119,78,131,47,40689,20962,0.6176340940511731,68,43,30503,32452,7525,4130,11652,13248,44961,35256,2,2,8289,5349,18586,2662,7646,951,825,0,0,2830,43029,2023,7624,0,0,2,0,2
841,68,842.3637287773813,99818,112,76,131,47,40705,20974,0.6179146045803362,73,50,30543,32520,7518,4122,11621,13183,44970,35274,3,3,8273,5336,18590,2660,7660,951,829,0,0,2847,43022,2021,7623,0,1,2,0,3
842,68,843.1840758854145,99818,117,81,131,47,40721,20989,0.6182251698090525,74,39,30578,32555,7507,4120,11591,13156,44979,35292,4,4,8256,5328,18593,2657,7669,952,833,0,0,2854,43026,2017,7625,0,1,3,0,4
843,68,844.0035230117606,99818,117,81,131,47,40736,20996,0.6184455709391091,73,35,30609,32602,7487,4105,11581,13128,44988,35310,6,5,8237,5322,18594,2658,7673,955,833,0,0,2863,43032,2014,7627,0,1,4,0,5
844,68,845.2311111726121,99818,129,89,131,47,40762,21013,0.6188763549660382,65,29,30675,32672,7457,4095,11541,13066,44997,35328,8,6,8225,5312,18595,2658,7683,957,832,0,0,2874,43031,2011,7627,0,1,4,0,8
845,68,846.0480323223205,99818,128,78,131,47,40770,21014,0.6189665190646978,72,31,30699,32693,7432,4092,11536,13057,45006,35346,11,8,8215,5304,18599,2649,7692,962,833,0,0,2885,43027,2010,7626,1,2,4,0,9
846,68,847.2720446884048,99818,127,70,131,47,40794,21023,0.6192971207597828,76,40,30741,32741,7421,4086,11502,13014,45015,35364,15,10,8197,5296,18594,2649,7704,966,840,0,0,2901,43017,2004,7628,1,2,5,0,14
847,68,848.0870354249589,99818,131,72,131,47,40814,21029,0.6195575948225771,67,45,30757,32754,7419,4078,11493,13002,45024,35382,20,12,8182,5288,18596,2647,7717,966,841,0,0,2904,43021,2000,7628,1,3,6,0,18
848,68,849.308587289983,99818,127,76,131,47,40842,21043,0.6199783606163217,75,39,30785,32789,7418,4079,11462,12968,45033,35400,26,15,8159,5279,18590,2649,7729,970,849,0,0,2915,43019,1995,7628,1,4,8,0,23
849,68,850.1223459842574,99818,127,74,131,47,40860,21050,0.6202288164459316,68,38,30832,32819,7408,4075,11432,12945,45042,35417,33,18,8148,5272,18586,2644,7740,972,852,0,0,2928,43009,1988,7634,1,5,12,0,27
850,68,851.3410666422606,99818,125,70,131,47,40880,21062,0.6205493999078322,66,38,30888,32875,7398,4068,11390,12900,45051,35434,41,21,8134,5261,18583,2644,7750,974,854,0,0,2950,42992,1985,7635,1,5,16,0,34
851,68,852.1522609758387,99818,122,72,131,47,40894,21072,0.6207898375042578,70,37,30906,32897,7391,4065,11378,12880,45060,35451,50,25,8121,5248,18590,2641,7754,978,856,0,0,2963,42980,1985,7635,1,5,19,0,42
852,68,853.3681323897157,99818,120,69,131,47,40914,21080,0.6210703480334209,70,43,30956,32944,7378,4046,11343,12849,45069,35468,61,29,8101,5238,18593,2643,7759,980,863,0,0,2977,42969,1979,7635,3,6,21,0,51
853,68,854.1776661584906,99818,119,70,131,47,40928,21087,0.6212807309302931,74,44,30979,32986,7364,4034,11331,12817,45078,35485,73,34,8085,5228,18597,2641,7767,982,868,0,0,2982,42960,1976,7634,6,6,21,0,65
854,68,855.3906031010569,99818,125,70,131,47,40950,21099,0.6216213508585626,73,46,31037,33030,7340,4026,11292,12779,45087,35502,87,39,8070,5215,18597,2644,7775,984,869,0,0,2994,42950,1973,7632,8,6,24,0,77
855,68,856.198014526388,99818,125,74,131,47,40967,21108,0.6218818249213569,71,44,31048,33045,7345,4016,11278,12772,45095,35519,102,44,8052,5207,18591,2645,7779,985,871,0,0,3006,42948,1970,7629,13,6,33,0,83
856,68,857.0048227649555,99818,131,74,131,47,40984,21116,0.6221322807509667,68,47,31081,33073,7323,4007,11264,12750,45103,35536,119,50,8038,5194,18589,2649,7784,986,872,0,0,3013,42940,1968,7627,16,6,40,0,96
857,68,858.2137387409223,99817,124,66,131,48,40998,21126,0.6223789534848774,72,49,31131,33113,7300,4005,11240,12717,45111,35553,138,56,8020,5187,18585,2649,7791,992,876,0,0,3030,42918,1964,7625,18,6,43,0,113
858,68,859.0185928593946,99817,127,73,131,48,41019,21137,0.62269954015849,64,43,31150,33142,7298,3997,11228,12695,45119,35570,158,63,8003,5179,18580,2650,7793,995,878,0,0,3043,42902,1962,7626,19,6,50,0,131
859,68,860.2247221553541,99817,115,76,131,48,41037,21153,0.6230401634992035,72,43,31191,33184,7293,3984,11196,12663,45127,35587,180,70,7986,5173,18568,2650,7806,999,879,0,0,3060,42880,1956,7627,19,8,57,0,149
860,68,861.027957742416,99817,118,72,131,48,41056,21162,0.6233206768386147,68,40,31211,33198,7286,3985,11184,12655,45135,35603,204,78,7971,5163,18561,2649,7816,1003,885,0,0,3068,42866,1952,7621,26,8,65,0,163
861,68,862.2319019306848,99817,112,73,131,48,41082,21175,0.6237113918470801,61,39,31267,33231,7274,3985,11153,12622,45143,35619,230,86,7952,5156,18552,2646,7829,1007,890,0,0,3088,42837,1951,7616,29,8,72,0,184
862,68,863.0333190456416,99817,124,69,131,48,41100,21180,0.6239418135187393,56,40,31295,33253,7253,3981,11139,12607,45151,35635,258,95,7939,5149,18549,2646,7829,1010,891,0,0,3097,42815,1946,7618,31,9,80,0,208
863,68,864.2343247626139,99817,116,74,131,48,41112,21191,0.6241722351903984,58,42,31328,33272,7235,3970,11130,12592,45159,35651,288,104,7924,5139,18544,2648,7832,1014,895,0,0,3107,42793,1942,7615,37,11,88,0,228
864,68,865.0341833829776,99816,109,74,132,48,41121,21202,0.6243788570970585,67,37,31354,33286,7220,3967,11116,12586,45167,35667,320,114,7909,5131,18539,2650,7835,1017,896,0,0,3121,42761,1938,7615,39,13,95,0,257
865,68,866.2328133912218,99816,110,72,132,48,41139,21212,0.6246593732467741,62,34,31397,33309,7201,3967,11096,12568,45175,35683,354,125,7898,5122,18530,2652,7843,1019,898,0,0,3132,42731,1932,7610,46,17,105,0,281
866,68,867.0310227028942,99816,106,76,132,48,41151,21224,0.6248998156608159,62,29,31417,33324,7199,3958,11082,12563,45183,35699,390,136,7881,5119,18515,2649,7853,1021,897,0,0,3145,42707,1931,7603,51,18,117,0,309
867,68,868.2271476986815,99816,111,66,132,48,41166,21229,0.6251001843391841,74,33,31447,33345,7169,3946,11065,12560,45191,35715,429,148,7864,5112,18503,2651,7850,1030,900,0,0,3156,42682,1928,7600,54,20,131,0,335
868,68,869.0238653487665,99816,113,68,132,48,41180,21236,0.6253105714514707,80,31,31459,33354,7151,3941,11063,12556,45199,35731,470,160,7855,5100,18495,2653,7851,1035,899,0,0,3165,42651,1924,7601,55,20,146,0,366
869,68,870.2183318819547,99816,109,60,132,48,41195,21244,0.6255409954315941,77,32,31493,33363,7132,3940,11055,12555,45207,35747,513,173,7840,5094,18476,2648,7864,1040,900,0,0,3180,42611,1924,7600,56,24,158,0,401
870,68,871.0139116175803,99816,118,59,132,48,41208,21253,0.6257614009777992,72,26,31517,33364,7110,3933,11049,12568,45215,35763,558,187,7827,5087,18465,2647,7865,1045,900,0,0,3186,42584,1920,7597,61,26,173,0,433
871,68,872.2061886933345,99816,116,58,132,48,41230,21262,0.6260719724292698,67,22,31560,33399,7093,3914,11030,12557,45223,35779,606,201,7817,5079,18457,2647,7861,1059,900,0,0,3201,42544,1914,7591,64,30,188,0,464
872,68,873.0002186680048,99816,117,51,132,48,41242,21266,0.6262322673719645,68,27,31583,33397,7080,3907,11018,12568,45231,35794,656,216,7805,5071,18449,2646,7869,1063,900,0,0,3209,42501,1912,7586,68,31,198,0,508
873,68,874.1902645330057,99816,121,53,132,48,41263,21277,0.6265528572573535,55,24,31616,33409,7070,3897,11004,12567,45239,35809,708,231,7792,5063,18434,2649,7871,1072,900,0,0,3216,42468,1908,7579,74,35,212,0,543
874,68,875.379077383738,99815,113,47,133,48,41283,21286,0.626849671893002,56,25,31647,33423,7067,3878,10982,12577,45247,35824,762,247,7780,5054,18424,2644,7882,1082,904,0,0,3228,42420,1906,7565,83,42,222,0,579
875,68,876.1710311493081,99815,116,46,133,48,41295,21292,0.6270300055101938,59,23,31660,33422,7055,3873,10975,12586,45254,35839,819,264,7771,5049,18410,2645,7877,1091,902,0,0,3231,42378,1900,7567,85,50,238,0,621
876,68,877.3581986158568,99815,119,46,133,48,41314,21298,0.6272804688674047,60,30,31696,33437,7039,3854,10951,12583,45261,35854,878,281,7761,5040,18403,2644,7883,1096,904,0,0,3240,42325,1896,7559,93,50,249,0,672
877,68,878.1488401315247,99815,120,47,133,48,41327,21306,0.6274908580874619,60,26,31720,33434,7031,3848,10934,12595,45268,35869,939,299,7748,5037,18383,2642,7887,1102,902,0,0,3251,42280,1893,7553,100,50,266,0,721
878,68,879.3336696924366,99815,128,43,133,48,41349,21312,0.6277713770475379,54,27,31759,33448,7013,3840,10911,12592,45275,35884,1002,318,7735,5030,18369,2639,7890,1111,904,0,0,3257,42231,1893,7542,110,53,280,0,771
879,68,880.1226162388142,99815,127,43,133,48,41356,21316,0.6278815809247107,57,28,31777,33442,6993,3820,10911,12617,45282,35899,1068,337,7727,5020,18364,2635,7893,1116,906,0,0,3258,42179,1891,7533,121,58,291,0,823
880,68,881.3052981486237,99815,122,43,133,48,41368,21322,0.6280619145419025,64,33,31817,33427,6979,3814,10883,12633,45289,35914,1136,357,7715,5008,18349,2639,7892,1124,908,0,0,3266,42136,1887,7520,132,59,313,0,867
881,68,882.0928525182718,99815,119,44,133,48,41382,21329,0.6282723037619596,60,32,31833,33424,6972,3810,10881,12640,45296,35929,1206,377,7702,5005,18324,2638,7897,1129,908,0,0,3275,42080,1882,7518,136,61,337,0,923
882,68,883.2735728045499,99815,113,42,133,48,41396,21334,0.6284626559134399,65,37,31860,33442,6960,3788,10867,12641,45303,35944,1278,398,7691,4997,18308,2635,7898,1138,910,0,0,3286,42020,1880,7509,145,65,356,0,977
883,68,884.0601192108034,99815,108,51,133,48,41407,21344,0.628673045133497,65,29,31875,33421,6951,3773,10866,12676,45310,35959,1352,420,7681,4989,18291,2631,7894,1150,909,0,0,3294,41962,1879,7506,148,67,378,0,1036
884,68,885.2393311301307,99815,110,53,133,48,41426,21354,0.6289635826278616,57,24,31900,33417,6946,3767,10852,12689,45317,35973,1428,442,7665,4984,18265,2630,7897,1161,908,0,0,3297,41921,1879,7491,161,73,399,0,1084
885,68,886.024994690616,99815,103,50,133,48,41439,21357,0.6291238791764765,57,29,31919,33393,6941,3755,10845,12723,45324,35987,1506,465,7651,4973,18248,2636,7895,1169,911,0,0,3305,41858,1875,7485,167,76,419,0,1147
886,68,887.2026929796639,99815,104,52,133,48,41454,21369,0.6293943796022642,58,24,31960,33401,6917,3736,10826,12737,45331,36001,1586,489,7641,4965,18231,2635,7894,1179,913,0,0,3315,41793,1872,7472,181,76,440,0,1208
887,68,888.3789966608484,99815,101,57,133,48,41473,21381,0.6297049541652057,57,23,31997,33391,6899,3720,10811,12759,45338,36015,1668,513,7628,4955,18201,2636,7897,1187,917,0,0,3321,41735,1869,7466,189,80,471,0,1263
888,68,889.1623306695707,99815,102,55,133,48,41482,21386,0.6298452136452437,59,25,31995,33353,6893,3716,10816,12801,45345,36029,1752,538,7615,4949,18180,2635,7897,1195,918,0,0,3323,41678,1867,7454,201,84,494,0,1325
889,68,890.3369449747752,99814,100,48,134,48,41501,21392,0.6301019897008435,57,29,32041,33355,6875,3700,10791,12818,45352,36043,1837,564,7598,4944,18145,2632,7898,1207,925,0,0,3333,41621,1863,7445,212,87,525,0,1379
890,68,891.119155742274,99814,105,45,134,48,41517,21398,0.6303223996633739,51,27,32045,33345,6867,3685,10796,12848,45359,36057,1924,590,7588,4936,18128,2628,7900,1214,927,0,0,3339,41555,1861,7428,230,92,546,0,1442
891,68,892.2921528266245,99814,105,47,134,48,41528,21410,0.6305528282605647,52,23,32084,33347,6843,3664,10780,12869,45366,36071,2013,617,7572,4931,18108,2625,7900,1226,931,0,0,3339,41495,1860,7414,243,97,567,0,1506
892,68,893.0733547425336,99814,101,51,134,48,41536,21416,0.6306930891458112,52,21,32090,33347,6832,3637,10789,12894,45373,36085,2103,645,7559,4924,18081,2627,7891,1242,932,0,0,3337,41445,1856,7405,253,102,595,0,1565
893,68,894.2445690227947,99814,106,52,134,48,41552,21423,0.630923517743002,52,26,32126,33338,6803,3608,10777,12926,45380,36099,2195,673,7551,4920,18063,2623,7890,1252,931,0,0,3335,41373,1852,7398,262,116,614,0,1634
894,68,895.0247284298993,99814,98,53,134,48,41561,21427,0.631053759993588,49,27,32133,33312,6796,3594,10788,12964,45387,36113,2288,702,7540,4910,18043,2624,7881,1267,934,0,0,3340,41307,1848,7388,275,118,639,0,1700
895,68,896.1944883077877,99814,101,54,134,48,41578,21434,0.6312942072254393,50,27,32171,33310,6774,3570,10768,12989,45394,36127,2382,731,7529,4902,18022,2619,7879,1279,936,0,0,3345,41231,1848,7381,280,125,665,0,1773
896,68,897.3629650244045,99814,101,52,134,48,41590,21441,0.6314845612839882,63,27,32191,33302,6754,3556,10755,13013,45401,36141,2477,761,7517,4896,17992,2619,7867,1296,935,0,0,3354,41164,1845,7376,288,129,696,0,1840
897,68,898.1414190499127,99814,114,51,134,48,41616,21445,0.6317851203238023,51,30,32207,33272,6737,3544,10755,13053,45408,36155,2574,792,7506,4888,17962,2619,7859,1310,936,0,0,3360,41096,1843,7368,297,131,730,0,1909
898,68,899.3084772385376,99814,115,47,134,48,41634,21451,0.6320255675556535,47,35,32227,33270,6724,3532,10751,13066,45414,36168,2672,823,7495,4883,17925,2618,7859,1321,937,0,0,3362,41028,1840,7358,306,141,766,0,1975
899,68,900.0860694438214,99814,115,43,134,48,41639,21452,0.6320856793636164,70,61,32224,33279,6721,3529,10734,13038,45414,36168,2672,823,7492,4883,17925,2618,7861,1321,940,0,0,3367,41023,1840,7356,306,141,766,0,1975
900,68,900.0860694438214,99814,112,51,134,48,41646,21461,0.6322459775181838,63,56,32217,33226,6717,3515,10755,13102,45420,36181,2771,855,7484,4876,17901,2614,7863,1329,939,2,1,3364,40951,1840,7339,321,145,793,0,2052
901,68,901.2524358024551,99814,123,52,134,48,41669,21473,0.6325966297313003,63,60,32242,33206,6691,3507,10745,13125,45426,36194,2870,887,7472,4870,17873,2613,7864,1337,938,5,12,3360,40869,1837,7331,331,150,820,0,2132
902,68,902.0293378845649,99814,130,53,134,48,41681,21482,0.6328070210591701,70,62,32255,33161,6669,3499,10740,13175,45432,36207,2970,920,7461,4864,17848,2613,7860,1348,938,6,17,3355,40799,1834,7316,344,155,849,0,2207
903,68,903.1939745079693,99814,123,68,134,48,41700,21506,0.6332378223495702,71,51,32289,33135,6659,3485,10722,13211,45438,36220,3071,954,7444,4858,17819,2614,7857,1360,938,10,36,3347,40715,1832,7308,354,162,875,0,2285
904,68,904.3574030460801,99813,125,71,135,48,41726,21519,0.6336348972578723,67,54,32301,33105,6656,3479,10714,13241,45444,36233,3173,988,7432,4848,17783,2613,7865,1369,937,11,46,3343,40635,1832,7296,365,167,905,1,2365
905,68,905.1327521636758,99812,127,70,136,48,41741,21531,0.6339117540977037,67,52,32309,33065,6642,3479,10717,13284,45450,36246,3275,1023,7419,4844,17756,2611,7863,1382,937,12,58,3342,40543,1829,7289,372,168,929,1,2457
906,68,906.2955204764685,99812,125,71,136,48,41758,21544,0.6342123191600209,81,52,32331,33032,6615,3480,10710,13315,45456,36259,3378,1058,7408,4836,17725,2617,7863,1394,934,14,68,3337,40458,1825,7278,380,173,960,1,2541
907,68,907.0701384636345,99812,128,73,136,48,41769,21553,0.6344126958682322,89,54,32334,32986,6597,3476,10714,13361,45462,36272,3481,1094,7391,4831,17694,2618,7855,1408,934,17,73,3330,40395,1825,7260,396,180,991,1,2613
908,68,908.2314687228312,99812,130,73,136,48,41797,21568,0.6348435057908869,94,56,32363,32963,6580,3474,10695,13384,45468,36285,3584,1130,7385,4818,17670,2619,7857,1423,932,19,89,3326,40300,1822,7248,407,184,1016,3,2694
909,68,909.0050823989764,99812,130,77,136,48,41813,21579,0.6351140143469723,99,52,32370,32924,6569,3460,10694,13437,45474,36298,3688,1167,7373,4812,17650,2619,7848,1442,932,19,99,3318,40216,1820,7236,417,190,1038,3,2780
910,68,910.1649967777661,99812,135,82,136,48,41843,21598,0.6356049372820903,93,50,32374,32883,6561,3453,10699,13482,45480,36311,3792,1204,7362,4804,17616,2619,7856,1452,930,21,112,3309,40130,1818,7221,431,199,1067,3,2862
911,68,911.3244693444235,99812,138,87,136,48,41871,21616,0.6360658037109767,92,44,32395,32855,6553,3440,10684,13524,45486,36324,3896,1242,7353,4793,17585,2620,7856,1463,928,24,131,3302,40040,1818,7204,446,207,1100,5,2937
912,68,912.0971163678065,99812,135,87,136,48,41886,21627,0.6363262934316515,97,45,32407,32815,6548,3433,10675,13570,45492,36337,4000,1280,7343,4787,17549,2616,7859,1475,928,26,141,3296,39956,1815,7193,459,212,1133,5,3019
913,68,913.2556007437865,99812,140,92,136,48,41913,21642,0.6367470845188955,103,42,32416,32798,6533,3421,10670,13597,45498,36350,4104,1319,7335,4780,17517,2613,7861,1485,926,30,155,3291,39862,1810,7188,469,219,1163,8,3100
914,68,914.0275846801296,99812,157,90,136,48,41942,21649,0.6371077625936761,103,48,32418,32759,6513,3415,10671,13638,45504,36362,4208,1358,7322,4773,17486,2615,7856,1495,926,30,167,3283,39783,1810,7175,481,227,1195,8,3180
915,68,915.1853029651302,99812,155,83,136,48,41968,21662,0.6374984971746884,110,49,32427,32752,6500,3409,10670,13657,45510,36374,4312,1398,7311,4770,17448,2617,7855,1514,925,32,189,3273,39700,1801,7162,494,236,1227,9,3249
916,68,916.3427496711892,99812,155,88,136,48,41998,21676,0.6379393259327536,108,51,32442,32719,6503,3398,10654,13694,45516,36386,4416,1438,7299,4761,17422,2620,7852,1529,925,35,206,3268,39606,1798,7145,509,239,1254,11,3333
917,68,917.1140685148983,99812,156,80,136,48,42013,21680,0.6381296838055545,119,57,32440,32683,6484,3389,10663,13741,45522,36398,4519,1478,7286,4755,17398,2620,7842,1546,924,39,217,3262,39518,1796,7136,519,246,1278,11,3419
918,68,918.2708290379413,99812,172,84,136,48,42052,21695,0.6386707009177254,107,58,32472,32648,6464,3382,10647,13778,45528,36410,4622,1519,7271,4751,17361,2623,7848,1552,923,44,229,3254,39424,1790,7131,524,253,1312,13,3509
919,68,919.0413196823813,99812,191,84,136,48,42083,21705,0.6390814731695588,94,64,32466,32612,6452,3369,10659,13821,45534,36422,4725,1560,7263,4741,17337,2624,7843,1566,923,44,239,3244,39339,1789,7119,536,260,1340,13,3592
920,68,920.1969366464489,99812,172,84,136,48,42108,21717,0.63945217007975,110,70,32463,32590,6464,3358,10653,13848,45540,36434,4827,1602,7253,4732,17299,2626,7856,1573,922,48,264,3239,39236,1783,7104,549,264,1376,13,3675
921,68,921.3525810918935,99812,185,94,136,48,42141,21740,0.6400132248627419,115,68,32457,32559,6454,3344,10651,13885,45546,36446,4929,1644,7243,4725,17267,2626,7852,1592,922,49,278,3231,39160,1780,7084,568,269,1407,14,3745
922,68,922.1228835680149,99812,185,93,136,48,42160,21755,0.6403538652667013,130,64,32435,32512,6445,3342,10667,13939,45552,36458,5030,1686,7234,4718,17227,2625,7849,1606,921,50,295,3227,39072,1779,7074,578,274,1445,16,3822
923,68,923.2791936460561,99812,202,98,136,48,42207,21775,0.6410251272392097,125,69,32442,32472,6439,3331,10654,13980,45558,36470,5130,1729,7225,4706,17195,2629,7850,1623,919,54,308,3219,38983,1775,7064,588,281,1474,19,3900
924,68,924.0497214255998,99812,205,99,136,48,42233,21787,0.6414058429848114,124,73,32442,32421,6436,3326,10655,14031,45564,36482,5230,1772,7218,4698,17162,2629,7847,1637,917,57,325,3213,38891,1772,7054,599,288,1507,19,3979
925,68,925.2055538316696,99812,202,109,136,48,42267,21809,0.6419668977678035,132,72,32443,32379,6431,3326,10654,14064,45570,36494,5329,1815,7202,4688,17142,2631,7847,1651,916,64,347,3203,38796,1770,7037,613,296,1529,20,4060
926,68,926.361155828418,99812,214,114,136,48,42318,21833,0.6427183104235964,127,71,32439,32355,6430,3322,10652,14088,45576,36506,5427,1859,7188,4680,17114,2630,7860,1660,916,72,367,3197,38686,1763,7029,622,301,1551,24,4152
927,68,927.1316242528087,99812,213,115,136,48,42342,21844,0.6430689696629663,139,73,32419,32321,6427,3311,10664,14130,45582,36518,5525,1903,7176,4675,17076,2629,7862,1673,914,77,382,3191,38602,1760,7015,636,305,1587,24,4228
928,68,928.2876544069277,99812,212,118,136,48,42379,21866,0.6436600809521901,153,83,32412,32293,6436,3315,10649,14141,45588,36530,5622,1947,7158,4670,17032,2628,7877,1685,911,84,398,3184,38524,1758,6995,649,311,1623,25,4300
929,68,929.0584082414409,99812,219,122,136,48,42405,21886,0.6441209473810764,161,75,32385,32258,6430,3317,10667,14178,45593,36542,5718,1992,7148,4662,16998,2628,7874,1701,911,87,413,3176,38439,1755,6985,657,318,1658,26,4376
930,68,930.2152642342769,99812,228,116,136,48,42451,21905,0.6447721716827636,152,87,32389,32229,6436,3320,10657,14198,45598,36553,5813,2037,7134,4651,16968,2632,7875,1719,908,97,434,3170,38338,1751,6975,665,323,1686,28,4458
931,68,931.3719566437845,99812,234,109,136,48,42491,21925,0.6453733018073979,152,87,32401,32204,6428,3326,10647,14224,45603,36564,5907,2082,7123,4642,16933,2633,7879,1735,906,103,460,3168,38234,1749,6961,674,326,1717,32,4537
932,68,932.1429290995696,99812,240,116,136,48,42529,21942,0.6459243377549794,157,85,32390,32147,6435,3325,10640,14277,45608,36575,6000,2127,7113,4639,16893,2632,7877,1755,904,106,478,3165,38145,1745,6953,679,329,1752,32,4615
933,68,933.2994750099363,99812,251,128,136,48,42576,21970,0.6466757504107723,174,80,32390,32129,6427,3319,10620,14294,45613,36586,6092,2173,7101,4631,16864,2635,7879,1771,901,112,496,3157,38057,1741,6937,693,336,1779,33,4689
934,68,934.0703293604344,99812,244,125,136,48,42603,21987,0.6471165791688375,179,78,32376,32090,6428,3323,10635,14334,45618,36597,6183,2219,7091,4616,16837,2642,7884,1783,900,116,518,3150,37962,1739,6920,706,342,1805,35,4766
935,68,935.2271079278765,99812,259,128,136,48,42667,22017,0.6480583496974311,167,87,32369,32057,6439,3332,10628,14346,45623,36608,6273,2265,7071,4610,16806,2642,7891,1802,900,128,547,3141,37859,1734,6908,717,349,1824,37,4846
936,68,936.3840520999046,99812,271,135,136,48,42722,22040,0.6488398188594557,166,92,32358,32028,6453,3329,10614,14366,45628,36619,6362,2311,7059,4602,16772,2643,7903,1814,898,134,566,3131,37771,1729,6893,730,358,1851,39,4919
937,68,937.1554597407584,99812,270,135,136,48,42751,22062,0.649350779465395,176,88,32345,32000,6455,3338,10616,14389,45633,36630,6450,2357,7047,4596,16738,2642,7912,1830,897,140,583,3127,37679,1727,6877,739,362,1877,42,4997
938,68,938.3128138448144,99812,265,132,136,48,42803,22082,0.6500721356149561,186,93,32320,31997,6469,3333,10622,14395,45638,36641,6537,2404,7030,4586,16688,2647,7925,1848,894,150,609,3121,37601,1724,6853,755,367,1916,44,5054
939,68,939.0848700891709,99812,270,137,136,48,42842,22103,0.6506732657395904,190,98,32298,31956,6476,3336,10628,14423,45643,36652,6623,2451,7020,4579,16646,2648,7932,1862,893,154,626,3119,37520,1720,6836,768,370,1951,46,5122
940,68,940.2436152916719,99812,279,139,136,48,42895,22132,0.6514948102432573,202,96,32288,31954,6485,3348,10608,14413,45648,36663,6708,2498,7005,4569,16610,2654,7941,1879,892,160,651,3116,37423,1717,6821,780,373,1972,49,5200
941,68,941.0162002972845,99812,305,132,136,48,42953,22144,0.6521961287219974,183,105,32249,31932,6494,3356,10631,14425,45653,36674,6792,2545,6994,4565,16571,2656,7941,1899,891,162,672,3110,37339,1714,6810,787,379,2001,51,5270
942,68,942.1763871365615,99812,300,143,136,48,42996,22172,0.6529074660361479,197,99,32232,31920,6512,3354,10621,14434,45658,36685,6875,2592,6982,4556,16533,2660,7940,1920,890,168,698,3104,37254,1711,6794,799,384,2033,56,5330
943,68,943.3371031576331,99812,309,147,136,48,43057,22204,0.6538392177293312,188,102,32228,31903,6525,3362,10612,14436,45663,36696,6957,2639,6971,4544,16507,2661,7949,1937,890,172,728,3091,37161,1708,6775,814,391,2057,62,5394
944,68,944.1109269331913,99812,307,148,136,48,43088,22222,0.6543301406644492,201,100,32198,31877,6543,3363,10613,14462,45668,36707,7038,2686,6959,4536,16475,2664,7937,1959,888,176,754,3088,37080,1707,6765,821,394,2090,65,5454
945,68,945.2726884356041,99811,325,163,137,48,43157,22262,0.6554287603570749,188,101,32193,31853,6554,3364,10601,14469,45673,36718,7118,2733,6943,4524,16445,2668,7946,1979,888,188,773,3082,36991,1704,6746,833,397,2112,68,5524
946,68,946.0471649369699,99811,331,172,137,48,43199,22283,0.6560599533117593,179,106,32180,31833,6561,3358,10610,14481,45678,36729,7197,2780,6935,4517,16417,2667,7955,1993,885,190,789,3077,36905,1702,6732,845,403,2133,69,5597
947,68,947.2094750315953,99811,328,184,137,48,43258,22317,0.6569917143401028,199,93,32139,31826,6586,3365,10609,14482,45683,36740,7275,2828,6920,4510,16383,2669,7971,2008,881,199,821,3075,36796,1700,6716,856,408,2149,71,5678
948,68,948.3727614277551,99811,354,189,137,48,43331,22350,0.6580537215336987,189,100,32120,31819,6594,3373,10604,14469,45688,36751,7352,2876,6904,4500,16347,2671,7979,2028,881,207,840,3071,36710,1696,6706,863,411,2174,78,5745
949,68,949.1485545445039,99811,341,182,137,48,43363,22362,0.6584945547083989,191,112,32097,31795,6620,3377,10612,14484,45693,36761,7427,2924,6891,4488,16323,2672,7984,2043,881,215,864,3065,36623,1694,6689,877,417,2195,81,5809
950,68,950.313250376161,99811,342,197,137,48,43414,22399,0.6593762210577992,221,114,32062,31786,6621,3370,10615,14483,45698,36771,7501,2972,6876,4481,16287,2674,7995,2062,881,220,884,3054,36550,1692,6674,884,422,2223,88,5864
951,68,951.0900482780462,99811,342,184,137,48,43458,22413,0.6599573193335404,217,126,32046,31758,6633,3382,10623,14500,45703,36781,7574,3020,6865,4474,16256,2677,8000,2078,878,222,913,3050,36464,1691,6653,898,428,2246,93,5925
952,68,952.2562687109983,99811,347,200,137,48,43517,22455,0.6609692318481931,232,132,32025,31741,6652,3386,10605,14491,45708,36791,7646,3068,6848,4465,16213,2683,8004,2096,877,234,944,3048,36385,1685,6636,912,430,2280,98,5973
953,68,953.0339324832929,99811,372,205,137,48,43574,22482,0.6618108224544389,211,129,31991,31726,6659,3391,10628,14499,45713,36801,7717,3116,6839,4453,16195,2689,8008,2105,875,238,961,3045,36294,1682,6621,923,434,2301,106,6042
954,68,954.2014726727336,99811,362,219,137,48,43622,22528,0.6627526024185711,231,144,31975,31706,6684,3399,10609,14482,45718,36811,7787,3164,6826,4439,16153,2696,8027,2122,873,244,989,3041,36207,1681,6606,931,439,2324,111,6102
955,68,955.3694377456146,99811,363,236,137,48,43691,22575,0.6639147989700535,246,143,31928,31692,6714,3404,10610,14475,45723,36821,7856,3212,6813,4427,16121,2705,8044,2141,870,249,1022,3029,36116,1678,6588,937,447,2346,120,6158
956,68,956.1488227805759,99811,378,240,137,48,43747,22607,0.6647964653194538,241,134,31894,31685,6726,3409,10622,14482,45728,36831,7924,3260,6802,4419,16085,2710,8045,2161,867,254,1053,3023,36034,1676,6575,946,454,2373,121,6213
957,68,957.3191936987755,99811,387,252,137,48,43827,22651,0.6660388133572452,236,150,31896,31653,6738,3423,10604,14472,45733,36841,7991,3308,6788,4407,16051,2715,8063,2176,866,263,1093,3017,35937,1670,6552,962,457,2398,125,6271
958,68,958.0993917368023,99811,401,266,137,48,43877,22685,0.666880403963491,237,151,31873,31639,6737,3428,10613,14466,45738,36851,8057,3355,6777,4406,16024,2714,8069,2197,862,264,1112,3012,35868,1667,6534,976,461,2412,130,6326
959,68,959.2700513049393,99811,389,263,137,48,43938,22728,0.6679223732855096,276,159,31839,31614,6764,3450,10593,14464,45743,36861,8122,3402,6754,4396,15986,2719,8085,2222,861,278,1151,2997,35782,1664,6518,985,470,2433,136,6374
960,68,960.0509997570457,99811,396,259,137,48,43989,22763,0.6687840017633327,274,154,31810,31588,6768,3473,10613,14476,45748,36871,8186,3449,6733,4388,15941,2723,8101,2237,860,290,1177,2990,35708,1662,6504,993,478,2459,141,6426
961,68,961.2235776808187,99810,414,246,138,48,44067,22795,0.6698927963129947,264,173,31796,31565,6787,3498,10599,14468,45753,36881,8249,3496,6719,4379,15901,2723,8117,2260,856,300,1210,2988,35621,1660,6487,1003,478,2485,150,6473
962,68,962.0056189380458,99809,414,245,139,48,44111,22824,0.6706309050286047,275,177,31766,31538,6800,3507,10604,14483,45758,36891,8311,3543,6704,4370,15875,2724,8121,2280,855,310,1235,2982,35540,1659,6475,1009,483,2504,157,6526
963,68,963.179556639904,99809,428,247,139,48,44190,22867,0.6718532396878037,283,177,31732,31532,6822,3527,10594,14467,45763,36901,8372,3590,6688,4360,15848,2727,8130,2309,854,317,1274,2975,35445,1657,6458,1016,484,2520,162,6585
964,68,964.3543456737569,99809,453,249,139,48,44270,22912,0.6731056317566552,286,174,31709,31533,6828,3548,10583,14446,45768,36911,8432,3637,6675,4351,15813,2731,8140,2335,854,321,1311,2967,35363,1653,6441,1022,489,2542,168,6633
965,68,965.1379147517904,99809,466,259,139,48,44340,22944,0.674127583684838,265,193,31664,31506,6859,3554,10605,14438,45773,36921,8491,3684,6655,4344,15783,2733,8148,2353,853,331,1341,2962,35286,1648,6432,1027,493,2563,171,6686
966,68,966.3148751276545,99808,455,273,140,48,44423,22996,0.6754869349150369,289,185,31634,31508,6899,3575,10581,14409,45777,36931,8549,3731,6636,4334,15735,2734,8177,2374,851,344,1387,2956,35187,1646,6417,1033,496,2588,177,6736
967,68,967.1001049667647,99808,469,273,140,48,44478,23030,0.6763786470022443,295,178,31603,31488,6897,3597,10594,14414,45781,36941,8606,3778,6628,4326,15701,2735,8183,2397,850,348,1409,2950,35117,1642,6405,1041,501,2610,186,6779
968,68,968.279081396409,99808,477,273,140,48,44568,23077,0.6777512824623276,288,176,31570,31482,6942,3621,10581,14398,45785,36951,8662,3825,6610,4311,15651,2749,8207,2415,845,360,1451,2943,35032,1636,6392,1050,507,2636,193,6820
969,68,969.0656711110479,99808,473,271,140,48,44621,23107,0.6785828791279256,292,173,31533,31471,6969,3638,10591,14397,45789,36961,8717,3871,6595,4299,15613,2755,8219,2437,842,369,1476,2937,34964,1633,6381,1055,511,2661,199,6862
970,68,970.2469458079214,99808,488,276,140,48,44708,23161,0.6799955915357486,312,166,31495,31459,6997,3670,10566,14379,45793,36970,8771,3917,6580,4290,15588,2756,8237,2461,840,380,1526,2926,34860,1631,6363,1066,513,2672,204,6915
971,68,971.0350466189611,99808,511,278,140,48,44785,23191,0.6810676498877846,301,166,31461,31442,7019,3682,10566,14382,45797,36979,8824,3963,6569,4286,15542,2758,8253,2481,838,384,1555,2923,34785,1628,6351,1072,516,2696,206,6965
972,68,972.2185047352389,99808,522,274,140,48,44875,23229,0.6823501122154537,310,189,31427,31431,7052,3706,10547,14350,45801,36988,8876,4009,6558,4272,15494,2766,8277,2508,838,388,1595,2916,34704,1625,6336,1077,522,2718,210,7004
973,68,973.007988771915,99808,529,279,140,48,44942,23269,0.6834221705674896,325,184,31378,31416,7078,3733,10548,14338,45805,36997,8927,4055,6544,4266,15455,2768,8296,2524,836,396,1630,2912,34627,1622,6317,1089,525,2740,217,7044
974,68,974.1938983654412,99808,527,272,140,48,45042,23314,0.6848749599230523,346,203,31323,31396,7137,3764,10525,14315,45809,37006,8978,4101,6527,4249,15418,2778,8315,2552,834,410,1685,2907,34526,1618,6293,1095,526,2765,228,7082
975,68,975.3816202032411,99808,540,277,140,48,45148,23374,0.6865381532542482,364,203,31270,31383,7173,3806,10511,14281,45813,37015,9028,4146,6511,4239,15367,2788,8355,2577,830,420,1727,2900,34434,1611,6274,1099,533,2780,231,7132
976,68,976.174335075456,99808,548,287,140,48,45221,23415,0.6876803462648284,352,209,31234,31360,7207,3818,10517,14276,45817,37024,9077,4191,6502,4230,15339,2792,8371,2593,829,424,1763,2890,34348,1605,6266,1104,539,2796,241,7176
977,68,977.3651538191668,99808,574,302,140,48,45341,23472,0.6894537512023085,342,210,31200,31348,7246,3842,10496,14248,45821,37033,9125,4236,6486,4221,15304,2796,8391,2617,828,435,1820,2885,34248,1601,6241,1114,542,2816,245,7218
978,68,978.1596175422568,99807,584,330,141,48,45422,23530,0.6908533469596321,355,198,31148,31331,7278,3852,10492,14239,45825,37042,9172,4281,6475,4212,15268,2799,8403,2642,827,443,1853,2878,34172,1596,6232,1118,549,2832,251,7257
979,68,979.3528908947982,99807,608,331,141,48,45532,23599,0.6926468083400964,368,198,31084,31310,7323,3901,10474,14210,45829,37051,9218,4326,6458,4199,15227,2816,8416,2671,826,453,1911,2868,34081,1588,6218,1125,554,2850,266,7280
980,68,980.1494402088516,99807,630,321,141,48,45608,23633,0.6937489354454096,379,225,31041,31298,7334,3923,10473,14183,45833,37060,9264,4370,6446,4190,15193,2817,8422,2696,826,463,1944,2858,34009,1585,6208,1132,562,2869,277,7310
981,68,981.3459472696314,99807,630,338,141,48,45723,23696,0.6955323774885529,399,220,30982,31298,7390,3943,10456,14151,45837,37069,9309,4414,6427,4179,15144,2814,8452,2727,824,478,1995,2854,33916,1582,6195,1136,562,2892,287,7343
982,68,982.1445612174118,99807,644,336,141,48,45810,23729,0.6967346979670764,394,235,30934,31274,7429,3959,10456,14146,45841,37078,9353,4458,6401,4173,15109,2816,8469,2740,824,494,2042,2845,33836,1580,6178,1145,568,2915,291,7381
983,68,983.3441292820276,99807,662,356,141,48,45936,23805,0.6987586041059244,398,204,30876,31285,7486,3995,10435,14110,45845,37087,9396,4502,6383,4161,15066,2822,8503,2758,821,505,2103,2838,33740,1576,6155,1158,570,2934,306,7408
984,68,984.1449820043957,99807,670,348,141,48,46024,23846,0.7000510986203372,399,220,30838,31279,7518,4021,10432,14082,45849,37096,9439,4546,6366,4149,15035,2826,8517,2788,820,518,2145,2833,33658,1574,6136,1164,573,2948,317,7440
985,68,985.3479733887372,99807,679,363,141,48,46142,23914,0.7019146953620488,406,225,30788,31278,7573,4042,10411,14042,45853,37105,9481,4589,6347,4133,15001,2830,8538,2821,820,534,2195,2825,33569,1570,6116,1173,577,2963,327,7468
986,68,986.1507874085773,99807,666,363,141,48,46211,23959,0.7030568998166461,440,245,30721,31248,7620,4066,10410,14028,45857,37114,9522,4632,6330,4127,14960,2832,8560,2847,820,543,2243,2818,33483,1567,6103,1177,581,2976,332,7508
987,68,987.3576723661457,99807,687,382,141,48,46343,24041,0.7052010380033464,454,254,30668,31225,7667,4103,10381,13986,45861,37123,9562,4675,6310,4120,14913,2839,8598,2870,819,556,2302,2807,33384,1558,6088,1181,587,2990,345,7540
988,68,988.1630425840893,99807,697,393,141,48,46418,24090,0.7064434358311541,459,245,30636,31219,7683,4128,10382,13965,45865,37132,9602,4718,6297,4111,14883,2840,8608,2892,818,564,2346,2806,33299,1558,6078,1184,587,3007,354,7575
989,68,989.3725328422754,99807,733,400,141,48,46564,24163,0.7086376707044596,453,241,30586,31213,7728,4160,10357,13936,45869,37141,9641,4760,6276,4101,14845,2844,8642,2920,818,579,2405,2794,33201,1552,6061,1184,594,3019,370,7602
990,68,990.1796924408096,99807,749,407,141,48,46651,24207,0.7099502038935145,471,258,30532,31172,7756,4179,10349,13934,45873,37150,9679,4802,6263,4087,14819,2851,8655,2942,815,588,2437,2788,33128,1551,6049,1188,600,3033,379,7634
991,68,991.3921845576267,99807,780,410,141,48,46802,24292,0.7123147675012774,466,265,30477,31150,7822,4239,10312,13886,45877,37159,9717,4844,6243,4071,14773,2861,8693,2969,812,601,2515,2778,33016,1547,6030,1190,607,3052,390,7659
992,68,992.2014838264604,99807,790,422,141,48,46896,24344,0.7137775907501478,473,294,30436,31105,7865,4260,10293,13869,45881,37168,9754,4886,6231,4062,14737,2862,8707,2997,812,611,2556,2776,32940,1540,6018,1193,607,3073,399,7686
993,68,993.0115843666633,99807,787,433,141,48,46982,24404,0.715240413999018,495,285,30362,31074,7914,4295,10299,13863,45885,37177,9790,4927,6212,4055,14704,2862,8733,3018,811,624,2611,2770,32853,1535,6001,1197,610,3091,406,7714
994,68,994.229592285869,99807,833,448,141,48,47156,24497,0.717915577063733,487,288,30267,31033,7997,4354,10273,13827,45889,37185,9826,4968,6189,4042,14655,2873,8766,3050,807,640,2688,2764,32742,1528,5987,1198,615,3107,415,7741
995,68,995.0432807960809,99807,818,455,141,48,47258,24559,0.7195587483843818,501,287,30203,31018,8067,4391,10268,13799,45893,37193,9861,5009,6172,4023,14616,2889,8796,3071,807,650,2759,2757,32639,1524,5968,1205,618,3120,428,7765
996,68,996.26712065595,99807,814,463,141,48,47422,24641,0.7220235053653551,496,282,30122,30989,8182,4447,10243,13769,45897,37201,9896,5050,6138,4007,14556,2901,8863,3096,802,674,2826,2746,32535,1521,5945,1207,619,3138,446,7787
997,68,997.0848597685707,99807,839,478,141,48,47545,24704,0.7238871021070666,486,287,30065,30978,8229,4470,10238,13737,45901,37209,9930,5090,6121,3998,14511,2907,8904,3121,800,684,2866,2738,32462,1516,5926,1212,624,3146,454,7817
998,68,998.3141481603657,99807,835,478,141,48,47694,24794,0.7262817237267927,520,300,29994,30955,8305,4528,10203,13689,45905,37217,9963,5130,6091,3980,14456,2922,8965,3149,799,707,2934,2727,32360,1509,5901,1216,629,3153,479,7830
999,68,999.134921171076,99807,859,496,141,48,47809,24860,0.7280952237818991,510,303,29939,30920,8363,4554,10186,13677,45909,37225,9996,5170,6081,3967,14422,2925,8994,3172,797,712,2979,2720,32281,1506,5888,1219,633,3168,491,7852
1000,68,1000.3687154888149,99807,865,497,141,48,47959,24961,0.7306100774494775,554,322,29840,30902,8446,4625,10152,13604,45913,37233,10028,5210,6059,3951,14364,2944,9047,3201,792,726,3058,2713,32167,1500,5867,1222,634,3184,513,7865
1001,68,1001.1928712745399,99806,870,514,141,49,48071,25030,0.7324309159769954,569,328,29768,30876,8507,4657,10143,13574,45917,37241,10060,5249,6040,3936,14323,2951,9079,3228,789,741,3107,2709,32079,1498,5851,1228,634,3195,521,7897
1002,68,1002.0186227348238,99806,883,522,141,49,48182,25097,0.7342143758892251,574,328,29715,30847,8550,4698,10135,13554,45921,37249,10091,5288,6021,3925,14290,2952,9109,3260,788,754,3142,2700,32018,1493,5832,1230,638,3207,542,7905
1003,68,1003.2600186595783,99806,903,520,141,49,48369,25197,0.7370899545117529,571,331,29655,30837,8633,4769,10095,13492,45925,37257,10122,5327,5992,3903,14250,2969,9130,3309,784,778,3233,2690,31890,1488,5823,1231,639,3213,570,7914
1004,68,1004.0887586457352,99806,917,515,141,49,48495,25262,0.7390036671142015,593,315,29587,30840,8687,4814,10073,13465,45929,37265,10152,5366,5973,3890,14220,2973,9164,3341,783,794,3289,2678,31796,1485,5804,1229,644,3222,588,7933
1005,68,1005.3344731103947,99806,942,516,141,49,48690,25367,0.7420094984269483,575,302,29509,30830,8790,4888,10041,13413,45933,37273,10182,5404,5949,3871,14158,2989,9211,3389,778,813,3379,2674,31675,1480,5785,1229,641,3235,607,7943
1006,68,1006.1669776746381,99806,961,524,141,49,48811,25427,0.7438230166523054,582,295,29444,30826,8839,4922,10031,13382,45937,37281,10211,5442,5934,3864,14124,2989,9245,3409,776,823,3435,2671,31591,1478,5755,1242,641,3247,620,7962
1007,68,1007.0009936239464,99806,955,514,141,49,48914,25483,0.7454161072480613,595,308,29380,30809,8901,4968,10026,13350,45941,37289,10240,5480,5916,3854,14084,3001,9280,3435,773,835,3485,2664,31510,1469,5737,1247,642,3258,640,7976
1008,68,1008.2551542356082,99805,954,508,142,49,49082,25576,0.7480386754170633,615,329,29298,30771,9002,5043,9987,13298,45945,37297,10268,5517,5890,3839,14019,3017,9346,3476,770,856,3565,2656,31397,1460,5711,1250,644,3263,652,7994
1009,68,1009.0931332049696,99805,993,523,142,49,49216,25652,0.7501427784179149,608,328,29245,30756,9036,5077,9974,13265,45949,37305,10296,5554,5875,3827,13987,3031,9371,3496,768,864,3622,2651,31311,1452,5697,1256,647,3274,668,8008
1010,68,1010.3524373342519,99804,1008,529,143,49,49415,25756,0.753186245040279,616,327,29151,30747,9145,5151,9935,13195,45953,37313,10323,5591,5848,3806,13937,3039,9428,3540,768,884,3711,2646,31182,1445,5680,1252,647,3277,686,8028
1011,68,1011.1938026491978,99803,1004,541,144,49,49544,25827,0.7551977395469074,621,347,29086,30716,9220,5182,9923,13163,45957,37321,10350,5628,5831,3789,13882,3053,9465,3565,764,892,3776,2641,31095,1441,5670,1253,649,3300,700,8037
1012,68,1012.0369814512825,99803,1030,547,144,49,49691,25909,0.7574922597517109,615,339,29022,30700,9290,5243,9897,13120,45961,37329,10376,5664,5812,3778,13837,3065,9495,3596,762,905,3843,2638,30998,1435,5653,1259,651,3313,714,8049
1013,68,1013.3050005332609,99803,1004,535,144,49,49885,26004,0.7603879642896506,623,354,28939,30691,9439,5308,9849,13061,45965,37337,10402,5700,5776,3761,13771,3075,9567,3635,761,937,3940,2630,30866,1425,5628,1262,652,3325,740,8052
1014,68,1014.1525107149134,99802,1010,531,144,50,50013,26070,0.7623394320755095,629,360,28898,30672,9492,5354,9825,13031,45969,37345,10427,5736,5751,3751,13737,3080,9611,3660,759,953,4001,2628,30776,1419,5599,1270,653,3331,752,8071
1015,68,1015.0012588499624,99800,1045,527,146,50,50164,26149,0.7646593186372745,630,359,28825,30629,9552,5421,9800,13012,45973,37353,10452,5772,5734,3740,13696,3088,9645,3690,759,964,4075,2619,30669,1413,5587,1275,657,3333,767,8089
1016,68,1016.277451085263,99800,1074,574,146,50,50376,26274,0.7680360721442886,617,341,28744,30591,9666,5473,9751,12969,45977,37361,10477,5807,5709,3719,13649,3101,9704,3729,758,984,4139,2609,30565,1408,5562,1276,659,3343,787,8099
1017,68,1017.1299100733432,99800,1068,580,146,50,50501,26330,0.7698496993987975,633,361,28680,30586,9736,5495,9735,12926,45981,37369,10501,5842,5696,3701,13610,3121,9732,3759,754,988,4194,2601,30487,1403,5546,1280,661,3357,802,8108
1018,68,1018.4118242615571,99799,1095,604,146,51,50716,26456,0.7732742813054239,624,344,28597,30578,9836,5563,9700,12858,45984,37377,10525,5877,5663,3681,13558,3137,9780,3801,750,1012,4280,2592,30371,1402,5524,1284,663,3363,823,8115
1019,68,1019.2682701588699,99799,1069,601,146,51,50825,26527,0.7750779065922504,636,355,28553,30573,9923,5612,9671,12806,45987,37385,10548,5911,5646,3669,13517,3141,9823,3834,750,1025,4349,2580,30274,1396,5510,1285,664,3370,841,8125
1020,68,1020.1260843754196,99799,1090,619,146,51,50964,26622,0.7774226194651249,642,335,28490,30553,9984,5661,9646,12779,45990,37393,10571,5945,5627,3657,13490,3150,9851,3866,750,1036,4409,2577,30182,1388,5490,1290,665,3374,859,8138
1021,68,1021.4162626151536,99799,1075,607,146,51,51156,26730,0.7804286616098358,670,368,28391,30524,10103,5734,9613,12714,45993,37401,10594,5979,5608,3638,13420,3158,9935,3918,746,1051,4491,2571,30063,1381,5462,1295,664,3379,879,8140
1022,68,1022.2784875394822,99799,1060,599,146,51,51283,26803,0.7824326897063096,669,382,28344,30514,10174,5776,9605,12676,45996,37408,10616,6013,5588,3624,13377,3179,9971,3949,742,1064,4564,2561,29970,1371,5444,1301,670,3386,897,8141
1023,68,1023.1423117599073,99798,1082,610,146,52,51428,26873,0.7845948816609551,669,379,28271,30509,10241,5811,9589,12637,45999,37415,10638,6046,5570,3610,13336,3189,10021,3981,741,1075,4596,2555,29912,1365,5422,1308,670,3383,915,8149
1024,68,1024.0079470497644,99798,1095,591,146,52,51572,26949,0.7867993346560052,652,364,28241,30520,10297,5878,9567,12593,46002,37422,10660,6079,5548,3591,13301,3201,10058,4017,737,1097,4670,2554,29801,1359,5405,1308,670,3389,925,8167
1025,68,1025.3089116273923,99798,1104,590,146,52,51773,27071,0.790035872462374,656,364,28171,30501,10405,5964,9516,12527,46005,37429,10681,6112,5516,3572,13240,3211,10133,4056,736,1121,4766,2549,29674,1354,5377,1312,669,3393,946,8173
1026,68,1026.1780039160137,99797,1115,594,147,52,51926,27149,0.7923584877300921,641,362,28115,30494,10493,6008,9487,12488,46008,37436,10702,6145,5493,3560,13209,3224,10166,4097,734,1137,4832,2541,29584,1346,5353,1317,671,3393,957,8183
1027,68,1027.0487380309053,99797,1124,600,147,52,52067,27242,0.794703247592613,664,342,28049,30482,10552,6066,9462,12456,46011,37443,10723,6177,5468,3543,13160,3240,10211,4126,732,1155,4892,2536,29503,1340,5336,1316,671,3408,979,8181
1028,68,1028.3580783408938,99797,1143,595,147,52,52274,27354,0.797899736465024,683,364,27969,30437,10640,6140,9416,12410,46014,37450,10743,6209,5445,3518,13108,3252,10287,4168,727,1174,4972,2530,29386,1333,5315,1312,671,3411,999,8189
1029,68,1029.232760056978,99797,1127,598,147,52,52395,27440,0.7999739471126387,709,367,27922,30413,10690,6193,9403,12375,46017,37457,10763,6241,5423,3505,13059,3266,10334,4206,726,1190,5015,2521,29315,1324,5303,1308,672,3420,1023,8187
1030,68,1030.108995107937,99797,1157,584,147,52,52540,27508,0.8021082798080102,726,390,27846,30396,10755,6248,9367,12328,46020,37464,10783,6272,5402,3491,13030,3273,10365,4240,726,1204,5079,2514,29224,1320,5290,1306,676,3422,1036,8199
1031,68,1031.4261877482238,99795,1189,622,148,53,52778,27652,0.805952202014129,710,382,27771,30362,10868,6308,9312,12271,46023,37471,10802,6303,5380,3470,12975,3285,10425,4290,724,1223,5171,2502,29104,1313,5270,1307,679,3422,1063,8192
1032,68,1032.306051779518,99795,1205,636,148,53,52945,27737,0.8084773786261836,696,381,27705,30367,10954,6335,9290,12226,46026,37478,10821,6334,5362,3459,12935,3297,10462,4326,720,1235,5240,2494,29009,1309,5253,1308,681,3426,1082,8197
1033,68,1033.187747795775,99795,1197,639,148,53,53079,27823,0.8106818978906759,719,364,27620,30370,11040,6387,9274,12185,46029,37485,10840,6365,5346,3446,12900,3296,10514,4355,720,1244,5306,2485,28915,1302,5241,1309,682,3431,1105,8198
1034,68,1034.0720899509815,99793,1205,645,150,53,53251,27905,0.8132434138667041,695,366,27578,30353,11130,6433,9240,12148,46032,37492,10858,6395,5320,3434,12851,3305,10558,4402,716,1263,5364,2482,28834,1296,5222,1309,682,3434,1123,8198
1035,68,1035.4015762830131,99793,1204,645,150,53,53492,28034,0.8169510887537202,724,358,27473,30350,11277,6521,9170,12071,46035,37499,10876,6425,5289,3421,12789,3319,10632,4465,711,1286,5470,2469,28698,1287,5198,1308,685,3433,1145,8188
1036,68,1036.2903425553743,99792,1196,628,151,53,53650,28099,0.81919392336059,707,396,27419,30315,11366,6581,9159,12025,46038,37506,10894,6455,5259,3408,12739,3330,10680,4501,710,1306,5538,2465,28609,1280,5177,1307,687,3441,1163,8192
1037,68,1037.181284416047,99792,1184,620,151,53,53811,28183,0.8216490299823633,713,382,27337,30315,11471,6642,9142,11986,46041,37513,10911,6485,5238,3393,12703,3336,10724,4544,708,1322,5607,2455,28506,1272,5164,1307,690,3444,1189,8190
1038,68,1038.0746904966827,99791,1199,607,152,53,53977,28255,0.8240422482989448,704,396,27275,30302,11561,6699,9107,11941,46044,37520,10928,6514,5219,3382,12659,3347,10773,4587,707,1330,5670,2447,28413,1268,5144,1307,690,3444,1203,8201
1039,68,1039.4188071538742,99791,1194,641,152,53,54229,28395,0.8279704582577587,715,372,27194,30293,11706,6767,9037,11872,46047,37527,10945,6543,5187,3365,12611,3357,10847,4646,704,1356,5762,2438,28285,1257,5116,1308,689,3443,1226,8194
1040,68,1040.3172020287197,99791,1222,658,152,53,54391,28475,0.8303955266506999,702,373,27146,30271,11764,6804,9012,11839,46050,37534,10962,6572,5172,3352,12578,3364,10881,4679,702,1365,5817,2433,28206,1254,5105,1309,689,3443,1248,8194
1041,68,1041.2169881257573,99790,1245,656,152,54,54561,28560,0.8329592143501353,685,371,27109,30254,11825,6868,8982,11795,46053,37541,10978,6601,5151,3340,12541,3377,10939,4713,697,1378,5867,2422,28123,1250,5090,1309,690,3441,1271,8191
1042,68,1042.1180185216087,99790,1237,662,152,54,54720,28644,0.8353943280889868,692,376,27032,30245,11928,6913,8957,11748,46056,37548,10994,6629,5129,3331,12484,3378,10999,4753,695,1390,5936,2417,28040,1244,5073,1308,692,3445,1284,8192
1043,68,1043.0212417477462,99790,1242,672,152,54,54874,28724,0.8377392524301032,686,384,26981,30235,12002,6958,8935,11695,46059,37555,11010,6657,5108,3317,12455,3391,11023,4804,691,1406,5994,2412,27959,1237,5057,1306,692,3443,1295,8200
1044,68,1044.379535276864,99789,1207,674,153,54,55095,28855,0.8412750904408302,703,402,26899,30201,12150,7047,8886,11620,46062,37562,11026,6685,5081,3293,12394,3411,11094,4866,684,1424,6114,2402,27814,1234,5029,1306,692,3437,1321,8193
1045,68,1045.2872252739044,99789,1224,685,153,54,55252,28950,0.8438004188838449,711,402,26842,30181,12202,7086,8866,11590,46065,37569,11041,6713,5060,3281,12353,3424,11148,4902,678,1439,6173,2396,27735,1226,5004,1306,693,3438,1333,8200
1046,68,1046.1966057033312,99789,1243,687,153,54,55421,29036,0.8463558107607051,708,415,26788,30151,12271,7144,8835,11547,46068,37576,11056,6740,5041,3269,12317,3430,11202,4933,675,1453,6238,2394,27639,1221,4981,1306,692,3444,1355,8199
1047,68,1047.1078706379753,99788,1248,699,154,54,55593,29124,0.848969816009941,711,405,26716,30163,12361,7179,8808,11498,46071,37583,11071,6767,5022,3256,12266,3429,11258,4985,674,1464,6286,2387,27567,1218,4964,1302,693,3449,1364,8204
1048,68,1048.0210847231076,99788,1238,702,154,54,55756,29225,0.8516154247003648,728,393,26648,30130,12446,7239,8784,11480,46074,37590,11086,6794,4997,3242,12215,3434,11326,5024,671,1481,6350,2382,27473,1216,4946,1301,693,3453,1383,8201
1049,68,1049.3953296720226,99786,1212,718,155,55,55988,29367,0.8553805143006032,755,397,26543,30098,12589,7318,8744,11412,46077,37597,11101,6821,4953,3226,12157,3439,11425,5067,667,1515,6437,2373,27353,1210,4914,1302,692,3454,1417,8185
1050,68,1050.3143458950883,99786,1225,719,155,55,56169,29469,0.8582165834886657,760,381,26460,30071,12687,7387,8711,11385,46080,37604,11115,6847,4925,3207,12108,3461,11478,5106,662,1533,6502,2367,27263,1206,4894,1300,695,3462,1437,8180
1051,68,1051.2358998505179,99786,1231,720,155,55,56336,29566,0.8608622452047381,749,388,26418,30037,12767,7449,8678,11349,46083,37611,11129,6873,4901,3196,12058,3465,11534,5148,659,1547,6564,2358,27176,1203,4882,1301,695,3467,1458,8174
1052,68,1052.1594593650682,99785,1256,735,156,55,56511,29668,0.8636468407075212,711,378,26376,30020,12838,7507,8661,11303,46086,37618,11143,6899,4877,3188,12020,3464,11588,5180,657,1564,6626,2351,27075,1201,4869,1299,696,3470,1477,8183
1053,68,1053.0843517157462,99784,1246,732,157,55,56661,29763,0.8661107993265453,725,382,26324,29990,12905,7572,8641,11267,46089,37625,11157,6925,4854,3181,11981,3474,11629,5231,650,1579,6699,2343,26982,1195,4847,1300,698,3464,1494,8183
1054,68,1054.0111768418344,99784,1257,745,157,55,56847,29855,0.86889681712499,728,395,26273,29965,12995,7617,8588,11221,46092,37632,11170,6951,4841,3156,11933,3492,11675,5279,648,1582,6755,2340,26899,1190,4836,1297,698,3465,1514,8184
1055,68,1055.4039659699408,99783,1266,726,158,55,57086,29987,0.872623593197238,732,414,26203,29935,13106,7719,8533,11149,46095,37639,11183,6976,4810,3127,11876,3516,11746,5338,645,1606,6840,2334,26782,1183,4811,1293,697,3468,1548,8163
1056,68,1056.3344961923124,99782,1296,737,159,55,57279,30082,0.8755186306147401,736,412,26129,29914,13180,7760,8498,11120,46098,37645,11196,7001,4783,3118,11843,3530,11781,5383,644,1624,6907,2327,26693,1172,4796,1293,699,3468,1562,8159
1057,68,1057.2671683949413,99781,1282,755,160,55,57443,30187,0.8782233090468126,771,399,26020,29904,13277,7816,8488,11069,46101,37651,11209,7026,4763,3105,11808,3537,11837,5431,641,1642,6949,2321,26617,1161,4778,1296,699,3465,1586,8145
1058,68,1058.2031269690617,99781,1282,726,160,55,57617,30269,0.8807889277517764,777,433,25940,29891,13360,7882,8479,11011,46104,37657,11222,7051,4745,3090,11767,3541,11892,5479,640,1656,7033,2312,26504,1157,4760,1294,698,3463,1612,8138
1059,68,1059.1421111939196,99781,1337,734,160,55,57819,30372,0.8838456219119872,721,408,25907,29884,13422,7945,8451,10972,46107,37663,11235,7075,4723,3076,11737,3549,11934,5518,638,1670,7097,2308,26416,1151,4743,1291,699,3467,1630,8134
1060,68,1060.0828194455316,99780,1333,747,161,55,58007,30480,0.8868210062136701,753,411,25804,29856,13520,8004,8427,10925,46110,37669,11247,7099,4702,3062,11693,3565,12014,5556,634,1676,7152,2297,26329,1142,4720,1291,699,3465,1646,8137
1061,68,1061.0262384175155,99779,1349,708,162,55,58171,30564,0.8893153870052817,773,446,25743,29841,13570,8077,8401,10871,46113,37675,11259,7123,4676,3051,11650,3570,12079,5596,633,1691,7227,2287,26231,1141,4701,1292,698,3461,1669,8126
1062,68,1062.446108827736,99779,1339,720,162,55,58461,30715,0.893735154691869,742,442,25652,29833,13753,8150,8350,10798,46116,37681,11271,7147,4635,3031,11583,3589,12174,5668,626,1722,7318,2277,26099,1134,4674,1287,697,3452,1698,8115
1063,68,1063.3955190645186,99779,1346,725,162,55,58652,30816,0.8966616221850289,735,435,25584,29813,13843,8211,8328,10759,46119,37687,11283,7171,4612,3019,11535,3598,12248,5708,623,1734,7379,2269,26006,1126,4658,1286,700,3447,1715,8116
1064,68,1064.3474432759854,99779,1329,722,162,55,58824,30925,0.8994778460397479,732,429,25537,29795,13943,8283,8295,10714,46122,37693,11295,7194,4595,2998,11485,3617,12304,5765,620,1739,7445,2260,25913,1122,4645,1286,700,3439,1740,8106
1065,68,1065.3013222020872,99779,1337,722,162,55,59018,31030,0.902474468575552,730,442,25488,29754,14025,8354,8256,10671,46125,37699,11306,7217,4572,2985,11437,3624,12357,5815,620,1750,7528,2251,25810,1117,4628,1286,700,3442,1754,8103
1066,68,1066.2571213610627,99779,1327,721,162,55,59177,31124,0.9050100722596939,755,456,25423,29729,14107,8403,8224,10634,46128,37705,11317,7240,4554,2972,11401,3628,12404,5868,620,1764,7582,2244,25723,1111,4612,1288,697,3435,1782,8094
1067,68,1067.2152948713608,99778,1358,715,163,55,59373,31220,0.9079456393192888,740,472,25373,29700,14158,8466,8206,10590,46131,37711,11328,7263,4533,2952,11363,3638,12455,5917,620,1784,7638,2240,25634,1104,4595,1286,696,3432,1805,8086
1068,68,1068.1751135909037,99776,1387,729,164,56,59567,31327,0.9109805965362412,723,469,25310,29683,14226,8511,8188,10550,46134,37717,11339,7285,4515,2936,11318,3642,12518,5965,619,1794,7678,2234,25564,1098,4578,1286,697,3426,1826,8082
1069,68,1069.1370510549723,99775,1364,722,165,56,59743,31440,0.9138862440491105,731,478,25253,29657,14337,8588,8148,10497,46137,37723,11350,7307,4493,2918,11256,3662,12591,6008,617,1803,7761,2226,25461,1088,4560,1285,700,3425,1852,8069
1070,68,1070.1011093729628,99774,1367,734,166,56,59948,31554,0.9170926293423136,718,461,25190,29655,14435,8653,8122,10439,46140,37729,11361,7329,4474,2901,11211,3683,12641,6066,616,1809,7812,2217,25375,1080,4543,1285,702,3421,1878,8060
1071,68,1071.0678326013872,99773,1363,739,167,56,60115,31663,0.9198681005883356,746,434,25129,29650,14501,8719,8092,10400,46143,37735,11372,7351,4453,2890,11168,3686,12697,6116,613,1820,7875,2208,25285,1077,4535,1279,701,3419,1898,8053
1072,68,1072.0367666068544,99773,1329,742,167,56,60273,31778,0.9226043117877583,790,417,25065,29635,14604,8786,8043,10362,46146,37741,11382,7373,4425,2869,11137,3698,12741,6171,609,1841,7938,2199,25191,1074,4521,1275,699,3416,1924,8045
1073,68,1073.0082205069104,99773,1361,747,167,56,60486,31885,0.925811592314554,764,413,25015,29635,14685,8837,8006,10310,46149,37747,11392,7394,4409,2845,11093,3717,12793,6218,606,1849,8004,2192,25100,1072,4506,1273,701,3414,1949,8032
1074,68,1074.468687044964,99772,1342,768,167,57,60755,32053,0.93020085795614,761,404,24962,29628,14817,8917,7949,10224,46152,37753,11402,7415,4383,2822,11037,3734,12888,6291,602,1870,8087,2180,24970,1059,4479,1270,698,3409,1981,8012
1075,68,1075.444372791304,99772,1361,784,167,57,60943,32175,0.9333079421080063,738,378,24915,29622,14893,8983,7924,10174,46155,37759,11412,7436,4360,2808,11004,3742,12930,6342,599,1885,8153,2175,24875,1056,4465,1268,698,3404,2005,8003
1076,68,1076.4218553726887,99771,1343,774,168,57,61116,32272,0.9360234938008039,723,376,24877,29608,14993,9042,7894,10141,46158,37765,11422,7457,4340,2792,10960,3757,12977,6400,596,1898,8216,2170,24783,1048,4449,1268,699,3398,2032,7988
1077,68,1077.4010347275469,99770,1335,775,168,58,61293,32371,0.9387992382479703,723,407,24814,29583,15095,9080,7863,10095,46161,37771,11432,7478,4318,2780,10927,3769,13033,6446,591,1911,8276,2162,24695,1043,4425,1273,698,3395,2052,7976
1078,68,1078.3825650887645,99768,1366,783,169,59,61486,32479,0.9418350573330125,721,413,24770,29558,15150,9124,7822,10061,46164,37777,11442,7499,4307,2770,10896,3767,13081,6495,588,1917,8344,2155,24603,1041,4404,1270,698,3394,2075,7963
1079,68,1079.3655431235516,99768,1331,759,169,59,61659,32570,0.9444811963755914,742,444,24708,29535,15256,9190,7792,10011,46167,37783,11451,7519,4287,2757,10860,3767,13142,6562,586,1931,8405,2152,24504,1034,4387,1265,698,3382,2105,7944
1080,68,1080.3512739143766,99768,1364,742,169,59,61857,32668,0.9474480795445434,714,442,24660,29533,15323,9253,7768,9969,46170,37789,11460,7539,4273,2747,10831,3781,13173,6620,581,1932,8478,2148,24403,1030,4369,1262,698,3379,2128,7935
1081,68,1081.3388571058217,99768,1364,710,169,59,62035,32752,0.9500741720792238,729,462,24602,29536,15387,9314,7747,9917,46173,37795,11469,7559,4255,2735,10779,3790,13241,6676,581,1942,8540,2137,24321,1022,4347,1258,696,3377,2152,7919
1082,68,1082.328852691486,99767,1354,732,170,59,62224,32881,0.9532711217135926,713,447,24545,29513,15500,9371,7716,9876,46176,37801,11478,7579,4233,2725,10732,3803,13312,6736,579,1953,8571,2130,24246,1012,4328,1257,694,3372,2176,7908
1083,68,1083.3210565418683,99767,1332,741,170,59,62399,33009,0.9563081981015766,715,410,24507,29509,15588,9439,7686,9840,46179,37807,11487,7599,4211,2710,10692,3820,13382,6790,575,1966,8637,2121,24148,1008,4303,1257,693,3362,2198,7894
1084,68,1084.3152843455844,99767,1318,760,170,59,62576,33120,0.9591949241733239,705,411,24473,29500,15671,9475,7661,9793,46182,37813,11496,7618,4196,2699,10648,3831,13449,6838,571,1968,8685,2119,24064,1001,4287,1253,693,3358,2217,7890
1085,68,1085.3111551666586,99767,1311,740,170,59,62764,33221,0.9620916735994868,706,442,24423,29489,15761,9530,7627,9738,46185,37819,11505,7637,4168,2679,10608,3846,13505,6896,567,1986,8753,2111,23974,995,4266,1246,693,3359,2240,7875
1086,68,1086.309112544399,99766,1299,765,170,60,62943,33349,0.9651785177314917,686,429,24382,29452,15863,9593,7598,9699,46188,37825,11514,7656,4149,2663,10575,3854,13547,6961,563,2000,8811,2101,23888,992,4254,1240,691,3349,2271,7857
1087,68,1087.3087751305504,99766,1289,786,170,60,63118,33468,0.968125413467514,678,432,24346,29432,15936,9642,7579,9646,46191,37831,11522,7675,4127,2647,10529,3869,13597,7015,563,2011,8871,2093,23807,984,4240,1237,690,3349,2290,7847
1088,68,1088.310046150648,99766,1263,793,170,60,63279,33578,0.9708417697411944,691,446,24317,29413,16014,9688,7543,9598,46194,37837,11530,7694,4108,2631,10494,3880,13660,7068,561,2023,8916,2090,23726,974,4219,1236,690,3341,2312,7837
1089,68,1089.312823111682,99766,1263,785,170,60,63452,33668,0.9734779383757993,687,457,24293,29402,16069,9746,7516,9548,46197,37843,11538,7713,4089,2617,10457,3882,13736,7115,560,2032,8948,2079,23663,967,4199,1236,691,3337,2328,7830
1090,68,1090.3169181518,99766,1225,765,170,60,63621,33771,0.9762043181043643,694,465,24251,29393,16171,9821,7487,9494,46200,37849,11546,7731,4070,2599,10420,3899,13793,7174,556,2039,9028,2070,23561,958,4184,1231,691,3328,2357,7808
1091,68,1091.3229351411455,99766,1220,760,170,60,63797,33886,0.9791211434757332,692,449,24224,29385,16244,9892,7448,9452,46203,37855,11554,7749,4045,2585,10380,3914,13844,7230,552,2053,9085,2066,23472,950,4174,1228,690,3321,2383,7794
1092,68,1092.3302739496587,99766,1201,762,170,60,63958,34013,0.982007898482449,705,417,24188,29383,16310,9969,7424,9407,46206,37861,11562,7767,4025,2567,10330,3931,13912,7272,550,2059,9157,2060,23377,946,4159,1227,690,3318,2409,7777
1093,68,1093.339191192665,99766,1229,748,170,60,64138,34094,0.984624020207285,689,443,24147,29373,16360,10005,7403,9369,46209,37867,11570,7785,4008,2556,10293,3947,13949,7320,549,2065,9210,2055,23303,938,4147,1226,689,3313,2434,7764
1094,68,1094.3498090894393,99766,1210,772,170,60,64304,34218,0.9875308221237696,669,428,24129,29366,16442,10050,7378,9322,46212,37873,11578,7803,3983,2542,10259,3959,13992,7374,545,2080,9261,2048,23224,932,4132,1227,688,3310,2459,7751
