,indexID,time,N,Inf_L,Inf_H,Dead_L,Dead_H,cum_cases_L,cum_cases_H,cum_sum_per_N,Exposed_L,Exposed_H,Sus_L,Sus_H,Rec_nat_L,Rec_nat_H,Rec_vax_L,Rec_vax_H,vaccinatedH,vaccinatedL,boostedH,boostedL,count_Naive,count_Delta,count_Delta_vaccine,count_two,count_three,count_four,count_Omicron,count_Omicron_star,count_Omicron_star_vaccine,count_Omicron_vaccine,count_Vaccine,count_WT,count_WT_vaccine,count_WT_vaccine_boost,count_Omicron_vaccine_boost,count_Delta_vaccine_boost,count_Omicron_star_vaccine_boost,count_Vaccine_boost
0,1532,1.3078927066127246,99996,6,2,0,0,6,2,8.000320012800512e-05,19,23,49973,49973,0,0,0,0,0,0,0,0,99996,0,0,0,0,0,0,0,0,0,0,0,0,0,0,0,0,0
1,1532,2.115520053682301,99996,8,4,0,0,10,5,0.0001500060002400096,16,20,49972,49973,2,1,0,0,0,0,0,0,99993,0,0,0,0,0,0,0,0,0,0,3,0,0,0,0,0,0
2,1532,3.0673302660000235,99996,11,6,0,0,13,8,0.00021000840033601344,13,18,49972,49972,2,2,0,0,0,0,0,0,99992,0,0,0,0,0,0,0,0,0,0,4,0,0,0,0,0,0
3,1532,4.096306711219949,99996,11,7,0,0,14,9,0.00023000920036801473,14,17,49970,49972,3,2,0,0,0,0,0,0,99991,0,0,0,0,0,0,0,0,0,0,5,0,0,0,0,0,0
4,1532,5.017134795087531,99996,16,8,0,0,20,10,0.0003000120004800192,10,17,49968,49971,4,2,0,0,0,0,0,0,99990,0,0,0,0,0,0,0,0,0,0,6,0,0,0,0,0,0
5,1532,6.035016653464019,99996,18,7,0,0,24,12,0.00036001440057602306,6,19,49968,49967,6,5,0,0,0,0,0,0,99985,0,0,0,0,0,0,0,0,0,0,11,0,0,0,0,0,0
6,1532,7.00516229543721,99996,20,8,0,0,27,14,0.00041001640065602623,5,18,49966,49966,7,6,0,0,0,0,0,0,99983,0,0,0,0,0,0,0,0,0,0,13,0,0,0,0,0,0
7,1532,8.029416418347628,99996,20,9,0,0,30,18,0.0004800192007680307,6,16,49962,49964,10,9,0,0,0,0,0,0,99977,0,0,0,0,0,0,0,0,0,0,19,0,0,0,0,0,0
8,1532,9.032609142062855,99996,20,11,0,0,33,20,0.0005300212008480339,7,17,49958,49961,13,9,0,0,0,0,0,0,99974,0,0,0,0,0,0,0,0,0,0,22,0,0,0,0,0,0
9,1532,10.01588491018809,99996,19,14,0,0,33,24,0.0005700228009120365,11,17,49954,49957,14,10,0,0,0,0,0,0,99972,0,0,0,0,0,0,0,0,0,0,24,0,0,0,0,0,0
10,1532,11.059186271223316,99996,15,13,0,0,34,26,0.0006000240009600384,11,16,49953,49956,19,13,0,0,0,0,0,0,99964,0,0,0,0,0,0,0,0,0,0,32,0,0,0,0,0,0
11,1532,12.052461873309012,99996,16,13,0,0,37,28,0.0006500260010400416,11,16,49950,49956,21,13,0,0,0,0,0,0,99960,0,0,0,0,0,0,0,0,0,0,36,0,0,0,0,0,0
12,1532,13.000007816304983,99996,20,13,0,0,42,31,0.0007300292011680467,8,14,49948,49955,22,16,0,0,0,0,0,0,99956,0,0,0,0,0,0,0,0,0,0,40,0,0,0,0,0,0
13,1532,14.024601654033724,99996,16,15,0,0,43,35,0.00078003120124805,8,10,49948,49956,26,17,0,0,0,0,0,0,99949,0,0,0,0,0,0,0,0,0,0,47,0,0,0,0,0,0
14,1532,15.021400488124407,99996,13,16,0,0,47,40,0.0008700348013920557,6,6,49946,49955,33,21,0,0,0,0,0,0,99938,0,0,0,0,0,0,0,0,0,0,58,0,0,0,0,0,0
15,1532,16.163335816386333,99996,18,16,0,0,52,43,0.0009500380015200608,4,5,49943,49953,33,24,0,0,0,0,0,0,99935,0,0,0,0,0,0,0,0,0,0,61,0,0,0,0,0,0
16,1532,17.238558213404243,99996,22,15,0,0,56,45,0.0010100404016160646,3,3,49940,49953,33,27,0,0,0,0,0,0,99932,0,0,0,0,0,0,0,0,0,0,64,0,0,0,0,0,0
17,1532,18.04136317520732,99996,22,14,0,0,56,46,0.0010200408016320653,4,3,49939,49952,33,29,0,0,0,0,0,0,99930,0,0,0,0,0,0,0,0,0,0,66,0,0,0,0,0,0
18,1532,19.057092666971712,99996,19,15,0,0,56,48,0.0010400416016640667,7,3,49936,49950,36,30,0,0,0,0,0,0,99926,0,0,0,0,0,0,0,0,0,0,70,0,0,0,0,0,0
19,1532,20.04808691759727,99996,18,13,0,0,58,48,0.0010600424016960679,9,5,49932,49948,39,32,0,0,0,0,0,0,99921,0,0,0,0,0,0,0,0,0,0,75,0,0,0,0,0,0
20,1532,21.03054156676643,99996,19,12,0,0,60,50,0.0011000440017600705,9,3,49931,49948,39,35,0,0,0,0,0,0,99917,0,0,0,0,0,0,0,0,0,0,79,0,0,0,0,0,0
21,1532,22.01392206174189,99996,22,12,0,0,63,51,0.001140045601824073,10,6,49927,49944,39,36,0,0,0,0,0,0,99916,0,0,0,0,0,0,0,0,0,0,80,0,0,0,0,0,0
22,1532,23.24660099087688,99996,19,15,0,0,64,54,0.0011800472018880755,11,4,49926,49943,42,36,0,0,0,0,0,0,99912,0,0,0,0,0,0,0,0,0,0,84,0,0,0,0,0,0
23,1532,24.060776893051948,99996,19,15,0,0,65,55,0.0012000480019200767,13,5,49923,49941,43,37,0,0,0,0,0,0,99910,0,0,0,0,0,0,0,0,0,0,86,0,0,0,0,0,0
24,1532,25.02093174636464,99996,15,16,0,0,68,58,0.0012600504020160806,13,2,49920,49941,50,39,0,0,0,0,0,0,99901,0,0,0,0,0,0,0,0,0,0,95,0,0,0,0,0,0
25,1532,26.087276148632412,99996,17,13,0,0,71,58,0.0012900516020640826,15,5,49915,49938,51,42,0,0,0,0,0,0,99897,0,0,0,0,0,0,0,0,0,0,99,0,0,0,0,0,0
26,1532,27.064048206735652,99996,16,15,0,0,74,60,0.0013400536021440858,18,8,49909,49933,55,42,0,0,0,0,0,0,99893,0,0,0,0,0,0,0,0,0,0,103,0,0,0,0,0,0
27,1532,28.02051397730089,99996,14,15,0,0,77,64,0.0014100564022560902,17,6,49907,49931,60,46,0,0,0,0,0,0,99884,0,0,0,0,0,0,0,0,0,0,112,0,0,0,0,0,0
28,1532,29.08214191023601,99996,16,15,0,0,82,65,0.001470058802352094,14,6,49905,49931,63,46,0,0,0,0,0,0,99880,0,0,0,0,0,0,0,0,0,0,116,0,0,0,0,0,0
29,1532,30.069264691404896,99996,16,16,0,0,84,67,0.0015100604024160967,15,7,49902,49928,65,47,0,0,0,0,0,0,99877,0,0,0,0,0,0,0,0,0,0,119,0,0,0,0,0,0
30,1532,31.045003423849902,99996,14,14,0,0,87,69,0.0015600624024961,14,8,49900,49926,70,50,0,0,0,0,0,0,99868,0,0,0,0,0,0,0,0,0,0,128,0,0,0,0,0,0
31,1532,32.1544895231543,99996,14,16,0,0,91,73,0.001640065602624105,12,4,49898,49926,74,52,0,0,0,0,0,0,99862,0,0,0,0,0,0,0,0,0,0,134,0,0,0,0,0,0
32,1532,33.039186326243616,99996,15,15,0,0,95,74,0.0016900676027041082,11,5,49895,49924,77,54,0,0,0,0,0,0,99857,0,0,0,0,0,0,0,0,0,0,139,0,0,0,0,0,0
33,1532,34.02294676148652,99996,14,15,0,0,97,76,0.0017300692027681108,10,5,49894,49922,80,56,0,0,0,0,0,0,99852,0,0,0,0,0,0,0,0,0,0,144,0,0,0,0,0,0
34,1532,35.19672162326637,99996,12,13,0,0,98,77,0.001750070002800112,11,6,49892,49921,83,58,0,0,0,0,0,0,99846,0,0,0,0,0,0,0,0,0,0,150,0,0,0,0,0,0
35,1532,36.01128026285799,99996,11,13,0,0,100,78,0.001780071202848114,11,5,49890,49921,86,59,0,0,0,0,0,0,99842,0,0,0,0,0,0,0,0,0,0,154,0,0,0,0,0,0
36,1532,37.04163561220268,99996,12,14,0,0,101,79,0.0018000720028801152,13,4,49887,49921,86,59,0,0,0,0,0,0,99842,0,0,0,0,0,0,0,0,0,0,154,0,0,0,0,0,0
37,1532,38.15172318600509,99996,14,15,0,0,105,80,0.0018500740029601184,12,5,49884,49919,88,59,0,0,0,0,0,0,99840,0,0,0,0,0,0,0,0,0,0,156,0,0,0,0,0,0
38,1532,39.01836628572141,99996,11,6,0,0,108,80,0.0018800752030081202,11,6,49882,49918,94,68,0,0,0,0,0,0,99825,0,0,0,0,0,0,0,0,0,0,171,0,0,0,0,0,0
39,1532,40.247926546112836,99996,10,7,0,0,110,81,0.0019100764030561222,13,6,49880,49917,95,68,0,0,0,0,0,0,99822,0,0,0,0,0,0,0,0,0,0,174,0,0,0,0,0,0
40,1532,41.06050024970829,99996,13,6,0,0,114,81,0.0019500780031201249,11,6,49878,49917,96,69,0,0,0,0,0,0,99820,0,0,0,0,0,0,0,0,0,0,176,0,0,0,0,0,0
41,1532,42.019325858698856,99996,13,5,0,0,114,82,0.0019600784031361253,11,5,49879,49917,95,71,0,0,0,0,0,0,99818,0,0,0,0,0,0,0,0,0,0,178,0,0,0,0,0,0
42,1532,43.09794199680119,99996,12,7,0,0,117,84,0.0020100804032161285,11,6,49877,49915,98,70,0,0,0,0,0,0,99814,0,0,0,0,0,0,0,0,0,0,182,0,0,0,0,0,0
43,1532,44.18136822654847,99996,14,8,0,0,121,86,0.0020700828033121325,9,4,49875,49915,100,71,0,0,0,0,0,0,99811,0,0,0,0,0,0,0,0,0,0,185,0,0,0,0,0,0
44,1532,45.141171746589485,99996,12,6,0,0,122,87,0.0020900836033441337,10,5,49874,49913,102,74,0,0,0,0,0,0,99805,0,0,0,0,0,0,0,0,0,0,191,0,0,0,0,0,0
45,1532,46.06493004189499,99996,10,7,0,0,122,88,0.0021000840033601345,12,6,49872,49911,104,74,0,0,0,0,0,0,99803,0,0,0,0,0,0,0,0,0,0,193,0,0,0,0,0,0
46,1532,47.238742382603874,99996,10,8,0,0,125,89,0.002140085603424137,11,6,49870,49910,107,74,0,0,0,0,0,0,99800,0,0,0,0,0,0,0,0,0,0,196,0,0,0,0,0,0
47,1532,48.16179857135622,99996,7,6,0,0,127,90,0.002170086803472139,10,5,49871,49910,110,77,0,0,0,0,0,0,99792,0,0,0,0,0,0,0,0,0,0,204,0,0,0,0,0,0
48,1532,49.17662157772526,99996,5,7,0,0,127,93,0.002200088003520141,10,3,49871,49909,112,79,0,0,0,0,0,0,99788,0,0,0,0,0,0,0,0,0,0,208,0,0,0,0,0,0
49,1532,50.001237102940486,99996,7,6,0,0,130,93,0.0022300892035681426,8,4,49870,49908,113,80,0,0,0,0,0,0,99786,0,0,0,0,0,0,0,0,0,0,210,0,0,0,0,0,0
50,1532,51.07094560231732,99996,7,7,0,0,131,94,0.0022500900036001442,13,4,49864,49907,114,80,0,0,0,0,0,0,99785,0,0,0,0,0,0,0,0,0,0,211,0,0,0,0,0,0
51,1532,52.03114934023967,99996,7,7,0,0,133,95,0.002280091203648146,12,3,49866,49908,113,80,0,0,0,0,0,0,99782,0,0,0,0,0,0,0,0,0,0,214,0,0,0,0,0,0
52,1532,53.230677922007665,99996,9,5,0,0,136,95,0.002310092403696148,10,3,49866,49908,113,82,0,0,0,0,0,0,99779,0,0,0,0,0,0,0,0,0,0,217,0,0,0,0,0,0
53,1532,54.02321022199881,99996,11,4,0,0,139,95,0.00234009360374415,11,5,49862,49906,114,83,0,0,0,0,0,0,99777,0,0,0,0,0,0,0,0,0,0,219,0,0,0,0,0,0
54,1532,55.26698310523895,99996,13,5,0,0,142,97,0.002390095603824153,10,6,49861,49903,114,84,0,0,0,0,0,0,99775,0,0,0,0,0,0,0,0,0,0,221,0,0,0,0,0,0
55,1532,56.13034657289065,99996,14,6,0,0,145,98,0.0024300972038881555,10,6,49859,49902,115,84,0,0,0,0,0,0,99773,0,0,0,0,0,0,0,0,0,0,223,0,0,0,0,0,0
56,1532,57.11438752045709,99996,14,7,0,0,148,99,0.002470098803952158,7,7,49860,49900,117,84,0,0,0,0,0,0,99770,0,0,0,0,0,0,0,0,0,0,226,0,0,0,0,0,0
57,1532,58.244386304585696,99996,12,7,0,0,148,100,0.0024800992039681587,7,8,49862,49898,117,85,0,0,0,0,0,0,99767,0,0,0,0,0,0,0,0,0,0,229,0,0,0,0,0,0
58,1532,59.1362782165201,99996,14,9,0,0,150,105,0.002550102004080163,8,3,49860,49898,116,88,0,0,0,0,0,0,99764,0,0,0,0,0,0,0,0,0,0,232,0,0,0,0,0,0
59,1532,60.00998123607108,99996,17,9,0,0,153,106,0.002590103604144166,11,2,49855,49898,115,89,0,0,0,0,0,0,99763,0,0,0,0,0,0,0,0,0,0,233,0,0,0,0,0,0
60,1532,61.017289598567025,99996,18,9,0,0,155,106,0.002610104404176167,12,4,49852,49896,116,89,0,0,0,0,0,0,99762,0,0,0,0,0,0,0,0,0,0,234,0,0,0,0,0,0
61,1532,62.112234636089944,99996,18,9,0,0,157,107,0.0026401056042241688,10,5,49852,49894,118,90,0,0,0,0,0,0,99759,0,0,0,0,0,0,0,0,0,0,237,0,0,0,0,0,0
62,1532,63.02980705782962,99996,20,7,0,0,161,108,0.002690107604304172,9,4,49849,49894,120,93,0,0,0,0,0,0,99754,0,0,0,0,0,0,0,0,0,0,242,0,0,0,0,0,0
63,1532,64.31002664163138,99996,23,7,0,0,166,109,0.002750110004400176,7,4,49847,49893,121,94,0,0,0,0,0,0,99751,0,0,0,0,0,0,0,0,0,0,245,0,0,0,0,0,0
64,1532,65.16370021404506,99996,21,7,0,0,168,110,0.002780111204448178,9,5,49843,49892,125,94,0,0,0,0,0,0,99746,0,0,0,0,0,0,0,0,0,0,250,0,0,0,0,0,0
65,1532,66.07645453570734,99996,22,8,0,0,169,111,0.0028001120044801792,10,6,49841,49890,125,94,0,0,0,0,0,0,99746,0,0,0,0,0,0,0,0,0,0,250,0,0,0,0,0,0
66,1532,67.03351978420024,99996,19,8,0,0,171,112,0.0028301132045281813,11,6,49838,49889,130,95,0,0,0,0,0,0,99740,0,0,0,0,0,0,0,0,0,0,256,0,0,0,0,0,0
67,1532,68.01753002370603,99996,19,6,0,0,174,113,0.0028701148045921837,14,5,49832,49889,133,98,0,0,0,0,0,0,99735,0,0,1,0,0,0,0,0,0,0,260,0,0,0,0,0,0
68,1532,69.14711649468939,99996,18,6,0,0,179,114,0.0029301172046881877,12,4,49830,49890,138,98,0,0,0,0,0,0,99728,0,0,1,0,0,0,0,0,0,0,267,0,0,0,0,0,0
69,1532,70.0976088627594,99996,18,6,0,0,181,115,0.0029601184047361893,10,3,49831,49890,139,99,0,0,0,0,0,0,99725,0,0,1,0,0,0,0,0,0,0,270,0,0,0,0,0,0
70,1532,71.17349697795515,99996,15,5,0,0,182,116,0.002980119204768191,10,3,49830,49889,143,101,0,0,0,0,0,0,99719,0,0,1,0,0,0,0,0,0,0,276,0,0,0,0,0,0
71,1532,72.06643703874637,99996,15,4,0,0,186,116,0.0030201208048321933,9,4,49827,49888,147,102,0,0,0,0,0,0,99714,0,0,1,0,0,0,0,0,0,0,281,0,0,0,0,0,0
72,1532,73.0323316968387,99996,15,3,0,0,189,117,0.0030601224048961958,8,4,49826,49888,149,103,0,0,0,0,0,0,99709,0,0,1,0,0,0,0,0,0,0,286,0,0,0,0,0,0
73,1532,74.08696218532884,99996,15,4,0,0,190,118,0.003080123204928197,9,4,49824,49887,150,103,0,0,0,0,0,0,99708,0,0,1,0,0,0,0,0,0,0,287,0,0,0,0,0,0
74,1532,75.26722334973982,99996,16,5,0,0,192,119,0.003110124404976199,8,5,49823,49885,151,103,0,0,0,0,0,0,99707,0,0,1,0,0,0,0,0,0,0,288,0,0,0,0,0,0
75,1532,76.01557436114207,99996,15,7,0,0,194,121,0.003150126005040202,6,4,49823,49884,154,103,0,0,0,0,0,0,99704,0,0,1,0,0,0,0,0,0,0,291,0,0,0,0,0,0
76,1532,77.11193146401425,99996,15,7,0,0,195,122,0.003170126805072203,10,3,49818,49884,155,104,0,0,0,0,0,0,99702,0,0,1,0,0,0,0,0,0,0,293,0,0,0,0,0,0
77,1532,78.1868830309313,99996,15,7,0,0,199,123,0.0032201288051522062,8,2,49816,49885,159,104,0,0,0,0,0,0,99697,0,0,1,0,0,0,0,0,0,0,298,0,0,0,0,0,0
78,1532,79.06944043155079,99996,14,9,0,0,199,125,0.0032401296051842074,9,2,49815,49883,160,104,0,0,0,0,0,0,99696,0,0,1,0,0,0,0,0,0,0,299,0,0,0,0,0,0
79,1532,80.08116365470775,99996,18,8,0,0,204,125,0.0032901316052642107,8,4,49812,49881,160,105,0,0,0,0,0,0,99694,0,0,1,0,0,0,0,0,0,0,301,0,0,0,0,0,0
80,1532,81.05155515360212,99996,18,6,0,0,207,125,0.0033201328053122127,8,7,49810,49879,162,106,0,0,0,0,0,0,99689,0,0,1,0,0,0,0,0,0,0,306,0,0,0,0,0,0
81,1532,82.02382870210585,99996,18,6,0,0,208,126,0.003340133605344214,8,7,49809,49880,163,105,0,0,0,0,0,0,99687,0,0,1,0,0,0,0,0,0,0,308,0,0,0,0,0,0
82,1532,83.21237456861827,99996,18,8,0,0,212,128,0.0034001360054402175,9,5,49804,49881,167,104,0,0,0,0,0,0,99683,0,0,1,0,0,0,0,0,0,0,312,0,0,0,0,0,0
83,1532,84.00296123242045,99996,17,7,0,0,213,128,0.0034101364054562183,11,5,49801,49882,169,104,0,0,0,0,0,0,99680,0,0,1,0,0,0,0,0,0,0,315,0,0,0,0,0,0
84,1532,85.05538719917622,99996,16,7,0,0,214,129,0.0034301372054882195,15,5,49797,49881,170,105,0,0,0,0,0,0,99677,0,0,1,0,0,0,0,0,0,0,318,0,0,0,0,0,0
85,1532,86.12039789932899,99996,18,7,0,0,218,130,0.0034801392055682227,12,5,49796,49880,172,106,0,0,0,0,0,0,99674,0,0,1,0,0,0,0,0,0,0,321,0,0,0,0,0,0
86,1532,87.14525187906685,99996,15,9,0,0,221,133,0.0035401416056642264,10,2,49795,49880,178,107,0,0,0,0,0,0,99667,0,0,1,0,0,0,0,0,0,0,328,0,0,0,0,0,0
87,1532,88.12255007033791,99996,17,7,0,0,224,133,0.0035701428057122284,10,5,49793,49878,178,108,0,0,0,0,0,0,99664,0,0,1,0,0,0,0,0,0,0,331,0,0,0,0,0,0
88,1532,89.08346188212431,99996,20,10,0,0,229,136,0.0036501460058402336,12,3,49786,49878,180,107,0,0,0,0,0,0,99662,0,0,1,0,0,0,0,0,0,0,333,0,0,0,0,0,0
89,1532,90.03615526357898,99996,20,10,0,0,231,137,0.0036801472058882356,16,2,49781,49878,181,108,0,0,0,0,0,0,99659,0,0,1,0,0,0,0,0,0,0,336,0,0,0,0,0,0
90,1532,91.10393262106977,99996,21,10,0,0,234,137,0.0037101484059362372,17,3,49777,49877,183,108,0,0,0,0,0,0,99657,0,0,1,0,0,0,0,0,0,0,338,0,0,0,0,0,0
91,1532,92.0901980864562,99996,22,9,0,0,239,138,0.0037701508060322413,14,3,49775,49876,187,110,0,0,0,0,0,0,99651,0,0,1,0,0,0,0,0,0,0,344,0,0,0,0,0,0
92,1532,93.2138187570515,99996,25,11,0,0,246,140,0.003860154406176247,13,3,49771,49874,189,110,0,0,0,0,0,0,99647,0,0,1,0,0,0,0,0,0,0,348,0,0,0,0,0,0
93,1532,94.03478620824048,99996,24,10,0,0,248,140,0.0038801552062082485,15,5,49768,49872,191,111,0,0,0,0,0,0,99643,0,0,1,0,0,0,0,0,0,0,352,0,0,0,0,0,0
94,1532,95.05557408819628,99996,24,11,0,0,253,142,0.003950158006320253,13,7,49766,49869,195,111,0,0,0,0,0,0,99637,0,0,1,0,0,0,0,0,0,0,358,0,0,0,0,0,0
95,1532,96.05198343894209,99996,23,13,0,0,254,146,0.004000160006400256,15,3,49764,49869,196,113,0,0,0,0,0,0,99633,0,0,1,0,0,0,0,0,0,0,362,0,0,0,0,0,0
96,1532,97.08131317393165,99996,24,12,0,0,257,146,0.004030161206448258,14,4,49764,49869,196,113,0,0,0,0,0,0,99630,0,0,1,0,0,0,0,0,0,0,365,0,0,0,0,0,0
97,1532,98.03723057482505,99996,24,12,0,0,259,146,0.004050162006480259,14,4,49762,49871,198,111,0,0,0,0,0,0,99628,0,0,1,0,0,0,0,0,0,0,367,0,0,0,0,0,0
98,1532,99.21150134687957,99996,24,13,0,0,264,148,0.004120164806592263,15,4,49756,49869,203,112,0,0,0,0,0,0,99622,0,0,1,0,0,0,0,0,0,0,373,0,0,0,0,0,0
99,1532,100.19196451287645,99996,23,13,0,0,270,150,0.004200168006720269,12,3,49755,49868,208,114,0,0,0,0,0,0,99613,0,0,1,0,0,0,0,0,0,0,382,0,0,0,0,0,0
100,1532,101.14494200746343,99996,17,12,0,0,270,150,0.004200168006720269,18,4,49749,49867,214,115,0,0,0,0,0,0,99606,0,0,1,0,0,0,0,0,0,0,389,0,0,0,0,0,0
101,1532,102.14231152169117,99996,22,13,0,0,278,151,0.004290171606864275,15,10,49745,49860,216,115,0,0,0,0,0,0,99603,0,0,1,0,0,0,0,0,0,0,392,0,0,0,0,0,0
102,1532,103.08745310130664,99996,21,14,0,0,281,154,0.004350174006960279,16,7,49742,49860,219,117,0,0,0,0,0,0,99597,0,0,1,0,0,0,0,0,0,0,398,0,0,0,0,0,0
103,1532,104.01947274533181,99996,22,18,0,0,286,158,0.004440177607104284,17,5,49738,49858,221,117,0,0,0,0,0,0,99593,0,0,1,0,0,0,0,0,0,0,402,0,0,0,0,0,0
104,1532,105.18394666874272,99996,23,16,0,0,290,158,0.004480179207168287,23,5,49731,49859,221,118,0,0,0,0,0,0,99588,0,0,1,0,0,0,0,0,0,0,407,0,0,0,0,0,0
105,1532,106.0892190061289,99996,27,17,0,0,297,159,0.004560182407296292,19,6,49728,49857,224,118,0,0,0,0,0,0,99585,0,0,1,0,0,0,0,0,0,0,410,0,0,0,0,0,0
106,1532,107.17150531317277,99996,30,17,0,0,303,161,0.004640185607424297,19,12,49724,49849,225,120,0,0,0,0,0,0,99580,0,0,1,0,0,0,0,0,0,0,415,0,0,0,0,0,0
107,1532,108.06949304463639,99996,33,16,0,0,311,164,0.004750190007600304,14,10,49721,49848,230,124,0,0,0,0,0,0,99571,0,0,1,0,0,0,0,0,0,0,424,0,0,0,0,0,0
108,1532,109.09769602283197,99996,29,15,0,0,312,166,0.004780191207648306,19,10,49717,49848,233,125,0,0,0,0,0,0,99563,0,0,1,0,0,0,0,0,0,0,432,0,0,0,0,0,0
109,1532,110.03367958315539,99996,28,15,0,0,317,168,0.00485019400776031,17,11,49715,49845,238,127,0,0,0,0,0,0,99555,0,0,1,0,0,0,0,0,0,0,440,0,0,0,0,0,0
110,1532,111.22981835204911,99996,27,15,0,0,323,172,0.004950198007920317,16,10,49710,49843,245,130,0,0,0,0,0,0,99544,0,0,1,0,0,0,0,0,0,0,451,0,0,0,0,0,0
111,1532,112.01461867749236,99996,32,14,0,0,331,174,0.005050202008080323,12,11,49706,49840,248,133,0,0,0,0,0,0,99538,0,0,1,0,0,0,0,0,0,0,457,0,0,0,0,0,0
112,1532,113.04216730449465,99996,31,16,0,0,333,178,0.005110204408176327,12,8,49706,49839,249,135,0,0,0,0,0,0,99533,0,0,1,0,0,0,0,0,0,0,462,0,0,0,0,0,0
113,1532,114.02688890930207,99996,35,13,0,0,338,180,0.005180207208288332,11,7,49702,49839,250,139,0,0,0,0,0,0,99527,0,0,1,0,0,0,0,0,0,0,468,0,0,0,0,0,0
114,1532,115.13302860666741,99996,35,15,0,0,341,182,0.005230209208368335,16,6,49696,49839,251,138,0,0,0,0,0,0,99524,0,0,1,0,0,0,0,0,0,0,471,0,0,0,0,0,0
115,1532,116.00110379608068,99996,37,16,0,0,346,184,0.005300212008480339,15,4,49692,49839,254,139,0,0,0,0,0,0,99520,0,0,1,0,0,0,0,0,0,0,475,0,0,0,0,0,0
116,1532,117.07234487706528,99996,34,16,0,0,350,185,0.005350214008560342,19,5,49685,49838,260,139,0,0,0,0,0,0,99512,0,0,1,0,0,0,0,0,0,0,483,0,0,0,0,0,0
117,1532,118.2441603058394,99996,39,16,0,0,360,188,0.00548021920876835,24,8,49672,49832,263,142,0,0,0,0,0,0,99504,0,0,1,0,0,0,0,0,0,0,491,0,0,0,0,0,0
118,1532,119.07377702249941,99996,39,14,0,0,365,188,0.005530221208848354,23,10,49670,49830,266,144,0,0,0,0,0,0,99497,0,0,1,0,0,0,0,0,0,0,498,0,0,0,0,0,0
119,1532,120.23196091102072,99996,37,15,0,0,367,190,0.005570222808912357,26,12,49665,49826,270,145,0,0,0,0,0,0,99492,0,0,1,0,0,0,0,0,0,0,503,0,0,0,0,0,0
120,1532,121.15089891013197,99995,34,15,1,0,371,193,0.005640282014100705,28,14,49660,49821,275,148,0,0,0,0,0,0,99482,0,0,1,0,0,0,0,0,0,0,512,0,0,0,0,0,0
121,1532,122.06458188539926,99995,35,16,1,0,379,196,0.005750287514375719,27,14,49655,49819,280,149,0,0,0,0,0,0,99473,0,0,1,0,0,0,0,0,0,0,521,0,0,0,0,0,0
122,1532,123.01760731829935,99995,36,17,1,0,385,201,0.005860293014650733,23,13,49653,49815,285,153,0,0,0,0,0,0,99464,0,0,1,0,0,0,0,0,0,0,530,0,0,0,0,0,0
123,1532,124.0673960617241,99995,41,21,1,0,395,206,0.006010300515025751,26,11,49643,49813,287,153,0,0,0,0,0,0,99458,0,0,1,0,0,0,0,0,0,0,536,0,0,0,0,0,0
124,1532,125.11218036022957,99995,50,20,1,0,404,208,0.006120306015300765,19,13,49642,49810,286,155,0,0,0,0,0,0,99455,0,0,1,0,0,0,0,0,0,0,539,0,0,0,0,0,0
125,1532,126.02052114539664,99995,44,26,1,0,408,214,0.006220311015550778,21,13,49638,49805,294,154,0,0,0,0,0,0,99445,0,0,1,0,0,0,0,0,0,0,549,0,0,0,0,0,0
126,1532,127.06520856912259,99995,45,24,1,0,414,216,0.006300315015750788,19,12,49634,49804,299,158,0,0,0,0,0,0,99436,0,0,1,0,0,0,0,0,0,0,558,0,0,0,0,0,0
127,1532,128.0424856952664,99995,42,21,1,0,420,218,0.006380319015950798,27,19,49620,49796,308,162,0,0,0,0,0,0,99422,0,0,1,0,0,0,0,0,0,0,572,0,0,0,0,0,0
128,1532,129.14958906278426,99995,45,21,1,0,429,222,0.006510325516275814,26,17,49612,49795,314,165,0,0,0,0,0,0,99412,0,0,1,0,0,0,0,0,0,0,582,0,0,0,0,0,0
129,1532,130.00298550859065,99995,41,21,1,0,431,226,0.006570328516425822,27,14,49610,49794,319,169,0,0,0,0,0,0,99402,0,0,1,0,0,0,0,0,0,0,592,0,0,0,0,0,0
130,1532,131.23533570727105,99995,46,22,1,0,446,230,0.006760338016900845,26,12,49598,49795,327,169,0,0,0,0,0,0,99389,0,0,1,0,0,0,0,0,0,0,605,0,0,0,0,0,0
131,1532,132.3227493189536,99995,41,20,1,0,451,231,0.006820341017050853,26,13,49593,49794,337,171,0,0,0,0,0,0,99377,0,0,2,0,0,0,0,0,0,0,616,0,0,0,0,0,0
132,1532,133.30208590628678,99995,45,20,1,0,458,232,0.006900345017250863,28,15,49588,49792,336,171,0,0,0,0,0,0,99373,0,0,2,0,0,0,0,0,0,0,620,0,0,0,0,0,0
133,1532,134.0576279295893,99995,47,22,1,0,463,235,0.006980349017450873,25,13,49587,49792,338,171,0,0,0,0,0,0,99369,0,0,2,0,0,0,0,0,0,0,624,0,0,0,0,0,0
134,1532,135.26745420797278,99995,50,22,1,0,475,238,0.0071303565178258916,20,15,49580,49787,347,174,0,0,0,0,0,0,99358,0,0,3,0,0,0,0,0,0,0,634,0,0,0,0,0,0
135,1532,136.07721078220882,99995,47,23,1,0,480,241,0.0072103605180259015,22,17,49577,49782,351,176,0,0,0,0,0,0,99348,0,0,3,0,0,0,0,0,0,0,644,0,0,0,0,0,0
136,1532,137.05212836942306,99995,43,21,1,0,487,243,0.0073003650182509126,24,17,49569,49780,361,180,0,0,0,0,0,0,99333,0,0,3,0,0,0,0,0,0,0,659,0,0,0,0,0,0
137,1532,138.17415295325367,99995,42,24,1,0,494,246,0.007400370018500925,23,21,49565,49773,367,180,0,0,0,0,0,0,99325,0,0,3,0,0,0,0,0,0,0,667,0,0,0,0,0,0
138,1532,139.02330105762988,99995,41,28,1,0,496,253,0.0074903745187259365,24,16,49564,49771,368,183,0,0,0,0,0,0,99319,0,0,3,0,0,0,0,0,0,0,673,0,0,0,0,0,0
139,1532,140.07136332162466,99994,39,26,2,0,503,257,0.007600456027361642,30,16,49552,49767,375,189,0,0,0,0,0,0,99304,0,0,3,0,0,0,0,0,0,0,687,0,0,0,0,0,0
140,1532,141.05633386276006,99994,41,24,2,0,511,260,0.007710462627757666,30,17,49545,49765,380,192,0,0,0,0,0,0,99293,0,0,3,0,0,0,0,0,0,0,698,0,0,0,0,0,0
141,1532,142.1109979261332,99994,40,25,2,0,516,263,0.007790467428045683,30,17,49541,49765,385,191,0,0,0,0,0,0,99285,0,0,3,0,0,0,0,0,0,0,706,0,0,0,0,0,0
142,1532,143.19807934760928,99994,42,21,2,0,527,264,0.007910474628477708,28,22,49532,49760,394,195,0,0,0,0,0,0,99271,0,0,3,0,0,0,0,0,0,0,720,0,0,0,0,0,0
143,1532,144.18717237300368,99994,39,27,2,0,535,271,0.008060483629017741,28,21,49527,49754,402,196,0,0,0,0,0,0,99259,0,0,3,0,0,0,0,0,0,0,732,0,0,0,0,0,0
144,1532,145.17637183148705,99994,32,24,2,0,537,273,0.00810048602916175,30,22,49524,49752,410,200,0,0,0,0,0,0,99245,0,0,3,0,0,0,0,0,0,0,746,0,0,0,0,0,0
145,1532,146.2338482895573,99993,31,27,3,0,539,281,0.008200574040182812,38,18,49515,49748,411,205,0,0,0,0,0,0,99237,0,0,3,0,0,0,0,0,0,0,753,0,0,0,0,0,0
146,1532,147.16264558520325,99993,33,22,3,0,543,283,0.008260578240476834,39,19,49512,49745,411,212,0,0,0,0,0,0,99228,0,0,3,0,0,0,0,0,0,0,762,0,0,0,0,0,0
147,1532,148.2938143775857,99993,38,20,3,0,558,287,0.008450591541407898,28,17,49508,49743,421,218,0,0,0,0,0,0,99212,0,0,3,0,0,0,0,0,0,0,778,0,0,0,0,0,0
148,1532,149.03743211735468,99993,41,20,3,0,563,288,0.00851059574170192,28,18,49504,49741,422,219,0,0,0,0,0,0,99209,0,0,3,0,0,0,0,0,0,0,781,0,0,0,0,0,0
149,1532,150.2859493157118,99993,44,21,3,0,573,295,0.008680607642534978,30,16,49492,49736,429,225,0,0,0,0,0,0,99196,0,0,3,0,0,0,0,0,0,0,794,0,0,0,0,0,0
150,1532,151.31545487472508,99993,46,21,3,0,577,300,0.008770613942976008,33,14,49486,49734,430,229,0,0,0,0,0,0,99189,0,0,3,0,0,0,0,0,0,0,801,0,0,0,0,0,0
151,1532,152.04728058494766,99993,47,21,3,0,581,302,0.00883061814327003,35,17,49480,49730,433,230,0,0,0,0,0,0,99184,0,0,3,0,0,0,0,0,0,0,806,0,0,0,0,0,0
152,1532,153.02382114019312,99993,52,22,3,0,593,308,0.009010630744152091,30,19,49473,49724,440,233,0,0,0,0,0,0,99172,0,0,3,0,0,0,0,0,0,0,818,0,0,0,0,0,0
153,1532,154.02229422903534,99992,58,21,3,1,603,311,0.00914073125850068,25,16,49469,49724,443,236,0,0,0,0,0,0,99164,0,0,3,0,0,0,0,0,0,0,825,0,0,0,0,0,0
154,1532,155.18077520845927,99992,55,24,3,1,612,317,0.009290743259460757,28,12,49457,49726,455,235,0,0,0,0,0,0,99149,0,0,3,0,0,0,0,0,0,0,840,0,0,0,0,0,0
155,1532,156.09865063828383,99992,56,25,3,1,619,321,0.009400752060164812,27,15,49451,49719,461,238,0,0,0,0,0,0,99140,0,0,3,0,0,0,0,0,0,0,849,0,0,0,0,0,0
156,1532,157.1344348361291,99992,57,26,3,1,630,326,0.009560764861188896,22,12,49447,49717,469,242,0,0,0,0,0,0,99126,0,0,3,0,0,0,0,0,0,0,863,0,0,0,0,0,0
157,1532,158.00787058779932,99992,57,26,3,1,633,331,0.009640771261700936,26,13,49442,49713,470,245,0,0,0,0,0,0,99118,0,0,3,0,0,0,0,0,0,0,871,0,0,0,0,0,0
158,1532,159.05356459050086,99992,64,28,3,1,645,336,0.009810784862789024,22,12,49435,49709,474,248,0,0,0,0,0,0,99110,0,0,3,0,0,0,0,0,0,0,879,0,0,0,0,0,0
159,1532,160.1427929561095,99992,63,28,3,1,651,341,0.009920793663493079,22,11,49430,49705,480,253,0,0,0,0,0,0,99098,0,0,3,0,0,0,0,0,0,0,891,0,0,0,0,0,0
160,1532,161.19208618030348,99992,56,28,3,1,655,343,0.00998079846387711,28,15,49423,49702,488,252,0,0,0,0,0,0,99085,0,0,3,0,0,0,0,0,0,0,904,0,0,0,0,0,0
161,1532,162.19101818058172,99992,60,31,3,1,663,349,0.010120809664773182,30,10,49413,49701,492,255,0,0,0,0,0,0,99078,0,0,3,0,0,0,0,0,0,0,911,0,0,0,0,0,0
162,1532,163.0764983720286,99992,58,33,3,1,670,356,0.010260820865669254,35,13,49403,49693,499,258,0,0,0,0,0,0,99064,0,0,3,0,0,0,0,0,0,0,925,0,0,0,0,0,0
163,1532,164.01333836542366,99992,67,34,3,1,682,361,0.010430834466757341,28,11,49401,49692,499,260,0,0,0,0,0,0,99057,0,0,3,0,0,0,0,0,0,0,932,0,0,0,0,0,0
164,1532,165.00032849600012,99992,62,31,3,1,684,365,0.010490839267141372,38,14,49390,49685,505,267,0,0,0,0,0,0,99044,0,0,4,0,0,0,0,0,0,0,944,0,0,0,0,0,0
165,1532,166.00420343361637,99992,59,32,3,1,692,369,0.010610848867909433,39,19,49382,49679,515,267,0,0,0,0,0,0,99030,0,0,4,0,0,0,0,0,0,0,958,0,0,0,0,0,0
166,1532,167.11281394325928,99992,63,30,3,1,702,372,0.0107408592687415,40,18,49373,49677,519,272,0,0,0,0,0,0,99019,0,0,4,0,0,0,0,0,0,0,969,0,0,0,0,0,0
167,1532,168.18482735250325,99992,71,34,3,1,721,377,0.010980878470277622,30,23,49366,49667,528,273,0,0,0,0,0,0,99007,0,0,4,0,0,0,0,0,0,0,981,0,0,0,0,0,0
168,1532,169.1767914749756,99992,66,33,3,1,727,382,0.011090887270981679,35,20,49357,49666,537,278,0,0,0,0,0,0,98990,0,0,4,0,0,0,0,0,0,0,998,0,0,0,0,0,0
169,1532,170.1871447764233,99992,70,35,3,1,733,387,0.011200896071685736,45,19,49342,49664,538,279,0,0,0,0,0,0,98985,0,0,4,0,0,0,0,0,0,0,1003,0,0,0,0,0,0
170,1532,171.06707552028323,99992,66,34,3,1,741,389,0.011300904072325786,47,22,49333,49659,549,282,0,0,0,0,0,0,98970,0,0,4,0,0,0,0,0,0,0,1018,0,0,0,0,0,0
171,1532,172.0595813057337,99992,74,31,3,1,751,390,0.011410912873029842,42,22,49330,49659,549,285,0,0,0,0,0,0,98964,0,0,4,0,0,0,0,0,0,0,1024,0,0,0,0,0,0
172,1532,173.0521345931312,99992,74,31,3,1,760,393,0.011530922473797904,39,22,49328,49659,554,285,0,0,0,0,0,0,98952,0,0,4,0,0,0,0,0,0,0,1036,0,0,0,0,0,0
173,1532,174.04477722640632,99992,64,36,3,1,766,399,0.011650932074565966,47,26,49315,49651,569,284,0,0,0,0,0,0,98935,0,0,4,0,0,0,0,0,0,0,1053,0,0,0,0,0,0
174,1532,175.0376517111738,99992,65,41,3,1,777,410,0.011870949675974077,43,22,49309,49648,578,286,0,0,0,0,0,0,98919,0,0,4,0,0,0,0,0,0,0,1069,0,0,0,0,0,0
175,1532,176.2441248369698,99992,66,42,3,1,786,416,0.012020961676934155,43,20,49300,49645,586,290,0,0,0,0,0,0,98906,0,0,4,0,0,0,0,0,0,0,1082,0,0,0,0,0,0
176,1532,177.13165854537655,99992,70,43,3,1,798,422,0.012200976078086246,40,18,49292,49642,593,294,0,0,0,0,0,0,98893,0,0,4,0,0,0,0,0,0,0,1095,0,0,0,0,0,0
177,1532,178.00975253098238,99992,67,40,3,1,803,425,0.012280982478598287,43,18,49285,49640,600,299,0,0,0,0,0,0,98879,0,0,4,0,0,0,0,0,0,0,1109,0,0,0,0,0,0
178,1532,179.03330899977078,99992,68,42,3,1,816,436,0.012521001680134411,44,22,49274,49625,609,308,0,0,0,0,0,0,98858,0,0,4,0,0,0,0,0,0,0,1130,0,0,0,0,0,0
179,1532,180.02699915418583,99992,72,43,3,1,824,442,0.012661012881030482,45,21,49265,49621,613,312,0,0,0,0,0,0,98849,0,0,4,0,0,0,0,0,0,0,1139,0,0,0,0,0,0
180,1532,181.098914676401,99992,73,43,3,1,838,447,0.01285102808224658,42,23,49254,49614,626,317,0,0,0,0,0,0,98831,0,0,4,0,0,0,0,0,0,0,1157,0,0,0,0,0,0
181,1532,182.09295063569544,99992,78,41,3,1,849,450,0.012991039283142651,44,30,49245,49604,628,322,0,0,0,0,0,0,98820,0,0,4,0,0,0,0,0,0,0,1168,0,0,0,0,0,0
182,1532,183.0870938859016,99992,75,39,3,1,857,454,0.013111048883910712,51,31,49231,49600,638,327,0,0,0,0,0,0,98803,0,0,4,0,0,0,0,0,0,0,1185,0,0,0,0,0,0
183,1532,184.08144052361033,99992,77,46,3,1,869,464,0.013331066485318826,56,27,49219,49594,643,330,0,0,0,0,0,0,98790,0,0,4,0,0,0,0,0,0,0,1198,0,0,0,0,0,0
184,1532,185.07597409099426,99992,83,47,3,1,883,472,0.013551084086726938,50,31,49214,49582,648,337,0,0,0,0,0,0,98775,0,0,4,0,0,0,0,0,0,0,1213,0,0,0,0,0,0
185,1532,186.07059511492233,99991,82,44,4,1,893,478,0.013711234011060995,59,30,49198,49578,655,345,0,0,0,0,0,0,98755,0,0,4,0,0,0,0,0,0,0,1232,0,0,0,0,0,0
186,1532,187.06543949038894,99991,85,49,4,1,907,487,0.013941254712924163,56,27,49192,49572,661,349,0,0,0,0,0,0,98740,0,0,4,0,0,0,0,0,0,0,1247,0,0,0,0,0,0
187,1532,188.0604209501136,99990,84,46,5,1,919,491,0.014101410141014101,59,29,49182,49568,668,354,0,0,0,0,0,0,98720,0,0,4,0,0,0,0,0,0,0,1266,0,0,0,0,0,0
188,1532,189.05556912260894,99990,87,49,5,1,934,500,0.014341434143414341,56,29,49171,49561,679,358,0,0,0,0,0,0,98702,0,0,4,0,0,0,0,0,0,0,1284,0,0,0,0,0,0
189,1532,190.05093203709424,99990,100,52,5,1,954,507,0.014611461146114611,49,29,49160,49554,684,362,0,0,0,0,0,0,98691,0,0,4,0,0,0,0,0,0,0,1295,0,0,0,0,0,0
190,1532,191.0464082970927,99990,97,53,5,1,965,517,0.014821482148214821,52,33,49149,49543,695,368,0,0,0,0,0,0,98668,0,0,4,0,0,0,0,0,0,0,1318,0,0,0,0,0,0
191,1532,192.042056627797,99990,107,55,5,1,982,526,0.015081508150815081,52,34,49138,49535,696,373,0,0,0,0,0,0,98654,0,0,4,0,0,0,0,0,0,0,1332,0,0,0,0,0,0
192,1532,193.03784459077232,99990,103,60,5,1,996,535,0.015311531153115312,51,41,49129,49519,710,377,0,0,0,0,0,0,98632,0,0,4,0,0,0,0,0,0,0,1354,0,0,0,0,0,0
193,1532,194.03382445743483,99989,101,63,6,1,1005,546,0.015511706287691647,61,36,49115,49514,715,384,0,0,0,0,0,0,98613,0,0,4,0,0,0,0,0,0,0,1372,0,0,0,0,0,0
194,1532,195.02999709473607,99989,102,63,6,1,1021,552,0.015731730490353937,63,34,49100,49510,727,390,0,0,0,0,0,0,98592,0,0,4,0,0,0,0,0,0,0,1393,0,0,0,0,0,0
195,1532,196.02644477231877,99989,94,59,6,1,1038,561,0.015991759093500285,65,35,49083,49502,750,401,0,0,0,0,0,0,98554,0,0,4,0,0,0,0,0,0,0,1431,0,0,0,0,0,0
196,1532,197.02328297583753,99989,98,61,6,1,1059,568,0.01627178989688866,57,40,49075,49490,762,406,0,0,0,0,0,0,98532,0,0,4,0,0,0,0,0,0,0,1453,0,0,0,0,0,0
197,1532,198.02029102208317,99989,90,64,6,1,1071,575,0.01646181079918791,58,38,49067,49489,777,406,0,0,0,0,0,0,98508,0,0,4,0,0,0,0,0,0,0,1477,0,0,0,0,0,0
198,1532,199.01753980878962,99989,96,66,6,1,1083,584,0.016671833901729192,60,36,49057,49486,779,409,0,0,0,0,0,0,98495,0,0,4,0,0,0,0,0,0,0,1490,0,0,0,0,0,0
199,1532,200.01492538125703,99989,100,65,6,1,1099,594,0.016931862504875536,62,31,49040,49482,790,419,0,0,0,0,0,0,98472,0,0,4,0,0,0,0,0,0,0,1513,0,0,0,0,0,0
200,1532,201.01260437631612,99989,94,66,6,1,1109,601,0.017101881206932762,66,31,49030,49476,802,424,0,0,0,0,0,0,98450,0,0,4,0,0,0,0,0,0,0,1535,0,0,0,0,0,0
201,1532,202.0105454797773,99989,95,69,6,1,1125,611,0.01736190981007911,69,28,49012,49469,816,431,0,0,0,0,0,0,98428,0,0,4,0,0,0,0,0,0,0,1557,0,0,0,0,0,0
202,1532,203.00874806399605,99988,118,66,6,2,1154,618,0.017722126655198622,52,40,49002,49451,820,439,0,0,0,0,0,0,98412,0,0,4,0,0,0,0,0,0,0,1572,0,0,0,0,0,0
203,1532,204.0070969916414,99988,109,61,6,2,1162,623,0.01785214225707085,57,39,48989,49447,837,449,0,0,0,0,0,0,98385,0,0,4,0,0,0,0,0,0,0,1599,0,0,0,0,0,0
204,1532,205.00573928029766,99988,105,68,6,2,1179,637,0.018162179461535383,55,36,48981,49438,851,454,0,0,0,0,0,0,98357,0,0,4,0,0,0,0,0,0,0,1627,0,0,0,0,0,0
205,1532,206.00459799029295,99988,113,74,6,2,1200,648,0.018482217866143937,57,34,48964,49429,858,459,0,0,0,0,0,0,98339,0,0,4,0,0,0,0,0,0,0,1645,0,0,0,0,0,0
206,1532,207.00368730069292,99988,113,70,6,2,1215,657,0.018722246669600352,59,32,48950,49423,870,471,0,0,0,0,0,0,98311,0,0,4,0,0,0,0,0,0,0,1673,0,0,0,0,0,0
207,1532,208.00308061970802,99988,113,71,6,2,1234,667,0.019012281473776853,62,32,48931,49415,886,478,0,0,0,0,0,0,98283,0,0,4,0,0,0,0,0,0,0,1701,0,0,0,0,0,0
208,1532,209.0028100619344,99988,113,63,6,2,1247,670,0.01917230067608113,69,37,48911,49409,899,487,0,0,0,0,0,0,98259,0,0,4,0,0,0,0,0,0,0,1725,0,0,0,0,0,0
209,1532,210.00290398487616,99987,108,62,7,2,1268,677,0.019452528828747737,68,42,48893,49398,922,494,0,0,0,0,0,0,98225,0,0,4,0,0,0,0,0,0,0,1758,0,0,0,0,0,0
210,1532,211.003382295723,99987,117,62,7,2,1290,689,0.019792573034494484,67,39,48877,49391,930,504,0,0,0,0,0,0,98200,0,0,4,0,0,0,0,0,0,0,1783,0,0,0,0,0,0
211,1532,212.0041605241406,99987,115,58,7,2,1304,698,0.02002260293838199,72,38,48859,49386,945,514,0,0,0,0,0,0,98173,0,0,6,0,0,0,0,0,0,0,1808,0,0,0,0,0,0
212,1532,213.00532349383357,99987,113,60,7,2,1321,711,0.02032264194345265,75,34,48840,49379,963,523,0,0,0,0,0,0,98143,0,0,6,0,0,0,0,0,0,0,1838,0,0,0,0,0,0
213,1532,214.0068231178493,99987,113,64,7,2,1339,718,0.0205726744476782,68,34,48834,49374,976,524,0,0,0,0,0,0,98122,0,0,6,0,0,0,0,0,0,0,1859,0,0,0,0,0,0
214,1532,215.00848311788886,99987,132,69,7,2,1368,729,0.020972726454439077,60,37,48817,49363,982,527,0,0,0,0,0,0,98106,0,0,6,0,0,0,0,0,0,0,1875,0,0,0,0,0,0
215,1532,216.0103658685265,99987,131,68,7,2,1383,738,0.021212757658495604,67,42,48799,49350,994,536,0,0,0,0,0,0,98081,0,0,7,0,0,0,0,0,0,0,1899,0,0,0,0,0,0
216,1532,217.0125691988163,99987,125,67,7,2,1396,750,0.021462790162721155,72,40,48784,49342,1010,547,0,0,0,0,0,0,98049,0,0,7,0,0,0,0,0,0,0,1931,0,0,0,0,0,0
217,1532,218.0150726356826,99987,131,72,7,2,1417,761,0.021782831768129857,73,37,48764,49334,1023,553,0,0,0,0,0,0,98028,0,0,7,0,0,0,0,0,0,0,1952,0,0,0,0,0,0
218,1532,219.01790784623765,99987,120,71,7,2,1425,767,0.021922849970496164,88,41,48742,49325,1041,559,0,0,0,0,0,0,98003,0,0,8,0,0,0,0,0,0,0,1976,0,0,0,0,0,0
219,1532,220.02112351874374,99987,128,70,7,2,1445,776,0.0222128876753978,94,41,48721,49319,1048,566,0,0,0,0,0,0,97981,0,0,8,0,0,0,0,0,0,0,1998,0,0,0,0,0,0
220,1532,221.02465485017072,99987,132,62,7,2,1465,780,0.022452918879454328,101,46,48700,49311,1058,577,0,0,0,0,0,0,97954,0,0,9,0,0,0,0,0,0,0,2024,0,0,0,0,0,0
221,1532,222.0285315806105,99987,143,62,7,2,1498,790,0.022882974786722275,94,46,48677,49304,1077,584,0,0,0,0,0,0,97922,0,0,9,0,0,0,0,0,0,0,2056,0,0,0,0,0,0
222,1532,223.03285236938018,99987,137,66,7,2,1521,801,0.02322301899246902,94,40,48658,49301,1102,589,0,0,0,0,0,0,97886,0,0,9,0,0,0,0,0,0,0,2092,0,0,0,0,0,0
223,1532,224.03760589752648,99987,145,61,7,2,1546,811,0.02357306449838479,84,48,48647,49287,1115,600,0,0,0,0,0,0,97854,0,0,9,0,0,0,0,0,0,0,2124,0,0,0,0,0,0
224,1532,225.04259589151627,99987,148,65,7,2,1567,822,0.023893106103793492,87,43,48628,49283,1128,605,0,0,0,0,0,0,97829,0,0,9,0,0,0,0,0,0,0,2149,0,0,0,0,0,0
225,1532,226.04791771897231,99987,160,67,7,2,1598,831,0.024293158110554373,78,48,48610,49271,1143,610,0,0,0,0,0,0,97803,0,0,9,0,0,0,0,0,0,0,2175,0,0,0,0,0,0
226,1532,227.05354479729783,99987,147,74,7,2,1616,846,0.024623201016132096,79,45,48593,49260,1172,617,0,0,0,0,0,0,97765,0,0,10,0,0,0,0,0,0,0,2212,0,0,0,0,0,0
227,1532,228.05959973166128,99987,135,82,7,2,1632,864,0.024963245221878844,84,39,48576,49250,1196,625,0,0,0,0,0,0,97727,0,0,10,0,0,0,0,0,0,0,2250,0,0,0,0,0,0
228,1532,229.06608779981278,99985,148,78,8,3,1659,874,0.0253338000700105,83,38,48556,49246,1203,633,0,0,0,0,0,0,97700,0,0,11,0,0,0,0,0,0,0,2274,0,0,0,0,0,0
229,1532,230.0728901038255,99985,157,82,8,3,1684,886,0.02570385557833675,92,36,48528,49238,1213,639,0,0,0,0,0,0,97676,0,0,11,0,0,0,0,0,0,0,2298,0,0,0,0,0,0
230,1532,231.08007104570078,99985,158,82,8,3,1707,894,0.026013902085312797,93,41,48508,49227,1231,645,0,0,0,0,0,0,97647,0,0,12,0,0,0,0,0,0,0,2326,0,0,0,0,0,0
231,1532,232.08761001214168,99985,156,76,8,3,1725,901,0.026263939590938642,101,43,48485,49219,1248,657,0,0,0,0,0,0,97614,0,0,12,0,0,0,0,0,0,0,2359,0,0,0,0,0,0
232,1532,233.09559725598956,99985,160,70,8,3,1748,914,0.026623993599039854,100,47,48464,49204,1266,674,0,0,0,0,0,0,97577,0,0,13,0,0,0,0,0,0,0,2395,0,0,0,0,0,0
233,1532,234.1040071193442,99985,168,74,8,3,1775,930,0.02705405810871631,93,47,48446,49193,1283,681,0,0,0,0,0,0,97547,0,0,14,0,0,0,0,0,0,0,2424,0,0,0,0,0,0
234,1532,235.11275047075725,99985,170,74,8,3,1796,941,0.02737410611591739,99,47,48423,49183,1298,691,0,0,0,0,0,0,97517,0,0,14,0,0,0,0,0,0,0,2454,0,0,0,0,0,0
235,1532,236.12189748225268,99985,175,77,8,3,1822,953,0.02775416312446867,101,48,48397,49172,1317,698,0,0,0,0,0,0,97487,0,0,14,0,0,0,0,0,0,0,2484,0,0,0,0,0,0
236,1532,237.13144133507728,99985,187,78,8,3,1850,965,0.02815422313347002,95,53,48378,49155,1330,709,0,0,0,0,0,0,97460,0,0,14,0,0,0,0,0,0,0,2511,0,0,0,0,0,0
237,1532,238.14128819173342,99985,194,88,8,3,1883,982,0.02865429814472171,93,51,48352,49142,1351,714,0,0,0,0,0,0,97427,0,0,14,0,0,0,0,0,0,0,2544,0,0,0,0,0,0
238,1532,239.1515653878696,99985,198,88,8,3,1908,994,0.02902435365304796,106,51,48320,49133,1366,723,0,0,0,0,0,0,97395,0,0,15,0,0,0,0,0,0,0,2575,0,0,0,0,0,0
239,1532,240.16239271154842,99985,193,93,8,3,1942,1011,0.02953443016452468,108,45,48292,49124,1397,733,0,0,0,0,0,0,97344,0,0,15,0,0,0,0,0,0,0,2626,0,0,0,0,0,0
240,1532,241.1737889650868,99984,192,87,8,4,1968,1020,0.02988478156505041,122,50,48258,49113,1418,744,0,0,0,0,0,0,97302,0,0,15,0,0,0,0,0,0,0,2667,0,0,0,0,0,0
241,1532,242.18575659288123,99984,189,90,8,4,2000,1032,0.030324851976316212,121,49,48230,49102,1450,753,0,0,0,0,0,0,97258,0,0,15,0,0,0,0,0,0,0,2711,0,0,0,0,0,0
242,1532,243.1983757830708,99984,190,100,8,4,2031,1051,0.03082493198911826,118,53,48207,49079,1475,762,0,0,0,0,0,0,97220,0,0,16,0,0,0,0,0,0,0,2748,0,0,0,0,0,0
243,1532,244.21139852877604,99984,192,100,8,4,2065,1065,0.03130500880140823,117,48,48183,49073,1498,773,0,0,0,0,0,0,97174,0,0,16,0,0,0,0,0,0,0,2794,0,0,0,0,0,0
244,1532,245.22496007432193,99984,204,106,8,4,2099,1080,0.031795087213954236,119,51,48150,49057,1517,780,0,0,0,0,0,0,97143,0,0,16,0,0,0,0,0,0,0,2825,0,0,0,0,0,0
245,1532,246.2390641767426,99984,197,106,8,4,2129,1093,0.032225156024963994,125,56,48123,49040,1545,792,0,0,0,0,0,0,97093,0,0,16,0,0,0,0,0,0,0,2875,0,0,0,0,0,0
246,1532,247.25368900775075,99984,204,99,8,4,2160,1105,0.03265522483597376,120,63,48110,49024,1556,808,0,0,0,0,0,0,97050,0,0,16,0,0,0,0,0,0,0,2918,0,0,0,0,0,0
247,1532,248.26858267660634,99984,195,101,8,4,2187,1123,0.0331052968474956,122,58,48083,49015,1590,820,0,0,0,0,0,0,96999,0,0,17,0,0,0,0,0,0,0,2968,0,0,0,0,0,0
248,1532,249.28414938998185,99984,197,98,8,4,2214,1135,0.0334953592574812,128,64,48051,49006,1614,826,0,0,0,0,0,0,96959,0,0,17,0,0,0,0,0,0,0,3008,0,0,0,0,0,0
249,1532,250.30029745073375,99984,207,103,8,4,2247,1156,0.03403544567130741,129,64,48022,48986,1632,841,0,0,0,0,0,0,96920,0,0,17,0,0,0,0,0,0,0,3047,0,0,0,0,0,0
250,1532,251.31691531231874,99984,213,109,8,4,2287,1178,0.03465554488718195,121,62,47995,48968,1661,855,0,0,0,0,0,0,96872,0,0,19,0,0,0,0,0,0,0,3093,0,0,0,0,0,0
251,1532,252.3340825315165,99984,213,102,8,4,2320,1193,0.03513562169947192,115,62,47974,48957,1688,873,0,0,0,0,0,0,96818,0,0,20,0,0,0,0,0,0,0,3146,0,0,0,0,0,0
252,1532,253.01249047074077,99984,204,106,8,4,2331,1205,0.03536565850536086,132,59,47951,48949,1703,880,0,0,0,0,0,0,96790,0,0,20,0,0,0,0,0,0,0,3174,0,0,0,0,0,0
253,1532,254.03061092193974,99984,200,98,8,4,2362,1222,0.035845735317650826,138,57,47916,48934,1736,905,0,0,0,0,0,0,96732,0,0,22,0,0,0,0,0,0,0,3230,0,0,0,0,0,0
254,1532,255.04948415063816,99984,209,105,8,4,2400,1238,0.03638582173147704,128,56,47894,48920,1759,913,0,0,0,0,0,0,96695,0,0,23,0,0,0,0,0,0,0,3266,0,0,0,0,0,0
255,1532,256.068843340556,99984,205,95,8,4,2431,1252,0.03683589374299888,133,59,47865,48906,1787,934,0,0,0,0,0,0,96637,0,0,24,0,0,0,0,0,0,0,3323,0,0,0,0,0,0
256,1532,257.08881590190276,99984,211,99,8,4,2471,1269,0.037405984957593216,119,62,47845,48888,1815,945,0,0,0,0,0,0,96590,0,0,24,0,0,0,0,0,0,0,3370,0,0,0,0,0,0
257,1532,258.1092677439127,99984,199,105,8,4,2497,1286,0.037836053768602974,124,57,47823,48878,1844,954,0,0,0,0,0,0,96542,0,0,25,0,0,0,0,0,0,0,3417,0,0,0,0,0,0
258,1532,259.13030916723204,99984,193,105,8,4,2519,1301,0.038206112978076495,139,58,47792,48869,1866,962,0,0,0,0,0,0,96499,0,0,25,0,0,0,0,0,0,0,3460,0,0,0,0,0,0
259,1532,260.15188968520573,99984,211,111,8,4,2562,1323,0.03885621699471915,123,56,47770,48854,1886,973,0,0,0,0,0,0,96460,0,0,27,0,0,0,0,0,0,0,3497,0,0,0,0,0,0
260,1532,261.17390451182354,99984,199,106,8,4,2586,1331,0.039176268202912465,131,68,47745,48837,1915,983,0,0,0,0,0,0,96411,0,0,27,0,0,0,0,0,0,0,3546,0,0,0,0,0,0
261,1532,262.19648556374443,99984,199,108,8,4,2613,1352,0.03965634501520243,133,69,47728,48818,1930,999,0,0,0,0,0,0,96368,0,0,30,0,0,0,0,0,0,0,3586,0,0,0,0,0,0
262,1532,263.2194461621253,99984,204,109,8,4,2644,1369,0.0401364218274924,145,76,47696,48801,1945,1008,0,0,0,0,0,0,96327,0,0,31,0,0,0,0,0,0,0,3626,0,0,0,0,0,0
263,1532,264.2428411376628,99984,207,114,8,4,2677,1393,0.04070651304208674,140,68,47675,48788,1968,1024,0,0,0,0,0,0,96281,0,0,34,0,0,0,0,0,0,0,3669,0,0,0,0,0,0
264,1532,265.26667188312535,99984,219,110,8,4,2713,1405,0.0411865898543767,133,69,47656,48777,1982,1038,0,0,0,0,0,0,96242,0,0,35,0,0,0,0,0,0,0,3707,0,0,0,0,0,0
265,1532,266.2909160694988,99982,219,106,9,5,2749,1426,0.04175751635294353,131,68,47631,48762,2008,1057,0,0,0,0,0,0,96182,0,0,36,0,0,0,0,0,0,0,3764,0,0,0,0,0,0
266,1532,267.31568163475765,99982,228,121,9,5,2793,1453,0.04246764417595167,123,58,47605,48749,2033,1065,0,0,0,0,0,0,96136,0,0,37,0,0,0,0,0,0,0,3809,0,0,0,0,0,0
267,1532,268.3409825235874,99982,224,116,9,5,2826,1466,0.04292772699085835,132,63,47570,48732,2063,1082,0,0,0,0,0,0,96083,0,0,39,0,0,0,0,0,0,0,3860,0,0,0,0,0,0
268,1532,269.0248772649959,99982,213,118,9,5,2847,1480,0.043277790002200396,134,57,47553,48728,2089,1090,0,0,0,0,0,0,96041,0,0,41,0,0,0,0,0,0,0,3900,0,0,0,0,0,0
269,1532,270.0513458916314,99982,216,112,9,5,2878,1495,0.04373787281710708,140,56,47526,48716,2107,1109,0,0,0,0,0,0,95994,0,0,43,0,0,0,0,0,0,0,3945,0,0,0,0,0,0
270,1532,271.07838275079905,99982,227,117,9,5,2919,1515,0.04434798263687464,138,48,47493,48705,2131,1123,0,0,0,0,0,0,95950,0,0,44,0,0,0,0,0,0,0,3988,0,0,0,0,0,0
271,1532,272.106003059871,99982,225,110,9,5,2953,1525,0.0447880618511332,130,61,47475,48688,2159,1134,0,0,0,0,0,0,95900,0,0,47,0,0,0,0,0,0,0,4035,0,0,0,0,0,0
272,1532,273.13410032316295,99982,223,96,9,5,2987,1534,0.045218139265067715,128,68,47453,48678,2185,1151,0,0,0,0,0,0,95842,0,0,48,0,0,0,0,0,0,0,4092,0,0,0,0,0,0
273,1532,274.16277584339326,99982,228,103,9,5,3023,1556,0.045798243683863094,123,64,47432,48664,2206,1162,0,0,0,0,0,0,95797,0,0,49,0,0,0,0,0,0,0,4136,0,0,0,0,0,0
274,1532,275.19189184801917,99982,230,102,9,5,3058,1570,0.04628833189974196,127,68,47406,48652,2226,1171,0,0,0,0,0,0,95751,0,0,51,0,0,0,0,0,0,0,4180,0,0,0,0,0,0
275,1532,276.2215400323847,99982,238,105,9,5,3088,1584,0.04672841111400052,149,64,47363,48647,2239,1177,0,0,0,0,0,0,95721,0,0,54,0,0,0,0,0,0,0,4207,0,0,0,0,0,0
276,1532,277.2517345065276,99982,250,106,9,5,3129,1598,0.04727851013182373,143,69,47335,48631,2261,1187,0,0,0,0,0,0,95679,0,0,54,0,0,0,0,0,0,0,4249,0,0,0,0,0,0
277,1532,278.28237410985776,99981,246,114,10,5,3158,1618,0.04776907612446365,154,68,47304,48614,2284,1197,0,0,0,0,0,0,95635,0,0,55,0,0,0,0,0,0,0,4291,0,0,0,0,0,0
278,1532,279.3136346432165,99981,260,122,10,5,3203,1638,0.048419199647933106,151,64,47268,48604,2309,1203,0,0,0,0,0,0,95592,0,0,55,0,0,0,0,0,0,0,4334,0,0,0,0,0,0
279,1532,280.001503035575,99981,246,122,10,5,3221,1650,0.04871925665876516,162,67,47244,48591,2336,1213,0,0,0,0,0,0,95551,0,0,58,0,0,0,0,0,0,0,4372,0,0,0,0,0,0
280,1532,281.0339101740364,99981,253,120,10,5,3264,1668,0.04932937258079035,154,72,47221,48571,2360,1230,0,0,0,0,0,0,95497,0,0,60,0,0,0,0,0,0,0,4424,0,0,0,0,0,0
281,1532,282.06688659699967,99981,260,130,10,5,3316,1685,0.050019503705704085,139,76,47191,48551,2398,1236,0,0,0,0,0,0,95445,0,0,60,0,0,0,0,0,0,0,4476,0,0,0,0,0,0
282,1532,283.1005411630566,99981,251,142,10,5,3347,1709,0.050569608225562855,166,73,47136,48534,2435,1244,0,0,0,0,0,0,95396,0,0,63,0,0,0,0,0,0,0,4522,0,0,0,0,0,0
283,1532,284.1350960519737,99980,264,139,11,5,3398,1730,0.051290258051610325,157,76,47102,48512,2464,1266,0,0,0,0,0,0,95335,0,0,64,0,0,0,0,0,0,0,4581,0,0,0,0,0,0
284,1532,285.17036734501977,99980,259,137,11,5,3436,1749,0.051860372074414886,162,79,47067,48499,2499,1278,0,0,0,0,0,0,95271,0,0,64,0,0,0,0,0,0,0,4645,0,0,0,0,0,0
285,1532,286.20641915473647,99980,253,145,11,5,3474,1770,0.0524504900980196,167,81,47031,48482,2536,1285,0,0,0,0,0,0,95215,0,0,65,0,0,0,0,0,0,0,4700,0,0,0,0,0,0
286,1532,287.2432078864331,99980,252,146,11,5,3520,1793,0.053140628125625124,156,75,47007,48473,2572,1299,0,0,0,0,0,0,95147,0,0,66,0,0,0,0,0,0,0,4767,0,0,0,0,0,0
287,1532,288.2807229331498,99980,264,145,11,5,3573,1817,0.05391078215643129,144,68,46974,48463,2605,1317,0,0,0,0,0,0,95083,0,0,68,0,0,0,0,0,0,0,4829,0,0,0,0,0,0
288,1532,289.31897218984193,99979,275,137,12,5,3618,1833,0.05452144950439592,157,77,46927,48449,2627,1330,0,0,0,0,0,0,95026,0,0,69,0,0,0,0,0,0,0,4884,0,0,0,0,0,0
289,1532,290.0115600213427,99979,276,140,12,5,3637,1850,0.054881525120275255,167,78,46903,48431,2640,1344,0,0,0,0,0,0,94994,0,0,69,0,0,0,0,0,0,0,4916,0,0,0,0,0,0
290,1532,291.0509765186698,99979,285,137,12,5,3684,1869,0.05554166374938737,172,83,46869,48410,2660,1363,0,0,0,0,0,0,94936,0,0,71,0,0,0,0,0,0,0,4972,0,0,0,0,0,0
291,1532,292.09092014251377,99979,283,144,12,5,3729,1892,0.05622180657938167,168,92,46841,48383,2694,1374,0,0,0,0,0,0,94876,0,0,74,0,0,0,0,0,0,0,5029,0,0,0,0,0,0
292,1532,293.13153567761304,99979,293,140,12,5,3775,1919,0.05695195991158143,163,89,46807,48365,2723,1399,0,0,0,0,0,0,94810,0,0,75,0,0,0,0,0,0,0,5094,0,0,0,0,0,0
293,1532,294.1729113221634,99979,298,133,12,5,3824,1937,0.05762210064113464,178,90,46750,48351,2760,1419,0,0,0,0,0,0,94742,0,0,76,0,0,0,0,0,0,0,5161,0,0,0,0,0,0
294,1532,295.21535910751345,99978,302,135,13,5,3864,1958,0.058232811218468065,189,82,46709,48342,2785,1434,0,0,0,0,0,0,94692,0,0,81,0,0,0,0,0,0,0,5205,0,0,0,0,0,0
295,1532,296.25852883338854,99977,309,137,13,6,3921,1982,0.05904358002340538,186,80,46668,48325,2822,1450,0,0,0,0,0,0,94621,0,0,82,0,0,0,0,0,0,0,5274,0,0,0,0,0,0
296,1532,297.3025880739254,99977,320,135,13,6,3976,1997,0.0597437410604439,177,85,46630,48311,2858,1461,0,0,0,0,0,0,94562,0,0,84,0,0,0,0,0,0,0,5331,0,0,0,0,0,0
297,1532,298.3475024840103,99977,315,139,13,6,4010,2022,0.060333876791662085,197,79,46592,48299,2881,1475,0,0,0,0,0,0,94502,0,0,84,0,0,0,0,0,0,0,5391,0,0,0,0,0,0
298,1532,299.0445479951467,99977,308,140,13,6,4033,2038,0.060723966512297826,195,77,46580,48289,2902,1486,0,0,0,0,0,0,94459,0,0,86,0,0,0,0,0,0,0,5432,0,0,0,0,0,0
299,1532,300.09059921187855,99977,303,140,13,6,4079,2053,0.06133410684457425,197,90,46535,48270,2950,1492,0,0,0,0,0,0,94395,0,0,88,0,0,0,0,0,0,0,5494,0,0,0,0,0,0
300,1532,301.137508771407,99977,310,150,13,6,4132,2071,0.06204427018214189,182,106,46509,48241,2984,1495,0,0,0,0,0,0,94343,0,0,90,0,0,0,0,0,0,0,5544,0,0,0,0,0,0
301,1532,302.18504812148046,99977,316,168,13,6,4175,2109,0.06285445652500075,195,93,46468,48221,3006,1510,0,0,0,0,0,0,94288,0,0,92,0,0,0,0,0,0,0,5597,0,0,0,0,0,0
302,1532,303.233225892877,99977,334,168,13,6,4232,2134,0.06367464516838874,193,95,46428,48196,3030,1533,0,0,0,0,0,0,94227,0,0,95,0,0,0,0,0,0,0,5655,0,0,0,0,0,0
303,1532,304.28211127991636,99977,353,172,13,6,4301,2162,0.06464486831971353,172,87,46393,48181,3067,1552,0,0,0,0,0,0,94154,0,0,96,0,0,0,0,0,0,0,5727,0,0,0,0,0,0
304,1532,305.3318052576729,99977,340,168,13,6,4340,2179,0.06520499714934434,201,97,46330,48162,3114,1565,0,0,0,0,0,0,94081,0,0,96,0,0,0,0,0,0,0,5800,0,0,0,0,0,0
305,1532,306.0322403673955,99977,341,160,13,6,4379,2197,0.06577512827950428,201,105,46296,48140,3147,1587,0,0,0,0,0,0,94018,0,0,97,0,0,0,0,0,0,0,5862,0,0,0,0,0,0
306,1532,307.08387367451,99977,334,162,13,6,4432,2225,0.06658531462236314,212,106,46239,48116,3200,1608,0,0,0,0,0,0,93935,0,0,100,0,0,0,0,0,0,0,5942,0,0,0,0,0,0
307,1532,308.1367388935638,99976,330,165,14,6,4477,2257,0.06735616547971514,220,108,46209,48085,3225,1634,0,0,0,0,0,0,93860,0,0,103,0,0,0,0,0,0,0,6013,0,0,0,0,0,0
308,1532,309.19038466233167,99976,350,171,14,6,4534,2289,0.06824637913099144,202,103,46184,48062,3248,1656,0,0,0,0,0,0,93799,0,0,105,0,0,0,0,0,0,0,6072,0,0,0,0,0,0
309,1532,310.2444890364142,99976,343,170,14,6,4582,2317,0.06900656157477794,211,110,46146,48033,3284,1679,0,0,0,0,0,0,93719,0,0,109,0,0,0,0,0,0,0,6148,0,0,0,0,0,0
310,1532,311.29946865420004,99976,350,185,14,6,4640,2357,0.0699867968312395,221,93,46092,48014,3321,1700,0,0,0,0,0,0,93646,0,0,112,0,0,0,0,0,0,0,6218,0,0,0,0,0,0
311,1532,312.00334653964126,99976,335,187,14,6,4672,2370,0.07043690485716572,233,98,46060,47997,3356,1710,0,0,0,0,0,0,93593,0,0,117,0,0,0,0,0,0,0,6266,0,0,0,0,0,0
312,1532,313.05999805314127,99976,357,205,14,6,4741,2410,0.0715271665199648,221,87,46013,47974,3393,1726,0,0,0,0,0,0,93528,0,0,121,0,0,0,0,0,0,0,6327,0,0,0,0,0,0
313,1532,314.11763290682075,99976,346,203,14,6,4798,2436,0.07235736576778427,222,94,45972,47949,3444,1746,0,0,0,0,0,0,93435,0,0,124,0,0,0,0,0,0,0,6417,0,0,0,0,0,0
314,1532,315.1763084015099,99976,316,189,14,6,4848,2462,0.07311754821157078,235,97,45934,47929,3499,1777,0,0,0,0,0,0,93319,0,0,128,0,0,0,0,0,0,0,6529,0,0,0,0,0,0
315,1532,316.23611156800825,99976,333,183,14,6,4920,2488,0.07409778346803232,211,95,45897,47912,3543,1802,0,0,0,0,0,0,93239,0,0,135,0,0,0,0,0,0,0,6602,0,0,0,0,0,0
316,1532,317.2968157466116,99976,322,187,14,6,4965,2516,0.07482795871009042,218,94,45859,47891,3585,1820,0,0,0,0,0,0,93160,0,0,134,1,0,0,0,0,0,0,6681,0,0,0,0,0,0
317,1532,318.00447435830415,99975,332,180,15,6,5006,2537,0.07544886221555389,215,97,45828,47871,3608,1844,0,0,0,0,0,0,93106,0,0,139,1,0,0,0,0,0,0,6729,0,0,0,0,0,0
318,1532,319.06678300103636,99975,323,174,15,6,5053,2565,0.07619904976244062,231,103,45783,47845,3646,1870,0,0,0,0,0,0,93020,0,0,143,1,0,0,0,0,0,0,6811,0,0,0,0,0,0
319,1532,320.13006619333765,99974,325,178,15,7,5098,2596,0.07696000960249665,233,107,45764,47814,3660,1891,1,1,1,1,0,0,92949,0,0,144,1,0,0,0,0,0,2,6878,0,0,0,0,0,0
320,1532,321.03209846650054,99974,339,176,15,7,5150,2621,0.07773020985456218,237,104,45723,47799,3682,1910,2,2,2,2,0,0,92884,0,0,146,1,0,0,0,0,0,4,6939,0,0,0,0,0,0
321,1532,322.0652178203407,99973,341,175,16,7,5203,2638,0.07843117641763277,239,113,45682,47782,3717,1918,3,3,3,3,0,0,92815,0,0,148,1,0,0,0,0,0,6,7003,0,0,0,0,0,0
322,1532,323.0303768997205,99973,340,173,16,7,5258,2658,0.07918137897232252,245,119,45636,47767,3757,1928,4,4,4,4,0,0,92742,0,0,155,1,0,0,0,0,0,8,7067,0,0,0,0,0,0
323,1532,324.0367742484217,99973,348,172,16,7,5306,2678,0.07986156262190791,227,114,45617,47754,3784,1945,6,6,6,6,0,0,92678,0,0,155,1,0,0,0,0,0,11,7127,1,0,0,0,0,0
324,1532,325.14157873257324,99972,367,184,16,8,5388,2718,0.08108270315688393,208,115,45566,47719,3833,1964,8,8,8,8,0,0,92584,0,0,156,1,0,0,0,0,0,15,7215,1,0,0,0,0,0
325,1532,326.0673473231395,99972,372,172,16,8,5433,2729,0.08164286000080022,207,123,45531,47699,3862,1985,10,11,11,10,0,0,92519,0,0,159,1,0,0,0,0,0,20,7272,1,0,0,0,0,0
326,1532,327.016304003186,99972,370,171,16,8,5484,2758,0.08244308406353779,223,124,45474,47677,3902,2005,13,13,14,13,0,0,92435,0,0,163,1,0,0,0,0,0,25,7346,2,0,0,0,0,0
327,1532,328.0289343787651,99972,383,178,16,8,5540,2788,0.08330332493098068,215,117,45435,47655,3933,2023,16,17,18,16,0,0,92367,0,0,167,1,0,0,0,0,0,31,7403,3,0,0,0,0,0
328,1532,329.0192474970859,99972,382,195,16,8,5593,2827,0.08422358260312887,210,109,45402,47626,3968,2038,20,22,23,20,0,0,92287,0,0,172,1,0,0,0,0,0,40,7469,3,0,0,0,0,0
329,1532,330.103351984297,99972,376,189,16,8,5647,2852,0.08501380386508223,198,108,45381,47602,4003,2063,24,28,29,24,0,0,92189,0,0,175,1,0,0,0,0,0,50,7554,3,0,0,0,0,0
330,1532,331.21937506396796,99971,373,174,17,8,5723,2888,0.08613497914395174,212,114,45314,47564,4053,2103,29,35,36,29,0,0,92051,0,0,179,1,0,0,0,0,0,62,7675,3,0,0,0,0,0
331,1532,332.2932277792194,99970,381,187,18,8,5786,2920,0.08708612583775133,205,125,45269,47521,4090,2114,35,43,44,35,0,0,91966,0,0,182,1,0,0,0,0,0,76,7742,3,0,0,0,0,0
332,1532,333.0095976744292,99970,377,193,18,8,5819,2945,0.08766629988996699,200,110,45244,47506,4118,2129,41,52,53,41,0,0,91898,0,0,184,1,0,0,0,0,0,90,7793,4,0,0,0,0,0
333,1532,334.0850682257053,99969,360,193,19,8,5862,2972,0.08836739389210656,222,109,45191,47481,4158,2145,48,62,63,48,0,0,91800,0,0,187,1,0,0,0,0,0,104,7870,7,0,0,0,0,0
334,1532,335.1616872407594,99969,368,189,19,8,5922,2999,0.08923766367573947,216,114,45149,47440,4190,2174,56,73,74,56,0,0,91701,0,0,188,1,0,0,0,0,0,121,7949,9,0,0,0,0,0
335,1532,336.23931326452424,99969,363,187,19,8,5980,3026,0.09008792725744981,208,116,45104,47406,4240,2196,64,85,86,64,0,0,91597,0,0,193,2,0,0,0,0,0,140,8027,10,0,0,0,0,0
336,1532,337.31817647234874,99967,354,181,21,8,6047,3056,0.09106004981643942,195,110,45057,47376,4298,2224,73,99,100,73,0,0,91472,0,0,202,2,0,0,0,0,0,162,8118,11,0,0,0,0,0
337,1532,338.0382281945241,99967,353,193,21,8,6083,3082,0.09168025448397972,199,100,45017,47350,4325,2235,83,112,115,83,0,0,91402,0,0,206,2,0,0,0,0,0,185,8159,13,0,0,0,0,0
338,1532,339.1193622990121,99967,343,186,21,8,6126,3102,0.09231046245260936,210,106,44967,47325,4363,2244,94,129,132,94,0,0,91300,0,0,210,2,0,0,0,0,0,211,8229,15,0,0,0,0,0
339,1532,340.2017441037882,99967,373,183,21,8,6197,3129,0.09329078595936659,190,111,44926,47287,4383,2264,105,145,150,106,0,0,91204,0,0,213,2,0,0,0,0,0,239,8292,17,0,0,0,0,0
340,1532,341.2851534906544,99967,358,180,21,8,6241,3153,0.09397101043344304,211,109,44868,47254,4424,2282,116,165,170,118,0,0,91092,0,0,217,2,0,0,0,0,0,269,8368,19,0,0,0,0,0
341,1532,342.00815829438625,99967,354,176,21,8,6279,3169,0.09451118869226845,221,112,44825,47221,4449,2295,128,186,191,131,0,0,91002,0,0,222,2,0,0,0,0,0,302,8419,20,0,0,0,0,0
342,1532,343.09364864837113,99967,358,180,21,8,6340,3203,0.0954615022957576,215,110,44776,47175,4486,2317,142,208,214,145,0,0,90879,0,0,223,2,0,0,0,0,0,339,8504,20,0,0,0,0,0
343,1532,344.18040412293965,99967,357,175,21,8,6381,3229,0.09613172346874468,229,124,44731,47118,4504,2342,156,231,239,160,0,0,90774,0,0,225,2,0,0,0,0,0,373,8567,26,0,0,0,0,0
344,1532,345.2681358796236,99966,357,182,22,8,6438,3271,0.09712302182742133,234,117,44681,47074,4532,2360,172,257,266,176,0,0,90647,0,0,229,2,0,0,0,0,0,412,8646,30,0,0,0,0,0
345,1532,346.35693835793904,99964,369,186,23,9,6513,3302,0.09818534672482093,226,115,44621,47026,4571,2376,188,286,295,193,0,0,90522,0,0,234,2,0,0,0,0,0,452,8718,36,0,0,0,0,0
346,1532,347.08355755792076,99964,374,197,23,9,6551,3335,0.09889560241687008,238,98,44566,46991,4591,2387,206,316,326,211,0,0,90426,0,0,236,3,0,0,0,0,0,497,8762,40,0,0,0,0,0
347,1532,348.17491972900217,99964,390,192,23,9,6632,3364,0.09999599855948141,243,97,44487,46944,4630,2408,225,348,359,230,0,0,90288,0,0,241,3,0,0,0,0,0,541,8843,48,0,0,0,0,0
348,1532,349.26799448209846,99963,394,192,23,10,6702,3388,0.10093734681832278,240,108,44419,46884,4678,2422,244,382,394,250,0,0,90147,0,0,242,3,0,0,0,0,0,593,8927,51,0,0,0,0,0
349,1532,350.3627461403153,99963,393,192,23,10,6774,3416,0.10193771695527346,229,111,44355,46827,4734,2439,264,419,431,271,0,0,89999,0,0,246,4,0,0,0,0,0,645,9013,56,0,0,0,0,0
350,1532,351.09351783898074,99963,407,200,23,10,6826,3434,0.10263797605113892,225,120,44302,46767,4756,2444,285,457,470,293,0,0,89899,0,0,251,4,0,0,0,0,0,702,9047,60,0,0,0,0,0
351,1532,352.1910175457736,99963,414,199,23,10,6890,3470,0.10363834618808959,229,125,44235,46699,4789,2468,308,497,511,316,0,0,89749,0,0,255,4,0,0,0,0,0,762,9129,64,0,0,0,0,0
352,1532,353.29005857283914,99963,412,188,23,10,6959,3500,0.10462871262367075,233,127,44170,46635,4831,2498,329,540,554,340,0,0,89583,0,0,261,4,0,0,0,0,0,822,9222,71,0,0,0,0,0
353,1532,354.02360051974506,99962,403,188,24,10,6996,3521,0.10520997979232108,231,122,44124,46585,4862,2512,354,581,599,365,0,0,89456,0,0,266,4,0,0,0,0,0,887,9273,76,0,0,0,0,0
354,1532,355.1255559889935,99962,418,182,24,10,7064,3546,0.10614033332666413,232,128,44061,46523,4886,2528,377,627,647,391,0,0,89318,0,0,273,6,0,0,0,0,0,951,9329,85,0,0,0,0,0
355,1532,356.22897570155556,99962,420,192,24,10,7133,3584,0.10721074008123087,227,118,43988,46456,4936,2546,403,676,697,418,0,0,89160,0,0,283,6,0,0,0,0,0,1024,9400,89,0,0,0,0,0
356,1532,357.334121672687,99962,418,191,24,10,7211,3619,0.1083411696444649,218,118,43915,46383,4994,2568,429,728,750,446,0,0,88976,0,0,291,6,0,0,0,0,0,1100,9495,94,0,0,0,0,0
357,1532,358.0719831080388,99962,421,187,24,10,7258,3638,0.10900142053980513,229,123,43852,46317,5016,2580,456,781,805,475,0,0,88837,0,0,293,6,0,0,0,0,0,1174,9548,104,0,0,0,0,0
358,1532,359.1804661722563,99962,414,193,24,10,7310,3670,0.10984173986114723,237,121,43786,46242,5054,2594,483,838,863,505,0,0,88674,0,0,298,6,0,0,0,0,0,1257,9618,109,0,0,0,0,0
359,1532,360.2906079831435,99962,421,198,24,10,7375,3705,0.11084212000560213,227,119,43732,46162,5083,2614,511,895,923,536,0,0,88510,0,0,303,6,0,0,0,0,0,1338,9686,119,0,0,0,0,0
360,1532,361.0314854616957,99962,426,210,24,10,7419,3733,0.11156239370960966,237,109,43675,46101,5093,2615,543,953,986,568,0,0,88376,0,0,304,6,0,0,0,0,0,1418,9724,134,0,0,0,0,0
361,1532,362.1443542211594,99960,439,200,24,12,7499,3759,0.112625050020008,221,112,43608,46029,5133,2631,573,1014,1051,602,0,0,88194,0,0,312,6,0,0,0,0,0,1505,9797,146,0,0,0,0,0
362,1532,363.25890149008984,99960,432,199,24,12,7560,3790,0.1135454181672669,220,125,43547,45935,5172,2649,603,1078,1119,637,0,0,88016,0,0,321,7,0,0,0,0,0,1593,9863,160,0,0,0,0,0
363,1532,364.00281365822167,99960,441,199,24,12,7608,3815,0.11427571028411365,215,117,43486,45864,5193,2660,639,1146,1189,673,0,0,87856,0,0,324,7,0,0,0,0,0,1692,9914,167,0,0,0,0,0
364,1532,365.1205603644412,99959,424,187,25,12,7666,3838,0.11508718574615592,233,113,43415,45799,5226,2675,675,1212,1262,710,0,0,87652,0,0,328,7,0,0,0,0,0,1790,10003,179,0,0,0,0,0
365,1532,366.2402868819027,99959,421,184,25,12,7741,3863,0.11608759591432487,222,111,43343,45719,5274,2687,713,1285,1338,748,0,0,87458,0,0,338,7,0,0,0,0,0,1888,10073,195,0,0,0,0,0
366,1532,367.3619356052461,99959,432,183,25,12,7816,3890,0.1171080142858572,199,111,43290,45631,5303,2700,749,1361,1417,787,0,0,87268,0,0,344,9,0,0,0,0,0,1994,10139,205,0,0,0,0,0
367,1532,368.11058424539374,99957,421,190,26,13,7852,3914,0.11771061556469282,197,112,43230,45544,5336,2700,788,1439,1498,828,0,0,87096,0,0,349,9,0,0,0,0,0,2107,10182,214,0,0,0,0,0
368,1532,369.23535962319215,99956,407,194,27,13,7897,3946,0.11848213213814078,214,106,43159,45461,5366,2707,825,1517,1582,870,0,0,86908,0,0,358,10,0,0,0,0,0,2218,10234,228,0,0,0,0,0
369,1532,370.3620190873754,99956,389,194,27,13,7956,3980,0.11941254151826804,222,94,43088,45376,5408,2724,864,1597,1669,913,0,0,86690,0,0,364,11,0,0,0,0,0,2332,10316,243,0,0,0,0,0
370,1532,371.114273982403,99956,388,182,27,13,7992,3995,0.1199227660170475,231,99,43032,45282,5414,2740,906,1682,1759,957,0,0,86504,0,0,368,11,0,0,0,0,0,2458,10364,251,0,0,0,0,0
371,1532,372.24445611434675,99954,385,166,29,13,8056,4013,0.12074554294975688,222,118,42962,45179,5453,2759,947,1763,1851,1002,0,0,86289,0,0,375,11,0,0,0,0,0,2579,10433,267,0,0,0,0,0
372,1532,373.37651418892926,99954,382,166,29,13,8119,4042,0.12166596634451848,212,115,42899,45078,5488,2775,988,1851,1946,1049,0,0,86076,0,0,382,11,0,0,0,0,0,2704,10497,284,0,0,0,0,0
373,1532,374.13218695097635,99954,377,179,29,13,8162,4062,0.12229625627788783,208,112,42837,44980,5516,2770,1031,1944,2044,1097,0,0,85901,0,0,389,12,0,0,0,0,0,2832,10519,301,0,0,0,0,0
374,1532,375.26777948843477,99954,372,188,29,13,8227,4095,0.12327670728535126,212,109,42751,44872,5555,2777,1079,2039,2145,1146,0,0,85681,0,0,395,12,0,0,0,0,0,2964,10583,319,0,0,0,0,0
375,1532,376.0260251015682,99953,370,188,30,13,8268,4114,0.12387822276469941,201,112,42697,44770,5576,2774,1124,2141,2249,1196,0,0,85484,0,0,397,13,0,0,0,0,0,3102,10623,334,0,0,0,0,0
376,1532,377.1654319531251,99953,376,178,30,13,8329,4145,0.12479865536802297,199,110,42619,44670,5602,2790,1172,2237,2356,1248,0,0,85254,0,0,403,14,0,0,0,0,0,3243,10688,351,0,0,0,0,0
377,1532,378.30681468125266,99952,378,176,31,13,8383,4178,0.12567032175444212,206,102,42546,44555,5616,2816,1221,2336,2466,1301,0,0,85025,0,0,408,14,0,0,0,0,0,3390,10748,367,0,0,0,0,0
378,1532,379.0688327479175,99952,387,179,31,13,8426,4199,0.12631062910196894,199,106,42484,44445,5627,2813,1270,2442,2579,1355,0,0,84832,0,0,411,15,0,0,0,0,0,3535,10771,388,0,0,0,0,0
379,1532,380.21382692764297,99952,385,175,31,13,8478,4231,0.1271510324955979,193,106,42423,44336,5648,2824,1318,2544,2694,1410,0,0,84595,0,0,418,15,0,0,0,0,0,3689,10831,404,0,0,0,0,0
380,1532,381.36060185769634,99952,376,174,31,13,8535,4255,0.12796142148231152,196,123,42347,44215,5680,2831,1368,2642,2812,1467,0,0,84345,0,0,422,15,0,0,0,0,0,3852,10902,416,0,0,0,0,0
381,1532,382.1262484029274,99952,377,169,31,13,8570,4275,0.12851168560909237,198,121,42283,44100,5687,2840,1422,2755,2933,1525,0,0,84131,0,0,427,15,1,0,0,0,0,4013,10933,432,0,0,0,0,0
382,1532,383.27685299137397,99952,385,179,31,13,8636,4308,0.1295021610372979,195,114,42209,43976,5705,2847,1473,2869,3057,1584,0,0,83901,0,0,433,17,1,0,0,0,0,4171,10973,456,0,0,0,0,0
383,1532,384.04493812962136,99952,384,186,31,13,8671,4335,0.1301224587802145,195,108,42144,43847,5713,2858,1531,2986,3184,1644,0,0,83676,0,0,437,17,1,0,0,0,0,4344,11007,470,0,0,0,0,0
384,1532,385.19922465656765,99952,380,181,31,13,8728,4368,0.13102289098767408,194,96,42065,43730,5743,2872,1585,3106,3314,1705,0,0,83409,0,0,439,19,1,0,0,0,0,4517,11080,487,0,0,0,0,0
385,1532,386.35574952512604,99952,385,175,31,13,8793,4389,0.13188330398591325,188,98,41986,43610,5767,2873,1641,3229,3447,1768,0,0,83159,0,0,446,18,2,0,0,0,0,4687,11128,512,0,0,0,0,0
386,1532,387.1279465273662,99952,381,179,31,13,8827,4408,0.13241355850808387,189,99,41920,43482,5778,2868,1699,3357,3582,1832,0,0,82931,0,0,452,18,2,0,0,0,0,4868,11151,530,0,0,0,0,0
387,1532,388.28853314359503,99952,374,185,31,13,8887,4441,0.13334400512245878,195,85,41838,43362,5809,2870,1751,3483,3720,1897,0,0,82671,0,0,460,19,2,0,0,0,0,5043,11200,557,0,0,0,0,0
388,1532,389.0635006267701,99952,372,191,31,13,8920,4465,0.13391427885384985,208,75,41764,43233,5814,2873,1809,3613,3861,1963,0,0,82435,0,0,463,20,2,0,0,0,0,5230,11226,576,0,0,0,0,0
389,1532,390.22837157445053,99951,375,185,32,13,8980,4490,0.1347660353573251,207,74,41677,43100,5835,2884,1872,3742,4005,2031,0,0,82162,0,0,465,21,2,0,0,0,0,5418,11284,599,0,0,0,0,0
390,1532,391.00632206527536,99951,349,184,32,13,9006,4503,0.13515622655101,212,81,41604,42951,5865,2890,1936,3879,4152,2100,0,0,81900,0,0,468,22,2,0,0,0,0,5618,11327,614,0,0,0,0,0
391,1532,392.1758432834216,99951,358,190,32,13,9070,4532,0.13608668247441247,205,79,41535,42824,5870,2884,1998,4008,4301,2170,0,0,81642,0,0,475,23,2,0,0,0,0,5806,11359,644,0,0,0,0,0
392,1532,393.3474284709617,99950,352,174,32,14,9130,4552,0.13688844422211105,218,87,41439,42688,5898,2897,2059,4138,4453,2241,0,0,81370,0,0,488,23,2,0,0,0,0,5989,11394,684,0,0,0,0,0
393,1532,394.12995870500373,99950,346,160,32,14,9160,4564,0.13730865432716358,222,91,41354,42543,5917,2904,2127,4286,4608,2313,0,0,81108,0,0,490,24,2,0,0,0,0,6192,11427,707,0,0,0,0,0
394,1532,395.30658158093655,99950,358,164,32,14,9219,4597,0.13822911455727863,215,87,41275,42393,5930,2912,2188,4428,4765,2387,0,0,80836,0,0,497,23,3,0,0,0,0,6395,11462,734,0,0,0,0,0
395,1532,396.09220706224374,99949,356,162,33,14,9261,4608,0.13876076799167575,207,92,41206,42250,5938,2902,2258,4578,4925,2462,0,0,80580,0,0,501,24,3,0,0,0,0,6599,11478,764,0,0,0,0,0
396,1532,397.27312400194256,99949,376,162,33,14,9339,4637,0.13983131397012477,190,81,41117,42120,5959,2904,2323,4717,5087,2538,0,0,80288,0,0,504,25,3,0,0,0,0,6809,11528,792,0,0,0,0,0
397,1532,398.0617981597235,99949,380,161,33,14,9383,4649,0.14039159971585508,179,92,41041,41968,5975,2898,2390,4865,5252,2615,0,0,80019,0,0,507,26,3,0,0,0,0,7029,11552,813,0,0,0,0,0
398,1532,399.24748171542626,99949,370,159,33,14,9438,4671,0.14116199261623427,179,96,40957,41824,6004,2902,2455,5003,5420,2693,0,0,79724,0,0,520,28,3,0,0,0,0,7250,11588,836,0,0,0,0,0
399,1532,400.0393364473818,99949,376,165,33,14,9474,4692,0.14173228346456693,179,100,40888,41657,6001,2900,2521,5162,5590,2773,0,0,79455,0,0,521,31,3,0,0,0,0,7479,11605,855,0,0,0,0,0
400,1532,401.2294570148494,99949,351,159,33,14,9519,4720,0.1424626559545368,171,107,40813,41512,6037,2902,2593,5304,5762,2854,0,0,79139,0,0,526,31,3,0,0,0,0,7696,11663,891,0,0,0,0,0
401,1532,402.0242813285464,99949,339,168,33,14,9555,4737,0.14299292639246017,179,113,40721,41337,6061,2895,2665,5471,5937,2936,0,0,78859,0,0,531,32,3,0,0,0,0,7926,11681,917,0,0,0,0,0
402,1532,403.21958232428165,99949,322,184,33,14,9601,4774,0.1438233499084533,182,96,40642,41199,6084,2883,2735,5622,6114,3019,0,0,78558,0,0,540,32,3,0,0,0,0,8152,11713,951,0,0,0,0,0
403,1532,404.01786700576207,99949,316,179,33,14,9632,4790,0.1442935897307627,184,96,40560,41046,6092,2881,2813,5782,6293,3103,0,0,78276,0,0,542,33,3,0,0,0,0,8379,11730,986,0,0,0,0,0
404,1532,405.2181705816164,99949,314,168,33,14,9683,4818,0.14508399283634654,178,92,40492,40887,6095,2894,2886,5943,6475,3188,0,0,77968,0,0,558,33,3,0,0,0,0,8611,11755,1021,0,0,0,0,0
405,1532,406.01960231576766,99949,324,164,33,14,9726,4831,0.14564427858207685,168,97,40408,40727,6099,2888,2966,6108,6659,3275,0,0,77684,0,0,557,34,3,0,0,0,0,8845,11769,1057,0,0,0,0,0
406,1532,407.22478135688095,99949,319,157,33,14,9774,4858,0.1463946612772514,170,102,40314,40560,6119,2896,3043,6269,6845,3363,0,0,77363,0,0,561,36,3,0,0,0,0,9085,11812,1089,0,0,0,0,0
407,1532,408.02977353985966,99949,308,150,33,14,9804,4870,0.14681487558654915,169,106,40221,40386,6140,2897,3127,6445,7033,3452,0,0,77065,0,0,567,37,3,0,0,0,0,9330,11827,1120,0,0,0,0,0
408,1532,409.24066652820693,99948,315,155,34,14,9863,4902,0.14772681794533157,168,98,40125,40230,6152,2899,3204,6602,7223,3542,0,0,76763,0,0,573,40,3,0,0,0,0,9562,11842,1165,0,0,0,0,0
409,1532,410.04955891983695,99948,301,160,34,14,9899,4925,0.14831712490495058,160,89,40034,40071,6181,2886,3288,6778,7415,3633,0,0,76470,0,0,581,44,3,0,0,0,0,9800,11843,1207,0,0,0,0,0
410,1532,411.2662832474571,99948,280,151,34,14,9934,4955,0.14896746308080203,179,87,39946,39903,6193,2903,3366,6940,7609,3725,0,0,76133,0,0,586,47,3,0,0,0,0,10050,11889,1240,0,0,0,0,0
411,1532,412.07908450522604,99948,272,154,34,14,9956,4978,0.14941769720254533,188,84,39863,39741,6190,2896,3451,7109,7805,3818,0,0,75842,0,0,591,47,3,0,0,0,0,10296,11886,1283,0,0,0,0,0
412,1532,413.301339022334,99947,276,154,35,14,10017,5004,0.15028965351636367,176,82,39771,39579,6211,2889,3529,7280,8003,3912,0,0,75520,0,0,599,48,4,0,0,0,0,10546,11907,1323,0,0,0,0,0
413,1532,414.11769118706377,99947,281,159,35,14,10057,5024,0.15088997168499305,179,76,39678,39401,6216,2889,3609,7459,8203,4007,0,0,75206,0,0,603,50,4,0,0,0,0,10816,11922,1346,0,0,0,0,0
414,1532,415.34539033738525,99947,279,159,35,14,10103,5051,0.15162035879015878,187,71,39602,39233,6210,2886,3685,7635,8405,4103,0,0,74891,0,0,605,54,4,0,0,0,0,11062,11937,1394,0,0,0,0,0
415,1532,416.16515422968,99946,287,155,35,15,10149,5065,0.15222219998799352,174,70,39515,39055,6217,2887,3770,7816,8608,4200,0,0,74588,0,0,608,60,4,0,0,0,0,11318,11936,1432,0,0,0,0,0
416,1532,417.39807711888363,99944,297,141,37,15,10204,5084,0.1529656607700312,162,84,39434,38875,6222,2891,3846,7992,8813,4298,0,0,74262,0,0,612,62,4,0,0,0,0,11572,11953,1479,0,0,0,0,0
417,1532,418.22146132760616,99944,288,143,37,15,10235,5101,0.15344592972064355,167,83,39346,38704,6229,2880,3931,8173,9020,4397,0,0,73953,0,0,618,64,4,0,0,0,0,11834,11950,1521,0,0,0,0,0
418,1532,419.0466553567463,99944,290,142,37,15,10271,5113,0.1539261986712559,159,90,39264,38527,6233,2865,4015,8359,9228,4497,0,0,73644,0,0,621,65,4,0,0,0,0,12100,11948,1562,0,0,0,0,0
419,1532,420.28758596359495,99944,302,140,37,15,10325,5133,0.15466661330344994,188,112,39140,38336,6233,2860,4098,8535,9438,4598,0,0,73310,20,0,623,67,4,0,0,0,0,12374,11949,1597,0,0,0,0,0
420,1532,421.04112125636993,99944,302,149,37,15,10352,5160,0.15520691587288882,218,107,39025,38155,6231,2851,4185,8721,9649,4700,0,0,72996,59,2,625,69,4,0,0,0,0,12647,11909,1633,0,0,0,0,0
421,1532,422.1749059533222,99943,310,153,38,15,10411,5189,0.15608897071330657,237,125,38921,37956,6237,2848,4255,8901,9862,4803,0,0,72659,121,5,631,73,4,0,0,0,0,12918,11861,1671,0,0,0,0,0
422,1532,423.3113031081798,99943,323,175,38,15,10481,5233,0.15722962088390383,253,123,38816,37773,6240,2844,4328,9068,10076,4907,0,0,72318,189,8,637,75,4,0,0,0,0,13188,11810,1714,0,0,0,0,0
423,1532,424.0703320970984,99943,336,180,38,15,10534,5256,0.15799005433096866,248,132,38720,37584,6241,2839,4415,9248,10291,5012,0,0,71995,229,17,643,78,4,0,0,0,0,13462,11767,1748,0,0,0,0,0
424,1532,425.2119990753002,99943,350,198,38,15,10603,5301,0.15913070450156588,273,125,38596,37395,6248,2836,4493,9429,10507,5118,0,0,71648,295,23,653,78,4,0,0,0,0,13737,11716,1789,0,0,0,0,0
425,1532,426.35677164758596,99943,362,213,38,15,10671,5351,0.16031137748516655,295,124,38468,37204,6255,2841,4580,9601,10724,5225,0,0,71297,369,29,661,81,4,0,0,0,0,14008,11661,1833,0,0,0,0,0
426,1532,427.12181264336004,99942,403,211,39,15,10744,5372,0.1612535270456865,289,141,38352,36996,6244,2845,4671,9790,10942,5333,0,0,70976,407,36,665,85,4,0,0,0,0,14282,11613,1874,0,0,0,0,0
427,1532,428.27284866525395,99942,431,205,39,15,10840,5403,0.16252426407316242,309,160,38212,36810,6258,2855,4749,9953,11162,5441,0,0,70606,484,46,681,87,4,0,0,0,0,14565,11562,1907,0,0,0,0,0
428,1532,429.0421182949078,99942,462,216,39,15,10914,5440,0.16363490824678315,317,156,38074,36613,6265,2858,4841,10140,11382,5550,0,0,70264,535,54,689,88,4,0,0,0,0,14848,11515,1945,0,0,0,0,0
429,1532,430.2002416857765,99942,473,223,39,15,11012,5485,0.16506573812811431,335,169,37933,36411,6304,2869,4914,10311,11603,5660,0,0,69878,640,65,694,92,4,0,0,0,0,15118,11460,1991,0,0,0,0,0
430,1532,431.3623048289879,99942,515,234,39,15,11126,5532,0.16667667247003262,352,191,37762,36194,6332,2878,4998,10486,11825,5771,0,0,69500,723,80,699,97,4,0,0,0,0,15398,11417,2024,0,0,0,0,0
431,1532,432.139266452102,99942,521,233,39,15,11193,5561,0.16763722959316404,367,206,37643,35991,6349,2879,5079,10674,12048,5883,0,0,69139,794,89,707,100,4,0,0,0,0,15679,11364,2066,0,0,0,0,0
432,1532,433.30901533741417,99942,539,252,39,15,11299,5626,0.16934822196874186,384,208,37502,35781,6379,2894,5155,10848,12272,5995,0,0,68756,892,108,718,105,4,0,0,0,0,15944,11302,2113,0,0,0,0,0
433,1532,434.09096184458264,99942,553,266,39,15,11362,5665,0.170368813912069,418,205,37359,35578,6386,2896,5243,11038,12496,6108,0,0,68398,946,120,722,108,4,0,0,0,0,16236,11264,2144,0,0,0,0,0
434,1532,435.2683424207976,99942,584,293,39,15,11489,5736,0.17234996297852753,421,201,37189,35385,6438,2893,5327,11211,12721,6222,0,0,68012,1055,136,733,111,4,0,0,0,0,16497,11190,2204,0,0,0,0,0
435,1532,436.05586425978896,99941,591,288,40,15,11569,5772,0.1735123722996568,453,211,37037,35174,6464,2909,5413,11401,12947,6337,0,0,67633,1138,153,741,116,4,0,0,0,0,16775,11136,2245,0,0,0,0,0
436,1532,437.2423391934297,99941,635,292,40,15,11699,5841,0.17550354709278473,484,226,36858,34947,6482,2948,5499,11570,13173,6452,0,0,67221,1253,168,754,122,4,0,0,0,0,17055,11079,2285,0,0,0,0,0
437,1532,438.03592610999374,99940,658,310,41,15,11792,5891,0.1769361616970182,496,232,36690,34739,6517,2962,5596,11740,13399,6568,0,0,66828,1332,176,765,124,4,0,0,0,0,17360,11038,2313,0,0,0,0,0
438,1532,439.23155630409946,99940,707,334,41,15,11947,5956,0.17913748248949368,486,253,36520,34534,6569,2971,5675,11891,13626,6685,0,0,66429,1437,195,779,133,4,0,0,0,0,17635,10974,2354,0,0,0,0,0
439,1532,440.03149289787916,99940,736,362,41,15,12046,6017,0.1807384430658395,509,233,36358,34330,6586,2972,5768,12086,13853,6802,0,0,66060,1506,211,792,138,4,0,0,0,0,17919,10917,2393,0,0,0,0,0
440,1532,441.2368319155825,99940,766,365,41,15,12210,6083,0.1830398238943366,540,255,36151,34104,6660,3001,5840,12258,14080,6920,0,0,65604,1649,236,805,148,4,0,0,0,0,18205,10868,2421,0,0,0,0,0
441,1532,442.0435256110058,99940,772,371,41,15,12309,6130,0.18450070042025216,536,275,36004,33873,6709,3017,5936,12447,14308,7039,0,0,65211,1735,262,820,151,4,0,0,0,0,18483,10812,2462,0,0,0,0,0
442,1532,443.25959346500116,99940,793,382,41,15,12471,6203,0.18685211126676005,556,278,35807,33672,6790,3055,6011,12596,14536,7158,0,0,64753,1888,289,835,155,4,0,0,0,0,18758,10754,2504,0,0,0,0,0
443,1532,444.07364863289223,99940,800,371,41,15,12574,6262,0.1884730838503102,563,275,35641,33460,6837,3099,6116,12778,14764,7278,0,0,64325,2004,321,846,160,4,0,0,0,0,19036,10707,2537,0,0,0,0,0
444,1532,445.3011968983113,99938,818,402,43,15,12730,6354,0.19095839420440675,599,267,35432,33228,6926,3130,6180,12956,14992,7398,0,0,63867,2151,348,863,164,4,0,0,0,0,19316,10651,2574,0,0,0,0,0
445,1532,446.12311477583853,99937,837,425,43,16,12844,6424,0.19280146492290143,611,261,35259,33027,6981,3139,6267,13130,15220,7519,0,0,63465,2243,377,873,171,4,0,0,0,0,19596,10599,2609,0,0,0,0,0
446,1532,447.36247807040326,99935,871,448,45,16,13024,6517,0.19553709911442438,645,275,35055,32797,7039,3177,6343,13285,15448,7641,0,0,63003,2385,428,888,176,4,0,0,0,0,19863,10551,2637,0,0,0,0,0
447,1532,448.19224920227583,99935,903,470,45,16,13160,6584,0.19756841947265721,650,288,34885,32577,7081,3190,6434,13457,15676,7763,0,0,62605,2482,459,901,183,4,0,0,0,0,20133,10488,2680,0,0,0,0,0
448,1532,449.0255145191416,99935,933,477,45,16,13305,6649,0.19966978536048433,661,299,34706,32362,7130,3217,6523,13627,15904,7886,0,0,62177,2598,492,920,185,4,0,0,0,0,20409,10430,2720,0,0,0,0,0
449,1532,450.2822678432606,99935,970,483,45,16,13524,6744,0.2028118276879972,694,300,34467,32164,7232,3275,6590,13760,16132,8009,0,0,61677,2787,545,938,195,4,0,0,0,0,20666,10372,2751,0,0,0,0,0
450,1532,451.1243451944911,99934,1011,483,46,16,13674,6805,0.20492525066543918,681,323,34295,31958,7283,3297,6682,13921,16359,8133,0,0,61256,2892,582,957,199,4,0,0,0,0,20941,10316,2787,0,0,0,0,0
451,1532,452.39464147743445,99933,1045,513,46,17,13890,6921,0.20824952718321274,711,323,34049,31735,7396,3341,6751,14069,16586,8257,0,0,60761,3071,632,979,209,4,0,0,0,0,21204,10254,2819,0,0,0,0,0
452,1532,453.24577564761705,99932,1063,507,47,17,14048,6992,0.2105431693551615,717,338,33886,31510,7463,3386,6822,14240,16813,8381,0,0,60333,3197,689,1003,214,4,0,0,0,0,21444,10180,2868,0,0,0,0,0
453,1532,454.10086917917874,99932,1097,522,47,17,14228,7059,0.21301485009806667,696,379,33692,31269,7555,3410,6911,14401,17039,8506,0,0,59897,3323,732,1019,220,5,0,0,0,0,21708,10121,2907,0,0,0,0,0
454,1532,455.39166679760797,99931,1144,551,48,17,14455,7195,0.2166494881468213,717,379,33443,31052,7658,3475,6988,14524,17265,8631,0,0,59407,3505,802,1045,225,5,0,0,0,0,21943,10051,2948,0,0,0,0,0
455,1532,456.25677676597604,99928,1149,575,51,17,14598,7278,0.21891762068689458,761,400,33231,30832,7725,3490,7081,14684,17491,8757,0,0,58978,3623,842,1068,229,6,0,0,0,0,22205,9983,2994,0,0,0,0,0
456,1532,457.1266770784545,99927,1132,598,52,17,14751,7368,0.22135158665826052,812,426,33014,30603,7821,3513,7167,14841,17716,8883,0,0,58510,3792,884,1082,236,6,0,0,0,0,22459,9915,3043,0,0,0,0,0
457,1532,458.00194692546376,99926,1177,635,53,17,14935,7468,0.22419590496967756,828,413,32802,30397,7886,3538,7252,14998,17941,9009,0,0,58079,3907,936,1100,244,6,0,0,0,0,22716,9859,3079,0,0,0,0,0
458,1532,459.3236617663728,99925,1223,632,54,17,15225,7616,0.2285814360770578,833,406,32548,30198,8030,3639,7310,15106,18165,9136,0,0,57528,4153,1017,1138,261,7,0,0,0,0,22929,9774,3118,0,0,0,0,0
459,1532,460.21003364002075,99924,1266,639,55,17,15406,7707,0.23130579240222568,824,432,32372,29978,8095,3682,7386,15250,18388,9263,0,0,57081,4289,1070,1154,272,7,0,0,0,0,23181,9718,3152,0,0,0,0,0
460,1532,461.10079731846406,99923,1275,658,56,17,15582,7810,0.2341002571980425,867,418,32136,29756,8195,3741,7469,15408,18611,9390,0,0,56612,4448,1124,1178,283,7,0,0,0,0,23434,9654,3183,0,0,0,0,0
461,1532,462.44717110601016,99923,1316,635,56,17,15863,7947,0.23828347827827426,882,429,31892,29544,8336,3850,7516,15523,18833,9518,0,0,56049,4703,1210,1213,298,7,0,0,0,0,23649,9575,3219,0,0,0,0,0
462,1532,463.350376239135,99922,1352,659,57,17,16069,8053,0.24140829847280879,873,420,31675,29343,8438,3888,7603,15671,19054,9646,0,0,55587,4859,1268,1239,305,7,0,0,0,0,23893,9505,3259,0,0,0,0,0
463,1532,464.2589803523812,99922,1350,665,57,17,16257,8148,0.24424050759592483,894,431,31480,29139,8545,3941,7672,15805,19275,9774,0,0,55107,5027,1327,1267,321,7,0,0,0,0,24139,9439,3288,0,0,0,0,0
464,1532,465.1731042419133,99919,1416,661,60,17,16480,8239,0.24739038621283238,895,463,31248,28905,8633,3997,7746,15955,19495,9902,0,0,54668,5151,1390,1294,340,7,0,0,0,0,24375,9374,3320,0,0,0,0,0
465,1532,466.0931115465901,99918,1440,689,60,18,16691,8346,0.2505754718869473,899,478,31021,28692,8758,4026,7820,16095,19714,10031,0,0,54212,5305,1453,1310,359,9,0,0,0,0,24610,9305,3355,0,0,0,0,0
466,1532,467.0192318250993,99916,1470,695,61,19,16909,8451,0.2538132030905961,905,482,30815,28488,8859,4082,7888,16232,19932,10160,0,0,53747,5458,1536,1339,371,9,0,0,0,0,24832,9236,3388,0,0,0,0,0
467,1532,468.4193738009231,99916,1486,701,61,19,17207,8627,0.25855718803795186,966,498,30515,28273,9037,4195,7933,16312,20149,10289,0,0,53178,5721,1650,1369,395,9,0,0,0,0,25009,9160,3425,0,0,0,0,0
468,1532,469.3595498675964,99915,1527,712,62,19,17458,8747,0.26227293199219337,1002,484,30247,28079,9161,4254,7999,16450,20366,10418,0,0,52696,5899,1735,1392,413,9,0,0,0,0,25217,9090,3464,0,0,0,0,0
469,1532,470.30690488756176,99914,1568,728,63,19,17694,8860,0.2657685609624277,1002,495,30039,27887,9260,4293,8066,16576,20582,10547,0,0,52234,6053,1821,1414,428,11,0,0,0,0,25431,9027,3495,0,0,0,0,0
470,1532,471.2608887750071,99912,1606,734,64,20,17931,8981,0.2693570341900873,1012,501,29826,27684,9369,4366,8121,16693,20797,10677,0,0,51749,6227,1906,1445,437,13,0,0,0,0,25647,8959,3529,0,0,0,0,0
471,1532,472.2208693224467,99912,1641,758,64,20,18182,9090,0.27296020498038276,1042,511,29587,27489,9486,4407,8178,16813,21011,10807,0,0,51285,6389,1990,1472,454,13,0,0,0,0,25856,8888,3565,0,0,0,0,0
472,1532,473.18778457453595,99910,1688,764,66,20,18438,9202,0.2766489840856771,1057,528,29340,27290,9607,4468,8240,16928,21224,10937,0,0,50807,6552,2074,1504,472,13,0,0,0,0,26073,8823,3592,0,0,0,0,0
473,1532,474.161729821201,99909,1735,785,66,21,18719,9335,0.28079552392677337,1025,540,29132,27096,9736,4530,8304,17026,21436,11067,0,0,50320,6732,2169,1537,493,14,0,0,0,0,26273,8751,3620,0,0,0,0,0
474,1532,475.14254386680125,99908,1739,791,66,22,18972,9469,0.28467189814629457,1061,547,28883,26893,9883,4607,8366,17138,21647,11197,0,0,49822,6926,2278,1574,511,16,0,0,0,0,26456,8673,3652,0,0,0,0,0
475,1532,476.13090504745867,99907,1771,830,67,22,19255,9609,0.2889086850771217,1086,528,28624,26701,10028,4672,8422,17245,21856,11327,0,0,49332,7118,2374,1595,536,17,0,0,0,0,26645,8607,3683,0,0,0,0,0
476,1532,477.12757015854567,99906,1760,851,68,22,19506,9754,0.29287530278461754,1112,541,28403,26486,10167,4747,8488,17351,22064,11457,0,0,48842,7305,2480,1643,558,18,0,0,0,0,26824,8520,3716,0,0,0,0,0
477,1532,478.1318011007065,99905,1777,867,69,22,19772,9900,0.29700215204444225,1151,536,28152,26292,10301,4811,8548,17470,22271,11587,0,0,48373,7479,2604,1684,573,20,0,0,0,0,26976,8435,3761,0,0,0,0,0
478,1532,479.14405321682324,99903,1812,882,71,22,20067,10057,0.30153248651191655,1151,544,27904,26095,10463,4904,8597,17551,22477,11717,0,0,47858,7696,2721,1708,598,20,0,0,0,0,27142,8367,3793,0,0,0,0,0
479,1532,480.1644449177422,99903,1838,910,71,22,20379,10194,0.30602684604065944,1135,550,27658,25919,10636,4945,8660,17652,22682,11847,0,0,47352,7888,2837,1751,617,21,0,0,0,0,27320,8300,3817,0,0,0,0,0
480,1532,481.1936617960113,99903,1852,915,71,22,20671,10327,0.31028097254336706,1157,570,27408,25731,10787,5015,8723,17745,22886,11977,0,0,46866,8064,2970,1790,641,23,0,0,0,0,27472,8232,3845,0,0,0,0,0
481,1532,482.23201884763597,99903,1888,934,71,22,20972,10489,0.31491546800396386,1189,554,27146,25542,10935,5101,8769,17845,23089,12107,0,0,46349,8272,3080,1829,670,23,0,0,0,0,27654,8164,3862,0,0,0,0,0
482,1532,483.2791843228759,99902,1911,920,72,22,21278,10635,0.31944305419310925,1181,552,26924,25355,11082,5203,8828,17946,23290,12237,0,0,45842,8476,3222,1872,697,24,0,0,0,0,27794,8088,3887,0,0,0,0,0
483,1532,484.3352637888444,99902,1952,932,72,22,21610,10788,0.3242978118556185,1167,581,26712,25160,11235,5276,8860,18027,23490,12367,0,0,45363,8642,3362,1924,727,24,0,0,0,0,27933,8009,3918,0,0,0,0,0
484,1532,485.3994199027169,99901,1992,942,73,22,21931,10957,0.32920591385471615,1150,576,26501,25007,11376,5373,8906,18078,23689,12497,0,0,44867,8836,3492,1971,761,24,0,0,0,0,28076,7929,3945,0,0,0,0,0
485,1532,486.47162619585094,99899,2016,929,75,22,22253,11100,0.3338672058779367,1142,605,26278,24796,11530,5480,8957,18166,23887,12627,0,0,44374,9017,3635,2028,792,24,0,0,0,0,28213,7845,3971,0,0,0,0,0
486,1532,487.010182727141,99898,2014,941,76,22,22402,11185,0.33621293719593986,1165,603,26099,24622,11597,5504,9047,18306,24083,12757,0,0,44013,9099,3738,2037,808,26,0,0,0,0,28381,7786,4010,0,0,0,0,0
487,1532,488.09767517782893,99898,1996,968,76,22,22711,11371,0.3411679913511782,1158,587,25858,24445,11816,5599,9094,18377,24278,12887,0,0,43511,9291,3893,2107,832,28,0,0,0,0,28497,7699,4040,0,0,0,0,0
488,1532,489.1956385840607,99896,1980,977,78,22,23034,11543,0.34612997517418115,1146,591,25647,24270,12018,5700,9129,18438,24472,13017,0,0,43005,9477,4053,2171,870,30,0,0,0,0,28612,7624,4054,0,0,0,0,0
489,1532,490.3030847124816,99896,2012,975,78,22,23351,11709,0.3509650036037479,1186,612,25400,24098,12161,5805,9161,18486,24665,13147,0,0,42517,9660,4195,2230,896,34,0,0,0,0,28740,7547,4077,0,0,0,0,0
490,1532,491.42000965852765,99896,2051,1011,78,22,23697,11900,0.3563405942179867,1171,602,25185,23926,12307,5881,9206,18556,24856,13277,0,0,42048,9827,4347,2286,929,37,0,0,0,0,28851,7463,4108,0,0,0,0,0
491,1532,492.546629321549,99894,2016,1012,80,22,23975,12066,0.36079243998638555,1233,597,24924,23778,12496,5973,9249,18616,25046,13407,0,0,41542,10023,4505,2340,951,42,0,0,0,0,28970,7393,4128,0,0,0,0,0
492,1532,493.1132138418641,99894,2024,1022,80,22,24171,12150,0.36359541113580396,1209,603,24768,23615,12576,5998,9341,18738,25235,13536,0,0,41169,10109,4612,2367,968,44,0,0,0,0,29132,7332,4161,0,0,0,0,0
493,1532,494.2580761140684,99893,2041,1015,80,23,24516,12305,0.36860440671518524,1220,597,24539,23456,12752,6087,9366,18820,25422,13665,0,0,40679,10286,4767,2423,1014,45,0,0,0,0,29242,7267,4170,0,0,0,0,0
494,1532,495.41312255124063,99891,2056,1017,82,23,24872,12474,0.37386751559199527,1173,621,24343,23303,12951,6192,9393,18842,25608,13794,0,0,40159,10499,4915,2480,1055,46,0,0,0,0,29360,7194,4183,0,0,0,0,0
495,1532,496.5781072198079,99890,2052,1029,83,23,25214,12647,0.37902692962258483,1164,603,24131,23150,13150,6283,9418,18910,25793,13923,0,0,39678,10678,5077,2543,1104,47,0,0,0,0,29453,7113,4197,0,0,0,0,0
496,1532,497.1640819180665,99890,2055,1045,83,23,25402,12738,0.3818200020022024,1149,592,23984,23013,13240,6311,9487,19014,25976,14052,0,0,39317,10753,5172,2562,1139,48,0,0,0,0,29618,7060,4221,0,0,0,0,0
497,1532,498.3466823736641,99888,2080,1062,85,23,25750,12908,0.38701345506967805,1147,585,23765,22875,13402,6383,9519,19070,26158,14181,0,0,38872,10897,5335,2617,1188,51,0,0,0,0,29707,6983,4238,0,0,0,0,0
498,1532,499.53960866113954,99883,2057,1047,88,25,26084,13080,0.3920987555439865,1147,562,23549,22764,13608,6489,9549,19111,26338,14309,0,0,38382,11075,5530,2692,1222,54,0,0,0,0,29774,6902,4252,0,0,0,0,0
499,1532,500.13979242220216,99882,2068,1053,88,26,26276,13161,0.39483590636951604,1135,569,23389,22616,13697,6509,9621,19225,26517,14437,0,0,38027,11156,5636,2699,1254,54,0,0,0,0,29917,6856,4283,0,0,0,0,0
500,1532,501.35215178718886,99880,2099,1053,88,28,26639,13341,0.40028033640368443,1113,582,23181,22480,13859,6605,9658,19250,26695,14565,0,0,37553,11314,5792,2777,1303,57,0,0,0,0,30018,6780,4286,0,0,0,0,0
501,1532,502.57575863643217,99877,2076,1063,89,30,27000,13524,0.4057390590426224,1112,602,22972,22336,14078,6699,9671,19268,26871,14693,0,0,37061,11518,5969,2823,1364,60,0,0,0,0,30079,6704,4299,0,0,0,0,0
502,1532,503.1911185180962,99877,2087,1047,89,30,27187,13611,0.4084824333930735,1095,613,22832,22196,14152,6749,9743,19363,27046,14820,0,0,36706,11602,6089,2843,1394,61,0,0,0,0,30212,6648,4322,0,0,0,0,0
503,1532,504.43340241262376,99876,2043,1063,90,30,27534,13804,0.41389322760222674,1102,604,22622,22071,14377,6849,9764,19381,27220,14947,0,0,36202,11803,6277,2906,1435,66,0,0,0,0,30272,6577,4338,0,0,0,0,0
504,1532,505.0585575209296,99876,2006,1078,90,30,27679,13908,0.41638631903560414,1137,594,22490,21939,14433,6888,9842,19469,27392,15074,0,0,35869,11856,6382,2937,1478,67,0,0,0,0,30416,6521,4350,0,0,0,0,0
505,1532,506.3204727432885,99875,1999,1073,91,30,28030,14093,0.42175719649561955,1100,596,22301,21800,14634,7002,9873,19497,27563,15201,0,0,35389,12045,6571,2994,1526,72,0,0,0,0,30471,6448,4359,0,0,0,0,0
506,1532,507.59336957479366,99873,1988,1073,92,31,28394,14287,0.42735273797723106,1058,574,22109,21694,14846,7117,9905,19509,27732,15327,0,0,34921,12213,6767,3068,1575,75,0,0,0,0,30504,6373,4377,0,0,0,0,0
507,1532,508.233609817131,99873,1999,1070,92,31,28581,14382,0.4301763239313929,1055,565,21969,21581,14906,7152,9977,19599,27900,15453,0,0,34586,12260,6876,3101,1613,77,0,0,0,0,30647,6327,4386,0,0,0,0,0
508,1532,509.52662665240433,99870,1903,1056,94,32,28899,14562,0.4351757284469811,1032,551,21805,21477,15162,7261,10002,19621,28067,15579,0,0,34095,12457,7088,3163,1671,81,0,0,0,0,30671,6252,4392,0,0,0,0,0
509,1532,510.1768947194226,99869,1907,1050,95,32,29066,14640,0.43763329962250547,1023,568,21698,21363,15204,7289,10071,19696,28232,15704,0,0,33777,12504,7206,3183,1698,85,0,0,0,0,30800,6209,4407,0,0,0,0,0
510,1532,511.4889312878829,99865,1905,1036,96,35,29415,14831,0.4430581284734391,985,553,21553,21260,15376,7406,10083,19708,28396,15829,0,0,33319,12666,7392,3236,1763,87,0,0,0,0,30835,6151,4416,0,0,0,0,0
511,1532,512.1478210195838,99864,1865,1036,97,35,29564,14932,0.44556596971881757,978,545,21434,21151,15463,7460,10161,19771,28559,15954,0,0,32991,12713,7504,3274,1796,93,0,0,0,0,30962,6099,4432,0,0,0,0,0
512,1532,513.4767199822619,99859,1846,1040,99,38,29889,15123,0.45075556534713945,942,502,21311,21079,15608,7558,10192,19781,28720,16078,0,0,32558,12859,7687,3327,1861,95,0,0,0,0,30995,6038,4439,0,0,0,0,0
513,1532,514.1444083547498,99859,1835,1007,99,38,30043,15193,0.45299872820677156,938,502,21192,20984,15660,7600,10274,19867,28880,16202,0,0,32260,12891,7821,3345,1898,99,0,0,0,0,31094,5996,4455,0,0,0,0,0
514,1532,515.4900704085682,99856,1818,975,102,38,30394,15357,0.4581697644608236,894,502,21037,20904,15848,7706,10299,19873,29038,16326,0,0,31832,13039,8025,3421,1951,103,0,0,0,0,31107,5905,4473,0,0,0,0,0
515,1532,516.1666769564071,99856,1808,961,102,38,30550,15444,0.460603268706938,872,500,20951,20804,15895,7746,10370,19949,29195,16449,0,0,31526,13089,8144,3452,1978,108,0,0,0,0,31213,5851,4495,0,0,0,0,0
516,1532,517.5305143136088,99854,1700,935,104,38,30850,15606,0.4652392493039838,897,493,20810,20726,16117,7841,10370,19965,29351,16572,0,0,31075,13256,8364,3504,2034,117,0,0,0,0,31210,5787,4507,0,0,0,0,0
517,1532,518.2156491809508,99854,1703,946,104,38,31003,15707,0.4677829631261642,889,461,20712,20634,16143,7869,10447,20050,29505,16695,0,0,30791,13290,8476,3523,2074,118,0,0,0,0,31321,5735,4526,0,0,0,0,0
518,1532,519.5968100511927,99851,1707,926,106,39,31333,15851,0.47254409069513575,873,476,20584,20581,16288,7934,10440,20042,29658,16817,0,0,30407,13402,8667,3568,2126,128,0,0,0,0,31341,5676,4536,0,0,0,0,0
519,1532,520.2905011341452,99850,1692,921,106,40,31492,15931,0.47494241362043066,851,475,20516,20489,16329,7965,10504,20108,29810,16939,0,0,30134,13419,8793,3589,2172,131,0,0,0,0,31430,5635,4547,0,0,0,0,0
520,1532,521.6864402968897,99848,1651,913,108,40,31798,16096,0.4796690970274818,845,469,20406,20434,16500,8048,10488,20094,29960,17060,0,0,29720,13563,8958,3637,2248,133,0,0,0,0,31461,5576,4552,0,0,0,0,0
521,1532,522.3864990144564,99848,1652,922,108,40,31945,16192,0.48210279625030045,854,428,20295,20359,16534,8081,10555,20168,30109,17181,0,0,29454,13575,9076,3667,2277,137,0,0,0,0,31562,5530,4570,0,0,0,0,0
522,1532,523.0899634589092,99846,1621,912,109,41,32086,16262,0.48422570758968814,852,427,20206,20278,16578,8096,10632,20244,30257,17302,0,0,29181,13601,9207,3677,2312,141,0,0,0,0,31647,5486,4594,0,0,0,0,0
523,1532,524.5080700793916,99846,1574,880,109,41,32385,16402,0.4886224786170703,835,462,20105,20192,16740,8180,10635,20243,30403,17422,0,0,28778,13729,9411,3729,2360,152,0,0,0,0,31657,5440,4590,0,0,0,0,0
524,1532,525.2197775992638,99846,1548,870,109,41,32540,16491,0.49106624201269955,850,444,20010,20110,16792,8217,10689,20316,30548,17542,0,0,28505,13757,9551,3751,2396,156,0,0,0,0,31724,5390,4616,0,0,0,0,0
525,1532,526.6531310111728,99845,1527,824,110,41,32829,16634,0.4953978666933747,804,433,19923,20103,16923,8307,10711,20290,30692,17661,0,0,28148,13843,9743,3805,2457,162,0,0,0,0,31726,5327,4634,0,0,0,0,0
526,1532,527.3718378279541,99845,1512,813,110,41,32962,16717,0.4975612198908308,791,424,19865,20024,16943,8342,10777,20354,30834,17780,0,0,27897,13852,9872,3822,2494,166,0,0,0,0,31804,5284,4654,0,0,0,0,0
527,1532,528.0942048973525,99845,1509,798,110,41,33109,16797,0.4998347438529721,782,414,19778,19936,16972,8379,10847,20430,30975,17899,0,0,27626,13893,9984,3833,2536,169,0,0,0,0,31892,5240,4672,0,0,0,0,0
528,1532,529.5471544032157,99843,1516,810,112,41,33414,16966,0.5045922097693378,735,387,19703,19914,17074,8437,10858,20409,31115,18017,0,0,27302,13957,10170,3886,2587,178,0,0,0,0,31891,5181,4691,0,0,0,0,0
529,1532,530.275745533507,99842,1499,796,113,41,33560,17036,0.5067606818773662,712,379,19647,19850,17112,8471,10915,20461,31253,18135,0,0,27035,13971,10294,3917,2618,180,0,0,0,0,31981,5142,4704,0,0,0,0,0
530,1532,531.0070070977787,99840,1482,777,113,43,33698,17104,0.5088341346153846,703,382,19593,19784,17137,8489,10970,20523,31390,18252,0,0,26795,13986,10420,3924,2670,181,0,0,0,0,32045,5100,4719,0,0,0,0,0
531,1532,532.4768023740804,99837,1432,758,115,44,33968,17245,0.5129661347997235,650,368,19566,19756,17261,8563,10974,20509,31526,18369,0,0,26450,14083,10591,3965,2743,188,0,0,0,0,32050,5040,4727,0,0,0,0,0
532,1532,533.213088961322,99837,1409,746,115,44,34095,17326,0.5150495307350982,643,349,19508,19696,17299,8594,11024,20569,31661,18485,0,0,26206,14094,10706,3992,2780,192,0,0,0,0,32126,4992,4749,0,0,0,0,0
533,1532,534.6916613604934,99836,1352,698,116,44,34350,17455,0.5189009976361233,628,353,19438,19649,17438,8698,11026,20556,31794,18601,0,0,25856,14183,10875,4054,2845,201,0,0,0,0,32143,4931,4748,0,0,0,0,0
534,1532,535.4327656433686,99836,1301,667,116,44,34460,17512,0.5205737409351336,615,342,19387,19603,17489,8722,11090,20620,31926,18716,0,0,25614,14197,11011,4062,2882,212,0,0,0,0,32208,4899,4751,0,0,0,0,0
535,1532,536.1767970615879,99836,1295,655,116,44,34581,17570,0.5223666813574261,592,330,19331,19558,17507,8732,11157,20679,32057,18831,0,0,25403,14186,11126,4078,2917,215,0,0,0,0,32286,4853,4772,0,0,0,0,0
536,1532,537.672699535071,99834,1238,661,117,45,34809,17689,0.5258529158402949,559,329,19326,19547,17582,8757,11176,20659,32187,18945,0,0,25105,14251,11284,4116,2967,225,0,0,0,0,32298,4801,4787,0,0,0,0,0
537,1532,538.4216950765724,99834,1210,627,117,45,34909,17744,0.5274054931185769,550,331,19277,19480,17590,8791,11254,20724,32315,19059,0,0,24896,14232,11412,4134,3009,226,0,0,0,0,32358,4764,4803,0,0,0,0,0
538,1532,539.1717943648077,99834,1176,631,117,45,35007,17815,0.5290983031832842,541,313,19235,19424,17612,8802,11317,20783,32442,19173,0,0,24673,14232,11511,4145,3045,232,0,0,0,0,32446,4730,4820,0,0,0,0,0
539,1532,540.6787807313794,99831,1137,622,119,46,35217,17935,0.5324197894441607,528,295,19236,19448,17648,8838,11330,20749,32568,19286,0,0,24406,14266,11686,4173,3102,239,0,0,0,0,32443,4687,4829,0,0,0,0,0
540,1532,541.4321367513013,99831,1136,609,119,46,35326,17996,0.53412266730775,502,289,19203,19395,17641,8854,11397,20805,32693,19399,0,0,24218,14239,11812,4178,3141,244,0,0,0,0,32501,4659,4839,0,0,0,0,0
541,1532,542.1871358118655,99830,1115,594,119,47,35415,18046,0.5355203846539116,515,285,19172,19360,17623,8851,11454,20861,32817,19511,0,0,24033,14202,11920,4188,3186,245,0,0,0,0,32574,4629,4853,0,0,0,0,0
542,1532,543.7016963107985,99829,1034,553,120,47,35597,18141,0.5383004938444741,492,268,19175,19402,17696,8892,11481,20836,32939,19623,0,0,23767,14224,12097,4224,3252,252,0,0,0,0,32568,4592,4853,0,0,0,0,0
543,1532,544.4591796133726,99827,992,522,122,47,35682,18183,0.5395834794193956,491,279,19150,19376,17695,8892,11548,20882,33060,19734,0,0,23568,14206,12213,4238,3291,257,0,0,0,0,32638,4554,4862,0,0,0,0,0
544,1532,545.2181481163171,99827,983,505,122,47,35780,18228,0.5410159576066595,468,283,19127,19341,17684,8898,11614,20924,33180,19845,0,0,23388,14182,12328,4230,3340,259,0,0,0,0,32700,4529,4871,0,0,0,0,0
545,1532,546.7402112687365,99827,952,500,122,47,35967,18329,0.5439009486411492,438,268,19123,19358,17713,8919,11650,20906,33299,19955,0,0,23145,14197,12496,4256,3382,266,0,0,0,0,32703,4500,4882,0,0,0,0,0
546,1532,547.5012696756176,99826,922,493,123,47,36052,18372,0.5451886282130908,430,274,19096,19333,17718,8908,11709,20943,33417,20065,0,0,22951,14186,12594,4268,3409,270,0,0,0,0,32784,4461,4903,0,0,0,0,0
547,1532,548.2636587840176,99825,905,500,124,47,36129,18430,0.5465464562985224,432,253,19071,19312,17702,8896,11764,20990,33534,20174,0,0,22805,14137,12709,4272,3448,272,0,0,0,0,32838,4419,4925,0,0,0,0,0
548,1532,549.0274517147471,99825,875,474,124,47,36202,18476,0.5477385424492862,443,241,19021,19273,17708,8923,11827,21040,33649,20283,0,0,22612,14127,12798,4285,3481,278,0,0,0,0,32920,4379,4945,0,0,0,0,0
549,1532,550.5597262657824,99824,839,453,125,47,36359,18567,0.550228401987498,422,228,19051,19291,17733,8960,11828,21019,33763,20391,0,0,22409,14104,12957,4317,3521,292,0,0,0,0,32924,4345,4955,0,0,0,0,0
550,1532,551.3255178543808,99823,821,450,125,48,36439,18614,0.5515061659136672,409,211,19033,19267,17713,8961,11897,21061,33876,20499,0,0,22253,14075,13066,4318,3560,295,0,0,0,0,32979,4307,4970,0,0,0,0,0
551,1532,552.0922311999053,99822,812,456,126,48,36517,18662,0.5527739376089439,392,203,19016,19242,17685,8946,11967,21103,33988,20606,0,0,22094,14045,13158,4313,3593,302,0,0,0,0,33054,4280,4983,0,0,0,0,0
552,1532,553.6286593440932,99822,762,438,126,48,36660,18737,0.5549578249283725,378,191,19058,19312,17702,8924,11972,21085,34099,20713,0,0,21894,14053,13295,4318,3649,312,0,0,0,0,33062,4236,5003,0,0,0,0,0
553,1532,554.3953923872887,99822,752,435,126,48,36739,18783,0.5562100538959348,362,176,19055,19309,17682,8911,12021,21119,34209,20819,0,0,21757,13997,13406,4319,3684,317,0,0,0,0,33115,4204,5023,0,0,0,0,0
554,1532,555.1630261893009,99821,765,427,126,49,36825,18814,0.5573877240260066,339,188,19037,19280,17636,8888,12095,21166,34318,20924,0,0,21633,13932,13509,4320,3723,319,0,0,0,0,33173,4177,5035,0,0,0,0,0
555,1532,556.6998777302031,99820,724,407,126,50,36955,18892,0.5594770587056702,299,171,19063,19332,17654,8905,12132,21133,34426,21029,0,0,21417,13931,13626,4348,3770,326,0,0,0,0,33215,4147,5040,0,0,0,0,0
556,1532,557.4675388807136,99820,702,397,126,50,37020,18928,0.5604888799839711,289,168,19053,19315,17642,8880,12186,21188,34533,21133,0,0,21258,13900,13727,4352,3799,330,0,0,0,0,33281,4123,5050,0,0,0,0,0
557,1532,558.2361216839996,99820,679,386,126,50,37075,18962,0.561380484872771,296,158,19048,19297,17609,8882,12240,21225,34639,21237,0,0,21104,13866,13821,4357,3829,334,0,0,0,0,33354,4097,5058,0,0,0,0,0
558,1532,559.0054352181852,99820,660,372,126,50,37127,18991,0.5621919455019034,298,153,19040,19284,17593,8867,12281,21272,34744,21340,0,0,20953,13842,13902,4349,3868,336,0,0,0,0,33427,4071,5072,0,0,0,0,0
559,1532,560.545486361578,99820,655,359,126,50,37265,19058,0.5642456421558806,265,131,19080,19341,17576,8876,12296,21241,34848,21443,0,0,20776,13815,14015,4373,3912,344,0,0,0,0,33465,4044,5076,0,0,0,0,0
560,1532,561.3134979540752,99820,634,339,126,50,37318,19080,0.5649969945902624,274,126,19066,19344,17549,8854,12349,21285,34950,21545,0,0,20642,13761,14108,4376,3940,350,0,0,0,0,33532,4020,5091,0,0,0,0,0
561,1532,562.0826229639243,99819,615,329,127,50,37375,19103,0.5658041054308298,263,137,19081,19345,17524,8826,12388,21311,35051,21647,0,0,20503,13724,14185,4372,3974,355,0,0,0,0,33603,3996,5107,0,0,0,0,0
562,1532,563.6220866198183,99819,584,316,127,50,37481,19164,0.5674771336118374,248,132,19130,19389,17500,8820,12409,21291,35151,21748,0,0,20339,13709,14300,4376,4017,364,0,0,0,0,33626,3965,5123,0,0,0,0,0
563,1532,564.39019346548,99819,562,303,127,50,37523,19187,0.5681283122451637,252,125,19117,19383,17474,8817,12466,21320,35250,21849,0,0,20199,13673,14387,4377,4040,368,0,0,0,0,33697,3942,5136,0,0,0,0,0
564,1532,565.1582358063921,99819,538,308,127,50,37557,19217,0.5687694727456697,257,113,19135,19376,17423,8790,12518,21361,35348,21949,0,0,20081,13619,14481,4369,4068,369,0,0,0,0,33760,3919,5153,0,0,0,0,0
565,1532,566.6953207138364,99819,518,287,127,50,37651,19267,0.570212083871808,247,117,19192,19434,17401,8784,12513,21326,35446,22049,0,0,19914,13603,14582,4381,4105,375,0,0,0,0,33808,3888,5163,0,0,0,0,0
566,1532,567.4613015644786,99818,494,274,128,50,37697,19286,0.5708689815464145,246,120,19196,19424,17360,8774,12574,21356,35543,22148,0,0,19779,13573,14650,4370,4144,379,0,0,0,0,33880,3864,5179,0,0,0,0,0
567,1532,568.2276235078608,99818,494,270,128,50,37743,19313,0.5716003125688753,237,121,19206,19402,17301,8768,12632,21387,35639,22247,0,0,19661,13516,14742,4368,4165,382,0,0,0,0,33948,3844,5192,0,0,0,0,0
568,1532,569.7601411062228,99818,465,269,128,50,37838,19361,0.5730329199142439,223,104,19278,19484,17255,8745,12649,21346,35734,22345,0,0,19503,13492,14847,4372,4202,388,0,0,0,0,33996,3819,5199,0,0,0,0,0
569,1532,570.5238159195707,99818,447,257,128,50,37873,19381,0.5735839227393856,227,100,19286,19505,17208,8710,12702,21376,35828,22443,0,0,19382,13453,14926,4356,4242,391,0,0,0,0,34063,3802,5203,0,0,0,0,0
570,1532,571.287475936319,99816,437,250,128,52,37907,19399,0.5741163741283962,230,102,19307,19513,17147,8687,12749,21394,35921,22540,0,0,19272,13400,14996,4351,4273,394,0,0,0,0,34135,3781,5214,0,0,0,0,0
571,1532,572.0510103914779,99816,436,247,128,52,37951,19423,0.5747976276348481,217,96,19309,19510,17093,8668,12815,21425,36013,22637,0,0,19161,13350,15076,4344,4301,398,0,0,0,0,34199,3764,5223,0,0,0,0,0
572,1532,573.5766331492024,99816,428,229,128,52,38048,19461,0.5761501162138335,194,88,19396,19583,17014,8655,12838,21391,36104,22733,0,0,19028,13316,15170,4348,4345,406,0,0,0,0,34236,3739,5228,0,0,0,0,0
573,1532,574.3375028797014,99816,427,216,128,52,38080,19477,0.5766310010419171,184,94,19401,19615,16964,8639,12894,21382,36194,22829,0,0,18916,13272,15248,4328,4378,407,0,0,0,0,34305,3725,5237,0,0,0,0,0
574,1532,575.0972741154403,99815,416,211,129,52,38123,19494,0.5772378900966788,159,90,19429,19611,16912,8619,12953,21415,36283,22924,0,0,18805,13212,15325,4329,4404,411,0,0,0,0,34374,3713,5242,0,0,0,0,0
575,1532,576.6158840817163,99815,396,194,129,52,38187,19525,0.57818965085408,154,89,19501,19673,16850,8602,12968,21388,36371,23019,0,0,18689,13172,15430,4326,4441,414,0,0,0,0,34399,3688,5256,0,0,0,0,0
576,1532,577.3723618633852,99815,379,191,129,52,38213,19546,0.5786605219656364,153,84,19522,19673,16790,8583,13025,21415,36458,23113,0,0,18586,13124,15508,4318,4465,418,0,0,0,0,34456,3669,5271,0,0,0,0,0
577,1532,578.1287572940292,99815,369,200,129,52,38245,19569,0.5792115413515003,147,70,19513,19680,16752,8551,13088,21445,36544,23206,0,0,18479,13079,15579,4307,4483,425,0,0,0,0,34527,3654,5282,0,0,0,0,0
578,1532,579.6407761647329,99815,338,188,129,52,38292,19597,0.5799629314231328,149,67,19576,19759,16702,8522,13104,21410,36630,23299,0,0,18352,13046,15656,4308,4518,430,0,0,0,0,34582,3634,5289,0,0,0,0,0
579,1532,580.3944895218608,99815,333,177,129,52,38326,19606,0.5803937283975354,133,69,19589,19760,16654,8500,13160,21440,36715,23391,0,0,18245,13010,15711,4299,4543,435,0,0,0,0,34655,3610,5307,0,0,0,0,0
580,1532,581.1486176799546,99815,321,166,129,52,38354,19615,0.5807644141662075,133,69,19613,19774,16595,8476,13207,21461,36799,23483,0,0,18140,12977,15784,4283,4563,442,0,0,0,0,34714,3592,5320,0,0,0,0,0
581,1532,582.6555101728621,99815,302,160,129,52,38397,19641,0.5814556930321094,138,61,19675,19867,16517,8437,13237,21421,36882,23574,0,0,18024,12932,15867,4285,4592,442,0,0,0,0,34769,3575,5329,0,0,0,0,0
582,1532,583.4068467511958,99815,297,162,129,52,38420,19657,0.5818464158693583,130,54,19692,19873,16460,8404,13290,21453,36964,23665,0,0,17927,12888,15936,4266,4621,442,0,0,0,0,34835,3561,5339,0,0,0,0,0
583,1532,584.1577058659003,99815,295,159,129,52,38443,19673,0.5822371387066072,127,51,19694,19883,16399,8380,13354,21473,37045,23755,0,0,17820,12845,16001,4261,4637,444,0,0,0,0,34912,3546,5349,0,0,0,0,0
584,1532,585.6583503012885,99815,285,145,129,52,38487,19691,0.58285828783249,127,57,19759,19948,16322,8347,13376,21449,37126,23845,0,0,17705,12817,16077,4248,4667,447,0,0,0,0,34967,3528,5359,0,0,0,0,0
585,1532,586.4065488028906,99815,273,143,129,52,38511,19702,0.5832089365325853,121,60,19779,19957,16278,8314,13418,21472,37206,23934,0,0,17611,12768,16148,4235,4693,449,0,0,0,0,35029,3515,5367,0,0,0,0,0
586,1532,587.154516785399,99815,258,145,129,52,38531,19712,0.5835094925612383,113,58,19795,19978,16229,8280,13474,21485,37285,24023,0,0,17527,12711,16217,4219,4721,451,0,0,0,0,35088,3502,5379,0,0,0,0,0
587,1532,588.6488078645388,99815,237,124,129,52,38561,19728,0.5839703451385062,128,68,19848,20062,16157,8257,13499,21435,37363,24111,0,0,17440,12642,16314,4219,4746,456,0,0,0,0,35125,3489,5384,0,0,0,0,0
588,1532,589.3934286565764,99815,236,121,129,52,38583,19739,0.5843009567700246,123,64,19870,20065,16100,8230,13540,21466,37440,24199,0,0,17341,12600,16375,4212,4761,458,0,0,0,0,35198,3473,5397,0,0,0,0,0
589,1532,590.1384854449722,99815,230,116,129,52,38599,19747,0.584541401592947,118,62,19879,20079,16042,8205,13600,21484,37517,24286,0,0,17248,12558,16433,4199,4780,461,0,0,0,0,35267,3458,5411,0,0,0,0,0
590,1532,591.6268718861055,99815,235,109,129,52,38646,19772,0.5852627360617142,97,52,19980,20130,15943,8186,13614,21469,37593,24373,0,0,17154,12515,16513,4185,4809,464,0,0,0,0,35312,3443,5420,0,0,0,0,0
591,1532,592.3678879689584,99815,232,108,129,52,38666,19782,0.5855632920903672,92,52,20003,20144,15876,8158,13666,21484,37668,24459,0,0,17071,12463,16585,4183,4817,467,0,0,0,0,35370,3422,5437,0,0,0,0,0
592,1532,593.1083846409211,99814,212,106,129,53,38683,19790,0.5858196245015729,87,52,20036,20156,15822,8130,13712,21501,37742,24545,0,0,16982,12420,16647,4160,4850,468,0,0,0,0,35431,3410,5446,0,0,0,0,0
593,1532,594.5867936207668,99814,187,114,129,53,38714,19815,0.5863806680425592,80,37,20108,20221,15761,8097,13733,21476,37816,24630,0,0,16888,12374,16716,4151,4878,473,0,0,0,0,35484,3397,5453,0,0,0,0,0
594,1532,595.3235945330491,99814,183,104,129,53,38725,19819,0.5865309475624662,80,42,20132,20235,15699,8077,13775,21487,37889,24715,0,0,16795,12333,16769,4143,4895,474,0,0,0,0,35560,3380,5465,0,0,0,0,0
595,1532,596.0599201412612,99814,180,103,129,53,38741,19829,0.5867914320636384,78,40,20155,20246,15629,8047,13827,21509,37961,24799,0,0,16722,12279,16824,4134,4915,477,0,0,0,0,35620,3360,5483,0,0,0,0,0
596,1532,597.5301414998727,99814,186,99,129,53,38781,19846,0.5873624942392851,61,42,20245,20334,15543,8012,13834,21458,38032,24883,0,0,16633,12231,16893,4132,4935,478,0,0,0,0,35674,3345,5493,0,0,0,0,0
597,1532,598.2624849985802,99814,173,95,129,53,38787,19851,0.5874726992205502,67,45,20284,20359,15475,7974,13870,21472,38103,24966,0,0,16558,12191,16951,4114,4957,480,0,0,0,0,35728,3325,5510,0,0,0,0,0
598,1532,599.7242086027265,99814,172,89,129,53,38812,19868,0.5878934818762899,63,43,20372,20450,15391,7924,13871,21439,38173,25049,0,0,16480,12153,17014,4096,4980,486,0,0,0,0,35772,3308,5525,0,0,0,0,0
599,1532,600.4520296240329,99814,174,86,129,53,38827,19874,0.5881038732041597,57,44,20375,20463,15339,7901,13924,21451,38242,25131,0,0,16405,12098,17062,4089,5001,487,0,0,0,0,35840,3295,5537,0,0,0,0,0
600,1532,601.1791325740286,99814,168,89,129,53,38834,19887,0.5883042458973691,57,43,20403,20472,15270,7881,13971,21460,38311,25213,0,0,16332,12050,17123,4075,5019,489,0,0,0,0,35896,3281,5549,0,0,0,0,0
601,1532,602.6322383626366,99813,162,92,130,53,38857,19912,0.5887910392433852,63,39,20488,20555,15188,7850,13967,21409,38379,25294,0,0,16238,12011,17189,4073,5030,492,0,0,0,0,35952,3268,5560,0,0,0,0,0
602,1532,603.3558539603824,99813,157,97,130,53,38872,19924,0.5890615450893171,56,29,20507,20581,15141,7815,14007,21423,38446,25375,0,0,16154,11975,17237,4065,5044,495,0,0,0,0,36020,3249,5574,0,0,0,0,0
603,1532,604.0789072793938,99813,153,101,130,53,38880,19934,0.5892418823199382,59,25,20525,20599,15079,7790,14052,21430,38513,25455,0,0,16081,11929,17288,4049,5067,496,0,0,0,0,36083,3238,5582,0,0,0,0,0
604,1532,605.5232526765883,99813,142,91,130,53,38910,19943,0.5896326129862843,46,28,20596,20683,15017,7755,14067,21388,38579,25535,0,0,15984,11895,17346,4043,5092,498,0,0,0,0,36144,3228,5583,0,0,0,0,0
605,1532,606.243439410044,99813,133,89,130,53,38916,19950,0.589762856541733,53,26,20591,20717,14970,7723,14121,21390,38644,25614,0,0,15906,11855,17399,4030,5111,499,0,0,0,0,36205,3216,5592,0,0,0,0,0
606,1532,607.6828134478725,99813,131,77,130,53,38933,19956,0.5899932874475269,52,25,20685,20817,14866,7676,14134,21350,38709,25693,0,0,15838,11805,17462,4023,5133,500,0,0,0,0,36253,3197,5602,0,0,0,0,0
607,1532,608.4005628132757,99813,125,75,130,53,38944,19962,0.5901636059431136,53,22,20708,20853,14809,7636,14173,21359,38773,25771,0,0,15761,11764,17512,4013,5146,504,0,0,0,0,36315,3184,5614,0,0,0,0,0
608,1532,609.1171556117922,99812,121,69,131,53,38951,19965,0.5902697070492526,52,26,20721,20870,14759,7614,14214,21366,38836,25849,0,0,15676,11734,17554,3997,5165,504,0,0,0,0,36385,3172,5625,0,0,0,0,0
609,1532,610.5484567714228,99812,122,62,131,53,38975,19973,0.5905903097823909,42,29,20803,20942,14675,7570,14225,21342,38899,25926,0,0,15601,11691,17614,3988,5184,505,0,0,0,0,36434,3159,5636,0,0,0,0,0
610,1532,611.2618400236921,99812,105,62,131,53,38977,19980,0.590680479301086,48,27,20821,20977,14627,7541,14266,21338,38961,26003,0,0,15542,11642,17670,3972,5208,507,0,0,0,0,36479,3144,5648,0,0,0,0,0
611,1532,612.6867325821662,99812,105,53,131,53,38998,19986,0.5909509878571715,44,31,20924,21068,14530,7492,14264,21301,39023,26079,0,0,15475,11604,17729,3955,5228,511,0,0,0,0,36518,3133,5659,0,0,0,0,0
612,1532,613.3966291284866,99812,101,54,131,53,39007,19995,0.5911313268945618,38,29,20956,21081,14468,7472,14304,21309,39084,26155,0,0,15403,11555,17786,3945,5245,511,0,0,0,0,36576,3127,5664,0,0,0,0,0
613,1532,614.1053579992923,99812,102,51,131,53,39015,20001,0.5912715905903098,38,27,20956,21110,14421,7447,14350,21310,39144,26230,0,0,15329,11512,17836,3937,5257,511,0,0,0,0,36639,3116,5675,0,0,0,0,0
614,1532,615.5208131231466,99812,96,46,131,53,39025,20009,0.5914519296277001,47,26,21062,21179,14319,7404,14343,21290,39204,26305,0,0,15268,11472,17884,3917,5287,512,0,0,0,0,36682,3103,5687,0,0,0,0,0
615,1532,616.2258911620564,99812,99,47,131,53,39034,20013,0.5915821744880375,46,25,21084,21201,14257,7373,14381,21299,39263,26380,0,0,15198,11421,17940,3911,5292,514,0,0,0,0,36746,3096,5694,0,0,0,0,0
616,1532,617.633484825998,99812,91,46,131,53,39044,20019,0.5917424758546067,47,22,21173,21278,14169,7333,14387,21266,39322,26454,0,0,15130,11379,17992,3905,5306,515,0,0,0,0,36799,3080,5706,0,0,0,0,0
617,1532,618.3351182860591,99812,91,43,131,53,39050,20021,0.5918226265378912,48,22,21179,21315,14121,7298,14428,21267,39380,26528,0,0,15056,11344,18034,3895,5317,516,0,0,0,0,36864,3068,5718,0,0,0,0,0
618,1532,619.0356470906494,99812,93,47,131,53,39061,20027,0.5919929467398709,41,20,21207,21338,14061,7271,14465,21269,39437,26601,0,0,14991,11305,18079,3881,5331,518,0,0,0,0,36921,3059,5727,0,0,0,0,0
619,1532,620.4354136944323,99812,93,40,131,53,39084,20031,0.5922634552959564,34,23,21310,21409,13979,7235,14451,21238,39494,26674,0,0,14917,11270,18132,3871,5348,520,0,0,0,0,36972,3048,5734,0,0,0,0,0
620,1532,621.1320634288755,99812,91,36,131,53,39091,20034,0.5923636436500621,32,25,21334,21448,13926,7205,14484,21231,39550,26746,0,0,14858,11226,18180,3860,5364,521,0,0,0,0,37021,3035,5747,0,0,0,0,0
621,1532,622.5235476822927,99812,84,39,131,53,39097,20044,0.5925239450166313,32,20,21375,21487,13868,7172,14508,21227,39606,26818,0,0,14797,11181,18235,3850,5375,524,0,0,0,0,37068,3024,5758,0,0,0,0,0
622,1532,623.0668498795403,99812,79,41,131,53,39100,20047,0.5925840580290948,34,17,21363,21493,13837,7147,14554,21247,39661,26889,0,0,14738,11136,18278,3839,5390,526,0,0,0,0,37124,3015,5766,0,0,0,0,0
623,1532,624.0289171673714,99812,76,40,131,53,39102,20051,0.5926441710415581,38,14,21397,21559,13775,7113,14581,21219,39716,26960,0,0,14675,11099,18320,3826,5402,530,0,0,0,0,37180,3007,5773,0,0,0,0,0
624,1532,625.229111857527,99812,76,40,131,53,39111,20058,0.5928044724081273,40,17,21504,21654,13677,7066,14570,21168,39770,27030,0,0,14620,11055,18369,3814,5416,534,0,0,0,0,37226,2997,5781,0,0,0,0,0
625,1532,626.0587061678995,99812,79,40,131,53,39119,20060,0.592904660762233,32,19,21511,21667,13628,7040,14617,21179,39824,27100,0,0,14561,11017,18411,3799,5430,536,0,0,0,0,37280,2987,5791,0,0,0,0,0
626,1532,627.229980731723,99812,77,32,131,53,39128,20064,0.5930349056225704,31,18,21565,21778,13563,6997,14631,21120,39877,27170,0,0,14507,10972,18464,3791,5445,537,0,0,0,0,37320,2971,5805,0,0,0,0,0
627,1532,628.0389927570808,99812,70,33,131,53,39128,20069,0.5930849997996233,32,15,21568,21803,13528,6963,14669,21131,39930,27239,0,0,14446,10933,18510,3779,5458,538,0,0,0,0,37373,2961,5814,0,0,0,0,0
628,1532,629.074208516337,99812,66,32,131,53,39139,20077,0.5932753576724241,28,12,21636,21876,13463,6928,14674,21097,39982,27308,0,0,14376,10896,18557,3775,5470,539,0,0,0,0,37428,2952,5819,0,0,0,0,0
629,1532,630.0256932528471,99812,64,34,131,53,39149,20082,0.5934256402035827,51,35,21707,21944,13374,6885,14671,21047,40034,27376,0,0,14313,10857,18597,3769,5482,539,2,0,0,2,37482,2938,5831,0,0,0,0,0
630,1532,631.1823382661801,99812,68,44,131,53,39162,20095,0.5936861299242576,47,31,21764,22013,13302,6846,14686,21011,40085,27444,0,0,14257,10819,18632,3759,5490,545,4,0,0,6,37532,2925,5843,0,0,0,0,0
631,1532,632.3357091969644,99812,81,45,131,53,39183,20103,0.5939766761511642,46,30,21817,22073,13225,6816,14698,20981,40136,27511,0,0,14197,10778,18669,3751,5504,546,4,0,0,13,37585,2916,5849,0,0,0,0,0
632,1532,633.4859841983016,99812,81,50,131,53,39199,20114,0.5942471847072496,44,28,21865,22141,13166,6781,14711,20945,40186,27578,0,0,14142,10734,18705,3740,5524,548,8,0,0,19,37630,2906,5856,0,0,0,0,0
633,1532,634.0600336912901,99812,81,49,131,53,39206,20117,0.5943473730613553,47,29,21886,22137,13110,6764,14743,20966,40236,27645,0,0,14087,10684,18754,3734,5531,549,10,0,0,26,37676,2899,5862,0,0,0,0,0
634,1532,635.2070709534388,99812,74,55,131,53,39215,20127,0.5945377309341562,52,28,21930,22199,13054,6735,14757,20928,40285,27711,0,0,14028,10644,18790,3722,5549,550,16,0,0,31,37724,2888,5870,0,0,0,0,0
635,1532,636.3512992856487,99812,72,68,131,53,39230,20144,0.5948583336672945,59,23,21995,22268,12978,6710,14763,20876,40334,27777,0,0,13963,10611,18814,3716,5561,553,19,0,0,39,37778,2877,5881,0,0,0,0,0
636,1532,637.4921146463038,99812,66,65,131,53,39237,20149,0.5949785596922214,57,18,22012,22291,12938,6689,14794,20882,40382,27842,0,0,13905,10569,18849,3713,5572,554,22,0,0,48,37824,2866,5890,0,0,0,0,0
637,1532,638.0674934315881,99812,68,63,131,53,39245,20153,0.5950987857171482,55,19,22027,22314,12890,6660,14827,20889,40430,27907,0,0,13853,10529,18886,3705,5583,555,25,0,0,53,37868,2851,5904,0,0,0,0,0
638,1532,639.2376470003911,99812,70,56,131,53,39267,20162,0.595409369614876,50,24,22114,22430,12823,6611,14810,20824,40477,27971,0,0,13796,10480,18922,3703,5597,560,32,0,0,61,37910,2842,5909,0,0,0,0,0
639,1532,640.3722073048226,99812,72,59,131,53,39280,20173,0.5956498216647297,53,22,22182,22487,12760,6586,14800,20791,40524,28035,0,0,13739,10449,18944,3687,5622,561,35,0,0,65,37960,2831,5919,0,0,0,0,0
640,1532,641.5039677009596,99812,76,60,131,53,39293,20180,0.5958501983729412,50,19,22227,22529,12698,6559,14816,20778,40570,28099,0,0,13687,10414,18975,3671,5641,563,40,0,0,70,38002,2821,5928,0,0,0,0,0
641,1532,642.3571872950155,99812,80,63,131,53,39305,20188,0.5960505750811526,55,19,22297,22591,12620,6528,14815,20744,40616,28162,0,0,13640,10368,19018,3662,5653,563,43,0,0,77,38039,2812,5937,0,0,0,0,0
642,1532,643.0658746445574,99812,77,60,131,53,39305,20190,0.5960706127519737,58,18,22274,22582,12595,6511,14863,20774,40662,28225,0,0,13590,10326,19054,3656,5663,565,43,0,0,79,38087,2804,5945,0,0,0,0,0
643,1532,644.5466614387843,99812,81,59,131,53,39332,20201,0.5964513284975754,56,24,22385,22717,12515,6472,14830,20673,40707,28287,0,0,13530,10286,19087,3646,5677,570,50,0,0,92,38127,2799,5948,0,0,0,0,0
644,1532,645.1069448284571,99812,79,54,131,53,39340,20203,0.5965515168516812,56,28,22400,22744,12478,6453,14854,20666,40752,28349,0,0,13478,10248,19121,3635,5694,571,52,0,0,98,38171,2791,5953,0,0,0,0,0
645,1532,646.2273173995183,99812,80,52,131,53,39354,20211,0.5967719312307137,63,30,22460,22801,12414,6438,14850,20624,40796,28411,0,0,13419,10210,19150,3629,5708,573,56,0,0,107,38217,2786,5957,0,0,0,0,0
646,1532,647.3445798316732,99812,87,48,131,53,39372,20221,0.5970524586222098,56,24,22505,22849,12362,6424,14857,20600,40840,28472,0,0,13367,10178,19177,3620,5722,574,57,0,0,124,38251,2774,5968,0,0,0,0,0
647,1532,648.4592639369181,99812,88,46,131,53,39387,20225,0.5972428164950107,55,29,22559,22904,12313,6396,14852,20570,40883,28533,0,0,13312,10144,19206,3615,5735,575,58,0,0,133,38296,2763,5975,0,0,0,0,0
648,1532,649.0155040081269,99812,90,39,131,53,39394,20228,0.5973430048491163,59,30,22571,22907,12265,6387,14882,20582,40926,28593,0,0,13257,10117,19229,3603,5749,577,59,0,0,142,38341,2754,5984,0,0,0,0,0
649,1532,650.1272474061814,99812,95,44,131,53,39411,20239,0.5976235322406124,56,32,22614,22952,12222,6357,14880,20560,40969,28653,0,0,13209,10078,19263,3595,5761,578,61,0,0,152,38377,2744,5994,0,0,0,0,0
650,1532,651.2364402359531,99812,98,44,131,53,39425,20244,0.5978138901134132,59,33,22665,23010,12165,6333,14880,20525,41011,28713,0,0,13151,10052,19282,3586,5776,580,65,0,0,155,38428,2732,6005,0,0,0,0,0
651,1532,652.343304549103,99812,102,48,131,53,39444,20252,0.5980843986694987,57,29,22722,23071,12107,6300,14879,20497,41053,28772,0,0,13101,10020,19306,3576,5791,585,68,0,0,158,38472,2722,6013,0,0,0,0,0
652,1532,653.4473206307212,99812,106,47,131,53,39458,20260,0.5983048130485312,57,29,22784,23124,12040,6276,14880,20469,41094,28831,0,0,13056,9977,19342,3568,5803,589,70,0,0,164,38509,2717,6017,0,0,0,0,0
653,1532,654.548378045389,99812,106,51,131,53,39478,20273,0.5986354346170801,53,24,22834,23195,11996,6250,14878,20425,41135,28889,0,0,13002,9946,19364,3560,5821,590,74,0,0,177,38546,2708,6024,0,0,0,0,0
654,1532,655.0978020565765,99812,106,52,131,53,39486,20276,0.5987456418065964,51,23,22828,23217,11970,6233,14912,20420,41176,28947,0,0,12952,9917,19390,3548,5835,592,75,0,0,180,38592,2699,6032,0,0,0,0,0
655,1532,656.1963905708951,99812,103,51,131,53,39501,20284,0.5989760750210396,55,24,22898,23274,11912,6212,14899,20384,41216,29005,0,0,12906,9880,19418,3537,5858,593,79,0,0,188,38626,2691,6036,0,0,0,0,0
656,1532,657.2920392192336,99812,104,45,131,53,39520,20288,0.5992065082354827,47,24,22956,23335,11862,6198,14898,20343,41256,29062,0,0,12850,9848,19439,3531,5876,595,82,0,0,197,38670,2685,6039,0,0,0,0,0
657,1532,658.3851677516817,99812,99,43,131,53,39529,20297,0.599386847272873,59,21,23034,23390,11791,6182,14884,20309,41296,29119,0,0,12809,9813,19466,3524,5891,599,82,0,0,208,38700,2673,6047,0,0,0,0,0
658,1532,659.4746731645105,99812,106,39,131,53,39553,20300,0.5996573558289584,53,22,23086,23457,11735,6159,14887,20268,41335,29176,0,0,12758,9783,19488,3513,5912,599,85,0,0,218,38738,2665,6053,0,0,0,0,0
659,1532,660.0181102894094,99812,106,40,131,53,39562,20303,0.5997775818538853,55,23,23100,23471,11701,6141,14905,20270,41374,29232,0,0,12710,9752,19517,3504,5921,602,87,0,0,223,38779,2658,6059,0,0,0,0,0
660,1532,661.1042786197671,99812,111,34,131,53,39583,20304,0.5999979962329179,59,29,23137,23537,11659,6115,14901,20230,41412,29288,0,0,12665,9719,19543,3502,5929,604,88,0,0,236,38810,2644,6072,0,0,0,0,0
661,1532,662.1879741754188,99812,115,38,131,53,39600,20313,0.6002584859535928,63,28,23188,23596,11608,6095,14893,20188,41450,29343,0,0,12610,9695,19564,3492,5940,606,92,0,0,244,38853,2635,6081,0,0,0,0,0
662,1532,663.2698153696858,99812,121,36,131,53,39620,20319,0.6005189756742676,61,31,23237,23648,11560,6076,14888,20154,41488,29398,0,0,12560,9668,19584,3485,5955,608,97,0,0,251,38891,2623,6090,0,0,0,0,0
663,1532,664.3491798646553,99812,120,40,131,53,39639,20330,0.6008195407365848,51,25,23290,23703,11514,6049,14892,20128,41525,29453,0,0,12515,9633,19612,3476,5973,611,101,0,0,260,38923,2617,6091,0,0,0,0,0
664,1532,665.4262673479357,99812,115,39,131,53,39653,20333,0.6009898609385645,59,28,23327,23740,11473,6030,14893,20108,41562,29507,0,0,12469,9605,19631,3468,5987,615,103,0,0,269,38958,2608,6099,0,0,0,0,0
665,1532,666.5012957220459,99812,118,37,131,53,39670,20336,0.6011902376467759,60,28,23396,23808,11406,6002,14887,20070,41599,29561,0,0,12434,9565,19665,3463,5995,619,103,0,0,279,38983,2599,6107,0,0,0,0,0
666,1532,667.037644998976,99812,114,35,131,53,39678,20339,0.6013004448362922,60,27,23410,23826,11374,5993,14909,20064,41635,29615,0,0,12386,9540,19686,3454,6008,620,101,0,0,291,39021,2592,6113,0,0,0,0,0
667,1532,668.1092090922659,99812,114,41,131,53,39695,20348,0.6015609345569671,51,26,23481,23894,11324,5957,14897,20027,41671,29668,0,0,12350,9496,19725,3451,6013,624,107,0,0,297,39045,2582,6122,0,0,0,0,0
668,1532,669.1778622624488,99812,121,42,131,53,39712,20355,0.6018013866068208,49,30,23526,23974,11273,5931,14898,19968,41707,29721,0,0,12311,9463,19750,3444,6026,626,109,0,0,301,39078,2570,6134,0,0,0,0,0
669,1532,670.2438536289702,99812,113,44,131,53,39721,20366,0.6020017633150323,54,29,23587,24025,11216,5911,14897,19936,41742,29774,0,0,12265,9435,19766,3435,6046,628,111,0,0,309,39114,2562,6141,0,0,0,0,0
670,1532,671.3072797800647,99812,118,50,131,53,39738,20377,0.6022822907065283,50,25,23645,24094,11164,5879,14890,19897,41777,29826,0,0,12220,9407,19787,3429,6057,630,112,0,0,317,39150,2554,6149,0,0,0,0,0
671,1532,672.3679851751122,99812,107,47,131,53,39746,20385,0.6024425920730975,54,23,23702,24161,11128,5857,14876,19857,41812,29878,0,0,12174,9380,19804,3420,6077,632,118,0,0,327,39180,2544,6156,0,0,0,0,0
672,1532,673.4265175999907,99812,103,48,131,53,39759,20389,0.6026129122750772,53,24,23753,24235,11084,5833,14874,19805,41846,29930,0,0,12127,9348,19827,3415,6089,635,123,0,0,331,39218,2539,6160,0,0,0,0,0
673,1532,674.4828170787271,99812,95,45,131,53,39768,20393,0.6027431571354146,57,30,23804,24291,11044,5814,14867,19765,41880,29981,0,0,12089,9310,19859,3412,6102,637,124,0,0,340,39246,2532,6161,0,0,0,0,0
674,1532,675.0096457317018,99812,98,45,131,53,39775,20397,0.6028533643249309,56,31,23817,24305,11015,5803,14881,19761,41914,30032,0,0,12044,9279,19886,3411,6107,638,125,0,0,341,39289,2523,6169,0,0,0,0,0
675,1532,676.0630437061858,99812,104,46,131,53,39789,20407,0.6030938163747845,56,30,23873,24353,10955,5788,14879,19728,41948,30083,0,0,12002,9245,19913,3408,6118,639,128,0,0,346,39323,2515,6175,0,0,0,0,0
676,1532,677.1137099631927,99812,108,44,131,53,39809,20414,0.60336432493087,54,34,23929,24406,10907,5770,14869,19691,41981,30133,0,0,11963,9213,19936,3399,6135,642,133,0,0,352,39351,2508,6180,0,0,0,0,0
677,1532,678.1619659445305,99812,96,48,131,53,39817,20420,0.603504588626618,59,35,23992,24453,10860,5744,14860,19665,42014,30183,0,0,11928,9180,19960,3393,6151,643,136,0,0,360,39375,2497,6189,0,0,0,0,0
678,1532,679.2076856666824,99812,100,47,131,53,39836,20427,0.6037650783472929,52,35,24032,24513,10828,5721,14855,19629,42047,30233,0,0,11885,9152,19983,3381,6170,644,142,0,0,366,39406,2489,6194,0,0,0,0,0
679,1532,680.2512028953595,99811,104,50,132,53,39854,20436,0.6040416386971376,55,35,24068,24568,10785,5705,14854,19587,42079,30282,0,0,11851,9123,20003,3374,6184,646,144,0,0,373,39431,2477,6205,0,0,0,0,0
680,1532,681.2932889696334,99811,105,46,132,53,39867,20438,0.6041919227339672,57,40,24145,24646,10736,5680,14823,19533,42111,30331,0,0,11815,9088,20034,3368,6198,647,146,0,0,380,39458,2473,6204,0,0,0,0,0
681,1532,682.3322985959672,99811,111,50,132,53,39883,20448,0.6044524150644719,55,37,24187,24699,10689,5658,14824,19501,42143,30380,0,0,11773,9064,20052,3359,6213,648,147,0,0,386,39493,2465,6211,0,0,0,0,0
682,1532,683.3690552050043,99811,106,47,132,53,39896,20455,0.6046527937802446,57,34,24229,24746,10660,5649,14814,19469,42175,30428,0,0,11739,9028,20077,3354,6230,649,148,0,0,400,39512,2460,6214,0,0,0,0,0
683,1532,684.4040947461327,99811,100,52,132,53,39908,20466,0.6048832293033833,61,38,24284,24812,10621,5621,14800,19422,42206,30476,0,0,11693,9000,20098,3353,6238,653,154,0,0,407,39545,2454,6216,0,0,0,0,0
684,1532,685.4370902591572,99811,96,59,132,53,39919,20483,0.6051637595054653,62,28,24317,24878,10594,5596,14797,19384,42237,30524,0,0,11651,8972,20116,3349,6251,656,157,0,0,415,39576,2447,6221,0,0,0,0,0
685,1532,686.4683895933191,99811,105,47,132,53,39940,20486,0.6054042139643927,60,33,24369,24965,10545,5583,14787,19317,42268,30571,0,0,11609,8940,20140,3343,6264,657,162,0,0,428,39600,2444,6224,0,0,0,0,0
686,1532,687.4976339049866,99811,104,49,132,53,39955,20494,0.6056346494875314,61,33,24412,25019,10511,5557,14778,19287,42298,30618,0,0,11577,8913,20158,3338,6278,660,161,0,0,438,39623,2434,6231,0,0,0,0,0
687,1532,688.0115253181118,99811,110,54,132,53,39964,20500,0.605784933524361,57,30,24413,25030,10482,5547,14804,19284,42328,30665,0,0,11531,8897,20172,3328,6290,661,161,0,0,439,39668,2430,6234,0,0,0,0,0
688,1532,689.0386959109163,99811,108,52,132,53,39975,20506,0.605955255432768,65,30,24471,25079,10440,5529,14782,19255,42358,30712,0,0,11492,8863,20197,3327,6300,662,166,0,0,443,39698,2421,6242,0,0,0,0,0
689,1532,690.0636019823612,99811,108,56,132,53,39992,20516,0.6062257666990613,62,25,24519,25127,10400,5515,14777,19222,42388,30758,0,0,11453,8838,20214,3319,6314,664,170,0,0,452,39724,2413,6250,0,0,0,0,0
690,1532,691.0864572008425,99811,106,50,132,53,40006,20519,0.6063960886074681,65,32,24565,25168,10361,5503,14769,19192,42417,30804,0,0,11408,8817,20228,3310,6331,665,172,0,0,464,39755,2410,6251,0,0,0,0,0
691,1532,692.1074979980043,99811,110,45,132,53,40025,20524,0.6066365430663955,57,34,24611,25223,10329,5489,14759,19154,42446,30850,0,0,11377,8789,20247,3303,6349,666,171,0,0,475,39776,2400,6258,0,0,0,0,0
692,1532,693.1266614584493,99811,110,50,132,53,40045,20537,0.6069671679474207,51,25,24651,25286,10308,5478,14746,19106,42475,30895,0,0,11337,8763,20266,3299,6362,668,174,0,0,484,39804,2390,6264,0,0,0,0,0
693,1532,694.1440054193156,99811,111,48,132,53,40061,20543,0.6071875845347707,51,24,24692,25341,10264,5462,14748,19070,42504,30940,0,0,11304,8732,20290,3292,6376,669,178,0,0,495,39822,2384,6269,0,0,0,0,0
694,1532,695.1597367414863,99811,112,48,132,53,40075,20548,0.6073779443147549,51,32,24743,25394,10217,5444,14743,19027,42532,30985,0,0,11266,8707,20310,3286,6390,671,180,0,0,499,39854,2378,6270,0,0,0,0,0
695,1532,696.1736538252225,99811,109,49,132,53,40085,20554,0.6075382472873732,59,37,24793,25447,10182,5424,14723,18988,42560,31029,0,0,11235,8679,20332,3280,6404,672,180,0,0,507,39877,2371,6274,0,0,0,0,0
696,1532,697.1853365065843,99811,107,47,132,53,40100,20561,0.6077586638747232,63,40,24836,25500,10145,5410,14715,18948,42588,31073,0,0,11196,8654,20353,3278,6412,674,182,0,0,521,39900,2363,6278,0,0,0,0,0
697,1532,698.1950843479791,99811,114,55,132,53,40120,20575,0.608099307691537,52,31,24893,25566,10106,5391,14701,18902,42616,31117,0,0,11160,8627,20375,3275,6421,675,185,0,0,529,39925,2354,6285,0,0,0,0,0
698,1532,699.2024269733403,99811,111,53,132,53,40134,20584,0.6083297432146757,56,32,24952,25643,10065,5372,14682,18845,42643,31161,0,0,11121,8595,20394,3277,6435,675,188,0,0,538,39952,2349,6287,0,0,0,0,0
699,1532,700.2074857887535,99811,109,55,132,53,40148,20595,0.6085802166093918,62,36,25008,25700,10019,5359,14668,18795,42670,31204,0,0,11075,8577,20403,3271,6451,677,193,0,0,545,39986,2345,6288,0,0,0,0,0
700,1532,701.2105412260232,99811,114,59,132,53,40168,20606,0.6088908036188396,58,36,25055,25728,9968,5352,14671,18770,42697,31247,0,0,11027,8558,20415,3265,6463,680,199,0,0,549,40024,2342,6289,0,0,0,0,0
701,1532,702.2111838267581,99811,100,58,132,53,40175,20613,0.6090310687198806,72,40,25088,25790,9938,5338,14668,18719,42724,31290,0,0,10988,8533,20431,3256,6482,681,204,0,0,559,40048,2338,6291,0,0,0,0,0
702,1532,703.2107182062296,99811,105,55,132,53,40187,20620,0.6092214284998647,79,39,25148,25825,9879,5334,14655,18692,42750,31333,0,0,10949,8516,20445,3250,6493,685,206,0,0,563,40081,2331,6292,0,0,0,0,0
703,1532,704.2078714459872,99811,110,61,132,53,40210,20629,0.6095420344451012,77,40,25179,25871,9851,5315,14649,18658,42776,31375,0,0,10914,8498,20456,3241,6505,690,212,0,0,568,40105,2322,6300,0,0,0,0,0
704,1532,705.2033302706814,99811,113,59,132,53,40228,20634,0.60977246996824,73,42,25219,25918,9823,5295,14638,18631,42802,31417,0,0,10877,8477,20472,3232,6520,690,217,0,0,578,40127,2315,6306,0,0,0,0,0
705,1532,706.1972978724652,99811,115,58,132,53,40243,20643,0.6100129244271674,76,44,25266,25981,9786,5272,14623,18590,42828,31459,0,0,10844,8447,20496,3229,6530,692,220,0,0,588,40147,2311,6307,0,0,0,0,0
706,1532,707.1895417188224,99811,117,59,132,53,40261,20653,0.6102934546292493,71,42,25317,26033,9745,5261,14616,18550,42854,31500,0,0,10810,8419,20517,3224,6538,696,227,0,0,597,40165,2306,6312,0,0,0,0,0
707,1532,708.1798442814737,99811,118,56,132,53,40283,20664,0.6106240795102744,65,36,25360,26092,9719,5249,14604,18512,42879,31541,0,0,10776,8405,20522,3211,6560,698,228,0,0,616,40179,2298,6318,0,0,0,0,0
708,1532,709.1685638019756,99811,110,65,132,53,40292,20681,0.610884571840779,70,26,25403,26135,9695,5235,14588,18484,42904,31582,0,0,10746,8380,20540,3203,6575,701,231,0,0,625,40197,2292,6321,0,0,0,0,0
709,1532,710.1556145294196,99811,109,61,132,53,40309,20690,0.6111450641712838,66,29,25444,26191,9669,5227,14578,18437,42929,31623,0,0,10709,8359,20552,3198,6587,705,233,0,0,640,40217,2289,6322,0,0,0,0,0
710,1532,711.1410054497128,99811,114,53,132,53,40325,20691,0.6113153860796906,67,39,25483,26249,9635,5217,14567,18387,42954,31663,0,0,10676,8342,20563,3186,6601,710,236,0,0,648,40239,2286,6324,0,0,0,0,0
711,1532,712.1249006371839,99811,114,58,132,53,40343,20702,0.6116059352175612,66,39,25532,26302,9607,5198,14547,18348,42978,31703,0,0,10648,8315,20586,3178,6616,711,240,0,0,654,40255,2279,6329,0,0,0,0,0
712,1532,713.1069236566038,99811,115,57,132,53,40359,20711,0.6118564086122772,73,36,25586,26350,9572,5191,14520,18311,43002,31743,0,0,10619,8295,20599,3175,6626,712,242,0,0,669,40267,2267,6340,0,0,0,0,0
713,1532,714.086754880282,99810,118,55,132,54,40377,20721,0.6121430718364893,66,34,25638,26390,9534,5193,14510,18272,43026,31783,0,0,10587,8275,20614,3166,6641,714,245,0,0,683,40281,2262,6342,0,0,0,0,0
714,1532,715.0646896418106,99810,115,53,132,54,40393,20729,0.6123835287045386,72,37,25679,26438,9509,5183,14491,18233,43050,31822,0,0,10555,8255,20626,3161,6655,716,247,0,0,698,40296,2255,6346,0,0,0,0,0
715,1532,716.041076840502,99810,113,56,132,54,40407,20738,0.6126139665364192,73,35,25715,26489,9481,5161,14484,18203,43074,31861,0,0,10521,8236,20642,3149,6670,718,252,0,0,706,40317,2251,6348,0,0,0,0,0
716,1532,717.0159699273408,99810,112,55,132,54,40424,20743,0.6128343853321311,72,36,25767,26550,9451,5149,14464,18154,43097,31900,0,0,10491,8221,20650,3134,6688,724,256,0,0,711,40338,2245,6352,0,0,0,0,0
717,1532,718.4746900741293,99810,113,54,132,54,40451,20754,0.6132151087065424,71,37,25848,26628,9410,5132,14424,18093,43120,31939,0,0,10462,8197,20660,3129,6709,727,256,0,0,727,40351,2241,6351,0,0,0,0,0
718,1532,719.4445041726393,99810,125,57,132,54,40472,20762,0.6135056607554353,69,34,25907,26684,9368,5115,14397,18054,43143,31977,0,0,10431,8174,20680,3124,6716,728,258,0,0,735,40372,2238,6354,0,0,0,0,0
719,1532,720.4122655515993,99810,136,56,132,54,40495,20767,0.6137861937681595,64,35,25945,26734,9332,5095,14389,18024,43166,32015,0,0,10398,8155,20696,3120,6726,729,260,0,0,742,40396,2230,6358,0,0,0,0,0
720,1532,721.378419877471,99809,115,61,133,54,40504,20776,0.6139726878337625,71,40,25987,26782,9307,5076,14385,17985,43189,32053,0,0,10368,8130,20714,3116,6737,731,263,0,0,760,40405,2224,6361,0,0,0,0,0
721,1532,722.3430808754692,99809,108,64,133,54,40512,20784,0.6141329940185755,74,41,26026,26833,9274,5058,14383,17948,43212,32091,0,0,10342,8105,20732,3110,6751,731,264,0,0,770,40420,2218,6366,0,0,0,0,0
722,1532,723.3062681031535,99809,115,59,133,54,40528,20791,0.6143634341592441,74,45,26067,26887,9245,5051,14364,17902,43234,32128,0,0,10308,8087,20744,3106,6764,731,266,0,0,780,40442,2214,6367,0,0,0,0,0
723,1532,724.2679099569044,99809,110,60,133,54,40542,20799,0.614583855163362,81,43,26103,26947,9221,5034,14350,17860,43256,32165,0,0,10273,8073,20750,3100,6779,733,266,0,0,791,40465,2210,6369,0,0,0,0,0
724,1532,725.2281894112333,99809,111,61,133,54,40562,20804,0.6148343335771324,74,48,26149,27001,9199,5015,14332,17819,43278,32202,0,0,10232,8050,20761,3105,6787,734,271,0,0,793,40499,2204,6373,0,0,0,0,0
725,1532,726.186924895938,99809,119,61,133,54,40580,20812,0.6150948311274534,66,53,26199,27054,9154,5002,14327,17774,43300,32239,0,0,10207,8029,20776,3097,6802,736,271,0,0,800,40517,2199,6375,0,0,0,0,0
726,1532,727.1438786347828,99809,107,70,133,54,40596,20827,0.6154054243605286,66,45,26239,27103,9137,4981,14316,17745,43322,32275,0,0,10184,7994,20793,3097,6818,738,275,0,0,809,40527,2194,6380,0,0,0,0,0
727,1532,728.0994469133677,99809,109,68,133,54,40613,20836,0.6156659219108497,70,43,26290,27144,9107,4978,14289,17711,43343,32311,0,0,10158,7975,20805,3093,6834,740,274,0,0,820,40543,2187,6380,0,0,0,0,0
728,1532,729.0531398600865,99809,110,63,133,54,40630,20843,0.6159063811880692,78,44,26338,27187,9063,4975,14276,17675,43364,32347,0,0,10139,7951,20821,3088,6844,744,276,0,0,835,40545,2179,6387,0,0,0,0,0
729,1532,730.0049173051913,99809,113,59,133,54,40646,20849,0.6161268021921871,78,47,26385,27255,9037,4958,14252,17625,43385,32383,0,0,10112,7937,20829,3082,6857,745,276,0,0,849,40558,2169,6395,0,0,0,0,0
730,1532,731.4291588435076,99809,118,67,133,54,40666,20875,0.6165876824735245,74,30,26456,27352,8999,4941,14218,17554,43406,32419,0,0,10082,7913,20845,3082,6868,746,282,0,0,861,40570,2159,6401,0,0,0,0,0
731,1532,732.3766756374855,99809,116,68,133,54,40675,20882,0.6167479886583375,77,35,26513,27412,8963,4930,14196,17499,43427,32454,0,0,10053,7894,20857,3080,6879,747,281,0,0,868,40593,2154,6403,0,0,0,0,0
732,1532,733.3223354349112,99809,113,68,133,54,40687,20891,0.6169583905259045,79,33,26550,27459,8937,4918,14186,17466,43448,32489,0,0,10021,7873,20871,3078,6890,748,286,0,0,876,40612,2148,6406,0,0,0,0,0
733,1532,734.2664970644719,99809,117,67,133,54,40708,20899,0.617248945485878,71,42,26605,27494,8905,4902,14167,17439,43468,32524,0,0,9990,7855,20885,3077,6898,752,290,0,0,885,40630,2141,6406,0,0,0,0,0
734,1532,735.2089058286354,99809,113,72,133,54,40722,20910,0.6174994238996483,76,47,26636,27540,8878,4883,14162,17402,43488,32559,0,0,9970,7823,20911,3079,6904,753,292,0,0,894,40639,2132,6412,0,0,0,0,0
735,1532,736.1497575208657,99809,118,75,133,54,40743,20926,0.6178701319520283,67,35,26665,27603,8855,4875,14160,17356,43508,32593,0,0,9943,7801,20925,3070,6921,754,294,0,0,909,40649,2132,6411,0,0,0,0,0
736,1532,737.0896807041895,99809,105,74,133,54,40754,20935,0.6180705146830446,68,32,26722,27648,8833,4867,14137,17323,43528,32627,0,0,9912,7783,20939,3066,6935,758,298,0,0,921,40664,2127,6406,0,0,0,0,0
737,1532,738.0277843080584,99809,121,72,133,54,40784,20942,0.6184412227354247,60,32,26755,27684,8801,4862,14128,17294,43548,32661,0,0,9876,7768,20946,3062,6946,760,301,0,0,929,40689,2124,6408,0,0,0,0,0
738,1532,739.432550786374,99809,110,61,133,54,40811,20952,0.6188119307878047,59,31,26815,27767,8786,4866,14095,17219,43568,32695,0,0,9851,7737,20955,3070,6962,764,304,0,0,953,40687,2115,6411,0,0,0,0,0
739,1532,740.367425129333,99809,115,55,133,54,40827,20957,0.6190223326553718,63,30,26850,27821,8764,4858,14073,17180,43587,32729,0,0,9826,7719,20970,3065,6965,771,308,0,0,963,40698,2110,6414,0,0,0,0,0
740,1532,741.3010778378025,99809,119,60,133,54,40845,20968,0.6193128876153453,61,23,26889,27885,8740,4843,14056,17133,43606,32762,0,0,9799,7697,20986,3063,6971,774,311,0,0,971,40714,2107,6416,0,0,0,0,0
741,1532,742.2335003879666,99809,115,60,133,54,40859,20974,0.6195132703463615,60,24,26931,27944,8709,4827,14050,17089,43625,32795,0,0,9778,7676,21002,3059,6979,777,314,0,0,985,40718,2101,6420,0,0,0,0,0
742,1532,743.1646771927781,99808,110,61,134,54,40871,20985,0.6197499198461045,64,20,26968,27982,8683,4823,14039,17058,43644,32828,0,0,9749,7656,21015,3058,6990,777,316,0,0,996,40734,2094,6423,0,0,0,0,0
743,1532,744.0070939154464,99808,106,55,134,54,40883,20987,0.6198901891631934,70,23,26998,28032,8667,4807,14023,17027,43663,32861,0,0,9725,7634,21029,3059,6998,778,315,0,0,1009,40746,2087,6428,0,0,0,0,0
744,1532,745.3993926184736,99808,105,46,134,54,40903,20993,0.6201506893235011,68,32,27071,28116,8630,4797,13990,16953,43682,32894,0,0,9704,7609,21047,3051,7015,780,320,0,0,1027,40744,2084,6427,0,0,0,0,0
745,1532,746.3256167676229,99808,106,44,134,54,40919,20997,0.6203510740621995,78,33,27097,28162,8603,4782,13980,16923,43701,32926,0,0,9677,7587,21062,3051,7021,782,322,0,0,1036,40760,2080,6430,0,0,0,0,0
746,1532,747.2507964280526,99808,117,49,134,54,40941,21009,0.6206917281179866,68,32,27139,28207,8572,4769,13968,16887,43719,32958,0,0,9647,7576,21071,3045,7027,785,325,0,0,1045,40778,2074,6435,0,0,0,0,0
747,1532,748.1744328835276,99808,117,49,134,54,40954,21015,0.6208820936197499,73,34,27171,28262,8546,4749,13957,16850,43737,32990,0,0,9615,7558,21084,3043,7035,785,328,0,0,1053,40799,2071,6437,0,0,0,0,0
748,1532,749.0969206503556,99808,122,52,134,54,40975,21020,0.6211425937800578,67,35,27213,28303,8528,4731,13934,16823,43755,33022,0,0,9592,7545,21092,3031,7047,791,330,0,0,1058,40815,2068,6439,0,0,0,0,0
749,1532,750.0179891331952,99808,124,57,134,54,40989,21034,0.6214231324142353,70,26,27256,28356,8499,4721,13915,16784,43773,33054,0,0,9566,7532,21094,3025,7063,793,330,0,0,1066,40833,2064,6442,0,0,0,0,0
750,1532,751.3969206949937,99808,129,54,134,54,41018,21040,0.6217738057069574,62,39,27333,28424,8460,4711,13880,16716,43791,33085,0,0,9540,7516,21102,3019,7081,794,332,0,0,1082,40841,2060,6441,0,0,0,0,0
751,1532,752.3139664802189,99808,134,55,134,54,41036,21048,0.6220343058672652,67,38,27363,28459,8435,4703,13865,16689,43809,33116,0,0,9519,7490,21121,3017,7089,796,336,0,0,1088,40852,2056,6444,0,0,0,0,0
752,1532,753.2299604642692,99808,130,57,134,54,41047,21057,0.6222346906059635,73,30,27395,28511,8412,4697,13854,16649,43827,33147,0,0,9495,7471,21135,3014,7097,798,338,0,0,1099,40863,2051,6447,0,0,0,0,0
753,1532,754.14480607445,99808,124,51,134,54,41060,21061,0.622405017633857,78,40,27439,28544,8399,4690,13824,16619,43844,33178,0,0,9466,7449,21151,3012,7103,802,345,0,0,1107,40877,2048,6448,0,0,0,0,0
754,1532,755.05841886852,99808,111,57,134,54,41070,21069,0.6225853638986855,89,40,27472,28585,8383,4679,13809,16583,43861,33209,0,0,9439,7433,21160,3008,7118,804,348,0,0,1113,40895,2043,6447,0,0,0,0,0
755,1532,756.4261511406477,99808,118,63,134,54,41098,21079,0.6229660949022122,83,44,27532,28656,8346,4662,13785,16519,43878,33239,0,0,9410,7416,21171,3004,7131,804,353,0,0,1122,40909,2040,6448,0,0,0,0,0
756,1532,757.3363492982215,99808,125,68,134,54,41118,21090,0.6232766912471946,73,40,27565,28699,8332,4646,13769,16491,43895,33269,0,0,9385,7404,21178,2998,7142,806,353,0,0,1132,40924,2036,6450,0,0,0,0,0
757,1532,758.2453704101247,99808,129,62,134,54,41137,21096,0.6235271721705675,71,42,27601,28736,8312,4643,13751,16461,43912,33299,0,0,9366,7379,21196,2999,7151,808,354,0,0,1143,40931,2030,6451,0,0,0,0,0
758,1532,759.1533607787836,99808,127,70,134,54,41153,21108,0.6238077108047451,76,37,27645,28772,8286,4630,13730,16435,43929,33329,0,0,9346,7360,21208,2995,7163,810,354,0,0,1152,40942,2025,6453,0,0,0,0,0
759,1532,760.0599215849863,99808,128,76,134,54,41168,21120,0.6240782302019878,80,34,27672,28811,8262,4621,13722,16402,43946,33359,0,0,9326,7344,21217,2985,7181,811,355,0,0,1159,40954,2021,6455,0,0,0,0,0
760,1532,761.417683553851,99808,125,78,134,54,41192,21137,0.6244890189163194,88,37,27741,28891,8232,4610,13678,16328,43962,33388,0,0,9307,7321,21229,2983,7194,815,357,0,0,1177,40953,2015,6457,0,0,0,0,0
761,1532,762.3209141584186,99808,127,73,134,54,41213,21140,0.6247294806027573,80,41,27772,28933,8219,4603,13666,16294,43978,33417,0,0,9277,7306,21238,2983,7206,815,364,0,0,1185,40968,2008,6458,0,0,0,0,0
762,1532,763.2230640179399,99808,128,75,134,54,41229,21149,0.6249799615261302,80,41,27791,28975,8212,4588,13653,16265,43994,33446,0,0,9254,7292,21249,2978,7213,819,368,0,0,1190,40981,1999,6465,0,0,0,0,0
763,1532,764.124594350778,99808,139,80,134,54,41249,21160,0.6252905578711125,83,42,27818,29025,8191,4575,13633,16222,44010,33475,0,0,9230,7276,21263,2975,7216,822,372,0,0,1197,40994,1996,6467,0,0,0,0,0
764,1532,765.0251196308917,99808,143,87,134,54,41265,21175,0.6256011542160949,84,32,27867,29077,8161,4562,13609,16186,44026,33504,0,0,9214,7257,21274,2967,7235,822,371,0,0,1205,41002,1994,6467,0,0,0,0,0
765,1532,766.373121718815,99808,139,80,134,54,41293,21190,0.6260319814042963,86,30,27931,29147,8154,4560,13554,16127,44042,33533,0,0,9185,7234,21283,2970,7250,825,377,0,0,1228,41002,1992,6462,0,0,0,0,0
766,1532,767.2700377608702,99808,137,79,134,54,41307,21201,0.6262824623276692,92,29,27955,29198,8145,4551,13535,16087,44058,33561,0,0,9164,7216,21298,2964,7259,827,386,0,0,1238,41003,1983,6470,0,0,0,0,0
767,1532,768.166123065021,99808,139,75,134,54,41328,21206,0.6265429624879769,86,27,27994,29256,8128,4542,13517,16044,44074,33589,0,0,9138,7203,21303,2962,7271,829,385,0,0,1253,41015,1981,6468,0,0,0,0,0
768,1532,769.0610910581951,99808,131,66,134,54,41344,21214,0.6267834241744149,80,32,28033,29309,8121,4544,13499,15993,44089,33617,0,0,9114,7186,21307,2956,7292,832,390,0,0,1265,41021,1978,6467,0,0,0,0,0
769,1532,770.401520082933,99808,142,65,134,54,41374,21228,0.6272242705995511,82,30,28082,29386,8096,4544,13462,15919,44104,33645,0,0,9092,7168,21316,2953,7306,833,393,0,0,1283,41022,1975,6467,0,0,0,0,0
770,1532,771.2937084023398,99808,148,62,134,54,41399,21232,0.6275148284706636,72,32,28133,29439,8067,4532,13444,15879,44119,33673,0,0,9072,7148,21326,2952,7318,837,395,0,0,1290,41033,1973,6464,0,0,0,0,0
771,1532,772.1844166728379,99808,153,62,134,54,41419,21237,0.6277653093940365,74,38,28178,29489,8049,4512,13410,15843,44134,33701,0,0,9050,7132,21332,2952,7329,839,397,0,0,1295,41048,1968,6466,0,0,0,0,0
772,1532,773.073696734703,99808,155,63,134,54,41438,21244,0.6280258095543444,75,37,28200,29541,8026,4505,13408,15798,44149,33728,0,0,9030,7114,21341,2951,7338,841,397,0,0,1305,41058,1964,6469,0,0,0,0,0
773,1532,774.4058935406808,99808,146,63,134,54,41461,21256,0.6283764828470664,79,42,28251,29597,8018,4495,13370,15747,44164,33755,0,0,9003,7093,21343,2960,7353,843,401,0,0,1316,41069,1957,6470,0,0,0,0,0
774,1532,775.2926188048199,99808,136,67,134,54,41473,21267,0.6286069252965694,84,41,28276,29624,8002,4489,13366,15723,44179,33782,0,0,8976,7078,21346,2962,7368,843,404,0,0,1323,41085,1952,6471,0,0,0,0,0
775,1532,776.1784500333551,99808,135,66,134,54,41488,21276,0.6288473869830074,84,41,28303,29660,7992,4479,13350,15698,44194,33809,0,0,8954,7062,21350,2959,7385,843,407,0,0,1328,41098,1945,6477,0,0,0,0,0
776,1532,777.0636142223517,99808,138,64,134,54,41506,21284,0.6291078871433151,88,51,28332,29695,7976,4474,13330,15660,44209,33836,0,0,8933,7051,21353,2947,7402,846,410,0,0,1337,41107,1942,6480,0,0,0,0,0
777,1532,778.3893100540345,99808,135,65,134,54,41530,21298,0.629488618146842,93,49,28393,29763,7950,4468,13293,15599,44223,33863,0,0,8907,7034,21359,2946,7411,850,416,0,0,1354,41110,1938,6483,0,0,0,0,0
778,1532,779.2715496420261,99808,140,73,134,54,41548,21313,0.6298192529656942,93,40,28427,29804,7935,4457,13269,15570,44237,33889,0,0,8884,7020,21366,2944,7422,851,418,0,0,1361,41124,1935,6483,0,0,0,0,0
779,1532,780.1527554189178,99808,138,76,134,54,41566,21324,0.6301098108368066,88,39,28457,29840,7915,4453,13266,15536,44251,33915,0,0,8859,7006,21375,2943,7430,854,422,0,0,1373,41133,1932,6481,0,0,0,0,0
780,1532,781.0331640434869,99808,143,72,134,54,41591,21329,0.6304103879448542,79,46,28485,29886,7906,4446,13251,15494,44265,33941,0,0,8836,6991,21380,2941,7442,856,423,0,0,1386,41142,1930,6481,0,0,0,0,0
781,1532,782.351836585492,99807,140,65,134,55,41612,21339,0.6307273036961335,81,52,28534,29954,7886,4440,13223,15432,44279,33967,0,0,8815,6981,21379,2935,7457,861,425,0,0,1403,41143,1924,6484,0,0,0,0,0
782,1532,783.2296305212449,99806,137,71,135,55,41632,21353,0.6310742841111757,87,46,28569,30008,7875,4425,13195,15393,44293,33993,0,0,8796,6964,21384,2930,7471,865,428,0,0,1412,41149,1921,6486,0,0,0,0,0
783,1532,784.1065110586362,99806,140,71,135,55,41649,21364,0.631354828367032,82,45,28598,30068,7849,4416,13194,15343,44307,34019,0,0,8779,6944,21392,2931,7481,869,430,0,0,1418,41158,1917,6487,0,0,0,0,0
784,1532,785.4200789706988,99806,134,65,135,55,41673,21378,0.63173556699998,82,43,28646,30141,7835,4413,13166,15281,44321,34044,0,0,8756,6927,21396,2930,7498,870,438,0,0,1442,41149,1911,6489,0,0,0,0,0
785,1532,786.2945755906645,99806,143,63,135,55,41693,21385,0.6320060918181272,78,44,28672,30178,7816,4407,13154,15251,44335,34069,0,0,8731,6918,21398,2931,7502,872,439,0,0,1454,41161,1907,6493,0,0,0,0,0
786,1532,787.1681253295853,99806,132,65,135,55,41701,21395,0.632186441696892,85,41,28706,30217,7801,4398,13139,15222,44349,34094,0,0,8708,6899,21409,2932,7510,875,444,0,0,1459,41171,1905,6494,0,0,0,0,0
787,1532,788.040885988168,99806,130,58,135,55,41716,21402,0.6324068693264934,86,40,28745,30262,7791,4392,13111,15191,44362,34119,0,0,8690,6886,21411,2932,7523,878,444,0,0,1469,41177,1898,6498,0,0,0,0,0
788,1532,789.3477124923468,99806,129,60,135,55,41737,21417,0.632767569084023,93,33,28811,30321,7770,4390,13060,15139,44375,34144,0,0,8668,6873,21416,2928,7535,882,449,0,0,1484,41179,1895,6497,0,0,0,0,0
789,1532,790.217223244383,99806,128,60,135,55,41751,21425,0.6329879967136244,91,32,28846,30355,7752,4383,13046,15113,44388,34169,0,0,8651,6863,21421,2920,7549,884,449,0,0,1496,41184,1891,6498,0,0,0,0,0
790,1532,791.0857644940543,99806,132,59,135,55,41771,21431,0.6332485020940625,87,32,28882,30412,7734,4365,13028,15075,44401,34194,0,0,8634,6847,21431,2922,7554,887,451,0,0,1504,41190,1883,6503,0,0,0,0,0
791,1532,792.3863516757588,99806,126,48,135,55,41792,21436,0.6335090074745006,87,34,28971,30474,7702,4365,12977,15022,44414,34218,0,0,8612,6834,21431,2918,7575,890,454,0,0,1520,41193,1881,6498,0,0,0,0,0
792,1532,793.2514410520887,99806,133,48,135,55,41809,21444,0.6337594934172295,79,35,29017,30505,7675,4356,12959,14999,44427,34242,0,0,8597,6822,21440,2914,7580,894,453,0,0,1531,41198,1877,6500,0,0,0,0,0
793,1532,794.1152081352622,99806,134,49,135,55,41824,21449,0.6339598821714125,73,35,29048,30534,7664,4344,12944,14981,44440,34266,0,0,8582,6810,21446,2909,7592,896,452,0,0,1540,41205,1874,6500,0,0,0,0,0
794,1532,795.4088199697545,99806,134,50,135,55,41849,21458,0.6343005430535238,68,32,29095,30615,7656,4316,12910,14930,44453,34290,0,0,8561,6797,21446,2904,7610,898,458,0,0,1551,41209,1871,6501,0,0,0,0,0
795,1532,796.2700585474965,99806,131,47,135,55,41861,21460,0.634440815181452,66,39,29134,30648,7643,4308,12889,14901,44466,34314,0,0,8546,6784,21453,2900,7623,899,458,0,0,1560,41214,1867,6502,0,0,0,0,0
796,1532,797.1303658450636,99806,134,49,135,55,41879,21465,0.6346712622487626,65,39,29160,30691,7632,4290,12872,14874,44479,34338,0,0,8528,6767,21462,2900,7631,900,461,0,0,1564,41225,1862,6506,0,0,0,0,0
797,1532,798.4190509499575,99806,130,55,135,55,41904,21480,0.6350720397571288,60,37,29200,30746,7626,4272,12847,14833,44492,34362,0,0,8512,6748,21470,2899,7643,903,464,0,0,1582,41220,1858,6507,0,0,0,0,0
798,1532,799.2772879151066,99806,124,58,135,55,41921,21490,0.635342564575276,57,33,29243,30768,7618,4270,12821,14814,44504,34385,0,0,8498,6733,21472,2897,7664,904,465,0,0,1590,41225,1853,6505,0,0,0,0,0
799,1532,800.1344112809467,99806,124,60,135,55,41936,21501,0.6356030699557141,52,27,29293,30805,7590,4267,12804,14784,44516,34408,0,0,8483,6716,21480,2896,7674,906,467,0,0,1600,41228,1850,6506,0,0,0,0,0
800,1532,801.4177018164629,99806,112,56,135,55,41949,21511,0.6358335170230247,51,31,29351,30851,7583,4267,12766,14738,44528,34431,0,0,8463,6709,21476,2893,7691,908,469,0,0,1620,41226,1844,6507,0,0,0,0,0
801,1532,802.27185809333,99806,106,53,135,55,41960,21517,0.6360038474640803,44,33,29389,30885,7565,4263,12759,14709,44540,34454,0,0,8448,6695,21481,2896,7702,910,466,0,0,1631,41231,1840,6506,0,0,0,0,0
802,1532,803.1250579770109,99806,105,53,135,55,41968,21523,0.6361441195920085,50,34,29439,30915,7536,4253,12733,14688,44552,34477,0,0,8431,6686,21486,2892,7708,912,467,0,0,1639,41239,1836,6510,0,0,0,0,0
803,1532,804.4022796654049,99806,94,62,135,55,41980,21541,0.6364447027232831,52,23,29489,30983,7518,4242,12710,14633,44564,34500,0,0,8416,6674,21490,2886,7726,913,467,0,0,1654,41239,1832,6509,0,0,0,0,0
804,1532,805.252515804939,99806,90,62,135,55,41988,21545,0.636564935975793,52,20,29531,31032,7500,4231,12690,14598,44576,34523,0,0,8403,6662,21498,2882,7731,918,469,0,0,1660,41244,1827,6512,0,0,0,0,0
805,1532,806.1016873613655,99806,85,56,135,55,41999,21548,0.6367052081037212,49,21,29573,31065,7476,4228,12680,14573,44588,34545,0,0,8387,6649,21506,2878,7739,922,472,0,0,1671,41246,1824,6512,0,0,0,0,0
806,1532,807.0895967398329,99806,86,57,135,55,42007,21555,0.6368554996693585,46,18,29608,31093,7456,4226,12667,14549,44600,34567,0,0,8366,6640,21510,2873,7748,923,475,0,0,1675,41260,1822,6514,0,0,0,0,0
807,1532,808.0730862088647,99806,92,55,135,55,42022,21560,0.6370558884235417,40,18,29646,31139,7436,4222,12649,14509,44612,34589,0,0,8345,6630,21516,2871,7757,924,478,0,0,1679,41274,1818,6514,0,0,0,0,0
808,1532,809.2830570644574,99806,84,50,135,55,42034,21564,0.6372161994268881,42,17,29687,31199,7428,4214,12622,14463,44624,34611,0,0,8318,6618,21521,2870,7763,926,484,0,0,1690,41284,1816,6516,0,0,0,0,0
809,1532,810.057681827386,99806,83,52,135,55,42044,21570,0.6373765104302347,45,17,29711,31259,7407,4197,12617,14418,44635,34633,0,0,8298,6612,21522,2868,7769,928,485,0,0,1696,41297,1810,6521,0,0,0,0,0
810,1532,811.2534196227158,99806,83,50,135,55,42057,21573,0.6375368214335811,41,19,29750,31314,7391,4189,12598,14371,44646,34655,0,0,8280,6600,21529,2869,7774,931,485,0,0,1702,41308,1807,6521,0,0,0,0,0
811,1532,812.1130495746443,99806,79,41,135,55,42066,21576,0.637657054686091,43,20,29808,31368,7372,4184,12561,14330,44657,34677,0,0,8262,6589,21534,2871,7781,933,485,0,0,1713,41314,1802,6522,0,0,0,0,0
812,1532,813.3060653536846,99806,80,44,135,55,42077,21580,0.6378073462517283,39,19,29838,31411,7359,4167,12547,14302,44668,34699,0,0,8249,6578,21542,2864,7794,934,484,0,0,1716,41325,1800,6520,0,0,0,0,0
813,1532,814.1940260266855,99806,69,45,135,55,42082,21583,0.6378875017534016,41,19,29881,31480,7344,4155,12528,14244,44679,34720,0,0,8235,6571,21545,2857,7803,938,483,0,0,1724,41331,1797,6522,0,0,0,0,0
814,1532,815.1288805694195,99806,73,47,135,55,42100,21589,0.6381279682584213,34,26,29934,31525,7321,4141,12501,14204,44690,34741,0,0,8220,6560,21550,2856,7809,942,480,0,0,1731,41341,1795,6522,0,0,0,0,0
815,1532,816.3857000597774,99806,70,46,135,55,42107,21596,0.6382682403863496,35,23,29998,31586,7288,4130,12472,14158,44701,34762,0,0,8207,6547,21559,2855,7817,942,479,0,0,1743,41343,1791,6523,0,0,0,0,0
816,1532,817.2220775641973,99806,69,46,135,55,42114,21600,0.6383784542011502,34,25,30035,31623,7269,4119,12456,14130,44712,34783,0,0,8189,6540,21561,2848,7828,943,480,0,0,1747,41356,1789,6525,0,0,0,0,0
817,1532,818.0502739757972,99806,74,49,135,55,42124,21607,0.6385487846422059,38,21,30079,31662,7235,4111,12437,14100,44723,34804,0,0,8179,6530,21567,2839,7840,944,480,0,0,1751,41362,1786,6528,0,0,0,0,0
818,1532,819.3056274297456,99806,77,47,135,55,42140,21614,0.6387792317095164,32,18,30130,31717,7211,4107,12413,14054,44734,34825,0,0,8167,6515,21574,2838,7848,946,477,0,0,1765,41363,1785,6528,0,0,0,0,0
819,1532,820.3774067178059,99806,69,42,135,55,42146,21621,0.6389094843997355,34,22,30198,31803,7181,4095,12381,13981,44745,34846,0,0,8149,6503,21579,2836,7856,948,478,0,0,1780,41365,1784,6528,0,0,0,0,0
820,1532,821.2081899945882,99806,67,39,135,55,42154,21624,0.6390196982145362,34,21,30239,31849,7159,4088,12364,13946,44756,34867,0,0,8134,6492,21586,2833,7860,951,478,0,0,1791,41369,1783,6529,0,0,0,0,0
821,1532,822.0379951188074,99806,70,45,135,55,42164,21632,0.639200048093301,32,19,30278,31892,7136,4076,12347,13911,44767,34887,0,0,8122,6483,21592,2827,7869,952,480,0,0,1792,41377,1778,6534,0,0,0,0,0
822,1532,823.3901622364319,99806,71,41,135,55,42171,21639,0.6393403202212292,32,19,30324,31937,7111,4068,12325,13878,44778,34907,0,0,8107,6474,21599,2827,7870,955,476,0,0,1805,41382,1775,6536,0,0,0,0,0
823,1532,824.0653043143304,99806,74,38,135,55,42178,21643,0.6394505340360299,34,18,30346,31966,7094,4065,12315,13856,44788,34927,0,0,8094,6464,21606,2823,7875,957,476,0,0,1812,41388,1773,6538,0,0,0,0,0
824,1532,825.013313232005,99806,75,39,135,55,42190,21649,0.6396308839147947,33,18,30421,32040,7055,4048,12279,13798,44798,34947,0,0,8078,6454,21614,2824,7875,959,477,0,0,1823,41392,1768,6542,0,0,0,0,0
825,1532,826.0161017937161,99806,78,41,135,55,42205,21654,0.6398312726689778,28,14,30462,32085,7044,4039,12251,13764,44808,34967,0,0,8063,6442,21618,2825,7878,964,477,0,0,1827,41403,1767,6542,0,0,0,0,0
826,1532,827.012331347178,99806,76,36,135,55,42206,21657,0.6398713504198145,32,16,30506,32118,7020,4033,12229,13740,44818,34987,0,0,8048,6431,21626,2822,7885,964,477,0,0,1834,41411,1766,6542,0,0,0,0,0
827,1532,828.0209895288019,99806,69,40,135,55,42213,21665,0.6400216419854518,27,17,30526,32155,7015,4018,12226,13713,44828,35007,0,0,8035,6423,21631,2814,7894,967,479,0,0,1843,41413,1763,6544,0,0,0,0,0
828,1532,829.2954593823085,99806,57,39,135,55,42220,21670,0.6401418752379616,34,19,30603,32227,7003,4003,12166,13655,44838,35027,0,0,8016,6411,21636,2813,7904,970,481,0,0,1848,41423,1762,6542,0,0,0,0,0
829,1532,830.1868010092519,99806,49,38,135,55,42225,21672,0.6402120113019257,37,19,30651,32271,6982,3993,12144,13622,44848,35047,0,0,8004,6402,21639,2806,7919,970,481,0,0,1854,41429,1758,6544,0,0,0,0,0
830,1532,831.1163065020844,99806,44,41,135,55,42227,21676,0.6402721279281807,39,17,30671,32304,6972,3979,12137,13602,44858,35066,0,0,7988,6395,21645,2804,7922,971,483,0,0,1858,41439,1753,6548,0,0,0,0,0
831,1532,832.3073909934984,99806,49,39,135,55,42241,21681,0.6404624972446546,34,23,30761,32383,6950,3961,12069,13537,44868,35085,0,0,7976,6384,21652,2799,7933,973,484,0,0,1862,41445,1751,6547,0,0,0,0,0
832,1532,833.1232233258844,99806,49,41,135,55,42248,21685,0.6405727110594553,34,22,30794,32422,6927,3951,12059,13507,44878,35104,0,0,7966,6373,21661,2793,7939,975,483,0,0,1868,41450,1750,6548,0,0,0,0,0
833,1532,834.345151354864,99806,50,41,135,55,42257,21692,0.6407330220628018,38,19,30832,32490,6910,3934,12033,13459,44888,35123,0,0,7956,6361,21668,2790,7945,978,482,0,0,1876,41453,1748,6549,0,0,0,0,0
834,1532,835.1533983871475,99806,52,44,135,55,42264,21696,0.6408432358776025,36,15,30843,32510,6900,3930,12032,13444,44898,35142,0,0,7937,6357,21672,2786,7950,978,481,0,0,1882,41467,1747,6549,0,0,0,0,0
835,1532,836.2898379885436,99806,54,39,135,55,42272,21701,0.6409734885678215,40,14,30889,32558,6862,3931,12018,13401,44908,35161,0,0,7921,6346,21677,2786,7953,981,482,0,0,1889,41475,1745,6551,0,0,0,0,0
836,1532,837.263056935142,99806,62,38,135,55,42286,21703,0.6411337995711681,33,15,30920,32600,6844,3915,12004,13375,44918,35180,0,0,7907,6334,21684,2785,7960,981,481,0,0,1892,41487,1743,6552,0,0,0,0,0
837,1532,838.0203373584292,99806,63,37,135,55,42295,21706,0.641254032823678,32,19,30960,32630,6826,3910,11982,13347,44927,35199,0,0,7890,6326,21687,2781,7969,982,481,0,0,1896,41500,1743,6551,0,0,0,0,0
838,1532,839.1500606946909,99806,59,42,135,55,42303,21713,0.6414043243893153,35,18,31019,32681,6802,3899,11948,13303,44936,35218,0,0,7881,6310,21699,2781,7971,984,482,0,0,1904,41500,1740,6554,0,0,0,0,0
839,1532,840.1083650618916,99806,65,38,135,55,42317,21718,0.6415946937057893,35,22,31096,32739,6768,3893,11899,13251,44945,35236,1,1,7869,6301,21700,2774,7985,985,483,0,0,1909,41505,1738,6555,0,0,1,0,1
840,1532,841.3184746029925,99806,62,39,135,55,42324,21723,0.6417149269582991,41,22,31136,32794,6749,3878,11875,13210,44954,35254,2,2,7856,6289,21707,2773,7990,986,485,0,0,1915,41508,1735,6558,0,0,1,0,3
841,1532,842.1241801214709,99806,59,40,135,55,42331,21726,0.6418151213353906,44,25,31167,32835,6732,3866,11861,13177,44963,35272,3,3,7842,6279,21713,2772,7996,987,485,0,0,1919,41517,1732,6558,0,0,2,0,4
842,1532,843.3312647302744,99806,54,40,135,55,42339,21732,0.6419553934633189,47,30,31221,32886,6713,3858,11828,13129,44972,35290,4,4,7829,6270,21714,2770,8005,989,486,0,0,1924,41523,1726,6563,0,0,2,0,5
843,1532,844.134813023657,99806,61,37,135,55,42348,21736,0.6420856461535379,45,30,31264,32925,6690,3846,11803,13105,44981,35308,6,5,7822,6255,21725,2767,8012,989,486,0,0,1928,41523,1724,6565,0,0,3,0,7
844,1532,845.3381584706922,99806,62,35,135,55,42365,21740,0.6422960543454301,41,34,31306,32992,6674,3827,11780,13055,44990,35326,8,6,7807,6243,21729,2766,8023,990,488,0,0,1934,41527,1723,6563,1,1,3,0,8
845,1532,846.1394209755249,99806,69,44,135,55,42376,21753,0.6425365208504499,37,24,31331,33033,6658,3818,11768,13024,44999,35344,11,8,7794,6237,21732,2761,8027,991,487,0,0,1942,41532,1721,6565,1,1,6,0,9
846,1532,847.3400618752552,99806,69,48,135,55,42391,21761,0.6427669679177604,33,20,31374,33092,6645,3806,11742,12977,45008,35362,15,10,7780,6228,21737,2759,8034,993,487,0,0,1952,41531,1719,6563,1,1,7,0,14
847,1532,848.1397106692635,99806,73,44,135,55,42400,21763,0.6428771817325611,33,24,31407,33106,6623,3801,11727,12968,45017,35380,20,12,7767,6220,21741,2755,8040,995,488,0,0,1958,41533,1717,6564,1,1,8,0,18
848,1532,849.3374341389655,99806,61,45,135,55,42408,21773,0.643057531611326,36,20,31473,33164,6595,3790,11698,12924,45026,35398,26,15,7752,6210,21735,2753,8050,1000,490,0,0,1968,41534,1715,6564,1,1,14,0,19
849,1532,850.2866253257058,99806,59,45,135,55,42416,21778,0.643187784301545,39,24,31521,33187,6570,3782,11674,12905,45035,35415,33,18,7737,6205,21734,2747,8057,1003,493,0,0,1973,41535,1714,6563,2,2,18,0,23
850,1532,851.0824664760046,99806,61,45,135,55,42421,21783,0.6432879786786365,45,22,31554,33207,6546,3778,11657,12891,45044,35432,41,21,7721,6199,21736,2746,8057,1006,494,0,0,1977,41541,1711,6564,3,3,21,0,27
851,1532,852.2746551134286,99806,62,47,135,55,42435,21791,0.643508406308238,46,23,31601,33234,6525,3774,11629,12865,45053,35449,50,25,7709,6185,21741,2750,8060,1009,497,0,0,1981,41537,1705,6566,4,3,24,0,35
852,1532,853.0684996905974,99806,68,50,135,55,42443,21796,0.643638658998457,42,25,31632,33257,6495,3763,11626,12848,45062,35466,61,29,7698,6179,21740,2743,8065,1012,497,0,0,1983,41538,1704,6567,4,3,30,0,43
853,1532,854.2576884226144,99806,69,52,135,55,42453,21802,0.6437989700018035,46,22,31683,33307,6470,3750,11595,12812,45071,35483,73,34,7683,6168,21741,2743,8068,1014,499,0,0,1989,41538,1702,6567,6,3,35,0,50
854,1532,855.0493559985202,99806,66,50,135,55,42460,21804,0.6438891449411859,47,23,31705,33331,6462,3741,11583,12798,45080,35500,87,39,7666,6160,21736,2741,8079,1014,501,0,0,1991,41541,1701,6563,9,3,41,0,60
855,1532,856.2357498943111,99806,71,50,135,55,42479,21813,0.6441696891970423,38,20,31766,33361,6440,3742,11548,12770,45088,35517,102,44,7647,6149,21737,2740,8087,1015,506,0,0,1998,41534,1700,6561,11,4,44,0,73
856,1532,857.0914990519382,99806,71,43,135,55,42487,21816,0.644279903011843,36,22,31800,33394,6421,3740,11535,12744,45096,35534,119,50,7629,6143,21736,2736,8096,1017,508,0,0,2006,41527,1700,6556,13,4,47,0,88
857,1532,858.1447177384189,99806,69,44,135,55,42495,21822,0.6444201751397711,37,18,31846,33434,6403,3729,11508,12718,45104,35551,138,56,7618,6134,21734,2735,8100,1022,510,0,0,2008,41516,1695,6559,14,5,51,0,105
858,1532,859.2038273875548,99806,64,39,135,55,42504,21826,0.6445504278299902,35,21,31876,33469,6390,3719,11498,12695,45112,35568,158,63,7607,6128,21726,2727,8117,1025,511,0,0,2011,41503,1693,6556,16,7,57,0,122
859,1532,860.3839543128516,99806,65,35,135,55,42513,21832,0.6447007193956276,37,18,31907,33499,6369,3710,11485,12681,45120,35585,180,70,7599,6119,21726,2724,8119,1031,512,0,0,2022,41482,1690,6553,22,7,61,0,139
860,1532,861.0101606375521,99806,66,34,135,55,42517,21834,0.6447608360218825,34,19,31921,33503,6355,3709,11487,12678,45128,35601,204,78,7588,6110,21726,2721,8120,1036,512,0,0,2025,41471,1690,6550,25,7,67,0,158
861,1532,862.0386263998554,99806,65,31,135,55,42536,21839,0.6450013025269022,27,22,31976,33545,6341,3703,11454,12642,45136,35617,230,86,7574,6103,21718,2723,8127,1039,512,0,0,2040,41448,1685,6548,28,7,74,0,180
862,1532,863.2152525503627,99806,59,30,135,55,42541,21842,0.6450814580285754,30,23,32031,33586,6317,3697,11426,12607,45144,35633,258,95,7560,6091,21717,2723,8126,1043,515,0,0,2045,41434,1684,6545,32,9,84,0,198
863,1532,864.3898654998992,99806,60,32,135,55,42547,21846,0.6451816524056669,31,24,32073,33626,6293,3684,11406,12577,45152,35649,288,104,7549,6079,21715,2722,8128,1046,515,0,0,2045,41423,1684,6541,35,12,95,0,217
864,1532,865.1720679952937,99806,58,33,135,55,42552,21851,0.6452818467827586,32,20,32093,33638,6282,3677,11398,12575,45160,35665,320,114,7536,6075,21710,2718,8129,1052,513,0,0,2051,41406,1682,6538,39,14,102,0,241
865,1532,866.3150245458127,99806,60,36,135,55,42561,21857,0.6454321383483959,36,21,32124,33659,6263,3671,11380,12556,45168,35681,354,125,7532,6062,21706,2716,8134,1056,513,0,0,2053,41382,1679,6533,44,14,115,0,267
866,1532,867.095941346658,99806,58,35,135,55,42565,21860,0.64550227441236,36,20,32137,33650,6254,3666,11378,12572,45176,35697,390,136,7519,6053,21699,2715,8135,1060,513,0,0,2055,41362,1677,6533,45,15,128,0,297
867,1532,868.2142968705338,99806,62,41,135,55,42576,21869,0.6457026631665431,30,18,32168,33676,6240,3647,11363,12561,45184,35713,429,148,7508,6044,21699,2715,8132,1066,513,0,0,2058,41340,1673,6527,53,17,136,0,325
868,1532,869.0639901012842,99806,63,45,135,55,42582,21876,0.6458329158567622,33,17,32188,33688,6221,3642,11358,12551,45192,35729,470,160,7496,6033,21699,2714,8132,1069,513,0,0,2063,41310,1673,6523,57,18,145,0,361
869,1532,870.0603071958276,99806,56,40,135,55,42588,21882,0.645953149109272,38,13,32206,33708,6213,3633,11350,12549,45200,35745,513,173,7482,6025,21682,2713,8136,1075,513,0,0,2075,41285,1671,6517,63,19,163,0,387
870,1532,871.1541171157385,99806,60,41,135,55,42602,21889,0.6461635573011643,33,11,32234,33736,6195,3616,11341,12539,45208,35761,558,187,7471,6020,21666,2708,8143,1079,511,0,0,2081,41257,1669,6515,64,21,183,0,418
871,1532,872.2536075328485,99805,67,41,135,56,42613,21893,0.6463203246330345,36,9,32262,33752,6171,3606,11327,12534,45216,35777,606,201,7464,6012,21662,2706,8144,1082,508,0,0,2086,41215,1665,6516,66,24,194,0,461
872,1532,873.174711012779,99805,66,40,135,56,42624,21894,0.6464405590902259,34,12,32289,33763,6156,3590,11318,12537,45224,35792,656,216,7452,6003,21649,2706,8142,1087,510,0,0,2092,41181,1662,6515,69,27,214,0,496
873,1532,874.0637178347721,99805,64,36,135,56,42630,21895,0.646510695856921,37,15,32310,33766,6142,3578,11310,12547,45232,35807,708,231,7437,5997,21639,2705,8142,1094,511,0,0,2096,41148,1660,6511,72,28,228,0,537
874,1532,875.1657287310665,99805,60,33,135,56,42637,21899,0.6466209107760132,34,15,32359,33770,6121,3572,11289,12552,45239,35822,762,247,7432,5986,21628,2703,8141,1101,510,0,0,2107,41102,1657,6508,76,30,248,0,576
875,1532,876.3868146995482,99805,59,35,135,56,42647,21905,0.646781223385602,30,17,32405,33791,6099,3558,11270,12541,45246,35837,819,264,7423,5976,21615,2700,8147,1106,510,0,0,2107,41064,1655,6503,81,34,265,0,619
876,1532,877.0325343262766,99805,58,35,135,56,42650,21908,0.6468413406141977,31,18,32424,33783,6083,3548,11267,12558,45253,35852,878,281,7414,5969,21600,2699,8145,1113,507,0,0,2111,41022,1653,6505,81,35,284,0,667
877,1532,878.0221084096937,99805,58,32,135,56,42657,21911,0.6469415359951907,30,16,32466,33796,6063,3536,11246,12562,45260,35867,939,299,7407,5959,21594,2695,8147,1119,508,0,0,2116,40970,1651,6499,87,38,298,0,717
878,1532,879.1709933219329,99805,56,31,135,56,42662,21915,0.6470317118380843,30,16,32499,33807,6046,3522,11232,12566,45267,35882,1002,318,7401,5949,21576,2694,8145,1128,506,0,0,2121,40931,1649,6491,95,40,322,0,757
879,1532,880.0613344051357,99805,61,35,135,56,42669,21919,0.6471419267571765,26,18,32523,33807,6027,3505,11226,12577,45274,35897,1068,337,7393,5940,21567,2694,8136,1138,504,0,0,2121,40890,1646,6488,101,43,339,0,805
880,1532,881.1749666975758,99805,54,29,135,56,42677,21925,0.6472822002905666,34,21,32554,33825,6016,3488,11205,12579,45281,35912,1136,357,7381,5930,21539,2694,8146,1143,505,0,0,2127,40847,1643,6481,107,45,367,0,850
881,1532,882.3307040601637,99805,54,27,135,56,42687,21929,0.6474224738239567,35,21,32566,33827,6005,3467,11203,12600,45288,35927,1206,377,7370,5925,21515,2691,8145,1152,506,0,0,2132,40800,1639,6479,112,48,392,0,899
882,1532,883.1008599201513,99805,51,24,135,56,42691,21930,0.6474725715144531,34,21,32589,33797,5982,3460,11207,12640,45295,35942,1278,398,7360,5917,21508,2694,8141,1159,506,0,0,2130,40746,1632,6476,121,55,402,0,958
883,1532,884.1431705277516,99805,52,28,135,56,42699,21936,0.6476128450478433,32,19,32600,33781,5969,3444,11210,12670,45302,35957,1352,420,7354,5910,21485,2690,8135,1171,504,0,0,2135,40704,1630,6465,133,58,431,0,1000
884,1532,885.1837452033924,99805,49,30,135,56,42706,21941,0.6477330795050348,29,17,32646,33777,5955,3432,11184,12686,45309,35971,1428,442,7341,5903,21466,2687,8136,1177,505,0,0,2139,40647,1630,6459,138,60,454,0,1063
885,1532,886.1954219887203,99805,43,29,135,56,42709,21945,0.6478032162717299,34,15,32671,33755,5937,3426,11178,12717,45316,35985,1506,465,7331,5893,21446,2688,8129,1187,506,0,0,2145,40590,1628,6453,143,60,483,0,1123
886,1532,887.0750345601568,99805,47,26,135,56,42717,21947,0.6479034116527228,30,16,32700,33755,5912,3414,11174,12731,45323,35999,1586,489,7326,5883,21432,2686,8126,1197,505,0,0,2142,40532,1626,6444,152,65,505,0,1184
887,1532,888.170372133942,99805,47,27,135,56,42727,21950,0.6480336656480137,31,18,32728,33767,5893,3395,11164,12735,45330,36013,1668,513,7314,5873,21415,2684,8123,1206,506,0,0,2142,40482,1626,6431,164,68,529,0,1242
888,1532,889.0460988816095,99805,48,28,135,56,42734,21953,0.6481338610290066,32,17,32760,33751,5871,3376,11152,12770,45337,36027,1752,538,7303,5870,21392,2684,8126,1209,503,0,0,2143,40416,1623,6426,170,70,553,0,1317
889,1532,890.2774737111883,99805,53,29,135,56,42744,21957,0.6482741345623967,26,16,32790,33729,5843,3366,11151,12802,45344,36041,1837,564,7293,5864,21370,2681,8127,1215,503,0,0,2141,40357,1620,6420,177,73,580,0,1384
890,1532,891.0719176696341,99805,56,31,135,56,42751,21959,0.6483643104052903,19,15,32794,33722,5832,3345,11162,12829,45351,36055,1924,590,7283,5858,21350,2678,8123,1223,503,0,0,2139,40302,1618,6410,189,78,605,0,1446
891,1532,892.146509901144,99805,61,32,135,56,42763,21963,0.648524623014879,24,18,32821,33733,5813,3318,11144,12841,45358,36069,2013,617,7271,5852,21319,2676,8119,1232,503,0,0,2145,40246,1617,6401,198,79,640,0,1507
892,1532,893.0624579783063,99805,58,32,135,56,42765,21966,0.6485747207053755,33,16,32830,33703,5800,3303,11142,12888,45365,36083,2103,645,7261,5846,21284,2673,8114,1243,504,0,0,2146,40192,1616,6392,208,81,678,0,1567
893,1532,894.1107794512485,99805,62,31,135,56,42776,21971,0.6487350333149642,30,19,32852,33686,5776,3285,11143,12921,45372,36097,2195,673,7255,5837,21263,2672,8105,1258,504,0,0,2145,40124,1613,6386,215,87,706,0,1635
894,1532,895.3480946291504,99805,62,37,135,56,42787,21979,0.6489254045388507,28,13,32898,33713,5758,3266,11117,12913,45379,36111,2288,702,7243,5829,21242,2669,8099,1271,506,0,0,2148,40055,1613,6376,223,89,733,0,1709
895,1532,896.275728479471,99805,65,34,135,56,42793,21981,0.6490055608436451,28,14,32891,33654,5741,3260,11138,12980,45386,36125,2382,731,7235,5820,21224,2666,8095,1281,507,0,0,2147,39979,1610,6374,228,93,757,0,1789
896,1532,897.3036744921015,99805,62,33,135,56,42800,21985,0.6491157757627374,39,16,32925,33656,5722,3238,11115,12999,45393,36139,2477,761,7227,5814,21197,2662,8095,1292,507,0,0,2151,39909,1607,6362,241,95,786,0,1860
897,1532,898.0202754723404,99805,64,33,135,56,42804,21989,0.6491959320675317,38,13,32924,33611,5711,3227,11126,13058,45400,36153,2574,792,7215,5807,21172,2662,8083,1307,507,0,0,2147,39856,1605,6349,255,100,816,0,1924
898,1532,899.0772109523765,99805,68,30,135,56,42816,21993,0.6493562446771204,30,14,32967,33597,5685,3211,11113,13090,45406,36166,2672,823,7207,5800,21140,2661,8076,1319,508,0,0,2153,39788,1601,6338,269,102,852,0,1991
899,1532,900.0005023106548,99805,66,27,135,56,42819,21994,0.6493963228295175,57,40,32975,33600,5673,3212,11092,13063,45406,36166,2672,823,7207,5799,21139,2662,8079,1319,508,0,0,2157,39783,1601,6337,269,102,852,0,1991
900,1532,900.0005023106548,99805,68,30,135,56,42823,21998,0.649476479134312,57,42,32947,33534,5667,3207,11124,13129,45412,36179,2771,855,7201,5793,21108,2659,8077,1325,507,0,2,2156,39710,1598,6332,277,104,888,0,2068
901,1532,901.141546753099,99805,72,44,135,56,42837,22016,0.6497971043534893,64,30,32962,33521,5655,3195,11110,13152,45418,36192,2870,887,7189,5784,21083,2659,8071,1336,507,3,6,2155,39641,1597,6319,291,105,917,0,2142
902,1532,902.2821241792712,99805,82,46,135,56,42856,22022,0.6500475928059717,69,32,32987,33502,5629,3185,11096,13177,45424,36205,2970,920,7181,5779,21063,2658,8071,1345,505,3,9,2155,39554,1594,6309,299,107,939,0,2234
903,1532,903.0419276158198,99805,87,50,135,56,42870,22032,0.6502880617203547,66,29,32991,33464,5617,3178,11102,13221,45430,36218,3071,954,7170,5774,21033,2654,8061,1362,505,6,15,2154,39482,1592,6298,311,108,972,0,2308
904,1532,904.1812543569067,99804,86,46,136,56,42887,22037,0.6505150094184602,68,31,33011,33441,5605,3173,11092,13251,45436,36231,3173,988,7162,5766,21007,2653,8058,1376,505,8,24,2149,39396,1587,6288,323,111,1000,1,2390
905,1532,905.3199419438238,99804,91,42,136,56,42902,22040,0.6506953629113061,67,32,33038,33424,5586,3164,11080,13280,45442,36244,3275,1023,7152,5761,20978,2651,8058,1387,505,10,28,2142,39312,1584,6283,329,117,1028,2,2477
906,1532,906.0784627959357,99804,91,42,136,56,42916,22051,0.6509458538735923,69,26,33040,33385,5581,3169,11081,13320,45448,36257,3378,1058,7143,5756,20943,2645,8055,1404,505,12,40,2139,39232,1583,6272,341,119,1061,2,2552
907,1532,907.2161575887138,99804,98,45,136,56,42934,22061,0.6512264037513527,62,24,33058,33343,5569,3165,11075,13365,45454,36270,3481,1094,7136,5748,20911,2643,8047,1421,505,13,49,2138,39152,1581,6263,349,120,1097,2,2629
908,1532,908.3530775591072,99804,108,41,136,56,42958,22067,0.651526992906096,59,27,33068,33323,5556,3157,11071,13394,45460,36283,3584,1130,7127,5739,20884,2643,8047,1432,504,13,59,2132,39072,1580,6247,364,126,1125,3,2707
909,1532,909.1107631097208,99804,105,38,136,56,42969,22071,0.6516772874834676,62,31,33056,33296,5558,3143,11081,13434,45466,36296,3688,1167,7119,5733,20843,2641,8053,1437,504,13,69,2127,38989,1577,6238,376,130,1164,4,2787
910,1532,910.2477417786996,99803,102,42,137,56,42987,22083,0.651984409286294,66,35,33052,33262,5547,3129,11094,13474,45472,36309,3792,1204,7109,5727,20808,2644,8053,1450,503,17,76,2123,38904,1570,6229,387,135,1193,4,2871
911,1532,911.0057219066371,99803,98,44,137,56,42994,22089,0.6521146658918069,73,36,33043,33225,5542,3115,11105,13522,45478,36322,3896,1242,7103,5719,20784,2646,8044,1464,502,18,81,2121,38818,1564,6221,400,137,1220,5,2956
912,1532,912.1428133894244,99803,106,49,137,56,43012,22106,0.652465356752803,72,32,33060,33218,5533,3107,11090,13536,45484,36335,4000,1280,7085,5716,20739,2647,8036,1476,502,22,90,2118,38740,1561,6220,403,140,1264,5,3039
913,1532,913.2794134519934,99803,112,52,137,56,43035,22115,0.6527859883971424,68,32,33097,33186,5523,3100,11061,13572,45490,36348,4104,1319,7074,5709,20702,2646,8029,1492,502,24,101,2115,38661,1559,6211,414,143,1300,5,3116
914,1532,914.0364796835892,99803,111,50,137,56,43047,22119,0.652946304219312,76,36,33094,33146,5516,3093,11064,13617,45496,36360,4208,1358,7066,5703,20674,2644,8023,1503,502,25,115,2109,38569,1556,6204,424,149,1331,5,3201
915,1532,915.1717081801669,99803,111,47,137,56,43068,22126,0.653226856908109,76,37,33127,33143,5510,3077,11037,13638,45502,36372,4312,1398,7056,5699,20643,2640,8020,1521,502,27,127,2108,38475,1553,6195,430,150,1361,6,3290
916,1532,916.3057829888855,99803,114,52,137,56,43092,22135,0.653557508291334,71,39,33145,33132,5503,3058,11028,13661,45508,36384,4416,1438,7050,5685,20623,2643,8013,1536,501,29,134,2104,38382,1549,6187,442,155,1384,7,3379
917,1532,917.06140702825,99803,123,57,137,56,43111,22146,0.653858100457902,61,33,33150,33083,5490,3050,11037,13719,45514,36396,4519,1478,7041,5677,20588,2641,8012,1546,501,31,136,2099,38310,1548,6173,457,160,1420,10,3453
918,1532,918.1948268759288,99803,140,57,137,56,43139,22157,0.6542488702744407,67,40,33141,33055,5484,3044,11029,13746,45520,36408,4622,1519,7035,5671,20551,2639,8009,1561,501,32,144,2095,38227,1545,6165,468,163,1454,12,3531
919,1532,919.3279964890113,99803,133,59,137,56,43155,22170,0.6545394427021232,71,43,33160,33015,5469,3040,11028,13785,45526,36420,4725,1560,7023,5661,20514,2638,8008,1575,501,36,159,2092,38144,1545,6151,478,166,1493,13,3606
920,1532,920.0831511617228,99803,129,68,137,56,43165,22179,0.6547298177409496,83,49,33161,32959,5454,3026,11034,13840,45532,36432,4827,1602,7013,5653,20476,2636,8004,1587,500,39,162,2090,38068,1544,6143,486,168,1535,14,3685
921,1532,921.2156417807491,99803,135,66,137,56,43185,22189,0.6550304099075178,83,52,33178,32945,5440,3015,11025,13864,45538,36444,4929,1644,7004,5644,20430,2638,8002,1599,499,41,171,2091,37989,1541,6135,494,168,1581,14,3762
922,1532,922.3473955336782,99803,137,77,137,56,43208,22207,0.6554412192018276,90,48,33208,32935,5434,3001,10992,13881,45544,36456,5030,1686,6998,5635,20387,2638,7996,1617,499,42,183,2085,37911,1536,6130,501,174,1624,14,3833
923,1532,923.1012872116861,99803,129,81,137,56,43220,22220,0.6556917126739678,97,42,33193,32891,5436,2999,11006,13929,45550,36468,5130,1729,6985,5628,20347,2636,8002,1624,499,46,191,2079,37830,1533,6120,512,180,1662,15,3914
924,1532,924.2322883783943,99803,136,80,137,56,43248,22234,0.6561125417071632,96,39,33193,32861,5433,3000,11003,13962,45556,36480,5230,1772,6970,5621,20307,2637,8012,1634,498,51,200,2073,37750,1532,6101,528,185,1694,15,3995
925,1532,925.3634053230014,99803,130,69,137,56,43273,22243,0.6564532128292737,103,41,33188,32845,5434,2998,11006,13989,45562,36492,5329,1815,6952,5610,20272,2639,8013,1648,498,61,217,2071,37653,1530,6092,534,186,1729,19,4079
926,1532,926.1176228414872,99803,129,70,137,56,43290,22253,0.656723745779185,104,38,33176,32823,5430,2987,11022,14024,45568,36504,5427,1859,6944,5600,20221,2640,8014,1658,497,62,230,2068,37588,1529,6075,550,190,1780,20,4137
927,1532,927.2492160048134,99803,134,75,137,56,43320,22269,0.6571846537679228,112,38,33170,32800,5427,2976,11018,14053,45574,36516,5525,1903,6935,5591,20173,2641,8018,1669,496,64,243,2062,37510,1527,6063,562,196,1824,21,4208
928,1532,928.0036826619004,99803,136,76,137,56,43340,22283,0.6575253248900333,112,37,33164,32757,5415,2972,11034,14100,45580,36528,5622,1947,6927,5582,20139,2642,8018,1678,494,65,261,2059,37420,1526,6050,574,201,1859,21,4287
929,1532,929.1355747561341,99803,145,80,137,56,43369,22297,0.6579561736621143,111,40,33158,32729,5413,2965,11034,14128,45585,36540,5718,1992,6919,5572,20103,2645,8020,1687,493,67,274,2056,37334,1523,6037,585,204,1897,22,4365
930,1532,930.2674961137552,99803,156,78,137,56,43401,22306,0.6583669829564242,107,39,33165,32717,5405,2963,11028,14145,45590,36551,5813,2037,6907,5564,20055,2646,8022,1699,493,72,282,2049,37263,1520,6030,595,210,1939,24,4433
931,1532,931.0219654849881,99803,156,77,137,56,43415,22313,0.6585773974730219,101,44,33167,32685,5401,2957,11036,14179,45595,36562,5907,2082,6900,5558,20011,2645,8024,1709,493,73,289,2046,37194,1516,6015,611,212,1982,25,4500
932,1532,932.1535205792412,99803,145,77,137,56,43439,22323,0.6589180685951324,100,48,33173,32657,5402,2950,11041,14210,45600,36573,6000,2127,6887,5549,19974,2650,8020,1729,490,81,296,2042,37115,1511,6007,620,217,2013,27,4575
933,1532,933.2849955287666,99803,143,76,137,56,43464,22335,0.6592887989338998,93,45,33184,32635,5401,2947,11040,14239,45605,36584,6092,2173,6879,5543,19940,2647,8017,1745,490,85,313,2036,37024,1508,5997,631,223,2045,30,4650
934,1532,934.0390878866493,99803,143,76,137,56,43480,22342,0.6595192529282687,96,48,33172,32592,5402,2938,11048,14288,45610,36595,6183,2219,6871,5537,19909,2645,8016,1755,490,87,321,2031,36938,1505,5991,638,227,2078,33,4731
935,1532,935.1707327365356,99803,154,75,137,56,43511,22352,0.6599300622225784,93,54,33174,32569,5393,2935,11047,14309,45615,36606,6273,2265,6859,5527,19872,2649,8014,1770,490,90,328,2029,36870,1503,5975,652,229,2112,35,4799
936,1532,936.30223102577,99803,163,78,137,56,43545,22366,0.6604110096890875,86,52,33183,32549,5390,2927,11039,14336,45620,36617,6362,2311,6849,5521,19828,2650,8015,1785,489,91,340,2026,36792,1503,5965,662,233,2145,38,4871
937,1532,937.0562845128229,99803,162,76,137,56,43563,22378,0.6607116018556557,93,50,33162,32506,5389,2931,11055,14379,45625,36628,6450,2357,6838,5516,19793,2652,8010,1800,488,91,356,2023,36714,1501,5951,675,236,2177,40,4942
938,1532,938.1879092587321,99803,161,79,137,56,43594,22403,0.6612727072332495,91,40,33157,32488,5397,2935,11055,14400,45630,36639,6537,2404,6827,5506,19754,2654,8014,1815,487,96,378,2017,36626,1499,5939,684,241,2212,41,5013
939,1532,939.3198441946244,99803,156,74,137,56,43618,22413,0.66161337835536,100,49,33152,32473,5400,2938,11053,14408,45635,36650,6623,2451,6814,5498,19713,2656,8023,1822,486,100,394,2015,36537,1499,5927,692,243,2249,43,5092
940,1532,940.0746152921213,99803,157,68,137,56,43640,22421,0.6619139705219282,98,48,33137,32446,5401,2939,11068,14441,45640,36661,6708,2498,6804,5492,19668,2656,8027,1833,486,101,410,2012,36460,1497,5919,701,246,2286,44,5161
941,1532,941.2072333578699,99803,161,68,137,56,43663,22433,0.6622646613829244,105,57,33120,32425,5396,2933,11079,14459,45645,36672,6792,2545,6798,5487,19638,2652,8027,1847,484,103,423,2006,36376,1496,5909,711,253,2313,46,5234
942,1532,942.3400568821577,99803,163,70,137,56,43690,22446,0.6626654509383485,110,66,33120,32408,5391,2927,11077,14471,45650,36683,6875,2592,6793,5481,19597,2648,8029,1865,483,106,435,2001,36301,1494,5900,718,258,2349,49,5296
943,1532,943.0953356432824,99803,164,78,137,56,43709,22461,0.6630061220604591,107,70,33105,32378,5393,2924,11092,14492,45655,36694,6957,2639,6785,5473,19570,2648,8023,1882,483,110,440,1997,36224,1490,5895,725,261,2376,52,5369
944,1532,944.2287001227896,99803,164,84,137,56,43734,22478,0.6634269510936545,107,75,33114,32354,5384,2919,11092,14510,45660,36705,7038,2686,6777,5466,19542,2648,8021,1896,483,113,457,1995,36138,1485,5885,737,261,2404,52,5443
945,1532,945.361738032897,99803,167,95,137,56,43765,22502,0.6639780367323628,110,66,33120,32342,5379,2917,11085,14522,45665,36716,7118,2733,6767,5456,19511,2648,8020,1909,482,116,475,1991,36054,1483,5879,743,265,2436,53,5515
946,1532,946.1169192808351,99803,169,95,137,56,43784,22512,0.6642686091600453,116,68,33107,32312,5375,2915,11094,14552,45670,36727,7197,2780,6754,5451,19476,2647,8011,1927,482,120,487,1988,35993,1482,5864,755,267,2473,53,5573
947,1532,947.2498726000063,99803,161,101,137,56,43814,22530,0.6647495566265543,112,74,33123,32293,5376,2910,11089,14564,45675,36738,7275,2828,6743,5437,19443,2651,8015,1944,481,125,500,1987,35918,1481,5847,766,268,2503,56,5638
948,1532,948.0050142116654,99803,166,100,137,56,43843,22542,0.6651603659208641,102,77,33108,32267,5377,2906,11108,14592,45680,36749,7352,2876,6736,5433,19392,2648,8028,1954,480,127,511,1983,35851,1478,5836,774,272,2545,57,5698
949,1532,949.1381253622579,99803,161,108,137,56,43872,22561,0.6656413133873731,113,77,33092,32265,5386,2900,11109,14592,45685,36759,7427,2924,6728,5425,19360,2646,8023,1978,480,132,522,1979,35782,1475,5820,788,276,2573,60,5756
950,1532,950.2716000323833,99803,171,109,137,56,43904,22580,0.6661523200705389,121,76,33084,32273,5377,2899,11108,14585,45690,36769,7501,2972,6721,5420,19333,2644,8023,1997,480,132,535,1975,35711,1474,5802,799,278,2598,67,5814
951,1532,951.0273644458753,99803,170,122,137,56,43928,22599,0.6665831688426199,122,76,33077,32253,5376,2891,11116,14600,45695,36779,7574,3020,6713,5411,19298,2649,8014,2013,479,134,545,1972,35649,1470,5790,810,282,2635,69,5870
952,1532,952.1612273121153,99803,182,125,137,56,43963,22618,0.6671242347424426,115,75,33076,32250,5375,2887,11113,14605,45700,36789,7646,3068,6703,5407,19255,2647,8026,2023,479,138,552,1966,35589,1466,5776,822,287,2670,73,5924
953,1532,953.2949380062616,99803,181,131,137,56,43984,22640,0.6675550835145236,136,73,33075,32254,5371,2887,11098,14597,45705,36799,7717,3116,6694,5396,19215,2651,8031,2029,478,140,570,1966,35511,1466,5768,828,288,2708,74,5990
954,1532,954.0507369704588,99803,199,130,137,56,44015,22653,0.6679959520254902,129,72,33050,32245,5366,2891,11117,14604,45710,36809,7787,3164,6688,5392,19178,2652,8029,2040,478,142,579,1958,35449,1458,5765,834,295,2745,78,6043
955,1532,955.1850069452253,99802,207,135,138,56,44055,22674,0.6686138554337588,133,71,33036,32240,5365,2887,11119,14609,45715,36819,7856,3212,6677,5386,19140,2650,8025,2061,476,149,598,1957,35382,1456,5755,843,297,2777,81,6092
956,1532,956.3193937902735,99802,217,129,138,56,44101,22688,0.6692150457906655,127,79,33030,32234,5372,2891,11114,14609,45720,36829,7924,3260,6668,5381,19104,2645,8034,2077,476,152,622,1952,35297,1455,5746,852,302,2799,83,6157
957,1532,957.0756710746771,99802,214,124,138,56,44121,22697,0.669505621129837,131,81,33016,32211,5371,2886,11128,14640,45725,36839,7991,3308,6659,5374,19072,2641,8039,2089,476,156,633,1949,35230,1454,5735,861,305,2828,90,6211
958,1532,958.2106222828701,99802,217,117,138,56,44163,22714,0.6700967916474619,124,86,33024,32198,5370,2897,11125,14644,45730,36849,8057,3355,6652,5366,19030,2633,8049,2110,476,159,654,1947,35159,1452,5724,868,306,2862,93,6262
959,1532,959.3455055553032,99802,219,118,138,56,44203,22735,0.6707080018436504,131,87,33004,32192,5379,2897,11127,14648,45735,36859,8122,3402,6644,5355,18998,2635,8058,2123,476,163,676,1936,35084,1448,5716,876,315,2887,98,6314
960,1532,960.102437447101,99802,216,118,138,56,44223,22748,0.6710386565399491,144,92,32995,32177,5380,2898,11125,14657,45740,36869,8186,3449,6635,5350,18973,2636,8054,2137,476,165,692,1932,35011,1445,5708,883,318,2911,104,6372
961,1532,961.2381029877732,99802,222,137,138,56,44265,22784,0.6718202040039277,146,78,32991,32162,5385,2901,11116,14664,45745,36879,8249,3496,6621,5344,18933,2638,8055,2154,476,169,715,1930,34948,1444,5697,891,319,2942,109,6417
962,1532,962.3737011669898,99802,223,137,138,56,44306,22813,0.6725215927536522,150,74,32982,32159,5394,2914,11111,14658,45750,36889,8311,3543,6607,5336,18899,2638,8067,2167,475,179,741,1928,34868,1441,5682,901,320,2970,112,6471
963,1532,963.1309473668128,99802,235,134,138,56,44340,22826,0.6729925251998958,141,76,32964,32151,5395,2918,11125,14663,45755,36899,8372,3590,6602,5326,18872,2639,8068,2183,474,180,755,1926,34802,1438,5674,907,321,2996,114,6525
964,1532,964.2672968933063,99802,232,138,138,56,44379,22854,0.6736638544317749,154,72,32968,32161,5396,2921,11110,14650,45760,36909,8432,3637,6592,5317,18830,2644,8077,2197,473,185,783,1920,34733,1434,5657,920,326,3029,115,6570
965,1532,965.0247542131686,99802,229,129,138,56,44406,22865,0.6740446083244824,159,77,32958,32162,5405,2923,11109,14651,45765,36919,8491,3684,6584,5308,18794,2648,8081,2213,473,186,799,1917,34671,1430,5648,930,329,3053,122,6616
966,1532,966.161294110563,99802,243,131,138,56,44447,22883,0.6746357788421073,161,83,32953,32177,5399,2919,11104,14632,45769,36929,8549,3731,6573,5304,18749,2646,8079,2231,472,189,816,1914,34622,1428,5639,939,332,3091,124,6654
967,1532,967.2977474703144,99802,257,130,138,56,44495,22904,0.6753271477525501,161,85,32936,32200,5403,2919,11103,14608,45773,36939,8606,3778,6562,5299,18716,2648,8080,2248,471,194,838,1914,34548,1424,5629,947,332,3116,128,6708
968,1532,968.0556845445901,99802,264,132,138,56,44524,22918,0.6757580008416665,169,88,32917,32190,5400,2917,11110,14615,45777,36949,8662,3825,6550,5295,18685,2650,8077,2264,470,198,849,1908,34494,1423,5618,955,338,3142,129,6757
969,1532,969.1931542498443,99801,264,125,138,57,44573,22937,0.6764461277943107,174,92,32887,32195,5419,2930,11116,14599,45781,36959,8717,3871,6542,5279,18647,2661,8079,2283,469,201,876,1905,34426,1420,5608,962,340,3172,136,6795
970,1532,970.331353060194,99801,271,135,138,57,44616,22963,0.6771375036322281,194,101,32868,32191,5422,2929,11105,14585,45785,36968,8771,3917,6532,5272,18607,2665,8085,2299,469,205,890,1900,34373,1415,5597,972,343,3201,138,6838
971,1532,971.0903212952552,99801,269,139,138,57,44646,22986,0.6776685604352661,200,93,32858,32179,5432,2933,11101,14597,45789,36977,8824,3963,6524,5266,18581,2669,8083,2320,468,206,906,1896,34307,1414,5586,982,346,3215,144,6888
972,1532,972.2290930274359,99801,275,149,138,57,44691,23018,0.6784400957906234,201,88,32862,32182,5430,2939,11092,14583,45793,36986,8876,4009,6514,5255,18548,2673,8089,2338,468,213,924,1894,34241,1411,5575,989,347,3239,149,6934
973,1532,973.3676831012556,99801,301,146,138,57,44751,23044,0.6793018106031001,194,82,32850,32202,5439,2957,11076,14554,45797,36995,8927,4055,6500,5245,18515,2675,8097,2354,468,220,941,1892,34183,1410,5560,1002,347,3263,154,6975
974,1532,974.126837307801,99801,297,153,138,57,44777,23069,0.6798128275267783,220,82,32809,32188,5446,2964,11088,14554,45801,37004,8978,4101,6491,5239,18484,2676,8091,2372,468,223,960,1889,34123,1409,5550,1011,349,3290,160,7016
975,1532,975.2665429486734,99801,312,155,138,57,44841,23091,0.6806745423392552,219,88,32800,32204,5464,2965,11065,14529,45805,37013,9028,4146,6482,5232,18440,2682,8094,2395,468,226,984,1884,34065,1403,5543,1014,351,3322,164,7052
976,1532,976.026547698651,99801,308,159,138,57,44874,23114,0.6812356589613331,228,91,32774,32200,5476,2967,11074,14524,45809,37022,9077,4191,6474,5226,18407,2686,8097,2411,466,230,1004,1880,34008,1399,5531,1020,355,3350,170,7087
977,1532,977.1673779246979,99801,314,153,138,57,44946,23144,0.6822576928086893,216,95,32746,32221,5507,2979,11077,14493,45813,37031,9125,4236,6462,5210,18370,2691,8112,2433,465,239,1039,1874,33932,1397,5519,1029,359,3369,172,7129
978,1532,978.3091086925422,99801,325,142,138,57,45003,23166,0.6830492680434064,215,102,32739,32231,5521,2999,11060,14467,45817,37040,9172,4281,6451,5203,18343,2691,8125,2446,465,245,1073,1871,33844,1395,5509,1034,361,3386,178,7181
979,1532,979.0703993663877,99801,337,155,138,57,45047,23187,0.6837005641226039,214,99,32708,32226,5532,2994,11069,14467,45821,37049,9218,4326,6438,5198,18313,2692,8128,2460,464,250,1083,1867,33790,1394,5506,1038,365,3405,180,7230
980,1532,980.2132057834531,99800,338,157,139,57,45116,23208,0.6846092184368737,198,109,32696,32234,5565,2996,11062,14445,45825,37058,9264,4370,6426,5189,18268,2697,8150,2475,463,256,1102,1866,33724,1389,5496,1043,366,3431,185,7274
981,1532,981.3565899576444,99800,332,168,139,57,45175,23244,0.685561122244489,207,101,32662,32236,5601,2999,11057,14437,45829,37067,9309,4414,6415,5180,18227,2699,8165,2498,463,263,1126,1865,33658,1387,5478,1050,367,3455,191,7313
982,1532,982.119422285261,99800,321,169,139,57,45211,23264,0.686122244488978,203,103,32641,32235,5621,3005,11073,14429,45833,37076,9353,4458,6406,5173,18196,2703,8166,2524,463,268,1147,1862,33599,1383,5465,1059,369,3472,193,7352
983,1532,983.2648519058438,99800,330,166,139,57,45270,23288,0.6869539078156313,214,111,32601,32247,5645,3022,11069,14395,45837,37085,9396,4502,6395,5162,18159,2706,8177,2540,462,273,1179,1856,33538,1383,5454,1065,372,3499,197,7383
984,1532,984.0290381848911,99800,333,173,139,57,45300,23312,0.68749498997996,218,109,32582,32249,5655,3024,11071,14386,45841,37094,9439,4546,6386,5156,18130,2705,8180,2551,462,276,1196,1851,33484,1382,5449,1070,376,3523,204,7419
985,1532,985.1762563066842,99800,350,167,139,57,45369,23341,0.6884769539078156,218,113,32562,32263,5681,3041,11048,14357,45845,37103,9481,4589,6377,5148,18093,2709,8194,2567,461,279,1232,1845,33415,1379,5435,1081,381,3543,210,7451
986,1532,986.3238973988715,99800,357,161,139,57,45435,23367,0.6893987975951904,234,130,32515,32261,5710,3050,11043,14339,45849,37112,9522,4632,6362,5141,18053,2713,8207,2583,461,287,1269,1844,33342,1377,5425,1084,381,3570,217,7484
987,1532,987.0897034303962,99800,362,167,139,57,45483,23391,0.6901202404809619,238,122,32488,32247,5726,3057,11045,14348,45853,37121,9562,4675,6346,5134,18027,2715,8210,2602,461,295,1286,1843,33289,1375,5414,1088,381,3589,222,7523
988,1532,988.2393748213564,99800,382,171,139,57,45543,23419,0.691002004008016,258,119,32461,32269,5722,3069,11036,14313,45857,37130,9602,4718,6340,5126,17989,2719,8219,2619,460,296,1308,1842,33233,1373,5405,1092,382,3613,230,7554
989,1532,989.0061792101859,99800,388,171,139,57,45586,23436,0.6916032064128257,267,124,32436,32285,5724,3074,11044,14287,45861,37139,9641,4760,6331,5123,17957,2718,8222,2637,460,298,1328,1841,33180,1370,5395,1099,382,3635,234,7590
990,1532,990.1570612218693,99800,391,181,139,57,45650,23476,0.6926452905811623,280,127,32424,32307,5739,3086,11025,14240,45865,37148,9679,4802,6320,5115,17916,2723,8234,2660,460,301,1363,1839,33117,1366,5382,1105,382,3657,237,7623
991,1532,991.3083091522507,99800,405,185,139,57,45734,23503,0.6937575150300601,281,142,32384,32317,5774,3098,11015,14199,45869,37157,9717,4844,6308,5105,17882,2726,8250,2678,460,309,1389,1834,33056,1362,5369,1114,384,3678,245,7651
992,1532,992.0762489318331,99800,413,194,139,57,45781,23534,0.6945390781563127,286,133,32355,32314,5781,3106,11024,14194,45873,37166,9754,4886,6296,5096,17850,2731,8253,2697,458,314,1406,1833,33014,1360,5359,1118,385,3703,249,7678
993,1532,993.2292408133925,99800,446,208,139,57,45871,23573,0.6958316633266534,280,138,32345,32333,5796,3116,10992,14146,45877,37175,9790,4927,6281,5086,17818,2735,8272,2708,458,323,1432,1832,32952,1357,5346,1125,385,3722,256,7712
994,1532,994.3820677162495,99800,443,204,139,57,45948,23608,0.6969539078156313,274,147,32335,32343,5838,3139,10969,14108,45881,37183,9826,4968,6266,5072,17788,2741,8286,2735,458,333,1474,1828,32871,1355,5335,1128,386,3733,262,7749
995,1532,995.1507431946784,99800,449,208,139,57,46006,23636,0.6978156312625251,268,148,32314,32334,5865,3150,10963,14101,45885,37191,9861,5009,6256,5061,17751,2745,8301,2748,458,338,1502,1828,32808,1355,5326,1134,386,3754,268,7781
996,1532,996.3048059246848,99800,458,219,139,57,46091,23685,0.6991583166332666,274,139,32280,32348,5905,3158,10942,14077,45889,37199,9896,5050,6240,5047,17709,2755,8319,2766,458,349,1540,1821,32737,1351,5320,1138,390,3773,276,7811
997,1532,997.0747047603261,99800,461,226,139,57,46143,23709,0.6999198396793587,281,150,32232,32335,5938,3168,10947,14062,45893,37207,9930,5090,6231,5038,17682,2758,8323,2787,457,353,1555,1818,32689,1348,5311,1142,391,3792,282,7843
998,1532,998.230995242732,99800,475,242,139,57,46232,23763,0.7013527054108216,285,156,32197,32333,5984,3195,10918,14015,45897,37215,9963,5130,6215,5022,17640,2770,8336,2807,456,363,1596,1816,32622,1345,5304,1145,390,3816,290,7867
999,1532,999.0025329995514,99800,486,254,139,57,46292,23800,0.7023246492985972,279,139,32182,32327,6007,3210,10905,14011,45901,37223,9996,5170,6201,5016,17606,2773,8351,2824,456,369,1612,1811,32579,1344,5291,1151,394,3831,299,7892
1000,1532,1000.160450034455,99800,471,247,139,57,46376,23840,0.7035671342685371,292,156,32156,32329,6068,3235,10872,13974,45905,37231,10028,5210,6182,5000,17552,2787,8385,2845,456,379,1654,1810,32518,1339,5269,1162,393,3852,310,7907
1001,1532,1001.3191332072126,99800,487,255,139,57,46457,23892,0.7048997995991984,291,164,32137,32334,6095,3252,10849,13936,45909,37239,10060,5249,6171,4988,17521,2791,8401,2864,456,387,1689,1803,32449,1336,5262,1165,397,3867,326,7927
1002,1532,1002.0919193889071,99800,479,260,139,57,46503,23925,0.7056913827655311,283,170,32110,32331,6125,3266,10862,13914,45913,37247,10091,5288,6161,4977,17492,2795,8415,2879,456,391,1719,1799,32389,1335,5253,1169,400,3882,332,7956
1003,1532,1003.252175335456,99800,482,273,139,57,46579,23981,0.7070140280561122,299,152,32081,32349,6161,3290,10836,13877,45917,37255,10122,5327,6148,4965,17457,2803,8430,2902,455,400,1761,1796,32320,1331,5241,1178,400,3895,341,7977
1004,1532,1004.0261114965606,99800,482,276,139,57,46631,24008,0.7078056112224449,299,159,32058,32335,6182,3301,10838,13870,45921,37263,10152,5366,6139,4956,17432,2807,8438,2921,454,403,1782,1790,32270,1327,5235,1181,404,3909,351,8001
1005,1532,1005.1880800668665,99800,488,287,139,57,46713,24063,0.7091783567134269,324,151,32022,32341,6215,3327,10810,13835,45925,37271,10182,5404,6124,4938,17395,2817,8460,2940,454,415,1816,1786,32203,1321,5229,1187,407,3920,362,8026
1006,1532,1006.350906526333,99800,520,284,139,57,46825,24105,0.7107214428857715,314,165,31994,32342,6254,3355,10777,13795,45929,37279,10211,5442,6108,4925,17352,2824,8480,2959,453,428,1857,1784,32128,1318,5224,1189,407,3940,371,8053
1007,1532,1007.1264866806935,99799,533,276,140,57,46896,24128,0.7116704576198158,309,171,31961,32326,6282,3374,10773,13794,45933,37287,10240,5480,6094,4917,17324,2822,8488,2975,453,438,1893,1781,32061,1317,5219,1194,409,3957,380,8077
1008,1532,1008.2912433887108,99799,548,265,140,57,47000,24166,0.7130933175683123,326,187,31903,32331,6327,3406,10754,13752,45937,37295,10268,5517,6075,4901,17288,2837,8499,3002,452,451,1940,1774,31992,1310,5211,1198,414,3972,387,8096
1009,1532,1009.0686126188373,99799,535,268,140,57,47058,24194,0.7139550496497961,329,202,31878,32324,6369,3421,10747,13726,45941,37303,10296,5554,6061,4889,17258,2843,8512,3023,451,460,1966,1771,31938,1308,5201,1200,413,3990,394,8121
1010,1532,1010.2356741328606,99799,546,271,140,57,47147,24248,0.715387929738775,356,218,31831,32310,6401,3455,10724,13687,45945,37311,10323,5591,6046,4878,17221,2842,8540,3045,451,468,2008,1767,31870,1307,5191,1204,416,4003,402,8140
1011,1532,1011.0144037080671,99799,546,277,140,57,47213,24281,0.7163799236465295,357,218,31786,32321,6444,3466,10725,13659,45949,37319,10350,5628,6030,4871,17190,2844,8548,3075,450,479,2040,1765,31815,1304,5184,1203,418,4013,405,8165
1012,1532,1012.1843277640291,99798,556,282,141,57,47314,24330,0.7178901380789194,368,218,31747,32325,6493,3493,10693,13623,45953,37327,10376,5664,6012,4859,17150,2858,8573,3093,449,490,2077,1764,31755,1296,5169,1211,418,4031,417,8176
1013,1532,1013.355393036291,99798,587,287,141,57,47431,24383,0.7195935790296398,373,228,31706,32319,6532,3523,10659,13584,45957,37335,10402,5700,5996,4851,17109,2863,8599,3124,448,499,2120,1761,31688,1294,5157,1212,418,4036,428,8195
1014,1532,1014.1365393665502,99798,616,295,141,57,47518,24427,0.7209062305857833,361,219,31672,32324,6562,3546,10646,13557,45961,37343,10427,5736,5980,4844,17081,2865,8620,3144,447,506,2148,1757,31637,1293,5143,1214,421,4045,434,8219
1015,1532,1015.3095385020267,99798,629,324,141,57,47629,24503,0.7227800156315758,384,207,31624,32322,6617,3576,10603,13512,45965,37351,10452,5772,5960,4834,17044,2873,8636,3173,447,520,2196,1752,31561,1288,5133,1219,425,4053,442,8242
1016,1532,1016.0920765666627,99798,640,334,141,57,47706,24541,0.7239323433335337,385,223,31573,32317,6658,3587,10601,13480,45969,37359,10477,5807,5947,4825,17020,2873,8654,3188,444,529,2230,1749,31496,1288,5124,1223,428,4061,451,8268
1017,1532,1017.2677798242711,99798,648,338,141,57,47813,24618,0.7257760676566665,401,213,31498,32312,6729,3645,10581,13433,45973,37367,10501,5842,5931,4811,16979,2877,8698,3208,443,540,2288,1747,31409,1285,5106,1224,427,4072,467,8286
1018,1532,1018.0530497224693,99798,652,330,141,57,47897,24652,0.7269584560812842,393,222,31463,32299,6781,3678,10568,13412,45976,37375,10525,5877,5919,4800,16945,2885,8723,3225,441,546,2324,1746,31345,1282,5095,1227,427,4084,483,8301
1019,1532,1019.232749109701,99797,638,338,142,57,48002,24716,0.7286591781316072,403,233,31419,32301,6859,3716,10537,13353,45979,37383,10548,5911,5903,4780,16902,2907,8761,3253,440,558,2377,1743,31271,1273,5074,1231,430,4089,493,8312
1020,1532,1020.0200938512694,99797,653,346,142,57,48089,24775,0.7301221479603596,407,225,31352,32279,6906,3748,10538,13343,45982,37391,10571,5945,5886,4771,16862,2911,8786,3270,439,567,2415,1739,31210,1272,5064,1234,433,4105,505,8328
1021,1532,1021.203485297856,99797,639,363,142,57,48197,24850,0.7319558704169464,436,201,31288,32290,6980,3788,10513,13299,45985,37399,10594,5979,5873,4741,16826,2935,8822,3295,436,578,2458,1735,31133,1268,5056,1236,435,4106,527,8337
1022,1532,1022.3890362765741,99797,678,365,142,57,48324,24906,0.7337895928735333,432,223,31254,32295,7022,3814,10470,13244,45988,37406,10616,6013,5861,4727,16789,2951,8852,3313,433,586,2503,1730,31066,1262,5041,1240,436,4121,539,8347
1023,1532,1023.1798710097916,99797,676,355,142,57,48407,24936,0.7349218914396224,448,228,31211,32303,7059,3841,10462,13214,45991,37413,10638,6046,5848,4718,16755,2952,8872,3334,433,593,2547,1722,31007,1260,5031,1244,439,4138,553,8351
1024,1532,1024.367781012283,99797,685,360,142,57,48541,24998,0.736885878333016,419,232,31172,32324,7138,3875,10442,13150,45994,37420,10660,6079,5834,4700,16719,2962,8903,3367,431,603,2603,1717,30926,1257,5013,1249,440,4143,568,8362
1025,1532,1025.1606538175533,99796,681,364,143,57,48630,25044,0.7382460218846447,419,238,31144,32319,7193,3903,10418,13117,45997,37427,10681,6112,5823,4690,16691,2961,8933,3390,431,611,2647,1714,30854,1254,4993,1255,441,4150,577,8381
1026,1532,1026.3514421213179,99796,674,371,143,57,48746,25119,0.7401599262495491,454,223,31076,32340,7267,3951,10384,13056,46000,37434,10702,6145,5801,4677,16642,2974,8973,3423,427,628,2701,1709,30773,1251,4979,1256,443,4153,588,8398
1027,1532,1027.1464954109085,99796,688,372,143,57,48841,25165,0.7415728085294,436,222,31041,32325,7323,3985,10367,13037,46003,37441,10723,6177,5786,4668,16611,2979,8987,3454,427,637,2742,1706,30706,1248,4973,1254,444,4156,597,8421
1028,1532,1028.3410091926335,99795,714,374,144,57,48980,25231,0.7436344506237788,445,233,30975,32338,7378,4029,10342,12967,46006,37448,10743,6209,5768,4654,16554,2985,9025,3480,426,651,2801,1705,30631,1245,4961,1258,445,4172,609,8425
1029,1532,1029.138315666425,99795,723,365,144,57,49077,25273,0.7450273059772534,430,237,30946,32333,7418,4065,10337,12941,46009,37455,10763,6241,5744,4642,16528,2991,9034,3511,425,670,2832,1702,30579,1244,4952,1256,448,4179,631,8427
1030,1532,1030.3359432835953,99795,726,380,144,57,49222,25340,0.747151660904855,405,236,30896,32335,7505,4089,10322,12901,46012,37462,10783,6272,5722,4627,16484,3002,9083,3532,422,688,2886,1697,30501,1235,4937,1264,449,4183,645,8438
1031,1532,1031.1355301328629,99795,741,388,144,57,49306,25391,0.7485044340898842,418,235,30846,32333,7534,4116,10315,12869,46015,37469,10802,6303,5712,4619,16455,2998,9115,3544,421,696,2927,1695,30431,1234,4928,1266,449,4194,652,8459
1032,1532,1032.3367890862166,99794,754,380,144,58,49437,25451,0.750425877307253,425,242,30782,32344,7606,4162,10287,12812,46018,37476,10821,6334,5698,4609,16417,2999,9145,3575,419,704,2994,1694,30344,1233,4909,1270,449,4201,671,8463
1033,1532,1033.1386847550161,99794,749,390,144,58,49523,25500,0.7517786640479388,441,246,30736,32332,7656,4180,10272,12792,46021,37483,10840,6365,5680,4598,16387,3004,9162,3604,419,716,3034,1689,30290,1230,4899,1272,452,4205,682,8471
1034,1532,1034.3435502656007,99793,753,398,145,58,49660,25568,0.7538404497309431,461,248,30668,32330,7736,4210,10235,12754,46024,37490,10858,6395,5660,4577,16341,3017,9202,3626,418,728,3094,1686,30211,1227,4886,1276,452,4216,699,8477
1035,1532,1035.148114320574,99792,771,397,146,58,49758,25622,0.7553711720378387,467,244,30612,32315,7773,4253,10229,12731,46027,37497,10876,6425,5639,4563,16309,3027,9216,3645,418,743,3141,1683,30144,1224,4880,1280,453,4227,711,8489
1036,1532,1036.357168260052,99792,795,402,146,58,49910,25706,0.7577360910694244,469,236,30560,32302,7845,4313,10183,12687,46030,37504,10894,6455,5615,4551,16245,3027,9283,3665,417,760,3202,1678,30065,1223,4867,1279,454,4239,729,8493
1037,1532,1037.164248596226,99791,802,396,147,58,50002,25758,0.7591867002034252,476,238,30497,32284,7893,4357,10183,12665,46033,37511,10911,6485,5600,4536,16214,3036,9303,3683,416,771,3253,1678,29996,1220,4856,1284,453,4250,747,8495
1038,1532,1038.3771519112418,99791,816,375,147,58,50144,25812,0.7611508051828321,492,245,30438,32296,7956,4404,10149,12620,46036,37518,10928,6514,5581,4522,16160,3049,9344,3717,416,786,3314,1673,29917,1212,4845,1284,454,4262,759,8496
1039,1532,1039.1869732397956,99791,820,386,147,58,50234,25861,0.7625437163672074,519,258,30379,32278,8000,4417,10133,12601,46039,37525,10945,6543,5568,4508,16123,3059,9368,3740,416,792,3344,1669,29871,1208,4834,1286,456,4275,768,8506
1040,1532,1040.4039487459474,99791,853,385,147,58,50408,25935,0.7650289104227836,498,269,30335,32256,8071,4474,10094,12556,46042,37532,10962,6572,5540,4493,16090,3065,9403,3770,415,812,3425,1666,29775,1206,4818,1285,456,4279,785,8508
1041,1532,1041.2162001843153,99790,879,388,148,58,50517,25989,0.766670007014731,508,270,30278,32253,8110,4509,10075,12520,46045,37539,10978,6601,5524,4481,16054,3068,9440,3790,415,823,3463,1663,29714,1204,4806,1286,457,4284,793,8525
1042,1532,1042.0294282361483,99790,898,400,148,58,50631,26049,0.768413668704279,488,260,30238,32246,8166,4546,10060,12488,46048,37546,10994,6629,5513,4468,16016,3074,9472,3815,413,830,3505,1660,29655,1203,4793,1287,458,4291,801,8536
1043,1532,1043.2512086896086,99790,891,410,148,58,50773,26120,0.7705481511173464,503,272,30181,32236,8259,4578,10016,12444,46051,37553,11010,6657,5490,4443,15974,3095,9507,3854,410,847,3557,1654,29582,1197,4781,1285,461,4295,810,8548
1044,1532,1044.0667706848437,99790,897,418,148,58,50880,26173,0.7721515181881952,505,283,30128,32217,8318,4599,10002,12423,46054,37560,11026,6685,5478,4434,15937,3098,9536,3888,410,854,3589,1649,29530,1195,4768,1283,463,4302,819,8557
1045,1532,1045.2926091936274,99790,886,453,148,58,51026,26267,0.7745565687944684,532,278,30067,32216,8411,4636,9954,12357,46057,37567,11041,6713,5453,4415,15882,3113,9595,3914,408,874,3644,1643,29460,1189,4750,1280,464,4313,837,8556
1046,1532,1046.110976454073,99789,901,445,148,59,51146,26320,0.7762979887562758,521,271,30031,32218,8475,4676,9922,12329,46060,37574,11056,6740,5432,4404,15839,3123,9619,3943,407,890,3699,1643,29395,1184,4741,1281,462,4321,853,8553
1047,1532,1047.3401607107312,99789,920,461,148,59,51309,26403,0.7787631903315997,545,278,29973,32203,8545,4725,9867,12272,46063,37581,11071,6767,5412,4384,15788,3139,9669,3973,406,902,3763,1636,29318,1179,4726,1284,463,4327,861,8559
1048,1532,1048.1605905678266,99789,934,483,148,59,51423,26466,0.7805369329284791,546,285,29907,32175,8614,4752,9849,12244,46066,37588,11086,6794,5398,4374,15755,3141,9705,3993,404,913,3798,1631,29263,1176,4718,1287,464,4331,874,8564
1049,1532,1049.3938985251327,99789,937,483,148,59,51587,26548,0.7830021345038031,544,305,29841,32167,8724,4803,9804,12181,46069,37595,11101,6821,5376,4352,15720,3154,9744,4031,402,933,3864,1626,29173,1170,4701,1288,466,4332,898,8559
1050,1532,1050.217512833185,99789,964,503,148,59,51719,26610,0.7849462365591398,523,304,29802,32158,8783,4833,9778,12141,46072,37602,11115,6847,5365,4343,15682,3155,9774,4057,401,943,3904,1623,29112,1164,4692,1293,469,4336,912,8564
1051,1532,1051.0422194343018,99789,964,517,148,59,51826,26679,0.7867099580114041,533,310,29757,32145,8836,4864,9760,12103,46075,37609,11129,6873,5345,4329,15653,3163,9804,4087,401,957,3941,1621,29058,1159,4676,1296,468,4340,923,8568
1052,1532,1052.281313390245,99789,958,500,148,59,51998,26781,0.7894557516359518,546,295,29684,32147,8951,4960,9711,12037,46078,37616,11143,6899,5318,4308,15583,3173,9872,4148,401,980,4008,1614,28973,1156,4654,1295,469,4334,944,8559
1053,1532,1053.1090503541932,99788,953,517,148,60,52099,26850,0.791167274622199,583,277,29611,32139,9006,4992,9697,12013,46081,37623,11157,6925,5299,4293,15551,3181,9909,4169,401,992,4052,1611,28909,1152,4642,1297,470,4336,957,8567
1054,1532,1054.3534676384902,99788,984,509,148,60,52275,26935,0.7937828195775043,572,294,29562,32116,9085,5057,9647,11962,46084,37630,11170,6951,5283,4263,15512,3208,9950,4205,398,1006,4127,1612,28813,1147,4620,1296,469,4338,973,8568
1055,1532,1055.1841841415937,99786,993,489,149,61,52397,26994,0.7956126109875132,569,302,29524,32117,9147,5112,9616,11917,46087,37637,11183,6976,5266,4247,15470,3223,9986,4236,396,1016,4173,1610,28743,1142,4613,1296,469,4341,989,8570
1056,1532,1056.0160468000167,99786,997,504,149,61,52521,27056,0.797476599923837,565,304,29475,32107,9218,5138,9594,11884,46090,37643,11196,7001,5252,4231,15437,3232,10017,4265,396,1024,4220,1606,28682,1138,4599,1298,469,4348,999,8573
1057,1532,1057.2660925511698,99786,987,483,149,61,52701,27138,0.8001022187481209,549,318,29416,32109,9342,5207,9555,11820,46093,37649,11209,7026,5220,4214,15366,3236,10102,4296,396,1051,4295,1601,28585,1130,4587,1300,470,4352,1023,8562
1058,1532,1058.1011970332372,99786,978,494,149,61,52808,27203,0.8018259074419257,570,312,29378,32100,9393,5238,9530,11793,46096,37655,11222,7051,5206,4195,15336,3251,10124,4324,396,1057,4342,1599,28521,1126,4580,1297,470,4360,1039,8563
1059,1532,1059.3555327126815,99785,983,512,150,61,52996,27301,0.8047001052262364,561,318,29339,32089,9498,5281,9467,11737,46099,37661,11235,7075,5185,4174,15271,3265,10188,4364,394,1071,4408,1591,28437,1126,4566,1296,472,4361,1062,8554
1060,1532,1060.1927727180225,99785,997,523,150,61,53114,27373,0.80660419902791,564,320,29286,32080,9559,5322,9442,11692,46102,37667,11247,7099,5169,4163,15236,3264,10224,4393,392,1085,4447,1589,28378,1123,4557,1294,472,4365,1075,8559
1061,1532,1061.031134611695,99785,1011,514,150,61,53238,27437,0.8084882497369345,548,341,29234,32063,9627,5379,9428,11640,46105,37673,11259,7123,5163,4142,15201,3271,10258,4429,392,1087,4499,1587,28312,1121,4543,1298,472,4365,1089,8556
1062,1532,1062.2911035679072,99784,1018,548,151,61,53418,27541,0.8113424997995671,544,336,29183,32050,9724,5416,9378,11587,46108,37679,11271,7147,5145,4123,15156,3281,10300,4474,390,1104,4563,1582,28230,1115,4527,1295,471,4369,1108,8551
1063,1532,1063.132179854346,99784,1014,564,151,61,53530,27614,0.8131965044496111,539,339,29148,32016,9792,5457,9354,11561,46111,37685,11283,7171,5135,4112,15120,3289,10330,4509,388,1109,4603,1579,28174,1110,4516,1296,472,4369,1127,8546
1064,1532,1064.3958193660817,99784,1028,550,151,61,53701,27714,0.8159123707207568,560,347,29087,32026,9860,5539,9312,11475,46114,37691,11295,7194,5118,4101,15077,3294,10379,4553,388,1120,4684,1574,28071,1105,4497,1294,476,4370,1159,8524
1065,1532,1065.239384468639,99784,1009,551,151,61,53805,27778,0.817596007375932,579,358,29048,32009,9936,5575,9275,11444,46117,37697,11306,7217,5097,4089,15042,3302,10421,4582,387,1134,4727,1566,28011,1102,4485,1291,475,4375,1178,8520
1066,1532,1066.0839202016004,99784,1017,569,151,61,53933,27862,0.819720596488415,571,347,29015,32000,9994,5616,9250,11405,46120,37703,11317,7240,5076,4074,15007,3302,10465,4609,387,1151,4766,1562,27949,1099,4476,1295,473,4376,1198,8519
1067,1532,1067.3526812146217,99784,1045,577,151,61,54137,27957,0.8227170688687565,562,350,28939,32000,10102,5665,9199,11345,46123,37709,11328,7263,5056,4051,14954,3321,10510,4651,385,1166,4846,1558,27858,1093,4462,1292,473,4380,1221,8507
1068,1532,1068.2000633741168,99783,1048,575,151,62,54254,28020,0.8245292284256838,581,348,28878,31997,10166,5706,9174,11310,46126,37715,11339,7285,5047,4041,14917,3326,10560,4674,384,1172,4889,1551,27790,1090,4447,1293,476,4383,1240,8503
1069,1532,1069.0488855513101,99783,1045,585,151,62,54370,28105,0.8265435996111562,601,328,28816,32002,10236,5757,9149,11264,46129,37721,11350,7307,5038,4025,14874,3336,10607,4704,384,1175,4944,1547,27717,1087,4431,1294,477,4386,1256,8501
1070,1532,1070.3253961280282,99782,1067,567,152,62,54575,28193,0.829488284460123,600,353,28755,31974,10327,5831,9097,11211,46132,37727,11361,7329,5006,4007,14826,3343,10662,4744,384,1202,5030,1542,27615,1083,4415,1292,475,4389,1282,8485
1071,1532,1071.1777838288235,99781,1066,577,153,62,54711,28264,0.8315711407983484,602,342,28709,31973,10405,5864,9063,11180,46135,37733,11372,7351,4993,3995,14786,3356,10698,4784,379,1208,5082,1540,27550,1077,4399,1294,475,4386,1293,8486
1072,1532,1072.0315026532123,99780,1074,578,153,63,54841,28339,0.8336339947885347,627,343,28663,31954,10457,5917,9024,11143,46138,37739,11382,7373,4980,3981,14749,3360,10734,4825,378,1217,5132,1539,27481,1075,4388,1292,475,4379,1312,8483
1073,1532,1073.3142056839663,99778,1114,598,155,63,55066,28455,0.8370682916073684,605,326,28584,31947,10564,5977,8976,11087,46141,37745,11392,7394,4960,3964,14686,3364,10805,4874,377,1229,5196,1535,27402,1070,4371,1289,475,4375,1335,8471
1074,1532,1074.1709721799093,99778,1086,573,155,63,55180,28524,0.838902363246407,625,327,28521,31942,10656,6041,8955,11052,46144,37751,11402,7415,4937,3946,14644,3383,10834,4920,375,1244,5263,1529,27322,1065,4363,1287,475,4370,1357,8464
1075,1532,1075.0297106008097,99778,1085,572,155,63,55306,28601,0.8409368798733188,638,326,28471,31921,10718,6107,8931,11009,46147,37757,11412,7436,4909,3933,14603,3394,10881,4948,374,1267,5309,1526,27259,1059,4347,1287,476,4373,1372,8461
1076,1532,1076.3208391338349,99778,1084,571,155,63,55490,28709,0.8438633766962657,668,326,28385,31907,10827,6176,8879,10955,46150,37763,11422,7457,4882,3919,14551,3400,10929,4998,373,1287,5401,1522,27152,1053,4335,1283,476,4372,1393,8452
1077,1532,1077.1834761948342,99778,1083,585,155,63,55628,28794,0.8460983383110505,669,319,28343,31900,10903,6220,8845,10911,46153,37769,11432,7478,4871,3905,14507,3402,10971,5038,373,1292,5463,1519,27077,1052,4324,1283,477,4371,1410,8443
1078,1532,1078.047323863944,99778,1097,595,155,63,55766,28869,0.8482330774318988,664,327,28297,31891,10959,6246,8826,10876,46156,37775,11442,7499,4861,3896,14475,3402,11011,5073,371,1294,5508,1517,27010,1050,4313,1283,478,4367,1425,8444
1079,1532,1079.3455468987515,99778,1122,594,155,63,55995,28980,0.8516406422257411,652,331,28230,31869,11062,6324,8777,10817,46159,37781,11451,7519,4833,3875,14425,3420,11075,5119,368,1317,5592,1513,26901,1041,4301,1280,477,4357,1453,8431
1080,1532,1080.2126342572094,99778,1117,581,155,63,56129,29044,0.8536250476056846,650,324,28191,31869,11145,6368,8740,10793,46162,37787,11460,7539,4819,3860,14382,3418,11128,5157,368,1329,5647,1509,26830,1035,4290,1280,474,4357,1470,8425
1081,1532,1081.081008945163,99778,1133,582,155,63,56280,29111,0.8558098979735012,654,344,28127,31835,11215,6410,8714,10764,46165,37793,11469,7559,4800,3842,14331,3428,11172,5194,368,1342,5698,1503,26767,1032,4285,1276,474,4363,1477,8426
1082,1532,1082.3868456332095,99778,1092,572,155,63,56479,29219,0.8588867285373529,663,354,28055,31824,11375,6485,8658,10700,46168,37799,11478,7579,4777,3818,14273,3439,11239,5254,366,1358,5797,1495,26645,1025,4277,1271,474,4353,1502,8415
1083,1532,1083.2595192908952,99778,1114,578,155,63,56638,29289,0.8611818236484997,647,354,28021,31816,11445,6521,8616,10666,46171,37805,11487,7599,4760,3802,14229,3455,11289,5288,365,1370,5839,1492,26577,1022,4267,1268,475,4348,1515,8417
1084,1532,1084.1334363366866,99778,1163,579,155,63,56791,29375,0.863577141253583,653,353,27952,31797,11477,6576,8598,10630,46174,37811,11496,7618,4741,3793,14194,3455,11330,5316,363,1384,5894,1488,26507,1020,4258,1268,477,4350,1528,8412
1085,1532,1085.0085123311128,99778,1153,574,155,63,56935,29439,0.865661769127463,654,361,27910,31801,11562,6611,8564,10588,46177,37817,11505,7637,4728,3780,14163,3459,11377,5359,362,1394,5947,1480,26428,1015,4246,1264,477,4349,1539,8411
1086,1532,1086.3240691433923,99778,1172,591,155,63,57138,29561,0.8689190001804005,662,370,27832,31772,11662,6675,8515,10527,46180,37823,11514,7656,4711,3765,14106,3470,11444,5416,361,1403,6009,1474,26345,1012,4227,1259,476,4338,1565,8397
1087,1532,1087.2027934460518,99778,1161,597,155,63,57277,29646,0.871163984044579,682,371,27757,31751,11749,6728,8494,10488,46183,37829,11522,7675,4694,3746,14058,3491,11490,5454,359,1414,6060,1469,26279,1003,4218,1258,476,4338,1585,8386
1088,1532,1088.0834392014092,99777,1160,611,156,63,57415,29739,0.8734878779678683,697,371,27681,31731,11828,6774,8476,10448,46186,37835,11530,7694,4671,3727,14017,3501,11538,5491,359,1433,6104,1465,26214,1001,4208,1259,475,4333,1601,8380
1089,1532,1089.4083912615101,99776,1176,589,156,64,57648,29848,0.8769243104554202,688,386,27608,31711,11948,6856,8422,10392,46189,37841,11538,7713,4642,3699,13970,3511,11610,5542,359,1457,6171,1463,26115,996,4185,1252,475,4335,1641,8353
1090,1532,1090.2936691963157,99775,1170,601,157,64,57802,29936,0.8793585567526936,690,382,27547,31683,12038,6908,8396,10360,46192,37847,11546,7731,4628,3685,13917,3518,11664,5580,358,1466,6223,1461,26041,990,4178,1253,474,4334,1663,8342
1091,1532,1091.180995761315,99775,1179,599,157,64,57960,30009,0.8816737659734403,681,400,27496,31661,12120,6957,8365,10317,46195,37853,11554,7749,4603,3671,13890,3520,11702,5613,355,1484,6284,1457,25962,987,4171,1253,474,4329,1691,8329
1092,1532,1092.0698935032578,99775,1195,606,157,64,58124,30092,0.8841493360060135,674,393,27426,31652,12196,6997,8350,10286,46198,37859,11562,7767,4587,3657,13852,3525,11754,5650,353,1494,6336,1449,25890,985,4161,1252,475,4323,1715,8317
1093,1532,1093.4072617106272,99774,1183,619,158,64,58331,30217,0.8874857177220519,672,376,27349,31635,12319,7073,8317,10231,46201,37865,11570,7785,4562,3628,13791,3543,11826,5694,351,1512,6427,1445,25784,982,4142,1252,475,4319,1741,8300
1094,1532,1094.3010498546937,99773,1179,612,159,64,58476,30294,0.8897196636364547,650,395,27319,31614,12396,7120,8295,10193,46204,37871,11578,7803,4541,3609,13755,3561,11875,5725,349,1526,6479,1441,25717,974,4127,1252,476,4312,1768,8286
