,indexID,time,N,Inf_L,Inf_H,Dead_L,Dead_H,cum_cases_L,cum_cases_H,cum_sum_per_N,Exposed_L,Exposed_H,Sus_L,Sus_H,Rec_nat_L,Rec_nat_H,Rec_vax_L,Rec_vax_H,vaccinatedH,vaccinatedL,boostedH,boostedL,count_Naive,count_Delta,count_Delta_vaccine,count_two,count_three,count_four,count_Omicron,count_Omicron_star,count_Omicron_star_vaccine,count_Omicron_vaccine,count_Vaccine,count_WT,count_WT_vaccine,count_WT_vaccine_boost,count_Omicron_vaccine_boost,count_Delta_vaccine_boost,count_Omicron_star_vaccine_boost,count_Vaccine_boost
0,732,1.0457874769625417,99996,5,5,0,0,6,6,0.00012000480019200768,19,19,49973,49973,1,1,0,0,0,0,0,0,99994,0,0,0,0,0,0,0,0,0,0,2,0,0,0,0,0,0
1,732,2.018885340333984,99996,7,11,0,0,10,12,0.00022000880035201407,18,14,49970,49972,3,1,0,0,0,0,0,0,99992,0,0,0,0,0,0,0,0,0,0,4,0,0,0,0,0,0
2,732,3.2125464810962177,99996,13,13,0,0,18,17,0.0003500140005600224,13,10,49967,49971,5,4,0,0,0,0,0,0,99987,0,0,0,0,0,0,0,0,0,0,9,0,0,0,0,0,0
3,732,4.076014678881418,99996,14,13,0,0,20,18,0.0003800152006080243,12,10,49966,49970,6,5,0,0,0,0,0,0,99985,0,0,0,0,0,0,0,0,0,0,11,0,0,0,0,0,0
4,732,5.0041501735068845,99996,17,14,0,0,23,19,0.0004200168006720269,15,11,49960,49968,6,5,0,0,0,0,0,0,99985,0,0,0,0,0,0,0,0,0,0,11,0,0,0,0,0,0
5,732,6.006178596303513,99996,18,15,0,0,26,23,0.0004900196007840313,14,11,49958,49964,8,8,0,0,0,0,0,0,99980,0,0,0,0,0,0,0,0,0,0,16,0,0,0,0,0,0
6,732,7.016665769242029,99996,18,12,0,0,30,24,0.0005400216008640345,13,12,49955,49962,12,12,0,0,0,0,0,0,99972,0,0,0,0,0,0,0,0,0,0,24,0,0,0,0,0,0
7,732,8.005682293617424,99996,18,13,0,0,33,27,0.0006000240009600384,14,12,49951,49959,15,14,0,0,0,0,0,0,99967,0,0,0,0,0,0,0,0,0,0,29,0,0,0,0,0,0
8,732,9.031562911104542,99996,20,13,0,0,36,29,0.0006500260010400416,14,10,49950,49961,14,14,0,0,0,0,0,0,99964,0,0,0,0,0,0,0,0,0,0,32,0,0,0,0,0,0
9,732,10.001289007183065,99996,20,12,0,0,40,30,0.0007000280011200448,12,11,49948,49959,18,16,0,0,0,0,0,0,99958,0,0,0,0,0,0,0,0,0,0,38,0,0,0,0,0,0
10,732,11.0364957491544,99996,19,18,0,0,44,36,0.0008000320012800512,9,9,49947,49955,23,16,0,0,0,0,0,0,99953,0,0,0,0,0,0,0,0,0,0,43,0,0,0,0,0,0
11,732,12.06493401153068,99995,19,18,1,0,48,39,0.0008700435021751087,7,9,49945,49952,26,19,0,0,0,0,0,0,99946,0,0,0,0,0,0,0,0,0,0,49,0,0,0,0,0,0
12,732,13.02657399343602,99995,17,18,1,0,51,43,0.0009400470023501176,8,7,49941,49950,31,23,0,0,0,0,0,0,99937,0,0,0,0,0,0,0,0,0,0,58,0,0,0,0,0,0
13,732,14.01888875911048,99995,19,16,1,0,54,44,0.0009800490024501226,7,8,49939,49948,32,26,0,0,0,0,0,0,99933,0,0,0,0,0,0,0,0,0,0,62,0,0,0,0,0,0
14,732,15.008719413355683,99995,19,17,1,0,57,47,0.00104005200260013,16,9,49927,49944,35,28,0,0,0,0,0,0,99928,0,0,0,0,0,0,0,0,0,0,67,0,0,0,0,0,0
15,732,16.002052564059852,99995,17,18,1,0,59,51,0.0011000550027501375,16,6,49925,49943,39,31,0,0,0,0,0,0,99921,0,0,0,0,0,0,0,0,0,0,74,0,0,0,0,0,0
16,732,17.00893707726769,99995,16,16,1,0,61,54,0.0011500575028751438,17,7,49922,49939,42,36,0,0,0,0,0,0,99913,0,0,0,0,0,0,0,0,0,0,82,0,0,0,0,0,0
17,732,18.02056186693043,99995,19,16,1,0,66,55,0.0012100605030251513,17,11,49917,49934,44,37,0,0,0,0,0,0,99910,0,0,0,0,0,0,0,0,0,0,85,0,0,0,0,0,0
18,732,19.105282984973318,99995,23,17,1,0,72,59,0.0013100655032751637,15,8,49914,49934,45,39,0,0,0,0,0,0,99905,0,0,0,0,0,0,0,0,0,0,90,0,0,0,0,0,0
19,732,20.169717977386924,99995,20,16,1,0,75,62,0.0013700685034251712,20,7,49906,49932,51,43,0,0,0,0,0,0,99895,0,0,0,0,0,0,0,0,0,0,100,0,0,0,0,0,0
20,732,21.11762009680689,99995,21,18,1,0,80,65,0.0014500725036251812,17,4,49904,49933,55,43,0,0,0,0,0,0,99890,0,0,0,0,0,0,0,0,0,0,105,0,0,0,0,0,0
21,732,22.027871907466345,99995,22,17,1,0,82,66,0.001480074003700185,17,4,49903,49933,55,44,0,0,0,0,0,0,99887,0,0,0,0,0,0,0,0,0,0,108,0,0,0,0,0,0
22,732,23.018759830379388,99995,20,17,1,0,85,68,0.0015300765038251912,17,6,49900,49929,60,46,0,0,0,0,0,0,99880,0,0,0,0,0,0,0,0,0,0,115,0,0,0,0,0,0
23,732,24.32237063491309,99995,25,18,1,0,93,71,0.001640082004100205,18,6,49891,49926,63,48,0,0,0,0,0,0,99875,0,0,0,0,0,0,0,0,0,0,120,0,0,0,0,0,0
24,732,25.21256613418514,99995,25,19,1,0,98,72,0.0017000850042502124,17,7,49887,49925,68,47,0,0,0,0,0,0,99870,0,0,0,0,0,0,0,0,0,0,125,0,0,0,0,0,0
25,732,26.01790857566685,99995,30,21,1,0,104,74,0.0017800890044502224,14,9,49884,49921,69,47,0,0,0,0,0,0,99869,0,0,0,0,0,0,0,0,0,0,126,0,0,0,0,0,0
26,732,27.08709021491506,99995,38,20,1,0,115,75,0.0019000950047502376,11,13,49876,49916,72,49,0,0,0,0,0,0,99864,0,0,0,0,0,0,0,0,0,0,131,0,0,0,0,0,0
27,732,28.159898390524333,99995,35,21,1,0,119,79,0.0019800990049502476,14,15,49870,49910,78,52,0,0,0,0,0,0,99854,0,0,0,0,0,0,0,0,0,0,141,0,0,0,0,0,0
28,732,29.120071089175404,99995,33,18,1,0,120,82,0.0020201010050502526,16,14,49868,49908,80,58,0,0,0,0,0,0,99845,0,0,0,0,0,0,0,0,0,0,150,0,0,0,0,0,0
29,732,30.006696669273023,99995,34,20,1,0,124,85,0.002090104505225261,21,13,49860,49907,82,58,0,0,0,0,0,0,99841,0,0,0,0,0,0,0,0,0,0,154,0,0,0,0,0,0
30,732,31.008175042247,99995,35,21,1,0,132,89,0.002210110505525276,20,13,49854,49903,88,61,0,0,0,0,0,0,99831,0,0,0,0,0,0,0,0,0,0,164,0,0,0,0,0,0
31,732,32.28751106297728,99995,35,19,1,0,138,89,0.0022701135056752836,17,19,49851,49897,94,63,0,0,0,0,0,0,99823,0,0,0,0,0,0,0,0,0,0,172,0,0,0,0,0,0
32,732,33.12910339989404,99995,40,25,1,0,144,97,0.002410120506025301,15,13,49848,49895,94,65,0,0,0,0,0,0,99820,0,0,0,0,0,0,0,0,0,0,175,0,0,0,0,0,0
33,732,34.25366953523907,99995,31,21,1,0,147,100,0.0024701235061753085,19,11,49843,49894,104,72,0,0,0,0,0,0,99801,0,0,0,0,0,0,0,0,0,0,194,0,0,0,0,0,0
34,732,35.10375414158725,99995,24,20,1,0,148,101,0.0024901245062253115,20,14,49842,49891,111,73,0,0,0,0,0,0,99791,0,0,0,0,0,0,0,0,0,0,204,0,0,0,0,0,0
35,732,36.10955674658926,99995,23,21,1,0,150,103,0.0025301265063253165,20,14,49840,49889,114,74,0,0,0,0,0,0,99787,0,0,0,0,0,0,0,0,0,0,208,0,0,0,0,0,0
36,732,37.107097357723745,99995,28,19,1,0,156,106,0.0026201310065503275,16,13,49839,49887,114,79,0,0,0,0,0,0,99781,0,0,0,0,0,0,0,0,0,0,214,0,0,0,0,0,0
37,732,38.04675224332261,99995,29,19,1,0,159,110,0.0026901345067253364,17,12,49835,49884,116,83,0,0,0,0,0,0,99776,0,0,1,0,0,0,0,0,0,0,218,0,0,0,0,0,0
38,732,39.27181398622508,99995,30,21,1,0,164,116,0.00280014000700035,20,10,49828,49880,119,87,0,0,0,0,0,0,99768,0,0,1,0,0,0,0,0,0,0,226,0,0,0,0,0,0
39,732,40.06967632517728,99995,30,21,1,0,168,119,0.002870143507175359,22,9,49823,49878,122,90,0,0,0,0,0,0,99761,0,0,1,0,0,0,0,0,0,0,233,0,0,0,0,0,0
40,732,41.03511675600481,99995,22,18,1,0,171,119,0.0029001450072503624,25,13,49817,49875,133,92,0,0,0,0,0,0,99747,0,0,1,0,0,0,0,0,0,0,247,0,0,0,0,0,0
41,732,42.24526462708981,99995,26,19,1,0,179,125,0.00304015200760038,18,11,49816,49871,137,97,0,0,0,0,0,0,99738,0,0,1,0,0,0,0,0,0,0,256,0,0,0,0,0,0
42,732,43.022195880839895,99995,31,17,1,0,184,126,0.0031001550077503874,18,11,49812,49870,136,100,0,0,0,0,0,0,99735,0,0,1,0,0,0,0,0,0,0,259,0,0,0,0,0,0
43,732,44.26191666810146,99995,33,20,1,0,189,130,0.003190159507975399,17,14,49808,49863,139,101,0,0,0,0,0,0,99731,0,0,1,0,0,0,0,0,0,0,263,0,0,0,0,0,0
44,732,45.01005740356212,99995,31,23,1,0,191,133,0.003240162008100405,21,14,49802,49861,143,100,0,0,0,0,0,0,99727,0,0,1,0,0,0,0,0,0,0,267,0,0,0,0,0,0
45,732,46.10084822892713,99995,34,20,1,0,195,135,0.0033001650082504124,23,16,49797,49858,143,104,0,0,0,0,0,0,99721,0,0,1,0,0,0,0,0,0,0,273,0,0,0,0,0,0
46,732,47.21965809601907,99995,31,19,1,0,197,136,0.0033301665083254163,26,18,49794,49856,146,105,0,0,0,0,0,0,99714,0,0,1,0,0,0,0,0,0,0,280,0,0,0,0,0,0
47,732,48.09458673544656,99995,32,20,1,0,205,142,0.003470173508675434,21,14,49791,49855,153,109,0,0,0,0,0,0,99702,0,0,1,0,0,0,0,0,0,0,292,0,0,0,0,0,0
48,732,49.05949108203162,99995,33,21,1,0,211,147,0.0035801790089504473,19,12,49788,49852,157,113,0,0,0,0,0,0,99693,0,0,1,0,0,0,0,0,0,0,301,0,0,0,0,0,0
49,732,50.04292748222648,99995,28,21,1,0,214,150,0.003640182009100455,23,13,49782,49849,164,115,0,0,0,0,0,0,99682,0,0,1,0,0,0,0,0,0,0,312,0,0,0,0,0,0
50,732,51.070810319388876,99995,29,23,1,0,219,154,0.0037301865093254663,26,12,49776,49847,166,116,0,0,0,0,0,0,99676,0,0,1,0,0,0,0,0,0,0,318,0,0,0,0,0,0
51,732,52.12667660962176,99995,37,23,1,0,229,157,0.0038601930096504827,26,12,49766,49845,168,118,0,0,0,0,0,0,99671,0,0,1,0,0,0,0,0,0,0,323,0,0,0,0,0,0
52,732,53.00567932060784,99994,32,21,2,0,235,161,0.003960237614256856,33,11,49754,49842,177,124,0,0,0,0,0,0,99654,0,0,1,0,0,0,0,0,0,0,339,0,0,0,0,0,0
53,732,54.24702415918856,99994,35,21,2,0,245,165,0.004100246014760885,28,10,49749,49840,184,127,0,0,0,0,0,0,99644,0,0,2,0,0,0,0,0,0,0,348,0,0,0,0,0,0
54,732,55.25668542015099,99994,38,18,2,0,252,166,0.004180250815048903,24,11,49747,49838,187,131,0,0,0,0,0,0,99636,0,0,2,0,0,0,0,0,0,0,356,0,0,0,0,0,0
55,732,56.176216690917286,99994,43,18,2,0,259,167,0.00426025561533692,23,12,49741,49836,189,132,0,0,0,0,0,0,99633,0,0,2,0,0,0,0,0,0,0,359,0,0,0,0,0,0
56,732,57.129166894687955,99994,41,18,2,0,263,169,0.004320259215552933,28,16,49737,49830,190,134,0,0,0,0,0,0,99625,0,0,2,0,0,0,0,0,0,0,367,0,0,0,0,0,0
57,732,58.044224231520566,99994,50,14,2,0,275,169,0.004440266415984959,19,18,49736,49829,191,137,0,0,0,0,0,0,99618,0,0,2,0,0,0,0,0,0,0,374,0,0,0,0,0,0
58,732,59.14083945732141,99994,52,21,2,0,286,178,0.004640278416705002,17,12,49729,49826,198,139,0,0,0,0,0,0,99607,0,0,2,0,0,0,0,0,0,0,385,0,0,0,0,0,0
59,732,60.02525604628908,99994,47,23,2,0,291,184,0.004750285017101026,18,8,49723,49825,208,142,0,0,0,0,0,0,99593,0,0,2,0,0,0,0,0,0,0,399,0,0,0,0,0,0
60,732,61.037434296859104,99994,49,23,2,0,300,185,0.004850291017461048,15,13,49718,49819,214,143,0,0,0,0,0,0,99585,0,0,2,0,0,0,0,0,0,0,407,0,0,0,0,0,0
61,732,62.01402433348458,99994,55,24,2,0,309,189,0.004980298817929075,18,13,49706,49815,217,146,0,0,0,0,0,0,99579,0,0,2,0,0,0,0,0,0,0,413,0,0,0,0,0,0
62,732,63.02741087373717,99994,55,27,2,0,315,193,0.005080304818289097,22,11,49697,49813,222,147,0,0,0,0,0,0,99572,0,0,2,0,0,0,0,0,0,0,420,0,0,0,0,0,0
63,732,64.11169857908259,99994,58,27,2,0,326,195,0.005210312618757125,15,16,49694,49806,229,149,0,0,0,0,0,0,99562,0,0,2,0,0,0,0,0,0,0,430,0,0,0,0,0,0
64,732,65.30005764056287,99994,50,29,2,0,330,200,0.005300318019081145,25,17,49682,49802,239,150,0,0,0,0,0,0,99547,0,0,2,0,0,0,0,0,0,0,445,0,0,0,0,0,0
65,732,66.22144343569606,99994,43,27,2,0,334,201,0.005350321019261156,27,20,49676,49800,250,151,0,0,0,0,0,0,99533,0,0,2,0,0,0,0,0,0,0,459,0,0,0,0,0,0
66,732,67.06484855594306,99994,39,28,2,0,338,205,0.005430325819549173,27,18,49672,49798,258,154,0,0,0,0,0,0,99522,0,0,2,0,0,0,0,0,0,0,470,0,0,0,0,0,0
67,732,68.01003073779607,99994,40,32,2,0,341,210,0.00551033061983719,28,17,49669,49794,259,155,0,0,0,0,0,0,99519,0,0,2,0,0,0,0,0,0,0,473,0,0,0,0,0,0
68,732,69.28572193118232,99994,38,34,2,0,350,217,0.005670340220413224,29,20,49660,49786,269,158,0,0,0,0,0,0,99503,0,0,2,0,0,0,0,0,0,0,489,0,0,0,0,0,0
69,732,70.0478801917876,99994,46,34,2,0,361,222,0.0058303498209892595,21,18,49659,49783,270,163,0,0,0,0,0,0,99495,0,0,2,0,0,0,0,0,0,0,497,0,0,0,0,0,0
70,732,71.06305326095989,99994,37,34,2,0,364,227,0.005910354621277277,28,24,49649,49772,282,168,0,0,0,0,0,0,99478,0,0,2,0,0,0,0,0,0,0,514,0,0,0,0,0,0
71,732,72.04975293915255,99994,37,30,2,0,371,229,0.006000360021601296,25,23,49646,49773,288,172,0,0,0,0,0,0,99465,0,0,2,0,0,0,0,0,0,0,527,0,0,0,0,0,0
72,732,73.03657665920754,99994,40,27,2,0,376,233,0.006090365421925315,31,23,49636,49769,289,179,0,0,0,0,0,0,99456,0,0,2,0,0,0,0,0,0,0,536,0,0,0,0,0,0
73,732,74.02352370515639,99994,38,31,2,0,383,238,0.0062103726223573415,28,21,49634,49767,296,179,0,0,0,0,0,0,99446,0,0,2,0,0,0,0,0,0,0,546,0,0,0,0,0,0
74,732,75.02445334669794,99994,37,37,2,0,390,245,0.006350381022861372,22,18,49634,49763,303,180,0,0,0,0,0,0,99437,0,0,2,0,0,0,0,0,0,0,555,0,0,0,0,0,0
75,732,76.17302824624618,99994,38,35,2,0,400,250,0.006500390023401404,24,16,49624,49761,310,186,0,0,0,0,0,0,99421,0,0,2,0,0,0,0,0,0,0,571,0,0,0,0,0,0
76,732,77.06278802015204,99994,37,38,2,0,405,255,0.006600396023761426,22,13,49623,49759,314,188,0,0,0,0,0,0,99413,0,0,2,0,0,0,0,0,0,0,579,0,0,0,0,0,0
77,732,78.04191274538245,99994,38,39,2,0,411,261,0.006720403224193452,21,14,49618,49752,319,193,0,0,0,0,0,0,99403,0,0,2,0,0,0,0,0,0,0,589,0,0,0,0,0,0
78,732,79.0067083949379,99994,42,34,2,0,417,265,0.006820409224553473,26,15,49608,49747,320,202,0,0,0,0,0,0,99392,0,0,2,0,0,0,0,0,0,0,600,0,0,0,0,0,0
79,732,80.07273600059001,99994,41,34,2,0,422,271,0.006930415824949497,23,12,49608,49744,324,208,0,0,0,0,0,0,99380,0,0,2,0,0,0,0,0,0,0,612,0,0,0,0,0,0
80,732,81.16750440857825,99994,43,32,2,0,429,274,0.007030421825309519,28,18,49598,49736,327,212,0,0,0,0,0,0,99370,0,0,2,0,0,0,0,0,0,0,622,0,0,0,0,0,0
81,732,82.24243253253927,99994,41,33,2,0,437,278,0.007150429025741544,29,21,49591,49731,335,213,0,0,0,0,0,0,99357,0,0,2,0,0,0,0,0,0,0,635,0,0,0,0,0,0
82,732,83.03761249234418,99994,43,36,2,0,439,283,0.00722043322599356,29,18,49589,49732,335,212,0,0,0,0,0,0,99355,0,0,2,0,0,0,0,0,0,0,637,0,0,0,0,0,0
83,732,84.0732953760806,99994,47,30,2,0,449,285,0.007340440426425585,28,18,49580,49730,341,220,0,0,0,0,0,0,99341,0,0,2,0,0,0,0,0,0,0,651,0,0,0,0,0,0
84,732,85.08216031440195,99994,50,32,2,0,458,290,0.007480448826929616,28,20,49571,49723,347,223,0,0,0,0,0,0,99332,0,0,2,0,0,0,0,0,0,0,660,0,0,0,0,0,0
85,732,86.17419067578582,99994,57,34,2,0,467,297,0.00764045842750565,32,18,49558,49720,349,226,0,0,0,0,0,0,99325,0,0,2,0,0,0,0,0,0,0,667,0,0,0,0,0,0
86,732,87.0741126462753,99994,56,33,2,0,472,303,0.007750465027901674,37,17,49550,49716,353,232,0,0,0,0,0,0,99312,0,0,2,0,0,0,0,0,0,0,680,0,0,0,0,0,0
87,732,88.23241236957982,99994,65,34,2,0,484,309,0.007930475828549713,36,18,49540,49711,355,235,0,0,0,0,0,0,99304,0,0,2,0,0,0,0,0,0,0,688,0,0,0,0,0,0
88,732,89.18495917340017,99994,71,38,2,0,496,317,0.008130487829269756,32,16,49532,49705,361,239,0,0,0,0,0,0,99294,0,0,2,0,0,0,0,0,0,0,698,0,0,0,0,0,0
89,732,90.19688333416686,99994,74,37,2,0,510,320,0.008300498029881793,29,20,49523,49699,370,242,0,0,0,0,0,0,99279,0,0,2,0,0,0,0,0,0,0,713,0,0,0,0,0,0
90,732,91.0323587906262,99994,73,36,2,0,518,326,0.008440506430385823,29,21,49516,49693,378,248,0,0,0,0,0,0,99263,0,0,2,0,0,0,0,0,0,0,729,0,0,0,0,0,0
91,732,92.02132715913102,99994,68,35,2,0,522,331,0.008530511830709842,31,19,49510,49690,387,254,0,0,0,0,0,0,99248,0,0,2,0,0,0,0,0,0,0,744,0,0,0,0,0,0
92,732,93.06514266564702,99994,67,34,2,0,534,338,0.008720523231393884,36,25,49496,49680,397,259,0,0,0,0,0,0,99227,0,0,2,0,0,0,0,0,0,0,765,0,0,0,0,0,0
93,732,94.0544837351989,99994,69,36,2,0,545,348,0.008930535832149929,36,23,49486,49673,405,266,0,0,0,0,0,0,99210,0,0,2,0,0,0,0,0,0,0,782,0,0,0,0,0,0
94,732,95.04401480458394,99994,71,40,2,0,557,353,0.009100546032761966,39,24,49473,49667,413,267,0,0,0,0,0,0,99199,0,0,2,0,0,0,0,0,0,0,793,0,0,0,0,0,0
95,732,96.03372838631904,99994,84,39,2,0,575,358,0.009330559833590015,33,25,49464,49662,415,272,0,0,0,0,0,0,99188,0,0,2,0,0,0,0,0,0,0,804,0,0,0,0,0,0
96,732,97.02356464336091,99994,81,37,2,0,586,359,0.009450567034022042,34,29,49453,49657,428,275,0,0,0,0,0,0,99171,0,0,2,0,0,0,0,0,0,0,821,0,0,0,0,0,0
97,732,98.01359426100056,99994,80,37,2,0,592,365,0.009570574234454067,42,27,49441,49654,433,280,0,0,0,0,0,0,99158,0,0,2,0,0,0,0,0,0,0,834,0,0,0,0,0,0
98,732,99.00382665503432,99994,77,43,2,0,602,372,0.009740584435066105,40,25,49436,49651,443,279,0,0,0,0,0,0,99144,0,0,2,0,0,0,0,0,0,0,848,0,0,0,0,0,0
99,732,100.32432143697805,99994,73,54,2,0,614,386,0.01000060003600216,45,20,49422,49643,456,281,0,0,0,0,0,0,99125,0,0,2,0,0,0,0,0,0,0,867,0,0,0,0,0,0
100,732,101.10495580260596,99994,72,56,2,0,619,391,0.010100606036362182,48,19,49414,49639,462,284,0,0,0,0,0,0,99116,0,0,2,0,0,0,0,0,0,0,876,0,0,0,0,0,0
101,732,102.16784351134308,99994,73,46,2,0,632,395,0.010270616236974218,55,24,49395,49632,473,296,0,0,0,0,0,0,99090,0,0,2,0,0,0,0,0,0,0,902,0,0,0,0,0,0
102,732,103.15891369479674,99994,79,47,2,0,649,402,0.01051063063783827,51,29,49382,49626,484,296,0,0,0,0,0,0,99073,0,0,2,0,0,0,0,0,0,0,919,0,0,0,0,0,0
103,732,104.15017381832531,99994,83,48,2,0,662,412,0.010740644438666319,45,23,49377,49626,491,301,0,0,0,0,0,0,99055,0,0,2,0,0,0,0,0,0,0,937,0,0,0,0,0,0
104,732,105.14160330301752,99993,78,48,3,0,672,418,0.01090076305341374,52,24,49361,49619,504,307,0,0,0,0,0,0,99035,0,0,3,0,0,0,0,0,0,0,955,0,0,0,0,0,0
105,732,106.1332911372355,99993,82,48,3,0,684,426,0.011100777054393808,49,20,49355,49616,509,314,0,0,0,0,0,0,99019,0,0,3,0,0,0,0,0,0,0,971,0,0,0,0,0,0
106,732,107.12511281691192,99993,82,41,3,0,695,428,0.011230786155030852,51,25,49342,49609,520,323,0,0,0,0,0,0,98999,0,0,3,0,0,0,0,0,0,0,991,0,0,0,0,0,0
107,732,108.11716572408811,99993,85,45,3,0,706,439,0.011450801556108928,53,23,49332,49600,525,330,0,0,0,0,0,0,98984,0,0,3,0,0,0,0,0,0,0,1006,0,0,0,0,0,0
108,732,109.10937809934809,99993,79,48,3,0,714,447,0.011610812756892982,60,20,49319,49597,537,333,0,0,0,0,0,0,98965,0,0,3,0,0,0,0,0,0,0,1025,0,0,0,0,0,0
109,732,110.10980863958062,99993,83,49,3,0,727,455,0.011820827457922055,60,20,49307,49589,545,340,0,0,0,0,0,0,98949,0,0,3,0,0,0,0,0,0,0,1041,0,0,0,0,0,0
110,732,111.16855602904405,99993,88,54,3,0,745,465,0.01210084705929415,59,23,49294,49577,554,344,0,0,0,0,0,0,98931,0,0,3,0,0,0,0,0,0,0,1059,0,0,0,0,0,0
111,732,112.16140817922162,99993,101,56,3,0,765,475,0.012400868060764254,52,24,49282,49568,560,350,0,0,0,0,0,0,98916,0,0,3,0,0,0,0,0,0,0,1074,0,0,0,0,0,0
112,732,113.15442379594475,99993,100,56,3,0,780,483,0.012630884161891332,57,25,49265,49563,573,354,0,0,0,0,0,0,98892,0,0,3,0,0,0,0,0,0,0,1098,0,0,0,0,0,0
113,732,114.14770939267346,99993,109,49,3,0,801,486,0.012870900963067415,48,34,49253,49552,585,363,0,0,0,0,0,0,98870,0,0,3,0,0,0,0,0,0,0,1120,0,0,0,0,0,0
114,732,115.14122375137046,99993,110,61,3,0,815,501,0.013160921264488513,53,22,49237,49549,595,366,0,0,0,0,0,0,98854,0,0,3,0,0,0,0,0,0,0,1136,0,0,0,0,0,0
115,732,116.00095306882844,99993,111,59,3,0,828,509,0.013370935965517586,49,18,49229,49546,606,375,0,0,0,0,0,0,98832,0,0,3,0,0,0,0,0,0,0,1158,0,0,0,0,0,0
116,732,117.01498122885648,99993,117,62,3,0,842,516,0.013580950666546658,56,19,49209,49538,613,379,0,0,0,0,0,0,98820,0,0,3,0,0,0,0,0,0,0,1170,0,0,0,0,0,0
117,732,118.14959052434253,99993,106,62,3,0,863,527,0.013900973068114768,56,23,49188,49523,645,390,0,0,0,0,0,0,98779,0,0,5,0,0,0,0,0,0,0,1209,0,0,0,0,0,0
118,732,119.1443498030908,99992,103,61,4,0,880,531,0.014111128890311225,61,29,49169,49513,661,395,0,0,0,0,0,0,98754,0,0,5,0,0,0,0,0,0,0,1233,0,0,0,0,0,0
119,732,120.13943105256936,99992,108,60,4,0,895,540,0.014351148091847349,61,33,49157,49504,668,401,0,0,0,0,0,0,98734,0,0,5,0,0,0,0,0,0,0,1253,0,0,0,0,0,0
120,732,121.1347211726063,99992,108,65,4,0,909,553,0.014621169693575487,68,27,49139,49500,679,406,0,0,0,0,0,0,98712,0,0,5,0,0,0,0,0,0,0,1275,0,0,0,0,0,0
121,732,122.13030628280856,99992,110,59,4,0,922,559,0.014811184894791583,71,33,49124,49489,689,417,0,0,0,0,0,0,98689,0,0,5,0,0,0,0,0,0,0,1298,0,0,0,0,0,0
122,732,123.1261425921676,99992,118,57,4,0,936,566,0.01502120169613569,74,34,49109,49483,693,424,0,0,0,0,0,0,98674,0,0,5,0,0,0,0,0,0,0,1313,0,0,0,0,0,0
123,732,124.12220608968988,99992,121,58,4,0,954,574,0.015281222497799824,85,34,49082,49477,706,429,0,0,0,0,0,0,98652,0,0,5,0,0,0,0,0,0,0,1335,0,0,0,0,0,0
124,732,125.11864504914574,99992,119,55,4,0,973,576,0.015491239299143932,78,37,49074,49473,723,433,0,0,0,0,0,0,98626,0,0,5,0,0,0,0,0,0,0,1361,0,0,0,0,0,0
125,732,126.1153647095589,99992,127,53,4,0,993,585,0.01578126250100008,71,35,49062,49467,734,443,0,0,0,0,0,0,98603,0,0,5,0,0,0,0,0,0,0,1384,0,0,0,0,0,0
126,732,127.11235128335969,99992,140,51,4,0,1014,590,0.016041283302664213,76,45,49037,49453,741,449,0,0,0,0,0,0,98588,0,0,5,0,0,0,0,0,0,0,1399,0,0,0,0,0,0
127,732,128.1096211581473,99992,146,56,4,0,1036,604,0.016401312104968396,79,36,49015,49451,754,455,0,0,0,0,0,0,98563,0,0,5,0,0,0,0,0,0,0,1424,0,0,0,0,0,0
128,732,129.10722588619493,99992,152,54,4,0,1060,612,0.016721337707016563,71,40,48999,49439,772,465,0,0,0,0,0,0,98535,0,0,5,0,0,0,0,0,0,0,1452,0,0,0,0,0,0
129,732,130.10517936854365,99991,145,58,5,0,1082,624,0.017061535538198436,74,35,48974,49434,800,471,0,0,0,0,0,0,98498,0,0,5,0,0,0,0,0,0,0,1488,0,0,0,0,0,0
130,732,131.10365521036837,99991,144,60,5,0,1100,631,0.01731155804022362,78,39,48956,49424,815,475,0,0,0,0,0,0,98474,0,0,5,0,0,0,0,0,0,0,1512,0,0,0,0,0,0
131,732,132.10243189777586,99991,141,63,5,0,1122,643,0.017651588642977868,73,35,48941,49416,838,484,0,0,0,0,0,0,98440,0,0,5,0,0,0,0,0,0,0,1546,0,0,0,0,0,0
132,732,133.10164284443908,99991,136,66,5,0,1139,658,0.0179716174455701,78,30,48922,49407,857,495,0,0,0,0,0,0,98406,0,0,5,0,0,0,0,0,0,0,1580,0,0,0,0,0,0
133,732,134.10122240903618,99991,133,68,5,0,1155,666,0.018211639047514275,82,32,48906,49400,872,498,0,0,0,0,0,0,98382,0,0,6,0,0,0,0,0,0,0,1603,0,0,0,0,0,0
134,732,135.1011041090516,99991,131,73,5,0,1172,680,0.018521666950025502,89,34,48885,49388,888,503,0,0,0,0,0,0,98354,0,0,6,0,0,0,0,0,0,0,1631,0,0,0,0,0,0
135,732,136.10132240492078,99991,138,61,5,0,1193,686,0.018791691252212698,91,38,48866,49378,898,521,0,0,0,0,0,0,98322,0,0,6,0,0,0,0,0,0,0,1663,0,0,0,0,0,0
136,732,137.10188306795587,99991,145,65,5,0,1218,696,0.019141722755047955,90,39,48846,49368,912,526,0,0,0,0,0,0,98298,0,0,6,0,0,0,0,0,0,0,1687,0,0,0,0,0,0
137,732,138.1028007943432,99991,151,62,5,0,1246,707,0.019531757858207238,88,39,48824,49358,930,539,0,0,0,0,0,0,98262,0,0,6,0,0,0,0,0,0,0,1723,0,0,0,0,0,0
138,732,139.10412575703046,99991,158,62,5,0,1271,716,0.019871788460961486,84,41,48805,49351,946,544,0,0,0,0,0,0,98235,0,0,6,0,0,0,0,0,0,0,1750,0,0,0,0,0,0
139,732,140.10578252641199,99991,162,66,5,0,1290,726,0.020161814563310697,87,43,48789,49339,955,550,0,0,0,0,0,0,98214,0,0,6,0,0,0,0,0,0,0,1771,0,0,0,0,0,0
140,732,141.10768842146618,99991,158,65,5,0,1312,739,0.020511846066145954,77,41,48782,49329,976,563,0,0,0,0,0,0,98174,0,0,6,0,0,0,0,0,0,0,1811,0,0,0,0,0,0
141,732,142.1098656957016,99991,148,75,5,0,1332,754,0.020861877568981207,87,41,48755,49317,1003,565,0,0,0,0,0,0,98139,0,0,6,0,0,0,0,0,0,0,1846,0,0,0,0,0,0
142,732,143.11258044747845,99991,147,74,5,0,1347,763,0.021101899170925382,97,45,48733,49306,1016,573,0,0,0,0,0,0,98113,0,0,6,0,0,0,0,0,0,0,1872,0,0,0,0,0,0
143,732,144.11561809924726,99990,145,83,6,0,1366,782,0.021482148214821483,99,42,48716,49293,1032,580,0,0,0,0,0,0,98082,0,0,6,0,0,0,0,0,0,0,1902,0,0,0,0,0,0
144,732,145.11895533958756,99990,153,81,6,0,1398,791,0.021892189218921894,90,51,48701,49275,1048,591,0,0,0,0,0,0,98048,0,0,7,0,0,0,0,0,0,0,1935,0,0,0,0,0,0
145,732,146.12259214394004,99989,157,79,6,1,1430,804,0.02234245767034374,82,52,48681,49264,1072,602,0,0,0,0,0,0,98005,0,0,7,0,0,0,0,0,0,0,1977,0,0,0,0,0,0
146,732,147.12664530337025,99988,161,84,6,2,1454,816,0.022702724326919232,80,51,48661,49253,1090,608,0,0,0,0,0,0,97978,0,0,7,0,0,0,0,0,0,0,2003,0,0,0,0,0,0
147,732,148.1310838700903,99988,154,76,6,2,1470,826,0.02296275553066368,95,55,48633,49242,1110,623,0,0,0,0,0,0,97937,0,0,7,0,0,0,0,0,0,0,2044,0,0,0,0,0,0
148,732,149.1360271916768,99988,161,71,6,2,1498,833,0.023312797535704286,90,57,48614,49235,1127,633,0,0,0,0,0,0,97905,0,0,8,0,0,0,0,0,0,0,2075,0,0,0,0,0,0
149,732,150.14138208961737,99988,169,74,6,2,1524,846,0.02370284434132096,96,54,48584,49227,1143,641,0,0,0,0,0,0,97878,0,0,9,0,0,0,0,0,0,0,2101,0,0,0,0,0,0
150,732,151.14721413956383,99988,161,78,6,2,1537,863,0.024002880345641478,108,49,48562,49217,1161,652,0,0,0,0,0,0,97844,0,0,9,0,0,0,0,0,0,0,2135,0,0,0,0,0,0
151,732,152.15349260504294,99988,165,84,6,2,1561,877,0.024382925951114135,118,50,48532,49204,1177,658,0,0,0,0,0,0,97816,0,0,9,0,0,0,0,0,0,0,2163,0,0,0,0,0,0
152,732,153.16020121462097,99988,161,79,6,2,1584,887,0.024712965555866703,130,53,48498,49192,1203,672,0,0,0,0,0,0,97775,0,0,10,0,0,0,0,0,0,0,2203,0,0,0,0,0,0
153,732,154.16750878282136,99988,161,83,6,2,1609,908,0.025173020762491498,129,43,48479,49185,1223,685,0,0,0,0,0,0,97734,0,0,11,0,0,0,0,0,0,0,2243,0,0,0,0,0,0
154,732,155.17527715118806,99988,168,93,6,2,1638,924,0.025623074768972277,126,39,48460,49175,1238,689,0,0,0,0,0,0,97706,0,0,11,0,0,0,0,0,0,0,2271,0,0,0,0,0,0
155,732,156.18336910763557,99988,166,92,6,2,1666,934,0.026003120374444934,122,41,48441,49168,1263,695,0,0,0,0,0,0,97665,0,0,11,0,0,0,0,0,0,0,2312,0,0,0,0,0,0
156,732,157.19188219753752,99987,174,97,7,2,1699,945,0.026443437646894098,119,46,48420,49157,1278,696,0,0,0,0,0,0,97635,0,0,12,0,0,0,0,0,0,0,2340,0,0,0,0,0,0
157,732,158.20072174828462,99987,180,103,7,2,1722,958,0.026803484452978886,130,46,48390,49147,1291,700,0,0,0,0,0,0,97611,0,0,12,0,0,0,0,0,0,0,2364,0,0,0,0,0,0
158,732,159.21000998517553,99987,181,96,7,2,1751,971,0.02722353906007781,125,50,48370,49132,1315,718,0,0,0,0,0,0,97564,0,0,13,0,0,0,0,0,0,0,2410,0,0,0,0,0,0
159,732,160.21972619281274,99987,183,95,7,2,1773,980,0.02753357936531749,133,52,48344,49125,1331,724,0,0,0,0,0,0,97534,0,0,13,0,0,0,0,0,0,0,2440,0,0,0,0,0,0
160,732,161.2299740948802,99987,196,89,7,2,1813,993,0.028063648274275654,130,43,48312,49124,1353,740,0,0,0,0,0,0,97488,0,0,13,0,0,0,0,0,0,0,2486,0,0,0,0,0,0
161,732,162.24079675180786,99987,188,88,7,2,1838,1002,0.0284036924800224,135,41,48290,49120,1378,747,0,0,0,0,0,0,97445,0,0,13,0,0,0,0,0,0,0,2529,0,0,0,0,0,0
162,732,163.25214843121233,99987,191,83,7,2,1871,1013,0.02884374968745937,124,42,48273,49110,1403,761,0,0,0,0,0,0,97399,0,0,13,0,0,0,0,0,0,0,2575,0,0,0,0,0,0
163,732,164.26393532899596,99987,182,83,7,2,1896,1023,0.02919379519337514,123,44,48252,49098,1434,771,0,0,0,0,0,0,97355,0,0,13,0,0,0,0,0,0,0,2619,0,0,0,0,0,0
164,732,165.2762675620334,99987,184,79,7,2,1925,1027,0.029523838098952863,121,54,48228,49087,1458,776,0,0,0,0,0,0,97322,0,0,15,0,0,0,0,0,0,0,2650,0,0,0,0,0,0
165,732,166.28910636189943,99986,190,73,8,2,1964,1039,0.030034204788670416,118,53,48198,49080,1484,790,0,0,0,0,0,0,97271,0,0,15,0,0,0,0,0,0,0,2700,0,0,0,0,0,0
166,732,167.30252574962097,99986,189,76,8,2,2000,1052,0.030524273398275757,118,50,48167,49076,1516,794,0,0,0,0,0,0,97225,0,0,16,0,0,0,0,0,0,0,2745,0,0,0,0,0,0
167,732,168.3165847519768,99986,182,75,8,2,2023,1066,0.030894325205528775,122,49,48150,49068,1536,804,0,0,0,0,0,0,97180,0,0,16,0,0,0,0,0,0,0,2790,0,0,0,0,0,0
168,732,169.33105405231868,99986,174,75,8,2,2049,1077,0.03126437701278179,121,55,48133,49054,1562,812,0,0,0,0,0,0,97136,0,0,17,0,0,0,0,0,0,0,2833,0,0,0,0,0,0
169,732,170.00761868733522,99986,179,79,8,2,2068,1087,0.031554417618466585,126,53,48114,49046,1571,818,0,0,0,0,0,0,97116,0,0,17,0,0,0,0,0,0,0,2853,0,0,0,0,0,0
170,732,171.0228278707786,99986,184,81,8,2,2102,1100,0.03202448342767988,109,50,48104,49039,1593,826,0,0,0,0,0,0,97077,0,0,18,0,0,0,0,0,0,0,2891,0,0,0,0,0,0
171,732,172.0383572457427,99986,186,85,8,2,2128,1113,0.032414538035324944,104,51,48095,49026,1605,834,0,0,0,0,0,0,97044,0,0,18,0,0,0,0,0,0,0,2924,0,0,0,0,0,0
172,732,173.05419473833902,99986,182,85,8,2,2157,1125,0.03282459544336207,108,56,48071,49009,1629,846,0,0,0,0,0,0,97001,0,0,20,0,0,0,0,0,0,0,2965,0,0,0,0,0,0
173,732,174.0704188351869,99985,187,94,9,2,2192,1144,0.03336500475071261,102,53,48046,48993,1654,856,0,0,0,0,0,0,96961,0,0,20,0,0,0,0,0,0,0,3004,0,0,0,0,0,0
174,732,175.08713395425332,99985,195,98,9,2,2225,1163,0.033885082762414365,103,50,48022,48979,1669,869,0,0,0,0,0,0,96924,0,0,23,0,0,0,0,0,0,0,3038,0,0,0,0,0,0
175,732,176.1042789459285,99985,183,93,9,2,2250,1175,0.03425513827074061,116,50,47995,48968,1695,885,0,0,0,0,0,0,96873,0,0,26,0,0,0,0,0,0,0,3086,0,0,0,0,0,0
176,732,177.12196049556562,99985,189,96,9,2,2273,1191,0.034645196779516926,125,48,47972,48959,1703,893,0,0,0,0,0,0,96843,0,0,26,0,0,0,0,0,0,0,3116,0,0,0,0,0,0
177,732,178.14001238036022,99985,186,96,9,2,2301,1203,0.035045256788518275,115,54,47960,48951,1728,895,0,0,0,0,0,0,96801,0,0,27,0,0,0,0,0,0,0,3157,0,0,0,0,0,0
178,732,179.15841529169307,99985,193,94,9,2,2331,1212,0.035435315297294594,117,61,47935,48940,1744,901,0,0,0,0,0,0,96769,0,0,29,0,0,0,0,0,0,0,3187,0,0,0,0,0,0
179,732,180.17724390592693,99985,187,93,9,2,2357,1224,0.035815372305845875,119,62,47912,48929,1771,912,0,0,0,0,0,0,96724,0,0,29,0,0,0,0,0,0,0,3232,0,0,0,0,0,0
180,732,181.19659006976067,99985,197,92,9,2,2389,1240,0.036295444316647496,112,59,47895,48917,1785,928,0,0,0,0,0,0,96686,0,0,30,0,0,0,0,0,0,0,3269,0,0,0,0,0,0
181,732,182.21631379253827,99985,196,96,9,2,2418,1258,0.03676551482722409,114,58,47873,48903,1806,939,0,0,0,0,0,0,96644,0,0,32,0,0,0,0,0,0,0,3309,0,0,0,0,0,0
182,732,183.23645838820218,99985,206,103,9,2,2452,1275,0.03727559133870081,122,51,47838,48896,1823,946,0,0,0,0,0,0,96610,0,0,32,0,0,0,0,0,0,0,3343,0,0,0,0,0,0
183,732,184.25713522042332,99985,215,105,9,2,2486,1286,0.03772565884882732,126,54,47803,48888,1845,949,0,0,0,0,0,0,96576,0,0,32,0,0,0,0,0,0,0,3377,0,0,0,0,0,0
184,732,185.27840938348163,99985,215,100,9,2,2523,1300,0.03823573536030404,126,60,47776,48871,1872,965,0,0,0,0,0,0,96521,0,0,33,0,0,0,0,0,0,0,3431,0,0,0,0,0,0
185,732,186.3002548763985,99985,229,98,9,2,2561,1308,0.0386958043706556,129,69,47741,48855,1890,974,0,0,0,0,0,0,96488,0,0,34,0,0,0,0,0,0,0,3463,0,0,0,0,0,0
186,732,187.32260419033878,99985,229,105,9,2,2593,1330,0.03923588538280742,129,61,47717,48845,1914,985,0,0,0,0,0,0,96441,0,0,34,0,0,0,0,0,0,0,3510,0,0,0,0,0,0
187,732,188.00445343962556,99984,232,107,10,2,2616,1344,0.03960633701392223,127,63,47698,48832,1931,994,0,0,0,0,0,0,96409,0,0,34,0,0,0,0,0,0,0,3541,0,0,0,0,0,0
188,732,189.02775863896622,99984,216,106,10,2,2645,1359,0.04004640742518803,143,70,47656,48813,1973,1007,0,0,0,0,0,0,96350,0,0,36,0,0,0,0,0,0,0,3598,0,0,0,0,0,0
189,732,190.05188189399183,99984,219,104,10,2,2676,1371,0.040476476236197795,141,75,47632,48799,1996,1018,0,0,0,0,0,0,96309,0,0,37,0,0,0,0,0,0,0,3638,0,0,0,0,0,0
190,732,191.0765630103768,99984,217,108,10,2,2710,1388,0.04098655784925588,144,79,47601,48781,2026,1028,0,0,0,0,0,0,96260,0,0,37,0,0,0,0,0,0,0,3687,0,0,0,0,0,0
191,732,192.10184959398293,99984,222,124,10,2,2742,1417,0.04159665546487438,157,67,47566,48767,2043,1038,0,0,0,0,0,0,96221,0,0,38,0,0,0,0,0,0,0,3725,0,0,0,0,0,0
192,732,193.12767516516436,99984,238,119,10,2,2787,1431,0.0421867498799808,143,72,47548,48752,2059,1053,0,0,0,0,0,0,96174,0,0,39,0,0,0,0,0,0,0,3771,0,0,0,0,0,0
193,732,194.15383835479366,99984,231,128,10,2,2820,1454,0.042746839494319094,150,72,47519,48731,2088,1065,0,0,0,0,0,0,96120,0,0,39,0,0,0,0,0,0,0,3825,0,0,0,0,0,0
194,732,195.1804787230486,99983,238,121,11,2,2860,1469,0.04329736055129372,138,79,47500,48710,2111,1086,0,0,0,0,0,0,96066,0,0,40,0,0,0,0,0,0,0,3877,0,0,0,0,0,0
195,732,196.2076335720551,99983,243,123,11,2,2897,1491,0.04388746086834762,139,69,47472,48702,2133,1102,0,0,0,0,0,0,96014,0,0,40,0,0,0,0,0,0,0,3929,0,0,0,0,0,0
196,732,197.23540653297718,99982,239,117,12,2,2936,1508,0.04444800064011522,151,65,47426,48691,2170,1123,0,0,0,0,0,0,95950,0,0,42,0,0,0,0,0,0,0,3990,0,0,0,0,0,0
197,732,198.26410373124148,99982,232,123,12,2,2969,1529,0.04498809785761437,157,58,47395,48683,2202,1132,0,0,0,0,0,0,95895,0,0,42,0,0,0,0,0,0,0,4045,0,0,0,0,0,0
198,732,199.29345809873527,99982,241,125,12,2,3011,1542,0.04553819687543758,151,70,47372,48661,2222,1140,0,0,0,0,0,0,95852,0,0,43,0,0,0,0,0,0,0,4087,0,0,0,0,0,0
199,732,200.3234104656309,99982,234,125,12,2,3053,1562,0.046158308495529196,145,70,47344,48648,2263,1153,0,0,0,0,0,0,95784,0,0,44,0,0,0,0,0,0,0,4154,0,0,0,0,0,0
200,732,201.0103978825533,99982,229,126,12,2,3080,1577,0.04657838410913964,142,75,47324,48630,2291,1165,0,0,0,0,0,0,95739,0,0,45,0,0,0,0,0,0,0,4198,0,0,0,0,0,0
201,732,202.041397055297,99982,232,122,12,2,3114,1597,0.047118481326638796,141,81,47297,48612,2316,1181,0,0,0,0,0,0,95685,0,0,46,0,0,0,0,0,0,0,4251,0,0,0,0,0,0
202,732,203.07301488258403,99982,260,129,12,2,3167,1618,0.047858614550619114,124,73,47270,48604,2332,1190,0,0,0,0,0,0,95646,0,0,46,0,0,0,0,0,0,0,4290,0,0,0,0,0,0
203,732,204.10512097602754,99982,255,126,12,2,3200,1634,0.04834870276649797,129,79,47243,48587,2359,1204,0,0,0,0,0,0,95589,0,0,46,0,0,0,0,0,0,0,4347,0,0,0,0,0,0
204,732,205.137766713558,99982,261,127,12,2,3240,1653,0.048938808985617414,123,75,47218,48579,2384,1215,0,0,0,0,0,0,95537,0,0,46,0,0,0,0,0,0,0,4399,0,0,0,0,0,0
205,732,206.17095845937348,99982,260,126,12,2,3274,1672,0.0494689044027925,124,91,47188,48547,2414,1232,0,0,0,0,0,0,95483,0,0,47,0,0,0,0,0,0,0,4452,0,0,0,0,0,0
206,732,207.20481160255844,99982,252,123,12,2,3308,1692,0.050009001620291656,132,95,47158,48526,2444,1252,0,0,0,0,0,0,95418,0,0,47,0,0,0,0,0,0,0,4517,0,0,0,0,0,0
207,732,208.2393273710366,99981,249,120,13,2,3349,1714,0.05063962152809034,135,90,47123,48514,2478,1272,0,0,0,0,0,0,95350,0,0,48,0,0,0,0,0,0,0,4583,0,0,0,0,0,0
208,732,209.2745543831774,99981,248,130,13,2,3389,1744,0.05133975455336514,136,79,47098,48500,2503,1287,0,0,0,0,0,0,95291,0,0,50,0,0,0,0,0,0,0,4640,0,0,0,0,0,0
209,732,210.31032163561244,99981,238,126,13,2,3422,1759,0.051819845770696434,144,79,47071,48488,2532,1303,0,0,0,0,0,0,95230,0,0,51,0,0,0,0,0,0,0,4700,0,0,0,0,0,0
210,732,211.00122704218035,99981,233,133,13,2,3439,1777,0.052169912283333834,155,72,47053,48482,2544,1309,0,0,0,0,0,0,95200,0,0,54,0,0,0,0,0,0,0,4727,0,0,0,0,0,0
211,732,212.03804096311774,99981,249,127,13,2,3488,1792,0.052810033906442226,141,79,47029,48469,2566,1321,0,0,0,0,0,0,95148,0,0,56,0,0,0,0,0,0,0,4777,0,0,0,0,0,0
212,732,213.07533501738382,99981,257,134,13,2,3526,1817,0.053440153629189545,148,73,46994,48453,2586,1336,0,0,0,0,0,0,95102,0,0,58,0,0,0,0,0,0,0,4821,0,0,0,0,0,0
213,732,214.11319034436895,99981,254,126,13,2,3558,1833,0.05392024484652084,164,75,46960,48440,2607,1355,0,0,0,0,0,0,95045,0,0,60,0,0,0,0,0,0,0,4876,0,0,0,0,0,0
214,732,215.1517607942506,99981,254,114,13,2,3592,1845,0.05438033226312999,167,83,46933,48423,2631,1376,0,0,0,0,0,0,94989,0,0,62,0,0,0,0,0,0,0,4930,0,0,0,0,0,0
215,732,216.19082016060275,99981,253,112,13,2,3627,1865,0.05493043678298877,171,83,46916,48405,2645,1396,0,0,0,0,0,0,94931,0,0,62,0,0,0,0,0,0,0,4988,0,0,0,0,0,0
216,732,217.2303508295856,99981,261,105,13,2,3676,1884,0.05561056600754143,169,89,46876,48386,2679,1416,0,0,0,0,0,0,94867,0,0,65,0,0,0,0,0,0,0,5049,0,0,0,0,0,0
217,732,218.2706446134906,99981,255,107,13,2,3706,1904,0.056110661025594866,169,91,46853,48365,2708,1433,0,0,0,0,0,0,94816,0,0,68,0,0,0,0,0,0,0,5097,0,0,0,0,0,0
218,732,219.31149076118848,99981,247,105,13,2,3745,1921,0.0566707674458147,166,93,46829,48352,2743,1446,0,0,0,0,0,0,94753,0,0,71,0,0,0,0,0,0,0,5157,0,0,0,0,0,0
219,732,220.00574358645483,99981,257,120,13,2,3777,1939,0.057170862463868134,151,93,46818,48338,2759,1445,0,0,0,0,0,0,94729,0,0,72,0,0,0,0,0,0,0,5180,0,0,0,0,0,0
220,732,221.04751900666224,99981,263,127,13,2,3818,1960,0.05779098028625439,146,91,46794,48323,2782,1455,0,0,0,0,0,0,94682,0,0,72,1,0,0,0,0,0,0,5226,0,0,0,0,0,0
221,732,222.08976895371632,99981,262,129,13,2,3859,1981,0.05841109810864064,149,86,46765,48314,2809,1467,0,0,0,0,0,0,94624,0,0,75,1,0,0,0,0,0,0,5281,0,0,0,0,0,0
222,732,223.1327029489171,99981,265,121,13,2,3893,1999,0.05893119692741621,159,93,46730,48292,2831,1490,0,0,0,0,0,0,94567,0,0,75,1,0,0,0,0,0,0,5338,0,0,0,0,0,0
223,732,224.17624670312654,99981,276,131,13,2,3938,2028,0.059671337554135284,154,86,46707,48278,2848,1501,0,0,0,0,0,0,94515,0,0,76,1,0,0,0,0,0,0,5389,0,0,0,0,0,0
224,732,225.220242477386,99981,277,134,13,2,3980,2051,0.06032146107760474,153,80,46676,48267,2879,1515,0,0,0,0,0,0,94455,0,0,77,1,0,0,0,0,0,0,5448,0,0,0,0,0,0
225,732,226.26488017067297,99981,269,140,13,2,4024,2075,0.06100159030215741,137,76,46661,48252,2918,1528,0,0,0,0,0,0,94389,0,0,81,1,0,0,0,0,0,0,5510,0,0,0,0,0,0
226,732,227.3101355626388,99981,271,150,13,2,4063,2098,0.061621708124543664,140,75,46629,48234,2945,1537,0,0,0,0,0,0,94342,0,0,84,1,0,0,0,0,0,0,5554,0,0,0,0,0,0
227,732,228.00728900126737,99981,269,152,13,2,4090,2119,0.06210179934187496,144,67,46605,48225,2967,1552,0,0,0,0,0,0,94296,0,0,86,1,0,0,0,0,0,0,5598,0,0,0,0,0,0
228,732,229.0536587095533,99981,265,154,13,2,4124,2137,0.06262189816065053,161,70,46562,48206,2997,1566,0,0,0,0,0,0,94244,0,0,88,1,0,0,0,0,0,0,5648,0,0,0,0,0,0
229,732,230.1008457600227,99981,278,143,13,2,4171,2156,0.06328202358448105,155,63,46533,48201,3019,1589,0,0,0,0,0,0,94180,0,0,88,1,0,0,0,0,0,0,5712,0,0,0,0,0,0
230,732,231.14872578773063,99981,281,150,13,2,4222,2179,0.06402216421120013,158,63,46486,48184,3060,1599,0,0,0,0,0,0,94117,0,0,89,1,0,0,0,0,0,0,5774,0,0,0,0,0,0
231,732,232.19756689861174,99980,285,144,14,2,4266,2198,0.06465293058611722,155,65,46454,48170,3090,1617,0,0,0,0,0,0,94053,0,0,90,1,0,0,0,0,0,0,5836,0,0,0,0,0,0
232,732,233.24712596730387,99980,279,149,14,2,4303,2214,0.06518303660732147,166,74,46411,48148,3128,1625,0,0,0,0,0,0,94002,0,0,93,1,0,0,0,0,0,0,5884,0,0,0,0,0,0
233,732,234.29747710199732,99980,274,146,14,2,4345,2234,0.06580316063212642,173,84,46375,48127,3162,1639,0,0,0,0,0,0,93938,0,0,99,1,0,0,0,0,0,0,5942,0,0,0,0,0,0
234,732,235.34862312745773,99980,283,143,14,2,4392,2259,0.06652330466093219,177,87,46331,48101,3193,1665,0,0,0,0,0,0,93872,0,0,99,1,0,0,0,0,0,0,6008,0,0,0,0,0,0
235,732,236.049899020267,99980,294,139,14,2,4432,2267,0.06700340068013602,165,91,46311,48093,3214,1673,0,0,0,0,0,0,93834,0,0,102,1,0,0,0,0,0,0,6043,0,0,0,0,0,0
236,732,237.1024308060449,99979,291,144,15,2,4469,2295,0.06765420738355055,185,79,46268,48085,3239,1688,0,0,0,0,0,0,93772,0,0,103,1,0,0,0,0,0,0,6103,0,0,0,0,0,0
237,732,238.15570050370803,99979,308,152,15,2,4526,2326,0.0685343922223667,175,70,46233,48071,3267,1703,0,0,0,0,0,0,93712,0,0,106,1,0,0,0,0,0,0,6160,0,0,0,0,0,0
238,732,239.20963544365623,99979,299,151,15,2,4567,2350,0.06918452875103771,179,73,46210,48050,3295,1722,0,0,0,0,0,0,93640,0,0,109,1,0,0,0,0,0,0,6229,0,0,0,0,0,0
239,732,240.26425261877503,99979,287,148,15,2,4607,2374,0.06982466317926765,180,69,46179,48033,3337,1746,0,0,0,0,0,0,93566,0,0,114,1,0,0,0,0,0,0,6298,0,0,0,0,0,0
240,732,241.31968844324646,99978,303,142,15,3,4661,2391,0.07053551781391906,179,69,46136,48020,3365,1764,0,0,0,0,0,0,93508,0,0,117,1,0,0,0,0,0,0,6352,0,0,0,0,0,0
241,732,242.02379321361346,99978,305,138,15,3,4695,2409,0.0710556322390926,185,61,46105,48013,3388,1783,0,0,0,0,0,0,93456,0,0,119,1,0,0,0,0,0,0,6402,0,0,0,0,0,0
242,732,243.080815484156,99977,317,126,16,3,4753,2421,0.07175650399591905,169,73,46071,47995,3425,1801,0,0,0,0,0,0,93389,0,0,122,1,0,0,0,0,0,0,6465,0,0,0,0,0,0
243,732,244.13860441429642,99977,309,118,16,3,4794,2433,0.07228662592396251,180,79,46027,47984,3466,1814,0,0,0,0,0,0,93322,0,0,124,1,0,0,0,0,0,0,6530,0,0,0,0,0,0
244,732,245.19740000520537,99977,311,112,16,3,4845,2450,0.07296678235994279,186,99,45989,47956,3496,1828,0,0,0,0,0,0,93253,0,0,127,1,0,0,0,0,0,0,6596,0,0,0,0,0,0
245,732,246.25699697804092,99977,305,116,16,3,4888,2473,0.07362693419486482,191,104,45957,47938,3529,1837,0,0,0,0,0,0,93187,0,0,129,1,0,0,0,0,0,0,6660,0,0,0,0,0,0
246,732,247.31729485808813,99977,298,131,16,3,4934,2507,0.07442711823719456,195,92,45920,47920,3569,1852,0,0,0,0,0,0,93119,0,0,133,1,0,0,0,0,0,0,6724,0,0,0,0,0,0
247,732,248.02459807509686,99977,308,132,16,3,4968,2523,0.07492723326365064,196,88,45890,47913,3588,1862,0,0,0,0,0,0,93082,0,0,135,1,0,0,0,0,0,0,6759,0,0,0,0,0,0
248,732,249.08631536646305,99976,299,137,17,3,5019,2548,0.07568816515963832,186,81,45862,47898,3634,1879,0,0,0,0,0,0,93007,0,0,140,1,0,0,0,0,0,0,6828,0,0,0,0,0,0
249,732,250.14884137584642,99974,306,134,19,3,5065,2569,0.0763598535619261,182,86,45829,47878,3662,1897,0,0,0,0,0,0,92946,0,0,142,1,0,0,0,0,0,0,6885,0,0,0,0,0,0
250,732,251.21213213768462,99974,298,138,19,3,5113,2591,0.0770600356092584,182,83,45796,47870,3703,1904,0,0,0,0,0,0,92876,0,0,146,1,0,0,0,0,0,0,6951,0,0,0,0,0,0
251,732,252.27621345598266,99974,302,141,19,3,5163,2615,0.07780022805929541,184,83,45755,47854,3738,1917,0,0,0,0,0,0,92815,0,0,152,1,0,0,0,0,0,0,7006,0,0,0,0,0,0
252,732,253.34123827243357,99974,314,144,19,3,5211,2640,0.07853041790865625,192,83,45712,47840,3761,1928,0,0,0,0,0,0,92757,0,0,152,1,0,0,0,0,0,0,7064,0,0,0,0,0,0
253,732,254.05166994831316,99974,320,146,19,3,5246,2655,0.07903054794246504,197,84,45680,47830,3782,1935,0,0,0,0,0,0,92718,0,0,155,1,0,0,0,0,0,0,7100,0,0,0,0,0,0
254,732,255.11797671016302,99974,326,134,19,3,5298,2674,0.07974073259047353,197,88,45645,47811,3811,1962,0,0,0,0,0,0,92644,0,0,158,1,0,0,0,0,0,0,7171,0,0,0,0,0,0
255,732,256.1850956934236,99974,333,136,19,3,5356,2698,0.08056094584591994,185,82,45615,47802,3846,1975,0,0,0,0,0,0,92575,0,0,162,1,0,0,0,0,0,0,7236,0,0,0,0,0,0
256,732,257.2530021367802,99974,336,129,19,3,5404,2714,0.08120111228919519,184,93,45589,47782,3870,1991,0,0,0,0,0,0,92510,0,0,165,1,0,0,0,0,0,0,7298,0,0,0,0,0,0
257,732,258.32150947406717,99974,355,138,19,3,5466,2736,0.08204133074599396,171,97,45558,47760,3895,2000,0,0,0,0,0,0,92459,0,0,168,2,0,0,0,0,0,0,7345,0,0,0,0,0,0
258,732,259.0341366410364,99974,342,149,19,3,5489,2762,0.08253145817912658,179,86,45538,47749,3920,2011,0,0,0,0,0,0,92411,0,0,171,2,0,0,0,0,0,0,7390,0,0,0,0,0,0
259,732,260.1037213729451,99974,343,149,19,3,5536,2779,0.08317162462240182,192,95,45489,47729,3955,2022,0,0,0,0,0,0,92352,0,0,175,2,0,0,0,0,0,0,7445,0,0,0,0,0,0
260,732,261.1741700082936,99973,347,151,20,3,5587,2799,0.08388264831504506,195,101,45456,47709,3980,2034,0,0,0,0,0,0,92290,0,0,178,2,0,0,0,0,0,0,7503,0,0,0,0,0,0
261,732,262.24539829486224,99973,332,148,20,3,5637,2828,0.08467286167265162,201,99,45421,47688,4024,2060,0,0,0,0,0,0,92197,0,0,182,2,0,0,0,0,0,0,7592,0,0,0,0,0,0
262,732,263.3174590175233,99973,338,150,20,3,5680,2856,0.0853830534244246,205,97,45400,47668,4035,2080,0,0,0,0,0,0,92138,0,0,186,2,0,0,0,0,0,0,7647,0,0,0,0,0,0
263,732,264.0324192607053,99973,340,147,20,3,5714,2869,0.08585318035869685,209,109,45370,47649,4059,2090,0,0,0,0,0,0,92096,0,0,192,2,0,0,0,0,0,0,7683,0,0,0,0,0,0
264,732,265.1055451157255,99973,351,157,20,3,5777,2902,0.08681343962869975,198,101,45336,47631,4093,2106,0,0,0,0,0,0,92024,0,0,195,2,0,0,0,0,0,0,7752,0,0,0,0,0,0
265,732,266.17952006984666,99973,340,149,20,3,5829,2926,0.08757364488411871,204,94,45292,47615,4142,2137,0,0,0,0,0,0,91936,0,0,202,2,0,0,0,0,0,0,7833,0,0,0,0,0,0
266,732,267.25458335782827,99973,332,160,20,3,5871,2958,0.08831384473807928,211,83,45258,47599,4177,2153,0,0,0,0,0,0,91871,0,0,208,2,0,0,0,0,0,0,7892,0,0,0,0,0,0
267,732,268.3304578917489,99973,341,163,20,3,5933,2984,0.0891940824022486,203,83,45224,47580,4210,2169,0,0,0,0,0,0,91798,0,0,211,2,0,0,0,0,0,0,7962,0,0,0,0,0,0
268,732,269.0481110583013,99973,324,155,20,3,5962,2998,0.08962419853360408,206,80,45203,47576,4245,2184,0,0,0,0,0,0,91738,0,0,217,3,0,0,0,0,0,0,8015,0,0,0,0,0,0
269,732,270.1254807924135,99973,331,144,20,3,6024,3017,0.09043441729266902,192,84,45178,47564,4277,2203,0,0,0,0,0,0,91656,0,0,220,3,0,0,0,0,0,0,8094,0,0,0,0,0,0
270,732,271.2036061787994,99973,351,152,20,3,6085,3044,0.09131465495683834,180,84,45147,47542,4300,2217,0,0,0,0,0,0,91596,0,0,220,3,0,0,0,0,0,0,8154,0,0,0,0,0,0
271,732,272.2823247668835,99973,348,156,20,3,6137,3067,0.09206485751152811,185,84,45110,47527,4335,2228,0,0,0,0,0,0,91524,0,0,222,3,0,0,0,0,0,0,8224,0,0,0,0,0,0
272,732,273.00196269259817,99973,345,159,20,3,6168,3083,0.09253498444580037,181,82,45097,47521,4355,2233,0,0,0,0,0,0,91478,0,0,223,3,0,0,0,0,0,0,8269,0,0,0,0,0,0
273,732,274.0819839350278,99973,344,162,20,3,6223,3106,0.09331519510267772,185,83,45053,47508,4396,2242,0,0,0,0,0,0,91407,0,0,228,3,0,0,0,0,0,0,8335,0,0,0,0,0,0
274,732,275.1628960804177,99973,346,163,20,3,6273,3132,0.09407540035809668,189,82,45016,47493,4427,2257,0,0,0,0,0,0,91339,0,0,233,3,0,0,0,0,0,0,8398,0,0,0,0,0,0
275,732,276.2447042279331,99973,346,164,20,3,6326,3159,0.09487561641643244,185,86,44990,47472,4457,2273,0,0,0,0,0,0,91262,0,0,235,3,0,0,0,0,0,0,8473,0,0,0,0,0,0
276,732,277.32711311772175,99973,343,164,20,3,6373,3182,0.09557580546747622,188,95,44953,47446,4494,2290,0,0,0,0,0,0,91196,0,0,242,3,0,0,0,0,0,0,8532,0,0,0,0,0,0
277,732,278.0491726701835,99973,326,158,20,3,6398,3194,0.09594590539445651,196,97,44933,47438,4523,2302,0,0,0,0,0,0,91139,0,0,245,3,0,0,0,0,0,0,8586,0,0,0,0,0,0
278,732,279.1330338680834,99973,334,169,20,3,6454,3230,0.09686615386154261,185,90,44906,47417,4553,2319,0,0,0,0,0,0,91067,0,0,246,3,0,0,0,0,0,0,8657,0,0,0,0,0,0
279,732,280.21754834370626,99973,340,176,20,3,6515,3253,0.09770638072279515,186,101,44870,47397,4582,2321,0,0,0,0,0,0,91005,0,0,253,4,0,0,0,0,0,0,8711,0,0,0,0,0,0
280,732,281.3027487289604,99973,348,177,20,3,6573,3275,0.09850659678113091,184,105,44835,47380,4611,2333,0,0,0,0,0,0,90936,0,0,255,4,0,0,0,0,0,0,8778,0,0,0,0,0,0
281,732,282.0266354086144,99973,340,173,20,3,6608,3290,0.09900673181759075,180,111,44813,47363,4645,2348,0,0,0,0,0,0,90876,0,0,257,4,0,0,0,0,0,0,8836,0,0,0,0,0,0
282,732,283.1132430161524,99973,327,178,20,3,6649,3324,0.09975693437228052,206,106,44768,47341,4677,2370,0,0,0,0,0,0,90795,0,0,259,4,0,0,0,0,0,0,8915,0,0,0,0,0,0
283,732,284.2008940921036,99973,314,175,20,3,6704,3350,0.10056715313134547,204,118,44737,47314,4723,2388,0,0,0,0,0,0,90706,0,0,263,6,0,0,0,0,0,0,8998,0,0,0,0,0,0
284,732,285.2894216665228,99973,318,172,20,3,6764,3383,0.10149740429916078,188,106,44711,47300,4761,2417,0,0,0,0,0,0,90616,0,0,265,6,0,0,0,0,0,0,9086,0,0,0,0,0,0
285,732,286.01557713331806,99972,311,174,20,4,6794,3405,0.10201856519825551,207,108,44678,47284,4782,2428,0,0,0,0,0,0,90562,0,0,268,6,0,0,0,0,0,0,9136,0,0,0,0,0,0
286,732,287.10555788290037,99972,318,172,20,4,6854,3439,0.10295882847197216,175,97,44667,47269,4818,2456,0,0,0,0,0,0,90482,0,0,275,7,0,0,0,0,0,0,9208,0,0,0,0,0,0
287,732,288.19615358555694,99972,307,181,20,4,6894,3468,0.1036490217260833,194,88,44629,47254,4848,2471,0,0,0,0,0,0,90413,0,0,277,7,0,0,0,0,0,0,9275,0,0,0,0,0,0
288,732,289.2875404419249,99971,303,180,21,4,6936,3497,0.10436026447669824,201,88,44603,47229,4870,2497,0,0,0,0,0,0,90342,0,0,281,7,0,0,0,0,0,0,9341,0,0,0,0,0,0
289,732,290.0155441910599,99971,297,179,21,4,6969,3516,0.10488041532044293,206,85,44571,47220,4903,2510,0,0,0,0,0,0,90284,0,0,282,7,0,0,0,0,0,0,9398,0,0,0,0,0,0
290,732,291.108400483079,99970,306,169,22,4,7020,3538,0.10561168350505151,203,97,44536,47198,4931,2530,0,0,0,0,0,0,90216,0,0,288,7,0,0,0,0,0,0,9459,0,0,0,0,0,0
291,732,292.2020669961355,99970,319,171,22,4,7081,3566,0.10650195058517556,191,92,44503,47181,4963,2550,0,0,0,0,0,0,90144,0,0,290,7,0,0,0,0,0,0,9529,0,0,0,0,0,0
292,732,293.2964931502691,99970,302,165,22,4,7127,3591,0.10721216364909472,195,95,44471,47166,5008,2568,0,0,0,0,0,0,90059,0,0,299,7,0,0,0,0,0,0,9605,0,0,0,0,0,0
293,732,294.0267131902571,99970,295,172,22,4,7158,3613,0.10774232269680904,203,91,44444,47158,5034,2573,0,0,0,0,0,0,90009,0,0,302,7,0,0,0,0,0,0,9652,0,0,0,0,0,0
294,732,295.12277665643495,99970,283,170,22,4,7198,3637,0.10838251475442633,223,98,44402,47137,5068,2589,0,0,0,0,0,0,89934,0,0,305,7,0,0,0,0,0,0,9724,0,0,0,0,0,0
295,732,296.21970776992134,99970,316,162,22,4,7267,3653,0.10923276983094929,214,108,44367,47123,5079,2601,0,0,0,0,0,0,89875,0,0,306,7,0,0,0,0,0,0,9782,0,0,0,0,0,0
296,732,297.31731503779866,99970,337,162,22,4,7341,3680,0.11024307292187656,198,106,44336,47108,5105,2618,0,0,0,0,0,0,89800,0,0,311,7,0,0,0,0,0,0,9852,0,0,0,0,0,0
297,732,298.04944371560606,99970,333,157,22,4,7376,3697,0.1107632289686906,198,103,44315,47100,5130,2634,0,0,0,0,0,0,89741,0,0,313,7,0,0,0,0,0,0,9909,0,0,0,0,0,0
298,732,299.14834133025244,99970,316,170,22,4,7424,3728,0.11155346603981195,211,103,44273,47082,5176,2639,0,0,0,0,0,0,89665,0,0,320,7,0,0,0,0,0,0,9978,0,0,0,0,0,0
299,732,300.2483224170764,99970,305,164,22,4,7475,3751,0.11229368810643194,220,101,44236,47075,5215,2654,0,0,0,0,0,0,89581,0,0,327,7,0,0,0,0,0,0,10055,0,0,0,0,0,0
300,732,301.3492944466394,99970,332,159,22,4,7548,3779,0.1133039911973592,198,94,44215,47059,5231,2682,0,0,0,0,0,0,89505,0,0,330,7,0,0,0,0,0,0,10128,0,0,0,0,0,0
301,732,302.08358755511125,99970,333,170,22,4,7593,3805,0.11401420426127838,196,89,44187,47043,5260,2692,0,0,0,0,0,0,89447,0,0,331,7,0,0,0,0,0,0,10185,0,0,0,0,0,0
302,732,303.1855809266413,99969,338,161,22,5,7647,3825,0.11475557422801068,196,99,44155,47015,5287,2718,0,0,0,0,0,0,89375,0,0,337,7,0,0,0,0,0,0,10250,0,0,0,0,0,0
303,732,304.28840942316526,99969,346,156,22,5,7708,3846,0.11557582850683712,197,109,44116,46992,5317,2736,0,0,0,0,0,0,89305,0,0,346,7,0,0,0,0,0,0,10311,0,0,0,0,0,0
304,732,305.0240857652468,99968,356,168,23,5,7744,3868,0.11615717029449424,195,109,44094,46983,5330,2733,0,0,0,0,0,0,89271,0,0,348,7,0,0,0,0,0,0,10342,0,0,0,0,0,0
305,732,306.1281911974103,99968,353,175,23,5,7797,3898,0.11698743597951344,197,100,44060,46975,5365,2743,0,0,0,0,0,0,89196,0,0,352,7,0,0,0,0,0,0,10413,0,0,0,0,0,0
306,732,307.2331484316792,99968,357,172,23,5,7852,3925,0.11780769846350832,190,98,44033,46964,5395,2759,0,0,0,0,0,0,89123,0,0,358,8,0,0,0,0,0,0,10479,0,0,0,0,0,0
307,732,308.3388046816774,99968,346,171,23,5,7898,3950,0.1185179257362356,195,101,44011,46947,5423,2774,0,0,0,0,0,0,89045,0,0,363,8,0,0,0,0,0,0,10552,0,0,0,0,0,0
308,732,309.0762643255968,99967,351,173,24,5,7936,3973,0.11912931267318215,191,99,43995,46929,5437,2792,0,0,0,0,0,0,88993,0,0,363,9,0,0,0,0,0,0,10602,0,0,0,0,0,0
309,732,310.18296885130786,99966,361,169,25,5,7995,3996,0.11995078326631055,191,106,43955,46913,5466,2805,0,0,0,0,0,0,88921,0,0,367,9,0,0,0,0,0,0,10669,0,0,0,0,0,0
310,732,311.2904999467109,99965,356,182,26,5,8050,4027,0.12081228429950483,201,109,43916,46891,5499,2811,0,0,0,0,0,0,88848,0,0,372,9,0,0,0,0,0,0,10736,0,0,0,0,0,0
311,732,312.0293688381665,99965,354,184,26,5,8086,4045,0.12135247336567799,194,112,43906,46878,5518,2819,0,0,0,0,0,0,88797,0,0,375,9,0,0,0,0,0,0,10784,0,0,0,0,0,0
312,732,313.1380460313275,99965,340,185,26,5,8129,4074,0.12207272545390886,205,112,43872,46861,5555,2835,0,0,0,0,0,0,88719,0,0,382,9,0,0,0,0,0,0,10855,0,0,0,0,0,0
313,732,314.24765513387615,99965,330,190,26,5,8184,4109,0.12297304056419747,210,111,43841,46838,5591,2854,0,0,0,0,0,0,88628,0,0,386,9,0,0,0,0,0,0,10942,0,0,0,0,0,0
314,732,315.3581125075738,99964,354,186,27,5,8253,4142,0.1239946380697051,207,100,43803,46828,5607,2879,0,0,0,0,0,0,88549,0,0,389,9,0,0,0,0,0,0,11017,0,0,0,0,0,0
315,732,316.09878541228665,99964,357,190,27,5,8292,4162,0.12458485054619663,214,93,43774,46825,5626,2885,0,0,0,0,0,0,88500,0,0,392,9,0,0,0,0,0,0,11063,0,0,0,0,0,0
316,732,317.21062222536773,99964,363,181,27,5,8355,4186,0.12545516385898925,217,105,43735,46803,5656,2904,0,0,0,0,0,0,88416,0,0,398,9,0,0,0,0,0,0,11141,0,0,0,0,0,0
317,732,318.3233245982044,99962,357,196,28,6,8397,4232,0.12633800844320842,239,84,43711,46790,5663,2922,0,0,0,0,0,0,88340,0,0,400,9,0,0,0,0,0,0,11213,0,0,0,0,0,0
318,732,319.0653715894692,99961,364,189,29,6,8435,4250,0.12689949080141255,242,85,43691,46780,5672,2938,0,0,0,0,0,0,88286,0,0,402,9,0,0,0,0,0,0,11264,0,0,0,0,0,0
319,732,320.17895824390996,99961,361,182,29,6,8495,4275,0.12774982243074798,223,95,43664,46755,5720,2959,1,1,1,1,0,0,88197,0,0,410,9,0,0,0,0,0,2,11343,0,0,0,0,0,0
320,732,321.0740849654751,99961,358,174,29,6,8538,4287,0.12830003701443563,226,109,43632,46739,5751,2968,2,2,2,2,0,0,88135,0,0,416,9,0,0,0,0,0,4,11397,0,0,0,0,0,0
321,732,322.18934962149876,99961,364,182,29,6,8595,4314,0.12914036474224946,218,101,43609,46728,5775,2978,3,3,3,3,0,0,88070,0,0,423,9,0,0,0,0,0,6,11453,0,0,0,0,0,0
322,732,323.0731654310847,99959,368,176,30,7,8632,4332,0.1296931742014226,216,99,43591,46718,5789,2994,4,4,4,4,0,0,88012,0,0,424,9,0,0,0,0,0,8,11506,0,0,0,0,0,0
323,732,324.1177475742571,99959,365,179,30,7,8682,4358,0.13045348592923098,218,96,43556,46700,5823,3010,6,6,6,6,0,0,87939,0,0,430,9,0,0,0,0,0,11,11569,1,0,0,0,0,0
324,732,325.0933297292654,99958,364,181,31,7,8747,4385,0.13137517757458134,216,90,43513,46687,5866,3025,8,8,8,8,0,0,87853,0,0,438,9,0,0,0,0,0,15,11642,1,0,0,0,0,0
325,732,326.1126794018429,99958,355,172,31,7,8799,4408,0.1321254927069369,221,89,43479,46678,5902,3041,10,11,11,10,0,0,87766,0,0,446,9,0,0,0,0,0,17,11716,4,0,0,0,0,0
326,732,327.041438505019,99957,373,160,32,7,8850,4418,0.13273707694308554,210,102,43458,46661,5912,3054,13,14,14,13,0,0,87713,0,0,454,9,0,0,0,0,0,23,11754,4,0,0,0,0,0
327,732,328.00215687939453,99957,376,169,32,7,8902,4444,0.13351741248736956,210,105,43427,46645,5937,3054,16,18,18,16,0,0,87646,0,0,459,9,0,0,0,0,0,29,11809,5,0,0,0,0,0
328,732,329.01995022135725,99956,370,153,33,7,8951,4460,0.13416903437512506,220,113,43395,46628,5960,3074,20,23,23,20,0,0,87560,0,0,468,9,0,0,0,0,0,37,11876,6,0,0,0,0,0
329,732,330.0563141581777,99955,379,174,34,7,9011,4494,0.13511079985993696,205,106,43372,46603,5984,3079,24,29,29,24,0,0,87490,0,0,472,9,0,0,0,0,0,47,11931,6,0,0,0,0,0
330,732,331.1919646499601,99955,386,183,34,7,9091,4537,0.1363413536091241,203,116,43325,46555,6021,3101,29,36,36,29,0,0,87381,0,0,481,9,0,0,0,0,0,58,12019,7,0,0,0,0,0
331,732,332.31486133952933,99955,359,187,34,7,9143,4565,0.13714171377119705,221,122,43273,46526,6076,3112,35,44,44,35,0,0,87274,0,0,489,9,0,0,0,0,0,70,12104,9,0,0,0,0,0
332,732,333.0642319071248,99955,368,202,34,7,9186,4597,0.1378920514231404,212,104,43253,46512,6090,3120,41,53,53,41,0,0,87212,0,0,491,9,0,0,0,0,0,83,12149,11,0,0,0,0,0
333,732,334.1890997426966,99955,368,176,34,7,9244,4622,0.13872242509129107,211,110,43218,46483,6119,3159,48,63,63,48,0,0,87096,0,0,500,9,0,0,0,0,0,99,12239,12,0,0,0,0,0
334,732,335.3149433189878,99955,370,179,34,7,9305,4650,0.13961282577159723,207,115,43180,46450,6151,3173,56,74,74,56,0,0,87002,0,0,505,9,0,0,0,0,0,114,12309,16,0,0,0,0,0
335,732,336.06606293118307,99955,360,179,34,7,9335,4664,0.14005302386073734,218,122,43151,46423,6171,3181,64,86,86,64,0,0,86933,0,0,508,9,0,0,0,0,0,132,12355,18,0,0,0,0,0
336,732,337.1935916523495,99955,376,187,34,7,9401,4709,0.14116352358561352,206,114,43113,46386,6196,3204,73,100,100,73,0,0,86834,0,0,518,9,0,0,0,0,0,154,12421,19,0,0,0,0,0
337,732,338.32201809111973,99955,372,179,34,7,9460,4733,0.14199389725376418,211,120,43074,46362,6224,3215,83,115,115,83,0,0,86724,0,0,522,10,0,0,0,0,0,174,12502,23,0,0,0,0,0
338,732,339.0749434519406,99954,380,184,35,7,9513,4759,0.1427856814134502,203,115,43037,46329,6250,3231,93,132,132,94,0,0,86638,0,0,528,10,0,0,0,0,0,200,12553,25,0,0,0,0,0
339,732,340.20533584611223,99953,383,205,36,7,9567,4801,0.1437475613538363,218,115,42990,46287,6267,3234,104,150,150,106,0,0,86544,0,0,533,10,0,0,0,0,0,227,12611,28,0,0,0,0,0
340,732,341.3366658163552,99953,383,197,36,7,9624,4826,0.14456794693505948,216,124,42950,46251,6297,3249,116,170,170,118,0,0,86444,0,0,548,11,0,0,0,0,0,253,12664,33,0,0,0,0,0
341,732,342.09148103231644,99953,392,185,36,7,9669,4842,0.14517823376987185,209,123,42917,46224,6315,3269,129,190,191,131,0,0,86357,0,0,555,11,0,0,0,0,0,283,12710,37,0,0,0,0,0
342,732,343.22473738015213,99952,403,177,37,7,9731,4871,0.1460901232591644,206,126,42877,46184,6333,3293,142,211,214,145,0,0,86245,0,0,561,12,0,0,0,0,0,314,12778,42,0,0,0,0,0
343,732,344.3591108301907,99952,398,180,37,7,9792,4903,0.1470205698735393,200,124,42836,46145,6371,3307,156,235,239,160,0,0,86121,0,0,566,12,0,0,0,0,0,348,12857,48,0,0,0,0,0
344,732,345.11601087992113,99952,402,187,37,7,9841,4927,0.14775092044181207,197,117,42802,46117,6391,3309,169,261,266,176,0,0,86029,0,0,569,14,0,0,0,0,0,384,12902,54,0,0,0,0,0
345,732,346.25239381981896,99952,394,172,37,7,9893,4951,0.14851128541700015,214,126,42742,46074,6425,3330,186,289,295,193,0,0,85902,0,0,578,15,0,0,0,0,0,422,12974,61,0,0,0,0,0
346,732,347.0108488510075,99952,380,177,37,7,9922,4972,0.1490115255322555,218,126,42725,46035,6436,3333,202,320,326,211,0,0,85807,0,0,585,15,0,0,0,0,0,465,13013,67,0,0,0,0,0
347,732,348.1493866954264,99952,375,189,37,7,9977,5011,0.1499519769489355,206,116,42690,45993,6470,3340,220,353,359,230,0,0,85687,0,0,598,15,0,0,0,0,0,511,13068,73,0,0,0,0,0
348,732,349.2889591519466,99952,365,186,37,7,10033,5049,0.1508924283656155,204,110,42657,45948,6495,3360,240,387,394,250,0,0,85543,0,0,609,15,0,0,0,0,0,559,13146,80,0,0,0,0,0
349,732,350.0492681426548,99952,353,189,37,7,10069,5071,0.15147270689931167,195,102,42633,45913,6519,3364,261,423,431,271,0,0,85432,0,0,615,15,0,0,0,0,0,609,13193,88,0,0,0,0,0
350,732,351.19079443546553,99952,359,179,37,7,10129,5091,0.1522730910837202,185,117,42598,45858,6538,3375,281,462,470,293,0,0,85305,0,0,622,16,0,0,0,0,0,660,13252,97,0,0,0,0,0
351,732,352.33328908312217,99952,362,191,37,7,10185,5126,0.15318352809348487,191,114,42546,45805,6558,3379,304,502,511,316,0,0,85177,0,0,628,17,0,0,0,0,0,720,13309,101,0,0,0,0,0
352,732,353.09559626305656,99952,355,196,37,7,10223,5147,0.15377381142948615,191,115,42510,45753,6578,3383,327,544,554,340,0,0,85065,0,0,637,17,0,0,0,0,0,780,13345,108,0,0,0,0,0
353,732,354.2404177482986,99952,355,217,37,7,10277,5192,0.1547642868576917,209,93,42434,45703,6611,3391,352,587,599,365,0,0,84929,0,0,642,17,0,0,0,0,0,843,13406,115,0,0,0,0,0
354,732,355.00457010725677,99951,361,207,37,8,10318,5208,0.15533611469620115,209,97,42392,45649,6621,3402,378,635,647,391,0,0,84813,0,0,645,18,0,0,0,0,0,903,13443,129,0,0,0,0,0
355,732,356.1522810172006,99951,365,203,37,8,10383,5237,0.15627657552200577,215,92,42332,45593,6644,3418,405,684,697,418,0,0,84656,0,0,648,19,0,0,0,0,0,970,13520,138,0,0,0,0,0
356,732,357.30157185393546,99950,340,187,38,8,10433,5260,0.15700850425212606,222,86,42274,45543,6691,3440,433,734,750,446,0,0,84481,0,0,655,19,0,0,0,0,0,1038,13606,151,0,0,0,0,0
357,732,358.0688330545729,99950,352,193,38,8,10480,5279,0.1576688344172086,209,90,42236,45485,6702,3434,461,788,805,475,0,0,84367,0,0,659,21,0,0,0,0,0,1111,13631,161,0,0,0,0,0
358,732,359.22098793090555,99949,350,188,39,8,10545,5309,0.15862089665729523,186,93,42198,45413,6735,3455,490,841,863,505,0,0,84192,0,0,668,22,0,0,0,0,0,1195,13707,165,0,0,0,0,0
359,732,360.37440355116877,99949,351,191,39,8,10610,5337,0.15955137119931165,177,90,42152,45362,6761,3452,518,895,923,536,0,0,84039,0,0,673,24,0,0,0,0,0,1268,13762,183,0,0,0,0,0
360,732,361.14410061632583,99949,353,182,39,8,10650,5349,0.16007163653463266,170,104,42115,45294,6773,3455,548,955,986,568,0,0,83905,0,0,678,24,0,0,0,0,0,1348,13796,198,0,0,0,0,0
361,732,362.29988062568896,99949,329,188,39,8,10694,5384,0.1608620396402165,173,100,42082,45228,6795,3460,580,1014,1051,602,0,0,83734,0,0,682,28,0,0,0,0,0,1431,13863,211,0,0,0,0,0
362,732,363.0710670670276,99949,320,182,39,8,10724,5403,0.16135228966773055,183,106,42036,45150,6806,3476,614,1076,1119,637,0,0,83585,0,0,686,29,0,0,0,0,0,1521,13905,223,0,0,0,0,0
363,732,364.22931363015596,99948,316,177,40,8,10775,5433,0.1621643254492336,190,110,41980,45073,6824,3486,648,1144,1189,673,0,0,83416,0,0,692,30,0,0,0,0,0,1608,13960,242,0,0,0,0,0
364,732,365.0023133870721,99947,319,174,41,8,10811,5449,0.16268622369856023,193,109,41930,45005,6831,3489,684,1213,1262,710,0,0,83272,0,0,692,31,0,0,0,0,0,1701,13993,258,0,0,0,0,0
365,732,366.1634392932034,99947,325,168,41,8,10866,5472,0.1634666373177784,187,113,41896,44928,6831,3498,718,1283,1338,748,0,0,83110,0,0,703,31,0,0,0,0,0,1796,14030,277,0,0,0,0,0
366,732,367.32564485333523,99947,331,166,41,8,10923,5502,0.16433709866229101,181,110,41848,44846,6844,3510,753,1358,1417,787,0,0,82929,0,0,706,32,0,0,0,0,0,1898,14090,292,0,0,0,0,0
367,732,368.1011209555666,99946,349,164,41,9,10967,5519,0.16494907249914953,172,107,41809,44770,6837,3513,790,1435,1498,828,0,0,82793,0,0,715,32,0,0,0,0,0,1998,14094,314,0,0,0,0,0
368,732,369.26551660565957,99946,346,174,41,9,11022,5554,0.16584955876173132,162,95,41756,44692,6866,3517,827,1511,1582,870,0,0,82612,0,0,723,33,0,0,0,0,0,2105,14141,332,0,0,0,0,0
369,732,370.04263269477997,99946,344,171,41,9,11050,5570,0.16628979649010467,168,93,41707,44612,6868,3518,870,1595,1669,913,0,0,82453,0,0,726,35,0,0,0,0,0,2220,14167,345,0,0,0,0,0
370,732,371.2099777165056,99944,332,165,43,9,11096,5598,0.16703353878171776,181,91,41636,44519,6894,3531,912,1683,1759,957,0,0,82254,0,0,731,36,0,0,0,0,0,2334,14225,364,0,0,0,0,0
371,732,372.3793488941694,99944,316,166,43,9,11148,5626,0.16783398703273833,171,92,41584,44427,6929,3534,955,1770,1852,1002,0,0,82059,0,0,740,37,0,0,0,0,0,2444,14273,391,0,0,0,0,0
372,732,373.1598780426312,99944,317,160,43,9,11178,5642,0.16829424477707516,174,95,41532,44327,6933,3544,999,1863,1947,1049,0,0,81892,0,0,744,38,0,0,0,0,0,2565,14294,411,0,0,0,0,0
373,732,374.33252577434786,99944,307,162,43,9,11227,5674,0.16910469863123348,184,87,41456,44226,6965,3563,1043,1951,2045,1097,0,0,81686,0,0,755,38,0,0,0,0,0,2693,14343,429,0,0,0,0,0
374,732,375.1154650138432,99944,312,162,43,9,11266,5687,0.16962498999439687,178,85,41414,44138,6963,3560,1088,2044,2146,1146,0,0,81516,0,0,758,40,0,0,0,0,0,2822,14359,449,0,0,0,0,0
375,732,376.291448773527,99944,314,162,43,9,11315,5713,0.17037541022972866,173,87,41364,44032,6970,3563,1134,2145,2250,1196,0,0,81315,0,0,766,40,0,0,0,0,0,2958,14398,467,0,0,0,0,0
376,732,377.07621009501514,99944,313,167,43,9,11349,5730,0.17088569598975425,172,92,41316,43932,6969,3550,1185,2248,2357,1248,0,0,81144,0,0,773,41,0,0,0,0,0,3090,14403,493,0,0,0,0,0
377,732,378.254915647155,99944,311,158,43,9,11406,5755,0.17170615544705034,153,98,41271,43813,6985,3571,1235,2349,2467,1301,0,0,80918,0,0,782,42,0,0,0,0,0,3233,14457,512,0,0,0,0,0
378,732,379.0415791678219,99944,306,153,43,9,11440,5771,0.1722064356039382,154,92,41224,43709,6988,3575,1283,2460,2580,1355,0,0,80718,0,0,784,44,0,0,0,0,0,3377,14488,533,0,0,0,0,0
379,732,380.22331717993006,99944,293,150,43,9,11481,5796,0.17286680541103017,157,85,41174,43616,6999,3578,1332,2560,2695,1410,0,0,80505,0,0,795,45,0,0,0,0,0,3521,14519,559,0,0,0,0,0
380,732,381.01206070218973,99944,280,150,43,9,11506,5811,0.17326702953654047,159,83,41121,43507,7008,3574,1387,2675,2813,1467,0,0,80309,0,0,796,46,0,0,0,0,0,3667,14538,588,0,0,0,0,0
381,732,382.197096529559,99944,278,150,43,9,11549,5836,0.17394741054990795,169,89,41052,43383,7014,3578,1442,2789,2934,1525,0,0,80084,0,0,797,47,0,0,0,0,0,3824,14583,609,0,0,0,0,0
382,732,383.38395248042826,99943,276,143,44,9,11599,5859,0.17467956735339144,159,97,40990,43266,7035,3583,1494,2900,3058,1584,0,0,79852,0,0,798,50,0,0,0,0,0,3978,14630,635,0,0,0,0,0
383,732,384.1762684377045,99943,281,142,44,9,11631,5876,0.17516984681268322,158,96,40938,43141,7025,3589,1552,3021,3185,1644,0,0,79641,0,0,799,52,0,0,0,0,0,4147,14653,651,0,0,0,0,0
384,732,385.36660577468854,99942,282,139,45,9,11671,5900,0.17581197094314702,159,95,40885,43013,7024,3603,1603,3139,3315,1705,0,0,79413,0,0,800,56,0,0,0,0,0,4315,14687,671,0,0,0,0,0
385,732,386.1610438303664,99942,278,143,45,9,11705,5919,0.1763422785215425,159,95,40819,42885,7033,3599,1664,3267,3448,1768,0,0,79192,0,0,807,57,0,0,0,0,0,4491,14705,690,0,0,0,0,0
386,732,387.3547351408869,99942,275,152,45,9,11753,5947,0.17710271957735488,155,93,40768,42762,7037,3589,1718,3393,3583,1832,0,0,78957,0,0,813,59,0,0,0,0,0,4664,14735,714,0,0,0,0,0
387,732,388.15142578708196,99942,273,153,45,9,11779,5963,0.17752296331872486,166,90,40709,42643,7026,3578,1779,3525,3721,1897,0,0,78749,0,0,816,60,0,0,0,0,0,4834,14736,747,0,0,0,0,0
388,732,389.348383689576,99942,268,143,45,9,11826,5982,0.1781833463408777,158,94,40651,42521,7038,3581,1838,3650,3862,1963,0,0,78500,0,0,821,63,0,0,0,0,0,5011,14772,775,0,0,0,0,0
389,732,390.14744107170225,99942,270,145,45,9,11864,6003,0.1787736887394689,151,85,40599,42395,7032,3584,1901,3780,4006,2031,0,0,78280,0,0,830,65,0,0,0,0,0,5187,14771,809,0,0,0,0,0
390,732,391.34814264738776,99942,263,144,45,9,11907,6024,0.17941406015488984,151,89,40538,42269,7035,3578,1966,3909,4153,2100,0,0,78037,0,0,838,67,0,0,0,0,0,5368,14790,842,0,0,0,0,0
391,732,392.1496214636739,99942,263,142,45,9,11933,6039,0.17982429809289388,152,86,40478,42137,7031,3576,2029,4048,4302,2170,0,0,77820,0,0,838,72,0,0,0,0,0,5547,14788,877,0,0,0,0,0
392,732,393.35386600863046,99942,252,145,45,9,11964,6064,0.1803846230813872,166,89,40410,42002,7034,3570,2091,4183,4454,2241,0,0,77578,0,0,840,75,0,0,0,0,0,5730,14805,914,0,0,0,0,0
393,732,394.15778591294463,99942,252,148,45,9,11998,6082,0.1809049248564167,164,85,40348,41863,7033,3568,2156,4325,4609,2313,0,0,77340,0,0,844,76,0,0,0,0,0,5924,14812,946,0,0,0,0,0
394,732,395.3657743977757,99942,250,138,45,9,12044,6103,0.18157531368193552,153,79,40299,41737,7030,3569,2221,4466,4766,2387,0,0,77080,0,0,854,78,0,0,0,0,0,6117,14831,982,0,0,0,0,0
395,732,396.1720477132094,99942,237,145,45,9,12066,6121,0.1819755458165736,156,72,40244,41593,7028,3563,2288,4616,4926,2462,0,0,76845,0,0,858,80,0,0,0,0,0,6312,14827,1020,0,0,0,0,0
396,732,397.3836471819825,99942,235,145,45,9,12108,6145,0.18263592883872645,154,74,40186,41442,7025,3562,2353,4766,5088,2538,0,0,76577,0,0,868,82,0,0,0,0,0,6524,14847,1044,0,0,0,0,0
397,732,398.19234484158164,99942,237,152,45,9,12140,6164,0.18314622481039003,157,66,40113,41299,7026,3555,2420,4917,5253,2615,0,0,76334,0,0,870,84,0,0,0,0,0,6729,14846,1079,0,0,0,0,0
398,732,399.00234699295027,99942,243,146,45,9,12171,6175,0.18356646855176,156,66,40049,41158,7018,3542,2487,5077,5421,2693,0,0,76097,0,0,873,85,0,0,0,0,0,6928,14834,1125,0,0,0,0,0
399,732,400.21971484997044,99942,250,148,45,9,12217,6202,0.18429689219747453,147,65,39990,41006,7011,3542,2555,5228,5591,2773,0,0,75824,0,0,881,85,0,0,0,0,0,7145,14849,1158,0,0,0,0,0
400,732,401.03231635350915,99942,261,146,45,9,12250,6213,0.18473714754557644,147,66,39929,40862,6990,3536,2626,5379,5763,2854,0,0,75589,0,0,880,88,0,0,0,0,0,7347,14832,1206,0,0,0,0,0
401,732,402.2532691593132,99942,255,148,45,9,12295,6236,0.1854175421744612,127,71,39873,40718,7000,3525,2698,5527,5938,2936,0,0,75314,0,0,887,90,0,0,0,0,0,7559,14843,1249,0,0,0,0,0
402,732,403.0683262279995,99942,259,148,45,9,12328,6250,0.18588781493266093,119,73,39815,40564,6989,3513,2771,5691,6115,3019,0,0,75062,0,0,887,91,0,0,0,0,0,7769,14835,1298,0,0,0,0,0
403,732,404.2931411554631,99942,252,152,45,9,12370,6279,0.18659822697164355,129,68,39745,40411,6986,3506,2841,5852,6294,3103,0,0,74775,0,0,896,91,0,0,0,0,0,7991,14850,1339,0,0,0,0,0
404,732,405.11083809533244,99942,243,151,45,9,12401,6289,0.1870084649096476,120,71,39696,40247,6978,3496,2916,6024,6476,3188,0,0,74510,0,0,901,95,0,0,0,0,0,8215,14842,1379,0,0,0,0,0
405,732,406.33940874400076,99942,238,160,45,9,12440,6320,0.18770887114526424,117,60,39633,40100,6973,3490,2992,6179,6660,3275,0,0,74226,0,0,905,97,0,0,0,0,0,8439,14851,1424,0,0,0,0,0
406,732,407.15956805937327,99942,227,145,45,9,12459,6331,0.18800904524624282,130,59,39556,39937,6970,3499,3070,6349,6846,3363,0,0,73936,0,0,909,101,0,0,0,0,0,8681,14863,1452,0,0,0,0,0
407,732,408.39276082174786,99942,236,141,45,9,12503,6349,0.18862940505493186,121,77,39483,39778,6967,3487,3146,6506,7034,3452,0,0,73658,0,0,913,106,0,0,0,0,0,8911,14860,1494,0,0,0,0,0
408,732,409.2160505458029,99942,233,147,45,9,12524,6363,0.18897960817274018,125,78,39413,39614,6955,3471,3227,6679,7224,3542,0,0,73391,0,0,912,109,0,0,0,0,0,9148,14848,1534,0,0,0,0,0
409,732,410.0407681918288,99941,230,145,46,9,12550,6379,0.18940174703074814,125,79,39343,39444,6952,3470,3302,6851,7416,3633,0,0,73095,0,0,914,111,0,0,0,0,0,9402,14858,1561,0,0,0,0,0
410,732,411.28043853318337,99941,234,145,46,9,12591,6401,0.1900321189501806,128,76,39256,39295,6953,3463,3381,7010,7610,3725,0,0,72806,0,0,921,114,0,0,0,0,0,9642,14854,1604,0,0,0,0,0
411,732,412.108399622451,99941,240,140,46,9,12619,6414,0.19044236099298587,125,80,39204,39126,6924,3454,3459,7189,7806,3818,0,0,72534,0,0,918,120,0,0,0,0,0,9877,14840,1652,0,0,0,0,0
412,732,413.3524907372477,99941,255,141,46,9,12667,6442,0.19120280965769804,125,75,39121,38966,6913,3446,3538,7361,8004,3912,0,0,72243,0,0,925,124,0,0,0,0,0,10119,14832,1698,0,0,0,0,0
413,732,414.1831268214321,99941,248,143,46,9,12692,6455,0.19158303399005414,129,71,39040,38814,6913,3428,3622,7533,8204,4007,0,0,71960,0,0,925,130,0,0,0,0,0,10365,14820,1741,0,0,0,0,0
414,732,415.0155603126334,99941,240,132,46,9,12713,6465,0.19189321699802883,136,76,38961,38644,6913,3420,3702,7717,8406,4103,0,0,71673,0,0,927,134,0,0,0,0,0,10608,14807,1792,0,0,0,0,0
415,732,416.267133119262,99940,242,134,46,10,12757,6488,0.19256553932359416,122,72,38899,38488,6908,3416,3781,7878,8609,4200,0,0,71365,0,0,928,139,0,0,0,0,0,10860,14812,1836,0,0,0,0,0
416,732,417.10277192925105,99939,231,132,47,10,12780,6500,0.19291767978466864,116,68,38823,38329,6917,3402,3864,8057,8814,4298,0,0,71068,0,0,933,141,0,0,0,0,0,11116,14800,1881,0,0,0,0,0
417,732,418.3592088721228,99939,222,142,47,10,12813,6534,0.1935880887341278,119,58,38760,38153,6908,3396,3942,8239,9021,4397,0,0,70756,0,0,941,142,0,0,0,0,0,11371,14798,1931,0,0,0,0,0
418,732,419.1980553349426,99939,218,144,47,10,12833,6548,0.19392829626071903,127,58,38680,37976,6897,3381,4029,8429,9229,4497,0,0,70475,0,0,941,147,0,0,0,0,0,11622,14770,1984,0,0,0,0,0
419,732,420.03855304049193,99939,224,157,47,10,12864,6571,0.19446862586177568,157,85,38576,37784,6877,3354,4117,8608,9439,4598,0,0,70177,14,0,946,148,0,0,0,0,0,11891,14738,2025,0,0,0,0,0
420,732,421.1873160652987,99939,231,169,47,10,12911,6606,0.19528912636708393,175,71,38483,37624,6864,3333,4198,8791,9650,4700,0,0,69868,67,4,948,151,1,0,0,0,0,12143,14680,2077,0,0,0,0,0
421,732,422.3386745607696,99939,238,170,47,10,12959,6629,0.19599955973143618,210,80,38364,37452,6854,3322,4285,8964,9863,4803,0,0,69557,117,10,952,153,1,0,0,0,0,12398,14620,2131,0,0,0,0,0
422,732,423.10784834781157,99939,258,166,47,10,13008,6648,0.19667997478461863,197,81,38274,37285,6846,3317,4376,9139,10077,4907,0,0,69244,155,14,960,155,1,0,0,0,0,12669,14569,2172,0,0,0,0,0
423,732,424.2647268721518,99939,274,162,47,10,13060,6670,0.19742042646014069,210,90,38185,37130,6823,3300,4459,9306,10292,5012,0,0,68947,201,18,954,171,1,0,0,0,0,12916,14504,2227,0,0,0,0,0
424,732,425.0372739468625,99939,288,154,47,10,13095,6682,0.19789071333513444,228,105,38073,36943,6812,3295,4550,9491,10508,5118,0,0,68656,230,20,962,173,1,0,0,0,0,13176,14436,2285,0,0,0,0,0
425,732,426.1993194881968,99939,320,165,47,10,13164,6720,0.19896136643352444,225,106,37980,36760,6792,3295,4634,9662,10725,5225,0,0,68322,286,24,966,173,1,0,0,0,0,13450,14386,2331,0,0,0,0,0
426,732,427.36397514685666,99939,335,163,47,10,13231,6745,0.1998819279760654,238,119,37863,36581,6793,3289,4722,9836,10944,5332,0,0,67990,343,32,979,174,1,0,0,0,0,13717,14322,2381,0,0,0,0,0
427,732,428.14212969622406,99939,339,166,47,10,13277,6765,0.2005423308218013,250,131,37757,36384,6795,3282,4810,10025,11164,5440,0,0,67663,386,42,979,180,1,0,0,0,0,13991,14278,2419,0,0,0,0,0
428,732,429.31284040022507,99939,341,177,47,10,13334,6810,0.20156295340157496,265,134,37656,36186,6795,3286,4894,10205,11384,5549,0,0,67323,457,50,978,191,1,0,0,0,0,14252,14219,2468,0,0,0,0,0
429,732,430.0950198353196,99938,358,180,48,10,13385,6834,0.20231543557005344,274,132,37544,35996,6788,3286,4986,10394,11605,5659,0,0,66999,492,55,983,198,1,0,0,0,0,14535,14169,2506,0,0,0,0,0
430,732,431.2717520169867,99938,400,174,48,10,13480,6864,0.20356621105085151,283,141,37399,35819,6805,3286,5063,10568,11827,5770,0,0,66656,554,62,997,203,1,0,0,0,0,14809,14102,2554,0,0,0,0,0
431,732,432.05833134976353,99938,409,188,48,10,13546,6896,0.20454681902779723,268,134,37287,35640,6825,3274,5161,10752,12050,5882,0,0,66325,606,73,1003,209,1,0,0,0,0,15077,14040,2604,0,0,0,0,0
432,732,433.24249051565346,99938,426,199,48,10,13630,6937,0.20579759450859533,280,152,37165,35444,6838,3270,5241,10923,12274,5994,0,0,65964,675,85,1016,212,1,0,0,0,0,15357,13983,2645,0,0,0,0,0
433,732,434.03377138816285,99938,437,210,48,10,13684,6968,0.20664812183553805,290,158,37053,35249,6835,3258,5335,11113,12498,6107,0,0,65638,723,95,1018,214,2,0,0,0,0,15625,13923,2700,0,0,0,0,0
434,732,435.2245977962248,99938,430,220,48,10,13758,7011,0.20781884768556505,316,162,36916,35079,6864,3252,5424,11275,12723,6221,0,0,65265,805,111,1028,219,2,0,0,0,0,15899,13865,2744,0,0,0,0,0
435,732,436.0206998744297,99938,423,235,48,10,13807,7051,0.2087093998278933,345,163,36798,34889,6868,3255,5516,11446,12949,6336,0,0,64930,859,122,1036,225,2,0,0,0,0,16168,13796,2800,0,0,0,0,0
436,732,437.2191002938798,99938,460,248,48,10,13908,7103,0.21024034901639016,367,167,36639,34689,6885,3269,5599,11615,13175,6451,0,0,64560,937,133,1039,231,4,0,0,0,0,16449,13743,2842,0,0,0,0,0
437,732,438.02036721093424,99938,483,268,48,10,13984,7144,0.2114110748664172,367,153,36514,34492,6893,3265,5693,11810,13402,6567,0,0,64220,983,146,1049,234,4,0,0,0,0,16728,13684,2890,0,0,0,0,0
438,732,439.2266711325119,99937,499,265,48,11,14094,7191,0.21298418003342107,384,171,36378,34301,6927,3272,5762,11978,13629,6684,0,0,63829,1080,171,1057,246,4,0,0,0,0,16996,13624,2930,0,0,0,0,0
439,732,440.03302620807693,99937,527,269,48,11,14181,7228,0.21422496172588731,397,175,36242,34096,6930,3281,5854,12166,13856,6801,0,0,63484,1137,188,1069,249,5,0,0,0,0,17267,13555,2983,0,0,0,0,0
440,732,441.24742412584646,99937,535,278,48,11,14287,7280,0.21580595775338463,415,189,36077,33898,6974,3286,5949,12336,14084,6919,0,0,63097,1235,206,1081,258,5,0,0,0,0,17535,13485,3035,0,0,0,0,0
441,732,442.05982067546,99937,568,300,48,11,14374,7321,0.2170867646617369,411,198,35938,33694,6989,3272,6044,12523,14312,7038,0,0,62756,1281,220,1087,264,5,0,0,0,0,17815,13427,3082,0,0,0,0,0
442,732,443.283201391556,99936,600,305,48,12,14494,7383,0.21891010246557796,448,221,35778,33487,7005,3293,6119,12680,14540,7157,0,0,62366,1375,252,1093,270,7,0,0,0,0,18078,13367,3128,0,0,0,0,0
443,732,444.1012875510537,99935,633,318,49,12,14611,7430,0.22055335968379447,431,228,35653,33280,7026,3291,6206,12869,14768,7277,0,0,62018,1446,273,1103,283,7,0,0,0,0,18332,13284,3189,0,0,0,0,0
444,732,445.3334129613462,99935,651,322,49,12,14745,7496,0.22255466052934408,466,230,35464,33102,7082,3315,6286,13017,14996,7397,0,0,61595,1570,304,1116,293,7,0,0,0,0,18600,13222,3228,0,0,0,0,0
445,732,446.15785050023834,99935,673,311,49,12,14848,7538,0.22400560364236755,458,239,35327,32906,7113,3335,6378,13195,15224,7518,0,0,61213,1653,328,1132,304,7,0,0,0,0,18875,13156,3267,0,0,0,0,0
446,732,447.40002319863976,99935,704,322,49,12,14993,7606,0.22613698904287788,473,243,35177,32715,7150,3359,6445,13347,15452,7639,0,0,60819,1760,359,1143,317,9,0,0,0,0,19129,13080,3319,0,0,0,0,0
447,732,448.23066278717454,99935,723,335,49,12,15104,7655,0.22773802971931756,497,256,35007,32515,7184,3361,6538,13519,15680,7761,0,0,60443,1845,379,1153,326,9,0,0,0,0,19397,13010,3373,0,0,0,0,0
448,732,449.06480019491954,99935,750,356,49,12,15215,7711,0.2294091159253515,504,259,34832,32303,7222,3370,6641,13698,15908,7884,0,0,60069,1921,400,1162,336,9,0,0,0,0,19673,12946,3419,0,0,0,0,0
449,732,450.32250709269465,99935,799,362,49,12,15393,7784,0.23192074848651623,486,277,34671,32111,7273,3397,6720,13839,16136,8007,0,0,59642,2049,435,1187,341,11,0,0,0,0,19937,12870,3463,0,0,0,0,0
450,732,451.16400301975955,99935,795,366,49,12,15481,7836,0.23332165907840097,530,279,34508,31922,7305,3403,6811,14016,16363,8131,0,0,59268,2133,466,1199,353,11,0,0,0,0,20195,12797,3513,0,0,0,0,0
451,732,452.0089722602384,99935,821,382,49,12,15602,7903,0.23520288187321758,557,286,34323,31724,7335,3421,6913,14173,16590,8255,0,0,58882,2230,495,1208,361,12,0,0,0,0,20455,12725,3567,0,0,0,0,0
452,732,453.2833897821466,99935,892,389,49,12,15794,7976,0.23785460549357082,563,329,34124,31537,7392,3437,6978,14294,16817,8379,0,0,58460,2358,521,1229,369,12,0,0,0,0,20720,12646,3620,0,0,0,0,0
453,732,454.1364173517417,99933,905,394,51,12,15914,8039,0.23969059269710707,602,330,33929,31336,7442,3453,7069,14473,17044,8504,0,0,58075,2450,560,1248,381,12,0,0,0,0,20971,12566,3670,0,0,0,0,0
454,732,455.42335639072627,99933,932,421,51,12,16110,8151,0.24277265768064604,609,328,33734,31146,7531,3492,7141,14599,17270,8629,0,0,57608,2614,599,1275,397,12,0,0,0,0,21230,12488,3710,0,0,0,0,0
455,732,456.28522756613165,99933,940,434,51,12,16234,8211,0.2446138913071758,628,346,33577,30926,7580,3509,7222,14771,17496,8755,0,0,57211,2717,630,1293,406,12,0,0,0,0,21492,12411,3761,0,0,0,0,0
456,732,457.1507601414503,99932,968,455,52,12,16383,8272,0.24671776808229595,633,353,33393,30730,7643,3510,7309,14938,17721,8881,0,0,56823,2814,659,1309,417,13,0,0,0,0,21751,12331,3815,0,0,0,0,0
457,732,458.0203664909314,99931,1000,478,53,12,16524,8363,0.24904183886881948,624,344,33236,30509,7690,3554,7395,15101,17946,9007,0,0,56418,2912,698,1334,424,13,0,0,0,0,22012,12260,3860,0,0,0,0,0
458,732,459.3318375013039,99927,986,502,57,12,16705,8477,0.2520039628929118,668,354,33025,30300,7808,3605,7454,15225,18170,9134,0,0,55959,3077,751,1377,436,14,0,0,0,0,22243,12157,3913,0,0,0,0,0
459,732,460.2103223990608,99927,1015,529,57,12,16852,8567,0.25437569425680745,683,351,32825,30093,7876,3625,7542,15388,18393,9261,0,0,55575,3165,805,1397,449,15,0,0,0,0,22483,12081,3957,0,0,0,0,0
460,732,461.09353748991344,99927,1043,539,57,12,17012,8640,0.25670739639937157,683,342,32643,29909,7947,3652,7625,15544,18616,9388,0,0,55148,3297,843,1410,458,15,0,0,0,0,22738,12012,4006,0,0,0,0,0
461,732,462.4267373399187,99926,1061,557,57,13,17251,8750,0.2602025498869163,682,361,32435,29704,8086,3693,7677,15670,18838,9516,0,0,54685,3471,918,1453,469,16,0,0,0,0,22945,11906,4063,0,0,0,0,0
462,732,463.320146443189,99925,1098,573,58,13,17406,8835,0.2626069552164123,687,362,32244,29501,8145,3722,7766,15827,19059,9644,0,0,54296,3562,965,1485,477,16,0,0,0,0,23189,11820,4115,0,0,0,0,0
463,732,464.21826421559336,99925,1121,575,58,13,17554,8903,0.26476857643232427,732,369,32038,29316,8191,3745,7858,15980,19280,9772,0,0,53907,3661,1015,1504,494,16,0,0,0,0,23426,11739,4163,0,0,0,0,0
464,732,465.12144649877536,99925,1147,577,58,13,17725,8978,0.26723042281711284,745,375,31830,29126,8274,3777,7944,16130,19500,9900,0,0,53492,3780,1061,1530,511,16,0,0,0,0,23670,11657,4208,0,0,0,0,0
465,732,466.0299857110704,99923,1179,604,60,13,17895,9075,0.2699078290283518,756,382,31627,28924,8348,3801,8028,16274,19719,10029,0,0,53094,3886,1120,1551,524,17,0,0,0,0,23897,11579,4255,0,0,0,0,0
466,732,467.4020929185892,99922,1186,608,61,13,18139,9210,0.27370348872120254,780,399,31402,28710,8484,3900,8085,16368,19937,10158,0,0,52579,4103,1186,1601,548,18,0,0,0,0,24120,11479,4288,0,0,0,0,0
467,732,468.32217385579423,99921,1215,611,61,14,18323,9296,0.2764083626064591,783,422,31211,28518,8562,3927,8166,16506,20154,10287,0,0,52158,4231,1245,1628,560,19,0,0,0,0,24347,11395,4338,0,0,0,0,0
468,732,469.2472072037193,99921,1257,643,61,14,18517,9391,0.2793006475115341,775,438,31022,28314,8630,3942,8253,16647,20371,10416,0,0,51752,4348,1298,1642,580,21,0,0,0,0,24579,11321,4380,0,0,0,0,0
469,732,470.177273929521,99920,1278,659,62,14,18687,9487,0.2819655724579664,790,445,30829,28111,8710,3989,8329,16780,20587,10545,0,0,51327,4472,1356,1660,600,21,0,0,0,0,24818,11254,4412,0,0,0,0,0
470,732,471.11260942854943,99919,1282,651,62,15,18879,9570,0.28472062370520124,808,467,30629,27914,8812,4037,8405,16914,20802,10675,0,0,50882,4611,1426,1696,614,23,0,0,0,0,25040,11176,4451,0,0,0,0,0
471,732,472.05358619958236,99919,1299,659,62,15,19077,9662,0.28762297460943365,802,473,30433,27730,8919,4078,8483,17043,21016,10805,0,0,50456,4741,1503,1729,629,24,0,0,0,0,25252,11094,4491,0,0,0,0,0
472,732,473.0005158834366,99918,1310,691,63,15,19275,9794,0.2909285614203647,819,447,30240,27526,9022,4150,8544,17169,21229,10935,0,0,49999,4891,1577,1762,642,27,0,0,0,0,25476,11022,4522,0,0,0,0,0
473,732,474.43133200983806,99917,1308,719,64,15,19552,9964,0.29540518630463286,865,435,30004,27339,9182,4235,8575,17255,21441,11065,0,0,49492,5093,1695,1814,666,29,0,0,0,0,25647,10927,4554,0,0,0,0,0
474,732,475.391123597943,99916,1356,710,65,15,19770,10063,0.298580807878618,844,442,29805,27154,9276,4296,8652,17381,21652,11195,0,0,49063,5233,1775,1840,687,29,0,0,0,0,25848,10845,4596,0,0,0,0,0
475,732,476.35701049587846,99916,1355,738,65,15,19969,10180,0.3017434645101886,846,417,29623,26986,9394,4344,8715,17498,21861,11325,0,0,48621,5388,1842,1871,705,32,0,0,0,0,26059,10759,4639,0,0,0,0,0
476,732,477.3286670611716,99916,1362,737,65,15,20184,10277,0.30486608751351135,843,429,29437,26805,9501,4391,8790,17621,22069,11455,0,0,48188,5533,1927,1916,724,33,0,0,0,0,26254,10662,4679,0,0,0,0,0
477,732,478.3064443738309,99915,1344,736,66,15,20390,10383,0.3079917930240705,868,433,29240,26626,9632,4451,8848,17737,22276,11585,0,0,47743,5689,2027,1951,747,35,0,0,0,0,26433,10575,4715,0,0,0,0,0
478,732,479.2905252851403,99913,1374,744,68,15,20608,10485,0.31120074464784364,889,450,29036,26439,9735,4501,8896,17849,22482,11715,0,0,47306,5840,2088,1980,767,35,0,0,0,0,26645,10488,4764,0,0,0,0,0
479,732,480.28097102882793,99912,1437,727,68,16,20847,10590,0.314646889262551,851,471,28859,26240,9820,4574,8963,17970,22687,11845,0,0,46876,5985,2172,2005,790,38,0,0,0,0,26834,10410,4802,0,0,0,0,0
480,732,481.2772705828842,99911,1418,756,69,16,21045,10709,0.31782286234748924,899,452,28643,26085,9944,4609,9025,18080,22891,11975,0,0,46464,6118,2266,2037,818,38,0,0,0,0,27003,10318,4849,0,0,0,0,0
481,732,482.28060222981884,99911,1462,777,69,16,21276,10827,0.3213159712143808,882,452,28448,25926,10036,4653,9101,18174,23094,12105,0,0,46047,6253,2356,2067,834,39,0,0,0,0,27188,10233,4894,0,0,0,0,0
482,732,483.290322135487,99909,1466,769,71,16,21501,10938,0.32468546377203256,893,495,28254,25738,10155,4718,9159,18262,23295,12235,0,0,45599,6415,2452,2109,856,39,0,0,0,0,27361,10143,4935,0,0,0,0,0
483,732,484.30651594050386,99908,1482,808,72,16,21727,11058,0.32815189974776793,904,490,28061,25593,10252,4739,9227,18352,23495,12365,0,0,45179,6560,2537,2143,872,39,0,0,0,0,27541,10053,4984,0,0,0,0,0
484,732,485.329500980763,99908,1488,821,72,16,21956,11187,0.3317351963806702,885,489,27887,25435,10385,4796,9281,18441,23694,12495,0,0,44743,6716,2650,2174,899,39,0,0,0,0,27699,9970,5018,0,0,0,0,0
485,732,486.3588407880026,99905,1502,857,74,17,22179,11326,0.3353686001701617,893,489,27704,25235,10494,4854,9331,18546,23892,12625,0,0,44300,6871,2748,2206,915,40,0,0,0,0,27882,9893,5050,0,0,0,0,0
486,732,487.39438774739614,99905,1541,834,74,17,22423,11435,0.3389019568590161,883,500,27510,25079,10605,4944,9385,18624,24088,12755,0,0,43884,7013,2851,2255,940,41,0,0,0,0,28040,9789,5092,0,0,0,0,0
487,732,488.43667922100985,99902,1567,843,77,17,22658,11575,0.34266581249624634,876,494,27339,24907,10703,5014,9436,18723,24283,12885,0,0,43446,7169,2954,2284,966,44,0,0,0,0,28202,9711,5126,0,0,0,0,0
488,732,489.4856196137389,99899,1592,865,78,19,22906,11713,0.34654000540545954,856,494,27170,24769,10814,5060,9488,18791,24477,13015,0,0,43038,7300,3066,2313,1006,46,0,0,0,0,28351,9628,5151,0,0,0,0,0
489,732,490.0120917717985,99899,1581,872,78,19,23032,11780,0.34847195667624303,861,491,27027,24596,10874,5090,9577,18930,24670,13145,0,0,42690,7372,3136,2336,1020,49,0,0,0,0,28548,9555,5193,0,0,0,0,0
490,732,491.0725219303665,99898,1569,860,79,19,23252,11907,0.35194898796772706,881,491,26852,24436,10988,5170,9629,19022,24861,13275,0,0,42266,7512,3256,2388,1050,49,0,0,0,0,28689,9459,5229,0,0,0,0,0
491,732,492.1401907499883,99895,1551,847,82,19,23467,12035,0.355393162820962,917,492,26674,24283,11104,5251,9670,19106,25051,13405,0,0,41847,7654,3394,2417,1084,51,0,0,0,0,28807,9380,5261,0,0,0,0,0
492,732,493.2146814277859,99895,1598,857,82,19,23725,12166,0.3592872516141949,915,501,26489,24141,11203,5318,9711,19162,25240,13534,0,0,41441,7783,3508,2448,1118,53,0,0,0,0,28955,9303,5286,0,0,0,0,0
493,732,494.29607037252146,99893,1597,878,83,20,23971,12310,0.3631986225261029,904,488,26308,23997,11349,5382,9757,19233,25427,13663,0,0,41008,7936,3624,2484,1151,54,0,0,0,0,29094,9225,5317,0,0,0,0,0
494,732,495.3849160336378,99893,1572,907,83,20,24203,12457,0.3669926821699218,924,472,26119,23849,11504,5450,9796,19300,25613,13792,0,0,40596,8082,3736,2529,1188,56,0,0,0,0,29226,9123,5357,0,0,0,0,0
495,732,496.4813875830134,99893,1601,879,83,20,24466,12580,0.37085681679396953,898,468,25980,23702,11610,5551,9826,19378,25798,13921,0,0,40194,8216,3875,2564,1227,57,0,0,0,0,29327,9034,5399,0,0,0,0,0
496,732,497.0316758199716,99891,1615,867,85,20,24595,12647,0.372826380755023,892,482,25872,23568,11635,5576,9899,19485,25981,14050,0,0,39882,8259,3962,2582,1251,59,0,0,0,0,29493,8970,5433,0,0,0,0,0
497,732,498.13942179219345,99890,1572,878,86,20,24828,12790,0.376594253679047,898,467,25709,23420,11783,5659,9950,19554,26163,14179,0,0,39445,8417,4088,2625,1289,64,0,0,0,0,29618,8889,5455,0,0,0,0,0
498,732,499.25420172922355,99890,1574,873,86,20,25081,12919,0.38041846030633697,868,491,25567,23289,11909,5721,9994,19604,26343,14307,0,0,39052,8537,4244,2663,1325,67,0,0,0,0,29711,8811,5480,0,0,0,0,0
499,732,500.3753763132686,99890,1587,883,86,20,25353,13067,0.3846230853939333,832,488,25409,23157,12050,5785,10034,19665,26522,14435,0,0,38638,8682,4391,2696,1356,72,0,0,0,0,29808,8734,5513,0,0,0,0,0
500,732,501.5034204941923,99890,1552,871,86,20,25586,13201,0.3882971268395235,867,480,25210,23041,12202,5871,10081,19715,26700,14563,0,0,38202,8850,4527,2723,1392,77,0,0,0,0,29913,8659,5547,0,0,0,0,0
501,732,502.0704226034442,99890,1534,853,86,20,25697,13257,0.38996896586244867,883,478,25076,22907,12256,5898,10163,19842,26876,14691,0,0,37888,8897,4619,2744,1415,77,0,0,0,0,30071,8598,5581,0,0,0,0,0
502,732,503.2138535114389,99890,1532,847,86,20,25953,13385,0.39381319451396535,833,476,24931,22809,12404,5955,10212,19891,27051,14818,0,0,37468,9051,4746,2780,1455,79,0,0,0,0,30182,8523,5606,0,0,0,0,0
503,732,504.3650045883606,99889,1519,856,87,20,26188,13538,0.3977014486079548,829,440,24754,22718,12542,6038,10267,19926,27225,14945,0,0,37076,9162,4899,2831,1490,82,0,0,0,0,30281,8444,5624,0,0,0,0,0
504,732,505.5243065714138,99889,1542,818,87,20,26423,13665,0.40132547127311313,823,434,24625,22607,12631,6130,10290,19989,27397,15072,0,0,36662,9308,5031,2859,1524,85,0,0,0,0,30393,8378,5649,0,0,0,0,0
505,732,506.10605827168104,99889,1515,825,87,20,26529,13740,0.4031374826056923,830,426,24531,22481,12663,6151,10372,20095,27568,15199,0,0,36376,9342,5137,2870,1555,86,0,0,0,0,30526,8317,5680,0,0,0,0,0
506,732,507.2771395610868,99888,1472,819,88,20,26740,13865,0.40650528592023066,872,439,24377,22364,12783,6218,10406,20138,27737,15325,0,0,35976,9479,5273,2888,1599,90,0,0,0,0,30623,8254,5706,0,0,0,0,0
507,732,508.4549314098547,99888,1506,808,88,20,27014,13988,0.41047973730578247,850,454,24223,22266,12886,6284,10445,20166,27905,15451,0,0,35611,9595,5423,2931,1629,95,0,0,0,0,30701,8162,5741,0,0,0,0,0
508,732,509.0461503191733,99888,1519,817,88,20,27133,14054,0.4123318116290245,842,464,24115,22131,12907,6298,10527,20268,28072,15577,0,0,35321,9623,5490,2944,1661,95,0,0,0,0,30880,8111,5763,0,0,0,0,0
509,732,510.2369473889584,99888,1520,818,88,20,27400,14198,0.4164464199903892,827,454,23970,22043,13039,6365,10554,20298,28237,15702,0,0,34939,9741,5643,2987,1713,98,0,0,0,0,30958,8038,5771,0,0,0,0,0
510,732,511.4349376265174,99887,1526,798,89,20,27628,14332,0.4200746843933645,821,447,23828,21944,13138,6451,10596,20338,28401,15827,0,0,34535,9882,5765,3039,1739,103,0,0,0,0,31075,7960,5789,0,0,0,0,0
511,732,512.0359059812456,99887,1519,807,89,20,27743,14405,0.42195681119665224,839,428,23706,21825,13165,6466,10680,20452,28564,15952,0,0,34259,9919,5855,3050,1767,105,0,0,0,0,31212,7896,5824,0,0,0,0,0
512,732,513.2471195395899,99887,1487,788,89,20,27993,14513,0.4255408611731256,830,449,23572,21752,13303,6520,10717,20469,28725,16076,0,0,33871,10054,6001,3079,1826,106,0,0,0,0,31291,7827,5832,0,0,0,0,0
513,732,514.4658781868212,99883,1459,797,92,21,28210,14654,0.42914209625261557,862,453,23429,21682,13409,6585,10747,20460,28885,16200,0,0,33508,10157,6133,3110,1880,108,0,0,0,0,31374,7763,5850,0,0,0,0,0
514,732,515.077610066166,99882,1454,812,92,22,28337,14723,0.4311087082757654,849,448,23326,21577,13454,6586,10823,20553,29043,16324,0,0,33240,10187,6231,3122,1906,109,0,0,0,0,31503,7702,5882,0,0,0,0,0
515,732,516.3094935753242,99881,1441,816,93,22,28596,14859,0.4350677305994133,835,441,23203,21491,13569,6654,10857,20574,29200,16447,0,0,32878,10293,6377,3170,1951,112,0,0,0,0,31572,7618,5910,0,0,0,0,0
516,732,517.54839759145,99881,1452,801,93,22,28845,14986,0.43883221033029307,814,435,23113,21438,13657,6716,10869,20586,29356,16570,0,0,32535,10390,6527,3201,2002,115,0,0,0,0,31631,7546,5934,0,0,0,0,0
517,732,518.1699512134893,99881,1438,810,93,22,28963,15049,0.44064436679648783,798,437,23028,21347,13702,6711,10939,20671,29510,16693,0,0,32281,10413,6618,3212,2034,118,0,0,0,0,31753,7484,5968,0,0,0,0,0
518,732,519.419115809368,99881,1436,802,93,22,29212,15184,0.4444889418407905,804,443,22927,21299,13786,6761,10952,20671,29663,16815,0,0,31939,10509,6780,3251,2080,124,0,0,0,0,31801,7413,5984,0,0,0,0,0
519,732,520.0448623558118,99880,1429,788,94,22,29334,15250,0.4463756507809371,796,445,22821,21209,13826,6786,11032,20748,29815,16937,0,0,31670,10552,6875,3260,2108,128,0,0,0,0,31909,7353,6025,0,0,0,0,0
520,732,521.3050592187902,99879,1437,805,95,22,29592,15397,0.4504350263819221,756,413,22714,21147,13944,6848,11052,20763,29965,17058,0,0,31346,10632,7024,3301,2159,134,0,0,0,0,31963,7279,6041,0,0,0,0,0
521,732,522.5719202335897,99879,1387,791,95,22,29821,15524,0.4539993392004325,742,400,22611,21095,14096,6914,11067,20776,30114,17179,0,0,31016,10722,7175,3354,2220,138,0,0,0,0,32005,7186,6063,0,0,0,0,0
522,732,523.2075340018987,99879,1385,772,95,22,29948,15576,0.45579150772434646,719,420,22520,20996,14131,6926,11148,20862,30262,17300,0,0,30758,10749,7285,3361,2249,142,0,0,0,0,32112,7136,6087,0,0,0,0,0
523,732,524.4868729666417,99877,1360,769,96,23,30182,15709,0.4594751544399612,695,384,22433,20938,14250,7000,11164,20884,30408,17420,0,0,30402,10854,7427,3395,2309,145,0,0,0,0,32179,7080,6086,0,0,0,0,0
524,732,525.1283890138196,99875,1351,768,98,23,30302,15780,0.46139674593241553,682,371,22354,20848,14280,7035,11233,20953,30553,17540,0,0,30138,10889,7518,3398,2345,147,0,0,0,0,32294,7031,6115,0,0,0,0,0
525,732,526.4188374017738,99874,1302,740,99,23,30506,15901,0.4646554658870176,708,368,22259,20806,14390,7111,11240,20950,30697,17659,0,0,29805,10985,7687,3425,2403,150,0,0,0,0,32324,6970,6125,0,0,0,0,0
526,732,527.0658730368247,99874,1306,729,99,23,30629,15972,0.4665979133708473,673,345,22192,20745,14422,7137,11306,21019,30839,17778,0,0,29558,11014,7796,3431,2438,153,0,0,0,0,32418,6920,6146,0,0,0,0,0
527,732,528.3671911560843,99874,1311,708,99,23,30867,16091,0.4701724172457296,637,339,22097,20694,14530,7206,11324,21028,30980,17897,0,0,29232,11082,7953,3478,2471,161,0,0,0,0,32474,6864,6159,0,0,0,0,0
528,732,529.0191439153258,99874,1284,693,99,23,30965,16147,0.4717143600937181,636,352,22029,20624,14566,7206,11384,21100,31120,18015,0,0,28999,11096,8053,3494,2505,163,0,0,0,0,32572,6802,6190,0,0,0,0,0
529,732,530.331221878324,99871,1244,680,102,23,31168,16270,0.4749927406354197,628,330,21953,20574,14662,7276,11409,21115,31258,18133,0,0,28718,11153,8214,3511,2579,166,0,0,0,0,32585,6738,6207,0,0,0,0,0
530,732,531.648589347415,99870,1162,667,103,23,31339,16376,0.4777711024331631,637,323,21889,20545,14774,7328,11433,21112,31395,18250,0,0,28408,11215,8355,3545,2633,173,0,0,0,0,32640,6683,6218,0,0,0,0,0
531,732,532.3092725030211,99870,1168,667,103,23,31454,16439,0.47955341944527885,618,312,21814,20468,14790,7346,11505,21182,31531,18367,0,0,28175,11225,8455,3560,2654,176,0,0,0,0,32743,6638,6244,0,0,0,0,0
532,732,533.636581172113,99870,1123,659,103,23,31636,16545,0.48243716831881445,618,277,21778,20453,14852,7397,11524,21189,31666,18483,0,0,27890,11281,8586,3590,2706,182,0,0,0,0,32791,6576,6268,0,0,0,0,0
533,732,534.3009036316771,99870,1116,658,103,23,31732,16601,0.48395914689095826,604,276,21727,20389,14858,7399,11590,21253,31799,18599,0,0,27675,11286,8679,3596,2731,187,0,0,0,0,32890,6529,6297,0,0,0,0,0
534,732,535.6355087241286,99868,1112,612,104,24,31932,16683,0.4867925661873673,571,282,21683,20372,14905,7452,11623,21256,31931,18714,0,0,27400,11331,8826,3626,2777,192,0,0,0,0,32929,6471,6316,0,0,0,0,0
535,732,536.3038070264325,99867,1096,590,104,25,32020,16734,0.4881892917580382,562,270,21632,20310,14913,7469,11691,21334,32062,18829,0,0,27204,11311,8928,3632,2827,194,0,0,0,0,33013,6430,6328,0,0,0,0,0
536,732,537.6455530243434,99866,1098,577,105,25,32225,16822,0.4911281116696373,512,270,21597,20309,14978,7495,11708,21322,32192,18943,0,0,26963,11335,9056,3657,2879,204,0,0,0,0,33053,6372,6347,0,0,0,0,0
537,732,538.317030210606,99865,1065,571,105,26,32316,16864,0.49246482751714815,491,263,21547,20260,15007,7488,11783,21390,32320,19057,0,0,26767,11321,9156,3678,2906,207,0,0,0,0,33134,6316,6380,0,0,0,0,0
538,732,539.6655963898019,99864,1019,552,106,26,32477,16949,0.4949331090282785,501,265,21500,20258,15064,7501,11808,21396,32447,19171,0,0,26505,11378,9291,3694,2962,213,0,0,0,0,33173,6259,6389,0,0,0,0,0
539,732,540.3407179007027,99864,988,546,106,26,32563,16991,0.49621485219899064,496,265,21445,20220,15087,7485,11876,21456,32573,19284,0,0,26303,11378,9395,3697,2993,218,0,0,0,0,33255,6219,6406,0,0,0,0,0
540,732,541.0178293614829,99863,977,535,107,26,32644,17031,0.4974314811291469,481,267,21397,20159,15088,7502,11948,21509,32698,19397,0,0,26102,11379,9473,3701,3026,222,0,0,0,0,33361,6175,6424,0,0,0,0,0
541,732,542.3778750374133,99860,964,508,109,27,32821,17127,0.5001802523532947,456,259,21368,20152,15114,7550,11987,21502,32822,19509,0,0,25841,11413,9598,3736,3077,228,0,0,0,0,33413,6122,6432,0,0,0,0,0
542,732,543.0585773476965,99859,956,513,110,27,32906,17170,0.501467068566679,455,248,21331,20125,15110,7534,12036,21551,32944,19621,0,0,25658,11399,9690,3730,3115,229,0,0,0,0,33502,6088,6448,0,0,0,0,0
543,732,544.4242535736289,99857,915,493,111,28,33053,17258,0.5038304775829436,450,251,21324,20131,15158,7569,12040,21526,33065,19732,0,0,25417,11425,9815,3752,3171,236,0,0,0,0,33539,6048,6454,0,0,0,0,0
544,732,545.1071848774659,99857,926,491,111,28,33138,17303,0.5051323392451206,441,239,21292,20093,15131,7559,12097,21588,33185,19843,0,0,25236,11412,9903,3751,3196,241,0,0,0,0,33632,6013,6473,0,0,0,0,0
545,732,546.4764485585016,99856,906,482,112,28,33324,17381,0.5077812049351066,404,236,21257,20107,15199,7584,12120,21561,33304,19953,0,0,25019,11416,10035,3770,3259,247,0,0,0,0,33660,5967,6483,0,0,0,0,0
546,732,547.1612659492523,99856,911,479,112,28,33400,17429,0.5090229931100785,397,226,21215,20048,15178,7582,12185,21635,33422,20063,0,0,24857,11395,10126,3772,3282,253,0,0,0,0,33737,5920,6514,0,0,0,0,0
547,732,548.5361647190845,99856,871,484,112,28,33543,17512,0.5112862522031726,391,232,21186,20030,15232,7592,12206,21632,33539,20172,0,0,24648,11393,10250,3797,3330,262,0,0,0,0,33782,5874,6520,0,0,0,0,0
548,732,549.2237789370698,99856,857,468,112,28,33610,17552,0.5123577952251241,389,227,21145,19986,15228,7599,12267,21690,33654,20281,0,0,24468,11379,10345,3793,3363,265,0,0,0,0,33863,5845,6535,0,0,0,0,0
549,732,550.6041597360086,99856,829,472,112,28,33749,17635,0.5145809966351547,378,217,21125,19985,15262,7610,12292,21686,33768,20389,0,0,24254,11386,10455,3809,3415,270,0,0,0,0,33920,5803,6544,0,0,0,0,0
550,732,551.2945916295587,99856,820,470,112,28,33811,17689,0.5157426694439994,387,203,21073,19938,15252,7620,12354,21739,33881,20497,0,0,24064,11391,10533,3806,3440,275,0,0,0,0,34012,5773,6562,0,0,0,0,0
551,732,552.6802268002104,99856,823,442,112,28,33949,17752,0.5177555680179459,384,198,21081,19954,15237,7642,12361,21734,33993,20604,0,0,23874,11393,10655,3827,3481,278,0,0,0,0,34045,5720,6583,0,0,0,0,0
552,732,553.3730729037975,99856,805,430,112,28,34018,17784,0.518767024515302,377,197,21044,19940,15234,7626,12426,21777,34104,20711,0,0,23712,11373,10746,3826,3513,282,0,0,0,0,34118,5684,6602,0,0,0,0,0
553,732,554.0666395305233,99856,797,441,112,28,34081,17833,0.5198886396410831,377,175,21012,19930,15208,7606,12492,21818,34214,20817,0,0,23562,11330,10840,3825,3543,284,0,0,0,0,34195,5659,6618,0,0,0,0,0
554,732,555.4578527303138,99855,787,397,113,28,34218,17887,0.5218066195984177,360,178,21016,19966,15218,7623,12504,21806,34323,20923,0,0,23375,11335,10959,3846,3590,290,0,0,0,0,34217,5605,6638,0,0,0,0,0
555,732,556.1529587361615,99855,779,375,113,28,34283,17916,0.5227479845776376,350,174,20995,19931,15196,7629,12565,21861,34431,21028,0,0,23211,11311,11049,3851,3617,293,0,0,0,0,34296,5574,6653,0,0,0,0,0
556,732,557.5467113809058,99855,744,350,113,28,34402,17976,0.5245405838465775,343,175,21002,19965,15207,7649,12589,21831,34538,21132,0,0,23001,11332,11157,3864,3666,297,0,0,0,0,34341,5535,6662,0,0,0,0,0
557,732,558.2429085254131,99855,727,324,113,28,34463,17990,0.5252916729257423,332,183,20957,19935,15207,7640,12662,21888,34644,21236,0,0,22844,11307,11231,3872,3691,303,0,0,0,0,34425,5499,6683,0,0,0,0,0
558,732,559.6397755551843,99855,698,320,113,28,34577,18046,0.5269941415051825,314,179,20972,19954,15218,7639,12683,21878,34749,21339,0,0,22655,11317,11341,3878,3724,312,0,0,0,0,34473,5459,6696,0,0,0,0,0
559,732,560.3384200759359,99855,676,314,113,28,34629,18080,0.5278553903159582,313,161,20959,19944,15200,7632,12737,21919,34853,21442,0,0,22512,11283,11431,3872,3756,316,0,0,0,0,34542,5430,6713,0,0,0,0,0
560,732,561.0376373554658,99855,655,299,113,28,34680,18108,0.5286465374793451,305,149,20929,19931,15196,7631,12800,21960,34956,21544,0,0,22368,11255,11524,3863,3783,322,0,0,0,0,34604,5403,6733,0,0,0,0,0
561,732,562.4388003878519,99855,627,272,113,28,34767,18150,0.5299384106955085,294,164,20981,19965,15159,7622,12824,21947,35058,21646,0,0,22201,11244,11621,3862,3832,328,0,0,0,0,34650,5375,6742,0,0,0,0,0
562,732,563.1384355062154,99855,613,266,113,28,34813,18173,0.5306294126483401,285,168,20970,19960,15129,7597,12888,21979,35159,21747,0,0,22073,11202,11702,3864,3853,332,0,0,0,0,34721,5340,6768,0,0,0,0,0
563,732,564.5387259792151,99854,595,282,114,28,34915,18232,0.5322470807378773,284,143,20997,20010,15109,7576,12899,21959,35259,21848,0,0,21890,11204,11783,3877,3884,337,0,0,0,0,34796,5305,6778,0,0,0,0,0
564,732,565.2374503204531,99854,607,278,114,28,34978,18255,0.5331083381737336,261,138,20988,19998,15074,7564,12954,21992,35358,21948,0,0,21742,11180,11840,3875,3906,341,0,0,0,0,34894,5280,6796,0,0,0,0,0
565,732,566.6372057926078,99853,577,266,115,28,35069,18297,0.5344456350835729,248,138,21025,20026,15053,7556,12980,21984,35456,22048,0,0,21584,11160,11949,3882,3938,349,0,0,0,0,34932,5252,6807,0,0,0,0,0
566,732,567.3362242464821,99853,570,273,115,28,35115,18322,0.5351566803200705,240,130,21011,20008,15023,7529,13039,22030,35553,22147,0,0,21466,11119,12017,3875,3963,355,0,0,0,0,35010,5221,6827,0,0,0,0,0
567,732,568.0354391883641,99853,573,265,115,28,35158,18343,0.5357976225050824,235,135,20994,19998,14983,7510,13098,22062,35649,22246,0,0,21338,11075,12102,3872,3978,357,0,0,0,0,35086,5200,6845,0,0,0,0,0
568,732,569.4356178283356,99851,518,249,117,28,35226,18384,0.5368999809716477,235,139,21032,20035,14977,7501,13119,22046,35744,22344,0,0,21182,11066,12207,3872,4016,364,0,0,0,0,35118,5168,6858,0,0,0,0,0
569,732,570.1347454597096,99851,508,239,117,28,35267,18412,0.5375910106058026,225,126,21025,20018,14942,7505,13181,22082,35838,22442,0,0,21054,11022,12296,3874,4038,364,0,0,0,0,35184,5143,6876,0,0,0,0,0
570,732,571.5343916278829,99850,477,230,118,28,35335,18449,0.5386479719579369,233,123,21053,20087,14922,7486,13195,22044,35931,22539,0,0,20916,10987,12392,3887,4069,367,0,0,0,0,35232,5109,6891,0,0,0,0,0
571,732,572.2332782060344,99850,477,224,118,28,35383,18469,0.5393289934902353,220,120,21035,20088,14890,7475,13258,22063,36023,22636,0,0,20791,10950,12467,3887,4087,368,0,0,0,0,35306,5079,6915,0,0,0,0,0
572,732,573.6327015253228,99850,451,212,118,28,35462,18507,0.54050075112669,200,114,21077,20153,14881,7463,13271,22028,36114,22732,0,0,20642,10926,12562,3901,4113,374,0,0,0,0,35356,5048,6928,0,0,0,0,0
573,732,574.3314000298975,99850,428,195,118,28,35498,18524,0.5410315473209815,188,114,21079,20146,14863,7452,13322,22063,36204,22828,0,0,20514,10904,12633,3883,4151,378,0,0,0,0,35420,5029,6938,0,0,0,0,0
574,732,575.0304922299099,99850,409,198,118,28,35529,18547,0.5415723585378067,183,114,21084,20137,14832,7432,13372,22089,36293,22923,0,0,20379,10882,12686,3876,4175,382,0,0,0,0,35509,5010,6951,0,0,0,0,0
575,732,576.4292238755544,99850,388,199,118,28,35587,18582,0.5425037556334502,180,115,21121,20188,14789,7402,13402,22066,36381,23018,0,0,20245,10866,12764,3881,4201,384,0,0,0,0,35567,4970,6972,0,0,0,0,0
576,732,577.1269816154829,99850,380,191,118,28,35622,18598,0.5430145217826741,173,107,21106,20171,14765,7392,13456,22109,36468,23112,0,0,20113,10846,12818,3873,4220,390,0,0,0,0,35655,4950,6985,0,0,0,0,0
577,732,578.5242936753732,99850,373,190,118,28,35684,18635,0.5440060090135203,171,106,21165,20211,14716,7378,13455,22085,36554,23205,0,0,19970,10828,12899,3866,4247,391,0,0,0,0,35721,4931,6997,0,0,0,0,0
578,732,579.2213612155551,99850,354,185,118,28,35707,18654,0.5444266399599399,180,101,21160,20193,14673,7367,13513,22124,36640,23298,0,0,19866,10788,12959,3864,4270,396,0,0,0,0,35790,4900,7017,0,0,0,0,0
579,732,580.6158802625554,99849,351,177,119,28,35775,18686,0.5454336047431622,159,87,21210,20254,14642,7348,13517,22104,36725,23390,0,0,19727,10767,13034,3872,4291,399,0,0,0,0,35855,4874,7030,0,0,0,0,0
580,732,581.3116109914353,99849,334,182,119,28,35802,18699,0.5458342096565815,151,82,21189,20268,14621,7309,13584,22129,36809,23482,0,0,19617,10727,13089,3868,4311,403,0,0,0,0,35936,4853,7045,0,0,0,0,0
581,732,582.0076075605909,99849,323,187,119,28,35833,18717,0.54632495067552,140,75,21200,20273,14572,7287,13644,22148,36892,23573,0,0,19511,10691,13154,3857,4335,406,0,0,0,0,36003,4835,7057,0,0,0,0,0
582,732,583.4011571713655,99848,327,174,120,28,35893,18742,0.5471817162086371,117,72,21255,20302,14524,7280,13655,22142,36974,23664,0,0,19385,10672,13225,3847,4365,409,0,0,0,0,36061,4816,7068,0,0,0,0,0
583,732,584.096601114725,99848,306,167,120,28,35907,18754,0.5474421120102556,117,77,21256,20304,14490,7270,13709,22152,37055,23754,0,0,19281,10641,13288,3836,4383,414,0,0,0,0,36126,4793,7086,0,0,0,0,0
584,732,585.4868562477099,99847,277,169,121,28,35949,18783,0.5481586827846605,108,70,21316,20365,14446,7248,13730,22118,37136,23844,0,0,19152,10628,13342,3840,4414,417,0,0,0,0,36198,4759,7097,0,0,0,0,0
585,732,586.1803057649712,99847,266,164,121,28,35967,18789,0.5483990505473374,106,75,21312,20360,14404,7229,13789,22142,37216,23933,0,0,19039,10608,13385,3822,4440,419,0,0,0,0,36283,4741,7110,0,0,0,0,0
586,732,587.5676103504032,99846,237,158,122,28,36003,18815,0.5490254992688741,114,74,21363,20417,14353,7204,13809,22117,37295,24022,0,0,18933,10571,13472,3818,4467,420,0,0,0,0,36321,4715,7129,0,0,0,0,0
587,732,588.2598981421454,99846,225,152,122,28,36017,18827,0.5492859002864411,117,70,21371,20425,14302,7183,13861,22140,37373,24110,0,0,18833,10542,13528,3800,4488,425,0,0,0,0,36389,4697,7144,0,0,0,0,0
588,732,589.6443465344611,99845,222,141,122,29,36057,18841,0.5498322399719565,103,70,21425,20511,14242,7142,13884,22105,37450,24198,0,0,18734,10516,13585,3790,4516,429,0,0,0,0,36446,4668,7161,0,0,0,0,0
589,732,590.3351791957101,99845,231,141,122,29,36082,18852,0.5501927988381992,92,71,21427,20507,14192,7121,13934,22129,37527,24285,0,0,18639,10475,13644,3780,4528,431,0,0,0,0,36520,4650,7178,0,0,0,0,0
590,732,591.0257401900079,99845,230,135,122,29,36107,18862,0.5505433421803796,87,68,21420,20521,14156,7101,13983,22144,37603,24372,0,0,18545,10434,13703,3773,4547,432,0,0,0,0,36587,4628,7196,0,0,0,0,0
591,732,592.4070420866029,99845,210,135,122,29,36132,18887,0.5510441183834944,97,57,21477,20602,14089,7073,14003,22102,37678,24458,0,0,18431,10408,13760,3769,4567,435,0,0,0,0,36655,4609,7211,0,0,0,0,0
592,732,593.0959890705334,99845,209,136,122,29,36151,18898,0.5513445841053634,91,60,21469,20608,14050,7047,14057,22118,37752,24544,0,0,18338,10380,13806,3755,4588,435,0,0,0,0,36726,4583,7234,0,0,0,0,0
593,732,594.4744531007162,99843,216,126,124,29,36192,18919,0.5519766032671294,81,51,21520,20691,13984,7025,14073,22076,37826,24629,0,0,18245,10345,13873,3747,4610,439,0,0,0,0,36776,4558,7250,0,0,0,0,0
594,732,595.1620038665934,99842,210,123,124,30,36205,18926,0.5521824482682639,76,50,21519,20685,13940,7008,14129,22102,37899,24714,0,0,18151,10306,13930,3743,4621,439,0,0,0,0,36848,4537,7267,0,0,0,0,0
595,732,596.5377418581581,99842,204,111,124,30,36235,18941,0.5526331603934216,68,46,21582,20756,13881,6983,14139,22072,37971,24798,0,0,18054,10277,13979,3736,4654,440,0,0,0,0,36910,4514,7278,0,0,0,0,0
596,732,597.2239102467171,99842,185,100,124,30,36246,18944,0.5527733819434707,65,51,21585,20757,13847,6969,14192,22091,38042,24882,0,0,17961,10261,14025,3716,4678,444,0,0,0,0,36969,4490,7298,0,0,0,0,0
597,732,598.5961725140758,99842,178,98,124,30,36269,18966,0.5532240940686284,71,44,21650,20845,13761,6946,14214,22035,38113,24965,0,0,17867,10242,14074,3704,4700,448,0,0,0,0,37025,4463,7319,0,0,0,0,0
598,732,599.2807507219434,99842,174,93,124,30,36281,18971,0.5533943630936881,67,49,21661,20842,13715,6930,14257,22054,38183,25048,0,0,17784,10202,14123,3697,4716,448,0,0,0,0,37092,4439,7341,0,0,0,0,0
599,732,600.648784674849,99842,157,93,124,30,36298,18993,0.5537849802688247,81,40,21708,20909,13657,6896,14271,22030,38252,25130,0,0,17698,10167,14188,3684,4745,448,0,0,0,0,37141,4419,7352,0,0,0,0,0
600,732,601.3315699572955,99841,157,84,125,30,36315,18999,0.5540208932202202,70,45,21730,20909,13603,6878,14313,22052,38321,25212,0,0,17611,10141,14224,3665,4770,452,0,0,0,0,37210,4399,7369,0,0,0,0,0
601,732,602.0140233217887,99841,149,93,125,30,36323,19011,0.5542212117266454,68,39,21757,20911,13549,6849,14350,22076,38389,25293,0,0,17535,10101,14276,3653,4785,453,0,0,0,0,37271,4379,7388,0,0,0,0,0
602,732,603.3769319640387,99841,138,90,125,30,36346,19028,0.5546218487394958,58,36,21836,20999,13490,6810,14351,22033,38456,25374,0,0,17444,10067,14342,3643,4805,455,0,0,0,0,37323,4365,7397,0,0,0,0,0
603,732,604.0564584444119,99841,135,87,125,30,36357,19034,0.5547921194699572,59,36,21830,21007,13451,6795,14398,22043,38523,25454,0,0,17357,10029,14393,3635,4816,457,0,0,0,0,37394,4351,7409,0,0,0,0,0
604,732,605.4142039102629,99841,133,88,125,30,36378,19048,0.5551426768562013,53,32,21914,21088,13362,6757,14411,22003,38589,25534,0,0,17277,9999,14435,3623,4834,463,0,0,0,0,37451,4333,7426,0,0,0,0,0
605,732,606.0915091727841,99841,124,84,125,30,36386,19053,0.5552728838853778,60,30,21934,21102,13314,6737,14441,22015,38654,25613,0,0,17203,9969,14481,3603,4860,465,0,0,0,0,37507,4315,7438,0,0,0,0,0
606,732,607.4438099258024,99840,120,78,125,31,36411,19066,0.5556590544871794,48,26,22000,21182,13245,6713,14460,21968,38719,25692,0,0,17107,9954,14528,3589,4879,468,0,0,0,0,37566,4297,7452,0,0,0,0,0
607,732,608.1175800429767,99840,117,75,125,31,36419,19069,0.5557692307692308,47,28,22021,21175,13191,6692,14497,21997,38783,25770,0,0,17035,9917,14568,3585,4886,473,0,0,0,0,37629,4273,7474,0,0,0,0,0
608,732,609.4649206051419,99840,102,72,125,31,36431,19078,0.5559795673076923,54,25,22068,21252,13129,6669,14520,21949,38846,25848,0,0,16952,9884,14624,3581,4899,474,0,0,0,0,37685,4252,7489,0,0,0,0,0
609,732,610.1369843915544,99840,98,70,125,31,36439,19083,0.5561097756410256,54,24,22076,21262,13086,6646,14559,21965,38909,25925,0,0,16873,9853,14665,3574,4908,476,0,0,0,0,37750,4231,7510,0,0,0,0,0
610,732,611.4808132961944,99840,97,64,125,31,36458,19093,0.5564002403846153,54,22,22152,21329,13006,6622,14564,21930,38971,26002,0,0,16800,9821,14718,3565,4921,480,0,0,0,0,37798,4207,7530,0,0,0,0,0
611,732,612.1505371938485,99840,94,65,125,31,36463,19098,0.5565004006410257,56,21,22173,21352,12947,6595,14603,21934,39033,26078,0,0,16732,9783,14764,3548,4940,481,0,0,0,0,37857,4193,7542,0,0,0,0,0
612,732,613.4889933721523,99840,96,59,125,31,36480,19101,0.5567007211538462,45,32,22244,21413,12878,6561,14610,21902,39094,26154,0,0,16662,9744,14810,3538,4958,483,0,0,0,0,37913,4177,7555,0,0,0,0,0
613,732,614.1561166195413,99839,91,57,126,31,36487,19104,0.5568064583980208,49,32,22249,21425,12830,6544,14653,21909,39154,26229,0,0,16587,9700,14856,3533,4963,489,0,0,0,0,37982,4168,7561,0,0,0,0,0
614,732,615.4896252395083,99839,91,54,126,31,36504,19116,0.557096926050942,45,25,22319,21486,12762,6526,14655,21876,39214,26304,0,0,16502,9669,14904,3522,4980,491,0,0,0,0,38045,4160,7566,0,0,0,0,0
615,732,616.1543903322803,99839,95,53,126,31,36519,19119,0.5572772163182724,39,27,22321,21496,12715,6503,14702,21888,39273,26379,0,0,16424,9635,14943,3517,4989,492,0,0,0,0,38114,4143,7582,0,0,0,0,0
616,732,617.4836378821302,99839,97,49,126,31,36531,19127,0.5574775388375284,38,28,22403,21569,12634,6474,14700,21847,39332,26453,0,0,16347,9604,14985,3509,5000,495,0,0,0,0,38176,4128,7595,0,0,0,0,0
617,732,618.1458757338011,99839,99,50,126,31,36539,19134,0.5576277807269704,33,22,22404,21589,12591,6451,14745,21855,39390,26527,0,0,16279,9566,15026,3502,5009,497,0,0,0,0,38239,4109,7612,0,0,0,0,0
618,732,619.4702098199564,99839,89,45,126,31,36548,19139,0.5577680064904497,41,24,22464,21676,12529,6416,14749,21806,39447,26600,0,0,16209,9527,15075,3494,5026,498,0,0,0,0,38292,4095,7623,0,0,0,0,0
619,732,620.1307270562295,99839,87,45,126,31,36553,19144,0.5578681677500776,43,22,22485,21687,12466,6395,14791,21818,39504,26673,0,0,16154,9486,15121,3482,5039,500,0,0,0,0,38340,4073,7644,0,0,0,0,0
620,732,621.4509777335523,99839,93,45,126,31,36572,19150,0.5581185708991476,34,22,22561,21783,12384,6344,14800,21773,39560,26745,0,0,16087,9457,15163,3472,5050,502,0,0,0,0,38392,4052,7664,0,0,0,0,0
621,732,622.1093158121071,99839,93,43,126,31,36581,19154,0.558248780536664,30,21,22572,21788,12343,6329,14834,21786,39616,26817,0,0,16016,9430,15198,3463,5061,504,0,0,0,0,38452,4033,7682,0,0,0,0,0
622,732,623.4242497541923,99839,97,40,126,31,36593,19161,0.5584390869299573,24,17,22608,21834,12289,6307,14854,21769,39671,26888,0,0,15940,9401,15235,3455,5075,505,0,0,0,0,38517,4021,7690,0,0,0,0,0
623,732,624.0225056959418,99838,85,35,127,31,36596,19164,0.5585047777399387,25,19,22604,21859,12257,6285,14900,21769,39726,26959,0,0,15870,9369,15282,3444,5088,507,0,0,0,0,38569,4009,7700,0,0,0,0,0
624,732,625.2413520234187,99838,77,33,127,31,36602,19170,0.5586249724553777,34,14,22652,21906,12200,6257,14908,21757,39780,27029,0,0,15802,9346,15321,3429,5102,510,0,0,0,0,38620,3991,7717,0,0,0,0,0
625,732,626.3778190444395,99838,73,30,127,31,36607,19175,0.5587251347182436,32,12,22700,21963,12139,6232,14927,21730,39834,27099,0,0,15728,9321,15361,3418,5113,512,0,0,0,0,38679,3979,7727,0,0,0,0,0
626,732,627.0405139266015,99838,70,28,127,31,36612,19179,0.5588152807548228,31,10,22746,22053,12082,6189,14942,21687,39887,27169,0,0,15669,9288,15398,3402,5127,518,0,0,0,0,38730,3969,7737,0,0,0,0,0
627,732,628.1857038352376,99838,67,27,127,31,36616,19180,0.5588653618862557,30,10,22770,22099,12030,6157,14974,21674,39940,27238,0,0,15604,9261,15428,3394,5136,523,0,0,0,0,38792,3952,7748,0,0,0,0,0
628,732,629.6500358212278,99838,68,26,127,31,36625,19184,0.5589955728279813,26,8,22858,22191,11950,6126,14969,21616,39992,27307,0,0,15544,9233,15456,3384,5153,523,0,0,0,0,38846,3930,7769,0,0,0,0,0
629,732,630.6488180926602,99838,67,26,127,31,36633,19188,0.5591157675434203,53,37,22910,22263,11875,6080,14966,21561,40044,27375,0,0,15473,9206,15480,3375,5164,527,2,0,0,1,38912,3917,7781,0,0,0,0,0
630,732,631.1964221160946,99838,63,32,127,31,36638,19194,0.5592259460325728,51,33,22907,22267,11850,6058,15000,21577,40095,27443,0,0,15407,9177,15507,3364,5176,529,4,0,0,3,38974,3903,7794,0,0,0,0,0
631,732,632.2921554785619,99838,66,30,127,31,36649,19200,0.5593962218794447,56,31,22963,22314,11777,6039,15009,21553,40146,27510,0,0,15347,9139,15540,3357,5189,529,7,0,0,10,39024,3887,7809,0,0,0,0,0
632,732,633.3854042487771,99837,63,27,128,31,36663,19207,0.5596121678335687,64,31,23012,22370,11728,6022,15003,21517,40196,27577,0,0,15285,9105,15567,3347,5210,530,13,0,0,18,39072,3870,7820,0,0,0,0,0
633,732,634.4762022922071,99837,58,29,128,31,36671,19215,0.5597724290593667,64,30,23061,22418,11680,6004,15007,21486,40246,27644,0,0,15221,9077,15591,3334,5228,531,19,0,0,24,39124,3852,7836,0,0,0,0,0
634,732,635.0204790925802,99837,63,28,128,31,36681,19216,0.5598826086521029,57,30,23071,22435,11639,5988,15040,21486,40295,27710,0,0,15157,9042,15624,3326,5234,535,22,0,0,25,39184,3844,7844,0,0,0,0,0
635,732,636.1086958024598,99837,73,34,128,31,36698,19226,0.5601530494706372,55,25,23122,22507,11580,5942,15040,21459,40344,27776,0,0,15101,9011,15654,3315,5245,538,25,0,0,29,39233,3826,7860,0,0,0,0,0
636,732,637.1944665239315,99837,80,38,128,31,36715,19235,0.5604134739625589,48,24,23176,22565,11522,5918,15044,21422,40392,27841,0,0,15036,8979,15685,3310,5256,538,29,0,0,34,39289,3811,7870,0,0,0,0,0
637,732,638.277669355439,99837,76,35,128,31,36724,19238,0.5605336698819076,49,24,23241,22623,11455,5900,15049,21385,40440,27906,0,0,14973,8954,15706,3299,5274,539,34,0,0,40,39341,3793,7884,0,0,0,0,0
638,732,639.3578657381273,99837,77,38,128,31,36735,19243,0.5606939311077056,52,30,23283,22683,11405,5864,15053,21352,40487,27970,0,0,14915,8917,15740,3294,5281,540,38,0,0,45,39390,3779,7898,0,0,0,0,0
639,732,640.4356964062998,99837,80,45,128,31,36748,19258,0.5609743882528522,57,20,23319,22754,11358,5841,15056,21307,40534,28034,0,0,14849,8889,15765,3290,5287,543,40,0,0,54,39445,3766,7909,0,0,0,0,0
640,732,641.0285395984858,99837,83,48,128,31,36757,19263,0.5611146168254254,58,24,23329,22768,11316,5823,15084,21304,40580,28098,0,0,14789,8868,15785,3276,5301,545,43,0,0,56,39500,3749,7925,0,0,0,0,0
641,732,642.1042569453124,99837,90,50,128,31,36776,19271,0.5613850576439596,58,26,23373,22832,11262,5788,15087,21271,40626,28161,0,0,14730,8842,15806,3262,5324,546,45,0,0,62,39551,3738,7931,0,0,0,0,0
642,732,643.1775791439366,99837,84,52,128,31,36784,19277,0.561525286216533,69,29,23423,22868,11218,5770,15076,21248,40672,28224,0,0,14665,8817,15828,3253,5337,548,49,0,0,70,39604,3727,7939,0,0,0,0,0
643,732,644.2487734258402,99837,87,53,128,31,36799,19285,0.5617556617286177,73,27,23475,22911,11164,5753,15071,21223,40717,28286,0,0,14605,8785,15856,3240,5357,549,51,0,0,78,39654,3723,7939,0,0,0,0,0
644,732,645.3178049567161,99837,98,54,128,31,36822,19292,0.562056151526989,65,31,23520,22957,11107,5723,15080,21202,40762,28348,0,0,14559,8749,15890,3236,5362,553,56,0,0,85,39688,3700,7959,0,0,0,0,0
645,732,646.3844648278218,99837,106,48,128,31,36840,19295,0.562266494385849,67,35,23552,23011,11060,5696,15085,21177,40806,28410,0,0,14495,8722,15914,3232,5369,555,61,0,0,92,39740,3684,7973,0,0,0,0,0
646,732,647.4491639442859,99837,107,50,128,31,36856,19303,0.562506886224546,69,31,23587,23067,11010,5675,15097,21144,40850,28471,0,0,14436,8688,15944,3224,5382,555,68,0,0,101,39783,3673,7983,0,0,0,0,0
647,732,648.5123307176387,99837,117,46,128,31,36878,19312,0.5628173923495298,64,30,23633,23113,10948,5664,15108,21114,40893,28532,0,0,14379,8660,15966,3216,5398,556,72,0,0,113,39824,3659,7994,0,0,0,0,0
648,732,649.0433446778377,99837,120,48,128,31,36889,19314,0.5629476045954906,60,33,23614,23126,10928,5649,15148,21111,40936,28592,0,0,14326,8626,15999,3211,5404,557,74,0,0,117,39871,3648,8004,0,0,0,0,0
649,732,650.104989970786,99837,112,53,128,31,36897,19327,0.5631579474543505,82,29,23633,23176,10888,5630,15155,21079,40979,28652,0,0,14266,8605,16012,3201,5423,557,78,0,0,126,39918,3630,8021,0,0,0,0,0
650,732,651.1659106472321,99837,115,51,128,31,36918,19332,0.5634183719462724,78,36,23671,23245,10850,5599,15156,21036,41021,28712,0,0,14215,8577,16031,3190,5446,558,81,0,0,134,39958,3615,8032,0,0,0,0,0
651,732,652.2252399307214,99837,113,51,128,31,36940,19338,0.563698829091419,77,49,23692,23307,10830,5572,15158,20988,41063,28771,0,0,14161,8545,16055,3184,5463,562,88,0,0,141,39998,3602,8038,0,0,0,0,0
652,732,653.2831670120509,99837,115,64,128,31,36957,19354,0.5640293678696275,84,48,23730,23383,10782,5541,15159,20931,41104,28830,0,0,14101,8525,16073,3173,5481,563,92,0,0,146,40049,3589,8045,0,0,0,0,0
653,732,654.3396272571227,99837,126,63,128,31,36988,19361,0.5644099882808978,72,50,23792,23466,10733,5516,15147,20872,41145,28888,0,0,14047,8499,16091,3155,5506,564,102,0,0,155,40084,3579,8055,0,0,0,0,0
654,732,655.393616684138,99837,128,67,128,31,37004,19377,0.5647305107324939,80,50,23824,23522,10684,5498,15154,20830,41186,28946,0,0,13987,8471,16111,3153,5516,566,109,0,0,163,40129,3564,8068,0,0,0,0,0
655,732,656.445758068288,99837,131,75,128,31,37024,19392,0.5650810821639272,85,46,23859,23565,10631,5485,15164,20796,41226,29004,0,0,13933,8446,16135,3144,5526,569,116,0,0,173,40166,3547,8082,0,0,0,0,0
656,732,657.4962200757487,99837,136,64,128,31,37050,19399,0.5654116209421357,78,46,23892,23615,10600,5471,15164,20771,41266,29061,0,0,13873,8418,16152,3139,5541,571,125,0,0,191,40199,3536,8092,0,0,0,0,0
657,732,658.0206667373903,99837,143,59,128,31,37065,19402,0.5655919148211584,77,48,23890,23622,10573,5456,15187,20782,41306,29118,0,0,13825,8390,16178,3129,5555,572,127,0,0,198,40238,3522,8103,0,0,0,0,0
658,732,659.0698032161652,99836,147,56,129,31,37084,19411,0.5658780399855764,72,47,23920,23687,10527,5440,15203,20737,41345,29175,0,0,13776,8369,16193,3115,5577,574,130,0,0,208,40273,3506,8115,0,0,0,0,0
659,732,660.1174686628265,99836,144,50,129,31,37103,19420,0.5661584999399014,67,42,23972,23740,10496,5426,15190,20709,41384,29231,0,0,13721,8340,16218,3112,5593,575,136,0,0,223,40307,3491,8120,0,0,0,0,0
660,732,661.163122600361,99836,144,58,129,31,37118,19434,0.5664489763211668,72,37,24012,23794,10453,5409,15188,20669,41422,29287,0,0,13673,8317,16235,3101,5613,575,137,0,0,231,40346,3475,8133,0,0,0,0,0
661,732,662.2071224382457,99836,140,62,129,31,37140,19450,0.5668296005448936,68,35,24034,23865,10429,5391,15198,20614,41460,29343,0,0,13623,8284,16258,3094,5630,577,142,0,0,248,40374,3464,8142,0,0,0,0,0
662,732,663.2498633385535,99836,136,52,129,31,37152,19457,0.5670199126567571,80,44,24079,23910,10385,5381,15189,20580,41498,29398,0,0,13571,8253,16278,3093,5643,579,144,0,0,264,40408,3454,8149,0,0,0,0,0
663,732,664.2908327611086,99835,139,53,130,31,37172,19462,0.5672760054089248,88,51,24108,23951,10339,5367,15194,20545,41535,29453,0,0,13506,8228,16297,3090,5652,581,152,0,0,268,40460,3448,8153,0,0,0,0,0
664,732,665.3302327627458,99835,128,59,130,31,37186,19476,0.5675564681724846,101,49,24132,24001,10297,5351,15210,20507,41572,29507,0,0,13459,8201,16317,3084,5668,584,156,0,0,281,40490,3433,8162,0,0,0,0,0
665,732,666.3685226735433,99835,126,61,130,31,37207,19489,0.5678970300996644,113,44,24170,24055,10257,5334,15202,20473,41609,29561,0,0,13405,8180,16329,3076,5688,585,161,0,0,294,40526,3418,8173,0,0,0,0,0
666,732,667.4054466667411,99835,131,64,130,31,37236,19503,0.5683277407722742,109,39,24211,24108,10220,5319,15197,20437,41645,29615,0,0,13351,8147,16356,3074,5698,587,173,0,0,305,40557,3405,8182,0,0,0,0,0
667,732,668.440676333247,99835,137,55,130,31,37260,19506,0.5685981870085641,101,51,24264,24162,10184,5297,15182,20402,41681,29668,0,0,13297,8115,16382,3071,5709,588,180,0,0,316,40593,3396,8188,0,0,0,0,0
668,732,669.4734241132898,99835,159,64,130,31,37288,19523,0.5690489307357139,87,48,24296,24198,10145,5280,15181,20377,41717,29721,0,0,13246,8089,16404,3069,5717,588,180,0,0,323,40637,3385,8197,0,0,0,0,0
669,732,670.5047035805592,99835,162,66,130,31,37312,19533,0.5693894926628937,83,52,24341,24249,10106,5257,15176,20343,41752,29774,0,0,13191,8064,16422,3061,5734,589,187,0,0,333,40675,3377,8202,0,0,0,0,0
670,732,671.0194571034834,99835,154,66,130,31,37314,19540,0.5694796414083237,93,51,24348,24269,10084,5249,15189,20332,41787,29826,0,0,13148,8039,16443,3055,5742,591,190,0,0,341,40707,3361,8218,0,0,0,0,0
671,732,672.0486054707901,99835,150,70,130,31,37338,19550,0.5698202033355035,94,46,24388,24321,10054,5231,15182,20299,41822,29878,0,0,13106,8003,16471,3055,5750,594,192,0,0,359,40729,3350,8226,0,0,0,0,0
672,732,673.076065727056,99835,155,70,130,31,37364,19562,0.5702008313717634,96,45,24419,24364,10020,5220,15178,20268,41856,29930,0,0,13062,7974,16488,3047,5771,595,195,0,0,375,40754,3343,8231,0,0,0,0,0
673,732,674.1018387536081,99835,158,80,130,31,37389,19577,0.5706014924625632,96,41,24456,24415,9995,5197,15163,20234,41890,29981,0,0,13019,7946,16511,3044,5775,603,198,0,0,385,40784,3332,8238,0,0,0,0,0
674,732,675.126095034577,99835,156,74,130,31,37410,19587,0.5709120048079331,108,46,24478,24475,9958,5189,15168,20183,41924,30032,0,0,12977,7913,16536,3043,5787,605,199,0,0,406,40803,3321,8245,0,0,0,0,0
675,732,676.1494250945768,99835,161,75,130,31,37438,19599,0.5713126658987329,107,44,24516,24528,9915,5174,15169,20146,41958,30083,0,0,12930,7882,16562,3033,5805,606,206,0,0,418,40831,3312,8250,0,0,0,0,0
676,732,677.1710579418041,99835,162,85,130,31,37468,19616,0.5717834426804227,104,39,24557,24577,9881,5159,15164,20107,41991,30133,0,0,12879,7854,16585,3033,5816,608,213,0,0,430,40863,3299,8255,0,0,0,0,0
677,732,678.1910032841906,99835,175,79,130,31,37502,19623,0.5721941202984925,103,43,24602,24635,9837,5147,15151,20063,42024,30183,0,0,12830,7829,16599,3033,5827,613,219,0,0,441,40895,3288,8261,0,0,0,0,0
678,732,679.2090090671619,99835,165,75,130,31,37522,19635,0.5725146491711324,116,49,24643,24671,9802,5139,15142,20033,42057,30233,0,0,12789,7807,16610,3021,5850,620,224,0,0,460,40912,3278,8264,0,0,0,0,0
679,732,680.2252958856426,99835,165,86,130,31,37556,19650,0.5730054590073621,111,45,24683,24732,9778,5112,15131,19992,42089,30282,0,0,12739,7779,16631,3016,5863,625,236,0,0,469,40941,3269,8267,0,0,0,0,0
680,732,681.2396743951427,99835,176,81,130,31,37582,19655,0.573315971352732,118,53,24731,24787,9721,5095,15122,19951,42121,30331,0,0,12705,7751,16654,3008,5876,627,238,0,0,484,40958,3257,8277,0,0,0,0,0
681,732,682.252267253682,99835,179,82,130,31,37614,19668,0.5737667150798818,128,49,24763,24840,9688,5081,15110,19915,42153,30380,0,0,12660,7728,16665,2999,5897,630,242,0,0,501,40982,3247,8284,0,0,0,0,0
682,732,683.2631333268349,99835,187,82,130,31,37645,19679,0.5741874092252216,114,53,24826,24889,9665,5072,15076,19871,42185,30428,0,0,12610,7703,16683,2993,5908,634,248,0,0,515,41012,3241,8288,0,0,0,0,0
683,732,684.2716866369493,99835,194,77,130,31,37677,19691,0.5746281364251015,111,56,24884,24948,9634,5056,15045,19830,42216,30476,0,0,12566,7685,16692,2983,5932,636,252,0,0,534,41033,3229,8293,0,0,0,0,0
684,732,685.2778885452697,99835,183,73,130,31,37700,19701,0.5749586818250113,124,58,24919,24993,9616,5050,15026,19793,42247,30524,0,0,12522,7655,16712,2980,5949,638,264,0,0,552,41047,3215,8301,0,0,0,0,0
685,732,686.282630543221,99835,199,70,130,31,37736,19709,0.5753994090248911,118,57,24945,25047,9582,5043,15024,19750,42278,30571,0,0,12482,7633,16726,2976,5965,640,271,0,0,561,41071,3197,8313,0,0,0,0,0
686,732,687.2862275876133,99835,204,73,130,31,37769,19723,0.5758701858065809,102,60,24993,25102,9557,5033,15012,19699,42308,30618,0,0,12439,7601,16743,2977,5980,643,277,0,0,572,41097,3188,8318,0,0,0,0,0
687,732,688.2880534153428,99835,204,86,130,31,37789,19742,0.5762608303701107,112,53,25027,25144,9523,5018,15002,19666,42338,30665,0,0,12395,7571,16762,2980,5990,646,281,0,0,577,41132,3180,8321,0,0,0,0,0
688,732,689.2882092879896,99835,206,82,130,31,37822,19751,0.5766815245154505,119,62,25061,25195,9504,5008,14978,19620,42368,30712,0,0,12346,7545,16778,2978,6007,648,292,0,0,592,41155,3170,8324,0,0,0,0,0
689,732,690.2871426660508,99834,209,89,131,31,37852,19764,0.5771180159064047,119,65,25092,25237,9486,4995,14961,19581,42398,30758,0,0,12300,7524,16793,2973,6019,652,299,0,0,602,41183,3158,8331,0,0,0,0,0
690,732,691.2845622069432,99834,224,91,131,31,37892,19784,0.5777190135625138,111,54,25117,25294,9455,4990,14960,19538,42427,30804,0,0,12255,7497,16812,2971,6034,654,303,0,0,622,41203,3152,8331,0,0,0,0,0
691,732,692.2806864851404,99834,213,100,131,31,37920,19797,0.5781296952941883,111,65,25140,25339,9447,4971,14956,19492,42456,30850,0,0,12208,7467,16830,2967,6052,656,314,0,0,636,41225,3147,8332,0,0,0,0,0
692,732,693.2758799074612,99834,218,102,131,31,37947,19813,0.5785604102810665,112,72,25188,25383,9411,4964,14938,19446,42485,30895,0,0,12164,7444,16845,2966,6061,661,320,0,0,651,41248,3138,8336,0,0,0,0,0
693,732,694.2693942834544,99834,213,103,131,31,37975,19833,0.5790412084059539,117,73,25208,25437,9402,4961,14927,19393,42514,30940,0,0,12116,7418,16854,2970,6076,664,326,0,0,672,41269,3128,8341,0,0,0,0,0
694,732,695.2618619101302,99834,216,109,131,31,38007,19853,0.5795620730412485,116,68,25225,25489,9386,4951,14924,19350,42542,30985,0,0,12073,7386,16878,2971,6086,667,335,0,0,689,41285,3121,8343,0,0,0,0,0
695,732,696.253574353843,99834,215,113,131,31,38035,19870,0.5800128212833303,124,61,25261,25548,9354,4934,14913,19311,42570,31029,0,0,12035,7364,16895,2968,6097,672,342,0,0,707,41298,3107,8349,0,0,0,0,0
696,732,697.244162242592,99834,205,118,131,31,38061,19888,0.5804535528978103,136,65,25283,25591,9337,4932,14906,19261,42598,31073,0,0,11998,7344,16896,2958,6124,679,346,0,0,723,41315,3100,8351,0,0,0,0,0
697,732,698.2335500808657,99834,208,117,131,31,38094,19907,0.580974417533105,123,54,25331,25668,9319,4926,14886,19202,42626,31117,0,0,11961,7321,16907,2958,6141,683,348,0,0,747,41326,3087,8355,0,0,0,0,0
698,732,699.2212842204807,99834,214,118,131,31,38128,19924,0.5814852655407977,120,63,25341,25716,9315,4926,14877,19144,42653,31161,0,0,11915,7301,16916,2959,6155,686,351,0,0,763,41352,3075,8361,0,0,0,0,0
699,732,700.2082339783442,99834,210,116,131,31,38158,19939,0.5819360137828796,117,64,25351,25772,9320,4919,14869,19096,42680,31204,0,0,11873,7282,16920,2952,6179,691,356,0,0,778,41374,3064,8365,0,0,0,0,0
700,732,701.1949612430467,99834,207,118,131,31,38188,19952,0.5823667287697578,115,68,25389,25797,9302,4915,14854,19069,42707,31247,0,0,11836,7258,16935,2951,6194,695,359,0,0,795,41391,3052,8368,0,0,0,0,0
701,732,702.1804863451399,99834,215,114,131,31,38222,19968,0.5828675601498488,111,72,25414,25847,9281,4916,14846,19018,42734,31290,0,0,11796,7231,16947,2954,6207,702,363,0,0,811,41411,3046,8366,0,0,0,0,0
702,732,703.1649088253183,99834,215,121,131,31,38256,19988,0.583408458040347,113,75,25430,25895,9262,4903,14847,18973,42760,31333,0,0,11756,7213,16954,2952,6222,705,371,0,0,833,41421,3031,8376,0,0,0,0,0
703,732,704.1484266920361,99834,213,119,131,31,38288,20001,0.5838592062824288,119,74,25446,25946,9248,4894,14841,18934,42786,31375,0,0,11718,7190,16964,2947,6247,707,377,0,0,850,41436,3021,8377,0,0,0,0,0
704,732,705.1313421933905,99834,210,123,131,31,38314,20019,0.5842999378969088,131,79,25470,26008,9235,4875,14821,18882,42812,31417,0,0,11680,7165,16976,2943,6266,710,382,0,0,863,41455,3013,8381,0,0,0,0,0
705,732,706.1135244661734,99834,199,121,131,31,38338,20034,0.5846905863733798,138,86,25496,26042,9234,4877,14800,18841,42838,31459,0,0,11629,7147,16980,2938,6282,717,392,0,0,878,41481,3007,8383,0,0,0,0,0
706,732,707.0945126881712,99834,203,121,131,31,38375,20049,0.5852114510086744,139,85,25509,26100,9224,4865,14792,18796,42864,31500,0,0,11581,7130,16989,2940,6292,720,401,0,0,899,41499,2994,8389,0,0,0,0,0
707,732,708.07497628691,99834,212,128,131,31,38404,20072,0.585732315643969,143,80,25557,26153,9184,4859,14771,18747,42889,31541,0,0,11544,7106,16998,2940,6309,720,403,0,0,915,41517,2988,8394,0,0,0,0,0
708,732,709.0537510399539,99834,217,130,131,31,38446,20087,0.5863032634172727,129,97,25578,26187,9186,4848,14757,18705,42914,31582,0,0,11502,7086,17008,2942,6324,724,408,0,0,936,41533,2978,8393,0,0,0,0,0
709,732,710.0313937620004,99834,225,141,131,31,38480,20110,0.5868742111905764,136,88,25586,26231,9173,4841,14747,18666,42939,31623,0,0,11465,7064,17018,2932,6350,724,415,0,0,949,41550,2972,8395,0,0,0,0,0
710,732,711.0084127148161,99834,226,143,131,31,38514,20130,0.5874151090810746,130,81,25617,26312,9152,4835,14742,18596,42964,31663,0,0,11434,7041,17029,2932,6365,730,423,0,0,965,41556,2954,8405,0,0,0,0,0
711,732,712.4720933743013,99834,217,136,131,31,38558,20160,0.5881563395236092,147,79,25669,26419,9128,4831,14706,18502,42988,31703,0,0,11391,7016,17030,2933,6386,738,436,0,0,1005,41546,2945,8408,0,0,0,0,0
712,732,713.446181742048,99834,229,136,131,31,38600,20176,0.5887373039245147,147,84,25699,26456,9115,4824,14677,18467,43012,31743,0,0,11350,6992,17035,2931,6411,738,442,0,0,1019,41567,2940,8409,0,0,0,0,0
713,732,714.4189648999129,99834,244,136,131,31,38640,20196,0.5893383015806238,139,81,25729,26506,9094,4829,14661,18415,43036,31783,0,0,11314,6968,17047,2932,6426,740,448,0,0,1038,41578,2929,8414,0,0,0,0,0
714,732,715.3906387786326,99834,237,128,131,31,38669,20210,0.589769016567502,146,94,25734,26546,9099,4831,14651,18368,43060,31822,0,0,11276,6946,17048,2935,6444,744,452,0,0,1063,41587,2919,8420,0,0,0,0,0
715,732,716.3617406136517,99834,246,139,131,31,38705,20243,0.5904601638720276,149,81,25776,26587,9074,4829,14622,18331,43084,31861,0,0,11236,6930,17056,2931,6457,748,456,0,0,1091,41595,2912,8422,0,0,0,0,0
716,732,717.331494293869,99834,263,143,131,31,38751,20265,0.5911412945489513,139,78,25801,26648,9063,4821,14601,18277,43107,31900,0,0,11196,6908,17063,2933,6471,751,459,0,0,1114,41608,2909,8422,0,0,0,0,0
717,732,718.3000619233405,99834,271,142,131,31,38785,20283,0.5916621591842458,140,81,25823,26685,9049,4821,14584,18238,43130,31939,0,0,11158,6885,17079,2936,6477,754,466,0,0,1136,41617,2898,8428,0,0,0,0,0
718,732,719.267796414078,99834,271,142,131,31,38816,20299,0.5921329406815313,143,86,25874,26733,9015,4817,14564,18189,43153,31977,0,0,11121,6865,17091,2931,6492,758,475,0,0,1154,41626,2890,8431,0,0,0,0,0
719,732,720.2338186699546,99834,279,142,131,31,38857,20323,0.5927840214756496,152,80,25873,26772,9006,4823,14557,18150,43176,32015,0,0,11086,6848,17100,2928,6514,762,480,0,0,1179,41631,2879,8427,0,0,0,0,0
720,732,721.1992339423002,99833,270,146,132,31,38896,20347,0.5934210130918635,162,82,25901,26826,9002,4813,14531,18100,43199,32053,0,0,11048,6825,17102,2925,6543,763,491,0,0,1201,41634,2870,8431,0,0,0,0,0
721,732,722.1638071755128,99833,278,150,132,31,38930,20368,0.5939719331283243,170,73,25929,26881,8968,4808,14521,18055,43222,32091,0,0,11021,6809,17112,2920,6562,765,492,0,0,1222,41637,2856,8437,0,0,0,0,0
722,732,723.1270512718139,99833,271,147,132,31,38970,20380,0.5944928029809783,169,92,25937,26925,8971,4797,14518,18006,43244,32128,0,0,10984,6786,17123,2921,6577,768,503,0,0,1250,41635,2844,8442,0,0,0,0,0
723,732,724.0899793117413,99833,287,140,132,31,39012,20389,0.5950036561056965,161,102,25977,26963,8949,4794,14492,17968,43266,32165,0,0,10953,6768,17132,2917,6597,769,508,0,0,1267,41644,2832,8446,0,0,0,0,0
724,732,725.0516103379251,99832,282,149,132,32,39055,20413,0.5956807436493309,162,110,26007,27015,8951,4791,14464,17901,43288,32202,0,0,10922,6740,17140,2922,6617,773,515,0,0,1287,41647,2818,8451,0,0,0,0,0
725,732,726.0120919162696,99832,287,162,132,32,39096,20445,0.5964119721131501,152,106,26038,27051,8941,4788,14448,17859,43310,32239,0,0,10887,6719,17149,2924,6633,775,522,0,0,1312,41650,2805,8456,0,0,0,0,0
726,732,727.4504052229506,99832,293,165,132,32,39166,20481,0.5974737559099287,130,114,26083,27126,8955,4790,14405,17771,43332,32275,0,0,10851,6690,17154,2931,6656,781,532,0,0,1351,41636,2790,8460,0,0,0,0,0
727,732,728.4079011503462,99832,290,167,132,32,39199,20505,0.598044715121404,125,114,26115,27176,8948,4784,14388,17725,43353,32311,0,0,10815,6671,17164,2925,6675,784,540,0,0,1381,41634,2785,8458,0,0,0,0,0
728,732,729.3643772446384,99832,275,178,132,32,39227,20538,0.5986557416459652,137,101,26147,27221,8942,4787,14365,17679,43374,32347,0,0,10778,6647,17170,2931,6697,786,543,0,0,1410,41639,2779,8452,0,0,0,0,0
729,732,730.3198652846329,99832,278,181,132,32,39269,20568,0.599376953281513,137,94,26182,27258,8928,4790,14341,17643,43395,32383,0,0,10741,6627,17178,2933,6711,791,551,0,0,1439,41639,2767,8455,0,0,0,0,0
730,732,731.2741134490375,99831,267,179,133,32,39295,20593,0.5998938205567409,137,91,26206,27317,8928,4793,14327,17586,43416,32419,0,0,10706,6600,17190,2936,6727,793,557,0,0,1474,41633,2763,8452,0,0,0,0,0
731,732,732.2274942564453,99831,260,182,133,32,39333,20620,0.6005449209163486,139,85,26219,27357,8934,4790,14313,17552,43437,32454,0,0,10671,6579,17192,2935,6751,798,566,0,0,1499,41633,2754,8453,0,0,0,0,0
732,732,733.1802746395952,99831,254,177,133,32,39358,20641,0.6010056996323787,152,80,26243,27394,8917,4797,14299,17518,43458,32489,0,0,10634,6565,17190,2931,6777,801,572,0,0,1519,41644,2744,8454,0,0,0,0,0
733,732,734.1323492099507,99831,267,172,133,32,39400,20661,0.6016267492061584,161,83,26280,27425,8890,4810,14267,17476,43478,32524,0,0,10596,6551,17195,2930,6790,805,580,0,0,1544,41648,2735,8457,0,0,0,0,0
734,732,735.0830998560333,99831,285,162,133,32,39444,20674,0.6021977141368914,154,98,26298,27472,8868,4808,14260,17426,43498,32559,0,0,10565,6532,17199,2930,6807,807,586,0,0,1564,41653,2724,8464,0,0,0,0,0
735,732,736.0326139900152,99831,291,167,133,32,39476,20703,0.6028087467820616,176,92,26296,27510,8859,4813,14243,17384,43518,32593,0,0,10528,6514,17205,2929,6823,809,593,0,0,1588,41659,2719,8464,0,0,0,0,0
736,732,737.4563265260097,99831,305,158,133,32,39555,20735,0.6039206258576996,170,90,26337,27563,8858,4821,14195,17334,43538,32627,0,0,10487,6496,17204,2925,6850,815,609,0,0,1641,41629,2712,8463,0,0,0,0,0
737,732,738.4042578673241,99831,307,158,133,32,39597,20755,0.6045416754314792,172,94,26371,27605,8850,4817,14165,17292,43558,32661,0,0,10458,6476,17208,2922,6873,819,615,0,0,1666,41626,2704,8464,0,0,0,0,0
738,732,739.3512580609465,99831,304,162,133,32,39637,20783,0.605222826576915,180,81,26402,27661,8846,4808,14133,17254,43578,32695,0,0,10421,6458,17212,2917,6903,821,624,0,0,1689,41628,2698,8460,0,0,0,0,0
739,732,740.2969033535592,99830,305,160,134,32,39684,20803,0.6059000300510868,169,80,26444,27703,8843,4815,14103,17208,43597,32729,0,0,10390,6434,17222,2921,6918,824,631,0,0,1724,41616,2689,8461,0,0,0,0,0
740,732,741.2412064670472,99830,292,150,134,32,39718,20819,0.6064008814985475,191,79,26454,27751,8856,4824,14071,17162,43616,32762,0,0,10351,6412,17223,2923,6935,831,638,0,0,1751,41621,2684,8461,0,0,0,0,0
741,732,742.1848631022251,99830,299,158,134,32,39764,20843,0.6071020735249925,184,79,26488,27777,8845,4822,14048,17130,43635,32795,0,0,10315,6399,17226,2922,6953,834,650,0,0,1771,41624,2671,8465,0,0,0,0,0
742,732,743.1276436270441,99830,304,165,134,32,39800,20863,0.6076630271461485,197,82,26500,27850,8838,4815,14025,17054,43654,32828,0,0,10288,6382,17232,2917,6969,839,655,0,0,1788,41629,2662,8469,0,0,0,0,0
743,732,744.0694579390284,99830,297,158,134,32,39836,20882,0.6082139637383552,205,88,26523,27906,8844,4816,13995,16998,43673,32861,0,0,10249,6365,17241,2916,6984,843,665,0,0,1823,41622,2656,8466,0,0,0,0,0
744,732,745.0105363902265,99830,292,164,134,32,39883,20907,0.6089351898226986,208,86,26520,27937,8864,4821,13980,16958,43692,32894,0,0,10211,6350,17237,2918,7013,844,672,0,0,1850,41623,2647,8465,0,0,0,0,0
745,732,746.4217208627254,99830,287,164,134,32,39942,20936,0.6098166883702294,209,95,26578,28005,8864,4820,13926,16882,43711,32926,0,0,10175,6322,17233,2928,7042,849,686,0,0,1879,41616,2635,8465,0,0,0,0,0
746,732,747.3610218490201,99830,295,159,134,32,39988,20959,0.6105078633677251,200,96,26600,28047,8849,4826,13920,16838,43729,32958,0,0,10147,6309,17241,2920,7064,853,689,0,0,1914,41604,2627,8462,0,0,0,0,0
747,732,748.2992911611123,99830,308,158,134,32,40044,20979,0.6112691575678654,175,101,26622,28084,8848,4827,13911,16796,43747,32990,0,0,10113,6289,17246,2917,7089,857,700,0,0,1936,41604,2623,8456,0,0,0,0,0
748,732,749.236891511484,99830,302,156,134,32,40084,21002,0.6119002303916659,182,105,26641,28098,8857,4835,13882,16772,43765,33022,0,0,10084,6265,17248,2920,7109,862,704,0,0,1968,41597,2617,8456,0,0,0,0,0
749,732,750.1737675757706,99830,299,153,134,32,40131,21023,0.6125813883602124,177,101,26693,28131,8853,4845,13842,16736,43783,33054,0,0,10042,6252,17248,2918,7132,867,716,0,0,1995,41598,2610,8452,0,0,0,0,0
750,732,751.1091796356337,99830,292,162,134,32,40166,21049,0.6131924271261144,195,97,26710,28177,8852,4837,13815,16693,43801,33085,0,0,10014,6233,17252,2916,7153,870,721,0,0,2022,41594,2604,8451,0,0,0,0,0
751,732,752.0436719459766,99830,296,156,134,32,40214,21069,0.613873585094661,174,101,26739,28208,8853,4843,13802,16658,43819,33116,0,0,9984,6210,17255,2923,7172,873,725,0,0,2056,41586,2597,8449,0,0,0,0,0
752,732,753.4439310932623,99828,285,154,135,33,40263,21098,0.6146672276315263,176,107,26789,28277,8860,4851,13753,16576,43837,33147,0,0,9954,6193,17257,2926,7193,879,729,0,0,2105,41560,2588,8444,0,0,0,0,0
753,732,754.3759318200637,99827,280,157,136,33,40305,21126,0.6153745980546346,182,97,26792,28315,8870,4856,13738,16540,43854,33178,0,0,9925,6173,17254,2934,7213,883,735,0,0,2135,41553,2576,8446,0,0,0,0,0
754,732,755.307592146924,99827,280,160,136,33,40346,21149,0.61601570717341,177,97,26808,28338,8872,4856,13725,16514,43871,33209,0,0,9905,6156,17264,2931,7235,888,736,0,0,2162,41544,2564,8442,0,0,0,0,0
755,732,756.2388935268851,99827,283,161,136,33,40386,21170,0.6166267643022428,177,93,26837,28373,8869,4858,13696,16480,43888,33239,0,0,9884,6137,17269,2928,7256,891,740,0,0,2189,41533,2556,8444,0,0,0,0,0
756,732,757.1692493312754,99827,288,161,136,33,40430,21191,0.6172778907509993,182,96,26871,28395,8851,4862,13670,16451,43905,33269,0,0,9853,6116,17278,2927,7274,893,749,0,0,2214,41529,2549,8445,0,0,0,0,0
757,732,758.098594211287,99827,296,149,136,33,40466,21204,0.6177687399200618,182,106,26892,28441,8840,4863,13652,16406,43922,33299,0,0,9825,6100,17282,2923,7296,895,752,0,0,2236,41528,2545,8445,0,0,0,0,0
758,732,759.0270183666231,99827,298,149,136,33,40512,21226,0.6184499183587606,170,103,26923,28467,8848,4874,13623,16372,43939,33329,0,0,9799,6078,17287,2930,7314,899,756,0,0,2266,41520,2536,8442,0,0,0,0,0
759,732,760.417616867281,99827,300,159,136,33,40569,21264,0.619401564706943,188,99,26963,28537,8840,4873,13571,16297,43956,33359,0,0,9769,6063,17278,2928,7344,905,764,0,0,2297,41509,2526,8444,0,0,0,0,0
760,732,761.3433148196897,99827,304,157,136,33,40605,21285,0.6199725525158524,199,110,26980,28555,8833,4884,13546,16259,43972,33388,0,0,9740,6047,17276,2927,7366,908,773,0,0,2313,41512,2516,8449,0,0,0,0,0
761,732,762.2682196912621,99827,320,160,136,33,40662,21313,0.6208240255642261,184,107,26999,28611,8839,4892,13520,16195,43988,33417,0,0,9711,6040,17272,2915,7392,916,780,0,0,2338,41508,2509,8446,0,0,0,0,0
762,732,763.1924882071593,99827,319,175,136,33,40715,21345,0.6216754986125999,175,97,27029,28664,8853,4886,13486,16143,44004,33446,0,0,9676,6022,17275,2911,7417,920,795,0,0,2363,41502,2505,8441,0,0,0,0,0
763,732,764.1159223414697,99827,313,175,136,33,40752,21364,0.6222364690915283,187,103,27045,28702,8863,4892,13454,16093,44020,33475,0,0,9645,6011,17281,2907,7426,929,803,0,0,2392,41496,2496,8441,0,0,0,0,0
764,732,765.038533001713,99827,308,190,136,33,40791,21398,0.6229677341801316,185,91,27055,28746,8879,4890,13435,16048,44036,33504,0,0,9607,6000,17276,2909,7445,933,813,0,0,2417,41499,2489,8439,0,0,0,0,0
765,732,766.4215589506881,99827,310,181,136,33,40855,21427,0.6238993458683523,182,99,27089,28805,8880,4900,13401,15980,44052,33533,0,0,9573,5974,17268,2916,7483,936,825,0,0,2449,41486,2483,8434,0,0,0,0,0
766,732,767.3426349203596,99827,319,174,136,33,40897,21447,0.624520420327166,186,93,27116,28846,8867,4905,13374,15947,44068,33561,0,0,9552,5954,17275,2917,7496,941,827,0,0,2484,41470,2478,8433,0,0,0,0,0
767,732,768.2629157107546,99827,314,171,136,33,40932,21463,0.6250313041561902,198,101,27134,28889,8857,4903,13359,15901,44084,33589,0,0,9529,5927,17284,2920,7508,947,835,0,0,2506,41462,2472,8437,0,0,0,0,0
768,732,769.1824113102532,99827,312,171,136,33,40982,21489,0.6257926212347361,194,97,27159,28915,8865,4919,13332,15863,44100,33617,0,0,9502,5909,17279,2922,7532,953,842,0,0,2537,41450,2464,8437,0,0,0,0,0
769,732,770.1011330499618,99827,318,162,136,33,41027,21502,0.6263736263736264,181,107,27186,28954,8869,4924,13308,15818,44115,33645,0,0,9476,5893,17283,2919,7547,958,847,0,0,2568,41439,2460,8437,0,0,0,0,0
770,732,771.019115708903,99827,308,171,136,33,41071,21528,0.627074839472287,181,101,27207,28984,8877,4930,13289,15779,44130,33673,0,0,9453,5870,17286,2924,7566,965,851,0,0,2592,41432,2451,8437,0,0,0,0,0
771,732,772.3948812951286,99827,325,177,136,33,41141,21565,0.6281466937802398,184,96,27232,29057,8878,4932,13243,15703,44145,33701,0,0,9423,5852,17281,2932,7590,968,859,0,0,2628,41416,2440,8438,0,0,0,0,0
772,732,773.3111023029944,99827,337,172,136,33,41184,21591,0.6288378895489196,187,86,27256,29084,8859,4949,13223,15674,44160,33728,0,0,9395,5835,17281,2932,7612,970,867,0,0,2653,41408,2435,8439,0,0,0,0,0
773,732,774.226544322603,99827,345,165,136,33,41234,21605,0.6294789986676951,185,102,27272,29118,8854,4952,13206,15628,44175,33755,0,0,9361,5817,17284,2932,7631,972,882,0,0,2677,41403,2429,8439,0,0,0,0,0
774,732,775.1413607653094,99827,331,169,136,33,41277,21628,0.6301401424464323,179,103,27297,29160,8884,4946,13171,15587,44190,33782,0,0,9332,5793,17285,2941,7649,979,884,0,0,2703,41402,2424,8435,0,0,0,0,0
775,732,776.0554268005109,99827,349,174,136,33,41328,21655,0.6309214941849399,169,95,27315,29188,8879,4957,13150,15551,44205,33809,0,0,9302,5777,17290,2946,7664,982,888,0,0,2726,41403,2419,8430,0,0,0,0,0
776,732,777.4251264227721,99827,356,177,136,33,41398,21685,0.6319232271830266,176,98,27325,29252,8891,4958,13114,15480,44220,33836,0,0,9271,5759,17284,2947,7687,992,893,0,0,2764,41390,2418,8422,0,0,0,0,0
777,732,778.3377944691421,99827,353,185,136,33,41438,21709,0.6325643363018021,172,91,27347,29297,8892,4954,13098,15438,44234,33863,0,0,9252,5738,17288,2954,7712,993,894,0,0,2784,41388,2405,8419,0,0,0,0,0
778,732,779.2499564185626,99827,353,190,136,33,41486,21738,0.6333356707103289,174,87,27365,29316,8895,4961,13075,15411,44248,33889,0,0,9223,5721,17289,2956,7731,998,903,0,0,2811,41379,2398,8418,0,0,0,0,0
779,732,780.1613865279726,99827,345,192,136,33,41517,21763,0.6338966411892574,188,89,27381,29350,8888,4978,13060,15356,44262,33915,0,0,9201,5703,17291,2957,7752,1002,906,0,0,2840,41369,2394,8412,0,0,0,0,0
780,732,781.0723678435452,99827,344,186,136,33,41557,21783,0.6344976809881094,193,91,27414,29398,8890,4979,13021,15311,44276,33941,0,0,9180,5684,17297,2959,7771,1007,914,0,0,2868,41353,2385,8409,0,0,0,0,0
781,732,782.4369310299696,99827,355,180,136,33,41628,21813,0.635509431316177,188,92,27462,29463,8888,4987,12969,15243,44290,33967,0,0,9149,5668,17292,2966,7798,1010,920,0,0,2911,41332,2375,8406,0,0,0,0,0
782,732,783.3453167474216,99827,349,178,136,33,41666,21839,0.6361505404349524,196,85,27488,29495,8883,4993,12946,15214,44304,33993,0,0,9112,5655,17292,2962,7820,1013,935,0,0,2941,41322,2373,8402,0,0,0,0,0
783,732,784.2526566953035,99827,357,172,136,33,41715,21856,0.6368116842136897,189,91,27510,29529,8880,5000,12926,15173,44318,34019,0,0,9089,5639,17294,2960,7836,1020,939,0,0,2973,41309,2370,8398,0,0,0,0,0
784,732,785.1592049516628,99827,368,169,136,33,41767,21871,0.6374828453224077,178,87,27540,29571,8880,4999,12896,15139,44332,34044,0,0,9063,5628,17286,2960,7864,1022,945,0,0,2991,41309,2361,8398,0,0,0,0,0
785,732,786.0648548520247,99827,350,164,136,33,41803,21893,0.6380638504612981,181,97,27565,29616,8903,4998,12863,15090,44346,34069,0,0,9043,5607,17288,2963,7890,1025,948,0,0,3027,41288,2352,8396,0,0,0,0,0
786,732,787.4219757365152,99827,353,163,136,33,41870,21922,0.6390255141394613,181,94,27628,29683,8901,4995,12799,15030,44360,34094,0,0,9022,5586,17284,2964,7922,1030,952,0,0,3070,41261,2348,8388,0,0,0,0,0
787,732,788.3250139915048,99827,344,164,136,33,41911,21941,0.6396265539383132,187,95,27630,29727,8916,4987,12785,14992,44373,34119,0,0,8998,5568,17284,2966,7947,1032,960,0,0,3098,41249,2341,8384,0,0,0,0,0
788,732,789.2276595500638,99827,328,154,136,33,41953,21956,0.6401975417472227,188,100,27647,29755,8944,4994,12755,14962,44386,34144,0,0,8970,5547,17290,2972,7958,1038,969,0,0,3141,41225,2336,8381,0,0,0,0,0
789,732,790.1300106036587,99827,326,159,136,33,41999,21977,0.6408687028559408,190,92,27672,29795,8950,4992,12724,14927,44399,34169,0,0,8943,5529,17292,2976,7976,1042,976,0,0,3165,41219,2331,8378,0,0,0,0,0
790,732,791.0316918843689,99826,326,155,136,34,42040,21996,0.6414761685332478,185,91,27683,29826,8966,4994,12702,14898,44412,34194,0,0,8921,5512,17295,2982,7985,1051,982,0,0,3189,41209,2322,8378,0,0,0,0,0
791,732,792.3833541054319,99826,335,159,136,34,42113,22023,0.6424779115661251,183,97,27711,29883,8972,4987,12661,14838,44425,34218,0,0,8891,5497,17290,2985,8015,1052,994,0,0,3226,41188,2314,8374,0,0,0,0,0
792,732,793.28356167651,99826,330,171,136,34,42148,22049,0.6430889748161801,188,85,27729,29922,8978,4986,12637,14800,44438,34242,0,0,8867,5482,17294,2983,8041,1056,1003,0,0,3233,41192,2307,8368,0,0,0,0,0
793,732,794.1834469151603,99826,335,165,136,34,42198,22059,0.6436900206359065,188,94,27742,29973,8986,4982,12611,14750,44451,34266,0,0,8841,5467,17296,2979,8066,1058,1011,0,0,3258,41184,2305,8361,0,0,0,0,0
794,732,795.0827081530698,99826,319,174,136,34,42231,22091,0.6443411536072766,199,86,27772,29997,8981,4990,12591,14717,44464,34290,0,0,8820,5454,17296,2983,8086,1065,1015,0,0,3283,41174,2291,8359,0,0,0,0,0
795,732,796.4300819452227,99826,318,177,136,34,42299,22125,0.6453629315008114,211,84,27790,30066,9004,4992,12539,14645,44477,34314,0,0,8801,5429,17293,2988,8119,1070,1019,0,0,3323,41145,2287,8352,0,0,0,0,0
796,732,797.3274481228619,99826,352,183,136,34,42360,22148,0.6462043956484282,199,97,27804,30094,8999,4993,12508,14597,44490,34338,0,0,8777,5415,17293,2991,8131,1073,1024,0,0,3341,41146,2280,8355,0,0,0,0,0
797,732,798.2242567236314,99826,343,180,136,34,42398,22166,0.6467653717468395,203,99,27830,30127,8999,4995,12487,14563,44503,34362,0,0,8752,5401,17296,2998,8146,1078,1029,0,0,3368,41134,2271,8353,0,0,0,0,0
798,732,799.1203713375697,99826,346,177,136,34,42444,22187,0.6474365395788673,201,109,27850,30158,9001,5010,12464,14510,44515,34385,0,0,8720,5389,17292,2998,8166,1081,1042,0,0,3393,41125,2267,8353,0,0,0,0,0
799,732,800.0157917008041,99826,348,164,136,34,42499,22204,0.6481577945625389,186,104,27883,30188,9009,5025,12436,14483,44527,34408,0,0,8695,5375,17289,3004,8193,1084,1045,0,0,3427,41107,2262,8345,0,0,0,0,0
800,732,801.3572895952082,99826,349,167,136,34,42562,22239,0.6491395027347585,188,101,27927,30231,9001,5027,12397,14438,44539,34431,0,0,8669,5360,17278,3010,8219,1090,1050,0,0,3471,41081,2259,8339,0,0,0,0,0
801,732,802.2504032163175,99826,347,162,136,34,42605,22260,0.6497806182757999,192,101,27965,30268,8999,5033,12359,14400,44551,34454,0,0,8646,5347,17274,3009,8248,1092,1059,0,0,3496,41066,2251,8338,0,0,0,0,0
802,732,803.1424164665594,99825,353,162,136,35,42646,22288,0.6504783370899073,191,95,27980,30284,8997,5051,12341,14371,44563,34477,0,0,8627,5333,17276,3009,8265,1098,1062,0,0,3522,41054,2243,8336,0,0,0,0,0
803,732,804.0338494729414,99825,355,167,136,35,42689,22318,0.6512096168294516,203,92,27988,30300,8996,5062,12320,14342,44575,34500,0,0,8603,5317,17274,3009,8288,1101,1069,0,0,3550,41042,2240,8332,0,0,0,0,0
804,732,805.3701519993567,99825,372,154,136,35,42775,22341,0.6523015276734285,188,108,28015,30352,9012,5063,12275,14286,44587,34523,0,0,8576,5301,17266,3012,8326,1105,1080,0,0,3586,41016,2233,8324,0,0,0,0,0
805,732,806.2602982638421,99825,376,167,136,35,42821,22361,0.6529626846982219,193,118,28039,30367,9014,5059,12240,14252,44599,34545,0,0,8554,5290,17266,3013,8337,1109,1083,0,0,3606,41013,2226,8328,0,0,0,0,0
806,732,807.1495527147895,99825,386,178,136,35,42875,22389,0.6537841222138743,189,113,28055,30411,9013,5057,12219,14204,44611,34567,0,0,8536,5283,17252,3011,8357,1118,1081,0,0,3631,41008,2220,8328,0,0,0,0,0
807,732,808.0381300341999,99825,376,180,136,35,42917,22413,0.6544452792386677,182,106,28087,30438,9018,5062,12199,14177,44623,34589,0,0,8518,5265,17253,3009,8377,1123,1088,0,0,3665,40984,2213,8330,0,0,0,0,0
808,732,809.3695936354161,99825,368,181,136,35,42977,22442,0.6553368394690708,188,103,28142,30505,9026,5066,12138,14108,44635,34611,0,0,8488,5252,17242,3011,8415,1124,1099,0,0,3701,40964,2205,8324,0,0,0,0,0
809,732,810.255615424696,99825,381,179,136,35,43027,22462,0.656038066616579,174,104,28158,30543,9030,5069,12119,14068,44646,34633,0,0,8469,5243,17243,3008,8428,1131,1101,0,0,3730,40950,2199,8323,0,0,0,0,0
810,732,811.1412202270612,99825,357,178,136,35,43059,22483,0.6565689957425495,183,106,28181,30590,9044,5076,12097,14013,44657,34655,0,0,8440,5225,17237,3013,8450,1137,1112,0,0,3755,40941,2196,8319,0,0,0,0,0
811,732,812.0261105661277,99825,350,185,136,35,43102,22510,0.6572702228900577,178,100,28192,30616,9062,5080,12080,13982,44668,34677,0,0,8420,5205,17241,3015,8473,1140,1119,0,0,3781,40925,2192,8314,0,0,0,0,0
812,732,813.352841463524,99824,338,186,137,35,43165,22545,0.6582585350216381,184,90,28214,30675,9083,5084,12042,13928,44679,34699,0,0,8394,5189,17227,3015,8510,1145,1131,0,0,3821,40895,2184,8313,0,0,0,0,0
813,732,814.2368714289552,99824,342,181,137,35,43200,22564,0.6587994870972912,196,99,28233,30711,9075,5085,12015,13887,44690,34720,0,0,8365,5181,17226,3016,8525,1148,1138,0,0,3846,40891,2181,8307,0,0,0,0,0
814,732,815.120184163429,99824,358,176,137,35,43248,22581,0.6594506331142811,205,105,28241,30744,9068,5091,11989,13847,44701,34741,0,0,8346,5170,17225,3014,8549,1152,1143,0,0,3861,40886,2176,8302,0,0,0,0,0
815,732,816.0030552430698,99824,365,178,137,35,43289,22601,0.6600617086071486,199,103,28255,30773,9069,5095,11973,13814,44712,34762,0,0,8333,5157,17219,3013,8574,1155,1144,0,0,3882,40876,2171,8300,0,0,0,0,0
816,732,817.326114650466,99824,359,169,137,35,43357,22630,0.6610334188171181,183,101,28306,30827,9096,5099,11917,13767,44723,34783,0,0,8308,5145,17207,3016,8595,1168,1149,0,0,3934,40842,2165,8295,0,0,0,0,0
817,732,818.2071493404133,99824,356,174,137,35,43396,22653,0.6616545119410162,195,93,28316,30860,9101,5104,11893,13732,44734,34804,0,0,8279,5134,17209,3016,8612,1171,1159,0,0,3957,40836,2161,8290,0,0,0,0,0
818,732,819.0876507098686,99824,346,169,137,35,43434,22670,0.6622054816477,192,97,28334,30876,9118,5110,11871,13711,44745,34825,0,0,8258,5122,17200,3014,8640,1176,1167,0,0,3981,40824,2155,8287,0,0,0,0,0
819,732,820.4076126344818,99824,356,174,137,35,43494,22709,0.6631972271197307,195,91,28378,30929,9104,5115,11828,13654,44756,34846,0,0,8241,5102,17201,3027,8656,1181,1172,0,0,4018,40794,2145,8287,0,0,0,0,0
820,732,821.286411577192,99824,350,176,137,35,43539,22727,0.6638283378746594,199,88,28386,30969,9115,5119,11811,13611,44767,34867,0,0,8219,5090,17198,3025,8676,1189,1180,0,0,4039,40784,2141,8283,0,0,0,0,0
821,732,822.1648985357347,99823,346,173,138,35,43581,22744,0.6644260340803222,196,97,28409,30990,9118,5126,11791,13577,44778,34887,0,0,8199,5081,17191,3026,8689,1194,1185,0,0,4073,40765,2132,8288,0,0,0,0,0
822,732,823.0427865194042,99822,348,164,139,35,43623,22763,0.6650437779247059,195,100,28436,31022,9120,5132,11760,13545,44789,34907,0,0,8182,5063,17186,3024,8722,1196,1187,0,0,4093,40754,2130,8285,0,0,0,0,0
823,732,824.3580435761814,99822,341,162,139,35,43684,22791,0.6659353649496103,190,98,28483,31080,9130,5135,11715,13488,44799,34927,0,0,8165,5048,17168,3024,8756,1207,1192,0,0,4128,40730,2126,8278,0,0,0,0,0
824,732,825.2338675601796,99821,326,162,140,35,43716,22814,0.6664930225102934,195,95,28500,31111,9145,5139,11692,13456,44809,34947,0,0,8148,5034,17160,3022,8779,1212,1195,0,0,4158,40713,2123,8277,0,0,0,0,0
825,732,826.1091729636273,99821,341,163,140,35,43767,22838,0.6672443674176777,185,93,28518,31137,9143,5146,11671,13424,44819,34967,0,0,8127,5023,17155,3023,8794,1217,1202,0,0,4183,40702,2116,8279,0,0,0,0,0
826,732,827.4208504217278,99821,342,150,140,35,43829,22862,0.6681059095781449,187,102,28551,31188,9146,5153,11632,13370,44829,34987,0,0,8104,5002,17157,3026,8824,1223,1214,0,0,4217,40676,2111,8267,0,0,0,0,0
827,732,828.2943335332718,99821,329,149,140,35,43863,22884,0.6686669137756585,195,91,28566,31228,9159,5159,11609,13336,44839,35007,0,0,8085,4993,17145,3027,8853,1229,1216,0,0,4237,40670,2105,8261,0,0,0,0,0
828,732,829.1675956963412,99821,328,147,140,35,43902,22903,0.6692479538373689,197,85,28589,31260,9161,5163,11583,13308,44849,35027,0,0,8066,4982,17139,3025,8876,1234,1220,0,0,4260,40659,2103,8257,0,0,0,0,0
829,732,830.0403756512034,99821,343,149,140,35,43951,22921,0.6699191552879654,188,90,28620,31287,9153,5160,11554,13277,44859,35047,0,0,8044,4972,17139,3021,8891,1237,1228,0,0,4282,40650,2100,8257,0,0,0,0,0
830,732,831.3475741164174,99821,345,141,140,35,44007,22949,0.6707606615842358,183,93,28666,31349,9152,5169,11512,13211,44869,35066,0,0,8026,4958,17135,3021,8911,1244,1235,0,0,4326,40615,2093,8257,0,0,0,0,0
831,732,832.2179417585294,99820,341,140,140,36,44051,22971,0.6714285714285714,179,87,28707,31378,9151,5165,11480,13192,44879,35085,0,0,8004,4946,17132,3022,8932,1251,1241,0,0,4349,40604,2089,8250,0,0,0,0,0
832,732,833.0872471584751,99820,321,143,140,36,44085,22988,0.6719394910839511,185,87,28731,31404,9162,5163,11459,13165,44889,35104,0,0,7988,4929,17131,3024,8952,1259,1246,0,0,4371,40591,2086,8243,0,0,0,0,0
833,732,834.3899774542463,99820,336,153,140,36,44155,23019,0.672951312362252,151,86,28767,31449,9173,5168,11431,13106,44899,35123,0,0,7972,4919,17123,3020,8975,1266,1250,0,0,4402,40571,2076,8246,0,0,0,0,0
834,732,835.2574939628466,99820,331,159,140,36,44185,23039,0.6734522139851733,155,85,28796,31472,9172,5162,11404,13084,44909,35142,0,0,7952,4913,17120,3014,8995,1268,1254,0,0,4423,40563,2073,8245,0,0,0,0,0
835,732,836.124300496844,99820,309,152,140,36,44213,23055,0.673893007413344,151,95,28819,31491,9195,5165,11384,13059,44919,35161,0,0,7924,4908,17113,3015,9009,1275,1264,0,0,4454,40548,2065,8245,0,0,0,0,0
836,732,837.423294846039,99819,296,156,141,36,44258,23087,0.6746711547901703,155,96,28865,31547,9191,5167,11350,12996,44929,35180,0,0,7900,4895,17103,3013,9037,1281,1274,0,0,4485,40530,2062,8239,0,0,0,0,0
837,732,838.2882186505356,99819,288,156,141,36,44291,23110,0.6752321702281129,166,89,28875,31566,9192,5176,11336,12975,44939,35199,0,0,7882,4886,17095,3011,9061,1287,1279,0,0,4509,40517,2058,8234,0,0,0,0,0
838,732,839.1527467358552,99818,271,148,142,36,44316,23122,0.6756096094892705,173,97,28892,31602,9199,5179,11321,12936,44948,35218,0,0,7862,4877,17090,3008,9083,1292,1286,0,0,4531,40505,2054,8230,0,0,0,0,0
839,732,840.0167761915154,99818,286,142,142,36,44359,23137,0.6761906670139655,172,106,28899,31624,9203,5185,11296,12905,44957,35236,0,0,7847,4869,17083,3006,9107,1295,1287,0,0,4545,40502,2050,8227,0,0,0,0,0
840,732,841.3122466571359,99818,293,161,142,36,44416,23182,0.6772125267987738,167,82,28948,31668,9200,5193,11248,12858,44966,35254,0,0,7828,4858,17066,3006,9136,1303,1294,0,0,4567,40490,2046,8224,0,0,0,0,0
841,732,842.1745849633706,99818,283,163,142,36,44447,23204,0.6777434931575468,165,82,28978,31695,9203,5194,11227,12828,44975,35272,0,0,7807,4849,17059,3008,9147,1311,1302,0,0,4591,40478,2040,8226,0,0,0,0,0
842,732,843.0362223801659,99818,278,166,142,36,44485,23225,0.6783345689154261,164,77,29018,31715,9199,5200,11197,12804,44984,35290,0,0,7788,4843,17051,3004,9170,1314,1309,0,0,4616,40462,2035,8226,0,0,0,0,0
843,732,844.3267916736368,99818,272,153,142,36,44532,23244,0.6789957723055962,172,95,29071,31759,9193,5199,11148,12756,44993,35308,0,0,7768,4832,17046,3006,9193,1320,1312,0,0,4653,40437,2031,8220,0,0,0,0,0
844,732,845.1857555177684,99818,268,161,142,36,44560,23265,0.6794866657316315,166,92,29108,31795,9182,5190,11132,12724,45002,35326,0,0,7757,4822,17044,2999,9216,1322,1313,0,0,4672,40428,2027,8218,0,0,0,0,0
845,732,846.0437921267356,99818,264,147,142,36,44594,23277,0.6799475044581138,157,101,29150,31831,9183,5200,11102,12683,45011,35344,0,0,7741,4813,17041,2999,9236,1329,1314,0,0,4691,40416,2025,8213,0,0,0,0,0
846,732,847.328749384786,99818,277,152,142,36,44643,23318,0.6808491454447094,157,86,29178,31883,9171,5206,11073,12635,45020,35362,0,0,7726,4803,17038,3000,9253,1336,1318,0,0,4721,40394,2016,8213,0,0,0,0,0
847,732,848.18459295065,99818,290,150,142,36,44673,23332,0.6812899477048228,152,81,29194,31918,9161,5211,11059,12602,45029,35380,0,0,7715,4795,17038,2996,9264,1342,1318,0,0,4735,40391,2012,8212,0,0,0,0,0
848,732,849.0399256679943,99818,294,150,142,36,44716,23346,0.6818609869963334,142,77,29225,31958,9161,5208,11034,12569,45038,35398,0,0,7702,4782,17039,2996,9282,1345,1321,0,0,4757,40377,2006,8211,0,0,0,0,0
849,732,850.3213148529672,99818,279,152,142,36,44756,23372,0.6825221903865034,158,69,29260,32022,9157,5200,11002,12519,45047,35415,0,0,7688,4771,17023,2997,9317,1349,1323,0,0,4782,40360,1999,8209,0,0,0,0,0
850,732,851.1748483062712,99818,292,140,142,36,44800,23385,0.683093229678014,145,81,29279,32052,9162,5206,10978,12483,45056,35432,0,0,7670,4759,17019,2998,9338,1350,1327,0,0,4807,40347,1997,8206,0,0,0,0,0
851,732,852.0276938146251,99818,281,142,142,36,44822,23405,0.6835139954717586,160,80,29308,32080,9161,5210,10946,12450,45065,35449,0,0,7654,4750,17021,3000,9351,1353,1330,0,0,4828,40334,1990,8207,0,0,0,0,0
852,732,853.3057599136289,99818,299,140,142,36,44873,23429,0.6842653629605883,164,79,29335,32131,9145,5213,10913,12399,45074,35466,0,0,7641,4738,17027,3003,9362,1357,1328,0,0,4861,40313,1986,8202,0,0,0,0,0
853,732,854.1569731549695,99818,309,146,142,36,44917,23448,0.6848965116512052,151,82,29348,32167,9156,5204,10892,12363,45083,35483,0,0,7620,4732,17026,2996,9383,1359,1333,0,0,4876,40310,1985,8198,0,0,0,0,0
854,732,855.0075873562449,99818,305,145,142,36,44949,23464,0.6853773868440561,160,88,29388,32188,9144,5205,10859,12336,45092,35500,0,0,7601,4720,17023,3000,9400,1362,1338,0,0,4893,40305,1979,8197,0,0,0,0,0
855,732,856.2812599134804,99818,300,160,142,36,45000,23499,0.6862389548979142,159,75,29441,32225,9142,5206,10814,12296,45100,35517,0,0,7586,4709,17016,2997,9429,1366,1342,0,0,4920,40284,1973,8196,0,0,0,0,0
856,732,857.1292768352604,99818,295,159,142,36,45037,23514,0.6867599030235028,155,77,29459,32241,9157,5210,10790,12275,45108,35534,0,0,7565,4704,17009,2997,9448,1369,1346,0,0,4944,40274,1968,8194,0,0,0,0,0
857,732,858.4001906533591,99818,297,162,142,36,45102,23539,0.6876615440100984,128,74,29522,32293,9172,5199,10737,12234,45116,35551,0,0,7542,4697,16998,3002,9469,1375,1353,0,0,4977,40250,1962,8193,0,0,0,0,0
858,732,859.24620355978,99818,299,160,142,36,45128,23553,0.6880622733374742,127,81,29548,32324,9161,5195,10721,12202,45124,35568,0,0,7530,4690,16998,3000,9485,1378,1353,0,0,4991,40245,1956,8192,0,0,0,0,0
859,732,860.0913885172611,99818,285,156,142,36,45154,23568,0.6884730208980344,143,87,29560,32352,9168,5198,10700,12169,45132,35585,0,0,7517,4682,16997,2994,9501,1383,1355,0,0,5023,40221,1954,8191,0,0,0,0,0
860,732,861.3581246127619,99817,280,151,143,36,45191,23595,0.6891210915976237,157,96,29599,32392,9158,5196,10661,12127,45140,35601,0,0,7505,4670,16991,3000,9520,1390,1360,0,0,5050,40199,1942,8190,0,0,0,0,0
861,732,862.2015898913438,99817,275,150,143,36,45216,23617,0.6895919532744923,160,98,29636,32434,9152,5204,10632,12076,45148,35617,0,0,7488,4661,16989,3000,9531,1395,1363,0,0,5074,40185,1940,8191,0,0,0,0,0
862,732,863.04424639544,99817,268,154,143,36,45246,23636,0.6900828516184618,155,94,29670,32465,9149,5203,10613,12046,45156,35633,0,0,7472,4649,16989,3001,9545,1397,1367,0,0,5098,40172,1935,8192,0,0,0,0,0
863,732,864.3067014814511,99817,263,156,143,36,45291,23662,0.69079415330054,157,88,29693,32514,9160,5206,10582,11998,45164,35649,0,0,7455,4638,16985,3000,9567,1403,1374,0,0,5128,40149,1933,8185,0,0,0,0,0
864,732,865.1477419210348,99817,259,162,143,36,45324,23682,0.691325124978711,145,80,29715,32529,9167,5208,10569,11983,45172,35665,0,0,7437,4634,16980,2997,9577,1411,1378,0,0,5147,40141,1928,8187,0,0,0,0,0
865,732,866.40836510535,99817,267,149,143,36,45382,23708,0.6921666649969445,135,80,29752,32583,9165,5221,10536,11929,45180,35681,0,0,7420,4623,16969,3001,9601,1417,1383,0,0,5187,40111,1921,8184,0,0,0,0,0
866,732,867.2479912941545,99817,260,150,143,36,45410,23722,0.6925874350060611,142,82,29774,32614,9162,5219,10517,11897,45188,35697,0,0,7400,4615,16970,3002,9610,1421,1387,0,0,5207,40103,1918,8184,0,0,0,0,0
867,732,868.0869863620954,99817,268,152,143,36,45445,23738,0.6930983700171314,136,79,29805,32644,9150,5215,10496,11872,45196,35713,0,0,7388,4602,16972,3004,9618,1424,1388,0,0,5227,40093,1914,8187,0,0,0,0,0
868,732,869.3438760976502,99817,269,156,143,36,45487,23771,0.6938497450334111,131,79,29848,32689,9149,5218,10458,11820,45204,35729,0,0,7365,4595,16962,3005,9643,1426,1395,0,0,5256,40078,1910,8182,0,0,0,0,0
869,732,870.1808141072167,99817,262,151,143,36,45511,23786,0.6942404600418767,141,79,29878,32711,9147,5227,10427,11794,45212,35745,0,0,7351,4588,16958,3007,9661,1430,1396,0,0,5275,40069,1904,8178,0,0,0,0,0
870,732,871.0169495010641,99817,258,151,143,36,45539,23796,0.6946211567167917,137,85,29908,32747,9144,5222,10408,11757,45220,35761,0,0,7341,4576,16956,3005,9676,1434,1395,0,0,5294,40060,1903,8177,0,0,0,0,0
871,732,872.2697449507242,99817,265,143,143,36,45586,23823,0.6953625133995212,129,77,29945,32791,9139,5232,10377,11719,45228,35777,0,0,7322,4566,16950,3004,9697,1442,1402,0,0,5321,40041,1901,8171,0,0,0,0,0
872,732,873.1040922657915,99816,259,144,144,36,45613,23837,0.6957802356335657,134,72,29960,32826,9139,5231,10362,11689,45236,35792,0,0,7303,4558,16948,3004,9709,1444,1405,0,0,5344,40032,1900,8169,0,0,0,0,0
873,732,874.3548408397428,99816,240,144,144,36,45645,23863,0.6963613048008336,155,64,29986,32868,9150,5245,10323,11641,45244,35807,0,0,7286,4551,16939,3006,9729,1451,1409,0,0,5374,40010,1893,8168,0,0,0,0,0
874,732,875.1880728224851,99816,247,141,144,36,45682,23878,0.6968822633645908,148,60,30015,32902,9151,5252,10293,11607,45252,35822,0,0,7271,4544,16943,3006,9742,1453,1411,0,0,5396,39998,1887,8165,0,0,0,0,0
875,732,876.0204973944865,99816,252,141,144,36,45711,23889,0.6972830007213272,150,64,30037,32932,9140,5251,10275,11574,45259,35837,0,0,7259,4537,16942,3009,9748,1458,1412,0,0,5412,39993,1881,8165,0,0,0,0,0
876,732,877.2677104689152,99816,273,137,144,36,45770,23907,0.6980544201330448,131,72,30087,32993,9128,5245,10235,11515,45266,35852,0,0,7251,4527,16940,3007,9770,1463,1412,0,0,5436,39974,1877,8159,0,0,0,0,0
877,732,878.0980420493469,99816,269,130,144,36,45791,23921,0.6984050653201892,140,75,30108,33024,9114,5248,10223,11485,45273,35867,0,0,7235,4520,16939,3008,9789,1464,1416,0,0,5452,39966,1873,8154,0,0,0,0,0
878,732,879.3423941031925,99816,249,131,144,36,45825,23942,0.6989560791857017,141,82,30145,33075,9131,5242,10188,11432,45280,35882,0,0,7224,4504,16936,3010,9811,1469,1420,0,0,5486,39939,1870,8147,0,0,0,0,0
879,732,880.1712063846472,99816,243,136,144,36,45853,23961,0.699426945579867,129,75,30186,33106,9126,5243,10170,11402,45287,35897,0,0,7214,4491,16937,3010,9824,1474,1422,0,0,5506,39926,1867,8145,0,0,0,0,0
880,732,881.4129637247228,99816,224,131,144,36,45884,23980,0.6999278672757875,148,81,30218,33140,9136,5246,10128,11364,45294,35912,0,0,7189,4479,16933,3016,9837,1480,1433,0,0,5532,39911,1862,8144,0,0,0,0,0
881,732,882.2400040553235,99816,221,122,144,36,45913,23989,0.700308567764687,147,91,30244,33168,9130,5247,10112,11334,45301,35927,0,0,7176,4471,16930,3018,9846,1488,1436,0,0,5547,39902,1855,8147,0,0,0,0,0
882,732,883.0664610016515,99816,218,127,144,36,45940,24006,0.7007493788570971,149,86,30263,33214,9131,5242,10093,11293,45308,35942,0,0,7160,4467,16926,3019,9858,1491,1436,0,0,5567,39896,1852,8144,0,0,0,0,0
883,732,884.3049533071317,99816,221,130,144,36,45974,24029,0.7013204295904464,151,86,30305,33274,9125,5231,10052,11241,45315,35957,0,0,7147,4457,16925,3018,9876,1492,1439,0,0,5593,39879,1850,8140,0,0,0,0,0
884,732,885.1296217427921,99816,230,138,144,36,46000,24050,0.7017912959846117,158,79,30321,33300,9111,5227,10034,11218,45322,35971,0,0,7136,4449,16926,3020,9888,1494,1439,0,0,5603,39879,1845,8137,0,0,0,0,0
885,732,886.3654064086413,99816,241,141,144,36,46057,24078,0.7026428628676765,144,69,30369,33346,9102,5226,9998,11180,45329,35985,0,0,7124,4442,16917,3016,9917,1497,1441,0,0,5633,39856,1841,8132,0,0,0,0,0
886,732,887.1882479162311,99815,233,136,145,36,46083,24092,0.703050643690828,135,68,30399,33377,9107,5228,9979,11153,45336,35999,0,0,7100,4435,16910,3020,9930,1499,1451,0,0,5651,39849,1837,8133,0,0,0,0,0
887,732,888.0104055109526,99815,239,128,145,36,46116,24101,0.7034714221309423,132,67,30430,33401,9100,5234,9952,11132,45343,36013,0,0,7084,4431,16906,3024,9942,1500,1451,0,0,5673,39842,1830,8132,0,0,0,0,0
888,732,889.2419914431405,99815,248,135,145,36,46166,24128,0.7042428492711517,111,61,30490,33442,9089,5232,9915,11092,45350,36027,0,0,7074,4414,16907,3026,9956,1505,1454,0,0,5697,39821,1828,8133,0,0,0,0,0
889,732,890.0618927211312,99815,250,125,145,36,46189,24139,0.7045834794369584,112,64,30513,33457,9080,5241,9898,11075,45357,36041,0,0,7058,4406,16904,3031,9963,1510,1455,0,0,5715,39817,1825,8131,0,0,0,0,0
890,732,891.2903805922937,99815,231,124,145,36,46226,24152,0.70508440615138,103,72,30559,33517,9088,5234,9872,11015,45364,36055,0,0,7041,4400,16896,3030,9987,1514,1457,0,0,5744,39799,1822,8125,0,0,0,0,0
891,732,892.1085165065537,99815,223,119,145,36,46244,24163,0.7053749436457446,112,74,30578,33560,9087,5225,9853,10984,45371,36069,0,0,7034,4390,16897,3028,10003,1520,1456,0,0,5757,39791,1820,8119,0,0,0,0,0
892,732,893.334778717241,99815,213,117,145,36,46279,24189,0.7059860742373391,113,67,30611,33610,9092,5231,9824,10937,45378,36083,0,0,7015,4382,16886,3028,10025,1527,1462,0,0,5782,39776,1818,8114,0,0,0,0,0
893,732,894.1516181663653,99815,228,112,145,36,46313,24201,0.706446926814607,96,68,30651,33631,9076,5238,9802,10913,45385,36097,0,0,7005,4376,16890,3027,10038,1529,1460,0,0,5799,39768,1814,8109,0,0,0,0,0
894,732,895.3753351881287,99815,216,122,145,36,46346,24229,0.7070580574062014,94,60,30693,33674,9078,5235,9772,10871,45392,36111,0,0,6991,4367,16886,3033,10057,1534,1462,0,0,5820,39755,1807,8103,0,0,0,0,0
895,732,896.1902103974797,99815,196,118,145,36,46360,24242,0.7073285578319892,104,64,30713,33705,9086,5237,9754,10838,45399,36125,0,0,6978,4362,16881,3027,10080,1535,1465,0,0,5842,39739,1804,8102,0,0,0,0,0
896,732,897.0046581828537,99815,195,116,145,36,46380,24253,0.7076391323949306,107,66,30737,33735,9075,5235,9739,10810,45406,36139,0,0,6963,4355,16880,3031,10087,1537,1466,0,0,5859,39735,1801,8101,0,0,0,0,0
897,732,898.2249638295799,99815,183,120,145,36,46406,24276,0.7081300405750639,110,67,30794,33771,9065,5234,9701,10770,45413,36153,0,0,6949,4346,16879,3033,10104,1539,1469,0,0,5884,39717,1796,8099,0,0,0,0,0
898,732,899.037268603409,99815,182,120,145,36,46426,24291,0.7084806892751591,106,65,30823,33794,9060,5237,9682,10746,45419,36166,0,0,6941,4340,16876,3027,10121,1542,1471,0,0,5897,39708,1794,8098,0,0,0,0,0
899,732,900.2543567649547,99814,178,119,145,37,46452,24302,0.7088584767667863,117,88,30859,33809,9055,5221,9644,10724,45419,36166,0,0,6937,4339,16866,3027,10136,1544,1475,0,0,5912,39690,1794,8094,0,0,0,0,0
900,732,900.2543567649547,99814,186,123,145,37,46464,24309,0.7090488308253351,125,89,30866,33817,9038,5216,9638,10716,45425,36179,0,0,6931,4334,16869,3024,10142,1545,1473,0,3,5914,39693,1792,8094,0,0,0,0,0
901,732,901.0646375221859,99814,195,135,145,37,46495,24335,0.7096198930009818,122,76,30875,33843,9038,5218,9623,10689,45431,36192,0,0,6920,4327,16870,3025,10154,1548,1472,3,18,5910,39686,1789,8092,0,0,0,0,0
902,732,902.2791922823425,99814,207,137,145,37,46537,24357,0.7102610856192518,116,83,30913,33900,9016,5205,9601,10636,45437,36205,0,0,6912,4315,16870,3029,10167,1552,1468,5,40,5910,39670,1787,8089,0,0,0,0,0
903,732,903.088011319267,99814,190,132,145,37,46557,24365,0.7105416073897449,137,82,30922,33926,9020,5206,9584,10615,45443,36218,0,0,6897,4305,16865,3029,10186,1555,1467,12,57,5909,39661,1786,8085,0,0,0,0,0
904,732,904.3004280337216,99814,202,131,145,37,46601,24387,0.7112028372773358,139,85,30964,33976,9011,5199,9537,10570,45449,36231,0,0,6887,4299,16858,3024,10199,1564,1465,15,77,5910,39648,1783,8085,0,0,0,0,0
905,732,905.1078022851013,99814,201,135,145,37,46631,24408,0.7117137876450197,137,84,30985,34003,9013,5196,9517,10543,45455,36244,0,0,6876,4291,16857,3024,10215,1568,1464,17,98,5907,39636,1781,8080,0,0,0,0,0
906,732,906.3177062467431,99814,214,139,145,37,46670,24433,0.7123549802632897,146,84,31004,34039,8999,5196,9490,10503,45461,36257,0,0,6865,4280,16856,3028,10226,1575,1463,22,112,5905,39628,1777,8077,0,0,0,0,0
907,732,907.1237236959639,99814,228,141,145,37,46704,24447,0.7128358747269922,148,93,31018,34054,8985,5193,9474,10480,45467,36270,0,0,6854,4274,16856,3025,10236,1578,1460,25,126,5906,39622,1776,8076,0,0,0,0,0
908,732,908.3317906067929,99814,226,136,145,37,46751,24479,0.7136273468651693,149,91,31043,34079,9002,5206,9433,10449,45473,36283,0,0,6839,4262,16848,3030,10263,1581,1456,35,162,5905,39590,1772,8071,0,0,0,0,0
909,732,909.1365881839298,99814,217,144,145,37,46770,24504,0.7140681667902298,159,88,31074,34105,8983,5210,9420,10414,45479,36296,0,0,6832,4254,16840,3026,10289,1583,1454,39,175,5904,39580,1768,8070,0,0,0,0,0
910,732,910.3426227718252,99814,216,146,145,37,46819,24535,0.7148696575630673,162,87,31105,34141,8986,5208,9384,10379,45485,36309,0,0,6821,4237,16836,3036,10301,1592,1451,43,207,5904,39555,1764,8067,0,0,0,0,0
911,732,911.14587364985,99814,209,144,145,37,46841,24551,0.7152503656801651,165,86,31126,34165,8978,5212,9375,10354,45491,36322,0,0,6812,4229,16833,3038,10314,1595,1446,47,227,5905,39540,1759,8069,0,0,0,0,0
912,732,912.3497208210202,99814,217,143,145,37,46890,24574,0.7159717073757188,162,81,31165,34218,8970,5211,9339,10308,45497,36335,0,0,6801,4220,16833,3037,10327,1603,1444,53,255,5902,39517,1755,8067,0,0,0,0,0
913,732,913.1515034655647,99814,225,145,145,37,46923,24594,0.7165026950127237,165,81,31198,34235,8958,5210,9307,10290,45503,36348,0,0,6790,4215,16833,3033,10342,1605,1442,56,280,5900,39500,1755,8063,0,0,0,0,0
914,732,914.352419005707,99814,242,136,145,37,46978,24614,0.7172540926122588,150,85,31247,34272,8946,5216,9268,10252,45509,36360,0,0,6777,4210,16828,3033,10359,1611,1441,59,313,5897,39477,1752,8057,0,0,0,0,0
915,732,915.1519328120362,99814,238,140,145,37,47003,24632,0.717684893902659,164,83,31248,34307,8945,5217,9258,10214,45515,36372,0,0,6767,4202,16823,3033,10370,1621,1439,62,322,5895,39475,1751,8054,0,0,0,0,0
916,732,916.3505226769838,99814,264,144,145,37,47064,24661,0.7185865710221011,159,92,31280,34339,8928,5217,9222,10169,45521,36384,0,0,6754,4194,16816,3038,10397,1625,1438,67,337,5889,39468,1745,8046,0,0,0,0,0
917,732,917.1488867510138,99814,262,156,145,37,47097,24685,0.7191576331977478,161,88,31302,34354,8926,5215,9202,10148,45527,36396,0,0,6740,4187,16812,3045,10406,1629,1433,74,355,5889,39457,1741,8046,0,0,0,0,0
918,732,918.3455000998916,99813,277,152,145,38,47153,24711,0.7199863745203531,166,90,31325,34407,8917,5215,9168,10096,45533,36408,0,0,6723,4181,16801,3049,10427,1634,1427,83,380,5889,39439,1738,8042,0,0,0,0,0
919,732,919.1425503262292,99813,274,158,145,38,47182,24730,0.7204672738020098,189,99,31325,34428,8917,5210,9148,10065,45539,36420,0,0,6709,4174,16798,3055,10433,1642,1426,87,393,5888,39435,1733,8040,0,0,0,0,0
920,732,920.3373901230093,99813,289,157,145,38,47243,24759,0.7213689599551161,182,104,31356,34450,8919,5219,9107,10030,45545,36432,0,0,6693,4167,16790,3057,10452,1650,1422,97,420,5885,39413,1729,8038,0,0,0,0,0
921,732,921.1332314781964,99813,297,150,145,38,47287,24779,0.722010158997325,178,111,31363,34477,8924,5229,9091,9993,45551,36444,0,0,6681,4159,16789,3062,10465,1655,1420,102,450,5881,39390,1723,8036,0,0,0,0,0
922,732,922.3263510215615,99813,293,153,145,38,47338,24813,0.7228617514752588,196,110,31400,34514,8917,5230,9047,9953,45557,36456,0,0,6669,4154,16784,3059,10492,1662,1417,111,486,5878,39355,1718,8028,0,0,0,0,0
923,732,923.1209533911591,99813,282,166,145,38,47373,24840,0.7234829130473986,215,104,31400,34526,8930,5229,9026,9935,45563,36468,0,0,6658,4146,16781,3061,10509,1671,1415,118,501,5873,39344,1711,8025,0,0,0,0,0
924,732,924.3123499023789,99813,289,174,145,38,47437,24870,0.724424674140643,206,114,31427,34551,8952,5223,8979,9898,45569,36480,0,0,6638,4139,16770,3061,10534,1675,1413,127,533,5869,39323,1708,8023,0,0,0,0,0
925,732,925.1060217190104,99813,291,170,145,38,47475,24889,0.7249957420376103,200,121,31457,34573,8953,5237,8952,9859,45575,36492,0,0,6626,4135,16766,3061,10547,1679,1407,134,563,5870,39298,1704,8023,0,0,0,0,0
926,732,926.2955475173954,99813,314,180,145,38,47543,24921,0.7259976155410618,196,125,31476,34597,8958,5239,8909,9819,45581,36504,0,0,6615,4122,16761,3066,10574,1682,1404,140,584,5868,39282,1700,8015,0,0,0,0,0
927,732,927.087806475294,99813,313,178,145,38,47581,24944,0.7266087583781672,195,133,31487,34610,8965,5248,8893,9791,45587,36516,0,0,6603,4116,16756,3065,10591,1693,1402,142,607,5866,39269,1700,8003,0,0,0,0,0
928,732,928.2757324239153,99813,313,192,145,38,47635,24986,0.7275705569414805,204,121,31493,34652,8979,5244,8864,9751,45593,36528,0,0,6586,4108,16758,3066,10601,1707,1398,154,635,5862,39246,1697,7995,0,0,0,0,0
929,732,929.0673776445124,99813,318,196,145,38,47680,25011,0.7282718683938966,202,122,31505,34657,8982,5249,8846,9736,45598,36540,0,0,6571,4100,16754,3067,10613,1714,1398,159,661,5859,39230,1694,7993,0,0,0,0,0
930,732,930.2542263865853,99813,304,197,145,38,47742,25053,0.7293138168374861,200,115,31527,34687,9010,5263,8812,9698,45603,36551,0,0,6556,4088,16735,3073,10649,1719,1396,164,716,5853,39185,1691,7988,0,0,0,0,0
931,732,931.0450785054194,99813,303,208,145,38,47782,25081,0.729995090819833,208,113,31522,34708,9025,5259,8795,9672,45608,36562,0,0,6546,4078,16733,3073,10662,1726,1394,169,737,5852,39169,1687,7987,0,0,0,0,0
932,732,932.2311922905869,99813,315,209,145,38,47840,25118,0.7309468706481119,205,117,31548,34730,9014,5268,8771,9636,45613,36573,0,0,6532,4067,16727,3079,10682,1731,1390,176,774,5852,39139,1686,7978,0,0,0,0,0
933,732,933.0213749992444,99813,318,209,145,38,47871,25144,0.7315179385450793,228,116,31563,34742,8995,5276,8749,9617,45618,36584,0,0,6522,4056,16725,3082,10700,1733,1389,180,798,5851,39121,1684,7972,0,0,0,0,0
934,732,934.2057448835009,99813,319,215,145,38,47931,25182,0.7324997745784617,245,112,31582,34772,8999,5288,8708,9573,45623,36595,0,0,6504,4052,16707,3087,10729,1741,1386,188,829,5846,39100,1678,7966,0,0,0,0,0
935,732,935.3891672668974,99813,334,216,145,38,48005,25217,0.7335918166972238,250,111,31585,34828,9011,5288,8673,9517,45628,36606,0,0,6491,4044,16697,3089,10750,1753,1383,195,864,5841,39071,1674,7961,0,0,0,0,0
936,732,936.1777974576464,99812,351,222,146,38,48058,25240,0.7343605979240974,240,113,31594,34845,9011,5284,8656,9496,45633,36617,0,0,6479,4035,16689,3094,10765,1758,1380,200,881,5839,39060,1672,7960,0,0,0,0,0
937,732,937.3601417551721,99812,371,225,146,38,48132,25269,0.7353925379713862,242,134,31615,34862,9013,5289,8611,9450,45638,36628,0,0,6473,4028,16672,3098,10787,1768,1379,201,916,5838,39030,1667,7955,0,0,0,0,0
938,732,938.1477274659645,99812,396,216,146,38,48199,25291,0.7362842143229271,226,134,31627,34878,9017,5304,8586,9428,45643,36639,0,0,6463,4020,16659,3103,10807,1776,1376,203,946,5833,39008,1665,7953,0,0,0,0,0
939,732,939.3284935682073,99811,398,214,147,38,48267,25331,0.7373736361723657,246,138,31630,34902,9023,5321,8554,9385,45648,36650,0,0,6450,4012,16633,3103,10841,1787,1376,210,986,5829,38973,1661,7950,0,0,0,0,0
940,732,940.1154481097301,99811,397,206,147,38,48311,25357,0.7380749616775706,260,141,31639,34904,9031,5347,8524,9362,45653,36661,0,0,6437,4002,16622,3110,10866,1793,1375,214,1017,5826,38951,1658,7940,0,0,0,0,0
941,732,941.2953428287677,99810,401,208,148,38,48386,25396,0.739224526600541,245,146,31641,34940,9072,5354,8491,9312,45658,36672,0,0,6420,3986,16605,3121,10890,1803,1372,223,1054,5823,38919,1656,7938,0,0,0,0,0
942,732,942.0819029541187,99810,414,217,148,38,48445,25436,0.7402164111812444,233,130,31656,34963,9082,5365,8465,9285,45663,36683,0,0,6408,3982,16594,3118,10921,1810,1371,230,1080,5817,38898,1651,7930,0,0,0,0,0
943,732,943.2611077899927,99810,418,227,148,38,48519,25479,0.7413886384129846,258,113,31649,35006,9103,5368,8422,9246,45668,36694,0,0,6394,3971,16587,3118,10951,1814,1369,237,1132,5814,38852,1651,7920,0,0,0,0,0
944,732,944.0471246473829,99810,423,231,148,38,48564,25501,0.742059913836289,269,129,31653,35020,9103,5359,8402,9221,45673,36705,0,0,6379,3971,16575,3113,10974,1817,1368,242,1159,5812,38835,1650,7915,0,0,0,0,0
945,732,945.2258884175507,99810,437,232,148,38,48658,25546,0.7434525598637411,251,135,31657,35023,9128,5383,8377,9187,45678,36716,0,0,6363,3964,16549,3113,11008,1827,1367,250,1215,5808,38787,1645,7914,0,0,0,0,0
946,732,946.0114898540717,99810,440,236,148,38,48698,25575,0.7441438733593828,266,137,31663,35038,9123,5388,8358,9161,45683,36727,0,0,6351,3955,16545,3113,11027,1833,1367,256,1238,5805,38769,1643,7908,0,0,0,0,0
947,732,947.189389918371,99810,450,237,148,38,48771,25620,0.7453261196272919,281,134,31674,35058,9119,5405,8326,9126,45688,36738,0,0,6334,3945,16532,3114,11059,1842,1367,268,1277,5799,38734,1638,7901,0,0,0,0,0
948,732,948.366667079318,99810,478,225,148,38,48856,25651,0.7464883278228635,291,154,31668,35076,9126,5420,8287,9085,45693,36749,0,0,6325,3936,16526,3118,11082,1848,1364,273,1329,5796,38686,1630,7897,0,0,0,0,0
949,732,949.1514561638882,99809,468,221,149,38,48900,25676,0.7471871274133595,326,159,31644,35084,9146,5432,8265,9064,45698,36759,0,0,6313,3929,16515,3120,11108,1853,1361,280,1363,5793,38657,1625,7892,0,0,0,0,0
950,732,950.3289560692723,99809,480,226,149,38,48994,25723,0.748599825667024,339,163,31633,35100,9179,5446,8218,9025,45703,36769,0,0,6297,3920,16495,3127,11133,1866,1357,287,1416,5790,38610,1623,7888,0,0,0,0,0
951,732,951.1139450294884,99809,499,232,149,38,49056,25755,0.7495416245028004,333,171,31642,35099,9188,5452,8187,9006,45708,36779,0,0,6283,3911,16492,3128,11151,1871,1354,297,1443,5792,38586,1621,7880,0,0,0,0,0
952,732,952.2910347641517,99809,525,230,149,38,49155,25795,0.7509342844833632,337,185,31631,35100,9211,5470,8145,8975,45713,36789,0,0,6263,3904,16472,3128,11183,1883,1354,308,1485,5786,38553,1618,7872,0,0,0,0,0
953,732,953.0756487137254,99809,523,239,149,38,49217,25831,0.7519161598653428,337,185,31636,35099,9239,5485,8114,8952,45718,36799,0,0,6247,3893,16459,3128,11214,1891,1354,315,1511,5781,38535,1614,7867,0,0,0,0,0
954,732,954.252412324335,99809,532,248,149,38,49320,25883,0.7534691260307187,329,191,31645,35115,9269,5501,8074,8905,45723,36809,0,0,6232,3886,16428,3129,11267,1901,1352,323,1556,5775,38496,1607,7857,0,0,0,0,0
955,732,955.0365933296598,99809,541,254,149,38,49388,25925,0.754571231051308,324,174,31629,35126,9290,5521,8065,8885,45728,36819,0,0,6215,3879,16415,3129,11306,1903,1351,333,1591,5771,38467,1603,7846,0,0,0,0,0
956,732,956.2133586065653,99808,561,272,150,38,49507,25980,0.7563221385059314,326,166,31607,35145,9333,5532,8021,8845,45733,36829,0,0,6197,3869,16396,3127,11359,1911,1350,342,1638,5766,38426,1599,7828,0,0,0,0,0
957,732,957.3906351106413,99808,548,263,150,38,49589,26029,0.7576346585444053,349,178,31599,35160,9369,5558,7983,8801,45738,36839,0,0,6191,3852,16369,3134,11411,1926,1346,344,1692,5759,38376,1595,7813,0,0,0,0,0
958,732,958.175607589149,99808,575,276,150,38,49670,26069,0.75884698621353,336,178,31585,35160,9386,5574,7966,8772,45743,36849,0,0,6180,3842,16359,3135,11436,1932,1346,347,1725,5755,38350,1594,7807,0,0,0,0,0
959,732,959.3534229978662,99808,578,279,150,38,49773,26117,0.7603598909907021,350,185,31566,35172,9427,5600,7927,8724,45748,36859,0,0,6167,3835,16330,3137,11490,1942,1343,355,1776,5752,38302,1587,7792,0,0,0,0,0
960,732,960.1388429119627,99808,574,284,150,38,49840,26154,0.7614018916319333,364,193,31548,35177,9461,5607,7901,8699,45753,36869,0,0,6156,3823,16315,3143,11526,1950,1340,362,1810,5749,38270,1584,7780,0,0,0,0,0
961,732,961.317323991118,99808,578,292,150,38,49954,26213,0.7631352196216736,358,194,31519,35181,9524,5635,7869,8658,45758,36879,0,0,6134,3812,16295,3156,11570,1963,1336,374,1863,5740,38222,1578,7765,0,0,0,0,0
962,732,962.1035403156259,99808,590,294,150,38,50027,26254,0.7642774126322539,354,191,31498,35186,9557,5655,7849,8634,45763,36889,0,0,6115,3805,16284,3158,11600,1968,1335,385,1906,5732,38187,1573,7760,0,0,0,0,0
963,732,963.2837241836522,99808,604,286,150,38,50128,26311,0.7658604520679705,345,189,31495,35207,9584,5687,7820,8591,45768,36899,0,0,6090,3799,16263,3157,11643,1983,1333,401,1961,5720,38140,1568,7750,0,0,0,0,0
964,732,964.0706412635989,99808,589,308,150,38,50188,26354,0.7668924334722668,363,192,31481,35200,9618,5694,7797,8566,45773,36909,0,0,6073,3792,16251,3165,11668,1992,1330,407,1993,5716,38117,1562,7742,0,0,0,0,0
965,732,965.251492117984,99808,599,316,150,38,50302,26420,0.7686958961205514,367,183,31450,35207,9663,5725,7769,8529,45778,36919,0,0,6054,3783,16225,3168,11714,2007,1323,420,2052,5714,38062,1558,7728,0,0,0,0,0
966,732,966.0392108173382,99808,586,311,150,38,50361,26454,0.7696276851554985,386,191,31443,35220,9686,5740,7747,8498,45782,36929,0,0,6040,3774,16203,3165,11757,2014,1321,429,2091,5713,38027,1557,7717,0,0,0,0,0
967,732,967.221069317223,99808,599,305,150,38,50475,26505,0.7712808592497595,390,213,31426,35222,9718,5762,7715,8458,45786,36939,0,0,6024,3768,16183,3168,11809,2021,1318,439,2160,5705,37961,1549,7703,0,0,0,0,0
968,732,968.0091847649768,99808,623,314,150,38,50561,26549,0.7725833600512985,378,210,31401,35217,9747,5782,7699,8437,45790,36949,0,0,6005,3761,16169,3173,11838,2025,1316,451,2199,5703,37927,1545,7696,0,0,0,0,0
969,732,969.1919735573127,99808,640,323,150,38,50680,26609,0.7743768034626483,390,224,31376,35219,9783,5798,7659,8396,45794,36959,0,0,5984,3750,16152,3178,11876,2040,1310,464,2256,5697,37876,1543,7682,0,0,0,0,0
970,732,970.3752133938955,99807,636,323,151,38,50779,26665,0.7759375594898154,415,241,31347,35225,9823,5828,7626,8343,45798,36968,0,0,5968,3739,16127,3179,11928,2051,1308,475,2314,5690,37819,1537,7672,0,0,0,0,0
971,732,971.1643424772227,99806,663,330,151,39,50861,26709,0.7772077830992125,421,243,31343,35222,9830,5850,7590,8314,45802,36977,0,0,5957,3736,16110,3173,11955,2063,1307,482,2347,5687,37790,1532,7667,0,0,0,0,0
972,732,972.3480747594405,99805,675,344,151,40,50979,26776,0.7790691849105756,452,243,31305,35245,9874,5867,7541,8259,45806,36986,0,0,5943,3718,16087,3191,11990,2081,1300,492,2398,5679,37740,1528,7658,0,0,0,0,0
973,732,973.1375655307756,99804,683,341,152,40,51059,26818,0.7802993867981243,462,250,31289,35245,9896,5897,7516,8225,45810,36995,0,0,5934,3711,16063,3192,12025,2094,1295,498,2440,5678,37700,1525,7649,0,0,0,0,0
974,732,974.3225749180747,99804,685,346,152,40,51182,26884,0.7821930984730071,460,263,31259,35247,9968,5924,7474,8178,45814,37004,0,0,5917,3700,16037,3199,12069,2112,1291,507,2517,5669,37628,1523,7635,0,0,0,0,0
975,732,975.1130251468619,99804,699,357,152,40,51261,26936,0.7835056711153862,462,262,31248,35241,9986,5948,7451,8150,45818,37013,0,0,5910,3691,16030,3199,12104,2120,1287,511,2558,5660,37586,1522,7626,0,0,0,0,0
976,732,976.2990426895772,99803,714,391,153,40,51394,27028,0.7857679628868872,480,236,31207,35256,10034,5971,7410,8104,45822,37022,0,0,5892,3677,15991,3207,12167,2132,1284,523,2618,5651,37529,1518,7614,0,0,0,0,0
977,732,977.0902736241145,99803,742,394,153,40,51514,27081,0.7875013777140968,443,233,31179,35247,10090,6004,7391,8080,45826,37031,0,0,5878,3668,15968,3215,12207,2144,1279,530,2672,5645,37478,1514,7605,0,0,0,0,0
978,732,978.2785095157691,99803,755,405,153,40,51648,27163,0.7896656413133873,466,236,31117,35239,10154,6046,7353,8032,45830,37040,0,0,5859,3660,15941,3210,12264,2158,1277,544,2754,5639,37397,1512,7588,0,0,0,0,0
979,732,979.071578372313,99803,744,391,153,40,51725,27203,0.7908379507630031,470,260,31106,35230,10195,6077,7330,8000,45834,37049,0,0,5841,3649,15922,3208,12299,2171,1277,556,2813,5635,37342,1510,7580,0,0,0,0,0
980,732,980.262131504314,99803,752,389,153,40,51868,27272,0.7929621354067513,466,272,31061,35233,10270,6113,7296,7951,45838,37058,0,0,5824,3634,15896,3223,12336,2191,1269,567,2905,5633,37254,1504,7567,0,0,0,0,0
981,732,981.0566018577288,99803,782,393,153,40,51976,27326,0.7945853331062193,452,267,31041,35226,10300,6147,7270,7925,45842,37067,0,0,5810,3624,15885,3230,12362,2204,1267,575,2958,5623,37204,1500,7561,0,0,0,0,0
982,732,982.2491844386346,99803,791,411,153,40,52095,27408,0.7965993006222258,468,272,31016,35227,10346,6172,7224,7876,45846,37076,0,0,5801,3608,15861,3235,12410,2220,1265,581,3026,5620,37138,1493,7545,0,0,0,0,0
983,732,983.0444515918008,99803,798,410,153,40,52186,27461,0.7980421430217528,466,286,30989,35213,10383,6199,7209,7850,45850,37085,0,0,5782,3602,15838,3236,12451,2231,1262,593,3078,5616,37089,1489,7536,0,0,0,0,0
984,732,984.2383352119542,99803,795,405,153,40,52323,27533,0.8001362684488442,477,297,30955,35196,10451,6243,7167,7817,45854,37094,0,0,5763,3592,15809,3247,12506,2247,1258,605,3173,5606,36993,1484,7520,0,0,0,0,0
985,732,985.0350002056906,99803,811,433,153,40,52430,27609,0.8019698806649098,479,272,30903,35183,10507,6272,7145,7798,45858,37103,0,0,5751,3579,15784,3254,12548,2260,1257,611,3218,5602,36948,1480,7511,0,0,0,0,0
986,732,986.2317308097706,99803,817,447,153,40,52579,27700,0.804374617997455,478,274,30848,35156,10600,6318,7102,7763,45862,37112,0,0,5736,3566,15744,3263,12612,2279,1253,621,3305,5596,36861,1475,7492,0,0,0,0,0
987,732,987.0306605785338,99803,816,459,153,40,52670,27762,0.8059076380469525,499,278,30812,35128,10651,6348,7067,7745,45866,37121,0,0,5726,3552,15723,3265,12658,2291,1250,629,3358,5586,36809,1472,7484,0,0,0,0,0
988,732,988.230429043209,99803,836,458,153,40,52831,27835,0.808252256946184,506,296,30762,35124,10723,6386,7018,7694,45870,37130,0,0,5704,3541,15696,3271,12717,2307,1246,647,3443,5576,36721,1466,7468,0,0,0,0,0
989,732,989.0310988091832,99802,866,442,154,40,52941,27876,0.8097733512354461,502,317,30716,35120,10763,6416,6997,7663,45874,37139,0,0,5691,3528,15674,3274,12753,2320,1242,657,3497,5573,36668,1465,7460,0,0,0,0,0
990,732,990.2336914667611,99802,868,466,154,40,53084,27981,0.8122582713773271,522,319,30673,35091,10834,6465,6947,7617,45878,37148,0,0,5670,3510,15639,3289,12812,2340,1239,672,3575,5566,36590,1458,7442,0,0,0,0,0
991,732,991.0362636736693,99802,876,488,154,40,53185,28053,0.8139917035730747,535,322,30633,35065,10876,6488,6924,7595,45882,37157,0,0,5656,3501,15614,3286,12858,2356,1237,683,3622,5561,36542,1457,7429,0,0,0,0,0
992,732,992.241296266295,99801,904,482,155,40,53360,28124,0.8164647648821154,531,333,30562,35067,10957,6533,6889,7543,45886,37166,0,0,5634,3478,15588,3299,12912,2374,1234,699,3707,5554,36457,1454,7411,0,0,0,0,0
993,732,993.045907822949,99801,897,495,155,40,53462,28189,0.8181380948086693,562,346,30524,35045,11015,6556,6845,7516,45890,37175,0,0,5616,3469,15555,3306,12969,2390,1231,710,3751,5547,36416,1449,7392,0,0,0,0,0
994,732,994.254373984073,99801,902,513,155,40,53622,28292,0.8207733389444996,567,337,30473,35016,11097,6609,6804,7483,45894,37183,0,0,5595,3454,15518,3323,13030,2415,1226,726,3834,5530,36328,1442,7380,0,0,0,0,0
995,732,995.0609916485232,99800,904,526,156,40,53733,28361,0.8225851703406813,577,330,30436,34997,11143,6649,6782,7456,45898,37191,0,0,5578,3438,15492,3328,13087,2423,1223,737,3895,5523,36269,1441,7366,0,0,0,0,0
996,732,996.2724526080198,99800,908,558,156,40,53899,28476,0.8254008016032064,591,312,30376,34981,11226,6692,6741,7415,45902,37199,0,0,5553,3423,15452,3344,13145,2449,1217,758,3986,5508,36179,1435,7351,0,0,0,0,0
997,732,997.0811955676564,99800,922,546,156,40,54018,28527,0.8271042084168336,609,338,30332,34964,11273,6722,6706,7388,45906,37207,0,0,5532,3413,15425,3347,13186,2467,1213,773,4049,5506,36119,1433,7337,0,0,0,0,0
998,732,998.2962250088912,99800,983,564,156,40,54234,28631,0.830310621242485,594,326,30264,34938,11352,6772,6649,7358,45910,37215,0,0,5513,3396,15401,3359,13238,2491,1211,784,4146,5496,36022,1428,7315,0,0,0,0,0
999,732,999.1073222783941,99800,962,573,156,40,54342,28701,0.8320941883767535,614,337,30208,34912,11430,6814,6628,7322,45914,37223,0,0,5490,3386,15380,3358,13283,2514,1210,802,4207,5485,35959,1423,7303,0,0,0,0,0
1000,732,1000.3261033205031,99800,965,585,156,40,54528,28799,0.834939879759519,594,347,30164,34888,11542,6864,6577,7274,45918,37231,0,0,5468,3371,15341,3372,13347,2547,1207,818,4291,5473,35869,1414,7282,0,0,0,0,0
1001,732,1001.1398678000077,99800,978,599,156,40,54654,28876,0.8369739478957916,597,339,30133,34862,11587,6908,6547,7250,45922,37239,0,0,5445,3367,15319,3368,13386,2569,1203,835,4359,5467,35806,1410,7266,0,0,0,0,0
1002,732,1002.3616798692337,99798,979,578,158,40,54833,28966,0.839686166055432,631,362,30057,34838,11686,6979,6487,7201,45926,37247,0,0,5423,3352,15269,3383,13478,2595,1200,849,4444,5453,35717,1398,7237,0,0,0,0,0
1003,732,1003.1776628206457,99798,1002,572,158,40,54954,29039,0.8416300927874306,625,352,30025,34827,11730,7023,6458,7184,45930,37255,0,0,5406,3348,15243,3385,13527,2611,1197,860,4517,5441,35644,1394,7225,0,0,0,0,0
1004,732,1004.4032274956046,99798,1019,592,158,40,55152,29152,0.8447463877031604,647,356,29936,34794,11824,7075,6414,7141,45934,37263,0,0,5386,3329,15197,3405,13602,2635,1187,876,4609,5432,35549,1386,7205,0,0,0,0,0
1005,732,1005.2219434889623,99798,1036,582,158,40,55281,29217,0.8466903144351591,627,352,29905,34785,11879,7122,6393,7117,45938,37271,0,0,5367,3322,15173,3410,13655,2653,1181,891,4666,5425,35485,1378,7192,0,0,0,0,0
1006,732,1006.0417337076503,99798,1048,586,158,40,55418,29304,0.8489348483937554,639,362,29866,34746,11921,7173,6366,7091,45942,37279,0,0,5350,3310,15143,3416,13716,2670,1176,903,4742,5413,35407,1374,7178,0,0,0,0,0
1007,732,1007.272891229534,99798,1066,622,158,40,55611,29439,0.8522214874045572,631,352,29784,34709,12030,7227,6329,7048,45946,37287,0,0,5327,3291,15091,3423,13804,2693,1173,920,4829,5406,35317,1369,7155,0,0,0,0,0
1008,732,1008.0951924020324,99798,1062,630,158,40,55736,29512,0.8542054951001022,643,363,29726,34684,12111,7263,6298,7018,45950,37295,0,0,5307,3279,15053,3430,13866,2707,1171,935,4896,5400,35248,1364,7142,0,0,0,0,0
1009,732,1009.3312810922399,99798,1063,632,158,40,55901,29632,0.8570612637527806,642,369,29678,34642,12200,7340,6257,6975,45954,37303,0,0,5284,3269,15015,3434,13946,2733,1167,956,4997,5385,35138,1355,7119,0,0,0,0,0
1010,732,1010.1566077337104,99798,1059,631,158,40,56015,29711,0.8589951702438927,667,384,29627,34611,12253,7385,6234,6947,45958,37311,0,0,5267,3259,14978,3446,14006,2747,1163,966,5075,5378,35063,1347,7103,0,0,0,0,0
1011,732,1011.3965796690644,99798,1071,647,158,40,56232,29852,0.8625824164812922,650,339,29568,34592,12365,7468,6186,6912,45962,37319,0,0,5245,3238,14943,3462,14067,2797,1161,981,5189,5360,34945,1338,7072,0,0,0,0,0
1012,732,1012.2248262904835,99798,1087,630,158,40,56367,29917,0.8645864646586104,644,348,29530,34573,12418,7517,6161,6890,45966,37327,0,0,5232,3229,14908,3457,14137,2817,1158,990,5249,5356,34876,1336,7053,0,0,0,0,0
1013,732,1013.0541345718178,99798,1093,616,158,40,56488,29987,0.8665003306679493,643,362,29491,34547,12467,7571,6146,6862,45970,37335,0,0,5217,3215,14875,3466,14198,2834,1155,1000,5317,5349,34806,1331,7035,0,0,0,0,0
1014,732,1014.3000179272332,99798,1067,621,158,40,56677,30112,0.8696466863063388,655,364,29408,34514,12601,7634,6109,6825,45974,37343,0,0,5188,3200,14823,3485,14293,2869,1151,1020,5416,5325,34696,1319,7013,0,0,0,0,0
1015,732,1015.1325531959839,99798,1058,633,158,40,56816,30195,0.871871179783162,647,346,29364,34508,12684,7671,6087,6800,45978,37351,0,0,5169,3191,14792,3487,14364,2891,1151,1032,5481,5314,34624,1312,6990,0,0,0,0,0
1016,732,1016.384035278863,99798,1069,644,158,40,57008,30301,0.8748572115673661,663,382,29299,34463,12772,7721,6037,6748,45982,37359,0,0,5139,3173,14747,3495,14439,2918,1144,1059,5570,5303,34532,1306,6973,0,0,0,0,0
1017,732,1017.2194882257613,99798,1082,647,158,40,57152,30374,0.8770316038397563,661,378,29257,34453,12836,7754,6004,6726,45986,37367,0,0,5125,3164,14716,3500,14501,2943,1142,1063,5627,5290,34474,1301,6952,0,0,0,0,0
1018,732,1018.0560941737322,99797,1102,654,158,41,57290,30454,0.8792248263975871,672,396,29208,34424,12880,7790,5978,6693,45989,37375,0,0,5109,3159,14686,3501,14555,2968,1140,1070,5682,5277,34415,1297,6938,0,0,0,0,0
1019,732,1019.3133181299448,99797,1093,655,158,41,57482,30569,0.8823010711744842,704,391,29111,34403,12990,7861,5942,6647,45992,37383,0,0,5082,3146,14631,3503,14643,2995,1137,1092,5802,5267,34289,1289,6921,0,0,0,0,0
1020,732,1020.153310722473,99797,1110,662,158,41,57637,30652,0.8846859124021764,695,387,29063,34383,13057,7901,5915,6624,45995,37391,0,0,5064,3131,14596,3514,14707,3012,1133,1103,5873,5258,34214,1282,6910,0,0,0,0,0
1021,732,1021.4160304526976,99794,1096,661,161,41,57829,30768,0.8877988656632664,719,393,28981,34358,13176,7971,5865,6574,45998,37399,0,0,5046,3112,14562,3521,14791,3045,1127,1118,5984,5242,34088,1272,6886,0,0,0,0,0
1022,732,1022.2597140805989,99794,1122,681,161,41,57995,30864,0.8904242740044491,702,377,28945,34340,13246,8017,5822,6542,46001,37406,0,0,5023,3097,14527,3527,14861,3065,1125,1136,6044,5232,34024,1268,6865,0,0,0,0,0
1023,732,1023.1046120957956,99793,1137,675,161,42,58146,30943,0.8927379675929173,694,390,28907,34313,13310,8073,5789,6505,46004,37413,0,0,5004,3086,14493,3535,14921,3089,1122,1148,6111,5221,33949,1263,6851,0,0,0,0,0
1024,732,1024.3736114837677,99793,1167,665,161,42,58376,31063,0.8962452276211759,691,397,28822,34272,13401,8163,5756,6459,46007,37420,0,0,4974,3074,14435,3549,15003,3125,1120,1167,6229,5202,33829,1257,6829,0,0,0,0,0
1025,732,1025.2215043178646,99792,1155,655,161,43,58517,31149,0.8985289401956069,692,398,28791,34249,13474,8226,5725,6427,46010,37427,0,0,4960,3057,14401,3559,15064,3151,1115,1175,6317,5196,33735,1252,6810,0,0,0,0,0
1026,732,1026.0705323270424,99792,1174,678,161,43,58665,31237,0.9008938592271926,687,388,28734,34219,13545,8264,5697,6406,46013,37434,0,0,4938,3044,14381,3562,15100,3181,1109,1193,6374,5186,33674,1250,6800,0,0,0,0,0
1027,732,1027.346723611395,99792,1197,651,161,43,58901,31349,0.9043811127144461,679,405,28650,34171,13663,8350,5648,6378,46016,37441,0,0,4910,3032,14319,3570,15200,3215,1102,1214,6494,5174,33540,1245,6777,0,0,0,0,0
1028,732,1028.1995656568936,99792,1204,662,161,43,59051,31448,0.906876302709636,694,395,28586,34140,13731,8407,5622,6351,46019,37448,0,0,4897,3023,14289,3582,15262,3236,1095,1219,6584,5163,33447,1240,6755,0,0,0,0,0
1029,732,1029.0539384306358,99792,1191,672,161,43,59187,31529,0.9090508257174924,693,404,28565,34109,13800,8446,5588,6324,46022,37455,0,0,4882,3011,14264,3575,15334,3256,1092,1230,6650,5159,33371,1237,6731,0,0,0,0,0
1030,732,1030.3374885087762,99792,1202,687,161,43,59398,31667,0.9125481000481,710,408,28490,34032,13890,8533,5545,6295,46025,37462,0,0,4855,2998,14222,3575,15409,3297,1089,1252,6760,5144,33252,1230,6709,0,0,0,0,0
1031,732,1031.194538950966,99792,1226,697,161,43,59571,31750,0.9151134359467693,714,408,28427,34006,13951,8577,5519,6267,46028,37469,0,0,4841,2981,14194,3588,15463,3323,1084,1258,6835,5134,33179,1222,6690,0,0,0,0,0
1032,732,1032.0531321511592,99792,1199,705,161,43,59709,31841,0.9174082090748757,738,400,28358,33978,14046,8631,5496,6241,46031,37476,0,0,4824,2967,14162,3598,15525,3353,1081,1271,6912,5118,33092,1213,6676,0,0,0,0,0
1033,732,1033.344374952285,99791,1213,705,161,44,59930,31974,0.9209648164664148,729,391,28284,33947,14153,8711,5458,6200,46034,37483,0,0,4799,2933,14109,3628,15613,3389,1076,1289,7006,5100,32987,1207,6655,0,0,0,0,0
1034,732,1034.207213900815,99791,1207,700,161,44,60081,32052,0.9232596125903137,720,403,28230,33926,14249,8741,5431,6184,46037,37490,0,0,4783,2913,14082,3645,15671,3418,1072,1301,7071,5097,32906,1199,6633,0,0,0,0,0
1035,732,1035.0717673208574,99791,1218,726,161,44,60240,32161,0.9259452255213396,730,388,28160,33892,14331,8793,5398,6155,46040,37497,0,0,4762,2899,14039,3662,15726,3446,1067,1315,7134,5090,32837,1192,6622,0,0,0,0,0
1036,732,1036.3722145709112,99790,1198,719,162,44,60466,32277,0.9293817015733039,739,420,28091,33833,14448,8860,5360,6122,46043,37504,0,0,4736,2877,13976,3693,15810,3492,1060,1332,7243,5078,32715,1182,6596,0,0,0,0,0
1037,732,1037.2410968424779,99789,1223,728,163,44,60629,32365,0.9319063223401377,725,404,28057,33829,14502,8895,5328,6098,46046,37511,0,0,4726,2869,13944,3696,15867,3520,1057,1338,7312,5066,32640,1172,6582,0,0,0,0,0
1038,732,1038.110715139014,99789,1227,741,163,44,60789,32453,0.9343915662046919,710,398,27992,33812,14598,8934,5308,6069,46049,37518,0,0,4707,2863,13909,3696,15925,3550,1054,1353,7383,5056,32562,1165,6566,0,0,0,0,0
1039,732,1039.4189637517054,99789,1226,746,163,44,61017,32582,0.9379691148322962,726,405,27901,33782,14706,9005,5276,6016,46052,37525,0,0,4684,2844,13853,3705,16033,3584,1050,1369,7501,5036,32437,1159,6534,0,0,0,0,0
1040,732,1040.2932931527896,99789,1180,748,163,44,61146,32670,0.940143703213781,755,412,27847,33752,14806,9050,5247,5992,46055,37532,0,0,4660,2828,13810,3715,16106,3615,1047,1383,7567,5026,32359,1157,6516,0,0,0,0,0
1041,732,1041.1694906347252,99789,1187,744,163,44,61298,32766,0.9426289470783353,774,424,27780,33709,14874,9109,5220,5968,46058,37539,0,0,4631,2816,13779,3719,16175,3632,1044,1405,7658,5017,32265,1152,6496,0,0,0,0,0
1042,732,1042.047496758993,99789,1148,729,163,44,61453,32851,0.9450340217859684,781,424,27727,33691,14987,9173,5192,5937,46061,37546,0,0,4598,2804,13744,3732,16229,3676,1042,1426,7741,5005,32173,1143,6476,0,0,0,0,0
1043,732,1043.3680647998713,99789,1198,712,163,44,61712,32970,0.9488220144504905,737,432,27671,33668,15073,9244,5156,5898,46064,37553,0,0,4569,2793,13682,3743,16320,3722,1036,1446,7836,4990,32070,1135,6447,0,0,0,0,0
1044,732,1044.2500820737705,99789,1227,715,163,44,61884,33074,0.9515878503642686,734,417,27617,33651,15122,9293,5135,5878,46067,37560,0,0,4554,2786,13651,3738,16374,3755,1035,1457,7932,4982,31966,1134,6425,0,0,0,0,0
1045,732,1045.13351009724,99789,1226,716,163,44,62043,33165,0.954093136518053,744,442,27557,33604,15204,9349,5104,5843,46070,37567,0,0,4533,2773,13613,3744,16442,3784,1030,1475,7997,4976,31886,1129,6407,0,0,0,0,0
1046,732,1046.018605421994,99789,1210,724,163,44,62192,33260,0.9565382958041467,776,441,27497,33573,15280,9400,5072,5816,46073,37574,0,0,4509,2763,13565,3744,16508,3821,1029,1493,8062,4967,31813,1125,6390,0,0,0,0,0
1047,732,1047.3496161639844,99789,1234,747,163,44,62453,33413,0.9606870496748139,743,457,27405,33525,15411,9461,5042,5764,46076,37581,0,0,4487,2744,13500,3763,16616,3856,1025,1503,8177,4950,31685,1118,6365,0,0,0,0,0
1048,732,1048.2392384978343,99789,1236,759,163,44,62627,33516,0.9634629067332071,722,459,27364,33483,15496,9511,5017,5742,46079,37588,0,0,4463,2732,13468,3776,16675,3887,1021,1522,8270,4936,31590,1109,6340,0,0,0,0,0
1049,732,1049.1305049667687,99789,1239,778,163,44,62787,33630,0.9662087003577549,700,437,27331,33443,15566,9571,4999,5725,46082,37595,0,0,4444,2725,13429,3777,16739,3923,1017,1536,8340,4926,31508,1103,6322,0,0,0,0,0
1050,732,1050.0230905915232,99789,1218,759,163,44,62929,33721,0.9685436270530821,739,441,27266,33431,15640,9630,4972,5693,46085,37602,0,0,4420,2703,13401,3792,16809,3951,1012,1557,8420,4911,31413,1100,6300,0,0,0,0,0
1051,732,1051.3651146852376,99789,1237,767,163,44,63190,33873,0.972682359779134,694,442,27225,33364,15764,9724,4915,5657,46088,37609,0,0,4397,2686,13351,3792,16910,4000,1008,1568,8536,4897,31283,1094,6267,0,0,0,0,0
1052,732,1052.2612270296504,99788,1236,771,163,45,63338,33982,0.9752675672425543,721,430,27166,33342,15824,9779,4888,5631,46091,37616,0,0,4376,2680,13316,3797,16967,4037,1004,1579,8610,4888,31202,1086,6246,0,0,0,0,0
1053,732,1053.1590604468884,99788,1230,747,163,45,63497,34061,0.9776526235619514,711,457,27127,33290,15909,9853,4858,5606,46094,37623,0,0,4358,2671,13271,3800,17043,4071,999,1592,8687,4878,31111,1082,6225,0,0,0,0,0
1054,732,1054.0583219132097,99788,1230,769,163,45,63646,34164,0.9801779773119013,709,447,27091,33271,15961,9887,4844,5579,46097,37630,0,0,4336,2664,13249,3791,17099,4105,997,1608,8743,4869,31040,1077,6210,0,0,0,0,0
1055,732,1055.4094350213797,99788,1239,780,163,45,63877,34305,0.9839058804665892,687,467,27046,33224,16061,9946,4802,5536,46100,37637,0,0,4311,2646,13198,3806,17195,4146,991,1629,8843,4854,30922,1067,6180,0,0,0,0,0
1056,732,1056.3112887210189,99788,1214,784,163,45,64013,34407,0.9862909367859863,696,465,27000,33195,16149,9999,4776,5510,46103,37643,0,0,4292,2631,13164,3822,17246,4184,986,1640,8910,4850,30839,1060,6164,0,0,0,0,0
1057,732,1057.2149366417523,99787,1214,788,164,45,64176,34510,0.9889664986421077,706,453,26928,33180,16231,10044,4755,5488,46106,37649,0,0,4268,2620,13122,3832,17307,4224,982,1656,8974,4845,30764,1055,6138,0,0,0,0,0
1058,732,1058.1207237553963,99787,1230,781,164,45,64349,34607,0.991672261917885,706,447,26871,33169,16295,10091,4732,5465,46109,37655,0,0,4247,2612,13074,3839,17394,4252,979,1670,9048,4829,30684,1049,6110,0,0,0,0,0
1059,732,1059.0284371035912,99786,1243,776,164,46,64536,34703,0.9945182690958652,684,439,26820,33163,16374,10136,4713,5438,46112,37661,0,0,4230,2599,13031,3847,17479,4284,977,1679,9115,4814,30599,1044,6088,0,0,0,0,0
1060,732,1060.393366233957,99785,1232,803,165,46,64781,34854,0.9984967680513103,698,468,26749,33102,16468,10182,4686,5397,46115,37667,0,0,4199,2583,12966,3868,17573,4335,973,1694,9207,4794,30492,1035,6066,0,0,0,0,0
1061,732,1061.3051429599927,99784,1207,785,165,47,64935,34957,1.0010823378497555,717,448,26720,33098,16536,10249,4653,5371,46118,37673,0,0,4182,2574,12928,3882,17655,4362,961,1707,9304,4784,30376,1028,6041,0,0,0,0,0
1062,732,1062.2181818295824,99784,1209,779,165,47,65113,35063,1.003928485528742,713,439,26671,33069,16617,10314,4623,5350,46121,37679,0,0,4162,2558,12886,3899,17718,4400,959,1719,9390,4773,30276,1020,6024,0,0,0,0,0
1063,732,1063.1327378789745,99784,1202,763,165,47,65254,35161,1.006323659103664,726,443,26625,33039,16678,10382,4602,5324,46124,37685,0,0,4147,2551,12848,3902,17788,4432,957,1727,9475,4762,30181,1014,6000,0,0,0,0,0
1064,732,1064.049183402758,99784,1226,780,165,47,65422,35271,1.0091096769021086,732,439,26584,32998,16720,10433,4571,5301,46127,37691,0,0,4134,2540,12809,3909,17838,4472,954,1734,9537,4757,30108,1009,5983,0,0,0,0,0
1065,732,1065.4255791257524,99784,1235,790,165,47,65676,35420,1.0131484005451776,715,437,26539,32963,16808,10498,4536,5263,46130,37697,0,0,4114,2523,12757,3925,17935,4528,948,1738,9619,4740,29998,1005,5954,0,0,0,0,0
1066,732,1066.3445156931161,99784,1215,791,165,47,65821,35524,1.0156437905876694,719,439,26513,32935,16875,10549,4511,5237,46133,37703,0,0,4098,2512,12727,3937,17983,4570,945,1743,9700,4728,29900,1000,5941,0,0,0,0,0
1067,732,1067.2646294440178,99783,1238,793,166,47,65979,35628,1.0182796668771235,713,440,26474,32894,16918,10618,4489,5206,46136,37709,0,0,4079,2501,12696,3948,18047,4601,943,1756,9762,4718,29828,992,5912,0,0,0,0,0
1068,732,1068.1858806553687,99783,1276,770,166,47,66161,35718,1.0210055821131856,697,449,26432,32866,16974,10684,4453,5182,46139,37715,0,0,4060,2492,12657,3955,18128,4623,941,1765,9834,4706,29745,985,5892,0,0,0,0,0
1069,732,1069.1082337072528,99783,1254,783,166,47,66320,35831,1.023731497349248,722,430,26383,32840,17055,10736,4418,5162,46142,37721,0,0,4037,2487,12608,3954,18222,4647,936,1779,9915,4696,29645,981,5876,0,0,0,0,0
1070,732,1070.0322844858438,99780,1242,767,167,49,66481,35925,1.026317899378633,728,439,26337,32811,17127,10791,4397,5141,46145,37727,0,0,4013,2472,12581,3966,18269,4687,933,1794,10000,4686,29543,976,5860,0,0,0,0,0
1071,732,1071.421340535469,99780,1281,746,167,49,66739,36057,1.0302264982962517,695,444,26293,32792,17195,10870,4367,5097,46148,37733,0,0,3982,2456,12537,3979,18361,4731,926,1815,10103,4668,29421,967,5834,0,0,0,0,0
1072,732,1072.3489366104495,99779,1273,742,168,49,66909,36165,1.0330229807875404,685,430,26252,32782,17279,10915,4341,5080,46151,37739,0,0,3970,2441,12496,3978,18431,4774,923,1825,10184,4654,29320,961,5822,0,0,0,0,0
1073,732,1073.2780300830852,99779,1266,720,168,49,67069,36251,1.035488429429038,678,450,26222,32750,17348,10972,4316,5057,46154,37745,0,0,3948,2431,12457,3984,18505,4810,922,1838,10250,4642,29235,955,5802,0,0,0,0,0
1074,732,1074.2084840331443,99779,1288,729,168,49,67250,36358,1.0383748083264013,644,444,26194,32721,17408,11023,4296,5032,46157,37751,0,0,3933,2419,12421,3991,18574,4840,919,1844,10322,4629,29148,949,5790,0,0,0,0,0
1075,732,1075.1402536603625,99779,1282,731,168,49,67400,36463,1.0409304563084416,659,428,26153,32701,17464,11077,4272,5012,46160,37757,0,0,3915,2409,12383,4002,18631,4879,916,1852,10389,4616,29067,944,5776,0,0,0,0,0
1076,732,1076.0732368185957,99778,1258,757,168,50,67560,36575,1.04366694060815,660,405,26109,32679,17555,11120,4248,4987,46163,37763,0,0,3895,2398,12348,4005,18716,4912,912,1866,10441,4604,28994,934,5753,0,0,0,0,0
1077,732,1077.0077558948256,99778,1223,741,168,50,67705,36659,1.045962035719297,655,434,26097,32644,17623,11157,4232,4972,46166,37769,0,0,3882,2393,12316,3998,18782,4955,911,1872,10530,4588,28888,933,5730,0,0,0,0,0
1078,732,1078.4118530251897,99778,1212,757,168,50,67938,36820,1.0499108019803964,651,418,26038,32627,17733,11214,4196,4932,46169,37775,0,0,3857,2372,12275,4022,18868,5002,909,1884,10641,4567,28753,926,5702,0,0,0,0,0
1079,732,1079.3496693423651,99778,1221,775,168,50,68092,36915,1.0524063420794163,657,413,26021,32615,17761,11235,4170,4910,46172,37781,0,0,3834,2363,12245,4031,18916,5038,908,1895,10685,4556,28695,921,5691,0,0,0,0,0
1080,732,1080.2881183645416,99778,1219,789,168,50,68254,37027,1.0551524384132775,648,389,25988,32591,17826,11287,4149,4892,46175,37787,0,0,3813,2358,12212,4025,18980,5078,903,1910,10757,4541,28611,918,5672,0,0,0,0,0
1081,732,1081.2275503749183,99778,1240,792,168,50,68432,37126,1.0579286014953195,647,376,25956,32568,17854,11339,4133,4873,46178,37793,0,0,3794,2349,12182,4032,19043,5110,900,1919,10823,4537,28528,911,5650,0,0,0,0,0
1082,732,1082.168159659345,99778,1240,762,168,50,68579,37205,1.0601936298582855,644,411,25935,32531,17906,11396,4105,4848,46181,37799,0,0,3777,2337,12155,4031,19090,5155,898,1930,10901,4527,28440,908,5629,0,0,0,0,0
1083,732,1083.1097454306218,99778,1200,756,168,50,68705,37302,1.0624285914730702,677,391,25903,32510,17971,11463,4079,4828,46184,37805,0,0,3765,2319,12122,4042,19172,5186,890,1935,10958,4515,28358,905,5611,0,0,0,0,0
1084,732,1084.052674078546,99774,1197,755,170,52,68857,37395,1.0649267344197888,686,387,25877,32483,18008,11514,4060,4807,46187,37811,0,0,3754,2308,12090,4045,19233,5224,886,1941,11017,4498,28276,904,5598,0,0,0,0,0
1085,732,1085.468724699371,99774,1174,733,170,52,69079,37523,1.0684346623368814,672,385,25862,32464,18095,11586,4025,4778,46190,37817,0,0,3728,2288,12037,4059,19312,5284,883,1952,11112,4481,28153,896,5589,0,0,0,0,0
1086,732,1086.4136406257721,99774,1159,719,170,52,69223,37612,1.0707699400645458,669,404,25840,32427,18165,11652,3995,4744,46193,37823,0,0,3711,2280,12007,4068,19365,5324,879,1962,11190,4469,28059,891,5569,0,0,0,0,0
1087,732,1087.3596142910555,99774,1158,695,170,52,69382,37700,1.073245534908894,678,401,25812,32424,18204,11714,3976,4712,46196,37829,0,0,3696,2271,11965,4071,19433,5372,875,1971,11239,4458,27986,887,5550,0,0,0,0,0
1088,732,1088.3065893845428,99774,1156,697,170,52,69548,37791,1.0758213562651593,651,396,25807,32419,18257,11745,3957,4689,46199,37835,0,0,3680,2266,11935,4067,19474,5422,875,1976,11305,4452,27905,884,5533,0,0,0,0,0
1089,732,1089.2539294968828,99773,1165,690,170,53,69699,37872,1.0781574173373558,650,413,25789,32397,18294,11779,3930,4666,46202,37841,0,0,3668,2256,11906,4070,19532,5456,871,1982,11358,4443,27835,881,5515,0,0,0,0,0
1090,732,1090.2020876803933,99773,1145,689,170,53,69839,37967,1.0805127639742216,636,408,25766,32397,18368,11809,3913,4642,46205,37847,0,0,3652,2245,11876,4072,19586,5499,870,1992,11423,4426,27758,873,5501,0,0,0,0,0
1091,732,1091.1512510719845,99773,1164,702,170,53,70002,38068,1.0831587704088281,635,392,25718,32387,18415,11845,3896,4619,46208,37853,0,0,3641,2238,11845,4074,19655,5530,867,1991,11480,4414,27689,869,5480,0,0,0,0,0
1092,732,1092.101800064685,99773,1131,713,170,53,70129,38176,1.0855141170456937,637,362,25695,32386,18482,11894,3883,4590,46211,37859,0,0,3624,2232,11811,4076,19706,5576,864,2002,11547,4406,27605,864,5460,0,0,0,0,0
1093,732,1093.0536655984777,99772,1148,693,171,53,70294,38257,1.0879906186104318,623,370,25673,32348,18523,11952,3860,4582,46214,37865,0,0,3610,2224,11776,4077,19778,5607,861,2001,11616,4392,27525,863,5442,0,0,0,0,0
1094,732,1094.0066987534833,99771,1152,686,171,54,70458,38340,1.0904771927714465,605,382,25660,32328,18563,11986,3847,4562,46217,37871,0,0,3598,2212,11751,4084,19826,5647,860,2006,11682,4381,27441,855,5428,0,0,0,0,0
