,indexID,time,N,Inf_L,Inf_H,Dead_L,Dead_H,cum_cases_L,cum_cases_H,cum_sum_per_N,Exposed_L,Exposed_H,Sus_L,Sus_H,Rec_nat_L,Rec_nat_H,Rec_vax_L,Rec_vax_H,vaccinatedH,vaccinatedL,boostedH,boostedL,count_Naive,count_Delta,count_Delta_vaccine,count_two,count_three,count_four,count_Omicron,count_Omicron_star,count_Omicron_star_vaccine,count_Omicron_vaccine,count_Vaccine,count_WT,count_WT_vaccine,count_WT_vaccine_boost,count_Omicron_vaccine_boost,count_Delta_vaccine_boost,count_Omicron_star_vaccine_boost,count_Vaccine_boost
0,896,1.0187602200453507,99998,6,8,0,0,7,8,0.0001500030000600012,20,17,49972,49974,1,0,0,0,0,0,0,0,99997,0,0,0,0,0,0,0,0,0,0,1,0,0,0,0,0,0
1,896,2.06886445077942,99998,15,14,0,0,17,15,0.0003200064001280026,12,12,49970,49972,2,1,0,0,0,0,0,0,99995,0,0,0,0,0,0,0,0,0,0,3,0,0,0,0,0,0
2,896,3.069668522604054,99998,16,18,0,0,21,20,0.0004100082001640033,9,8,49969,49971,5,2,0,0,0,0,0,0,99991,0,0,0,0,0,0,0,0,0,0,7,0,0,0,0,0,0
3,896,4.120321373227291,99998,18,14,0,0,25,21,0.0004600092001840037,9,8,49965,49970,7,7,0,0,0,0,0,0,99984,0,0,0,0,0,0,0,0,0,0,14,0,0,0,0,0,0
4,896,5.019948587644648,99998,10,10,0,0,25,22,0.00047000940018800374,13,7,49961,49970,15,12,0,0,0,0,0,0,99971,0,0,0,0,0,0,0,0,0,0,27,0,0,0,0,0,0
5,896,6.02891460585347,99998,7,8,0,0,29,24,0.0005300106002120043,10,7,49961,49968,21,16,0,0,0,0,0,0,99960,0,0,0,0,0,0,0,0,0,0,38,0,0,0,0,0,0
6,896,7.011392021548409,99998,9,8,0,0,31,25,0.0005600112002240045,9,6,49960,49969,21,16,0,0,0,0,0,0,99959,0,0,0,0,0,0,0,0,0,0,39,0,0,0,0,0,0
7,896,8.031070714568758,99998,9,10,0,0,32,27,0.0005900118002360047,11,4,49957,49969,22,16,0,0,0,0,0,0,99958,0,0,0,0,0,0,0,0,0,0,40,0,0,0,0,0,0
8,896,9.144893163900523,99998,10,11,0,0,34,29,0.000630012600252005,10,2,49956,49969,23,17,0,0,0,0,0,0,99956,0,0,0,0,0,0,0,0,0,0,42,0,0,0,0,0,0
9,896,10.091082364395076,99998,11,9,0,0,36,30,0.0006600132002640052,9,2,49955,49968,24,20,0,0,0,0,0,0,99952,0,0,0,0,0,0,0,0,0,0,46,0,0,0,0,0,0
10,896,11.119456566591154,99998,14,10,0,0,40,31,0.0007100142002840057,6,1,49954,49968,25,20,0,0,0,0,0,0,99951,0,0,0,0,0,0,0,0,0,0,47,0,0,0,0,0,0
11,896,12.063649690021096,99998,15,10,0,0,42,31,0.0007300146002920058,5,1,49953,49968,26,20,0,0,0,0,0,0,99950,0,0,0,0,0,0,0,0,0,0,48,0,0,0,0,0,0
12,896,13.054300316334794,99998,13,8,0,0,43,31,0.0007400148002960059,8,5,49949,49964,29,22,0,0,0,0,0,0,99945,0,0,0,0,0,0,0,0,0,0,53,0,0,0,0,0,0
13,896,14.06264591205707,99998,9,8,0,0,44,32,0.0007600152003040061,10,4,49946,49964,34,23,0,0,0,0,0,0,99939,0,0,0,0,0,0,0,0,0,0,59,0,0,0,0,0,0
14,896,15.1193260651011,99998,10,5,0,0,47,32,0.0007900158003160063,8,5,49945,49963,36,26,0,0,0,0,0,0,99934,0,0,0,0,0,0,0,0,0,0,64,0,0,0,0,0,0
15,896,16.103519938034538,99998,10,8,0,0,49,35,0.0008400168003360067,7,2,49944,49963,38,26,0,0,0,0,0,0,99932,0,0,0,0,0,0,0,0,0,0,66,0,0,0,0,0,0
16,896,17.062668099935838,99998,8,7,0,0,50,36,0.0008600172003440069,8,1,49942,49963,41,28,0,0,0,0,0,0,99927,0,0,0,0,0,0,0,0,0,0,71,0,0,0,0,0,0
17,896,18.115479014768155,99998,9,7,0,0,53,36,0.0008900178003560072,8,1,49939,49963,43,28,0,0,0,0,0,0,99925,0,0,0,0,0,0,0,0,0,0,73,0,0,0,0,0,0
18,896,19.338797309447937,99998,7,6,0,0,53,37,0.0009000180003600072,9,0,49938,49963,45,30,0,0,0,0,0,0,99921,0,0,0,0,0,0,0,0,0,0,77,0,0,0,0,0,0
19,896,20.099066435270185,99998,8,5,0,0,55,37,0.0009200184003680074,8,0,49937,49963,46,31,0,0,0,0,0,0,99919,0,0,0,0,0,0,0,0,0,0,79,0,0,0,0,0,0
20,896,21.080653756932005,99998,8,4,0,0,57,37,0.0009400188003760075,7,1,49936,49962,48,32,0,0,0,0,0,0,99916,0,0,0,0,0,0,0,0,0,0,82,0,0,0,0,0,0
21,896,22.224463873887117,99998,6,5,0,0,57,38,0.0009500190003800076,8,2,49935,49960,50,32,0,0,0,0,0,0,99914,0,0,0,0,0,0,0,0,0,0,84,0,0,0,0,0,0
22,896,23.108953135009838,99998,9,6,0,0,61,40,0.001010020200404008,4,2,49935,49958,51,33,0,0,0,0,0,0,99912,0,0,0,0,0,0,0,0,0,0,86,0,0,0,0,0,0
23,896,24.02840796473293,99998,8,6,0,0,61,41,0.0010200204004080081,4,2,49935,49957,52,34,0,0,0,0,0,0,99910,0,0,0,0,0,0,0,0,0,0,88,0,0,0,0,0,0
24,896,25.025699324340874,99998,9,6,0,0,63,41,0.0010400208004160082,2,2,49935,49957,53,34,0,0,0,0,0,0,99909,0,0,0,0,0,0,0,0,0,0,89,0,0,0,0,0,0
25,896,26.201205561403153,99998,10,6,0,0,65,42,0.0010700214004280085,4,2,49931,49956,54,35,0,0,0,0,0,0,99907,0,0,0,0,0,0,0,0,0,0,91,0,0,0,0,0,0
26,896,27.338593895899297,99998,10,6,0,0,68,43,0.0011100222004440088,2,1,49931,49957,56,35,0,0,0,0,0,0,99903,0,0,0,0,0,0,0,0,0,0,95,0,0,0,0,0,0
27,896,28.160785315405217,99998,11,5,0,0,69,43,0.001120022400448009,1,2,49931,49956,56,36,0,0,0,0,0,0,99902,0,0,0,0,0,0,0,0,0,0,96,0,0,0,0,0,0
28,896,29.074306819705328,99998,10,5,0,0,69,44,0.0011300226004520091,3,3,49929,49955,57,36,0,0,0,0,0,0,99900,0,0,0,0,0,0,0,0,0,0,98,0,0,0,0,0,0
29,896,30.074594616864438,99998,9,5,0,0,70,45,0.0011500230004600092,3,3,49928,49954,59,37,0,0,0,0,0,0,99897,0,0,0,0,0,0,0,0,0,0,101,0,0,0,0,0,0
30,896,31.003266839686784,99998,9,6,0,0,71,46,0.0011700234004680093,3,3,49927,49953,60,37,0,0,0,0,0,0,99896,0,0,0,0,0,0,0,0,0,0,102,0,0,0,0,0,0
31,896,32.3241915687967,99998,8,8,0,0,72,48,0.0012000240004800095,5,1,49924,49954,62,36,0,0,0,0,0,0,99894,0,0,0,0,0,0,0,0,0,0,104,0,0,0,0,0,0
32,896,33.30820711228977,99998,10,8,0,0,75,48,0.0012300246004920098,3,1,49923,49954,63,36,0,0,0,0,0,0,99893,0,0,0,0,0,0,0,0,0,0,105,0,0,0,0,0,0
33,896,34.23606271700584,99998,11,6,0,0,77,48,0.00125002500050001,3,1,49922,49954,63,38,0,0,0,0,0,0,99890,0,0,0,0,0,0,0,0,0,0,108,0,0,0,0,0,0
34,896,35.12306105443159,99998,10,6,0,0,79,48,0.0012700254005080102,3,1,49920,49954,66,38,0,0,0,0,0,0,99887,0,0,0,0,0,0,0,0,0,0,111,0,0,0,0,0,0
35,896,36.140980591464555,99998,10,6,0,0,79,48,0.0012700254005080102,3,2,49920,49953,66,38,0,0,0,0,0,0,99887,0,0,0,0,0,0,0,0,0,0,111,0,0,0,0,0,0
36,896,37.32908091755112,99998,8,7,0,0,81,49,0.0013000260005200104,2,2,49919,49953,70,37,0,0,0,0,0,0,99883,0,0,0,0,0,0,0,0,0,0,115,0,0,0,0,0,0
37,896,38.08313694202782,99998,5,5,0,0,82,50,0.0013200264005280105,1,3,49919,49951,74,40,0,0,0,0,0,0,99876,0,0,0,0,0,0,0,0,0,0,122,0,0,0,0,0,0
38,896,39.100934747482825,99998,4,4,0,0,82,50,0.0013200264005280105,2,3,49918,49951,75,41,0,0,0,0,0,0,99874,0,0,0,0,0,0,0,0,0,0,124,0,0,0,0,0,0
39,896,40.11897505352823,99998,4,4,0,0,82,50,0.0013200264005280105,3,3,49917,49951,75,41,0,0,0,0,0,0,99874,0,0,0,0,0,0,0,0,0,0,124,0,0,0,0,0,0
40,896,41.31011865736043,99998,5,4,0,0,83,50,0.0013300266005320106,2,4,49917,49950,75,41,0,0,0,0,0,0,99874,0,0,0,0,0,0,0,0,0,0,124,0,0,0,0,0,0
41,896,42.13028014489732,99998,4,4,0,0,83,51,0.0013400268005360108,4,3,49916,49950,75,42,0,0,0,0,0,0,99872,0,0,0,0,0,0,0,0,0,0,126,0,0,0,0,0,0
42,896,43.10160593817464,99998,6,4,0,0,85,51,0.0013600272005440108,4,3,49914,49951,75,41,0,0,0,0,0,0,99872,0,0,0,0,0,0,0,0,0,0,126,0,0,0,0,0,0
43,896,44.07994287446388,99998,3,4,0,0,85,52,0.001370027400548011,5,3,49914,49950,77,42,0,0,0,0,0,0,99868,0,0,0,0,0,0,0,0,0,0,130,0,0,0,0,0,0
44,896,45.22847173056472,99998,3,5,0,0,86,53,0.001390027800556011,5,2,49913,49950,78,42,0,0,0,0,0,0,99867,0,0,0,0,0,0,0,0,0,0,131,0,0,0,0,0,0
45,896,46.042443348097216,99998,4,5,0,0,87,55,0.0014200284005680113,4,0,49913,49950,78,44,0,0,0,0,0,0,99865,0,0,0,0,0,0,0,0,0,0,133,0,0,0,0,0,0
46,896,47.07062702240789,99998,5,5,0,0,88,55,0.0014300286005720115,3,0,49913,49950,78,44,0,0,0,0,0,0,99865,0,0,0,0,0,0,0,0,0,0,133,0,0,0,0,0,0
47,896,48.04755463021453,99998,4,4,0,0,89,55,0.0014400288005760116,2,0,49913,49950,80,45,0,0,0,0,0,0,99862,0,0,0,0,0,0,0,0,0,0,136,0,0,0,0,0,0
48,896,49.101330978627786,99998,4,4,0,0,90,55,0.0014500290005800115,2,3,49912,49947,81,45,0,0,0,0,0,0,99861,0,0,0,0,0,0,0,0,0,0,137,0,0,0,0,0,0
49,896,50.00282067671465,99998,4,5,0,0,91,57,0.0014800296005920118,3,1,49910,49947,82,46,0,0,0,0,0,0,99859,0,0,0,0,0,0,0,0,0,0,139,0,0,0,0,0,0
50,896,51.31797350365678,99998,4,5,0,0,92,57,0.001490029800596012,2,1,49910,49948,83,45,0,0,0,0,0,0,99858,0,0,0,0,0,0,0,0,0,0,140,0,0,0,0,0,0
51,896,52.296237934945935,99998,3,5,0,0,92,57,0.001490029800596012,3,1,49909,49948,84,45,0,0,0,0,0,0,99857,0,0,0,0,0,0,0,0,0,0,141,0,0,0,0,0,0
52,896,53.165024274307996,99998,2,5,0,0,93,57,0.001500030000600012,2,1,49909,49948,86,45,0,0,0,0,0,0,99855,0,0,0,0,0,0,0,0,0,0,143,0,0,0,0,0,0
53,896,54.130621592843866,99998,2,6,0,0,93,58,0.001510030200604012,2,0,49909,49948,86,45,0,0,0,0,0,0,99855,0,0,0,0,0,0,0,0,0,0,143,0,0,0,0,0,0
54,896,55.15810091761599,99998,3,3,0,0,95,58,0.0015300306006120123,0,0,49909,49948,87,48,0,0,0,0,0,0,99851,0,0,0,0,0,0,0,0,0,0,147,0,0,0,0,0,0
55,896,56.01225831531904,99998,2,2,0,0,95,58,0.0015300306006120123,2,0,49908,49948,87,49,0,0,0,0,0,0,99849,0,0,0,0,0,0,0,0,0,0,149,0,0,0,0,0,0
56,896,57.05526218415997,99998,2,2,0,0,96,58,0.0015400308006160122,2,1,49907,49947,88,49,0,0,0,0,0,0,99848,0,0,0,0,0,0,0,0,0,0,150,0,0,0,0,0,0
57,896,58.24068884728813,99998,1,1,0,0,96,58,0.0015400308006160122,3,1,49906,49947,89,50,0,0,0,0,0,0,99846,0,0,0,0,0,0,0,0,0,0,152,0,0,0,0,0,0
58,896,59.28822083718216,99998,0,0,0,0,96,58,0.0015400308006160122,3,1,49906,49947,90,51,0,0,0,0,0,0,99844,0,0,0,0,0,0,0,0,0,0,154,0,0,0,0,0,0
59,896,60.30656597205787,99998,0,0,0,0,96,58,0.0015400308006160122,3,1,49907,49947,89,51,0,0,0,0,0,0,99844,0,0,0,0,0,0,0,0,0,0,154,0,0,0,0,0,0
60,896,61.32489746168534,99998,0,0,0,0,96,58,0.0015400308006160122,3,1,49907,49948,89,50,0,0,0,0,0,0,99844,0,0,0,0,0,0,0,0,0,0,154,0,0,0,0,0,0
61,896,62.16378070066003,99998,1,1,0,0,97,59,0.0015600312006240125,2,0,49909,49948,87,50,0,0,0,0,0,0,99844,0,0,0,0,0,0,0,0,0,0,154,0,0,0,0,0,0
62,896,63.18207539129737,99998,2,1,0,0,98,59,0.0015700314006280125,1,0,49909,49948,87,50,0,0,0,0,0,0,99844,0,0,0,0,0,0,0,0,0,0,154,0,0,0,0,0,0
63,896,64.03026796107473,99998,3,0,0,0,99,59,0.0015800316006320126,0,0,49909,49949,87,50,0,0,0,0,0,0,99843,0,0,0,0,0,0,0,0,0,0,155,0,0,0,0,0,0
64,896,65.02560418675623,99998,2,0,0,0,99,59,0.0015800316006320126,0,0,49909,49949,88,50,0,0,0,0,0,0,99842,0,0,0,0,0,0,0,0,0,0,156,0,0,0,0,0,0
65,896,66.04389935439701,99998,2,0,0,0,99,59,0.0015800316006320126,0,0,49910,49950,87,49,0,0,0,0,0,0,99842,0,0,0,0,0,0,0,0,0,0,156,0,0,0,0,0,0
66,896,67.0621740496837,99998,2,0,0,0,99,59,0.0015800316006320126,0,0,49911,49950,86,49,0,0,0,0,0,0,99842,0,0,0,0,0,0,0,0,0,0,156,0,0,0,0,0,0
67,896,68.08043511572885,99998,2,0,0,0,99,59,0.0015800316006320126,0,0,49911,49950,86,49,0,0,0,0,0,0,99842,0,0,0,0,0,0,0,0,0,0,156,0,0,0,0,0,0
68,896,69.09869616780176,99998,1,0,0,0,99,59,0.0015800316006320126,1,0,49910,49951,87,48,0,0,0,0,0,0,99841,0,0,0,0,0,0,0,0,0,0,157,0,0,0,0,0,0
69,896,70.23517666815758,99998,1,0,0,0,100,59,0.0015900318006360128,0,0,49910,49951,88,48,0,0,0,0,0,0,99840,0,0,0,0,0,0,0,0,0,0,158,0,0,0,0,0,0
70,896,71.07996059886358,99998,1,0,0,0,100,59,0.0015900318006360128,0,0,49910,49951,88,48,0,0,0,0,0,0,99840,0,0,0,0,0,0,0,0,0,0,158,0,0,0,0,0,0
71,896,72.09825327272337,99998,1,0,0,0,100,59,0.0015900318006360128,0,0,49910,49951,88,48,0,0,0,0,0,0,99840,0,0,0,0,0,0,0,0,0,0,158,0,0,0,0,0,0
72,896,73.11654594658316,99998,1,0,0,0,100,59,0.0015900318006360128,1,0,49909,49952,88,47,0,0,0,0,0,0,99840,0,0,0,0,0,0,0,0,0,0,158,0,0,0,0,0,0
73,896,74.13484916471126,99998,1,0,0,0,100,59,0.0015900318006360128,1,0,49909,49954,88,45,0,0,0,0,0,0,99840,0,0,0,0,0,0,0,0,0,0,158,0,0,0,0,0,0
74,896,75.15315231297542,99998,1,0,0,0,100,59,0.0015900318006360128,1,0,49909,49955,88,44,0,0,0,0,0,0,99840,0,0,0,0,0,0,0,0,0,0,158,0,0,0,0,0,0
75,896,76.17145540534845,99998,1,0,0,0,100,59,0.0015900318006360128,1,0,49909,49955,88,44,0,0,0,0,0,0,99840,0,0,0,0,0,0,0,0,0,0,158,0,0,0,0,0,0
76,896,77.07410969466748,99998,0,0,0,0,100,59,0.0015900318006360128,1,0,49910,49955,88,44,0,0,0,0,0,0,99839,0,0,0,0,0,0,0,0,0,0,159,0,0,0,0,0,0
77,896,78.14023368019538,99998,1,0,0,0,101,59,0.0016000320006400127,0,0,49910,49955,88,44,0,0,0,0,0,0,99839,0,0,0,0,0,0,0,0,0,0,159,0,0,0,0,0,0
78,896,79.15852618638513,99998,1,0,0,0,101,59,0.0016000320006400127,1,0,49910,49955,87,44,0,0,0,0,0,0,99839,0,0,0,0,0,0,0,0,0,0,159,0,0,0,0,0,0
79,896,80.17680530559912,99998,2,0,0,0,102,59,0.0016100322006440129,0,0,49911,49955,86,44,0,0,0,0,0,0,99839,0,0,0,0,0,0,0,0,0,0,159,0,0,0,0,0,0
80,896,81.16362310262262,99998,1,0,0,0,102,59,0.0016100322006440129,0,1,49913,49954,85,44,0,0,0,0,0,0,99838,0,0,0,0,0,0,0,0,0,0,160,0,0,0,0,0,0
81,896,82.18185001713914,99998,1,0,0,0,102,59,0.0016100322006440129,0,1,49914,49954,84,44,0,0,0,0,0,0,99838,0,0,0,0,0,0,0,0,0,0,160,0,0,0,0,0,0
82,896,83.20005649011583,99998,1,0,0,0,102,59,0.0016100322006440129,0,1,49914,49954,84,44,0,0,0,0,0,0,99838,0,0,0,0,0,0,0,0,0,0,160,0,0,0,0,0,0
83,896,84.21826296309251,99998,1,0,0,0,102,59,0.0016100322006440129,0,1,49914,49954,84,44,0,0,0,0,0,0,99838,0,0,0,0,0,0,0,0,0,0,160,0,0,0,0,0,0
84,896,85.07749258239092,99998,0,0,0,0,102,59,0.0016100322006440129,0,1,49914,49954,85,44,0,0,0,0,0,0,99837,0,0,0,0,0,0,0,0,0,0,161,0,0,0,0,0,0
85,896,86.09571026033944,99998,0,0,0,0,102,59,0.0016100322006440129,0,1,49915,49954,84,44,0,0,0,0,0,0,99837,0,0,0,0,0,0,0,0,0,0,161,0,0,0,0,0,0
86,896,87.11390749734274,99998,0,0,0,0,102,59,0.0016100322006440129,0,1,49915,49954,84,44,0,0,0,0,0,0,99837,0,0,0,0,0,0,0,0,0,0,161,0,0,0,0,0,0
87,896,88.13209792097062,99998,0,0,0,0,102,59,0.0016100322006440129,0,1,49916,49954,83,44,0,0,0,0,0,0,99837,0,0,0,0,0,0,0,0,0,0,161,0,0,0,0,0,0
88,896,89.1502747178477,99998,0,0,0,0,102,59,0.0016100322006440129,0,1,49916,49954,83,44,0,0,0,0,0,0,99837,0,0,0,0,0,0,0,0,0,0,161,0,0,0,0,0,0
89,896,90.16845151472477,99998,0,0,0,0,102,59,0.0016100322006440129,0,1,49916,49954,83,44,0,0,0,0,0,0,99837,0,0,0,0,0,0,0,0,0,0,161,0,0,0,0,0,0
90,896,91.18662831160184,99998,0,0,0,0,102,59,0.0016100322006440129,0,1,49917,49954,82,44,0,0,0,0,0,0,99837,0,0,0,0,0,0,0,0,0,0,161,0,0,0,0,0,0
91,896,92.20479148227408,99998,0,0,0,0,102,59,0.0016100322006440129,0,1,49917,49954,82,44,0,0,0,0,0,0,99837,0,0,0,0,0,0,0,0,0,0,161,0,0,0,0,0,0
92,896,93.2229478398439,99998,0,0,0,0,102,59,0.0016100322006440129,0,1,49917,49954,82,44,0,0,0,0,0,0,99837,0,0,0,0,0,0,0,0,0,0,161,0,0,0,0,0,0
93,896,94.24110419741372,99998,0,0,0,0,102,59,0.0016100322006440129,0,1,49918,49954,81,44,0,0,0,0,0,0,99837,0,0,0,0,0,0,0,0,0,0,161,0,0,0,0,0,0
94,896,95.25924011649522,99998,0,0,0,0,102,59,0.0016100322006440129,0,1,49919,49954,80,44,0,0,0,0,0,0,99837,0,0,0,0,0,0,0,0,0,0,161,0,0,0,0,0,0
95,896,96.27735559790725,99998,0,1,0,0,102,60,0.001620032400648013,0,0,49919,49954,80,44,0,0,0,0,0,0,99837,0,0,0,0,0,0,0,0,0,0,161,0,0,0,0,0,0
96,896,97.06690483462118,99998,0,1,0,0,102,60,0.001620032400648013,1,0,49920,49954,78,44,0,0,0,0,0,0,99837,0,0,0,0,0,0,0,0,0,0,161,0,0,0,0,0,0
97,896,98.08498867555745,99998,0,1,0,0,102,60,0.001620032400648013,2,0,49919,49954,78,44,0,0,0,0,0,0,99837,0,0,0,0,0,0,0,0,0,0,161,0,0,0,0,0,0
98,896,99.1030830963763,99998,0,1,0,0,102,60,0.001620032400648013,2,0,49919,49954,78,44,0,0,0,0,0,0,99837,0,0,0,0,0,0,0,0,0,0,161,0,0,0,0,0,0
99,896,100.12117751719514,99998,1,1,0,0,103,60,0.001630032600652013,1,0,49919,49954,78,44,0,0,0,0,0,0,99837,0,0,0,0,0,0,0,0,0,0,161,0,0,0,0,0,0
100,896,101.02430334672611,99998,1,1,0,0,103,60,0.001630032600652013,1,0,49919,49954,78,44,0,0,0,0,0,0,99837,0,0,0,0,0,0,0,0,0,0,161,0,0,0,0,0,0
101,896,102.04238960830519,99998,0,0,0,0,103,60,0.001630032600652013,1,0,49920,49954,78,45,0,0,0,0,0,0,99835,0,0,0,0,0,0,0,0,0,0,163,0,0,0,0,0,0
102,896,103.11652587148248,99998,0,0,0,0,103,60,0.001630032600652013,1,0,49920,49954,78,45,0,0,0,0,0,0,99835,0,0,0,0,0,0,0,0,0,0,163,0,0,0,0,0,0
103,896,104.13461536269196,99998,1,0,0,0,104,60,0.001640032800656013,0,0,49920,49954,78,45,0,0,0,0,0,0,99835,0,0,0,0,0,0,0,0,0,0,163,0,0,0,0,0,0
104,896,105.00095636815804,99998,1,0,0,0,104,60,0.001640032800656013,0,0,49920,49954,78,45,0,0,0,0,0,0,99835,0,0,0,0,0,0,0,0,0,0,163,0,0,0,0,0,0
105,896,106.01904451228866,99998,1,0,0,0,104,60,0.001640032800656013,0,0,49920,49954,78,45,0,0,0,0,0,0,99835,0,0,0,0,0,0,0,0,0,0,163,0,0,0,0,0,0
106,896,107.03713264244956,99998,1,0,0,0,104,60,0.001640032800656013,0,0,49920,49955,78,44,0,0,0,0,0,0,99835,0,0,0,0,0,0,0,0,0,0,163,0,0,0,0,0,0
107,896,108.05522074467105,99998,1,0,0,0,104,60,0.001640032800656013,0,0,49920,49955,78,44,0,0,0,0,0,0,99835,0,0,0,0,0,0,0,0,0,0,163,0,0,0,0,0,0
108,896,109.07330884689253,99998,1,0,0,0,104,60,0.001640032800656013,0,0,49920,49955,78,44,0,0,0,0,0,0,99835,0,0,0,0,0,0,0,0,0,0,163,0,0,0,0,0,0
109,896,110.09139694911401,99998,0,0,0,0,104,60,0.001640032800656013,0,0,49920,49955,79,44,0,0,0,0,0,0,99834,0,0,0,0,0,0,0,0,0,0,164,0,0,0,0,0,0
110,896,111.2414167409504,99998,0,0,0,0,104,60,0.001640032800656013,0,0,49920,49955,79,44,0,0,0,0,0,0,99834,0,0,0,0,0,0,0,0,0,0,164,0,0,0,0,0,0
111,896,112.25950923475789,99998,0,0,0,0,104,60,0.001640032800656013,0,0,49921,49955,78,44,0,0,0,0,0,0,99834,0,0,0,0,0,0,0,0,0,0,164,0,0,0,0,0,0
112,896,113.27758129272104,99998,0,0,0,0,104,60,0.001640032800656013,0,0,49922,49955,77,44,0,0,0,0,0,0,99834,0,0,0,0,0,0,0,0,0,0,164,0,0,0,0,0,0
113,896,114.29563972715182,99998,0,0,0,0,104,60,0.001640032800656013,0,0,49922,49955,77,44,0,0,0,0,0,0,99834,0,0,0,0,0,0,0,0,0,0,164,0,0,0,0,0,0
114,896,115.31369816158261,99998,0,0,0,0,104,60,0.001640032800656013,0,0,49923,49956,76,43,0,0,0,0,0,0,99834,0,0,0,0,0,0,0,0,0,0,164,0,0,0,0,0,0
115,896,116.33173611962694,99998,0,0,0,0,104,60,0.001640032800656013,0,0,49923,49956,76,43,0,0,0,0,0,0,99834,0,0,0,0,0,0,0,0,0,0,164,0,0,0,0,0,0
116,896,117.0104280916565,99998,0,0,0,0,104,60,0.001640032800656013,0,0,49923,49956,76,43,0,0,0,0,0,0,99834,0,0,0,0,0,0,0,0,0,0,164,0,0,0,0,0,0
117,896,118.02846604970082,99998,0,0,0,0,104,60,0.001640032800656013,0,0,49923,49956,76,43,0,0,0,0,0,0,99834,0,0,0,0,0,0,0,0,0,0,164,0,0,0,0,0,0
118,896,119.04650400774516,99998,0,0,0,0,104,60,0.001640032800656013,0,0,49923,49956,76,43,0,0,0,0,0,0,99834,0,0,0,0,0,0,0,0,0,0,164,0,0,0,0,0,0
119,896,120.06454196578949,99998,0,0,0,0,104,60,0.001640032800656013,0,0,49923,49956,76,43,0,0,0,0,0,0,99834,0,0,0,0,0,0,0,0,0,0,164,0,0,0,0,0,0
120,896,121.08257992383382,99998,0,0,0,0,104,60,0.001640032800656013,0,0,49923,49956,76,43,0,0,0,0,0,0,99834,0,0,0,0,0,0,0,0,0,0,164,0,0,0,0,0,0
121,896,122.10061788187815,99998,0,0,0,0,104,60,0.001640032800656013,0,0,49923,49956,76,43,0,0,0,0,0,0,99834,0,0,0,0,0,0,0,0,0,0,164,0,0,0,0,0,0
122,896,123.11865583992248,99998,0,0,0,0,104,60,0.001640032800656013,0,0,49923,49956,76,43,0,0,0,0,0,0,99834,0,0,0,0,0,0,0,0,0,0,164,0,0,0,0,0,0
123,896,124.13669379796681,99998,0,0,0,0,104,60,0.001640032800656013,0,0,49924,49957,75,42,0,0,0,0,0,0,99834,0,0,0,0,0,0,0,0,0,0,164,0,0,0,0,0,0
124,896,125.15471128044499,99998,0,0,0,0,104,60,0.001640032800656013,0,0,49924,49957,75,42,0,0,0,0,0,0,99834,0,0,0,0,0,0,0,0,0,0,164,0,0,0,0,0,0
125,896,126.17272876292316,99998,0,0,0,0,104,60,0.001640032800656013,0,0,49924,49957,75,42,0,0,0,0,0,0,99834,0,0,0,0,0,0,0,0,0,0,164,0,0,0,0,0,0
126,896,127.19074624540133,99998,0,0,0,0,104,60,0.001640032800656013,0,0,49924,49957,75,42,0,0,0,0,0,0,99834,0,0,0,0,0,0,0,0,0,0,164,0,0,0,0,0,0
127,896,128.2087637278795,99998,0,0,0,0,104,60,0.001640032800656013,0,0,49925,49957,74,42,0,0,0,0,0,0,99834,0,0,0,0,0,0,0,0,0,0,164,0,0,0,0,0,0
128,896,129.22676077751672,99998,0,0,0,0,104,60,0.001640032800656013,0,0,49925,49957,74,42,0,0,0,0,0,0,99834,0,0,0,0,0,0,0,0,0,0,164,0,0,0,0,0,0
129,896,130.24475782715393,99998,0,0,0,0,104,60,0.001640032800656013,0,0,49926,49957,73,42,0,0,0,0,0,0,99834,0,0,0,0,0,0,0,0,0,0,164,0,0,0,0,0,0
130,896,131.26274125544282,99998,0,0,0,0,104,60,0.001640032800656013,0,0,49926,49957,73,42,0,0,0,0,0,0,99834,0,0,0,0,0,0,0,0,0,0,164,0,0,0,0,0,0
131,896,132.28071787305754,99998,0,0,0,0,104,60,0.001640032800656013,0,0,49926,49957,73,42,0,0,0,0,0,0,99834,0,0,0,0,0,0,0,0,0,0,164,0,0,0,0,0,0
132,896,133.29869449067226,99998,0,0,0,0,104,60,0.001640032800656013,0,0,49926,49958,73,41,0,0,0,0,0,0,99834,0,0,0,0,0,0,0,0,0,0,164,0,0,0,0,0,0
133,896,134.31667108035094,99998,0,0,0,0,104,60,0.001640032800656013,0,0,49927,49958,72,41,0,0,0,0,0,0,99834,0,0,0,0,0,0,0,0,0,0,164,0,0,0,0,0,0
134,896,135.3346272248585,99998,0,0,0,0,104,60,0.001640032800656013,0,0,49927,49959,72,40,0,0,0,0,0,0,99834,0,0,0,0,0,0,0,0,0,0,164,0,0,0,0,0,0
135,896,136.01326464056245,99998,0,0,0,0,104,60,0.001640032800656013,0,0,49927,49959,72,40,0,0,0,0,0,0,99834,0,0,0,0,0,0,0,0,0,0,164,0,0,0,0,0,0
136,896,137.03122074316673,99998,0,0,0,0,104,60,0.001640032800656013,0,0,49929,49960,70,39,0,0,0,0,0,0,99834,0,0,0,0,0,0,0,0,0,0,164,0,0,0,0,0,0
137,896,138.04914276774247,99998,0,0,0,0,104,60,0.001640032800656013,0,0,49929,49960,70,39,0,0,0,0,0,0,99834,0,0,0,0,0,0,0,0,0,0,164,0,0,0,0,0,0
138,896,139.06705796849587,99998,0,0,0,0,104,60,0.001640032800656013,0,0,49929,49960,70,39,0,0,0,0,0,0,99834,0,0,0,0,0,0,0,0,0,0,164,0,0,0,0,0,0
139,896,140.08497316924928,99998,0,0,0,0,104,60,0.001640032800656013,0,0,49929,49960,70,39,0,0,0,0,0,0,99834,0,0,0,0,0,0,0,0,0,0,164,0,0,0,0,0,0
140,896,141.1028883560355,99998,0,0,0,0,104,60,0.001640032800656013,0,0,49929,49961,70,38,0,0,0,0,0,0,99834,0,0,0,0,0,0,0,0,0,0,164,0,0,0,0,0,0
141,896,142.1208035148873,99998,0,0,0,0,104,60,0.001640032800656013,0,0,49929,49961,70,38,0,0,0,0,0,0,99834,0,0,0,0,0,0,0,0,0,0,164,0,0,0,0,0,0
142,896,143.13871867373913,99998,0,0,0,0,104,60,0.001640032800656013,0,0,49929,49961,70,38,0,0,0,0,0,0,99834,0,0,0,0,0,0,0,0,0,0,164,0,0,0,0,0,0
143,896,144.15663383259096,99998,0,0,0,0,104,60,0.001640032800656013,0,0,49929,49961,70,38,0,0,0,0,0,0,99834,0,0,0,0,0,0,0,0,0,0,164,0,0,0,0,0,0
144,896,145.17454899144278,99998,0,0,0,0,104,60,0.001640032800656013,0,0,49929,49961,70,38,0,0,0,0,0,0,99834,0,0,0,0,0,0,0,0,0,0,164,0,0,0,0,0,0
145,896,146.1924641502946,99998,0,0,0,0,104,60,0.001640032800656013,0,0,49930,49961,69,38,0,0,0,0,0,0,99834,0,0,0,0,0,0,0,0,0,0,164,0,0,0,0,0,0
146,896,147.21035207109185,99998,0,0,0,0,104,60,0.001640032800656013,0,0,49931,49961,68,38,0,0,0,0,0,0,99834,0,0,0,0,0,0,0,0,0,0,164,0,0,0,0,0,0
147,896,148.22822637327096,99998,0,0,0,0,104,60,0.001640032800656013,0,0,49931,49961,68,38,0,0,0,0,0,0,99834,0,0,0,0,0,0,0,0,0,0,164,0,0,0,0,0,0
148,896,149.24610067545007,99998,0,0,0,0,104,60,0.001640032800656013,0,0,49931,49961,68,38,0,0,0,0,0,0,99834,0,0,0,0,0,0,0,0,0,0,164,0,0,0,0,0,0
149,896,150.26397497762918,99998,0,0,0,0,104,60,0.001640032800656013,0,0,49931,49961,68,38,0,0,0,0,0,0,99834,0,0,0,0,0,0,0,0,0,0,164,0,0,0,0,0,0
150,896,151.28184927980828,99998,0,0,0,0,104,60,0.001640032800656013,0,0,49931,49961,68,38,0,0,0,0,0,0,99834,0,0,0,0,0,0,0,0,0,0,164,0,0,0,0,0,0
151,896,152.2997235819874,99998,0,0,0,0,104,60,0.001640032800656013,0,0,49931,49961,68,38,0,0,0,0,0,0,99834,0,0,0,0,0,0,0,0,0,0,164,0,0,0,0,0,0
152,896,153.3175978841665,99998,0,0,0,0,104,60,0.001640032800656013,0,0,49931,49961,68,38,0,0,0,0,0,0,99834,0,0,0,0,0,0,0,0,0,0,164,0,0,0,0,0,0
153,896,154.3354721863456,99998,0,0,0,0,104,60,0.001640032800656013,0,0,49931,49961,68,38,0,0,0,0,0,0,99834,0,0,0,0,0,0,0,0,0,0,164,0,0,0,0,0,0
154,896,155.01405505446502,99998,0,0,0,0,104,60,0.001640032800656013,0,0,49931,49961,68,38,0,0,0,0,0,0,99834,0,0,0,0,0,0,0,0,0,0,164,0,0,0,0,0,0
155,896,156.03192935664413,99998,0,0,0,0,104,60,0.001640032800656013,0,0,49931,49961,68,38,0,0,0,0,0,0,99834,0,0,0,0,0,0,0,0,0,0,164,0,0,0,0,0,0
156,896,157.04980365882324,99998,0,0,0,0,104,60,0.001640032800656013,0,0,49931,49961,68,38,0,0,0,0,0,0,99834,0,0,0,0,0,0,0,0,0,0,164,0,0,0,0,0,0
157,896,158.06767796100235,99998,0,0,0,0,104,60,0.001640032800656013,0,0,49932,49961,67,38,0,0,0,0,0,0,99834,0,0,0,0,0,0,0,0,0,0,164,0,0,0,0,0,0
158,896,159.08553864510878,99998,0,0,0,0,104,60,0.001640032800656013,0,0,49932,49961,67,38,0,0,0,0,0,0,99834,0,0,0,0,0,0,0,0,0,0,164,0,0,0,0,0,0
159,896,160.1033925201789,99998,0,0,0,0,104,60,0.001640032800656013,0,0,49932,49961,67,38,0,0,0,0,0,0,99834,0,0,0,0,0,0,0,0,0,0,164,0,0,0,0,0,0
160,896,161.121246395249,99998,0,0,0,0,104,60,0.001640032800656013,0,0,49932,49961,67,38,0,0,0,0,0,0,99834,0,0,0,0,0,0,0,0,0,0,164,0,0,0,0,0,0
161,896,162.1391002703191,99998,0,0,0,0,104,60,0.001640032800656013,0,0,49933,49962,66,37,0,0,0,0,0,0,99834,0,0,0,0,0,0,0,0,0,0,164,0,0,0,0,0,0
162,896,163.1569268687096,99998,0,0,0,0,104,60,0.001640032800656013,0,0,49934,49963,65,36,0,0,0,0,0,0,99834,0,0,0,0,0,0,0,0,0,0,164,0,0,0,0,0,0
163,896,164.17472620602476,99998,0,0,0,0,104,60,0.001640032800656013,0,0,49936,49963,63,36,0,0,0,0,0,0,99834,0,0,0,0,0,0,0,0,0,0,164,0,0,0,0,0,0
164,896,165.19249829704896,99998,0,0,0,0,104,60,0.001640032800656013,0,0,49937,49963,62,36,0,0,0,0,0,0,99834,0,0,0,0,0,0,0,0,0,0,164,0,0,0,0,0,0
165,896,166.2102567727285,99998,0,0,0,0,104,60,0.001640032800656013,0,0,49937,49963,62,36,0,0,0,0,0,0,99834,0,0,0,0,0,0,0,0,0,0,164,0,0,0,0,0,0
166,896,167.22800844073575,99998,0,0,0,0,104,60,0.001640032800656013,0,0,49937,49963,62,36,0,0,0,0,0,0,99834,0,0,0,0,0,0,0,0,0,0,164,0,0,0,0,0,0
167,896,168.24575330134334,99998,0,0,0,0,104,60,0.001640032800656013,0,0,49938,49963,61,36,0,0,0,0,0,0,99834,0,0,0,0,0,0,0,0,0,0,164,0,0,0,0,0,0
168,896,169.26347093317023,99998,0,0,0,0,104,60,0.001640032800656013,0,0,49940,49963,59,36,0,0,0,0,0,0,99834,0,0,0,0,0,0,0,0,0,0,164,0,0,0,0,0,0
169,896,170.28116133703426,99998,0,0,0,0,104,60,0.001640032800656013,0,0,49940,49963,59,36,0,0,0,0,0,0,99834,0,0,0,0,0,0,0,0,0,0,164,0,0,0,0,0,0
170,896,171.2988517408983,99998,0,0,0,0,104,60,0.001640032800656013,0,0,49940,49963,59,36,0,0,0,0,0,0,99834,0,0,0,0,0,0,0,0,0,0,164,0,0,0,0,0,0
171,896,172.31654214476234,99998,0,0,0,0,104,60,0.001640032800656013,0,0,49940,49963,59,36,0,0,0,0,0,0,99834,0,0,0,0,0,0,0,0,0,0,164,0,0,0,0,0,0
172,896,173.33423254862637,99998,0,0,0,0,104,60,0.001640032800656013,0,0,49940,49963,59,36,0,0,0,0,0,0,99834,0,0,0,0,0,0,0,0,0,0,164,0,0,0,0,0,0
173,896,174.01269281786907,99998,0,0,0,0,104,60,0.001640032800656013,0,0,49940,49963,59,36,0,0,0,0,0,0,99834,0,0,0,0,0,0,0,0,0,0,164,0,0,0,0,0,0
174,896,175.0303832217331,99998,0,0,0,0,104,60,0.001640032800656013,0,0,49940,49963,59,36,0,0,0,0,0,0,99834,0,0,0,0,0,0,0,0,0,0,164,0,0,0,0,0,0
175,896,176.04807362559714,99998,0,0,0,0,104,60,0.001640032800656013,0,0,49940,49963,59,36,0,0,0,0,0,0,99834,0,0,0,0,0,0,0,0,0,0,164,0,0,0,0,0,0
176,896,177.06576402946118,99998,0,0,0,0,104,60,0.001640032800656013,0,0,49940,49963,59,36,0,0,0,0,0,0,99834,0,0,0,0,0,0,0,0,0,0,164,0,0,0,0,0,0
177,896,178.08345443332522,99998,0,0,0,0,104,60,0.001640032800656013,0,0,49940,49963,59,36,0,0,0,0,0,0,99834,0,0,0,0,0,0,0,0,0,0,164,0,0,0,0,0,0
178,896,179.10114483718925,99998,0,0,0,0,104,60,0.001640032800656013,0,0,49940,49963,59,36,0,0,0,0,0,0,99834,0,0,0,0,0,0,0,0,0,0,164,0,0,0,0,0,0
179,896,180.11882843447148,99998,0,0,0,0,104,60,0.001640032800656013,0,0,49941,49963,58,36,0,0,0,0,0,0,99834,0,0,0,0,0,0,0,0,0,0,164,0,0,0,0,0,0
180,896,181.1364984185901,99998,0,0,0,0,104,60,0.001640032800656013,0,0,49941,49963,58,36,0,0,0,0,0,0,99834,0,0,0,0,0,0,0,0,0,0,164,0,0,0,0,0,0
181,896,182.1541684027087,99998,0,0,0,0,104,60,0.001640032800656013,0,0,49941,49963,58,36,0,0,0,0,0,0,99834,0,0,0,0,0,0,0,0,0,0,164,0,0,0,0,0,0
182,896,183.17183838682732,99998,0,0,0,0,104,60,0.001640032800656013,0,0,49941,49963,58,36,0,0,0,0,0,0,99834,0,0,0,0,0,0,0,0,0,0,164,0,0,0,0,0,0
183,896,184.1895083569821,99998,0,0,0,0,104,60,0.001640032800656013,0,0,49941,49964,58,35,0,0,0,0,0,0,99834,0,0,0,0,0,0,0,0,0,0,164,0,0,0,0,0,0
184,896,185.20717829920918,99998,0,0,0,0,104,60,0.001640032800656013,0,0,49941,49964,58,35,0,0,0,0,0,0,99834,0,0,0,0,0,0,0,0,0,0,164,0,0,0,0,0,0
185,896,186.22484142116375,99998,0,0,0,0,104,60,0.001640032800656013,0,0,49942,49965,57,34,0,0,0,0,0,0,99834,0,0,0,0,0,0,0,0,0,0,164,0,0,0,0,0,0
186,896,187.24249090257328,99998,0,0,0,0,104,60,0.001640032800656013,0,0,49943,49965,56,34,0,0,0,0,0,0,99834,0,0,0,0,0,0,0,0,0,0,164,0,0,0,0,0,0
187,896,188.26011996587448,99998,0,0,0,0,104,60,0.001640032800656013,0,0,49943,49965,56,34,0,0,0,0,0,0,99834,0,0,0,0,0,0,0,0,0,0,164,0,0,0,0,0,0
188,896,189.27774902917568,99998,0,0,0,0,104,60,0.001640032800656013,0,0,49944,49965,55,34,0,0,0,0,0,0,99834,0,0,0,0,0,0,0,0,0,0,164,0,0,0,0,0,0
189,896,190.29535767518624,99998,0,0,0,0,104,60,0.001640032800656013,0,0,49944,49965,55,34,0,0,0,0,0,0,99834,0,0,0,0,0,0,0,0,0,0,164,0,0,0,0,0,0
190,896,191.3129663211968,99998,0,0,0,0,104,60,0.001640032800656013,0,0,49944,49965,55,34,0,0,0,0,0,0,99834,0,0,0,0,0,0,0,0,0,0,164,0,0,0,0,0,0
191,896,192.33057496720735,99998,0,0,0,0,104,60,0.001640032800656013,0,0,49944,49965,55,34,0,0,0,0,0,0,99834,0,0,0,0,0,0,0,0,0,0,164,0,0,0,0,0,0
192,896,193.0089807312144,99998,0,0,0,0,104,60,0.001640032800656013,0,0,49945,49965,54,34,0,0,0,0,0,0,99834,0,0,0,0,0,0,0,0,0,0,164,0,0,0,0,0,0
193,896,194.02656896075183,99998,0,0,0,0,104,60,0.001640032800656013,0,0,49945,49965,54,34,0,0,0,0,0,0,99834,0,0,0,0,0,0,0,0,0,0,164,0,0,0,0,0,0
194,896,195.04415719028927,99998,0,0,0,0,104,60,0.001640032800656013,0,0,49945,49965,54,34,0,0,0,0,0,0,99834,0,0,0,0,0,0,0,0,0,0,164,0,0,0,0,0,0
195,896,196.0617454198267,99998,0,0,0,0,104,60,0.001640032800656013,0,0,49945,49965,54,34,0,0,0,0,0,0,99834,0,0,0,0,0,0,0,0,0,0,164,0,0,0,0,0,0
196,896,197.07933364936414,99998,0,0,0,0,104,60,0.001640032800656013,0,0,49945,49965,54,34,0,0,0,0,0,0,99834,0,0,0,0,0,0,0,0,0,0,164,0,0,0,0,0,0
197,896,198.09692187890158,99998,0,0,0,0,104,60,0.001640032800656013,0,0,49945,49965,54,34,0,0,0,0,0,0,99834,0,0,0,0,0,0,0,0,0,0,164,0,0,0,0,0,0
198,896,199.11451010843902,99998,0,0,0,0,104,60,0.001640032800656013,0,0,49945,49965,54,34,0,0,0,0,0,0,99834,0,0,0,0,0,0,0,0,0,0,164,0,0,0,0,0,0
199,896,200.13209833797646,99998,0,0,0,0,104,60,0.001640032800656013,0,0,49945,49965,54,34,0,0,0,0,0,0,99834,0,0,0,0,0,0,0,0,0,0,164,0,0,0,0,0,0
200,896,201.1496865675139,99998,0,0,0,0,104,60,0.001640032800656013,0,0,49945,49965,54,34,0,0,0,0,0,0,99834,0,0,0,0,0,0,0,0,0,0,164,0,0,0,0,0,0
201,896,202.16727479705133,99998,0,0,0,0,104,60,0.001640032800656013,0,0,49945,49965,54,34,0,0,0,0,0,0,99834,0,0,0,0,0,0,0,0,0,0,164,0,0,0,0,0,0
202,896,203.18486302658877,99998,0,0,0,0,104,60,0.001640032800656013,0,0,49945,49965,54,34,0,0,0,0,0,0,99834,0,0,0,0,0,0,0,0,0,0,164,0,0,0,0,0,0
203,896,204.2024512561262,99998,0,0,0,0,104,60,0.001640032800656013,0,0,49945,49965,54,34,0,0,0,0,0,0,99834,0,0,0,0,0,0,0,0,0,0,164,0,0,0,0,0,0
204,896,205.22003948566365,99998,0,0,0,0,104,60,0.001640032800656013,0,0,49945,49965,54,34,0,0,0,0,0,0,99834,0,0,0,0,0,0,0,0,0,0,164,0,0,0,0,0,0
205,896,206.23762771520109,99998,0,0,0,0,104,60,0.001640032800656013,0,0,49945,49965,54,34,0,0,0,0,0,0,99834,0,0,0,0,0,0,0,0,0,0,164,0,0,0,0,0,0
206,896,207.25521594473852,99998,0,0,0,0,104,60,0.001640032800656013,0,0,49945,49965,54,34,0,0,0,0,0,0,99834,0,0,0,0,0,0,0,0,0,0,164,0,0,0,0,0,0
207,896,208.27280417427596,99998,0,0,0,0,104,60,0.001640032800656013,0,0,49945,49965,54,34,0,0,0,0,0,0,99834,0,0,0,0,0,0,0,0,0,0,164,0,0,0,0,0,0
208,896,209.2903924038134,99998,0,0,0,0,104,60,0.001640032800656013,0,0,49945,49965,54,34,0,0,0,0,0,0,99834,0,0,0,0,0,0,0,0,0,0,164,0,0,0,0,0,0
209,896,210.30798063335084,99998,0,0,0,0,104,60,0.001640032800656013,0,0,49945,49965,54,34,0,0,0,0,0,0,99834,0,0,0,0,0,0,0,0,0,0,164,0,0,0,0,0,0
210,896,211.32556886288828,99998,0,0,0,0,104,60,0.001640032800656013,0,0,49945,49965,54,34,0,0,0,0,0,0,99834,0,0,0,0,0,0,0,0,0,0,164,0,0,0,0,0,0
211,896,212.00396101591323,99998,0,0,0,0,104,60,0.001640032800656013,0,0,49945,49965,54,34,0,0,0,0,0,0,99834,0,0,0,0,0,0,0,0,0,0,164,0,0,0,0,0,0
212,896,213.02154244023214,99998,0,0,0,0,104,60,0.001640032800656013,0,0,49946,49965,53,34,0,0,0,0,0,0,99834,0,0,0,0,0,0,0,0,0,0,164,0,0,0,0,0,0
213,896,214.03911025411398,99998,0,0,0,0,104,60,0.001640032800656013,0,0,49947,49965,52,34,0,0,0,0,0,0,99834,0,0,0,0,0,0,0,0,0,0,164,0,0,0,0,0,0
214,896,215.05665765315774,99998,0,0,0,0,104,60,0.001640032800656013,0,0,49947,49965,52,34,0,0,0,0,0,0,99834,0,0,0,0,0,0,0,0,0,0,164,0,0,0,0,0,0
215,896,216.0742050522015,99998,0,0,0,0,104,60,0.001640032800656013,0,0,49947,49965,52,34,0,0,0,0,0,0,99834,0,0,0,0,0,0,0,0,0,0,164,0,0,0,0,0,0
216,896,217.09175245124527,99998,0,0,0,0,104,60,0.001640032800656013,0,0,49947,49965,52,34,0,0,0,0,0,0,99834,0,0,0,0,0,0,0,0,0,0,164,0,0,0,0,0,0
217,896,218.10929985028903,99998,0,0,0,0,104,60,0.001640032800656013,0,0,49947,49965,52,34,0,0,0,0,0,0,99834,0,0,0,0,0,0,0,0,0,0,164,0,0,0,0,0,0
218,896,219.1268472493328,99998,0,0,0,0,104,60,0.001640032800656013,0,0,49947,49965,52,34,0,0,0,0,0,0,99834,0,0,0,0,0,0,0,0,0,0,164,0,0,0,0,0,0
219,896,220.14439464837656,99998,0,0,0,0,104,60,0.001640032800656013,0,0,49948,49965,51,34,0,0,0,0,0,0,99834,0,0,0,0,0,0,0,0,0,0,164,0,0,0,0,0,0
220,896,221.16192843807323,99998,0,0,0,0,104,60,0.001640032800656013,0,0,49948,49965,51,34,0,0,0,0,0,0,99834,0,0,0,0,0,0,0,0,0,0,164,0,0,0,0,0,0
221,896,222.17945542309636,99998,0,0,0,0,104,60,0.001640032800656013,0,0,49948,49965,51,34,0,0,0,0,0,0,99834,0,0,0,0,0,0,0,0,0,0,164,0,0,0,0,0,0
222,896,223.19698240811948,99998,0,0,0,0,104,60,0.001640032800656013,0,0,49949,49965,50,34,0,0,0,0,0,0,99834,0,0,0,0,0,0,0,0,0,0,164,0,0,0,0,0,0
223,896,224.21449578434047,99998,0,0,0,0,104,60,0.001640032800656013,0,0,49949,49965,50,34,0,0,0,0,0,0,99834,0,0,0,0,0,0,0,0,0,0,164,0,0,0,0,0,0
224,896,225.2320023561604,99998,0,0,0,0,104,60,0.001640032800656013,0,0,49949,49965,50,34,0,0,0,0,0,0,99834,0,0,0,0,0,0,0,0,0,0,164,0,0,0,0,0,0
225,896,226.24950892798032,99998,0,0,0,0,104,60,0.001640032800656013,0,0,49949,49965,50,34,0,0,0,0,0,0,99834,0,0,0,0,0,0,0,0,0,0,164,0,0,0,0,0,0
226,896,227.26701549980024,99998,0,0,0,0,104,60,0.001640032800656013,0,0,49949,49965,50,34,0,0,0,0,0,0,99834,0,0,0,0,0,0,0,0,0,0,164,0,0,0,0,0,0
227,896,228.28452207162016,99998,0,0,0,0,104,60,0.001640032800656013,0,0,49949,49965,50,34,0,0,0,0,0,0,99834,0,0,0,0,0,0,0,0,0,0,164,0,0,0,0,0,0
228,896,229.30202862947849,99998,0,0,0,0,104,60,0.001640032800656013,0,0,49949,49966,50,33,0,0,0,0,0,0,99834,0,0,0,0,0,0,0,0,0,0,164,0,0,0,0,0,0
229,896,230.31953515941362,99998,0,0,0,0,104,60,0.001640032800656013,0,0,49949,49966,50,33,0,0,0,0,0,0,99834,0,0,0,0,0,0,0,0,0,0,164,0,0,0,0,0,0
230,896,231.33704168934875,99998,0,0,0,0,104,60,0.001640032800656013,0,0,49949,49966,50,33,0,0,0,0,0,0,99834,0,0,0,0,0,0,0,0,0,0,164,0,0,0,0,0,0
231,896,232.01537937597217,99998,0,0,0,0,104,60,0.001640032800656013,0,0,49949,49966,50,33,0,0,0,0,0,0,99834,0,0,0,0,0,0,0,0,0,0,164,0,0,0,0,0,0
232,896,233.0328859059073,99998,0,0,0,0,104,60,0.001640032800656013,0,0,49950,49966,49,33,0,0,0,0,0,0,99834,0,0,0,0,0,0,0,0,0,0,164,0,0,0,0,0,0
233,896,234.05037882758572,99998,0,0,0,0,104,60,0.001640032800656013,0,0,49950,49966,49,33,0,0,0,0,0,0,99834,0,0,0,0,0,0,0,0,0,0,164,0,0,0,0,0,0
234,896,235.06786494513577,99998,0,0,0,0,104,60,0.001640032800656013,0,0,49950,49966,49,33,0,0,0,0,0,0,99834,0,0,0,0,0,0,0,0,0,0,164,0,0,0,0,0,0
235,896,236.08535106268582,99998,0,0,0,0,104,60,0.001640032800656013,0,0,49950,49966,49,33,0,0,0,0,0,0,99834,0,0,0,0,0,0,0,0,0,0,164,0,0,0,0,0,0
236,896,237.10283718023587,99998,0,0,0,0,104,60,0.001640032800656013,0,0,49950,49966,49,33,0,0,0,0,0,0,99834,0,0,0,0,0,0,0,0,0,0,164,0,0,0,0,0,0
237,896,238.12032329778592,99998,0,0,0,0,104,60,0.001640032800656013,0,0,49950,49966,49,33,0,0,0,0,0,0,99834,0,0,0,0,0,0,0,0,0,0,164,0,0,0,0,0,0
238,896,239.13780941533597,99998,0,0,0,0,104,60,0.001640032800656013,0,0,49950,49966,49,33,0,0,0,0,0,0,99834,0,0,0,0,0,0,0,0,0,0,164,0,0,0,0,0,0
239,896,240.15529553288602,99998,0,0,0,0,104,60,0.001640032800656013,0,0,49950,49967,49,32,0,0,0,0,0,0,99834,0,0,0,0,0,0,0,0,0,0,164,0,0,0,0,0,0
240,896,241.17278160855213,99998,0,0,0,0,104,60,0.001640032800656013,0,0,49950,49967,49,32,0,0,0,0,0,0,99834,0,0,0,0,0,0,0,0,0,0,164,0,0,0,0,0,0
241,896,242.19026768421824,99998,0,0,0,0,104,60,0.001640032800656013,0,0,49950,49967,49,32,0,0,0,0,0,0,99834,0,0,0,0,0,0,0,0,0,0,164,0,0,0,0,0,0
242,896,243.20775375988435,99998,0,0,0,0,104,60,0.001640032800656013,0,0,49950,49967,49,32,0,0,0,0,0,0,99834,0,0,0,0,0,0,0,0,0,0,164,0,0,0,0,0,0
243,896,244.22523983555047,99998,0,0,0,0,104,60,0.001640032800656013,0,0,49950,49967,49,32,0,0,0,0,0,0,99834,0,0,0,0,0,0,0,0,0,0,164,0,0,0,0,0,0
244,896,245.24272591121658,99998,0,0,0,0,104,60,0.001640032800656013,0,0,49950,49968,49,31,0,0,0,0,0,0,99834,0,0,0,0,0,0,0,0,0,0,164,0,0,0,0,0,0
245,896,246.26021195896007,99998,0,0,0,0,104,60,0.001640032800656013,0,0,49950,49968,49,31,0,0,0,0,0,0,99834,0,0,0,0,0,0,0,0,0,0,164,0,0,0,0,0,0
246,896,247.27769799274225,99998,0,0,0,0,104,60,0.001640032800656013,0,0,49950,49968,49,31,0,0,0,0,0,0,99834,0,0,0,0,0,0,0,0,0,0,164,0,0,0,0,0,0
247,896,248.29518402652442,99998,0,0,0,0,104,60,0.001640032800656013,0,0,49950,49968,49,31,0,0,0,0,0,0,99834,0,0,0,0,0,0,0,0,0,0,164,0,0,0,0,0,0
248,896,249.3126700603066,99998,0,0,0,0,104,60,0.001640032800656013,0,0,49951,49968,48,31,0,0,0,0,0,0,99834,0,0,0,0,0,0,0,0,0,0,164,0,0,0,0,0,0
249,896,250.3301356685617,99998,0,0,0,0,104,60,0.001640032800656013,0,0,49951,49969,48,30,0,0,0,0,0,0,99834,0,0,0,0,0,0,0,0,0,0,164,0,0,0,0,0,0
250,896,251.00844605545035,99998,0,0,0,0,104,60,0.001640032800656013,0,0,49951,49969,48,30,0,0,0,0,0,0,99834,0,0,0,0,0,0,0,0,0,0,164,0,0,0,0,0,0
251,896,252.02591163578333,99998,0,0,0,0,104,60,0.001640032800656013,0,0,49952,49969,47,30,0,0,0,0,0,0,99834,0,0,0,0,0,0,0,0,0,0,164,0,0,0,0,0,0
252,896,253.04335680536832,99998,0,0,0,0,104,60,0.001640032800656013,0,0,49952,49969,47,30,0,0,0,0,0,0,99834,0,0,0,0,0,0,0,0,0,0,164,0,0,0,0,0,0
253,896,254.0608019749533,99998,0,0,0,0,104,60,0.001640032800656013,0,0,49952,49969,47,30,0,0,0,0,0,0,99834,0,0,0,0,0,0,0,0,0,0,164,0,0,0,0,0,0
254,896,255.0782471445383,99998,0,0,0,0,104,60,0.001640032800656013,0,0,49952,49969,47,30,0,0,0,0,0,0,99834,0,0,0,0,0,0,0,0,0,0,164,0,0,0,0,0,0
255,896,256.0956923141233,99998,0,0,0,0,104,60,0.001640032800656013,0,0,49952,49969,47,30,0,0,0,0,0,0,99834,0,0,0,0,0,0,0,0,0,0,164,0,0,0,0,0,0
256,896,257.1131374837084,99998,0,0,0,0,104,60,0.001640032800656013,0,0,49952,49969,47,30,0,0,0,0,0,0,99834,0,0,0,0,0,0,0,0,0,0,164,0,0,0,0,0,0
257,896,258.13058265329346,99998,0,0,0,0,104,60,0.001640032800656013,0,0,49952,49969,47,30,0,0,0,0,0,0,99834,0,0,0,0,0,0,0,0,0,0,164,0,0,0,0,0,0
258,896,259.14802782287853,99998,0,0,0,0,104,60,0.001640032800656013,0,0,49952,49970,47,29,0,0,0,0,0,0,99834,0,0,0,0,0,0,0,0,0,0,164,0,0,0,0,0,0
259,896,260.165472964542,99998,0,0,0,0,104,60,0.001640032800656013,0,0,49952,49970,47,29,0,0,0,0,0,0,99834,0,0,0,0,0,0,0,0,0,0,164,0,0,0,0,0,0
260,896,261.1829180922447,99998,0,0,0,0,104,60,0.001640032800656013,0,0,49952,49970,47,29,0,0,0,0,0,0,99834,0,0,0,0,0,0,0,0,0,0,164,0,0,0,0,0,0
261,896,262.20036321994735,99998,0,0,0,0,104,60,0.001640032800656013,0,0,49952,49971,47,28,0,0,0,0,0,0,99834,0,0,0,0,0,0,0,0,0,0,164,0,0,0,0,0,0
262,896,263.2178083057678,99998,0,0,0,0,104,60,0.001640032800656013,0,0,49952,49971,47,28,0,0,0,0,0,0,99834,0,0,0,0,0,0,0,0,0,0,164,0,0,0,0,0,0
263,896,264.23525339158823,99998,0,0,0,0,104,60,0.001640032800656013,0,0,49953,49972,46,27,0,0,0,0,0,0,99834,0,0,0,0,0,0,0,0,0,0,164,0,0,0,0,0,0
264,896,265.2526780255982,99998,0,0,0,0,104,60,0.001640032800656013,0,0,49953,49972,46,27,0,0,0,0,0,0,99834,0,0,0,0,0,0,0,0,0,0,164,0,0,0,0,0,0
265,896,266.27010265960814,99998,0,0,0,0,104,60,0.001640032800656013,0,0,49953,49972,46,27,0,0,0,0,0,0,99834,0,0,0,0,0,0,0,0,0,0,164,0,0,0,0,0,0
266,896,267.2875272936181,99998,0,0,0,0,104,60,0.001640032800656013,0,0,49953,49972,46,27,0,0,0,0,0,0,99834,0,0,0,0,0,0,0,0,0,0,164,0,0,0,0,0,0
267,896,268.30495192762805,99998,0,0,0,0,104,60,0.001640032800656013,0,0,49953,49972,46,27,0,0,0,0,0,0,99834,0,0,0,0,0,0,0,0,0,0,164,0,0,0,0,0,0
268,896,269.322376561638,99998,0,0,0,0,104,60,0.001640032800656013,0,0,49953,49972,46,27,0,0,0,0,0,0,99834,0,0,0,0,0,0,0,0,0,0,164,0,0,0,0,0,0
269,896,270.000659650978,99998,0,0,0,0,104,60,0.001640032800656013,0,0,49954,49972,45,27,0,0,0,0,0,0,99834,0,0,0,0,0,0,0,0,0,0,164,0,0,0,0,0,0
270,896,271.0180706789138,99998,0,0,0,0,104,60,0.001640032800656013,0,0,49954,49972,45,27,0,0,0,0,0,0,99834,0,0,0,0,0,0,0,0,0,0,164,0,0,0,0,0,0
271,896,272.0354749038125,99998,0,0,0,0,104,60,0.001640032800656013,0,0,49954,49972,45,27,0,0,0,0,0,0,99834,0,0,0,0,0,0,0,0,0,0,164,0,0,0,0,0,0
272,896,273.0528791287112,99998,0,0,0,0,104,60,0.001640032800656013,0,0,49954,49973,45,26,0,0,0,0,0,0,99834,0,0,0,0,0,0,0,0,0,0,164,0,0,0,0,0,0
273,896,274.0702833117294,99998,0,0,0,0,104,60,0.001640032800656013,0,0,49954,49973,45,26,0,0,0,0,0,0,99834,0,0,0,0,0,0,0,0,0,0,164,0,0,0,0,0,0
274,896,275.08768749474757,99998,0,0,0,0,104,60,0.001640032800656013,0,0,49955,49974,44,25,0,0,0,0,0,0,99834,0,0,0,0,0,0,0,0,0,0,164,0,0,0,0,0,0
275,896,276.10507804431717,99998,0,0,0,0,104,60,0.001640032800656013,0,0,49955,49974,44,25,0,0,0,0,0,0,99834,0,0,0,0,0,0,0,0,0,0,164,0,0,0,0,0,0
276,896,277.12246177716247,99998,0,0,0,0,104,60,0.001640032800656013,0,0,49955,49974,44,25,0,0,0,0,0,0,99834,0,0,0,0,0,0,0,0,0,0,164,0,0,0,0,0,0
277,896,278.1398455100078,99998,0,0,0,0,104,60,0.001640032800656013,0,0,49955,49974,44,25,0,0,0,0,0,0,99834,0,0,0,0,0,0,0,0,0,0,164,0,0,0,0,0,0
278,896,279.1572292428531,99998,0,0,0,0,104,60,0.001640032800656013,0,0,49955,49974,44,25,0,0,0,0,0,0,99834,0,0,0,0,0,0,0,0,0,0,164,0,0,0,0,0,0
279,896,280.1746129756984,99998,0,0,0,0,104,60,0.001640032800656013,0,0,49955,49974,44,25,0,0,0,0,0,0,99834,0,0,0,0,0,0,0,0,0,0,164,0,0,0,0,0,0
280,896,281.1919967085437,99998,0,0,0,0,104,60,0.001640032800656013,0,0,49955,49974,44,25,0,0,0,0,0,0,99834,0,0,0,0,0,0,0,0,0,0,164,0,0,0,0,0,0
281,896,282.209380441389,99998,0,0,0,0,104,60,0.001640032800656013,0,0,49955,49974,44,25,0,0,0,0,0,0,99834,0,0,0,0,0,0,0,0,0,0,164,0,0,0,0,0,0
282,896,283.2267641742343,99998,0,0,0,0,104,60,0.001640032800656013,0,0,49955,49974,44,25,0,0,0,0,0,0,99834,0,0,0,0,0,0,0,0,0,0,164,0,0,0,0,0,0
283,896,284.2441479070796,99998,0,0,0,0,104,60,0.001640032800656013,0,0,49955,49974,44,25,0,0,0,0,0,0,99834,0,0,0,0,0,0,0,0,0,0,164,0,0,0,0,0,0
284,896,285.2615316399249,99998,0,0,0,0,104,60,0.001640032800656013,0,0,49955,49974,44,25,0,0,0,0,0,0,99834,0,0,0,0,0,0,0,0,0,0,164,0,0,0,0,0,0
285,896,286.2789153727702,99998,0,0,0,0,104,60,0.001640032800656013,0,0,49955,49974,44,25,0,0,0,0,0,0,99834,0,0,0,0,0,0,0,0,0,0,164,0,0,0,0,0,0
286,896,287.2962991056155,99998,0,0,0,0,104,60,0.001640032800656013,0,0,49955,49974,44,25,0,0,0,0,0,0,99834,0,0,0,0,0,0,0,0,0,0,164,0,0,0,0,0,0
287,896,288.313676035969,99998,0,0,0,0,104,60,0.001640032800656013,0,0,49956,49974,43,25,0,0,0,0,0,0,99834,0,0,0,0,0,0,0,0,0,0,164,0,0,0,0,0,0
288,896,289.331039361339,99998,0,0,0,0,104,60,0.001640032800656013,0,0,49956,49974,43,25,0,0,0,0,0,0,99834,0,0,0,0,0,0,0,0,0,0,164,0,0,0,0,0,0
289,896,290.0092815782523,99998,0,0,0,0,104,60,0.001640032800656013,0,0,49956,49975,43,24,0,0,0,0,0,0,99834,0,0,0,0,0,0,0,0,0,0,164,0,0,0,0,0,0
290,896,291.02664486174325,99998,0,0,0,0,104,60,0.001640032800656013,0,0,49957,49975,42,24,0,0,0,0,0,0,99834,0,0,0,0,0,0,0,0,0,0,164,0,0,0,0,0,0
291,896,292.0439877385769,99998,0,0,0,0,104,60,0.001640032800656013,0,0,49957,49975,42,24,0,0,0,0,0,0,99834,0,0,0,0,0,0,0,0,0,0,164,0,0,0,0,0,0
292,896,293.06133061541055,99998,0,0,0,0,104,60,0.001640032800656013,0,0,49957,49975,42,24,0,0,0,0,0,0,99834,0,0,0,0,0,0,0,0,0,0,164,0,0,0,0,0,0
293,896,294.0786734922442,99998,0,0,0,0,104,60,0.001640032800656013,0,0,49957,49975,42,24,0,0,0,0,0,0,99834,0,0,0,0,0,0,0,0,0,0,164,0,0,0,0,0,0
294,896,295.09601636907786,99998,0,0,0,0,104,60,0.001640032800656013,0,0,49958,49975,41,24,0,0,0,0,0,0,99834,0,0,0,0,0,0,0,0,0,0,164,0,0,0,0,0,0
295,896,296.11334564201775,99998,0,0,0,0,104,60,0.001640032800656013,0,0,49958,49975,41,24,0,0,0,0,0,0,99834,0,0,0,0,0,0,0,0,0,0,164,0,0,0,0,0,0
296,896,297.13066811301076,99998,0,0,0,0,104,60,0.001640032800656013,0,0,49958,49975,41,24,0,0,0,0,0,0,99834,0,0,0,0,0,0,0,0,0,0,164,0,0,0,0,0,0
297,896,298.14799058400376,99998,0,0,0,0,104,60,0.001640032800656013,0,0,49958,49975,41,24,0,0,0,0,0,0,99834,0,0,0,0,0,0,0,0,0,0,164,0,0,0,0,0,0
298,896,299.1653130549968,99998,0,0,0,0,104,60,0.001640032800656013,0,0,49958,49975,41,24,0,0,0,0,0,0,99834,0,0,0,0,0,0,0,0,0,0,164,0,0,0,0,0,0
299,896,300.1826355259898,99998,0,0,0,0,104,60,0.001640032800656013,0,0,49958,49975,41,24,0,0,0,0,0,0,99834,0,0,0,0,0,0,0,0,0,0,164,0,0,0,0,0,0
300,896,301.1999579969828,99998,0,0,0,0,104,60,0.001640032800656013,0,0,49958,49975,41,24,0,0,0,0,0,0,99834,0,0,0,0,0,0,0,0,0,0,164,0,0,0,0,0,0
301,896,302.2172804679758,99998,0,0,0,0,104,60,0.001640032800656013,0,0,49958,49975,41,24,0,0,0,0,0,0,99834,0,0,0,0,0,0,0,0,0,0,164,0,0,0,0,0,0
302,896,303.2346029389688,99998,0,0,0,0,104,60,0.001640032800656013,0,0,49958,49975,41,24,0,0,0,0,0,0,99834,0,0,0,0,0,0,0,0,0,0,164,0,0,0,0,0,0
303,896,304.2519186082873,99998,0,0,0,0,104,60,0.001640032800656013,0,0,49959,49975,40,24,0,0,0,0,0,0,99834,0,0,0,0,0,0,0,0,0,0,164,0,0,0,0,0,0
304,896,305.26922067425687,99998,0,0,0,0,104,60,0.001640032800656013,0,0,49961,49975,38,24,0,0,0,0,0,0,99834,0,0,0,0,0,0,0,0,0,0,164,0,0,0,0,0,0
305,896,306.28648193262967,99998,0,0,0,0,104,60,0.001640032800656013,0,0,49961,49975,38,24,0,0,0,0,0,0,99834,0,0,0,0,0,0,0,0,0,0,164,0,0,0,0,0,0
306,896,307.30374319100247,99998,0,0,0,0,104,60,0.001640032800656013,0,0,49961,49975,38,24,0,0,0,0,0,0,99834,0,0,0,0,0,0,0,0,0,0,164,0,0,0,0,0,0
307,896,308.32100444937527,99998,0,0,0,0,104,60,0.001640032800656013,0,0,49961,49975,38,24,0,0,0,0,0,0,99834,0,0,0,0,0,0,0,0,0,0,164,0,0,0,0,0,0
308,896,309.33826570774806,99998,0,0,0,0,104,60,0.001640032800656013,0,0,49961,49975,38,24,0,0,0,0,0,0,99834,0,0,0,0,0,0,0,0,0,0,164,0,0,0,0,0,0
309,896,310.0164398799966,99998,0,0,0,0,104,60,0.001640032800656013,0,0,49961,49975,38,24,0,0,0,0,0,0,99834,0,0,0,0,0,0,0,0,0,0,164,0,0,0,0,0,0
310,896,311.0337011383694,99998,0,0,0,0,104,60,0.001640032800656013,0,0,49961,49975,38,24,0,0,0,0,0,0,99834,0,0,0,0,0,0,0,0,0,0,164,0,0,0,0,0,0
311,896,312.0509623967422,99998,0,0,0,0,104,60,0.001640032800656013,0,0,49961,49975,38,24,0,0,0,0,0,0,99834,0,0,0,0,0,0,0,0,0,0,164,0,0,0,0,0,0
312,896,313.068223655115,99998,0,0,0,0,104,60,0.001640032800656013,0,0,49961,49975,38,24,0,0,0,0,0,0,99834,0,0,0,0,0,0,0,0,0,0,164,0,0,0,0,0,0
313,896,314.0854849134878,99998,0,0,0,0,104,60,0.001640032800656013,0,0,49961,49975,38,24,0,0,0,0,0,0,99834,0,0,0,0,0,0,0,0,0,0,164,0,0,0,0,0,0
314,896,315.1027461718606,99998,0,0,0,0,104,60,0.001640032800656013,0,0,49961,49976,38,23,0,0,0,0,0,0,99834,0,0,0,0,0,0,0,0,0,0,164,0,0,0,0,0,0
315,896,316.1200074023169,99998,0,0,0,0,104,60,0.001640032800656013,0,0,49961,49976,38,23,0,0,0,0,0,0,99834,0,0,0,0,0,0,0,0,0,0,164,0,0,0,0,0,0
316,896,317.13726861881497,99998,0,0,0,0,104,60,0.001640032800656013,0,0,49961,49976,38,23,0,0,0,0,0,0,99834,0,0,0,0,0,0,0,0,0,0,164,0,0,0,0,0,0
317,896,318.15452983531304,99998,0,0,0,0,104,60,0.001640032800656013,0,0,49961,49976,38,23,0,0,0,0,0,0,99834,0,0,0,0,0,0,0,0,0,0,164,0,0,0,0,0,0
318,896,319.1717910518111,99998,0,0,0,0,104,60,0.001640032800656013,0,0,49961,49976,38,23,0,0,0,0,0,0,99834,0,0,0,0,0,0,0,0,0,0,164,0,0,0,0,0,0
319,896,320.1890522683092,99998,0,0,0,0,104,60,0.001640032800656013,0,0,49960,49975,38,23,1,1,1,1,0,0,99832,0,0,0,0,0,0,0,0,0,2,164,0,0,0,0,0,0
320,896,321.2063271149837,99998,0,0,0,0,104,60,0.001640032800656013,0,0,49959,49974,38,23,2,2,2,2,0,0,99830,0,0,0,0,0,0,0,0,0,4,164,0,0,0,0,0,0
321,896,322.12203106449675,99998,0,0,0,0,104,60,0.001640032800656013,0,0,49958,49973,38,23,3,3,3,3,0,0,99828,0,0,0,0,0,0,0,0,0,6,164,0,0,0,0,0,0
322,896,323.0233183524029,99998,0,0,0,0,104,60,0.001640032800656013,0,0,49957,49972,38,23,4,4,4,4,0,0,99826,0,0,0,0,0,0,0,0,0,8,164,0,0,0,0,0,0
323,896,324.2769332387292,99998,0,0,0,0,104,60,0.001640032800656013,0,0,49956,49971,38,23,5,5,5,5,0,0,99824,0,0,0,0,0,0,0,0,0,10,164,0,0,0,0,0,0
324,896,325.02135276969136,99998,0,0,0,0,104,60,0.001640032800656013,0,0,49955,49970,38,23,6,6,6,6,0,0,99822,0,0,0,0,0,0,0,0,0,12,164,0,0,0,0,0,0
325,896,326.0697313118608,99998,0,0,0,0,104,60,0.001640032800656013,0,0,49954,49968,38,23,7,8,8,7,0,0,99819,0,0,0,0,0,0,0,0,0,15,164,0,0,0,0,0,0
326,896,327.0598451792566,99998,0,0,0,0,104,60,0.001640032800656013,0,0,49953,49966,38,23,8,10,10,8,0,0,99816,0,0,0,0,0,0,0,0,0,18,164,0,0,0,0,0,0
327,896,328.03469034059407,99998,0,0,0,0,104,60,0.001640032800656013,0,0,49952,49964,38,23,9,12,12,9,0,0,99813,0,0,0,0,0,0,0,0,0,21,164,0,0,0,0,0,0
328,896,329.04810385015554,99998,0,0,0,0,104,60,0.001640032800656013,0,0,49951,49961,38,23,10,15,15,10,0,0,99809,0,0,0,0,0,0,0,0,0,25,164,0,0,0,0,0,0
329,896,330.0109068027914,99998,0,0,0,0,104,60,0.001640032800656013,0,0,49950,49958,38,23,11,18,18,11,0,0,99805,0,0,0,0,0,0,0,0,0,29,164,0,0,0,0,0,0
330,896,331.0046428719194,99998,0,0,0,0,104,60,0.001640032800656013,0,0,49949,49954,38,23,12,22,22,12,0,0,99800,0,0,0,0,0,0,0,0,0,34,164,0,0,0,0,0,0
331,896,332.00228084910606,99998,0,0,0,0,104,60,0.001640032800656013,0,0,49948,49949,38,23,13,27,27,13,0,0,99794,0,0,0,0,0,0,0,0,0,40,164,0,0,0,0,0,0
332,896,333.2169774399224,99998,0,0,0,0,104,60,0.001640032800656013,0,0,49947,49944,38,23,14,32,32,14,0,0,99788,0,0,0,0,0,0,0,0,0,46,164,0,0,0,0,0,0
333,896,334.00817620099804,99998,0,0,0,0,104,60,0.001640032800656013,0,0,49946,49938,38,23,15,38,38,15,0,0,99781,0,0,0,0,0,0,0,0,0,53,164,0,0,0,0,0,0
334,896,335.01615541542736,99998,0,0,0,0,104,60,0.001640032800656013,0,0,49945,49932,38,23,16,44,45,16,0,0,99773,0,0,0,0,0,0,0,0,0,61,164,0,0,0,0,0,0
335,896,336.0032241606969,99998,0,0,0,0,104,60,0.001640032800656013,0,0,49944,49924,38,23,17,52,53,17,0,0,99764,0,0,0,0,0,0,0,0,0,70,164,0,0,0,0,0,0
336,896,337.0353240167946,99998,0,0,0,0,104,60,0.001640032800656013,0,0,49943,49915,38,23,18,61,62,18,0,0,99754,0,0,0,0,0,0,0,0,0,80,164,0,0,0,0,0,0
337,896,338.10297818801484,99998,0,0,0,0,104,60,0.001640032800656013,0,0,49942,49905,38,23,19,71,72,19,0,0,99743,0,0,0,0,0,0,0,0,0,91,164,0,0,0,0,0,0
338,896,339.0681535264641,99998,0,0,0,0,104,60,0.001640032800656013,0,0,49942,49894,38,23,19,82,83,20,0,0,99731,0,0,0,0,0,0,0,0,0,103,164,0,0,0,0,0,0
339,896,340.07824559230534,99998,0,0,0,0,104,60,0.001640032800656013,0,0,49941,49882,38,23,20,94,95,21,0,0,99718,0,0,0,0,0,0,0,0,0,116,164,0,0,0,0,0,0
340,896,341.0199329969818,99998,0,0,0,0,104,60,0.001640032800656013,0,0,49940,49869,38,23,21,107,108,22,0,0,99704,0,0,0,0,0,0,0,0,0,130,164,0,0,0,0,0,0
341,896,342.06696945091903,99998,0,0,0,0,104,60,0.001640032800656013,0,0,49938,49856,38,23,23,120,122,24,0,0,99688,0,0,0,0,0,0,0,0,0,146,164,0,0,0,0,0,0
342,896,343.08469138381207,99998,0,0,0,0,104,60,0.001640032800656013,0,0,49936,49842,38,23,25,134,137,26,0,0,99671,0,0,0,0,0,0,0,0,0,163,164,0,0,0,0,0,0
343,896,344.10245471960525,99998,0,0,0,0,104,60,0.001640032800656013,0,0,49934,49826,38,23,27,150,154,28,0,0,99652,0,0,0,0,0,0,0,0,0,182,164,0,0,0,0,0,0
344,896,345.1202595593739,99998,0,0,0,0,104,60,0.001640032800656013,0,0,49932,49809,38,23,29,167,172,30,0,0,99632,0,0,0,0,0,0,0,0,0,202,164,0,0,0,0,0,0
345,896,346.1381059483414,99998,0,0,0,0,104,60,0.001640032800656013,0,0,49930,49790,38,23,31,186,192,32,0,0,99610,0,0,0,0,0,0,0,0,0,224,164,0,0,0,0,0,0
346,896,347.15598713634694,99998,0,0,0,0,104,60,0.001640032800656013,0,0,49929,49769,38,23,32,207,213,34,0,0,99587,0,0,0,0,0,0,0,0,0,247,164,0,0,0,0,0,0
347,896,348.1738896183663,99998,0,0,0,0,104,60,0.001640032800656013,0,0,49929,49749,38,23,32,227,236,37,0,0,99561,0,0,0,0,0,0,0,0,0,273,164,0,0,0,0,0,0
348,896,349.19180654343677,99998,0,0,0,0,104,60,0.001640032800656013,0,0,49926,49725,38,23,35,251,260,40,0,0,99534,0,0,0,0,0,0,0,0,0,300,164,0,0,0,0,0,0
349,896,350.209772117006,99998,0,0,0,0,104,60,0.001640032800656013,0,0,49923,49700,38,23,38,276,286,43,0,0,99505,0,0,0,0,0,0,0,0,0,329,164,0,0,0,0,0,0
350,896,351.22780000691483,99998,0,0,0,0,104,60,0.001640032800656013,0,0,49920,49672,38,23,41,304,314,46,0,0,99474,0,0,0,0,0,0,0,0,0,360,164,0,0,0,0,0,0
351,896,352.24589034637785,99998,0,0,0,0,104,60,0.001640032800656013,0,0,49916,49644,38,23,45,332,343,50,0,0,99441,0,0,0,0,0,0,0,0,0,393,164,0,0,0,0,0,0
352,896,353.26405678330684,99998,0,0,0,0,104,60,0.001640032800656013,0,0,49912,49613,38,23,49,363,374,54,0,0,99406,0,0,0,0,0,0,0,0,0,428,164,0,0,0,0,0,0
353,896,354.2823062400835,99998,0,0,0,0,104,60,0.001640032800656013,0,0,49910,49581,36,23,53,395,407,58,0,0,99369,0,0,0,0,0,0,0,0,0,465,164,0,0,0,0,0,0
354,896,355.3006115387457,99998,0,0,0,0,104,60,0.001640032800656013,0,0,49907,49546,35,23,57,430,442,63,0,0,99329,0,0,0,0,0,0,0,0,0,505,164,0,0,0,0,0,0
355,896,356.3189523394601,99998,0,0,0,0,104,60,0.001640032800656013,0,0,49903,49510,34,23,62,466,479,68,0,0,99287,0,0,0,0,0,0,0,0,0,547,164,0,0,0,0,0,0
356,896,357.3373832422236,99998,0,0,0,0,104,60,0.001640032800656013,0,0,49898,49471,34,23,67,505,518,73,0,0,99243,0,0,0,0,0,0,0,0,0,591,164,0,0,0,0,0,0
357,896,358.01639487611783,99998,0,0,0,0,104,60,0.001640032800656013,0,0,49892,49431,34,23,73,545,559,79,0,0,99196,0,0,0,0,0,0,0,0,0,638,164,0,0,0,0,0,0
358,896,359.03504039080354,99998,0,0,0,0,104,60,0.001640032800656013,0,0,49887,49388,34,23,78,588,602,85,0,0,99147,0,0,0,0,0,0,0,0,0,687,164,0,0,0,0,0,0
359,896,360.0537968021345,99998,0,0,0,0,104,60,0.001640032800656013,0,0,49881,49345,34,23,84,631,647,91,0,0,99096,0,0,0,0,0,0,0,0,0,738,164,0,0,0,0,0,0
360,896,361.07267777808556,99998,0,0,0,0,104,60,0.001640032800656013,0,0,49874,49299,34,23,91,677,695,98,0,0,99041,0,0,0,0,0,0,0,0,0,793,164,0,0,0,0,0,0
361,896,362.09169712405065,99998,0,0,0,0,104,60,0.001640032800656013,0,0,49868,49252,34,22,97,725,745,105,0,0,98985,0,0,0,0,0,0,0,0,0,849,163,1,0,0,0,0,0
362,896,363.1108412796949,99998,0,0,0,0,104,60,0.001640032800656013,0,0,49861,49200,33,22,105,777,797,113,0,0,98925,0,0,0,0,0,0,0,0,0,909,163,1,0,0,0,0,0
363,896,364.1301240856583,99998,0,0,0,0,104,60,0.001640032800656013,0,0,49854,49149,32,22,113,828,852,121,0,0,98862,0,0,0,0,0,0,0,0,0,972,163,1,0,0,0,0,0
364,896,365.149552393321,99998,0,0,0,0,104,60,0.001640032800656013,0,0,49845,49096,32,22,122,881,909,130,0,0,98796,0,0,0,0,0,0,0,0,0,1038,163,1,0,0,0,0,0
365,896,366.1691605164072,99998,0,0,0,0,104,60,0.001640032800656013,0,0,49836,49040,32,21,131,938,968,139,0,0,98729,0,0,0,0,0,0,0,0,0,1105,162,2,0,0,0,0,0
366,896,367.18895544837505,99998,0,0,0,0,104,60,0.001640032800656013,0,0,49826,48983,32,21,141,995,1030,149,0,0,98657,0,0,0,0,0,0,0,0,0,1177,162,2,0,0,0,0,0
367,896,368.20895098877065,99998,0,0,0,0,104,60,0.001640032800656013,0,0,49815,48922,32,21,152,1056,1094,160,0,0,98582,0,0,0,0,0,0,0,0,0,1252,162,2,0,0,0,0,0
368,896,369.2291542359068,99998,0,0,0,0,104,60,0.001640032800656013,0,0,49806,48856,32,21,161,1122,1161,171,0,0,98504,0,0,0,0,0,0,0,0,0,1330,162,2,0,0,0,0,0
369,896,370.249558571847,99998,0,0,0,0,104,60,0.001640032800656013,0,0,49795,48793,32,20,172,1186,1231,183,0,0,98422,0,0,0,0,0,0,0,0,0,1412,162,2,0,0,0,0,0
370,896,371.2047512978189,99998,0,0,0,0,104,60,0.001640032800656013,0,0,49784,48725,32,20,183,1254,1303,195,0,0,98338,0,0,0,0,0,0,0,0,0,1496,162,2,0,0,0,0,0
371,896,372.0359034586518,99998,0,0,0,0,104,60,0.001640032800656013,0,0,49771,48654,32,20,196,1325,1378,208,0,0,98250,0,0,0,0,0,0,0,0,0,1584,162,2,0,0,0,0,0
372,896,373.09940857275814,99998,0,0,0,0,104,60,0.001640032800656013,0,0,49758,48579,31,20,210,1400,1456,222,0,0,98159,0,0,0,0,0,0,0,0,0,1675,161,3,0,0,0,0,0
373,896,374.0977325485654,99998,0,0,0,0,104,60,0.001640032800656013,0,0,49744,48505,31,20,224,1474,1536,236,0,0,98065,0,0,0,0,0,0,0,0,0,1769,161,3,0,0,0,0,0
374,896,375.14319783906933,99998,0,0,0,0,104,60,0.001640032800656013,0,0,49731,48427,31,20,237,1552,1619,251,0,0,97967,0,0,0,0,0,0,0,0,0,1867,161,3,0,0,0,0,0
375,896,376.01406588305065,99998,0,0,0,0,104,60,0.001640032800656013,0,0,49715,48347,31,20,253,1632,1705,267,0,0,97865,0,0,0,0,0,0,0,0,0,1969,161,3,0,0,0,0,0
376,896,377.1207054926374,99998,0,0,0,0,104,60,0.001640032800656013,0,0,49699,48265,31,20,269,1714,1794,284,0,0,97759,0,0,0,0,0,0,0,0,0,2075,161,3,0,0,0,0,0
377,896,378.0018234825735,99998,0,0,0,0,104,60,0.001640032800656013,0,0,49681,48178,31,20,287,1801,1885,302,0,0,97650,0,0,0,0,0,0,0,0,0,2184,161,3,0,0,0,0,0
378,896,379.03888573195087,99998,0,0,0,0,104,60,0.001640032800656013,0,0,49664,48092,31,20,304,1887,1979,320,0,0,97538,0,0,0,0,0,0,0,0,0,2296,161,3,0,0,0,0,0
379,896,380.00201388197155,99998,0,0,0,0,104,60,0.001640032800656013,0,0,49645,47998,31,20,323,1981,2076,339,0,0,97422,0,0,0,0,0,0,0,0,0,2412,161,3,0,0,0,0,0
380,896,381.2202554728037,99998,0,0,0,0,104,60,0.001640032800656013,0,0,49626,47909,31,20,342,2070,2176,359,0,0,97302,0,0,0,0,0,0,0,0,0,2532,161,3,0,0,0,0,0
381,896,382.02804653303934,99998,0,0,0,0,104,60,0.001640032800656013,0,0,49607,47812,31,20,361,2167,2279,380,0,0,97179,0,0,0,0,0,0,0,0,0,2655,160,4,0,0,0,0,0
382,896,383.08980557771474,99998,0,0,0,0,104,60,0.001640032800656013,0,0,49590,47713,30,20,379,2266,2385,402,0,0,97051,0,0,0,0,0,0,0,0,0,2783,160,4,0,0,0,0,0
383,896,384.08804466884214,99998,0,0,0,0,104,60,0.001640032800656013,0,0,49567,47618,30,20,402,2361,2494,425,0,0,96919,0,0,0,0,0,0,0,0,0,2915,160,4,0,0,0,0,0
384,896,385.0388837099716,99998,0,0,0,0,104,60,0.001640032800656013,0,0,49543,47508,30,20,426,2471,2606,449,0,0,96783,0,0,0,0,0,0,0,0,0,3051,160,4,0,0,0,0,0
385,896,386.0435595299498,99998,0,0,0,0,104,60,0.001640032800656013,0,0,49519,47403,30,19,450,2577,2721,474,0,0,96643,0,0,0,0,0,0,0,0,0,3191,160,4,0,0,0,0,0
386,896,387.0030823284765,99998,0,0,0,0,104,60,0.001640032800656013,0,0,49493,47293,30,19,476,2687,2839,500,0,0,96501,0,0,0,0,0,0,0,0,0,3333,158,6,0,0,0,0,0
387,896,388.0157290136087,99998,0,0,0,0,104,60,0.001640032800656013,0,0,49467,47185,30,18,502,2796,2960,527,0,0,96354,0,0,0,0,0,0,0,0,0,3480,157,7,0,0,0,0,0
388,896,389.00762074720524,99998,0,0,0,0,104,60,0.001640032800656013,0,0,49442,47068,30,18,527,2913,3084,555,0,0,96202,0,0,0,0,0,0,0,0,0,3632,157,7,0,0,0,0,0
389,896,390.0189560580782,99998,0,0,0,0,104,60,0.001640032800656013,0,0,49413,46951,30,18,556,3030,3211,584,0,0,96047,0,0,0,0,0,0,0,0,0,3787,156,8,0,0,0,0,0
390,896,391.06681997682523,99998,0,0,0,0,104,60,0.001640032800656013,0,0,49385,46831,30,18,584,3150,3341,614,0,0,95887,0,0,0,0,0,0,0,0,0,3947,156,8,0,0,0,0,0
391,896,392.10191725208455,99998,0,0,0,0,104,60,0.001640032800656013,0,0,49355,46707,30,16,614,3276,3474,645,0,0,95724,0,0,0,0,0,0,0,0,0,4110,155,9,0,0,0,0,0
392,896,393.11394616254836,99998,0,0,0,0,104,60,0.001640032800656013,0,0,49324,46578,30,16,645,3405,3610,678,0,0,95555,0,0,0,0,0,0,0,0,0,4279,155,9,0,0,0,0,0
393,896,394.01857214000125,99998,0,0,0,0,104,60,0.001640032800656013,0,0,49293,46444,30,15,676,3540,3749,712,0,0,95382,0,0,0,0,0,0,0,0,0,4452,155,9,0,0,0,0,0
394,896,395.10687291678954,99998,0,0,0,0,104,60,0.001640032800656013,0,0,49261,46322,30,15,708,3662,3891,747,0,0,95205,0,0,0,0,0,0,0,0,0,4629,155,9,0,0,0,0,0
395,896,396.04454617505644,99998,0,0,0,0,104,60,0.001640032800656013,0,0,49227,46188,30,15,742,3796,4036,783,0,0,95024,0,0,0,0,0,0,0,0,0,4810,155,9,0,0,0,0,0
396,896,397.0801804143741,99998,0,0,0,0,104,60,0.001640032800656013,0,0,49192,46060,30,15,777,3924,4184,821,0,0,94838,0,0,0,0,0,0,0,0,0,4996,155,9,0,0,0,0,0
397,896,398.03438652196064,99998,0,0,0,0,104,60,0.001640032800656013,0,0,49155,45924,30,15,814,4060,4335,860,0,0,94648,0,0,0,0,0,0,0,0,0,5186,155,9,0,0,0,0,0
398,896,399.0983948986304,99998,0,0,0,0,104,60,0.001640032800656013,0,0,49118,45786,30,15,851,4198,4489,900,0,0,94454,0,0,0,0,0,0,0,0,0,5380,155,9,0,0,0,0,0
399,896,400.07695276355344,99998,0,0,0,0,104,60,0.001640032800656013,0,0,49078,45639,30,15,891,4345,4645,942,0,0,94256,0,0,0,0,0,0,0,0,0,5578,155,9,0,0,0,0,0
400,896,401.04000364211714,99998,0,0,0,0,104,60,0.001640032800656013,0,0,49038,45489,30,15,931,4495,4804,985,0,0,94054,0,0,0,0,0,0,0,0,0,5780,155,9,0,0,0,0,0
401,896,402.04960112596115,99998,0,0,0,0,104,60,0.001640032800656013,0,0,48997,45348,30,15,972,4636,4966,1030,0,0,93847,0,0,0,0,0,0,0,0,0,5987,155,9,0,0,0,0,0
402,896,403.04174132298544,99998,0,0,0,0,104,60,0.001640032800656013,0,0,48954,45200,30,15,1015,4784,5131,1076,0,0,93636,0,0,0,0,0,0,0,0,0,6198,155,9,0,0,0,0,0
403,896,404.08697142494776,99998,0,0,0,0,104,60,0.001640032800656013,0,0,48910,45050,30,14,1059,4935,5299,1123,0,0,93421,0,0,0,0,0,0,0,0,0,6413,155,9,0,0,0,0,0
404,896,405.0463006691935,99998,0,0,0,0,104,60,0.001640032800656013,0,0,48864,44900,30,13,1105,5086,5470,1172,0,0,93202,0,0,0,0,0,0,0,0,0,6632,154,10,0,0,0,0,0
405,896,406.16345581178933,99998,0,0,0,0,104,60,0.001640032800656013,0,0,48815,44755,30,13,1154,5231,5644,1222,0,0,92979,0,0,0,0,0,0,0,0,0,6855,153,11,0,0,0,0,0
406,896,407.22707163250533,99998,0,0,0,0,104,60,0.001640032800656013,0,0,48768,44596,30,13,1201,5390,5820,1274,0,0,92751,0,0,0,0,0,0,0,0,0,7083,153,11,0,0,0,0,0
407,896,408.09083203904027,99998,0,0,0,0,104,60,0.001640032800656013,0,0,48717,44427,30,13,1252,5559,5999,1328,0,0,92519,0,0,0,0,0,0,0,0,0,7315,152,12,0,0,0,0,0
408,896,409.06321404518144,99998,0,0,0,0,104,60,0.001640032800656013,0,0,48665,44256,30,13,1304,5730,6181,1383,0,0,92282,0,0,0,0,0,0,0,0,0,7552,152,12,0,0,0,0,0
409,896,410.1316489473352,99998,0,0,0,0,104,60,0.001640032800656013,0,0,48609,44100,30,13,1360,5886,6365,1440,0,0,92041,0,0,0,0,0,0,0,0,0,7793,152,12,0,0,0,0,0
410,896,411.03854507775776,99998,0,0,0,0,104,60,0.001640032800656013,0,0,48555,43932,30,13,1414,6054,6552,1498,0,0,91796,0,0,0,0,0,0,0,0,0,8038,152,12,0,0,0,0,0
411,896,412.0344987779667,99998,0,0,0,0,104,60,0.001640032800656013,0,0,48499,43765,29,13,1471,6221,6741,1558,0,0,91548,0,0,0,0,0,0,0,0,0,8286,151,13,0,0,0,0,0
412,896,413.2989033575193,99998,0,0,0,0,104,60,0.001640032800656013,0,0,48439,43598,28,13,1532,6388,6933,1620,0,0,91294,0,0,0,0,0,0,0,0,0,8540,151,13,0,0,0,0,0
413,896,414.01071489931314,99998,0,0,0,0,104,60,0.001640032800656013,0,0,48379,43424,28,13,1592,6562,7127,1683,0,0,91038,0,0,0,0,0,0,0,0,0,8796,150,14,0,0,0,0,0
414,896,415.05265290949563,99998,0,0,0,0,104,60,0.001640032800656013,0,0,48321,43253,28,13,1650,6733,7324,1748,0,0,90776,0,0,0,0,0,0,0,0,0,9058,150,14,0,0,0,0,0
415,896,416.05666286829336,99998,0,0,0,0,104,60,0.001640032800656013,0,0,48259,43076,28,13,1712,6910,7523,1815,0,0,90510,0,0,0,0,0,0,0,0,0,9324,150,14,0,0,0,0,0
416,896,417.05503674197143,99998,0,0,0,0,104,60,0.001640032800656013,0,0,48194,42908,28,13,1777,7078,7725,1884,0,0,90239,0,0,0,0,0,0,0,0,0,9595,150,14,0,0,0,0,0
417,896,418.0214294670422,99998,0,0,0,0,104,60,0.001640032800656013,0,0,48129,42726,28,13,1842,7260,7929,1954,0,0,89967,0,0,0,0,0,0,0,0,0,9867,148,16,0,0,0,0,0
418,896,419.0058116341408,99998,0,0,0,0,104,60,0.001640032800656013,0,0,48062,42539,28,13,1909,7447,8135,2026,0,0,89689,0,0,0,0,0,0,0,0,0,10145,148,16,0,0,0,0,0
419,896,420.1051487667813,99998,1,2,0,0,105,62,0.0016700334006680133,24,23,47975,42341,28,13,1971,7620,8343,2100,0,0,89407,0,0,0,0,0,0,0,0,0,10427,148,16,0,0,0,0,0
420,896,421.1967863262859,99998,7,4,0,0,111,64,0.001750035000700014,19,20,47902,42164,28,13,2043,7798,8554,2176,0,0,89120,0,0,0,0,0,0,0,0,0,10714,148,16,0,0,0,0,0
421,896,422.01969724435264,99998,14,9,0,0,118,71,0.0018900378007560151,13,13,47830,41971,28,15,2114,7991,8767,2254,0,0,88827,2,0,0,0,0,0,0,0,0,11005,148,16,0,0,0,0,0
422,896,423.0243270880921,99998,21,15,0,0,126,77,0.0020300406008120163,8,8,47754,41779,29,14,2187,8183,8982,2333,0,0,88534,3,0,0,0,0,0,0,0,0,11297,146,18,0,0,0,0,0
423,896,424.0405346224027,99998,21,16,0,0,130,82,0.002120042400848017,8,5,47681,41585,33,18,2256,8375,9199,2414,0,0,88229,10,1,0,0,0,0,0,0,0,11594,146,18,0,0,0,0,0
424,896,425.0246160692713,99998,21,14,0,0,131,82,0.002130042600852017,11,6,47597,41394,34,20,2336,8565,9418,2497,0,0,87924,13,1,0,0,0,0,0,0,0,11896,146,18,0,0,0,0,0
425,896,426.0619967596329,99998,19,15,0,0,134,85,0.0021900438008760174,13,8,47517,41197,39,22,2411,8757,9639,2582,0,0,87611,20,1,0,0,0,0,0,0,0,12202,146,18,0,0,0,0,0
426,896,427.0984905425088,99998,21,15,0,0,138,86,0.002240044800896018,14,9,47431,40993,41,22,2492,8960,9861,2669,0,0,87301,22,2,0,0,0,0,0,0,0,12509,145,19,0,0,0,0,0
427,896,428.0591446079103,99998,26,15,0,0,143,88,0.0023100462009240184,15,8,47347,40806,40,24,2571,9146,10085,2758,0,0,86987,24,2,0,0,0,0,0,0,0,12821,144,20,0,0,0,0,0
428,896,429.0129520400262,99998,28,14,0,0,146,89,0.002350047000940019,17,12,47259,40603,40,26,2655,9344,10311,2849,0,0,86669,26,3,0,0,0,0,0,0,0,13136,143,21,0,0,0,0,0
429,896,430.0253902521755,99998,29,14,0,0,152,90,0.0024200484009680194,19,14,47162,40396,44,27,2745,9548,10539,2942,0,0,86346,31,4,0,0,0,0,0,0,0,13453,140,24,0,0,0,0,0
430,896,431.0020128320991,99998,33,14,0,0,158,92,0.00250005000100002,19,15,47069,40196,46,29,2832,9745,10768,3037,0,0,86018,35,4,0,0,0,0,0,0,0,13777,140,24,0,0,0,0,0
431,896,432.13958767763336,99998,28,13,0,0,162,94,0.0025600512010240206,26,14,46973,40015,54,32,2918,9925,10999,3133,0,0,85679,47,4,0,0,0,0,0,0,0,14104,140,24,0,0,0,0,0
432,896,433.3897412777322,99998,26,14,0,0,166,96,0.002620052401048021,24,15,46881,39823,60,33,3008,10114,11231,3231,0,0,85342,54,4,0,0,0,0,0,0,0,14434,140,24,0,0,0,0,0
433,896,434.13289135690087,99998,28,14,0,0,173,97,0.0027000540010800214,22,16,46788,39618,65,34,3096,10317,11465,3331,0,0,85003,59,5,0,0,0,0,0,0,0,14767,140,24,0,0,0,0,0
434,896,435.3288029490133,99998,29,17,0,0,179,101,0.0028000560011200225,21,12,46697,39430,69,35,3183,10505,11700,3433,0,0,84662,64,6,0,0,0,0,0,0,0,15102,139,25,0,0,0,0,0
435,896,436.1444799127581,99998,33,14,0,0,186,101,0.002870057401148023,17,17,46600,39210,72,38,3277,10720,11936,3537,0,0,84316,70,6,0,0,0,0,0,0,0,15442,139,25,0,0,0,0,0
436,896,437.04268216484655,99998,35,18,0,0,193,108,0.003010060201204024,12,10,46505,38997,77,41,3370,10933,12173,3643,0,0,83967,76,8,0,0,0,0,0,0,0,15783,139,25,0,0,0,0,0
437,896,438.04675763854294,99998,32,16,0,0,197,109,0.0030600612012240246,20,12,46400,38794,84,44,3463,11133,12411,3751,0,0,83611,86,8,0,0,0,0,0,0,0,16129,139,25,0,0,0,0,0
438,896,439.1316556379425,99998,38,17,0,0,205,112,0.003170063401268025,21,13,46289,38584,86,46,3565,11339,12651,3861,0,0,83258,89,9,0,0,0,0,0,0,0,16478,139,25,0,0,0,0,0
439,896,440.0815912365085,99998,36,16,0,0,214,114,0.003280065601312026,22,13,46190,38390,96,49,3655,11531,12892,3973,0,0,82892,102,10,0,0,0,0,0,0,0,16830,139,25,0,0,0,0,0
440,896,441.19180364923665,99998,36,22,0,0,219,120,0.003390067801356027,20,9,46080,38182,101,49,3762,11737,13134,4087,0,0,82532,106,11,0,0,0,0,0,0,0,17185,139,25,0,0,0,0,0
441,896,442.1992867811643,99996,36,20,1,1,225,122,0.003470138805552222,23,12,45974,37978,104,50,3861,11938,13376,4203,0,0,82171,110,15,0,0,0,0,0,0,0,17536,136,28,0,0,0,0,0
442,896,443.11812496025124,99996,34,19,1,1,228,123,0.0035101404056162248,22,16,45860,37761,109,52,3973,12150,13619,4321,0,0,81803,117,15,0,0,0,0,0,0,0,17897,136,28,0,0,0,0,0
443,896,444.012466695456,99996,30,20,1,1,232,127,0.0035901436057442296,23,13,45752,37563,115,54,4078,12348,13863,4441,0,0,81432,124,19,0,0,0,0,0,0,0,18257,136,28,0,0,0,0,0
444,896,445.0653476565747,99996,29,22,1,1,239,133,0.003720148805952238,26,11,45640,37361,121,58,4182,12546,14108,4563,0,0,81055,135,20,0,0,0,0,0,0,0,18622,135,29,0,0,0,0,0
445,896,446.3170556491363,99996,34,22,1,1,247,134,0.0038101524060962437,25,13,45522,37161,123,59,4294,12743,14353,4687,0,0,80684,137,22,0,0,0,0,0,0,0,18989,135,29,0,0,0,0,0
446,896,447.0109382113559,99996,34,22,1,1,251,135,0.003860154406176247,24,13,45405,36952,127,59,4408,12952,14599,4813,0,0,80310,141,23,0,0,0,0,0,0,0,19358,133,31,0,0,0,0,0
447,896,448.15317885405534,99996,33,23,1,1,255,138,0.003930157206288251,29,19,45276,36733,132,61,4528,13162,14846,4941,0,0,79928,148,23,0,0,0,0,0,0,0,19733,133,31,0,0,0,0,0
448,896,449.01039406105247,99996,34,24,1,1,261,143,0.004040161606464259,31,20,45157,36526,137,65,4639,13363,15093,5070,0,0,79543,157,23,0,0,0,0,0,0,0,20109,133,31,0,0,0,0,0
449,896,450.41059291177595,99996,39,24,1,1,272,151,0.004230169206768271,37,21,45034,36343,142,72,4746,13538,15341,5201,0,0,79154,168,26,0,0,0,0,0,0,0,20484,132,32,0,0,0,0,0
450,896,451.25568032621715,99996,38,26,1,1,274,157,0.0043101724068962755,41,20,44909,36124,144,75,4866,13753,15589,5334,0,0,78769,172,29,0,0,0,0,0,0,0,20862,132,32,0,0,0,0,0
451,896,452.10200078711426,99996,44,24,1,1,283,161,0.004440177607104284,40,17,44774,35909,147,81,4993,13967,15837,5469,0,0,78380,179,31,0,0,0,0,0,0,0,21242,131,33,0,0,0,0,0
452,896,453.13318447689124,99996,43,28,1,1,287,165,0.004520180807232289,46,17,44645,35690,151,80,5113,14183,16085,5606,0,0,77992,182,33,0,0,0,0,0,0,0,21625,131,33,0,0,0,0,0
453,896,454.3447493306605,99996,53,29,1,1,305,168,0.004730189207568303,45,23,44511,35519,158,81,5231,14346,16334,5745,0,0,77595,191,34,0,0,0,0,0,0,0,22012,131,33,0,0,0,0,0
454,896,455.19948169108676,99996,57,30,1,1,316,174,0.004900196007840313,49,19,44370,35304,163,85,5359,14560,16583,5885,0,0,77197,200,37,0,0,0,0,0,0,0,22398,131,33,0,0,0,0,0
455,896,456.081233450524,99996,61,34,1,1,325,179,0.005040201608064322,45,17,44231,35093,166,86,5495,14768,16832,6027,0,0,76800,206,37,0,0,0,0,0,0,0,22789,131,33,0,0,0,0,0
456,896,457.26610762993323,99996,64,37,1,1,339,186,0.005250210008400336,46,14,44092,34885,176,89,5620,14973,17081,6171,0,0,76394,219,39,0,0,0,0,0,0,0,23180,131,33,0,0,0,0,0
457,896,458.1536625603545,99996,65,38,1,1,352,192,0.005440217608704348,55,13,43942,34678,187,93,5749,15176,17330,6317,0,0,75986,233,42,0,0,0,0,0,0,0,23571,130,34,0,0,0,0,0
458,896,459.0051247947868,99996,73,38,1,1,366,194,0.0056002240089603585,53,16,43803,34479,191,93,5878,15372,17579,6465,0,0,75584,238,45,0,0,0,0,0,0,0,23965,130,34,0,0,0,0,0
459,896,460.16671268140396,99996,72,38,1,1,379,201,0.005800232009280371,54,16,43667,34274,202,98,6003,15572,17827,6614,0,0,75172,253,51,0,0,0,0,0,0,0,24356,130,34,0,0,0,0,0
460,896,461.02717905348106,99996,76,33,1,1,394,205,0.0059902396095843835,51,18,43529,34088,211,103,6131,15756,18075,6765,0,0,74762,265,59,0,0,0,0,0,0,0,24746,129,35,0,0,0,0,0
461,896,462.23971509260195,99996,77,32,1,1,401,210,0.006110244409776391,58,15,43381,33886,215,109,6267,15956,18323,6918,0,0,74353,274,62,0,0,0,0,0,0,0,25143,128,36,0,0,0,0,0
462,896,463.0453514916548,99996,80,30,1,1,413,213,0.0062602504100164,54,17,43239,33687,223,111,6402,16153,18571,7072,0,0,73945,281,69,0,0,0,0,0,0,0,25537,127,37,0,0,0,0,0
463,896,464.03426923907836,99996,72,27,1,1,429,216,0.0064502580103204124,56,19,43094,33510,244,116,6532,16326,18818,7228,0,0,73520,303,77,0,0,0,0,0,0,0,25932,127,37,0,0,0,0,0
464,896,465.35386449954655,99996,75,28,1,1,449,220,0.006690267610704429,57,20,42943,33344,260,119,6663,16487,19065,7385,0,0,73101,318,82,0,0,0,0,0,0,0,26331,127,37,0,0,0,0,0
465,896,466.0138325452522,99996,74,30,1,1,451,222,0.006730269210768431,58,21,42785,33116,260,116,6821,16715,19312,7544,0,0,72698,315,88,0,0,0,0,0,0,0,26731,127,37,0,0,0,0,0
466,896,467.4184145814379,99996,75,37,1,1,471,233,0.00704028161126445,57,20,42642,32953,278,119,6946,16869,19558,7704,0,0,72271,336,90,0,0,0,0,0,0,0,27135,127,37,0,0,0,0,0
467,896,468.43962539381414,99996,76,35,1,1,487,241,0.007280291211648466,59,22,42499,32777,293,127,7071,17037,19804,7866,0,0,71847,353,98,0,0,0,0,0,0,0,27534,126,38,0,0,0,0,0
468,896,469.33443461875555,99996,85,33,1,1,502,244,0.007460298411936478,60,25,42342,32578,298,130,7213,17232,20049,8029,0,0,71433,359,103,0,0,0,0,0,0,0,27937,126,38,0,0,0,0,0
469,896,470.2324093056271,99996,87,37,1,1,515,250,0.00765030601224049,59,32,42186,32383,307,131,7359,17415,20293,8194,0,0,71014,371,104,0,0,0,0,0,0,0,28343,124,40,0,0,0,0,0
470,896,471.13364485929276,99996,91,34,1,1,528,259,0.007870314812592503,60,32,42031,32180,314,142,7502,17610,20537,8360,0,0,70592,383,113,0,0,0,0,0,0,0,28744,124,40,0,0,0,0,0
471,896,472.038243463118,99996,96,34,1,1,545,262,0.008070322812912516,58,37,41874,31990,324,143,7646,17794,20780,8528,0,0,70168,396,115,0,0,0,0,0,0,0,29153,124,40,0,0,0,0,0
472,896,473.40091907542086,99996,99,38,1,1,563,272,0.008350334013360534,70,38,41706,31835,338,146,7785,17941,21022,8697,0,0,69743,410,122,0,0,0,0,0,0,0,29557,124,40,0,0,0,0,0
473,896,474.3122733560722,99996,97,46,1,1,575,287,0.008620344813792551,71,30,41558,31638,347,151,7925,18133,21263,8867,0,0,69321,422,131,0,0,0,0,0,0,0,29958,123,41,0,0,0,0,0
474,896,475.22698616721334,99996,102,46,1,1,593,291,0.008840353614144566,64,29,41401,31455,357,155,8074,18313,21504,9038,0,0,68897,435,135,0,0,0,0,0,0,0,30365,122,42,0,0,0,0,0
475,896,476.1450837175038,99996,103,46,1,1,609,296,0.00905036201448058,63,33,41256,31255,370,160,8206,18504,21744,9211,0,0,68472,447,143,0,0,0,0,0,0,0,30770,122,42,0,0,0,0,0
476,896,477.06648563209706,99996,99,48,1,1,620,301,0.009210368414736589,75,33,41100,31078,383,161,8341,18678,21983,9385,0,0,68050,458,150,0,0,0,0,0,0,0,31174,120,44,0,0,0,0,0
477,896,478.454362592007,99996,103,50,1,1,650,312,0.009620384815392615,67,30,40952,30923,405,170,8471,18825,22221,9560,0,0,67609,486,157,0,0,0,0,0,0,0,31580,120,44,0,0,0,0,0
478,896,479.38248253574983,99996,112,53,1,1,670,321,0.009910396415856634,66,30,40794,30743,415,175,8611,18997,22458,9736,0,0,67186,497,163,0,0,0,0,0,0,0,31986,119,45,0,0,0,0,0
479,896,480.31411060874194,99996,114,53,1,1,688,331,0.010190407616304652,72,25,40630,30580,428,183,8754,19157,22694,9913,0,0,66757,515,171,0,0,0,0,0,0,0,32389,117,47,0,0,0,0,0
480,896,481.249371473379,99996,105,48,1,1,698,334,0.01032041281651266,72,33,40471,30395,443,189,8907,19333,22929,10091,0,0,66328,531,182,0,0,0,0,0,0,0,32791,117,47,0,0,0,0,0
481,896,482.18849525632584,99995,118,54,2,1,717,346,0.010630531526576328,70,30,40308,30230,444,195,9057,19489,23163,10270,0,0,65910,535,189,0,0,0,0,0,0,0,33197,117,47,0,0,0,0,0
482,896,483.1312516616146,99995,112,58,2,1,736,353,0.010890544527226362,65,31,40139,30066,465,195,9216,19648,23396,10450,0,0,65479,553,199,0,0,0,0,0,0,0,33600,117,47,0,0,0,0,0
483,896,484.07790498511696,99995,104,65,2,1,748,366,0.011140557027851392,62,26,39987,29890,480,200,9364,19817,23628,10631,0,0,65049,571,207,0,0,0,0,0,0,0,34004,116,48,0,0,0,0,0
484,896,485.028428823896,99995,99,66,2,1,753,374,0.01127056352817641,66,21,39824,29697,489,206,9519,20008,23858,10813,0,0,64624,584,211,0,0,0,0,0,0,0,34412,116,48,0,0,0,0,0
485,896,486.0945155722725,99995,107,66,2,1,775,383,0.011580579028951448,65,16,39670,29542,500,212,9655,20162,24087,10996,0,0,64201,596,222,0,0,0,0,0,0,0,34812,115,49,0,0,0,0,0
486,896,487.35769237431947,99995,112,67,2,1,799,394,0.011930596529826492,62,19,39522,29399,517,222,9784,20291,24315,11179,0,0,63771,616,231,0,0,0,0,0,0,0,35213,114,50,0,0,0,0,0
487,896,488.0505697852338,99995,107,68,2,1,803,396,0.0119905995299765,66,17,39344,29192,518,223,9962,20498,24542,11363,0,0,63360,617,240,0,0,0,0,0,0,0,35614,113,51,0,0,0,0,0
488,896,489.2533202716518,99995,110,55,2,1,832,403,0.012350617530876544,70,22,39187,29074,537,242,10093,20605,24768,11548,0,0,62921,645,257,1,0,0,0,0,0,0,36008,112,51,0,0,0,0,0
489,896,490.2232292699056,99995,117,52,2,1,852,409,0.012610630531526576,70,21,39011,28935,547,250,10252,20740,24992,11734,0,0,62502,654,270,1,0,0,0,0,0,0,36405,112,51,0,0,0,0,0
490,896,491.1972574598179,99995,123,55,2,1,874,414,0.01288064403220161,66,23,38846,28780,561,249,10401,20891,25215,11920,0,0,62085,662,280,1,0,0,0,0,0,0,36804,112,51,0,0,0,0,0
491,896,492.17546220276125,99995,118,56,2,1,882,420,0.013020651032551627,72,18,38668,28598,568,254,10571,21072,25437,12107,0,0,61668,670,290,1,0,0,0,0,0,0,37203,112,51,0,0,0,0,0
492,896,493.33608603503114,99995,128,49,2,1,916,427,0.01343067153357668,65,30,38517,28476,586,266,10701,21177,25657,12294,0,0,61239,693,305,1,0,0,0,0,0,0,37594,111,52,0,0,0,0,0
493,896,494.32262651155145,99995,123,48,2,1,933,434,0.01367068353417671,70,40,38350,28318,606,274,10848,21318,25876,12482,0,0,60811,714,314,1,0,0,0,0,0,0,37992,111,52,0,0,0,0,0
494,896,495.313366087448,99994,116,46,3,1,945,445,0.013900834050043002,75,42,38183,28158,614,285,11008,21467,26094,12670,0,0,60390,729,330,1,0,0,0,0,0,0,38381,110,53,0,0,0,0,0
495,896,496.3084511727793,99994,127,47,3,1,970,453,0.014230853851231073,75,44,38008,28011,623,288,11163,21608,26310,12859,0,0,59974,739,337,3,0,0,0,0,0,0,38778,109,54,0,0,0,0,0
496,896,497.30788835945896,99994,134,50,3,1,994,461,0.014550873052383144,83,39,37837,27868,638,292,11304,21749,26525,13048,0,0,59559,751,347,3,0,0,0,0,0,0,39171,108,55,0,0,0,0,0
497,896,498.31182560437986,99994,141,47,3,1,1017,470,0.014870892253535212,80,41,37679,27711,651,302,11445,21897,26738,13237,0,0,59140,767,355,5,0,0,0,0,0,0,39564,107,56,0,0,0,0,0
498,896,499.3199916350392,99994,150,47,3,1,1042,476,0.01518091085465128,76,43,37505,27556,662,306,11603,22046,26950,13427,0,0,58724,782,362,5,0,0,0,0,0,0,39958,106,57,0,0,0,0,0
499,896,500.3325953560065,99994,149,48,3,1,1058,488,0.01546092765565934,87,45,37338,27417,673,313,11749,22175,27161,13617,0,0,58310,795,377,5,0,0,0,0,0,0,40344,106,57,0,0,0,0,0
500,896,501.3497758254999,99994,156,53,3,1,1081,500,0.015810948656919416,87,44,37166,27266,686,317,11901,22318,27370,13807,0,0,57897,809,386,5,0,0,0,0,0,0,40734,106,57,0,0,0,0,0
501,896,502.3715525473326,99993,148,57,4,1,1098,507,0.016051123578650506,88,54,36993,27133,708,318,12058,22436,27578,13997,0,0,57480,827,395,5,0,0,0,0,0,0,41123,106,57,0,0,0,0,0
502,896,503.39804369587205,99993,143,62,4,1,1119,517,0.01636114528016961,89,54,36831,27000,733,321,12199,22561,27784,14188,0,0,57057,853,400,5,0,0,0,0,0,0,41515,106,57,0,0,0,0,0
503,896,504.42918322591606,99993,146,73,4,1,1140,535,0.016751172582080746,84,46,36682,26869,742,324,12341,22686,27989,14379,0,0,56653,863,415,5,0,0,0,0,0,0,41894,104,59,0,0,0,0,0
504,896,505.4645886806237,99993,142,74,4,1,1165,548,0.017131199183942875,79,46,36529,26739,766,334,12479,22805,28192,14570,0,0,56232,892,427,5,0,0,0,0,0,0,42274,102,61,0,0,0,0,0
505,896,506.5043078587697,99993,140,77,4,1,1183,558,0.017411218785314972,76,43,36377,26623,780,334,12622,22921,28394,14761,0,0,55830,902,444,5,0,0,0,0,0,0,42649,101,62,0,0,0,0,0
506,896,507.0250658856419,99993,144,81,4,1,1197,565,0.017621233486344045,72,43,36203,26456,783,335,12793,23083,28594,14952,0,0,55440,902,457,5,0,0,0,0,0,0,43026,100,63,0,0,0,0,0
507,896,508.0742267425825,99993,131,82,4,1,1213,580,0.01793125518786315,73,34,36060,26336,800,347,12931,23199,28793,15143,0,0,55031,922,480,5,0,0,0,0,0,0,43392,99,64,0,0,0,0,0
508,896,509.12781563623537,99993,136,84,4,1,1239,593,0.018321282489774285,67,40,35901,26212,811,356,13080,23306,28990,15334,0,0,54628,938,496,5,0,0,0,0,0,0,43763,98,65,0,0,0,0,0
509,896,510.1859915581824,99993,143,81,4,1,1263,602,0.018651305591391398,69,37,35746,26119,822,365,13215,23396,29186,15524,0,0,54229,954,509,5,0,0,0,0,0,0,44133,95,68,0,0,0,0,0
510,896,511.24866462744166,99993,142,82,4,1,1276,612,0.018881321692518476,75,37,35607,26013,828,371,13343,23495,29380,15714,0,0,53836,963,523,5,0,0,0,0,0,0,44503,95,68,0,0,0,0,0
511,896,512.3155627720723,99993,148,81,4,1,1300,619,0.019191343394037583,68,42,35466,25888,839,377,13474,23610,29573,15904,0,0,53444,971,539,6,0,0,0,0,0,0,44870,95,68,0,0,0,0,0
512,896,513.3866209211482,99993,147,79,4,1,1320,628,0.019481363695458682,71,41,35306,25780,857,386,13614,23712,29764,16094,0,0,53047,987,554,6,1,0,0,0,0,0,45236,95,67,0,0,0,0,0
513,896,514.462430775926,99993,139,81,4,1,1337,642,0.01979138539697779,78,41,35151,25662,876,397,13751,23817,29954,16284,0,0,52646,1008,570,6,1,0,0,0,0,0,45600,95,67,0,0,0,0,0
514,896,515.0013676465418,99993,142,81,4,1,1351,647,0.019981398697908853,80,39,34980,25522,880,400,13913,23956,30142,16473,0,0,52263,1014,580,6,1,0,0,0,0,0,45967,95,67,0,0,0,0,0
515,896,516.0872430996678,99993,141,84,4,1,1372,662,0.020341423899672976,83,35,34830,25408,894,407,14047,24064,30329,16662,0,0,51869,1032,596,6,1,0,0,0,0,0,46327,95,67,0,0,0,0,0
516,896,517.1777831602625,99993,149,83,4,1,1401,673,0.020741451901633113,88,34,34686,25309,909,412,14163,24160,30514,16851,0,0,51487,1040,621,6,1,0,0,0,0,0,46676,95,67,0,0,0,0,0
517,896,518.2727972839399,99993,155,86,4,1,1428,688,0.02116148130369126,86,31,34530,25222,923,420,14301,24239,30697,17039,0,0,51108,1048,644,6,2,0,0,0,0,0,47023,95,67,0,0,0,0,0
518,896,519.3726742711486,99993,148,85,4,1,1450,697,0.021471503005210366,93,37,34372,25117,944,428,14438,24331,30879,17227,0,0,50720,1069,662,6,2,0,0,0,0,0,47372,92,70,0,0,0,0,0
519,896,520.4775968792777,99993,150,81,4,1,1469,708,0.02177152400668047,96,41,34226,25040,953,440,14570,24396,31059,17414,0,0,50343,1078,683,7,2,0,0,0,0,0,47718,92,70,0,0,0,0,0
520,896,521.0312575848726,99993,152,85,4,1,1482,714,0.021961537307611533,92,40,34068,24915,959,439,14724,24519,31238,17601,0,0,49971,1085,689,6,3,0,0,0,0,0,48077,92,70,0,0,0,0,0
521,896,522.1461237554862,99993,146,81,4,1,1506,727,0.02233156320942466,85,38,33933,24834,981,452,14850,24593,31415,17787,0,0,49583,1111,710,6,3,0,0,0,0,0,48418,91,71,0,0,0,0,0
522,896,523.2656728072566,99993,141,88,4,1,1525,745,0.022701589111237788,88,36,33794,24745,1001,458,14971,24671,31591,17973,0,0,49205,1125,727,8,3,0,0,0,0,0,48763,91,71,0,0,0,0,0
523,896,524.3896036057118,99993,134,83,4,1,1543,750,0.022931605212364866,91,46,33650,24668,1018,467,15102,24734,31765,18158,0,0,48826,1145,742,8,3,0,0,0,0,0,49107,91,71,0,0,0,0,0
524,896,525.5183795011989,99992,129,85,5,1,1569,760,0.023291863349067927,84,46,33560,24582,1030,474,15191,24811,31938,18343,0,0,48458,1155,768,8,4,0,0,0,0,0,49437,91,71,0,0,0,0,0
525,896,526.0834708445072,99992,123,88,5,1,1575,767,0.023421873749899992,84,42,33416,24462,1035,475,15336,24931,32109,18527,0,0,48101,1157,782,8,4,0,0,0,0,0,49778,91,71,0,0,0,0,0
526,896,527.2206958862821,99992,129,91,5,1,1596,782,0.023781902552204175,86,36,33288,24394,1041,482,15450,24995,32279,18710,0,0,47740,1166,800,8,4,0,0,0,0,0,50112,90,72,0,0,0,0,0
527,896,528.3621544544798,99991,131,86,6,1,1625,791,0.024162174595713615,74,43,33165,24330,1058,488,15565,25051,32447,18893,0,0,47373,1181,825,8,4,0,0,0,0,0,50438,90,72,0,0,0,0,0
528,896,529.507925336577,99991,127,83,6,1,1643,802,0.024452200698062827,76,41,33051,24240,1066,496,15673,25138,32614,19075,0,0,47013,1192,850,8,4,0,0,0,0,0,50762,90,72,0,0,0,0,0
529,896,530.0816536670524,99991,126,85,6,1,1654,810,0.024642217799601965,77,39,32898,24125,1071,497,15821,25252,32779,19256,0,0,46668,1191,869,8,4,0,0,0,0,0,51089,90,72,0,0,0,0,0
530,896,531.2367275968427,99991,127,91,6,1,1674,825,0.02499224930243722,84,41,32757,24042,1082,505,15943,25319,32943,19436,0,0,46317,1198,888,9,4,0,0,0,0,0,51413,89,73,0,0,0,0,0
531,896,532.3967009297802,99990,119,89,6,2,1692,837,0.025292529252925293,90,44,32632,23966,1098,511,16054,25387,33105,19616,0,0,45961,1212,913,9,4,0,0,0,0,0,51729,89,73,0,0,0,0,0
532,896,533.561169327368,99989,125,87,6,3,1722,850,0.025722829511246235,80,45,32513,23884,1111,518,16164,25462,33266,19795,0,0,45610,1223,940,9,4,0,0,0,0,0,52041,89,73,0,0,0,0,0
533,896,534.1441317417202,99989,133,87,6,3,1736,860,0.025962855914150557,74,41,32375,23773,1105,526,16306,25569,33425,19973,0,0,45277,1219,960,9,4,0,0,0,0,0,52358,89,73,0,0,0,0,0
534,896,535.318052962711,99989,137,85,6,3,1761,871,0.026322895518507035,66,40,32265,23719,1112,532,16413,25620,33583,20150,0,0,44930,1230,981,10,4,0,0,0,0,0,52672,89,73,0,0,0,0,0
535,896,536.4958263248027,99989,130,80,6,3,1777,881,0.026582924121653383,75,43,32144,23661,1128,546,16516,25666,33739,20326,0,0,44581,1247,1002,10,4,0,0,0,0,0,52983,89,73,0,0,0,0,0
536,896,537.0854660642387,99989,132,86,6,3,1788,889,0.026772945023952634,78,38,31995,23559,1132,543,16656,25770,33894,20501,0,0,44248,1251,1009,10,4,0,0,0,0,0,53305,88,74,0,0,0,0,0
537,896,538.2731463412069,99989,131,88,6,3,1807,908,0.02715298682855114,73,32,31890,23509,1139,551,16760,25816,34047,20675,0,0,43911,1262,1035,10,4,0,0,0,0,0,53605,87,75,0,0,0,0,0
538,896,539.4650080796731,99989,136,78,6,3,1829,914,0.02743301763193951,67,33,31788,23467,1143,562,16859,25856,34199,20848,0,0,43575,1274,1056,9,5,0,0,0,0,0,53908,87,75,0,0,0,0,0
539,896,540.0616098752881,99989,137,75,6,3,1842,919,0.027613037434117752,68,32,31651,23377,1149,570,16988,25942,34349,21020,0,0,43246,1281,1069,9,5,0,0,0,0,0,54217,87,75,0,0,0,0,0
540,896,541.2625323456665,99989,132,80,6,3,1865,930,0.027953074838232207,69,31,31551,23344,1171,575,17070,25966,34498,21192,0,0,42909,1297,1087,9,5,0,0,0,0,0,54520,87,75,0,0,0,0,0
541,896,542.4671984983855,99989,136,77,6,3,1894,940,0.028343117742951725,64,23,31445,23290,1189,586,17159,26020,34645,21363,0,0,42576,1312,1110,9,5,0,0,0,0,0,54815,87,75,0,0,0,0,0
542,896,543.0703868719673,99989,133,72,6,3,1906,944,0.028503135344887937,66,25,31309,23196,1199,593,17286,26110,34791,21533,0,0,42255,1318,1128,9,5,0,0,0,0,0,55112,86,76,0,0,0,0,0
543,896,544.284554735529,99988,117,63,7,3,1926,949,0.028753450414049687,66,42,31218,23162,1224,602,17367,26127,34936,21702,0,0,41931,1328,1165,10,5,0,0,0,0,0,55387,84,78,0,0,0,0,0
544,896,545.5027251216222,99987,113,67,7,4,1943,960,0.029033774390670786,71,44,31118,23116,1239,604,17451,26164,35079,21869,0,0,41614,1334,1186,10,5,0,0,0,0,0,55676,84,78,0,0,0,0,0
545,896,546.112215011811,99987,111,70,7,4,1949,969,0.029183793893206116,72,39,30982,23027,1239,607,17588,26252,35221,22035,0,0,41306,1334,1200,10,5,0,0,0,0,0,55970,84,78,0,0,0,0,0
546,896,547.3393540022739,99987,110,60,7,4,1972,974,0.029463830297938733,63,44,30878,23000,1258,619,17683,26272,35361,22200,0,0,40990,1346,1227,10,5,0,0,0,0,0,56247,83,79,0,0,0,0,0
547,896,548.5709221087535,99987,116,62,7,4,1996,985,0.0298138758038545,57,41,30793,22963,1264,623,17762,26306,35500,22364,0,0,40682,1351,1249,10,5,0,0,0,0,0,56528,83,79,0,0,0,0,0
548,896,549.1873689772048,99987,112,63,7,4,2003,988,0.02991388880554472,59,43,30663,22872,1269,623,17889,26394,35638,22527,0,0,40375,1357,1256,10,5,0,0,0,0,0,56822,83,79,0,0,0,0,0
549,896,550.4275604518325,99987,105,64,7,4,2019,998,0.030173922609939292,61,40,30584,22854,1279,625,17963,26412,35774,22689,0,0,40076,1358,1287,10,5,0,0,0,0,0,57089,83,79,0,0,0,0,0
550,896,551.0483508381175,99987,110,59,7,4,2026,1003,0.030293938211967558,56,41,30472,22773,1270,631,18084,26491,35909,22850,0,0,39791,1349,1308,10,5,0,0,0,0,0,57362,81,81,0,0,0,0,0
551,896,552.296779070551,99987,111,61,7,4,2045,1015,0.030603978517207236,48,39,30387,22735,1272,637,18174,26523,36043,23010,0,0,39491,1355,1328,11,5,0,0,0,0,0,57635,80,82,0,0,0,0,0
552,896,553.5485133163899,99986,101,46,8,4,2055,1023,0.030784309803372472,53,40,30301,22706,1275,655,18261,26548,36175,23169,0,0,39189,1366,1359,11,5,0,0,0,0,0,57894,80,82,0,0,0,0,0
553,896,554.1750560456446,99986,100,49,8,4,2061,1029,0.030904326605724803,57,37,30180,22633,1275,654,18379,26622,36306,23327,0,0,38903,1366,1369,11,5,0,0,0,0,0,58170,77,85,0,0,0,0,0
554,896,555.4356031263976,99986,95,45,8,4,2073,1038,0.031114356009841377,59,37,30122,22602,1284,666,18431,26645,36436,23484,0,0,38609,1374,1391,11,5,0,0,0,0,0,58434,76,86,0,0,0,0,0
555,896,556.0661942562789,99986,93,43,8,4,2078,1042,0.031204368611605623,57,40,30021,22531,1282,667,18538,26714,36564,23639,0,0,38329,1372,1406,11,5,0,0,0,0,0,58701,75,87,0,0,0,0,0
556,896,557.3339172731577,99986,96,47,8,4,2097,1054,0.03151441201768247,50,35,29948,22492,1292,672,18605,26749,36691,23793,0,0,38043,1378,1424,11,5,0,0,0,0,0,58963,74,88,0,0,0,0,0
557,896,558.6044962809324,99986,86,53,8,4,2107,1068,0.031754445622387134,53,29,29892,22467,1299,673,18661,26773,36817,23946,0,0,37766,1375,1451,12,6,0,0,0,0,0,59214,74,88,0,0,0,0,0
558,896,559.2401404027239,99986,85,58,8,4,2112,1076,0.03188446382493549,58,24,29785,22401,1293,674,18770,26838,36942,24098,0,0,37495,1369,1466,12,6,0,0,0,0,0,59476,74,88,0,0,0,0,0
559,896,560.5179121734376,99986,85,58,8,4,2132,1086,0.032184505830816314,48,23,29714,22393,1301,680,18843,26841,37065,24249,0,0,37216,1374,1489,12,7,0,0,0,0,0,59726,74,88,0,0,0,0,0
560,896,561.1571248344271,99986,88,56,8,4,2143,1090,0.032334526833756726,47,23,29605,22324,1301,682,18950,26910,37187,24399,0,0,36949,1369,1508,12,7,0,0,0,0,0,59979,74,88,0,0,0,0,0
561,896,562.4427123329132,99986,86,50,8,4,2159,1097,0.032564559038265356,45,23,29543,22324,1306,688,19011,26910,37308,24548,0,0,36677,1372,1536,12,7,0,0,0,0,0,60220,73,89,0,0,0,0,0
562,896,563.0856481875074,99986,87,47,8,4,2164,1101,0.032654571640029606,44,20,29444,22270,1301,694,19115,26964,37428,24695,0,0,36414,1368,1551,12,7,0,0,0,0,0,60472,73,89,0,0,0,0,0
563,896,564.0323393545466,99986,86,48,8,4,2168,1104,0.0327245814414018,41,21,29334,22196,1298,690,19232,27040,37546,24841,0,0,36153,1365,1561,12,7,0,0,0,0,0,60726,73,89,0,0,0,0,0
564,896,565.415328497197,99986,82,51,8,4,2187,1113,0.03300462064689057,39,15,29291,22195,1305,690,19274,27044,37663,24986,0,0,35891,1365,1590,12,7,0,0,0,0,0,60959,73,89,0,0,0,0,0
565,896,566.0958567744193,99986,76,51,8,4,2195,1114,0.03309463324865481,40,17,29201,22151,1314,687,19360,27089,37779,25130,0,0,35629,1368,1602,11,8,0,0,0,0,0,61206,73,89,0,0,0,0,0
566,896,567.2131018347204,99986,77,49,8,4,2204,1119,0.0332346528513992,40,16,29122,22129,1315,685,19437,27116,37894,25273,0,0,35373,1366,1619,11,8,0,0,0,0,0,61447,73,89,0,0,0,0,0
567,896,568.0733386469007,99986,88,45,8,4,2219,1126,0.033454683655711796,32,12,29048,22110,1311,691,19512,27137,38008,25414,0,0,35123,1362,1636,12,8,0,0,0,0,0,61683,71,91,0,0,0,0,0
568,896,569.0642642784118,99986,86,43,8,4,2234,1129,0.033634708859240296,33,12,29002,22142,1314,692,19556,27106,38121,25554,0,0,34872,1360,1660,12,8,0,0,0,0,0,61912,71,91,0,0,0,0,0
569,896,570.0120152640268,99986,85,43,8,4,2237,1131,0.033684715860220434,33,11,28899,22077,1308,691,19666,27173,38232,25693,0,0,34629,1353,1673,12,8,0,0,0,0,0,62149,71,91,0,0,0,0,0
570,896,571.0404566781569,99985,79,40,9,4,2242,1134,0.033765064759713956,38,10,28819,22060,1311,692,19743,27193,38342,25831,0,0,34378,1355,1687,12,8,0,0,0,0,0,62383,71,91,0,0,0,0,0
571,896,572.2075778631545,99985,80,31,9,4,2264,1136,0.03400510076511477,32,15,28810,22130,1317,697,19751,27122,38451,25968,0,0,34126,1361,1711,12,9,0,0,0,0,0,62604,71,91,0,0,0,0,0
572,896,573.1279119502906,99985,79,32,9,4,2266,1138,0.0340451067660149,31,17,28701,22054,1311,694,19868,27198,38559,26104,0,0,33892,1351,1725,12,9,0,0,0,0,0,62834,71,91,0,0,0,0,0
573,896,574.3328988704329,99985,74,27,9,4,2276,1143,0.03419512926939041,33,20,28652,22097,1315,698,19916,27153,38666,26238,0,0,33649,1353,1746,13,9,0,0,0,0,0,63053,70,92,0,0,0,0,0
574,896,575.0477048568443,99985,75,29,9,4,2278,1146,0.03424513677051558,32,19,28547,22019,1309,694,20027,27234,38772,26371,0,0,33421,1342,1759,13,9,0,0,0,0,0,63279,70,92,0,0,0,0,0
575,896,576.1661840023394,99985,68,37,9,4,2289,1158,0.03447517127569135,36,20,28527,22064,1319,694,20040,27180,38877,26503,0,0,33183,1343,1778,14,9,0,0,0,0,0,63496,69,93,0,0,0,0,0
576,896,577.2543374784691,99985,64,38,9,4,2296,1162,0.03458518777816672,32,18,28440,22032,1321,694,20133,27213,38981,26634,0,0,32952,1339,1796,14,9,0,0,0,0,0,63713,69,93,0,0,0,0,0
577,896,578.2723067832706,99985,61,38,9,4,2308,1168,0.034765214782217335,25,15,28381,22056,1325,695,20198,27191,39084,26764,0,0,32719,1339,1817,14,9,0,0,0,0,0,63925,69,93,0,0,0,0,0
578,896,579.1338598403114,99985,62,38,9,4,2310,1170,0.034805220783117465,27,15,28285,22006,1321,694,20295,27242,39185,26892,0,0,32497,1332,1827,14,9,0,0,0,0,0,64144,69,93,0,0,0,0,0
579,896,580.0492591914481,99984,61,34,10,4,2317,1175,0.03492558809409506,24,12,28221,22000,1320,703,20363,27246,39285,27019,0,0,32271,1330,1845,14,9,0,0,0,0,0,64353,69,93,0,0,0,0,0
580,896,581.1454315756375,99984,60,33,10,4,2326,1181,0.03507561209793567,21,8,28170,21990,1316,705,20422,27259,39384,27145,0,0,32047,1331,1861,14,9,0,0,0,0,0,64560,67,95,0,0,0,0,0
581,896,582.4575533506705,99984,56,30,10,4,2334,1183,0.03517562810049608,23,9,28135,22012,1320,707,20455,27237,39482,27270,0,0,31822,1333,1876,14,9,0,0,0,0,0,64768,67,95,0,0,0,0,0
582,896,583.0097373989828,99984,51,28,10,4,2338,1185,0.03523563770203233,27,12,28086,22015,1320,707,20505,27233,39579,27394,0,0,31603,1331,1891,14,9,0,0,0,0,0,64974,67,95,0,0,0,0,0
583,896,584.1341027955099,99984,50,24,10,4,2345,1186,0.035315650504080656,25,16,28054,22016,1314,707,20546,27232,39675,27517,0,0,31385,1330,1905,14,9,0,0,0,0,0,65179,67,95,0,0,0,0,0
584,896,585.1864134394511,99984,50,27,10,4,2351,1190,0.03541566650664106,25,15,27988,22011,1309,705,20617,27237,39770,27638,0,0,31178,1322,1918,14,10,0,0,0,0,0,65380,66,96,0,0,0,0,0
585,896,586.198516681396,99984,48,27,10,4,2356,1194,0.03550568090894543,27,15,27981,22029,1302,705,20631,27219,39864,27758,0,0,30968,1317,1932,15,10,0,0,0,0,0,65580,66,96,0,0,0,0,0
586,896,587.3146557783062,99983,50,28,11,4,2363,1198,0.03561605472930398,24,12,27913,22005,1302,705,20699,27245,39957,27877,0,0,30758,1315,1941,15,10,0,0,0,0,0,65782,66,96,0,0,0,0,0
587,896,588.2141021233888,99983,45,27,11,4,2366,1200,0.03566606323074923,22,12,27849,21991,1305,705,20767,27260,40049,27995,0,0,30547,1317,1950,15,10,0,0,0,0,0,65982,65,97,0,0,0,0,0
588,896,589.4894573675414,99983,50,27,11,4,2374,1205,0.035796085334506865,19,14,27847,22046,1296,707,20776,27201,40140,28112,0,0,30347,1309,1966,15,10,0,0,0,0,0,66174,65,97,0,0,0,0,0
589,896,590.1420473044366,99983,52,24,11,4,2377,1205,0.03582609043537401,19,14,27774,22009,1290,709,20853,27239,40230,28228,0,0,30146,1305,1974,15,10,0,0,0,0,0,66371,64,98,0,0,0,0,0
590,896,591.0214569477474,99983,53,23,11,4,2384,1207,0.035916105737975455,17,13,27724,22036,1289,705,20905,27218,40320,28343,0,0,29945,1302,1986,14,11,0,0,0,0,0,66563,64,98,0,0,0,0,0
591,896,592.0895570621491,99983,51,20,11,4,2387,1210,0.03597611593970975,17,13,27673,22028,1290,705,20957,27229,40409,28457,0,0,29750,1296,2003,13,12,0,0,0,0,0,66747,63,99,0,0,0,0,0
592,896,593.019174325869,99983,50,23,11,4,2391,1213,0.0360461278417331,17,13,27623,22044,1286,702,21012,27213,40497,28569,0,0,29556,1290,2014,13,12,0,0,0,0,0,66936,63,99,0,0,0,0,0
593,896,594.0768132168669,99983,49,26,11,4,2396,1217,0.03613614314433454,18,13,27598,22074,1285,700,21038,27182,40584,28680,0,0,29363,1286,2025,13,12,0,0,0,0,0,67122,62,100,0,0,0,0,0
594,896,595.1453387872938,99983,44,26,11,4,2400,1219,0.036196153346068835,18,13,27576,22084,1283,698,21067,27174,40670,28790,0,0,29177,1276,2046,13,12,0,0,0,0,0,67297,62,100,0,0,0,0,0
595,896,596.0623907564382,99983,42,23,11,4,2404,1221,0.03625616354780312,19,14,27534,22091,1277,697,21116,27170,40755,28899,0,0,28990,1269,2064,13,12,0,0,0,0,0,67473,62,100,0,0,0,0,0
596,896,597.060772034691,99983,40,24,11,4,2408,1225,0.03633617715011552,16,12,27507,22098,1274,696,21151,27165,40839,29007,0,0,28807,1260,2082,13,12,0,0,0,0,0,67647,62,100,0,0,0,0,0
597,896,598.2554660764247,99983,37,24,11,4,2415,1230,0.03645619755358411,15,10,27487,22123,1276,694,21173,27144,40922,29114,0,0,28616,1259,2094,15,12,0,0,0,0,0,67825,62,100,0,0,0,0,0
598,896,599.2482373578615,99983,38,23,11,4,2418,1231,0.036496204354740304,18,10,27445,22132,1270,692,21217,27138,41004,29220,0,0,28430,1257,2100,15,12,0,0,0,0,0,68007,62,100,0,0,0,0,0
599,896,600.0396776569206,99983,37,20,11,4,2423,1232,0.0365562145564746,17,10,27397,22109,1272,693,21265,27163,41086,29325,0,0,28248,1252,2115,15,12,0,0,0,0,0,68179,62,100,0,0,0,0,0
600,896,601.0289085141753,99983,36,21,11,4,2428,1236,0.03664622985907604,17,10,27378,22164,1266,691,21291,27109,41167,29429,0,0,28067,1248,2128,15,12,0,0,0,0,0,68351,62,100,0,0,0,0,0
601,896,602.0092691757673,99983,38,20,11,4,2435,1240,0.03675624856225558,13,7,27351,22168,1263,691,21323,27109,41247,29532,0,0,27886,1246,2140,15,12,0,0,0,0,0,68522,62,100,0,0,0,0,0
602,896,603.0071674929601,99983,39,17,11,4,2439,1241,0.03680625706370083,13,6,27310,22178,1259,689,21367,27105,41326,29634,0,0,27711,1241,2152,15,12,0,0,0,0,0,68690,61,101,0,0,0,0,0
603,896,604.014200213426,99983,36,17,11,4,2443,1243,0.036866267265435126,15,7,27299,22197,1259,685,21379,27089,41404,29735,0,0,27535,1238,2164,15,12,0,0,0,0,0,68857,61,101,0,0,0,0,0
604,896,605.5148443009778,99983,32,19,11,4,2446,1247,0.036936279167458466,20,4,27297,22249,1257,679,21382,27044,41481,29835,0,0,27361,1235,2176,15,12,0,0,0,0,0,69022,61,101,0,0,0,0,0
605,896,606.2901308221251,99983,29,18,11,4,2449,1247,0.036966284268325614,20,8,27268,22257,1257,677,21414,27035,41558,29934,0,0,27186,1235,2183,15,12,0,0,0,0,0,69190,60,102,0,0,0,0,0
606,896,607.0132013493377,99983,31,16,11,4,2452,1248,0.03700629106948181,21,8,27226,22244,1251,676,21459,27051,41634,30032,0,0,27016,1231,2189,15,13,0,0,0,0,0,69357,60,102,0,0,0,0,0
607,896,608.0588451926958,99983,31,15,11,4,2461,1251,0.0371263114729504,17,8,27231,22298,1252,676,21457,26998,41709,30129,0,0,26847,1229,2204,15,13,0,0,0,0,0,69513,59,103,0,0,0,0,0
608,896,609.2338439317119,99983,33,18,11,4,2467,1255,0.03722632847584089,15,7,27196,22310,1250,674,21494,26986,41783,30225,0,0,26682,1224,2214,15,13,0,0,0,0,0,69673,59,103,0,0,0,0,0
609,896,610.1361431018917,99983,36,17,11,4,2477,1257,0.03734634887930948,6,7,27178,22311,1248,674,21520,26986,41856,30320,0,0,26514,1224,2222,16,13,0,0,0,0,0,69832,58,104,0,0,0,0,0
610,896,611.0818378954338,99983,32,17,11,4,2479,1259,0.03738635568046568,10,5,27159,22342,1247,674,21540,26957,41929,30414,0,0,26352,1218,2234,17,13,0,0,0,0,0,69987,58,104,0,0,0,0,0
611,896,612.024119474011,99983,36,13,11,4,2484,1260,0.037446365882199975,9,5,27152,22388,1237,670,21554,26919,42001,30507,0,0,26192,1213,2245,17,13,0,0,0,0,0,70141,58,104,0,0,0,0,0
612,896,613.0725677033768,99983,31,11,11,4,2488,1260,0.03748637268335617,12,6,27122,22406,1241,668,21582,26904,42072,30599,0,0,26030,1213,2256,17,13,0,0,0,0,0,70292,57,105,0,0,0,0,0
613,896,614.0410043525696,99983,33,10,11,4,2494,1263,0.03757638798595761,11,8,27134,22434,1235,668,21575,26875,42142,30690,0,0,25876,1207,2270,16,14,0,0,0,0,0,70438,57,105,0,0,0,0,0
614,896,615.3245248322804,99983,31,9,11,4,2497,1264,0.03761639478711381,11,9,27124,22452,1230,667,21592,26858,42212,30780,0,0,25718,1205,2279,16,14,0,0,0,0,0,70589,57,105,0,0,0,0,0
615,896,616.0440442830534,99983,31,9,11,4,2501,1265,0.03766640328855905,9,9,27091,22462,1229,665,21628,26850,42281,30869,0,0,25568,1200,2289,14,16,0,0,0,0,0,70734,56,106,0,0,0,0,0
616,896,617.302129756093,99983,28,9,11,4,2503,1267,0.03770641008971525,8,8,27110,22510,1220,663,21622,26805,42349,30957,0,0,25415,1197,2299,14,16,0,0,0,0,0,70880,56,106,0,0,0,0,0
617,896,618.6803261936099,99983,25,12,11,4,2507,1271,0.03778642369202764,7,6,27128,22557,1217,659,21611,26761,42417,31044,0,0,25263,1196,2308,14,16,0,0,0,0,0,71024,54,108,0,0,0,0,0
618,896,619.0136486324736,99983,25,13,11,4,2507,1272,0.037796425392316695,7,5,27047,22493,1213,657,21696,26827,42484,31130,0,0,25118,1188,2316,14,16,0,0,0,0,0,71169,54,108,0,0,0,0,0
619,896,620.2182560609972,99983,22,13,11,4,2511,1274,0.03785643559405099,7,5,27052,22520,1214,656,21693,26801,42550,31215,0,0,24968,1189,2323,14,17,0,0,0,0,0,71311,52,109,0,0,0,0,0
620,896,621.0300957097013,99983,22,12,11,4,2514,1277,0.037916445795785285,8,2,27048,22537,1208,659,21702,26785,42616,31299,0,0,24826,1181,2338,14,17,0,0,0,0,0,71446,52,109,0,0,0,0,0
621,896,622.255017485012,99983,24,11,11,4,2517,1278,0.03795645259694148,12,2,27040,22586,1199,658,21713,26738,42681,31382,0,0,24687,1174,2348,14,17,0,0,0,0,0,71582,50,111,0,0,0,0,0
622,896,623.005069354388,99983,26,11,11,4,2520,1278,0.037986457697808625,10,2,27012,22571,1191,653,21749,26758,42745,31464,0,0,24552,1163,2360,14,17,0,0,0,0,0,71716,50,111,0,0,0,0,0
623,896,624.1657895248032,99983,27,8,11,4,2526,1279,0.03805646959983197,10,2,27028,22648,1192,648,21731,26689,42809,31546,0,0,24407,1162,2369,14,18,0,0,0,0,0,71853,50,110,0,0,0,0,0
624,896,625.2812241582883,99983,25,8,11,4,2527,1279,0.03806647130012102,10,2,26999,22654,1191,644,21763,26687,42872,31627,0,0,24266,1159,2375,14,18,0,0,0,0,0,71991,50,110,0,0,0,0,0
625,896,626.0161026959736,99983,24,6,11,4,2530,1280,0.038106478101277215,9,1,27002,22685,1187,647,21766,26656,42934,31707,0,0,24129,1153,2386,15,18,0,0,0,0,0,72122,50,110,0,0,0,0,0
626,896,627.035233118459,99983,26,4,11,4,2533,1280,0.03813648320214436,8,3,26987,22719,1180,645,21787,26624,42996,31786,0,0,23996,1145,2397,15,18,0,0,0,0,0,72252,50,110,0,0,0,0,0
627,896,628.1108444740113,99983,27,7,11,4,2539,1283,0.038226498504745805,2,2,26987,22768,1178,643,21794,26575,43057,31864,0,0,23865,1138,2409,14,19,0,0,0,0,0,72378,50,110,0,0,0,0,0
628,896,629.0758110440603,99983,23,7,11,4,2540,1284,0.03824650190532391,5,3,26980,22793,1176,641,21804,26551,43117,31941,0,0,23731,1135,2418,14,19,0,0,0,0,0,72506,50,110,0,0,0,0,0
629,896,630.6378517264089,99983,21,9,11,4,2543,1287,0.0383065121070582,32,26,27007,22862,1174,639,21754,26459,43177,32017,0,0,23596,1134,2424,14,19,0,1,0,0,0,72635,49,111,0,0,0,0,0
630,896,631.1368570680797,99983,26,16,11,4,2551,1294,0.038456537611393934,27,20,26976,22865,1168,636,21791,26458,43236,32093,0,0,23470,1124,2434,14,19,0,2,0,0,2,72758,49,111,0,0,0,0,0
631,896,632.0223500735362,99983,27,20,11,4,2557,1298,0.03855655461428443,30,20,26966,22893,1163,631,21802,26431,43295,32168,0,0,23339,1117,2441,14,19,0,6,0,0,3,72884,49,111,0,0,0,0,0
632,896,633.3169344751552,99983,30,18,11,4,2565,1298,0.03863656821659682,30,25,26974,22944,1160,626,21794,26382,43353,32242,0,0,23211,1112,2446,14,19,0,7,0,0,9,73005,49,111,0,0,0,0,0
633,896,634.1184421223292,99983,33,19,11,4,2571,1302,0.038736585219487314,30,25,26968,22970,1157,627,21800,26354,43410,32315,0,0,23084,1108,2449,15,19,0,7,0,0,14,73127,49,111,0,0,0,0,0
634,896,635.2725743737991,99983,32,21,11,4,2578,1309,0.038876609023534,27,23,26986,23013,1156,630,21787,26308,43467,32387,0,0,22960,1101,2456,15,19,0,9,0,0,25,73238,49,111,0,0,0,0,0
635,896,636.1535537713751,99983,40,21,11,4,2588,1315,0.03903663622815879,28,20,26963,23034,1153,631,21804,26289,43523,32459,0,0,22840,1094,2463,15,19,0,10,0,0,32,73350,47,113,0,0,0,0,0
636,896,637.0070197845699,99983,44,20,11,4,2598,1319,0.039176660032205476,29,19,26951,23064,1150,635,21814,26257,43579,32530,0,0,22718,1088,2469,15,19,0,11,0,0,42,73461,47,113,0,0,0,0,0
637,896,638.1467770857314,99983,47,24,11,4,2605,1327,0.039326685536541214,35,15,26982,23123,1146,637,21778,26196,43634,32600,0,0,22593,1084,2472,16,19,0,14,0,0,46,73579,47,113,0,0,0,0,0
638,896,639.2937486993847,99983,48,25,11,4,2612,1330,0.0394267025394317,40,20,27002,23155,1146,635,21752,26160,43689,32669,0,0,22475,1077,2478,17,19,0,15,0,0,52,73690,46,114,0,0,0,0,0
639,896,640.2647956011689,99983,47,27,11,4,2618,1333,0.039516717842033144,40,18,27000,23176,1145,632,21756,26142,43743,32738,0,0,22352,1072,2483,17,19,0,20,0,0,55,73805,46,114,0,0,0,0,0
640,896,641.1717079072341,99983,59,30,11,4,2637,1339,0.03976676034925938,39,22,27034,23234,1144,629,21712,26080,43796,32806,0,0,22232,1068,2487,17,19,0,23,0,0,62,73915,46,114,0,0,0,0,0
641,896,642.2279629702768,99983,63,31,11,4,2651,1345,0.03996679435504036,38,31,27040,23268,1144,629,21703,26036,43849,32873,0,0,22113,1064,2491,17,19,0,26,0,0,74,74019,46,114,0,0,0,0,0
642,896,643.2837451821,99983,65,34,11,4,2664,1354,0.040186831761399436,37,34,27036,23301,1151,630,21699,25996,43901,32939,0,0,21993,1062,2492,17,20,0,30,0,0,86,74123,46,114,0,0,0,0,0
643,896,644.3396049258208,99983,67,29,11,4,2671,1358,0.04029685046457898,43,36,27036,23335,1149,637,21693,25958,43953,33005,0,0,21874,1058,2495,17,21,0,35,0,0,94,74229,46,114,0,0,0,0,0
644,896,645.0434451815062,99983,68,30,11,4,2679,1364,0.04043687426862567,42,31,27018,23349,1151,640,21709,25945,44004,33070,0,0,21759,1054,2499,17,21,0,39,0,0,102,74332,45,115,0,0,0,0,0
645,896,646.0999787226324,99983,65,38,11,4,2686,1376,0.0406269065741176,54,23,27035,23392,1149,641,21685,25901,44055,33134,0,0,21651,1046,2507,17,22,0,40,0,0,114,74427,45,114,0,0,0,0,0
646,896,647.155847283849,99983,68,36,11,4,2697,1382,0.04079693547903143,59,24,27044,23430,1152,647,21665,25858,44105,33197,0,0,21537,1044,2508,17,23,0,43,0,0,126,74526,45,114,0,0,0,0,0
647,896,648.2111422647603,99983,69,34,11,4,2712,1385,0.04097696608423432,72,33,27054,23482,1155,648,21638,25798,44155,33260,0,0,21426,1037,2515,17,23,0,49,0,0,139,74618,44,115,0,0,0,0,0
648,896,649.2658985085939,99983,73,33,11,4,2730,1390,0.04120700519088245,75,33,27076,23527,1161,653,21603,25749,44204,33322,0,0,21313,1033,2517,17,25,0,55,0,0,151,74713,44,115,0,0,0,0,0
649,896,650.3199687320027,99983,81,37,11,4,2747,1397,0.04144704599781963,75,34,27066,23555,1164,653,21602,25716,44253,33383,0,0,21205,1028,2520,18,26,0,57,0,0,159,74811,44,115,0,0,0,0,0
650,896,651.0228233684905,99983,79,37,11,4,2757,1400,0.04157706810157727,72,39,27069,23567,1171,651,21597,25701,44301,33444,0,0,21100,1020,2527,19,26,0,61,0,0,169,74902,43,116,0,0,0,0,0
651,896,652.0768669167519,99983,76,43,11,4,2774,1410,0.0418471140093816,73,51,27083,23604,1181,652,21575,25645,44349,33504,0,0,20989,1015,2530,20,27,0,68,0,0,184,74991,43,116,0,0,0,0,0
652,896,653.1303718565681,99983,84,45,11,4,2788,1418,0.042067151415740675,79,59,27099,23636,1185,655,21541,25600,44396,33563,0,0,20880,1013,2531,21,27,0,72,0,0,191,75089,43,116,0,0,0,0,0
653,896,654.1828830105648,99983,93,51,11,4,2812,1434,0.04246721942730264,81,56,27107,23668,1190,660,21517,25560,44443,33622,0,0,20773,1008,2534,22,28,0,78,0,0,208,75173,42,117,0,0,0,0,0
654,896,655.2350099454136,99983,84,51,11,4,2826,1446,0.04272726363481792,99,56,27106,23711,1206,668,21493,25509,44489,33680,0,0,20665,1004,2538,22,28,0,86,0,0,235,75246,42,117,0,0,0,0,0
655,896,656.2871949738585,99983,95,52,11,4,2850,1457,0.04307732314493464,101,62,27090,23744,1211,675,21491,25462,44535,33738,0,0,20562,999,2543,21,29,0,91,0,0,253,75326,42,117,0,0,0,0,0
656,896,657.3396981764338,99983,104,65,11,4,2870,1476,0.04346738945620755,103,59,27093,23768,1218,680,21470,25423,44581,33795,0,0,20456,996,2544,21,31,0,97,0,0,262,75417,42,117,0,0,0,0,0
657,896,658.0412237508061,99983,119,70,11,4,2890,1488,0.043787443865457125,114,54,27072,23791,1215,683,21468,25397,44626,33851,0,0,20361,989,2551,21,31,0,99,0,0,272,75500,41,118,0,0,0,0,0
658,896,659.0939868825734,99983,129,71,11,4,2921,1502,0.04423752037846434,115,62,27083,23824,1230,695,21431,25343,44671,33907,0,0,20256,985,2552,22,33,0,106,0,0,296,75574,41,118,0,0,0,0,0
659,896,660.1460590179818,99983,147,77,11,4,2958,1519,0.044777612194072995,119,65,27097,23878,1245,701,21380,25274,44715,33962,0,0,20159,979,2555,23,35,0,112,0,0,317,75644,38,121,0,0,0,0,0
660,896,661.1974349529052,99983,159,84,11,4,2985,1538,0.04523769040736925,148,71,27092,23915,1252,712,21337,25213,44759,34016,0,0,20052,976,2558,23,35,0,124,0,0,332,75724,38,121,0,0,0,0,0
661,896,662.2484499319555,99983,181,96,11,4,3033,1558,0.045917806027024596,159,74,27072,23965,1271,716,21305,25144,44802,34070,0,0,19947,972,2561,23,36,0,136,0,0,353,75796,38,121,0,0,0,0,0
662,896,663.2997066092493,99983,193,99,11,4,3067,1579,0.0464678995429223,185,90,27069,23995,1281,728,21260,25083,44845,34123,0,0,19851,965,2567,23,37,0,143,0,0,385,75853,38,121,0,0,0,0,0
663,896,664.0002402052961,99982,206,109,12,4,3097,1596,0.046938448920805745,189,89,27057,24002,1293,733,21242,25062,44888,34176,0,0,19753,963,2568,23,38,0,148,0,0,402,75928,37,122,0,0,0,0,0
664,896,665.0512605409496,99981,236,116,12,5,3152,1620,0.04772906852301937,190,91,27044,24051,1312,746,21205,24990,44930,34228,0,0,19653,961,2569,24,38,0,155,0,0,435,75987,37,122,0,0,0,0,0
665,896,666.1024799297782,99981,247,118,12,5,3201,1648,0.048499214850821655,214,88,27022,24078,1340,766,21164,24944,44972,34280,0,0,19542,957,2572,24,40,0,176,0,0,476,76036,37,121,0,0,0,0,0
666,896,667.1538785516922,99981,271,132,12,5,3270,1677,0.04947940108620638,217,96,27019,24111,1373,774,21107,24881,45013,34331,0,0,19439,949,2580,24,42,0,195,0,0,513,76081,37,121,0,0,0,0,0
667,896,668.2050707781782,99981,291,132,12,5,3325,1702,0.050279553115091864,252,103,26998,24142,1399,793,21047,24824,45054,34381,0,0,19337,946,2581,24,44,0,209,0,0,557,76125,37,121,0,0,0,0,0
668,896,669.2562848991279,99981,306,142,12,5,3388,1736,0.051249737450115525,266,104,26981,24173,1437,813,20997,24762,45095,34431,0,0,19235,943,2581,24,47,0,223,0,0,612,76158,37,121,0,0,0,0,0
669,896,670.3078092158913,99981,314,135,12,5,3454,1756,0.052109900881167424,288,126,26948,24202,1483,835,20954,24696,45135,34480,0,0,19135,935,2585,26,49,0,241,0,0,675,76177,36,122,0,0,0,0,0
670,896,671.0091993254406,99980,333,149,13,5,3504,1783,0.052880576115223045,294,123,26926,24219,1508,844,20925,24659,45175,34529,0,0,19036,933,2585,27,51,0,251,0,0,704,76235,36,122,0,0,0,0,0
671,896,672.0619513459876,99980,359,162,13,5,3588,1817,0.054060812162432484,302,129,26909,24252,1556,857,20860,24594,45214,34577,0,0,18934,927,2588,29,53,0,271,0,0,759,76262,35,122,0,0,0,0,0
672,896,673.1148753484741,99980,396,169,13,5,3676,1845,0.05522104420884177,315,144,26878,24274,1598,877,20799,24530,45253,34625,0,0,18833,924,2587,29,57,0,287,0,0,810,76296,35,122,0,0,0,0,0
673,896,674.1683291106111,99980,416,190,13,5,3765,1882,0.05648129625925185,332,153,26839,24307,1657,889,20742,24455,45292,34672,0,0,18734,920,2586,31,60,0,303,0,0,874,76315,34,123,0,0,0,0,0
674,896,675.2225573974436,99979,444,198,14,5,3858,1915,0.05774212584642775,349,167,26820,24342,1714,908,20658,24379,45330,34719,0,0,18624,914,2591,33,60,0,332,0,0,931,76337,34,123,0,0,0,0,0
675,896,676.27693156426,99978,466,219,14,6,3944,1970,0.05915301366300586,358,169,26786,24376,1769,937,20606,24292,45368,34765,0,0,18520,906,2595,37,60,0,356,0,0,1000,76347,34,123,0,0,0,0,0
676,896,677.3321331699804,99977,490,237,15,6,4033,2023,0.060573932004361,410,179,26749,24410,1818,965,20517,24202,45406,34811,0,0,18419,900,2599,39,60,0,376,0,0,1077,76350,34,123,0,0,0,0,0
677,896,678.0358020300363,99977,504,247,15,6,4100,2055,0.06156415975674405,445,190,26700,24404,1865,982,20470,24170,45443,34856,0,0,18322,897,2600,39,62,0,394,0,0,1132,76374,34,123,0,0,0,0,0
678,896,679.0925373146843,99976,549,263,16,6,4227,2113,0.06341521965271665,453,201,26643,24419,1937,1015,20401,24095,45480,34901,0,0,18217,892,2601,41,64,0,420,0,0,1225,76359,34,123,0,0,0,0,0
679,896,680.1504844007783,99976,604,263,16,6,4361,2165,0.06527566615987837,464,222,26621,24428,1997,1060,20297,24020,45516,34945,0,0,18116,887,2600,41,71,0,446,0,0,1323,76336,34,122,0,0,0,0,0
680,896,681.2086901180162,99975,659,274,17,6,4505,2217,0.06723680920230057,483,242,26564,24440,2065,1095,20211,23942,45552,34989,0,0,18002,884,2600,42,73,0,482,0,0,1413,76323,34,122,0,0,0,0,0
681,896,682.2680408396601,99973,681,314,19,6,4620,2293,0.06914867014093805,518,248,26495,24445,2147,1125,20139,23861,45588,35032,0,0,17891,880,2600,43,77,0,517,0,0,1499,76310,34,122,0,0,0,0,0
682,896,683.3289075508186,99973,735,337,19,6,4768,2362,0.07131925619917377,541,258,26433,24464,2226,1168,20045,23766,45623,35075,0,0,17786,874,2605,44,78,0,549,0,0,1605,76277,34,121,0,0,0,0,0
683,896,684.036794629378,99973,752,339,19,6,4860,2400,0.07261960729396937,565,278,26376,24463,2291,1198,19996,23715,45658,35117,0,0,17694,870,2608,45,80,0,567,0,0,1694,76261,34,120,0,0,0,0,0
684,896,685.100787188999,99972,799,351,19,7,5047,2470,0.0751910534949786,607,294,26288,24468,2418,1251,19868,23628,45693,35159,0,0,17584,866,2607,49,88,0,601,0,0,1839,76185,33,120,0,0,0,0,0
685,896,686.1668948644123,99971,834,372,20,7,5211,2543,0.07756249312300567,649,314,26226,24475,2526,1300,19744,23531,45727,35200,0,0,17465,863,2607,50,91,0,646,0,0,1969,76127,33,120,0,0,0,0,0
686,896,687.2344305223734,99969,886,394,22,7,5381,2625,0.08008482629615181,667,325,26149,24488,2620,1349,19655,23436,45761,35241,0,0,17338,860,2607,51,97,0,699,0,0,2082,76083,33,119,0,0,0,0,0
687,896,688.3038103771689,99969,946,393,22,7,5567,2696,0.0826556232432054,716,357,26056,24502,2727,1413,19532,23327,45795,35282,0,0,17236,853,2597,55,112,0,729,0,0,2229,76006,33,119,0,0,0,0,0
688,896,689.018012785202,99968,983,415,23,7,5694,2754,0.08450704225352113,762,370,25965,24497,2802,1443,19464,23267,45828,35322,0,0,17132,849,2598,56,115,0,762,0,0,2315,75989,33,119,0,0,0,0,0
689,896,690.0921010704856,99967,1045,450,24,7,5912,2863,0.0877789670591295,799,391,25870,24480,2921,1507,19340,23164,45861,35362,0,0,17014,844,2597,63,127,0,806,0,0,2472,75896,32,116,0,0,0,0,0
690,896,691.169071337488,99967,1098,492,24,7,6121,2983,0.09107005311752879,854,382,25744,24476,3055,1574,19224,23068,45894,35401,0,0,16893,843,2590,64,135,0,855,0,0,2647,75792,32,116,0,0,0,0,0
691,896,692.249446153304,99967,1157,521,24,7,6351,3088,0.09442115898246421,929,428,25602,24449,3200,1643,19087,22951,45927,35440,0,0,16756,838,2585,70,145,0,920,0,0,2809,75698,31,115,0,0,0,0,0
692,896,693.3335201615753,99966,1215,559,25,7,6602,3215,0.09820338915231179,985,439,25465,24442,3361,1721,18948,22831,45959,35478,0,0,16635,835,2579,72,157,0,972,0,0,3018,75552,30,116,0,0,0,0,0
693,896,694.0584088462082,99965,1262,594,26,7,6766,3304,0.10073525734006902,1018,464,25370,24403,3460,1767,18863,22764,45991,35516,0,0,16534,830,2575,74,167,0,1006,0,0,3140,75494,30,115,0,0,0,0,0
694,896,695.1492109076254,99964,1360,624,26,8,7045,3432,0.1048077307830819,1082,498,25222,24363,3613,1856,18696,22650,46023,35554,0,0,16412,825,2568,74,186,0,1061,0,0,3336,75357,30,115,0,0,0,0,0
695,896,696.2436966860581,99963,1460,658,27,8,7350,3581,0.10935045967007793,1088,520,25099,24336,3772,1958,18553,22519,46054,35591,0,0,16281,822,2564,77,194,0,1123,0,0,3578,75179,30,115,0,0,0,0,0
696,896,697.3421529965949,99961,1547,709,28,9,7663,3737,0.114044477346165,1156,529,24938,24315,3960,2049,18370,22388,46085,35628,0,0,16149,815,2558,80,210,0,1190,0,0,3815,75001,29,114,0,0,0,0,0
697,896,698.076907713989,99961,1621,731,28,9,7886,3845,0.11735576874981243,1194,544,24806,24284,4082,2128,18268,22303,46116,35664,0,0,16034,809,2556,82,218,0,1242,0,0,3986,74891,29,114,0,0,0,0,0
698,896,699.1841170915812,99960,1714,768,29,9,8213,3996,0.12213885554221689,1302,601,24592,24235,4281,2222,18081,22164,46147,35700,0,0,15902,800,2552,90,235,0,1307,0,0,4231,74701,29,113,0,0,0,0,0
699,896,700.2973952662092,99959,1819,832,30,9,8598,4196,0.12799247691553536,1378,632,24409,24162,4514,2340,17849,22024,46177,35736,0,0,15742,795,2540,94,254,0,1401,0,0,4523,74468,29,113,0,0,0,0,0
700,896,701.0423908079084,99958,1884,874,31,9,8856,4322,0.13183537085575942,1433,656,24245,24107,4672,2411,17734,21942,46207,35771,0,0,15627,790,2536,99,263,0,1451,0,0,4730,74320,29,113,0,0,0,0,0
701,896,702.166508188603,99958,1937,938,31,9,9229,4526,0.1376077952740151,1538,699,24025,24036,4948,2535,17520,21782,46237,35806,0,0,15465,784,2527,107,288,0,1546,0,0,5044,74055,29,113,0,0,0,0,0
702,896,703.2977110788833,99957,2074,1004,32,9,9688,4744,0.14438208429624738,1542,745,23816,23954,5217,2670,17318,21617,46266,35841,0,0,15290,779,2521,114,314,1,1655,0,0,5351,73791,28,113,0,0,0,0,0
703,896,704.0556285398461,99957,2183,1051,32,9,9996,4910,0.14912412337305042,1578,744,23667,23891,5374,2781,17165,21523,46295,35875,0,0,15167,774,2514,118,324,2,1717,0,0,5588,73612,27,114,0,0,0,0,0
704,896,705.1992015220892,99957,2216,1089,32,9,10431,5136,0.1557369668957652,1703,781,23434,23801,5705,2947,16909,21372,46324,35909,0,0,14988,768,2505,123,350,2,1833,0,0,6015,73233,27,113,0,0,0,0,0
705,896,706.351519718282,99955,2332,1148,33,10,10928,5362,0.16297333800210095,1801,832,23165,23732,6010,3089,16658,21188,46353,35942,0,0,14807,760,2488,134,378,2,1949,0,0,6392,72906,26,113,0,0,0,0,0
706,896,707.124931629316,99955,2425,1182,33,10,11268,5534,0.16809564303936772,1862,873,22980,23670,6201,3208,16498,21056,46381,35975,0,0,14687,749,2493,139,400,2,2013,0,0,6665,72669,26,112,0,0,0,0,0
707,896,708.2934221569491,99954,2545,1212,34,10,11836,5765,0.176091001860856,1876,899,22728,23594,6555,3385,16261,20899,46409,36008,0,0,14485,735,2475,158,433,5,2148,0,0,7097,72280,26,112,0,0,0,0,0
708,896,709.0781583843072,99954,2627,1229,34,10,12218,5929,0.1815535146167237,1918,943,22534,23510,6783,3517,16103,20790,46437,36040,0,0,14353,723,2467,172,453,5,2218,0,0,7427,72000,25,111,0,0,0,0,0
709,896,710.264710862246,99953,2763,1326,34,11,12802,6224,0.19034946424819665,1949,986,22280,23380,7129,3673,15844,20623,46465,36072,0,0,14177,708,2454,188,499,5,2333,0,0,7862,71592,25,110,0,0,0,0,0
710,896,711.0613543863066,99953,2859,1400,34,11,13201,6437,0.19647234200074035,1982,990,22090,23311,7358,3790,15676,20497,46492,36104,0,0,14039,698,2448,199,530,5,2413,0,0,8157,71330,23,111,0,0,0,0,0
711,896,712.265920803886,99953,2961,1470,34,11,13787,6763,0.20559663041629567,2098,1053,21780,23177,7729,4008,15397,20280,46519,36135,0,0,13839,693,2437,212,564,5,2546,0,0,8685,70838,23,111,0,0,0,0,0
712,896,713.0756985355955,99952,3059,1519,34,12,14193,6974,0.21177165039218826,2171,1118,21566,23081,7959,4130,15210,20139,46546,36166,0,0,13696,686,2434,221,597,5,2628,0,0,8999,70554,23,109,0,0,0,0,0
713,896,714.3018970604235,99949,3208,1603,37,12,14865,7321,0.22197320633523096,2283,1188,21204,22933,8351,4348,14916,19915,46573,36197,0,0,13498,676,2417,239,660,8,2758,0,0,9508,70054,23,108,0,0,0,0,0
714,896,715.1279140205338,99949,3289,1629,37,12,15333,7570,0.22914686490109956,2357,1213,20965,22832,8630,4541,14721,19772,46599,36227,0,0,13353,673,2407,248,712,8,2839,0,0,9926,69652,23,108,0,0,0,0,0
715,896,716.3807938032816,99947,3412,1745,39,12,16080,7978,0.2407075750147578,2448,1238,20613,22670,9088,4781,14399,19553,46625,36257,0,0,13126,663,2387,276,779,11,2992,0,0,10518,69065,22,108,0,0,0,0,0
716,896,717.2248564063777,99946,3484,1786,40,12,16553,8225,0.2479138734916855,2526,1280,20361,22571,9374,4950,14214,19400,46651,36287,0,0,12977,650,2379,296,831,11,3077,0,0,10916,68680,21,108,0,0,0,0,0
717,896,718.0772896299235,99945,3598,1852,41,12,17102,8501,0.25617089399169546,2573,1301,20095,22468,9690,5121,14002,19245,46677,36316,0,0,12801,641,2369,317,869,14,3184,0,0,11344,68277,21,108,0,0,0,0,0
718,896,719.3734465209961,99945,3719,1914,41,12,17937,8933,0.26884786632647956,2657,1345,19677,22308,10198,5430,13707,18990,46702,36345,0,0,12560,630,2355,347,961,15,3351,0,0,12039,67559,21,107,0,0,0,0,0
719,896,720.2498476139798,99944,3865,1950,42,12,18591,9228,0.278345873689266,2599,1355,19396,22203,10581,5646,13516,18833,46727,36374,0,0,12369,623,2339,370,1013,20,3472,0,0,12543,67069,20,106,0,0,0,0,0
720,896,721.1378948922629,99940,3946,2009,45,13,19175,9523,0.2871522913748249,2684,1412,19112,22071,10922,5838,13290,18656,46752,36403,0,0,12200,618,2321,383,1081,21,3575,0,0,13029,66586,20,106,0,0,0,0,0
721,896,722.036347554746,99937,4072,2083,46,15,19799,9839,0.29656683710737763,2701,1456,18832,21961,11253,6036,13095,18448,46777,36431,0,0,12031,600,2305,415,1144,22,3677,0,0,13506,66112,20,105,0,0,0,0,0
722,896,723.4050761209179,99933,4174,2158,49,16,20740,10329,0.3108983018622477,2830,1502,18357,21791,11854,6370,12735,18162,46802,36459,0,0,11766,587,2291,447,1242,27,3864,0,0,14316,65270,20,103,0,0,0,0,0
723,896,724.3336652355833,99933,4289,2215,49,16,21398,10675,0.3209450331722254,2875,1559,18104,21624,12221,6609,12461,17976,46826,36487,0,0,11569,574,2279,466,1336,31,3998,0,0,14799,64761,20,100,0,0,0,0,0
724,896,725.2734099807169,99931,4370,2258,51,16,22073,11037,0.3313286167455544,2942,1604,17797,21474,12624,6859,12215,17788,46850,36514,0,0,11379,567,2260,492,1426,38,4115,0,0,15364,64172,18,100,0,0,0,0,0
725,896,726.2262561297958,99931,4453,2321,51,16,22777,11409,0.34209604627192763,2953,1646,17495,21326,13041,7109,12006,17581,46874,36541,0,0,11170,557,2237,522,1513,46,4251,0,0,15931,63586,18,100,0,0,0,0,0
726,896,727.194117862129,99929,4541,2447,52,17,23532,11853,0.35410141200252176,2967,1659,17205,21162,13475,7348,11759,17366,46898,36568,0,0,10934,542,2221,547,1620,56,4424,0,0,16477,62991,18,99,0,0,0,0,0
727,896,728.1760851548964,99927,4637,2497,54,17,24284,12242,0.36552683458925017,3027,1715,16885,20963,13921,7615,11475,17192,46922,36595,0,0,10738,533,2198,569,1727,63,4549,0,0,17091,62342,18,99,0,0,0,0,0
728,896,729.1731892393607,99922,4741,2576,58,18,25066,12670,0.37765457056504076,3065,1723,16580,20796,14338,7886,11217,17000,46945,36621,0,0,10533,524,2173,600,1846,66,4678,0,0,17703,61683,17,99,0,0,0,0,0
729,896,730.1863237574408,99918,4834,2626,60,20,25856,13121,0.39008987369643106,3146,1734,16251,20646,14757,8190,10951,16783,46968,36647,0,0,10318,513,2150,624,1967,73,4824,0,0,18369,60965,17,98,0,0,0,0,0
730,896,731.217275920982,99916,4921,2657,60,22,26669,13544,0.40246807318147243,3196,1787,15943,20494,15190,8502,10689,16537,46991,36673,0,0,10138,507,2119,664,2144,78,4917,0,0,18978,60258,17,96,0,0,0,0,0
731,896,732.265184645162,99912,5048,2760,64,22,27523,14023,0.4158259268155977,3149,1814,15669,20319,15601,8761,10468,16323,47014,36699,0,0,9922,501,2100,701,2291,86,5045,0,0,19573,59580,17,96,0,0,0,0,0
732,896,733.3301132598701,99909,5132,2832,66,23,28348,14506,0.4289303265972035,3207,1832,15341,20163,16046,9067,10207,16082,47037,36724,0,0,9698,492,2074,735,2440,99,5183,0,0,20205,58872,16,95,0,0,0,0,0
733,896,734.379389153827,99906,5216,2892,68,24,29161,14979,0.4418153063880047,3226,1842,15036,19974,16488,9386,9965,15881,47059,36749,0,0,9469,483,2047,782,2590,108,5320,0,0,20815,58183,15,94,0,0,0,0,0
734,896,735.3979366916271,99901,5280,2940,71,26,29979,15420,0.45443989549654157,3243,1865,14761,19797,16924,9682,9720,15689,47081,36774,0,0,9264,468,2018,828,2756,125,5440,0,0,21400,57495,13,94,0,0,0,0,0
735,896,736.3889408504098,99896,5317,2953,74,28,30781,15885,0.4671458316649315,3204,1873,14505,19632,17379,10029,9520,15484,47103,36798,0,0,9051,458,1985,873,2924,139,5567,0,0,22055,56739,13,92,0,0,0,0,0
736,896,737.3536447104793,99895,5342,3000,75,28,31555,16326,0.47931327894289005,3243,1887,14216,19478,17830,10316,9293,15290,47125,36822,0,0,8855,449,1966,917,3082,149,5672,0,0,22677,56024,13,91,0,0,0,0,0
737,896,738.2926497743439,99894,5416,3080,76,28,32344,16803,0.4919915110016618,3293,1862,13951,19340,18197,10570,9066,15119,47147,36846,0,0,8677,440,1942,968,3223,164,5758,0,0,23303,55315,13,91,0,0,0,0,0
738,896,739.2098989282587,99889,5451,3113,81,28,33087,17232,0.503749161569342,3293,1839,13676,19220,18602,10850,8896,14949,47168,36870,0,0,8504,427,1923,1024,3381,180,5836,0,0,23876,54636,13,89,0,0,0,0,0
739,896,740.105516711826,99888,5442,3131,81,29,33795,17660,0.5151269421752362,3296,1856,13479,19056,18986,11148,8715,14779,47189,36894,0,0,8323,421,1907,1067,3558,194,5927,0,0,24445,53946,13,87,0,0,0,0,0
740,896,741.4146106297287,99881,5514,3177,86,31,34850,18290,0.5320331194121004,3281,1869,13188,18837,19488,11569,8442,14516,47210,36917,0,0,8073,414,1870,1120,3824,215,6071,0,0,25188,53009,11,86,0,0,0,0,0
741,896,742.2682993149325,99879,5590,3186,88,31,35574,18699,0.5433874988736371,3236,1859,12959,18716,19853,11854,8273,14353,47231,36940,0,0,7912,400,1847,1157,4011,233,6153,0,0,25679,52394,11,82,0,0,0,0,0
742,896,743.1059549993793,99875,5547,3202,90,33,36232,19096,0.5539724655819774,3266,1876,12744,18598,20241,12109,8111,14181,47252,36963,0,0,7740,389,1827,1199,4206,254,6244,0,0,26155,51769,11,81,0,0,0,0,0
743,896,744.3322503621464,99869,5553,3200,96,33,37218,19648,0.5694059217575024,3290,1927,12448,18409,20741,12489,7871,13941,47272,36986,0,0,7521,381,1798,1269,4504,279,6339,0,0,26793,50894,11,80,0,0,0,0,0
744,896,745.1329892404631,99868,5588,3237,96,34,37857,20047,0.5798053430528297,3285,1903,12291,18283,21015,12745,7724,13797,47292,37008,0,0,7363,373,1780,1304,4683,304,6424,0,0,27192,50355,11,79,0,0,0,0,0
745,896,746.3127662186157,99863,5597,3241,98,37,38815,20606,0.5950251845027688,3236,1906,12063,18088,21487,13133,7518,13594,47312,37030,0,0,7128,360,1751,1370,4945,339,6545,0,0,27835,49501,10,79,0,0,0,0,0
746,896,747.0847946440041,99861,5630,3225,99,38,39412,20967,0.604630436306466,3254,1901,11921,17974,21720,13394,7375,13467,47332,37052,0,0,6996,352,1732,1402,5137,366,6600,0,0,28208,48980,10,78,0,0,0,0,0
747,896,748.2251404995648,99857,5668,3247,101,40,40364,21517,0.6196961655166888,3263,1911,11665,17820,22139,13727,7163,13254,47352,37074,0,0,6812,344,1701,1460,5415,410,6680,0,0,28789,48159,10,77,0,0,0,0,0
748,896,749.3440443808606,99852,5572,3286,105,41,41219,22053,0.6336578135640748,3242,1866,11453,17672,22622,14072,7005,13062,47372,37095,0,0,6628,334,1668,1542,5720,454,6730,0,0,29300,47389,10,77,0,0,0,0,0
749,896,750.0775735342065,99849,5609,3283,106,43,41833,22401,0.6433114002143236,3151,1894,11355,17566,22896,14280,6882,12933,47391,37116,0,0,6505,325,1652,1570,5908,477,6780,0,0,29685,46861,10,76,0,0,0,0,0
750,896,751.1611840161338,99848,5663,3297,107,43,42701,22911,0.6571188206073232,3116,1877,11128,17385,23265,14624,6720,12773,47410,37137,0,0,6331,318,1637,1620,6179,517,6849,0,0,30161,46150,10,76,0,0,0,0,0
751,896,752.2276115528331,99840,5630,3317,115,43,43528,23418,0.6705328525641026,3057,1853,10935,17212,23689,14948,6573,12626,47429,37158,0,0,6175,310,1609,1701,6438,567,6883,0,0,30660,45411,10,76,0,0,0,0,0
752,896,753.2762425214041,99840,5597,3325,115,43,44336,23903,0.6834835737179488,3036,1848,10782,17061,24051,15265,6418,12457,47448,37179,0,0,6023,295,1594,1770,6711,614,6923,0,0,31121,44703,10,76,0,0,0,0,0
753,896,754.3093621960411,99838,5549,3359,117,43,45097,24384,0.6959374186181614,3003,1824,10628,16903,24424,15563,6278,12307,47467,37199,0,0,5863,285,1579,1841,6949,664,6972,0,0,31572,44029,10,74,0,0,0,0,0
754,896,755.3283431976266,99837,5498,3333,118,43,45870,24825,0.7081042098620752,3021,1822,10456,16791,24768,15862,6138,12148,47486,37219,0,0,5710,282,1565,1918,7212,712,7000,0,0,32015,43339,10,74,0,0,0,0,0
755,896,756.3336949270882,99831,5525,3264,123,44,46655,25247,0.7202372008694694,2930,1839,10331,16680,25093,16184,5997,11988,47505,37239,0,0,5568,276,1547,1980,7498,758,7028,0,0,32398,42696,9,73,0,0,0,0,0
756,896,757.3265604967858,99828,5470,3276,124,46,47370,25688,0.7318387626717955,2957,1834,10189,16580,25403,16430,5856,11833,47523,37259,0,0,5433,264,1531,2028,7788,807,7072,0,0,32738,42085,9,73,0,0,0,0,0
757,896,758.3080387773207,99825,5401,3270,126,47,48064,26108,0.7430202854996243,2981,1834,10019,16482,25722,16666,5750,11700,47541,37279,0,0,5297,254,1515,2087,8035,864,7101,0,0,33116,41477,8,71,0,0,0,0,0
758,896,759.2778367722317,99823,5339,3232,126,49,48773,26536,0.7544253328391253,2962,1821,9886,16363,26060,16968,5626,11566,47559,37298,0,0,5146,249,1495,2145,8342,914,7147,0,0,33433,40874,8,70,0,0,0,0,0
759,896,760.2363089723312,99819,5300,3235,129,50,49477,26963,0.765786072791753,2893,1784,9785,16279,26368,17216,5524,11435,47577,37317,0,0,5006,244,1473,2194,8602,971,7176,0,0,33770,40305,8,70,0,0,0,0,0
760,896,761.1849939585627,99816,5291,3226,132,50,50189,27369,0.7770096978440331,2828,1776,9693,16188,26640,17450,5415,11309,47595,37336,0,0,4884,243,1459,2244,8866,1022,7197,0,0,34100,39724,8,69,0,0,0,0,0
761,896,762.125008249664,99810,5267,3251,133,55,50858,27807,0.7881474802124036,2748,1733,9595,16099,26928,17685,5328,11176,47613,37355,0,0,4752,240,1442,2287,9150,1072,7226,0,0,34360,39206,8,67,0,0,0,0,0
762,896,763.0568596077946,99807,5230,3241,136,55,51474,28213,0.7984109331008847,2735,1710,9510,16018,27165,17919,5223,11056,47630,37374,0,0,4647,238,1423,2330,9410,1127,7222,0,0,34650,38686,8,66,0,0,0,0,0
763,896,764.2867956186468,99804,5138,3139,137,57,52308,28692,0.8115907178069015,2682,1723,9386,15932,27569,18246,5087,10902,47647,37393,0,0,4491,227,1401,2411,9779,1221,7246,0,0,34954,38002,8,64,0,0,0,0,0
764,896,765.1992952059088,99801,5129,3168,140,57,52934,29096,0.8219356519473753,2640,1701,9310,15852,27777,18443,5003,10778,47664,37411,0,0,4384,221,1380,2459,10044,1278,7257,0,0,35157,37551,7,63,0,0,0,0,0
765,896,766.1055914088145,99800,5065,3121,141,57,53536,29466,0.831683366733467,2626,1662,9205,15803,28043,18707,4919,10649,47681,37429,0,0,4287,215,1368,2513,10316,1340,7246,0,0,35403,37043,7,62,0,0,0,0,0
766,896,767.0047033833471,99797,4899,3123,144,57,54099,29858,0.841277793921661,2616,1614,9123,15726,28376,18930,4841,10549,47698,37447,0,0,4179,209,1358,2563,10609,1407,7251,0,0,35612,36540,7,62,0,0,0,0,0
767,896,768.1910963329293,99789,4899,3098,148,61,54915,30326,0.8542123881389733,2543,1597,9025,15655,28661,19188,4723,10400,47715,37465,0,0,4059,202,1327,2616,10922,1495,7251,0,0,35910,35939,6,62,0,0,0,0,0
768,896,769.074100723966,99784,4869,3057,149,65,55482,30683,0.8635151928164836,2469,1557,8972,15619,28890,19407,4650,10294,47732,37483,0,0,3956,196,1311,2660,11201,1546,7263,0,0,36092,35493,6,60,0,0,0,0,0
769,896,770.2434898484106,99781,4751,3057,150,67,56182,31146,0.8751966807308005,2470,1511,8902,15548,29178,19659,4548,10157,47749,37500,0,0,3846,190,1286,2707,11561,1637,7260,0,0,36276,34952,6,60,0,0,0,0,0
770,896,771.1137438155159,99781,4683,2979,150,67,56742,31466,0.8840159950291138,2407,1504,8842,15503,29449,19887,4468,10059,47765,37517,0,0,3750,185,1275,2752,11816,1718,7262,0,0,36443,34514,6,60,0,0,0,0,0
771,896,772.2656318693062,99778,4560,2888,153,67,57394,31877,0.8946962256208784,2372,1522,8772,15407,29734,20170,4408,9945,47781,37534,0,0,3641,180,1256,2809,12171,1806,7255,0,0,36623,33972,6,59,0,0,0,0,0
772,896,773.1240466340572,99776,4540,2856,155,67,57898,32201,0.9030127485567672,2318,1486,8742,15354,29897,20383,4347,9853,47797,37551,0,0,3560,178,1243,2832,12400,1871,7254,0,0,36786,33588,6,58,0,0,0,0,0
773,896,774.2631808060613,99772,4479,2855,157,69,58560,32643,0.914114180331155,2314,1427,8694,15319,30081,20604,4274,9725,47813,37568,0,0,3467,173,1224,2862,12724,1955,7254,0,0,36973,33077,6,57,0,0,0,0,0
774,896,775.1137919276659,99770,4449,2812,159,69,59070,32933,0.9221509471785105,2234,1416,8646,15288,30279,20769,4232,9645,47829,37585,0,0,3400,169,1213,2888,12953,2022,7235,0,0,37130,32697,6,57,0,0,0,0,0
775,896,776.2415570993131,99769,4376,2743,160,69,59685,33308,0.9320831119886939,2187,1400,8634,15245,30490,21005,4152,9537,47845,37601,0,0,3322,165,1190,2941,13256,2122,7201,0,0,37270,32240,5,57,0,0,0,0,0
776,896,777.0837038283419,99767,4312,2709,162,69,60157,33598,0.9397395932522778,2124,1379,8609,15246,30683,21162,4109,9434,47861,37617,0,0,3241,163,1178,2979,13494,2191,7198,0,0,37367,31897,4,55,0,0,0,0,0
777,896,778.2015566669288,99761,4221,2631,166,71,60740,33973,0.9493990637623921,2046,1322,8587,15219,30927,21420,4052,9336,47876,37633,0,0,3154,158,1164,3027,13796,2286,7178,0,0,37500,31440,4,54,0,0,0,0,0
778,896,779.0359984845071,99757,4132,2589,168,73,61166,34233,0.9563138426376094,2028,1312,8552,15201,31114,21551,4005,9273,47891,37649,0,0,3091,152,1153,3079,14017,2349,7146,0,0,37604,31108,4,54,0,0,0,0,0
779,896,780.143310249311,99756,4070,2586,168,74,61748,34611,0.9659469104615261,1970,1234,8526,15198,31324,21717,3941,9190,47906,37665,0,0,3027,146,1138,3106,14322,2436,7128,0,0,37703,30692,4,54,0,0,0,0,0
780,896,781.2454140752866,99751,4005,2504,172,75,62315,34932,0.9748974947619573,1869,1205,8544,15175,31512,21932,3897,9108,47921,37681,0,0,2951,142,1127,3151,14575,2533,7097,0,0,37843,30274,4,54,0,0,0,0,0
781,896,782.0699063984964,99751,3966,2490,172,75,62729,35187,0.981604194444166,1845,1181,8537,15168,31637,22042,3842,9043,47936,37697,0,0,2902,142,1120,3171,14768,2608,7070,0,0,37914,29998,4,54,0,0,0,0,0
782,896,783.165301288104,99747,3820,2438,175,76,63225,35521,0.9899646104644751,1792,1171,8566,15135,31860,22225,3786,8954,47951,37712,0,0,2833,139,1108,3211,15072,2704,7038,0,0,37960,29624,4,54,0,0,0,0,0
783,896,784.2561868470515,99745,3664,2339,176,77,63669,35833,0.9975637876585293,1787,1128,8564,15142,32070,22448,3738,8865,47966,37727,0,0,2764,136,1091,3236,15360,2813,7024,0,0,38011,29254,4,52,0,0,0,0,0
784,896,785.0719306969817,99745,3591,2290,176,77,64034,36063,1.0035289989473157,1754,1142,8588,15132,32186,22563,3704,8795,47981,37742,0,0,2723,130,1081,3255,15581,2879,6996,0,0,38062,28984,4,50,0,0,0,0,0
785,896,786.1569094433256,99744,3573,2243,176,78,64529,36367,1.0115495668912415,1667,1095,8606,15129,32318,22740,3659,8714,47996,37757,0,0,2668,128,1068,3280,15811,2970,6967,0,0,38143,28655,4,50,0,0,0,0,0
786,896,787.2392534025213,99742,3434,2170,177,79,64944,36641,1.0184776723947786,1642,1076,8635,15134,32505,22895,3606,8645,48010,37772,0,0,2621,124,1057,3305,16040,3076,6930,0,0,38230,28308,4,47,0,0,0,0,0
787,896,788.0492164655645,99739,3399,2148,179,80,65287,36862,1.0241630656012193,1601,1046,8639,15133,32595,22991,3586,8601,48024,37787,0,0,2576,122,1051,3323,16211,3144,6901,0,0,38271,28090,4,46,0,0,0,0,0
788,896,789.1270519096606,99738,3294,2078,180,80,65678,37125,1.03073051394654,1609,1053,8672,15124,32689,23137,3555,8527,48038,37802,0,0,2524,118,1040,3339,16453,3237,6881,0,0,38307,27790,4,45,0,0,0,0,0
789,896,790.2039393688608,99735,3239,2045,182,81,66106,37432,1.0381310472752794,1592,985,8713,15145,32751,23283,3522,8460,48052,37816,0,0,2469,112,1031,3372,16677,3318,6850,0,0,38376,27482,4,44,0,0,0,0,0
790,896,791.011039402308,99734,3153,2017,183,81,66410,37622,1.0430946317203762,1568,977,8736,15137,32871,23368,3488,8419,48066,37830,0,0,2427,112,1023,3372,16849,3393,6832,0,0,38396,27282,4,44,0,0,0,0,0
791,896,792.0848137520848,99734,3078,1982,183,81,66839,37883,1.050013034672228,1515,984,8779,15141,32995,23469,3449,8342,48080,37844,0,0,2377,111,1014,3383,17059,3512,6808,0,0,38387,27036,4,43,0,0,0,0,0
792,896,793.156441608263,99730,3005,1939,186,82,67261,38121,1.056673017146295,1456,979,8822,15159,33111,23584,3419,8256,48094,37858,0,0,2333,110,1006,3408,17292,3611,6776,0,0,38353,26794,4,43,0,0,0,0,0
793,896,794.2265204666527,99730,2917,1861,186,82,67633,38359,1.0627895317356864,1428,963,8878,15177,33208,23713,3382,8203,48108,37872,0,0,2304,107,991,3431,17536,3701,6733,0,0,38356,26525,3,43,0,0,0,0,0
794,896,795.0284084511718,99727,2892,1838,186,85,67922,38551,1.0676446699489606,1395,955,8870,15189,33290,23785,3366,8147,48122,37886,0,0,2274,106,982,3445,17691,3767,6706,0,0,38357,26353,3,43,0,0,0,0,0
795,896,796.0956374032407,99723,2765,1792,190,85,68253,38820,1.0737041605246533,1392,900,8908,15210,33406,23919,3338,8093,48135,37900,0,0,2243,105,973,3480,17891,3859,6649,0,0,38406,26071,3,43,0,0,0,0,0
796,896,797.1615127456253,99722,2721,1774,190,86,68620,39077,1.0799723230581015,1349,868,8949,15217,33477,24031,3313,8023,48148,37914,0,0,2212,105,961,3493,18071,3951,6611,0,0,38445,25827,3,43,0,0,0,0,0
797,896,798.2271516913813,99721,2680,1738,190,87,68979,39314,1.0859598279198965,1306,834,9012,15244,33532,24127,3279,7969,48161,37927,0,0,2170,103,952,3522,18218,4059,6577,0,0,38453,25621,3,43,0,0,0,0,0
798,896,799.0261652200276,99721,2625,1672,190,87,69225,39459,1.089880767340881,1269,833,9071,15265,33584,24206,3260,7936,48174,37940,0,0,2147,102,947,3536,18362,4122,6543,0,0,38478,25439,3,42,0,0,0,0,0
799,896,800.0915587232678,99718,2590,1638,192,88,69553,39664,1.095258629334724,1248,829,9146,15292,33593,24275,3230,7877,48187,37953,0,0,2118,102,943,3550,18526,4204,6504,0,0,38481,25245,3,42,0,0,0,0,0
800,896,801.157467691881,99715,2539,1592,194,89,69876,39886,1.100757157900015,1235,799,9207,15328,33630,24375,3194,7816,48200,37966,0,0,2087,101,934,3556,18716,4291,6484,0,0,38468,25033,3,42,0,0,0,0,0
801,896,802.2233835759969,99713,2501,1572,195,90,70221,40103,1.1064154122331091,1197,765,9243,15355,33699,24446,3164,7771,48213,37979,0,0,2062,98,929,3564,18846,4398,6447,0,0,38493,24832,3,41,0,0,0,0,0
802,896,803.0221280128208,99713,2433,1558,195,90,70469,40232,1.110196263275601,1166,776,9269,15397,33789,24452,3147,7726,48226,37992,0,0,2042,96,925,3578,18964,4470,6414,0,0,38487,24693,3,41,0,0,0,0,0
803,896,804.085812443281,99711,2371,1526,196,91,70778,40432,1.1153232842916028,1140,757,9306,15419,33867,24520,3119,7686,48239,38005,0,0,2006,95,919,3608,19110,4561,6380,0,0,38474,24514,3,41,0,0,0,0,0
804,896,805.1485355446345,99708,2303,1470,198,92,71066,40615,1.1200806354555302,1138,739,9351,15442,33910,24605,3099,7651,48252,38018,0,0,1975,93,912,3621,19273,4639,6350,0,0,38482,24319,3,41,0,0,0,0,0
805,896,806.2111481340845,99708,2240,1451,198,92,71372,40826,1.125265776066113,1087,711,9398,15483,33997,24662,3079,7600,48264,38030,0,0,1949,92,908,3642,19449,4723,6312,0,0,38454,24136,3,40,0,0,0,0,0
806,896,807.0075367695994,99708,2231,1441,198,92,71605,40977,1.129117021703374,1053,682,9435,15509,34010,24714,3072,7561,48276,38042,0,0,1931,90,904,3666,19543,4779,6274,0,0,38478,24000,3,40,0,0,0,0,0
807,896,808.069670437605,99705,2143,1406,201,92,71863,41151,1.1334837771425705,1047,687,9487,15542,34066,24760,3055,7512,48288,38054,0,0,1907,90,898,3677,19711,4862,6233,0,0,38426,23858,3,40,0,0,0,0,0
808,896,809.1313698830165,99704,2109,1399,202,92,72140,41354,1.1383093958116024,1018,655,9523,15590,34117,24805,3030,7458,48300,38066,0,0,1875,90,892,3698,19875,4925,6206,0,0,38399,23701,3,40,0,0,0,0,0
809,896,810.1924917971986,99701,2033,1369,205,92,72395,41533,1.142696663022437,1001,654,9582,15626,34163,24848,3015,7410,48312,38078,0,0,1856,88,887,3698,20039,5006,6176,0,0,38361,23547,3,40,0,0,0,0,0
810,896,811.2537802904845,99701,1970,1314,205,92,72656,41712,1.1471098584768458,960,613,9659,15702,34218,24902,2987,7376,48324,38090,0,0,1830,87,884,3691,20198,5089,6159,0,0,38346,23374,3,40,0,0,0,0,0
811,896,812.0500187950166,99701,1933,1302,205,92,72847,41837,1.1502793352122846,944,614,9696,15747,34236,24904,2985,7340,48336,38102,0,0,1807,87,878,3693,20317,5133,6140,0,0,38336,23267,3,40,0,0,0,0,0
812,896,813.1119904409985,99700,1910,1277,206,92,73111,42008,1.154653961885657,915,603,9765,15788,34225,24936,2978,7303,48348,38114,0,0,1791,84,874,3709,20441,5212,6105,0,0,38320,23121,3,40,0,0,0,0,0
813,896,814.175238340301,99698,1865,1241,208,92,73343,42186,1.158789544424161,876,551,9850,15859,34234,24998,2966,7258,48360,38126,0,0,1774,82,872,3711,20535,5296,6081,0,0,38364,22940,3,40,0,0,0,0,0
814,896,815.2395287516417,99698,1818,1165,208,92,73583,42321,1.1625509037292623,832,545,9927,15914,34270,25071,2944,7212,48372,38138,0,0,1751,82,866,3726,20668,5382,6049,0,0,38318,22813,3,40,0,0,0,0,0
815,896,816.0383191783993,99697,1775,1138,209,92,73763,42422,1.1653811047473845,811,536,9985,15965,34285,25080,2934,7188,48384,38149,0,0,1734,81,863,3725,20748,5445,6028,0,0,38315,22715,3,40,0,0,0,0,0
816,896,817.1039743937829,99697,1733,1124,209,92,73979,42572,1.1690522282516023,770,519,10091,16012,34282,25103,2914,7149,48395,38160,0,0,1712,80,861,3734,20833,5513,6001,0,0,38347,22573,3,40,0,0,0,0,0
817,896,818.1706934713775,99696,1651,1109,210,92,74163,42699,1.1721834376504574,787,526,10136,16056,34322,25103,2893,7113,48406,38171,0,0,1701,78,854,3743,20926,5587,5966,0,0,38341,22458,3,39,0,0,0,0,0
818,896,819.2371727923481,99695,1598,1077,210,93,74367,42839,1.175645719444305,782,507,10229,16120,34307,25131,2873,7071,48417,38182,0,0,1679,76,852,3751,21037,5660,5942,0,0,38313,22343,3,39,0,0,0,0,0
819,896,820.0382204129647,99695,1580,1047,210,93,74523,42925,1.178073123025227,764,512,10277,16168,34306,25122,2862,7057,48428,38193,0,0,1663,75,851,3750,21116,5710,5922,0,0,38299,22267,3,39,0,0,0,0,0
820,896,821.107022509393,99694,1531,1024,211,93,74718,43058,1.1813750075230205,753,505,10341,16223,34310,25129,2853,7025,48439,38204,0,0,1648,75,845,3751,21239,5772,5895,0,0,38270,22157,3,39,0,0,0,0,0
821,896,822.1765794345694,99694,1499,1030,211,93,74904,43205,1.1847152285995146,742,467,10426,16281,34276,25133,2845,6995,48450,38215,0,0,1628,74,842,3754,21322,5831,5878,0,0,38274,22049,3,39,0,0,0,0,0
822,896,823.2480715869029,99692,1474,1009,213,93,75121,43336,1.1882297476226777,705,447,10513,16352,34258,25142,2836,6956,48461,38226,0,0,1613,74,838,3774,21431,5894,5840,0,0,38237,21949,3,39,0,0,0,0,0
823,896,824.0527054800167,99691,1435,975,213,94,75252,43428,1.1904785788085184,710,444,10576,16389,34234,25153,2831,6944,48472,38237,0,0,1592,74,835,3777,21500,5944,5823,0,0,38240,21864,3,39,0,0,0,0,0
824,896,825.1271805586192,99690,1397,938,213,95,75442,43539,1.193509880629953,673,419,10649,16477,34240,25163,2827,6907,48483,38248,0,0,1577,74,831,3783,21603,6001,5791,0,0,38234,21754,3,39,0,0,0,0,0
825,896,826.2030062601287,99688,1349,912,214,96,75616,43642,1.196312494984351,679,432,10731,16538,34209,25143,2817,6878,48494,38258,0,0,1559,71,829,3793,21691,6060,5768,0,0,38214,21662,3,38,0,0,0,0,0
826,896,827.0108792967333,99688,1334,902,214,96,75751,43735,1.1985996308482465,667,408,10791,16593,34181,25142,2812,6858,48505,38268,0,0,1548,69,825,3802,21761,6106,5745,0,0,38186,21605,3,38,0,0,0,0,0
827,896,828.0898706892659,99687,1333,887,215,96,75937,43848,1.201611042563223,617,393,10889,16656,34145,25137,2800,6830,48516,38278,0,0,1536,68,822,3802,21846,6164,5728,0,0,38158,21522,3,38,0,0,0,0,0
828,896,829.1706896781682,99685,1308,846,216,97,76111,43949,1.2043938405978833,587,419,10956,16698,34138,25139,2794,6800,48527,38288,0,0,1518,68,813,3798,21930,6227,5712,0,0,38145,21433,3,38,0,0,0,0,0
829,896,830.2526237966074,99685,1273,849,216,97,76255,44077,1.207122435672368,602,385,11035,16785,34090,25120,2783,6763,48537,38298,0,0,1506,68,810,3806,21991,6291,5685,0,0,38135,21352,3,38,0,0,0,0,0
830,896,831.065282575283,99685,1261,844,216,97,76385,44164,1.2092992927722326,581,359,11091,16844,34072,25111,2778,6744,48547,38308,0,0,1494,68,809,3813,22020,6345,5666,0,0,38145,21284,3,38,0,0,0,0,0
831,896,832.1503520096285,99684,1226,817,217,97,76537,44261,1.2118093174431204,579,355,11183,16906,34029,25105,2765,6719,48557,38318,0,0,1488,66,806,3818,22091,6408,5638,0,0,38129,21199,3,38,0,0,0,0,0
832,896,833.2376562559654,99683,1221,796,218,97,76709,44366,1.2146002828967828,558,354,11286,16983,33964,25084,2752,6685,48567,38328,0,0,1478,66,801,3817,22177,6459,5616,0,0,38112,21116,3,38,0,0,0,0,0
833,896,834.0547147669957,99683,1211,775,218,97,76825,44440,1.2165063250504098,547,340,11347,17035,33921,25082,2755,6670,48577,38338,0,0,1465,66,799,3811,22235,6495,5601,0,0,38121,21049,3,38,0,0,0,0,0
834,896,835.1462819963698,99683,1172,744,218,97,76964,44528,1.2187835438339536,572,336,11428,17104,33864,25073,2745,6645,48587,38348,0,0,1452,64,799,3823,22306,6543,5575,0,0,38119,20961,3,38,0,0,0,0,0
835,896,836.2398443733331,99683,1128,717,218,97,77128,44617,1.22132158943852,557,317,11514,17179,33851,25062,2731,6627,48597,38358,0,0,1443,63,797,3823,22399,6594,5546,0,0,38112,20865,3,38,0,0,0,0,0
836,896,837.0612056881084,99681,1130,685,219,98,77264,44676,1.2233023344468856,532,318,11576,17228,33811,25056,2731,6614,48607,38368,0,0,1435,63,795,3816,22450,6639,5526,0,0,38112,20804,3,38,0,0,0,0,0
837,896,838.1582494383979,99681,1091,661,219,98,77399,44753,1.2254291188892568,509,322,11676,17289,33781,25050,2723,6579,48617,38377,0,0,1417,63,791,3818,22516,6691,5517,0,0,38086,20741,3,38,0,0,0,0,0
838,896,839.2570664770236,99681,1055,643,219,98,77541,44843,1.227756543373361,493,310,11764,17339,33759,25050,2709,6559,48627,38386,0,0,1406,63,787,3809,22579,6754,5503,0,0,38069,20670,3,38,0,0,0,0,0
839,896,840.0821967877864,99681,1040,626,219,98,77645,44902,1.229391759713486,499,312,11806,17377,33731,25044,2704,6542,48637,38395,1,1,1395,61,784,3799,22636,6791,5495,0,0,38054,20624,3,38,0,0,0,0,1
840,896,841.1837078201564,99681,1012,641,219,98,77791,44995,1.231789408212197,465,287,11888,17458,33716,24993,2699,6522,48647,38404,2,2,1385,61,782,3796,22697,6843,5478,0,0,38032,20565,3,38,0,0,0,0,1
841,896,842.0108355539717,99681,1004,621,219,98,77896,45048,1.2333744645418887,447,287,11960,17512,33679,24977,2690,6504,48657,38413,3,3,1377,61,779,3785,22756,6878,5464,0,0,38013,20525,3,38,0,1,0,0,1
842,896,843.1154305746969,99681,981,590,219,98,78035,45121,1.2355012489842598,421,287,12051,17594,33644,24958,2683,6472,48667,38422,4,4,1371,61,776,3781,22840,6925,5439,0,0,37981,20463,3,38,0,1,0,0,2
843,896,844.2221631440618,99681,959,577,219,98,78150,45205,1.2374976173995045,409,280,12150,17671,33589,24917,2673,6456,48676,38431,6,5,1355,61,776,3788,22881,6973,5425,0,0,37975,20402,3,38,0,2,0,0,2
844,896,845.0537143267122,99681,926,557,219,98,78228,45254,1.2387716816645098,407,281,12207,17738,33567,24881,2673,6444,48685,38440,9,6,1349,60,775,3789,22922,7009,5404,0,0,37971,20354,3,37,0,3,0,0,5
845,896,846.16409865137,99680,915,538,220,98,78339,45325,1.2406099518459068,409,290,12309,17820,33484,24834,2662,6419,48694,38449,13,7,1342,60,774,3789,22961,7056,5386,0,0,37967,20293,3,37,0,4,0,0,8
846,896,847.2771509787264,99680,878,526,220,98,78447,45402,1.2424658908507222,408,267,12379,17897,33460,24803,2654,6408,48703,38458,18,8,1333,59,769,3779,23029,7099,5368,0,0,37959,20231,3,37,0,4,0,0,10
847,896,848.113222756725,99680,850,518,220,98,78528,45454,1.2438001605136437,404,252,12455,17963,33421,24767,2649,6401,48712,38467,25,9,1321,58,768,3782,23069,7132,5353,0,0,37947,20189,3,37,0,8,0,0,13
848,896,849.2300399853286,99680,814,503,220,98,78638,45521,1.2455758426966292,398,243,12551,18070,33372,24712,2644,6373,48721,38476,33,10,1313,57,765,3774,23131,7181,5340,0,0,37912,20138,3,37,0,13,0,0,16
849,896,850.0692606387802,99679,815,509,220,99,78732,45591,1.247233619919943,372,221,12634,18130,33322,24667,2636,6373,48730,38485,43,11,1303,57,763,3779,23155,7220,5324,0,0,37896,20105,3,36,0,20,1,0,17
850,896,851.1905896034621,99679,791,471,220,99,78839,45646,1.248858836866341,357,243,12748,18209,33248,24613,2635,6364,48739,38493,55,12,1294,57,762,3775,23217,7267,5308,0,0,37860,20051,3,36,0,26,1,0,22
851,896,852.0334814893362,99678,757,462,221,99,78907,45693,1.2500250807600473,361,250,12823,18256,33203,24577,2634,6355,48748,38501,69,13,1287,56,760,3780,23260,7299,5291,0,0,37828,20015,3,36,0,36,1,0,26
852,896,853.159826501108,99678,741,429,221,99,79004,45752,1.251590120187002,352,243,12932,18326,33126,24551,2627,6351,48757,38509,85,14,1278,56,754,3778,23317,7340,5276,0,0,37798,19966,3,35,0,48,1,0,28
853,896,854.0067730412882,99678,736,427,221,99,79076,45803,1.252824093581332,350,241,13022,18381,33041,24496,2629,6355,48766,38517,104,15,1274,56,753,3771,23356,7373,5267,0,0,37769,19931,3,35,0,54,1,0,35
854,896,855.1392872413145,99676,718,421,222,100,79171,45875,1.2545246598980697,341,210,13119,18495,32976,24426,2623,6347,48775,38525,125,17,1267,55,752,3771,23404,7414,5249,0,0,37736,19882,3,35,0,65,1,0,42
855,896,856.2746692080533,99676,689,444,222,100,79261,45955,1.2562301858019984,336,193,13240,18567,32900,24355,2612,6340,48784,38533,149,19,1262,55,751,3767,23450,7451,5237,0,0,37705,19831,3,35,0,79,1,0,49
856,896,857.1280863191304,99676,687,425,222,100,79347,45994,1.257484248966652,301,199,13323,18605,32858,24323,2608,6347,48793,38541,176,21,1256,55,750,3767,23463,7497,5226,0,0,37688,19783,3,35,0,92,1,0,60
857,896,858.2687442143266,99676,664,399,222,100,79420,46054,1.2588185721738432,308,183,13427,18679,32771,24280,2607,6358,48802,38549,206,23,1249,55,748,3763,23509,7532,5210,0,0,37673,19721,3,35,0,105,2,0,71
858,896,859.1264320568096,99676,623,385,222,100,79486,46094,1.2598820177374694,291,176,13505,18729,32746,24237,2612,6372,48811,38557,239,26,1240,55,746,3761,23525,7572,5194,0,0,37666,19668,3,35,0,123,3,0,85
859,896,860.2724363617381,99676,599,365,222,100,79565,46149,1.261226373449978,285,163,13609,18817,32681,24175,2603,6379,48819,38565,276,29,1231,55,745,3757,23566,7616,5183,0,0,37629,19617,3,35,0,141,3,0,95
860,896,861.1337424696509,99676,592,344,222,100,79629,46185,1.2622296239817008,271,160,13684,18882,32626,24123,2604,6390,48827,38573,317,32,1224,55,744,3755,23593,7646,5171,0,0,37614,19565,3,35,0,157,3,0,111
861,896,862.284774946592,99676,578,326,222,100,79708,46221,1.2633833620931818,252,153,13787,18969,32562,24047,2598,6404,48835,38581,361,36,1219,54,742,3753,23602,7699,5159,0,0,37585,19518,3,35,0,177,3,0,127
862,896,863.1500414139675,99676,575,315,222,100,79779,46254,1.2644267426461735,236,149,13869,19028,32496,23989,2601,6418,48843,38589,409,40,1212,53,741,3749,23622,7730,5151,0,0,37559,19472,3,35,0,203,3,0,143
863,896,864.017107333291,99676,541,295,222,100,79830,46279,1.2651892130502829,230,148,13960,19085,32446,23916,2600,6455,48851,38597,462,45,1204,53,740,3756,23639,7766,5134,0,0,37526,19426,3,35,0,231,4,0,159
864,896,865.1760372896105,99676,514,295,222,100,79889,46332,1.2663128536458124,241,141,14069,19149,32358,23847,2595,6467,48859,38605,519,50,1199,53,740,3742,23687,7794,5126,0,0,37482,19369,3,35,0,260,4,0,182
865,896,866.047532761356,99676,507,306,222,100,79945,46376,1.2673161041775352,230,126,14162,19195,32279,23781,2599,6491,48867,38613,580,56,1191,53,739,3737,23704,7826,5120,0,0,37446,19328,3,34,0,285,5,0,205
866,896,867.2132034670685,99676,512,299,222,100,80011,46412,1.2683394197198925,233,129,14281,19247,32153,23693,2598,6531,48875,38620,646,62,1185,53,737,3732,23717,7859,5117,0,0,37409,19279,3,32,1,323,5,0,224
867,896,868.0904707999496,99676,496,279,222,100,80058,46439,1.2690818251133673,235,132,14356,19281,32088,23627,2602,6580,48883,38627,716,69,1180,53,736,3729,23739,7891,5109,0,0,37364,19224,3,32,1,360,5,0,250
868,896,869.2634306941674,99676,502,274,222,100,80135,46479,1.2702556282354829,225,122,14461,19362,31989,23519,2600,6622,48891,38634,791,77,1177,52,737,3728,23743,7934,5096,0,0,37333,19160,3,32,1,396,5,0,279
869,896,870.1455770674753,99676,485,263,222,100,80175,46500,1.2708676110598338,231,132,14555,19394,31901,23428,2605,6682,48899,38641,871,86,1173,51,733,3723,23762,7969,5088,0,0,37266,19128,3,32,1,439,6,0,302
870,896,871.0300507491718,99676,462,250,222,100,80217,46519,1.2714795938841847,232,145,14637,19414,31836,23347,2610,6743,48907,38648,956,95,1169,51,731,3719,23784,7998,5075,0,0,37213,19076,3,32,1,483,8,0,333
871,896,872.2130215473198,99676,472,248,222,100,80299,46559,1.2727035595328866,207,149,14756,19487,31730,23220,2612,6795,48915,38655,1046,105,1164,51,729,3710,23799,8039,5066,0,0,37161,19022,3,32,1,528,9,0,362
872,896,873.1028792092628,99676,458,260,222,100,80344,46599,1.273556322484851,198,123,14845,19526,31662,23123,2614,6867,48923,38662,1142,116,1160,51,727,3702,23808,8073,5057,0,0,37104,18977,3,32,1,580,9,0,392
873,896,874.2928286333234,99676,443,235,222,100,80405,46626,1.274439182952767,195,121,14971,19598,31552,23019,2616,6926,48931,38669,1243,128,1151,51,723,3705,23819,8118,5048,0,0,37036,18920,3,32,1,637,9,0,423
874,896,875.1882618811406,99676,423,242,222,100,80438,46656,1.2750712307877523,199,116,15054,19615,31478,22917,2623,7009,48939,38676,1349,141,1145,51,723,3705,23798,8170,5038,0,0,36986,18871,3,32,1,685,9,0,459
875,896,876.0860291632789,99675,421,242,222,101,80477,46687,1.2757863054928518,200,110,15134,19649,31391,22803,2631,7094,48947,38683,1461,155,1140,51,723,3706,23800,8205,5024,0,0,36928,18816,3,32,1,739,9,0,498
876,896,877.2870236901621,99675,407,244,222,101,80528,46722,1.2766491096062202,200,102,15238,19696,31289,22685,2643,7171,48955,38690,1578,170,1136,51,721,3706,23785,8261,5009,0,0,36869,18758,3,32,1,798,9,0,536
877,896,878.190462837853,99675,391,248,222,101,80566,46749,1.2773012289942312,203,100,15343,19715,31189,22578,2651,7257,48963,38697,1701,186,1127,51,720,3705,23780,8296,5002,0,0,36811,18695,3,32,1,863,10,0,579
878,896,879.0968312863407,99675,387,249,222,101,80612,46775,1.278023576624028,194,102,15428,19738,31109,22464,2659,7345,48970,38704,1830,203,1122,51,720,3705,23769,8340,4991,0,0,36749,18627,3,32,1,923,10,0,632
879,896,880.0056244446638,99675,376,248,222,101,80657,46794,1.2786656634060698,184,98,15529,19755,31015,22356,2673,7441,48977,38711,1964,221,1114,51,719,3699,23752,8388,4990,0,0,36673,18566,3,32,1,996,11,0,680
880,896,881.2217153635036,99674,354,232,223,101,80710,46822,1.2794911411200514,178,99,15642,19797,30916,22230,2686,7540,48984,38718,2104,241,1109,51,716,3695,23752,8443,4979,0,0,36579,18505,3,32,1,1080,13,0,716
881,896,882.1368702951959,99674,346,223,223,101,80754,46845,1.2801633324638322,171,95,15731,19812,30825,22110,2703,7658,48991,38725,2249,262,1104,51,713,3692,23741,8492,4968,0,0,36514,18427,3,32,1,1147,15,0,774
882,896,883.0549469526063,99674,334,214,223,101,80789,46864,1.280705098621506,173,95,15811,19831,30738,21991,2720,7767,48998,38732,2400,284,1099,51,713,3684,23738,8536,4961,0,0,36435,18350,3,32,1,1220,15,0,836
883,896,884.2832576670345,99674,339,212,223,101,80842,46891,1.2815077151513936,163,95,15923,19893,30618,21827,2733,7871,49005,38739,2557,308,1098,51,712,3682,23723,8592,4949,0,0,36327,18302,3,31,2,1321,16,0,865
884,896,885.2076941557408,99674,326,208,223,101,80882,46910,1.2820996448421855,172,99,16004,19879,30525,21717,2749,7995,49012,38745,2719,333,1094,50,710,3685,23693,8655,4940,0,0,36227,18242,3,31,2,1412,19,0,911
885,896,886.1350144917537,99674,335,204,223,101,80918,46930,1.2826614764131068,171,109,16090,19894,30415,21571,2765,8120,49019,38751,2887,360,1089,50,707,3683,23665,8708,4936,0,0,36140,18176,3,31,2,1499,21,0,964
886,896,887.0654533152832,99674,322,191,223,101,80962,46949,1.283293536930393,153,112,16159,19893,30357,21443,2785,8259,49026,38757,3060,389,1084,50,706,3679,23647,8767,4924,0,0,36031,18111,3,31,2,1605,22,0,1012
887,896,888.3096490696945,99674,325,176,223,101,81010,46971,1.2839958263940445,149,113,16261,19929,30236,21286,2805,8394,49033,38763,3239,419,1079,50,705,3677,23611,8843,4914,0,0,35936,18037,3,31,2,1688,23,0,1075
888,896,889.2462100226492,99674,313,177,223,101,81042,46995,1.2845576579649658,163,118,16344,19921,30130,21148,2826,8534,49040,38769,3423,451,1075,50,703,3675,23571,8907,4904,0,0,35838,17968,3,31,2,1794,25,0,1128
889,896,890.1858192790977,99674,310,191,223,101,81089,47031,1.285390372614724,149,99,16411,19917,30048,21007,2858,8684,49047,38775,3613,485,1068,50,702,3678,23533,8973,4895,0,0,35728,17895,3,30,3,1899,26,0,1191
890,896,891.128369788742,99674,301,192,223,101,81124,47050,1.285932138772398,143,97,16498,19923,29953,20863,2881,8823,49054,38781,3808,520,1064,50,700,3673,23510,9028,4887,0,0,35631,17806,3,28,4,1995,28,0,1267
891,896,892.0739849934918,99674,287,188,223,101,81151,47073,1.2864337741035776,150,91,16574,19928,29855,20724,2910,8967,49061,38787,4008,557,1063,50,698,3670,23486,9085,4877,0,0,35522,17718,3,28,4,2104,29,0,1337
892,896,893.0228806157887,99674,284,178,223,101,81186,47089,1.2869454421413808,143,93,16658,19898,29750,20599,2941,9130,49068,38793,4213,596,1061,50,696,3667,23453,9145,4870,0,0,35411,17636,3,28,4,2218,31,0,1401
893,896,894.2935591226401,99674,284,171,223,101,81238,47119,1.2877681240845156,133,84,16768,19900,29619,20465,2972,9278,49075,38799,4423,637,1058,50,688,3665,23438,9208,4861,0,0,35277,17553,3,28,4,2333,37,0,1471
894,896,895.2502953593463,99674,267,157,223,101,81269,47140,1.2882898248289423,134,72,16833,19891,29533,20331,3009,9447,49082,38805,4638,680,1051,50,686,3666,23406,9281,4851,0,0,35145,17473,3,28,4,2450,39,0,1541
895,896,896.2101961703529,99674,267,162,223,101,81300,47163,1.2888315909866164,122,69,16905,19891,29431,20163,3051,9613,49089,38811,4857,725,1049,50,681,3659,23369,9347,4843,0,0,35019,17400,3,28,4,2578,43,0,1601
896,896,897.173499214715,99674,261,162,223,101,81327,47183,1.2893031281979253,118,61,16971,19885,29335,20010,3091,9780,49096,38817,5081,773,1047,50,679,3659,23309,9428,4832,0,0,34911,17307,3,28,4,2693,45,0,1679
897,896,898.1400665375703,99674,262,145,223,101,81363,47196,1.2897947308224813,108,61,17050,19844,29227,19882,3129,9966,49103,38823,5309,823,1041,50,674,3656,23272,9498,4827,0,0,34772,17221,3,27,5,2825,49,0,1754
898,896,899.110220909683,99674,255,146,223,101,81394,47211,1.2902562353271665,99,61,17117,19840,29131,19713,3174,10138,49110,38829,5542,875,1040,50,669,3653,23228,9570,4817,0,0,34643,17131,3,27,5,2948,53,0,1837
899,896,900.0838273676527,99673,253,128,224,101,81412,47215,1.2904899019794729,121,92,17167,19900,29067,19675,3167,10103,49110,38829,5542,875,1038,50,668,3652,23232,9581,4817,0,0,34644,17118,3,27,5,2948,53,0,1837
900,896,900.0838273676527,99673,249,127,224,101,81418,47225,1.2906504268959498,124,91,17180,19831,29011,19559,3211,10290,49110,38829,5779,929,1038,50,668,3653,23190,9634,4816,0,5,34500,17028,3,27,5,3081,53,0,1922
901,896,901.061257901193,99672,248,133,225,101,81448,47246,1.291175054177703,130,95,17237,19811,28906,19400,3253,10459,49110,38829,6019,986,1036,50,665,3652,23144,9699,4812,2,14,34361,16920,3,27,5,3206,56,0,2020
902,896,902.0420151062885,99672,239,132,225,101,81477,47265,1.2916566337587285,138,90,17280,19785,28821,19255,3296,10636,49110,38829,6263,1045,1036,50,664,3653,23105,9768,4807,2,23,34191,16830,3,27,5,3350,57,1,2100
903,896,903.0257797616291,99672,227,130,225,101,81506,47281,1.2921081146159403,132,90,17348,19761,28728,19107,3339,10810,49110,38829,6511,1107,1034,49,661,3650,23058,9840,4805,4,38,34038,16723,3,25,7,3484,60,1,2192
904,896,904.0129289965219,99672,224,123,225,101,81538,47302,1.2926398587366563,129,88,17430,19729,28601,18968,3390,10990,49110,38829,6762,1171,1032,49,657,3648,23008,9922,4802,6,48,33884,16620,3,25,7,3612,63,1,2285
905,896,905.0045021228808,99672,230,127,225,101,81572,47322,1.2931816357653103,131,91,17505,19682,28471,18809,3437,11189,49110,38829,7016,1238,1030,49,651,3647,22937,10012,4800,8,54,33724,16541,3,25,7,3758,67,4,2355
906,896,906.000399336674,99672,224,133,225,101,81601,47340,1.2936531824383979,135,93,17558,19646,28373,18652,3484,11374,49110,38829,7273,1307,1030,49,646,3648,22883,10091,4799,8,63,33550,16449,3,25,7,3907,72,5,2437
907,896,907.3337924942552,99672,243,137,225,101,81649,47379,1.294526045429007,121,85,17668,19652,28211,18479,3531,11545,49110,38829,7533,1379,1029,49,644,3647,22830,10174,4796,9,78,33377,16348,3,25,7,4055,73,5,2523
908,896,908.003274723988,99672,242,138,225,101,81665,47391,1.2948069668512723,131,80,17706,19601,28098,18342,3597,11737,49110,38829,7795,1453,1028,49,641,3647,22762,10253,4795,10,83,33222,16249,3,25,7,4200,76,5,2617
909,896,909.0122808945408,99672,245,138,225,101,81704,47411,1.2953989084196162,137,83,17757,19589,27984,18166,3651,11922,49110,38829,8060,1530,1026,49,641,3643,22710,10336,4793,12,88,33041,16157,3,25,7,4356,76,8,2701
910,896,910.0255021112512,99671,245,129,225,102,81732,47426,1.2958433245377292,140,85,17808,19553,27858,18007,3723,12123,49110,38829,8327,1610,1025,49,639,3641,22636,10427,4793,13,101,32864,16051,3,25,7,4517,78,9,2793
911,896,911.0430207806338,99671,233,129,225,102,81767,47445,1.2963851070020367,146,91,17854,19525,27759,17846,3782,12306,49110,38829,8596,1692,1025,49,637,3640,22581,10513,4790,13,110,32682,15943,3,25,7,4672,80,12,2889
912,896,912.0643582305743,99671,242,126,225,102,81803,47467,1.2969670215007374,136,89,17904,19468,27651,17704,3841,12510,49110,38829,8866,1777,1025,49,631,3643,22508,10606,4785,13,116,32509,15845,3,25,7,4827,86,15,2978
913,896,913.0898056460431,99671,247,121,225,102,81833,47488,1.2974787049392502,145,88,17965,19435,27518,17545,3899,12708,49110,38829,9138,1865,1025,49,628,3643,22443,10694,4783,13,130,32315,15746,3,25,7,5000,89,18,3060
914,896,914.1199508353061,99671,247,128,225,102,81869,47515,1.2981107844809423,149,81,18024,19396,27386,17381,3968,12911,49110,38829,9411,1956,1024,48,622,3646,22356,10804,4780,14,142,32138,15651,3,25,7,5156,94,20,3141
915,896,915.1549919740287,99671,244,136,225,102,81906,47536,1.298692698979643,151,75,18094,19376,27247,17197,4038,13113,49110,38829,9686,2049,1023,48,618,3649,22263,10923,4777,15,148,31956,15570,3,25,7,5312,98,21,3215
916,896,916.1950696593831,99671,258,132,225,102,81943,47556,1.2992645804697454,155,72,18136,19349,27111,17042,4114,13302,49110,38829,9961,2145,1023,48,616,3649,22195,11010,4773,15,161,31779,15458,3,25,7,5474,100,25,3310
917,896,917.2400194219249,99671,281,133,225,102,81996,47576,1.2999969900974204,151,70,18181,19312,26972,16870,4189,13512,49110,38829,10237,2244,1020,48,616,3648,22111,11118,4771,18,170,31600,15350,3,24,8,5632,100,28,3406
918,896,918.2903741600695,99671,286,128,225,102,82038,47594,1.3005989706133179,158,72,18232,19269,26834,16724,4264,13704,49110,38829,10514,2346,1017,48,613,3649,22025,11226,4767,21,178,31426,15237,3,24,8,5787,103,32,3507
919,896,919.3459725366946,99671,278,124,225,102,82069,47609,1.301060489008839,151,78,18290,19204,26706,16574,4349,13917,49110,38829,10791,2451,1017,48,608,3653,21954,11317,4761,21,190,31240,15113,3,23,9,5955,108,35,3616
920,896,920.0526185202617,99671,276,126,225,102,82095,47624,1.301471842361369,145,75,18310,19161,26605,16416,4438,14119,49110,38829,11068,2559,1017,48,605,3651,21886,11406,4759,21,194,31067,14996,3,23,9,6112,110,37,3727
921,896,921.1175601897792,99671,277,123,225,102,82135,47641,1.3020437238514713,151,76,18346,19121,26468,16251,4532,14326,49110,38829,11345,2669,1016,48,603,3651,21816,11500,4755,22,205,30857,14898,3,23,9,6302,112,39,3812
922,896,922.1879624551003,99671,296,125,225,102,82185,47664,1.3027761334791463,141,80,18372,19094,26339,16076,4626,14522,49110,38829,11622,2782,1016,48,599,3650,21732,11613,4752,22,210,30663,14813,3,22,10,6474,113,40,3891
923,896,923.2631773175913,99670,278,127,225,103,82223,47685,1.3033811578208088,132,84,18426,19045,26224,15916,4714,14724,49110,38829,11899,2898,1016,48,596,3652,21649,11729,4743,22,223,30484,14693,3,22,10,6627,115,42,3996
924,896,924.3435812467189,99670,271,130,225,103,82258,47701,1.3038928463930972,135,90,18471,19027,26086,15735,4811,14914,49110,38829,12176,3017,1014,48,595,3656,21549,11854,4736,24,231,30292,14609,3,22,10,6798,115,43,4071
925,896,925.0669736920688,99670,270,132,225,103,82281,47723,1.3043443363098224,138,87,18486,18967,25964,15589,4916,15121,49110,38829,12452,3139,1014,48,593,3657,21460,11965,4735,24,238,30101,14511,3,21,11,6967,117,46,4159
926,896,926.1579551171712,99670,251,140,225,103,82317,47747,1.304946322865456,140,80,18514,18953,25849,15424,5020,15299,49110,38829,12727,3263,1014,48,590,3660,21388,12075,4728,24,246,29901,14397,3,21,11,7134,119,51,4260
927,896,927.2541975813364,99669,252,141,226,103,82356,47772,1.3056015411010444,141,77,18532,18901,25728,15281,5120,15496,49110,38829,13001,3390,1011,48,586,3662,21307,12177,4724,27,260,29696,14291,3,21,11,7320,123,53,4349
928,896,928.3554775866319,99669,257,142,226,103,82394,47793,1.3061935004866108,134,80,18589,18873,25580,15121,5213,15680,49110,38829,13274,3520,1010,48,583,3661,21225,12281,4719,28,266,29501,14188,3,21,11,7500,126,56,4442
929,896,929.093049046456,99669,259,145,226,103,82416,47811,1.3065948288836047,136,85,18602,18848,25452,14946,5324,15872,49110,38829,13546,3652,1010,48,574,3662,21139,12385,4717,28,269,29309,14101,3,21,11,7677,133,60,4522
930,896,930.2061197642782,99669,254,145,226,103,82446,47833,1.307116555799697,135,93,18646,18816,25302,14795,5436,16047,49110,38829,13817,3787,1009,48,572,3660,21061,12485,4716,29,275,29100,13997,3,21,11,7867,135,66,4614
931,896,931.3259842972877,99669,253,145,226,103,82486,47852,1.3077085151852632,137,82,18684,18790,25160,14653,5539,16226,49110,38829,14086,3925,1008,48,568,3664,20970,12602,4708,30,285,28907,13896,3,21,11,8039,138,69,4702
932,896,932.0760467404401,99669,258,145,226,103,82515,47870,1.3081800760517313,132,83,18676,18747,25052,14502,5655,16419,49110,38829,14353,4065,1008,48,563,3664,20872,12717,4707,30,294,28737,13784,3,20,12,8193,143,74,4800
933,896,933.2071971146404,99669,253,145,226,103,82553,47892,1.3087820686472222,135,74,18724,18726,24898,14353,5763,16598,49110,38829,14619,4208,1007,48,561,3666,20776,12838,4703,31,308,28540,13683,3,20,12,8368,144,80,4881
934,896,934.344902649579,99669,239,142,226,103,82586,47914,1.309333895193089,141,77,18752,18692,24757,14218,5884,16767,49110,38829,14883,4353,1005,48,558,3661,20680,12970,4701,33,310,28340,13586,3,20,12,8541,146,86,4969
935,896,935.1070199579552,99669,245,138,226,103,82613,47928,1.309745256800008,138,82,18759,18611,24618,14105,6013,16960,49110,38829,15145,4501,1002,48,554,3660,20594,13075,4697,36,314,28151,13491,3,20,12,8716,150,89,5057
936,896,936.2578126114953,99668,239,137,227,103,82646,47949,1.3103001966528875,134,89,18826,18568,24452,13976,6121,17126,49110,38829,15405,4651,1000,48,549,3667,20493,13197,4687,38,322,27967,13377,3,20,12,8881,155,96,5156
937,896,937.0293995953107,99668,232,149,227,103,82671,47970,1.310761728940081,134,83,18832,18511,24321,13840,6253,17313,49110,38829,15663,4803,1000,48,545,3665,20394,13310,4686,38,329,27780,13272,3,20,12,9058,158,98,5252
938,896,938.1942128834419,99668,235,154,227,103,82711,47994,1.3114038608179155,121,82,18864,18498,24183,13700,6369,17462,49110,38829,15919,4958,998,48,538,3668,20288,13439,4681,40,338,27597,13166,3,20,12,9221,164,101,5346
939,896,939.3663676072388,99667,229,157,227,104,82746,48017,1.311998956525229,133,85,18905,18478,24006,13555,6499,17620,49110,38829,16172,5115,998,48,535,3668,20206,13547,4680,39,346,27407,13061,3,19,13,9386,167,107,5437
940,896,940.1522359059513,99666,228,147,228,104,82767,48026,1.3123131258403067,135,85,18888,18451,23882,13425,6638,17787,49110,38829,16423,5274,997,48,530,3665,20096,13670,4680,40,356,27229,12964,3,19,13,9553,172,112,5519
941,896,941.3386447636063,99666,248,141,228,104,82815,48043,1.3129653041157465,119,94,18931,18422,23712,13291,6761,17947,49110,38829,16672,5435,995,48,525,3668,20002,13784,4675,42,365,27043,12868,3,19,13,9722,176,114,5604
942,896,942.1340477173735,99666,250,146,228,104,82841,48062,1.3134168121525895,118,87,18915,18384,23585,13166,6903,18112,49110,38829,16918,5598,994,48,521,3666,19907,13892,4673,43,372,26850,12790,3,19,13,9906,180,117,5672
943,896,943.3351585229958,99666,250,137,228,104,82882,48078,1.3139887223325908,110,88,18935,18373,23446,13037,7030,18260,49110,38829,17162,5763,994,48,515,3665,19829,14007,4670,43,379,26636,12692,3,19,13,10088,185,123,5757
944,896,944.1402010194829,99666,253,154,228,104,82904,48103,1.3144602973932935,121,76,18933,18347,23295,12904,7169,18414,49110,38829,17403,5930,994,48,510,3667,19731,14118,4667,43,386,26457,12598,3,18,14,10255,190,123,5844
945,896,945.356245282064,99666,268,154,228,104,82961,48131,1.3153131459073304,115,73,18984,18325,23114,12794,7290,18549,49110,38829,17641,6098,993,48,505,3667,19631,14241,4663,44,398,26271,12496,3,17,15,10422,195,133,5924
946,896,946.1722089661503,99666,259,161,228,104,82994,48151,1.3158449220396122,99,69,18986,18286,22993,12672,7434,18707,49110,38829,17877,6268,993,48,502,3671,19527,14365,4657,44,406,26083,12403,3,17,15,10592,198,138,6004
947,896,947.4043127077458,99666,250,151,228,104,83026,48170,1.3163566311480344,102,77,19010,18279,22850,12550,7559,18838,49110,38829,18110,6440,992,48,501,3671,19432,14485,4652,45,418,25896,12300,3,17,15,10760,199,144,6088
948,896,948.2299620609521,99666,230,146,228,104,83042,48182,1.3166375694820702,116,78,19016,18216,22703,12459,7706,18996,49110,38829,18340,6613,992,48,500,3674,19317,14622,4648,45,425,25731,12199,3,17,15,10904,200,149,6177
949,896,949.0607099877896,99666,232,141,228,104,83065,48193,1.3169787088876848,122,82,18999,18167,22570,12356,7848,19149,49110,38829,18567,6788,990,48,496,3674,19221,14732,4645,47,428,25563,12107,3,17,15,11062,203,154,6261
950,896,950.3161123404714,99666,235,138,228,104,83103,48215,1.3175807196034757,129,83,19006,18146,22419,12256,7982,19272,49110,38829,18792,6964,988,48,493,3675,19112,14864,4641,49,436,25385,12003,3,17,15,11221,205,158,6353
951,896,951.1575084856884,99666,233,130,228,104,83129,48226,1.3179519595448799,129,91,18987,18081,22288,12166,8134,19427,49110,38829,19014,7141,986,47,490,3679,19009,14986,4638,51,443,25206,11912,3,17,15,11382,207,162,6433
952,896,952.0038868009387,99666,232,123,228,104,83160,48237,1.3183733670459334,121,96,18978,18057,22154,12033,8286,19586,49110,38829,19233,7320,986,47,488,3678,18909,15111,4636,51,445,25010,11838,3,17,15,11557,209,167,6499
953,896,953.2825463349698,99666,232,141,228,104,83201,48272,1.3191359139526018,125,81,19008,18113,22001,11896,8405,19664,49110,38829,19449,7500,985,45,486,3682,18804,15234,4630,52,455,24837,11752,3,17,15,11717,210,174,6568
954,896,954.1401045767037,99666,228,139,228,104,83226,48288,1.3195472879417254,131,96,18990,18084,21875,11787,8547,19789,49110,38829,19662,7681,985,45,482,3683,18712,15348,4625,52,456,24661,11670,3,17,15,11875,214,181,6642
955,896,955.0025503437348,99666,228,148,228,104,83259,48311,1.3201091646097967,116,83,18972,18074,21756,11683,8699,19907,49110,38829,19872,7863,985,45,477,3684,18630,15452,4621,52,460,24477,11593,3,16,16,12042,218,185,6710
956,896,956.3049698181302,99666,228,149,228,104,83297,48339,1.3207713763971665,121,81,18989,18086,21597,11580,8836,19999,49110,38829,20079,8045,985,45,473,3687,18532,15573,4616,52,469,24304,11493,3,16,16,12194,222,197,6789
957,896,957.1783528226092,99666,224,147,228,104,83323,48359,1.3212329179459394,118,72,18971,18054,21467,11486,8991,20136,49110,38829,20283,8228,984,45,471,3685,18454,15682,4614,53,471,24102,11424,3,16,16,12370,223,203,6850
958,896,958.0571379593287,99666,215,136,228,104,83346,48371,1.321584090863484,119,74,18964,18021,21333,11397,9140,20267,49110,38829,20485,8412,983,45,467,3682,18337,15819,4612,54,482,23936,11339,3,16,16,12521,227,211,6916
959,896,959.3855164187036,99666,220,142,228,104,83395,48399,1.3223566712820822,114,73,19000,18038,21163,11279,9274,20363,49110,38829,20684,8596,982,45,463,3684,18233,15950,4606,55,486,23770,11262,3,15,17,12664,231,220,6980
960,896,960.2771081138385,99666,221,140,228,104,83422,48417,1.3228081793189252,106,73,18987,18053,21030,11172,9427,20457,49110,38829,20880,8781,981,45,460,3678,18140,16061,4605,56,491,23609,11179,3,15,17,12814,234,230,7048
961,896,961.1745250941708,99666,212,140,228,104,83443,48433,1.3231794192603294,104,78,18995,18031,20896,11080,9564,20566,49110,38829,21073,8966,981,45,457,3681,18048,16172,4600,56,491,23437,11102,3,15,17,12970,236,239,7116
962,896,962.0775272667166,99666,202,134,228,104,83464,48451,1.3235707262255936,103,75,18986,18031,20769,10991,9711,20664,49110,38829,21263,9151,979,45,454,3681,17959,16282,4598,58,499,23271,11013,3,15,17,13118,238,245,7191
963,896,963.4425180107334,99665,207,134,229,104,83508,48478,1.3242963929162694,103,70,19015,18054,20616,10895,9829,20742,49110,38829,21450,9337,978,45,450,3683,17897,16372,4591,59,508,23085,10921,3,15,17,13282,241,253,7265
964,896,964.3580056183082,99665,200,130,229,104,83526,48491,1.3246074349069383,125,74,19017,18048,20453,10806,9975,20837,49110,38829,21634,9523,976,45,447,3683,17805,16481,4588,61,513,22926,10839,3,15,17,13429,244,258,7335
965,896,965.2801676354542,99665,197,130,229,104,83556,48509,1.3250890483118447,124,69,19020,18046,20305,10718,10124,20932,49110,38829,21815,9709,975,45,445,3685,17713,16590,4586,62,519,22748,10761,3,15,17,13591,246,264,7400
966,896,966.2092259473418,99665,202,125,229,104,83585,48523,1.3255204936537401,114,66,18988,18062,20186,10631,10280,21011,49110,38829,21994,9895,975,45,443,3685,17619,16705,4583,62,522,22581,10691,3,15,17,13740,248,272,7459
967,896,967.1442696718697,99665,199,125,229,104,83610,48536,1.3259017709326244,116,79,18979,18072,20057,10525,10419,21094,49110,38829,22170,10081,974,45,441,3686,17524,16817,4581,63,525,22424,10619,3,15,17,13881,250,277,7523
968,896,968.0852674284699,99665,204,131,229,104,83642,48553,1.3263934179501329,105,82,18976,18072,19925,10432,10560,21178,49110,38829,22343,10266,973,45,438,3688,17436,16919,4579,63,530,22259,10547,3,15,17,14033,253,280,7587
969,896,969.0324424432076,99665,196,134,229,104,83661,48576,1.326814829679426,104,73,18986,18098,19791,10347,10693,21243,49110,38829,22513,10451,971,45,432,3685,17351,17025,4577,65,538,22104,10467,3,15,17,14174,257,286,7653
970,896,970.4647521546763,99665,191,126,229,104,83705,48601,1.3275071489489791,90,70,19025,18140,19655,10270,10809,21289,49110,38829,22681,10636,970,45,431,3687,17261,17146,4568,66,546,21933,10394,3,15,17,14323,257,295,7708
971,896,971.4255063125996,99665,186,135,229,104,83725,48618,1.327878392615261,106,63,19023,18156,19514,10174,10941,21367,49110,38829,22846,10820,969,45,427,3690,17168,17251,4564,67,547,21774,10335,3,15,17,14471,261,298,7763
972,896,972.3928922553184,99665,177,142,229,104,83747,48639,1.3283098379571565,111,55,19023,18161,19383,10097,11076,21440,49110,38829,23008,11004,966,45,423,3693,17072,17361,4560,70,551,21630,10254,3,15,17,14603,264,305,7833
973,896,973.3666593070709,99665,177,135,229,104,83770,48654,1.3286911152360408,119,55,19029,18168,19231,10026,11214,21511,49110,38829,23168,11187,965,45,421,3696,17000,17453,4556,71,559,21466,10183,3,15,16,14749,266,311,7890
974,896,974.3477666484933,99665,193,125,229,104,83809,48671,1.3292529975417648,110,52,19023,18189,19098,9948,11346,21581,49110,38829,23325,11370,965,45,415,3694,16913,17567,4553,71,559,21327,10113,3,14,17,14868,271,322,7948
975,896,975.3360626761632,99665,189,115,229,104,83834,48683,1.329624241208047,109,54,19031,18200,18968,9887,11473,21639,49110,38829,23479,11552,962,45,412,3700,16822,17673,4547,74,562,21185,10040,3,14,17,14996,274,329,8010
976,896,976.3294506217057,99665,188,114,229,104,83857,48702,1.3300456529373401,114,46,19027,18228,18826,9818,11615,21689,49110,38829,23631,11733,962,45,408,3693,16749,17765,4547,74,564,21038,9969,3,14,17,15133,276,341,8067
977,896,977.3233786893669,99664,189,110,230,104,83885,48718,1.3305004816182373,99,40,19024,18247,18700,9741,11757,21757,49110,38829,23780,11913,959,45,406,3692,16657,17873,4545,77,567,20897,9900,3,14,17,15261,278,349,8124
978,896,978.3174738297063,99663,192,109,231,104,83910,48730,1.3308850827287961,99,49,19021,18251,18569,9665,11887,21821,49110,38829,23927,12093,959,45,400,3689,16570,17973,4544,77,567,20751,9841,3,14,17,15398,283,357,8175
979,896,979.3117843479095,99663,194,106,231,104,83940,48741,1.33129646910087,93,48,19000,18270,18466,9608,12015,21863,49110,38829,24071,12272,959,45,397,3694,16490,18069,4539,77,571,20602,9779,3,14,17,15532,286,362,8227
980,896,980.3068893296697,99663,191,106,231,104,83960,48748,1.3315673820776015,91,54,19002,18279,18339,9531,12145,21925,49110,38829,24213,12450,957,44,395,3698,16399,18166,4535,79,566,20474,9715,3,14,17,15655,288,375,8283
981,896,981.3022719815144,99663,182,98,231,104,83983,48755,1.3318683964961922,81,61,19026,18299,18211,9461,12268,21976,49110,38829,24352,12627,956,44,394,3695,16312,18276,4534,80,569,20336,9652,3,14,17,15775,289,378,8339
982,896,982.2967690167274,99663,176,112,231,104,84004,48779,1.3323199181240781,88,45,19037,18310,18086,9388,12381,22040,49110,38829,24489,12802,956,44,391,3697,16227,18373,4531,80,566,20197,9603,3,14,17,15903,292,390,8379
983,896,983.2906709757264,99662,179,112,231,105,84021,48790,1.332614236118079,94,48,19019,18328,17961,9311,12515,22095,49110,38829,24624,12976,955,44,387,3697,16145,18467,4528,81,565,20082,9540,3,14,17,16009,296,396,8436
984,896,984.2848471541498,99662,173,112,231,105,84046,48804,1.3330055587887057,89,42,19006,18357,17867,9251,12633,22132,49110,38829,24756,13149,955,44,384,3700,16074,18557,4523,81,574,19950,9467,3,14,17,16124,299,398,8498
985,896,985.2800795608423,99662,164,108,231,105,84066,48814,1.3333065762276495,95,44,19022,18361,17730,9199,12757,22182,49110,38829,24886,13321,954,43,380,3702,15994,18652,4521,82,576,19817,9410,3,14,17,16244,302,403,8548
986,896,986.2749580007549,99662,166,103,231,105,84088,48820,1.3335875258373302,96,49,19016,18420,17617,9120,12873,22202,49110,38829,25014,13492,952,43,377,3701,15916,18741,4519,84,579,19685,9346,3,14,17,16368,305,408,8604
987,896,987.2693368149692,99662,171,105,231,105,84118,48835,1.3340390519957457,84,52,19018,18437,17503,9057,12992,22243,49110,38829,25140,13661,952,43,375,3705,15840,18831,4515,84,581,19553,9290,3,14,17,16486,307,413,8653
988,896,988.2643169016212,99662,172,102,231,105,84133,48846,1.3342999337761634,87,48,19030,18496,17382,8985,13097,22263,49110,38829,25264,13829,950,43,372,3707,15758,18922,4512,86,585,19435,9225,3,14,17,16596,310,418,8709
989,896,989.2589156681981,99662,156,92,231,105,84147,48853,1.334510645983424,86,55,19034,18544,17277,8921,13215,22282,49110,38829,25385,13995,950,43,372,3705,15692,19009,4510,86,591,19294,9168,3,14,17,16721,309,421,8757
990,896,990.2532242433685,99662,151,97,231,105,84164,48873,1.3348819008247879,82,57,19049,18559,17169,8865,13317,22316,49110,38829,25504,14160,949,43,371,3706,15607,19107,4509,87,595,19174,9104,3,14,17,16829,309,427,8811
991,896,991.2468958812656,99662,158,90,231,105,84194,48883,1.335283257410046,70,57,19074,18588,17037,8816,13429,22343,49110,38829,25621,14324,948,43,370,3703,15526,19205,4507,88,598,19043,9057,3,14,17,16948,310,432,8850
992,896,992.2398315540079,99662,156,84,231,105,84210,48898,1.335594308763621,75,53,19057,18597,16943,8774,13537,22386,49110,38829,25736,14486,948,43,368,3702,15468,19280,4505,88,600,18909,9005,3,14,17,17068,312,439,8893
993,896,993.2327727791233,99662,147,92,231,105,84227,48911,1.3358953262025646,79,44,19068,18624,16838,8712,13636,22422,49110,38829,25849,14647,946,43,368,3703,15375,19379,4503,90,605,18800,8954,3,14,17,17172,312,442,8936
994,896,994.2258997564011,99662,146,87,231,105,84245,48924,1.3362063775561397,80,41,19070,18648,16729,8654,13743,22464,49110,38829,25960,14806,946,43,363,3704,15282,19484,4502,90,606,18688,8914,3,14,17,17274,315,451,8966
995,896,995.2186529548057,99662,145,95,231,105,84265,48940,1.3365675984828722,74,35,19091,18671,16621,8600,13837,22493,49110,38829,26069,14963,946,43,359,3702,15215,19568,4501,90,604,18573,8864,3,14,17,17375,319,456,9013
996,896,996.2102456335398,99662,149,96,231,105,84288,48951,1.3369087515803415,72,30,19084,18722,16520,8529,13943,22517,49110,38829,26176,15119,945,43,357,3707,15146,19648,4494,91,602,18458,8817,3,14,17,17481,321,465,9053
997,896,997.2025414014545,99662,152,87,231,105,84312,48958,1.3372198029339166,72,32,19085,18755,16406,8476,14053,22544,49110,38829,26282,15273,944,43,356,3708,15079,19729,4491,92,603,18347,8760,3,13,18,17581,322,470,9103
998,896,998.1943989118755,99662,148,81,231,105,84331,48963,1.3374606168850716,69,36,19110,18804,16294,8411,14147,22562,49110,38829,26386,15426,943,43,354,3707,15004,19820,4489,93,605,18239,8715,3,13,18,17677,324,472,9143
999,896,999.18559222983,99662,143,83,231,105,84346,48973,1.337711464750858,73,34,19130,18838,16174,8354,14248,22585,49110,38829,26488,15577,943,43,351,3710,14930,19904,4485,93,600,18127,8673,3,13,18,17780,327,482,9180
1000,896,1000.1758127577235,99662,140,72,231,105,84363,48981,1.3379623126166442,73,35,19137,18884,16071,8300,14347,22603,49110,38829,26588,15726,942,43,350,3717,14854,19990,4478,94,607,18020,8625,3,13,18,17877,328,490,9213
1001,896,1001.1654185471018,99662,140,63,231,105,84375,48988,1.338152956994642,71,34,19158,18914,15962,8256,14437,22627,49110,38829,26686,15874,942,42,350,3719,14783,20073,4476,94,612,17919,8585,3,13,18,17967,328,494,9244
1002,896,1002.1541656896021,99662,145,64,231,105,84400,48997,1.3384941100921113,68,36,19170,18949,15859,8208,14526,22637,49110,38829,26783,16020,942,42,347,3717,14706,20163,4475,94,613,17828,8535,3,13,18,18048,331,501,9286
1003,896,1003.1422368835676,99662,142,65,231,105,84414,49005,1.3387148562140034,74,37,19190,18999,15756,8148,14606,22645,49110,38829,26878,16164,941,42,347,3716,14634,20244,4474,95,615,17723,8497,3,13,18,18146,331,504,9319
1004,896,1004.1292533503786,99662,132,66,231,105,84427,49014,1.3389356023358954,78,41,19223,19026,15650,8095,14685,22666,49110,38829,26971,16306,940,42,345,3716,14565,20324,4471,96,617,17623,8456,3,13,18,18239,333,508,9353
1005,896,1005.114768687498,99662,137,73,231,105,84452,49030,1.3393469928357848,64,40,19243,19066,15558,8042,14766,22673,49110,38829,27063,16447,939,42,344,3717,14490,20410,4470,97,618,17533,8408,3,13,18,18318,334,515,9393
1006,896,1006.0993211574646,99662,134,74,231,105,84465,49041,1.3395878067869398,67,36,19284,19122,15442,7996,14841,22666,49110,38829,27153,16586,939,42,341,3714,14422,20490,4470,97,615,17445,8368,3,13,18,18399,336,522,9428
1007,896,1007.0822242655754,99662,132,72,231,105,84481,49050,1.3398386546527261,66,40,19296,19185,15348,7946,14926,22651,49110,38829,27241,16723,939,42,339,3713,14362,20561,4469,97,614,17354,8324,3,13,18,18481,338,531,9464
1008,896,1008.0638662655795,99662,128,70,231,105,84495,49061,1.3400895025185127,65,44,19331,19226,15246,7904,14998,22650,49110,38829,27328,16859,939,42,338,3712,14292,20645,4468,97,612,17257,8284,3,13,18,18568,339,538,9497
1009,896,1009.0442201018643,99662,128,74,231,105,84511,49076,1.3404005538720876,65,36,19362,19273,15141,7860,15072,22651,49110,38829,27413,16993,938,42,336,3712,14222,20729,4467,98,608,17166,8260,3,13,18,18647,340,546,9517
1010,896,1010.0229505644177,99662,129,80,231,105,84523,49088,1.3406413678232425,67,34,19407,19314,15031,7825,15134,22641,49110,38829,27497,17125,938,42,335,3714,14159,20796,4465,98,605,17079,8219,3,13,18,18730,341,553,9554
1011,896,1011.4870027650995,99662,123,71,231,105,84552,49099,1.3410427244085008,73,36,19489,19390,14914,7777,15169,22620,49110,38829,27579,17255,937,42,333,3717,14092,20885,4460,99,610,16992,8180,3,13,18,18797,343,561,9580
1012,896,1012.4597487442649,99662,133,73,231,105,84570,49110,1.341333707932813,67,36,19519,19427,14819,7737,15230,22621,49110,38829,27660,17384,937,42,330,3718,14046,20939,4459,99,609,16902,8135,3,13,18,18880,346,567,9619
1013,896,1013.4305611809447,99662,127,68,231,105,84585,49118,1.3415644879693363,68,38,19524,19489,14745,7692,15304,22607,49110,38829,27740,17511,937,42,330,3718,13994,21008,4455,99,611,16814,8085,3,13,18,18956,346,572,9661
1014,896,1014.4010527534945,99662,128,61,231,105,84603,49126,1.3418253697497542,64,41,19545,19549,14661,7653,15370,22590,49110,38829,27818,17636,937,42,327,3719,13944,21066,4454,99,614,16721,8047,3,13,18,19041,349,581,9687
1015,896,1015.3704898908907,99662,133,61,231,105,84622,49137,1.3421263871886977,64,38,19562,19622,14570,7607,15439,22566,49110,38829,27895,17760,937,42,326,3721,13888,21126,4451,99,615,16644,8006,3,13,18,19115,350,591,9717
1016,896,1016.3389890367082,99662,128,63,231,105,84643,49146,1.3424274046276414,53,40,19586,19670,14488,7570,15513,22551,49110,38829,27971,17882,936,42,324,3721,13838,21189,4448,100,614,16559,7971,3,13,18,19190,352,597,9747
1017,896,1017.3066027305057,99662,127,66,231,105,84655,49156,1.3426481507495334,55,36,19632,19709,14394,7533,15560,22550,49110,38829,28045,18002,935,42,323,3722,13775,21257,4447,101,616,16481,7937,3,13,18,19263,353,603,9773
1018,896,1018.2723251874816,99662,129,67,231,105,84677,49163,1.3429391342738457,49,35,19645,19745,14313,7498,15632,22549,49110,38829,28118,18121,935,42,322,3723,13714,21330,4444,101,617,16397,7908,3,13,18,19338,354,607,9796
1019,896,1019.2367150373673,99662,124,64,231,105,84688,49173,1.3431498464811062,55,38,19649,19790,14234,7457,15706,22545,49110,38829,28190,18238,934,42,320,3724,13658,21398,4441,102,623,16320,7869,3,13,18,19405,356,611,9825
1020,896,1020.2009831454753,99662,129,61,231,105,84705,49178,1.3433705926029982,49,38,19666,19858,14151,7412,15773,22525,49110,38829,28260,18353,933,42,318,3726,13605,21459,4438,103,623,16243,7833,3,13,18,19475,358,614,9858
1021,896,1021.1648193968676,99662,120,58,231,105,84715,49189,1.3435813048102587,58,36,19691,19924,14064,7379,15835,22497,49110,38829,28329,18467,933,42,318,3727,13563,21515,4435,103,621,16158,7804,3,13,18,19550,358,624,9877
1022,896,1022.1274140156262,99662,133,56,231,105,84738,49195,1.3438722883345708,50,37,19714,19980,13984,7343,15887,22478,49110,38829,28397,18579,931,42,315,3730,13510,21575,4432,105,620,16091,7769,3,13,18,19610,361,630,9907
1023,896,1023.0887641892832,99662,127,61,231,105,84746,49206,1.3440629327125684,51,38,19746,20036,13898,7297,15946,22462,49110,38829,28464,18689,931,42,315,3731,13462,21630,4430,105,620,16012,7736,3,13,18,19683,361,634,9936
1024,896,1024.0487410898363,99662,121,60,231,105,84756,49211,1.3442134414320404,49,40,19792,20082,13821,7263,15985,22449,49110,38829,28530,18798,931,42,314,3729,13420,21687,4429,105,619,15943,7700,3,13,18,19742,361,637,9969
1025,896,1025.006777151067,99662,109,60,231,105,84768,49221,1.3444341875539323,50,37,19826,20129,13751,7235,16032,22433,49110,38829,28595,18905,929,42,313,3730,13376,21744,4425,107,619,15874,7658,3,13,18,19801,362,645,10003
1026,896,1026.4403076729477,99662,113,64,231,105,84793,49237,1.344845578053822,43,26,19905,20229,13664,7195,16043,22380,49110,38829,28659,19011,929,41,312,3732,13332,21803,4422,107,619,15798,7623,3,13,18,19864,363,652,10031
1027,896,1027.3928458964972,99662,103,67,231,105,84802,49244,1.3450061206879251,51,27,19927,20285,13598,7160,16089,22355,49110,38829,28721,19115,929,41,312,3732,13290,21852,4418,107,617,15722,7600,3,12,19,19937,363,657,10051
1028,896,1028.3441535571378,99662,98,70,231,105,84815,49254,1.3452369007244487,51,24,19954,20336,13528,7123,16137,22341,49110,38829,28782,19218,929,41,311,3732,13240,21909,4416,107,613,15646,7578,3,12,19,20008,364,664,10070
1029,896,1029.2943476813716,99662,101,69,231,105,84826,49259,1.3453974433585518,48,24,19984,20373,13454,7097,16181,22331,49110,38829,28842,19319,929,41,310,3733,13190,21962,4415,107,615,15576,7550,3,12,19,20075,365,667,10093
1030,896,1030.0377741733037,99662,100,63,231,105,84837,49262,1.3455379181633922,47,27,20029,20430,13383,7064,16209,22310,49110,38829,28901,19418,929,41,309,3734,13150,22012,4414,107,615,15506,7522,3,12,19,20135,366,670,10118
1031,896,1031.4576723888094,99662,90,57,231,105,84851,49272,1.3457787321145471,52,29,20097,20503,13293,7033,16236,22272,49110,38829,28959,19516,927,41,308,3737,13104,22071,4410,109,616,15441,7495,3,12,19,20188,367,678,10136
1032,896,1032.4013451490928,99662,93,57,231,105,84863,49276,1.3459392747486505,46,31,20138,20577,13222,6989,16269,22240,49110,38829,29016,19612,926,41,307,3738,13063,22116,4407,110,613,15371,7474,3,12,19,20256,368,684,10154
1033,896,1033.3434553193576,99662,93,53,231,105,84877,49282,1.3461399530412794,41,33,20179,20637,13156,6957,16299,22214,49110,38829,29072,19707,925,41,307,3736,13022,22171,4407,111,612,15311,7450,3,12,19,20304,368,689,10174
1034,896,1034.2835649330384,99662,89,55,231,105,84890,49292,1.346370733077803,37,26,20221,20698,13093,6926,16328,22189,49110,38829,29127,19801,925,41,306,3736,12972,22229,4406,111,612,15249,7422,3,12,19,20359,369,697,10194
1035,896,1035.2217289241346,99662,90,55,231,105,84902,49301,1.3465814452850635,33,21,20253,20750,13027,6899,16365,22169,49110,38829,29182,19893,925,41,305,3737,12939,22268,4404,111,614,15173,7398,3,12,19,20431,370,702,10210
1036,896,1036.1584782557093,99662,85,52,231,105,84908,49304,1.3466717505167467,40,23,20293,20798,12953,6860,16397,22161,49110,38829,29236,19984,925,41,304,3740,12896,22315,4400,111,613,15114,7375,3,12,19,20488,371,708,10227
1037,896,1037.0936145048565,99662,90,51,231,105,84917,49310,1.3468222592362185,42,19,20323,20861,12877,6824,16436,22139,49110,38829,29289,20073,925,41,304,3741,12846,22368,4399,111,614,15059,7351,3,12,19,20540,371,711,10247
1038,896,1038.1985394540998,99662,83,48,231,105,84927,49314,1.3469627340410588,42,21,20363,20913,12822,6794,16458,22118,49110,38829,29341,20161,925,41,303,3746,12805,22416,4394,111,614,15006,7323,3,12,19,20586,372,714,10272
1039,896,1039.3722541323873,99662,85,39,231,105,84941,49320,1.347163412333688,38,26,20462,21012,12732,6752,16451,22065,49110,38829,29392,20248,925,41,303,3745,12763,22466,4394,111,613,14944,7302,3,12,19,20641,372,723,10285
1040,896,1040.300087520379,99662,82,45,231,105,84951,49330,1.347364090626317,34,21,20509,21078,12670,6705,16473,22045,49110,38829,29442,20333,924,41,302,3744,12723,22513,4392,112,613,14883,7285,3,12,19,20698,373,725,10300
1041,896,1041.2254299235778,99662,72,37,231,105,84954,49331,1.3474042262848427,45,25,20547,21140,12599,6673,16505,22019,49110,38829,29491,20417,924,41,301,3741,12694,22552,4391,112,616,14823,7265,3,12,19,20753,373,728,10314
1042,896,1042.1491486265252,99662,69,38,231,105,84964,49336,1.3475547350043147,41,22,20574,21209,12542,6640,16542,21985,49110,38829,29539,20500,924,41,301,3743,12650,22601,4389,112,616,14775,7240,3,12,19,20797,373,733,10333
1043,896,1043.0715350545986,99662,75,36,231,105,84976,49339,1.3477052437237864,35,26,20613,21258,12482,6615,16563,21959,49110,38829,29587,20581,924,41,300,3743,12608,22646,4389,112,614,14729,7213,3,12,19,20840,374,738,10357
1044,896,1044.451708472795,99662,64,33,231,105,84985,49344,1.3478457185286268,37,26,20707,21368,12398,6580,16562,21887,49110,38829,29634,20661,923,41,299,3743,12572,22693,4386,113,615,14675,7192,3,12,19,20886,375,741,10374
1045,896,1045.368450222334,99662,64,34,231,105,84994,49350,1.3479962272480985,38,22,20735,21433,12344,6547,16587,21858,49110,38829,29680,20740,923,41,298,3746,12531,22736,4383,113,616,14630,7169,3,12,19,20929,376,743,10394
1046,896,1046.2836531437517,99662,64,37,231,105,85000,49355,1.3481066003090445,37,25,20767,21502,12286,6502,16614,21828,49110,38829,29725,20817,923,41,298,3745,12485,22787,4383,113,616,14581,7154,3,12,19,20974,376,744,10408
1047,896,1047.1977758037244,99662,67,35,231,105,85010,49358,1.3482370411992535,30,27,20821,21568,12213,6457,16637,21807,49110,38829,29770,20893,922,41,298,3745,12433,22842,4383,114,616,14537,7136,3,12,19,21015,376,749,10421
1048,896,1048.109790169682,99662,59,31,231,105,85014,49363,1.3483273464309367,32,23,20860,21632,12152,6430,16665,21778,49110,38829,29814,20968,922,41,298,3748,12403,22880,4380,114,617,14471,7115,3,12,19,21073,376,751,10439
1049,896,1049.0200819468228,99662,55,30,231,105,85016,49366,1.3483775160040938,35,24,20914,21681,12081,6405,16683,21754,49110,38829,29857,21042,922,41,296,3748,12365,22922,4379,114,618,14426,7100,3,12,19,21115,378,751,10453
1050,896,1050.3810269610349,99662,55,31,231,105,85026,49374,1.34855812646746,34,20,21015,21781,11997,6373,16667,21689,49110,38829,29900,21115,922,41,295,3747,12337,22956,4379,114,619,14372,7081,3,12,19,21164,379,758,10464
1051,896,1051.008452917784,99662,58,32,231,105,85033,49377,1.3486584656137746,34,21,21015,21808,11953,6348,16708,21685,49110,38829,29942,21186,922,41,295,3746,12301,22994,4379,114,616,14329,7067,3,12,19,21206,379,762,10477
1052,896,1052.021835198563,99662,59,33,231,105,85041,49381,1.348778872589352,29,19,21046,21849,11903,6324,16731,21669,49110,38829,29983,21256,922,41,294,3746,12272,23028,4379,114,616,14282,7045,3,12,19,21248,380,764,10497
1053,896,1053.0372145727708,99662,58,28,231,105,85050,49384,1.3488992795649295,27,21,21120,21918,11836,6293,16727,21634,49110,38829,30024,21325,922,41,293,3746,12248,23062,4379,114,615,14228,7027,3,12,19,21293,381,768,10511
1054,896,1054.2181207307826,99662,59,29,231,105,85056,49389,1.3490096526258755,23,18,21148,21947,11794,6272,16744,21628,49110,38829,30064,21393,922,41,289,3748,12224,23089,4377,114,615,14178,7009,3,12,19,21341,384,771,10526
1055,896,1055.2202799891877,99662,47,27,231,105,85062,49393,1.34910999177219,27,18,21236,22059,11727,6230,16731,21560,49110,38829,30103,21460,921,41,287,3748,12190,23132,4376,115,619,14134,6992,3,12,19,21378,385,774,10536
1056,896,1056.0588010114977,99662,42,25,231,105,85067,49396,1.3491902630892416,25,18,21267,22103,11687,6210,16747,21538,49110,38829,30142,21526,919,41,286,3747,12163,23165,4376,117,621,14091,6972,3,12,19,21417,385,777,10551
1057,896,1057.4121556280627,99662,42,25,231,105,85075,49399,1.3493006361501876,21,18,21380,22193,11597,6180,16728,21478,49110,38829,30180,21591,919,41,285,3749,12136,23194,4374,117,619,14047,6954,3,12,19,21459,386,781,10567
1058,896,1058.1381227645495,99662,38,27,231,105,85076,49403,1.349350805723345,23,16,21395,22221,11551,6161,16761,21469,49110,38829,30217,21655,919,41,285,3750,12100,23232,4373,117,618,14011,6940,3,12,19,21493,386,784,10579
1059,896,1059.0906250801086,99662,32,30,231,105,85081,49408,1.3494511448696596,22,11,21457,22298,11502,6124,16755,21431,49110,38829,30254,21718,919,41,284,3749,12073,23266,4372,117,619,13971,6920,3,12,19,21528,387,785,10597
1060,896,1060.0827860030886,99662,26,29,231,105,85083,49411,1.3495013144428167,22,12,21540,22386,11438,6087,16742,21380,49110,38829,30290,21780,919,41,283,3748,12036,23306,4372,117,617,13937,6906,3,12,19,21560,388,790,10608
1061,896,1061.0692304005274,99662,30,31,231,105,85089,49415,1.3496016535891313,19,8,21584,22432,11383,6065,16752,21358,49110,38829,30326,21841,919,41,281,3748,12000,23344,4372,117,614,13904,6892,3,12,19,21591,390,793,10622
1062,896,1062.0795709620038,99662,28,29,231,105,85091,49416,1.3496317553330257,21,9,21608,22488,11341,6042,16770,21326,49110,38829,30361,21901,919,41,280,3749,11974,23371,4371,117,615,13863,6877,3,12,19,21631,391,795,10634
1063,896,1063.350822972592,99662,32,28,231,105,85100,49421,1.349772230137866,19,12,21724,22623,11263,6003,16730,21228,49110,38829,30396,21960,918,41,280,3750,11938,23412,4370,118,614,13836,6860,3,12,19,21653,391,798,10649
1064,896,1064.0178817349904,99662,33,29,231,105,85104,49422,1.3498223997110232,16,11,21716,22635,11227,5986,16776,21233,49110,38829,30430,22018,918,41,280,3750,11908,23444,4370,118,613,13802,6846,3,12,19,21685,391,799,10663
1065,896,1065.2837203653553,99662,35,19,231,105,85108,49423,1.3498725692841804,16,13,21793,22716,11163,5965,16761,21181,49110,38829,30463,22075,918,41,279,3751,11880,23475,4369,118,616,13767,6825,3,12,19,21717,392,803,10677
1066,896,1066.365978976932,99662,38,18,231,105,85114,49425,1.3499528406012322,14,11,21864,22792,11099,5935,16753,21138,49110,38829,30496,22131,918,41,279,3752,11841,23517,4368,118,615,13739,6816,3,12,19,21742,392,805,10685
1067,896,1067.0678784597842,99662,38,15,231,105,85116,49427,1.349992976259758,14,11,21894,22837,11057,5917,16765,21114,49110,38829,30528,22186,918,41,279,3752,11811,23550,4368,118,615,13710,6798,3,12,19,21768,392,808,10700
1068,896,1068.431378445106,99662,36,14,231,105,85121,49429,1.3500632136621782,13,12,21980,22936,11000,5884,16739,21048,49110,38829,30560,22240,918,41,279,3751,11791,23577,4368,118,612,13676,6781,3,12,19,21796,392,813,10715
1069,896,1069.0062287025667,99662,35,14,231,105,85122,49431,1.3500933154060726,16,10,22011,22974,10952,5864,16754,21032,49110,38829,30591,22293,918,41,279,3752,11766,23603,4367,118,613,13644,6765,3,12,19,21827,392,814,10729
1070,896,1070.1895404826214,99662,34,14,231,105,85125,49434,1.3501535188938611,16,8,22073,23044,10895,5839,16750,20989,49110,38829,30622,22345,918,41,278,3752,11742,23628,4367,118,613,13610,6750,3,12,19,21860,393,817,10741
1071,896,1071.191765764363,99662,27,16,231,105,85127,49438,1.35021372238165,16,7,22139,23111,10845,5815,16741,20945,49110,38829,30653,22397,918,41,278,3753,11719,23657,4365,118,613,13575,6734,3,12,19,21890,393,817,10757
1072,896,1072.1390735015661,99662,30,16,231,105,85133,49441,1.3503040276133331,16,5,22215,23198,10786,5780,16721,20895,49110,38829,30683,22448,918,41,278,3753,11691,23688,4365,118,611,13549,6717,3,12,19,21913,393,820,10773
1073,896,1073.060149615357,99662,31,14,231,105,85138,49441,1.3503541971864903,16,10,22271,23295,10743,5742,16707,20833,49110,38829,30713,22498,918,41,275,3753,11667,23713,4365,118,611,13520,6706,3,12,19,21941,396,821,10783
1074,896,1074.0113024681157,99662,33,14,231,105,85143,49442,1.350414400674279,14,9,22281,23328,10710,5724,16730,20819,49110,38829,30742,22547,917,41,275,3753,11645,23736,4365,119,610,13486,6693,3,12,19,21974,396,824,10794
1075,896,1075.029112213801,99662,31,13,231,105,85147,49446,1.3504946719913307,14,7,22338,23409,10661,5702,16724,20763,49110,38829,30771,22595,917,41,274,3754,11623,23762,4364,119,607,13454,6680,3,12,19,22003,397,828,10805
1076,896,1076.3179208406596,99662,27,10,231,105,85151,49448,1.3505548754791195,15,11,22434,23510,10598,5675,16694,20688,49110,38829,30799,22643,917,41,273,3754,11597,23794,4362,119,605,13424,6672,3,11,20,22029,398,832,10811
1077,896,1077.0157737201118,99662,32,11,231,105,85157,49451,1.3506451807108024,12,9,22487,23562,10547,5656,16690,20656,49110,38829,30827,22690,917,41,272,3753,11572,23820,4362,119,605,13397,6659,3,11,20,22056,399,834,10822
1078,896,1078.1120001444303,99662,27,11,231,105,85160,49453,1.3506953502839598,9,9,22554,23630,10511,5624,16667,20620,49110,38829,30854,22736,917,41,271,3753,11551,23845,4360,119,606,13370,6642,3,11,20,22081,400,835,10837
1079,896,1079.172861281738,99662,27,14,231,105,85164,49458,1.3507856555156428,7,5,22609,23693,10469,5605,16656,20577,49110,38829,30881,22781,917,41,271,3753,11529,23870,4359,119,606,13343,6629,3,11,20,22106,400,836,10849
1080,896,1080.400627174736,99662,26,14,231,105,85165,49459,1.3508057233449058,11,5,22696,23769,10409,5585,16626,20521,49110,38829,30908,22826,917,41,271,3753,11510,23890,4359,119,604,13314,6616,3,11,20,22134,400,838,10862
1081,896,1081.231439537051,99662,23,13,231,105,85166,49459,1.3508157572595372,11,5,22755,23847,10369,5569,16610,20460,49110,38829,30934,22870,917,41,269,3753,11491,23912,4358,119,604,13285,6605,3,11,20,22161,402,839,10872
1082,896,1082.2036915027002,99662,21,13,231,105,85169,49460,1.350855892918063,10,4,22817,23915,10314,5553,16606,20409,49110,38829,30960,22913,917,41,267,3754,11471,23935,4357,119,604,13258,6595,3,10,21,22185,404,840,10881
1083,896,1083.0090342139408,99662,19,11,231,105,85170,49460,1.3508659268326946,10,4,22866,23981,10268,5535,16605,20363,49110,38829,30985,22955,917,41,265,3753,11447,23963,4357,119,604,13234,6587,3,10,21,22206,406,840,10889
1084,896,1084.0781021832518,99662,15,9,231,105,85171,49462,1.350896028576589,11,4,22948,24059,10219,5508,16575,20314,49110,38829,31010,22997,917,41,265,3754,11423,23993,4356,119,604,13212,6575,3,10,21,22222,406,841,10900
1085,896,1085.3152794389584,99662,18,8,231,105,85176,49463,1.3509562320643775,9,4,23005,24142,10173,5474,16563,20266,49110,38829,31035,23038,917,41,265,3754,11400,24017,4356,119,605,13186,6567,3,10,21,22247,406,841,10907
1086,896,1086.0267453269917,99662,16,7,231,105,85178,49463,1.3509762998936405,9,5,23093,24216,10118,5443,16532,20223,49110,38829,31059,23078,917,41,265,3754,11376,24042,4356,119,605,13167,6548,3,10,21,22265,406,843,10924
1087,896,1087.2606500569761,99662,18,8,231,105,85184,49465,1.3510565712106921,4,4,23165,24284,10070,5416,16511,20182,49110,38829,31083,23118,917,41,265,3755,11357,24062,4355,119,603,13144,6534,3,10,21,22287,406,847,10936
1088,896,1088.0681229198606,99662,18,10,231,105,85186,49468,1.3511067407838495,4,3,23226,24335,10026,5397,16494,20149,49110,38829,31107,23157,917,41,265,3756,11343,24077,4354,119,603,13111,6528,3,10,21,22319,406,847,10942
1089,896,1089.359601600658,99662,15,6,231,105,85189,49468,1.3511368425277437,5,4,23319,24439,9974,5367,16455,20078,49110,38829,31130,23196,917,41,265,3755,11328,24097,4354,119,602,13083,6521,3,10,21,22343,406,852,10945
1090,896,1090.2309162555612,99662,15,7,231,105,85189,49470,1.3511569103570067,6,3,23351,24491,9938,5350,16458,20043,49110,38829,31153,23234,917,41,263,3755,11311,24114,4354,119,602,13063,6508,3,10,21,22363,408,853,10957
1091,896,1091.0326466916804,99662,14,7,231,105,85191,49471,1.351187012100901,7,4,23411,24542,9894,5331,16442,20010,49110,38829,31176,23271,917,41,262,3755,11294,24133,4354,119,602,13039,6502,3,10,21,22385,409,855,10961
1092,896,1092.1062055663886,99662,13,7,231,105,85193,49471,1.3512070799301639,9,4,23483,24618,9849,5308,16414,19957,49110,38829,31198,23308,917,41,261,3755,11274,24154,4354,119,601,13023,6490,3,10,21,22400,410,856,10973
1093,896,1093.311873876679,99662,13,7,231,105,85195,49473,1.3512472155886899,7,3,23563,24717,9800,5288,16385,19879,49110,38829,31220,23344,917,41,261,3755,11254,24174,4354,119,602,13000,6482,3,10,21,22423,410,858,10978
1094,896,1094.1257519473827,99662,15,6,231,105,85197,49473,1.3512672834179527,6,3,23592,24769,9770,5267,16385,19849,49110,38829,31242,23380,917,41,259,3755,11236,24193,4354,119,602,12976,6472,3,10,21,22446,412,858,10988
