,indexID,time,N,Inf_L,Inf_H,Dead_L,Dead_H,cum_cases_L,cum_cases_H,cum_sum_per_N,Exposed_L,Exposed_H,Sus_L,Sus_H,Rec_nat_L,Rec_nat_H,Rec_vax_L,Rec_vax_H,vaccinatedH,vaccinatedL,boostedH,boostedL,count_Naive,count_Delta,count_Delta_vaccine,count_two,count_three,count_four,count_Omicron,count_Omicron_star,count_Omicron_star_vaccine,count_Omicron_vaccine,count_Vaccine,count_WT,count_WT_vaccine,count_WT_vaccine_boost,count_Omicron_vaccine_boost,count_Delta_vaccine_boost,count_Omicron_star_vaccine_boost,count_Vaccine_boost
0,1726,1.0615414101446052,99996,5,6,0,0,5,7,0.00012000480019200768,21,18,49972,49973,0,1,0,0,0,0,0,0,99995,0,0,0,0,0,0,0,0,0,0,1,0,0,0,0,0,0
1,1726,2.1409494933184146,99996,12,10,0,0,13,13,0.00026001040041601667,15,16,49970,49969,1,3,0,0,0,0,0,0,99992,0,0,0,0,0,0,0,0,0,0,4,0,0,0,0,0,0
2,1726,3.048337760816242,99996,13,13,0,0,17,17,0.00034001360054402175,15,13,49966,49968,4,4,0,0,0,0,0,0,99988,0,0,0,0,0,0,0,0,0,0,8,0,0,0,0,0,0
3,1726,4.036690402321011,99996,13,11,0,0,19,19,0.0003800152006080243,15,12,49964,49967,6,8,0,0,0,0,0,0,99982,0,0,0,0,0,0,0,0,0,0,14,0,0,0,0,0,0
4,1726,5.010317776696907,99996,15,10,0,0,21,20,0.00041001640065602623,17,12,49960,49966,6,10,0,0,0,0,0,0,99980,0,0,0,0,0,0,0,0,0,0,16,0,0,0,0,0,0
5,1726,6.029241857964847,99996,19,13,0,0,29,25,0.0005400216008640345,15,7,49954,49966,10,12,0,0,0,0,0,0,99974,0,0,0,0,0,0,0,0,0,0,22,0,0,0,0,0,0
6,1726,7.021363789561375,99996,19,12,0,0,31,26,0.0005700228009120365,16,9,49951,49963,12,14,0,0,0,0,0,0,99970,0,0,0,0,0,0,0,0,0,0,26,0,0,0,0,0,0
7,1726,8.006317143796325,99996,16,13,0,0,35,28,0.0006300252010080403,16,8,49947,49962,19,15,0,0,0,0,0,0,99962,0,0,0,0,0,0,0,0,0,0,34,0,0,0,0,0,0
8,1726,9.017983812824461,99996,19,12,0,0,41,29,0.0007000280011200448,12,8,49945,49961,22,17,0,0,0,0,0,0,99957,0,0,0,0,0,0,0,0,0,0,39,0,0,0,0,0,0
9,1726,10.097875334577628,99996,17,14,0,0,44,33,0.0007700308012320492,12,4,49942,49962,27,18,0,0,0,0,0,0,99950,0,0,0,0,0,0,0,0,0,0,46,0,0,0,0,0,0
10,1726,11.003548224858339,99996,19,13,0,0,47,34,0.0008100324012960519,9,3,49942,49962,28,20,0,0,0,0,0,0,99947,0,0,0,0,0,0,0,0,0,0,49,0,0,0,0,0,0
11,1726,12.265268818185037,99996,20,12,0,0,53,35,0.0008800352014080563,8,4,49937,49960,33,22,0,0,0,0,0,0,99940,0,0,0,0,0,0,0,0,0,0,56,0,0,0,0,0,0
12,1726,13.113716941998046,99996,19,12,0,0,54,35,0.000890035601424057,8,4,49936,49960,35,22,0,0,0,0,0,0,99938,0,0,0,0,0,0,0,0,0,0,58,0,0,0,0,0,0
13,1726,14.03910986987233,99996,19,14,0,0,57,37,0.0009400376015040601,6,6,49935,49956,38,22,0,0,0,0,0,0,99935,0,0,0,0,0,0,0,0,0,0,61,0,0,0,0,0,0
14,1726,15.125783835201263,99996,21,18,0,0,60,42,0.0010200408016320653,11,4,49927,49953,39,23,0,0,0,0,0,0,99933,0,0,0,0,0,0,0,0,0,0,63,0,0,0,0,0,0
15,1726,16.013001750943307,99996,17,17,0,0,62,43,0.0010500420016800673,14,4,49922,49952,45,25,0,0,0,0,0,0,99925,0,0,0,0,0,0,0,0,0,0,71,0,0,0,0,0,0
16,1726,17.06478807385236,99996,17,14,0,0,66,44,0.0011000440017600705,14,5,49918,49950,49,29,0,0,0,0,0,0,99917,0,0,0,0,0,0,0,0,0,0,79,0,0,0,0,0,0
17,1726,18.14053492235937,99996,21,14,0,0,71,45,0.0011600464018560743,13,7,49914,49947,50,30,0,0,0,0,0,0,99915,0,0,0,0,0,0,0,0,0,0,81,0,0,0,0,0,0
18,1726,19.0769373868992,99996,19,14,0,0,72,48,0.0012000480019200767,15,6,49911,49945,53,33,0,0,0,0,0,0,99909,0,0,0,0,0,0,0,0,0,0,87,0,0,0,0,0,0
19,1726,20.019928834443935,99996,18,16,0,0,74,51,0.00125005000200008,17,6,49907,49943,56,33,0,0,0,0,0,0,99905,0,0,0,0,0,0,0,0,0,0,91,0,0,0,0,0,0
20,1726,21.178698432642836,99996,17,13,0,0,78,51,0.0012900516020640826,22,7,49899,49942,60,36,0,0,0,0,0,0,99897,0,0,0,0,0,0,0,0,0,0,99,0,0,0,0,0,0
21,1726,22.102256015899464,99996,19,13,0,0,82,52,0.0013400536021440858,20,6,49897,49942,62,37,0,0,0,0,0,0,99894,0,0,0,0,0,0,0,0,0,0,102,0,0,0,0,0,0
22,1726,23.157983280800245,99996,21,13,0,0,87,52,0.001390055602224089,17,8,49895,49940,65,37,0,0,0,0,0,0,99891,0,0,0,0,0,0,0,0,0,0,105,0,0,0,0,0,0
23,1726,24.06617744075145,99996,20,11,0,0,88,52,0.0014000560022400896,18,8,49893,49940,67,39,0,0,0,0,0,0,99887,0,0,0,0,0,0,0,0,0,0,109,0,0,0,0,0,0
24,1726,25.231679750825673,99996,16,10,0,0,90,53,0.0014300572022880914,20,9,49890,49938,72,41,0,0,0,0,0,0,99879,0,0,0,0,0,0,0,0,0,0,117,0,0,0,0,0,0
25,1726,26.104840992902773,99996,19,15,0,0,93,58,0.0015100604024160967,20,5,49887,49938,72,40,0,0,0,0,0,0,99879,0,0,0,0,0,0,0,0,0,0,117,0,0,0,0,0,0
26,1726,27.082278495660024,99996,18,14,0,0,97,58,0.0015500620024800993,22,5,49881,49938,77,41,0,0,0,0,0,0,99873,0,0,0,0,0,0,0,0,0,0,123,0,0,0,0,0,0
27,1726,28.094910425485196,99996,23,13,0,0,105,58,0.0016300652026081043,18,5,49877,49938,80,42,0,0,0,0,0,0,99869,0,0,0,0,0,0,0,0,0,0,127,0,0,0,0,0,0
28,1726,29.195752132793846,99996,30,11,0,0,114,58,0.0017200688027521102,15,6,49872,49937,81,44,0,0,0,0,0,0,99865,0,0,0,0,0,0,0,0,0,0,131,0,0,0,0,0,0
29,1726,30.04171556085477,99995,28,10,1,0,118,58,0.00176008800440022,15,6,49869,49937,85,45,0,0,0,0,0,0,99858,0,0,0,0,0,0,0,0,0,0,137,0,0,0,0,0,0
30,1726,31.130975743241095,99995,29,10,1,0,120,59,0.0017900895044752237,17,8,49866,49934,85,46,0,0,0,0,0,0,99856,0,0,0,0,0,0,0,0,0,0,139,0,0,0,0,0,0
31,1726,32.0138770157723,99995,29,8,1,0,123,60,0.0018300915045752287,16,7,49864,49934,88,49,0,0,0,0,0,0,99850,0,0,0,0,0,0,0,0,0,0,145,0,0,0,0,0,0
32,1726,33.0395232145018,99995,29,8,1,0,126,61,0.0018700935046752339,17,6,49860,49934,91,50,0,0,0,0,0,0,99846,0,0,0,0,0,0,0,0,0,0,149,0,0,0,0,0,0
33,1726,34.00384675765506,99995,32,10,1,0,131,63,0.0019400970048502426,18,5,49854,49933,93,50,0,0,0,0,0,0,99844,0,0,0,0,0,0,0,0,0,0,151,0,0,0,0,0,0
34,1726,35.03120782910521,99995,27,9,1,0,135,63,0.0019800990049502476,20,6,49848,49932,102,51,0,0,0,0,0,0,99834,0,0,0,0,0,0,0,0,0,0,161,0,0,0,0,0,0
35,1726,36.1254911647479,99995,28,8,1,0,143,64,0.0020701035051752586,21,6,49841,49931,107,53,0,0,0,0,0,0,99825,0,0,0,0,0,0,0,0,0,0,170,0,0,0,0,0,0
36,1726,37.24482458540786,99995,32,8,1,0,150,66,0.00216010800540027,19,6,49836,49929,110,55,0,0,0,0,0,0,99820,0,0,0,0,0,0,0,0,0,0,175,0,0,0,0,0,0
37,1726,38.010270169949656,99995,29,9,1,0,151,67,0.0021801090054502726,19,9,49835,49926,114,54,0,0,0,0,0,0,99816,0,0,0,0,0,0,0,0,0,0,179,0,0,0,0,0,0
38,1726,39.20145394377683,99995,29,7,1,0,155,67,0.0022201110055502776,19,11,49832,49924,117,56,0,0,0,0,0,0,99810,0,0,0,0,0,0,0,0,0,0,185,0,0,0,0,0,0
39,1726,40.20676045855669,99995,28,9,1,0,161,70,0.0023101155057752886,18,9,49828,49923,123,57,0,0,0,0,0,0,99802,0,0,0,0,0,0,0,0,0,0,193,0,0,0,0,0,0
40,1726,41.19073982955589,99995,31,8,1,0,166,71,0.002370118505925296,16,10,49826,49921,124,59,0,0,0,0,0,0,99798,0,0,0,0,0,0,0,0,0,0,197,0,0,0,0,0,0
41,1726,42.18526610880242,99995,30,12,1,0,169,75,0.002440122006100305,14,8,49825,49920,128,58,0,0,0,0,0,0,99794,0,0,0,0,0,0,0,0,0,0,201,0,0,0,0,0,0
42,1726,43.02445650936568,99995,30,13,1,0,174,79,0.0025301265063253165,12,6,49823,49918,132,61,0,0,0,0,0,0,99786,0,0,0,0,0,0,0,0,0,0,209,0,0,0,0,0,0
43,1726,44.03288405537957,99995,30,13,1,0,181,82,0.002630131506575329,10,4,49819,49917,138,64,0,0,0,0,0,0,99776,0,0,0,0,0,0,0,0,0,0,219,0,0,0,0,0,0
44,1726,45.07547438972617,99995,24,12,1,0,181,84,0.0026501325066253315,11,4,49818,49915,144,67,0,0,0,0,0,0,99767,0,0,0,0,0,0,0,0,0,0,228,0,0,0,0,0,0
45,1726,46.17102952626427,99995,29,10,1,0,186,85,0.002710135506775339,10,9,49814,49909,144,70,0,0,0,0,0,0,99764,0,0,0,0,0,0,0,0,0,0,231,0,0,0,0,0,0
46,1726,47.049524008167005,99994,28,9,1,1,188,87,0.002750165009900594,13,9,49809,49907,147,72,0,0,0,0,0,0,99758,0,0,0,0,0,0,0,0,0,0,236,0,0,0,0,0,0
47,1726,48.028792452215164,99994,24,8,1,1,191,90,0.002810168610116607,14,7,49805,49906,154,76,0,0,0,0,0,0,99748,0,0,1,0,0,0,0,0,0,0,245,0,0,0,0,0,0
48,1726,49.00593909541675,99994,26,9,1,1,195,93,0.0028801728103686223,16,8,49799,49903,156,77,0,0,0,0,0,0,99744,0,0,1,0,0,0,0,0,0,0,249,0,0,0,0,0,0
49,1726,50.089127560156285,99994,28,10,1,1,200,96,0.0029601776106566394,15,7,49795,49902,159,78,0,0,0,0,0,0,99739,0,0,1,0,0,0,0,0,0,0,254,0,0,0,0,0,0
50,1726,51.025458184282336,99994,33,10,1,1,207,97,0.0030401824109446566,10,8,49793,49900,161,79,0,0,0,0,0,0,99736,0,0,1,0,0,0,0,0,0,0,257,0,0,0,0,0,0
51,1726,52.096585923350325,99994,32,10,1,1,208,101,0.0030901854111246674,13,7,49789,49898,163,82,0,0,0,0,0,0,99730,0,0,1,0,0,0,0,0,0,0,263,0,0,0,0,0,0
52,1726,53.10153708732604,99994,32,11,1,1,211,103,0.003140188411304678,14,7,49785,49896,166,83,0,0,0,0,0,0,99726,0,0,1,0,0,0,0,0,0,0,267,0,0,0,0,0,0
53,1726,54.08675496087019,99994,34,13,1,1,216,106,0.0032201932115926957,16,6,49778,49895,169,83,0,0,0,0,0,0,99722,0,0,1,0,0,0,0,0,0,0,271,0,0,0,0,0,0
54,1726,55.24637043252739,99994,34,14,1,1,219,108,0.0032701962117727065,17,4,49774,49896,172,83,0,0,0,0,0,0,99718,0,0,1,0,0,0,0,0,0,0,275,0,0,0,0,0,0
55,1726,56.072397133359814,99994,30,15,1,1,221,109,0.003300198011880713,19,5,49770,49894,178,83,0,0,0,0,0,0,99712,0,0,1,0,0,0,0,0,0,0,281,0,0,0,0,0,0
56,1726,57.31377198239865,99994,35,15,1,1,231,110,0.0034102046122767367,21,8,49759,49891,182,83,0,0,0,0,0,0,99706,0,0,1,0,0,0,0,0,0,0,287,0,0,0,0,0,0
57,1726,58.005173587192054,99994,38,16,1,1,240,112,0.0035202112126727606,20,12,49751,49886,188,83,0,0,0,0,0,0,99699,0,0,1,0,0,0,0,0,0,0,294,0,0,0,0,0,0
58,1726,59.090178303204496,99994,37,11,1,1,244,113,0.0035702142128527714,19,12,49748,49885,193,89,0,0,0,0,0,0,99688,0,0,1,0,0,0,0,0,0,0,305,0,0,0,0,0,0
59,1726,60.14746715426353,99994,33,11,1,1,247,114,0.00361021661299678,27,11,49737,49885,200,90,0,0,0,0,0,0,99680,0,0,1,0,0,0,0,0,0,0,313,0,0,0,0,0,0
60,1726,61.08246952076679,99994,33,14,1,1,256,118,0.003740224413464808,23,9,49732,49883,209,91,0,0,0,0,0,0,99670,0,0,1,0,0,0,0,0,0,0,323,0,0,0,0,0,0
61,1726,62.054128103909704,99994,34,8,1,1,260,118,0.0037802268136088164,20,10,49731,49882,212,97,0,0,0,0,0,0,99661,0,0,1,0,0,0,0,0,0,0,332,0,0,0,0,0,0
62,1726,63.06792522680932,99994,36,10,1,1,268,120,0.003880232813968838,19,11,49726,49879,216,97,0,0,0,0,0,0,99655,0,0,1,0,0,0,0,0,0,0,338,0,0,0,0,0,0
63,1726,64.02536671476625,99994,31,10,1,1,269,121,0.0039002340140408425,20,14,49724,49875,222,98,0,0,0,0,0,0,99648,0,0,1,0,0,0,0,0,0,0,345,0,0,0,0,0,0
64,1726,65.14301939037941,99994,28,10,1,1,271,124,0.003950237014220853,24,12,49719,49875,226,100,0,0,0,0,0,0,99640,0,0,1,0,0,0,0,0,0,0,353,0,0,0,0,0,0
65,1726,66.23194984405117,99994,28,9,1,1,274,125,0.0039902394143648615,24,15,49716,49873,229,100,0,0,0,0,0,0,99635,0,0,1,0,0,0,0,0,0,0,358,0,0,0,0,0,0
66,1726,67.06735631236928,99994,28,10,1,1,279,127,0.004060243614616877,22,15,49714,49871,233,101,0,0,0,0,0,0,99629,0,0,1,0,0,0,0,0,0,0,364,0,0,0,0,0,0
67,1726,68.01885578729288,99994,33,11,1,1,287,129,0.004160249614976899,21,16,49709,49869,234,101,0,0,0,0,0,0,99625,0,0,1,0,0,0,0,0,0,0,368,0,0,0,0,0,0
68,1726,69.08274291755967,99994,35,13,1,1,292,133,0.004250255015300918,24,14,49701,49868,237,102,0,0,0,0,0,0,99620,0,0,1,0,0,0,0,0,0,0,373,0,0,0,0,0,0
69,1726,70.13564377959298,99994,34,16,1,1,297,137,0.0043402604156249375,24,15,49697,49865,242,101,0,0,0,0,0,0,99613,0,0,1,0,0,0,0,0,0,0,380,0,0,0,0,0,0
70,1726,71.06444479404587,99994,33,19,1,1,300,143,0.004430265815948957,25,11,49693,49863,246,104,0,0,0,0,0,0,99606,0,0,1,0,0,0,0,0,0,0,387,0,0,0,0,0,0
71,1726,72.03142256503303,99994,31,19,1,1,307,146,0.0045302718163089785,25,12,49686,49860,255,106,0,0,0,0,0,0,99594,0,0,1,0,0,0,0,0,0,0,399,0,0,0,0,0,0
72,1726,73.00684161813439,99994,31,18,1,1,315,148,0.004630277816669,19,11,49686,49859,261,109,0,0,0,0,0,0,99583,0,0,1,0,0,0,0,0,0,0,410,0,0,0,0,0,0
73,1726,74.14712821618663,99994,34,15,1,1,322,149,0.004710282616957017,19,12,49679,49857,265,113,0,0,0,0,0,0,99575,0,0,1,0,0,0,0,0,0,0,418,0,0,0,0,0,0
74,1726,75.05324472667591,99994,35,16,1,1,329,152,0.004810288617317039,19,14,49674,49852,269,115,0,0,0,0,0,0,99567,0,0,1,0,0,0,0,0,0,0,426,0,0,0,0,0,0
75,1726,76.00089193679132,99994,33,17,1,1,331,156,0.004870292217533052,22,13,49669,49849,273,118,0,0,0,0,0,0,99560,0,0,1,0,0,0,0,0,0,0,433,0,0,0,0,0,0
76,1726,77.07626295604061,99994,26,15,1,1,332,158,0.004900294017641058,24,16,49668,49844,279,122,0,0,0,0,0,0,99548,0,0,1,0,0,0,0,0,0,0,445,0,0,0,0,0,0
77,1726,78.02723615970758,99994,30,14,1,1,340,159,0.004990299417965078,20,15,49667,49846,280,122,0,0,0,0,0,0,99542,0,0,1,0,0,0,0,0,0,0,451,0,0,0,0,0,0
78,1726,79.01511760592273,99994,26,16,1,1,344,162,0.005060303618217093,18,12,49666,49846,287,123,0,0,0,0,0,0,99533,0,0,1,0,0,0,0,0,0,0,460,0,0,0,0,0,0
79,1726,80.05625816249193,99994,30,18,1,1,348,166,0.0051403084185051105,21,11,49659,49844,287,124,0,0,0,0,0,0,99531,0,0,1,0,0,0,0,0,0,0,462,0,0,0,0,0,0
80,1726,81.0999192046006,99994,30,21,1,1,352,169,0.005210312618757125,26,12,49652,49841,289,123,0,0,0,0,0,0,99527,0,0,1,0,0,0,0,0,0,0,466,0,0,0,0,0,0
81,1726,82.086790446844,99994,32,21,1,1,359,170,0.0052903174190451424,22,12,49649,49840,294,124,0,0,0,0,0,0,99521,0,0,1,0,0,0,0,0,0,0,472,0,0,0,0,0,0
82,1726,83.16168635796248,99994,37,19,1,1,367,173,0.005400324019441166,21,11,49642,49838,297,129,0,0,0,0,0,0,99513,0,0,1,0,0,0,0,0,0,0,480,0,0,0,0,0,0
83,1726,84.23386134946105,99994,36,21,1,1,372,179,0.00551033061983719,23,8,49635,49835,303,133,0,0,0,0,0,0,99503,0,0,1,0,0,0,0,0,0,0,490,0,0,0,0,0,0
84,1726,85.07501484349095,99994,39,22,1,1,380,181,0.005610336620197212,25,6,49626,49835,307,134,0,0,0,0,0,0,99497,0,0,1,0,0,0,0,0,0,0,496,0,0,0,0,0,0
85,1726,86.0316253341685,99994,40,20,1,1,387,184,0.005710342620557233,24,8,49620,49830,313,139,0,0,0,0,0,0,99486,0,0,1,0,0,0,0,0,0,0,507,0,0,0,0,0,0
86,1726,87.07272386167877,99994,39,21,1,1,393,186,0.0057903474208452505,27,6,49613,49830,318,140,0,0,0,0,0,0,99478,0,0,1,0,0,0,0,0,0,0,515,0,0,0,0,0,0
87,1726,88.25490815432599,99994,37,18,1,1,398,188,0.005860351621097266,28,8,49612,49826,320,145,0,0,0,0,0,0,99466,0,0,1,0,0,0,0,0,0,0,527,0,0,0,0,0,0
88,1726,89.17852821483423,99994,44,19,1,1,406,189,0.005950357021421286,25,7,49611,49829,317,142,0,0,0,0,0,0,99465,0,0,1,0,0,0,0,0,0,0,528,0,0,0,0,0,0
89,1726,90.14862034757778,99994,43,18,1,1,415,190,0.006050363021781307,26,11,49603,49825,325,143,0,0,0,0,0,0,99453,0,0,1,0,0,0,0,0,0,0,540,0,0,0,0,0,0
90,1726,91.12702732046307,99994,44,16,1,1,420,192,0.006120367222033322,26,11,49599,49823,328,147,0,0,0,0,0,0,99445,0,0,1,0,0,0,0,0,0,0,548,0,0,0,0,0,0
91,1726,92.08632945916753,99994,41,17,1,1,423,198,0.0062103726223573415,29,9,49593,49819,334,152,0,0,0,0,0,0,99434,0,0,1,0,0,0,0,0,0,0,559,0,0,0,0,0,0
92,1726,93.05762830485175,99994,41,15,1,1,431,198,0.006290377422645359,27,11,49588,49818,341,153,0,0,0,0,0,0,99424,0,0,1,0,0,0,0,0,0,0,569,0,0,0,0,0,0
93,1726,94.18681942412151,99994,40,14,1,1,436,201,0.006370382222933376,29,15,49582,49812,346,156,0,0,0,0,0,0,99414,0,0,1,0,0,0,0,0,0,0,579,0,0,0,0,0,0
94,1726,95.08131174852926,99994,42,19,1,1,444,206,0.006500390023401404,27,12,49578,49810,350,156,0,0,0,0,0,0,99408,0,0,1,0,0,0,0,0,0,0,585,0,0,0,0,0,0
95,1726,96.07656445476162,99994,40,20,1,1,451,211,0.00662039722383343,27,9,49571,49810,359,158,0,0,0,0,0,0,99395,0,0,1,0,0,0,0,0,0,0,598,0,0,0,0,0,0
96,1726,97.06503054256598,99994,45,18,1,1,464,213,0.006770406224373462,21,10,49565,49807,366,162,0,0,0,0,0,0,99383,0,0,1,0,0,0,0,0,0,0,610,0,0,0,0,0,0
97,1726,98.01159439602642,99994,50,16,1,1,471,214,0.006850411024661479,19,10,49563,49806,365,165,0,0,0,0,0,0,99378,0,0,1,0,0,0,0,0,0,0,615,0,0,0,0,0,0
98,1726,99.04418713015372,99994,51,16,1,1,478,217,0.006950417025021501,20,11,49555,49803,371,167,0,0,0,0,0,0,99369,0,0,1,0,0,0,0,0,0,0,624,0,0,0,0,0,0
99,1726,100.29469574055233,99994,51,16,1,1,486,220,0.007060423625417525,29,17,49538,49794,379,170,0,0,0,0,0,0,99358,0,0,1,0,0,0,0,0,0,0,635,0,0,0,0,0,0
100,1726,101.21940656474634,99994,56,17,1,1,495,223,0.007180430825849551,24,18,49534,49790,383,172,0,0,0,0,0,0,99352,0,0,1,0,0,0,0,0,0,0,641,0,0,0,0,0,0
101,1726,102.04442114256183,99994,52,21,1,1,499,229,0.0072804368262095725,25,18,49529,49785,391,173,0,0,0,0,0,0,99342,0,0,1,0,0,0,0,0,0,0,651,0,0,0,0,0,0
102,1726,103.08393465068374,99994,49,26,1,1,500,235,0.007350441026461587,35,14,49519,49783,394,174,0,0,0,0,0,0,99337,0,0,1,0,0,0,0,0,0,0,656,0,0,0,0,0,0
103,1726,104.00177356911229,99994,49,29,1,1,509,239,0.007480448826929616,36,14,49512,49780,400,174,0,0,0,0,0,0,99327,0,0,1,0,0,0,0,0,0,0,666,0,0,0,0,0,0
104,1726,105.00862403567811,99994,43,28,1,1,516,243,0.00759045542732564,33,15,49509,49775,412,179,0,0,0,0,0,0,99309,0,0,1,0,0,0,0,0,0,0,684,0,0,0,0,0,0
105,1726,106.08160269168468,99994,46,30,1,1,526,248,0.0077404644278656716,32,11,49502,49774,417,182,0,0,0,0,0,0,99299,0,0,1,0,0,0,0,0,0,0,694,0,0,0,0,0,0
106,1726,107.31073883265817,99994,47,28,1,1,534,250,0.007840470428225693,29,14,49500,49770,421,185,0,0,0,0,0,0,99288,0,0,1,0,0,0,0,0,0,0,705,0,0,0,0,0,0
107,1726,108.24357217351795,99994,49,27,1,1,541,252,0.007930475828549713,33,19,49493,49764,422,187,0,0,0,0,0,0,99280,0,0,1,0,0,0,0,0,0,0,713,0,0,0,0,0,0
108,1726,109.06374460888242,99994,52,27,1,1,547,256,0.008030481828909735,33,18,49487,49761,425,191,0,0,0,0,0,0,99273,0,0,1,0,0,0,0,0,0,0,720,0,0,0,0,0,0
109,1726,110.18437843013994,99994,52,31,1,1,560,263,0.008230493829629778,32,15,49476,49758,437,193,0,0,0,0,0,0,99257,0,0,1,0,0,0,0,0,0,0,736,0,0,0,0,0,0
110,1726,111.07891559779702,99994,55,26,1,1,567,265,0.008320499229953798,31,15,49471,49756,440,200,0,0,0,0,0,0,99246,0,0,1,0,0,0,0,0,0,0,747,0,0,0,0,0,0
111,1726,112.00843022745053,99994,58,27,1,1,577,270,0.00847050823049383,30,15,49465,49754,444,201,0,0,0,0,0,0,99235,0,0,1,0,0,0,0,0,0,0,758,0,0,0,0,0,0
112,1726,113.0042881561283,99994,64,29,1,1,588,274,0.008620517231033862,30,17,49454,49749,449,202,0,0,0,0,0,0,99228,0,0,1,0,0,0,0,0,0,0,765,0,0,0,0,0,0
113,1726,114.13178043149173,99994,59,29,1,1,595,281,0.008760525631537893,31,12,49449,49748,458,208,0,0,0,0,0,0,99209,0,0,1,0,0,0,0,0,0,0,784,0,0,0,0,0,0
114,1726,115.3113827553895,99994,56,29,1,1,602,284,0.008860531631897914,32,14,49443,49744,466,210,0,0,0,0,0,0,99196,0,0,1,0,0,0,0,0,0,0,797,0,0,0,0,0,0
115,1726,116.30666259468626,99994,62,18,1,1,616,284,0.009000540032401944,34,18,49428,49740,473,221,0,0,0,0,0,0,99177,0,0,1,0,0,0,0,0,0,0,816,0,0,0,0,0,0
116,1726,117.29861243379527,99994,61,18,1,1,624,287,0.009110546632797967,32,19,49425,49736,479,224,0,0,0,0,0,0,99165,0,0,1,0,0,0,0,0,0,0,828,0,0,0,0,0,0
117,1726,118.13899844567021,99994,54,21,1,1,628,290,0.009180550833049982,30,17,49425,49735,488,224,0,0,0,0,0,0,99154,0,0,1,0,0,0,0,0,0,0,839,0,0,0,0,0,0
118,1726,119.06159849036102,99994,52,21,1,1,635,293,0.009280556833410005,32,21,49418,49728,495,227,0,0,0,0,0,0,99142,0,0,1,0,0,0,0,0,0,0,851,0,0,0,0,0,0
119,1726,120.05281470838786,99994,55,22,1,1,645,296,0.009410564633878033,32,22,49409,49724,501,229,0,0,0,0,0,0,99133,0,0,1,0,0,0,0,0,0,0,860,0,0,0,0,0,0
120,1726,121.24712144334988,99994,54,26,1,1,653,302,0.009550573034382063,34,20,49399,49724,510,227,0,0,0,0,0,0,99122,0,0,1,0,0,0,0,0,0,0,871,0,0,0,0,0,0
121,1726,122.28891670182261,99994,57,28,1,1,664,308,0.0097205832349941,36,18,49391,49721,513,230,0,0,0,0,0,0,99110,0,0,1,0,0,0,0,0,0,0,883,0,0,0,0,0,0
122,1726,123.2179884278404,99994,60,28,1,1,673,311,0.009840590435426125,31,18,49389,49718,517,233,0,0,0,0,0,0,99101,0,0,1,0,0,0,0,0,0,0,892,0,0,0,0,0,0
123,1726,124.19260930431518,99994,58,31,1,1,683,320,0.010030601836110167,32,13,49381,49715,526,238,0,0,0,0,0,0,99083,0,0,1,0,0,0,0,0,0,0,910,0,0,0,0,0,0
124,1726,125.01346952727293,99994,63,32,1,1,692,323,0.010150609036542193,32,13,49372,49712,530,240,0,0,0,0,0,0,99077,0,0,1,0,0,0,0,0,0,0,916,0,0,0,0,0,0
125,1726,126.11187958467205,99993,58,30,2,1,703,327,0.010300721050473534,35,17,49360,49706,543,244,0,0,0,0,0,0,99056,0,0,2,0,0,0,0,0,0,0,935,0,0,0,0,0,0
126,1726,127.32737799249058,99993,65,32,2,1,718,332,0.010500735051453602,35,15,49346,49703,550,247,0,0,0,0,0,0,99045,0,0,2,0,0,0,0,0,0,0,946,0,0,0,0,0,0
127,1726,128.15644887031934,99993,61,33,2,1,721,337,0.01058074065184563,41,14,49341,49699,553,251,0,0,0,0,0,0,99034,0,0,2,0,0,0,0,0,0,0,957,0,0,0,0,0,0
128,1726,129.1692603780977,99993,64,24,2,1,730,340,0.010700749052433671,40,15,49333,49696,559,262,0,0,0,0,0,0,99016,0,0,2,0,0,0,0,0,0,0,975,0,0,0,0,0,0
129,1726,130.0199893404879,99992,62,26,3,1,738,343,0.010810864869189534,39,12,49327,49696,567,263,0,0,0,0,0,0,99006,0,0,3,0,0,0,0,0,0,0,983,0,0,0,0,0,0
130,1726,131.0086041289398,99992,60,28,3,1,746,349,0.010950876070085607,38,11,49320,49693,577,265,0,0,0,0,0,0,98992,0,0,3,0,0,0,0,0,0,0,997,0,0,0,0,0,0
131,1726,132.02809232195796,99992,60,21,3,1,754,351,0.011050884070725658,41,14,49309,49688,585,274,0,0,0,0,0,0,98975,0,0,3,0,0,0,0,0,0,0,1014,0,0,0,0,0,0
132,1726,133.19462125525112,99992,62,20,3,1,766,353,0.01119089527162173,36,19,49305,49682,592,276,0,0,0,0,0,0,98962,0,0,3,0,0,0,0,0,0,0,1027,0,0,0,0,0,0
133,1726,134.00602843765816,99992,61,20,3,1,769,354,0.01123089847187775,39,18,49300,49682,595,277,0,0,0,0,0,0,98957,0,0,3,0,0,0,0,0,0,0,1032,0,0,0,0,0,0
134,1726,135.30022972944673,99992,64,18,3,1,786,359,0.011450916073285864,38,19,49289,49679,604,281,0,0,0,0,0,0,98936,0,0,3,0,0,0,0,0,0,0,1053,0,0,0,0,0,0
135,1726,136.00587310758607,99992,57,16,3,1,788,361,0.011490919273541884,39,21,49286,49675,613,285,0,0,0,0,0,0,98923,0,0,3,0,0,0,0,0,0,0,1066,0,0,0,0,0,0
136,1726,137.17072824260043,99992,58,18,3,1,797,367,0.01164093127450196,45,18,49275,49673,617,288,0,0,0,0,0,0,98911,0,0,3,0,0,0,0,0,0,0,1078,0,0,0,0,0,0
137,1726,138.12546932062574,99992,62,19,3,1,808,371,0.011790943275462037,36,17,49276,49671,621,290,0,0,0,0,0,0,98901,0,0,3,0,0,0,0,0,0,0,1088,0,0,0,0,0,0
138,1726,139.00791145395914,99992,60,17,3,1,814,375,0.011890951276102088,38,18,49269,49667,628,295,0,0,0,0,0,0,98887,0,0,3,0,0,0,0,0,0,0,1102,0,0,0,0,0,0
139,1726,140.14757420148229,99992,59,19,3,1,822,381,0.01203096247699816,39,17,49262,49663,635,298,0,0,0,0,0,0,98874,0,0,3,0,0,0,0,0,0,0,1115,0,0,0,0,0,0
140,1726,141.0433043473022,99992,62,18,3,1,833,382,0.012150972077766222,37,19,49255,49660,641,300,0,0,0,0,0,0,98865,0,0,4,0,0,0,0,0,0,0,1123,0,0,0,0,0,0
141,1726,142.0266992398788,99992,59,25,3,1,849,391,0.01240099207936635,32,14,49246,49656,658,302,0,0,0,0,0,0,98844,0,0,4,0,0,0,0,0,0,0,1144,0,0,0,0,0,0
142,1726,143.08232213170842,99992,56,22,3,1,855,394,0.012490999279942395,33,13,49240,49655,666,307,0,0,0,0,0,0,98829,0,0,4,0,0,0,0,0,0,0,1159,0,0,0,0,0,0
143,1726,144.0770702088462,99992,55,19,3,1,860,394,0.012541003280262421,36,18,49234,49653,670,307,0,0,0,0,0,0,98820,0,0,4,0,0,0,0,0,0,0,1168,0,0,0,0,0,0
144,1726,145.21719859922612,99992,52,17,3,1,866,396,0.012621009680774462,35,18,49230,49651,678,311,0,0,0,0,0,0,98807,0,0,4,0,0,0,0,0,0,0,1181,0,0,0,0,0,0
145,1726,146.1526288575742,99992,61,19,3,1,880,400,0.012801024081926553,28,19,49225,49647,681,312,0,0,0,0,0,0,98800,0,0,4,0,0,0,0,0,0,0,1188,0,0,0,0,0,0
146,1726,147.0614447147653,99992,63,22,3,1,888,405,0.01293103448275862,27,18,49220,49644,685,313,0,0,0,0,0,0,98792,0,0,4,0,0,0,0,0,0,0,1196,0,0,0,0,0,0
147,1726,148.2315527660547,99992,56,19,3,1,895,408,0.013031042483398671,31,17,49210,49642,698,319,0,0,0,0,0,0,98772,0,0,4,0,0,0,0,0,0,0,1216,0,0,0,0,0,0
148,1726,149.00900810463872,99992,53,21,3,1,898,410,0.013081046483718698,37,16,49206,49641,699,319,0,0,0,0,0,0,98766,0,0,4,0,0,0,0,0,0,0,1222,0,0,0,0,0,0
149,1726,150.16674821162414,99992,60,19,3,1,913,414,0.013271061684934795,29,18,49202,49635,704,325,0,0,0,0,0,0,98752,0,0,4,0,0,0,0,0,0,0,1236,0,0,0,0,0,0
150,1726,151.04931927824413,99992,55,23,3,1,918,418,0.01336106888551084,27,15,49202,49634,711,325,0,0,0,0,0,0,98742,0,0,4,0,0,0,0,0,0,0,1246,0,0,0,0,0,0
151,1726,152.0476182707078,99992,50,26,3,1,925,423,0.013481078486278903,33,20,49193,49625,719,326,0,0,0,0,0,0,98728,0,0,4,0,0,0,0,0,0,0,1260,0,0,0,0,0,0
152,1726,153.09178737730696,99992,46,28,3,1,931,427,0.013581086486918954,35,24,49186,49617,728,328,0,0,0,0,0,0,98716,0,0,4,0,0,0,0,0,0,0,1272,0,0,0,0,0,0
153,1726,154.08762655957347,99992,46,33,3,1,938,435,0.013731098487879031,33,21,49188,49616,728,327,0,0,0,0,0,0,98706,0,0,4,0,0,0,0,0,0,0,1282,0,0,0,0,0,0
154,1726,155.08349497828127,99992,52,33,3,1,948,440,0.013881110488839107,33,19,49178,49614,732,331,0,0,0,0,0,0,98697,0,0,4,0,0,0,0,0,0,0,1291,0,0,0,0,0,0
155,1726,156.20320480634842,99992,52,33,3,1,961,447,0.01408112649011921,32,19,49168,49611,743,334,0,0,0,0,0,0,98677,0,0,4,0,0,0,0,0,0,0,1311,0,0,0,0,0,0
156,1726,157.1463651582934,99992,47,31,3,1,970,450,0.014201136090887271,34,22,49160,49606,754,338,0,0,0,0,0,0,98659,0,0,5,0,0,0,0,0,0,0,1328,0,0,0,0,0,0
157,1726,158.14273492782416,99992,50,30,3,1,979,454,0.014331146491719338,36,20,49153,49607,756,340,0,0,0,0,0,0,98648,0,0,5,0,0,0,0,0,0,0,1339,0,0,0,0,0,0
158,1726,159.07996495709398,99992,53,29,3,1,987,459,0.014461156892551404,37,22,49148,49602,757,344,0,0,0,0,0,0,98637,0,0,5,0,0,0,0,0,0,0,1350,0,0,0,0,0,0
159,1726,160.0765220293735,99991,54,30,4,1,998,462,0.014601314118270644,37,25,49144,49597,759,345,0,0,0,0,0,0,98625,0,0,5,0,0,0,0,0,0,0,1361,0,0,0,0,0,0
160,1726,161.0731189298028,99991,56,34,4,1,1008,470,0.014781330319728775,33,21,49140,49595,765,347,0,0,0,0,0,0,98613,0,0,5,0,0,0,0,0,0,0,1373,0,0,0,0,0,0
161,1726,162.06978527510046,99991,58,32,4,1,1017,472,0.014891340220619855,30,23,49137,49592,769,350,0,0,0,0,0,0,98602,0,0,5,0,0,0,0,0,0,0,1384,0,0,0,0,0,0
162,1726,163.0665556054312,99991,54,31,4,1,1021,478,0.01499134922142993,30,21,49133,49589,777,356,0,0,0,0,0,0,98587,0,0,5,0,0,0,0,0,0,0,1399,0,0,0,0,0,0
163,1726,164.06344074994007,99991,53,27,4,1,1026,481,0.015071356422077986,37,24,49125,49585,779,361,0,0,0,0,0,0,98574,0,0,5,0,0,0,0,0,0,0,1412,0,0,0,0,0,0
164,1726,165.0604307403153,99991,54,32,4,1,1036,490,0.015261373523617125,42,21,49113,49582,785,362,0,0,0,0,0,0,98561,0,0,5,0,0,0,0,0,0,0,1425,0,0,0,0,0,0
165,1726,166.05757851800277,99991,58,33,4,1,1047,493,0.015401386124751228,40,21,49108,49581,788,362,0,0,0,0,0,0,98552,0,0,5,0,0,0,0,0,0,0,1434,0,0,0,0,0,0
166,1726,167.0548208834178,99991,60,37,4,1,1059,500,0.015591403226290367,37,24,49103,49573,794,363,0,0,0,0,0,0,98539,0,0,5,0,0,0,0,0,0,0,1447,0,0,0,0,0,0
167,1726,168.05215883946727,99991,63,38,4,1,1070,505,0.015751417627586483,36,25,49097,49569,798,365,0,0,0,0,0,0,98527,0,0,5,0,0,0,0,0,0,0,1459,0,0,0,0,0,0
168,1726,169.09948846433986,99991,59,36,4,1,1077,513,0.01590143112880159,37,22,49091,49564,807,375,0,0,0,0,0,0,98507,0,0,6,0,0,0,0,0,0,0,1478,0,0,0,0,0,0
169,1726,170.26324768179973,99991,60,40,4,1,1087,519,0.01606144553009771,36,20,49083,49563,815,374,0,0,0,0,0,0,98496,0,0,6,0,0,0,0,0,0,0,1489,0,0,0,0,0,0
170,1726,171.1173683650343,99991,68,43,4,1,1096,524,0.016201458131231812,33,18,49081,49560,812,376,0,0,0,0,0,0,98493,0,0,6,0,0,0,0,0,0,0,1492,0,0,0,0,0,0
171,1726,172.18860304898485,99991,64,41,4,1,1105,528,0.016331469832284905,36,24,49073,49551,821,381,0,0,0,0,0,0,98474,0,0,6,0,0,0,0,0,0,0,1511,0,0,0,0,0,0
172,1726,173.18646030361185,99991,69,41,4,1,1121,534,0.016551489634067065,31,27,49067,49544,827,385,0,0,0,0,0,0,98457,0,0,6,0,0,0,0,0,0,0,1528,0,0,0,0,0,0
173,1726,174.1844595159003,99991,65,40,4,1,1128,540,0.016681501335120162,30,29,49064,49536,835,392,0,0,0,0,0,0,98439,0,0,6,0,0,0,0,0,0,0,1546,0,0,0,0,0,0
174,1726,175.18252592057146,99991,72,44,4,1,1143,545,0.016881519336740307,25,28,49059,49533,838,392,0,0,0,0,0,0,98430,0,0,6,0,0,0,0,0,0,0,1555,0,0,0,0,0,0
175,1726,176.18067457958458,99991,68,45,4,1,1151,551,0.01702153193787441,27,26,49053,49529,846,397,0,0,0,0,0,0,98413,0,0,6,0,0,0,0,0,0,0,1572,0,0,0,0,0,0
176,1726,177.1789626792373,99991,63,41,4,1,1159,558,0.017171545439089518,31,29,49042,49519,858,408,0,0,0,0,0,0,98389,0,0,6,0,0,0,0,0,0,0,1596,0,0,0,0,0,0
177,1726,178.17748576550102,99991,66,39,4,1,1171,567,0.017381564340790672,31,23,49036,49516,861,419,0,0,0,0,0,0,98369,0,0,6,0,0,0,0,0,0,0,1616,0,0,0,0,0,0
178,1726,179.17616030112853,99991,67,45,4,1,1184,575,0.017591583242491823,30,20,49026,49513,871,419,0,0,0,0,0,0,98356,0,0,7,0,0,0,0,0,0,0,1628,0,0,0,0,0,0
179,1726,180.02850232055508,99991,67,48,4,1,1189,581,0.017701593143382904,29,18,49024,49510,874,421,0,0,0,0,0,0,98348,0,0,7,0,0,0,0,0,0,0,1636,0,0,0,0,0,0
180,1726,181.0504153262144,99991,59,47,4,1,1196,588,0.017841605744517007,37,19,49012,49508,886,423,0,0,0,0,0,0,98325,0,0,7,0,0,0,0,0,0,0,1659,0,0,0,0,0,0
181,1726,182.0706864773859,99991,55,42,4,1,1202,590,0.017921612945165064,48,22,48996,49506,895,427,0,0,0,0,0,0,98308,0,0,7,0,0,0,0,0,0,0,1676,0,0,0,0,0,0
182,1726,183.07008877503378,99991,67,38,4,1,1219,593,0.01812163094678521,45,28,48985,49501,897,430,0,0,0,0,0,0,98296,0,0,7,0,0,0,0,0,0,0,1688,0,0,0,0,0,0
183,1726,184.06963031480723,99991,65,35,4,1,1228,596,0.018241641747757296,49,31,48975,49495,905,436,0,0,0,0,0,0,98279,0,0,7,0,0,0,0,0,0,0,1705,0,0,0,0,0,0
184,1726,185.06937287030837,99991,67,35,4,1,1238,601,0.01839165524897241,49,32,48967,49489,911,441,0,0,0,0,0,0,98266,0,0,7,0,0,0,0,0,0,0,1718,0,0,0,0,0,0
185,1726,186.06925012150384,99991,70,39,4,1,1252,608,0.01860167415067356,45,27,48958,49489,921,442,0,0,0,0,0,0,98252,0,0,7,0,0,0,0,0,0,0,1732,0,0,0,0,0,0
186,1726,187.06930460734,99991,72,45,4,1,1263,617,0.018801692152293707,41,27,48951,49483,930,442,0,0,0,0,0,0,98241,0,0,8,0,0,0,0,0,0,0,1742,0,0,0,0,0,0
187,1726,188.06951529286408,99991,76,47,4,1,1277,621,0.018981708353751837,43,26,48938,49480,937,444,0,0,0,0,0,0,98230,0,0,9,0,0,0,0,0,0,0,1752,0,0,0,0,0,0
188,1726,189.06991373518773,99991,72,49,4,1,1286,628,0.019141722755047955,44,28,48930,49472,948,448,0,0,0,0,0,0,98212,0,0,9,0,0,0,0,0,0,0,1770,0,0,0,0,0,0
189,1726,190.07049074725455,99991,70,50,4,1,1297,634,0.01931173805642508,48,33,48919,49461,957,453,0,0,0,0,0,0,98194,0,0,9,0,0,0,0,0,0,0,1788,0,0,0,0,0,0
190,1726,191.07123964789872,99991,68,50,4,1,1308,643,0.019511756058045223,51,29,48907,49457,968,461,0,0,0,0,0,0,98172,0,0,9,0,0,0,0,0,0,0,1810,0,0,0,0,0,0
191,1726,192.07222363852964,99990,73,49,5,1,1319,649,0.019681968196819683,60,33,48892,49448,968,467,0,0,0,0,0,0,98159,0,0,9,0,0,0,0,0,0,0,1822,0,0,0,0,0,0
192,1726,193.07335403163233,99990,66,49,5,1,1328,654,0.01982198219821982,65,39,48884,49440,978,469,0,0,0,0,0,0,98138,0,0,9,0,0,0,0,0,0,0,1843,0,0,0,0,0,0
193,1726,194.07464899187767,99990,70,48,5,1,1343,663,0.020062006200620063,63,35,48873,49436,987,478,0,0,0,0,0,0,98117,0,0,9,0,0,0,0,0,0,0,1864,0,0,0,0,0,0
194,1726,195.07616617446064,99990,80,55,5,1,1362,674,0.020362036203620364,54,34,48864,49427,995,481,0,0,0,0,0,0,98104,0,0,9,0,0,0,0,0,0,0,1877,0,0,0,0,0,0
195,1726,196.07784127867032,99990,86,57,5,1,1375,680,0.02055205520552055,57,37,48853,49421,997,482,0,0,0,0,0,0,98093,0,0,9,0,0,0,0,0,0,0,1888,0,0,0,0,0,0
196,1726,197.0796601481857,99990,92,61,5,1,1395,691,0.020862086208620862,56,32,48840,49416,1005,488,0,0,0,0,0,0,98072,0,0,9,0,0,0,0,0,0,0,1909,0,0,0,0,0,0
197,1726,198.08164543556074,99990,87,58,5,1,1405,695,0.021002100210021003,61,36,48828,49410,1017,493,0,0,0,0,0,0,98051,0,0,10,0,0,0,0,0,0,0,1929,0,0,0,0,0,0
198,1726,199.08388672022244,99990,83,55,5,1,1413,701,0.02114211421142114,73,35,48811,49408,1026,499,0,0,0,0,0,0,98030,0,0,10,0,0,0,0,0,0,0,1950,0,0,0,0,0,0
199,1726,200.08640407001596,99990,87,56,5,1,1428,709,0.021372137213721373,78,35,48792,49401,1036,505,0,0,0,0,0,0,98012,0,0,10,0,0,0,0,0,0,0,1968,0,0,0,0,0,0
200,1726,201.08919386558222,99990,101,56,5,1,1455,719,0.021742174217421743,64,29,48784,49397,1044,515,0,0,0,0,0,0,97989,0,0,10,0,0,0,0,0,0,0,1991,0,0,0,0,0,0
201,1726,202.09218221010175,99990,103,57,5,1,1471,728,0.02199219921992199,58,34,48777,49383,1055,523,0,0,0,0,0,0,97968,0,0,11,0,0,0,0,0,0,0,2011,0,0,0,0,0,0
202,1726,203.0953486595681,99990,105,53,5,1,1486,735,0.022212221222122214,66,38,48757,49373,1065,533,0,0,0,0,0,0,97944,0,0,11,0,0,0,0,0,0,0,2035,0,0,0,0,0,0
203,1726,204.0987850366969,99990,106,49,5,1,1496,741,0.022372237223722374,67,40,48747,49368,1073,540,0,0,0,0,0,0,97925,0,0,11,0,0,0,0,0,0,0,2054,0,0,0,0,0,0
204,1726,205.10247348545087,99990,95,57,5,1,1510,755,0.022652265226522653,73,37,48731,49361,1094,542,0,0,0,0,0,0,97894,0,0,11,0,0,0,0,0,0,0,2085,0,0,0,0,0,0
205,1726,206.10652717502253,99990,97,56,5,1,1525,764,0.02289228922892289,71,33,48722,49358,1103,550,0,0,0,0,0,0,97871,0,0,11,0,0,0,0,0,0,0,2108,0,0,0,0,0,0
206,1726,207.11080753037942,99989,102,54,5,2,1549,770,0.02319255118062987,61,35,48709,49350,1121,557,0,0,0,0,0,0,97846,0,0,13,0,0,0,0,0,0,0,2130,0,0,0,0,0,0
207,1726,208.11536661258597,99989,106,60,5,2,1565,784,0.023492584184260267,69,31,48690,49340,1128,565,0,0,0,0,0,0,97826,0,0,13,0,0,0,0,0,0,0,2150,0,0,0,0,0,0
208,1726,209.1201227796462,99989,115,64,5,2,1587,791,0.023782616087769656,62,29,48679,49335,1137,568,0,0,0,0,0,0,97811,0,0,14,0,0,0,0,0,0,0,2164,0,0,0,0,0,0
209,1726,210.1250819156887,99989,114,64,5,2,1602,796,0.023982638090189922,65,30,48668,49331,1146,571,0,0,0,0,0,0,97790,0,0,14,0,0,0,0,0,0,0,2185,0,0,0,0,0,0
210,1726,211.13026556302037,99989,132,65,5,2,1630,803,0.02433267659442539,59,27,48648,49329,1154,575,0,0,0,0,0,0,97774,0,0,14,0,0,0,0,0,0,0,2201,0,0,0,0,0,0
211,1726,212.13575371313368,99989,136,62,5,2,1650,810,0.024602706297692747,63,32,48630,49319,1164,583,0,0,0,0,0,0,97749,0,0,15,0,0,0,0,0,0,0,2225,0,0,0,0,0,0
212,1726,213.14150315058382,99989,128,62,5,2,1666,818,0.024842732700597066,63,35,48616,49311,1186,588,0,0,0,0,0,0,97717,0,0,15,0,0,0,0,0,0,0,2257,0,0,0,0,0,0
213,1726,214.14759034930245,99989,136,61,5,2,1686,828,0.025142765704227465,64,37,48599,49301,1194,597,0,0,0,0,0,0,97694,0,0,15,0,0,0,0,0,0,0,2280,0,0,0,0,0,0
214,1726,215.15393099623998,99989,132,65,5,2,1699,837,0.025362789906889758,72,41,48581,49289,1208,601,0,0,0,0,0,0,97672,0,0,15,0,0,0,0,0,0,0,2302,0,0,0,0,0,0
215,1726,216.1606117392139,99989,120,72,5,2,1710,849,0.025592815209673065,84,40,48561,49280,1228,604,0,0,0,0,0,0,97644,0,0,15,0,0,0,0,0,0,0,2330,0,0,0,0,0,0
216,1726,217.16768510536733,99989,119,68,5,2,1730,855,0.02585284381281941,85,44,48547,49272,1242,612,0,0,0,0,0,0,97613,0,0,15,0,0,0,0,0,0,0,2361,0,0,0,0,0,0
217,1726,218.1750677113952,99989,125,74,5,2,1755,866,0.02621288341717589,84,41,48524,49265,1260,616,0,0,0,0,0,0,97589,0,0,15,0,0,0,0,0,0,0,2385,0,0,0,0,0,0
218,1726,219.18284483215157,99989,121,76,5,2,1779,874,0.026532918621048316,74,42,48513,49258,1285,620,0,0,0,0,0,0,97556,0,0,16,0,0,0,0,0,0,0,2417,0,0,0,0,0,0
219,1726,220.1909454769655,99989,121,77,5,2,1799,883,0.0268229505245577,78,44,48501,49248,1293,627,0,0,0,0,0,0,97529,0,0,17,0,0,0,0,0,0,0,2443,0,0,0,0,0,0
220,1726,221.19928792878054,99989,125,79,5,2,1817,892,0.02709298022782506,88,44,48477,49245,1303,628,0,0,0,0,0,0,97508,0,0,17,0,0,0,0,0,0,0,2464,0,0,0,0,0,0
221,1726,222.20799055636905,99989,124,76,5,2,1836,900,0.02736300993109242,94,40,48452,49242,1323,638,0,0,0,0,0,0,97477,0,0,17,0,0,0,0,0,0,0,2495,0,0,0,0,0,0
222,1726,223.21711131384225,99989,136,72,5,2,1863,913,0.027763053935932952,90,37,48435,49235,1332,652,0,0,0,0,0,0,97445,0,0,17,0,0,0,0,0,0,0,2527,0,0,0,0,0,0
223,1726,224.22657797872014,99989,132,76,5,2,1880,924,0.028043084739321326,91,39,48422,49224,1348,657,0,0,0,0,0,0,97417,0,0,17,0,0,0,0,0,0,0,2555,0,0,0,0,0,0
224,1726,225.23633615246578,99989,140,75,5,2,1904,932,0.02836311994319375,90,37,48404,49221,1359,663,0,0,0,0,0,0,97393,0,0,18,0,0,0,0,0,0,0,2578,0,0,0,0,0,0
225,1726,226.24637839628096,99989,148,76,5,2,1933,944,0.028773165048155296,90,40,48381,49207,1374,673,0,0,0,0,0,0,97362,0,0,19,0,0,0,0,0,0,0,2608,0,0,0,0,0,0
226,1726,227.25681047525944,99989,144,74,5,2,1948,951,0.02899318925081759,97,43,48362,49203,1390,676,0,0,0,0,0,0,97334,0,0,19,0,0,0,0,0,0,0,2636,0,0,0,0,0,0
227,1726,228.26759340887037,99989,145,73,5,2,1975,964,0.02939323325565812,87,40,48354,49194,1407,689,0,0,0,0,0,0,97295,0,0,20,0,0,0,0,0,0,0,2674,0,0,0,0,0,0
228,1726,229.27872092816577,99989,151,70,5,2,2007,974,0.02981327946074068,77,41,48335,49187,1430,698,0,0,0,0,0,0,97257,0,0,21,0,0,0,0,0,0,0,2711,0,0,0,0,0,0
229,1726,230.29024544931718,99989,154,68,5,2,2025,982,0.030073308063887028,86,51,48316,49170,1437,707,0,0,0,0,0,0,97232,0,0,21,0,0,0,0,0,0,0,2736,0,0,0,0,0,0
230,1726,231.30201697358768,99989,152,78,5,2,2048,998,0.030463350968606546,81,50,48301,49155,1459,713,0,0,0,0,0,0,97201,0,0,21,0,0,0,0,0,0,0,2767,0,0,0,0,0,0
231,1726,232.3140812429269,99989,157,77,5,2,2069,1008,0.03077338507235796,88,59,48278,49140,1470,720,0,0,0,0,0,0,97174,0,0,21,0,0,0,0,0,0,0,2794,0,0,0,0,0,0
232,1726,233.32650188717548,99989,155,80,5,2,2094,1024,0.031183430177319504,84,51,48258,49136,1496,729,0,0,0,0,0,0,97134,0,0,21,0,0,0,0,0,0,0,2834,0,0,0,0,0,0
233,1726,234.00170915372635,99988,147,81,6,2,2105,1037,0.0314237708525023,94,42,48239,49134,1512,739,0,0,0,0,0,0,97104,0,0,22,0,0,0,0,0,0,0,2862,0,0,0,0,0,0
234,1726,235.01499285116392,99988,148,73,6,2,2130,1048,0.031783814057686925,106,49,48211,49122,1527,752,0,0,0,0,0,0,97061,0,0,22,0,0,0,0,0,0,0,2905,0,0,0,0,0,0
235,1726,236.02875297637894,99987,153,76,7,2,2159,1058,0.032174182643743686,97,52,48199,49111,1542,757,0,0,0,0,0,0,97031,0,0,23,0,0,0,0,0,0,0,2933,0,0,0,0,0,0
236,1726,237.04280704352328,99987,164,80,7,2,2190,1070,0.03260423855101163,90,49,48178,49104,1559,763,0,0,0,0,0,0,97004,0,0,24,0,0,0,0,0,0,0,2959,0,0,0,0,0,0
237,1726,238.05727090421976,99987,151,83,7,2,2210,1081,0.03291427885625131,93,49,48161,49093,1586,771,0,0,0,0,0,0,96963,0,0,24,0,0,0,0,0,0,0,3000,0,0,0,0,0,0
238,1726,239.07218157743813,99987,148,79,7,2,2234,1094,0.03328432696250513,86,54,48153,49078,1604,785,0,0,0,0,0,0,96920,0,0,25,0,0,0,0,0,0,0,3042,0,0,0,0,0,0
239,1726,240.08732826227634,99986,163,79,8,2,2263,1104,0.0336747144600244,87,55,48128,49072,1612,790,0,0,0,0,0,0,96897,0,0,25,0,0,0,0,0,0,0,3064,0,0,0,0,0,0
240,1726,241.10280048094424,99986,164,79,8,2,2282,1110,0.03392474946492509,90,61,48113,49062,1623,794,0,0,0,0,0,0,96873,0,0,25,0,0,0,0,0,0,0,3088,0,0,0,0,0,0
241,1726,242.1185450348942,99986,163,81,8,2,2300,1123,0.03423479287100194,95,61,48092,49050,1640,804,0,0,0,0,0,0,96843,0,0,25,0,0,0,0,0,0,0,3118,0,0,0,0,0,0
242,1726,243.13468662693458,99986,156,84,8,2,2323,1138,0.034614846078450986,95,62,48076,49035,1663,815,0,0,0,0,0,0,96801,0,0,25,0,0,0,0,0,0,0,3160,0,0,0,0,0,0
243,1726,244.151174671946,99986,165,84,8,2,2353,1150,0.035034904886684134,94,63,48052,49024,1679,825,0,0,0,0,0,0,96768,0,0,25,0,0,0,0,0,0,0,3193,0,0,0,0,0,0
244,1726,245.168138234549,99986,163,93,8,2,2378,1174,0.03552497349628948,93,51,48031,49015,1703,837,0,0,0,0,0,0,96726,0,0,25,0,0,0,0,0,0,0,3235,0,0,0,0,0,0
245,1726,246.18552056557456,99986,153,100,8,2,2394,1194,0.03588502390334647,110,41,48005,49012,1722,843,0,0,0,0,0,0,96688,0,0,26,0,0,0,0,0,0,0,3272,0,0,0,0,0,0
246,1726,247.20342005385513,99986,168,96,8,2,2430,1204,0.03634508831236373,101,48,47984,48996,1737,856,0,0,0,0,0,0,96653,0,0,26,0,0,0,0,0,0,0,3307,0,0,0,0,0,0
247,1726,248.2216349294727,99986,175,100,8,2,2461,1217,0.03678514992098894,104,51,47956,48983,1755,862,0,0,0,0,0,0,96620,0,0,26,0,0,0,0,0,0,0,3340,0,0,0,0,0,0
248,1726,249.24035089757427,99986,173,100,8,2,2483,1229,0.03712519752765387,112,47,47935,48977,1770,872,0,0,0,0,0,0,96585,0,0,27,0,0,0,0,0,0,0,3374,0,0,0,0,0,0
249,1726,250.2595006253509,99986,168,98,8,2,2503,1241,0.03744524233392675,116,53,47918,48964,1788,881,0,0,0,0,0,0,96546,0,0,27,0,0,0,0,0,0,0,3413,0,0,0,0,0,0
250,1726,251.2790198840575,99986,180,105,8,2,2535,1259,0.037945312343728124,114,46,47892,48955,1804,890,0,0,0,0,0,0,96517,0,0,29,0,0,0,0,0,0,0,3440,0,0,0,0,0,0
251,1726,252.2989854828268,99986,181,115,8,2,2569,1280,0.03849538935450963,111,44,47864,48939,1834,898,0,0,0,0,0,0,96473,0,0,29,0,0,0,0,0,0,0,3484,0,0,0,0,0,0
252,1726,253.31942811544025,99985,186,112,9,2,2599,1291,0.03890583587538131,111,53,47842,48922,1850,909,0,0,0,0,0,0,96434,0,0,29,0,0,0,0,0,0,0,3522,0,0,0,0,0,0
253,1726,254.34024217793527,99985,194,114,9,2,2631,1309,0.03940591088663299,107,52,47824,48910,1864,920,0,0,0,0,0,0,96396,0,0,31,0,0,0,0,0,0,0,3558,0,0,0,0,0,0
254,1726,255.02100862984554,99985,198,115,9,2,2651,1317,0.03968595289293394,107,54,47808,48901,1876,926,0,0,0,0,0,0,96373,0,0,31,0,0,0,0,0,0,0,3581,0,0,0,0,0,0
255,1726,256.04247921449365,99983,197,110,10,3,2678,1329,0.0400768130582199,106,59,47793,48887,1892,939,0,0,0,0,0,0,96329,0,0,32,0,0,0,0,0,0,0,3622,0,0,0,0,0,0
256,1726,257.0642816335253,99983,204,109,10,3,2703,1345,0.04048688277007091,119,54,47762,48877,1903,955,0,0,0,0,0,0,96295,0,0,33,0,0,0,0,0,0,0,3655,0,0,0,0,0,0
257,1726,258.08656261964546,99983,207,104,10,3,2734,1363,0.04097696608423432,124,51,47732,48865,1925,975,0,0,0,0,0,0,96245,0,0,34,0,0,0,0,0,0,0,3704,0,0,0,0,0,0
258,1726,259.1094374132718,99983,211,103,10,3,2768,1373,0.04141704089695248,128,54,47700,48855,1949,983,0,0,0,0,0,0,96205,0,0,35,0,0,0,0,0,0,0,3743,0,0,0,0,0,0
259,1726,260.1329278980176,99983,219,101,10,3,2805,1390,0.041957132712561136,121,50,47676,48846,1972,998,0,0,0,0,0,0,96162,0,0,40,0,0,0,0,0,0,0,3781,0,0,0,0,0,0
260,1726,261.15695265855896,99983,237,95,10,3,2839,1403,0.042427212626146446,130,52,47638,48835,1983,1013,0,0,0,0,0,0,96127,0,0,40,0,0,0,0,0,0,0,3816,0,0,0,0,0,0
261,1726,262.18147876169803,99983,238,101,10,3,2869,1421,0.0429072942400208,130,54,47616,48815,2004,1025,0,0,0,0,0,0,96086,0,0,40,0,0,0,0,0,0,0,3857,0,0,0,0,0,0
262,1726,263.20647431011696,99983,236,100,10,3,2901,1433,0.04334736905273896,133,59,47583,48800,2036,1036,0,0,0,0,0,0,96040,0,0,41,0,0,0,0,0,0,0,3902,0,0,0,0,0,0
263,1726,264.23212255711354,99983,240,94,10,3,2937,1447,0.04384745406719142,128,58,47561,48792,2059,1051,0,0,0,0,0,0,95988,0,0,41,0,0,0,0,0,0,0,3954,0,0,0,0,0,0
264,1726,265.25836683221513,99983,235,101,10,3,2977,1464,0.044417550983667224,136,65,47519,48772,2098,1057,0,0,0,0,0,0,95934,0,0,42,0,0,0,0,0,0,0,4007,0,0,0,0,0,0
265,1726,266.28542491216007,99983,230,103,10,3,3013,1483,0.044967644499564925,141,64,47489,48757,2128,1071,0,0,0,0,0,0,95877,0,0,43,0,0,0,0,0,0,0,4063,0,0,0,0,0,0
266,1726,267.3130679166541,99983,226,109,10,3,3050,1504,0.045547743116329774,136,68,47463,48737,2163,1081,0,0,0,0,0,0,95821,0,0,43,0,0,0,0,0,0,0,4119,0,0,0,0,0,0
267,1726,268.3413141935888,99983,226,106,10,3,3081,1518,0.04599781962933699,145,73,47431,48724,2186,1092,0,0,0,0,0,0,95775,0,0,45,0,0,0,0,0,0,0,4163,0,0,0,0,0,0
268,1726,269.0271555018267,99983,235,108,10,3,3114,1528,0.0464278927417661,140,75,47409,48714,2204,1098,0,0,0,0,0,0,95743,0,0,45,0,0,0,0,0,0,0,4195,0,0,0,0,0,0
269,1726,270.0564365926913,99983,233,114,10,3,3144,1549,0.04693797945650761,153,75,47372,48694,2230,1112,0,0,0,0,0,0,95696,0,0,45,0,0,0,0,0,0,0,4242,0,0,0,0,0,0
270,1726,271.0863371660645,99983,231,126,10,3,3187,1574,0.04761809507616295,148,85,47338,48663,2271,1121,0,0,0,0,0,0,95639,0,0,46,0,0,0,0,0,0,0,4298,0,0,0,0,0,0
271,1726,272.1168941286209,99983,234,125,10,3,3222,1593,0.0481581868917716,144,86,47316,48652,2294,1132,0,0,0,0,0,0,95587,0,0,46,0,0,0,0,0,0,0,4350,0,0,0,0,0,0
272,1726,273.14801393054444,99981,234,123,11,4,3256,1613,0.04869925285804303,160,93,47273,48630,2320,1148,0,0,0,0,0,0,95532,0,0,47,0,0,0,0,0,0,0,4402,0,0,0,0,0,0
273,1726,274.17985713309525,99981,240,128,11,4,3297,1637,0.04934937638151249,159,95,47235,48610,2353,1161,0,0,0,0,0,0,95479,0,0,48,0,0,0,0,0,0,0,4454,0,0,0,0,0,0
274,1726,275.2123710565062,99981,258,132,11,4,3336,1663,0.049999499904981946,150,83,47212,48599,2367,1180,0,0,0,0,0,0,95436,0,0,48,0,0,0,0,0,0,0,4497,0,0,0,0,0,0
275,1726,276.2454543442845,99981,264,124,11,4,3376,1679,0.05055960632520179,149,89,47181,48580,2393,1201,0,0,0,0,0,0,95379,0,0,49,0,0,0,0,0,0,0,4553,0,0,0,0,0,0
276,1726,277.2791657386191,99981,255,129,11,4,3412,1701,0.051139716546143764,166,84,47133,48567,2433,1214,0,0,0,0,0,0,95318,0,0,50,0,0,0,0,0,0,0,4613,0,0,0,0,0,0
277,1726,278.31372240815017,99980,260,123,11,5,3457,1722,0.051800360072014405,157,86,47110,48548,2460,1236,0,0,0,0,0,0,95252,0,0,49,1,0,0,0,0,0,0,4678,0,0,0,0,0,0
278,1726,279.00380115502827,99980,260,133,11,5,3484,1739,0.052240448089617926,162,86,47085,48533,2480,1241,0,0,0,0,0,0,95218,0,0,49,1,0,0,0,0,0,0,4712,0,0,0,0,0,0
279,1726,280.03941729376754,99980,257,130,11,5,3525,1760,0.05286057211442288,161,85,47055,48516,2514,1262,0,0,0,0,0,0,95150,0,0,49,1,0,0,0,0,0,0,4780,0,0,0,0,0,0
280,1726,281.07581120468774,99980,255,137,11,5,3565,1787,0.05353070614122825,159,81,47021,48498,2552,1277,0,0,0,0,0,0,95088,0,0,49,1,0,0,0,0,0,0,4842,0,0,0,0,0,0
281,1726,282.11295915832244,99979,261,146,11,6,3610,1817,0.0542813990938097,156,71,46989,48481,2581,1294,0,0,0,0,0,0,95028,0,0,49,1,0,0,0,0,0,0,4901,0,0,0,0,0,0
282,1726,283.150682368845,99979,266,144,11,6,3653,1832,0.05486152091939307,145,77,46970,48462,2606,1309,0,0,0,0,0,0,94976,0,0,52,1,0,0,0,0,0,0,4950,0,0,0,0,0,0
283,1726,284.18895968586736,99978,243,156,11,7,3682,1857,0.05540218848146592,159,67,46948,48450,2637,1318,0,0,0,0,0,0,94914,0,0,55,1,0,0,0,0,0,0,5008,0,0,0,0,0,0
284,1726,285.22783959205475,99978,236,150,11,7,3719,1876,0.055962311708575886,170,75,46903,48428,2678,1338,0,0,0,0,0,0,94850,0,0,60,1,0,0,0,0,0,0,5067,0,0,0,0,0,0
285,1726,286.26763870990425,99978,255,148,11,7,3761,1893,0.05655244153713817,178,76,46858,48417,2696,1350,0,0,0,0,0,0,94808,0,0,60,1,0,0,0,0,0,0,5109,0,0,0,0,0,0
286,1726,287.3081975544068,99977,254,145,12,7,3800,1917,0.05718315212498875,174,70,46831,48405,2727,1371,0,0,0,0,0,0,94743,0,0,62,1,0,0,0,0,0,0,5171,0,0,0,0,0,0
287,1726,288.00226332554166,99977,267,142,12,7,3829,1929,0.05759324644668274,172,69,46810,48399,2737,1381,0,0,0,0,0,0,94712,0,0,62,1,0,0,0,0,0,0,5202,0,0,0,0,0,0
288,1726,289.0438603809806,99977,262,135,12,7,3864,1948,0.05813337067525531,179,70,46778,48385,2767,1401,0,0,0,0,0,0,94648,0,0,64,1,0,0,0,0,0,0,5264,0,0,0,0,0,0
289,1726,290.086161026127,99977,264,143,12,7,3905,1966,0.05872350640647349,171,78,46758,48363,2793,1407,0,0,0,0,0,0,94600,0,0,65,1,0,0,0,0,0,0,5311,0,0,0,0,0,0
290,1726,291.12886785723464,99977,274,148,12,7,3951,1985,0.059373655940866396,167,79,46732,48352,2813,1412,0,0,0,0,0,0,94553,0,0,68,1,0,0,0,0,0,0,5355,0,0,0,0,0,0
291,1726,292.1720691825914,99976,280,143,12,8,4002,2006,0.060094422661438746,155,76,46703,48339,2848,1432,0,0,0,0,0,0,94487,0,0,73,1,0,0,0,0,0,0,5415,0,0,0,0,0,0
292,1726,293.2159415391695,99976,280,148,12,8,4040,2034,0.06075458109946387,168,82,46671,48313,2867,1447,0,0,0,0,0,0,94430,0,0,77,1,0,0,0,0,0,0,5468,0,0,0,0,0,0
293,1726,294.260411319784,99975,275,148,13,8,4085,2055,0.06141535383845961,158,80,46647,48299,2905,1463,0,0,0,0,0,0,94359,0,0,77,1,0,0,0,0,0,0,5538,0,0,0,0,0,0
294,1726,295.3055616475944,99975,281,142,13,8,4124,2075,0.06200550137534384,167,87,46611,48279,2926,1482,0,0,0,0,0,0,94301,0,0,78,1,0,0,0,0,0,0,5595,0,0,0,0,0,0
295,1726,296.00269944134595,99975,277,136,13,8,4145,2082,0.06228557139284821,184,99,46582,48260,2942,1495,0,0,0,0,0,0,94268,0,0,83,1,0,0,0,0,0,0,5623,0,0,0,0,0,0
296,1726,297.04895772414415,99975,287,135,13,8,4195,2102,0.06298574643660915,174,104,46552,48242,2972,1509,0,0,0,0,0,0,94208,0,0,84,1,0,0,0,0,0,0,5682,0,0,0,0,0,0
297,1726,298.09589303874094,99975,294,144,13,8,4244,2129,0.06374593648412102,169,98,46517,48226,3005,1522,0,0,0,0,0,0,94150,0,0,86,1,0,0,0,0,0,0,5738,0,0,0,0,0,0
298,1726,299.14359111950324,99975,295,148,13,8,4297,2158,0.06456614153538384,157,92,46490,48208,3043,1542,0,0,0,0,0,0,94075,0,0,88,1,0,0,0,0,0,0,5811,0,0,0,0,0,0
299,1726,300.1920303289525,99975,290,149,13,8,4345,2177,0.06523630907726932,150,97,46463,48188,3082,1556,0,0,0,0,0,0,94006,0,0,90,1,0,0,0,0,0,0,5878,0,0,0,0,0,0
300,1726,301.24119751929334,99975,282,151,13,8,4378,2204,0.0658364591147787,169,93,46425,48176,3109,1570,0,0,0,0,0,0,93941,0,0,91,1,0,0,0,0,0,0,5942,0,0,0,0,0,0
301,1726,302.29109512948065,99974,285,140,14,8,4429,2222,0.06652729709724528,168,98,46388,48157,3143,1595,0,0,0,0,0,0,93866,0,0,93,1,0,0,0,0,0,0,6014,0,0,0,0,0,0
302,1726,303.341774806562,99974,301,133,14,8,4485,2242,0.06728749474863464,154,99,46359,48141,3170,1617,0,0,0,0,0,0,93801,0,0,95,1,0,0,0,0,0,0,6077,0,0,0,0,0,0
303,1726,304.0425989336243,99974,293,134,14,8,4509,2263,0.06773761177906255,158,96,46337,48128,3196,1632,0,0,0,0,0,0,93751,0,0,97,1,0,0,0,0,0,0,6125,0,0,0,0,0,0
304,1726,305.0945188576106,99974,292,128,14,8,4546,2279,0.06826774961489987,164,104,46306,48108,3222,1650,0,0,0,0,0,0,93692,0,0,98,1,0,0,0,0,0,0,6183,0,0,0,0,0,0
305,1726,306.1471197748336,99974,304,136,14,8,4590,2306,0.06897793426290835,158,98,46285,48093,3237,1663,0,0,0,0,0,0,93644,0,0,101,1,0,0,0,0,0,0,6228,0,0,0,0,0,0
306,1726,307.2001153758958,99974,302,149,14,8,4629,2331,0.06961810070618361,165,108,46253,48068,3264,1665,0,0,0,0,0,0,93592,0,0,102,1,0,0,0,0,0,0,6279,0,0,0,0,0,0
307,1726,308.2536886117344,99974,307,151,14,8,4674,2355,0.07030828015283974,174,106,46216,48051,3287,1682,0,0,0,0,0,0,93533,0,0,105,1,0,0,0,0,0,0,6335,0,0,0,0,0,0
308,1726,309.3079055475188,99973,298,152,15,8,4708,2376,0.07085913196563072,180,110,46183,48033,3322,1695,0,0,0,0,0,0,93471,0,0,106,1,0,0,0,0,0,0,6395,0,0,0,0,0,0
309,1726,310.0111531717155,99973,292,153,15,8,4741,2391,0.07133926160063217,180,117,46158,48016,3353,1704,0,0,0,0,0,0,93422,0,0,110,1,0,0,0,0,0,0,6440,0,0,0,0,0,0
310,1726,311.06671972771466,99972,301,166,15,9,4782,2426,0.07210018805265474,179,100,46133,48005,3370,1718,0,0,0,0,0,0,93369,0,0,111,1,0,0,0,0,0,0,6491,0,0,0,0,0,0
311,1726,312.1228195080831,99972,308,158,15,9,4832,2450,0.07284039531068699,162,89,46113,48001,3400,1741,0,0,0,0,0,0,93302,0,0,119,1,0,0,0,0,0,0,6550,0,0,0,0,0,0
312,1726,313.17954641014626,99972,307,155,15,9,4879,2468,0.07349057736166127,174,90,46074,47986,3428,1758,0,0,0,0,0,0,93238,0,0,124,1,0,0,0,0,0,0,6609,0,0,0,0,0,0
313,1726,314.2370350738717,99971,299,156,16,9,4917,2490,0.07409148653109401,189,96,46032,47965,3462,1772,0,0,0,0,0,0,93171,0,0,124,1,0,0,0,0,0,0,6675,0,0,0,0,0,0
314,1726,315.2953794978971,99971,289,157,16,9,4962,2513,0.07477168378829861,198,100,45989,47947,3506,1785,0,0,0,0,0,0,93096,0,0,126,1,0,0,0,0,0,0,6748,0,0,0,0,0,0
315,1726,316.0015178765121,99971,298,167,16,9,5002,2531,0.07535185203709076,185,99,45972,47933,3527,1790,0,0,0,0,0,0,93058,0,0,127,1,0,0,0,0,0,0,6785,0,0,0,0,0,0
316,1726,317.0612408769494,99970,309,189,17,9,5062,2567,0.07631289386816045,182,102,45926,47903,3564,1795,0,0,0,0,0,0,93000,0,0,132,1,0,0,0,0,0,0,6837,0,0,0,0,0,0
317,1726,318.1217605902297,99970,314,193,17,9,5106,2597,0.07705311593478044,190,103,45887,47879,3590,1814,0,0,0,0,0,0,92937,0,0,134,1,0,0,0,0,0,0,6898,0,0,0,0,0,0
318,1726,319.1830776387621,99968,324,202,18,10,5163,2636,0.07801496478873239,191,89,45838,47864,3627,1833,0,0,0,0,0,0,92862,0,0,136,1,0,0,0,0,0,0,6969,0,0,0,0,0,0
319,1726,320.2453575124961,99968,318,191,18,10,5215,2654,0.07871518886043534,192,104,45802,47837,3667,1855,1,1,1,1,0,0,92775,0,0,138,1,0,0,0,0,0,2,7052,0,0,0,0,0,0
320,1726,321.3085074943946,99968,319,179,18,10,5258,2680,0.07940540973111396,192,109,45778,47807,3689,1891,2,2,2,2,0,0,92696,0,0,141,1,0,0,0,0,0,4,7126,0,0,0,0,0,0
321,1726,322.1794252570978,99968,328,177,18,10,5291,2698,0.07991557298335468,191,105,45754,47797,3704,1906,3,3,3,3,0,0,92655,0,0,145,1,0,0,0,0,0,5,7161,1,0,0,0,0,0
322,1726,323.08304233390805,99967,323,176,19,10,5333,2724,0.0805965968769694,191,103,45726,47777,3735,1928,4,4,4,4,0,0,92580,0,0,146,1,0,0,0,0,0,7,7232,1,0,0,0,0,0
323,1726,324.286786641049,99967,345,180,19,10,5395,2750,0.08147688737283304,190,102,45678,47758,3760,1942,6,6,6,6,0,0,92516,0,0,148,1,0,0,0,0,0,11,7290,1,0,0,0,0,0
324,1726,325.12774689527265,99967,348,183,19,10,5433,2772,0.0820770854381946,184,102,45655,47736,3784,1959,8,8,8,8,0,0,92460,0,0,150,1,0,0,0,0,0,15,7340,1,0,0,0,0,0
325,1726,326.04494097540714,99967,341,176,19,10,5471,2800,0.08273730331009232,201,103,45614,47711,3813,1987,10,11,11,10,0,0,92377,0,0,152,1,0,0,0,0,0,20,7416,1,0,0,0,0,0
326,1726,327.0909987905177,99967,351,174,19,10,5522,2822,0.08346754428961557,219,105,45559,47691,3837,2004,13,14,14,13,0,0,92310,0,0,156,1,0,0,0,0,0,26,7473,1,0,0,0,0,0
327,1726,328.01869386335443,99967,376,178,19,10,5588,2848,0.08438784798983665,203,112,45515,47657,3869,2023,16,18,18,16,0,0,92242,0,0,158,1,0,0,0,0,0,33,7532,1,0,0,0,0,0
328,1726,329.01397737335384,99967,367,176,19,10,5634,2877,0.0851380955715386,213,110,45473,47631,3906,2048,20,23,23,20,0,0,92152,0,0,163,1,0,0,0,0,0,42,7608,1,0,0,0,0,0
329,1726,330.00756447415034,99967,370,172,19,10,5687,2904,0.08593835965868736,209,109,45440,47606,3936,2072,24,29,29,24,0,0,92065,0,0,166,1,0,0,0,0,0,51,7682,2,0,0,0,0,0
330,1726,331.0866712863742,99966,361,175,20,10,5756,2939,0.08697957305483865,224,112,45376,47570,3989,2095,28,36,36,29,0,0,91951,0,0,173,1,0,0,0,0,0,62,7776,3,0,0,0,0,0
331,1726,332.1590281692378,99966,375,181,20,10,5825,2971,0.08798991657163435,231,114,45306,47540,4033,2109,33,44,44,35,0,0,91861,0,0,177,1,0,0,0,0,0,75,7848,4,0,0,0,0,0
332,1726,333.23268593568656,99966,386,190,20,10,5897,3012,0.08912030090230678,217,103,45260,47511,4076,2132,39,52,53,41,0,0,91759,0,0,181,1,0,0,0,0,0,88,7931,6,0,0,0,0,0
333,1726,334.3075112110556,99966,378,199,20,10,5957,3041,0.09001060360522578,218,113,45202,47472,4134,2143,46,61,63,48,0,0,91660,0,0,184,1,0,0,0,0,0,102,8010,9,0,0,0,0,0
334,1726,335.02481468707833,99965,377,200,21,10,5989,3063,0.0905516930925824,224,115,45165,47443,4159,2158,52,72,74,56,0,0,91592,0,0,189,1,0,0,0,0,0,121,8053,9,0,0,0,0,0
335,1726,336.1018063601662,99965,379,197,21,10,6051,3097,0.09151202921022358,212,109,45120,47413,4206,2185,60,84,86,64,0,0,91481,0,0,193,1,0,0,0,0,0,139,8140,11,0,0,0,0,0
336,1726,337.1798765141643,99965,371,192,21,10,6102,3124,0.09229230230580704,201,108,45086,47382,4250,2208,69,98,100,73,0,0,91375,0,0,201,1,0,0,0,0,0,162,8215,11,0,0,0,0,0
337,1726,338.2591143233387,99965,381,177,21,10,6167,3152,0.09322262791977191,195,111,45035,47351,4287,2238,79,111,115,83,0,0,91259,0,0,208,1,0,0,0,0,0,187,8299,11,0,0,0,0,0
338,1726,339.3396077169505,99965,363,181,21,10,6216,3181,0.09400290101535537,218,102,44975,47324,4331,2253,90,128,132,94,0,0,91144,0,0,211,1,0,0,0,0,0,213,8383,13,0,0,0,0,0
339,1726,340.0607478672128,99965,356,189,21,10,6255,3203,0.09461311459010653,217,95,44935,47297,4367,2262,102,145,150,106,0,0,91061,0,0,215,1,0,0,0,0,0,240,8432,16,0,0,0,0,0
340,1726,341.1437119931437,99964,354,180,22,10,6318,3225,0.09546436717218199,221,102,44877,47258,4411,2284,113,164,170,118,0,0,90939,0,0,221,1,0,0,0,0,0,272,8515,16,0,0,0,0,0
341,1726,342.2279754271767,99964,345,181,22,10,6376,3256,0.09635468768756753,221,95,44824,47226,4460,2301,126,185,191,131,0,0,90816,0,0,228,1,0,0,0,0,0,305,8597,17,0,0,0,0,0
342,1726,343.3136352506364,99963,358,178,23,10,6444,3279,0.09726598841571381,218,104,44765,47182,4494,2316,140,208,214,145,0,0,90705,0,0,232,1,0,0,0,0,0,339,8666,20,0,0,0,0,0
343,1726,344.03816930333835,99963,374,172,23,10,6486,3296,0.09785620679651472,220,105,44727,47146,4499,2332,155,233,239,160,0,0,90620,0,0,233,1,0,0,0,0,0,376,8710,23,0,0,0,0,0
344,1726,345.12593079306885,99963,376,174,23,10,6541,3323,0.09867651030881426,214,110,44688,47097,4526,2348,171,259,266,176,0,0,90509,0,0,239,2,0,0,0,0,0,416,8772,25,0,0,0,0,0
345,1726,346.21464236663326,99963,383,165,23,10,6604,3349,0.09956683973070037,209,115,44644,47046,4554,2374,185,288,295,193,0,0,90381,0,0,243,3,0,0,0,0,0,459,8849,28,0,0,0,0,0
346,1726,347.30452565313726,99963,365,168,23,10,6660,3382,0.10045716915258646,217,109,44591,47003,4601,2390,201,318,326,211,0,0,90237,0,0,248,3,0,0,0,0,0,504,8939,32,0,0,0,0,0
347,1726,348.0318501201528,99963,378,173,23,10,6704,3404,0.1011174134429739,214,109,44552,46961,4611,2397,220,348,359,230,0,0,90147,0,0,251,3,0,0,0,0,0,549,8974,39,0,0,0,0,0
348,1726,349.1238924207307,99962,381,176,24,10,6763,3431,0.10197875192573178,220,120,44486,46902,4648,2408,239,382,394,250,0,0,90019,0,0,252,4,0,0,0,0,0,599,9045,43,0,0,0,0,0
349,1726,350.21734364070466,99962,371,176,24,10,6827,3455,0.10285908645285208,204,126,44440,46852,4699,2417,260,417,431,271,0,0,89878,0,0,258,4,0,0,0,0,0,648,9122,52,0,0,0,0,0
350,1726,351.3120704108188,99962,362,178,24,10,6875,3491,0.10369940577419419,207,116,44399,46801,4727,2438,279,455,470,293,0,0,89739,0,0,263,4,0,0,0,0,0,701,9195,60,0,0,0,0,0
351,1726,352.04254498659515,99962,348,181,24,10,6914,3512,0.10429963386086713,208,123,44347,46744,4770,2446,301,494,511,316,0,0,89616,0,0,270,4,0,0,0,0,0,760,9247,65,0,0,0,0,0
352,1726,353.1398565945478,99961,361,180,25,10,6977,3542,0.1052310401056412,204,124,44281,46690,4803,2462,324,532,554,340,0,0,89484,0,0,276,5,0,0,0,0,0,818,9305,73,0,0,0,0,0
353,1726,354.23861410919204,99960,352,181,25,11,7032,3569,0.10605242096838735,207,126,44227,46630,4841,2476,346,574,599,365,0,0,89336,0,0,283,5,0,0,0,0,0,883,9375,78,0,0,0,0,0
354,1726,355.3387877097362,99959,349,179,26,11,7090,3591,0.10685381006212546,198,130,44182,46563,4874,2494,369,621,647,391,0,0,89184,0,0,286,5,0,0,0,0,0,953,9449,82,0,0,0,0,0
355,1726,356.0729204153715,99959,356,185,26,11,7132,3614,0.10750407667143529,191,130,44141,46505,4888,2500,396,667,697,418,0,0,89067,0,0,289,5,0,0,0,0,0,1021,9486,91,0,0,0,0,0
356,1726,357.17533449562154,99958,377,193,27,11,7208,3650,0.10862562276155986,175,118,44091,46441,4906,2517,422,718,750,446,0,0,88914,0,0,294,5,0,0,0,0,0,1096,9552,97,0,0,0,0,0
357,1726,358.27893407685497,99958,351,191,27,11,7249,3669,0.10922587486744433,184,123,44041,46375,4946,2526,449,772,805,475,0,0,88760,0,0,303,5,0,0,0,0,0,1171,9613,106,0,0,0,0,0
358,1726,359.0154440771531,99958,347,193,27,11,7279,3685,0.10968606814862242,192,121,43987,46312,4966,2532,479,829,863,505,0,0,88636,0,0,305,5,0,0,0,0,0,1249,9647,116,0,0,0,0,0
359,1726,360.1217294162865,99958,352,195,27,11,7328,3715,0.11047640008803697,194,116,43932,46245,4986,2548,507,883,923,536,0,0,88484,0,0,310,5,0,0,0,0,0,1334,9703,122,0,0,0,0,0
360,1726,361.2293894934007,99958,365,193,27,11,7388,3739,0.11131675303627524,194,121,43868,46173,5007,2556,537,944,986,568,0,0,88326,0,0,314,5,0,0,0,0,0,1423,9762,128,0,0,0,0,0
361,1726,362.3384841312695,99958,350,184,27,11,7441,3760,0.11205706396686609,199,123,43816,46098,5041,2574,565,1008,1051,602,0,0,88146,0,0,320,6,0,0,0,0,0,1512,9837,137,0,0,0,0,0
362,1726,363.0787141529432,99958,366,190,27,11,7483,3791,0.1127873706956922,188,114,43770,46020,5047,2590,600,1073,1119,637,0,0,88002,0,0,323,6,0,0,0,0,0,1608,9875,144,0,0,0,0,0
363,1726,364.190485950017,99958,352,195,27,11,7529,3826,0.11359771103863622,201,106,43711,45938,5075,2607,632,1141,1189,673,0,0,87826,0,0,331,6,0,0,0,0,0,1702,9937,156,0,0,0,0,0
364,1726,365.3038419242334,99957,342,205,28,11,7587,3862,0.11453925187830767,192,105,43657,45850,5113,2618,666,1209,1262,710,0,0,87641,0,0,338,7,0,0,0,0,0,1801,10004,166,0,0,0,0,0
365,1726,366.0468901530745,99956,338,206,29,11,7620,3882,0.11507063107767418,203,104,43596,45771,5129,2625,703,1281,1338,748,0,0,87482,0,0,341,7,0,0,0,0,0,1907,10045,174,0,0,0,0,0
366,1726,367.16306621997006,99953,342,210,31,12,7679,3912,0.11596450331655878,207,96,43519,45691,5157,2635,742,1354,1417,787,0,0,87296,0,0,345,7,0,0,0,0,0,2016,10106,183,0,0,0,0,0
367,1726,368.28120109962066,99953,335,207,31,12,7737,3938,0.11680489830220203,215,99,43438,45598,5198,2652,781,1430,1498,828,0,0,87096,0,0,353,7,0,0,0,0,0,2130,10176,191,0,0,0,0,0
368,1726,369.0277061597495,99953,333,199,31,12,7777,3952,0.11734515222154412,208,104,43384,45514,5219,2658,823,1511,1582,870,0,0,86927,0,0,355,8,0,0,0,0,0,2238,10217,208,0,0,0,0,0
369,1726,370.1494652317019,99952,331,186,32,12,7833,3972,0.11810669121178166,208,103,43307,45434,5257,2671,863,1592,1669,913,0,0,86724,0,0,362,8,0,0,0,0,0,2357,10282,219,0,0,0,0,0
370,1726,371.27313677269433,99952,335,184,32,12,7886,3999,0.11890707539619016,211,94,43249,45341,5269,2689,902,1678,1759,957,0,0,86540,0,0,372,8,0,0,0,0,0,2473,10322,237,0,0,0,0,0
371,1726,372.0231662084277,99952,336,182,32,12,7928,4022,0.11955738754602209,204,96,43199,45242,5282,2701,945,1765,1851,1002,0,0,86359,0,0,376,8,0,0,0,0,0,2592,10362,255,0,0,0,0,0
372,1726,373.1499160590785,99952,347,177,32,12,7988,4052,0.12045781975348167,212,94,43117,45143,5300,2720,990,1852,1946,1049,0,0,86161,0,0,383,8,0,0,0,0,0,2713,10411,276,0,0,0,0,0
373,1726,374.2785760339214,99952,350,181,32,12,8052,4078,0.12135825196094126,196,101,43042,45049,5343,2717,1035,1938,2044,1097,0,0,85956,0,0,388,9,0,0,0,0,0,2841,10465,293,0,0,0,0,0
374,1726,375.0321432148266,99952,342,182,32,12,8089,4100,0.12194853529694254,203,94,42978,44958,5364,2724,1079,2028,2145,1146,0,0,85760,0,0,391,9,0,0,0,0,0,2974,10508,310,0,0,0,0,0
375,1726,376.16441870482305,99951,365,182,32,13,8161,4134,0.12301027503476704,179,84,42922,44857,5380,2741,1120,2121,2249,1196,0,0,85543,0,0,395,9,0,0,0,0,0,3112,10566,326,0,0,0,0,0
376,1726,377.2983913627213,99951,345,168,32,13,8200,4157,0.12363057898370201,192,91,42846,44739,5416,2765,1167,2222,2356,1248,0,0,85310,0,0,398,11,0,0,0,0,0,3254,10637,341,0,0,0,0,0
377,1726,378.0554878491381,99951,351,168,32,13,8235,4175,0.1241608388110174,198,96,42770,44628,5430,2772,1217,2321,2466,1301,0,0,85114,0,0,400,11,0,0,0,0,0,3405,10668,353,0,0,0,0,0
378,1726,379.1932703031925,99949,360,165,34,13,8298,4203,0.12507378763169216,192,93,42692,44513,5453,2787,1267,2427,2579,1355,0,0,84882,0,0,406,11,0,0,0,0,0,3558,10725,367,0,0,0,0,0
379,1726,380.33307077557936,99949,363,168,34,13,8350,4231,0.12587419583987833,188,96,42627,44390,5467,2792,1319,2539,2694,1410,0,0,84667,0,0,405,14,0,0,0,0,0,3701,10771,391,0,0,0,0,0
380,1726,381.09393656244146,99949,357,167,34,13,8386,4249,0.12641447138040401,183,97,42558,44266,5492,2804,1374,2651,2812,1467,0,0,84452,0,0,410,14,0,0,0,0,0,3860,10806,407,0,0,0,0,0
381,1726,382.23748037531385,99949,369,168,34,13,8450,4277,0.1273349408198181,176,104,42486,44141,5509,2810,1424,2762,2933,1525,0,0,84222,0,0,419,15,0,0,0,0,0,4021,10848,424,0,0,0,0,0
382,1726,383.0008722434135,99948,365,175,35,13,8482,4294,0.12782646976427742,189,105,42407,44025,5523,2806,1479,2874,3057,1584,0,0,84013,0,0,422,16,0,0,0,0,0,4188,10870,439,0,0,0,0,0
383,1726,384.1483598493164,99948,378,182,35,13,8546,4326,0.1287869692239965,194,108,42302,43891,5552,2813,1537,2991,3184,1644,0,0,83773,0,0,432,16,0,0,0,0,0,4362,10913,452,0,0,0,0,0
384,1726,385.29819827363576,99945,380,185,37,14,8611,4351,0.1296913302316274,177,113,42238,43757,5578,2815,1588,3114,3314,1705,0,0,83524,0,0,433,17,0,0,0,0,0,4529,10966,476,0,0,0,0,0
385,1726,386.06586507087496,99944,377,183,38,14,8643,4372,0.13022292483790923,193,108,42161,43631,5587,2824,1642,3238,3447,1768,0,0,83295,0,0,437,18,0,0,0,0,0,4705,10994,495,0,0,0,0,0
386,1726,387.2196401787369,99944,357,188,38,14,8688,4400,0.1309533338669655,209,113,42073,43488,5622,2832,1699,3363,3582,1832,0,0,83033,0,0,445,19,0,0,0,0,0,4888,11049,510,0,0,0,0,0
387,1726,388.3758186331991,99944,341,183,38,14,8740,4427,0.1317437765148483,225,117,41972,43357,5664,2842,1758,3485,3720,1897,0,0,82755,0,0,452,20,0,0,0,0,0,5074,11117,526,0,0,0,0,0
388,1726,389.1481489895719,99944,344,190,38,14,8790,4452,0.1324941967501801,205,102,41909,43230,5684,2845,1818,3617,3861,1963,0,0,82517,0,0,459,22,0,0,0,0,0,5257,11140,549,0,0,0,0,0
389,1726,390.30903480768103,99944,347,180,38,14,8847,4481,0.13335467862002723,193,102,41843,43089,5700,2860,1877,3753,4005,2031,0,0,82244,0,0,463,25,0,0,0,0,0,5445,11196,571,0,0,0,0,0
390,1726,391.0840890038889,99943,353,185,39,14,8885,4500,0.1339263380126672,198,107,41759,42950,5711,2855,1938,3887,4152,2100,0,0,82008,0,0,462,28,0,0,0,0,0,5637,11216,592,0,0,0,0,0
391,1726,392.24918344762307,99943,343,174,39,14,8926,4530,0.13463674294347777,211,102,41680,42822,5728,2873,1997,4013,4301,2170,0,0,81733,0,0,464,29,0,0,0,0,0,5823,11270,624,0,0,0,0,0
392,1726,393.02716926643296,99943,356,168,39,14,8976,4551,0.13534714787428834,203,105,41591,42677,5743,2879,2066,4155,4453,2241,0,0,81479,0,0,463,34,0,0,0,0,0,6018,11301,648,0,0,0,0,0
393,1726,394.196903767946,99941,376,174,40,15,9048,4580,0.13636045266707358,188,96,41503,42534,5758,2884,2133,4295,4608,2313,0,0,81214,0,0,469,34,0,0,0,0,0,6214,11331,679,0,0,0,0,0
394,1726,395.36904297649863,99941,362,175,40,15,9096,4615,0.13719094265616713,194,92,41424,42390,5783,2895,2195,4431,4765,2387,0,0,80923,0,0,476,36,0,0,0,0,0,6418,11384,704,0,0,0,0,0
395,1726,396.1517907418879,99940,369,174,40,16,9137,4636,0.13781268761256754,190,96,41344,42240,5791,2899,2264,4573,4925,2462,0,0,80657,0,0,480,36,0,0,0,0,0,6632,11410,725,0,0,0,0,0
396,1726,397.3285610008173,99940,358,158,40,16,9191,4656,0.1385531318791275,188,107,41268,42096,5816,2905,2328,4716,5087,2538,0,0,80354,0,0,486,38,0,0,0,0,0,6842,11469,751,0,0,0,0,0
397,1726,398.11443411458356,99940,346,172,40,16,9221,4679,0.13908345007004203,185,100,41194,41940,5839,2905,2394,4865,5252,2615,0,0,80087,0,0,490,39,0,0,0,0,0,7063,11490,771,0,0,0,0,0
398,1726,399.29596919853213,99940,329,165,40,16,9272,4704,0.13984390634380628,207,104,41079,41782,5879,2920,2464,5011,5419,2693,0,0,79779,0,0,500,39,0,0,0,0,0,7281,11543,798,0,0,0,0,0
399,1726,400.0854574020027,99940,337,174,40,16,9320,4731,0.14059435661396838,188,91,41010,41631,5890,2919,2533,5167,5589,2773,0,0,79514,0,0,504,41,0,0,0,0,0,7494,11554,833,0,0,0,0,0
400,1726,401.27226217124957,99940,332,171,40,16,9379,4762,0.1414948969381629,186,90,40920,41479,5918,2927,2602,5315,5761,2854,0,0,79212,0,0,512,43,0,0,0,0,0,7709,11594,870,0,0,0,0,0
401,1726,402.0649395324958,99940,323,162,40,16,9411,4777,0.14196517910746448,187,88,40836,41315,5933,2937,2679,5480,5936,2936,0,0,78925,0,0,515,44,0,0,0,0,0,7935,11621,900,0,0,0,0,0
402,1726,403.25711777032757,99939,319,169,41,16,9462,4806,0.1427670879236334,184,85,40747,41172,5960,2927,2747,5629,6113,3019,0,0,78630,0,0,517,45,0,0,0,0,0,8156,11653,938,0,0,0,0,0
403,1726,404.05339573872834,99939,325,179,41,16,9509,4832,0.1434975334954322,175,77,40664,41006,5970,2926,2823,5794,6292,3103,0,0,78345,0,0,521,46,0,0,0,0,0,8389,11671,967,0,0,0,0,0
404,1726,405.2507513913355,99939,319,175,41,16,9563,4855,0.1442680034821241,163,90,40585,40832,5995,2925,2895,5960,6474,3188,0,0,78041,0,0,536,47,0,0,0,0,0,8622,11693,1000,0,0,0,0,0
405,1726,406.0503162954403,99939,311,171,41,16,9596,4870,0.1447482964608411,165,94,40502,40659,6012,2925,2967,6133,6658,3275,0,0,77753,0,0,542,47,0,0,0,0,0,8856,11704,1037,0,0,0,0,0
406,1726,407.25257896537596,99939,306,176,41,16,9651,4896,0.14555879086242607,162,91,40405,40498,6040,2926,3044,6291,6844,3363,0,0,77439,0,0,543,48,0,0,0,0,0,9091,11743,1075,0,0,0,0,0
407,1726,408.05568593473447,99939,312,163,41,16,9691,4914,0.14613914487837582,152,89,40318,40333,6050,2938,3125,6459,7032,3452,0,0,77126,0,0,544,48,0,0,0,0,0,9340,11778,1103,0,0,0,0,0
408,1726,409.2636306032339,99939,303,157,41,16,9739,4938,0.14685958434645133,149,82,40230,40184,6077,2936,3198,6623,7222,3542,0,0,76804,0,0,549,49,0,0,0,0,0,9581,11815,1141,0,0,0,0,0
409,1726,410.0705725188546,99939,297,160,41,16,9760,4955,0.14723981628793564,162,87,40148,40013,6075,2930,3275,6792,7414,3633,0,0,76519,0,0,552,49,0,0,0,0,0,9828,11814,1177,0,0,0,0,0
410,1726,411.28390140391423,99939,301,162,41,16,9808,4985,0.1480202923783508,162,82,40057,39848,6086,2934,3351,6956,7608,3725,0,0,76197,0,0,551,51,0,0,0,0,0,10079,11851,1210,0,0,0,0,0
411,1726,412.0942918127512,99939,303,136,41,16,9845,4993,0.148470567045898,160,91,39975,39684,6083,2946,3436,7125,7804,3818,0,0,75879,0,0,552,52,0,0,0,0,0,10331,11878,1247,0,0,0,0,0
412,1726,413.3129941771036,99938,284,138,41,17,9888,5024,0.14921251175728953,162,91,39894,39509,6105,2950,3512,7293,8002,3912,0,0,75543,0,0,558,53,0,0,0,0,0,10583,11915,1286,0,0,0,0,0
413,1726,414.12683554033987,99937,294,143,41,18,9924,5042,0.14975434523749961,149,94,39813,39327,6104,2941,3597,7475,8202,4007,0,0,75247,0,0,558,56,0,0,0,0,0,10843,11915,1318,0,0,0,0,0
414,1726,415.3505489696807,99937,285,150,41,18,9972,5074,0.15055484955521978,149,93,39728,39143,6119,2949,3676,7645,8404,4103,0,0,74915,0,0,559,61,0,0,0,0,0,11102,11945,1355,0,0,0,0,0
415,1726,416.1679521204067,99937,291,146,41,18,9998,5093,0.15100513323393738,149,94,39659,38968,6098,2951,3760,7821,8607,4200,0,0,74610,0,0,562,61,0,0,0,0,0,11367,11947,1390,0,0,0,0,0
416,1726,417.3965795874593,99937,277,144,41,18,10033,5118,0.1516055114722275,159,99,39580,38813,6099,2940,3842,7984,8812,4298,0,0,74283,0,0,568,62,0,0,0,0,0,11625,11965,1434,0,0,0,0,0
417,1726,418.2169895853584,99937,285,148,41,18,10078,5138,0.15225592123037512,153,98,39482,38645,6109,2926,3928,8163,9019,4397,0,0,73974,0,0,571,65,0,0,0,0,0,11887,11965,1475,0,0,0,0,0
418,1726,419.039289379422,99937,305,148,41,18,10117,5155,0.15281627425277924,150,103,39389,38458,6091,2921,4022,8350,9227,4497,0,0,73670,0,0,568,68,0,0,0,0,0,12155,11964,1512,0,0,0,0,0
419,1726,420.2760397781452,99937,302,139,41,18,10172,5182,0.15363679117844242,176,128,39262,38281,6111,2918,4106,8514,9437,4598,0,0,73321,22,0,573,69,0,0,0,0,0,12417,11974,1561,0,0,0,0,0
420,1726,421.02716888290246,99937,304,158,41,18,10215,5211,0.15435724506439055,186,121,39155,38096,6116,2907,4196,8698,9648,4700,0,0,73009,65,4,575,71,0,0,0,0,0,12682,11928,1603,0,0,0,0,0
421,1726,422.15728935009616,99937,306,176,41,18,10265,5249,0.15523779981388275,222,122,39031,37898,6112,2900,4286,8884,9861,4803,0,0,72693,119,12,578,74,0,0,0,0,0,12936,11871,1654,0,0,0,0,0
422,1726,423.29050749985595,99937,325,188,41,18,10333,5279,0.15621841760308994,243,138,38887,37717,6125,2889,4377,9048,10075,4907,0,0,72359,175,15,581,77,0,0,0,0,0,13211,11826,1693,0,0,0,0,0
423,1726,424.04794410944817,99937,334,200,41,18,10383,5306,0.1569889030088956,268,133,38758,37524,6130,2880,4467,9243,10290,5012,0,0,72033,222,22,578,82,0,0,0,0,0,13483,11788,1729,0,0,0,0,0
424,1726,425.18803828249213,99936,327,205,42,18,10438,5349,0.15797110150496319,301,137,38627,37336,6148,2890,4553,9412,10506,5118,0,0,71667,301,31,586,84,0,0,0,0,0,13760,11743,1764,0,0,0,0,0
425,1726,426.3315015349589,99936,367,209,42,18,10524,5383,0.15917186999679794,291,155,38508,37147,6146,2891,4644,9578,10723,5225,0,0,71326,360,37,593,86,1,0,0,0,0,14036,11694,1803,0,0,0,0,0
426,1726,427.0954926309611,99936,372,212,42,18,10577,5411,0.15998238872878642,318,157,38375,36961,6160,2889,4731,9761,10941,5333,0,0,70982,419,44,598,88,1,0,0,0,0,14314,11648,1842,0,0,0,0,0
427,1726,428.2456868150244,99936,402,222,42,18,10672,5458,0.1614032981107909,335,169,38230,36770,6176,2897,4813,9922,11160,5441,0,0,70621,501,54,603,93,1,0,0,0,0,14583,11595,1885,0,0,0,0,0
428,1726,429.01447343830375,99936,431,230,42,18,10744,5489,0.16243395773294908,341,175,38111,36580,6175,2892,4898,10103,11380,5550,0,0,70284,556,58,606,97,1,0,0,0,0,14861,11545,1928,0,0,0,0,0
429,1726,430.1714046017964,99936,454,251,42,18,10841,5544,0.16395493115593981,362,178,37963,36372,6204,2894,4973,10285,11601,5660,0,0,69906,636,72,615,101,1,0,0,0,0,15144,11503,1958,0,0,0,0,0
430,1726,431.3319882636401,99936,483,274,42,18,10945,5612,0.16567603266090297,382,180,37817,36157,6221,2910,5053,10459,11823,5771,0,0,69522,732,84,622,104,2,0,0,0,0,15420,11451,1999,0,0,0,0,0
431,1726,432.10784585357163,99936,520,291,42,18,11031,5658,0.16699687800192123,380,184,37676,35943,6237,2915,5143,10647,12046,5883,0,0,69164,788,93,627,111,2,0,0,0,0,15712,11413,2026,0,0,0,0,0
432,1726,433.27606092920405,99936,517,289,42,18,11129,5696,0.16835774895933397,408,211,37508,35735,6296,2928,5227,10817,12270,5995,0,0,68757,903,105,635,116,2,0,0,0,0,15992,11360,2066,0,0,0,0,0
433,1726,434.0574977040103,99936,545,287,42,18,11217,5733,0.16960854947166187,400,208,37366,35552,6323,2932,5322,11001,12494,6108,0,0,68400,973,122,643,119,2,0,0,0,0,16261,11302,2114,0,0,0,0,0
434,1726,435.2345514853971,99936,576,289,42,18,11331,5790,0.1713196445725264,436,228,37190,35339,6353,2957,5401,11167,12719,6222,0,0,67996,1082,141,648,123,2,0,0,0,0,16536,11253,2155,0,0,0,0,0
435,1726,436.0218335406896,99936,612,321,42,18,11418,5856,0.17285062439961577,446,206,37048,35128,6358,2971,5492,11354,12945,6337,0,0,67635,1149,152,654,122,3,0,0,0,0,16819,11200,2202,0,0,0,0,0
436,1726,437.2073898688135,99935,645,333,42,19,11555,5926,0.17492370040526342,451,224,36895,34908,6398,2992,5567,11522,13171,6452,0,0,67224,1262,181,671,122,3,0,0,0,0,17085,11140,2247,0,0,0,0,0
437,1726,438.0002056111877,99935,657,345,42,19,11633,5970,0.1761444939210487,478,220,36746,34713,6420,2994,5655,11707,13397,6568,0,0,66865,1329,200,676,129,3,0,0,0,0,17358,11085,2290,0,0,0,0,0
438,1726,439.19437465235586,99934,684,375,43,19,11786,6052,0.17849780855364542,470,229,36592,34515,6485,3009,5724,11851,13624,6685,0,0,66440,1457,226,691,136,3,0,0,0,0,17627,11022,2332,0,0,0,0,0
439,1726,440.3930748610593,99934,674,402,43,19,11918,6126,0.18055916905157404,515,244,36406,34314,6563,3019,5797,12000,13851,6802,0,0,66002,1597,251,711,137,4,0,0,0,0,17899,10956,2377,0,0,0,0,0
440,1726,441.1951904150088,99934,705,401,43,19,12023,6169,0.18204014649668782,520,258,36249,34089,6585,3032,5896,12199,14078,6920,0,0,65614,1679,275,716,141,4,0,0,0,0,18180,10910,2415,0,0,0,0,0
441,1726,442.00035439758193,99933,735,399,44,19,12122,6219,0.18353296708794892,535,268,36100,33881,6593,3047,5991,12384,14306,7039,0,0,65245,1759,297,723,150,4,0,0,0,0,18446,10842,2467,0,0,0,0,0
442,1726,443.2135099902545,99933,768,393,44,19,12295,6297,0.18604464991544334,536,288,35911,33671,6672,3086,6067,12541,14534,7158,0,0,64784,1916,335,733,166,4,0,0,0,0,18711,10787,2497,0,0,0,0,0
443,1726,444.0254866258389,99933,798,402,44,19,12424,6346,0.18782584331502106,533,307,35752,33458,6714,3100,6157,12712,14762,7278,0,0,64385,2013,363,743,170,4,0,0,0,0,18985,10731,2539,0,0,0,0,0
444,1726,445.24943280850295,99932,834,418,44,20,12599,6431,0.19042949205459714,585,319,35507,33258,6787,3121,6241,12862,14990,7398,0,0,63930,2167,394,760,175,4,0,0,0,0,19254,10666,2582,0,0,0,0,0
445,1726,446.06920747429723,99932,870,441,44,20,12747,6499,0.19259096185406077,583,315,35318,33043,6845,3139,6338,13040,15218,7519,0,0,63506,2281,421,774,176,5,0,0,0,0,19537,10614,2618,0,0,0,0,0
446,1726,447.3059342249848,99930,937,472,46,20,12966,6602,0.19581707195036527,592,322,35085,32807,6934,3182,6404,13195,15446,7641,0,0,63034,2446,449,786,187,5,0,0,0,0,19812,10553,2658,0,0,0,0,0
447,1726,448.1343289052857,99930,940,475,46,20,13086,6662,0.19761833283298308,591,314,34916,32607,7008,3210,6497,13372,15674,7763,0,0,62606,2565,480,805,190,5,0,0,0,0,20089,10492,2698,0,0,0,0,0
448,1726,449.38416825626086,99928,927,484,48,20,13270,6746,0.20030421903770715,642,363,34681,32373,7131,3248,6569,13510,15902,7886,0,0,62116,2737,538,838,195,5,0,0,0,0,20346,10424,2729,0,0,0,0,0
449,1726,450.22141392540715,99928,918,496,48,20,13392,6833,0.2023957249219438,681,351,34489,32166,7202,3287,6660,13678,16130,8009,0,0,61679,2871,574,864,202,5,0,0,0,0,20612,10348,2773,0,0,0,0,0
450,1726,451.0632044108584,99928,937,498,48,20,13517,6906,0.20437715154911537,704,357,34305,31944,7256,3332,6748,13847,16357,8133,0,0,61248,2985,613,880,205,7,0,0,0,0,20890,10297,2803,0,0,0,0,0
451,1726,452.333302346657,99925,982,514,49,22,13732,7013,0.20760570427820865,710,361,34080,31734,7355,3375,6822,13992,16584,8257,0,0,60788,3142,671,900,218,7,0,0,0,0,21127,10222,2850,0,0,0,0,0
452,1726,453.1841913648031,99925,1032,507,49,22,13894,7066,0.20975731798849137,715,381,33874,31527,7414,3394,6914,14167,16811,8381,0,0,60383,3250,713,919,220,7,0,0,0,0,21381,10149,2903,0,0,0,0,0
453,1726,454.0395614878669,99923,1059,523,51,22,14055,7160,0.2123134813806631,716,382,33689,31292,7481,3439,7002,14340,17037,8506,0,0,59940,3386,762,932,228,8,0,0,0,0,21637,10089,2941,0,0,0,0,0
454,1726,455.33054170580374,99923,1044,559,51,22,14251,7299,0.21566606286840867,778,362,33452,31081,7610,3502,7063,14472,17263,8631,0,0,59427,3593,823,964,237,8,0,0,0,0,21878,10011,2982,0,0,0,0,0
455,1726,456.1957067628912,99919,1083,537,54,23,14436,7358,0.21811667450635014,760,389,33266,30864,7688,3555,7147,14630,17489,8757,0,0,58971,3739,865,985,243,9,0,0,0,0,22138,9944,3025,0,0,0,0,0
456,1726,457.06553835165215,99919,1101,542,54,23,14578,7433,0.22028843363124131,790,411,33072,30642,7744,3596,7237,14784,17714,8883,0,0,58531,3864,908,1002,247,10,0,0,0,0,22407,9891,3059,0,0,0,0,0
457,1726,458.37881545783927,99917,1168,555,55,24,14850,7561,0.22429616581762862,813,394,32807,30441,7858,3672,7297,14912,17939,9009,0,0,58014,4067,981,1030,254,10,0,0,0,0,22641,9822,3098,0,0,0,0,0
458,1726,459.2592928280659,99916,1201,558,56,24,15034,7650,0.227030705792866,803,395,32618,30248,7942,3718,7378,15055,18163,9136,0,0,57569,4211,1032,1049,268,11,0,0,0,0,22887,9749,3140,0,0,0,0,0
459,1726,460.144762943088,99916,1208,575,56,24,15200,7743,0.2296228832219064,839,390,32396,30046,8042,3754,7457,15209,18386,9263,0,0,57117,4361,1081,1065,280,12,0,0,0,0,23137,9682,3181,0,0,0,0,0
460,1726,461.03550621292584,99916,1217,587,56,24,15378,7836,0.23233516153568998,850,394,32196,29841,8141,3793,7538,15359,18609,9390,0,0,56663,4505,1141,1089,295,12,0,0,0,0,23382,9616,3213,0,0,0,0,0
461,1726,462.3814486506059,99915,1238,635,57,24,15642,7985,0.23647100035029775,874,411,31932,29624,8296,3837,7601,15467,18831,9518,0,0,56165,4687,1236,1130,304,13,0,0,0,0,23590,9538,3252,0,0,0,0,0
462,1726,463.28410022919064,99913,1255,650,59,24,15823,8068,0.23911803268843895,875,422,31754,29416,8386,3875,7669,15611,19052,9646,0,0,55713,4819,1291,1153,314,14,0,0,0,0,23846,9483,3280,0,0,0,0,0
463,1726,464.19185334190786,99912,1305,633,59,25,16016,8144,0.24181279525982866,869,442,31560,29211,8460,3928,7745,15759,19273,9774,0,0,55287,4925,1366,1187,324,14,0,0,0,0,24082,9417,3310,0,0,0,0,0
464,1726,465.10471660533165,99911,1308,645,60,25,16206,8244,0.24471779884096848,885,448,31330,28994,8583,3977,7832,15909,19493,9902,0,0,54823,5083,1413,1228,336,16,0,0,0,0,24332,9330,3350,0,0,0,0,0
465,1726,466.0235894510851,99910,1295,660,61,25,16388,8338,0.2474827344610149,898,466,31142,28777,8693,4016,7909,16054,19712,10031,0,0,54352,5249,1477,1254,346,16,0,0,0,0,24565,9260,3391,0,0,0,0,0
466,1726,467.4117106802251,99909,1352,687,62,25,16712,8494,0.2522895835210041,883,475,30886,28545,8854,4097,7961,16169,19930,10160,0,0,53819,5470,1572,1299,359,17,0,0,0,0,24765,9176,3432,0,0,0,0,0
467,1726,468.3430031284041,99909,1379,715,62,25,16907,8606,0.2553623797655867,926,456,30676,28354,8936,4140,8019,16308,20147,10289,0,0,53366,5609,1645,1320,368,17,0,0,0,0,24998,9121,3465,0,0,0,0,0
468,1726,469.2800559033603,99907,1412,726,64,25,17144,8711,0.2587906753280551,900,457,30461,28153,9051,4195,8110,16442,20363,10418,0,0,52888,5770,1716,1351,384,19,0,0,0,0,25231,9058,3490,0,0,0,0,0
469,1726,470.22336243268666,99907,1424,733,64,25,17357,8825,0.2620637192589108,922,468,30231,27931,9160,4258,8197,16583,20579,10547,0,0,52423,5925,1806,1384,401,19,0,0,0,0,25441,8987,3521,0,0,0,0,0
470,1726,471.1736145281623,99906,1435,745,65,25,17572,8940,0.2653694472804436,915,468,30036,27731,9280,4315,8267,16714,20794,10677,0,0,51958,6079,1896,1416,415,20,0,0,0,0,25650,8917,3555,0,0,0,0,0
471,1726,472.12999017324137,99905,1465,773,66,25,17794,9060,0.2687953555878084,914,455,29832,27547,9386,4368,8335,16830,21008,10807,0,0,51509,6214,1986,1443,429,21,0,0,0,0,25864,8853,3586,0,0,0,0,0
472,1726,473.0921627880699,99904,1487,780,67,25,18021,9168,0.27215126521460603,937,457,29606,27363,9498,4418,8403,16955,21221,10937,0,0,51059,6357,2064,1488,449,21,0,0,0,0,26076,8768,3622,0,0,0,0,0
473,1726,474.0612367343659,99901,1499,801,69,26,18237,9288,0.2755227675398645,958,463,29394,27184,9604,4461,8474,17063,21433,11067,0,0,50610,6509,2155,1515,467,21,0,0,0,0,26271,8690,3663,0,0,0,0,0
474,1726,475.03668274203415,99900,1519,793,69,27,18465,9404,0.27896896896896894,972,481,29186,27002,9709,4526,8543,17169,21644,11197,0,0,50144,6678,2255,1542,485,22,0,0,0,0,26458,8612,3704,0,0,0,0,0
475,1726,476.0190054446628,99897,1537,799,72,27,18696,9529,0.2825410172477652,1020,479,28946,26828,9820,4592,8603,17273,21853,11327,0,0,49651,6858,2336,1578,498,23,0,0,0,0,26670,8547,3736,0,0,0,0,0
476,1726,477.00803322833707,99897,1604,800,72,27,18973,9654,0.28656516211698047,1035,497,28696,26622,9934,4664,8657,17388,22061,11457,0,0,49186,7026,2420,1613,523,24,0,0,0,0,26866,8468,3771,0,0,0,0,0
477,1726,478.00470127690664,99894,1618,798,74,28,19222,9774,0.29026768374476947,1028,509,28492,26421,10066,4733,8720,17509,22268,11587,0,0,48694,7211,2526,1644,538,24,0,0,0,0,27049,8402,3806,0,0,0,0,0
478,1726,479.0088269417847,99891,1665,823,76,29,19484,9907,0.2942307114755083,1026,520,28292,26222,10173,4785,8766,17619,22474,11717,0,0,48234,7367,2624,1666,567,24,0,0,0,0,27243,8341,3825,0,0,0,0,0
479,1726,480.0194252734139,99890,1679,814,77,29,19744,10020,0.2979677645409951,1038,535,28068,26051,10320,4862,8816,17707,22679,11847,0,0,47746,7543,2723,1706,593,25,0,0,0,0,27437,8271,3846,0,0,0,0,0
480,1726,481.03720875043103,99889,1739,843,78,29,20041,10164,0.30238564806935697,1010,522,27866,25880,10448,4922,8857,17802,22883,11977,0,0,47262,7725,2827,1733,615,25,0,0,0,0,27621,8208,3873,0,0,0,0,0
481,1726,482.06233945531267,99886,1731,861,81,29,20283,10288,0.30605890715415573,1045,527,27670,25675,10578,4986,8893,17920,23086,12107,0,0,46808,7885,2935,1772,637,28,0,0,0,0,27788,8126,3907,0,0,0,0,0
482,1726,483.09440874627774,99884,1724,878,82,30,20511,10432,0.30978935565255694,1072,539,27485,25480,10691,5059,8944,18012,23287,12237,0,0,46358,8035,3059,1807,665,30,0,0,0,0,27945,8058,3927,0,0,0,0,0
483,1726,484.13271585619475,99883,1736,886,83,30,20775,10569,0.31380715437061363,1088,550,27268,25324,10829,5133,8994,18075,23487,12367,0,0,45894,8206,3185,1832,695,31,0,0,0,0,28091,7989,3960,0,0,0,0,0
484,1726,485.1788910139706,99882,1744,894,84,30,21059,10699,0.31795518712080256,1057,580,27063,25158,10992,5178,9058,18158,23686,12497,0,0,45441,8355,3322,1880,722,33,0,0,0,0,28229,7911,3989,0,0,0,0,0
485,1726,486.23305047554294,99882,1737,889,84,30,21326,10846,0.32210007809214874,1074,569,26845,25012,11157,5267,9101,18231,23884,12627,0,0,44973,8531,3483,1912,752,33,0,0,0,0,28339,7837,4022,0,0,0,0,0
486,1726,487.2956119787238,99880,1774,904,86,30,21637,10996,0.32672206647977575,1033,543,26645,24874,11303,5333,9157,18314,24080,12757,0,0,44495,8711,3612,1949,784,34,0,0,0,0,28484,7766,4045,0,0,0,0,0
487,1726,488.366235642984,99878,1781,919,87,31,21922,11156,0.33118404453433187,1036,527,26442,24698,11448,5418,9204,18405,24275,12887,0,0,44021,8881,3743,1990,824,36,0,0,0,0,28625,7697,4061,0,0,0,0,0
488,1726,489.44481555637697,99877,1764,909,88,31,22197,11289,0.3352723850335913,1031,540,26223,24564,11632,5495,9260,18459,24469,13017,0,0,43517,9084,3869,2032,854,37,0,0,0,0,28777,7622,4085,0,0,0,0,0
489,1726,490.5325678657679,99876,1772,922,89,31,22481,11434,0.33957106812447435,1034,561,26014,24408,11781,5559,9308,18517,24661,13147,0,0,43057,9255,4008,2073,880,40,0,0,0,0,28905,7544,4114,0,0,0,0,0
490,1726,491.0790679928191,99876,1771,912,89,31,22619,11507,0.3416836877728383,1051,568,25867,24243,11841,5599,9379,18645,24852,13277,0,0,42712,9320,4114,2083,902,41,0,0,0,0,29067,7488,4149,0,0,0,0,0
491,1726,492.1814418130288,99875,1798,926,89,32,22904,11664,0.34611264080100124,1036,567,25683,24084,11980,5668,9412,18721,25042,13407,0,0,42271,9463,4262,2133,922,45,0,0,0,0,29186,7414,4179,0,0,0,0,0
492,1726,493.2916204418564,99874,1771,941,90,32,23179,11822,0.35045156897691093,1074,544,25473,23930,12156,5746,9434,18805,25231,13536,0,0,41792,9629,4410,2190,951,46,0,0,0,0,29312,7347,4197,0,0,0,0,0
493,1726,494.41042004368313,99872,1805,966,91,33,23506,11984,0.35535485421339313,1062,521,25251,23785,12314,5808,9475,18885,25418,13665,0,0,41348,9770,4568,2247,979,47,0,0,0,0,29416,7273,4224,0,0,0,0,0
494,1726,495.5387922351992,99872,1803,946,91,33,23788,12144,0.35978051906440245,1045,513,25071,23644,12456,5918,9532,18944,25604,13794,0,0,40873,9946,4729,2288,1020,49,0,0,0,0,29516,7213,4238,0,0,0,0,0
495,1726,496.1058752542857,99872,1809,959,91,33,23948,12227,0.36221363345081703,1020,493,24952,23499,12523,5950,9603,19064,25789,13923,0,0,40542,9996,4841,2309,1040,50,0,0,0,0,29669,7156,4269,0,0,0,0,0
496,1726,497.24896962052105,99872,1787,946,91,33,24233,12358,0.3663789650752964,1050,504,24736,23355,12701,6033,9633,19127,25972,14052,0,0,40089,10148,5016,2360,1067,53,0,0,0,0,29761,7088,4290,0,0,0,0,0
497,1726,498.4009485112037,99870,1822,951,93,33,24545,12518,0.37111244618003403,1034,497,24525,23218,12855,6125,9669,19174,26154,14180,0,0,39620,10334,5156,2402,1102,54,0,0,0,0,29880,7014,4308,0,0,0,0,0
498,1726,499.56331859192017,99869,1820,935,94,33,24847,12633,0.3752916320379697,1018,555,24363,23068,13009,6192,9694,19215,26334,14308,0,0,39180,10496,5303,2447,1137,56,0,0,0,0,29975,6933,4342,0,0,0,0,0
499,1726,500.14737424485656,99869,1834,952,94,33,24993,12712,0.37754458340425956,1041,540,24215,22927,13044,6215,9770,19331,26513,14436,0,0,38851,10542,5391,2463,1157,57,0,0,0,0,30148,6893,4367,0,0,0,0,0
500,1726,501.32404632611684,99868,1789,948,95,33,25286,12887,0.38223454960547926,1038,527,24049,22792,13225,6322,9802,19376,26691,14564,0,0,38371,10739,5586,2499,1194,61,0,0,0,0,30202,6823,4393,0,0,0,0,0
501,1726,502.5096755933841,99864,1786,952,98,34,25575,13043,0.38670592005126975,1020,513,23872,22668,13380,6407,9842,19424,26867,14692,0,0,37917,10905,5738,2543,1227,63,0,0,0,0,30294,6760,4417,0,0,0,0,0
502,1726,503.10561219694455,99863,1775,920,99,34,25716,13105,0.3887425773309434,1023,527,23760,22541,13412,6452,9929,19524,27042,14819,0,0,37602,10949,5853,2564,1263,64,0,0,0,0,30423,6706,4439,0,0,0,0,0
503,1726,504.3065715389303,99861,1825,914,101,34,26040,13262,0.39356705821091315,987,526,23578,22425,13536,6541,9971,19558,27216,14946,0,0,37155,11115,5997,2586,1312,69,0,0,0,0,30518,6658,4451,0,0,0,0,0
504,1726,505.51656434413366,99861,1820,928,101,34,26334,13422,0.3981133775948569,981,536,23389,22316,13692,6606,10015,19578,27388,15073,0,0,36736,11255,6146,2638,1354,75,0,0,0,0,30603,6581,4473,0,0,0,0,0
505,1726,506.12416753487935,99861,1830,935,101,34,26485,13503,0.40043660688356814,981,548,23278,22178,13729,6623,10079,19680,27559,15200,0,0,36441,11291,6258,2636,1389,79,0,0,0,0,30729,6539,4499,0,0,0,0,0
506,1726,507.34974543967155,99861,1820,911,101,34,26792,13654,0.40502298194490344,970,555,23124,22080,13886,6708,10097,19710,27728,15326,0,0,35983,11482,6434,2682,1420,84,0,0,0,0,30787,6460,4529,0,0,0,0,0
507,1726,508.58341308589024,99861,1826,913,101,34,27088,13829,0.4097395379577613,992,523,22939,21980,14024,6800,10116,19748,27896,15452,0,0,35577,11615,6603,2729,1471,90,0,0,0,0,30842,6390,4544,0,0,0,0,0
508,1726,509.2029889509514,99861,1805,919,101,34,27244,13919,0.4122029621173431,984,506,22835,21850,14088,6831,10185,19858,28063,15578,0,0,35233,11682,6705,2754,1497,93,0,0,0,0,30988,6343,4566,0,0,0,0,0
509,1726,510.4528404827066,99860,1792,894,102,34,27548,14078,0.4168435810134188,967,507,22669,21733,14253,6949,10215,19881,28228,15703,0,0,34796,11835,6879,2812,1547,97,0,0,0,0,31047,6271,4576,0,0,0,0,0
510,1726,511.0806892118603,99859,1769,904,103,34,27698,14167,0.41924112999329055,983,506,22518,21612,14331,6972,10294,19970,28392,15828,0,0,34477,11902,6975,2825,1581,101,0,0,0,0,31176,6214,4608,0,0,0,0,0
511,1726,512.3476499187323,99857,1747,900,104,35,28010,14333,0.42403637201197714,949,505,22374,21487,14501,7061,10323,20010,28555,15953,0,0,34066,12034,7160,2873,1638,110,0,0,0,0,31215,6148,4613,0,0,0,0,0
512,1726,513.6245955117633,99857,1725,894,104,35,28293,14511,0.428652973752466,970,470,22235,21410,14634,7165,10330,20024,28716,16077,0,0,33644,12169,7333,2931,1685,115,0,0,0,0,31270,6085,4625,0,0,0,0,0
513,1726,514.265578928901,99857,1719,904,104,35,28448,14597,0.43106642498773245,978,445,22108,21307,14695,7194,10394,20113,28876,16201,0,0,33329,12221,7446,2952,1706,117,0,0,0,0,31397,6040,4649,0,0,0,0,0
514,1726,515.5578458275043,99856,1709,909,105,35,28735,14760,0.43557723121294667,976,433,21977,21235,14820,7268,10411,20118,29034,16325,0,0,32960,12333,7637,2998,1755,121,0,0,0,0,31422,5960,4670,0,0,0,0,0
515,1726,516.206747167352,99855,1725,900,106,35,28893,14836,0.43792499123729406,960,440,21884,21124,14849,7294,10474,20205,29191,16448,0,0,32694,12346,7773,3014,1789,122,0,0,0,0,31516,5913,4688,0,0,0,0,0
516,1726,517.5134505373435,99854,1718,882,107,35,29203,14974,0.44241592725379053,957,441,21753,21038,14986,7368,10477,20234,29347,16571,0,0,32283,12486,7957,3053,1839,126,0,0,0,0,31557,5859,4694,0,0,0,0,0
517,1726,518.1686581112351,99854,1698,866,107,35,29345,15050,0.44459911470747293,958,420,21638,20951,15045,7412,10552,20314,29501,16694,0,0,31992,12528,8074,3082,1869,129,0,0,0,0,31664,5797,4719,0,0,0,0,0
518,1726,519.4900754478789,99851,1711,827,109,36,29659,15187,0.4491292025117425,931,422,21510,20874,15161,7507,10576,20332,29654,16816,0,0,31593,12645,8239,3146,1915,134,0,0,0,0,31713,5732,4734,0,0,0,0,0
519,1726,520.1537237443744,99851,1714,829,109,36,29811,15263,0.4514126047811239,928,428,21431,20783,15173,7528,10643,20394,29806,16938,0,0,31319,12677,8346,3153,1955,138,0,0,0,0,31826,5686,4751,0,0,0,0,0
520,1726,521.4896790585889,99846,1673,826,113,37,30098,15420,0.45588205836988965,919,411,21303,20723,15332,7603,10658,20398,29956,17059,0,0,30937,12789,8534,3210,2007,142,0,0,0,0,31844,5617,4766,0,0,0,0,0
521,1726,522.1600430615415,99844,1673,818,114,38,30256,15487,0.4581447057409559,891,433,21218,20610,15377,7630,10725,20469,30105,17180,0,0,30661,12821,8659,3232,2028,144,0,0,0,0,31938,5565,4796,0,0,0,0,0
522,1726,523.5101498989459,99843,1666,803,115,38,30552,15631,0.46255621325481006,850,427,21119,20551,15491,7705,10757,20474,30253,17301,0,0,30317,12906,8848,3284,2080,152,0,0,0,0,31949,5494,4813,0,0,0,0,0
523,1726,524.1875904075109,99841,1638,804,116,39,30679,15704,0.4645686641760399,850,439,21037,20464,15536,7714,10821,20538,30399,17421,0,0,30042,12943,8959,3304,2100,158,0,0,0,0,32051,5444,4840,0,0,0,0,0
524,1726,525.5505485736503,99839,1621,789,118,39,30964,15861,0.4690050982081151,808,406,20966,20406,15650,7809,10835,20549,30544,17541,0,0,29664,13054,9115,3366,2155,163,0,0,0,0,32093,5375,4854,0,0,0,0,0
525,1726,526.2335411912959,99838,1610,800,119,39,31097,15943,0.4711632845209239,784,388,20872,20324,15704,7825,10909,20622,30688,17660,0,0,29402,13071,9225,3377,2190,166,0,0,0,0,32195,5343,4869,0,0,0,0,0
526,1726,527.6084788087792,99837,1597,774,120,39,31373,16065,0.47515450183799596,801,399,20749,20256,15816,7900,10915,20630,30830,17779,0,0,29059,13156,9391,3421,2245,174,0,0,0,0,32227,5287,4877,0,0,0,0,0
527,1726,528.2981230135118,99837,1582,765,120,39,31520,16130,0.4772779630798201,776,403,20666,20180,15874,7921,10980,20690,30971,17898,0,0,28790,13187,9506,3431,2280,180,0,0,0,0,32321,5251,4891,0,0,0,0,0
528,1726,529.6878006338992,99837,1538,771,120,39,31788,16281,0.48147480393040654,753,383,20580,20125,16037,7992,10970,20688,31111,18016,0,0,28436,13277,9667,3472,2345,186,0,0,0,0,32348,5204,4902,0,0,0,0,0
529,1726,530.3849197904756,99837,1521,772,120,39,31921,16358,0.483578232519006,733,352,20518,20052,16069,8011,11037,20772,31249,18134,0,0,28183,13289,9795,3481,2379,189,0,0,0,0,32433,5171,4917,0,0,0,0,0
530,1726,531.0847943665784,99837,1484,769,120,39,32036,16422,0.4853711549826217,729,343,20467,19998,16099,8026,11099,20823,31386,18251,0,0,27946,13288,9914,3499,2413,194,0,0,0,0,32521,5129,4933,0,0,0,0,0
531,1726,532.4916720652067,99836,1430,728,121,39,32281,16530,0.4889118153772186,680,368,20421,19937,16236,8099,11110,20827,31522,18368,0,0,27611,13373,10094,3538,2473,202,0,0,0,0,32530,5081,4934,0,0,0,0,0
532,1726,533.1958918704789,99835,1407,723,122,39,32407,16589,0.49076977012069917,650,371,20368,19866,16268,8112,11183,20887,31657,18484,0,0,27368,13377,10204,3557,2502,211,0,0,0,0,32627,5049,4940,0,0,0,0,0
533,1726,534.612084353922,99833,1333,708,124,39,32626,16719,0.4942754399847746,660,365,20313,19817,16386,8192,11182,20877,31790,18600,0,0,27040,13449,10365,3597,2567,218,0,0,0,0,32649,5001,4947,0,0,0,0,0
534,1726,535.3210649578265,99832,1319,708,124,40,32742,16797,0.49622365574164595,661,351,20249,19758,16405,8205,11240,20936,31922,18715,0,0,26812,13446,10471,3618,2602,222,0,0,0,0,32737,4959,4965,0,0,0,0,0
535,1726,536.0328090310306,99831,1308,682,124,41,32847,16864,0.49795153809938797,656,339,20176,19710,16416,8238,11318,20988,32053,18830,0,0,26600,13432,10612,3630,2635,226,0,0,0,0,32796,4923,4977,0,0,0,0,0
536,1726,537.4639629942645,99828,1290,682,127,41,33083,16996,0.5016528428897704,637,337,20143,19704,16482,8285,11319,20949,32183,18944,0,0,26300,13492,10770,3664,2698,230,0,0,0,0,32827,4873,4974,0,0,0,0,0
537,1726,538.1809020488179,99828,1261,653,127,41,33190,17038,0.5031454101053813,619,348,20096,19653,16512,8297,11383,21006,32311,19058,0,0,26069,13492,10877,3681,2739,232,0,0,0,0,32917,4841,4980,0,0,0,0,0
538,1726,539.6199482929784,99827,1260,635,127,42,33433,17150,0.5067066024221903,591,340,20083,19673,16563,8330,11374,20978,32438,19171,0,0,25786,13546,11027,3706,2794,241,0,0,0,0,32935,4794,4998,0,0,0,0,0
539,1726,540.3396472591895,99826,1215,618,128,42,33531,17212,0.5083144671728808,593,337,20033,19615,16599,8347,11430,21039,32564,19284,0,0,25569,13535,11156,3724,2832,244,0,0,0,0,32997,4760,5009,0,0,0,0,0
540,1726,541.0610235369566,99826,1188,608,128,42,33631,17276,0.5099573257467994,593,330,19995,19570,16605,8361,11489,21087,32689,19397,0,0,25359,13526,11267,3736,2874,247,0,0,0,0,33071,4724,5022,0,0,0,0,0
541,1726,542.5099178702123,99826,1121,615,128,42,33826,17403,0.513182938312664,597,300,19967,19556,16686,8415,11499,21070,32813,19509,0,0,25055,13593,11426,3768,2921,252,0,0,0,0,33093,4682,5036,0,0,0,0,0
542,1726,543.2339832648013,99824,1102,613,130,42,33930,17452,0.5147259176150024,576,303,19931,19521,16686,8403,11573,21116,32935,19621,0,0,24859,13572,11536,3778,2956,253,0,0,0,0,33167,4649,5054,0,0,0,0,0
543,1726,544.6893978065411,99824,1078,609,130,42,34128,17563,0.5178213656034621,545,290,19928,19531,16722,8432,11595,21094,33056,19732,0,0,24598,13597,11671,3814,3010,259,0,0,0,0,33200,4611,5064,0,0,0,0,0
544,1726,545.4173217114801,99824,1074,605,130,42,34228,17623,0.5194241865683603,527,281,19884,19476,16728,8440,11655,21154,33176,19843,0,0,24388,13583,11765,3826,3039,263,0,0,0,0,33298,4586,5076,0,0,0,0,0
545,1726,546.146438655714,99824,1056,589,130,42,34325,17672,0.5208867606988299,511,267,19849,19426,16729,8451,11723,21223,33295,19953,0,0,24193,13574,11870,3833,3072,270,0,0,0,0,33366,4555,5091,0,0,0,0,0
546,1726,547.6100186706449,99823,1051,574,130,43,34548,17774,0.5241477415024594,447,262,19856,19444,16776,8482,11738,21193,33413,20063,0,0,23957,13589,12023,3869,3128,276,0,0,0,0,33369,4504,5108,0,0,0,0,0
547,1726,548.3418522351393,99823,1032,567,130,43,34630,17828,0.5255101529707582,455,249,19810,19410,16773,8492,11798,21237,33530,20172,0,0,23774,13582,12112,3869,3171,279,0,0,0,0,33440,4468,5128,0,0,0,0,0
548,1726,549.0748233216734,99821,1034,542,131,44,34732,17867,0.5269332104466996,425,262,19774,19389,16762,8489,11872,21272,33645,20281,0,0,23586,13564,12212,3873,3208,282,0,0,0,0,33516,4440,5140,0,0,0,0,0
549,1726,550.5461205458021,99819,968,518,131,46,34894,17948,0.5293781744958375,428,253,19743,19443,16840,8507,11888,21231,33759,20389,0,0,23331,13600,12370,3901,3252,286,0,0,0,0,33524,4404,5151,0,0,0,0,0
550,1726,551.2818340618123,99819,955,500,131,46,34972,17992,0.5306003866999268,430,256,19725,19397,16813,8513,11944,21286,33872,20497,0,0,23176,13572,12484,3897,3287,291,0,0,0,0,33569,4368,5175,0,0,0,0,0
551,1726,552.0200958365186,99819,939,488,131,46,35063,18034,0.5319327983650407,415,258,19691,19375,16818,8513,12004,21318,33984,20604,0,0,22989,13565,12596,3898,3314,297,0,0,0,0,33635,4342,5183,0,0,0,0,0
552,1726,553.4998673197376,99819,891,478,131,46,35214,18124,0.5343471683747583,392,253,19695,19386,16854,8546,12035,21289,34095,20711,0,0,22776,13559,12761,3927,3355,304,0,0,0,0,33640,4307,5190,0,0,0,0,0
553,1726,554.2397346091759,99819,870,494,131,46,35286,18187,0.535699616305513,382,231,19663,19346,16849,8551,12103,21330,34205,20817,0,0,22608,13538,12854,3933,3386,308,0,0,0,0,33713,4274,5205,0,0,0,0,0
554,1726,555.723528665808,99819,830,473,131,46,35434,18268,0.5379937687213857,359,220,19682,19386,16873,8566,12123,21307,34314,20922,0,0,22407,13536,13009,3945,3446,312,0,0,0,0,33714,4241,5209,0,0,0,0,0
555,1726,556.4648574584828,99819,832,451,131,46,35520,18307,0.5392460353239363,337,212,19664,19367,16852,8573,12182,21349,34422,21027,0,0,22251,13480,13123,3968,3467,317,0,0,0,0,33779,4217,5217,0,0,0,0,0
556,1726,557.2074133724941,99818,815,437,132,46,35589,18340,0.5402732974012703,333,217,19663,19350,16823,8565,12232,21383,34529,21131,0,0,22091,13454,13218,3965,3504,319,0,0,0,0,33847,4191,5229,0,0,0,0,0
557,1726,558.6946810388064,99818,784,434,132,46,35720,18423,0.542417199302731,331,197,19671,19364,16830,8575,12250,21382,34635,21235,0,0,21887,13464,13334,3977,3560,322,0,0,0,0,33880,4160,5234,0,0,0,0,0
558,1726,559.4375242857263,99818,753,415,132,46,35775,18453,0.5432687491234046,338,195,19667,19355,16810,8563,12298,21424,34740,21338,0,0,21718,13449,13407,3976,3600,324,0,0,0,0,33957,4137,5250,0,0,0,0,0
559,1726,560.1813388284689,99818,729,417,132,46,35839,18500,0.5443807730068725,333,188,19633,19325,16803,8559,12368,21463,34844,21441,0,0,21561,13422,13485,3980,3633,331,0,0,0,0,34034,4108,5264,0,0,0,0,0
560,1726,561.6714176849996,99816,683,400,134,46,35948,18565,0.5461348881942775,344,182,19653,19377,16801,8562,12383,21431,34946,21543,0,0,21383,13402,13626,3994,3679,333,0,0,0,0,34048,4077,5274,0,0,0,0,0
561,1726,562.4161432960864,99815,665,401,135,46,36012,18597,0.5471021389570706,338,182,19636,19358,16792,8541,12432,21470,35047,21645,0,0,21232,13363,13707,3998,3711,334,0,0,0,0,34130,4053,5287,0,0,0,0,0
562,1726,563.161577938284,99815,643,402,135,46,36078,18641,0.5482041777287983,315,167,19621,19353,16792,8535,12492,21495,35147,21746,0,0,21086,13328,13806,4002,3742,336,0,0,0,0,34189,4024,5302,0,0,0,0,0
563,1726,564.6550897695647,99815,621,379,135,46,36191,18699,0.5499173470921204,283,171,19676,19417,16784,8536,12499,21449,35246,21847,0,0,20906,13319,13910,4010,3794,343,0,0,0,0,34228,4004,5301,0,0,0,0,0
564,1726,565.4000849236987,99815,616,366,135,46,36246,18725,0.5507288483694835,272,169,19677,19403,16746,8519,12552,21495,35344,21947,0,0,20786,13276,13985,3999,3835,348,0,0,0,0,34289,3980,5317,0,0,0,0,0
565,1726,566.1457548846379,99815,603,366,135,46,36296,18768,0.5516605720583079,280,158,19658,19390,16705,8518,12617,21520,35442,22047,0,0,20644,13242,14081,3995,3858,353,0,0,0,0,34355,3961,5326,0,0,0,0,0
566,1726,567.6382079200788,99814,560,352,135,47,36405,18830,0.553379285470976,255,156,19694,19445,16721,8523,12633,21475,35539,22146,0,0,20483,13218,14204,4011,3908,361,0,0,0,0,34373,3931,5325,0,0,0,0,0
567,1726,568.3830158981493,99814,559,359,135,47,36461,18866,0.5543009998597391,238,144,19692,19446,16680,8501,12694,21501,35635,22245,0,0,20361,13174,14285,4007,3934,364,0,0,0,0,34441,3902,5346,0,0,0,0,0
568,1726,569.1288957052325,99814,543,342,135,47,36506,18891,0.5550023042859719,237,140,19697,19432,16643,8501,12743,21536,35730,22343,0,0,20227,13142,14364,4012,3954,370,0,0,0,0,34510,3869,5366,0,0,0,0,0
569,1726,570.6211458671381,99814,518,328,135,47,36601,18940,0.5564449876770794,212,135,19792,19483,16594,8487,12747,21518,35824,22441,0,0,20070,13126,14467,4013,3993,381,0,0,0,0,34551,3846,5367,0,0,0,0,0
570,1726,571.3643499424958,99813,485,320,136,47,36630,18961,0.5569514993036979,226,134,19820,19486,16537,8466,12794,21545,35917,22538,0,0,19965,13073,14557,4001,4025,386,0,0,0,0,34599,3821,5386,0,0,0,0,0
571,1726,572.1073875332897,99813,487,304,136,47,36674,18988,0.5576628294911484,218,133,19812,19493,16483,8454,12862,21567,36009,22635,0,0,19854,13032,14640,3987,4053,394,0,0,0,0,34653,3802,5398,0,0,0,0,0
572,1726,573.5921782527915,99812,466,294,136,48,36758,19037,0.5590009217328578,203,129,19868,19533,16452,8449,12873,21545,36100,22731,0,0,19709,13001,14751,3989,4090,396,0,0,0,0,34684,3783,5409,0,0,0,0,0
573,1726,574.3326798907508,99812,465,296,136,48,36800,19067,0.5597222778824189,201,120,19869,19537,16409,8433,12918,21564,36190,22827,0,0,19588,12965,14816,3982,4109,404,0,0,0,0,34761,3762,5425,0,0,0,0,0
574,1726,575.073527838815,99812,457,283,136,48,36839,19089,0.5603334268424638,203,114,19858,19544,16372,8421,12972,21588,36279,22922,0,0,19477,12907,14907,3988,4132,404,0,0,0,0,34820,3740,5437,0,0,0,0,0
575,1726,576.5557797476116,99812,454,266,136,48,36926,19126,0.5615757624333747,184,102,19926,19625,16312,8400,12986,21557,36367,23017,0,0,19348,12872,14986,3989,4173,412,0,0,0,0,34867,3716,5449,0,0,0,0,0
576,1726,577.2946731718678,99812,446,262,136,48,36955,19155,0.5621568548871879,186,91,19929,19615,16261,8399,13040,21583,36454,23111,0,0,19231,12842,15059,3977,4193,416,0,0,0,0,34932,3692,5470,0,0,0,0,0
577,1726,578.0338164476773,99810,417,254,138,48,36979,19171,0.56256888087366,190,91,19933,19617,16224,8385,13096,21603,36540,23204,0,0,19118,12799,15130,3969,4223,420,0,0,0,0,34998,3677,5476,0,0,0,0,0
578,1726,579.5121738526203,99809,407,246,139,48,37051,19207,0.5636565840755844,183,86,19983,19691,16184,8354,13102,21573,36626,23297,0,0,18984,12764,15219,3971,4250,426,0,0,0,0,35052,3660,5483,0,0,0,0,0
579,1726,580.2496556800387,99809,406,239,139,48,37092,19227,0.5642677514051839,171,83,19985,19694,16146,8333,13151,21601,36711,23389,0,0,18871,12728,15299,3958,4270,432,0,0,0,0,35113,3647,5491,0,0,0,0,0
580,1726,581.7248061874857,99808,382,213,140,48,37150,19244,0.5650248477075986,180,94,20022,19758,16096,8317,13178,21568,36795,23481,0,0,18746,12692,15390,3965,4298,434,0,0,0,0,35155,3622,5506,0,0,0,0,0
581,1726,582.460989083365,99808,385,204,140,48,37182,19257,0.5654757133696697,184,95,20010,19766,16048,8291,13231,21594,36878,23572,0,0,18627,12656,15459,3963,4304,440,0,0,0,0,35235,3609,5515,0,0,0,0,0
582,1726,583.1974275032892,99808,377,207,140,48,37216,19271,0.5659566367425457,179,96,20023,19774,15995,8264,13284,21609,36960,23663,0,0,18511,12622,15511,3957,4327,443,0,0,0,0,35320,3593,5524,0,0,0,0,0
583,1726,584.6707569991081,99808,353,202,140,48,37277,19305,0.5669084642513627,166,84,20103,19848,15933,8232,13303,21584,37041,23753,0,0,18393,12592,15595,3956,4362,448,0,0,0,0,35359,3571,5532,0,0,0,0,0
584,1726,585.4049878417893,99808,357,212,140,48,37317,19332,0.567579753126002,148,73,20108,19871,15887,8200,13358,21594,37122,23843,0,0,18284,12561,15658,3943,4385,450,0,0,0,0,35429,3553,5545,0,0,0,0,0
585,1726,586.1388797584211,99808,354,200,140,48,37351,19347,0.5680706957358128,143,71,20118,19886,15842,8193,13401,21600,37202,23932,0,0,18179,12515,15721,3937,4409,453,0,0,0,0,35498,3537,5559,0,0,0,0,0
586,1726,587.6062424188583,99808,349,188,140,48,37399,19369,0.5687720423212568,152,74,20186,19969,15767,8171,13404,21548,37281,24021,0,0,18065,12483,15790,3928,4439,457,0,0,0,0,35557,3522,5567,0,0,0,0,0
587,1726,588.3376963452348,99808,339,190,140,48,37431,19384,0.5692429464571979,137,77,20191,19978,15727,8146,13464,21559,37359,24109,0,0,17971,12440,15855,3913,4469,459,0,0,0,0,35617,3506,5578,0,0,0,0,0
588,1726,589.0687951613825,99808,329,182,140,48,37459,19397,0.5696537351715293,131,77,20190,19985,15693,8122,13515,21584,37436,24197,0,0,17869,12402,15927,3906,4490,460,0,0,0,0,35677,3487,5590,0,0,0,0,0
589,1726,590.5311767257717,99808,335,177,140,48,37517,19421,0.5704753126001924,118,85,20267,20054,15623,8085,13515,21549,37513,24284,0,0,17767,12355,16013,3906,4513,461,0,0,0,0,35722,3473,5598,0,0,0,0,0
590,1726,591.2601866763171,99808,327,174,140,48,37539,19436,0.5708460243667842,112,82,20272,20058,15581,8076,13566,21560,37589,24371,0,0,17660,12328,16070,3895,4529,466,0,0,0,0,35794,3457,5609,0,0,0,0,0
591,1726,592.7172348323583,99806,285,163,141,49,37572,19459,0.5714185519908622,124,86,20359,20138,15515,8045,13574,21517,37664,24457,0,0,17550,12299,16131,3889,4572,470,0,0,0,0,35843,3437,5615,0,0,0,0,0
592,1726,593.4438424057454,99806,285,157,141,49,37594,19466,0.5717091156844278,123,90,20383,20152,15452,8014,13614,21536,37738,24543,0,0,17469,12257,16183,3877,4592,475,0,0,0,0,35906,3413,5634,0,0,0,0,0
593,1726,594.1694993531584,99806,276,156,141,49,37619,19479,0.5720898543173757,115,90,20400,20168,15412,7993,13654,21542,37812,24628,0,0,17370,12210,16238,3876,4609,478,0,0,0,0,35981,3400,5644,0,0,0,0,0
594,1726,595.6186720689385,99805,249,143,141,50,37658,19501,0.5727067782175241,110,85,20488,20254,15356,7956,13654,21510,37885,24713,0,0,17278,12158,16331,3875,4636,482,0,0,0,0,36009,3385,5651,0,0,0,0,0
595,1726,596.340935698042,99805,251,144,141,50,37683,19519,0.5731376183557938,100,73,20498,20272,15311,7932,13697,21527,37957,24797,0,0,17195,12106,16400,3859,4658,487,0,0,0,0,36069,3379,5652,0,0,0,0,0
596,1726,597.0624938078045,99805,259,137,141,50,37706,19532,0.5734983217273684,94,75,20511,20271,15244,7921,13749,21544,38028,24881,0,0,17107,12065,16459,3844,4674,493,0,0,0,0,36132,3371,5660,0,0,0,0,0
597,1726,598.5046332792331,99805,248,125,141,50,37739,19552,0.574029357246631,88,70,20583,20351,15173,7892,13765,21510,38099,24964,0,0,17006,12038,16534,3837,4689,498,0,0,0,0,36175,3352,5676,0,0,0,0,0
598,1726,599.2233234049437,99805,237,130,141,50,37750,19564,0.5742598066229146,85,65,20602,20349,15123,7864,13810,21540,38169,25047,0,0,16922,11990,16598,3825,4708,498,0,0,0,0,36238,3342,5684,0,0,0,0,0
599,1726,600.6597974603122,99805,209,136,141,50,37777,19595,0.5748409398326737,81,51,20683,20428,15073,7828,13811,21505,38238,25129,0,0,16829,11954,16663,3823,4734,504,0,0,0,0,36285,3324,5689,0,0,0,0,0
600,1726,601.3753596521107,99805,209,134,141,50,37793,19603,0.5750814087470567,76,48,20702,20438,15015,7803,13855,21525,38307,25211,0,0,16753,11914,16716,3810,4752,507,0,0,0,0,36343,3305,5705,0,0,0,0,0
601,1726,602.0907785297338,99805,196,129,141,50,37808,19609,0.5752918190471419,73,54,20709,20459,14979,7775,13900,21531,38375,25292,0,0,16674,11867,16779,3805,4769,509,0,0,0,0,36401,3285,5716,0,0,0,0,0
602,1726,603.5202949073982,99805,174,121,141,50,37833,19629,0.5757426982616102,81,47,20774,20538,14915,7754,13913,21488,38442,25373,0,0,16583,11825,16845,3806,4788,513,0,0,0,0,36449,3265,5731,0,0,0,0,0
603,1726,604.2330405595344,99805,162,113,141,50,37841,19635,0.5758829717950003,86,43,20789,20554,14871,7729,13949,21509,38509,25453,0,0,16496,11788,16899,3795,4805,516,0,0,0,0,36514,3253,5739,0,0,0,0,0
604,1726,605.6579031453082,99804,153,113,142,50,37866,19650,0.5762895274738488,87,40,20876,20625,14791,7696,13949,21474,38575,25533,0,0,16421,11742,16963,3781,4829,520,0,0,0,0,36559,3242,5747,0,0,0,0,0
605,1726,606.367925940826,99804,155,110,142,50,37881,19660,0.5765400184361348,79,37,20904,20651,14726,7671,13992,21479,38640,25612,0,0,16347,11702,17006,3767,4850,525,0,0,0,0,36622,3228,5757,0,0,0,0,0
606,1726,607.0772461180911,99804,152,103,142,50,37896,19665,0.5767404112059636,75,38,20913,20669,14675,7650,14041,21488,38705,25691,0,0,16276,11650,17081,3763,4859,526,0,0,0,0,36669,3212,5768,0,0,0,0,0
607,1726,608.4938824775065,99802,139,92,144,50,37920,19676,0.5771026632732811,65,42,20978,20753,14614,7622,14058,21439,38769,25769,0,0,16198,11605,17152,3760,4878,529,0,0,0,0,36707,3199,5774,0,0,0,0,0
608,1726,609.2004253770896,99802,147,96,144,50,37934,19687,0.5773531592553256,59,36,20999,20788,14551,7590,14098,21438,38832,25847,0,0,16125,11557,17208,3748,4891,530,0,0,0,0,36771,3191,5781,0,0,0,0,0
609,1726,610.612089048814,99802,139,85,144,50,37955,19697,0.5776637742730607,49,32,21070,20887,14483,7569,14113,21375,38895,25924,0,0,16044,11523,17275,3735,4910,533,0,0,0,0,36811,3182,5789,0,0,0,0,0
610,1726,611.3158953752442,99802,132,78,144,50,37968,19699,0.5778140718622873,43,35,21089,20899,14440,7547,14150,21389,38957,26001,0,0,15971,11486,17324,3721,4931,535,0,0,0,0,36866,3167,5801,0,0,0,0,0
611,1726,612.0191749095712,99802,132,75,144,50,37976,19703,0.5779343099336687,43,37,21099,20918,14388,7512,14192,21406,39019,26077,0,0,15900,11448,17372,3711,4941,537,0,0,0,0,36925,3149,5819,0,0,0,0,0
612,1726,613.4243701032187,99802,123,74,144,50,37991,19715,0.5782048455942767,44,35,21179,20995,14314,7473,14194,21371,39080,26153,0,0,15830,11404,17425,3705,4952,544,0,0,0,0,36975,3134,5833,0,0,0,0,0
613,1726,614.1250862726819,99802,127,70,144,50,38003,19720,0.5783751828620669,39,38,21209,20995,14256,7457,14223,21388,39140,26228,0,0,15751,11369,17472,3692,4967,545,0,0,0,0,37040,3127,5839,0,0,0,0,0
614,1726,615.5238068634357,99802,118,68,144,50,38016,19734,0.5786457185226749,32,33,21284,21059,14185,7426,14235,21362,39200,26303,0,0,15670,11333,17525,3686,4979,549,0,0,0,0,37097,3116,5847,0,0,0,0,0
615,1726,616.2205672914463,99802,118,64,144,50,38021,19740,0.5787559367547744,35,32,21295,21084,14124,7399,14282,21369,39259,26378,0,0,15604,11289,17572,3679,4992,551,0,0,0,0,37156,3101,5858,0,0,0,0,0
616,1726,617.6133001161112,99802,113,64,144,50,38036,19751,0.5790164525761007,27,27,21390,21169,14030,7363,14294,21325,39318,26452,0,0,15538,11246,17622,3669,5006,557,0,0,0,0,37206,3088,5870,0,0,0,0,0
617,1726,618.3071578394788,99802,107,59,144,50,38039,19753,0.5790665517725095,33,30,21424,21194,13966,7336,14324,21329,39376,26526,0,0,15476,11200,17677,3657,5021,559,0,0,0,0,37257,3078,5877,0,0,0,0,0
618,1726,619.0003573433888,99801,105,63,145,50,38044,19760,0.5791925932605886,30,26,21444,21224,13911,7309,14363,21326,39433,26599,0,0,15413,11166,17715,3641,5037,561,0,0,0,0,37313,3062,5893,0,0,0,0,0
619,1726,620.3839612775957,99801,94,59,145,50,38056,19768,0.5793929920541878,27,29,21532,21301,13838,7269,14362,21290,39490,26672,0,0,15343,11127,17764,3633,5058,563,0,0,0,0,37365,3049,5899,0,0,0,0,0
620,1726,621.0732147534134,99801,88,56,145,50,38058,19771,0.5794430917525877,35,29,21546,21315,13789,7244,14395,21304,39546,26744,0,0,15266,11096,17801,3623,5070,564,0,0,0,0,37433,3038,5910,0,0,0,0,0
621,1726,622.4503152311516,99801,74,56,145,50,38068,19783,0.5796635304255469,33,22,21626,21391,13716,7210,14404,21269,39602,26816,0,0,15198,11054,17861,3615,5081,568,0,0,0,0,37476,3028,5920,0,0,0,0,0
622,1726,623.1366952413391,99801,76,54,145,50,38074,19787,0.5797637298223465,34,19,21631,21405,13669,7191,14443,21279,39657,26887,0,0,15126,11021,17902,3607,5089,569,0,0,0,0,37539,3016,5932,0,0,0,0,0
623,1726,624.0782998545211,99801,71,52,145,50,38074,19789,0.5797837697017064,36,17,21617,21400,13624,7172,14505,21307,39712,26958,0,0,15069,10978,17950,3586,5110,570,0,0,0,0,37590,3010,5938,0,0,0,0,0
624,1726,625.0367864592056,99801,68,48,145,50,38083,19795,0.5799340687969058,31,12,21676,21467,13558,7134,14520,21287,39766,27028,0,0,15004,10946,17994,3579,5121,573,0,0,0,0,37641,2992,5951,0,0,0,0,0
625,1726,626.3187877778668,99801,71,41,145,50,38094,19799,0.5800843678921053,26,11,21719,21530,13489,7109,14548,21257,39820,27098,0,0,14944,10900,18053,3574,5128,575,0,0,0,0,37686,2981,5960,0,0,0,0,0
626,1726,627.5994966610319,99801,61,36,145,50,38106,19802,0.5802346669873047,24,13,21859,21647,13401,7070,14508,21182,39873,27168,0,0,14877,10863,18095,3565,5148,576,0,0,0,0,37738,2970,5969,0,0,0,0,0
627,1726,628.2792385050532,99801,58,37,145,50,38108,19803,0.5802647268063447,23,12,21839,21636,13369,7048,14564,21215,39926,27237,0,0,14819,10823,18138,3550,5162,578,0,0,0,0,37792,2963,5976,0,0,0,0,0
628,1726,629.20228914803,99801,56,36,145,50,38114,19805,0.5803448863237843,19,14,21882,21673,13312,7024,14584,21201,39978,27306,0,0,14755,10785,18179,3540,5173,580,0,0,0,0,37850,2956,5983,0,0,0,0,0
629,1726,630.1507228836572,99801,55,34,145,50,38125,19812,0.5805252452380236,44,42,21949,21747,13235,6980,14570,21145,40030,27374,0,0,14684,10746,18221,3532,5187,580,4,0,0,2,37907,2949,5989,0,0,0,0,0
630,1726,631.2943085298457,99801,61,48,145,50,38137,19829,0.5808158234887426,45,30,21994,21819,13177,6942,14576,21109,40081,27442,0,0,14624,10706,18258,3525,5196,583,6,0,0,4,37963,2939,5997,0,0,0,0,0
631,1726,632.4352586053244,99801,63,49,145,50,38149,19840,0.5810462821013818,54,29,22035,21868,13117,6921,14584,21081,40132,27509,0,0,14560,10675,18285,3512,5214,585,9,0,0,14,38014,2928,6005,0,0,0,0,0
632,1726,633.0047959446979,99801,65,50,145,50,38158,19845,0.5811865612569013,47,31,22053,21876,13068,6897,14620,21094,40182,27576,0,0,14506,10627,18331,3509,5221,587,10,0,0,16,38065,2915,6014,0,0,0,0,0
633,1726,634.1430438105607,99801,67,50,145,50,38166,19852,0.5813368603521006,50,34,22119,21947,12996,6862,14621,21055,40232,27642,0,0,14448,10590,18365,3500,5233,589,11,0,0,23,38115,2904,6023,0,0,0,0,0
634,1726,635.2779214489805,99801,62,48,145,50,38175,19862,0.58152723920602,59,31,22169,22016,12930,6834,14633,21019,40281,27708,0,0,14378,10563,18385,3487,5254,591,16,0,0,31,38172,2893,6031,0,0,0,0,0
635,1726,636.4095870540759,99801,65,48,145,50,38192,19870,0.5817777376980191,60,34,22220,22071,12862,6798,14646,20997,40330,27774,0,0,14316,10526,18418,3478,5265,595,21,0,0,41,38219,2885,6037,0,0,0,0,0
636,1726,637.5387230906432,99801,71,50,145,50,38206,19878,0.5819981763709783,56,35,22274,22130,12804,6773,14648,20960,40378,27839,0,0,14255,10494,18446,3463,5284,597,23,0,0,47,38272,2880,6040,0,0,0,0,0
637,1726,638.1017354252444,99801,75,51,145,50,38218,19882,0.5821584954058576,49,34,22291,22145,12756,6750,14682,20968,40426,27904,0,0,14200,10459,18480,3454,5296,598,26,0,0,51,38320,2864,6053,0,0,0,0,0
638,1726,639.2276105621576,99800,71,54,146,50,38232,19892,0.5824048096192385,48,34,22331,22212,12699,6713,14703,20935,40473,27968,0,0,14145,10414,18520,3447,5311,599,31,0,0,59,38362,2853,6059,0,0,0,0,0
639,1726,640.3511748925457,99800,75,47,146,50,38245,19899,0.5826052104208417,47,40,22387,22265,12634,6693,14709,20903,40520,28032,0,0,14092,10376,18552,3440,5324,600,34,0,0,71,38400,2837,6074,0,0,0,0,0
640,1726,641.4721478639049,99800,77,51,146,50,38259,19910,0.5828557114228456,48,38,22441,22339,12576,6664,14710,20856,40566,28096,0,0,14043,10332,18589,3435,5335,604,36,0,0,77,38441,2826,6082,0,0,0,0,0
641,1726,642.0313645232078,99800,67,52,146,50,38261,19915,0.5829258517034068,54,34,22446,22353,12543,6646,14742,20863,40612,28159,0,0,13980,10306,18613,3426,5346,605,40,0,0,86,38491,2812,6095,0,0,0,0,0
642,1726,643.1491513046342,99800,75,53,146,50,38277,19926,0.5831963927855711,52,28,22493,22403,12477,6625,14755,20839,40658,28222,0,0,13926,10269,18642,3415,5365,606,43,0,0,90,38538,2801,6105,0,0,0,0,0
643,1726,644.2645863208446,99800,67,55,146,50,38286,19934,0.5833667334669339,56,31,22550,22464,12423,6591,14756,20807,40703,28284,0,0,13879,10228,18678,3403,5382,609,49,0,0,99,38570,2791,6112,0,0,0,0,0
644,1726,645.3771169886344,99800,71,50,146,50,38302,19943,0.5836172344689379,52,28,22614,22526,12355,6578,14760,20766,40748,28346,0,0,13821,10192,18709,3397,5393,613,57,0,0,105,38614,2777,6122,0,0,0,0,0
645,1726,646.4868926555889,99800,82,52,146,50,38322,19951,0.5838977955911824,43,30,22696,22566,12271,6556,14760,20744,40792,28408,0,0,13776,10143,18755,3389,5405,614,61,0,0,111,38649,2770,6127,0,0,0,0,0
646,1726,647.0401225226885,99800,79,52,146,50,38325,19954,0.5839579158316633,53,32,22700,22584,12233,6536,14787,20744,40836,28469,0,0,13716,10114,18781,3383,5410,618,64,0,0,114,38703,2761,6136,0,0,0,0,0
647,1726,648.1453112381115,99800,86,53,146,50,38343,19965,0.584248496993988,52,31,22757,22647,12169,6513,14788,20704,40879,28530,0,0,13659,10081,18811,3374,5421,621,68,0,0,124,38746,2753,6142,0,0,0,0,0
648,1726,649.2478397211205,99800,81,60,146,50,38350,19978,0.5844488977955912,58,25,22821,22725,12109,6483,14783,20655,40922,28590,0,0,13607,10041,18847,3369,5431,623,73,0,0,129,38788,2743,6149,0,0,0,0,0
649,1726,650.34716334149,99800,88,61,146,50,38370,19988,0.584749498997996,52,21,22876,22780,12056,6465,14780,20621,40965,28650,0,0,13554,10005,18877,3362,5445,625,78,0,0,136,38829,2732,6157,0,0,0,0,0
650,1726,651.4437402745256,99800,89,57,146,50,38381,19995,0.5849298597194389,61,25,22929,22847,11989,6437,14784,20582,41007,28710,0,0,13505,9967,18909,3355,5459,625,82,0,0,146,38864,2720,6168,0,0,0,0,0
651,1726,652.5376454774573,99800,99,58,146,50,38398,20002,0.5851703406813628,60,32,22976,22906,11936,6409,14781,20543,41049,28769,0,0,13444,9946,18925,3344,5475,626,84,0,0,151,38918,2711,6176,0,0,0,0,0
652,1726,653.0833176122493,99800,98,57,146,50,38403,20004,0.5852404809619238,61,36,22989,22921,11893,6390,14811,20544,41090,28828,0,0,13397,9909,18957,3337,5487,627,85,0,0,153,38962,2702,6184,0,0,0,0,0
653,1726,654.1743832898532,99800,98,52,146,50,38420,20008,0.5854509018036073,58,44,23040,22978,11838,6353,14818,20521,41131,28886,0,0,13347,9873,18989,3330,5502,629,87,0,0,163,39000,2692,6188,0,0,0,0,0
654,1726,655.2628785436058,99800,97,53,146,50,38437,20012,0.5856613226452906,59,49,23093,23031,11797,6331,14806,20484,41172,28944,0,0,13299,9836,19015,3325,5516,633,88,0,0,168,39042,2684,6194,0,0,0,0,0
655,1726,656.3489154759782,99800,102,57,146,50,38454,20021,0.5859218436873748,64,48,23135,23096,11744,6305,14807,20442,41212,29002,0,0,13248,9802,19043,3319,5526,636,92,0,0,171,39086,2673,6204,0,0,0,0,0
656,1726,657.4324086792438,99800,112,62,146,50,38483,20033,0.5863326653306613,60,50,23176,23162,11695,6276,14809,20398,41252,29059,0,0,13196,9773,19064,3309,5544,639,95,0,0,180,39126,2665,6209,0,0,0,0,0
657,1726,658.5142625528674,99800,111,63,146,50,38497,20042,0.5865631262525051,64,52,23228,23229,11646,6254,14803,20350,41292,29116,0,0,13146,9747,19084,3304,5555,642,97,0,0,191,39163,2649,6222,0,0,0,0,0
658,1726,659.054042307069,99800,114,66,146,50,38505,20048,0.5867034068136272,66,51,23234,23253,11608,6227,14830,20351,41331,29173,0,0,13098,9709,19120,3297,5564,643,100,0,0,193,39206,2644,6226,0,0,0,0,0
659,1726,660.1330529766005,99800,110,63,146,50,38521,20057,0.5869539078156313,68,51,23272,23311,11567,6215,14835,20308,41370,29229,0,0,13046,9676,19142,3288,5585,644,105,0,0,207,39239,2639,6229,0,0,0,0,0
660,1726,661.210242024715,99799,122,61,147,50,38544,20065,0.5872704135311977,63,51,23320,23372,11515,6189,14831,20275,41408,29285,0,0,12999,9644,19168,3281,5597,646,106,0,0,217,39275,2629,6237,0,0,0,0,0
661,1726,662.2851581397749,99799,124,67,147,50,38555,20079,0.5875209170432569,72,47,23371,23414,11459,6165,14825,20255,41446,29340,0,0,12951,9610,19196,3274,5608,649,110,0,0,220,39315,2622,6244,0,0,0,0,0
662,1726,663.3579838024592,99799,133,72,147,50,38581,20091,0.587901682381587,66,48,23404,23477,11419,6138,14829,20213,41484,29395,0,0,12899,9579,19224,3264,5622,652,116,0,0,226,39355,2614,6248,0,0,0,0,0
663,1726,664.4285618318844,99799,136,76,147,50,38603,20108,0.5882924678603993,61,40,23463,23543,11364,6122,14827,20167,41521,29450,0,0,12844,9547,19249,3256,5640,653,123,0,0,239,39390,2610,6248,0,0,0,0,0
664,1726,665.4968427947482,99799,133,82,147,50,38620,20122,0.5886030922153529,73,36,23507,23608,11321,6091,14817,20131,41558,29504,0,0,12795,9511,19273,3254,5656,653,128,0,0,247,39426,2600,6256,0,0,0,0,0
665,1726,666.0300492866344,99799,136,80,147,50,38634,20125,0.5887734346035531,70,40,23508,23625,11290,6075,14847,20128,41595,29558,0,0,12746,9484,19297,3244,5666,656,132,0,0,255,39463,2593,6263,0,0,0,0,0
666,1726,667.0959577895826,99799,140,86,147,50,38659,20137,0.5891441798014008,71,40,23569,23688,11229,6049,14842,20085,41631,29612,0,0,12696,9457,19312,3239,5682,659,135,0,0,262,39503,2582,6272,0,0,0,0,0
667,1726,668.1592968953797,99799,141,85,147,50,38678,20144,0.5894047034539425,66,39,23630,23757,11179,6016,14835,20051,41667,29665,0,0,12663,9419,19345,3230,5698,660,137,0,0,277,39519,2571,6280,0,0,0,0,0
668,1726,669.2197611183151,99799,139,82,147,50,38692,20155,0.5896552069660017,84,46,23671,23815,11140,6005,14817,20000,41703,29718,0,0,12609,9391,19362,3227,5712,662,139,0,0,290,39558,2565,6284,0,0,0,0,0
669,1726,670.2781768979796,99799,142,84,147,50,38710,20170,0.5899858716019198,83,39,23718,23889,11095,5998,14813,19938,41738,29771,0,0,12566,9359,19382,3220,5733,663,140,0,0,300,39590,2557,6289,0,0,0,0,0
670,1726,671.3343588841574,99799,145,81,147,50,38730,20177,0.5902564153949439,89,47,23759,23948,11051,5981,14807,19891,41773,29823,0,0,12525,9327,19403,3207,5757,665,141,0,0,308,39622,2552,6292,0,0,0,0,0
671,1726,672.3886109803738,99799,147,81,147,50,38756,20189,0.5906371807332739,86,51,23801,23996,11025,5969,14792,19851,41808,29875,0,0,12473,9297,19417,3203,5777,668,146,0,0,319,39658,2548,6293,0,0,0,0,0
672,1726,673.4408946189794,99799,151,81,147,50,38782,20196,0.5909678453691921,84,56,23854,24046,10987,5943,14775,19822,41842,29927,0,0,12429,9260,19443,3203,5788,669,151,0,0,331,39685,2539,6301,0,0,0,0,0
673,1726,674.4910591103921,99799,157,90,147,50,38809,20218,0.5914588322528281,88,44,23892,24099,10943,5932,14771,19783,41876,29978,0,0,12378,9239,19453,3198,5804,672,154,0,0,345,39719,2528,6309,0,0,0,0,0
674,1726,675.0153101918755,99799,156,87,147,50,38817,20225,0.5916091343600637,102,41,23901,24123,10912,5928,14780,19769,41910,30029,0,0,12338,9209,19480,3192,5814,674,156,0,0,354,39748,2517,6317,0,0,0,0,0
675,1726,676.0632439613801,99799,157,78,147,50,38844,20236,0.5919898996983938,107,45,23936,24180,10878,5916,14773,19729,41944,30080,0,0,12296,9172,19501,3189,5836,675,161,0,0,372,39767,2507,6323,0,0,0,0,0
676,1726,677.1093937959877,99799,154,76,147,50,38868,20242,0.5922905039128649,109,46,23963,24224,10856,5896,14769,19706,41977,30130,0,0,12248,9145,19513,3188,5853,677,165,0,0,383,39800,2496,6331,0,0,0,0,0
677,1726,678.1542971491795,99799,156,76,147,50,38894,20252,0.5926512289702301,102,53,23993,24300,10837,5876,14763,19643,42010,30180,0,0,12207,9111,19536,3184,5867,680,167,0,0,399,39823,2490,6335,0,0,0,0,0
678,1726,679.1977743130651,99799,162,70,147,50,38920,20259,0.5929818936061484,108,59,24033,24367,10800,5858,14748,19594,42043,30230,0,0,12164,9081,19555,3174,5888,682,175,0,0,409,39848,2482,6341,0,0,0,0,0
679,1726,680.2396502691607,99799,173,76,147,50,38956,20274,0.5934929207707492,94,58,24065,24421,10776,5845,14743,19548,42075,30279,0,0,12118,9049,19578,3175,5900,683,179,0,0,420,39878,2472,6347,0,0,0,0,0
680,1726,681.2799552340772,99799,169,82,147,50,38981,20293,0.5939338069519735,101,58,24111,24479,10739,5828,14731,19501,42107,30328,0,0,12078,9014,19600,3174,5913,689,186,0,0,434,39897,2463,6351,0,0,0,0,0
681,1726,682.3184781704133,99799,176,86,147,50,39009,20314,0.5944247938356095,92,53,24166,24550,10697,5809,14720,19450,42139,30377,0,0,12031,8986,19620,3170,5931,691,193,0,0,448,39923,2455,6351,0,0,0,0,0
682,1726,683.3544336382932,99799,181,78,147,50,39031,20328,0.5947855188929749,101,52,24194,24613,10664,5799,14711,19406,42171,30425,0,0,11985,8960,19638,3165,5944,694,198,0,0,466,39945,2446,6358,0,0,0,0,0
683,1726,684.389119274731,99799,176,74,147,50,39056,20342,0.5951763043717873,101,54,24244,24668,10639,5780,14691,19372,42202,30473,0,0,11941,8929,19657,3165,5953,700,204,0,0,490,39959,2439,6362,0,0,0,0,0
684,1726,685.4219312080437,99799,186,73,147,50,39092,20354,0.595657271114941,86,55,24287,24716,10606,5770,14686,19334,42233,30521,0,0,11897,8906,19670,3156,5971,703,209,0,0,510,39978,2432,6367,0,0,0,0,0
685,1726,686.4529159403953,99798,186,76,148,50,39126,20365,0.59611415058418,82,56,24318,24786,10580,5749,14684,19281,42264,30568,0,0,11857,8867,19695,3155,5980,710,214,0,0,525,39998,2429,6368,0,0,0,0,0
686,1726,687.4825291205466,99798,184,83,148,50,39147,20381,0.5964848994969839,93,53,24360,24836,10538,5732,14675,19244,42294,30615,0,0,11813,8842,19710,3151,5998,712,215,0,0,538,40028,2424,6367,0,0,0,0,0
687,1726,688.5101740228648,99798,190,87,148,50,39175,20399,0.5969458305777671,97,52,24398,24893,10489,5715,14676,19201,42324,30662,0,0,11779,8809,19733,3146,6014,716,217,0,0,553,40045,2417,6369,0,0,0,0,0
688,1726,689.0231548222571,99798,191,92,148,50,39188,20409,0.5971762961181587,98,50,24400,24908,10471,5701,14690,19197,42354,30709,0,0,11747,8777,19761,3137,6026,718,218,0,0,561,40068,2411,6374,0,0,0,0,0
689,1726,690.0489741510693,99798,188,94,148,50,39210,20423,0.597537024790076,106,47,24441,24965,10439,5686,14676,19156,42384,30755,0,0,11704,8753,19776,3130,6043,721,224,0,0,576,40089,2404,6378,0,0,0,0,0
690,1726,691.0730239916268,99798,186,92,148,50,39239,20435,0.5979478546664262,106,50,24494,25021,10414,5674,14650,19111,42413,30801,0,0,11660,8724,19793,3125,6059,724,234,0,0,592,40107,2395,6385,0,0,0,0,0
691,1726,692.0948721679057,99798,183,91,148,50,39269,20448,0.5983787250245496,111,46,24511,25089,10399,5657,14646,19065,42442,30847,0,0,11620,8696,19806,3124,6077,727,239,0,0,610,40124,2383,6392,0,0,0,0,0
692,1726,693.1158295234987,99798,179,90,148,50,39292,20457,0.5986993727329205,113,49,24565,25138,10366,5645,14627,19026,42471,30892,0,0,11583,8670,19821,3121,6087,734,242,0,0,625,40143,2374,6398,0,0,0,0,0
693,1726,694.1349634109639,99798,184,88,148,50,39323,20466,0.5991001823683841,112,54,24599,25193,10337,5634,14618,18979,42500,30937,0,0,11538,8641,19831,3124,6104,735,248,0,0,635,40172,2366,6404,0,0,0,0,0
694,1726,695.1523879533311,99798,192,88,148,50,39350,20478,0.5994909717629612,109,57,24634,25243,10311,5622,14604,18938,42528,30982,0,0,11501,8615,19853,3120,6110,739,253,0,0,651,40188,2357,6411,0,0,0,0,0
695,1726,696.1682567521234,99797,201,87,148,51,39380,20492,0.5999378738839845,107,59,24670,25300,10279,5607,14593,18894,42556,31026,0,0,11455,8594,19863,3118,6127,740,259,0,0,662,40216,2347,6416,0,0,0,0,0
696,1726,697.1823357796472,99797,200,83,148,51,39408,20507,0.6003687485595759,117,63,24692,25348,10256,5597,14585,18856,42584,31070,0,0,11411,8567,19870,3119,6150,741,264,0,0,677,40240,2338,6420,0,0,0,0,0
697,1726,698.1954741261478,99797,194,85,148,51,39435,20525,0.600819663917753,110,60,24744,25383,10231,5588,14571,18831,42612,31114,0,0,11376,8539,19886,3110,6170,744,272,0,0,697,40247,2326,6430,0,0,0,0,0
698,1726,699.2069935004325,99796,195,81,149,51,39463,20535,0.6012064611808089,116,66,24792,25428,10191,5573,14555,18799,42639,31158,0,0,11336,8511,19901,3104,6188,745,277,0,0,718,40260,2323,6433,0,0,0,0,0
699,1726,700.2164077840188,99795,208,81,149,52,39493,20555,0.6017135127010371,119,58,24836,25490,10146,5567,14540,18750,42666,31201,0,0,11301,8487,19916,3100,6203,747,278,0,0,738,40274,2315,6436,0,0,0,0,0
700,1726,701.2238751417672,99795,212,86,149,52,39530,20568,0.6022145398066036,113,59,24857,25536,10138,5547,14529,18718,42693,31244,0,0,11260,8461,19930,3094,6223,751,286,0,0,746,40298,2308,6438,0,0,0,0,0
701,1726,702.230292560958,99795,211,86,149,52,39552,20579,0.6025452176962773,119,63,24897,25584,10103,5536,14519,18677,42720,31287,0,0,11223,8438,19939,3087,6244,752,291,0,0,757,40319,2298,6447,0,0,0,0,0
702,1726,703.2350588714878,99795,218,91,149,52,39581,20593,0.6029761010070644,111,62,24929,25638,10071,5518,14520,18637,42746,31330,0,0,11200,8404,19965,3083,6260,756,293,0,0,765,40332,2289,6448,0,0,0,0,0
703,1726,704.2385124194489,99795,220,95,149,52,39618,20607,0.6034871486547422,111,58,24956,25689,10057,5497,14505,18607,42772,31372,0,0,11163,8383,19968,3074,6291,758,299,0,0,775,40353,2279,6452,0,0,0,0,0
704,1726,705.240873731819,99795,215,101,149,52,39645,20623,0.6039180319655293,123,53,25001,25729,10036,5481,14474,18582,42798,31414,0,0,11121,8354,19983,3078,6301,763,306,0,0,786,40376,2272,6455,0,0,0,0,0
705,1726,706.2414920928933,99794,207,110,150,52,39674,20644,0.6044251157384212,133,55,25043,25768,10012,5469,14453,18544,42824,31456,0,0,11088,8331,19989,3075,6327,766,309,0,0,802,40389,2260,6458,0,0,0,0,0
706,1726,707.2405520282085,99794,207,104,150,52,39709,20654,0.6048760446519831,126,66,25079,25815,9996,5454,14440,18507,42850,31497,0,0,11042,8311,19990,3071,6347,770,315,0,0,821,40410,2255,6462,0,0,0,0,0
707,1726,708.2379780370405,99794,216,109,150,52,39743,20676,0.6054372006333046,135,59,25106,25878,9972,5449,14419,18451,42875,31538,0,0,11010,8285,20004,3063,6370,773,320,0,0,835,40423,2248,6463,0,0,0,0,0
708,1726,709.2340061496184,99794,223,109,150,52,39770,20691,0.6058580676192957,129,53,25134,25931,9953,5439,14409,18414,42900,31579,0,0,10975,8260,20019,3061,6381,776,324,0,0,852,40437,2241,6468,0,0,0,0,0
709,1726,710.2288382781666,99794,230,99,150,52,39800,20701,0.6062588933202397,126,54,25170,25987,9930,5448,14392,18358,42925,31620,0,0,10938,8229,20040,3058,6396,777,329,0,0,876,40445,2241,6465,0,0,0,0,0
710,1726,711.2224887467344,99794,239,102,150,52,39833,20718,0.6067599254464197,131,45,25196,26034,9900,5438,14382,18327,42950,31660,0,0,10900,8204,20057,3056,6412,779,333,0,0,890,40465,2235,6463,0,0,0,0,0
711,1726,712.2147587775994,99794,245,100,150,52,39869,20729,0.6072308956450287,129,52,25237,26082,9870,5435,14367,18277,42974,31700,0,0,10862,8179,20071,3054,6425,783,342,0,0,906,40478,2228,6466,0,0,0,0,0
712,1726,713.2054396907904,99794,249,105,150,52,39903,20748,0.6077619896987795,123,55,25279,26158,9855,5417,14342,18211,42998,31740,0,0,10831,8151,20086,3053,6445,785,346,0,0,922,40488,2221,6466,0,0,0,0,0
713,1726,714.194709619566,99794,253,107,150,52,39932,20766,0.6082329598973886,122,54,25313,26214,9834,5405,14326,18166,43022,31780,0,0,10795,8127,20097,3049,6465,787,349,0,0,939,40504,2217,6465,0,0,0,0,0
714,1726,715.1823102558443,99794,235,101,150,52,39955,20775,0.6085536204581438,137,66,25342,26256,9826,5399,14308,18124,43046,31819,0,0,10766,8103,20108,3050,6483,792,356,0,0,962,40503,2202,6469,0,0,0,0,0
715,1726,716.1689427751006,99794,250,114,150,52,39998,20797,0.6092049622221777,130,61,25386,26306,9797,5379,14285,18086,43070,31858,0,0,10735,8069,20123,3054,6497,795,360,0,0,971,40521,2196,6473,0,0,0,0,0
716,1726,717.1538285118623,99793,240,118,150,53,40030,20816,0.6097221247983325,129,63,25405,26352,9795,5360,14279,18052,43093,31897,0,0,10703,8042,20127,3051,6524,798,363,0,0,991,40529,2190,6475,0,0,0,0,0
717,1726,718.1376639791697,99793,238,123,150,53,40060,20835,0.6102131412022888,133,64,25429,26408,9788,5355,14260,17995,43116,31936,0,0,10669,8013,20141,3049,6541,801,369,0,0,1008,40540,2186,6476,0,0,0,0,0
718,1726,719.1207262877634,99793,226,124,150,53,40085,20854,0.6106540538915555,148,56,25469,26475,9768,5349,14237,17941,43139,31974,0,0,10632,7992,20145,3049,6559,807,373,0,0,1029,40552,2179,6476,0,0,0,0,0
719,1726,720.1024530011737,99793,227,116,150,53,40113,20866,0.6110548836090708,156,60,25492,26528,9753,5352,14220,17889,43162,32012,0,0,10599,7971,20158,3040,6576,811,379,0,0,1050,40558,2171,6480,0,0,0,0,0
720,1726,721.0829560697243,99793,235,118,150,53,40150,20880,0.6115659414989028,146,61,25523,26576,9730,5340,14214,17850,43185,32050,0,0,10571,7942,20178,3034,6593,814,386,0,0,1066,40563,2165,6481,0,0,0,0,0
721,1726,722.0622772357285,99793,244,108,150,53,40195,20889,0.6121070616175484,142,74,25549,26621,9713,5339,14200,17803,43208,32088,0,0,10539,7921,20184,3024,6619,819,392,0,0,1084,40569,2158,6484,0,0,0,0,0
722,1726,723.0404551754168,99793,238,121,150,53,40228,20917,0.6127183269367591,149,67,25571,26666,9696,5330,14194,17761,43230,32125,0,0,10503,7891,20196,3031,6625,826,397,0,0,1107,40576,2155,6486,0,0,0,0,0
723,1726,724.017792214712,99793,240,117,150,53,40269,20932,0.6132794885412804,146,71,25600,26715,9687,5328,14175,17714,43252,32162,0,0,10465,7871,20198,3027,6650,829,405,0,0,1130,40583,2150,6485,0,0,0,0,0
724,1726,725.4815515686648,99793,221,119,150,53,40317,20958,0.6140210235186837,168,66,25648,26790,9691,5319,14120,17651,43274,32199,0,0,10423,7848,20202,3032,6670,832,417,0,0,1177,40566,2138,6488,0,0,0,0,0
725,1726,726.45598036576,99793,220,117,150,53,40353,20970,0.6145020191797019,159,68,25689,26820,9689,5318,14091,17622,43296,32236,0,0,10387,7822,20213,3032,6687,834,424,0,0,1196,40576,2130,6492,0,0,0,0,0
726,1726,727.4290796750261,99793,223,126,150,53,40390,20990,0.6150732015271613,153,62,25721,26875,9682,5308,14069,17574,43318,32272,0,0,10348,7794,20227,3034,6699,838,433,0,0,1206,40595,2125,6494,0,0,0,0,0
727,1726,728.400728485935,99793,234,125,150,53,40429,21013,0.6156944875893099,146,53,25761,26931,9659,5314,14048,17522,43339,32308,0,0,10312,7771,20232,3033,6721,841,441,0,0,1224,40605,2121,6492,0,0,0,0,0
728,1726,729.3712046898411,99792,238,119,151,53,40463,21021,0.6161215327881995,137,53,25814,26987,9632,5299,14026,17487,43360,32344,0,0,10277,7750,20237,3037,6738,843,445,0,0,1238,40622,2112,6493,0,0,0,0,0
729,1726,730.3396122442136,99792,251,109,151,53,40506,21035,0.6166927208593875,130,58,25842,27034,9614,5296,14010,17448,43381,32380,0,0,10238,7728,20240,3036,6761,846,455,0,0,1253,40636,2106,6493,0,0,0,0,0
730,1726,731.306882620168,99791,237,97,152,53,40537,21045,0.61710975939714,131,63,25860,27071,9616,5299,14002,17415,43402,32416,0,0,10203,7700,20248,3037,6788,847,465,0,0,1277,40636,2100,6490,0,0,0,0,0
731,1726,732.2735677557858,99790,239,93,153,53,40575,21056,0.6176069746467582,124,67,25892,27123,9604,5293,13986,17369,43423,32451,0,0,10168,7676,20255,3034,6806,849,475,0,0,1295,40643,2094,6495,0,0,0,0,0
732,1726,733.2391314145536,99790,234,98,153,53,40597,21074,0.6180078164144703,132,66,25916,27169,9586,5282,13977,17330,43444,32486,0,0,10140,7656,20263,3031,6822,852,476,0,0,1315,40650,2088,6497,0,0,0,0,0
733,1726,734.2036513997114,99790,250,97,153,53,40635,21088,0.6185289107124963,121,66,25946,27226,9568,5268,13960,17288,43464,32521,0,0,10114,7627,20282,3030,6834,855,483,0,0,1328,40656,2082,6499,0,0,0,0,0
734,1726,735.1671404815244,99790,243,95,153,53,40667,21097,0.6189397735244012,121,69,25969,27265,9570,5257,13942,17259,43484,32556,0,0,10080,7605,20291,3027,6852,858,490,0,0,1348,40663,2077,6499,0,0,0,0,0
735,1726,736.1297382347137,99789,236,100,154,53,40689,21120,0.619396927517061,127,66,26000,27302,9558,5254,13923,17223,43504,32590,0,0,10046,7589,20294,3024,6870,861,493,0,0,1370,40671,2072,6499,0,0,0,0,0
736,1726,737.0912556921479,99789,227,97,154,53,40717,21128,0.6197576887232059,132,72,26040,27340,9543,5250,13902,17186,43524,32624,0,0,10011,7573,20298,3021,6884,867,498,0,0,1388,40683,2065,6501,0,0,0,0,0
737,1726,738.0513596888152,99789,238,97,154,53,40755,21144,0.6202988305324234,120,76,26083,27395,9521,5250,13882,17127,43544,32658,0,0,9980,7554,20303,3023,6896,870,501,0,0,1408,40691,2056,6507,0,0,0,0,0
738,1726,739.0099712351009,99789,234,100,154,53,40782,21163,0.6207598031847198,140,72,26093,27436,9517,5248,13860,17089,43564,32692,0,0,9946,7537,20308,3016,6917,872,506,0,0,1429,40699,2052,6507,0,0,0,0,0
739,1726,740.4464478839119,99789,236,102,154,53,40836,21188,0.6215514736093156,133,77,26140,27507,9519,5235,13816,17024,43583,32726,0,0,9915,7517,20305,3011,6947,876,513,0,0,1460,40691,2045,6509,0,0,0,0,0
740,1726,741.4027751112624,99789,232,109,154,53,40862,21211,0.6220425096954574,139,73,26179,27546,9512,5232,13782,16985,43602,32759,0,0,9881,7496,20315,3012,6961,877,517,0,0,1482,40698,2042,6508,0,0,0,0,0
741,1726,742.3577328608867,99789,225,106,154,53,40889,21227,0.6224734189139084,141,74,26215,27585,9495,5227,13768,16953,43621,32792,0,0,9858,7467,20326,3011,6981,879,521,0,0,1504,40694,2036,6512,0,0,0,0,0
742,1726,743.311453164252,99789,234,107,154,53,40923,21239,0.6229343915662047,137,76,26256,27631,9472,5213,13745,16918,43640,32825,0,0,9830,7448,20334,3011,6993,882,526,0,0,1516,40703,2027,6519,0,0,0,0,0
743,1726,744.26355899539,99789,233,119,154,53,40957,21260,0.6234855545200373,125,76,26292,27674,9461,5205,13733,16871,43659,32858,0,0,9801,7428,20350,3003,7006,884,537,0,0,1538,40698,2020,6524,0,0,0,0,0
744,1726,745.2143632863932,99789,225,126,154,53,40979,21282,0.6239264848831033,133,73,26335,27719,9452,5204,13699,16823,43678,32891,0,0,9767,7406,20363,3004,7011,888,544,0,0,1563,40700,2017,6526,0,0,0,0,0
745,1726,746.1637749849981,99789,225,129,154,53,41006,21300,0.6243774363907846,132,73,26383,27766,9431,5196,13673,16781,43697,32923,0,0,9738,7385,20375,3004,7020,893,548,0,0,1581,40707,2011,6527,0,0,0,0,0
746,1726,747.1114767575921,99789,230,129,154,53,41038,21323,0.6249285993446172,129,70,26432,27793,9410,5199,13643,16754,43715,32955,0,0,9710,7365,20378,3004,7032,899,550,0,0,1606,40708,2008,6529,0,0,0,0,0
747,1726,748.0572039146219,99789,228,137,154,53,41066,21342,0.6253995931415286,130,65,26470,27832,9402,5197,13614,16714,43733,32987,0,0,9687,7340,20388,3003,7046,902,557,0,0,1619,40711,1999,6537,0,0,0,0,0
748,1726,749.0016330675328,99789,224,131,154,53,41094,21355,0.6258104600707493,133,68,26494,27874,9391,5191,13602,16681,43751,33019,0,0,9662,7319,20394,2997,7069,904,560,0,0,1643,40709,1995,6537,0,0,0,0,0
749,1726,750.4161340508468,99789,220,116,154,53,41137,21373,0.6264217498922727,140,80,26563,27930,9366,5196,13555,16623,43769,33051,0,0,9631,7296,20398,3000,7093,907,568,0,0,1678,40694,1988,6536,0,0,0,0,0
750,1726,751.3571783369598,99789,224,118,154,53,41166,21392,0.6269027648337994,142,79,26604,27978,9345,5190,13529,16580,43787,33082,0,0,9602,7274,20411,3001,7107,907,572,0,0,1699,40697,1984,6535,0,0,0,0,0
751,1726,752.2967688159075,99789,221,124,154,53,41199,21415,0.627463948932247,134,73,26638,28029,9339,5188,13512,16531,43805,33113,0,0,9575,7255,20415,2994,7129,911,576,0,0,1721,40698,1981,6534,0,0,0,0,0
752,1726,753.2351781488064,99789,214,120,154,53,41229,21431,0.6279249215845434,133,72,26683,28056,9323,5195,13491,16502,43823,33144,0,0,9548,7238,20418,2987,7154,915,578,0,0,1744,40699,1977,6531,0,0,0,0,0
753,1726,754.1722942038026,99789,209,126,154,53,41257,21450,0.6283959153814549,133,70,26712,28099,9324,5188,13466,16462,43840,33175,0,0,9523,7217,20424,2985,7172,919,581,0,0,1763,40702,1974,6529,0,0,0,0,0
754,1726,755.1082638642813,99789,220,121,154,53,41287,21463,0.6288268245999058,134,73,26745,28137,9301,5187,13444,16427,43857,33206,0,0,9497,7204,20426,2979,7187,924,585,0,0,1780,40707,1971,6529,0,0,0,0,0
755,1726,756.0430279400924,99789,217,123,154,53,41314,21481,0.6292777761075871,128,74,26785,28160,9290,5191,13424,16397,43874,33236,0,0,9472,7179,20439,2981,7195,929,592,0,0,1800,40704,1967,6531,0,0,0,0,0
756,1726,757.4427674092545,99789,212,112,154,53,41356,21494,0.6298289390614196,134,85,26842,28235,9271,5184,13385,16329,43891,33266,0,0,9443,7156,20447,2974,7221,931,602,0,0,1832,40691,1963,6529,0,0,0,0,0
757,1726,758.3741125070749,99789,200,120,154,53,41378,21514,0.6302498271352553,126,76,26866,28288,9275,5179,13377,16282,43908,33296,0,0,9419,7141,20452,2970,7241,932,606,0,0,1854,40689,1953,6532,0,0,0,0,0
758,1726,759.3048330741229,99789,199,119,154,53,41402,21527,0.6306206094860155,131,80,26895,28330,9253,5170,13366,16246,43925,33326,0,0,9397,7124,20460,2967,7257,933,608,0,0,1873,40688,1945,6537,0,0,0,0,0
759,1726,760.2345554249127,99789,204,122,154,53,41436,21544,0.6311316878613875,120,79,26947,28366,9227,5167,13346,16211,43942,33356,0,0,9369,7109,20462,2962,7281,934,616,0,0,1887,40694,1939,6536,0,0,0,0,0
760,1726,761.1628151778997,99789,193,119,154,53,41457,21560,0.6315024702121477,121,80,26974,28395,9219,5166,13337,16185,43958,33385,0,0,9339,7086,20475,2962,7288,938,625,0,0,1914,40688,1938,6536,0,0,0,0,0
761,1726,762.0900057235782,99789,194,133,154,53,41486,21585,0.632043612021365,114,75,27014,28432,9201,5162,13321,16143,43974,33414,0,0,9315,7070,20480,2959,7303,941,625,0,0,1934,40692,1935,6535,0,0,0,0,0
762,1726,763.0160812422362,99789,198,130,154,53,41516,21601,0.6325045846736614,109,70,27061,28489,9179,5161,13297,16095,43990,33443,0,0,9289,7055,20486,2960,7317,944,626,0,0,1955,40694,1930,6533,0,0,0,0,0
763,1726,764.4020687728469,99789,208,130,154,53,41556,21634,0.6332361282305665,110,54,27109,28563,9161,5167,13256,16031,44006,33472,0,0,9256,7045,20481,2959,7341,947,631,0,0,1984,40693,1924,6528,0,0,0,0,0
764,1726,765.3245590521642,99789,200,128,154,53,41576,21650,0.6335968894367114,124,52,27129,28605,9146,5164,13245,15996,44022,33501,0,0,9228,7027,20489,2955,7356,951,639,0,0,2002,40695,1920,6527,0,0,0,0,0
765,1726,766.2463929833021,99789,194,122,154,53,41602,21662,0.6339776929320867,119,54,27150,28646,9141,5165,13240,15958,44038,33530,0,0,9198,7015,20489,2957,7371,954,637,0,0,2025,40700,1915,6528,0,0,0,0,0
766,1726,767.1674141451198,99789,193,128,154,53,41628,21677,0.6343885598613074,112,61,27191,28682,9126,5161,13222,15913,44054,33558,0,0,9174,6994,20497,2958,7384,957,641,0,0,2037,40707,1912,6528,0,0,0,0,0
767,1726,768.0874330059015,99788,192,131,155,53,41653,21693,0.6348057882711348,113,55,27212,28727,9118,5145,13208,15887,44070,33586,0,0,9151,6978,20500,2956,7399,962,644,0,0,2049,40713,1907,6529,0,0,0,0,0
768,1726,769.0064103049712,99788,190,136,155,53,41677,21708,0.6351966168276747,108,56,27273,28756,9096,5143,13176,15854,44085,33614,0,0,9126,6963,20504,2952,7416,966,650,0,0,2056,40724,1901,6530,0,0,0,0,0
769,1726,770.3817119309304,99787,184,124,156,53,41711,21723,0.6356940282802369,102,56,27352,28841,9075,5134,13129,15790,44100,33642,0,0,9100,6943,20504,2956,7432,969,654,0,0,2091,40710,1896,6532,0,0,0,0,0
770,1726,771.2964793291027,99787,179,119,156,53,41736,21735,0.6360648180624731,102,59,27378,28889,9066,5137,13117,15741,44115,33670,0,0,9070,6933,20504,2950,7445,975,657,0,0,2115,40713,1895,6530,0,0,0,0,0
771,1726,772.2102758912463,99785,190,120,156,55,41767,21751,0.6365485794458084,88,55,27425,28924,9043,5133,13096,15711,44130,33698,0,0,9050,6916,20510,2950,7456,979,658,0,0,2127,40718,1887,6534,0,0,0,0,0
772,1726,773.1226551866952,99785,184,111,156,55,41786,21761,0.6368392042892218,88,52,27458,28957,9024,5137,13088,15686,44145,33725,0,0,9026,6899,20517,2948,7473,982,661,0,0,2143,40720,1884,6532,0,0,0,0,0
773,1726,774.0340537568712,99785,178,110,156,55,41801,21777,0.6371498722252844,96,50,27491,29010,9010,5136,13067,15637,44160,33752,0,0,9004,6880,20528,2944,7486,984,667,0,0,2162,40717,1881,6532,0,0,0,0,0
774,1726,775.3988287192078,99785,182,106,156,55,41836,21795,0.6376810141804881,93,55,27548,29069,8999,5130,13020,15583,44175,33779,0,0,8987,6860,20527,2947,7502,988,665,0,0,2188,40710,1874,6537,0,0,0,0,0
775,1726,776.3072489572852,99785,185,103,156,55,41858,21806,0.6380117252091998,93,56,27574,29107,8983,5125,13007,15552,44190,33806,0,0,8962,6844,20533,2947,7512,990,669,0,0,2202,40717,1869,6540,0,0,0,0,0
776,1726,777.2145550835112,99785,181,109,156,55,41878,21822,0.6383725008768854,95,44,27609,29166,8969,5118,12988,15506,44205,33833,0,0,8935,6830,20539,2943,7524,994,673,0,0,2215,40727,1867,6538,0,0,0,0,0
777,1726,778.1208068777112,99785,182,107,156,55,41902,21831,0.638703211905597,89,48,27648,29209,8954,5112,12969,15467,44219,33860,0,0,8912,6819,20545,2943,7529,998,675,0,0,2236,40727,1860,6541,0,0,0,0,0
778,1726,779.0258656690478,99785,168,106,156,55,41915,21843,0.638953750563712,91,55,27667,29243,8951,5109,12965,15430,44233,33886,0,0,8892,6807,20543,2940,7548,1001,676,0,0,2253,40728,1856,6541,0,0,0,0,0
779,1726,780.3821605060353,99784,164,101,157,55,41945,21862,0.6394512146235869,99,57,27720,29314,8923,5107,12935,15364,44247,33912,0,0,8866,6786,20549,2941,7558,1006,683,0,0,2282,40717,1855,6541,0,0,0,0,0
780,1726,781.2850185742332,99783,149,105,158,55,41960,21878,0.6397682972049347,102,59,27745,29341,8924,5108,12920,15330,44261,33938,0,0,8843,6769,20552,2941,7573,1008,688,0,0,2297,40719,1848,6545,0,0,0,0,0
781,1726,782.1870891356106,99783,139,105,158,55,41976,21888,0.6400288626319113,109,62,27776,29381,8917,5101,12899,15294,44275,33964,0,0,8822,6752,20560,2944,7577,1013,691,0,0,2311,40722,1839,6552,0,0,0,0,0
782,1726,783.0881488214062,99783,133,111,158,55,41993,21906,0.6403796237836105,111,51,27816,29433,8901,5094,12879,15254,44289,33990,0,0,8797,6733,20568,2948,7587,1014,696,0,0,2324,40728,1834,6554,0,0,0,0,0
783,1726,784.4375586140727,99783,138,105,158,55,42027,21923,0.6408907328903721,104,54,27877,29500,8884,5091,12837,15193,44303,34016,0,0,8772,6717,20569,2948,7604,1017,700,0,0,2348,40724,1831,6553,0,0,0,0,0
784,1726,785.3356002572665,99783,147,110,158,55,42051,21936,0.6412615375364541,96,49,27918,29551,8863,5078,12816,15155,44317,34041,0,0,8759,6701,20578,2942,7618,1020,700,0,0,2357,40726,1829,6553,0,0,0,0,0
785,1726,786.2323781051872,99783,154,112,158,55,42078,21947,0.6416423639297275,83,49,27969,29595,8844,5066,12790,15121,44331,34066,0,0,8733,6691,20581,2941,7628,1022,700,0,0,2371,40737,1826,6553,0,0,0,0,0
786,1726,787.1276165784035,99783,152,113,158,55,42100,21960,0.6419931250814267,86,43,28010,29649,8830,5052,12762,15086,44345,34091,0,0,8714,6671,20589,2943,7637,1027,703,0,0,2382,40740,1822,6555,0,0,0,0,0
787,1726,788.0213491924359,99783,158,106,158,55,42123,21969,0.6423138209915517,92,46,28029,29695,8813,5044,12748,15052,44358,34116,0,0,8694,6651,20600,2946,7639,1031,704,0,0,2400,40741,1819,6558,0,0,0,0,0
788,1726,789.3604576846517,99783,148,107,158,55,42145,21984,0.6426846256376336,110,49,28072,29783,8787,5031,12723,14973,44371,34141,0,0,8672,6637,20600,2945,7655,1032,710,0,0,2423,40734,1812,6563,0,0,0,0,0
789,1726,790.2519246425749,99783,163,108,158,55,42176,21999,0.6431456260084383,103,48,28100,29817,8762,5031,12712,14939,44384,34166,0,0,8652,6626,20603,2940,7669,1034,713,0,0,2437,40737,1807,6565,0,0,0,0,0
790,1726,791.1424992735607,99783,181,100,158,55,42211,22007,0.6435765611376687,90,52,28134,29855,8744,5032,12691,14904,44397,34191,0,0,8629,6613,20607,2938,7685,1034,718,0,0,2449,40742,1802,6566,0,0,0,0,0
791,1726,792.0319523723515,99783,175,104,158,55,42228,22022,0.6438972570477937,96,54,28163,29887,8737,5028,12669,14870,44410,34215,0,0,8608,6599,20610,2936,7697,1040,724,0,0,2456,40750,1797,6566,0,0,0,0,0
792,1726,793.3643256049295,99783,167,103,158,55,42261,22040,0.6444083661545554,103,47,28213,29960,8731,5024,12626,14809,44423,34239,0,0,8586,6579,20610,2938,7717,1043,729,0,0,2481,40742,1793,6565,0,0,0,0,0
793,1726,794.2513854887038,99783,166,97,158,55,42276,22052,0.6446789533287234,105,45,28261,30013,8701,5025,12607,14763,44436,34263,0,0,8565,6562,20621,2938,7728,1043,733,0,0,2497,40740,1790,6566,0,0,0,0,0
794,1726,795.1370623342907,99783,167,93,158,55,42296,22061,0.6449695839972741,103,48,28297,30043,8683,5018,12590,14741,44449,34287,0,0,8544,6552,20623,2937,7739,1044,735,0,0,2514,40742,1782,6571,0,0,0,0,0
795,1726,796.0215025151019,99783,181,88,158,55,42325,22069,0.6453403886433561,94,50,28326,30085,8660,5018,12579,14702,44462,34311,0,0,8530,6532,20637,2934,7754,1045,738,0,0,2520,40742,1779,6572,0,0,0,0,0
796,1726,797.3461932072262,99783,170,85,158,55,42356,22084,0.6458013890141607,95,59,28378,30141,8654,5012,12543,14646,44475,34335,0,0,8509,6514,20634,2939,7774,1051,741,0,0,2540,40739,1775,6567,0,0,0,0,0
797,1726,798.2281154683067,99783,169,86,158,55,42380,22094,0.6461421284186685,104,55,28410,30176,8644,5008,12513,14618,44488,34359,0,0,8488,6499,20640,2938,7787,1053,744,0,0,2553,40744,1771,6566,0,0,0,0,0
798,1726,799.1089493691586,99783,164,94,158,55,42403,22110,0.6465329765591333,101,51,28444,30206,8634,5005,12497,14587,44500,34382,0,0,8460,6489,20636,2941,7797,1056,748,0,0,2565,40756,1768,6567,0,0,0,0,0
799,1726,800.4282301754455,99783,168,96,158,55,42434,22130,0.647044085665895,107,52,28496,30289,8623,4991,12446,14515,44512,34405,0,0,8442,6477,20640,2938,7809,1059,752,0,0,2589,40744,1762,6571,0,0,0,0,0
800,1726,801.3062345628715,99783,176,94,158,55,42461,22142,0.6474349338063597,112,53,28505,30331,8612,4982,12435,14483,44524,34428,0,0,8423,6463,20644,2939,7820,1060,752,0,0,2607,40745,1758,6572,0,0,0,0,0
801,1726,802.1838509743765,99783,178,94,158,55,42485,22155,0.6478057384524418,108,50,28541,30360,8593,4981,12420,14458,44536,34451,0,0,8406,6446,20649,2937,7839,1060,754,0,0,2623,40744,1757,6568,0,0,0,0,0
802,1726,803.0605342912229,99783,185,92,158,55,42513,22166,0.6481965865929066,100,52,28589,30409,8570,4967,12396,14423,44548,34474,0,0,8383,6433,20651,2933,7854,1062,757,0,0,2635,40751,1756,6568,0,0,0,0,0
803,1726,804.3729839994239,99782,171,92,159,55,42533,22183,0.64857389108256,130,59,28626,30460,8558,4959,12354,14373,44560,34497,0,0,8361,6419,20651,2933,7874,1066,763,0,0,2649,40749,1752,6565,0,0,0,0,0
804,1726,805.2466494595063,99782,178,99,159,55,42563,22200,0.6490449179210679,125,54,28646,30493,8552,4946,12338,14351,44572,34520,0,0,8340,6408,20651,2932,7885,1070,766,0,0,2660,40755,1747,6568,0,0,0,0,0
805,1726,806.1198373797268,99782,191,108,159,55,42593,22222,0.649566053997715,113,45,28678,30529,8536,4944,12321,14317,44584,34542,0,0,8317,6398,20657,2928,7894,1073,772,0,0,2671,40759,1744,6569,0,0,0,0,0
806,1726,807.4277907702424,99782,185,106,159,55,42623,22246,0.6501072337696178,125,42,28735,30581,8522,4952,12272,14262,44596,34564,0,0,8294,6386,20653,2924,7915,1078,778,0,0,2698,40747,1743,6566,0,0,0,0,0
807,1726,808.2982630652468,99782,196,104,159,55,42651,22255,0.6504780421318475,125,49,28756,30619,8510,4946,12252,14225,44608,34586,0,0,8268,6382,20649,2923,7925,1081,779,0,0,2710,40760,1740,6565,0,0,0,0,0
808,1726,809.1679031483598,99782,200,112,159,55,42675,22270,0.6508688941893327,128,50,28792,30665,8499,4932,12220,14184,44620,34608,0,0,8252,6368,20656,2916,7944,1081,781,0,0,2720,40763,1739,6562,0,0,0,0,0
809,1726,810.0364688948088,99782,200,110,159,55,42696,22282,0.6511996151610511,137,57,28819,30694,8483,4930,12200,14152,44631,34630,0,0,8235,6357,20659,2914,7958,1081,781,0,0,2740,40760,1733,6564,0,0,0,0,0
810,1726,811.3375283197807,99782,199,112,159,55,42742,22304,0.6518811007997435,135,56,28875,30746,8484,4921,12146,14108,44642,34652,0,0,8220,6339,20652,2909,7990,1085,788,0,0,2760,40746,1728,6565,0,0,0,0,0
811,1726,812.2035514860224,99781,211,114,159,56,42778,22316,0.6523686874254617,122,59,28914,30785,8469,4913,12123,14071,44653,34674,0,0,8195,6332,20654,2907,7997,1090,795,0,0,2771,40752,1723,6565,0,0,0,0,0
812,1726,813.0683605288125,99781,227,114,159,56,42809,22329,0.6528096531403774,114,57,28939,30814,8448,4909,12111,14048,44664,34696,0,0,8180,6319,20660,2906,8011,1091,798,0,0,2778,40754,1716,6568,0,0,0,0,0
813,1726,814.3638377016907,99781,228,119,159,56,42859,22351,0.6535312334011485,106,59,28971,30853,8460,4912,12074,13999,44675,34717,0,0,8156,6304,20658,2902,8031,1097,809,0,0,2801,40743,1713,6567,0,0,0,0,0
814,1726,815.2266755359144,99781,222,110,159,56,42881,22363,0.6538719796354016,111,62,29003,30888,8445,4907,12058,13975,44686,34738,0,0,8137,6287,20665,2901,8034,1108,815,0,0,2819,40737,1712,6566,0,0,0,0,0
815,1726,816.0887002127657,99781,208,112,159,56,42897,22377,0.6541726380773895,121,65,29013,30920,8451,4905,12046,13940,44697,34759,0,0,8124,6276,20662,2899,8050,1113,815,0,0,2836,40732,1707,6567,0,0,0,0,0
816,1726,817.380790808014,99781,218,115,159,56,42943,22398,0.6548441085978293,103,64,29059,30965,8444,4902,12015,13896,44708,34780,0,0,8105,6262,20659,2898,8067,1117,818,0,0,2861,40722,1705,6567,0,0,0,0,0
817,1726,818.2411957056474,99781,216,121,159,56,42964,22419,0.6552650304166123,107,48,29086,31004,8436,4903,11994,13866,44719,34801,0,0,8089,6251,20658,2902,8081,1118,817,0,0,2879,40720,1697,6569,0,0,0,0,0
818,1726,819.1008396801535,99781,208,112,159,56,42978,22432,0.6555356230144015,120,48,29121,31030,8428,4915,11962,13837,44730,34822,0,0,8071,6237,20664,2899,8094,1121,822,0,0,2900,40712,1694,6567,0,0,0,0,0
819,1726,820.3886237261214,99780,209,113,160,56,43012,22446,0.6560232511525356,120,59,29158,31089,8416,4903,11935,13778,44741,34843,0,0,8054,6223,20663,2898,8111,1125,825,0,0,2915,40709,1689,6568,0,0,0,0,0
820,1726,821.2460972843973,99780,212,107,160,56,43041,22458,0.6564341551413109,114,58,29182,31133,8406,4902,11924,13742,44752,34864,0,0,8035,6208,20661,2902,8123,1128,829,0,0,2932,40706,1683,6573,0,0,0,0,0
821,1726,822.1028998657215,99780,213,104,160,56,43066,22469,0.6567949488875526,110,58,29217,31165,8401,4899,11897,13716,44763,34884,0,0,8014,6197,20660,2902,8134,1130,833,0,0,2952,40703,1681,6574,0,0,0,0,0
822,1726,823.386358920329,99780,215,104,160,56,43097,22488,0.6572960513128884,116,52,29270,31254,8388,4885,11849,13647,44774,34904,0,0,7998,6182,20665,2901,8149,1134,835,0,0,2970,40696,1678,6572,0,0,0,0,0
823,1726,824.240695043183,99780,213,103,160,56,43123,22497,0.6576468230106234,112,51,29295,31294,8377,4876,11841,13618,44784,34924,0,0,7977,6176,20659,2902,8166,1134,836,0,0,2986,40698,1672,6574,0,0,0,0,0
824,1726,825.0942893999752,99780,207,105,160,56,43145,22508,0.657977550611345,113,48,29331,31330,8367,4867,11820,13592,44794,34944,0,0,7960,6165,20658,2897,8182,1137,839,0,0,3000,40697,1670,6575,0,0,0,0,0
825,1726,826.3729268268953,99779,201,108,161,56,43177,22526,0.6584852524078213,113,47,29383,31385,8356,4858,11784,13544,44804,34964,0,0,7944,6149,20659,2898,8200,1140,845,0,0,3019,40687,1665,6573,0,0,0,0,0
826,1726,827.2240744257743,99779,199,106,161,56,43204,22540,0.6588961605147375,108,44,29410,31413,8353,4866,11767,13513,44814,34984,0,0,7929,6138,20655,2897,8214,1147,847,0,0,3036,40683,1661,6572,0,0,0,0,0
827,1726,828.0746007296668,99779,195,102,161,56,43224,22547,0.6591667585363654,110,50,29447,31455,8336,4857,11749,13478,44824,35004,0,0,7910,6130,20652,2896,8226,1150,850,0,0,3049,40686,1655,6575,0,0,0,0,0
828,1726,829.3483068913521,99779,202,109,161,56,43253,22567,0.659657843834875,113,40,29500,31539,8318,4838,11704,13416,44834,35024,0,0,7891,6121,20654,2894,8237,1154,853,0,0,3064,40686,1653,6572,0,0,0,0,0
829,1726,830.1959989685653,99778,203,109,162,56,43268,22577,0.6599150113251419,123,43,29528,31577,8308,4824,11674,13389,44844,35044,0,0,7882,6103,20661,2893,8250,1154,850,0,0,3076,40686,1652,6571,0,0,0,0,0
830,1726,831.0428386338782,99777,210,101,162,57,43298,22591,0.6603626086172164,121,40,29544,31609,8299,4827,11662,13364,44854,35063,0,0,7858,6093,20657,2895,8261,1157,854,0,0,3096,40684,1651,6571,0,0,0,0,0
831,1726,832.3119300101821,99777,197,88,162,57,43334,22603,0.6608436814095433,116,47,29608,31659,8308,4831,11607,13316,44864,35082,0,0,7838,6077,20655,2893,8284,1161,862,0,0,3129,40661,1650,6567,0,0,0,0,0
832,1726,833.1566347866142,99777,206,101,162,57,43363,22618,0.6612846648025096,112,51,29641,31690,8303,4813,11574,13286,44874,35101,0,0,7824,6067,20657,2889,8295,1164,862,0,0,3137,40667,1648,6567,0,0,0,0,0
833,1726,834.0003604008332,99777,201,94,162,57,43384,22625,0.6615652905980336,116,62,29666,31734,8300,4806,11553,13245,44884,35120,0,0,7808,6052,20660,2891,8311,1165,867,0,0,3150,40664,1642,6567,0,0,0,0,0
834,1726,835.2644054454294,99777,209,90,162,57,43417,22642,0.6620664080900408,105,62,29717,31788,8290,4802,11515,13199,44894,35139,0,0,7786,6048,20652,2890,8323,1168,869,0,0,3177,40657,1638,6569,0,0,0,0,0
835,1726,836.1058491957187,99777,221,97,162,57,43448,22661,0.662567525582048,97,56,29765,31818,8276,4795,11477,13175,44904,35158,0,0,7778,6037,20657,2886,8328,1174,869,0,0,3193,40649,1631,6575,0,0,0,0,0
836,1726,837.3659207572468,99777,221,95,162,57,43475,22683,0.663058620724215,106,57,29811,31864,8257,4800,11441,13125,44914,35177,0,0,7759,6026,20657,2885,8336,1180,873,0,0,3220,40637,1628,6576,0,0,0,0,0
837,1726,838.2047817064424,99777,202,99,162,57,43493,22695,0.6633592912194193,109,55,29841,31902,8258,4789,11426,13096,44923,35196,0,0,7741,6015,20657,2881,8352,1183,877,0,0,3239,40631,1626,6575,0,0,0,0,0
838,1726,839.0427263334645,99777,201,92,162,57,43512,22702,0.663619872315263,106,59,29865,31939,8257,4782,11407,13069,44932,35215,0,0,7722,6009,20656,2875,8363,1186,883,0,0,3253,40629,1622,6579,0,0,0,0,0
839,1726,840.2983649500247,99777,206,86,162,57,43553,22719,0.6642011686059913,88,58,29933,31999,8245,4783,11364,13015,44941,35233,1,1,7701,5997,20654,2876,8382,1188,891,0,0,3277,40616,1617,6576,1,0,0,0,1
840,1726,841.1340332901374,99777,197,85,162,57,43567,22728,0.6644316826523147,96,57,29963,32032,8240,4774,11340,12993,44950,35251,2,2,7688,5991,20649,2875,8395,1192,894,0,0,3288,40611,1610,6580,1,0,0,0,3
841,1726,842.3859675335383,99777,197,91,162,57,43591,22748,0.664872666045281,110,59,30016,32088,8212,4760,11301,12943,44959,35269,3,3,7675,5979,20656,2870,8408,1195,896,0,0,3307,40601,1609,6575,2,0,0,0,4
842,1726,843.219287058617,99777,209,92,162,57,43619,22756,0.6652334706395261,101,60,30047,32125,8195,4752,11284,12912,44968,35287,4,4,7660,5970,20660,2871,8414,1198,896,0,0,3317,40604,1606,6573,3,0,0,0,5
843,1726,844.0516434659393,99777,220,96,162,57,43655,22770,0.6657345881315333,87,56,30075,32152,8199,4749,11255,12888,44977,35305,6,5,7648,5956,20661,2874,8429,1200,896,0,0,3330,40602,1602,6570,3,0,1,0,5
844,1726,845.2986930511648,99777,208,94,162,57,43687,22783,0.6661855938743397,89,61,30112,32200,8206,4744,11221,12842,44986,35323,8,6,7633,5938,20663,2876,8446,1203,900,0,0,3356,40584,1599,6567,3,1,1,0,7
845,1726,846.1292744621023,99777,217,93,162,57,43717,22796,0.666616554917466,90,55,30132,32242,8194,4737,11203,12814,44995,35341,11,8,7618,5931,20666,2872,8454,1207,903,0,0,3372,40576,1594,6568,4,2,2,0,8
846,1726,847.3741111232199,99777,202,96,162,57,43734,22812,0.6669472924621906,107,51,30157,32291,8198,4730,11172,12773,45004,35359,15,10,7598,5918,20658,2877,8471,1209,907,0,0,3387,40573,1592,6565,5,2,4,0,11
847,1726,848.2033041391917,99777,186,92,162,57,43751,22817,0.6671677841586738,119,54,30179,32328,8202,4719,11150,12748,45013,35377,20,12,7588,5900,20662,2875,8487,1214,909,0,0,3399,40562,1590,6562,5,2,5,0,17
848,1726,849.0318677463918,99777,183,89,162,57,43774,22823,0.667458432304038,108,57,30204,32350,8206,4715,11135,12730,45022,35395,26,15,7575,5889,20658,2875,8500,1218,910,0,0,3412,40555,1587,6561,5,2,8,0,22
849,1726,850.2738177025308,99777,177,83,162,57,43808,22834,0.6679094380468444,98,61,30243,32401,8212,4714,11106,12682,45031,35412,33,18,7561,5881,20646,2871,8516,1225,915,0,0,3437,40536,1579,6565,6,2,12,0,25
850,1726,851.1008714914019,99777,191,77,162,57,43840,22845,0.6683403990899707,81,56,30281,32429,8200,4718,11083,12661,45040,35429,41,21,7549,5868,20648,2873,8525,1227,914,0,0,3456,40522,1576,6565,7,2,14,0,31
851,1726,852.340138579454,99777,168,77,162,57,43861,22855,0.668651091935015,85,69,30324,32489,8205,4708,11054,12598,45049,35446,50,25,7529,5856,20646,2875,8543,1230,920,0,0,3472,40507,1571,6562,7,2,16,0,41
852,1726,853.165335938093,99777,162,77,162,57,43877,22869,0.6689517624302194,89,62,30358,32524,8191,4704,11036,12574,45058,35463,61,29,7514,5850,20638,2870,8557,1234,921,0,0,3488,40497,1570,6559,7,2,23,0,47
853,1726,854.4016561334606,99776,158,81,163,57,43902,22881,0.6693292976266838,91,66,30416,32559,8174,4693,10996,12542,45067,35480,73,34,7500,5836,20632,2870,8574,1237,921,0,0,3496,40491,1567,6558,8,2,28,0,56
854,1726,855.2243321497314,99776,159,79,163,57,43921,22891,0.6696199486850545,87,67,30437,32590,8162,4680,10990,12525,45076,35497,87,39,7483,5826,20627,2867,8585,1239,924,0,0,3509,40482,1566,6558,9,2,35,0,64
855,1726,856.0464258099032,99776,153,91,163,57,43935,22907,0.669920622193714,85,57,30466,32609,8160,4666,10971,12518,45084,35514,102,44,7466,5819,20626,2865,8592,1239,926,0,0,3523,40468,1563,6559,9,3,40,0,78
856,1726,857.2784468380547,99776,157,92,163,57,43970,22927,0.6704718569595894,77,48,30505,32639,8152,4673,10944,12489,45092,35531,119,50,7451,5807,20618,2863,8607,1245,931,0,0,3542,40446,1560,6555,11,3,47,0,90
857,1726,858.0988842124266,99776,150,87,163,57,43977,22938,0.6706522610647851,96,47,30527,32653,8129,4669,10933,12485,45100,35548,138,56,7440,5798,20611,2865,8608,1253,930,0,0,3558,40429,1555,6556,12,3,55,0,103
858,1726,859.328241846299,99776,152,84,163,57,43998,22946,0.6709429121231558,92,50,30594,32703,8093,4658,10904,12446,45108,35565,158,63,7429,5785,20612,2867,8611,1259,931,0,0,3572,40408,1552,6553,15,3,60,0,119
859,1726,860.1465302607922,99776,157,91,163,57,44017,22966,0.6713337876844131,89,42,30613,32721,8077,4659,10899,12428,45116,35582,180,70,7416,5774,20609,2870,8618,1261,932,0,0,3582,40387,1547,6555,17,5,64,0,139
860,1726,861.3724798202555,99776,153,86,163,57,44051,22978,0.6717948203976908,78,47,30665,32757,8071,4645,10868,12406,45124,35598,204,78,7401,5764,20591,2869,8638,1266,934,0,0,3604,40360,1546,6547,21,5,75,0,155
861,1726,862.1886846319026,99776,147,84,163,57,44065,22985,0.6720052918537524,79,52,30693,32770,8065,4632,10851,12403,45132,35614,230,86,7385,5756,20583,2864,8651,1269,938,0,0,3614,40340,1546,6542,23,6,84,0,175
862,1726,863.004289776568,99776,137,83,163,57,44079,22996,0.6722558531109686,91,50,30713,32784,8062,4627,10832,12397,45140,35630,258,95,7375,5744,20582,2862,8660,1274,941,0,0,3629,40306,1541,6540,25,7,91,0,199
863,1726,864.2265831063912,99776,152,80,163,57,44112,23009,0.6727168858242463,81,53,30746,32815,8042,4620,10814,12373,45148,35646,288,104,7362,5729,20574,2866,8668,1277,945,0,0,3641,40276,1538,6541,26,10,100,0,223
864,1726,865.0406166403349,99776,163,82,163,57,44138,23023,0.6731177838357921,67,47,30780,32827,8019,4613,10806,12372,45156,35662,320,114,7351,5724,20563,2865,8674,1283,945,0,0,3652,40245,1535,6540,28,12,109,0,250
865,1726,866.2601910383668,99775,152,76,163,58,44161,23030,0.673425206715109,72,56,30826,32845,8014,4601,10771,12362,45164,35678,354,125,7339,5705,20554,2867,8685,1289,948,0,0,3668,40210,1532,6538,29,12,123,0,276
866,1726,867.0722129497765,99775,153,82,163,58,44183,23040,0.6737459283387622,62,59,30844,32860,8009,4581,10767,12358,45172,35694,390,136,7318,5699,20542,2869,8693,1292,950,0,0,3673,40191,1531,6532,31,15,134,0,305
867,1726,868.2891845046657,99775,149,86,163,58,44203,23058,0.6741267852668504,65,58,30902,32894,7994,4570,10725,12332,45180,35710,429,148,7305,5695,20525,2864,8704,1302,950,0,0,3688,40158,1529,6526,35,17,145,0,332
868,1726,869.0992644116177,99775,137,83,163,58,44216,23067,0.674347281383112,73,54,30917,32912,7993,4559,10715,12332,45188,35726,470,160,7291,5687,20508,2863,8720,1307,951,0,0,3697,40130,1527,6515,42,18,159,0,360
869,1726,870.3134205243023,99775,126,85,163,58,44231,23086,0.6746880481082436,80,40,30954,32943,7975,4547,10700,12325,45196,35742,513,173,7282,5676,20495,2860,8737,1312,951,0,0,3715,40083,1524,6511,45,21,169,0,394
870,1726,871.1222140216078,99775,124,86,163,58,44247,23095,0.6749386118767227,77,42,30973,32931,7967,4539,10694,12342,45204,35758,558,187,7272,5664,20479,2860,8746,1319,951,0,0,3723,40052,1521,6508,49,21,183,0,427
871,1726,872.3343268793622,99775,133,81,163,58,44270,23107,0.6752894011525933,69,47,31039,32935,7934,4533,10660,12344,45212,35773,606,201,7260,5654,20464,2860,8744,1331,951,0,0,3741,40013,1521,6504,51,22,200,0,459
872,1726,873.1410698171519,99775,133,84,163,58,44284,23119,0.6755499874718116,72,37,31054,32928,7916,4532,10660,12359,45220,35788,656,216,7246,5650,20443,2863,8746,1339,954,0,0,3741,39992,1510,6501,59,26,220,0,485
873,1726,874.3501425118342,99775,127,81,163,58,44303,23129,0.6758406414432473,75,41,31082,32952,7901,4519,10650,12347,45228,35803,708,231,7232,5637,20429,2867,8749,1348,957,0,0,3751,39951,1509,6492,66,30,236,0,521
874,1726,875.1556357071534,99775,125,84,163,58,44311,23136,0.6759909797043347,77,40,31106,32960,7886,4498,10641,12358,45235,35818,762,247,7221,5631,20415,2866,8748,1354,956,0,0,3755,39921,1506,6486,72,36,255,0,553
875,1726,876.3626739799154,99775,123,84,163,58,44335,23148,0.6763517915309446,82,39,31145,32982,7868,4486,10617,12349,45242,35833,819,264,7208,5625,20397,2863,8752,1367,960,0,0,3768,39872,1504,6477,76,38,274,0,594
876,1726,877.1664878756065,99774,124,84,164,58,44352,23158,0.6766291819512097,79,36,31168,32972,7848,4479,10615,12369,45249,35848,878,281,7196,5619,20381,2862,8750,1376,960,0,0,3779,39831,1502,6467,87,43,291,0,630
877,1726,878.3712330962924,99774,121,81,164,58,44373,23168,0.6769398841381522,76,41,31212,32987,7835,4466,10590,12365,45256,35863,939,299,7183,5611,20367,2860,8753,1387,962,0,0,3789,39778,1500,6461,94,49,303,0,677
878,1726,879.1735059916656,99774,121,80,164,58,44388,23181,0.6772205183715196,74,39,31232,32961,7816,4466,10591,12394,45263,35878,1002,318,7172,5602,20347,2860,8755,1396,961,0,0,3801,39726,1500,6455,99,54,322,0,724
879,1726,880.3759650533905,99774,119,81,164,58,44412,23196,0.6776114017679957,68,37,31266,32961,7795,4457,10586,12404,45270,35893,1068,337,7163,5593,20319,2859,8769,1400,961,0,0,3809,39674,1495,6450,105,62,348,0,767
880,1726,881.1768081395982,99774,125,74,164,58,44428,23204,0.6778519453965963,76,40,31276,32947,7780,4447,10577,12432,45277,35908,1136,357,7150,5586,20289,2858,8774,1406,961,0,0,3820,39632,1495,6440,113,66,377,0,807
881,1726,882.3775194015761,99774,121,75,164,58,44449,23216,0.6781826928859221,78,33,31304,32954,7771,4432,10560,12446,45284,35923,1206,377,7139,5578,20272,2851,8785,1417,963,0,0,3828,39573,1493,6433,118,72,391,0,861
882,1726,883.1774173026035,99774,116,73,164,58,44459,23219,0.6783129873514142,85,39,31320,32951,7751,4415,10562,12462,45291,35938,1278,398,7125,5572,20248,2849,8789,1421,965,0,0,3835,39523,1491,6427,125,77,416,0,911
883,1726,884.3761592663082,99774,116,72,164,58,44481,23232,0.6786637801431235,84,40,31368,32960,7715,4401,10551,12467,45298,35953,1352,420,7108,5566,20210,2851,8794,1429,969,0,0,3841,39481,1486,6421,134,82,451,0,951
884,1726,885.1743585269465,99774,129,72,164,58,44505,23242,0.679004550283641,74,34,31390,32944,7700,4389,10541,12501,45305,35967,1428,442,7098,5561,20192,2849,8793,1438,966,0,0,3847,39422,1483,6416,141,88,470,0,1010
885,1726,886.3707130078405,99774,128,76,164,58,44523,23252,0.6792851845170085,79,30,31444,32939,7683,4373,10500,12522,45312,35981,1506,465,7090,5552,20177,2844,8795,1447,970,0,0,3854,39352,1478,6412,148,92,490,0,1073
886,1726,887.1671828028599,99774,132,74,164,58,44539,23256,0.6794856375408423,76,31,31450,32922,7670,4364,10506,12549,45319,35995,1586,489,7084,5543,20155,2843,8792,1461,968,0,0,3855,39295,1477,6405,155,99,513,0,1129
887,1726,888.3610601844448,99774,131,77,164,58,44558,23269,0.6798063623789765,78,32,31469,32917,7658,4345,10498,12569,45326,36009,1668,513,7076,5535,20143,2838,8792,1475,970,0,0,3863,39224,1475,6395,164,105,529,0,1190
888,1726,889.1566044092962,99774,139,75,164,58,44577,23280,0.6801070419147273,72,33,31480,32897,7639,4334,10504,12601,45333,36023,1752,538,7065,5530,20116,2834,8792,1485,971,0,0,3874,39159,1473,6387,172,108,558,0,1250
889,1726,890.3492777347423,99774,131,68,164,58,44598,23286,0.680377653496903,70,37,31501,32903,7630,4322,10502,12610,45340,36037,1837,564,7045,5526,20084,2831,8802,1493,980,0,0,3880,39091,1469,6382,180,116,582,0,1313
890,1726,891.1439587820599,99774,122,61,164,58,44612,23291,0.6805680838695451,69,43,31505,32868,7620,4321,10518,12647,45347,36051,1924,590,7032,5521,20053,2827,8807,1504,984,0,0,3889,39027,1465,6370,191,120,611,0,1373
891,1726,892.335972894654,99774,111,62,164,58,44624,23300,0.6807785595445708,77,48,31530,32883,7612,4285,10504,12662,45354,36065,2013,617,7023,5512,20023,2824,8807,1519,986,0,0,3898,38962,1463,6359,201,125,642,0,1430
892,1726,893.130073712753,99774,106,63,164,58,44638,23309,0.6810090805219797,70,44,31533,32873,7613,4269,10512,12691,45361,36079,2103,645,7014,5506,20005,2824,8804,1532,985,0,0,3904,38877,1458,6357,206,130,660,0,1512
893,1726,894.3210275194575,99774,110,64,164,58,44663,23320,0.6813698959648806,65,38,31568,32870,7598,4256,10493,12712,45368,36093,2195,673,7004,5498,19969,2822,8816,1537,987,0,0,3910,38807,1454,6347,214,136,695,0,1578
894,1726,895.114382782298,99774,113,65,164,58,44676,23325,0.6815503036863311,60,42,31587,32867,7579,4225,10495,12741,45375,36107,2288,702,6992,5493,19939,2822,8809,1547,986,0,0,3915,38744,1452,6338,225,142,727,0,1643
895,1726,896.3036569780259,99774,105,61,164,58,44690,23332,0.6817607793613567,70,46,31609,32863,7560,4215,10490,12755,45382,36121,2382,731,6979,5483,19912,2824,8805,1562,991,0,0,3922,38671,1450,6327,237,145,755,0,1711
896,1726,897.09592722823,99774,102,66,164,58,44701,23345,0.6820013229899573,68,42,31599,32828,7560,4198,10505,12806,45389,36135,2477,761,6968,5475,19889,2825,8796,1577,992,0,0,3927,38597,1446,6323,243,151,781,0,1784
897,1726,898.2844928778421,99774,106,64,164,58,44726,23354,0.6823420931304749,54,41,31632,32824,7552,4185,10490,12826,45396,36149,2574,792,6956,5470,19852,2827,8790,1593,987,0,0,3939,38531,1444,6315,252,159,815,0,1844
898,1726,899.0763874887587,99774,113,64,164,58,44739,23363,0.6825625914566921,50,37,31636,32785,7543,4175,10492,12879,45402,36162,2672,823,6946,5461,19831,2827,8783,1605,988,0,0,3936,38462,1443,6304,264,167,842,0,1915
899,1726,900.2636338892091,99774,115,66,164,58,44749,23373,0.6827630444805259,81,59,31658,32809,7525,4165,10455,12841,45402,36162,2672,823,6943,5461,19825,2828,8788,1606,991,0,0,3941,38457,1442,6304,264,167,842,0,1915
900,1726,900.2636338892091,99774,119,69,164,58,44760,23377,0.6829133842484014,77,60,31661,32758,7515,4154,10462,12899,45402,36162,2771,855,6943,5461,19787,2827,8777,1621,991,0,2,3934,38390,1442,6294,274,173,878,0,1980
901,1726,901.0545182524147,99774,121,79,164,58,44777,23392,0.6832341090865356,77,51,31686,32748,7503,4136,10447,12926,45402,36162,2870,887,6943,5458,19750,2829,8771,1634,991,0,10,3927,38314,1442,6281,286,180,910,0,2048
902,1726,902.2394983506806,99774,124,82,164,58,44800,23406,0.6836049471806283,75,52,31728,32742,7486,4117,10421,12947,45402,36162,2970,920,6939,5454,19722,2831,8761,1653,990,4,22,3919,38230,1442,6270,296,188,933,0,2120
903,1726,903.0286934262923,99773,127,83,165,58,44819,23417,0.683912481332625,73,50,31743,32707,7470,4107,10420,12993,45402,36162,3071,953,6936,5453,19680,2833,8757,1664,990,7,33,3910,38146,1441,6262,303,195,970,0,2193
904,1726,904.2115250236817,99773,132,84,165,58,44846,23430,0.6843133913984746,74,50,31767,32695,7467,4096,10393,13015,45402,36162,3173,987,6935,5452,19648,2835,8750,1682,989,8,48,3904,38046,1441,6255,309,200,993,0,2278
905,1726,905.3933027486439,99773,137,79,165,58,44876,23447,0.6847844607258476,82,42,31805,32705,7451,4090,10358,13024,45402,36162,3275,1022,6931,5445,19604,2842,8756,1692,989,12,65,3897,37952,1441,6240,322,206,1024,0,2355
906,1726,906.1803760341877,99772,137,81,166,58,44894,23460,0.6851020326344065,76,40,31842,32681,7437,4081,10340,13057,45402,36162,3378,1057,6929,5443,19569,2842,8750,1708,989,14,77,3886,37867,1441,6227,332,216,1054,1,2427
907,1726,907.3596394631159,99772,145,81,166,58,44920,23474,0.6855029467185182,90,45,31853,32659,7418,4076,10326,13079,45402,36162,3481,1093,6926,5442,19525,2843,8747,1720,989,17,92,3878,37776,1441,6216,339,224,1093,1,2503
908,1726,908.1453033912015,99772,142,79,166,58,44936,23479,0.6857134266126769,101,51,31875,32631,7408,4060,10306,13119,45402,36162,3584,1129,6925,5440,19484,2845,8747,1730,989,18,100,3871,37692,1439,6202,350,229,1131,2,2578
909,1726,909.3228373008211,99772,152,71,166,58,44974,23494,0.686244637774125,92,47,31879,32637,7411,4042,10298,13143,45402,36162,3688,1166,6923,5436,19436,2848,8751,1743,988,20,124,3859,37597,1438,6191,359,240,1168,2,2649
910,1726,910.1076660780463,99772,148,76,166,58,44990,23506,0.6865252776330032,97,48,31896,32610,7396,4030,10295,13176,45402,36162,3792,1203,6921,5433,19396,2852,8745,1755,988,22,137,3854,37506,1437,6178,370,245,1204,2,2727
911,1726,911.284161591727,99772,148,82,166,58,45014,23520,0.6869061460129094,101,45,31916,32611,7390,4015,10277,13187,45402,36162,3896,1241,6917,5431,19359,2855,8745,1767,988,26,146,3847,37421,1435,6157,389,251,1233,2,2803
912,1726,912.0680830824531,99772,143,83,166,58,45029,23529,0.6871466944633765,107,50,31926,32559,7386,4015,10270,13233,45402,36162,4000,1279,6914,5431,19322,2853,8743,1783,988,29,153,3836,37342,1435,6136,407,262,1261,2,2875
913,1726,913.243321338298,99772,152,79,166,58,45067,23537,0.6876077456601051,103,53,31953,32570,7375,3995,10249,13243,45402,36162,4104,1317,6910,5430,19287,2852,8739,1799,988,33,173,3823,37250,1434,6119,420,273,1293,2,2947
914,1726,914.0262279015249,99772,158,86,166,58,45091,23550,0.6879785911879084,97,54,31961,32534,7368,3983,10248,13283,45402,36162,4208,1356,6907,5427,19258,2856,8738,1810,987,36,179,3811,37165,1434,6100,436,284,1316,3,3025
915,1726,915.2001373514584,99772,157,88,166,58,45121,23570,0.6884797337930482,99,46,32011,32551,7353,3967,10212,13288,45402,36162,4312,1395,6905,5423,19208,2861,8745,1823,985,38,194,3799,37078,1433,6085,446,295,1354,6,3094
916,1726,916.3724289845475,99772,163,86,166,58,45149,23589,0.6889508078418795,93,46,32053,32522,7327,3965,10196,13321,45402,36162,4415,1435,6904,5423,19165,2863,8744,1837,982,39,216,3788,36982,1433,6072,456,304,1390,8,3166
917,1726,917.1529578918829,99772,161,90,166,58,45165,23603,0.6892514934049633,98,39,32056,32483,7325,3960,10192,13368,45402,36162,4518,1475,6901,5419,19124,2867,8742,1852,982,42,221,3777,36899,1433,6061,465,314,1421,10,3242
918,1726,918.3233177712395,99772,158,92,166,58,45190,23617,0.6896423846369722,105,47,32087,32453,7317,3953,10165,13395,45402,36162,4621,1516,6897,5417,19077,2866,8748,1864,982,46,233,3770,36814,1432,6042,480,320,1459,11,3314
919,1726,919.1029225520132,99772,161,91,166,58,45215,23627,0.6899931844605701,102,50,32091,32434,7311,3941,10167,13424,45402,36162,4723,1557,6893,5414,19039,2868,8739,1881,981,50,247,3763,36722,1432,6033,487,326,1494,12,3391
920,1726,920.2719976617742,99771,163,94,167,58,45244,23645,0.6904711789999098,106,45,32110,32426,7304,3938,10148,13437,45402,36162,4825,1598,6890,5414,18995,2869,8731,1898,980,52,268,3755,36626,1432,6023,497,334,1529,16,3462
921,1726,921.0509965954598,99771,170,84,167,58,45266,23649,0.6907317757665054,107,56,32112,32402,7284,3931,10158,13467,45402,36162,4926,1640,6888,5410,18947,2873,8721,1919,980,54,279,3749,36548,1432,6013,506,340,1567,17,3528
922,1726,922.2190658634643,99771,159,82,167,58,45292,23663,0.6911326938689599,105,64,32145,32416,7267,3915,10155,13463,45402,36162,5027,1682,6882,5404,18906,2881,8716,1942,978,60,289,3735,36465,1432,5999,516,352,1596,21,3597
923,1726,923.3862573891188,99771,166,92,167,58,45326,23685,0.6916939792123964,106,59,32169,32394,7256,3910,10134,13485,45402,36162,5127,1724,6879,5402,18866,2883,8717,1958,977,63,301,3722,36381,1431,5983,527,364,1627,23,3667
924,1726,924.1637805251285,99771,166,91,167,58,45349,23697,0.6920447825520442,108,61,32157,32365,7258,3901,10142,13522,45402,36162,5226,1767,6878,5397,18818,2887,8718,1970,977,64,313,3714,36295,1431,5972,536,370,1667,25,3739
925,1726,925.3299917106389,99771,167,97,167,58,45379,23716,0.6925359072275511,110,57,32178,32352,7258,3893,10118,13541,45402,36162,5325,1810,6873,5392,18772,2893,8718,1984,977,69,328,3707,36210,1429,5955,550,377,1703,25,3809
926,1726,926.1070660400294,99771,171,94,167,58,45400,23728,0.6928666646620761,113,56,32171,32324,7251,3890,10125,13576,45402,36162,5423,1853,6871,5389,18730,2892,8717,1995,977,71,342,3702,36121,1429,5944,561,381,1741,26,3882
927,1726,927.2728043253926,99771,180,96,167,58,45435,23749,0.6934279500055126,108,57,32201,32312,7237,3887,10105,13588,45402,36162,5520,1897,6869,5384,18691,2898,8717,2008,975,73,355,3692,36030,1427,5930,572,391,1774,29,3956
928,1726,928.0493282338398,99771,169,96,167,58,45453,23759,0.6937085926772308,115,60,32204,32283,7236,3875,10107,13626,45402,36162,5616,1941,6864,5379,18653,2902,8710,2020,975,78,374,3687,35937,1427,5915,585,396,1810,30,4029
929,1726,929.2137932650942,99771,177,108,167,58,45483,23780,0.6942197632578605,125,60,32206,32279,7222,3859,10101,13634,45402,36162,5712,1985,6860,5378,18605,2904,8698,2039,973,82,386,3677,35858,1427,5912,587,404,1855,32,4094
930,1726,930.3779356352096,99770,190,113,168,58,45522,23801,0.6948281046406736,123,54,32218,32249,7211,3850,10088,13674,45402,36162,5807,2029,6857,5374,18561,2907,8698,2052,973,85,401,3665,35773,1427,5897,597,414,1893,34,4162
931,1726,931.1536989437077,99770,192,103,168,58,45546,23806,0.6951187731783102,123,73,32229,32207,7199,3843,10087,13714,45402,36162,5901,2074,6854,5371,18521,2909,8695,2069,973,88,415,3658,35687,1426,5882,610,420,1924,34,4234
932,1726,932.3169749907363,99770,197,110,168,58,45582,23830,0.6957201563596271,115,73,32228,32181,7205,3839,10085,13737,45402,36162,5994,2119,6849,5369,18485,2911,8699,2084,973,93,431,3648,35594,1425,5863,626,428,1947,37,4308
933,1726,933.0923913380446,99770,201,112,168,58,45607,23844,0.6961110554274832,117,65,32221,32166,7204,3827,10087,13770,45402,36162,6086,2164,6848,5365,18447,2916,8694,2100,972,94,444,3640,35513,1425,5847,641,434,1977,38,4375
934,1726,934.2556288589092,99770,209,113,168,58,45641,23872,0.6967324847148442,112,75,32243,32143,7187,3830,10079,13779,45402,36162,6177,2209,6842,5359,18403,2921,8697,2113,972,100,467,3633,35412,1425,5839,648,440,2008,39,4452
935,1726,935.0307195822144,99770,197,109,168,58,45660,23888,0.6970832915706124,117,74,32242,32126,7190,3823,10084,13808,45402,36162,6267,2254,6840,5358,18369,2922,8691,2133,971,102,491,3623,35317,1424,5827,658,448,2034,44,4518
936,1726,936.1933105123103,99770,185,110,168,58,45682,23909,0.6975142828505563,135,68,32240,32113,7194,3821,10076,13828,45402,36162,6356,2300,6835,5352,18331,2928,8686,2149,971,107,516,3611,35224,1423,5814,670,458,2065,45,4585
937,1726,937.3558546336969,99770,201,112,168,58,45730,23925,0.6981557582439611,119,69,32254,32110,7195,3809,10061,13840,45402,36162,6444,2346,6832,5351,18281,2930,8681,2170,971,110,532,3606,35142,1422,5802,678,462,2104,48,4648
938,1726,938.130601845639,99770,197,112,168,58,45755,23942,0.698576726470883,122,63,32252,32080,7192,3806,10067,13879,45402,36162,6531,2392,6827,5348,18246,2932,8683,2183,971,115,549,3595,35057,1420,5784,691,473,2132,51,4713
939,1726,939.292847281711,99770,201,109,168,58,45789,23960,0.6990979252280245,140,72,32242,32060,7186,3812,10061,13887,45402,36162,6617,2438,6827,5343,18204,2940,8689,2193,971,115,567,3586,34965,1416,5770,701,481,2164,53,4785
940,1726,940.067566379576,99770,201,107,168,58,45811,23972,0.6994387090307708,141,80,32223,32029,7182,3809,10083,13915,45402,36162,6702,2484,6823,5336,18176,2947,8679,2210,971,119,581,3579,34878,1416,5757,714,487,2186,56,4855
941,1726,941.2304899669,99770,204,107,168,58,45847,23996,0.7000400922120878,152,83,32235,32027,7169,3807,10070,13916,45402,36162,6786,2530,6821,5331,18126,2953,8683,2224,970,121,604,3574,34790,1414,5746,724,491,2222,60,4916
942,1726,942.0054024781991,99770,202,118,168,58,45870,24015,0.7004610604390097,154,81,32238,32004,7161,3795,10075,13942,45402,36162,6869,2576,6819,5327,18084,2954,8681,2239,970,123,615,3565,34718,1414,5734,733,500,2257,61,4976
943,1726,943.1676341314828,99770,202,116,168,58,45910,24033,0.7010423975142829,158,89,32229,31996,7171,3794,10070,13945,45402,36162,6951,2623,6811,5321,18039,2958,8689,2253,970,131,633,3558,34630,1413,5721,742,505,2289,63,5044
944,1726,944.3299585926002,99769,209,125,169,58,45946,24065,0.7017309986067817,147,83,32257,32001,7154,3792,10062,13939,45402,36162,7031,2670,6803,5318,17987,2957,8691,2267,970,139,651,3551,34562,1413,5706,753,512,2332,65,5092
945,1726,945.1043359788936,99769,216,129,169,58,45975,24084,0.70221210997404,140,75,32246,31986,7159,3784,10068,13966,45402,36162,7110,2717,6797,5318,17946,2958,8690,2278,970,145,668,3541,34482,1412,5695,761,522,2366,67,5153
946,1726,946.2658955201455,99769,232,130,169,58,46018,24103,0.702833545490082,138,71,32280,32002,7128,3778,10051,13959,45402,36162,7188,2764,6795,5313,17909,2961,8695,2290,970,147,681,3525,34407,1412,5680,774,535,2393,71,5211
947,1726,947.0395391978625,99769,228,132,169,58,46038,24118,0.7031843558620413,149,80,32275,31958,7130,3777,10047,13993,45402,36162,7265,2811,6792,5311,17867,2965,8691,2308,968,150,693,3520,34331,1412,5669,781,539,2426,73,5273
948,1726,948.1999377112327,99769,249,136,169,58,46088,24141,0.7039160460664134,148,75,32281,31955,7114,3775,10037,13999,45402,36162,7341,2858,6785,5307,17821,2967,8686,2329,968,157,710,3510,34263,1412,5662,786,548,2461,74,5323
949,1726,949.3599592866786,99769,244,128,169,58,46128,24158,0.7044873658150327,156,86,32274,31952,7119,3768,10036,14006,45402,36162,7416,2905,6780,5302,17777,2973,8682,2351,967,162,738,3500,34180,1410,5653,793,556,2493,81,5371
950,1726,950.1334318416566,99769,246,122,169,58,46156,24171,0.7048983151078992,160,93,32260,31926,7125,3771,10038,14028,45402,36162,7490,2952,6774,5299,17747,2975,8673,2374,966,168,750,3493,34103,1410,5642,801,559,2519,84,5432
951,1726,951.2938264611546,99769,255,126,169,58,46198,24196,0.7055698663913641,153,89,32272,31933,7129,3776,10020,14016,45402,36162,7563,2999,6769,5296,17711,2977,8676,2389,966,173,770,3488,34017,1410,5626,813,563,2543,89,5493
952,1726,952.0671904406685,99769,246,127,169,58,46223,24211,0.705970792530746,161,94,32271,31904,7133,3775,10018,14040,45402,36162,7635,3046,6765,5296,17664,2976,8685,2402,965,177,784,3478,33947,1410,5613,820,571,2578,93,5545
953,1726,953.2272307278412,99769,242,136,169,58,46260,24237,0.7066022512002726,154,90,32290,31915,7144,3770,9999,14029,45402,36162,7706,3093,6758,5289,17626,2985,8688,2415,964,184,806,3468,33865,1408,5602,827,579,2607,95,5603
954,1726,954.0003181826264,99769,246,144,169,58,46284,24255,0.7070232236466237,168,89,32271,31900,7133,3764,10011,14043,45402,36162,7776,3140,6757,5286,17590,2991,8683,2429,963,185,815,3460,33796,1406,5594,834,586,2636,99,5659
955,1726,955.1601568304047,99769,258,152,169,58,46327,24285,0.7077549138509958,174,89,32273,31905,7120,3761,10004,14033,45402,36162,7845,3187,6753,5280,17550,2996,8680,2448,963,189,835,3454,33712,1406,5590,836,589,2666,102,5720
956,1726,956.3197222468527,99768,264,154,169,59,46366,24314,0.7084435891267741,186,85,32279,31909,7108,3766,9992,14025,45402,36162,7912,3234,6751,5277,17523,2999,8678,2471,963,191,859,3442,33625,1405,5576,846,599,2679,105,5779
957,1726,957.0925384798352,99768,271,154,169,59,46404,24333,0.7090149146018764,185,88,32274,31892,7111,3768,9988,14037,45402,36162,7978,3281,6744,5276,17493,3001,8677,2487,963,198,872,3437,33549,1403,5560,858,603,2700,113,5834
958,1726,958.2517790843134,99768,280,156,169,59,46467,24364,0.7099571004730976,176,94,32270,31901,7122,3763,9981,14025,45402,36162,8043,3328,6739,5265,17439,3012,8687,2504,961,203,898,3428,33482,1402,5546,867,611,2737,118,5869
959,1726,959.0245439297669,99768,283,160,169,59,46497,24384,0.7104582631705557,191,100,32252,31888,7120,3760,9983,14031,45402,36162,8107,3375,6731,5263,17404,3013,8686,2518,960,211,910,3421,33410,1402,5538,873,616,2765,121,5926
960,1726,960.1840314948582,99767,282,178,170,59,46546,24423,0.7113474395341145,191,99,32261,31878,7126,3761,9968,14023,45402,36162,8170,3421,6728,5259,17361,3015,8698,2539,959,214,928,3413,33336,1402,5521,878,619,2794,125,5978
961,1726,961.3432494890757,99767,302,182,170,59,46610,24456,0.712319704912446,187,98,32257,31895,7129,3765,9953,13999,45402,36162,8232,3467,6722,5256,17322,3013,8708,2556,958,220,955,3410,33244,1402,5516,881,620,2817,127,6040
962,1726,962.1159834076459,99767,306,187,170,59,46649,24481,0.7129611995950564,183,90,32251,31880,7134,3766,9954,14016,45402,36162,8293,3513,6718,5252,17288,3016,8714,2573,957,224,968,3400,33184,1402,5494,900,628,2835,134,6080
963,1726,963.2753435959896,99767,294,180,170,59,46692,24503,0.7136127176320828,203,98,32240,31873,7154,3774,9937,14014,45402,36162,8353,3559,6711,5249,17238,3019,8735,2585,957,231,998,3393,33098,1400,5479,908,631,2865,137,6133
964,1726,964.0483509733699,99767,308,175,170,59,46734,24519,0.7141940721881985,196,103,32236,31860,7152,3777,9936,14024,45402,36162,8412,3605,6708,5247,17198,3022,8742,2598,957,234,1016,3380,33035,1399,5465,915,641,2895,141,6174
965,1726,965.2081216743893,99767,328,180,170,59,46801,24546,0.7151362675032826,192,109,32228,31872,7161,3781,9919,13997,45402,36162,8470,3651,6698,5241,17161,3027,8741,2617,957,244,1042,3375,32957,1398,5454,921,645,2923,143,6223
966,1726,966.3677700109926,99766,341,163,170,60,46862,24567,0.7159653589399194,198,118,32202,31883,7172,3791,9915,13983,45402,36162,8527,3697,6694,5234,17120,3031,8752,2635,957,247,1069,3370,32874,1398,5440,929,648,2947,152,6269
967,1726,967.1411166111172,99766,335,174,170,60,46895,24592,0.7165467193232163,205,118,32202,31865,7174,3794,9912,13987,45402,36162,8583,3743,6689,5233,17078,3030,8762,2646,956,252,1088,3362,32807,1398,5429,935,654,2980,154,6313
968,1726,968.3015058813363,99765,336,179,170,61,46959,24621,0.7174860923169448,219,127,32186,31870,7186,3795,9901,13966,45402,36162,8638,3789,6684,5227,17023,3041,8772,2667,956,256,1119,3356,32732,1393,5418,940,657,3013,156,6355
969,1726,969.0751094424239,99765,328,185,170,61,46990,24642,0.7180073171954092,227,123,32171,31863,7201,3799,9901,13967,45402,36162,8693,3834,6678,5225,16987,3041,8775,2680,953,262,1138,3349,32666,1393,5406,948,663,3044,158,6399
970,1726,970.2361561168665,99765,348,189,170,61,47062,24675,0.7190597905076931,241,123,32133,31879,7227,3807,9879,13939,45402,36162,8747,3879,6672,5222,16932,3042,8800,2692,953,268,1165,3343,32591,1392,5389,955,666,3078,160,6445
971,1726,971.0105414108846,99765,350,201,170,61,47104,24704,0.7197714629379041,243,109,32106,31877,7242,3807,9887,13943,45402,36162,8800,3924,6669,5222,16887,3044,8809,2706,952,271,1184,3332,32530,1389,5380,963,676,3104,163,6484
972,1726,972.1735618115297,99765,353,217,170,61,47176,24749,0.7209442189144489,248,101,32093,31889,7263,3815,9871,13915,45402,36162,8852,3969,6663,5212,16855,3055,8817,2728,951,277,1214,3326,32450,1386,5358,974,680,3123,169,6527
973,1726,973.3368941387472,99764,362,219,171,61,47244,24781,0.7219538109939457,265,106,32073,31888,7279,3824,9848,13900,45402,36162,8903,4014,6655,5206,16819,3062,8828,2747,949,285,1240,3313,32377,1385,5342,980,689,3145,174,6568
974,1726,974.1125960974883,99764,374,204,171,61,47302,24797,0.7226955615251994,253,115,32062,31884,7294,3842,9844,13892,45402,36162,8953,4059,6650,5203,16784,3068,8836,2763,948,290,1268,3309,32294,1381,5332,986,692,3163,179,6618
975,1726,975.276665302077,99764,382,196,171,61,47366,24826,0.7236277615171806,246,121,32043,31882,7317,3861,9839,13877,45402,36162,9002,4103,6643,5196,16750,3076,8835,2784,947,297,1310,3304,32203,1380,5323,989,694,3188,183,6662
976,1726,976.0530328262423,99764,389,194,171,61,47417,24857,0.7244497012950564,234,105,32029,31874,7334,3877,9841,13887,45402,36162,9050,4147,6639,5189,16712,3084,8850,2797,947,301,1333,3299,32128,1377,5312,996,698,3206,191,6705
977,1726,977.2184373442267,99764,411,195,171,61,47498,24893,0.7256224690269035,230,114,32038,31881,7335,3886,9813,13861,45402,36162,9098,4191,6629,5187,16673,3088,8860,2817,945,311,1367,3290,32051,1374,5296,1004,704,3229,196,6743
978,1726,978.3833849840398,99764,401,194,171,61,47562,24922,0.7265546690188845,244,122,32020,31878,7356,3898,9806,13845,45402,36162,9145,4235,6616,5176,16640,3096,8867,2838,945,324,1397,3285,31974,1372,5282,1014,705,3249,203,6781
979,1726,979.1602536489236,99764,415,201,171,61,47610,24945,0.727266348582655,238,118,32001,31869,7360,3901,9813,13848,45402,36162,9191,4279,6611,5174,16611,3092,8879,2851,945,329,1408,3274,31922,1372,5269,1022,713,3267,209,6816
980,1726,980.3261718884401,99764,427,194,171,61,47691,24973,0.7283589270678802,233,135,31976,31860,7386,3917,9805,13831,45402,36162,9236,4322,6602,5167,16569,3102,8891,2868,943,337,1447,3270,31839,1370,5254,1029,715,3293,213,6855
981,1726,981.1038264607191,99764,426,205,171,61,47738,25006,0.7291608195341005,241,130,31951,31854,7399,3915,9810,13833,45402,36162,9280,4365,6593,5164,16545,3103,8890,2895,943,346,1469,3265,31770,1370,5247,1030,717,3305,217,6895
982,1726,982.2712959199299,99764,425,208,171,61,47800,25042,0.7301431378052203,258,140,31935,31854,7415,3924,9794,13811,45402,36162,9324,4408,6586,5153,16501,3119,8901,2913,941,352,1498,3256,31706,1365,5236,1034,724,3332,223,6924
983,1726,983.0497958190767,99763,415,207,172,61,47844,25067,0.7308420957669677,266,140,31914,31834,7432,3941,9799,13815,45402,36162,9367,4451,6580,5146,16465,3121,8919,2926,941,358,1521,3247,31639,1363,5225,1037,729,3355,229,6962
984,1726,984.2184027295395,99763,431,206,172,61,47930,25106,0.7320950653047723,258,132,31886,31857,7463,3959,9788,13783,45402,36162,9409,4493,6568,5138,16427,3126,8943,2941,940,370,1550,3242,31565,1360,5211,1044,732,3372,240,6994
985,1726,985.3879834234032,99763,442,204,172,61,48011,25138,0.7332277497669477,255,137,31858,31876,7497,3970,9774,13750,45402,36162,9450,4535,6559,5133,16394,3135,8955,2954,938,379,1601,3235,31468,1357,5203,1049,734,3389,243,7037
986,1726,986.1682175978386,99763,448,207,172,61,48061,25165,0.7339995790022353,263,147,31837,31859,7502,3982,9776,13742,45402,36162,9491,4577,6552,5130,16358,3138,8960,2973,937,386,1623,3229,31407,1357,5194,1053,739,3408,247,7072
987,1726,987.339358204514,99762,470,214,173,61,48152,25204,0.7353100378901787,260,144,31811,31879,7521,3993,9763,13707,45402,36162,9531,4619,6540,5123,16318,3145,8977,2993,936,398,1652,3224,31338,1357,5177,1057,742,3426,255,7104
988,1726,988.1204467553092,99761,463,205,174,61,48205,25226,0.7360692054009081,263,158,31805,31864,7537,4010,9756,13700,45402,36162,9570,4661,6528,5120,16281,3146,8990,3010,936,410,1683,3218,31267,1356,5167,1062,744,3444,263,7136
989,1726,989.2924024992337,99761,478,202,174,61,48291,25268,0.7373522719299125,269,164,31785,31882,7560,4031,9732,13658,45402,36162,9609,4702,6517,5113,16239,3152,9008,3025,933,421,1732,3214,31180,1356,5153,1068,746,3467,266,7171
990,1726,990.0739216459078,99761,491,208,174,61,48350,25299,0.7382544280831187,278,155,31757,31886,7572,4037,9726,13651,45402,36162,9647,4743,6512,5110,16208,3155,9016,3039,930,426,1754,3210,31112,1355,5144,1075,748,3484,272,7211
991,1726,991.2470382514101,99759,469,214,176,61,48433,25344,0.7395523210938362,277,141,31752,31914,7617,4052,9707,13616,45402,36162,9684,4784,6500,5094,16160,3168,9039,3064,929,438,1795,3201,31031,1354,5129,1080,752,3505,277,7243
992,1726,992.0294532556768,99759,463,211,176,61,48487,25376,0.7404143987008691,279,149,31734,31905,7642,4070,9704,13602,45402,36162,9721,4825,6492,5084,16123,3177,9059,3080,928,446,1820,3197,30964,1353,5115,1087,753,3519,283,7279
993,1726,993.20376015234,99758,468,216,177,61,48564,25413,0.7415645862988433,293,159,31710,31912,7667,4080,9683,13570,45402,36162,9757,4865,6478,5073,16085,3180,9076,3103,927,459,1846,3190,30906,1352,5103,1094,757,3536,285,7308
994,1726,994.3785083057915,99758,481,231,177,61,48650,25461,0.7429078369654564,304,157,31699,31916,7691,4098,9646,13535,45402,36162,9792,4905,6474,5064,16049,3185,9102,3119,925,463,1883,3181,30833,1351,5086,1102,763,3551,288,7339
995,1726,995.1617644579079,99758,512,237,177,61,48732,25493,0.7440506024579482,266,153,31682,31917,7708,4105,9653,13525,45402,36162,9827,4945,6466,5055,16012,3189,9113,3141,925,471,1899,3175,30786,1351,5072,1109,764,3573,291,7366
996,1726,996.3373993955164,99758,506,233,177,61,48807,25529,0.7451632951743219,298,166,31640,31938,7743,4119,9634,13481,45402,36162,9861,4985,6451,5048,15977,3196,9126,3166,925,486,1931,3167,30718,1348,5056,1115,767,3588,303,7390
997,1726,997.1216411901114,99757,510,214,178,61,48867,25556,0.746042884208627,295,161,31616,31942,7767,4152,9632,13468,45402,36162,9895,5024,6440,5043,15945,3200,9142,3186,924,496,1960,3163,30649,1348,5039,1123,768,3599,311,7421
998,1726,998.2993626062542,99757,526,220,178,61,48964,25596,0.7474162214180459,297,182,31583,31940,7792,4166,9622,13429,45402,36162,9928,5063,6428,5036,15897,3206,9166,3207,924,508,1992,3154,30588,1345,5028,1122,772,3623,320,7441
999,1726,999.0848577460042,99757,515,226,178,61,49021,25622,0.7482482432310514,299,188,31568,31923,7812,4177,9626,13423,45402,36162,9960,5102,6420,5029,15858,3214,9184,3220,922,516,2015,3148,30531,1342,5020,1128,775,3641,326,7468
1000,1726,1000.2642660935644,99757,499,247,178,61,49110,25684,0.7497619214691701,309,173,31526,31944,7883,4192,9603,13381,45402,36162,9992,5140,6406,5013,15815,3232,9207,3238,921,529,2070,3139,30439,1341,5008,1133,780,3656,330,7500
1001,1726,1001.051306154206,99756,507,255,179,61,49170,25724,0.750771883395485,310,166,31503,31961,7897,4203,9602,13352,45402,36162,10023,5178,6398,5006,15781,3241,9226,3250,919,536,2094,3133,30381,1339,4996,1139,783,3670,336,7528
1002,1726,1002.2327348036739,99756,516,266,179,61,49264,25772,0.7521953566702755,298,165,31479,31967,7935,4222,9591,13317,45402,36162,10054,5216,6378,4996,15751,3245,9244,3272,919,555,2126,3124,30319,1336,4977,1151,788,3681,340,7554
1003,1726,1003.0207972164258,99756,541,262,179,61,49351,25801,0.7533581939933438,270,170,31464,31987,7965,4240,9579,13278,45402,36162,10084,5254,6366,4993,15718,3254,9248,3293,917,567,2159,3119,30255,1331,4972,1152,790,3697,350,7575
1004,1726,1004.2038044318082,99755,530,256,180,61,49439,25847,0.7547090371409955,279,174,31444,31990,8015,4271,9550,13246,45402,36162,10114,5291,6352,4982,15669,3263,9275,3315,915,581,2212,3114,30171,1328,4962,1154,793,3714,357,7598
1005,1726,1005.3873988986999,99755,530,277,180,61,49526,25898,0.7560924264447897,296,177,31417,32013,8053,4269,9522,13201,45402,36162,10143,5328,6337,4976,15631,3269,9307,3331,914,595,2240,3100,30112,1326,4951,1158,797,3727,365,7619
1006,1726,1006.1768237994345,99755,535,272,180,61,49584,25929,0.7569846123001354,307,177,31402,32017,8067,4292,9507,13179,45402,36162,10172,5365,6333,4971,15602,3275,9322,3347,912,599,2276,3092,30045,1325,4938,1166,799,3738,371,7644
1007,1726,1007.361630890848,99755,539,279,180,61,49671,25990,0.7584682472056539,340,176,31362,32004,8097,4322,9480,13156,45402,36162,10200,5402,6323,4958,15566,3290,9340,3367,911,608,2331,3089,29959,1323,4922,1172,800,3752,377,7667
1008,1726,1008.1519502728742,99755,539,289,180,61,49727,26029,0.759420580422034,358,171,31334,32011,8119,4335,9468,13131,45402,36162,10228,5438,6318,4951,15532,3299,9354,3382,910,612,2355,3087,29905,1320,4910,1179,802,3767,381,7691
1009,1726,1009.3384500217654,99754,561,283,181,61,49843,26077,0.7610722377047537,354,179,31296,32021,8155,4370,9451,13084,45402,36162,10255,5474,6303,4944,15488,3303,9393,3399,908,626,2391,3074,29844,1317,4891,1184,809,3784,399,7697
1010,1726,1010.1299585833117,99753,566,298,182,61,49910,26123,0.7622126652832496,353,168,31264,32024,8179,4379,9454,13068,45402,36162,10282,5510,6296,4939,15460,3309,9398,3420,906,633,2420,3069,29786,1315,4879,1191,812,3795,409,7716
1011,1726,1011.3187641221979,99752,592,299,183,61,50019,26172,0.7638042345015639,363,166,31232,32039,8202,4404,9426,13029,45402,36162,10308,5545,6285,4928,15423,3315,9428,3439,906,643,2452,3060,29723,1314,4866,1195,817,3806,418,7734
1012,1726,1012.1117247583287,99752,593,300,183,61,50091,26213,0.7649370438687946,357,163,31206,32033,8241,4433,9418,13008,45402,36162,10334,5580,6273,4920,15397,3321,9450,3453,905,655,2487,3057,29647,1314,4853,1200,818,3815,423,7764
1013,1726,1013.3022637214946,99751,615,313,183,62,50212,26267,0.7666990807109704,343,170,31192,32029,8281,4449,9384,12975,45402,36162,10360,5615,6262,4905,15359,3333,9471,3478,905,666,2533,3047,29582,1311,4835,1206,824,3830,429,7775
1014,1726,1014.0962580907922,99751,609,313,183,62,50275,26297,0.7676314021914568,349,182,31163,32015,8322,4464,9372,12962,45402,36162,10385,5650,6251,4899,15335,3335,9484,3501,905,676,2553,3043,29526,1310,4821,1211,825,3840,437,7799
1015,1726,1015.2881800603284,99749,615,308,184,63,50383,26346,0.7692207440676097,335,190,31146,32015,8367,4496,9351,12926,45402,36162,10410,5684,6235,4888,15301,3345,9504,3529,902,688,2598,3039,29449,1308,4809,1210,826,3854,447,7817
1016,1726,1016.0831148536208,99747,598,312,186,63,50442,26381,0.7701785517358918,354,199,31123,32009,8398,4509,9339,12906,45402,36162,10434,5718,6228,4879,15267,3355,9514,3551,901,695,2629,3038,29393,1306,4796,1212,827,3869,458,7829
1017,1726,1017.2765106009691,99746,601,313,187,63,50546,26439,0.7718103984119664,374,196,31084,32018,8451,4534,9301,12874,45402,36162,10458,5752,6215,4866,15227,3370,9534,3584,900,706,2675,3032,29318,1305,4780,1216,831,3874,466,7847
1018,1726,1018.0727703076928,99746,597,316,187,63,50624,26481,0.7730134541736009,381,179,31044,32017,8494,4554,9295,12869,45402,36162,10482,5786,6205,4860,15184,3376,9555,3611,898,714,2705,3030,29261,1304,4770,1219,831,3884,473,7866
1019,1726,1019.2687473413586,99746,624,317,187,63,50741,26535,0.7747278086339302,381,169,30995,32045,8541,4580,9270,12824,45402,36162,10505,5819,6190,4849,15147,3385,9587,3628,896,727,2758,3021,29183,1302,4760,1220,833,3897,475,7888
1020,1726,1020.0670089032577,99745,594,320,188,63,50810,26570,0.7757782344979698,384,163,30972,32056,8596,4600,9264,12796,45402,36162,10528,5852,6175,4831,15114,3395,9611,3648,896,742,2790,3014,29124,1301,4749,1227,838,3906,481,7903
1021,1726,1021.2659749376944,99745,606,325,188,63,50918,26617,0.7773321971026117,421,177,30922,32084,8631,4610,9230,12739,45402,36162,10550,5885,6160,4826,15069,3398,9634,3674,896,757,2832,3006,29058,1299,4739,1228,842,3919,490,7918
1022,1726,1022.0659635583655,99745,600,312,188,63,50991,26637,0.7782645746653968,433,196,30883,32087,8673,4618,9221,12722,45402,36162,10572,5918,6150,4818,15037,3406,9640,3701,895,767,2862,3003,29001,1297,4732,1230,843,3932,499,7932
1023,1726,1023.2673640358782,99745,605,320,188,63,51120,26701,0.7801995087473056,428,188,30843,32110,8735,4646,9199,12671,45402,36162,10594,5950,6127,4803,15002,3417,9666,3735,893,788,2899,2995,28930,1295,4724,1231,845,3935,514,7946
1024,1726,1024.069190449688,99745,617,324,188,63,51192,26743,0.7813424231791067,444,181,30800,32112,8752,4665,9197,12653,45402,36162,10615,5982,6120,4794,14977,3428,9673,3755,893,795,2932,2989,28874,1291,4715,1235,847,3946,523,7958
1025,1726,1025.273529338943,99745,658,321,188,63,51338,26796,0.7833375106521631,406,180,30782,32138,8798,4686,9166,12610,45402,36162,10636,6014,6104,4781,14935,3439,9697,3784,891,810,2984,2981,28798,1290,4704,1236,851,3955,529,7976
1026,1726,1026.076851927197,99745,682,320,188,63,51431,26835,0.7846608852574064,396,191,30756,32123,8819,4717,9157,12584,45402,36162,10657,6045,6093,4777,14895,3439,9724,3801,890,820,3012,2975,28742,1290,4699,1236,852,3970,537,7993
1027,1726,1027.2827478316322,99745,690,298,188,63,51553,26885,0.7863852824702993,375,211,30737,32128,8880,4766,9128,12532,45402,36162,10677,6076,6076,4765,14854,3447,9754,3832,890,837,3069,2967,28663,1285,4683,1238,855,3981,553,7996
1028,1726,1028.0872155965046,99745,689,310,188,63,51636,26929,0.7876585292495865,370,208,30714,32129,8917,4786,9120,12502,45402,36162,10697,6107,6066,4757,14832,3452,9779,3851,889,847,3098,2959,28606,1283,4667,1242,858,3984,563,8012
1029,1726,1029.2946945286246,99744,688,318,189,63,51763,26995,0.7896013795316009,367,211,30708,32131,8971,4812,9075,12463,45402,36162,10717,6138,6051,4736,14788,3471,9828,3875,885,862,3143,2951,28534,1279,4646,1246,860,3990,570,8029
1030,1726,1030.1000056968728,99744,706,326,189,63,51855,27043,0.7910049727301893,355,217,30688,32115,8990,4838,9070,12439,45402,36162,10736,6168,6048,4730,14755,3471,9851,3900,885,864,3169,2945,28482,1279,4631,1249,862,4002,577,8044
1031,1726,1031.3086426082796,99743,687,342,190,63,51970,27104,0.7927774380157003,359,207,30653,32139,9066,4850,9043,12397,45402,36162,10755,6198,6026,4716,14715,3491,9880,3922,881,885,3219,2941,28402,1272,4620,1251,861,4012,585,8064
1032,1726,1032.1152260622903,99743,696,334,190,63,52050,27140,0.7939404268971256,340,213,30646,32151,9099,4870,9027,12367,45402,36162,10774,6228,6015,4709,14693,3500,9902,3933,879,896,3252,2936,28334,1268,4610,1253,862,4019,599,8083
1033,1726,1033.325891835504,99743,666,344,190,63,52151,27204,0.7955946783232909,346,215,30612,32157,9186,4893,8998,12326,45402,36162,10792,6258,6006,4697,14646,3508,9948,3962,874,905,3296,2926,28266,1263,4597,1257,867,4025,612,8088
1034,1726,1034.1336979385096,99742,647,339,191,63,52211,27243,0.7965952156563935,360,226,30597,32144,9218,4917,8985,12309,45402,36162,10810,6287,5999,4685,14614,3518,9972,3977,872,912,3337,2920,28202,1261,4585,1259,871,4037,620,8101
1035,1726,1035.3464775879204,99742,651,336,191,63,52323,27304,0.7983296906017525,360,236,30572,32135,9274,4963,8950,12265,45402,36162,10828,6316,5985,4678,14577,3530,10011,3998,872,924,3385,2911,28119,1255,4570,1263,876,4041,630,8117
1036,1726,1036.1554823522522,99740,646,339,192,64,52393,27348,0.7994886705434129,366,235,30552,32128,9302,4987,8940,12245,45402,36162,10846,6345,5976,4667,14548,3533,10032,4022,872,933,3415,2905,28064,1255,4560,1264,877,4048,636,8133
1037,1726,1037.3699137914746,99738,651,350,194,64,52502,27425,0.801369588321402,361,220,30524,32153,9343,5024,8925,12187,45402,36162,10863,6374,5962,4643,14523,3553,10059,4045,871,945,3471,2895,27986,1253,4543,1268,880,4054,645,8142
1038,1726,1038.1800099026614,99738,661,357,194,64,52587,27474,0.8027131083438609,369,216,30488,32162,9375,5048,8911,12151,45402,36162,10880,6402,5954,4639,14498,3556,10081,4061,870,953,3513,2894,27913,1247,4535,1270,879,4059,653,8163
1039,1726,1039.3965920192963,99737,649,354,195,64,52691,27533,0.8043554548462456,379,221,30466,32178,9424,5077,8885,12104,45402,36162,10897,6430,5942,4625,14462,3569,10121,4087,869,962,3559,2883,27841,1242,4523,1272,879,4064,663,8174
1040,1726,1040.208241163273,99737,657,349,195,64,52773,27576,0.8056087510151699,369,213,30452,32182,9453,5106,8872,12084,45402,36162,10913,6458,5932,4620,14436,3575,10142,4108,869,971,3594,2876,27780,1237,4515,1273,881,4068,676,8184
1041,1726,1041.0202289368951,99737,670,347,195,64,52855,27620,0.8068720735534456,366,218,30418,32186,9486,5132,8863,12051,45402,36162,10929,6486,5926,4611,14405,3586,10176,4124,867,977,3617,2868,27731,1234,4503,1275,883,4076,685,8193
1042,1726,1042.2396461287187,99737,678,358,195,64,52972,27686,0.8087068991447507,380,211,30375,32203,9542,5159,8828,12003,45402,36162,10945,6513,5914,4603,14371,3597,10207,4150,865,986,3660,2861,27666,1230,4485,1278,885,4081,698,8200
1043,1726,1043.0532951548194,99736,676,362,196,64,53042,27736,0.8099181840057752,388,198,30346,32218,9569,5182,8823,11974,45402,36162,10961,6540,5907,4593,14340,3612,10232,4168,864,989,3689,2857,27611,1227,4476,1277,886,4087,709,8212
1044,1726,1044.2751760330416,99736,695,363,196,64,53165,27803,0.8118232132830673,391,200,30305,32217,9609,5232,8802,11922,45402,36162,10976,6567,5897,4582,14293,3620,10275,4193,862,999,3732,2847,27538,1225,4467,1277,891,4093,716,8229
1045,1726,1045.0905589890929,99736,687,354,196,64,53246,27846,0.8130664955482474,391,205,30282,32215,9656,5271,8786,11889,45402,36162,10991,6594,5887,4572,14261,3623,10296,4224,861,1009,3769,2840,27480,1225,4460,1275,894,4099,726,8235
1046,1726,1046.314967495797,99735,690,358,197,64,53372,27913,0.8150097759061513,406,194,30240,32239,9713,5303,8752,11840,45402,36162,11006,6620,5873,4559,14228,3638,10325,4255,858,1020,3818,2836,27408,1220,4445,1277,893,4103,741,8238
1047,1726,1047.1319650142343,99734,700,351,197,65,53453,27951,0.8162111215834119,415,209,30217,32241,9737,5327,8732,11805,45402,36162,11021,6646,5863,4553,14202,3643,10332,4285,857,1030,3847,2831,27361,1219,4436,1276,895,4110,755,8239
1048,1726,1048.3583823498723,99733,727,367,198,65,53600,28024,0.8184251952713746,409,200,30189,32253,9780,5350,8695,11763,45402,36162,11036,6672,5839,4545,14165,3649,10356,4314,855,1053,3895,2825,27294,1215,4425,1281,895,4117,764,8246
1049,1726,1049.1763141988647,99733,721,355,198,65,53688,28060,0.8196685149348761,406,207,30175,32271,9818,5382,8680,11718,45402,36162,11050,6698,5820,4538,14143,3657,10370,4340,854,1070,3933,2824,27228,1213,4414,1284,895,4115,774,8261
1050,1726,1050.4040175809023,99732,731,367,198,66,53818,28127,0.8216520274335218,397,218,30150,32261,9878,5411,8644,11675,45402,36162,11064,6723,5812,4525,14108,3667,10411,4363,851,1078,3990,2819,27143,1212,4399,1287,895,4117,780,8275
1051,1726,1051.2230142999895,99732,764,373,198,66,53915,28172,0.8230758432599367,399,227,30110,32270,9902,5422,8625,11640,45402,36162,11078,6748,5800,4520,14090,3669,10424,4383,850,1090,4019,2815,27093,1212,4387,1291,895,4120,789,8285
1052,1726,1052.0426670194167,99732,770,350,198,66,54005,28210,0.8243592828781133,393,233,30099,32260,9921,5472,8617,11617,45402,36162,11092,6773,5787,4512,14068,3677,10448,4402,850,1101,4065,2809,27020,1210,4375,1292,899,4121,805,8291
1053,1726,1053.273296260657,99732,764,356,198,66,54118,28285,0.8262443348173104,434,241,30035,32259,9977,5519,8590,11557,45402,36162,11105,6798,5774,4496,14023,3688,10493,4424,848,1114,4112,2804,26953,1205,4362,1297,899,4128,821,8291
1054,1726,1054.0946625744455,99731,769,377,199,66,54208,28336,0.8276664226770011,430,230,30022,32268,10012,5525,8566,11532,45402,36162,11118,6823,5767,4488,13997,3694,10507,4456,846,1120,4130,2800,26912,1204,4352,1298,900,4130,828,8302
1055,1726,1055.3277235695666,99731,770,397,199,66,54343,28421,0.8298723566393599,422,226,29979,32270,10090,5558,8538,11481,45402,36162,11131,6847,5753,4478,13945,3705,10556,4482,846,1130,4185,2795,26830,1201,4347,1295,899,4134,842,8308
1056,1726,1056.1505035205882,99730,747,402,200,66,54423,28477,0.8312443597713828,444,219,29939,32275,10146,5589,8522,11447,45402,36162,11144,6871,5738,4468,13914,3714,10590,4507,845,1143,4216,2788,26772,1198,4336,1295,900,4140,849,8317
1057,1726,1057.386561070724,99730,751,386,200,66,54555,28542,0.8332196931715632,446,219,29925,32282,10199,5645,8477,11400,45402,36162,11157,6895,5724,4449,13881,3728,10617,4550,842,1157,4268,2782,26701,1196,4320,1291,904,4142,866,8312
1058,1726,1058.2110089832108,99729,753,380,201,66,54650,28587,0.8346318523197866,460,225,29883,32300,10245,5668,8456,11359,45402,36162,11170,6919,5714,4440,13846,3737,10649,4572,841,1167,4305,2777,26640,1193,4310,1293,905,4143,875,8322
1059,1726,1059.0363474288818,99729,772,381,201,66,54750,28633,0.8360958196713092,462,208,29861,32321,10265,5686,8437,11336,45402,36162,11182,6942,5702,4435,13814,3739,10670,4593,840,1179,4344,2774,26583,1193,4299,1294,907,4151,884,8328
1060,1726,1060.2753856059499,99729,767,388,201,66,54885,28695,0.8380711728785007,473,225,29828,32330,10323,5708,8406,11281,45402,36162,11194,6965,5675,4420,13768,3757,10699,4622,840,1201,4387,2769,26527,1188,4286,1298,911,4158,899,8324
1061,1726,1061.1019809933687,99728,774,396,202,66,54982,28745,0.8395535857532488,477,209,29802,32342,10368,5730,8375,11255,45402,36162,11206,6988,5665,4416,13733,3756,10722,4644,837,1210,4420,2766,26482,1185,4275,1302,912,4172,907,8324
1062,1726,1062.3431058296535,99728,757,381,202,66,55119,28810,0.8415790951387775,493,215,29757,32360,10442,5776,8347,11200,45402,36162,11218,7011,5644,4398,13689,3764,10776,4674,835,1229,4481,2756,26407,1182,4258,1304,911,4179,925,8316
1063,1726,1063.1715660351356,99727,780,384,203,66,55232,28857,0.8431919139250152,492,213,29721,32379,10469,5796,8333,11160,45402,36162,11230,7034,5631,4389,13648,3764,10809,4700,835,1241,4502,2752,26366,1181,4254,1303,912,4185,932,8323
1064,1726,1064.0010738003054,99727,784,382,203,66,55341,28895,0.8446659380107694,493,233,29687,32382,10515,5808,8316,11127,45402,36162,11241,7056,5624,4376,13623,3781,10827,4729,835,1245,4538,2742,26314,1176,4241,1303,915,4190,942,8326
1065,1726,1065.246645653696,99727,795,389,203,66,55499,28959,0.8468920152015001,476,244,29654,32375,10592,5837,8278,11087,45402,36162,11252,7078,5611,4351,13585,3800,10870,4756,835,1255,4598,2731,26235,1172,4232,1305,918,4188,947,8338
1066,1726,1066.0777257392256,99727,808,399,203,66,55602,29019,0.8485264772829826,476,235,29611,32376,10624,5867,8276,11055,45402,36162,11263,7100,5603,4344,13550,3800,10908,4778,833,1262,4633,2724,26187,1171,4219,1308,919,4191,960,8337
1067,1726,1067.3262223698453,99725,832,410,204,67,55756,29105,0.8509501128102281,484,233,29572,32373,10673,5907,8233,11008,45402,36162,11274,7122,5590,4327,13507,3815,10950,4805,831,1273,4697,2718,26103,1168,4205,1307,921,4199,969,8340
1068,1726,1068.1591521429239,99725,837,404,204,67,55868,29156,0.8525846076710956,462,235,29552,32361,10727,5947,8216,10984,45402,36162,11285,7144,5573,4316,13471,3823,10988,4830,830,1286,4724,2710,26056,1167,4196,1306,923,4204,986,8336
1069,1726,1069.410012988131,99723,810,407,204,69,56002,29229,0.8546774565546564,468,234,29514,32361,10813,5981,8189,10946,45402,36162,11296,7165,5555,4301,13435,3839,11033,4863,826,1299,4778,2703,25976,1165,4175,1308,923,4207,1001,8336
1070,1726,1070.2450254253126,99723,819,405,204,69,56099,29276,0.856121456434323,475,258,29464,32336,10861,6014,8175,10916,45402,36162,11307,7186,5542,4291,13408,3851,11050,4889,824,1311,4815,2698,25922,1162,4168,1313,924,4205,1011,8339
1071,1726,1071.0810912614959,99723,808,410,204,69,56194,29326,0.8575754840909319,463,248,29456,32339,10913,6038,8154,10894,45402,36162,11317,7207,5526,4285,13385,3853,11075,4915,823,1325,4845,2695,25872,1158,4155,1315,925,4208,1026,8337
1072,1726,1072.3362530038148,99722,781,423,205,69,56336,29421,0.8599606907202022,453,223,29441,32345,11001,6082,8117,10856,45402,36162,11327,7228,5502,4263,13333,3864,11127,4951,822,1346,4904,2690,25793,1155,4147,1315,924,4210,1043,8333
1073,1726,1073.1735506906036,99722,791,439,205,69,56434,29480,0.8615350674876155,445,220,29410,32354,11046,6097,8101,10819,45402,36162,11337,7249,5492,4252,13305,3869,11155,4974,822,1356,4930,2687,25743,1154,4138,1314,924,4215,1048,8344
1074,1726,1074.0117355666418,99721,774,429,205,70,56515,29522,0.8627771482435996,467,220,29387,32379,11083,6127,8082,10773,45402,36162,11347,7269,5481,4244,13274,3882,11184,4993,816,1366,4968,2682,25684,1149,4133,1314,926,4220,1057,8348
1075,1726,1075.2701273149387,99721,763,430,205,70,56652,29606,0.8649933313945909,455,225,29373,32354,11151,6178,8051,10741,45402,36162,11357,7289,5463,4231,13241,3896,11206,5044,813,1382,5025,2679,25603,1145,4119,1313,927,4217,1071,8346
1076,1726,1076.1097145749616,99720,778,422,206,70,56758,29658,0.8665864420377056,456,221,29349,32370,11178,6214,8031,10701,45402,36162,11367,7309,5446,4224,13206,3898,11246,5061,811,1397,5056,2671,25553,1144,4109,1313,929,4227,1082,8347
1077,1726,1077.3701179401417,99720,770,423,206,70,56902,29735,0.8688026474127557,462,234,29308,32363,11246,6257,8006,10651,45402,36162,11377,7329,5420,4208,13155,3910,11293,5093,808,1421,5110,2667,25481,1139,4098,1315,928,4230,1100,8344
1078,1726,1078.2113036243627,99719,772,414,206,71,56995,29787,0.8702654459029874,466,230,29298,32357,11275,6301,7981,10625,45402,36162,11386,7349,5411,4200,13130,3926,11311,5118,805,1428,5159,2663,25415,1133,4088,1316,929,4230,1110,8347
1079,1726,1079.0528050433502,99719,800,426,206,71,57107,29851,0.8720304054392843,445,216,29256,32355,11317,6332,7974,10598,45402,36162,11395,7368,5400,4188,13105,3933,11331,5149,805,1439,5187,2658,25369,1132,4078,1315,930,4231,1118,8351
1080,1726,1080.3169917423754,99719,783,431,206,71,57254,29920,0.8741964921429216,424,226,29228,32356,11415,6369,7942,10545,45402,36162,11404,7387,5379,4167,13066,3950,11356,5195,804,1458,5231,2653,25308,1128,4064,1318,930,4235,1137,8340
1081,1726,1081.1606915369161,99719,764,428,206,71,57338,29965,0.8754901272575938,419,236,29220,32364,11461,6394,7928,10505,45402,36162,11413,7406,5370,4152,13040,3962,11386,5214,803,1464,5273,2648,25248,1127,4053,1320,932,4236,1151,8340
1082,1726,1082.0047678479866,99719,752,429,206,71,57428,30010,0.876843931447367,429,255,29186,32352,11515,6415,7910,10476,45402,36162,11422,7425,5355,4142,13015,3971,11410,5242,802,1478,5306,2638,25196,1125,4047,1320,934,4237,1156,8345
1083,1726,1083.2725532105403,99718,741,443,207,71,57552,30104,0.8790388896688662,458,221,29143,32390,11576,6452,7873,10421,45402,36162,11431,7444,5338,4128,12974,3982,11457,5279,800,1494,5335,2634,25135,1121,4040,1318,933,4235,1173,8342
1084,1726,1084.1187128653785,99717,741,440,208,71,57632,30150,0.8803112809250178,474,224,29121,32397,11597,6469,7857,10397,45402,36162,11440,7463,5332,4121,12952,3992,11477,5300,796,1499,5375,2633,25077,1118,4033,1320,933,4233,1187,8339
1085,1726,1085.389228817457,99717,737,439,208,71,57779,30235,0.8826378651583983,476,217,29076,32395,11682,6521,7819,10355,45402,36162,11449,7481,5310,4104,12916,4007,11520,5333,793,1518,5444,2627,24991,1114,4018,1320,933,4235,1199,8335
1086,1726,1086.237233811052,99714,751,440,210,72,57874,30277,0.884038349680085,467,223,29061,32392,11708,6540,7801,10331,45402,36162,11457,7499,5290,4097,12899,4015,11529,5346,793,1537,5491,2626,24928,1110,4010,1322,934,4241,1206,8340
1087,1726,1087.085758420659,99712,764,440,212,72,57972,30330,0.8855704428754814,447,220,29046,32389,11744,6575,7785,10302,45402,36162,11465,7517,5282,4088,12871,4028,11559,5369,793,1543,5522,2624,24879,1103,3997,1322,935,4241,1213,8343
1088,1726,1088.3592825619448,99711,750,432,213,72,58110,30404,0.887705468804846,433,234,29016,32380,11828,6618,7758,10262,45402,36162,11473,7535,5267,4068,12829,4045,11598,5417,791,1553,5571,2621,24809,1102,3984,1321,934,4236,1227,8338
1089,1726,1089.209185856441,99710,753,430,214,72,58197,30449,0.8890382108113529,440,243,29003,32375,11854,6639,7734,10239,45402,36162,11481,7553,5256,4056,12803,4054,11622,5441,788,1562,5595,2618,24768,1101,3979,1320,934,4236,1239,8338
1090,1726,1090.0595972540514,99710,751,419,214,72,58289,30497,0.8904422826195968,441,253,28979,32369,11902,6670,7711,10215,45402,36162,11489,7571,5244,4049,12770,4063,11647,5469,787,1570,5621,2616,24721,1098,3972,1321,933,4242,1251,8336
1091,1726,1091.3362477067226,99709,740,423,215,72,58424,30574,0.8925774002346829,420,261,28985,32379,11971,6701,7667,10162,45402,36162,11497,7588,5232,4029,12732,4083,11675,5506,786,1579,5680,2610,24650,1092,3957,1324,932,4244,1267,8331
1092,1726,1092.1874976330498,99709,736,446,215,72,58522,30641,0.8942322157478262,418,251,28973,32378,12012,6713,7644,10138,45402,36162,11505,7605,5226,4019,12710,4083,11698,5535,785,1583,5718,2605,24598,1092,3948,1324,932,4246,1281,8326
1093,1726,1093.0390054238746,99709,725,459,215,72,58613,30701,0.8957466226719755,393,242,28967,32383,12067,6740,7631,10102,45402,36162,11513,7622,5213,4009,12685,4087,11724,5561,782,1595,5750,2600,24551,1091,3935,1325,934,4248,1294,8325
1094,1726,1094.317293811086,99709,717,459,215,72,58729,30781,0.897712342917891,405,237,28934,32379,12128,6785,7599,10066,45402,36162,11521,7639,5199,3998,12649,4094,11756,5601,780,1607,5793,2598,24487,1090,3927,1324,934,4246,1314,8312
