,indexID,time,N,Inf_L,Inf_H,Dead_L,Dead_H,cum_cases_L,cum_cases_H,cum_sum_per_N,Exposed_L,Exposed_H,Sus_L,Sus_H,Rec_nat_L,Rec_nat_H,Rec_vax_L,Rec_vax_H,vaccinatedH,vaccinatedL,boostedH,boostedL,count_Naive,count_Delta,count_Delta_vaccine,count_two,count_three,count_four,count_Omicron,count_Omicron_star,count_Omicron_star_vaccine,count_Omicron_vaccine,count_Vaccine,count_WT,count_WT_vaccine,count_WT_vaccine_boost,count_Omicron_vaccine_boost,count_Delta_vaccine_boost,count_Omicron_star_vaccine_boost,count_Vaccine_boost
0,3003,1.1692535023729205,99998,5,10,0,0,5,11,0.0001600032000640013,21,14,49973,49974,0,1,0,0,0,0,0,0,99997,0,0,0,0,0,0,0,0,0,0,1,0,0,0,0,0,0
1,3003,2.0024810842602285,99998,7,12,0,0,9,13,0.00022000440008800175,18,12,49972,49974,2,1,0,0,0,0,0,0,99995,0,0,0,0,0,0,0,0,0,0,3,0,0,0,0,0,0
2,3003,3.0051202289267147,99998,11,16,0,0,15,19,0.0003400068001360027,14,7,49970,49973,4,3,0,0,0,0,0,0,99991,0,0,0,0,0,0,0,0,0,0,7,0,0,0,0,0,0
3,3003,4.029228600472315,99998,13,13,0,0,19,20,0.00039000780015600314,16,7,49964,49972,6,7,0,0,0,0,0,0,99985,0,0,0,0,0,0,0,0,0,0,13,0,0,0,0,0,0
4,3003,5.007245013927277,99998,14,14,0,0,21,23,0.0004400088001760035,17,6,49961,49970,7,9,0,0,0,0,0,0,99982,0,0,0,0,0,0,0,0,0,0,16,0,0,0,0,0,0
5,3003,6.013600133205584,99998,15,12,0,0,27,25,0.0005200104002080041,15,4,49957,49970,12,13,0,0,0,0,0,0,99973,0,0,0,0,0,0,0,0,0,0,25,0,0,0,0,0,0
6,3003,7.025259604932307,99998,16,10,0,0,32,27,0.0005900118002360047,12,2,49955,49970,16,17,0,0,0,0,0,0,99965,0,0,0,0,0,0,0,0,0,0,33,0,0,0,0,0,0
7,3003,8.016899986166527,99998,20,9,0,0,37,27,0.0006400128002560051,8,3,49954,49969,17,18,0,0,0,0,0,0,99963,0,0,0,0,0,0,0,0,0,0,35,0,0,0,0,0,0
8,3003,9.066902707136078,99998,19,6,0,0,39,28,0.0006700134002680054,11,3,49949,49968,20,22,0,0,0,0,0,0,99956,0,0,0,0,0,0,0,0,0,0,42,0,0,0,0,0,0
9,3003,10.031547462168701,99998,17,6,0,0,41,29,0.0007000140002800056,11,3,49947,49967,24,23,0,0,0,0,0,0,99951,0,0,0,0,0,0,0,0,0,0,47,0,0,0,0,0,0
10,3003,11.046594859203472,99998,17,7,0,0,46,31,0.0007700154003080061,7,3,49946,49965,29,24,0,0,0,0,0,0,99945,0,0,0,0,0,0,0,0,0,0,53,0,0,0,0,0,0
11,3003,12.055976671988166,99998,19,8,0,0,50,33,0.0008300166003320066,4,2,49945,49964,31,25,0,0,0,0,0,0,99942,0,0,0,0,0,0,0,0,0,0,56,0,0,0,0,0,0
12,3003,13.26179583394665,99998,15,10,0,0,51,35,0.0008600172003440069,6,1,49942,49963,36,25,0,0,0,0,0,0,99937,0,0,0,0,0,0,0,0,0,0,61,0,0,0,0,0,0
13,3003,14.289127376778275,99998,16,9,0,0,52,35,0.000870017400348007,10,3,49938,49961,35,26,0,0,0,0,0,0,99936,0,0,0,0,0,0,0,0,0,0,62,0,0,0,0,0,0
14,3003,15.11288096433061,99998,18,8,0,0,54,35,0.0008900178003560072,9,3,49937,49961,35,27,0,0,0,0,0,0,99935,0,0,0,0,0,0,0,0,0,0,63,0,0,0,0,0,0
15,3003,16.20177419022118,99998,18,8,0,0,55,36,0.0009100182003640072,9,7,49936,49956,36,28,0,0,0,0,0,0,99933,0,0,0,0,0,0,0,0,0,0,65,0,0,0,0,0,0
16,3003,17.25512974805836,99998,16,8,0,0,56,39,0.0009500190003800076,10,6,49934,49954,39,31,0,0,0,0,0,0,99927,0,0,0,0,0,0,0,0,0,0,71,0,0,0,0,0,0
17,3003,18.200772020348655,99998,18,8,0,0,59,39,0.0009800196003920078,10,7,49931,49953,40,31,0,0,0,0,0,0,99926,0,0,0,0,0,0,0,0,0,0,72,0,0,0,0,0,0
18,3003,19.013475050590596,99998,18,8,0,0,60,40,0.001000020000400008,11,7,49929,49952,41,32,0,0,0,0,0,0,99924,0,0,0,0,0,0,0,0,0,0,74,0,0,0,0,0,0
19,3003,20.024828677985234,99998,22,8,0,0,66,42,0.0010800216004320086,6,6,49928,49951,43,34,0,0,0,0,0,0,99920,0,0,0,0,0,0,0,0,0,0,78,0,0,0,0,0,0
20,3003,21.19839695384767,99998,19,7,0,0,67,43,0.001100022000440009,11,7,49922,49949,47,36,0,0,0,0,0,0,99914,0,0,0,0,0,0,0,0,0,0,84,0,0,0,0,0,0
21,3003,22.014325888140796,99998,18,6,0,0,68,43,0.0011100222004440088,12,7,49921,49949,48,37,0,0,0,0,0,0,99911,0,0,0,0,0,0,0,0,0,0,87,0,0,0,0,0,0
22,3003,23.064312163122377,99998,20,9,0,0,72,46,0.0011800236004720095,10,4,49919,49950,50,36,0,0,0,0,0,0,99909,0,0,0,0,0,0,0,0,0,0,89,0,0,0,0,0,0
23,3003,24.334627159422528,99998,21,9,0,0,74,46,0.0012000240004800095,14,6,49913,49948,51,36,0,0,0,0,0,0,99908,0,0,0,0,0,0,0,0,0,0,90,0,0,0,0,0,0
24,3003,25.129107476814514,99998,23,10,0,0,79,47,0.00126002520050401,11,5,49911,49948,54,36,0,0,0,0,0,0,99905,0,0,0,0,0,0,0,0,0,0,93,0,0,0,0,0,0
25,3003,26.182285501370448,99998,22,12,0,0,80,50,0.0013000260005200104,12,2,49909,49948,56,37,0,0,0,0,0,0,99902,0,0,0,0,0,0,0,0,0,0,96,0,0,0,0,0,0
26,3003,27.091291616947007,99998,23,11,0,0,82,50,0.0013200264005280105,10,2,49910,49949,56,37,0,0,0,0,0,0,99900,0,0,0,0,0,0,0,0,0,0,98,0,0,0,0,0,0
27,3003,28.188549484124206,99998,21,8,0,0,84,51,0.0013500270005400107,14,1,49904,49949,60,41,0,0,0,0,0,0,99892,0,0,0,0,0,0,0,0,0,0,106,0,0,0,0,0,0
28,3003,29.152797859869082,99998,20,8,0,0,86,52,0.001380027600552011,14,3,49904,49946,61,42,0,0,0,0,0,0,99888,0,0,0,0,0,0,0,0,0,0,110,0,0,0,0,0,0
29,3003,30.067455878668326,99998,22,7,0,0,90,52,0.0014200284005680113,15,6,49899,49943,63,43,0,0,0,0,0,0,99885,0,0,0,0,0,0,0,0,0,0,113,0,0,0,0,0,0
30,3003,31.057900079985078,99998,23,8,0,0,92,53,0.0014500290005800115,17,6,49895,49942,64,43,0,0,0,0,0,0,99884,0,0,0,0,0,0,0,0,0,0,114,0,0,0,0,0,0
31,3003,32.00310778449444,99998,30,7,0,0,99,53,0.0015200304006080122,15,9,49891,49939,63,44,0,0,0,0,0,0,99883,0,0,0,0,0,0,0,0,0,0,115,0,0,0,0,0,0
32,3003,33.146100609368,99998,28,7,0,0,103,54,0.0015700314006280125,13,9,49889,49938,69,45,0,0,0,0,0,0,99876,0,0,0,0,0,0,0,0,0,0,122,0,0,0,0,0,0
33,3003,34.16226992457469,99998,28,8,0,0,108,56,0.001640032800656013,13,8,49884,49937,74,46,0,0,0,0,0,0,99870,0,0,0,0,0,0,0,0,0,0,128,0,0,0,0,0,0
34,3003,35.03068673471041,99998,26,11,0,0,110,60,0.0017000340006800136,15,5,49880,49936,78,47,0,0,0,0,0,0,99865,0,0,0,0,0,0,0,0,0,0,133,0,0,0,0,0,0
35,3003,36.26319091378706,99998,25,11,0,0,114,61,0.001750035000700014,18,9,49874,49931,82,48,0,0,0,0,0,0,99859,0,0,0,0,0,0,0,0,0,0,139,0,0,0,0,0,0
36,3003,37.19044782793676,99998,23,12,0,0,116,63,0.0017900358007160143,21,9,49869,49930,86,48,0,0,0,0,0,0,99854,0,0,0,0,0,0,0,0,0,0,144,0,0,0,0,0,0
37,3003,38.02186213187886,99998,26,14,0,0,120,65,0.0018500370007400147,21,13,49865,49924,87,48,0,0,0,0,0,0,99853,0,0,0,0,0,0,0,0,0,0,145,0,0,0,0,0,0
38,3003,39.1318374856201,99998,25,14,0,0,126,68,0.0019400388007760154,22,13,49859,49921,93,51,0,0,0,0,0,0,99843,0,0,0,0,0,0,0,0,0,0,155,0,0,0,0,0,0
39,3003,40.05497359102976,99998,27,13,0,0,129,69,0.001980039600792016,20,12,49858,49921,94,53,0,0,0,0,0,0,99840,0,0,0,0,0,0,0,0,0,0,158,0,0,0,0,0,0
40,3003,41.10701574194102,99998,33,14,0,0,139,73,0.002120042400848017,17,10,49851,49920,98,55,0,0,0,0,0,0,99833,0,0,0,0,0,0,0,0,0,0,165,0,0,0,0,0,0
41,3003,42.0034763867122,99998,34,13,0,0,142,74,0.002160043200864017,16,11,49849,49919,100,56,0,0,0,0,0,0,99829,0,0,0,0,0,0,0,0,0,0,169,0,0,0,0,0,0
42,3003,43.01056162374409,99998,33,15,0,0,145,78,0.002230044600892018,20,9,49844,49917,102,58,0,0,0,0,0,0,99823,0,0,0,0,0,0,0,0,0,0,175,0,0,0,0,0,0
43,3003,44.07241322206058,99998,31,15,0,0,150,81,0.0023100462009240184,21,10,49839,49913,108,61,0,0,0,0,0,0,99813,0,0,0,0,0,0,0,0,0,0,185,0,0,0,0,0,0
44,3003,45.12305727148382,99998,34,16,0,0,155,85,0.002400048000960019,19,9,49838,49910,108,64,0,0,0,0,0,0,99808,0,0,0,0,0,0,0,0,0,0,190,0,0,0,0,0,0
45,3003,46.18083691332226,99998,34,14,0,0,158,88,0.0024600492009840195,23,10,49831,49906,111,69,0,0,0,0,0,0,99800,0,0,0,0,0,0,0,0,0,0,198,0,0,0,0,0,0
46,3003,47.07915105804105,99998,32,15,0,0,161,91,0.00252005040100802,26,8,49825,49905,116,71,0,0,0,0,0,0,99793,0,0,0,0,0,0,0,0,0,0,205,0,0,0,0,0,0
47,3003,48.08349873548905,99998,34,15,0,0,168,92,0.0026000520010400208,24,11,49820,49901,121,72,0,0,0,0,0,0,99787,0,0,0,0,0,0,0,0,0,0,211,0,0,0,0,0,0
48,3003,49.265246862892006,99998,33,18,0,0,172,95,0.002670053401068021,24,9,49818,49900,124,72,0,0,0,0,0,0,99782,0,0,0,0,0,0,0,0,0,0,216,0,0,0,0,0,0
49,3003,50.11070361998634,99998,37,19,0,0,176,98,0.002740054801096022,25,7,49815,49900,122,73,0,0,0,0,0,0,99780,0,0,0,0,0,0,0,0,0,0,218,0,0,0,0,0,0
50,3003,51.08075419060379,99998,39,16,0,0,185,100,0.002850057001140023,21,14,49811,49891,128,78,0,0,0,0,0,0,99768,0,0,0,0,0,0,0,0,0,0,230,0,0,0,0,0,0
51,3003,52.27266410501827,99998,38,14,0,0,188,102,0.002900058001160023,24,13,49807,49890,130,82,0,0,0,0,0,0,99760,0,0,0,0,0,0,0,0,0,0,238,0,0,0,0,0,0
52,3003,53.07980481661045,99998,44,14,0,0,197,105,0.003020060401208024,19,12,49803,49889,133,84,0,0,0,0,0,0,99754,0,0,0,0,0,0,0,0,0,0,244,0,0,0,0,0,0
53,3003,54.15336950950165,99998,44,12,0,0,199,106,0.0030500610012200243,23,11,49798,49889,134,87,0,0,0,0,0,0,99749,0,0,0,0,0,0,0,0,0,0,249,0,0,0,0,0,0
54,3003,55.16570938970197,99998,45,13,0,0,205,108,0.003130062601252025,19,14,49797,49884,138,88,0,0,0,0,0,0,99743,0,0,0,0,0,0,0,0,0,0,255,0,0,0,0,0,0
55,3003,56.04161328265847,99998,41,13,0,0,206,110,0.0031600632012640253,24,15,49791,49881,143,90,0,0,0,0,0,0,99736,0,0,0,0,0,0,0,0,0,0,262,0,0,0,0,0,0
56,3003,57.21017215828915,99998,42,17,0,0,217,116,0.0033300666013320267,27,15,49779,49875,151,92,0,0,0,0,0,0,99724,0,0,0,0,0,0,0,0,0,0,274,0,0,0,0,0,0
57,3003,58.17679483746609,99998,41,18,0,0,220,119,0.003390067801356027,30,15,49774,49872,154,94,0,0,0,0,0,0,99718,0,0,0,0,0,0,0,0,0,0,280,0,0,0,0,0,0
58,3003,59.14000838846491,99998,44,18,0,0,228,122,0.003500070001400028,26,16,49770,49868,159,97,0,0,0,0,0,0,99710,0,0,0,0,0,0,0,0,0,0,288,0,0,0,0,0,0
59,3003,60.30730404821713,99998,51,22,0,0,239,127,0.0036600732014640293,24,14,49762,49865,162,98,0,0,0,0,0,0,99705,0,0,0,0,0,0,0,0,0,0,293,0,0,0,0,0,0
60,3003,61.09743655316231,99998,49,19,0,0,243,128,0.00371007420148403,27,14,49755,49865,168,101,0,0,0,0,0,0,99695,0,0,0,0,0,0,0,0,0,0,303,0,0,0,0,0,0
61,3003,62.049937470336964,99998,44,18,0,0,252,130,0.0038200764015280304,26,16,49748,49861,181,104,0,0,0,0,0,0,99678,0,0,0,0,0,0,0,0,0,0,320,0,0,0,0,0,0
62,3003,63.096211968154925,99998,46,19,0,0,259,135,0.003940078801576032,25,15,49743,49857,185,108,0,0,0,0,0,0,99669,0,0,0,0,0,0,0,0,0,0,329,0,0,0,0,0,0
63,3003,64.26885512720389,99998,47,21,0,0,269,140,0.0040900818016360325,29,13,49729,49854,194,111,0,0,0,0,0,0,99657,0,0,0,0,0,0,0,0,0,0,341,0,0,0,0,0,0
64,3003,65.10604035012761,99998,51,24,0,0,277,145,0.004220084401688033,24,10,49726,49852,198,113,0,0,0,0,0,0,99651,0,0,0,0,0,0,0,0,0,0,347,0,0,0,0,0,0
65,3003,66.00347518752642,99998,52,23,0,0,284,148,0.004320086401728034,26,14,49718,49845,203,117,0,0,0,0,0,0,99641,0,0,0,0,0,0,0,0,0,0,357,0,0,0,0,0,0
66,3003,67.01638709955269,99998,51,21,0,0,288,150,0.004380087601752035,27,16,49714,49841,207,121,0,0,0,0,0,0,99632,0,0,0,0,0,0,0,0,0,0,366,0,0,0,0,0,0
67,3003,68.05133970673421,99998,53,21,0,0,299,153,0.0045200904018080365,33,17,49698,49837,215,124,0,0,0,0,0,0,99620,0,0,0,0,0,0,0,0,0,0,378,0,0,0,0,0,0
68,3003,69.11367851195548,99998,53,22,0,0,307,156,0.004630092601852037,35,17,49689,49834,222,126,0,0,0,0,0,0,99610,0,0,0,0,0,0,0,0,0,0,388,0,0,0,0,0,0
69,3003,70.00851854241527,99998,53,22,0,0,316,160,0.004760095201904038,32,20,49685,49828,229,129,0,0,0,0,0,0,99597,0,0,0,0,0,0,0,0,0,0,401,0,0,0,0,0,0
70,3003,71.03923450514307,99998,58,22,0,0,330,164,0.00494009880197604,31,23,49672,49821,238,133,0,0,0,0,0,0,99584,0,0,0,0,0,0,0,0,0,0,414,0,0,0,0,0,0
71,3003,72.06124346771374,99998,52,24,0,0,332,169,0.00501010020200404,37,23,49664,49818,246,134,0,0,0,0,0,0,99573,0,0,0,0,0,0,0,0,0,0,425,0,0,0,0,0,0
72,3003,73.0834299560856,99998,54,28,0,0,343,175,0.005180103602072042,35,26,49656,49809,254,136,0,0,0,0,0,0,99562,0,0,0,0,0,0,0,0,0,0,436,0,0,0,0,0,0
73,3003,74.10573717505244,99998,57,30,0,0,353,183,0.005360107202144043,41,28,49641,49801,260,140,0,0,0,0,0,0,99549,0,0,0,0,0,0,0,0,0,0,449,0,0,0,0,0,0
74,3003,75.12820421050858,99998,62,30,0,0,365,188,0.0055301106022120445,39,27,49633,49798,265,144,0,0,0,0,0,0,99537,0,0,0,0,0,0,0,0,0,0,461,0,0,0,0,0,0
75,3003,76.1508300336078,99998,55,35,0,0,370,196,0.005660113202264045,43,23,49625,49796,276,145,0,0,0,0,0,0,99522,0,0,0,0,0,0,0,0,0,0,476,0,0,0,0,0,0
76,3003,77.17365620596418,99998,55,37,0,0,381,200,0.005810116202324046,44,20,49615,49796,285,146,0,0,0,0,0,0,99509,0,0,0,0,0,0,0,0,0,0,489,0,0,0,0,0,0
77,3003,78.30282695020232,99998,59,31,0,0,395,202,0.005970119402388048,39,22,49607,49793,294,153,0,0,0,0,0,0,99491,0,0,0,0,0,0,0,0,0,0,507,0,0,0,0,0,0
78,3003,79.32603215967245,99998,58,29,0,0,403,205,0.006080121602432049,38,29,49601,49783,302,158,0,0,0,0,0,0,99477,0,0,0,0,0,0,0,0,0,0,521,0,0,0,0,0,0
79,3003,80.00824957690901,99998,65,35,0,0,413,213,0.00626012520250405,38,24,49591,49781,305,159,0,0,0,0,0,0,99472,0,0,0,0,0,0,0,0,0,0,526,0,0,0,0,0,0
80,3003,81.03171803955296,99998,65,33,0,0,421,217,0.006380127602552051,45,27,49577,49775,312,164,0,0,0,0,0,0,99458,0,0,0,0,0,0,0,0,0,0,540,0,0,0,0,0,0
81,3003,82.05538326180691,99998,62,27,0,0,429,222,0.006510130202604052,42,28,49572,49771,323,173,0,0,0,0,0,0,99436,0,0,0,0,0,0,0,0,0,0,562,0,0,0,0,0,0
82,3003,83.07926219764127,99998,55,27,0,0,436,226,0.006620132402648053,44,32,49563,49763,337,177,0,0,0,0,0,0,99418,0,0,0,0,0,0,0,0,0,0,580,0,0,0,0,0,0
83,3003,84.10335762924436,99998,62,32,0,0,449,235,0.006840136802736055,39,28,49555,49758,343,181,0,0,0,0,0,0,99408,0,0,0,0,0,0,0,0,0,0,590,0,0,0,0,0,0
84,3003,85.12759623482245,99998,61,36,0,0,458,244,0.007020140402808056,42,27,49546,49751,350,185,0,0,0,0,0,0,99393,0,0,0,0,0,0,0,0,0,0,605,0,0,0,0,0,0
85,3003,86.15200186678273,99998,65,42,0,0,469,255,0.007240144802896058,40,18,49537,49749,357,190,0,0,0,0,0,0,99381,0,0,0,0,0,0,0,0,0,0,617,0,0,0,0,0,0
86,3003,87.25240309833677,99998,62,36,0,0,478,257,0.007350147002940058,46,23,49522,49745,369,195,0,0,0,0,0,0,99361,0,0,0,0,0,0,0,0,0,0,637,0,0,0,0,0,0
87,3003,88.27725666136234,99998,64,36,0,0,491,261,0.00752015040300806,49,29,49509,49735,377,199,0,0,0,0,0,0,99346,0,0,0,0,0,0,0,0,0,0,652,0,0,0,0,0,0
88,3003,89.30230597756831,99998,67,37,0,0,509,266,0.007750155003100062,40,29,49505,49730,387,203,0,0,0,0,0,0,99327,0,0,0,0,0,0,0,0,0,0,671,0,0,0,0,0,0
89,3003,90.32750063385826,99998,63,36,0,0,518,269,0.007870157403148063,49,32,49487,49724,400,207,0,0,0,0,0,0,99310,0,0,0,0,0,0,0,0,0,0,688,0,0,0,0,0,0
90,3003,91.01113555387465,99998,62,40,0,0,525,279,0.008040160803216064,47,25,49482,49722,408,212,0,0,0,0,0,0,99296,0,0,0,0,0,0,0,0,0,0,702,0,0,0,0,0,0
91,3003,92.0367414508764,99998,70,40,0,0,540,287,0.008270165403308067,40,21,49475,49718,414,220,0,0,0,0,0,0,99282,0,0,1,0,0,0,0,0,0,0,715,0,0,0,0,0,0
92,3003,93.06250407864825,99998,71,38,0,0,548,291,0.008390167803356068,42,29,49468,49706,418,226,0,0,0,0,0,0,99269,0,0,1,0,0,0,0,0,0,0,728,0,0,0,0,0,0
93,3003,94.08839189879426,99998,68,39,0,0,559,295,0.008540170803416068,44,31,49455,49700,432,229,0,0,0,0,0,0,99252,0,0,1,0,0,0,0,0,0,0,745,0,0,0,0,0,0
94,3003,95.11453352328243,99998,69,34,0,0,572,300,0.00872017440348807,34,32,49454,49695,442,238,0,0,0,0,0,0,99230,0,0,1,0,0,0,0,0,0,0,767,0,0,0,0,0,0
95,3003,96.1407959143866,99998,74,38,0,0,579,308,0.008870177403548072,39,28,49443,49693,443,240,0,0,0,0,0,0,99224,0,0,1,0,0,0,0,0,0,0,773,0,0,0,0,0,0
96,3003,97.16718919461519,99998,68,41,0,0,589,314,0.009030180603612072,37,26,49436,49692,458,240,0,0,0,0,0,0,99205,0,0,1,0,0,0,0,0,0,0,792,0,0,0,0,0,0
97,3003,98.19377778065844,99998,68,44,0,0,596,322,0.009180183603672074,39,23,49428,49688,464,244,0,0,0,0,0,0,99193,0,0,1,0,0,0,0,0,0,0,804,0,0,0,0,0,0
98,3003,99.22052975523769,99998,62,42,0,0,605,329,0.009340186803736075,40,23,49420,49684,477,250,0,0,0,0,0,0,99169,0,0,1,0,0,0,0,0,0,0,828,0,0,0,0,0,0
99,3003,100.24752889006453,99998,64,40,0,0,619,335,0.009540190803816077,37,22,49409,49682,489,255,0,0,0,0,0,0,99149,0,0,1,0,0,0,0,0,0,0,848,0,0,0,0,0,0
100,3003,101.27476368210876,99997,66,39,0,1,626,339,0.00965028950868526,37,25,49407,49677,489,257,0,0,0,0,0,0,99139,0,0,1,0,0,0,0,0,0,0,857,0,0,0,0,0,0
101,3003,102.30203167923567,99997,66,39,0,1,633,342,0.009750292508775264,41,24,49398,49675,494,260,0,0,0,0,0,0,99129,0,0,1,0,0,0,0,0,0,0,867,0,0,0,0,0,0
102,3003,103.32943842272581,99997,69,42,0,1,642,346,0.009880296408892267,39,24,49391,49672,500,260,0,0,0,0,0,0,99122,0,0,1,0,0,0,0,0,0,0,874,0,0,0,0,0,0
103,3003,104.01443750367544,99997,66,39,0,1,646,347,0.009930297908937269,39,29,49389,49666,505,264,0,0,0,0,0,0,99111,0,0,1,0,0,0,0,0,0,0,885,0,0,0,0,0,0
104,3003,105.04203390379975,99997,67,44,0,1,657,357,0.010140304209126275,37,28,49383,49661,512,265,0,0,0,0,0,0,99096,0,0,1,0,0,0,0,0,0,0,900,0,0,0,0,0,0
105,3003,106.06974126150615,99997,64,44,0,1,665,362,0.010270308109243276,42,33,49370,49654,523,267,0,0,0,0,0,0,99080,0,0,1,0,0,0,0,0,0,0,916,0,0,0,0,0,0
106,3003,107.09765415163291,99996,63,43,1,1,671,368,0.010390415616624665,49,36,49359,49646,527,273,0,0,0,0,0,0,99066,0,0,1,0,0,0,0,0,0,0,929,0,0,0,0,0,0
107,3003,108.12571764912946,99996,60,47,1,1,681,379,0.010600424016960678,51,28,49347,49643,540,280,0,0,0,0,0,0,99046,0,0,1,0,0,0,0,0,0,0,949,0,0,0,0,0,0
108,3003,109.15406328034663,99996,62,46,1,1,695,384,0.01079043161726469,51,26,49335,49640,550,286,0,0,0,0,0,0,99028,0,0,1,0,0,0,0,0,0,0,967,0,0,0,0,0,0
109,3003,110.18267328373715,99996,65,43,1,1,707,390,0.010970438817552702,48,25,49328,49635,557,295,0,0,0,0,0,0,99010,0,0,1,0,0,0,0,0,0,0,985,0,0,0,0,0,0
110,3003,111.21143736456668,99996,69,40,1,1,721,393,0.011140445617824714,40,27,49322,49630,567,301,0,0,0,0,0,0,98995,0,0,2,0,0,0,0,0,0,0,999,0,0,0,0,0,0
111,3003,112.2403782987097,99996,71,42,1,1,732,398,0.011300452018080723,40,30,49313,49624,574,302,0,0,0,0,0,0,98983,0,0,2,0,0,0,0,0,0,0,1011,0,0,0,0,0,0
112,3003,113.26946150646194,99996,73,47,1,1,746,410,0.01156046241849674,42,26,49302,49619,581,306,0,0,0,0,0,0,98964,0,0,2,0,0,0,0,0,0,0,1030,0,0,0,0,0,0
113,3003,114.29869907703923,99996,72,48,1,1,756,418,0.01174046961878475,38,28,49300,49610,588,312,0,0,0,0,0,0,98946,0,0,2,0,0,0,0,0,0,0,1048,0,0,0,0,0,0
114,3003,115.32804527543001,99996,75,51,1,1,769,427,0.011960478419136765,42,26,49286,49603,595,318,0,0,0,0,0,0,98930,0,0,2,0,0,0,0,0,0,0,1064,0,0,0,0,0,0
115,3003,116.01437926191933,99996,74,50,1,1,778,428,0.012060482419296772,37,29,49282,49599,605,320,0,0,0,0,0,0,98918,0,0,2,0,0,0,0,0,0,0,1076,0,0,0,0,0,0
116,3003,117.04406829397618,99996,80,46,1,1,792,431,0.012230489219568782,38,29,49268,49596,612,327,0,0,0,0,0,0,98903,0,0,2,0,0,0,0,0,0,0,1091,0,0,0,0,0,0
117,3003,118.07395589330126,99996,79,52,1,1,801,442,0.012430497219888795,38,28,49260,49586,621,332,0,0,0,0,0,0,98888,0,0,2,0,0,0,0,0,0,0,1106,0,0,0,0,0,0
118,3003,119.10402025479138,99996,72,48,1,1,812,448,0.012600504020160807,38,29,49250,49581,638,340,0,0,0,0,0,0,98860,0,0,2,0,0,0,0,0,0,0,1134,0,0,0,0,0,0
119,3003,120.13439119559285,99996,79,49,1,1,825,457,0.01282051282051282,42,26,49235,49575,642,348,0,0,0,0,0,0,98846,0,0,2,0,0,0,0,0,0,0,1148,0,0,0,0,0,0
120,3003,121.16497812541175,99996,82,45,1,1,840,460,0.013000520020800831,38,31,49227,49568,651,354,0,0,0,0,0,0,98828,0,0,3,0,0,0,0,0,0,0,1165,0,0,0,0,0,0
121,3003,122.19572289919478,99996,81,40,1,1,848,467,0.013150526021040842,45,34,49212,49558,660,366,0,0,0,0,0,0,98807,0,0,3,0,0,0,0,0,0,0,1186,0,0,0,0,0,0
122,3003,123.22670958499535,99996,77,44,1,1,857,476,0.013330533221328853,51,34,49199,49550,671,370,0,0,0,0,0,0,98789,0,0,3,0,0,0,0,0,0,0,1204,0,0,0,0,0,0
123,3003,124.25796090318698,99996,83,41,1,1,873,480,0.013530541221648866,50,35,49185,49548,680,374,0,0,0,0,0,0,98772,0,0,3,0,0,0,0,0,0,0,1221,0,0,0,0,0,0
124,3003,125.2894694972252,99996,85,44,1,1,892,489,0.013810552422096884,46,35,49171,49540,696,379,0,0,0,0,0,0,98750,0,0,4,0,0,0,0,0,0,0,1242,0,0,0,0,0,0
125,3003,126.32127605673024,99996,87,47,1,1,909,497,0.0140605624224969,46,31,49156,49537,709,383,0,0,0,0,0,0,98731,0,0,5,0,0,0,0,0,0,0,1260,0,0,0,0,0,0
126,3003,127.00931860519829,99996,83,46,1,1,910,502,0.014120564822592904,60,32,49143,49531,712,389,0,0,0,0,0,0,98720,0,0,5,0,0,0,0,0,0,0,1271,0,0,0,0,0,0
127,3003,128.04158129670168,99996,94,45,1,1,932,506,0.01438057522300892,46,36,49136,49523,722,394,0,0,0,0,0,0,98704,0,0,5,0,0,0,0,0,0,0,1287,0,0,0,0,0,0
128,3003,129.07400595647042,99996,103,46,1,1,950,514,0.014640585623424938,46,30,49119,49522,730,400,0,0,0,0,0,0,98688,0,0,5,0,0,0,0,0,0,0,1303,0,0,0,0,0,0
129,3003,130.10670879893155,99996,104,51,1,1,962,522,0.014840593623744949,47,25,49107,49521,740,401,0,0,0,0,0,0,98674,0,0,5,0,0,0,0,0,0,0,1317,0,0,0,0,0,0
130,3003,131.13963034183493,99996,110,55,1,1,976,533,0.015090603624144966,48,22,49095,49514,745,407,0,0,0,0,0,0,98659,0,0,5,0,0,0,0,0,0,0,1332,0,0,0,0,0,0
131,3003,132.172749902489,99996,101,54,1,1,987,538,0.015250610024400976,47,22,49087,49511,763,411,0,0,0,0,0,0,98633,0,0,5,0,0,0,0,0,0,0,1358,0,0,0,0,0,0
132,3003,133.08620387324177,99996,100,55,1,1,994,544,0.015380615224608984,48,19,49081,49509,769,415,0,0,0,0,0,0,98620,0,0,5,0,0,0,0,0,0,0,1371,0,0,0,0,0,0
133,3003,134.195858560061,99995,97,53,2,1,1007,554,0.015610780539026951,60,18,49060,49502,780,425,0,0,0,0,0,0,98592,0,0,5,0,0,0,0,0,0,0,1398,0,0,0,0,0,0
134,3003,135.2297471698348,99995,98,52,2,1,1013,559,0.015720786039301965,61,17,49055,49498,783,431,0,0,0,0,0,0,98581,0,0,5,0,0,0,0,0,0,0,1409,0,0,0,0,0,0
135,3003,136.22062338688434,99995,99,48,2,1,1034,568,0.016020801040052,54,17,49047,49490,797,443,0,0,0,0,0,0,98548,0,0,5,0,0,0,0,0,0,0,1442,0,0,0,0,0,0
136,3003,137.02708068777116,99995,90,49,2,1,1038,572,0.016100805040252013,58,16,49041,49488,808,445,0,0,0,0,0,0,98532,0,0,5,0,0,0,0,0,0,0,1458,0,0,0,0,0,0
137,3003,138.19497502098972,99995,86,50,2,1,1054,582,0.016360818040902045,60,20,49031,49474,820,454,0,0,0,0,0,0,98503,0,0,5,0,0,0,0,0,0,0,1487,0,0,0,0,0,0
138,3003,139.18507317603422,99995,84,52,2,1,1062,587,0.01649082454122706,61,18,49023,49471,829,457,0,0,0,0,0,0,98490,0,0,5,0,0,0,0,0,0,0,1500,0,0,0,0,0,0
139,3003,140.2480804006754,99995,79,46,2,1,1073,588,0.016610830541527077,75,25,48998,49466,845,461,0,0,0,0,0,0,98467,0,0,5,0,0,0,0,0,0,0,1523,0,0,0,0,0,0
140,3003,141.28330427141023,99995,83,44,2,1,1087,594,0.0168108405420271,77,24,48985,49462,852,468,0,0,0,0,0,0,98449,0,0,5,0,0,0,0,0,0,0,1541,0,0,0,0,0,0
141,3003,142.31875967091008,99995,96,45,2,1,1113,599,0.01712085604280214,68,25,48971,49456,862,472,0,0,0,0,0,0,98432,0,0,5,0,0,0,0,0,0,0,1558,0,0,0,0,0,0
142,3003,143.00921060399185,99995,96,50,2,1,1120,605,0.017250862543127157,68,22,48966,49453,867,473,0,0,0,0,0,0,98424,0,0,5,0,0,0,0,0,0,0,1566,0,0,0,0,0,0
143,3003,144.0450339388658,99995,106,43,2,1,1141,610,0.01751087554377719,68,24,48947,49447,876,484,0,0,0,0,0,0,98401,0,0,5,0,0,0,0,0,0,0,1589,0,0,0,0,0,0
144,3003,145.08114819446777,99995,99,44,2,1,1153,619,0.017720886044302216,73,23,48935,49441,890,490,0,0,0,0,0,0,98374,0,0,5,0,0,0,0,0,0,0,1616,0,0,0,0,0,0
145,3003,146.1175308755114,99995,100,51,2,1,1168,626,0.017940897044852244,75,25,48922,49436,900,486,0,0,0,0,0,0,98360,0,0,5,0,0,0,0,0,0,0,1630,0,0,0,0,0,0
146,3003,147.1541329100145,99995,109,54,2,1,1190,635,0.01825091254562728,72,24,48905,49429,911,491,0,0,0,0,0,0,98341,0,0,5,0,0,0,0,0,0,0,1649,0,0,0,0,0,0
147,3003,148.19099884604918,99995,108,54,2,1,1202,642,0.018440922046102304,79,22,48891,49425,919,497,0,0,0,0,0,0,98321,0,0,5,0,0,0,0,0,0,0,1669,0,0,0,0,0,0
148,3003,149.22810611611413,99995,118,52,2,1,1222,650,0.01872093604680234,68,27,48886,49416,925,503,0,0,0,0,0,0,98301,0,0,5,0,0,0,0,0,0,0,1689,0,0,0,0,0,0
149,3003,150.26532653785435,99995,119,49,2,1,1241,654,0.01895094754737737,64,34,48876,49409,938,506,0,0,0,0,0,0,98276,0,0,5,0,0,0,0,0,0,0,1714,0,0,0,0,0,0
150,3003,151.30281309606508,99995,111,53,2,1,1255,664,0.0191909595479774,71,27,48856,49408,959,510,0,0,0,0,0,0,98248,0,0,5,0,0,0,0,0,0,0,1742,0,0,0,0,0,0
151,3003,152.34072426934864,99995,111,54,2,1,1271,672,0.01943097154857743,76,32,48837,49396,973,516,0,0,0,0,0,0,98225,0,0,5,0,0,0,0,0,0,0,1765,0,0,0,0,0,0
152,3003,153.03284292943192,99995,118,50,2,1,1283,681,0.019640982049102456,78,30,48825,49393,976,525,0,0,0,0,0,0,98207,0,0,5,0,0,0,0,0,0,0,1783,0,0,0,0,0,0
153,3003,154.07121846993877,99995,119,58,2,1,1301,694,0.019950997549877492,75,36,48813,49377,990,527,0,0,0,0,0,0,98185,0,0,5,0,0,0,0,0,0,0,1805,0,0,0,0,0,0
154,3003,155.1098394448119,99995,123,55,2,1,1322,702,0.020241012050602532,68,40,48803,49366,1003,537,0,0,0,0,0,0,98157,0,0,5,0,0,0,0,0,0,0,1833,0,0,0,0,0,0
155,3003,156.14870678999793,99995,117,63,2,1,1335,715,0.020501025051252564,81,41,48780,49354,1019,540,0,0,0,0,0,0,98133,0,0,5,0,0,0,0,0,0,0,1857,0,0,0,0,0,0
156,3003,157.18795958498808,99995,118,63,2,1,1354,733,0.020871043552177608,76,35,48769,49345,1034,555,0,0,0,0,0,0,98097,0,0,5,0,0,0,0,0,0,0,1893,0,0,0,0,0,0
157,3003,158.22750083704602,99995,122,63,2,1,1377,745,0.021221061053052652,71,34,48754,49336,1050,565,0,0,0,0,0,0,98066,0,0,5,0,0,0,0,0,0,0,1924,0,0,0,0,0,0
158,3003,159.26735952465893,99995,129,59,2,1,1409,753,0.021621081054052704,63,34,48735,49332,1070,573,0,0,0,0,0,0,98029,0,0,5,0,0,0,0,0,0,0,1961,0,0,0,0,0,0
159,3003,160.30762780655624,99995,135,58,2,1,1430,759,0.021891094554727736,68,40,48709,49322,1085,578,0,0,0,0,0,0,98007,0,0,5,0,0,0,0,0,0,0,1983,0,0,0,0,0,0
160,3003,161.00139688093483,99995,133,59,2,1,1445,765,0.022101105055252764,65,43,48699,49314,1100,582,0,0,0,0,0,0,97985,0,0,5,0,0,0,0,0,0,0,2005,0,0,0,0,0,0
161,3003,162.0423604311521,99995,128,62,2,1,1463,781,0.022441122056102804,72,35,48677,49308,1120,593,0,0,0,0,0,0,97949,0,0,5,0,0,0,0,0,0,0,2041,0,0,0,0,0,0
162,3003,163.08375096614122,99995,130,66,2,1,1480,793,0.02273113655682784,77,28,48659,49304,1131,600,0,0,0,0,0,0,97926,0,0,5,0,0,0,0,0,0,0,2064,0,0,0,0,0,0
163,3003,164.1255332022725,99995,127,62,2,1,1495,800,0.022951147557377868,88,27,48637,49299,1145,610,0,0,0,0,0,0,97898,0,0,6,0,0,0,0,0,0,0,2091,0,0,0,0,0,0
164,3003,165.16770817964962,99995,128,64,2,1,1513,808,0.0232111605580279,85,26,48626,49296,1158,612,0,0,0,0,0,0,97876,0,0,7,0,0,0,0,0,0,0,2112,0,0,0,0,0,0
165,3003,166.21014905596175,99995,131,51,2,1,1529,808,0.02337116855842792,90,38,48607,49285,1169,624,0,0,0,0,0,0,97850,0,0,7,0,0,0,0,0,0,0,2138,0,0,0,0,0,0
166,3003,167.2529339092023,99994,128,56,3,1,1552,818,0.02370142208532512,85,41,48596,49276,1187,625,0,0,0,0,0,0,97819,0,0,7,0,0,0,0,0,0,0,2168,0,0,0,0,0,0
167,3003,168.2959886265578,99994,130,57,3,1,1569,832,0.024011440686441187,86,36,48579,49268,1201,637,0,0,0,0,0,0,97791,0,0,7,0,0,0,0,0,0,0,2196,0,0,0,0,0,0
168,3003,169.33939360895445,99994,137,57,3,1,1599,842,0.024411464687881274,76,29,48564,49266,1219,646,0,0,0,0,0,0,97758,0,0,7,0,0,0,0,0,0,0,2229,0,0,0,0,0,0
169,3003,170.03520752327213,99994,144,56,3,1,1616,850,0.024661479688781327,71,30,48558,49260,1223,652,0,0,0,0,0,0,97739,0,0,7,0,0,0,0,0,0,0,2248,0,0,0,0,0,0
170,3003,171.07906220916547,99994,147,57,3,1,1636,856,0.024921495289717384,66,37,48547,49249,1236,655,0,0,0,0,0,0,97717,0,0,7,0,0,0,0,0,0,0,2270,0,0,0,0,0,0
171,3003,172.12316910525846,99994,140,58,3,1,1652,864,0.025161509690581434,66,32,48535,49247,1255,661,0,0,0,0,0,0,97687,0,0,7,0,0,0,0,0,0,0,2300,0,0,0,0,0,0
172,3003,173.16762109696566,99994,132,54,3,1,1666,872,0.025381522891373482,74,34,48515,49237,1275,673,0,0,0,0,0,0,97653,0,0,7,0,0,0,0,0,0,0,2334,0,0,0,0,0,0
173,3003,174.21246102350742,99994,137,58,3,1,1689,884,0.025731543892633556,68,31,48503,49231,1288,678,0,0,0,0,0,0,97628,0,0,8,0,0,0,0,0,0,0,2358,0,0,0,0,0,0
174,3003,175.2576288783143,99994,131,56,3,1,1702,889,0.025911554693281595,77,35,48484,49223,1304,684,0,0,0,0,0,0,97602,0,0,8,0,0,0,0,0,0,0,2384,0,0,0,0,0,0
175,3003,176.30316981924616,99994,133,65,3,1,1722,901,0.026231573894433667,79,30,48471,49216,1313,687,0,0,0,0,0,0,97581,0,0,8,0,0,0,0,0,0,0,2405,0,0,0,0,0,0
176,3003,177.00033014301053,99994,136,65,3,1,1732,908,0.026401584095045703,86,35,48457,49205,1317,693,0,0,0,0,0,0,97567,0,0,8,0,0,0,0,0,0,0,2419,0,0,0,0,0,0
177,3003,178.04621972210907,99994,141,66,3,1,1753,919,0.02672160329619777,83,39,48445,49191,1327,702,0,0,0,0,0,0,97541,0,0,8,0,0,0,0,0,0,0,2445,0,0,0,0,0,0
178,3003,179.09232959821838,99994,140,65,3,1,1774,931,0.027051623097385843,83,39,48434,49183,1339,711,0,0,0,0,0,0,97506,0,0,8,0,0,0,0,0,0,0,2480,0,0,0,0,0,0
179,3003,180.13870259857003,99994,145,60,3,1,1800,939,0.027391643498609917,84,35,48407,49179,1360,724,0,0,0,0,0,0,97472,0,0,8,0,0,0,0,0,0,0,2514,0,0,0,0,0,0
180,3003,181.1856095785557,99993,153,57,4,1,1829,947,0.02776194333603352,71,43,48395,49167,1376,731,0,0,0,0,0,0,97440,0,0,8,0,0,0,0,0,0,0,2545,0,0,0,0,0,0
181,3003,182.23284466624284,99993,135,61,4,1,1840,960,0.028001960137209604,81,44,48376,49154,1403,739,0,0,0,0,0,0,97402,0,0,8,0,0,0,0,0,0,0,2583,0,0,0,0,0,0
182,3003,183.28050905669252,99993,139,67,4,1,1864,972,0.028361985338973727,77,46,48364,49140,1415,745,0,0,0,0,0,0,97377,0,0,9,0,0,0,0,0,0,0,2607,0,0,0,0,0,0
183,3003,184.32844089618746,99993,130,62,4,1,1877,981,0.028582000740051804,90,51,48344,49129,1431,756,0,0,0,0,0,0,97341,0,0,9,0,0,0,0,0,0,0,2643,0,0,0,0,0,0
184,3003,185.02726090813192,99993,136,59,4,1,1893,987,0.02880201614112988,89,51,48329,49126,1441,762,0,0,0,0,0,0,97323,0,0,10,0,0,0,0,0,0,0,2660,0,0,0,0,0,0
185,3003,186.0758501258268,99993,140,70,4,1,1914,1010,0.02924204694328603,77,37,48330,49121,1448,770,0,0,0,0,0,0,97294,0,0,10,0,0,0,0,0,0,0,2689,0,0,0,0,0,0
186,3003,187.12456608072685,99993,136,67,4,1,1930,1020,0.02950206514456012,76,46,48319,49102,1464,783,0,0,0,0,0,0,97262,0,0,11,0,0,0,0,0,0,0,2720,0,0,0,0,0,0
187,3003,188.17354916396494,99993,142,67,4,1,1957,1030,0.029872091046373245,72,41,48302,49101,1479,789,0,0,0,0,0,0,97231,0,0,11,0,0,0,0,0,0,0,2751,0,0,0,0,0,0
188,3003,189.22287522144157,99993,140,74,4,1,1973,1043,0.030162111347794347,76,34,48285,49100,1494,790,0,0,0,0,0,0,97207,0,0,11,0,0,0,0,0,0,0,2775,0,0,0,0,0,0
189,3003,190.27251481467422,99993,140,67,4,1,1995,1051,0.03046213234926445,72,36,48272,49093,1511,802,0,0,0,0,0,0,97171,0,0,12,0,0,0,0,0,0,0,2810,0,0,0,0,0,0
190,3003,191.3225388320027,99993,135,66,4,1,2014,1059,0.03073215125058754,74,41,48255,49086,1531,805,0,0,0,0,0,0,97138,0,0,12,0,0,0,0,0,0,0,2843,0,0,0,0,0,0
191,3003,192.02275130090592,99993,136,68,4,1,2026,1064,0.030902163151420598,76,48,48249,49078,1534,804,0,0,0,0,0,0,97124,0,0,12,0,0,0,0,0,0,0,2857,0,0,0,0,0,0
192,3003,193.07322618163207,99993,136,69,4,1,2045,1078,0.031232186253037714,69,48,48239,49065,1551,816,0,0,0,0,0,0,97093,0,0,13,0,0,0,0,0,0,0,2887,0,0,0,0,0,0
193,3003,194.12401351434625,99993,134,74,4,1,2069,1093,0.03162221355494885,78,45,48209,49056,1574,823,0,0,0,0,0,0,97057,0,0,13,0,0,0,0,0,0,0,2923,0,0,0,0,0,0
194,3003,195.17528884478935,99992,130,64,5,1,2084,1098,0.031822545803664296,82,51,48195,49047,1587,836,0,0,0,0,0,0,97025,0,0,15,0,0,0,0,0,0,0,2952,0,0,0,0,0,0
195,3003,196.22691230213567,99991,123,59,5,2,2109,1107,0.03216289466051945,72,54,48186,49041,1613,843,0,0,0,0,0,0,96980,0,0,16,0,0,0,0,0,0,0,2995,0,0,0,0,0,0
196,3003,197.27891593908677,99991,131,62,5,2,2127,1120,0.03247292256303067,71,50,48177,49037,1615,848,0,0,0,0,0,0,96961,0,0,17,0,0,0,0,0,0,0,3013,0,0,0,0,0,0
197,3003,198.33105729178993,99991,131,64,5,2,2144,1130,0.03274294686521787,73,56,48164,49025,1626,852,0,0,0,0,0,0,96937,0,0,18,0,0,0,0,0,0,0,3036,0,0,0,0,0,0
198,3003,199.03260498815115,99991,130,67,5,2,2154,1137,0.03291296216659499,77,55,48155,49020,1632,855,0,0,0,0,0,0,96922,0,0,18,0,0,0,0,0,0,0,3051,0,0,0,0,0,0
199,3003,200.08514658001488,99991,128,64,5,2,2179,1148,0.03327299456951126,79,56,48133,49011,1654,866,0,0,0,0,0,0,96882,0,0,19,0,0,0,0,0,0,0,3090,0,0,0,0,0,0
200,3003,201.13809825523728,99991,139,66,5,2,2202,1160,0.03362302607234651,67,53,48133,49007,1655,871,0,0,0,0,0,0,96860,0,0,19,0,0,0,0,0,0,0,3112,0,0,0,0,0,0
201,3003,202.19115294705955,99991,138,66,5,2,2220,1169,0.03389305037453371,74,56,48112,48998,1670,877,0,0,0,0,0,0,96832,0,0,19,0,0,0,0,0,0,0,3140,0,0,0,0,0,0
202,3003,203.2445708745179,99990,133,65,6,2,2243,1175,0.034183418341834186,76,59,48091,48989,1693,884,0,0,0,0,0,0,96799,0,0,21,0,0,0,0,0,0,0,3170,0,0,0,0,0,0
203,3003,204.2984262328616,99990,139,73,6,2,2265,1195,0.034603460346034606,81,55,48070,48976,1703,893,0,0,0,0,0,0,96772,0,0,22,0,0,0,0,0,0,0,3196,0,0,0,0,0,0
204,3003,205.00118320324353,99990,149,76,6,2,2287,1203,0.0349034903490349,76,54,48057,48971,1711,896,0,0,0,0,0,0,96755,0,0,22,0,0,0,0,0,0,0,3213,0,0,0,0,0,0
205,3003,206.05553301879002,99990,146,83,6,2,2300,1219,0.035193519351935196,85,47,48045,48964,1717,903,0,0,0,0,0,0,96730,0,0,22,0,0,0,0,0,0,0,3238,0,0,0,0,0,0
206,3003,207.11012801709566,99990,150,94,6,2,2322,1239,0.035613561356135616,85,40,48034,48952,1724,911,0,0,0,0,0,0,96704,0,0,23,0,0,0,0,0,0,0,3263,0,0,0,0,0,0
207,3003,208.164919124732,99989,138,96,7,2,2340,1250,0.03590394943443779,91,41,48019,48943,1744,917,0,0,0,0,0,0,96665,0,0,23,0,0,0,0,0,0,0,3301,0,0,0,0,0,0
208,3003,209.22006750124882,99989,143,94,7,2,2363,1263,0.03626398903879427,85,46,48011,48925,1753,932,0,0,0,0,0,0,96632,0,0,23,0,0,0,0,0,0,0,3334,0,0,0,0,0,0
209,3003,210.27543447168156,99988,148,79,7,3,2394,1267,0.03661439372724727,88,54,47982,48919,1774,944,0,0,0,0,0,0,96589,0,0,25,0,0,0,0,0,0,0,3374,0,0,0,0,0,0
210,3003,211.33135830704848,99988,149,83,7,3,2416,1284,0.03700444053286395,88,53,47968,48910,1787,950,0,0,0,0,0,0,96555,0,0,25,0,0,0,0,0,0,0,3408,0,0,0,0,0,0
211,3003,212.0354785698524,99988,142,90,7,3,2424,1297,0.037214465735888304,92,51,47958,48901,1800,954,0,0,0,0,0,0,96534,0,0,25,0,0,0,0,0,0,0,3429,0,0,0,0,0,0
212,3003,213.0918741469592,99988,147,90,7,3,2446,1309,0.0375545065407849,92,52,47943,48892,1810,962,0,0,0,0,0,0,96505,0,0,25,0,0,0,0,0,0,0,3458,0,0,0,0,0,0
213,3003,214.1485773693932,99988,155,94,7,3,2469,1325,0.037944553346401566,92,50,47928,48886,1817,966,0,0,0,0,0,0,96478,0,0,25,0,0,0,0,0,0,0,3485,0,0,0,0,0,0
214,3003,215.20550997529557,99988,159,96,7,3,2495,1337,0.03832459895187423,89,50,47914,48878,1830,972,0,0,0,0,0,0,96446,0,0,25,0,0,0,0,0,0,0,3517,0,0,0,0,0,0
215,3003,216.2627195597455,99988,160,97,7,3,2519,1351,0.03870464455734688,95,45,47890,48873,1847,981,0,0,0,0,0,0,96412,0,0,27,0,0,0,0,0,0,0,3549,0,0,0,0,0,0
216,3003,217.3202984429455,99988,173,94,7,3,2549,1363,0.03912469496339561,92,43,47872,48872,1855,987,0,0,0,0,0,0,96380,0,0,27,0,0,0,0,0,0,0,3581,0,0,0,0,0,0
217,3003,218.02552799630075,99988,162,93,7,3,2563,1372,0.039354722566708,97,44,47854,48863,1879,996,0,0,0,0,0,0,96346,0,0,28,0,0,0,0,0,0,0,3614,0,0,0,0,0,0
218,3003,219.08396930038379,99988,154,90,7,3,2581,1378,0.03959475137016442,117,57,47826,48846,1895,1003,0,0,0,0,0,0,96314,0,0,31,0,0,0,0,0,0,0,3643,0,0,0,0,0,0
219,3003,220.14287547733568,99988,158,99,7,3,2610,1395,0.04005480657678921,115,56,47806,48833,1913,1008,0,0,0,0,0,0,96281,0,0,31,0,0,0,0,0,0,0,3676,0,0,0,0,0,0
220,3003,221.20211198284937,99988,152,95,7,3,2634,1408,0.04042485098211786,117,59,47784,48823,1939,1019,0,0,0,0,0,0,96235,0,0,32,0,0,0,0,0,0,0,3721,0,0,0,0,0,0
221,3003,222.26191742565527,99988,171,95,7,3,2664,1422,0.040864903788454615,117,56,47759,48816,1945,1029,0,0,0,0,0,0,96210,0,0,32,0,0,0,0,0,0,0,3746,0,0,0,0,0,0
222,3003,223.32210174891662,99988,177,94,7,3,2697,1433,0.04130495659479137,118,59,47739,48806,1958,1037,0,0,0,0,0,0,96171,0,0,32,0,0,0,0,0,0,0,3785,0,0,0,0,0,0
223,3003,224.02906710569243,99988,174,94,7,3,2717,1445,0.04162499499939993,109,58,47734,48796,1975,1048,0,0,0,0,0,0,96139,0,0,35,0,0,0,0,0,0,0,3814,0,0,0,0,0,0
224,3003,225.089892808176,99988,175,91,7,3,2741,1458,0.04199503940472857,115,57,47713,48789,1989,1059,0,0,0,0,0,0,96102,0,0,37,0,0,0,0,0,0,0,3849,0,0,0,0,0,0
225,3003,226.15110573210183,99988,182,95,7,3,2777,1469,0.04246509581149738,112,62,47687,48778,2011,1061,0,0,0,0,0,0,96069,0,0,40,0,0,0,0,0,0,0,3879,0,0,0,0,0,0
226,3003,227.2127946292346,99988,187,94,7,3,2807,1483,0.04290514861783414,100,62,47678,48769,2027,1071,0,0,0,0,0,0,96029,0,0,40,0,0,0,0,0,0,0,3919,0,0,0,0,0,0
227,3003,228.27477508658043,99988,177,102,7,3,2829,1499,0.043285194223306796,104,54,47658,48763,2053,1077,0,0,0,0,0,0,95990,0,0,41,0,0,0,0,0,0,0,3957,0,0,0,0,0,0
228,3003,229.3372577012083,99988,183,101,7,3,2866,1517,0.043835260231227746,103,50,47628,48754,2078,1091,0,0,0,0,0,0,95941,0,0,42,0,0,0,0,0,0,0,4005,0,0,0,0,0,0
229,3003,230.045954659666,99987,179,109,8,3,2885,1531,0.04416574154640103,109,42,47607,48750,2096,1095,0,0,0,0,0,0,95913,0,0,43,0,0,0,0,0,0,0,4031,0,0,0,0,0,0
230,3003,231.10946024239587,99987,182,103,8,3,2918,1544,0.04462580135417604,104,47,47588,48735,2117,1111,0,0,0,0,0,0,95865,0,0,44,0,0,0,0,0,0,0,4078,0,0,0,0,0,0
231,3003,232.1734184884516,99985,186,93,9,4,2948,1556,0.045046757013552034,105,51,47568,48724,2131,1127,0,0,0,0,0,0,95818,0,0,45,0,0,0,0,0,0,0,4122,0,0,0,0,0,0
232,3003,233.23780946109753,99985,187,91,9,4,2974,1569,0.04543681552232835,110,53,47544,48713,2149,1138,0,0,0,0,0,0,95780,0,0,47,0,0,0,0,0,0,0,4158,0,0,0,0,0,0
233,3003,234.30265993035633,99985,189,91,9,4,3001,1585,0.0458668800320048,112,50,47522,48702,2167,1152,0,0,0,0,0,0,95743,0,0,51,0,0,0,0,0,0,0,4191,0,0,0,0,0,0
234,3003,235.0127979816325,99985,193,93,9,4,3021,1593,0.04614692203830575,119,49,47501,48699,2177,1154,0,0,0,0,0,0,95723,0,0,53,0,0,0,0,0,0,0,4209,0,0,0,0,0,0
235,3003,236.07843130983318,99985,206,96,9,4,3053,1608,0.04661699254888233,116,47,47479,48688,2189,1164,0,0,0,0,0,0,95692,0,0,53,0,0,0,0,0,0,0,4240,0,0,0,0,0,0
236,3003,237.1444451614198,99985,199,90,9,4,3079,1619,0.04698704805720858,112,52,47464,48677,2215,1176,0,0,0,0,0,0,95643,0,0,54,0,0,0,0,0,0,0,4288,0,0,0,0,0,0
237,3003,238.21094272695507,99985,188,95,9,4,3107,1634,0.04741711256688503,100,50,47457,48667,2245,1183,0,0,0,0,0,0,95595,0,0,55,0,0,0,0,0,0,0,4335,0,0,0,0,0,0
238,3003,239.27786695408543,99985,186,95,9,4,3132,1645,0.04777716657498625,102,52,47433,48657,2269,1191,0,0,0,0,0,0,95557,0,0,55,0,0,0,0,0,0,0,4373,0,0,0,0,0,0
239,3003,240.34530820797966,99984,176,95,9,5,3154,1660,0.04814770363258121,108,55,47416,48644,2290,1200,0,0,0,0,0,0,95511,0,0,56,0,0,0,0,0,0,0,4417,0,0,0,0,0,0
240,3003,241.05719062809771,99984,183,93,9,5,3178,1674,0.04852776444231077,101,51,47404,48635,2302,1215,0,0,0,0,0,0,95479,0,0,57,0,0,0,0,0,0,0,4448,0,0,0,0,0,0
241,3003,242.12535617135967,99983,187,91,9,6,3211,1689,0.04900833141634078,104,46,47381,48630,2318,1226,0,0,0,0,0,0,95434,0,0,58,0,0,0,0,0,0,0,4491,0,0,0,0,0,0
242,3003,243.19399288706893,99983,186,87,9,6,3237,1697,0.04934838922616845,111,54,47357,48617,2336,1235,0,0,0,0,0,0,95395,0,0,58,0,0,0,0,0,0,0,4530,0,0,0,0,0,0
243,3003,244.26305950426658,99983,188,85,9,6,3270,1709,0.04979846573917566,98,63,47347,48601,2357,1244,0,0,0,0,0,0,95351,0,0,59,0,0,0,0,0,0,0,4573,0,0,0,0,0,0
244,3003,245.33246270501797,99982,177,84,10,6,3293,1725,0.0501890340261247,103,57,47333,48596,2376,1256,0,0,0,0,0,0,95300,0,0,59,0,0,0,0,0,0,0,4623,0,0,0,0,0,0
245,3003,246.04559888672762,99982,178,90,10,6,3311,1737,0.05048908803584645,103,56,47322,48588,2386,1259,0,0,0,0,0,0,95277,0,0,59,0,0,0,0,0,0,0,4646,0,0,0,0,0,0
246,3003,247.11563287184345,99982,174,89,10,6,3335,1752,0.05087915824848473,108,55,47302,48575,2405,1274,0,0,0,0,0,0,95236,0,0,62,0,0,0,0,0,0,0,4684,0,0,0,0,0,0
247,3003,248.18614767254704,99982,177,91,10,6,3367,1767,0.05134924286371547,103,58,47283,48560,2426,1284,0,0,0,0,0,0,95194,0,0,62,0,0,0,0,0,0,0,4726,0,0,0,0,0,0
248,3003,249.25701254342258,99982,182,92,10,6,3390,1780,0.051709307675381566,109,57,47266,48560,2432,1284,0,0,0,0,0,0,95164,0,0,62,0,0,0,0,0,0,0,4756,0,0,0,0,0,0
249,3003,250.32819511855988,99982,191,93,10,6,3422,1795,0.05217939229061231,105,53,47250,48554,2443,1293,0,0,0,0,0,0,95127,0,0,62,0,0,0,0,0,0,0,4793,0,0,0,0,0,0
250,3003,251.04246631863575,99982,196,99,10,6,3445,1806,0.052519453501630294,101,50,47239,48549,2453,1295,0,0,0,0,0,0,95104,0,0,62,0,0,0,0,0,0,0,4816,0,0,0,0,0,0
251,3003,252.1141979169594,99982,197,96,10,6,3472,1819,0.05291952551459263,107,50,47216,48541,2469,1306,0,0,0,0,0,0,95065,0,0,65,0,0,0,0,0,0,0,4852,0,0,0,0,0,0
252,3003,253.18636569345063,99982,185,95,10,6,3492,1832,0.05324958492528655,128,49,47184,48531,2492,1318,0,0,0,0,0,0,95020,0,0,66,0,0,0,0,0,0,0,4896,0,0,0,0,0,0
253,3003,254.25918115717636,99982,194,96,10,6,3527,1845,0.053729671340841355,119,57,47164,48516,2512,1324,0,0,0,0,0,0,94984,0,0,68,0,0,0,0,0,0,0,4930,0,0,0,0,0,0
254,3003,255.33236265485056,99982,201,92,10,6,3559,1858,0.05417975235542398,109,60,47158,48504,2521,1337,0,0,0,0,0,0,94943,0,0,69,0,0,0,0,0,0,0,4970,0,0,0,0,0,0
255,3003,256.0479359155955,99982,189,87,10,6,3575,1865,0.054409793762877315,116,65,47139,48497,2545,1344,0,0,0,0,0,0,94904,0,0,70,0,0,0,0,0,0,0,5008,0,0,0,0,0,0
256,3003,257.12178864676633,99982,192,93,10,6,3607,1883,0.05490988377908024,111,61,47124,48488,2562,1351,0,0,0,0,0,0,94864,0,0,71,0,0,0,0,0,0,0,5047,0,0,0,0,0,0
257,3003,258.19608749611757,99982,185,91,10,6,3635,1895,0.055309955792042564,121,70,47093,48468,2590,1364,0,0,0,0,0,0,94817,0,0,73,0,0,0,0,0,0,0,5092,0,0,0,0,0,0
258,3003,259.27095659921,99982,186,101,10,6,3666,1917,0.05584005120921766,120,62,47073,48459,2610,1371,0,0,0,0,0,0,94776,0,0,74,0,0,0,0,0,0,0,5132,0,0,0,0,0,0
259,3003,260.34628888012946,99982,190,92,10,6,3706,1928,0.056350143025744634,109,65,47056,48452,2634,1384,0,0,0,0,0,0,94723,0,0,77,0,0,0,0,0,0,0,5182,0,0,0,0,0,0
260,3003,261.0634420341914,99982,188,101,10,6,3726,1945,0.05672020963773479,107,59,47044,48446,2650,1387,0,0,0,0,0,0,94694,0,0,78,0,0,0,0,0,0,0,5210,0,0,0,0,0,0
261,3003,262.1395810400598,99982,195,98,10,6,3759,1956,0.05716028885199336,105,61,47026,48438,2663,1396,0,0,0,0,0,0,94658,0,0,82,0,0,0,0,0,0,0,5242,0,0,0,0,0,0
262,3003,263.21605957748704,99982,206,103,10,6,3798,1975,0.05774039327078874,99,53,47002,48433,2682,1404,0,0,0,0,0,0,94617,0,0,83,0,0,0,0,0,0,0,5282,0,0,0,0,0,0
263,3003,264.2929567124668,99982,211,102,10,6,3838,1987,0.058260486887639774,83,58,46990,48421,2705,1412,0,0,0,0,0,0,94569,0,0,83,0,0,0,0,0,0,0,5330,0,0,0,0,0,0
264,3003,265.01111730165275,99982,191,96,10,6,3849,1996,0.058460522894120945,93,58,46973,48415,2732,1424,0,0,0,0,0,0,94524,0,0,84,0,0,0,0,0,0,0,5374,0,0,0,0,0,0
265,3003,266.0889582560549,99982,180,98,10,6,3871,2015,0.05887059670740733,111,61,46941,48402,2757,1432,0,0,0,0,0,0,94477,0,0,87,0,0,0,0,0,0,0,5418,0,0,0,0,0,0
266,3003,267.167501633763,99982,188,92,10,6,3911,2027,0.059390690324258366,106,72,46913,48382,2782,1447,0,0,0,0,0,0,94430,0,0,90,0,0,0,0,0,0,0,5462,0,0,0,0,0,0
267,3003,268.24656344776645,99981,199,91,11,6,3944,2041,0.05986137366099559,98,70,46903,48377,2788,1455,0,0,0,0,0,0,94393,0,0,90,0,0,0,0,0,0,0,5498,0,0,0,0,0,0
268,3003,269.32593553188167,99981,190,101,11,6,3976,2063,0.06040147628049329,97,62,46887,48368,2814,1462,0,0,0,0,0,0,94341,0,0,91,0,0,0,0,0,0,0,5549,0,0,0,0,0,0
269,3003,270.04576024359324,99981,187,105,11,6,3991,2077,0.06069153139096428,95,54,46885,48366,2821,1468,0,0,0,0,0,0,94314,0,0,92,0,0,0,0,0,0,0,5575,0,0,0,0,0,0
270,3003,271.1257113816121,99981,180,98,11,6,4012,2085,0.06098158650143527,108,57,46863,48366,2837,1472,0,0,0,0,0,0,94272,0,0,93,0,0,0,0,0,0,0,5616,0,0,0,0,0,0
271,3003,272.2060926151026,99981,189,93,11,6,4049,2094,0.06144167391804443,107,60,46836,48358,2856,1482,0,0,0,0,0,0,94231,0,0,94,0,0,0,0,0,0,0,5656,0,0,0,0,0,0
272,3003,273.2870172071533,99981,181,96,11,6,4075,2113,0.061891759434292516,98,52,46827,48351,2882,1494,0,0,0,0,0,0,94185,0,0,98,0,0,0,0,0,0,0,5698,0,0,0,0,0,0
273,3003,274.0078902993539,99980,170,94,12,6,4091,2127,0.06219243848769754,99,55,46819,48341,2899,1503,0,0,0,0,0,0,94144,0,0,100,0,0,0,0,0,0,0,5736,0,0,0,0,0,0
274,3003,275.089479711714,99980,164,97,12,6,4114,2147,0.06262252450490098,96,52,46812,48327,2915,1517,0,0,0,0,0,0,94098,0,0,100,0,0,0,0,0,0,0,5782,0,0,0,0,0,0
275,3003,276.171380491508,99979,158,107,13,6,4135,2165,0.06301323277888357,104,45,46788,48321,2936,1520,0,0,0,0,0,0,94063,0,0,100,0,0,0,0,0,0,0,5816,0,0,0,0,0,0
276,3003,277.253771584024,99979,161,96,13,6,4161,2172,0.06334330209343962,101,50,46774,48316,2950,1531,0,0,0,0,0,0,94023,0,0,101,0,0,0,0,0,0,0,5855,0,0,0,0,0,0
277,3003,278.33653427649176,99979,162,96,13,6,4186,2184,0.06371337980976005,95,54,46764,48309,2965,1534,0,0,0,0,0,0,93988,0,0,100,1,0,0,0,0,0,0,5890,0,0,0,0,0,0
278,3003,279.0585556042519,99979,161,92,13,6,4202,2195,0.06398343652166955,96,50,46755,48305,2974,1546,0,0,0,0,0,0,93956,0,0,100,1,0,0,0,0,0,0,5922,0,0,0,0,0,0
279,3003,280.14180365027465,99979,158,94,13,6,4225,2209,0.06435351423798998,95,50,46745,48297,2988,1552,0,0,0,0,0,0,93919,0,0,101,1,0,0,0,0,0,0,5958,0,0,0,0,0,0
280,3003,281.22534338776774,99979,158,94,13,6,4248,2223,0.0647235919543104,102,44,46727,48294,2999,1561,0,0,0,0,0,0,93883,0,0,102,1,0,0,0,0,0,0,5993,0,0,0,0,0,0
281,3003,282.3092420152617,99979,167,95,13,6,4275,2237,0.0651336780723952,106,49,46706,48282,3007,1567,0,0,0,0,0,0,93852,0,0,102,1,0,0,0,0,0,0,6024,0,0,0,0,0,0
282,3003,283.03203149125466,99979,163,98,13,6,4295,2249,0.06545374528651017,100,44,46697,48281,3026,1570,0,0,0,0,0,0,93820,0,0,103,1,0,0,0,0,0,0,6055,0,0,0,0,0,0
283,3003,284.1165864723435,99979,185,89,13,6,4333,2257,0.06591384190680043,92,50,46675,48270,3034,1584,0,0,0,0,0,0,93788,0,0,104,1,0,0,0,0,0,0,6086,0,0,0,0,0,0
284,3003,285.2015300818337,99978,180,88,14,6,4356,2275,0.06632459141011023,92,39,46660,48267,3053,1599,0,0,0,0,0,0,93742,0,0,105,1,0,0,0,0,0,0,6130,0,0,0,0,0,0
285,3003,286.28687113094674,99978,174,99,14,6,4378,2290,0.06669467282802216,96,30,46645,48268,3070,1596,0,0,0,0,0,0,93711,0,0,106,1,0,0,0,0,0,0,6160,0,0,0,0,0,0
286,3003,287.0106268558707,99978,175,98,14,6,4400,2298,0.06699473884254536,91,36,46632,48257,3087,1602,0,0,0,0,0,0,93683,0,0,108,1,0,0,0,0,0,0,6186,0,0,0,0,0,0
287,3003,288.09666063586656,99978,174,97,14,6,4418,2310,0.06729480485706855,101,38,46619,48248,3091,1610,0,0,0,0,0,0,93651,0,0,108,1,0,0,0,0,0,0,6218,0,0,0,0,0,0
288,3003,289.1828914934247,99978,172,95,14,6,4448,2323,0.06772489947788514,98,36,46603,48240,3112,1622,0,0,0,0,0,0,93605,0,0,109,1,0,0,0,0,0,0,6263,0,0,0,0,0,0
289,3003,290.26963315027433,99978,173,93,14,6,4476,2338,0.06815499409870171,96,37,46591,48235,3125,1628,0,0,0,0,0,0,93561,0,0,109,1,0,0,0,0,0,0,6307,0,0,0,0,0,0
290,3003,291.3566601192207,99978,173,93,14,6,4505,2349,0.06855508211806598,100,39,46566,48226,3146,1635,0,0,0,0,0,0,93523,0,0,111,1,0,0,0,0,0,0,6343,0,0,0,0,0,0
291,3003,292.0816617365137,99978,175,89,14,6,4520,2356,0.06877513052871632,105,45,46555,48216,3150,1643,0,0,0,0,0,0,93501,0,0,113,1,0,0,0,0,0,0,6363,0,0,0,0,0,0
292,3003,293.16945498411565,99978,163,89,14,6,4549,2368,0.06918522074856469,107,49,46535,48208,3180,1647,0,0,0,0,0,0,93450,0,0,115,1,0,0,0,0,0,0,6412,0,0,0,0,0,0
293,3003,294.25771587207726,99978,158,90,14,6,4571,2386,0.06958530876792894,113,45,46519,48201,3195,1657,0,0,0,0,0,0,93406,0,0,115,1,0,0,0,0,0,0,6456,0,0,0,0,0,0
294,3003,295.3464070316045,99978,167,90,14,6,4604,2401,0.07006541439116605,116,42,46500,48196,3202,1665,0,0,0,0,0,0,93369,0,0,117,1,0,0,0,0,0,0,6491,0,0,0,0,0,0
295,3003,296.0724103631799,99978,170,85,14,6,4620,2408,0.07029546500230051,111,41,46499,48196,3205,1671,0,0,0,0,0,0,93344,0,0,117,1,0,0,0,0,0,0,6516,0,0,0,0,0,0
296,3003,297.16149130928164,99978,183,80,14,6,4653,2417,0.07071555742263298,101,39,46487,48192,3214,1682,0,0,0,0,0,0,93311,0,0,118,1,0,0,0,0,0,0,6548,0,0,0,0,0,0
297,3003,298.25091307628566,99978,184,75,14,6,4683,2428,0.07112564764248135,97,45,46467,48180,3237,1693,0,0,0,0,0,0,93269,0,0,121,1,0,0,0,0,0,0,6587,0,0,0,0,0,0
298,3003,299.340791485112,99978,194,79,14,6,4717,2440,0.07158574886475025,95,44,46446,48178,3250,1692,0,0,0,0,0,0,93238,0,0,122,1,0,0,0,0,0,0,6617,0,0,0,0,0,0
299,3003,300.0675611345435,99978,196,79,14,6,4739,2449,0.07189581707975755,97,49,46428,48168,3264,1697,0,0,0,0,0,0,93212,0,0,125,1,0,0,0,0,0,0,6640,0,0,0,0,0,0
300,3003,301.1580943924395,99976,191,75,16,6,4770,2460,0.07231735616547971,110,58,46398,48158,3284,1702,0,0,0,0,0,0,93164,0,0,128,1,0,0,0,0,0,0,6683,0,0,0,0,0,0
301,3003,302.2492071315794,99976,178,82,16,6,4798,2481,0.07280747379371048,112,53,46387,48149,3306,1709,0,0,0,0,0,0,93111,0,0,130,1,0,0,0,0,0,0,6734,0,0,0,0,0,0
302,3003,303.3407435975688,99976,181,84,16,6,4826,2495,0.0732275746179083,111,54,46372,48142,3319,1713,0,0,0,0,0,0,93076,0,0,132,1,0,0,0,0,0,0,6767,0,0,0,0,0,0
303,3003,304.06859802383457,99976,182,82,16,6,4845,2506,0.07352764663519244,105,49,46364,48139,3332,1723,0,0,0,0,0,0,93046,0,0,133,1,0,0,0,0,0,0,6796,0,0,0,0,0,0
304,3003,305.16070889930745,99975,186,93,16,7,4878,2525,0.07404851212803201,96,41,46352,48133,3349,1725,0,0,0,0,0,0,93010,0,0,134,1,0,0,0,0,0,0,6830,0,0,0,0,0,0
305,3003,306.2531292192807,99975,187,87,16,7,4911,2538,0.0745086271567892,90,40,46342,48124,3364,1741,0,0,0,0,0,0,92961,0,0,136,1,0,0,0,0,0,0,6877,0,0,0,0,0,0
306,3003,307.3458449244545,99975,185,91,16,7,4936,2551,0.07488872218054514,94,43,46327,48121,3377,1737,0,0,0,0,0,0,92927,0,0,138,1,0,0,0,0,0,0,6909,0,0,0,0,0,0
307,3003,308.0745118446981,99975,187,89,16,7,4955,2562,0.07518879719929983,92,43,46317,48114,3387,1746,0,0,0,0,0,0,92898,0,0,139,1,0,0,0,0,0,0,6937,0,0,0,0,0,0
308,3003,309.16779408757924,99975,179,87,16,7,4977,2582,0.07560890222555638,99,39,46296,48102,3409,1764,0,0,0,0,0,0,92847,0,0,140,1,0,0,0,0,0,0,6987,0,0,0,0,0,0
309,3003,310.26157896031634,99975,174,86,16,7,4995,2593,0.07589897474368593,102,35,46295,48108,3412,1763,0,0,0,0,0,0,92815,0,0,143,1,0,0,0,0,0,0,7016,0,0,0,0,0,0
310,3003,311.3555338190756,99975,184,87,16,7,5027,2605,0.07633908477119279,92,34,46284,48103,3423,1768,0,0,0,0,0,0,92783,0,0,144,1,0,0,0,0,0,0,7047,0,0,0,0,0,0
311,3003,312.0849378185905,99975,189,87,16,7,5047,2613,0.07661915478869717,92,35,46274,48096,3428,1774,0,0,0,0,0,0,92761,0,0,145,1,0,0,0,0,0,0,7068,0,0,0,0,0,0
312,3003,313.17930511924374,99974,176,82,16,8,5073,2623,0.076980014803849,96,36,46253,48088,3458,1785,0,0,0,0,0,0,92711,0,0,149,1,0,0,0,0,0,0,7113,0,0,0,0,0,0
313,3003,314.27419821729217,99974,176,83,16,8,5103,2634,0.07739012143157221,90,38,46238,48077,3479,1793,0,0,0,0,0,0,92673,0,0,151,1,0,0,0,0,0,0,7149,0,0,0,0,0,0
314,3003,315.00440162738784,99974,169,78,16,8,5116,2640,0.07758017084441955,98,43,46225,48068,3491,1802,0,0,0,0,0,0,92644,0,0,153,1,0,0,0,0,0,0,7176,0,0,0,0,0,0
315,3003,316.1000388422864,99974,173,74,16,8,5145,2649,0.07796026967011423,94,47,46214,48059,3502,1811,0,0,0,0,0,0,92609,0,0,156,1,0,0,0,0,0,0,7208,0,0,0,0,0,0
316,3003,317.19597288040313,99974,167,72,16,8,5176,2664,0.07842038930121832,93,41,46194,48056,3529,1822,0,0,0,0,0,0,92557,0,0,158,1,0,0,0,0,0,0,7258,0,0,0,0,0,0
317,3003,318.2924413044975,99974,175,82,16,8,5208,2683,0.07893052193570328,91,33,46174,48055,3543,1821,0,0,0,0,0,0,92526,0,0,160,1,0,0,0,0,0,0,7287,0,0,0,0,0,0
318,3003,319.0236496105167,99974,184,90,16,8,5226,2694,0.07922059735531238,92,27,46164,48057,3543,1817,0,0,0,0,0,0,92514,0,0,160,1,0,0,0,0,0,0,7299,0,0,0,0,0,0
319,3003,320.12069776972817,99973,176,82,16,9,5244,2703,0.07949146269492763,105,30,46147,48051,3554,1826,1,1,1,1,0,0,92472,0,0,163,1,0,0,0,0,0,2,7335,0,0,0,0,0,0
320,3003,321.20740185764186,99973,180,81,16,9,5278,2711,0.0799115761255539,92,39,46136,48039,3573,1829,2,2,2,2,0,0,92434,0,0,166,1,0,0,0,0,0,4,7368,0,0,0,0,0,0
321,3003,322.21903022960544,99973,186,74,16,9,5298,2717,0.08017164634451301,88,43,46130,48029,3576,1841,3,3,3,3,0,0,92406,0,0,166,1,0,0,0,0,0,5,7394,1,0,0,0,0,0
322,3003,323.00431765811476,99973,181,80,16,9,5331,2734,0.08067178138097286,85,39,46113,48021,3600,1846,4,4,4,4,0,0,92359,0,0,170,1,0,0,0,0,0,7,7435,1,0,0,0,0,0
323,3003,324.2799331917214,99973,172,77,16,9,5352,2744,0.08098186510357797,91,47,46102,48010,3613,1851,5,5,5,5,0,0,92316,0,0,172,1,0,0,0,0,0,9,7474,1,0,0,0,0,0
324,3003,325.18797687430117,99973,167,74,16,9,5370,2752,0.08124193532253708,97,52,46093,48003,3620,1855,6,6,6,6,0,0,92281,0,0,173,1,0,0,0,0,0,11,7506,1,0,0,0,0,0
325,3003,326.3253429401334,99973,159,75,16,9,5392,2769,0.08163204065097576,107,51,46070,47993,3640,1863,7,8,8,7,0,0,92233,0,0,174,1,0,0,0,0,0,14,7550,1,0,0,0,0,0
326,3003,327.1408223334247,99973,154,75,16,9,5407,2778,0.0818721054684765,110,55,46062,47982,3649,1868,8,10,10,8,0,0,92201,0,0,174,1,0,0,0,0,0,17,7579,1,0,0,0,0,0
327,3003,328.0549844943296,99973,159,79,16,9,5430,2790,0.08222219999399838,107,52,46050,47981,3658,1866,9,12,12,9,0,0,92172,0,0,174,1,0,0,0,0,0,20,7605,1,0,0,0,0,0
328,3003,329.0311957917837,99973,170,83,16,9,5465,2806,0.08273233773118742,101,46,46036,47974,3666,1872,10,15,15,10,0,0,92136,0,0,177,1,0,0,0,0,0,23,7634,2,0,0,0,0,0
329,3003,330.12006436303767,99973,169,79,16,9,5494,2822,0.08318245926400128,95,48,46018,47956,3690,1889,11,18,18,11,0,0,92085,0,0,180,1,0,0,0,0,0,27,7678,2,0,0,0,0,0
330,3003,331.0407959457522,99973,182,80,16,9,5518,2831,0.08351254838806478,85,45,46013,47950,3692,1893,11,22,22,12,0,0,92062,0,0,181,1,0,0,0,0,0,32,7695,2,0,0,0,0,0
331,3003,332.0806787276589,99971,176,84,18,9,5537,2845,0.08384431485130688,87,44,46003,47939,3703,1896,12,27,27,13,0,0,92021,0,0,181,1,0,0,0,0,0,38,7728,2,0,0,0,0,0
332,3003,333.0495355995225,99971,163,85,18,9,5556,2854,0.0841243960748617,94,44,45985,47928,3726,1901,13,32,32,14,0,0,91977,0,0,183,1,0,0,0,0,0,44,7764,2,0,0,0,0,0
333,3003,334.105522907534,99971,163,85,18,9,5578,2866,0.08446449470346401,100,41,45978,47920,3726,1906,14,38,38,15,0,0,91938,0,0,185,1,0,0,0,0,0,51,7794,2,0,0,0,0,0
334,3003,335.046848968474,99971,165,81,18,9,5599,2873,0.08474457592701884,96,45,45970,47909,3735,1911,15,44,45,16,0,0,91902,0,0,187,1,0,0,0,0,0,59,7820,2,0,0,0,0,0
335,3003,336.0227651532004,99971,168,80,18,9,5619,2884,0.0850546658530974,103,41,45955,47895,3739,1922,16,52,53,17,0,0,91867,0,0,189,1,0,0,0,0,0,67,7844,3,0,0,0,0,0
336,3003,337.013051135689,99971,167,82,18,9,5645,2893,0.08540476738254094,107,46,45933,47880,3757,1921,17,61,62,18,0,0,91828,0,0,192,1,0,0,0,0,0,75,7870,5,0,0,0,0,0
337,3003,338.01194890513926,99971,169,81,18,9,5669,2900,0.0857148573086195,105,47,45925,47870,3764,1921,18,71,72,19,0,0,91789,0,0,194,1,0,0,0,0,0,86,7896,5,0,0,0,0,0
338,3003,339.0931488954204,99971,159,78,18,9,5700,2913,0.08615498494563423,97,48,45916,47854,3790,1928,19,82,83,20,0,0,91725,0,0,198,1,0,0,0,0,0,97,7944,6,0,0,0,0,0
339,3003,340.03417307678905,99971,161,78,18,9,5716,2920,0.08638505166498285,94,48,45913,47843,3793,1927,20,94,95,21,0,0,91692,0,0,198,1,0,0,0,0,0,109,7964,7,0,0,0,0,0
340,3003,341.11401612920605,99971,159,79,18,9,5738,2928,0.08668513869022017,91,57,45903,47820,3807,1927,21,107,108,22,0,0,91649,0,0,200,1,0,0,0,0,0,123,7991,7,0,0,0,0,0
341,3003,342.2268908728795,99971,154,81,18,9,5760,2942,0.08704524312050495,94,58,45892,47797,3819,1933,22,121,122,24,0,0,91594,0,0,200,1,0,0,0,0,0,139,8030,7,0,0,0,0,0
342,3003,343.35334316513865,99971,162,85,18,9,5802,2963,0.08767542587350331,86,54,45881,47774,3829,1941,23,136,137,26,0,0,91527,0,0,201,1,0,0,0,0,0,156,8079,7,0,0,0,0,0
343,3003,344.08929948654736,99971,160,84,18,9,5822,2968,0.08792549839453441,77,60,45880,47756,3839,1937,25,153,154,28,0,0,91481,0,0,201,1,0,0,0,0,0,174,8106,8,0,0,0,0,0
344,3003,345.1934929826518,99971,158,83,18,9,5849,2979,0.08830560862650169,82,63,45858,47735,3857,1940,26,169,172,30,0,0,91422,0,0,202,1,0,0,0,0,0,193,8144,9,0,0,0,0,0
345,3003,346.2981261041949,99971,155,91,18,9,5871,2998,0.08871572756099269,88,54,45841,47714,3869,1943,28,188,192,32,0,0,91367,0,0,204,1,0,0,0,0,0,214,8175,10,0,0,0,0,0
346,3003,347.0347573099488,99971,159,89,18,9,5887,3009,0.08898580588370628,89,58,45834,47684,3869,1952,30,207,213,34,0,0,91321,0,0,206,1,0,0,0,0,0,237,8196,10,0,0,0,0,0
347,3003,348.13980918272256,99971,160,93,18,9,5912,3027,0.08941593061987976,90,53,45818,47657,3880,1958,33,229,236,37,0,0,91262,0,0,209,1,0,0,0,0,0,261,8226,12,0,0,0,0,0
348,3003,349.2452184910513,99971,155,86,18,9,5931,3038,0.08971601764511708,100,62,45802,47623,3889,1967,35,252,260,40,0,0,91195,0,0,210,1,0,0,0,0,0,287,8265,13,0,0,0,0,0
349,3003,350.3510345428143,99971,144,82,18,9,5955,3048,0.09005611627371937,100,64,45790,47601,3909,1966,38,277,286,43,0,0,91121,0,0,211,1,0,0,0,0,0,313,8309,16,0,0,0,0,0
350,3003,351.08846185628227,99971,148,99,18,9,5976,3067,0.09045623230736914,97,53,45781,47572,3914,1962,41,304,314,46,0,0,91073,0,0,212,1,0,0,0,0,0,343,8325,17,0,0,0,0,0
351,3003,352.1948716846961,99971,142,89,18,9,6000,3077,0.09079633093597143,97,57,45766,47544,3931,1974,45,326,343,50,0,0,90994,0,0,214,1,0,0,0,0,0,374,8369,19,0,0,0,0,0
352,3003,353.30172099501686,99970,155,90,19,9,6033,3095,0.0913073922176653,89,45,45747,47518,3940,1981,49,356,374,54,0,0,90926,0,0,217,1,0,0,0,0,0,408,8398,20,0,0,0,0,0
353,3003,354.0398871152063,99970,163,81,19,9,6051,3101,0.09154746423927178,86,45,45742,47485,3936,1991,53,388,407,58,0,0,90869,0,0,219,1,0,0,0,0,0,442,8416,23,0,0,0,0,0
354,3003,355.14733565589347,99970,164,78,19,9,6079,3110,0.09191757527258178,83,47,45723,47446,3952,1996,58,423,442,63,0,0,90798,0,0,222,2,0,0,0,0,0,478,8444,26,0,0,0,0,0
355,3003,356.2551729186521,99969,159,77,19,10,6103,3125,0.09230861567085796,85,42,45715,47409,3958,2003,63,458,479,68,0,0,90721,0,0,228,2,0,0,0,0,0,516,8472,30,0,0,0,0,0
356,3003,357.36325867835563,99969,160,77,19,10,6131,3140,0.09273874901219378,80,38,45698,47370,3975,2010,67,494,518,73,0,0,90638,0,0,228,2,0,0,0,0,0,557,8511,33,0,0,0,0,0
357,3003,358.10224911999006,99969,152,74,19,10,6144,3146,0.09292880793045845,79,43,45694,47331,3982,2009,73,532,559,79,0,0,90564,0,0,229,2,0,0,0,0,0,602,8537,35,0,0,0,0,0
358,3003,359.21103371084416,99969,143,71,19,10,6163,3161,0.09326891336314258,78,44,45685,47281,3995,2020,79,573,602,85,0,0,90472,0,0,230,2,0,0,0,0,0,649,8579,37,0,0,0,0,0
359,3003,360.32013674696185,99969,139,72,19,10,6176,3172,0.09350898778621372,85,47,45679,47235,3992,2019,85,616,647,91,0,0,90399,0,0,233,2,0,0,0,0,0,698,8598,39,0,0,0,0,0
360,3003,361.05965133346785,99969,131,76,19,10,6184,3179,0.0936590343006332,94,50,45663,47187,4000,2016,92,660,695,98,0,0,90329,0,0,234,2,0,0,0,0,0,750,8612,42,0,0,0,0,0
361,3003,362.16920667204755,99969,144,71,19,10,6213,3190,0.09405915833908511,86,57,45648,47132,4003,2021,99,708,745,105,0,0,90246,0,0,236,2,0,0,0,0,0,803,8636,46,0,0,0,0,0
362,3003,363.27910208843025,99969,150,80,19,10,6240,3208,0.09450929788234352,87,52,45631,47078,4005,2023,107,756,797,113,0,0,90160,0,0,237,2,0,0,0,0,0,860,8661,49,0,0,0,0,0
363,3003,364.01917737494534,99969,154,82,19,10,6262,3216,0.09480939091118247,84,58,45610,47017,4017,2022,115,810,852,121,0,0,90076,0,0,239,2,0,0,0,0,0,922,8680,50,0,0,0,0,0
364,3003,365.129804674126,99969,151,85,19,10,6288,3234,0.09524952735347958,87,47,45587,46968,4031,2024,124,865,909,130,0,0,89974,0,0,239,3,0,0,0,0,0,981,8716,56,0,0,0,0,0
365,3003,366.2410026342905,99969,151,87,19,10,6313,3250,0.09565965449289279,92,47,45571,46907,4034,2028,132,920,968,139,0,0,89876,0,0,244,3,0,0,0,0,0,1045,8741,60,0,0,0,0,0
366,3003,367.3525414585573,99969,156,92,19,10,6330,3265,0.09597975372365433,101,45,45551,46850,4030,2025,142,977,1030,149,0,0,89791,0,0,243,4,0,0,0,0,0,1108,8755,68,0,0,0,0,0
367,3003,368.09376906967765,99969,158,94,19,10,6346,3278,0.09626984365153197,99,42,45539,46787,4031,2026,153,1040,1094,160,0,0,89701,0,0,244,4,0,0,0,0,0,1174,8769,77,0,0,0,0,0
368,3003,369.20589362129977,99969,170,96,19,10,6380,3293,0.09675999559863557,91,39,45523,46723,4032,2030,164,1101,1161,171,0,0,89598,0,0,247,4,0,0,0,0,0,1245,8791,84,0,0,0,0,0
369,3003,370.318409162431,99969,179,91,19,10,6412,3303,0.09718012583901009,92,50,45499,46649,4035,2036,175,1163,1231,183,0,0,89485,0,0,250,5,0,0,0,0,0,1324,8819,86,0,0,0,0,0
370,3003,371.0602893789968,99969,183,91,19,10,6433,3309,0.09745020956496514,93,56,45475,46574,4042,2036,187,1232,1303,195,0,0,89389,0,0,251,6,0,0,0,0,0,1399,8830,94,0,0,0,0,0
371,3003,372.1737653389725,99969,176,91,19,10,6451,3322,0.09776030569476538,102,62,45449,46493,4053,2040,200,1303,1378,208,0,0,89273,0,0,254,6,0,0,0,0,0,1480,8855,101,0,0,0,0,0
372,3003,373.2877992959907,99969,178,92,19,10,6478,3338,0.0981904390361012,103,62,45436,46412,4049,2046,214,1377,1456,222,0,0,89149,0,0,255,7,0,0,0,0,0,1566,8886,106,0,0,0,0,0
373,3003,374.03067319744173,99969,176,93,19,10,6496,3349,0.09848052896397884,98,59,45419,46335,4059,2049,228,1453,1536,236,0,0,89037,0,0,255,8,0,0,0,0,0,1649,8904,116,0,0,0,0,0
374,3003,375.145599385267,99969,177,95,19,10,6528,3364,0.09895067470915984,99,61,45384,46257,4078,2043,242,1533,1619,251,0,0,88908,0,0,256,8,0,0,0,0,0,1735,8934,128,0,0,0,0,0
375,3003,376.2612041426789,99969,182,103,19,10,6554,3382,0.09939081115145695,99,63,45368,46170,4077,2040,254,1613,1705,267,0,0,88786,0,0,257,8,0,0,0,0,0,1827,8953,138,0,0,0,0,0
376,3003,377.0051088700297,99969,178,106,19,10,6570,3394,0.0996708979783733,99,61,45346,46087,4086,2037,271,1698,1794,284,0,0,88662,0,0,259,8,0,0,0,0,0,1924,8969,147,0,0,0,0,0
377,3003,378.1216120128873,99969,168,109,19,10,6591,3411,0.10005101581490262,109,57,45316,46002,4101,2042,286,1779,1885,302,0,0,88518,0,0,261,8,0,0,0,0,0,2025,9002,155,0,0,0,0,0
378,3003,379.2388646237762,99969,154,107,19,10,6619,3427,0.10049115225719973,99,58,45305,45905,4118,2054,304,1865,1979,320,0,0,88355,0,0,262,9,0,0,0,0,0,2130,9052,161,0,0,0,0,0
379,3003,380.35669168736587,99968,155,102,20,10,6644,3443,0.10090228873239436,105,52,45267,45811,4130,2068,322,1956,2076,339,0,0,88205,0,0,264,9,0,0,0,0,0,2237,9083,170,0,0,0,0,0
380,3003,381.102387789128,99968,157,104,20,10,6661,3453,0.10117237516005122,97,53,45255,45718,4130,2063,340,2051,2176,359,0,0,88072,0,0,265,9,0,0,0,0,0,2348,9095,179,0,0,0,0,0
381,3003,382.2214915330205,99968,153,100,20,10,6681,3466,0.10150248079385403,94,58,45233,45617,4140,2068,359,2146,2279,380,0,0,87917,0,0,267,9,0,0,0,0,0,2464,9124,187,0,0,0,0,0
382,3003,383.3411747739259,99968,147,101,20,10,6703,3483,0.10189260563380281,96,52,45205,45518,4151,2073,380,2245,2385,402,0,0,87756,0,0,268,9,0,0,0,0,0,2582,9156,197,0,0,0,0,0
383,3003,384.0880087302955,99968,147,93,20,10,6720,3488,0.10211267605633803,95,63,45176,45406,4159,2078,402,2349,2494,425,0,0,87610,0,0,269,9,0,0,0,0,0,2699,9169,212,0,0,0,0,0
384,3003,385.2091462254686,99968,157,98,20,10,6751,3508,0.10262283930857874,87,56,45146,45306,4163,2078,426,2451,2606,449,0,0,87455,0,0,270,9,0,0,0,0,0,2819,9187,228,0,0,0,0,0
385,3003,386.33102369043775,99968,158,98,20,10,6770,3528,0.10301296414852752,90,50,45113,45195,4167,2086,451,2560,2721,474,0,0,87292,0,0,271,9,0,0,0,0,0,2945,9209,242,0,0,0,0,0
386,3003,387.0793690860748,99968,168,94,20,10,6793,3535,0.10331306017925736,83,56,45081,45083,4173,2083,474,2673,2839,500,0,0,87135,0,0,273,9,0,0,0,0,0,3080,9220,251,0,0,0,0,0
387,3003,388.20273461449733,99968,174,99,20,10,6820,3556,0.1037932138284251,80,50,45051,44979,4176,2079,498,2782,2960,527,0,0,86963,0,0,274,10,0,0,0,0,0,3217,9243,261,0,0,0,0,0
388,3003,389.3268426486664,99968,165,102,20,10,6841,3575,0.1041933418693982,80,42,45027,44868,4183,2081,524,2896,3084,555,0,0,86783,0,0,275,10,0,0,0,0,0,3352,9270,278,0,0,0,0,0
389,3003,390.07668803394614,99968,165,100,20,10,6858,3583,0.1044434218950064,84,43,44997,44747,4180,2082,553,3017,3211,584,0,0,86613,0,0,275,10,0,0,0,0,0,3495,9284,291,0,0,0,0,0
390,3003,391.20223751194266,99968,160,103,20,10,6886,3600,0.10489356594110115,84,39,44964,44628,4191,2087,580,3132,3341,614,0,0,86420,0,0,278,10,0,0,0,0,0,3644,9314,302,0,0,0,0,0
391,3003,392.32873522531554,99968,158,103,20,10,6913,3619,0.10535371318822023,85,34,44930,44501,4197,2095,609,3256,3474,645,0,0,86224,0,0,280,11,0,0,0,0,0,3795,9344,314,0,0,0,0,0
392,3003,393.08017895392817,99968,146,93,20,10,6923,3623,0.10549375800256082,97,40,44891,44379,4204,2097,641,3380,3610,678,0,0,86034,0,0,282,11,0,0,0,0,0,3951,9363,327,0,0,0,0,0
393,3003,394.20850590436515,99968,139,85,20,10,6941,3633,0.105773847631242,109,38,44851,44259,4206,2098,674,3509,3749,712,0,0,85842,0,0,285,12,0,0,0,0,0,4104,9379,346,0,0,0,0,0
394,3003,395.3378563937513,99967,146,79,20,11,6967,3647,0.10617503776246161,103,35,44822,44139,4202,2101,706,3634,3891,747,0,0,85644,0,0,287,12,0,0,0,0,0,4265,9397,362,0,0,0,0,0
395,3003,396.0911545985672,99967,150,77,20,11,6986,3653,0.1064251202896956,103,36,44784,44008,4203,2097,739,3770,4036,783,0,0,85456,0,0,287,13,0,0,0,0,0,4431,9404,376,0,0,0,0,0
396,3003,397.222217161266,99967,147,85,20,11,7009,3668,0.10680524573109126,96,40,44754,43861,4206,2091,776,3911,4184,821,0,0,85256,0,0,291,13,0,0,0,0,0,4602,9414,391,0,0,0,0,0
397,3003,398.3541026429759,99967,155,81,20,11,7048,3681,0.10732541738773796,83,35,44716,43736,4211,2092,814,4044,4335,860,0,0,85035,0,0,292,13,0,0,0,0,0,4776,9444,407,0,0,0,0,0
398,3003,399.10928792362205,99967,159,82,20,11,7070,3689,0.10762551642041873,73,36,44689,43600,4207,2086,851,4184,4489,900,0,0,84831,0,0,292,15,0,0,0,0,0,4957,9454,418,0,0,0,0,0
399,3003,400.2430234920665,99967,165,79,20,11,7096,3698,0.10797563195854631,71,36,44645,43475,4206,2084,892,4314,4645,942,0,0,84620,0,0,294,16,0,0,0,0,0,5139,9465,433,0,0,0,0,0
400,3003,401.37767748180954,99967,168,73,20,11,7122,3705,0.10830574089449518,62,39,44609,43344,4207,2082,933,4450,4804,985,0,0,84398,0,0,294,16,0,0,0,0,0,5325,9485,449,0,0,0,0,0
401,3003,402.1346977000402,99967,153,77,20,11,7133,3713,0.10849580361519301,61,43,44572,43192,4218,2074,975,4602,4966,1030,0,0,84182,0,0,295,17,0,0,0,0,0,5513,9493,467,0,0,0,0,0
402,3003,403.2714950719376,99967,149,75,20,11,7153,3723,0.1087959026478738,66,43,44518,43053,4227,2072,1019,4745,5131,1076,0,0,83953,0,0,295,18,0,0,0,0,0,5708,9510,483,0,0,0,0,0
403,3003,404.03007129407393,99967,153,77,20,11,7168,3731,0.10902597857292906,64,38,44478,42914,4220,2060,1064,4899,5299,1123,0,0,83753,0,0,296,18,0,0,0,0,0,5892,9494,514,0,0,0,0,0
404,3003,405.16931606606266,99967,140,73,20,11,7186,3740,0.10929606770234178,69,42,44430,42769,4233,2056,1107,5048,5470,1172,0,0,83517,0,0,298,18,0,0,0,0,0,6086,9508,540,0,0,0,0,0
405,3003,406.3098679442074,99967,142,72,20,11,7214,3752,0.10969619974591616,68,45,44373,42625,4243,2046,1153,5200,5643,1222,0,0,83284,0,0,301,18,0,0,0,0,0,6283,9515,566,0,0,0,0,0
406,3003,407.07106035179197,99967,149,72,20,11,7233,3758,0.10994628227315013,60,42,44332,42470,4235,2039,1203,5365,5819,1274,0,0,83059,0,0,301,19,0,0,0,0,0,6491,9512,585,0,0,0,0,0
407,3003,408.2141595406614,99967,143,69,20,11,7252,3766,0.11021637140256285,57,45,44282,42324,4243,2032,1254,5518,5998,1328,0,0,82810,0,0,301,21,0,0,0,0,0,6706,9528,601,0,0,0,0,0
408,3003,409.3585612848467,99966,137,76,21,11,7271,3781,0.11055758958045736,53,45,44250,42161,4236,2026,1302,5680,6180,1383,0,0,82565,0,0,300,22,0,0,0,0,0,6918,9536,625,0,0,0,0,0
409,3003,410.12200559819155,99966,130,79,21,11,7275,3792,0.11070764059780325,66,40,44199,42004,4228,2018,1355,5847,6364,1440,0,0,82329,0,0,303,22,0,0,0,0,0,7138,9528,646,0,0,0,0,0
410,3003,411.2686377052201,99966,113,73,21,11,7292,3801,0.11096772902786947,65,45,44143,41844,4246,2012,1411,6014,6551,1498,0,0,82055,0,0,307,22,0,0,0,0,0,7367,9553,662,0,0,0,0,0
411,3003,412.03397222058527,99966,109,74,21,11,7305,3810,0.11118780385331012,65,44,44093,41677,4247,2003,1464,6190,6740,1558,0,0,81806,0,0,307,23,0,0,0,0,0,7592,9553,685,0,0,0,0,0
412,3003,413.1836479481314,99966,113,78,21,11,7323,3825,0.1115179160914711,62,39,44038,41519,4241,1995,1524,6357,6932,1620,0,0,81558,0,0,309,23,0,0,0,0,0,7817,9545,714,0,0,0,0,0
413,3003,414.3347582723197,99966,109,80,21,11,7337,3834,0.11174799431806814,70,41,43974,41354,4241,1992,1584,6521,7126,1683,0,0,81294,0,0,312,23,0,0,0,0,0,8059,9549,729,0,0,0,0,0
414,3003,415.1030482448557,99966,110,78,21,11,7350,3842,0.1119580657423524,72,43,43906,41193,4243,1984,1647,6690,7323,1748,0,0,81039,0,0,313,23,0,0,0,0,0,8293,9541,757,0,0,0,0,0
415,3003,416.25744842296655,99966,113,74,21,11,7366,3857,0.1122681711782006,72,37,43847,41022,4235,1992,1711,6863,7522,1815,0,0,80767,0,0,315,23,0,0,0,0,0,8535,9545,781,0,0,0,0,0
416,3003,417.027966369167,99966,109,73,21,11,7375,3865,0.11243822899785927,79,30,43789,40852,4231,1986,1770,7047,7724,1884,0,0,80497,0,0,317,23,0,0,0,0,0,8785,9542,802,0,0,0,0,0
417,3003,418.185513664252,99966,108,73,21,11,7396,3874,0.11273833103255107,88,36,43719,40686,4229,1976,1834,7217,7928,1954,0,0,80224,0,0,319,25,0,0,0,0,0,9032,9538,828,0,0,0,0,0
418,3003,419.3447082587218,99966,123,71,21,11,7424,3883,0.11310845687533762,80,38,43664,40509,4218,1970,1893,7400,8134,2026,0,0,79939,0,0,321,26,0,0,0,0,0,9296,9543,841,0,0,0,0,0
419,3003,420.1182752569705,99965,120,73,21,12,7440,3894,0.11337968288901115,111,62,43562,40309,4221,1958,1964,7585,8342,2100,0,0,79665,15,1,320,27,0,0,0,0,0,9542,9520,875,0,0,0,0,0
420,3003,421.42671591094114,99964,126,81,22,12,7473,3916,0.11393101516545956,111,56,43487,40143,4224,1950,2029,7757,8553,2176,0,0,79368,48,4,324,27,0,0,0,0,0,9802,9492,899,0,0,0,0,0
421,3003,422.3002443653725,99964,138,78,22,12,7499,3929,0.11432115561602177,108,53,43414,39969,4216,1948,2101,7939,8766,2253,0,0,79076,73,6,327,27,0,0,0,0,0,10067,9466,922,0,0,0,0,0
422,3003,423.1751141896035,99964,146,81,22,12,7522,3941,0.1146712816613981,104,58,43344,39772,4212,1943,2171,8133,8981,2332,0,0,78782,93,9,328,27,0,0,0,0,0,10338,9445,942,0,0,0,0,0
423,3003,424.0513797411571,99964,152,87,22,12,7544,3955,0.1150314113080709,105,60,43268,39583,4207,1933,2245,8324,9198,2413,0,0,78492,116,10,328,27,0,0,0,0,0,10604,9414,973,0,0,0,0,0
424,3003,425.3683061506607,99964,161,88,22,12,7580,3970,0.11554159497419071,108,54,43193,39408,4200,1924,2315,8513,9417,2496,0,0,78184,151,15,326,30,0,0,0,0,0,10872,9387,999,0,0,0,0,0
425,3003,426.24743425259584,99964,167,89,22,12,7604,3981,0.11589172101956705,116,62,43111,39206,4194,1922,2389,8708,9638,2581,0,0,77880,177,16,327,30,0,0,0,0,0,11149,9358,1027,0,0,0,0,0
426,3003,427.1280391311168,99964,171,91,22,12,7629,3994,0.11627185786883278,118,70,43030,38999,4186,1919,2472,8908,9860,2668,0,0,77580,201,18,333,30,0,0,0,0,0,11423,9319,1060,0,0,0,0,0
427,3003,428.01017323741746,99964,184,97,22,12,7668,4013,0.11685206674402784,116,67,42937,38800,4185,1920,2555,9103,10084,2757,0,0,77271,232,21,337,31,0,0,0,0,0,11698,9280,1094,0,0,0,0,0
428,3003,429.3364857628247,99964,194,108,22,12,7703,4037,0.11744227922051939,125,69,42840,38610,4182,1917,2636,9283,10310,2848,0,0,76953,258,28,339,33,0,0,0,0,0,11982,9253,1118,0,0,0,0,0
429,3003,430.2221461957819,99963,192,115,22,13,7728,4057,0.11789362063963667,137,66,42741,38408,4186,1917,2721,9480,10537,2941,0,0,76623,290,31,343,33,0,0,0,0,0,12276,9226,1141,0,0,0,0,0
430,3003,431.109770455943,99963,188,116,22,13,7754,4075,0.11833378349989496,143,62,42653,38218,4192,1915,2801,9675,10766,3035,0,0,76295,327,35,347,35,0,0,0,0,0,12563,9190,1171,0,0,0,0,0
431,3003,432.44431162347263,99963,209,113,22,13,7804,4095,0.11903404259576043,140,58,42559,38037,4189,1923,2880,9855,10997,3131,0,0,75957,369,42,349,36,0,0,0,0,0,12852,9157,1201,0,0,0,0,0
432,3003,433.3356357369433,99963,214,108,22,13,7835,4106,0.11945419805327971,148,59,42453,37843,4190,1922,2972,10054,11229,3229,0,0,75625,404,48,349,37,0,0,0,0,0,13143,9124,1233,0,0,0,0,0
433,3003,434.2289435853277,99963,227,116,22,13,7872,4125,0.1200144053299721,146,65,42352,37649,4190,1909,3062,10247,11462,3329,0,0,75298,432,53,349,39,0,0,0,0,0,13437,9090,1265,0,0,0,0,0
434,3003,435.1242313178747,99962,232,118,22,14,7906,4142,0.1205257998039255,148,65,42251,37446,4199,1910,3147,10446,11697,3431,0,0,74963,463,57,355,41,0,0,0,0,0,13736,9050,1297,0,0,0,0,0
435,3003,436.02163386957716,99962,237,118,22,14,7944,4155,0.12103599367759749,150,70,42144,37255,4209,1896,3237,10646,11933,3535,0,0,74626,500,62,353,47,0,0,0,0,0,14031,9012,1331,0,0,0,0,0
436,3003,437.3714944925168,99960,246,126,22,16,7992,4183,0.12179871948779512,148,76,42042,37058,4215,1890,3326,10833,12170,3641,0,0,74271,546,69,355,49,0,0,0,0,0,14331,8974,1365,0,0,0,0,0
437,3003,438.27310947802783,99960,248,138,22,16,8026,4205,0.12235894357743098,151,70,41938,36871,4221,1879,3419,11025,12408,3749,0,0,73925,574,76,360,51,0,0,0,0,0,14642,8941,1391,0,0,0,0,0
438,3003,439.17678199689703,99960,251,144,22,16,8064,4226,0.12294917967186875,153,76,41828,36672,4226,1868,3519,11223,12648,3859,0,0,73573,614,80,362,55,0,0,0,0,0,14950,8901,1425,0,0,0,0,0
439,3003,440.0827715253549,99960,255,143,22,16,8103,4246,0.12353941576630652,153,78,41718,36463,4232,1877,3619,11422,12889,3971,0,0,73205,658,87,365,57,0,0,0,0,0,15267,8869,1452,0,0,0,0,0
440,3003,441.44582252957844,99960,253,135,22,16,8157,4271,0.1243297318927571,161,83,41597,36250,4258,1886,3708,11629,13131,4085,0,0,72822,723,99,376,58,0,0,0,0,0,15573,8820,1489,0,0,0,0,0
441,3003,442.35680288820186,99960,263,143,22,16,8191,4297,0.12492997198879552,162,88,41473,36039,4263,1884,3816,11829,13373,4201,0,0,72456,760,102,377,59,0,0,0,0,0,15899,8790,1517,0,0,0,0,0
442,3003,443.27021651241245,99960,263,150,22,16,8231,4319,0.1255502200880352,161,85,41366,35837,4271,1884,3916,12027,13616,4319,0,0,72087,801,108,379,64,0,0,0,0,0,16221,8754,1546,0,0,0,0,0
443,3003,444.1860629714395,99960,262,156,22,16,8271,4341,0.1261704681872749,172,82,41245,35625,4281,1885,4017,12235,13860,4439,0,0,71715,844,119,381,65,0,0,0,0,0,16539,8717,1580,0,0,0,0,0
444,3003,445.10445428147995,99960,263,155,22,16,8314,4360,0.12679071628651462,175,79,41112,35410,4294,1892,4133,12447,14105,4561,0,0,71327,894,126,385,65,0,0,0,0,0,16869,8684,1610,0,0,0,0,0
445,3003,446.0256603124902,99960,262,149,22,16,8350,4375,0.12730092036814725,180,89,40984,35216,4309,1893,4242,12636,14350,4685,0,0,70945,945,131,385,67,0,0,0,0,0,17195,8646,1646,0,0,0,0,0
446,3003,447.4125932511166,99960,284,144,22,16,8428,4405,0.1283813525410164,179,91,40851,35032,4323,1901,4340,12815,14596,4811,0,0,70545,1018,143,390,68,0,0,0,0,0,17510,8596,1690,0,0,0,0,0
447,3003,448.33959315137406,99960,278,150,22,16,8469,4431,0.1290516206482593,181,79,40724,34835,4343,1901,4451,13018,14843,4938,0,0,70169,1061,163,393,69,0,0,0,0,0,17823,8552,1730,0,0,0,0,0
448,3003,449.2695585382365,99960,285,147,22,16,8506,4451,0.1296218487394958,187,83,40604,34644,4341,1888,4560,13221,15090,5067,0,0,69807,1093,179,395,71,1,0,0,0,0,18137,8505,1772,0,0,0,0,0
449,3003,450.202218354386,99960,295,147,22,16,8544,4471,0.13020208083233292,187,90,40478,34418,4342,1895,4675,13433,15337,5198,0,0,69429,1131,187,396,72,1,0,0,0,0,18469,8466,1809,0,0,0,0,0
450,3003,451.1375528275706,99960,305,148,22,16,8591,4491,0.13087234893957583,186,91,40346,34207,4349,1898,4791,13639,15585,5331,0,0,69045,1169,200,401,72,1,0,0,0,0,18802,8426,1844,0,0,0,0,0
451,3003,452.0758129727045,99959,296,150,23,16,8624,4510,0.1313938714873098,198,95,40211,34015,4360,1899,4911,13824,15833,5466,0,0,68664,1207,213,405,74,1,0,0,0,0,19130,8382,1883,0,0,0,0,0
452,3003,453.01714527382455,99958,287,149,23,17,8668,4533,0.13206546749634845,204,98,40067,33807,4387,1896,5031,14032,16081,5603,0,0,68252,1268,224,407,76,1,0,0,0,0,19469,8345,1916,0,0,0,0,0
453,3003,454.43483195936653,99958,300,144,23,17,8745,4563,0.13313591708517578,196,90,39936,33635,4412,1904,5132,14209,16330,5742,0,0,67825,1343,240,414,77,1,0,0,0,0,19805,8302,1951,0,0,0,0,0
454,3003,455.3825488278459,99958,302,151,23,17,8785,4580,0.133706156585766,201,86,39795,33448,4421,1892,5257,14405,16579,5882,0,0,67441,1371,255,418,78,1,0,0,0,0,20146,8265,1983,0,0,0,0,0
455,3003,456.33356418526546,99956,296,157,25,17,8817,4604,0.1342690783944936,221,87,39652,33229,4417,1893,5388,14616,16828,6024,0,0,67051,1406,266,424,79,1,0,0,0,0,20487,8221,2021,0,0,0,0,0
456,3003,457.28786131044643,99956,300,158,25,17,8866,4622,0.13493937332426267,216,95,39522,33032,4427,1890,5509,14807,17077,6168,0,0,66656,1450,277,429,81,1,0,0,0,0,20827,8174,2061,0,0,0,0,0
457,3003,458.24546596464666,99956,311,160,25,17,8920,4640,0.13565969026371605,213,105,39371,32846,4442,1884,5637,14987,17326,6314,0,0,66265,1487,291,435,83,1,0,0,0,0,21167,8127,2100,0,0,0,0,0
458,3003,459.2063836898872,99956,316,170,25,17,8965,4666,0.13637000280123254,215,103,39229,32641,4450,1881,5764,15187,17575,6461,0,0,65874,1521,307,438,86,1,0,0,0,0,21508,8085,2136,0,0,0,0,0
459,3003,460.1707511142313,99956,329,166,25,17,9024,4688,0.13718035935811757,197,100,39100,32443,4459,1886,5889,15387,17823,6610,0,0,65469,1566,325,444,89,1,0,0,0,0,21850,8042,2170,0,0,0,0,0
460,3003,461.13842660061704,99956,344,168,25,17,9080,4714,0.13800072031693944,186,99,38962,32239,4464,1890,6018,15586,18071,6761,0,0,65067,1606,344,446,93,1,0,0,0,0,22193,8003,2203,0,0,0,0,0
461,3003,462.1094152840683,99956,337,164,25,17,9121,4738,0.13865100644283485,203,101,38813,32033,4477,1897,6144,15787,18319,6913,0,0,64658,1662,356,450,96,1,0,0,0,0,22534,7951,2248,0,0,0,0,0
462,3003,463.0839887351798,99955,342,170,26,17,9171,4770,0.13947276274323445,201,93,38665,31830,4484,1902,6281,15987,18567,7067,0,0,64247,1702,375,459,98,1,0,0,0,0,22885,7910,2278,0,0,0,0,0
463,3003,464.06216747433876,99955,359,177,26,17,9232,4800,0.1403831724275924,196,89,38515,31630,4493,1907,6410,16179,18814,7223,0,0,63840,1739,397,466,99,1,0,0,0,0,23233,7870,2310,0,0,0,0,0
464,3003,465.04400706556464,99955,361,172,26,17,9284,4821,0.14111350107548395,192,94,38357,31430,4513,1915,6550,16371,19061,7380,0,0,63417,1784,419,471,100,2,0,0,0,0,23588,7839,2335,0,0,0,0,0
465,3003,466.02967915342145,99955,339,173,26,17,9324,4841,0.14171377119703868,202,93,38222,31237,4532,1913,6678,16566,19307,7539,0,0,62996,1840,436,477,102,2,0,0,0,0,23936,7793,2373,0,0,0,0,0
466,3003,467.0192487277519,99955,336,164,26,17,9369,4857,0.14232404582061928,222,106,38058,31065,4548,1917,6809,16730,19553,7699,0,0,62573,1889,453,484,102,2,0,0,0,0,24293,7754,2405,0,0,0,0,0
467,3003,468.0127613992281,99955,331,169,26,17,9417,4884,0.14307438347256266,214,102,37918,30861,4564,1918,6946,16932,19798,7861,0,0,62160,1932,480,484,104,3,0,0,0,0,24635,7717,2440,0,0,0,0,0
468,3003,469.0101427562709,99955,333,161,26,17,9472,4902,0.1438047121204542,215,106,37766,30682,4578,1922,7081,17111,20043,8024,0,0,61734,1987,497,484,110,3,0,0,0,0,24989,7679,2472,0,0,0,0,0
469,3003,470.0115950327447,99955,329,176,26,17,9508,4936,0.14450502726226802,234,96,37626,30483,4571,1930,7213,17297,20287,8189,0,0,61333,2025,514,488,110,3,0,0,0,0,25335,7629,2518,0,0,0,0,0
470,3003,471.0167795758953,99955,339,178,26,17,9567,4964,0.14537541893852232,217,94,37487,30268,4574,1945,7356,17497,20531,8355,0,0,60909,2076,531,493,112,3,0,0,0,0,25691,7587,2553,0,0,0,0,0
471,3003,472.0255610585166,99955,359,170,26,17,9630,4989,0.14625581511680255,209,91,37324,30091,4586,1957,7495,17673,20774,8522,0,0,60490,2123,547,499,117,3,0,0,0,0,26045,7543,2588,0,0,0,0,0
472,3003,473.03865167073326,99955,372,171,26,17,9686,5015,0.14707618428292732,218,99,37169,29905,4586,1963,7628,17844,21016,8691,0,0,60073,2163,565,506,119,3,0,0,0,0,26403,7502,2621,0,0,0,0,0
473,3003,474.0556439683811,99955,369,168,26,17,9740,5038,0.14784653093892253,217,101,37015,29742,4606,1968,7766,18003,21257,8861,0,0,59655,2216,588,506,123,3,0,0,0,0,26744,7454,2666,0,0,0,0,0
474,3003,475.07688124092607,99955,368,170,26,17,9797,5066,0.148696913611125,221,97,36846,29565,4633,1975,7905,18175,21497,9032,0,0,59230,2272,607,507,127,3,0,0,0,0,27092,7409,2708,0,0,0,0,0
475,3003,476.1027346566825,99954,368,162,27,17,9845,5083,0.149348700402185,223,104,36687,29392,4647,1981,8047,18343,21737,9205,0,0,58810,2314,628,508,134,3,0,0,0,0,27447,7372,2738,0,0,0,0,0
476,3003,477.13312517232544,99954,370,160,27,17,9899,5108,0.15013906396942595,216,113,36538,29203,4660,1994,8188,18512,21976,9379,0,0,58386,2357,654,512,139,3,0,0,0,0,27801,7336,2766,0,0,0,0,0
477,3003,478.16770285184566,99953,351,169,27,18,9949,5136,0.15092093283843405,207,114,36393,29015,4691,1985,8330,18698,22214,9554,0,0,57954,2411,677,515,143,3,0,0,0,0,28153,7296,2801,0,0,0,0,0
478,3003,479.20660447839145,99953,355,185,27,18,10005,5169,0.15181135133512752,211,109,36250,28847,4698,1982,8458,18858,22451,9730,0,0,57553,2443,707,516,148,3,0,0,0,0,28491,7251,2841,0,0,0,0,0
479,3003,480.2497140168285,99953,377,194,27,18,10064,5203,0.1527417886406611,208,96,36108,28688,4686,1986,8593,19017,22687,9907,0,0,57168,2459,741,521,155,3,0,0,0,0,28826,7202,2878,0,0,0,0,0
480,3003,481.29658293163027,99953,388,188,27,18,10120,5228,0.15355216951967424,198,98,35981,28513,4679,1989,8726,19193,22922,10085,0,0,56756,2503,766,525,157,3,0,0,0,0,29168,7153,2922,0,0,0,0,0
481,3003,482.34724897149624,99953,372,184,27,18,10163,5259,0.15429251748321712,215,102,35825,28351,4699,2002,8861,19342,23156,10264,0,0,56334,2551,803,528,162,3,0,0,0,0,29504,7111,2957,0,0,0,0,0
482,3003,483.4023079401132,99953,380,191,27,18,10223,5289,0.15519294068212058,212,98,35668,28199,4717,2002,8995,19491,23389,10444,0,0,55921,2596,824,529,168,3,0,0,0,0,29850,7064,2998,0,0,0,0,0
483,3003,484.4620567677865,99953,388,201,27,18,10276,5319,0.15602333096555382,213,91,35521,28034,4720,2003,9130,19652,23620,10625,0,0,55515,2635,840,531,174,3,0,0,0,0,30200,7016,3039,0,0,0,0,0
484,3003,485.52608572077145,99952,376,192,28,18,10335,5342,0.15684528573715384,218,94,35347,27878,4750,2007,9280,19810,23850,10807,0,0,55086,2693,868,534,184,3,0,0,0,0,30540,6970,3074,0,0,0,0,0
485,3003,486.0593231176805,99952,391,199,28,18,10376,5357,0.1574055546662398,206,91,35200,27701,4738,1994,9436,19996,24079,10990,0,0,54710,2700,891,534,187,4,0,0,0,0,30886,6928,3112,0,0,0,0,0
486,3003,487.1331594046165,99952,383,205,28,18,10429,5382,0.1581859292460381,222,87,35045,27548,4753,1988,9568,20153,24307,11173,0,0,54296,2742,921,539,190,4,0,0,0,0,31228,6884,3148,0,0,0,0,0
487,3003,488.2113953413847,99952,393,210,28,18,10497,5414,0.15918640947654875,221,92,34875,27394,4772,1994,9710,20291,24534,11357,0,0,53893,2779,956,541,198,4,0,0,0,0,31558,6835,3188,0,0,0,0,0
488,3003,489.2947646664984,99952,389,214,28,18,10558,5441,0.16006683207939812,216,104,34732,27228,4785,2004,9849,20431,24760,11542,0,0,53475,2823,993,541,205,4,0,0,0,0,31895,6798,3218,0,0,0,0,0
489,3003,490.3828277938111,99952,385,205,28,18,10612,5470,0.16089723067072195,223,105,34573,27082,4800,2023,9990,20566,24984,11728,0,0,53066,2865,1035,546,210,5,0,0,0,0,32220,6750,3255,0,0,0,0,0
490,3003,491.4757360071173,99952,383,200,28,18,10664,5490,0.16161757643668961,238,105,34413,26960,4814,2024,10123,20692,25207,11914,0,0,52656,2899,1072,550,213,5,0,0,0,0,32558,6713,3286,0,0,0,0,0
491,3003,492.02330701296466,99952,387,197,28,18,10693,5501,0.16201776852889388,245,106,34254,26793,4796,2013,10289,20872,25429,12101,0,0,52300,2898,1101,557,216,5,0,0,0,0,32885,6654,3336,0,0,0,0,0
492,3003,493.1262438463614,99952,385,200,28,18,10767,5532,0.16306827277093006,228,104,34110,26641,4819,2029,10429,21007,25649,12288,0,0,51894,2937,1152,565,219,6,0,0,0,0,33200,6606,3373,0,0,0,0,0
493,3003,494.2341285870474,99952,378,201,28,18,10828,5566,0.16401872898991515,221,96,33970,26517,4839,2042,10563,21125,25868,12476,0,0,51479,2980,1193,571,227,7,0,0,0,0,33529,6566,3400,0,0,0,0,0
494,3003,495.3468701087787,99952,383,199,28,18,10893,5591,0.16491916119737474,224,99,33831,26387,4846,2047,10687,21249,26086,12664,0,0,51083,3008,1235,581,232,7,0,0,0,0,33853,6518,3435,0,0,0,0,0
495,3003,496.4639523961258,99952,392,194,28,18,10965,5612,0.16584960781174965,204,101,33680,26254,4865,2043,10830,21389,26302,12853,0,0,50704,3040,1283,586,235,7,0,0,0,0,34151,6455,3491,0,0,0,0,0
496,3003,497.02370407268774,99952,390,188,28,18,10983,5623,0.16613974707859772,211,107,33524,26084,4853,2041,10993,21561,26517,13042,0,0,50330,3046,1310,585,238,8,0,0,0,0,34491,6421,3523,0,0,0,0,0
497,3003,498.15106424827286,99952,388,187,28,18,11045,5647,0.16700016007683688,207,109,33377,25969,4870,2039,11129,21677,26730,13231,0,0,49928,3087,1352,589,240,8,0,0,0,0,34810,6376,3562,0,0,0,0,0
498,3003,499.28341162839894,99950,391,192,28,20,11107,5673,0.1678839419709855,197,111,33227,25850,4890,2040,11266,21786,26942,13421,0,0,49536,3115,1385,595,247,8,0,0,0,0,35137,6329,3598,0,0,0,0,0
499,3003,500.42081785300434,99950,382,179,28,20,11157,5693,0.16858429214607304,203,115,33091,25735,4895,2043,11400,21907,27153,13611,0,0,49152,3151,1430,597,252,8,0,0,0,0,35437,6273,3650,0,0,0,0,0
500,3003,501.5631582696569,99950,388,189,28,20,11224,5730,0.1696248124062031,214,119,32930,25597,4922,2050,11517,22024,27362,13801,0,0,48746,3199,1462,599,258,8,0,0,0,0,35763,6230,3685,0,0,0,0,0
501,3003,502.1353361028918,99950,381,196,28,20,11260,5748,0.17016508254127063,216,113,32771,25452,4929,2040,11674,22178,27570,13991,0,0,48369,3210,1499,602,260,8,0,0,0,0,36091,6195,3716,0,0,0,0,0
502,3003,503.2884824540403,99950,383,201,28,20,11320,5783,0.17111555777888945,210,108,32622,25322,4946,2046,11810,22302,27776,14181,0,0,47985,3251,1536,606,265,8,0,0,0,0,36396,6138,3765,0,0,0,0,0
503,3003,504.4469424288094,99950,377,202,28,20,11390,5812,0.17210605302651324,199,106,32472,25220,4973,2057,11950,22394,27981,14372,0,0,47579,3301,1578,613,270,8,0,0,0,0,36710,6091,3800,0,0,0,0,0
504,3003,505.02741314547774,99950,368,199,28,20,11417,5830,0.17255627813906954,199,100,32325,25069,4972,2062,12107,22549,28184,14563,0,0,47209,3313,1614,617,274,8,0,0,0,0,37031,6051,3833,0,0,0,0,0
505,3003,506.1970279815827,99949,374,202,29,20,11482,5859,0.17349848422695574,185,106,32191,24945,4982,2071,12238,22655,28386,14754,0,0,46823,3341,1655,619,283,8,0,0,0,0,37345,6011,3864,0,0,0,0,0
506,3003,507.37174045460745,99949,375,194,29,20,11543,5884,0.1743589230507559,193,97,32051,24845,4986,2078,12365,22765,28586,14945,0,0,46450,3375,1696,627,290,9,0,0,0,0,37642,5951,3909,0,0,0,0,0
507,3003,508.5513512563606,99949,376,190,29,20,11598,5917,0.17523937207976067,183,92,31934,24756,4977,2089,12500,22852,28785,15136,0,0,46083,3404,1742,629,299,10,0,0,0,0,37930,5898,3954,0,0,0,0,0
508,3003,509.1421856570856,99949,373,181,29,20,11627,5927,0.17562957108125143,181,94,31763,24615,4977,2088,12676,23001,28982,15327,0,0,45728,3411,1780,629,304,10,0,0,0,0,38239,5858,3990,0,0,0,0,0
509,3003,510.33234713451463,99949,355,183,29,20,11672,5954,0.176349938468619,193,97,31621,24508,4999,2090,12802,23101,29178,15517,0,0,45341,3444,1823,633,310,10,0,0,0,0,38548,5822,4018,0,0,0,0,0
510,3003,511.5282859798241,99948,331,185,30,20,11719,5987,0.17715211910193301,202,91,31483,24424,5026,2093,12927,23186,29372,15707,0,0,44962,3476,1870,638,321,10,0,0,0,0,38843,5777,4051,0,0,0,0,0
511,3003,512.1275499525742,99948,335,187,30,20,11752,5999,0.17760235322367632,197,96,31318,24282,5035,2084,13084,23330,29565,15897,0,0,44601,3483,1898,636,326,10,0,0,0,0,39168,5750,4076,0,0,0,0,0
512,3003,513.3350600000607,99947,326,182,30,21,11805,6028,0.1784245650194603,193,94,31186,24187,5042,2094,13222,23421,29756,16087,0,0,44223,3520,1943,638,334,10,0,0,0,0,39460,5708,4111,0,0,0,0,0
513,3003,514.5482708362906,99947,335,173,30,21,11871,6057,0.17937506878645681,180,96,31052,24103,5052,2104,13350,23502,29946,16277,0,0,43863,3536,1994,649,341,11,0,0,0,0,39745,5661,4147,0,0,0,0,0
514,3003,515.1559368486783,99947,333,170,30,21,11900,6069,0.1797852862016869,180,100,30890,23966,5052,2106,13514,23636,30134,16466,0,0,43516,3540,2020,654,349,11,0,0,0,0,40059,5622,4176,0,0,0,0,0
515,3003,516.3805098755445,99947,317,173,30,21,11947,6095,0.18051567330685264,193,104,30772,23880,5054,2100,13633,23721,30320,16655,0,0,43162,3562,2073,656,356,11,0,0,0,0,40337,5576,4214,0,0,0,0,0
516,3003,517.6101312251542,99947,329,176,30,21,12009,6127,0.18145617177103865,193,92,30658,23791,5054,2105,13735,23814,30505,16843,0,0,42807,3580,2120,660,363,11,0,0,0,0,40624,5536,4246,0,0,0,0,0
517,3003,518.2257703457523,99947,341,180,30,21,12050,6145,0.18204648463685755,183,93,30507,23646,5045,2103,13893,23956,30688,17031,0,0,42463,3579,2156,664,365,11,0,0,0,0,40931,5506,4272,0,0,0,0,0
518,3003,519.4658161135083,99947,339,186,30,21,12111,6178,0.18298698310104355,179,94,30386,23578,5066,2103,13999,24017,30870,17219,0,0,42096,3608,2206,664,374,11,0,0,0,0,41217,5474,4297,0,0,0,0,0
519,3003,520.0870401508528,99947,335,187,30,21,12137,6197,0.1834372217275156,181,92,30233,23466,5064,2099,14156,24134,31050,17406,0,0,41768,3609,2246,663,380,11,0,0,0,0,41502,5435,4333,0,0,0,0,0
520,3003,521.3382899245829,99947,327,174,30,21,12197,6219,0.18425765655797574,173,93,30119,23398,5079,2111,14271,24202,31229,17593,0,0,41418,3630,2311,667,390,11,0,0,0,0,41763,5394,4363,0,0,0,0,0
521,3003,522.5947998143012,99947,320,166,30,21,12252,6238,0.18499804896595196,170,104,29991,23329,5100,2115,14388,24264,31406,17779,0,0,41066,3658,2364,664,399,11,0,0,0,0,42032,5358,4395,0,0,0,0,0
522,3003,523.2242785780886,99947,315,177,30,21,12274,6256,0.18539826107837154,175,97,29857,23208,5083,2108,14539,24388,31582,17965,0,0,40742,3656,2392,663,405,11,0,0,0,0,42327,5323,4428,0,0,0,0,0
523,3003,524.4921056750503,99946,316,191,30,22,12331,6299,0.1864006563544314,168,78,29772,23135,5073,2118,14640,24455,31756,18150,0,0,40412,3667,2451,671,409,11,0,0,0,0,42584,5274,4467,0,0,0,0,0
524,3003,525.1268501174368,99945,312,171,31,22,12358,6312,0.1868027415078293,168,76,29631,23028,5066,2129,14791,24573,31929,18334,0,0,40074,3672,2498,673,414,11,0,0,0,0,42865,5247,4491,0,0,0,0,0
525,3003,526.4043356889351,99945,313,164,31,22,12414,6331,0.18755315423482916,168,78,29508,22980,5079,2133,14900,24622,32100,18518,0,0,39727,3686,2552,682,415,11,0,0,0,0,43141,5216,4515,0,0,0,0,0
526,3003,527.0443977327669,99945,311,161,31,22,12445,6344,0.1879933963680024,164,78,29365,22866,5081,2134,15047,24738,32270,18701,0,0,39404,3694,2590,682,418,11,0,0,0,0,43418,5178,4550,0,0,0,0,0
527,3003,528.3335759824259,99945,313,153,31,22,12511,6371,0.1889239081494822,151,75,29284,22839,5070,2142,15150,24768,32438,18883,0,0,39070,3721,2642,690,427,11,0,0,0,0,43670,5127,4587,0,0,0,0,0
528,3003,529.6273682122908,99945,296,150,31,22,12550,6395,0.18955425484016208,152,74,29177,22810,5074,2144,15269,24799,32605,19065,0,0,38747,3736,2695,694,434,11,0,0,0,0,43921,5082,4625,0,0,0,0,0
529,3003,530.274934471633,99945,293,146,31,22,12577,6408,0.18995447496122866,156,71,29037,22718,5071,2139,15411,24903,32770,19246,0,0,38438,3733,2739,692,441,11,0,0,0,0,44188,5050,4653,0,0,0,0,0
530,3003,531.5792584176226,99945,284,139,31,22,12623,6424,0.1905748161488819,147,81,28935,22673,5077,2139,15525,24945,32934,19426,0,0,38127,3743,2798,693,448,11,0,0,0,0,44429,5006,4690,0,0,0,0,0
531,3003,532.2324587786583,99945,285,147,31,22,12643,6443,0.1909650307669218,152,80,28788,22568,5075,2136,15668,25046,33096,19605,0,0,37824,3747,2821,693,451,11,0,0,0,0,44705,4964,4729,0,0,0,0,0
532,3003,533.5480943599904,99943,277,140,32,23,12697,6463,0.1917092742863432,149,78,28714,22531,5070,2144,15757,25083,33257,19784,0,0,37507,3767,2883,688,459,12,0,0,0,0,44938,4924,4765,0,0,0,0,0
533,3003,534.2070118886589,99943,264,139,32,23,12717,6479,0.19206947960337392,154,73,28573,22416,5070,2147,15906,25201,33416,19962,0,0,37196,3777,2920,687,461,13,0,0,0,0,45201,4890,4798,0,0,0,0,0
534,3003,535.5328827474881,99943,268,141,32,23,12768,6503,0.1928199073471879,150,65,28491,22379,5056,2144,16002,25247,33574,20139,0,0,36893,3784,2968,684,472,13,0,0,0,0,45444,4853,4832,0,0,0,0,0
535,3003,536.196647638483,99943,260,142,32,23,12790,6514,0.19315009555446605,158,66,28370,22287,5041,2139,16138,25342,33730,20315,0,0,36610,3779,3007,680,480,13,0,0,0,0,45691,4813,4870,0,0,0,0,0
536,3003,537.5325716793516,99943,270,133,32,23,12852,6537,0.19400058033078854,139,66,28274,22252,5052,2150,16232,25375,33885,20490,0,0,36294,3802,3054,678,494,13,0,0,0,0,45935,4778,4895,0,0,0,0,0
537,3003,538.20131395227,99943,261,129,32,23,12876,6550,0.1943707913510701,145,64,28154,22162,5044,2148,16363,25473,34038,20664,0,0,36005,3799,3101,675,500,14,0,0,0,0,46178,4747,4924,0,0,0,0,0
538,3003,539.5477179077711,99943,254,131,32,23,12909,6573,0.1949311107331179,149,68,28086,22143,5022,2149,16456,25485,34190,20837,0,0,35729,3800,3149,673,511,14,0,0,0,0,46403,4698,4966,0,0,0,0,0
539,3003,540.2218446072269,99943,249,122,32,23,12936,6580,0.1952713046436469,144,68,27968,22074,5015,2153,16591,25559,34340,21009,0,0,35442,3801,3191,671,516,14,0,0,0,0,46646,4663,4999,0,0,0,0,0
540,3003,541.5774153874277,99943,248,112,32,23,12989,6604,0.19604174379396255,126,64,27909,22061,5023,2155,16661,25584,34489,21180,0,0,35137,3812,3248,679,521,14,0,0,0,0,46876,4629,5027,0,0,0,0,0
541,3003,542.2558095588947,99943,246,111,32,23,13007,6613,0.19631189778173558,119,60,27800,21974,5011,2154,16791,25677,34636,21350,0,0,34858,3799,3286,681,522,14,0,0,0,0,47128,4602,5053,0,0,0,0,0
542,3003,543.6203040286867,99943,250,110,32,23,13053,6635,0.19699228560279358,111,56,27728,21961,5010,2152,16868,25697,34782,21519,0,0,34565,3806,3333,684,528,14,0,0,0,0,47365,4570,5078,0,0,0,0,0
543,3003,544.3030824992037,99942,249,110,32,24,13074,6645,0.19730443657321245,101,50,27633,21876,4993,2147,16991,25792,34927,21687,0,0,34289,3806,3359,683,531,15,0,0,0,0,47613,4534,5112,0,0,0,0,0
544,3003,545.6763982139436,99942,238,105,32,24,13110,6661,0.197824738348242,118,46,27574,21864,4976,2155,17061,25805,35070,21854,0,0,34015,3806,3415,684,538,15,0,0,0,0,47827,4497,5145,0,0,0,0,0
545,3003,546.363183084805,99942,243,93,32,24,13135,6666,0.19812491244922054,105,48,27482,21795,4952,2155,17185,25884,35212,22020,0,0,33754,3796,3457,682,544,15,0,0,0,0,48056,4461,5177,0,0,0,0,0
546,3003,547.0525392234039,99942,246,96,32,24,13160,6675,0.1984651097636629,100,45,27384,21730,4934,2142,17303,25962,35352,22185,0,0,33487,3788,3489,681,549,15,0,0,0,0,48299,4432,5202,0,0,0,0,0
547,3003,548.4385358645096,99942,235,90,32,24,13199,6690,0.19900542314542435,94,48,27332,21715,4923,2141,17383,25981,35491,22349,0,0,33211,3800,3530,686,558,15,0,0,0,0,48519,4387,5236,0,0,0,0,0
548,3003,549.1316336699994,99942,218,89,32,24,13216,6698,0.19925556822957316,87,41,27234,21649,4916,2136,17512,26060,35629,22512,0,0,32950,3790,3574,686,564,15,0,0,0,0,48744,4356,5263,0,0,0,0,0
549,3003,550.5257409908708,99942,203,84,32,24,13249,6711,0.19971583518440694,80,47,27169,21640,4923,2126,17592,26078,35765,22674,0,0,32672,3795,3613,688,576,15,0,0,0,0,48971,4328,5284,0,0,0,0,0
550,3003,551.2233193895755,99942,192,77,32,24,13262,6717,0.19990594544836005,82,46,27069,21579,4918,2116,17706,26157,35900,22835,0,0,32421,3782,3655,684,584,16,0,0,0,0,49190,4301,5309,0,0,0,0,0
551,3003,552.6264935710178,99942,193,84,32,24,13297,6738,0.2004662704368534,71,36,27012,21576,4905,2102,17786,26177,36034,22995,0,0,32166,3776,3698,683,591,18,0,0,0,0,49405,4271,5334,0,0,0,0,0
552,3003,553.3285314897072,99942,193,89,32,24,13317,6748,0.20076644453783193,57,35,26908,21507,4894,2095,17915,26249,36166,23154,0,0,31904,3774,3715,679,601,18,0,0,0,0,49648,4248,5355,0,0,0,0,0
553,3003,554.0330150053876,99942,188,88,32,24,13325,6754,0.20090652578495527,52,38,26823,21442,4871,2087,18033,26320,36297,23312,0,0,31656,3755,3747,678,606,18,0,0,0,0,49880,4227,5375,0,0,0,0,0
554,3003,555.4499044307759,99942,169,77,32,24,13342,6767,0.20120669988593384,68,37,26767,21470,4858,2090,18105,26301,36427,23469,0,0,31404,3751,3806,676,611,19,0,0,0,0,50077,4198,5400,0,0,0,0,0
555,3003,556.1582161893639,99942,174,70,32,24,13356,6769,0.20136679273978908,64,46,26685,21416,4825,2086,18219,26357,36555,23624,0,0,31174,3734,3838,674,615,19,0,0,0,0,50291,4164,5433,0,0,0,0,0
556,3003,557.5827387417111,99942,167,64,32,24,13377,6779,0.2016769726441336,77,43,26631,21415,4808,2090,18284,26363,36682,23778,0,0,30937,3721,3886,674,623,19,0,0,0,0,50492,4133,5457,0,0,0,0,0
557,3003,558.294981426045,99942,169,71,32,24,13394,6788,0.20193712353164836,79,39,26533,21364,4800,2078,18386,26423,36808,23931,0,0,30697,3709,3909,675,626,19,0,0,0,0,50719,4105,5483,0,0,0,0,0
558,3003,559.0097795984748,99942,156,69,32,24,13408,6793,0.20212723379560144,78,38,26454,21312,4799,2079,18480,26477,36933,24083,0,0,30448,3704,3940,676,631,19,0,0,0,0,50940,4081,5503,0,0,0,0,0
559,3003,560.446841779924,99942,145,71,32,24,13431,6807,0.20249744852014168,76,37,26441,21353,4781,2058,18524,26456,37056,24234,0,0,30237,3685,3994,671,643,20,0,0,0,0,51114,4042,5536,0,0,0,0,0
560,3003,561.164923842818,99942,131,72,32,24,13435,6815,0.2026175181605331,84,35,26355,21308,4768,2044,18629,26516,37178,24384,0,0,30010,3671,4027,668,650,20,0,0,0,0,51320,4014,5562,0,0,0,0,0
561,3003,562.6075561780082,99942,139,71,32,24,13468,6828,0.20307778511536692,67,31,26346,21320,4750,2043,18665,26510,37299,24532,0,0,29777,3663,4068,669,654,20,0,0,0,0,51519,3985,5587,0,0,0,0,0
562,3003,563.3285208463318,99942,138,72,32,24,13477,6832,0.2032078605591243,67,33,26276,21277,4725,2034,18761,26559,37419,24679,0,0,29557,3642,4096,667,659,20,0,0,0,0,51729,3961,5611,0,0,0,0,0
563,3003,564.0513563265112,99942,135,70,32,24,13492,6840,0.2034379940365412,61,27,26195,21244,4706,2027,18870,26607,37537,24825,0,0,29335,3631,4132,663,665,20,0,0,0,0,51925,3934,5637,0,0,0,0,0
564,3003,565.5032165921349,99942,121,69,32,24,13508,6850,0.20369814492405594,65,24,26174,21273,4680,2013,18927,26596,37654,24970,0,0,29134,3608,4188,655,677,20,0,0,0,0,52090,3903,5667,0,0,0,0,0
565,3003,566.2291527232268,99942,118,67,32,24,13518,6854,0.20383822617117928,66,24,26105,21243,4656,1999,19022,26642,37770,25114,0,0,28937,3582,4228,650,685,21,0,0,0,0,52272,3872,5695,0,0,0,0,0
566,3003,567.6866548113387,99942,114,65,32,24,13544,6867,0.20422845250245142,56,31,26083,21257,4651,1991,19063,26631,37885,25257,0,0,28703,3581,4267,651,689,21,0,0,0,0,52466,3848,5716,0,0,0,0,0
567,3003,568.4147664265025,99942,121,60,32,24,13560,6873,0.20444858017650236,48,30,26017,21224,4625,1988,19156,26673,37999,25398,0,0,28491,3565,4301,650,692,21,0,0,0,0,52660,3822,5740,0,0,0,0,0
568,3003,569.145196661115,99942,107,61,32,24,13564,6882,0.20457865562025976,56,27,25934,21187,4618,1983,19252,26717,38111,25538,0,0,28276,3558,4327,647,699,21,0,0,0,0,52853,3795,5766,0,0,0,0,0
569,3003,570.6122215043916,99942,109,54,32,24,13591,6892,0.20494887034479997,43,22,25923,21236,4613,1984,19279,26679,38222,25677,0,0,28050,3557,4367,643,705,21,0,0,0,0,53039,3776,5784,0,0,0,0,0
570,3003,571.3455935873637,99942,104,53,32,24,13599,6900,0.2051089631986552,41,16,25864,21200,4585,1977,19373,26729,38332,25815,0,0,27851,3543,4395,639,713,22,0,0,0,0,53222,3745,5812,0,0,0,0,0
571,3003,572.0807354338011,99942,102,50,32,24,13599,6901,0.20511896900202117,43,16,25768,21126,4563,1970,19491,26813,38441,25952,0,0,27652,3524,4420,639,713,22,0,0,0,0,53415,3717,5840,0,0,0,0,0
572,3003,573.0252266240125,99942,95,49,32,24,13606,6908,0.2052590502491445,46,17,25726,21104,4544,1963,19556,26842,38549,26087,0,0,27457,3506,4449,635,724,22,0,0,0,0,53595,3691,5863,0,0,0,0,0
573,3003,574.3899259802336,99942,94,43,32,24,13625,6914,0.20550919533329332,42,16,25740,21140,4517,1958,19574,26818,38656,26221,0,0,27255,3492,4487,635,730,22,0,0,0,0,53771,3666,5884,0,0,0,0,0
574,3003,575.0189373220935,99942,95,44,32,24,13629,6917,0.20557923595685498,41,14,25651,21076,4492,1943,19688,26898,38762,26354,0,0,27073,3466,4516,630,736,23,0,0,0,0,53950,3641,5907,0,0,0,0,0
575,3003,576.1797551334034,99942,79,44,32,24,13641,6923,0.20575934041744212,45,10,25632,21101,4486,1936,19725,26884,38867,26486,0,0,26873,3456,4555,630,740,23,0,0,0,0,54120,3614,5931,0,0,0,0,0
576,3003,577.3006311678195,99942,77,37,32,24,13646,6925,0.2058293810410038,46,9,25562,21084,4469,1933,19813,26912,38971,26617,0,0,26679,3445,4581,629,742,23,0,0,0,0,54299,3585,5959,0,0,0,0,0
577,3003,578.0620611297899,99942,77,37,32,24,13651,6929,0.20591943327129736,44,11,25518,21092,4439,1925,19889,26910,39073,26747,0,0,26490,3428,4606,624,748,23,0,0,0,0,54480,3564,5979,0,0,0,0,0
578,3003,579.0862138961305,99942,70,38,32,24,13659,6934,0.20604950871505473,46,11,25506,21102,4410,1914,19935,26910,39174,26875,0,0,26305,3408,4641,620,755,23,0,0,0,0,54649,3544,5997,0,0,0,0,0
579,3003,580.2567131317517,99942,63,34,32,24,13667,6938,0.20616957835544616,43,10,25506,21128,4382,1907,19973,26896,39274,27002,0,0,26119,3397,4672,619,758,24,0,0,0,0,54815,3516,6022,0,0,0,0,0
580,3003,581.3682768603186,99942,64,24,32,24,13683,6939,0.20633967701266734,35,11,25516,21179,4356,1905,19996,26856,39373,27128,0,0,25947,3371,4715,619,764,24,0,0,0,0,54967,3489,6046,0,0,0,0,0
581,3003,582.114594582325,99942,66,21,32,24,13688,6940,0.20639971183286307,32,11,25443,21129,4332,1902,20094,26912,39471,27253,0,0,25777,3356,4737,613,770,24,0,0,0,0,55130,3457,6078,0,0,0,0,0
582,3003,583.1204522963144,99942,69,21,32,24,13695,6943,0.20649976986652258,26,9,25377,21089,4302,1892,20193,26964,39568,27377,0,0,25601,3331,4767,611,773,24,0,0,0,0,55300,3439,6096,0,0,0,0,0
583,3003,584.0891773739653,99942,62,19,32,24,13701,6948,0.20660983370354805,29,7,25349,21086,4277,1884,20250,26979,39664,27500,0,0,25424,3317,4797,611,777,24,0,0,0,0,55461,3411,6120,0,0,0,0,0
584,3003,585.430436226157,99942,66,19,32,24,13715,6950,0.20676992655740328,28,8,25366,21162,4253,1863,20254,26923,39759,27621,0,0,25246,3303,4819,611,779,25,0,0,0,0,55630,3388,6141,0,0,0,0,0
585,3003,586.6082598314053,99942,66,17,32,24,13723,6951,0.20685997878769685,25,10,25338,21156,4228,1855,20310,26937,39853,27741,0,0,25074,3282,4848,610,782,26,0,0,0,0,55794,3369,6157,0,0,0,0,0
586,3003,587.0498115496239,99942,59,16,32,24,13727,6952,0.20691000780452662,28,11,25300,21141,4209,1845,20371,26962,39946,27860,0,0,24895,3266,4877,604,788,26,0,0,0,0,55960,3358,6168,0,0,0,0,0
587,3003,588.4491674382481,99942,55,19,32,24,13735,6958,0.20705008905164995,27,10,25272,21199,4193,1834,20420,26913,40038,27978,0,0,24716,3251,4904,603,792,26,0,0,0,0,56127,3343,6180,0,0,0,0,0
588,3003,589.0484375634152,99942,51,19,32,24,13735,6959,0.20706009485501592,29,10,25194,21144,4173,1822,20520,26980,40129,28095,0,0,24554,3235,4925,600,795,26,0,0,0,0,56284,3316,6207,0,0,0,0,0
589,3003,590.0742223316496,99942,47,18,32,24,13746,6961,0.2071901702987733,25,11,25178,21172,4155,1808,20562,26966,40219,28211,0,0,24375,3223,4953,598,799,26,0,0,0,0,56447,3303,6218,0,0,0,0,0
590,3003,591.3904397437079,99942,46,17,32,24,13754,6964,0.20730023413579876,25,9,25191,21210,4134,1801,20571,26938,40308,28326,0,0,24207,3206,4976,599,802,26,0,0,0,0,56606,3283,6237,0,0,0,0,0
591,3003,592.1241148403487,99942,45,15,32,24,13758,6965,0.20735026315262853,26,11,25139,21192,4110,1796,20647,26961,40397,28440,0,0,24035,3195,4995,595,806,26,0,0,0,0,56770,3267,6253,0,0,0,0,0
592,3003,593.219868667181,99942,42,18,32,24,13761,6969,0.2074203037761902,27,11,25126,21226,4090,1782,20682,26938,40485,28552,0,0,23871,3177,5019,590,810,27,0,0,0,0,56928,3254,6266,0,0,0,0,0
593,3003,594.030095109916,99942,34,18,32,24,13763,6973,0.2074803385963859,29,7,25107,21241,4076,1771,20721,26938,40572,28663,0,0,23703,3174,5033,588,814,27,0,0,0,0,57084,3229,6290,0,0,0,0,0
594,3003,595.0038209900044,99942,33,16,32,24,13768,6974,0.20754037341658163,25,7,25109,21253,4055,1765,20745,26934,40658,28773,0,0,23550,3162,5051,587,816,28,0,0,0,0,57230,3200,6318,0,0,0,0,0
595,3003,596.0814086352324,99942,43,14,32,24,13780,6974,0.20766044305697304,16,8,25098,21262,4025,1750,20785,26941,40743,28882,0,0,23389,3143,5072,586,818,28,0,0,0,0,57388,3187,6331,0,0,0,0,0
596,3003,597.6864153053793,99942,37,14,32,24,13783,6978,0.2077304836805347,18,6,25132,21329,4000,1737,20780,26889,40827,28990,0,0,23235,3128,5099,581,824,28,0,0,0,0,57530,3169,6348,0,0,0,0,0
597,3003,598.0875463089578,99942,39,14,32,24,13787,6978,0.2077705068939985,17,8,25096,21312,3985,1725,20830,26916,40910,29097,0,0,23086,3110,5119,579,826,28,0,0,0,0,57677,3148,6369,0,0,0,0,0
598,3003,599.0487371029561,99942,37,13,32,24,13793,6979,0.20784054751756018,14,7,25075,21294,3963,1720,20878,26941,40992,29203,0,0,22932,3099,5140,575,830,28,0,0,0,0,57821,3129,6388,0,0,0,0,0
599,3003,600.0517862121809,99942,41,11,32,24,13800,6981,0.20793059974785374,13,5,25066,21315,3939,1710,20908,26934,41073,29308,0,0,22781,3087,5159,574,831,28,0,0,0,0,57965,3107,6410,0,0,0,0,0
600,3003,601.096315691479,99942,38,13,32,24,13803,6984,0.20799063456804948,18,4,25059,21343,3918,1701,20934,26914,41154,29412,0,0,22628,3076,5175,572,834,28,0,0,0,0,58112,3088,6429,0,0,0,0,0
601,3003,602.2229955679388,99942,38,8,32,24,13808,6984,0.20804066358487924,16,5,25074,21378,3893,1695,20946,26889,41234,29515,0,0,22478,3060,5199,569,839,28,0,0,0,0,58254,3074,6441,0,0,0,0,0
602,3003,603.0249412422927,99942,40,10,32,24,13812,6986,0.20810069840507495,13,5,25042,21368,3871,1683,21001,26909,41313,29617,0,0,22343,3041,5219,566,843,28,0,0,0,0,58388,3050,6464,0,0,0,0,0
603,3003,604.0812513811225,99942,41,9,32,24,13817,6986,0.2081507274219047,14,6,25051,21409,3846,1668,21015,26883,41391,29718,0,0,22196,3023,5242,564,845,28,0,0,0,0,58530,3038,6476,0,0,0,0,0
604,3003,605.0981337624413,99942,37,12,32,24,13823,6989,0.20824077965219828,13,4,25050,21438,3828,1659,21039,26862,41468,29818,0,0,22050,3012,5263,559,849,29,0,0,0,0,58666,3024,6490,0,0,0,0,0
605,3003,606.0614023381073,99942,35,12,32,24,13823,6990,0.20825078545556422,14,4,25042,21443,3804,1650,21072,26866,41545,29917,0,0,21909,2998,5278,555,854,29,0,0,0,0,58805,3007,6507,0,0,0,0,0
606,3003,607.2027966986371,99942,34,13,32,24,13828,6992,0.2083208260791259,14,2,25086,21521,3772,1636,21061,26803,41621,30015,0,0,21770,2979,5299,553,860,29,0,0,0,0,58941,2993,6518,0,0,0,0,0
607,3003,608.2520391217307,99942,36,14,32,24,13833,6993,0.20838086089932162,12,2,25090,21536,3742,1627,21087,26796,41696,30112,0,0,21629,2967,5312,552,863,29,0,0,0,0,59081,2975,6534,0,0,0,0,0
608,3003,609.0779219451417,99942,37,13,32,24,13836,6994,0.20842088411278542,10,1,25051,21520,3728,1618,21141,26823,41770,30208,0,0,21494,2947,5336,548,867,29,0,0,0,0,59212,2964,6545,0,0,0,0,0
609,3003,610.1440874294934,99942,35,10,32,24,13839,6994,0.20845090152288326,13,1,25062,21581,3707,1609,21150,26774,41843,30303,0,0,21359,2934,5355,547,869,30,0,0,0,0,59341,2946,6561,0,0,0,0,0
610,3003,611.0675762512069,99942,25,10,32,24,13840,6994,0.20846090732624922,14,4,25121,21633,3687,1601,21120,26727,41916,30397,0,0,21220,2927,5371,547,869,31,0,0,0,0,59470,2926,6581,0,0,0,0,0
611,3003,612.2335678841098,99942,24,8,32,24,13842,6994,0.20848091893298112,13,5,25085,21608,3668,1601,21177,26753,41988,30490,0,0,21080,2918,5385,545,871,31,0,0,0,0,59605,2912,6595,0,0,0,0,0
612,3003,613.0667565122981,99942,21,6,32,24,13843,6994,0.2084909247363471,16,6,25069,21614,3644,1590,21217,26759,42059,30582,0,0,20951,2904,5404,540,877,31,0,0,0,0,59729,2897,6609,0,0,0,0,0
613,3003,614.292839002953,99942,22,6,32,24,13847,6995,0.20854095375317686,16,5,25093,21706,3616,1572,21220,26686,42129,30673,0,0,20828,2891,5419,535,883,31,0,0,0,0,59849,2877,6629,0,0,0,0,0
614,3003,615.0754072325332,99942,22,7,32,24,13848,6997,0.2085709711632747,17,3,25070,21712,3600,1559,21258,26694,42199,30763,0,0,20709,2874,5436,534,884,32,0,0,0,0,59967,2855,6651,0,0,0,0,0
615,3003,616.2889251783427,99942,22,7,32,24,13850,6998,0.20860098857337256,16,4,25088,21774,3576,1545,21265,26645,42268,30852,0,0,20586,2860,5453,532,886,32,0,0,0,0,60087,2836,6670,0,0,0,0,0
616,3003,617.1037461711333,99942,22,8,32,24,13852,7000,0.20864101178683636,15,2,25079,21768,3558,1535,21293,26662,42336,30940,0,0,20469,2847,5467,528,891,32,0,0,0,0,60202,2814,6692,0,0,0,0,0
617,3003,618.0666310721352,99942,25,9,32,24,13857,7002,0.20871105241039803,13,0,25074,21795,3539,1521,21316,26650,42404,31027,0,0,20351,2829,5487,525,895,32,0,0,0,0,60318,2798,6707,0,0,0,0,0
618,3003,619.002927930653,99942,28,8,32,24,13863,7002,0.20877108723059373,16,1,25108,21870,3515,1502,21300,26594,42471,31113,0,0,20224,2818,5500,523,898,32,0,0,0,0,60442,2785,6720,0,0,0,0,0
619,3003,620.356359271938,99942,26,7,32,24,13865,7002,0.20879109883732566,16,3,25083,21881,3498,1491,21344,26593,42537,31198,0,0,20103,2802,5519,520,902,32,0,0,0,0,60559,2774,6731,0,0,0,0,0
620,3003,621.4430147756996,99942,26,7,32,24,13867,7003,0.2088211162474235,16,3,25101,21928,3479,1480,21345,26557,42603,31282,0,0,19978,2789,5535,520,902,32,0,0,0,0,60681,2762,6743,0,0,0,0,0
621,3003,622.110584191681,99942,24,7,32,24,13869,7004,0.20885113365752137,16,2,25085,21926,3461,1475,21381,26565,42668,31365,0,0,19860,2775,5554,517,905,32,0,0,0,0,60794,2749,6756,0,0,0,0,0
622,3003,623.1329163088711,99942,23,8,32,24,13873,7005,0.20890116267435113,15,1,25125,22024,3430,1455,21374,26487,42732,31447,0,0,19749,2760,5572,513,910,32,0,0,0,0,60901,2733,6772,0,0,0,0,0
623,3003,624.2218524410864,99942,22,7,32,24,13874,7006,0.20892117428108303,15,0,25102,22027,3415,1445,21413,26496,42796,31528,0,0,19635,2738,5597,513,909,33,0,0,0,0,61012,2724,6781,0,0,0,0,0
624,3003,625.0414430155589,99942,18,6,32,24,13876,7006,0.20894118588781493,15,0,25116,22059,3397,1439,21421,26471,42859,31609,0,0,19526,2723,5616,511,913,33,0,0,0,0,61116,2706,6798,0,0,0,0,0
625,3003,626.1840153372182,99942,22,4,32,24,13882,7006,0.20900122070801064,11,1,25163,22103,3368,1431,21403,26436,42921,31689,0,0,19407,2710,5633,511,913,33,0,0,0,0,61231,2696,6808,0,0,0,0,0
626,3003,627.3139929126596,99942,19,3,32,24,13883,7006,0.2090112265113766,14,1,25168,22145,3359,1424,21407,26402,42983,31768,0,0,19296,2700,5648,509,915,33,0,0,0,0,61337,2678,6826,0,0,0,0,0
627,3003,628.2797349837899,99942,21,4,32,24,13886,7007,0.2090512497248404,13,0,25185,22165,3339,1415,21409,26391,43044,31846,0,0,19191,2687,5662,505,919,33,0,0,0,0,61441,2661,6843,0,0,0,0,0
628,3003,629.5570278095066,99942,17,3,32,24,13888,7007,0.2090712613315723,15,0,25247,22228,3317,1406,21371,26338,43104,31923,0,0,19081,2671,5684,504,921,33,0,0,0,0,61545,2651,6852,0,0,0,0,0
629,3003,630.1523229619606,99942,20,2,32,24,13891,7007,0.20910127874167017,37,25,25198,22196,3305,1402,21407,26350,43164,31999,0,0,18966,2664,5691,502,923,33,1,0,0,0,61659,2638,6865,0,0,0,0,0
630,3003,631.2935825729104,99942,26,9,32,24,13901,7014,0.20927137739889135,39,25,25257,22285,3282,1393,21363,26263,43223,32075,0,0,18860,2650,5705,496,930,33,3,0,0,1,61762,2627,6875,0,0,0,0,0
631,3003,632.0275201676325,99942,27,10,32,24,13903,7017,0.2093214064157211,39,26,25239,22273,3266,1390,21396,26276,43282,32150,0,0,18758,2637,5718,495,933,33,3,0,0,2,61863,2609,6891,0,0,0,0,0
632,3003,633.0043173297286,99942,30,17,32,24,13914,7025,0.20951151667967421,38,23,25266,22325,3250,1385,21383,26225,43340,32224,0,0,18662,2621,5734,491,938,33,5,0,0,8,61951,2591,6908,0,0,0,0,0
633,3003,634.2884565590658,99942,33,25,32,24,13927,7036,0.20975165596045706,37,21,25284,22381,3235,1376,21378,26172,43397,32297,0,0,18558,2602,5751,488,943,33,7,0,0,17,62044,2585,6914,0,0,0,0,0
634,3003,635.3419197973311,99942,42,29,32,24,13940,7042,0.20994176622441016,36,19,25310,22426,3214,1369,21365,26132,43454,32369,0,0,18464,2586,5767,487,946,33,9,0,0,19,62134,2565,6932,0,0,0,0,0
635,3003,636.0940881410655,99942,44,30,32,24,13946,7046,0.2100418242580697,38,23,25315,22436,3192,1371,21378,26115,43510,32441,0,0,18361,2571,5782,486,947,33,12,0,0,23,62230,2553,6944,0,0,0,0,0
636,3003,637.2217704503121,99942,49,35,32,24,13955,7054,0.21021192291529087,42,17,25316,22449,3178,1367,21382,26107,43566,32512,0,0,18260,2555,5798,485,950,33,13,0,0,27,62326,2543,6952,0,0,0,0,0
637,3003,638.037494677495,99941,51,38,33,24,13972,7061,0.21045416795909586,46,17,25343,22496,3171,1365,21355,26059,43621,32582,0,0,18163,2538,5811,486,954,33,16,0,0,36,62411,2528,6965,0,0,0,0,0
638,3003,639.1174670295352,99941,53,39,33,24,13978,7067,0.21057423880089252,48,18,25350,22511,3152,1363,21363,26044,43676,32651,0,0,18066,2526,5823,483,957,33,18,0,0,43,62499,2514,6979,0,0,0,0,0
639,3003,640.3175660610589,99941,56,39,33,24,13998,7071,0.21081438048448584,45,22,25391,22600,3145,1355,21329,25959,43730,32720,0,0,17965,2511,5833,482,963,33,26,0,0,51,62584,2500,6993,0,0,0,0,0
640,3003,641.0670379331743,99941,60,36,33,24,14005,7072,0.21089442771235029,46,25,25397,22605,3127,1353,21336,25956,43783,32788,0,0,17861,2502,5842,480,965,33,26,0,0,58,62681,2494,6999,0,0,0,0,0
641,3003,642.1908146161887,99941,61,39,33,24,14018,7079,0.2110945457820114,51,27,25413,22682,3119,1345,21322,25882,43836,32855,0,0,17764,2488,5852,483,967,33,27,0,0,68,62767,2481,7011,0,0,0,0,0
642,3003,643.3136724130114,99941,68,38,33,24,14030,7083,0.21125464023774027,60,28,25431,22731,3107,1339,21300,25839,43888,32921,0,0,17671,2475,5864,478,974,33,29,0,0,74,62852,2472,7019,0,0,0,0,0
643,3003,644.0616438405307,99941,73,38,33,24,14044,7085,0.21141473469346914,62,32,25432,22766,3094,1330,21305,25809,43940,32987,0,0,17574,2464,5872,478,977,33,33,0,0,78,62941,2458,7033,0,0,0,0,0
644,3003,645.1833830556934,99941,75,40,33,24,14065,7094,0.2117149117979608,71,31,25453,22824,3097,1329,21270,25751,43991,33052,0,0,17481,2455,5877,477,984,33,39,0,0,91,63015,2438,7051,0,0,0,0,0
645,3003,646.3040418261153,99941,88,49,33,24,14093,7108,0.2121351597442491,67,26,25474,22864,3098,1327,21239,25709,44042,33116,0,0,17370,2448,5884,477,986,33,48,0,0,100,63108,2432,7055,0,0,0,0,0
646,3003,647.0504407806292,99941,92,46,33,24,14106,7109,0.21227524239301188,73,30,25464,22879,3093,1329,21244,25691,44092,33179,0,0,17277,2439,5891,475,990,33,50,0,0,109,63190,2421,7066,0,0,0,0,0
647,3003,648.170309573126,99941,99,48,33,24,14129,7119,0.2126054372079527,73,35,25490,22935,3091,1325,21213,25632,44142,33242,0,0,17184,2425,5904,471,997,33,56,0,0,123,63263,2412,7073,0,0,0,0,0
648,3003,649.2890606234299,99941,116,48,33,24,14160,7125,0.21297565563682572,70,42,25515,22978,3074,1317,21191,25590,44191,33304,0,0,17099,2412,5916,468,1001,34,58,0,0,138,63331,2400,7084,0,0,0,0,0
649,3003,650.0341052491482,99941,119,47,33,24,14173,7129,0.21314575599603766,68,48,25504,23002,3076,1315,21199,25563,44240,33365,0,0,17014,2403,5924,468,1002,35,62,0,0,147,63403,2381,7102,0,0,0,0,0
650,3003,651.1516456464756,99941,117,59,33,24,14189,7149,0.21350596852142764,80,41,25540,23059,3065,1315,21164,25501,44288,33426,0,0,16919,2394,5931,465,1007,36,70,0,0,161,63476,2371,7111,0,0,0,0,0
651,3003,652.2675278209753,99941,136,67,33,24,14221,7166,0.21399625779209733,82,40,25579,23128,3055,1312,21114,25428,44336,33486,0,0,16837,2376,5948,465,1010,36,73,0,0,177,63539,2360,7120,0,0,0,0,0
652,3003,653.010389302009,99941,141,66,33,24,14236,7175,0.21423639947569065,81,43,25573,23138,3050,1315,21121,25413,44383,33545,0,0,16753,2359,5964,465,1014,36,79,0,0,187,63607,2349,7128,0,0,0,0,0
653,3003,654.1245309942282,99941,147,68,33,24,14263,7192,0.21467665922894508,85,47,25594,23172,3058,1325,21082,25363,44430,33604,0,0,16662,2345,5973,468,1020,36,84,0,0,209,63671,2340,7133,0,0,0,0,0
654,3003,655.2377098703474,99941,149,71,33,24,14285,7205,0.215026865850852,102,50,25598,23217,3055,1325,21062,25312,44476,33662,0,0,16578,2332,5985,470,1024,36,85,0,0,232,63731,2330,7138,0,0,0,0,0
655,3003,656.3504907767988,99941,139,75,33,24,14312,7216,0.21540709018320808,110,57,25609,23268,3078,1320,21030,25255,44522,33719,0,0,16487,2320,5996,470,1029,37,96,0,0,258,63785,2319,7144,0,0,0,0,0
656,3003,657.0920174252449,99941,145,67,33,24,14338,7221,0.2157172731911828,107,67,25611,23292,3079,1325,21024,25224,44568,33776,0,0,16409,2305,6007,470,1036,38,96,0,0,281,63840,2308,7151,0,0,0,0,0
657,3003,658.204163309063,99941,154,71,33,24,14372,7239,0.21623758017230166,119,68,25639,23354,3084,1332,20970,25150,44613,33832,0,0,16330,2294,6013,471,1042,39,99,0,0,308,63889,2293,7163,0,0,0,0,0
658,3003,659.3148080938549,99941,161,70,33,24,14396,7257,0.21665782811858997,127,66,25655,23403,3086,1339,20937,25097,44658,33888,0,0,16247,2279,6027,470,1049,39,106,0,0,331,63942,2284,7167,0,0,0,0,0
659,3003,660.0546550162736,99941,172,75,33,24,14426,7265,0.21703805245094607,129,70,25660,23414,3088,1332,20917,25084,44702,33943,0,0,16168,2267,6039,467,1055,39,111,0,0,345,64002,2274,7174,0,0,0,0,0
660,3003,661.1640002306631,99940,165,88,34,24,14453,7287,0.2175305183109866,141,71,25680,23462,3099,1335,20880,25019,44746,33997,0,0,16083,2260,6042,467,1063,39,115,0,0,374,64053,2263,7181,0,0,0,0,0
661,3003,662.2721867117036,99940,182,93,34,24,14492,7307,0.21812087252351411,131,71,25696,23486,3102,1345,20854,24980,44789,34051,0,0,16003,2243,6057,470,1065,39,125,0,0,396,64101,2250,7191,0,0,0,0,0
662,3003,663.0106954889426,99940,194,91,34,24,14518,7320,0.2185111066639984,131,75,25685,23504,3104,1353,20851,24952,44832,34104,0,0,15923,2236,6059,470,1072,39,128,0,0,415,64159,2238,7201,0,0,0,0,0
663,3003,664.1182824939648,99940,210,95,34,24,14559,7339,0.2191114668801281,146,79,25691,23560,3114,1364,20804,24877,44875,34157,0,0,15842,2227,6065,472,1075,39,136,0,0,442,64205,2222,7215,0,0,0,0,0
664,3003,665.2251237606489,99940,222,92,34,24,14598,7354,0.21965179107464478,162,90,25726,23601,3114,1370,20741,24822,44917,34209,0,0,15761,2216,6071,474,1081,40,141,0,0,472,64251,2213,7220,0,0,0,0,0
665,3003,666.3303175954434,99940,236,97,34,24,14638,7378,0.2202921753051831,182,80,25719,23642,3119,1384,20709,24772,44959,34261,0,0,15677,2205,6076,475,1094,40,147,0,0,497,64304,2207,7218,0,0,0,0,0
666,3003,667.0670328232538,99940,255,99,34,24,14680,7395,0.22088252951771062,175,75,25708,23659,3125,1393,20702,24749,45000,34312,0,0,15597,2196,6082,475,1100,40,151,0,0,525,64352,2200,7222,0,0,0,0,0
667,3003,668.1724926052818,99940,276,109,34,24,14738,7420,0.22171302781669,182,75,25714,23718,3141,1394,20652,24679,45041,34362,0,0,15509,2184,6087,476,1110,40,165,0,0,552,64399,2194,7224,0,0,0,0,0
668,3003,669.2771358919325,99940,278,115,34,24,14793,7446,0.22252351410846508,194,80,25713,23768,3183,1404,20597,24608,45082,34412,0,0,15419,2177,6091,478,1115,40,181,0,0,602,64423,2182,7232,0,0,0,0,0
669,3003,670.0132995817152,99940,288,112,34,24,14829,7462,0.22304382629577746,197,96,25697,23786,3200,1417,20583,24564,45122,34461,0,0,15327,2172,6093,476,1120,40,197,0,0,628,64473,2176,7238,0,0,0,0,0
670,3003,671.1181763198763,99940,304,116,34,24,14883,7488,0.22384430658395038,217,96,25711,23825,3214,1432,20519,24506,45162,34510,0,0,15245,2160,6101,477,1128,41,211,0,0,662,64506,2166,7243,0,0,0,0,0
671,3003,672.2220467635299,99940,305,136,34,24,14936,7521,0.22470482289373625,224,98,25728,23855,3241,1438,20467,24448,45201,34558,0,0,15159,2146,6114,483,1133,41,229,0,0,698,64538,2155,7244,0,0,0,0,0
672,3003,673.3251724137009,99940,316,136,34,24,14990,7544,0.22547528517110266,251,104,25731,23897,3260,1456,20407,24382,45240,34606,0,0,15075,2140,6117,484,1147,41,241,0,0,736,64571,2145,7243,0,0,0,0,0
673,3003,674.0601534090335,99940,327,149,34,24,15035,7572,0.22620572343406042,273,103,25722,23902,3272,1468,20371,24353,45279,34653,0,0,14994,2129,6121,486,1156,41,251,0,0,764,64614,2139,7245,0,0,0,0,0
674,3003,675.1624372184818,99939,343,156,35,24,15118,7605,0.22736869490389136,261,108,25720,23953,3323,1485,20317,24273,45317,34700,0,0,14910,2118,6124,488,1169,42,268,0,0,822,64622,2129,7247,0,0,0,0,0
675,3003,676.264499960025,99938,375,156,36,24,15190,7627,0.22831155316296103,275,124,25715,24000,3338,1500,20260,24195,45355,34746,0,0,14828,2110,6129,490,1174,42,284,0,0,860,64649,2117,7255,0,0,0,0,0
676,3003,677.3662142219206,99937,384,170,37,24,15270,7663,0.22947456897845642,300,122,25699,24034,3384,1513,20195,24136,45393,34792,0,0,14739,2104,6128,490,1189,42,303,0,0,917,64661,2107,7257,0,0,0,0,0
677,3003,678.1007481874725,99937,406,181,37,24,15320,7690,0.2302450543842621,320,121,25691,24041,3394,1525,20151,24107,45430,34837,0,0,14665,2099,6130,489,1198,43,308,0,0,946,64701,2100,7258,0,0,0,0,0
678,3003,679.2024577332518,99937,425,175,37,24,15402,7722,0.23138577303701333,352,133,25662,24064,3438,1550,20085,24053,45467,34882,0,0,14573,2093,6129,491,1214,44,333,0,0,1002,64712,2089,7257,0,0,0,0,0
679,3003,680.3044591339667,99937,469,190,37,24,15509,7766,0.23289672493671013,354,142,25648,24077,3481,1567,20010,23999,45503,34926,0,0,14497,2085,6131,492,1230,45,348,0,0,1059,64715,2077,7258,0,0,0,0,0
680,3003,681.0390967946465,99936,495,201,37,25,15580,7795,0.2338996958053154,361,154,25636,24080,3503,1579,19967,23960,45539,34970,0,0,14427,2073,6134,497,1242,45,354,0,0,1096,64740,2067,7261,0,0,0,0,0
681,3003,682.1411193587106,99935,493,204,38,25,15669,7829,0.23513283634362336,401,162,25609,24124,3568,1603,19890,23881,45575,35013,0,0,14351,2057,6142,497,1255,46,374,0,0,1182,64709,2060,7262,0,0,0,0,0
682,3003,683.243345179912,99934,524,221,39,25,15781,7877,0.2367362459223087,418,179,25605,24160,3612,1623,19801,23791,45610,35056,0,0,14265,2041,6148,507,1265,46,396,0,0,1251,64704,2052,7259,0,0,0,0,0
683,3003,684.345038370895,99934,571,242,39,25,15909,7923,0.2384773950807533,427,197,25582,24195,3661,1639,19719,23701,45645,35098,0,0,14186,2029,6151,515,1280,48,415,0,0,1311,64704,2039,7256,0,0,0,0,0
684,3003,685.079560045545,99934,599,255,39,25,15995,7962,0.23972822062561291,438,202,25542,24218,3699,1657,19682,23642,45680,35140,0,0,14099,2021,6153,518,1289,49,440,0,0,1356,64721,2029,7259,0,0,0,0,0
685,3003,686.1827185913144,99934,614,264,39,25,16105,8016,0.24136930374046872,510,211,25487,24256,3757,1694,19592,23549,45714,35181,0,0,14014,2007,6156,523,1309,51,473,0,0,1433,64695,2015,7258,0,0,0,0,0
686,3003,687.2867262507478,99934,649,281,39,25,16233,8084,0.24333059819480857,525,220,25443,24264,3816,1736,19527,23473,45748,35222,0,0,13938,1996,6159,520,1325,54,499,0,0,1531,64647,2003,7262,0,0,0,0,0
687,3003,688.0232714207102,99934,685,281,39,25,16333,8117,0.24466147657453918,528,234,25416,24267,3860,1762,19471,23430,45782,35263,0,0,13858,1987,6164,522,1329,56,517,0,0,1600,64640,1997,7264,0,0,0,0,0
688,3003,689.1293556620224,99933,721,298,40,25,16485,8181,0.24682537299990995,543,243,25360,24294,3949,1799,19386,23340,45815,35303,0,0,13767,1977,6161,533,1349,58,549,0,0,1694,64604,1981,7260,0,0,0,0,0
689,3003,690.2368615275498,99932,727,322,41,25,16633,8255,0.2490493535604211,570,257,25312,24328,4058,1843,19291,23224,45848,35343,0,0,13671,1969,6156,538,1374,62,581,0,0,1812,64546,1975,7248,0,0,0,0,0
690,3003,691.3456464388328,99932,752,342,41,25,16793,8342,0.2515210343033263,603,244,25250,24345,4158,1897,19195,23146,45881,35382,0,0,13583,1957,6150,542,1408,63,611,0,0,1941,64475,1966,7236,0,0,0,0,0
691,3003,692.0859391342995,99932,797,356,41,25,16921,8394,0.25332225913621265,604,245,25219,24352,4217,1928,19121,23093,45914,35421,0,0,13502,1947,6148,549,1424,64,634,0,0,2013,64460,1955,7236,0,0,0,0,0
692,3003,693.1975079547535,99931,825,369,42,25,17086,8466,0.2556964305370706,647,242,25157,24380,4309,1973,19019,23010,45946,35459,0,0,13417,1937,6139,562,1452,65,664,0,0,2129,64393,1935,7238,0,0,0,0,0
693,3003,694.3103373829338,99929,877,383,43,26,17262,8545,0.25825335988551873,669,274,25116,24364,4395,2021,18899,22931,45978,35497,0,0,13340,1925,6133,567,1482,65,686,0,0,2256,64319,1925,7231,0,0,0,0,0
694,3003,695.0526366440264,99929,901,400,43,26,17386,8600,0.26004463168849884,672,288,25059,24363,4470,2053,18854,22869,46010,35535,0,0,13272,1913,6137,575,1503,66,699,0,0,2347,64282,1913,7222,0,0,0,0,0
695,3003,696.1679476762325,99927,954,412,45,26,17580,8675,0.262741801515106,676,325,25006,24344,4573,2106,18745,22786,46041,35572,0,0,13180,1900,6125,589,1534,67,731,0,0,2465,64219,1902,7215,0,0,0,0,0
696,3003,697.2848302057288,99926,1000,431,46,26,17782,8761,0.26562656365710624,735,355,24936,24347,4676,2162,18606,22678,46072,35609,0,0,13096,1888,6120,606,1565,71,759,0,0,2599,64136,1886,7200,0,0,0,0,0
697,3003,698.0303227004761,99925,1022,440,46,27,17919,8819,0.2675806855141356,767,372,24870,24358,4758,2202,18536,22600,46103,35645,0,0,13023,1875,6118,612,1592,72,782,0,0,2696,64082,1874,7199,0,0,0,0,0
698,3003,699.1504555853261,99925,1113,460,46,27,18170,8917,0.27107330497873405,776,396,24796,24346,4860,2261,18408,22509,46134,35681,0,0,12935,1861,6117,619,1631,72,819,0,0,2844,63979,1864,7184,0,0,0,0,0
699,3003,700.2727131622586,99923,1169,480,47,28,18397,9027,0.2744513275221921,819,426,24714,24330,4982,2333,18268,22402,46164,35717,0,0,12840,1849,6111,638,1662,75,856,0,0,3004,63870,1847,7171,0,0,0,0,0
700,3003,701.022051387495,99923,1194,515,47,28,18546,9112,0.2767931307106472,863,426,24638,24313,5064,2375,18193,22342,46194,35752,0,0,12756,1839,6100,647,1686,79,882,0,0,3108,63821,1841,7164,0,0,0,0,0
701,3003,702.1484516286622,99922,1236,558,47,29,18796,9236,0.28053882027981825,927,439,24522,24310,5216,2430,18051,22233,46224,35787,0,0,12643,1824,6094,656,1724,83,940,0,0,3276,63703,1833,7146,0,0,0,0,0
702,3003,703.2781479753941,99921,1295,595,48,29,19061,9362,0.28445471922819027,953,455,24427,24310,5364,2505,17912,22105,46253,35822,0,0,12530,1816,6088,672,1760,86,998,0,0,3445,63580,1816,7130,0,0,0,0,0
703,3003,704.0329009274178,99921,1336,602,48,29,19244,9442,0.287086798570871,979,482,24335,24290,5468,2565,17833,22031,46282,35856,0,0,12456,1807,6084,683,1785,88,1023,0,0,3587,63481,1798,7129,0,0,0,0,0
704,3003,705.1689669994768,99919,1402,657,48,31,19526,9584,0.2913359821455379,1026,507,24176,24289,5636,2631,17711,21884,46311,35890,0,0,12346,1799,6068,688,1844,90,1080,0,0,3753,63360,1787,7104,0,0,0,0,0
705,3003,706.3100783300443,99918,1480,693,49,31,19819,9720,0.29563241858323824,1034,549,24055,24256,5798,2715,17583,21755,46340,35923,0,0,12255,1788,6052,707,1893,94,1113,0,0,3949,63213,1774,7080,0,0,0,0,0
706,3003,707.0733188340791,99917,1499,724,50,31,20006,9815,0.29845771990752323,1095,560,23950,24224,5915,2767,17490,21693,46368,35956,0,0,12174,1779,6042,719,1932,96,1142,0,0,4084,63118,1761,7070,0,0,0,0,0
707,3003,708.2224741379235,99915,1601,768,52,31,20349,10009,0.30383826252314466,1081,551,23822,24194,6096,2894,17347,21561,46396,35989,0,0,12066,1761,6024,740,1997,98,1206,0,0,4305,62928,1738,7052,0,0,0,0,0
708,3003,709.3759495962295,99914,1657,820,53,31,20668,10195,0.30889565025922294,1151,552,23660,24175,6290,2992,17188,21429,46424,36021,0,0,11960,1743,6012,752,2053,105,1267,0,0,4543,62721,1727,7031,0,0,0,0,0
709,3003,710.1481360453802,99912,1692,841,55,31,20906,10292,0.3122547842101049,1186,600,23550,24123,6449,3052,17067,21352,46452,36053,0,0,11871,1735,6002,763,2095,108,1307,0,0,4709,62592,1710,7020,0,0,0,0,0
710,3003,711.3112455584754,99911,1769,881,56,31,21257,10462,0.3174725505700073,1206,607,23416,24112,6663,3158,16889,21210,46479,36085,0,0,11750,1720,5986,780,2142,110,1376,0,0,4964,62379,1699,7005,0,0,0,0,0
711,3003,712.0894358637947,99907,1768,924,60,31,21484,10601,0.3211486682614832,1222,595,23320,24078,6843,3241,16786,21130,46506,36116,0,0,11659,1707,5977,799,2192,116,1417,0,0,5140,62233,1678,6989,0,0,0,0,0
712,3003,713.2621562944315,99906,1834,934,60,32,21837,10766,0.32633675655115807,1293,627,23145,24045,7055,3366,16612,20995,46533,36147,0,0,11543,1686,5965,819,2260,118,1485,0,0,5402,62005,1663,6960,0,0,0,0,0
713,3003,714.0477514746489,99905,1884,976,61,32,22094,10913,0.3303838646714379,1320,615,23030,24004,7212,3455,16492,20917,46560,36178,0,0,11463,1671,5947,834,2326,121,1515,0,0,5576,61861,1654,6937,0,0,0,0,0
714,3003,715.2316767678341,99904,1917,989,62,32,22472,11101,0.33605261050608587,1399,662,22852,23946,7483,3600,16286,20770,46586,36208,0,0,11340,1654,5925,861,2406,127,1586,0,0,5878,61590,1634,6903,0,0,0,0,0
715,3003,716.0245898122035,99904,1996,992,62,32,22766,11210,0.34008648302370276,1414,706,22724,23925,7633,3677,16170,20667,46612,36238,0,0,11237,1647,5907,870,2446,132,1642,0,0,6075,61433,1621,6894,0,0,0,0,0
716,3003,717.2207315285497,99902,2094,1023,63,33,23198,11420,0.3465195891974135,1460,742,22529,23884,7880,3821,15973,20496,46638,36268,0,0,11110,1634,5880,895,2537,141,1713,0,0,6344,61183,1606,6859,0,0,0,0,0
717,3003,718.0223490056388,99899,2129,1048,65,34,23479,11554,0.3506841910329433,1500,788,22391,23848,8063,3906,15851,20375,46664,36297,0,0,11023,1623,5857,904,2600,145,1755,0,0,6552,61001,1591,6848,0,0,0,0,0
718,3003,719.2319626128786,99897,2194,1111,66,35,23925,11793,0.35754827472296463,1548,809,22181,23784,8351,4042,15659,20218,46689,36326,0,0,10909,1605,5826,927,2698,153,1821,0,0,6874,60701,1572,6811,0,0,0,0,0
719,3003,720.0434567888782,99895,2222,1161,68,35,24226,11963,0.36227038390309824,1611,826,22026,23721,8554,4145,15518,20111,46714,36355,0,0,10820,1583,5807,952,2771,156,1864,0,0,7092,60506,1558,6786,0,0,0,0,0
720,3003,721.2686827978395,99893,2309,1202,69,36,24734,12207,0.3698056920905369,1604,831,21840,23662,8848,4317,15329,19951,46739,36384,0,0,10698,1568,5781,971,2865,164,1934,0,0,7472,60140,1545,6755,0,0,0,0,0
721,3003,722.0906576978635,99892,2356,1211,70,36,25064,12355,0.37459456212709724,1621,891,21703,23599,9044,4434,15205,19828,46764,36412,0,0,10597,1552,5761,990,2941,166,1992,0,0,7713,59924,1526,6730,0,0,0,0,0
722,3003,723.3309425529529,99891,2466,1263,71,36,25600,12639,0.3828072599133055,1678,886,21449,23503,9355,4638,14980,19673,46789,36440,0,0,10448,1532,5732,1028,3042,175,2086,0,0,8085,59576,1506,6681,0,0,0,0,0
723,3003,724.1640521261805,99890,2522,1309,72,36,25940,12824,0.388066873560917,1713,887,21303,23459,9555,4751,14834,19557,46813,36468,0,0,10338,1514,5719,1050,3101,180,2148,0,0,8328,59361,1492,6659,0,0,0,0,0
724,3003,725.0020085200989,99889,2597,1335,73,36,26329,13016,0.39388721480843736,1678,886,21167,23395,9792,4888,14692,19459,46837,36495,0,0,10216,1493,5703,1072,3186,187,2227,0,0,8571,59129,1479,6626,0,0,0,0,0
725,3003,726.2682300204001,99886,2611,1407,76,36,26858,13323,0.4022685861882546,1785,902,20932,23321,10147,5067,14448,19266,46861,36522,0,0,10072,1475,5672,1097,3300,201,2318,0,0,9014,58700,1462,6575,0,0,0,0,0
726,3003,727.1189276597698,99882,2641,1434,79,37,27247,13512,0.4080715243987906,1807,931,20771,23263,10405,5183,14296,19151,46885,36549,0,0,9956,1459,5652,1116,3393,208,2389,0,0,9299,58428,1447,6535,0,0,0,0,0
727,3003,728.4052988509845,99882,2714,1497,79,37,27831,13831,0.4171121923870167,1884,945,20499,23190,10749,5382,14074,18948,46909,36576,0,0,9790,1441,5615,1153,3513,225,2504,0,0,9710,58025,1422,6484,0,0,0,0,0
728,3003,729.2707610576224,99879,2758,1501,82,37,28230,14040,0.423212086624816,1916,976,20348,23130,10982,5546,13913,18809,46932,36602,0,0,9670,1424,5591,1176,3617,232,2574,0,0,10005,57736,1407,6447,0,0,0,0,0
729,3003,730.1421241636208,99878,2849,1553,82,38,28690,14278,0.4302048499168986,1925,1007,20146,23055,11254,5688,13743,18658,46955,36628,0,0,9542,1410,5569,1213,3693,247,2653,0,0,10295,57454,1382,6420,0,0,0,0,0
730,3003,731.0197557442533,99877,2934,1568,82,39,29115,14498,0.43666710053365637,1937,996,19973,22999,11476,5854,13597,18543,46978,36654,0,0,9430,1394,5544,1246,3789,256,2711,0,0,10587,57172,1366,6382,0,0,0,0,0
731,3003,732.3488865265142,99875,3031,1630,83,40,29770,14861,0.4468685857321652,2012,1055,19683,22866,11852,6083,13338,18325,47001,36680,0,0,9296,1372,5501,1284,3945,268,2793,0,0,11068,56677,1342,6329,0,0,0,0,0
732,3003,733.2437181853963,99874,3099,1643,84,40,30221,15086,0.45364158840138574,2060,1102,19473,22771,12101,6247,13182,18196,47023,36705,0,0,9190,1360,5466,1306,4065,282,2846,0,0,11379,56364,1332,6284,0,0,0,0,0
733,3003,734.1463437904971,99871,3164,1690,86,41,30692,15328,0.4607944248080023,2049,1114,19317,22700,12364,6397,13019,18057,47045,36730,0,0,9059,1338,5430,1338,4186,292,2927,0,0,11668,56077,1316,6240,0,0,0,0,0
734,3003,735.0556471453172,99870,3211,1739,87,41,31151,15621,0.4683288274757184,2082,1072,19132,22619,12634,6591,12853,17937,47067,36755,0,0,8927,1322,5404,1362,4294,303,3008,0,0,12030,55715,1305,6200,0,0,0,0,0
735,3003,736.4333052772496,99870,3277,1768,87,41,31856,16011,0.4792930810053069,2120,1137,18903,22485,13032,6873,12580,17695,47089,36779,0,0,8772,1292,5360,1402,4475,328,3110,0,0,12559,55159,1285,6128,0,0,0,0,0
736,3003,737.3599264656423,99866,3323,1810,90,42,32355,16293,0.4871327578955801,2099,1121,18720,22392,13334,7061,12433,17573,47111,36803,0,0,8655,1279,5328,1439,4615,338,3174,0,0,12907,54791,1259,6081,0,0,0,0,0
737,3003,738.2943145877638,99864,3399,1852,92,42,32860,16569,0.49496314988384205,2124,1139,18531,22297,13602,7235,12251,17434,47133,36827,0,0,8550,1266,5307,1463,4748,351,3227,0,0,13246,54428,1242,6036,0,0,0,0,0
738,3003,739.236786137341,99864,3423,1841,92,42,33364,16834,0.5026636225266362,2162,1166,18340,22233,13903,7449,12079,17268,47154,36851,0,0,8436,1246,5276,1501,4883,373,3286,0,0,13629,54013,1226,5995,0,0,0,0,0
739,3003,740.1880032972622,99862,3534,1889,94,42,33910,17136,0.5111654082634035,2122,1196,18170,22145,14167,7634,11912,17093,47175,36875,0,0,8331,1228,5248,1530,5009,399,3348,0,0,13971,53642,1207,5949,0,0,0,0,0
740,3003,741.1472699436835,99858,3573,1896,96,44,34440,17421,0.5193474734122454,2149,1218,17970,22049,14476,7844,11735,16948,47196,36898,0,0,8192,1214,5212,1556,5152,425,3429,0,0,14343,53248,1194,5893,0,0,0,0,0
741,3003,742.1157961415072,99856,3550,1916,98,44,34923,17714,0.527129065854831,2240,1246,17764,21919,14799,8061,11548,16813,47217,36921,0,0,8073,1195,5182,1598,5291,443,3494,0,0,14745,52815,1171,5849,0,0,0,0,0
742,3003,743.0941214489064,99854,3629,1981,98,46,35493,18035,0.5360626514711478,2260,1256,17558,21821,15081,8246,11373,16649,47238,36944,0,0,7938,1171,5150,1632,5425,466,3581,0,0,15106,52428,1155,5802,0,0,0,0,0
743,3003,744.0823147241947,99851,3638,2029,100,47,36031,18369,0.5448117695366096,2278,1259,17355,21714,15409,8457,11219,16493,47258,36967,0,0,7813,1153,5113,1662,5559,496,3655,0,0,15523,51977,1136,5764,0,0,0,0,0
744,3003,745.0809552974147,99847,3721,2062,104,47,36638,18691,0.5541378308812483,2272,1286,17109,21601,15749,8659,11044,16344,47278,36989,0,0,7691,1133,5080,1695,5719,519,3729,0,0,15911,51543,1113,5714,0,0,0,0,0
745,3003,746.0919709331403,99842,3809,2105,108,48,37244,19024,0.5635704412972496,2284,1279,16888,21518,16037,8879,10873,16170,47298,37011,0,0,7554,1116,5037,1730,5882,543,3807,0,0,16279,51132,1099,5663,0,0,0,0,0
746,3003,747.1148583679465,99841,3754,2128,108,49,37787,19346,0.5722398613795936,2331,1289,16664,21401,16430,9091,10712,16041,47318,37033,0,0,7435,1099,4991,1749,6082,572,3883,0,0,16687,50652,1078,5613,0,0,0,0,0
747,3003,748.1512752559775,99836,3790,2133,111,51,38390,19661,0.5814636003044994,2332,1295,16469,21304,16760,9311,10537,15905,47338,37055,0,0,7304,1086,4955,1778,6245,605,3961,0,0,17095,50177,1062,5568,0,0,0,0,0
748,3003,749.1900262535116,99833,3781,2129,114,51,38955,19974,0.5902757605200685,2344,1356,16284,21175,17098,9547,10378,15741,47358,37076,0,0,7191,1070,4914,1808,6448,629,4018,0,0,17504,49701,1046,5504,0,0,0,0,0
749,3003,750.2076589869193,99829,3859,2174,117,52,39565,20303,0.5997054963988421,2318,1368,16090,21045,17391,9764,10224,15596,47377,37097,0,0,7068,1051,4882,1849,6628,656,4082,0,0,17832,49298,1028,5455,0,0,0,0,0
750,3003,751.2061495139744,99825,3863,2210,119,54,40100,20649,0.6085549711995993,2359,1345,15921,20933,17674,9991,10063,15466,47396,37118,0,0,6949,1039,4849,1873,6804,684,4150,0,0,18216,48846,1014,5401,0,0,0,0,0
751,3003,752.187801235269,99824,3845,2252,119,55,40640,21005,0.6175368648821926,2377,1318,15762,20828,17991,10222,9905,15324,47415,37139,0,0,6814,1019,4803,1909,6990,712,4233,0,0,18592,48402,995,5355,0,0,0,0,0
752,3003,753.1527951228821,99821,3897,2264,122,55,41198,21323,0.6263311327275823,2423,1317,15542,20756,18255,10426,9760,15181,47434,37160,0,0,6708,1006,4777,1943,7156,740,4285,0,0,18953,47971,971,5311,0,0,0,0,0
753,3003,754.1017613961358,99817,3886,2291,126,55,41775,21659,0.6355029704358977,2397,1285,15400,20665,18588,10651,9602,15052,47453,37180,0,0,6593,988,4726,1984,7356,771,4335,0,0,19340,47511,959,5254,0,0,0,0,0
754,3003,755.0344136792096,99815,3895,2278,127,56,42306,21941,0.6436607724289937,2425,1330,15245,20576,18850,10850,9457,14909,47472,37200,0,0,6490,969,4682,2016,7528,808,4393,0,0,19684,47087,944,5214,0,0,0,0,0
755,3003,756.4065025362037,99812,3892,2319,129,57,43081,22418,0.6562237005570473,2425,1335,15018,20401,19294,11161,9241,14726,47491,37220,0,0,6342,947,4629,2050,7825,853,4482,0,0,20155,46471,926,5132,0,0,0,0,0
756,3003,757.3034927288364,99811,3886,2332,130,57,43608,22720,0.6645359729889491,2385,1351,14892,20301,19602,11373,9104,14585,47509,37240,0,0,6247,937,4593,2076,7979,906,4522,0,0,20504,46050,911,5086,0,0,0,0,0
757,3003,758.1870416842623,99810,3882,2302,131,57,44125,22993,0.6724576695721871,2348,1358,14779,20202,19875,11602,8984,14478,47527,37260,0,0,6140,925,4556,2101,8140,948,4575,0,0,20854,45621,899,5051,0,0,0,0,0
758,3003,759.0582928024542,99809,3925,2288,132,57,44652,23290,0.6807201755352724,2298,1373,14633,20089,20140,11838,8871,14354,47545,37279,0,0,6023,912,4520,2134,8302,984,4634,0,0,21172,45227,884,5017,0,0,0,0,0
759,3003,760.3443341178411,99806,3884,2319,135,57,45348,23718,0.6920024848205518,2299,1321,14452,20017,20517,12122,8712,14163,47563,37298,0,0,5886,895,4463,2195,8556,1037,4688,0,0,21588,44678,865,4955,0,0,0,0,0
760,3003,761.1884955172205,99806,3915,2349,135,57,45853,23991,0.699797607358275,2267,1324,14326,19929,20742,12271,8614,14069,47581,37317,0,0,5812,878,4431,2214,8705,1081,4711,0,0,21885,44317,854,4918,0,0,0,0,0
761,3003,762.0232210814228,99805,3902,2341,136,57,46292,24255,0.7068483542908672,2297,1327,14209,19867,20942,12438,8513,13969,47599,37336,0,0,5727,866,4403,2237,8894,1117,4736,0,0,22109,43993,839,4884,0,0,0,0,0
762,3003,763.259827121357,99800,3911,2340,136,62,47006,24656,0.7180561122244489,2262,1294,14034,19797,21305,12718,8351,13788,47616,37355,0,0,5618,852,4355,2274,9139,1179,4782,0,0,22531,43434,814,4822,0,0,0,0,0
763,3003,764.0729955152055,99798,3926,2303,138,62,47472,24885,0.7250345698310587,2265,1319,13914,19734,21518,12900,8238,13681,47633,37374,0,0,5537,843,4323,2305,9288,1223,4811,0,0,22811,43076,803,4778,0,0,0,0,0
764,3003,765.2769153560442,99795,3957,2284,140,63,48144,25255,0.7354977704293802,2242,1325,13772,19629,21818,13159,8070,13539,47650,37392,0,0,5422,829,4285,2333,9533,1287,4861,0,0,23157,42599,789,4700,0,0,0,0,0
765,3003,766.0701873257235,99793,3969,2292,142,63,48599,25514,0.7426673213552053,2211,1300,13683,19573,22021,13323,7973,13448,47667,37410,0,0,5354,815,4248,2357,9686,1342,4885,0,0,23397,42270,780,4659,0,0,0,0,0
766,3003,767.2466713634835,99791,3975,2262,144,63,49276,25884,0.7531741339399345,2174,1325,13532,19480,22324,13587,7850,13282,47684,37428,0,0,5232,798,4192,2397,9961,1387,4938,0,0,23764,41758,763,4601,0,0,0,0,0
767,3003,768.0224799474237,99790,3992,2264,145,63,49710,26137,0.7600661388916725,2129,1342,13455,19414,22527,13739,7751,13177,47701,37446,0,0,5149,793,4157,2429,10113,1430,4956,0,0,23985,41459,750,4569,0,0,0,0,0
768,3003,769.1732975378777,99784,3963,2306,151,63,50339,26534,0.7703940511504851,2135,1313,13312,19317,22822,13963,7616,13037,47718,37464,0,0,5038,777,4116,2484,10346,1496,4987,0,0,24299,40999,740,4502,0,0,0,0,0
769,3003,770.3095765054429,99784,3949,2269,151,63,50946,26891,0.7800549186242284,2123,1336,13169,19198,23114,14211,7493,12922,47735,37481,0,0,4921,763,4071,2531,10576,1562,5035,0,0,24627,40534,722,4442,0,0,0,0,0
770,3003,771.0594936731667,99782,3915,2289,152,64,51303,27152,0.786264055641298,2190,1352,13068,19122,23283,14353,7391,12819,47751,37498,0,0,4852,754,4046,2561,10718,1608,5052,0,0,24815,40249,706,4421,0,0,0,0,0
771,3003,772.1731453725437,99781,3824,2313,153,64,51867,27535,0.7957627203575831,2202,1289,12963,19068,23584,14582,7273,12683,47767,37515,0,0,4763,742,3996,2616,10957,1682,5061,0,0,25113,39790,689,4372,0,0,0,0,0
772,3003,773.2738210512654,99778,3838,2265,156,64,52438,27857,0.8047365150634408,2229,1324,12844,18969,23800,14817,7132,12560,47783,37532,0,0,4670,731,3964,2647,11153,1740,5087,0,0,25451,39330,678,4327,0,0,0,0,0
773,3003,774.0019772088089,99774,3855,2295,160,64,52854,28114,0.8115140216890172,2171,1308,12759,18920,23969,14935,7085,12477,47799,37549,0,0,4606,721,3935,2661,11327,1777,5101,0,0,25628,39059,668,4291,0,0,0,0,0
774,3003,775.0847924478712,99770,3871,2346,163,65,53479,28466,0.8213390798837326,2130,1271,12647,18868,24234,15101,6954,12348,47815,37566,0,0,4527,703,3890,2704,11525,1859,5115,0,0,25872,38664,653,4258,0,0,0,0,0
775,3003,776.1564065386826,99769,3884,2359,164,65,54049,28816,0.8305686134971785,2082,1274,12561,18793,24470,15293,6838,12215,47831,37582,0,0,4455,690,3847,2746,11758,1913,5118,0,0,26140,38259,637,4206,0,0,0,0,0
776,3003,777.217665644865,99764,3877,2326,167,67,54634,29155,0.8398720981516379,2027,1239,12475,18738,24727,15545,6726,12084,47847,37598,0,0,4365,682,3806,2760,12020,1980,5146,0,0,26386,37842,625,4152,0,0,0,0,0
777,3003,778.2690388377969,99761,3818,2295,170,67,55169,29480,0.8485179579194274,2007,1213,12400,18712,24992,15760,6612,11952,47862,37614,0,0,4266,668,3763,2805,12250,2063,5175,0,0,26599,37461,611,4100,0,0,0,0,0
778,3003,779.3106393920124,99759,3787,2282,172,67,55701,29782,0.8568951172325304,1963,1233,12314,18656,25224,15936,6539,11825,47877,37630,0,0,4171,657,3731,2831,12447,2140,5207,0,0,26824,37087,602,4062,0,0,0,0,0
779,3003,780.0002899773472,99758,3739,2262,173,67,56038,30006,0.862527316104974,1977,1225,12266,18633,25379,16081,6465,11731,47892,37646,0,0,4110,646,3710,2866,12579,2189,5205,0,0,27010,36809,596,4038,0,0,0,0,0
780,3003,781.0277073527033,99757,3666,2245,174,67,56502,30314,0.8702747676854757,1969,1184,12196,18580,25619,16285,6375,11638,47907,37662,0,0,4045,638,3680,2885,12772,2259,5211,0,0,27277,36395,589,4006,0,0,0,0,0
781,3003,782.0471050634387,99754,3634,2257,177,67,56981,30640,0.8783707921486857,1940,1112,12174,18559,25803,16462,6271,11542,47922,37678,0,0,3985,630,3649,2916,12979,2318,5215,0,0,27510,36017,570,3965,0,0,0,0,0
782,3003,783.059753912668,99750,3602,2204,179,69,57444,30903,0.8856842105263157,1908,1156,12119,18500,26004,16652,6187,11418,47937,37693,0,0,3908,624,3616,2934,13157,2388,5238,0,0,27743,35651,558,3933,0,0,0,0,0
783,3003,784.0654850088016,99748,3601,2212,181,69,57916,31207,0.8934815735653848,1912,1130,12052,18466,26146,16811,6107,11311,47952,37708,0,0,3843,614,3581,2965,13330,2458,5241,0,0,27956,35314,547,3899,0,0,0,0,0
784,3003,785.0660356830962,99746,3528,2155,183,69,58363,31472,0.9006376195536663,1890,1120,12012,18409,26347,17006,6039,11240,47967,37723,0,0,3783,602,3546,2989,13527,2545,5242,0,0,28155,34963,541,3853,0,0,0,0,0
785,3003,786.0605442077192,99744,3527,2112,185,69,58848,31737,0.9081749278152069,1821,1107,11947,18367,26546,17200,5973,11144,47982,37738,0,0,3731,593,3520,3012,13718,2637,5233,0,0,28302,34655,529,3814,0,0,0,0,0
786,3003,787.0487729711583,99740,3476,2058,189,69,59289,32001,0.9152797272909565,1806,1116,11910,18348,26723,17370,5895,11038,47996,37753,0,0,3662,584,3487,3048,13913,2722,5242,0,0,28431,34341,520,3790,0,0,0,0,0
787,3003,788.0314637016822,99736,3394,2066,192,70,59701,32280,0.9222447260768428,1775,1073,11861,18318,26932,17524,5845,10948,48010,37768,0,0,3598,574,3457,3069,14101,2801,5245,0,0,28575,34047,515,3754,0,0,0,0,0
788,3003,789.0079729148184,99735,3366,2062,192,71,60136,32545,0.9292725723166391,1745,1039,11822,18272,27098,17684,5776,10871,48024,37783,0,0,3534,563,3429,3090,14285,2872,5254,0,0,28734,33756,504,3714,0,0,0,0,0
789,3003,790.3020965724415,99733,3296,2014,193,72,60675,32888,0.9381348199693181,1739,1015,11776,18229,27307,17910,5688,10759,48038,37797,0,0,3460,552,3390,3127,14570,2953,5259,0,0,28910,33349,495,3668,0,0,0,0,0
790,3003,791.2678902019976,99730,3243,1949,196,72,61074,33105,0.9443397172365386,1723,1038,11761,18212,27450,18054,5626,10674,48052,37811,0,0,3390,543,3358,3159,14748,3028,5267,0,0,29039,33068,490,3640,0,0,0,0,0
791,3003,792.2295123024803,99730,3224,1938,196,72,61489,33350,0.9509575854807981,1696,1025,11734,18197,27576,18180,5573,10587,48066,37825,0,0,3350,536,3328,3179,14905,3108,5256,0,0,29197,32783,484,3604,0,0,0,0,0
792,3003,793.1870541275832,99727,3222,1890,198,73,61923,33581,0.9576543965024517,1618,1023,11698,18164,27755,18338,5508,10511,48080,37839,0,0,3288,529,3305,3207,15078,3186,5251,0,0,29312,32514,477,3580,0,0,0,0,0
793,3003,794.1400365447162,99726,3205,1873,198,74,62327,33825,0.9641618033411548,1593,1001,11663,18133,27902,18470,5438,10448,48094,37853,0,0,3245,520,3283,3218,15232,3259,5245,0,0,29487,32221,467,3549,0,0,0,0,0
794,3003,795.0888833559005,99724,3100,1845,200,74,62675,34050,0.9699269985159039,1593,983,11657,18119,28068,18597,5381,10381,48108,37867,0,0,3196,512,3252,3231,15423,3332,5239,0,0,29599,31950,460,3530,0,0,0,0,0
795,3003,796.0333769493482,99723,3057,1796,201,74,63075,34279,0.9762441964240948,1551,956,11613,18129,28234,18740,5343,10304,48121,37881,0,0,3148,503,3233,3242,15625,3402,5238,0,0,29716,31666,452,3498,0,0,0,0,0
796,3003,797.286699263629,99721,2937,1781,203,74,63523,34579,0.9837647035228287,1527,939,11617,18117,28443,18884,5272,10204,48134,37895,0,0,3090,497,3206,3270,15859,3496,5229,0,0,29835,31332,444,3463,0,0,0,0,0
797,3003,798.2219350964377,99721,2879,1733,203,74,63862,34789,0.9892700634771011,1497,938,11599,18091,28591,19025,5230,10138,48147,37908,0,0,3050,491,3182,3288,16015,3575,5217,0,0,29955,31076,437,3435,0,0,0,0,0
798,3003,799.1539936022651,99720,2840,1705,204,74,64199,35022,0.994995988768552,1495,922,11603,18073,28698,19171,5159,10054,48160,37921,0,0,3001,485,3159,3298,16186,3638,5215,0,0,30066,30827,432,3413,0,0,0,0,0
799,3003,800.0829973361234,99720,2772,1676,204,74,64534,35230,1.000441235459286,1465,919,11601,18040,28852,19297,5105,9993,48173,37934,0,0,2956,482,3137,3320,16358,3709,5203,0,0,30150,30599,424,3382,0,0,0,0,0
800,3003,801.0085897983934,99719,2732,1636,205,74,64864,35413,1.0055957239843962,1408,910,11619,18054,28969,19389,5066,9936,48186,37947,0,0,2909,475,3116,3339,16506,3775,5199,0,0,30248,30377,418,3357,0,0,0,0,0
801,3003,802.239180682395,99716,2714,1595,208,74,65301,35671,1.0125957719924585,1362,908,11642,18085,29066,19493,5007,9844,48199,37960,0,0,2877,463,3095,3359,16726,3851,5179,0,0,30342,30087,407,3330,0,0,0,0,0
802,3003,803.1599861692803,99715,2651,1577,209,74,65594,35867,1.017509903224189,1363,902,11643,18085,29167,19591,4966,9770,48212,37973,0,0,2828,455,3070,3376,16861,3913,5171,0,0,30449,29878,401,3313,0,0,0,0,0
803,3003,804.0785866067791,99713,2605,1624,211,74,65912,36107,1.0231263726896191,1323,837,11661,18079,29255,19657,4944,9728,48225,37986,0,0,2797,452,3047,3379,16999,3987,5157,0,0,30532,29679,394,3290,0,0,0,0,0
804,3003,805.3006441481579,99710,2548,1526,214,74,66328,36317,1.029435362551399,1279,849,11679,18091,29406,19804,4873,9655,48238,37999,0,0,2722,448,3017,3380,17213,4076,5180,0,0,30615,29415,390,3254,0,0,0,0,0
805,3003,806.214516591968,99708,2528,1511,215,75,66623,36509,1.034340273598909,1247,806,11680,18099,29497,19901,4832,9607,48250,38011,0,0,2688,448,2996,3379,17367,4139,5170,0,0,30665,29235,387,3234,0,0,0,0,0
806,3003,807.1264246961948,99708,2485,1496,215,75,66897,36701,1.0390139206482931,1248,794,11706,18103,29550,19985,4795,9546,48262,38023,0,0,2653,437,2980,3402,17517,4199,5157,0,0,30715,29065,383,3200,0,0,0,0,0
807,3003,808.0369047702341,99706,2450,1504,216,76,67174,36881,1.0436182376185987,1228,767,11713,18126,29635,20036,4757,9490,48274,38035,0,0,2622,435,2965,3407,17624,4268,5150,0,0,30789,28890,376,3180,0,0,0,0,0
808,3003,809.2485824625275,99705,2437,1503,217,76,67526,37135,1.0497066345719874,1213,728,11734,18131,29689,20143,4709,9418,48286,38047,0,0,2594,429,2937,3412,17811,4353,5136,0,0,30822,28694,368,3149,0,0,0,0,0
809,3003,810.156379429816,99705,2357,1474,217,76,67794,37279,1.0538388245323704,1188,756,11756,18147,29795,20181,4686,9365,48298,38059,0,0,2561,426,2927,3407,17969,4418,5129,0,0,30856,28527,362,3123,0,0,0,0,0
810,3003,811.0623053683196,99705,2327,1471,217,76,68047,37461,1.0582016950002506,1191,742,11766,18155,29844,20254,4654,9301,48310,38071,0,0,2537,422,2906,3421,18097,4476,5105,0,0,30912,28371,358,3100,0,0,0,0,0
811,3003,812.2678690091577,99704,2245,1463,218,76,68378,37686,1.0637888148920807,1188,707,11774,18165,29963,20351,4611,9237,48322,38083,0,0,2495,419,2890,3425,18256,4572,5098,0,0,30962,28166,351,3070,0,0,0,0,0
812,3003,813.170235317348,99703,2226,1431,219,76,68650,37834,1.0680119956270122,1154,696,11795,18184,30029,20425,4576,9187,48334,38095,0,0,2469,413,2875,3430,18380,4639,5091,0,0,30997,28012,344,3053,0,0,0,0,0
813,3003,814.0714230806896,99703,2195,1406,219,76,68898,38004,1.0722044472082084,1143,682,11810,18205,30084,20500,4548,9130,48346,38107,0,0,2435,407,2860,3433,18492,4699,5087,0,0,31077,27834,341,3038,0,0,0,0,0
814,3003,815.2714550227793,99700,2174,1379,221,77,69229,38214,1.0776629889669007,1111,670,11845,18206,30150,20593,4498,9074,48358,38119,0,0,2398,405,2843,3438,18637,4777,5082,0,0,31138,27627,335,3020,0,0,0,0,0
815,3003,816.1701659724389,99699,2123,1365,221,78,69486,38345,1.081565512191697,1090,695,11859,18215,30233,20602,4473,9044,48370,38130,0,0,2366,398,2832,3451,18726,4845,5072,0,0,31200,27472,330,3007,0,0,0,0,0
816,3003,817.0673074701867,99697,2105,1347,222,79,69731,38513,1.0857297611763643,1091,661,11875,18254,30261,20658,4445,9000,48381,38141,0,0,2341,396,2824,3455,18839,4920,5058,0,0,31203,27347,326,2988,0,0,0,0,0
817,3003,818.2625542683289,99696,2066,1320,223,79,70074,38707,1.091127026159525,1029,658,11921,18264,30360,20732,4400,8946,48392,38152,0,0,2301,392,2807,3466,18974,5012,5050,0,0,31255,27153,320,2966,0,0,0,0,0
818,3003,819.1577306591621,99695,2024,1292,224,79,70312,38854,1.0949997492351673,986,644,11973,18275,30424,20808,4368,8901,48403,38163,0,0,2279,385,2791,3462,19104,5075,5042,0,0,31288,27000,319,2950,0,0,0,0,0
819,3003,820.052053266767,99693,1996,1280,225,80,70534,39006,1.0987732338278515,945,619,12002,18294,30483,20857,4348,8869,48414,38174,0,0,2256,383,2780,3470,19210,5132,5024,0,0,31331,26859,316,2932,0,0,0,0,0
820,3003,821.2434841173559,99692,1956,1270,226,80,70815,39199,1.103538899811419,948,580,12042,18356,30516,20898,4311,8815,48425,38185,0,0,2230,379,2759,3471,19328,5211,5009,0,0,31409,26674,313,2909,0,0,0,0,0
821,3003,822.1366564107349,99691,1922,1245,227,80,71015,39334,1.1069103529907414,945,565,12070,18366,30552,20965,4283,8778,48436,38196,0,0,2203,378,2747,3464,19421,5276,5012,0,0,31453,26539,311,2887,0,0,0,0,0
822,3003,823.0294153940124,99690,1875,1210,228,80,71197,39456,1.1099709098204433,942,569,12098,18371,30593,21031,4263,8738,48447,38207,0,0,2187,374,2726,3457,19517,5338,5000,0,0,31494,26413,306,2878,0,0,0,0,0
823,3003,824.2185774149262,99690,1830,1170,228,80,71483,39615,1.1144347477179255,898,569,12125,18407,30671,21101,4247,8672,48458,38218,0,0,2158,368,2714,3474,19675,5402,4979,0,0,31508,26248,300,2864,0,0,0,0,0
824,3003,825.1096849622925,99690,1794,1158,228,80,71670,39735,1.1175142943123684,918,569,12161,18422,30684,21133,4214,8637,48469,38229,0,0,2143,364,2700,3478,19758,5467,4952,0,0,31530,26149,300,2849,0,0,0,0,0
825,3003,826.0006227131901,99689,1730,1147,229,80,71858,39863,1.1206953625776164,882,576,12214,18437,30747,21166,4197,8593,48480,38239,0,0,2125,363,2686,3463,19879,5523,4941,0,0,31543,26032,298,2836,0,0,0,0,0
826,3003,827.187404938589,99687,1697,1141,230,81,72111,40049,1.1251216307041039,846,555,12261,18469,30791,21213,4174,8540,48491,38249,0,0,2093,360,2676,3471,19985,5602,4930,0,0,31580,25890,295,2805,0,0,0,0,0
827,3003,828.0773863318354,99687,1689,1133,230,81,72312,40178,1.1284319921353838,814,537,12321,18492,30792,21258,4153,8498,48502,38259,0,0,2066,354,2674,3483,20035,5670,4921,0,0,31613,25788,293,2790,0,0,0,0,0
828,3003,829.2646442386908,99685,1649,1069,230,83,72547,40320,1.132236545117119,796,528,12403,18546,30815,21323,4106,8450,48513,38269,0,0,2047,348,2657,3489,20161,5743,4901,0,0,31633,25638,290,2778,0,0,0,0,0
829,3003,830.155535788413,99684,1673,1071,231,83,72744,40443,1.1354580474298783,763,502,12450,18591,30797,21336,4085,8416,48523,38279,0,0,2035,347,2648,3486,20239,5788,4886,0,0,31658,25541,289,2767,0,0,0,0,0
830,3003,831.0470087126298,99683,1614,1050,232,83,72914,40560,1.1383485649508944,754,502,12484,18616,30848,21366,4067,8382,48533,38289,0,0,2020,345,2643,3478,20308,5854,4870,0,0,31711,25413,286,2755,0,0,0,0,0
831,3003,832.2351031225314,99683,1552,1023,232,83,73131,40703,1.1419600132419772,755,489,12554,18670,30865,21406,4041,8328,48543,38299,0,0,2009,341,2628,3472,20411,5930,4851,0,0,31761,25260,280,2740,0,0,0,0,0
832,3003,833.1264667586186,99682,1526,983,233,83,73298,40804,1.1446600188599747,742,479,12596,18722,30887,21442,4015,8290,48553,38309,0,0,1995,340,2615,3458,20491,5984,4840,0,0,31801,25146,279,2733,0,0,0,0,0
833,3003,834.0178495609341,99680,1490,948,233,85,73454,40900,1.1472110754414124,734,474,12640,18780,30899,21459,4003,8253,48563,38319,0,0,1980,336,2606,3461,20578,6032,4824,0,0,31817,25046,277,2723,0,0,0,0,0
834,3003,835.2067703988057,99680,1439,954,233,85,73658,41069,1.1509530497592295,745,439,12709,18840,30907,21479,3966,8202,48573,38329,0,0,1961,335,2586,3476,20684,6093,4801,0,0,31854,24906,274,2710,0,0,0,0,0
835,3003,836.0990060906033,99679,1427,955,234,85,73862,41174,1.1540645471965008,697,440,12758,18866,30930,21494,3953,8159,48583,38339,0,0,1947,334,2575,3466,20768,6146,4790,0,0,31868,24810,272,2703,0,0,0,0,0
836,3003,837.2885343396919,99678,1386,921,235,85,74058,41314,1.1574469792732598,694,427,12842,18908,30913,21552,3929,8106,48593,38349,0,0,1924,331,2564,3470,20868,6208,4780,0,0,31896,24679,269,2689,0,0,0,0,0
837,3003,838.1815519991408,99678,1387,920,235,85,74228,41414,1.1601557013583739,652,417,12888,18943,30921,21566,3916,8068,48603,38358,0,0,1903,329,2558,3470,20931,6254,4775,0,0,31906,24602,266,2684,0,0,0,0,0
838,3003,839.0750171792649,99678,1380,889,235,85,74380,41515,1.162693874275166,639,407,12922,18973,30921,21607,3902,8038,48613,38367,0,0,1890,328,2551,3474,21008,6303,4758,0,0,31913,24517,264,2672,0,0,0,0,0
839,3003,840.2667945145437,99676,1305,861,236,86,74561,41638,1.1657670853565552,627,399,13021,19024,30922,21635,3888,7994,48623,38376,1,1,1870,326,2542,3467,21108,6373,4748,0,0,31929,24391,263,2657,0,2,0,0,0
840,3003,841.1619052345989,99676,1294,833,236,86,74709,41725,1.1681247241061037,635,407,13077,19075,30886,21643,3871,7955,48633,38385,2,2,1859,324,2534,3476,21160,6431,4731,0,0,31943,24311,261,2643,0,2,0,0,1
841,3003,842.0581052173351,99676,1288,818,236,86,74867,41808,1.1705425578875557,589,417,13121,19106,30906,21640,3859,7932,48643,38394,3,3,1848,322,2529,3463,21235,6477,4721,0,0,31943,24241,260,2633,0,3,0,0,1
842,3003,843.253114212301,99674,1255,819,237,87,75064,41941,1.1738768384934888,548,405,13208,19175,30924,21630,3827,7883,48653,38403,4,4,1831,318,2517,3464,21312,6542,4708,0,0,31960,24135,258,2625,0,3,0,0,1
843,3003,844.1495750453867,99674,1235,810,237,87,75205,42031,1.1761943937235388,547,399,13242,19240,30927,21610,3811,7853,48662,38412,6,5,1816,314,2509,3463,21363,6593,4699,0,0,31974,24060,258,2618,0,5,0,0,2
844,3003,845.0462563380535,99674,1199,772,237,87,75324,42107,1.1781507715151394,549,400,13296,19268,30921,21650,3797,7822,48671,38421,9,6,1803,312,2500,3476,21422,6640,4680,0,0,31984,23982,256,2609,0,6,0,0,4
845,3003,846.2429311971124,99674,1178,762,237,87,75495,42230,1.1811003872624757,517,385,13384,19299,30908,21675,3775,7791,48680,38430,13,7,1786,311,2490,3480,21514,6687,4666,0,0,31985,23889,253,2599,0,9,1,0,4
846,3003,847.1414571118667,99674,1155,769,237,87,75603,42331,1.1831972229468066,527,370,13433,19370,30881,21636,3766,7767,48689,38439,18,8,1777,309,2483,3485,21565,6730,4650,0,0,31992,23822,253,2590,0,12,1,0,5
847,3003,848.040920577389,99674,1126,769,237,87,75712,42423,1.1852137969781487,563,361,13478,19394,30849,21639,3746,7749,48698,38448,25,9,1765,306,2478,3485,21632,6761,4637,0,0,32001,23753,251,2579,0,18,1,0,7
848,3003,849.2416801235802,99672,1122,749,238,88,75881,42524,1.1879464644032427,566,351,13545,19445,30800,21645,3728,7721,48707,38457,33,10,1754,304,2471,3482,21686,6826,4619,0,0,32009,23668,251,2570,0,21,1,0,10
849,3003,850.1435802963967,99671,1104,728,239,88,76008,42592,1.1899148197570006,556,350,13596,19486,30782,21639,3722,7708,48716,38466,43,11,1739,304,2463,3481,21728,6872,4610,0,0,32026,23594,248,2566,0,24,1,0,15
850,3003,851.046472505803,99671,1048,707,239,88,76121,42678,1.1919113884680599,550,326,13650,19532,30803,21650,3709,7696,48725,38474,55,12,1724,299,2456,3480,21779,6931,4604,0,0,32030,23514,247,2560,0,26,2,0,19
851,3003,852.2511872176485,99671,1034,686,239,88,76283,42776,1.194519970703615,551,333,13703,19584,30783,21638,3689,7670,48734,38482,69,13,1707,296,2447,3486,21845,6984,4594,0,0,32028,23423,246,2553,0,32,2,0,28
852,3003,853.1552157749965,99670,1021,658,240,88,76395,42843,1.1963278820106351,542,328,13741,19624,30772,21637,3683,7664,48743,38490,85,14,1694,293,2435,3473,21899,7025,4593,0,0,32041,23350,246,2547,0,40,3,0,31
853,3003,854.0600479373356,99670,1004,640,240,88,76517,42915,1.1982743052071838,521,320,13805,19678,30759,21626,3670,7647,48752,38498,104,15,1684,292,2430,3472,21944,7069,4582,0,0,32052,23269,244,2540,1,45,4,0,42
854,3003,855.2677730683446,99670,992,617,240,88,76683,43010,1.2008929467241898,482,297,13891,19750,30740,21635,3654,7612,48761,38506,125,17,1671,289,2423,3474,21977,7143,4569,0,0,32069,23172,243,2530,1,48,4,0,57
855,3003,856.1747635736175,99670,952,601,240,88,76775,43070,1.2024179793317948,481,312,13950,19795,30730,21605,3646,7598,48770,38514,149,19,1660,289,2414,3471,22027,7182,4555,0,0,32074,23104,242,2522,2,62,5,0,61
856,3003,857.0826282099083,99670,932,601,240,88,76877,43145,1.204193839670914,486,282,13993,19833,30705,21590,3643,7605,48779,38522,176,21,1648,288,2407,3474,22071,7226,4542,0,0,32051,23052,241,2518,2,73,6,0,71
857,3003,858.2944814803733,99669,911,572,241,88,77021,43215,1.2063530285244157,481,291,14069,19892,30672,21556,3625,7600,48788,38530,206,23,1637,286,2402,3466,22145,7274,4532,0,0,32039,22962,240,2511,2,82,6,0,85
858,3003,859.2047403576223,99669,913,575,241,88,77140,43287,1.2082693716200623,462,292,14142,19930,30631,21519,3610,7595,48797,38538,239,26,1629,285,2393,3464,22191,7315,4523,0,0,32014,22903,239,2506,3,96,9,0,99
859,3003,860.1160727028572,99669,877,579,241,88,77223,43354,1.2097743531087901,462,287,14196,19985,30617,21480,3606,7580,48805,38546,276,29,1622,283,2380,3456,22232,7354,4513,0,0,32020,22834,238,2497,7,104,12,0,117
860,3003,861.0284151965658,99668,872,573,242,88,77327,43418,1.2114720873299354,444,273,14274,20034,30569,21450,3598,7581,48813,38554,317,32,1615,283,2373,3448,22253,7402,4503,0,0,32027,22761,237,2491,9,118,13,0,135
861,3003,862.2474804940207,99668,841,561,242,88,77465,43503,1.2137095155917648,408,259,14378,20108,30544,21407,3586,7576,48821,38562,361,36,1608,281,2362,3449,22334,7450,4484,0,0,31997,22673,237,2480,11,137,13,0,152
862,3003,863.1631978410738,99668,818,553,242,88,77552,43562,1.2151743789380745,408,253,14449,20147,30500,21369,3582,7589,48829,38570,409,40,1596,279,2356,3454,22374,7482,4474,0,0,31974,22611,235,2473,14,158,16,0,172
863,3003,864.0804352427889,99668,806,541,242,88,77646,43634,1.2168399084962074,395,228,14508,20208,30475,21332,3573,7602,48837,38578,462,45,1587,279,2351,3442,22414,7528,4474,0,0,31963,22524,235,2465,15,174,17,0,200
864,3003,865.3060003710532,99668,809,503,242,88,77771,43702,1.2187763374403018,396,221,14619,20254,30371,21310,3562,7623,48845,38586,519,50,1574,278,2344,3441,22447,7586,4467,0,0,31948,22436,231,2461,16,196,20,0,223
865,3003,866.2275613305732,99667,800,481,243,88,77864,43754,1.2202434105571554,387,214,14676,20285,30344,21278,3549,7653,48853,38594,580,56,1559,278,2334,3434,22477,7633,4467,0,0,31919,22369,230,2455,16,223,24,0,249
866,3003,867.1508536458734,99667,801,463,243,88,77965,43796,1.221678188367263,362,228,14774,20319,30279,21217,3540,7684,48861,38601,646,62,1547,277,2327,3429,22486,7686,4464,0,0,31899,22305,230,2451,17,251,25,0,273
867,3003,868.0760747603539,99667,792,469,243,88,78064,43855,1.223263467346263,342,223,14839,20334,30244,21167,3539,7718,48869,38608,716,69,1535,275,2319,3433,22517,7731,4451,0,0,31856,22256,228,2443,18,283,28,0,294
868,3003,869.0027378196645,99667,763,459,243,88,78150,43910,1.2246781783338516,339,212,14910,20367,30203,21112,3541,7761,48877,38615,791,77,1531,274,2313,3437,22541,7784,4432,0,0,31823,22182,226,2438,19,315,29,0,323
869,3003,870.2409213744578,99667,746,456,243,88,78271,43983,1.2266246601181936,317,198,14993,20422,30162,21041,3538,7794,48885,38622,871,86,1517,273,2302,3442,22586,7837,4427,0,0,31765,22108,223,2429,22,356,32,0,348
870,3003,871.1712895178915,99667,722,454,243,88,78346,44026,1.2278086026468138,313,210,15048,20443,30135,20963,3538,7841,48893,38629,956,95,1508,273,2293,3431,22585,7895,4425,0,0,31728,22050,223,2423,26,392,37,0,378
871,3003,872.1027110623573,99667,720,430,243,88,78424,44067,1.2290025785866936,311,211,15114,20471,30073,20910,3538,7889,48901,38636,1046,105,1497,272,2286,3427,22610,7937,4422,0,0,31688,21979,222,2414,30,434,40,0,409
872,3003,873.0361460922113,99666,689,419,243,89,78497,44118,1.2302590652780285,315,198,15200,20486,30011,20855,3541,7952,48909,38643,1142,116,1490,271,2278,3423,22634,7975,4414,0,0,31660,21884,222,2410,32,482,43,0,448
873,3003,874.2835837584263,99666,654,397,243,89,78594,44185,1.2319045612345234,316,177,15266,20531,29977,20799,3543,8006,48917,38650,1243,128,1481,270,2267,3423,22655,8051,4401,0,0,31610,21791,222,2403,32,525,46,0,489
874,3003,875.2209500816037,99666,629,383,243,89,78652,44217,1.2328075773082094,314,182,15343,20535,29923,20733,3547,8077,48925,38657,1349,141,1472,269,2261,3426,22638,8115,4391,0,0,31584,21722,221,2393,39,556,49,0,530
875,3003,876.1604180223396,99666,613,362,243,89,78713,44250,1.233750727429615,320,182,15398,20560,29874,20653,3551,8153,48933,38664,1461,155,1462,269,2256,3427,22654,8154,4381,0,0,31540,21640,221,2390,39,606,51,0,576
876,3003,877.1019356690325,99666,592,346,243,89,78784,44288,1.234844380229968,303,181,15481,20582,29830,20569,3550,8232,48941,38671,1578,170,1453,269,2246,3427,22671,8204,4371,0,0,31488,21561,221,2381,42,655,54,0,623
877,3003,878.0450685549336,99665,602,348,244,89,78861,44332,1.2360708373049716,293,172,15530,20598,29775,20480,3555,8312,48949,38678,1701,186,1449,268,2236,3427,22668,8254,4359,0,0,31438,21494,220,2371,46,710,59,0,666
878,3003,879.3054240217771,99665,592,344,244,89,78961,44385,1.237605980033111,280,165,15635,20641,29697,20383,3551,8377,48956,38685,1829,203,1445,268,2232,3423,22695,8305,4344,0,0,31376,21404,218,2358,55,763,62,0,717
879,3003,880.2530023037785,99665,596,337,244,89,79040,44432,1.2388702152209903,251,152,15719,20641,29626,20311,3563,8469,48963,38692,1963,221,1442,267,2216,3422,22690,8367,4334,0,0,31322,21328,216,2351,60,809,74,0,767
880,3003,881.2033184754887,99665,577,312,244,89,79093,44462,1.2397030050669744,254,154,15793,20667,29558,20210,3573,8567,48970,38699,2103,241,1432,265,2205,3427,22678,8428,4326,0,0,31267,21251,216,2342,66,873,82,0,807
881,3003,882.1560758270037,99665,551,307,244,89,79153,44493,1.2406160638137762,241,143,15854,20679,29522,20115,3587,8666,48977,38706,2248,262,1426,264,2199,3427,22673,8488,4316,0,0,31211,21167,215,2330,74,929,84,0,862
882,3003,883.1106774794342,99665,547,311,244,89,79214,44535,1.2416495259118046,245,136,15921,20674,29451,20015,3591,8774,48984,38713,2399,284,1420,263,2194,3423,22669,8538,4307,0,0,31146,21089,215,2319,79,1000,88,0,915
883,3003,884.0675360687327,99664,545,297,245,89,79281,44571,1.2426954567346284,234,128,15978,20668,29390,19938,3607,8879,48991,38720,2556,308,1409,261,2188,3421,22669,8587,4303,0,0,31070,21004,215,2309,86,1077,92,0,973
884,3003,885.0267440043579,99664,518,284,245,89,79330,44602,1.243498153796757,249,122,16040,20665,29328,19847,3619,8992,48998,38726,2718,333,1409,257,2184,3422,22652,8652,4293,0,0,31004,20905,214,2302,89,1145,95,0,1041
885,3003,886.309082739875,99664,503,277,245,89,79411,44649,1.244782469096163,235,122,16136,20714,29251,19708,3629,9089,49005,38732,2886,360,1401,257,2176,3422,22656,8714,4282,0,0,30930,20802,212,2297,90,1216,100,0,1109
886,3003,887.2733710131113,99664,480,280,245,89,79460,44681,1.2455951998715684,232,126,16231,20685,29166,19600,3645,9219,49012,38738,3059,388,1394,257,2166,3422,22642,8772,4270,0,0,30864,20710,212,2289,96,1288,109,0,1173
887,3003,888.2403934616538,99663,481,271,245,90,79526,44715,1.246611079337367,216,131,16300,20674,29099,19482,3658,9351,49019,38744,3238,418,1392,255,2157,3424,22639,8824,4259,0,0,30765,20628,212,2281,100,1383,119,0,1225
888,3003,889.2099428902961,99663,494,252,245,90,79584,44742,1.2474639535233738,217,139,16364,20674,29008,19351,3671,9493,49026,38750,3422,450,1385,255,2144,3422,22618,8889,4251,0,0,30689,20547,212,2274,103,1462,128,0,1284
889,3003,890.1824763638258,99663,491,249,245,90,79638,44774,1.2483268615233336,215,143,16426,20650,28927,19253,3695,9614,49033,38756,3612,484,1382,254,2133,3424,22613,8943,4240,0,0,30592,20451,212,2261,112,1550,135,0,1361
890,3003,891.1578477338978,99663,475,250,245,90,79688,44804,1.2491295666395754,205,138,16508,20645,28845,19130,3721,9746,49040,38762,3807,519,1378,253,2125,3413,22586,9014,4235,0,0,30531,20339,211,2252,119,1625,141,0,1441
891,3003,892.1363509873985,99663,468,235,245,90,79733,44833,1.249872068872099,211,133,16605,20634,28728,19018,3742,9889,49047,38768,4007,556,1373,252,2115,3405,22565,9081,4233,0,0,30437,20241,210,2244,123,1720,148,0,1516
892,3003,893.1186603864978,99663,447,227,245,90,79793,44864,1.250785145941824,191,120,16681,20626,28673,18896,3762,10040,49054,38774,4212,595,1369,251,2107,3396,22541,9161,4223,0,0,30343,20141,210,2236,127,1816,152,0,1590
893,3003,894.1037842723127,99663,437,240,245,90,79851,44894,1.2516681215696899,181,120,16781,20592,28567,18769,3788,10188,49061,38780,4422,636,1365,250,2101,3396,22501,9231,4215,0,0,30247,20041,210,2227,135,1916,157,0,1671
894,3003,895.0922430053934,99663,410,234,245,90,79899,44919,1.2524005899882604,173,117,16870,20569,28496,18630,3805,10359,49068,38786,4637,679,1356,250,2087,3389,22471,9308,4213,0,0,30126,19964,209,2214,145,2035,167,0,1729
895,3003,896.0839069495875,99663,395,237,245,90,79941,44950,1.253133058406831,168,117,16948,20541,28399,18502,3844,10512,49075,38792,4856,724,1351,248,2084,3385,22431,9387,4209,0,0,30025,19871,209,2201,155,2135,169,0,1803
896,3003,897.0791021295039,99661,393,232,246,91,79986,44985,1.2539609275443755,172,106,17015,20517,28295,18383,3878,10670,49082,38798,5080,772,1343,248,2074,3386,22393,9460,4210,0,0,29932,19765,204,2185,171,2232,175,0,1883
897,3003,898.078069528144,99660,380,228,246,92,80028,45015,1.2546959662853703,165,105,17108,20502,28192,18246,3908,10826,49089,38804,5308,822,1336,247,2060,3387,22353,9537,4206,0,0,29823,19667,204,2177,177,2342,185,0,1959
898,3003,899.080837910067,99659,367,224,247,92,80072,45042,1.255420985560762,165,98,17180,20501,28100,18093,3940,10991,49096,38810,5541,874,1328,245,2052,3381,22317,9614,4203,0,0,29710,19569,203,2170,183,2455,191,0,2038
899,3003,900.087242007455,99659,362,218,247,92,80097,45053,1.2557822173612017,194,129,17229,20543,28040,18058,3927,10959,49096,38810,5541,874,1327,245,2051,3383,22334,9618,4202,0,0,29708,19553,202,2170,183,2455,191,0,2037
900,3003,900.087242007455,99659,366,222,247,92,80117,45065,1.2561033122949257,196,123,17231,20454,27989,17944,3970,11164,49096,38810,5778,928,1326,245,2044,3384,22269,9693,4201,1,5,29594,19467,202,2161,191,2561,197,0,2118
901,3003,901.0972387298699,99659,361,232,247,92,80155,45103,1.2568659127625201,207,133,17298,20395,27879,17808,4007,11339,49096,38810,6018,985,1323,245,2037,3388,22192,9787,4196,4,25,29472,19362,202,2151,200,2668,204,0,2203
902,3003,902.1109641522569,99659,361,231,247,92,80203,45133,1.2576485816634724,211,126,17364,20382,27771,17663,4045,11505,49096,38810,6262,1044,1321,245,2028,3387,22149,9861,4191,6,48,29329,19256,201,2138,211,2790,212,2,2284
903,3003,903.1284491592044,99659,358,229,247,92,80257,45165,1.2585115242978557,201,130,17437,20379,27674,17518,4082,11651,49096,38810,6510,1105,1318,244,2023,3389,22102,9943,4186,9,73,29176,19136,201,2130,217,2915,216,3,2378
904,3003,904.1495180708305,99659,364,233,247,92,80313,45198,1.2594045695822755,198,132,17503,20339,27572,17374,4115,11829,49096,38810,6761,1169,1318,244,2011,3394,22051,10027,4176,9,91,29031,19030,201,2119,226,3034,228,5,2464
905,3003,905.1743219715106,99658,343,235,248,92,80357,45235,1.2602299865540147,201,124,17580,20310,27473,17246,4154,11992,49096,38810,7015,1235,1315,243,2002,3390,21998,10120,4175,12,114,28882,18907,200,2109,234,3151,237,10,2559
906,3003,906.2032318940365,99658,335,232,248,92,80407,45276,1.261143109434265,208,124,17633,20295,27386,17108,4189,12148,49096,38810,7272,1304,1312,242,1991,3387,21947,10219,4172,15,131,28733,18802,200,2088,248,3268,246,13,2644
907,3003,907.2357340113502,99656,336,227,249,93,80455,45312,1.2620113189371438,212,133,17690,20236,27274,16990,4238,12320,49096,38810,7532,1376,1308,242,1977,3390,21887,10310,4167,18,151,28588,18682,199,2077,257,3389,258,19,2737
908,3003,908.2719690839875,99656,336,218,249,93,80509,45335,1.2627839768804687,208,147,17744,20177,27176,16868,4286,12496,49096,38810,7794,1450,1308,242,1963,3388,21840,10394,4165,18,176,28426,18556,199,2065,266,3523,270,20,2837
909,3003,909.3119575948684,99655,330,222,249,94,80555,45365,1.2635592795143245,208,141,17786,20129,27091,16740,4335,12673,49096,38810,8059,1527,1307,241,1955,3391,21780,10486,4161,19,188,28274,18428,199,2054,274,3650,275,22,2951
910,3003,910.0072694910089,99655,323,230,249,94,80587,45389,1.2641212182027997,202,126,17830,20050,26996,16616,4399,12883,49096,38810,8326,1607,1307,241,1947,3391,21715,10576,4159,19,200,28133,18306,199,2043,281,3774,281,27,3056
911,3003,911.0542817135802,99655,335,236,249,94,80636,45431,1.265034368571572,196,114,17879,20028,26890,16477,4450,13050,49096,38810,8595,1689,1305,241,1935,3391,21643,10676,4155,21,221,27993,18182,199,2029,292,3895,291,28,3158
912,3003,912.1054754520886,99655,349,226,249,94,80695,45455,1.2658672419848478,193,120,17927,19975,26777,16365,4504,13219,49096,38810,8865,1774,1305,241,1926,3393,21575,10776,4151,21,243,27845,18043,199,2016,303,4018,297,30,3273
913,3003,913.1612451632366,99655,365,224,249,94,80755,45482,1.2667402538758719,192,133,17991,19920,26640,16229,4562,13399,49096,38810,9137,1862,1304,241,1915,3395,21520,10863,4147,22,268,27681,17912,199,2005,313,4153,308,31,3378
914,3003,914.2219120126326,99655,359,224,249,94,80810,45518,1.2676534042446441,203,126,18028,19890,26539,16073,4621,13592,49096,38810,9410,1953,1304,241,1895,3390,21458,10967,4142,22,295,27515,17792,199,1994,322,4296,321,33,3469
915,3003,915.2868726187729,99655,383,221,249,94,80873,45555,1.2686568661883497,191,123,18088,19852,26405,15934,4683,13775,49096,38810,9684,2046,1303,241,1886,3387,21392,11067,4140,23,313,27353,17666,199,1982,333,4433,328,33,3576
916,3003,916.3566469326155,99655,367,224,249,94,80925,45592,1.2695499473182479,196,122,18136,19813,26300,15793,4751,13953,49096,38810,9959,2142,1300,241,1878,3393,21320,11172,4133,26,332,27179,17547,198,1970,344,4578,336,37,3671
917,3003,917.0723993044317,99655,362,214,249,94,80964,45616,1.2701821283427825,184,127,18183,19734,26184,15672,4837,14158,49096,38810,10235,2241,1299,239,1873,3395,21237,11286,4129,27,355,27017,17430,197,1957,355,4716,341,40,3762
918,3003,918.1515420426894,99655,357,221,249,94,81014,45658,1.271105313330992,199,119,18235,19653,26057,15544,4902,14368,49096,38810,10512,2343,1296,237,1857,3399,21173,11387,4123,30,366,26849,17319,196,1946,365,4858,353,45,3856
919,3003,919.2359807384175,99655,360,226,249,94,81073,45693,1.2720485675580753,203,117,18273,19633,25938,15377,4976,14552,49096,38810,10789,2448,1291,236,1844,3402,21108,11484,4117,35,379,26675,17204,195,1936,374,5012,360,48,3955
920,3003,920.3253527830933,99655,364,216,249,94,81124,45726,1.2728914755907883,213,110,18326,19599,25790,15244,5057,14736,49096,38810,11066,2555,1291,236,1835,3407,21042,11592,4109,35,402,26494,17074,195,1925,382,5160,366,49,4061
921,3003,921.0548518333865,99655,364,211,249,94,81159,45743,1.2734132758015153,223,122,18327,19528,25691,15114,5145,14930,49096,38810,11343,2665,1288,236,1823,3408,20951,11705,4105,38,411,26358,16945,195,1914,391,5281,376,54,4176
922,3003,922.1543666371705,99655,366,216,249,94,81225,45782,1.2744669108424063,205,115,18378,19468,25578,15004,5223,15102,49096,38810,11620,2778,1286,236,1812,3404,20887,11808,4098,40,434,26192,16809,195,1900,403,5422,386,57,4286
923,3003,923.2590690965962,99655,369,210,249,94,81283,45806,1.275289749636245,208,135,18424,19415,25438,14870,5311,15275,49096,38810,11897,2894,1284,235,1799,3402,20824,11913,4094,42,441,26027,16680,195,1891,409,5555,399,67,4398
924,3003,924.3693524899703,99654,367,210,250,94,81340,45842,1.2762357757842133,211,138,18440,19373,25323,14745,5408,15439,49096,38810,12173,3013,1281,235,1789,3401,20762,12020,4087,45,463,25851,16545,195,1881,417,5697,407,69,4509
925,3003,925.1122807793755,99654,357,219,250,94,81381,45868,1.2769081020330344,202,135,18467,19307,25218,14614,5505,15630,49096,38810,12449,3135,1279,235,1775,3401,20677,12132,4082,47,471,25689,16432,194,1871,427,5839,420,74,4609
926,3003,926.2324840518587,99654,358,219,250,94,81445,45903,1.2779015393260682,197,146,18512,19272,25085,14469,5597,15799,49096,38810,12724,3259,1278,234,1767,3398,20606,12250,4077,48,488,25514,16301,194,1861,433,5981,427,78,4719
927,3003,927.3584814328415,99654,363,229,250,94,81510,45946,1.278985289100287,199,145,18521,19220,24983,14334,5683,15977,49096,38810,12998,3386,1276,234,1753,3397,20517,12371,4073,50,506,25338,16176,194,1853,440,6132,440,87,4817
928,3003,928.111731088398,99653,370,223,250,95,81550,45969,1.2796303172006864,202,146,18512,19164,24883,14216,5782,16155,49096,38810,13271,3516,1275,234,1742,3399,20435,12478,4068,51,513,25169,16057,194,1843,449,6281,449,94,4922
929,3003,929.2468227497745,99652,363,221,251,95,81607,46002,1.2805463011279252,208,147,18517,19124,24778,14107,5882,16305,49096,38810,13543,3648,1273,233,1734,3401,20364,12591,4064,53,528,24995,15917,194,1828,459,6422,456,103,5037
930,3003,930.0062353249164,99652,353,230,251,95,81645,46032,1.2812286757917553,219,134,18505,19070,24686,13979,5985,16491,49096,38810,13813,3783,1272,232,1722,3406,20297,12694,4059,54,536,24821,15786,194,1817,468,6567,464,110,5153
931,3003,931.1502918214595,99652,362,233,251,95,81711,46072,1.2822923774736081,210,140,18538,19029,24550,13843,6088,16659,49096,38810,14082,3921,1268,232,1715,3412,20234,12802,4052,58,545,24638,15665,192,1800,481,6716,468,118,5256
932,3003,932.3003272355614,99652,362,230,251,95,81769,46109,1.283245695018665,210,129,18557,18992,24428,13720,6191,16833,49096,38810,14349,4061,1265,232,1700,3417,20151,12922,4041,61,558,24467,15548,192,1784,495,6860,482,130,5347
933,3003,933.070327770696,99652,368,233,251,95,81809,46132,1.2838778950748606,206,124,18564,18921,24310,13606,6300,17020,49096,38810,14615,4204,1263,232,1690,3418,20061,13035,4037,63,567,24298,15420,192,1778,499,7012,491,132,5464
934,3003,934.2320712785255,99652,359,232,251,95,81864,46158,1.2846907237185405,220,123,18588,18899,24183,13489,6398,17161,49096,38810,14879,4349,1258,231,1677,3420,19962,13163,4033,68,580,24138,15298,192,1767,508,7152,502,138,5565
935,3003,935.009925664755,99651,374,224,252,95,81912,46179,1.2853960321522113,222,123,18596,18824,24040,13390,6515,17343,49096,38810,15141,4497,1255,230,1667,3421,19873,13277,4029,71,590,23996,15173,192,1754,519,7276,510,147,5671
936,3003,936.1842043670081,99651,375,216,252,95,81983,46212,1.2864396744638789,205,127,18628,18800,23916,13271,6623,17490,49096,38810,15401,4647,1253,230,1659,3422,19787,13407,4022,73,609,23809,15057,192,1735,537,7428,517,154,5760
937,3003,937.365002740062,99650,363,216,252,96,82043,46245,1.2873858504766684,203,119,18657,18784,23787,13137,6737,17647,49096,38810,15659,4799,1251,229,1648,3424,19713,13525,4014,75,628,23611,14945,191,1718,551,7594,527,160,5846
938,3003,938.155755375199,99650,373,202,252,96,82092,46263,1.2880582037129955,195,125,18647,18719,23676,13030,6856,17827,49096,38810,15915,4954,1250,229,1630,3424,19635,13631,4012,76,637,23443,14824,191,1705,564,7740,542,170,5947
939,3003,939.3489141538665,99650,363,197,252,96,82143,46296,1.288901154039137,192,128,18689,18698,23535,12920,6968,17960,49096,38810,16168,5111,1248,229,1616,3424,19565,13749,4005,78,650,23264,14696,190,1693,575,7883,553,179,6053
940,3003,940.1484535759739,99649,372,196,252,97,82194,46320,1.289666730223083,191,132,18690,18637,23402,12806,7092,18131,49096,38810,16419,5270,1247,229,1609,3424,19491,13860,4004,79,653,23070,14589,190,1682,583,8045,558,187,6149
941,3003,941.3551155233093,99649,358,195,252,97,82244,46355,1.2905197242320545,200,127,18727,18623,23265,12693,7197,18264,49096,38810,16668,5431,1244,228,1601,3431,19411,13987,3998,82,676,22889,14469,188,1669,591,8188,565,191,6241
942,3003,942.163730560268,99649,362,195,252,97,82282,46379,1.291141908097422,215,134,18705,18576,23149,12574,7316,18423,49096,38810,16914,5594,1244,226,1587,3434,19304,14112,3995,82,683,22742,14356,188,1663,597,8320,578,202,6336
943,3003,943.3836634007472,99649,352,196,252,97,82336,46409,1.2919848668827585,226,144,18742,18558,23000,12464,7427,18540,49096,38810,17158,5759,1241,225,1572,3435,19213,14234,3992,84,704,22577,14226,188,1652,605,8464,590,206,6441
944,3003,944.2011078250065,99649,367,210,252,97,82397,46441,1.2929181426808096,205,130,18742,18531,22874,12342,7559,18689,49096,38810,17399,5926,1240,225,1563,3434,19131,14349,3988,85,710,22428,14112,188,1633,620,8591,597,213,6542
945,3003,945.0231314586825,99649,369,208,252,97,82446,46462,1.2936206083352568,199,128,18737,18476,22756,12241,7686,18849,49096,38810,17637,6094,1236,225,1549,3431,19051,14459,3985,89,723,22263,13994,188,1620,630,8737,609,219,6641
946,3003,946.2642789405675,99649,363,211,252,97,82504,46503,1.2946140954751177,206,135,18771,18436,22607,12157,7800,18963,49096,38810,17873,6264,1235,224,1538,3435,18966,14587,3977,90,739,22099,13867,188,1605,641,8868,619,228,6743
947,3003,947.0958192947079,99649,362,237,252,97,82543,46545,1.2954269485895493,210,116,18745,18415,22489,12018,7941,19116,49096,38810,18106,6436,1231,224,1528,3438,18879,14700,3975,94,740,21939,13762,187,1599,645,9008,627,236,6837
948,3003,948.3514904142337,99648,373,235,253,97,82610,46579,1.2964535163776494,206,130,18755,18384,22345,11914,8067,19239,49096,38810,18336,6609,1231,224,1506,3436,18806,14814,3972,93,761,21774,13639,187,1586,658,9143,644,243,6931
949,3003,949.1926495708701,99648,372,236,253,97,82648,46609,1.2971359184328837,206,128,18757,18352,22211,11814,8200,19372,49096,38810,18563,6784,1231,224,1493,3438,18713,14938,3969,92,769,21621,13530,186,1573,671,9269,656,254,7021
950,3003,950.0387977295949,99648,373,235,253,97,82697,46636,1.2978986030828517,210,130,18756,18319,22071,11723,8336,19495,49096,38810,18788,6960,1228,223,1483,3441,18624,15059,3965,95,773,21459,13423,186,1562,680,9406,663,265,7113
951,3003,951.3175393407631,99648,380,238,253,97,82773,46678,1.2990827713551703,219,133,18783,18343,21921,11619,8443,19569,49096,38810,19010,7137,1226,223,1467,3445,18551,15186,3956,97,784,21304,13311,185,1549,688,9521,676,275,7204
952,3003,952.1747410916208,99648,377,231,253,97,82822,46702,1.299815350032113,213,137,18777,18298,21800,11528,8579,19708,49096,38810,19229,7315,1223,223,1460,3449,18469,15304,3949,100,788,21142,13206,185,1537,698,9653,682,290,7290
953,3003,953.0369644236199,99647,384,237,253,98,82873,46735,1.3006713699358736,209,136,18764,18253,21675,11435,8714,19840,49096,38810,19445,7495,1221,222,1450,3451,18386,15421,3947,102,786,20999,13105,185,1520,710,9769,691,305,7377
954,3003,954.3392509061437,99646,389,250,254,98,82945,46787,1.3019288280513015,214,121,18774,18251,21520,11339,8848,19940,49096,38810,19658,7676,1217,222,1438,3453,18316,15539,3940,106,798,20819,13003,184,1505,723,9912,701,319,7451
955,3003,955.2123891229911,99646,395,250,254,98,82996,46823,1.3028019187925255,194,113,18783,18231,21386,11251,8987,20056,49096,38810,19868,7857,1216,222,1427,3455,18232,15659,3935,107,815,20645,12905,184,1496,731,10054,712,324,7527
956,3003,956.0908233888263,99646,367,247,254,98,83031,46853,1.3034542279670032,218,119,18779,18212,21251,11169,9130,20154,49096,38810,20075,8039,1214,222,1420,3453,18130,15800,3932,109,831,20491,12802,184,1485,741,10176,718,333,7605
957,3003,957.4185362179492,99645,377,234,254,99,83107,46898,1.304681619750113,249,120,18790,18228,21091,11080,9238,20238,49096,38810,20279,8222,1214,222,1411,3453,18055,15929,3926,109,848,20310,12692,184,1478,746,10314,725,345,7684
958,3003,958.3090341592756,99645,383,236,254,99,83163,46932,1.3055848261327714,254,120,18766,18190,20960,11007,9382,20347,49096,38810,20481,8406,1211,222,1393,3453,17959,16054,3919,112,861,20176,12592,184,1464,760,10430,740,357,7758
959,3003,959.2052765761911,99645,390,241,254,99,83217,46965,1.3064579256360078,245,119,18761,18157,20830,10921,9519,20462,49096,38810,20680,8590,1207,222,1384,3456,17867,16171,3914,116,870,20022,12485,184,1456,768,10562,748,364,7849
960,3003,960.1067170688221,99645,373,240,254,99,83261,46997,1.3072206332480305,256,119,18752,18128,20707,10839,9657,20574,49096,38810,20876,8775,1205,222,1374,3458,17793,16289,3908,118,876,19861,12390,182,1444,776,10692,758,370,7929
961,3003,961.0137240837897,99645,403,228,254,99,83324,47015,1.308033518992423,235,136,18748,18100,20569,10758,9790,20678,49096,38810,21069,8960,1205,222,1364,3456,17685,16422,3907,118,881,19732,12295,182,1436,783,10802,766,383,8006
962,3003,962.3845607802749,99645,402,226,254,99,83412,47059,1.3093582216869888,230,135,18779,18120,20431,10670,9903,20749,49096,38810,21259,9145,1202,222,1353,3455,17623,16546,3899,121,901,19574,12179,181,1424,791,10922,771,396,8085
963,3003,963.3038247015788,99645,399,225,254,99,83463,47091,1.3101911786843294,228,136,18764,18085,20311,10595,10043,20859,49096,38810,21446,9331,1201,222,1346,3459,17547,16656,3890,122,913,19430,12077,180,1412,800,11043,777,409,8161
964,3003,964.2285953742219,99645,406,228,254,99,83513,47121,1.310994028802248,230,125,18756,18060,20183,10525,10170,20962,49096,38810,21630,9517,1199,222,1333,3453,17478,16758,3887,124,916,19298,11976,180,1400,810,11154,789,424,8244
965,3003,965.1592448878721,99645,394,226,254,99,83563,47149,1.3117768076672187,242,137,18743,18029,20064,10452,10302,21056,49096,38810,21811,9703,1197,221,1319,3465,17399,16870,3876,126,926,19146,11896,179,1382,825,11279,801,440,8298
966,3003,966.0953116992606,99645,413,225,254,99,83630,47177,1.312730192182247,242,148,18711,18020,19941,10370,10438,21137,49096,38810,21990,9889,1193,220,1311,3472,17304,16989,3868,130,938,19013,11795,179,1373,833,11392,808,450,8377
967,3003,967.0369506844771,99644,409,231,255,99,83682,47213,1.313626510376942,243,144,18709,17997,19808,10303,10575,21225,49096,38810,22166,10075,1191,220,1302,3468,17228,17099,3863,132,943,18863,11701,179,1363,841,11521,815,467,8448
968,3003,968.4599906100982,99644,430,239,255,99,83777,47261,1.3150616193649391,219,159,18718,18012,19683,10224,10694,21266,49096,38810,22339,10260,1187,220,1294,3468,17142,17235,3855,136,950,18706,11621,179,1355,846,11645,819,482,8504
969,3003,969.4140010838569,99644,420,259,255,99,83822,47309,1.3159949419934969,221,136,18713,18009,19561,10147,10829,21349,49096,38810,22509,10445,1185,219,1283,3472,17055,17361,3849,138,961,18565,11525,179,1347,852,11756,826,488,8583
970,3003,970.3738993404754,99644,398,247,255,99,83868,47336,1.3167275500782787,222,145,18703,17991,19455,10093,10966,21424,49096,38810,22677,10630,1183,219,1278,3473,16977,17489,3844,140,967,18414,11431,179,1339,857,11867,828,507,8652
971,3003,971.339289059618,99644,393,265,255,99,83924,47375,1.3176809441612138,212,138,18696,17984,19348,10020,11095,21493,49096,38810,22842,10814,1180,219,1264,3473,16904,17598,3837,143,971,18275,11348,179,1330,865,11981,840,518,8719
972,3003,972.3101681803245,99644,390,271,255,99,83980,47413,1.3186243025169604,214,132,18671,17961,19244,9958,11225,21578,49096,38810,23004,10998,1177,219,1260,3474,16819,17719,3833,146,975,18128,11268,179,1316,875,12101,843,531,8781
973,3003,973.286300049421,99644,387,253,255,99,84033,47437,1.3193970535104973,223,143,18679,17961,19115,9911,11340,21632,49096,38810,23164,11181,1175,219,1251,3476,16744,17840,3826,147,989,17989,11177,179,1308,881,12205,850,542,8846
974,3003,974.2687855623801,99642,371,252,256,100,84087,47476,1.3203568776218864,224,131,18670,17959,19001,9860,11477,21697,49096,38810,23321,11364,1172,219,1244,3474,16644,17981,3820,150,997,17850,11096,179,1307,881,12315,855,560,8898
975,3003,975.2574138484507,99641,380,239,256,101,84147,47498,1.3211930831685752,221,138,18649,17949,18891,9816,11602,21756,49096,38810,23475,11546,1170,219,1233,3476,16562,18092,3815,152,997,17724,11015,178,1291,896,12419,864,583,8955
976,3003,976.252097794756,99641,377,235,256,101,84212,47530,1.3221665780150742,223,132,18639,17957,18781,9761,11723,21813,49096,38810,23627,11727,1167,219,1218,3481,16491,18209,3808,155,1004,17587,10929,178,1285,901,12519,873,595,9022
977,3003,977.2524626331154,99641,377,239,256,101,84265,47567,1.3230698206561555,230,132,18661,17976,18641,9703,11834,21848,49096,38810,23776,11907,1161,219,1207,3483,16438,18296,3803,161,1013,17450,10842,177,1277,908,12628,884,610,9084
978,3003,978.2591446432353,99641,368,242,256,101,84323,47601,1.3239931353559278,219,129,18666,17964,18536,9658,11954,21905,49096,38810,23923,12086,1158,219,1196,3485,16365,18404,3794,164,1023,17309,10768,177,1260,925,12744,892,622,9136
979,3003,979.267499141128,99641,390,239,256,101,84391,47631,1.3249766662317721,202,137,18685,17976,18405,9599,12061,21947,49096,38810,24067,12265,1156,219,1184,3488,16288,18515,3786,166,1028,17174,10694,177,1255,929,12855,902,632,9193
980,3003,980.2748729462381,99641,400,242,256,101,84457,47667,1.3260003412249977,191,134,18673,18005,18295,9551,12184,21966,49096,38810,24209,12443,1156,219,1170,3487,16202,18641,3784,165,1034,17067,10611,176,1242,936,12936,913,641,9261
981,3003,981.2820366215262,99641,404,241,256,101,84512,47696,1.326843367690007,187,135,18657,18019,18188,9505,12307,21998,49096,38810,24348,12619,1153,218,1159,3485,16149,18732,3779,168,1042,16942,10526,176,1234,943,13035,922,653,9325
982,3003,982.290413112287,99641,392,247,256,101,84560,47737,1.3277365743017433,193,121,18644,18033,18100,9453,12414,22044,49096,38810,24485,12794,1152,218,1151,3484,16061,18857,3773,169,1052,16817,10451,176,1223,952,13137,926,664,9378
983,3003,983.2994963632545,99640,372,259,256,102,84606,47780,1.328643115214773,205,111,18622,18050,18003,9404,12541,22073,49096,38810,24620,12968,1150,218,1142,3479,16001,18958,3768,171,1065,16684,10359,176,1215,958,13244,932,673,9447
984,3003,984.3098450579456,99639,367,253,256,103,84653,47809,1.3294192033239995,213,113,18609,18064,17902,9363,12652,22103,49096,38810,24752,13141,1147,215,1131,3486,15928,19060,3762,174,1064,16574,10276,175,1208,964,13335,941,690,9509
985,3003,985.3210193324601,99638,339,235,257,103,84700,47840,1.3302153796744214,217,117,18626,18066,17794,9342,12766,22136,49096,38810,24882,13313,1146,214,1124,3486,15848,19187,3756,175,1076,16457,10192,175,1198,971,13416,948,710,9559
986,3003,986.3321490645227,99638,344,220,257,103,84752,47869,1.3310283225275497,211,111,18621,18108,17698,9292,12868,22165,49096,38810,25010,13483,1145,212,1120,3485,15785,19292,3753,176,1083,16321,10129,175,1194,974,13518,952,722,9602
987,3003,987.3430663276071,99638,360,222,257,103,84817,47909,1.3320821373371605,207,109,18595,18142,17598,9243,12982,22180,49096,38810,25136,13652,1145,212,1107,3485,15705,19404,3750,176,1095,16213,10056,175,1183,979,13607,963,737,9646
988,3003,988.3550344260746,99638,359,212,257,103,84862,47933,1.3327746442120476,214,101,18595,18161,17498,9212,13076,22210,49096,38810,25260,13820,1142,212,1102,3485,15631,19509,3746,179,1096,16106,9982,175,1172,986,13691,968,756,9700
989,3003,989.3675551034207,99637,365,202,258,103,84919,47955,1.3335808986621436,197,102,18583,18173,17399,9169,13197,22250,49096,38810,25381,13986,1141,212,1096,3483,15565,19608,3738,179,1098,15996,9917,175,1168,986,13782,974,774,9745
990,3003,990.3804378065981,99637,352,208,258,103,84975,47984,1.334433995403314,180,106,18588,18194,17324,9116,13297,22272,49096,38810,25500,14151,1140,212,1088,3485,15509,19703,3729,180,1111,15888,9840,175,1161,992,13860,981,787,9796
991,3003,991.3938250973044,99637,350,203,258,103,85026,48008,1.3351867278219938,183,112,18565,18241,17249,9065,13394,22275,49096,38810,25617,14314,1139,212,1080,3489,15437,19806,3724,180,1113,15781,9773,175,1152,1001,13941,987,807,9840
992,3003,992.408152677399,99637,339,199,258,103,85076,48029,1.3358993145116773,182,121,18554,18276,17162,9010,13504,22290,49096,38810,25732,14476,1138,212,1076,3492,15375,19904,3717,181,1124,15683,9692,175,1140,1013,14012,987,817,9899
993,3003,993.4235713343928,99637,322,200,258,103,85121,48060,1.3366620833626062,175,116,18578,18300,17071,8969,13595,22311,49096,38810,25845,14636,1137,212,1068,3492,15310,20014,3705,182,1131,15582,9630,175,1132,1021,14083,993,825,9945
994,3003,994.4383222795881,99637,304,206,258,103,85161,48090,1.3373646336200407,187,114,18554,18358,16997,8905,13699,22313,49096,38810,25956,14795,1137,212,1065,3495,15262,20100,3696,181,1135,15466,9574,174,1125,1028,14169,996,839,9983
995,3003,995.4535544329348,99637,303,207,258,103,85202,48119,1.3380671838774751,197,113,18578,18382,16887,8855,13776,22339,49096,38810,26065,14952,1136,212,1057,3494,15187,20209,3693,182,1133,15364,9521,174,1119,1031,14248,1002,852,10023
996,3003,996.4682392144985,99637,294,212,258,103,85249,48149,1.3388399891606533,185,112,18591,18442,16804,8802,13867,22328,49096,38810,26172,15108,1136,212,1051,3490,15124,20316,3688,182,1138,15266,9459,174,1111,1038,14314,1008,860,10070
997,3003,997.482105154616,99637,298,205,258,103,85298,48175,1.339592721579333,180,112,18605,18484,16702,8762,13956,22333,49096,38810,26278,15262,1134,212,1049,3493,15051,20420,3681,184,1138,15175,9405,173,1104,1044,14387,1008,875,10104
998,3003,998.4952690241062,99637,301,195,258,103,85336,48201,1.3402350532432732,189,112,18632,18546,16580,8718,14039,22325,49096,38810,26382,15414,1131,212,1040,3492,14996,20505,3676,187,1138,15075,9352,173,1096,1050,14468,1016,891,10139
999,3003,999.0008319395724,99637,296,196,258,103,85355,48219,1.3406064012364884,194,100,18605,18529,16490,8690,14156,22381,49096,38810,26484,15565,1131,212,1029,3495,14932,20584,3672,187,1133,14996,9296,173,1090,1055,14537,1024,906,10185
1000,3003,1000.0142129930874,99637,300,215,258,103,85411,48257,1.3415498258679004,186,87,18612,18572,16405,8641,14238,22381,49096,38810,26584,15714,1127,210,1025,3497,14883,20663,3667,191,1136,14879,9247,173,1086,1059,14633,1025,912,10224
1001,3003,1001.0274523321741,99637,317,197,258,103,85472,48273,1.3423226311510783,166,96,18627,18597,16301,8617,14330,22389,49096,38810,26682,15861,1124,208,1022,3495,14816,20766,3666,193,1140,14791,9190,173,1077,1066,14699,1025,923,10263
1002,3003,1002.0397617390253,99636,310,189,258,104,85508,48296,1.3429282588622586,174,110,18640,18634,16200,8580,14417,22382,49096,38810,26779,16007,1123,206,1016,3493,14760,20856,3664,194,1145,14701,9132,173,1069,1074,14762,1030,939,10299
1003,3003,1003.0512546439986,99636,325,193,258,104,85564,48321,1.3437412180336425,162,113,18665,18684,16105,8529,14484,22376,49096,38810,26874,16151,1123,205,1011,3492,14695,20949,3660,194,1141,14614,9080,173,1065,1078,14833,1032,951,10340
1004,3003,1004.061679814517,99636,320,195,258,104,85608,48347,1.3444437753422458,158,117,18664,18714,16023,8493,14576,22376,49096,38810,26967,16293,1122,204,1008,3491,14629,21046,3655,194,1145,14532,9019,173,1062,1080,14896,1035,960,10385
1005,3003,1005.0716668372343,99636,322,187,258,104,85653,48375,1.3451764422497892,149,120,18698,18758,15912,8474,14660,22356,49096,38810,27059,16434,1121,203,1002,3493,14559,21145,3651,194,1152,14450,8969,173,1052,1087,14958,1039,973,10415
1006,3003,1006.0802406339902,99636,311,197,258,104,85685,48409,1.3458388534264725,152,112,18684,18787,15857,8437,14737,22362,49096,38810,27149,16573,1119,201,995,3497,14499,21232,3644,196,1154,14369,8920,173,1050,1088,15018,1046,984,10451
1007,3003,1007.0890438772117,99636,292,210,258,104,85721,48447,1.3465815568669959,162,105,18695,18829,15780,8395,14812,22356,49096,38810,27237,16710,1118,199,989,3500,14440,21320,3639,197,1164,14272,8874,173,1039,1096,15094,1051,996,10475
1008,3003,1008.0978956944014,99636,292,197,258,104,85766,48471,1.347274077642619,166,100,18716,18876,15683,8371,14884,22351,49096,38810,27324,16846,1118,199,981,3504,14389,21403,3633,196,1174,14185,8822,173,1032,1101,15156,1057,1012,10501
1009,3003,1009.1057553502775,99636,279,194,258,104,85797,48497,1.3478461600224818,184,97,18733,18929,15597,8331,14948,22344,49096,38810,27409,16980,1117,197,978,3504,14313,21505,3632,197,1175,14111,8780,173,1025,1106,15210,1060,1028,10525
1010,3003,1010.1129226416095,99636,283,201,258,104,85849,48524,1.3486390461279056,171,92,18762,18969,15520,8277,15005,22356,49096,38810,27493,17112,1116,197,973,3503,14254,21592,3628,198,1180,14031,8732,173,1021,1109,15272,1063,1038,10556
1011,3003,1011.1184770638774,99635,284,183,259,104,85897,48540,1.349294926481658,161,101,18801,19002,15432,8252,15062,22357,49096,38810,27575,17242,1115,195,967,3504,14187,21692,3624,199,1183,13961,8691,173,1014,1113,15319,1068,1049,10581
1012,3003,1012.1224221779008,99635,274,182,259,104,85927,48569,1.349887087870728,162,98,18852,19041,15343,8219,15109,22355,49096,38810,27656,17371,1114,195,961,3506,14123,21793,3621,200,1189,13880,8646,171,1009,1116,15372,1072,1054,10613
1013,3003,1013.1236725284341,99635,273,180,259,104,85963,48586,1.35041902945752,181,105,18858,19097,15257,8185,15171,22328,49096,38810,27736,17498,1113,195,958,3500,14070,21870,3621,201,1189,13807,8607,171,1007,1117,15429,1074,1068,10638
1014,3003,1014.1242889595597,99635,291,183,259,104,86022,48612,1.3512721433231294,145,100,18883,19145,15192,8158,15229,22309,49096,38810,27814,17623,1111,193,949,3502,14021,21952,3618,203,1186,13733,8567,171,1004,1118,15480,1078,1080,10669
1015,3003,1015.1236895110253,99635,281,194,259,104,86054,48639,1.3518643047121994,163,93,18918,19200,15106,8109,15272,22299,49096,38810,27891,17747,1109,193,945,3503,13974,22027,3614,205,1179,13657,8528,171,1000,1122,15533,1080,1100,10695
1016,3003,1016.1210490344495,99635,281,195,259,104,86097,48667,1.3525769057058263,155,93,18955,19242,15035,8086,15314,22279,49096,38810,27967,17869,1107,193,939,3505,13929,22102,3607,207,1186,13588,8479,171,995,1126,15580,1084,1112,10725
1017,3003,1017.1168145107682,99635,285,194,259,104,86139,48691,1.3532393235308877,144,95,18965,19312,14972,8052,15374,22242,49096,38810,28041,17989,1104,193,932,3502,13865,22195,3607,210,1187,13526,8442,171,989,1129,15620,1091,1125,10747
1018,3003,1018.1116016145629,99635,281,188,259,104,86167,48712,1.3537311185828274,160,96,19002,19354,14881,8036,15416,22221,49096,38810,28114,18108,1103,193,930,3503,13813,22267,3604,211,1195,13456,8392,171,982,1135,15676,1092,1134,10778
1019,3003,1019.1048780989952,99635,290,190,259,104,86214,48731,1.3543935364078887,160,102,19011,19393,14805,8000,15474,22210,49096,38810,28186,18225,1100,193,925,3500,13764,22340,3601,214,1199,13387,8355,171,976,1139,15731,1095,1142,10803
1020,3003,1020.0970570078572,99635,287,188,259,104,86247,48760,1.355015807698098,163,96,19033,19449,14737,7978,15520,22184,49096,38810,28256,18340,1100,193,920,3502,13721,22412,3598,214,1203,13308,8307,171,972,1142,15785,1099,1154,10834
1021,3003,1021.0884790652091,99635,270,191,259,104,86283,48789,1.3556681888894464,166,108,19059,19494,14664,7942,15581,22160,49096,38810,28325,18454,1099,193,916,3501,13693,22477,3592,215,1198,13226,8271,171,972,1141,15841,1101,1174,10854
1022,3003,1022.0788005330248,99635,272,193,259,104,86328,48815,1.3563807898830733,157,100,19107,19548,14597,7913,15607,22141,49096,38810,28393,18566,1097,193,910,3505,13644,22554,3583,217,1201,13170,8229,171,964,1147,15876,1107,1184,10883
1023,3003,1023.0667381795166,99635,281,195,259,104,86375,48837,1.3570733176092737,141,102,19119,19590,14532,7880,15667,22128,49096,38810,28460,18676,1096,193,904,3508,13600,22623,3580,218,1197,13099,8198,171,960,1150,15929,1111,1200,10898
1024,3003,1024.0537496605937,99635,260,185,259,104,86401,48857,1.3575350027600743,160,105,19152,19651,14455,7859,15713,22095,49096,38810,28526,18785,1096,193,899,3504,13558,22701,3577,217,1203,13024,8161,170,957,1150,15981,1116,1210,10918
1025,3003,1025.039599371819,99635,261,192,259,104,86431,48887,1.3581372007828574,172,95,19164,19697,14396,7840,15747,22071,49096,38810,28591,18892,1095,193,895,3507,13507,22773,3573,218,1207,12965,8120,170,954,1153,16024,1119,1216,10946
1026,3003,1026.0241339832187,99635,259,192,259,104,86467,48916,1.358789581974206,177,80,19195,19759,14330,7826,15779,22038,49096,38810,28655,18998,1094,193,888,3510,13468,22842,3569,219,1210,12892,8091,170,948,1157,16073,1124,1228,10959
1027,3003,1027.0073610147044,99635,255,176,259,104,86505,48934,1.3593516334621367,176,85,19231,19819,14267,7816,15811,21999,49096,38810,28717,19102,1094,191,882,3514,13424,22913,3564,219,1219,12824,8051,170,943,1159,16122,1129,1239,10978
1028,3003,1028.479237335073,99635,268,160,259,104,86564,48957,1.360174637426607,168,95,19300,19922,14189,7794,15815,21924,49096,38810,28778,19204,1092,191,881,3514,13370,22994,3561,221,1226,12772,8012,169,935,1163,16156,1130,1257,10991
1029,3003,1029.45738111856,99635,277,176,259,104,86609,48987,1.360927384955086,159,94,19318,19963,14128,7761,15858,21901,49096,38810,28838,19305,1090,191,880,3511,13342,23048,3560,222,1226,12711,7978,169,931,1164,16200,1130,1264,11018
1030,3003,1030.4343483031032,99635,273,171,259,104,86651,49009,1.3615697295127214,144,91,19332,20032,14088,7732,15903,21869,49096,38810,28897,19404,1090,191,874,3508,13307,23115,3559,222,1232,12651,7940,169,926,1168,16237,1133,1280,11033
1031,3003,1031.4106323051556,99635,259,168,259,104,86687,49039,1.362232147337783,151,81,19359,20098,14042,7712,15929,21836,49096,38810,28955,19502,1089,191,872,3509,13271,23186,3554,223,1240,12582,7905,169,920,1173,16279,1134,1287,11051
1032,3003,1032.386088826525,99635,260,171,259,104,86729,49059,1.3628544186279923,144,79,19396,20138,13988,7683,15952,21824,49096,38810,29012,19598,1086,191,870,3515,13229,23249,3548,225,1238,12526,7873,169,917,1174,16321,1135,1297,11072
1033,3003,1033.359755485829,99635,255,171,259,104,86764,49071,1.3633261404125057,146,88,19420,20201,13930,7644,15989,21791,49096,38810,29068,19693,1084,191,867,3518,13191,23312,3543,227,1232,12473,7853,167,914,1176,16358,1135,1313,11081
1034,3003,1034.3322986312724,99635,244,169,259,104,86793,49088,1.363787825563306,150,90,19441,20259,13884,7608,16021,21769,49096,38810,29123,19787,1082,191,864,3515,13143,23385,3542,229,1230,12429,7823,167,913,1176,16383,1137,1326,11100
1035,3003,1035.3034478058423,99635,230,169,259,104,86822,49104,1.3642394740803934,145,98,19476,20304,13831,7579,16058,21745,49096,38810,29177,19879,1081,191,861,3509,13111,23442,3539,230,1234,12373,7792,167,909,1177,16427,1139,1335,11118
1036,3003,1036.2737009668622,99635,226,168,259,104,86859,49123,1.3648015255683243,138,94,19484,20342,13786,7564,16106,21727,49096,38810,29231,19970,1078,191,856,3509,13092,23489,3536,233,1234,12307,7758,167,909,1176,16472,1144,1345,11139
1037,3003,1037.2432423066164,99635,228,159,259,104,86893,49141,1.365323430521403,145,93,19511,20396,13720,7545,16136,21702,49096,38810,29284,20059,1077,191,851,3508,13061,23555,3533,234,1239,12257,7719,167,906,1175,16498,1146,1351,11167
1038,3003,1038.2115992463766,99635,248,152,259,104,86939,49156,1.3659356651778993,128,104,19565,20458,13655,7512,16144,21669,49096,38810,29336,20147,1076,191,843,3508,13033,23608,3529,235,1235,12205,7697,167,902,1177,16532,1154,1362,11181
1039,3003,1039.1776842298327,99635,245,145,259,104,86971,49174,1.366437496863552,126,101,19609,20500,13604,7495,16156,21654,49096,38810,29387,20233,1073,191,837,3507,12997,23668,3527,238,1235,12156,7666,167,898,1180,16564,1158,1373,11200
1040,3003,1040.1411198360718,99635,248,147,259,104,87004,49201,1.367039694886335,115,91,19653,20552,13545,7478,16179,21627,49096,38810,29437,20318,1072,191,831,3505,12961,23728,3525,239,1234,12108,7642,167,895,1183,16594,1162,1388,11210
1041,3003,1041.1028179061375,99635,241,138,259,104,87029,49215,1.3674311236011443,123,89,19697,20608,13480,7461,16199,21599,49096,38810,29486,20402,1071,191,827,3508,12928,23783,3521,239,1238,12061,7616,167,890,1186,16624,1165,1396,11224
1042,3003,1042.0624058675442,99635,241,139,259,104,87061,49237,1.367973101821649,118,91,19747,20665,13419,7443,16215,21557,49096,38810,29534,20484,1069,191,826,3507,12891,23844,3518,241,1236,12020,7586,167,885,1191,16645,1166,1407,11245
1043,3003,1043.0196394348063,99635,240,153,259,104,87092,49264,1.368555226577006,120,82,19782,20718,13370,7425,16228,21517,49096,38810,29582,20565,1069,191,820,3506,12870,23886,3515,241,1231,11969,7562,167,880,1194,16681,1172,1418,11263
1044,3003,1044.4518522196142,99635,232,158,259,104,87130,49294,1.3692377176694936,114,78,19858,20800,13312,7393,16224,21466,49096,38810,29629,20645,1066,190,815,3500,12842,23940,3513,244,1228,11926,7540,167,876,1197,16709,1177,1434,11271
1045,3003,1045.4036336150573,99635,217,150,259,104,87151,49308,1.3695889998494506,113,86,19884,20850,13272,7378,16254,21431,49096,38810,29675,20724,1065,190,810,3503,12806,24000,3510,244,1232,11886,7506,167,874,1197,16728,1182,1443,11292
1046,3003,1046.3543745149855,99635,208,155,259,104,87178,49331,1.370090831535103,111,89,19922,20912,13229,7356,16270,21383,49096,38810,29720,20801,1063,190,806,3505,12788,24045,3506,244,1231,11844,7478,167,872,1198,16753,1185,1447,11313
1047,3003,1047.3035637374187,99634,216,157,259,105,87211,49355,1.3706766766364895,97,82,19969,20972,13170,7333,16288,21350,49096,38810,29765,20877,1063,190,800,3506,12756,24095,3502,244,1231,11798,7457,167,869,1198,16788,1190,1457,11323
1048,3003,1048.250500689682,99634,211,157,259,105,87228,49378,1.3710781460144128,105,77,20017,21012,13109,7324,16298,21324,49096,38810,29809,20952,1062,190,795,3508,12725,24144,3499,245,1230,11765,7431,167,866,1201,16806,1194,1468,11338
1049,3003,1049.195346724577,99634,210,162,259,105,87253,49402,1.3715699460023687,104,75,20039,21078,13073,7296,16314,21283,49096,38810,29852,21026,1060,190,792,3511,12697,24188,3496,247,1228,11719,7403,167,865,1201,16839,1196,1483,11352
1050,3003,1050.1389865090664,99634,213,150,259,105,87280,49421,1.3720316357869804,108,75,20062,21127,13016,7282,16341,21260,49096,38810,29895,21099,1060,190,788,3509,12667,24241,3495,247,1238,11675,7375,167,862,1202,16868,1197,1491,11362
1051,3003,1051.0816883450984,99633,210,152,259,106,87299,49438,1.3724067327090421,118,70,20090,21185,12961,7265,16361,21221,49096,38810,29937,21170,1060,190,784,3510,12624,24300,3492,247,1238,11648,7355,167,860,1204,16882,1200,1497,11375
1052,3003,1052.0226126963094,99633,183,143,259,106,87314,49451,1.3726877640942259,139,77,20121,21233,12934,7253,16363,21187,49096,38810,29978,21240,1058,190,781,3510,12600,24354,3488,249,1240,11610,7323,166,853,1209,16901,1202,1505,11394
1053,3003,1053.4313778038158,99633,204,144,259,106,87367,49473,1.3734405267331105,118,71,20195,21323,12868,7237,16355,21118,49096,38810,30018,21309,1057,190,777,3506,12581,24397,3487,249,1246,11576,7292,166,849,1211,16920,1206,1514,11409
1054,3003,1054.367582770581,99632,198,137,260,106,87392,49493,1.373905973984262,108,66,20254,21368,12818,7228,16361,21094,49096,38810,30058,21377,1057,190,774,3508,12552,24448,3483,249,1250,11535,7267,166,848,1212,16943,1208,1525,11417
1055,3003,1055.3015362500626,99632,191,139,260,106,87414,49510,1.374297414485306,108,66,20302,21414,12768,7209,16370,21065,49096,38810,30097,21444,1057,190,769,3504,12529,24493,3481,249,1253,11496,7250,166,840,1219,16969,1211,1535,11421
1056,3003,1056.233500842694,99632,187,143,260,106,87428,49526,1.374598522563032,116,66,20348,21490,12719,7189,16369,21005,49096,38810,30136,21510,1056,190,765,3502,12498,24537,3481,250,1249,11461,7237,166,836,1221,16996,1215,1545,11427
1057,3003,1057.163263421471,99632,199,147,260,106,87460,49541,1.3750702585514694,106,69,20390,21561,12670,7159,16374,20957,49096,38810,30174,21575,1055,190,762,3498,12462,24587,3480,251,1249,11425,7222,166,834,1223,17024,1218,1548,11438
1058,3003,1058.0910190564557,99632,196,140,260,106,87485,49553,1.375441625180665,107,70,20426,21610,12635,7143,16375,20930,49096,38810,30211,21639,1055,190,761,3499,12431,24639,3477,251,1245,11393,7200,165,832,1224,17041,1219,1558,11452
1059,3003,1059.01721942541,99632,182,139,260,106,87505,49567,1.3757828810020878,111,77,20480,21655,12594,7117,16372,20905,49096,38810,30248,21702,1055,190,759,3507,12414,24676,3469,251,1245,11347,7182,165,830,1224,17070,1220,1565,11463
1060,3003,1060.401991920589,99632,183,140,260,106,87539,49598,1.3764352818371608,104,68,20562,21763,12532,7107,16358,20815,49096,38810,30284,21764,1053,189,758,3506,12384,24732,3465,253,1249,11312,7163,165,828,1225,17091,1219,1571,11469
1061,3003,1061.322453305337,99632,180,133,260,106,87562,49614,1.3768267223382047,104,64,20593,21824,12504,7095,16358,20777,49096,38810,30320,21825,1052,189,756,3507,12358,24777,3464,254,1251,11275,7140,165,825,1228,17112,1220,1580,11479
1062,3003,1062.2412755752791,99631,186,133,261,106,87587,49630,1.3772520601017755,99,65,20654,21866,12446,7076,16353,20753,49096,38810,30355,21885,1052,189,754,3507,12329,24820,3462,254,1252,11249,7121,165,824,1229,17128,1221,1587,11488
1063,3003,1063.1578188242165,99631,186,140,261,106,87613,49648,1.3776936897150485,104,60,20696,21909,12393,7056,16359,20728,49096,38810,30390,21944,1051,189,752,3509,12297,24867,3460,255,1253,11224,7096,165,821,1230,17141,1222,1594,11505
1064,3003,1064.0719475278117,99631,186,137,261,106,87634,49667,1.3780951711816603,117,54,20723,21977,12342,7046,16370,20679,49096,38810,30424,22002,1051,189,751,3506,12266,24916,3459,255,1255,11197,7072,165,819,1230,17157,1223,1603,11517
1065,3003,1065.4400110913405,99631,188,137,261,106,87671,49686,1.3786572452349168,115,59,20828,22065,12270,7020,16337,20612,49096,38810,30457,22059,1048,188,748,3511,12245,24959,3453,258,1258,11158,7056,165,817,1232,17181,1223,1609,11522
1066,3003,1066.3486547784396,99631,186,132,261,106,87690,49699,1.3789784304082062,123,69,20864,22088,12238,7014,16327,20590,49096,38810,30490,22115,1047,188,745,3513,12217,24999,3450,259,1258,11128,7037,165,816,1233,17201,1225,1621,11529
1067,3003,1067.2553913560023,99631,185,133,261,106,87710,49719,1.379379911874818,133,65,20891,22149,12197,6997,16332,20549,49096,38810,30522,22170,1046,187,743,3511,12198,25042,3449,260,1256,11096,7026,165,813,1235,17215,1227,1631,11531
1068,3003,1068.1607034636806,99630,179,127,262,106,87738,49731,1.3797952423968685,130,64,20928,22214,12176,6988,16324,20500,49096,38810,30554,22224,1045,187,742,3509,12181,25085,3448,261,1260,11064,7002,164,810,1238,17224,1228,1638,11544
1069,3003,1069.0646168796227,99630,164,130,262,106,87754,49745,1.3800963565191207,132,63,20971,22268,12141,6958,16329,20474,49096,38810,30585,22277,1045,187,739,3511,12164,25121,3444,261,1262,11030,6984,164,808,1240,17243,1230,1643,11554
1070,3003,1070.4172537376126,99630,185,131,262,106,87799,49767,1.3807688447254842,126,59,21066,22349,12077,6946,16283,20408,49096,38810,30616,22329,1045,187,736,3509,12148,25162,3442,261,1263,10999,6965,164,806,1242,17255,1232,1651,11563
1071,3003,1071.315589303537,99630,189,131,262,106,87827,49781,1.3811904044966377,118,58,21096,22420,12048,6914,16286,20370,49096,38810,30647,22381,1045,187,734,3509,12126,25205,3440,261,1264,10966,6947,164,806,1241,17273,1231,1656,11575
1072,3003,1072.2123222589344,99630,192,128,262,106,87851,49791,1.3815316671685236,122,63,21145,22476,12005,6894,16273,20332,49096,38810,30677,22432,1043,186,733,3510,12099,25243,3439,263,1266,10933,6932,164,806,1239,17299,1231,1668,11576
1073,3003,1073.107097302961,99630,190,133,262,106,87872,49809,1.3819231155274516,124,58,21190,22532,11967,6878,16266,20292,49096,38810,30707,22482,1042,186,732,3512,12084,25276,3435,264,1266,10899,6916,164,803,1240,17321,1231,1673,11586
1074,3003,1074.4455589169406,99630,194,130,262,106,87915,49826,1.3825253437719562,107,58,21269,22622,11929,6865,16238,20218,49096,38810,30736,22531,1042,186,731,3512,12066,25321,3432,264,1271,10861,6896,164,801,1240,17338,1231,1680,11594
1075,3003,1075.3351708812804,99630,180,128,262,106,87940,49841,1.3829268292682926,114,61,21310,22688,11901,6850,16232,20166,49096,38810,30765,22579,1042,185,728,3514,12034,25372,3430,264,1276,10837,6878,164,797,1243,17349,1232,1688,11597
1076,3003,1076.2231255219622,99630,198,122,262,106,87980,49850,1.3834186490013047,102,67,21359,22744,11854,6832,16224,20128,49096,38810,30793,22627,1041,185,726,3516,12019,25399,3428,265,1273,10806,6862,162,796,1244,17371,1233,1697,11607
1077,3003,1077.1092091543794,99630,199,125,262,106,88003,49870,1.3838502459098665,102,59,21410,22802,11806,6826,16220,20081,49096,38810,30821,22674,1040,185,725,3520,11994,25439,3425,265,1275,10782,6847,162,794,1244,17383,1233,1708,11609
1078,3003,1078.4341455377237,99630,203,118,262,106,88041,49890,1.3844323998795542,98,56,21486,22880,11753,6816,16197,20023,49096,38810,30848,22720,1039,185,724,3526,11966,25478,3418,266,1279,10756,6834,162,788,1249,17400,1234,1730,11596
1079,3003,1079.3148422574739,99630,195,122,262,106,88059,49901,1.3847234768643983,107,56,21543,22936,11710,6791,16182,19988,49096,38810,30875,22765,1039,185,723,3532,11938,25515,3412,266,1287,10739,6809,162,787,1250,17409,1234,1733,11610
1080,3003,1080.193305721359,99630,198,124,262,106,88086,49920,1.385185185185185,103,49,21587,22988,11673,6780,16176,19952,49096,38810,30902,22810,1037,185,722,3532,11917,25552,3411,268,1290,10712,6793,162,783,1253,17425,1233,1740,11615
1081,3003,1081.069889071333,99630,200,120,262,106,88110,49929,1.3855164107196627,104,52,21633,23030,11641,6762,16159,19929,49096,38810,30928,22854,1037,185,721,3531,11897,25586,3408,268,1289,10687,6779,162,779,1256,17443,1233,1747,11622
1082,3003,1082.3811643677652,99629,194,116,262,107,88143,49949,1.386062291099981,113,58,21704,23124,11615,6739,16111,19855,49096,38810,30954,22897,1036,185,719,3532,11881,25633,3404,269,1288,10656,6768,162,775,1256,17451,1235,1755,11624
1083,3003,1083.2528317065378,99629,207,119,262,107,88170,49964,1.38648385510243,108,59,21744,23188,11563,6719,16115,19807,49096,38810,30979,22939,1035,184,718,3532,11860,25660,3404,270,1290,10636,6750,162,775,1256,17466,1236,1762,11633
1084,3003,1084.123014702397,99629,214,118,262,107,88197,49979,1.386905419104879,107,63,21790,23230,11532,6711,16094,19770,49096,38810,31004,22981,1034,184,716,3534,11846,25693,3403,270,1294,10609,6736,161,772,1259,17477,1236,1766,11639
1085,3003,1085.424434882738,99629,198,123,262,107,88225,49999,1.3873872065362496,116,57,21863,23333,11505,6686,16055,19693,49096,38810,31029,23022,1030,184,712,3536,11821,25738,3398,274,1294,10589,6714,161,771,1259,17484,1239,1775,11650
1086,3003,1086.2898028233842,99629,203,127,262,107,88250,50017,1.387818807776852,110,50,21924,23382,11464,6670,16036,19663,49096,38810,31053,23062,1030,184,712,3534,11804,25774,3397,274,1293,10566,6704,161,769,1260,17494,1238,1781,11654
1087,3003,1087.1528214501463,99629,207,113,262,107,88276,50024,1.3881500366359192,117,53,21947,23427,11438,6665,16028,19634,49096,38810,31077,23102,1028,184,709,3535,11789,25808,3395,276,1294,10542,6692,161,766,1263,17501,1241,1792,11653
1088,3003,1088.014686458115,99629,208,114,262,107,88300,50034,1.38849130273314,125,53,21980,23482,11401,6644,16023,19599,49096,38810,31101,23141,1027,184,706,3542,11775,25832,3388,277,1296,10515,6676,161,766,1263,17520,1243,1793,11665
1089,3003,1089.30500432889,99629,205,122,262,107,88341,50058,1.3891437232131207,125,53,22066,23573,11360,6619,15981,19525,49096,38810,31124,23180,1026,182,705,3545,11760,25872,3383,278,1299,10494,6661,161,764,1264,17523,1243,1803,11666
1090,3003,1090.1621721444649,99628,211,126,263,107,88374,50074,1.3896494961255872,110,48,22123,23619,11332,6608,15960,19491,49096,38810,31147,23218,1024,180,704,3542,11749,25902,3382,280,1302,10466,6646,161,762,1265,17540,1244,1804,11675
1091,3003,1091.0173387009213,99628,216,120,263,107,88404,50082,1.3900309150038141,95,54,22170,23672,11310,6603,15945,19443,49096,38810,31170,23255,1023,180,704,3544,11732,25930,3380,281,1304,10442,6631,161,759,1268,17558,1242,1811,11678
1092,3003,1092.2967389432022,99628,208,117,263,107,88438,50100,1.3905528566266512,100,60,22217,23748,11292,6578,15919,19389,49096,38810,31192,23292,1021,180,701,3541,11719,25975,3377,283,1302,10419,6619,161,757,1269,17562,1244,1816,11682
1093,3003,1093.1480883590584,99628,202,115,263,107,88462,50114,1.3909342755048781,96,63,22269,23798,11270,6563,15899,19353,49096,38810,31214,23328,1020,180,700,3537,11708,26007,3374,284,1303,10399,6608,161,755,1269,17573,1245,1824,11681
1094,3003,1094.422168027929,99628,186,108,263,107,88488,50131,1.3913658810776086,105,63,22336,23893,11253,6546,15856,19282,49096,38810,31236,23364,1020,180,698,3538,11699,26044,3370,284,1307,10376,6588,161,753,1270,17577,1243,1838,11682
