,indexID,time,N,Inf_L,Inf_H,Dead_L,Dead_H,cum_cases_L,cum_cases_H,cum_sum_per_N,Exposed_L,Exposed_H,Sus_L,Sus_H,Rec_nat_L,Rec_nat_H,Rec_vax_L,Rec_vax_H,vaccinatedH,vaccinatedL,boostedH,boostedL,count_Naive,count_Delta,count_Delta_vaccine,count_two,count_three,count_four,count_Omicron,count_Omicron_star,count_Omicron_star_vaccine,count_Omicron_vaccine,count_Vaccine,count_WT,count_WT_vaccine,count_WT_vaccine_boost,count_Omicron_vaccine_boost,count_Delta_vaccine_boost,count_Omicron_star_vaccine_boost,count_Vaccine_boost
0,787,1.0166407253081993,99998,5,1,0,0,5,1,6.000120002400048e-05,20,24,49974,49974,0,0,0,0,0,0,0,0,99998,0,0,0,0,0,0,0,0,0,0,0,0,0,0,0,0,0
1,787,2.060350806299633,99998,10,6,0,0,12,6,0.00018000360007200145,15,21,49972,49972,2,0,0,0,0,0,0,0,99996,0,0,0,0,0,0,0,0,0,0,2,0,0,0,0,0,0
2,787,3.0544737842249123,99998,9,8,0,0,14,8,0.00022000440008800175,15,21,49970,49970,5,0,0,0,0,0,0,0,99993,0,0,0,0,0,0,0,0,0,0,5,0,0,0,0,0,0
3,787,4.02890012368018,99998,12,11,0,0,19,13,0.0003200064001280026,13,17,49967,49969,7,2,0,0,0,0,0,0,99989,0,0,0,0,0,0,0,0,0,0,9,0,0,0,0,0,0
4,787,5.009518407557636,99998,13,14,0,0,22,17,0.00039000780015600314,10,15,49967,49967,9,3,0,0,0,0,0,0,99986,0,0,0,0,0,0,0,0,0,0,12,0,0,0,0,0,0
5,787,6.012786221706283,99998,14,14,0,0,24,21,0.0004500090001800036,11,14,49964,49964,10,7,0,0,0,0,0,0,99981,0,0,0,0,0,0,0,0,0,0,17,0,0,0,0,0,0
6,787,7.028857783596376,99998,10,10,0,0,25,23,0.00048000960019200384,11,14,49963,49962,15,13,0,0,0,0,0,0,99970,0,0,0,0,0,0,0,0,0,0,28,0,0,0,0,0,0
7,787,8.014069416045697,99998,11,14,0,0,27,28,0.0005500110002200045,14,10,49958,49961,16,14,0,0,0,0,0,0,99968,0,0,0,0,0,0,0,0,0,0,30,0,0,0,0,0,0
8,787,9.005493098408445,99998,10,16,0,0,28,32,0.0006000120002400048,15,7,49957,49960,17,16,0,0,0,0,0,0,99964,0,0,0,0,0,0,0,0,0,0,34,0,0,0,0,0,0
9,787,10.009983460335793,99998,14,14,0,0,33,34,0.0006700134002680054,11,9,49956,49956,18,20,0,0,0,0,0,0,99959,0,0,0,0,0,0,0,0,0,0,39,0,0,0,0,0,0
10,787,11.010131808731803,99998,16,17,0,0,35,37,0.0007200144002880058,14,7,49951,49955,18,20,0,0,0,0,0,0,99959,0,0,0,0,0,0,0,0,0,0,39,0,0,0,0,0,0
11,787,12.055221971581025,99998,14,14,0,0,37,38,0.000750015000300006,12,8,49951,49953,22,24,0,0,0,0,0,0,99951,0,0,0,0,0,0,0,0,0,0,47,0,0,0,0,0,0
12,787,13.021179148712001,99998,14,14,0,0,41,40,0.0008100162003240065,11,10,49948,49949,26,26,0,0,0,0,0,0,99945,0,0,0,0,0,0,0,0,0,0,53,0,0,0,0,0,0
13,787,14.317777549875162,99998,13,15,0,0,42,44,0.0008600172003440069,15,9,49943,49946,28,29,0,0,0,0,0,0,99940,0,0,0,0,0,0,0,0,0,0,58,0,0,0,0,0,0
14,787,15.007246538958665,99998,15,16,0,0,45,48,0.0009300186003720074,14,6,49942,49945,28,32,0,0,0,0,0,0,99936,0,0,0,0,0,0,0,0,0,0,62,0,0,0,0,0,0
15,787,16.02317646592069,99998,14,14,0,0,49,49,0.0009800196003920078,11,5,49941,49945,33,35,0,0,0,0,0,0,99928,0,0,0,0,0,0,0,0,0,0,70,0,0,0,0,0,0
16,787,17.065937566784157,99997,14,12,1,0,54,51,0.0010500315009450284,10,3,49937,49945,37,39,0,0,0,0,0,0,99919,0,0,0,0,0,0,0,0,0,0,78,0,0,0,0,0,0
17,787,18.252669360963075,99997,13,11,1,0,55,51,0.0010600318009540287,16,5,49930,49945,39,38,0,0,0,0,0,0,99916,0,0,0,0,0,0,0,0,0,0,81,0,0,0,0,0,0
18,787,19.025804392442407,99997,15,11,1,0,59,52,0.00111003330099903,14,7,49928,49942,41,39,0,0,0,0,0,0,99913,0,0,0,0,0,0,0,0,0,0,84,0,0,0,0,0,0
19,787,20.01542909604469,99997,15,9,1,0,63,53,0.0011600348010440313,13,6,49925,49942,45,42,0,0,0,0,0,0,99906,0,0,0,0,0,0,0,0,0,0,91,0,0,0,0,0,0
20,787,21.120217304777274,99997,16,12,1,0,65,57,0.001220036601098033,12,5,49924,49939,46,43,0,0,0,0,0,0,99904,0,0,0,0,0,0,0,0,0,0,93,0,0,0,0,0,0
21,787,22.07250672447738,99997,17,10,1,0,70,57,0.0012700381011430343,11,5,49920,49939,50,45,0,0,0,0,0,0,99898,0,0,0,0,0,0,0,0,0,0,99,0,0,0,0,0,0
22,787,23.09132478097772,99997,17,11,1,0,73,59,0.0013200396011880356,8,6,49920,49936,53,46,0,0,0,0,0,0,99894,0,0,0,0,0,0,0,0,0,0,103,0,0,0,0,0,0
23,787,24.014472818389528,99997,18,11,1,0,76,61,0.001370041101233037,7,7,49918,49933,55,48,0,0,0,0,0,0,99890,0,0,0,0,0,0,0,0,0,0,107,0,0,0,0,0,0
24,787,25.18064737689719,99997,17,10,1,0,77,62,0.0013900417012510376,7,7,49917,49932,57,50,0,0,0,0,0,0,99886,0,0,0,0,0,0,0,0,0,0,111,0,0,0,0,0,0
25,787,26.0105071470301,99997,17,7,1,0,79,63,0.0014200426012780383,8,7,49914,49932,59,53,0,0,0,0,0,0,99880,0,0,0,0,0,0,0,0,0,0,117,0,0,0,0,0,0
26,787,27.26408642770487,99997,18,7,1,0,81,65,0.0014600438013140395,13,6,49907,49931,60,55,0,0,0,0,0,0,99877,0,0,0,0,0,0,0,0,0,0,120,0,0,0,0,0,0
27,787,28.110920205198532,99997,23,6,1,0,87,67,0.0015400462013860415,13,4,49901,49931,61,58,0,0,0,0,0,0,99873,0,0,0,0,0,0,0,0,0,0,124,0,0,0,0,0,0
28,787,29.18574677353049,99997,24,6,1,0,92,67,0.0015900477014310428,17,5,49892,49930,65,58,0,0,0,0,0,0,99869,0,0,0,0,0,0,0,0,0,0,128,0,0,0,0,0,0
29,787,30.206722910788553,99997,24,7,1,0,94,70,0.0016400492014760444,15,3,49892,49929,67,60,0,0,0,0,0,0,99865,0,0,0,0,0,0,0,0,0,0,132,0,0,0,0,0,0
30,787,31.306438686861988,99997,20,8,1,0,95,71,0.0016600498014940448,17,5,49889,49927,72,59,0,0,0,0,0,0,99860,0,0,0,0,0,0,0,0,0,0,137,0,0,0,0,0,0
31,787,32.10279526312106,99997,21,8,1,0,99,72,0.001710051301539046,17,4,49885,49927,75,60,0,0,0,0,0,0,99856,0,0,0,0,0,0,0,0,0,0,141,0,0,0,0,0,0
32,787,33.144765546249076,99997,21,10,1,0,102,74,0.0017600528015840474,14,5,49886,49924,77,60,0,0,0,0,0,0,99853,0,0,0,0,0,0,0,0,0,0,144,0,0,0,0,0,0
33,787,34.0829906192709,99997,22,11,1,0,105,76,0.001810054301629049,15,4,49882,49923,79,61,0,0,0,0,0,0,99850,0,0,0,0,0,0,0,0,0,0,147,0,0,0,0,0,0
34,787,35.237872609758355,99997,24,11,1,0,108,77,0.00185005550166505,13,6,49881,49921,80,61,0,0,0,0,0,0,99848,0,0,0,0,0,0,0,0,0,0,149,0,0,0,0,0,0
35,787,36.03176233368173,99997,25,10,1,0,111,79,0.0019000570017100513,14,5,49877,49921,82,63,0,0,0,0,0,0,99843,0,0,0,0,0,0,0,0,0,0,154,0,0,0,0,0,0
36,787,37.14149567977097,99997,27,10,1,0,114,80,0.0019400582017460523,21,6,49868,49919,82,64,0,0,0,0,0,0,99841,0,0,0,0,0,0,0,0,0,0,156,0,0,0,0,0,0
37,787,38.2418539728579,99996,27,9,2,0,119,81,0.002000080003200128,18,7,49866,49917,86,66,0,0,0,0,0,0,99834,0,0,0,0,0,0,0,0,0,0,162,0,0,0,0,0,0
38,787,39.08774631267672,99996,27,9,2,0,121,83,0.0020400816032641305,19,7,49863,49915,88,68,0,0,0,0,0,0,99830,0,0,0,0,0,0,0,0,0,0,166,0,0,0,0,0,0
39,787,40.090634797553015,99996,28,9,2,0,126,84,0.0021000840033601345,20,9,49857,49912,92,69,0,0,0,0,0,0,99825,0,0,0,0,0,0,0,0,0,0,171,0,0,0,0,0,0
40,787,41.207713418443355,99996,34,9,2,0,135,86,0.0022100884035361414,20,11,49848,49908,95,71,0,0,0,0,0,0,99820,0,0,0,0,0,0,0,0,0,0,176,0,0,0,0,0,0
41,787,42.07947270280638,99996,38,11,2,0,141,89,0.002300092003680147,19,9,49843,49907,97,72,0,0,0,0,0,0,99817,0,0,0,0,0,0,0,0,0,0,179,0,0,0,0,0,0
42,787,43.11559564583948,99996,40,11,2,0,147,92,0.002390095603824153,18,6,49839,49907,100,75,0,0,0,0,0,0,99810,0,0,0,0,0,0,0,0,0,0,186,0,0,0,0,0,0
43,787,44.18906933328654,99996,42,12,2,0,153,93,0.0024600984039361575,20,9,49831,49904,104,74,0,0,0,0,0,0,99806,0,0,0,0,0,0,0,0,0,0,190,0,0,0,0,0,0
44,787,45.13669444413415,99996,42,16,2,0,157,97,0.0025401016040641627,23,7,49825,49904,107,72,0,0,0,0,0,0,99802,0,0,0,0,0,0,0,0,0,0,194,0,0,0,0,0,0
45,787,46.12911799189579,99996,38,17,2,0,161,102,0.0026301052042081684,25,4,49819,49902,115,76,0,0,0,0,0,0,99790,0,0,0,0,0,0,0,0,0,0,206,0,0,0,0,0,0
46,787,47.23166105611712,99996,40,16,2,0,164,103,0.0026701068042721708,25,5,49816,49900,116,78,0,0,0,0,0,0,99787,0,0,0,0,0,0,0,0,0,0,209,0,0,0,0,0,0
47,787,48.09464178464124,99996,38,16,2,0,167,106,0.002730109204368175,24,7,49814,49895,121,81,0,0,0,0,0,0,99779,0,0,0,0,0,0,0,0,0,0,217,0,0,0,0,0,0
48,787,49.32238052916998,99996,40,15,2,0,173,109,0.0028201128045121805,23,7,49809,49892,125,85,0,0,0,0,0,0,99771,0,0,0,0,0,0,0,0,0,0,225,0,0,0,0,0,0
49,787,50.043799446474324,99996,42,13,2,0,180,110,0.0029001160046401857,20,6,49805,49892,130,88,0,0,0,0,0,0,99763,0,0,0,0,0,0,0,0,0,0,233,0,0,0,0,0,0
50,787,51.22691064368375,99996,32,14,2,0,186,112,0.002980119204768191,21,6,49798,49890,146,89,0,0,0,0,0,0,99747,0,0,1,0,0,0,0,0,0,0,248,0,0,0,0,0,0
51,787,52.1010351444012,99996,28,14,2,0,186,114,0.003000120004800192,22,5,49798,49891,149,89,0,0,0,0,0,0,99741,0,0,1,0,0,0,0,0,0,0,254,0,0,0,0,0,0
52,787,53.33487125228498,99996,31,15,2,0,191,117,0.003080123204928197,25,2,49790,49891,151,91,0,0,0,0,0,0,99737,0,0,1,0,0,0,0,0,0,0,258,0,0,0,0,0,0
53,787,54.15797505542417,99996,33,13,2,0,195,117,0.0031201248049922,26,3,49786,49890,152,93,0,0,0,0,0,0,99733,0,0,1,0,0,0,0,0,0,0,262,0,0,0,0,0,0
54,787,55.01112769246358,99996,31,15,2,0,197,119,0.003160126405056202,27,1,49785,49890,154,93,0,0,0,0,0,0,99729,0,0,1,0,0,0,0,0,0,0,266,0,0,0,0,0,0
55,787,56.043123007552886,99996,33,15,2,0,205,120,0.003250130005200208,23,4,49784,49886,157,94,0,0,0,0,0,0,99722,0,0,1,0,0,0,0,0,0,0,273,0,0,0,0,0,0
56,787,57.13066444921285,99996,32,12,2,0,211,120,0.003310132405296212,24,5,49779,49885,162,97,0,0,0,0,0,0,99712,0,0,1,0,0,0,0,0,0,0,283,0,0,0,0,0,0
57,787,58.15526120275088,99996,35,12,2,0,218,121,0.003390135605424217,26,5,49770,49884,166,98,0,0,0,0,0,0,99707,0,0,1,0,0,0,0,0,0,0,288,0,0,0,0,0,0
58,787,59.19537851099574,99996,34,11,2,0,222,121,0.0034301372054882195,27,6,49767,49883,169,99,0,0,0,0,0,0,99701,0,0,1,0,0,0,0,0,0,0,294,0,0,0,0,0,0
59,787,60.31296789732022,99996,43,15,2,0,233,125,0.003580143205728229,21,5,49762,49882,171,97,0,0,0,0,0,0,99699,0,0,1,0,0,0,0,0,0,0,296,0,0,0,0,0,0
60,787,61.308410566060566,99996,38,14,2,0,234,126,0.0036001440057602304,24,5,49759,49881,176,99,0,0,0,0,0,0,99691,0,0,1,0,0,0,0,0,0,0,304,0,0,0,0,0,0
61,787,62.060974170071994,99996,36,11,2,0,240,127,0.003670146805872235,27,5,49750,49881,184,102,0,0,0,0,0,0,99679,0,0,1,0,0,0,0,0,0,0,316,0,0,0,0,0,0
62,787,63.08176776506139,99996,38,12,2,0,247,128,0.00375015000600024,28,9,49742,49876,189,102,0,0,0,0,0,0,99674,0,0,1,0,0,0,0,0,0,0,321,0,0,0,0,0,0
63,787,64.13811521161577,99996,40,14,2,0,253,133,0.003860154406176247,25,7,49739,49874,193,104,0,0,0,0,0,0,99667,0,0,1,0,0,0,0,0,0,0,328,0,0,0,0,0,0
64,787,65.04028180415663,99996,43,17,2,0,261,136,0.003970158806352254,23,7,49736,49871,195,104,0,0,0,0,0,0,99662,0,0,1,0,0,0,0,0,0,0,333,0,0,0,0,0,0
65,787,66.0658543850096,99996,40,13,2,0,266,136,0.004020160806432257,25,9,49729,49870,203,107,0,0,0,0,0,0,99650,0,0,1,0,0,0,0,0,0,0,345,0,0,0,0,0,0
66,787,67.24099859807536,99996,40,12,2,0,273,138,0.0041101644065762635,23,12,49725,49866,209,109,0,0,0,0,0,0,99640,0,0,1,0,0,0,0,0,0,0,355,0,0,0,0,0,0
67,787,68.04603910943564,99996,38,11,2,0,276,140,0.004160166406656267,24,12,49721,49864,214,112,0,0,0,0,0,0,99632,0,0,1,0,0,0,0,0,0,0,363,0,0,0,0,0,0
68,787,69.0192685162445,99996,41,12,2,0,280,143,0.004230169206768271,23,11,49718,49863,215,113,0,0,0,0,0,0,99629,0,0,1,0,0,0,0,0,0,0,366,0,0,0,0,0,0
69,787,70.0498734199159,99996,39,14,2,0,289,149,0.00438017520700828,26,7,49708,49861,224,117,0,0,0,0,0,0,99614,0,0,1,0,0,0,0,0,0,0,381,0,0,0,0,0,0
70,787,71.16923481194398,99996,38,15,2,0,297,152,0.004490179607184288,22,9,49704,49856,233,119,0,0,0,0,0,0,99603,0,0,1,0,0,0,0,0,0,0,392,0,0,0,0,0,0
71,787,72.1031900832533,99996,39,18,2,0,301,158,0.004590183607344294,24,5,49699,49854,235,122,0,0,0,0,0,0,99597,0,0,1,0,0,0,0,0,0,0,398,0,0,0,0,0,0
72,787,73.00702067471764,99996,43,16,2,0,311,158,0.0046901876075043005,18,8,49696,49851,240,124,0,0,0,0,0,0,99589,0,0,1,0,0,0,0,0,0,0,406,0,0,0,0,0,0
73,787,74.07204416567033,99996,44,15,2,0,317,159,0.0047601904076163045,15,13,49693,49845,245,126,0,0,0,0,0,0,99582,0,0,1,0,0,0,0,0,0,0,413,0,0,0,0,0,0
74,787,75.02455261252258,99996,38,15,2,0,318,161,0.004790191607664307,20,15,49687,49841,252,128,0,0,0,0,0,0,99573,0,0,1,0,0,0,0,0,0,0,422,0,0,0,0,0,0
75,787,76.1197188938322,99996,36,16,2,0,325,165,0.004900196007840313,20,15,49681,49838,260,130,0,0,0,0,0,0,99561,0,0,1,0,0,0,0,0,0,0,434,0,0,0,0,0,0
76,787,77.18837717754809,99996,37,15,2,0,329,166,0.004950198007920317,19,19,49678,49834,263,131,0,0,0,0,0,0,99556,0,0,1,0,0,0,0,0,0,0,439,0,0,0,0,0,0
77,787,78.08278244125009,99996,36,21,2,0,336,174,0.005100204008160326,12,13,49679,49832,270,133,0,0,0,0,0,0,99546,0,0,1,0,0,0,0,0,0,0,449,0,0,0,0,0,0
78,787,79.089980873487,99996,33,24,2,0,338,177,0.0051502060082403295,18,12,49672,49831,274,132,0,0,0,0,0,0,99541,0,0,1,0,0,0,0,0,0,0,454,0,0,0,0,0,0
79,787,80.27359886552703,99996,34,23,2,0,345,178,0.005230209208368335,19,17,49666,49825,278,134,0,0,0,0,0,0,99533,0,0,1,0,0,0,0,0,0,0,462,0,0,0,0,0,0
80,787,81.14949154087086,99996,34,26,2,0,350,183,0.005330213208528341,27,14,49653,49823,283,136,0,0,0,0,0,0,99526,0,0,1,0,0,0,0,0,0,0,469,0,0,0,0,0,0
81,787,82.20063619169737,99995,41,23,3,0,362,185,0.005470273513675684,25,13,49644,49822,286,141,0,0,0,0,0,0,99516,0,0,1,0,0,0,0,0,0,0,478,0,0,0,0,0,0
82,787,83.31808921981633,99995,38,24,3,0,366,188,0.005540277013850693,24,12,49643,49820,291,143,0,0,0,0,0,0,99507,0,0,1,0,0,0,0,0,0,0,487,0,0,0,0,0,0
83,787,84.03413840861096,99995,40,21,3,0,371,192,0.005630281514075704,28,13,49635,49815,293,150,0,0,0,0,0,0,99497,0,0,1,0,0,0,0,0,0,0,497,0,0,0,0,0,0
84,787,85.27462031441827,99995,47,21,3,0,383,196,0.005790289514475724,27,12,49625,49812,297,154,0,0,0,0,0,0,99488,0,0,1,0,0,0,0,0,0,0,506,0,0,0,0,0,0
85,787,86.01541720966375,99995,47,23,3,0,385,199,0.00584029201460073,29,13,49622,49808,298,155,0,0,0,0,0,0,99485,0,0,1,0,0,0,0,0,0,0,509,0,0,0,0,0,0
86,787,87.20342402441068,99995,53,23,3,0,402,202,0.006040302015100755,24,14,49611,49804,308,158,0,0,0,0,0,0,99471,0,0,1,0,0,0,0,0,0,0,523,0,0,0,0,0,0
87,787,88.01550970125685,99995,50,21,3,0,407,204,0.006110305515275764,26,15,49605,49801,315,162,0,0,0,0,0,0,99459,0,0,1,0,0,0,0,0,0,0,535,0,0,0,0,0,0
88,787,89.25511940324165,99994,48,21,4,0,414,206,0.006200372022321339,27,18,49598,49796,322,164,0,0,0,0,0,0,99448,0,0,1,0,0,0,0,0,0,0,545,0,0,0,0,0,0
89,787,90.20543335134077,99994,51,21,4,0,421,210,0.006310378622717363,28,17,49591,49794,325,167,0,0,0,0,0,0,99440,0,0,1,0,0,0,0,0,0,0,553,0,0,0,0,0,0
90,787,91.21498620922519,99994,52,23,4,0,428,215,0.006430385823149389,32,19,49582,49787,329,170,0,0,0,0,0,0,99431,0,0,1,0,0,0,0,0,0,0,562,0,0,0,0,0,0
91,787,92.11279765935461,99994,50,29,4,0,435,222,0.006570394223653419,30,18,49579,49782,336,170,0,0,0,0,0,0,99421,0,0,1,0,0,0,0,0,0,0,572,0,0,0,0,0,0
92,787,93.32014941704955,99994,47,27,4,0,441,225,0.006660399623977438,30,19,49575,49778,343,175,0,0,0,0,0,0,99407,0,0,1,0,0,0,0,0,0,0,586,0,0,0,0,0,0
93,787,94.1162741111773,99994,47,28,4,0,448,229,0.006770406224373462,36,18,49562,49775,350,178,0,0,0,0,0,0,99397,0,0,1,0,0,0,0,0,0,0,596,0,0,0,0,0,0
94,787,95.0039021091877,99994,49,23,4,0,458,232,0.0069004140248414905,38,19,49550,49771,358,186,0,0,0,0,0,0,99381,0,0,1,0,0,0,0,0,0,0,612,0,0,0,0,0,0
95,787,96.05168520730456,99994,49,25,4,0,465,237,0.007020421225273517,36,16,49548,49769,362,189,0,0,0,0,0,0,99371,0,0,1,0,0,0,0,0,0,0,622,0,0,0,0,0,0
96,787,97.00002410589586,99994,52,24,4,0,476,240,0.007160429625777546,28,18,49545,49764,370,193,0,0,0,0,0,0,99359,0,0,1,0,0,0,0,0,0,0,634,0,0,0,0,0,0
97,787,98.10967114855283,99994,52,25,4,0,485,244,0.007290437426245575,23,19,49544,49759,376,196,0,0,0,0,0,0,99347,0,0,1,0,0,0,0,0,0,0,646,0,0,0,0,0,0
98,787,99.08823721648993,99994,46,27,4,0,490,251,0.007410444626677601,29,13,49534,49758,386,201,0,0,0,0,0,0,99331,0,0,1,0,0,0,0,0,0,0,662,0,0,0,0,0,0
99,787,100.09916162468262,99994,50,33,4,0,500,259,0.00759045542732564,26,11,49528,49752,391,203,0,0,0,0,0,0,99323,0,0,1,0,0,0,0,0,0,0,670,0,0,0,0,0,0
100,787,101.14428443195156,99994,47,31,4,0,507,261,0.007680460827649659,34,14,49514,49749,400,205,0,0,0,0,0,0,99309,0,0,1,0,0,0,0,0,0,0,684,0,0,0,0,0,0
101,787,102.00268328137956,99994,40,32,4,0,511,267,0.0077804668280096806,38,11,49506,49746,411,210,0,0,0,0,0,0,99293,0,0,1,0,0,0,0,0,0,0,700,0,0,0,0,0,0
102,787,103.05122968262613,99994,38,33,4,0,513,270,0.007830469828189692,44,11,49500,49743,413,212,0,0,0,0,0,0,99287,0,0,1,0,0,0,0,0,0,0,706,0,0,0,0,0,0
103,787,104.26402864311825,99993,44,28,4,1,524,274,0.007980558639104737,48,10,49489,49740,414,220,0,0,0,0,0,0,99273,0,0,1,0,0,0,0,0,0,0,719,0,0,0,0,0,0
104,787,105.05602663597247,99993,50,27,4,1,532,276,0.00808056563959477,42,9,49487,49739,416,223,0,0,0,0,0,0,99268,0,0,1,0,0,0,0,0,0,0,724,0,0,0,0,0,0
105,787,106.19010529426835,99993,53,26,4,1,546,276,0.00822057544028082,33,15,49483,49734,426,223,0,0,0,0,0,0,99256,0,0,1,0,0,0,0,0,0,0,736,0,0,0,0,0,0
106,787,107.31885719795375,99993,49,23,4,1,555,278,0.008330583140819857,31,16,49479,49732,436,227,0,0,0,0,0,0,99238,0,0,1,0,0,0,0,0,0,0,754,0,0,0,0,0,0
107,787,108.25424583358549,99993,42,22,4,1,559,283,0.008420589441260888,33,13,49474,49730,446,233,0,0,0,0,0,0,99221,0,0,1,0,0,0,0,0,0,0,771,0,0,0,0,0,0
108,787,109.20065945084295,99993,42,23,4,1,563,285,0.00848059364155491,31,14,49474,49727,448,234,0,0,0,0,0,0,99216,0,0,1,0,0,0,0,0,0,0,776,0,0,0,0,0,0
109,787,110.21604864978426,99993,38,24,4,1,566,288,0.00854059784184893,34,15,49468,49723,455,236,0,0,0,0,0,0,99207,0,0,1,0,0,0,0,0,0,0,785,0,0,0,0,0,0
110,787,111.2296844811875,99993,46,24,4,1,578,291,0.008690608342583981,31,14,49460,49721,458,239,0,0,0,0,0,0,99200,0,0,1,0,0,0,0,0,0,0,792,0,0,0,0,0,0
111,787,112.08597065376306,99993,46,25,4,1,584,294,0.008780614643025013,32,13,49454,49719,463,241,0,0,0,0,0,0,99192,0,0,1,0,0,0,0,0,0,0,800,0,0,0,0,0,0
112,787,113.1425773828695,99993,50,26,4,1,593,297,0.008900623043613052,28,14,49450,49715,467,243,0,0,0,0,0,0,99185,0,0,1,0,0,0,0,0,0,0,807,0,0,0,0,0,0
113,787,114.14693598598829,99993,49,24,4,1,600,301,0.009010630744152091,28,18,49444,49709,474,247,0,0,0,0,0,0,99171,0,0,1,0,0,0,0,0,0,0,821,0,0,0,0,0,0
114,787,115.12730870226183,99993,54,25,4,1,611,306,0.009170641944936145,26,16,49438,49706,477,251,0,0,0,0,0,0,99161,0,0,1,0,0,0,0,0,0,0,831,0,0,0,0,0,0
115,787,116.19599725505299,99993,56,26,4,1,619,310,0.009290650345524187,21,16,49437,49703,481,253,0,0,0,0,0,0,99152,0,0,1,0,0,0,0,0,0,0,840,0,0,0,0,0,0
116,787,117.12066986162063,99993,56,25,4,1,624,316,0.009400658046063224,27,15,49428,49699,484,259,0,0,0,0,0,0,99140,0,0,1,0,0,0,0,0,0,0,852,0,0,0,0,0,0
117,787,118.02283581615579,99993,54,25,4,1,632,318,0.009500665046553258,28,17,49421,49695,492,261,0,0,0,0,0,0,99128,0,0,1,0,0,0,0,0,0,0,864,0,0,0,0,0,0
118,787,119.11701946405938,99993,53,27,4,1,643,323,0.009660676247337314,27,20,49412,49687,503,264,0,0,0,0,0,0,99113,0,0,1,0,0,0,0,0,0,0,879,0,0,0,0,0,0
119,787,120.22927158797332,99993,50,24,4,1,649,325,0.009740681847729341,31,21,49404,49685,510,268,0,0,0,0,0,0,99099,0,0,1,0,0,0,0,0,0,0,893,0,0,0,0,0,0
120,787,121.28490454747758,99993,47,25,4,1,654,328,0.009820687448121368,36,19,49397,49685,515,269,0,0,0,0,0,0,99089,0,0,1,0,0,0,0,0,0,0,903,0,0,0,0,0,0
121,787,122.16722026574357,99993,48,27,4,1,657,331,0.00988069164841539,37,17,49393,49685,517,269,0,0,0,0,0,0,99086,0,0,1,0,0,0,0,0,0,0,906,0,0,0,0,0,0
122,787,123.33034212327266,99993,56,27,4,1,673,335,0.010080705649395458,30,21,49387,49677,522,273,0,0,0,0,0,0,99074,0,0,1,0,0,0,0,0,0,0,918,0,0,0,0,0,0
123,787,124.01558380979921,99993,57,32,4,1,676,340,0.010160711249787485,33,20,49382,49674,523,272,0,0,0,0,0,0,99072,0,0,1,0,0,0,0,0,0,0,920,0,0,0,0,0,0
124,787,125.11718128112359,99993,62,35,4,1,686,345,0.010310721750522537,27,18,49381,49672,525,273,0,0,0,0,0,0,99065,0,0,1,0,0,0,0,0,0,0,927,0,0,0,0,0,0
125,787,126.05808909798904,99993,60,35,4,1,691,347,0.010380726650865561,30,21,49377,49667,528,275,0,0,0,0,0,0,99056,0,0,1,0,0,0,0,0,0,0,936,0,0,0,0,0,0
126,787,127.09780532711646,99992,67,34,4,2,702,353,0.010550844067525402,30,23,49370,49660,528,280,0,0,0,0,0,0,99045,0,0,1,0,0,0,0,0,0,0,946,0,0,0,0,0,0
127,787,128.1258813306222,99992,65,36,4,2,708,358,0.010660852868229459,32,23,49363,49658,535,280,0,0,0,0,0,0,99034,0,0,1,0,0,0,0,0,0,0,957,0,0,0,0,0,0
128,787,129.15408733609556,99992,64,35,4,2,718,362,0.01080086406912553,34,27,49354,49651,543,284,0,0,0,0,0,0,99018,0,0,1,0,0,0,0,0,0,0,973,0,0,0,0,0,0
129,787,130.1824573338198,99992,63,36,4,2,723,368,0.010910872869829587,38,29,49347,49644,547,288,0,0,0,0,0,0,99007,0,0,1,0,0,0,0,0,0,0,984,0,0,0,0,0,0
130,787,131.2109421718667,99992,61,36,4,2,733,372,0.011050884070725658,38,27,49340,49642,556,292,0,0,0,0,0,0,98991,0,0,1,0,0,0,0,0,0,0,1000,0,0,0,0,0,0
131,787,132.23960771249017,99992,67,33,4,2,747,377,0.011240899271941756,36,31,49328,49635,564,298,0,0,0,0,0,0,98975,0,0,1,0,0,0,0,0,0,0,1016,0,0,0,0,0,0
132,787,133.2684484039582,99992,67,37,4,2,756,386,0.011420913673093848,40,30,49316,49627,572,303,0,0,0,0,0,0,98961,0,0,1,0,0,0,0,0,0,0,1030,0,0,0,0,0,0
133,787,134.29748871712033,99992,60,42,4,2,759,394,0.011530922473797904,45,25,49314,49624,576,306,0,0,0,0,0,0,98948,0,0,1,0,0,0,0,0,0,0,1043,0,0,0,0,0,0
134,787,135.3265830803523,99992,66,41,4,2,772,399,0.011710936874949996,44,26,49305,49618,580,312,0,0,0,0,0,0,98935,0,0,1,0,0,0,0,0,0,0,1056,0,0,0,0,0,0
135,787,136.0127129673372,99992,62,41,4,2,776,403,0.011790943275462037,47,29,49300,49612,586,315,0,0,0,0,0,0,98923,0,0,1,0,0,0,0,0,0,0,1068,0,0,0,0,0,0
136,787,137.04205022337757,99992,64,47,4,2,788,412,0.012000960076806145,44,25,49291,49610,596,315,0,0,0,0,0,0,98910,0,0,1,0,0,0,0,0,0,0,1081,0,0,0,0,0,0
137,787,138.07157494588978,99992,64,47,4,2,798,419,0.012170973677894232,49,25,49278,49604,604,321,0,0,0,0,0,0,98893,0,0,1,0,0,0,0,0,0,0,1098,0,0,0,0,0,0
138,787,139.10131593166025,99992,62,46,4,2,808,425,0.012330986478918313,56,26,49265,49599,612,326,0,0,0,0,0,0,98874,0,0,1,0,0,0,0,0,0,0,1117,0,0,0,0,0,0
139,787,140.1312574026593,99992,68,39,4,2,824,431,0.012551004080326425,45,24,49260,49595,622,339,0,0,0,0,0,0,98851,0,0,1,0,0,0,0,0,0,0,1140,0,0,0,0,0,0
140,787,141.1614142215617,99992,72,38,4,2,836,438,0.012741019281542523,46,19,49249,49595,628,345,0,0,0,0,0,0,98836,0,0,2,0,0,0,0,0,0,0,1154,0,0,0,0,0,0
141,787,142.31420711605048,99992,77,29,4,2,845,443,0.012881030482438596,53,25,49238,49585,627,358,0,0,0,0,0,0,98818,0,0,2,0,0,0,0,0,0,0,1172,0,0,0,0,0,0
142,787,143.00117888460744,99992,76,25,4,2,851,444,0.01295103608288663,53,27,49233,49584,633,361,0,0,0,0,0,0,98806,0,0,2,0,0,0,0,0,0,0,1184,0,0,0,0,0,0
143,787,144.0318082549109,99992,78,34,4,2,862,455,0.013171053684294744,50,20,49225,49583,642,360,0,0,0,0,0,0,98795,0,0,2,0,0,0,0,0,0,0,1195,0,0,0,0,0,0
144,787,145.29241121196694,99992,76,38,4,2,870,462,0.01332106568525482,52,19,49217,49577,650,363,0,0,0,0,0,0,98782,0,0,2,0,0,0,0,0,0,0,1208,0,0,0,0,0,0
145,787,146.07414584091288,99992,78,36,4,2,881,466,0.013471077686214897,53,20,49206,49574,658,367,0,0,0,0,0,0,98767,0,0,2,0,0,0,0,0,0,0,1223,0,0,0,0,0,0
146,787,147.10533725847128,99992,68,36,4,2,889,469,0.013581086486918954,63,21,49192,49574,672,366,0,0,0,0,0,0,98746,0,0,2,0,0,0,0,0,0,0,1244,0,0,0,0,0,0
147,787,148.26489590874067,99992,72,36,4,2,900,477,0.013771101688135052,57,14,49187,49575,679,372,0,0,0,0,0,0,98731,0,0,2,0,0,0,0,0,0,0,1259,0,0,0,0,0,0
148,787,149.06103008280613,99992,81,30,4,2,924,482,0.0140611248899912,47,17,49176,49567,691,383,0,0,0,0,0,0,98705,0,0,2,0,0,0,0,0,0,0,1285,0,0,0,0,0,0
149,787,150.1550555511774,99992,82,35,4,2,931,489,0.014201136090887271,56,13,49161,49565,696,384,0,0,0,0,0,0,98697,0,0,2,0,0,0,0,0,0,0,1293,0,0,0,0,0,0
150,787,151.14594213482965,99992,82,33,4,2,949,492,0.014411152892231379,52,21,49152,49555,709,388,0,0,0,0,0,0,98674,0,0,2,0,0,0,0,0,0,0,1316,0,0,0,0,0,0
151,787,152.1782306394827,99992,90,28,4,2,965,494,0.01459116729338347,51,25,49140,49549,714,395,0,0,0,0,0,0,98659,0,0,2,0,0,0,0,0,0,0,1331,0,0,0,0,0,0
152,787,153.2106556652791,99992,91,35,4,2,976,504,0.014801184094727578,44,19,49139,49545,721,398,0,0,0,0,0,0,98646,0,0,2,0,0,0,0,0,0,0,1344,0,0,0,0,0,0
153,787,154.20663929760775,99992,94,33,4,2,994,507,0.015011200896071686,49,22,49119,49541,733,401,0,0,0,0,0,0,98626,0,0,2,0,0,0,0,0,0,0,1364,0,0,0,0,0,0
154,787,155.23944991169336,99992,103,35,4,2,1011,516,0.015271221697735819,44,23,49110,49532,738,407,0,0,0,0,0,0,98611,0,0,2,0,0,0,0,0,0,0,1379,0,0,0,0,0,0
155,787,156.27245469371934,99992,90,29,4,2,1022,517,0.01539123129850388,49,32,49097,49523,759,413,0,0,0,0,0,0,98581,0,0,3,0,0,0,0,0,0,0,1408,0,0,0,0,0,0
156,787,157.30576480007275,99992,87,30,4,2,1033,526,0.015591247299783983,47,32,49095,49515,766,420,0,0,0,0,0,0,98559,0,0,3,0,0,0,0,0,0,0,1430,0,0,0,0,0,0
157,787,158.33920460459822,99992,81,33,4,2,1042,536,0.01578126250100008,50,26,49086,49511,778,427,0,0,0,0,0,0,98538,0,0,4,0,0,0,0,0,0,0,1450,0,0,0,0,0,0
158,787,159.02828152643048,99992,81,28,4,2,1050,538,0.01588127050164013,48,27,49081,49508,785,434,0,0,0,0,0,0,98523,0,0,4,0,0,0,0,0,0,0,1465,0,0,0,0,0,0
159,787,160.06207978452716,99992,79,32,4,2,1062,544,0.016061284902792225,43,26,49077,49503,796,436,0,0,0,0,0,0,98507,0,0,4,0,0,0,0,0,0,0,1481,0,0,0,0,0,0
160,787,161.0960487597315,99992,77,42,4,2,1077,556,0.016331306504520363,37,21,49070,49496,811,438,0,0,0,0,0,0,98488,0,0,4,0,0,0,0,0,0,0,1500,0,0,0,0,0,0
161,787,162.13020649392615,99992,71,40,4,2,1084,560,0.016441315305224417,37,22,49065,49491,822,444,0,0,0,0,0,0,98469,0,0,4,0,0,0,0,0,0,0,1519,0,0,0,0,0,0
162,787,163.16453249679557,99992,67,40,4,2,1094,567,0.016611328906312506,36,19,49060,49487,832,451,0,0,0,0,0,0,98448,0,0,4,0,0,0,0,0,0,0,1540,0,0,0,0,0,0
163,787,164.25560447597368,99992,68,45,4,2,1105,573,0.01678134250740059,35,19,49053,49485,839,448,0,0,0,0,0,0,98437,0,0,4,0,0,0,0,0,0,0,1551,0,0,0,0,0,0
164,787,165.24474739391383,99992,76,43,4,2,1127,580,0.01707136570925674,31,22,49039,49478,849,454,0,0,0,0,0,0,98414,0,0,4,0,0,0,0,0,0,0,1574,0,0,0,0,0,0
165,787,166.27958997145484,99992,72,45,4,2,1135,585,0.017201376110088807,29,24,49035,49472,859,456,0,0,0,0,0,0,98399,0,0,4,0,0,0,0,0,0,0,1589,0,0,0,0,0,0
166,787,167.31458496833457,99992,68,45,4,2,1142,593,0.017351388111048884,34,23,49028,49467,865,462,0,0,0,0,0,0,98380,0,0,4,0,0,0,0,0,0,0,1608,0,0,0,0,0,0
167,787,168.0046556727026,99992,72,47,4,2,1151,598,0.017491399311944957,35,22,49019,49466,869,462,0,0,0,0,0,0,98372,0,0,4,0,0,0,0,0,0,0,1616,0,0,0,0,0,0
168,787,169.03994549920964,99992,74,38,4,2,1163,598,0.01761140891271302,36,25,49008,49468,877,466,0,0,0,0,0,0,98353,0,0,4,0,0,0,0,0,0,0,1635,0,0,0,0,0,0
169,787,170.07543616193357,99992,68,38,4,2,1173,604,0.0177714217137371,41,20,48995,49467,891,472,0,0,0,0,0,0,98332,0,0,5,0,0,0,0,0,0,0,1655,0,0,0,0,0,0
170,787,171.19520505854783,99992,72,34,4,2,1188,610,0.017981438515081206,41,20,48984,49462,898,481,0,0,0,0,0,0,98311,0,0,5,0,0,0,0,0,0,0,1676,0,0,0,0,0,0
171,787,172.15126518893578,99992,69,34,4,2,1190,614,0.018041443315465238,47,19,48977,49460,902,484,0,0,0,0,0,0,98302,0,0,5,0,0,0,0,0,0,0,1685,0,0,0,0,0,0
172,787,173.0180206513027,99992,65,36,4,2,1199,619,0.018181454516361308,52,16,48966,49458,912,487,0,0,0,0,0,0,98286,0,0,5,0,0,0,0,0,0,0,1701,0,0,0,0,0,0
173,787,174.05024257923628,99992,67,38,4,2,1214,624,0.018381470517641413,53,19,48954,49451,921,489,0,0,0,0,0,0,98270,0,0,5,0,0,0,0,0,0,0,1717,0,0,0,0,0,0
174,787,175.08679583871415,99992,74,34,4,2,1226,626,0.018521481718537482,57,23,48941,49447,923,493,0,0,0,0,0,0,98259,0,0,5,0,0,0,0,0,0,0,1728,0,0,0,0,0,0
175,787,176.1235011760903,99992,79,35,4,2,1245,631,0.018761500920073605,50,22,48932,49444,934,496,0,0,0,0,0,0,98241,0,0,5,0,0,0,0,0,0,0,1746,0,0,0,0,0,0
176,787,177.1604441847508,99992,83,40,4,2,1260,640,0.01900152012160973,45,20,48923,49438,944,499,0,0,0,0,0,0,98226,0,0,5,0,0,0,0,0,0,0,1761,0,0,0,0,0,0
177,787,178.3166971047949,99992,92,37,4,2,1281,645,0.01926154092327386,42,20,48909,49433,952,507,0,0,0,0,0,0,98206,0,0,5,0,0,0,0,0,0,0,1781,0,0,0,0,0,0
178,787,179.1198787876933,99992,81,38,4,2,1287,651,0.019381550524041922,43,23,48906,49427,965,509,0,0,0,0,0,0,98184,0,0,5,0,0,0,0,0,0,0,1803,0,0,0,0,0,0
179,787,180.15740422855174,99992,75,36,4,2,1296,653,0.01949155932474598,45,27,48899,49423,976,511,0,0,0,0,0,0,98166,0,0,6,0,0,0,0,0,0,0,1820,0,0,0,0,0,0
180,787,181.19513065540153,99992,71,38,4,2,1308,661,0.01969157532602608,46,23,48892,49421,986,515,0,0,0,0,0,0,98144,0,0,6,0,0,0,0,0,0,0,1842,0,0,0,0,0,0
181,787,182.23307641744123,99992,67,40,4,2,1318,668,0.01986158892711417,44,25,48886,49413,998,519,0,0,0,0,0,0,98125,0,0,6,0,0,0,0,0,0,0,1861,0,0,0,0,0,0
182,787,183.27115471026607,99991,68,42,5,2,1327,674,0.02001180106209559,52,25,48875,49408,999,522,0,0,0,0,0,0,98114,0,0,7,0,0,0,0,0,0,0,1870,0,0,0,0,0,0
183,787,184.30934497473754,99991,71,40,5,2,1345,680,0.020251822664039763,42,21,48870,49407,1011,529,0,0,0,0,0,0,98092,0,0,8,0,0,0,0,0,0,0,1891,0,0,0,0,0,0
184,787,185.00158522881546,99991,73,43,5,2,1349,684,0.02033182986468782,40,20,48871,49405,1010,529,0,0,0,0,0,0,98089,0,0,8,0,0,0,0,0,0,0,1894,0,0,0,0,0,0
185,787,186.13101854307317,99991,74,41,5,2,1360,687,0.020471842465821923,42,25,48863,49402,1015,529,0,0,0,0,0,0,98074,0,0,8,0,0,0,0,0,0,0,1909,0,0,0,0,0,0
186,787,187.1695306480937,99991,74,40,5,2,1374,694,0.020681861367523077,35,27,48859,49395,1026,535,0,0,0,0,0,0,98053,0,0,9,0,0,0,0,0,0,0,1929,0,0,0,0,0,0
187,787,188.2081708632825,99990,75,38,6,2,1384,697,0.020812081208120812,33,27,48856,49395,1029,537,0,0,0,0,0,0,98039,0,0,9,0,0,0,0,0,0,0,1942,0,0,0,0,0,0
188,787,189.2469087251204,99990,77,42,6,2,1394,705,0.02099209920992099,30,23,48851,49397,1035,535,0,0,0,0,0,0,98027,0,0,9,0,0,0,0,0,0,0,1954,0,0,0,0,0,0
189,787,190.28574130862862,99990,75,44,6,2,1402,712,0.02114211421142114,44,23,48834,49393,1040,537,0,0,0,0,0,0,98012,0,0,9,0,0,0,0,0,0,0,1969,0,0,0,0,0,0
190,787,191.32474712888202,99990,73,48,6,2,1408,718,0.021262126212621264,41,18,48836,49392,1043,539,0,0,0,0,0,0,98002,0,0,9,0,0,0,0,0,0,0,1979,0,0,0,0,0,0
191,787,192.08527633921017,99990,75,50,6,2,1417,724,0.02141214121412141,44,14,48825,49393,1049,540,0,0,0,0,0,0,97991,0,0,9,0,0,0,0,0,0,0,1990,0,0,0,0,0,0
192,787,193.0675672708572,99990,66,47,6,2,1428,729,0.02157215721572157,44,13,48817,49390,1066,547,0,0,0,0,0,0,97963,0,0,9,0,0,0,0,0,0,0,2018,0,0,0,0,0,0
193,787,194.02498112396717,99990,70,44,6,2,1441,731,0.02172217221722172,41,14,48810,49388,1072,551,0,0,0,0,0,0,97949,0,0,9,0,0,0,0,0,0,0,2032,0,0,0,0,0,0
194,787,195.06467268485238,99990,77,40,6,2,1454,731,0.021852185218521853,37,18,48803,49388,1076,551,0,0,0,0,0,0,97939,0,0,9,0,0,0,0,0,0,0,2042,0,0,0,0,0,0
195,787,196.06737831838078,99990,71,42,6,2,1462,736,0.02198219821982198,38,17,48798,49386,1086,552,0,0,0,0,0,0,97922,0,0,9,0,0,0,0,0,0,0,2059,0,0,0,0,0,0
196,787,197.06513197999013,99990,64,43,6,2,1470,742,0.022122212221222123,37,14,48795,49384,1097,556,0,0,0,0,0,0,97902,0,0,9,0,0,0,0,0,0,0,2079,0,0,0,0,0,0
197,787,198.2133957440882,99990,66,36,6,2,1482,746,0.022282228222822283,41,19,48787,49381,1099,561,0,0,0,0,0,0,97881,0,0,9,0,0,0,0,0,0,0,2100,0,0,0,0,0,0
198,787,199.05188433223324,99990,64,36,6,2,1494,752,0.02246224622462246,37,20,48785,49376,1107,565,0,0,0,0,0,0,97861,0,0,9,0,0,0,0,0,0,0,2120,0,0,0,0,0,0
199,787,200.0657778561129,99990,66,39,6,2,1505,758,0.022632263226322634,38,25,48778,49367,1111,566,0,0,0,0,0,0,97849,0,0,9,0,0,0,0,0,0,0,2132,0,0,0,0,0,0
200,787,201.10622221813972,99990,56,36,6,2,1508,762,0.022702270227022703,43,28,48775,49362,1119,571,0,0,0,0,0,0,97829,0,0,9,0,0,0,0,0,0,0,2152,0,0,0,0,0,0
201,787,202.14679264872566,99990,58,33,6,2,1515,764,0.022792279227922794,47,32,48770,49358,1118,574,0,0,0,0,0,0,97819,0,0,9,0,0,0,0,0,0,0,2162,0,0,0,0,0,0
202,787,203.18739342511452,99990,55,36,6,2,1523,772,0.022952295229522954,47,27,48766,49355,1125,579,0,0,0,0,0,0,97803,0,0,9,0,0,0,0,0,0,0,2178,0,0,0,0,0,0
203,787,204.228093928922,99990,60,43,6,2,1539,782,0.023212321232123214,38,23,48763,49351,1132,580,0,0,0,0,0,0,97789,0,0,9,0,0,0,0,0,0,0,2192,0,0,0,0,0,0
204,787,205.26887607084296,99990,64,46,6,2,1550,787,0.023372337233723374,33,28,48766,49341,1130,582,0,0,0,0,0,0,97780,0,0,9,0,0,0,0,0,0,0,2201,0,0,0,0,0,0
205,787,206.30961632470675,99990,61,49,6,2,1557,799,0.023562356235623562,33,22,48760,49336,1139,590,0,0,0,0,0,0,97761,0,0,9,0,0,0,0,0,0,0,2220,0,0,0,0,0,0
206,787,207.0035157696982,99990,59,45,6,2,1562,801,0.02363236323632363,36,22,48755,49334,1143,596,0,0,0,0,0,0,97748,0,0,9,0,0,0,0,0,0,0,2233,0,0,0,0,0,0
207,787,208.04452090832228,99990,57,44,6,2,1568,806,0.023742374237423744,41,21,48748,49333,1147,599,0,0,0,0,0,0,97734,0,0,9,0,0,0,0,0,0,0,2247,0,0,0,0,0,0
208,787,209.08568089016623,99990,60,42,6,2,1579,808,0.023872387238723872,37,24,48744,49330,1152,601,0,0,0,0,0,0,97722,0,0,9,0,0,0,0,0,0,0,2259,0,0,0,0,0,0
209,787,210.1269262767838,99990,56,40,6,2,1586,813,0.02399239923992399,40,22,48737,49331,1160,604,0,0,0,0,0,0,97704,0,0,9,0,0,0,0,0,0,0,2277,0,0,0,0,0,0
210,787,211.1683298253394,99990,52,34,6,2,1592,818,0.0241024102410241,44,21,48731,49331,1166,611,0,0,0,0,0,0,97684,0,0,10,0,0,0,0,0,0,0,2296,0,0,0,0,0,0
211,787,212.20987786009323,99989,55,34,7,2,1603,821,0.024242666693336266,45,22,48728,49330,1164,611,0,0,0,0,0,0,97673,0,0,10,0,0,0,0,0,0,0,2306,0,0,0,0,0,0
212,787,213.25146675219756,99989,59,32,7,2,1615,827,0.024422686495514507,48,19,48719,49328,1166,618,0,0,0,0,0,0,97657,0,0,10,0,0,0,0,0,0,0,2322,0,0,0,0,0,0
213,787,214.20937940475645,99989,69,31,7,2,1632,830,0.024622708497934773,40,19,48713,49329,1170,618,0,0,0,0,0,0,97647,0,0,11,0,0,0,0,0,0,0,2331,0,0,0,0,0,0
214,787,215.23912422482186,99989,69,26,7,2,1644,831,0.024752722799507947,37,24,48710,49326,1176,621,0,0,0,0,0,0,97629,0,0,11,0,0,0,0,0,0,0,2349,0,0,0,0,0,0
215,787,216.2810820742462,99989,68,27,7,2,1653,835,0.024882737101081118,41,24,48699,49326,1184,620,0,0,0,0,0,0,97617,0,0,12,0,0,0,0,0,0,0,2360,0,0,0,0,0,0
216,787,217.3232269106874,99989,66,28,7,2,1665,839,0.025042754703017332,36,27,48692,49323,1198,619,0,0,0,0,0,0,97600,0,0,12,0,0,0,0,0,0,0,2377,0,0,0,0,0,0
217,787,218.01807744747296,99989,62,28,7,2,1669,843,0.02512276350398544,40,29,48684,49321,1206,619,0,0,0,0,0,0,97588,0,0,12,0,0,0,0,0,0,0,2389,0,0,0,0,0,0
218,787,219.06055862190004,99989,69,34,7,2,1685,851,0.025362789906889758,32,25,48680,49320,1211,618,0,0,0,0,0,0,97577,0,0,12,0,0,0,0,0,0,0,2400,0,0,0,0,0,0
219,787,220.10311856822815,99989,67,36,7,2,1693,858,0.025512806408704958,33,25,48678,49313,1214,623,0,0,0,0,0,0,97562,0,0,12,0,0,0,0,0,0,0,2415,0,0,0,0,0,0
220,787,221.14573159526196,99989,71,35,7,2,1702,862,0.02564282071027813,31,27,48679,49308,1211,627,0,0,0,0,0,0,97552,0,0,12,0,0,0,0,0,0,0,2425,0,0,0,0,0,0
221,787,222.18835590680433,99989,69,33,7,2,1708,866,0.025742831711488265,37,24,48669,49309,1217,631,0,0,0,0,0,0,97539,0,0,13,0,0,0,0,0,0,0,2437,0,0,0,0,0,0
222,787,223.23113107397108,99989,70,33,7,2,1716,872,0.02588284711318245,38,26,48663,49302,1221,636,0,0,0,0,0,0,97526,0,0,13,0,0,0,0,0,0,0,2450,0,0,0,0,0,0
223,787,224.27398869036134,99989,64,40,7,2,1722,882,0.026042864715118665,38,26,48667,49294,1223,637,0,0,0,0,0,0,97511,0,0,13,0,0,0,0,0,0,0,2465,0,0,0,0,0,0
224,787,225.31686556724208,99989,70,38,7,2,1740,887,0.026272890017901968,33,24,48655,49293,1234,642,0,0,0,0,0,0,97492,0,0,13,0,0,0,0,0,0,0,2484,0,0,0,0,0,0
225,787,226.01223188877626,99989,71,36,7,2,1748,889,0.0263729010191121,30,30,48654,49286,1237,645,0,0,0,0,0,0,97481,0,0,13,0,0,0,0,0,0,0,2495,0,0,0,0,0,0
226,787,227.0553208346123,99989,76,41,7,2,1760,898,0.026582924121653383,25,26,48650,49282,1241,648,0,0,0,0,0,0,97470,0,0,13,0,0,0,0,0,0,0,2506,0,0,0,0,0,0
227,787,228.09847371809497,99989,73,41,7,2,1763,902,0.026652931822500475,32,31,48645,49275,1242,650,0,0,0,0,0,0,97460,0,0,13,0,0,0,0,0,0,0,2516,0,0,0,0,0,0
228,787,229.14172039678766,99989,76,40,7,2,1773,908,0.026812949424436686,38,35,48633,49267,1245,655,0,0,0,0,0,0,97446,0,0,13,0,0,0,0,0,0,0,2530,0,0,0,0,0,0
229,787,230.18510587507336,99989,75,42,7,2,1787,916,0.027032973627098982,36,32,48622,49263,1259,660,0,0,0,0,0,0,97425,0,0,13,0,0,0,0,0,0,0,2551,0,0,0,0,0,0
230,787,231.22871024777263,99989,75,43,7,2,1802,924,0.027262998929882286,37,32,48612,49258,1268,664,0,0,0,0,0,0,97403,0,0,13,0,0,0,0,0,0,0,2573,0,0,0,0,0,0
231,787,232.2725484924203,99989,67,43,7,2,1807,932,0.02739301323145546,44,26,48605,49257,1276,671,0,0,0,0,0,0,97382,0,0,13,0,0,0,0,0,0,0,2594,0,0,0,0,0,0
232,787,233.31658037307795,99989,70,43,7,2,1818,937,0.027553030833391674,46,28,48595,49252,1281,674,0,0,0,0,0,0,97369,0,0,13,0,0,0,0,0,0,0,2607,0,0,0,0,0,0
233,787,234.01270137666242,99989,78,40,7,2,1828,941,0.02769304623508586,46,31,48588,49248,1280,678,0,0,0,0,0,0,97360,0,0,13,0,0,0,0,0,0,0,2616,0,0,0,0,0,0
234,787,235.05696660600685,99989,80,40,7,2,1835,946,0.02781305943653802,55,32,48577,49245,1280,680,0,0,0,0,0,0,97350,0,0,13,0,0,0,0,0,0,0,2626,0,0,0,0,0,0
235,787,236.10134560724967,99989,88,42,7,2,1853,953,0.02806308693956335,54,30,48566,49242,1284,683,0,0,0,0,0,0,97335,0,0,13,0,0,0,0,0,0,0,2641,0,0,0,0,0,0
236,787,237.1458591202357,99989,92,47,7,2,1868,960,0.028283111142225644,54,29,48554,49243,1292,678,0,0,0,0,0,0,97322,0,0,13,0,0,0,0,0,0,0,2654,0,0,0,0,0,0
237,787,238.19056817883654,99989,98,45,7,2,1883,969,0.028523137545129966,55,27,48543,49236,1296,689,0,0,0,0,0,0,97302,0,0,13,0,0,0,0,0,0,0,2674,0,0,0,0,0,0
238,787,239.23547370821922,99989,100,49,7,2,1899,976,0.02875316284791327,67,28,48523,49228,1302,692,0,0,0,0,0,0,97286,0,0,14,0,0,0,0,0,0,0,2689,0,0,0,0,0,0
239,787,240.28065106920076,99989,100,49,7,2,1916,985,0.029013191451059617,66,30,48510,49219,1316,699,0,0,0,0,0,0,97261,0,0,15,0,0,0,0,0,0,0,2713,0,0,0,0,0,0
240,787,241.32609256506325,99989,96,46,7,2,1929,990,0.029193211253237854,72,34,48493,49211,1331,706,0,0,0,0,0,0,97236,0,0,15,0,0,0,0,0,0,0,2738,0,0,0,0,0,0
241,787,242.02323865668814,99989,91,52,7,2,1943,999,0.02942323655602116,69,32,48483,49204,1349,709,0,0,0,0,0,0,97215,0,0,16,0,0,0,0,0,0,0,2758,0,0,0,0,0,0
242,787,243.0692802109571,99988,89,46,7,3,1957,1005,0.02962355482657919,63,33,48479,49200,1361,717,0,0,0,0,0,0,97187,0,0,16,0,0,0,0,0,0,0,2785,0,0,0,0,0,0
243,787,244.1155279185147,99988,93,49,7,3,1977,1014,0.02991358963075569,56,32,48471,49195,1372,720,0,0,0,0,0,0,97165,0,0,16,0,0,0,0,0,0,0,2807,0,0,0,0,0,0
244,787,245.16196491018573,99988,87,57,7,3,1990,1024,0.03014361723406809,63,26,48454,49191,1388,722,0,0,0,0,0,0,97145,0,0,17,0,0,0,0,0,0,0,2826,0,0,0,0,0,0
245,787,246.2087168108831,99988,84,58,7,3,2003,1029,0.0303236388366604,63,31,48449,49183,1396,724,0,0,0,0,0,0,97126,0,0,18,0,0,0,0,0,0,0,2844,0,0,0,0,0,0
246,787,247.25558690273746,99988,85,59,7,3,2018,1037,0.030553666439972798,61,31,48443,49180,1403,726,0,0,0,0,0,0,97105,0,0,18,0,0,0,0,0,0,0,2865,0,0,0,0,0,0
247,787,248.3026452977583,99988,92,65,7,3,2036,1053,0.030893707244869385,60,24,48430,49175,1410,732,0,0,0,0,0,0,97086,0,0,20,0,0,0,0,0,0,0,2882,0,0,0,0,0,0
248,787,249.00080070809776,99988,95,65,7,3,2048,1060,0.03108373004760571,61,19,48420,49173,1416,739,0,0,0,0,0,0,97071,0,0,21,0,0,0,0,0,0,0,2896,0,0,0,0,0,0
249,787,250.01868876696733,99987,93,63,8,3,2058,1064,0.0312240591276866,59,19,48417,49173,1422,741,0,0,0,0,0,0,97053,0,0,21,0,0,0,0,0,0,0,2913,0,0,0,0,0,0
250,787,251.12626530516772,99987,96,53,8,3,2078,1068,0.031464090331743126,54,28,48407,49162,1434,753,0,0,0,0,0,0,97022,0,0,21,0,0,0,0,0,0,0,2944,0,0,0,0,0,0
251,787,252.17407781739485,99987,92,52,8,3,2088,1075,0.0316341124346165,57,29,48404,49159,1438,756,0,0,0,0,0,0,97001,0,0,22,0,0,0,0,0,0,0,2964,0,0,0,0,0,0
252,787,253.22199728155977,99987,90,52,8,3,2101,1084,0.031854141038334984,49,25,48407,49157,1445,762,0,0,0,0,0,0,96978,0,0,23,0,0,0,0,0,0,0,2986,0,0,0,0,0,0
253,787,254.26998111784468,99987,84,53,8,3,2106,1091,0.031974156640363245,57,21,48397,49155,1453,767,0,0,0,0,0,0,96961,0,0,23,0,0,0,0,0,0,0,3003,0,0,0,0,0,0
254,787,255.0833823192523,99987,92,53,8,3,2121,1096,0.032174182643743686,59,20,48383,49152,1457,771,0,0,0,0,0,0,96949,0,0,23,0,0,0,0,0,0,0,3015,0,0,0,0,0,0
255,787,256.3126088977018,99987,95,50,8,3,2138,1101,0.03239421124746217,64,26,48363,49145,1469,775,0,0,0,0,0,0,96928,0,0,24,0,0,0,0,0,0,0,3035,0,0,0,0,0,0
256,787,257.01170886782694,99987,97,45,8,3,2149,1104,0.03253422944982848,62,26,48357,49145,1475,780,0,0,0,0,0,0,96912,0,0,25,0,0,0,0,0,0,0,3050,0,0,0,0,0,0
257,787,258.06052773559963,99987,101,44,8,3,2165,1107,0.032724254153039894,56,39,48350,49130,1484,783,0,0,0,0,0,0,96897,0,0,26,0,0,0,0,0,0,0,3064,0,0,0,0,0,0
258,787,259.1095043342335,99987,102,44,8,3,2178,1112,0.032904277556082294,68,40,48329,49127,1492,785,0,0,0,0,0,0,96880,0,0,26,0,0,0,0,0,0,0,3081,0,0,0,0,0,0
259,787,260.15883272678474,99987,101,50,8,3,2198,1125,0.033234320461660014,79,32,48301,49125,1510,789,0,0,0,0,0,0,96852,0,0,26,0,0,0,0,0,0,0,3109,0,0,0,0,0,0
260,787,261.20857636940065,99987,111,56,8,3,2222,1136,0.03358436596757579,76,28,48283,49119,1521,793,0,0,0,0,0,0,96833,0,0,26,0,0,0,0,0,0,0,3128,0,0,0,0,0,0
261,787,262.2586328807842,99987,114,59,8,3,2241,1144,0.03385440107213938,73,25,48271,49117,1533,795,0,0,0,0,0,0,96813,0,0,27,0,0,0,0,0,0,0,3147,0,0,0,0,0,0
262,787,263.30897659538203,99987,119,59,8,3,2268,1151,0.03419444527788613,65,28,48259,49110,1548,799,0,0,0,0,0,0,96784,0,0,27,0,0,0,0,0,0,0,3176,0,0,0,0,0,0
263,787,264.0093563046927,99987,112,55,8,3,2275,1155,0.034304459579745365,67,30,48255,49105,1557,806,0,0,0,0,0,0,96762,0,0,27,0,0,0,0,0,0,0,3198,0,0,0,0,0,0
264,787,265.0601204835511,99987,110,62,8,3,2290,1168,0.034584495984477985,74,30,48239,49097,1568,807,0,0,0,0,0,0,96739,0,0,27,0,0,0,0,0,0,0,3221,0,0,0,0,0,0
265,787,266.1111780704367,99987,107,67,8,3,2308,1180,0.03488453498954864,77,24,48223,49096,1584,809,0,0,0,0,0,0,96712,0,0,28,0,0,0,0,0,0,0,3247,0,0,0,0,0,0
266,787,267.1625909843209,99987,110,68,8,3,2327,1189,0.03516457139428126,84,23,48202,49092,1595,813,0,0,0,0,0,0,96688,0,0,28,0,0,0,0,0,0,0,3271,0,0,0,0,0,0
267,787,268.2142943175922,99987,107,69,8,3,2344,1196,0.03540460259833778,81,25,48192,49088,1611,814,0,0,0,0,0,0,96664,0,0,30,0,0,0,0,0,0,0,3293,0,0,0,0,0,0
268,787,269.2663191318329,99987,106,62,8,3,2360,1201,0.03561462990188725,85,29,48179,49081,1621,824,0,0,0,0,0,0,96636,0,0,31,0,0,0,0,0,0,0,3320,0,0,0,0,0,0
269,787,270.31862172029054,99987,102,58,8,3,2375,1205,0.035804654605098664,88,33,48168,49076,1633,829,0,0,0,0,0,0,96610,0,0,32,0,0,0,0,0,0,0,3345,0,0,0,0,0,0
270,787,271.0202728024329,99987,111,57,8,3,2396,1213,0.0360946923100003,75,29,48164,49073,1641,837,0,0,0,0,0,0,96590,0,0,33,0,0,0,0,0,0,0,3364,0,0,0,0,0,0
271,787,272.07296964450626,99986,112,61,9,3,2414,1223,0.03637509251295181,76,25,48156,49068,1646,842,0,0,0,0,0,0,96567,0,0,33,0,0,0,0,0,0,0,3386,0,0,0,0,0,0
272,787,273.1258089608981,99986,112,61,9,3,2431,1232,0.03663512891804853,78,28,48141,49063,1659,844,0,0,0,0,0,0,96542,0,0,34,0,0,0,0,0,0,0,3410,0,0,0,0,0,0
273,787,274.17894166416306,99985,117,59,10,3,2454,1242,0.03696554483172476,75,28,48124,49058,1673,851,0,0,0,0,0,0,96513,0,0,35,0,0,0,0,0,0,0,3437,0,0,0,0,0,0
274,787,275.2323994291576,99985,129,64,10,3,2478,1252,0.037305595839375906,71,28,48110,49049,1679,855,0,0,0,0,0,0,96496,0,0,35,0,0,0,0,0,0,0,3454,0,0,0,0,0,0
275,787,276.2860416415389,99985,131,69,10,3,2498,1261,0.037595639345901884,66,28,48102,49041,1690,858,0,0,0,0,0,0,96474,0,0,35,0,0,0,0,0,0,0,3476,0,0,0,0,0,0
276,787,277.3398695715706,99985,123,68,10,3,2509,1271,0.037805670850627596,70,33,48092,49031,1704,864,0,0,0,0,0,0,96444,0,0,35,0,0,0,0,0,0,0,3506,0,0,0,0,0,0
277,787,278.042570727612,99985,107,66,10,3,2516,1276,0.037925688853328,76,33,48084,49028,1722,869,0,0,0,0,0,0,96415,0,0,36,0,0,0,0,0,0,0,3534,0,0,0,0,0,0
278,787,279.09695890097527,99985,111,67,10,3,2538,1285,0.03823573536030404,69,35,48071,49018,1738,876,0,0,0,0,0,0,96391,0,0,38,0,0,0,0,0,0,0,3556,0,0,0,0,0,0
279,787,280.1516268041515,99985,118,69,10,3,2562,1297,0.03859578936840526,61,34,48062,49010,1748,883,0,0,0,0,0,0,96364,0,0,38,0,0,0,0,0,0,0,3583,0,0,0,0,0,0
280,787,281.206490621704,99985,120,62,10,3,2578,1301,0.03879581937290594,61,37,48051,49008,1757,889,0,0,0,0,0,0,96340,0,0,39,0,0,0,0,0,0,0,3606,0,0,0,0,0,0
281,787,282.2616096887829,99985,118,72,10,3,2593,1314,0.03907586137920688,67,35,48035,48999,1769,890,0,0,0,0,0,0,96320,0,0,39,0,0,0,0,0,0,0,3626,0,0,0,0,0,0
282,787,283.31702542872335,99985,114,73,10,3,2613,1326,0.03939590938640796,64,28,48029,48996,1782,899,0,0,0,0,0,0,96285,0,0,39,0,0,0,0,0,0,0,3661,0,0,0,0,0,0
283,787,284.02076650596314,99985,110,75,10,3,2625,1333,0.039585937890683605,63,25,48025,48993,1791,903,0,0,0,0,0,0,96265,0,0,40,0,0,0,0,0,0,0,3680,0,0,0,0,0,0
284,787,285.07651545781675,99985,112,66,10,3,2643,1339,0.039825973896084416,61,27,48016,48988,1800,915,0,0,0,0,0,0,96235,0,0,41,0,0,0,0,0,0,0,3709,0,0,0,0,0,0
285,787,286.13251495676303,99984,109,61,10,4,2660,1345,0.04005640902544407,58,29,48005,48984,1817,921,0,0,0,0,0,0,96205,0,0,42,0,0,0,0,0,0,0,3737,0,0,0,0,0,0
286,787,287.1888438049163,99984,101,61,10,4,2669,1354,0.04023643783005281,67,32,47993,48977,1828,925,0,0,0,0,0,0,96179,0,0,42,0,0,0,0,0,0,0,3763,0,0,0,0,0,0
287,787,288.24544094780964,99984,105,64,10,4,2683,1362,0.04045647303568571,75,35,47977,48968,1832,928,0,0,0,0,0,0,96164,0,0,42,0,0,0,0,0,0,0,3778,0,0,0,0,0,0
288,787,289.3021928162384,99983,109,61,11,4,2706,1370,0.04076693037816429,67,37,47972,48959,1840,938,0,0,0,0,0,0,96134,0,0,42,0,0,0,0,0,0,0,3807,0,0,0,0,0,0
289,787,290.0068051509155,99983,105,55,11,4,2716,1376,0.040926957582789074,66,35,47963,48958,1854,947,0,0,0,0,0,0,96110,0,0,44,0,0,0,0,0,0,0,3829,0,0,0,0,0,0
290,787,291.06401455359475,99983,106,62,11,4,2732,1391,0.041237010291749594,72,23,47948,48961,1862,949,0,0,0,0,0,0,96087,0,0,44,0,0,0,0,0,0,0,3852,0,0,0,0,0,0
291,787,292.04227909380614,99983,109,62,11,4,2749,1398,0.041477051098686775,68,20,47941,48958,1870,955,0,0,0,0,0,0,96066,0,0,44,0,0,0,0,0,0,0,3873,0,0,0,0,0,0
292,787,293.27984854130403,99983,110,53,11,4,2775,1401,0.0417671004070692,64,25,47928,48952,1886,965,0,0,0,0,0,0,96030,0,0,45,0,0,0,0,0,0,0,3908,0,0,0,0,0,0
293,787,294.33781381798644,99983,124,50,11,4,2801,1407,0.04208715481631877,52,23,47921,48952,1891,970,0,0,0,0,0,0,96009,0,0,45,0,0,0,0,0,0,0,3929,0,0,0,0,0,0
294,787,295.04323383408,99983,119,50,11,4,2808,1411,0.04219717351949832,58,30,47915,48945,1896,970,0,0,0,0,0,0,95993,0,0,45,0,0,0,0,0,0,0,3945,0,0,0,0,0,0
295,787,296.1014829169241,99982,114,44,12,4,2819,1415,0.04234762257206297,65,38,47904,48938,1904,975,0,0,0,0,0,0,95967,0,0,45,0,0,0,0,0,0,0,3970,0,0,0,0,0,0
296,787,297.1599098089483,99982,111,50,12,4,2836,1425,0.04261767118081255,65,37,47897,48935,1914,973,0,0,0,0,0,0,95944,0,0,46,0,0,0,0,0,0,0,3992,0,0,0,0,0,0
297,787,298.2185383099591,99982,113,51,12,4,2850,1432,0.04282770898761777,69,38,47883,48927,1922,979,0,0,0,0,0,0,95926,0,0,46,0,0,0,0,0,0,0,4010,0,0,0,0,0,0
298,787,299.2773806594708,99982,113,55,12,4,2873,1442,0.043157768398311695,69,35,47870,48924,1935,981,0,0,0,0,0,0,95898,0,0,47,0,0,0,0,0,0,0,4037,0,0,0,0,0,0
299,787,300.33649334986865,99982,102,53,12,4,2884,1449,0.04333780080414475,69,38,47865,48921,1951,983,0,0,0,0,0,0,95868,0,0,48,0,0,0,0,0,0,0,4066,0,0,0,0,0,0
300,787,301.0427081809725,99982,105,55,12,4,2899,1457,0.04356784221159809,64,35,47863,48918,1955,987,0,0,0,0,0,0,95850,0,0,48,0,0,0,0,0,0,0,4084,0,0,0,0,0,0
301,787,302.1021470533317,99981,100,54,12,5,2916,1467,0.04383832928256369,70,30,47851,48916,1966,994,0,0,0,0,0,0,95817,0,0,48,0,0,0,0,0,0,0,4116,0,0,0,0,0,0
302,787,303.1618368402771,99981,114,53,12,5,2942,1471,0.04413838629339575,63,36,47839,48910,1971,995,0,0,0,0,0,0,95800,0,0,48,0,0,0,0,0,0,0,4133,0,0,0,0,0,0
303,787,304.22173941044036,99981,116,59,12,5,2962,1484,0.04446844900531101,64,28,47823,48910,1984,997,0,0,0,0,0,0,95775,0,0,48,0,0,0,0,0,0,0,4158,0,0,0,0,0,0
304,787,305.28189642240187,99981,120,61,12,5,2983,1492,0.044758504115782,56,26,47817,48908,1994,999,0,0,0,0,0,0,95753,0,0,49,0,0,0,0,0,0,0,4179,0,0,0,0,0,0
305,787,306.34222762931586,99981,118,64,12,5,2996,1501,0.04497854592372551,54,26,47814,48903,2001,1001,0,0,0,0,0,0,95732,0,0,49,0,0,0,0,0,0,0,4200,0,0,0,0,0,0
306,787,307.04921533506365,99980,109,66,13,5,2999,1508,0.045079015803160635,58,21,47814,48905,2005,1002,0,0,0,0,0,0,95716,0,0,50,0,0,0,0,0,0,0,4214,0,0,0,0,0,0
307,787,308.10972657845366,99980,118,64,13,5,3018,1515,0.045339067813562714,61,22,47801,48901,2006,1007,0,0,0,0,0,0,95697,0,0,50,0,0,0,0,0,0,0,4233,0,0,0,0,0,0
308,787,309.1704068811391,99980,123,66,13,5,3035,1523,0.045589117823564715,58,21,47794,48899,2011,1008,0,0,0,0,0,0,95679,0,0,50,0,0,0,0,0,0,0,4251,0,0,0,0,0,0
309,787,310.23126010760507,99980,115,55,13,5,3047,1526,0.04573914782956591,75,25,47776,48897,2020,1017,0,0,0,0,0,0,95645,0,0,50,0,0,0,0,0,0,0,4285,0,0,0,0,0,0
310,787,311.2924338270186,99980,109,52,13,5,3065,1531,0.045969193838767755,73,33,47761,48886,2043,1023,0,0,0,0,0,0,95614,0,0,51,0,0,0,0,0,0,0,4315,0,0,0,0,0,0
311,787,312.00009692090606,99980,108,49,13,5,3074,1533,0.04607921584316863,73,40,47755,48878,2050,1027,0,0,0,0,0,0,95599,0,0,51,0,0,0,0,0,0,0,4330,0,0,0,0,0,0
312,787,313.0618014764882,99980,108,50,13,5,3094,1540,0.046349269853970795,70,38,47746,48879,2062,1027,0,0,0,0,0,0,95576,0,0,54,0,0,0,0,0,0,0,4350,0,0,0,0,0,0
313,787,314.1237279405806,99980,109,51,13,5,3109,1550,0.046599319863972796,72,35,47739,48872,2066,1036,0,0,0,0,0,0,95554,0,0,55,0,0,0,0,0,0,0,4371,0,0,0,0,0,0
314,787,315.1858078456184,99980,110,52,13,5,3125,1559,0.0468493698739748,77,38,47732,48867,2067,1037,0,0,0,0,0,0,95533,0,0,57,0,0,0,0,0,0,0,4390,0,0,0,0,0,0
315,787,316.2479315847556,99980,120,51,13,5,3152,1571,0.047239447889577915,64,34,47725,48861,2077,1048,0,0,0,0,0,0,95504,0,0,58,0,0,0,0,0,0,0,4418,0,0,0,0,0,0
316,787,317.31025167797355,99979,122,50,14,5,3174,1579,0.04753998339651327,58,32,47716,48859,2089,1053,0,0,0,0,0,0,95479,0,0,62,0,0,0,0,0,0,0,4438,0,0,0,0,0,0
317,787,318.0185838512634,99979,126,46,14,5,3181,1586,0.04768001280268856,63,33,47708,48857,2088,1058,0,0,0,0,0,0,95465,0,0,62,0,0,0,0,0,0,0,4452,0,0,0,0,0,0
318,787,319.0812762334133,99979,128,49,14,5,3202,1597,0.04800008001680353,58,32,47698,48851,2101,1062,0,0,0,0,0,0,95438,0,0,62,0,0,0,0,0,0,0,4479,0,0,0,0,0,0
319,787,320.1441432432722,99979,121,51,14,5,3217,1606,0.048240130427389755,59,31,47688,48845,2116,1066,1,1,1,1,0,0,95407,0,0,62,0,0,0,0,0,0,2,4508,0,0,0,0,0,0
320,787,321.20734287540523,99978,115,57,15,5,3232,1618,0.04851067234791654,67,28,47669,48839,2131,1068,2,2,2,2,0,0,95378,0,0,62,0,0,0,0,0,0,4,4534,0,0,0,0,0,0
321,787,322.32340992904,99978,125,60,15,5,3257,1627,0.048850747164376165,59,32,47662,48828,2135,1071,3,3,3,3,0,0,95355,0,0,62,0,0,0,0,0,0,6,4555,0,0,0,0,0,0
322,787,323.1065113637436,99978,132,63,15,5,3273,1636,0.049100802176478824,60,31,47647,48821,2141,1075,4,4,4,4,0,0,95338,0,0,62,0,0,0,0,0,0,8,4570,0,0,0,0,0,0
323,787,324.14280240789054,99978,133,62,15,5,3298,1644,0.04943087479245434,68,41,47617,48805,2161,1081,5,5,5,5,0,0,95304,0,0,63,0,0,0,0,0,0,10,4601,0,0,0,0,0,0
324,787,325.06826810969767,99977,134,63,15,6,3318,1654,0.04973143823079308,76,40,47594,48798,2174,1086,6,6,6,6,0,0,95276,0,0,65,0,0,0,0,0,0,12,4624,0,0,0,0,0,0
325,787,326.0848504586151,99977,133,64,15,6,3335,1662,0.04998149574402112,72,38,47593,48800,2179,1083,7,8,8,7,0,0,95250,0,0,66,0,0,0,0,0,0,14,4646,1,0,0,0,0,0
326,787,327.0938332003636,99977,126,61,15,6,3355,1669,0.050251557858307414,61,43,47588,48795,2201,1084,8,10,10,8,0,0,95210,0,0,66,0,0,0,0,0,0,17,4683,1,0,0,0,0,0
327,787,328.02702439852374,99977,125,57,15,6,3370,1672,0.050431599267831605,59,43,47580,48794,2211,1087,9,12,12,9,0,0,95186,0,0,67,0,0,0,0,0,0,19,4703,2,0,0,0,0,0
328,787,329.03856580975616,99977,116,63,15,6,3383,1685,0.050691659081588764,64,40,47566,48784,2228,1091,10,15,15,10,0,0,95155,0,0,68,0,0,0,0,0,0,22,4729,3,0,0,0,0,0
329,787,330.115488897547,99977,107,74,15,6,3398,1698,0.05097172349640417,73,42,47553,48770,2240,1089,11,18,18,11,0,0,95126,0,0,69,0,0,0,0,0,0,26,4753,3,0,0,0,0,0
330,787,331.0166406453644,99977,104,74,15,6,3415,1705,0.051211778709103095,74,41,47539,48764,2255,1092,12,22,22,12,0,0,95094,0,0,69,0,0,0,0,0,0,31,4780,3,0,0,0,0,0
331,787,332.16343120794494,99977,109,73,15,6,3442,1715,0.051581863828680595,68,47,47526,48746,2268,1100,13,27,27,13,0,0,95055,0,0,69,0,0,0,0,0,0,37,4813,3,0,0,0,0,0
332,787,333.1334855326592,99977,103,74,15,6,3449,1722,0.0517218960360883,69,47,47522,48737,2276,1103,14,32,32,14,0,0,95030,0,0,69,0,0,0,0,0,0,43,4832,3,0,0,0,0,0
333,787,334.1147652767201,99977,108,79,15,6,3468,1735,0.052041969653020194,71,42,47509,48726,2281,1108,15,38,38,15,0,0,95002,0,0,70,0,0,0,0,0,0,50,4852,3,0,0,0,0,0
334,787,335.0244863952613,99977,109,82,15,6,3483,1748,0.0523220340678356,71,39,47502,48711,2286,1116,16,45,45,16,0,0,94972,0,0,71,0,0,0,0,0,0,57,4873,4,0,0,0,0,0
335,787,336.0609431129858,99977,112,81,15,6,3500,1758,0.052592096182121885,78,36,47482,48699,2295,1124,17,53,53,17,0,0,94938,0,0,71,0,0,0,0,0,0,66,4898,4,0,0,0,0,0
336,787,337.0072768781546,99977,127,78,15,6,3524,1763,0.05288216289746642,73,37,47471,48689,2295,1128,18,61,62,18,0,0,94912,0,0,72,0,0,0,0,0,0,76,4913,4,0,0,0,0,0
337,787,338.04741651010386,99977,123,75,15,6,3537,1772,0.05310221350910709,84,41,47459,48673,2299,1134,19,70,72,19,0,0,94876,0,0,73,0,0,0,0,0,0,84,4937,7,0,0,0,0,0
338,787,339.049746866254,99976,124,69,16,6,3562,1778,0.053412819076578376,81,52,47441,48649,2317,1142,20,81,83,20,0,0,94830,0,0,73,0,0,0,0,0,0,94,4970,9,0,0,0,0,0
339,787,340.0889751135595,99976,127,73,16,6,3580,1790,0.05371289109386253,82,49,47429,48633,2324,1147,21,91,95,21,0,0,94795,0,0,74,0,0,0,0,0,0,107,4991,9,0,0,0,0,0
340,787,341.1963067410122,99976,124,76,16,6,3614,1807,0.05422301352324558,73,46,47416,48610,2348,1157,22,104,108,22,0,0,94731,0,0,75,0,0,0,0,0,0,121,5040,9,0,0,0,0,0
341,787,342.2651801171734,99976,125,75,16,6,3634,1821,0.05456309514283428,81,40,47399,48592,2354,1169,24,117,122,24,0,0,94684,0,0,77,0,0,0,0,0,0,136,5069,10,0,0,0,0,0
342,787,343.33437164221033,99976,132,75,16,6,3657,1831,0.05489317436184684,83,40,47383,48571,2359,1175,26,132,137,26,0,0,94643,0,0,78,0,0,0,0,0,0,152,5092,11,0,0,0,0,0
343,787,344.04732130592254,99976,134,75,16,6,3674,1838,0.055133231975674164,82,42,47371,48552,2368,1175,28,149,154,28,0,0,94604,0,0,79,0,0,0,0,0,0,170,5111,12,0,0,0,0,0
344,787,345.11702939046694,99976,134,74,16,6,3693,1846,0.05540329679122989,81,51,47357,48527,2381,1175,30,166,172,30,0,0,94559,0,0,80,0,0,0,0,0,0,188,5135,14,0,0,0,0,0
345,787,346.18702731311294,99976,149,76,16,6,3721,1855,0.05577338561254701,73,53,47339,48498,2390,1180,32,186,192,32,0,0,94518,0,0,81,0,0,0,0,0,0,210,5153,14,0,0,0,0,0
346,787,347.2573007961019,99976,151,78,16,6,3741,1865,0.05607345762983116,73,54,47330,48472,2395,1184,34,205,213,34,0,0,94470,0,0,81,0,0,0,0,0,0,232,5178,15,0,0,0,0,0
347,787,348.3277727923098,99976,162,80,16,6,3767,1877,0.05645354885172441,76,55,47305,48443,2403,1188,37,227,236,37,0,0,94423,0,0,83,0,0,0,0,0,0,256,5197,17,0,0,0,0,0
348,787,349.04165180423416,99976,162,86,16,6,3783,1887,0.05671361126670401,80,52,47288,48416,2413,1189,40,250,260,40,0,0,94376,0,0,83,0,0,0,0,0,0,283,5217,17,0,0,0,0,0
349,787,350.1127984835171,99976,165,90,16,6,3808,1902,0.05711370728974954,83,50,47274,48383,2418,1195,43,275,286,43,0,0,94314,0,0,83,0,0,0,0,0,0,312,5250,17,0,0,0,0,0
350,787,351.18424499261306,99975,153,92,17,6,3831,1913,0.05745436359089772,87,62,47253,48333,2443,1203,46,303,314,46,0,0,94240,0,0,83,0,0,0,0,0,0,342,5292,18,0,0,0,0,0
351,787,352.2561662439516,99975,148,107,17,6,3853,1944,0.05798449612403101,85,45,47237,48295,2462,1215,50,331,343,50,0,0,94165,0,0,83,0,0,0,0,0,0,374,5334,19,0,0,0,0,0
352,787,353.32851210024364,99975,155,98,17,6,3879,1956,0.05836459114778695,83,43,47214,48259,2476,1231,54,362,374,54,0,0,94091,0,0,83,0,0,0,0,0,0,408,5373,20,0,0,0,0,0
353,787,354.0437271616241,99975,154,97,17,6,3893,1964,0.05858464616154038,81,44,47201,48224,2488,1235,58,393,407,58,0,0,94033,0,0,85,0,0,0,0,0,0,444,5392,21,0,0,0,0,0
354,787,355.1168898172593,99975,158,97,17,6,3915,1980,0.05896474118529632,85,48,47178,48175,2498,1248,63,425,442,63,0,0,93961,0,0,86,0,0,0,0,0,0,483,5423,22,0,0,0,0,0
355,787,356.1904942358706,99974,162,100,18,6,3940,1996,0.059375437613779586,82,39,47163,48139,2506,1256,68,459,479,68,0,0,93892,0,0,90,0,0,0,0,0,0,522,5445,25,0,0,0,0,0
356,787,357.26442303683586,99974,157,100,18,6,3964,2009,0.05974553383879809,76,47,47153,48089,2522,1261,73,496,518,73,0,0,93807,0,0,90,0,0,0,0,0,0,565,5486,26,0,0,0,0,0
357,787,358.3386837083579,99974,156,101,18,6,3985,2023,0.06009562486246424,75,48,47134,48043,2537,1268,79,533,559,79,0,0,93731,0,0,92,0,0,0,0,0,0,608,5513,30,0,0,0,0,0
358,787,359.05510044239156,99974,152,101,18,6,3996,2034,0.06031568207734011,78,45,47117,47994,2549,1277,85,576,602,85,0,0,93661,0,0,93,0,0,0,0,0,0,653,5533,34,0,0,0,0,0
359,787,360.1302033934601,99974,155,94,18,6,4021,2045,0.060675775701682436,87,54,47084,47940,2564,1288,91,617,647,91,0,0,93572,0,0,93,0,0,0,0,0,0,702,5571,36,0,0,0,0,0
360,787,361.2059324664662,99974,165,95,18,6,4052,2060,0.06113589533278652,73,52,47070,47886,2576,1296,97,664,695,98,0,0,93485,0,0,95,0,0,0,0,0,0,756,5601,37,0,0,0,0,0
361,787,362.28206184647337,99974,159,88,18,6,4067,2070,0.06138596034969092,89,52,47043,47833,2586,1308,104,712,745,105,0,0,93393,0,0,96,0,0,0,0,0,0,811,5635,39,0,0,0,0,0
362,787,363.3587216828922,99974,154,90,18,6,4077,2080,0.06158601236321443,101,60,47026,47770,2589,1311,111,762,797,113,0,0,93313,0,0,97,0,0,0,0,0,0,869,5654,41,0,0,0,0,0
363,787,364.0766384453619,99974,158,92,18,6,4095,2092,0.06188609038349971,103,56,47012,47713,2590,1316,118,816,852,121,0,0,93229,0,0,98,0,0,0,0,0,0,930,5674,43,0,0,0,0,0
364,787,365.15379190175634,99973,163,90,19,6,4122,2105,0.06228681744070899,93,59,46996,47644,2602,1329,126,871,909,130,0,0,93130,0,0,99,1,0,0,0,0,0,994,5705,44,0,0,0,0,0
365,787,366.2313351045511,99973,168,100,19,6,4146,2122,0.06269692817060607,96,55,46972,47585,2610,1327,134,926,968,139,0,0,93038,0,0,100,1,0,0,0,0,0,1061,5728,45,0,0,0,0,0
366,787,367.30936081079295,99973,179,90,19,6,4175,2137,0.06313704700269072,102,50,46940,47525,2616,1346,143,982,1030,149,0,0,92929,0,0,103,1,0,0,0,0,0,1130,5762,48,0,0,0,0,0
367,787,368.0283520950926,99973,185,88,19,6,4198,2144,0.06343712802456664,100,53,46918,47459,2623,1348,154,1045,1094,160,0,0,92835,0,0,105,1,0,0,0,0,0,1200,5779,53,0,0,0,0,0
368,787,369.1075061957366,99973,184,82,19,6,4222,2154,0.06377721984935933,112,53,46882,47393,2637,1358,165,1107,1161,171,0,0,92720,0,0,107,1,0,0,0,0,0,1276,5814,55,0,0,0,0,0
369,787,370.1873111177345,99972,176,90,19,7,4248,2172,0.06421798103468972,110,47,46858,47330,2659,1354,177,1171,1231,183,0,0,92603,0,0,109,1,0,0,0,0,0,1351,5846,62,0,0,0,0,0
370,787,371.2678322971034,99972,173,76,19,7,4278,2179,0.06458808466370584,112,52,46819,47253,2687,1369,189,1242,1303,195,0,0,92472,0,0,113,1,0,0,0,0,0,1432,5889,65,0,0,0,0,0
371,787,372.3492310019007,99972,171,69,19,7,4310,2191,0.0650282078982115,96,55,46801,47170,2713,1386,199,1312,1378,208,0,0,92335,0,0,114,1,0,0,0,0,0,1517,5937,68,0,0,0,0,0
372,787,373.0705388527646,99971,165,72,20,7,4328,2200,0.06529893669164058,95,58,46776,47093,2730,1385,213,1384,1456,222,0,0,92220,0,0,114,1,0,0,0,0,0,1602,5959,75,0,0,0,0,0
373,787,374.15320172020995,99971,156,81,20,7,4345,2218,0.06564903822108412,101,58,46753,47008,2744,1389,225,1456,1536,236,0,0,92096,0,0,115,1,0,0,0,0,0,1692,5988,79,0,0,0,0,0
374,787,375.2364542608253,99971,159,80,20,7,4367,2233,0.06601914555221014,102,54,46723,46930,2755,1395,240,1533,1619,251,0,0,91967,0,0,117,1,0,0,0,0,0,1788,6017,81,0,0,0,0,0
375,787,376.3203294969508,99971,162,81,20,7,4387,2249,0.06637924998249492,109,52,46695,46850,2758,1400,255,1609,1705,267,0,0,91845,0,0,122,1,0,0,0,0,0,1883,6032,88,0,0,0,0,0
376,787,377.04322471647725,99971,154,87,20,7,4400,2262,0.06663932540436726,114,41,46669,46774,2770,1398,272,1692,1794,284,0,0,91720,0,0,123,1,0,0,0,0,0,1981,6050,96,0,0,0,0,0
377,787,378.1282594954361,99971,160,86,20,7,4431,2277,0.0670994588430645,101,39,46647,46685,2782,1407,289,1775,1885,302,0,0,91580,0,0,124,2,0,0,0,0,0,2083,6079,103,0,0,0,0,0
378,787,379.2139061273558,99971,162,91,20,7,4458,2290,0.06749957487671425,99,41,46623,46593,2793,1409,302,1858,1979,320,0,0,91442,0,0,125,2,0,0,0,0,0,2189,6104,109,0,0,0,0,0
379,787,380.3001181666216,99969,168,91,22,7,4484,2298,0.06784103071952305,104,45,46585,46495,2800,1409,320,1952,2076,339,0,0,91306,0,0,127,2,0,0,0,0,0,2300,6120,114,0,0,0,0,0
380,787,381.0246258901049,99969,171,86,22,7,4504,2304,0.0681011113445168,97,48,46559,46399,2810,1416,340,2043,2176,359,0,0,91164,0,0,128,2,0,0,0,0,0,2415,6141,119,0,0,0,0,0
381,787,382.11220399875106,99969,166,89,22,7,4523,2321,0.06846122297912353,104,46,46522,46298,2824,1422,361,2137,2279,380,0,0,91011,0,0,132,2,0,0,0,0,0,2534,6166,124,0,0,0,0,0
382,787,383.2006044148603,99969,167,89,22,7,4548,2333,0.06883133771469155,101,44,46491,46201,2836,1425,382,2233,2385,402,0,0,90854,0,0,133,2,0,0,0,0,0,2656,6194,130,0,0,0,0,0
383,787,384.28978374020284,99969,166,86,22,7,4571,2344,0.06917144314737568,106,48,46452,46089,2848,1433,405,2336,2494,425,0,0,90691,0,0,135,2,0,0,0,0,0,2783,6223,135,0,0,0,0,0
384,787,385.0163967378356,99969,167,86,22,7,4592,2354,0.06948153927717593,106,48,46415,45980,2861,1436,428,2442,2606,449,0,0,90537,0,0,136,2,0,0,0,0,0,2908,6240,146,0,0,0,0,0
385,787,386.1072993773744,99969,171,84,22,7,4622,2366,0.06990166951755045,101,44,46376,45877,2876,1439,453,2548,2721,474,0,0,90363,0,0,137,2,0,0,0,0,0,3043,6273,151,0,0,0,0,0
386,787,387.1991500594936,99968,167,84,23,7,4652,2377,0.0703125,98,48,46336,45768,2897,1444,478,2648,2839,500,0,0,90182,0,0,139,2,0,0,0,0,0,3181,6307,157,0,0,0,0,0
387,787,388.29193514712364,99968,172,80,23,7,4681,2389,0.07072263124199744,96,48,46298,45654,2907,1453,503,2757,2960,527,0,0,90001,0,0,143,2,0,0,0,0,0,3326,6336,160,0,0,0,0,0
388,787,389.0210034813522,99968,165,81,23,7,4697,2399,0.07098271446862996,89,43,46267,45537,2926,1456,529,2875,3084,555,0,0,89832,0,0,146,2,0,0,0,0,0,3466,6350,172,0,0,0,0,0
389,787,390.11564264791957,99968,166,87,23,7,4721,2412,0.07135283290653009,89,45,46225,45418,2940,1452,556,2990,3211,584,0,0,89657,0,0,148,2,0,0,0,0,0,3613,6367,181,0,0,0,0,0
390,787,391.2112574664318,99967,168,84,24,7,4750,2423,0.07175367871397562,84,46,46185,45298,2954,1453,584,3111,3341,614,0,0,89467,0,0,151,2,0,0,0,0,0,3765,6393,189,0,0,0,0,0
391,787,392.30782140201256,99967,162,86,24,7,4772,2441,0.07215381075755,80,39,46152,45176,2970,1457,611,3234,3474,645,0,0,89267,0,0,150,3,0,0,0,0,0,3921,6430,196,0,0,0,0,0
392,787,393.0393661672925,99967,152,83,24,7,4782,2450,0.07234387347824782,92,37,46113,45052,2975,1462,643,3358,3610,678,0,0,89075,0,0,149,4,0,0,0,0,0,4081,6454,204,0,0,0,0,0
393,787,394.1377671292076,99966,155,77,24,8,4804,2457,0.07263469579657084,106,47,46056,44918,2983,1461,675,3488,3749,712,0,0,88883,0,0,149,5,0,0,0,0,0,4242,6472,215,0,0,0,0,0
394,787,395.2373019637356,99966,159,75,24,8,4834,2469,0.07305483864513934,96,49,46019,44782,2993,1469,708,3616,3891,747,0,0,88678,0,0,151,5,0,0,0,0,0,4409,6498,225,0,0,0,0,0
395,787,396.3378211274106,99966,161,74,24,8,4858,2482,0.07342496448792589,93,54,45980,44652,3000,1466,741,3745,4036,783,0,0,88473,0,0,153,5,0,0,0,0,0,4580,6520,235,0,0,0,0,0
396,787,397.07204114806467,99966,167,77,24,8,4876,2489,0.07367504951683572,93,57,45943,44503,2995,1465,777,3889,4184,821,0,0,88286,0,0,153,5,0,0,0,0,0,4751,6521,250,0,0,0,0,0
397,787,398.17428113109645,99966,164,82,24,8,4895,2504,0.0740151651561531,104,57,45899,44371,3000,1459,808,4022,4335,860,0,0,88078,0,0,152,6,0,0,0,0,0,4927,6540,263,0,0,0,0,0
398,787,399.27745609628806,99966,161,84,24,8,4921,2520,0.0744353080047216,93,53,45865,44227,3014,1464,842,4163,4489,900,0,0,87850,0,0,153,6,0,0,0,0,0,5113,6573,271,0,0,0,0,0
399,787,400.01344390916006,99965,153,84,25,8,4933,2527,0.0746261191416996,98,52,45821,44086,3023,1466,879,4303,4645,942,0,0,87634,0,0,153,7,0,0,0,0,0,5303,6590,278,0,0,0,0,0
400,787,401.1186818787418,99965,162,87,25,8,4970,2539,0.07511629070174561,94,53,45764,43939,3036,1467,918,4445,4804,985,0,0,87405,0,0,156,7,0,0,0,0,0,5498,6614,285,0,0,0,0,0
401,787,402.22514729321836,99965,146,86,25,8,4982,2552,0.07536637823238133,94,54,45726,43788,3047,1473,961,4590,4966,1030,0,0,87168,0,0,156,8,0,0,0,0,0,5694,6644,295,0,0,0,0,0
402,787,403.33271424240536,99965,154,95,25,8,5014,2568,0.07584654629120192,82,48,45681,43647,3054,1465,1003,4736,5131,1076,0,0,86942,0,0,158,8,0,0,0,0,0,5891,6657,309,0,0,0,0,0
403,787,404.0717600758181,99965,149,95,25,8,5027,2578,0.07607662681938679,80,45,45633,43494,3062,1468,1050,4889,5299,1123,0,0,86711,0,0,158,9,0,0,0,0,0,6095,6673,319,0,0,0,0,0
404,787,405.18172073436796,99965,144,98,25,8,5050,2597,0.0764967738708548,83,36,45576,43333,3076,1479,1095,5045,5470,1172,0,0,86460,0,0,160,9,0,0,0,0,0,6304,6702,330,0,0,0,0,0
405,787,406.2930887206836,99965,139,99,25,8,5074,2610,0.07686690341619566,85,39,45526,43182,3088,1478,1136,5193,5643,1222,0,0,86208,0,0,162,9,0,0,0,0,0,6517,6729,340,0,0,0,0,0
406,787,407.0347312070885,99965,141,89,25,8,5090,2615,0.07707697694192968,82,40,45480,43020,3088,1484,1183,5358,5819,1274,0,0,85968,0,0,161,10,0,0,0,0,0,6728,6742,356,0,0,0,0,0
407,787,408.148552456516,99965,143,86,25,8,5111,2629,0.07742709948481968,80,33,45427,42876,3093,1488,1231,5508,5998,1328,0,0,85712,0,0,164,10,0,0,0,0,0,6951,6762,366,0,0,0,0,0
408,787,409.2637062824481,99965,135,81,25,8,5133,2637,0.07772720452158255,76,32,45384,42730,3099,1491,1280,5657,6180,1383,0,0,85458,0,0,169,10,0,0,0,0,0,7167,6774,387,0,0,0,0,0
409,787,410.0078264138563,99965,131,73,25,8,5143,2642,0.07787725703996398,87,35,45319,42561,3103,1497,1334,5825,6364,1440,0,0,85208,0,0,171,10,0,0,0,0,0,7392,6781,403,0,0,0,0,0
410,787,411.1257738673464,99965,131,68,25,8,5169,2651,0.078227379582854,100,42,45243,42403,3111,1498,1389,5980,6551,1498,0,0,84948,0,0,176,10,0,0,0,0,0,7617,6791,423,0,0,0,0,0
411,787,412.24541015930237,99965,145,68,25,8,5200,2661,0.07863752313309659,95,37,45179,42240,3108,1493,1447,6153,6740,1558,0,0,84692,0,0,178,10,0,0,0,0,0,7848,6796,441,0,0,0,0,0
412,787,413.3665824969335,99965,146,71,25,8,5232,2672,0.07906767368579003,84,37,45115,42069,3126,1489,1503,6325,6932,1620,0,0,84419,0,0,179,10,0,0,0,0,0,8083,6814,460,0,0,0,0,0
413,787,414.1149789603477,99965,136,72,25,8,5242,2678,0.07922772970539689,88,38,45056,41895,3132,1483,1562,6503,7126,1683,0,0,84153,0,0,182,10,0,0,0,0,0,8327,6820,473,0,0,0,0,0
414,787,415.23938550368604,99965,137,62,25,8,5270,2683,0.07955784524583605,80,41,44996,41734,3142,1485,1619,6669,7323,1748,0,0,83865,0,0,184,11,0,0,0,0,0,8576,6844,485,0,0,0,0,0
415,787,416.3653894071169,99965,135,67,25,8,5299,2692,0.07993797829240235,67,42,44940,41563,3154,1475,1678,6844,7522,1815,0,0,83591,0,0,184,12,0,0,0,0,0,8817,6851,510,0,0,0,0,0
416,787,417.1169966386936,99965,139,67,25,8,5315,2701,0.08018806582303806,66,43,44870,41380,3157,1474,1742,7027,7724,1884,0,0,83319,0,0,186,12,0,0,0,0,0,9070,6850,528,0,0,0,0,0
417,787,418.246275798325,99965,124,60,25,8,5330,2710,0.08042814985244835,76,38,44795,41216,3175,1478,1804,7199,7928,1954,0,0,83026,0,0,189,12,0,0,0,0,0,9320,6866,552,0,0,0,0,0
418,787,419.00028406208395,99965,124,60,25,8,5342,2716,0.08060821287450608,76,39,44724,41035,3179,1469,1871,7388,8134,2026,0,0,82756,0,0,191,12,0,0,0,0,0,9574,6856,576,0,0,0,0,0
419,787,420.13334706574045,99965,134,64,25,8,5370,2731,0.08103836342719951,98,62,44629,40838,3179,1465,1934,7562,8342,2100,0,0,82465,12,0,191,13,0,0,0,0,0,9837,6853,594,0,0,0,0,0
420,787,421.410407246211,99965,145,78,25,8,5404,2757,0.08163857350072526,98,57,44551,40659,3182,1459,1998,7738,8553,2176,0,0,82162,44,1,192,14,0,0,0,0,0,10107,6836,609,0,0,0,0,0
421,787,422.26298607175755,99965,158,92,25,8,5426,2776,0.08204871705096783,93,49,44487,40473,3174,1451,2062,7926,8766,2253,0,0,81879,55,2,194,14,0,0,0,0,0,10378,6816,627,0,0,0,0,0
422,787,423.11667485059877,99965,157,92,25,8,5444,2786,0.08232881508527985,94,47,44405,40286,3181,1448,2137,8118,8981,2332,0,0,81582,81,4,193,16,0,0,0,0,0,10647,6794,648,0,0,0,0,0
423,787,424.3998421072957,99964,174,86,26,8,5477,2800,0.0827998079308551,107,53,44297,40096,3183,1456,2212,8300,9198,2413,0,0,81270,110,7,196,16,0,0,0,0,0,10926,6775,664,0,0,0,0,0
424,787,425.2568186497888,99964,179,88,26,8,5498,2810,0.08310991957104558,113,61,44210,39895,3183,1459,2288,8488,9417,2496,0,0,80963,130,11,196,16,0,0,0,0,0,11209,6760,679,0,0,0,0,0
425,787,426.11530370572206,99964,178,91,26,8,5520,2825,0.08348005281901484,115,57,44118,39700,3195,1457,2367,8686,9638,2581,0,0,80648,161,13,197,17,0,0,0,0,0,11491,6737,700,0,0,0,0,0
426,787,427.4062468925064,99964,184,95,26,8,5558,2847,0.08408026889680285,122,64,44017,39510,3208,1455,2442,8867,9860,2668,0,0,80324,205,17,199,17,0,0,0,0,0,11767,6706,729,0,0,0,0,0
427,787,428.26842109088125,99964,182,96,26,8,5580,2858,0.08441038773958626,131,65,43929,39320,3209,1450,2522,9060,10084,2757,0,0,80013,234,21,200,17,0,0,0,0,0,12045,6674,760,0,0,0,0,0
428,787,429.1322112912747,99964,192,92,26,8,5607,2870,0.08480052819014845,126,66,43840,39121,3206,1454,2609,9258,10310,2848,0,0,79690,261,24,202,18,0,0,0,0,0,12338,6651,780,0,0,0,0,0
429,787,430.43097842128765,99963,189,101,26,9,5639,2901,0.08543160969558737,133,60,43735,38936,3229,1461,2687,9432,10537,2941,0,0,79338,310,30,203,18,0,0,0,0,0,12634,6632,798,0,0,0,0,0
430,787,431.29844802413976,99963,193,107,26,9,5666,2918,0.08587177255584566,129,65,43648,38737,3231,1455,2772,9626,10766,3035,0,0,79015,336,37,204,18,0,0,0,0,0,12924,6605,824,0,0,0,0,0
431,787,432.1676746680972,99963,190,107,26,9,5687,2933,0.0862319058051479,138,66,43548,38540,3239,1457,2858,9820,10997,3131,0,0,78677,368,42,206,18,0,0,0,0,0,13225,6582,845,0,0,0,0,0
432,787,433.0387147372205,99963,190,107,26,9,5715,2947,0.08665206126266718,141,70,43436,38335,3258,1454,2948,10024,11229,3229,0,0,78334,401,47,210,18,0,0,0,0,0,13530,6558,865,0,0,0,0,0
433,787,434.34913395496784,99963,190,118,26,9,5754,2978,0.08735232035853266,141,62,43327,38134,3276,1459,3039,10217,11462,3329,0,0,77972,451,52,213,19,0,0,0,0,0,13837,6534,885,0,0,0,0,0
434,787,435.22462211074554,99963,197,122,26,9,5788,2993,0.08784250172563848,144,61,43226,37927,3276,1455,3130,10425,11697,3431,0,0,77624,486,54,214,19,0,0,0,0,0,14148,6509,909,0,0,0,0,0
435,787,436.1021285268584,99963,207,124,26,9,5818,3006,0.08827266088452727,155,62,43124,37724,3270,1452,3217,10628,11933,3535,0,0,77284,512,56,216,20,0,0,0,0,0,14460,6481,934,0,0,0,0,0
436,787,437.4216098220307,99963,214,121,26,9,5868,3027,0.08898292368176225,145,64,43016,37535,3295,1460,3303,10810,12170,3641,0,0,76910,568,64,217,22,0,0,0,0,0,14770,6455,957,0,0,0,0,0
437,787,438.30301933946083,99963,220,112,26,9,5902,3040,0.08945309764612906,144,70,42903,37329,3305,1464,3401,11015,12408,3749,0,0,76552,604,75,219,23,0,0,0,0,0,15081,6429,980,0,0,0,0,0
438,787,439.1867662010925,99963,220,109,26,9,5930,3055,0.08988325680501785,154,66,42793,37126,3315,1470,3491,11219,12648,3859,0,0,76186,642,82,219,24,0,0,0,0,0,15402,6407,1001,0,0,0,0,0
439,787,440.0727257096644,99963,218,105,26,9,5962,3072,0.09037343817212369,153,64,42681,36917,3331,1479,3590,11425,12889,3971,0,0,75815,683,91,224,24,0,0,0,0,0,15723,6379,1024,0,0,0,0,0
440,787,441.4058482571237,99963,239,111,26,9,6018,3094,0.09115372687894521,150,68,42556,36716,3346,1481,3682,11614,13131,4085,0,0,75440,721,101,226,25,0,0,0,0,0,16050,6358,1042,0,0,0,0,0
441,787,442.29664163757917,99963,255,114,26,9,6064,3102,0.09169392675289857,141,78,42444,36505,3348,1472,3785,11821,13373,4201,0,0,75083,744,109,228,26,0,0,0,0,0,16375,6332,1066,0,0,0,0,0
442,787,443.1896142452082,99963,252,112,26,9,6095,3113,0.09211408221041785,147,85,42323,36289,3360,1473,3891,12031,13616,4319,0,0,74718,780,118,227,29,0,0,0,0,0,16695,6301,1095,0,0,0,0,0
443,787,444.0850902267687,99963,247,119,26,9,6126,3134,0.0926342746816322,160,92,42181,36070,3383,1480,4002,12229,13860,4439,0,0,74328,825,122,226,31,0,0,0,0,0,17036,6283,1112,0,0,0,0,0
444,787,445.4331314306341,99963,256,130,26,9,6179,3166,0.09348458929804028,167,87,42056,35893,3394,1479,4100,12401,14105,4561,0,0,73935,873,134,231,31,0,0,0,0,0,17369,6256,1134,0,0,0,0,0
445,787,446.3339468311791,99963,264,134,26,9,6213,3190,0.09406480397747166,187,93,41917,35677,3399,1479,4206,12607,14350,4685,0,0,73561,904,147,231,33,0,0,0,0,0,17699,6230,1158,0,0,0,0,0
446,787,447.2374797407902,99962,278,135,26,10,6253,3210,0.09466597306976651,183,98,41795,35467,3400,1477,4317,12812,14596,4811,0,0,73200,934,158,233,34,0,0,0,0,0,18018,6186,1199,0,0,0,0,0
447,787,448.143580436167,99962,285,146,26,10,6294,3230,0.095276204957884,184,107,41667,35247,3407,1477,4430,13012,14843,4938,0,0,72821,965,165,237,34,0,0,0,0,0,18358,6156,1226,0,0,0,0,0
448,787,449.05224067997784,99962,291,159,26,10,6336,3257,0.09596646725755788,198,101,41521,35024,3417,1479,4546,13226,15090,5067,0,0,72438,999,173,245,34,0,0,0,0,0,18699,6121,1253,0,0,0,0,0
449,787,450.42050513223705,99961,272,166,27,10,6384,3294,0.09681775892598113,222,98,41358,34828,3457,1493,4663,13404,15337,5198,0,0,72019,1071,189,250,37,0,0,0,0,0,19029,6084,1282,0,0,0,0,0
450,787,451.33557989703905,99960,283,163,28,10,6424,3313,0.09740896358543417,238,95,41216,34620,3458,1496,4776,13615,15585,5331,0,0,71638,1107,199,252,39,0,0,0,0,0,19363,6045,1317,0,0,0,0,0
451,787,452.2536028944223,99960,294,162,28,10,6473,3332,0.09808923569427772,232,98,41084,34401,3465,1504,4896,13824,15833,5466,0,0,71236,1150,212,253,40,0,0,0,0,0,19709,6020,1340,0,0,0,0,0
452,787,453.1745483847527,99960,312,169,28,10,6526,3359,0.09888955582232893,233,94,40935,34192,3480,1510,5011,14024,16081,5603,0,0,70841,1184,227,258,41,0,0,0,0,0,20055,5991,1363,0,0,0,0,0
453,787,454.0985664187009,99960,314,167,28,10,6570,3378,0.09951980792316927,246,95,40787,33986,3498,1512,5126,14229,16330,5742,0,0,70434,1234,239,258,42,0,0,0,0,0,20400,5960,1393,0,0,0,0,0
454,787,455.025822477008,99960,324,164,28,10,6612,3398,0.10014005602240897,255,94,40641,33772,3508,1526,5243,14433,16579,5882,0,0,70030,1269,256,261,42,0,0,0,0,0,20752,5937,1413,0,0,0,0,0
455,787,456.4223172279238,99960,346,163,28,10,6697,3431,0.10132052821128451,246,103,40483,33580,3539,1543,5357,14600,16828,6024,0,0,69594,1342,274,267,42,0,0,0,0,0,21097,5903,1441,0,0,0,0,0
456,787,457.35619022453545,99960,348,164,28,10,6749,3453,0.10206082432973189,245,116,40339,33352,3560,1554,5479,14803,17077,6168,0,0,69178,1391,290,269,45,0,0,0,0,0,21447,5875,1465,0,0,0,0,0
457,787,458.2933920512232,99960,353,153,28,10,6804,3472,0.10280112044817927,245,125,40184,33148,3585,1565,5604,14998,17326,6314,0,0,68762,1447,309,271,48,0,0,0,0,0,21788,5838,1497,0,0,0,0,0
458,787,459.2341165851404,99960,368,175,28,10,6859,3513,0.10376150460184073,257,105,40027,32955,3597,1567,5722,15187,17575,6461,0,0,68356,1486,328,272,48,0,0,0,0,0,22136,5808,1526,0,0,0,0,0
459,787,460.17824642396874,99959,377,170,29,10,6919,3536,0.10459288308206365,257,107,39872,32757,3611,1578,5853,15377,17823,6610,0,0,67937,1528,352,279,49,1,0,0,0,0,22486,5780,1547,0,0,0,0,0
460,787,461.125887146611,99958,386,175,30,10,6986,3561,0.10551431601272535,256,118,39721,32543,3637,1581,5969,15572,18071,6761,0,0,67511,1586,366,283,50,1,0,0,0,0,22839,5744,1578,0,0,0,0,0
461,787,462.0769941812673,99957,407,183,31,10,7045,3596,0.10645577598367298,268,111,39539,32347,3656,1583,6098,15765,18319,6913,0,0,67104,1626,384,288,51,1,0,0,0,0,23187,5705,1611,0,0,0,0,0
462,787,463.03207964872496,99956,417,194,31,11,7100,3626,0.10730721517467685,287,114,39349,32131,3685,1587,6230,15962,18567,7067,0,0,66685,1665,402,289,54,1,0,0,0,0,23546,5681,1633,0,0,0,0,0
463,787,464.47197940037256,99954,408,188,33,11,7192,3664,0.10860996058186766,292,112,39163,31970,3750,1600,6353,16118,18814,7223,0,0,66208,1767,431,293,60,1,0,0,0,0,23889,5647,1658,0,0,0,0,0
464,787,465.4357491064516,99954,437,179,33,11,7270,3691,0.10966044380414991,277,110,38992,31767,3769,1624,6491,16308,19061,7380,0,0,65777,1822,454,297,62,1,0,0,0,0,24242,5614,1685,0,0,0,0,0
465,787,466.4037267207016,99954,443,175,33,11,7344,3717,0.11066090401584729,278,119,38817,31556,3806,1634,6622,16504,19307,7539,0,0,65333,1893,477,294,68,1,0,0,0,0,24591,5585,1712,0,0,0,0,0
466,787,467.3759708548372,99953,442,177,34,11,7409,3746,0.1116024531529819,277,132,38655,31333,3841,1648,6750,16698,19553,7699,0,0,64883,1957,497,297,70,2,0,0,0,0,24956,5560,1731,0,0,0,0,0
467,787,468.35231951346105,99953,450,191,34,11,7483,3784,0.11272297980050623,285,126,38484,31129,3867,1648,6879,16894,19798,7861,0,0,64451,2016,521,300,74,2,0,0,0,0,25305,5523,1761,0,0,0,0,0
468,787,469.33284276009283,99953,459,184,34,11,7549,3808,0.11362340299940972,287,137,38320,30938,3892,1656,7007,17073,20043,8024,0,0,64017,2063,555,306,74,2,0,0,0,0,25657,5496,1783,0,0,0,0,0
469,787,470.31750224563183,99953,472,198,34,11,7624,3844,0.11473392494472402,274,135,38162,30724,3927,1670,7130,17261,20287,8189,0,0,63583,2110,584,306,81,2,0,0,0,0,26014,5474,1799,0,0,0,0,0
470,787,471.3061011207155,99953,466,213,34,11,7685,3878,0.1156843716546777,283,140,37990,30545,3962,1663,7264,17427,20531,8355,0,0,63157,2160,612,311,82,2,0,0,0,0,26360,5435,1834,0,0,0,0,0
471,787,472.29895026716946,99952,484,213,34,12,7760,3916,0.11681607171442292,288,143,37804,30358,3991,1680,7398,17593,20774,8522,0,0,62719,2214,638,320,85,2,0,0,0,0,26715,5399,1860,0,0,0,0,0
472,787,473.2963579121019,99950,475,203,36,12,7829,3942,0.11776888444222111,288,152,37632,30171,4037,1697,7531,17764,21016,8691,0,0,62258,2289,666,328,86,2,0,0,0,0,27071,5364,1886,0,0,0,0,0
473,787,474.29837781627083,99950,470,215,36,12,7891,3980,0.11876938469234617,304,146,37454,29972,4072,1708,7663,17946,21257,8861,0,0,61813,2347,691,331,92,2,0,0,0,0,27432,5337,1905,0,0,0,0,0
474,787,475.30513834324694,99950,459,240,36,12,7946,4031,0.11982991495747874,319,126,37277,29798,4111,1709,7797,18114,21497,9032,0,0,61378,2399,722,335,94,2,0,0,0,0,27782,5304,1934,0,0,0,0,0
475,787,476.3164444625554,99950,471,247,36,12,8034,4071,0.12111055527763882,302,127,37117,29599,4151,1722,7922,18292,21737,9204,0,0,60933,2473,749,337,99,2,0,0,0,0,28126,5260,1971,0,0,0,0,0
476,787,477.33237094859663,99950,468,242,36,12,8114,4096,0.12216108054027014,321,134,36920,29417,4197,1731,8057,18463,21976,9378,0,0,60486,2535,790,341,105,2,0,0,0,0,28470,5228,1993,0,0,0,0,0
477,787,478.35326692245326,99950,472,248,36,12,8193,4135,0.12334167083541771,321,133,36741,29244,4238,1746,8191,18616,22214,9553,0,0,60047,2591,825,349,111,2,0,0,0,0,28815,5190,2020,0,0,0,0,0
478,787,479.379102902398,99950,474,262,36,12,8278,4176,0.12460230115057529,310,135,36567,29067,4280,1754,8332,18769,22451,9729,0,0,59607,2650,871,350,114,2,0,0,0,0,29149,5157,2050,0,0,0,0,0
479,787,480.4099402172529,99949,497,259,36,13,8361,4207,0.12574412950604807,305,148,36393,28875,4297,1771,8471,18933,22687,9906,0,0,59167,2705,901,356,115,2,0,0,0,0,29502,5123,2078,0,0,0,0,0
480,787,481.44563139355415,99948,519,253,37,13,8448,4239,0.12693600672349623,313,156,36211,28715,4327,1782,8592,19080,22922,10084,0,0,58730,2761,940,357,118,2,0,0,0,0,29842,5087,2111,0,0,0,0,0
481,787,482.4860819185987,99948,521,254,37,13,8528,4286,0.1282066674670829,321,151,36042,28530,4358,1809,8720,19242,23156,10263,0,0,58269,2845,975,359,120,2,0,0,0,0,30183,5049,2146,0,0,0,0,0
482,787,483.0075063157011,99948,525,261,37,13,8570,4305,0.1288169848321127,326,154,35868,28333,4365,1804,8878,19434,23389,10443,0,0,57872,2857,1001,364,124,2,0,0,0,0,30539,5016,2173,0,0,0,0,0
483,787,484.0575520145975,99947,534,257,38,13,8659,4337,0.1300289153251223,325,161,35693,28150,4402,1819,9007,19599,23621,10624,0,0,57434,2903,1050,375,127,2,0,0,0,0,30875,4983,2198,0,0,0,0,0
484,787,485.1126826230327,99947,540,258,38,13,8747,4379,0.13132960469048596,312,162,35514,27974,4443,1842,9152,19750,23851,10806,0,0,56981,2972,1085,388,129,2,0,0,0,0,31220,4942,2228,0,0,0,0,0
485,787,486.17306210838234,99946,546,261,39,13,8831,4419,0.13257158865787524,315,160,35323,27816,4483,1848,9293,19901,24080,10989,0,0,56542,3035,1126,390,134,2,0,0,0,0,31553,4901,2263,0,0,0,0,0
486,787,487.2389906293795,99945,541,265,40,13,8905,4464,0.1337635699634799,345,152,35130,27651,4511,1871,9432,20047,24308,11172,0,0,56084,3105,1161,397,138,2,0,0,0,0,31904,4869,2285,0,0,0,0,0
487,787,488.31070900634853,99945,544,273,40,13,8989,4506,0.13502426334483966,363,146,34927,27497,4553,1886,9572,20184,24535,11356,0,0,55652,3158,1206,403,145,3,0,0,0,0,32236,4831,2311,0,0,0,0,0
488,787,489.3882471116639,99945,572,273,40,13,9095,4551,0.13653509430186603,349,154,34730,27337,4595,1911,9713,20311,24761,11541,0,0,55198,3230,1246,410,146,3,0,0,0,0,32576,4794,2342,0,0,0,0,0
489,787,490.47171503572395,99945,588,267,40,13,9200,4595,0.13802591425283905,352,151,34541,27172,4636,1938,9842,20458,24985,11726,0,0,54726,3314,1292,416,147,3,0,0,0,0,32916,4767,2364,0,0,0,0,0
490,787,491.01512486781513,99945,611,264,40,13,9255,4616,0.13878633248286557,338,150,34361,26998,4641,1939,10008,20635,25208,11912,0,0,54334,3327,1327,417,151,3,0,0,0,0,33257,4736,2393,0,0,0,0,0
491,787,492.109943175065,99945,587,271,40,13,9328,4661,0.139966981840012,374,146,34168,26879,4690,1947,10140,20743,25430,12099,0,0,53900,3383,1388,427,156,3,0,0,0,0,33571,4695,2422,0,0,0,0,0
492,787,493.21100256484607,99945,595,267,40,13,9435,4706,0.14148781830006504,355,135,33995,26734,4743,1977,10271,20873,25650,12286,0,0,53438,3462,1440,436,160,3,0,0,0,0,33898,4662,2446,0,0,0,0,0
493,787,494.3178649975405,99945,607,268,40,13,9538,4750,0.14295862724498473,340,128,33803,26583,4790,1998,10419,21009,25869,12474,0,0,53002,3526,1499,435,167,3,0,0,0,0,34208,4626,2479,0,0,0,0,0
494,787,495.43089087449783,99944,630,268,41,13,9644,4788,0.1444008644841111,337,137,33597,26439,4837,2004,10557,21138,26087,12662,0,0,52581,3573,1559,439,174,3,0,0,0,0,34519,4589,2507,0,0,0,0,0
495,787,496.5500845384932,99943,657,277,42,13,9763,4834,0.14605325035270103,339,141,33401,26301,4876,2023,10684,21244,26303,12851,0,0,52132,3650,1598,445,177,3,0,0,0,0,34848,4549,2541,0,0,0,0,0
496,787,497.1115130502142,99943,641,271,42,13,9808,4855,0.14671362676725733,347,138,33235,26141,4898,2027,10836,21409,26518,13040,0,0,51718,3697,1635,447,178,3,0,0,0,0,35177,4510,2578,0,0,0,0,0
497,787,498.24304438619174,99942,647,247,42,14,9918,4888,0.14814592463628906,323,152,33073,26001,4957,2059,10957,21526,26731,13229,0,0,51258,3781,1702,451,180,3,0,0,0,0,35482,4479,2606,0,0,0,0,0
498,787,499.38043139772134,99942,636,250,42,14,10008,4929,0.1494566848772288,340,149,32892,25856,5007,2079,11082,21651,26943,13419,0,0,50818,3849,1756,455,188,4,0,0,0,0,35797,4445,2630,0,0,0,0,0
499,787,500.5239429885964,99942,631,254,42,14,10103,4975,0.15086750315182806,337,147,32705,25719,5070,2109,11214,21756,27154,13609,0,0,50378,3912,1814,464,192,5,0,0,0,0,36110,4412,2655,0,0,0,0,0
500,787,501.09746266456557,99942,629,250,42,14,10159,4994,0.15161793840427448,330,148,32541,25577,5089,2110,11368,21900,27363,13799,0,0,49989,3937,1863,467,194,5,0,0,0,0,36423,4374,2690,0,0,0,0,0
501,787,502.2536041982483,99942,629,244,42,14,10242,5030,0.1528086290048228,351,149,32373,25443,5111,2131,11493,22018,27571,13989,0,0,49581,3978,1925,469,208,5,0,0,0,0,36724,4339,2713,0,0,0,0,0
502,787,503.41563698786166,99942,592,243,42,14,10337,5070,0.15415941245922635,355,154,32207,25320,5192,2150,11611,22118,27777,14179,0,0,49124,4065,1980,484,214,5,0,0,0,0,37031,4296,2743,0,0,0,0,0
503,787,504.5838910163087,99942,599,233,42,14,10445,5100,0.15554021332372775,338,163,32033,25207,5251,2159,11736,22223,27982,14370,0,0,48697,4131,2045,482,223,5,0,0,0,0,37326,4261,2772,0,0,0,0,0
504,787,505.1698101778187,99942,606,252,42,14,10507,5130,0.15646074723339537,330,151,31863,25067,5264,2147,11894,22368,28185,14561,0,0,48312,4148,2081,486,226,6,0,0,0,0,37653,4232,2798,0,0,0,0,0
505,787,506.3508102727915,99942,612,251,42,14,10596,5173,0.15778151327770107,337,146,31706,24937,5285,2166,12017,22485,28387,14752,0,0,47909,4189,2152,492,231,6,0,0,0,0,37941,4194,2828,0,0,0,0,0
506,787,507.53769768971586,99942,615,255,42,14,10699,5213,0.15921234315903224,305,151,31559,24819,5333,2180,12145,22580,28587,14943,0,0,47478,4256,2212,495,235,6,0,0,0,0,38243,4164,2853,0,0,0,0,0
507,787,508.1326444171982,99942,605,243,42,14,10739,5232,0.15980268555762342,316,152,31394,24669,5335,2199,12307,22722,28786,15134,0,0,47109,4268,2268,495,243,6,0,0,0,0,38539,4131,2883,0,0,0,0,0
508,787,509.3315339588468,99942,611,250,42,14,10838,5273,0.16120349802885672,310,143,31241,24564,5376,2218,12419,22810,28983,15324,0,0,46694,4324,2321,498,252,6,0,0,0,0,38840,4099,2908,0,0,0,0,0
509,787,510.5363043159984,99941,589,255,42,15,10926,5327,0.16262594931009294,306,141,31093,24461,5436,2236,12533,22891,29179,15514,0,0,46285,4371,2393,511,263,6,0,0,0,0,39115,4061,2936,0,0,0,0,0
510,787,511.14018352202805,99941,577,251,42,15,10967,5347,0.16323630942255932,319,144,30917,24320,5456,2235,12688,23034,29373,15704,0,0,45915,4385,2447,513,268,6,0,0,0,0,39415,4031,2961,0,0,0,0,0
511,787,512.3576957768206,99941,570,259,42,15,11049,5393,0.16451706506839034,310,136,30782,24224,5483,2260,12812,23105,29566,15894,0,0,45518,4426,2513,517,278,6,0,0,0,0,39699,4000,2984,0,0,0,0,0
512,787,513.5813342291073,99941,563,249,42,15,11139,5444,0.1659278974595011,322,116,30603,24151,5525,2296,12944,23172,29757,16084,0,0,45098,4486,2594,526,281,6,0,0,0,0,39973,3970,3007,0,0,0,0,0
513,787,514.1947286073051,99940,551,251,43,15,11191,5464,0.1666499899939964,319,116,30437,24019,5547,2294,13102,23304,29947,16273,0,0,44736,4492,2657,530,285,6,0,0,0,0,40261,3942,3031,0,0,0,0,0
514,787,515.4320304356196,99938,548,232,44,16,11278,5492,0.1678040385038724,319,121,30298,23944,5574,2303,13216,23383,30135,16462,0,0,44350,4529,2738,534,293,6,0,0,0,0,40523,3908,3057,0,0,0,0,0
515,787,516.0525172506804,99938,536,239,44,16,11327,5510,0.1684744541615802,316,120,30158,23819,5593,2291,13352,23514,30321,16651,0,0,43994,4543,2787,538,296,6,0,0,0,0,40814,3871,3089,0,0,0,0,0
516,787,517.3020792390996,99938,517,246,44,16,11420,5548,0.16978526686545659,301,123,30001,23728,5662,2301,13474,23585,30506,16839,0,0,43579,4598,2851,549,303,6,0,0,0,0,41104,3847,3101,0,0,0,0,0
517,787,518.5579061665228,99936,531,231,45,17,11524,5581,0.17115954210694845,275,135,29870,23656,5688,2322,13590,23638,30689,17027,0,0,43184,4647,2919,548,315,7,0,0,0,0,41375,3822,3119,0,0,0,0,0
518,787,519.1875975314274,99936,538,231,45,17,11572,5602,0.17184998398975343,273,136,29713,23521,5693,2329,13737,23765,30871,17215,0,0,42817,4657,2962,553,317,7,0,0,0,0,41687,3804,3132,0,0,0,0,0
519,787,520.4560652123921,99935,550,227,46,17,11669,5638,0.17318256866963527,252,140,29585,23435,5729,2342,13837,23838,31051,17402,0,0,42434,4701,3029,558,322,7,0,0,0,0,41955,3770,3159,0,0,0,0,0
520,787,521.0916206858849,99935,537,233,46,17,11708,5662,0.1738129784359834,256,145,29443,23308,5740,2339,13977,23957,31230,17589,0,0,42090,4705,3081,564,326,7,0,0,0,0,42239,3738,3185,0,0,0,0,0
521,787,522.3721136291869,99935,498,230,46,17,11767,5703,0.1748136288587582,276,137,29315,23240,5791,2355,14073,24020,31407,17775,0,0,41704,4758,3146,572,334,7,0,0,0,0,42500,3699,3215,0,0,0,0,0
522,787,523.0134907396458,99935,484,228,46,17,11806,5729,0.17546405163356182,273,135,29192,23115,5786,2373,14218,24131,31583,17961,0,0,41362,4763,3203,574,344,7,0,0,0,0,42774,3671,3237,0,0,0,0,0
523,787,524.3059413637507,99935,482,230,46,17,11891,5770,0.17672487116625807,267,127,29066,23036,5815,2394,14323,24195,31757,18146,0,0,40986,4802,3272,576,353,7,0,0,0,0,43037,3645,3257,0,0,0,0,0
524,787,525.6037643715591,99935,479,228,46,17,11973,5811,0.17795567118627106,245,121,28971,22977,5840,2403,14418,24253,31930,18330,0,0,40636,4827,3347,581,364,8,0,0,0,0,43278,3607,3287,0,0,0,0,0
525,787,526.2537914263263,99935,475,230,46,17,12001,5828,0.17840596387651975,255,124,28837,22859,5823,2409,14563,24360,32101,18514,0,0,40306,4830,3387,582,367,8,0,0,0,0,43565,3578,3312,0,0,0,0,0
526,787,527.5624762693552,99934,480,237,47,17,12099,5877,0.1798787199551704,234,113,28721,22792,5852,2430,14665,24410,32271,18697,0,0,39939,4861,3470,588,374,8,0,0,0,0,43811,3554,3329,0,0,0,0,0
527,787,528.2179551551689,99934,465,226,47,17,12137,5890,0.18038905677747313,232,117,28582,22687,5863,2436,14810,24516,32439,18879,0,0,39602,4875,3521,590,381,8,0,0,0,0,44080,3525,3352,0,0,0,0,0
528,787,529.5384794576365,99933,449,221,47,18,12215,5929,0.18156164630302302,218,110,28466,22657,5893,2452,14926,24541,32606,19061,0,0,39239,4911,3606,594,388,8,0,0,0,0,44317,3497,3373,0,0,0,0,0
529,787,530.2002032452309,99933,434,211,47,18,12249,5942,0.1820319614141475,218,115,28330,22558,5899,2458,15071,24639,32771,19242,0,0,38907,4917,3662,597,389,10,0,0,0,0,44584,3475,3392,0,0,0,0,0
530,787,531.5332894267605,99933,410,215,47,18,12317,5980,0.1830926720903005,210,106,28247,22518,5926,2463,15159,24679,32935,19422,0,0,38559,4950,3736,599,401,10,0,0,0,0,44821,3443,3414,0,0,0,0,0
531,787,532.2010376322181,99933,402,218,47,18,12344,6002,0.18358300061040897,212,98,28131,22414,5919,2460,15288,24791,33097,19601,0,0,38255,4941,3792,596,410,10,0,0,0,0,45077,3418,3434,0,0,0,0,0
532,787,533.5446843135497,99933,389,225,47,18,12416,6043,0.18471375821800606,204,92,28024,22376,5944,2465,15391,24823,33258,19780,0,0,37919,4958,3878,599,417,10,0,0,0,0,45305,3393,3454,0,0,0,0,0
533,787,534.2173850946087,99932,385,227,48,18,12459,6068,0.18539606932714245,187,81,27904,22288,5949,2466,15526,24919,33417,19958,0,0,37602,4961,3932,596,428,10,0,0,0,0,45560,3372,3471,0,0,0,0,0
534,787,535.5723456075538,99931,381,205,49,18,12516,6097,0.1862585183776806,184,83,27804,22249,5954,2485,15627,24959,33575,20135,0,0,37281,4978,4011,597,436,11,0,0,0,0,45779,3340,3498,0,0,0,0,0
535,787,536.2508068569686,99931,369,201,49,18,12547,6112,0.1867188359968378,175,78,27696,22157,5952,2487,15758,25058,33731,20311,0,0,36989,4970,4067,597,445,12,0,0,0,0,46020,3308,3523,0,0,0,0,0
536,787,537.6167933065344,99931,344,200,49,18,12604,6142,0.18758943671133083,172,74,27605,22135,5980,2491,15849,25081,33886,20486,0,0,36663,4986,4142,603,454,12,0,0,0,0,46248,3282,3541,0,0,0,0,0
537,787,538.3007221969067,99931,338,197,49,18,12629,6156,0.18797970599713804,174,69,27493,22054,5964,2483,15981,25178,34039,20660,0,0,36367,4978,4187,606,460,12,0,0,0,0,46505,3256,3560,0,0,0,0,0
538,787,539.6773673964636,99931,326,182,49,18,12689,6179,0.18881027909257386,174,72,27401,22014,5978,2499,16071,25214,34191,20833,0,0,36041,5000,4250,612,471,12,0,0,0,0,46738,3229,3578,0,0,0,0,0
539,787,540.3665212318748,99930,318,180,50,18,12714,6197,0.18924246972881018,178,68,27298,21932,5963,2503,16192,25298,34341,21005,0,0,35742,4998,4300,612,473,12,0,0,0,0,46986,3207,3600,0,0,0,0,0
540,787,541.0587320599053,99930,318,172,50,18,12745,6210,0.1896827779445612,168,67,27191,21865,5947,2505,16325,25372,34490,21176,0,0,35459,4985,4357,612,479,12,0,0,0,0,47223,3183,3620,0,0,0,0,0
541,787,542.4513143099493,99930,316,153,50,18,12802,6229,0.19044331031722206,165,71,27109,21870,5957,2510,16402,25377,34637,21346,0,0,35152,5003,4415,615,488,13,0,0,0,0,47447,3152,3645,0,0,0,0,0
542,787,543.1482031476652,99930,312,153,50,18,12827,6248,0.1908836185329731,166,63,27004,21794,5945,2510,16522,25461,34783,21515,0,0,34865,5004,4459,613,491,14,0,0,0,0,47688,3126,3670,0,0,0,0,0
543,787,544.5508126513562,99930,310,135,50,18,12887,6265,0.1916541579105374,163,55,26924,21781,5946,2524,16606,25486,34928,21683,0,0,34554,5021,4516,620,500,14,0,0,0,0,47918,3100,3687,0,0,0,0,0
544,787,545.2527073645167,99930,308,124,50,18,12911,6273,0.1919743820674472,165,62,26826,21700,5917,2521,16733,25574,35071,21850,0,0,34299,4997,4578,619,505,14,0,0,0,0,48132,3070,3716,0,0,0,0,0
545,787,546.6651271065981,99930,297,131,50,18,12975,6294,0.19282497748423896,143,71,26784,21703,5923,2510,16802,25566,35213,22016,0,0,33998,5005,4637,627,510,15,0,0,0,0,48359,3047,3732,0,0,0,0,0
546,787,547.3713275871424,99930,291,124,50,18,13001,6302,0.19316521565095568,134,73,26685,21623,5919,2507,16920,25654,35353,22181,0,0,33720,4997,4684,625,514,17,0,0,0,0,48595,3031,3747,0,0,0,0,0
547,787,548.0801298965362,99929,292,119,51,18,13031,6312,0.1935674328773429,127,79,26589,21547,5904,2506,17036,25730,35492,22345,0,0,33448,4984,4731,627,518,17,0,0,0,0,48829,3010,3765,0,0,0,0,0
548,787,549.5058671653145,99929,276,117,51,18,13069,6341,0.19423790891532988,129,69,26549,21530,5903,2522,17091,25743,35630,22508,0,0,33171,4982,4806,626,525,18,0,0,0,0,49029,2989,3783,0,0,0,0,0
549,787,550.2189951721292,99929,264,123,51,18,13089,6360,0.19462818601206858,130,64,26448,21465,5893,2519,17213,25810,35766,22670,0,0,32913,4967,4855,625,533,18,0,0,0,0,49250,2964,3804,0,0,0,0,0
550,787,551.6526019906682,99929,237,128,51,18,13129,6386,0.19528865494501096,135,49,26397,21474,5898,2511,17281,25819,35901,22831,0,0,32646,4960,4933,629,541,18,0,0,0,0,49441,2938,3823,0,0,0,0,0
551,787,552.3699255399973,99929,231,129,51,18,13151,6398,0.19562889651652673,131,51,26293,21408,5889,2506,17404,25887,36035,22991,0,0,32376,4956,4967,632,543,18,0,0,0,0,49677,2915,3845,0,0,0,0,0
552,787,553.0897245531041,99929,237,121,51,18,13179,6402,0.19594912387795335,121,55,26191,21352,5878,2501,17521,25952,36167,23150,0,0,32113,4950,5004,630,547,18,0,0,0,0,49909,2894,3864,0,0,0,0,0
553,787,554.5380174626137,99929,225,125,51,18,13224,6420,0.196579571495762,127,57,26151,21360,5871,2487,17574,25952,36298,23308,0,0,31869,4930,5074,634,556,18,0,0,0,0,50095,2865,3888,0,0,0,0,0
554,787,555.2625584394779,99929,231,123,51,18,13247,6432,0.19692982017232236,115,55,26060,21315,5855,2478,17687,26010,36428,23464,0,0,31626,4904,5126,633,560,18,0,0,0,0,50310,2849,3903,0,0,0,0,0
555,787,556.7185885524501,99929,219,109,51,18,13293,6443,0.1975002251598635,104,65,26022,21319,5857,2483,17746,26005,36556,23619,0,0,31353,4911,5179,638,568,19,0,0,0,0,50515,2827,3919,0,0,0,0,0
556,787,557.4465640793883,99929,224,109,51,18,13309,6454,0.1977704169960672,104,62,25957,21264,5818,2481,17845,26065,36683,23773,0,0,31116,4887,5222,635,571,21,0,0,0,0,50733,2811,3933,0,0,0,0,0
557,787,558.1771365764275,99929,221,114,51,18,13327,6468,0.19809064435749382,111,53,25864,21214,5800,2473,17952,26127,36809,23926,0,0,30869,4869,5266,632,576,22,0,0,0,0,50953,2801,3941,0,0,0,0,0
558,787,559.6445064015574,99929,211,106,51,18,13359,6487,0.1986010067147675,126,53,25803,21206,5778,2479,18030,26137,36934,24078,0,0,30614,4863,5334,634,580,22,0,0,0,0,51145,2783,3954,0,0,0,0,0
559,787,560.3786384587845,99928,215,103,52,18,13393,6496,0.1990333039788648,109,58,25724,21150,5768,2472,18131,26198,37057,24229,0,0,30369,4857,5374,630,588,23,0,0,0,0,51353,2764,3970,0,0,0,0,0
560,787,561.1153814919127,99928,222,99,52,18,13414,6506,0.19934352733968458,98,58,25646,21102,5750,2470,18231,26252,37179,24379,0,0,30139,4835,5418,627,595,23,0,0,0,0,51559,2747,3985,0,0,0,0,0
561,787,562.5958365700985,99928,207,92,52,18,13439,6530,0.19983388039388358,106,49,25657,21132,5724,2482,18253,26226,37300,24527,0,0,29892,4835,5479,627,602,23,0,0,0,0,51742,2725,4003,0,0,0,0,0
562,787,563.3356293922177,99928,210,97,52,18,13455,6545,0.20014410375470337,107,40,25600,21081,5687,2480,18343,26283,37420,24674,0,0,29678,4803,5528,625,608,23,0,0,0,0,51937,2706,4020,0,0,0,0,0
563,787,564.0768000440837,99928,214,94,52,18,13481,6552,0.20047434152589866,96,41,25532,21048,5664,2462,18441,26336,37538,24820,0,0,29458,4783,5570,621,618,23,0,0,0,0,52131,2686,4038,0,0,0,0,0
564,787,565.5644341384518,99928,199,95,52,18,13506,6573,0.20093467296453446,94,35,25509,21092,5646,2452,18499,26307,37655,24965,0,0,29225,4775,5624,621,628,23,0,0,0,0,52314,2665,4053,0,0,0,0,0
565,787,566.3078388209539,99928,208,90,52,18,13525,6581,0.2012048675046033,84,35,25447,21063,5622,2447,18586,26346,37771,25109,0,0,29006,4753,5664,618,634,23,0,0,0,0,52513,2649,4068,0,0,0,0,0
566,787,567.0534923013125,99928,210,89,52,18,13543,6589,0.20146505483948443,90,35,25371,21045,5602,2442,18674,26370,37886,25252,0,0,28786,4735,5703,613,642,23,0,0,0,0,52711,2634,4081,0,0,0,0,0
567,787,568.5506611561073,99928,204,89,52,18,13572,6605,0.2019153790729325,89,32,25373,21079,5574,2432,18707,26349,38000,25393,0,0,28558,4731,5752,612,645,24,0,0,0,0,52892,2612,4102,0,0,0,0,0
568,787,569.2987668409424,99927,200,88,53,18,13591,6614,0.2021976042511033,84,31,25308,21050,5547,2423,18807,26389,38112,25533,0,0,28344,4720,5789,605,654,25,0,0,0,0,53078,2590,4122,0,0,0,0,0
569,787,570.0484493458723,99927,199,82,53,18,13609,6622,0.2024577941897585,78,33,25247,21014,5518,2418,18904,26434,38223,25672,0,0,28138,4700,5841,600,660,25,0,0,0,0,53252,2571,4140,0,0,0,0,0
570,787,571.5536896082225,99927,191,73,53,18,13639,6637,0.2029081229297387,65,24,25246,21057,5511,2415,18933,26412,38333,25810,0,0,27917,4692,5898,601,668,25,0,0,0,0,53420,2551,4155,0,0,0,0,0
571,787,572.305578523686,99927,186,68,53,18,13652,6641,0.2030782471203979,61,25,25192,21028,5494,2410,19013,26450,38442,25947,0,0,27724,4664,5947,596,676,26,0,0,0,0,53590,2532,4172,0,0,0,0,0
572,787,573.0593899262509,99927,178,69,53,18,13659,6648,0.2032183493950584,72,26,25130,21007,5475,2399,19091,26480,38550,26082,0,0,27524,4636,5993,594,680,26,0,0,0,0,53771,2519,4184,0,0,0,0,0
573,787,574.572270456502,99927,180,65,53,18,13691,6661,0.20366867813503858,73,32,25128,21059,5450,2394,19115,26431,38657,26216,0,0,27311,4628,6042,595,683,27,0,0,0,0,53943,2498,4200,0,0,0,0,0
574,787,575.3281402634772,99927,165,65,53,18,13699,6671,0.20384880963103066,72,34,25072,21038,5437,2381,19200,26463,38763,26349,0,0,27110,4609,6088,591,690,27,0,0,0,0,54114,2483,4215,0,0,0,0,0
575,787,576.0855382197122,99927,155,64,53,18,13712,6676,0.20402894112702272,77,31,24998,21017,5426,2372,19290,26497,38868,26481,0,0,26925,4586,6131,587,700,27,0,0,0,0,54276,2458,4237,0,0,0,0,0
576,787,577.6062819234783,99927,147,67,53,18,13748,6689,0.2045192990883345,66,32,25004,21068,5410,2360,19319,26454,38972,26612,0,0,26715,4579,6178,586,708,28,0,0,0,0,54441,2441,4251,0,0,0,0,0
577,787,578.3660149331835,99927,145,66,53,18,13759,6695,0.20468942327899367,65,32,24953,21042,5385,2354,19398,26487,39074,26742,0,0,26528,4553,6221,581,714,28,0,0,0,0,54610,2426,4266,0,0,0,0,0
578,787,579.1274859179347,99927,141,68,53,18,13771,6706,0.20491959130165022,65,24,24917,21018,5357,2348,19466,26523,39175,26870,0,0,26339,4531,6260,583,717,28,0,0,0,0,54779,2406,4284,0,0,0,0,0
579,787,580.6547542780154,99927,117,69,53,18,13781,6720,0.20515976662963964,78,20,24899,21044,5348,2342,19504,26506,39275,26997,0,0,26142,4513,6318,585,718,29,0,0,0,0,54934,2392,4296,0,0,0,0,0
580,787,581.4175424804713,99927,125,65,53,18,13796,6721,0.2053198835149659,70,22,24827,20991,5316,2341,19608,26562,39374,27123,0,0,25956,4489,6352,580,724,29,0,0,0,0,55109,2382,4306,0,0,0,0,0
581,787,582.6439427070127,99926,118,68,54,18,13816,6727,0.2055821307767748,61,17,24800,20984,5307,2331,19659,26581,39472,27248,0,0,25753,4485,6378,578,728,31,0,0,0,0,55287,2369,4317,0,0,0,0,0
582,787,583.049000367658,99926,113,65,54,18,13823,6729,0.2056721974260953,66,17,24750,20935,5283,2326,19733,26638,39569,27372,0,0,25567,4469,6408,576,732,31,0,0,0,0,55458,2352,4333,0,0,0,0,0
583,787,584.3819461248042,99926,118,59,54,18,13856,6741,0.20612253067269778,63,15,24776,21015,5271,2324,19717,26568,39665,27495,0,0,25378,4460,6450,574,742,31,0,0,0,0,55609,2333,4349,0,0,0,0,0
584,787,585.148908062956,99926,122,54,54,18,13866,6742,0.20623261213297842,59,17,24707,20969,5250,2320,19807,26621,39760,27616,0,0,25204,4437,6482,572,747,31,0,0,0,0,55774,2316,4363,0,0,0,0,0
585,787,586.2047144293782,99926,121,50,54,18,13883,6744,0.20642275283709946,50,22,24681,20962,5228,2310,19865,26637,39854,27736,0,0,25022,4419,6518,572,751,31,0,0,0,0,55936,2302,4375,0,0,0,0,0
586,787,587.2412726736442,99926,111,51,54,18,13900,6754,0.20669295278506095,58,19,24711,21026,5200,2298,19865,26587,39947,27855,0,0,24846,4406,6562,565,759,32,0,0,0,0,56079,2286,4391,0,0,0,0,0
587,787,588.0112611300266,99926,106,52,54,18,13903,6755,0.20673298240698115,57,19,24632,20963,5186,2286,19964,26661,40039,27973,0,0,24681,4379,6596,564,761,32,0,0,0,0,56237,2269,4407,0,0,0,0,0
588,787,589.1299896056335,99926,94,46,54,18,13921,6764,0.20700318235494267,52,23,24674,21030,5159,2275,19966,26607,40130,28090,0,0,24501,4367,6644,561,770,32,0,0,0,0,56378,2256,4417,0,0,0,0,0
589,787,590.6737417631947,99926,97,41,54,18,13941,6773,0.20729339711386427,44,22,24682,21119,5137,2263,19985,26536,40220,28206,0,0,24335,4343,6689,562,776,32,0,0,0,0,56520,2239,4430,0,0,0,0,0
590,787,591.4442647123551,99926,99,36,54,18,13951,6775,0.20741348597962492,42,20,24659,21121,5103,2253,20042,26551,40310,28321,0,0,24172,4321,6726,559,779,32,0,0,0,0,56668,2222,4447,0,0,0,0,0
591,787,592.2163809759586,99926,100,36,54,18,13952,6776,0.20743350079058503,41,19,24573,21053,5085,2244,20146,26629,40399,28434,0,0,24012,4291,6757,558,779,33,0,0,0,0,56827,2212,4457,0,0,0,0,0
592,787,593.1302963195336,99926,95,33,54,18,13966,6780,0.20761363408922603,42,18,24565,21110,5065,2234,20178,26586,40487,28546,0,0,23842,4277,6795,556,781,34,0,0,0,0,56973,2198,4470,0,0,0,0,0
593,787,594.4598058528641,99926,97,33,54,18,13978,6784,0.20777375257690692,36,17,24565,21140,5032,2226,20215,26565,40574,28657,0,0,23683,4256,6830,552,785,34,0,0,0,0,57118,2184,4484,0,0,0,0,0
594,787,595.282073054323,99925,99,26,54,19,13992,6785,0.20792594445834375,32,19,24578,21179,5000,2216,20236,26540,40660,28767,0,0,23522,4236,6864,551,790,34,0,0,0,0,57263,2170,4495,0,0,0,0,0
595,787,596.0567688245849,99925,99,26,54,19,13992,6786,0.207935951963973,32,18,24493,21100,4978,2212,20343,26624,40745,28876,0,0,23367,4212,6889,546,795,34,0,0,0,0,57417,2160,4505,0,0,0,0,0
596,787,597.0119703286786,99925,85,28,54,19,14000,6794,0.20809607205404054,39,16,24535,21189,4961,2203,20325,26544,40829,28984,0,0,23195,4202,6923,548,796,34,0,0,0,0,57564,2148,4515,0,0,0,0,0
597,787,598.4086925337921,99925,88,25,54,19,14007,6796,0.20818613960470353,37,16,24490,21179,4943,2193,20387,26567,40912,29091,0,0,23044,4176,6956,547,798,34,0,0,0,0,57707,2136,4527,0,0,0,0,0
598,787,599.4920040108906,99924,86,20,55,19,14018,6801,0.20834834474200392,35,17,24526,21248,4912,2182,20385,26513,40994,29197,0,0,22893,4153,6999,542,805,34,0,0,0,0,57838,2127,4533,0,0,0,0,0
599,787,600.3756527320215,99924,81,22,55,19,14022,6804,0.20841839798246667,38,16,24491,21228,4893,2171,20441,26543,41075,29302,0,0,22750,4125,7034,538,811,34,0,0,0,0,57973,2116,4543,0,0,0,0,0
600,787,601.531453379149,99924,72,22,55,19,14027,6808,0.20850846643449022,39,14,24489,21244,4861,2165,20483,26535,41156,29406,0,0,22594,4110,7065,536,814,34,0,0,0,0,58112,2104,4555,0,0,0,0,0
601,787,602.4052206540399,99924,71,21,55,19,14038,6813,0.2086685881269765,36,15,24482,21299,4845,2150,20510,26495,41236,29509,0,0,22437,4098,7091,534,818,34,0,0,0,0,58254,2091,4567,0,0,0,0,0
602,787,603.5155390323683,99924,73,22,55,19,14049,6815,0.20879868700212162,33,14,24449,21299,4826,2141,20563,26504,41315,29611,0,0,22294,4085,7114,529,823,34,0,0,0,0,58387,2071,4587,0,0,0,0,0
603,787,604.5685549244702,99924,67,23,55,19,14052,6819,0.20886874024258437,37,12,24439,21326,4805,2136,20596,26483,41393,29712,0,0,22143,4067,7143,528,825,34,0,0,0,0,58527,2062,4595,0,0,0,0,0
604,787,605.5903964149117,99924,71,18,55,19,14069,6821,0.20905888475241183,29,13,24493,21415,4779,2121,20572,26413,41470,29812,0,0,21995,4050,7180,524,828,35,0,0,0,0,58655,2055,4602,0,0,0,0,0
605,787,606.3680402524512,99924,71,17,55,19,14069,6821,0.20905888475241183,29,13,24413,21347,4764,2116,20667,26487,41547,29911,0,0,21856,4024,7205,521,832,35,0,0,0,0,58794,2047,4610,0,0,0,0,0
606,787,607.07293867771,99924,69,17,55,19,14077,6824,0.20916896841599616,27,15,24424,21390,4736,2107,20688,26451,41623,30008,0,0,21718,4004,7233,519,837,35,0,0,0,0,58922,2034,4622,0,0,0,0,0
607,787,608.026756234054,99924,66,19,55,19,14079,6827,0.20921900644489813,31,13,24381,21361,4716,2098,20750,26489,41698,30104,0,0,21582,3991,7249,515,843,35,0,0,0,0,59054,2016,4639,0,0,0,0,0
608,787,609.4434750192693,99924,67,18,55,19,14090,6831,0.20936912053160403,27,14,24445,21430,4677,2087,20728,26431,41772,30199,0,0,21450,3966,7285,509,851,35,0,0,0,0,59173,2010,4645,0,0,0,0,0
609,787,610.0772381707405,99924,66,15,55,19,14094,6833,0.20942916616628637,25,14,24445,21446,4649,2080,20759,26425,41845,30293,0,0,21310,3949,7307,508,855,35,0,0,0,0,59306,2001,4653,0,0,0,0,0
610,787,611.1932438610762,99924,65,14,55,19,14100,6834,0.20949921940674912,26,15,24436,21468,4626,2075,20791,26408,41918,30387,0,0,21168,3935,7328,508,856,35,0,0,0,0,59440,1990,4664,0,0,0,0,0
611,787,612.1681813860303,99924,65,17,55,19,14105,6838,0.20958928785877268,25,13,24433,21480,4601,2064,20820,26406,41990,30480,0,0,21032,3913,7354,506,859,35,0,0,0,0,59571,1985,4669,0,0,0,0,0
612,787,613.1086044928524,99924,67,17,55,19,14111,6841,0.2096793563107962,23,11,24427,21504,4577,2060,20850,26388,42061,30572,0,0,20900,3895,7372,500,868,35,0,0,0,0,59700,1977,4677,0,0,0,0,0
613,787,614.4718948129403,99924,56,17,55,19,14114,6846,0.20975941715703936,26,7,24460,21565,4554,2047,20848,26344,42131,30663,0,0,20766,3882,7403,501,868,35,0,0,0,0,59816,1962,4691,0,0,0,0,0
614,787,615.1388246360184,99924,55,17,55,19,14119,6847,0.2098194627917217,22,7,24431,21569,4541,2033,20895,26354,42201,30753,0,0,20639,3868,7422,499,871,35,0,0,0,0,59937,1945,4708,0,0,0,0,0
615,787,616.0529462005898,99924,53,17,55,19,14129,6848,0.20992954645530604,18,8,24439,21594,4533,2023,20901,26338,42270,30842,0,0,20511,3850,7453,497,872,36,0,0,0,0,60052,1936,4717,0,0,0,0,0
616,787,617.0059274130899,99924,49,16,55,19,14131,6850,0.2099695768784276,16,7,24439,21616,4506,2010,20934,26331,42338,30930,0,0,20396,3836,7476,495,874,36,0,0,0,0,60158,1911,4742,0,0,0,0,0
617,787,618.0210473810764,99924,43,12,55,19,14134,6851,0.2100096073015492,19,8,24474,21679,4478,2001,20930,26280,42406,31017,0,0,20267,3819,7504,494,877,36,0,0,0,0,60275,1903,4749,0,0,0,0,0
618,787,619.0351984448946,99924,39,13,55,19,14137,6854,0.21006965293623153,18,8,24466,21704,4460,1990,20961,26265,42473,31103,0,0,20147,3798,7534,493,878,36,0,0,0,0,60386,1892,4760,0,0,0,0,0
619,787,620.2604672308584,99924,47,13,55,19,14147,6856,0.21018974420559625,12,8,24534,21768,4427,1975,20924,26216,42539,31188,0,0,20029,3777,7557,492,880,36,0,0,0,0,60501,1881,4771,0,0,0,0,0
620,787,621.0546494865804,99924,44,16,55,19,14150,6859,0.21024978984027862,12,7,24506,21753,4417,1969,20965,26235,42605,31272,0,0,19900,3765,7573,491,882,36,0,0,0,0,60625,1873,4779,0,0,0,0,0
621,787,622.1431156190993,99924,44,16,55,19,14152,6863,0.21030983547496096,17,4,24522,21807,4393,1955,20968,26198,42670,31355,0,0,19781,3748,7596,490,883,36,0,0,0,0,60738,1862,4790,0,0,0,0,0
622,787,623.0707442109697,99924,44,12,55,19,14156,6864,0.21035987350386293,16,5,24526,21827,4371,1945,20987,26191,42734,31437,0,0,19661,3736,7615,485,889,36,0,0,0,0,60850,1853,4799,0,0,0,0,0
623,787,624.0360966307361,99924,44,9,55,19,14161,6865,0.2104199191385453,15,5,24570,21855,4332,1938,20983,26173,42798,31518,0,0,19545,3720,7640,483,891,36,0,0,0,0,60957,1842,4810,0,0,0,0,0
624,787,625.2884322468411,99924,37,9,55,19,14163,6866,0.21044994195588648,17,6,24586,21908,4313,1924,20991,26133,42861,31599,0,0,19432,3697,7673,482,892,36,0,0,0,0,61060,1835,4817,0,0,0,0,0
625,787,626.0156474725406,99924,39,9,55,19,14165,6867,0.21047996477322764,18,6,24580,21934,4293,1922,21014,26109,42923,31679,0,0,19318,3681,7690,482,892,36,0,0,0,0,61173,1823,4829,0,0,0,0,0
626,787,627.2286944642132,99924,36,10,55,19,14169,6868,0.2105300028021296,16,5,24578,21964,4276,1913,21038,26088,42985,31758,0,0,19199,3667,7711,481,893,36,0,0,0,0,61285,1816,4836,0,0,0,0,0
627,787,628.1878372762259,99924,34,7,55,19,14174,6868,0.21058004083103157,13,6,24608,22015,4255,1909,21034,26043,43046,31836,0,0,19087,3652,7733,480,896,36,0,0,0,0,61389,1805,4846,0,0,0,0,0
628,787,629.0555604543466,99924,36,7,55,19,14178,6869,0.21063007885993354,9,5,24606,22043,4233,1896,21060,26029,43106,31913,0,0,18985,3629,7759,479,897,36,0,0,0,0,61488,1794,4857,0,0,0,0,0
629,787,630.1637360708156,99924,37,9,55,19,14183,6871,0.21070013210039631,32,30,24646,22108,4210,1879,21019,25954,43166,31989,0,0,18877,3609,7781,478,899,36,0,0,0,0,61593,1787,4864,0,0,0,0,0
630,787,631.3362313633455,99924,40,13,55,19,14193,6877,0.2108602537928826,29,28,24674,22167,4187,1872,21014,25900,43225,32065,0,0,18764,3591,7798,476,903,36,3,0,0,4,61699,1782,4868,0,0,0,0,0
631,787,632.1426938085262,99924,39,13,55,19,14200,6879,0.21095032224490612,26,30,24674,22186,4180,1862,21025,25889,43284,32140,0,0,18654,3577,7810,473,910,36,3,0,0,10,61803,1775,4873,0,0,0,0,0
632,787,633.058988299717,99924,36,18,55,19,14202,6886,0.21104039069692968,31,25,24652,22186,4163,1860,21062,25891,43342,32214,0,0,18551,3559,7828,470,912,37,4,0,0,15,61900,1766,4882,0,0,0,0,0
633,787,634.2405838838669,99924,39,19,55,19,14212,6892,0.21120051238941595,38,21,24668,22237,4148,1858,21051,25845,43399,32287,0,0,18442,3549,7837,468,915,37,6,0,0,24,61998,1755,4893,0,0,0,0,0
634,787,635.044139095788,99924,43,19,55,19,14224,6895,0.21135062647612185,39,22,24712,22296,4128,1847,21022,25796,43456,32359,0,0,18345,3526,7860,467,917,37,8,0,0,32,62085,1745,4902,0,0,0,0,0
635,787,636.1993567435748,99924,42,19,55,19,14230,6898,0.21144069492814538,43,24,24740,22347,4108,1837,21011,25753,43512,32431,0,0,18241,3509,7875,469,917,37,9,0,0,39,62181,1735,4912,0,0,0,0,0
636,787,637.3529983891491,99924,56,25,55,19,14249,6906,0.211710900284216,45,22,24775,22398,4077,1826,20991,25709,43568,32502,0,0,18134,3496,7886,468,920,37,12,0,0,41,62283,1726,4921,0,0,0,0,0
637,787,638.1209205988744,99924,57,27,55,19,14259,6910,0.21185100676514151,44,25,24769,22413,4067,1820,21007,25695,43623,32572,0,0,18025,3481,7898,469,923,37,16,0,0,44,62385,1720,4926,0,0,0,0,0
638,787,639.2728411601992,99924,53,29,55,19,14267,6917,0.2120011208518474,52,19,24812,22461,4048,1817,20979,25654,43678,32641,0,0,17930,3460,7917,468,926,37,19,0,0,56,62465,1710,4936,0,0,0,0,0
639,787,640.3805403818371,99924,55,24,55,19,14279,6920,0.2121512349385533,57,28,24843,22505,4019,1817,20970,25606,43732,32709,0,0,17822,3446,7929,467,930,37,24,0,0,66,62558,1706,4939,0,0,0,0,0
640,787,641.1462036300697,99924,59,27,55,19,14290,6924,0.21230134902525918,53,26,24847,22530,3997,1807,20988,25590,43785,32777,0,0,17727,3422,7952,468,931,37,28,0,0,68,62647,1699,4945,0,0,0,0,0
641,787,642.2944497849553,99924,58,29,55,19,14303,6932,0.21251150874664745,49,22,24888,22586,3991,1799,20958,25544,43838,32844,0,0,17627,3407,7967,468,931,37,32,0,0,84,62727,1690,4954,0,0,0,0,0
642,787,643.0587702188709,99924,58,32,55,19,14309,6937,0.21262159241023176,57,21,24883,22598,3978,1792,20968,25537,43890,32910,0,0,17524,3389,7982,471,931,37,34,0,0,87,62825,1688,4956,0,0,0,0,0
643,787,644.2053939220982,99924,63,36,55,19,14328,6941,0.21285176734318081,57,24,24919,22659,3960,1777,20945,25484,43942,32976,0,0,17429,3371,7996,472,935,37,37,0,0,93,62911,1679,4964,0,0,0,0,0
644,787,645.3502917567246,99924,62,38,55,19,14339,6951,0.21306192706456908,72,24,24929,22703,3950,1777,20931,25438,43993,33041,0,0,17331,3359,8007,470,939,37,41,0,0,106,62992,1671,4971,0,0,0,0,0
645,787,646.1130771092711,99924,66,39,55,19,14349,6955,0.21320203354549458,73,26,24936,22727,3936,1772,20933,25416,44044,33105,0,0,17236,3345,8019,468,943,37,43,0,0,111,63080,1665,4977,0,0,0,0,0
646,787,647.2569746679557,99924,78,41,55,19,14370,6963,0.21349225411312597,74,25,24950,22768,3923,1769,20919,25377,44094,33168,0,0,17143,3329,8034,467,945,38,45,0,0,121,63161,1660,4981,0,0,0,0,0
647,787,648.0189473818062,99924,85,42,55,19,14384,6966,0.21366238341139265,67,29,24948,22780,3916,1764,20928,25365,44144,33231,0,0,17046,3318,8043,466,949,38,47,0,0,125,63252,1654,4986,0,0,0,0,0
648,787,649.1619727711409,99924,103,50,55,19,14411,6978,0.21405268003682798,69,34,24968,22833,3905,1759,20899,25304,44193,33293,0,0,16955,3303,8056,467,951,38,48,0,0,134,63333,1647,4992,0,0,0,0,0
649,787,650.3037911278577,99924,113,56,55,19,14438,6992,0.21446299187382412,63,40,24983,22878,3901,1758,20884,25248,44242,33354,0,0,16858,3292,8064,469,954,38,53,0,0,149,63410,1638,4999,0,0,0,0,0
650,787,651.064512794967,99924,112,53,55,19,14452,6998,0.21466314398943198,82,42,24967,22903,3902,1757,20881,25225,44290,33415,0,0,16768,3278,8075,466,962,38,56,0,0,164,63482,1632,5003,0,0,0,0,0
651,787,652.2058236639916,99924,118,59,55,19,14481,7012,0.21509347103798887,88,46,24996,22943,3897,1757,20845,25175,44338,33475,0,0,16675,3265,8087,464,967,38,63,0,0,184,63548,1624,5009,0,0,0,0,0
652,787,653.345901218219,99924,131,61,55,19,14518,7022,0.21556382850966735,91,60,25005,22992,3895,1755,20822,25112,44385,33534,0,0,16587,3252,8096,462,974,38,68,0,0,206,63609,1616,5016,0,0,0,0,0
653,787,654.105500867213,99924,133,56,55,19,14534,7028,0.215783995836836,104,71,25002,23000,3890,1753,20815,25100,44432,33593,0,0,16502,3234,8109,463,979,39,71,0,0,220,63677,1609,5021,0,0,0,0,0
654,787,655.2447099733379,99924,135,56,55,19,14560,7042,0.21618430006805173,122,71,25017,23060,3887,1753,20783,25040,44478,33651,0,0,16416,3213,8129,462,984,39,81,0,0,244,63729,1603,5024,0,0,0,0,0
655,787,656.0036464937792,99924,148,58,55,19,14584,7053,0.21653456627036546,121,70,25025,23075,3877,1757,20773,25020,44524,33708,0,0,16331,3198,8140,463,989,39,86,0,0,253,63800,1594,5031,0,0,0,0,0
656,787,657.1413864324709,99924,160,67,55,19,14615,7071,0.21702493895360475,137,69,25050,23126,3862,1752,20735,24966,44570,33765,0,0,16255,3179,8156,461,996,39,88,0,0,273,63854,1585,5038,0,0,0,0,0
657,787,658.2776226483107,99922,180,81,57,19,14661,7094,0.21771982146073937,131,68,25079,23171,3856,1750,20696,24910,44615,33821,0,0,16170,3157,8175,461,1001,40,99,0,0,288,63911,1579,5041,0,0,0,0,0
658,787,659.0341301924386,99922,198,87,57,19,14689,7105,0.21811012589820059,134,65,25078,23188,3847,1748,20685,24892,44660,33877,0,0,16090,3142,8189,462,1003,40,101,0,0,298,63979,1570,5048,0,0,0,0,0
659,787,660.1682779468291,99922,210,95,57,19,14726,7131,0.2187406176817918,142,62,25114,23232,3851,1758,20625,24833,44704,33932,0,0,16012,3122,8205,461,1009,41,107,0,0,327,64022,1563,5053,0,0,0,0,0
660,787,661.3005850097408,99922,199,101,57,19,14757,7152,0.21926102359840677,171,73,25118,23290,3872,1755,20582,24761,44748,33986,0,0,15929,3100,8220,466,1018,41,118,0,0,359,64062,1554,5055,0,0,0,0,0
661,787,662.0550932594814,99922,217,102,57,19,14796,7160,0.21973139048457796,169,84,25101,23310,3876,1754,20579,24730,44791,34040,0,0,15848,3083,8232,469,1023,41,124,0,0,373,64123,1546,5060,0,0,0,0,0
662,787,663.1873296244537,99922,239,119,57,19,14851,7187,0.22055203058385542,171,81,25112,23348,3887,1750,20533,24682,44834,34093,0,0,15763,3067,8244,470,1028,41,133,0,0,401,64171,1541,5063,0,0,0,0,0
663,787,664.3185151128816,99922,241,125,57,19,14905,7215,0.22137267068313285,178,84,25152,23391,3910,1751,20461,24629,44877,34146,0,0,15679,3055,8246,472,1041,42,144,0,0,448,64197,1529,5069,0,0,0,0,0
664,787,665.0716460469949,99922,267,125,57,19,14951,7229,0.2219731390484578,180,90,25159,23407,3908,1755,20428,24603,44919,34198,0,0,15604,3037,8260,473,1045,42,150,0,0,471,64243,1521,5076,0,0,0,0,0
665,787,666.2005615926474,99922,277,130,57,19,14996,7262,0.22275374792338024,213,94,25151,23438,3917,1768,20384,24550,44961,34249,0,0,15524,3019,8271,472,1054,42,159,0,0,517,64268,1518,5078,0,0,0,0,0
666,787,667.3291036223346,99922,295,129,57,19,15060,7282,0.22359440363483518,225,105,25160,23484,3935,1778,20327,24484,45002,34300,0,0,15438,2999,8284,477,1060,44,170,0,0,557,64302,1516,5075,0,0,0,0,0
667,787,668.0810736494963,99921,308,135,57,20,15103,7302,0.22422713944015774,229,109,25151,23488,3942,1783,20312,24464,45043,34350,0,0,15350,2985,8298,476,1063,44,184,0,0,584,64348,1513,5076,0,0,0,0,0
668,787,669.208917393507,99921,329,144,57,20,15177,7334,0.22528797750222676,232,116,25163,23518,3965,1802,20253,24399,45084,34400,0,0,15263,2967,8305,480,1074,44,200,0,0,628,64375,1506,5079,0,0,0,0,0
669,787,670.335725800146,99919,362,160,59,20,15255,7376,0.2264934597023589,259,116,25173,23553,3977,1815,20169,24335,45124,34449,0,0,15176,2954,8312,482,1081,45,219,0,0,667,64402,1495,5086,0,0,0,0,0
670,787,671.0861836630941,99919,398,164,59,20,15320,7396,0.227344148760496,255,120,25155,23576,3981,1817,20151,24302,45164,34498,0,0,15100,2937,8323,482,1087,46,227,0,0,696,64441,1491,5089,0,0,0,0,0
671,787,672.2122162100383,99918,417,165,60,20,15396,7423,0.2283772693608759,292,127,25133,23639,4008,1834,20089,24214,45203,34546,0,0,15012,2926,8321,482,1099,48,244,0,0,745,64462,1487,5092,0,0,0,0,0
672,787,673.3382937478283,99918,452,159,60,20,15498,7452,0.2296883444424428,280,154,25125,23663,4038,1857,20044,24146,45242,34594,0,0,14928,2904,8327,488,1116,49,262,0,0,803,64469,1482,5090,0,0,0,0,0
673,787,674.0888367678307,99918,450,174,60,20,15548,7487,0.23053904201445186,313,153,25087,23653,4065,1870,20024,24129,45281,34641,0,0,14849,2886,8334,491,1129,51,281,0,0,835,64496,1471,5095,0,0,0,0,0
674,787,675.2157329119079,99917,464,189,61,20,15636,7524,0.23179238768177587,341,179,25080,23675,4107,1880,19946,24056,45319,34688,0,0,14761,2871,8333,494,1143,54,302,0,0,886,64511,1465,5097,0,0,0,0,0
675,787,676.3424335134604,99917,498,195,61,20,15741,7571,0.23331365032977372,356,187,25073,23699,4150,1901,19861,23997,45357,34734,0,0,14678,2853,8341,496,1158,54,323,0,0,958,64501,1457,5098,0,0,0,0,0
676,787,677.093147460219,99917,500,216,61,20,15802,7606,0.2342744477916671,372,193,25045,23690,4190,1910,19831,23970,45395,34780,0,0,14591,2842,8345,498,1167,55,339,0,0,1002,64528,1453,5097,0,0,0,0,0
677,787,678.2199914963702,99916,527,241,62,20,15904,7666,0.23589815444973777,386,186,25029,23729,4235,1928,19760,23895,45432,34825,0,0,14509,2831,8346,493,1189,55,362,0,0,1071,64517,1446,5097,0,0,0,0,0
678,787,679.3470829222741,99916,565,256,62,20,16025,7721,0.23765963409263782,398,187,25017,23764,4287,1956,19670,23816,45469,34870,0,0,14418,2815,8351,495,1208,56,390,0,0,1142,64508,1441,5092,0,0,0,0,0
679,787,680.0984682953074,99916,563,279,62,20,16093,7766,0.23879058409063614,425,181,24981,23760,4331,1967,19637,23792,45505,34914,0,0,14343,2794,8356,504,1224,56,401,0,0,1196,64517,1436,5089,0,0,0,0,0
680,787,681.226336388679,99916,604,287,62,20,16232,7810,0.2406221225829697,427,213,24950,23779,4406,1990,19550,23710,45541,34958,0,0,14254,2779,8352,510,1252,56,429,0,0,1264,64508,1425,5087,0,0,0,0,0
681,787,682.3547866185513,99914,625,312,64,20,16353,7881,0.24254859178893848,460,213,24918,23804,4472,2025,19460,23625,45577,35001,0,0,14164,2757,8360,513,1272,58,462,0,0,1346,64481,1421,5080,0,0,0,0,0
682,787,683.1074691279849,99914,651,331,64,20,16438,7931,0.2438997537882579,492,210,24872,23813,4502,2046,19418,23579,45612,35044,0,0,14090,2742,8364,514,1289,58,477,0,0,1403,64483,1416,5078,0,0,0,0,0
683,787,684.2377295502084,99914,696,337,64,20,16589,7992,0.2460215785575595,535,228,24828,23845,4569,2089,19307,23480,45647,35086,0,0,14006,2725,8365,525,1305,60,501,0,0,1508,64438,1404,5077,0,0,0,0,0
684,787,685.3686029518162,99913,718,369,65,20,16715,8076,0.24812586950647064,573,251,24800,23861,4640,2128,19203,23370,45682,35128,0,0,13910,2715,8358,531,1325,60,528,0,0,1608,64404,1400,5074,0,0,0,0,0
685,787,686.1226925110939,99913,750,377,65,20,16823,8126,0.24970724530341398,586,260,24765,23856,4694,2160,19139,23326,45716,35169,0,0,13830,2699,8355,540,1344,61,545,0,0,1678,64396,1395,5070,0,0,0,0,0
686,787,687.2547713144725,99912,768,393,66,20,16985,8205,0.252121867243174,607,292,24736,23872,4804,2212,19018,23210,45750,35210,0,0,13737,2679,8354,548,1372,63,587,0,0,1799,64324,1381,5068,0,0,0,0,0
687,787,688.0099309962216,99912,813,412,66,20,17090,8264,0.2537633117143086,654,303,24670,23861,4840,2242,18956,23161,45784,35251,0,0,13660,2668,8355,551,1387,64,603,0,0,1862,64320,1376,5066,0,0,0,0,0
688,787,689.144102780703,99910,881,430,68,20,17281,8348,0.2565208687819037,682,322,24618,23880,4930,2291,18820,23056,45817,35291,0,0,13579,2648,8349,562,1413,66,623,0,0,1984,64255,1371,5060,0,0,0,0,0
689,787,690.2792788019499,99908,917,460,68,22,17470,8442,0.2593586099211274,713,346,24548,23880,5036,2338,18717,22953,45850,35331,0,0,13486,2627,8349,574,1443,66,661,0,0,2111,64174,1361,5056,0,0,0,0,0
690,787,691.0371578021048,99908,945,466,68,22,17605,8499,0.2612803779477119,707,361,24502,23876,5121,2373,18656,22901,45883,35370,0,0,13404,2614,8351,579,1466,66,686,0,0,2214,64126,1354,5048,0,0,0,0,0
691,787,692.1755150295136,99908,971,502,68,22,17786,8619,0.2642931496977219,773,350,24425,23891,5227,2437,18535,22797,45916,35409,0,0,13309,2600,8340,588,1501,67,721,0,0,2366,64029,1346,5041,0,0,0,0,0
692,787,693.3163487947174,99908,1035,535,68,22,18015,8723,0.2676262161188293,800,386,24343,23870,5340,2493,18413,22693,45948,35447,0,0,13206,2586,8329,604,1529,69,761,0,0,2511,63944,1337,5032,0,0,0,0,0
693,787,694.0781642837037,99907,1058,535,69,22,18152,8784,0.2696107379863273,835,397,24279,23856,5416,2546,18342,22643,45980,35485,0,0,13132,2568,8324,612,1557,69,777,0,0,2630,63880,1333,5025,0,0,0,0,0
694,787,695.2232249990877,99906,1112,557,70,22,18375,8903,0.2730366544551879,871,402,24199,23858,5538,2629,18209,22531,46012,35523,0,0,13030,2545,8307,637,1596,70,817,0,0,2783,63782,1322,5017,0,0,0,0,0
695,787,696.3707921888816,99905,1190,571,70,23,18641,9002,0.27669285821530454,891,446,24081,23860,5688,2700,18079,22399,46043,35560,0,0,12918,2524,8290,653,1631,78,875,0,0,2925,63689,1312,5010,0,0,0,0,0
696,787,697.1378827701616,99904,1200,608,71,23,18790,9095,0.2791179532351057,914,455,24006,23846,5790,2740,18018,22327,46074,35597,0,0,12844,2502,8289,663,1663,79,900,0,0,3047,63615,1303,4999,0,0,0,0,0
697,787,698.2921519995741,99902,1230,636,73,23,19037,9222,0.2828672098656684,971,465,23898,23852,5948,2816,17879,22207,46105,35633,0,0,12733,2483,8279,677,1703,81,959,0,0,3238,63470,1291,4988,0,0,0,0,0
698,787,699.0636636524072,99900,1285,665,74,24,19230,9314,0.28572572572572574,992,473,23799,23832,6044,2864,17805,22141,46136,35669,0,0,12653,2470,8278,686,1727,84,989,0,0,3365,63389,1277,4982,0,0,0,0,0
699,787,700.225211136584,99896,1375,710,78,24,19537,9464,0.29031192440137743,1031,471,23664,23850,6188,2943,17663,22001,46166,35705,0,0,12548,2445,8261,700,1777,86,1041,0,0,3554,63245,1267,4972,0,0,0,0,0
700,787,701.0019220712911,99895,1414,693,79,24,19741,9544,0.2931578157064918,1032,507,23609,23844,6311,3029,17554,21902,46196,35740,0,0,12465,2434,8240,709,1822,86,1072,0,0,3724,63121,1255,4967,0,0,0,0,0
701,787,702.1701455073255,99893,1498,677,81,24,20058,9681,0.29770854814651676,1057,567,23497,23828,6468,3153,17398,21750,46226,35775,0,0,12352,2421,8216,719,1869,92,1132,0,0,3973,62917,1245,4957,0,0,0,0,0
702,787,703.3416462328366,99892,1573,736,82,24,20377,9867,0.3027669883474152,1113,556,23340,23814,6640,3260,17251,21609,46255,35810,0,0,12222,2405,8195,737,1923,94,1205,0,0,4188,62752,1235,4936,0,0,0,0,0
703,787,704.1256759437775,99892,1582,748,82,24,20575,9973,0.3058102750971049,1153,562,23247,23789,6780,3338,17155,21538,46284,35844,0,0,12126,2392,8179,746,1963,97,1249,0,0,4365,62620,1228,4927,0,0,0,0,0
704,787,705.3067489890168,99892,1656,792,82,24,20940,10147,0.31120610259079806,1165,580,23122,23737,6982,3451,16992,21415,46313,35878,0,0,12020,2375,8159,765,2022,103,1302,0,0,4628,62398,1213,4907,0,0,0,0,0
705,787,706.0968775035743,99891,1688,821,83,24,21157,10263,0.3145428517083621,1231,578,22992,23707,7115,3518,16890,21351,46342,35911,0,0,11935,2358,8142,776,2069,104,1338,0,0,4791,62273,1205,4900,0,0,0,0,0
706,787,707.2877134230537,99887,1770,858,84,27,21537,10446,0.3201918167529308,1247,604,22857,23680,7330,3629,16711,21201,46370,35944,0,0,11799,2340,8102,800,2149,108,1417,0,0,5021,62081,1193,4877,0,0,0,0,0
707,787,708.0845375926843,99886,1839,870,84,28,21801,10574,0.3241194962256973,1278,617,22723,23640,7466,3730,16609,21114,46398,35977,0,0,11710,2324,8086,818,2194,112,1453,0,0,5212,61930,1183,4864,0,0,0,0,0
708,787,709.2859450000336,99885,1939,905,85,28,22227,10749,0.3301396606097012,1324,655,22547,23599,7692,3840,16412,20972,46426,36009,0,0,11572,2295,8060,847,2263,120,1540,0,0,5453,61721,1168,4846,0,0,0,0,0
709,787,710.0908573238607,99883,1957,922,87,28,22481,10884,0.33404082776848915,1384,658,22436,23612,7850,3937,16285,20842,46454,36041,0,0,11472,2277,8049,864,2305,130,1588,0,0,5662,61547,1160,4829,0,0,0,0,0
710,787,711.3034614625835,99881,2015,944,88,29,22870,11076,0.33986443868203164,1433,712,22265,23546,8084,4080,16114,20688,46481,36073,0,0,11342,2258,8014,889,2374,135,1661,0,0,5961,61287,1145,4815,0,0,0,0,0
711,787,712.1157407994019,99880,2068,963,88,30,23159,11206,0.34406287545054065,1470,746,22141,23498,8251,4165,15981,20597,46508,36104,0,0,11232,2242,7988,906,2430,144,1720,0,0,6142,61144,1135,4797,0,0,0,0,0
712,787,713.3409009396252,99876,2142,1025,91,31,23607,11440,0.3509051223517161,1525,751,21927,23465,8516,4306,15798,20421,46535,36135,0,0,11090,2222,7951,920,2528,150,1811,0,0,6432,60876,1120,4776,0,0,0,0,0
713,787,714.1628266053555,99875,2189,1062,92,31,23914,11601,0.3555944931163955,1557,755,21784,23441,8701,4409,15676,20301,46562,36166,0,0,10995,2205,7922,936,2612,152,1855,0,0,6636,60695,1111,4756,0,0,0,0,0
714,787,715.4038524135406,99874,2314,1125,93,31,24416,11841,0.36302741454232335,1589,789,21577,23362,8967,4561,15459,20131,46588,36196,0,0,10867,2189,7881,961,2712,159,1929,0,0,6942,60416,1093,4725,0,0,0,0,0
715,787,716.2361354435952,99871,2350,1128,96,31,24731,11990,0.36768431276346486,1659,837,21432,23304,9144,4678,15318,20021,46614,36226,0,0,10770,2169,7861,978,2782,166,1977,0,0,7184,60195,1085,4704,0,0,0,0,0
716,787,717.072443633818,99869,2455,1166,98,31,25111,12160,0.3731988905466161,1636,849,21320,23261,9310,4783,15180,19909,46640,36256,0,0,10681,2141,7844,1003,2852,171,2022,0,0,7420,59983,1074,4678,0,0,0,0,0
717,787,718.3338317929167,99868,2587,1240,99,31,25657,12448,0.3815536508190812,1656,858,21093,23188,9601,4956,14963,19726,46666,36285,0,0,10554,2117,7811,1034,2948,183,2102,0,0,7781,59635,1056,4647,0,0,0,0,0
718,787,719.1804695607674,99868,2624,1240,99,31,26014,12614,0.3867905635438779,1687,897,20924,23130,9826,5087,14839,19614,46691,36314,0,0,10461,2098,7778,1059,3019,192,2146,0,0,8075,59358,1044,4638,0,0,0,0,0
719,787,720.0326632502052,99868,2684,1285,99,31,26378,12804,0.39233788600953257,1737,936,20757,23060,10029,5198,14693,19489,46716,36343,0,0,10364,2077,7751,1082,3087,197,2192,0,0,8344,59112,1034,4628,0,0,0,0,0
720,787,721.3215614824481,99868,2735,1350,99,31,26968,13105,0.4012596627548364,1806,921,20506,23015,10414,5381,14439,19301,46741,36372,0,0,10200,2048,7711,1122,3214,209,2306,0,0,8766,58698,1013,4581,0,0,0,0,0
721,787,722.1880814889176,99867,2765,1374,100,31,27357,13302,0.4071314848748836,1789,946,20378,22962,10649,5509,14318,19177,46766,36400,0,0,10082,2021,7670,1150,3307,221,2373,0,0,9050,58435,1004,4554,0,0,0,0,0
722,787,723.0594690544598,99865,2798,1401,102,31,27758,13510,0.4132378711260201,1811,942,20215,22905,10899,5659,14174,19061,46791,36428,0,0,9965,2006,7630,1169,3405,233,2442,0,0,9350,58148,992,4525,0,0,0,0,0
723,787,724.3789257707068,99860,2873,1442,106,32,28359,13830,0.4224814740636892,1933,984,19930,22778,11218,5875,13939,18888,46815,36456,0,0,9815,1980,7564,1196,3555,247,2540,0,0,9786,57713,976,4488,0,0,0,0,0
724,787,725.2664440463695,99858,2948,1471,107,33,28795,14060,0.429159406357027,1934,980,19767,22721,11460,6029,13783,18765,46839,36483,0,0,9691,1962,7535,1217,3649,257,2614,0,0,10084,57417,965,4467,0,0,0,0,0
725,787,726.1606242909336,99857,3007,1495,108,33,29210,14279,0.4355127832800905,1946,1026,19603,22644,11698,6169,13637,18632,46863,36510,0,0,9576,1949,7495,1235,3752,269,2679,0,0,10370,57134,951,4447,0,0,0,0,0
726,787,727.060714268893,99857,3041,1480,108,33,29638,14472,0.44173167629710486,1954,1065,19438,22548,11978,6337,13480,18536,46887,36537,0,0,9447,1934,7441,1257,3861,282,2756,0,0,10690,56827,939,4423,0,0,0,0,0
727,787,728.4245336002766,99856,3087,1566,109,33,30312,14851,0.45228128505047266,1995,1067,19168,22417,12393,6562,13247,18354,46911,36564,0,0,9285,1902,7368,1318,4033,305,2852,0,0,11147,56352,920,4374,0,0,0,0,0
728,787,729.3426523406438,99856,3131,1605,109,33,30759,15096,0.4592112642204775,2057,1088,18988,22349,12639,6709,13075,18215,46934,36590,0,0,9160,1881,7326,1348,4133,320,2931,0,0,11473,56032,905,4347,0,0,0,0,0
729,787,730.2680419598032,99854,3171,1649,110,34,31234,15348,0.4665010915937268,2053,1108,18818,22279,12909,6855,12938,18074,46957,36616,0,0,9049,1855,7286,1379,4249,333,2988,0,0,11818,55682,896,4319,0,0,0,0,0
730,787,731.2008353952118,99852,3207,1699,111,35,31704,15617,0.47391138885550615,2062,1116,18608,22197,13222,7035,12789,17917,46980,36642,0,0,8932,1834,7224,1409,4377,347,3057,0,0,12159,55337,881,4295,0,0,0,0,0
731,787,732.1430702960645,99850,3234,1700,112,36,32197,15859,0.4812819228843265,2124,1143,18366,22115,13527,7214,12636,17791,47003,36667,0,0,8816,1805,7182,1442,4521,360,3127,0,0,12506,54956,869,4266,0,0,0,0,0
732,787,733.0957786592472,99846,3286,1758,114,38,32674,16158,0.48907317268593636,2177,1139,18169,22045,13773,7388,12480,17631,47026,36692,0,0,8691,1781,7144,1470,4637,386,3202,0,0,12821,54616,862,4236,0,0,0,0,0
733,787,734.0580162392072,99845,3368,1755,115,38,33201,16408,0.49686013320647004,2159,1190,17999,21945,14048,7583,12310,17488,47048,36717,0,0,8572,1763,7089,1482,4764,402,3272,0,0,13211,54223,855,4212,0,0,0,0,0
734,787,735.0283119320378,99841,3392,1833,117,40,33746,16716,0.5054236235614628,2156,1170,17821,21864,14381,7741,12132,17351,47070,36742,0,0,8429,1737,7044,1519,4896,423,3361,0,0,13571,53837,842,4182,0,0,0,0,0
735,787,736.007995598807,99836,3512,1868,121,41,34320,17021,0.5142533755358788,2134,1169,17624,21786,14653,7936,11955,17199,47092,36766,0,0,8306,1711,7000,1558,5039,435,3426,0,0,13933,53454,830,4144,0,0,0,0,0
736,787,737.4939718552816,99832,3531,1913,123,43,35098,17463,0.5264945107781073,2175,1214,17379,21641,15139,8241,11652,16947,47114,36790,0,0,8132,1674,6925,1612,5259,462,3540,0,0,14497,52823,808,4100,0,0,0,0,0
737,787,738.4951492245934,99831,3574,1937,123,44,35672,17747,0.5350943093828571,2189,1258,17186,21526,15454,8420,11473,16814,47136,36814,0,0,7978,1649,6879,1653,5399,494,3639,0,0,14848,52444,789,4059,0,0,0,0,0
738,787,739.50664611797,99830,3614,1972,124,44,36220,18056,0.5436842632475208,2206,1280,17021,21404,15740,8617,11294,16682,47157,36838,0,0,7842,1631,6827,1684,5554,523,3720,0,0,15204,52051,778,4016,0,0,0,0,0
739,787,740.0154521192202,99829,3618,1993,124,45,36505,18217,0.5481573490669044,2192,1273,16947,21356,15910,8718,11208,16614,47178,36861,0,0,7768,1616,6799,1700,5640,532,3748,0,0,15419,51834,770,4003,0,0,0,0,0
740,787,741.040199648535,99825,3660,2028,126,47,37046,18556,0.5569947407963937,2267,1277,16762,21262,16164,8944,11020,16441,47199,36884,0,0,7656,1592,6756,1735,5789,552,3808,0,0,15819,51379,757,3982,0,0,0,0,0
741,787,742.0742866050545,99821,3648,2093,128,49,37614,18906,0.5662135222047465,2326,1272,16581,21136,16500,9158,10816,16291,47220,36907,0,0,7532,1573,6710,1780,5940,582,3866,0,0,16250,50903,746,3939,0,0,0,0,0
742,787,743.1181544874216,99819,3728,2101,130,49,38210,19232,0.5754615854697002,2357,1281,16411,21033,16735,9409,10638,16126,47241,36930,0,0,7409,1539,6658,1822,6107,604,3940,0,0,16647,50459,732,3902,0,0,0,0,0
743,787,744.1572304031087,99818,3761,2091,131,49,38829,19566,0.5850147268027811,2312,1283,16251,20944,17083,9663,10461,15969,47261,36953,0,0,7273,1521,6605,1862,6296,631,4008,0,0,17070,49971,714,3867,0,0,0,0,0
744,787,745.1774888854857,99815,3778,2107,134,49,39411,19907,0.5942794169213044,2295,1278,16063,20840,17431,9886,10298,15839,47281,36975,0,0,7151,1505,6552,1896,6461,670,4071,0,0,17480,49497,701,3831,0,0,0,0,0
745,787,746.1767328074346,99810,3830,2138,138,50,39999,20235,0.6034866245867148,2260,1246,15915,20779,17742,10094,10114,15692,47301,36997,0,0,7033,1489,6517,1915,6617,710,4142,0,0,17849,49057,685,3796,0,0,0,0,0
746,787,747.1574401215053,99807,3805,2166,140,51,40525,20536,0.6117907561593876,2278,1230,15763,20710,18044,10284,9969,15558,47321,37019,0,0,6919,1453,6467,1960,6783,739,4198,0,0,18217,48634,674,3763,0,0,0,0,0
747,787,748.1217210961735,99806,3827,2131,140,52,41078,20818,0.620163116445905,2298,1264,15549,20647,18346,10500,9839,15405,47341,37041,0,0,6796,1430,6403,1996,6968,767,4261,0,0,18590,48201,665,3729,0,0,0,0,0
748,787,749.0691329921481,99802,3839,2156,142,54,41620,21111,0.6285545379852108,2278,1303,15374,20530,18653,10672,9713,15284,47361,37062,0,0,6678,1407,6362,2021,7125,798,4324,0,0,18943,47782,662,3700,0,0,0,0,0
749,787,750.0006460621671,99800,3858,2176,143,55,42124,21407,0.6365831663326653,2281,1318,15233,20448,18903,10853,9581,15149,47380,37083,0,0,6586,1379,6325,2058,7288,835,4364,0,0,19242,47405,648,3670,0,0,0,0,0
750,787,751.3729852947957,99800,3847,2205,143,55,42899,21841,0.6486973947895791,2284,1315,14989,20344,19372,11132,9364,14948,47399,37104,0,0,6434,1353,6244,2085,7556,882,4447,0,0,19750,46795,639,3615,0,0,0,0,0
751,787,752.2695088601356,99798,3877,2242,143,57,43414,22154,0.657007154451993,2295,1280,14872,20275,19604,11321,9208,14824,47418,37125,0,0,6333,1337,6193,2109,7720,921,4496,0,0,20065,46412,633,3579,0,0,0,0,0
752,787,753.153887240606,99798,3808,2267,143,57,43892,22428,0.6645423755987094,2331,1299,14724,20205,19909,11476,9084,14695,47437,37146,0,0,6227,1320,6136,2140,7903,954,4546,0,0,20387,46024,615,3546,0,0,0,0,0
753,787,754.0256799365808,99796,3843,2249,145,57,44417,22712,0.6726622309511403,2285,1293,14583,20124,20180,11697,8963,14579,47456,37166,0,0,6134,1287,6084,2190,8095,979,4581,0,0,20695,45641,599,3511,0,0,0,0,0
754,787,755.3114067920716,99791,3869,2204,149,58,45158,23075,0.6837590564279343,2225,1302,14398,20045,20573,11977,8785,14413,47475,37186,0,0,5986,1255,6013,2247,8325,1041,4663,0,0,21103,45091,588,3479,0,0,0,0,0
755,787,756.1550994138665,99790,3900,2283,150,58,45655,23395,0.6919531015131777,2203,1275,14259,19960,20801,12123,8686,14300,47494,37206,0,0,5901,1234,5966,2280,8487,1075,4691,0,0,21376,44746,580,3454,0,0,0,0,0
756,787,757.4020999646185,99784,3893,2274,154,60,46349,23775,0.7027579571875251,2195,1324,14111,19830,21141,12370,8505,14141,47512,37226,0,0,5763,1211,5891,2319,8749,1124,4760,0,0,21766,44223,568,3410,0,0,0,0,0
757,787,758.2221632497418,99782,3859,2315,156,60,46798,24068,0.7102082539937062,2194,1311,14001,19778,21386,12525,8403,14010,47530,37246,0,0,5682,1196,5841,2346,8899,1166,4788,0,0,22085,43847,558,3374,0,0,0,0,0
758,787,759.0331933937346,99780,3823,2335,158,60,47213,24358,0.717288033674083,2183,1281,13904,19716,21616,12698,8315,13909,47548,37265,0,0,5596,1184,5802,2359,9060,1207,4825,0,0,22361,43489,551,3346,0,0,0,0,0
759,787,760.2345529109591,99779,3881,2292,159,60,47897,24749,0.728069032561962,2155,1256,13720,19620,21925,13028,8159,13743,47566,37284,0,0,5474,1154,5748,2393,9286,1264,4875,0,0,22771,42966,544,3304,0,0,0,0,0
760,787,761.02617277272,99777,3885,2255,161,60,48338,24973,0.7347484891307616,2163,1295,13599,19542,22115,13203,8076,13644,47584,37303,0,0,5394,1138,5713,2424,9449,1300,4896,0,0,23020,42634,533,3276,0,0,0,0,0
761,787,762.1992653690221,99773,3800,2273,163,62,48929,25364,0.7446202880538824,2162,1244,13468,19491,22470,13427,7936,13502,47602,37322,0,0,5277,1115,5646,2456,9715,1347,4943,0,0,23381,42135,523,3235,0,0,0,0,0
762,787,763.3561269847984,99770,3822,2244,165,63,49558,25704,0.7543550165380375,2145,1260,13310,19422,22767,13661,7790,13349,47619,37341,0,0,5168,1088,5594,2493,9952,1401,4993,0,0,23695,41674,514,3198,0,0,0,0,0
763,787,764.1191097530176,99767,3846,2242,167,64,49975,25936,0.7608828570569427,2110,1225,13219,19395,22929,13807,7728,13266,47636,37360,0,0,5098,1066,5550,2526,10106,1433,5006,0,0,23918,41384,509,3171,0,0,0,0,0
764,787,765.2524963685293,99767,3804,2261,167,64,50569,26308,0.7705654174225947,2138,1227,13077,19312,23218,14024,7595,13111,47653,37378,0,0,4993,1046,5489,2575,10324,1501,5037,0,0,24241,40928,498,3135,0,0,0,0,0
765,787,766.0004634200143,99765,3806,2266,169,64,50977,26538,0.776975893349371,2092,1236,12989,19241,23413,14165,7530,13027,47670,37396,0,0,4921,1033,5446,2606,10501,1537,5052,0,0,24420,40661,490,3098,0,0,0,0,0
766,787,767.1115396063713,99763,3778,2279,170,65,51559,26914,0.786594228321121,2054,1211,12893,19164,23710,14387,7394,12893,47687,37414,0,0,4822,1012,5382,2643,10732,1594,5083,0,0,24745,40203,478,3069,0,0,0,0,0
767,787,768.2100624071691,99761,3754,2233,172,65,52128,27255,0.7957317989996091,2078,1184,12760,19106,23945,14640,7290,12771,47704,37432,0,0,4725,987,5325,2690,10972,1653,5107,0,0,25047,39751,472,3032,0,0,0,0,0
768,787,769.297693669676,99760,3696,2198,173,65,52697,27564,0.8045408981555734,2038,1218,12663,19043,24254,14841,7175,12634,47721,37450,0,0,4619,970,5271,2728,11165,1726,5145,0,0,25387,39288,464,2997,0,0,0,0,0
769,787,770.0159322092506,99759,3661,2194,174,65,53041,27785,0.810212612395874,2069,1207,12606,19001,24393,14976,7096,12556,47738,37467,0,0,4556,960,5230,2763,11302,1766,5140,0,0,25592,39015,461,2974,0,0,0,0,0
770,787,771.08520090367,99759,3692,2173,174,65,53618,28134,0.8194949829088103,2013,1176,12532,18928,24597,15212,6991,12445,47754,37484,0,0,4482,938,5174,2801,11520,1831,5155,0,0,25888,38583,453,2934,0,0,0,0,0
771,787,772.1458453786998,99757,3663,2126,174,67,54155,28428,0.8278416552221899,1982,1225,12445,18847,24845,15420,6890,12314,47770,37501,0,0,4409,924,5120,2830,11767,1887,5164,0,0,26151,38167,444,2894,0,0,0,0,0
772,787,773.1971955055589,99755,3677,2166,176,67,54700,28777,0.8368202095133076,1935,1196,12368,18776,25063,15606,6780,12188,47786,37518,0,0,4309,911,5070,2863,11975,1943,5193,0,0,26380,37813,433,2865,0,0,0,0,0
773,787,774.2397911706544,99752,3632,2191,178,68,55220,29091,0.845206111155666,1907,1186,12310,18743,25278,15749,6694,12062,47802,37535,0,0,4232,891,5039,2892,12171,2015,5208,0,0,26606,37438,422,2838,0,0,0,0,0
774,787,775.2740305398656,99747,3608,2173,181,70,55720,29392,0.8532787953522412,1858,1186,12247,18693,25497,15942,6608,11935,47818,37552,0,0,4165,869,4996,2914,12377,2083,5217,0,0,26831,37068,416,2811,0,0,0,0,0
775,787,776.3004567418751,99743,3527,2150,183,72,56183,29675,0.8607922360466399,1857,1162,12204,18670,25714,16112,6514,11833,47834,37568,0,0,4079,857,4957,2936,12571,2145,5243,0,0,27086,36676,408,2785,0,0,0,0,0
776,787,777.319938320821,99739,3551,2130,185,74,56689,29971,0.8688677448139644,1871,1138,12132,18622,25845,16298,6415,11737,47850,37584,0,0,4007,839,4909,2979,12791,2199,5251,0,0,27270,36344,401,2749,0,0,0,0,0
777,787,778.3333785782185,99738,3479,2132,186,74,57130,30277,0.8763660791273136,1853,1114,12084,18576,26073,16470,6324,11633,47865,37600,0,0,3932,821,4866,3018,12976,2273,5259,0,0,27473,36003,393,2724,0,0,0,0,0
778,787,779.0051071550422,99738,3499,2101,186,74,57455,30461,0.8814694499588923,1812,1123,12037,18533,26189,16597,6276,11571,47880,37616,0,0,3886,811,4848,3033,13092,2323,5259,0,0,27620,35777,388,2701,0,0,0,0,0
779,787,780.0069984278499,99738,3400,2088,186,74,57857,30730,0.8881970763400109,1817,1126,12039,18498,26369,16750,6188,11463,47895,37632,0,0,3816,793,4800,3046,13301,2399,5278,0,0,27780,35474,384,2667,0,0,0,0,0
780,787,781.0032632690195,99736,3389,2062,188,74,58323,30991,0.8955041309055908,1768,1128,12016,18491,26530,16891,6108,11353,47910,37648,0,0,3763,781,4756,3068,13477,2470,5272,0,0,27988,35136,376,2649,0,0,0,0,0
781,787,782.3230041238189,99735,3293,2051,189,74,58885,31340,0.9046473153857723,1730,1131,11968,18464,26818,17065,6001,11214,47925,37664,0,0,3682,758,4703,3116,13735,2561,5275,0,0,28189,34734,366,2616,0,0,0,0,0
782,787,783.30520433841,99733,3239,2060,190,75,59301,31642,0.911864678692108,1714,1081,11943,18438,26988,17238,5925,11107,47940,37679,0,0,3634,750,4660,3126,13938,2635,5274,0,0,28356,34413,360,2587,0,0,0,0,0
783,787,784.2822676149567,99730,3233,2061,192,76,59759,31906,0.9191316554697684,1612,1034,11911,18408,27178,17375,5873,11045,47955,37694,0,0,3570,741,4610,3157,14132,2700,5269,0,0,28501,34137,353,2560,0,0,0,0,0
784,787,785.2542612219713,99730,3198,2061,192,76,60140,32167,0.9255690363982754,1625,1010,11902,18361,27292,17527,5790,10964,47970,37709,0,0,3519,731,4570,3186,14312,2766,5256,0,0,28623,33872,349,2546,0,0,0,0,0
785,787,786.2223554954782,99727,3141,2051,195,76,60514,32414,0.9318238791901892,1604,985,11876,18348,27464,17660,5719,10879,47985,37724,0,0,3474,722,4537,3200,14485,2830,5242,0,0,28790,33579,340,2528,0,0,0,0,0
786,787,787.1856414561538,99725,3132,2034,197,76,60923,32675,0.9385610428678867,1578,943,11853,18312,27593,17827,5646,10807,47999,37739,0,0,3430,711,4499,3211,14666,2902,5233,0,0,28938,33298,336,2501,0,0,0,0,0
787,787,788.1449696057864,99724,3110,1974,197,77,61310,32883,0.9445369219044563,1574,994,11823,18272,27710,17956,5585,10726,48013,37754,0,0,3384,701,4464,3236,14832,2970,5215,0,0,29085,33027,327,2483,0,0,0,0,0
788,787,789.1008729486698,99722,3067,1959,199,77,61711,33134,0.9510940414351898,1553,963,11808,18258,27850,18093,5522,10649,48027,37769,0,0,3331,691,4426,3268,14994,3054,5201,0,0,29213,32756,322,2466,0,0,0,0,0
789,787,790.053438430253,99722,3009,1919,199,77,62085,33369,0.957201018832354,1524,930,11817,18256,27999,18238,5451,10579,48041,37783,0,0,3288,674,4377,3293,15176,3131,5195,0,0,29350,32481,318,2439,0,0,0,0,0
790,787,791.0022018996895,99720,2907,1918,200,78,62404,33612,0.9628559967910149,1564,885,11788,18247,28137,18353,5403,10518,48055,37797,0,0,3239,665,4335,3323,15317,3205,5175,0,0,29510,32218,314,2419,0,0,0,0,0
791,787,792.2615439236833,99718,2920,1878,202,78,62897,33895,0.9706572534547424,1504,881,11772,18239,28277,18520,5324,10403,48069,37811,0,0,3196,660,4305,3336,15507,3292,5148,0,0,29677,31886,311,2400,0,0,0,0,0
792,787,793.2026309339182,99716,2901,1833,204,78,63234,34104,0.9761522724537687,1485,906,11766,18197,28360,18649,5283,10336,48083,37825,0,0,3144,656,4288,3358,15639,3349,5137,0,0,29831,31627,306,2381,0,0,0,0,0
793,787,794.1413149814286,99715,2852,1822,205,78,63566,34334,0.9817981246552675,1479,884,11748,18182,28472,18761,5243,10272,48097,37839,0,0,3103,646,4260,3369,15803,3417,5130,0,0,29949,31381,304,2353,0,0,0,0,0
794,787,795.0771785401822,99714,2808,1809,206,78,63916,34567,0.9876546924203221,1437,878,11765,18172,28596,18881,5187,10181,48111,37853,0,0,3068,636,4228,3387,15965,3488,5110,0,0,30072,31127,298,2335,0,0,0,0,0
795,787,796.0102235614821,99713,2779,1763,206,79,64254,34761,0.9929999097409565,1424,878,11761,18163,28690,18994,5139,10122,48124,37867,0,0,3018,627,4200,3386,16107,3561,5121,0,0,30196,30886,294,2317,0,0,0,0,0
796,787,797.2505838549132,99711,2656,1723,208,79,64667,35046,1.0000200579675262,1390,843,11768,18166,28904,19149,5073,10039,48137,37881,0,0,2957,618,4160,3403,16304,3662,5120,0,0,30357,30548,286,2296,0,0,0,0,0
797,787,798.1767884300311,99710,2619,1679,208,80,64981,35226,1.004984454919266,1354,819,11793,18171,28988,19260,5037,9990,48150,37894,0,0,2921,612,4131,3422,16438,3727,5103,0,0,30461,30323,284,2288,0,0,0,0,0
798,787,799.1010668581771,99710,2568,1669,208,80,65270,35431,1.009938822585498,1355,790,11779,18155,29108,19360,4981,9945,48163,37907,0,0,2875,606,4114,3419,16569,3801,5116,0,0,30536,30116,280,2278,0,0,0,0,0
799,787,800.0229950774444,99709,2550,1648,209,80,65586,35625,1.0150638357620676,1306,767,11804,18156,29186,19446,4944,9902,48176,37920,0,0,2829,596,4088,3441,16709,3864,5113,0,0,30610,29922,274,2263,0,0,0,0,0
800,787,801.2492872725787,99708,2492,1564,210,80,65989,35855,1.0214225538572632,1278,773,11791,18150,29339,19604,4889,9828,48189,37933,0,0,2787,588,4048,3452,16922,3959,5095,0,0,30694,29645,274,2244,0,0,0,0,0
801,787,802.1661422244177,99705,2423,1568,212,81,66268,36041,1.0261170452835866,1290,776,11791,18140,29440,19655,4843,9779,48202,37946,0,0,2757,584,4019,3454,17090,4019,5085,0,0,30733,29466,269,2229,0,0,0,0,0
802,787,803.0806329018726,99703,2372,1499,214,81,66540,36193,1.0303902590694363,1273,781,11828,18142,29510,19762,4802,9734,48215,37959,0,0,2724,570,3993,3463,17238,4089,5074,0,0,30780,29286,267,2219,0,0,0,0,0
803,787,804.29799760369,99703,2360,1472,214,81,66925,36421,1.0365385194026258,1223,781,11852,18156,29601,19853,4749,9656,48228,37972,0,0,2697,556,3962,3473,17414,4171,5055,0,0,30863,29045,266,2201,0,0,0,0,0
804,787,805.2092445672783,99700,2332,1484,217,81,67191,36609,1.041123370110331,1218,771,11860,18188,29663,19887,4709,9588,48241,37985,0,0,2664,548,3931,3490,17512,4238,5043,0,0,30949,28880,262,2183,0,0,0,0,0
805,787,806.1188217369662,99699,2317,1452,217,82,67475,36786,1.0457577307696166,1182,748,11885,18195,29720,19976,4678,9546,48253,37997,0,0,2624,544,3904,3491,17649,4299,5038,0,0,31009,28713,259,2169,0,0,0,0,0
806,787,807.027326227543,99698,2270,1414,218,82,67744,36940,1.0500110333206283,1200,746,11889,18217,29790,20043,4632,9497,48265,38009,0,0,2594,539,3880,3497,17746,4382,5022,0,0,31077,28542,258,2161,0,0,0,0,0
807,787,808.2362841879277,99696,2270,1364,220,82,68108,37144,1.0557294174289842,1178,744,11913,18240,29837,20152,4581,9417,48277,38021,0,0,2554,535,3844,3509,17910,4459,5011,0,0,31149,28330,255,2140,0,0,0,0,0
808,787,809.1423201291983,99694,2217,1315,221,83,68342,37291,1.059572291211106,1199,758,11940,18274,29879,20205,4543,9364,48289,38033,0,0,2534,530,3824,3514,18021,4533,4984,0,0,31215,28159,255,2125,0,0,0,0,0
809,787,810.0475848639617,99693,2212,1307,221,84,68621,37441,1.0638861304203906,1159,763,11953,18280,29931,20250,4523,9315,48301,38045,0,0,2508,523,3802,3521,18155,4584,4973,0,0,31252,28016,249,2110,0,0,0,0,0
810,787,811.2528401385005,99693,2166,1313,221,84,68974,37664,1.0696638680749901,1116,733,11996,18318,30039,20317,4461,9234,48313,38057,0,0,2479,517,3777,3534,18349,4661,4949,0,0,31269,27824,245,2089,0,0,0,0,0
811,787,812.1551173518126,99690,2149,1295,222,86,69223,37838,1.073939211555823,1080,683,12031,18339,30086,20405,4431,9191,48325,38069,0,0,2453,508,3755,3547,18469,4725,4937,0,0,31308,27672,243,2073,0,0,0,0,0
812,787,813.0568749228952,99689,2141,1275,222,87,69469,37984,1.077882213684559,1048,662,12072,18338,30121,20475,4395,9162,48337,38081,0,0,2429,502,3737,3562,18555,4790,4914,0,0,31373,27526,241,2060,0,0,0,0,0
813,787,814.2581333364709,99686,2067,1290,224,88,69774,38193,1.0830708424452782,1022,643,12109,18392,30219,20509,4358,9077,48349,38093,0,0,2389,492,3719,3568,18713,4869,4912,0,0,31384,27355,239,2046,0,0,0,0,0
814,787,815.1576213474709,99685,2020,1270,225,88,69997,38346,1.0868535888047348,1029,628,12142,18434,30243,20558,4340,9021,48361,38105,0,0,2357,486,3705,3584,18813,4934,4898,0,0,31425,27213,238,2032,0,0,0,0,0
815,787,816.0567234265632,99685,1981,1241,225,88,70229,38476,1.0904850278376887,1020,624,12159,18460,30307,20611,4307,8975,48373,38116,0,0,2326,483,3689,3596,18931,4997,4886,0,0,31429,27088,233,2027,0,0,0,0,0
816,787,817.253849083561,99680,1911,1214,230,88,70515,38649,1.0951444622792936,998,617,12216,18499,30380,20663,4264,8918,48384,38127,0,0,2284,473,3660,3588,19058,5089,4897,0,0,31468,26920,231,2012,0,0,0,0,0
817,787,818.1510475230191,99680,1880,1217,230,88,70720,38807,1.0987861155698235,1009,598,12235,18511,30407,20703,4238,8882,48395,38138,0,0,2268,469,3648,3595,19150,5144,4875,0,0,31522,26774,231,2004,0,0,0,0,0
818,787,819.0477375277106,99680,1904,1196,230,88,70966,38921,1.102397672552167,975,615,12260,18522,30422,20744,4208,8834,48406,38149,0,0,2246,463,3634,3606,19240,5193,4859,0,0,31559,26660,228,1992,0,0,0,0,0
819,787,820.2430402880188,99680,1862,1186,230,88,71252,39105,1.107112760834671,969,596,12290,18561,30474,20803,4174,8765,48417,38160,0,0,2216,459,3615,3605,19373,5270,4849,0,0,31599,26496,221,1977,0,0,0,0,0
820,787,821.138529004241,99679,1825,1179,231,88,71457,39258,1.1107153964225163,946,565,12305,18580,30543,20857,4149,8730,48428,38171,0,0,2194,455,3595,3603,19489,5325,4837,0,0,31625,26370,220,1966,0,0,0,0,0
821,787,822.0328944523312,99678,1794,1152,232,88,71656,39386,1.1140071028712455,943,559,12340,18598,30554,20916,4136,8686,48439,38182,0,0,2169,450,3584,3617,19587,5376,4824,0,0,31657,26240,217,1957,0,0,0,0,0
822,787,823.2257158017864,99678,1809,1098,232,88,71964,39539,1.1186319950239771,874,560,12380,18643,30592,20974,4112,8636,48450,38193,0,0,2139,444,3575,3631,19719,5448,4809,0,0,31668,26083,217,1945,0,0,0,0,0
823,787,824.1199077775492,99677,1749,1075,232,89,72141,39663,1.1216629713976143,866,546,12409,18666,30655,21021,4088,8602,48461,38204,0,0,2118,441,3555,3638,19805,5509,4792,0,0,31709,25958,217,1935,0,0,0,0,0
824,787,825.0132373442772,99676,1698,1039,232,90,72325,39778,1.1246739435771902,884,555,12435,18701,30683,21053,4067,8561,48472,38215,0,0,2096,434,3539,3640,19899,5574,4789,0,0,31720,25844,212,1929,0,0,0,0,0
825,787,826.2041712268935,99675,1707,1046,233,90,72616,39953,1.1293604213694508,830,528,12495,18745,30708,21085,4026,8505,48483,38225,0,0,2070,428,3522,3634,20010,5647,4783,0,0,31742,25711,212,1916,0,0,0,0,0
826,787,827.0972572450079,99675,1687,1011,233,90,72810,40060,1.1323802357662403,814,533,12542,18769,30719,21119,4004,8477,48494,38235,0,0,2051,425,3509,3626,20091,5704,4774,0,0,31788,25582,212,1913,0,0,0,0,0
827,787,828.2879320876715,99675,1635,982,233,90,73049,40220,1.1363832455480312,800,505,12583,18831,30767,21164,3981,8427,48505,38245,0,0,2025,419,3486,3621,20224,5767,4762,0,0,31836,25420,210,1905,0,0,0,0,0
828,787,829.1806904897919,99673,1620,961,235,90,73233,40331,1.1393657259237708,744,495,12633,18878,30797,21191,3970,8384,48516,38255,0,0,2006,419,3469,3610,20301,5831,4759,0,0,31850,25324,208,1896,0,0,0,0,0
829,787,830.0733548883323,99672,1554,933,235,91,73388,40425,1.1418753511517779,759,492,12664,18925,30840,21205,3947,8353,48526,38265,0,0,1994,416,3451,3607,20388,5892,4740,0,0,31862,25226,207,1889,0,0,0,0,0
830,787,831.2629355829005,99672,1542,919,235,91,73607,40567,1.1454972309174092,747,490,12712,18979,30851,21215,3912,8305,48536,38275,0,0,1973,413,3441,3626,20499,5942,4716,0,0,31869,25111,206,1876,0,0,0,0,0
831,787,832.1552960262695,99670,1486,913,237,91,73757,40669,1.148048560248821,754,477,12754,19022,30869,21226,3899,8270,48546,38285,0,0,1955,407,3423,3629,20577,5990,4706,0,0,31898,25010,204,1871,0,0,0,0,0
832,787,833.0476597337754,99669,1459,923,238,91,73916,40790,1.1508693776399883,774,447,12790,19074,30862,21230,3876,8234,48556,38295,0,0,1940,405,3414,3622,20643,6045,4692,0,0,31917,24924,202,1865,0,0,0,0,0
833,787,834.2381752171766,99669,1442,917,238,91,74149,40932,1.1546318313618076,734,434,12870,19107,30873,21251,3842,8199,48566,38305,0,0,1919,400,3397,3617,20730,6119,4679,0,0,31939,24813,200,1856,0,0,0,0,0
834,787,835.1313859506191,99667,1408,887,240,91,74313,41029,1.1572737214925704,703,444,12923,19129,30908,21282,3817,8166,48576,38315,0,0,1896,395,3383,3624,20810,6168,4668,0,0,31954,24720,198,1851,0,0,0,0,0
835,787,836.0244295210565,99667,1388,865,240,91,74479,41124,1.1598924418312981,676,444,12966,19156,30919,21301,3810,8142,48586,38325,0,0,1875,393,3369,3612,20888,6215,4664,0,0,31981,24626,197,1847,0,0,0,0,0
836,787,837.2155912623267,99667,1359,859,240,91,74662,41270,1.1631934341356718,671,419,13032,19226,30910,21308,3787,8096,48596,38335,0,0,1858,389,3356,3609,20998,6265,4654,0,0,31999,24512,194,1833,0,0,0,0,0
837,787,838.1094242645285,99667,1324,862,240,91,74818,41368,1.1657419205955832,627,392,13095,19281,30942,21311,3771,8062,48606,38344,0,0,1839,388,3344,3604,21060,6317,4649,0,0,32017,24427,192,1830,0,0,0,0,0
838,787,839.0034015062288,99664,1265,819,240,94,74934,41442,1.1676834162786964,633,397,13144,19312,30961,21343,3756,8034,48616,38353,0,0,1818,384,3337,3611,21102,6378,4640,0,0,32038,24343,190,1823,0,0,0,0,0
839,787,840.1960495822609,99661,1238,816,241,96,75125,41566,1.1708792807617825,608,382,13239,19392,30943,21334,3730,7979,48626,38362,1,1,1797,380,3325,3618,21191,6433,4627,0,0,32032,24254,189,1814,0,0,0,0,1
840,787,841.0914526493709,99661,1233,810,241,96,75268,41664,1.173297478451952,603,354,13300,19461,30897,21328,3725,7950,48636,38371,2,2,1780,378,3316,3609,21256,6472,4626,0,0,32057,24171,187,1807,0,0,0,0,2
841,787,842.2875984224144,99658,1216,791,244,96,75474,41764,1.1764032992835498,559,357,13370,19527,30912,21310,3698,7918,48646,38380,3,3,1760,372,3302,3621,21329,6532,4610,0,0,32068,24074,186,1800,0,1,0,0,3
842,787,843.1850866051335,99657,1194,770,245,96,75605,41838,1.1784721595071095,562,363,13435,19568,30894,21308,3669,7894,48656,38389,4,4,1745,370,3292,3617,21399,6572,4605,0,0,32070,24002,185,1794,0,3,0,0,3
843,787,844.083368642736,99657,1161,754,245,96,75721,41926,1.18051918079011,560,343,13488,19620,30893,21315,3652,7871,48665,38398,6,5,1734,367,3285,3621,21454,6619,4588,0,0,32072,23932,185,1791,0,6,0,0,3
844,787,845.2818835125471,99654,1106,737,247,97,75901,42043,1.1835350312079795,521,327,13582,19677,30912,21331,3631,7830,48674,38407,9,6,1725,367,3270,3608,21556,6689,4575,0,0,32052,23837,182,1781,1,7,1,0,3
845,787,846.1812785360424,99654,1071,712,247,97,76005,42124,1.1853914544323358,553,320,13616,19721,30889,21343,3623,7806,48683,38416,13,7,1709,367,3266,3602,21618,6728,4565,0,0,32063,23763,180,1776,2,9,1,0,5
846,787,847.081591685651,99654,1047,705,247,97,76123,42196,1.1872980512573503,540,307,13685,19775,30863,21332,3617,7783,48692,38425,18,8,1694,367,3260,3610,21651,6777,4551,0,0,32064,23708,177,1773,2,12,1,0,7
847,787,848.2837706435289,99653,1048,662,248,97,76291,42275,1.1897885663251482,505,317,13751,19851,30855,21325,3592,7747,48701,38434,25,9,1675,364,3250,3597,21727,6818,4549,0,0,32097,23604,177,1766,2,14,2,0,11
848,787,849.185948129279,99653,1012,628,248,97,76399,42346,1.1915847992534094,506,305,13797,19908,30852,21327,3584,7734,48710,38443,33,10,1661,362,3241,3597,21774,6867,4544,0,0,32121,23522,175,1755,3,16,2,0,13
849,787,850.0887516805185,99653,966,593,248,97,76500,42406,1.1932004054067615,523,302,13840,19964,30847,21324,3575,7719,48719,38452,43,11,1649,361,3233,3596,21821,6912,4528,0,0,32140,23447,173,1750,3,20,2,0,18
850,787,851.2938481159899,99653,948,569,248,97,76661,42492,1.1956790061513451,473,292,13920,20033,30851,21312,3559,7696,48728,38460,55,12,1635,359,3225,3597,21893,6968,4514,0,0,32129,23370,172,1739,3,27,2,0,20
851,787,852.1984433390261,99653,949,542,248,97,76769,42559,1.197435099796293,458,302,13991,20061,30796,21312,3557,7685,48737,38468,69,13,1629,356,3215,3602,21931,7006,4499,0,0,32149,23301,170,1732,3,33,3,0,24
852,787,853.1046838836329,99653,932,539,248,97,76866,42632,1.1991410193370997,453,276,14067,20133,30750,21288,3549,7666,48746,38476,85,14,1615,354,3206,3601,21975,7037,4493,0,0,32169,23234,169,1725,4,37,4,0,30
853,787,854.0126706550167,99653,918,535,248,97,76969,42699,1.2008469388779064,434,254,14127,20170,30723,21283,3549,7660,48755,38484,104,15,1603,353,3203,3601,22014,7075,4481,0,0,32172,23174,168,1718,4,42,4,0,41
854,787,855.2255888332513,99651,898,484,250,97,77105,42767,1.2029181844637786,436,248,14200,20214,30679,21296,3536,7660,48764,38492,125,17,1590,351,3194,3598,22057,7138,4469,0,0,32169,23091,167,1714,5,53,6,0,49
855,787,856.1366571560953,99651,895,479,250,97,77205,42833,1.204583998153556,412,232,14247,20252,30668,21275,3527,7664,48773,38500,149,19,1578,350,3189,3598,22071,7189,4460,0,0,32169,23037,167,1713,5,58,7,0,60
856,787,857.0485847491734,99650,896,461,251,97,77320,42880,1.2062217762167586,380,241,14305,20296,30649,21237,3518,7667,48782,38508,176,21,1568,347,3181,3602,22103,7236,4450,0,0,32147,22988,167,1711,5,68,8,0,69
857,787,858.2659524913926,99650,847,447,251,97,77430,42954,1.2080682388359258,367,229,14398,20355,30623,21211,3513,7660,48791,38516,206,23,1557,345,3173,3601,22180,7278,4440,0,0,32119,22912,164,1706,5,82,8,0,80
858,787,859.1802648755663,99649,808,425,252,97,77509,42994,1.2092745536834288,372,235,14449,20420,30617,21160,3501,7662,48800,38524,239,26,1550,344,3166,3596,22206,7327,4433,0,0,32108,22852,163,1699,8,96,10,0,91
859,787,860.0953364436737,99649,802,431,252,97,77597,43049,1.210709590663228,357,233,14548,20454,30552,21108,3488,7676,48808,38532,276,29,1545,342,3159,3592,22238,7362,4419,0,0,32090,22809,163,1695,8,115,10,0,102
860,787,861.0123215487462,99649,762,418,252,97,77666,43093,1.2118435709339783,362,235,14612,20482,30524,21077,3487,7690,48816,38540,317,32,1530,339,3157,3593,22264,7398,4415,0,0,32086,22746,161,1688,8,132,10,0,122
861,787,862.2373335793931,99648,734,426,253,97,77769,43162,1.2135818079640335,367,229,14714,20546,30453,21012,3478,7689,48824,38548,361,36,1520,338,3147,3595,22285,7443,4399,0,0,32092,22675,161,1680,9,148,15,0,141
862,787,863.1581558139062,99648,708,431,253,97,77852,43214,1.2149365767501605,356,224,14793,20608,30424,20945,3465,7694,48832,38556,409,40,1518,337,3142,3579,22308,7493,4390,0,0,32065,22618,161,1678,10,172,16,0,161
863,787,864.080107402158,99648,686,431,253,97,77931,43270,1.2162913455362878,341,208,14859,20646,30392,20901,3468,7716,48840,38564,462,45,1510,334,3139,3574,22338,7530,4380,0,0,32039,22559,161,1677,10,199,17,0,181
864,787,865.0035268055457,99648,661,435,253,97,78005,43325,1.2175859023763649,318,190,14934,20688,30369,20845,3464,7744,48848,38572,519,50,1502,331,3130,3579,22341,7587,4370,0,0,32003,22515,160,1671,14,222,18,0,205
865,787,866.2371740597657,99648,646,431,253,97,78094,43392,1.2191514129736674,318,186,15056,20750,30273,20779,3453,7756,48856,38580,580,56,1496,329,3120,3572,22387,7630,4361,0,0,31966,22446,160,1666,16,250,20,0,229
866,787,867.1651179735478,99648,639,400,253,97,78172,43430,1.2203155105973025,306,200,15127,20776,30230,20743,3444,7783,48864,38587,646,62,1494,327,3112,3570,22410,7674,4349,0,0,31950,22373,159,1663,17,273,23,0,254
867,787,868.0947578775122,99648,612,398,253,97,78246,43474,1.221499678869621,292,196,15201,20798,30202,20678,3439,7832,48872,38594,716,69,1484,326,3102,3564,22430,7722,4346,0,0,31924,22311,159,1657,18,298,28,0,279
868,787,869.0257046907221,99648,599,394,253,97,78311,43510,1.222513246628131,298,205,15271,20817,30140,20613,3438,7873,48880,38601,791,77,1478,325,3092,3563,22459,7754,4338,0,0,31891,22251,158,1650,20,325,31,0,313
869,787,870.2695626550823,99647,554,390,254,97,78396,43585,1.2241311830762591,309,189,15366,20896,30088,20535,3428,7892,48888,38608,871,86,1472,323,3083,3557,22479,7806,4326,0,0,31889,22150,156,1642,25,366,33,0,340
870,787,871.2045449731875,99646,548,377,255,97,78463,43627,1.2252373401842522,306,183,15424,20926,30034,20473,3432,7943,48896,38615,956,95,1468,321,3074,3556,22502,7842,4310,0,0,31857,22090,156,1634,28,400,41,0,367
871,787,872.1413158623108,99646,559,367,255,97,78528,43667,1.2262910703891776,293,181,15496,20941,29968,20422,3428,7991,48904,38622,1046,105,1462,320,3063,3556,22504,7881,4300,0,0,31838,22027,156,1627,30,437,45,0,400
872,787,873.0801798992702,99646,560,354,255,97,78595,43699,1.227284587439536,276,195,15577,20959,29905,20353,3426,8041,48912,38629,1142,116,1458,320,3052,3546,22513,7920,4289,0,0,31807,21958,156,1625,31,477,51,0,443
873,787,874.0210150052366,99646,538,362,255,97,78662,43746,1.2284286373763122,269,178,15660,20979,29850,20271,3427,8112,48920,38636,1243,128,1452,320,3041,3550,22507,7981,4276,0,0,31766,21901,156,1618,33,508,58,0,479
874,787,875.2789699751015,99644,503,344,256,98,78738,43799,1.2297479025330176,268,172,15769,21016,29781,20192,3422,8177,48928,38643,1349,141,1443,320,3032,3549,22533,8035,4265,0,0,31723,21813,156,1607,38,551,63,0,516
875,787,876.2249367912384,99643,507,340,257,98,78805,43836,1.2308039701735194,258,180,15873,21033,29680,20108,3424,8240,48936,38650,1461,155,1437,319,3020,3545,22524,8084,4263,0,0,31696,21736,155,1602,40,592,71,0,559
876,787,877.1739640125198,99641,512,330,259,98,78876,43876,1.2319426742003794,245,178,15956,21047,29600,20029,3427,8317,48944,38657,1578,170,1429,318,3010,3547,22541,8121,4258,0,0,31643,21658,154,1595,43,641,76,0,607
877,787,878.1256640183461,99641,483,328,259,98,78934,43916,1.2329262050762237,229,176,16037,21063,29552,19938,3439,8396,48952,38664,1701,186,1423,315,3001,3543,22536,8181,4250,0,0,31587,21590,154,1591,45,697,80,0,648
878,787,879.0796183518421,99641,461,310,259,98,78993,43944,1.233799339629269,217,169,16114,21084,29500,19850,3448,8488,48959,38671,1829,203,1418,314,2993,3541,22546,8239,4246,0,0,31508,21525,152,1586,48,754,83,0,688
879,787,880.0357145068342,99641,446,305,259,98,79044,43973,1.234602221976897,209,166,16183,21086,29446,19773,3456,8571,48966,38678,1963,221,1414,314,2983,3539,22550,8277,4234,0,0,31461,21440,151,1580,53,808,90,0,747
880,787,881.3140767608695,99641,435,311,259,98,79109,44031,1.2358366535863752,202,156,16314,21085,29330,19683,3459,8666,48973,38685,2103,241,1407,314,2972,3539,22547,8334,4226,0,0,31392,21360,151,1574,56,873,97,0,799
881,787,882.2761251535503,99640,399,307,259,99,79147,44061,1.2365315134484143,206,151,16393,21106,29271,19579,3471,8757,48980,38692,2248,262,1400,313,2967,3538,22529,8392,4223,0,0,31328,21281,150,1570,59,945,101,0,844
882,787,883.2406892068905,99640,406,311,259,99,79192,44107,1.2374448012846246,211,134,16459,21116,29181,19471,3483,8868,48987,38699,2399,284,1398,312,2962,3530,22524,8437,4219,0,0,31262,21200,150,1566,62,1020,106,0,892
883,787,884.2080014139374,99640,391,309,259,99,79235,44149,1.2382978723404254,207,128,16564,21130,29084,19365,3494,8968,48994,38706,2556,308,1394,312,2955,3524,22510,8491,4216,0,0,31201,21110,149,1563,63,1088,112,0,952
884,787,885.1786106544287,99640,364,304,259,99,79277,44183,1.2390606182256123,212,115,16641,21128,29015,19272,3508,9081,49001,38712,2718,333,1387,311,2945,3524,22501,8547,4207,0,0,31133,21020,148,1559,66,1157,118,0,1017
885,787,886.1518941913357,99640,386,290,259,99,79346,44212,1.2400441589723004,182,110,16702,21146,28939,19156,3531,9198,49008,38718,2886,360,1381,308,2937,3528,22480,8610,4196,0,0,31049,20955,147,1552,70,1237,123,0,1067
886,787,887.1280943793921,99640,381,285,259,99,79388,44239,1.2407366519470093,176,115,16776,21124,28859,19059,3548,9317,49015,38724,3059,388,1380,306,2930,3525,22462,8662,4186,0,0,30982,20862,146,1544,76,1310,130,0,1139
887,787,888.1070483706325,99640,370,270,259,99,79428,44266,1.2414090726615816,184,112,16842,21104,28775,18957,3569,9457,49022,38730,3238,418,1377,305,2925,3522,22445,8717,4178,0,0,30902,20767,145,1539,79,1402,133,0,1204
888,787,889.0890043852379,99640,354,262,259,99,79469,44294,1.2421015656362906,189,104,16926,21095,28694,18845,3577,9594,49029,38736,3422,450,1372,304,2915,3515,22427,8775,4174,0,0,30824,20670,144,1532,87,1487,142,0,1272
889,787,890.073931600634,99639,343,251,260,99,79505,44321,1.2427463141942412,196,102,16998,21071,28605,18741,3597,9735,49036,38742,3612,484,1366,302,2908,3518,22414,8827,4168,0,0,30730,20575,144,1528,88,1581,145,0,1345
890,787,891.0619528126521,99639,350,237,260,99,79562,44338,1.2434889952729353,176,104,17060,21068,28529,18609,3624,9882,49043,38748,3807,519,1362,301,2898,3519,22384,8889,4152,0,0,30653,20483,144,1521,91,1671,153,0,1418
891,787,892.0530640274503,99639,332,229,260,99,79599,44358,1.2440610604281457,184,101,17133,21066,28441,18484,3649,10020,49050,38754,4007,556,1356,300,2883,3519,22340,8964,4146,0,0,30562,20396,144,1515,95,1762,166,0,1491
892,787,893.0473520449998,99639,318,211,260,99,79639,44377,1.2446531980449422,190,102,17184,21072,28371,18351,3676,10164,49057,38760,4212,595,1348,298,2874,3518,22314,9028,4143,0,0,30459,20310,144,1506,103,1868,172,0,1554
893,787,894.0443140926967,99639,339,216,260,99,79692,44409,1.245506277662361,171,94,17235,21058,28283,18221,3711,10311,49064,38766,4422,636,1345,298,2861,3515,22292,9075,4136,0,0,30362,20205,144,1502,105,1980,183,0,1636
894,787,895.0444032422869,99638,311,218,261,99,79731,44435,1.2461711395250807,166,85,17305,21028,28215,18112,3741,10457,49071,38772,4637,679,1339,297,2853,3513,22261,9146,4128,0,0,30268,20098,143,1494,111,2067,191,0,1729
895,787,896.0475020277578,99637,319,199,262,99,79769,44453,1.246745686843241,164,79,17408,21023,28074,17984,3772,10615,49078,38778,4856,724,1332,296,2839,3508,22218,9216,4123,0,0,30172,20005,143,1487,116,2170,205,0,1807
896,787,897.0552027093978,99637,318,185,262,99,79814,44467,1.2473378363459358,145,86,17475,21025,27987,17824,3812,10780,49085,38784,5080,772,1327,296,2828,3502,22194,9283,4120,0,0,30057,19908,142,1481,122,2275,212,0,1890
897,787,898.066565187062,99637,324,181,262,99,79854,44489,1.2479600951453778,139,87,17538,21011,27884,17679,3852,10942,49092,38790,5308,822,1323,295,2821,3499,22160,9351,4116,0,0,29935,19817,142,1471,130,2388,217,0,1972
898,787,899.0814945015261,99637,320,167,262,99,79897,44506,1.2485622810803216,141,96,17603,20964,27781,17553,3892,11120,49099,38796,5541,874,1316,294,2811,3497,22119,9424,4111,0,0,29819,19715,142,1462,138,2504,225,0,2060
899,787,900.1004043783607,99637,303,168,262,99,79910,44529,1.2489235926412878,166,113,17666,21008,27723,17525,3879,11086,49099,38796,5541,874,1314,294,2810,3497,22119,9439,4111,0,0,29825,19698,142,1461,138,2505,225,0,2059
900,787,900.1004043783607,99637,300,173,262,99,79923,44540,1.2491644670152655,173,113,17683,20927,27655,17408,3926,11279,49099,38796,5778,928,1312,293,2797,3496,22067,9504,4110,2,2,29710,19600,142,1458,141,2611,237,0,2155
901,787,901.1235302028938,99637,297,181,262,99,79966,44571,1.2499071630016962,167,108,17754,20905,27558,17262,3961,11444,49099,38796,6018,985,1311,293,2781,3498,22024,9581,4104,3,14,29566,19503,142,1456,142,2728,251,0,2240
902,787,902.1504723978752,99637,309,187,262,99,80014,44605,1.2507301504461195,167,108,17823,20865,27442,17133,3996,11607,49099,38796,6262,1044,1308,293,2772,3499,21976,9650,4100,6,36,29427,19389,142,1450,145,2855,257,0,2332
903,787,903.1815265163234,99637,330,186,262,99,80068,44634,1.2515631743227917,167,106,17876,20824,27336,17015,4028,11769,49099,38796,6510,1105,1305,293,2751,3500,21920,9729,4096,9,51,29313,19269,142,1445,149,2952,276,1,2436
904,787,904.2163578019778,99637,328,180,262,99,80121,44660,1.2523560524704678,170,103,17938,20776,27231,16899,4070,11942,49099,38796,6761,1169,1304,293,2737,3495,21879,9812,4093,10,75,29160,19150,142,1438,156,3074,287,1,2531
905,787,905.2549814400176,99636,315,187,263,99,80163,44697,1.2531615078887148,180,106,18005,20733,27127,16775,4109,12099,49099,38796,7015,1235,1301,292,2725,3496,21824,9895,4089,13,97,29018,19029,142,1425,169,3194,296,3,2628
906,787,906.2976370346598,99636,315,178,263,99,80209,44726,1.2539142478622185,177,98,18068,20720,27024,16621,4152,12283,49099,38796,7272,1304,1300,292,2713,3500,21759,9992,4084,14,120,28877,18905,142,1417,174,3310,305,3,2729
907,787,907.3445990499541,99636,311,182,263,99,80254,44755,1.254656951302742,168,93,18144,20683,26911,16474,4202,12468,49099,38796,7532,1376,1300,292,2702,3504,21701,10081,4075,14,135,28727,18791,142,1414,177,3436,314,4,2827
908,787,908.0450199433677,99636,306,172,263,99,80286,44766,1.255088522220884,165,100,18183,20611,26825,16354,4257,12663,49099,38796,7794,1450,1299,291,2682,3509,21633,10167,4072,15,151,28591,18675,141,1407,183,3560,329,6,2925
909,787,909.0999206969603,99636,313,172,263,99,80333,44794,1.2558412621943875,158,97,18267,20571,26697,16215,4301,12845,49099,38796,8059,1527,1298,291,2663,3510,21573,10255,4068,16,169,28430,18569,141,1400,189,3704,341,8,3011
910,787,910.1596358483862,99636,288,162,263,99,80367,44815,1.2563932715082902,166,105,18324,20521,26597,16070,4361,13042,49099,38796,8326,1607,1298,291,2645,3505,21527,10343,4068,16,200,28267,18444,141,1390,198,3834,356,9,3104
911,787,911.2235890428249,99636,281,165,263,99,80405,44842,1.2570456461519932,172,100,18398,20484,26473,15925,4412,13226,49099,38796,8595,1689,1297,291,2634,3502,21477,10426,4065,17,211,28122,18316,141,1380,207,3957,363,12,3218
912,787,912.2925357829872,99636,275,165,263,99,80440,44864,1.257617728531856,171,93,18462,20449,26356,15777,4472,13416,49099,38796,8865,1774,1297,291,2619,3502,21421,10511,4062,17,222,27963,18200,141,1370,216,4095,374,15,3320
913,787,913.0080965648743,99636,286,164,263,99,80477,44880,1.2581496647797985,171,93,18462,20378,26272,15656,4545,13609,49099,38796,9137,1862,1295,291,2610,3504,21365,10590,4059,19,226,27822,18071,141,1360,223,4219,381,16,3444
914,787,914.0853832326055,99636,294,166,263,99,80527,44912,1.2589726604841625,162,80,18505,20352,26159,15515,4616,13787,49099,38796,9410,1953,1294,290,2595,3504,21310,10675,4056,20,244,27660,17939,140,1351,232,4359,393,19,3555
915,787,915.1674492972387,99636,290,170,263,99,80568,44938,1.2596451081938256,163,77,18536,20300,26062,15378,4685,13975,49099,38796,9684,2046,1294,290,2578,3505,21242,10769,4050,20,257,27508,17818,139,1344,238,4494,408,23,3659
916,787,916.2536897533328,99636,293,157,263,99,80618,44958,1.2603476655024288,157,81,18588,20257,25939,15242,4759,14163,49099,38796,9959,2142,1291,290,2559,3505,21190,10858,4048,23,278,27354,17693,137,1331,249,4620,424,26,3760
917,787,917.3448828824818,99636,286,152,263,99,80655,44980,1.2609398209482516,180,84,18637,20209,25802,15096,4831,14359,49099,38796,10235,2241,1289,290,2545,3505,21112,10962,4044,25,297,27206,17557,137,1321,257,4750,436,29,3874
918,787,918.0755190962273,99636,287,154,263,99,80695,44997,1.2615119033281144,158,86,18662,20134,25714,14957,4915,14569,49099,38796,10512,2343,1286,289,2533,3507,21043,11051,4041,28,300,27039,17448,136,1313,264,4902,447,35,3974
919,787,919.1764679133292,99636,297,165,263,99,80748,45024,1.2623148259665182,148,87,18699,20075,25590,14816,5002,14757,49099,38796,10789,2448,1285,288,2521,3508,20987,11136,4036,29,309,26879,17326,136,1296,279,5044,456,37,4084
920,787,920.2824339271157,99636,291,163,263,99,80794,45052,1.2630575294070416,149,79,18747,20022,25471,14684,5078,14952,49099,38796,11066,2555,1282,288,2507,3507,20932,11228,4033,32,322,26694,17209,136,1287,288,5198,469,44,4180
921,787,921.0227041644415,99636,283,162,263,99,80820,45071,1.2635091733911437,151,73,18782,19958,25356,14558,5164,15149,49099,38796,11343,2665,1281,287,2492,3504,20858,11329,4033,33,331,26534,17086,136,1282,292,5337,483,47,4291
922,787,922.1389095821162,99636,285,155,263,99,80862,45093,1.2641515115018669,151,71,18850,19922,25212,14415,5238,15337,49099,38796,11620,2778,1279,287,2482,3501,20781,11439,4031,35,344,26373,16963,134,1275,297,5474,493,51,4397
923,787,923.2612230907325,99636,288,155,263,99,80907,45118,1.2648540688104701,158,70,18874,19890,25097,14265,5319,15520,49099,38796,11897,2894,1278,287,2468,3502,20702,11552,4025,36,358,26207,16840,134,1267,305,5612,506,54,4503
924,787,924.0125526761107,99636,281,149,263,99,80935,45136,1.2653157493275522,153,67,18879,19830,25006,14132,5417,15722,49099,38796,12173,3013,1277,287,2454,3498,20615,11664,4022,37,370,26048,16721,134,1260,310,5756,519,60,4604
925,787,925.1445485119477,99636,276,141,263,99,80973,45159,1.265927977839335,150,68,18913,19780,24890,14006,5507,15905,49099,38796,12449,3134,1274,286,2444,3499,20545,11766,4018,40,385,25859,16616,134,1248,319,5921,528,65,4689
926,787,926.2820875619841,99636,281,142,263,99,81024,45182,1.2666706812798587,131,80,18946,19755,24771,13849,5607,16074,49099,38796,12724,3258,1274,286,2425,3502,20463,11880,4013,40,392,25676,16509,134,1239,325,6077,547,67,4787
927,787,927.0434591761313,99636,269,149,263,99,81046,45199,1.2670621060660805,145,84,18958,19673,24657,13722,5707,16272,49099,38796,12998,3385,1272,286,2405,3501,20351,12009,4009,42,395,25525,16414,134,1232,332,6219,564,72,4874
928,787,928.1916265794874,99636,268,134,263,99,81086,45218,1.2676542615119033,149,86,19005,19648,24514,13591,5800,16441,49099,38796,13271,3515,1271,286,2391,3508,20268,12121,4000,43,406,25370,16288,134,1219,344,6349,578,76,4984
929,787,929.3467418576091,99636,277,130,263,99,81138,45239,1.268386928419447,155,83,19054,19617,24361,13456,5889,16614,49099,38796,13543,3647,1269,286,2377,3510,20205,12215,3993,45,414,25187,16165,134,1213,349,6509,590,82,5093
930,787,930.1206913394915,99636,270,136,263,99,81161,45258,1.2688084628046088,159,85,19060,19530,24252,13331,5995,16818,49099,38796,13813,3782,1267,286,2359,3504,20118,12318,3993,47,420,25025,16051,134,1206,356,6662,608,87,5195
931,787,931.2878554876675,99636,285,139,263,99,81211,45283,1.2695612027781122,153,87,19106,19516,24106,13200,6086,16958,49099,38796,14082,3920,1265,286,2349,3502,20042,12416,3990,49,429,24862,15918,134,1198,362,6811,617,92,5314
932,787,932.0697462831158,99636,281,139,263,99,81242,45295,1.2699927736962544,150,93,19110,19465,24001,13073,6194,17130,49099,38796,14349,4060,1265,286,2335,3504,19955,12521,3985,49,435,24693,15796,134,1189,369,6969,629,97,5425
933,787,933.2490758333522,99636,270,129,263,99,81277,45317,1.2705648560761171,155,93,19160,19440,23841,12948,6310,17290,49099,38796,14615,4203,1262,286,2320,3507,19872,12635,3981,52,453,24514,15672,134,1179,375,7124,642,102,5526
934,787,934.039500161085,99636,266,131,263,99,81308,45330,1.2710064635272391,154,97,19160,19381,23736,12818,6420,17473,49099,38796,14879,4348,1262,286,2306,3509,19795,12734,3977,52,457,24357,15540,134,1174,380,7263,654,107,5649
935,787,935.2321504610062,99636,265,132,263,99,81357,45359,1.271789313099683,161,88,19206,19351,23581,12688,6523,17641,49099,38796,15141,4496,1262,286,2295,3512,19694,12865,3970,52,474,24183,15436,134,1162,391,7416,661,112,5731
936,787,936.0312882117307,99636,266,131,263,99,81394,45378,1.2723513589465656,148,91,19202,19285,23481,12575,6639,17818,49099,38796,15401,4646,1260,286,2284,3511,19608,12976,3968,54,479,24022,15310,134,1157,396,7556,672,119,5844
937,787,937.2370838308256,99636,278,149,263,99,81441,45410,1.2731442450519892,143,83,19238,19245,23328,12452,6749,17971,49099,38796,15659,4798,1259,285,2267,3514,19516,13091,3964,55,483,23859,15199,134,1149,404,7701,686,122,5948
938,787,938.0449936933857,99636,285,155,263,99,81475,45433,1.273716327431852,139,76,19272,19191,23174,12334,6866,18144,49099,38796,15915,4952,1259,285,2249,3511,19435,13188,3963,55,490,23691,15086,134,1136,414,7860,704,127,6049
939,787,939.2655170817345,99636,270,159,263,99,81513,45453,1.2742984463446947,139,79,19277,19172,23065,12212,6985,18278,49099,38796,16168,5109,1256,285,2230,3507,19361,13288,3960,58,503,23531,14955,133,1128,422,8004,721,131,6163
940,787,940.0828517215997,99636,261,159,263,99,81545,45466,1.2747500903287967,136,84,19260,19108,22979,12095,7100,18454,49099,38796,16419,5268,1253,283,2212,3505,19262,13409,3958,61,507,23386,14832,133,1122,427,8137,736,134,6279
941,787,941.3153776234108,99636,254,154,263,99,81581,45487,1.2753221727086594,145,91,19311,19076,22811,11984,7215,18595,49099,38796,16668,5429,1252,283,2197,3511,19181,13521,3950,62,513,23220,14728,133,1113,430,8283,748,146,6365
942,787,942.1415949639817,99636,253,147,263,99,81604,45507,1.2757537436268016,150,80,19296,19020,22694,11885,7343,18768,49099,38796,16914,5592,1250,283,2178,3512,19070,13648,3949,64,526,23072,14626,133,1103,438,8420,764,154,6446
943,787,943.388818366943,99636,252,153,263,99,81649,45536,1.276496447067325,138,90,19357,19006,22524,11761,7465,18890,49099,38796,17158,5757,1246,282,2160,3513,18991,13754,3946,67,533,22894,14515,132,1096,445,8576,782,163,6541
944,787,944.2254466142382,99636,252,157,263,99,81679,45558,1.2770183467822875,147,83,19360,18959,22381,11653,7596,19048,49099,38796,17399,5924,1245,282,2144,3514,18906,13859,3944,68,535,22727,14405,132,1088,453,8729,794,173,6638
945,787,945.0673724617468,99636,253,154,263,99,81717,45570,1.27752017343129,138,87,19355,18912,22258,11541,7732,19206,49099,38796,17637,6092,1242,282,2128,3514,18824,13963,3939,71,545,22560,14299,132,1080,460,8881,809,176,6731
946,787,946.3391624326983,99636,243,155,263,99,81761,45603,1.2782929864707535,143,84,19369,18893,22126,11443,7855,19325,49099,38796,17873,6262,1236,282,2110,3514,18734,14087,3934,77,558,22391,14185,132,1074,465,9023,826,184,6824
947,787,947.1911041815777,99635,234,146,264,99,81788,45615,1.2786972449440457,141,83,19348,18844,22018,11341,7994,19486,49099,38796,18106,6434,1234,282,2100,3513,18631,14211,3931,79,568,22249,14075,131,1067,471,9150,835,188,6920
948,787,948.0475796759306,99635,241,155,264,99,81818,45636,1.2792091132634114,129,81,19358,18798,21887,11234,8120,19632,49099,38796,18336,6607,1234,282,2082,3516,18526,14326,3927,79,569,22104,13977,131,1062,475,9287,853,198,7007
949,787,949.3410637554207,99635,246,161,264,99,81867,45666,1.2800020073267426,127,71,19391,18785,21723,11140,8248,19743,49099,38796,18563,6782,1231,282,2071,3513,18455,14428,3922,82,573,21917,13885,131,1052,482,9455,863,209,7084
950,787,950.2087244816286,99635,240,163,264,99,81902,45683,1.2805239122798213,123,71,19387,18754,21599,11030,8386,19882,49099,38796,18788,6958,1228,281,2052,3513,18369,14542,3920,85,571,21748,13794,131,1049,485,9601,880,216,7170
951,787,951.0816421842886,99635,242,154,264,99,81928,45698,1.2809354142620566,126,69,19382,18728,21465,10933,8520,20016,49099,38796,19010,7135,1227,281,2036,3517,18279,14652,3915,86,578,21601,13689,131,1043,489,9733,894,221,7263
952,787,952.4004936018462,99635,225,142,264,99,81963,45718,1.2814874291162743,141,72,19419,18720,21310,10829,8640,20137,49099,38796,19229,7313,1226,281,2020,3518,18192,14770,3909,87,593,21444,13574,131,1036,495,9871,905,230,7353
953,787,953.2850493528471,99635,233,138,264,99,81995,45735,1.281979224168214,143,68,19399,18684,21180,10758,8780,20252,49099,38796,19445,7492,1223,281,2004,3520,18101,14872,3907,90,601,21298,13469,131,1030,500,10007,921,236,7444
954,787,954.1753198447593,99635,243,133,264,99,82031,45750,1.2824910924875796,141,70,19398,18660,21035,10662,8918,20375,49099,38796,19658,7672,1221,280,1995,3518,17996,14996,3907,92,610,21143,13377,131,1020,509,10148,929,240,7523
955,787,955.0713776332008,99634,243,137,265,99,82068,45773,1.2831061685769918,139,62,19407,18639,20887,10565,9058,20497,49099,38796,19868,7853,1220,279,1981,3520,17907,15103,3902,93,612,20989,13280,131,1017,512,10290,941,248,7609
956,787,956.4266701496842,99634,243,130,265,99,82116,45791,1.2837685930505651,132,62,19425,18657,20749,10462,9185,20589,49099,38796,20075,8035,1219,279,1964,3521,17827,15213,3899,94,621,20828,13172,131,1007,520,10429,954,258,7698
957,787,957.3356924753591,99633,253,121,266,99,82159,45806,1.284363614465087,122,63,19405,18638,20614,10368,9339,20710,49099,38796,20279,8218,1218,279,1953,3524,17721,15335,3895,95,635,20679,13071,131,996,531,10563,964,263,7780
958,787,958.2501544287915,99633,249,123,266,99,82185,45827,1.284835345718788,125,53,19383,18610,20490,10291,9486,20823,49099,38796,20481,8402,1218,278,1936,3524,17633,15437,3894,95,646,20537,12965,131,993,534,10694,980,270,7868
959,787,959.1704913770504,99633,249,116,266,99,82215,45840,1.2852669296317485,115,57,19353,18565,20379,10216,9637,20946,49099,38796,20680,8586,1217,277,1922,3527,17541,15543,3890,96,654,20396,12854,131,982,545,10826,991,278,7963
960,787,960.0961574841118,99633,236,119,266,99,82237,45856,1.2856483293687835,119,56,19356,18542,20246,10135,9776,21048,49099,38796,20876,8771,1217,277,1913,3524,17456,15649,3889,96,656,20251,12751,131,976,550,10955,1000,289,8053
961,787,961.0276793147589,99633,224,117,266,99,82259,45867,1.2859795449298927,115,57,19360,18534,20124,10050,9910,21142,49099,38796,21069,8956,1217,277,1895,3525,17363,15764,3885,95,657,20103,12666,131,969,557,11085,1018,296,8130
962,787,962.4355318779549,99633,216,116,266,99,82294,45888,1.28654160770026,117,56,19383,18563,19980,9969,10037,21196,49099,38796,21259,9141,1215,276,1876,3526,17286,15869,3880,97,656,19950,12571,131,960,564,11221,1033,310,8212
963,787,963.3797002364893,99633,209,114,266,99,82315,45902,1.2868928969317395,127,58,19371,18571,19835,9885,10191,21272,49099,38796,21446,9326,1214,276,1868,3528,17186,15986,3877,98,662,19827,12474,131,950,572,11332,1039,314,8299
964,787,964.3305905377214,99633,220,119,266,99,82353,45919,1.2874449228669216,109,51,19391,18562,19687,9802,10326,21366,49099,38796,21630,9512,1214,276,1860,3526,17100,16093,3875,98,661,19684,12388,131,941,579,11461,1047,319,8380
965,787,965.2885038610929,99633,226,127,266,99,82388,45936,1.2879668382965483,95,45,19378,18558,19570,9715,10464,21455,49099,38796,21811,9698,1213,275,1837,3529,17028,16180,3870,99,660,19551,12294,131,937,583,11583,1069,326,8468
966,787,966.2527645184693,99633,225,130,266,99,82417,45951,1.288408459044694,95,42,19389,18544,19429,9641,10595,21543,49099,38796,21990,9884,1213,274,1824,3534,16929,16296,3863,99,664,19402,12221,131,934,586,11721,1079,332,8531
967,787,967.2235067590609,99633,220,129,266,99,82444,45965,1.2888199692872844,93,44,19404,18541,19294,9572,10722,21614,49099,38796,22166,10070,1212,274,1810,3538,16834,16406,3859,100,666,19275,12128,130,926,593,11835,1093,339,8615
968,787,968.1974733019101,99633,219,123,266,99,82474,45977,1.2892415163650597,81,46,19401,18524,19175,9507,10857,21700,49099,38796,22339,10255,1210,274,1798,3540,16751,16511,3854,102,667,19134,12044,130,916,599,11962,1104,347,8690
969,787,969.1716367538966,99633,211,119,266,99,82493,45989,1.2895526582557988,98,43,19387,18530,19042,9429,10995,21779,49099,38796,22509,10440,1210,274,1782,3540,16672,16611,3853,101,668,18993,11959,130,906,608,12089,1117,353,8767
970,787,970.1462759361358,99633,215,113,266,99,82525,46000,1.2899842421687593,103,48,19394,18535,18909,9356,11112,21848,49099,38796,22677,10625,1210,274,1767,3544,16582,16718,3850,100,674,18863,11870,130,895,617,12208,1128,359,8844
971,787,971.1208308211009,99633,205,113,266,99,82548,46015,1.2903656419057943,114,46,19385,18556,18785,9278,11244,21907,49099,38796,22842,10809,1209,274,1756,3548,16497,16822,3845,101,677,18741,11782,129,889,622,12314,1139,370,8918
972,787,972.0956776585869,99633,203,113,266,99,82574,46031,1.2907871889835698,118,43,19379,18539,18647,9218,11386,21987,49099,38796,23004,10993,1209,272,1742,3550,16413,16925,3841,101,681,18617,11691,129,883,628,12425,1151,375,9000
973,787,973.070703398208,99633,205,111,266,99,82601,46044,1.291188662390975,115,43,19375,18548,18516,9147,11522,22051,49099,38796,23164,11176,1207,272,1730,3547,16328,17026,3841,103,683,18489,11617,129,876,634,12544,1160,383,9064
974,787,974.0461955921414,99633,192,102,266,99,82633,46052,1.2915901357983801,111,46,19358,18569,18414,9073,11658,22110,49099,38796,23321,11359,1206,271,1710,3548,16237,17138,3836,104,685,18369,11548,129,870,640,12650,1178,398,9116
975,787,975.0226181479941,99633,198,99,266,99,82657,46060,1.2919113145243042,113,47,19360,18591,18283,8998,11779,22165,49099,38796,23475,11541,1206,271,1698,3548,16159,17228,3835,104,685,18231,11481,129,864,645,12780,1189,406,9174
976,787,976.4872403720615,99633,196,96,266,99,82698,46079,1.292513524635412,108,50,19389,18630,18137,8935,11903,22189,49099,38796,23627,11722,1205,270,1688,3547,16086,17321,3832,105,691,18089,11395,129,859,650,12909,1197,416,9244
977,787,977.4620353922768,99633,178,104,266,99,82721,46094,1.2928949243724468,105,49,19374,18612,18042,8878,12034,22257,49099,38796,23776,11902,1203,269,1681,3552,15996,17422,3825,107,697,17975,11313,129,852,656,13017,1203,422,9314
978,787,978.4375008767013,99633,185,109,266,99,82751,46110,1.2933566187909629,95,41,19381,18641,17898,8801,12174,22308,49099,38796,23923,12081,1203,269,1673,3555,15909,17524,3823,106,695,17860,11246,128,845,662,13120,1210,429,9376
979,787,979.4132433020072,99633,184,107,266,99,82770,46124,1.2936878343520721,104,43,19385,18643,17764,8747,12296,22360,49099,38796,24067,12259,1203,269,1658,3554,15823,17627,3821,106,693,17748,11172,128,842,665,13219,1225,438,9442
980,787,980.3886953170032,99633,189,94,266,99,82799,46132,1.294059197253922,97,49,19383,18670,17656,8688,12408,22399,49099,38796,24209,12436,1203,269,1641,3557,15748,17722,3819,106,693,17626,11102,125,834,672,13327,1239,450,9500
981,787,981.3642165340071,99632,176,92,267,99,82821,46143,1.2944034045286654,100,51,19395,18662,17553,8642,12508,22453,49099,38796,24348,12612,1201,269,1633,3556,15677,17815,3817,108,695,17505,11032,125,824,680,13434,1245,456,9560
982,787,982.3395042228981,99632,177,85,267,99,82842,46155,1.2947346234141641,93,49,19384,18679,17441,8583,12637,22504,49099,38796,24485,12787,1201,269,1620,3552,15590,17923,3816,108,701,17402,10958,125,815,687,13527,1254,462,9622
983,787,983.3145817639613,99632,174,84,267,99,82864,46164,1.2950457684278143,89,46,19398,18683,17319,8533,12752,22554,49099,38796,24620,12961,1200,269,1612,3552,15509,18018,3813,109,702,17293,10883,125,812,690,13627,1260,469,9689
984,787,984.289912353204,99632,170,79,267,99,82886,46171,1.295336839569616,86,52,19428,18719,17186,8472,12862,22578,49099,38796,24752,13134,1199,269,1599,3552,15431,18111,3811,110,705,17183,10823,125,803,697,13726,1273,478,9737
985,787,985.2639177602691,99632,168,81,267,99,82912,46185,1.2957383170065842,76,49,19410,18733,17093,8408,12985,22629,49099,38796,24882,13306,1196,269,1584,3555,15364,18191,3808,113,707,17065,10753,124,799,701,13834,1287,484,9798
986,787,986.238114871383,99632,155,83,267,99,82929,46196,1.2960193512124618,70,52,19440,18762,16970,8338,13097,22665,49099,38796,25010,13476,1194,269,1575,3559,15292,18278,3803,115,711,16949,10689,123,795,705,13937,1296,487,9855
987,787,987.2118566785706,99632,156,90,267,99,82949,46213,1.2963907178416574,72,47,19469,18785,16837,8275,13198,22703,49099,38796,25136,13645,1194,269,1565,3558,15223,18362,3803,115,714,16836,10622,122,791,707,14040,1305,491,9915
988,787,988.1843290149754,99632,153,87,267,99,82963,46224,1.2966416412397623,76,45,19451,18823,16733,8211,13319,22734,49099,38796,25260,13813,1194,268,1559,3562,15139,18456,3798,115,715,16735,10558,122,786,711,14137,1310,495,9972
989,787,989.1568368081585,99632,148,86,267,99,82978,46234,1.2968925646378673,79,45,19454,18831,16624,8167,13427,22771,49099,38796,25381,13979,1194,268,1550,3563,15060,18544,3797,115,715,16628,10497,121,777,717,14240,1318,504,10024
990,787,990.1294687525113,99632,143,91,267,99,82996,46246,1.2971936727155935,76,50,19457,18861,16539,8102,13517,22796,49099,38796,25500,14144,1191,268,1532,3567,14989,18628,3794,118,708,16527,10442,120,773,721,14331,1334,511,10078
991,787,991.1019176951941,99632,137,95,267,99,83012,46260,1.2974947807933195,75,45,19455,18886,16435,8047,13630,22827,49099,38796,25617,14307,1190,268,1522,3566,14916,18716,3793,119,712,16420,10383,120,769,723,14427,1344,517,10127
992,787,992.0748134068737,99632,131,96,267,99,83027,46271,1.2977557411273486,79,40,19442,18903,16333,7991,13747,22870,49099,38796,25732,14469,1190,268,1515,3567,14837,18805,3791,119,713,16314,10328,120,766,726,14524,1351,523,10175
993,787,993.0478935490298,99632,132,97,267,99,83048,46280,1.2980568492050746,78,40,19434,18925,16234,7943,13854,22895,49099,38796,25845,14629,1190,267,1504,3565,14765,18888,3790,119,714,16213,10262,120,761,731,14618,1362,527,10236
994,787,994.0217600742972,99632,141,91,267,99,83072,46287,1.298367994218725,69,46,19441,18968,16128,7890,13953,22905,49099,38796,25956,14788,1190,267,1491,3565,14690,18970,3788,119,717,16130,10196,120,755,737,14698,1373,534,10292
995,787,995.481814541353,99632,141,91,267,99,83098,46302,1.2987795085916172,62,39,19491,19045,16002,7834,14036,22891,49099,38796,26065,14945,1190,266,1480,3565,14625,19050,3786,119,721,16023,10143,120,752,739,14797,1381,540,10335
996,787,996.4528917400227,99632,134,87,267,99,83110,46309,1.298970210374177,69,50,19491,19073,15900,7786,14138,22904,49099,38796,26172,15101,1190,266,1472,3569,14557,19130,3781,119,724,15930,10089,119,751,740,14881,1388,546,10380
997,787,997.4241084771598,99632,144,90,267,99,83132,46325,1.2993516139392967,62,40,19490,19103,15785,7742,14251,22925,49099,38796,26278,15255,1189,266,1468,3569,14497,19200,3779,120,725,15842,10033,119,748,743,14963,1390,554,10427
998,787,998.3950843569213,99632,127,93,267,99,83138,46337,1.2995322787859322,79,42,19484,19142,15692,7691,14350,22932,49099,38796,26382,15407,1188,266,1459,3568,14417,19287,3778,121,727,15756,9980,119,744,746,15046,1398,561,10471
999,787,999.3665494838469,99632,126,86,267,99,83153,46343,1.2997430544403406,82,47,19489,19167,15594,7647,14441,22953,49099,38796,26484,15558,1185,266,1450,3568,14345,19369,3777,124,730,15660,9927,119,739,751,15134,1406,566,10516
1000,787,1000.3380858485478,99632,133,88,267,99,83177,46357,1.30012445800546,74,46,19516,19178,15470,7614,14539,22974,49099,38796,26584,15707,1185,266,1440,3566,14279,19446,3777,124,731,15571,9872,119,731,758,15215,1416,573,10563
1001,787,1001.308254932367,99632,132,87,267,99,83194,46368,1.3004054922113377,70,48,19513,19204,15373,7571,14644,22990,49099,38796,26682,15854,1185,266,1426,3569,14225,19513,3773,124,735,15466,9821,119,729,759,15310,1429,577,10606
1002,787,1002.2782270234547,99632,136,77,267,99,83214,46374,1.300666452545367,71,49,19533,19254,15259,7527,14733,22993,49099,38796,26779,16000,1185,266,1418,3573,14166,19585,3770,124,741,15364,9764,118,726,762,15402,1435,579,10654
1003,787,1003.2477900475486,99632,139,79,267,99,83232,46392,1.3010277822386382,65,39,19536,19295,15169,7479,14823,23008,49099,38796,26874,16144,1185,266,1409,3573,14103,19664,3768,124,739,15284,9709,118,719,766,15474,1441,590,10700
1004,787,1004.2167369383434,99632,140,74,267,99,83244,46400,1.3012285209571222,68,40,19551,19335,15077,7442,14896,23009,49099,38796,26967,16286,1185,266,1405,3572,14028,19751,3767,124,740,15202,9653,118,714,771,15546,1445,595,10750
1005,787,1005.1853136747468,99632,138,73,267,99,83261,46411,1.3015095551629998,68,45,19574,19380,14978,7399,14974,23003,49099,38796,27059,16427,1184,266,1399,3572,13977,19819,3765,125,739,15107,9613,118,711,773,15628,1451,600,10785
1006,787,1006.1528714891233,99632,136,75,267,99,83281,46424,1.3018407740484985,62,40,19611,19430,14875,7352,15048,23003,49099,38796,27149,16566,1184,266,1393,3574,13918,19893,3763,125,737,15030,9557,118,705,779,15692,1457,610,10831
1007,787,1007.1185836328241,99632,135,78,267,99,83298,46435,1.3021218082543762,66,42,19611,19471,14786,7304,15134,23005,49099,38796,27237,16703,1184,266,1387,3574,13846,19977,3761,125,739,14941,9524,118,703,781,15771,1463,614,10858
1008,787,1008.0838217861273,99632,134,90,267,99,83313,46455,1.3024731010117232,64,29,19631,19514,14689,7260,15214,23007,49099,38796,27324,16839,1184,266,1379,3573,13790,20047,3760,125,739,14858,9473,118,702,782,15842,1471,618,10905
1009,787,1009.0484717872979,99632,134,85,267,99,83328,46465,1.3027240244098282,67,32,19662,19544,14587,7223,15282,23016,49099,38796,27409,16973,1183,266,1368,3575,13733,20113,3757,126,742,14791,9415,118,698,786,15903,1480,623,10955
1010,787,1010.0120251974441,99632,135,85,267,99,83342,46472,1.3029348000642365,70,33,19690,19608,14484,7166,15353,23008,49099,38796,27493,17105,1183,266,1361,3575,13679,20180,3756,126,737,14721,9368,118,697,787,15961,1487,631,10999
1011,787,1011.4542067206165,99632,134,83,267,99,83374,46483,1.303366388308977,67,39,19763,19709,14372,7112,15396,22957,49099,38796,27575,17235,1179,266,1351,3575,13621,20256,3753,130,734,14645,9326,118,690,793,16026,1495,640,11034
1012,787,1012.4125379760202,99632,133,87,267,99,83393,46494,1.303667496386703,62,41,19782,19731,14283,7079,15472,22962,49099,38796,27656,17364,1179,266,1342,3576,13573,20313,3750,130,733,14565,9284,117,687,796,16102,1503,644,11072
1013,787,1013.3696749938532,99632,136,92,267,99,83415,46512,1.304068973823671,59,33,19788,19769,14200,7044,15549,22962,49099,38796,27736,17491,1177,266,1336,3576,13514,20386,3748,132,731,14498,9237,117,683,800,16158,1508,653,11112
1014,787,1014.3264403099669,99632,136,86,267,99,83432,46518,1.3042998233499277,64,36,19826,19811,14102,7015,15604,22952,49099,38796,27814,17616,1176,266,1330,3575,13461,20450,3748,132,733,14429,9184,117,680,803,16220,1513,657,11158
1015,787,1015.2818449363683,99632,125,84,267,99,83444,46529,1.3045306728761843,72,31,19854,19846,14021,6977,15660,22962,49099,38796,27891,17740,1174,266,1323,3573,13418,20511,3746,134,730,14347,9149,117,677,806,16292,1518,663,11188
1016,787,1016.2357718159237,99632,131,78,267,99,83462,46535,1.304771559338365,68,37,19882,19870,13932,6950,15719,22965,49099,38796,27967,17862,1174,266,1320,3573,13373,20566,3742,134,730,14281,9105,117,674,808,16354,1521,667,11227
1017,787,1017.1883313291019,99632,125,76,267,99,83476,46547,1.3050325196723944,67,40,19905,19900,13852,6930,15783,22954,49099,38796,28041,17982,1174,266,1316,3573,13336,20619,3739,134,731,14211,9060,117,669,811,16413,1525,676,11262
1018,787,1018.1402014808235,99632,128,72,267,99,83495,46554,1.3052934800064235,62,45,19945,19940,13752,6897,15845,22946,49099,38796,28114,18101,1174,266,1310,3573,13288,20681,3737,134,732,14131,9019,117,666,814,16483,1529,681,11297
1019,787,1019.0903215154174,99632,127,72,267,99,83513,46566,1.3055945880841497,63,41,19971,20003,13670,6867,15901,22917,49099,38796,28186,18218,1174,266,1302,3574,13231,20751,3735,134,728,14076,8979,117,663,817,16527,1536,691,11331
1020,787,1020.0388066226056,99632,124,72,267,99,83531,46572,1.3058354745463305,66,43,20012,20062,13575,6823,15955,22900,49099,38796,28256,18333,1173,266,1295,3574,13177,20817,3734,135,730,14007,8938,117,663,817,16587,1541,695,11366
1021,787,1021.458216308958,99632,113,79,267,99,83551,46591,1.3062269150473744,62,34,20076,20166,13490,6782,15991,22839,49099,38796,28325,18447,1172,263,1292,3574,13127,20885,3731,136,729,13940,8898,117,661,819,16642,1544,705,11397
1022,787,1022.401581301704,99632,113,75,267,99,83560,46597,1.3063774690862373,72,38,20102,20230,13406,6744,16039,22813,49099,38796,28393,18559,1171,263,1279,3575,13081,20935,3730,137,728,13892,8854,117,659,821,16686,1557,712,11435
1023,787,1023.3440061771526,99632,107,70,267,99,83574,46605,1.3065982816765698,71,36,20131,20292,13329,6710,16094,22792,49099,38796,28460,18669,1170,263,1273,3574,13046,20985,3728,138,732,13818,8813,117,658,822,16749,1562,715,11469
1024,787,1024.285238081226,99632,106,71,267,99,83592,46609,1.3068190942669022,67,36,20155,20353,13250,6670,16154,22770,49099,38796,28526,18778,1170,263,1271,3577,13000,21038,3723,138,732,13754,8781,117,657,823,16809,1563,717,11499
1025,787,1025.2253026079086,99632,115,73,267,99,83610,46616,1.3070700176650072,67,36,20159,20410,13180,6630,16211,22751,49099,38796,28591,18885,1170,263,1266,3577,12945,21098,3722,138,727,13700,8749,117,654,826,16859,1568,724,11529
1026,787,1026.1647298274615,99632,121,70,267,99,83630,46626,1.3073711257427332,56,31,20172,20456,13111,6599,16272,22744,49099,38796,28655,18991,1168,263,1257,3579,12903,21149,3719,140,731,13627,8715,117,653,827,16924,1577,725,11558
1027,787,1027.1039234088428,99631,118,67,267,100,83641,46636,1.3075950256446287,61,27,20202,20510,13032,6576,16319,22719,49099,38796,28717,19095,1168,262,1253,3579,12864,21202,3719,140,731,13558,8682,117,653,827,16981,1580,728,11587
1028,787,1028.0419333972773,99631,118,62,267,100,83655,46641,1.3077857293412694,57,30,20252,20546,12951,6557,16354,22704,49099,38796,28778,19197,1168,262,1248,3582,12820,21253,3716,140,730,13501,8645,117,651,829,17033,1584,733,11619
1029,787,1029.4449074745248,99631,120,57,267,100,83679,46647,1.308086840441228,52,40,20344,20642,12861,6517,16355,22643,49099,38796,28838,19298,1168,262,1242,3578,12779,21308,3715,140,732,13446,8611,117,647,833,17079,1590,739,11645
1030,787,1030.3766208031534,99631,112,62,267,100,83691,46660,1.3083377663578606,61,32,20365,20684,12794,6481,16400,22640,49099,38796,28897,19397,1166,262,1239,3577,12736,21361,3713,142,732,13387,8576,117,645,835,17132,1592,748,11671
1031,787,1031.30737145152,99631,108,61,267,100,83702,46668,1.308528470054501,65,31,20404,20728,12729,6456,16426,22623,49099,38796,28955,19495,1165,262,1232,3579,12701,21405,3710,143,734,13339,8533,117,643,837,17173,1598,753,11707
1032,787,1032.2364602602179,99631,111,57,267,100,83718,46673,1.3087392478244724,59,32,20445,20794,12646,6420,16471,22596,49099,38796,29012,19591,1163,261,1228,3582,12669,21448,3707,145,727,13283,8505,117,641,838,17220,1602,763,11732
1033,787,1033.1636346095383,99631,110,60,267,100,83729,46682,1.3089399885577782,60,31,20483,20838,12582,6390,16497,22580,49099,38796,29068,19686,1163,261,1221,3583,12627,21498,3706,145,724,13228,8473,117,639,840,17268,1608,772,11758
1034,787,1034.0890598478486,99631,118,68,267,100,83746,46695,1.309241099657737,59,26,20524,20898,12499,6354,16532,22553,49099,38796,29123,19779,1163,261,1215,3585,12579,21553,3703,145,723,13184,8442,117,636,843,17307,1614,775,11786
1035,787,1035.0123791730643,99631,118,63,267,100,83762,46696,1.309411729281047,57,32,20566,20951,12436,6325,16555,22528,49099,38796,29177,19871,1163,261,1211,3585,12534,21608,3703,145,723,13135,8412,117,635,844,17347,1617,781,11810
1036,787,1036.3937301249778,99631,119,63,267,100,83783,46702,1.30968272927101,58,32,20662,21038,12354,6292,16539,22474,49099,38796,29231,19962,1162,261,1206,3584,12490,21659,3702,146,726,13080,8387,117,631,848,17399,1621,786,11826
1037,787,1037.3110738876687,99630,118,66,268,100,83800,46713,1.3099769145839606,57,28,20695,21087,12298,6267,16563,22451,49099,38796,29284,20051,1162,259,1203,3587,12453,21702,3700,146,729,13022,8357,117,628,851,17451,1624,795,11844
1038,787,1038.2269605830309,99630,113,69,268,100,83811,46721,1.3101676201947206,56,26,20716,21134,12238,6234,16608,22436,49099,38796,29336,20139,1161,259,1199,3591,12411,21756,3696,147,727,12971,8335,117,623,855,17493,1626,800,11863
1039,787,1039.1416961830757,99630,116,71,268,100,83824,46731,1.310398474355114,54,26,20766,21196,12167,6210,16628,22396,49099,38796,29387,20225,1160,258,1196,3593,12371,21799,3695,148,727,12924,8308,117,621,857,17538,1628,808,11882
1040,787,1040.0547050422174,99630,114,70,268,100,83836,46737,1.3105791428284652,62,31,20799,21243,12109,6177,16647,22378,49099,38796,29437,20310,1160,258,1191,3596,12338,21841,3692,148,724,12868,8284,116,618,859,17589,1631,814,11903
1041,787,1041.4207560572977,99630,111,65,268,100,83860,46749,1.310940479775168,51,31,20869,21333,12049,6148,16651,22322,49099,38796,29486,20394,1160,258,1183,3595,12306,21897,3687,148,727,12816,8261,116,616,859,17626,1638,822,11915
1042,787,1042.3289257632005,99630,108,59,268,100,83868,46755,1.311080999698886,59,33,20910,21391,11991,6130,16663,22286,49099,38796,29534,20476,1158,258,1181,3595,12275,21937,3687,150,731,12763,8227,116,613,860,17673,1639,825,11942
1043,787,1043.235349423938,99630,106,55,268,100,83883,46763,1.3113118538592794,57,37,20948,21429,11931,6119,16689,22259,49099,38796,29582,20557,1158,258,1176,3596,12238,21984,3685,150,732,12717,8198,116,611,862,17712,1643,831,11963
1044,787,1044.1402576382006,99630,104,58,268,100,83894,46773,1.311522633744856,61,29,20971,21484,11882,6090,16713,22238,49099,38796,29629,20637,1158,258,1168,3595,12208,22020,3683,150,732,12674,8167,116,610,863,17753,1651,835,11989
1045,787,1045.0440074244132,99630,109,58,268,100,83913,46782,1.3118036735922916,51,29,21001,21526,11839,6070,16731,22216,49099,38796,29675,20716,1157,258,1165,3595,12168,22068,3683,151,732,12629,8143,116,606,865,17792,1654,841,12007
1046,787,1046.3970899704768,99630,104,58,268,100,83931,46791,1.3120746763023186,46,28,21069,21620,11792,6039,16720,22154,49099,38796,29720,20793,1157,258,1161,3596,12147,22102,3681,151,736,12585,8110,114,605,865,17828,1658,844,12032
1047,787,1047.2970160573395,99630,106,57,268,100,83943,46797,1.31225534477567,51,30,21109,21664,11726,6013,16739,22135,49099,38796,29765,20869,1157,258,1158,3594,12117,22141,3680,151,738,12540,8083,114,605,865,17868,1660,844,12057
1048,787,1048.1952885820085,99630,103,56,268,100,83953,46803,1.3124159389742045,51,32,21157,21712,11671,5998,16749,22101,49099,38796,29809,20944,1155,258,1158,3596,12074,22192,3678,153,735,12510,8053,114,603,867,17891,1660,850,12083
1049,787,1049.0914173568444,99630,102,58,268,100,83966,46811,1.312626718859781,45,33,21192,21781,11618,5971,16774,22056,49099,38796,29852,21018,1155,258,1152,3596,12045,22230,3677,153,735,12462,8032,114,601,869,17932,1666,855,12098
1050,787,1050.4329386598185,99630,97,55,268,100,83980,46827,1.3129278329820335,43,21,21258,21874,11564,5943,16769,22006,49099,38796,29895,21091,1155,257,1148,3595,12022,22268,3676,153,741,12413,7999,113,600,870,17970,1670,859,12121
1051,787,1051.3249598889731,99630,97,53,268,100,83984,46830,1.3129980929438925,51,18,21279,21901,11517,5919,16787,22008,49099,38796,29937,21162,1155,257,1144,3596,11993,22300,3675,153,738,12379,7973,113,600,870,18002,1674,864,12144
1052,787,1052.2000412384148,99630,100,48,268,100,84000,46833,1.3131887985546522,55,26,21338,21991,11449,5887,16789,21947,49099,38796,29978,21232,1155,257,1141,3598,11956,22344,3673,153,736,12347,7947,113,597,872,18029,1676,870,12166
1053,787,1053.088830542141,99630,102,50,268,100,84011,46838,1.3133493927531867,58,32,21390,22036,11391,5863,16790,21918,49099,38796,30018,21301,1155,257,1139,3596,11927,22380,3672,153,736,12307,7928,113,597,872,18066,1678,872,12182
1054,787,1054.4178036427586,99630,96,51,268,100,84027,46851,1.3136404697380306,56,25,21461,22132,11341,5835,16777,21856,49099,38796,30058,21369,1155,257,1137,3596,11898,22422,3670,153,740,12266,7899,113,595,874,18096,1680,878,12201
1055,787,1055.3010821427604,99630,93,49,268,100,84037,46852,1.3137508782495233,56,28,21502,22193,11294,5814,16786,21815,49099,38796,30097,21436,1155,257,1135,3597,11865,22457,3668,153,740,12228,7882,113,590,879,18133,1682,882,12214
1056,787,1056.1829264524308,99630,95,53,268,100,84053,46863,1.3140218809595503,53,25,21524,22247,11250,5794,16809,21780,49099,38796,30136,21502,1153,257,1129,3596,11839,22492,3668,155,739,12190,7858,113,588,881,18166,1686,889,12231
1057,787,1057.0635165107876,99630,98,58,268,100,84065,46875,1.314262772257352,47,18,21568,22308,11202,5767,16816,21748,49099,38796,30174,21567,1152,257,1129,3596,11809,22530,3667,156,738,12148,7841,113,587,882,18201,1686,893,12245
1058,787,1058.071163136714,99630,94,53,268,100,84070,46877,1.314333032219211,52,16,21590,22348,11160,5749,16835,21733,49099,38796,30211,21631,1152,257,1128,3597,11776,22569,3664,156,740,12115,7820,113,587,882,18231,1686,895,12262
1059,787,1059.2333000229064,99630,93,52,268,100,84086,46882,1.3145438121047877,52,28,21666,22447,11087,5714,16833,21658,49099,38796,30248,21694,1150,257,1122,3601,11743,22606,3660,158,740,12079,7804,113,586,883,18264,1691,900,12273
1060,787,1060.1086017923087,99630,90,53,268,100,84095,46892,1.3147345177155476,52,25,21710,22507,11037,5693,16842,21621,49099,38796,30284,21756,1150,257,1116,3601,11713,22646,3660,158,738,12050,7788,113,581,887,18285,1696,909,12282
1061,787,1061.41802962165,99630,96,55,268,100,84118,46902,1.315065743250025,46,22,21789,22615,10986,5663,16814,21544,49099,38796,30320,21817,1150,257,1113,3606,11686,22683,3655,158,738,12009,7770,113,579,888,18320,1696,912,12297
1062,787,1062.2883547046576,99630,103,49,268,100,84134,46904,1.3152464117233764,43,26,21820,22659,10938,5650,16827,21515,49099,38796,30355,21877,1150,257,1109,3606,11657,22717,3654,158,739,11978,7748,113,577,890,18347,1700,919,12311
1063,787,1063.1573761439013,99629,104,43,269,100,84144,46907,1.3153900972608377,40,29,21860,22699,10897,5640,16829,21488,49099,38796,30390,21936,1147,257,1106,3607,11636,22742,3653,161,739,11951,7723,113,574,893,18370,1703,924,12330
1064,787,1064.0249424260294,99629,95,45,269,100,84151,46913,1.3155205813568338,42,28,21903,22737,10847,5623,16843,21466,49099,38796,30424,21994,1147,257,1105,3609,11613,22772,3651,161,742,11913,7708,113,573,894,18402,1703,928,12338
1065,787,1065.3230599195556,99629,93,44,269,100,84164,46921,1.3157313633580583,38,29,21976,22818,10792,5602,16831,21406,49099,38796,30457,22051,1147,256,1101,3608,11593,22805,3650,161,743,11875,7688,113,572,895,18431,1706,930,12355
1066,787,1066.1861046899187,99629,89,41,269,100,84174,46924,1.3158618474540544,37,29,22016,22884,10755,5586,16833,21359,49099,38796,30490,22107,1147,255,1099,3607,11569,22839,3649,161,744,11847,7667,113,571,895,18456,1706,932,12372
1067,787,1067.0477377713355,99629,82,40,269,100,84183,46929,1.3160023687882043,37,28,22069,22924,10711,5574,16831,21333,49099,38796,30522,22162,1146,254,1097,3611,11551,22866,3645,162,743,11809,7653,113,570,895,18487,1708,936,12383
1068,787,1068.336351659302,99629,74,43,269,100,84195,46940,1.3162332252657358,29,23,22152,23001,10664,5564,16811,21268,49099,38796,30554,22216,1146,254,1094,3612,11527,22900,3642,162,746,11775,7635,113,567,897,18514,1711,940,12394
1069,787,1069.192732615466,99629,73,46,269,100,84200,46948,1.316363709361732,32,23,22202,23058,10624,5548,16799,21224,49099,38796,30585,22269,1146,254,1093,3614,11502,22928,3640,162,749,11744,7617,113,567,897,18542,1712,942,12407
1070,787,1070.04750557067,99629,67,42,269,100,84207,46950,1.316454044505114,36,25,22229,23112,10591,5520,16807,21200,49099,38796,30616,22321,1146,254,1089,3617,11474,22963,3636,162,748,11721,7601,113,565,899,18561,1714,948,12418
1071,787,1071.3268245292575,99629,67,44,269,100,84221,46960,1.316694938220799,35,23,22320,23199,10518,5489,16790,21144,49099,38796,30647,22373,1145,254,1089,3622,11445,22998,3630,163,751,11696,7583,113,561,902,18584,1713,950,12430
1072,787,1072.1768806523921,99629,64,45,269,100,84226,46965,1.3167953106023347,38,23,22364,23246,10482,5469,16782,21116,49099,38796,30677,22424,1145,254,1086,3623,11427,23020,3629,163,750,11664,7562,113,561,902,18612,1716,953,12449
1073,787,1073.025371773878,99629,69,44,269,100,84233,46969,1.3169057202220238,35,21,22404,23289,10449,5454,16773,21091,49099,38796,30707,22474,1145,254,1082,3624,11404,23046,3628,163,749,11636,7552,113,558,905,18637,1720,956,12457
1074,787,1074.0473793592425,99629,65,38,269,100,84241,46972,1.3170161298417127,32,23,22490,23346,10404,5441,16739,21051,49099,38796,30736,22523,1145,254,1080,3623,11380,23081,3625,163,750,11611,7531,113,555,908,18656,1721,958,12475
1075,787,1075.3124040113728,99629,62,40,269,100,84247,46979,1.3171466139377088,38,18,22542,23410,10363,5426,16725,21005,49099,38796,30765,22571,1145,254,1076,3624,11356,23111,3623,163,750,11585,7516,113,554,909,18679,1724,959,12488
1076,787,1076.0943632399808,99629,58,43,269,100,84249,46986,1.317236949081091,42,14,22590,23463,10305,5407,16735,20972,49099,38796,30793,22619,1144,254,1073,3624,11339,23132,3623,164,749,11560,7503,113,551,912,18700,1727,962,12499
1077,787,1077.3648274278373,99629,62,36,269,100,84260,46990,1.317387507653394,47,12,22663,23551,10246,5400,16712,20900,49099,38796,30821,22666,1143,254,1073,3624,11317,23163,3622,165,750,11526,7488,113,551,912,18726,1727,966,12509
1078,787,1078.008541838249,99629,69,39,269,100,84270,46994,1.3175280289875437,39,10,22686,23576,10209,5386,16727,20888,49099,38796,30848,22712,1143,254,1071,3624,11299,23183,3622,165,750,11498,7474,113,549,914,18752,1729,967,12522
1079,787,1079.0212481041403,99629,70,34,269,100,84283,46997,1.3176886247980006,35,12,22751,23625,10153,5381,16721,20847,49099,38796,30875,22757,1143,254,1069,3623,11281,23207,3622,165,749,11472,7455,113,548,915,18774,1730,973,12536
1080,787,1080.0066454091314,99629,68,30,269,100,84293,47000,1.3178191088939968,38,13,22802,23676,10112,5365,16710,20815,49099,38796,30902,22802,1141,254,1067,3623,11268,23225,3620,167,751,11444,7440,113,544,919,18800,1731,978,12544
1081,787,1081.0327051059996,99629,70,25,269,100,84307,47003,1.317989741942607,40,17,22878,23765,10065,5344,16677,20748,49099,38796,30928,22846,1140,254,1064,3621,11250,23253,3620,168,748,11417,7430,113,541,922,18820,1733,987,12548
1082,787,1082.06512054236,99629,77,28,269,100,84321,47010,1.3182005239438317,38,17,22957,23814,10009,5328,16649,20712,49099,38796,30954,22889,1140,254,1062,3621,11226,23282,3620,168,749,11396,7415,113,541,922,18836,1735,989,12560
1083,787,1083.0912049133642,99629,70,25,269,100,84329,47012,1.318300896325367,47,19,23035,23893,9972,5303,16606,20659,49099,38796,30979,22931,1139,254,1060,3623,11208,23305,3617,169,750,11368,7402,113,540,923,18860,1737,992,12569
1084,787,1084.0844203683034,99629,65,21,269,100,84337,47015,1.3184113059450562,50,18,23098,23939,9929,5298,16588,20623,49099,38796,31004,22973,1137,254,1059,3623,11189,23332,3615,171,748,11346,7387,113,539,924,18876,1738,997,12581
1085,787,1085.3124197074512,99629,59,22,269,100,84342,47019,1.318501641088438,51,18,23132,23997,9904,5283,16584,20579,49099,38796,31029,23014,1137,254,1057,3624,11168,23356,3613,171,749,11321,7374,113,537,926,18899,1740,1000,12590
1086,787,1086.106037585547,99629,72,25,269,100,84362,47023,1.3187425348041233,35,17,23189,24073,9857,5261,16577,20523,49099,38796,31053,23054,1137,254,1055,3625,11147,23382,3612,171,750,11303,7357,113,535,928,18913,1741,1000,12606
1087,787,1087.0509052186544,99629,72,28,269,100,84373,47027,1.3188930933764265,32,17,23269,24138,9818,5238,16539,20478,49099,38796,31077,23094,1136,254,1053,3626,11128,23406,3611,172,749,11281,7345,113,534,928,18931,1743,1003,12616
1088,787,1088.23131004448,99628,69,29,270,100,84377,47031,1.3189866302645843,33,17,23320,24183,9786,5224,16521,20446,49099,38796,31101,23133,1136,254,1049,3626,11106,23429,3610,172,749,11259,7333,113,532,930,18952,1747,1007,12624
1089,787,1089.0744012244147,99628,67,29,270,100,84388,47035,1.3191371903480948,28,18,23391,24234,9748,5209,16495,20409,49099,38796,31124,23172,1136,254,1047,3625,11092,23450,3608,172,751,11243,7318,113,532,929,18965,1749,1010,12634
1090,787,1090.0519388153782,99628,64,36,270,100,84393,47042,1.3192576384149035,29,15,23444,24298,9707,5187,16485,20363,49099,38796,31147,23210,1136,254,1045,3625,11077,23469,3606,172,750,11225,7305,113,532,929,18981,1751,1011,12647
1091,787,1091.2381516448365,99628,71,37,270,100,84405,47048,1.3194383105151162,31,14,23538,24407,9654,5160,16435,20281,49099,38796,31170,23247,1136,254,1042,3626,11058,23491,3605,172,750,11203,7293,113,531,930,19000,1754,1015,12655
1092,787,1092.1957491411476,99628,69,35,270,100,84411,47050,1.319518609226322,28,15,23569,24425,9621,5150,16442,20274,49099,38796,31192,23284,1136,254,1040,3627,11045,23509,3604,172,748,11174,7287,113,530,930,19025,1756,1019,12659
1093,787,1093.1741838432433,99628,70,30,270,100,84417,47052,1.3195989079375277,33,15,23614,24493,9587,5135,16425,20226,49099,38796,31214,23320,1136,254,1038,3627,11035,23525,3604,172,750,11148,7273,113,530,930,19045,1758,1021,12669
1094,787,1094.0567976706636,99628,71,35,270,100,84424,47059,1.3197394306821375,36,12,23681,24567,9544,5111,16397,20174,49099,38796,31236,23356,1135,254,1036,3626,11022,23541,3603,173,748,11133,7264,113,530,930,19059,1760,1024,12677
