,indexID,time,N,Inf_L,Inf_H,Dead_L,Dead_H,cum_cases_L,cum_cases_H,cum_sum_per_N,Exposed_L,Exposed_H,Sus_L,Sus_H,Rec_nat_L,Rec_nat_H,Rec_vax_L,Rec_vax_H,vaccinatedH,vaccinatedL,boostedH,boostedL,count_Naive,count_Delta,count_Delta_vaccine,count_two,count_three,count_four,count_Omicron,count_Omicron_star,count_Omicron_star_vaccine,count_Omicron_vaccine,count_Vaccine,count_WT,count_WT_vaccine,count_WT_vaccine_boost,count_Omicron_vaccine_boost,count_Delta_vaccine_boost,count_Omicron_star_vaccine_boost,count_Vaccine_boost
0,12006,1.0189798748583077,99998,7,9,0,0,7,10,0.00017000340006800136,18,15,49974,49974,0,1,0,0,0,0,0,0,99997,0,0,0,0,0,0,0,0,0,0,1,0,0,0,0,0,0
1,12006,2.0873233086331355,99998,13,12,0,0,17,16,0.0003300066001320026,10,9,49972,49974,4,4,0,0,0,0,0,0,99990,0,0,0,0,0,0,0,0,0,0,8,0,0,0,0,0,0
2,12006,3.1558473506085343,99997,18,16,1,0,24,21,0.00045001350040501216,4,4,49971,49974,5,5,0,0,0,0,0,0,99987,0,0,0,0,0,0,0,0,0,0,10,0,0,0,0,0,0
3,12006,4.092618759680199,99997,19,16,1,0,27,22,0.0004900147004410132,4,7,49968,49970,7,6,0,0,0,0,0,0,99984,0,0,0,0,0,0,0,0,0,0,13,0,0,0,0,0,0
4,12006,5.082232924965574,99997,19,17,1,0,29,23,0.000520015600468014,4,6,49966,49970,9,6,0,0,0,0,0,0,99982,0,0,0,0,0,0,0,0,0,0,15,0,0,0,0,0,0
5,12006,6.013517282185029,99997,19,16,1,0,32,24,0.0005600168005040152,2,8,49965,49967,12,8,0,0,0,0,0,0,99977,0,0,0,0,0,0,0,0,0,0,20,0,0,0,0,0,0
6,12006,7.008500004885921,99997,17,15,1,0,32,27,0.000590017700531016,8,8,49959,49964,14,12,0,0,0,0,0,0,99971,0,0,0,0,0,0,0,0,0,0,26,0,0,0,0,0,0
7,12006,8.026485524712221,99997,19,14,1,0,36,32,0.0006800204006120183,7,6,49956,49961,16,18,0,0,0,0,0,0,99963,0,0,0,0,0,0,0,0,0,0,34,0,0,0,0,0,0
8,12006,9.028622082495039,99997,17,12,1,0,38,33,0.0007100213006390191,9,5,49952,49961,20,21,0,0,0,0,0,0,99956,0,0,0,0,0,0,0,0,0,0,41,0,0,0,0,0,0
9,12006,10.132807128330345,99997,19,10,1,0,42,33,0.0007500225006750203,9,7,49948,49959,22,23,0,0,0,0,0,0,99952,0,0,0,0,0,0,0,0,0,0,45,0,0,0,0,0,0
10,12006,11.122804931359969,99997,18,10,1,0,45,34,0.0007900237007110214,11,7,49943,49958,26,24,0,0,0,0,0,0,99947,0,0,0,0,0,0,0,0,0,0,50,0,0,0,0,0,0
11,12006,12.021448238667197,99997,16,13,1,0,47,39,0.0008600258007740232,12,3,49941,49957,29,26,0,0,0,0,0,0,99941,0,0,0,0,0,0,0,0,0,0,56,0,0,0,0,0,0
12,12006,13.028580128589303,99997,21,11,1,0,53,39,0.0009200276008280248,6,3,49941,49958,30,27,0,0,0,0,0,0,99938,0,0,0,0,0,0,0,0,0,0,59,0,0,0,0,0,0
13,12006,14.081147243301423,99997,18,11,1,0,54,40,0.0009400282008460253,6,5,49940,49955,34,28,0,0,0,0,0,0,99933,0,0,0,0,0,0,0,0,0,0,64,0,0,0,0,0,0
14,12006,15.015650022017587,99997,17,10,1,0,56,40,0.000960028800864026,6,7,49938,49953,37,29,0,0,0,0,0,0,99929,0,0,0,0,0,0,0,0,0,0,68,0,0,0,0,0,0
15,12006,16.084411234526325,99997,15,11,1,0,57,43,0.001000030000900027,5,5,49938,49952,40,31,0,0,0,0,0,0,99924,0,0,0,0,0,0,0,0,0,0,73,0,0,0,0,0,0
16,12006,17.240605121601277,99997,14,13,1,0,59,45,0.001040031200936028,4,4,49937,49951,43,31,0,0,0,0,0,0,99921,0,0,0,0,0,0,0,0,0,0,76,0,0,0,0,0,0
17,12006,18.28670459865211,99997,14,13,1,0,60,46,0.0010600318009540287,3,5,49937,49949,44,32,0,0,0,0,0,0,99919,0,0,0,0,0,0,0,0,0,0,78,0,0,0,0,0,0
18,12006,19.01178232699236,99997,10,10,1,0,60,46,0.0010600318009540287,3,8,49937,49946,48,35,0,0,0,0,0,0,99912,0,0,0,0,0,0,0,0,0,0,85,0,0,0,0,0,0
19,12006,20.232924421250058,99997,7,9,1,0,60,49,0.0010900327009810294,4,5,49936,49946,51,39,0,0,0,0,0,0,99905,0,0,0,0,0,0,0,0,0,0,92,0,0,0,0,0,0
20,12006,21.219258183460063,99997,6,6,1,0,61,51,0.0011200336010080303,3,3,49936,49946,53,44,0,0,0,0,0,0,99898,0,0,0,0,0,0,0,0,0,0,99,0,0,0,0,0,0
21,12006,22.137441673269404,99997,7,8,1,0,63,54,0.0011700351010530317,2,0,49935,49946,54,45,0,0,0,0,0,0,99896,0,0,0,0,0,0,0,0,0,0,101,0,0,0,0,0,0
22,12006,23.12958802473172,99997,6,5,1,0,65,54,0.001190035701071032,3,0,49933,49946,56,48,0,0,0,0,0,0,99890,0,0,0,0,0,0,0,0,0,0,107,0,0,0,0,0,0
23,12006,24.185851985558394,99997,5,4,1,0,67,54,0.0012100363010890327,2,2,49933,49944,58,49,0,0,0,0,0,0,99886,0,0,0,0,0,0,0,0,0,0,111,0,0,0,0,0,0
24,12006,25.219749912415683,99997,6,5,1,0,68,55,0.0012300369011070333,2,1,49932,49944,58,49,0,0,0,0,0,0,99886,0,0,0,0,0,0,0,0,0,0,111,0,0,0,0,0,0
25,12006,26.20467606074487,99997,4,6,1,0,68,56,0.0012400372011160336,2,0,49932,49944,60,49,0,0,0,0,0,0,99884,0,0,0,0,0,0,0,0,0,0,113,0,0,0,0,0,0
26,12006,27.07927733229493,99997,5,6,1,0,70,56,0.001260037801134034,3,0,49930,49944,60,49,0,0,0,0,0,0,99883,0,0,0,0,0,0,0,0,0,0,114,0,0,0,0,0,0
27,12006,28.014080311566104,99997,4,6,1,0,70,56,0.001260037801134034,3,1,49931,49944,60,48,0,0,0,0,0,0,99882,0,0,0,0,0,0,0,0,0,0,115,0,0,0,0,0,0
28,12006,29.120995227510985,99997,4,6,1,0,72,57,0.001290038701161035,3,1,49929,49944,62,48,0,0,0,0,0,0,99879,0,0,0,0,0,0,0,0,0,0,118,0,0,0,0,0,0
29,12006,30.002822403514,99997,6,6,1,0,74,58,0.0013200396011880356,1,1,49929,49943,62,49,0,0,0,0,0,0,99878,0,0,0,0,0,0,0,0,0,0,119,0,0,0,0,0,0
30,12006,31.32032166340639,99997,4,4,1,0,74,58,0.0013200396011880356,3,1,49927,49943,64,51,0,0,0,0,0,0,99874,0,0,0,0,0,0,0,0,0,0,123,0,0,0,0,0,0
31,12006,32.01297574443247,99997,5,3,1,0,75,58,0.001330039901197036,3,1,49926,49943,64,52,0,0,0,0,0,0,99873,0,0,0,0,0,0,0,0,0,0,124,0,0,0,0,0,0
32,12006,33.03082959704817,99997,4,3,1,0,75,58,0.001330039901197036,3,1,49926,49943,65,52,0,0,0,0,0,0,99872,0,0,0,0,0,0,0,0,0,0,125,0,0,0,0,0,0
33,12006,34.0893517281306,99997,4,3,1,0,75,58,0.001330039901197036,4,1,49925,49943,65,52,0,0,0,0,0,0,99872,0,0,0,0,0,0,0,0,0,0,125,0,0,0,0,0,0
34,12006,35.24071716603537,99997,5,3,1,0,76,58,0.0013400402012060362,6,1,49922,49943,65,52,0,0,0,0,0,0,99872,0,0,0,0,0,0,0,0,0,0,125,0,0,0,0,0,0
35,12006,36.30216545140381,99997,6,3,1,0,78,58,0.0013600408012240366,6,1,49920,49943,66,52,0,0,0,0,0,0,99871,0,0,0,0,0,0,0,0,0,0,126,0,0,0,0,0,0
36,12006,37.07613106133163,99997,5,2,1,0,79,58,0.001370041101233037,5,2,49920,49943,68,52,0,0,0,0,0,0,99868,0,0,0,0,0,0,0,0,0,0,129,0,0,0,0,0,0
37,12006,38.130213820101964,99997,4,2,1,0,80,58,0.0013800414012420372,6,2,49918,49943,70,52,0,0,0,0,0,0,99866,0,0,0,0,0,0,0,0,0,0,131,0,0,0,0,0,0
38,12006,39.282015517276726,99997,4,2,1,0,81,59,0.0014000420012600379,5,1,49920,49944,69,52,0,0,0,0,0,0,99864,0,0,0,0,0,0,0,0,0,0,133,0,0,0,0,0,0
39,12006,40.33435964184206,99997,6,2,1,0,83,59,0.0014200426012780383,3,1,49922,49944,67,52,0,0,0,0,0,0,99864,0,0,0,0,0,0,0,0,0,0,133,0,0,0,0,0,0
40,12006,41.29483379115038,99997,5,1,1,0,84,59,0.0014300429012870386,3,1,49921,49945,69,52,0,0,0,0,0,0,99861,0,0,0,0,0,0,0,0,0,0,136,0,0,0,0,0,0
41,12006,42.00985750023771,99997,4,1,1,0,84,59,0.0014300429012870386,3,1,49922,49946,69,51,0,0,0,0,0,0,99860,0,0,0,0,0,0,0,0,0,0,137,0,0,0,0,0,0
42,12006,43.063000310079076,99997,5,0,1,0,86,59,0.0014500435013050392,2,1,49921,49946,70,52,0,0,0,0,0,0,99858,0,0,0,0,0,0,0,0,0,0,139,0,0,0,0,0,0
43,12006,44.18117912214306,99997,3,1,1,0,87,60,0.0014700441013230398,2,0,49920,49946,73,52,0,0,0,0,0,0,99855,0,0,0,0,0,0,0,0,0,0,142,0,0,0,0,0,0
44,12006,45.20915842407654,99997,4,0,1,0,88,60,0.0014800444013320399,1,0,49920,49947,73,52,0,0,0,0,0,0,99854,0,0,0,0,0,0,0,0,0,0,143,0,0,0,0,0,0
45,12006,46.22719039441938,99997,4,0,1,0,88,60,0.0014800444013320399,1,0,49921,49947,72,52,0,0,0,0,0,0,99854,0,0,0,0,0,0,0,0,0,0,143,0,0,0,0,0,0
46,12006,47.24520545613369,99997,4,0,1,0,88,60,0.0014800444013320399,2,1,49921,49946,71,52,0,0,0,0,0,0,99854,0,0,0,0,0,0,0,0,0,0,143,0,0,0,0,0,0
47,12006,48.091013338676305,99997,3,0,1,0,88,60,0.0014800444013320399,4,1,49919,49946,72,52,0,0,0,0,0,0,99853,0,0,0,0,0,0,0,0,0,0,144,0,0,0,0,0,0
48,12006,49.24217085746892,99997,5,0,1,0,90,60,0.0015000450013500405,3,1,49918,49946,72,52,0,0,0,0,0,0,99853,0,0,0,0,0,0,0,0,0,0,144,0,0,0,0,0,0
49,12006,50.26020709990731,99997,5,0,1,0,90,60,0.0015000450013500405,4,2,49917,49945,72,52,0,0,0,0,0,0,99853,0,0,0,0,0,0,0,0,0,0,144,0,0,0,0,0,0
50,12006,51.33337478455178,99997,5,1,1,0,91,61,0.0015200456013680411,4,2,49917,49944,72,52,0,0,0,0,0,0,99852,0,0,0,0,0,0,0,0,0,0,145,0,0,0,0,0,0
51,12006,52.012068453107304,99997,5,1,1,0,91,61,0.0015200456013680411,4,2,49917,49945,72,51,0,0,0,0,0,0,99852,0,0,0,0,0,0,0,0,0,0,145,0,0,0,0,0,0
52,12006,53.03010679722884,99997,5,0,1,0,91,61,0.0015200456013680411,5,2,49916,49945,72,52,0,0,0,0,0,0,99851,0,0,0,0,0,0,0,0,0,0,146,0,0,0,0,0,0
53,12006,54.324097594407704,99997,6,1,1,0,93,62,0.0015500465013950418,3,2,49916,49944,73,52,0,0,0,0,0,0,99850,0,0,0,0,0,0,0,0,0,0,147,0,0,0,0,0,0
54,12006,55.00280256895397,99997,6,1,1,0,93,62,0.0015500465013950418,3,3,49917,49943,72,52,0,0,0,0,0,0,99850,0,0,0,0,0,0,0,0,0,0,147,0,0,0,0,0,0
55,12006,56.11138066261204,99997,6,3,1,0,95,64,0.0015900477014310428,2,1,49916,49943,74,52,0,0,0,0,0,0,99848,0,0,0,0,0,0,0,0,0,0,149,0,0,0,0,0,0
56,12006,57.32352163810379,99997,4,4,1,0,95,65,0.0016000480014400431,3,0,49916,49943,75,52,0,0,0,0,0,0,99846,0,0,0,0,0,0,0,0,0,0,151,0,0,0,0,0,0
57,12006,58.00223248986897,99997,4,4,1,0,95,65,0.0016000480014400431,4,0,49915,49943,75,52,0,0,0,0,0,0,99846,0,0,0,0,0,0,0,0,0,0,151,0,0,0,0,0,0
58,12006,59.02031111120337,99997,3,3,1,0,95,65,0.0016000480014400431,4,0,49915,49943,76,53,0,0,0,0,0,0,99844,0,0,0,0,0,0,0,0,0,0,153,0,0,0,0,0,0
59,12006,60.08497733221229,99997,5,3,1,0,97,65,0.0016200486014580438,2,0,49915,49943,76,53,0,0,0,0,0,0,99844,0,0,0,0,0,0,0,0,0,0,153,0,0,0,0,0,0
60,12006,61.08810897162863,99997,4,1,1,0,97,65,0.0016200486014580438,3,0,49914,49943,77,55,0,0,0,0,0,0,99841,0,0,0,0,0,0,0,0,0,0,156,0,0,0,0,0,0
61,12006,62.31424682716926,99997,5,1,1,0,99,65,0.0016400492014760444,2,1,49913,49942,78,55,0,0,0,0,0,0,99840,0,0,0,0,0,0,0,0,0,0,157,0,0,0,0,0,0
62,12006,63.3323924760321,99997,5,1,1,0,99,65,0.0016400492014760444,3,1,49912,49942,78,55,0,0,0,0,0,0,99840,0,0,0,0,0,0,0,0,0,0,157,0,0,0,0,0,0
63,12006,64.0111623499064,99997,6,1,1,0,100,65,0.0016500495014850445,3,2,49911,49941,78,55,0,0,0,0,0,0,99840,0,0,0,0,0,0,0,0,0,0,157,0,0,0,0,0,0
64,12006,65.09279244563146,99997,5,2,1,0,100,66,0.0016600498014940448,3,1,49912,49942,78,54,0,0,0,0,0,0,99839,0,0,0,0,0,0,0,0,0,0,158,0,0,0,0,0,0
65,12006,66.2979613409129,99997,5,2,1,0,102,66,0.0016800504015120454,2,1,49911,49942,80,54,0,0,0,0,0,0,99837,0,0,0,0,0,0,0,0,0,0,160,0,0,0,0,0,0
66,12006,67.05467104895065,99997,5,2,1,0,102,66,0.0016800504015120454,3,1,49911,49942,79,54,0,0,0,0,0,0,99837,0,0,0,0,0,0,0,0,0,0,160,0,0,0,0,0,0
67,12006,68.07283570141452,99997,6,2,1,0,103,66,0.0016900507015210457,3,2,49910,49941,79,54,0,0,0,0,0,0,99837,0,0,0,0,0,0,0,0,0,0,160,0,0,0,0,0,0
68,12006,69.20571878473828,99997,5,2,1,0,103,66,0.0016900507015210457,3,2,49910,49942,80,53,0,0,0,0,0,0,99836,0,0,0,0,0,0,0,0,0,0,161,0,0,0,0,0,0
69,12006,70.00354123832318,99997,6,3,1,0,104,67,0.001710051301539046,4,2,49908,49941,80,53,0,0,0,0,0,0,99836,0,0,0,0,0,0,0,0,0,0,161,0,0,0,0,0,0
70,12006,71.24845337092864,99997,4,3,1,0,104,67,0.001710051301539046,4,3,49908,49940,82,53,0,0,0,0,0,0,99834,0,0,0,0,0,0,0,0,0,0,163,0,0,0,0,0,0
71,12006,72.29934304663082,99997,6,4,1,0,106,68,0.001740052201566047,3,3,49907,49939,82,53,0,0,0,0,0,0,99834,0,0,0,0,0,0,0,0,0,0,163,0,0,0,0,0,0
72,12006,73.04809666485383,99997,8,6,1,0,109,71,0.0018000540016200486,0,0,49907,49939,83,54,0,0,0,0,0,0,99832,0,0,0,0,0,0,0,0,0,0,165,0,0,0,0,0,0
73,12006,74.03249590484464,99997,5,5,1,0,109,71,0.0018000540016200486,0,1,49907,49938,86,55,0,0,0,0,0,0,99828,0,0,0,0,0,0,0,0,0,0,169,0,0,0,0,0,0
74,12006,75.17145748843191,99997,5,5,1,0,109,71,0.0018000540016200486,0,1,49907,49938,86,55,0,0,0,0,0,0,99828,0,0,0,0,0,0,0,0,0,0,169,0,0,0,0,0,0
75,12006,76.1897216520956,99997,5,6,1,0,109,72,0.001810054301629049,0,0,49907,49938,86,55,0,0,0,0,0,0,99828,0,0,0,0,0,0,0,0,0,0,169,0,0,0,0,0,0
76,12006,77.25297450720575,99997,4,6,1,0,109,72,0.001810054301629049,0,0,49907,49938,87,55,0,0,0,0,0,0,99827,0,0,0,0,0,0,0,0,0,0,170,0,0,0,0,0,0
77,12006,78.31682408445202,99997,4,4,1,0,109,72,0.001810054301629049,0,0,49907,49938,87,57,0,0,0,0,0,0,99825,0,0,0,0,0,0,0,0,0,0,172,0,0,0,0,0,0
78,12006,79.0806900725921,99997,4,4,1,0,109,72,0.001810054301629049,1,0,49906,49938,87,57,0,0,0,0,0,0,99825,0,0,0,0,0,0,0,0,0,0,172,0,0,0,0,0,0
79,12006,80.12349575258627,99997,3,3,1,0,109,72,0.001810054301629049,2,0,49905,49938,88,58,0,0,0,0,0,0,99823,0,0,0,0,0,0,0,0,0,0,174,0,0,0,0,0,0
80,12006,81.14181911159353,99997,3,3,1,0,109,72,0.001810054301629049,2,0,49905,49938,88,58,0,0,0,0,0,0,99823,0,0,0,0,0,0,0,0,0,0,174,0,0,0,0,0,0
81,12006,82.12376604326197,99997,2,2,1,0,109,72,0.001810054301629049,3,0,49904,49939,89,58,0,0,0,0,0,0,99821,0,0,0,0,0,0,0,0,0,0,176,0,0,0,0,0,0
82,12006,83.14211327811101,99997,2,2,1,0,109,72,0.001810054301629049,4,0,49903,49939,89,58,0,0,0,0,0,0,99821,0,0,0,0,0,0,0,0,0,0,176,0,0,0,0,0,0
83,12006,84.30632949940569,99997,2,1,1,0,110,72,0.001820054601638049,3,0,49903,49939,90,59,0,0,0,0,0,0,99819,0,0,0,0,0,0,0,0,0,0,178,0,0,0,0,0,0
84,12006,85.32470636437998,99997,2,1,1,0,110,72,0.001820054601638049,3,0,49903,49939,90,59,0,0,0,0,0,0,99819,0,0,0,0,0,0,0,0,0,0,178,0,0,0,0,0,0
85,12006,86.00362427436283,99997,2,0,1,0,110,72,0.001820054601638049,3,0,49903,49939,90,60,0,0,0,0,0,0,99818,0,0,0,0,0,0,0,0,0,0,179,0,0,0,0,0,0
86,12006,87.01393449906129,99997,1,0,1,0,110,72,0.001820054601638049,3,0,49904,49939,90,60,0,0,0,0,0,0,99817,0,0,0,0,0,0,0,0,0,0,180,0,0,0,0,0,0
87,12006,88.03230777469666,99997,1,0,1,0,110,72,0.001820054601638049,3,0,49904,49939,90,60,0,0,0,0,0,0,99817,0,0,0,0,0,0,0,0,0,0,180,0,0,0,0,0,0
88,12006,89.11603138402573,99997,2,0,1,0,111,72,0.0018300549016470494,2,0,49904,49939,90,60,0,0,0,0,0,0,99817,0,0,0,0,0,0,0,0,0,0,180,0,0,0,0,0,0
89,12006,90.13440331215037,99997,2,0,1,0,111,72,0.0018300549016470494,2,0,49904,49939,90,60,0,0,0,0,0,0,99817,0,0,0,0,0,0,0,0,0,0,180,0,0,0,0,0,0
90,12006,91.14893706545857,99997,2,0,1,0,112,72,0.0018400552016560497,1,0,49905,49939,90,60,0,0,0,0,0,0,99816,0,0,0,0,0,0,0,0,0,0,181,0,0,0,0,0,0
91,12006,92.15437479221556,99997,2,0,1,0,112,72,0.0018400552016560497,1,0,49906,49939,89,60,0,0,0,0,0,0,99816,0,0,0,0,0,0,0,0,0,0,181,0,0,0,0,0,0
92,12006,93.08302147704114,99997,1,0,1,0,112,72,0.0018400552016560497,1,0,49906,49939,90,60,0,0,0,0,0,0,99815,0,0,0,0,0,0,0,0,0,0,182,0,0,0,0,0,0
93,12006,94.10137215497346,99997,1,0,1,0,112,72,0.0018400552016560497,1,1,49906,49939,90,59,0,0,0,0,0,0,99815,0,0,0,0,0,0,0,0,0,0,182,0,0,0,0,0,0
94,12006,95.11971994933116,99997,1,0,1,0,112,72,0.0018400552016560497,1,1,49906,49939,90,59,0,0,0,0,0,0,99815,0,0,0,0,0,0,0,0,0,0,182,0,0,0,0,0,0
95,12006,96.22088009524093,99997,1,1,1,0,113,73,0.0018600558016740503,1,0,49905,49939,91,59,0,0,0,0,0,0,99814,0,0,0,0,0,0,0,0,0,0,183,0,0,0,0,0,0
96,12006,97.29972775366039,99997,2,1,1,0,114,73,0.0018700561016830506,1,0,49904,49939,91,59,0,0,0,0,0,0,99814,0,0,0,0,0,0,0,0,0,0,183,0,0,0,0,0,0
97,12006,98.31810741911733,99997,2,1,1,0,114,73,0.0018700561016830506,2,0,49904,49939,90,59,0,0,0,0,0,0,99814,0,0,0,0,0,0,0,0,0,0,183,0,0,0,0,0,0
98,12006,99.27194015102121,99997,4,2,1,0,116,74,0.0019000570017100513,0,0,49904,49938,90,59,0,0,0,0,0,0,99814,0,0,0,0,0,0,0,0,0,0,183,0,0,0,0,0,0
99,12006,100.09354095347533,99997,4,2,1,0,116,74,0.0019000570017100513,1,1,49904,49937,89,59,0,0,0,0,0,0,99814,0,0,0,0,0,0,0,0,0,0,183,0,0,0,0,0,0
100,12006,101.11188808854253,99997,4,1,1,0,116,74,0.0019000570017100513,1,1,49904,49937,89,60,0,0,0,0,0,0,99813,0,0,0,0,0,0,0,0,0,0,184,0,0,0,0,0,0
101,12006,102.06627311634969,99997,3,1,1,0,116,74,0.0019000570017100513,2,1,49904,49937,89,60,0,0,0,0,0,0,99812,0,0,0,0,0,0,0,0,0,0,185,0,0,0,0,0,0
102,12006,103.0846239644436,99997,3,1,1,0,116,74,0.0019000570017100513,2,1,49904,49937,89,60,0,0,0,0,0,0,99812,0,0,0,0,0,0,0,0,0,0,185,0,0,0,0,0,0
103,12006,104.30085737423724,99997,3,2,1,0,117,75,0.001920057601728052,1,1,49904,49937,90,59,0,0,0,0,0,0,99811,0,0,0,0,0,0,0,0,0,0,186,0,0,0,0,0,0
104,12006,105.23743888316372,99997,3,1,1,0,117,75,0.001920057601728052,1,1,49904,49937,90,60,0,0,0,0,0,0,99810,0,0,0,0,0,0,0,0,0,0,187,0,0,0,0,0,0
105,12006,106.2104002579329,99997,3,2,1,0,118,76,0.0019400582017460523,0,1,49904,49936,91,60,0,0,0,0,0,0,99809,0,0,0,0,0,0,0,0,0,0,188,0,0,0,0,0,0
106,12006,107.22876521527736,99997,3,2,1,0,118,76,0.0019400582017460523,0,1,49904,49936,91,60,0,0,0,0,0,0,99809,0,0,0,0,0,0,0,0,0,0,188,0,0,0,0,0,0
107,12006,108.08601144745059,99997,2,2,1,0,118,76,0.0019400582017460523,1,1,49903,49936,92,60,0,0,0,0,0,0,99808,0,0,0,0,0,0,0,0,0,0,189,0,0,0,0,0,0
108,12006,109.10439820114469,99997,2,2,1,0,118,76,0.0019400582017460523,2,1,49902,49937,92,59,0,0,0,0,0,0,99808,0,0,0,0,0,0,0,0,0,0,189,0,0,0,0,0,0
109,12006,110.10044194527464,99997,4,3,1,0,120,77,0.0019700591017730532,1,0,49901,49937,92,59,0,0,0,0,0,0,99808,0,0,0,0,0,0,0,0,0,0,189,0,0,0,0,0,0
110,12006,111.11883544717317,99997,4,3,1,0,120,77,0.0019700591017730532,3,0,49900,49937,91,59,0,0,0,0,0,0,99808,0,0,0,0,0,0,0,0,0,0,189,0,0,0,0,0,0
111,12006,112.13723296558966,99997,5,3,1,0,121,77,0.0019800594017820535,2,0,49900,49939,91,57,0,0,0,0,0,0,99808,0,0,0,0,0,0,0,0,0,0,189,0,0,0,0,0,0
112,12006,113.0593166480471,99997,4,3,1,0,121,77,0.0019800594017820535,3,0,49899,49939,92,57,0,0,0,0,0,0,99807,0,0,0,0,0,0,0,0,0,0,190,0,0,0,0,0,0
113,12006,114.25198496516782,99997,2,2,1,0,121,77,0.0019800594017820535,3,1,49900,49938,93,58,0,0,0,0,0,0,99804,0,0,0,0,0,0,0,0,0,0,193,0,0,0,0,0,0
114,12006,115.25296143096725,99997,2,2,1,0,121,77,0.0019800594017820535,3,1,49900,49938,93,58,0,0,0,0,0,0,99804,0,0,0,0,0,0,0,0,0,0,193,0,0,0,0,0,0
115,12006,116.27138971727503,99997,2,2,1,0,121,77,0.0019800594017820535,3,1,49901,49939,92,57,0,0,0,0,0,0,99804,0,0,0,0,0,0,0,0,0,0,193,0,0,0,0,0,0
116,12006,117.11178062874298,99997,3,2,1,0,122,77,0.001990059701791054,3,1,49900,49939,92,57,0,0,0,0,0,0,99804,0,0,0,0,0,0,0,0,0,0,193,0,0,0,0,0,0
117,12006,118.30154098757065,99997,4,2,1,0,123,77,0.002000060001800054,2,1,49900,49939,92,57,0,0,0,0,0,0,99804,0,0,0,0,0,0,0,0,0,0,193,0,0,0,0,0,0
118,12006,119.13570297431002,99997,2,2,1,0,123,78,0.0020100603018090545,2,0,49900,49939,94,58,0,0,0,0,0,0,99801,0,0,0,0,0,0,0,0,0,0,196,0,0,0,0,0,0
119,12006,120.20645854525567,99997,2,2,1,0,123,78,0.0020100603018090545,2,0,49901,49940,93,57,0,0,0,0,0,0,99801,0,0,0,0,0,0,0,0,0,0,196,0,0,0,0,0,0
120,12006,121.22488047591968,99997,3,2,1,0,124,78,0.0020200606018180543,2,0,49900,49940,93,57,0,0,0,0,0,0,99801,0,0,0,0,0,0,0,0,0,0,196,0,0,0,0,0,0
121,12006,122.13289556430897,99997,1,1,1,0,124,78,0.0020200606018180543,2,0,49900,49940,95,58,0,0,0,0,0,0,99798,0,0,0,0,0,0,0,0,0,0,199,0,0,0,0,0,0
122,12006,123.06902649944377,99997,2,0,1,0,126,78,0.002040061201836055,0,0,49901,49940,95,59,0,0,0,0,0,0,99796,0,0,0,0,0,0,0,0,0,0,201,0,0,0,0,0,0
123,12006,124.16243369903583,99997,2,0,1,0,126,78,0.002040061201836055,0,0,49901,49940,95,59,0,0,0,0,0,0,99796,0,0,0,0,0,0,0,0,0,0,201,0,0,0,0,0,0
124,12006,125.18088665514718,99997,2,0,1,0,126,78,0.002040061201836055,0,0,49901,49940,95,59,0,0,0,0,0,0,99796,0,0,0,0,0,0,0,0,0,0,201,0,0,0,0,0,0
125,12006,126.06343625218095,99997,1,0,1,0,126,78,0.002040061201836055,0,0,49901,49940,96,59,0,0,0,0,0,0,99795,0,0,0,0,0,0,0,0,0,0,202,0,0,0,0,0,0
126,12006,127.08190041618319,99997,0,0,1,0,126,78,0.002040061201836055,0,0,49901,49940,97,59,0,0,0,0,0,0,99794,0,0,0,0,0,0,0,0,0,0,203,0,0,0,0,0,0
127,12006,128.18445689722887,99997,0,0,1,0,126,78,0.002040061201836055,0,0,49902,49940,96,59,0,0,0,0,0,0,99794,0,0,0,0,0,0,0,0,0,0,203,0,0,0,0,0,0
128,12006,129.20291180371294,99997,0,0,1,0,126,78,0.002040061201836055,0,0,49902,49941,96,58,0,0,0,0,0,0,99794,0,0,0,0,0,0,0,0,0,0,203,0,0,0,0,0,0
129,12006,130.22136668224755,99997,0,0,1,0,126,78,0.002040061201836055,0,0,49902,49941,96,58,0,0,0,0,0,0,99794,0,0,0,0,0,0,0,0,0,0,203,0,0,0,0,0,0
130,12006,131.23982156078216,99997,0,0,1,0,126,78,0.002040061201836055,0,0,49904,49941,94,58,0,0,0,0,0,0,99794,0,0,0,0,0,0,0,0,0,0,203,0,0,0,0,0,0
131,12006,132.25823553890868,99997,0,0,1,0,126,78,0.002040061201836055,0,0,49904,49941,94,58,0,0,0,0,0,0,99794,0,0,0,0,0,0,0,0,0,0,203,0,0,0,0,0,0
132,12006,133.2766495170352,99997,0,0,1,0,126,78,0.002040061201836055,0,0,49905,49941,93,58,0,0,0,0,0,0,99794,0,0,0,0,0,0,0,0,0,0,203,0,0,0,0,0,0
133,12006,134.29504986251195,99997,0,0,1,0,126,78,0.002040061201836055,0,0,49905,49941,93,58,0,0,0,0,0,0,99794,0,0,0,0,0,0,0,0,0,0,203,0,0,0,0,0,0
134,12006,135.3134433916638,99997,0,0,1,0,126,78,0.002040061201836055,0,0,49906,49942,92,57,0,0,0,0,0,0,99794,0,0,0,0,0,0,0,0,0,0,203,0,0,0,0,0,0
135,12006,136.3318232467911,99997,0,0,1,0,126,78,0.002040061201836055,0,0,49906,49942,92,57,0,0,0,0,0,0,99794,0,0,0,0,0,0,0,0,0,0,203,0,0,0,0,0,0
136,12006,137.01073860617498,99997,0,0,1,0,126,78,0.002040061201836055,0,0,49906,49943,92,56,0,0,0,0,0,0,99794,0,0,0,0,0,0,0,0,0,0,203,0,0,0,0,0,0
137,12006,138.02911160332988,99997,0,0,1,0,126,78,0.002040061201836055,0,0,49906,49943,92,56,0,0,0,0,0,0,99794,0,0,0,0,0,0,0,0,0,0,203,0,0,0,0,0,0
138,12006,139.04748458651116,99997,0,0,1,0,126,78,0.002040061201836055,0,0,49907,49944,91,55,0,0,0,0,0,0,99794,0,0,0,0,0,0,0,0,0,0,203,0,0,0,0,0,0
139,12006,140.06584391018973,99997,0,0,1,0,126,78,0.002040061201836055,0,0,49907,49944,91,55,0,0,0,0,0,0,99794,0,0,0,0,0,0,0,0,0,0,203,0,0,0,0,0,0
140,12006,141.08419641809056,99997,0,0,1,0,126,78,0.002040061201836055,0,0,49908,49945,90,54,0,0,0,0,0,0,99794,0,0,0,0,0,0,0,0,0,0,203,0,0,0,0,0,0
141,12006,142.10252845153147,99997,0,0,1,0,126,78,0.002040061201836055,0,0,49908,49945,90,54,0,0,0,0,0,0,99794,0,0,0,0,0,0,0,0,0,0,203,0,0,0,0,0,0
142,12006,143.12086047099933,99997,0,0,1,0,126,78,0.002040061201836055,0,0,49908,49945,90,54,0,0,0,0,0,0,99794,0,0,0,0,0,0,0,0,0,0,203,0,0,0,0,0,0
143,12006,144.1391924904672,99997,0,0,1,0,126,78,0.002040061201836055,0,0,49908,49945,90,54,0,0,0,0,0,0,99794,0,0,0,0,0,0,0,0,0,0,203,0,0,0,0,0,0
144,12006,145.15752450993506,99997,0,0,1,0,126,78,0.002040061201836055,0,0,49908,49945,90,54,0,0,0,0,0,0,99794,0,0,0,0,0,0,0,0,0,0,203,0,0,0,0,0,0
145,12006,146.17585652940292,99997,0,0,1,0,126,78,0.002040061201836055,0,0,49908,49945,90,54,0,0,0,0,0,0,99794,0,0,0,0,0,0,0,0,0,0,203,0,0,0,0,0,0
146,12006,147.19418854887078,99997,0,0,1,0,126,78,0.002040061201836055,0,0,49908,49945,90,54,0,0,0,0,0,0,99794,0,0,0,0,0,0,0,0,0,0,203,0,0,0,0,0,0
147,12006,148.21252056833865,99997,0,0,1,0,126,78,0.002040061201836055,0,0,49908,49945,90,54,0,0,0,0,0,0,99794,0,0,0,0,0,0,0,0,0,0,203,0,0,0,0,0,0
148,12006,149.2308525878065,99997,0,0,1,0,126,78,0.002040061201836055,0,0,49908,49946,90,53,0,0,0,0,0,0,99794,0,0,0,0,0,0,0,0,0,0,203,0,0,0,0,0,0
149,12006,150.24918456535514,99997,0,0,1,0,126,78,0.002040061201836055,0,0,49909,49946,89,53,0,0,0,0,0,0,99794,0,0,0,0,0,0,0,0,0,0,203,0,0,0,0,0,0
150,12006,151.26749609721097,99997,0,0,1,0,126,78,0.002040061201836055,0,0,49909,49946,89,53,0,0,0,0,0,0,99794,0,0,0,0,0,0,0,0,0,0,203,0,0,0,0,0,0
151,12006,152.2858076290668,99997,0,0,1,0,126,78,0.002040061201836055,0,0,49909,49946,89,53,0,0,0,0,0,0,99794,0,0,0,0,0,0,0,0,0,0,203,0,0,0,0,0,0
152,12006,153.30411916092262,99997,0,0,1,0,126,78,0.002040061201836055,0,0,49910,49946,88,53,0,0,0,0,0,0,99794,0,0,0,0,0,0,0,0,0,0,203,0,0,0,0,0,0
153,12006,154.32240343322025,99997,0,0,1,0,126,78,0.002040061201836055,0,0,49911,49946,87,53,0,0,0,0,0,0,99794,0,0,0,0,0,0,0,0,0,0,203,0,0,0,0,0,0
154,12006,155.0012505285057,99997,0,0,1,0,126,78,0.002040061201836055,0,0,49912,49946,86,53,0,0,0,0,0,0,99794,0,0,0,0,0,0,0,0,0,0,203,0,0,0,0,0,0
155,12006,156.01950072819884,99997,0,0,1,0,126,78,0.002040061201836055,0,0,49912,49946,86,53,0,0,0,0,0,0,99794,0,0,0,0,0,0,0,0,0,0,203,0,0,0,0,0,0
156,12006,157.03775092789198,99997,0,0,1,0,126,78,0.002040061201836055,0,0,49912,49946,86,53,0,0,0,0,0,0,99794,0,0,0,0,0,0,0,0,0,0,203,0,0,0,0,0,0
157,12006,158.05600112758512,99997,0,0,1,0,126,78,0.002040061201836055,0,0,49912,49946,86,53,0,0,0,0,0,0,99794,0,0,0,0,0,0,0,0,0,0,203,0,0,0,0,0,0
158,12006,159.07425132727826,99997,0,0,1,0,126,78,0.002040061201836055,0,0,49912,49946,86,53,0,0,0,0,0,0,99794,0,0,0,0,0,0,0,0,0,0,203,0,0,0,0,0,0
159,12006,160.0925015269714,99997,0,0,1,0,126,78,0.002040061201836055,0,0,49912,49946,86,53,0,0,0,0,0,0,99794,0,0,0,0,0,0,0,0,0,0,203,0,0,0,0,0,0
160,12006,161.11075172666455,99997,0,0,1,0,126,78,0.002040061201836055,0,0,49913,49947,85,52,0,0,0,0,0,0,99794,0,0,0,0,0,0,0,0,0,0,203,0,0,0,0,0,0
161,12006,162.12898145599848,99997,0,0,1,0,126,78,0.002040061201836055,0,0,49913,49947,85,52,0,0,0,0,0,0,99794,0,0,0,0,0,0,0,0,0,0,203,0,0,0,0,0,0
162,12006,163.14721117136077,99997,0,0,1,0,126,78,0.002040061201836055,0,0,49913,49947,85,52,0,0,0,0,0,0,99794,0,0,0,0,0,0,0,0,0,0,203,0,0,0,0,0,0
163,12006,164.16544088672305,99997,0,0,1,0,126,78,0.002040061201836055,0,0,49913,49949,85,50,0,0,0,0,0,0,99794,0,0,0,0,0,0,0,0,0,0,203,0,0,0,0,0,0
164,12006,165.1836705182553,99997,0,0,1,0,126,78,0.002040061201836055,0,0,49913,49949,85,50,0,0,0,0,0,0,99794,0,0,0,0,0,0,0,0,0,0,203,0,0,0,0,0,0
165,12006,166.20190014978755,99997,0,0,1,0,126,78,0.002040061201836055,0,0,49913,49949,85,50,0,0,0,0,0,0,99794,0,0,0,0,0,0,0,0,0,0,203,0,0,0,0,0,0
166,12006,167.2201297813198,99997,0,0,1,0,126,78,0.002040061201836055,0,0,49913,49949,85,50,0,0,0,0,0,0,99794,0,0,0,0,0,0,0,0,0,0,203,0,0,0,0,0,0
167,12006,168.23835941285205,99997,0,0,1,0,126,78,0.002040061201836055,0,0,49913,49949,85,50,0,0,0,0,0,0,99794,0,0,0,0,0,0,0,0,0,0,203,0,0,0,0,0,0
168,12006,169.2565890443843,99997,0,0,1,0,126,78,0.002040061201836055,0,0,49914,49949,84,50,0,0,0,0,0,0,99794,0,0,0,0,0,0,0,0,0,0,203,0,0,0,0,0,0
169,12006,170.27479823432236,99997,0,0,1,0,126,78,0.002040061201836055,0,0,49914,49949,84,50,0,0,0,0,0,0,99794,0,0,0,0,0,0,0,0,0,0,203,0,0,0,0,0,0
170,12006,171.29300742426042,99997,0,0,1,0,126,78,0.002040061201836055,0,0,49915,49949,83,50,0,0,0,0,0,0,99794,0,0,0,0,0,0,0,0,0,0,203,0,0,0,0,0,0
171,12006,172.31119617342327,99997,0,0,1,0,126,78,0.002040061201836055,0,0,49915,49949,83,50,0,0,0,0,0,0,99794,0,0,0,0,0,0,0,0,0,0,203,0,0,0,0,0,0
172,12006,173.3293781092674,99997,0,0,1,0,126,78,0.002040061201836055,0,0,49916,49949,82,50,0,0,0,0,0,0,99794,0,0,0,0,0,0,0,0,0,0,203,0,0,0,0,0,0
173,12006,174.00815698207185,99997,0,0,1,0,126,78,0.002040061201836055,0,0,49916,49950,82,49,0,0,0,0,0,0,99794,0,0,0,0,0,0,0,0,0,0,203,0,0,0,0,0,0
174,12006,175.02632526333687,99997,0,0,1,0,126,78,0.002040061201836055,0,0,49916,49950,82,49,0,0,0,0,0,0,99794,0,0,0,0,0,0,0,0,0,0,203,0,0,0,0,0,0
175,12006,176.04449353063106,99997,0,0,1,0,126,78,0.002040061201836055,0,0,49916,49950,82,49,0,0,0,0,0,0,99794,0,0,0,0,0,0,0,0,0,0,203,0,0,0,0,0,0
176,12006,177.06266179792524,99997,0,0,1,0,126,78,0.002040061201836055,0,0,49916,49950,82,49,0,0,0,0,0,0,99794,0,0,0,0,0,0,0,0,0,0,203,0,0,0,0,0,0
177,12006,178.08083006521943,99997,0,0,1,0,126,78,0.002040061201836055,0,0,49917,49950,81,49,0,0,0,0,0,0,99794,0,0,0,0,0,0,0,0,0,0,203,0,0,0,0,0,0
178,12006,179.09897789337728,99997,0,0,1,0,126,78,0.002040061201836055,0,0,49917,49950,81,49,0,0,0,0,0,0,99794,0,0,0,0,0,0,0,0,0,0,203,0,0,0,0,0,0
179,12006,180.11712572153513,99997,0,0,1,0,126,78,0.002040061201836055,0,0,49917,49950,81,49,0,0,0,0,0,0,99794,0,0,0,0,0,0,0,0,0,0,203,0,0,0,0,0,0
180,12006,181.13527354969298,99997,0,0,1,0,126,78,0.002040061201836055,0,0,49917,49950,81,49,0,0,0,0,0,0,99794,0,0,0,0,0,0,0,0,0,0,203,0,0,0,0,0,0
181,12006,182.15342137785083,99997,0,0,1,0,126,78,0.002040061201836055,0,0,49917,49950,81,49,0,0,0,0,0,0,99794,0,0,0,0,0,0,0,0,0,0,203,0,0,0,0,0,0
182,12006,183.17156920600868,99997,0,0,1,0,126,78,0.002040061201836055,0,0,49917,49950,81,49,0,0,0,0,0,0,99794,0,0,0,0,0,0,0,0,0,0,203,0,0,0,0,0,0
183,12006,184.18971703416653,99997,0,0,1,0,126,78,0.002040061201836055,0,0,49918,49950,80,49,0,0,0,0,0,0,99794,0,0,0,0,0,0,0,0,0,0,203,0,0,0,0,0,0
184,12006,185.20784442400694,99997,0,0,1,0,126,78,0.002040061201836055,0,0,49918,49951,80,48,0,0,0,0,0,0,99794,0,0,0,0,0,0,0,0,0,0,203,0,0,0,0,0,0
185,12006,186.22597177193654,99997,0,0,1,0,126,78,0.002040061201836055,0,0,49918,49951,80,48,0,0,0,0,0,0,99794,0,0,0,0,0,0,0,0,0,0,203,0,0,0,0,0,0
186,12006,187.24409911986615,99997,0,0,1,0,126,78,0.002040061201836055,0,0,49918,49951,80,48,0,0,0,0,0,0,99794,0,0,0,0,0,0,0,0,0,0,203,0,0,0,0,0,0
187,12006,188.26222646779576,99997,0,0,1,0,126,78,0.002040061201836055,0,0,49918,49951,80,48,0,0,0,0,0,0,99794,0,0,0,0,0,0,0,0,0,0,203,0,0,0,0,0,0
188,12006,189.28035381572536,99997,0,0,1,0,126,78,0.002040061201836055,0,0,49918,49951,80,48,0,0,0,0,0,0,99794,0,0,0,0,0,0,0,0,0,0,203,0,0,0,0,0,0
189,12006,190.2984743511557,99997,0,0,1,0,126,78,0.002040061201836055,0,0,49919,49951,79,48,0,0,0,0,0,0,99794,0,0,0,0,0,0,0,0,0,0,203,0,0,0,0,0,0
190,12006,191.31658126158752,99997,0,0,1,0,126,78,0.002040061201836055,0,0,49919,49951,79,48,0,0,0,0,0,0,99794,0,0,0,0,0,0,0,0,0,0,203,0,0,0,0,0,0
191,12006,192.33468817201933,99997,0,0,1,0,126,78,0.002040061201836055,0,0,49919,49951,79,48,0,0,0,0,0,0,99794,0,0,0,0,0,0,0,0,0,0,203,0,0,0,0,0,0
192,12006,193.0134261123072,99997,0,0,1,0,126,78,0.002040061201836055,0,0,49919,49951,79,48,0,0,0,0,0,0,99794,0,0,0,0,0,0,0,0,0,0,203,0,0,0,0,0,0
193,12006,194.031533022739,99997,0,0,1,0,126,78,0.002040061201836055,0,0,49919,49951,79,48,0,0,0,0,0,0,99794,0,0,0,0,0,0,0,0,0,0,203,0,0,0,0,0,0
194,12006,195.04963993317082,99997,0,0,1,0,126,78,0.002040061201836055,0,0,49919,49951,79,48,0,0,0,0,0,0,99794,0,0,0,0,0,0,0,0,0,0,203,0,0,0,0,0,0
195,12006,196.06774684360263,99997,0,0,1,0,126,78,0.002040061201836055,0,0,49920,49951,78,48,0,0,0,0,0,0,99794,0,0,0,0,0,0,0,0,0,0,203,0,0,0,0,0,0
196,12006,197.08584012958178,99997,0,0,1,0,126,78,0.002040061201836055,0,0,49920,49951,78,48,0,0,0,0,0,0,99794,0,0,0,0,0,0,0,0,0,0,203,0,0,0,0,0,0
197,12006,198.1039266033346,99997,0,0,1,0,126,78,0.002040061201836055,0,0,49920,49951,78,48,0,0,0,0,0,0,99794,0,0,0,0,0,0,0,0,0,0,203,0,0,0,0,0,0
198,12006,199.12201307708742,99997,0,0,1,0,126,78,0.002040061201836055,0,0,49920,49951,78,48,0,0,0,0,0,0,99794,0,0,0,0,0,0,0,0,0,0,203,0,0,0,0,0,0
199,12006,200.14009955084023,99997,0,0,1,0,126,78,0.002040061201836055,0,0,49921,49951,77,48,0,0,0,0,0,0,99794,0,0,0,0,0,0,0,0,0,0,203,0,0,0,0,0,0
200,12006,201.15817240068625,99997,0,0,1,0,126,78,0.002040061201836055,0,0,49921,49951,77,48,0,0,0,0,0,0,99794,0,0,0,0,0,0,0,0,0,0,203,0,0,0,0,0,0
201,12006,202.17623843857888,99997,0,0,1,0,126,78,0.002040061201836055,0,0,49921,49951,77,48,0,0,0,0,0,0,99794,0,0,0,0,0,0,0,0,0,0,203,0,0,0,0,0,0
202,12006,203.1943044764715,99997,0,0,1,0,126,78,0.002040061201836055,0,0,49921,49951,77,48,0,0,0,0,0,0,99794,0,0,0,0,0,0,0,0,0,0,203,0,0,0,0,0,0
203,12006,204.21237051436412,99997,0,0,1,0,126,78,0.002040061201836055,0,0,49921,49951,77,48,0,0,0,0,0,0,99794,0,0,0,0,0,0,0,0,0,0,203,0,0,0,0,0,0
204,12006,205.23043653828734,99997,0,0,1,0,126,78,0.002040061201836055,0,0,49921,49952,77,47,0,0,0,0,0,0,99794,0,0,0,0,0,0,0,0,0,0,203,0,0,0,0,0,0
205,12006,206.24850253427172,99997,0,0,1,0,126,78,0.002040061201836055,0,0,49921,49953,77,46,0,0,0,0,0,0,99794,0,0,0,0,0,0,0,0,0,0,203,0,0,0,0,0,0
206,12006,207.2665684883478,99997,0,0,1,0,126,78,0.002040061201836055,0,0,49921,49953,77,46,0,0,0,0,0,0,99794,0,0,0,0,0,0,0,0,0,0,203,0,0,0,0,0,0
207,12006,208.28463444242385,99997,0,0,1,0,126,78,0.002040061201836055,0,0,49921,49954,77,45,0,0,0,0,0,0,99794,0,0,0,0,0,0,0,0,0,0,203,0,0,0,0,0,0
208,12006,209.30270035459168,99997,0,0,1,0,126,78,0.002040061201836055,0,0,49921,49955,77,44,0,0,0,0,0,0,99794,0,0,0,0,0,0,0,0,0,0,203,0,0,0,0,0,0
209,12006,210.32076622485118,99997,0,0,1,0,126,78,0.002040061201836055,0,0,49921,49955,77,44,0,0,0,0,0,0,99794,0,0,0,0,0,0,0,0,0,0,203,0,0,0,0,0,0
210,12006,211.3388320951107,99997,0,0,1,0,126,78,0.002040061201836055,0,0,49921,49956,77,43,0,0,0,0,0,0,99794,0,0,0,0,0,0,0,0,0,0,203,0,0,0,0,0,0
211,12006,212.01754266131428,99997,0,0,1,0,126,78,0.002040061201836055,0,0,49921,49956,77,43,0,0,0,0,0,0,99794,0,0,0,0,0,0,0,0,0,0,203,0,0,0,0,0,0
212,12006,213.03560848966555,99997,0,0,1,0,126,78,0.002040061201836055,0,0,49922,49956,76,43,0,0,0,0,0,0,99794,0,0,0,0,0,0,0,0,0,0,203,0,0,0,0,0,0
213,12006,214.05365388297952,99997,0,0,1,0,126,78,0.002040061201836055,0,0,49922,49956,76,43,0,0,0,0,0,0,99794,0,0,0,0,0,0,0,0,0,0,203,0,0,0,0,0,0
214,12006,215.0716992762935,99997,0,0,1,0,126,78,0.002040061201836055,0,0,49922,49956,76,43,0,0,0,0,0,0,99794,0,0,0,0,0,0,0,0,0,0,203,0,0,0,0,0,0
215,12006,216.0897446556383,99997,0,0,1,0,126,78,0.002040061201836055,0,0,49922,49957,76,42,0,0,0,0,0,0,99794,0,0,0,0,0,0,0,0,0,0,203,0,0,0,0,0,0
216,12006,217.1077900070448,99997,0,0,1,0,126,78,0.002040061201836055,0,0,49922,49958,76,41,0,0,0,0,0,0,99794,0,0,0,0,0,0,0,0,0,0,203,0,0,0,0,0,0
217,12006,218.12583533051298,99997,0,0,1,0,126,78,0.002040061201836055,0,0,49922,49958,76,41,0,0,0,0,0,0,99794,0,0,0,0,0,0,0,0,0,0,203,0,0,0,0,0,0
218,12006,219.1438806260429,99997,0,0,1,0,126,78,0.002040061201836055,0,0,49922,49960,76,39,0,0,0,0,0,0,99794,0,0,0,0,0,0,0,0,0,0,203,0,0,0,0,0,0
219,12006,220.16192586569622,99997,0,0,1,0,126,78,0.002040061201836055,0,0,49922,49960,76,39,0,0,0,0,0,0,99794,0,0,0,0,0,0,0,0,0,0,203,0,0,0,0,0,0
220,12006,221.1799710913804,99997,0,0,1,0,126,78,0.002040061201836055,0,0,49923,49960,75,39,0,0,0,0,0,0,99794,0,0,0,0,0,0,0,0,0,0,203,0,0,0,0,0,0
221,12006,222.1979958828493,99997,0,0,1,0,126,78,0.002040061201836055,0,0,49923,49960,75,39,0,0,0,0,0,0,99794,0,0,0,0,0,0,0,0,0,0,203,0,0,0,0,0,0
222,12006,223.21602067431823,99997,0,0,1,0,126,78,0.002040061201836055,0,0,49923,49960,75,39,0,0,0,0,0,0,99794,0,0,0,0,0,0,0,0,0,0,203,0,0,0,0,0,0
223,12006,224.23404546578715,99997,0,0,1,0,126,78,0.002040061201836055,0,0,49923,49960,75,39,0,0,0,0,0,0,99794,0,0,0,0,0,0,0,0,0,0,203,0,0,0,0,0,0
224,12006,225.25207025725607,99997,0,0,1,0,126,78,0.002040061201836055,0,0,49923,49960,75,39,0,0,0,0,0,0,99794,0,0,0,0,0,0,0,0,0,0,203,0,0,0,0,0,0
225,12006,226.27009504872498,99997,0,0,1,0,126,78,0.002040061201836055,0,0,49923,49960,75,39,0,0,0,0,0,0,99794,0,0,0,0,0,0,0,0,0,0,203,0,0,0,0,0,0
226,12006,227.2881130290617,99997,0,0,1,0,126,78,0.002040061201836055,0,0,49925,49960,73,39,0,0,0,0,0,0,99794,0,0,0,0,0,0,0,0,0,0,203,0,0,0,0,0,0
227,12006,228.3060969545559,99997,0,0,1,0,126,78,0.002040061201836055,0,0,49925,49960,73,39,0,0,0,0,0,0,99794,0,0,0,0,0,0,0,0,0,0,203,0,0,0,0,0,0
228,12006,229.3240808800501,99997,0,0,1,0,126,78,0.002040061201836055,0,0,49925,49960,73,39,0,0,0,0,0,0,99794,0,0,0,0,0,0,0,0,0,0,203,0,0,0,0,0,0
229,12006,230.00273683037958,99997,0,0,1,0,126,78,0.002040061201836055,0,0,49925,49960,73,39,0,0,0,0,0,0,99794,0,0,0,0,0,0,0,0,0,0,203,0,0,0,0,0,0
230,12006,231.02072075587378,99997,0,0,1,0,126,78,0.002040061201836055,0,0,49925,49960,73,39,0,0,0,0,0,0,99794,0,0,0,0,0,0,0,0,0,0,203,0,0,0,0,0,0
231,12006,232.03869787078145,99997,0,0,1,0,126,78,0.002040061201836055,0,0,49927,49960,71,39,0,0,0,0,0,0,99794,0,0,0,0,0,0,0,0,0,0,203,0,0,0,0,0,0
232,12006,233.05664774388865,99997,0,0,1,0,126,78,0.002040061201836055,0,0,49927,49960,71,39,0,0,0,0,0,0,99794,0,0,0,0,0,0,0,0,0,0,203,0,0,0,0,0,0
233,12006,234.07459080668215,99997,0,0,1,0,126,78,0.002040061201836055,0,0,49927,49960,71,39,0,0,0,0,0,0,99794,0,0,0,0,0,0,0,0,0,0,203,0,0,0,0,0,0
234,12006,235.09252705943476,99997,0,0,1,0,126,78,0.002040061201836055,0,0,49928,49960,70,39,0,0,0,0,0,0,99794,0,0,0,0,0,0,0,0,0,0,203,0,0,0,0,0,0
235,12006,236.11044288233745,99997,0,0,1,0,126,78,0.002040061201836055,0,0,49930,49960,68,39,0,0,0,0,0,0,99794,0,0,0,0,0,0,0,0,0,0,203,0,0,0,0,0,0
236,12006,237.1283246572179,99997,0,0,1,0,126,78,0.002040061201836055,0,0,49930,49960,68,39,0,0,0,0,0,0,99794,0,0,0,0,0,0,0,0,0,0,203,0,0,0,0,0,0
237,12006,238.14620643209832,99997,0,0,1,0,126,78,0.002040061201836055,0,0,49930,49960,68,39,0,0,0,0,0,0,99794,0,0,0,0,0,0,0,0,0,0,203,0,0,0,0,0,0
238,12006,239.16408820697876,99997,0,0,1,0,126,78,0.002040061201836055,0,0,49930,49960,68,39,0,0,0,0,0,0,99794,0,0,0,0,0,0,0,0,0,0,203,0,0,0,0,0,0
239,12006,240.1819699818592,99997,0,0,1,0,126,78,0.002040061201836055,0,0,49930,49960,68,39,0,0,0,0,0,0,99794,0,0,0,0,0,0,0,0,0,0,203,0,0,0,0,0,0
240,12006,241.19985174277272,99997,0,0,1,0,126,78,0.002040061201836055,0,0,49930,49961,68,38,0,0,0,0,0,0,99794,0,0,0,0,0,0,0,0,0,0,203,0,0,0,0,0,0
241,12006,242.21773347575242,99997,0,0,1,0,126,78,0.002040061201836055,0,0,49930,49961,68,38,0,0,0,0,0,0,99794,0,0,0,0,0,0,0,0,0,0,203,0,0,0,0,0,0
242,12006,243.23561520873213,99997,0,0,1,0,126,78,0.002040061201836055,0,0,49931,49961,67,38,0,0,0,0,0,0,99794,0,0,0,0,0,0,0,0,0,0,203,0,0,0,0,0,0
243,12006,244.25348332326723,99997,0,0,1,0,126,78,0.002040061201836055,0,0,49931,49961,67,38,0,0,0,0,0,0,99794,0,0,0,0,0,0,0,0,0,0,203,0,0,0,0,0,0
244,12006,245.27134462858004,99997,0,0,1,0,126,78,0.002040061201836055,0,0,49932,49961,66,38,0,0,0,0,0,0,99794,0,0,0,0,0,0,0,0,0,0,203,0,0,0,0,0,0
245,12006,246.28919231599372,99997,0,0,1,0,126,78,0.002040061201836055,0,0,49933,49962,65,37,0,0,0,0,0,0,99794,0,0,0,0,0,0,0,0,0,0,203,0,0,0,0,0,0
246,12006,247.30701953520565,99997,0,0,1,0,126,78,0.002040061201836055,0,0,49933,49962,65,37,0,0,0,0,0,0,99794,0,0,0,0,0,0,0,0,0,0,203,0,0,0,0,0,0
247,12006,248.32483994574102,99997,0,0,1,0,126,78,0.002040061201836055,0,0,49933,49962,65,37,0,0,0,0,0,0,99794,0,0,0,0,0,0,0,0,0,0,203,0,0,0,0,0,0
248,12006,249.00338688609793,99997,0,0,1,0,126,78,0.002040061201836055,0,0,49933,49962,65,37,0,0,0,0,0,0,99794,0,0,0,0,0,0,0,0,0,0,203,0,0,0,0,0,0
249,12006,250.02120048822945,99997,0,0,1,0,126,78,0.002040061201836055,0,0,49934,49962,64,37,0,0,0,0,0,0,99794,0,0,0,0,0,0,0,0,0,0,203,0,0,0,0,0,0
250,12006,251.0390004735533,99997,0,0,1,0,126,78,0.002040061201836055,0,0,49934,49962,64,37,0,0,0,0,0,0,99794,0,0,0,0,0,0,0,0,0,0,203,0,0,0,0,0,0
251,12006,252.05680045887715,99997,0,0,1,0,126,78,0.002040061201836055,0,0,49934,49962,64,37,0,0,0,0,0,0,99794,0,0,0,0,0,0,0,0,0,0,203,0,0,0,0,0,0
252,12006,253.074600444201,99997,0,0,1,0,126,78,0.002040061201836055,0,0,49935,49962,63,37,0,0,0,0,0,0,99794,0,0,0,0,0,0,0,0,0,0,203,0,0,0,0,0,0
253,12006,254.09238000513136,99997,0,0,1,0,126,78,0.002040061201836055,0,0,49935,49962,63,37,0,0,0,0,0,0,99794,0,0,0,0,0,0,0,0,0,0,203,0,0,0,0,0,0
254,12006,255.1101595520962,99997,0,0,1,0,126,78,0.002040061201836055,0,0,49935,49963,63,36,0,0,0,0,0,0,99794,0,0,0,0,0,0,0,0,0,0,203,0,0,0,0,0,0
255,12006,256.1279322632718,99997,0,0,1,0,126,78,0.002040061201836055,0,0,49936,49963,62,36,0,0,0,0,0,0,99794,0,0,0,0,0,0,0,0,0,0,203,0,0,0,0,0,0
256,12006,257.145691358731,99997,0,0,1,0,126,78,0.002040061201836055,0,0,49936,49963,62,36,0,0,0,0,0,0,99794,0,0,0,0,0,0,0,0,0,0,203,0,0,0,0,0,0
257,12006,258.16344364660466,99997,0,0,1,0,126,78,0.002040061201836055,0,0,49937,49963,61,36,0,0,0,0,0,0,99794,0,0,0,0,0,0,0,0,0,0,203,0,0,0,0,0,0
258,12006,259.18118231930714,99997,0,0,1,0,126,78,0.002040061201836055,0,0,49937,49963,61,36,0,0,0,0,0,0,99794,0,0,0,0,0,0,0,0,0,0,203,0,0,0,0,0,0
259,12006,260.1989209920096,99997,0,0,1,0,126,78,0.002040061201836055,0,0,49937,49963,61,36,0,0,0,0,0,0,99794,0,0,0,0,0,0,0,0,0,0,203,0,0,0,0,0,0
260,12006,261.2166596647121,99997,0,0,1,0,126,78,0.002040061201836055,0,0,49937,49963,61,36,0,0,0,0,0,0,99794,0,0,0,0,0,0,0,0,0,0,203,0,0,0,0,0,0
261,12006,262.2343983374146,99997,0,0,1,0,126,78,0.002040061201836055,0,0,49937,49963,61,36,0,0,0,0,0,0,99794,0,0,0,0,0,0,0,0,0,0,203,0,0,0,0,0,0
262,12006,263.25213701011705,99997,0,0,1,0,126,78,0.002040061201836055,0,0,49937,49963,61,36,0,0,0,0,0,0,99794,0,0,0,0,0,0,0,0,0,0,203,0,0,0,0,0,0
263,12006,264.26987568281953,99997,0,0,1,0,126,78,0.002040061201836055,0,0,49937,49963,61,36,0,0,0,0,0,0,99794,0,0,0,0,0,0,0,0,0,0,203,0,0,0,0,0,0
264,12006,265.287614355522,99997,0,0,1,0,126,78,0.002040061201836055,0,0,49937,49963,61,36,0,0,0,0,0,0,99794,0,0,0,0,0,0,0,0,0,0,203,0,0,0,0,0,0
265,12006,266.3053530282245,99997,0,0,1,0,126,78,0.002040061201836055,0,0,49939,49963,59,36,0,0,0,0,0,0,99794,0,0,0,0,0,0,0,0,0,0,203,0,0,0,0,0,0
266,12006,267.32305085786743,99997,0,0,1,0,126,78,0.002040061201836055,0,0,49939,49963,59,36,0,0,0,0,0,0,99794,0,0,0,0,0,0,0,0,0,0,203,0,0,0,0,0,0
267,12006,268.0015160776294,99997,0,0,1,0,126,78,0.002040061201836055,0,0,49939,49963,59,36,0,0,0,0,0,0,99794,0,0,0,0,0,0,0,0,0,0,203,0,0,0,0,0,0
268,12006,269.01921390727233,99997,0,0,1,0,126,78,0.002040061201836055,0,0,49939,49963,59,36,0,0,0,0,0,0,99794,0,0,0,0,0,0,0,0,0,0,203,0,0,0,0,0,0
269,12006,270.0369049301476,99997,0,0,1,0,126,78,0.002040061201836055,0,0,49940,49963,58,36,0,0,0,0,0,0,99794,0,0,0,0,0,0,0,0,0,0,203,0,0,0,0,0,0
270,12006,271.0545823394876,99997,0,0,1,0,126,78,0.002040061201836055,0,0,49940,49963,58,36,0,0,0,0,0,0,99794,0,0,0,0,0,0,0,0,0,0,203,0,0,0,0,0,0
271,12006,272.07225974882755,99997,0,0,1,0,126,78,0.002040061201836055,0,0,49940,49963,58,36,0,0,0,0,0,0,99794,0,0,0,0,0,0,0,0,0,0,203,0,0,0,0,0,0
272,12006,273.0899371581675,99997,0,0,1,0,126,78,0.002040061201836055,0,0,49940,49963,58,36,0,0,0,0,0,0,99794,0,0,0,0,0,0,0,0,0,0,203,0,0,0,0,0,0
273,12006,274.1076145535434,99997,0,0,1,0,126,78,0.002040061201836055,0,0,49940,49964,58,35,0,0,0,0,0,0,99794,0,0,0,0,0,0,0,0,0,0,203,0,0,0,0,0,0
274,12006,275.12528511449625,99997,0,0,1,0,126,78,0.002040061201836055,0,0,49941,49964,57,35,0,0,0,0,0,0,99794,0,0,0,0,0,0,0,0,0,0,203,0,0,0,0,0,0
275,12006,276.1429420624595,99997,0,0,1,0,126,78,0.002040061201836055,0,0,49941,49964,57,35,0,0,0,0,0,0,99794,0,0,0,0,0,0,0,0,0,0,203,0,0,0,0,0,0
276,12006,277.16059901042274,99997,0,0,1,0,126,78,0.002040061201836055,0,0,49941,49964,57,35,0,0,0,0,0,0,99794,0,0,0,0,0,0,0,0,0,0,203,0,0,0,0,0,0
277,12006,278.178255958386,99997,0,0,1,0,126,78,0.002040061201836055,0,0,49941,49964,57,35,0,0,0,0,0,0,99794,0,0,0,0,0,0,0,0,0,0,203,0,0,0,0,0,0
278,12006,279.195906100127,99997,0,0,1,0,126,78,0.002040061201836055,0,0,49942,49964,56,35,0,0,0,0,0,0,99794,0,0,0,0,0,0,0,0,0,0,203,0,0,0,0,0,0
279,12006,280.2135426294235,99997,0,0,1,0,126,78,0.002040061201836055,0,0,49942,49964,56,35,0,0,0,0,0,0,99794,0,0,0,0,0,0,0,0,0,0,203,0,0,0,0,0,0
280,12006,281.23117915872,99997,0,0,1,0,126,78,0.002040061201836055,0,0,49942,49964,56,35,0,0,0,0,0,0,99794,0,0,0,0,0,0,0,0,0,0,203,0,0,0,0,0,0
281,12006,282.2488156880165,99997,0,0,1,0,126,78,0.002040061201836055,0,0,49942,49964,56,35,0,0,0,0,0,0,99794,0,0,0,0,0,0,0,0,0,0,203,0,0,0,0,0,0
282,12006,283.26645221731303,99997,0,0,1,0,126,78,0.002040061201836055,0,0,49942,49964,56,35,0,0,0,0,0,0,99794,0,0,0,0,0,0,0,0,0,0,203,0,0,0,0,0,0
283,12006,284.284088732646,99997,0,0,1,0,126,78,0.002040061201836055,0,0,49942,49965,56,34,0,0,0,0,0,0,99794,0,0,0,0,0,0,0,0,0,0,203,0,0,0,0,0,0
284,12006,285.30172522005194,99997,0,0,1,0,126,78,0.002040061201836055,0,0,49943,49965,55,34,0,0,0,0,0,0,99794,0,0,0,0,0,0,0,0,0,0,203,0,0,0,0,0,0
285,12006,286.31934809555906,99997,0,0,1,0,126,78,0.002040061201836055,0,0,49943,49965,55,34,0,0,0,0,0,0,99794,0,0,0,0,0,0,0,0,0,0,203,0,0,0,0,0,0
286,12006,287.3369641651168,99997,0,0,1,0,126,78,0.002040061201836055,0,0,49943,49965,55,34,0,0,0,0,0,0,99794,0,0,0,0,0,0,0,0,0,0,203,0,0,0,0,0,0
287,12006,288.0153748781553,99997,0,0,1,0,126,78,0.002040061201836055,0,0,49944,49965,54,34,0,0,0,0,0,0,99794,0,0,0,0,0,0,0,0,0,0,203,0,0,0,0,0,0
288,12006,289.0329705306825,99997,0,0,1,0,126,78,0.002040061201836055,0,0,49944,49965,54,34,0,0,0,0,0,0,99794,0,0,0,0,0,0,0,0,0,0,203,0,0,0,0,0,0
289,12006,290.05056618320975,99997,0,0,1,0,126,78,0.002040061201836055,0,0,49944,49965,54,34,0,0,0,0,0,0,99794,0,0,0,0,0,0,0,0,0,0,203,0,0,0,0,0,0
290,12006,291.068161835737,99997,0,0,1,0,126,78,0.002040061201836055,0,0,49944,49965,54,34,0,0,0,0,0,0,99794,0,0,0,0,0,0,0,0,0,0,203,0,0,0,0,0,0
291,12006,292.0857574882642,99997,0,0,1,0,126,78,0.002040061201836055,0,0,49944,49965,54,34,0,0,0,0,0,0,99794,0,0,0,0,0,0,0,0,0,0,203,0,0,0,0,0,0
292,12006,293.10335314079146,99997,0,0,1,0,126,78,0.002040061201836055,0,0,49944,49965,54,34,0,0,0,0,0,0,99794,0,0,0,0,0,0,0,0,0,0,203,0,0,0,0,0,0
293,12006,294.1209487933187,99997,0,0,1,0,126,78,0.002040061201836055,0,0,49944,49965,54,34,0,0,0,0,0,0,99794,0,0,0,0,0,0,0,0,0,0,203,0,0,0,0,0,0
294,12006,295.1385444458459,99997,0,0,1,0,126,78,0.002040061201836055,0,0,49944,49966,54,33,0,0,0,0,0,0,99794,0,0,0,0,0,0,0,0,0,0,203,0,0,0,0,0,0
295,12006,296.1561400704471,99997,0,0,1,0,126,78,0.002040061201836055,0,0,49944,49966,54,33,0,0,0,0,0,0,99794,0,0,0,0,0,0,0,0,0,0,203,0,0,0,0,0,0
296,12006,297.1737356810853,99997,0,0,1,0,126,78,0.002040061201836055,0,0,49944,49966,54,33,0,0,0,0,0,0,99794,0,0,0,0,0,0,0,0,0,0,203,0,0,0,0,0,0
297,12006,298.1913312917235,99997,0,0,1,0,126,78,0.002040061201836055,0,0,49945,49967,53,32,0,0,0,0,0,0,99794,0,0,0,0,0,0,0,0,0,0,203,0,0,0,0,0,0
298,12006,299.2089132496653,99997,0,0,1,0,126,78,0.002040061201836055,0,0,49945,49967,53,32,0,0,0,0,0,0,99794,0,0,0,0,0,0,0,0,0,0,203,0,0,0,0,0,0
299,12006,300.2264884022033,99997,0,0,1,0,126,78,0.002040061201836055,0,0,49945,49968,53,31,0,0,0,0,0,0,99794,0,0,0,0,0,0,0,0,0,0,203,0,0,0,0,0,0
300,12006,301.24406352681586,99997,0,0,1,0,126,78,0.002040061201836055,0,0,49945,49968,53,31,0,0,0,0,0,0,99794,0,0,0,0,0,0,0,0,0,0,203,0,0,0,0,0,0
301,12006,302.2616386374657,99997,0,0,1,0,126,78,0.002040061201836055,0,0,49945,49968,53,31,0,0,0,0,0,0,99794,0,0,0,0,0,0,0,0,0,0,203,0,0,0,0,0,0
302,12006,303.2792137481155,99997,0,0,1,0,126,78,0.002040061201836055,0,0,49945,49968,53,31,0,0,0,0,0,0,99794,0,0,0,0,0,0,0,0,0,0,203,0,0,0,0,0,0
303,12006,304.29678885876535,99997,0,0,1,0,126,78,0.002040061201836055,0,0,49945,49968,53,31,0,0,0,0,0,0,99794,0,0,0,0,0,0,0,0,0,0,203,0,0,0,0,0,0
304,12006,305.3143639694152,99997,0,0,1,0,126,78,0.002040061201836055,0,0,49945,49968,53,31,0,0,0,0,0,0,99794,0,0,0,0,0,0,0,0,0,0,203,0,0,0,0,0,0
305,12006,306.331939080065,99997,0,0,1,0,126,78,0.002040061201836055,0,0,49945,49968,53,31,0,0,0,0,0,0,99794,0,0,0,0,0,0,0,0,0,0,203,0,0,0,0,0,0
306,12006,307.0103224871649,99997,0,0,1,0,126,78,0.002040061201836055,0,0,49945,49968,53,31,0,0,0,0,0,0,99794,0,0,0,0,0,0,0,0,0,0,203,0,0,0,0,0,0
307,12006,308.02789759781473,99997,0,0,1,0,126,78,0.002040061201836055,0,0,49945,49968,53,31,0,0,0,0,0,0,99794,0,0,0,0,0,0,0,0,0,0,203,0,0,0,0,0,0
308,12006,309.04547270846456,99997,0,0,1,0,126,78,0.002040061201836055,0,0,49946,49968,52,31,0,0,0,0,0,0,99794,0,0,0,0,0,0,0,0,0,0,203,0,0,0,0,0,0
309,12006,310.0630274037215,99997,0,0,1,0,126,78,0.002040061201836055,0,0,49946,49968,52,31,0,0,0,0,0,0,99794,0,0,0,0,0,0,0,0,0,0,203,0,0,0,0,0,0
310,12006,311.0805820989784,99997,0,0,1,0,126,78,0.002040061201836055,0,0,49946,49968,52,31,0,0,0,0,0,0,99794,0,0,0,0,0,0,0,0,0,0,203,0,0,0,0,0,0
311,12006,312.09813679423536,99997,0,0,1,0,126,78,0.002040061201836055,0,0,49946,49968,52,31,0,0,0,0,0,0,99794,0,0,0,0,0,0,0,0,0,0,203,0,0,0,0,0,0
312,12006,313.1156914894923,99997,0,0,1,0,126,78,0.002040061201836055,0,0,49946,49968,52,31,0,0,0,0,0,0,99794,0,0,0,0,0,0,0,0,0,0,203,0,0,0,0,0,0
313,12006,314.1332461847492,99997,0,0,1,0,126,78,0.002040061201836055,0,0,49946,49968,52,31,0,0,0,0,0,0,99794,0,0,0,0,0,0,0,0,0,0,203,0,0,0,0,0,0
314,12006,315.15080088000616,99997,0,0,1,0,126,78,0.002040061201836055,0,0,49946,49968,52,31,0,0,0,0,0,0,99794,0,0,0,0,0,0,0,0,0,0,203,0,0,0,0,0,0
315,12006,316.1683555752631,99997,0,0,1,0,126,78,0.002040061201836055,0,0,49947,49968,51,31,0,0,0,0,0,0,99794,0,0,0,0,0,0,0,0,0,0,203,0,0,0,0,0,0
316,12006,317.1858966608031,99997,0,0,1,0,126,78,0.002040061201836055,0,0,49947,49968,51,31,0,0,0,0,0,0,99794,0,0,0,0,0,0,0,0,0,0,203,0,0,0,0,0,0
317,12006,318.20343094148467,99997,0,0,1,0,126,78,0.002040061201836055,0,0,49947,49969,51,30,0,0,0,0,0,0,99794,0,0,0,0,0,0,0,0,0,0,203,0,0,0,0,0,0
318,12006,319.22096518027973,99997,0,0,1,0,126,78,0.002040061201836055,0,0,49947,49969,51,30,0,0,0,0,0,0,99794,0,0,0,0,0,0,0,0,0,0,203,0,0,0,0,0,0
319,12006,320.2384994190748,99997,0,0,1,0,126,78,0.002040061201836055,0,0,49946,49968,51,30,1,1,1,1,0,0,99792,0,0,0,0,0,0,0,0,0,2,203,0,0,0,0,0,0
320,12006,321.13342589147976,99997,0,0,1,0,126,78,0.002040061201836055,0,0,49945,49967,51,30,2,2,2,2,0,0,99790,0,0,0,0,0,0,0,0,0,4,203,0,0,0,0,0,0
321,12006,322.1509942249241,99997,0,0,1,0,126,78,0.002040061201836055,0,0,49944,49966,51,30,3,3,3,3,0,0,99788,0,0,0,0,0,0,0,0,0,6,203,0,0,0,0,0,0
322,12006,323.15279190291466,99997,0,0,1,0,126,78,0.002040061201836055,0,0,49943,49965,51,30,4,4,4,4,0,0,99786,0,0,0,0,0,0,0,0,0,8,203,0,0,0,0,0,0
323,12006,324.0426713928823,99997,0,0,1,0,126,78,0.002040061201836055,0,0,49942,49964,51,30,5,5,5,5,0,0,99784,0,0,0,0,0,0,0,0,0,10,203,0,0,0,0,0,0
324,12006,325.23096138274667,99997,0,0,1,0,126,78,0.002040061201836055,0,0,49941,49963,51,30,6,6,6,6,0,0,99782,0,0,0,0,0,0,0,0,0,12,203,0,0,0,0,0,0
325,12006,326.0210226280451,99997,0,0,1,0,126,78,0.002040061201836055,0,0,49940,49961,51,30,7,8,8,7,0,0,99779,0,0,0,0,0,0,0,0,0,15,203,0,0,0,0,0,0
326,12006,327.0845674177164,99997,0,0,1,0,126,78,0.002040061201836055,0,0,49939,49959,51,30,8,10,10,8,0,0,99776,0,0,0,0,0,0,0,0,0,18,203,0,0,0,0,0,0
327,12006,328.0182775454662,99997,0,0,1,0,126,78,0.002040061201836055,0,0,49938,49957,51,30,9,12,12,9,0,0,99773,0,0,0,0,0,0,0,0,0,21,203,0,0,0,0,0,0
328,12006,329.07689916680704,99997,0,0,1,0,126,78,0.002040061201836055,0,0,49937,49954,51,30,10,15,15,10,0,0,99769,0,0,0,0,0,0,0,0,0,25,203,0,0,0,0,0,0
329,12006,330.0106201968219,99997,0,0,1,0,126,78,0.002040061201836055,0,0,49936,49951,51,30,11,18,18,11,0,0,99765,0,0,0,0,0,0,0,0,0,29,203,0,0,0,0,0,0
330,12006,331.1183769115369,99997,0,0,1,0,126,78,0.002040061201836055,0,0,49935,49947,51,30,12,22,22,12,0,0,99760,0,0,0,0,0,0,0,0,0,34,203,0,0,0,0,0,0
331,12006,332.0665921753388,99997,0,0,1,0,126,78,0.002040061201836055,0,0,49934,49942,51,30,13,27,27,13,0,0,99754,0,0,0,0,0,0,0,0,0,40,203,0,0,0,0,0,0
332,12006,333.05776471504316,99997,0,0,1,0,126,78,0.002040061201836055,0,0,49934,49937,51,30,13,32,32,14,0,0,99748,0,0,0,0,0,0,0,0,0,46,203,0,0,0,0,0,0
333,12006,334.1994666412014,99997,0,0,1,0,126,78,0.002040061201836055,0,0,49933,49931,51,30,14,38,38,15,0,0,99741,0,0,0,0,0,0,0,0,0,53,203,0,0,0,0,0,0
334,12006,335.0231940673135,99997,0,0,1,0,126,78,0.002040061201836055,0,0,49932,49924,51,30,15,45,45,16,0,0,99733,0,0,0,0,0,0,0,0,0,61,203,0,0,0,0,0,0
335,12006,336.0297948080594,99997,0,0,1,0,126,78,0.002040061201836055,0,0,49931,49916,51,30,16,53,53,17,0,0,99724,0,0,0,0,0,0,0,0,0,70,203,0,0,0,0,0,0
336,12006,337.02269026455673,99997,0,0,1,0,126,78,0.002040061201836055,0,0,49930,49907,51,30,17,62,62,18,0,0,99714,0,0,0,0,0,0,0,0,0,80,203,0,0,0,0,0,0
337,12006,338.08790606349,99997,0,0,1,0,126,78,0.002040061201836055,0,0,49929,49897,51,30,18,72,72,19,0,0,99703,0,0,0,0,0,0,0,0,0,91,203,0,0,0,0,0,0
338,12006,339.0610737577734,99997,0,0,1,0,126,78,0.002040061201836055,0,0,49929,49886,50,30,19,83,83,20,0,0,99691,0,0,0,0,0,0,0,0,0,103,203,0,0,0,0,0,0
339,12006,340.1050887708279,99997,0,0,1,0,126,78,0.002040061201836055,0,0,49928,49874,50,30,20,95,95,21,0,0,99678,0,0,0,0,0,0,0,0,0,116,203,0,0,0,0,0,0
340,12006,341.0212928416718,99997,0,0,1,0,126,78,0.002040061201836055,0,0,49927,49862,50,30,21,107,108,22,0,0,99664,0,0,0,0,0,0,0,0,0,130,203,0,0,0,0,0,0
341,12006,342.0535066101064,99997,0,0,1,0,126,78,0.002040061201836055,0,0,49925,49849,50,30,23,120,122,24,0,0,99648,0,0,0,0,0,0,0,0,0,146,203,0,0,0,0,0,0
342,12006,343.07148137053616,99997,0,0,1,0,126,78,0.002040061201836055,0,0,49925,49835,48,30,25,134,137,26,0,0,99631,0,0,0,0,0,0,0,0,0,163,203,0,0,0,0,0,0
343,12006,344.08946351400346,99997,0,0,1,0,126,78,0.002040061201836055,0,0,49923,49819,48,30,27,150,154,28,0,0,99612,0,0,0,0,0,0,0,0,0,182,203,0,0,0,0,0,0
344,12006,345.10748035477144,99997,0,0,1,0,126,78,0.002040061201836055,0,0,49921,49804,48,30,29,165,172,30,0,0,99592,0,0,0,0,0,0,0,0,0,202,203,0,0,0,0,0,0
345,12006,346.12553866460183,99997,0,0,1,0,126,78,0.002040061201836055,0,0,49919,49785,48,30,31,184,192,32,0,0,99570,0,0,0,0,0,0,0,0,0,224,203,0,0,0,0,0,0
346,12006,347.14363861445577,99997,0,0,1,0,126,78,0.002040061201836055,0,0,49917,49766,48,30,33,203,213,34,0,0,99547,0,0,0,0,0,0,0,0,0,247,203,0,0,0,0,0,0
347,12006,348.1617802356103,99997,0,0,1,0,126,78,0.002040061201836055,0,0,49914,49743,48,30,36,226,236,37,0,0,99521,0,0,0,0,0,0,0,0,0,273,203,0,0,0,0,0,0
348,12006,349.1799772984131,99997,0,0,1,0,126,78,0.002040061201836055,0,0,49912,49719,47,30,39,250,260,40,0,0,99494,0,0,0,0,0,0,0,0,0,300,203,0,0,0,0,0,0
349,12006,350.19821623590735,99997,0,0,1,0,126,78,0.002040061201836055,0,0,49909,49694,47,30,42,275,286,43,0,0,99465,0,0,0,0,0,0,0,0,0,329,203,0,0,0,0,0,0
350,12006,351.2165175376245,99997,0,0,1,0,126,78,0.002040061201836055,0,0,49906,49667,47,30,45,302,314,46,0,0,99434,0,0,0,0,0,0,0,0,0,360,203,0,0,0,0,0,0
351,12006,352.2348812809295,99997,0,0,1,0,126,78,0.002040061201836055,0,0,49902,49638,47,30,49,331,343,50,0,0,99401,0,0,0,0,0,0,0,0,0,393,203,0,0,0,0,0,0
352,12006,353.2533211771126,99997,0,0,1,0,126,78,0.002040061201836055,0,0,49898,49608,47,30,53,361,374,54,0,0,99366,0,0,0,0,0,0,0,0,0,428,203,0,0,0,0,0,0
353,12006,354.27184412438186,99997,0,0,1,0,126,78,0.002040061201836055,0,0,49894,49577,47,30,57,392,407,58,0,0,99329,0,0,0,0,0,0,0,0,0,465,203,0,0,0,0,0,0
354,12006,355.29045016400505,99997,0,0,1,0,126,78,0.002040061201836055,0,0,49889,49543,47,30,62,426,442,63,0,0,99289,0,0,0,0,0,0,0,0,0,505,203,0,0,0,0,0,0
355,12006,356.3091530761795,99997,0,0,1,0,126,78,0.002040061201836055,0,0,49884,49507,47,30,67,462,479,68,0,0,99247,0,0,0,0,0,0,0,0,0,547,203,0,0,0,0,0,0
356,12006,357.32795976964286,99997,0,0,1,0,126,78,0.002040061201836055,0,0,49879,49469,47,30,72,500,518,73,0,0,99203,0,0,0,0,0,0,0,0,0,591,203,0,0,0,0,0,0
357,12006,358.0072219549346,99997,0,0,1,0,126,78,0.002040061201836055,0,0,49874,49428,46,30,78,541,559,79,0,0,99156,0,0,0,0,0,0,0,0,0,638,203,0,0,0,0,0,0
358,12006,359.02622978568047,99997,0,0,1,0,126,78,0.002040061201836055,0,0,49869,49386,45,30,84,583,602,85,0,0,99107,0,0,0,0,0,0,0,0,0,687,203,0,0,0,0,0,0
359,12006,360.0453417384758,99997,0,0,1,0,126,78,0.002040061201836055,0,0,49863,49342,45,29,90,628,647,91,0,0,99056,0,0,0,0,0,0,0,0,0,738,203,0,0,0,0,0,0
360,12006,361.0645783855917,99997,0,0,1,0,126,78,0.002040061201836055,0,0,49856,49295,45,29,97,675,695,98,0,0,99001,0,0,0,0,0,0,0,0,0,793,203,0,0,0,0,0,0
361,12006,362.08395350023454,99997,0,0,1,0,126,78,0.002040061201836055,0,0,49849,49249,45,29,104,721,745,105,0,0,98944,0,0,0,0,0,0,0,0,0,850,203,0,0,0,0,0,0
362,12006,363.10347397723893,99997,0,0,1,0,126,78,0.002040061201836055,0,0,49842,49198,45,29,111,772,797,113,0,0,98884,0,0,0,0,0,0,0,0,0,910,203,0,0,0,0,0,0
363,12006,364.1231400253223,99997,0,0,1,0,126,78,0.002040061201836055,0,0,49834,49147,45,29,119,823,852,121,0,0,98821,0,0,0,0,0,0,0,0,0,973,203,0,0,0,0,0,0
364,12006,365.14296534280624,99997,0,0,1,0,126,78,0.002040061201836055,0,0,49826,49094,45,29,127,876,909,130,0,0,98755,0,0,0,0,0,0,0,0,0,1039,203,0,0,0,0,0,0
365,12006,366.1629569405545,99997,0,0,1,0,126,78,0.002040061201836055,0,0,49817,49037,45,29,136,933,968,139,0,0,98687,0,0,0,0,0,0,0,0,0,1107,203,0,0,0,0,0,0
366,12006,367.1831287067508,99997,0,0,1,0,126,78,0.002040061201836055,0,0,49807,48978,45,29,146,992,1030,149,0,0,98615,0,0,0,0,0,0,0,0,0,1179,203,0,0,0,0,0,0
367,12006,368.20350131503,99997,0,0,1,0,126,78,0.002040061201836055,0,0,49797,48920,45,29,156,1050,1094,160,0,0,98540,0,0,0,0,0,0,0,0,0,1254,203,0,0,0,0,0,0
368,12006,369.2240816307006,99997,0,0,1,0,126,78,0.002040061201836055,0,0,49787,48856,45,29,166,1114,1161,171,0,0,98462,0,0,0,0,0,0,0,0,0,1332,203,0,0,0,0,0,0
369,12006,370.2448631153614,99997,0,0,1,0,126,78,0.002040061201836055,0,0,49775,48791,45,29,178,1179,1231,183,0,0,98380,0,0,0,0,0,0,0,0,0,1414,203,0,0,0,0,0,0
370,12006,371.26588017002393,99997,0,0,1,0,126,78,0.002040061201836055,0,0,49765,48723,45,29,188,1247,1303,195,0,0,98296,0,0,0,0,0,0,0,0,0,1498,203,0,0,0,0,0,0
371,12006,372.2871193178449,99997,0,0,1,0,126,78,0.002040061201836055,0,0,49752,48653,45,29,201,1317,1378,208,0,0,98208,0,0,0,0,0,0,0,0,0,1586,203,0,0,0,0,0,0
372,12006,373.3086150572572,99997,0,0,1,0,126,78,0.002040061201836055,0,0,49738,48580,45,29,215,1390,1456,222,0,0,98116,0,0,0,0,0,0,0,0,0,1678,203,0,0,0,0,0,0
373,12006,374.33039509751876,99997,0,0,1,0,126,78,0.002040061201836055,0,0,49724,48509,45,29,229,1461,1536,236,0,0,98022,0,0,0,0,0,0,0,0,0,1772,203,0,0,0,0,0,0
374,12006,375.0117435590482,99997,0,0,1,0,126,78,0.002040061201836055,0,0,49709,48430,45,29,244,1540,1619,251,0,0,97924,0,0,0,0,0,0,0,0,0,1870,203,0,0,0,0,0,0
375,12006,376.0341202133513,99997,0,0,1,0,126,78,0.002040061201836055,0,0,49694,48349,45,29,259,1621,1705,267,0,0,97822,0,0,0,0,0,0,0,0,0,1972,203,0,0,0,0,0,0
376,12006,377.05680943734154,99997,0,0,1,0,126,78,0.002040061201836055,0,0,49677,48265,45,29,276,1705,1794,284,0,0,97716,0,0,0,0,0,0,0,0,0,2078,203,0,0,0,0,0,0
377,12006,378.07983907649214,99997,0,0,1,0,126,78,0.002040061201836055,0,0,49659,48181,45,29,294,1789,1885,302,0,0,97607,0,0,0,0,0,0,0,0,0,2187,203,0,0,0,0,0,0
378,12006,379.1032300259625,99997,0,0,1,0,126,78,0.002040061201836055,0,0,49642,48089,44,29,312,1881,1979,320,0,0,97496,0,0,0,0,0,0,0,0,0,2298,202,1,0,0,0,0,0
379,12006,380.1269827346128,99997,0,0,1,0,126,78,0.002040061201836055,0,0,49624,47998,44,29,330,1972,2076,339,0,0,97380,0,0,0,0,0,0,0,0,0,2414,202,1,0,0,0,0,0
380,12006,381.15109752556697,99997,0,0,1,0,126,78,0.002040061201836055,0,0,49606,47906,44,29,348,2064,2176,359,0,0,97261,0,0,0,0,0,0,0,0,0,2533,201,2,0,0,0,0,0
381,12006,382.175595427884,99997,0,0,1,0,126,78,0.002040061201836055,0,0,49586,47807,44,29,368,2163,2279,380,0,0,97137,0,0,0,0,0,0,0,0,0,2657,201,2,0,0,0,0,0
382,12006,383.2004976495618,99997,0,0,1,0,126,78,0.002040061201836055,0,0,49566,47710,44,28,388,2261,2385,402,0,0,97009,0,0,0,0,0,0,0,0,0,2785,201,2,0,0,0,0,0
383,12006,384.22582521977324,99997,0,0,1,0,126,78,0.002040061201836055,0,0,49543,47608,44,28,411,2363,2494,425,0,0,96878,0,0,0,0,0,0,0,0,0,2916,200,3,0,0,0,0,0
384,12006,385.251613202369,99997,0,0,1,0,126,78,0.002040061201836055,0,0,49519,47500,44,28,435,2471,2606,449,0,0,96742,0,0,0,0,0,0,0,0,0,3052,200,3,0,0,0,0,0
385,12006,386.2778968857325,99997,0,0,1,0,126,78,0.002040061201836055,0,0,49495,47394,44,28,459,2577,2721,474,0,0,96602,0,0,0,0,0,0,0,0,0,3192,200,3,0,0,0,0,0
386,12006,387.3046835265341,99997,0,0,1,0,126,78,0.002040061201836055,0,0,49470,47287,44,28,484,2684,2839,500,0,0,96458,0,0,0,0,0,0,0,0,0,3336,200,3,0,0,0,0,0
387,12006,388.33197373253574,99997,0,0,1,0,126,78,0.002040061201836055,0,0,49446,47179,44,27,508,2793,2960,527,0,0,96311,0,0,0,0,0,0,0,0,0,3483,199,4,0,0,0,0,0
388,12006,389.0171070108853,99997,0,0,1,0,126,78,0.002040061201836055,0,0,49418,47061,44,27,536,2911,3084,555,0,0,96159,0,0,0,0,0,0,0,0,0,3635,199,4,0,0,0,0,0
389,12006,390.04548271572423,99997,0,0,1,0,126,78,0.002040061201836055,0,0,49389,46945,44,27,565,3027,3211,584,0,0,96004,0,0,0,0,0,0,0,0,0,3790,198,5,0,0,0,0,0
390,12006,391.0744613604533,99997,0,0,1,0,126,78,0.002040061201836055,0,0,49360,46825,44,27,594,3147,3341,614,0,0,95844,0,0,0,0,0,0,0,0,0,3950,198,5,0,0,0,0,0
391,12006,392.1040437443228,99997,0,0,1,0,126,78,0.002040061201836055,0,0,49330,46705,44,26,624,3268,3474,645,0,0,95680,0,0,0,0,0,0,0,0,0,4114,198,5,0,0,0,0,0
392,12006,393.13425151043964,99997,0,0,1,0,126,78,0.002040061201836055,0,0,49300,46576,43,26,655,3397,3610,678,0,0,95511,0,0,0,0,0,0,0,0,0,4283,198,5,0,0,0,0,0
393,12006,394.1650787685062,99997,0,0,1,0,126,78,0.002040061201836055,0,0,49269,46441,43,26,686,3532,3749,712,0,0,95338,0,0,0,0,0,0,0,0,0,4456,198,5,0,0,0,0,0
394,12006,395.1965614204615,99997,0,0,1,0,126,78,0.002040061201836055,0,0,49235,46309,43,26,720,3664,3891,747,0,0,95161,0,0,0,0,0,0,0,0,0,4633,198,5,0,0,0,0,0
395,12006,396.22874923131104,99997,0,0,1,0,126,78,0.002040061201836055,0,0,49203,46182,43,26,752,3791,4036,783,0,0,94980,0,0,0,0,0,0,0,0,0,4814,198,5,0,0,0,0,0
396,12006,397.26162907286687,99997,0,0,1,0,126,78,0.002040061201836055,0,0,49169,46043,43,26,786,3930,4184,821,0,0,94795,0,0,0,0,0,0,0,0,0,4999,197,6,0,0,0,0,0
397,12006,398.29518103976443,99997,0,0,1,0,126,78,0.002040061201836055,0,0,49135,45905,43,25,820,4069,4335,860,0,0,94607,0,0,0,0,0,0,0,0,0,5187,195,8,0,0,0,0,0
398,12006,399.3294483005871,99997,0,0,1,0,126,78,0.002040061201836055,0,0,49101,45765,43,25,854,4209,4489,900,0,0,94414,0,0,0,0,0,0,0,0,0,5380,194,9,0,0,0,0,0
399,12006,400.0193662794047,99997,0,0,1,0,126,78,0.002040061201836055,0,0,49062,45616,42,25,894,4358,4645,942,0,0,94216,0,0,0,0,0,0,0,0,0,5578,194,9,0,0,0,0,0
400,12006,401.05519436275426,99997,0,0,1,0,126,78,0.002040061201836055,0,0,49024,45471,42,25,932,4503,4804,985,0,0,94014,0,0,0,0,0,0,0,0,0,5780,194,9,0,0,0,0,0
401,12006,402.0918329658783,99997,0,0,1,0,126,78,0.002040061201836055,0,0,48980,45326,42,25,976,4648,4966,1030,0,0,93807,0,0,0,0,0,0,0,0,0,5987,194,9,0,0,0,0,0
402,12006,403.12936111754124,99997,0,0,1,0,126,78,0.002040061201836055,0,0,48938,45176,41,25,1019,4798,5131,1076,0,0,93596,0,0,0,0,0,0,0,0,0,6198,194,9,0,0,0,0,0
403,12006,404.1677946729801,99997,0,0,1,0,126,78,0.002040061201836055,0,0,48895,45017,41,25,1062,4957,5299,1123,0,0,93382,0,0,0,0,0,0,0,0,0,6412,193,10,0,0,0,0,0
404,12006,405.2071568631799,99997,0,0,1,0,126,78,0.002040061201836055,0,0,48854,44860,39,25,1105,5114,5470,1172,0,0,93163,0,0,0,0,0,0,0,0,0,6631,192,11,0,0,0,0,0
405,12006,406.2473924321574,99997,0,0,1,0,126,78,0.002040061201836055,0,0,48807,44701,39,24,1152,5274,5644,1222,0,0,92939,0,0,0,0,0,0,0,0,0,6855,192,11,0,0,0,0,0
406,12006,407.28861683668345,99997,0,0,1,0,126,78,0.002040061201836055,0,0,48759,44541,38,24,1201,5434,5820,1274,0,0,92711,0,0,0,0,0,0,0,0,0,7083,192,11,0,0,0,0,0
407,12006,408.3308676232524,99997,0,0,1,0,126,78,0.002040061201836055,0,0,48708,44379,37,23,1253,5597,5999,1328,0,0,92479,0,0,0,0,0,0,0,0,0,7315,191,12,0,0,0,0,0
408,12006,409.0263006954938,99997,0,0,1,0,126,78,0.002040061201836055,0,0,48657,44203,37,23,1304,5773,6181,1383,0,0,92242,0,0,0,0,0,0,0,0,0,7552,191,12,0,0,0,0,0
409,12006,410.07070425435074,99997,0,0,1,0,126,78,0.002040061201836055,0,0,48608,44042,37,23,1353,5934,6365,1440,0,0,92001,0,0,0,0,0,0,0,0,0,7793,191,12,0,0,0,0,0
410,12006,411.1161693781662,99997,0,0,1,0,126,78,0.002040061201836055,0,0,48558,43878,37,23,1403,6098,6552,1498,0,0,91756,0,0,0,0,0,0,0,0,0,8038,191,12,0,0,0,0,0
411,12006,412.16270539658944,99997,0,0,1,0,126,78,0.002040061201836055,0,0,48505,43705,37,23,1456,6271,6741,1558,0,0,91507,0,0,0,0,0,0,0,0,0,8287,191,12,0,0,0,0,0
412,12006,413.21038689045065,99997,0,0,1,0,126,78,0.002040061201836055,0,0,48449,43531,37,23,1512,6445,6933,1620,0,0,91254,0,0,0,0,0,0,0,0,0,8540,190,13,0,0,0,0,0
413,12006,414.2592670954348,99997,0,0,1,0,126,78,0.002040061201836055,0,0,48391,43355,37,23,1570,6621,7127,1683,0,0,90997,0,0,0,0,0,0,0,0,0,8797,190,13,0,0,0,0,0
414,12006,415.30939953197253,99997,0,0,1,0,126,78,0.002040061201836055,0,0,48331,43178,37,23,1630,6798,7324,1748,0,0,90735,0,0,0,0,0,0,0,0,0,9059,190,13,0,0,0,0,0
415,12006,416.0102125181197,99997,0,0,1,0,126,78,0.002040061201836055,0,0,48265,42997,37,22,1696,6980,7523,1815,0,0,90469,0,0,0,0,0,0,0,0,0,9325,190,13,0,0,0,0,0
416,12006,417.0630989746509,99997,0,0,1,0,126,78,0.002040061201836055,0,0,48202,42816,37,22,1759,7161,7725,1884,0,0,90199,0,0,0,0,0,0,0,0,0,9595,189,14,0,0,0,0,0
417,12006,418.1173567480735,99997,0,0,1,0,126,78,0.002040061201836055,0,0,48139,42636,37,22,1822,7341,7929,1954,0,0,89925,0,0,0,0,0,0,0,0,0,9869,189,14,0,0,0,0,0
418,12006,419.17301145796927,99997,0,0,1,0,126,78,0.002040061201836055,0,0,48075,42451,37,22,1886,7526,8135,2026,0,0,89647,0,0,0,0,0,0,0,0,0,10147,189,14,0,0,0,0,0
419,12006,420.2300596957731,99997,3,5,1,0,129,83,0.0021200636019080574,22,20,47984,42258,37,22,1952,7694,8343,2100,0,0,89365,0,0,0,0,0,0,0,0,0,10429,189,14,0,0,0,0,0
420,12006,421.0300786704101,99997,4,7,1,0,130,86,0.002160064801944058,21,17,47913,42053,37,23,2023,7899,8554,2176,0,0,89077,1,0,0,0,0,0,0,0,0,10716,189,14,0,0,0,0,0
421,12006,422.05012239395467,99997,9,14,1,0,135,93,0.0022800684020520615,21,12,47835,41873,37,22,2096,8078,8767,2254,0,0,88789,1,0,0,0,0,0,0,0,0,11004,186,17,0,0,0,0,0
422,12006,423.02873016257917,99997,13,14,1,0,139,96,0.0023500705021150636,19,11,47760,41678,37,25,2169,8271,8982,2333,0,0,88496,2,2,0,0,0,0,0,0,0,11294,184,19,0,0,0,0,0
423,12006,424.1071101971328,99997,15,13,1,0,141,97,0.002380071402142064,23,13,47678,41486,37,27,2245,8460,9199,2414,0,0,88197,3,3,0,0,0,0,0,0,0,11591,184,19,0,0,0,0,0
424,12006,425.0044442475103,99997,16,14,1,0,145,101,0.0024600738022140666,21,10,47597,41298,40,30,2324,8647,9418,2497,0,0,87889,9,3,0,0,0,0,0,0,0,11893,184,19,0,0,0,0,0
425,12006,426.0654138369765,99997,16,13,1,0,148,103,0.0025100753022590677,23,9,47509,41100,42,32,2408,8845,9639,2582,0,0,87579,14,4,0,0,0,0,0,0,0,12197,183,20,0,0,0,0,0
426,12006,427.08511222948994,99997,18,11,1,0,155,104,0.00259007770233107,19,11,47430,40903,47,35,2484,9039,9861,2669,0,0,87262,22,4,0,0,0,0,0,0,0,12506,183,20,0,0,0,0,0
427,12006,428.00660543480234,99997,16,10,1,0,157,106,0.002630078902367071,19,11,47350,40715,51,38,2562,9225,10085,2758,0,0,86943,28,5,0,0,0,0,0,0,0,12818,183,20,0,0,0,0,0
428,12006,429.09974381086414,99997,19,13,1,0,163,110,0.0027300819024570736,16,8,47266,40518,54,38,2643,9422,10311,2849,0,0,86622,32,5,0,0,0,0,0,0,0,13135,183,20,0,0,0,0,0
429,12006,430.06898148977336,99997,17,15,1,0,166,115,0.002810084302529076,17,6,47180,40323,59,41,2725,9614,10539,2942,0,0,86295,38,7,0,0,0,0,0,0,0,13454,183,20,0,0,0,0,0
430,12006,431.1378780893461,99997,20,10,1,0,173,115,0.0028800864025920777,18,8,47092,40129,63,46,2805,9806,10768,3037,0,0,85962,47,7,0,0,0,0,0,0,0,13778,183,20,0,0,0,0,0
431,12006,432.1021689067245,99997,20,11,1,0,178,118,0.0029600888026640798,17,6,46999,39923,67,48,2895,10011,10999,3133,0,0,85628,54,7,0,0,0,0,0,0,0,14105,183,20,0,0,0,0,0
432,12006,433.03971129738784,99997,21,11,1,0,182,119,0.0030100903027090813,19,5,46913,39723,68,49,2977,10211,11231,3231,0,0,85296,57,8,0,0,0,0,0,0,0,14433,182,21,0,0,0,0,0
433,12006,434.14404109960816,99997,24,9,1,0,188,120,0.003080092402772083,16,6,46821,39524,71,50,3066,10410,11465,3331,0,0,84960,62,9,0,0,0,0,0,0,0,14763,179,24,0,0,0,0,0
434,12006,435.1672010932584,99997,23,10,1,0,193,121,0.003140094202826085,12,5,46727,39315,77,50,3159,10619,11700,3433,0,0,84617,68,9,0,0,0,0,0,0,0,15100,179,24,0,0,0,0,0
435,12006,436.049204103072,99997,25,7,1,0,198,122,0.0032000960028800863,10,5,46631,39116,79,54,3253,10817,11936,3537,0,0,84272,73,11,0,0,0,0,0,0,0,15438,179,24,0,0,0,0,0
436,12006,437.0672044130117,99997,19,9,1,0,199,125,0.0032400972029160875,14,5,46529,38920,85,55,3351,11010,12173,3643,0,0,83922,80,12,0,0,0,0,0,0,0,15780,179,24,0,0,0,0,0
437,12006,438.0744284715998,99997,19,9,1,0,203,127,0.003300099002970089,18,4,46429,38729,89,57,3443,11200,12411,3751,0,0,83573,83,15,0,0,0,0,0,0,0,16123,179,24,0,0,0,0,0
438,12006,439.0240136294549,99997,21,10,1,0,208,129,0.003370101103033091,18,3,46325,38514,92,58,3542,11414,12651,3861,0,0,83219,87,15,0,0,0,0,0,0,0,16473,179,24,0,0,0,0,0
439,12006,440.14534607601365,99997,24,9,1,0,214,130,0.003440103203096093,21,2,46214,38320,95,60,3644,11608,12892,3973,0,0,82863,90,17,0,0,0,0,0,0,0,16824,179,24,0,0,0,0,0
440,12006,441.34974281997006,99997,29,9,1,0,219,130,0.0034901047031410943,17,3,46111,38113,94,59,3747,11815,13134,4087,0,0,82508,90,17,0,0,0,0,0,0,0,17179,178,25,0,0,0,0,0
441,12006,442.12907822594195,99997,27,9,1,0,224,131,0.0035501065031950958,13,7,46014,37915,100,58,3844,12010,13376,4203,0,0,82145,95,20,0,0,0,0,0,0,0,17534,178,25,0,0,0,0,0
442,12006,443.0526104511918,99997,27,9,1,0,227,131,0.0035801074032220967,11,7,45907,37688,101,57,3952,12238,13619,4321,0,0,81787,96,22,0,0,0,0,0,0,0,17889,174,29,0,0,0,0,0
443,12006,444.2819195167653,99997,22,12,1,0,228,134,0.003620108603258098,16,6,45797,37512,107,57,4056,12412,13863,4441,0,0,81418,102,22,0,0,0,0,0,0,0,18252,173,30,0,0,0,0,0
444,12006,445.0073491682876,99997,25,9,1,0,231,134,0.0036501095032850984,17,6,45685,37296,106,59,4165,12629,14108,4563,0,0,81049,105,22,0,0,0,0,0,0,0,18618,172,31,0,0,0,0,0
445,12006,446.00956001650525,99997,30,9,1,0,238,136,0.003740112203366101,15,4,45569,37095,107,61,4277,12830,14353,4687,0,0,80677,108,23,0,0,0,0,0,0,0,18986,172,31,0,0,0,0,0
446,12006,447.01785439138564,99997,32,8,1,0,244,137,0.003810114303429103,10,7,45456,36890,110,61,4390,13033,14599,4813,0,0,80301,112,25,0,0,0,0,0,0,0,19356,172,31,0,0,0,0,0
447,12006,448.014062752974,99997,25,11,1,0,245,141,0.0038601158034741044,14,6,45342,36674,116,62,4501,13246,14846,4941,0,0,79919,120,26,0,0,0,0,0,0,0,19729,171,32,0,0,0,0,0
448,12006,449.0594122972634,99995,22,10,2,1,248,142,0.0039001950097504877,11,5,45237,36474,121,63,4606,13446,15093,5070,0,0,79538,124,28,0,0,0,0,0,0,0,20102,170,33,0,0,0,0,0
449,12006,450.0617454242509,99995,19,10,2,1,252,144,0.003960198009900495,12,5,45123,36246,127,65,4716,13672,15341,5201,0,0,79153,130,30,1,0,0,0,0,0,0,20479,169,33,0,0,0,0,0
450,12006,451.02621022215226,99995,21,8,2,1,256,144,0.0040002000100005,9,6,45000,36044,129,66,4838,13874,15589,5334,0,0,78772,133,31,1,0,0,0,0,0,0,20856,166,36,0,0,0,0,0
451,12006,452.0128034279623,99995,18,7,2,1,259,145,0.004040202010100505,10,6,44885,35851,134,68,4950,14066,15837,5469,0,0,78384,138,34,1,0,0,0,0,0,0,21236,166,36,0,0,0,0,0
452,12006,453.0996738379808,99995,17,7,2,1,259,147,0.004060203010150507,12,5,44773,35651,132,69,5063,14266,16085,5606,0,0,78003,138,37,1,0,0,0,0,0,0,21614,162,40,0,0,0,0,0
453,12006,454.2163990069403,99995,19,7,2,1,262,149,0.004110205510275514,12,4,44649,35447,133,69,5184,14471,16334,5745,0,0,77615,139,39,1,0,0,0,0,0,0,21999,161,41,0,0,0,0,0
454,12006,455.14518146081826,99995,17,6,2,1,264,150,0.004140207010350517,12,3,44527,35242,137,71,5304,14676,16583,5885,0,0,77221,144,40,1,0,0,0,0,0,0,22387,161,41,0,0,0,0,0
455,12006,456.0474847830186,99995,18,5,2,1,267,150,0.004170208510425521,11,4,44394,35024,138,70,5436,14895,16832,6027,0,0,76829,145,42,1,0,0,0,0,0,0,22776,161,41,0,0,0,0,0
456,12006,457.12169296060557,99995,15,6,2,1,268,151,0.004190209510475524,14,4,44277,34837,140,69,5551,15082,17081,6171,0,0,76433,148,43,1,0,0,0,0,0,0,23168,161,41,0,0,0,0,0
457,12006,458.22049769094576,99995,15,6,2,1,270,151,0.004210210510525526,16,6,44148,34635,141,69,5677,15282,17330,6317,0,0,76037,150,43,1,0,0,0,0,0,0,23562,160,42,0,0,0,0,0
458,12006,459.0450256320117,99995,21,7,2,1,276,153,0.004290214510725536,14,5,44009,34425,140,70,5813,15491,17579,6465,0,0,75641,151,43,1,0,0,0,0,0,0,23957,158,44,0,0,0,0,0
459,12006,460.42196680143866,99995,22,10,2,1,282,156,0.004380219010950547,14,6,43889,34247,142,69,5930,15666,17827,6614,0,0,75244,152,47,1,0,0,0,0,0,0,24349,157,45,0,0,0,0,0
460,12006,461.0111612852038,99995,19,10,2,1,283,157,0.00440022001100055,16,5,43741,34018,146,70,6075,15895,18075,6765,0,0,74840,157,47,1,0,0,0,0,0,0,24748,157,45,0,0,0,0,0
461,12006,462.0420878952326,99995,18,9,2,1,286,157,0.004430221511075554,21,5,43600,33848,150,69,6208,16067,18323,6918,0,0,74437,161,48,1,0,0,0,0,0,0,25146,155,47,0,0,0,0,0
462,12006,463.0472599912367,99995,18,10,2,1,291,158,0.004490224511225561,20,7,43461,33626,153,69,6345,16286,18571,7072,0,0,74031,165,49,1,0,0,0,0,0,0,25547,155,47,0,0,0,0,0
463,12006,464.0093785792695,99995,19,9,2,1,295,160,0.004550227511375569,20,7,43324,33437,155,72,6479,16473,18818,7228,0,0,73624,170,50,1,0,0,0,0,0,0,25948,154,48,0,0,0,0,0
464,12006,465.25981269235336,99995,20,9,2,1,300,161,0.004610230511525576,19,8,43189,33253,159,73,6610,16655,19065,7385,0,0,73218,173,52,1,0,0,0,0,0,0,26349,153,49,0,0,0,0,0
465,12006,466.01139472239987,99995,24,8,2,1,306,162,0.004680234011700585,16,9,43050,33059,161,75,6746,16847,19312,7544,0,0,72808,177,52,1,0,0,0,0,0,0,26755,153,49,0,0,0,0,0
466,12006,467.12156895898187,99995,26,8,2,1,310,163,0.004730236511825591,15,9,42912,32869,163,75,6881,17037,19558,7704,0,0,72401,179,53,1,0,0,0,0,0,0,27159,152,50,0,0,0,0,0
467,12006,468.0886780759702,99995,24,7,2,1,311,165,0.004760238011900595,20,8,42761,32664,164,78,7028,17241,19804,7866,0,0,71990,184,54,1,0,0,0,0,0,0,27564,150,52,0,0,0,0,0
468,12006,469.0779167301374,99995,19,5,2,1,315,165,0.0048002400120006,19,9,42629,32490,171,77,7159,17417,20049,8029,0,0,71578,189,60,1,0,0,0,0,0,0,27965,149,53,0,0,0,0,0
469,12006,470.2501310478658,99995,22,8,2,1,320,168,0.00488024401220061,16,7,42488,32322,173,77,7298,17584,20293,8194,0,0,71169,190,61,1,0,0,0,0,0,0,28372,148,54,0,0,0,0,0
470,12006,471.00778565292313,99995,19,8,2,1,321,171,0.004920246012300615,20,5,42341,32123,174,77,7443,17785,20537,8360,0,0,70761,191,67,1,0,0,0,0,0,0,28773,145,57,0,0,0,0,0
471,12006,472.025760265383,99995,22,7,2,1,327,172,0.004990249512475624,19,8,42206,31948,174,79,7576,17956,20780,8528,0,0,70346,195,68,1,0,0,0,0,0,0,29183,145,57,0,0,0,0,0
472,12006,473.0232612166374,99995,25,9,2,1,332,177,0.005090254512725636,17,4,42057,31759,174,82,7724,18144,21022,8697,0,0,69937,195,73,1,0,0,0,0,0,0,29587,143,59,0,0,0,0,0
473,12006,474.2200708692384,99995,26,8,2,1,335,179,0.005140257012850643,15,5,41911,31576,174,85,7871,18324,21263,8867,0,0,69523,198,75,1,0,0,0,0,0,0,29996,143,59,0,0,0,0,0
474,12006,475.19423455864916,99995,21,8,2,1,336,179,0.005150257512875644,16,7,41763,31392,178,84,8019,18507,21504,9038,0,0,69109,201,78,1,0,0,0,0,0,0,30404,142,60,0,0,0,0,0
475,12006,476.12030732424205,99995,26,8,2,1,342,181,0.005230261513075654,14,7,41609,31208,178,86,8170,18689,21744,9211,0,0,68697,203,79,1,0,0,0,0,0,0,30813,139,63,0,0,0,0,0
476,12006,477.0283418073045,99995,29,7,2,1,347,182,0.005290264513225661,11,7,41463,31015,178,88,8316,18881,21983,9385,0,0,68284,205,81,0,1,0,0,0,0,0,31222,138,64,0,0,0,0,0
477,12006,478.00946480773763,99995,28,9,2,1,349,187,0.00536026801340067,14,3,41315,30828,179,90,8461,19068,22221,9560,0,0,67870,207,85,0,1,0,0,0,0,0,31630,137,65,0,0,0,0,0
478,12006,479.22012345408143,99995,28,9,2,1,354,187,0.005410270513525676,14,6,41163,30666,182,88,8610,19229,22458,9736,0,0,67456,209,88,0,1,0,0,0,0,0,32039,136,66,0,0,0,0,0
479,12006,480.15226886418696,99995,27,9,2,1,356,187,0.005430271513575679,16,7,41015,30489,184,87,8755,19406,22694,9913,0,0,67043,210,90,0,1,0,0,0,0,0,32449,135,67,0,0,0,0,0
480,12006,481.15581649603524,99995,28,9,2,1,360,188,0.005480274013700685,18,8,40862,30325,185,88,8904,19568,22929,10091,0,0,66628,213,91,0,1,0,0,0,0,0,32860,134,68,0,0,0,0,0
481,12006,482.1022919172179,99995,30,11,2,1,363,191,0.005540277013850693,16,6,40705,30148,185,89,9061,19744,23163,10270,0,0,66215,213,93,0,1,0,0,0,0,0,33271,134,68,0,0,0,0,0
482,12006,483.11638868002586,99995,28,11,2,1,366,192,0.005580279013950698,20,7,40556,29993,190,89,9203,19898,23396,10450,0,0,65799,216,96,0,1,0,0,0,0,0,33681,134,68,0,0,0,0,0
483,12006,484.08438822903037,99995,29,14,2,1,371,195,0.005660283014150708,19,7,40392,29816,194,87,9363,20074,23628,10631,0,0,65383,219,97,0,1,0,0,0,0,0,34093,134,68,0,0,0,0,0
484,12006,485.2016149212031,99995,33,11,2,1,378,196,0.005740287014350718,21,8,40223,29646,197,90,9523,20243,23858,10813,0,0,64967,223,100,0,1,0,0,0,0,0,34502,134,68,0,0,0,0,0
485,12006,486.4553290267577,99995,40,11,2,1,389,197,0.005860293014650733,22,12,40080,29529,199,91,9656,20355,24087,10996,0,0,64553,225,103,0,1,0,0,0,0,0,34911,134,68,0,0,0,0,0
486,12006,487.02238971194737,99995,36,14,2,1,391,200,0.005910295514775739,23,11,39908,29323,203,89,9827,20561,24315,11179,0,0,64142,226,106,0,2,0,0,0,0,0,35317,133,69,0,0,0,0,0
487,12006,488.1425800132021,99995,38,15,2,1,401,202,0.006030301515075754,23,9,39764,29185,210,87,9962,20702,24542,11363,0,0,63727,230,109,0,3,0,0,0,0,0,35724,133,69,0,0,0,0,0
488,12006,489.0075974788248,99995,41,15,2,1,407,206,0.006130306515325766,22,9,39597,29009,213,89,10124,20876,24768,11548,0,0,63314,233,113,0,3,0,0,0,0,0,36130,132,70,0,0,0,0,0
489,12006,490.10110528148,99995,41,21,2,1,410,213,0.006230311515575779,30,4,39442,28866,214,90,10270,21017,24992,11734,0,0,62903,235,115,0,3,0,0,0,0,0,36537,131,71,0,0,0,0,0
490,12006,491.307596301307,99995,51,18,2,1,423,213,0.006360318015900795,22,5,39307,28732,214,93,10403,21150,25215,11920,0,0,62492,238,118,0,3,0,0,0,0,0,36942,130,72,0,0,0,0,0
491,12006,492.01736504262567,99995,52,17,2,1,431,213,0.006440322016100805,20,7,39141,28552,221,92,10563,21330,25437,12107,0,0,62078,244,120,0,3,0,0,0,0,0,37348,129,73,0,0,0,0,0
492,12006,493.41416942131303,99995,52,18,2,1,438,217,0.006550327516375819,22,7,38986,28421,226,94,10711,21458,25657,12294,0,0,61666,250,124,0,3,0,0,0,0,0,37750,128,74,0,0,0,0,0
493,12006,494.264814719481,99995,53,16,2,1,440,217,0.006570328516425822,26,9,38809,28234,227,96,10882,21643,25876,12482,0,0,61257,252,125,0,3,0,0,0,0,0,38156,128,74,0,0,0,0,0
494,12006,495.0376612057844,99995,51,17,2,1,444,219,0.006630331516575829,31,8,38659,28091,233,96,11023,21786,26094,12670,0,0,60846,257,127,0,3,0,0,0,0,0,38560,128,74,0,0,0,0,0
495,12006,496.24841011022806,99995,49,14,2,1,448,220,0.006680334016700835,38,9,38490,27964,238,98,11182,21913,26310,12859,0,0,60436,263,131,0,3,0,0,0,0,0,38960,127,75,0,0,0,0,0
496,12006,497.3914464168687,99995,58,16,2,1,459,222,0.006810340517025852,39,14,38330,27819,239,96,11331,22053,26525,13048,0,0,60035,262,134,0,3,0,0,0,0,0,39359,125,77,0,0,0,0,0
497,12006,498.05090201188113,99995,55,18,2,1,467,229,0.00696034801740087,43,10,38165,27694,248,99,11486,22177,26738,13237,0,0,59625,272,140,0,3,0,0,0,0,0,39753,123,79,0,0,0,0,0
498,12006,499.19431985196326,99995,56,20,2,1,477,232,0.007090354517725887,38,15,38000,27528,255,99,11648,22336,26950,13427,0,0,59219,277,145,0,3,0,0,0,0,0,40149,122,80,0,0,0,0,0
499,12006,500.0588664601744,99995,55,20,2,1,491,238,0.0072903645182259115,33,18,37862,27409,268,104,11779,22447,27161,13617,0,0,58809,287,156,0,3,0,0,0,0,0,40538,121,81,0,0,0,0,0
500,12006,501.10952536275806,99995,54,22,2,1,495,242,0.0073703685184259215,40,17,37696,27238,270,106,11937,22615,27370,13807,0,0,58407,290,160,0,3,0,0,0,0,0,40933,121,81,0,0,0,0,0
501,12006,502.35507801471437,99995,57,24,2,1,513,246,0.0075903795189759486,33,19,37563,27140,280,107,12064,22708,27578,13997,0,0,58001,299,168,0,3,0,0,0,0,0,41322,120,82,0,0,0,0,0
502,12006,503.1186477607108,99995,54,27,2,1,515,250,0.0076503825191259565,34,16,37384,26965,282,107,12243,22883,27784,14188,0,0,57601,302,171,0,3,0,0,0,0,0,41716,120,82,0,0,0,0,0
503,12006,504.3196456707899,99995,58,30,2,1,526,256,0.007820391019550978,35,17,37244,26844,289,106,12371,23001,27989,14379,0,0,57199,308,175,0,3,0,0,0,0,0,42108,120,82,0,0,0,0,0
504,12006,505.2485602798659,99995,54,27,2,1,536,258,0.007940397019850992,37,22,37101,26755,299,110,12506,23084,28192,14570,0,0,56800,313,189,0,3,0,0,0,0,0,42488,120,82,0,0,0,0,0
505,12006,506.2741390752307,99995,55,28,2,1,544,261,0.008050402520126006,40,22,36944,26636,301,111,12657,23201,28394,14761,0,0,56407,316,195,0,3,0,0,0,0,0,42872,117,85,0,0,0,0,0
506,12006,507.3039988483383,99995,49,28,2,1,554,262,0.00816040802040102,41,26,36788,26516,314,111,12805,23317,28594,14952,0,0,56009,325,203,0,3,0,0,0,0,0,43253,115,87,0,0,0,0,0
507,12006,508.33825160637156,99995,49,27,2,1,565,267,0.00832041602080104,40,25,36632,26385,323,114,12953,23447,28793,15143,0,0,55611,334,211,0,3,0,0,0,0,0,43634,114,88,0,0,0,0,0
508,12006,509.37682741954626,99995,48,28,2,1,576,272,0.00848042402120106,34,25,36489,26268,332,118,13094,23559,28990,15334,0,0,55216,343,218,0,3,0,0,0,0,0,44013,112,90,0,0,0,0,0
509,12006,510.4196621298629,99995,47,30,2,1,584,278,0.008620431021551078,34,21,36345,26168,340,121,13231,23658,29186,15524,0,0,54823,351,223,0,3,0,0,0,0,0,44393,111,91,0,0,0,0,0
510,12006,511.4666878705146,99995,40,27,2,1,589,282,0.008710435521776088,34,17,36197,26032,348,128,13378,23794,29380,15714,0,0,54433,360,233,0,3,0,0,0,0,0,44764,108,94,0,0,0,0,0
511,12006,512.3163425702836,99995,41,30,2,1,596,286,0.008820441022051102,31,16,36023,25888,354,129,13548,23935,29573,15904,0,0,54048,362,238,0,3,0,0,0,0,0,45142,108,94,0,0,0,0,0
512,12006,513.5128403631915,99995,42,31,2,1,603,292,0.008950447522376118,32,14,35878,25794,358,134,13687,24025,29764,16094,0,0,53662,367,244,0,3,0,0,0,0,0,45517,108,94,0,0,0,0,0
513,12006,514.0069932271163,99995,43,30,2,1,607,298,0.009050452522626132,33,14,35725,25665,355,140,13841,24149,29954,16284,0,0,53284,367,254,0,3,0,0,0,0,0,45885,106,96,0,0,0,0,0
514,12006,515.1866830479066,99995,45,31,2,1,614,301,0.009150457522876144,29,14,35577,25540,359,139,13987,24274,30142,16473,0,0,52905,369,259,0,3,0,0,0,0,0,46257,106,96,0,0,0,0,0
515,12006,516.0047846534495,99995,47,31,2,1,621,304,0.009250462523126156,27,15,35437,25429,360,140,14126,24383,30329,16662,0,0,52528,371,265,0,3,0,0,0,0,0,46626,105,97,0,0,0,0,0
516,12006,517.3679129743853,99995,45,31,2,1,633,309,0.009420471023551178,30,13,35308,25355,367,145,14247,24454,30514,16851,0,0,52148,379,276,0,3,0,0,0,0,0,46987,103,99,0,0,0,0,0
517,12006,518.2902153167299,99995,48,32,2,1,639,312,0.009510475523776188,28,12,35157,25209,366,146,14398,24599,30697,17039,0,0,51779,379,281,0,3,0,0,0,0,0,47351,101,101,0,0,0,0,0
518,12006,519.0297423383921,99995,49,30,2,1,647,314,0.009610480524026202,22,14,35006,25075,371,150,14549,24729,30879,17227,0,0,51402,387,284,0,3,0,0,0,0,0,47717,100,102,0,0,0,0,0
519,12006,520.0682230327634,99995,53,33,2,1,656,320,0.00976048802440122,28,14,34870,25022,375,153,14671,24776,31059,17414,0,0,51033,390,289,0,3,0,0,0,0,0,48078,99,103,0,0,0,0,0
520,12006,521.2864635570581,99995,60,26,2,1,669,323,0.00992049602480124,22,16,34735,24972,377,161,14803,24823,31238,17601,0,0,50660,397,298,0,3,0,0,0,0,0,48435,99,103,0,0,0,0,0
521,12006,522.0667314261625,99995,60,29,2,1,672,327,0.009990499524976248,23,14,34558,24820,378,162,14978,24973,31415,17787,0,0,50296,398,301,0,3,0,0,0,0,0,48795,99,103,0,0,0,0,0
522,12006,523.0512287254417,99995,59,32,2,1,677,333,0.010100505025251262,27,16,34416,24717,380,163,15115,25070,31591,17973,0,0,49934,398,310,0,3,0,0,0,0,0,49148,99,103,0,0,0,0,0
523,12006,524.0153519873401,99995,57,31,2,1,684,337,0.010210510525526276,27,17,34288,24628,386,166,15239,25156,31765,18158,0,0,49567,406,316,0,3,0,0,0,0,0,49501,99,103,0,0,0,0,0
524,12006,525.0220014523254,99995,54,31,2,1,688,340,0.010280514025701286,30,20,34166,24555,386,169,15361,25223,31938,18343,0,0,49208,409,323,0,3,0,0,0,0,0,49850,97,105,0,0,0,0,0
525,12006,526.242838627364,99995,46,27,2,1,693,345,0.010380519025951298,40,19,34045,24500,397,174,15469,25278,32109,18527,0,0,48846,417,337,0,3,0,0,0,0,0,50190,96,106,0,0,0,0,0
526,12006,527.0963300727943,99995,56,24,2,1,707,346,0.010530526526326316,36,23,33904,24402,399,177,15602,25372,32279,18710,0,0,48491,419,343,0,3,0,0,0,0,0,50537,96,106,0,0,0,0,0
527,12006,528.2188520447946,99995,50,27,2,1,710,353,0.010630531526576328,45,21,33768,24340,405,179,15729,25431,32447,18893,0,0,48135,425,350,0,3,0,0,0,0,0,50880,95,107,0,0,0,0,0
528,12006,529.345863187909,99995,57,26,2,1,725,355,0.01080054002700135,37,25,33631,24261,411,182,15861,25504,32614,19075,0,0,47780,432,354,0,3,0,0,0,0,0,51224,94,108,0,0,0,0,0
529,12006,530.4773727591133,99995,60,28,2,1,738,359,0.010970548527426372,27,23,33512,24213,417,183,15981,25551,32779,19256,0,0,47427,439,359,0,3,0,0,0,0,0,51565,94,108,0,0,0,0,0
530,12006,531.0440445818151,99995,57,31,2,1,742,363,0.011050552527626382,31,19,33363,24089,422,183,16124,25676,32943,19436,0,0,47081,441,365,0,3,0,0,0,0,0,51903,94,108,0,0,0,0,0
531,12006,532.2857245622391,99995,59,27,2,1,749,367,0.011160558027901396,32,15,33220,24003,421,190,16265,25763,33105,19616,0,0,46735,445,374,0,3,0,0,0,0,0,52236,94,108,0,0,0,0,0
532,12006,533.083032198332,99995,62,27,2,1,757,370,0.01127056352817641,32,15,33080,23908,424,192,16399,25856,33266,19795,0,0,46392,448,379,0,3,0,0,0,0,0,52571,94,108,0,0,0,0,0
533,12006,534.1707703775933,99995,51,27,2,1,766,377,0.01143057152857643,30,13,32967,23866,440,198,16509,25894,33425,19973,0,0,46042,461,393,0,3,0,0,0,0,0,52894,94,108,0,0,0,0,0
534,12006,535.4786050546644,99995,58,27,2,1,779,382,0.011610580529026452,28,13,32881,23823,438,203,16592,25932,33583,20150,0,0,45708,460,405,0,3,0,0,0,0,0,53217,94,108,0,0,0,0,0
535,12006,536.1045353767485,99995,55,28,2,1,782,384,0.011660583029151458,33,12,32721,23709,440,204,16748,26045,33739,20326,0,0,45377,461,411,0,3,0,0,0,0,0,53541,92,110,0,0,0,0,0
536,12006,537.3603680978213,99995,55,26,2,1,792,388,0.011800590029501476,43,12,32605,23643,447,209,16847,26108,33894,20501,0,0,45042,466,422,0,3,0,0,0,0,0,53860,92,110,0,0,0,0,0
537,12006,538.0610726941097,99995,59,26,2,1,798,390,0.011880594029701486,41,12,32457,23537,448,211,16992,26212,34047,20675,0,0,44717,465,427,0,3,0,0,0,0,0,54181,91,111,0,0,0,0,0
538,12006,539.3308375711189,99995,63,28,2,1,812,393,0.012050602530126506,44,14,32332,23504,456,211,17102,26241,34199,20848,0,0,44387,470,433,0,3,0,0,0,0,0,54500,91,111,0,0,0,0,0
539,12006,540.3596854458515,99995,72,30,2,1,825,401,0.012260613030651532,47,10,32239,23471,457,215,17182,26272,34349,21020,0,0,44064,473,440,0,3,0,0,0,0,0,54813,89,113,0,0,0,0,0
540,12006,541.3500138752228,99995,76,26,2,1,840,401,0.012410620531026552,46,15,32119,23417,464,216,17292,26324,34498,21192,0,0,43739,477,451,0,3,0,0,0,0,0,55123,89,113,0,0,0,0,0
541,12006,542.0550821682651,99995,77,29,2,1,844,404,0.01248062403120156,43,12,31969,23293,464,212,17444,26452,34646,21363,0,0,43422,476,455,0,3,0,0,0,0,0,55437,88,114,0,0,0,0,0
542,12006,543.105027005488,99995,77,27,2,1,858,406,0.01264063203160158,43,20,31854,23240,471,215,17552,26496,34792,21533,0,0,43098,485,464,0,3,0,0,0,0,0,55743,87,115,0,0,0,0,0
543,12006,544.2410431542695,99995,84,21,2,1,876,408,0.012840642032101605,47,23,31757,23211,480,220,17629,26523,34937,21702,0,0,42776,494,474,0,3,0,0,0,0,0,56046,86,116,0,0,0,0,0
544,12006,545.4394251095551,99995,88,26,2,1,891,414,0.013050652532626631,44,21,31659,23170,489,219,17717,26562,35080,21870,0,0,42458,501,479,0,3,0,0,0,0,0,56352,86,116,0,0,0,0,0
545,12006,546.0390889793383,99995,85,30,2,1,895,418,0.013130656532826641,48,20,31523,23082,492,218,17849,26648,35222,22036,0,0,42151,501,486,0,3,0,0,0,0,0,56652,85,117,0,0,0,0,0
546,12006,547.0945736800013,99995,82,30,2,1,901,423,0.013240662033101655,52,19,31377,22991,501,221,17985,26737,35362,22201,0,0,41839,508,493,0,3,0,0,0,0,0,56950,85,117,0,0,0,0,0
547,12006,548.4883172856969,99995,70,36,2,1,920,435,0.013550677533876693,47,20,31339,23024,521,224,18020,26694,35501,22365,0,0,41520,522,512,2,3,0,0,0,0,0,57234,85,117,0,0,0,0,0
548,12006,549.0945931845613,99995,70,37,2,1,920,436,0.013560678033901695,48,19,31176,22888,521,223,18182,26831,35639,22528,0,0,41221,521,513,2,3,0,0,0,0,0,57533,84,118,0,0,0,0,0
549,12006,550.2603671854786,99994,73,35,3,1,941,441,0.013820829249754986,44,20,31099,22904,534,229,18246,26810,35775,22690,0,0,40912,532,526,2,3,0,0,0,0,0,57817,84,118,0,0,0,0,0
550,12006,551.4777456742497,99994,74,38,3,1,950,446,0.013960837650259015,43,19,30988,22863,539,230,18352,26848,35910,22851,0,0,40618,531,537,2,3,0,0,0,0,0,58101,83,119,0,0,0,0,0
551,12006,552.0048783189459,99994,73,42,3,1,959,454,0.014130847850871053,41,13,30869,22799,546,233,18467,26911,36044,23011,0,0,40313,542,540,2,3,0,0,0,0,0,58392,83,119,0,0,0,0,0
552,12006,553.0582854038229,99994,66,36,3,1,966,457,0.014230853851231073,44,15,30787,22736,556,241,18543,26970,36176,23170,0,0,40013,552,553,2,3,0,0,0,0,0,58669,82,120,0,0,0,0,0
553,12006,554.2168676988676,99994,69,34,3,1,980,462,0.014420865251915115,42,12,30700,22722,565,242,18620,26988,36307,23328,0,0,39719,557,566,2,3,0,0,0,0,0,58945,82,120,0,0,0,0,0
554,12006,555.475299986122,99994,69,32,3,1,993,467,0.014600876052563154,41,12,30627,22684,573,249,18686,27021,36437,23485,0,0,39423,566,577,2,3,0,0,0,0,0,59221,82,120,0,0,0,0,0
555,12006,556.165198262935,99994,73,33,3,1,1005,470,0.014750885053103187,47,13,30535,22640,577,249,18764,27063,36565,23641,0,0,39136,569,584,2,3,0,0,0,0,0,59498,82,120,0,0,0,0,0
556,12006,557.3570838798471,99994,64,31,3,1,1020,471,0.014910894653679221,54,14,30460,22643,599,250,18819,27060,36692,23795,0,0,38841,583,597,2,3,0,0,0,0,0,59766,82,120,0,0,0,0,0
557,12006,558.0925847833481,99994,65,33,3,1,1023,473,0.014960897653859231,54,12,30321,22549,601,246,18955,27158,36818,23948,0,0,38567,579,603,2,3,0,0,0,0,0,60038,81,121,0,0,0,0,0
558,12006,559.0030136593874,99994,64,29,3,1,1039,477,0.015160909654579275,45,12,30255,22571,612,252,19020,27134,36943,24100,0,0,38285,585,622,2,3,0,0,0,0,0,60295,80,122,0,0,0,0,0
559,12006,560.3377463754765,99994,60,27,3,1,1049,481,0.015300918055083304,37,12,30162,22525,622,257,19115,27177,37066,24251,0,0,38004,592,635,2,3,0,0,0,0,0,60556,80,122,0,0,0,0,0
560,12006,561.5695380102717,99994,65,25,3,1,1061,484,0.015450927055623337,32,14,30082,22505,626,261,19191,27193,37188,24401,0,0,37730,595,644,2,3,0,0,0,0,0,60818,79,123,0,0,0,0,0
561,12006,562.1758004641131,99994,63,27,3,1,1064,488,0.015520931255875352,31,12,29966,22444,627,262,19309,27253,37309,24550,0,0,37461,594,652,2,3,0,0,0,0,0,61080,79,123,0,0,0,0,0
562,12006,563.1452499353392,99994,69,25,3,1,1080,490,0.015700942056523393,27,16,29905,22450,633,264,19362,27243,37429,24697,0,0,37192,599,661,2,3,0,0,0,0,0,61335,76,126,0,0,0,0,0
563,12006,564.2467301270091,99994,72,23,3,1,1085,491,0.015760945656739404,31,19,29807,22399,631,266,19455,27291,37547,24843,0,0,36927,600,665,2,3,0,0,0,0,0,61595,76,126,0,0,0,0,0
564,12006,565.0818063159971,99994,74,25,3,1,1093,497,0.015900954057243434,36,17,29714,22363,633,270,19539,27323,37664,24988,0,0,36664,602,673,2,3,0,0,0,0,0,61848,75,127,0,0,0,0,0
565,12006,566.512043422619,99994,68,32,3,1,1104,506,0.01610096605796348,33,15,29659,22371,644,270,19592,27310,37780,25132,0,0,36401,606,686,2,4,0,0,0,0,0,62093,74,128,0,0,0,0,0
566,12006,567.0707820115242,99994,76,32,3,1,1117,509,0.01626097565853951,24,15,29574,22327,648,271,19674,27353,37895,25275,0,0,36137,612,688,2,4,0,0,0,0,0,62349,74,128,0,0,0,0,0
567,12006,568.6395340250998,99994,68,27,3,1,1131,509,0.01640098405904354,31,19,29557,22401,665,268,19675,27283,38009,25416,0,0,35873,621,704,2,5,0,0,0,0,0,62587,74,128,0,0,0,0,0
568,12006,569.2829472484599,99994,67,28,3,1,1133,510,0.01643098585915155,29,19,29432,22309,665,268,19803,27374,38122,25556,0,0,35621,620,708,2,5,0,0,0,0,0,62836,74,128,0,0,0,0,0
569,12006,570.3165505633267,99994,65,29,3,1,1142,515,0.01657099425965558,29,16,29352,22280,671,268,19879,27405,38233,25695,0,0,35373,618,725,2,5,0,0,0,0,0,63069,74,128,0,0,0,0,0
570,12006,571.2290224919201,99994,58,26,3,1,1149,519,0.016681000860051604,29,14,29293,22268,676,274,19940,27416,38343,25833,0,0,35124,619,743,3,5,0,0,0,0,0,63298,73,129,0,0,0,0,0
571,12006,572.0651094021823,99994,58,26,3,1,1156,524,0.016801008060483628,29,13,29220,22256,673,277,20016,27426,38452,25970,0,0,34879,618,756,3,5,0,0,0,0,0,63531,73,129,0,0,0,0,0
572,12006,573.0038117592447,99994,56,29,3,1,1161,528,0.01689101346080765,29,12,29140,22231,675,275,20096,27451,38560,26106,0,0,34636,618,764,2,6,0,0,0,0,0,63766,73,129,0,0,0,0,0
573,12006,574.0662288483494,99994,55,25,3,1,1174,532,0.017061023661419684,29,12,29115,22259,682,280,20115,27422,38667,26240,0,0,34392,622,782,2,6,0,0,0,0,0,63988,72,130,0,0,0,0,0
574,12006,575.3749331554001,99994,51,23,3,1,1179,533,0.0171210272616357,29,12,29044,22222,687,281,20185,27460,38773,26373,0,0,34151,625,791,2,6,0,0,0,0,0,64217,71,131,0,0,0,0,0
575,12006,576.043472432022,99994,50,24,3,1,1183,538,0.017211032661959717,28,7,28964,22189,691,285,20263,27493,38878,26505,0,0,33911,628,797,2,6,0,0,0,0,0,64448,71,131,0,0,0,0,0
576,12006,577.0324852938104,99994,52,21,3,1,1188,540,0.017281036862211732,29,7,28907,22178,691,288,20317,27504,38982,26636,0,0,33674,630,803,2,6,0,0,0,0,0,64677,71,131,0,0,0,0,0
577,12006,578.094459661507,99994,53,21,3,1,1195,542,0.017371042262535753,23,6,28836,22166,695,288,20389,27517,39085,26766,0,0,33440,631,810,2,6,0,0,0,0,0,64903,71,131,0,0,0,0,0
578,12006,579.0399501840045,99994,56,18,3,1,1206,542,0.017481048862931777,18,9,28758,22134,696,289,20468,27548,39186,26894,0,0,33212,630,822,2,6,0,0,0,0,0,65120,71,131,0,0,0,0,0
579,12006,580.2474673394743,99994,55,20,3,1,1211,544,0.017551053063183792,25,10,28724,22164,692,286,20500,27518,39286,27021,0,0,32987,628,830,2,6,0,0,0,0,0,65339,71,131,0,0,0,0,0
580,12006,581.010098298972,99994,52,23,3,1,1217,549,0.017661059663579816,25,11,28661,22143,699,287,20559,27534,39385,27147,0,0,32758,632,837,2,6,0,0,0,0,0,65557,71,131,0,0,0,0,0
581,12006,582.0733871560467,99994,48,21,3,1,1230,553,0.01783106986419185,18,9,28655,22181,711,291,20564,27496,39483,27272,0,0,32534,634,858,2,6,0,0,0,0,0,65758,70,132,0,0,0,0,0
582,12006,583.0482114507892,99994,46,22,3,1,1233,555,0.017881072864371864,15,9,28560,22114,714,291,20661,27562,39580,27396,0,0,32313,635,863,2,6,0,0,0,0,0,65973,69,133,0,0,0,0,0
583,12006,584.1263076503305,99994,41,21,3,1,1237,558,0.01795107706462388,17,8,28507,22119,720,294,20711,27556,39676,27519,0,0,32094,635,876,2,6,0,0,0,0,0,66179,69,133,0,0,0,0,0
584,12006,585.0646920868334,99994,41,18,3,1,1240,559,0.017991079464767887,18,9,28459,22101,720,296,20758,27574,39771,27641,0,0,31881,634,884,2,6,0,0,0,0,0,66385,66,136,0,0,0,0,0
585,12006,586.0753172197067,99994,42,16,3,1,1244,560,0.018041082464947896,18,10,28399,22075,721,298,20816,27599,39865,27761,0,0,31666,636,888,2,6,0,0,0,0,0,66594,65,137,0,0,0,0,0
586,12006,587.0103455584464,99994,37,15,3,1,1246,562,0.018081084865091905,22,9,28351,22054,719,297,20867,27623,39958,27880,0,0,31457,634,900,1,7,0,0,0,0,0,66793,65,137,0,0,0,0,0
587,12006,588.1220216491379,99994,36,13,3,1,1251,563,0.018141088465307917,18,9,28306,22066,718,299,20918,27611,40050,27998,0,0,31246,635,908,1,7,0,0,0,0,0,66995,65,137,0,0,0,0,0
588,12006,589.0101663207697,99994,35,14,3,1,1253,566,0.01819109146548793,21,9,28258,22055,718,299,20964,27621,40141,28115,0,0,31043,631,917,1,7,0,0,0,0,0,67193,64,138,0,0,0,0,0
589,12006,590.108839572094,99994,38,16,3,1,1259,569,0.01828109686581195,19,8,28218,22087,717,298,21004,27589,40231,28231,0,0,30838,630,922,1,7,0,0,0,0,0,67394,64,138,0,0,0,0,0
590,12006,591.4033120031396,99994,35,19,3,1,1264,573,0.018371102266135968,18,6,28188,22113,718,298,21037,27562,40321,28346,0,0,30633,631,930,1,7,0,0,0,0,0,67590,63,139,0,0,0,0,0
591,12006,592.0233107260092,99994,37,17,3,1,1267,573,0.018401104066243974,20,7,28129,22099,713,299,21097,27576,40410,28460,0,0,30436,625,939,1,7,0,0,0,0,0,67784,63,139,0,0,0,0,0
592,12006,593.0644398103649,99994,36,19,3,1,1269,575,0.018441106466387983,24,6,28088,22102,712,296,21136,27575,40498,28572,0,0,30239,622,945,1,7,0,0,0,0,0,67978,63,139,0,0,0,0,0
593,12006,594.0405924233971,99994,36,16,3,1,1272,577,0.018491109466567995,25,4,28043,22107,705,299,21187,27572,40585,28683,0,0,30045,618,957,1,7,0,0,0,0,0,68164,63,139,0,0,0,0,0
594,12006,595.3037427469071,99994,38,15,3,1,1279,578,0.018571114266856013,23,7,28004,22141,707,297,21224,27538,40671,28793,0,0,29855,612,970,1,7,0,0,0,0,0,68347,63,139,0,0,0,0,0
595,12006,596.550302440305,99994,35,14,3,1,1285,579,0.018641118467108028,22,8,27989,22180,709,298,21241,27498,40756,28902,0,0,29661,612,981,1,7,0,0,0,0,0,68530,63,139,0,0,0,0,0
596,12006,597.4205543448165,99994,37,12,3,1,1292,580,0.018721123267396042,20,10,27946,22181,710,300,21283,27495,40840,29010,0,0,29472,608,991,2,7,0,0,0,0,0,68712,63,139,0,0,0,0,0
597,12006,598.0578346590011,99994,38,14,3,1,1296,582,0.018781126867612057,19,8,27883,22165,708,297,21348,27514,40923,29117,0,0,29286,605,997,2,7,0,0,0,0,0,68895,62,140,0,0,0,0,0
598,12006,599.0448547286458,99994,41,13,3,1,1300,586,0.018861131667900075,19,6,27838,22170,706,302,21392,27507,41005,29223,0,0,29100,603,1005,2,7,0,0,0,0,0,69075,62,140,0,0,0,0,0
599,12006,600.4404667373061,99994,36,12,3,1,1308,589,0.0189711382682961,23,10,27882,22245,712,305,21343,27426,41087,29328,0,0,28913,603,1022,2,7,0,0,0,0,0,69245,62,140,0,0,0,0,0
600,12006,601.0767898644837,99994,40,11,3,1,1315,590,0.019051143068584114,19,11,27847,22262,707,302,21383,27412,41168,29432,0,0,28734,597,1033,2,7,0,0,0,0,0,69419,62,140,0,0,0,0,0
601,12006,602.0005162467737,99994,40,9,3,1,1316,590,0.019061143668620117,19,12,27765,22213,704,304,21468,27460,41248,29535,0,0,28555,593,1040,2,7,0,0,0,0,0,69595,62,140,0,0,0,0,0
602,12006,603.1682877343391,99994,41,12,3,1,1322,594,0.019161149668980137,19,9,27756,22277,705,303,21475,27397,41327,29637,0,0,28374,593,1046,2,7,0,0,0,0,0,69770,62,140,0,0,0,0,0
603,12006,604.3333933139555,99994,39,13,3,1,1327,595,0.019221153269196153,16,8,27717,22294,709,302,21515,27381,41405,29738,0,0,28194,594,1052,2,7,0,0,0,0,0,69943,62,140,0,0,0,0,0
604,12006,605.0611518495145,99994,37,11,3,1,1329,595,0.019241154469268155,17,10,27670,22288,706,301,21566,27388,41482,29838,0,0,28021,590,1062,2,7,0,0,0,0,0,70110,62,140,0,0,0,0,0
605,12006,606.1767147641646,99994,31,13,3,1,1334,597,0.01931115866952017,22,9,27661,22348,712,301,21570,27327,41559,29937,0,0,27842,593,1070,2,7,0,0,0,0,0,70278,62,140,0,0,0,0,0
606,12006,607.1034880193549,99994,39,12,3,1,1343,597,0.01940116406984419,16,11,27619,22334,709,300,21613,27341,41635,30035,0,0,27672,589,1076,2,7,0,0,0,0,0,70446,62,140,0,0,0,0,0
607,12006,608.1610308756276,99994,37,14,3,1,1347,599,0.019461167670060203,15,11,27588,22369,713,300,21643,27304,41710,30132,0,0,27500,590,1081,2,7,0,0,0,0,0,70612,61,141,0,0,0,0,0
608,12006,609.0309037588797,99994,34,17,3,1,1348,604,0.019521171270276215,16,12,27562,22378,714,300,21670,27291,41784,30228,0,0,27328,592,1085,2,7,0,0,0,0,0,70778,61,141,0,0,0,0,0
609,12006,610.0245792431346,99994,35,15,3,1,1353,606,0.019591175470528233,15,11,27534,22402,715,302,21697,27268,41857,30323,0,0,27157,595,1090,2,7,0,0,0,0,0,70941,61,141,0,0,0,0,0
610,12006,611.064385026446,99994,34,19,3,1,1357,611,0.01968118087085225,21,9,27519,22444,717,303,21705,27223,41930,30417,0,0,26990,595,1096,2,7,0,0,0,0,0,71102,61,141,0,0,0,0,0
611,12006,612.14612581618,99994,36,21,3,1,1362,613,0.019751185071104266,18,7,27484,22441,712,301,21746,27228,42002,30510,0,0,26829,591,1103,2,7,0,0,0,0,0,71260,61,141,0,0,0,0,0
612,12006,613.1268315686381,99994,32,22,3,1,1369,616,0.019851191071464287,17,5,27470,22475,717,303,21760,27193,42073,30602,0,0,26662,595,1112,2,7,0,0,0,0,0,71414,61,141,0,0,0,0,0
613,12006,614.0685435751438,99994,31,18,3,1,1370,617,0.019871192271536293,18,6,27456,22486,717,306,21774,27182,42143,30693,0,0,26501,595,1119,2,7,0,0,0,0,0,71568,61,141,0,0,0,0,0
614,12006,615.0619611324639,99994,29,16,3,1,1372,617,0.019891193471608296,19,6,27443,22480,715,308,21790,27188,42213,30783,0,0,26345,592,1128,2,7,0,0,0,0,0,71718,60,142,0,0,0,0,0
615,12006,616.3054742006442,99994,30,14,3,1,1380,618,0.019981198871932317,18,6,27454,22545,716,311,21778,27122,42282,30872,0,0,26187,592,1138,2,7,0,0,0,0,0,71866,60,142,0,0,0,0,0
616,12006,617.0513704273809,99994,31,13,3,1,1384,618,0.020021201272076326,19,7,27423,22541,714,312,21809,27125,42350,30960,0,0,26033,590,1144,2,7,0,0,0,0,0,72016,60,142,0,0,0,0,0
617,12006,618.0195676039526,99994,34,13,3,1,1391,618,0.02009120547232834,13,7,27393,22546,716,308,21840,27124,42418,31047,0,0,25881,587,1151,2,7,0,0,0,0,0,72164,60,142,0,0,0,0,0
618,12006,619.0750156070432,99994,30,16,3,1,1395,622,0.02017121027261636,13,4,27380,22566,722,308,21851,27104,42485,31133,0,0,25727,588,1159,2,7,0,0,0,0,0,72309,60,142,0,0,0,0,0
619,12006,620.1512509854906,99994,30,14,3,1,1400,623,0.02023121387283237,10,4,27394,22611,720,308,21842,27061,42551,31218,0,0,25577,587,1168,2,7,0,0,0,0,0,72451,60,142,0,0,0,0,0
620,12006,621.1663840941171,99994,26,12,3,1,1402,623,0.020251215072904373,10,4,27388,22663,724,306,21848,27013,42617,31302,0,0,25428,587,1176,2,7,0,0,0,0,0,72592,59,143,0,0,0,0,0
621,12006,622.077902767314,99994,24,12,3,1,1405,624,0.020291217473048382,10,3,27377,22661,722,305,21863,27017,42682,31385,0,0,25287,581,1188,2,7,0,0,0,0,0,72727,58,144,0,0,0,0,0
622,12006,623.2707833568811,99994,24,11,3,1,1406,625,0.020311218673120388,9,4,27366,22684,720,306,21877,26993,42746,31467,0,0,25141,581,1191,2,7,0,0,0,0,0,72870,58,144,0,0,0,0,0
623,12006,624.1391863766949,99994,21,9,3,1,1407,625,0.020321219273156388,9,4,27360,22709,718,306,21888,26970,42810,31549,0,0,24998,578,1200,2,7,0,0,0,0,0,73007,58,144,0,0,0,0,0
624,12006,625.2164980541625,99994,19,8,3,1,1410,625,0.020351221073264397,7,6,27349,22715,717,307,21904,26962,42873,31630,0,0,24854,578,1206,2,7,0,0,0,0,0,73145,58,144,0,0,0,0,0
625,12006,626.0302873977685,99994,20,10,3,1,1414,627,0.02041122467348041,5,4,27358,22746,716,305,21897,26933,42935,31710,0,0,24713,577,1210,2,7,0,0,0,0,0,73283,58,144,0,0,0,0,0
626,12006,627.1353906084454,99994,19,12,3,1,1417,629,0.02046122767366042,4,4,27360,22776,710,304,21903,26902,42997,31789,0,0,24573,577,1214,2,7,0,0,0,0,0,73419,57,145,0,0,0,0,0
627,12006,628.0632860703042,99994,18,9,3,1,1417,629,0.02046122767366042,5,5,27340,22777,705,305,21928,26902,43058,31867,0,0,24439,573,1222,2,7,0,0,0,0,0,73549,56,146,0,0,0,0,0
628,12006,629.1128154406887,99994,18,10,3,1,1420,630,0.020501230073804427,4,4,27339,22800,703,304,21932,26880,43118,31944,0,0,24304,571,1227,2,7,0,0,0,0,0,73681,56,146,0,0,0,0,0
629,12006,630.0979426762154,99994,14,10,3,1,1420,631,0.02051123067384043,30,28,27335,22823,702,304,21915,26833,43178,32020,0,0,24169,569,1233,2,7,0,1,0,0,0,73811,56,146,0,0,0,0,0
630,12006,631.0421396653318,99994,17,14,3,1,1424,635,0.020591235474128448,33,26,27337,22868,700,303,21909,26787,43237,32096,0,0,24037,566,1236,2,7,0,1,0,0,1,73942,56,146,0,0,0,0,0
631,12006,632.2171266237425,99994,28,20,3,1,1439,643,0.0208212492749565,26,22,27343,22908,699,305,21900,26743,43296,32171,0,0,23906,562,1238,2,9,0,2,0,0,4,74069,56,146,0,0,0,0,0
632,12006,633.2033365378844,99994,32,25,3,1,1446,649,0.020951257075424525,36,23,27344,22932,700,303,21884,26715,43354,32245,0,0,23774,561,1239,2,9,0,3,0,0,7,74197,56,146,0,0,0,0,0
633,12006,634.2479876736815,99994,38,25,3,1,1456,654,0.021101266075964558,36,19,27338,22972,698,305,21886,26677,43411,32318,0,0,23642,559,1241,2,9,0,8,0,0,11,74320,55,147,0,0,0,0,0
634,12006,635.2927115478736,99994,43,26,3,1,1464,659,0.021231273876432585,44,21,27321,22999,697,308,21891,26644,43468,32390,0,0,23513,558,1242,2,9,0,9,0,0,17,74442,55,147,0,0,0,0,0
635,12006,636.2097118824119,99994,43,28,3,1,1476,663,0.02139128347700862,47,27,27320,23015,706,309,21880,26619,43524,32462,0,0,23382,556,1244,2,9,0,14,0,0,26,74559,55,147,0,0,0,0,0
636,12006,637.2550328924019,99994,52,31,3,1,1492,669,0.02161129667780067,38,27,27317,23046,710,306,21879,26588,43580,32533,0,0,23256,551,1249,2,9,0,19,0,0,31,74675,54,148,0,0,0,0,0
637,12006,638.3004922623978,99994,51,30,3,1,1502,677,0.021791307478448707,40,25,27319,23083,713,314,21873,26546,43635,32603,0,0,23126,549,1251,2,9,0,26,0,0,44,74785,54,148,0,0,0,0,0
638,12006,639.3457230301947,99994,57,29,3,1,1514,680,0.02194131647898874,44,29,27323,23122,714,316,21858,26502,43690,32672,0,0,23003,546,1254,2,9,0,28,0,0,52,74898,54,148,0,0,0,0,0
639,12006,640.0424416447638,99994,59,30,3,1,1522,686,0.02208132487949277,47,31,27302,23124,718,319,21870,26494,43744,32741,0,0,22882,543,1256,2,10,0,29,0,0,61,75009,54,148,0,0,0,0,0
640,12006,641.0881402374317,99994,62,29,3,1,1531,691,0.0222213332799968,60,33,27302,23150,720,323,21852,26463,43797,32809,0,0,22764,539,1260,2,10,0,31,0,0,71,75115,53,149,0,0,0,0,0
641,12006,642.1335054627685,99994,57,34,3,1,1535,699,0.022341340480428826,73,33,27323,23181,728,325,21815,26425,43850,32876,0,0,22640,538,1261,2,10,0,36,0,0,78,75227,53,149,0,0,0,0,0
642,12006,643.1782535845693,99994,61,35,3,1,1550,707,0.022571354281256874,76,35,27327,23206,731,331,21801,26391,43902,32942,0,0,22521,533,1266,2,10,0,42,0,0,90,75328,53,149,0,0,0,0,0
643,12006,644.2226405951948,99994,64,47,3,1,1566,722,0.022881372882372943,84,32,27335,23243,739,332,21774,26344,43954,33008,0,0,22402,532,1267,2,10,0,44,0,0,104,75431,53,149,0,0,0,0,0
644,12006,645.266668252871,99994,82,48,3,1,1595,727,0.023221393283597017,78,41,27311,23281,747,335,21778,26293,44005,33073,0,0,22286,528,1271,2,10,0,49,0,0,114,75532,52,150,0,0,0,0,0
645,12006,646.3112201742543,99994,88,51,3,1,1615,737,0.02352141128467708,91,43,27307,23304,754,341,21756,26259,44056,33137,0,0,22166,526,1273,2,10,0,56,0,0,128,75631,52,150,0,0,0,0,0
646,12006,647.0076283041192,99994,103,54,3,1,1636,745,0.023811428685721142,87,43,27305,23337,757,345,21744,26219,44106,33200,0,0,22052,525,1274,2,10,0,58,0,0,137,75734,52,150,0,0,0,0,0
647,12006,648.0522097451671,99994,109,57,3,1,1656,762,0.024181450887053223,88,38,27322,23370,767,355,21710,26178,44156,33263,0,0,21937,522,1276,2,11,0,63,0,0,159,75822,52,150,0,0,0,0,0
648,12006,649.0961367180626,99994,126,66,3,1,1684,774,0.02458147488849331,101,52,27319,23408,774,355,21676,26117,44205,33325,0,0,21826,519,1278,2,12,0,66,0,0,169,75920,52,150,0,0,0,0,0
649,12006,650.1396338773978,99994,143,73,3,1,1716,789,0.02505150309018541,112,51,27300,23435,786,363,21655,26076,44254,33386,0,0,21710,518,1278,2,13,0,74,0,0,183,76014,51,151,0,0,0,0,0
650,12006,651.1831297420097,99994,152,80,3,1,1745,806,0.025511530691841512,125,45,27308,23498,803,372,21608,26003,44302,33447,0,0,21591,515,1280,3,13,0,86,0,0,200,76104,51,151,0,0,0,0,0
651,12006,652.2263003118005,99994,153,76,3,1,1779,817,0.025961557693461607,140,51,27305,23534,830,383,21568,25954,44350,33507,0,0,21474,514,1281,3,13,0,98,0,0,236,76173,49,153,0,0,0,0,0
652,12006,653.2694344258625,99994,158,77,3,1,1817,834,0.026511590695441727,143,57,27305,23574,859,396,21531,25894,44397,33566,0,0,21359,512,1282,3,14,0,110,0,0,272,76240,48,154,0,0,0,0,0
653,12006,654.3123840356118,99994,165,85,3,1,1850,855,0.027051623097385843,142,53,27306,23625,878,407,21505,25828,44444,33625,0,0,21238,509,1284,4,14,0,127,0,0,293,76323,48,154,0,0,0,0,0
654,12006,655.0075954349627,99994,172,90,3,1,1875,867,0.027421645298717923,143,50,27292,23625,890,411,21499,25822,44490,33683,0,0,21127,509,1284,4,15,0,134,0,0,310,76410,48,153,0,0,0,0,0
655,12006,656.0507847749061,99994,177,87,3,1,1909,884,0.027931675900554034,166,56,27296,23663,915,429,21442,25763,44536,33741,0,0,21013,508,1284,4,17,0,146,0,0,344,76477,47,154,0,0,0,0,0
656,12006,657.0934500119265,99994,200,93,3,1,1951,901,0.028521711302678162,167,69,27300,23699,930,435,21399,25702,44582,33798,0,0,20898,507,1283,4,20,0,159,0,0,357,76565,47,154,0,0,0,0,0
657,12006,658.1357533792752,99994,210,93,3,1,1985,909,0.02894173650419025,186,90,27276,23739,950,439,21374,25637,44627,33854,0,0,20793,505,1285,4,20,0,165,0,0,383,76638,47,154,0,0,0,0,0
658,12006,659.1785802613804,99994,223,104,3,1,2028,936,0.029641778506710403,210,83,27246,23768,978,453,21339,25590,44672,33910,0,0,20685,501,1288,4,21,0,176,0,0,417,76701,47,154,0,0,0,0,0
659,12006,660.2219032200175,99994,239,109,3,1,2087,958,0.030451827109626576,218,84,27220,23816,1015,468,21304,25521,44716,33965,0,0,20576,495,1294,4,21,0,192,0,0,461,76750,47,154,0,0,0,0,0
660,12006,661.2660523322156,99994,274,109,3,1,2153,981,0.031341880512830766,228,96,27173,23844,1034,488,21287,25461,44760,34019,0,0,20469,490,1295,7,23,0,204,0,0,497,76808,46,155,0,0,0,0,0
661,12006,662.3111552278099,99994,295,125,3,1,2223,1009,0.03232193931635898,226,103,27156,23891,1079,499,21240,25380,44803,34073,0,0,20357,489,1296,7,23,0,220,0,0,542,76859,46,155,0,0,0,0,0
662,12006,663.0081382627682,99994,305,138,3,1,2256,1033,0.032891973518411104,234,99,27125,23899,1097,508,21235,25354,44846,34126,0,0,20252,487,1298,7,23,0,231,0,0,565,76930,46,155,0,0,0,0,0
663,12006,664.0545523448901,99994,318,139,3,1,2317,1058,0.03375202512150729,255,112,27100,23955,1142,529,21181,25263,44889,34179,0,0,20142,484,1299,8,24,0,247,0,0,619,76970,46,155,0,0,0,0,0
664,12006,665.1012778880247,99994,336,148,3,1,2380,1088,0.03468208092485549,266,121,27092,23972,1185,548,21117,25209,44931,34231,0,0,20032,482,1297,9,27,0,264,0,0,664,77018,46,155,0,0,0,0,0
665,12006,666.1482020500945,99994,370,152,3,1,2463,1124,0.03587215232913975,294,127,27042,23998,1227,579,21063,25142,44973,34283,0,0,19924,478,1297,11,30,0,280,0,0,723,77050,46,155,0,0,0,0,0
666,12006,667.1961730790589,99994,391,167,3,1,2549,1167,0.037162229733784025,304,121,27012,24043,1287,605,21002,25062,45014,34334,0,0,19807,478,1295,12,34,0,305,0,0,785,77079,45,154,0,0,0,0,0
667,12006,668.2447903931786,99993,432,165,4,1,2643,1196,0.03839268748812417,304,144,26973,24069,1329,633,20957,24987,45055,34384,0,0,19699,478,1295,12,35,0,322,0,0,849,77104,45,154,0,0,0,0,0
668,12006,669.294248075139,99992,457,189,5,1,2731,1241,0.03972317785422834,322,148,26954,24097,1380,651,20881,24913,45096,34434,0,0,19586,477,1295,11,36,0,346,0,0,908,77134,45,154,0,0,0,0,0
669,12006,670.343909292265,99992,503,190,5,1,2833,1269,0.041023281862549006,341,168,26913,24121,1420,673,20817,24846,45136,34483,0,0,19482,473,1299,11,36,0,365,0,0,972,77155,45,154,0,0,0,0,0
670,12006,671.0441569635759,99991,510,200,6,1,2884,1302,0.041863767739096516,376,170,26863,24122,1459,694,20785,24812,45176,34532,0,0,19385,472,1300,10,37,0,376,0,0,1027,77185,44,155,0,0,0,0,0
671,12006,672.0956489174503,99991,531,234,6,1,2991,1356,0.043473912652138694,416,179,26813,24138,1530,709,20703,24738,45215,34580,0,0,19270,470,1300,11,39,0,406,0,0,1100,77197,43,155,0,0,0,0,0
672,12006,673.1481426327663,99991,554,238,6,1,3103,1400,0.04503405306477583,451,193,26768,24159,1605,744,20615,24664,45254,34628,0,0,19154,466,1301,13,42,0,438,0,0,1192,77189,42,154,0,0,0,0,0
673,12006,674.2016535792466,99991,564,257,6,1,3232,1452,0.04684421597943815,467,223,26707,24149,1715,770,20540,24599,45293,34675,0,0,19033,465,1299,14,45,0,473,0,0,1304,77162,42,154,0,0,0,0,0
674,12006,675.2568115424211,99990,618,278,7,1,3379,1509,0.048884888488848886,456,232,26663,24164,1793,805,20462,24519,45331,34722,0,0,18921,462,1301,14,47,0,503,0,0,1399,77147,41,155,0,0,0,0,0
675,12006,676.3132008487403,99990,651,284,7,1,3510,1560,0.050705070507050705,509,257,26590,24159,1882,844,20360,24454,45369,34768,0,0,18813,460,1300,14,53,0,529,0,0,1507,77118,41,155,0,0,0,0,0
676,12006,677.0183409033657,99990,675,295,7,1,3600,1598,0.051985198519851984,533,262,26539,24164,1939,868,20306,24409,45407,34814,0,0,18709,456,1303,15,55,0,552,0,0,1573,77132,41,154,0,0,0,0,0
677,12006,678.0776268953862,99989,725,323,8,1,3742,1666,0.05408594945443999,547,257,26478,24171,2015,905,20226,24342,45444,34859,0,0,18605,452,1304,18,60,0,574,0,0,1669,77112,41,154,0,0,0,0,0
678,12006,679.1385771155633,99989,772,333,8,1,3908,1731,0.05639620358239406,561,276,26421,24181,2123,955,20114,24253,45481,34904,0,0,18483,449,1302,19,65,0,616,0,0,1794,77066,41,154,0,0,0,0,0
679,12006,680.2008936101267,99989,832,349,8,1,4071,1795,0.058666453309864086,603,293,26351,24183,2208,996,19997,24177,45517,34948,0,0,18371,446,1303,21,67,0,650,0,0,1906,77031,40,154,0,0,0,0,0
680,12006,681.2645344361581,99989,847,384,8,1,4229,1888,0.06117672944023843,651,303,26258,24188,2335,1045,19900,24078,45553,34992,0,0,18257,441,1305,22,71,0,688,0,0,2062,76949,40,154,0,0,0,0,0
681,12006,682.3307105836046,99989,888,408,8,1,4410,1963,0.06373701107121783,691,329,26175,24198,2454,1092,19783,23971,45589,35035,0,0,18144,440,1304,22,76,0,723,0,0,2210,76876,40,154,0,0,0,0,0
682,12006,683.0427456175967,99989,906,419,8,1,4537,2030,0.06567722449469442,726,332,26095,24175,2543,1144,19721,23928,45624,35078,0,0,18018,436,1306,25,77,0,773,0,0,2319,76841,39,155,0,0,0,0,0
683,12006,684.1133809540445,99989,959,429,8,1,4744,2119,0.06863755013051435,790,342,25984,24187,2668,1219,19590,23821,45659,35120,0,0,17887,431,1307,27,83,0,830,0,0,2484,76747,39,154,0,0,0,0,0
684,12006,685.187121644276,99987,1026,472,10,1,4961,2212,0.07173932611239461,808,383,25891,24168,2795,1265,19469,23710,45694,35162,0,0,17764,425,1305,32,87,0,878,0,0,2624,76679,38,155,0,0,0,0,0
685,12006,686.2631787212325,99987,1081,491,10,1,5208,2307,0.07515977077020013,818,417,25774,24173,2969,1332,19347,23585,45728,35203,0,0,17625,423,1304,34,94,0,942,0,0,2814,76559,38,154,0,0,0,0,0
686,12006,687.3428936738876,99984,1129,546,13,1,5430,2434,0.07865258441350616,894,412,25614,24164,3116,1395,19233,23481,45762,35244,0,0,17490,417,1307,37,97,0,1003,0,0,2987,76454,38,154,0,0,0,0,0
687,12006,688.0654775747782,99984,1197,576,13,1,5605,2511,0.08117298767802848,899,417,25520,24143,3203,1434,19167,23428,45796,35285,0,0,17369,412,1305,42,102,0,1049,0,0,3082,76431,38,154,0,0,0,0,0
688,12006,689.1529041684506,99982,1218,575,13,3,5816,2620,0.08437518753375607,976,445,25383,24149,3369,1529,19040,23298,45829,35325,0,0,17227,411,1304,45,106,0,1116,0,0,3302,76280,38,153,0,0,0,0,0
689,12006,690.2443727671657,99981,1304,592,14,3,6093,2741,0.08835678778968004,1035,472,25251,24130,3530,1622,18865,23180,45862,35365,0,0,17082,409,1302,48,113,0,1187,0,0,3510,76140,38,152,0,0,0,0,0
690,12006,691.3398891651206,99979,1388,593,15,4,6374,2859,0.09234939337260825,1111,514,25068,24089,3694,1729,18723,23070,45895,35404,0,0,16953,404,1302,54,118,1,1243,0,0,3747,75968,37,152,0,0,0,0,0
691,12006,692.0732293647656,99979,1471,626,15,4,6587,2957,0.09546004660978806,1146,505,24932,24089,3801,1785,18634,22990,45928,35443,0,0,16848,401,1302,57,124,1,1276,0,0,3894,75887,37,152,0,0,0,0,0
692,12006,693.1783004284921,99976,1511,684,18,4,6895,3125,0.1002240537729055,1215,536,24765,24017,4032,1880,18458,22878,45960,35481,0,0,16698,396,1300,61,138,1,1357,0,0,4160,75677,37,151,0,0,0,0,0
693,12006,694.2888249244354,99975,1598,702,19,4,7233,3262,0.10497624406101526,1286,594,24591,23980,4239,1984,18266,22735,45992,35519,0,0,16559,395,1297,64,151,1,1424,0,0,4434,75462,37,151,0,0,0,0,0
694,12006,695.0320019104371,99972,1665,727,22,4,7467,3365,0.1083503380946665,1330,635,24441,23936,4368,2048,18173,22649,46024,35557,0,0,16437,393,1296,67,160,1,1473,0,0,4606,75351,37,151,0,0,0,0,0
695,12006,696.15234405764,99970,1738,779,23,5,7833,3523,0.11359407822346704,1382,675,24244,23917,4611,2143,18001,22480,46055,35594,0,0,16281,392,1291,70,174,1,1559,0,0,4889,75126,36,151,0,0,0,0,0
696,12006,697.2795905352755,99967,1882,845,26,5,8231,3716,0.11950943811457782,1470,694,24008,23864,4813,2251,17800,22340,46086,35631,0,0,16131,390,1287,73,185,2,1640,0,0,5160,74912,36,151,0,0,0,0,0
697,12006,698.0352478074232,99967,1895,897,26,5,8462,3856,0.12322066281873018,1545,722,23874,23807,4996,2323,17663,22245,46117,35667,0,0,16000,387,1285,75,195,2,1705,0,0,5382,74749,36,151,0,0,0,0,0
698,12006,699.1747133105671,99967,2027,966,26,5,8926,4084,0.13014294717256694,1581,727,23644,23768,5278,2460,17443,22073,46148,35703,0,0,15826,386,1282,79,214,2,1808,0,0,5728,74456,36,150,0,0,0,0,0
699,12006,700.3225871259331,99967,2092,994,26,5,9355,4288,0.1364750367621315,1674,766,23381,23719,5585,2613,17241,21902,46178,35739,0,0,15652,382,1279,88,225,3,1911,0,0,6129,74112,36,150,0,0,0,0,0
700,12006,701.0931935787952,99966,2181,1019,27,5,9690,4432,0.1412680311305844,1736,832,23195,23624,5767,2716,17093,21803,46208,35774,0,0,15518,376,1278,97,242,3,1978,0,0,6383,73907,35,149,0,0,0,0,0
701,12006,702.2578773905849,99964,2330,1083,29,5,10215,4667,0.14887359449401785,1817,891,22896,23529,6061,2868,16866,21623,46238,35809,0,0,15328,372,1272,103,263,3,2100,0,0,6762,73578,35,148,0,0,0,0,0
702,12006,703.0400806761219,99963,2447,1129,29,6,10589,4845,0.15439712693696667,1849,919,22703,23452,6250,2986,16721,21507,46267,35844,0,0,15203,369,1272,109,282,3,2158,0,0,7046,73339,35,147,0,0,0,0,0
703,12006,704.2223857438601,99961,2579,1178,31,6,11140,5099,0.16245335680915557,1943,990,22420,23340,6569,3165,16457,21320,46296,35878,0,0,15006,363,1263,128,312,3,2278,0,0,7466,72962,34,146,0,0,0,0,0
704,12006,705.0167377193302,99961,2670,1217,31,6,11532,5281,0.1681955962825502,2001,1019,22200,23256,6815,3288,16282,21213,46325,35912,0,0,14853,356,1260,138,332,5,2365,0,0,7767,72705,34,146,0,0,0,0,0
705,12006,706.2191580545946,99959,2808,1316,31,8,12092,5585,0.17684250542722516,2096,1073,21918,23134,7137,3464,16009,21004,46354,35945,0,0,14667,355,1251,145,371,5,2482,0,0,8192,72311,34,146,0,0,0,0,0
706,12006,707.0265740800154,99957,2866,1428,32,9,12509,5860,0.18376902067889192,2151,1028,21693,23048,7418,3603,15839,20883,46382,35978,0,0,14501,353,1246,151,397,5,2584,0,0,8553,71987,33,147,0,0,0,0,0
707,12006,708.250574690084,99955,3022,1530,34,9,13158,6213,0.19379720874393477,2250,1041,21334,22932,7792,3819,15567,20668,46410,36011,0,0,14294,346,1244,170,433,6,2719,0,0,9057,71507,32,147,0,0,0,0,0
708,12006,709.0747547549474,99952,3130,1543,37,9,13625,6412,0.20046622378741796,2311,1096,21089,22844,8060,3965,15372,20542,46438,36043,0,0,14140,342,1243,175,466,6,2812,0,0,9434,71155,31,148,0,0,0,0,0
709,12006,710.3249524497032,99950,3240,1603,38,10,14355,6768,0.21133566783391697,2354,1180,20757,22696,8543,4224,15067,20286,46466,36075,0,0,13920,334,1235,189,518,7,2963,0,0,10077,70529,31,147,0,0,0,0,0
710,12006,711.1678752691087,99948,3316,1656,40,10,14812,7007,0.2183035178292712,2483,1237,20493,22586,8807,4382,14860,20128,46493,36107,0,0,13750,334,1229,195,553,8,3068,0,0,10458,70175,31,147,0,0,0,0,0
711,12006,712.018548478377,99948,3454,1689,40,10,15315,7257,0.22583743546644255,2543,1280,20243,22474,9079,4563,14640,19983,46520,36138,0,0,13595,328,1226,210,583,8,3154,0,0,10871,69795,31,147,0,0,0,0,0
712,12006,713.3095491689603,99945,3663,1773,41,12,16169,7676,0.23858121967081894,2582,1367,19888,22285,9526,4839,14299,19723,46547,36169,0,0,13361,322,1217,228,661,12,3316,0,0,11495,69155,31,147,0,0,0,0,0
713,12006,714.179679516806,99942,3818,1826,44,12,16788,7958,0.24760361009385443,2604,1393,19598,22163,9846,5041,14089,19564,46574,36200,0,0,13186,317,1210,241,721,13,3422,0,0,11943,68712,31,146,0,0,0,0,0
714,12006,715.0595988391282,99937,3937,1902,46,15,17392,8259,0.256671703172999,2654,1470,19315,22018,10169,5229,13878,19365,46600,36230,0,0,12999,314,1200,256,779,13,3539,0,0,12397,68264,31,145,0,0,0,0,0
715,12006,716.398208530187,99934,4150,2066,49,15,18313,8785,0.2711589649168451,2750,1483,18911,21835,10660,5525,13479,19075,46626,36260,0,0,12730,307,1186,292,861,20,3721,0,0,13045,67597,30,145,0,0,0,0,0
716,12006,717.3026753187777,99934,4195,2142,49,15,18937,9145,0.28100546360597994,2856,1540,18600,21689,11054,5742,13245,18871,46652,36290,0,0,12512,301,1178,315,943,20,3866,0,0,13569,67058,29,143,0,0,0,0,0
717,12006,718.2192739289763,99931,4298,2212,51,16,19594,9489,0.29103081125976926,2944,1563,18257,21552,11441,5957,13008,18699,46678,36319,0,0,12327,296,1173,334,1010,25,3978,0,0,14102,66514,29,143,0,0,0,0,0
718,12006,719.1496323217365,99928,4459,2280,53,17,20315,9845,0.3018173084620927,2977,1636,17920,21393,11815,6182,12775,18491,46703,36348,0,0,12121,290,1166,350,1084,25,4118,0,0,14639,65966,28,141,0,0,0,0,0
719,12006,720.0943401159207,99925,4607,2380,54,19,21028,10279,0.31330497873405055,2994,1632,17609,21211,12207,6448,12528,18309,46728,36377,0,0,11913,290,1157,361,1175,27,4260,0,0,15194,65382,28,138,0,0,0,0,0
720,12006,721.0530808954044,99923,4691,2460,55,20,21745,10677,0.3244698417781692,3073,1722,17283,21048,12628,6692,12269,18057,46753,36406,0,0,11720,285,1149,391,1260,30,4372,0,0,15806,64747,28,135,0,0,0,0,0
721,12006,722.027046616614,99919,4863,2534,59,20,22562,11096,0.3368528508091554,3120,1726,16912,20879,13061,6976,11984,17864,46778,36434,0,0,11513,282,1131,419,1345,35,4500,0,0,16445,64088,27,134,0,0,0,0,0
722,12006,723.017668195736,99918,4900,2633,59,21,23316,11549,0.3489361276246522,3252,1741,16555,20727,13524,7243,11709,17634,46803,36462,0,0,11302,274,1122,458,1451,40,4627,0,0,17101,63384,27,132,0,0,0,0,0
723,12006,724.0263958266462,99916,5036,2677,61,21,24176,11982,0.3618839825453381,3241,1803,16259,20561,13983,7534,11419,17403,46827,36490,0,0,11069,268,1098,496,1574,48,4772,0,0,17748,62687,27,129,0,0,0,0,0
724,12006,725.0521215091497,99908,5118,2752,65,25,25021,12441,0.3749649677703487,3252,1813,15927,20421,14483,7816,11154,17172,46851,36517,0,0,10850,264,1082,531,1698,51,4907,0,0,18444,61927,27,127,0,0,0,0,0
725,12006,726.09678456157,99906,5209,2830,67,25,25893,12929,0.38858527015394473,3306,1799,15573,20237,14987,8149,10857,16959,46875,36544,0,0,10621,254,1069,575,1843,57,5047,0,0,19120,61170,27,123,0,0,0,0,0
726,12006,727.1620369357304,99902,5287,2899,71,25,26760,13413,0.402124081599968,3331,1867,15313,20041,15429,8459,10568,16708,46899,36571,0,0,10416,243,1055,611,2006,64,5173,0,0,19797,60388,27,122,0,0,0,0,0
727,12006,728.2399643484626,99899,5323,2962,73,26,27620,13925,0.4158700287290163,3373,1854,14961,19876,15958,8814,10311,16467,46923,36598,0,0,10152,240,1041,648,2159,72,5344,0,0,20508,59591,27,117,0,0,0,0,0
728,12006,729.2900056217827,99898,5401,3029,74,26,28500,14410,0.4295381288914693,3419,1874,14671,19700,16414,9126,10020,16244,46946,36624,0,0,9948,234,1029,694,2324,92,5458,0,0,21150,58828,26,115,0,0,0,0,0
729,12006,730.3070123128225,99897,5484,3069,75,26,29337,14914,0.4429662552429002,3397,1898,14385,19515,16867,9474,9791,16017,46969,36650,0,0,9721,230,1018,741,2477,109,5592,0,0,21796,58074,25,114,0,0,0,0,0
730,12006,731.2946066194143,99896,5583,3109,76,26,30168,15390,0.45605429646832707,3430,1945,14099,19326,17249,9803,9562,15790,46992,36676,0,0,9517,225,1001,795,2648,114,5691,0,0,22415,57352,25,113,0,0,0,0,0
731,12006,732.2586221811758,99892,5580,3156,78,28,30943,15854,0.4684759540303528,3493,1971,13790,19143,17715,10105,9343,15596,47015,36702,0,0,9298,222,995,836,2798,127,5816,0,0,23064,56599,25,112,0,0,0,0,0
732,12006,733.1959226048863,99889,5628,3187,78,31,31729,16316,0.4809838921202535,3510,1969,13506,18966,18136,10436,9141,15410,47038,36727,0,0,9065,217,985,891,2957,144,5947,0,0,23631,55916,25,111,0,0,0,0,0
733,12006,734.1094857094938,99883,5667,3184,82,33,32517,16739,0.4931369702551986,3511,1997,13255,18824,18551,10738,8933,15223,47060,36752,0,0,8865,210,976,931,3125,158,6058,0,0,24237,55187,25,111,0,0,0,0,0
734,12006,735.0019759240114,99882,5703,3167,83,33,33247,17181,0.504875753388999,3531,2036,13044,18649,18905,11076,8733,15038,47082,36777,0,0,8690,208,959,967,3325,174,6144,0,0,24796,54486,24,109,0,0,0,0,0
735,12006,736.3059624354853,99874,5751,3249,91,33,34358,17831,0.5225484109978573,3519,2036,12694,18426,19482,11478,8462,14777,47104,36801,0,0,8438,203,944,1031,3582,196,6283,0,0,25586,53482,22,107,0,0,0,0,0
736,12006,737.1532742469268,99871,5768,3240,94,33,35089,18252,0.5340989876941254,3489,2048,12490,18289,19862,11788,8296,14601,47126,36825,0,0,8270,197,935,1083,3789,212,6353,0,0,26100,52804,21,107,0,0,0,0,0
737,12006,738.3938909687281,99863,5770,3316,100,35,36111,18906,0.550924766930695,3539,2035,12175,18065,20384,12198,8031,14350,47148,36849,0,0,8029,186,914,1149,4070,244,6477,0,0,26794,51875,20,105,0,0,0,0,0
738,12006,739.2023551332786,99861,5810,3345,102,35,36811,19316,0.5620512512392225,3525,2011,11970,17970,20705,12450,7887,14188,47169,36873,0,0,7871,182,906,1199,4269,265,6537,0,0,27220,51292,19,101,0,0,0,0,0
739,12006,740.390551738252,99855,5870,3337,106,37,37855,19884,0.5782284312252767,3437,2016,11734,17794,21201,12848,7651,13967,47190,36897,0,0,7652,176,888,1253,4546,293,6646,0,0,27929,50354,19,99,0,0,0,0,0
740,12006,741.1669231591857,99852,5889,3308,107,39,38515,20243,0.5884509073428674,3436,2013,11542,17693,21508,13124,7517,13822,47211,36920,0,0,7483,170,881,1299,4734,313,6724,0,0,28355,49775,19,99,0,0,0,0,0
741,12006,742.3113129106289,99850,5949,3311,108,40,39483,20772,0.6034551827741612,3418,1976,11296,17570,21914,13490,7314,13612,47232,36943,0,0,7279,162,864,1373,4995,343,6806,0,0,28959,48952,19,98,0,0,0,0,0
742,12006,743.0621411772779,99848,5940,3345,109,41,40130,21144,0.613672782629597,3415,1956,11138,17457,22209,13722,7188,13478,47253,36966,0,0,7118,158,856,1422,5185,362,6868,0,0,29358,48407,18,96,0,0,0,0,0
743,12006,744.1694639768876,99845,5957,3336,110,43,41036,21657,0.6279032500375582,3422,2049,10855,17289,22654,14040,7001,13242,47273,36989,0,0,6919,156,845,1469,5459,406,6962,0,0,29895,47623,17,94,0,0,0,0,0
744,12006,745.2546565474498,99841,5895,3367,114,43,41902,22191,0.6419507016155688,3388,2017,10642,17137,23124,14372,6836,13063,47293,37011,0,0,6736,152,835,1529,5756,453,7033,0,0,30396,46843,16,92,0,0,0,0,0
745,12006,746.3189917510815,99836,5864,3397,118,44,42781,22754,0.6564265395248207,3395,1919,10421,17012,23531,14744,6670,12883,47313,37033,0,0,6547,145,822,1585,6060,492,7107,0,0,30923,46052,16,87,0,0,0,0,0
746,12006,747.0186044193455,99835,5889,3400,118,45,43395,23095,0.6659988981820003,3315,1917,10304,16922,23808,14956,6565,12759,47333,37055,0,0,6427,142,814,1639,6269,513,7122,0,0,31245,45563,16,85,0,0,0,0,0
747,12006,748.0537344243552,99832,5931,3349,120,46,44258,23588,0.6796017309079253,3222,1943,10124,16762,24195,15317,6407,12582,47353,37077,0,0,6250,138,809,1687,6546,546,7196,0,0,31774,44787,16,83,0,0,0,0,0
748,12006,749.0733633570163,99832,5849,3357,120,46,45040,24084,0.6924032374388973,3247,1924,9988,16624,24560,15635,6235,12413,47373,37098,0,0,6094,132,796,1751,6891,574,7232,0,0,32186,44078,16,82,0,0,0,0,0
749,12006,750.0779238027478,99830,5788,3381,120,48,45836,24588,0.705439246719423,3215,1872,9856,16515,24936,15947,6084,12236,47392,37119,0,0,5940,129,784,1816,7178,630,7274,0,0,32611,43374,13,81,0,0,0,0,0
750,12006,751.0689454848275,99827,5725,3358,122,49,46602,25045,0.7177116411391707,3210,1846,9700,16393,25311,16255,5931,12098,47411,37140,0,0,5778,127,768,1890,7478,672,7304,0,0,33008,42708,13,81,0,0,0,0,0
751,12006,752.0467666937598,99825,5744,3312,123,50,47418,25491,0.7303681442524418,3118,1859,9552,16279,25654,16553,5808,11946,47430,37161,0,0,5618,125,754,1954,7773,709,7350,0,0,33422,42026,13,81,0,0,0,0,0
752,12006,753.0123346708358,99821,5631,3340,127,50,48106,25959,0.7419781408721612,3164,1858,9416,16163,25983,16808,5678,11780,47449,37182,0,0,5461,122,741,1997,8038,767,7400,0,0,33809,41394,13,79,0,0,0,0,0
753,12006,754.282163681968,99819,5587,3312,128,51,49082,26532,0.7575110950820986,3047,1808,9252,16043,26436,17182,5549,11603,47468,37202,0,0,5272,118,729,2061,8409,842,7453,0,0,34257,40589,13,76,0,0,0,0,0
754,12006,755.2224849456112,99818,5534,3304,129,51,49782,26965,0.7688693422028091,3047,1789,9135,15920,26723,17463,5431,11472,47487,37222,0,0,5132,112,715,2113,8671,903,7493,0,0,34599,39992,12,76,0,0,0,0,0
755,12006,756.153281451321,99815,5423,3248,130,53,50441,27370,0.779552171517307,3031,1773,9047,15829,27042,17748,5326,11348,47506,37242,0,0,4994,110,703,2187,8970,966,7500,0,0,34878,39421,12,74,0,0,0,0,0
756,12006,757.0752872470019,99812,5429,3299,132,54,51110,27796,0.7905462269065844,2977,1749,8940,15737,27293,17951,5228,11209,47524,37262,0,0,4886,107,694,2242,9203,1019,7492,0,0,35170,38913,12,74,0,0,0,0,0
757,12006,758.2926185533437,99810,5433,3239,133,55,52017,28311,0.8048091373609859,2922,1726,8803,15642,27608,18285,5100,11052,47542,37282,0,0,4736,106,675,2316,9560,1087,7507,0,0,35555,38183,11,74,0,0,0,0,0
758,12006,759.197234799636,99807,5394,3150,136,55,52670,28665,0.8149228010059415,2834,1720,8723,15574,27892,18553,5020,10947,47560,37301,0,0,4635,103,669,2372,9823,1156,7499,0,0,35838,37629,11,72,0,0,0,0,0
759,12006,760.0945057105074,99803,5320,3136,138,57,53289,29043,0.8249451419296013,2803,1666,8643,15502,28163,18787,4932,10851,47578,37320,0,0,4506,102,661,2416,10084,1214,7529,0,0,36093,37115,11,72,0,0,0,0,0
760,12006,761.2805417527968,99797,5233,3093,142,59,54084,29548,0.8380211830014931,2742,1657,8576,15424,28489,19089,4817,10677,47596,37339,0,0,4360,101,646,2475,10484,1293,7537,0,0,36322,36496,11,72,0,0,0,0,0
761,12006,762.1626955595565,99795,5148,3096,143,60,54672,29945,0.8479082118342602,2733,1597,8537,15370,28713,19313,4725,10563,47614,37358,0,0,4257,99,640,2531,10762,1354,7535,0,0,36528,36007,11,71,0,0,0,0,0
762,12006,763.0392136917333,99792,5129,3040,146,60,55272,30283,0.8573332531665865,2695,1592,8466,15300,28914,19553,4649,10454,47631,37377,0,0,4151,99,633,2567,11038,1408,7549,0,0,36723,35542,11,71,0,0,0,0,0
763,12006,764.2000191175363,99790,5072,2977,146,62,56045,30716,0.8694358152119451,2648,1544,8402,15274,29161,19831,4570,10311,47648,37396,0,0,4031,92,622,2638,11370,1490,7533,0,0,36989,34943,11,71,0,0,0,0,0
764,12006,765.0657388285955,99785,5059,2925,148,65,56623,31025,0.8783684922583554,2594,1553,8354,15241,29330,20008,4514,10207,47665,37414,0,0,3946,91,617,2699,11602,1555,7497,0,0,37166,34531,11,70,0,0,0,0,0
765,12006,766.2133273351961,99783,4981,2916,150,65,57388,31492,0.8907328903721075,2529,1495,8286,15190,29632,20256,4421,10077,47682,37432,0,0,3841,89,610,2744,11977,1646,7484,0,0,37342,33969,11,70,0,0,0,0,0
766,12006,767.0684168189238,99782,4884,2894,151,65,57917,31819,0.8993205187308332,2495,1477,8228,15123,29861,20455,4380,9985,47699,37450,0,0,3760,87,601,2797,12219,1719,7454,0,0,37520,33545,11,69,0,0,0,0,0
767,12006,768.2010673370256,99779,4823,2811,154,65,58618,32213,0.9103218112027581,2451,1449,8166,15066,30098,20731,4307,9877,47716,37468,0,0,3667,83,592,2834,12572,1808,7442,0,0,37693,33010,10,68,0,0,0,0,0
768,12006,769.0460763710174,99775,4779,2759,157,66,59148,32525,0.9187972939113004,2359,1436,8123,15019,30313,20914,4268,9805,47733,37486,0,0,3587,83,585,2866,12859,1858,7420,0,0,37828,32611,10,68,0,0,0,0,0
769,12006,770.1663424968451,99772,4731,2724,160,66,59817,32917,0.9294591669005332,2325,1479,8082,14943,30515,21116,4186,9671,47750,37503,0,0,3481,81,574,2915,13206,1941,7403,0,0,37917,32180,10,64,0,0,0,0,0
770,12006,771.0022626046654,99771,4710,2718,161,66,60324,33215,0.93753695963757,2269,1437,8051,14920,30669,21257,4139,9601,47766,37520,0,0,3412,80,566,2952,13468,1994,7386,0,0,37992,31849,9,63,0,0,0,0,0
771,12006,772.1122501104328,99765,4603,2692,162,71,60914,33638,0.9477472059339448,2250,1366,8029,14877,30898,21492,4057,9501,47782,37537,0,0,3328,80,560,2989,13779,2093,7369,0,0,38125,31371,8,63,0,0,0,0,0
772,12006,773.2159893412069,99763,4519,2646,163,72,61543,34012,0.9578200334793461,2195,1376,7987,14831,31154,21692,3981,9382,47798,37554,0,0,3254,80,548,3017,14159,2169,7342,0,0,38205,30920,7,62,0,0,0,0,0
773,12006,774.0394597805706,99761,4420,2595,165,72,61985,34291,0.9650665089564058,2145,1371,7975,14802,31348,21852,3946,9307,47814,37571,0,0,3172,77,544,3043,14410,2243,7335,0,0,38274,30596,7,60,0,0,0,0,0
774,12006,775.1321742915139,99759,4300,2543,167,72,62557,34644,0.9743582032698804,2120,1363,7951,14784,31585,22033,3876,9204,47830,37588,0,0,3090,75,538,3115,14656,2356,7296,0,0,38412,30155,6,60,0,0,0,0,0
775,12006,776.2194339763686,99757,4208,2505,168,73,63156,35000,0.9839510009322654,2053,1322,7916,14764,31838,22232,3816,9103,47846,37604,0,0,3026,74,529,3146,14938,2464,7251,0,0,38540,29724,6,59,0,0,0,0,0
776,12006,777.0311844719121,99756,4128,2473,169,73,63602,35246,0.9908977906090861,2018,1313,7921,14753,32000,22357,3763,9030,47862,37620,0,0,2974,73,521,3165,15183,2544,7225,0,0,38576,29431,6,58,0,0,0,0,0
777,12006,778.1095427590041,99754,4032,2441,171,73,64133,35584,0.9996290875553863,2002,1260,7895,14741,32177,22552,3722,8932,47877,37636,0,0,2891,72,510,3199,15482,2637,7209,0,0,38611,29080,6,57,0,0,0,0,0
778,12006,779.1835796705951,99753,3961,2424,172,73,64652,35906,1.0080699327338527,1935,1220,7880,14710,32371,22713,3680,8859,47892,37652,0,0,2831,72,504,3223,15731,2737,7173,0,0,38683,28737,6,56,0,0,0,0,0
779,12006,780.2535044875934,99748,3825,2383,175,75,65116,36230,1.016020371335766,1905,1192,7876,14712,32581,22868,3637,8769,47907,37668,0,0,2772,70,502,3271,15969,2840,7121,0,0,38778,28367,6,52,0,0,0,0,0
780,12006,781.0531786681959,99746,3766,2328,176,76,65488,36477,1.022246506125559,1869,1169,7870,14709,32706,23013,3612,8704,47922,37684,0,0,2718,70,497,3292,16190,2911,7094,0,0,38802,28116,5,51,0,0,0,0,0
781,12006,782.1166890066041,99746,3703,2276,176,76,65999,36803,1.03063782006296,1829,1114,7883,14703,32840,23197,3568,8633,47937,37700,0,0,2659,69,487,3313,16492,3014,7062,0,0,38791,27803,5,51,0,0,0,0,0
782,12006,783.1775520702763,99744,3603,2239,178,76,66500,37084,1.0384985563041387,1755,1142,7903,14673,33023,23321,3537,8548,47952,37715,0,0,2605,67,483,3331,16776,3117,7027,0,0,38783,27499,5,51,0,0,0,0,0
783,12006,784.2355311799902,99743,3528,2230,179,76,66975,37374,1.0461786792055583,1710,1102,7931,14690,33155,23430,3496,8471,47967,37730,0,0,2557,67,478,3359,17001,3218,6990,0,0,38827,27191,5,50,0,0,0,0,0
784,12006,785.0272201571072,99742,3505,2208,180,76,67349,37584,1.052044274227507,1631,1113,7938,14655,33277,23533,3468,8414,47982,37745,0,0,2512,67,476,3375,17192,3291,6968,0,0,38818,26988,5,50,0,0,0,0,0
785,12006,786.0805058931988,99741,3414,2135,181,76,67785,37861,1.0592033366419025,1614,1062,7960,14685,33389,23693,3441,8348,47997,37760,0,0,2454,65,473,3397,17465,3380,6934,0,0,38828,26691,4,50,0,0,0,0,0
786,12006,787.1321089072807,99740,3320,2093,181,77,68207,38135,1.0661920994585923,1585,1067,7990,14656,33520,23827,3403,8279,48011,37775,0,0,2408,63,468,3439,17677,3478,6876,0,0,38876,26401,4,50,0,0,0,0,0
787,12006,788.1821246854388,99738,3230,2086,182,78,68609,38413,1.0730313421163449,1576,1027,8031,14653,33618,23924,3362,8231,48025,37790,0,0,2354,61,468,3458,17869,3581,6856,0,0,38903,26134,4,50,0,0,0,0,0
788,12006,789.2303120139179,99736,3192,2052,183,79,69037,38659,1.0798107002486566,1533,1004,8069,14662,33686,24034,3336,8168,48039,37805,0,0,2306,61,462,3492,18075,3673,6822,0,0,38899,25892,4,50,0,0,0,0,0
789,12006,790.0159411808759,99734,3093,2022,185,79,69327,38860,1.0847554494956584,1505,978,8096,14687,33804,24107,3316,8126,48053,37819,0,0,2261,61,457,3514,18249,3753,6799,0,0,38885,25702,4,49,0,0,0,0,0
790,12006,791.061865761908,99732,3058,1985,187,79,69730,39112,1.0913448040749207,1473,946,8127,14711,33863,24213,3291,8065,48067,37833,0,0,2217,59,449,3544,18456,3844,6755,0,0,38876,25479,4,49,0,0,0,0,0
791,12006,792.1066537518252,99729,2935,1935,188,81,70099,39360,1.0975643995227065,1433,899,8162,14756,34017,24322,3264,8006,48081,37847,0,0,2177,57,444,3552,18700,3939,6715,0,0,38869,25224,4,48,0,0,0,0,0
792,12006,793.1500371533092,99727,2875,1873,190,81,70469,39562,1.10332206924905,1397,901,8195,14790,34110,24408,3232,7946,48095,37861,0,0,2148,56,439,3583,18873,4036,6661,0,0,38890,24989,4,48,0,0,0,0,0
793,12006,794.1920916000614,99725,2832,1846,192,81,70848,39808,1.1096114314364502,1336,840,8235,14816,34195,24506,3209,7910,48109,37875,0,0,2110,54,436,3589,19060,4138,6640,0,0,38877,24769,4,48,0,0,0,0,0
794,12006,795.2335386867858,99725,2765,1795,192,81,71180,40034,1.115206818751567,1327,801,8277,14846,34269,24624,3169,7852,48123,37889,0,0,2065,54,433,3599,19250,4223,6610,0,0,38888,24552,4,47,0,0,0,0,0
795,12006,796.0141721120709,99722,2724,1757,193,83,71422,40202,1.1193517979984358,1329,779,8295,14851,34297,24706,3161,7823,48136,37903,0,0,2042,53,430,3607,19384,4287,6577,0,0,38900,24391,4,47,0,0,0,0,0
796,12006,797.0549267169484,99721,2690,1693,193,84,71750,40409,1.1247279910951555,1292,765,8354,14862,34329,24825,3141,7770,48149,37917,0,0,2016,52,428,3604,19521,4391,6544,0,0,38943,24171,4,47,0,0,0,0,0
797,12006,798.0963779976047,99720,2620,1602,194,84,72088,40591,1.1299538708383474,1238,763,8432,14882,34402,24936,3113,7732,48162,37930,0,0,1984,52,424,3629,19689,4489,6492,0,0,38955,23955,4,47,0,0,0,0,0
798,12006,799.1375883455983,99720,2553,1562,194,84,72395,40790,1.1350280786201363,1248,738,8473,14930,34439,24993,3092,7692,48175,37943,0,0,1956,52,421,3641,19872,4576,6456,0,0,38920,23775,4,47,0,0,0,0,0
799,12006,800.1787028548533,99720,2536,1529,194,84,72760,40990,1.1406939430405134,1169,712,8497,14980,34526,25059,3077,7635,48188,37956,0,0,1919,52,419,3663,20038,4659,6423,0,0,38910,23587,4,46,0,0,0,0,0
800,12006,801.2191794122198,99720,2470,1509,194,84,73079,41180,1.1457982350581628,1137,704,8564,15027,34586,25095,3048,7580,48201,37969,0,0,1896,52,412,3663,20226,4741,6386,0,0,38884,23410,4,46,0,0,0,0,0
801,12006,802.2592492499991,99720,2407,1476,194,84,73378,41365,1.1506518251103088,1131,681,8605,15095,34638,25130,3024,7533,48214,37982,0,0,1868,52,411,3674,20364,4841,6355,0,0,38867,23238,4,46,0,0,0,0,0
802,12006,803.0390704941932,99719,2336,1425,195,84,73579,41481,1.1538422968541602,1132,699,8643,15122,34687,25172,3006,7497,48227,37995,0,0,1842,52,410,3672,20471,4913,6334,0,0,38868,23108,4,45,0,0,0,0,0
803,12006,804.0786661295809,99719,2266,1386,195,84,73851,41663,1.1583950902034719,1117,680,8703,15151,34722,25248,2996,7450,48240,38008,0,0,1806,51,406,3704,20613,4996,6290,0,0,38848,22956,4,45,0,0,0,0,0
804,12006,805.1183469287589,99718,2210,1369,195,85,74148,41843,1.1631901963537175,1068,666,8777,15170,34767,25290,2982,7419,48253,38021,0,0,1777,50,401,3713,20724,5104,6257,0,0,38831,22813,4,44,0,0,0,0,0
805,12006,806.1581501448379,99718,2154,1334,195,85,74422,42009,1.16760263944323,1011,658,8843,15225,34822,25319,2974,7378,48265,38033,0,0,1746,50,401,3719,20880,5180,6244,0,0,38795,22656,4,43,0,0,0,0,0
806,12006,807.1976027618609,99715,2072,1298,196,87,74686,42177,1.1719701148272577,948,628,8898,15307,34930,25347,2955,7332,48277,38045,0,0,1719,49,395,3732,21012,5272,6213,0,0,38775,22501,4,43,0,0,0,0,0
807,12006,808.2369544134731,99715,2045,1267,196,87,74936,42342,1.1761319761319762,908,594,8986,15388,34924,25369,2940,7294,48289,38057,0,0,1701,47,393,3737,21132,5348,6184,0,0,38771,22355,4,43,0,0,0,0,0
808,12006,809.0173516341389,99713,2003,1215,196,89,75099,42455,1.1789235104750635,918,607,9056,15413,34897,25410,2929,7265,48301,38069,0,0,1686,47,391,3747,21233,5397,6147,0,0,38787,22232,4,42,0,0,0,0,0
809,12006,810.0590536294475,99708,1945,1190,198,92,75327,42617,1.1828940506278334,886,599,9111,15439,34941,25447,2918,7232,48313,38081,0,0,1664,47,388,3737,21369,5476,6128,0,0,38753,22101,4,41,0,0,0,0,0
810,12006,811.1012307044721,99707,1929,1172,198,93,75564,42781,1.1869276981555958,868,564,9171,15490,34928,25487,2905,7193,48325,38093,0,0,1647,47,384,3729,21471,5555,6104,0,0,38754,21972,4,40,0,0,0,0,0
811,12006,812.1443970940271,99706,1862,1152,199,93,75779,42927,1.1905602471265522,869,543,9250,15534,34931,25524,2888,7153,48337,38105,0,0,1631,47,384,3729,21595,5635,6066,0,0,38712,21863,4,40,0,0,0,0,0
812,12006,813.1884369297535,99705,1814,1124,199,94,76015,43068,1.194353342359962,840,533,9343,15561,34944,25567,2859,7120,48349,38117,0,0,1610,47,376,3744,21702,5715,6029,0,0,38691,21747,4,40,0,0,0,0,0
813,12006,814.2334339346259,99704,1779,1054,200,94,76235,43183,1.1977252667896976,825,557,9429,15594,34919,25613,2847,7087,48361,38129,0,0,1596,47,375,3750,21809,5798,6001,0,0,38668,21616,4,40,0,0,0,0,0
814,12006,815.0181737103591,99704,1711,1052,200,94,76399,43285,1.2003931637647436,802,552,9460,15657,34981,25580,2845,7064,48373,38141,0,0,1585,47,373,3757,21902,5854,5968,0,0,38644,21530,4,40,0,0,0,0,0
815,12006,816.0640046251223,99704,1644,1050,200,94,76586,43438,1.203803257642622,776,514,9514,15725,35025,25601,2840,7015,48385,38152,0,0,1560,46,368,3763,22021,5918,5944,0,0,38613,21427,4,40,0,0,0,0,0
816,12006,817.1098770343381,99703,1555,1023,201,94,76779,43565,1.2070248638456216,771,520,9589,15779,35053,25617,2830,6966,48396,38163,0,0,1547,45,365,3762,22106,6015,5917,0,0,38583,21319,4,40,0,0,0,0,0
817,12006,818.1563851654054,99703,1502,1002,201,94,76962,43700,1.2102143365796416,748,488,9662,15844,35064,25638,2822,6933,48407,38174,0,0,1534,45,364,3768,22197,6089,5889,0,0,38564,21209,4,40,0,0,0,0,0
818,12006,819.2038744004464,99703,1507,999,201,94,77169,43835,1.2136445242369838,733,482,9746,15907,35004,25628,2808,6889,48418,38185,0,0,1520,45,362,3776,22289,6147,5859,0,0,38539,21124,4,38,0,0,0,0,0
819,12006,820.2533308414363,99702,1477,971,202,94,77367,43949,1.216786022346593,711,481,9846,15970,34973,25631,2790,6852,48429,38196,0,0,1506,45,360,3777,22350,6228,5829,0,0,38538,21027,4,38,0,0,0,0,0
820,12006,821.0415880534034,99701,1461,944,203,94,77511,44046,1.2192154542080822,684,469,9911,16016,34951,25651,2789,6825,48440,38207,0,0,1493,45,356,3770,22425,6281,5808,0,0,38522,20959,4,38,0,0,0,0,0
821,12006,822.094215194067,99701,1461,895,203,94,77712,44146,1.2222344810984844,679,462,9981,16079,34904,25669,2771,6800,48451,38218,0,0,1479,44,354,3770,22524,6340,5788,0,0,38495,20865,4,38,0,0,0,0,0
822,12006,823.148902309418,99701,1418,888,203,94,77889,44269,1.2252434779992176,672,430,10078,16145,34874,25667,2754,6775,48462,38229,0,0,1468,43,351,3769,22608,6397,5756,0,0,38501,20766,4,38,0,0,0,0,0
823,12006,824.2053143385323,99700,1384,888,204,94,78076,44389,1.2283350050150452,648,399,10172,16211,34842,25662,2749,6745,48473,38240,0,0,1447,42,351,3776,22685,6469,5728,0,0,38455,20705,4,38,0,0,0,0,0
824,12006,825.2635348901616,99700,1346,837,204,94,78250,44490,1.2310932798395187,639,404,10252,16278,34825,25666,2733,6720,48484,38251,0,0,1432,42,350,3783,22771,6540,5704,0,0,38423,20614,4,37,0,0,0,0,0
825,12006,826.058247236909,99700,1325,827,204,94,78366,44564,1.232998996990973,632,394,10323,16314,34792,25666,2723,6704,48495,38261,0,0,1422,42,348,3781,22844,6573,5688,0,0,38407,20555,3,37,0,0,0,0,0
826,12006,827.1192963711703,99700,1302,820,204,94,78557,44663,1.2359077231695086,578,393,10429,16379,34774,25644,2712,6669,48506,38271,0,0,1409,42,346,3780,22907,6643,5666,0,0,38394,20473,3,37,0,0,0,0,0
827,12006,828.1817591081971,99700,1246,809,204,94,78707,44775,1.2385356068204614,577,384,10535,16445,34736,25623,2701,6644,48517,38281,0,0,1397,42,345,3776,23000,6708,5646,0,0,38343,20403,3,37,0,0,0,0,0
828,12006,829.2464678518241,99700,1228,808,204,94,78862,44888,1.241223671013039,594,375,10612,16513,34669,25589,2692,6620,48528,38291,0,0,1390,42,343,3771,23060,6768,5623,0,0,38343,20320,3,37,0,0,0,0,0
829,12006,830.0463725010031,99699,1225,801,205,94,78993,44960,1.2432722494709074,573,361,10661,16561,34643,25581,2692,6601,48538,38301,0,0,1380,42,342,3771,23123,6804,5606,0,0,38319,20272,3,37,0,0,0,0,0
830,12006,831.1147116492273,99699,1189,777,205,94,79139,45053,1.2456694650899207,573,353,10776,16636,34573,25573,2683,6566,48548,38311,0,0,1370,42,342,3768,23209,6861,5589,0,0,38275,20203,3,37,0,0,0,0,0
831,12006,832.1853556358257,99699,1193,773,205,94,79307,45156,1.2483876468169188,522,332,10869,16723,34532,25537,2678,6540,48558,38321,0,0,1355,42,342,3766,23272,6915,5577,0,0,38257,20133,3,37,0,0,0,0,0
832,12006,833.258247136168,99699,1178,735,205,94,79455,45248,1.2507948926268067,491,317,10974,16787,34480,25553,2671,6513,48568,38331,0,0,1344,42,342,3764,23343,6970,5561,0,0,38239,20054,3,37,0,0,0,0,0
833,12006,834.0647404191933,99699,1154,691,205,94,79548,45297,1.2522191797309903,505,324,11020,16856,34445,25544,2670,6490,48578,38341,0,0,1328,42,342,3758,23397,7008,5553,0,0,38229,20002,3,37,0,0,0,0,0
834,12006,835.1421253513823,99699,1132,667,205,94,79684,45386,1.2544759726777601,489,312,11131,16931,34382,25524,2660,6471,48588,38351,0,0,1310,42,338,3751,23469,7058,5544,0,0,38209,19938,3,37,0,0,0,0,0
835,12006,836.221634483024,99699,1074,652,205,94,79799,45464,1.2564117995165447,492,317,11223,17031,34352,25457,2653,6448,48598,38361,0,0,1299,42,336,3747,23536,7111,5528,0,0,38184,19876,3,37,0,0,0,0,0
836,12006,837.0325627641337,99699,1061,643,205,94,79898,45522,1.2579865394838463,483,312,11269,17092,34325,25422,2656,6436,48608,38371,0,0,1293,42,334,3747,23567,7149,5510,0,0,38194,19823,3,37,0,0,0,0,0
837,12006,838.1152040355663,99698,1008,641,206,94,80017,45602,1.2599951854600895,498,296,11355,17154,34280,25397,2652,6417,48618,38380,0,0,1282,40,334,3745,23602,7213,5495,0,0,38180,19767,3,37,0,0,0,0,0
838,12006,839.1996687463527,99698,1001,619,206,94,80169,45678,1.2622820919175912,460,284,11433,17222,34250,25385,2649,6395,48628,38389,0,0,1277,40,332,3750,23655,7274,5469,0,0,38149,19712,3,37,0,0,0,0,0
839,12006,840.0142562320557,99698,967,606,206,94,80256,45742,1.263796665931112,454,273,11521,17286,34206,25370,2645,6370,48638,38398,0,0,1261,40,331,3759,23696,7315,5452,0,0,38131,19673,3,37,0,0,0,0,0
840,12006,841.1029633077638,99698,939,574,206,94,80383,45809,1.2657425424782844,418,288,11622,17359,34179,25336,2635,6348,48648,38407,0,0,1253,40,329,3743,23762,7362,5434,0,0,38130,19606,3,36,0,0,0,0,0
841,12006,842.1933840064316,99698,906,570,206,94,80504,45887,1.2677385704828583,396,270,11727,17454,34138,25285,2626,6326,48658,38416,0,0,1243,40,329,3744,23792,7422,5413,0,0,38126,19551,3,35,0,0,0,0,0
842,12006,843.0124778108452,99697,890,556,207,94,80592,45949,1.2692558452109892,370,253,11789,17532,34119,25254,2624,6310,48668,38425,0,0,1234,40,329,3738,23843,7452,5397,0,0,38120,19506,3,35,0,0,0,0,0
843,12006,844.1062771958708,99696,857,546,207,95,80702,46021,1.2710941261434763,365,232,11893,17609,34058,25229,2619,6288,48677,38434,0,0,1227,40,327,3730,23913,7498,5380,0,0,38078,19465,3,35,0,0,0,0,0
844,12006,845.2029095165659,99696,824,512,207,95,80807,46091,1.2728494623655915,352,230,12016,17693,33986,25199,2614,6270,48686,38443,0,0,1223,40,325,3726,23975,7549,5359,0,0,38049,19412,3,35,0,0,0,0,0
845,12006,846.0273972793631,99696,814,496,207,95,80884,46138,1.2740932434601187,339,237,12095,17748,33933,25164,2611,6259,48695,38452,0,0,1214,40,324,3729,24006,7582,5345,0,0,38039,19379,3,35,0,0,0,0,0
846,12006,847.1292537057014,99696,775,489,207,95,80971,46206,1.2756479698282779,343,233,12205,17825,33866,25122,2603,6235,48704,38461,0,0,1205,40,323,3721,24028,7644,5335,0,0,38023,19339,3,35,0,0,0,0,0
847,12006,848.2336167344178,99695,761,481,208,95,81069,46270,1.2772857214504238,327,221,12320,17925,33794,25070,2589,6207,48713,38470,0,0,1200,40,323,3717,24093,7677,5322,0,0,37987,19298,3,35,0,0,0,0,0
848,12006,849.0637558481724,99695,737,481,208,95,81133,46318,1.2784091479010984,330,214,12393,18000,33747,25007,2584,6202,48722,38479,0,0,1193,40,323,3711,24126,7702,5306,0,0,37993,19263,3,35,0,0,0,0,0
849,12006,850.1729079379503,99693,709,459,210,95,81221,46371,1.27984913685013,345,215,12488,18075,33663,24972,2584,6183,48731,38488,0,0,1185,40,320,3705,24173,7744,5293,0,0,37971,19224,3,35,0,0,0,0,0
850,12006,851.0067605222239,99693,698,457,210,95,81294,46415,1.2810227398112204,328,214,12571,18148,33616,24918,2576,6167,48740,38496,0,0,1178,40,319,3701,24202,7772,5280,0,0,37967,19196,3,35,0,0,0,0,0
851,12006,852.1209084296729,99693,696,451,210,95,81385,46471,1.282497266608488,298,199,12674,18251,33551,24852,2570,6151,48749,38504,0,0,1172,40,319,3702,24240,7805,5266,0,0,37946,19165,3,35,0,0,0,0,0
852,12006,853.2379875126785,99693,663,438,210,95,81461,46515,1.2837009619531963,294,205,12802,18331,33472,24797,2558,6133,48758,38512,0,0,1166,40,318,3703,24286,7836,5243,0,0,37932,19132,3,34,0,0,0,0,0
853,12006,854.0778334968396,99693,646,431,210,95,81523,46562,1.2847943185579729,313,196,12863,18384,33407,24779,2560,6114,48767,38520,0,0,1164,40,318,3701,24325,7863,5224,0,0,37916,19105,3,34,0,0,0,0,0
854,12006,855.2000179134604,99692,627,407,211,95,81600,46614,1.2861011916703446,309,201,12945,18485,33359,24718,2548,6093,48776,38528,0,0,1154,40,318,3696,24354,7901,5214,0,0,37918,19060,3,34,0,0,0,0,0
855,12006,856.0430683925524,99692,611,414,211,95,81658,46670,1.287244713718252,306,186,13006,18544,33320,24676,2545,6084,48785,38536,0,0,1146,39,318,3693,24372,7935,5207,0,0,37911,19034,3,34,0,0,0,0,0
856,12006,857.1691109459194,99692,606,407,211,95,81739,46721,1.2885687918789872,308,184,13116,18643,33217,24620,2541,6050,48794,38544,0,0,1141,39,318,3698,24395,7972,5185,0,0,37901,19006,3,34,0,0,0,0,0
857,12006,858.0159376096333,99692,597,401,211,95,81807,46758,1.289622035870481,301,186,13193,18727,33164,24554,2533,6036,48803,38552,0,0,1133,39,318,3693,24427,7996,5177,0,0,37895,18977,3,34,0,0,0,0,0
858,12006,859.1476220454767,99692,602,387,211,95,81900,46812,1.2910965774585723,274,180,13334,18797,33060,24518,2518,6022,48812,38560,0,0,1129,39,317,3699,24457,8034,5157,0,0,37880,18943,3,34,0,0,0,0,0
859,12006,860.2832007944763,99692,577,375,211,95,81979,46855,1.2923203466677367,275,195,13462,18896,32966,24445,2508,5993,48820,38568,0,0,1127,39,315,3691,24498,8070,5141,0,0,37865,18909,3,34,0,0,0,0,0
860,12006,861.137239662312,99692,557,370,211,95,82036,46899,1.293333467078602,263,192,13546,18957,32916,24413,2506,5972,48828,38576,0,0,1119,38,315,3685,24538,8093,5128,0,0,37854,18885,3,34,0,0,0,0,0
861,12006,862.2783683224955,99692,558,359,211,95,82118,46959,1.294757854190908,253,162,13636,19043,32840,24386,2501,5954,48836,38584,0,0,1115,38,312,3681,24570,8124,5114,0,0,37860,18841,3,34,0,0,0,0,0
862,12006,863.1361706655708,99692,545,359,211,95,82176,46992,1.2956706656502026,242,158,13702,19115,32805,24337,2494,5935,48844,38592,0,0,1108,38,312,3682,24585,8149,5102,0,0,37862,18817,3,34,0,0,0,0,0
863,12006,864.2823249561237,99692,513,346,211,95,82234,47032,1.2966536933755968,240,159,13824,19222,32724,24253,2487,5924,48852,38600,0,0,1101,37,312,3683,24606,8181,5089,0,0,37865,18781,3,34,0,0,0,0,0
864,12006,865.1439013235337,99692,502,333,211,95,82283,47059,1.2974160414075353,240,160,13897,19295,32665,24209,2484,5907,48860,38608,0,0,1095,37,312,3681,24631,8201,5079,0,0,37858,18761,3,34,0,0,0,0,0
865,12006,866.0073561256868,99692,496,333,211,95,82338,47101,1.2983890382377723,237,146,13977,19361,32590,24166,2488,5898,48868,38616,0,0,1088,37,312,3677,24650,8229,5071,0,0,37845,18746,3,34,0,0,0,0,0
866,12006,867.1620075352038,99692,497,313,211,95,82406,47139,1.2994523131244233,233,150,14088,19456,32490,24111,2480,5874,48876,38623,0,0,1087,37,312,3669,24680,8259,5060,0,0,37834,18717,3,34,0,0,0,0,0
867,12006,868.0303046447802,99691,478,298,212,95,82462,47162,1.3002577965914677,220,149,14165,19529,32446,24069,2478,5859,48884,38630,0,0,1084,37,311,3665,24707,8285,5048,0,0,37828,18689,3,34,0,0,0,0,0
868,12006,869.1906370260872,99691,474,292,212,95,82528,47210,1.30140133011004,215,135,14271,19627,32360,24017,2467,5833,48892,38637,0,0,1076,36,312,3664,24729,8311,5037,0,0,37835,18654,3,34,0,0,0,0,0
869,12006,870.0631369629525,99691,468,283,212,95,82585,47244,1.3023141507257425,200,118,14365,19703,32289,23979,2465,5821,48900,38644,0,0,1070,36,312,3657,24758,8339,5029,0,0,37815,18638,3,34,0,0,0,0,0
870,12006,871.2297627518149,99691,439,265,212,95,82631,47270,1.303036382421683,208,129,14468,19802,32214,23905,2458,5803,48908,38651,0,0,1065,36,311,3652,24795,8361,5013,0,0,37804,18617,3,34,0,0,0,0,0
871,12006,872.106753697988,99691,424,267,212,95,82665,47298,1.303658304159854,222,128,14549,19871,32141,23840,2451,5798,48916,38658,0,0,1060,36,310,3650,24813,8379,5003,0,0,37798,18605,3,34,0,0,0,0,0
872,12006,873.2790936896149,99691,422,264,212,95,82738,47335,1.3047617136953185,214,124,14660,19954,32045,23787,2446,5775,48924,38665,0,0,1058,36,310,3646,24840,8405,4987,0,0,37786,18586,3,34,0,0,0,0,0
873,12006,874.1609349360962,99691,431,254,212,95,82785,47354,1.3054237594165974,209,133,14736,20018,31971,23737,2440,5762,48932,38672,0,0,1055,36,309,3638,24861,8418,4979,0,0,37792,18566,3,34,0,0,0,0,0
874,12006,875.044726156575,99691,425,255,212,95,82834,47379,1.3061660531040917,195,133,14818,20095,31910,23667,2439,5754,48940,38679,0,0,1049,36,308,3636,24886,8437,4972,0,0,37776,18554,3,34,0,0,0,0,0
875,12006,876.2264280089053,99691,418,252,212,95,82895,47425,1.3072393696522253,182,113,14942,20175,31807,23624,2438,5740,48948,38686,0,0,1046,36,308,3632,24917,8463,4958,0,0,37763,18531,3,34,0,0,0,0,0
876,12006,877.1152413044002,99691,400,252,212,95,82934,47453,1.3079114463692811,168,113,15030,20257,31755,23560,2434,5722,48956,38693,0,0,1041,36,308,3628,24946,8476,4950,0,0,37758,18511,3,34,0,0,0,0,0
877,12006,878.005927970986,99691,375,255,212,95,82962,47484,1.308503275120121,178,101,15100,20322,31698,23517,2436,5709,48964,38700,0,0,1037,36,308,3623,24973,8494,4940,0,0,37745,18498,3,34,0,0,0,0,0
878,12006,879.1961228466073,99691,352,253,212,95,83014,47515,1.309335847769608,168,105,15204,20420,31634,23434,2429,5692,48971,38707,0,0,1034,36,308,3619,24997,8520,4931,0,0,37736,18473,3,34,0,0,0,0,0
879,12006,880.0907232178528,99691,330,241,212,95,83035,47535,1.309747118596463,173,110,15275,20496,31583,23378,2426,5679,48978,38714,0,0,1029,36,307,3622,24995,8544,4920,0,0,37747,18454,3,34,0,0,0,0,0
880,12006,881.2863059399558,99691,313,230,212,95,83079,47565,1.3104894122839574,181,113,15398,20595,31474,23302,2421,5664,48985,38721,0,0,1026,35,307,3628,25012,8573,4905,0,0,37728,18440,3,34,0,0,0,0,0
881,12006,882.1857621072135,99691,326,246,212,95,83125,47598,1.3112818609503365,174,99,15474,20674,31397,23237,2416,5648,48992,38728,0,0,1023,35,307,3623,25027,8585,4899,0,0,37724,18431,3,34,0,0,0,0,0
882,12006,883.087419675501,99690,321,241,213,95,83164,47627,1.3119771291002107,160,98,15574,20740,31316,23187,2415,5638,48999,38735,0,0,1018,35,307,3620,25046,8604,4892,0,0,37713,18418,3,34,0,0,0,0,0
883,12006,884.2934309291469,99690,312,226,213,95,83205,47653,1.3126492125589326,177,96,15684,20864,31204,23115,2409,5603,49006,38742,0,0,1013,35,306,3615,25069,8623,4885,0,0,37714,18393,3,34,0,0,0,0,0
884,12006,885.2008409192409,99690,306,209,213,95,83249,47672,1.3132811716320594,157,94,15779,20936,31137,23073,2407,5592,49013,38748,0,0,1010,35,306,3614,25099,8640,4874,0,0,37694,18381,3,34,0,0,0,0,0
885,12006,886.1106240801124,99690,309,200,213,95,83293,47692,1.313923161801585,127,80,15867,21017,31073,23030,2410,5577,49020,38754,0,0,1003,35,305,3613,25112,8657,4870,0,0,37691,18367,2,35,0,0,0,0,0
886,12006,887.0227367885209,99690,301,190,213,95,83327,47706,1.3144046544287291,130,79,15954,21090,30995,22984,2406,5561,49027,38760,0,0,999,35,305,3609,25116,8680,4866,0,0,37690,18353,2,35,0,0,0,0,0
887,12006,888.2425434068169,99690,295,165,213,95,83370,47726,1.3150366135018559,126,83,16072,21199,30891,22914,2402,5543,49034,38766,0,0,999,35,304,3603,25140,8703,4859,0,0,37678,18332,2,35,0,0,0,0,0
888,12006,889.1600266962981,99689,292,165,214,95,83401,47744,1.3155413335473323,127,84,16155,21265,30813,22855,2398,5535,49041,38772,0,0,995,35,304,3602,25144,8718,4851,0,0,37681,18322,2,35,0,0,0,0,0
889,12006,890.0800219183085,99689,294,171,214,95,83438,47767,1.3161432053686966,118,83,16253,21340,30726,22791,2394,5519,49048,38778,0,0,995,35,304,3597,25154,8735,4842,0,0,37678,18312,2,35,0,0,0,0,0
890,12006,891.0026567915825,99689,290,172,214,95,83468,47786,1.3166347340228108,117,88,16347,21399,30642,22735,2389,5510,49055,38784,0,0,994,35,304,3596,25167,8746,4828,0,0,37682,18300,2,35,0,0,0,0,0
891,12006,892.2369692680403,99689,281,170,214,95,83508,47811,1.3172867618292892,113,92,16467,21500,30536,22649,2388,5493,49062,38790,0,0,991,34,305,3601,25182,8763,4811,0,0,37678,18287,2,35,0,0,0,0,0
892,12006,893.1655241966168,99689,267,171,214,95,83534,47833,1.3177682592863806,121,83,16537,21602,30472,22578,2388,5470,49069,38796,0,0,988,34,305,3598,25183,8786,4802,0,0,37678,18278,2,35,0,0,0,0,0
893,12006,894.0962465528925,99689,266,166,214,95,83562,47853,1.3182497567434721,116,85,16634,21670,30383,22529,2386,5454,49076,38802,0,0,983,32,306,3599,25195,8795,4793,0,0,37684,18265,2,35,0,0,0,0,0
894,12006,895.029628943423,99689,268,165,214,95,83593,47872,1.3187513165946092,109,83,16706,21745,30314,22464,2388,5447,49083,38808,0,0,981,32,306,3593,25203,8810,4785,0,0,37686,18256,2,35,0,0,0,0,0
895,12006,896.2774090538226,99689,245,171,214,95,83625,47906,1.3194133755981101,116,71,16814,21867,30227,22373,2383,5422,49090,38814,0,0,975,32,306,3585,25224,8827,4778,0,0,37686,18239,2,35,0,0,0,0,0
896,12006,897.2159050864849,99689,234,167,214,95,83653,47928,1.3199149354492472,112,66,16895,21936,30167,22319,2377,5416,49097,38820,0,0,973,32,306,3574,25253,8838,4774,0,0,37680,18222,2,35,0,0,0,0,0
897,12006,898.1565749629278,99689,234,158,214,95,83682,47942,1.320346276921225,118,66,17000,22009,30057,22264,2376,5407,49104,38826,0,0,971,32,306,3572,25265,8850,4764,0,0,37681,18211,2,35,0,0,0,0,0
898,12006,899.1004100072693,99689,224,155,214,95,83715,47957,1.3208277743783166,115,61,17047,22080,30022,22210,2377,5398,49111,38832,0,0,968,32,306,3567,25276,8868,4756,0,0,37676,18203,2,35,0,0,0,0,0
899,12006,900.045894913298,99689,212,151,214,95,83728,47965,1.3210384295157942,148,90,17099,22126,29956,22158,2370,5379,49111,38832,0,0,968,32,306,3573,25279,8876,4749,0,0,37675,18194,2,35,0,0,0,0,0
900,12006,900.045894913298,99689,212,152,214,95,83742,47970,1.3212290222592262,145,91,17124,22151,29935,22138,2369,5372,49111,38832,0,0,966,32,306,3573,25285,8879,4748,2,3,37667,18191,2,35,0,0,0,0,0
901,12006,901.3102805526929,99689,225,160,214,95,83792,48007,1.3221017364002046,138,81,17255,22261,29815,22047,2352,5355,49111,38832,0,0,966,32,304,3573,25304,8892,4745,2,16,37640,18178,2,35,0,0,0,0,0
902,12006,902.2618182197857,99688,230,155,215,95,83824,48022,1.3225864697857315,149,87,17336,22344,29728,21985,2341,5333,49111,38832,0,0,964,32,303,3572,25312,8902,4743,4,28,37625,18166,2,35,0,0,0,0,0
903,12006,903.2157543809909,99688,232,148,215,95,83865,48041,1.3231883476446513,144,87,17407,22431,29668,21923,2333,5315,49111,38832,0,0,961,32,302,3573,25326,8913,4740,7,45,37603,18149,2,35,0,0,0,0,0
904,12006,904.1719534850128,99688,234,145,215,95,83903,48061,1.3237701629082739,130,93,17491,22512,29603,21862,2326,5292,49111,38832,0,0,960,32,302,3568,25344,8926,4738,8,56,37579,18138,2,35,0,0,0,0,0
905,12006,905.1303795302942,99688,232,137,215,95,83942,48077,1.3243218842789504,135,93,17575,22603,29528,21806,2314,5265,49111,38832,0,0,959,32,302,3567,25376,8935,4734,9,65,37543,18129,2,35,0,0,0,0,0
906,12006,906.0912553706602,99687,240,132,216,95,83977,48095,1.3248668331878781,133,101,17674,22664,29431,21764,2305,5243,49111,38832,0,0,958,32,302,3564,25390,8944,4733,10,80,37523,18114,2,35,0,0,0,0,0
907,12006,907.0551396599005,99687,251,147,216,95,84020,48131,1.3256593136517298,130,92,17759,22735,29345,21708,2298,5222,49111,38832,0,0,956,31,301,3563,25406,8954,4730,12,91,37503,18103,2,35,0,0,0,0,0
908,12006,908.0216800765213,99687,246,158,216,95,84048,48162,1.3262511661500496,141,79,17842,22796,29262,21662,2292,5209,49111,38832,0,0,956,31,298,3565,25421,8962,4726,12,106,37485,18088,2,35,0,0,0,0,0
909,12006,909.314475870364,99687,249,159,216,95,84096,48190,1.3270135524190716,157,80,17967,22911,29135,21573,2275,5181,49111,38832,0,0,952,31,298,3570,25434,8976,4717,16,120,37462,18074,2,35,0,0,0,0,0
910,12006,910.2875200664006,99685,262,159,218,95,84135,48209,1.3276220093293876,154,81,18052,22994,29051,21512,2262,5158,49111,38832,0,0,952,31,298,3571,25447,8983,4715,16,130,37441,18064,2,35,0,0,0,0,0
911,12006,911.2633052606434,99685,274,169,218,95,84178,48237,1.3283342528966244,171,78,18134,23060,28955,21454,2247,5143,49111,38832,0,0,952,31,298,3568,25458,8996,4714,16,138,37421,18056,2,35,0,0,0,0,0
912,12006,912.2420973229199,99685,278,166,218,95,84216,48260,1.3289461804684757,169,77,18236,23147,28861,21387,2237,5127,49111,38832,0,0,951,31,298,3575,25465,9010,4707,17,152,37400,18042,2,35,0,0,0,0,0
913,12006,913.2238327872739,99685,276,164,218,95,84252,48278,1.3294878868435571,186,81,18310,23214,28777,21334,2232,5111,49111,38832,0,0,948,31,297,3575,25475,9022,4704,20,166,37382,18028,2,35,0,0,0,0,0
914,12006,914.2083804664436,99685,268,160,218,95,84288,48303,1.3300998144154086,193,79,18405,23270,28698,21306,2217,5089,49111,38832,0,0,948,31,297,3578,25494,9036,4697,20,181,37353,18013,2,35,0,0,0,0,0
915,12006,915.1958114428952,99685,277,161,218,95,84335,48323,1.3307719315844913,189,84,18491,23345,28615,21244,2209,5070,49111,38832,0,0,948,31,297,3578,25504,9049,4695,20,197,37332,17997,2,35,0,0,0,0,0
916,12006,916.1857830038973,99685,268,160,218,95,84368,48340,1.3312735115614185,195,92,18561,23414,28557,21191,2200,5047,49111,38832,0,0,945,31,297,3579,25514,9060,4690,23,215,37315,17979,2,35,0,0,0,0,0
917,12006,917.1778860013295,99685,266,157,218,95,84410,48359,1.3318854391332697,202,96,18636,23484,28485,21142,2192,5025,49111,38832,0,0,943,31,297,3580,25534,9072,4684,25,227,37288,17967,2,35,0,0,0,0,0
918,12006,918.1724110809795,99685,278,156,218,95,84453,48376,1.3324873351055826,193,101,18719,23552,28405,21090,2186,5005,49111,38832,0,0,943,31,297,3579,25544,9083,4682,25,237,37270,17957,2,35,0,0,0,0,0
919,12006,919.1697812113571,99683,278,161,219,96,84504,48401,1.3332764864620847,180,95,18823,23630,28328,21033,2171,4984,49111,38832,0,0,943,31,297,3577,25564,9096,4678,25,252,37241,17942,2,35,0,0,0,0,0
920,12006,920.1699445540546,99683,295,161,219,96,84550,48425,1.3339787125186842,161,92,18894,23707,28270,20978,2160,4965,49111,38832,0,0,942,31,297,3576,25577,9109,4677,26,262,37218,17931,2,35,0,0,0,0,0
921,12006,921.1723431356803,99683,309,162,219,96,84596,48449,1.3346809385752836,168,91,18986,23797,28169,20909,2148,4944,49111,38832,0,0,942,31,296,3577,25595,9118,4674,26,272,37194,17921,2,35,0,0,0,0,0
922,12006,922.1777922470761,99683,297,177,219,96,84627,48481,1.335312942026223,177,92,19093,23870,28082,20836,2131,4928,49111,38832,0,0,942,31,296,3579,25615,9128,4669,26,286,37167,17907,2,35,0,0,0,0,0
923,12006,923.1863549391849,99682,292,173,219,97,84656,48505,1.3358580285307278,183,100,19194,23923,27995,20790,2116,4916,49111,38832,0,0,942,31,296,3580,25626,9143,4665,26,298,37144,17894,2,35,0,0,0,0,0
924,12006,924.198258482723,99682,307,174,219,97,84699,48529,1.3365301659276498,178,95,19281,24008,27905,20735,2109,4890,49111,38832,0,0,940,31,296,3582,25637,9153,4661,28,307,37125,17885,2,35,0,0,0,0,0
925,12006,925.2131409791477,99682,308,160,219,97,84746,48544,1.337152143817339,173,112,19360,24089,27835,20671,2104,4870,49111,38832,0,0,934,31,296,3584,25637,9180,4657,34,316,37100,17876,2,35,0,0,0,0,0
926,12006,926.230518330374,99682,308,172,219,97,84794,48571,1.3379045364258342,182,111,19432,24165,27764,20600,2094,4854,49111,38832,0,0,933,31,296,3582,25645,9200,4653,35,324,37078,17868,2,35,0,0,0,0,0
927,12006,927.2503722427003,99682,304,173,219,97,84831,48592,1.338486386709737,188,125,19520,24243,27687,20530,2081,4831,49111,38832,0,0,933,31,296,3582,25663,9213,4648,35,334,37052,17858,2,35,0,0,0,0,0
928,12006,928.2729692757795,99682,296,178,219,97,84872,48627,1.3392488112196785,191,119,19603,24311,27614,20488,2076,4806,49111,38832,0,0,933,31,296,3586,25685,9226,4642,35,350,37019,17842,2,35,0,0,0,0,0
929,12006,929.2984343487493,99682,297,181,219,97,84917,48658,1.34001123572962,189,111,19689,24391,27537,20433,2068,4786,49111,38832,0,0,931,31,296,3587,25704,9241,4638,37,362,36989,17829,2,35,0,0,0,0,0
930,12006,930.326472562468,99682,280,194,219,97,84956,48692,1.340743564535222,201,114,19748,24460,27492,20362,2059,4772,49111,38832,1,1,929,31,296,3586,25708,9261,4635,39,383,36968,17807,2,35,0,1,0,0,1
931,12006,931.0129469178884,99682,291,197,219,97,84992,48714,1.3413254148191247,195,106,19814,24511,27427,20328,2053,4760,49111,38832,2,2,926,31,296,3590,25716,9269,4632,41,394,36950,17796,2,35,0,3,0,0,1
932,12006,932.0449658402937,99682,304,199,219,97,85051,48737,1.342148030737746,181,109,19906,24568,27349,20281,2040,4745,49111,38832,3,3,926,31,296,3591,25737,9281,4628,41,409,36919,17781,2,35,0,4,0,0,1
933,12006,933.0802368971443,99681,306,195,219,98,85089,48761,1.3427834792989637,187,120,19990,24636,27269,20220,2028,4730,49111,38832,4,4,926,31,296,3587,25749,9294,4625,41,427,36900,17762,2,35,0,5,0,0,1
934,12006,934.1183354551827,99680,313,202,220,98,85137,48795,1.3436195826645265,183,118,20077,24698,27186,20173,2020,4710,49111,38832,6,5,925,31,296,3592,25765,9307,4617,42,440,36872,17748,2,35,0,7,0,0,1
935,12006,935.1593495444253,99680,307,198,220,98,85187,48822,1.3443920545746388,179,120,20143,24761,27137,20125,2013,4697,49111,38832,9,6,924,31,295,3594,25771,9336,4612,43,455,36840,17732,2,35,0,8,0,0,2
936,12006,936.2027466752136,99680,308,195,220,98,85230,48849,1.34509430176565,168,118,20245,24842,27054,20071,2004,4675,49111,38832,13,7,923,31,295,3593,25782,9357,4609,44,470,36810,17715,2,35,0,10,0,0,4
937,12006,937.2493119130185,99680,318,190,220,98,85276,48874,1.34580658105939,179,128,20312,24929,26977,20003,1993,4651,49111,38832,18,8,922,31,294,3593,25794,9375,4606,45,479,36784,17702,2,35,0,10,0,0,8
938,12006,938.2988102329645,99680,311,182,220,98,85317,48903,1.3465088282504012,185,124,20411,25012,26889,19947,1983,4636,49111,38832,25,9,921,31,294,3589,25804,9399,4601,46,495,36754,17685,2,35,0,15,0,0,9
939,12006,939.0002029915493,99680,305,185,220,98,85347,48930,1.347080658105939,184,124,20485,25060,26833,19901,1972,4631,49111,38832,33,10,920,31,294,3590,25809,9418,4599,47,506,36729,17672,2,35,0,17,0,1,10
940,12006,940.0552582340752,99680,303,194,220,98,85399,48970,1.3480036115569825,183,125,20565,25120,26765,19847,1963,4615,49111,38832,43,11,918,31,294,3592,25827,9438,4592,49,520,36693,17652,2,35,0,21,0,1,15
941,12006,941.1129753057448,99680,303,201,220,98,85444,49005,1.3488061797752808,190,130,20632,25186,26702,19774,1952,4610,49111,38832,55,12,917,31,293,3593,25827,9459,4588,50,541,36667,17628,2,35,0,30,0,1,18
942,12006,942.1729930279905,99680,312,218,220,98,85496,49047,1.3497491974317817,191,119,20699,25230,26639,19725,1938,4609,49111,38832,69,13,916,31,293,3592,25843,9476,4584,51,557,36635,17606,2,35,0,34,0,1,24
943,12006,943.2353935376342,99680,303,218,220,98,85544,49080,1.350561797752809,184,125,20800,25290,26566,19662,1926,4606,49111,38832,85,14,915,31,293,3589,25859,9499,4579,52,578,36597,17581,2,35,0,41,0,1,28
944,12006,944.3008187730702,99680,302,235,220,98,85585,49120,1.3513743980738362,183,108,20871,25340,26504,19610,1919,4608,49111,38832,104,15,915,31,293,3590,25859,9522,4576,51,595,36567,17558,2,35,0,51,0,2,33
945,12006,945.0124904063224,99680,302,228,220,98,85618,49138,1.3518860353130016,183,114,20919,25381,26456,19562,1919,4616,49111,38832,125,17,915,31,293,3593,25855,9550,4571,51,601,36538,17544,2,35,0,59,0,2,40
946,12006,946.0824263558213,99680,305,226,220,98,85657,49170,1.3525983146067415,205,120,21000,25420,26356,19522,1913,4613,49111,38832,149,19,914,31,293,3594,25872,9567,4568,52,618,36495,17519,2,35,0,70,0,2,48
947,12006,947.1558233221318,99680,303,221,220,98,85708,49203,1.353441011235955,198,125,21059,25471,26315,19464,1904,4620,49111,38832,176,21,912,31,293,3593,25875,9598,4564,54,641,36452,17487,2,35,0,85,0,2,56
948,12006,948.2314073950532,99680,306,219,220,98,85761,49240,1.354343900481541,189,115,21144,25528,26242,19421,1898,4618,49111,38832,206,23,910,31,293,3590,25891,9624,4561,56,659,36406,17455,2,35,0,96,0,3,68
949,12006,949.3097835814673,99680,310,217,220,98,85809,49277,1.3551966292134832,200,114,21237,25567,26144,19372,1888,4631,49111,38832,240,26,908,31,292,3591,25905,9647,4555,58,678,36359,17423,2,35,0,111,1,3,81
950,12006,950.0309727389683,99680,317,223,220,98,85850,49304,1.3558788121990368,195,113,21280,25580,26102,19333,1885,4652,49111,38832,277,29,908,31,292,3594,25906,9668,4552,58,692,36322,17392,2,35,0,127,1,3,97
951,12006,951.1150063441511,99679,330,231,220,99,85908,49335,1.3567852807512113,187,125,21332,25609,26051,19264,1879,4671,49111,38832,318,32,906,31,292,3591,25907,9694,4549,60,708,36281,17363,2,35,0,147,1,3,109
952,12006,952.2009398382636,99679,332,232,220,99,85964,49374,1.3577383400716299,179,121,21386,25656,26009,19202,1873,4689,49111,38832,363,36,904,31,290,3595,25927,9717,4542,62,730,36221,17325,2,35,0,168,2,4,124
953,12006,953.2888638763744,99678,328,217,221,99,86023,49405,1.3586548686771405,173,117,21467,25709,25948,19151,1862,4706,49111,38832,412,40,901,31,288,3598,25948,9744,4536,65,761,36151,17279,2,35,0,193,3,4,139
954,12006,954.0157176310762,99678,335,217,221,99,86059,49427,1.359236742310239,175,108,21520,25739,25891,19098,1857,4738,49111,38832,465,45,899,31,288,3595,25958,9758,4533,67,771,36104,17251,2,35,0,222,3,6,155
955,12006,955.1086972440141,99678,327,219,221,99,86104,49455,1.3599691005036216,180,124,21607,25780,25808,19014,1856,4763,49111,38832,522,50,897,31,288,3592,25963,9788,4528,69,787,36045,17219,2,35,0,254,3,6,171
956,12006,956.2048319893031,99678,320,227,221,99,86150,49491,1.3607917494331747,191,112,21664,25827,25753,18938,1850,4796,49111,38832,584,56,897,31,286,3588,25970,9819,4524,69,803,35989,17178,2,35,0,283,4,6,194
957,12006,957.3034783181796,99676,330,207,222,100,86208,49510,1.361591556643525,186,123,21741,25865,25672,18873,1848,4831,49111,38832,650,62,895,31,285,3589,25986,9841,4518,71,826,35925,17130,2,35,0,314,5,8,215
958,12006,958.037826471075,99676,307,216,222,100,86232,49538,1.3621132469200208,188,111,21793,25885,25640,18805,1849,4882,49111,38832,721,69,895,31,282,3591,25974,9881,4512,71,834,35868,17103,2,35,0,347,8,8,234
959,12006,959.1415821095129,99676,318,212,222,100,86284,49564,1.3628957823347647,184,115,21860,25910,25560,18729,1855,4933,49111,38832,797,77,894,31,280,3590,25971,9915,4509,72,851,35800,17066,2,35,0,389,9,9,253
960,12006,960.2486027536854,99676,316,226,222,100,86337,49598,1.3637686102973634,183,116,21934,25941,25490,18624,1854,4992,49111,38832,878,86,893,31,280,3593,25958,9955,4504,73,864,35729,17028,2,35,0,435,9,9,278
961,12006,961.3588205737941,99676,319,206,222,100,86392,49623,1.3645712107227417,176,134,22002,25963,25424,18553,1856,5043,49111,38832,964,95,892,31,279,3597,25948,10003,4496,74,887,35657,16980,2,35,0,473,10,10,302
962,12006,962.100623923546,99676,313,219,222,100,86426,49651,1.3651932260524098,167,127,22060,25962,25378,18487,1859,5104,49111,38832,1055,105,892,31,279,3596,25936,10038,4495,74,903,35595,16935,2,35,0,514,10,10,331
963,12006,963.2154392791476,99675,304,216,222,101,86470,49689,1.3660295961876097,178,116,22114,25977,25316,18420,1865,5169,49111,38832,1151,116,891,31,277,3592,25931,10080,4492,75,923,35518,16880,2,35,0,563,10,11,364
964,12006,964.3334138651655,99674,319,213,222,102,86520,49720,1.3668559503982984,181,121,22167,25978,25245,18341,1865,5244,49111,38832,1252,128,890,31,276,3592,25914,10123,4489,76,935,35447,16828,2,35,0,611,11,15,399
965,12006,965.0802956408049,99674,319,214,222,102,86557,49746,1.367488010915585,174,126,22190,25962,25222,18262,1872,5333,49111,38832,1359,141,888,31,276,3592,25902,10162,4484,78,943,35370,16781,2,34,0,668,11,17,435
966,12006,966.2025038056752,99674,317,217,222,102,86614,49786,1.3684611834580733,154,118,22273,25970,25154,18190,1879,5402,49111,38832,1471,155,886,31,275,3594,25900,10208,4477,80,960,35273,16728,2,33,0,729,11,18,469
967,12006,967.3277153660252,99673,300,217,223,102,86658,49819,1.369247439125942,162,118,22334,25993,25092,18091,1888,5478,49111,38832,1589,170,885,31,274,3595,25894,10260,4468,81,973,35179,16682,2,33,0,785,11,19,501
968,12006,968.0793823122066,99673,295,216,223,102,86688,49839,1.369749079489932,165,119,22380,25969,25040,18015,1896,5578,49111,38832,1712,186,885,31,274,3591,25869,10309,4468,81,982,35105,16629,2,33,0,840,11,21,542
969,12006,969.2096516427061,99673,295,221,223,102,86739,49876,1.3706319665305549,162,124,22450,25969,24966,17901,1903,5682,49111,38832,1841,203,882,31,274,3598,25836,10371,4460,84,995,35005,16587,2,33,0,913,11,23,568
970,12006,970.3436105299809,99673,293,216,223,102,86781,49904,1.3713342630401413,169,123,22537,25974,24869,17801,1908,5783,49111,38832,1976,221,882,30,273,3601,25828,10416,4451,84,1009,34912,16524,2,32,1,976,12,24,616
971,12006,971.1018186621003,99673,301,210,223,102,86821,49926,1.3719562970914891,160,116,22580,25948,24814,17724,1921,5899,49111,38832,2116,241,882,30,273,3605,25797,10470,4446,84,1021,34817,16472,2,32,1,1050,12,25,654
972,12006,972.2424599373998,99673,279,218,223,102,86861,49966,1.3727589216738736,158,116,22649,25941,24762,17617,1928,6005,49111,38832,2262,262,880,30,272,3602,25783,10525,4441,86,1037,34712,16401,2,32,1,1123,12,28,706
973,12006,973.0045064806535,99673,283,217,223,102,86894,49987,1.3733006932669831,151,120,22688,25884,24713,17550,1941,6126,49111,38832,2413,284,879,30,272,3604,25756,10577,4437,87,1046,34624,16339,2,32,1,1189,12,31,755
974,12006,974.1501567211229,99672,277,217,224,102,86940,50015,1.3740569066538246,148,124,22752,25862,24646,17449,1952,6245,49111,38832,2570,308,879,30,270,3611,25744,10622,4427,87,1065,34521,16261,2,32,1,1263,13,32,812
975,12006,975.2990991805995,99671,274,209,224,103,86978,50054,1.3748432342406518,179,115,22827,25836,24530,17366,1965,6370,49111,38832,2733,333,878,30,270,3613,25717,10689,4422,88,1073,34398,16204,2,32,1,1349,13,37,855
976,12006,976.0676845424404,99671,286,202,224,103,87018,50076,1.3754652807737455,175,110,22847,25796,24484,17290,1983,6498,49111,38832,2901,360,878,30,269,3612,25680,10748,4421,88,1088,34304,16133,2,31,1,1424,14,40,908
977,12006,977.223845000876,99671,303,207,224,103,87085,50107,1.376448515616378,151,100,22908,25792,24406,17162,2007,6635,49111,38832,3075,389,877,30,268,3611,25632,10824,4416,89,1100,34196,16071,2,31,1,1513,14,44,952
978,12006,978.3835649509645,99671,303,193,224,103,87132,50138,1.3772310902870444,155,99,22971,25764,24314,17073,2032,6767,49111,38832,3254,419,876,30,266,3613,25613,10884,4411,90,1117,34064,15996,2,31,1,1609,16,49,1003
979,12006,979.1591915581104,99671,298,193,224,103,87160,50159,1.3777227077083605,149,98,23011,25719,24261,16974,2056,6912,49111,38832,3439,451,875,30,265,3615,25576,10942,4407,91,1122,33954,15929,2,31,1,1702,16,54,1059
980,12006,980.3266625180148,99671,304,177,224,103,87200,50183,1.378364820258651,148,108,23098,25682,24149,16875,2076,7054,49111,38832,3629,485,875,30,264,3617,25551,11002,4402,91,1135,33828,15848,2,31,1,1799,17,61,1117
981,12006,981.1077819118032,99671,295,178,224,103,87238,50204,1.37895676776595,149,109,23134,25642,24094,16758,2103,7209,49111,38832,3824,521,873,30,264,3617,25508,11072,4398,93,1143,33711,15770,2,30,1,1895,17,65,1182
982,12006,982.2833204461942,99671,281,181,224,103,87279,50235,1.3796791443850267,153,104,23210,25601,24003,16646,2128,7364,49111,38832,4024,558,872,30,261,3618,25468,11149,4393,94,1154,33573,15705,2,29,1,2004,18,69,1231
983,12006,983.0692596447893,99671,288,171,224,103,87317,50246,1.3801707618063428,161,112,23233,25549,23928,16527,2165,7537,49111,38832,4229,597,872,30,261,3614,25420,11221,4389,94,1156,33441,15648,2,29,1,2122,18,73,1280
984,12006,984.2525767379774,99671,282,179,224,103,87359,50283,1.3809633694856076,168,104,23303,25488,23826,16427,2196,7698,49111,38832,4439,638,872,29,261,3611,25384,11292,4384,94,1164,33297,15569,2,29,1,2240,18,77,1347
985,12006,985.0443102690484,99671,282,188,224,103,87394,50306,1.3815452839843083,161,109,23329,25400,23776,16320,2227,7879,49111,38832,4654,681,869,29,258,3611,25342,11352,4382,97,1173,33156,15495,2,29,1,2365,21,80,1409
986,12006,986.2354726268345,99671,284,195,224,103,87444,50344,1.3824281887409577,171,104,23394,25355,23670,16197,2256,8045,49111,38832,4874,726,869,29,257,3614,25284,11444,4375,97,1185,33019,15415,2,29,1,2472,22,85,1472
987,12006,987.0323812704972,99670,304,183,225,103,87487,50359,1.3830239791311327,164,118,23431,25278,23584,16087,2291,8230,49111,38832,5098,774,869,29,257,3614,25230,11519,4372,97,1193,32876,15339,2,29,1,2596,22,91,1534
988,12006,988.2323385898226,99670,296,183,225,103,87534,50391,1.383816594762717,173,105,23457,25241,23523,15971,2325,8396,49111,38832,5326,824,868,29,255,3612,25175,11616,4368,98,1208,32728,15254,2,29,1,2709,24,93,1601
989,12006,989.034292515137,99670,313,177,225,103,87585,50410,1.3845189124109563,163,99,23472,25165,23463,15875,2363,8580,49111,38832,5559,876,868,29,252,3608,25144,11681,4367,98,1214,32569,15167,2,28,2,2839,27,100,1675
990,12006,990.2397609928014,99670,312,188,225,103,87633,50438,1.3852814287147588,169,91,23523,25126,23362,15726,2408,8765,49111,38832,5796,930,868,29,251,3609,25088,11770,4362,98,1214,32429,15081,2,28,2,2952,28,108,1751
991,12006,991.0421994271046,99669,310,181,226,103,87669,50456,1.38583712087008,175,85,23544,25054,23286,15609,2458,8967,49111,38832,6036,987,866,29,251,3613,25041,11849,4355,100,1216,32268,15004,2,28,2,3083,28,114,1820
992,12006,992.2444382426324,99669,330,181,226,103,87730,50488,1.3867702093930911,154,86,23593,24995,23192,15475,2504,9159,49111,38832,6280,1046,865,29,251,3613,24989,11934,4350,101,1226,32110,14915,2,28,2,3215,28,124,1887
993,12006,993.0443341886538,99669,325,181,226,103,87766,50508,1.3873320691488829,152,81,23606,24923,23129,15358,2561,9353,49111,38832,6528,1108,864,28,250,3615,24925,12024,4347,101,1230,31947,14843,2,28,2,3356,28,130,1949
994,12006,994.2433088560534,99669,298,173,226,103,87811,50532,1.3880243606336975,159,82,23658,24875,23050,15225,2608,9541,49111,38832,6779,1172,864,28,248,3609,24889,12110,4344,101,1237,31772,14745,2,27,2,3492,30,138,2031
995,12006,995.0414169605791,99669,302,170,226,103,87850,50545,1.3885460875497897,154,82,23665,24799,22986,15103,2666,9742,49111,38832,7033,1239,864,28,248,3610,24825,12196,4340,101,1242,31628,14645,2,26,3,3617,30,144,2120
996,12006,996.2377207778753,99669,313,159,226,103,87907,50571,1.3893788439735524,155,93,23685,24720,22897,14994,2723,9930,49111,38832,7290,1308,864,28,247,3610,24767,12293,4336,101,1252,31458,14544,2,26,3,3753,30,149,2206
997,12006,997.0346375207721,99669,302,173,226,103,87930,50601,1.3899106040995697,173,89,23710,24622,22814,14871,2774,10141,49111,38832,7550,1380,864,28,246,3608,24699,12386,4336,101,1254,31299,14454,2,26,3,3889,31,155,2288
998,12006,998.2285239496842,99669,309,162,226,103,87980,50622,1.390622962004234,178,84,23734,24549,22719,14755,2833,10346,49111,38832,7812,1454,862,28,244,3610,24638,12480,4328,103,1258,31133,14363,2,26,3,4029,33,165,2364
999,12006,999.0236140744157,99669,310,155,226,103,88020,50642,1.391224954599725,169,77,23741,24446,22657,14651,2896,10567,49111,38832,8077,1531,862,28,244,3606,24572,12580,4326,103,1266,30966,14258,2,26,3,4169,33,170,2455
1000,12006,1000.2158725693259,99669,323,151,226,103,88077,50667,1.3920476778135629,160,81,23778,24370,22560,14528,2952,10766,49111,38832,8344,1611,861,28,241,3609,24498,12685,4322,104,1274,30790,14166,2,26,3,4316,35,176,2533
1001,12006,1001.009722359105,99669,319,156,226,103,88102,50691,1.3925393050998807,154,76,23800,24262,22473,14416,3027,10986,49111,38832,8613,1693,860,28,239,3611,24404,12798,4319,105,1280,30627,14087,2,26,3,4461,37,182,2600
1002,12006,1002.1993625709589,99669,304,152,226,103,88150,50713,1.3932416297946202,158,79,23835,24167,22381,14320,3095,11178,49111,38832,8883,1778,859,28,239,3608,24336,12907,4311,106,1284,30451,13991,2,26,3,4609,37,193,2679
1003,12006,1003.3871934380566,99669,309,148,226,103,88207,50734,1.3940242201687585,148,95,23867,24114,22290,14161,3159,11378,49111,38832,9155,1866,858,28,239,3612,24267,13009,4304,107,1293,30249,13906,2,26,3,4781,37,203,2745
1004,12006,1004.1782296412528,99669,305,147,226,103,88238,50752,1.3945158474550763,153,92,23852,24021,22227,14040,3236,11596,49111,38832,9428,1957,855,27,235,3612,24197,13105,4302,110,1298,30071,13814,2,26,3,4937,41,210,2824
1005,12006,1005.3648444218854,99669,306,150,226,103,88279,50787,1.395278371409365,148,88,23888,23946,22120,13919,3311,11793,49111,38832,9703,2050,853,27,235,3612,24114,13218,4298,112,1308,29896,13709,2,26,3,5086,41,217,2912
1006,12006,1006.1551111477295,99668,299,162,226,104,88309,50812,1.3958442027531404,141,76,23902,23851,22033,13781,3398,12025,49111,38832,9978,2146,851,27,235,3611,24030,13321,4295,114,1308,29706,13628,2,25,4,5261,41,224,2985
1007,12006,1007.3395487410976,99668,284,152,226,104,88352,50836,1.3965164345627483,130,69,23931,23783,21951,13657,3477,12234,49111,38832,10254,2245,850,27,234,3610,23951,13444,4291,115,1310,29507,13544,2,25,4,5423,42,236,3053
1008,12006,1008.1286900054766,99668,285,149,226,104,88384,50850,1.3969779668499418,123,67,23946,23679,21858,13546,3561,12454,49111,38832,10531,2347,850,27,233,3610,23845,13566,4290,115,1309,29347,13453,2,25,4,5569,42,248,3133
1009,12006,1009.3116244331084,99668,268,140,226,104,88415,50868,1.3974695990689088,128,75,23981,23606,21755,13429,3641,12645,49111,38832,10808,2452,847,27,232,3609,23765,13680,4286,118,1310,29155,13362,2,24,5,5734,43,260,3209
1010,12006,1010.0993595089433,99668,265,135,226,104,88439,50877,1.3978006983184172,134,80,23983,23503,21657,13302,3734,12875,49111,38832,11085,2560,847,27,229,3607,23686,13781,4284,118,1308,28988,13266,2,24,5,5884,46,269,3297
1011,12006,1011.2807652274668,99668,262,132,226,104,88475,50898,1.3983725970221135,138,88,23991,23440,21554,13158,3828,13077,49111,38832,11362,2670,846,26,228,3605,23585,13905,4282,119,1311,28816,13172,2,24,5,6038,47,280,3377
1012,12006,1012.0679751735448,99668,263,128,226,104,88503,50916,1.398834129309307,131,89,23990,23326,21455,13041,3934,13311,49111,38832,11639,2783,845,26,227,3601,23480,14029,4279,120,1312,28652,13083,2,23,6,6191,48,291,3453
1013,12006,1013.2488286669276,99668,251,143,226,104,88542,50949,1.3995565276718707,136,83,23987,23255,21373,12903,4026,13511,49111,38832,11916,2899,845,26,225,3601,23389,14149,4274,119,1316,28470,12989,2,23,6,6350,50,299,3535
1014,12006,1014.0361318423174,99667,246,144,227,104,88564,50963,1.3999317728034355,151,86,23966,23161,21288,12775,4121,13729,49111,38832,12193,3018,845,26,223,3602,23289,14266,4273,119,1314,28285,12900,2,23,6,6517,52,308,3617
1015,12006,1015.2178523318382,99667,239,146,227,104,88601,50995,1.4006240781803405,154,83,23995,23094,21171,12650,4213,13922,49111,38832,12469,3140,845,26,222,3603,23211,14384,4267,119,1317,28089,12802,2,22,7,6681,52,316,3702
1016,12006,1016.0050729324552,99667,252,144,227,104,88635,51011,1.4011257487433153,145,82,23979,22971,21072,12559,4324,14139,49111,38832,12744,3264,844,26,221,3606,23125,14484,4261,120,1320,27923,12691,2,22,7,6836,53,323,3803
1017,12006,1017.186411536231,99667,248,152,227,104,88680,51042,1.4018882879990369,141,75,23999,22885,20962,12439,4422,14344,49111,38832,13018,3391,843,26,220,3609,23026,14606,4255,121,1318,27741,12597,2,22,7,6999,54,336,3885
1018,12006,1018.3667031805215,99667,256,148,227,104,88719,51066,1.402520392908385,133,79,24008,22788,20845,12342,4530,14538,49111,38832,13291,3521,843,26,220,3611,22954,14703,4253,121,1318,27548,12484,2,22,7,7168,54,353,3980
1019,12006,1019.153244833897,99667,252,146,227,104,88746,51081,1.4029417961812838,142,81,23980,22682,20753,12231,4645,14755,49111,38832,13563,3653,843,26,215,3613,22860,14814,4251,121,1320,27374,12379,2,21,8,7325,59,366,4070
1020,12006,1020.3342939956048,99667,251,145,227,104,88781,51110,1.4035839345018912,158,72,23984,22604,20623,12121,4756,14953,49111,38832,13834,3788,842,26,211,3614,22778,14930,4248,122,1327,27179,12276,2,21,8,7489,63,375,4156
1021,12006,1021.1215590759442,99667,251,135,227,104,88808,51118,1.4039351038959735,162,77,23940,22506,20544,11998,4875,15179,49111,38832,14103,3926,839,26,211,3616,22682,15043,4245,125,1334,26981,12195,2,21,8,7671,63,383,4222
1022,12006,1022.3042691368711,99667,255,131,227,104,88851,51146,1.4046474760953978,158,77,23952,22440,20423,11891,4984,15356,49111,38832,14370,4066,839,26,210,3615,22587,15168,4242,125,1339,26803,12095,2,21,8,7824,64,394,4305
1023,12006,1023.0924338129132,99667,259,135,227,104,88878,51164,1.405098979602075,160,75,23934,22342,20310,11773,5109,15570,49111,38832,14636,4209,838,26,209,3614,22475,15294,4239,126,1336,26632,12015,2,21,8,7987,64,403,4378
1024,12006,1024.275712141494,99667,260,122,227,104,88925,51178,1.405711017688904,156,87,23916,22298,20219,11633,5221,15755,49111,38832,14900,4354,838,26,208,3614,22380,15421,4233,126,1331,26443,11930,2,21,8,8151,65,423,4447
1025,12006,1025.0649508825647,99667,256,124,227,104,88954,51191,1.406132420961803,148,89,23888,22218,20135,11517,5345,15947,49111,38832,15162,4502,838,26,206,3617,22286,15536,4230,126,1333,26280,11824,2,21,8,8294,67,430,4543
1026,12006,1026.250476102785,99667,248,125,227,104,88992,51216,1.406764525871151,143,94,23882,22153,20034,11402,5465,16121,49111,38832,15422,4652,838,26,205,3619,22192,15662,4225,126,1339,26081,11735,2,20,9,8464,68,438,4618
1027,12006,1027.0409414998737,99667,250,134,227,104,89022,51233,1.4072360962003472,139,97,23841,22065,19944,11298,5598,16301,49111,38832,15680,4804,837,26,204,3617,22084,15782,4224,127,1335,25894,11647,2,20,9,8642,69,447,4701
1028,12006,1028.2288812646314,99667,252,134,227,104,89066,51260,1.4079484683997712,139,95,23833,22007,19836,11191,5712,16468,49111,38832,15936,4959,835,26,202,3623,21994,15900,4216,129,1336,25688,11563,2,19,10,8824,71,458,4771
1029,12006,1029.0207835956508,99667,249,139,227,104,89088,51276,1.408329738027632,144,93,23797,21933,19733,11076,5849,16654,49111,38832,16189,5116,835,26,200,3623,21885,16024,4213,129,1332,25505,11481,2,19,10,8995,73,467,4848
1030,12006,1030.2105320283888,99667,254,152,227,104,89132,51306,1.4090722104608346,136,83,23818,21868,19586,10970,5978,16822,49111,38832,16440,5275,833,26,197,3622,21770,16163,4211,131,1334,25334,11391,2,19,10,9146,75,474,4929
1031,12006,1031.0032249314518,99667,243,150,227,104,89152,51320,1.4094133464436573,147,82,23790,21780,19476,10869,6116,17014,49111,38832,16689,5436,833,26,197,3624,21658,16287,4208,131,1331,25162,11304,2,19,10,9308,75,488,5004
1032,12006,1032.1936414173654,99667,235,159,227,104,89188,51347,1.4100454513530054,141,85,23794,21713,19348,10764,6254,17174,49111,38832,16935,5599,833,26,194,3625,21554,16421,4204,131,1329,24977,11220,2,18,11,9469,77,497,5079
1033,12006,1033.3838847094967,99667,249,179,227,104,89248,51386,1.4110387590676954,124,71,23774,21654,19229,10662,6396,17329,49111,38832,17179,5764,832,26,194,3626,21447,16556,4201,132,1330,24802,11118,2,18,11,9619,77,508,5168
1034,12006,1034.1777753724587,99667,250,174,227,104,89272,51402,1.4114400955180753,136,75,23749,21564,19099,10575,6538,17507,49111,38832,17420,5931,831,26,193,3626,21335,16688,4199,133,1330,24641,11028,2,18,11,9764,77,519,5246
1035,12006,1035.370218695819,99667,265,169,227,104,89316,51426,1.4121223674837209,147,78,23730,21538,18970,10467,6660,17643,49111,38832,17658,6099,830,26,192,3623,21246,16807,4198,134,1326,24446,10945,2,18,11,9934,78,534,5317
1036,12006,1036.165241018667,99667,277,158,227,104,89352,51440,1.4126240380466955,136,88,23694,21475,18860,10376,6805,17798,49111,38832,17894,6269,830,26,192,3625,21132,16945,4195,134,1322,24266,10869,2,18,11,10091,78,548,5383
1037,12006,1037.3599896210762,99667,258,170,227,104,89393,51471,1.413346443657379,132,92,23661,21418,18766,10266,6955,17949,49111,38832,18127,6441,829,26,190,3626,21014,17090,4189,135,1323,24090,10798,2,18,11,10245,80,562,5439
1038,12006,1038.157350319177,99667,269,167,227,104,89424,51485,1.4137979471640563,120,96,23617,21340,18659,10182,7107,18110,49111,38832,18357,6614,828,26,189,3625,20916,17206,4188,136,1316,23921,10711,2,18,11,10400,81,576,5517
1039,12006,1039.3559403344084,99667,259,175,227,104,89456,51518,1.4144501188959233,129,86,23608,21305,18535,10093,7241,18236,49111,38832,18584,6789,828,26,186,3623,20819,17335,4183,135,1319,23736,10634,2,18,11,10563,84,585,5580
1040,12006,1040.1553041522789,99667,242,170,227,104,89475,51532,1.4147812214674866,148,90,23549,21243,18445,9998,7388,18394,49111,38832,18809,6965,826,26,185,3623,20697,17479,4179,137,1316,23579,10552,2,18,11,10702,85,597,5653
1041,12006,1041.3573228769244,99667,242,172,227,104,89516,51556,1.415433393199354,151,88,23534,21205,18316,9901,7529,18529,49111,38832,19031,7142,826,26,185,3623,20591,17611,4176,137,1316,23392,10483,2,18,11,10866,85,612,5707
1042,12006,1042.159179507186,99667,250,170,227,104,89546,51574,1.4159149969398095,153,79,23490,21137,18197,9833,7682,18676,49111,38832,19250,7321,826,26,183,3623,20492,17729,4175,137,1304,23227,10394,2,18,11,11014,87,629,5790
1043,12006,1043.364194269898,99667,260,171,227,104,89597,51596,1.4166474359617527,139,80,23475,21101,18082,9749,7816,18794,49111,38832,19466,7501,826,26,183,3624,20395,17856,4170,137,1302,23048,10316,2,18,11,11169,87,637,5860
1044,12006,1044.1679423964063,99667,271,172,227,104,89632,51613,1.4171691733472462,127,80,23459,21013,17944,9671,7971,18959,49111,38832,19679,7682,826,26,180,3627,20282,17986,4166,137,1294,22878,10251,2,18,11,11323,90,654,5916
1045,12006,1045.3747810130044,99667,261,171,227,104,89670,51638,1.4178012782565945,142,72,23423,20985,17845,9589,8101,19078,49111,38832,19889,7864,823,26,175,3631,20184,18122,4158,139,1299,22693,10181,2,18,11,11476,94,659,5976
1046,12006,1046.1802498921386,99667,263,159,227,104,89702,51653,1.4182728485857907,146,72,23368,20931,17748,9532,8247,19201,49111,38832,20096,8046,822,26,174,3632,20074,18257,4156,140,1298,22519,10103,2,18,11,11627,95,669,6044
1047,12006,1047.3912005306197,99667,275,155,227,104,89759,51678,1.4190955883090692,145,74,23357,20899,17610,9463,8385,19304,49111,38832,20300,8229,821,26,173,3633,19975,18382,4153,141,1301,22355,10018,2,18,11,11767,96,687,6108
1048,12006,1048.198884495651,99667,279,155,227,104,89791,51689,1.4195270249932275,152,85,23305,20846,17506,9377,8530,19432,49111,38832,20502,8413,821,26,172,3636,19867,18503,4148,141,1297,22201,9946,2,18,11,11910,97,697,6174
1049,12006,1049.0082947391936,99666,273,158,227,105,89823,51709,1.4200630104549194,143,79,23268,20815,17405,9296,8683,19546,49111,38832,20701,8597,820,26,170,3632,19763,18631,4147,142,1286,22028,9877,2,18,11,12067,99,712,6235
1050,12006,1050.2248656527804,99666,281,149,227,105,89875,51732,1.4208155238496578,134,84,23261,20775,17273,9225,8823,19661,49111,38832,20897,8782,820,26,167,3629,19668,18763,4146,142,1285,21855,9811,2,18,11,12208,102,730,6283
1051,12006,1051.0361851784694,99666,273,146,227,105,89901,51750,1.421256998374571,137,94,23219,20717,17169,9157,8974,19780,49111,38832,21090,8967,820,26,167,3630,19557,18896,4141,142,1288,21705,9737,2,18,11,12340,102,739,6345
1052,12006,1052.2550413775305,99666,260,157,227,105,89937,51780,1.421919210161941,140,81,23204,20703,17060,9087,9108,19866,49111,38832,21280,9152,819,26,166,3628,19459,19025,4138,143,1285,21549,9664,2,18,11,12472,102,754,6405
1053,12006,1053.0680447539494,99665,262,142,228,105,89971,51792,1.4223950233281493,127,84,23155,20656,16956,9031,9271,19981,49111,38832,21467,9338,818,26,165,3628,19347,19160,4135,143,1279,21396,9590,2,18,11,12605,103,771,6468
1054,12006,1054.2906311793313,99665,259,147,228,105,90016,51821,1.4231375106607134,118,78,23137,20633,16851,8966,9406,20070,49111,38832,21651,9524,817,26,164,3624,19231,19304,4135,144,1277,21251,9516,2,18,11,12726,104,790,6525
1055,12006,1055.106460656358,99665,255,143,228,105,90046,51837,1.4235990568404153,107,82,23098,20591,16755,8902,9556,20176,49111,38832,21832,9710,817,25,163,3627,19133,19424,4131,144,1276,21084,9460,2,18,11,12874,105,803,6568
1056,12006,1056.3325230258065,99664,241,148,229,105,90075,51862,1.4241551613421095,116,78,23103,20572,16626,8830,9684,20266,49111,38832,22011,9896,817,25,159,3630,19038,19547,4124,144,1270,20929,9394,2,18,11,13007,107,817,6625
1057,12006,1057.1500466344726,99663,240,150,230,105,90099,51876,1.4245507359802534,131,84,23049,20547,16520,8751,9829,20362,49111,38832,22187,10082,817,25,159,3628,18930,19668,4123,144,1262,20799,9321,2,18,11,13126,107,831,6692
1058,12006,1058.3787029084883,99663,252,151,230,105,90140,51899,1.4251929000732468,127,80,23045,20573,16390,8668,9955,20422,49111,38832,22360,10268,815,25,158,3627,18809,19816,4120,146,1262,20652,9260,2,18,11,13251,108,837,6746
1059,12006,1059.1977607747694,99663,244,152,230,105,90159,51915,1.4255440835616027,131,81,23010,20532,16289,8597,10095,20532,49111,38832,22530,10453,814,25,155,3628,18714,19932,4117,146,1262,20502,9187,2,18,11,13385,109,844,6812
1060,12006,1060.0180388114336,99663,244,158,230,105,90193,51933,1.4260658418871597,126,84,22966,20479,16186,8534,10247,20639,49111,38832,22698,10638,813,25,154,3628,18631,20038,4113,147,1254,20361,9113,2,18,11,13507,110,858,6880
1061,12006,1061.2506546166499,99663,254,176,230,105,90237,51969,1.4268685470034015,119,81,22964,20490,16056,8450,10376,20697,49111,38832,22863,10822,811,25,152,3628,18534,20157,4110,149,1244,20223,9058,2,18,11,13627,112,875,6927
1062,12006,1062.072370092803,99662,257,165,231,105,90274,51989,1.4274547972145852,112,81,22908,20449,15972,8417,10519,20782,49111,38832,23025,11006,808,25,152,3633,18433,20283,4105,152,1247,20071,9001,2,17,12,13755,112,880,6974
1063,12006,1063.3082355758254,99662,242,156,231,105,90311,52014,1.4280768999217355,119,76,22901,20454,15858,8369,10648,20839,49111,38832,23185,11189,808,25,151,3629,18355,20405,4103,152,1239,19915,8935,2,16,12,13876,113,897,7029
1064,12006,1064.1325348874595,99662,235,157,231,105,90336,52032,1.428508358250888,113,78,22852,20416,15771,8319,10797,20924,49111,38832,23342,11372,808,25,151,3629,18247,20534,4100,152,1241,19788,8872,2,16,12,13985,113,906,7081
1065,12006,1065.3720286342555,99662,210,162,231,105,90360,52060,1.4290301218117236,133,81,22822,20419,15674,8251,10929,20981,49111,38832,23496,11554,803,25,151,3628,18149,20660,4095,157,1244,19650,8808,2,16,12,14102,113,915,7132
1066,12006,1066.1993044675137,99662,208,161,231,105,90385,52078,1.429461580140876,140,81,22772,20387,15569,8209,11079,21056,49111,38832,23648,11735,803,25,150,3630,18056,20772,4091,157,1243,19518,8747,2,16,12,14218,114,925,7183
1067,12006,1067.0283751338675,99662,216,159,231,105,90419,52100,1.4300234793602375,127,77,22745,20354,15466,8175,11214,21129,49111,38832,23797,11915,803,25,149,3629,17966,20886,4089,157,1244,19382,8685,2,15,13,14334,115,935,7233
1068,12006,1068.2736711745695,99662,207,157,231,105,90454,52123,1.430605446408862,121,69,22758,20378,15350,8117,11332,21173,49111,38832,23944,12095,802,25,149,3632,17878,21003,4083,158,1246,19231,8627,2,15,13,14461,115,942,7280
1069,12006,1069.10368544453,99662,199,154,231,105,90471,52133,1.4308763621039111,126,72,22714,20372,15266,8063,11463,21233,49111,38832,24088,12274,802,25,149,3629,17777,21121,4080,158,1235,19111,8579,2,15,13,14571,115,958,7322
1070,12006,1070.3506959574538,99662,207,158,231,105,90510,52159,1.4315285665549558,131,67,22681,20393,15163,8007,11586,21269,49111,38832,24230,12452,802,25,149,3627,17674,21248,4078,158,1235,18989,8522,2,15,13,14673,115,970,7367
1071,12006,1071.1830942551805,99662,201,155,231,105,90530,52170,1.4318396179085309,140,67,22631,20373,15070,7952,11726,21347,49111,38832,24369,12629,802,25,148,3626,17575,21364,4076,158,1229,18863,8474,2,15,13,14785,116,984,7407
1072,12006,1072.0172958761198,99662,201,151,231,105,90554,52186,1.432240974493789,135,80,22598,20365,14982,7900,11852,21398,49111,38832,24506,12804,801,25,148,3628,17479,21477,4071,159,1231,18749,8416,2,15,13,14885,116,993,7454
1073,12006,1073.2708888919813,99662,208,152,231,105,90592,52216,1.432923280688728,131,76,22581,20406,14883,7852,11965,21408,49111,38832,24641,12978,800,25,147,3628,17389,21588,4068,160,1228,18624,8358,2,15,13,14992,117,1011,7497
1074,12006,1074.1069368484505,99662,209,152,231,105,90622,52234,1.4334049085910376,129,68,22539,20400,14803,7804,12088,21470,49111,38832,24773,13151,799,25,147,3623,17308,21690,4065,161,1227,18503,8305,2,15,13,15102,117,1021,7539
1075,12006,1075.3640319335334,99662,208,148,231,105,90663,52254,1.4340169773835565,133,70,22527,20421,14701,7758,12199,21497,49111,38832,24903,13323,799,25,147,3620,17232,21798,4062,160,1226,18379,8250,2,15,13,15201,117,1033,7583
1076,12006,1076.2024002088529,99662,216,142,231,105,90692,52269,1.4344584696273404,134,68,22481,20424,14612,7721,12325,21539,49111,38832,25031,13494,799,25,147,3617,17159,21890,4060,160,1227,18244,8195,2,15,13,15323,117,1044,7625
1077,12006,1077.0421781780003,99662,216,132,231,105,90722,52282,1.4348899279564928,138,67,22448,20431,14518,7680,12448,21584,49111,38832,25157,13663,799,25,145,3617,17081,21990,4057,160,1228,18125,8138,2,15,13,15427,117,1052,7671
1078,12006,1078.3039211405894,99662,220,128,231,105,90762,52307,1.4355421324075375,135,66,22435,20465,14411,7639,12567,21596,49111,38832,25281,13831,797,25,144,3614,17001,22103,4053,162,1236,17994,8089,2,14,14,15534,117,1059,7704
1079,12006,1079.145463593347,99662,214,130,231,105,90789,52325,1.435993658565953,129,59,22379,20471,14347,7585,12699,21649,49111,38832,25402,13997,796,25,142,3617,16899,22224,4051,162,1236,17875,8049,2,14,14,15634,119,1069,7734
1080,12006,1080.4114203538106,99661,225,123,232,105,90836,52341,1.436640210312961,121,67,22385,20509,14242,7523,12794,21672,49111,38832,25521,14162,793,25,141,3616,16817,22335,4051,165,1240,17758,7993,2,14,14,15726,120,1076,7775
1081,12006,1081.2553458538887,99661,219,126,232,105,90862,52357,1.437061638956061,122,64,22365,20517,14142,7477,12919,21710,49111,38832,25638,14326,793,25,141,3615,16725,22442,4048,165,1240,17641,7945,2,14,14,15833,120,1083,7815
1082,12006,1082.1002490036847,99661,206,119,232,105,90880,52368,1.4373526254001063,125,64,22325,20532,14078,7437,13033,21742,49111,38832,25753,14488,791,25,140,3617,16649,22540,4044,167,1238,17521,7897,2,14,14,15936,119,1096,7851
1083,12006,1083.3697389850279,99661,201,124,232,105,90911,52390,1.4378844282116374,134,56,22298,20579,14005,7376,13129,21759,49111,38832,25866,14649,791,25,139,3617,16554,22657,4040,167,1238,17426,7851,2,14,14,16015,120,1107,7884
1084,12006,1084.216771633303,99661,212,128,232,105,90944,52406,1.4383760949619209,130,47,22250,20591,13924,7336,13251,21792,49111,38832,25977,14808,791,25,139,3616,16479,22749,4039,166,1236,17310,7807,2,14,14,16119,120,1113,7922
1085,12006,1085.0657510718972,99661,218,130,232,105,90975,52419,1.438817591635645,134,52,22226,20603,13843,7287,13346,21822,49111,38832,26086,14965,791,25,138,3614,16400,22842,4038,166,1232,17213,7762,2,14,14,16206,121,1125,7958
1086,12006,1086.3406357965578,99661,203,121,232,105,91006,52436,1.4392992243706164,142,54,22243,20642,13751,7254,13428,21823,49111,38832,26193,15121,787,25,137,3604,16331,22938,4036,170,1235,17103,7711,2,14,14,16302,122,1136,7994
1087,12006,1087.1901333618778,99661,223,115,232,105,91042,52445,1.4397507550596522,127,55,22232,20655,13652,7212,13533,21857,49111,38832,26299,15275,787,25,135,3604,16237,23042,4034,170,1237,17023,7669,2,14,14,16375,124,1143,8026
1088,12006,1088.0402770689586,99661,222,104,232,105,91066,52452,1.4400618095343214,133,55,22190,20672,13580,7176,13642,21887,49111,38832,26403,15428,787,25,134,3602,16172,23128,4033,170,1234,16917,7619,2,14,14,16463,125,1154,8068
1089,12006,1089.3171391101803,99661,221,100,232,105,91105,52464,1.4405735443152285,134,67,22193,20708,13505,7134,13714,21885,49111,38832,26505,15579,787,25,134,3608,16095,23230,4025,170,1233,16810,7588,2,14,14,16548,125,1159,8094
1090,12006,1090.1681827685109,99661,219,93,232,105,91132,52473,1.4409347688664573,122,68,22175,20716,13440,7102,13811,21915,49111,38832,26605,15728,786,25,132,3609,16017,23327,4021,171,1232,16726,7541,2,14,14,16617,127,1168,8132
1091,12006,1091.0202147240705,99661,213,87,232,105,91159,52485,1.4413260954636218,124,68,22136,20716,13387,7077,13907,21946,49111,38832,26703,15876,786,25,131,3613,15941,23422,4017,171,1232,16634,7488,2,14,14,16692,128,1176,8175
1092,12006,1092.3004490335945,99660,225,92,233,105,91197,52506,1.4419325707405177,131,73,22138,20749,13291,7040,13981,21940,49111,38832,26800,16022,784,25,131,3613,15874,23505,4016,172,1230,16532,7446,2,14,14,16780,128,1187,8207
1093,12006,1093.1539107802587,99660,222,96,233,105,91219,52524,1.442333935380293,130,76,22114,20745,13224,7010,14076,21967,49111,38832,26895,16166,784,25,131,3613,15821,23576,4014,172,1228,16433,7398,2,14,14,16864,128,1198,8245
1094,12006,1094.008359123929,99660,243,105,233,105,91262,52545,1.4429761188039334,115,69,22087,20777,13153,6968,14168,21975,49111,38832,26988,16308,783,25,131,3615,15750,23662,4010,173,1219,16344,7369,2,14,14,16940,128,1215,8266
